date,county,fips,population,confirmed_cases,reported_cases,probable_cases,reported_and_probable_cases,reported_deaths
2023-01-10,Alameda,001,1643700,371528,371533,21952,393485,2112
2023-01-10,Alpine,003,1148,139,139,4,143,0
2023-01-10,Amador,005,37829,10383,10384,962,11346,96
2023-01-10,Butte,007,227075,41228,41228,9970,51198,478
2023-01-10,Calaveras,009,45235,8878,8878,635,9513,138
2023-01-10,Colusa,011,21464,3917,3919,1325,5244,22
2023-01-10,Contra Costa,013,1133247,267209,267212,21974,289186,1505
2023-01-10,Del Norte,015,27424,7699,7700,444,8144,57
2023-01-10,El Dorado,017,186661,34153,34153,4480,38633,236
2023-01-10,Fresno,019,978130,287744,287748,33646,321394,2940
2023-01-10,Glenn,021,27897,5747,5747,1989,7736,58
2023-01-10,Humboldt,023,135768,22983,22986,5715,28701,166
2023-01-10,Imperial,025,180216,69017,69018,18476,87494,964
2023-01-10,Inyo,027,18085,4709,4709,1228,5937,62
2023-01-10,Kern,029,883053,226966,226971,69376,296347,2457
2023-01-10,Kings,031,150075,62044,62044,4367,66411,469
2023-01-10,Lake,033,64148,13448,13448,1279,14727,149
2023-01-10,Lassen,035,31185,10212,10212,1042,11254,66
2023-01-10,Los Angeles,037,10098052,3443586,3443850,209184,3653034,34651
2023-01-10,Madera,039,155013,45759,45761,8754,54515,377
2023-01-10,Marin,041,260295,48126,48130,5608,53738,317
2023-01-10,Mariposa,043,17540,3285,3285,391,3676,32
2023-01-10,Mendocino,045,87422,16682,16682,4748,21430,137
2023-01-10,Merced,047,269075,75249,75253,12512,87765,883
2023-01-10,Modoc,049,8938,946,946,364,1310,11
2023-01-10,Mono,051,14174,3299,3299,294,3593,8
2023-01-10,Monterey,053,433212,96873,96874,22452,119326,781
2023-01-10,Napa,055,140530,33807,33808,1506,35314,165
2023-01-10,Nevada,057,99092,19922,19927,2245,22172,132
2023-01-10,Orange,059,3164182,699880,699881,73628,773509,7723
2023-01-10,Placer,061,380077,79766,79766,10101,89867,671
2023-01-10,Plumas,063,18699,3804,3804,457,4261,13
2023-01-10,Riverside,065,2383286,725838,725898,40186,766084,6761
2023-01-10,Sacramento,067,1510023,365350,365352,36449,401801,3434
2023-01-10,San Benito,069,59416,17376,17378,1112,18490,115
2023-01-10,San Bernardino,071,2135413,701615,701674,34208,735882,8146
2023-01-10,San Diego,073,3302833,970800,970800,79310,1050110,5681
2023-01-10,San Francisco,075,870044,191757,191765,13041,204806,1123
2023-01-10,San Joaquin,077,732212,207030,207038,16413,223451,2378
2023-01-10,San Luis Obispo,079,281455,65501,65502,7928,73430,539
2023-01-10,San Mateo,081,765935,179316,179319,11167,190486,749
2023-01-10,Santa Barbara,083,443738,110537,110537,7477,118014,750
2023-01-10,Santa Clara,085,1922200,465976,465994,21211,487205,2601
2023-01-10,Santa Cruz,087,273765,67144,67144,3736,70880,276
2023-01-10,Shasta,089,179085,36179,36179,8195,44374,604
2023-01-10,Sierra,091,2930,311,311,61,372,5
2023-01-10,Siskiyou,093,43540,5384,5384,3418,8802,95
2023-01-10,Solano,095,438530,111688,111700,8369,120069,479
2023-01-10,Sonoma,097,501317,111948,111955,5696,117651,542
2023-01-10,Stanislaus,099,539301,143298,143318,22443,165761,1800
2023-01-10,Sutter,101,95872,25387,25392,2542,27934,237
2023-01-10,Tehama,103,63373,14320,14320,3361,17681,221
2023-01-10,Trinity,105,12862,1448,1448,489,1937,23
2023-01-10,Tulare,107,460477,126451,126451,39163,165614,1552
2023-01-10,Tuolumne,109,53932,16551,16552,993,17545,209
2023-01-10,Ventura,111,848112,218231,218234,17606,235840,1632
2023-01-10,Yolo,113,214977,49393,49393,4711,54104,433
2023-01-10,Yuba,115,75493,19800,19804,1824,21628,132
2023-01-09,Alameda,001,1643700,371528,369872,21952,391824,2098
2023-01-09,Alpine,003,1148,139,138,4,142,0
2023-01-09,Amador,005,37829,10383,10340,962,11302,96
2023-01-09,Butte,007,227075,41228,41102,9970,51072,478
2023-01-09,Calaveras,009,45235,8878,8852,635,9487,137
2023-01-09,Colusa,011,21464,3917,3911,1325,5236,22
2023-01-09,Contra Costa,013,1133247,267209,265846,21974,287820,1501
2023-01-09,Del Norte,015,27424,7699,7680,444,8124,57
2023-01-09,El Dorado,017,186661,34153,34009,4480,38489,236
2023-01-09,Fresno,019,978130,287744,286556,33646,320202,2924
2023-01-09,Glenn,021,27897,5747,5732,1989,7721,58
2023-01-09,Humboldt,023,135768,22983,22878,5715,28593,164
2023-01-09,Imperial,025,180216,69017,68809,18476,87285,964
2023-01-09,Inyo,027,18085,4709,4687,1228,5915,62
2023-01-09,Kern,029,883053,226966,226454,69376,295830,2450
2023-01-09,Kings,031,150075,62044,61886,4367,66253,466
2023-01-09,Lake,033,64148,13448,13363,1279,14642,149
2023-01-09,Lassen,035,31185,10212,10189,1042,11231,66
2023-01-09,Los Angeles,037,10098052,3443586,3434193,209184,3643377,34492
2023-01-09,Madera,039,155013,45759,45608,8754,54362,377
2023-01-09,Marin,041,260295,48126,47893,5608,53501,317
2023-01-09,Mariposa,043,17540,3285,3223,391,3614,32
2023-01-09,Mendocino,045,87422,16682,16582,4748,21330,137
2023-01-09,Merced,047,269075,75249,74969,12512,87481,883
2023-01-09,Modoc,049,8938,946,940,364,1304,11
2023-01-09,Mono,051,14174,3299,3284,294,3578,8
2023-01-09,Monterey,053,433212,96873,96607,22452,119059,778
2023-01-09,Napa,055,140530,33807,33666,1506,35172,164
2023-01-09,Nevada,057,99092,19922,19845,2245,22090,132
2023-01-09,Orange,059,3164182,699880,697391,73628,771019,7683
2023-01-09,Placer,061,380077,79766,79461,10101,89562,672
2023-01-09,Plumas,063,18699,3804,3798,457,4255,13
2023-01-09,Riverside,065,2383286,725838,723578,40186,763764,6748
2023-01-09,Sacramento,067,1510023,365350,364212,36449,400661,3422
2023-01-09,San Benito,069,59416,17376,17293,1112,18405,115
2023-01-09,San Bernardino,071,2135413,701615,699531,34208,733739,8143
2023-01-09,San Diego,073,3302833,970800,967383,79310,1046693,5662
2023-01-09,San Francisco,075,870044,191757,190940,13041,203981,1114
2023-01-09,San Joaquin,077,732212,207030,206280,16413,222693,2369
2023-01-09,San Luis Obispo,079,281455,65501,65166,7928,73094,539
2023-01-09,San Mateo,081,765935,179316,178472,11167,189639,749
2023-01-09,Santa Barbara,083,443738,110537,110007,7477,117484,748
2023-01-09,Santa Clara,085,1922200,465976,463958,21211,485169,2601
2023-01-09,Santa Cruz,087,273765,67144,66937,3736,70673,276
2023-01-09,Shasta,089,179085,36179,36083,8195,44278,602
2023-01-09,Sierra,091,2930,311,310,61,371,5
2023-01-09,Siskiyou,093,43540,5384,5373,3418,8791,95
2023-01-09,Solano,095,438530,111688,111243,8369,119612,478
2023-01-09,Sonoma,097,501317,111948,111530,5696,117226,537
2023-01-09,Stanislaus,099,539301,143298,142918,22443,165361,1801
2023-01-09,Sutter,101,95872,25387,25308,2542,27850,235
2023-01-09,Tehama,103,63373,14320,14258,3361,17619,221
2023-01-09,Trinity,105,12862,1448,1448,489,1937,24
2023-01-09,Tulare,107,460477,126451,125773,39163,164936,1546
2023-01-09,Tuolumne,109,53932,16551,16425,993,17418,211
2023-01-09,Ventura,111,848112,218231,217286,17606,234892,1610
2023-01-09,Yolo,113,214977,49393,49138,4711,53849,428
2023-01-09,Yuba,115,75493,19800,19743,1824,21567,132
2023-01-08,Alameda,001,1643700,371398,369872,21952,391824,2098
2023-01-08,Alpine,003,1148,139,138,4,142,0
2023-01-08,Amador,005,37829,10380,10340,962,11302,96
2023-01-08,Butte,007,227075,41227,41102,9969,51071,478
2023-01-08,Calaveras,009,45235,8876,8852,635,9487,137
2023-01-08,Colusa,011,21464,3916,3911,1325,5236,22
2023-01-08,Contra Costa,013,1133247,267153,265846,21974,287820,1501
2023-01-08,Del Norte,015,27424,7698,7680,444,8124,57
2023-01-08,El Dorado,017,186661,34150,34009,4480,38489,236
2023-01-08,Fresno,019,978130,287706,286556,33646,320202,2924
2023-01-08,Glenn,021,27897,5746,5732,1989,7721,58
2023-01-08,Humboldt,023,135768,22979,22878,5715,28593,164
2023-01-08,Imperial,025,180216,69003,68809,18476,87285,964
2023-01-08,Inyo,027,18085,4708,4687,1228,5915,62
2023-01-08,Kern,029,883053,226947,226454,69376,295830,2450
2023-01-08,Kings,031,150075,62036,61886,4367,66253,466
2023-01-08,Lake,033,64148,13446,13363,1279,14642,149
2023-01-08,Lassen,035,31185,10212,10189,1042,11231,66
2023-01-08,Los Angeles,037,10098052,3443541,3434193,209164,3643357,34492
2023-01-08,Madera,039,155013,45755,45608,8754,54362,377
2023-01-08,Marin,041,260295,48113,47893,5608,53501,317
2023-01-08,Mariposa,043,17540,3285,3223,391,3614,32
2023-01-08,Mendocino,045,87422,16676,16582,4748,21330,137
2023-01-08,Merced,047,269075,75240,74969,12511,87480,883
2023-01-08,Modoc,049,8938,946,940,364,1304,11
2023-01-08,Mono,051,14174,3296,3284,294,3578,8
2023-01-08,Monterey,053,433212,96859,96607,22452,119059,778
2023-01-08,Napa,055,140530,33794,33666,1506,35172,164
2023-01-08,Nevada,057,99092,19920,19845,2243,22088,132
2023-01-08,Orange,059,3164182,699775,697391,73628,771019,7683
2023-01-08,Placer,061,380077,79744,79461,10101,89562,672
2023-01-08,Plumas,063,18699,3804,3798,457,4255,13
2023-01-08,Riverside,065,2383286,725797,723578,40186,763764,6748
2023-01-08,Sacramento,067,1510023,365286,364212,36448,400660,3422
2023-01-08,San Benito,069,59416,17371,17293,1112,18405,115
2023-01-08,San Bernardino,071,2135413,701572,699531,34208,733739,8143
2023-01-08,San Diego,073,3302833,970687,967383,79241,1046624,5662
2023-01-08,San Francisco,075,870044,191709,190940,13041,203981,1114
2023-01-08,San Joaquin,077,732212,206985,206280,16410,222690,2369
2023-01-08,San Luis Obispo,079,281455,65499,65166,7928,73094,539
2023-01-08,San Mateo,081,765935,179285,178472,11167,189639,749
2023-01-08,Santa Barbara,083,443738,110528,110007,7477,117484,748
2023-01-08,Santa Clara,085,1922200,465872,463958,21211,485169,2601
2023-01-08,Santa Cruz,087,273765,67141,66937,3736,70673,276
2023-01-08,Shasta,089,179085,36179,36083,8195,44278,602
2023-01-08,Sierra,091,2930,311,310,61,371,5
2023-01-08,Siskiyou,093,43540,5381,5373,3418,8791,95
2023-01-08,Solano,095,438530,111638,111243,8369,119612,478
2023-01-08,Sonoma,097,501317,111920,111530,5696,117226,537
2023-01-08,Stanislaus,099,539301,143278,142918,22443,165361,1801
2023-01-08,Sutter,101,95872,25379,25308,2542,27850,235
2023-01-08,Tehama,103,63373,14320,14258,3360,17618,221
2023-01-08,Trinity,105,12862,1448,1448,489,1937,24
2023-01-08,Tulare,107,460477,126432,125773,39162,164935,1546
2023-01-08,Tuolumne,109,53932,16547,16425,993,17418,211
2023-01-08,Ventura,111,848112,218206,217286,17606,234892,1610
2023-01-08,Yolo,113,214977,49384,49138,4711,53849,428
2023-01-08,Yuba,115,75493,19798,19743,1824,21567,132
2023-01-07,Alameda,001,1643700,371321,369872,21952,391824,2098
2023-01-07,Alpine,003,1148,139,138,4,142,0
2023-01-07,Amador,005,37829,10379,10340,962,11302,96
2023-01-07,Butte,007,227075,41222,41102,9969,51071,478
2023-01-07,Calaveras,009,45235,8876,8852,635,9487,137
2023-01-07,Colusa,011,21464,3915,3911,1325,5236,22
2023-01-07,Contra Costa,013,1133247,267092,265846,21974,287820,1501
2023-01-07,Del Norte,015,27424,7696,7680,444,8124,57
2023-01-07,El Dorado,017,186661,34149,34009,4480,38489,236
2023-01-07,Fresno,019,978130,287669,286556,33646,320202,2924
2023-01-07,Glenn,021,27897,5745,5732,1989,7721,58
2023-01-07,Humboldt,023,135768,22976,22878,5715,28593,164
2023-01-07,Imperial,025,180216,68993,68809,18476,87285,964
2023-01-07,Inyo,027,18085,4708,4687,1228,5915,62
2023-01-07,Kern,029,883053,226922,226454,69376,295830,2450
2023-01-07,Kings,031,150075,62022,61886,4367,66253,466
2023-01-07,Lake,033,64148,13442,13363,1279,14642,149
2023-01-07,Lassen,035,31185,10210,10189,1042,11231,66
2023-01-07,Los Angeles,037,10098052,3443277,3434193,209101,3643294,34492
2023-01-07,Madera,039,155013,45752,45608,8754,54362,377
2023-01-07,Marin,041,260295,48104,47893,5608,53501,317
2023-01-07,Mariposa,043,17540,3285,3223,391,3614,32
2023-01-07,Mendocino,045,87422,16670,16582,4748,21330,137
2023-01-07,Merced,047,269075,75233,74969,12511,87480,883
2023-01-07,Modoc,049,8938,946,940,364,1304,11
2023-01-07,Mono,051,14174,3296,3284,294,3578,8
2023-01-07,Monterey,053,433212,96847,96607,22452,119059,778
2023-01-07,Napa,055,140530,33792,33666,1506,35172,164
2023-01-07,Nevada,057,99092,19920,19845,2243,22088,132
2023-01-07,Orange,059,3164182,699629,697391,73628,771019,7683
2023-01-07,Placer,061,380077,79723,79461,10101,89562,672
2023-01-07,Plumas,063,18699,3804,3798,457,4255,13
2023-01-07,Riverside,065,2383286,725700,723578,40186,763764,6748
2023-01-07,Sacramento,067,1510023,365246,364212,36448,400660,3422
2023-01-07,San Benito,069,59416,17368,17293,1112,18405,115
2023-01-07,San Bernardino,071,2135413,701449,699531,34208,733739,8143
2023-01-07,San Diego,073,3302833,970452,967383,79228,1046611,5662
2023-01-07,San Francisco,075,870044,191658,190940,13039,203979,1114
2023-01-07,San Joaquin,077,732212,206947,206280,16404,222684,2369
2023-01-07,San Luis Obispo,079,281455,65494,65166,7928,73094,539
2023-01-07,San Mateo,081,765935,179258,178472,11167,189639,749
2023-01-07,Santa Barbara,083,443738,110495,110007,7477,117484,748
2023-01-07,Santa Clara,085,1922200,465767,463958,21211,485169,2601
2023-01-07,Santa Cruz,087,273765,67131,66937,3736,70673,276
2023-01-07,Shasta,089,179085,36178,36083,8195,44278,602
2023-01-07,Sierra,091,2930,311,310,61,371,5
2023-01-07,Siskiyou,093,43540,5380,5373,3418,8791,95
2023-01-07,Solano,095,438530,111618,111243,8369,119612,478
2023-01-07,Sonoma,097,501317,111910,111530,5696,117226,537
2023-01-07,Stanislaus,099,539301,143255,142918,22443,165361,1801
2023-01-07,Sutter,101,95872,25374,25308,2542,27850,235
2023-01-07,Tehama,103,63373,14320,14258,3360,17618,221
2023-01-07,Trinity,105,12862,1448,1448,489,1937,24
2023-01-07,Tulare,107,460477,126418,125773,39162,164935,1546
2023-01-07,Tuolumne,109,53932,16544,16425,993,17418,211
2023-01-07,Ventura,111,848112,218176,217286,17606,234892,1610
2023-01-07,Yolo,113,214977,49377,49138,4711,53849,428
2023-01-07,Yuba,115,75493,19793,19743,1824,21567,132
2023-01-06,Alameda,001,1643700,371212,369872,21952,391824,2098
2023-01-06,Alpine,003,1148,139,138,4,142,0
2023-01-06,Amador,005,37829,10378,10340,962,11302,96
2023-01-06,Butte,007,227075,41216,41102,9969,51071,478
2023-01-06,Calaveras,009,45235,8876,8852,635,9487,137
2023-01-06,Colusa,011,21464,3914,3911,1325,5236,22
2023-01-06,Contra Costa,013,1133247,267024,265846,21974,287820,1501
2023-01-06,Del Norte,015,27424,7695,7680,444,8124,57
2023-01-06,El Dorado,017,186661,34142,34009,4480,38489,236
2023-01-06,Fresno,019,978130,287600,286556,33646,320202,2924
2023-01-06,Glenn,021,27897,5743,5732,1989,7721,58
2023-01-06,Humboldt,023,135768,22973,22878,5715,28593,164
2023-01-06,Imperial,025,180216,68984,68809,18476,87285,964
2023-01-06,Inyo,027,18085,4707,4687,1228,5915,62
2023-01-06,Kern,029,883053,226892,226454,69376,295830,2450
2023-01-06,Kings,031,150075,62009,61886,4367,66253,466
2023-01-06,Lake,033,64148,13442,13363,1279,14642,149
2023-01-06,Lassen,035,31185,10207,10189,1042,11231,66
2023-01-06,Los Angeles,037,10098052,3442539,3434193,208984,3643177,34492
2023-01-06,Madera,039,155013,45745,45608,8754,54362,377
2023-01-06,Marin,041,260295,48088,47893,5608,53501,317
2023-01-06,Mariposa,043,17540,3285,3223,391,3614,32
2023-01-06,Mendocino,045,87422,16667,16582,4748,21330,137
2023-01-06,Merced,047,269075,75225,74969,12510,87479,883
2023-01-06,Modoc,049,8938,946,940,364,1304,11
2023-01-06,Mono,051,14174,3296,3284,294,3578,8
2023-01-06,Monterey,053,433212,96832,96607,22452,119059,778
2023-01-06,Napa,055,140530,33783,33666,1506,35172,164
2023-01-06,Nevada,057,99092,19920,19845,2243,22088,132
2023-01-06,Orange,059,3164182,699404,697391,73628,771019,7683
2023-01-06,Placer,061,380077,79696,79461,10100,89561,672
2023-01-06,Plumas,063,18699,3804,3798,457,4255,13
2023-01-06,Riverside,065,2383286,725550,723578,40186,763764,6748
2023-01-06,Sacramento,067,1510023,365162,364212,36448,400660,3422
2023-01-06,San Benito,069,59416,17361,17293,1112,18405,115
2023-01-06,San Bernardino,071,2135413,701311,699531,34208,733739,8143
2023-01-06,San Diego,073,3302833,970144,967383,79196,1046579,5662
2023-01-06,San Francisco,075,870044,191608,190940,13039,203979,1114
2023-01-06,San Joaquin,077,732212,206900,206280,16404,222684,2369
2023-01-06,San Luis Obispo,079,281455,65481,65166,7928,73094,539
2023-01-06,San Mateo,081,765935,179215,178472,11167,189639,749
2023-01-06,Santa Barbara,083,443738,110455,110007,7477,117484,748
2023-01-06,Santa Clara,085,1922200,465649,463958,21211,485169,2601
2023-01-06,Santa Cruz,087,273765,67119,66937,3736,70673,276
2023-01-06,Shasta,089,179085,36176,36083,8195,44278,602
2023-01-06,Sierra,091,2930,311,310,61,371,5
2023-01-06,Siskiyou,093,43540,5378,5373,3418,8791,95
2023-01-06,Solano,095,438530,111582,111243,8369,119612,478
2023-01-06,Sonoma,097,501317,111889,111530,5696,117226,537
2023-01-06,Stanislaus,099,539301,143236,142918,22443,165361,1801
2023-01-06,Sutter,101,95872,25371,25308,2542,27850,235
2023-01-06,Tehama,103,63373,14318,14258,3360,17618,221
2023-01-06,Trinity,105,12862,1448,1448,489,1937,24
2023-01-06,Tulare,107,460477,126401,125773,39159,164932,1546
2023-01-06,Tuolumne,109,53932,16534,16425,993,17418,211
2023-01-06,Ventura,111,848112,218116,217286,17606,234892,1610
2023-01-06,Yolo,113,214977,49370,49138,4711,53849,428
2023-01-06,Yuba,115,75493,19783,19743,1824,21567,132
2023-01-05,Alameda,001,1643700,371027,369872,21952,391824,2098
2023-01-05,Alpine,003,1148,139,138,4,142,0
2023-01-05,Amador,005,37829,10377,10340,962,11302,96
2023-01-05,Butte,007,227075,41207,41102,9968,51070,478
2023-01-05,Calaveras,009,45235,8876,8852,635,9487,137
2023-01-05,Colusa,011,21464,3912,3911,1325,5236,22
2023-01-05,Contra Costa,013,1133247,266896,265846,21974,287820,1501
2023-01-05,Del Norte,015,27424,7693,7680,444,8124,57
2023-01-05,El Dorado,017,186661,34129,34009,4480,38489,236
2023-01-05,Fresno,019,978130,287519,286556,33646,320202,2924
2023-01-05,Glenn,021,27897,5741,5732,1989,7721,58
2023-01-05,Humboldt,023,135768,22968,22878,5714,28592,164
2023-01-05,Imperial,025,180216,68965,68809,18476,87285,964
2023-01-05,Inyo,027,18085,4707,4687,1228,5915,62
2023-01-05,Kern,029,883053,226809,226454,69376,295830,2450
2023-01-05,Kings,031,150075,61989,61886,4367,66253,466
2023-01-05,Lake,033,64148,13436,13363,1279,14642,149
2023-01-05,Lassen,035,31185,10205,10189,1042,11231,66
2023-01-05,Los Angeles,037,10098052,3441387,3434193,208839,3643032,34492
2023-01-05,Madera,039,155013,45734,45608,8754,54362,377
2023-01-05,Marin,041,260295,48072,47893,5608,53501,317
2023-01-05,Mariposa,043,17540,3283,3223,391,3614,32
2023-01-05,Mendocino,045,87422,16659,16582,4748,21330,137
2023-01-05,Merced,047,269075,75208,74969,12510,87479,883
2023-01-05,Modoc,049,8938,946,940,364,1304,11
2023-01-05,Mono,051,14174,3292,3284,294,3578,8
2023-01-05,Monterey,053,433212,96805,96607,22452,119059,778
2023-01-05,Napa,055,140530,33770,33666,1506,35172,164
2023-01-05,Nevada,057,99092,19913,19845,2243,22088,132
2023-01-05,Orange,059,3164182,699070,697391,73626,771017,7683
2023-01-05,Placer,061,380077,79664,79461,10097,89558,672
2023-01-05,Plumas,063,18699,3801,3798,457,4255,13
2023-01-05,Riverside,065,2383286,725343,723578,40186,763764,6748
2023-01-05,Sacramento,067,1510023,365037,364212,36446,400658,3422
2023-01-05,San Benito,069,59416,17355,17293,1112,18405,115
2023-01-05,San Bernardino,071,2135413,701131,699531,34208,733739,8143
2023-01-05,San Diego,073,3302833,969695,967383,79125,1046508,5662
2023-01-05,San Francisco,075,870044,191473,190940,13039,203979,1114
2023-01-05,San Joaquin,077,732212,206830,206280,16401,222681,2369
2023-01-05,San Luis Obispo,079,281455,65460,65166,7927,73093,539
2023-01-05,San Mateo,081,765935,179124,178472,11167,189639,749
2023-01-05,Santa Barbara,083,443738,110395,110007,7475,117482,748
2023-01-05,Santa Clara,085,1922200,465383,463958,21211,485169,2601
2023-01-05,Santa Cruz,087,273765,67101,66937,3736,70673,276
2023-01-05,Shasta,089,179085,36175,36083,8195,44278,602
2023-01-05,Sierra,091,2930,311,310,61,371,5
2023-01-05,Siskiyou,093,43540,5377,5373,3418,8791,95
2023-01-05,Solano,095,438530,111524,111243,8369,119612,478
2023-01-05,Sonoma,097,501317,111836,111530,5696,117226,537
2023-01-05,Stanislaus,099,539301,143193,142918,22435,165353,1801
2023-01-05,Sutter,101,95872,25360,25308,2542,27850,235
2023-01-05,Tehama,103,63373,14315,14258,3359,17617,221
2023-01-05,Trinity,105,12862,1448,1448,489,1937,24
2023-01-05,Tulare,107,460477,126354,125773,39152,164925,1546
2023-01-05,Tuolumne,109,53932,16518,16425,993,17418,211
2023-01-05,Ventura,111,848112,218032,217286,17606,234892,1610
2023-01-05,Yolo,113,214977,49360,49138,4711,53849,428
2023-01-05,Yuba,115,75493,19778,19743,1823,21566,132
2023-01-04,Alameda,001,1643700,370825,369872,21952,391824,2098
2023-01-04,Alpine,003,1148,139,138,4,142,0
2023-01-04,Amador,005,37829,10371,10340,962,11302,96
2023-01-04,Butte,007,227075,41196,41102,9961,51063,478
2023-01-04,Calaveras,009,45235,8874,8852,635,9487,137
2023-01-04,Colusa,011,21464,3911,3911,1325,5236,22
2023-01-04,Contra Costa,013,1133247,266743,265846,21974,287820,1501
2023-01-04,Del Norte,015,27424,7691,7680,444,8124,57
2023-01-04,El Dorado,017,186661,34122,34009,4480,38489,236
2023-01-04,Fresno,019,978130,287409,286556,33646,320202,2924
2023-01-04,Glenn,021,27897,5741,5732,1988,7720,58
2023-01-04,Humboldt,023,135768,22965,22878,5714,28592,164
2023-01-04,Imperial,025,180216,68953,68809,18476,87285,964
2023-01-04,Inyo,027,18085,4703,4687,1228,5915,62
2023-01-04,Kern,029,883053,226731,226454,69373,295827,2450
2023-01-04,Kings,031,150075,61969,61886,4367,66253,466
2023-01-04,Lake,033,64148,13435,13363,1279,14642,149
2023-01-04,Lassen,035,31185,10201,10189,1042,11231,66
2023-01-04,Los Angeles,037,10098052,3440239,3434193,208673,3642866,34492
2023-01-04,Madera,039,155013,45722,45608,8754,54362,377
2023-01-04,Marin,041,260295,48050,47893,5607,53500,317
2023-01-04,Mariposa,043,17540,3283,3223,391,3614,32
2023-01-04,Mendocino,045,87422,16656,16582,4748,21330,137
2023-01-04,Merced,047,269075,75197,74969,12510,87479,883
2023-01-04,Modoc,049,8938,944,940,364,1304,11
2023-01-04,Mono,051,14174,3291,3284,294,3578,8
2023-01-04,Monterey,053,433212,96781,96607,22452,119059,778
2023-01-04,Napa,055,140530,33746,33666,1506,35172,164
2023-01-04,Nevada,057,99092,19908,19845,2243,22088,132
2023-01-04,Orange,059,3164182,698741,697391,73622,771013,7683
2023-01-04,Placer,061,380077,79634,79461,10097,89558,672
2023-01-04,Plumas,063,18699,3801,3798,457,4255,13
2023-01-04,Riverside,065,2383286,725113,723578,40182,763760,6748
2023-01-04,Sacramento,067,1510023,364940,364212,36445,400657,3422
2023-01-04,San Benito,069,59416,17345,17293,1112,18405,115
2023-01-04,San Bernardino,071,2135413,700947,699531,34208,733739,8143
2023-01-04,San Diego,073,3302833,969162,967383,79032,1046415,5662
2023-01-04,San Francisco,075,870044,191386,190940,13039,203979,1114
2023-01-04,San Joaquin,077,732212,206747,206280,16397,222677,2369
2023-01-04,San Luis Obispo,079,281455,65437,65166,7925,73091,539
2023-01-04,San Mateo,081,765935,179052,178472,11167,189639,749
2023-01-04,Santa Barbara,083,443738,110344,110007,7473,117480,748
2023-01-04,Santa Clara,085,1922200,465133,463958,21211,485169,2601
2023-01-04,Santa Cruz,087,273765,67080,66937,3736,70673,276
2023-01-04,Shasta,089,179085,36163,36083,8195,44278,602
2023-01-04,Sierra,091,2930,311,310,61,371,5
2023-01-04,Siskiyou,093,43540,5376,5373,3418,8791,95
2023-01-04,Solano,095,438530,111472,111243,8368,119611,478
2023-01-04,Sonoma,097,501317,111798,111530,5696,117226,537
2023-01-04,Stanislaus,099,539301,143158,142918,22434,165352,1801
2023-01-04,Sutter,101,95872,25352,25308,2542,27850,235
2023-01-04,Tehama,103,63373,14314,14258,3358,17616,221
2023-01-04,Trinity,105,12862,1448,1448,489,1937,24
2023-01-04,Tulare,107,460477,126296,125773,39143,164916,1546
2023-01-04,Tuolumne,109,53932,16509,16425,993,17418,211
2023-01-04,Ventura,111,848112,217953,217286,17606,234892,1610
2023-01-04,Yolo,113,214977,49351,49138,4711,53849,428
2023-01-04,Yuba,115,75493,19774,19743,1823,21566,132
2023-01-03,Alameda,001,1643700,370604,369872,21952,391824,2098
2023-01-03,Alpine,003,1148,139,138,4,142,0
2023-01-03,Amador,005,37829,10363,10340,962,11302,96
2023-01-03,Butte,007,227075,41184,41102,9961,51063,478
2023-01-03,Calaveras,009,45235,8867,8852,635,9487,137
2023-01-03,Colusa,011,21464,3911,3911,1325,5236,22
2023-01-03,Contra Costa,013,1133247,266575,265846,21974,287820,1501
2023-01-03,Del Norte,015,27424,7688,7680,444,8124,57
2023-01-03,El Dorado,017,186661,34108,34009,4480,38489,236
2023-01-03,Fresno,019,978130,287276,286556,33645,320201,2924
2023-01-03,Glenn,021,27897,5740,5732,1985,7717,58
2023-01-03,Humboldt,023,135768,22957,22878,5714,28592,164
2023-01-03,Imperial,025,180216,68925,68809,18475,87284,964
2023-01-03,Inyo,027,18085,4702,4687,1228,5915,62
2023-01-03,Kern,029,883053,226635,226454,69358,295812,2450
2023-01-03,Kings,031,150075,61934,61886,4367,66253,466
2023-01-03,Lake,033,64148,13428,13363,1279,14642,149
2023-01-03,Lassen,035,31185,10198,10189,1042,11231,66
2023-01-03,Los Angeles,037,10098052,3438756,3434193,208410,3642603,34492
2023-01-03,Madera,039,155013,45708,45608,8751,54359,377
2023-01-03,Marin,041,260295,48033,47893,5607,53500,317
2023-01-03,Mariposa,043,17540,3282,3223,391,3614,32
2023-01-03,Mendocino,045,87422,16654,16582,4748,21330,137
2023-01-03,Merced,047,269075,75173,74969,12509,87478,883
2023-01-03,Modoc,049,8938,944,940,364,1304,11
2023-01-03,Mono,051,14174,3290,3284,294,3578,8
2023-01-03,Monterey,053,433212,96761,96607,22447,119054,778
2023-01-03,Napa,055,140530,33721,33666,1506,35172,164
2023-01-03,Nevada,057,99092,19904,19845,2243,22088,132
2023-01-03,Orange,059,3164182,698342,697391,73621,771012,7683
2023-01-03,Placer,061,380077,79590,79461,10097,89558,672
2023-01-03,Plumas,063,18699,3801,3798,457,4255,13
2023-01-03,Riverside,065,2383286,724823,723578,40180,763758,6748
2023-01-03,Sacramento,067,1510023,364768,364212,36441,400653,3422
2023-01-03,San Benito,069,59416,17340,17293,1112,18405,115
2023-01-03,San Bernardino,071,2135413,700674,699531,34204,733735,8143
2023-01-03,San Diego,073,3302833,968524,967383,78929,1046312,5662
2023-01-03,San Francisco,075,870044,191292,190940,13039,203979,1114
2023-01-03,San Joaquin,077,732212,206659,206280,16387,222667,2369
2023-01-03,San Luis Obispo,079,281455,65406,65166,7919,73085,539
2023-01-03,San Mateo,081,765935,178983,178472,11167,189639,749
2023-01-03,Santa Barbara,083,443738,110281,110007,7470,117477,748
2023-01-03,Santa Clara,085,1922200,464892,463958,21211,485169,2601
2023-01-03,Santa Cruz,087,273765,67060,66937,3736,70673,276
2023-01-03,Shasta,089,179085,36162,36083,8195,44278,602
2023-01-03,Sierra,091,2930,311,310,61,371,5
2023-01-03,Siskiyou,093,43540,5374,5373,3418,8791,95
2023-01-03,Solano,095,438530,111418,111243,8368,119611,478
2023-01-03,Sonoma,097,501317,111748,111530,5696,117226,537
2023-01-03,Stanislaus,099,539301,143107,142918,22431,165349,1801
2023-01-03,Sutter,101,95872,25345,25308,2542,27850,235
2023-01-03,Tehama,103,63373,14312,14258,3358,17616,221
2023-01-03,Trinity,105,12862,1448,1448,489,1937,24
2023-01-03,Tulare,107,460477,126243,125773,39136,164909,1546
2023-01-03,Tuolumne,109,53932,16495,16425,993,17418,211
2023-01-03,Ventura,111,848112,217845,217286,17606,234892,1610
2023-01-03,Yolo,113,214977,49338,49138,4711,53849,428
2023-01-03,Yuba,115,75493,19770,19743,1821,21564,132
2023-01-02,Alameda,001,1643700,370289,367954,21951,389905,2094
2023-01-02,Alpine,003,1148,139,138,4,142,0
2023-01-02,Amador,005,37829,10360,10313,962,11275,96
2023-01-02,Butte,007,227075,41165,41018,9960,50978,474
2023-01-02,Calaveras,009,45235,8865,8818,635,9453,135
2023-01-02,Colusa,011,21464,3910,3906,1325,5231,22
2023-01-02,Contra Costa,013,1133247,266354,264448,21974,286422,1502
2023-01-02,Del Norte,015,27424,7686,7645,444,8089,56
2023-01-02,El Dorado,017,186661,34092,33865,4480,38345,236
2023-01-02,Fresno,019,978130,287107,285444,33645,319089,2918
2023-01-02,Glenn,021,27897,5738,5719,1984,7703,58
2023-01-02,Humboldt,023,135768,22947,22835,5712,28547,163
2023-01-02,Imperial,025,180216,68892,68622,18475,87097,963
2023-01-02,Inyo,027,18085,4700,4670,1228,5898,62
2023-01-02,Kern,029,883053,226543,225659,69335,294994,2450
2023-01-02,Kings,031,150075,61895,61692,4366,66058,466
2023-01-02,Lake,033,64148,13415,13312,1279,14591,149
2023-01-02,Lassen,035,31185,10195,10172,1042,11214,66
2023-01-02,Los Angeles,037,10098052,3436582,3420383,208040,3628423,34360
2023-01-02,Madera,039,155013,45688,45448,8751,54199,377
2023-01-02,Marin,041,260295,48002,47686,5606,53292,317
2023-01-02,Mariposa,043,17540,3278,3211,391,3602,32
2023-01-02,Mendocino,045,87422,16651,16508,4748,21256,137
2023-01-02,Merced,047,269075,75153,74732,12506,87238,883
2023-01-02,Modoc,049,8938,940,931,364,1295,11
2023-01-02,Mono,051,14174,3287,3274,294,3568,8
2023-01-02,Monterey,053,433212,96746,96380,22447,118827,776
2023-01-02,Napa,055,140530,33702,33534,1506,35040,163
2023-01-02,Nevada,057,99092,19902,19774,2243,22017,132
2023-01-02,Orange,059,3164182,697839,694080,73604,767684,7656
2023-01-02,Placer,061,380077,79558,79154,10096,89250,672
2023-01-02,Plumas,063,18699,3799,3787,457,4244,13
2023-01-02,Riverside,065,2383286,724412,720437,40174,760611,6738
2023-01-02,Sacramento,067,1510023,364582,362664,36438,399102,3414
2023-01-02,San Benito,069,59416,17332,17211,1112,18323,108
2023-01-02,San Bernardino,071,2135413,700317,696472,34201,730673,8142
2023-01-02,San Diego,073,3302833,967778,962601,78812,1041413,5641
2023-01-02,San Francisco,075,870044,191120,190012,13039,203051,1104
2023-01-02,San Joaquin,077,732212,206549,205467,16384,221851,2363
2023-01-02,San Luis Obispo,079,281455,65350,64966,7915,72881,536
2023-01-02,San Mateo,081,765935,178834,177703,11167,188870,749
2023-01-02,Santa Barbara,083,443738,110210,109576,7466,117042,747
2023-01-02,Santa Clara,085,1922200,464450,461535,21210,482745,2587
2023-01-02,Santa Cruz,087,273765,67031,66735,3736,70471,276
2023-01-02,Shasta,089,179085,36159,35950,8195,44145,602
2023-01-02,Sierra,091,2930,311,309,61,370,5
2023-01-02,Siskiyou,093,43540,5373,5355,3418,8773,95
2023-01-02,Solano,095,438530,111341,110589,8368,118957,475
2023-01-02,Sonoma,097,501317,111691,111095,5696,116791,536
2023-01-02,Stanislaus,099,539301,143049,142392,22430,164822,1795
2023-01-02,Sutter,101,95872,25335,25207,2542,27749,235
2023-01-02,Tehama,103,63373,14310,14187,3358,17545,219
2023-01-02,Trinity,105,12862,1447,1442,489,1931,23
2023-01-02,Tulare,107,460477,126160,125303,39126,164429,1546
2023-01-02,Tuolumne,109,53932,16491,16340,993,17333,211
2023-01-02,Ventura,111,848112,217719,216327,17606,233933,1605
2023-01-02,Yolo,113,214977,49315,48970,4711,53681,426
2023-01-02,Yuba,115,75493,19756,19654,1821,21475,132
2023-01-01,Alameda,001,1643700,370104,367954,21939,389893,2094
2023-01-01,Alpine,003,1148,139,138,4,142,0
2023-01-01,Amador,005,37829,10358,10313,962,11275,96
2023-01-01,Butte,007,227075,41153,41018,9953,50971,474
2023-01-01,Calaveras,009,45235,8863,8818,634,9452,135
2023-01-01,Colusa,011,21464,3909,3906,1325,5231,22
2023-01-01,Contra Costa,013,1133247,266193,264448,21970,286418,1502
2023-01-01,Del Norte,015,27424,7684,7645,444,8089,56
2023-01-01,El Dorado,017,186661,34071,33865,4479,38344,236
2023-01-01,Fresno,019,978130,286978,285444,33638,319082,2918
2023-01-01,Glenn,021,27897,5735,5719,1975,7694,58
2023-01-01,Humboldt,023,135768,22938,22835,5711,28546,163
2023-01-01,Imperial,025,180216,68877,68622,18472,87094,963
2023-01-01,Inyo,027,18085,4698,4670,1225,5895,62
2023-01-01,Kern,029,883053,226481,225659,69323,294982,2450
2023-01-01,Kings,031,150075,61871,61692,4366,66058,466
2023-01-01,Lake,033,64148,13405,13312,1279,14591,149
2023-01-01,Lassen,035,31185,10194,10172,1042,11214,66
2023-01-01,Los Angeles,037,10098052,3434844,3420383,207827,3628210,34360
2023-01-01,Madera,039,155013,45676,45448,8747,54195,377
2023-01-01,Marin,041,260295,47980,47686,5604,53290,317
2023-01-01,Mariposa,043,17540,3276,3211,390,3601,32
2023-01-01,Mendocino,045,87422,16646,16508,4748,21256,137
2023-01-01,Merced,047,269075,75127,74732,12505,87237,883
2023-01-01,Modoc,049,8938,940,931,364,1295,11
2023-01-01,Mono,051,14174,3286,3274,294,3568,8
2023-01-01,Monterey,053,433212,96721,96380,22443,118823,776
2023-01-01,Napa,055,140530,33691,33534,1505,35039,163
2023-01-01,Nevada,057,99092,19897,19774,2243,22017,132
2023-01-01,Orange,059,3164182,697445,694080,73485,767565,7656
2023-01-01,Placer,061,380077,79531,79154,10092,89246,672
2023-01-01,Plumas,063,18699,3798,3787,457,4244,13
2023-01-01,Riverside,065,2383286,724038,720437,40140,760577,6738
2023-01-01,Sacramento,067,1510023,364418,362664,36429,399093,3414
2023-01-01,San Benito,069,59416,17328,17211,1111,18322,108
2023-01-01,San Bernardino,071,2135413,700010,696472,34185,730657,8142
2023-01-01,San Diego,073,3302833,967288,962601,78726,1041327,5641
2023-01-01,San Francisco,075,870044,191006,190012,13031,203043,1104
2023-01-01,San Joaquin,077,732212,206477,205467,16380,221847,2363
2023-01-01,San Luis Obispo,079,281455,65333,64966,7902,72868,536
2023-01-01,San Mateo,081,765935,178751,177703,11162,188865,749
2023-01-01,Santa Barbara,083,443738,110140,109576,7466,117042,747
2023-01-01,Santa Clara,085,1922200,464179,461535,21200,482735,2587
2023-01-01,Santa Cruz,087,273765,67018,66735,3735,70470,276
2023-01-01,Shasta,089,179085,36150,35950,8195,44145,602
2023-01-01,Sierra,091,2930,311,309,61,370,5
2023-01-01,Siskiyou,093,43540,5371,5355,3418,8773,95
2023-01-01,Solano,095,438530,111273,110589,8361,118950,475
2023-01-01,Sonoma,097,501317,111651,111095,5696,116791,536
2023-01-01,Stanislaus,099,539301,142997,142392,22430,164822,1795
2023-01-01,Sutter,101,95872,25326,25207,2542,27749,235
2023-01-01,Tehama,103,63373,14304,14187,3357,17544,219
2023-01-01,Trinity,105,12862,1447,1442,489,1931,23
2023-01-01,Tulare,107,460477,126107,125303,39108,164411,1546
2023-01-01,Tuolumne,109,53932,16490,16340,993,17333,211
2023-01-01,Ventura,111,848112,217622,216327,17604,233931,1605
2023-01-01,Yolo,113,214977,49301,48970,4710,53680,426
2023-01-01,Yuba,115,75493,19747,19654,1820,21474,132
2022-12-31,Alameda,001,1643700,369983,367954,21929,389883,2094
2022-12-31,Alpine,003,1148,139,138,4,142,0
2022-12-31,Amador,005,37829,10356,10313,962,11275,96
2022-12-31,Butte,007,227075,41147,41018,9952,50970,474
2022-12-31,Calaveras,009,45235,8861,8818,634,9452,135
2022-12-31,Colusa,011,21464,3908,3906,1324,5230,22
2022-12-31,Contra Costa,013,1133247,266098,264448,21969,286417,1502
2022-12-31,Del Norte,015,27424,7681,7645,444,8089,56
2022-12-31,El Dorado,017,186661,34058,33865,4477,38342,236
2022-12-31,Fresno,019,978130,286925,285444,33638,319082,2918
2022-12-31,Glenn,021,27897,5735,5719,1973,7692,58
2022-12-31,Humboldt,023,135768,22934,22835,5710,28545,163
2022-12-31,Imperial,025,180216,68869,68622,18472,87094,963
2022-12-31,Inyo,027,18085,4695,4670,1225,5895,62
2022-12-31,Kern,029,883053,226435,225659,69320,294979,2450
2022-12-31,Kings,031,150075,61865,61692,4366,66058,466
2022-12-31,Lake,033,64148,13401,13312,1279,14591,149
2022-12-31,Lassen,035,31185,10193,10172,1042,11214,66
2022-12-31,Los Angeles,037,10098052,3434251,3420383,207709,3628092,34360
2022-12-31,Madera,039,155013,45666,45448,8747,54195,377
2022-12-31,Marin,041,260295,47966,47686,5604,53290,317
2022-12-31,Mariposa,043,17540,3275,3211,390,3601,32
2022-12-31,Mendocino,045,87422,16644,16508,4748,21256,137
2022-12-31,Merced,047,269075,75117,74732,12505,87237,883
2022-12-31,Modoc,049,8938,940,931,364,1295,11
2022-12-31,Mono,051,14174,3286,3274,294,3568,8
2022-12-31,Monterey,053,433212,96702,96380,22439,118819,776
2022-12-31,Napa,055,140530,33688,33534,1505,35039,163
2022-12-31,Nevada,057,99092,19893,19774,2241,22015,132
2022-12-31,Orange,059,3164182,697261,694080,73414,767494,7656
2022-12-31,Placer,061,380077,79501,79154,10090,89244,672
2022-12-31,Plumas,063,18699,3798,3787,457,4244,13
2022-12-31,Riverside,065,2383286,723889,720437,40119,760556,6738
2022-12-31,Sacramento,067,1510023,364340,362664,36427,399091,3414
2022-12-31,San Benito,069,59416,17325,17211,1111,18322,108
2022-12-31,San Bernardino,071,2135413,699874,696472,34172,730644,8142
2022-12-31,San Diego,073,3302833,967108,962601,78686,1041287,5641
2022-12-31,San Francisco,075,870044,190945,190012,13027,203039,1104
2022-12-31,San Joaquin,077,732212,206430,205467,16376,221843,2363
2022-12-31,San Luis Obispo,079,281455,65322,64966,7901,72867,536
2022-12-31,San Mateo,081,765935,178705,177703,11158,188861,749
2022-12-31,Santa Barbara,083,443738,110108,109576,7461,117037,747
2022-12-31,Santa Clara,085,1922200,464048,461535,21185,482720,2587
2022-12-31,Santa Cruz,087,273765,67011,66735,3735,70470,276
2022-12-31,Shasta,089,179085,36148,35950,8195,44145,602
2022-12-31,Sierra,091,2930,311,309,61,370,5
2022-12-31,Siskiyou,093,43540,5370,5355,3418,8773,95
2022-12-31,Solano,095,438530,111247,110589,8357,118946,475
2022-12-31,Sonoma,097,501317,111614,111095,5693,116788,536
2022-12-31,Stanislaus,099,539301,142965,142392,22429,164821,1795
2022-12-31,Sutter,101,95872,25320,25207,2542,27749,235
2022-12-31,Tehama,103,63373,14302,14187,3357,17544,219
2022-12-31,Trinity,105,12862,1447,1442,489,1931,23
2022-12-31,Tulare,107,460477,126082,125303,39098,164401,1546
2022-12-31,Tuolumne,109,53932,16483,16340,993,17333,211
2022-12-31,Ventura,111,848112,217550,216327,17595,233922,1605
2022-12-31,Yolo,113,214977,49294,48970,4709,53679,426
2022-12-31,Yuba,115,75493,19746,19654,1820,21474,132
2022-12-30,Alameda,001,1643700,369827,367954,21919,389873,2094
2022-12-30,Alpine,003,1148,139,138,4,142,0
2022-12-30,Amador,005,37829,10356,10313,962,11275,96
2022-12-30,Butte,007,227075,41143,41018,9950,50968,474
2022-12-30,Calaveras,009,45235,8857,8818,634,9452,135
2022-12-30,Colusa,011,21464,3908,3906,1323,5229,22
2022-12-30,Contra Costa,013,1133247,265991,264448,21958,286406,1502
2022-12-30,Del Norte,015,27424,7675,7645,444,8089,56
2022-12-30,El Dorado,017,186661,34052,33865,4475,38340,236
2022-12-30,Fresno,019,978130,286831,285444,33636,319080,2918
2022-12-30,Glenn,021,27897,5735,5719,1972,7691,58
2022-12-30,Humboldt,023,135768,22929,22835,5710,28545,163
2022-12-30,Imperial,025,180216,68856,68622,18470,87092,963
2022-12-30,Inyo,027,18085,4692,4670,1223,5893,62
2022-12-30,Kern,029,883053,226373,225659,69315,294974,2450
2022-12-30,Kings,031,150075,61857,61692,4366,66058,466
2022-12-30,Lake,033,64148,13396,13312,1279,14591,149
2022-12-30,Lassen,035,31185,10192,10172,1041,11213,66
2022-12-30,Los Angeles,037,10098052,3433264,3420383,207521,3627904,34360
2022-12-30,Madera,039,155013,45659,45448,8747,54195,377
2022-12-30,Marin,041,260295,47945,47686,5599,53285,317
2022-12-30,Mariposa,043,17540,3273,3211,390,3601,32
2022-12-30,Mendocino,045,87422,16638,16508,4748,21256,137
2022-12-30,Merced,047,269075,75102,74732,12504,87236,883
2022-12-30,Modoc,049,8938,940,931,364,1295,11
2022-12-30,Mono,051,14174,3286,3274,294,3568,8
2022-12-30,Monterey,053,433212,96680,96380,22433,118813,776
2022-12-30,Napa,055,140530,33678,33534,1505,35039,163
2022-12-30,Nevada,057,99092,19886,19774,2241,22015,132
2022-12-30,Orange,059,3164182,696967,694080,73322,767402,7656
2022-12-30,Placer,061,380077,79472,79154,10081,89235,672
2022-12-30,Plumas,063,18699,3798,3787,457,4244,13
2022-12-30,Riverside,065,2383286,723622,720437,40077,760514,6738
2022-12-30,Sacramento,067,1510023,364226,362664,36420,399084,3414
2022-12-30,San Benito,069,59416,17321,17211,1111,18322,108
2022-12-30,San Bernardino,071,2135413,699636,696472,34151,730623,8142
2022-12-30,San Diego,073,3302833,966724,962601,78614,1041215,5641
2022-12-30,San Francisco,075,870044,190881,190012,13026,203038,1104
2022-12-30,San Joaquin,077,732212,206363,205467,16371,221838,2363
2022-12-30,San Luis Obispo,079,281455,65312,64966,7895,72861,536
2022-12-30,San Mateo,081,765935,178662,177703,11152,188855,749
2022-12-30,Santa Barbara,083,443738,110077,109576,7459,117035,747
2022-12-30,Santa Clara,085,1922200,463881,461535,21166,482701,2587
2022-12-30,Santa Cruz,087,273765,66996,66735,3735,70470,276
2022-12-30,Shasta,089,179085,36142,35950,8195,44145,602
2022-12-30,Sierra,091,2930,311,309,61,370,5
2022-12-30,Siskiyou,093,43540,5369,5355,3418,8773,95
2022-12-30,Solano,095,438530,111204,110589,8350,118939,475
2022-12-30,Sonoma,097,501317,111567,111095,5690,116785,536
2022-12-30,Stanislaus,099,539301,142929,142392,22429,164821,1795
2022-12-30,Sutter,101,95872,25311,25207,2541,27748,235
2022-12-30,Tehama,103,63373,14297,14187,3357,17544,219
2022-12-30,Trinity,105,12862,1447,1442,489,1931,23
2022-12-30,Tulare,107,460477,126060,125303,39075,164378,1546
2022-12-30,Tuolumne,109,53932,16474,16340,993,17333,211
2022-12-30,Ventura,111,848112,217492,216327,17577,233904,1605
2022-12-30,Yolo,113,214977,49277,48970,4708,53678,426
2022-12-30,Yuba,115,75493,19731,19654,1820,21474,132
2022-12-29,Alameda,001,1643700,369566,367954,21886,389840,2094
2022-12-29,Alpine,003,1148,139,138,3,141,0
2022-12-29,Amador,005,37829,10351,10313,961,11274,96
2022-12-29,Butte,007,227075,41131,41018,9939,50957,474
2022-12-29,Calaveras,009,45235,8853,8818,633,9451,135
2022-12-29,Colusa,011,21464,3908,3906,1323,5229,22
2022-12-29,Contra Costa,013,1133247,265834,264448,21946,286394,1502
2022-12-29,Del Norte,015,27424,7670,7645,444,8089,56
2022-12-29,El Dorado,017,186661,34036,33865,4472,38337,236
2022-12-29,Fresno,019,978130,286693,285444,33613,319057,2918
2022-12-29,Glenn,021,27897,5732,5719,1971,7690,58
2022-12-29,Humboldt,023,135768,22926,22835,5702,28537,163
2022-12-29,Imperial,025,180216,68834,68622,18457,87079,963
2022-12-29,Inyo,027,18085,4689,4670,1221,5891,62
2022-12-29,Kern,029,883053,226238,225659,69289,294948,2450
2022-12-29,Kings,031,150075,61831,61692,4366,66058,466
2022-12-29,Lake,033,64148,13390,13312,1279,14591,149
2022-12-29,Lassen,035,31185,10189,10172,1040,11212,66
2022-12-29,Los Angeles,037,10098052,3431396,3420383,207182,3627565,34360
2022-12-29,Madera,039,155013,45638,45448,8734,54182,377
2022-12-29,Marin,041,260295,47913,47686,5591,53277,317
2022-12-29,Mariposa,043,17540,3272,3211,390,3601,32
2022-12-29,Mendocino,045,87422,16630,16508,4748,21256,137
2022-12-29,Merced,047,269075,75080,74732,12500,87232,883
2022-12-29,Modoc,049,8938,940,931,364,1295,11
2022-12-29,Mono,051,14174,3285,3274,293,3567,8
2022-12-29,Monterey,053,433212,96647,96380,22417,118797,776
2022-12-29,Napa,055,140530,33657,33534,1504,35038,163
2022-12-29,Nevada,057,99092,19880,19774,2239,22013,132
2022-12-29,Orange,059,3164182,696506,694080,73182,767262,7656
2022-12-29,Placer,061,380077,79427,79154,10078,89232,672
2022-12-29,Plumas,063,18699,3798,3787,457,4244,13
2022-12-29,Riverside,065,2383286,723231,720437,40015,760452,6738
2022-12-29,Sacramento,067,1510023,363970,362664,36407,399071,3414
2022-12-29,San Benito,069,59416,17317,17211,1106,18317,108
2022-12-29,San Bernardino,071,2135413,699254,696472,34107,730579,8142
2022-12-29,San Diego,073,3302833,966030,962601,78483,1041084,5641
2022-12-29,San Francisco,075,870044,190734,190012,13016,203028,1104
2022-12-29,San Joaquin,077,732212,206251,205467,16357,221824,2363
2022-12-29,San Luis Obispo,079,281455,65285,64966,7871,72837,536
2022-12-29,San Mateo,081,765935,178578,177703,11146,188849,749
2022-12-29,Santa Barbara,083,443738,110013,109576,7450,117026,747
2022-12-29,Santa Clara,085,1922200,463488,461535,21145,482680,2587
2022-12-29,Santa Cruz,087,273765,66977,66735,3729,70464,276
2022-12-29,Shasta,089,179085,36125,35950,8189,44139,602
2022-12-29,Sierra,091,2930,311,309,61,370,5
2022-12-29,Siskiyou,093,43540,5368,5355,3415,8770,95
2022-12-29,Solano,095,438530,111106,110589,8339,118928,475
2022-12-29,Sonoma,097,501317,111510,111095,5680,116775,536
2022-12-29,Stanislaus,099,539301,142860,142392,22410,164802,1795
2022-12-29,Sutter,101,95872,25298,25207,2538,27745,235
2022-12-29,Tehama,103,63373,14292,14187,3355,17542,219
2022-12-29,Trinity,105,12862,1446,1442,489,1931,23
2022-12-29,Tulare,107,460477,125988,125303,39051,164354,1546
2022-12-29,Tuolumne,109,53932,16459,16340,993,17333,211
2022-12-29,Ventura,111,848112,217383,216327,17536,233863,1605
2022-12-29,Yolo,113,214977,49253,48970,4707,53677,426
2022-12-29,Yuba,115,75493,19718,19654,1818,21472,132
2022-12-28,Alameda,001,1643700,369240,367954,21862,389816,2094
2022-12-28,Alpine,003,1148,139,138,3,141,0
2022-12-28,Amador,005,37829,10342,10313,961,11274,96
2022-12-28,Butte,007,227075,41123,41018,9930,50948,474
2022-12-28,Calaveras,009,45235,8845,8818,633,9451,135
2022-12-28,Colusa,011,21464,3906,3906,1322,5228,22
2022-12-28,Contra Costa,013,1133247,265618,264448,21918,286366,1502
2022-12-28,Del Norte,015,27424,7667,7645,444,8089,56
2022-12-28,El Dorado,017,186661,34014,33865,4471,38336,236
2022-12-28,Fresno,019,978130,286538,285444,33599,319043,2918
2022-12-28,Glenn,021,27897,5730,5719,1969,7688,58
2022-12-28,Humboldt,023,135768,22925,22835,5689,28524,163
2022-12-28,Imperial,025,180216,68798,68622,18422,87044,963
2022-12-28,Inyo,027,18085,4688,4670,1220,5890,62
2022-12-28,Kern,029,883053,226101,225659,69262,294921,2450
2022-12-28,Kings,031,150075,61785,61692,4363,66055,466
2022-12-28,Lake,033,64148,13384,13312,1278,14590,149
2022-12-28,Lassen,035,31185,10189,10172,1040,11212,66
2022-12-28,Los Angeles,037,10098052,3429278,3420383,206767,3627150,34360
2022-12-28,Madera,039,155013,45600,45448,8730,54178,377
2022-12-28,Marin,041,260295,47885,47686,5587,53273,317
2022-12-28,Mariposa,043,17540,3271,3211,389,3600,32
2022-12-28,Mendocino,045,87422,16623,16508,4740,21248,137
2022-12-28,Merced,047,269075,75051,74732,12494,87226,883
2022-12-28,Modoc,049,8938,938,931,363,1294,11
2022-12-28,Mono,051,14174,3283,3274,293,3567,8
2022-12-28,Monterey,053,433212,96627,96380,22401,118781,776
2022-12-28,Napa,055,140530,33627,33534,1502,35036,163
2022-12-28,Nevada,057,99092,19873,19774,2237,22011,132
2022-12-28,Orange,059,3164182,695981,694080,73018,767098,7656
2022-12-28,Placer,061,380077,79375,79154,10064,89218,672
2022-12-28,Plumas,063,18699,3793,3787,457,4244,13
2022-12-28,Riverside,065,2383286,722756,720437,39945,760382,6738
2022-12-28,Sacramento,067,1510023,363737,362664,36389,399053,3414
2022-12-28,San Benito,069,59416,17303,17211,1100,18311,108
2022-12-28,San Bernardino,071,2135413,698757,696472,34051,730523,8142
2022-12-28,San Diego,073,3302833,965219,962601,78363,1040964,5641
2022-12-28,San Francisco,075,870044,190604,190012,13011,203023,1104
2022-12-28,San Joaquin,077,732212,206107,205467,16343,221810,2363
2022-12-28,San Luis Obispo,079,281455,65251,64966,7857,72823,536
2022-12-28,San Mateo,081,765935,178458,177703,11132,188835,749
2022-12-28,Santa Barbara,083,443738,109948,109576,7434,117010,747
2022-12-28,Santa Clara,085,1922200,463117,461535,21130,482665,2587
2022-12-28,Santa Cruz,087,273765,66948,66735,3725,70460,276
2022-12-28,Shasta,089,179085,36107,35950,8180,44130,602
2022-12-28,Sierra,091,2930,311,309,61,370,5
2022-12-28,Siskiyou,093,43540,5366,5355,3414,8769,95
2022-12-28,Solano,095,438530,110980,110589,8331,118920,475
2022-12-28,Sonoma,097,501317,111443,111095,5671,116766,536
2022-12-28,Stanislaus,099,539301,142787,142392,22405,164797,1795
2022-12-28,Sutter,101,95872,25278,25207,2537,27744,235
2022-12-28,Tehama,103,63373,14282,14187,3354,17541,219
2022-12-28,Trinity,105,12862,1446,1442,489,1931,23
2022-12-28,Tulare,107,460477,125909,125303,39007,164310,1546
2022-12-28,Tuolumne,109,53932,16453,16340,992,17332,211
2022-12-28,Ventura,111,848112,217236,216327,17497,233824,1605
2022-12-28,Yolo,113,214977,49236,48970,4704,53674,426
2022-12-28,Yuba,115,75493,19705,19654,1814,21468,132
2022-12-27,Alameda,001,1643700,368906,367954,21829,389783,2094
2022-12-27,Alpine,003,1148,139,138,3,141,0
2022-12-27,Amador,005,37829,10333,10313,960,11273,96
2022-12-27,Butte,007,227075,41103,41018,9924,50942,474
2022-12-27,Calaveras,009,45235,8839,8818,633,9451,135
2022-12-27,Colusa,011,21464,3906,3906,1322,5228,22
2022-12-27,Contra Costa,013,1133247,265357,264448,21900,286348,1502
2022-12-27,Del Norte,015,27424,7659,7645,440,8085,56
2022-12-27,El Dorado,017,186661,33982,33865,4469,38334,236
2022-12-27,Fresno,019,978130,286314,285444,33565,319009,2918
2022-12-27,Glenn,021,27897,5728,5719,1968,7687,58
2022-12-27,Humboldt,023,135768,22918,22835,5671,28506,163
2022-12-27,Imperial,025,180216,68750,68622,18405,87027,963
2022-12-27,Inyo,027,18085,4686,4670,1209,5879,62
2022-12-27,Kern,029,883053,225938,225659,69225,294884,2450
2022-12-27,Kings,031,150075,61748,61692,4363,66055,466
2022-12-27,Lake,033,64148,13371,13312,1276,14588,149
2022-12-27,Lassen,035,31185,10184,10172,1038,11210,66
2022-12-27,Los Angeles,037,10098052,3426798,3420383,206279,3626662,34360
2022-12-27,Madera,039,155013,45582,45448,8719,54167,377
2022-12-27,Marin,041,260295,47839,47686,5585,53271,317
2022-12-27,Mariposa,043,17540,3269,3211,388,3599,32
2022-12-27,Mendocino,045,87422,16611,16508,4738,21246,137
2022-12-27,Merced,047,269075,75014,74732,12480,87212,883
2022-12-27,Modoc,049,8938,934,931,363,1294,11
2022-12-27,Mono,051,14174,3281,3274,292,3566,8
2022-12-27,Monterey,053,433212,96586,96380,22381,118761,776
2022-12-27,Napa,055,140530,33604,33534,1501,35035,163
2022-12-27,Nevada,057,99092,19865,19774,2233,22007,132
2022-12-27,Orange,059,3164182,695387,694080,72840,766920,7656
2022-12-27,Placer,061,380077,79315,79154,10053,89207,672
2022-12-27,Plumas,063,18699,3791,3787,457,4244,13
2022-12-27,Riverside,065,2383286,722217,720437,39873,760310,6738
2022-12-27,Sacramento,067,1510023,363434,362664,36365,399029,3414
2022-12-27,San Benito,069,59416,17296,17211,1100,18311,108
2022-12-27,San Bernardino,071,2135413,698224,696472,33971,730443,8142
2022-12-27,San Diego,073,3302833,964325,962601,78214,1040815,5641
2022-12-27,San Francisco,075,870044,190471,190012,13004,203016,1104
2022-12-27,San Joaquin,077,732212,205983,205467,16323,221790,2363
2022-12-27,San Luis Obispo,079,281455,65216,64966,7830,72796,536
2022-12-27,San Mateo,081,765935,178318,177703,11114,188817,749
2022-12-27,Santa Barbara,083,443738,109880,109576,7415,116991,747
2022-12-27,Santa Clara,085,1922200,462680,461535,21107,482642,2587
2022-12-27,Santa Cruz,087,273765,66914,66735,3720,70455,276
2022-12-27,Shasta,089,179085,36088,35950,8168,44118,602
2022-12-27,Sierra,091,2930,310,309,61,370,5
2022-12-27,Siskiyou,093,43540,5363,5355,3413,8768,95
2022-12-27,Solano,095,438530,110846,110589,8324,118913,475
2022-12-27,Sonoma,097,501317,111374,111095,5648,116743,536
2022-12-27,Stanislaus,099,539301,142688,142392,22386,164778,1795
2022-12-27,Sutter,101,95872,25261,25207,2533,27740,235
2022-12-27,Tehama,103,63373,14268,14187,3351,17538,219
2022-12-27,Trinity,105,12862,1446,1442,489,1931,23
2022-12-27,Tulare,107,460477,125824,125303,38971,164274,1546
2022-12-27,Tuolumne,109,53932,16444,16340,989,17329,211
2022-12-27,Ventura,111,848112,217089,216327,17449,233776,1605
2022-12-27,Yolo,113,214977,49212,48970,4702,53672,426
2022-12-27,Yuba,115,75493,19694,19654,1813,21467,132
2022-12-26,Alameda,001,1643700,368554,366018,21794,387812,2088
2022-12-26,Alpine,003,1148,139,138,3,141,0
2022-12-26,Amador,005,37829,10329,10269,960,11229,96
2022-12-26,Butte,007,227075,41078,40923,9899,50822,473
2022-12-26,Calaveras,009,45235,8832,8794,632,9426,135
2022-12-26,Colusa,011,21464,3906,3891,1322,5213,22
2022-12-26,Contra Costa,013,1133247,265073,262951,21870,284821,1492
2022-12-26,Del Norte,015,27424,7653,7612,440,8052,56
2022-12-26,El Dorado,017,186661,33953,33729,4464,38193,236
2022-12-26,Fresno,019,978130,286083,284361,33528,317889,2907
2022-12-26,Glenn,021,27897,5727,5702,1967,7669,58
2022-12-26,Humboldt,023,135768,22906,22760,5649,28409,161
2022-12-26,Imperial,025,180216,68709,68403,18343,86746,963
2022-12-26,Inyo,027,18085,4684,4655,1205,5860,60
2022-12-26,Kern,029,883053,225784,224945,69188,294133,2446
2022-12-26,Kings,031,150075,61713,61461,4360,65821,467
2022-12-26,Lake,033,64148,13366,13254,1272,14526,149
2022-12-26,Lassen,035,31185,10181,10151,1036,11187,66
2022-12-26,Los Angeles,037,10098052,3424133,3399852,205728,3605580,34170
2022-12-26,Madera,039,155013,45543,45290,8707,53997,377
2022-12-26,Marin,041,260295,47794,47457,5577,53034,315
2022-12-26,Mariposa,043,17540,3269,3201,384,3585,32
2022-12-26,Mendocino,045,87422,16597,16435,4723,21158,137
2022-12-26,Merced,047,269075,74992,74498,12467,86965,880
2022-12-26,Modoc,049,8938,931,927,363,1290,11
2022-12-26,Mono,051,14174,3277,3264,292,3556,8
2022-12-26,Monterey,053,433212,96547,96192,22363,118555,776
2022-12-26,Napa,055,140530,33581,33370,1500,34870,163
2022-12-26,Nevada,057,99092,19852,19696,2223,21919,132
2022-12-26,Orange,059,3164182,694728,690845,72619,763464,7628
2022-12-26,Placer,061,380077,79261,78813,10049,88862,669
2022-12-26,Plumas,063,18699,3789,3778,457,4235,13
2022-12-26,Riverside,065,2383286,721563,717576,39762,757338,6738
2022-12-26,Sacramento,067,1510023,363099,361095,36327,397422,3407
2022-12-26,San Benito,069,59416,17281,17109,1094,18203,108
2022-12-26,San Bernardino,071,2135413,697588,693567,33875,727442,8136
2022-12-26,San Diego,073,3302833,963271,957866,78040,1035906,5626
2022-12-26,San Francisco,075,870044,190260,188947,12996,201943,1095
2022-12-26,San Joaquin,077,732212,205825,204712,16298,221010,2353
2022-12-26,San Luis Obispo,079,281455,65172,64748,7796,72544,536
2022-12-26,San Mateo,081,765935,178142,176920,11099,188019,748
2022-12-26,Santa Barbara,083,443738,109802,109074,7401,116475,744
2022-12-26,Santa Clara,085,1922200,462159,459089,21080,480169,2579
2022-12-26,Santa Cruz,087,273765,66878,66560,3713,70273,277
2022-12-26,Shasta,089,179085,36069,35856,8158,44014,601
2022-12-26,Sierra,091,2930,310,308,61,369,5
2022-12-26,Siskiyou,093,43540,5358,5334,3411,8745,95
2022-12-26,Solano,095,438530,110714,109900,8316,118216,474
2022-12-26,Sonoma,097,501317,111283,110643,5636,116279,536
2022-12-26,Stanislaus,099,539301,142595,141956,22368,164324,1795
2022-12-26,Sutter,101,95872,25243,25088,2526,27614,235
2022-12-26,Tehama,103,63373,14262,14127,3344,17471,218
2022-12-26,Trinity,105,12862,1445,1438,489,1927,23
2022-12-26,Tulare,107,460477,125725,124848,38915,163763,1546
2022-12-26,Tuolumne,109,53932,16435,16261,987,17248,209
2022-12-26,Ventura,111,848112,216871,215497,17399,232896,1604
2022-12-26,Yolo,113,214977,49191,48842,4696,53538,422
2022-12-26,Yuba,115,75493,19678,19553,1809,21362,132
2022-12-25,Alameda,001,1643700,368270,366018,21772,387790,2088
2022-12-25,Alpine,003,1148,139,138,3,141,0
2022-12-25,Amador,005,37829,10323,10269,960,11229,96
2022-12-25,Butte,007,227075,41064,40923,9885,50808,473
2022-12-25,Calaveras,009,45235,8828,8794,631,9425,135
2022-12-25,Colusa,011,21464,3905,3891,1321,5212,22
2022-12-25,Contra Costa,013,1133247,264840,262951,21862,284813,1492
2022-12-25,Del Norte,015,27424,7648,7612,440,8052,56
2022-12-25,El Dorado,017,186661,33939,33729,4460,38189,236
2022-12-25,Fresno,019,978130,285944,284361,33516,317877,2907
2022-12-25,Glenn,021,27897,5727,5702,1965,7667,58
2022-12-25,Humboldt,023,135768,22896,22760,5641,28401,161
2022-12-25,Imperial,025,180216,68676,68403,18327,86730,963
2022-12-25,Inyo,027,18085,4682,4655,1203,5858,60
2022-12-25,Kern,029,883053,225694,224945,69131,294076,2446
2022-12-25,Kings,031,150075,61673,61461,4359,65820,467
2022-12-25,Lake,033,64148,13362,13254,1272,14526,149
2022-12-25,Lassen,035,31185,10179,10151,1034,11185,66
2022-12-25,Los Angeles,037,10098052,3421953,3399852,205298,3605150,34170
2022-12-25,Madera,039,155013,45526,45290,8706,53996,377
2022-12-25,Marin,041,260295,47763,47457,5574,53031,315
2022-12-25,Mariposa,043,17540,3269,3201,384,3585,32
2022-12-25,Mendocino,045,87422,16583,16435,4721,21156,137
2022-12-25,Merced,047,269075,74952,74498,12463,86961,880
2022-12-25,Modoc,049,8938,930,927,363,1290,11
2022-12-25,Mono,051,14174,3272,3264,292,3556,8
2022-12-25,Monterey,053,433212,96520,96192,22355,118547,776
2022-12-25,Napa,055,140530,33563,33370,1497,34867,163
2022-12-25,Nevada,057,99092,19843,19696,2219,21915,132
2022-12-25,Orange,059,3164182,694188,690845,72390,763235,7628
2022-12-25,Placer,061,380077,79228,78813,10042,88855,669
2022-12-25,Plumas,063,18699,3789,3778,457,4235,13
2022-12-25,Riverside,065,2383286,721087,717576,39667,757243,6738
2022-12-25,Sacramento,067,1510023,362914,361095,36304,397399,3407
2022-12-25,San Benito,069,59416,17271,17109,1094,18203,108
2022-12-25,San Bernardino,071,2135413,697120,693567,33805,727372,8136
2022-12-25,San Diego,073,3302833,962639,957866,77953,1035819,5626
2022-12-25,San Francisco,075,870044,190092,188947,12989,201936,1095
2022-12-25,San Joaquin,077,732212,205714,204712,16290,221002,2353
2022-12-25,San Luis Obispo,079,281455,65148,64748,7784,72532,536
2022-12-25,San Mateo,081,765935,178022,176920,11091,188011,748
2022-12-25,Santa Barbara,083,443738,109741,109074,7399,116473,744
2022-12-25,Santa Clara,085,1922200,461810,459089,21040,480129,2579
2022-12-25,Santa Cruz,087,273765,66815,66560,3712,70272,277
2022-12-25,Shasta,089,179085,36055,35856,8154,44010,601
2022-12-25,Sierra,091,2930,310,308,61,369,5
2022-12-25,Siskiyou,093,43540,5357,5334,3411,8745,95
2022-12-25,Solano,095,438530,110621,109900,8309,118209,474
2022-12-25,Sonoma,097,501317,111223,110643,5632,116275,536
2022-12-25,Stanislaus,099,539301,142528,141956,22363,164319,1795
2022-12-25,Sutter,101,95872,25230,25088,2523,27611,235
2022-12-25,Tehama,103,63373,14255,14127,3343,17470,218
2022-12-25,Trinity,105,12862,1445,1438,489,1927,23
2022-12-25,Tulare,107,460477,125647,124848,38874,163722,1546
2022-12-25,Tuolumne,109,53932,16415,16261,985,17246,209
2022-12-25,Ventura,111,848112,216735,215497,17363,232860,1604
2022-12-25,Yolo,113,214977,49171,48842,4692,53534,422
2022-12-25,Yuba,115,75493,19662,19553,1808,21361,132
2022-12-24,Alameda,001,1643700,368132,366018,21760,387778,2088
2022-12-24,Alpine,003,1148,139,138,3,141,0
2022-12-24,Amador,005,37829,10322,10269,959,11228,96
2022-12-24,Butte,007,227075,41056,40923,9877,50800,473
2022-12-24,Calaveras,009,45235,8827,8794,630,9424,135
2022-12-24,Colusa,011,21464,3905,3891,1321,5212,22
2022-12-24,Contra Costa,013,1133247,264758,262951,21856,284807,1492
2022-12-24,Del Norte,015,27424,7645,7612,440,8052,56
2022-12-24,El Dorado,017,186661,33926,33729,4459,38188,236
2022-12-24,Fresno,019,978130,285866,284361,33514,317875,2907
2022-12-24,Glenn,021,27897,5727,5702,1965,7667,58
2022-12-24,Humboldt,023,135768,22890,22760,5632,28392,161
2022-12-24,Imperial,025,180216,68662,68403,18321,86724,963
2022-12-24,Inyo,027,18085,4681,4655,1203,5858,60
2022-12-24,Kern,029,883053,225653,224945,69123,294068,2446
2022-12-24,Kings,031,150075,61667,61461,4359,65820,467
2022-12-24,Lake,033,64148,13353,13254,1270,14524,149
2022-12-24,Lassen,035,31185,10177,10151,1034,11185,66
2022-12-24,Los Angeles,037,10098052,3421272,3399852,205128,3604980,34170
2022-12-24,Madera,039,155013,45507,45290,8705,53995,377
2022-12-24,Marin,041,260295,47749,47457,5571,53028,315
2022-12-24,Mariposa,043,17540,3268,3201,383,3584,32
2022-12-24,Mendocino,045,87422,16579,16435,4721,21156,137
2022-12-24,Merced,047,269075,74942,74498,12461,86959,880
2022-12-24,Modoc,049,8938,930,927,363,1290,11
2022-12-24,Mono,051,14174,3270,3264,292,3556,8
2022-12-24,Monterey,053,433212,96497,96192,22345,118537,776
2022-12-24,Napa,055,140530,33548,33370,1497,34867,163
2022-12-24,Nevada,057,99092,19837,19696,2217,21913,132
2022-12-24,Orange,059,3164182,694022,690845,72372,763217,7628
2022-12-24,Placer,061,380077,79202,78813,10040,88853,669
2022-12-24,Plumas,063,18699,3788,3778,455,4233,13
2022-12-24,Riverside,065,2383286,720912,717576,39631,757207,6738
2022-12-24,Sacramento,067,1510023,362841,361095,36301,397396,3407
2022-12-24,San Benito,069,59416,17267,17109,1094,18203,108
2022-12-24,San Bernardino,071,2135413,696947,693567,33779,727346,8136
2022-12-24,San Diego,073,3302833,962424,957866,77903,1035769,5626
2022-12-24,San Francisco,075,870044,190029,188947,12988,201935,1095
2022-12-24,San Joaquin,077,732212,205658,204712,16284,220996,2353
2022-12-24,San Luis Obispo,079,281455,65136,64748,7776,72524,536
2022-12-24,San Mateo,081,765935,177956,176920,11089,188009,748
2022-12-24,Santa Barbara,083,443738,109703,109074,7396,116470,744
2022-12-24,Santa Clara,085,1922200,461650,459089,21027,480116,2579
2022-12-24,Santa Cruz,087,273765,66797,66560,3712,70272,277
2022-12-24,Shasta,089,179085,36049,35856,8151,44007,601
2022-12-24,Sierra,091,2930,310,308,61,369,5
2022-12-24,Siskiyou,093,43540,5355,5334,3411,8745,95
2022-12-24,Solano,095,438530,110595,109900,8305,118205,474
2022-12-24,Sonoma,097,501317,111191,110643,5630,116273,536
2022-12-24,Stanislaus,099,539301,142480,141956,22358,164314,1795
2022-12-24,Sutter,101,95872,25221,25088,2522,27610,235
2022-12-24,Tehama,103,63373,14247,14127,3342,17469,218
2022-12-24,Trinity,105,12862,1445,1438,489,1927,23
2022-12-24,Tulare,107,460477,125605,124848,38851,163699,1546
2022-12-24,Tuolumne,109,53932,16408,16261,983,17244,209
2022-12-24,Ventura,111,848112,216665,215497,17350,232847,1604
2022-12-24,Yolo,113,214977,49159,48842,4690,53532,422
2022-12-24,Yuba,115,75493,19654,19553,1808,21361,132
2022-12-23,Alameda,001,1643700,367973,366018,21733,387751,2088
2022-12-23,Alpine,003,1148,139,138,3,141,0
2022-12-23,Amador,005,37829,10317,10269,959,11228,96
2022-12-23,Butte,007,227075,41050,40923,9864,50787,473
2022-12-23,Calaveras,009,45235,8826,8794,629,9423,135
2022-12-23,Colusa,011,21464,3903,3891,1319,5210,22
2022-12-23,Contra Costa,013,1133247,264639,262951,21843,284794,1492
2022-12-23,Del Norte,015,27424,7640,7612,440,8052,56
2022-12-23,El Dorado,017,186661,33906,33729,4459,38188,236
2022-12-23,Fresno,019,978130,285766,284361,33500,317861,2907
2022-12-23,Glenn,021,27897,5724,5702,1964,7666,58
2022-12-23,Humboldt,023,135768,22885,22760,5629,28389,161
2022-12-23,Imperial,025,180216,68636,68403,18316,86719,963
2022-12-23,Inyo,027,18085,4678,4655,1202,5857,60
2022-12-23,Kern,029,883053,225607,224945,69107,294052,2446
2022-12-23,Kings,031,150075,61650,61461,4358,65819,467
2022-12-23,Lake,033,64148,13346,13254,1270,14524,149
2022-12-23,Lassen,035,31185,10175,10151,1034,11185,66
2022-12-23,Los Angeles,037,10098052,3420151,3399852,204827,3604679,34170
2022-12-23,Madera,039,155013,45490,45290,8704,53994,377
2022-12-23,Marin,041,260295,47727,47457,5569,53026,315
2022-12-23,Mariposa,043,17540,3268,3201,383,3584,32
2022-12-23,Mendocino,045,87422,16574,16435,4719,21154,137
2022-12-23,Merced,047,269075,74930,74498,12458,86956,880
2022-12-23,Modoc,049,8938,930,927,363,1290,11
2022-12-23,Mono,051,14174,3270,3264,291,3555,8
2022-12-23,Monterey,053,433212,96475,96192,22330,118522,776
2022-12-23,Napa,055,140530,33529,33370,1496,34866,163
2022-12-23,Nevada,057,99092,19833,19696,2211,21907,132
2022-12-23,Orange,059,3164182,693774,690845,72220,763065,7628
2022-12-23,Placer,061,380077,79178,78813,10034,88847,669
2022-12-23,Plumas,063,18699,3787,3778,455,4233,13
2022-12-23,Riverside,065,2383286,720650,717576,39569,757145,6738
2022-12-23,Sacramento,067,1510023,362731,361095,36292,397387,3407
2022-12-23,San Benito,069,59416,17255,17109,1092,18201,108
2022-12-23,San Bernardino,071,2135413,696694,693567,33736,727303,8136
2022-12-23,San Diego,073,3302833,962018,957866,77842,1035708,5626
2022-12-23,San Francisco,075,870044,189931,188947,12976,201923,1095
2022-12-23,San Joaquin,077,732212,205600,204712,16282,220994,2353
2022-12-23,San Luis Obispo,079,281455,65117,64748,7772,72520,536
2022-12-23,San Mateo,081,765935,177896,176920,11076,187996,748
2022-12-23,Santa Barbara,083,443738,109664,109074,7391,116465,744
2022-12-23,Santa Clara,085,1922200,461479,459089,21004,480093,2579
2022-12-23,Santa Cruz,087,273765,66780,66560,3706,70266,277
2022-12-23,Shasta,089,179085,36043,35856,8149,44005,601
2022-12-23,Sierra,091,2930,310,308,61,369,5
2022-12-23,Siskiyou,093,43540,5354,5334,3411,8745,95
2022-12-23,Solano,095,438530,110538,109900,8299,118199,474
2022-12-23,Sonoma,097,501317,111147,110643,5629,116272,536
2022-12-23,Stanislaus,099,539301,142440,141956,22356,164312,1795
2022-12-23,Sutter,101,95872,25208,25088,2522,27610,235
2022-12-23,Tehama,103,63373,14244,14127,3342,17469,218
2022-12-23,Trinity,105,12862,1444,1438,489,1927,23
2022-12-23,Tulare,107,460477,125572,124848,38825,163673,1546
2022-12-23,Tuolumne,109,53932,16401,16261,981,17242,209
2022-12-23,Ventura,111,848112,216572,215497,17328,232825,1604
2022-12-23,Yolo,113,214977,49147,48842,4688,53530,422
2022-12-23,Yuba,115,75493,19646,19553,1808,21361,132
2022-12-22,Alameda,001,1643700,367648,366018,21700,387718,2088
2022-12-22,Alpine,003,1148,139,138,3,141,0
2022-12-22,Amador,005,37829,10312,10269,958,11227,96
2022-12-22,Butte,007,227075,41040,40923,9852,50775,473
2022-12-22,Calaveras,009,45235,8826,8794,629,9423,135
2022-12-22,Colusa,011,21464,3898,3891,1319,5210,22
2022-12-22,Contra Costa,013,1133247,264394,262951,21834,284785,1492
2022-12-22,Del Norte,015,27424,7636,7612,436,8048,56
2022-12-22,El Dorado,017,186661,33884,33729,4459,38188,236
2022-12-22,Fresno,019,978130,285609,284361,33467,317828,2907
2022-12-22,Glenn,021,27897,5722,5702,1964,7666,58
2022-12-22,Humboldt,023,135768,22875,22760,5622,28382,161
2022-12-22,Imperial,025,180216,68601,68403,18304,86707,963
2022-12-22,Inyo,027,18085,4678,4655,1201,5856,60
2022-12-22,Kern,029,883053,225521,224945,69073,294018,2446
2022-12-22,Kings,031,150075,61636,61461,4358,65819,467
2022-12-22,Lake,033,64148,13341,13254,1267,14521,149
2022-12-22,Lassen,035,31185,10172,10151,1033,11184,66
2022-12-22,Los Angeles,037,10098052,3418196,3399852,204417,3604269,34170
2022-12-22,Madera,039,155013,45458,45290,8695,53985,377
2022-12-22,Marin,041,260295,47699,47457,5566,53023,315
2022-12-22,Mariposa,043,17540,3266,3201,383,3584,32
2022-12-22,Mendocino,045,87422,16565,16435,4718,21153,137
2022-12-22,Merced,047,269075,74900,74498,12450,86948,880
2022-12-22,Modoc,049,8938,928,927,363,1290,11
2022-12-22,Mono,051,14174,3270,3264,291,3555,8
2022-12-22,Monterey,053,433212,96454,96192,22314,118506,776
2022-12-22,Napa,055,140530,33512,33370,1496,34866,163
2022-12-22,Nevada,057,99092,19824,19696,2205,21901,132
2022-12-22,Orange,059,3164182,693316,690845,72038,762883,7628
2022-12-22,Placer,061,380077,79133,78813,10029,88842,669
2022-12-22,Plumas,063,18699,3785,3778,455,4233,13
2022-12-22,Riverside,065,2383286,720246,717576,39490,757066,6738
2022-12-22,Sacramento,067,1510023,362492,361095,36271,397366,3407
2022-12-22,San Benito,069,59416,17239,17109,1085,18194,108
2022-12-22,San Bernardino,071,2135413,696286,693567,33663,727230,8136
2022-12-22,San Diego,073,3302833,961318,957866,77686,1035552,5626
2022-12-22,San Francisco,075,870044,189797,188947,12949,201896,1095
2022-12-22,San Joaquin,077,732212,205492,204712,16274,220986,2353
2022-12-22,San Luis Obispo,079,281455,65079,64748,7746,72494,536
2022-12-22,San Mateo,081,765935,177784,176920,11068,187988,748
2022-12-22,Santa Barbara,083,443738,109588,109074,7373,116447,744
2022-12-22,Santa Clara,085,1922200,461105,459089,20978,480067,2579
2022-12-22,Santa Cruz,087,273765,66755,66560,3699,70259,277
2022-12-22,Shasta,089,179085,36029,35856,8144,44000,601
2022-12-22,Sierra,091,2930,310,308,61,369,5
2022-12-22,Siskiyou,093,43540,5349,5334,3410,8744,95
2022-12-22,Solano,095,438530,110452,109900,8290,118190,474
2022-12-22,Sonoma,097,501317,111080,110643,5623,116266,536
2022-12-22,Stanislaus,099,539301,142377,141956,22348,164304,1795
2022-12-22,Sutter,101,95872,25187,25088,2519,27607,235
2022-12-22,Tehama,103,63373,14239,14127,3342,17469,218
2022-12-22,Trinity,105,12862,1443,1438,488,1926,23
2022-12-22,Tulare,107,460477,125513,124848,38784,163632,1546
2022-12-22,Tuolumne,109,53932,16391,16261,981,17242,209
2022-12-22,Ventura,111,848112,216468,215497,17292,232789,1604
2022-12-22,Yolo,113,214977,49135,48842,4684,53526,422
2022-12-22,Yuba,115,75493,19632,19553,1806,21359,132
2022-12-21,Alameda,001,1643700,367320,366018,21665,387683,2088
2022-12-21,Alpine,003,1148,139,138,3,141,0
2022-12-21,Amador,005,37829,10309,10269,958,11227,96
2022-12-21,Butte,007,227075,41023,40923,9837,50760,473
2022-12-21,Calaveras,009,45235,8822,8794,623,9417,135
2022-12-21,Colusa,011,21464,3895,3891,1319,5210,22
2022-12-21,Contra Costa,013,1133247,264175,262951,21809,284760,1492
2022-12-21,Del Norte,015,27424,7631,7612,424,8036,56
2022-12-21,El Dorado,017,186661,33861,33729,4453,38182,236
2022-12-21,Fresno,019,978130,285416,284361,33446,317807,2907
2022-12-21,Glenn,021,27897,5721,5702,1963,7665,58
2022-12-21,Humboldt,023,135768,22866,22760,5605,28365,161
2022-12-21,Imperial,025,180216,68562,68403,18278,86681,963
2022-12-21,Inyo,027,18085,4677,4655,1200,5855,60
2022-12-21,Kern,029,883053,225407,224945,69003,293948,2446
2022-12-21,Kings,031,150075,61593,61461,4356,65817,467
2022-12-21,Lake,033,64148,13338,13254,1265,14519,149
2022-12-21,Lassen,035,31185,10166,10151,1033,11184,66
2022-12-21,Los Angeles,037,10098052,3416042,3399852,204006,3603858,34170
2022-12-21,Madera,039,155013,45448,45290,8692,53982,377
2022-12-21,Marin,041,260295,47656,47457,5556,53013,315
2022-12-21,Mariposa,043,17540,3264,3201,376,3577,32
2022-12-21,Mendocino,045,87422,16553,16435,4709,21144,137
2022-12-21,Merced,047,269075,74867,74498,12444,86942,880
2022-12-21,Modoc,049,8938,928,927,363,1290,11
2022-12-21,Mono,051,14174,3270,3264,291,3555,8
2022-12-21,Monterey,053,433212,96425,96192,22303,118495,776
2022-12-21,Napa,055,140530,33493,33370,1493,34863,163
2022-12-21,Nevada,057,99092,19815,19696,2203,21899,132
2022-12-21,Orange,059,3164182,692795,690845,71821,762666,7628
2022-12-21,Placer,061,380077,79078,78813,10014,88827,669
2022-12-21,Plumas,063,18699,3783,3778,454,4232,13
2022-12-21,Riverside,065,2383286,719744,717576,39400,756976,6738
2022-12-21,Sacramento,067,1510023,362262,361095,36232,397327,3407
2022-12-21,San Benito,069,59416,17222,17109,1076,18185,108
2022-12-21,San Bernardino,071,2135413,695821,693567,33582,727149,8136
2022-12-21,San Diego,073,3302833,960526,957866,77540,1035406,5626
2022-12-21,San Francisco,075,870044,189654,188947,12937,201884,1095
2022-12-21,San Joaquin,077,732212,205350,204712,16253,220965,2353
2022-12-21,San Luis Obispo,079,281455,65049,64748,7727,72475,536
2022-12-21,San Mateo,081,765935,177641,176920,11056,187976,748
2022-12-21,Santa Barbara,083,443738,109510,109074,7357,116431,744
2022-12-21,Santa Clara,085,1922200,460720,459089,20935,480024,2579
2022-12-21,Santa Cruz,087,273765,66715,66560,3696,70256,277
2022-12-21,Shasta,089,179085,36004,35856,8134,43990,601
2022-12-21,Sierra,091,2930,310,308,61,369,5
2022-12-21,Siskiyou,093,43540,5347,5334,3410,8744,95
2022-12-21,Solano,095,438530,110327,109900,8283,118183,474
2022-12-21,Sonoma,097,501317,111012,110643,5610,116253,536
2022-12-21,Stanislaus,099,539301,142306,141956,22339,164295,1795
2022-12-21,Sutter,101,95872,25172,25088,2517,27605,235
2022-12-21,Tehama,103,63373,14236,14127,3339,17466,218
2022-12-21,Trinity,105,12862,1443,1438,483,1921,23
2022-12-21,Tulare,107,460477,125449,124848,38734,163582,1546
2022-12-21,Tuolumne,109,53932,16369,16261,981,17242,209
2022-12-21,Ventura,111,848112,216336,215497,17255,232752,1604
2022-12-21,Yolo,113,214977,49112,48842,4678,53520,422
2022-12-21,Yuba,115,75493,19610,19553,1805,21358,132
2022-12-20,Alameda,001,1643700,366988,366018,21628,387646,2088
2022-12-20,Alpine,003,1148,139,138,2,140,0
2022-12-20,Amador,005,37829,10303,10269,958,11227,96
2022-12-20,Butte,007,227075,41007,40923,9818,50741,473
2022-12-20,Calaveras,009,45235,8814,8794,623,9417,135
2022-12-20,Colusa,011,21464,3894,3891,1318,5209,22
2022-12-20,Contra Costa,013,1133247,263954,262951,21790,284741,1492
2022-12-20,Del Norte,015,27424,7629,7612,422,8034,56
2022-12-20,El Dorado,017,186661,33838,33729,4449,38178,236
2022-12-20,Fresno,019,978130,285207,284361,33411,317772,2907
2022-12-20,Glenn,021,27897,5719,5702,1961,7663,58
2022-12-20,Humboldt,023,135768,22851,22760,5587,28347,161
2022-12-20,Imperial,025,180216,68535,68403,18251,86654,963
2022-12-20,Inyo,027,18085,4673,4655,1199,5854,60
2022-12-20,Kern,029,883053,225268,224945,68917,293862,2446
2022-12-20,Kings,031,150075,61548,61461,4353,65814,467
2022-12-20,Lake,033,64148,13327,13254,1251,14505,149
2022-12-20,Lassen,035,31185,10160,10151,1032,11183,66
2022-12-20,Los Angeles,037,10098052,3413725,3399852,203531,3603383,34170
2022-12-20,Madera,039,155013,45417,45290,8682,53972,377
2022-12-20,Marin,041,260295,47618,47457,5552,53009,315
2022-12-20,Mariposa,043,17540,3262,3201,375,3576,32
2022-12-20,Mendocino,045,87422,16540,16435,4702,21137,137
2022-12-20,Merced,047,269075,74831,74498,12433,86931,880
2022-12-20,Modoc,049,8938,927,927,363,1290,11
2022-12-20,Mono,051,14174,3269,3264,286,3550,8
2022-12-20,Monterey,053,433212,96400,96192,22292,118484,776
2022-12-20,Napa,055,140530,33468,33370,1492,34862,163
2022-12-20,Nevada,057,99092,19800,19696,2189,21885,132
2022-12-20,Orange,059,3164182,692226,690845,71626,762471,7628
2022-12-20,Placer,061,380077,79023,78813,10005,88818,669
2022-12-20,Plumas,063,18699,3782,3778,454,4232,13
2022-12-20,Riverside,065,2383286,719252,717576,39312,756888,6738
2022-12-20,Sacramento,067,1510023,362020,361095,36204,397299,3407
2022-12-20,San Benito,069,59416,17200,17109,1072,18181,108
2022-12-20,San Bernardino,071,2135413,695319,693567,33531,727098,8136
2022-12-20,San Diego,073,3302833,959761,957866,77392,1035258,5626
2022-12-20,San Francisco,075,870044,189439,188947,12928,201875,1095
2022-12-20,San Joaquin,077,732212,205206,204712,16235,220947,2353
2022-12-20,San Luis Obispo,079,281455,65016,64748,7711,72459,536
2022-12-20,San Mateo,081,765935,177512,176920,11038,187958,748
2022-12-20,Santa Barbara,083,443738,109418,109074,7342,116416,744
2022-12-20,Santa Clara,085,1922200,460324,459089,20896,479985,2579
2022-12-20,Santa Cruz,087,273765,66696,66560,3691,70251,277
2022-12-20,Shasta,089,179085,35990,35856,8131,43987,601
2022-12-20,Sierra,091,2930,310,308,61,369,5
2022-12-20,Siskiyou,093,43540,5343,5334,3408,8742,95
2022-12-20,Solano,095,438530,110210,109900,8277,118177,474
2022-12-20,Sonoma,097,501317,110932,110643,5594,116237,536
2022-12-20,Stanislaus,099,539301,142235,141956,22326,164282,1795
2022-12-20,Sutter,101,95872,25147,25088,2516,27604,235
2022-12-20,Tehama,103,63373,14228,14127,3334,17461,218
2022-12-20,Trinity,105,12862,1443,1438,479,1917,23
2022-12-20,Tulare,107,460477,125383,124848,38702,163550,1546
2022-12-20,Tuolumne,109,53932,16356,16261,975,17236,209
2022-12-20,Ventura,111,848112,216188,215497,17196,232693,1604
2022-12-20,Yolo,113,214977,49087,48842,4669,53511,422
2022-12-20,Yuba,115,75493,19592,19553,1804,21357,132
2022-12-19,Alameda,001,1643700,366651,363758,21576,385334,2082
2022-12-19,Alpine,003,1148,139,139,2,141,0
2022-12-19,Amador,005,37829,10288,10236,958,11194,96
2022-12-19,Butte,007,227075,40988,40800,9803,50603,471
2022-12-19,Calaveras,009,45235,8812,8758,622,9380,135
2022-12-19,Colusa,011,21464,3892,3882,1318,5200,22
2022-12-19,Contra Costa,013,1133247,263694,261280,21766,283046,1491
2022-12-19,Del Norte,015,27424,7625,7586,421,8007,56
2022-12-19,El Dorado,017,186661,33810,33598,4443,38041,235
2022-12-19,Fresno,019,978130,285034,283068,33376,316444,2905
2022-12-19,Glenn,021,27897,5715,5690,1960,7650,58
2022-12-19,Humboldt,023,135768,22840,22679,5578,28257,161
2022-12-19,Imperial,025,180216,68486,68094,18221,86315,963
2022-12-19,Inyo,027,18085,4671,4649,1196,5845,60
2022-12-19,Kern,029,883053,225153,223971,68832,292803,2444
2022-12-19,Kings,031,150075,61515,61254,4351,65605,466
2022-12-19,Lake,033,64148,13317,13201,1248,14449,149
2022-12-19,Lassen,035,31185,10154,10142,1032,11174,66
2022-12-19,Los Angeles,037,10098052,3411160,3390335,203023,3593358,34114
2022-12-19,Madera,039,155013,45383,45131,8666,53797,377
2022-12-19,Marin,041,260295,47586,47184,5549,52733,315
2022-12-19,Mariposa,043,17540,3260,3202,370,3572,32
2022-12-19,Mendocino,045,87422,16524,16396,4700,21096,136
2022-12-19,Merced,047,269075,74804,74307,12428,86735,880
2022-12-19,Modoc,049,8938,927,918,362,1280,11
2022-12-19,Mono,051,14174,3268,3251,283,3534,8
2022-12-19,Monterey,053,433212,96379,95970,22262,118232,776
2022-12-19,Napa,055,140530,33440,33212,1487,34699,162
2022-12-19,Nevada,057,99092,19793,19663,2182,21845,132
2022-12-19,Orange,059,3164182,691614,687587,71436,759023,7596
2022-12-19,Placer,061,380077,78977,78475,10003,88478,666
2022-12-19,Plumas,063,18699,3780,3769,453,4222,13
2022-12-19,Riverside,065,2383286,718740,714426,39219,753645,6694
2022-12-19,Sacramento,067,1510023,361734,359420,36159,395579,3395
2022-12-19,San Benito,069,59416,17180,17018,1066,18084,108
2022-12-19,San Bernardino,071,2135413,694770,690423,33459,723882,8136
2022-12-19,San Diego,073,3302833,958836,953029,77252,1030281,5608
2022-12-19,San Francisco,075,870044,189258,187665,12917,200582,1087
2022-12-19,San Joaquin,077,732212,205081,203845,16216,220061,2353
2022-12-19,San Luis Obispo,079,281455,64984,64540,7693,72233,533
2022-12-19,San Mateo,081,765935,177336,175963,11027,186990,748
2022-12-19,Santa Barbara,083,443738,109325,108635,7329,115964,743
2022-12-19,Santa Clara,085,1922200,459906,456121,20856,476977,2566
2022-12-19,Santa Cruz,087,273765,66668,66157,3688,69845,275
2022-12-19,Shasta,089,179085,35977,35797,8119,43916,599
2022-12-19,Sierra,091,2930,310,309,61,370,5
2022-12-19,Siskiyou,093,43540,5342,5325,3408,8733,94
2022-12-19,Solano,095,438530,110069,109297,8273,117570,472
2022-12-19,Sonoma,097,501317,110845,110159,5583,115742,533
2022-12-19,Stanislaus,099,539301,142154,141472,22310,163782,1796
2022-12-19,Sutter,101,95872,25121,25020,2514,27534,235
2022-12-19,Tehama,103,63373,14217,14104,3331,17435,218
2022-12-19,Trinity,105,12862,1442,1434,477,1911,23
2022-12-19,Tulare,107,460477,125299,124442,38662,163104,1546
2022-12-19,Tuolumne,109,53932,16348,16161,973,17134,209
2022-12-19,Ventura,111,848112,216019,214659,17153,231812,1597
2022-12-19,Yolo,113,214977,49057,48765,4664,53429,416
2022-12-19,Yuba,115,75493,19580,19482,1801,21283,132
2022-12-18,Alameda,001,1643700,366254,363758,21521,385279,2082
2022-12-18,Alpine,003,1148,139,139,2,141,0
2022-12-18,Amador,005,37829,10281,10236,958,11194,96
2022-12-18,Butte,007,227075,40971,40800,9784,50584,471
2022-12-18,Calaveras,009,45235,8807,8758,617,9375,135
2022-12-18,Colusa,011,21464,3891,3882,1318,5200,22
2022-12-18,Contra Costa,013,1133247,263378,261280,21741,283021,1491
2022-12-18,Del Norte,015,27424,7617,7586,420,8006,56
2022-12-18,El Dorado,017,186661,33782,33598,4438,38036,235
2022-12-18,Fresno,019,978130,284828,283068,33335,316403,2905
2022-12-18,Glenn,021,27897,5713,5690,1958,7648,58
2022-12-18,Humboldt,023,135768,22830,22679,5552,28231,161
2022-12-18,Imperial,025,180216,68437,68094,18177,86271,963
2022-12-18,Inyo,027,18085,4667,4649,1194,5843,60
2022-12-18,Kern,029,883053,225001,223971,68744,292715,2444
2022-12-18,Kings,031,150075,61466,61254,4348,65602,466
2022-12-18,Lake,033,64148,13302,13201,1248,14449,149
2022-12-18,Lassen,035,31185,10152,10142,1032,11174,66
2022-12-18,Los Angeles,037,10098052,3408413,3390335,202530,3592865,34114
2022-12-18,Madera,039,155013,45354,45131,8647,53778,377
2022-12-18,Marin,041,260295,47541,47184,5536,52720,315
2022-12-18,Mariposa,043,17540,3259,3202,369,3571,32
2022-12-18,Mendocino,045,87422,16511,16396,4689,21085,136
2022-12-18,Merced,047,269075,74767,74307,12409,86716,880
2022-12-18,Modoc,049,8938,927,918,360,1278,11
2022-12-18,Mono,051,14174,3263,3251,283,3534,8
2022-12-18,Monterey,053,433212,96334,95970,22243,118213,776
2022-12-18,Napa,055,140530,33388,33212,1484,34696,162
2022-12-18,Nevada,057,99092,19778,19663,2174,21837,132
2022-12-18,Orange,059,3164182,691023,687587,71243,758830,7596
2022-12-18,Placer,061,380077,78913,78475,9992,88467,666
2022-12-18,Plumas,063,18699,3778,3769,453,4222,13
2022-12-18,Riverside,065,2383286,718172,714426,39088,753514,6694
2022-12-18,Sacramento,067,1510023,361416,359420,36098,395518,3395
2022-12-18,San Benito,069,59416,17166,17018,1066,18084,108
2022-12-18,San Bernardino,071,2135413,694186,690423,33377,723800,8136
2022-12-18,San Diego,073,3302833,957970,953029,77125,1030154,5608
2022-12-18,San Francisco,075,870044,189000,187665,12901,200566,1087
2022-12-18,San Joaquin,077,732212,204921,203845,16199,220044,2353
2022-12-18,San Luis Obispo,079,281455,64941,64540,7659,72199,533
2022-12-18,San Mateo,081,765935,177159,175963,11003,186966,748
2022-12-18,Santa Barbara,083,443738,109229,108635,7315,115950,743
2022-12-18,Santa Clara,085,1922200,459386,456121,20816,476937,2566
2022-12-18,Santa Cruz,087,273765,66633,66157,3687,69844,275
2022-12-18,Shasta,089,179085,35967,35797,8110,43907,599
2022-12-18,Sierra,091,2930,310,309,61,370,5
2022-12-18,Siskiyou,093,43540,5337,5325,3405,8730,94
2022-12-18,Solano,095,438530,109930,109297,8266,117563,472
2022-12-18,Sonoma,097,501317,110767,110159,5575,115734,533
2022-12-18,Stanislaus,099,539301,142064,141472,22292,163764,1796
2022-12-18,Sutter,101,95872,25110,25020,2512,27532,235
2022-12-18,Tehama,103,63373,14206,14104,3328,17432,218
2022-12-18,Trinity,105,12862,1442,1434,476,1910,23
2022-12-18,Tulare,107,460477,125186,124442,38602,163044,1546
2022-12-18,Tuolumne,109,53932,16336,16161,972,17133,209
2022-12-18,Ventura,111,848112,215844,214659,17104,231763,1597
2022-12-18,Yolo,113,214977,49030,48765,4657,53422,416
2022-12-18,Yuba,115,75493,19558,19482,1796,21278,132
2022-12-17,Alameda,001,1643700,366042,363758,21500,385258,2082
2022-12-17,Alpine,003,1148,139,139,2,141,0
2022-12-17,Amador,005,37829,10276,10236,956,11192,96
2022-12-17,Butte,007,227075,40955,40800,9774,50574,471
2022-12-17,Calaveras,009,45235,8803,8758,613,9371,135
2022-12-17,Colusa,011,21464,3891,3882,1318,5200,22
2022-12-17,Contra Costa,013,1133247,263209,261280,21726,283006,1491
2022-12-17,Del Norte,015,27424,7614,7586,420,8006,56
2022-12-17,El Dorado,017,186661,33768,33598,4438,38036,235
2022-12-17,Fresno,019,978130,284728,283068,33314,316382,2905
2022-12-17,Glenn,021,27897,5711,5690,1958,7648,58
2022-12-17,Humboldt,023,135768,22812,22679,5543,28222,161
2022-12-17,Imperial,025,180216,68421,68094,18174,86268,963
2022-12-17,Inyo,027,18085,4667,4649,1193,5842,60
2022-12-17,Kern,029,883053,224948,223971,68686,292657,2444
2022-12-17,Kings,031,150075,61453,61254,4347,65601,466
2022-12-17,Lake,033,64148,13298,13201,1246,14447,149
2022-12-17,Lassen,035,31185,10152,10142,1032,11174,66
2022-12-17,Los Angeles,037,10098052,3407149,3390335,202288,3592623,34114
2022-12-17,Madera,039,155013,45334,45131,8642,53773,377
2022-12-17,Marin,041,260295,47523,47184,5531,52715,315
2022-12-17,Mariposa,043,17540,3259,3202,369,3571,32
2022-12-17,Mendocino,045,87422,16508,16396,4685,21081,136
2022-12-17,Merced,047,269075,74751,74307,12402,86709,880
2022-12-17,Modoc,049,8938,927,918,360,1278,11
2022-12-17,Mono,051,14174,3262,3251,283,3534,8
2022-12-17,Monterey,053,433212,96309,95970,22231,118201,776
2022-12-17,Napa,055,140530,33378,33212,1483,34695,162
2022-12-17,Nevada,057,99092,19767,19663,2174,21837,132
2022-12-17,Orange,059,3164182,690738,687587,71111,758698,7596
2022-12-17,Placer,061,380077,78870,78475,9991,88466,666
2022-12-17,Plumas,063,18699,3778,3769,453,4222,13
2022-12-17,Riverside,065,2383286,717822,714426,39013,753439,6694
2022-12-17,Sacramento,067,1510023,361294,359420,36087,395507,3395
2022-12-17,San Benito,069,59416,17158,17018,1062,18080,108
2022-12-17,San Bernardino,071,2135413,693893,690423,33343,723766,8136
2022-12-17,San Diego,073,3302833,957580,953029,77066,1030095,5608
2022-12-17,San Francisco,075,870044,188895,187665,12893,200558,1087
2022-12-17,San Joaquin,077,732212,204855,203845,16186,220031,2353
2022-12-17,San Luis Obispo,079,281455,64924,64540,7649,72189,533
2022-12-17,San Mateo,081,765935,177073,175963,10986,186949,748
2022-12-17,Santa Barbara,083,443738,109187,108635,7299,115934,743
2022-12-17,Santa Clara,085,1922200,459154,456121,20787,476908,2566
2022-12-17,Santa Cruz,087,273765,66617,66157,3685,69842,275
2022-12-17,Shasta,089,179085,35957,35797,8110,43907,599
2022-12-17,Sierra,091,2930,310,309,61,370,5
2022-12-17,Siskiyou,093,43540,5337,5325,3405,8730,94
2022-12-17,Solano,095,438530,109893,109297,8265,117562,472
2022-12-17,Sonoma,097,501317,110719,110159,5562,115721,533
2022-12-17,Stanislaus,099,539301,142016,141472,22283,163755,1796
2022-12-17,Sutter,101,95872,25104,25020,2509,27529,235
2022-12-17,Tehama,103,63373,14202,14104,3325,17429,218
2022-12-17,Trinity,105,12862,1442,1434,475,1909,23
2022-12-17,Tulare,107,460477,125134,124442,38575,163017,1546
2022-12-17,Tuolumne,109,53932,16330,16161,970,17131,209
2022-12-17,Ventura,111,848112,215750,214659,17073,231732,1597
2022-12-17,Yolo,113,214977,49009,48765,4652,53417,416
2022-12-17,Yuba,115,75493,19551,19482,1796,21278,132
2022-12-16,Alameda,001,1643700,365813,363758,21473,385231,2082
2022-12-16,Alpine,003,1148,139,139,2,141,0
2022-12-16,Amador,005,37829,10271,10236,955,11191,96
2022-12-16,Butte,007,227075,40948,40800,9766,50566,471
2022-12-16,Calaveras,009,45235,8799,8758,612,9370,135
2022-12-16,Colusa,011,21464,3890,3882,1318,5200,22
2022-12-16,Contra Costa,013,1133247,263026,261280,21711,282991,1491
2022-12-16,Del Norte,015,27424,7611,7586,420,8006,56
2022-12-16,El Dorado,017,186661,33746,33598,4438,38036,235
2022-12-16,Fresno,019,978130,284596,283068,33292,316360,2905
2022-12-16,Glenn,021,27897,5710,5690,1956,7646,58
2022-12-16,Humboldt,023,135768,22802,22679,5537,28216,161
2022-12-16,Imperial,025,180216,68414,68094,18166,86260,963
2022-12-16,Inyo,027,18085,4665,4649,1189,5838,60
2022-12-16,Kern,029,883053,224857,223971,68625,292596,2444
2022-12-16,Kings,031,150075,61430,61254,4346,65600,466
2022-12-16,Lake,033,64148,13290,13201,1244,14445,149
2022-12-16,Lassen,035,31185,10149,10142,1032,11174,66
2022-12-16,Los Angeles,037,10098052,3405698,3390335,201985,3592320,34114
2022-12-16,Madera,039,155013,45314,45131,8637,53768,377
2022-12-16,Marin,041,260295,47483,47184,5530,52714,315
2022-12-16,Mariposa,043,17540,3258,3202,366,3568,32
2022-12-16,Mendocino,045,87422,16492,16396,4685,21081,136
2022-12-16,Merced,047,269075,74731,74307,12395,86702,880
2022-12-16,Modoc,049,8938,927,918,360,1278,11
2022-12-16,Mono,051,14174,3259,3251,283,3534,8
2022-12-16,Monterey,053,433212,96289,95970,22218,118188,776
2022-12-16,Napa,055,140530,33355,33212,1482,34694,162
2022-12-16,Nevada,057,99092,19764,19663,2171,21834,132
2022-12-16,Orange,059,3164182,690430,687587,70977,758564,7596
2022-12-16,Placer,061,380077,78836,78475,9986,88461,666
2022-12-16,Plumas,063,18699,3776,3769,453,4222,13
2022-12-16,Riverside,065,2383286,717498,714426,38955,753381,6694
2022-12-16,Sacramento,067,1510023,361133,359420,36074,395494,3395
2022-12-16,San Benito,069,59416,17147,17018,1060,18078,108
2022-12-16,San Bernardino,071,2135413,693586,690423,33302,723725,8136
2022-12-16,San Diego,073,3302833,957142,953029,77002,1030031,5608
2022-12-16,San Francisco,075,870044,188779,187665,12873,200538,1087
2022-12-16,San Joaquin,077,732212,204774,203845,16175,220020,2353
2022-12-16,San Luis Obispo,079,281455,64912,64540,7645,72185,533
2022-12-16,San Mateo,081,765935,176990,175963,10975,186938,748
2022-12-16,Santa Barbara,083,443738,109142,108635,7296,115931,743
2022-12-16,Santa Clara,085,1922200,458885,456121,20758,476879,2566
2022-12-16,Santa Cruz,087,273765,66595,66157,3678,69835,275
2022-12-16,Shasta,089,179085,35951,35797,8106,43903,599
2022-12-16,Sierra,091,2930,310,309,61,370,5
2022-12-16,Siskiyou,093,43540,5335,5325,3405,8730,94
2022-12-16,Solano,095,438530,109827,109297,8260,117557,472
2022-12-16,Sonoma,097,501317,110662,110159,5555,115714,533
2022-12-16,Stanislaus,099,539301,141975,141472,22282,163754,1796
2022-12-16,Sutter,101,95872,25091,25020,2508,27528,235
2022-12-16,Tehama,103,63373,14193,14104,3324,17428,218
2022-12-16,Trinity,105,12862,1442,1434,475,1909,23
2022-12-16,Tulare,107,460477,125084,124442,38544,162986,1546
2022-12-16,Tuolumne,109,53932,16318,16161,969,17130,209
2022-12-16,Ventura,111,848112,215669,214659,17050,231709,1597
2022-12-16,Yolo,113,214977,48990,48765,4649,53414,416
2022-12-16,Yuba,115,75493,19544,19482,1796,21278,132
2022-12-15,Alameda,001,1643700,365496,363758,21419,385177,2082
2022-12-15,Alpine,003,1148,139,139,2,141,0
2022-12-15,Amador,005,37829,10262,10236,955,11191,96
2022-12-15,Butte,007,227075,40928,40800,9748,50548,471
2022-12-15,Calaveras,009,45235,8796,8758,610,9368,135
2022-12-15,Colusa,011,21464,3888,3882,1318,5200,22
2022-12-15,Contra Costa,013,1133247,262786,261280,21694,282974,1491
2022-12-15,Del Norte,015,27424,7605,7586,420,8006,56
2022-12-15,El Dorado,017,186661,33724,33598,4433,38031,235
2022-12-15,Fresno,019,978130,284445,283068,33244,316312,2905
2022-12-15,Glenn,021,27897,5707,5690,1954,7644,58
2022-12-15,Humboldt,023,135768,22795,22679,5528,28207,161
2022-12-15,Imperial,025,180216,68383,68094,18137,86231,963
2022-12-15,Inyo,027,18085,4664,4649,1187,5836,60
2022-12-15,Kern,029,883053,224717,223971,68522,292493,2444
2022-12-15,Kings,031,150075,61410,61254,4341,65595,466
2022-12-15,Lake,033,64148,13283,13201,1243,14444,149
2022-12-15,Lassen,035,31185,10147,10142,1030,11172,66
2022-12-15,Los Angeles,037,10098052,3403724,3390335,201623,3591958,34114
2022-12-15,Madera,039,155013,45294,45131,8621,53752,377
2022-12-15,Marin,041,260295,47437,47184,5530,52714,315
2022-12-15,Mariposa,043,17540,3257,3202,363,3565,32
2022-12-15,Mendocino,045,87422,16483,16396,4683,21079,136
2022-12-15,Merced,047,269075,74700,74307,12391,86698,880
2022-12-15,Modoc,049,8938,927,918,360,1278,11
2022-12-15,Mono,051,14174,3258,3251,281,3532,8
2022-12-15,Monterey,053,433212,96259,95970,22196,118166,776
2022-12-15,Napa,055,140530,33326,33212,1480,34692,162
2022-12-15,Nevada,057,99092,19759,19663,2159,21822,132
2022-12-15,Orange,059,3164182,689996,687587,70830,758417,7596
2022-12-15,Placer,061,380077,78784,78475,9973,88448,666
2022-12-15,Plumas,063,18699,3775,3769,453,4222,13
2022-12-15,Riverside,065,2383286,717080,714426,38872,753298,6694
2022-12-15,Sacramento,067,1510023,360860,359420,36041,395461,3395
2022-12-15,San Benito,069,59416,17137,17018,1059,18077,108
2022-12-15,San Bernardino,071,2135413,693185,690423,33246,723669,8136
2022-12-15,San Diego,073,3302833,956487,953029,76869,1029898,5608
2022-12-15,San Francisco,075,870044,188593,187665,12858,200523,1087
2022-12-15,San Joaquin,077,732212,204649,203845,16152,219997,2353
2022-12-15,San Luis Obispo,079,281455,64870,64540,7624,72164,533
2022-12-15,San Mateo,081,765935,176866,175963,10955,186918,748
2022-12-15,Santa Barbara,083,443738,109083,108635,7288,115923,743
2022-12-15,Santa Clara,085,1922200,458480,456121,20735,476856,2566
2022-12-15,Santa Cruz,087,273765,66571,66157,3672,69829,275
2022-12-15,Shasta,089,179085,35934,35797,8096,43893,599
2022-12-15,Sierra,091,2930,310,309,61,370,5
2022-12-15,Siskiyou,093,43540,5333,5325,3403,8728,94
2022-12-15,Solano,095,438530,109743,109297,8256,117553,472
2022-12-15,Sonoma,097,501317,110613,110159,5544,115703,533
2022-12-15,Stanislaus,099,539301,141911,141472,22274,163746,1796
2022-12-15,Sutter,101,95872,25083,25020,2507,27527,235
2022-12-15,Tehama,103,63373,14184,14104,3321,17425,218
2022-12-15,Trinity,105,12862,1442,1434,474,1908,23
2022-12-15,Tulare,107,460477,125036,124442,38497,162939,1546
2022-12-15,Tuolumne,109,53932,16308,16161,966,17127,209
2022-12-15,Ventura,111,848112,215529,214659,17024,231683,1597
2022-12-15,Yolo,113,214977,48964,48765,4644,53409,416
2022-12-15,Yuba,115,75493,19533,19482,1795,21277,132
2022-12-14,Alameda,001,1643700,365177,363758,21373,385131,2082
2022-12-14,Alpine,003,1148,139,139,2,141,0
2022-12-14,Amador,005,37829,10260,10236,954,11190,96
2022-12-14,Butte,007,227075,40914,40800,9728,50528,471
2022-12-14,Calaveras,009,45235,8793,8758,608,9366,135
2022-12-14,Colusa,011,21464,3884,3882,1318,5200,22
2022-12-14,Contra Costa,013,1133247,262583,261280,21667,282947,1491
2022-12-14,Del Norte,015,27424,7603,7586,417,8003,56
2022-12-14,El Dorado,017,186661,33706,33598,4430,38028,235
2022-12-14,Fresno,019,978130,284263,283068,33208,316276,2905
2022-12-14,Glenn,021,27897,5704,5690,1954,7644,58
2022-12-14,Humboldt,023,135768,22780,22679,5520,28199,161
2022-12-14,Imperial,025,180216,68334,68094,18096,86190,963
2022-12-14,Inyo,027,18085,4662,4649,1182,5831,60
2022-12-14,Kern,029,883053,224562,223971,68435,292406,2444
2022-12-14,Kings,031,150075,61374,61254,4338,65592,466
2022-12-14,Lake,033,64148,13273,13201,1240,14441,149
2022-12-14,Lassen,035,31185,10146,10142,1030,11172,66
2022-12-14,Los Angeles,037,10098052,3401405,3390335,201179,3591514,34114
2022-12-14,Madera,039,155013,45266,45131,8615,53746,377
2022-12-14,Marin,041,260295,47399,47184,5526,52710,315
2022-12-14,Mariposa,043,17540,3256,3202,360,3562,32
2022-12-14,Mendocino,045,87422,16478,16396,4680,21076,136
2022-12-14,Merced,047,269075,74667,74307,12372,86679,880
2022-12-14,Modoc,049,8938,927,918,360,1278,11
2022-12-14,Mono,051,14174,3258,3251,280,3531,8
2022-12-14,Monterey,053,433212,96234,95970,22173,118143,776
2022-12-14,Napa,055,140530,33308,33212,1479,34691,162
2022-12-14,Nevada,057,99092,19749,19663,2156,21819,132
2022-12-14,Orange,059,3164182,689519,687587,70680,758267,7596
2022-12-14,Placer,061,380077,78724,78475,9965,88440,666
2022-12-14,Plumas,063,18699,3775,3769,452,4221,13
2022-12-14,Riverside,065,2383286,716667,714426,38788,753214,6694
2022-12-14,Sacramento,067,1510023,360610,359420,36002,395422,3395
2022-12-14,San Benito,069,59416,17127,17018,1056,18074,108
2022-12-14,San Bernardino,071,2135413,692724,690423,33181,723604,8136
2022-12-14,San Diego,073,3302833,955754,953029,76723,1029752,5608
2022-12-14,San Francisco,075,870044,188440,187665,12853,200518,1087
2022-12-14,San Joaquin,077,732212,204502,203845,16139,219984,2353
2022-12-14,San Luis Obispo,079,281455,64838,64540,7598,72138,533
2022-12-14,San Mateo,081,765935,176720,175963,10939,186902,748
2022-12-14,Santa Barbara,083,443738,109007,108635,7276,115911,743
2022-12-14,Santa Clara,085,1922200,458098,456121,20710,476831,2566
2022-12-14,Santa Cruz,087,273765,66540,66157,3669,69826,275
2022-12-14,Shasta,089,179085,35907,35797,8087,43884,599
2022-12-14,Sierra,091,2930,310,309,61,370,5
2022-12-14,Siskiyou,093,43540,5332,5325,3402,8727,94
2022-12-14,Solano,095,438530,109656,109297,8245,117542,472
2022-12-14,Sonoma,097,501317,110556,110159,5532,115691,533
2022-12-14,Stanislaus,099,539301,141833,141472,22253,163725,1796
2022-12-14,Sutter,101,95872,25075,25020,2507,27527,235
2022-12-14,Tehama,103,63373,14172,14104,3318,17422,218
2022-12-14,Trinity,105,12862,1442,1434,469,1903,23
2022-12-14,Tulare,107,460477,124976,124442,38448,162890,1546
2022-12-14,Tuolumne,109,53932,16291,16161,964,17125,209
2022-12-14,Ventura,111,848112,215379,214659,17003,231662,1597
2022-12-14,Yolo,113,214977,48939,48765,4633,53398,416
2022-12-14,Yuba,115,75493,19520,19482,1794,21276,132
2022-12-13,Alameda,001,1643700,364804,363758,21328,385086,2082
2022-12-13,Alpine,003,1148,139,139,2,141,0
2022-12-13,Amador,005,37829,10256,10236,954,11190,96
2022-12-13,Butte,007,227075,40885,40800,9717,50517,471
2022-12-13,Calaveras,009,45235,8790,8758,608,9366,135
2022-12-13,Colusa,011,21464,3881,3882,1318,5200,22
2022-12-13,Contra Costa,013,1133247,262328,261280,21641,282921,1491
2022-12-13,Del Norte,015,27424,7599,7586,416,8002,56
2022-12-13,El Dorado,017,186661,33677,33598,4424,38022,235
2022-12-13,Fresno,019,978130,284095,283068,33176,316244,2905
2022-12-13,Glenn,021,27897,5702,5690,1953,7643,58
2022-12-13,Humboldt,023,135768,22757,22679,5514,28193,161
2022-12-13,Imperial,025,180216,68290,68094,18048,86142,963
2022-12-13,Inyo,027,18085,4660,4649,1178,5827,60
2022-12-13,Kern,029,883053,224441,223971,68324,292295,2444
2022-12-13,Kings,031,150075,61333,61254,4331,65585,466
2022-12-13,Lake,033,64148,13262,13201,1238,14439,149
2022-12-13,Lassen,035,31185,10146,10142,1030,11172,66
2022-12-13,Los Angeles,037,10098052,3398863,3390335,200748,3591083,34114
2022-12-13,Madera,039,155013,45236,45131,8601,53732,377
2022-12-13,Marin,041,260295,47360,47184,5523,52707,315
2022-12-13,Mariposa,043,17540,3256,3202,355,3557,32
2022-12-13,Mendocino,045,87422,16473,16396,4671,21067,136
2022-12-13,Merced,047,269075,74627,74307,12362,86669,880
2022-12-13,Modoc,049,8938,925,918,358,1276,11
2022-12-13,Mono,051,14174,3257,3251,280,3531,8
2022-12-13,Monterey,053,433212,96190,95970,22153,118123,776
2022-12-13,Napa,055,140530,33290,33212,1479,34691,162
2022-12-13,Nevada,057,99092,19742,19663,2141,21804,132
2022-12-13,Orange,059,3164182,688983,687587,70557,758144,7596
2022-12-13,Placer,061,380077,78652,78475,9955,88430,666
2022-12-13,Plumas,063,18699,3772,3769,452,4221,13
2022-12-13,Riverside,065,2383286,716158,714426,38716,753142,6694
2022-12-13,Sacramento,067,1510023,360303,359420,35955,395375,3395
2022-12-13,San Benito,069,59416,17110,17018,1054,18072,108
2022-12-13,San Bernardino,071,2135413,692216,690423,33137,723560,8136
2022-12-13,San Diego,073,3302833,955012,953029,76595,1029624,5608
2022-12-13,San Francisco,075,870044,188247,187665,12845,200510,1087
2022-12-13,San Joaquin,077,732212,204352,203845,16106,219951,2353
2022-12-13,San Luis Obispo,079,281455,64790,64540,7581,72121,533
2022-12-13,San Mateo,081,765935,176590,175963,10928,186891,748
2022-12-13,Santa Barbara,083,443738,108930,108635,7266,115901,743
2022-12-13,Santa Clara,085,1922200,457665,456121,20678,476799,2566
2022-12-13,Santa Cruz,087,273765,66504,66157,3666,69823,275
2022-12-13,Shasta,089,179085,35894,35797,8075,43872,599
2022-12-13,Sierra,091,2930,310,309,61,370,5
2022-12-13,Siskiyou,093,43540,5332,5325,3399,8724,94
2022-12-13,Solano,095,438530,109556,109297,8239,117536,472
2022-12-13,Sonoma,097,501317,110496,110159,5522,115681,533
2022-12-13,Stanislaus,099,539301,141769,141472,22232,163704,1796
2022-12-13,Sutter,101,95872,25060,25020,2506,27526,235
2022-12-13,Tehama,103,63373,14159,14104,3314,17418,218
2022-12-13,Trinity,105,12862,1442,1434,466,1900,23
2022-12-13,Tulare,107,460477,124918,124442,38397,162839,1546
2022-12-13,Tuolumne,109,53932,16281,16161,962,17123,209
2022-12-13,Ventura,111,848112,215246,214659,16967,231626,1597
2022-12-13,Yolo,113,214977,48916,48765,4625,53390,416
2022-12-13,Yuba,115,75493,19511,19482,1792,21274,132
2022-12-12,Alameda,001,1643700,364407,360943,21282,382225,2081
2022-12-12,Alpine,003,1148,139,139,2,141,0
2022-12-12,Amador,005,37829,10248,10196,952,11148,96
2022-12-12,Butte,007,227075,40861,40598,9706,50304,470
2022-12-12,Calaveras,009,45235,8786,8727,606,9333,135
2022-12-12,Colusa,011,21464,3880,3869,1318,5187,22
2022-12-12,Contra Costa,013,1133247,262058,259434,21617,281051,1487
2022-12-12,Del Norte,015,27424,7596,7563,415,7978,56
2022-12-12,El Dorado,017,186661,33651,33447,4420,37867,235
2022-12-12,Fresno,019,978130,283885,281598,33126,314724,2899
2022-12-12,Glenn,021,27897,5694,5668,1953,7621,58
2022-12-12,Humboldt,023,135768,22745,22566,5507,28073,161
2022-12-12,Imperial,025,180216,68236,67632,18004,85636,962
2022-12-12,Inyo,027,18085,4659,4627,1170,5797,60
2022-12-12,Kern,029,883053,224275,222985,68223,291208,2437
2022-12-12,Kings,031,150075,61286,60965,4328,65293,464
2022-12-12,Lake,033,64148,13255,13140,1237,14377,149
2022-12-12,Lassen,035,31185,10146,10128,1029,11157,66
2022-12-12,Los Angeles,037,10098052,3396143,3370904,200348,3571252,34009
2022-12-12,Madera,039,155013,45208,44902,8590,53492,379
2022-12-12,Marin,041,260295,47319,46842,5517,52359,315
2022-12-12,Mariposa,043,17540,3250,3190,354,3544,32
2022-12-12,Mendocino,045,87422,16461,16350,4669,21019,136
2022-12-12,Merced,047,269075,74576,73999,12348,86347,877
2022-12-12,Modoc,049,8938,919,908,354,1262,11
2022-12-12,Mono,051,14174,3257,3238,280,3518,8
2022-12-12,Monterey,053,433212,96159,95709,22127,117836,776
2022-12-12,Napa,055,140530,33259,33043,1478,34521,164
2022-12-12,Nevada,057,99092,19726,19565,2136,21701,132
2022-12-12,Orange,059,3164182,688415,684112,70418,754530,7576
2022-12-12,Placer,061,380077,78621,78117,9943,88060,665
2022-12-12,Plumas,063,18699,3772,3762,452,4214,13
2022-12-12,Riverside,065,2383286,715656,710833,38625,749458,6697
2022-12-12,Sacramento,067,1510023,360016,357413,35906,393319,3382
2022-12-12,San Benito,069,59416,17081,16829,1049,17878,108
2022-12-12,San Bernardino,071,2135413,691655,686731,33077,719808,8135
2022-12-12,San Diego,073,3302833,954151,948180,76460,1024640,5584
2022-12-12,San Francisco,075,870044,188055,186203,12836,199039,1081
2022-12-12,San Joaquin,077,732212,204245,202515,16082,218597,2354
2022-12-12,San Luis Obispo,079,281455,64759,64350,7564,71914,533
2022-12-12,San Mateo,081,765935,176435,174791,10918,185709,749
2022-12-12,Santa Barbara,083,443738,108874,108151,7256,115407,739
2022-12-12,Santa Clara,085,1922200,457139,448654,20642,469296,2565
2022-12-12,Santa Cruz,087,273765,66418,65656,3664,69320,275
2022-12-12,Shasta,089,179085,35876,35666,8064,43730,598
2022-12-12,Sierra,091,2930,310,308,61,369,5
2022-12-12,Siskiyou,093,43540,5327,5442,3396,8838,95
2022-12-12,Solano,095,438530,109441,108649,8229,116878,473
2022-12-12,Sonoma,097,501317,110388,109622,5512,115134,531
2022-12-12,Stanislaus,099,539301,141691,140827,22222,163049,1785
2022-12-12,Sutter,101,95872,25044,24906,2506,27412,234
2022-12-12,Tehama,103,63373,14150,14004,3308,17312,218
2022-12-12,Trinity,105,12862,1440,1431,465,1896,23
2022-12-12,Tulare,107,460477,124848,123976,38344,162320,1546
2022-12-12,Tuolumne,109,53932,16267,16054,962,17016,208
2022-12-12,Ventura,111,848112,215113,213720,16944,230664,1598
2022-12-12,Yolo,113,214977,48895,48547,4618,53165,416
2022-12-12,Yuba,115,75493,19499,19399,1787,21186,132
2022-12-11,Alameda,001,1643700,363987,360943,21242,382185,2081
2022-12-11,Alpine,003,1148,139,139,2,141,0
2022-12-11,Amador,005,37829,10246,10196,951,11147,96
2022-12-11,Butte,007,227075,40833,40598,9702,50300,470
2022-12-11,Calaveras,009,45235,8776,8727,603,9330,135
2022-12-11,Colusa,011,21464,3878,3869,1318,5187,22
2022-12-11,Contra Costa,013,1133247,261720,259434,21583,281017,1487
2022-12-11,Del Norte,015,27424,7590,7563,414,7977,56
2022-12-11,El Dorado,017,186661,33629,33447,4417,37864,235
2022-12-11,Fresno,019,978130,283636,281598,33072,314670,2899
2022-12-11,Glenn,021,27897,5692,5668,1948,7616,58
2022-12-11,Humboldt,023,135768,22735,22566,5490,28056,161
2022-12-11,Imperial,025,180216,68165,67632,17914,85546,962
2022-12-11,Inyo,027,18085,4658,4627,1164,5791,60
2022-12-11,Kern,029,883053,224063,222985,68114,291099,2437
2022-12-11,Kings,031,150075,61254,60965,4323,65288,464
2022-12-11,Lake,033,64148,13248,13140,1237,14377,149
2022-12-11,Lassen,035,31185,10143,10128,1027,11155,66
2022-12-11,Los Angeles,037,10098052,3392987,3370904,199811,3570715,34009
2022-12-11,Madera,039,155013,45167,44902,8579,53481,379
2022-12-11,Marin,041,260295,47259,46842,5513,52355,315
2022-12-11,Mariposa,043,17540,3249,3190,353,3543,32
2022-12-11,Mendocino,045,87422,16450,16350,4660,21010,136
2022-12-11,Merced,047,269075,74517,73999,12321,86320,877
2022-12-11,Modoc,049,8938,919,908,354,1262,11
2022-12-11,Mono,051,14174,3256,3238,279,3517,8
2022-12-11,Monterey,053,433212,96097,95709,22109,117818,776
2022-12-11,Napa,055,140530,33219,33043,1472,34515,164
2022-12-11,Nevada,057,99092,19710,19565,2127,21692,132
2022-12-11,Orange,059,3164182,687772,684112,70238,754350,7576
2022-12-11,Placer,061,380077,78566,78117,9931,88048,665
2022-12-11,Plumas,063,18699,3770,3762,452,4214,13
2022-12-11,Riverside,065,2383286,715104,710833,38496,749329,6697
2022-12-11,Sacramento,067,1510023,359678,357413,35841,393254,3382
2022-12-11,San Benito,069,59416,17071,16829,1049,17878,108
2022-12-11,San Bernardino,071,2135413,691020,686731,33017,719748,8135
2022-12-11,San Diego,073,3302833,953291,948180,76272,1024452,5584
2022-12-11,San Francisco,075,870044,187782,186203,12815,199018,1081
2022-12-11,San Joaquin,077,732212,204053,202515,16052,218567,2354
2022-12-11,San Luis Obispo,079,281455,64710,64350,7543,71893,533
2022-12-11,San Mateo,081,765935,176238,174791,10904,185695,749
2022-12-11,Santa Barbara,083,443738,108766,108151,7229,115380,739
2022-12-11,Santa Clara,085,1922200,456519,448654,20591,469245,2565
2022-12-11,Santa Cruz,087,273765,66301,65656,3660,69316,275
2022-12-11,Shasta,089,179085,35859,35666,8043,43709,598
2022-12-11,Sierra,091,2930,310,308,61,369,5
2022-12-11,Siskiyou,093,43540,5323,5442,3393,8835,95
2022-12-11,Solano,095,438530,109312,108649,8223,116872,473
2022-12-11,Sonoma,097,501317,110259,109622,5503,115125,531
2022-12-11,Stanislaus,099,539301,141585,140827,22199,163026,1785
2022-12-11,Sutter,101,95872,25027,24906,2505,27411,234
2022-12-11,Tehama,103,63373,14136,14004,3300,17304,218
2022-12-11,Trinity,105,12862,1439,1431,464,1895,23
2022-12-11,Tulare,107,460477,124748,123976,38297,162273,1546
2022-12-11,Tuolumne,109,53932,16254,16054,958,17012,208
2022-12-11,Ventura,111,848112,214951,213720,16902,230622,1598
2022-12-11,Yolo,113,214977,48869,48547,4610,53157,416
2022-12-11,Yuba,115,75493,19481,19399,1783,21182,132
2022-12-10,Alameda,001,1643700,363750,360943,21214,382157,2081
2022-12-10,Alpine,003,1148,139,139,2,141,0
2022-12-10,Amador,005,37829,10242,10196,951,11147,96
2022-12-10,Butte,007,227075,40820,40598,9695,50293,470
2022-12-10,Calaveras,009,45235,8771,8727,601,9328,135
2022-12-10,Colusa,011,21464,3877,3869,1318,5187,22
2022-12-10,Contra Costa,013,1133247,261554,259434,21574,281008,1487
2022-12-10,Del Norte,015,27424,7585,7563,414,7977,56
2022-12-10,El Dorado,017,186661,33614,33447,4417,37864,235
2022-12-10,Fresno,019,978130,283526,281598,33062,314660,2899
2022-12-10,Glenn,021,27897,5691,5668,1947,7615,58
2022-12-10,Humboldt,023,135768,22719,22566,5482,28048,161
2022-12-10,Imperial,025,180216,68145,67632,17910,85542,962
2022-12-10,Inyo,027,18085,4654,4627,1160,5787,60
2022-12-10,Kern,029,883053,223973,222985,68046,291031,2437
2022-12-10,Kings,031,150075,61243,60965,4323,65288,464
2022-12-10,Lake,033,64148,13243,13140,1237,14377,149
2022-12-10,Lassen,035,31185,10142,10128,1027,11155,66
2022-12-10,Los Angeles,037,10098052,3391560,3370904,199568,3570472,34009
2022-12-10,Madera,039,155013,45153,44902,8576,53478,379
2022-12-10,Marin,041,260295,47228,46842,5509,52351,315
2022-12-10,Mariposa,043,17540,3249,3190,353,3543,32
2022-12-10,Mendocino,045,87422,16445,16350,4659,21009,136
2022-12-10,Merced,047,269075,74494,73999,12314,86313,877
2022-12-10,Modoc,049,8938,919,908,354,1262,11
2022-12-10,Mono,051,14174,3255,3238,279,3517,8
2022-12-10,Monterey,053,433212,96066,95709,22096,117805,776
2022-12-10,Napa,055,140530,33206,33043,1472,34515,164
2022-12-10,Nevada,057,99092,19704,19565,2126,21691,132
2022-12-10,Orange,059,3164182,687497,684112,70124,754236,7576
2022-12-10,Placer,061,380077,78525,78117,9925,88042,665
2022-12-10,Plumas,063,18699,3768,3762,452,4214,13
2022-12-10,Riverside,065,2383286,714789,710833,38440,749273,6697
2022-12-10,Sacramento,067,1510023,359535,357413,35829,393242,3382
2022-12-10,San Benito,069,59416,17053,16829,1047,17876,108
2022-12-10,San Bernardino,071,2135413,690716,686731,32975,719706,8135
2022-12-10,San Diego,073,3302833,952938,948180,76206,1024386,5584
2022-12-10,San Francisco,075,870044,187636,186203,12812,199015,1081
2022-12-10,San Joaquin,077,732212,203969,202515,16032,218547,2354
2022-12-10,San Luis Obispo,079,281455,64690,64350,7537,71887,533
2022-12-10,San Mateo,081,765935,176128,174791,10896,185687,749
2022-12-10,Santa Barbara,083,443738,108716,108151,7219,115370,739
2022-12-10,Santa Clara,085,1922200,456226,448654,20571,469225,2565
2022-12-10,Santa Cruz,087,273765,66267,65656,3656,69312,275
2022-12-10,Shasta,089,179085,35849,35666,8040,43706,598
2022-12-10,Sierra,091,2930,310,308,61,369,5
2022-12-10,Siskiyou,093,43540,5322,5442,3393,8835,95
2022-12-10,Solano,095,438530,109287,108649,8219,116868,473
2022-12-10,Sonoma,097,501317,110217,109622,5503,115125,531
2022-12-10,Stanislaus,099,539301,141531,140827,22186,163013,1785
2022-12-10,Sutter,101,95872,25018,24906,2504,27410,234
2022-12-10,Tehama,103,63373,14131,14004,3299,17303,218
2022-12-10,Trinity,105,12862,1438,1431,464,1895,23
2022-12-10,Tulare,107,460477,124703,123976,38273,162249,1546
2022-12-10,Tuolumne,109,53932,16215,16054,958,17012,208
2022-12-10,Ventura,111,848112,214869,213720,16882,230602,1598
2022-12-10,Yolo,113,214977,48847,48547,4604,53151,416
2022-12-10,Yuba,115,75493,19474,19399,1778,21177,132
2022-12-09,Alameda,001,1643700,363473,360943,21185,382128,2081
2022-12-09,Alpine,003,1148,139,139,2,141,0
2022-12-09,Amador,005,37829,10238,10196,950,11146,96
2022-12-09,Butte,007,227075,40805,40598,9685,50283,470
2022-12-09,Calaveras,009,45235,8766,8727,599,9326,135
2022-12-09,Colusa,011,21464,3873,3869,1318,5187,22
2022-12-09,Contra Costa,013,1133247,261402,259434,21562,280996,1487
2022-12-09,Del Norte,015,27424,7582,7563,414,7977,56
2022-12-09,El Dorado,017,186661,33600,33447,4415,37862,235
2022-12-09,Fresno,019,978130,283382,281598,33017,314615,2899
2022-12-09,Glenn,021,27897,5690,5668,1946,7614,58
2022-12-09,Humboldt,023,135768,22710,22566,5478,28044,161
2022-12-09,Imperial,025,180216,68110,67632,17905,85537,962
2022-12-09,Inyo,027,18085,4653,4627,1158,5785,60
2022-12-09,Kern,029,883053,223876,222985,67993,290978,2437
2022-12-09,Kings,031,150075,61220,60965,4323,65288,464
2022-12-09,Lake,033,64148,13238,13140,1237,14377,149
2022-12-09,Lassen,035,31185,10141,10128,1027,11155,66
2022-12-09,Los Angeles,037,10098052,3389862,3370904,199267,3570171,34009
2022-12-09,Madera,039,155013,45131,44902,8568,53470,379
2022-12-09,Marin,041,260295,47206,46842,5503,52345,315
2022-12-09,Mariposa,043,17540,3248,3190,353,3543,32
2022-12-09,Mendocino,045,87422,16438,16350,4659,21009,136
2022-12-09,Merced,047,269075,74459,73999,12309,86308,877
2022-12-09,Modoc,049,8938,919,908,354,1262,11
2022-12-09,Mono,051,14174,3254,3238,279,3517,8
2022-12-09,Monterey,053,433212,96040,95709,22090,117799,776
2022-12-09,Napa,055,140530,33193,33043,1471,34514,164
2022-12-09,Nevada,057,99092,19697,19565,2123,21688,132
2022-12-09,Orange,059,3164182,687155,684112,70007,754119,7576
2022-12-09,Placer,061,380077,78500,78117,9921,88038,665
2022-12-09,Plumas,063,18699,3767,3762,452,4214,13
2022-12-09,Riverside,065,2383286,714480,710833,38377,749210,6697
2022-12-09,Sacramento,067,1510023,359331,357413,35815,393228,3382
2022-12-09,San Benito,069,59416,17044,16829,1046,17875,108
2022-12-09,San Bernardino,071,2135413,690396,686731,32937,719668,8135
2022-12-09,San Diego,073,3302833,952518,948180,76132,1024312,5584
2022-12-09,San Francisco,075,870044,187522,186203,12798,199001,1081
2022-12-09,San Joaquin,077,732212,203881,202515,16021,218536,2354
2022-12-09,San Luis Obispo,079,281455,64675,64350,7534,71884,533
2022-12-09,San Mateo,081,765935,176014,174791,10888,185679,749
2022-12-09,Santa Barbara,083,443738,108672,108151,7217,115368,739
2022-12-09,Santa Clara,085,1922200,455903,448654,20536,469190,2565
2022-12-09,Santa Cruz,087,273765,66196,65656,3656,69312,275
2022-12-09,Shasta,089,179085,35840,35666,8034,43700,598
2022-12-09,Sierra,091,2930,310,308,61,369,5
2022-12-09,Siskiyou,093,43540,5321,5442,3392,8834,95
2022-12-09,Solano,095,438530,109224,108649,8213,116862,473
2022-12-09,Sonoma,097,501317,110163,109622,5500,115122,531
2022-12-09,Stanislaus,099,539301,141458,140827,22176,163003,1785
2022-12-09,Sutter,101,95872,25008,24906,2504,27410,234
2022-12-09,Tehama,103,63373,14124,14004,3298,17302,218
2022-12-09,Trinity,105,12862,1438,1431,464,1895,23
2022-12-09,Tulare,107,460477,124658,123976,38238,162214,1546
2022-12-09,Tuolumne,109,53932,16200,16054,957,17011,208
2022-12-09,Ventura,111,848112,214782,213720,16863,230583,1598
2022-12-09,Yolo,113,214977,48833,48547,4599,53146,416
2022-12-09,Yuba,115,75493,19467,19399,1777,21176,132
2022-12-08,Alameda,001,1643700,363063,360943,21137,382080,2081
2022-12-08,Alpine,003,1148,139,139,2,141,0
2022-12-08,Amador,005,37829,10232,10196,950,11146,96
2022-12-08,Butte,007,227075,40779,40598,9668,50266,470
2022-12-08,Calaveras,009,45235,8762,8727,598,9325,135
2022-12-08,Colusa,011,21464,3869,3869,1318,5187,22
2022-12-08,Contra Costa,013,1133247,261177,259434,21545,280979,1487
2022-12-08,Del Norte,015,27424,7581,7563,414,7977,56
2022-12-08,El Dorado,017,186661,33575,33447,4414,37861,235
2022-12-08,Fresno,019,978130,283180,281598,32974,314572,2899
2022-12-08,Glenn,021,27897,5684,5668,1943,7611,58
2022-12-08,Humboldt,023,135768,22697,22566,5470,28036,161
2022-12-08,Imperial,025,180216,68038,67632,17871,85503,962
2022-12-08,Inyo,027,18085,4647,4627,1157,5784,60
2022-12-08,Kern,029,883053,223760,222985,67921,290906,2437
2022-12-08,Kings,031,150075,61181,60965,4322,65287,464
2022-12-08,Lake,033,64148,13224,13140,1237,14377,149
2022-12-08,Lassen,035,31185,10139,10128,1027,11155,66
2022-12-08,Los Angeles,037,10098052,3387382,3370904,198860,3569764,34009
2022-12-08,Madera,039,155013,45110,44902,8564,53466,379
2022-12-08,Marin,041,260295,47153,46842,5494,52336,315
2022-12-08,Mariposa,043,17540,3241,3190,353,3543,32
2022-12-08,Mendocino,045,87422,16432,16350,4658,21008,136
2022-12-08,Merced,047,269075,74434,73999,12297,86296,877
2022-12-08,Modoc,049,8938,919,908,354,1262,11
2022-12-08,Mono,051,14174,3253,3238,279,3517,8
2022-12-08,Monterey,053,433212,96013,95709,22065,117774,776
2022-12-08,Napa,055,140530,33160,33043,1470,34513,164
2022-12-08,Nevada,057,99092,19678,19565,2121,21686,132
2022-12-08,Orange,059,3164182,686703,684112,69860,753972,7576
2022-12-08,Placer,061,380077,78448,78117,9915,88032,665
2022-12-08,Plumas,063,18699,3767,3762,452,4214,13
2022-12-08,Riverside,065,2383286,714010,710833,38297,749130,6697
2022-12-08,Sacramento,067,1510023,359030,357413,35762,393175,3382
2022-12-08,San Benito,069,59416,17035,16829,1046,17875,108
2022-12-08,San Bernardino,071,2135413,689863,686731,32883,719614,8135
2022-12-08,San Diego,073,3302833,951909,948180,76001,1024181,5584
2022-12-08,San Francisco,075,870044,187314,186203,12774,198977,1081
2022-12-08,San Joaquin,077,732212,203749,202515,16001,218516,2354
2022-12-08,San Luis Obispo,079,281455,64643,64350,7518,71868,533
2022-12-08,San Mateo,081,765935,175854,174791,10881,185672,749
2022-12-08,Santa Barbara,083,443738,108600,108151,7214,115365,739
2022-12-08,Santa Clara,085,1922200,455414,448654,20497,469151,2565
2022-12-08,Santa Cruz,087,273765,66168,65656,3653,69309,275
2022-12-08,Shasta,089,179085,35827,35666,8030,43696,598
2022-12-08,Sierra,091,2930,310,308,61,369,5
2022-12-08,Siskiyou,093,43540,5318,5442,3391,8833,95
2022-12-08,Solano,095,438530,109118,108649,8209,116858,473
2022-12-08,Sonoma,097,501317,110082,109622,5496,115118,531
2022-12-08,Stanislaus,099,539301,141378,140827,22155,162982,1785
2022-12-08,Sutter,101,95872,24985,24906,2501,27407,234
2022-12-08,Tehama,103,63373,14112,14004,3295,17299,218
2022-12-08,Trinity,105,12862,1437,1431,462,1893,23
2022-12-08,Tulare,107,460477,124615,123976,38186,162162,1546
2022-12-08,Tuolumne,109,53932,16178,16054,956,17010,208
2022-12-08,Ventura,111,848112,214660,213720,16826,230546,1598
2022-12-08,Yolo,113,214977,48793,48547,4594,53141,416
2022-12-08,Yuba,115,75493,19456,19399,1774,21173,132
2022-12-07,Alameda,001,1643700,362691,360943,21090,382033,2081
2022-12-07,Alpine,003,1148,139,139,2,141,0
2022-12-07,Amador,005,37829,10229,10196,950,11146,96
2022-12-07,Butte,007,227075,40747,40598,9653,50251,470
2022-12-07,Calaveras,009,45235,8758,8727,597,9324,135
2022-12-07,Colusa,011,21464,3869,3869,1318,5187,22
2022-12-07,Contra Costa,013,1133247,260949,259434,21515,280949,1487
2022-12-07,Del Norte,015,27424,7579,7563,414,7977,56
2022-12-07,El Dorado,017,186661,33551,33447,4410,37857,235
2022-12-07,Fresno,019,978130,282918,281598,32929,314527,2899
2022-12-07,Glenn,021,27897,5683,5668,1943,7611,58
2022-12-07,Humboldt,023,135768,22684,22566,5455,28021,161
2022-12-07,Imperial,025,180216,67968,67632,17802,85434,962
2022-12-07,Inyo,027,18085,4643,4627,1132,5759,60
2022-12-07,Kern,029,883053,223638,222985,67821,290806,2437
2022-12-07,Kings,031,150075,61138,60965,4318,65283,464
2022-12-07,Lake,033,64148,13216,13140,1237,14377,149
2022-12-07,Lassen,035,31185,10138,10128,1027,11155,66
2022-12-07,Los Angeles,037,10098052,3384739,3370904,198390,3569294,34009
2022-12-07,Madera,039,155013,45064,44902,8560,53462,379
2022-12-07,Marin,041,260295,47109,46842,5488,52330,315
2022-12-07,Mariposa,043,17540,3238,3190,353,3543,32
2022-12-07,Mendocino,045,87422,16427,16350,4653,21003,136
2022-12-07,Merced,047,269075,74391,73999,12264,86263,877
2022-12-07,Modoc,049,8938,918,908,354,1262,11
2022-12-07,Mono,051,14174,3251,3238,279,3517,8
2022-12-07,Monterey,053,433212,95974,95709,22042,117751,776
2022-12-07,Napa,055,140530,33142,33043,1466,34509,164
2022-12-07,Nevada,057,99092,19661,19565,2112,21677,132
2022-12-07,Orange,059,3164182,686192,684112,69708,753820,7576
2022-12-07,Placer,061,380077,78403,78117,9911,88028,665
2022-12-07,Plumas,063,18699,3766,3762,452,4214,13
2022-12-07,Riverside,065,2383286,713459,710833,38221,749054,6697
2022-12-07,Sacramento,067,1510023,358787,357413,35716,393129,3382
2022-12-07,San Benito,069,59416,17013,16829,1042,17871,108
2022-12-07,San Bernardino,071,2135413,689339,686731,32803,719534,8135
2022-12-07,San Diego,073,3302833,951125,948180,75862,1024042,5584
2022-12-07,San Francisco,075,870044,187112,186203,12761,198964,1081
2022-12-07,San Joaquin,077,732212,203588,202515,15972,218487,2354
2022-12-07,San Luis Obispo,079,281455,64617,64350,7498,71848,533
2022-12-07,San Mateo,081,765935,175694,174791,10871,185662,749
2022-12-07,Santa Barbara,083,443738,108518,108151,7206,115357,739
2022-12-07,Santa Clara,085,1922200,454975,448654,20459,469113,2565
2022-12-07,Santa Cruz,087,273765,66075,65656,3643,69299,275
2022-12-07,Shasta,089,179085,35807,35666,8019,43685,598
2022-12-07,Sierra,091,2930,310,308,61,369,5
2022-12-07,Siskiyou,093,43540,5316,5442,3391,8833,95
2022-12-07,Solano,095,438530,109023,108649,8203,116852,473
2022-12-07,Sonoma,097,501317,110008,109622,5493,115115,531
2022-12-07,Stanislaus,099,539301,141317,140827,22137,162964,1785
2022-12-07,Sutter,101,95872,24970,24906,2501,27407,234
2022-12-07,Tehama,103,63373,14103,14004,3292,17296,218
2022-12-07,Trinity,105,12862,1437,1431,461,1892,23
2022-12-07,Tulare,107,460477,124562,123976,38151,162127,1546
2022-12-07,Tuolumne,109,53932,16167,16054,956,17010,208
2022-12-07,Ventura,111,848112,214538,213720,16800,230520,1598
2022-12-07,Yolo,113,214977,48762,48547,4589,53136,416
2022-12-07,Yuba,115,75493,19450,19399,1772,21171,132
2022-12-06,Alameda,001,1643700,362257,360943,21057,382000,2081
2022-12-06,Alpine,003,1148,139,139,2,141,0
2022-12-06,Amador,005,37829,10221,10196,949,11145,96
2022-12-06,Butte,007,227075,40718,40598,9642,50240,470
2022-12-06,Calaveras,009,45235,8752,8727,595,9322,135
2022-12-06,Colusa,011,21464,3868,3869,1318,5187,22
2022-12-06,Contra Costa,013,1133247,260645,259434,21484,280918,1487
2022-12-06,Del Norte,015,27424,7576,7563,414,7977,56
2022-12-06,El Dorado,017,186661,33524,33447,4408,37855,235
2022-12-06,Fresno,019,978130,282695,281598,32879,314477,2899
2022-12-06,Glenn,021,27897,5680,5668,1938,7606,58
2022-12-06,Humboldt,023,135768,22664,22566,5445,28011,161
2022-12-06,Imperial,025,180216,67889,67632,17738,85370,962
2022-12-06,Inyo,027,18085,4640,4627,1128,5755,60
2022-12-06,Kern,029,883053,223534,222985,67720,290705,2437
2022-12-06,Kings,031,150075,61094,60965,4313,65278,464
2022-12-06,Lake,033,64148,13209,13140,1237,14377,149
2022-12-06,Lassen,035,31185,10136,10128,1026,11154,66
2022-12-06,Los Angeles,037,10098052,3381879,3370904,197833,3568737,34009
2022-12-06,Madera,039,155013,45040,44902,8532,53434,379
2022-12-06,Marin,041,260295,47063,46842,5482,52324,315
2022-12-06,Mariposa,043,17540,3238,3190,353,3543,32
2022-12-06,Mendocino,045,87422,16419,16350,4651,21001,136
2022-12-06,Merced,047,269075,74346,73999,12244,86243,877
2022-12-06,Modoc,049,8938,915,908,353,1261,11
2022-12-06,Mono,051,14174,3250,3238,279,3517,8
2022-12-06,Monterey,053,433212,95940,95709,22022,117731,776
2022-12-06,Napa,055,140530,33119,33043,1465,34508,164
2022-12-06,Nevada,057,99092,19646,19565,2103,21668,132
2022-12-06,Orange,059,3164182,685657,684112,69538,753650,7576
2022-12-06,Placer,061,380077,78342,78117,9900,88017,665
2022-12-06,Plumas,063,18699,3766,3762,452,4214,13
2022-12-06,Riverside,065,2383286,712954,710833,38110,748943,6697
2022-12-06,Sacramento,067,1510023,358525,357413,35683,393096,3382
2022-12-06,San Benito,069,59416,16994,16829,1038,17867,108
2022-12-06,San Bernardino,071,2135413,688781,686731,32741,719472,8135
2022-12-06,San Diego,073,3302833,950309,948180,75719,1023899,5584
2022-12-06,San Francisco,075,870044,186887,186203,12752,198955,1081
2022-12-06,San Joaquin,077,732212,203425,202515,15951,218466,2354
2022-12-06,San Luis Obispo,079,281455,64580,64350,7469,71819,533
2022-12-06,San Mateo,081,765935,175504,174791,10847,185638,749
2022-12-06,Santa Barbara,083,443738,108449,108151,7189,115340,739
2022-12-06,Santa Clara,085,1922200,454470,448654,20410,469064,2565
2022-12-06,Santa Cruz,087,273765,65968,65656,3641,69297,275
2022-12-06,Shasta,089,179085,35793,35666,8008,43674,598
2022-12-06,Sierra,091,2930,308,308,61,369,5
2022-12-06,Siskiyou,093,43540,5313,5442,3388,8830,95
2022-12-06,Solano,095,438530,108913,108649,8189,116838,473
2022-12-06,Sonoma,097,501317,109918,109622,5490,115112,531
2022-12-06,Stanislaus,099,539301,141221,140827,22116,162943,1785
2022-12-06,Sutter,101,95872,24955,24906,2498,27404,234
2022-12-06,Tehama,103,63373,14087,14004,3282,17286,218
2022-12-06,Trinity,105,12862,1437,1431,460,1891,23
2022-12-06,Tulare,107,460477,124503,123976,38099,162075,1546
2022-12-06,Tuolumne,109,53932,16158,16054,955,17009,208
2022-12-06,Ventura,111,848112,214371,213720,16766,230486,1598
2022-12-06,Yolo,113,214977,48720,48547,4585,53132,416
2022-12-06,Yuba,115,75493,19436,19399,1771,21170,132
2022-12-05,Alameda,001,1643700,361812,357689,21019,378708,2063
2022-12-05,Alpine,003,1148,139,139,2,141,0
2022-12-05,Amador,005,37829,10216,10150,949,11099,96
2022-12-05,Butte,007,227075,40681,40335,9628,49963,465
2022-12-05,Calaveras,009,45235,8746,8676,594,9270,135
2022-12-05,Colusa,011,21464,3867,3849,1318,5167,22
2022-12-05,Contra Costa,013,1133247,260377,257263,21465,278728,1485
2022-12-05,Del Norte,015,27424,7569,7519,413,7932,56
2022-12-05,El Dorado,017,186661,33507,33200,4404,37604,235
2022-12-05,Fresno,019,978130,282419,279787,32815,312602,2898
2022-12-05,Glenn,021,27897,5677,5647,1938,7585,58
2022-12-05,Humboldt,023,135768,22650,22436,5437,27873,160
2022-12-05,Imperial,025,180216,67788,67001,17670,84671,960
2022-12-05,Inyo,027,18085,4637,4590,1127,5717,60
2022-12-05,Kern,029,883053,223336,222087,67634,289721,2431
2022-12-05,Kings,031,150075,61030,60636,4305,64941,464
2022-12-05,Lake,033,64148,13200,13078,1237,14315,149
2022-12-05,Lassen,035,31185,10131,10110,1026,11136,65
2022-12-05,Los Angeles,037,10098052,3378811,3346956,197290,3544246,33937
2022-12-05,Madera,039,155013,44996,44650,8529,53179,377
2022-12-05,Marin,041,260295,47005,46509,5471,51980,314
2022-12-05,Mariposa,043,17540,3232,3175,353,3528,32
2022-12-05,Mendocino,045,87422,16407,16294,4645,20939,136
2022-12-05,Merced,047,269075,74296,73547,12223,85770,876
2022-12-05,Modoc,049,8938,914,895,353,1248,11
2022-12-05,Mono,051,14174,3248,3237,279,3516,8
2022-12-05,Monterey,053,433212,95896,95364,22004,117368,775
2022-12-05,Napa,055,140530,33096,32859,1462,34321,161
2022-12-05,Nevada,057,99092,19636,19398,2100,21498,132
2022-12-05,Orange,059,3164182,685030,679165,69344,748509,7567
2022-12-05,Placer,061,380077,78294,77618,9893,87511,665
2022-12-05,Plumas,063,18699,3765,3738,451,4189,13
2022-12-05,Riverside,065,2383286,712359,706396,38003,744399,6693
2022-12-05,Sacramento,067,1510023,358216,354844,35631,390475,3377
2022-12-05,San Benito,069,59416,16957,16555,1034,17589,108
2022-12-05,San Bernardino,071,2135413,688147,681872,32681,714553,8133
2022-12-05,San Diego,073,3302833,949452,942451,75573,1018024,5569
2022-12-05,San Francisco,075,870044,186641,184552,12736,197288,1078
2022-12-05,San Joaquin,077,732212,203253,201175,15925,217100,2347
2022-12-05,San Luis Obispo,079,281455,64537,64105,7455,71560,531
2022-12-05,San Mateo,081,765935,175286,173283,10837,184120,748
2022-12-05,Santa Barbara,083,443738,108365,107527,7174,114701,738
2022-12-05,Santa Clara,085,1922200,453919,444150,20360,464510,2560
2022-12-05,Santa Cruz,087,273765,65844,65044,3636,68680,275
2022-12-05,Shasta,089,179085,35781,35519,7998,43517,598
2022-12-05,Sierra,091,2930,308,308,61,369,5
2022-12-05,Siskiyou,093,43540,5312,5406,3386,8792,95
2022-12-05,Solano,095,438530,108813,107925,8176,116101,470
2022-12-05,Sonoma,097,501317,109824,109040,5484,114524,530
2022-12-05,Stanislaus,099,539301,141110,140127,22100,162227,1785
2022-12-05,Sutter,101,95872,24931,24800,2495,27295,234
2022-12-05,Tehama,103,63373,14071,13904,3278,17182,216
2022-12-05,Trinity,105,12862,1437,1428,459,1887,22
2022-12-05,Tulare,107,460477,124410,123368,38041,161409,1546
2022-12-05,Tuolumne,109,53932,16139,15945,953,16898,207
2022-12-05,Ventura,111,848112,214204,212363,16737,229100,1591
2022-12-05,Yolo,113,214977,48685,48329,4582,52911,409
2022-12-05,Yuba,115,75493,19424,19307,1771,21078,132
2022-12-04,Alameda,001,1643700,361270,357689,20962,378651,2063
2022-12-04,Alpine,003,1148,139,139,2,141,0
2022-12-04,Amador,005,37829,10212,10150,949,11099,96
2022-12-04,Butte,007,227075,40620,40335,9612,49947,465
2022-12-04,Calaveras,009,45235,8735,8676,592,9268,135
2022-12-04,Colusa,011,21464,3865,3849,1318,5167,22
2022-12-04,Contra Costa,013,1133247,260019,257263,21428,278691,1485
2022-12-04,Del Norte,015,27424,7565,7519,412,7931,56
2022-12-04,El Dorado,017,186661,33485,33200,4396,37596,235
2022-12-04,Fresno,019,978130,282117,279787,32748,312535,2898
2022-12-04,Glenn,021,27897,5672,5647,1935,7582,58
2022-12-04,Humboldt,023,135768,22622,22436,5426,27862,160
2022-12-04,Imperial,025,180216,67706,67001,17563,84564,960
2022-12-04,Inyo,027,18085,4635,4590,1125,5715,60
2022-12-04,Kern,029,883053,223197,222087,67512,289599,2431
2022-12-04,Kings,031,150075,60973,60636,4290,64926,464
2022-12-04,Lake,033,64148,13186,13078,1236,14314,149
2022-12-04,Lassen,035,31185,10128,10110,1024,11134,65
2022-12-04,Los Angeles,037,10098052,3375008,3346956,196636,3543592,33937
2022-12-04,Madera,039,155013,44967,44650,8518,53168,377
2022-12-04,Marin,041,260295,46938,46509,5462,51971,314
2022-12-04,Mariposa,043,17540,3229,3175,353,3528,32
2022-12-04,Mendocino,045,87422,16399,16294,4641,20935,136
2022-12-04,Merced,047,269075,74247,73547,12184,85731,876
2022-12-04,Modoc,049,8938,912,895,353,1248,11
2022-12-04,Mono,051,14174,3247,3237,279,3516,8
2022-12-04,Monterey,053,433212,95855,95364,21980,117344,775
2022-12-04,Napa,055,140530,33073,32859,1453,34312,161
2022-12-04,Nevada,057,99092,19611,19398,2088,21486,132
2022-12-04,Orange,059,3164182,684343,679165,69093,748258,7567
2022-12-04,Placer,061,380077,78221,77618,9880,87498,665
2022-12-04,Plumas,063,18699,3762,3738,449,4187,13
2022-12-04,Riverside,065,2383286,711670,706396,37877,744273,6693
2022-12-04,Sacramento,067,1510023,357865,354844,35571,390415,3377
2022-12-04,San Benito,069,59416,16941,16555,1034,17589,108
2022-12-04,San Bernardino,071,2135413,687365,681872,32607,714479,8133
2022-12-04,San Diego,073,3302833,948386,942451,75417,1017868,5569
2022-12-04,San Francisco,075,870044,186342,184552,12700,197252,1078
2022-12-04,San Joaquin,077,732212,203067,201175,15890,217065,2347
2022-12-04,San Luis Obispo,079,281455,64495,64105,7441,71546,531
2022-12-04,San Mateo,081,765935,175079,173283,10822,184105,748
2022-12-04,Santa Barbara,083,443738,108266,107527,7165,114692,738
2022-12-04,Santa Clara,085,1922200,453274,444150,20302,464452,2560
2022-12-04,Santa Cruz,087,273765,65780,65044,3626,68670,275
2022-12-04,Shasta,089,179085,35761,35519,7974,43493,598
2022-12-04,Sierra,091,2930,308,308,61,369,5
2022-12-04,Siskiyou,093,43540,5307,5406,3385,8791,95
2022-12-04,Solano,095,438530,108672,107925,8170,116095,470
2022-12-04,Sonoma,097,501317,109721,109040,5477,114517,530
2022-12-04,Stanislaus,099,539301,140990,140127,22081,162208,1785
2022-12-04,Sutter,101,95872,24911,24800,2484,27284,234
2022-12-04,Tehama,103,63373,14056,13904,3277,17181,216
2022-12-04,Trinity,105,12862,1437,1428,459,1887,22
2022-12-04,Tulare,107,460477,124301,123368,37980,161348,1546
2022-12-04,Tuolumne,109,53932,16116,15945,952,16897,207
2022-12-04,Ventura,111,848112,214034,212363,16694,229057,1591
2022-12-04,Yolo,113,214977,48639,48329,4573,52902,409
2022-12-04,Yuba,115,75493,19414,19307,1769,21076,132
2022-12-03,Alameda,001,1643700,361034,357689,20927,378616,2063
2022-12-03,Alpine,003,1148,139,139,2,141,0
2022-12-03,Amador,005,37829,10205,10150,949,11099,96
2022-12-03,Butte,007,227075,40604,40335,9603,49938,465
2022-12-03,Calaveras,009,45235,8732,8676,592,9268,135
2022-12-03,Colusa,011,21464,3864,3849,1318,5167,22
2022-12-03,Contra Costa,013,1133247,259845,257263,21411,278674,1485
2022-12-03,Del Norte,015,27424,7561,7519,411,7930,56
2022-12-03,El Dorado,017,186661,33469,33200,4394,37594,235
2022-12-03,Fresno,019,978130,281990,279787,32729,312516,2898
2022-12-03,Glenn,021,27897,5670,5647,1935,7582,58
2022-12-03,Humboldt,023,135768,22601,22436,5414,27850,160
2022-12-03,Imperial,025,180216,67669,67001,17544,84545,960
2022-12-03,Inyo,027,18085,4634,4590,1124,5714,60
2022-12-03,Kern,029,883053,223144,222087,67443,289530,2431
2022-12-03,Kings,031,150075,60953,60636,4289,64925,464
2022-12-03,Lake,033,64148,13181,13078,1235,14313,149
2022-12-03,Lassen,035,31185,10126,10110,1024,11134,65
2022-12-03,Los Angeles,037,10098052,3373130,3346956,196309,3543265,33937
2022-12-03,Madera,039,155013,44947,44650,8515,53165,377
2022-12-03,Marin,041,260295,46897,46509,5457,51966,314
2022-12-03,Mariposa,043,17540,3227,3175,353,3528,32
2022-12-03,Mendocino,045,87422,16393,16294,4640,20934,136
2022-12-03,Merced,047,269075,74208,73547,12172,85719,876
2022-12-03,Modoc,049,8938,910,895,352,1247,11
2022-12-03,Mono,051,14174,3245,3237,279,3516,8
2022-12-03,Monterey,053,433212,95836,95364,21963,117327,775
2022-12-03,Napa,055,140530,33065,32859,1453,34312,161
2022-12-03,Nevada,057,99092,19604,19398,2086,21484,132
2022-12-03,Orange,059,3164182,684004,679165,68938,748103,7567
2022-12-03,Placer,061,380077,78173,77618,9879,87497,665
2022-12-03,Plumas,063,18699,3760,3738,448,4186,13
2022-12-03,Riverside,065,2383286,711279,706396,37818,744214,6693
2022-12-03,Sacramento,067,1510023,357685,354844,35553,390397,3377
2022-12-03,San Benito,069,59416,16920,16555,1031,17586,108
2022-12-03,San Bernardino,071,2135413,687009,681872,32561,714433,8133
2022-12-03,San Diego,073,3302833,947887,942451,75356,1017807,5569
2022-12-03,San Francisco,075,870044,186202,184552,12693,197245,1078
2022-12-03,San Joaquin,077,732212,202956,201175,15868,217043,2347
2022-12-03,San Luis Obispo,079,281455,64482,64105,7436,71541,531
2022-12-03,San Mateo,081,765935,174955,173283,10813,184096,748
2022-12-03,Santa Barbara,083,443738,108226,107527,7158,114685,738
2022-12-03,Santa Clara,085,1922200,452922,444150,20265,464415,2560
2022-12-03,Santa Cruz,087,273765,65738,65044,3615,68659,275
2022-12-03,Shasta,089,179085,35751,35519,7971,43490,598
2022-12-03,Sierra,091,2930,308,308,61,369,5
2022-12-03,Siskiyou,093,43540,5306,5406,3385,8791,95
2022-12-03,Solano,095,438530,108643,107925,8163,116088,470
2022-12-03,Sonoma,097,501317,109675,109040,5475,114515,530
2022-12-03,Stanislaus,099,539301,140923,140127,22076,162203,1785
2022-12-03,Sutter,101,95872,24895,24800,2484,27284,234
2022-12-03,Tehama,103,63373,14052,13904,3274,17178,216
2022-12-03,Trinity,105,12862,1437,1428,459,1887,22
2022-12-03,Tulare,107,460477,124239,123368,37946,161314,1546
2022-12-03,Tuolumne,109,53932,16100,15945,949,16894,207
2022-12-03,Ventura,111,848112,213939,212363,16674,229037,1591
2022-12-03,Yolo,113,214977,48613,48329,4570,52899,409
2022-12-03,Yuba,115,75493,19409,19307,1768,21075,132
2022-12-02,Alameda,001,1643700,360768,357689,20902,378591,2063
2022-12-02,Alpine,003,1148,139,139,2,141,0
2022-12-02,Amador,005,37829,10199,10150,949,11099,96
2022-12-02,Butte,007,227075,40589,40335,9591,49926,465
2022-12-02,Calaveras,009,45235,8728,8676,592,9268,135
2022-12-02,Colusa,011,21464,3864,3849,1318,5167,22
2022-12-02,Contra Costa,013,1133247,259692,257263,21404,278667,1485
2022-12-02,Del Norte,015,27424,7557,7519,411,7930,56
2022-12-02,El Dorado,017,186661,33453,33200,4394,37594,235
2022-12-02,Fresno,019,978130,281831,279787,32703,312490,2898
2022-12-02,Glenn,021,27897,5669,5647,1934,7581,58
2022-12-02,Humboldt,023,135768,22589,22436,5410,27846,160
2022-12-02,Imperial,025,180216,67626,67001,17526,84527,960
2022-12-02,Inyo,027,18085,4631,4590,1122,5712,60
2022-12-02,Kern,029,883053,223054,222087,67396,289483,2431
2022-12-02,Kings,031,150075,60935,60636,4287,64923,464
2022-12-02,Lake,033,64148,13175,13078,1234,14312,149
2022-12-02,Lassen,035,31185,10125,10110,1023,11133,65
2022-12-02,Los Angeles,037,10098052,3371095,3346956,195914,3542870,33937
2022-12-02,Madera,039,155013,44923,44650,8514,53164,377
2022-12-02,Marin,041,260295,46860,46509,5454,51963,314
2022-12-02,Mariposa,043,17540,3225,3175,352,3527,32
2022-12-02,Mendocino,045,87422,16388,16294,4640,20934,136
2022-12-02,Merced,047,269075,74178,73547,12166,85713,876
2022-12-02,Modoc,049,8938,909,895,351,1246,11
2022-12-02,Mono,051,14174,3245,3237,278,3515,8
2022-12-02,Monterey,053,433212,95805,95364,21946,117310,775
2022-12-02,Napa,055,140530,33051,32859,1449,34308,161
2022-12-02,Nevada,057,99092,19598,19398,2081,21479,132
2022-12-02,Orange,059,3164182,683633,679165,68764,747929,7567
2022-12-02,Placer,061,380077,78146,77618,9871,87489,665
2022-12-02,Plumas,063,18699,3760,3738,448,4186,13
2022-12-02,Riverside,065,2383286,710838,706396,37753,744149,6693
2022-12-02,Sacramento,067,1510023,357461,354844,35534,390378,3377
2022-12-02,San Benito,069,59416,16897,16555,1028,17583,108
2022-12-02,San Bernardino,071,2135413,686641,681872,32529,714401,8133
2022-12-02,San Diego,073,3302833,947374,942451,75287,1017738,5569
2022-12-02,San Francisco,075,870044,186079,184552,12679,197231,1078
2022-12-02,San Joaquin,077,732212,202858,201175,15853,217028,2347
2022-12-02,San Luis Obispo,079,281455,64461,64105,7426,71531,531
2022-12-02,San Mateo,081,765935,174831,173283,10803,184086,748
2022-12-02,Santa Barbara,083,443738,108171,107527,7156,114683,738
2022-12-02,Santa Clara,085,1922200,452601,444150,20241,464391,2560
2022-12-02,Santa Cruz,087,273765,65683,65044,3612,68656,275
2022-12-02,Shasta,089,179085,35734,35519,7969,43488,598
2022-12-02,Sierra,091,2930,308,308,61,369,5
2022-12-02,Siskiyou,093,43540,5304,5406,3385,8791,95
2022-12-02,Solano,095,438530,108574,107925,8157,116082,470
2022-12-02,Sonoma,097,501317,109625,109040,5467,114507,530
2022-12-02,Stanislaus,099,539301,140859,140127,22072,162199,1785
2022-12-02,Sutter,101,95872,24886,24800,2484,27284,234
2022-12-02,Tehama,103,63373,14047,13904,3270,17174,216
2022-12-02,Trinity,105,12862,1437,1428,458,1886,22
2022-12-02,Tulare,107,460477,124192,123368,37904,161272,1546
2022-12-02,Tuolumne,109,53932,16088,15945,947,16892,207
2022-12-02,Ventura,111,848112,213835,212363,16648,229011,1591
2022-12-02,Yolo,113,214977,48601,48329,4568,52897,409
2022-12-02,Yuba,115,75493,19398,19307,1768,21075,132
2022-12-01,Alameda,001,1643700,360363,357689,20853,378542,2063
2022-12-01,Alpine,003,1148,139,139,2,141,0
2022-12-01,Amador,005,37829,10193,10150,949,11099,96
2022-12-01,Butte,007,227075,40562,40335,9575,49910,465
2022-12-01,Calaveras,009,45235,8721,8676,589,9265,135
2022-12-01,Colusa,011,21464,3864,3849,1315,5164,22
2022-12-01,Contra Costa,013,1133247,259458,257263,21384,278647,1485
2022-12-01,Del Norte,015,27424,7556,7519,411,7930,56
2022-12-01,El Dorado,017,186661,33426,33200,4388,37588,235
2022-12-01,Fresno,019,978130,281650,279787,32658,312445,2898
2022-12-01,Glenn,021,27897,5661,5647,1931,7578,58
2022-12-01,Humboldt,023,135768,22577,22436,5405,27841,160
2022-12-01,Imperial,025,180216,67553,67001,17426,84427,960
2022-12-01,Inyo,027,18085,4625,4590,1118,5708,60
2022-12-01,Kern,029,883053,222909,222087,67313,289400,2431
2022-12-01,Kings,031,150075,60895,60636,4284,64920,464
2022-12-01,Lake,033,64148,13169,13078,1234,14312,149
2022-12-01,Lassen,035,31185,10123,10110,1023,11133,65
2022-12-01,Los Angeles,037,10098052,3368230,3346956,195425,3542381,33937
2022-12-01,Madera,039,155013,44890,44650,8501,53151,377
2022-12-01,Marin,041,260295,46820,46509,5441,51950,314
2022-12-01,Mariposa,043,17540,3221,3175,352,3527,32
2022-12-01,Mendocino,045,87422,16383,16294,4640,20934,136
2022-12-01,Merced,047,269075,74131,73547,12151,85698,876
2022-12-01,Modoc,049,8938,906,895,350,1245,11
2022-12-01,Mono,051,14174,3242,3237,277,3514,8
2022-12-01,Monterey,053,433212,95769,95364,21933,117297,775
2022-12-01,Napa,055,140530,33022,32859,1448,34307,161
2022-12-01,Nevada,057,99092,19581,19398,2078,21476,132
2022-12-01,Orange,059,3164182,683058,679165,68569,747734,7567
2022-12-01,Placer,061,380077,78090,77618,9862,87480,665
2022-12-01,Plumas,063,18699,3753,3738,448,4186,13
2022-12-01,Riverside,065,2383286,710311,706396,37652,744048,6693
2022-12-01,Sacramento,067,1510023,357152,354844,35483,390327,3377
2022-12-01,San Benito,069,59416,16866,16555,1025,17580,108
2022-12-01,San Bernardino,071,2135413,686078,681872,32451,714323,8133
2022-12-01,San Diego,073,3302833,946557,942451,75155,1017606,5569
2022-12-01,San Francisco,075,870044,185869,184552,12651,197203,1078
2022-12-01,San Joaquin,077,732212,202705,201175,15830,217005,2347
2022-12-01,San Luis Obispo,079,281455,64439,64105,7412,71517,531
2022-12-01,San Mateo,081,765935,174665,173283,10795,184078,748
2022-12-01,Santa Barbara,083,443738,108105,107527,7149,114676,738
2022-12-01,Santa Clara,085,1922200,452100,444150,20198,464348,2560
2022-12-01,Santa Cruz,087,273765,65615,65044,3607,68651,275
2022-12-01,Shasta,089,179085,35715,35519,7960,43479,598
2022-12-01,Sierra,091,2930,308,308,61,369,5
2022-12-01,Siskiyou,093,43540,5302,5406,3384,8790,95
2022-12-01,Solano,095,438530,108498,107925,8153,116078,470
2022-12-01,Sonoma,097,501317,109557,109040,5454,114494,530
2022-12-01,Stanislaus,099,539301,140776,140127,22064,162191,1785
2022-12-01,Sutter,101,95872,24876,24800,2483,27283,234
2022-12-01,Tehama,103,63373,14031,13904,3265,17169,216
2022-12-01,Trinity,105,12862,1437,1428,457,1885,22
2022-12-01,Tulare,107,460477,124130,123368,37848,161216,1546
2022-12-01,Tuolumne,109,53932,16073,15945,947,16892,207
2022-12-01,Ventura,111,848112,213690,212363,16617,228980,1591
2022-12-01,Yolo,113,214977,48566,48329,4562,52891,409
2022-12-01,Yuba,115,75493,19379,19307,1768,21075,132
2022-11-30,Alameda,001,1643700,359937,357689,20813,378502,2063
2022-11-30,Alpine,003,1148,139,139,2,141,0
2022-11-30,Amador,005,37829,10187,10150,949,11099,96
2022-11-30,Butte,007,227075,40525,40335,9550,49885,465
2022-11-30,Calaveras,009,45235,8715,8676,588,9264,135
2022-11-30,Colusa,011,21464,3861,3849,1314,5163,22
2022-11-30,Contra Costa,013,1133247,259210,257263,21365,278628,1485
2022-11-30,Del Norte,015,27424,7551,7519,410,7929,56
2022-11-30,El Dorado,017,186661,33399,33200,4385,37585,235
2022-11-30,Fresno,019,978130,281392,279787,32619,312406,2898
2022-11-30,Glenn,021,27897,5659,5647,1925,7572,58
2022-11-30,Humboldt,023,135768,22563,22436,5394,27830,160
2022-11-30,Imperial,025,180216,67440,67001,17334,84335,960
2022-11-30,Inyo,027,18085,4624,4590,1115,5705,60
2022-11-30,Kern,029,883053,222813,222087,67238,289325,2431
2022-11-30,Kings,031,150075,60837,60636,4273,64909,464
2022-11-30,Lake,033,64148,13159,13078,1234,14312,149
2022-11-30,Lassen,035,31185,10121,10110,1023,11133,65
2022-11-30,Los Angeles,037,10098052,3364783,3346956,194866,3541822,33937
2022-11-30,Madera,039,155013,44863,44650,8496,53146,377
2022-11-30,Marin,041,260295,46782,46509,5435,51944,314
2022-11-30,Mariposa,043,17540,3217,3175,351,3526,32
2022-11-30,Mendocino,045,87422,16376,16294,4635,20929,136
2022-11-30,Merced,047,269075,74069,73547,12128,85675,876
2022-11-30,Modoc,049,8938,906,895,349,1244,11
2022-11-30,Mono,051,14174,3240,3237,277,3514,8
2022-11-30,Monterey,053,433212,95722,95364,21914,117278,775
2022-11-30,Napa,055,140530,32990,32859,1448,34307,161
2022-11-30,Nevada,057,99092,19570,19398,2073,21471,132
2022-11-30,Orange,059,3164182,682430,679165,68351,747516,7567
2022-11-30,Placer,061,380077,78023,77618,9853,87471,665
2022-11-30,Plumas,063,18699,3751,3738,448,4186,13
2022-11-30,Riverside,065,2383286,709650,706396,37549,743945,6693
2022-11-30,Sacramento,067,1510023,356863,354844,35451,390295,3377
2022-11-30,San Benito,069,59416,16826,16555,1023,17578,108
2022-11-30,San Bernardino,071,2135413,685473,681872,32369,714241,8133
2022-11-30,San Diego,073,3302833,945693,942451,75034,1017485,5569
2022-11-30,San Francisco,075,870044,185643,184552,12634,197186,1078
2022-11-30,San Joaquin,077,732212,202529,201175,15782,216957,2347
2022-11-30,San Luis Obispo,079,281455,64404,64105,7396,71501,531
2022-11-30,San Mateo,081,765935,174481,173283,10777,184060,748
2022-11-30,Santa Barbara,083,443738,108026,107527,7133,114660,738
2022-11-30,Santa Clara,085,1922200,451589,444150,20157,464307,2560
2022-11-30,Santa Cruz,087,273765,65551,65044,3602,68646,275
2022-11-30,Shasta,089,179085,35697,35519,7951,43470,598
2022-11-30,Sierra,091,2930,308,308,61,369,5
2022-11-30,Siskiyou,093,43540,5299,5406,3383,8789,95
2022-11-30,Solano,095,438530,108409,107925,8147,116072,470
2022-11-30,Sonoma,097,501317,109485,109040,5448,114488,530
2022-11-30,Stanislaus,099,539301,140669,140127,22053,162180,1785
2022-11-30,Sutter,101,95872,24858,24800,2480,27280,234
2022-11-30,Tehama,103,63373,14012,13904,3260,17164,216
2022-11-30,Trinity,105,12862,1436,1428,456,1884,22
2022-11-30,Tulare,107,460477,124047,123368,37796,161164,1546
2022-11-30,Tuolumne,109,53932,16057,15945,945,16890,207
2022-11-30,Ventura,111,848112,213500,212363,16574,228937,1591
2022-11-30,Yolo,113,214977,48539,48329,4556,52885,409
2022-11-30,Yuba,115,75493,19367,19307,1768,21075,132
2022-11-29,Alameda,001,1643700,359512,357689,20754,378443,2063
2022-11-29,Alpine,003,1148,139,139,1,140,0
2022-11-29,Amador,005,37829,10183,10150,949,11099,96
2022-11-29,Butte,007,227075,40482,40335,9532,49867,465
2022-11-29,Calaveras,009,45235,8708,8676,588,9264,135
2022-11-29,Colusa,011,21464,3860,3849,1310,5159,22
2022-11-29,Contra Costa,013,1133247,258951,257263,21343,278606,1485
2022-11-29,Del Norte,015,27424,7544,7519,410,7929,56
2022-11-29,El Dorado,017,186661,33358,33200,4382,37582,235
2022-11-29,Fresno,019,978130,281168,279787,32568,312355,2898
2022-11-29,Glenn,021,27897,5657,5647,1924,7571,58
2022-11-29,Humboldt,023,135768,22547,22436,5379,27815,160
2022-11-29,Imperial,025,180216,67347,67001,17253,84254,960
2022-11-29,Inyo,027,18085,4618,4590,1110,5700,60
2022-11-29,Kern,029,883053,222695,222087,67136,289223,2431
2022-11-29,Kings,031,150075,60798,60636,4270,64906,464
2022-11-29,Lake,033,64148,13151,13078,1234,14312,149
2022-11-29,Lassen,035,31185,10118,10110,1022,11132,65
2022-11-29,Los Angeles,037,10098052,3360843,3346956,194288,3541244,33937
2022-11-29,Madera,039,155013,44821,44650,8471,53121,377
2022-11-29,Marin,041,260295,46736,46509,5431,51940,314
2022-11-29,Mariposa,043,17540,3215,3175,350,3525,32
2022-11-29,Mendocino,045,87422,16367,16294,4631,20925,136
2022-11-29,Merced,047,269075,74016,73547,12101,85648,876
2022-11-29,Modoc,049,8938,904,895,349,1244,11
2022-11-29,Mono,051,14174,3239,3237,277,3514,8
2022-11-29,Monterey,053,433212,95682,95364,21889,117253,775
2022-11-29,Napa,055,140530,32965,32859,1448,34307,161
2022-11-29,Nevada,057,99092,19549,19398,2067,21465,132
2022-11-29,Orange,059,3164182,681688,679165,68115,747280,7567
2022-11-29,Placer,061,380077,77952,77618,9843,87461,665
2022-11-29,Plumas,063,18699,3745,3738,447,4185,13
2022-11-29,Riverside,065,2383286,709059,706396,37438,743834,6693
2022-11-29,Sacramento,067,1510023,356478,354844,35406,390250,3377
2022-11-29,San Benito,069,59416,16784,16555,1019,17574,108
2022-11-29,San Bernardino,071,2135413,684847,681872,32292,714164,8133
2022-11-29,San Diego,073,3302833,944789,942451,74857,1017308,5569
2022-11-29,San Francisco,075,870044,185413,184552,12618,197170,1078
2022-11-29,San Joaquin,077,732212,202329,201175,15745,216920,2347
2022-11-29,San Luis Obispo,079,281455,64366,64105,7385,71490,531
2022-11-29,San Mateo,081,765935,174297,173283,10766,184049,748
2022-11-29,Santa Barbara,083,443738,107942,107527,7123,114650,738
2022-11-29,Santa Clara,085,1922200,451050,444150,20103,464253,2560
2022-11-29,Santa Cruz,087,273765,65468,65044,3599,68643,275
2022-11-29,Shasta,089,179085,35677,35519,7937,43456,598
2022-11-29,Sierra,091,2930,308,308,61,369,5
2022-11-29,Siskiyou,093,43540,5295,5406,3382,8788,95
2022-11-29,Solano,095,438530,108302,107925,8141,116066,470
2022-11-29,Sonoma,097,501317,109406,109040,5438,114478,530
2022-11-29,Stanislaus,099,539301,140586,140127,22035,162162,1785
2022-11-29,Sutter,101,95872,24850,24800,2479,27279,234
2022-11-29,Tehama,103,63373,13997,13904,3251,17155,216
2022-11-29,Trinity,105,12862,1434,1428,456,1884,22
2022-11-29,Tulare,107,460477,123960,123368,37755,161123,1546
2022-11-29,Tuolumne,109,53932,16042,15945,943,16888,207
2022-11-29,Ventura,111,848112,213319,212363,16531,228894,1591
2022-11-29,Yolo,113,214977,48504,48329,4547,52876,409
2022-11-29,Yuba,115,75493,19356,19307,1767,21074,132
2022-11-28,Alameda,001,1643700,359065,356253,20722,376975,2059
2022-11-28,Alpine,003,1148,139,138,1,139,0
2022-11-28,Amador,005,37829,10175,10132,949,11081,95
2022-11-28,Butte,007,227075,40443,40206,9509,49715,465
2022-11-28,Calaveras,009,45235,8699,8651,588,9239,135
2022-11-28,Colusa,011,21464,3855,3840,1309,5149,22
2022-11-28,Contra Costa,013,1133247,258658,256191,21309,277500,1483
2022-11-28,Del Norte,015,27424,7539,7502,409,7911,56
2022-11-28,El Dorado,017,186661,33326,33057,4379,37436,233
2022-11-28,Fresno,019,978130,280897,278793,32507,311300,2893
2022-11-28,Glenn,021,27897,5653,5625,1923,7548,58
2022-11-28,Humboldt,023,135768,22530,22351,5359,27710,160
2022-11-28,Imperial,025,180216,67203,66747,17158,83905,960
2022-11-28,Inyo,027,18085,4611,4557,1105,5662,60
2022-11-28,Kern,029,883053,222539,221639,67040,288679,2430
2022-11-28,Kings,031,150075,60735,60457,4258,64715,463
2022-11-28,Lake,033,64148,13138,13042,1231,14273,149
2022-11-28,Lassen,035,31185,10117,10091,1020,11111,65
2022-11-28,Los Angeles,037,10098052,3356560,3332327,193731,3526058,33882
2022-11-28,Madera,039,155013,44790,44503,8461,52964,377
2022-11-28,Marin,041,260295,46694,46293,5423,51716,314
2022-11-28,Mariposa,043,17540,3213,3156,349,3505,32
2022-11-28,Mendocino,045,87422,16360,16255,4618,20873,136
2022-11-28,Merced,047,269075,73955,73259,12076,85335,876
2022-11-28,Modoc,049,8938,902,895,346,1241,11
2022-11-28,Mono,051,14174,3239,3233,276,3509,8
2022-11-28,Monterey,053,433212,95630,95169,21854,117023,775
2022-11-28,Napa,055,140530,32937,32736,1446,34182,161
2022-11-28,Nevada,057,99092,19522,19310,2063,21373,132
2022-11-28,Orange,059,3164182,680863,676959,67851,744810,7565
2022-11-28,Placer,061,380077,77904,77331,9835,87166,665
2022-11-28,Plumas,063,18699,3743,3737,447,4184,13
2022-11-28,Riverside,065,2383286,708408,704180,37329,741509,6692
2022-11-28,Sacramento,067,1510023,356093,353538,35349,388887,3374
2022-11-28,San Benito,069,59416,16738,16474,1007,17481,108
2022-11-28,San Bernardino,071,2135413,684159,679620,32199,711819,8133
2022-11-28,San Diego,073,3302833,943740,938583,74722,1013305,5562
2022-11-28,San Francisco,075,870044,185159,183671,12601,196272,1076
2022-11-28,San Joaquin,077,732212,202142,200474,15700,216174,2344
2022-11-28,San Luis Obispo,079,281455,64333,63962,7377,71339,530
2022-11-28,San Mateo,081,765935,174060,172573,10753,183326,748
2022-11-28,Santa Barbara,083,443738,107844,107184,7110,114294,735
2022-11-28,Santa Clara,085,1922200,450462,442182,20046,462228,2558
2022-11-28,Santa Cruz,087,273765,65374,64814,3596,68410,275
2022-11-28,Shasta,089,179085,35649,35452,7924,43376,596
2022-11-28,Sierra,091,2930,308,308,61,369,5
2022-11-28,Siskiyou,093,43540,5290,5385,3381,8766,95
2022-11-28,Solano,095,438530,108190,107446,8132,115578,469
2022-11-28,Sonoma,097,501317,109319,108690,5429,114119,530
2022-11-28,Stanislaus,099,539301,140471,139741,22006,161747,1785
2022-11-28,Sutter,101,95872,24835,24730,2479,27209,234
2022-11-28,Tehama,103,63373,13979,13857,3250,17107,216
2022-11-28,Trinity,105,12862,1434,1425,456,1881,21
2022-11-28,Tulare,107,460477,123884,123029,37701,160730,1545
2022-11-28,Tuolumne,109,53932,16032,15885,939,16824,206
2022-11-28,Ventura,111,848112,213110,211680,16480,228160,1591
2022-11-28,Yolo,113,214977,48471,48228,4535,52763,408
2022-11-28,Yuba,115,75493,19342,19233,1767,21000,132
2022-11-27,Alameda,001,1643700,358484,356253,20644,376897,2059
2022-11-27,Alpine,003,1148,139,138,1,139,0
2022-11-27,Amador,005,37829,10170,10132,948,11080,95
2022-11-27,Butte,007,227075,40397,40206,9489,49695,465
2022-11-27,Calaveras,009,45235,8693,8651,587,9238,135
2022-11-27,Colusa,011,21464,3852,3840,1307,5147,22
2022-11-27,Contra Costa,013,1133247,258308,256191,21261,277452,1483
2022-11-27,Del Norte,015,27424,7531,7502,406,7908,56
2022-11-27,El Dorado,017,186661,33282,33057,4373,37430,233
2022-11-27,Fresno,019,978130,280559,278793,32456,311249,2893
2022-11-27,Glenn,021,27897,5652,5625,1921,7546,58
2022-11-27,Humboldt,023,135768,22513,22351,5338,27689,160
2022-11-27,Imperial,025,180216,67113,66747,17087,83834,960
2022-11-27,Inyo,027,18085,4603,4557,1102,5659,60
2022-11-27,Kern,029,883053,222384,221639,66906,288545,2430
2022-11-27,Kings,031,150075,60661,60457,4246,64703,463
2022-11-27,Lake,033,64148,13124,13042,1229,14271,149
2022-11-27,Lassen,035,31185,10110,10091,1020,11111,65
2022-11-27,Los Angeles,037,10098052,3351490,3332327,193072,3525399,33882
2022-11-27,Madera,039,155013,44741,44503,8443,52946,377
2022-11-27,Marin,041,260295,46635,46293,5409,51702,314
2022-11-27,Mariposa,043,17540,3209,3156,349,3505,32
2022-11-27,Mendocino,045,87422,16346,16255,4606,20861,136
2022-11-27,Merced,047,269075,73842,73259,12051,85310,876
2022-11-27,Modoc,049,8938,900,895,346,1241,11
2022-11-27,Mono,051,14174,3239,3233,275,3508,8
2022-11-27,Monterey,053,433212,95567,95169,21832,117001,775
2022-11-27,Napa,055,140530,32901,32736,1444,34180,161
2022-11-27,Nevada,057,99092,19492,19310,2052,21362,132
2022-11-27,Orange,059,3164182,680044,676959,67582,744541,7565
2022-11-27,Placer,061,380077,77811,77331,9816,87147,665
2022-11-27,Plumas,063,18699,3741,3737,446,4183,13
2022-11-27,Riverside,065,2383286,707567,704180,37188,741368,6692
2022-11-27,Sacramento,067,1510023,355643,353538,35270,388808,3374
2022-11-27,San Benito,069,59416,16696,16474,1003,17477,108
2022-11-27,San Bernardino,071,2135413,683261,679620,32092,711712,8133
2022-11-27,San Diego,073,3302833,942501,938583,74541,1013124,5562
2022-11-27,San Francisco,075,870044,184854,183671,12570,196241,1076
2022-11-27,San Joaquin,077,732212,201875,200474,15640,216114,2344
2022-11-27,San Luis Obispo,079,281455,64260,63962,7356,71318,530
2022-11-27,San Mateo,081,765935,173748,172573,10731,183304,748
2022-11-27,Santa Barbara,083,443738,107736,107184,7083,114267,735
2022-11-27,Santa Clara,085,1922200,449781,442182,19995,462177,2558
2022-11-27,Santa Cruz,087,273765,65226,64814,3591,68405,275
2022-11-27,Shasta,089,179085,35632,35452,7909,43361,596
2022-11-27,Sierra,091,2930,308,308,61,369,5
2022-11-27,Siskiyou,093,43540,5285,5385,3379,8764,95
2022-11-27,Solano,095,438530,108053,107446,8117,115563,469
2022-11-27,Sonoma,097,501317,109213,108690,5426,114116,530
2022-11-27,Stanislaus,099,539301,140361,139741,21982,161723,1785
2022-11-27,Sutter,101,95872,24816,24730,2478,27208,234
2022-11-27,Tehama,103,63373,13958,13857,3232,17089,216
2022-11-27,Trinity,105,12862,1433,1425,456,1881,21
2022-11-27,Tulare,107,460477,123732,123029,37624,160653,1545
2022-11-27,Tuolumne,109,53932,16025,15885,937,16822,206
2022-11-27,Ventura,111,848112,212873,211680,16431,228111,1591
2022-11-27,Yolo,113,214977,48431,48228,4533,52761,408
2022-11-27,Yuba,115,75493,19322,19233,1764,20997,132
2022-11-26,Alameda,001,1643700,358213,356253,20619,376872,2059
2022-11-26,Alpine,003,1148,139,138,1,139,0
2022-11-26,Amador,005,37829,10165,10132,947,11079,95
2022-11-26,Butte,007,227075,40373,40206,9477,49683,465
2022-11-26,Calaveras,009,45235,8690,8651,587,9238,135
2022-11-26,Colusa,011,21464,3849,3840,1306,5146,22
2022-11-26,Contra Costa,013,1133247,258091,256191,21248,277439,1483
2022-11-26,Del Norte,015,27424,7521,7502,405,7907,56
2022-11-26,El Dorado,017,186661,33263,33057,4373,37430,233
2022-11-26,Fresno,019,978130,280394,278793,32430,311223,2893
2022-11-26,Glenn,021,27897,5648,5625,1915,7540,58
2022-11-26,Humboldt,023,135768,22500,22351,5330,27681,160
2022-11-26,Imperial,025,180216,67070,66747,17071,83818,960
2022-11-26,Inyo,027,18085,4596,4557,1100,5657,60
2022-11-26,Kern,029,883053,222297,221639,66845,288484,2430
2022-11-26,Kings,031,150075,60635,60457,4245,64702,463
2022-11-26,Lake,033,64148,13117,13042,1228,14270,149
2022-11-26,Lassen,035,31185,10109,10091,1020,11111,65
2022-11-26,Los Angeles,037,10098052,3349055,3332327,192724,3525051,33882
2022-11-26,Madera,039,155013,44719,44503,8435,52938,377
2022-11-26,Marin,041,260295,46595,46293,5403,51696,314
2022-11-26,Mariposa,043,17540,3209,3156,349,3505,32
2022-11-26,Mendocino,045,87422,16340,16255,4606,20861,136
2022-11-26,Merced,047,269075,73802,73259,12043,85302,876
2022-11-26,Modoc,049,8938,900,895,346,1241,11
2022-11-26,Mono,051,14174,3238,3233,274,3507,8
2022-11-26,Monterey,053,433212,95526,95169,21814,116983,775
2022-11-26,Napa,055,140530,32889,32736,1444,34180,161
2022-11-26,Nevada,057,99092,19485,19310,2045,21355,132
2022-11-26,Orange,059,3164182,679632,676959,67446,744405,7565
2022-11-26,Placer,061,380077,77751,77331,9809,87140,665
2022-11-26,Plumas,063,18699,3741,3737,446,4183,13
2022-11-26,Riverside,065,2383286,707121,704180,37117,741297,6692
2022-11-26,Sacramento,067,1510023,355441,353538,35257,388795,3374
2022-11-26,San Benito,069,59416,16674,16474,1003,17477,108
2022-11-26,San Bernardino,071,2135413,682864,679620,32042,711662,8133
2022-11-26,San Diego,073,3302833,942051,938583,74452,1013035,5562
2022-11-26,San Francisco,075,870044,184699,183671,12561,196232,1076
2022-11-26,San Joaquin,077,732212,201746,200474,15608,216082,2344
2022-11-26,San Luis Obispo,079,281455,64243,63962,7353,71315,530
2022-11-26,San Mateo,081,765935,173605,172573,10721,183294,748
2022-11-26,Santa Barbara,083,443738,107647,107184,7074,114258,735
2022-11-26,Santa Clara,085,1922200,449286,442182,19959,462141,2558
2022-11-26,Santa Cruz,087,273765,65178,64814,3589,68403,275
2022-11-26,Shasta,089,179085,35618,35452,7904,43356,596
2022-11-26,Sierra,091,2930,308,308,61,369,5
2022-11-26,Siskiyou,093,43540,5278,5385,3379,8764,95
2022-11-26,Solano,095,438530,108005,107446,8112,115558,469
2022-11-26,Sonoma,097,501317,109158,108690,5422,114112,530
2022-11-26,Stanislaus,099,539301,140297,139741,21969,161710,1785
2022-11-26,Sutter,101,95872,24810,24730,2477,27207,234
2022-11-26,Tehama,103,63373,13952,13857,3225,17082,216
2022-11-26,Trinity,105,12862,1433,1425,456,1881,21
2022-11-26,Tulare,107,460477,123682,123029,37567,160596,1545
2022-11-26,Tuolumne,109,53932,16013,15885,936,16821,206
2022-11-26,Ventura,111,848112,212736,211680,16408,228088,1591
2022-11-26,Yolo,113,214977,48411,48228,4528,52756,408
2022-11-26,Yuba,115,75493,19315,19233,1764,20997,132
2022-11-25,Alameda,001,1643700,357947,356253,20594,376847,2059
2022-11-25,Alpine,003,1148,139,138,1,139,0
2022-11-25,Amador,005,37829,10158,10132,946,11078,95
2022-11-25,Butte,007,227075,40356,40206,9463,49669,465
2022-11-25,Calaveras,009,45235,8687,8651,587,9238,135
2022-11-25,Colusa,011,21464,3847,3840,1306,5146,22
2022-11-25,Contra Costa,013,1133247,257925,256191,21234,277425,1483
2022-11-25,Del Norte,015,27424,7520,7502,405,7907,56
2022-11-25,El Dorado,017,186661,33237,33057,4371,37428,233
2022-11-25,Fresno,019,978130,280223,278793,32399,311192,2893
2022-11-25,Glenn,021,27897,5647,5625,1913,7538,58
2022-11-25,Humboldt,023,135768,22487,22351,5327,27678,160
2022-11-25,Imperial,025,180216,67033,66747,17040,83787,960
2022-11-25,Inyo,027,18085,4592,4557,1094,5651,60
2022-11-25,Kern,029,883053,222234,221639,66798,288437,2430
2022-11-25,Kings,031,150075,60612,60457,4244,64701,463
2022-11-25,Lake,033,64148,13115,13042,1228,14270,149
2022-11-25,Lassen,035,31185,10109,10091,1019,11110,65
2022-11-25,Los Angeles,037,10098052,3346759,3332327,192334,3524661,33882
2022-11-25,Madera,039,155013,44693,44503,8427,52930,377
2022-11-25,Marin,041,260295,46554,46293,5401,51694,314
2022-11-25,Mariposa,043,17540,3206,3156,348,3504,32
2022-11-25,Mendocino,045,87422,16332,16255,4603,20858,136
2022-11-25,Merced,047,269075,73766,73259,12038,85297,876
2022-11-25,Modoc,049,8938,899,895,346,1241,11
2022-11-25,Mono,051,14174,3238,3233,274,3507,8
2022-11-25,Monterey,053,433212,95479,95169,21789,116958,775
2022-11-25,Napa,055,140530,32876,32736,1444,34180,161
2022-11-25,Nevada,057,99092,19470,19310,2041,21351,132
2022-11-25,Orange,059,3164182,679234,676959,67331,744290,7565
2022-11-25,Placer,061,380077,77710,77331,9803,87134,665
2022-11-25,Plumas,063,18699,3741,3737,446,4183,13
2022-11-25,Riverside,065,2383286,706743,704180,37035,741215,6692
2022-11-25,Sacramento,067,1510023,355227,353538,35231,388769,3374
2022-11-25,San Benito,069,59416,16649,16474,1003,17477,108
2022-11-25,San Bernardino,071,2135413,682461,679620,32005,711625,8133
2022-11-25,San Diego,073,3302833,941560,938583,74396,1012979,5562
2022-11-25,San Francisco,075,870044,184552,183671,12533,196204,1076
2022-11-25,San Joaquin,077,732212,201634,200474,15597,216071,2344
2022-11-25,San Luis Obispo,079,281455,64228,63962,7345,71307,530
2022-11-25,San Mateo,081,765935,173426,172573,10712,183285,748
2022-11-25,Santa Barbara,083,443738,107584,107184,7072,114256,735
2022-11-25,Santa Clara,085,1922200,448866,442182,19924,462106,2558
2022-11-25,Santa Cruz,087,273765,65142,64814,3588,68402,275
2022-11-25,Shasta,089,179085,35611,35452,7899,43351,596
2022-11-25,Sierra,091,2930,308,308,61,369,5
2022-11-25,Siskiyou,093,43540,5275,5385,3379,8764,95
2022-11-25,Solano,095,438530,107925,107446,8106,115552,469
2022-11-25,Sonoma,097,501317,109105,108690,5422,114112,530
2022-11-25,Stanislaus,099,539301,140226,139741,21957,161698,1785
2022-11-25,Sutter,101,95872,24799,24730,2477,27207,234
2022-11-25,Tehama,103,63373,13943,13857,3220,17077,216
2022-11-25,Trinity,105,12862,1433,1425,455,1880,21
2022-11-25,Tulare,107,460477,123623,123029,37530,160559,1545
2022-11-25,Tuolumne,109,53932,16003,15885,935,16820,206
2022-11-25,Ventura,111,848112,212605,211680,16383,228063,1591
2022-11-25,Yolo,113,214977,48392,48228,4521,52749,408
2022-11-25,Yuba,115,75493,19304,19233,1763,20996,132
2022-11-24,Alameda,001,1643700,357638,356253,20572,376825,2059
2022-11-24,Alpine,003,1148,139,138,1,139,0
2022-11-24,Amador,005,37829,10155,10132,946,11078,95
2022-11-24,Butte,007,227075,40317,40206,9448,49654,465
2022-11-24,Calaveras,009,45235,8680,8651,587,9238,135
2022-11-24,Colusa,011,21464,3844,3840,1306,5146,22
2022-11-24,Contra Costa,013,1133247,257749,256191,21225,277416,1483
2022-11-24,Del Norte,015,27424,7519,7502,405,7907,56
2022-11-24,El Dorado,017,186661,33205,33057,4370,37427,233
2022-11-24,Fresno,019,978130,280033,278793,32350,311143,2893
2022-11-24,Glenn,021,27897,5643,5625,1911,7536,58
2022-11-24,Humboldt,023,135768,22473,22351,5322,27673,160
2022-11-24,Imperial,025,180216,66972,66747,17029,83776,960
2022-11-24,Inyo,027,18085,4588,4557,1093,5650,60
2022-11-24,Kern,029,883053,222165,221639,66732,288371,2430
2022-11-24,Kings,031,150075,60578,60457,4240,64697,463
2022-11-24,Lake,033,64148,13108,13042,1228,14270,149
2022-11-24,Lassen,035,31185,10105,10091,1019,11110,65
2022-11-24,Los Angeles,037,10098052,3344173,3332327,191888,3524215,33882
2022-11-24,Madera,039,155013,44671,44503,8419,52922,377
2022-11-24,Marin,041,260295,46509,46293,5400,51693,314
2022-11-24,Mariposa,043,17540,3202,3156,348,3504,32
2022-11-24,Mendocino,045,87422,16326,16255,4600,20855,136
2022-11-24,Merced,047,269075,73707,73259,12032,85291,876
2022-11-24,Modoc,049,8938,899,895,346,1241,11
2022-11-24,Mono,051,14174,3236,3233,274,3507,8
2022-11-24,Monterey,053,433212,95439,95169,21774,116943,775
2022-11-24,Napa,055,140530,32856,32736,1444,34180,161
2022-11-24,Nevada,057,99092,19455,19310,2037,21347,132
2022-11-24,Orange,059,3164182,678810,676959,67170,744129,7565
2022-11-24,Placer,061,380077,77669,77331,9792,87123,665
2022-11-24,Plumas,063,18699,3740,3737,446,4183,13
2022-11-24,Riverside,065,2383286,706274,704180,36949,741129,6692
2022-11-24,Sacramento,067,1510023,354971,353538,35215,388753,3374
2022-11-24,San Benito,069,59416,16639,16474,1002,17476,108
2022-11-24,San Bernardino,071,2135413,681975,679620,31953,711573,8133
2022-11-24,San Diego,073,3302833,940956,938583,74327,1012910,5562
2022-11-24,San Francisco,075,870044,184392,183671,12515,196186,1076
2022-11-24,San Joaquin,077,732212,201478,200474,15563,216037,2344
2022-11-24,San Luis Obispo,079,281455,64208,63962,7340,71302,530
2022-11-24,San Mateo,081,765935,173292,172573,10706,183279,748
2022-11-24,Santa Barbara,083,443738,107539,107184,7070,114254,735
2022-11-24,Santa Clara,085,1922200,448533,442182,19908,462090,2558
2022-11-24,Santa Cruz,087,273765,65112,64814,3587,68401,275
2022-11-24,Shasta,089,179085,35598,35452,7893,43345,596
2022-11-24,Sierra,091,2930,308,308,61,369,5
2022-11-24,Siskiyou,093,43540,5275,5385,3379,8764,95
2022-11-24,Solano,095,438530,107807,107446,8105,115551,469
2022-11-24,Sonoma,097,501317,109042,108690,5420,114110,530
2022-11-24,Stanislaus,099,539301,140145,139741,21946,161687,1785
2022-11-24,Sutter,101,95872,24787,24730,2477,27207,234
2022-11-24,Tehama,103,63373,13932,13857,3217,17074,216
2022-11-24,Trinity,105,12862,1433,1425,454,1879,21
2022-11-24,Tulare,107,460477,123570,123029,37497,160526,1545
2022-11-24,Tuolumne,109,53932,15989,15885,933,16818,206
2022-11-24,Ventura,111,848112,212463,211680,16345,228025,1591
2022-11-24,Yolo,113,214977,48372,48228,4519,52747,408
2022-11-24,Yuba,115,75493,19287,19233,1763,20996,132
2022-11-23,Alameda,001,1643700,357490,356253,20563,376816,2059
2022-11-23,Alpine,003,1148,139,138,1,139,0
2022-11-23,Amador,005,37829,10152,10132,946,11078,95
2022-11-23,Butte,007,227075,40301,40206,9437,49643,465
2022-11-23,Calaveras,009,45235,8675,8651,587,9238,135
2022-11-23,Colusa,011,21464,3844,3840,1306,5146,22
2022-11-23,Contra Costa,013,1133247,257639,256191,21221,277412,1483
2022-11-23,Del Norte,015,27424,7518,7502,405,7907,56
2022-11-23,El Dorado,017,186661,33195,33057,4369,37426,233
2022-11-23,Fresno,019,978130,279946,278793,32329,311122,2893
2022-11-23,Glenn,021,27897,5642,5625,1910,7535,58
2022-11-23,Humboldt,023,135768,22467,22351,5320,27671,160
2022-11-23,Imperial,025,180216,66930,66747,17023,83770,960
2022-11-23,Inyo,027,18085,4587,4557,1092,5649,60
2022-11-23,Kern,029,883053,222123,221639,66721,288360,2430
2022-11-23,Kings,031,150075,60566,60457,4239,64696,463
2022-11-23,Lake,033,64148,13102,13042,1228,14270,149
2022-11-23,Lassen,035,31185,10101,10091,1019,11110,65
2022-11-23,Los Angeles,037,10098052,3343126,3332327,191693,3524020,33882
2022-11-23,Madera,039,155013,44670,44503,8416,52919,377
2022-11-23,Marin,041,260295,46484,46293,5398,51691,314
2022-11-23,Mariposa,043,17540,3202,3156,348,3504,32
2022-11-23,Mendocino,045,87422,16325,16255,4597,20852,136
2022-11-23,Merced,047,269075,73686,73259,12028,85287,876
2022-11-23,Modoc,049,8938,899,895,346,1241,11
2022-11-23,Mono,051,14174,3236,3233,274,3507,8
2022-11-23,Monterey,053,433212,95418,95169,21768,116937,775
2022-11-23,Napa,055,140530,32845,32736,1444,34180,161
2022-11-23,Nevada,057,99092,19448,19310,2036,21346,132
2022-11-23,Orange,059,3164182,678676,676959,67110,744069,7565
2022-11-23,Placer,061,380077,77631,77331,9788,87119,665
2022-11-23,Plumas,063,18699,3739,3737,446,4183,13
2022-11-23,Riverside,065,2383286,706090,704180,36920,741100,6692
2022-11-23,Sacramento,067,1510023,354852,353538,35206,388744,3374
2022-11-23,San Benito,069,59416,16636,16474,1002,17476,108
2022-11-23,San Bernardino,071,2135413,681782,679620,31934,711554,8133
2022-11-23,San Diego,073,3302833,940737,938583,74300,1012883,5562
2022-11-23,San Francisco,075,870044,184316,183671,12512,196183,1076
2022-11-23,San Joaquin,077,732212,201412,200474,15543,216017,2344
2022-11-23,San Luis Obispo,079,281455,64202,63962,7340,71302,530
2022-11-23,San Mateo,081,765935,173239,172573,10701,183274,748
2022-11-23,Santa Barbara,083,443738,107505,107184,7068,114252,735
2022-11-23,Santa Clara,085,1922200,448360,442182,19891,462073,2558
2022-11-23,Santa Cruz,087,273765,65094,64814,3587,68401,275
2022-11-23,Shasta,089,179085,35592,35452,7891,43343,596
2022-11-23,Sierra,091,2930,308,308,61,369,5
2022-11-23,Siskiyou,093,43540,5272,5385,3379,8764,95
2022-11-23,Solano,095,438530,107792,107446,8103,115549,469
2022-11-23,Sonoma,097,501317,109011,108690,5420,114110,530
2022-11-23,Stanislaus,099,539301,140106,139741,21943,161684,1785
2022-11-23,Sutter,101,95872,24783,24730,2477,27207,234
2022-11-23,Tehama,103,63373,13927,13857,3216,17073,216
2022-11-23,Trinity,105,12862,1433,1425,454,1879,21
2022-11-23,Tulare,107,460477,123521,123029,37477,160506,1545
2022-11-23,Tuolumne,109,53932,15976,15885,933,16818,206
2022-11-23,Ventura,111,848112,212396,211680,16337,228017,1591
2022-11-23,Yolo,113,214977,48354,48228,4518,52746,408
2022-11-23,Yuba,115,75493,19280,19233,1762,20995,132
2022-11-22,Alameda,001,1643700,357121,356253,20522,376775,2059
2022-11-22,Alpine,003,1148,139,138,1,139,0
2022-11-22,Amador,005,37829,10148,10132,946,11078,95
2022-11-22,Butte,007,227075,40273,40206,9428,49634,465
2022-11-22,Calaveras,009,45235,8673,8651,586,9237,135
2022-11-22,Colusa,011,21464,3843,3840,1306,5146,22
2022-11-22,Contra Costa,013,1133247,257410,256191,21199,277390,1483
2022-11-22,Del Norte,015,27424,7513,7502,405,7907,56
2022-11-22,El Dorado,017,186661,33168,33057,4364,37421,233
2022-11-22,Fresno,019,978130,279756,278793,32289,311082,2893
2022-11-22,Glenn,021,27897,5639,5625,1905,7530,58
2022-11-22,Humboldt,023,135768,22443,22351,5309,27660,160
2022-11-22,Imperial,025,180216,66879,66747,16928,83675,960
2022-11-22,Inyo,027,18085,4583,4557,1090,5647,60
2022-11-22,Kern,029,883053,222058,221639,66671,288310,2430
2022-11-22,Kings,031,150075,60524,60457,4237,64694,463
2022-11-22,Lake,033,64148,13099,13042,1226,14268,149
2022-11-22,Lassen,035,31185,10094,10091,1018,11109,65
2022-11-22,Los Angeles,037,10098052,3340441,3332327,191250,3523577,33882
2022-11-22,Madera,039,155013,44645,44503,8405,52908,377
2022-11-22,Marin,041,260295,46442,46293,5396,51689,314
2022-11-22,Mariposa,043,17540,3197,3156,348,3504,32
2022-11-22,Mendocino,045,87422,16319,16255,4593,20848,136
2022-11-22,Merced,047,269075,73645,73259,12021,85280,876
2022-11-22,Modoc,049,8938,899,895,343,1238,11
2022-11-22,Mono,051,14174,3235,3233,274,3507,8
2022-11-22,Monterey,053,433212,95386,95169,21750,116919,775
2022-11-22,Napa,055,140530,32817,32736,1441,34177,161
2022-11-22,Nevada,057,99092,19427,19310,2025,21335,132
2022-11-22,Orange,059,3164182,678268,676959,66946,743905,7565
2022-11-22,Placer,061,380077,77572,77331,9780,87111,665
2022-11-22,Plumas,063,18699,3737,3737,446,4183,13
2022-11-22,Riverside,065,2383286,705668,704180,36841,741021,6692
2022-11-22,Sacramento,067,1510023,354603,353538,35182,388720,3374
2022-11-22,San Benito,069,59416,16620,16474,1000,17474,108
2022-11-22,San Bernardino,071,2135413,681379,679620,31898,711518,8133
2022-11-22,San Diego,073,3302833,940235,938583,74198,1012781,5562
2022-11-22,San Francisco,075,870044,184171,183671,12499,196170,1076
2022-11-22,San Joaquin,077,732212,201283,200474,15512,215986,2344
2022-11-22,San Luis Obispo,079,281455,64183,63962,7327,71289,530
2022-11-22,San Mateo,081,765935,173103,172573,10691,183264,748
2022-11-22,Santa Barbara,083,443738,107453,107184,7054,114238,735
2022-11-22,Santa Clara,085,1922200,447972,442182,19863,462045,2558
2022-11-22,Santa Cruz,087,273765,65049,64814,3585,68399,275
2022-11-22,Shasta,089,179085,35574,35452,7885,43337,596
2022-11-22,Sierra,091,2930,308,308,61,369,5
2022-11-22,Siskiyou,093,43540,5268,5385,3379,8764,95
2022-11-22,Solano,095,438530,107708,107446,8102,115548,469
2022-11-22,Sonoma,097,501317,108947,108690,5412,114102,530
2022-11-22,Stanislaus,099,539301,140033,139741,21932,161673,1785
2022-11-22,Sutter,101,95872,24769,24730,2476,27206,234
2022-11-22,Tehama,103,63373,13917,13857,3215,17072,216
2022-11-22,Trinity,105,12862,1432,1425,453,1878,21
2022-11-22,Tulare,107,460477,123446,123029,37433,160462,1545
2022-11-22,Tuolumne,109,53932,15965,15885,932,16817,206
2022-11-22,Ventura,111,848112,212291,211680,16316,227996,1591
2022-11-22,Yolo,113,214977,48329,48228,4512,52740,408
2022-11-22,Yuba,115,75493,19270,19233,1762,20995,132
2022-11-21,Alameda,001,1643700,356850,354457,20496,374953,2054
2022-11-21,Alpine,003,1148,139,136,1,137,0
2022-11-21,Amador,005,37829,10143,10108,945,11053,95
2022-11-21,Butte,007,227075,40239,40058,9420,49478,461
2022-11-21,Calaveras,009,45235,8668,8612,585,9197,135
2022-11-21,Colusa,011,21464,3841,3828,1306,5134,22
2022-11-21,Contra Costa,013,1133247,257237,254944,21188,276132,1479
2022-11-21,Del Norte,015,27424,7511,7492,405,7897,56
2022-11-21,El Dorado,017,186661,33141,32903,4358,37261,233
2022-11-21,Fresno,019,978130,279584,277735,32246,309981,2888
2022-11-21,Glenn,021,27897,5636,5591,1902,7493,50
2022-11-21,Humboldt,023,135768,22425,22254,5298,27552,160
2022-11-21,Imperial,025,180216,66826,66473,16869,83342,960
2022-11-21,Inyo,027,18085,4577,4530,1086,5616,60
2022-11-21,Kern,029,883053,221959,221145,66621,287766,2430
2022-11-21,Kings,031,150075,60491,60156,4235,64391,462
2022-11-21,Lake,033,64148,13090,12978,1225,14203,149
2022-11-21,Lassen,035,31185,10090,10043,1017,11060,65
2022-11-21,Los Angeles,037,10098052,3337850,3320411,190801,3511212,33830
2022-11-21,Madera,039,155013,44626,44373,8403,52776,375
2022-11-21,Marin,041,260295,46396,46115,5395,51510,314
2022-11-21,Mariposa,043,17540,3190,3138,348,3486,32
2022-11-21,Mendocino,045,87422,16311,16205,4592,20797,136
2022-11-21,Merced,047,269075,73604,73022,12019,85041,875
2022-11-21,Modoc,049,8938,897,889,342,1231,11
2022-11-21,Mono,051,14174,3235,3226,273,3499,8
2022-11-21,Monterey,053,433212,95348,94949,21725,116674,773
2022-11-21,Napa,055,140530,32796,32610,1440,34050,161
2022-11-21,Nevada,057,99092,19405,19238,2018,21256,132
2022-11-21,Orange,059,3164182,677798,674980,66762,741742,7553
2022-11-21,Placer,061,380077,77516,76976,9773,86749,662
2022-11-21,Plumas,063,18699,3737,3729,446,4175,13
2022-11-21,Riverside,065,2383286,705221,702343,36761,739104,6686
2022-11-21,Sacramento,067,1510023,354305,352117,35140,387257,3362
2022-11-21,San Benito,069,59416,16608,16410,999,17409,108
2022-11-21,San Bernardino,071,2135413,680875,677641,31841,709482,8131
2022-11-21,San Diego,073,3302833,939638,935811,74076,1009887,5557
2022-11-21,San Francisco,075,870044,183999,182855,12490,195345,1074
2022-11-21,San Joaquin,077,732212,201154,199682,15479,215161,2341
2022-11-21,San Luis Obispo,079,281455,64156,63812,7320,71132,530
2022-11-21,San Mateo,081,765935,172979,171862,10685,182547,748
2022-11-21,Santa Barbara,083,443738,107378,106885,7051,113936,733
2022-11-21,Santa Clara,085,1922200,447563,440104,19843,459947,2541
2022-11-21,Santa Cruz,087,273765,65004,64515,3578,68093,276
2022-11-21,Shasta,089,179085,35556,35346,7878,43224,595
2022-11-21,Sierra,091,2930,308,308,60,368,5
2022-11-21,Siskiyou,093,43540,5263,5364,3379,8743,95
2022-11-21,Solano,095,438530,107608,106903,8097,115000,469
2022-11-21,Sonoma,097,501317,108865,108386,5408,113794,527
2022-11-21,Stanislaus,099,539301,139956,139293,21917,161210,1785
2022-11-21,Sutter,101,95872,24753,24642,2476,27118,234
2022-11-21,Tehama,103,63373,13909,13784,3212,16996,216
2022-11-21,Trinity,105,12862,1431,1422,450,1872,20
2022-11-21,Tulare,107,460477,123373,122707,37396,160103,1545
2022-11-21,Tuolumne,109,53932,15960,15805,932,16737,209
2022-11-21,Ventura,111,848112,212151,210938,16287,227225,1586
2022-11-21,Yolo,113,214977,48300,48092,4508,52600,355
2022-11-21,Yuba,115,75493,19250,19157,1761,20918,132
2022-11-20,Alameda,001,1643700,356504,354457,20460,374917,2054
2022-11-20,Alpine,003,1148,139,136,1,137,0
2022-11-20,Amador,005,37829,10140,10108,944,11052,95
2022-11-20,Butte,007,227075,40208,40058,9402,49460,461
2022-11-20,Calaveras,009,45235,8660,8612,585,9197,135
2022-11-20,Colusa,011,21464,3839,3828,1306,5134,22
2022-11-20,Contra Costa,013,1133247,257036,254944,21173,276117,1479
2022-11-20,Del Norte,015,27424,7505,7492,405,7897,56
2022-11-20,El Dorado,017,186661,33088,32903,4355,37258,233
2022-11-20,Fresno,019,978130,279372,277735,32197,309932,2888
2022-11-20,Glenn,021,27897,5631,5591,1901,7492,50
2022-11-20,Humboldt,023,135768,22405,22254,5294,27548,160
2022-11-20,Imperial,025,180216,66760,66473,16819,83292,960
2022-11-20,Inyo,027,18085,4570,4530,1085,5615,60
2022-11-20,Kern,029,883053,221859,221145,66566,287711,2430
2022-11-20,Kings,031,150075,60442,60156,4234,64390,462
2022-11-20,Lake,033,64148,13079,12978,1219,14197,149
2022-11-20,Lassen,035,31185,10089,10043,1015,11058,65
2022-11-20,Los Angeles,037,10098052,3335004,3320411,190330,3510741,33830
2022-11-20,Madera,039,155013,44608,44373,8398,52771,375
2022-11-20,Marin,041,260295,46367,46115,5391,51506,314
2022-11-20,Mariposa,043,17540,3186,3138,348,3486,32
2022-11-20,Mendocino,045,87422,16306,16205,4589,20794,136
2022-11-20,Merced,047,269075,73526,73022,12013,85035,875
2022-11-20,Modoc,049,8938,893,889,342,1231,11
2022-11-20,Mono,051,14174,3233,3226,273,3499,8
2022-11-20,Monterey,053,433212,95308,94949,21703,116652,773
2022-11-20,Napa,055,140530,32773,32610,1437,34047,161
2022-11-20,Nevada,057,99092,19374,19238,2010,21248,132
2022-11-20,Orange,059,3164182,677337,674980,66605,741585,7553
2022-11-20,Placer,061,380077,77454,76976,9770,86746,662
2022-11-20,Plumas,063,18699,3736,3729,446,4175,13
2022-11-20,Riverside,065,2383286,704804,702343,36680,739023,6686
2022-11-20,Sacramento,067,1510023,354012,352117,35114,387231,3362
2022-11-20,San Benito,069,59416,16589,16410,998,17408,108
2022-11-20,San Bernardino,071,2135413,680358,677641,31787,709428,8131
2022-11-20,San Diego,073,3302833,938949,935811,73975,1009786,5557
2022-11-20,San Francisco,075,870044,183792,182855,12469,195324,1074
2022-11-20,San Joaquin,077,732212,201029,199682,15457,215139,2341
2022-11-20,San Luis Obispo,079,281455,64123,63812,7316,71128,530
2022-11-20,San Mateo,081,765935,172834,171862,10669,182531,748
2022-11-20,Santa Barbara,083,443738,107314,106885,7040,113925,733
2022-11-20,Santa Clara,085,1922200,447171,440104,19814,459918,2541
2022-11-20,Santa Cruz,087,273765,64934,64515,3574,68089,276
2022-11-20,Shasta,089,179085,35537,35346,7866,43212,595
2022-11-20,Sierra,091,2930,308,308,60,368,5
2022-11-20,Siskiyou,093,43540,5261,5364,3378,8742,95
2022-11-20,Solano,095,438530,107497,106903,8088,114991,469
2022-11-20,Sonoma,097,501317,108806,108386,5406,113792,527
2022-11-20,Stanislaus,099,539301,139865,139293,21898,161191,1785
2022-11-20,Sutter,101,95872,24735,24642,2475,27117,234
2022-11-20,Tehama,103,63373,13898,13784,3212,16996,216
2022-11-20,Trinity,105,12862,1431,1422,447,1869,20
2022-11-20,Tulare,107,460477,123303,122707,37353,160060,1545
2022-11-20,Tuolumne,109,53932,15948,15805,931,16736,209
2022-11-20,Ventura,111,848112,212021,210938,16263,227201,1586
2022-11-20,Yolo,113,214977,48272,48092,4497,52589,355
2022-11-20,Yuba,115,75493,19245,19157,1761,20918,132
2022-11-19,Alameda,001,1643700,356327,354457,20439,374896,2054
2022-11-19,Alpine,003,1148,139,136,1,137,0
2022-11-19,Amador,005,37829,10137,10108,944,11052,95
2022-11-19,Butte,007,227075,40197,40058,9393,49451,461
2022-11-19,Calaveras,009,45235,8657,8612,583,9195,135
2022-11-19,Colusa,011,21464,3837,3828,1306,5134,22
2022-11-19,Contra Costa,013,1133247,256940,254944,21171,276115,1479
2022-11-19,Del Norte,015,27424,7504,7492,405,7897,56
2022-11-19,El Dorado,017,186661,33065,32903,4354,37257,233
2022-11-19,Fresno,019,978130,279267,277735,32178,309913,2888
2022-11-19,Glenn,021,27897,5631,5591,1901,7492,50
2022-11-19,Humboldt,023,135768,22390,22254,5288,27542,160
2022-11-19,Imperial,025,180216,66739,66473,16811,83284,960
2022-11-19,Inyo,027,18085,4568,4530,1081,5611,60
2022-11-19,Kern,029,883053,221823,221145,66545,287690,2430
2022-11-19,Kings,031,150075,60421,60156,4232,64388,462
2022-11-19,Lake,033,64148,13074,12978,1219,14197,149
2022-11-19,Lassen,035,31185,10088,10043,1015,11058,65
2022-11-19,Los Angeles,037,10098052,3333531,3320411,190089,3510500,33830
2022-11-19,Madera,039,155013,44593,44373,8397,52770,375
2022-11-19,Marin,041,260295,46345,46115,5391,51506,314
2022-11-19,Mariposa,043,17540,3186,3138,348,3486,32
2022-11-19,Mendocino,045,87422,16303,16205,4584,20789,136
2022-11-19,Merced,047,269075,73501,73022,12010,85032,875
2022-11-19,Modoc,049,8938,893,889,342,1231,11
2022-11-19,Mono,051,14174,3233,3226,273,3499,8
2022-11-19,Monterey,053,433212,95282,94949,21693,116642,773
2022-11-19,Napa,055,140530,32762,32610,1435,34045,161
2022-11-19,Nevada,057,99092,19364,19238,2007,21245,132
2022-11-19,Orange,059,3164182,677123,674980,66526,741506,7553
2022-11-19,Placer,061,380077,77403,76976,9765,86741,662
2022-11-19,Plumas,063,18699,3736,3729,446,4175,13
2022-11-19,Riverside,065,2383286,704575,702343,36626,738969,6686
2022-11-19,Sacramento,067,1510023,353894,352117,35108,387225,3362
2022-11-19,San Benito,069,59416,16576,16410,998,17408,108
2022-11-19,San Bernardino,071,2135413,680106,677641,31758,709399,8131
2022-11-19,San Diego,073,3302833,938707,935811,73939,1009750,5557
2022-11-19,San Francisco,075,870044,183697,182855,12465,195320,1074
2022-11-19,San Joaquin,077,732212,200939,199682,15429,215111,2341
2022-11-19,San Luis Obispo,079,281455,64108,63812,7312,71124,530
2022-11-19,San Mateo,081,765935,172757,171862,10663,182525,748
2022-11-19,Santa Barbara,083,443738,107279,106885,7035,113920,733
2022-11-19,Santa Clara,085,1922200,446958,440104,19798,459902,2541
2022-11-19,Santa Cruz,087,273765,64917,64515,3572,68087,276
2022-11-19,Shasta,089,179085,35528,35346,7859,43205,595
2022-11-19,Sierra,091,2930,308,308,60,368,5
2022-11-19,Siskiyou,093,43540,5254,5364,3378,8742,95
2022-11-19,Solano,095,438530,107468,106903,8085,114988,469
2022-11-19,Sonoma,097,501317,108780,108386,5405,113791,527
2022-11-19,Stanislaus,099,539301,139804,139293,21896,161189,1785
2022-11-19,Sutter,101,95872,24726,24642,2475,27117,234
2022-11-19,Tehama,103,63373,13891,13784,3211,16995,216
2022-11-19,Trinity,105,12862,1431,1422,447,1869,20
2022-11-19,Tulare,107,460477,123266,122707,37331,160038,1545
2022-11-19,Tuolumne,109,53932,15931,15805,930,16735,209
2022-11-19,Ventura,111,848112,211944,210938,16248,227186,1586
2022-11-19,Yolo,113,214977,48255,48092,4496,52588,355
2022-11-19,Yuba,115,75493,19239,19157,1761,20918,132
2022-11-18,Alameda,001,1643700,356142,354457,20422,374879,2054
2022-11-18,Alpine,003,1148,139,136,1,137,0
2022-11-18,Amador,005,37829,10131,10108,944,11052,95
2022-11-18,Butte,007,227075,40184,40058,9386,49444,461
2022-11-18,Calaveras,009,45235,8652,8612,583,9195,135
2022-11-18,Colusa,011,21464,3835,3828,1306,5134,22
2022-11-18,Contra Costa,013,1133247,256821,254944,21165,276109,1479
2022-11-18,Del Norte,015,27424,7502,7492,405,7897,56
2022-11-18,El Dorado,017,186661,33054,32903,4353,37256,233
2022-11-18,Fresno,019,978130,279154,277735,32159,309894,2888
2022-11-18,Glenn,021,27897,5630,5591,1901,7492,50
2022-11-18,Humboldt,023,135768,22377,22254,5284,27538,160
2022-11-18,Imperial,025,180216,66722,66473,16800,83273,960
2022-11-18,Inyo,027,18085,4566,4530,1076,5606,60
2022-11-18,Kern,029,883053,221791,221145,66496,287641,2430
2022-11-18,Kings,031,150075,60402,60156,4230,64386,462
2022-11-18,Lake,033,64148,13070,12978,1219,14197,149
2022-11-18,Lassen,035,31185,10088,10043,1015,11058,65
2022-11-18,Los Angeles,037,10098052,3332148,3320411,189841,3510252,33830
2022-11-18,Madera,039,155013,44571,44373,8391,52764,375
2022-11-18,Marin,041,260295,46324,46115,5386,51501,314
2022-11-18,Mariposa,043,17540,3179,3138,348,3486,32
2022-11-18,Mendocino,045,87422,16300,16205,4583,20788,136
2022-11-18,Merced,047,269075,73482,73022,12006,85028,875
2022-11-18,Modoc,049,8938,893,889,341,1230,11
2022-11-18,Mono,051,14174,3233,3226,272,3498,8
2022-11-18,Monterey,053,433212,95255,94949,21682,116631,773
2022-11-18,Napa,055,140530,32751,32610,1435,34045,161
2022-11-18,Nevada,057,99092,19357,19238,1998,21236,132
2022-11-18,Orange,059,3164182,676921,674980,66427,741407,7553
2022-11-18,Placer,061,380077,77368,76976,9758,86734,662
2022-11-18,Plumas,063,18699,3735,3729,445,4174,13
2022-11-18,Riverside,065,2383286,704360,702343,36582,738925,6686
2022-11-18,Sacramento,067,1510023,353738,352117,35090,387207,3362
2022-11-18,San Benito,069,59416,16573,16410,998,17408,108
2022-11-18,San Bernardino,071,2135413,679886,677641,31734,709375,8131
2022-11-18,San Diego,073,3302833,938368,935811,73903,1009714,5557
2022-11-18,San Francisco,075,870044,183594,182855,12443,195298,1074
2022-11-18,San Joaquin,077,732212,200864,199682,15415,215097,2341
2022-11-18,San Luis Obispo,079,281455,64092,63812,7309,71121,530
2022-11-18,San Mateo,081,765935,172698,171862,10654,182516,748
2022-11-18,Santa Barbara,083,443738,107253,106885,7031,113916,733
2022-11-18,Santa Clara,085,1922200,446727,440104,19782,459886,2541
2022-11-18,Santa Cruz,087,273765,64894,64515,3569,68084,276
2022-11-18,Shasta,089,179085,35519,35346,7855,43201,595
2022-11-18,Sierra,091,2930,308,308,60,368,5
2022-11-18,Siskiyou,093,43540,5252,5364,3378,8742,95
2022-11-18,Solano,095,438530,107413,106903,8084,114987,469
2022-11-18,Sonoma,097,501317,108746,108386,5403,113789,527
2022-11-18,Stanislaus,099,539301,139755,139293,21890,161183,1785
2022-11-18,Sutter,101,95872,24719,24642,2475,27117,234
2022-11-18,Tehama,103,63373,13887,13784,3210,16994,216
2022-11-18,Trinity,105,12862,1431,1422,446,1868,20
2022-11-18,Tulare,107,460477,123222,122707,37298,160005,1545
2022-11-18,Tuolumne,109,53932,15918,15805,930,16735,209
2022-11-18,Ventura,111,848112,211866,210938,16226,227164,1586
2022-11-18,Yolo,113,214977,48240,48092,4491,52583,355
2022-11-18,Yuba,115,75493,19228,19157,1761,20918,132
2022-11-17,Alameda,001,1643700,355886,354457,20392,374849,2054
2022-11-17,Alpine,003,1148,138,136,1,137,0
2022-11-17,Amador,005,37829,10128,10108,944,11052,95
2022-11-17,Butte,007,227075,40162,40058,9375,49433,461
2022-11-17,Calaveras,009,45235,8647,8612,581,9193,135
2022-11-17,Colusa,011,21464,3835,3828,1306,5134,22
2022-11-17,Contra Costa,013,1133247,256673,254944,21155,276099,1479
2022-11-17,Del Norte,015,27424,7498,7492,405,7897,56
2022-11-17,El Dorado,017,186661,33023,32903,4353,37256,233
2022-11-17,Fresno,019,978130,278991,277735,32133,309868,2888
2022-11-17,Glenn,021,27897,5624,5591,1897,7488,50
2022-11-17,Humboldt,023,135768,22370,22254,5280,27534,160
2022-11-17,Imperial,025,180216,66671,66473,16761,83234,960
2022-11-17,Inyo,027,18085,4559,4530,1074,5604,60
2022-11-17,Kern,029,883053,221715,221145,66459,287604,2430
2022-11-17,Kings,031,150075,60367,60156,4224,64380,462
2022-11-17,Lake,033,64148,13064,12978,1219,14197,149
2022-11-17,Lassen,035,31185,10081,10043,1012,11055,65
2022-11-17,Los Angeles,037,10098052,3330214,3320411,189556,3509967,33830
2022-11-17,Madera,039,155013,44515,44373,8387,52760,375
2022-11-17,Marin,041,260295,46297,46115,5382,51497,314
2022-11-17,Mariposa,043,17540,3174,3138,348,3486,32
2022-11-17,Mendocino,045,87422,16294,16205,4583,20788,136
2022-11-17,Merced,047,269075,73443,73022,12003,85025,875
2022-11-17,Modoc,049,8938,891,889,341,1230,11
2022-11-17,Mono,051,14174,3232,3226,272,3498,8
2022-11-17,Monterey,053,433212,95226,94949,21664,116613,773
2022-11-17,Napa,055,140530,32727,32610,1434,34044,161
2022-11-17,Nevada,057,99092,19345,19238,1994,21232,132
2022-11-17,Orange,059,3164182,676605,674980,66306,741286,7553
2022-11-17,Placer,061,380077,77324,76976,9752,86728,662
2022-11-17,Plumas,063,18699,3731,3729,445,4174,13
2022-11-17,Riverside,065,2383286,704060,702343,36534,738877,6686
2022-11-17,Sacramento,067,1510023,353518,352117,35059,387176,3362
2022-11-17,San Benito,069,59416,16565,16410,996,17406,108
2022-11-17,San Bernardino,071,2135413,679571,677641,31700,709341,8131
2022-11-17,San Diego,073,3302833,937961,935811,73852,1009663,5557
2022-11-17,San Francisco,075,870044,183467,182855,12423,195278,1074
2022-11-17,San Joaquin,077,732212,200745,199682,15375,215057,2341
2022-11-17,San Luis Obispo,079,281455,64071,63812,7306,71118,530
2022-11-17,San Mateo,081,765935,172598,171862,10652,182514,748
2022-11-17,Santa Barbara,083,443738,107213,106885,7028,113913,733
2022-11-17,Santa Clara,085,1922200,446387,440104,19757,459861,2541
2022-11-17,Santa Cruz,087,273765,64858,64515,3567,68082,276
2022-11-17,Shasta,089,179085,35507,35346,7846,43192,595
2022-11-17,Sierra,091,2930,308,308,60,368,5
2022-11-17,Siskiyou,093,43540,5249,5364,3378,8742,95
2022-11-17,Solano,095,438530,107347,106903,8081,114984,469
2022-11-17,Sonoma,097,501317,108696,108386,5402,113788,527
2022-11-17,Stanislaus,099,539301,139695,139293,21877,161170,1785
2022-11-17,Sutter,101,95872,24708,24642,2475,27117,234
2022-11-17,Tehama,103,63373,13873,13784,3208,16992,216
2022-11-17,Trinity,105,12862,1429,1422,443,1865,20
2022-11-17,Tulare,107,460477,123153,122707,37268,159975,1545
2022-11-17,Tuolumne,109,53932,15902,15805,930,16735,209
2022-11-17,Ventura,111,848112,211765,210938,16205,227143,1586
2022-11-17,Yolo,113,214977,48229,48092,4486,52578,355
2022-11-17,Yuba,115,75493,19213,19157,1759,20916,132
2022-11-16,Alameda,001,1643700,355655,354457,20369,374826,2054
2022-11-16,Alpine,003,1148,138,136,1,137,0
2022-11-16,Amador,005,37829,10121,10108,944,11052,95
2022-11-16,Butte,007,227075,40139,40058,9359,49417,461
2022-11-16,Calaveras,009,45235,8640,8612,580,9192,135
2022-11-16,Colusa,011,21464,3833,3828,1305,5133,22
2022-11-16,Contra Costa,013,1133247,256543,254944,21135,276079,1479
2022-11-16,Del Norte,015,27424,7498,7492,405,7897,56
2022-11-16,El Dorado,017,186661,33001,32903,4352,37255,233
2022-11-16,Fresno,019,978130,278834,277735,32108,309843,2888
2022-11-16,Glenn,021,27897,5621,5591,1896,7487,50
2022-11-16,Humboldt,023,135768,22352,22254,5274,27528,160
2022-11-16,Imperial,025,180216,66632,66473,16698,83171,960
2022-11-16,Inyo,027,18085,4554,4530,1067,5597,60
2022-11-16,Kern,029,883053,221634,221145,66411,287556,2430
2022-11-16,Kings,031,150075,60308,60156,4220,64376,462
2022-11-16,Lake,033,64148,13049,12978,1219,14197,149
2022-11-16,Lassen,035,31185,10077,10043,1010,11053,65
2022-11-16,Los Angeles,037,10098052,3328404,3320411,189249,3509660,33830
2022-11-16,Madera,039,155013,44495,44373,8381,52754,375
2022-11-16,Marin,041,260295,46270,46115,5377,51492,314
2022-11-16,Mariposa,043,17540,3174,3138,348,3486,32
2022-11-16,Mendocino,045,87422,16289,16205,4581,20786,136
2022-11-16,Merced,047,269075,73393,73022,11997,85019,875
2022-11-16,Modoc,049,8938,890,889,341,1230,11
2022-11-16,Mono,051,14174,3232,3226,272,3498,8
2022-11-16,Monterey,053,433212,95188,94949,21643,116592,773
2022-11-16,Napa,055,140530,32697,32610,1431,34041,161
2022-11-16,Nevada,057,99092,19334,19238,1991,21229,132
2022-11-16,Orange,059,3164182,676291,674980,66176,741156,7553
2022-11-16,Placer,061,380077,77265,76976,9750,86726,662
2022-11-16,Plumas,063,18699,3731,3729,445,4174,13
2022-11-16,Riverside,065,2383286,703740,702343,36471,738814,6686
2022-11-16,Sacramento,067,1510023,353273,352117,35032,387149,3362
2022-11-16,San Benito,069,59416,16556,16410,994,17404,108
2022-11-16,San Bernardino,071,2135413,679206,677641,31679,709320,8131
2022-11-16,San Diego,073,3302833,937490,935811,73799,1009610,5557
2022-11-16,San Francisco,075,870044,183336,182855,12412,195267,1074
2022-11-16,San Joaquin,077,732212,200623,199682,15364,215046,2341
2022-11-16,San Luis Obispo,079,281455,64048,63812,7301,71113,530
2022-11-16,San Mateo,081,765935,172494,171862,10646,182508,748
2022-11-16,Santa Barbara,083,443738,107163,106885,7018,113903,733
2022-11-16,Santa Clara,085,1922200,446050,440104,19738,459842,2541
2022-11-16,Santa Cruz,087,273765,64816,64515,3566,68081,276
2022-11-16,Shasta,089,179085,35498,35346,7839,43185,595
2022-11-16,Sierra,091,2930,308,308,60,368,5
2022-11-16,Siskiyou,093,43540,5246,5364,3377,8741,95
2022-11-16,Solano,095,438530,107279,106903,8075,114978,469
2022-11-16,Sonoma,097,501317,108645,108386,5400,113786,527
2022-11-16,Stanislaus,099,539301,139634,139293,21865,161158,1785
2022-11-16,Sutter,101,95872,24693,24642,2475,27117,234
2022-11-16,Tehama,103,63373,13862,13784,3194,16978,216
2022-11-16,Trinity,105,12862,1428,1422,442,1864,20
2022-11-16,Tulare,107,460477,123094,122707,37232,159939,1545
2022-11-16,Tuolumne,109,53932,15887,15805,930,16735,209
2022-11-16,Ventura,111,848112,211649,210938,16183,227121,1586
2022-11-16,Yolo,113,214977,48206,48092,4480,52572,355
2022-11-16,Yuba,115,75493,19199,19157,1759,20916,132
2022-11-15,Alameda,001,1643700,355422,354457,20358,374815,2054
2022-11-15,Alpine,003,1148,138,136,1,137,0
2022-11-15,Amador,005,37829,10115,10108,944,11052,95
2022-11-15,Butte,007,227075,40122,40058,9352,49410,461
2022-11-15,Calaveras,009,45235,8634,8612,580,9192,135
2022-11-15,Colusa,011,21464,3832,3828,1305,5133,22
2022-11-15,Contra Costa,013,1133247,256395,254944,21116,276060,1479
2022-11-15,Del Norte,015,27424,7496,7492,405,7897,56
2022-11-15,El Dorado,017,186661,32975,32903,4347,37250,233
2022-11-15,Fresno,019,978130,278665,277735,32071,309806,2888
2022-11-15,Glenn,021,27897,5617,5591,1895,7486,50
2022-11-15,Humboldt,023,135768,22338,22254,5267,27521,160
2022-11-15,Imperial,025,180216,66595,66473,16662,83135,960
2022-11-15,Inyo,027,18085,4550,4530,1063,5593,60
2022-11-15,Kern,029,883053,221551,221145,66043,287188,2430
2022-11-15,Kings,031,150075,60271,60156,4217,64373,462
2022-11-15,Lake,033,64148,13042,12978,1219,14197,149
2022-11-15,Lassen,035,31185,10070,10043,1009,11052,65
2022-11-15,Los Angeles,037,10098052,3326543,3320411,188982,3509393,33830
2022-11-15,Madera,039,155013,44475,44373,8378,52751,375
2022-11-15,Marin,041,260295,46247,46115,5374,51489,314
2022-11-15,Mariposa,043,17540,3171,3138,348,3486,32
2022-11-15,Mendocino,045,87422,16283,16205,4578,20783,136
2022-11-15,Merced,047,269075,73363,73022,11989,85011,875
2022-11-15,Modoc,049,8938,889,889,341,1230,11
2022-11-15,Mono,051,14174,3232,3226,272,3498,8
2022-11-15,Monterey,053,433212,95156,94949,21614,116563,773
2022-11-15,Napa,055,140530,32674,32610,1430,34040,161
2022-11-15,Nevada,057,99092,19321,19238,1985,21223,132
2022-11-15,Orange,059,3164182,675945,674980,66051,741031,7553
2022-11-15,Placer,061,380077,77219,76976,9744,86720,662
2022-11-15,Plumas,063,18699,3730,3729,445,4174,13
2022-11-15,Riverside,065,2383286,703419,702343,36420,738763,6686
2022-11-15,Sacramento,067,1510023,353029,352117,34998,387115,3362
2022-11-15,San Benito,069,59416,16553,16410,994,17404,108
2022-11-15,San Bernardino,071,2135413,678935,677641,31648,709289,8131
2022-11-15,San Diego,073,3302833,937023,935811,73745,1009556,5557
2022-11-15,San Francisco,075,870044,183210,182855,12399,195254,1074
2022-11-15,San Joaquin,077,732212,200508,199682,15348,215030,2341
2022-11-15,San Luis Obispo,079,281455,64015,63812,7296,71108,530
2022-11-15,San Mateo,081,765935,172383,171862,10641,182503,748
2022-11-15,Santa Barbara,083,443738,107120,106885,7013,113898,733
2022-11-15,Santa Clara,085,1922200,445731,440104,19723,459827,2541
2022-11-15,Santa Cruz,087,273765,64776,64515,3564,68079,276
2022-11-15,Shasta,089,179085,35486,35346,7825,43171,595
2022-11-15,Sierra,091,2930,308,308,60,368,5
2022-11-15,Siskiyou,093,43540,5242,5364,3377,8741,95
2022-11-15,Solano,095,438530,107196,106903,8069,114972,469
2022-11-15,Sonoma,097,501317,108602,108386,5394,113780,527
2022-11-15,Stanislaus,099,539301,139565,139293,21839,161132,1785
2022-11-15,Sutter,101,95872,24683,24642,2474,27116,234
2022-11-15,Tehama,103,63373,13849,13784,3189,16973,216
2022-11-15,Trinity,105,12862,1427,1422,442,1864,20
2022-11-15,Tulare,107,460477,123022,122707,37188,159895,1545
2022-11-15,Tuolumne,109,53932,15881,15805,930,16735,209
2022-11-15,Ventura,111,848112,211537,210938,16171,227109,1586
2022-11-15,Yolo,113,214977,48182,48092,4474,52566,355
2022-11-15,Yuba,115,75493,19189,19157,1757,20914,132
2022-11-14,Alameda,001,1643700,355146,352725,20330,373055,2050
2022-11-14,Alpine,003,1148,138,136,1,137,0
2022-11-14,Amador,005,37829,10115,10080,944,11024,95
2022-11-14,Butte,007,227075,40097,39935,9345,49280,461
2022-11-14,Calaveras,009,45235,8628,8590,580,9170,135
2022-11-14,Colusa,011,21464,3832,3822,1304,5126,22
2022-11-14,Contra Costa,013,1133247,256248,253870,21108,274978,1469
2022-11-14,Del Norte,015,27424,7495,7472,405,7877,56
2022-11-14,El Dorado,017,186661,32954,32713,4347,37060,232
2022-11-14,Fresno,019,978130,278519,276921,32041,308962,2887
2022-11-14,Glenn,021,27897,5615,5570,1894,7464,48
2022-11-14,Humboldt,023,135768,22321,22176,5257,27433,160
2022-11-14,Imperial,025,180216,66548,66182,16622,82804,960
2022-11-14,Inyo,027,18085,4548,4520,1058,5578,60
2022-11-14,Kern,029,883053,221477,220676,65990,286666,2430
2022-11-14,Kings,031,150075,60199,59955,4211,64166,461
2022-11-14,Lake,033,64148,13035,12931,1215,14146,149
2022-11-14,Lassen,035,31185,10056,10019,1008,11027,65
2022-11-14,Los Angeles,037,10098052,3324779,3311644,188679,3500323,33784
2022-11-14,Madera,039,155013,44458,44281,8375,52656,375
2022-11-14,Marin,041,260295,46218,45924,5372,51296,314
2022-11-14,Mariposa,043,17540,3171,3124,348,3472,32
2022-11-14,Mendocino,045,87422,16273,16164,4574,20738,136
2022-11-14,Merced,047,269075,73335,72817,11981,84798,870
2022-11-14,Modoc,049,8938,889,887,334,1221,11
2022-11-14,Mono,051,14174,3232,3218,272,3490,8
2022-11-14,Monterey,053,433212,95119,94708,21585,116293,772
2022-11-14,Napa,055,140530,32653,32510,1428,33938,162
2022-11-14,Nevada,057,99092,19312,19171,1980,21151,132
2022-11-14,Orange,059,3164182,675655,673328,65937,739265,7546
2022-11-14,Placer,061,380077,77158,76490,9736,86226,662
2022-11-14,Plumas,063,18699,3730,3723,445,4168,13
2022-11-14,Riverside,065,2383286,703080,700602,36360,736962,6660
2022-11-14,Sacramento,067,1510023,352787,350522,34968,385490,3358
2022-11-14,San Benito,069,59416,16544,16350,993,17343,108
2022-11-14,San Bernardino,071,2135413,678552,676086,31599,707685,8126
2022-11-14,San Diego,073,3302833,936436,933599,73686,1007285,5538
2022-11-14,San Francisco,075,870044,183064,181964,12389,194353,1072
2022-11-14,San Joaquin,077,732212,200394,199089,15333,214422,2340
2022-11-14,San Luis Obispo,079,281455,63986,63683,7293,70976,525
2022-11-14,San Mateo,081,765935,172244,171191,10631,181822,748
2022-11-14,Santa Barbara,083,443738,107061,106642,7012,113654,733
2022-11-14,Santa Clara,085,1922200,445403,438278,19695,457973,2535
2022-11-14,Santa Cruz,087,273765,64720,64221,3560,67781,274
2022-11-14,Shasta,089,179085,35465,35246,7812,43058,594
2022-11-14,Sierra,091,2930,308,309,60,369,5
2022-11-14,Siskiyou,093,43540,5239,5337,3376,8713,94
2022-11-14,Solano,095,438530,107126,106391,8063,114454,468
2022-11-14,Sonoma,097,501317,108546,108080,5388,113468,525
2022-11-14,Stanislaus,099,539301,139509,138963,21831,160794,1785
2022-11-14,Sutter,101,95872,24661,24537,2474,27011,235
2022-11-14,Tehama,103,63373,13837,13745,3186,16931,216
2022-11-14,Trinity,105,12862,1426,1414,440,1854,20
2022-11-14,Tulare,107,460477,122939,122447,37160,159607,1544
2022-11-14,Tuolumne,109,53932,15863,15727,930,16657,201
2022-11-14,Ventura,111,848112,211427,210439,16153,226592,1585
2022-11-14,Yolo,113,214977,48167,47953,4471,52424,354
2022-11-14,Yuba,115,75493,19180,19098,1757,20855,132
2022-11-13,Alameda,001,1643700,354832,352725,20306,373031,2050
2022-11-13,Alpine,003,1148,137,136,1,137,0
2022-11-13,Amador,005,37829,10112,10080,943,11023,95
2022-11-13,Butte,007,227075,40069,39935,9337,49272,461
2022-11-13,Calaveras,009,45235,8625,8590,577,9167,135
2022-11-13,Colusa,011,21464,3830,3822,1302,5124,22
2022-11-13,Contra Costa,013,1133247,256062,253870,21091,274961,1469
2022-11-13,Del Norte,015,27424,7492,7472,405,7877,56
2022-11-13,El Dorado,017,186661,32931,32713,4345,37058,232
2022-11-13,Fresno,019,978130,278337,276921,32009,308930,2887
2022-11-13,Glenn,021,27897,5607,5570,1894,7464,48
2022-11-13,Humboldt,023,135768,22305,22176,5249,27425,160
2022-11-13,Imperial,025,180216,66486,66182,16574,82756,960
2022-11-13,Inyo,027,18085,4543,4520,1057,5577,60
2022-11-13,Kern,029,883053,221365,220676,65910,286586,2430
2022-11-13,Kings,031,150075,60159,59955,4194,64149,461
2022-11-13,Lake,033,64148,13014,12931,1214,14145,149
2022-11-13,Lassen,035,31185,10040,10019,1008,11027,65
2022-11-13,Los Angeles,037,10098052,3322839,3311644,188403,3500047,33784
2022-11-13,Madera,039,155013,44441,44281,8362,52643,375
2022-11-13,Marin,041,260295,46185,45924,5371,51295,314
2022-11-13,Mariposa,043,17540,3168,3124,348,3472,32
2022-11-13,Mendocino,045,87422,16263,16164,4563,20727,136
2022-11-13,Merced,047,269075,73295,72817,11971,84788,870
2022-11-13,Modoc,049,8938,889,887,331,1218,11
2022-11-13,Mono,051,14174,3232,3218,272,3490,8
2022-11-13,Monterey,053,433212,95074,94708,21552,116260,772
2022-11-13,Napa,055,140530,32635,32510,1427,33937,162
2022-11-13,Nevada,057,99092,19290,19171,1967,21138,132
2022-11-13,Orange,059,3164182,675316,673328,65798,739126,7546
2022-11-13,Placer,061,380077,77092,76490,9734,86224,662
2022-11-13,Plumas,063,18699,3729,3723,445,4168,13
2022-11-13,Riverside,065,2383286,702693,700602,36297,736899,6660
2022-11-13,Sacramento,067,1510023,352539,350522,34922,385444,3358
2022-11-13,San Benito,069,59416,16535,16350,992,17342,108
2022-11-13,San Bernardino,071,2135413,678157,676086,31563,707649,8126
2022-11-13,San Diego,073,3302833,935859,933599,73624,1007223,5538
2022-11-13,San Francisco,075,870044,182927,181964,12377,194341,1072
2022-11-13,San Joaquin,077,732212,200250,199089,15317,214406,2340
2022-11-13,San Luis Obispo,079,281455,63965,63683,7292,70975,525
2022-11-13,San Mateo,081,765935,172114,171191,10626,181817,748
2022-11-13,Santa Barbara,083,443738,107000,106642,7001,113643,733
2022-11-13,Santa Clara,085,1922200,445034,438278,19674,457952,2535
2022-11-13,Santa Cruz,087,273765,64656,64221,3557,67778,274
2022-11-13,Shasta,089,179085,35444,35246,7801,43047,594
2022-11-13,Sierra,091,2930,308,309,60,369,5
2022-11-13,Siskiyou,093,43540,5232,5337,3374,8711,94
2022-11-13,Solano,095,438530,107032,106391,8060,114451,468
2022-11-13,Sonoma,097,501317,108492,108080,5384,113464,525
2022-11-13,Stanislaus,099,539301,139447,138963,21823,160786,1785
2022-11-13,Sutter,101,95872,24648,24537,2472,27009,235
2022-11-13,Tehama,103,63373,13820,13745,3182,16927,216
2022-11-13,Trinity,105,12862,1425,1414,438,1852,20
2022-11-13,Tulare,107,460477,122872,122447,37121,159568,1544
2022-11-13,Tuolumne,109,53932,15851,15727,930,16657,201
2022-11-13,Ventura,111,848112,211312,210439,16139,226578,1585
2022-11-13,Yolo,113,214977,48140,47953,4469,52422,354
2022-11-13,Yuba,115,75493,19166,19098,1755,20853,132
2022-11-12,Alameda,001,1643700,354686,352725,20292,373017,2050
2022-11-12,Alpine,003,1148,137,136,1,137,0
2022-11-12,Amador,005,37829,10111,10080,943,11023,95
2022-11-12,Butte,007,227075,40057,39935,9327,49262,461
2022-11-12,Calaveras,009,45235,8619,8590,576,9166,135
2022-11-12,Colusa,011,21464,3829,3822,1301,5123,22
2022-11-12,Contra Costa,013,1133247,255942,253870,21089,274959,1469
2022-11-12,Del Norte,015,27424,7491,7472,405,7877,56
2022-11-12,El Dorado,017,186661,32914,32713,4343,37056,232
2022-11-12,Fresno,019,978130,278271,276921,31999,308920,2887
2022-11-12,Glenn,021,27897,5603,5570,1894,7464,48
2022-11-12,Humboldt,023,135768,22294,22176,5243,27419,160
2022-11-12,Imperial,025,180216,66473,66182,16562,82744,960
2022-11-12,Inyo,027,18085,4542,4520,1056,5576,60
2022-11-12,Kern,029,883053,221325,220676,65885,286561,2430
2022-11-12,Kings,031,150075,60127,59955,4189,64144,461
2022-11-12,Lake,033,64148,13009,12931,1214,14145,149
2022-11-12,Lassen,035,31185,10035,10019,1008,11027,65
2022-11-12,Los Angeles,037,10098052,3321876,3311644,188237,3499881,33784
2022-11-12,Madera,039,155013,44431,44281,8362,52643,375
2022-11-12,Marin,041,260295,46169,45924,5370,51294,314
2022-11-12,Mariposa,043,17540,3167,3124,348,3472,32
2022-11-12,Mendocino,045,87422,16259,16164,4563,20727,136
2022-11-12,Merced,047,269075,73278,72817,11968,84785,870
2022-11-12,Modoc,049,8938,889,887,331,1218,11
2022-11-12,Mono,051,14174,3231,3218,272,3490,8
2022-11-12,Monterey,053,433212,95046,94708,21528,116236,772
2022-11-12,Napa,055,140530,32623,32510,1427,33937,162
2022-11-12,Nevada,057,99092,19281,19171,1966,21137,132
2022-11-12,Orange,059,3164182,675159,673328,65723,739051,7546
2022-11-12,Placer,061,380077,77046,76490,9730,86220,662
2022-11-12,Plumas,063,18699,3729,3723,445,4168,13
2022-11-12,Riverside,065,2383286,702514,700602,36259,736861,6660
2022-11-12,Sacramento,067,1510023,352432,350522,34911,385433,3358
2022-11-12,San Benito,069,59416,16531,16350,992,17342,108
2022-11-12,San Bernardino,071,2135413,677941,676086,31544,707630,8126
2022-11-12,San Diego,073,3302833,935619,933599,73592,1007191,5538
2022-11-12,San Francisco,075,870044,182863,181964,12368,194332,1072
2022-11-12,San Joaquin,077,732212,200191,199089,15309,214398,2340
2022-11-12,San Luis Obispo,079,281455,63951,63683,7289,70972,525
2022-11-12,San Mateo,081,765935,172049,171191,10617,181808,748
2022-11-12,Santa Barbara,083,443738,106979,106642,6998,113640,733
2022-11-12,Santa Clara,085,1922200,444836,438278,19658,457936,2535
2022-11-12,Santa Cruz,087,273765,64643,64221,3554,67775,274
2022-11-12,Shasta,089,179085,35431,35246,7797,43043,594
2022-11-12,Sierra,091,2930,308,309,60,369,5
2022-11-12,Siskiyou,093,43540,5227,5337,3373,8710,94
2022-11-12,Solano,095,438530,106999,106391,8054,114445,468
2022-11-12,Sonoma,097,501317,108470,108080,5380,113460,525
2022-11-12,Stanislaus,099,539301,139407,138963,21821,160784,1785
2022-11-12,Sutter,101,95872,24638,24537,2472,27009,235
2022-11-12,Tehama,103,63373,13814,13745,3175,16920,216
2022-11-12,Trinity,105,12862,1424,1414,437,1851,20
2022-11-12,Tulare,107,460477,122836,122447,37106,159553,1544
2022-11-12,Tuolumne,109,53932,15840,15727,930,16657,201
2022-11-12,Ventura,111,848112,211237,210439,16128,226567,1585
2022-11-12,Yolo,113,214977,48115,47953,4466,52419,354
2022-11-12,Yuba,115,75493,19159,19098,1753,20851,132
2022-11-11,Alameda,001,1643700,354542,352725,20280,373005,2050
2022-11-11,Alpine,003,1148,137,136,1,137,0
2022-11-11,Amador,005,37829,10103,10080,943,11023,95
2022-11-11,Butte,007,227075,40049,39935,9321,49256,461
2022-11-11,Calaveras,009,45235,8616,8590,576,9166,135
2022-11-11,Colusa,011,21464,3824,3822,1300,5122,22
2022-11-11,Contra Costa,013,1133247,255838,253870,21084,274954,1469
2022-11-11,Del Norte,015,27424,7486,7472,405,7877,56
2022-11-11,El Dorado,017,186661,32900,32713,4340,37053,232
2022-11-11,Fresno,019,978130,278193,276921,31986,308907,2887
2022-11-11,Glenn,021,27897,5601,5570,1894,7464,48
2022-11-11,Humboldt,023,135768,22281,22176,5240,27416,160
2022-11-11,Imperial,025,180216,66456,66182,16549,82731,960
2022-11-11,Inyo,027,18085,4541,4520,1053,5573,60
2022-11-11,Kern,029,883053,221285,220676,65844,286520,2430
2022-11-11,Kings,031,150075,60111,59955,4184,64139,461
2022-11-11,Lake,033,64148,13006,12931,1214,14145,149
2022-11-11,Lassen,035,31185,10033,10019,1008,11027,65
2022-11-11,Los Angeles,037,10098052,3320933,3311644,188070,3499714,33784
2022-11-11,Madera,039,155013,44414,44281,8356,52637,375
2022-11-11,Marin,041,260295,46143,45924,5369,51293,314
2022-11-11,Mariposa,043,17540,3165,3124,348,3472,32
2022-11-11,Mendocino,045,87422,16255,16164,4563,20727,136
2022-11-11,Merced,047,269075,73258,72817,11965,84782,870
2022-11-11,Modoc,049,8938,888,887,331,1218,11
2022-11-11,Mono,051,14174,3230,3218,272,3490,8
2022-11-11,Monterey,053,433212,95031,94708,21512,116220,772
2022-11-11,Napa,055,140530,32613,32510,1426,33936,162
2022-11-11,Nevada,057,99092,19273,19171,1966,21137,132
2022-11-11,Orange,059,3164182,674999,673328,65658,738986,7546
2022-11-11,Placer,061,380077,77021,76490,9727,86217,662
2022-11-11,Plumas,063,18699,3729,3723,445,4168,13
2022-11-11,Riverside,065,2383286,702353,700602,36233,736835,6660
2022-11-11,Sacramento,067,1510023,352313,350522,34902,385424,3358
2022-11-11,San Benito,069,59416,16528,16350,992,17342,108
2022-11-11,San Bernardino,071,2135413,677754,676086,31529,707615,8126
2022-11-11,San Diego,073,3302833,935341,933599,73571,1007170,5538
2022-11-11,San Francisco,075,870044,182792,181964,12354,194318,1072
2022-11-11,San Joaquin,077,732212,200124,199089,15301,214390,2340
2022-11-11,San Luis Obispo,079,281455,63942,63683,7288,70971,525
2022-11-11,San Mateo,081,765935,171983,171191,10614,181805,748
2022-11-11,Santa Barbara,083,443738,106968,106642,6996,113638,733
2022-11-11,Santa Clara,085,1922200,444662,438278,19652,457930,2535
2022-11-11,Santa Cruz,087,273765,64613,64221,3554,67775,274
2022-11-11,Shasta,089,179085,35421,35246,7793,43039,594
2022-11-11,Sierra,091,2930,308,309,60,369,5
2022-11-11,Siskiyou,093,43540,5226,5337,3373,8710,94
2022-11-11,Solano,095,438530,106971,106391,8052,114443,468
2022-11-11,Sonoma,097,501317,108440,108080,5378,113458,525
2022-11-11,Stanislaus,099,539301,139367,138963,21814,160777,1785
2022-11-11,Sutter,101,95872,24630,24537,2472,27009,235
2022-11-11,Tehama,103,63373,13806,13745,3173,16918,216
2022-11-11,Trinity,105,12862,1421,1414,437,1851,20
2022-11-11,Tulare,107,460477,122806,122447,37085,159532,1544
2022-11-11,Tuolumne,109,53932,15830,15727,930,16657,201
2022-11-11,Ventura,111,848112,211172,210439,16113,226552,1585
2022-11-11,Yolo,113,214977,48103,47953,4466,52419,354
2022-11-11,Yuba,115,75493,19152,19098,1753,20851,132
2022-11-10,Alameda,001,1643700,354355,352725,20270,372995,2050
2022-11-10,Alpine,003,1148,137,136,1,137,0
2022-11-10,Amador,005,37829,10103,10080,943,11023,95
2022-11-10,Butte,007,227075,40036,39935,9317,49252,461
2022-11-10,Calaveras,009,45235,8613,8590,574,9164,135
2022-11-10,Colusa,011,21464,3824,3822,1298,5120,22
2022-11-10,Contra Costa,013,1133247,255719,253870,21079,274949,1469
2022-11-10,Del Norte,015,27424,7486,7472,405,7877,56
2022-11-10,El Dorado,017,186661,32877,32713,4339,37052,232
2022-11-10,Fresno,019,978130,278081,276921,31974,308895,2887
2022-11-10,Glenn,021,27897,5599,5570,1894,7464,48
2022-11-10,Humboldt,023,135768,22275,22176,5236,27412,160
2022-11-10,Imperial,025,180216,66428,66182,16516,82698,960
2022-11-10,Inyo,027,18085,4540,4520,1051,5571,60
2022-11-10,Kern,029,883053,221233,220676,65793,286469,2430
2022-11-10,Kings,031,150075,60093,59955,4183,64138,461
2022-11-10,Lake,033,64148,13004,12931,1213,14144,149
2022-11-10,Lassen,035,31185,10030,10019,1008,11027,65
2022-11-10,Los Angeles,037,10098052,3319668,3311644,187912,3499556,33784
2022-11-10,Madera,039,155013,44400,44281,8350,52631,375
2022-11-10,Marin,041,260295,46121,45924,5369,51293,314
2022-11-10,Mariposa,043,17540,3165,3124,348,3472,32
2022-11-10,Mendocino,045,87422,16248,16164,4562,20726,136
2022-11-10,Merced,047,269075,73243,72817,11963,84780,870
2022-11-10,Modoc,049,8938,887,887,331,1218,11
2022-11-10,Mono,051,14174,3229,3218,272,3490,8
2022-11-10,Monterey,053,433212,95008,94708,21485,116193,772
2022-11-10,Napa,055,140530,32600,32510,1425,33935,162
2022-11-10,Nevada,057,99092,19263,19171,1964,21135,132
2022-11-10,Orange,059,3164182,674802,673328,65585,738913,7546
2022-11-10,Placer,061,380077,76981,76490,9721,86211,662
2022-11-10,Plumas,063,18699,3729,3723,445,4168,13
2022-11-10,Riverside,065,2383286,702181,700602,36192,736794,6660
2022-11-10,Sacramento,067,1510023,352150,350522,34886,385408,3358
2022-11-10,San Benito,069,59416,16527,16350,992,17342,108
2022-11-10,San Bernardino,071,2135413,677535,676086,31506,707592,8126
2022-11-10,San Diego,073,3302833,935081,933599,73536,1007135,5538
2022-11-10,San Francisco,075,870044,182687,181964,12345,194309,1072
2022-11-10,San Joaquin,077,732212,200046,199089,15291,214380,2340
2022-11-10,San Luis Obispo,079,281455,63927,63683,7286,70969,525
2022-11-10,San Mateo,081,765935,171898,171191,10609,181800,748
2022-11-10,Santa Barbara,083,443738,106950,106642,6990,113632,733
2022-11-10,Santa Clara,085,1922200,444420,438278,19630,457908,2535
2022-11-10,Santa Cruz,087,273765,64583,64221,3549,67770,274
2022-11-10,Shasta,089,179085,35409,35246,7789,43035,594
2022-11-10,Sierra,091,2930,308,309,60,369,5
2022-11-10,Siskiyou,093,43540,5223,5337,3372,8709,94
2022-11-10,Solano,095,438530,106910,106391,8049,114440,468
2022-11-10,Sonoma,097,501317,108406,108080,5377,113457,525
2022-11-10,Stanislaus,099,539301,139321,138963,21812,160775,1785
2022-11-10,Sutter,101,95872,24616,24537,2472,27009,235
2022-11-10,Tehama,103,63373,13805,13745,3170,16915,216
2022-11-10,Trinity,105,12862,1421,1414,437,1851,20
2022-11-10,Tulare,107,460477,122749,122447,37046,159493,1544
2022-11-10,Tuolumne,109,53932,15821,15727,929,16656,201
2022-11-10,Ventura,111,848112,211077,210439,16099,226538,1585
2022-11-10,Yolo,113,214977,48088,47953,4465,52418,354
2022-11-10,Yuba,115,75493,19147,19098,1752,20850,132
2022-11-09,Alameda,001,1643700,354132,352725,20244,372969,2050
2022-11-09,Alpine,003,1148,137,136,1,137,0
2022-11-09,Amador,005,37829,10101,10080,943,11023,95
2022-11-09,Butte,007,227075,40013,39935,9307,49242,461
2022-11-09,Calaveras,009,45235,8607,8590,572,9162,135
2022-11-09,Colusa,011,21464,3823,3822,1295,5117,22
2022-11-09,Contra Costa,013,1133247,255584,253870,21070,274940,1469
2022-11-09,Del Norte,015,27424,7485,7472,405,7877,56
2022-11-09,El Dorado,017,186661,32852,32713,4337,37050,232
2022-11-09,Fresno,019,978130,277975,276921,31961,308882,2887
2022-11-09,Glenn,021,27897,5598,5570,1894,7464,48
2022-11-09,Humboldt,023,135768,22264,22176,5231,27407,160
2022-11-09,Imperial,025,180216,66391,66182,16469,82651,960
2022-11-09,Inyo,027,18085,4539,4520,1047,5567,60
2022-11-09,Kern,029,883053,221165,220676,65733,286409,2430
2022-11-09,Kings,031,150075,60048,59955,4178,64133,461
2022-11-09,Lake,033,64148,12999,12931,1209,14140,149
2022-11-09,Lassen,035,31185,10027,10019,1008,11027,65
2022-11-09,Los Angeles,037,10098052,3318208,3311644,187732,3499376,33784
2022-11-09,Madera,039,155013,44387,44281,8347,52628,375
2022-11-09,Marin,041,260295,46100,45924,5365,51289,314
2022-11-09,Mariposa,043,17540,3163,3124,348,3472,32
2022-11-09,Mendocino,045,87422,16245,16164,4559,20723,136
2022-11-09,Merced,047,269075,73215,72817,11959,84776,870
2022-11-09,Modoc,049,8938,887,887,331,1218,11
2022-11-09,Mono,051,14174,3228,3218,271,3489,8
2022-11-09,Monterey,053,433212,94977,94708,21468,116176,772
2022-11-09,Napa,055,140530,32581,32510,1424,33934,162
2022-11-09,Nevada,057,99092,19259,19171,1958,21129,132
2022-11-09,Orange,059,3164182,674571,673328,65478,738806,7546
2022-11-09,Placer,061,380077,76937,76490,9715,86205,662
2022-11-09,Plumas,063,18699,3726,3723,445,4168,13
2022-11-09,Riverside,065,2383286,701944,700602,36168,736770,6660
2022-11-09,Sacramento,067,1510023,351983,350522,34848,385370,3358
2022-11-09,San Benito,069,59416,16519,16350,991,17341,108
2022-11-09,San Bernardino,071,2135413,677282,676086,31488,707574,8126
2022-11-09,San Diego,073,3302833,934759,933599,73480,1007079,5538
2022-11-09,San Francisco,075,870044,182590,181964,12340,194304,1072
2022-11-09,San Joaquin,077,732212,199959,199089,15279,214368,2340
2022-11-09,San Luis Obispo,079,281455,63906,63683,7283,70966,525
2022-11-09,San Mateo,081,765935,171795,171191,10607,181798,748
2022-11-09,Santa Barbara,083,443738,106927,106642,6987,113629,733
2022-11-09,Santa Clara,085,1922200,444182,438278,19616,457894,2535
2022-11-09,Santa Cruz,087,273765,64552,64221,3547,67768,274
2022-11-09,Shasta,089,179085,35399,35246,7780,43026,594
2022-11-09,Sierra,091,2930,308,309,60,369,5
2022-11-09,Siskiyou,093,43540,5222,5337,3371,8708,94
2022-11-09,Solano,095,438530,106851,106391,8043,114434,468
2022-11-09,Sonoma,097,501317,108359,108080,5372,113452,525
2022-11-09,Stanislaus,099,539301,139280,138963,21797,160760,1785
2022-11-09,Sutter,101,95872,24601,24537,2471,27008,235
2022-11-09,Tehama,103,63373,13798,13745,3167,16912,216
2022-11-09,Trinity,105,12862,1418,1414,434,1848,20
2022-11-09,Tulare,107,460477,122711,122447,37022,159469,1544
2022-11-09,Tuolumne,109,53932,15807,15727,929,16656,201
2022-11-09,Ventura,111,848112,211002,210439,16077,226516,1585
2022-11-09,Yolo,113,214977,48066,47953,4463,52416,354
2022-11-09,Yuba,115,75493,19138,19098,1746,20844,132
2022-11-08,Alameda,001,1643700,353927,352725,20218,372943,2050
2022-11-08,Alpine,003,1148,137,136,1,137,0
2022-11-08,Amador,005,37829,10099,10080,943,11023,95
2022-11-08,Butte,007,227075,39995,39935,9299,49234,461
2022-11-08,Calaveras,009,45235,8604,8590,572,9162,135
2022-11-08,Colusa,011,21464,3822,3822,1295,5117,22
2022-11-08,Contra Costa,013,1133247,255456,253870,21053,274923,1469
2022-11-08,Del Norte,015,27424,7481,7472,402,7874,56
2022-11-08,El Dorado,017,186661,32828,32713,4336,37049,232
2022-11-08,Fresno,019,978130,277874,276921,31945,308866,2887
2022-11-08,Glenn,021,27897,5597,5570,1894,7464,48
2022-11-08,Humboldt,023,135768,22256,22176,5224,27400,160
2022-11-08,Imperial,025,180216,66338,66182,16411,82593,960
2022-11-08,Inyo,027,18085,4539,4520,1044,5564,60
2022-11-08,Kern,029,883053,221086,220676,65679,286355,2430
2022-11-08,Kings,031,150075,60023,59955,4176,64131,461
2022-11-08,Lake,033,64148,12989,12931,1208,14139,149
2022-11-08,Lassen,035,31185,10025,10019,1007,11026,65
2022-11-08,Los Angeles,037,10098052,3316790,3311644,187530,3499174,33784
2022-11-08,Madera,039,155013,44371,44281,8343,52624,375
2022-11-08,Marin,041,260295,46071,45924,5358,51282,314
2022-11-08,Mariposa,043,17540,3158,3124,348,3472,32
2022-11-08,Mendocino,045,87422,16237,16164,4559,20723,136
2022-11-08,Merced,047,269075,73185,72817,11954,84771,870
2022-11-08,Modoc,049,8938,886,887,331,1218,11
2022-11-08,Mono,051,14174,3224,3218,269,3487,8
2022-11-08,Monterey,053,433212,94948,94708,21459,116167,772
2022-11-08,Napa,055,140530,32568,32510,1424,33934,162
2022-11-08,Nevada,057,99092,19253,19171,1955,21126,132
2022-11-08,Orange,059,3164182,674330,673328,65387,738715,7546
2022-11-08,Placer,061,380077,76893,76490,9710,86200,662
2022-11-08,Plumas,063,18699,3726,3723,445,4168,13
2022-11-08,Riverside,065,2383286,701704,700602,36129,736731,6660
2022-11-08,Sacramento,067,1510023,351793,350522,34810,385332,3358
2022-11-08,San Benito,069,59416,16510,16350,990,17340,108
2022-11-08,San Bernardino,071,2135413,677047,676086,31449,707535,8126
2022-11-08,San Diego,073,3302833,934349,933599,73440,1007039,5538
2022-11-08,San Francisco,075,870044,182467,181964,12326,194290,1072
2022-11-08,San Joaquin,077,732212,199876,199089,15269,214358,2340
2022-11-08,San Luis Obispo,079,281455,63887,63683,7281,70964,525
2022-11-08,San Mateo,081,765935,171699,171191,10604,181795,748
2022-11-08,Santa Barbara,083,443738,106891,106642,6984,113626,733
2022-11-08,Santa Clara,085,1922200,443922,438278,19598,457876,2535
2022-11-08,Santa Cruz,087,273765,64519,64221,3545,67766,274
2022-11-08,Shasta,089,179085,35378,35246,7764,43010,594
2022-11-08,Sierra,091,2930,308,309,60,369,5
2022-11-08,Siskiyou,093,43540,5221,5337,3367,8704,94
2022-11-08,Solano,095,438530,106776,106391,8037,114428,468
2022-11-08,Sonoma,097,501317,108320,108080,5371,113451,525
2022-11-08,Stanislaus,099,539301,139218,138963,21794,160757,1785
2022-11-08,Sutter,101,95872,24584,24537,2471,27008,235
2022-11-08,Tehama,103,63373,13793,13745,3166,16911,216
2022-11-08,Trinity,105,12862,1416,1414,433,1847,20
2022-11-08,Tulare,107,460477,122660,122447,36993,159440,1544
2022-11-08,Tuolumne,109,53932,15798,15727,929,16656,201
2022-11-08,Ventura,111,848112,210936,210439,16068,226507,1585
2022-11-08,Yolo,113,214977,48046,47953,4457,52410,354
2022-11-08,Yuba,115,75493,19128,19098,1745,20843,132
2022-11-07,Alameda,001,1643700,353689,351524,20197,371721,2044
2022-11-07,Alpine,003,1148,136,136,1,137,0
2022-11-07,Amador,005,37829,10095,10055,942,10997,95
2022-11-07,Butte,007,227075,39978,39852,9291,49143,462
2022-11-07,Calaveras,009,45235,8598,8576,572,9148,135
2022-11-07,Colusa,011,21464,3821,3820,1295,5115,22
2022-11-07,Contra Costa,013,1133247,255313,253122,21037,274159,1463
2022-11-07,Del Norte,015,27424,7478,7469,402,7871,56
2022-11-07,El Dorado,017,186661,32812,32622,4335,36957,231
2022-11-07,Fresno,019,978130,277756,276454,31919,308373,2885
2022-11-07,Glenn,021,27897,5595,5557,1892,7449,48
2022-11-07,Humboldt,023,135768,22240,22115,5210,27325,160
2022-11-07,Imperial,025,180216,66300,66024,16374,82398,960
2022-11-07,Inyo,027,18085,4538,4506,1042,5548,60
2022-11-07,Kern,029,883053,221031,220216,65612,285828,2426
2022-11-07,Kings,031,150075,60002,59856,4169,64025,459
2022-11-07,Lake,033,64148,12981,12898,1208,14106,148
2022-11-07,Lassen,035,31185,10021,10007,1007,11014,65
2022-11-07,Los Angeles,037,10098052,3315429,3304428,187288,3491716,33733
2022-11-07,Madera,039,155013,44363,44229,8336,52565,375
2022-11-07,Marin,041,260295,46044,45806,5358,51164,314
2022-11-07,Mariposa,043,17540,3153,3116,348,3464,32
2022-11-07,Mendocino,045,87422,16235,16130,4556,20686,137
2022-11-07,Merced,047,269075,73150,72727,11947,84674,870
2022-11-07,Modoc,049,8938,886,885,331,1216,11
2022-11-07,Mono,051,14174,3222,3216,269,3485,7
2022-11-07,Monterey,053,433212,94921,94541,21440,115981,770
2022-11-07,Napa,055,140530,32548,32484,1424,33908,161
2022-11-07,Nevada,057,99092,19247,19129,1954,21083,132
2022-11-07,Orange,059,3164182,674106,672253,65303,737556,7520
2022-11-07,Placer,061,380077,76850,76321,9704,86025,662
2022-11-07,Plumas,063,18699,3726,3720,445,4165,13
2022-11-07,Riverside,065,2383286,701442,699360,36094,735454,6660
2022-11-07,Sacramento,067,1510023,351616,349696,34774,384470,3350
2022-11-07,San Benito,069,59416,16502,16324,989,17313,108
2022-11-07,San Bernardino,071,2135413,676776,674939,31423,706362,8123
2022-11-07,San Diego,073,3302833,933983,931531,73396,1004927,5532
2022-11-07,San Francisco,075,870044,182360,180989,12313,193302,1067
2022-11-07,San Joaquin,077,732212,199793,198717,15255,213972,2336
2022-11-07,San Luis Obispo,079,281455,63866,63599,7279,70878,525
2022-11-07,San Mateo,081,765935,171608,170464,10600,181064,741
2022-11-07,Santa Barbara,083,443738,106870,106478,6980,113458,732
2022-11-07,Santa Clara,085,1922200,443672,436967,19579,456546,2533
2022-11-07,Santa Cruz,087,273765,64470,64070,3544,67614,274
2022-11-07,Shasta,089,179085,35364,35178,7749,42927,594
2022-11-07,Sierra,091,2930,308,308,60,368,5
2022-11-07,Siskiyou,093,43540,5213,5326,3365,8691,94
2022-11-07,Solano,095,438530,106693,106106,8033,114139,468
2022-11-07,Sonoma,097,501317,108282,107907,5370,113277,524
2022-11-07,Stanislaus,099,539301,139180,138715,21778,160493,1785
2022-11-07,Sutter,101,95872,24566,24470,2471,26941,233
2022-11-07,Tehama,103,63373,13788,13707,3161,16868,216
2022-11-07,Trinity,105,12862,1416,1413,433,1846,20
2022-11-07,Tulare,107,460477,122632,122246,36964,159210,1544
2022-11-07,Tuolumne,109,53932,15787,15672,929,16601,196
2022-11-07,Ventura,111,848112,210854,210085,16054,226139,1584
2022-11-07,Yolo,113,214977,48014,47786,4454,52240,353
2022-11-07,Yuba,115,75493,19120,19059,1743,20802,132
2022-11-06,Alameda,001,1643700,353463,351524,20176,371700,2044
2022-11-06,Alpine,003,1148,136,136,1,137,0
2022-11-06,Amador,005,37829,10090,10055,941,10996,95
2022-11-06,Butte,007,227075,39946,39852,9286,49138,462
2022-11-06,Calaveras,009,45235,8594,8576,572,9148,135
2022-11-06,Colusa,011,21464,3821,3820,1295,5115,22
2022-11-06,Contra Costa,013,1133247,255162,253122,21028,274150,1463
2022-11-06,Del Norte,015,27424,7475,7469,402,7871,56
2022-11-06,El Dorado,017,186661,32797,32622,4331,36953,231
2022-11-06,Fresno,019,978130,277624,276454,31895,308349,2885
2022-11-06,Glenn,021,27897,5578,5557,1885,7442,48
2022-11-06,Humboldt,023,135768,22230,22115,5201,27316,160
2022-11-06,Imperial,025,180216,66250,66024,16334,82358,960
2022-11-06,Inyo,027,18085,4536,4506,1040,5546,60
2022-11-06,Kern,029,883053,220929,220216,65555,285771,2426
2022-11-06,Kings,031,150075,59958,59856,4159,64015,459
2022-11-06,Lake,033,64148,12968,12898,1204,14102,148
2022-11-06,Lassen,035,31185,10020,10007,1006,11013,65
2022-11-06,Los Angeles,037,10098052,3313787,3304428,187044,3491472,33733
2022-11-06,Madera,039,155013,44352,44229,8329,52558,375
2022-11-06,Marin,041,260295,46015,45806,5356,51162,314
2022-11-06,Mariposa,043,17540,3152,3116,348,3464,32
2022-11-06,Mendocino,045,87422,16228,16130,4553,20683,137
2022-11-06,Merced,047,269075,73122,72727,11937,84664,870
2022-11-06,Modoc,049,8938,886,885,331,1216,11
2022-11-06,Mono,051,14174,3222,3216,267,3483,7
2022-11-06,Monterey,053,433212,94871,94541,21418,115959,770
2022-11-06,Napa,055,140530,32526,32484,1424,33908,161
2022-11-06,Nevada,057,99092,19232,19129,1940,21069,132
2022-11-06,Orange,059,3164182,673842,672253,65239,737492,7520
2022-11-06,Placer,061,380077,76799,76321,9699,86020,662
2022-11-06,Plumas,063,18699,3726,3720,445,4165,13
2022-11-06,Riverside,065,2383286,701134,699360,36057,735417,6660
2022-11-06,Sacramento,067,1510023,351401,349696,34724,384420,3350
2022-11-06,San Benito,069,59416,16494,16324,989,17313,108
2022-11-06,San Bernardino,071,2135413,676482,674939,31391,706330,8123
2022-11-06,San Diego,073,3302833,933474,931531,73336,1004867,5532
2022-11-06,San Francisco,075,870044,182226,180989,12300,193289,1067
2022-11-06,San Joaquin,077,732212,199706,198717,15244,213961,2336
2022-11-06,San Luis Obispo,079,281455,63847,63599,7276,70875,525
2022-11-06,San Mateo,081,765935,171507,170464,10593,181057,741
2022-11-06,Santa Barbara,083,443738,106815,106478,6970,113448,732
2022-11-06,Santa Clara,085,1922200,443385,436967,19553,456520,2533
2022-11-06,Santa Cruz,087,273765,64400,64070,3540,67610,274
2022-11-06,Shasta,089,179085,35341,35178,7729,42907,594
2022-11-06,Sierra,091,2930,308,308,60,368,5
2022-11-06,Siskiyou,093,43540,5213,5326,3364,8690,94
2022-11-06,Solano,095,438530,106598,106106,8027,114133,468
2022-11-06,Sonoma,097,501317,108219,107907,5368,113275,524
2022-11-06,Stanislaus,099,539301,139126,138715,21766,160481,1785
2022-11-06,Sutter,101,95872,24546,24470,2470,26940,233
2022-11-06,Tehama,103,63373,13782,13707,3146,16853,216
2022-11-06,Trinity,105,12862,1416,1413,433,1846,20
2022-11-06,Tulare,107,460477,122596,122246,36930,159176,1544
2022-11-06,Tuolumne,109,53932,15776,15672,929,16601,196
2022-11-06,Ventura,111,848112,210767,210085,16032,226117,1584
2022-11-06,Yolo,113,214977,47999,47786,4443,52229,353
2022-11-06,Yuba,115,75493,19112,19059,1742,20801,132
2022-11-05,Alameda,001,1643700,353318,351524,20167,371691,2044
2022-11-05,Alpine,003,1148,136,136,1,137,0
2022-11-05,Amador,005,37829,10088,10055,941,10996,95
2022-11-05,Butte,007,227075,39937,39852,9283,49135,462
2022-11-05,Calaveras,009,45235,8593,8576,572,9148,135
2022-11-05,Colusa,011,21464,3819,3820,1295,5115,22
2022-11-05,Contra Costa,013,1133247,255060,253122,21025,274147,1463
2022-11-05,Del Norte,015,27424,7475,7469,402,7871,56
2022-11-05,El Dorado,017,186661,32781,32622,4327,36949,231
2022-11-05,Fresno,019,978130,277568,276454,31885,308339,2885
2022-11-05,Glenn,021,27897,5576,5557,1884,7441,48
2022-11-05,Humboldt,023,135768,22220,22115,5199,27314,160
2022-11-05,Imperial,025,180216,66226,66024,16322,82346,960
2022-11-05,Inyo,027,18085,4535,4506,1040,5546,60
2022-11-05,Kern,029,883053,220883,220216,65529,285745,2426
2022-11-05,Kings,031,150075,59942,59856,4156,64012,459
2022-11-05,Lake,033,64148,12963,12898,1204,14102,148
2022-11-05,Lassen,035,31185,10020,10007,1006,11013,65
2022-11-05,Los Angeles,037,10098052,3312938,3304428,186905,3491333,33733
2022-11-05,Madera,039,155013,44346,44229,8327,52556,375
2022-11-05,Marin,041,260295,45998,45806,5356,51162,314
2022-11-05,Mariposa,043,17540,3151,3116,348,3464,32
2022-11-05,Mendocino,045,87422,16226,16130,4552,20682,137
2022-11-05,Merced,047,269075,73108,72727,11935,84662,870
2022-11-05,Modoc,049,8938,886,885,331,1216,11
2022-11-05,Mono,051,14174,3222,3216,266,3482,7
2022-11-05,Monterey,053,433212,94846,94541,21408,115949,770
2022-11-05,Napa,055,140530,32522,32484,1423,33907,161
2022-11-05,Nevada,057,99092,19227,19129,1936,21065,132
2022-11-05,Orange,059,3164182,673702,672253,65197,737450,7520
2022-11-05,Placer,061,380077,76758,76321,9695,86016,662
2022-11-05,Plumas,063,18699,3726,3720,444,4164,13
2022-11-05,Riverside,065,2383286,700952,699360,36033,735393,6660
2022-11-05,Sacramento,067,1510023,351284,349696,34707,384403,3350
2022-11-05,San Benito,069,59416,16486,16324,989,17313,108
2022-11-05,San Bernardino,071,2135413,676337,674939,31381,706320,8123
2022-11-05,San Diego,073,3302833,933282,931531,73319,1004850,5532
2022-11-05,San Francisco,075,870044,182146,180989,12295,193284,1067
2022-11-05,San Joaquin,077,732212,199653,198717,15237,213954,2336
2022-11-05,San Luis Obispo,079,281455,63838,63599,7276,70875,525
2022-11-05,San Mateo,081,765935,171449,170464,10589,181053,741
2022-11-05,Santa Barbara,083,443738,106794,106478,6968,113446,732
2022-11-05,Santa Clara,085,1922200,443190,436967,19538,456505,2533
2022-11-05,Santa Cruz,087,273765,64371,64070,3539,67609,274
2022-11-05,Shasta,089,179085,35332,35178,7720,42898,594
2022-11-05,Sierra,091,2930,308,308,60,368,5
2022-11-05,Siskiyou,093,43540,5212,5326,3362,8688,94
2022-11-05,Solano,095,438530,106569,106106,8025,114131,468
2022-11-05,Sonoma,097,501317,108199,107907,5363,113270,524
2022-11-05,Stanislaus,099,539301,139085,138715,21762,160477,1785
2022-11-05,Sutter,101,95872,24536,24470,2470,26940,233
2022-11-05,Tehama,103,63373,13778,13707,3144,16851,216
2022-11-05,Trinity,105,12862,1416,1413,433,1846,20
2022-11-05,Tulare,107,460477,122579,122246,36910,159156,1544
2022-11-05,Tuolumne,109,53932,15768,15672,929,16601,196
2022-11-05,Ventura,111,848112,210716,210085,16023,226108,1584
2022-11-05,Yolo,113,214977,47986,47786,4438,52224,353
2022-11-05,Yuba,115,75493,19107,19059,1741,20800,132
2022-11-04,Alameda,001,1643700,353176,351524,20147,371671,2044
2022-11-04,Alpine,003,1148,136,136,1,137,0
2022-11-04,Amador,005,37829,10085,10055,941,10996,95
2022-11-04,Butte,007,227075,39928,39852,9278,49130,462
2022-11-04,Calaveras,009,45235,8592,8576,572,9148,135
2022-11-04,Colusa,011,21464,3819,3820,1295,5115,22
2022-11-04,Contra Costa,013,1133247,254965,253122,21022,274144,1463
2022-11-04,Del Norte,015,27424,7475,7469,402,7871,56
2022-11-04,El Dorado,017,186661,32772,32622,4327,36949,231
2022-11-04,Fresno,019,978130,277514,276454,31876,308330,2885
2022-11-04,Glenn,021,27897,5575,5557,1883,7440,48
2022-11-04,Humboldt,023,135768,22213,22115,5197,27312,160
2022-11-04,Imperial,025,180216,66214,66024,16314,82338,960
2022-11-04,Inyo,027,18085,4532,4506,1039,5545,60
2022-11-04,Kern,029,883053,220844,220216,65497,285713,2426
2022-11-04,Kings,031,150075,59927,59856,4151,64007,459
2022-11-04,Lake,033,64148,12956,12898,1204,14102,148
2022-11-04,Lassen,035,31185,10019,10007,1006,11013,65
2022-11-04,Los Angeles,037,10098052,3312120,3304428,186758,3491186,33733
2022-11-04,Madera,039,155013,44339,44229,8326,52555,375
2022-11-04,Marin,041,260295,45982,45806,5355,51161,314
2022-11-04,Mariposa,043,17540,3149,3116,348,3464,32
2022-11-04,Mendocino,045,87422,16222,16130,4550,20680,137
2022-11-04,Merced,047,269075,73099,72727,11935,84662,870
2022-11-04,Modoc,049,8938,886,885,330,1215,11
2022-11-04,Mono,051,14174,3220,3216,266,3482,7
2022-11-04,Monterey,053,433212,94820,94541,21396,115937,770
2022-11-04,Napa,055,140530,32517,32484,1422,33906,161
2022-11-04,Nevada,057,99092,19221,19129,1927,21056,132
2022-11-04,Orange,059,3164182,673595,672253,65154,737407,7520
2022-11-04,Placer,061,380077,76740,76321,9693,86014,662
2022-11-04,Plumas,063,18699,3725,3720,443,4163,13
2022-11-04,Riverside,065,2383286,700779,699360,36001,735361,6660
2022-11-04,Sacramento,067,1510023,351173,349696,34695,384391,3350
2022-11-04,San Benito,069,59416,16482,16324,989,17313,108
2022-11-04,San Bernardino,071,2135413,676186,674939,31374,706313,8123
2022-11-04,San Diego,073,3302833,933077,931531,73307,1004838,5532
2022-11-04,San Francisco,075,870044,182078,180989,12289,193278,1067
2022-11-04,San Joaquin,077,732212,199602,198717,15232,213949,2336
2022-11-04,San Luis Obispo,079,281455,63826,63599,7274,70873,525
2022-11-04,San Mateo,081,765935,171377,170464,10586,181050,741
2022-11-04,Santa Barbara,083,443738,106773,106478,6966,113444,732
2022-11-04,Santa Clara,085,1922200,442995,436967,19527,456494,2533
2022-11-04,Santa Cruz,087,273765,64344,64070,3539,67609,274
2022-11-04,Shasta,089,179085,35326,35178,7711,42889,594
2022-11-04,Sierra,091,2930,308,308,60,368,5
2022-11-04,Siskiyou,093,43540,5208,5326,3362,8688,94
2022-11-04,Solano,095,438530,106513,106106,8022,114128,468
2022-11-04,Sonoma,097,501317,108176,107907,5362,113269,524
2022-11-04,Stanislaus,099,539301,139057,138715,21760,160475,1785
2022-11-04,Sutter,101,95872,24528,24470,2470,26940,233
2022-11-04,Tehama,103,63373,13773,13707,3133,16840,216
2022-11-04,Trinity,105,12862,1415,1413,433,1846,20
2022-11-04,Tulare,107,460477,122561,122246,36889,159135,1544
2022-11-04,Tuolumne,109,53932,15756,15672,929,16601,196
2022-11-04,Ventura,111,848112,210664,210085,16013,226098,1584
2022-11-04,Yolo,113,214977,47967,47786,4437,52223,353
2022-11-04,Yuba,115,75493,19104,19059,1741,20800,132
2022-11-03,Alameda,001,1643700,352991,351524,20124,371648,2044
2022-11-03,Alpine,003,1148,136,136,1,137,0
2022-11-03,Amador,005,37829,10080,10055,939,10994,95
2022-11-03,Butte,007,227075,39911,39852,9269,49121,462
2022-11-03,Calaveras,009,45235,8591,8576,572,9148,135
2022-11-03,Colusa,011,21464,3819,3820,1295,5115,22
2022-11-03,Contra Costa,013,1133247,254831,253122,21014,274136,1463
2022-11-03,Del Norte,015,27424,7475,7469,401,7870,56
2022-11-03,El Dorado,017,186661,32756,32622,4327,36949,231
2022-11-03,Fresno,019,978130,277439,276454,31856,308310,2885
2022-11-03,Glenn,021,27897,5572,5557,1882,7439,48
2022-11-03,Humboldt,023,135768,22198,22115,5189,27304,160
2022-11-03,Imperial,025,180216,66188,66024,16276,82300,960
2022-11-03,Inyo,027,18085,4530,4506,1038,5544,60
2022-11-03,Kern,029,883053,220797,220216,65451,285667,2426
2022-11-03,Kings,031,150075,59910,59856,4146,64002,459
2022-11-03,Lake,033,64148,12953,12898,1203,14101,148
2022-11-03,Lassen,035,31185,10016,10007,1005,11012,65
2022-11-03,Los Angeles,037,10098052,3311032,3304428,186557,3490985,33733
2022-11-03,Madera,039,155013,44327,44229,8324,52553,375
2022-11-03,Marin,041,260295,45956,45806,5355,51161,314
2022-11-03,Mariposa,043,17540,3146,3116,348,3464,32
2022-11-03,Mendocino,045,87422,16211,16130,4549,20679,137
2022-11-03,Merced,047,269075,73070,72727,11931,84658,870
2022-11-03,Modoc,049,8938,886,885,330,1215,11
2022-11-03,Mono,051,14174,3219,3216,266,3482,7
2022-11-03,Monterey,053,433212,94794,94541,21381,115922,770
2022-11-03,Napa,055,140530,32507,32484,1420,33904,161
2022-11-03,Nevada,057,99092,19211,19129,1925,21054,132
2022-11-03,Orange,059,3164182,673429,672253,65110,737363,7520
2022-11-03,Placer,061,380077,76705,76321,9689,86010,662
2022-11-03,Plumas,063,18699,3725,3720,443,4163,13
2022-11-03,Riverside,065,2383286,700573,699360,35965,735325,6660
2022-11-03,Sacramento,067,1510023,351012,349696,34664,384360,3350
2022-11-03,San Benito,069,59416,16478,16324,989,17313,108
2022-11-03,San Bernardino,071,2135413,675988,674939,31357,706296,8123
2022-11-03,San Diego,073,3302833,932822,931531,73279,1004810,5532
2022-11-03,San Francisco,075,870044,181973,180989,12284,193273,1067
2022-11-03,San Joaquin,077,732212,199540,198717,15217,213934,2336
2022-11-03,San Luis Obispo,079,281455,63808,63599,7273,70872,525
2022-11-03,San Mateo,081,765935,171280,170464,10585,181049,741
2022-11-03,Santa Barbara,083,443738,106749,106478,6962,113440,732
2022-11-03,Santa Clara,085,1922200,442755,436967,19510,456477,2533
2022-11-03,Santa Cruz,087,273765,64295,64070,3537,67607,274
2022-11-03,Shasta,089,179085,35311,35178,7697,42875,594
2022-11-03,Sierra,091,2930,308,308,60,368,5
2022-11-03,Siskiyou,093,43540,5205,5326,3360,8686,94
2022-11-03,Solano,095,438530,106468,106106,8015,114121,468
2022-11-03,Sonoma,097,501317,108146,107907,5362,113269,524
2022-11-03,Stanislaus,099,539301,139011,138715,21749,160464,1785
2022-11-03,Sutter,101,95872,24519,24470,2469,26939,233
2022-11-03,Tehama,103,63373,13765,13707,3129,16836,216
2022-11-03,Trinity,105,12862,1415,1413,432,1845,20
2022-11-03,Tulare,107,460477,122539,122246,36868,159114,1544
2022-11-03,Tuolumne,109,53932,15749,15672,928,16600,196
2022-11-03,Ventura,111,848112,210608,210085,16001,226086,1584
2022-11-03,Yolo,113,214977,47949,47786,4435,52221,353
2022-11-03,Yuba,115,75493,19097,19059,1741,20800,132
2022-11-02,Alameda,001,1643700,352809,351524,20101,371625,2044
2022-11-02,Alpine,003,1148,136,136,1,137,0
2022-11-02,Amador,005,37829,10070,10055,937,10992,95
2022-11-02,Butte,007,227075,39893,39852,9262,49114,462
2022-11-02,Calaveras,009,45235,8586,8576,572,9148,135
2022-11-02,Colusa,011,21464,3819,3820,1294,5114,22
2022-11-02,Contra Costa,013,1133247,254705,253122,20997,274119,1463
2022-11-02,Del Norte,015,27424,7475,7469,401,7870,56
2022-11-02,El Dorado,017,186661,32741,32622,4325,36947,231
2022-11-02,Fresno,019,978130,277354,276454,31837,308291,2885
2022-11-02,Glenn,021,27897,5568,5557,1880,7437,48
2022-11-02,Humboldt,023,135768,22186,22115,5187,27302,160
2022-11-02,Imperial,025,180216,66154,66024,16258,82282,960
2022-11-02,Inyo,027,18085,4527,4506,1038,5544,60
2022-11-02,Kern,029,883053,220751,220216,65407,285623,2426
2022-11-02,Kings,031,150075,59896,59856,4139,63995,459
2022-11-02,Lake,033,64148,12949,12898,1196,14094,148
2022-11-02,Lassen,035,31185,10014,10007,1004,11011,65
2022-11-02,Los Angeles,037,10098052,3309834,3304428,186364,3490792,33733
2022-11-02,Madera,039,155013,44311,44229,8321,52550,375
2022-11-02,Marin,041,260295,45940,45806,5354,51160,314
2022-11-02,Mariposa,043,17540,3145,3116,348,3464,32
2022-11-02,Mendocino,045,87422,16209,16130,4548,20678,137
2022-11-02,Merced,047,269075,73047,72727,11926,84653,870
2022-11-02,Modoc,049,8938,886,885,328,1213,11
2022-11-02,Mono,051,14174,3219,3216,266,3482,7
2022-11-02,Monterey,053,433212,94768,94541,21372,115913,770
2022-11-02,Napa,055,140530,32497,32484,1420,33904,161
2022-11-02,Nevada,057,99092,19206,19129,1918,21047,132
2022-11-02,Orange,059,3164182,673245,672253,65029,737282,7520
2022-11-02,Placer,061,380077,76668,76321,9682,86003,662
2022-11-02,Plumas,063,18699,3725,3720,443,4163,13
2022-11-02,Riverside,065,2383286,700401,699360,35943,735303,6660
2022-11-02,Sacramento,067,1510023,350838,349696,34631,384327,3350
2022-11-02,San Benito,069,59416,16472,16324,989,17313,108
2022-11-02,San Bernardino,071,2135413,675796,674939,31332,706271,8123
2022-11-02,San Diego,073,3302833,932491,931531,73245,1004776,5532
2022-11-02,San Francisco,075,870044,181868,180989,12280,193269,1067
2022-11-02,San Joaquin,077,732212,199464,198717,15205,213922,2336
2022-11-02,San Luis Obispo,079,281455,63784,63599,7266,70865,525
2022-11-02,San Mateo,081,765935,171219,170464,10577,181041,741
2022-11-02,Santa Barbara,083,443738,106718,106478,6956,113434,732
2022-11-02,Santa Clara,085,1922200,442541,436967,19498,456465,2533
2022-11-02,Santa Cruz,087,273765,64261,64070,3536,67606,274
2022-11-02,Shasta,089,179085,35300,35178,7683,42861,594
2022-11-02,Sierra,091,2930,308,308,60,368,5
2022-11-02,Siskiyou,093,43540,5204,5326,3353,8679,94
2022-11-02,Solano,095,438530,106417,106106,8010,114116,468
2022-11-02,Sonoma,097,501317,108111,107907,5360,113267,524
2022-11-02,Stanislaus,099,539301,138976,138715,21744,160459,1785
2022-11-02,Sutter,101,95872,24501,24470,2469,26939,233
2022-11-02,Tehama,103,63373,13759,13707,3124,16831,216
2022-11-02,Trinity,105,12862,1415,1413,429,1842,20
2022-11-02,Tulare,107,460477,122516,122246,36852,159098,1544
2022-11-02,Tuolumne,109,53932,15745,15672,928,16600,196
2022-11-02,Ventura,111,848112,210555,210085,15991,226076,1584
2022-11-02,Yolo,113,214977,47929,47786,4433,52219,353
2022-11-02,Yuba,115,75493,19089,19059,1740,20799,132
2022-11-01,Alameda,001,1643700,352614,351524,20082,371606,2044
2022-11-01,Alpine,003,1148,136,136,1,137,0
2022-11-01,Amador,005,37829,10064,10055,936,10991,95
2022-11-01,Butte,007,227075,39878,39852,9254,49106,462
2022-11-01,Calaveras,009,45235,8584,8576,572,9148,135
2022-11-01,Colusa,011,21464,3819,3820,1293,5113,22
2022-11-01,Contra Costa,013,1133247,254592,253122,20988,274110,1463
2022-11-01,Del Norte,015,27424,7475,7469,401,7870,56
2022-11-01,El Dorado,017,186661,32721,32622,4323,36945,231
2022-11-01,Fresno,019,978130,277274,276454,31824,308278,2885
2022-11-01,Glenn,021,27897,5567,5557,1878,7435,48
2022-11-01,Humboldt,023,135768,22173,22115,5181,27296,160
2022-11-01,Imperial,025,180216,66125,66024,16250,82274,960
2022-11-01,Inyo,027,18085,4524,4506,1037,5543,60
2022-11-01,Kern,029,883053,220674,220216,65355,285571,2426
2022-11-01,Kings,031,150075,59876,59856,4136,63992,459
2022-11-01,Lake,033,64148,12945,12898,1193,14091,148
2022-11-01,Lassen,035,31185,10012,10007,1004,11011,65
2022-11-01,Los Angeles,037,10098052,3308600,3304428,186145,3490573,33733
2022-11-01,Madera,039,155013,44298,44229,8311,52540,375
2022-11-01,Marin,041,260295,45920,45806,5352,51158,314
2022-11-01,Mariposa,043,17540,3142,3116,348,3464,32
2022-11-01,Mendocino,045,87422,16206,16130,4542,20672,137
2022-11-01,Merced,047,269075,73025,72727,11918,84645,870
2022-11-01,Modoc,049,8938,885,885,327,1212,11
2022-11-01,Mono,051,14174,3219,3216,265,3481,7
2022-11-01,Monterey,053,433212,94738,94541,21361,115902,770
2022-11-01,Napa,055,140530,32485,32484,1420,33904,161
2022-11-01,Nevada,057,99092,19192,19129,1915,21044,132
2022-11-01,Orange,059,3164182,673052,672253,64939,737192,7520
2022-11-01,Placer,061,380077,76640,76321,9672,85993,662
2022-11-01,Plumas,063,18699,3722,3720,443,4163,13
2022-11-01,Riverside,065,2383286,700180,699360,35911,735271,6660
2022-11-01,Sacramento,067,1510023,350684,349696,34603,384299,3350
2022-11-01,San Benito,069,59416,16465,16324,988,17312,108
2022-11-01,San Bernardino,071,2135413,675602,674939,31319,706258,8123
2022-11-01,San Diego,073,3302833,932163,931531,73214,1004745,5532
2022-11-01,San Francisco,075,870044,181760,180989,12270,193259,1067
2022-11-01,San Joaquin,077,732212,199390,198717,15200,213917,2336
2022-11-01,San Luis Obispo,079,281455,63762,63599,7263,70862,525
2022-11-01,San Mateo,081,765935,171144,170464,10574,181038,741
2022-11-01,Santa Barbara,083,443738,106684,106478,6950,113428,732
2022-11-01,Santa Clara,085,1922200,442299,436967,19486,456453,2533
2022-11-01,Santa Cruz,087,273765,64230,64070,3535,67605,274
2022-11-01,Shasta,089,179085,35290,35178,7666,42844,594
2022-11-01,Sierra,091,2930,308,308,60,368,5
2022-11-01,Siskiyou,093,43540,5202,5326,3351,8677,94
2022-11-01,Solano,095,438530,106370,106106,8006,114112,468
2022-11-01,Sonoma,097,501317,108074,107907,5356,113263,524
2022-11-01,Stanislaus,099,539301,138929,138715,21733,160448,1785
2022-11-01,Sutter,101,95872,24494,24470,2469,26939,233
2022-11-01,Tehama,103,63373,13751,13707,3119,16826,216
2022-11-01,Trinity,105,12862,1415,1413,429,1842,20
2022-11-01,Tulare,107,460477,122489,122246,36832,159078,1544
2022-11-01,Tuolumne,109,53932,15739,15672,928,16600,196
2022-11-01,Ventura,111,848112,210484,210085,15977,226062,1584
2022-11-01,Yolo,113,214977,47910,47786,4432,52218,353
2022-11-01,Yuba,115,75493,19082,19059,1740,20799,132
2022-10-31,Alameda,001,1643700,352393,350419,20057,370476,2040
2022-10-31,Alpine,003,1148,136,136,1,137,0
2022-10-31,Amador,005,37829,10063,10038,936,10974,94
2022-10-31,Butte,007,227075,39860,39707,9245,48952,457
2022-10-31,Calaveras,009,45235,8582,8561,572,9133,134
2022-10-31,Colusa,011,21464,3819,3813,1291,5104,22
2022-10-31,Contra Costa,013,1133247,254447,252398,20975,273373,1458
2022-10-31,Del Norte,015,27424,7474,7455,401,7856,56
2022-10-31,El Dorado,017,186661,32705,32513,4319,36832,231
2022-10-31,Fresno,019,978130,277164,275924,31805,307729,2885
2022-10-31,Glenn,021,27897,5566,5553,1877,7430,48
2022-10-31,Humboldt,023,135768,22161,22065,5177,27242,160
2022-10-31,Imperial,025,180216,66090,65903,16235,82138,959
2022-10-31,Inyo,027,18085,4519,4500,1037,5537,60
2022-10-31,Kern,029,883053,220576,219943,65305,285248,2425
2022-10-31,Kings,031,150075,59853,59742,4132,63874,459
2022-10-31,Lake,033,64148,12931,12868,1192,14060,148
2022-10-31,Lassen,035,31185,10011,9989,1004,10993,65
2022-10-31,Los Angeles,037,10098052,3307373,3298549,185914,3484463,33679
2022-10-31,Madera,039,155013,44285,44172,8311,52483,375
2022-10-31,Marin,041,260295,45896,45649,5349,50998,314
2022-10-31,Mariposa,043,17540,3139,3107,348,3455,31
2022-10-31,Mendocino,045,87422,16199,16104,4540,20644,153
2022-10-31,Merced,047,269075,73007,72606,11911,84517,870
2022-10-31,Modoc,049,8938,884,884,327,1211,11
2022-10-31,Mono,051,14174,3219,3215,264,3479,7
2022-10-31,Monterey,053,433212,94703,94425,21339,115764,769
2022-10-31,Napa,055,140530,32471,32448,1419,33867,160
2022-10-31,Nevada,057,99092,19189,19094,1915,21009,132
2022-10-31,Orange,059,3164182,672865,671141,64865,736006,7502
2022-10-31,Placer,061,380077,76621,76178,9666,85844,662
2022-10-31,Plumas,063,18699,3721,3705,443,4148,13
2022-10-31,Riverside,065,2383286,699951,698387,35884,734271,6659
2022-10-31,Sacramento,067,1510023,350535,348942,34578,383520,3346
2022-10-31,San Benito,069,59416,16459,16284,988,17272,108
2022-10-31,San Bernardino,071,2135413,675359,673959,31294,705253,8120
2022-10-31,San Diego,073,3302833,931831,929768,73182,1002950,5524
2022-10-31,San Francisco,075,870044,181651,180409,12266,192675,1066
2022-10-31,San Joaquin,077,732212,199314,198376,15187,213563,2335
2022-10-31,San Luis Obispo,079,281455,63737,63519,7255,70774,525
2022-10-31,San Mateo,081,765935,171045,169941,10570,180511,741
2022-10-31,Santa Barbara,083,443738,106646,106291,6947,113238,729
2022-10-31,Santa Clara,085,1922200,442038,435788,19472,455260,2528
2022-10-31,Santa Cruz,087,273765,64189,63885,3532,67417,274
2022-10-31,Shasta,089,179085,35268,35117,7659,42776,595
2022-10-31,Sierra,091,2930,308,308,60,368,5
2022-10-31,Siskiyou,093,43540,5198,5307,3349,8656,94
2022-10-31,Solano,095,438530,106314,105796,8002,113798,467
2022-10-31,Sonoma,097,501317,108034,107692,5352,113044,524
2022-10-31,Stanislaus,099,539301,138878,138423,21720,160143,1785
2022-10-31,Sutter,101,95872,24479,24425,2469,26894,233
2022-10-31,Tehama,103,63373,13741,13681,3118,16799,210
2022-10-31,Trinity,105,12862,1414,1398,429,1827,20
2022-10-31,Tulare,107,460477,122472,122140,36809,158949,1541
2022-10-31,Tuolumne,109,53932,15705,15658,926,16584,196
2022-10-31,Ventura,111,848112,210408,209746,15965,225711,1582
2022-10-31,Yolo,113,214977,47842,47703,4429,52132,349
2022-10-31,Yuba,115,75493,19074,19009,1740,20749,133
2022-10-30,Alameda,001,1643700,352183,350419,20033,370452,2040
2022-10-30,Alpine,003,1148,136,136,1,137,0
2022-10-30,Amador,005,37829,10058,10038,935,10973,94
2022-10-30,Butte,007,227075,39839,39707,9234,48941,457
2022-10-30,Calaveras,009,45235,8580,8561,572,9133,134
2022-10-30,Colusa,011,21464,3818,3813,1291,5104,22
2022-10-30,Contra Costa,013,1133247,254291,252398,20966,273364,1458
2022-10-30,Del Norte,015,27424,7471,7455,401,7856,56
2022-10-30,El Dorado,017,186661,32695,32513,4315,36828,231
2022-10-30,Fresno,019,978130,277078,275924,31789,307713,2885
2022-10-30,Glenn,021,27897,5558,5553,1877,7430,48
2022-10-30,Humboldt,023,135768,22155,22065,5170,27235,160
2022-10-30,Imperial,025,180216,66066,65903,16210,82113,959
2022-10-30,Inyo,027,18085,4519,4500,1036,5536,60
2022-10-30,Kern,029,883053,220504,219943,65256,285199,2425
2022-10-30,Kings,031,150075,59842,59742,4131,63873,459
2022-10-30,Lake,033,64148,12923,12868,1192,14060,148
2022-10-30,Lassen,035,31185,10006,9989,1004,10993,65
2022-10-30,Los Angeles,037,10098052,3306109,3298549,185670,3484219,33679
2022-10-30,Madera,039,155013,44276,44172,8305,52477,375
2022-10-30,Marin,041,260295,45877,45649,5348,50997,314
2022-10-30,Mariposa,043,17540,3139,3107,348,3455,31
2022-10-30,Mendocino,045,87422,16196,16104,4539,20643,153
2022-10-30,Merced,047,269075,72974,72606,11906,84512,870
2022-10-30,Modoc,049,8938,884,884,327,1211,11
2022-10-30,Mono,051,14174,3218,3215,264,3479,7
2022-10-30,Monterey,053,433212,94673,94425,21328,115753,769
2022-10-30,Napa,055,140530,32456,32448,1417,33865,160
2022-10-30,Nevada,057,99092,19183,19094,1910,21004,132
2022-10-30,Orange,059,3164182,672638,671141,64788,735929,7502
2022-10-30,Placer,061,380077,76601,76178,9664,85842,662
2022-10-30,Plumas,063,18699,3720,3705,443,4148,13
2022-10-30,Riverside,065,2383286,699732,698387,35851,734238,6659
2022-10-30,Sacramento,067,1510023,350404,348942,34543,383485,3346
2022-10-30,San Benito,069,59416,16453,16284,988,17272,108
2022-10-30,San Bernardino,071,2135413,675165,673959,31272,705231,8120
2022-10-30,San Diego,073,3302833,931476,929768,73124,1002892,5524
2022-10-30,San Francisco,075,870044,181527,180409,12256,192665,1066
2022-10-30,San Joaquin,077,732212,199245,198376,15164,213540,2335
2022-10-30,San Luis Obispo,079,281455,63724,63519,7251,70770,525
2022-10-30,San Mateo,081,765935,170956,169941,10565,180506,741
2022-10-30,Santa Barbara,083,443738,106620,106291,6942,113233,729
2022-10-30,Santa Clara,085,1922200,441804,435788,19464,455252,2528
2022-10-30,Santa Cruz,087,273765,64135,63885,3529,67414,274
2022-10-30,Shasta,089,179085,35255,35117,7654,42771,595
2022-10-30,Sierra,091,2930,308,308,60,368,5
2022-10-30,Siskiyou,093,43540,5196,5307,3348,8655,94
2022-10-30,Solano,095,438530,106254,105796,7999,113795,467
2022-10-30,Sonoma,097,501317,107997,107692,5348,113040,524
2022-10-30,Stanislaus,099,539301,138836,138423,21713,160136,1785
2022-10-30,Sutter,101,95872,24469,24425,2469,26894,233
2022-10-30,Tehama,103,63373,13732,13681,3114,16795,210
2022-10-30,Trinity,105,12862,1414,1398,428,1826,20
2022-10-30,Tulare,107,460477,122439,122140,36788,158928,1541
2022-10-30,Tuolumne,109,53932,15699,15658,925,16583,196
2022-10-30,Ventura,111,848112,210338,209746,15951,225697,1582
2022-10-30,Yolo,113,214977,47818,47703,4421,52124,349
2022-10-30,Yuba,115,75493,19066,19009,1739,20748,133
2022-10-29,Alameda,001,1643700,352073,350419,20022,370441,2040
2022-10-29,Alpine,003,1148,136,136,1,137,0
2022-10-29,Amador,005,37829,10056,10038,935,10973,94
2022-10-29,Butte,007,227075,39832,39707,9230,48937,457
2022-10-29,Calaveras,009,45235,8574,8561,572,9133,134
2022-10-29,Colusa,011,21464,3817,3813,1291,5104,22
2022-10-29,Contra Costa,013,1133247,254203,252398,20961,273359,1458
2022-10-29,Del Norte,015,27424,7471,7455,401,7856,56
2022-10-29,El Dorado,017,186661,32689,32513,4313,36826,231
2022-10-29,Fresno,019,978130,277029,275924,31779,307703,2885
2022-10-29,Glenn,021,27897,5557,5553,1877,7430,48
2022-10-29,Humboldt,023,135768,22149,22065,5169,27234,160
2022-10-29,Imperial,025,180216,66055,65903,16194,82097,959
2022-10-29,Inyo,027,18085,4519,4500,1035,5535,60
2022-10-29,Kern,029,883053,220473,219943,65231,285174,2425
2022-10-29,Kings,031,150075,59834,59742,4131,63873,459
2022-10-29,Lake,033,64148,12919,12868,1192,14060,148
2022-10-29,Lassen,035,31185,10006,9989,1004,10993,65
2022-10-29,Los Angeles,037,10098052,3305482,3298549,185556,3484105,33679
2022-10-29,Madera,039,155013,44271,44172,8305,52477,375
2022-10-29,Marin,041,260295,45859,45649,5347,50996,314
2022-10-29,Mariposa,043,17540,3139,3107,348,3455,31
2022-10-29,Mendocino,045,87422,16195,16104,4539,20643,153
2022-10-29,Merced,047,269075,72960,72606,11905,84511,870
2022-10-29,Modoc,049,8938,884,884,327,1211,11
2022-10-29,Mono,051,14174,3218,3215,264,3479,7
2022-10-29,Monterey,053,433212,94660,94425,21321,115746,769
2022-10-29,Napa,055,140530,32446,32448,1417,33865,160
2022-10-29,Nevada,057,99092,19177,19094,1909,21003,132
2022-10-29,Orange,059,3164182,672545,671141,64749,735890,7502
2022-10-29,Placer,061,380077,76586,76178,9661,85839,662
2022-10-29,Plumas,063,18699,3720,3705,443,4148,13
2022-10-29,Riverside,065,2383286,699619,698387,35831,734218,6659
2022-10-29,Sacramento,067,1510023,350336,348942,34530,383472,3346
2022-10-29,San Benito,069,59416,16449,16284,988,17272,108
2022-10-29,San Bernardino,071,2135413,675058,673959,31262,705221,8120
2022-10-29,San Diego,073,3302833,931320,929768,73112,1002880,5524
2022-10-29,San Francisco,075,870044,181460,180409,12254,192663,1066
2022-10-29,San Joaquin,077,732212,199211,198376,15155,213531,2335
2022-10-29,San Luis Obispo,079,281455,63721,63519,7249,70768,525
2022-10-29,San Mateo,081,765935,170901,169941,10564,180505,741
2022-10-29,Santa Barbara,083,443738,106601,106291,6939,113230,729
2022-10-29,Santa Clara,085,1922200,441669,435788,19454,455242,2528
2022-10-29,Santa Cruz,087,273765,64121,63885,3527,67412,274
2022-10-29,Shasta,089,179085,35248,35117,7651,42768,595
2022-10-29,Sierra,091,2930,308,308,60,368,5
2022-10-29,Siskiyou,093,43540,5195,5307,3346,8653,94
2022-10-29,Solano,095,438530,106221,105796,7995,113791,467
2022-10-29,Sonoma,097,501317,107979,107692,5346,113038,524
2022-10-29,Stanislaus,099,539301,138801,138423,21707,160130,1785
2022-10-29,Sutter,101,95872,24463,24425,2469,26894,233
2022-10-29,Tehama,103,63373,13729,13681,3110,16791,210
2022-10-29,Trinity,105,12862,1410,1398,426,1824,20
2022-10-29,Tulare,107,460477,122419,122140,36773,158913,1541
2022-10-29,Tuolumne,109,53932,15693,15658,925,16583,196
2022-10-29,Ventura,111,848112,210296,209746,15937,225683,1582
2022-10-29,Yolo,113,214977,47805,47703,4420,52123,349
2022-10-29,Yuba,115,75493,19063,19009,1739,20748,133
2022-10-28,Alameda,001,1643700,351983,350419,20017,370436,2040
2022-10-28,Alpine,003,1148,136,136,1,137,0
2022-10-28,Amador,005,37829,10051,10038,934,10972,94
2022-10-28,Butte,007,227075,39826,39707,9227,48934,457
2022-10-28,Calaveras,009,45235,8574,8561,572,9133,134
2022-10-28,Colusa,011,21464,3817,3813,1291,5104,22
2022-10-28,Contra Costa,013,1133247,254119,252398,20956,273354,1458
2022-10-28,Del Norte,015,27424,7470,7455,401,7856,56
2022-10-28,El Dorado,017,186661,32679,32513,4311,36824,231
2022-10-28,Fresno,019,978130,276981,275924,31772,307696,2885
2022-10-28,Glenn,021,27897,5556,5553,1875,7428,48
2022-10-28,Humboldt,023,135768,22144,22065,5168,27233,160
2022-10-28,Imperial,025,180216,66040,65903,16186,82089,959
2022-10-28,Inyo,027,18085,4516,4500,1035,5535,60
2022-10-28,Kern,029,883053,220446,219943,65222,285165,2425
2022-10-28,Kings,031,150075,59832,59742,4131,63873,459
2022-10-28,Lake,033,64148,12917,12868,1192,14060,148
2022-10-28,Lassen,035,31185,10006,9989,1004,10993,65
2022-10-28,Los Angeles,037,10098052,3304853,3298549,185430,3483979,33679
2022-10-28,Madera,039,155013,44263,44172,8302,52474,375
2022-10-28,Marin,041,260295,45847,45649,5347,50996,314
2022-10-28,Mariposa,043,17540,3136,3107,348,3455,31
2022-10-28,Mendocino,045,87422,16192,16104,4536,20640,153
2022-10-28,Merced,047,269075,72948,72606,11903,84509,870
2022-10-28,Modoc,049,8938,884,884,327,1211,11
2022-10-28,Mono,051,14174,3218,3215,264,3479,7
2022-10-28,Monterey,053,433212,94647,94425,21312,115737,769
2022-10-28,Napa,055,140530,32438,32448,1417,33865,160
2022-10-28,Nevada,057,99092,19174,19094,1908,21002,132
2022-10-28,Orange,059,3164182,672436,671141,64691,735832,7502
2022-10-28,Placer,061,380077,76574,76178,9659,85837,662
2022-10-28,Plumas,063,18699,3720,3705,443,4148,13
2022-10-28,Riverside,065,2383286,699503,698387,35818,734205,6659
2022-10-28,Sacramento,067,1510023,350236,348942,34523,383465,3346
2022-10-28,San Benito,069,59416,16445,16284,988,17272,108
2022-10-28,San Bernardino,071,2135413,674944,673959,31255,705214,8120
2022-10-28,San Diego,073,3302833,931137,929768,73098,1002866,5524
2022-10-28,San Francisco,075,870044,181404,180409,12249,192658,1066
2022-10-28,San Joaquin,077,732212,199183,198376,15151,213527,2335
2022-10-28,San Luis Obispo,079,281455,63716,63519,7248,70767,525
2022-10-28,San Mateo,081,765935,170844,169941,10561,180502,741
2022-10-28,Santa Barbara,083,443738,106587,106291,6939,113230,729
2022-10-28,Santa Clara,085,1922200,441523,435788,19444,455232,2528
2022-10-28,Santa Cruz,087,273765,64106,63885,3525,67410,274
2022-10-28,Shasta,089,179085,35242,35117,7646,42763,595
2022-10-28,Sierra,091,2930,308,308,60,368,5
2022-10-28,Siskiyou,093,43540,5191,5307,3344,8651,94
2022-10-28,Solano,095,438530,106194,105796,7994,113790,467
2022-10-28,Sonoma,097,501317,107958,107692,5346,113038,524
2022-10-28,Stanislaus,099,539301,138770,138423,21705,160128,1785
2022-10-28,Sutter,101,95872,24454,24425,2468,26893,233
2022-10-28,Tehama,103,63373,13726,13681,3109,16790,210
2022-10-28,Trinity,105,12862,1407,1398,425,1823,20
2022-10-28,Tulare,107,460477,122396,122140,36763,158903,1541
2022-10-28,Tuolumne,109,53932,15691,15658,925,16583,196
2022-10-28,Ventura,111,848112,210256,209746,15930,225676,1582
2022-10-28,Yolo,113,214977,47794,47703,4420,52123,349
2022-10-28,Yuba,115,75493,19057,19009,1738,20747,133
2022-10-27,Alameda,001,1643700,351849,350419,20003,370422,2040
2022-10-27,Alpine,003,1148,136,136,1,137,0
2022-10-27,Amador,005,37829,10050,10038,934,10972,94
2022-10-27,Butte,007,227075,39819,39707,9223,48930,457
2022-10-27,Calaveras,009,45235,8572,8561,571,9132,134
2022-10-27,Colusa,011,21464,3814,3813,1291,5104,22
2022-10-27,Contra Costa,013,1133247,254020,252398,20949,273347,1458
2022-10-27,Del Norte,015,27424,7465,7455,401,7856,56
2022-10-27,El Dorado,017,186661,32661,32513,4311,36824,231
2022-10-27,Fresno,019,978130,276915,275924,31767,307691,2885
2022-10-27,Glenn,021,27897,5553,5553,1875,7428,48
2022-10-27,Humboldt,023,135768,22135,22065,5168,27233,160
2022-10-27,Imperial,025,180216,66027,65903,16174,82077,959
2022-10-27,Inyo,027,18085,4514,4500,1035,5535,60
2022-10-27,Kern,029,883053,220383,219943,65190,285133,2425
2022-10-27,Kings,031,150075,59774,59742,4131,63873,459
2022-10-27,Lake,033,64148,12911,12868,1191,14059,148
2022-10-27,Lassen,035,31185,10004,9989,1003,10992,65
2022-10-27,Los Angeles,037,10098052,3303988,3298549,185281,3483830,33679
2022-10-27,Madera,039,155013,44253,44172,8299,52471,375
2022-10-27,Marin,041,260295,45830,45649,5347,50996,314
2022-10-27,Mariposa,043,17540,3135,3107,348,3455,31
2022-10-27,Mendocino,045,87422,16189,16104,4535,20639,153
2022-10-27,Merced,047,269075,72939,72606,11898,84504,870
2022-10-27,Modoc,049,8938,884,884,327,1211,11
2022-10-27,Mono,051,14174,3218,3215,264,3479,7
2022-10-27,Monterey,053,433212,94626,94425,21296,115721,769
2022-10-27,Napa,055,140530,32432,32448,1415,33863,160
2022-10-27,Nevada,057,99092,19168,19094,1905,20999,132
2022-10-27,Orange,059,3164182,672260,671141,64647,735788,7502
2022-10-27,Placer,061,380077,76561,76178,9654,85832,662
2022-10-27,Plumas,063,18699,3720,3705,443,4148,13
2022-10-27,Riverside,065,2383286,699371,698387,35794,734181,6659
2022-10-27,Sacramento,067,1510023,350103,348942,34506,383448,3346
2022-10-27,San Benito,069,59416,16444,16284,988,17272,108
2022-10-27,San Bernardino,071,2135413,674811,673959,31245,705204,8120
2022-10-27,San Diego,073,3302833,930892,929768,73068,1002836,5524
2022-10-27,San Francisco,075,870044,181316,180409,12239,192648,1066
2022-10-27,San Joaquin,077,732212,199150,198376,15142,213518,2335
2022-10-27,San Luis Obispo,079,281455,63703,63519,7246,70765,525
2022-10-27,San Mateo,081,765935,170756,169941,10558,180499,741
2022-10-27,Santa Barbara,083,443738,106557,106291,6938,113229,729
2022-10-27,Santa Clara,085,1922200,441351,435788,19434,455222,2528
2022-10-27,Santa Cruz,087,273765,64086,63885,3522,67407,274
2022-10-27,Shasta,089,179085,35233,35117,7639,42756,595
2022-10-27,Sierra,091,2930,308,308,60,368,5
2022-10-27,Siskiyou,093,43540,5187,5307,3343,8650,94
2022-10-27,Solano,095,438530,106154,105796,7992,113788,467
2022-10-27,Sonoma,097,501317,107929,107692,5346,113038,524
2022-10-27,Stanislaus,099,539301,138731,138423,21701,160124,1785
2022-10-27,Sutter,101,95872,24446,24425,2467,26892,233
2022-10-27,Tehama,103,63373,13725,13681,3109,16790,210
2022-10-27,Trinity,105,12862,1404,1398,422,1820,20
2022-10-27,Tulare,107,460477,122380,122140,36741,158881,1541
2022-10-27,Tuolumne,109,53932,15688,15658,925,16583,196
2022-10-27,Ventura,111,848112,210196,209746,15923,225669,1582
2022-10-27,Yolo,113,214977,47792,47703,4418,52121,349
2022-10-27,Yuba,115,75493,19052,19009,1737,20746,133
2022-10-26,Alameda,001,1643700,351679,350419,19987,370406,2040
2022-10-26,Alpine,003,1148,136,136,1,137,0
2022-10-26,Amador,005,37829,10049,10038,934,10972,94
2022-10-26,Butte,007,227075,39808,39707,9215,48922,457
2022-10-26,Calaveras,009,45235,8571,8561,570,9131,134
2022-10-26,Colusa,011,21464,3811,3813,1291,5104,22
2022-10-26,Contra Costa,013,1133247,253927,252398,20944,273342,1458
2022-10-26,Del Norte,015,27424,7464,7455,401,7856,56
2022-10-26,El Dorado,017,186661,32639,32513,4310,36823,231
2022-10-26,Fresno,019,978130,276863,275924,31747,307671,2885
2022-10-26,Glenn,021,27897,5553,5553,1874,7427,48
2022-10-26,Humboldt,023,135768,22130,22065,5161,27226,160
2022-10-26,Imperial,025,180216,66007,65903,16162,82065,959
2022-10-26,Inyo,027,18085,4513,4500,1033,5533,60
2022-10-26,Kern,029,883053,220345,219943,65162,285105,2425
2022-10-26,Kings,031,150075,59769,59742,4131,63873,459
2022-10-26,Lake,033,64148,12909,12868,1191,14059,148
2022-10-26,Lassen,035,31185,9999,9989,1002,10991,65
2022-10-26,Los Angeles,037,10098052,3303065,3298549,185136,3483685,33679
2022-10-26,Madera,039,155013,44245,44172,8297,52469,375
2022-10-26,Marin,041,260295,45817,45649,5345,50994,314
2022-10-26,Mariposa,043,17540,3134,3107,348,3455,31
2022-10-26,Mendocino,045,87422,16187,16104,4533,20637,153
2022-10-26,Merced,047,269075,72923,72606,11894,84500,870
2022-10-26,Modoc,049,8938,884,884,327,1211,11
2022-10-26,Mono,051,14174,3218,3215,264,3479,7
2022-10-26,Monterey,053,433212,94601,94425,21285,115710,769
2022-10-26,Napa,055,140530,32425,32448,1415,33863,160
2022-10-26,Nevada,057,99092,19165,19094,1897,20991,132
2022-10-26,Orange,059,3164182,672075,671141,64586,735727,7502
2022-10-26,Placer,061,380077,76539,76178,9649,85827,662
2022-10-26,Plumas,063,18699,3718,3705,443,4148,13
2022-10-26,Riverside,065,2383286,699227,698387,35770,734157,6659
2022-10-26,Sacramento,067,1510023,350031,348942,34487,383429,3346
2022-10-26,San Benito,069,59416,16439,16284,988,17272,108
2022-10-26,San Bernardino,071,2135413,674645,673959,31236,705195,8120
2022-10-26,San Diego,073,3302833,930607,929768,73025,1002793,5524
2022-10-26,San Francisco,075,870044,181239,180409,12235,192644,1066
2022-10-26,San Joaquin,077,732212,199098,198376,15130,213506,2335
2022-10-26,San Luis Obispo,079,281455,63688,63519,7244,70763,525
2022-10-26,San Mateo,081,765935,170669,169941,10553,180494,741
2022-10-26,Santa Barbara,083,443738,106523,106291,6933,113224,729
2022-10-26,Santa Clara,085,1922200,441175,435788,19415,455203,2528
2022-10-26,Santa Cruz,087,273765,64060,63885,3521,67406,274
2022-10-26,Shasta,089,179085,35225,35117,7634,42751,595
2022-10-26,Sierra,091,2930,308,308,60,368,5
2022-10-26,Siskiyou,093,43540,5185,5307,3342,8649,94
2022-10-26,Solano,095,438530,106097,105796,7991,113787,467
2022-10-26,Sonoma,097,501317,107903,107692,5341,113033,524
2022-10-26,Stanislaus,099,539301,138699,138423,21696,160119,1785
2022-10-26,Sutter,101,95872,24436,24425,2467,26892,233
2022-10-26,Tehama,103,63373,13720,13681,3109,16790,210
2022-10-26,Trinity,105,12862,1398,1398,420,1818,20
2022-10-26,Tulare,107,460477,122364,122140,36724,158864,1541
2022-10-26,Tuolumne,109,53932,15682,15658,925,16583,196
2022-10-26,Ventura,111,848112,210133,209746,15916,225662,1582
2022-10-26,Yolo,113,214977,47783,47703,4415,52118,349
2022-10-26,Yuba,115,75493,19045,19009,1737,20746,133
2022-10-25,Alameda,001,1643700,351527,350419,19969,370388,2040
2022-10-25,Alpine,003,1148,136,136,1,137,0
2022-10-25,Amador,005,37829,10047,10038,934,10972,94
2022-10-25,Butte,007,227075,39792,39707,9215,48922,457
2022-10-25,Calaveras,009,45235,8569,8561,570,9131,134
2022-10-25,Colusa,011,21464,3810,3813,1291,5104,22
2022-10-25,Contra Costa,013,1133247,253820,252398,20936,273334,1458
2022-10-25,Del Norte,015,27424,7463,7455,401,7856,56
2022-10-25,El Dorado,017,186661,32618,32513,4308,36821,231
2022-10-25,Fresno,019,978130,276807,275924,31732,307656,2885
2022-10-25,Glenn,021,27897,5551,5553,1874,7427,48
2022-10-25,Humboldt,023,135768,22123,22065,5158,27223,160
2022-10-25,Imperial,025,180216,65986,65903,16155,82058,959
2022-10-25,Inyo,027,18085,4513,4500,1032,5532,60
2022-10-25,Kern,029,883053,220295,219943,65121,285064,2425
2022-10-25,Kings,031,150075,59754,59742,4130,63872,459
2022-10-25,Lake,033,64148,12906,12868,1191,14059,148
2022-10-25,Lassen,035,31185,9992,9989,1002,10991,65
2022-10-25,Los Angeles,037,10098052,3302178,3298549,184993,3483542,33679
2022-10-25,Madera,039,155013,44236,44172,8293,52465,375
2022-10-25,Marin,041,260295,45790,45649,5343,50992,314
2022-10-25,Mariposa,043,17540,3133,3107,348,3455,31
2022-10-25,Mendocino,045,87422,16180,16104,4532,20636,153
2022-10-25,Merced,047,269075,72907,72606,11891,84497,870
2022-10-25,Modoc,049,8938,884,884,326,1210,11
2022-10-25,Mono,051,14174,3218,3215,263,3478,7
2022-10-25,Monterey,053,433212,94576,94425,21273,115698,769
2022-10-25,Napa,055,140530,32422,32448,1414,33862,160
2022-10-25,Nevada,057,99092,19161,19094,1894,20988,132
2022-10-25,Orange,059,3164182,671900,671141,64524,735665,7502
2022-10-25,Placer,061,380077,76505,76178,9645,85823,662
2022-10-25,Plumas,063,18699,3717,3705,443,4148,13
2022-10-25,Riverside,065,2383286,699058,698387,35757,734144,6659
2022-10-25,Sacramento,067,1510023,349923,348942,34449,383391,3346
2022-10-25,San Benito,069,59416,16432,16284,986,17270,108
2022-10-25,San Bernardino,071,2135413,674504,673959,31226,705185,8120
2022-10-25,San Diego,073,3302833,930337,929768,72968,1002736,5524
2022-10-25,San Francisco,075,870044,181151,180409,12224,192633,1066
2022-10-25,San Joaquin,077,732212,199040,198376,15123,213499,2335
2022-10-25,San Luis Obispo,079,281455,63668,63519,7241,70760,525
2022-10-25,San Mateo,081,765935,170598,169941,10551,180492,741
2022-10-25,Santa Barbara,083,443738,106488,106291,6927,113218,729
2022-10-25,Santa Clara,085,1922200,440982,435788,19405,455193,2528
2022-10-25,Santa Cruz,087,273765,64025,63885,3517,67402,274
2022-10-25,Shasta,089,179085,35219,35117,7628,42745,595
2022-10-25,Sierra,091,2930,308,308,60,368,5
2022-10-25,Siskiyou,093,43540,5183,5307,3338,8645,94
2022-10-25,Solano,095,438530,106052,105796,7985,113781,467
2022-10-25,Sonoma,097,501317,107860,107692,5340,113032,524
2022-10-25,Stanislaus,099,539301,138670,138423,21686,160109,1785
2022-10-25,Sutter,101,95872,24429,24425,2467,26892,233
2022-10-25,Tehama,103,63373,13717,13681,3108,16789,210
2022-10-25,Trinity,105,12862,1398,1398,416,1814,20
2022-10-25,Tulare,107,460477,122339,122140,36707,158847,1541
2022-10-25,Tuolumne,109,53932,15681,15658,925,16583,196
2022-10-25,Ventura,111,848112,210084,209746,15904,225650,1582
2022-10-25,Yolo,113,214977,47772,47703,4406,52109,349
2022-10-25,Yuba,115,75493,19038,19009,1737,20746,133
2022-10-24,Alameda,001,1643700,351370,349337,19959,369296,2031
2022-10-24,Alpine,003,1148,136,136,1,137,0
2022-10-24,Amador,005,37829,10045,10025,933,10958,94
2022-10-24,Butte,007,227075,39778,39607,9212,48819,456
2022-10-24,Calaveras,009,45235,8569,8541,569,9110,135
2022-10-24,Colusa,011,21464,3808,3807,1291,5098,22
2022-10-24,Contra Costa,013,1133247,253703,251722,20929,272651,1444
2022-10-24,Del Norte,015,27424,7458,7450,401,7851,56
2022-10-24,El Dorado,017,186661,32605,32443,4307,36750,232
2022-10-24,Fresno,019,978130,276744,275502,31709,307211,2893
2022-10-24,Glenn,021,27897,5550,5543,1874,7417,48
2022-10-24,Humboldt,023,135768,22117,21979,5151,27130,160
2022-10-24,Imperial,025,180216,65966,65801,16146,81947,961
2022-10-24,Inyo,027,18085,4512,4497,1029,5526,60
2022-10-24,Kern,029,883053,220245,219679,65088,284767,2424
2022-10-24,Kings,031,150075,59736,59632,4130,63762,460
2022-10-24,Lake,033,64148,12901,12847,1191,14038,148
2022-10-24,Lassen,035,31185,9992,9977,1002,10979,65
2022-10-24,Los Angeles,037,10098052,3301182,3289814,184822,3474636,33533
2022-10-24,Madera,039,155013,44231,44121,8292,52413,375
2022-10-24,Marin,041,260295,45761,45521,5343,50864,314
2022-10-24,Mariposa,043,17540,3131,3096,346,3442,31
2022-10-24,Mendocino,045,87422,16176,16059,4529,20588,136
2022-10-24,Merced,047,269075,72894,72442,11888,84330,869
2022-10-24,Modoc,049,8938,883,883,326,1209,11
2022-10-24,Mono,051,14174,3218,3212,262,3474,7
2022-10-24,Monterey,053,433212,94554,94275,21258,115533,768
2022-10-24,Napa,055,140530,32418,32395,1414,33809,160
2022-10-24,Nevada,057,99092,19153,19056,1884,20940,132
2022-10-24,Orange,059,3164182,671716,669923,64480,734403,7536
2022-10-24,Placer,061,380077,76474,76022,9642,85664,662
2022-10-24,Plumas,063,18699,3716,3691,442,4133,13
2022-10-24,Riverside,065,2383286,698925,697500,35732,733232,6569
2022-10-24,Sacramento,067,1510023,349805,348260,34423,382683,3337
2022-10-24,San Benito,069,59416,16426,16251,985,17236,107
2022-10-24,San Bernardino,071,2135413,674337,673189,31213,704402,8152
2022-10-24,San Diego,073,3302833,930061,928182,72915,1001097,5517
2022-10-24,San Francisco,075,870044,181045,179967,12221,192188,1056
2022-10-24,San Joaquin,077,732212,198984,198041,15101,213142,2336
2022-10-24,San Luis Obispo,079,281455,63656,63410,7240,70650,525
2022-10-24,San Mateo,081,765935,170537,169484,10547,180031,732
2022-10-24,Santa Barbara,083,443738,106465,106125,6926,113051,726
2022-10-24,Santa Clara,085,1922200,440779,434684,19393,454077,2523
2022-10-24,Santa Cruz,087,273765,64002,63592,3515,67107,275
2022-10-24,Shasta,089,179085,35204,35031,7617,42648,595
2022-10-24,Sierra,091,2930,308,305,60,365,5
2022-10-24,Siskiyou,093,43540,5181,5298,3338,8636,94
2022-10-24,Solano,095,438530,106004,105561,7984,113545,466
2022-10-24,Sonoma,097,501317,107829,107436,5340,112776,527
2022-10-24,Stanislaus,099,539301,138643,138223,21683,159906,1785
2022-10-24,Sutter,101,95872,24424,24393,2467,26860,233
2022-10-24,Tehama,103,63373,13715,13647,3107,16754,209
2022-10-24,Trinity,105,12862,1397,1396,415,1811,20
2022-10-24,Tulare,107,460477,122318,122035,36690,158725,1540
2022-10-24,Tuolumne,109,53932,15678,15626,925,16551,196
2022-10-24,Ventura,111,848112,210034,209427,15899,225326,1571
2022-10-24,Yolo,113,214977,47761,47611,4404,52015,346
2022-10-24,Yuba,115,75493,19029,18969,1737,20706,130
2022-10-23,Alameda,001,1643700,351177,349337,19940,369277,2031
2022-10-23,Alpine,003,1148,136,136,1,137,0
2022-10-23,Amador,005,37829,10044,10025,933,10958,94
2022-10-23,Butte,007,227075,39766,39607,9210,48817,456
2022-10-23,Calaveras,009,45235,8564,8541,569,9110,135
2022-10-23,Colusa,011,21464,3808,3807,1289,5096,22
2022-10-23,Contra Costa,013,1133247,253595,251722,20917,272639,1444
2022-10-23,Del Norte,015,27424,7457,7450,401,7851,56
2022-10-23,El Dorado,017,186661,32592,32443,4305,36748,232
2022-10-23,Fresno,019,978130,276680,275502,31694,307196,2893
2022-10-23,Glenn,021,27897,5548,5543,1872,7415,48
2022-10-23,Humboldt,023,135768,22109,21979,5144,27123,160
2022-10-23,Imperial,025,180216,65954,65801,16128,81929,961
2022-10-23,Inyo,027,18085,4510,4497,1029,5526,60
2022-10-23,Kern,029,883053,220193,219679,65016,284695,2424
2022-10-23,Kings,031,150075,59718,59632,4127,63759,460
2022-10-23,Lake,033,64148,12900,12847,1191,14038,148
2022-10-23,Lassen,035,31185,9989,9977,1001,10978,65
2022-10-23,Los Angeles,037,10098052,3300225,3289814,184625,3474439,33533
2022-10-23,Madera,039,155013,44219,44121,8290,52411,375
2022-10-23,Marin,041,260295,45746,45521,5341,50862,314
2022-10-23,Mariposa,043,17540,3128,3096,345,3441,31
2022-10-23,Mendocino,045,87422,16169,16059,4528,20587,136
2022-10-23,Merced,047,269075,72886,72442,11884,84326,869
2022-10-23,Modoc,049,8938,883,883,326,1209,11
2022-10-23,Mono,051,14174,3218,3212,261,3473,7
2022-10-23,Monterey,053,433212,94534,94275,21243,115518,768
2022-10-23,Napa,055,140530,32400,32395,1414,33809,160
2022-10-23,Nevada,057,99092,19141,19056,1882,20938,132
2022-10-23,Orange,059,3164182,671495,669923,64409,734332,7536
2022-10-23,Placer,061,380077,76444,76022,9638,85660,662
2022-10-23,Plumas,063,18699,3715,3691,441,4132,13
2022-10-23,Riverside,065,2383286,698746,697500,35712,733212,6569
2022-10-23,Sacramento,067,1510023,349661,348260,34402,382662,3337
2022-10-23,San Benito,069,59416,16419,16251,984,17235,107
2022-10-23,San Bernardino,071,2135413,674202,673189,31196,704385,8152
2022-10-23,San Diego,073,3302833,929712,928182,72873,1001055,5517
2022-10-23,San Francisco,075,870044,180937,179967,12213,192180,1056
2022-10-23,San Joaquin,077,732212,198924,198041,15089,213130,2336
2022-10-23,San Luis Obispo,079,281455,63642,63410,7232,70642,525
2022-10-23,San Mateo,081,765935,170448,169484,10544,180028,732
2022-10-23,Santa Barbara,083,443738,106425,106125,6923,113048,726
2022-10-23,Santa Clara,085,1922200,440559,434684,19370,454054,2523
2022-10-23,Santa Cruz,087,273765,63948,63592,3512,67104,275
2022-10-23,Shasta,089,179085,35191,35031,7606,42637,595
2022-10-23,Sierra,091,2930,308,305,60,365,5
2022-10-23,Siskiyou,093,43540,5179,5298,3335,8633,94
2022-10-23,Solano,095,438530,105953,105561,7980,113541,466
2022-10-23,Sonoma,097,501317,107770,107436,5336,112772,527
2022-10-23,Stanislaus,099,539301,138601,138223,21679,159902,1785
2022-10-23,Sutter,101,95872,24418,24393,2467,26860,233
2022-10-23,Tehama,103,63373,13709,13647,3107,16754,209
2022-10-23,Trinity,105,12862,1397,1396,412,1808,20
2022-10-23,Tulare,107,460477,122289,122035,36666,158701,1540
2022-10-23,Tuolumne,109,53932,15675,15626,924,16550,196
2022-10-23,Ventura,111,848112,209983,209427,15886,225313,1571
2022-10-23,Yolo,113,214977,47743,47611,4393,52004,346
2022-10-23,Yuba,115,75493,19023,18969,1736,20705,130
2022-10-22,Alameda,001,1643700,351077,349337,19934,369271,2031
2022-10-22,Alpine,003,1148,136,136,1,137,0
2022-10-22,Amador,005,37829,10042,10025,933,10958,94
2022-10-22,Butte,007,227075,39760,39607,9205,48812,456
2022-10-22,Calaveras,009,45235,8561,8541,569,9110,135
2022-10-22,Colusa,011,21464,3808,3807,1288,5095,22
2022-10-22,Contra Costa,013,1133247,253530,251722,20910,272632,1444
2022-10-22,Del Norte,015,27424,7456,7450,401,7851,56
2022-10-22,El Dorado,017,186661,32585,32443,4304,36747,232
2022-10-22,Fresno,019,978130,276642,275502,31690,307192,2893
2022-10-22,Glenn,021,27897,5547,5543,1872,7415,48
2022-10-22,Humboldt,023,135768,22104,21979,5142,27121,160
2022-10-22,Imperial,025,180216,65940,65801,16121,81922,961
2022-10-22,Inyo,027,18085,4509,4497,1027,5524,60
2022-10-22,Kern,029,883053,220174,219679,64986,284665,2424
2022-10-22,Kings,031,150075,59709,59632,4126,63758,460
2022-10-22,Lake,033,64148,12898,12847,1190,14037,148
2022-10-22,Lassen,035,31185,9989,9977,1000,10977,65
2022-10-22,Los Angeles,037,10098052,3299708,3289814,184536,3474350,33533
2022-10-22,Madera,039,155013,44211,44121,8289,52410,375
2022-10-22,Marin,041,260295,45726,45521,5337,50858,314
2022-10-22,Mariposa,043,17540,3128,3096,345,3441,31
2022-10-22,Mendocino,045,87422,16168,16059,4528,20587,136
2022-10-22,Merced,047,269075,72876,72442,11884,84326,869
2022-10-22,Modoc,049,8938,883,883,326,1209,11
2022-10-22,Mono,051,14174,3217,3212,261,3473,7
2022-10-22,Monterey,053,433212,94522,94275,21234,115509,768
2022-10-22,Napa,055,140530,32396,32395,1414,33809,160
2022-10-22,Nevada,057,99092,19137,19056,1882,20938,132
2022-10-22,Orange,059,3164182,671404,669923,64365,734288,7536
2022-10-22,Placer,061,380077,76424,76022,9633,85655,662
2022-10-22,Plumas,063,18699,3715,3691,441,4132,13
2022-10-22,Riverside,065,2383286,698651,697500,35694,733194,6569
2022-10-22,Sacramento,067,1510023,349586,348260,34392,382652,3337
2022-10-22,San Benito,069,59416,16411,16251,984,17235,107
2022-10-22,San Bernardino,071,2135413,674123,673189,31190,704379,8152
2022-10-22,San Diego,073,3302833,929581,928182,72850,1001032,5517
2022-10-22,San Francisco,075,870044,180886,179967,12210,192177,1056
2022-10-22,San Joaquin,077,732212,198900,198041,15082,213123,2336
2022-10-22,San Luis Obispo,079,281455,63638,63410,7231,70641,525
2022-10-22,San Mateo,081,765935,170393,169484,10540,180024,732
2022-10-22,Santa Barbara,083,443738,106412,106125,6920,113045,726
2022-10-22,Santa Clara,085,1922200,440427,434684,19360,454044,2523
2022-10-22,Santa Cruz,087,273765,63935,63592,3512,67104,275
2022-10-22,Shasta,089,179085,35186,35031,7602,42633,595
2022-10-22,Sierra,091,2930,308,305,60,365,5
2022-10-22,Siskiyou,093,43540,5175,5298,3335,8633,94
2022-10-22,Solano,095,438530,105932,105561,7980,113541,466
2022-10-22,Sonoma,097,501317,107757,107436,5335,112771,527
2022-10-22,Stanislaus,099,539301,138583,138223,21676,159899,1785
2022-10-22,Sutter,101,95872,24416,24393,2467,26860,233
2022-10-22,Tehama,103,63373,13705,13647,3105,16752,209
2022-10-22,Trinity,105,12862,1397,1396,412,1808,20
2022-10-22,Tulare,107,460477,122278,122035,36655,158690,1540
2022-10-22,Tuolumne,109,53932,15673,15626,924,16550,196
2022-10-22,Ventura,111,848112,209958,209427,15881,225308,1571
2022-10-22,Yolo,113,214977,47733,47611,4393,52004,346
2022-10-22,Yuba,115,75493,19016,18969,1736,20705,130
2022-10-21,Alameda,001,1643700,350997,349337,19926,369263,2031
2022-10-21,Alpine,003,1148,136,136,1,137,0
2022-10-21,Amador,005,37829,10041,10025,933,10958,94
2022-10-21,Butte,007,227075,39748,39607,9200,48807,456
2022-10-21,Calaveras,009,45235,8561,8541,569,9110,135
2022-10-21,Colusa,011,21464,3807,3807,1288,5095,22
2022-10-21,Contra Costa,013,1133247,253465,251722,20902,272624,1444
2022-10-21,Del Norte,015,27424,7456,7450,401,7851,56
2022-10-21,El Dorado,017,186661,32575,32443,4302,36745,232
2022-10-21,Fresno,019,978130,276606,275502,31685,307187,2893
2022-10-21,Glenn,021,27897,5547,5543,1871,7414,48
2022-10-21,Humboldt,023,135768,22096,21979,5139,27118,160
2022-10-21,Imperial,025,180216,65935,65801,16115,81916,961
2022-10-21,Inyo,027,18085,4509,4497,1027,5524,60
2022-10-21,Kern,029,883053,220153,219679,64966,284645,2424
2022-10-21,Kings,031,150075,59704,59632,4126,63758,460
2022-10-21,Lake,033,64148,12897,12847,1190,14037,148
2022-10-21,Lassen,035,31185,9987,9977,1000,10977,65
2022-10-21,Los Angeles,037,10098052,3299149,3289814,184413,3474227,33533
2022-10-21,Madera,039,155013,44204,44121,8286,52407,375
2022-10-21,Marin,041,260295,45706,45521,5335,50856,314
2022-10-21,Mariposa,043,17540,3127,3096,345,3441,31
2022-10-21,Mendocino,045,87422,16161,16059,4528,20587,136
2022-10-21,Merced,047,269075,72870,72442,11883,84325,869
2022-10-21,Modoc,049,8938,883,883,326,1209,11
2022-10-21,Mono,051,14174,3217,3212,261,3473,7
2022-10-21,Monterey,053,433212,94506,94275,21232,115507,768
2022-10-21,Napa,055,140530,32394,32395,1414,33809,160
2022-10-21,Nevada,057,99092,19133,19056,1881,20937,132
2022-10-21,Orange,059,3164182,671285,669923,64327,734250,7536
2022-10-21,Placer,061,380077,76403,76022,9628,85650,662
2022-10-21,Plumas,063,18699,3714,3691,441,4132,13
2022-10-21,Riverside,065,2383286,698561,697500,35681,733181,6569
2022-10-21,Sacramento,067,1510023,349514,348260,34386,382646,3337
2022-10-21,San Benito,069,59416,16409,16251,983,17234,107
2022-10-21,San Bernardino,071,2135413,674047,673189,31182,704371,8152
2022-10-21,San Diego,073,3302833,929430,928182,72828,1001010,5517
2022-10-21,San Francisco,075,870044,180847,179967,12206,192173,1056
2022-10-21,San Joaquin,077,732212,198873,198041,15078,213119,2336
2022-10-21,San Luis Obispo,079,281455,63630,63410,7231,70641,525
2022-10-21,San Mateo,081,765935,170350,169484,10537,180021,732
2022-10-21,Santa Barbara,083,443738,106398,106125,6920,113045,726
2022-10-21,Santa Clara,085,1922200,440295,434684,19351,454035,2523
2022-10-21,Santa Cruz,087,273765,63920,63592,3512,67104,275
2022-10-21,Shasta,089,179085,35179,35031,7595,42626,595
2022-10-21,Sierra,091,2930,308,305,60,365,5
2022-10-21,Siskiyou,093,43540,5175,5298,3335,8633,94
2022-10-21,Solano,095,438530,105909,105561,7979,113540,466
2022-10-21,Sonoma,097,501317,107733,107436,5333,112769,527
2022-10-21,Stanislaus,099,539301,138568,138223,21674,159897,1785
2022-10-21,Sutter,101,95872,24409,24393,2467,26860,233
2022-10-21,Tehama,103,63373,13701,13647,3105,16752,209
2022-10-21,Trinity,105,12862,1397,1396,411,1807,20
2022-10-21,Tulare,107,460477,122272,122035,36649,158684,1540
2022-10-21,Tuolumne,109,53932,15667,15626,924,16550,196
2022-10-21,Ventura,111,848112,209928,209427,15878,225305,1571
2022-10-21,Yolo,113,214977,47723,47611,4392,52003,346
2022-10-21,Yuba,115,75493,19006,18969,1736,20705,130
2022-10-20,Alameda,001,1643700,350861,349337,19921,369258,2031
2022-10-20,Alpine,003,1148,136,136,1,137,0
2022-10-20,Amador,005,37829,10036,10025,933,10958,94
2022-10-20,Butte,007,227075,39741,39607,9198,48805,456
2022-10-20,Calaveras,009,45235,8560,8541,568,9109,135
2022-10-20,Colusa,011,21464,3807,3807,1287,5094,22
2022-10-20,Contra Costa,013,1133247,253364,251722,20898,272620,1444
2022-10-20,Del Norte,015,27424,7456,7450,400,7850,56
2022-10-20,El Dorado,017,186661,32559,32443,4301,36744,232
2022-10-20,Fresno,019,978130,276555,275502,31677,307179,2893
2022-10-20,Glenn,021,27897,5547,5543,1871,7414,48
2022-10-20,Humboldt,023,135768,22090,21979,5133,27112,160
2022-10-20,Imperial,025,180216,65926,65801,16104,81905,961
2022-10-20,Inyo,027,18085,4504,4497,1024,5521,60
2022-10-20,Kern,029,883053,220115,219679,64920,284599,2424
2022-10-20,Kings,031,150075,59689,59632,4124,63756,460
2022-10-20,Lake,033,64148,12893,12847,1190,14037,148
2022-10-20,Lassen,035,31185,9984,9977,1000,10977,65
2022-10-20,Los Angeles,037,10098052,3298403,3289814,184289,3474103,33533
2022-10-20,Madera,039,155013,44192,44121,8286,52407,375
2022-10-20,Marin,041,260295,45689,45521,5334,50855,314
2022-10-20,Mariposa,043,17540,3126,3096,344,3440,31
2022-10-20,Mendocino,045,87422,16156,16059,4527,20586,136
2022-10-20,Merced,047,269075,72861,72442,11883,84325,869
2022-10-20,Modoc,049,8938,882,883,325,1208,11
2022-10-20,Mono,051,14174,3217,3212,261,3473,7
2022-10-20,Monterey,053,433212,94490,94275,21219,115494,768
2022-10-20,Napa,055,140530,32388,32395,1414,33809,160
2022-10-20,Nevada,057,99092,19131,19056,1875,20931,132
2022-10-20,Orange,059,3164182,671151,669923,64273,734196,7536
2022-10-20,Placer,061,380077,76371,76022,9624,85646,662
2022-10-20,Plumas,063,18699,3713,3691,441,4132,13
2022-10-20,Riverside,065,2383286,698434,697500,35662,733162,6569
2022-10-20,Sacramento,067,1510023,349376,348260,34366,382626,3337
2022-10-20,San Benito,069,59416,16406,16251,982,17233,107
2022-10-20,San Bernardino,071,2135413,673939,673189,31165,704354,8152
2022-10-20,San Diego,073,3302833,929235,928182,72787,1000969,5517
2022-10-20,San Francisco,075,870044,180786,179967,12200,192167,1056
2022-10-20,San Joaquin,077,732212,198840,198041,15070,213111,2336
2022-10-20,San Luis Obispo,079,281455,63620,63410,7226,70636,525
2022-10-20,San Mateo,081,765935,170279,169484,10535,180019,732
2022-10-20,Santa Barbara,083,443738,106376,106125,6918,113043,726
2022-10-20,Santa Clara,085,1922200,440147,434684,19336,454020,2523
2022-10-20,Santa Cruz,087,273765,63883,63592,3511,67103,275
2022-10-20,Shasta,089,179085,35169,35031,7580,42611,595
2022-10-20,Sierra,091,2930,308,305,60,365,5
2022-10-20,Siskiyou,093,43540,5173,5298,3335,8633,94
2022-10-20,Solano,095,438530,105873,105561,7976,113537,466
2022-10-20,Sonoma,097,501317,107699,107436,5333,112769,527
2022-10-20,Stanislaus,099,539301,138531,138223,21671,159894,1785
2022-10-20,Sutter,101,95872,24405,24393,2467,26860,233
2022-10-20,Tehama,103,63373,13695,13647,3101,16748,209
2022-10-20,Trinity,105,12862,1397,1396,411,1807,20
2022-10-20,Tulare,107,460477,122257,122035,36643,158678,1540
2022-10-20,Tuolumne,109,53932,15661,15626,924,16550,196
2022-10-20,Ventura,111,848112,209889,209427,15869,225296,1571
2022-10-20,Yolo,113,214977,47713,47611,4388,51999,346
2022-10-20,Yuba,115,75493,19000,18969,1736,20705,130
2022-10-19,Alameda,001,1643700,350725,349337,19910,369247,2031
2022-10-19,Alpine,003,1148,136,136,1,137,0
2022-10-19,Amador,005,37829,10034,10025,932,10957,94
2022-10-19,Butte,007,227075,39734,39607,9195,48802,456
2022-10-19,Calaveras,009,45235,8558,8541,568,9109,135
2022-10-19,Colusa,011,21464,3806,3807,1287,5094,22
2022-10-19,Contra Costa,013,1133247,253282,251722,20882,272604,1444
2022-10-19,Del Norte,015,27424,7456,7450,400,7850,56
2022-10-19,El Dorado,017,186661,32544,32443,4299,36742,232
2022-10-19,Fresno,019,978130,276494,275502,31662,307164,2893
2022-10-19,Glenn,021,27897,5544,5543,1871,7414,48
2022-10-19,Humboldt,023,135768,22074,21979,5123,27102,160
2022-10-19,Imperial,025,180216,65910,65801,16093,81894,961
2022-10-19,Inyo,027,18085,4504,4497,1022,5519,60
2022-10-19,Kern,029,883053,220067,219679,64879,284558,2424
2022-10-19,Kings,031,150075,59675,59632,4124,63756,460
2022-10-19,Lake,033,64148,12889,12847,1189,14036,148
2022-10-19,Lassen,035,31185,9981,9977,999,10976,65
2022-10-19,Los Angeles,037,10098052,3297577,3289814,184151,3473965,33533
2022-10-19,Madera,039,155013,44184,44121,8285,52406,375
2022-10-19,Marin,041,260295,45667,45521,5333,50854,314
2022-10-19,Mariposa,043,17540,3123,3096,344,3440,31
2022-10-19,Mendocino,045,87422,16151,16059,4525,20584,136
2022-10-19,Merced,047,269075,72843,72442,11880,84322,869
2022-10-19,Modoc,049,8938,882,883,325,1208,11
2022-10-19,Mono,051,14174,3216,3212,260,3472,7
2022-10-19,Monterey,053,433212,94476,94275,21212,115487,768
2022-10-19,Napa,055,140530,32381,32395,1413,33808,160
2022-10-19,Nevada,057,99092,19126,19056,1873,20929,132
2022-10-19,Orange,059,3164182,670943,669923,64214,734137,7536
2022-10-19,Placer,061,380077,76344,76022,9619,85641,662
2022-10-19,Plumas,063,18699,3710,3691,441,4132,13
2022-10-19,Riverside,065,2383286,698313,697500,35640,733140,6569
2022-10-19,Sacramento,067,1510023,349269,348260,34352,382612,3337
2022-10-19,San Benito,069,59416,16402,16251,982,17233,107
2022-10-19,San Bernardino,071,2135413,673807,673189,31159,704348,8152
2022-10-19,San Diego,073,3302833,928978,928182,72741,1000923,5517
2022-10-19,San Francisco,075,870044,180709,179967,12194,192161,1056
2022-10-19,San Joaquin,077,732212,198797,198041,15061,213102,2336
2022-10-19,San Luis Obispo,079,281455,63606,63410,7225,70635,525
2022-10-19,San Mateo,081,765935,170215,169484,10527,180011,732
2022-10-19,Santa Barbara,083,443738,106347,106125,6916,113041,726
2022-10-19,Santa Clara,085,1922200,439987,434684,19325,454009,2523
2022-10-19,Santa Cruz,087,273765,63834,63592,3510,67102,275
2022-10-19,Shasta,089,179085,35160,35031,7566,42597,595
2022-10-19,Sierra,091,2930,308,305,60,365,5
2022-10-19,Siskiyou,093,43540,5172,5298,3332,8630,94
2022-10-19,Solano,095,438530,105841,105561,7974,113535,466
2022-10-19,Sonoma,097,501317,107667,107436,5330,112766,527
2022-10-19,Stanislaus,099,539301,138498,138223,21668,159891,1785
2022-10-19,Sutter,101,95872,24402,24393,2467,26860,233
2022-10-19,Tehama,103,63373,13690,13647,3099,16746,209
2022-10-19,Trinity,105,12862,1396,1396,411,1807,20
2022-10-19,Tulare,107,460477,122247,122035,36623,158658,1540
2022-10-19,Tuolumne,109,53932,15657,15626,924,16550,196
2022-10-19,Ventura,111,848112,209846,209427,15856,225283,1571
2022-10-19,Yolo,113,214977,47703,47611,4380,51991,346
2022-10-19,Yuba,115,75493,18991,18969,1735,20704,130
2022-10-18,Alameda,001,1643700,350601,349337,19896,369233,2031
2022-10-18,Alpine,003,1148,136,136,1,137,0
2022-10-18,Amador,005,37829,10031,10025,930,10955,94
2022-10-18,Butte,007,227075,39725,39607,9195,48802,456
2022-10-18,Calaveras,009,45235,8553,8541,567,9108,135
2022-10-18,Colusa,011,21464,3805,3807,1285,5092,22
2022-10-18,Contra Costa,013,1133247,253192,251722,20878,272600,1444
2022-10-18,Del Norte,015,27424,7452,7450,400,7850,56
2022-10-18,El Dorado,017,186661,32526,32443,4295,36738,232
2022-10-18,Fresno,019,978130,276438,275502,31649,307151,2893
2022-10-18,Glenn,021,27897,5544,5543,1871,7414,48
2022-10-18,Humboldt,023,135768,22061,21979,5120,27099,160
2022-10-18,Imperial,025,180216,65890,65801,16077,81878,961
2022-10-18,Inyo,027,18085,4504,4497,1019,5516,60
2022-10-18,Kern,029,883053,220021,219679,64842,284521,2424
2022-10-18,Kings,031,150075,59660,59632,4122,63754,460
2022-10-18,Lake,033,64148,12883,12847,1189,14036,148
2022-10-18,Lassen,035,31185,9978,9977,999,10976,65
2022-10-18,Los Angeles,037,10098052,3296772,3289814,184016,3473830,33533
2022-10-18,Madera,039,155013,44175,44121,8283,52404,375
2022-10-18,Marin,041,260295,45641,45521,5331,50852,314
2022-10-18,Mariposa,043,17540,3121,3096,344,3440,31
2022-10-18,Mendocino,045,87422,16140,16059,4525,20584,136
2022-10-18,Merced,047,269075,72824,72442,11873,84315,869
2022-10-18,Modoc,049,8938,882,883,325,1208,11
2022-10-18,Mono,051,14174,3215,3212,260,3472,7
2022-10-18,Monterey,053,433212,94449,94275,21204,115479,768
2022-10-18,Napa,055,140530,32376,32395,1413,33808,160
2022-10-18,Nevada,057,99092,19120,19056,1873,20929,132
2022-10-18,Orange,059,3164182,670767,669923,64130,734053,7536
2022-10-18,Placer,061,380077,76313,76022,9616,85638,662
2022-10-18,Plumas,063,18699,3709,3691,441,4132,13
2022-10-18,Riverside,065,2383286,698165,697500,35623,733123,6569
2022-10-18,Sacramento,067,1510023,349147,348260,34333,382593,3337
2022-10-18,San Benito,069,59416,16397,16251,979,17230,107
2022-10-18,San Bernardino,071,2135413,673698,673189,31139,704328,8152
2022-10-18,San Diego,073,3302833,928680,928182,72693,1000875,5517
2022-10-18,San Francisco,075,870044,180627,179967,12192,192159,1056
2022-10-18,San Joaquin,077,732212,198761,198041,15048,213089,2336
2022-10-18,San Luis Obispo,079,281455,63582,63410,7223,70633,525
2022-10-18,San Mateo,081,765935,170139,169484,10523,180007,732
2022-10-18,Santa Barbara,083,443738,106321,106125,6913,113038,726
2022-10-18,Santa Clara,085,1922200,439812,434684,19306,453990,2523
2022-10-18,Santa Cruz,087,273765,63813,63592,3507,67099,275
2022-10-18,Shasta,089,179085,35153,35031,7562,42593,595
2022-10-18,Sierra,091,2930,308,305,60,365,5
2022-10-18,Siskiyou,093,43540,5172,5298,3330,8628,94
2022-10-18,Solano,095,438530,105805,105561,7969,113530,466
2022-10-18,Sonoma,097,501317,107622,107436,5323,112759,527
2022-10-18,Stanislaus,099,539301,138474,138223,21662,159885,1785
2022-10-18,Sutter,101,95872,24398,24393,2467,26860,233
2022-10-18,Tehama,103,63373,13683,13647,3096,16743,209
2022-10-18,Trinity,105,12862,1396,1396,408,1804,20
2022-10-18,Tulare,107,460477,122228,122035,36604,158639,1540
2022-10-18,Tuolumne,109,53932,15652,15626,924,16550,196
2022-10-18,Ventura,111,848112,209784,209427,15845,225272,1571
2022-10-18,Yolo,113,214977,47694,47611,4377,51988,346
2022-10-18,Yuba,115,75493,18984,18969,1735,20704,130
2022-10-17,Alameda,001,1643700,350449,348487,19891,368378,2027
2022-10-17,Alpine,003,1148,136,135,1,136,0
2022-10-17,Amador,005,37829,10027,10013,930,10943,93
2022-10-17,Butte,007,227075,39710,39567,9193,48760,456
2022-10-17,Calaveras,009,45235,8549,8523,567,9090,133
2022-10-17,Colusa,011,21464,3805,3805,1285,5090,22
2022-10-17,Contra Costa,013,1133247,253084,250897,20871,271768,1440
2022-10-17,Del Norte,015,27424,7452,7440,400,7840,56
2022-10-17,El Dorado,017,186661,32513,32373,4293,36666,231
2022-10-17,Fresno,019,978130,276371,275035,31626,306661,2873
2022-10-17,Glenn,021,27897,5541,5532,1871,7403,48
2022-10-17,Humboldt,023,135768,22048,21914,5108,27022,159
2022-10-17,Imperial,025,180216,65872,65691,16051,81742,958
2022-10-17,Inyo,027,18085,4504,4492,1018,5510,60
2022-10-17,Kern,029,883053,219976,219487,64804,284291,2420
2022-10-17,Kings,031,150075,59649,59560,4121,63681,459
2022-10-17,Lake,033,64148,12880,12815,1188,14003,146
2022-10-17,Lassen,035,31185,9976,9970,999,10969,65
2022-10-17,Los Angeles,037,10098052,3295875,3285385,183865,3469250,33525
2022-10-17,Madera,039,155013,44170,44078,8282,52360,375
2022-10-17,Marin,041,260295,45623,45378,5328,50706,315
2022-10-17,Mariposa,043,17540,3119,3091,344,3435,31
2022-10-17,Mendocino,045,87422,16134,16023,4524,20547,136
2022-10-17,Merced,047,269075,72806,72326,11872,84198,868
2022-10-17,Modoc,049,8938,882,882,325,1207,11
2022-10-17,Mono,051,14174,3215,3206,260,3466,7
2022-10-17,Monterey,053,433212,94425,94183,21198,115381,768
2022-10-17,Napa,055,140530,32367,32326,1412,33738,161
2022-10-17,Nevada,057,99092,19115,19023,1870,20893,132
2022-10-17,Orange,059,3164182,670594,668814,64068,732882,7473
2022-10-17,Placer,061,380077,76283,75902,9603,85505,660
2022-10-17,Plumas,063,18699,3704,3682,439,4121,13
2022-10-17,Riverside,065,2383286,698008,696402,35599,732001,6561
2022-10-17,Sacramento,067,1510023,349010,347495,34320,381815,3324
2022-10-17,San Benito,069,59416,16385,16223,978,17201,107
2022-10-17,San Bernardino,071,2135413,673565,672221,31119,703340,8148
2022-10-17,San Diego,073,3302833,928380,926574,72644,999218,5507
2022-10-17,San Francisco,075,870044,180545,179482,12189,191671,1048
2022-10-17,San Joaquin,077,732212,198714,197672,15041,212713,2322
2022-10-17,San Luis Obispo,079,281455,63567,63321,7222,70543,524
2022-10-17,San Mateo,081,765935,170075,168944,10523,179467,732
2022-10-17,Santa Barbara,083,443738,106301,105931,6910,112841,726
2022-10-17,Santa Clara,085,1922200,439595,433458,19295,452753,2513
2022-10-17,Santa Cruz,087,273765,63764,63316,3506,66822,273
2022-10-17,Shasta,089,179085,35131,34971,7556,42527,595
2022-10-17,Sierra,091,2930,306,305,60,365,5
2022-10-17,Siskiyou,093,43540,5169,5287,3327,8614,92
2022-10-17,Solano,095,438530,105767,105287,7966,113253,465
2022-10-17,Sonoma,097,501317,107583,107199,5319,112518,520
2022-10-17,Stanislaus,099,539301,138444,137994,21654,159648,1782
2022-10-17,Sutter,101,95872,24397,24357,2467,26824,233
2022-10-17,Tehama,103,63373,13679,13624,3095,16719,209
2022-10-17,Trinity,105,12862,1396,1396,408,1804,20
2022-10-17,Tulare,107,460477,122210,121902,36592,158494,1538
2022-10-17,Tuolumne,109,53932,15645,15586,923,16509,196
2022-10-17,Ventura,111,848112,209741,209051,15839,224890,1571
2022-10-17,Yolo,113,214977,47671,47498,4371,51869,343
2022-10-17,Yuba,115,75493,18978,18934,1735,20669,129
2022-10-16,Alameda,001,1643700,350284,348487,19874,368361,2027
2022-10-16,Alpine,003,1148,136,135,1,136,0
2022-10-16,Amador,005,37829,10026,10013,930,10943,93
2022-10-16,Butte,007,227075,39690,39567,9187,48754,456
2022-10-16,Calaveras,009,45235,8548,8523,566,9089,133
2022-10-16,Colusa,011,21464,3804,3805,1285,5090,22
2022-10-16,Contra Costa,013,1133247,252960,250897,20869,271766,1440
2022-10-16,Del Norte,015,27424,7451,7440,400,7840,56
2022-10-16,El Dorado,017,186661,32498,32373,4290,36663,231
2022-10-16,Fresno,019,978130,276283,275035,31608,306643,2873
2022-10-16,Glenn,021,27897,5540,5532,1871,7403,48
2022-10-16,Humboldt,023,135768,22029,21914,5094,27008,159
2022-10-16,Imperial,025,180216,65838,65691,16035,81726,958
2022-10-16,Inyo,027,18085,4503,4492,1015,5507,60
2022-10-16,Kern,029,883053,219929,219487,64756,284243,2420
2022-10-16,Kings,031,150075,59638,59560,4120,63680,459
2022-10-16,Lake,033,64148,12876,12815,1188,14003,146
2022-10-16,Lassen,035,31185,9975,9970,999,10969,65
2022-10-16,Los Angeles,037,10098052,3294956,3285385,183709,3469094,33525
2022-10-16,Madera,039,155013,44156,44078,8280,52358,375
2022-10-16,Marin,041,260295,45601,45378,5325,50703,315
2022-10-16,Mariposa,043,17540,3118,3091,344,3435,31
2022-10-16,Mendocino,045,87422,16125,16023,4522,20545,136
2022-10-16,Merced,047,269075,72786,72326,11871,84197,868
2022-10-16,Modoc,049,8938,882,882,325,1207,11
2022-10-16,Mono,051,14174,3214,3206,260,3466,7
2022-10-16,Monterey,053,433212,94397,94183,21187,115370,768
2022-10-16,Napa,055,140530,32358,32326,1412,33738,161
2022-10-16,Nevada,057,99092,19111,19023,1868,20891,132
2022-10-16,Orange,059,3164182,670397,668814,64014,732828,7473
2022-10-16,Placer,061,380077,76258,75902,9598,85500,660
2022-10-16,Plumas,063,18699,3700,3682,439,4121,13
2022-10-16,Riverside,065,2383286,697838,696402,35571,731973,6561
2022-10-16,Sacramento,067,1510023,348831,347495,34297,381792,3324
2022-10-16,San Benito,069,59416,16381,16223,977,17200,107
2022-10-16,San Bernardino,071,2135413,673403,672221,31112,703333,8148
2022-10-16,San Diego,073,3302833,928061,926574,72595,999169,5507
2022-10-16,San Francisco,075,870044,180437,179482,12179,191661,1048
2022-10-16,San Joaquin,077,732212,198638,197672,15034,212706,2322
2022-10-16,San Luis Obispo,079,281455,63543,63321,7219,70540,524
2022-10-16,San Mateo,081,765935,169973,168944,10521,179465,732
2022-10-16,Santa Barbara,083,443738,106272,105931,6908,112839,726
2022-10-16,Santa Clara,085,1922200,439402,433458,19281,452739,2513
2022-10-16,Santa Cruz,087,273765,63678,63316,3502,66818,273
2022-10-16,Shasta,089,179085,35115,34971,7547,42518,595
2022-10-16,Sierra,091,2930,306,305,60,365,5
2022-10-16,Siskiyou,093,43540,5166,5287,3327,8614,92
2022-10-16,Solano,095,438530,105720,105287,7965,113252,465
2022-10-16,Sonoma,097,501317,107531,107199,5313,112512,520
2022-10-16,Stanislaus,099,539301,138414,137994,21653,159647,1782
2022-10-16,Sutter,101,95872,24391,24357,2463,26820,233
2022-10-16,Tehama,103,63373,13674,13624,3094,16718,209
2022-10-16,Trinity,105,12862,1396,1396,408,1804,20
2022-10-16,Tulare,107,460477,122184,121902,36579,158481,1538
2022-10-16,Tuolumne,109,53932,15643,15586,923,16509,196
2022-10-16,Ventura,111,848112,209671,209051,15832,224883,1571
2022-10-16,Yolo,113,214977,47655,47498,4361,51859,343
2022-10-16,Yuba,115,75493,18973,18934,1735,20669,129
2022-10-15,Alameda,001,1643700,350186,348487,19862,368349,2027
2022-10-15,Alpine,003,1148,136,135,1,136,0
2022-10-15,Amador,005,37829,10024,10013,930,10943,93
2022-10-15,Butte,007,227075,39687,39567,9183,48750,456
2022-10-15,Calaveras,009,45235,8545,8523,566,9089,133
2022-10-15,Colusa,011,21464,3804,3805,1285,5090,22
2022-10-15,Contra Costa,013,1133247,252888,250897,20867,271764,1440
2022-10-15,Del Norte,015,27424,7451,7440,400,7840,56
2022-10-15,El Dorado,017,186661,32488,32373,4290,36663,231
2022-10-15,Fresno,019,978130,276256,275035,31606,306641,2873
2022-10-15,Glenn,021,27897,5539,5532,1871,7403,48
2022-10-15,Humboldt,023,135768,22021,21914,5086,27000,159
2022-10-15,Imperial,025,180216,65831,65691,16029,81720,958
2022-10-15,Inyo,027,18085,4503,4492,1015,5507,60
2022-10-15,Kern,029,883053,219903,219487,64721,284208,2420
2022-10-15,Kings,031,150075,59624,59560,4120,63680,459
2022-10-15,Lake,033,64148,12876,12815,1188,14003,146
2022-10-15,Lassen,035,31185,9974,9970,999,10969,65
2022-10-15,Los Angeles,037,10098052,3294486,3285385,183618,3469003,33525
2022-10-15,Madera,039,155013,44153,44078,8280,52358,375
2022-10-15,Marin,041,260295,45584,45378,5323,50701,315
2022-10-15,Mariposa,043,17540,3118,3091,344,3435,31
2022-10-15,Mendocino,045,87422,16118,16023,4522,20545,136
2022-10-15,Merced,047,269075,72773,72326,11870,84196,868
2022-10-15,Modoc,049,8938,882,882,324,1206,11
2022-10-15,Mono,051,14174,3213,3206,260,3466,7
2022-10-15,Monterey,053,433212,94380,94183,21177,115360,768
2022-10-15,Napa,055,140530,32355,32326,1412,33738,161
2022-10-15,Nevada,057,99092,19107,19023,1866,20889,132
2022-10-15,Orange,059,3164182,670292,668814,63980,732794,7473
2022-10-15,Placer,061,380077,76244,75902,9597,85499,660
2022-10-15,Plumas,063,18699,3699,3682,439,4121,13
2022-10-15,Riverside,065,2383286,697749,696402,35555,731957,6561
2022-10-15,Sacramento,067,1510023,348745,347495,34293,381788,3324
2022-10-15,San Benito,069,59416,16377,16223,976,17199,107
2022-10-15,San Bernardino,071,2135413,673336,672221,31105,703326,8148
2022-10-15,San Diego,073,3302833,927945,926574,72582,999156,5507
2022-10-15,San Francisco,075,870044,180385,179482,12178,191660,1048
2022-10-15,San Joaquin,077,732212,198601,197672,15032,212704,2322
2022-10-15,San Luis Obispo,079,281455,63535,63321,7216,70537,524
2022-10-15,San Mateo,081,765935,169921,168944,10515,179459,732
2022-10-15,Santa Barbara,083,443738,106246,105931,6906,112837,726
2022-10-15,Santa Clara,085,1922200,439295,433458,19275,452733,2513
2022-10-15,Santa Cruz,087,273765,63652,63316,3497,66813,273
2022-10-15,Shasta,089,179085,35108,34971,7545,42516,595
2022-10-15,Sierra,091,2930,306,305,60,365,5
2022-10-15,Siskiyou,093,43540,5165,5287,3325,8612,92
2022-10-15,Solano,095,438530,105703,105287,7959,113246,465
2022-10-15,Sonoma,097,501317,107506,107199,5313,112512,520
2022-10-15,Stanislaus,099,539301,138396,137994,21652,159646,1782
2022-10-15,Sutter,101,95872,24388,24357,2463,26820,233
2022-10-15,Tehama,103,63373,13672,13624,3094,16718,209
2022-10-15,Trinity,105,12862,1396,1396,408,1804,20
2022-10-15,Tulare,107,460477,122172,121902,36567,158469,1538
2022-10-15,Tuolumne,109,53932,15637,15586,923,16509,196
2022-10-15,Ventura,111,848112,209640,209051,15826,224877,1571
2022-10-15,Yolo,113,214977,47646,47498,4359,51857,343
2022-10-15,Yuba,115,75493,18971,18934,1734,20668,129
2022-10-14,Alameda,001,1643700,350111,348487,19851,368338,2027
2022-10-14,Alpine,003,1148,136,135,1,136,0
2022-10-14,Amador,005,37829,10024,10013,930,10943,93
2022-10-14,Butte,007,227075,39679,39567,9179,48746,456
2022-10-14,Calaveras,009,45235,8541,8523,566,9089,133
2022-10-14,Colusa,011,21464,3803,3805,1285,5090,22
2022-10-14,Contra Costa,013,1133247,252827,250897,20864,271761,1440
2022-10-14,Del Norte,015,27424,7451,7440,400,7840,56
2022-10-14,El Dorado,017,186661,32481,32373,4288,36661,231
2022-10-14,Fresno,019,978130,276224,275035,31602,306637,2873
2022-10-14,Glenn,021,27897,5538,5532,1869,7401,48
2022-10-14,Humboldt,023,135768,22019,21914,5082,26996,159
2022-10-14,Imperial,025,180216,65820,65691,16022,81713,958
2022-10-14,Inyo,027,18085,4503,4492,1013,5505,60
2022-10-14,Kern,029,883053,219884,219487,64697,284184,2420
2022-10-14,Kings,031,150075,59617,59560,4120,63680,459
2022-10-14,Lake,033,64148,12874,12815,1188,14003,146
2022-10-14,Lassen,035,31185,9974,9970,999,10969,65
2022-10-14,Los Angeles,037,10098052,3293983,3285385,183522,3468907,33525
2022-10-14,Madera,039,155013,44148,44078,8274,52352,375
2022-10-14,Marin,041,260295,45573,45378,5322,50700,315
2022-10-14,Mariposa,043,17540,3118,3091,344,3435,31
2022-10-14,Mendocino,045,87422,16113,16023,4521,20544,136
2022-10-14,Merced,047,269075,72760,72326,11869,84195,868
2022-10-14,Modoc,049,8938,882,882,324,1206,11
2022-10-14,Mono,051,14174,3213,3206,260,3466,7
2022-10-14,Monterey,053,433212,94360,94183,21173,115356,768
2022-10-14,Napa,055,140530,32347,32326,1412,33738,161
2022-10-14,Nevada,057,99092,19100,19023,1864,20887,132
2022-10-14,Orange,059,3164182,670189,668814,63946,732760,7473
2022-10-14,Placer,061,380077,76228,75902,9593,85495,660
2022-10-14,Plumas,063,18699,3698,3682,439,4121,13
2022-10-14,Riverside,065,2383286,697656,696402,35545,731947,6561
2022-10-14,Sacramento,067,1510023,348673,347495,34289,381784,3324
2022-10-14,San Benito,069,59416,16373,16223,976,17199,107
2022-10-14,San Bernardino,071,2135413,673262,672221,31092,703313,8148
2022-10-14,San Diego,073,3302833,927733,926574,72560,999134,5507
2022-10-14,San Francisco,075,870044,180336,179482,12174,191656,1048
2022-10-14,San Joaquin,077,732212,198568,197672,15028,212700,2322
2022-10-14,San Luis Obispo,079,281455,63525,63321,7214,70535,524
2022-10-14,San Mateo,081,765935,169871,168944,10515,179459,732
2022-10-14,Santa Barbara,083,443738,106231,105931,6906,112837,726
2022-10-14,Santa Clara,085,1922200,439158,433458,19267,452725,2513
2022-10-14,Santa Cruz,087,273765,63621,63316,3496,66812,273
2022-10-14,Shasta,089,179085,35103,34971,7545,42516,595
2022-10-14,Sierra,091,2930,306,305,60,365,5
2022-10-14,Siskiyou,093,43540,5164,5287,3325,8612,92
2022-10-14,Solano,095,438530,105672,105287,7957,113244,465
2022-10-14,Sonoma,097,501317,107486,107199,5312,112511,520
2022-10-14,Stanislaus,099,539301,138372,137994,21647,159641,1782
2022-10-14,Sutter,101,95872,24381,24357,2463,26820,233
2022-10-14,Tehama,103,63373,13668,13624,3093,16717,209
2022-10-14,Trinity,105,12862,1396,1396,408,1804,20
2022-10-14,Tulare,107,460477,122155,121902,36562,158464,1538
2022-10-14,Tuolumne,109,53932,15633,15586,923,16509,196
2022-10-14,Ventura,111,848112,209590,209051,15825,224876,1571
2022-10-14,Yolo,113,214977,47636,47498,4354,51852,343
2022-10-14,Yuba,115,75493,18965,18934,1734,20668,129
2022-10-13,Alameda,001,1643700,349972,348487,19835,368322,2027
2022-10-13,Alpine,003,1148,136,135,1,136,0
2022-10-13,Amador,005,37829,10022,10013,930,10943,93
2022-10-13,Butte,007,227075,39669,39567,9174,48741,456
2022-10-13,Calaveras,009,45235,8539,8523,566,9089,133
2022-10-13,Colusa,011,21464,3803,3805,1285,5090,22
2022-10-13,Contra Costa,013,1133247,252743,250897,20855,271752,1440
2022-10-13,Del Norte,015,27424,7450,7440,400,7840,56
2022-10-13,El Dorado,017,186661,32469,32373,4285,36658,231
2022-10-13,Fresno,019,978130,276181,275035,31594,306629,2873
2022-10-13,Glenn,021,27897,5538,5532,1869,7401,48
2022-10-13,Humboldt,023,135768,22008,21914,5075,26989,159
2022-10-13,Imperial,025,180216,65806,65691,16010,81701,958
2022-10-13,Inyo,027,18085,4502,4492,1013,5505,60
2022-10-13,Kern,029,883053,219852,219487,64657,284144,2420
2022-10-13,Kings,031,150075,59607,59560,4120,63680,459
2022-10-13,Lake,033,64148,12871,12815,1188,14003,146
2022-10-13,Lassen,035,31185,9973,9970,999,10969,65
2022-10-13,Los Angeles,037,10098052,3293249,3285385,183390,3468775,33525
2022-10-13,Madera,039,155013,44140,44078,8271,52349,375
2022-10-13,Marin,041,260295,45544,45378,5318,50696,315
2022-10-13,Mariposa,043,17540,3117,3091,344,3435,31
2022-10-13,Mendocino,045,87422,16107,16023,4521,20544,136
2022-10-13,Merced,047,269075,72745,72326,11865,84191,868
2022-10-13,Modoc,049,8938,882,882,324,1206,11
2022-10-13,Mono,051,14174,3212,3206,259,3465,7
2022-10-13,Monterey,053,433212,94346,94183,21162,115345,768
2022-10-13,Napa,055,140530,32333,32326,1411,33737,161
2022-10-13,Nevada,057,99092,19089,19023,1862,20885,132
2022-10-13,Orange,059,3164182,670038,668814,63897,732711,7473
2022-10-13,Placer,061,380077,76211,75902,9589,85491,660
2022-10-13,Plumas,063,18699,3696,3682,439,4121,13
2022-10-13,Riverside,065,2383286,697533,696402,35529,731931,6561
2022-10-13,Sacramento,067,1510023,348544,347495,34276,381771,3324
2022-10-13,San Benito,069,59416,16372,16223,976,17199,107
2022-10-13,San Bernardino,071,2135413,673166,672221,31086,703307,8148
2022-10-13,San Diego,073,3302833,927529,926574,72536,999110,5507
2022-10-13,San Francisco,075,870044,180246,179482,12171,191653,1048
2022-10-13,San Joaquin,077,732212,198525,197672,15021,212693,2322
2022-10-13,San Luis Obispo,079,281455,63517,63321,7204,70525,524
2022-10-13,San Mateo,081,765935,169778,168944,10514,179458,732
2022-10-13,Santa Barbara,083,443738,106209,105931,6902,112833,726
2022-10-13,Santa Clara,085,1922200,439012,433458,19263,452721,2513
2022-10-13,Santa Cruz,087,273765,63596,63316,3494,66810,273
2022-10-13,Shasta,089,179085,35092,34971,7540,42511,595
2022-10-13,Sierra,091,2930,306,305,60,365,5
2022-10-13,Siskiyou,093,43540,5161,5287,3322,8609,92
2022-10-13,Solano,095,438530,105634,105287,7951,113238,465
2022-10-13,Sonoma,097,501317,107449,107199,5312,112511,520
2022-10-13,Stanislaus,099,539301,138341,137994,21647,159641,1782
2022-10-13,Sutter,101,95872,24377,24357,2463,26820,233
2022-10-13,Tehama,103,63373,13665,13624,3092,16716,209
2022-10-13,Trinity,105,12862,1396,1396,407,1803,20
2022-10-13,Tulare,107,460477,122141,121902,36549,158451,1538
2022-10-13,Tuolumne,109,53932,15626,15586,923,16509,196
2022-10-13,Ventura,111,848112,209542,209051,15819,224870,1571
2022-10-13,Yolo,113,214977,47618,47498,4348,51846,343
2022-10-13,Yuba,115,75493,18959,18934,1734,20668,129
2022-10-12,Alameda,001,1643700,349849,348487,19820,368307,2027
2022-10-12,Alpine,003,1148,135,135,1,136,0
2022-10-12,Amador,005,37829,10020,10013,930,10943,93
2022-10-12,Butte,007,227075,39660,39567,9173,48740,456
2022-10-12,Calaveras,009,45235,8534,8523,566,9089,133
2022-10-12,Colusa,011,21464,3803,3805,1285,5090,22
2022-10-12,Contra Costa,013,1133247,252651,250897,20845,271742,1440
2022-10-12,Del Norte,015,27424,7450,7440,400,7840,56
2022-10-12,El Dorado,017,186661,32459,32373,4284,36657,231
2022-10-12,Fresno,019,978130,276137,275035,31585,306620,2873
2022-10-12,Glenn,021,27897,5537,5532,1869,7401,48
2022-10-12,Humboldt,023,135768,22003,21914,5071,26985,159
2022-10-12,Imperial,025,180216,65785,65691,16001,81692,958
2022-10-12,Inyo,027,18085,4501,4492,1012,5504,60
2022-10-12,Kern,029,883053,219813,219487,64622,284109,2420
2022-10-12,Kings,031,150075,59602,59560,4117,63677,459
2022-10-12,Lake,033,64148,12863,12815,1188,14003,146
2022-10-12,Lassen,035,31185,9970,9970,999,10969,65
2022-10-12,Los Angeles,037,10098052,3292498,3285385,183247,3468632,33525
2022-10-12,Madera,039,155013,44131,44078,8269,52347,375
2022-10-12,Marin,041,260295,45526,45378,5315,50693,315
2022-10-12,Mariposa,043,17540,3116,3091,344,3435,31
2022-10-12,Mendocino,045,87422,16105,16023,4519,20542,136
2022-10-12,Merced,047,269075,72722,72326,11861,84187,868
2022-10-12,Modoc,049,8938,882,882,324,1206,11
2022-10-12,Mono,051,14174,3211,3206,258,3464,7
2022-10-12,Monterey,053,433212,94328,94183,21152,115335,768
2022-10-12,Napa,055,140530,32322,32326,1411,33737,161
2022-10-12,Nevada,057,99092,19081,19023,1861,20884,132
2022-10-12,Orange,059,3164182,669873,668814,63850,732664,7473
2022-10-12,Placer,061,380077,76191,75902,9585,85487,660
2022-10-12,Plumas,063,18699,3694,3682,438,4120,13
2022-10-12,Riverside,065,2383286,697409,696402,35507,731909,6561
2022-10-12,Sacramento,067,1510023,348437,347495,34256,381751,3324
2022-10-12,San Benito,069,59416,16367,16223,974,17197,107
2022-10-12,San Bernardino,071,2135413,673037,672221,31075,703296,8148
2022-10-12,San Diego,073,3302833,927275,926574,72501,999075,5507
2022-10-12,San Francisco,075,870044,180167,179482,12170,191652,1048
2022-10-12,San Joaquin,077,732212,198467,197672,15016,212688,2322
2022-10-12,San Luis Obispo,079,281455,63504,63321,7200,70521,524
2022-10-12,San Mateo,081,765935,169698,168944,10512,179456,732
2022-10-12,Santa Barbara,083,443738,106193,105931,6901,112832,726
2022-10-12,Santa Clara,085,1922200,438827,433458,19254,452712,2513
2022-10-12,Santa Cruz,087,273765,63559,63316,3494,66810,273
2022-10-12,Shasta,089,179085,35078,34971,7533,42504,595
2022-10-12,Sierra,091,2930,306,305,60,365,5
2022-10-12,Siskiyou,093,43540,5161,5287,3319,8606,92
2022-10-12,Solano,095,438530,105591,105287,7949,113236,465
2022-10-12,Sonoma,097,501317,107418,107199,5311,112510,520
2022-10-12,Stanislaus,099,539301,138295,137994,21642,159636,1782
2022-10-12,Sutter,101,95872,24371,24357,2463,26820,233
2022-10-12,Tehama,103,63373,13663,13624,3091,16715,209
2022-10-12,Trinity,105,12862,1396,1396,405,1801,20
2022-10-12,Tulare,107,460477,122117,121902,36528,158430,1538
2022-10-12,Tuolumne,109,53932,15622,15586,923,16509,196
2022-10-12,Ventura,111,848112,209490,209051,15817,224868,1571
2022-10-12,Yolo,113,214977,47598,47498,4344,51842,343
2022-10-12,Yuba,115,75493,18952,18934,1732,20666,129
2022-10-11,Alameda,001,1643700,349685,348487,19812,368299,2027
2022-10-11,Alpine,003,1148,135,135,1,136,0
2022-10-11,Amador,005,37829,10016,10013,930,10943,93
2022-10-11,Butte,007,227075,39645,39567,9173,48740,456
2022-10-11,Calaveras,009,45235,8530,8523,565,9088,133
2022-10-11,Colusa,011,21464,3802,3805,1285,5090,22
2022-10-11,Contra Costa,013,1133247,252538,250897,20840,271737,1440
2022-10-11,Del Norte,015,27424,7445,7440,400,7840,56
2022-10-11,El Dorado,017,186661,32440,32373,4284,36657,231
2022-10-11,Fresno,019,978130,276083,275035,31572,306607,2873
2022-10-11,Glenn,021,27897,5536,5532,1868,7400,48
2022-10-11,Humboldt,023,135768,21997,21914,5061,26975,159
2022-10-11,Imperial,025,180216,65772,65691,15982,81673,958
2022-10-11,Inyo,027,18085,4499,4492,1011,5503,60
2022-10-11,Kern,029,883053,219788,219487,64597,284084,2420
2022-10-11,Kings,031,150075,59588,59560,4112,63672,459
2022-10-11,Lake,033,64148,12859,12815,1186,14001,146
2022-10-11,Lassen,035,31185,9969,9970,999,10969,65
2022-10-11,Los Angeles,037,10098052,3291679,3285385,183117,3468502,33525
2022-10-11,Madera,039,155013,44124,44078,8268,52346,375
2022-10-11,Marin,041,260295,45509,45378,5310,50688,315
2022-10-11,Mariposa,043,17540,3115,3091,344,3435,31
2022-10-11,Mendocino,045,87422,16100,16023,4517,20540,136
2022-10-11,Merced,047,269075,72696,72326,11860,84186,868
2022-10-11,Modoc,049,8938,881,882,324,1206,11
2022-10-11,Mono,051,14174,3211,3206,257,3463,7
2022-10-11,Monterey,053,433212,94318,94183,21144,115327,768
2022-10-11,Napa,055,140530,32318,32326,1410,33736,161
2022-10-11,Nevada,057,99092,19070,19023,1859,20882,132
2022-10-11,Orange,059,3164182,669702,668814,63807,732621,7473
2022-10-11,Placer,061,380077,76160,75902,9583,85485,660
2022-10-11,Plumas,063,18699,3694,3682,437,4119,13
2022-10-11,Riverside,065,2383286,697278,696402,35497,731899,6561
2022-10-11,Sacramento,067,1510023,348278,347495,34239,381734,3324
2022-10-11,San Benito,069,59416,16361,16223,973,17196,107
2022-10-11,San Bernardino,071,2135413,672903,672221,31066,703287,8148
2022-10-11,San Diego,073,3302833,926996,926574,72466,999040,5507
2022-10-11,San Francisco,075,870044,180073,179482,12169,191651,1048
2022-10-11,San Joaquin,077,732212,198422,197672,15011,212683,2322
2022-10-11,San Luis Obispo,079,281455,63482,63321,7188,70509,524
2022-10-11,San Mateo,081,765935,169622,168944,10508,179452,732
2022-10-11,Santa Barbara,083,443738,106164,105931,6899,112830,726
2022-10-11,Santa Clara,085,1922200,438653,433458,19245,452703,2513
2022-10-11,Santa Cruz,087,273765,63517,63316,3492,66808,273
2022-10-11,Shasta,089,179085,35066,34971,7523,42494,595
2022-10-11,Sierra,091,2930,306,305,60,365,5
2022-10-11,Siskiyou,093,43540,5160,5287,3317,8604,92
2022-10-11,Solano,095,438530,105552,105287,7947,113234,465
2022-10-11,Sonoma,097,501317,107376,107199,5307,112506,520
2022-10-11,Stanislaus,099,539301,138263,137994,21638,159632,1782
2022-10-11,Sutter,101,95872,24367,24357,2463,26820,233
2022-10-11,Tehama,103,63373,13662,13624,3088,16712,209
2022-10-11,Trinity,105,12862,1396,1396,404,1800,20
2022-10-11,Tulare,107,460477,122092,121902,36516,158418,1538
2022-10-11,Tuolumne,109,53932,15616,15586,923,16509,196
2022-10-11,Ventura,111,848112,209437,209051,15811,224862,1571
2022-10-11,Yolo,113,214977,47591,47498,4338,51836,343
2022-10-11,Yuba,115,75493,18940,18934,1732,20666,129
2022-10-10,Alameda,001,1643700,349537,347497,19801,367298,2023
2022-10-10,Alpine,003,1148,135,135,1,136,0
2022-10-10,Amador,005,37829,10013,9999,930,10929,93
2022-10-10,Butte,007,227075,39634,39453,9171,48624,454
2022-10-10,Calaveras,009,45235,8530,8511,564,9075,133
2022-10-10,Colusa,011,21464,3801,3794,1285,5079,22
2022-10-10,Contra Costa,013,1133247,252421,250136,20826,270962,1430
2022-10-10,Del Norte,015,27424,7442,7433,399,7832,56
2022-10-10,El Dorado,017,186661,32425,32320,4282,36602,231
2022-10-10,Fresno,019,978130,276025,274628,31561,306189,2865
2022-10-10,Glenn,021,27897,5535,5510,1868,7378,48
2022-10-10,Humboldt,023,135768,21978,21831,5057,26888,159
2022-10-10,Imperial,025,180216,65754,65532,15965,81497,958
2022-10-10,Inyo,027,18085,4498,4489,1009,5498,59
2022-10-10,Kern,029,883053,219746,219191,64557,283748,2418
2022-10-10,Kings,031,150075,59579,59489,4110,63599,458
2022-10-10,Lake,033,64148,12855,12795,1186,13981,147
2022-10-10,Lassen,035,31185,9969,9967,998,10965,65
2022-10-10,Los Angeles,037,10098052,3290804,3278961,182966,3461927,33467
2022-10-10,Madera,039,155013,44112,44029,8264,52293,374
2022-10-10,Marin,041,260295,45491,45190,5306,50496,313
2022-10-10,Mariposa,043,17540,3113,3088,344,3432,31
2022-10-10,Mendocino,045,87422,16087,15992,4514,20506,136
2022-10-10,Merced,047,269075,72678,72236,11854,84090,865
2022-10-10,Modoc,049,8938,881,876,324,1200,11
2022-10-10,Mono,051,14174,3209,3205,257,3462,7
2022-10-10,Monterey,053,433212,94302,94111,21141,115252,766
2022-10-10,Napa,055,140530,32307,32258,1410,33668,160
2022-10-10,Nevada,057,99092,19066,18989,1858,20847,132
2022-10-10,Orange,059,3164182,669516,667297,63753,731050,7452
2022-10-10,Placer,061,380077,76135,75768,9578,85346,660
2022-10-10,Plumas,063,18699,3693,3669,436,4105,13
2022-10-10,Riverside,065,2383286,697124,695315,35485,730800,6567
2022-10-10,Sacramento,067,1510023,348158,346748,34198,380946,3310
2022-10-10,San Benito,069,59416,16357,16188,973,17161,106
2022-10-10,San Bernardino,071,2135413,672749,670906,31056,701962,8116
2022-10-10,San Diego,073,3302833,926734,924672,72426,997098,5498
2022-10-10,San Francisco,075,870044,179986,178943,12165,191108,1045
2022-10-10,San Joaquin,077,732212,198362,197390,15007,212397,2319
2022-10-10,San Luis Obispo,079,281455,63459,63219,7183,70402,524
2022-10-10,San Mateo,081,765935,169535,168413,10505,178918,737
2022-10-10,Santa Barbara,083,443738,106119,105695,6898,112593,725
2022-10-10,Santa Clara,085,1922200,438450,432327,19226,451553,2506
2022-10-10,Santa Cruz,087,273765,63483,63099,3491,66590,273
2022-10-10,Shasta,089,179085,35050,34904,7517,42421,593
2022-10-10,Sierra,091,2930,306,305,60,365,5
2022-10-10,Siskiyou,093,43540,5157,5272,3316,8588,92
2022-10-10,Solano,095,438530,105506,105042,7941,112983,465
2022-10-10,Sonoma,097,501317,107340,106940,5303,112243,520
2022-10-10,Stanislaus,099,539301,138221,137838,21634,159472,1781
2022-10-10,Sutter,101,95872,24358,24326,2463,26789,232
2022-10-10,Tehama,103,63373,13658,13603,3088,16691,210
2022-10-10,Trinity,105,12862,1396,1394,400,1794,20
2022-10-10,Tulare,107,460477,122074,121787,36498,158285,1531
2022-10-10,Tuolumne,109,53932,15610,15558,923,16481,196
2022-10-10,Ventura,111,848112,209366,208632,15804,224436,1567
2022-10-10,Yolo,113,214977,47568,47422,4337,51759,341
2022-10-10,Yuba,115,75493,18934,18914,1732,20646,129
2022-10-09,Alameda,001,1643700,349385,347497,19779,367276,2023
2022-10-09,Alpine,003,1148,135,135,1,136,0
2022-10-09,Amador,005,37829,10011,9999,930,10929,93
2022-10-09,Butte,007,227075,39626,39453,9170,48623,454
2022-10-09,Calaveras,009,45235,8527,8511,564,9075,133
2022-10-09,Colusa,011,21464,3801,3794,1285,5079,22
2022-10-09,Contra Costa,013,1133247,252310,250136,20813,270949,1430
2022-10-09,Del Norte,015,27424,7441,7433,399,7832,56
2022-10-09,El Dorado,017,186661,32414,32320,4282,36602,231
2022-10-09,Fresno,019,978130,275934,274628,31550,306178,2865
2022-10-09,Glenn,021,27897,5532,5510,1867,7377,48
2022-10-09,Humboldt,023,135768,21965,21831,5051,26882,159
2022-10-09,Imperial,025,180216,65723,65532,15945,81477,958
2022-10-09,Inyo,027,18085,4498,4489,1007,5496,59
2022-10-09,Kern,029,883053,219711,219191,64491,283682,2418
2022-10-09,Kings,031,150075,59562,59489,4109,63598,458
2022-10-09,Lake,033,64148,12848,12795,1186,13981,147
2022-10-09,Lassen,035,31185,9969,9967,998,10965,65
2022-10-09,Los Angeles,037,10098052,3289822,3278961,182798,3461759,33467
2022-10-09,Madera,039,155013,44102,44029,8262,52291,374
2022-10-09,Marin,041,260295,45458,45190,5299,50489,313
2022-10-09,Mariposa,043,17540,3111,3088,344,3432,31
2022-10-09,Mendocino,045,87422,16081,15992,4514,20506,136
2022-10-09,Merced,047,269075,72660,72236,11849,84085,865
2022-10-09,Modoc,049,8938,881,876,324,1200,11
2022-10-09,Mono,051,14174,3209,3205,257,3462,7
2022-10-09,Monterey,053,433212,94286,94111,21131,115242,766
2022-10-09,Napa,055,140530,32293,32258,1409,33667,160
2022-10-09,Nevada,057,99092,19059,18989,1856,20845,132
2022-10-09,Orange,059,3164182,669296,667297,63679,730976,7452
2022-10-09,Placer,061,380077,76117,75768,9575,85343,660
2022-10-09,Plumas,063,18699,3691,3669,436,4105,13
2022-10-09,Riverside,065,2383286,696929,695315,35473,730788,6567
2022-10-09,Sacramento,067,1510023,347999,346748,34179,380927,3310
2022-10-09,San Benito,069,59416,16355,16188,973,17161,106
2022-10-09,San Bernardino,071,2135413,672594,670906,31047,701953,8116
2022-10-09,San Diego,073,3302833,926454,924672,72392,997064,5498
2022-10-09,San Francisco,075,870044,179889,178943,12162,191105,1045
2022-10-09,San Joaquin,077,732212,198284,197390,15002,212392,2319
2022-10-09,San Luis Obispo,079,281455,63452,63219,7176,70395,524
2022-10-09,San Mateo,081,765935,169429,168413,10501,178914,737
2022-10-09,Santa Barbara,083,443738,106085,105695,6894,112589,725
2022-10-09,Santa Clara,085,1922200,438239,432327,19211,451538,2506
2022-10-09,Santa Cruz,087,273765,63418,63099,3489,66588,273
2022-10-09,Shasta,089,179085,35026,34904,7510,42414,593
2022-10-09,Sierra,091,2930,306,305,60,365,5
2022-10-09,Siskiyou,093,43540,5157,5272,3315,8587,92
2022-10-09,Solano,095,438530,105451,105042,7940,112982,465
2022-10-09,Sonoma,097,501317,107292,106940,5302,112242,520
2022-10-09,Stanislaus,099,539301,138195,137838,21626,159464,1781
2022-10-09,Sutter,101,95872,24347,24326,2462,26788,232
2022-10-09,Tehama,103,63373,13656,13603,3088,16691,210
2022-10-09,Trinity,105,12862,1396,1394,400,1794,20
2022-10-09,Tulare,107,460477,122050,121787,36478,158265,1531
2022-10-09,Tuolumne,109,53932,15603,15558,923,16481,196
2022-10-09,Ventura,111,848112,209319,208632,15799,224431,1567
2022-10-09,Yolo,113,214977,47545,47422,4334,51756,341
2022-10-09,Yuba,115,75493,18931,18914,1732,20646,129
2022-10-08,Alameda,001,1643700,349298,347497,19772,367269,2023
2022-10-08,Alpine,003,1148,135,135,1,136,0
2022-10-08,Amador,005,37829,10010,9999,929,10928,93
2022-10-08,Butte,007,227075,39621,39453,9164,48617,454
2022-10-08,Calaveras,009,45235,8525,8511,564,9075,133
2022-10-08,Colusa,011,21464,3801,3794,1285,5079,22
2022-10-08,Contra Costa,013,1133247,252230,250136,20810,270946,1430
2022-10-08,Del Norte,015,27424,7441,7433,399,7832,56
2022-10-08,El Dorado,017,186661,32405,32320,4281,36601,231
2022-10-08,Fresno,019,978130,275904,274628,31547,306175,2865
2022-10-08,Glenn,021,27897,5531,5510,1867,7377,48
2022-10-08,Humboldt,023,135768,21954,21831,5045,26876,159
2022-10-08,Imperial,025,180216,65698,65532,15939,81471,958
2022-10-08,Inyo,027,18085,4498,4489,1005,5494,59
2022-10-08,Kern,029,883053,219676,219191,64470,283661,2418
2022-10-08,Kings,031,150075,59558,59489,4109,63598,458
2022-10-08,Lake,033,64148,12845,12795,1186,13981,147
2022-10-08,Lassen,035,31185,9969,9967,998,10965,65
2022-10-08,Los Angeles,037,10098052,3289268,3278961,182707,3461668,33467
2022-10-08,Madera,039,155013,44097,44029,8262,52291,374
2022-10-08,Marin,041,260295,45438,45190,5293,50483,313
2022-10-08,Mariposa,043,17540,3111,3088,344,3432,31
2022-10-08,Mendocino,045,87422,16080,15992,4511,20503,136
2022-10-08,Merced,047,269075,72650,72236,11848,84084,865
2022-10-08,Modoc,049,8938,879,876,324,1200,11
2022-10-08,Mono,051,14174,3209,3205,257,3462,7
2022-10-08,Monterey,053,433212,94276,94111,21129,115240,766
2022-10-08,Napa,055,140530,32286,32258,1409,33667,160
2022-10-08,Nevada,057,99092,19057,18989,1855,20844,132
2022-10-08,Orange,059,3164182,669181,667297,63635,730932,7452
2022-10-08,Placer,061,380077,76089,75768,9572,85340,660
2022-10-08,Plumas,063,18699,3690,3669,436,4105,13
2022-10-08,Riverside,065,2383286,696833,695315,35459,730774,6567
2022-10-08,Sacramento,067,1510023,347939,346748,34177,380925,3310
2022-10-08,San Benito,069,59416,16352,16188,973,17161,106
2022-10-08,San Bernardino,071,2135413,672517,670906,31039,701945,8116
2022-10-08,San Diego,073,3302833,926321,924672,72377,997049,5498
2022-10-08,San Francisco,075,870044,179841,178943,12158,191101,1045
2022-10-08,San Joaquin,077,732212,198250,197390,14997,212387,2319
2022-10-08,San Luis Obispo,079,281455,63446,63219,7175,70394,524
2022-10-08,San Mateo,081,765935,169379,168413,10498,178911,737
2022-10-08,Santa Barbara,083,443738,106061,105695,6892,112587,725
2022-10-08,Santa Clara,085,1922200,438123,432327,19200,451527,2506
2022-10-08,Santa Cruz,087,273765,63396,63099,3489,66588,273
2022-10-08,Shasta,089,179085,35020,34904,7505,42409,593
2022-10-08,Sierra,091,2930,306,305,60,365,5
2022-10-08,Siskiyou,093,43540,5157,5272,3314,8586,92
2022-10-08,Solano,095,438530,105431,105042,7935,112977,465
2022-10-08,Sonoma,097,501317,107263,106940,5302,112242,520
2022-10-08,Stanislaus,099,539301,138178,137838,21623,159461,1781
2022-10-08,Sutter,101,95872,24344,24326,2462,26788,232
2022-10-08,Tehama,103,63373,13655,13603,3087,16690,210
2022-10-08,Trinity,105,12862,1396,1394,400,1794,20
2022-10-08,Tulare,107,460477,122026,121787,36472,158259,1531
2022-10-08,Tuolumne,109,53932,15598,15558,923,16481,196
2022-10-08,Ventura,111,848112,209285,208632,15795,224427,1567
2022-10-08,Yolo,113,214977,47534,47422,4333,51755,341
2022-10-08,Yuba,115,75493,18928,18914,1732,20646,129
2022-10-07,Alameda,001,1643700,349181,347497,19769,367266,2023
2022-10-07,Alpine,003,1148,135,135,1,136,0
2022-10-07,Amador,005,37829,10008,9999,929,10928,93
2022-10-07,Butte,007,227075,39620,39453,9162,48615,454
2022-10-07,Calaveras,009,45235,8524,8511,564,9075,133
2022-10-07,Colusa,011,21464,3801,3794,1284,5078,22
2022-10-07,Contra Costa,013,1133247,252151,250136,20809,270945,1430
2022-10-07,Del Norte,015,27424,7441,7433,398,7831,56
2022-10-07,El Dorado,017,186661,32396,32320,4279,36599,231
2022-10-07,Fresno,019,978130,275874,274628,31544,306172,2865
2022-10-07,Glenn,021,27897,5530,5510,1866,7376,48
2022-10-07,Humboldt,023,135768,21947,21831,5038,26869,159
2022-10-07,Imperial,025,180216,65686,65532,15933,81465,958
2022-10-07,Inyo,027,18085,4496,4489,1003,5492,59
2022-10-07,Kern,029,883053,219646,219191,64443,283634,2418
2022-10-07,Kings,031,150075,59550,59489,4109,63598,458
2022-10-07,Lake,033,64148,12841,12795,1186,13981,147
2022-10-07,Lassen,035,31185,9969,9967,998,10965,65
2022-10-07,Los Angeles,037,10098052,3288661,3278961,182602,3461563,33467
2022-10-07,Madera,039,155013,44093,44029,8260,52289,374
2022-10-07,Marin,041,260295,45419,45190,5291,50481,313
2022-10-07,Mariposa,043,17540,3108,3088,344,3432,31
2022-10-07,Mendocino,045,87422,16076,15992,4510,20502,136
2022-10-07,Merced,047,269075,72643,72236,11846,84082,865
2022-10-07,Modoc,049,8938,879,876,324,1200,11
2022-10-07,Mono,051,14174,3208,3205,257,3462,7
2022-10-07,Monterey,053,433212,94261,94111,21125,115236,766
2022-10-07,Napa,055,140530,32278,32258,1409,33667,160
2022-10-07,Nevada,057,99092,19055,18989,1851,20840,132
2022-10-07,Orange,059,3164182,669062,667297,63600,730897,7452
2022-10-07,Placer,061,380077,76070,75768,9568,85336,660
2022-10-07,Plumas,063,18699,3687,3669,436,4105,13
2022-10-07,Riverside,065,2383286,696745,695315,35447,730762,6567
2022-10-07,Sacramento,067,1510023,347855,346748,34169,380917,3310
2022-10-07,San Benito,069,59416,16350,16188,973,17161,106
2022-10-07,San Bernardino,071,2135413,672435,670906,31034,701940,8116
2022-10-07,San Diego,073,3302833,926148,924672,72359,997031,5498
2022-10-07,San Francisco,075,870044,179780,178943,12151,191094,1045
2022-10-07,San Joaquin,077,732212,198216,197390,14996,212386,2319
2022-10-07,San Luis Obispo,079,281455,63434,63219,7174,70393,524
2022-10-07,San Mateo,081,765935,169309,168413,10497,178910,737
2022-10-07,Santa Barbara,083,443738,106036,105695,6891,112586,725
2022-10-07,Santa Clara,085,1922200,437993,432327,19193,451520,2506
2022-10-07,Santa Cruz,087,273765,63364,63099,3488,66587,273
2022-10-07,Shasta,089,179085,35014,34904,7502,42406,593
2022-10-07,Sierra,091,2930,306,305,60,365,5
2022-10-07,Siskiyou,093,43540,5156,5272,3313,8585,92
2022-10-07,Solano,095,438530,105402,105042,7932,112974,465
2022-10-07,Sonoma,097,501317,107236,106940,5301,112241,520
2022-10-07,Stanislaus,099,539301,138160,137838,21622,159460,1781
2022-10-07,Sutter,101,95872,24337,24326,2462,26788,232
2022-10-07,Tehama,103,63373,13655,13603,3085,16688,210
2022-10-07,Trinity,105,12862,1395,1394,400,1794,20
2022-10-07,Tulare,107,460477,122009,121787,36459,158246,1531
2022-10-07,Tuolumne,109,53932,15594,15558,923,16481,196
2022-10-07,Ventura,111,848112,209243,208632,15790,224422,1567
2022-10-07,Yolo,113,214977,47527,47422,4329,51751,341
2022-10-07,Yuba,115,75493,18928,18914,1732,20646,129
2022-10-06,Alameda,001,1643700,349042,347497,19758,367255,2023
2022-10-06,Alpine,003,1148,135,135,1,136,0
2022-10-06,Amador,005,37829,10006,9999,929,10928,93
2022-10-06,Butte,007,227075,39611,39453,9157,48610,454
2022-10-06,Calaveras,009,45235,8522,8511,563,9074,133
2022-10-06,Colusa,011,21464,3801,3794,1284,5078,22
2022-10-06,Contra Costa,013,1133247,252061,250136,20805,270941,1430
2022-10-06,Del Norte,015,27424,7439,7433,398,7831,56
2022-10-06,El Dorado,017,186661,32386,32320,4277,36597,231
2022-10-06,Fresno,019,978130,275826,274628,31538,306166,2865
2022-10-06,Glenn,021,27897,5529,5510,1865,7375,48
2022-10-06,Humboldt,023,135768,21935,21831,5030,26861,159
2022-10-06,Imperial,025,180216,65662,65532,15925,81457,958
2022-10-06,Inyo,027,18085,4496,4489,1002,5491,59
2022-10-06,Kern,029,883053,219615,219191,64416,283607,2418
2022-10-06,Kings,031,150075,59536,59489,4107,63596,458
2022-10-06,Lake,033,64148,12840,12795,1186,13981,147
2022-10-06,Lassen,035,31185,9969,9967,998,10965,65
2022-10-06,Los Angeles,037,10098052,3287822,3278961,182454,3461415,33467
2022-10-06,Madera,039,155013,44084,44029,8260,52289,374
2022-10-06,Marin,041,260295,45401,45190,5289,50479,313
2022-10-06,Mariposa,043,17540,3108,3088,344,3432,31
2022-10-06,Mendocino,045,87422,16075,15992,4509,20501,136
2022-10-06,Merced,047,269075,72631,72236,11845,84081,865
2022-10-06,Modoc,049,8938,878,876,324,1200,11
2022-10-06,Mono,051,14174,3208,3205,257,3462,7
2022-10-06,Monterey,053,433212,94252,94111,21116,115227,766
2022-10-06,Napa,055,140530,32271,32258,1409,33667,160
2022-10-06,Nevada,057,99092,19049,18989,1850,20839,132
2022-10-06,Orange,059,3164182,668868,667297,63547,730844,7452
2022-10-06,Placer,061,380077,76045,75768,9566,85334,660
2022-10-06,Plumas,063,18699,3685,3669,436,4105,13
2022-10-06,Riverside,065,2383286,696614,695315,35437,730752,6567
2022-10-06,Sacramento,067,1510023,347737,346748,34154,380902,3310
2022-10-06,San Benito,069,59416,16347,16188,972,17160,106
2022-10-06,San Bernardino,071,2135413,672300,670906,31023,701929,8116
2022-10-06,San Diego,073,3302833,925900,924672,72310,996982,5498
2022-10-06,San Francisco,075,870044,179702,178943,12149,191092,1045
2022-10-06,San Joaquin,077,732212,198165,197390,14989,212379,2319
2022-10-06,San Luis Obispo,079,281455,63416,63219,7170,70389,524
2022-10-06,San Mateo,081,765935,169244,168413,10495,178908,737
2022-10-06,Santa Barbara,083,443738,106011,105695,6889,112584,725
2022-10-06,Santa Clara,085,1922200,437829,432327,19185,451512,2506
2022-10-06,Santa Cruz,087,273765,63325,63099,3485,66584,273
2022-10-06,Shasta,089,179085,35003,34904,7496,42400,593
2022-10-06,Sierra,091,2930,306,305,60,365,5
2022-10-06,Siskiyou,093,43540,5154,5272,3313,8585,92
2022-10-06,Solano,095,438530,105371,105042,7928,112970,465
2022-10-06,Sonoma,097,501317,107211,106940,5300,112240,520
2022-10-06,Stanislaus,099,539301,138130,137838,21615,159453,1781
2022-10-06,Sutter,101,95872,24327,24326,2462,26788,232
2022-10-06,Tehama,103,63373,13649,13603,3084,16687,210
2022-10-06,Trinity,105,12862,1395,1394,398,1792,20
2022-10-06,Tulare,107,460477,121992,121787,36454,158241,1531
2022-10-06,Tuolumne,109,53932,15591,15558,922,16480,196
2022-10-06,Ventura,111,848112,209180,208632,15780,224412,1567
2022-10-06,Yolo,113,214977,47515,47422,4327,51749,341
2022-10-06,Yuba,115,75493,18927,18914,1732,20646,129
2022-10-05,Alameda,001,1643700,348882,347497,19751,367248,2023
2022-10-05,Alpine,003,1148,135,135,1,136,0
2022-10-05,Amador,005,37829,10004,9999,929,10928,93
2022-10-05,Butte,007,227075,39604,39453,9154,48607,454
2022-10-05,Calaveras,009,45235,8520,8511,563,9074,133
2022-10-05,Colusa,011,21464,3800,3794,1284,5078,22
2022-10-05,Contra Costa,013,1133247,251969,250136,20794,270930,1430
2022-10-05,Del Norte,015,27424,7436,7433,398,7831,56
2022-10-05,El Dorado,017,186661,32370,32320,4277,36597,231
2022-10-05,Fresno,019,978130,275756,274628,31532,306160,2865
2022-10-05,Glenn,021,27897,5529,5510,1864,7374,48
2022-10-05,Humboldt,023,135768,21921,21831,5025,26856,159
2022-10-05,Imperial,025,180216,65638,65532,15911,81443,958
2022-10-05,Inyo,027,18085,4496,4489,999,5488,59
2022-10-05,Kern,029,883053,219568,219191,64373,283564,2418
2022-10-05,Kings,031,150075,59527,59489,4106,63595,458
2022-10-05,Lake,033,64148,12838,12795,1185,13980,147
2022-10-05,Lassen,035,31185,9969,9967,997,10964,65
2022-10-05,Los Angeles,037,10098052,3286993,3278961,182306,3461267,33467
2022-10-05,Madera,039,155013,44076,44029,8257,52286,374
2022-10-05,Marin,041,260295,45377,45190,5285,50475,313
2022-10-05,Mariposa,043,17540,3107,3088,344,3432,31
2022-10-05,Mendocino,045,87422,16073,15992,4504,20496,136
2022-10-05,Merced,047,269075,72619,72236,11842,84078,865
2022-10-05,Modoc,049,8938,878,876,324,1200,11
2022-10-05,Mono,051,14174,3208,3205,257,3462,7
2022-10-05,Monterey,053,433212,94238,94111,21111,115222,766
2022-10-05,Napa,055,140530,32262,32258,1409,33667,160
2022-10-05,Nevada,057,99092,19041,18989,1850,20839,132
2022-10-05,Orange,059,3164182,668689,667297,63491,730788,7452
2022-10-05,Placer,061,380077,76021,75768,9563,85331,660
2022-10-05,Plumas,063,18699,3682,3669,435,4104,13
2022-10-05,Riverside,065,2383286,696470,695315,35419,730734,6567
2022-10-05,Sacramento,067,1510023,347641,346748,34144,380892,3310
2022-10-05,San Benito,069,59416,16344,16188,972,17160,106
2022-10-05,San Bernardino,071,2135413,672141,670906,31013,701919,8116
2022-10-05,San Diego,073,3302833,925675,924672,72285,996957,5498
2022-10-05,San Francisco,075,870044,179604,178943,12143,191086,1045
2022-10-05,San Joaquin,077,732212,198120,197390,14979,212369,2319
2022-10-05,San Luis Obispo,079,281455,63411,63219,7165,70384,524
2022-10-05,San Mateo,081,765935,169166,168413,10494,178907,737
2022-10-05,Santa Barbara,083,443738,105983,105695,6886,112581,725
2022-10-05,Santa Clara,085,1922200,437653,432327,19178,451505,2506
2022-10-05,Santa Cruz,087,273765,63293,63099,3485,66584,273
2022-10-05,Shasta,089,179085,34996,34904,7489,42393,593
2022-10-05,Sierra,091,2930,306,305,60,365,5
2022-10-05,Siskiyou,093,43540,5149,5272,3311,8583,92
2022-10-05,Solano,095,438530,105336,105042,7924,112966,465
2022-10-05,Sonoma,097,501317,107176,106940,5300,112240,520
2022-10-05,Stanislaus,099,539301,138101,137838,21607,159445,1781
2022-10-05,Sutter,101,95872,24324,24326,2461,26787,232
2022-10-05,Tehama,103,63373,13645,13603,3083,16686,210
2022-10-05,Trinity,105,12862,1395,1394,398,1792,20
2022-10-05,Tulare,107,460477,121974,121787,36432,158219,1531
2022-10-05,Tuolumne,109,53932,15585,15558,922,16480,196
2022-10-05,Ventura,111,848112,209121,208632,15777,224409,1567
2022-10-05,Yolo,113,214977,47498,47422,4325,51747,341
2022-10-05,Yuba,115,75493,18922,18914,1729,20643,129
2022-10-04,Alameda,001,1643700,348741,347497,19737,367234,2023
2022-10-04,Alpine,003,1148,135,135,1,136,0
2022-10-04,Amador,005,37829,10002,9999,929,10928,93
2022-10-04,Butte,007,227075,39592,39453,9152,48605,454
2022-10-04,Calaveras,009,45235,8519,8511,561,9072,133
2022-10-04,Colusa,011,21464,3800,3794,1284,5078,22
2022-10-04,Contra Costa,013,1133247,251889,250136,20787,270923,1430
2022-10-04,Del Norte,015,27424,7434,7433,398,7831,56
2022-10-04,El Dorado,017,186661,32364,32320,4276,36596,231
2022-10-04,Fresno,019,978130,275693,274628,31526,306154,2865
2022-10-04,Glenn,021,27897,5528,5510,1864,7374,48
2022-10-04,Humboldt,023,135768,21908,21831,5024,26855,159
2022-10-04,Imperial,025,180216,65603,65532,15896,81428,958
2022-10-04,Inyo,027,18085,4495,4489,997,5486,59
2022-10-04,Kern,029,883053,219510,219191,64332,283523,2418
2022-10-04,Kings,031,150075,59512,59489,4105,63594,458
2022-10-04,Lake,033,64148,12833,12795,1185,13980,147
2022-10-04,Lassen,035,31185,9968,9967,996,10963,65
2022-10-04,Los Angeles,037,10098052,3286107,3278961,182141,3461102,33467
2022-10-04,Madera,039,155013,44062,44029,8255,52284,374
2022-10-04,Marin,041,260295,45346,45190,5285,50475,313
2022-10-04,Mariposa,043,17540,3107,3088,344,3432,31
2022-10-04,Mendocino,045,87422,16069,15992,4498,20490,136
2022-10-04,Merced,047,269075,72599,72236,11840,84076,865
2022-10-04,Modoc,049,8938,878,876,324,1200,11
2022-10-04,Mono,051,14174,3208,3205,256,3461,7
2022-10-04,Monterey,053,433212,94225,94111,21106,115217,766
2022-10-04,Napa,055,140530,32258,32258,1409,33667,160
2022-10-04,Nevada,057,99092,19038,18989,1850,20839,132
2022-10-04,Orange,059,3164182,668481,667297,63409,730706,7452
2022-10-04,Placer,061,380077,75988,75768,9559,85327,660
2022-10-04,Plumas,063,18699,3676,3669,434,4103,13
2022-10-04,Riverside,065,2383286,696313,695315,35402,730717,6567
2022-10-04,Sacramento,067,1510023,347523,346748,34115,380863,3310
2022-10-04,San Benito,069,59416,16332,16188,971,17159,106
2022-10-04,San Bernardino,071,2135413,671992,670906,31005,701911,8116
2022-10-04,San Diego,073,3302833,925343,924672,72235,996907,5498
2022-10-04,San Francisco,075,870044,179512,178943,12140,191083,1045
2022-10-04,San Joaquin,077,732212,198076,197390,14973,212363,2319
2022-10-04,San Luis Obispo,079,281455,63394,63219,7156,70375,524
2022-10-04,San Mateo,081,765935,169079,168413,10492,178905,737
2022-10-04,Santa Barbara,083,443738,105952,105695,6884,112579,725
2022-10-04,Santa Clara,085,1922200,437462,432327,19171,451498,2506
2022-10-04,Santa Cruz,087,273765,63257,63099,3483,66582,273
2022-10-04,Shasta,089,179085,34982,34904,7484,42388,593
2022-10-04,Sierra,091,2930,306,305,60,365,5
2022-10-04,Siskiyou,093,43540,5148,5272,3311,8583,92
2022-10-04,Solano,095,438530,105290,105042,7923,112965,465
2022-10-04,Sonoma,097,501317,107141,106940,5297,112237,520
2022-10-04,Stanislaus,099,539301,138074,137838,21605,159443,1781
2022-10-04,Sutter,101,95872,24314,24326,2460,26786,232
2022-10-04,Tehama,103,63373,13642,13603,3081,16684,210
2022-10-04,Trinity,105,12862,1395,1394,398,1792,20
2022-10-04,Tulare,107,460477,121949,121787,36422,158209,1531
2022-10-04,Tuolumne,109,53932,15584,15558,922,16480,196
2022-10-04,Ventura,111,848112,209054,208632,15772,224404,1567
2022-10-04,Yolo,113,214977,47482,47422,4322,51744,341
2022-10-04,Yuba,115,75493,18917,18914,1727,20641,129
2022-10-03,Alameda,001,1643700,348558,346369,19729,366098,2020
2022-10-03,Alpine,003,1148,135,134,1,135,0
2022-10-03,Amador,005,37829,10000,9987,929,10916,90
2022-10-03,Butte,007,227075,39577,39378,9148,48526,454
2022-10-03,Calaveras,009,45235,8518,8497,561,9058,133
2022-10-03,Colusa,011,21464,3800,3782,1283,5065,22
2022-10-03,Contra Costa,013,1133247,251780,249273,20782,270055,1426
2022-10-03,Del Norte,015,27424,7433,7421,398,7819,56
2022-10-03,El Dorado,017,186661,32356,32238,4274,36512,231
2022-10-03,Fresno,019,978130,275635,274028,31514,305542,2859
2022-10-03,Glenn,021,27897,5528,5509,1864,7373,48
2022-10-03,Humboldt,023,135768,21894,21744,5022,26766,157
2022-10-03,Imperial,025,180216,65584,65425,15880,81305,958
2022-10-03,Inyo,027,18085,4494,4483,994,5477,59
2022-10-03,Kern,029,883053,219456,218846,64281,283127,2417
2022-10-03,Kings,031,150075,59494,59394,4102,63496,459
2022-10-03,Lake,033,64148,12829,12761,1185,13946,147
2022-10-03,Lassen,035,31185,9966,9962,995,10957,65
2022-10-03,Los Angeles,037,10098052,3285080,3271661,181981,3453642,33336
2022-10-03,Madera,039,155013,44054,43953,8252,52205,374
2022-10-03,Marin,041,260295,45317,45002,5284,50286,310
2022-10-03,Mariposa,043,17540,3107,3079,343,3422,31
2022-10-03,Mendocino,045,87422,16062,15950,4492,20442,136
2022-10-03,Merced,047,269075,72585,72117,11837,83954,863
2022-10-03,Modoc,049,8938,876,873,324,1197,11
2022-10-03,Mono,051,14174,3208,3201,256,3457,7
2022-10-03,Monterey,053,433212,94212,93991,21091,115082,766
2022-10-03,Napa,055,140530,32243,32171,1408,33579,160
2022-10-03,Nevada,057,99092,19031,18923,1848,20771,132
2022-10-03,Orange,059,3164182,668260,665825,63340,729165,7435
2022-10-03,Placer,061,380077,75967,75573,9554,85127,661
2022-10-03,Plumas,063,18699,3675,3645,434,4079,13
2022-10-03,Riverside,065,2383286,696145,694250,35382,729632,6543
2022-10-03,Sacramento,067,1510023,347381,345905,34101,380006,3294
2022-10-03,San Benito,069,59416,16325,16152,971,17123,106
2022-10-03,San Bernardino,071,2135413,671815,668798,30986,699784,8106
2022-10-03,San Diego,073,3302833,925023,922323,72190,994513,5491
2022-10-03,San Francisco,075,870044,179403,178486,12133,190619,1043
2022-10-03,San Joaquin,077,732212,198012,197009,14968,211977,2319
2022-10-03,San Luis Obispo,079,281455,63378,63060,7150,70210,524
2022-10-03,San Mateo,081,765935,168998,167790,10490,178280,736
2022-10-03,Santa Barbara,083,443738,105911,105437,6881,112318,722
2022-10-03,Santa Clara,085,1922200,437243,430899,19158,450057,2494
2022-10-03,Santa Cruz,087,273765,63210,62866,3482,66348,273
2022-10-03,Shasta,089,179085,34975,34849,7479,42328,592
2022-10-03,Sierra,091,2930,306,304,60,364,5
2022-10-03,Siskiyou,093,43540,5148,5261,3308,8569,91
2022-10-03,Solano,095,438530,105234,104704,7921,112625,464
2022-10-03,Sonoma,097,501317,107099,106624,5291,111915,519
2022-10-03,Stanislaus,099,539301,138039,137589,21601,159190,1780
2022-10-03,Sutter,101,95872,24312,24265,2460,26725,232
2022-10-03,Tehama,103,63373,13639,13564,3081,16645,210
2022-10-03,Trinity,105,12862,1395,1392,397,1789,20
2022-10-03,Tulare,107,460477,121928,121589,36403,157992,1531
2022-10-03,Tuolumne,109,53932,15581,15516,922,16438,196
2022-10-03,Ventura,111,848112,208983,208124,15757,223881,1565
2022-10-03,Yolo,113,214977,47465,47279,4317,51596,341
2022-10-03,Yuba,115,75493,18913,18881,1722,20603,132
2022-10-02,Alameda,001,1643700,348354,346369,19717,366086,2020
2022-10-02,Alpine,003,1148,135,134,1,135,0
2022-10-02,Amador,005,37829,10000,9987,929,10916,90
2022-10-02,Butte,007,227075,39565,39378,9146,48524,454
2022-10-02,Calaveras,009,45235,8514,8497,560,9057,133
2022-10-02,Colusa,011,21464,3798,3782,1283,5065,22
2022-10-02,Contra Costa,013,1133247,251673,249273,20771,270044,1426
2022-10-02,Del Norte,015,27424,7430,7421,398,7819,56
2022-10-02,El Dorado,017,186661,32345,32238,4273,36511,231
2022-10-02,Fresno,019,978130,275558,274028,31501,305529,2859
2022-10-02,Glenn,021,27897,5525,5509,1864,7373,48
2022-10-02,Humboldt,023,135768,21877,21744,5013,26757,157
2022-10-02,Imperial,025,180216,65550,65425,15857,81282,958
2022-10-02,Inyo,027,18085,4494,4483,992,5475,59
2022-10-02,Kern,029,883053,219406,218846,64226,283072,2417
2022-10-02,Kings,031,150075,59479,59394,4101,63495,459
2022-10-02,Lake,033,64148,12823,12761,1185,13946,147
2022-10-02,Lassen,035,31185,9965,9962,993,10955,65
2022-10-02,Los Angeles,037,10098052,3283939,3271661,181820,3453481,33336
2022-10-02,Madera,039,155013,44046,43953,8249,52202,374
2022-10-02,Marin,041,260295,45285,45002,5279,50281,310
2022-10-02,Mariposa,043,17540,3107,3079,343,3422,31
2022-10-02,Mendocino,045,87422,16053,15950,4489,20439,136
2022-10-02,Merced,047,269075,72557,72117,11833,83950,863
2022-10-02,Modoc,049,8938,876,873,324,1197,11
2022-10-02,Mono,051,14174,3208,3201,256,3457,7
2022-10-02,Monterey,053,433212,94196,93991,21078,115069,766
2022-10-02,Napa,055,140530,32232,32171,1406,33577,160
2022-10-02,Nevada,057,99092,19025,18923,1848,20771,132
2022-10-02,Orange,059,3164182,667995,665825,63257,729082,7435
2022-10-02,Placer,061,380077,75940,75573,9551,85124,661
2022-10-02,Plumas,063,18699,3671,3645,433,4078,13
2022-10-02,Riverside,065,2383286,695954,694250,35363,729613,6543
2022-10-02,Sacramento,067,1510023,347209,345905,34069,379974,3294
2022-10-02,San Benito,069,59416,16320,16152,971,17123,106
2022-10-02,San Bernardino,071,2135413,671584,668798,30958,699756,8106
2022-10-02,San Diego,073,3302833,924654,922323,72141,994464,5491
2022-10-02,San Francisco,075,870044,179275,178486,12127,190613,1043
2022-10-02,San Joaquin,077,732212,197938,197009,14964,211973,2319
2022-10-02,San Luis Obispo,079,281455,63341,63060,7141,70201,524
2022-10-02,San Mateo,081,765935,168877,167790,10486,178276,736
2022-10-02,Santa Barbara,083,443738,105863,105437,6874,112311,722
2022-10-02,Santa Clara,085,1922200,437026,430899,19139,450038,2494
2022-10-02,Santa Cruz,087,273765,63170,62866,3475,66341,273
2022-10-02,Shasta,089,179085,34960,34849,7476,42325,592
2022-10-02,Sierra,091,2930,306,304,60,364,5
2022-10-02,Siskiyou,093,43540,5148,5261,3307,8568,91
2022-10-02,Solano,095,438530,105173,104704,7914,112618,464
2022-10-02,Sonoma,097,501317,107049,106624,5288,111912,519
2022-10-02,Stanislaus,099,539301,138005,137589,21597,159186,1780
2022-10-02,Sutter,101,95872,24302,24265,2460,26725,232
2022-10-02,Tehama,103,63373,13634,13564,3075,16639,210
2022-10-02,Trinity,105,12862,1395,1392,397,1789,20
2022-10-02,Tulare,107,460477,121902,121589,36384,157973,1531
2022-10-02,Tuolumne,109,53932,15576,15516,922,16438,196
2022-10-02,Ventura,111,848112,208903,208124,15738,223862,1565
2022-10-02,Yolo,113,214977,47453,47279,4313,51592,341
2022-10-02,Yuba,115,75493,18907,18881,1720,20601,132
2022-10-01,Alameda,001,1643700,348239,346369,19714,366083,2020
2022-10-01,Alpine,003,1148,135,134,1,135,0
2022-10-01,Amador,005,37829,9998,9987,929,10916,90
2022-10-01,Butte,007,227075,39554,39378,9139,48517,454
2022-10-01,Calaveras,009,45235,8514,8497,559,9056,133
2022-10-01,Colusa,011,21464,3798,3782,1281,5063,22
2022-10-01,Contra Costa,013,1133247,251599,249273,20768,270041,1426
2022-10-01,Del Norte,015,27424,7428,7421,398,7819,56
2022-10-01,El Dorado,017,186661,32338,32238,4273,36511,231
2022-10-01,Fresno,019,978130,275527,274028,31499,305527,2859
2022-10-01,Glenn,021,27897,5524,5509,1864,7373,48
2022-10-01,Humboldt,023,135768,21874,21744,5012,26756,157
2022-10-01,Imperial,025,180216,65533,65425,15847,81272,958
2022-10-01,Inyo,027,18085,4494,4483,992,5475,59
2022-10-01,Kern,029,883053,219389,218846,64195,283041,2417
2022-10-01,Kings,031,150075,59470,59394,4101,63495,459
2022-10-01,Lake,033,64148,12820,12761,1185,13946,147
2022-10-01,Lassen,035,31185,9963,9962,993,10955,65
2022-10-01,Los Angeles,037,10098052,3283314,3271661,181706,3453367,33336
2022-10-01,Madera,039,155013,44042,43953,8249,52202,374
2022-10-01,Marin,041,260295,45262,45002,5279,50281,310
2022-10-01,Mariposa,043,17540,3107,3079,343,3422,31
2022-10-01,Mendocino,045,87422,16046,15950,4485,20435,136
2022-10-01,Merced,047,269075,72547,72117,11831,83948,863
2022-10-01,Modoc,049,8938,876,873,324,1197,11
2022-10-01,Mono,051,14174,3208,3201,256,3457,7
2022-10-01,Monterey,053,433212,94183,93991,21071,115062,766
2022-10-01,Napa,055,140530,32227,32171,1406,33577,160
2022-10-01,Nevada,057,99092,19022,18923,1847,20770,132
2022-10-01,Orange,059,3164182,667853,665825,63210,729035,7435
2022-10-01,Placer,061,380077,75913,75573,9550,85123,661
2022-10-01,Plumas,063,18699,3670,3645,433,4078,13
2022-10-01,Riverside,065,2383286,695834,694250,35349,729599,6543
2022-10-01,Sacramento,067,1510023,347140,345905,34061,379966,3294
2022-10-01,San Benito,069,59416,16312,16152,968,17120,106
2022-10-01,San Bernardino,071,2135413,671484,668798,30946,699744,8106
2022-10-01,San Diego,073,3302833,924536,922323,72111,994434,5491
2022-10-01,San Francisco,075,870044,179220,178486,12121,190607,1043
2022-10-01,San Joaquin,077,732212,197907,197009,14958,211967,2319
2022-10-01,San Luis Obispo,079,281455,63331,63060,7138,70198,524
2022-10-01,San Mateo,081,765935,168833,167790,10484,178274,736
2022-10-01,Santa Barbara,083,443738,105833,105437,6872,112309,722
2022-10-01,Santa Clara,085,1922200,436855,430899,19136,450035,2494
2022-10-01,Santa Cruz,087,273765,63156,62866,3469,66335,273
2022-10-01,Shasta,089,179085,34954,34849,7472,42321,592
2022-10-01,Sierra,091,2930,306,304,60,364,5
2022-10-01,Siskiyou,093,43540,5146,5261,3305,8566,91
2022-10-01,Solano,095,438530,105165,104704,7912,112616,464
2022-10-01,Sonoma,097,501317,107023,106624,5286,111910,519
2022-10-01,Stanislaus,099,539301,137982,137589,21596,159185,1780
2022-10-01,Sutter,101,95872,24297,24265,2460,26725,232
2022-10-01,Tehama,103,63373,13632,13564,3074,16638,210
2022-10-01,Trinity,105,12862,1395,1392,397,1789,20
2022-10-01,Tulare,107,460477,121893,121589,36370,157959,1531
2022-10-01,Tuolumne,109,53932,15574,15516,922,16438,196
2022-10-01,Ventura,111,848112,208856,208124,15730,223854,1565
2022-10-01,Yolo,113,214977,47443,47279,4311,51590,341
2022-10-01,Yuba,115,75493,18900,18881,1719,20600,132
2022-09-30,Alameda,001,1643700,348122,346369,19708,366077,2020
2022-09-30,Alpine,003,1148,135,134,1,135,0
2022-09-30,Amador,005,37829,9996,9987,929,10916,90
2022-09-30,Butte,007,227075,39543,39378,9137,48515,454
2022-09-30,Calaveras,009,45235,8511,8497,559,9056,133
2022-09-30,Colusa,011,21464,3797,3782,1280,5062,22
2022-09-30,Contra Costa,013,1133247,251509,249273,20766,270039,1426
2022-09-30,Del Norte,015,27424,7427,7421,398,7819,56
2022-09-30,El Dorado,017,186661,32329,32238,4269,36507,231
2022-09-30,Fresno,019,978130,275484,274028,31492,305520,2859
2022-09-30,Glenn,021,27897,5523,5509,1864,7373,48
2022-09-30,Humboldt,023,135768,21860,21744,5009,26753,157
2022-09-30,Imperial,025,180216,65523,65425,15839,81264,958
2022-09-30,Inyo,027,18085,4493,4483,990,5473,59
2022-09-30,Kern,029,883053,219370,218846,64162,283008,2417
2022-09-30,Kings,031,150075,59464,59394,4101,63495,459
2022-09-30,Lake,033,64148,12817,12761,1185,13946,147
2022-09-30,Lassen,035,31185,9963,9962,993,10955,65
2022-09-30,Los Angeles,037,10098052,3282574,3271661,181586,3453247,33336
2022-09-30,Madera,039,155013,44036,43953,8248,52201,374
2022-09-30,Marin,041,260295,45238,45002,5278,50280,310
2022-09-30,Mariposa,043,17540,3106,3079,343,3422,31
2022-09-30,Mendocino,045,87422,16038,15950,4481,20431,136
2022-09-30,Merced,047,269075,72535,72117,11831,83948,863
2022-09-30,Modoc,049,8938,876,873,324,1197,11
2022-09-30,Mono,051,14174,3208,3201,256,3457,7
2022-09-30,Monterey,053,433212,94164,93991,21065,115056,766
2022-09-30,Napa,055,140530,32216,32171,1406,33577,160
2022-09-30,Nevada,057,99092,19016,18923,1847,20770,132
2022-09-30,Orange,059,3164182,667716,665825,63171,728996,7435
2022-09-30,Placer,061,380077,75895,75573,9544,85117,661
2022-09-30,Plumas,063,18699,3669,3645,433,4078,13
2022-09-30,Riverside,065,2383286,695722,694250,35337,729587,6543
2022-09-30,Sacramento,067,1510023,347057,345905,34058,379963,3294
2022-09-30,San Benito,069,59416,16309,16152,968,17120,106
2022-09-30,San Bernardino,071,2135413,671364,668798,30933,699731,8106
2022-09-30,San Diego,073,3302833,924319,922323,72084,994407,5491
2022-09-30,San Francisco,075,870044,179156,178486,12115,190601,1043
2022-09-30,San Joaquin,077,732212,197873,197009,14956,211965,2319
2022-09-30,San Luis Obispo,079,281455,63326,63060,7135,70195,524
2022-09-30,San Mateo,081,765935,168770,167790,10480,178270,736
2022-09-30,Santa Barbara,083,443738,105808,105437,6872,112309,722
2022-09-30,Santa Clara,085,1922200,436675,430899,19124,450023,2494
2022-09-30,Santa Cruz,087,273765,63134,62866,3467,66333,273
2022-09-30,Shasta,089,179085,34951,34849,7468,42317,592
2022-09-30,Sierra,091,2930,306,304,60,364,5
2022-09-30,Siskiyou,093,43540,5145,5261,3305,8566,91
2022-09-30,Solano,095,438530,105135,104704,7909,112613,464
2022-09-30,Sonoma,097,501317,106989,106624,5284,111908,519
2022-09-30,Stanislaus,099,539301,137962,137589,21594,159183,1780
2022-09-30,Sutter,101,95872,24295,24265,2460,26725,232
2022-09-30,Tehama,103,63373,13630,13564,3074,16638,210
2022-09-30,Trinity,105,12862,1394,1392,397,1789,20
2022-09-30,Tulare,107,460477,121872,121589,36357,157946,1531
2022-09-30,Tuolumne,109,53932,15571,15516,922,16438,196
2022-09-30,Ventura,111,848112,208804,208124,15725,223849,1565
2022-09-30,Yolo,113,214977,47432,47279,4311,51590,341
2022-09-30,Yuba,115,75493,18895,18881,1719,20600,132
2022-09-29,Alameda,001,1643700,347958,346369,19693,366062,2020
2022-09-29,Alpine,003,1148,135,134,1,135,0
2022-09-29,Amador,005,37829,9993,9987,928,10915,90
2022-09-29,Butte,007,227075,39537,39378,9132,48510,454
2022-09-29,Calaveras,009,45235,8506,8497,558,9055,133
2022-09-29,Colusa,011,21464,3796,3782,1280,5062,22
2022-09-29,Contra Costa,013,1133247,251410,249273,20757,270030,1426
2022-09-29,Del Norte,015,27424,7424,7421,398,7819,56
2022-09-29,El Dorado,017,186661,32318,32238,4264,36502,231
2022-09-29,Fresno,019,978130,275391,274028,31483,305511,2859
2022-09-29,Glenn,021,27897,5523,5509,1864,7373,48
2022-09-29,Humboldt,023,135768,21848,21744,5007,26751,157
2022-09-29,Imperial,025,180216,65503,65425,15827,81252,958
2022-09-29,Inyo,027,18085,4493,4483,988,5471,59
2022-09-29,Kern,029,883053,219338,218846,64122,282968,2417
2022-09-29,Kings,031,150075,59457,59394,4100,63494,459
2022-09-29,Lake,033,64148,12813,12761,1185,13946,147
2022-09-29,Lassen,035,31185,9962,9962,993,10955,65
2022-09-29,Los Angeles,037,10098052,3281587,3271661,181473,3453134,33336
2022-09-29,Madera,039,155013,44026,43953,8245,52198,374
2022-09-29,Marin,041,260295,45213,45002,5274,50276,310
2022-09-29,Mariposa,043,17540,3104,3079,343,3422,31
2022-09-29,Mendocino,045,87422,16034,15950,4481,20431,136
2022-09-29,Merced,047,269075,72520,72117,11830,83947,863
2022-09-29,Modoc,049,8938,876,873,324,1197,11
2022-09-29,Mono,051,14174,3207,3201,256,3457,7
2022-09-29,Monterey,053,433212,94153,93991,21058,115049,766
2022-09-29,Napa,055,140530,32205,32171,1406,33577,160
2022-09-29,Nevada,057,99092,19006,18923,1844,20767,132
2022-09-29,Orange,059,3164182,667491,665825,63119,728944,7435
2022-09-29,Placer,061,380077,75871,75573,9535,85108,661
2022-09-29,Plumas,063,18699,3668,3645,432,4077,13
2022-09-29,Riverside,065,2383286,695571,694250,35325,729575,6543
2022-09-29,Sacramento,067,1510023,346918,345905,34039,379944,3294
2022-09-29,San Benito,069,59416,16304,16152,967,17119,106
2022-09-29,San Bernardino,071,2135413,671218,668798,30921,699719,8106
2022-09-29,San Diego,073,3302833,924072,922323,72053,994376,5491
2022-09-29,San Francisco,075,870044,179070,178486,12103,190589,1043
2022-09-29,San Joaquin,077,732212,197828,197009,14947,211956,2319
2022-09-29,San Luis Obispo,079,281455,63306,63060,7129,70189,524
2022-09-29,San Mateo,081,765935,168687,167790,10478,178268,736
2022-09-29,Santa Barbara,083,443738,105774,105437,6869,112306,722
2022-09-29,Santa Clara,085,1922200,436480,430899,19113,450012,2494
2022-09-29,Santa Cruz,087,273765,63090,62866,3461,66327,273
2022-09-29,Shasta,089,179085,34944,34849,7462,42311,592
2022-09-29,Sierra,091,2930,306,304,60,364,5
2022-09-29,Siskiyou,093,43540,5142,5261,3304,8565,91
2022-09-29,Solano,095,438530,105101,104704,7904,112608,464
2022-09-29,Sonoma,097,501317,106930,106624,5282,111906,519
2022-09-29,Stanislaus,099,539301,137930,137589,21593,159182,1780
2022-09-29,Sutter,101,95872,24292,24265,2460,26725,232
2022-09-29,Tehama,103,63373,13628,13564,3073,16637,210
2022-09-29,Trinity,105,12862,1394,1392,394,1786,20
2022-09-29,Tulare,107,460477,121856,121589,36337,157926,1531
2022-09-29,Tuolumne,109,53932,15567,15516,922,16438,196
2022-09-29,Ventura,111,848112,208744,208124,15716,223840,1565
2022-09-29,Yolo,113,214977,47419,47279,4309,51588,341
2022-09-29,Yuba,115,75493,18893,18881,1719,20600,132
2022-09-28,Alameda,001,1643700,347797,346369,19677,366046,2020
2022-09-28,Alpine,003,1148,134,134,1,135,0
2022-09-28,Amador,005,37829,9991,9987,928,10915,90
2022-09-28,Butte,007,227075,39530,39378,9124,48502,454
2022-09-28,Calaveras,009,45235,8504,8497,558,9055,133
2022-09-28,Colusa,011,21464,3796,3782,1280,5062,22
2022-09-28,Contra Costa,013,1133247,251303,249273,20744,270017,1426
2022-09-28,Del Norte,015,27424,7422,7421,398,7819,56
2022-09-28,El Dorado,017,186661,32310,32238,4262,36500,231
2022-09-28,Fresno,019,978130,275309,274028,31466,305494,2859
2022-09-28,Glenn,021,27897,5522,5509,1864,7373,48
2022-09-28,Humboldt,023,135768,21838,21744,5004,26748,157
2022-09-28,Imperial,025,180216,65487,65425,15820,81245,958
2022-09-28,Inyo,027,18085,4491,4483,988,5471,59
2022-09-28,Kern,029,883053,219285,218846,64072,282918,2417
2022-09-28,Kings,031,150075,59435,59394,4095,63489,459
2022-09-28,Lake,033,64148,12804,12761,1185,13946,147
2022-09-28,Lassen,035,31185,9961,9962,993,10955,65
2022-09-28,Los Angeles,037,10098052,3280466,3271661,181364,3453025,33336
2022-09-28,Madera,039,155013,44019,43953,8244,52197,374
2022-09-28,Marin,041,260295,45186,45002,5273,50275,310
2022-09-28,Mariposa,043,17540,3104,3079,343,3422,31
2022-09-28,Mendocino,045,87422,16031,15950,4477,20427,136
2022-09-28,Merced,047,269075,72508,72117,11824,83941,863
2022-09-28,Modoc,049,8938,876,873,323,1196,11
2022-09-28,Mono,051,14174,3207,3201,256,3457,7
2022-09-28,Monterey,053,433212,94139,93991,21050,115041,766
2022-09-28,Napa,055,140530,32190,32171,1404,33575,160
2022-09-28,Nevada,057,99092,18998,18923,1831,20754,132
2022-09-28,Orange,059,3164182,667266,665825,63056,728881,7435
2022-09-28,Placer,061,380077,75837,75573,9532,85105,661
2022-09-28,Plumas,063,18699,3666,3645,432,4077,13
2022-09-28,Riverside,065,2383286,695407,694250,35307,729557,6543
2022-09-28,Sacramento,067,1510023,346792,345905,34016,379921,3294
2022-09-28,San Benito,069,59416,16299,16152,964,17116,106
2022-09-28,San Bernardino,071,2135413,671056,668798,30901,699699,8106
2022-09-28,San Diego,073,3302833,923754,922323,72022,994345,5491
2022-09-28,San Francisco,075,870044,178972,178486,12099,190585,1043
2022-09-28,San Joaquin,077,732212,197790,197009,14944,211953,2319
2022-09-28,San Luis Obispo,079,281455,63289,63060,7121,70181,524
2022-09-28,San Mateo,081,765935,168611,167790,10471,178261,736
2022-09-28,Santa Barbara,083,443738,105740,105437,6864,112301,722
2022-09-28,Santa Clara,085,1922200,436312,430899,19103,450002,2494
2022-09-28,Santa Cruz,087,273765,63053,62866,3460,66326,273
2022-09-28,Shasta,089,179085,34939,34849,7457,42306,592
2022-09-28,Sierra,091,2930,306,304,60,364,5
2022-09-28,Siskiyou,093,43540,5140,5261,3303,8564,91
2022-09-28,Solano,095,438530,105073,104704,7902,112606,464
2022-09-28,Sonoma,097,501317,106895,106624,5276,111900,519
2022-09-28,Stanislaus,099,539301,137895,137589,21589,159178,1780
2022-09-28,Sutter,101,95872,24278,24265,2459,26724,232
2022-09-28,Tehama,103,63373,13624,13564,3073,16637,210
2022-09-28,Trinity,105,12862,1394,1392,392,1784,20
2022-09-28,Tulare,107,460477,121830,121589,36328,157917,1531
2022-09-28,Tuolumne,109,53932,15563,15516,922,16438,196
2022-09-28,Ventura,111,848112,208679,208124,15713,223837,1565
2022-09-28,Yolo,113,214977,47396,47279,4306,51585,341
2022-09-28,Yuba,115,75493,18888,18881,1716,20597,132
2022-09-27,Alameda,001,1643700,347629,346369,19663,366032,2020
2022-09-27,Alpine,003,1148,134,134,1,135,0
2022-09-27,Amador,005,37829,9988,9987,926,10913,90
2022-09-27,Butte,007,227075,39522,39378,9119,48497,454
2022-09-27,Calaveras,009,45235,8502,8497,558,9055,133
2022-09-27,Colusa,011,21464,3796,3782,1280,5062,22
2022-09-27,Contra Costa,013,1133247,251196,249273,20735,270008,1426
2022-09-27,Del Norte,015,27424,7422,7421,398,7819,56
2022-09-27,El Dorado,017,186661,32293,32238,4260,36498,231
2022-09-27,Fresno,019,978130,275247,274028,31456,305484,2859
2022-09-27,Glenn,021,27897,5521,5509,1864,7373,48
2022-09-27,Humboldt,023,135768,21827,21744,4999,26743,157
2022-09-27,Imperial,025,180216,65465,65425,15814,81239,958
2022-09-27,Inyo,027,18085,4489,4483,986,5469,59
2022-09-27,Kern,029,883053,219227,218846,64043,282889,2417
2022-09-27,Kings,031,150075,59419,59394,4095,63489,459
2022-09-27,Lake,033,64148,12800,12761,1184,13945,147
2022-09-27,Lassen,035,31185,9959,9962,993,10955,65
2022-09-27,Los Angeles,037,10098052,3279271,3271661,181203,3452864,33336
2022-09-27,Madera,039,155013,44007,43953,8243,52196,374
2022-09-27,Marin,041,260295,45158,45002,5269,50271,310
2022-09-27,Mariposa,043,17540,3103,3079,343,3422,31
2022-09-27,Mendocino,045,87422,16022,15950,4471,20421,136
2022-09-27,Merced,047,269075,72489,72117,11818,83935,863
2022-09-27,Modoc,049,8938,876,873,323,1196,11
2022-09-27,Mono,051,14174,3206,3201,256,3457,7
2022-09-27,Monterey,053,433212,94118,93991,21034,115025,766
2022-09-27,Napa,055,140530,32173,32171,1404,33575,160
2022-09-27,Nevada,057,99092,18989,18923,1830,20753,132
2022-09-27,Orange,059,3164182,666997,665825,62991,728816,7435
2022-09-27,Placer,061,380077,75796,75573,9527,85100,661
2022-09-27,Plumas,063,18699,3663,3645,432,4077,13
2022-09-27,Riverside,065,2383286,695212,694250,35282,729532,6543
2022-09-27,Sacramento,067,1510023,346646,345905,33993,379898,3294
2022-09-27,San Benito,069,59416,16298,16152,964,17116,106
2022-09-27,San Bernardino,071,2135413,670806,668798,30885,699683,8106
2022-09-27,San Diego,073,3302833,923360,922323,71986,994309,5491
2022-09-27,San Francisco,075,870044,178862,178486,12097,190583,1043
2022-09-27,San Joaquin,077,732212,197738,197009,14937,211946,2319
2022-09-27,San Luis Obispo,079,281455,63260,63060,7120,70180,524
2022-09-27,San Mateo,081,765935,168542,167790,10468,178258,736
2022-09-27,Santa Barbara,083,443738,105697,105437,6858,112295,722
2022-09-27,Santa Clara,085,1922200,436090,430899,19082,449981,2494
2022-09-27,Santa Cruz,087,273765,63022,62866,3455,66321,273
2022-09-27,Shasta,089,179085,34928,34849,7449,42298,592
2022-09-27,Sierra,091,2930,304,304,60,364,5
2022-09-27,Siskiyou,093,43540,5138,5261,3303,8564,91
2022-09-27,Solano,095,438530,105030,104704,7900,112604,464
2022-09-27,Sonoma,097,501317,106844,106624,5273,111897,519
2022-09-27,Stanislaus,099,539301,137867,137589,21588,159177,1780
2022-09-27,Sutter,101,95872,24264,24265,2459,26724,232
2022-09-27,Tehama,103,63373,13622,13564,3072,16636,210
2022-09-27,Trinity,105,12862,1394,1392,389,1781,20
2022-09-27,Tulare,107,460477,121806,121589,36310,157899,1531
2022-09-27,Tuolumne,109,53932,15557,15516,922,16438,196
2022-09-27,Ventura,111,848112,208599,208124,15703,223827,1565
2022-09-27,Yolo,113,214977,47368,47279,4305,51584,341
2022-09-27,Yuba,115,75493,18884,18881,1715,20596,132
2022-09-26,Alameda,001,1643700,347439,345351,19658,365009,2012
2022-09-26,Alpine,003,1148,134,134,1,135,0
2022-09-26,Amador,005,37829,9987,9954,925,10879,90
2022-09-26,Butte,007,227075,39510,39282,9116,48398,453
2022-09-26,Calaveras,009,45235,8499,8475,555,9030,133
2022-09-26,Colusa,011,21464,3793,3775,1278,5053,22
2022-09-26,Contra Costa,013,1133247,251060,248053,20722,268775,1424
2022-09-26,Del Norte,015,27424,7421,7403,398,7801,57
2022-09-26,El Dorado,017,186661,32275,32159,4257,36416,231
2022-09-26,Fresno,019,978130,275175,273381,31440,304821,2850
2022-09-26,Glenn,021,27897,5521,5494,1864,7358,48
2022-09-26,Humboldt,023,135768,21815,21641,4994,26635,156
2022-09-26,Imperial,025,180216,65444,65297,15799,81096,957
2022-09-26,Inyo,027,18085,4489,4481,985,5466,59
2022-09-26,Kern,029,883053,219171,218413,64014,282427,2408
2022-09-26,Kings,031,150075,59407,59288,4093,63381,456
2022-09-26,Lake,033,64148,12794,12731,1184,13915,146
2022-09-26,Lassen,035,31185,9959,9947,992,10939,65
2022-09-26,Los Angeles,037,10098052,3278085,3263510,181030,3444540,33258
2022-09-26,Madera,039,155013,43988,43910,8240,52150,374
2022-09-26,Marin,041,260295,45128,44823,5264,50087,310
2022-09-26,Mariposa,043,17540,3102,3074,343,3417,31
2022-09-26,Mendocino,045,87422,16012,15911,4471,20382,136
2022-09-26,Merced,047,269075,72476,71875,11814,83689,862
2022-09-26,Modoc,049,8938,874,872,323,1195,11
2022-09-26,Mono,051,14174,3204,3198,256,3454,7
2022-09-26,Monterey,053,433212,94101,93829,21013,114842,766
2022-09-26,Napa,055,140530,32155,32094,1403,33497,160
2022-09-26,Nevada,057,99092,18980,18861,1828,20689,132
2022-09-26,Orange,059,3164182,666740,664263,62926,727189,7425
2022-09-26,Placer,061,380077,75760,75381,9519,84900,660
2022-09-26,Plumas,063,18699,3663,3632,432,4064,13
2022-09-26,Riverside,065,2383286,695010,693038,35267,728305,6610
2022-09-26,Sacramento,067,1510023,346486,344748,33966,378714,3282
2022-09-26,San Benito,069,59416,16291,16114,964,17078,106
2022-09-26,San Bernardino,071,2135413,670607,667124,30873,697997,8097
2022-09-26,San Diego,073,3302833,922939,920118,71956,992074,5487
2022-09-26,San Francisco,075,870044,178766,176887,12094,188981,1031
2022-09-26,San Joaquin,077,732212,197673,196573,14927,211500,2306
2022-09-26,San Luis Obispo,079,281455,63228,62950,7115,70065,522
2022-09-26,San Mateo,081,765935,168453,167123,10463,177586,736
2022-09-26,Santa Barbara,083,443738,105658,105185,6853,112038,720
2022-09-26,Santa Clara,085,1922200,435839,429334,19064,448398,2486
2022-09-26,Santa Cruz,087,273765,62983,62704,3453,66157,274
2022-09-26,Shasta,089,179085,34921,34762,7440,42202,592
2022-09-26,Sierra,091,2930,304,303,60,363,5
2022-09-26,Siskiyou,093,43540,5138,5243,3301,8544,90
2022-09-26,Solano,095,438530,104988,104383,7894,112277,463
2022-09-26,Sonoma,097,501317,106775,106322,5269,111591,519
2022-09-26,Stanislaus,099,539301,137837,137340,21582,158922,1752
2022-09-26,Sutter,101,95872,24255,24198,2459,26657,232
2022-09-26,Tehama,103,63373,13619,13528,3072,16600,210
2022-09-26,Trinity,105,12862,1394,1390,388,1778,20
2022-09-26,Tulare,107,460477,121766,121446,36295,157741,1530
2022-09-26,Tuolumne,109,53932,15555,15469,921,16390,196
2022-09-26,Ventura,111,848112,208507,207684,15695,223379,1566
2022-09-26,Yolo,113,214977,47343,47147,4299,51446,335
2022-09-26,Yuba,115,75493,18878,18834,1713,20547,129
2022-09-25,Alameda,001,1643700,347223,345351,19638,364989,2012
2022-09-25,Alpine,003,1148,134,134,1,135,0
2022-09-25,Amador,005,37829,9983,9954,923,10877,90
2022-09-25,Butte,007,227075,39488,39282,9109,48391,453
2022-09-25,Calaveras,009,45235,8495,8475,550,9025,133
2022-09-25,Colusa,011,21464,3791,3775,1272,5047,22
2022-09-25,Contra Costa,013,1133247,250915,248053,20702,268755,1424
2022-09-25,Del Norte,015,27424,7416,7403,398,7801,57
2022-09-25,El Dorado,017,186661,32261,32159,4255,36414,231
2022-09-25,Fresno,019,978130,275069,273381,31414,304795,2850
2022-09-25,Glenn,021,27897,5521,5494,1864,7358,48
2022-09-25,Humboldt,023,135768,21805,21641,4990,26631,156
2022-09-25,Imperial,025,180216,65424,65297,15786,81083,957
2022-09-25,Inyo,027,18085,4486,4481,984,5465,59
2022-09-25,Kern,029,883053,219110,218413,63935,282348,2408
2022-09-25,Kings,031,150075,59388,59288,4092,63380,456
2022-09-25,Lake,033,64148,12789,12731,1182,13913,146
2022-09-25,Lassen,035,31185,9958,9947,992,10939,65
2022-09-25,Los Angeles,037,10098052,3276620,3263510,180833,3444343,33258
2022-09-25,Madera,039,155013,43974,43910,8235,52145,374
2022-09-25,Marin,041,260295,45087,44823,5264,50087,310
2022-09-25,Mariposa,043,17540,3102,3074,343,3417,31
2022-09-25,Mendocino,045,87422,16002,15911,4464,20375,136
2022-09-25,Merced,047,269075,72452,71875,11807,83682,862
2022-09-25,Modoc,049,8938,874,872,323,1195,11
2022-09-25,Mono,051,14174,3204,3198,254,3452,7
2022-09-25,Monterey,053,433212,94077,93829,21002,114831,766
2022-09-25,Napa,055,140530,32137,32094,1402,33496,160
2022-09-25,Nevada,057,99092,18967,18861,1828,20689,132
2022-09-25,Orange,059,3164182,666439,664263,62857,727120,7425
2022-09-25,Placer,061,380077,75714,75381,9506,84887,660
2022-09-25,Plumas,063,18699,3657,3632,432,4064,13
2022-09-25,Riverside,065,2383286,694793,693038,35248,728286,6610
2022-09-25,Sacramento,067,1510023,346328,344748,33930,378678,3282
2022-09-25,San Benito,069,59416,16279,16114,964,17078,106
2022-09-25,San Bernardino,071,2135413,670374,667124,30851,697975,8097
2022-09-25,San Diego,073,3302833,922491,920118,71917,992035,5487
2022-09-25,San Francisco,075,870044,178642,176887,12089,188976,1031
2022-09-25,San Joaquin,077,732212,197588,196573,14910,211483,2306
2022-09-25,San Luis Obispo,079,281455,63194,62950,7107,70057,522
2022-09-25,San Mateo,081,765935,168327,167123,10454,177577,736
2022-09-25,Santa Barbara,083,443738,105604,105185,6851,112036,720
2022-09-25,Santa Clara,085,1922200,435595,429334,19043,448377,2486
2022-09-25,Santa Cruz,087,273765,62935,62704,3445,66149,274
2022-09-25,Shasta,089,179085,34908,34762,7431,42193,592
2022-09-25,Sierra,091,2930,304,303,60,363,5
2022-09-25,Siskiyou,093,43540,5136,5243,3300,8543,90
2022-09-25,Solano,095,438530,104922,104383,7890,112273,463
2022-09-25,Sonoma,097,501317,106719,106322,5266,111588,519
2022-09-25,Stanislaus,099,539301,137785,137340,21579,158919,1752
2022-09-25,Sutter,101,95872,24239,24198,2459,26657,232
2022-09-25,Tehama,103,63373,13611,13528,3072,16600,210
2022-09-25,Trinity,105,12862,1394,1390,388,1778,20
2022-09-25,Tulare,107,460477,121735,121446,36273,157719,1530
2022-09-25,Tuolumne,109,53932,15549,15469,920,16389,196
2022-09-25,Ventura,111,848112,208404,207684,15682,223366,1566
2022-09-25,Yolo,113,214977,47317,47147,4294,51441,335
2022-09-25,Yuba,115,75493,18874,18834,1712,20546,129
2022-09-24,Alameda,001,1643700,347111,345351,19631,364982,2012
2022-09-24,Alpine,003,1148,134,134,1,135,0
2022-09-24,Amador,005,37829,9981,9954,922,10876,90
2022-09-24,Butte,007,227075,39481,39282,9107,48389,453
2022-09-24,Calaveras,009,45235,8492,8475,550,9025,133
2022-09-24,Colusa,011,21464,3790,3775,1271,5046,22
2022-09-24,Contra Costa,013,1133247,250829,248053,20698,268751,1424
2022-09-24,Del Norte,015,27424,7413,7403,398,7801,57
2022-09-24,El Dorado,017,186661,32249,32159,4251,36410,231
2022-09-24,Fresno,019,978130,275030,273381,31408,304789,2850
2022-09-24,Glenn,021,27897,5520,5494,1864,7358,48
2022-09-24,Humboldt,023,135768,21791,21641,4989,26630,156
2022-09-24,Imperial,025,180216,65409,65297,15780,81077,957
2022-09-24,Inyo,027,18085,4486,4481,984,5465,59
2022-09-24,Kern,029,883053,219080,218413,63896,282309,2408
2022-09-24,Kings,031,150075,59376,59288,4092,63380,456
2022-09-24,Lake,033,64148,12787,12731,1181,13912,146
2022-09-24,Lassen,035,31185,9957,9947,992,10939,65
2022-09-24,Los Angeles,037,10098052,3275899,3263510,180689,3444199,33258
2022-09-24,Madera,039,155013,43971,43910,8232,52142,374
2022-09-24,Marin,041,260295,45072,44823,5264,50087,310
2022-09-24,Mariposa,043,17540,3100,3074,343,3417,31
2022-09-24,Mendocino,045,87422,15998,15911,4463,20374,136
2022-09-24,Merced,047,269075,72439,71875,11807,83682,862
2022-09-24,Modoc,049,8938,874,872,322,1194,11
2022-09-24,Mono,051,14174,3204,3198,254,3452,7
2022-09-24,Monterey,053,433212,94067,93829,20997,114826,766
2022-09-24,Napa,055,140530,32128,32094,1401,33495,160
2022-09-24,Nevada,057,99092,18962,18861,1825,20686,132
2022-09-24,Orange,059,3164182,666281,664263,62797,727060,7425
2022-09-24,Placer,061,380077,75690,75381,9500,84881,660
2022-09-24,Plumas,063,18699,3654,3632,432,4064,13
2022-09-24,Riverside,065,2383286,694668,693038,35238,728276,6610
2022-09-24,Sacramento,067,1510023,346256,344748,33920,378668,3282
2022-09-24,San Benito,069,59416,16271,16114,964,17078,106
2022-09-24,San Bernardino,071,2135413,670261,667124,30841,697965,8097
2022-09-24,San Diego,073,3302833,922287,920118,71903,992021,5487
2022-09-24,San Francisco,075,870044,178563,176887,12083,188970,1031
2022-09-24,San Joaquin,077,732212,197562,196573,14903,211476,2306
2022-09-24,San Luis Obispo,079,281455,63182,62950,7106,70056,522
2022-09-24,San Mateo,081,765935,168257,167123,10445,177568,736
2022-09-24,Santa Barbara,083,443738,105580,105185,6850,112035,720
2022-09-24,Santa Clara,085,1922200,435438,429334,19030,448364,2486
2022-09-24,Santa Cruz,087,273765,62918,62704,3442,66146,274
2022-09-24,Shasta,089,179085,34903,34762,7429,42191,592
2022-09-24,Sierra,091,2930,304,303,60,363,5
2022-09-24,Siskiyou,093,43540,5133,5243,3300,8543,90
2022-09-24,Solano,095,438530,104903,104383,7889,112272,463
2022-09-24,Sonoma,097,501317,106691,106322,5263,111585,519
2022-09-24,Stanislaus,099,539301,137758,137340,21573,158913,1752
2022-09-24,Sutter,101,95872,24232,24198,2459,26657,232
2022-09-24,Tehama,103,63373,13606,13528,3071,16599,210
2022-09-24,Trinity,105,12862,1394,1390,388,1778,20
2022-09-24,Tulare,107,460477,121716,121446,36256,157702,1530
2022-09-24,Tuolumne,109,53932,15541,15469,920,16389,196
2022-09-24,Ventura,111,848112,208357,207684,15675,223359,1566
2022-09-24,Yolo,113,214977,47302,47147,4292,51439,335
2022-09-24,Yuba,115,75493,18869,18834,1711,20545,129
2022-09-23,Alameda,001,1643700,346971,345351,19619,364970,2012
2022-09-23,Alpine,003,1148,134,134,1,135,0
2022-09-23,Amador,005,37829,9977,9954,922,10876,90
2022-09-23,Butte,007,227075,39473,39282,9104,48386,453
2022-09-23,Calaveras,009,45235,8491,8475,550,9025,133
2022-09-23,Colusa,011,21464,3790,3775,1271,5046,22
2022-09-23,Contra Costa,013,1133247,250747,248053,20696,268749,1424
2022-09-23,Del Norte,015,27424,7410,7403,398,7801,57
2022-09-23,El Dorado,017,186661,32235,32159,4249,36408,231
2022-09-23,Fresno,019,978130,274983,273381,31400,304781,2850
2022-09-23,Glenn,021,27897,5518,5494,1863,7357,48
2022-09-23,Humboldt,023,135768,21774,21641,4982,26623,156
2022-09-23,Imperial,025,180216,65399,65297,15773,81070,957
2022-09-23,Inyo,027,18085,4486,4481,980,5461,59
2022-09-23,Kern,029,883053,219041,218413,63872,282285,2408
2022-09-23,Kings,031,150075,59368,59288,4092,63380,456
2022-09-23,Lake,033,64148,12787,12731,1181,13912,146
2022-09-23,Lassen,035,31185,9955,9947,992,10939,65
2022-09-23,Los Angeles,037,10098052,3275134,3263510,180608,3444118,33258
2022-09-23,Madera,039,155013,43961,43910,8232,52142,374
2022-09-23,Marin,041,260295,45049,44823,5262,50085,310
2022-09-23,Mariposa,043,17540,3099,3074,343,3417,31
2022-09-23,Mendocino,045,87422,15996,15911,4463,20374,136
2022-09-23,Merced,047,269075,72428,71875,11806,83681,862
2022-09-23,Modoc,049,8938,874,872,322,1194,11
2022-09-23,Mono,051,14174,3204,3198,254,3452,7
2022-09-23,Monterey,053,433212,94059,93829,20987,114816,766
2022-09-23,Napa,055,140530,32119,32094,1401,33495,160
2022-09-23,Nevada,057,99092,18958,18861,1824,20685,132
2022-09-23,Orange,059,3164182,666113,664263,62764,727027,7425
2022-09-23,Placer,061,380077,75668,75381,9494,84875,660
2022-09-23,Plumas,063,18699,3651,3632,432,4064,13
2022-09-23,Riverside,065,2383286,694535,693038,35228,728266,6610
2022-09-23,Sacramento,067,1510023,346183,344748,33916,378664,3282
2022-09-23,San Benito,069,59416,16271,16114,964,17078,106
2022-09-23,San Bernardino,071,2135413,670131,667124,30834,697958,8097
2022-09-23,San Diego,073,3302833,922041,920118,71870,991988,5487
2022-09-23,San Francisco,075,870044,178487,176887,12078,188965,1031
2022-09-23,San Joaquin,077,732212,197524,196573,14892,211465,2306
2022-09-23,San Luis Obispo,079,281455,63172,62950,7105,70055,522
2022-09-23,San Mateo,081,765935,168186,167123,10440,177563,736
2022-09-23,Santa Barbara,083,443738,105553,105185,6849,112034,720
2022-09-23,Santa Clara,085,1922200,435274,429334,19016,448350,2486
2022-09-23,Santa Cruz,087,273765,62902,62704,3440,66144,274
2022-09-23,Shasta,089,179085,34898,34762,7424,42186,592
2022-09-23,Sierra,091,2930,304,303,60,363,5
2022-09-23,Siskiyou,093,43540,5131,5243,3300,8543,90
2022-09-23,Solano,095,438530,104874,104383,7887,112270,463
2022-09-23,Sonoma,097,501317,106663,106322,5262,111584,519
2022-09-23,Stanislaus,099,539301,137733,137340,21569,158909,1752
2022-09-23,Sutter,101,95872,24224,24198,2459,26657,232
2022-09-23,Tehama,103,63373,13602,13528,3069,16597,210
2022-09-23,Trinity,105,12862,1393,1390,388,1778,20
2022-09-23,Tulare,107,460477,121696,121446,36237,157683,1530
2022-09-23,Tuolumne,109,53932,15535,15469,920,16389,196
2022-09-23,Ventura,111,848112,208296,207684,15669,223353,1566
2022-09-23,Yolo,113,214977,47284,47147,4292,51439,335
2022-09-23,Yuba,115,75493,18867,18834,1711,20545,129
2022-09-22,Alameda,001,1643700,346803,345351,19614,364965,2012
2022-09-22,Alpine,003,1148,134,134,1,135,0
2022-09-22,Amador,005,37829,9973,9954,922,10876,90
2022-09-22,Butte,007,227075,39461,39282,9100,48382,453
2022-09-22,Calaveras,009,45235,8489,8475,544,9019,133
2022-09-22,Colusa,011,21464,3788,3775,1271,5046,22
2022-09-22,Contra Costa,013,1133247,250631,248053,20682,268735,1424
2022-09-22,Del Norte,015,27424,7409,7403,398,7801,57
2022-09-22,El Dorado,017,186661,32224,32159,4246,36405,231
2022-09-22,Fresno,019,978130,274900,273381,31384,304765,2850
2022-09-22,Glenn,021,27897,5517,5494,1863,7357,48
2022-09-22,Humboldt,023,135768,21760,21641,4980,26621,156
2022-09-22,Imperial,025,180216,65386,65297,15760,81057,957
2022-09-22,Inyo,027,18085,4486,4481,978,5459,59
2022-09-22,Kern,029,883053,218998,218413,63823,282236,2408
2022-09-22,Kings,031,150075,59353,59288,4092,63380,456
2022-09-22,Lake,033,64148,12784,12731,1181,13912,146
2022-09-22,Lassen,035,31185,9954,9947,992,10939,65
2022-09-22,Los Angeles,037,10098052,3274094,3263510,180458,3443968,33258
2022-09-22,Madera,039,155013,43954,43910,8232,52142,374
2022-09-22,Marin,041,260295,45034,44823,5260,50083,310
2022-09-22,Mariposa,043,17540,3098,3074,343,3417,31
2022-09-22,Mendocino,045,87422,15991,15911,4463,20374,136
2022-09-22,Merced,047,269075,72407,71875,11804,83679,862
2022-09-22,Modoc,049,8938,874,872,322,1194,11
2022-09-22,Mono,051,14174,3203,3198,253,3451,7
2022-09-22,Monterey,053,433212,94040,93829,20978,114807,766
2022-09-22,Napa,055,140530,32101,32094,1400,33494,160
2022-09-22,Nevada,057,99092,18952,18861,1823,20684,132
2022-09-22,Orange,059,3164182,665892,664263,62714,726977,7425
2022-09-22,Placer,061,380077,75636,75381,9488,84869,660
2022-09-22,Plumas,063,18699,3648,3632,432,4064,13
2022-09-22,Riverside,065,2383286,694357,693038,35220,728258,6610
2022-09-22,Sacramento,067,1510023,346025,344748,33896,378644,3282
2022-09-22,San Benito,069,59416,16271,16114,963,17077,106
2022-09-22,San Bernardino,071,2135413,669984,667124,30819,697943,8097
2022-09-22,San Diego,073,3302833,921679,920118,71830,991948,5487
2022-09-22,San Francisco,075,870044,178381,176887,12072,188959,1031
2022-09-22,San Joaquin,077,732212,197476,196573,14884,211457,2306
2022-09-22,San Luis Obispo,079,281455,63154,62950,7103,70053,522
2022-09-22,San Mateo,081,765935,168121,167123,10437,177560,736
2022-09-22,Santa Barbara,083,443738,105523,105185,6846,112031,720
2022-09-22,Santa Clara,085,1922200,435098,429334,19001,448335,2486
2022-09-22,Santa Cruz,087,273765,62859,62704,3428,66132,274
2022-09-22,Shasta,089,179085,34884,34762,7418,42180,592
2022-09-22,Sierra,091,2930,304,303,60,363,5
2022-09-22,Siskiyou,093,43540,5130,5243,3299,8542,90
2022-09-22,Solano,095,438530,104815,104383,7882,112265,463
2022-09-22,Sonoma,097,501317,106627,106322,5261,111583,519
2022-09-22,Stanislaus,099,539301,137698,137340,21566,158906,1752
2022-09-22,Sutter,101,95872,24213,24198,2459,26657,232
2022-09-22,Tehama,103,63373,13596,13528,3067,16595,210
2022-09-22,Trinity,105,12862,1391,1390,388,1778,20
2022-09-22,Tulare,107,460477,121678,121446,36221,157667,1530
2022-09-22,Tuolumne,109,53932,15528,15469,919,16388,196
2022-09-22,Ventura,111,848112,208210,207684,15662,223346,1566
2022-09-22,Yolo,113,214977,47270,47147,4286,51433,335
2022-09-22,Yuba,115,75493,18859,18834,1708,20542,129
2022-09-21,Alameda,001,1643700,346636,345351,19600,364951,2012
2022-09-21,Alpine,003,1148,134,134,1,135,0
2022-09-21,Amador,005,37829,9972,9954,922,10876,90
2022-09-21,Butte,007,227075,39448,39282,9091,48373,453
2022-09-21,Calaveras,009,45235,8486,8475,543,9018,133
2022-09-21,Colusa,011,21464,3788,3775,1271,5046,22
2022-09-21,Contra Costa,013,1133247,250518,248053,20673,268726,1424
2022-09-21,Del Norte,015,27424,7408,7403,398,7801,57
2022-09-21,El Dorado,017,186661,32212,32159,4243,36402,231
2022-09-21,Fresno,019,978130,274823,273381,31372,304753,2850
2022-09-21,Glenn,021,27897,5516,5494,1862,7356,48
2022-09-21,Humboldt,023,135768,21743,21641,4978,26619,156
2022-09-21,Imperial,025,180216,65370,65297,15750,81047,957
2022-09-21,Inyo,027,18085,4486,4481,975,5456,59
2022-09-21,Kern,029,883053,218944,218413,63776,282189,2408
2022-09-21,Kings,031,150075,59337,59288,4092,63380,456
2022-09-21,Lake,033,64148,12777,12731,1180,13911,146
2022-09-21,Lassen,035,31185,9954,9947,992,10939,65
2022-09-21,Los Angeles,037,10098052,3272931,3263510,180289,3443799,33258
2022-09-21,Madera,039,155013,43939,43910,8232,52142,374
2022-09-21,Marin,041,260295,45010,44823,5260,50083,310
2022-09-21,Mariposa,043,17540,3098,3074,343,3417,31
2022-09-21,Mendocino,045,87422,15983,15911,4462,20373,136
2022-09-21,Merced,047,269075,72390,71875,11804,83679,862
2022-09-21,Modoc,049,8938,874,872,322,1194,11
2022-09-21,Mono,051,14174,3203,3198,253,3451,7
2022-09-21,Monterey,053,433212,94019,93829,20969,114798,766
2022-09-21,Napa,055,140530,32094,32094,1400,33494,160
2022-09-21,Nevada,057,99092,18942,18861,1823,20684,132
2022-09-21,Orange,059,3164182,665642,664263,62659,726922,7425
2022-09-21,Placer,061,380077,75602,75381,9484,84865,660
2022-09-21,Plumas,063,18699,3646,3632,432,4064,13
2022-09-21,Riverside,065,2383286,694175,693038,35202,728240,6610
2022-09-21,Sacramento,067,1510023,345872,344748,33880,378628,3282
2022-09-21,San Benito,069,59416,16258,16114,961,17075,106
2022-09-21,San Bernardino,071,2135413,669834,667124,30813,697937,8097
2022-09-21,San Diego,073,3302833,921299,920118,71784,991902,5487
2022-09-21,San Francisco,075,870044,178287,176887,12061,188948,1031
2022-09-21,San Joaquin,077,732212,197422,196573,14878,211451,2306
2022-09-21,San Luis Obispo,079,281455,63136,62950,7096,70046,522
2022-09-21,San Mateo,081,765935,168044,167123,10436,177559,736
2022-09-21,Santa Barbara,083,443738,105477,105185,6844,112029,720
2022-09-21,Santa Clara,085,1922200,434909,429334,18993,448327,2486
2022-09-21,Santa Cruz,087,273765,62813,62704,3424,66128,274
2022-09-21,Shasta,089,179085,34878,34762,7413,42175,592
2022-09-21,Sierra,091,2930,303,303,60,363,5
2022-09-21,Siskiyou,093,43540,5127,5243,3298,8541,90
2022-09-21,Solano,095,438530,104771,104383,7879,112262,463
2022-09-21,Sonoma,097,501317,106593,106322,5255,111577,519
2022-09-21,Stanislaus,099,539301,137663,137340,21556,158896,1752
2022-09-21,Sutter,101,95872,24204,24198,2459,26657,232
2022-09-21,Tehama,103,63373,13590,13528,3067,16595,210
2022-09-21,Trinity,105,12862,1391,1390,388,1778,20
2022-09-21,Tulare,107,460477,121649,121446,36204,157650,1530
2022-09-21,Tuolumne,109,53932,15523,15469,917,16386,196
2022-09-21,Ventura,111,848112,208135,207684,15655,223339,1566
2022-09-21,Yolo,113,214977,47250,47147,4280,51427,335
2022-09-21,Yuba,115,75493,18851,18834,1708,20542,129
2022-09-20,Alameda,001,1643700,346481,345351,19587,364938,2012
2022-09-20,Alpine,003,1148,134,134,1,135,0
2022-09-20,Amador,005,37829,9965,9954,922,10876,90
2022-09-20,Butte,007,227075,39433,39282,9081,48363,453
2022-09-20,Calaveras,009,45235,8484,8475,543,9018,133
2022-09-20,Colusa,011,21464,3788,3775,1271,5046,22
2022-09-20,Contra Costa,013,1133247,250394,248053,20661,268714,1424
2022-09-20,Del Norte,015,27424,7403,7403,398,7801,57
2022-09-20,El Dorado,017,186661,32198,32159,4240,36399,231
2022-09-20,Fresno,019,978130,274747,273381,31358,304739,2850
2022-09-20,Glenn,021,27897,5515,5494,1861,7355,48
2022-09-20,Humboldt,023,135768,21730,21641,4975,26616,156
2022-09-20,Imperial,025,180216,65348,65297,15739,81036,957
2022-09-20,Inyo,027,18085,4485,4481,972,5453,59
2022-09-20,Kern,029,883053,218890,218413,63732,282145,2408
2022-09-20,Kings,031,150075,59314,59288,4091,63379,456
2022-09-20,Lake,033,64148,12774,12731,1180,13911,146
2022-09-20,Lassen,035,31185,9951,9947,992,10939,65
2022-09-20,Los Angeles,037,10098052,3271770,3263510,180142,3443652,33258
2022-09-20,Madera,039,155013,43930,43910,8227,52137,374
2022-09-20,Marin,041,260295,44985,44823,5254,50077,310
2022-09-20,Mariposa,043,17540,3098,3074,343,3417,31
2022-09-20,Mendocino,045,87422,15978,15911,4460,20371,136
2022-09-20,Merced,047,269075,72364,71875,11802,83677,862
2022-09-20,Modoc,049,8938,874,872,322,1194,11
2022-09-20,Mono,051,14174,3203,3198,253,3451,7
2022-09-20,Monterey,053,433212,94000,93829,20960,114789,766
2022-09-20,Napa,055,140530,32085,32094,1399,33493,160
2022-09-20,Nevada,057,99092,18937,18861,1823,20684,132
2022-09-20,Orange,059,3164182,665361,664263,62614,726877,7425
2022-09-20,Placer,061,380077,75573,75381,9479,84860,660
2022-09-20,Plumas,063,18699,3644,3632,432,4064,13
2022-09-20,Riverside,065,2383286,693973,693038,35174,728212,6610
2022-09-20,Sacramento,067,1510023,345720,344748,33857,378605,3282
2022-09-20,San Benito,069,59416,16251,16114,961,17075,106
2022-09-20,San Bernardino,071,2135413,669623,667124,30798,697922,8097
2022-09-20,San Diego,073,3302833,920887,920118,71728,991846,5487
2022-09-20,San Francisco,075,870044,178190,176887,12055,188942,1031
2022-09-20,San Joaquin,077,732212,197361,196573,14873,211446,2306
2022-09-20,San Luis Obispo,079,281455,63119,62950,7088,70038,522
2022-09-20,San Mateo,081,765935,167961,167123,10432,177555,736
2022-09-20,Santa Barbara,083,443738,105441,105185,6839,112024,720
2022-09-20,Santa Clara,085,1922200,434705,429334,18980,448314,2486
2022-09-20,Santa Cruz,087,273765,62791,62704,3419,66123,274
2022-09-20,Shasta,089,179085,34867,34762,7409,42171,592
2022-09-20,Sierra,091,2930,303,303,60,363,5
2022-09-20,Siskiyou,093,43540,5123,5243,3298,8541,90
2022-09-20,Solano,095,438530,104726,104383,7872,112255,463
2022-09-20,Sonoma,097,501317,106540,106322,5254,111576,519
2022-09-20,Stanislaus,099,539301,137617,137340,21551,158891,1752
2022-09-20,Sutter,101,95872,24200,24198,2459,26657,232
2022-09-20,Tehama,103,63373,13588,13528,3067,16595,210
2022-09-20,Trinity,105,12862,1391,1390,388,1778,20
2022-09-20,Tulare,107,460477,121627,121446,36182,157628,1530
2022-09-20,Tuolumne,109,53932,15517,15469,916,16385,196
2022-09-20,Ventura,111,848112,208053,207684,15650,223334,1566
2022-09-20,Yolo,113,214977,47229,47147,4276,51423,335
2022-09-20,Yuba,115,75493,18847,18834,1708,20542,129
2022-09-19,Alameda,001,1643700,346312,344045,19571,363616,2007
2022-09-19,Alpine,003,1148,134,134,1,135,0
2022-09-19,Amador,005,37829,9961,9908,922,10830,90
2022-09-19,Butte,007,227075,39420,39155,9073,48228,453
2022-09-19,Calaveras,009,45235,8479,8455,542,8997,133
2022-09-19,Colusa,011,21464,3786,3765,1271,5036,22
2022-09-19,Contra Costa,013,1133247,250298,247095,20638,267733,1423
2022-09-19,Del Norte,015,27424,7400,7381,398,7779,56
2022-09-19,El Dorado,017,186661,32189,32088,4236,36324,231
2022-09-19,Fresno,019,978130,274660,272774,31350,304124,2839
2022-09-19,Glenn,021,27897,5514,5481,1860,7341,48
2022-09-19,Humboldt,023,135768,21717,21561,4970,26531,155
2022-09-19,Imperial,025,180216,65329,65099,15725,80824,956
2022-09-19,Inyo,027,18085,4484,4472,970,5442,59
2022-09-19,Kern,029,883053,218827,217694,63670,281364,2405
2022-09-19,Kings,031,150075,59300,59122,4091,63213,456
2022-09-19,Lake,033,64148,12768,12696,1180,13876,144
2022-09-19,Lassen,035,31185,9946,9938,992,10930,65
2022-09-19,Los Angeles,037,10098052,3270395,3253906,179959,3433865,33160
2022-09-19,Madera,039,155013,43904,43782,8222,52004,373
2022-09-19,Marin,041,260295,44955,44702,5250,49952,309
2022-09-19,Mariposa,043,17540,3098,3064,343,3407,31
2022-09-19,Mendocino,045,87422,15971,15872,4458,20330,136
2022-09-19,Merced,047,269075,72349,71732,11798,83530,862
2022-09-19,Modoc,049,8938,874,872,322,1194,11
2022-09-19,Mono,051,14174,3203,3191,253,3444,7
2022-09-19,Monterey,053,433212,93966,93692,20947,114639,762
2022-09-19,Napa,055,140530,32070,31979,1398,33377,160
2022-09-19,Nevada,057,99092,18931,18824,1821,20645,132
2022-09-19,Orange,059,3164182,665078,662784,62559,725343,7398
2022-09-19,Placer,061,380077,75551,75159,9477,84636,660
2022-09-19,Plumas,063,18699,3642,3609,432,4041,13
2022-09-19,Riverside,065,2383286,693737,691630,35161,726791,6608
2022-09-19,Sacramento,067,1510023,345571,343926,33837,377763,3267
2022-09-19,San Benito,069,59416,16241,16057,961,17018,106
2022-09-19,San Bernardino,071,2135413,669403,664360,30780,695140,8074
2022-09-19,San Diego,073,3302833,920461,917229,71640,988869,5479
2022-09-19,San Francisco,075,870044,178098,176724,12047,188771,1025
2022-09-19,San Joaquin,077,732212,197268,196128,14866,210994,2304
2022-09-19,San Luis Obispo,079,281455,63097,62716,7082,69798,520
2022-09-19,San Mateo,081,765935,167862,166572,10426,176998,735
2022-09-19,Santa Barbara,083,443738,105399,104912,6834,111746,718
2022-09-19,Santa Clara,085,1922200,434473,428065,18963,447028,2473
2022-09-19,Santa Cruz,087,273765,62761,62480,3413,65893,274
2022-09-19,Shasta,089,179085,34848,34648,7402,42050,591
2022-09-19,Sierra,091,2930,303,303,60,363,5
2022-09-19,Siskiyou,093,43540,5120,5226,3296,8522,90
2022-09-19,Solano,095,438530,104682,104085,7869,111954,462
2022-09-19,Sonoma,097,501317,106483,106028,5254,111282,518
2022-09-19,Stanislaus,099,539301,137571,136981,21540,158521,1727
2022-09-19,Sutter,101,95872,24186,24119,2459,26578,232
2022-09-19,Tehama,103,63373,13583,13503,3066,16569,210
2022-09-19,Trinity,105,12862,1391,1385,388,1773,20
2022-09-19,Tulare,107,460477,121597,121230,36163,157393,1531
2022-09-19,Tuolumne,109,53932,15511,15411,916,16327,196
2022-09-19,Ventura,111,848112,207957,207049,15646,222695,1563
2022-09-19,Yolo,113,214977,47214,47085,4274,51359,334
2022-09-19,Yuba,115,75493,18838,18764,1701,20465,129
2022-09-18,Alameda,001,1643700,346108,344045,19556,363601,2007
2022-09-18,Alpine,003,1148,134,134,1,135,0
2022-09-18,Amador,005,37829,9955,9908,922,10830,90
2022-09-18,Butte,007,227075,39403,39155,9062,48217,453
2022-09-18,Calaveras,009,45235,8473,8455,539,8994,133
2022-09-18,Colusa,011,21464,3785,3765,1271,5036,22
2022-09-18,Contra Costa,013,1133247,250145,247095,20627,267722,1423
2022-09-18,Del Norte,015,27424,7394,7381,398,7779,56
2022-09-18,El Dorado,017,186661,32175,32088,4233,36321,231
2022-09-18,Fresno,019,978130,274562,272774,31327,304101,2839
2022-09-18,Glenn,021,27897,5509,5481,1860,7341,48
2022-09-18,Humboldt,023,135768,21703,21561,4962,26523,155
2022-09-18,Imperial,025,180216,65310,65099,15703,80802,956
2022-09-18,Inyo,027,18085,4482,4472,969,5441,59
2022-09-18,Kern,029,883053,218754,217694,63595,281289,2405
2022-09-18,Kings,031,150075,59282,59122,4087,63209,456
2022-09-18,Lake,033,64148,12762,12696,1177,13873,144
2022-09-18,Lassen,035,31185,9942,9938,992,10930,65
2022-09-18,Los Angeles,037,10098052,3268849,3253906,179794,3433700,33160
2022-09-18,Madera,039,155013,43880,43782,8218,52000,373
2022-09-18,Marin,041,260295,44932,44702,5246,49948,309
2022-09-18,Mariposa,043,17540,3097,3064,343,3407,31
2022-09-18,Mendocino,045,87422,15967,15872,4453,20325,136
2022-09-18,Merced,047,269075,72321,71732,11791,83523,862
2022-09-18,Modoc,049,8938,873,872,322,1194,11
2022-09-18,Mono,051,14174,3203,3191,252,3443,7
2022-09-18,Monterey,053,433212,93937,93692,20931,114623,762
2022-09-18,Napa,055,140530,32054,31979,1398,33377,160
2022-09-18,Nevada,057,99092,18918,18824,1820,20644,132
2022-09-18,Orange,059,3164182,664794,662784,62477,725261,7398
2022-09-18,Placer,061,380077,75515,75159,9468,84627,660
2022-09-18,Plumas,063,18699,3636,3609,432,4041,13
2022-09-18,Riverside,065,2383286,693501,691630,35134,726764,6608
2022-09-18,Sacramento,067,1510023,345386,343926,33805,377731,3267
2022-09-18,San Benito,069,59416,16235,16057,958,17015,106
2022-09-18,San Bernardino,071,2135413,669167,664360,30760,695120,8074
2022-09-18,San Diego,073,3302833,919983,917229,71589,988818,5479
2022-09-18,San Francisco,075,870044,177960,176724,12041,188765,1025
2022-09-18,San Joaquin,077,732212,197188,196128,14859,210987,2304
2022-09-18,San Luis Obispo,079,281455,63077,62716,7073,69789,520
2022-09-18,San Mateo,081,765935,167757,166572,10417,176989,735
2022-09-18,Santa Barbara,083,443738,105353,104912,6830,111742,718
2022-09-18,Santa Clara,085,1922200,434225,428065,18941,447006,2473
2022-09-18,Santa Cruz,087,273765,62731,62480,3408,65888,274
2022-09-18,Shasta,089,179085,34829,34648,7389,42037,591
2022-09-18,Sierra,091,2930,303,303,60,363,5
2022-09-18,Siskiyou,093,43540,5117,5226,3294,8520,90
2022-09-18,Solano,095,438530,104628,104085,7858,111943,462
2022-09-18,Sonoma,097,501317,106428,106028,5251,111279,518
2022-09-18,Stanislaus,099,539301,137518,136981,21528,158509,1727
2022-09-18,Sutter,101,95872,24173,24119,2459,26578,232
2022-09-18,Tehama,103,63373,13573,13503,3064,16567,210
2022-09-18,Trinity,105,12862,1391,1385,384,1769,20
2022-09-18,Tulare,107,460477,121549,121230,36133,157363,1531
2022-09-18,Tuolumne,109,53932,15501,15411,915,16326,196
2022-09-18,Ventura,111,848112,207846,207049,15633,222682,1563
2022-09-18,Yolo,113,214977,47201,47085,4271,51356,334
2022-09-18,Yuba,115,75493,18828,18764,1701,20465,129
2022-09-17,Alameda,001,1643700,345989,344045,19552,363597,2007
2022-09-17,Alpine,003,1148,134,134,1,135,0
2022-09-17,Amador,005,37829,9953,9908,922,10830,90
2022-09-17,Butte,007,227075,39392,39155,9057,48212,453
2022-09-17,Calaveras,009,45235,8469,8455,537,8992,133
2022-09-17,Colusa,011,21464,3781,3765,1271,5036,22
2022-09-17,Contra Costa,013,1133247,250059,247095,20624,267719,1423
2022-09-17,Del Norte,015,27424,7393,7381,398,7779,56
2022-09-17,El Dorado,017,186661,32169,32088,4233,36321,231
2022-09-17,Fresno,019,978130,274516,272774,31317,304091,2839
2022-09-17,Glenn,021,27897,5505,5481,1858,7339,48
2022-09-17,Humboldt,023,135768,21695,21561,4956,26517,155
2022-09-17,Imperial,025,180216,65289,65099,15695,80794,956
2022-09-17,Inyo,027,18085,4482,4472,967,5439,59
2022-09-17,Kern,029,883053,218717,217694,63552,281246,2405
2022-09-17,Kings,031,150075,59271,59122,4085,63207,456
2022-09-17,Lake,033,64148,12761,12696,1177,13873,144
2022-09-17,Lassen,035,31185,9942,9938,992,10930,65
2022-09-17,Los Angeles,037,10098052,3268021,3253906,179648,3433554,33160
2022-09-17,Madera,039,155013,43873,43782,8218,52000,373
2022-09-17,Marin,041,260295,44916,44702,5242,49944,309
2022-09-17,Mariposa,043,17540,3096,3064,343,3407,31
2022-09-17,Mendocino,045,87422,15965,15872,4453,20325,136
2022-09-17,Merced,047,269075,72307,71732,11787,83519,862
2022-09-17,Modoc,049,8938,873,872,322,1194,11
2022-09-17,Mono,051,14174,3203,3191,252,3443,7
2022-09-17,Monterey,053,433212,93924,93692,20922,114614,762
2022-09-17,Napa,055,140530,32048,31979,1397,33376,160
2022-09-17,Nevada,057,99092,18909,18824,1818,20642,132
2022-09-17,Orange,059,3164182,664622,662784,62437,725221,7398
2022-09-17,Placer,061,380077,75480,75159,9462,84621,660
2022-09-17,Plumas,063,18699,3634,3609,432,4041,13
2022-09-17,Riverside,065,2383286,693358,691630,35116,726746,6608
2022-09-17,Sacramento,067,1510023,345309,343926,33787,377713,3267
2022-09-17,San Benito,069,59416,16230,16057,957,17014,106
2022-09-17,San Bernardino,071,2135413,669036,664360,30749,695109,8074
2022-09-17,San Diego,073,3302833,919804,917229,71568,988797,5479
2022-09-17,San Francisco,075,870044,177899,176724,12037,188761,1025
2022-09-17,San Joaquin,077,732212,197163,196128,14856,210984,2304
2022-09-17,San Luis Obispo,079,281455,63066,62716,7073,69789,520
2022-09-17,San Mateo,081,765935,167692,166572,10409,176981,735
2022-09-17,Santa Barbara,083,443738,105323,104912,6829,111741,718
2022-09-17,Santa Clara,085,1922200,434085,428065,18934,446999,2473
2022-09-17,Santa Cruz,087,273765,62723,62480,3408,65888,274
2022-09-17,Shasta,089,179085,34818,34648,7384,42032,591
2022-09-17,Sierra,091,2930,303,303,60,363,5
2022-09-17,Siskiyou,093,43540,5116,5226,3293,8519,90
2022-09-17,Solano,095,438530,104617,104085,7855,111940,462
2022-09-17,Sonoma,097,501317,106393,106028,5250,111278,518
2022-09-17,Stanislaus,099,539301,137493,136981,21522,158503,1727
2022-09-17,Sutter,101,95872,24167,24119,2459,26578,232
2022-09-17,Tehama,103,63373,13571,13503,3063,16566,210
2022-09-17,Trinity,105,12862,1391,1385,384,1769,20
2022-09-17,Tulare,107,460477,121531,121230,36121,157351,1531
2022-09-17,Tuolumne,109,53932,15495,15411,915,16326,196
2022-09-17,Ventura,111,848112,207800,207049,15624,222673,1563
2022-09-17,Yolo,113,214977,47191,47085,4266,51351,334
2022-09-17,Yuba,115,75493,18825,18764,1701,20465,129
2022-09-16,Alameda,001,1643700,345854,344045,19539,363584,2007
2022-09-16,Alpine,003,1148,134,134,1,135,0
2022-09-16,Amador,005,37829,9951,9908,922,10830,90
2022-09-16,Butte,007,227075,39376,39155,9054,48209,453
2022-09-16,Calaveras,009,45235,8466,8455,537,8992,133
2022-09-16,Colusa,011,21464,3780,3765,1271,5036,22
2022-09-16,Contra Costa,013,1133247,249974,247095,20617,267712,1423
2022-09-16,Del Norte,015,27424,7392,7381,398,7779,56
2022-09-16,El Dorado,017,186661,32163,32088,4231,36319,231
2022-09-16,Fresno,019,978130,274477,272774,31308,304082,2839
2022-09-16,Glenn,021,27897,5505,5481,1858,7339,48
2022-09-16,Humboldt,023,135768,21685,21561,4956,26517,155
2022-09-16,Imperial,025,180216,65276,65099,15690,80789,956
2022-09-16,Inyo,027,18085,4482,4472,965,5437,59
2022-09-16,Kern,029,883053,218675,217694,63530,281224,2405
2022-09-16,Kings,031,150075,59256,59122,4085,63207,456
2022-09-16,Lake,033,64148,12757,12696,1177,13873,144
2022-09-16,Lassen,035,31185,9941,9938,991,10929,65
2022-09-16,Los Angeles,037,10098052,3267129,3253906,179545,3433451,33160
2022-09-16,Madera,039,155013,43859,43782,8218,52000,373
2022-09-16,Marin,041,260295,44894,44702,5238,49940,309
2022-09-16,Mariposa,043,17540,3095,3064,343,3407,31
2022-09-16,Mendocino,045,87422,15960,15872,4452,20324,136
2022-09-16,Merced,047,269075,72292,71732,11785,83517,862
2022-09-16,Modoc,049,8938,873,872,322,1194,11
2022-09-16,Mono,051,14174,3203,3191,252,3443,7
2022-09-16,Monterey,053,433212,93907,93692,20919,114611,762
2022-09-16,Napa,055,140530,32038,31979,1396,33375,160
2022-09-16,Nevada,057,99092,18904,18824,1818,20642,132
2022-09-16,Orange,059,3164182,664462,662784,62380,725164,7398
2022-09-16,Placer,061,380077,75462,75159,9457,84616,660
2022-09-16,Plumas,063,18699,3632,3609,432,4041,13
2022-09-16,Riverside,065,2383286,693241,691630,35098,726728,6608
2022-09-16,Sacramento,067,1510023,345214,343926,33779,377705,3267
2022-09-16,San Benito,069,59416,16223,16057,957,17014,106
2022-09-16,San Bernardino,071,2135413,668890,664360,30740,695100,8074
2022-09-16,San Diego,073,3302833,919524,917229,71541,988770,5479
2022-09-16,San Francisco,075,870044,177841,176724,12031,188755,1025
2022-09-16,San Joaquin,077,732212,197127,196128,14852,210980,2304
2022-09-16,San Luis Obispo,079,281455,63050,62716,7072,69788,520
2022-09-16,San Mateo,081,765935,167623,166572,10405,176977,735
2022-09-16,Santa Barbara,083,443738,105298,104912,6827,111739,718
2022-09-16,Santa Clara,085,1922200,433944,428065,18924,446989,2473
2022-09-16,Santa Cruz,087,273765,62702,62480,3408,65888,274
2022-09-16,Shasta,089,179085,34812,34648,7380,42028,591
2022-09-16,Sierra,091,2930,303,303,60,363,5
2022-09-16,Siskiyou,093,43540,5114,5226,3293,8519,90
2022-09-16,Solano,095,438530,104593,104085,7852,111937,462
2022-09-16,Sonoma,097,501317,106362,106028,5250,111278,518
2022-09-16,Stanislaus,099,539301,137455,136981,21519,158500,1727
2022-09-16,Sutter,101,95872,24154,24119,2459,26578,232
2022-09-16,Tehama,103,63373,13569,13503,3062,16565,210
2022-09-16,Trinity,105,12862,1391,1385,384,1769,20
2022-09-16,Tulare,107,460477,121505,121230,36103,157333,1531
2022-09-16,Tuolumne,109,53932,15484,15411,915,16326,196
2022-09-16,Ventura,111,848112,207731,207049,15613,222662,1563
2022-09-16,Yolo,113,214977,47180,47085,4261,51346,334
2022-09-16,Yuba,115,75493,18816,18764,1701,20465,129
2022-09-15,Alameda,001,1643700,345680,344045,19526,363571,2007
2022-09-15,Alpine,003,1148,134,134,1,135,0
2022-09-15,Amador,005,37829,9947,9908,922,10830,90
2022-09-15,Butte,007,227075,39366,39155,9049,48204,453
2022-09-15,Calaveras,009,45235,8464,8455,534,8989,133
2022-09-15,Colusa,011,21464,3779,3765,1271,5036,22
2022-09-15,Contra Costa,013,1133247,249842,247095,20599,267694,1423
2022-09-15,Del Norte,015,27424,7389,7381,398,7779,56
2022-09-15,El Dorado,017,186661,32154,32088,4229,36317,231
2022-09-15,Fresno,019,978130,274375,272774,31299,304073,2839
2022-09-15,Glenn,021,27897,5505,5481,1857,7338,48
2022-09-15,Humboldt,023,135768,21668,21561,4948,26509,155
2022-09-15,Imperial,025,180216,65252,65099,15675,80774,956
2022-09-15,Inyo,027,18085,4482,4472,962,5434,59
2022-09-15,Kern,029,883053,218617,217694,63474,281168,2405
2022-09-15,Kings,031,150075,59239,59122,4085,63207,456
2022-09-15,Lake,033,64148,12754,12696,1176,13872,144
2022-09-15,Lassen,035,31185,9940,9938,991,10929,65
2022-09-15,Los Angeles,037,10098052,3265971,3253906,179383,3433289,33160
2022-09-15,Madera,039,155013,43848,43782,8215,51997,373
2022-09-15,Marin,041,260295,44876,44702,5235,49937,309
2022-09-15,Mariposa,043,17540,3094,3064,342,3406,31
2022-09-15,Mendocino,045,87422,15949,15872,4450,20322,136
2022-09-15,Merced,047,269075,72270,71732,11781,83513,862
2022-09-15,Modoc,049,8938,873,872,321,1193,11
2022-09-15,Mono,051,14174,3203,3191,250,3441,7
2022-09-15,Monterey,053,433212,93886,93692,20909,114601,762
2022-09-15,Napa,055,140530,32025,31979,1396,33375,160
2022-09-15,Nevada,057,99092,18896,18824,1815,20639,132
2022-09-15,Orange,059,3164182,664235,662784,62305,725089,7398
2022-09-15,Placer,061,380077,75425,75159,9452,84611,660
2022-09-15,Plumas,063,18699,3632,3609,432,4041,13
2022-09-15,Riverside,065,2383286,693069,691630,35081,726711,6608
2022-09-15,Sacramento,067,1510023,345062,343926,33750,377676,3267
2022-09-15,San Benito,069,59416,16217,16057,957,17014,106
2022-09-15,San Bernardino,071,2135413,668696,664360,30724,695084,8074
2022-09-15,San Diego,073,3302833,919165,917229,71501,988730,5479
2022-09-15,San Francisco,075,870044,177734,176724,12024,188748,1025
2022-09-15,San Joaquin,077,732212,197059,196128,14839,210967,2304
2022-09-15,San Luis Obispo,079,281455,63026,62716,7069,69785,520
2022-09-15,San Mateo,081,765935,167533,166572,10395,176967,735
2022-09-15,Santa Barbara,083,443738,105258,104912,6821,111733,718
2022-09-15,Santa Clara,085,1922200,433734,428065,18909,446974,2473
2022-09-15,Santa Cruz,087,273765,62680,62480,3404,65884,274
2022-09-15,Shasta,089,179085,34806,34648,7372,42020,591
2022-09-15,Sierra,091,2930,303,303,60,363,5
2022-09-15,Siskiyou,093,43540,5110,5226,3290,8516,90
2022-09-15,Solano,095,438530,104551,104085,7846,111931,462
2022-09-15,Sonoma,097,501317,106325,106028,5248,111276,518
2022-09-15,Stanislaus,099,539301,137412,136981,21515,158496,1727
2022-09-15,Sutter,101,95872,24146,24119,2459,26578,232
2022-09-15,Tehama,103,63373,13564,13503,3060,16563,210
2022-09-15,Trinity,105,12862,1390,1385,383,1768,20
2022-09-15,Tulare,107,460477,121478,121230,36083,157313,1531
2022-09-15,Tuolumne,109,53932,15475,15411,915,16326,196
2022-09-15,Ventura,111,848112,207636,207049,15599,222648,1563
2022-09-15,Yolo,113,214977,47167,47085,4259,51344,334
2022-09-15,Yuba,115,75493,18808,18764,1699,20463,129
2022-09-14,Alameda,001,1643700,345498,344045,19515,363560,2007
2022-09-14,Alpine,003,1148,134,134,1,135,0
2022-09-14,Amador,005,37829,9941,9908,922,10830,90
2022-09-14,Butte,007,227075,39347,39155,9042,48197,453
2022-09-14,Calaveras,009,45235,8458,8455,532,8987,133
2022-09-14,Colusa,011,21464,3776,3765,1271,5036,22
2022-09-14,Contra Costa,013,1133247,249732,247095,20583,267678,1423
2022-09-14,Del Norte,015,27424,7386,7381,398,7779,56
2022-09-14,El Dorado,017,186661,32143,32088,4223,36311,231
2022-09-14,Fresno,019,978130,274281,272774,31283,304057,2839
2022-09-14,Glenn,021,27897,5505,5481,1854,7335,48
2022-09-14,Humboldt,023,135768,21646,21561,4945,26506,155
2022-09-14,Imperial,025,180216,65226,65099,15657,80756,956
2022-09-14,Inyo,027,18085,4480,4472,960,5432,59
2022-09-14,Kern,029,883053,218556,217694,63417,281111,2405
2022-09-14,Kings,031,150075,59217,59122,4081,63203,456
2022-09-14,Lake,033,64148,12746,12696,1175,13871,144
2022-09-14,Lassen,035,31185,9940,9938,989,10927,65
2022-09-14,Los Angeles,037,10098052,3264724,3253906,179237,3433143,33160
2022-09-14,Madera,039,155013,43818,43782,8210,51992,373
2022-09-14,Marin,041,260295,44854,44702,5227,49929,309
2022-09-14,Mariposa,043,17540,3093,3064,342,3406,31
2022-09-14,Mendocino,045,87422,15944,15872,4449,20321,136
2022-09-14,Merced,047,269075,72242,71732,11771,83503,862
2022-09-14,Modoc,049,8938,872,872,320,1192,11
2022-09-14,Mono,051,14174,3203,3191,249,3440,7
2022-09-14,Monterey,053,433212,93867,93692,20901,114593,762
2022-09-14,Napa,055,140530,32012,31979,1392,33371,160
2022-09-14,Nevada,057,99092,18885,18824,1813,20637,132
2022-09-14,Orange,059,3164182,663953,662784,62253,725037,7398
2022-09-14,Placer,061,380077,75394,75159,9449,84608,660
2022-09-14,Plumas,063,18699,3626,3609,432,4041,13
2022-09-14,Riverside,065,2383286,692836,691630,35052,726682,6608
2022-09-14,Sacramento,067,1510023,344906,343926,33710,377636,3267
2022-09-14,San Benito,069,59416,16209,16057,957,17014,106
2022-09-14,San Bernardino,071,2135413,668503,664360,30708,695068,8074
2022-09-14,San Diego,073,3302833,918784,917229,71453,988682,5479
2022-09-14,San Francisco,075,870044,177637,176724,12017,188741,1025
2022-09-14,San Joaquin,077,732212,196990,196128,14827,210955,2304
2022-09-14,San Luis Obispo,079,281455,63002,62716,7064,69780,520
2022-09-14,San Mateo,081,765935,167456,166572,10390,176962,735
2022-09-14,Santa Barbara,083,443738,105223,104912,6819,111731,718
2022-09-14,Santa Clara,085,1922200,433540,428065,18898,446963,2473
2022-09-14,Santa Cruz,087,273765,62666,62480,3402,65882,274
2022-09-14,Shasta,089,179085,34794,34648,7362,42010,591
2022-09-14,Sierra,091,2930,303,303,60,363,5
2022-09-14,Siskiyou,093,43540,5106,5226,3289,8515,90
2022-09-14,Solano,095,438530,104518,104085,7842,111927,462
2022-09-14,Sonoma,097,501317,106273,106028,5244,111272,518
2022-09-14,Stanislaus,099,539301,137344,136981,21505,158486,1727
2022-09-14,Sutter,101,95872,24133,24119,2459,26578,232
2022-09-14,Tehama,103,63373,13563,13503,3057,16560,210
2022-09-14,Trinity,105,12862,1390,1385,379,1764,20
2022-09-14,Tulare,107,460477,121453,121230,36061,157291,1531
2022-09-14,Tuolumne,109,53932,15467,15411,915,16326,196
2022-09-14,Ventura,111,848112,207547,207049,15589,222638,1563
2022-09-14,Yolo,113,214977,47158,47085,4253,51338,334
2022-09-14,Yuba,115,75493,18801,18764,1698,20462,129
2022-09-13,Alameda,001,1643700,345305,344045,19504,363549,2007
2022-09-13,Alpine,003,1148,134,134,1,135,0
2022-09-13,Amador,005,37829,9936,9908,922,10830,90
2022-09-13,Butte,007,227075,39319,39155,9036,48191,453
2022-09-13,Calaveras,009,45235,8455,8455,530,8985,133
2022-09-13,Colusa,011,21464,3775,3765,1271,5036,22
2022-09-13,Contra Costa,013,1133247,249600,247095,20573,267668,1423
2022-09-13,Del Norte,015,27424,7382,7381,398,7779,56
2022-09-13,El Dorado,017,186661,32129,32088,4219,36307,231
2022-09-13,Fresno,019,978130,274187,272774,31265,304039,2839
2022-09-13,Glenn,021,27897,5504,5481,1852,7333,48
2022-09-13,Humboldt,023,135768,21629,21561,4936,26497,155
2022-09-13,Imperial,025,180216,65203,65099,15647,80746,956
2022-09-13,Inyo,027,18085,4478,4472,957,5429,59
2022-09-13,Kern,029,883053,218464,217694,63332,281026,2405
2022-09-13,Kings,031,150075,59181,59122,4079,63201,456
2022-09-13,Lake,033,64148,12740,12696,1175,13871,144
2022-09-13,Lassen,035,31185,9940,9938,986,10924,65
2022-09-13,Los Angeles,037,10098052,3263402,3253906,179086,3432992,33160
2022-09-13,Madera,039,155013,43807,43782,8202,51984,373
2022-09-13,Marin,041,260295,44838,44702,5223,49925,309
2022-09-13,Mariposa,043,17540,3091,3064,342,3406,31
2022-09-13,Mendocino,045,87422,15939,15872,4445,20317,136
2022-09-13,Merced,047,269075,72219,71732,11768,83500,862
2022-09-13,Modoc,049,8938,872,872,320,1192,11
2022-09-13,Mono,051,14174,3203,3191,249,3440,7
2022-09-13,Monterey,053,433212,93838,93692,20888,114580,762
2022-09-13,Napa,055,140530,31993,31979,1392,33371,160
2022-09-13,Nevada,057,99092,18874,18824,1811,20635,132
2022-09-13,Orange,059,3164182,663669,662784,62183,724967,7398
2022-09-13,Placer,061,380077,75360,75159,9445,84604,660
2022-09-13,Plumas,063,18699,3623,3609,432,4041,13
2022-09-13,Riverside,065,2383286,692612,691630,35028,726658,6608
2022-09-13,Sacramento,067,1510023,344725,343926,33675,377601,3267
2022-09-13,San Benito,069,59416,16200,16057,957,17014,106
2022-09-13,San Bernardino,071,2135413,668258,664360,30689,695049,8074
2022-09-13,San Diego,073,3302833,918381,917229,71414,988643,5479
2022-09-13,San Francisco,075,870044,177533,176724,12010,188734,1025
2022-09-13,San Joaquin,077,732212,196910,196128,14818,210946,2304
2022-09-13,San Luis Obispo,079,281455,62972,62716,7056,69772,520
2022-09-13,San Mateo,081,765935,167372,166572,10386,176958,735
2022-09-13,Santa Barbara,083,443738,105168,104912,6812,111724,718
2022-09-13,Santa Clara,085,1922200,433308,428065,18886,446951,2473
2022-09-13,Santa Cruz,087,273765,62641,62480,3400,65880,274
2022-09-13,Shasta,089,179085,34770,34648,7358,42006,591
2022-09-13,Sierra,091,2930,303,303,60,363,5
2022-09-13,Siskiyou,093,43540,5102,5226,3288,8514,90
2022-09-13,Solano,095,438530,104462,104085,7833,111918,462
2022-09-13,Sonoma,097,501317,106217,106028,5242,111270,518
2022-09-13,Stanislaus,099,539301,137294,136981,21499,158480,1727
2022-09-13,Sutter,101,95872,24122,24119,2458,26577,232
2022-09-13,Tehama,103,63373,13554,13503,3056,16559,210
2022-09-13,Trinity,105,12862,1389,1385,379,1764,20
2022-09-13,Tulare,107,460477,121422,121230,36031,157261,1531
2022-09-13,Tuolumne,109,53932,15461,15411,915,16326,196
2022-09-13,Ventura,111,848112,207452,207049,15573,222622,1563
2022-09-13,Yolo,113,214977,47146,47085,4248,51333,334
2022-09-13,Yuba,115,75493,18792,18764,1697,20461,129
2022-09-12,Alameda,001,1643700,345084,343017,19487,362504,2006
2022-09-12,Alpine,003,1148,134,134,1,135,0
2022-09-12,Amador,005,37829,9928,9890,921,10811,89
2022-09-12,Butte,007,227075,39300,39049,9027,48076,453
2022-09-12,Calaveras,009,45235,8451,8444,530,8974,133
2022-09-12,Colusa,011,21464,3774,3755,1270,5025,22
2022-09-12,Contra Costa,013,1133247,249470,246174,20556,266730,1415
2022-09-12,Del Norte,015,27424,7379,7354,398,7752,56
2022-09-12,El Dorado,017,186661,32112,32027,4213,36240,229
2022-09-12,Fresno,019,978130,274061,272161,31247,303408,2835
2022-09-12,Glenn,021,27897,5500,5473,1852,7325,48
2022-09-12,Humboldt,023,135768,21613,21494,4925,26419,155
2022-09-12,Imperial,025,180216,65179,64926,15629,80555,956
2022-09-12,Inyo,027,18085,4476,4465,955,5420,59
2022-09-12,Kern,029,883053,218388,217203,63262,280465,2404
2022-09-12,Kings,031,150075,59164,58980,4075,63055,455
2022-09-12,Lake,033,64148,12731,12663,1172,13835,144
2022-09-12,Lassen,035,31185,9939,9931,986,10917,64
2022-09-12,Los Angeles,037,10098052,3261877,3246402,178898,3425300,33094
2022-09-12,Madera,039,155013,43795,43599,8192,51791,373
2022-09-12,Marin,041,260295,44818,44584,5219,49803,305
2022-09-12,Mariposa,043,17540,3086,3058,342,3400,31
2022-09-12,Mendocino,045,87422,15928,15853,4437,20290,135
2022-09-12,Merced,047,269075,72179,71563,11755,83318,856
2022-09-12,Modoc,049,8938,872,872,318,1190,11
2022-09-12,Mono,051,14174,3199,3188,249,3437,7
2022-09-12,Monterey,053,433212,93804,93513,20865,114378,762
2022-09-12,Napa,055,140530,31971,31910,1392,33302,158
2022-09-12,Nevada,057,99092,18865,18784,1810,20594,132
2022-09-12,Orange,059,3164182,663374,661329,62107,723436,7371
2022-09-12,Placer,061,380077,75329,74994,9440,84434,657
2022-09-12,Plumas,063,18699,3620,3594,431,4025,13
2022-09-12,Riverside,065,2383286,692327,690018,35005,725023,6596
2022-09-12,Sacramento,067,1510023,344558,343048,33644,376692,3254
2022-09-12,San Benito,069,59416,16187,16000,957,16957,103
2022-09-12,San Bernardino,071,2135413,667945,662248,30672,692920,8057
2022-09-12,San Diego,073,3302833,917897,915648,71365,987013,5474
2022-09-12,San Francisco,075,870044,177417,176512,12003,188515,1022
2022-09-12,San Joaquin,077,732212,196815,195697,14805,210502,2303
2022-09-12,San Luis Obispo,079,281455,62943,62569,7051,69620,519
2022-09-12,San Mateo,081,765935,167279,166165,10376,176541,735
2022-09-12,Santa Barbara,083,443738,105131,104627,6808,111435,717
2022-09-12,Santa Clara,085,1922200,433050,426854,18872,445726,2478
2022-09-12,Santa Cruz,087,273765,62613,62255,3399,65654,274
2022-09-12,Shasta,089,179085,34748,34531,7352,41883,591
2022-09-12,Sierra,091,2930,303,303,60,363,5
2022-09-12,Siskiyou,093,43540,5099,5197,3285,8482,90
2022-09-12,Solano,095,438530,104410,103841,7824,111665,461
2022-09-12,Sonoma,097,501317,106168,105778,5235,111013,521
2022-09-12,Stanislaus,099,539301,137235,136674,21494,158168,1726
2022-09-12,Sutter,101,95872,24111,24037,2456,26493,228
2022-09-12,Tehama,103,63373,13548,13471,3055,16526,210
2022-09-12,Trinity,105,12862,1388,1383,378,1761,20
2022-09-12,Tulare,107,460477,121365,120972,36000,156972,1529
2022-09-12,Tuolumne,109,53932,15452,15362,915,16277,196
2022-09-12,Ventura,111,848112,207342,206442,15558,222000,1558
2022-09-12,Yolo,113,214977,47131,46989,4246,51235,334
2022-09-12,Yuba,115,75493,18778,18709,1692,20401,129
2022-09-11,Alameda,001,1643700,344817,343017,19464,362481,2006
2022-09-11,Alpine,003,1148,134,134,1,135,0
2022-09-11,Amador,005,37829,9921,9890,918,10808,89
2022-09-11,Butte,007,227075,39265,39049,9020,48069,453
2022-09-11,Calaveras,009,45235,8448,8444,529,8973,133
2022-09-11,Colusa,011,21464,3772,3755,1268,5023,22
2022-09-11,Contra Costa,013,1133247,249305,246174,20528,266702,1415
2022-09-11,Del Norte,015,27424,7374,7354,397,7751,56
2022-09-11,El Dorado,017,186661,32096,32027,4205,36232,229
2022-09-11,Fresno,019,978130,273951,272161,31226,303387,2835
2022-09-11,Glenn,021,27897,5497,5473,1852,7325,48
2022-09-11,Humboldt,023,135768,21595,21494,4912,26406,155
2022-09-11,Imperial,025,180216,65136,64926,15601,80527,956
2022-09-11,Inyo,027,18085,4475,4465,946,5411,59
2022-09-11,Kern,029,883053,218283,217203,63157,280360,2404
2022-09-11,Kings,031,150075,59127,58980,4072,63052,455
2022-09-11,Lake,033,64148,12717,12663,1169,13832,144
2022-09-11,Lassen,035,31185,9934,9931,986,10917,64
2022-09-11,Los Angeles,037,10098052,3260139,3246402,178655,3425057,33094
2022-09-11,Madera,039,155013,43763,43599,8185,51784,373
2022-09-11,Marin,041,260295,44791,44584,5217,49801,305
2022-09-11,Mariposa,043,17540,3083,3058,342,3400,31
2022-09-11,Mendocino,045,87422,15918,15853,4431,20284,135
2022-09-11,Merced,047,269075,72142,71563,11744,83307,856
2022-09-11,Modoc,049,8938,872,872,317,1189,11
2022-09-11,Mono,051,14174,3196,3188,249,3437,7
2022-09-11,Monterey,053,433212,93775,93513,20847,114360,762
2022-09-11,Napa,055,140530,31950,31910,1391,33301,158
2022-09-11,Nevada,057,99092,18855,18784,1806,20590,132
2022-09-11,Orange,059,3164182,663074,661329,62036,723365,7371
2022-09-11,Placer,061,380077,75296,74994,9433,84427,657
2022-09-11,Plumas,063,18699,3614,3594,431,4025,13
2022-09-11,Riverside,065,2383286,692046,690018,34975,724993,6596
2022-09-11,Sacramento,067,1510023,344355,343048,33583,376631,3254
2022-09-11,San Benito,069,59416,16178,16000,953,16953,103
2022-09-11,San Bernardino,071,2135413,667622,662248,30654,692902,8057
2022-09-11,San Diego,073,3302833,917353,915648,71302,986950,5474
2022-09-11,San Francisco,075,870044,177263,176512,11989,188501,1022
2022-09-11,San Joaquin,077,732212,196712,195697,14784,210481,2303
2022-09-11,San Luis Obispo,079,281455,62911,62569,7037,69606,519
2022-09-11,San Mateo,081,765935,167167,166165,10371,176536,735
2022-09-11,Santa Barbara,083,443738,105090,104627,6804,111431,717
2022-09-11,Santa Clara,085,1922200,432762,426854,18856,445710,2478
2022-09-11,Santa Cruz,087,273765,62577,62255,3395,65650,274
2022-09-11,Shasta,089,179085,34718,34531,7344,41875,591
2022-09-11,Sierra,091,2930,303,303,60,363,5
2022-09-11,Siskiyou,093,43540,5097,5197,3279,8476,90
2022-09-11,Solano,095,438530,104329,103841,7819,111660,461
2022-09-11,Sonoma,097,501317,106101,105778,5229,111007,521
2022-09-11,Stanislaus,099,539301,137167,136674,21478,158152,1726
2022-09-11,Sutter,101,95872,24089,24037,2455,26492,228
2022-09-11,Tehama,103,63373,13534,13471,3052,16523,210
2022-09-11,Trinity,105,12862,1388,1383,378,1761,20
2022-09-11,Tulare,107,460477,121312,120972,35968,156940,1529
2022-09-11,Tuolumne,109,53932,15443,15362,915,16277,196
2022-09-11,Ventura,111,848112,207201,206442,15534,221976,1558
2022-09-11,Yolo,113,214977,47103,46989,4243,51232,334
2022-09-11,Yuba,115,75493,18769,18709,1689,20398,129
2022-09-10,Alameda,001,1643700,344679,343017,19458,362475,2006
2022-09-10,Alpine,003,1148,134,134,1,135,0
2022-09-10,Amador,005,37829,9918,9890,917,10807,89
2022-09-10,Butte,007,227075,39248,39049,9019,48068,453
2022-09-10,Calaveras,009,45235,8446,8444,529,8973,133
2022-09-10,Colusa,011,21464,3771,3755,1268,5023,22
2022-09-10,Contra Costa,013,1133247,249195,246174,20518,266692,1415
2022-09-10,Del Norte,015,27424,7371,7354,397,7751,56
2022-09-10,El Dorado,017,186661,32087,32027,4204,36231,229
2022-09-10,Fresno,019,978130,273866,272161,31216,303377,2835
2022-09-10,Glenn,021,27897,5494,5473,1851,7324,48
2022-09-10,Humboldt,023,135768,21586,21494,4908,26402,155
2022-09-10,Imperial,025,180216,65114,64926,15590,80516,956
2022-09-10,Inyo,027,18085,4475,4465,946,5411,59
2022-09-10,Kern,029,883053,218229,217203,63117,280320,2404
2022-09-10,Kings,031,150075,59117,58980,4072,63052,455
2022-09-10,Lake,033,64148,12714,12663,1169,13832,144
2022-09-10,Lassen,035,31185,9933,9931,986,10917,64
2022-09-10,Los Angeles,037,10098052,3259203,3246402,178510,3424912,33094
2022-09-10,Madera,039,155013,43747,43599,8182,51781,373
2022-09-10,Marin,041,260295,44766,44584,5212,49796,305
2022-09-10,Mariposa,043,17540,3083,3058,341,3399,31
2022-09-10,Mendocino,045,87422,15915,15853,4429,20282,135
2022-09-10,Merced,047,269075,72128,71563,11741,83304,856
2022-09-10,Modoc,049,8938,872,872,316,1188,11
2022-09-10,Mono,051,14174,3195,3188,249,3437,7
2022-09-10,Monterey,053,433212,93754,93513,20842,114355,762
2022-09-10,Napa,055,140530,31942,31910,1391,33301,158
2022-09-10,Nevada,057,99092,18851,18784,1806,20590,132
2022-09-10,Orange,059,3164182,662901,661329,61998,723327,7371
2022-09-10,Placer,061,380077,75267,74994,9431,84425,657
2022-09-10,Plumas,063,18699,3610,3594,431,4025,13
2022-09-10,Riverside,065,2383286,691864,690018,34964,724982,6596
2022-09-10,Sacramento,067,1510023,344261,343048,33574,376622,3254
2022-09-10,San Benito,069,59416,16171,16000,953,16953,103
2022-09-10,San Bernardino,071,2135413,667462,662248,30639,692887,8057
2022-09-10,San Diego,073,3302833,917125,915648,71278,986926,5474
2022-09-10,San Francisco,075,870044,177204,176512,11986,188498,1022
2022-09-10,San Joaquin,077,732212,196661,195697,14776,210473,2303
2022-09-10,San Luis Obispo,079,281455,62898,62569,7035,69604,519
2022-09-10,San Mateo,081,765935,167092,166165,10363,176528,735
2022-09-10,Santa Barbara,083,443738,105069,104627,6802,111429,717
2022-09-10,Santa Clara,085,1922200,432538,426854,18845,445699,2478
2022-09-10,Santa Cruz,087,273765,62565,62255,3393,65648,274
2022-09-10,Shasta,089,179085,34707,34531,7341,41872,591
2022-09-10,Sierra,091,2930,303,303,60,363,5
2022-09-10,Siskiyou,093,43540,5097,5197,3279,8476,90
2022-09-10,Solano,095,438530,104304,103841,7816,111657,461
2022-09-10,Sonoma,097,501317,106079,105778,5229,111007,521
2022-09-10,Stanislaus,099,539301,137127,136674,21472,158146,1726
2022-09-10,Sutter,101,95872,24074,24037,2455,26492,228
2022-09-10,Tehama,103,63373,13533,13471,3052,16523,210
2022-09-10,Trinity,105,12862,1388,1383,378,1761,20
2022-09-10,Tulare,107,460477,121286,120972,35956,156928,1529
2022-09-10,Tuolumne,109,53932,15437,15362,915,16277,196
2022-09-10,Ventura,111,848112,207132,206442,15520,221962,1558
2022-09-10,Yolo,113,214977,47093,46989,4240,51229,334
2022-09-10,Yuba,115,75493,18761,18709,1688,20397,129
2022-09-09,Alameda,001,1643700,344500,343017,19450,362467,2006
2022-09-09,Alpine,003,1148,134,134,1,135,0
2022-09-09,Amador,005,37829,9913,9890,917,10807,89
2022-09-09,Butte,007,227075,39235,39049,9014,48063,453
2022-09-09,Calaveras,009,45235,8444,8444,529,8973,133
2022-09-09,Colusa,011,21464,3769,3755,1267,5022,22
2022-09-09,Contra Costa,013,1133247,249118,246174,20507,266681,1415
2022-09-09,Del Norte,015,27424,7370,7354,397,7751,56
2022-09-09,El Dorado,017,186661,32079,32027,4202,36229,229
2022-09-09,Fresno,019,978130,273796,272161,31206,303367,2835
2022-09-09,Glenn,021,27897,5492,5473,1851,7324,48
2022-09-09,Humboldt,023,135768,21579,21494,4903,26397,155
2022-09-09,Imperial,025,180216,65089,64926,15582,80508,956
2022-09-09,Inyo,027,18085,4473,4465,938,5403,59
2022-09-09,Kern,029,883053,218167,217203,63072,280275,2404
2022-09-09,Kings,031,150075,59098,58980,4072,63052,455
2022-09-09,Lake,033,64148,12711,12663,1168,13831,144
2022-09-09,Lassen,035,31185,9933,9931,986,10917,64
2022-09-09,Los Angeles,037,10098052,3258166,3246402,178365,3424767,33094
2022-09-09,Madera,039,155013,43729,43599,8180,51779,373
2022-09-09,Marin,041,260295,44753,44584,5211,49795,305
2022-09-09,Mariposa,043,17540,3082,3058,341,3399,31
2022-09-09,Mendocino,045,87422,15909,15853,4425,20278,135
2022-09-09,Merced,047,269075,72107,71563,11739,83302,856
2022-09-09,Modoc,049,8938,872,872,316,1188,11
2022-09-09,Mono,051,14174,3195,3188,249,3437,7
2022-09-09,Monterey,053,433212,93739,93513,20833,114346,762
2022-09-09,Napa,055,140530,31930,31910,1391,33301,158
2022-09-09,Nevada,057,99092,18844,18784,1806,20590,132
2022-09-09,Orange,059,3164182,662714,661329,61955,723284,7371
2022-09-09,Placer,061,380077,75245,74994,9428,84422,657
2022-09-09,Plumas,063,18699,3608,3594,431,4025,13
2022-09-09,Riverside,065,2383286,691678,690018,34950,724968,6596
2022-09-09,Sacramento,067,1510023,344126,343048,33562,376610,3254
2022-09-09,San Benito,069,59416,16161,16000,953,16953,103
2022-09-09,San Bernardino,071,2135413,667287,662248,30630,692878,8057
2022-09-09,San Diego,073,3302833,916863,915648,71253,986901,5474
2022-09-09,San Francisco,075,870044,177133,176512,11978,188490,1022
2022-09-09,San Joaquin,077,732212,196605,195697,14761,210458,2303
2022-09-09,San Luis Obispo,079,281455,62892,62569,7032,69601,519
2022-09-09,San Mateo,081,765935,167037,166165,10361,176526,735
2022-09-09,Santa Barbara,083,443738,105032,104627,6799,111426,717
2022-09-09,Santa Clara,085,1922200,432347,426854,18833,445687,2478
2022-09-09,Santa Cruz,087,273765,62544,62255,3391,65646,274
2022-09-09,Shasta,089,179085,34691,34531,7335,41866,591
2022-09-09,Sierra,091,2930,303,303,60,363,5
2022-09-09,Siskiyou,093,43540,5090,5197,3279,8476,90
2022-09-09,Solano,095,438530,104270,103841,7811,111652,461
2022-09-09,Sonoma,097,501317,106051,105778,5229,111007,521
2022-09-09,Stanislaus,099,539301,137099,136674,21465,158139,1726
2022-09-09,Sutter,101,95872,24067,24037,2454,26491,228
2022-09-09,Tehama,103,63373,13528,13471,3052,16523,210
2022-09-09,Trinity,105,12862,1387,1383,378,1761,20
2022-09-09,Tulare,107,460477,121246,120972,35938,156910,1529
2022-09-09,Tuolumne,109,53932,15436,15362,915,16277,196
2022-09-09,Ventura,111,848112,207062,206442,15506,221948,1558
2022-09-09,Yolo,113,214977,47078,46989,4240,51229,334
2022-09-09,Yuba,115,75493,18752,18709,1688,20397,129
2022-09-08,Alameda,001,1643700,344272,343017,19439,362456,2006
2022-09-08,Alpine,003,1148,134,134,1,135,0
2022-09-08,Amador,005,37829,9906,9890,917,10807,89
2022-09-08,Butte,007,227075,39212,39049,9004,48053,453
2022-09-08,Calaveras,009,45235,8444,8444,528,8972,133
2022-09-08,Colusa,011,21464,3769,3755,1267,5022,22
2022-09-08,Contra Costa,013,1133247,248990,246174,20489,266663,1415
2022-09-08,Del Norte,015,27424,7360,7354,397,7751,56
2022-09-08,El Dorado,017,186661,32062,32027,4200,36227,229
2022-09-08,Fresno,019,978130,273680,272161,31184,303345,2835
2022-09-08,Glenn,021,27897,5492,5473,1851,7324,48
2022-09-08,Humboldt,023,135768,21554,21494,4898,26392,155
2022-09-08,Imperial,025,180216,65058,64926,15560,80486,956
2022-09-08,Inyo,027,18085,4471,4465,936,5401,59
2022-09-08,Kern,029,883053,218078,217203,62978,280181,2404
2022-09-08,Kings,031,150075,59069,58980,4070,63050,455
2022-09-08,Lake,033,64148,12702,12663,1168,13831,144
2022-09-08,Lassen,035,31185,9932,9931,986,10917,64
2022-09-08,Los Angeles,037,10098052,3256710,3246402,178168,3424570,33094
2022-09-08,Madera,039,155013,43699,43599,8174,51773,373
2022-09-08,Marin,041,260295,44728,44584,5207,49791,305
2022-09-08,Mariposa,043,17540,3079,3058,341,3399,31
2022-09-08,Mendocino,045,87422,15902,15853,4425,20278,135
2022-09-08,Merced,047,269075,72078,71563,11727,83290,856
2022-09-08,Modoc,049,8938,872,872,316,1188,11
2022-09-08,Mono,051,14174,3195,3188,248,3436,7
2022-09-08,Monterey,053,433212,93707,93513,20812,114325,762
2022-09-08,Napa,055,140530,31917,31910,1391,33301,158
2022-09-08,Nevada,057,99092,18834,18784,1805,20589,132
2022-09-08,Orange,059,3164182,662439,661329,61888,723217,7371
2022-09-08,Placer,061,380077,75213,74994,9424,84418,657
2022-09-08,Plumas,063,18699,3605,3594,431,4025,13
2022-09-08,Riverside,065,2383286,691401,690018,34926,724944,6596
2022-09-08,Sacramento,067,1510023,343952,343048,33539,376587,3254
2022-09-08,San Benito,069,59416,16150,16000,953,16953,103
2022-09-08,San Bernardino,071,2135413,666993,662248,30619,692867,8057
2022-09-08,San Diego,073,3302833,916486,915648,71200,986848,5474
2022-09-08,San Francisco,075,870044,177007,176512,11970,188482,1022
2022-09-08,San Joaquin,077,732212,196519,195697,14744,210441,2303
2022-09-08,San Luis Obispo,079,281455,62874,62569,7026,69595,519
2022-09-08,San Mateo,081,765935,166952,166165,10357,176522,735
2022-09-08,Santa Barbara,083,443738,104990,104627,6794,111421,717
2022-09-08,Santa Clara,085,1922200,432077,426854,18821,445675,2478
2022-09-08,Santa Cruz,087,273765,62512,62255,3388,65643,274
2022-09-08,Shasta,089,179085,34669,34531,7326,41857,591
2022-09-08,Sierra,091,2930,303,303,60,363,5
2022-09-08,Siskiyou,093,43540,5085,5197,3278,8475,90
2022-09-08,Solano,095,438530,104215,103841,7799,111640,461
2022-09-08,Sonoma,097,501317,105970,105778,5223,111001,521
2022-09-08,Stanislaus,099,539301,137033,136674,21450,158124,1726
2022-09-08,Sutter,101,95872,24055,24037,2454,26491,228
2022-09-08,Tehama,103,63373,13520,13471,3049,16520,210
2022-09-08,Trinity,105,12862,1387,1383,378,1761,20
2022-09-08,Tulare,107,460477,121198,120972,35909,156881,1529
2022-09-08,Tuolumne,109,53932,15429,15362,914,16276,196
2022-09-08,Ventura,111,848112,206944,206442,15482,221924,1558
2022-09-08,Yolo,113,214977,47057,46989,4232,51221,334
2022-09-08,Yuba,115,75493,18742,18709,1684,20393,129
2022-09-07,Alameda,001,1643700,344027,342480,19432,361912,1999
2022-09-07,Alpine,003,1148,134,133,1,134,0
2022-09-07,Amador,005,37829,9903,9877,917,10794,89
2022-09-07,Butte,007,227075,39182,38969,8992,47961,453
2022-09-07,Calaveras,009,45235,8442,8437,526,8963,133
2022-09-07,Colusa,011,21464,3766,3748,1267,5015,22
2022-09-07,Contra Costa,013,1133247,248850,245708,20473,266181,1415
2022-09-07,Del Norte,015,27424,7358,7346,397,7743,56
2022-09-07,El Dorado,017,186661,32049,31979,4199,36178,229
2022-09-07,Fresno,019,978130,273520,271753,31156,302909,2835
2022-09-07,Glenn,021,27897,5490,5468,1850,7318,48
2022-09-07,Humboldt,023,135768,21536,21459,4895,26354,155
2022-09-07,Imperial,025,180216,65025,64755,15537,80292,956
2022-09-07,Inyo,027,18085,4466,4456,929,5385,59
2022-09-07,Kern,029,883053,217978,216932,62883,279815,2404
2022-09-07,Kings,031,150075,59034,58922,4066,62988,455
2022-09-07,Lake,033,64148,12693,12647,1167,13814,143
2022-09-07,Lassen,035,31185,9932,9918,985,10903,64
2022-09-07,Los Angeles,037,10098052,3255115,3242352,177968,3420320,32971
2022-09-07,Madera,039,155013,43652,43533,8174,51707,373
2022-09-07,Marin,041,260295,44705,44489,5205,49694,305
2022-09-07,Mariposa,043,17540,3077,3046,341,3387,31
2022-09-07,Mendocino,045,87422,15897,15813,4419,20232,135
2022-09-07,Merced,047,269075,72043,71448,11715,83163,856
2022-09-07,Modoc,049,8938,872,868,316,1184,11
2022-09-07,Mono,051,14174,3194,3184,248,3432,7
2022-09-07,Monterey,053,433212,93677,93430,20793,114223,762
2022-09-07,Napa,055,140530,31897,31854,1391,33245,156
2022-09-07,Nevada,057,99092,18821,18761,1803,20564,132
2022-09-07,Orange,059,3164182,662131,660580,61814,722394,7362
2022-09-07,Placer,061,380077,75186,74884,9415,84299,658
2022-09-07,Plumas,063,18699,3603,3588,430,4018,13
2022-09-07,Riverside,065,2383286,691070,688794,34899,723693,6591
2022-09-07,Sacramento,067,1510023,343790,342602,33506,376108,3248
2022-09-07,San Benito,069,59416,16137,15933,952,16885,103
2022-09-07,San Bernardino,071,2135413,666736,660303,30603,690906,8023
2022-09-07,San Diego,073,3302833,915993,914552,71155,985707,5468
2022-09-07,San Francisco,075,870044,176905,176386,11960,188346,1018
2022-09-07,San Joaquin,077,732212,196406,195359,14732,210091,2303
2022-09-07,San Luis Obispo,079,281455,62853,62548,7023,69571,517
2022-09-07,San Mateo,081,765935,166851,165893,10350,176243,736
2022-09-07,Santa Barbara,083,443738,104946,104452,6789,111241,717
2022-09-07,Santa Clara,085,1922200,431794,426178,18808,444986,2472
2022-09-07,Santa Cruz,087,273765,62479,62187,3385,65572,274
2022-09-07,Shasta,089,179085,34647,34484,7309,41793,591
2022-09-07,Sierra,091,2930,303,303,60,363,5
2022-09-07,Siskiyou,093,43540,5080,5190,3277,8467,89
2022-09-07,Solano,095,438530,104157,103665,7792,111457,463
2022-09-07,Sonoma,097,501317,105907,105389,5220,110609,517
2022-09-07,Stanislaus,099,539301,136955,136477,21440,157917,1726
2022-09-07,Sutter,101,95872,24041,23984,2454,26438,228
2022-09-07,Tehama,103,63373,13517,13453,3045,16498,210
2022-09-07,Trinity,105,12862,1387,1382,378,1760,20
2022-09-07,Tulare,107,460477,121146,120846,35879,156725,1529
2022-09-07,Tuolumne,109,53932,15422,15327,914,16241,196
2022-09-07,Ventura,111,848112,206823,206121,15465,221586,1557
2022-09-07,Yolo,113,214977,47028,46966,4226,51192,334
2022-09-07,Yuba,115,75493,18729,18665,1683,20348,129
2022-09-06,Alameda,001,1643700,343762,342480,19418,361898,1999
2022-09-06,Alpine,003,1148,133,133,1,134,0
2022-09-06,Amador,005,37829,9900,9877,917,10794,89
2022-09-06,Butte,007,227075,39151,38969,8981,47950,453
2022-09-06,Calaveras,009,45235,8440,8437,524,8961,133
2022-09-06,Colusa,011,21464,3764,3748,1267,5015,22
2022-09-06,Contra Costa,013,1133247,248682,245708,20446,266154,1415
2022-09-06,Del Norte,015,27424,7350,7346,397,7743,56
2022-09-06,El Dorado,017,186661,32031,31979,4193,36172,229
2022-09-06,Fresno,019,978130,273392,271753,31127,302880,2835
2022-09-06,Glenn,021,27897,5488,5468,1848,7316,48
2022-09-06,Humboldt,023,135768,21518,21459,4890,26349,155
2022-09-06,Imperial,025,180216,64975,64755,15509,80264,956
2022-09-06,Inyo,027,18085,4463,4456,923,5379,59
2022-09-06,Kern,029,883053,217884,216932,62782,279714,2404
2022-09-06,Kings,031,150075,58994,58922,4061,62983,455
2022-09-06,Lake,033,64148,12690,12647,1151,13798,143
2022-09-06,Lassen,035,31185,9929,9918,983,10901,64
2022-09-06,Los Angeles,037,10098052,3253334,3242352,177754,3420106,32971
2022-09-06,Madera,039,155013,43610,43533,8169,51702,373
2022-09-06,Marin,041,260295,44674,44489,5201,49690,305
2022-09-06,Mariposa,043,17540,3075,3046,341,3387,31
2022-09-06,Mendocino,045,87422,15891,15813,4412,20225,135
2022-09-06,Merced,047,269075,72005,71448,11698,83146,856
2022-09-06,Modoc,049,8938,871,868,316,1184,11
2022-09-06,Mono,051,14174,3194,3184,247,3431,7
2022-09-06,Monterey,053,433212,93641,93430,20775,114205,762
2022-09-06,Napa,055,140530,31881,31854,1391,33245,156
2022-09-06,Nevada,057,99092,18811,18761,1799,20560,132
2022-09-06,Orange,059,3164182,661769,660580,61739,722319,7362
2022-09-06,Placer,061,380077,75142,74884,9413,84297,658
2022-09-06,Plumas,063,18699,3599,3588,430,4018,13
2022-09-06,Riverside,065,2383286,690599,688794,34865,723659,6591
2022-09-06,Sacramento,067,1510023,343574,342602,33466,376068,3248
2022-09-06,San Benito,069,59416,16121,15933,952,16885,103
2022-09-06,San Bernardino,071,2135413,666463,660303,30587,690890,8023
2022-09-06,San Diego,073,3302833,915484,914552,71102,985654,5468
2022-09-06,San Francisco,075,870044,176772,176386,11948,188334,1018
2022-09-06,San Joaquin,077,732212,196312,195359,14719,210078,2303
2022-09-06,San Luis Obispo,079,281455,62812,62548,7021,69569,517
2022-09-06,San Mateo,081,765935,166744,165893,10340,176233,736
2022-09-06,Santa Barbara,083,443738,104889,104452,6784,111236,717
2022-09-06,Santa Clara,085,1922200,431534,426178,18793,444971,2472
2022-09-06,Santa Cruz,087,273765,62399,62187,3385,65572,274
2022-09-06,Shasta,089,179085,34599,34484,7286,41770,591
2022-09-06,Sierra,091,2930,303,303,60,363,5
2022-09-06,Siskiyou,093,43540,5078,5190,3273,8463,89
2022-09-06,Solano,095,438530,104091,103665,7780,111445,463
2022-09-06,Sonoma,097,501317,105845,105389,5217,110606,517
2022-09-06,Stanislaus,099,539301,136884,136477,21426,157903,1726
2022-09-06,Sutter,101,95872,24016,23984,2454,26438,228
2022-09-06,Tehama,103,63373,13508,13453,3042,16495,210
2022-09-06,Trinity,105,12862,1386,1382,378,1760,20
2022-09-06,Tulare,107,460477,121095,120846,35842,156688,1529
2022-09-06,Tuolumne,109,53932,15411,15327,914,16241,196
2022-09-06,Ventura,111,848112,206677,206121,15448,221569,1557
2022-09-06,Yolo,113,214977,47012,46966,4215,51181,334
2022-09-06,Yuba,115,75493,18708,18665,1682,20347,129
2022-09-05,Alameda,001,1643700,343470,342480,19410,361890,1999
2022-09-05,Alpine,003,1148,133,133,1,134,0
2022-09-05,Amador,005,37829,9896,9877,917,10794,89
2022-09-05,Butte,007,227075,39104,38969,8968,47937,453
2022-09-05,Calaveras,009,45235,8437,8437,523,8960,133
2022-09-05,Colusa,011,21464,3757,3748,1264,5012,22
2022-09-05,Contra Costa,013,1133247,248494,245708,20427,266135,1415
2022-09-05,Del Norte,015,27424,7345,7346,395,7741,56
2022-09-05,El Dorado,017,186661,32007,31979,4187,36166,229
2022-09-05,Fresno,019,978130,273160,271753,31063,302816,2835
2022-09-05,Glenn,021,27897,5485,5468,1844,7312,48
2022-09-05,Humboldt,023,135768,21502,21459,4884,26343,155
2022-09-05,Imperial,025,180216,64922,64755,15465,80220,956
2022-09-05,Inyo,027,18085,4461,4456,921,5377,59
2022-09-05,Kern,029,883053,217751,216932,62651,279583,2404
2022-09-05,Kings,031,150075,58936,58922,4058,62980,455
2022-09-05,Lake,033,64148,12683,12647,1149,13796,143
2022-09-05,Lassen,035,31185,9920,9918,982,10900,64
2022-09-05,Los Angeles,037,10098052,3250909,3242352,177487,3419839,32971
2022-09-05,Madera,039,155013,43555,43533,8147,51680,373
2022-09-05,Marin,041,260295,44645,44489,5201,49690,305
2022-09-05,Mariposa,043,17540,3070,3046,341,3387,31
2022-09-05,Mendocino,045,87422,15870,15813,4401,20214,135
2022-09-05,Merced,047,269075,71942,71448,11667,83115,856
2022-09-05,Modoc,049,8938,870,868,315,1183,11
2022-09-05,Mono,051,14174,3192,3184,244,3428,7
2022-09-05,Monterey,053,433212,93575,93430,20754,114184,762
2022-09-05,Napa,055,140530,31853,31854,1388,33242,156
2022-09-05,Nevada,057,99092,18804,18761,1794,20555,132
2022-09-05,Orange,059,3164182,661296,660580,61640,722220,7362
2022-09-05,Placer,061,380077,75092,74884,9408,84292,658
2022-09-05,Plumas,063,18699,3598,3588,430,4018,13
2022-09-05,Riverside,065,2383286,690089,688794,34814,723608,6591
2022-09-05,Sacramento,067,1510023,343285,342602,33401,376003,3248
2022-09-05,San Benito,069,59416,16095,15933,949,16882,103
2022-09-05,San Bernardino,071,2135413,666032,660303,30555,690858,8023
2022-09-05,San Diego,073,3302833,914858,914552,71009,985561,5468
2022-09-05,San Francisco,075,870044,176610,176386,11941,188327,1018
2022-09-05,San Joaquin,077,732212,196172,195359,14704,210063,2303
2022-09-05,San Luis Obispo,079,281455,62758,62548,7004,69552,517
2022-09-05,San Mateo,081,765935,166625,165893,10332,176225,736
2022-09-05,Santa Barbara,083,443738,104802,104452,6779,111231,717
2022-09-05,Santa Clara,085,1922200,431169,426178,18775,444953,2472
2022-09-05,Santa Cruz,087,273765,62340,62187,3381,65568,274
2022-09-05,Shasta,089,179085,34568,34484,7273,41757,591
2022-09-05,Sierra,091,2930,303,303,60,363,5
2022-09-05,Siskiyou,093,43540,5072,5190,3273,8463,89
2022-09-05,Solano,095,438530,103994,103665,7762,111427,463
2022-09-05,Sonoma,097,501317,105773,105389,5210,110599,517
2022-09-05,Stanislaus,099,539301,136786,136477,21408,157885,1726
2022-09-05,Sutter,101,95872,23992,23984,2452,26436,228
2022-09-05,Tehama,103,63373,13500,13453,3041,16494,210
2022-09-05,Trinity,105,12862,1386,1382,377,1759,20
2022-09-05,Tulare,107,460477,120999,120846,35783,156629,1529
2022-09-05,Tuolumne,109,53932,15392,15327,913,16240,196
2022-09-05,Ventura,111,848112,206500,206121,15412,221533,1557
2022-09-05,Yolo,113,214977,46988,46966,4207,51173,334
2022-09-05,Yuba,115,75493,18686,18665,1680,20345,129
2022-09-04,Alameda,001,1643700,343328,341621,19399,361020,1998
2022-09-04,Alpine,003,1148,133,133,1,134,0
2022-09-04,Amador,005,37829,9892,9855,916,10771,89
2022-09-04,Butte,007,227075,39082,38851,8961,47812,453
2022-09-04,Calaveras,009,45235,8435,8422,522,8944,133
2022-09-04,Colusa,011,21464,3756,3742,1261,5003,22
2022-09-04,Contra Costa,013,1133247,248389,245022,20421,265443,1410
2022-09-04,Del Norte,015,27424,7344,7340,394,7734,56
2022-09-04,El Dorado,017,186661,31990,31929,4184,36113,229
2022-09-04,Fresno,019,978130,273055,271062,31052,302114,2835
2022-09-04,Glenn,021,27897,5484,5462,1844,7306,48
2022-09-04,Humboldt,023,135768,21492,21390,4880,26270,154
2022-09-04,Imperial,025,180216,64895,64678,15453,80131,956
2022-09-04,Inyo,027,18085,4459,4449,918,5367,59
2022-09-04,Kern,029,883053,217668,216471,62556,279027,2404
2022-09-04,Kings,031,150075,58922,58753,4058,62811,455
2022-09-04,Lake,033,64148,12676,12608,1148,13756,143
2022-09-04,Lassen,035,31185,9917,9908,982,10890,64
2022-09-04,Los Angeles,037,10098052,3249969,3235242,177369,3412611,32927
2022-09-04,Madera,039,155013,43541,43403,8140,51543,373
2022-09-04,Marin,041,260295,44618,44394,5197,49591,305
2022-09-04,Mariposa,043,17540,3069,3036,341,3377,31
2022-09-04,Mendocino,045,87422,15866,15781,4400,20181,134
2022-09-04,Merced,047,269075,71918,71280,11662,82942,856
2022-09-04,Modoc,049,8938,870,868,315,1183,11
2022-09-04,Mono,051,14174,3192,3183,244,3427,7
2022-09-04,Monterey,053,433212,93542,93246,20732,113978,761
2022-09-04,Napa,055,140530,31844,31799,1388,33187,156
2022-09-04,Nevada,057,99092,18794,18705,1793,20498,132
2022-09-04,Orange,059,3164182,661125,659290,61589,720879,7347
2022-09-04,Placer,061,380077,75057,74754,9406,84160,657
2022-09-04,Plumas,063,18699,3596,3587,430,4017,13
2022-09-04,Riverside,065,2383286,689899,687184,34796,721980,6581
2022-09-04,Sacramento,067,1510023,343186,341766,33382,375148,3243
2022-09-04,San Benito,069,59416,16090,15900,949,16849,103
2022-09-04,San Bernardino,071,2135413,665886,658354,30539,688893,8006
2022-09-04,San Diego,073,3302833,914620,912824,70990,983814,5464
2022-09-04,San Francisco,075,870044,176532,176131,11936,188067,1015
2022-09-04,San Joaquin,077,732212,196048,194904,14686,209590,2301
2022-09-04,San Luis Obispo,079,281455,62748,62455,7000,69455,517
2022-09-04,San Mateo,081,765935,166569,165520,10328,175848,738
2022-09-04,Santa Barbara,083,443738,104751,104161,6774,110935,716
2022-09-04,Santa Clara,085,1922200,430970,425040,18761,443801,2473
2022-09-04,Santa Cruz,087,273765,62321,61989,3380,65369,273
2022-09-04,Shasta,089,179085,34561,34422,7266,41688,591
2022-09-04,Sierra,091,2930,303,303,60,363,5
2022-09-04,Siskiyou,093,43540,5069,5168,3270,8438,89
2022-09-04,Solano,095,438530,103976,103457,7758,111215,461
2022-09-04,Sonoma,097,501317,105747,105162,5205,110367,517
2022-09-04,Stanislaus,099,539301,136726,136168,21399,157567,1726
2022-09-04,Sutter,101,95872,23977,23927,2452,26379,228
2022-09-04,Tehama,103,63373,13492,13406,3038,16444,210
2022-09-04,Trinity,105,12862,1386,1377,376,1753,20
2022-09-04,Tulare,107,460477,120956,120592,35748,156340,1527
2022-09-04,Tuolumne,109,53932,15378,15294,912,16206,196
2022-09-04,Ventura,111,848112,206409,205627,15403,221030,1558
2022-09-04,Yolo,113,214977,46978,46882,4201,51083,334
2022-09-04,Yuba,115,75493,18682,18615,1680,20295,129
2022-09-03,Alameda,001,1643700,343205,341621,19394,361015,1998
2022-09-03,Alpine,003,1148,133,133,1,134,0
2022-09-03,Amador,005,37829,9887,9855,915,10770,89
2022-09-03,Butte,007,227075,39065,38851,8953,47804,453
2022-09-03,Calaveras,009,45235,8434,8422,522,8944,133
2022-09-03,Colusa,011,21464,3756,3742,1260,5002,22
2022-09-03,Contra Costa,013,1133247,248278,245022,20416,265438,1410
2022-09-03,Del Norte,015,27424,7344,7340,394,7734,56
2022-09-03,El Dorado,017,186661,31982,31929,4182,36111,229
2022-09-03,Fresno,019,978130,272975,271062,31036,302098,2835
2022-09-03,Glenn,021,27897,5483,5462,1844,7306,48
2022-09-03,Humboldt,023,135768,21484,21390,4880,26270,154
2022-09-03,Imperial,025,180216,64876,64678,15443,80121,956
2022-09-03,Inyo,027,18085,4458,4449,916,5365,59
2022-09-03,Kern,029,883053,217599,216471,62492,278963,2404
2022-09-03,Kings,031,150075,58909,58753,4058,62811,455
2022-09-03,Lake,033,64148,12670,12608,1148,13756,143
2022-09-03,Lassen,035,31185,9917,9908,982,10890,64
2022-09-03,Los Angeles,037,10098052,3249024,3235242,177233,3412475,32927
2022-09-03,Madera,039,155013,43522,43403,8139,51542,373
2022-09-03,Marin,041,260295,44603,44394,5195,49589,305
2022-09-03,Mariposa,043,17540,3068,3036,340,3376,31
2022-09-03,Mendocino,045,87422,15854,15781,4397,20178,134
2022-09-03,Merced,047,269075,71892,71280,11659,82939,856
2022-09-03,Modoc,049,8938,870,868,315,1183,11
2022-09-03,Mono,051,14174,3192,3183,243,3426,7
2022-09-03,Monterey,053,433212,93526,93246,20721,113967,761
2022-09-03,Napa,055,140530,31838,31799,1388,33187,156
2022-09-03,Nevada,057,99092,18788,18705,1793,20498,132
2022-09-03,Orange,059,3164182,660930,659290,61532,720822,7347
2022-09-03,Placer,061,380077,75025,74754,9404,84158,657
2022-09-03,Plumas,063,18699,3594,3587,430,4017,13
2022-09-03,Riverside,065,2383286,689696,687184,34771,721955,6581
2022-09-03,Sacramento,067,1510023,343067,341766,33372,375138,3243
2022-09-03,San Benito,069,59416,16084,15900,948,16848,103
2022-09-03,San Bernardino,071,2135413,665696,658354,30516,688870,8006
2022-09-03,San Diego,073,3302833,914373,912824,70972,983796,5464
2022-09-03,San Francisco,075,870044,176478,176131,11931,188062,1015
2022-09-03,San Joaquin,077,732212,195992,194904,14677,209581,2301
2022-09-03,San Luis Obispo,079,281455,62738,62455,6997,69452,517
2022-09-03,San Mateo,081,765935,166507,165520,10319,175839,738
2022-09-03,Santa Barbara,083,443738,104705,104161,6770,110931,716
2022-09-03,Santa Clara,085,1922200,430791,425040,18754,443794,2473
2022-09-03,Santa Cruz,087,273765,62302,61989,3379,65368,273
2022-09-03,Shasta,089,179085,34548,34422,7263,41685,591
2022-09-03,Sierra,091,2930,303,303,60,363,5
2022-09-03,Siskiyou,093,43540,5066,5168,3270,8438,89
2022-09-03,Solano,095,438530,103962,103457,7753,111210,461
2022-09-03,Sonoma,097,501317,105724,105162,5205,110367,517
2022-09-03,Stanislaus,099,539301,136683,136168,21395,157563,1726
2022-09-03,Sutter,101,95872,23967,23927,2451,26378,228
2022-09-03,Tehama,103,63373,13487,13406,3037,16443,210
2022-09-03,Trinity,105,12862,1386,1377,376,1753,20
2022-09-03,Tulare,107,460477,120924,120592,35710,156302,1527
2022-09-03,Tuolumne,109,53932,15373,15294,912,16206,196
2022-09-03,Ventura,111,848112,206328,205627,15392,221019,1558
2022-09-03,Yolo,113,214977,46968,46882,4199,51081,334
2022-09-03,Yuba,115,75493,18673,18615,1679,20294,129
2022-09-02,Alameda,001,1643700,343074,341621,19388,361009,1998
2022-09-02,Alpine,003,1148,133,133,1,134,0
2022-09-02,Amador,005,37829,9885,9855,915,10770,89
2022-09-02,Butte,007,227075,39053,38851,8941,47792,453
2022-09-02,Calaveras,009,45235,8429,8422,522,8944,133
2022-09-02,Colusa,011,21464,3755,3742,1260,5002,22
2022-09-02,Contra Costa,013,1133247,248182,245022,20405,265427,1410
2022-09-02,Del Norte,015,27424,7343,7340,393,7733,56
2022-09-02,El Dorado,017,186661,31971,31929,4180,36109,229
2022-09-02,Fresno,019,978130,272861,271062,31016,302078,2835
2022-09-02,Glenn,021,27897,5479,5462,1844,7306,48
2022-09-02,Humboldt,023,135768,21475,21390,4877,26267,154
2022-09-02,Imperial,025,180216,64855,64678,15430,80108,956
2022-09-02,Inyo,027,18085,4455,4449,915,5364,59
2022-09-02,Kern,029,883053,217517,216471,62423,278894,2404
2022-09-02,Kings,031,150075,58897,58753,4055,62808,455
2022-09-02,Lake,033,64148,12666,12608,1147,13755,143
2022-09-02,Lassen,035,31185,9916,9908,982,10890,64
2022-09-02,Los Angeles,037,10098052,3247971,3235242,177071,3412313,32927
2022-09-02,Madera,039,155013,43508,43403,8135,51538,373
2022-09-02,Marin,041,260295,44585,44394,5185,49579,305
2022-09-02,Mariposa,043,17540,3064,3036,339,3375,31
2022-09-02,Mendocino,045,87422,15852,15781,4396,20177,134
2022-09-02,Merced,047,269075,71866,71280,11656,82936,856
2022-09-02,Modoc,049,8938,870,868,315,1183,11
2022-09-02,Mono,051,14174,3192,3183,243,3426,7
2022-09-02,Monterey,053,433212,93499,93246,20704,113950,761
2022-09-02,Napa,055,140530,31825,31799,1388,33187,156
2022-09-02,Nevada,057,99092,18783,18705,1791,20496,132
2022-09-02,Orange,059,3164182,660741,659290,61469,720759,7347
2022-09-02,Placer,061,380077,75008,74754,9398,84152,657
2022-09-02,Plumas,063,18699,3593,3587,430,4017,13
2022-09-02,Riverside,065,2383286,689448,687184,34757,721941,6581
2022-09-02,Sacramento,067,1510023,342920,341766,33364,375130,3243
2022-09-02,San Benito,069,59416,16077,15900,948,16848,103
2022-09-02,San Bernardino,071,2135413,665520,658354,30500,688854,8006
2022-09-02,San Diego,073,3302833,914101,912824,70945,983769,5464
2022-09-02,San Francisco,075,870044,176411,176131,11915,188046,1015
2022-09-02,San Joaquin,077,732212,195887,194904,14659,209563,2301
2022-09-02,San Luis Obispo,079,281455,62722,62455,6996,69451,517
2022-09-02,San Mateo,081,765935,166424,165520,10316,175836,738
2022-09-02,Santa Barbara,083,443738,104657,104161,6768,110929,716
2022-09-02,Santa Clara,085,1922200,430594,425040,18740,443780,2473
2022-09-02,Santa Cruz,087,273765,62279,61989,3377,65366,273
2022-09-02,Shasta,089,179085,34542,34422,7260,41682,591
2022-09-02,Sierra,091,2930,303,303,60,363,5
2022-09-02,Siskiyou,093,43540,5063,5168,3270,8438,89
2022-09-02,Solano,095,438530,103928,103457,7748,111205,461
2022-09-02,Sonoma,097,501317,105688,105162,5203,110365,517
2022-09-02,Stanislaus,099,539301,136637,136168,21389,157557,1726
2022-09-02,Sutter,101,95872,23956,23927,2451,26378,228
2022-09-02,Tehama,103,63373,13485,13406,3035,16441,210
2022-09-02,Trinity,105,12862,1385,1377,376,1753,20
2022-09-02,Tulare,107,460477,120881,120592,35687,156279,1527
2022-09-02,Tuolumne,109,53932,15371,15294,911,16205,196
2022-09-02,Ventura,111,848112,206237,205627,15379,221006,1558
2022-09-02,Yolo,113,214977,46957,46882,4195,51077,334
2022-09-02,Yuba,115,75493,18665,18615,1676,20291,129
2022-09-01,Alameda,001,1643700,342843,341621,19374,360995,1998
2022-09-01,Alpine,003,1148,133,133,1,134,0
2022-09-01,Amador,005,37829,9881,9855,915,10770,89
2022-09-01,Butte,007,227075,39024,38851,8927,47778,453
2022-09-01,Calaveras,009,45235,8423,8422,521,8943,133
2022-09-01,Colusa,011,21464,3751,3742,1260,5002,22
2022-09-01,Contra Costa,013,1133247,248031,245022,20383,265405,1410
2022-09-01,Del Norte,015,27424,7342,7340,391,7731,56
2022-09-01,El Dorado,017,186661,31961,31929,4179,36108,229
2022-09-01,Fresno,019,978130,272687,271062,30955,302017,2835
2022-09-01,Glenn,021,27897,5477,5462,1844,7306,48
2022-09-01,Humboldt,023,135768,21462,21390,4870,26260,154
2022-09-01,Imperial,025,180216,64809,64678,15408,80086,956
2022-09-01,Inyo,027,18085,4453,4449,914,5363,59
2022-09-01,Kern,029,883053,217442,216471,62304,278775,2404
2022-09-01,Kings,031,150075,58869,58753,4053,62806,455
2022-09-01,Lake,033,64148,12656,12608,1145,13753,143
2022-09-01,Lassen,035,31185,9916,9908,980,10888,64
2022-09-01,Los Angeles,037,10098052,3246389,3235242,176847,3412089,32927
2022-09-01,Madera,039,155013,43471,43403,8132,51535,373
2022-09-01,Marin,041,260295,44552,44394,5177,49571,305
2022-09-01,Mariposa,043,17540,3063,3036,339,3375,31
2022-09-01,Mendocino,045,87422,15847,15781,4394,20175,134
2022-09-01,Merced,047,269075,71833,71280,11641,82921,856
2022-09-01,Modoc,049,8938,870,868,314,1182,11
2022-09-01,Mono,051,14174,3192,3183,242,3425,7
2022-09-01,Monterey,053,433212,93459,93246,20684,113930,761
2022-09-01,Napa,055,140530,31806,31799,1388,33187,156
2022-09-01,Nevada,057,99092,18774,18705,1791,20496,132
2022-09-01,Orange,059,3164182,660428,659290,61388,720678,7347
2022-09-01,Placer,061,380077,74971,74754,9391,84145,657
2022-09-01,Plumas,063,18699,3592,3587,430,4017,13
2022-09-01,Riverside,065,2383286,689109,687184,34717,721901,6581
2022-09-01,Sacramento,067,1510023,342724,341766,33325,375091,3243
2022-09-01,San Benito,069,59416,16069,15900,947,16847,103
2022-09-01,San Bernardino,071,2135413,665190,658354,30467,688821,8006
2022-09-01,San Diego,073,3302833,913684,912824,70895,983719,5464
2022-09-01,San Francisco,075,870044,176273,176131,11904,188035,1015
2022-09-01,San Joaquin,077,732212,195796,194904,14639,209543,2301
2022-09-01,San Luis Obispo,079,281455,62684,62455,6989,69444,517
2022-09-01,San Mateo,081,765935,166330,165520,10307,175827,738
2022-09-01,Santa Barbara,083,443738,104595,104161,6760,110921,716
2022-09-01,Santa Clara,085,1922200,430305,425040,18731,443771,2473
2022-09-01,Santa Cruz,087,273765,62226,61989,3372,65361,273
2022-09-01,Shasta,089,179085,34522,34422,7255,41677,591
2022-09-01,Sierra,091,2930,303,303,60,363,5
2022-09-01,Siskiyou,093,43540,5062,5168,3269,8437,89
2022-09-01,Solano,095,438530,103859,103457,7744,111201,461
2022-09-01,Sonoma,097,501317,105619,105162,5196,110358,517
2022-09-01,Stanislaus,099,539301,136556,136168,21373,157541,1726
2022-09-01,Sutter,101,95872,23937,23927,2449,26376,228
2022-09-01,Tehama,103,63373,13479,13406,3032,16438,210
2022-09-01,Trinity,105,12862,1384,1377,373,1750,20
2022-09-01,Tulare,107,460477,120827,120592,35643,156235,1527
2022-09-01,Tuolumne,109,53932,15363,15294,911,16205,196
2022-09-01,Ventura,111,848112,206091,205627,15362,220989,1558
2022-09-01,Yolo,113,214977,46928,46882,4188,51070,334
2022-09-01,Yuba,115,75493,18651,18615,1676,20291,129
2022-08-31,Alameda,001,1643700,342611,340789,19360,360149,1986
2022-08-31,Alpine,003,1148,133,133,1,134,0
2022-08-31,Amador,005,37829,9877,9829,913,10742,89
2022-08-31,Butte,007,227075,38988,38720,8911,47631,452
2022-08-31,Calaveras,009,45235,8419,8404,520,8924,133
2022-08-31,Colusa,011,21464,3750,3744,1260,5004,22
2022-08-31,Contra Costa,013,1133247,247872,244168,20357,264525,1409
2022-08-31,Del Norte,015,27424,7339,7333,391,7724,56
2022-08-31,El Dorado,017,186661,31952,31864,4175,36039,226
2022-08-31,Fresno,019,978130,272505,270456,30822,301278,2829
2022-08-31,Glenn,021,27897,5476,5448,1843,7291,48
2022-08-31,Humboldt,023,135768,21436,21325,4865,26190,154
2022-08-31,Imperial,025,180216,64779,64562,15386,79948,953
2022-08-31,Inyo,027,18085,4451,4444,913,5357,59
2022-08-31,Kern,029,883053,217329,216037,62164,278201,2404
2022-08-31,Kings,031,150075,58833,58629,4048,62677,455
2022-08-31,Lake,033,64148,12644,12563,1145,13708,142
2022-08-31,Lassen,035,31185,9911,9889,979,10868,64
2022-08-31,Los Angeles,037,10098052,3244571,3228552,176611,3405163,32877
2022-08-31,Madera,039,155013,43439,43269,8118,51387,372
2022-08-31,Marin,041,260295,44522,44330,5171,49501,305
2022-08-31,Mariposa,043,17540,3062,3025,339,3364,31
2022-08-31,Mendocino,045,87422,15839,15733,4390,20123,134
2022-08-31,Merced,047,269075,71801,71089,11619,82708,852
2022-08-31,Modoc,049,8938,868,865,314,1179,11
2022-08-31,Mono,051,14174,3191,3181,241,3422,7
2022-08-31,Monterey,053,433212,93415,93046,20662,113708,762
2022-08-31,Napa,055,140530,31790,31725,1387,33112,156
2022-08-31,Nevada,057,99092,18757,18649,1790,20439,132
2022-08-31,Orange,059,3164182,660018,658076,61299,719375,7340
2022-08-31,Placer,061,380077,74929,74612,9385,83997,657
2022-08-31,Plumas,063,18699,3591,3581,430,4011,13
2022-08-31,Riverside,065,2383286,688700,685704,34679,720383,6581
2022-08-31,Sacramento,067,1510023,342515,340949,33279,374228,3230
2022-08-31,San Benito,069,59416,16057,15860,945,16805,103
2022-08-31,San Bernardino,071,2135413,664759,656343,30429,686772,8014
2022-08-31,San Diego,073,3302833,913216,910878,70837,981715,5459
2022-08-31,San Francisco,075,870044,176158,175752,11895,187647,1001
2022-08-31,San Joaquin,077,732212,195638,194437,14620,209057,2298
2022-08-31,San Luis Obispo,079,281455,62654,62312,6977,69289,515
2022-08-31,San Mateo,081,765935,166227,165161,10300,175461,738
2022-08-31,Santa Barbara,083,443738,104508,103894,6751,110645,717
2022-08-31,Santa Clara,085,1922200,430001,424011,18713,442724,2467
2022-08-31,Santa Cruz,087,273765,62177,61812,3369,65181,272
2022-08-31,Shasta,089,179085,34507,34355,7248,41603,590
2022-08-31,Sierra,091,2930,303,302,60,362,5
2022-08-31,Siskiyou,093,43540,5054,5152,3268,8420,89
2022-08-31,Solano,095,438530,103796,103173,7739,110912,461
2022-08-31,Sonoma,097,501317,105547,104964,5186,110150,527
2022-08-31,Stanislaus,099,539301,136465,135801,21351,157152,1722
2022-08-31,Sutter,101,95872,23922,23856,2448,26304,228
2022-08-31,Tehama,103,63373,13466,13370,3027,16397,210
2022-08-31,Trinity,105,12862,1384,1373,373,1746,20
2022-08-31,Tulare,107,460477,120748,120346,35598,155944,1527
2022-08-31,Tuolumne,109,53932,15354,15250,909,16159,196
2022-08-31,Ventura,111,848112,205946,205157,15345,220502,1557
2022-08-31,Yolo,113,214977,46895,46807,4176,50983,334
2022-08-31,Yuba,115,75493,18628,18558,1673,20231,129
2022-08-30,Alameda,001,1643700,342365,340789,19339,360128,1986
2022-08-30,Alpine,003,1148,133,133,1,134,0
2022-08-30,Amador,005,37829,9866,9829,913,10742,89
2022-08-30,Butte,007,227075,38953,38720,8896,47616,452
2022-08-30,Calaveras,009,45235,8416,8404,518,8922,133
2022-08-30,Colusa,011,21464,3750,3744,1258,5002,22
2022-08-30,Contra Costa,013,1133247,247717,244168,20338,264506,1409
2022-08-30,Del Norte,015,27424,7338,7333,391,7724,56
2022-08-30,El Dorado,017,186661,31934,31864,4172,36036,226
2022-08-30,Fresno,019,978130,272304,270456,30725,301181,2829
2022-08-30,Glenn,021,27897,5476,5448,1842,7290,48
2022-08-30,Humboldt,023,135768,21415,21325,4861,26186,154
2022-08-30,Imperial,025,180216,64732,64562,15351,79913,953
2022-08-30,Inyo,027,18085,4450,4444,910,5354,59
2022-08-30,Kern,029,883053,217199,216037,62013,278050,2404
2022-08-30,Kings,031,150075,58777,58629,4044,62673,455
2022-08-30,Lake,033,64148,12634,12563,1143,13706,142
2022-08-30,Lassen,035,31185,9907,9889,979,10868,64
2022-08-30,Los Angeles,037,10098052,3242475,3228552,176346,3404898,32877
2022-08-30,Madera,039,155013,43389,43269,8102,51371,372
2022-08-30,Marin,041,260295,44489,44330,5167,49497,305
2022-08-30,Mariposa,043,17540,3058,3025,339,3364,31
2022-08-30,Mendocino,045,87422,15828,15733,4380,20113,134
2022-08-30,Merced,047,269075,71752,71089,11597,82686,852
2022-08-30,Modoc,049,8938,868,865,314,1179,11
2022-08-30,Mono,051,14174,3189,3181,241,3422,7
2022-08-30,Monterey,053,433212,93369,93046,20647,113693,762
2022-08-30,Napa,055,140530,31772,31725,1386,33111,156
2022-08-30,Nevada,057,99092,18739,18649,1770,20419,132
2022-08-30,Orange,059,3164182,659573,658076,61188,719264,7340
2022-08-30,Placer,061,380077,74893,74612,9377,83989,657
2022-08-30,Plumas,063,18699,3590,3581,430,4011,13
2022-08-30,Riverside,065,2383286,688257,685704,34641,720345,6581
2022-08-30,Sacramento,067,1510023,342320,340949,33239,374188,3230
2022-08-30,San Benito,069,59416,16043,15860,942,16802,103
2022-08-30,San Bernardino,071,2135413,664284,656343,30397,686740,8014
2022-08-30,San Diego,073,3302833,912688,910878,70742,981620,5459
2022-08-30,San Francisco,075,870044,176038,175752,11886,187638,1001
2022-08-30,San Joaquin,077,732212,195486,194437,14586,209023,2298
2022-08-30,San Luis Obispo,079,281455,62615,62312,6963,69275,515
2022-08-30,San Mateo,081,765935,166121,165161,10291,175452,738
2022-08-30,Santa Barbara,083,443738,104413,103894,6741,110635,717
2022-08-30,Santa Clara,085,1922200,429674,424011,18698,442709,2467
2022-08-30,Santa Cruz,087,273765,62125,61812,3363,65175,272
2022-08-30,Shasta,089,179085,34484,34355,7243,41598,590
2022-08-30,Sierra,091,2930,303,302,60,362,5
2022-08-30,Siskiyou,093,43540,5046,5152,3266,8418,89
2022-08-30,Solano,095,438530,103708,103173,7732,110905,461
2022-08-30,Sonoma,097,501317,105485,104964,5179,110143,527
2022-08-30,Stanislaus,099,539301,136359,135801,21336,157137,1722
2022-08-30,Sutter,101,95872,23904,23856,2448,26304,228
2022-08-30,Tehama,103,63373,13459,13370,3020,16390,210
2022-08-30,Trinity,105,12862,1383,1373,372,1745,20
2022-08-30,Tulare,107,460477,120663,120346,35545,155891,1527
2022-08-30,Tuolumne,109,53932,15339,15250,909,16159,196
2022-08-30,Ventura,111,848112,205784,205157,15307,220464,1557
2022-08-30,Yolo,113,214977,46875,46807,4168,50975,334
2022-08-30,Yuba,115,75493,18616,18558,1671,20229,129
2022-08-29,Alameda,001,1643700,342038,340789,19313,360102,1986
2022-08-29,Alpine,003,1148,133,133,1,134,0
2022-08-29,Amador,005,37829,9852,9829,912,10741,89
2022-08-29,Butte,007,227075,38911,38720,8880,47600,452
2022-08-29,Calaveras,009,45235,8415,8404,516,8920,133
2022-08-29,Colusa,011,21464,3750,3744,1258,5002,22
2022-08-29,Contra Costa,013,1133247,247541,244168,20314,264482,1409
2022-08-29,Del Norte,015,27424,7337,7333,391,7724,56
2022-08-29,El Dorado,017,186661,31916,31864,4168,36032,226
2022-08-29,Fresno,019,978130,272076,270456,30685,301141,2829
2022-08-29,Glenn,021,27897,5474,5448,1839,7287,48
2022-08-29,Humboldt,023,135768,21392,21325,4854,26179,154
2022-08-29,Imperial,025,180216,64688,64562,15312,79874,953
2022-08-29,Inyo,027,18085,4449,4444,906,5350,59
2022-08-29,Kern,029,883053,217031,216037,61875,277912,2404
2022-08-29,Kings,031,150075,58707,58629,4040,62669,455
2022-08-29,Lake,033,64148,12620,12563,1142,13705,142
2022-08-29,Lassen,035,31185,9901,9889,979,10868,64
2022-08-29,Los Angeles,037,10098052,3240245,3228552,176068,3404620,32877
2022-08-29,Madera,039,155013,43350,43269,8082,51351,372
2022-08-29,Marin,041,260295,44455,44330,5161,49491,305
2022-08-29,Mariposa,043,17540,3054,3025,338,3363,31
2022-08-29,Mendocino,045,87422,15813,15733,4369,20102,134
2022-08-29,Merced,047,269075,71692,71089,11568,82657,852
2022-08-29,Modoc,049,8938,867,865,313,1178,11
2022-08-29,Mono,051,14174,3188,3181,241,3422,7
2022-08-29,Monterey,053,433212,93331,93046,20617,113663,762
2022-08-29,Napa,055,140530,31752,31725,1386,33111,156
2022-08-29,Nevada,057,99092,18723,18649,1768,20417,132
2022-08-29,Orange,059,3164182,659133,658076,61101,719177,7340
2022-08-29,Placer,061,380077,74853,74612,9365,83977,657
2022-08-29,Plumas,063,18699,3589,3581,430,4011,13
2022-08-29,Riverside,065,2383286,687690,685704,34584,720288,6581
2022-08-29,Sacramento,067,1510023,342045,340949,33183,374132,3230
2022-08-29,San Benito,069,59416,16030,15860,940,16800,103
2022-08-29,San Bernardino,071,2135413,663705,656343,30359,686702,8014
2022-08-29,San Diego,073,3302833,912060,910878,70674,981552,5459
2022-08-29,San Francisco,075,870044,175933,175752,11875,187627,1001
2022-08-29,San Joaquin,077,732212,195342,194437,14556,208993,2298
2022-08-29,San Luis Obispo,079,281455,62582,62312,6950,69262,515
2022-08-29,San Mateo,081,765935,166015,165161,10282,175443,738
2022-08-29,Santa Barbara,083,443738,104318,103894,6730,110624,717
2022-08-29,Santa Clara,085,1922200,429279,424011,18670,442681,2467
2022-08-29,Santa Cruz,087,273765,62057,61812,3356,65168,272
2022-08-29,Shasta,089,179085,34465,34355,7230,41585,590
2022-08-29,Sierra,091,2930,303,302,60,362,5
2022-08-29,Siskiyou,093,43540,5042,5152,3265,8417,89
2022-08-29,Solano,095,438530,103627,103173,7722,110895,461
2022-08-29,Sonoma,097,501317,105404,104964,5173,110137,527
2022-08-29,Stanislaus,099,539301,136239,135801,21303,157104,1722
2022-08-29,Sutter,101,95872,23876,23856,2445,26301,228
2022-08-29,Tehama,103,63373,13450,13370,3019,16389,210
2022-08-29,Trinity,105,12862,1382,1373,372,1745,20
2022-08-29,Tulare,107,460477,120571,120346,35477,155823,1527
2022-08-29,Tuolumne,109,53932,15324,15250,909,16159,196
2022-08-29,Ventura,111,848112,205636,205157,15284,220441,1557
2022-08-29,Yolo,113,214977,46850,46807,4158,50965,334
2022-08-29,Yuba,115,75493,18598,18558,1666,20224,129
2022-08-28,Alameda,001,1643700,341715,339618,19290,358908,1978
2022-08-28,Alpine,003,1148,133,133,1,134,0
2022-08-28,Amador,005,37829,9845,9802,910,10712,89
2022-08-28,Butte,007,227075,38860,38606,8869,47475,452
2022-08-28,Calaveras,009,45235,8407,8368,515,8883,133
2022-08-28,Colusa,011,21464,3748,3736,1254,4990,22
2022-08-28,Contra Costa,013,1133247,247321,243331,20294,263625,1404
2022-08-28,Del Norte,015,27424,7331,7316,390,7706,55
2022-08-28,El Dorado,017,186661,31885,31760,4160,35920,226
2022-08-28,Fresno,019,978130,271828,269680,30629,300309,2829
2022-08-28,Glenn,021,27897,5471,5434,1837,7271,49
2022-08-28,Humboldt,023,135768,21367,21264,4840,26104,154
2022-08-28,Imperial,025,180216,64635,64391,15263,79654,953
2022-08-28,Inyo,027,18085,4448,4443,903,5346,59
2022-08-28,Kern,029,883053,216893,215612,61693,277305,2399
2022-08-28,Kings,031,150075,58650,58443,4029,62472,455
2022-08-28,Lake,033,64148,12608,12524,1138,13662,142
2022-08-28,Lassen,035,31185,9890,9871,979,10850,64
2022-08-28,Los Angeles,037,10098052,3237549,3219328,175713,3395041,32833
2022-08-28,Madera,039,155013,43301,43105,8050,51155,372
2022-08-28,Marin,041,260295,44423,44192,5152,49344,305
2022-08-28,Mariposa,043,17540,3048,3018,337,3355,31
2022-08-28,Mendocino,045,87422,15799,15698,4365,20063,134
2022-08-28,Merced,047,269075,71617,70906,11518,82424,851
2022-08-28,Modoc,049,8938,867,865,313,1178,11
2022-08-28,Mono,051,14174,3187,3181,241,3422,7
2022-08-28,Monterey,053,433212,93264,92844,20588,113432,760
2022-08-28,Napa,055,140530,31724,31668,1385,33053,156
2022-08-28,Nevada,057,99092,18700,18592,1767,20359,132
2022-08-28,Orange,059,3164182,658672,656440,60991,717431,7326
2022-08-28,Placer,061,380077,74807,74391,9353,83744,657
2022-08-28,Plumas,063,18699,3586,3571,430,4001,13
2022-08-28,Riverside,065,2383286,687057,683511,34516,718027,6580
2022-08-28,Sacramento,067,1510023,341724,339846,33112,372958,3222
2022-08-28,San Benito,069,59416,16017,15805,937,16742,103
2022-08-28,San Bernardino,071,2135413,663104,653843,30302,684145,8017
2022-08-28,San Diego,073,3302833,911303,908809,70566,979375,5456
2022-08-28,San Francisco,075,870044,175778,175204,11863,187067,1000
2022-08-28,San Joaquin,077,732212,195107,193880,14526,208406,2296
2022-08-28,San Luis Obispo,079,281455,62533,62105,6931,69036,515
2022-08-28,San Mateo,081,765935,165864,164675,10269,174944,738
2022-08-28,Santa Barbara,083,443738,104184,103496,6711,110207,717
2022-08-28,Santa Clara,085,1922200,428870,422650,18649,441299,2459
2022-08-28,Santa Cruz,087,273765,61956,61594,3342,64936,273
2022-08-28,Shasta,089,179085,34431,34283,7216,41499,590
2022-08-28,Sierra,091,2930,302,300,60,360,5
2022-08-28,Siskiyou,093,43540,5036,5140,3263,8403,89
2022-08-28,Solano,095,438530,103532,102855,7714,110569,460
2022-08-28,Sonoma,097,501317,105321,104646,5163,109809,557
2022-08-28,Stanislaus,099,539301,136086,135310,21276,156586,1722
2022-08-28,Sutter,101,95872,23849,23759,2442,26201,228
2022-08-28,Tehama,103,63373,13430,13340,3017,16357,210
2022-08-28,Trinity,105,12862,1382,1370,370,1740,20
2022-08-28,Tulare,107,460477,120457,119942,35369,155311,1527
2022-08-28,Tuolumne,109,53932,15318,15193,904,16097,196
2022-08-28,Ventura,111,848112,205437,204567,15216,219783,1553
2022-08-28,Yolo,113,214977,46799,46744,4147,50891,334
2022-08-28,Yuba,115,75493,18579,18482,1660,20142,129
2022-08-27,Alameda,001,1643700,341527,339618,19280,358898,1978
2022-08-27,Alpine,003,1148,133,133,1,134,0
2022-08-27,Amador,005,37829,9839,9802,909,10711,89
2022-08-27,Butte,007,227075,38832,38606,8856,47462,452
2022-08-27,Calaveras,009,45235,8402,8368,515,8883,133
2022-08-27,Colusa,011,21464,3746,3736,1249,4985,22
2022-08-27,Contra Costa,013,1133247,247180,243331,20285,263616,1404
2022-08-27,Del Norte,015,27424,7329,7316,390,7706,55
2022-08-27,El Dorado,017,186661,31873,31760,4156,35916,226
2022-08-27,Fresno,019,978130,271706,269680,30613,300293,2829
2022-08-27,Glenn,021,27897,5469,5434,1837,7271,49
2022-08-27,Humboldt,023,135768,21351,21264,4832,26096,154
2022-08-27,Imperial,025,180216,64613,64391,15253,79644,953
2022-08-27,Inyo,027,18085,4447,4443,903,5346,59
2022-08-27,Kern,029,883053,216810,215612,61584,277196,2399
2022-08-27,Kings,031,150075,58620,58443,4026,62469,455
2022-08-27,Lake,033,64148,12604,12524,1134,13658,142
2022-08-27,Lassen,035,31185,9886,9871,979,10850,64
2022-08-27,Los Angeles,037,10098052,3236231,3219328,175500,3394828,32833
2022-08-27,Madera,039,155013,43266,43105,8046,51151,372
2022-08-27,Marin,041,260295,44402,44192,5143,49335,305
2022-08-27,Mariposa,043,17540,3047,3018,336,3354,31
2022-08-27,Mendocino,045,87422,15793,15698,4363,20061,134
2022-08-27,Merced,047,269075,71574,70906,11510,82416,851
2022-08-27,Modoc,049,8938,867,865,313,1178,11
2022-08-27,Mono,051,14174,3186,3181,241,3422,7
2022-08-27,Monterey,053,433212,93233,92844,20572,113416,760
2022-08-27,Napa,055,140530,31709,31668,1383,33051,156
2022-08-27,Nevada,057,99092,18689,18592,1765,20357,132
2022-08-27,Orange,059,3164182,658411,656440,60888,717328,7326
2022-08-27,Placer,061,380077,74770,74391,9349,83740,657
2022-08-27,Plumas,063,18699,3585,3571,430,4001,13
2022-08-27,Riverside,065,2383286,686724,683511,34490,718001,6580
2022-08-27,Sacramento,067,1510023,341593,339846,33097,372943,3222
2022-08-27,San Benito,069,59416,16001,15805,933,16738,103
2022-08-27,San Bernardino,071,2135413,662789,653843,30271,684114,8017
2022-08-27,San Diego,073,3302833,910965,908809,70525,979334,5456
2022-08-27,San Francisco,075,870044,175705,175204,11857,187061,1000
2022-08-27,San Joaquin,077,732212,195048,193880,14505,208385,2296
2022-08-27,San Luis Obispo,079,281455,62518,62105,6924,69029,515
2022-08-27,San Mateo,081,765935,165770,164675,10266,174941,738
2022-08-27,Santa Barbara,083,443738,104121,103496,6700,110196,717
2022-08-27,Santa Clara,085,1922200,428659,422650,18636,441286,2459
2022-08-27,Santa Cruz,087,273765,61943,61594,3341,64935,273
2022-08-27,Shasta,089,179085,34420,34283,7211,41494,590
2022-08-27,Sierra,091,2930,302,300,60,360,5
2022-08-27,Siskiyou,093,43540,5034,5140,3263,8403,89
2022-08-27,Solano,095,438530,103495,102855,7706,110561,460
2022-08-27,Sonoma,097,501317,105279,104646,5160,109806,557
2022-08-27,Stanislaus,099,539301,136007,135310,21255,156565,1722
2022-08-27,Sutter,101,95872,23834,23759,2442,26201,228
2022-08-27,Tehama,103,63373,13424,13340,3016,16356,210
2022-08-27,Trinity,105,12862,1381,1370,368,1738,20
2022-08-27,Tulare,107,460477,120397,119942,35320,155262,1527
2022-08-27,Tuolumne,109,53932,15311,15193,903,16096,196
2022-08-27,Ventura,111,848112,205352,204567,15203,219770,1553
2022-08-27,Yolo,113,214977,46778,46744,4143,50887,334
2022-08-27,Yuba,115,75493,18567,18482,1659,20141,129
2022-08-26,Alameda,001,1643700,341358,339618,19273,358891,1978
2022-08-26,Alpine,003,1148,133,133,1,134,0
2022-08-26,Amador,005,37829,9836,9802,907,10709,89
2022-08-26,Butte,007,227075,38818,38606,8844,47450,452
2022-08-26,Calaveras,009,45235,8397,8368,515,8883,133
2022-08-26,Colusa,011,21464,3745,3736,1249,4985,22
2022-08-26,Contra Costa,013,1133247,247024,243331,20278,263609,1404
2022-08-26,Del Norte,015,27424,7327,7316,390,7706,55
2022-08-26,El Dorado,017,186661,31853,31760,4155,35915,226
2022-08-26,Fresno,019,978130,271548,269680,30578,300258,2829
2022-08-26,Glenn,021,27897,5466,5434,1835,7269,49
2022-08-26,Humboldt,023,135768,21344,21264,4830,26094,154
2022-08-26,Imperial,025,180216,64590,64391,15239,79630,953
2022-08-26,Inyo,027,18085,4446,4443,896,5339,59
2022-08-26,Kern,029,883053,216721,215612,61487,277099,2399
2022-08-26,Kings,031,150075,58606,58443,4024,62467,455
2022-08-26,Lake,033,64148,12596,12524,1133,13657,142
2022-08-26,Lassen,035,31185,9884,9871,979,10850,64
2022-08-26,Los Angeles,037,10098052,3234821,3219328,175284,3394612,32833
2022-08-26,Madera,039,155013,43236,43105,8040,51145,372
2022-08-26,Marin,041,260295,44370,44192,5140,49332,305
2022-08-26,Mariposa,043,17540,3042,3018,332,3350,31
2022-08-26,Mendocino,045,87422,15787,15698,4361,20059,134
2022-08-26,Merced,047,269075,71534,70906,11502,82408,851
2022-08-26,Modoc,049,8938,866,865,313,1178,11
2022-08-26,Mono,051,14174,3186,3181,241,3422,7
2022-08-26,Monterey,053,433212,93193,92844,20557,113401,760
2022-08-26,Napa,055,140530,31695,31668,1383,33051,156
2022-08-26,Nevada,057,99092,18677,18592,1763,20355,132
2022-08-26,Orange,059,3164182,658152,656440,60826,717266,7326
2022-08-26,Placer,061,380077,74735,74391,9337,83728,657
2022-08-26,Plumas,063,18699,3584,3571,430,4001,13
2022-08-26,Riverside,065,2383286,686374,683511,34454,717965,6580
2022-08-26,Sacramento,067,1510023,341408,339846,33086,372932,3222
2022-08-26,San Benito,069,59416,15990,15805,933,16738,103
2022-08-26,San Bernardino,071,2135413,662471,653843,30245,684088,8017
2022-08-26,San Diego,073,3302833,910543,908809,70502,979311,5456
2022-08-26,San Francisco,075,870044,175622,175204,11851,187055,1000
2022-08-26,San Joaquin,077,732212,194974,193880,14488,208368,2296
2022-08-26,San Luis Obispo,079,281455,62496,62105,6920,69025,515
2022-08-26,San Mateo,081,765935,165680,164675,10259,174934,738
2022-08-26,Santa Barbara,083,443738,104069,103496,6694,110190,717
2022-08-26,Santa Clara,085,1922200,428442,422650,18623,441273,2459
2022-08-26,Santa Cruz,087,273765,61896,61594,3337,64931,273
2022-08-26,Shasta,089,179085,34408,34283,7207,41490,590
2022-08-26,Sierra,091,2930,302,300,60,360,5
2022-08-26,Siskiyou,093,43540,5031,5140,3263,8403,89
2022-08-26,Solano,095,438530,103437,102855,7695,110550,460
2022-08-26,Sonoma,097,501317,105234,104646,5160,109806,557
2022-08-26,Stanislaus,099,539301,135930,135310,21246,156556,1722
2022-08-26,Sutter,101,95872,23815,23759,2441,26200,228
2022-08-26,Tehama,103,63373,13413,13340,3014,16354,210
2022-08-26,Trinity,105,12862,1381,1370,368,1738,20
2022-08-26,Tulare,107,460477,120336,119942,35272,155214,1527
2022-08-26,Tuolumne,109,53932,15299,15193,903,16096,196
2022-08-26,Ventura,111,848112,205272,204567,15188,219755,1553
2022-08-26,Yolo,113,214977,46766,46744,4139,50883,334
2022-08-26,Yuba,115,75493,18554,18482,1659,20141,129
2022-08-25,Alameda,001,1643700,341066,339618,19246,358864,1978
2022-08-25,Alpine,003,1148,133,133,1,134,0
2022-08-25,Amador,005,37829,9829,9802,907,10709,89
2022-08-25,Butte,007,227075,38794,38606,8836,47442,452
2022-08-25,Calaveras,009,45235,8391,8368,515,8883,133
2022-08-25,Colusa,011,21464,3745,3736,1247,4983,22
2022-08-25,Contra Costa,013,1133247,246820,243331,20257,263588,1404
2022-08-25,Del Norte,015,27424,7318,7316,390,7706,55
2022-08-25,El Dorado,017,186661,31832,31760,4150,35910,226
2022-08-25,Fresno,019,978130,271349,269680,30528,300208,2829
2022-08-25,Glenn,021,27897,5461,5434,1834,7268,49
2022-08-25,Humboldt,023,135768,21323,21264,4820,26084,154
2022-08-25,Imperial,025,180216,64548,64391,15211,79602,953
2022-08-25,Inyo,027,18085,4446,4443,889,5332,59
2022-08-25,Kern,029,883053,216583,215612,61383,276995,2399
2022-08-25,Kings,031,150075,58550,58443,4016,62459,455
2022-08-25,Lake,033,64148,12582,12524,1131,13655,142
2022-08-25,Lassen,035,31185,9883,9871,978,10849,64
2022-08-25,Los Angeles,037,10098052,3232668,3219328,174989,3394317,32833
2022-08-25,Madera,039,155013,43190,43105,8026,51131,372
2022-08-25,Marin,041,260295,44342,44192,5132,49324,305
2022-08-25,Mariposa,043,17540,3040,3018,332,3350,31
2022-08-25,Mendocino,045,87422,15778,15698,4360,20058,134
2022-08-25,Merced,047,269075,71487,70906,11470,82376,851
2022-08-25,Modoc,049,8938,866,865,313,1178,11
2022-08-25,Mono,051,14174,3186,3181,241,3422,7
2022-08-25,Monterey,053,433212,93141,92844,20536,113380,760
2022-08-25,Napa,055,140530,31678,31668,1382,33050,156
2022-08-25,Nevada,057,99092,18655,18592,1758,20350,132
2022-08-25,Orange,059,3164182,657746,656440,60734,717174,7326
2022-08-25,Placer,061,380077,74685,74391,9330,83721,657
2022-08-25,Plumas,063,18699,3582,3571,430,4001,13
2022-08-25,Riverside,065,2383286,685855,683511,34406,717917,6580
2022-08-25,Sacramento,067,1510023,341133,339846,33043,372889,3222
2022-08-25,San Benito,069,59416,15977,15805,932,16737,103
2022-08-25,San Bernardino,071,2135413,661940,653843,30211,684054,8017
2022-08-25,San Diego,073,3302833,909999,908809,70423,979232,5456
2022-08-25,San Francisco,075,870044,175509,175204,11846,187050,1000
2022-08-25,San Joaquin,077,732212,194827,193880,14463,208343,2296
2022-08-25,San Luis Obispo,079,281455,62396,62105,6910,69015,515
2022-08-25,San Mateo,081,765935,165553,164675,10251,174926,738
2022-08-25,Santa Barbara,083,443738,103974,103496,6679,110175,717
2022-08-25,Santa Clara,085,1922200,428126,422650,18602,441252,2459
2022-08-25,Santa Cruz,087,273765,61836,61594,3333,64927,273
2022-08-25,Shasta,089,179085,34389,34283,7195,41478,590
2022-08-25,Sierra,091,2930,302,300,60,360,5
2022-08-25,Siskiyou,093,43540,5026,5140,3258,8398,89
2022-08-25,Solano,095,438530,103352,102855,7685,110540,460
2022-08-25,Sonoma,097,501317,105158,104646,5153,109799,557
2022-08-25,Stanislaus,099,539301,135804,135310,21223,156533,1722
2022-08-25,Sutter,101,95872,23792,23759,2439,26198,228
2022-08-25,Tehama,103,63373,13405,13340,3007,16347,210
2022-08-25,Trinity,105,12862,1381,1370,367,1737,20
2022-08-25,Tulare,107,460477,120242,119942,35200,155142,1527
2022-08-25,Tuolumne,109,53932,15281,15193,902,16095,196
2022-08-25,Ventura,111,848112,205119,204567,15138,219705,1553
2022-08-25,Yolo,113,214977,46738,46744,4130,50874,334
2022-08-25,Yuba,115,75493,18535,18482,1656,20138,129
2022-08-24,Alameda,001,1643700,340757,338591,19223,357814,1976
2022-08-24,Alpine,003,1148,133,131,1,132,0
2022-08-24,Amador,005,37829,9822,9786,904,10690,89
2022-08-24,Butte,007,227075,38756,38458,8820,47278,449
2022-08-24,Calaveras,009,45235,8376,8334,514,8848,132
2022-08-24,Colusa,011,21464,3745,3722,1244,4966,22
2022-08-24,Contra Costa,013,1133247,246633,242633,20231,262864,1399
2022-08-24,Del Norte,015,27424,7314,7308,388,7696,55
2022-08-24,El Dorado,017,186661,31817,31682,4145,35827,225
2022-08-24,Fresno,019,978130,271155,269025,30471,299496,2822
2022-08-24,Glenn,021,27897,5459,5423,1834,7257,48
2022-08-24,Humboldt,023,135768,21302,21195,4809,26004,153
2022-08-24,Imperial,025,180216,64511,64271,15194,79465,951
2022-08-24,Inyo,027,18085,4445,4440,888,5328,59
2022-08-24,Kern,029,883053,216435,215225,61260,276485,2399
2022-08-24,Kings,031,150075,58496,58324,4012,62336,454
2022-08-24,Lake,033,64148,12572,12476,1130,13606,142
2022-08-24,Lassen,035,31185,9880,9867,975,10842,64
2022-08-24,Los Angeles,037,10098052,3230311,3211321,174677,3385998,32783
2022-08-24,Madera,039,155013,43150,42984,8001,50985,372
2022-08-24,Marin,041,260295,44305,44082,5124,49206,305
2022-08-24,Mariposa,043,17540,3040,3010,332,3342,31
2022-08-24,Mendocino,045,87422,15766,15623,4350,19973,134
2022-08-24,Merced,047,269075,71438,70665,11438,82103,849
2022-08-24,Modoc,049,8938,866,864,312,1176,11
2022-08-24,Mono,051,14174,3186,3181,241,3422,7
2022-08-24,Monterey,053,433212,93080,92590,20496,113086,760
2022-08-24,Napa,055,140530,31668,31602,1380,32982,156
2022-08-24,Nevada,057,99092,18639,18565,1755,20320,132
2022-08-24,Orange,059,3164182,657297,654893,60640,715533,7312
2022-08-24,Placer,061,380077,74624,74226,9325,83551,657
2022-08-24,Plumas,063,18699,3578,3555,430,3985,13
2022-08-24,Riverside,065,2383286,685319,681805,34350,716155,6573
2022-08-24,Sacramento,067,1510023,340855,339009,32997,372006,3208
2022-08-24,San Benito,069,59416,15955,15745,929,16674,103
2022-08-24,San Bernardino,071,2135413,661431,651496,30170,681666,8018
2022-08-24,San Diego,073,3302833,909435,906885,70353,977238,5453
2022-08-24,San Francisco,075,870044,175368,174731,11841,186572,974
2022-08-24,San Joaquin,077,732212,194673,193370,14437,207807,2288
2022-08-24,San Luis Obispo,079,281455,62357,61962,6897,68859,515
2022-08-24,San Mateo,081,765935,165437,164307,10245,174552,738
2022-08-24,Santa Barbara,083,443738,103897,103237,6663,109900,716
2022-08-24,Santa Clara,085,1922200,427778,421483,18590,440073,2454
2022-08-24,Santa Cruz,087,273765,61809,61387,3328,64715,270
2022-08-24,Shasta,089,179085,34375,34180,7181,41361,589
2022-08-24,Sierra,091,2930,302,301,60,361,5
2022-08-24,Siskiyou,093,43540,5022,5133,3257,8390,88
2022-08-24,Solano,095,438530,103265,102631,7675,110306,459
2022-08-24,Sonoma,097,501317,105081,104444,5152,109596,520
2022-08-24,Stanislaus,099,539301,135675,134894,21198,156092,1720
2022-08-24,Sutter,101,95872,23760,23673,2438,26111,228
2022-08-24,Tehama,103,63373,13400,13312,3003,16315,209
2022-08-24,Trinity,105,12862,1380,1369,367,1736,20
2022-08-24,Tulare,107,460477,120135,119644,35099,154743,1525
2022-08-24,Tuolumne,109,53932,15271,15140,902,16042,196
2022-08-24,Ventura,111,848112,204952,204064,15098,219162,1551
2022-08-24,Yolo,113,214977,46709,46665,4122,50787,333
2022-08-24,Yuba,115,75493,18511,18425,1650,20075,129
2022-08-23,Alameda,001,1643700,340438,338591,19200,357791,1976
2022-08-23,Alpine,003,1148,133,131,1,132,0
2022-08-23,Amador,005,37829,9811,9786,903,10689,89
2022-08-23,Butte,007,227075,38724,38458,8800,47258,449
2022-08-23,Calaveras,009,45235,8367,8334,510,8844,132
2022-08-23,Colusa,011,21464,3742,3722,1240,4962,22
2022-08-23,Contra Costa,013,1133247,246436,242633,20201,262834,1399
2022-08-23,Del Norte,015,27424,7310,7308,388,7696,55
2022-08-23,El Dorado,017,186661,31797,31682,4142,35824,225
2022-08-23,Fresno,019,978130,270901,269025,30413,299438,2822
2022-08-23,Glenn,021,27897,5453,5423,1833,7256,48
2022-08-23,Humboldt,023,135768,21289,21195,4797,25992,153
2022-08-23,Imperial,025,180216,64468,64271,15175,79446,951
2022-08-23,Inyo,027,18085,4443,4440,881,5321,59
2022-08-23,Kern,029,883053,216303,215225,61096,276321,2399
2022-08-23,Kings,031,150075,58445,58324,4007,62331,454
2022-08-23,Lake,033,64148,12552,12476,1129,13605,142
2022-08-23,Lassen,035,31185,9876,9867,975,10842,64
2022-08-23,Los Angeles,037,10098052,3227656,3211321,174350,3385671,32783
2022-08-23,Madera,039,155013,43106,42984,7978,50962,372
2022-08-23,Marin,041,260295,44273,44082,5121,49203,305
2022-08-23,Mariposa,043,17540,3036,3010,328,3338,31
2022-08-23,Mendocino,045,87422,15748,15623,4342,19965,134
2022-08-23,Merced,047,269075,71378,70665,11384,82049,849
2022-08-23,Modoc,049,8938,866,864,312,1176,11
2022-08-23,Mono,051,14174,3186,3181,241,3422,7
2022-08-23,Monterey,053,433212,93011,92590,20452,113042,760
2022-08-23,Napa,055,140530,31650,31602,1380,32982,156
2022-08-23,Nevada,057,99092,18625,18565,1747,20312,132
2022-08-23,Orange,059,3164182,656788,654893,60524,715417,7312
2022-08-23,Placer,061,380077,74559,74226,9311,83537,657
2022-08-23,Plumas,063,18699,3572,3555,430,3985,13
2022-08-23,Riverside,065,2383286,684705,681805,34285,716090,6573
2022-08-23,Sacramento,067,1510023,340535,339009,32942,371951,3208
2022-08-23,San Benito,069,59416,15932,15745,925,16670,103
2022-08-23,San Bernardino,071,2135413,660824,651496,30110,681606,8018
2022-08-23,San Diego,073,3302833,908817,906885,70277,977162,5453
2022-08-23,San Francisco,075,870044,175215,174731,11831,186562,974
2022-08-23,San Joaquin,077,732212,194517,193370,14394,207764,2288
2022-08-23,San Luis Obispo,079,281455,62309,61962,6886,68848,515
2022-08-23,San Mateo,081,765935,165314,164307,10242,174549,738
2022-08-23,Santa Barbara,083,443738,103802,103237,6648,109885,716
2022-08-23,Santa Clara,085,1922200,427401,421483,18575,440058,2454
2022-08-23,Santa Cruz,087,273765,61756,61387,3325,64712,270
2022-08-23,Shasta,089,179085,34352,34180,7175,41355,589
2022-08-23,Sierra,091,2930,302,301,60,361,5
2022-08-23,Siskiyou,093,43540,5022,5133,3255,8388,88
2022-08-23,Solano,095,438530,103172,102631,7669,110300,459
2022-08-23,Sonoma,097,501317,105000,104444,5141,109585,520
2022-08-23,Stanislaus,099,539301,135555,134894,21155,156049,1720
2022-08-23,Sutter,101,95872,23741,23673,2433,26106,228
2022-08-23,Tehama,103,63373,13390,13312,3001,16313,209
2022-08-23,Trinity,105,12862,1378,1369,367,1736,20
2022-08-23,Tulare,107,460477,120023,119644,34997,154641,1525
2022-08-23,Tuolumne,109,53932,15256,15140,901,16041,196
2022-08-23,Ventura,111,848112,204778,204064,15061,219125,1551
2022-08-23,Yolo,113,214977,46685,46665,4120,50785,333
2022-08-23,Yuba,115,75493,18490,18425,1646,20071,129
2022-08-22,Alameda,001,1643700,340074,338591,19171,357762,1976
2022-08-22,Alpine,003,1148,133,131,1,132,0
2022-08-22,Amador,005,37829,9806,9786,902,10688,89
2022-08-22,Butte,007,227075,38674,38458,8782,47240,449
2022-08-22,Calaveras,009,45235,8356,8334,508,8842,132
2022-08-22,Colusa,011,21464,3740,3722,1236,4958,22
2022-08-22,Contra Costa,013,1133247,246190,242633,20162,262795,1399
2022-08-22,Del Norte,015,27424,7309,7308,388,7696,55
2022-08-22,El Dorado,017,186661,31771,31682,4138,35820,225
2022-08-22,Fresno,019,978130,270659,269025,30328,299353,2822
2022-08-22,Glenn,021,27897,5452,5423,1831,7254,48
2022-08-22,Humboldt,023,135768,21268,21195,4782,25977,153
2022-08-22,Imperial,025,180216,64394,64271,15134,79405,951
2022-08-22,Inyo,027,18085,4441,4440,881,5321,59
2022-08-22,Kern,029,883053,216148,215225,60907,276132,2399
2022-08-22,Kings,031,150075,58393,58324,3999,62323,454
2022-08-22,Lake,033,64148,12528,12476,1126,13602,142
2022-08-22,Lassen,035,31185,9874,9867,975,10842,64
2022-08-22,Los Angeles,037,10098052,3224733,3211321,174002,3385323,32783
2022-08-22,Madera,039,155013,43052,42984,7953,50937,372
2022-08-22,Marin,041,260295,44239,44082,5113,49195,305
2022-08-22,Mariposa,043,17540,3029,3010,327,3337,31
2022-08-22,Mendocino,045,87422,15726,15623,4325,19948,134
2022-08-22,Merced,047,269075,71302,70665,11342,82007,849
2022-08-22,Modoc,049,8938,866,864,312,1176,11
2022-08-22,Mono,051,14174,3186,3181,241,3422,7
2022-08-22,Monterey,053,433212,92935,92590,20403,112993,760
2022-08-22,Napa,055,140530,31624,31602,1377,32979,156
2022-08-22,Nevada,057,99092,18607,18565,1741,20306,132
2022-08-22,Orange,059,3164182,656198,654893,60399,715292,7312
2022-08-22,Placer,061,380077,74484,74226,9302,83528,657
2022-08-22,Plumas,063,18699,3571,3555,430,3985,13
2022-08-22,Riverside,065,2383286,684043,681805,34216,716021,6573
2022-08-22,Sacramento,067,1510023,340195,339009,32860,371869,3208
2022-08-22,San Benito,069,59416,15910,15745,924,16669,103
2022-08-22,San Bernardino,071,2135413,660093,651496,30042,681538,8018
2022-08-22,San Diego,073,3302833,908132,906885,70156,977041,5453
2022-08-22,San Francisco,075,870044,175065,174731,11817,186548,974
2022-08-22,San Joaquin,077,732212,194339,193370,14354,207724,2288
2022-08-22,San Luis Obispo,079,281455,62256,61962,6873,68835,515
2022-08-22,San Mateo,081,765935,165172,164307,10230,174537,738
2022-08-22,Santa Barbara,083,443738,103680,103237,6630,109867,716
2022-08-22,Santa Clara,085,1922200,426976,421483,18548,440031,2454
2022-08-22,Santa Cruz,087,273765,61673,61387,3321,64708,270
2022-08-22,Shasta,089,179085,34336,34180,7165,41345,589
2022-08-22,Sierra,091,2930,302,301,60,361,5
2022-08-22,Siskiyou,093,43540,5018,5133,3253,8386,88
2022-08-22,Solano,095,438530,103083,102631,7656,110287,459
2022-08-22,Sonoma,097,501317,104918,104444,5128,109572,520
2022-08-22,Stanislaus,099,539301,135391,134894,21119,156013,1720
2022-08-22,Sutter,101,95872,23706,23673,2433,26106,228
2022-08-22,Tehama,103,63373,13384,13312,2998,16310,209
2022-08-22,Trinity,105,12862,1376,1369,365,1734,20
2022-08-22,Tulare,107,460477,119893,119644,34896,154540,1525
2022-08-22,Tuolumne,109,53932,15233,15140,901,16041,196
2022-08-22,Ventura,111,848112,204616,204064,14987,219051,1551
2022-08-22,Yolo,113,214977,46647,46665,4110,50775,333
2022-08-22,Yuba,115,75493,18463,18425,1642,20067,129
2022-08-21,Alameda,001,1643700,339645,337238,19145,356383,1970
2022-08-21,Alpine,003,1148,132,131,1,132,0
2022-08-21,Amador,005,37829,9799,9761,897,10658,89
2022-08-21,Butte,007,227075,38628,38316,8764,47080,449
2022-08-21,Calaveras,009,45235,8343,8313,506,8819,132
2022-08-21,Colusa,011,21464,3734,3718,1230,4948,22
2022-08-21,Contra Costa,013,1133247,245903,241665,20131,261796,1399
2022-08-21,Del Norte,015,27424,7302,7290,387,7677,55
2022-08-21,El Dorado,017,186661,31738,31600,4133,35733,225
2022-08-21,Fresno,019,978130,270384,268147,30238,298385,2822
2022-08-21,Glenn,021,27897,5448,5413,1830,7243,48
2022-08-21,Humboldt,023,135768,21244,21104,4764,25868,153
2022-08-21,Imperial,025,180216,64334,64092,15094,79186,951
2022-08-21,Inyo,027,18085,4441,4435,877,5312,59
2022-08-21,Kern,029,883053,215960,214656,60719,275375,2389
2022-08-21,Kings,031,150075,58322,58109,3988,62097,454
2022-08-21,Lake,033,64148,12504,12426,1124,13550,142
2022-08-21,Lassen,035,31185,9868,9843,974,10817,64
2022-08-21,Los Angeles,037,10098052,3221474,3200023,173601,3373624,32746
2022-08-21,Madera,039,155013,43002,42822,7915,50737,372
2022-08-21,Marin,041,260295,44190,43966,5094,49060,305
2022-08-21,Mariposa,043,17540,3027,3003,327,3330,31
2022-08-21,Mendocino,045,87422,15696,15578,4302,19880,134
2022-08-21,Merced,047,269075,71210,70449,11268,81717,846
2022-08-21,Modoc,049,8938,865,862,312,1174,11
2022-08-21,Mono,051,14174,3186,3177,239,3416,7
2022-08-21,Monterey,053,433212,92832,92287,20348,112635,760
2022-08-21,Napa,055,140530,31602,31534,1376,32910,156
2022-08-21,Nevada,057,99092,18595,18497,1737,20234,132
2022-08-21,Orange,059,3164182,655545,652703,60263,712966,7280
2022-08-21,Placer,061,380077,74422,74027,9298,83325,657
2022-08-21,Plumas,063,18699,3564,3550,430,3980,13
2022-08-21,Riverside,065,2383286,683212,679298,34131,713429,6574
2022-08-21,Sacramento,067,1510023,339826,337745,32789,370534,3208
2022-08-21,San Benito,069,59416,15887,15698,921,16619,103
2022-08-21,San Bernardino,071,2135413,659244,648583,29978,678561,8014
2022-08-21,San Diego,073,3302833,907275,904015,70075,974090,5448
2022-08-21,San Francisco,075,870044,174863,174151,11799,185950,973
2022-08-21,San Joaquin,077,732212,194093,192738,14314,207052,2288
2022-08-21,San Luis Obispo,079,281455,62204,61764,6848,68612,516
2022-08-21,San Mateo,081,765935,165017,163705,10222,173927,738
2022-08-21,Santa Barbara,083,443738,103550,102795,6605,109400,713
2022-08-21,Santa Clara,085,1922200,426447,419723,18515,438238,2437
2022-08-21,Santa Cruz,087,273765,61558,61098,3316,64414,269
2022-08-21,Shasta,089,179085,34297,34105,7150,41255,588
2022-08-21,Sierra,091,2930,302,298,60,358,4
2022-08-21,Siskiyou,093,43540,5017,5119,3246,8365,88
2022-08-21,Solano,095,438530,102998,102355,7645,110000,457
2022-08-21,Sonoma,097,501317,104811,104090,5115,109205,511
2022-08-21,Stanislaus,099,539301,135225,134407,21048,155455,1719
2022-08-21,Sutter,101,95872,23673,23587,2426,26013,228
2022-08-21,Tehama,103,63373,13373,13289,2994,16283,209
2022-08-21,Trinity,105,12862,1374,1366,364,1730,20
2022-08-21,Tulare,107,460477,119767,119251,34744,153995,1521
2022-08-21,Tuolumne,109,53932,15217,15085,899,15984,196
2022-08-21,Ventura,111,848112,204382,203318,14918,218236,1547
2022-08-21,Yolo,113,214977,46607,46567,4105,50672,333
2022-08-21,Yuba,115,75493,18441,18363,1635,19998,129
2022-08-20,Alameda,001,1643700,339433,337238,19130,356368,1970
2022-08-20,Alpine,003,1148,132,131,1,132,0
2022-08-20,Amador,005,37829,9796,9761,897,10658,89
2022-08-20,Butte,007,227075,38599,38316,8760,47076,449
2022-08-20,Calaveras,009,45235,8340,8313,505,8818,132
2022-08-20,Colusa,011,21464,3730,3718,1224,4942,22
2022-08-20,Contra Costa,013,1133247,245762,241665,20122,261787,1399
2022-08-20,Del Norte,015,27424,7301,7290,387,7677,55
2022-08-20,El Dorado,017,186661,31719,31600,4131,35731,225
2022-08-20,Fresno,019,978130,270241,268147,30214,298361,2822
2022-08-20,Glenn,021,27897,5445,5413,1830,7243,48
2022-08-20,Humboldt,023,135768,21225,21104,4752,25856,153
2022-08-20,Imperial,025,180216,64298,64092,15075,79167,951
2022-08-20,Inyo,027,18085,4441,4435,877,5312,59
2022-08-20,Kern,029,883053,215872,214656,60595,275251,2389
2022-08-20,Kings,031,150075,58295,58109,3983,62092,454
2022-08-20,Lake,033,64148,12494,12426,1120,13546,142
2022-08-20,Lassen,035,31185,9865,9843,974,10817,64
2022-08-20,Los Angeles,037,10098052,3219885,3200023,173376,3373399,32746
2022-08-20,Madera,039,155013,42978,42822,7909,50731,372
2022-08-20,Marin,041,260295,44172,43966,5092,49058,305
2022-08-20,Mariposa,043,17540,3027,3003,327,3330,31
2022-08-20,Mendocino,045,87422,15680,15578,4301,19879,134
2022-08-20,Merced,047,269075,71186,70449,11260,81709,846
2022-08-20,Modoc,049,8938,865,862,312,1174,11
2022-08-20,Mono,051,14174,3186,3177,237,3414,7
2022-08-20,Monterey,053,433212,92786,92287,20320,112607,760
2022-08-20,Napa,055,140530,31594,31534,1376,32910,156
2022-08-20,Nevada,057,99092,18592,18497,1735,20232,132
2022-08-20,Orange,059,3164182,655226,652703,60176,712879,7280
2022-08-20,Placer,061,380077,74374,74027,9293,83320,657
2022-08-20,Plumas,063,18699,3564,3550,430,3980,13
2022-08-20,Riverside,065,2383286,682787,679298,34103,713401,6574
2022-08-20,Sacramento,067,1510023,339664,337745,32767,370512,3208
2022-08-20,San Benito,069,59416,15868,15698,918,16616,103
2022-08-20,San Bernardino,071,2135413,658823,648583,29940,678523,8014
2022-08-20,San Diego,073,3302833,906894,904015,70049,974064,5448
2022-08-20,San Francisco,075,870044,174741,174151,11798,185949,973
2022-08-20,San Joaquin,077,732212,193993,192738,14287,207025,2288
2022-08-20,San Luis Obispo,079,281455,62186,61764,6840,68604,516
2022-08-20,San Mateo,081,765935,164916,163705,10219,173924,738
2022-08-20,Santa Barbara,083,443738,103479,102795,6598,109393,713
2022-08-20,Santa Clara,085,1922200,426180,419723,18499,438222,2437
2022-08-20,Santa Cruz,087,273765,61528,61098,3312,64410,269
2022-08-20,Shasta,089,179085,34272,34105,7148,41253,588
2022-08-20,Sierra,091,2930,302,298,60,358,4
2022-08-20,Siskiyou,093,43540,5012,5119,3245,8364,88
2022-08-20,Solano,095,438530,102952,102355,7637,109992,457
2022-08-20,Sonoma,097,501317,104758,104090,5112,109202,511
2022-08-20,Stanislaus,099,539301,135134,134407,21033,155440,1719
2022-08-20,Sutter,101,95872,23645,23587,2426,26013,228
2022-08-20,Tehama,103,63373,13365,13289,2994,16283,209
2022-08-20,Trinity,105,12862,1374,1366,364,1730,20
2022-08-20,Tulare,107,460477,119685,119251,34693,153944,1521
2022-08-20,Tuolumne,109,53932,15208,15085,897,15982,196
2022-08-20,Ventura,111,848112,204273,203318,14902,218220,1547
2022-08-20,Yolo,113,214977,46579,46567,4097,50664,333
2022-08-20,Yuba,115,75493,18434,18363,1634,19997,129
2022-08-19,Alameda,001,1643700,339221,337238,19108,356346,1970
2022-08-19,Alpine,003,1148,132,131,1,132,0
2022-08-19,Amador,005,37829,9795,9761,897,10658,89
2022-08-19,Butte,007,227075,38578,38316,8749,47065,449
2022-08-19,Calaveras,009,45235,8335,8313,505,8818,132
2022-08-19,Colusa,011,21464,3729,3718,1223,4941,22
2022-08-19,Contra Costa,013,1133247,245620,241665,20111,261776,1399
2022-08-19,Del Norte,015,27424,7296,7290,387,7677,55
2022-08-19,El Dorado,017,186661,31707,31600,4127,35727,225
2022-08-19,Fresno,019,978130,270076,268147,30191,298338,2822
2022-08-19,Glenn,021,27897,5444,5413,1830,7243,48
2022-08-19,Humboldt,023,135768,21215,21104,4742,25846,153
2022-08-19,Imperial,025,180216,64270,64092,15060,79152,951
2022-08-19,Inyo,027,18085,4441,4435,873,5308,59
2022-08-19,Kern,029,883053,215782,214656,60504,275160,2389
2022-08-19,Kings,031,150075,58252,58109,3976,62085,454
2022-08-19,Lake,033,64148,12481,12426,1118,13544,142
2022-08-19,Lassen,035,31185,9862,9843,974,10817,64
2022-08-19,Los Angeles,037,10098052,3218062,3200023,173155,3373178,32746
2022-08-19,Madera,039,155013,42956,42822,7905,50727,372
2022-08-19,Marin,041,260295,44137,43966,5086,49052,305
2022-08-19,Mariposa,043,17540,3025,3003,327,3330,31
2022-08-19,Mendocino,045,87422,15667,15578,4293,19871,134
2022-08-19,Merced,047,269075,71146,70449,11255,81704,846
2022-08-19,Modoc,049,8938,865,862,312,1174,11
2022-08-19,Mono,051,14174,3186,3177,237,3414,7
2022-08-19,Monterey,053,433212,92732,92287,20289,112576,760
2022-08-19,Napa,055,140530,31576,31534,1374,32908,156
2022-08-19,Nevada,057,99092,18587,18497,1734,20231,132
2022-08-19,Orange,059,3164182,654862,652703,60091,712794,7280
2022-08-19,Placer,061,380077,74338,74027,9286,83313,657
2022-08-19,Plumas,063,18699,3563,3550,430,3980,13
2022-08-19,Riverside,065,2383286,682369,679298,34073,713371,6574
2022-08-19,Sacramento,067,1510023,339475,337745,32738,370483,3208
2022-08-19,San Benito,069,59416,15865,15698,917,16615,103
2022-08-19,San Bernardino,071,2135413,658371,648583,29924,678507,8014
2022-08-19,San Diego,073,3302833,906399,904015,69996,974011,5448
2022-08-19,San Francisco,075,870044,174602,174151,11781,185932,973
2022-08-19,San Joaquin,077,732212,193889,192738,14264,207002,2288
2022-08-19,San Luis Obispo,079,281455,62171,61764,6838,68602,516
2022-08-19,San Mateo,081,765935,164802,163705,10214,173919,738
2022-08-19,Santa Barbara,083,443738,103399,102795,6594,109389,713
2022-08-19,Santa Clara,085,1922200,425869,419723,18483,438206,2437
2022-08-19,Santa Cruz,087,273765,61465,61098,3307,64405,269
2022-08-19,Shasta,089,179085,34255,34105,7148,41253,588
2022-08-19,Sierra,091,2930,302,298,60,358,4
2022-08-19,Siskiyou,093,43540,5005,5119,3245,8364,88
2022-08-19,Solano,095,438530,102893,102355,7630,109985,457
2022-08-19,Sonoma,097,501317,104698,104090,5109,109199,511
2022-08-19,Stanislaus,099,539301,135051,134407,21016,155423,1719
2022-08-19,Sutter,101,95872,23628,23587,2425,26012,228
2022-08-19,Tehama,103,63373,13355,13289,2988,16277,209
2022-08-19,Trinity,105,12862,1373,1366,364,1730,20
2022-08-19,Tulare,107,460477,119600,119251,34641,153892,1521
2022-08-19,Tuolumne,109,53932,15201,15085,896,15981,196
2022-08-19,Ventura,111,848112,204146,203318,14882,218200,1547
2022-08-19,Yolo,113,214977,46557,46567,4094,50661,333
2022-08-19,Yuba,115,75493,18419,18363,1634,19997,129
2022-08-18,Alameda,001,1643700,338923,337238,19075,356313,1970
2022-08-18,Alpine,003,1148,131,131,1,132,0
2022-08-18,Amador,005,37829,9790,9761,896,10657,89
2022-08-18,Butte,007,227075,38548,38316,8735,47051,449
2022-08-18,Calaveras,009,45235,8330,8313,505,8818,132
2022-08-18,Colusa,011,21464,3729,3718,1219,4937,22
2022-08-18,Contra Costa,013,1133247,245409,241665,20082,261747,1399
2022-08-18,Del Norte,015,27424,7291,7290,386,7676,55
2022-08-18,El Dorado,017,186661,31692,31600,4124,35724,225
2022-08-18,Fresno,019,978130,269852,268147,30134,298281,2822
2022-08-18,Glenn,021,27897,5439,5413,1829,7242,48
2022-08-18,Humboldt,023,135768,21190,21104,4715,25819,153
2022-08-18,Imperial,025,180216,64245,64092,15019,79111,951
2022-08-18,Inyo,027,18085,4440,4435,868,5303,59
2022-08-18,Kern,029,883053,215633,214656,60373,275029,2389
2022-08-18,Kings,031,150075,58206,58109,3965,62074,454
2022-08-18,Lake,033,64148,12467,12426,1117,13543,142
2022-08-18,Lassen,035,31185,9861,9843,973,10816,64
2022-08-18,Los Angeles,037,10098052,3215576,3200023,172871,3372894,32746
2022-08-18,Madera,039,155013,42915,42822,7887,50709,372
2022-08-18,Marin,041,260295,44105,43966,5075,49041,305
2022-08-18,Mariposa,043,17540,3023,3003,327,3330,31
2022-08-18,Mendocino,045,87422,15653,15578,4292,19870,134
2022-08-18,Merced,047,269075,71064,70449,11224,81673,846
2022-08-18,Modoc,049,8938,865,862,312,1174,11
2022-08-18,Mono,051,14174,3184,3177,236,3413,7
2022-08-18,Monterey,053,433212,92645,92287,20252,112539,760
2022-08-18,Napa,055,140530,31556,31534,1374,32908,156
2022-08-18,Nevada,057,99092,18570,18497,1730,20227,132
2022-08-18,Orange,059,3164182,654400,652703,59978,712681,7280
2022-08-18,Placer,061,380077,74283,74027,9283,83310,657
2022-08-18,Plumas,063,18699,3559,3550,430,3980,13
2022-08-18,Riverside,065,2383286,681791,679298,34025,713323,6574
2022-08-18,Sacramento,067,1510023,339179,337745,32680,370425,3208
2022-08-18,San Benito,069,59416,15853,15698,914,16612,103
2022-08-18,San Bernardino,071,2135413,657694,648583,29874,678457,8014
2022-08-18,San Diego,073,3302833,905754,904015,69920,973935,5448
2022-08-18,San Francisco,075,870044,174451,174151,11757,185908,973
2022-08-18,San Joaquin,077,732212,193719,192738,14235,206973,2288
2022-08-18,San Luis Obispo,079,281455,62127,61764,6825,68589,516
2022-08-18,San Mateo,081,765935,164622,163705,10206,173911,738
2022-08-18,Santa Barbara,083,443738,103290,102795,6585,109380,713
2022-08-18,Santa Clara,085,1922200,425432,419723,18449,438172,2437
2022-08-18,Santa Cruz,087,273765,61394,61098,3301,64399,269
2022-08-18,Shasta,089,179085,34234,34105,7144,41249,588
2022-08-18,Sierra,091,2930,301,298,60,358,4
2022-08-18,Siskiyou,093,43540,5003,5119,3243,8362,88
2022-08-18,Solano,095,438530,102822,102355,7619,109974,457
2022-08-18,Sonoma,097,501317,104610,104090,5100,109190,511
2022-08-18,Stanislaus,099,539301,134923,134407,20981,155388,1719
2022-08-18,Sutter,101,95872,23607,23587,2423,26010,228
2022-08-18,Tehama,103,63373,13348,13289,2984,16273,209
2022-08-18,Trinity,105,12862,1372,1366,361,1727,20
2022-08-18,Tulare,107,460477,119504,119251,34544,153795,1521
2022-08-18,Tuolumne,109,53932,15158,15085,893,15978,196
2022-08-18,Ventura,111,848112,203969,203318,14844,218162,1547
2022-08-18,Yolo,113,214977,46532,46567,4086,50653,333
2022-08-18,Yuba,115,75493,18399,18363,1631,19994,129
2022-08-17,Alameda,001,1643700,338588,336198,19042,355240,1948
2022-08-17,Alpine,003,1148,131,131,1,132,0
2022-08-17,Amador,005,37829,9782,9728,896,10624,89
2022-08-17,Butte,007,227075,38509,38203,8723,46926,447
2022-08-17,Calaveras,009,45235,8323,8295,502,8797,131
2022-08-17,Colusa,011,21464,3728,3716,1217,4933,22
2022-08-17,Contra Costa,013,1133247,245182,240894,20047,260941,1394
2022-08-17,Del Norte,015,27424,7287,7274,386,7660,55
2022-08-17,El Dorado,017,186661,31674,31523,4120,35643,225
2022-08-17,Fresno,019,978130,269622,267367,30070,297437,2818
2022-08-17,Glenn,021,27897,5438,5403,1827,7230,48
2022-08-17,Humboldt,023,135768,21166,21029,4701,25730,153
2022-08-17,Imperial,025,180216,64202,63972,14989,78961,950
2022-08-17,Inyo,027,18085,4438,4421,865,5286,58
2022-08-17,Kern,029,883053,215500,214040,60240,274280,2389
2022-08-17,Kings,031,150075,58142,57948,3963,61911,454
2022-08-17,Lake,033,64148,12457,12383,1116,13499,142
2022-08-17,Lassen,035,31185,9852,9813,973,10786,64
2022-08-17,Los Angeles,037,10098052,3212778,3190808,172547,3363355,32701
2022-08-17,Madera,039,155013,42866,42677,7850,50527,372
2022-08-17,Marin,041,260295,44072,43852,5071,48923,305
2022-08-17,Mariposa,043,17540,3019,2998,326,3324,31
2022-08-17,Mendocino,045,87422,15643,15504,4286,19790,132
2022-08-17,Merced,047,269075,71005,70232,11181,81413,843
2022-08-17,Modoc,049,8938,864,857,312,1169,11
2022-08-17,Mono,051,14174,3184,3175,236,3411,7
2022-08-17,Monterey,053,433212,92581,91984,20198,112182,759
2022-08-17,Napa,055,140530,31540,31454,1373,32827,155
2022-08-17,Nevada,057,99092,18553,18443,1728,20171,132
2022-08-17,Orange,059,3164182,653793,650827,59859,710686,7266
2022-08-17,Placer,061,380077,74233,73852,9277,83129,655
2022-08-17,Plumas,063,18699,3557,3544,429,3973,13
2022-08-17,Riverside,065,2383286,681151,677437,33967,711404,6562
2022-08-17,Sacramento,067,1510023,338852,336667,32634,369301,3194
2022-08-17,San Benito,069,59416,15837,15655,913,16568,103
2022-08-17,San Bernardino,071,2135413,657052,646584,29817,676401,7999
2022-08-17,San Diego,073,3302833,905009,901794,69851,971645,5442
2022-08-17,San Francisco,075,870044,174316,173590,11745,185335,971
2022-08-17,San Joaquin,077,732212,193569,192078,14198,206276,2283
2022-08-17,San Luis Obispo,079,281455,62073,61604,6813,68417,514
2022-08-17,San Mateo,081,765935,164525,163218,10199,173417,738
2022-08-17,Santa Barbara,083,443738,103173,102430,6570,109000,712
2022-08-17,Santa Clara,085,1922200,424965,418231,18439,436670,2424
2022-08-17,Santa Cruz,087,273765,61304,60880,3296,64176,269
2022-08-17,Shasta,089,179085,34216,33984,7135,41119,587
2022-08-17,Sierra,091,2930,301,297,60,357,4
2022-08-17,Siskiyou,093,43540,5000,5102,3240,8342,88
2022-08-17,Solano,095,438530,102739,102115,7613,109728,459
2022-08-17,Sonoma,097,501317,104507,103844,5094,108938,504
2022-08-17,Stanislaus,099,539301,134777,133989,20944,154933,1715
2022-08-17,Sutter,101,95872,23573,23489,2417,25906,228
2022-08-17,Tehama,103,63373,13345,13259,2979,16238,209
2022-08-17,Trinity,105,12862,1372,1362,359,1721,20
2022-08-17,Tulare,107,460477,119394,118997,34439,153436,1521
2022-08-17,Tuolumne,109,53932,15150,15044,891,15935,196
2022-08-17,Ventura,111,848112,203788,202609,14789,217398,1546
2022-08-17,Yolo,113,214977,46500,46414,4081,50495,331
2022-08-17,Yuba,115,75493,18379,18305,1628,19933,129
2022-08-16,Alameda,001,1643700,338217,336198,19025,355223,1948
2022-08-16,Alpine,003,1148,131,131,1,132,0
2022-08-16,Amador,005,37829,9769,9728,891,10619,89
2022-08-16,Butte,007,227075,38475,38203,8710,46913,447
2022-08-16,Calaveras,009,45235,8315,8295,502,8797,131
2022-08-16,Colusa,011,21464,3727,3716,1215,4931,22
2022-08-16,Contra Costa,013,1133247,244945,240894,20006,260900,1394
2022-08-16,Del Norte,015,27424,7282,7274,386,7660,55
2022-08-16,El Dorado,017,186661,31653,31523,4114,35637,225
2022-08-16,Fresno,019,978130,269372,267367,30023,297390,2818
2022-08-16,Glenn,021,27897,5437,5403,1824,7227,48
2022-08-16,Humboldt,023,135768,21139,21029,4674,25703,153
2022-08-16,Imperial,025,180216,64151,63972,14951,78923,950
2022-08-16,Inyo,027,18085,4434,4421,861,5282,58
2022-08-16,Kern,029,883053,215357,214040,60089,274129,2389
2022-08-16,Kings,031,150075,58096,57948,3960,61908,454
2022-08-16,Lake,033,64148,12441,12383,1112,13495,142
2022-08-16,Lassen,035,31185,9839,9813,972,10785,64
2022-08-16,Los Angeles,037,10098052,3209709,3190808,172197,3363005,32701
2022-08-16,Madera,039,155013,42808,42677,7829,50506,372
2022-08-16,Marin,041,260295,44034,43852,5066,48918,305
2022-08-16,Mariposa,043,17540,3017,2998,326,3324,31
2022-08-16,Mendocino,045,87422,15624,15504,4273,19777,132
2022-08-16,Merced,047,269075,70926,70232,11138,81370,843
2022-08-16,Modoc,049,8938,864,857,312,1169,11
2022-08-16,Mono,051,14174,3184,3175,235,3410,7
2022-08-16,Monterey,053,433212,92500,91984,20128,112112,759
2022-08-16,Napa,055,140530,31521,31454,1372,32826,155
2022-08-16,Nevada,057,99092,18537,18443,1725,20168,132
2022-08-16,Orange,059,3164182,653128,650827,59726,710553,7266
2022-08-16,Placer,061,380077,74163,73852,9269,83121,655
2022-08-16,Plumas,063,18699,3555,3544,429,3973,13
2022-08-16,Riverside,065,2383286,680461,677437,33919,711356,6562
2022-08-16,Sacramento,067,1510023,338520,336667,32599,369266,3194
2022-08-16,San Benito,069,59416,15824,15655,909,16564,103
2022-08-16,San Bernardino,071,2135413,656322,646584,29750,676334,7999
2022-08-16,San Diego,073,3302833,904190,901794,69757,971551,5442
2022-08-16,San Francisco,075,870044,174154,173590,11739,185329,971
2022-08-16,San Joaquin,077,732212,193353,192078,14168,206246,2283
2022-08-16,San Luis Obispo,079,281455,62036,61604,6806,68410,514
2022-08-16,San Mateo,081,765935,164364,163218,10186,173404,738
2022-08-16,Santa Barbara,083,443738,103042,102430,6550,108980,712
2022-08-16,Santa Clara,085,1922200,424483,418231,18414,436645,2424
2022-08-16,Santa Cruz,087,273765,61251,60880,3292,64172,269
2022-08-16,Shasta,089,179085,34189,33984,7126,41110,587
2022-08-16,Sierra,091,2930,300,297,60,357,4
2022-08-16,Siskiyou,093,43540,4996,5102,3235,8337,88
2022-08-16,Solano,095,438530,102666,102115,7595,109710,459
2022-08-16,Sonoma,097,501317,104404,103844,5086,108930,504
2022-08-16,Stanislaus,099,539301,134640,133989,20884,154873,1715
2022-08-16,Sutter,101,95872,23549,23489,2411,25900,228
2022-08-16,Tehama,103,63373,13339,13259,2974,16233,209
2022-08-16,Trinity,105,12862,1369,1362,359,1721,20
2022-08-16,Tulare,107,460477,119304,118997,34322,153319,1521
2022-08-16,Tuolumne,109,53932,15136,15044,891,15935,196
2022-08-16,Ventura,111,848112,203552,202609,14740,217349,1546
2022-08-16,Yolo,113,214977,46481,46414,4076,50490,331
2022-08-16,Yuba,115,75493,18360,18305,1622,19927,129
2022-08-15,Alameda,001,1643700,337835,336198,18994,355192,1948
2022-08-15,Alpine,003,1148,131,131,1,132,0
2022-08-15,Amador,005,37829,9757,9728,891,10619,89
2022-08-15,Butte,007,227075,38452,38203,8692,46895,447
2022-08-15,Calaveras,009,45235,8313,8295,501,8796,131
2022-08-15,Colusa,011,21464,3724,3716,1214,4930,22
2022-08-15,Contra Costa,013,1133247,244662,240894,19974,260868,1394
2022-08-15,Del Norte,015,27424,7278,7274,385,7659,55
2022-08-15,El Dorado,017,186661,31620,31523,4110,35633,225
2022-08-15,Fresno,019,978130,269065,267367,29959,297326,2818
2022-08-15,Glenn,021,27897,5429,5403,1823,7226,48
2022-08-15,Humboldt,023,135768,21117,21029,4653,25682,153
2022-08-15,Imperial,025,180216,64104,63972,14915,78887,950
2022-08-15,Inyo,027,18085,4433,4421,859,5280,58
2022-08-15,Kern,029,883053,215168,214040,59945,273985,2389
2022-08-15,Kings,031,150075,58022,57948,3951,61899,454
2022-08-15,Lake,033,64148,12424,12383,1111,13494,142
2022-08-15,Lassen,035,31185,9838,9813,972,10785,64
2022-08-15,Los Angeles,037,10098052,3206293,3190808,171851,3362659,32701
2022-08-15,Madera,039,155013,42754,42677,7790,50467,372
2022-08-15,Marin,041,260295,43990,43852,5060,48912,305
2022-08-15,Mariposa,043,17540,3015,2998,325,3323,31
2022-08-15,Mendocino,045,87422,15605,15504,4268,19772,132
2022-08-15,Merced,047,269075,70856,70232,11090,81322,843
2022-08-15,Modoc,049,8938,860,857,312,1169,11
2022-08-15,Mono,051,14174,3182,3175,235,3410,7
2022-08-15,Monterey,053,433212,92389,91984,20060,112044,759
2022-08-15,Napa,055,140530,31496,31454,1372,32826,155
2022-08-15,Nevada,057,99092,18523,18443,1724,20167,132
2022-08-15,Orange,059,3164182,652414,650827,59597,710424,7266
2022-08-15,Placer,061,380077,74103,73852,9261,83113,655
2022-08-15,Plumas,063,18699,3551,3544,429,3973,13
2022-08-15,Riverside,065,2383286,679667,677437,33860,711297,6562
2022-08-15,Sacramento,067,1510023,338123,336667,32560,369227,3194
2022-08-15,San Benito,069,59416,15808,15655,907,16562,103
2022-08-15,San Bernardino,071,2135413,655484,646584,29680,676264,7999
2022-08-15,San Diego,073,3302833,903348,901794,69646,971440,5442
2022-08-15,San Francisco,075,870044,173974,173590,11734,185324,971
2022-08-15,San Joaquin,077,732212,193145,192078,14130,206208,2283
2022-08-15,San Luis Obispo,079,281455,61999,61604,6788,68392,514
2022-08-15,San Mateo,081,765935,164162,163218,10180,173398,738
2022-08-15,Santa Barbara,083,443738,102944,102430,6528,108958,712
2022-08-15,Santa Clara,085,1922200,423961,418231,18383,436614,2424
2022-08-15,Santa Cruz,087,273765,61171,60880,3287,64167,269
2022-08-15,Shasta,089,179085,34164,33984,7116,41100,587
2022-08-15,Sierra,091,2930,300,297,60,357,4
2022-08-15,Siskiyou,093,43540,4993,5102,3231,8333,88
2022-08-15,Solano,095,438530,102557,102115,7580,109695,459
2022-08-15,Sonoma,097,501317,104314,103844,5079,108923,504
2022-08-15,Stanislaus,099,539301,134499,133989,20850,154839,1715
2022-08-15,Sutter,101,95872,23517,23489,2409,25898,228
2022-08-15,Tehama,103,63373,13331,13259,2967,16226,209
2022-08-15,Trinity,105,12862,1366,1362,357,1719,20
2022-08-15,Tulare,107,460477,119167,118997,34212,153209,1521
2022-08-15,Tuolumne,109,53932,15128,15044,891,15935,196
2022-08-15,Ventura,111,848112,203298,202609,14679,217288,1546
2022-08-15,Yolo,113,214977,46447,46414,4073,50487,331
2022-08-15,Yuba,115,75493,18337,18305,1617,19922,129
2022-08-14,Alameda,001,1643700,337376,334944,18970,353914,1948
2022-08-14,Alpine,003,1148,131,131,1,132,0
2022-08-14,Amador,005,37829,9748,9705,889,10594,89
2022-08-14,Butte,007,227075,38402,38062,8676,46738,447
2022-08-14,Calaveras,009,45235,8304,8271,500,8771,131
2022-08-14,Colusa,011,21464,3724,3704,1211,4915,22
2022-08-14,Contra Costa,013,1133247,244390,239735,19925,259660,1393
2022-08-14,Del Norte,015,27424,7269,7245,384,7629,54
2022-08-14,El Dorado,017,186661,31589,31430,4105,35535,225
2022-08-14,Fresno,019,978130,268766,266211,29906,296117,2816
2022-08-14,Glenn,021,27897,5426,5393,1822,7215,48
2022-08-14,Humboldt,023,135768,21088,20954,4639,25593,153
2022-08-14,Imperial,025,180216,64037,63766,14875,78641,950
2022-08-14,Inyo,027,18085,4426,4418,855,5273,58
2022-08-14,Kern,029,883053,214981,213071,59766,272837,2380
2022-08-14,Kings,031,150075,57966,57748,3944,61692,454
2022-08-14,Lake,033,64148,12406,12324,1108,13432,142
2022-08-14,Lassen,035,31185,9818,9795,971,10766,64
2022-08-14,Los Angeles,037,10098052,3202726,3177769,171450,3349219,32657
2022-08-14,Madera,039,155013,42692,42517,7748,50265,372
2022-08-14,Marin,041,260295,43944,43662,5055,48717,305
2022-08-14,Mariposa,043,17540,3013,2986,324,3310,31
2022-08-14,Mendocino,045,87422,15585,15456,4262,19718,132
2022-08-14,Merced,047,269075,70743,69974,11031,81005,842
2022-08-14,Modoc,049,8938,859,856,312,1168,11
2022-08-14,Mono,051,14174,3180,3170,235,3405,7
2022-08-14,Monterey,053,433212,92264,91612,19986,111598,759
2022-08-14,Napa,055,140530,31459,31312,1371,32683,156
2022-08-14,Nevada,057,99092,18503,18398,1721,20119,132
2022-08-14,Orange,059,3164182,651685,648171,59447,707618,7248
2022-08-14,Placer,061,380077,74039,73588,9248,82836,656
2022-08-14,Plumas,063,18699,3549,3539,429,3968,13
2022-08-14,Riverside,065,2383286,678851,674362,33777,708139,6561
2022-08-14,Sacramento,067,1510023,337642,335292,32505,367797,3190
2022-08-14,San Benito,069,59416,15786,15578,898,16476,103
2022-08-14,San Bernardino,071,2135413,654610,643895,29615,673510,7983
2022-08-14,San Diego,073,3302833,902452,898646,69534,968180,5437
2022-08-14,San Francisco,075,870044,173760,172876,11720,184596,955
2022-08-14,San Joaquin,077,732212,192847,191272,14070,205342,2283
2022-08-14,San Luis Obispo,079,281455,61937,61403,6761,68164,512
2022-08-14,San Mateo,081,765935,163956,162531,10167,172698,738
2022-08-14,Santa Barbara,083,443738,102806,101942,6502,108444,712
2022-08-14,Santa Clara,085,1922200,423384,416369,18345,434714,2422
2022-08-14,Santa Cruz,087,273765,61066,60594,3280,63874,273
2022-08-14,Shasta,089,179085,34120,33895,7102,40997,584
2022-08-14,Sierra,091,2930,300,296,60,356,4
2022-08-14,Siskiyou,093,43540,4987,5086,3229,8315,88
2022-08-14,Solano,095,438530,102418,101761,7571,109332,458
2022-08-14,Sonoma,097,501317,104205,103496,5065,108561,504
2022-08-14,Stanislaus,099,539301,134315,133490,20796,154286,1702
2022-08-14,Sutter,101,95872,23475,23386,2405,25791,228
2022-08-14,Tehama,103,63373,13324,13213,2966,16179,209
2022-08-14,Trinity,105,12862,1365,1356,357,1713,20
2022-08-14,Tulare,107,460477,119012,118563,34096,152659,1520
2022-08-14,Tuolumne,109,53932,15108,14964,890,15854,196
2022-08-14,Ventura,111,848112,203031,201765,14639,216404,1541
2022-08-14,Yolo,113,214977,46400,46225,4067,50292,331
2022-08-14,Yuba,115,75493,18315,18232,1614,19846,129
2022-08-13,Alameda,001,1643700,337126,334944,18955,353899,1948
2022-08-13,Alpine,003,1148,131,131,1,132,0
2022-08-13,Amador,005,37829,9744,9705,889,10594,89
2022-08-13,Butte,007,227075,38378,38062,8665,46727,447
2022-08-13,Calaveras,009,45235,8300,8271,499,8770,131
2022-08-13,Colusa,011,21464,3721,3704,1211,4915,22
2022-08-13,Contra Costa,013,1133247,244221,239735,19902,259637,1393
2022-08-13,Del Norte,015,27424,7267,7245,384,7629,54
2022-08-13,El Dorado,017,186661,31576,31430,4104,35534,225
2022-08-13,Fresno,019,978130,268626,266211,29877,296088,2816
2022-08-13,Glenn,021,27897,5426,5393,1820,7213,48
2022-08-13,Humboldt,023,135768,21071,20954,4630,25584,153
2022-08-13,Imperial,025,180216,63995,63766,14858,78624,950
2022-08-13,Inyo,027,18085,4424,4418,854,5272,58
2022-08-13,Kern,029,883053,214888,213071,59685,272756,2380
2022-08-13,Kings,031,150075,57941,57748,3944,61692,454
2022-08-13,Lake,033,64148,12395,12324,1108,13432,142
2022-08-13,Lassen,035,31185,9812,9795,970,10765,64
2022-08-13,Los Angeles,037,10098052,3200866,3177769,171184,3348953,32657
2022-08-13,Madera,039,155013,42676,42517,7741,50258,372
2022-08-13,Marin,041,260295,43924,43662,5052,48714,305
2022-08-13,Mariposa,043,17540,3012,2986,324,3310,31
2022-08-13,Mendocino,045,87422,15573,15456,4259,19715,132
2022-08-13,Merced,047,269075,70706,69974,11025,80999,842
2022-08-13,Modoc,049,8938,859,856,312,1168,11
2022-08-13,Mono,051,14174,3180,3170,234,3404,7
2022-08-13,Monterey,053,433212,92199,91612,19951,111563,759
2022-08-13,Napa,055,140530,31445,31312,1370,32682,156
2022-08-13,Nevada,057,99092,18492,18398,1719,20117,132
2022-08-13,Orange,059,3164182,651294,648171,59370,707541,7248
2022-08-13,Placer,061,380077,73992,73588,9243,82831,656
2022-08-13,Plumas,063,18699,3547,3539,429,3968,13
2022-08-13,Riverside,065,2383286,678416,674362,33745,708107,6561
2022-08-13,Sacramento,067,1510023,337451,335292,32494,367786,3190
2022-08-13,San Benito,069,59416,15778,15578,893,16471,103
2022-08-13,San Bernardino,071,2135413,654137,643895,29589,673484,7983
2022-08-13,San Diego,073,3302833,901999,898646,69491,968137,5437
2022-08-13,San Francisco,075,870044,173643,172876,11714,184590,955
2022-08-13,San Joaquin,077,732212,192723,191272,14048,205320,2283
2022-08-13,San Luis Obispo,079,281455,61918,61403,6756,68159,512
2022-08-13,San Mateo,081,765935,163844,162531,10155,172686,738
2022-08-13,Santa Barbara,083,443738,102726,101942,6489,108431,712
2022-08-13,Santa Clara,085,1922200,423069,416369,18324,434693,2422
2022-08-13,Santa Cruz,087,273765,61028,60594,3275,63869,273
2022-08-13,Shasta,089,179085,34082,33895,7098,40993,584
2022-08-13,Sierra,091,2930,300,296,60,356,4
2022-08-13,Siskiyou,093,43540,4986,5086,3226,8312,88
2022-08-13,Solano,095,438530,102378,101761,7562,109323,458
2022-08-13,Sonoma,097,501317,104151,103496,5065,108561,504
2022-08-13,Stanislaus,099,539301,134213,133490,20773,154263,1702
2022-08-13,Sutter,101,95872,23461,23386,2405,25791,228
2022-08-13,Tehama,103,63373,13319,13213,2965,16178,209
2022-08-13,Trinity,105,12862,1364,1356,357,1713,20
2022-08-13,Tulare,107,460477,118939,118563,34039,152602,1520
2022-08-13,Tuolumne,109,53932,15093,14964,886,15850,196
2022-08-13,Ventura,111,848112,202867,201765,14625,216390,1541
2022-08-13,Yolo,113,214977,46371,46225,4065,50290,331
2022-08-13,Yuba,115,75493,18306,18232,1612,19844,129
2022-08-12,Alameda,001,1643700,336876,334944,18943,353887,1948
2022-08-12,Alpine,003,1148,131,131,1,132,0
2022-08-12,Amador,005,37829,9734,9705,886,10591,89
2022-08-12,Butte,007,227075,38358,38062,8656,46718,447
2022-08-12,Calaveras,009,45235,8292,8271,496,8767,131
2022-08-12,Colusa,011,21464,3718,3704,1211,4915,22
2022-08-12,Contra Costa,013,1133247,244052,239735,19885,259620,1393
2022-08-12,Del Norte,015,27424,7263,7245,384,7629,54
2022-08-12,El Dorado,017,186661,31558,31430,4100,35530,225
2022-08-12,Fresno,019,978130,268417,266211,29852,296063,2816
2022-08-12,Glenn,021,27897,5426,5393,1820,7213,48
2022-08-12,Humboldt,023,135768,21049,20954,4622,25576,153
2022-08-12,Imperial,025,180216,63968,63766,14843,78609,950
2022-08-12,Inyo,027,18085,4423,4418,852,5270,58
2022-08-12,Kern,029,883053,214787,213071,59596,272667,2380
2022-08-12,Kings,031,150075,57921,57748,3943,61691,454
2022-08-12,Lake,033,64148,12391,12324,1105,13429,142
2022-08-12,Lassen,035,31185,9810,9795,970,10765,64
2022-08-12,Los Angeles,037,10098052,3198773,3177769,170933,3348702,32657
2022-08-12,Madera,039,155013,42647,42517,7735,50252,372
2022-08-12,Marin,041,260295,43893,43662,5045,48707,305
2022-08-12,Mariposa,043,17540,3012,2986,324,3310,31
2022-08-12,Mendocino,045,87422,15561,15456,4252,19708,132
2022-08-12,Merced,047,269075,70673,69974,11018,80992,842
2022-08-12,Modoc,049,8938,859,856,312,1168,11
2022-08-12,Mono,051,14174,3180,3170,234,3404,7
2022-08-12,Monterey,053,433212,92142,91612,19918,111530,759
2022-08-12,Napa,055,140530,31424,31312,1369,32681,156
2022-08-12,Nevada,057,99092,18488,18398,1717,20115,132
2022-08-12,Orange,059,3164182,650879,648171,59276,707447,7248
2022-08-12,Placer,061,380077,73941,73588,9233,82821,656
2022-08-12,Plumas,063,18699,3545,3539,429,3968,13
2022-08-12,Riverside,065,2383286,677994,674362,33714,708076,6561
2022-08-12,Sacramento,067,1510023,337235,335292,32477,367769,3190
2022-08-12,San Benito,069,59416,15761,15578,892,16470,103
2022-08-12,San Bernardino,071,2135413,653728,643895,29573,673468,7983
2022-08-12,San Diego,073,3302833,901470,898646,69416,968062,5437
2022-08-12,San Francisco,075,870044,173516,172876,11706,184582,955
2022-08-12,San Joaquin,077,732212,192598,191272,14029,205301,2283
2022-08-12,San Luis Obispo,079,281455,61895,61403,6750,68153,512
2022-08-12,San Mateo,081,765935,163714,162531,10151,172682,738
2022-08-12,Santa Barbara,083,443738,102644,101942,6484,108426,712
2022-08-12,Santa Clara,085,1922200,422724,416369,18303,434672,2422
2022-08-12,Santa Cruz,087,273765,60975,60594,3273,63867,273
2022-08-12,Shasta,089,179085,34068,33895,7090,40985,584
2022-08-12,Sierra,091,2930,298,296,59,355,4
2022-08-12,Siskiyou,093,43540,4985,5086,3226,8312,88
2022-08-12,Solano,095,438530,102305,101761,7550,109311,458
2022-08-12,Sonoma,097,501317,104093,103496,5064,108560,504
2022-08-12,Stanislaus,099,539301,134126,133490,20762,154252,1702
2022-08-12,Sutter,101,95872,23446,23386,2405,25791,228
2022-08-12,Tehama,103,63373,13311,13213,2964,16177,209
2022-08-12,Trinity,105,12862,1361,1356,356,1712,20
2022-08-12,Tulare,107,460477,118876,118563,33985,152548,1520
2022-08-12,Tuolumne,109,53932,15085,14964,886,15850,196
2022-08-12,Ventura,111,848112,202721,201765,14608,216373,1541
2022-08-12,Yolo,113,214977,46349,46225,4060,50285,331
2022-08-12,Yuba,115,75493,18295,18232,1611,19843,129
2022-08-11,Alameda,001,1643700,336554,334944,18913,353857,1948
2022-08-11,Alpine,003,1148,131,131,1,132,0
2022-08-11,Amador,005,37829,9731,9705,883,10588,89
2022-08-11,Butte,007,227075,38320,38062,8644,46706,447
2022-08-11,Calaveras,009,45235,8285,8271,495,8766,131
2022-08-11,Colusa,011,21464,3715,3704,1210,4914,22
2022-08-11,Contra Costa,013,1133247,243790,239735,19855,259590,1393
2022-08-11,Del Norte,015,27424,7256,7245,383,7628,54
2022-08-11,El Dorado,017,186661,31527,31430,4093,35523,225
2022-08-11,Fresno,019,978130,268167,266211,29807,296018,2816
2022-08-11,Glenn,021,27897,5424,5393,1819,7212,48
2022-08-11,Humboldt,023,135768,21019,20954,4613,25567,153
2022-08-11,Imperial,025,180216,63921,63766,14798,78564,950
2022-08-11,Inyo,027,18085,4421,4418,847,5265,58
2022-08-11,Kern,029,883053,214598,213071,59447,272518,2380
2022-08-11,Kings,031,150075,57863,57748,3936,61684,454
2022-08-11,Lake,033,64148,12381,12324,1104,13428,142
2022-08-11,Lassen,035,31185,9805,9795,970,10765,64
2022-08-11,Los Angeles,037,10098052,3195758,3177769,170555,3348324,32657
2022-08-11,Madera,039,155013,42601,42517,7710,50227,372
2022-08-11,Marin,041,260295,43854,43662,5038,48700,305
2022-08-11,Mariposa,043,17540,3010,2986,323,3309,31
2022-08-11,Mendocino,045,87422,15549,15456,4250,19706,132
2022-08-11,Merced,047,269075,70619,69974,10983,80957,842
2022-08-11,Modoc,049,8938,858,856,312,1168,11
2022-08-11,Mono,051,14174,3180,3170,234,3404,7
2022-08-11,Monterey,053,433212,92041,91612,19864,111476,759
2022-08-11,Napa,055,140530,31385,31312,1368,32680,156
2022-08-11,Nevada,057,99092,18468,18398,1715,20113,132
2022-08-11,Orange,059,3164182,650226,648171,59139,707310,7248
2022-08-11,Placer,061,380077,73874,73588,9222,82810,656
2022-08-11,Plumas,063,18699,3544,3539,428,3967,13
2022-08-11,Riverside,065,2383286,677385,674362,33670,708032,6561
2022-08-11,Sacramento,067,1510023,336924,335292,32443,367735,3190
2022-08-11,San Benito,069,59416,15745,15578,891,16469,103
2022-08-11,San Bernardino,071,2135413,652978,643895,29525,673420,7983
2022-08-11,San Diego,073,3302833,900693,898646,69290,967936,5437
2022-08-11,San Francisco,075,870044,173359,172876,11689,184565,955
2022-08-11,San Joaquin,077,732212,192407,191272,13997,205269,2283
2022-08-11,San Luis Obispo,079,281455,61843,61403,6726,68129,512
2022-08-11,San Mateo,081,765935,163549,162531,10142,172673,738
2022-08-11,Santa Barbara,083,443738,102534,101942,6464,108406,712
2022-08-11,Santa Clara,085,1922200,422291,416369,18279,434648,2422
2022-08-11,Santa Cruz,087,273765,60910,60594,3269,63863,273
2022-08-11,Shasta,089,179085,34047,33895,7078,40973,584
2022-08-11,Sierra,091,2930,297,296,59,355,4
2022-08-11,Siskiyou,093,43540,4983,5086,3222,8308,88
2022-08-11,Solano,095,438530,102238,101761,7536,109297,458
2022-08-11,Sonoma,097,501317,103998,103496,5058,108554,504
2022-08-11,Stanislaus,099,539301,133969,133490,20721,154211,1702
2022-08-11,Sutter,101,95872,23416,23386,2405,25791,228
2022-08-11,Tehama,103,63373,13303,13213,2964,16177,209
2022-08-11,Trinity,105,12862,1361,1356,355,1711,20
2022-08-11,Tulare,107,460477,118777,118563,33898,152461,1520
2022-08-11,Tuolumne,109,53932,15077,14964,884,15848,196
2022-08-11,Ventura,111,848112,202516,201765,14574,216339,1541
2022-08-11,Yolo,113,214977,46315,46225,4056,50281,331
2022-08-11,Yuba,115,75493,18272,18232,1608,19840,129
2022-08-10,Alameda,001,1643700,336156,333587,18886,352473,1944
2022-08-10,Alpine,003,1148,131,131,1,132,0
2022-08-10,Amador,005,37829,9726,9677,880,10557,88
2022-08-10,Butte,007,227075,38284,37892,8636,46528,446
2022-08-10,Calaveras,009,45235,8279,8251,492,8743,130
2022-08-10,Colusa,011,21464,3711,3700,1210,4910,22
2022-08-10,Contra Costa,013,1133247,243537,238658,19818,258476,1382
2022-08-10,Del Norte,015,27424,7251,7220,383,7603,54
2022-08-10,El Dorado,017,186661,31499,31354,4080,35434,225
2022-08-10,Fresno,019,978130,267894,265300,29747,295047,2815
2022-08-10,Glenn,021,27897,5422,5387,1816,7203,48
2022-08-10,Humboldt,023,135768,21004,20843,4596,25439,153
2022-08-10,Imperial,025,180216,63862,63532,14756,78288,949
2022-08-10,Inyo,027,18085,4421,4416,846,5262,57
2022-08-10,Kern,029,883053,214410,212602,59296,271898,2380
2022-08-10,Kings,031,150075,57816,57569,3933,61502,453
2022-08-10,Lake,033,64148,12367,12281,1104,13385,142
2022-08-10,Lassen,035,31185,9798,9682,970,10652,64
2022-08-10,Los Angeles,037,10098052,3192541,3168105,170186,3338291,32609
2022-08-10,Madera,039,155013,42562,42350,7696,50046,372
2022-08-10,Marin,041,260295,43808,43532,5035,48567,302
2022-08-10,Mariposa,043,17540,3009,2980,323,3303,31
2022-08-10,Mendocino,045,87422,15534,15394,4249,19643,132
2022-08-10,Merced,047,269075,70546,69740,10959,80699,839
2022-08-10,Modoc,049,8938,857,855,311,1166,11
2022-08-10,Mono,051,14174,3178,3165,234,3399,7
2022-08-10,Monterey,053,433212,91940,91307,19798,111105,758
2022-08-10,Napa,055,140530,31347,31223,1367,32590,153
2022-08-10,Nevada,057,99092,18454,18354,1713,20067,132
2022-08-10,Orange,059,3164182,649510,646005,59016,705021,7235
2022-08-10,Placer,061,380077,73817,73348,9214,82562,650
2022-08-10,Plumas,063,18699,3542,3525,428,3953,13
2022-08-10,Riverside,065,2383286,676662,672334,33614,705948,6555
2022-08-10,Sacramento,067,1510023,336598,334382,32410,366792,3177
2022-08-10,San Benito,069,59416,15715,15507,885,16392,101
2022-08-10,San Bernardino,071,2135413,652329,641936,29476,671412,7977
2022-08-10,San Diego,073,3302833,899842,895482,69173,964655,5429
2022-08-10,San Francisco,075,870044,173194,172265,11671,183936,945
2022-08-10,San Joaquin,077,732212,192180,190596,13952,204548,2281
2022-08-10,San Luis Obispo,079,281455,61798,61207,6711,67918,510
2022-08-10,San Mateo,081,765935,163352,161882,10135,172017,738
2022-08-10,Santa Barbara,083,443738,102405,101558,6446,108004,711
2022-08-10,Santa Clara,085,1922200,421764,414659,18252,432911,2398
2022-08-10,Santa Cruz,087,273765,60829,60360,3267,63627,269
2022-08-10,Shasta,089,179085,34024,33816,7071,40887,584
2022-08-10,Sierra,091,2930,297,295,59,354,4
2022-08-10,Siskiyou,093,43540,4980,5074,3216,8290,87
2022-08-10,Solano,095,438530,102146,101393,7532,108925,457
2022-08-10,Sonoma,097,501317,103903,103168,5053,108221,501
2022-08-10,Stanislaus,099,539301,133828,133071,20690,153761,1702
2022-08-10,Sutter,101,95872,23387,23279,2404,25683,228
2022-08-10,Tehama,103,63373,13295,13187,2964,16151,209
2022-08-10,Trinity,105,12862,1360,1350,355,1705,20
2022-08-10,Tulare,107,460477,118690,118239,33820,152059,1520
2022-08-10,Tuolumne,109,53932,15042,14922,881,15803,196
2022-08-10,Ventura,111,848112,202287,201179,14541,215720,1539
2022-08-10,Yolo,113,214977,46279,46069,4051,50120,330
2022-08-10,Yuba,115,75493,18252,18179,1604,19783,129
2022-08-09,Alameda,001,1643700,335731,333587,18847,352434,1944
2022-08-09,Alpine,003,1148,131,131,1,132,0
2022-08-09,Amador,005,37829,9716,9677,879,10556,88
2022-08-09,Butte,007,227075,38246,37892,8625,46517,446
2022-08-09,Calaveras,009,45235,8272,8251,492,8743,130
2022-08-09,Colusa,011,21464,3708,3700,1209,4909,22
2022-08-09,Contra Costa,013,1133247,243260,238658,19773,258431,1382
2022-08-09,Del Norte,015,27424,7234,7220,382,7602,54
2022-08-09,El Dorado,017,186661,31470,31354,4074,35428,225
2022-08-09,Fresno,019,978130,267564,265300,29711,295011,2815
2022-08-09,Glenn,021,27897,5420,5387,1816,7203,48
2022-08-09,Humboldt,023,135768,20978,20843,4587,25430,153
2022-08-09,Imperial,025,180216,63798,63532,14700,78232,949
2022-08-09,Inyo,027,18085,4420,4416,842,5258,57
2022-08-09,Kern,029,883053,214212,212602,59147,271749,2380
2022-08-09,Kings,031,150075,57750,57569,3931,61500,453
2022-08-09,Lake,033,64148,12343,12281,1103,13384,142
2022-08-09,Lassen,035,31185,9792,9682,970,10652,64
2022-08-09,Los Angeles,037,10098052,3189039,3168105,169796,3337901,32609
2022-08-09,Madera,039,155013,42508,42350,7685,50035,372
2022-08-09,Marin,041,260295,43753,43532,5031,48563,302
2022-08-09,Mariposa,043,17540,3005,2980,322,3302,31
2022-08-09,Mendocino,045,87422,15515,15394,4240,19634,132
2022-08-09,Merced,047,269075,70481,69740,10931,80671,839
2022-08-09,Modoc,049,8938,857,855,310,1165,11
2022-08-09,Mono,051,14174,3178,3165,233,3398,7
2022-08-09,Monterey,053,433212,91828,91307,19731,111038,758
2022-08-09,Napa,055,140530,31319,31223,1365,32588,153
2022-08-09,Nevada,057,99092,18442,18354,1711,20065,132
2022-08-09,Orange,059,3164182,648689,646005,58858,704863,7235
2022-08-09,Placer,061,380077,73751,73348,9207,82555,650
2022-08-09,Plumas,063,18699,3537,3525,428,3953,13
2022-08-09,Riverside,065,2383286,675911,672334,33560,705894,6555
2022-08-09,Sacramento,067,1510023,336177,334382,32377,366759,3177
2022-08-09,San Benito,069,59416,15696,15507,880,16387,101
2022-08-09,San Bernardino,071,2135413,651642,641936,29416,671352,7977
2022-08-09,San Diego,073,3302833,898940,895482,69044,964526,5429
2022-08-09,San Francisco,075,870044,172937,172265,11652,183917,945
2022-08-09,San Joaquin,077,732212,191966,190596,13910,204506,2281
2022-08-09,San Luis Obispo,079,281455,61740,61207,6688,67895,510
2022-08-09,San Mateo,081,765935,163155,161882,10120,172002,738
2022-08-09,Santa Barbara,083,443738,102247,101558,6417,107975,711
2022-08-09,Santa Clara,085,1922200,421236,414659,18228,432887,2398
2022-08-09,Santa Cruz,087,273765,60755,60360,3258,63618,269
2022-08-09,Shasta,089,179085,34002,33816,7068,40884,584
2022-08-09,Sierra,091,2930,297,295,59,354,4
2022-08-09,Siskiyou,093,43540,4978,5074,3212,8286,87
2022-08-09,Solano,095,438530,102042,101393,7521,108914,457
2022-08-09,Sonoma,097,501317,103798,103168,5047,108215,501
2022-08-09,Stanislaus,099,539301,133685,133071,20659,153730,1702
2022-08-09,Sutter,101,95872,23356,23279,2403,25682,228
2022-08-09,Tehama,103,63373,13281,13187,2955,16142,209
2022-08-09,Trinity,105,12862,1358,1350,354,1704,20
2022-08-09,Tulare,107,460477,118575,118239,33737,151976,1520
2022-08-09,Tuolumne,109,53932,15026,14922,881,15803,196
2022-08-09,Ventura,111,848112,202051,201179,14508,215687,1539
2022-08-09,Yolo,113,214977,46237,46069,4039,50108,330
2022-08-09,Yuba,115,75493,18233,18179,1594,19773,129
2022-08-08,Alameda,001,1643700,335274,333587,18804,352391,1944
2022-08-08,Alpine,003,1148,131,131,1,132,0
2022-08-08,Amador,005,37829,9710,9677,878,10555,88
2022-08-08,Butte,007,227075,38192,37892,8612,46504,446
2022-08-08,Calaveras,009,45235,8267,8251,489,8740,130
2022-08-08,Colusa,011,21464,3708,3700,1208,4908,22
2022-08-08,Contra Costa,013,1133247,242887,238658,19726,258384,1382
2022-08-08,Del Norte,015,27424,7226,7220,382,7602,54
2022-08-08,El Dorado,017,186661,31441,31354,4067,35421,225
2022-08-08,Fresno,019,978130,267200,265300,29661,294961,2815
2022-08-08,Glenn,021,27897,5414,5387,1815,7202,48
2022-08-08,Humboldt,023,135768,20938,20843,4572,25415,153
2022-08-08,Imperial,025,180216,63738,63532,14633,78165,949
2022-08-08,Inyo,027,18085,4419,4416,841,5257,57
2022-08-08,Kern,029,883053,213952,212602,58988,271590,2380
2022-08-08,Kings,031,150075,57690,57569,3922,61491,453
2022-08-08,Lake,033,64148,12321,12281,1100,13381,142
2022-08-08,Lassen,035,31185,9779,9682,967,10649,64
2022-08-08,Los Angeles,037,10098052,3185391,3168105,169360,3337465,32609
2022-08-08,Madera,039,155013,42451,42350,7662,50012,372
2022-08-08,Marin,041,260295,43697,43532,5019,48551,302
2022-08-08,Mariposa,043,17540,3000,2980,319,3299,31
2022-08-08,Mendocino,045,87422,15501,15394,4230,19624,132
2022-08-08,Merced,047,269075,70411,69740,10903,80643,839
2022-08-08,Modoc,049,8938,856,855,310,1165,11
2022-08-08,Mono,051,14174,3178,3165,233,3398,7
2022-08-08,Monterey,053,433212,91728,91307,19650,110957,758
2022-08-08,Napa,055,140530,31284,31223,1364,32587,153
2022-08-08,Nevada,057,99092,18425,18354,1705,20059,132
2022-08-08,Orange,059,3164182,647851,646005,58691,704696,7235
2022-08-08,Placer,061,380077,73692,73348,9197,82545,650
2022-08-08,Plumas,063,18699,3534,3525,427,3952,13
2022-08-08,Riverside,065,2383286,675109,672334,33508,705842,6555
2022-08-08,Sacramento,067,1510023,335775,334382,32339,366721,3177
2022-08-08,San Benito,069,59416,15668,15507,877,16384,101
2022-08-08,San Bernardino,071,2135413,650803,641936,29358,671294,7977
2022-08-08,San Diego,073,3302833,897849,895482,68910,964392,5429
2022-08-08,San Francisco,075,870044,172717,172265,11635,183900,945
2022-08-08,San Joaquin,077,732212,191700,190596,13868,204464,2281
2022-08-08,San Luis Obispo,079,281455,61674,61207,6666,67873,510
2022-08-08,San Mateo,081,765935,162946,161882,10109,171991,738
2022-08-08,Santa Barbara,083,443738,102113,101558,6401,107959,711
2022-08-08,Santa Clara,085,1922200,420625,414659,18201,432860,2398
2022-08-08,Santa Cruz,087,273765,60679,60360,3255,63615,269
2022-08-08,Shasta,089,179085,33971,33816,7060,40876,584
2022-08-08,Sierra,091,2930,297,295,59,354,4
2022-08-08,Siskiyou,093,43540,4975,5074,3209,8283,87
2022-08-08,Solano,095,438530,101898,101393,7507,108900,457
2022-08-08,Sonoma,097,501317,103684,103168,5038,108206,501
2022-08-08,Stanislaus,099,539301,133561,133071,20631,153702,1702
2022-08-08,Sutter,101,95872,23320,23279,2403,25682,228
2022-08-08,Tehama,103,63373,13271,13187,2953,16140,209
2022-08-08,Trinity,105,12862,1358,1350,353,1703,20
2022-08-08,Tulare,107,460477,118434,118239,33651,151890,1520
2022-08-08,Tuolumne,109,53932,15018,14922,880,15802,196
2022-08-08,Ventura,111,848112,201804,201179,14459,215638,1539
2022-08-08,Yolo,113,214977,46183,46069,4033,50102,330
2022-08-08,Yuba,115,75493,18209,18179,1592,19771,129
2022-08-07,Alameda,001,1643700,334718,331755,18764,350519,1945
2022-08-07,Alpine,003,1148,131,130,1,131,0
2022-08-07,Amador,005,37829,9703,9655,876,10531,88
2022-08-07,Butte,007,227075,38120,37717,8600,46317,446
2022-08-07,Calaveras,009,45235,8254,8219,485,8704,129
2022-08-07,Colusa,011,21464,3704,3696,1207,4903,22
2022-08-07,Contra Costa,013,1133247,242495,237436,19680,257116,1383
2022-08-07,Del Norte,015,27424,7214,7191,379,7570,54
2022-08-07,El Dorado,017,186661,31401,31240,4062,35302,225
2022-08-07,Fresno,019,978130,266775,263912,29587,293499,2815
2022-08-07,Glenn,021,27897,5412,5379,1812,7191,48
2022-08-07,Humboldt,023,135768,20899,20746,4552,25298,153
2022-08-07,Imperial,025,180216,63655,63198,14561,77759,949
2022-08-07,Inyo,027,18085,4419,4408,838,5246,57
2022-08-07,Kern,029,883053,213721,211798,58785,270583,2375
2022-08-07,Kings,031,150075,57592,57294,3915,61209,453
2022-08-07,Lake,033,64148,12307,12220,1100,13320,142
2022-08-07,Lassen,035,31185,9723,9654,967,10621,64
2022-08-07,Los Angeles,037,10098052,3180935,3153757,168967,3322724,32563
2022-08-07,Madera,039,155013,42394,42139,7623,49762,372
2022-08-07,Marin,041,260295,43641,43295,5009,48304,302
2022-08-07,Mariposa,043,17540,2997,2965,318,3283,31
2022-08-07,Mendocino,045,87422,15481,15335,4212,19547,132
2022-08-07,Merced,047,269075,70285,69498,10852,80350,838
2022-08-07,Modoc,049,8938,855,853,310,1163,11
2022-08-07,Mono,051,14174,3175,3161,233,3394,7
2022-08-07,Monterey,053,433212,91594,90884,19562,110446,757
2022-08-07,Napa,055,140530,31240,31052,1362,32414,151
2022-08-07,Nevada,057,99092,18401,18309,1699,20008,132
2022-08-07,Orange,059,3164182,646951,643029,58495,701524,7213
2022-08-07,Placer,061,380077,73602,73064,9181,82245,648
2022-08-07,Plumas,063,18699,3533,3516,427,3943,13
2022-08-07,Riverside,065,2383286,674180,669230,33428,702658,6555
2022-08-07,Sacramento,067,1510023,335288,332928,32287,365215,3175
2022-08-07,San Benito,069,59416,15642,15403,874,16277,101
2022-08-07,San Bernardino,071,2135413,649907,639120,29292,668412,7956
2022-08-07,San Diego,073,3302833,896574,891504,68797,960301,5424
2022-08-07,San Francisco,075,870044,172438,171486,11608,183094,946
2022-08-07,San Joaquin,077,732212,191397,189696,13810,203506,2276
2022-08-07,San Luis Obispo,079,281455,61576,60903,6634,67537,510
2022-08-07,San Mateo,081,765935,162697,161011,10092,171103,734
2022-08-07,Santa Barbara,083,443738,101926,100995,6375,107370,711
2022-08-07,Santa Clara,085,1922200,419910,412411,18181,430592,2386
2022-08-07,Santa Cruz,087,273765,60557,59982,3240,63222,269
2022-08-07,Shasta,089,179085,33922,33727,7046,40773,583
2022-08-07,Sierra,091,2930,296,295,59,354,4
2022-08-07,Siskiyou,093,43540,4973,5045,3205,8250,87
2022-08-07,Solano,095,438530,101738,100081,7490,107571,457
2022-08-07,Sonoma,097,501317,103566,102682,5031,107713,502
2022-08-07,Stanislaus,099,539301,133367,132406,20597,153003,1701
2022-08-07,Sutter,101,95872,23284,23178,2402,25580,228
2022-08-07,Tehama,103,63373,13261,13155,2949,16104,209
2022-08-07,Trinity,105,12862,1356,1347,352,1699,20
2022-08-07,Tulare,107,460477,118281,117668,33554,151222,1516
2022-08-07,Tuolumne,109,53932,15001,14844,880,15724,196
2022-08-07,Ventura,111,848112,201544,200270,14414,214684,1537
2022-08-07,Yolo,113,214977,46133,45902,4023,49925,331
2022-08-07,Yuba,115,75493,18190,18099,1588,19687,124
2022-08-06,Alameda,001,1643700,334474,331755,18753,350508,1945
2022-08-06,Alpine,003,1148,131,130,1,131,0
2022-08-06,Amador,005,37829,9696,9655,874,10529,88
2022-08-06,Butte,007,227075,38082,37717,8589,46306,446
2022-08-06,Calaveras,009,45235,8247,8219,484,8703,129
2022-08-06,Colusa,011,21464,3702,3696,1204,4900,22
2022-08-06,Contra Costa,013,1133247,242249,237436,19661,257097,1383
2022-08-06,Del Norte,015,27424,7208,7191,379,7570,54
2022-08-06,El Dorado,017,186661,31384,31240,4059,35299,225
2022-08-06,Fresno,019,978130,266596,263912,29565,293477,2815
2022-08-06,Glenn,021,27897,5412,5379,1811,7190,48
2022-08-06,Humboldt,023,135768,20878,20746,4544,25290,153
2022-08-06,Imperial,025,180216,63608,63198,14533,77731,949
2022-08-06,Inyo,027,18085,4419,4408,837,5245,57
2022-08-06,Kern,029,883053,213623,211798,58671,270469,2375
2022-08-06,Kings,031,150075,57552,57294,3915,61209,453
2022-08-06,Lake,033,64148,12302,12220,1099,13319,142
2022-08-06,Lassen,035,31185,9690,9654,967,10621,64
2022-08-06,Los Angeles,037,10098052,3178734,3153757,168682,3322439,32563
2022-08-06,Madera,039,155013,42350,42139,7617,49756,372
2022-08-06,Marin,041,260295,43612,43295,5004,48299,302
2022-08-06,Mariposa,043,17540,2996,2965,318,3283,31
2022-08-06,Mendocino,045,87422,15472,15335,4211,19546,132
2022-08-06,Merced,047,269075,70255,69498,10847,80345,838
2022-08-06,Modoc,049,8938,855,853,310,1163,11
2022-08-06,Mono,051,14174,3172,3161,233,3394,7
2022-08-06,Monterey,053,433212,91541,90884,19518,110402,757
2022-08-06,Napa,055,140530,31219,31052,1361,32413,151
2022-08-06,Nevada,057,99092,18392,18309,1698,20007,132
2022-08-06,Orange,059,3164182,646510,643029,58381,701410,7213
2022-08-06,Placer,061,380077,73545,73064,9174,82238,648
2022-08-06,Plumas,063,18699,3531,3516,427,3943,13
2022-08-06,Riverside,065,2383286,673666,669230,33389,702619,6555
2022-08-06,Sacramento,067,1510023,335113,332928,32278,365206,3175
2022-08-06,San Benito,069,59416,15625,15403,872,16275,101
2022-08-06,San Bernardino,071,2135413,649441,639120,29256,668376,7956
2022-08-06,San Diego,073,3302833,896020,891504,68754,960258,5424
2022-08-06,San Francisco,075,870044,172282,171486,11597,183083,946
2022-08-06,San Joaquin,077,732212,191268,189696,13774,203470,2276
2022-08-06,San Luis Obispo,079,281455,61548,60903,6629,67532,510
2022-08-06,San Mateo,081,765935,162561,161011,10085,171096,734
2022-08-06,Santa Barbara,083,443738,101852,100995,6363,107358,711
2022-08-06,Santa Clara,085,1922200,419447,412411,18160,430571,2386
2022-08-06,Santa Cruz,087,273765,60500,59982,3233,63215,269
2022-08-06,Shasta,089,179085,33891,33727,7036,40763,583
2022-08-06,Sierra,091,2930,296,295,59,354,4
2022-08-06,Siskiyou,093,43540,4971,5045,3203,8248,87
2022-08-06,Solano,095,438530,101690,100081,7484,107565,457
2022-08-06,Sonoma,097,501317,103501,102682,5024,107706,502
2022-08-06,Stanislaus,099,539301,133264,132406,20586,152992,1701
2022-08-06,Sutter,101,95872,23260,23178,2402,25580,228
2022-08-06,Tehama,103,63373,13256,13155,2945,16100,209
2022-08-06,Trinity,105,12862,1356,1347,352,1699,20
2022-08-06,Tulare,107,460477,118200,117668,33511,151179,1516
2022-08-06,Tuolumne,109,53932,14993,14844,879,15723,196
2022-08-06,Ventura,111,848112,201435,200270,14392,214662,1537
2022-08-06,Yolo,113,214977,46101,45902,4015,49917,331
2022-08-06,Yuba,115,75493,18175,18099,1587,19686,124
2022-08-05,Alameda,001,1643700,334166,331755,18742,350497,1945
2022-08-05,Alpine,003,1148,131,130,1,131,0
2022-08-05,Amador,005,37829,9694,9655,873,10528,88
2022-08-05,Butte,007,227075,38044,37717,8578,46295,446
2022-08-05,Calaveras,009,45235,8243,8219,484,8703,129
2022-08-05,Colusa,011,21464,3701,3696,1204,4900,22
2022-08-05,Contra Costa,013,1133247,242056,237436,19635,257071,1383
2022-08-05,Del Norte,015,27424,7204,7191,378,7569,54
2022-08-05,El Dorado,017,186661,31376,31240,4058,35298,225
2022-08-05,Fresno,019,978130,266413,263912,29543,293455,2815
2022-08-05,Glenn,021,27897,5411,5379,1810,7189,48
2022-08-05,Humboldt,023,135768,20861,20746,4531,25277,153
2022-08-05,Imperial,025,180216,63533,63198,14494,77692,949
2022-08-05,Inyo,027,18085,4419,4408,837,5245,57
2022-08-05,Kern,029,883053,213507,211798,58575,270373,2375
2022-08-05,Kings,031,150075,57527,57294,3914,61208,453
2022-08-05,Lake,033,64148,12292,12220,1099,13319,142
2022-08-05,Lassen,035,31185,9678,9654,966,10620,64
2022-08-05,Los Angeles,037,10098052,3176226,3153757,168400,3322157,32563
2022-08-05,Madera,039,155013,42307,42139,7607,49746,372
2022-08-05,Marin,041,260295,43569,43295,4998,48293,302
2022-08-05,Mariposa,043,17540,2991,2965,317,3282,31
2022-08-05,Mendocino,045,87422,15456,15335,4209,19544,132
2022-08-05,Merced,047,269075,70204,69498,10841,80339,838
2022-08-05,Modoc,049,8938,855,853,310,1163,11
2022-08-05,Mono,051,14174,3171,3161,233,3394,7
2022-08-05,Monterey,053,433212,91473,90884,19483,110367,757
2022-08-05,Napa,055,140530,31190,31052,1360,32412,151
2022-08-05,Nevada,057,99092,18382,18309,1697,20006,132
2022-08-05,Orange,059,3164182,646002,643029,58272,701301,7213
2022-08-05,Placer,061,380077,73492,73064,9167,82231,648
2022-08-05,Plumas,063,18699,3529,3516,427,3943,13
2022-08-05,Riverside,065,2383286,673104,669230,33344,702574,6555
2022-08-05,Sacramento,067,1510023,334864,332928,32259,365187,3175
2022-08-05,San Benito,069,59416,15603,15403,870,16273,101
2022-08-05,San Bernardino,071,2135413,648983,639120,29229,668349,7956
2022-08-05,San Diego,073,3302833,895359,891504,68673,960177,5424
2022-08-05,San Francisco,075,870044,172140,171486,11577,183063,946
2022-08-05,San Joaquin,077,732212,191140,189696,13740,203436,2276
2022-08-05,San Luis Obispo,079,281455,61513,60903,6621,67524,510
2022-08-05,San Mateo,081,765935,162388,161011,10075,171086,734
2022-08-05,Santa Barbara,083,443738,101750,100995,6355,107350,711
2022-08-05,Santa Clara,085,1922200,418943,412411,18128,430539,2386
2022-08-05,Santa Cruz,087,273765,60433,59982,3229,63211,269
2022-08-05,Shasta,089,179085,33881,33727,7033,40760,583
2022-08-05,Sierra,091,2930,296,295,59,354,4
2022-08-05,Siskiyou,093,43540,4968,5045,3201,8246,87
2022-08-05,Solano,095,438530,101612,100081,7476,107557,457
2022-08-05,Sonoma,097,501317,103424,102682,5020,107702,502
2022-08-05,Stanislaus,099,539301,133162,132406,20575,152981,1701
2022-08-05,Sutter,101,95872,23241,23178,2400,25578,228
2022-08-05,Tehama,103,63373,13248,13155,2945,16100,209
2022-08-05,Trinity,105,12862,1355,1347,352,1699,20
2022-08-05,Tulare,107,460477,118114,117668,33458,151126,1516
2022-08-05,Tuolumne,109,53932,14980,14844,878,15722,196
2022-08-05,Ventura,111,848112,201285,200270,14363,214633,1537
2022-08-05,Yolo,113,214977,46082,45902,4001,49903,331
2022-08-05,Yuba,115,75493,18167,18099,1586,19685,124
2022-08-04,Alameda,001,1643700,333703,331755,18699,350454,1945
2022-08-04,Alpine,003,1148,130,130,1,131,0
2022-08-04,Amador,005,37829,9683,9655,869,10524,88
2022-08-04,Butte,007,227075,38001,37717,8562,46279,446
2022-08-04,Calaveras,009,45235,8236,8219,483,8702,129
2022-08-04,Colusa,011,21464,3700,3696,1204,4900,22
2022-08-04,Contra Costa,013,1133247,241783,237436,19595,257031,1383
2022-08-04,Del Norte,015,27424,7196,7191,377,7568,54
2022-08-04,El Dorado,017,186661,31344,31240,4055,35295,225
2022-08-04,Fresno,019,978130,266079,263912,29492,293404,2815
2022-08-04,Glenn,021,27897,5406,5379,1807,7186,48
2022-08-04,Humboldt,023,135768,20835,20746,4520,25266,153
2022-08-04,Imperial,025,180216,63466,63198,14440,77638,949
2022-08-04,Inyo,027,18085,4418,4408,836,5244,57
2022-08-04,Kern,029,883053,213301,211798,58439,270237,2375
2022-08-04,Kings,031,150075,57460,57294,3906,61200,453
2022-08-04,Lake,033,64148,12277,12220,1099,13319,142
2022-08-04,Lassen,035,31185,9673,9654,963,10617,64
2022-08-04,Los Angeles,037,10098052,3172511,3153757,168012,3321769,32563
2022-08-04,Madera,039,155013,42264,42139,7566,49705,372
2022-08-04,Marin,041,260295,43514,43295,4970,48265,302
2022-08-04,Mariposa,043,17540,2985,2965,316,3281,31
2022-08-04,Mendocino,045,87422,15441,15335,4203,19538,132
2022-08-04,Merced,047,269075,70131,69498,10803,80301,838
2022-08-04,Modoc,049,8938,855,853,310,1163,11
2022-08-04,Mono,051,14174,3171,3161,233,3394,7
2022-08-04,Monterey,053,433212,91362,90884,19420,110304,757
2022-08-04,Napa,055,140530,31154,31052,1359,32411,151
2022-08-04,Nevada,057,99092,18370,18309,1690,19999,132
2022-08-04,Orange,059,3164182,645232,643029,58129,701158,7213
2022-08-04,Placer,061,380077,73421,73064,9155,82219,648
2022-08-04,Plumas,063,18699,3523,3516,427,3943,13
2022-08-04,Riverside,065,2383286,672387,669230,33301,702531,6555
2022-08-04,Sacramento,067,1510023,334441,332928,32234,365162,3175
2022-08-04,San Benito,069,59416,15573,15403,864,16267,101
2022-08-04,San Bernardino,071,2135413,648280,639120,29174,668294,7956
2022-08-04,San Diego,073,3302833,894376,891504,68572,960076,5424
2022-08-04,San Francisco,075,870044,171928,171486,11548,183034,946
2022-08-04,San Joaquin,077,732212,190935,189696,13700,203396,2276
2022-08-04,San Luis Obispo,079,281455,61440,60903,6599,67502,510
2022-08-04,San Mateo,081,765935,162166,161011,10068,171079,734
2022-08-04,Santa Barbara,083,443738,101617,100995,6334,107329,711
2022-08-04,Santa Clara,085,1922200,418361,412411,18097,430508,2386
2022-08-04,Santa Cruz,087,273765,60345,59982,3228,63210,269
2022-08-04,Shasta,089,179085,33857,33727,7020,40747,583
2022-08-04,Sierra,091,2930,296,295,59,354,4
2022-08-04,Siskiyou,093,43540,4964,5045,3195,8240,87
2022-08-04,Solano,095,438530,101501,100081,7465,107546,457
2022-08-04,Sonoma,097,501317,103315,102682,5010,107692,502
2022-08-04,Stanislaus,099,539301,133004,132406,20551,152957,1701
2022-08-04,Sutter,101,95872,23215,23178,2398,25576,228
2022-08-04,Tehama,103,63373,13234,13155,2940,16095,209
2022-08-04,Trinity,105,12862,1354,1347,351,1698,20
2022-08-04,Tulare,107,460477,117998,117668,33398,151066,1516
2022-08-04,Tuolumne,109,53932,14956,14844,876,15720,196
2022-08-04,Ventura,111,848112,201052,200270,14325,214595,1537
2022-08-04,Yolo,113,214977,46044,45902,3993,49895,331
2022-08-04,Yuba,115,75493,18148,18099,1585,19684,124
2022-08-03,Alameda,001,1643700,333194,330158,18660,348818,1941
2022-08-03,Alpine,003,1148,130,130,1,131,0
2022-08-03,Amador,005,37829,9677,9627,866,10493,88
2022-08-03,Butte,007,227075,37956,37567,8552,46119,444
2022-08-03,Calaveras,009,45235,8228,8194,482,8676,128
2022-08-03,Colusa,011,21464,3700,3676,1204,4880,22
2022-08-03,Contra Costa,013,1133247,241456,236190,19547,255737,1381
2022-08-03,Del Norte,015,27424,7192,7156,377,7533,54
2022-08-03,El Dorado,017,186661,31308,31165,4046,35211,222
2022-08-03,Fresno,019,978130,265671,262758,29443,292201,2806
2022-08-03,Glenn,021,27897,5404,5363,1803,7166,48
2022-08-03,Humboldt,023,135768,20801,20640,4503,25143,153
2022-08-03,Imperial,025,180216,63386,62884,14391,77275,949
2022-08-03,Inyo,027,18085,4418,4398,830,5228,57
2022-08-03,Kern,029,883053,213117,211047,58260,269307,2375
2022-08-03,Kings,031,150075,57397,57065,3904,60969,453
2022-08-03,Lake,033,64148,12258,12172,1098,13270,142
2022-08-03,Lassen,035,31185,9670,9563,963,10526,64
2022-08-03,Los Angeles,037,10098052,3168773,3140955,167617,3308572,32500
2022-08-03,Madera,039,155013,42221,41918,7548,49466,372
2022-08-03,Marin,041,260295,43450,43127,4958,48085,300
2022-08-03,Mariposa,043,17540,2981,2950,316,3266,30
2022-08-03,Mendocino,045,87422,15423,15260,4195,19455,132
2022-08-03,Merced,047,269075,70065,69198,10771,79969,838
2022-08-03,Modoc,049,8938,854,842,310,1152,11
2022-08-03,Mono,051,14174,3170,3157,232,3389,7
2022-08-03,Monterey,053,433212,91257,90456,19355,109811,754
2022-08-03,Napa,055,140530,31117,30935,1354,32289,151
2022-08-03,Nevada,057,99092,18359,18253,1687,19940,132
2022-08-03,Orange,059,3164182,644415,640110,57953,698063,7202
2022-08-03,Placer,061,380077,73337,72834,9139,81973,646
2022-08-03,Plumas,063,18699,3520,3496,427,3923,13
2022-08-03,Riverside,065,2383286,671535,666773,33236,700009,6547
2022-08-03,Sacramento,067,1510023,334012,331584,32200,363784,3162
2022-08-03,San Benito,069,59416,15543,15338,857,16195,100
2022-08-03,San Bernardino,071,2135413,647541,636510,29121,665631,7951
2022-08-03,San Diego,073,3302833,893164,887729,68447,956176,5417
2022-08-03,San Francisco,075,870044,171718,170637,11530,182167,939
2022-08-03,San Joaquin,077,732212,190691,188962,13667,202629,2276
2022-08-03,San Luis Obispo,079,281455,61353,60648,6586,67234,504
2022-08-03,San Mateo,081,765935,161976,160258,10059,170317,725
2022-08-03,Santa Barbara,083,443738,101493,100558,6314,106872,710
2022-08-03,Santa Clara,085,1922200,417879,410394,18065,428459,2383
2022-08-03,Santa Cruz,087,273765,60256,59661,3225,62886,269
2022-08-03,Shasta,089,179085,33827,33630,7016,40646,582
2022-08-03,Sierra,091,2930,296,295,59,354,4
2022-08-03,Siskiyou,093,43540,4962,5021,3193,8214,86
2022-08-03,Solano,095,438530,101383,99608,7452,107060,459
2022-08-03,Sonoma,097,501317,103190,102306,4997,107303,500
2022-08-03,Stanislaus,099,539301,132861,131869,20525,152394,1701
2022-08-03,Sutter,101,95872,23186,23056,2396,25452,228
2022-08-03,Tehama,103,63373,13222,13135,2936,16071,209
2022-08-03,Trinity,105,12862,1354,1342,350,1692,20
2022-08-03,Tulare,107,460477,117863,117288,33331,150619,1516
2022-08-03,Tuolumne,109,53932,14936,14778,876,15654,196
2022-08-03,Ventura,111,848112,200813,199530,14291,213821,1536
2022-08-03,Yolo,113,214977,45995,45757,3976,49733,330
2022-08-03,Yuba,115,75493,18119,18036,1584,19620,124
2022-08-02,Alameda,001,1643700,332656,330158,18629,348787,1941
2022-08-02,Alpine,003,1148,130,130,1,131,0
2022-08-02,Amador,005,37829,9667,9627,859,10486,88
2022-08-02,Butte,007,227075,37917,37567,8540,46107,444
2022-08-02,Calaveras,009,45235,8213,8194,480,8674,128
2022-08-02,Colusa,011,21464,3697,3676,1203,4879,22
2022-08-02,Contra Costa,013,1133247,241105,236190,19487,255677,1381
2022-08-02,Del Norte,015,27424,7182,7156,377,7533,54
2022-08-02,El Dorado,017,186661,31274,31165,4040,35205,222
2022-08-02,Fresno,019,978130,265244,262758,29360,292118,2806
2022-08-02,Glenn,021,27897,5400,5363,1802,7165,48
2022-08-02,Humboldt,023,135768,20763,20640,4481,25121,153
2022-08-02,Imperial,025,180216,63304,62884,14342,77226,949
2022-08-02,Inyo,027,18085,4415,4398,820,5218,57
2022-08-02,Kern,029,883053,212878,211047,58057,269104,2375
2022-08-02,Kings,031,150075,57316,57065,3900,60965,453
2022-08-02,Lake,033,64148,12245,12172,1096,13268,142
2022-08-02,Lassen,035,31185,9667,9563,962,10525,64
2022-08-02,Los Angeles,037,10098052,3164419,3140955,167127,3308082,32500
2022-08-02,Madera,039,155013,42154,41918,7525,49443,372
2022-08-02,Marin,041,260295,43392,43127,4950,48077,300
2022-08-02,Mariposa,043,17540,2977,2950,316,3266,30
2022-08-02,Mendocino,045,87422,15393,15260,4181,19441,132
2022-08-02,Merced,047,269075,69986,69198,10731,79929,838
2022-08-02,Modoc,049,8938,854,842,310,1152,11
2022-08-02,Mono,051,14174,3169,3157,230,3387,7
2022-08-02,Monterey,053,433212,91133,90456,19285,109741,754
2022-08-02,Napa,055,140530,31081,30935,1351,32286,151
2022-08-02,Nevada,057,99092,18343,18253,1687,19940,132
2022-08-02,Orange,059,3164182,643536,640110,57781,697891,7202
2022-08-02,Placer,061,380077,73248,72834,9126,81960,646
2022-08-02,Plumas,063,18699,3515,3496,427,3923,13
2022-08-02,Riverside,065,2383286,670615,666773,33185,699958,6547
2022-08-02,Sacramento,067,1510023,333596,331584,32154,363738,3162
2022-08-02,San Benito,069,59416,15505,15338,853,16191,100
2022-08-02,San Bernardino,071,2135413,646693,636510,29070,665580,7951
2022-08-02,San Diego,073,3302833,892003,887729,68316,956045,5417
2022-08-02,San Francisco,075,870044,171481,170637,11516,182153,939
2022-08-02,San Joaquin,077,732212,190453,188962,13622,202584,2276
2022-08-02,San Luis Obispo,079,281455,61264,60648,6559,67207,504
2022-08-02,San Mateo,081,765935,161731,160258,10053,170311,725
2022-08-02,Santa Barbara,083,443738,101327,100558,6288,106846,710
2022-08-02,Santa Clara,085,1922200,417252,410394,18030,428424,2383
2022-08-02,Santa Cruz,087,273765,60166,59661,3218,62879,269
2022-08-02,Shasta,089,179085,33802,33630,7005,40635,582
2022-08-02,Sierra,091,2930,296,295,59,354,4
2022-08-02,Siskiyou,093,43540,4954,5021,3189,8210,86
2022-08-02,Solano,095,438530,101201,99608,7430,107038,459
2022-08-02,Sonoma,097,501317,103014,102306,4984,107290,500
2022-08-02,Stanislaus,099,539301,132702,131869,20484,152353,1701
2022-08-02,Sutter,101,95872,23151,23056,2396,25452,228
2022-08-02,Tehama,103,63373,13210,13135,2933,16068,209
2022-08-02,Trinity,105,12862,1354,1342,348,1690,20
2022-08-02,Tulare,107,460477,117725,117288,33246,150534,1516
2022-08-02,Tuolumne,109,53932,14919,14778,874,15652,196
2022-08-02,Ventura,111,848112,200558,199530,14249,213779,1536
2022-08-02,Yolo,113,214977,45946,45757,3971,49728,330
2022-08-02,Yuba,115,75493,18098,18036,1579,19615,124
2022-08-01,Alameda,001,1643700,331997,330158,18592,348750,1941
2022-08-01,Alpine,003,1148,130,130,1,131,0
2022-08-01,Amador,005,37829,9660,9627,857,10484,88
2022-08-01,Butte,007,227075,37859,37567,8526,46093,444
2022-08-01,Calaveras,009,45235,8210,8194,479,8673,128
2022-08-01,Colusa,011,21464,3693,3676,1194,4870,22
2022-08-01,Contra Costa,013,1133247,240709,236190,19433,255623,1381
2022-08-01,Del Norte,015,27424,7177,7156,377,7533,54
2022-08-01,El Dorado,017,186661,31245,31165,4035,35200,222
2022-08-01,Fresno,019,978130,264787,262758,29280,292038,2806
2022-08-01,Glenn,021,27897,5392,5363,1801,7164,48
2022-08-01,Humboldt,023,135768,20730,20640,4465,25105,153
2022-08-01,Imperial,025,180216,63191,62884,14283,77167,949
2022-08-01,Inyo,027,18085,4411,4398,816,5214,57
2022-08-01,Kern,029,883053,212639,211047,57879,268926,2375
2022-08-01,Kings,031,150075,57223,57065,3890,60955,453
2022-08-01,Lake,033,64148,12215,12172,1096,13268,142
2022-08-01,Lassen,035,31185,9647,9563,962,10525,64
2022-08-01,Los Angeles,037,10098052,3159673,3140955,166640,3307595,32500
2022-08-01,Madera,039,155013,42072,41918,7495,49413,372
2022-08-01,Marin,041,260295,43338,43127,4926,48053,300
2022-08-01,Mariposa,043,17540,2972,2950,315,3265,30
2022-08-01,Mendocino,045,87422,15369,15260,4172,19432,132
2022-08-01,Merced,047,269075,69874,69198,10700,79898,838
2022-08-01,Modoc,049,8938,854,842,310,1152,11
2022-08-01,Mono,051,14174,3168,3157,228,3385,7
2022-08-01,Monterey,053,433212,90989,90456,19210,109666,754
2022-08-01,Napa,055,140530,31032,30935,1347,32282,151
2022-08-01,Nevada,057,99092,18331,18253,1682,19935,132
2022-08-01,Orange,059,3164182,642587,640110,57607,697717,7202
2022-08-01,Placer,061,380077,73180,72834,9113,81947,646
2022-08-01,Plumas,063,18699,3511,3496,427,3923,13
2022-08-01,Riverside,065,2383286,669612,666773,33137,699910,6547
2022-08-01,Sacramento,067,1510023,333156,331584,32115,363699,3162
2022-08-01,San Benito,069,59416,15484,15338,853,16191,100
2022-08-01,San Bernardino,071,2135413,645770,636510,29011,665521,7951
2022-08-01,San Diego,073,3302833,890579,887729,68140,955869,5417
2022-08-01,San Francisco,075,870044,171228,170637,11502,182139,939
2022-08-01,San Joaquin,077,732212,190183,188962,13580,202542,2276
2022-08-01,San Luis Obispo,079,281455,61165,60648,6545,67193,504
2022-08-01,San Mateo,081,765935,161438,160258,10041,170299,725
2022-08-01,Santa Barbara,083,443738,101152,100558,6263,106821,710
2022-08-01,Santa Clara,085,1922200,416471,410394,18000,428394,2383
2022-08-01,Santa Cruz,087,273765,60061,59661,3206,62867,269
2022-08-01,Shasta,089,179085,33774,33630,6995,40625,582
2022-08-01,Sierra,091,2930,296,295,59,354,4
2022-08-01,Siskiyou,093,43540,4948,5021,3183,8204,86
2022-08-01,Solano,095,438530,101021,99608,7411,107019,459
2022-08-01,Sonoma,097,501317,102845,102306,4973,107279,500
2022-08-01,Stanislaus,099,539301,132529,131869,20455,152324,1701
2022-08-01,Sutter,101,95872,23096,23056,2395,25451,228
2022-08-01,Tehama,103,63373,13194,13135,2927,16062,209
2022-08-01,Trinity,105,12862,1353,1342,347,1689,20
2022-08-01,Tulare,107,460477,117551,117288,33168,150456,1516
2022-08-01,Tuolumne,109,53932,14900,14778,874,15652,196
2022-08-01,Ventura,111,848112,200301,199530,14205,213735,1536
2022-08-01,Yolo,113,214977,45895,45757,3956,49713,330
2022-08-01,Yuba,115,75493,18074,18036,1575,19611,124
2022-07-31,Alameda,001,1643700,331262,327608,18553,346161,1941
2022-07-31,Alpine,003,1148,130,130,1,131,0
2022-07-31,Amador,005,37829,9647,9609,852,10461,88
2022-07-31,Butte,007,227075,37783,37349,8506,45855,444
2022-07-31,Calaveras,009,45235,8198,8145,476,8621,128
2022-07-31,Colusa,011,21464,3689,3664,1192,4856,22
2022-07-31,Contra Costa,013,1133247,240236,234635,19364,253999,1375
2022-07-31,Del Norte,015,27424,7165,7136,374,7510,54
2022-07-31,El Dorado,017,186661,31218,31007,4026,35033,222
2022-07-31,Fresno,019,978130,264233,260858,29197,290055,2805
2022-07-31,Glenn,021,27897,5389,5350,1799,7149,48
2022-07-31,Humboldt,023,135768,20690,20523,4434,24957,151
2022-07-31,Imperial,025,180216,63086,62471,14203,76674,949
2022-07-31,Inyo,027,18085,4406,4388,811,5199,57
2022-07-31,Kern,029,883053,212328,210190,57628,267818,2375
2022-07-31,Kings,031,150075,57096,56673,3881,60554,454
2022-07-31,Lake,033,64148,12199,12102,1094,13196,142
2022-07-31,Lassen,035,31185,9568,9548,962,10510,64
2022-07-31,Los Angeles,037,10098052,3154417,3122700,166011,3288711,32445
2022-07-31,Madera,039,155013,41983,41641,7461,49102,372
2022-07-31,Marin,041,260295,43266,42840,4913,47753,300
2022-07-31,Mariposa,043,17540,2966,2940,314,3254,30
2022-07-31,Mendocino,045,87422,15349,15172,4163,19335,132
2022-07-31,Merced,047,269075,69747,68853,10656,79509,838
2022-07-31,Modoc,049,8938,850,841,310,1151,11
2022-07-31,Mono,051,14174,3167,3155,225,3380,7
2022-07-31,Monterey,053,433212,90830,89974,19126,109100,754
2022-07-31,Napa,055,140530,30966,30777,1343,32120,150
2022-07-31,Nevada,057,99092,18293,18187,1680,19867,131
2022-07-31,Orange,059,3164182,641561,636403,57402,693805,7194
2022-07-31,Placer,061,380077,73077,72444,9097,81541,647
2022-07-31,Plumas,063,18699,3505,3490,426,3916,13
2022-07-31,Riverside,065,2383286,668526,662929,33054,695983,6543
2022-07-31,Sacramento,067,1510023,332558,329639,32058,361697,3156
2022-07-31,San Benito,069,59416,15451,15256,847,16103,100
2022-07-31,San Bernardino,071,2135413,644617,633131,28912,662043,7941
2022-07-31,San Diego,073,3302833,888973,881822,67990,949812,5409
2022-07-31,San Francisco,075,870044,170832,169564,11462,181026,937
2022-07-31,San Joaquin,077,732212,189823,187937,13491,201428,2276
2022-07-31,San Luis Obispo,079,281455,61017,60370,6510,66880,503
2022-07-31,San Mateo,081,765935,161190,159145,10014,169159,726
2022-07-31,Santa Barbara,083,443738,100920,99946,6221,106167,708
2022-07-31,Santa Clara,085,1922200,415693,407392,17964,425356,2381
2022-07-31,Santa Cruz,087,273765,59894,59227,3190,62417,269
2022-07-31,Shasta,089,179085,33723,33454,6972,40426,581
2022-07-31,Sierra,091,2930,296,293,59,352,4
2022-07-31,Siskiyou,093,43540,4938,4997,3180,8177,86
2022-07-31,Solano,095,438530,100824,99034,7397,106431,457
2022-07-31,Sonoma,097,501317,102690,101747,4947,106694,500
2022-07-31,Stanislaus,099,539301,132293,131081,20408,151489,1696
2022-07-31,Sutter,101,95872,23052,22931,2384,25315,228
2022-07-31,Tehama,103,63373,13186,13079,2918,15997,208
2022-07-31,Trinity,105,12862,1351,1340,346,1686,20
2022-07-31,Tulare,107,460477,117360,116640,33048,149688,1514
2022-07-31,Tuolumne,109,53932,14876,14701,871,15572,196
2022-07-31,Ventura,111,848112,199983,198498,14125,212623,1530
2022-07-31,Yolo,113,214977,45834,45511,3945,49456,327
2022-07-31,Yuba,115,75493,18042,17951,1567,19518,124
2022-07-30,Alameda,001,1643700,330924,327608,18534,346142,1941
2022-07-30,Alpine,003,1148,130,130,1,131,0
2022-07-30,Amador,005,37829,9645,9609,847,10456,88
2022-07-30,Butte,007,227075,37754,37349,8497,45846,444
2022-07-30,Calaveras,009,45235,8188,8145,475,8620,128
2022-07-30,Colusa,011,21464,3684,3664,1192,4856,22
2022-07-30,Contra Costa,013,1133247,239961,234635,19323,253958,1375
2022-07-30,Del Norte,015,27424,7160,7136,372,7508,54
2022-07-30,El Dorado,017,186661,31199,31007,4022,35029,222
2022-07-30,Fresno,019,978130,264027,260858,29154,290012,2805
2022-07-30,Glenn,021,27897,5384,5350,1798,7148,48
2022-07-30,Humboldt,023,135768,20671,20523,4422,24945,151
2022-07-30,Imperial,025,180216,63039,62471,14175,76646,949
2022-07-30,Inyo,027,18085,4405,4388,807,5195,57
2022-07-30,Kern,029,883053,212203,210190,57485,267675,2375
2022-07-30,Kings,031,150075,57063,56673,3881,60554,454
2022-07-30,Lake,033,64148,12189,12102,1093,13195,142
2022-07-30,Lassen,035,31185,9567,9548,960,10508,64
2022-07-30,Los Angeles,037,10098052,3151934,3122700,165607,3288307,32445
2022-07-30,Madera,039,155013,41949,41641,7456,49097,372
2022-07-30,Marin,041,260295,43234,42840,4911,47751,300
2022-07-30,Mariposa,043,17540,2964,2940,313,3253,30
2022-07-30,Mendocino,045,87422,15325,15172,4159,19331,132
2022-07-30,Merced,047,269075,69697,68853,10649,79502,838
2022-07-30,Modoc,049,8938,850,841,310,1151,11
2022-07-30,Mono,051,14174,3166,3155,224,3379,7
2022-07-30,Monterey,053,433212,90738,89974,19081,109055,754
2022-07-30,Napa,055,140530,30938,30777,1340,32117,150
2022-07-30,Nevada,057,99092,18284,18187,1676,19863,131
2022-07-30,Orange,059,3164182,641009,636403,57294,693697,7194
2022-07-30,Placer,061,380077,73038,72444,9084,81528,647
2022-07-30,Plumas,063,18699,3504,3490,426,3916,13
2022-07-30,Riverside,065,2383286,667976,662929,33025,695954,6543
2022-07-30,Sacramento,067,1510023,332315,329639,32048,361687,3156
2022-07-30,San Benito,069,59416,15438,15256,844,16100,100
2022-07-30,San Bernardino,071,2135413,644130,633131,28869,662000,7941
2022-07-30,San Diego,073,3302833,888326,881822,67931,949753,5409
2022-07-30,San Francisco,075,870044,170680,169564,11452,181016,937
2022-07-30,San Joaquin,077,732212,189697,187937,13461,201398,2276
2022-07-30,San Luis Obispo,079,281455,60977,60370,6497,66867,503
2022-07-30,San Mateo,081,765935,161005,159145,9996,169141,726
2022-07-30,Santa Barbara,083,443738,100827,99946,6202,106148,708
2022-07-30,Santa Clara,085,1922200,415205,407392,17944,425336,2381
2022-07-30,Santa Cruz,087,273765,59828,59227,3183,62410,269
2022-07-30,Shasta,089,179085,33703,33454,6971,40425,581
2022-07-30,Sierra,091,2930,296,293,59,352,4
2022-07-30,Siskiyou,093,43540,4938,4997,3178,8175,86
2022-07-30,Solano,095,438530,100766,99034,7384,106418,457
2022-07-30,Sonoma,097,501317,102600,101747,4940,106687,500
2022-07-30,Stanislaus,099,539301,132161,131081,20383,151464,1696
2022-07-30,Sutter,101,95872,23027,22931,2383,25314,228
2022-07-30,Tehama,103,63373,13180,13079,2915,15994,208
2022-07-30,Trinity,105,12862,1351,1340,346,1686,20
2022-07-30,Tulare,107,460477,117269,116640,32983,149623,1514
2022-07-30,Tuolumne,109,53932,14857,14701,871,15572,196
2022-07-30,Ventura,111,848112,199812,198498,14092,212590,1530
2022-07-30,Yolo,113,214977,45807,45511,3942,49453,327
2022-07-30,Yuba,115,75493,18029,17951,1567,19518,124
2022-07-29,Alameda,001,1643700,330558,327608,18506,346114,1941
2022-07-29,Alpine,003,1148,130,130,1,131,0
2022-07-29,Amador,005,37829,9644,9609,846,10455,88
2022-07-29,Butte,007,227075,37723,37349,8480,45829,444
2022-07-29,Calaveras,009,45235,8184,8145,475,8620,128
2022-07-29,Colusa,011,21464,3684,3664,1192,4856,22
2022-07-29,Contra Costa,013,1133247,239733,234635,19299,253934,1375
2022-07-29,Del Norte,015,27424,7155,7136,371,7507,54
2022-07-29,El Dorado,017,186661,31177,31007,4021,35028,222
2022-07-29,Fresno,019,978130,263781,260858,29106,289964,2805
2022-07-29,Glenn,021,27897,5381,5350,1796,7146,48
2022-07-29,Humboldt,023,135768,20645,20523,4412,24935,151
2022-07-29,Imperial,025,180216,62978,62471,14147,76618,949
2022-07-29,Inyo,027,18085,4404,4388,806,5194,57
2022-07-29,Kern,029,883053,212039,210190,57344,267534,2375
2022-07-29,Kings,031,150075,57026,56673,3880,60553,454
2022-07-29,Lake,033,64148,12174,12102,1090,13192,142
2022-07-29,Lassen,035,31185,9565,9548,960,10508,64
2022-07-29,Los Angeles,037,10098052,3149071,3122700,165274,3287974,32445
2022-07-29,Madera,039,155013,41904,41641,7445,49086,372
2022-07-29,Marin,041,260295,43187,42840,4903,47743,300
2022-07-29,Mariposa,043,17540,2963,2940,313,3253,30
2022-07-29,Mendocino,045,87422,15307,15172,4147,19319,132
2022-07-29,Merced,047,269075,69636,68853,10633,79486,838
2022-07-29,Modoc,049,8938,850,841,310,1151,11
2022-07-29,Mono,051,14174,3165,3155,223,3378,7
2022-07-29,Monterey,053,433212,90645,89974,19046,109020,754
2022-07-29,Napa,055,140530,30913,30777,1339,32116,150
2022-07-29,Nevada,057,99092,18273,18187,1674,19861,131
2022-07-29,Orange,059,3164182,640415,636403,57151,693554,7194
2022-07-29,Placer,061,380077,72966,72444,9070,81514,647
2022-07-29,Plumas,063,18699,3503,3490,426,3916,13
2022-07-29,Riverside,065,2383286,667433,662929,32980,695909,6543
2022-07-29,Sacramento,067,1510023,332004,329639,32030,361669,3156
2022-07-29,San Benito,069,59416,15420,15256,843,16099,100
2022-07-29,San Bernardino,071,2135413,643596,633131,28835,661966,7941
2022-07-29,San Diego,073,3302833,887472,881822,67820,949642,5409
2022-07-29,San Francisco,075,870044,170502,169564,11440,181004,937
2022-07-29,San Joaquin,077,732212,189582,187937,13436,201373,2276
2022-07-29,San Luis Obispo,079,281455,60941,60370,6485,66855,503
2022-07-29,San Mateo,081,765935,160829,159145,9987,169132,726
2022-07-29,Santa Barbara,083,443738,100705,99946,6192,106138,708
2022-07-29,Santa Clara,085,1922200,414730,407392,17923,425315,2381
2022-07-29,Santa Cruz,087,273765,59752,59227,3180,62407,269
2022-07-29,Shasta,089,179085,33676,33454,6964,40418,581
2022-07-29,Sierra,091,2930,296,293,58,351,4
2022-07-29,Siskiyou,093,43540,4937,4997,3178,8175,86
2022-07-29,Solano,095,438530,100636,99034,7372,106406,457
2022-07-29,Sonoma,097,501317,102496,101747,4929,106676,500
2022-07-29,Stanislaus,099,539301,132057,131081,20371,151452,1696
2022-07-29,Sutter,101,95872,23007,22931,2383,25314,228
2022-07-29,Tehama,103,63373,13173,13079,2913,15992,208
2022-07-29,Trinity,105,12862,1347,1340,345,1685,20
2022-07-29,Tulare,107,460477,117167,116640,32923,149563,1514
2022-07-29,Tuolumne,109,53932,14843,14701,870,15571,196
2022-07-29,Ventura,111,848112,199662,198498,14053,212551,1530
2022-07-29,Yolo,113,214977,45772,45511,3929,49440,327
2022-07-29,Yuba,115,75493,18008,17951,1565,19516,124
2022-07-28,Alameda,001,1643700,330074,327608,18457,346065,1941
2022-07-28,Alpine,003,1148,130,130,1,131,0
2022-07-28,Amador,005,37829,9637,9609,845,10454,88
2022-07-28,Butte,007,227075,37671,37349,8467,45816,444
2022-07-28,Calaveras,009,45235,8173,8145,474,8619,128
2022-07-28,Colusa,011,21464,3678,3664,1192,4856,22
2022-07-28,Contra Costa,013,1133247,239369,234635,19245,253880,1375
2022-07-28,Del Norte,015,27424,7149,7136,370,7506,54
2022-07-28,El Dorado,017,186661,31142,31007,4016,35023,222
2022-07-28,Fresno,019,978130,263348,260858,29031,289889,2805
2022-07-28,Glenn,021,27897,5379,5350,1792,7142,48
2022-07-28,Humboldt,023,135768,20611,20523,4401,24924,151
2022-07-28,Imperial,025,180216,62879,62471,14083,76554,949
2022-07-28,Inyo,027,18085,4400,4388,804,5192,57
2022-07-28,Kern,029,883053,211790,210190,57171,267361,2375
2022-07-28,Kings,031,150075,56924,56673,3877,60550,454
2022-07-28,Lake,033,64148,12157,12102,1089,13191,142
2022-07-28,Lassen,035,31185,9560,9548,960,10508,64
2022-07-28,Los Angeles,037,10098052,3144747,3122700,164719,3287419,32445
2022-07-28,Madera,039,155013,41847,41641,7436,49077,372
2022-07-28,Marin,041,260295,43139,42840,4898,47738,300
2022-07-28,Mariposa,043,17540,2960,2940,310,3250,30
2022-07-28,Mendocino,045,87422,15286,15172,4136,19308,132
2022-07-28,Merced,047,269075,69554,68853,10593,79446,838
2022-07-28,Modoc,049,8938,847,841,310,1151,11
2022-07-28,Mono,051,14174,3165,3155,222,3377,7
2022-07-28,Monterey,053,433212,90489,89974,18971,108945,754
2022-07-28,Napa,055,140530,30874,30777,1337,32114,150
2022-07-28,Nevada,057,99092,18260,18187,1668,19855,131
2022-07-28,Orange,059,3164182,639462,636403,56999,693402,7194
2022-07-28,Placer,061,380077,72875,72444,9049,81493,647
2022-07-28,Plumas,063,18699,3502,3490,426,3916,13
2022-07-28,Riverside,065,2383286,666627,662929,32929,695858,6543
2022-07-28,Sacramento,067,1510023,331588,329639,32001,361640,3156
2022-07-28,San Benito,069,59416,15391,15256,838,16094,100
2022-07-28,San Bernardino,071,2135413,642750,633131,28791,661922,7941
2022-07-28,San Diego,073,3302833,886125,881822,67686,949508,5409
2022-07-28,San Francisco,075,870044,170269,169564,11410,180974,937
2022-07-28,San Joaquin,077,732212,189328,187937,13388,201325,2276
2022-07-28,San Luis Obispo,079,281455,60854,60370,6465,66835,503
2022-07-28,San Mateo,081,765935,160574,159145,9974,169119,726
2022-07-28,Santa Barbara,083,443738,100566,99946,6161,106107,708
2022-07-28,Santa Clara,085,1922200,414084,407392,17890,425282,2381
2022-07-28,Santa Cruz,087,273765,59634,59227,3168,62395,269
2022-07-28,Shasta,089,179085,33649,33454,6949,40403,581
2022-07-28,Sierra,091,2930,296,293,58,351,4
2022-07-28,Siskiyou,093,43540,4933,4997,3172,8169,86
2022-07-28,Solano,095,438530,100486,99034,7361,106395,457
2022-07-28,Sonoma,097,501317,102372,101747,4903,106650,500
2022-07-28,Stanislaus,099,539301,131908,131081,20330,151411,1696
2022-07-28,Sutter,101,95872,22976,22931,2378,25309,228
2022-07-28,Tehama,103,63373,13155,13079,2904,15983,208
2022-07-28,Trinity,105,12862,1346,1340,344,1684,20
2022-07-28,Tulare,107,460477,117041,116640,32825,149465,1514
2022-07-28,Tuolumne,109,53932,14824,14701,868,15569,196
2022-07-28,Ventura,111,848112,199393,198498,14013,212511,1530
2022-07-28,Yolo,113,214977,45723,45511,3917,49428,327
2022-07-28,Yuba,115,75493,17994,17951,1556,19507,124
2022-07-27,Alameda,001,1643700,329546,325669,18411,344080,1938
2022-07-27,Alpine,003,1148,130,130,1,131,0
2022-07-27,Amador,005,37829,9629,9568,844,10412,87
2022-07-27,Butte,007,227075,37627,37146,8455,45601,441
2022-07-27,Calaveras,009,45235,8163,8105,473,8578,130
2022-07-27,Colusa,011,21464,3669,3649,1192,4841,22
2022-07-27,Contra Costa,013,1133247,239012,233236,19196,252432,1374
2022-07-27,Del Norte,015,27424,7145,7161,370,7531,54
2022-07-27,El Dorado,017,186661,31095,30891,4007,34898,222
2022-07-27,Fresno,019,978130,262935,259483,28952,288435,2801
2022-07-27,Glenn,021,27897,5375,5327,1791,7118,48
2022-07-27,Humboldt,023,135768,20571,20406,4393,24799,150
2022-07-27,Imperial,025,180216,62795,62014,14029,76043,948
2022-07-27,Inyo,027,18085,4396,4381,800,5181,57
2022-07-27,Kern,029,883053,211563,209400,56950,266350,2368
2022-07-27,Kings,031,150075,56849,56417,3869,60286,451
2022-07-27,Lake,033,64148,12141,12025,1087,13112,142
2022-07-27,Lassen,035,31185,9555,9509,959,10468,64
2022-07-27,Los Angeles,037,10098052,3139975,3107063,164203,3271266,32392
2022-07-27,Madera,039,155013,41760,41423,7423,48846,372
2022-07-27,Marin,041,260295,43067,42624,4890,47514,300
2022-07-27,Mariposa,043,17540,2955,2927,310,3237,30
2022-07-27,Mendocino,045,87422,15257,15066,4121,19187,131
2022-07-27,Merced,047,269075,69440,68455,10563,79018,838
2022-07-27,Modoc,049,8938,845,840,310,1150,10
2022-07-27,Mono,051,14174,3163,3148,220,3368,7
2022-07-27,Monterey,053,433212,90356,89520,18899,108419,752
2022-07-27,Napa,055,140530,30831,30647,1336,31983,150
2022-07-27,Nevada,057,99092,18241,18134,1668,19802,132
2022-07-27,Orange,059,3164182,638469,632871,56824,689695,7188
2022-07-27,Placer,061,380077,72794,72194,9028,81222,647
2022-07-27,Plumas,063,18699,3496,3472,426,3898,13
2022-07-27,Riverside,065,2383286,665616,659650,32850,692500,6528
2022-07-27,Sacramento,067,1510023,331132,328249,31946,360195,3146
2022-07-27,San Benito,069,59416,15371,15188,836,16024,100
2022-07-27,San Bernardino,071,2135413,641873,629895,28736,658631,7937
2022-07-27,San Diego,073,3302833,884683,876507,67543,944050,5386
2022-07-27,San Francisco,075,870044,170022,168570,11394,179964,931
2022-07-27,San Joaquin,077,732212,189038,187066,13345,200411,2267
2022-07-27,San Luis Obispo,079,281455,60772,60180,6431,66611,502
2022-07-27,San Mateo,081,765935,160327,158343,9965,168308,724
2022-07-27,Santa Barbara,083,443738,100408,99460,6123,105583,707
2022-07-27,Santa Clara,085,1922200,413394,404896,17867,422763,2380
2022-07-27,Santa Cruz,087,273765,59539,58873,3155,62028,269
2022-07-27,Shasta,089,179085,33616,33314,6939,40253,578
2022-07-27,Sierra,091,2930,295,293,58,351,4
2022-07-27,Siskiyou,093,43540,4927,4975,3169,8144,84
2022-07-27,Solano,095,438530,100322,98579,7349,105928,457
2022-07-27,Sonoma,097,501317,102231,101316,4889,106205,499
2022-07-27,Stanislaus,099,539301,131707,130451,20288,150739,1695
2022-07-27,Sutter,101,95872,22940,22811,2372,25183,228
2022-07-27,Tehama,103,63373,13141,13036,2899,15935,207
2022-07-27,Trinity,105,12862,1345,1337,343,1680,20
2022-07-27,Tulare,107,460477,116879,116167,32752,148919,1514
2022-07-27,Tuolumne,109,53932,14794,14594,865,15459,196
2022-07-27,Ventura,111,848112,199113,197572,13948,211520,1527
2022-07-27,Yolo,113,214977,45678,45359,3900,49259,326
2022-07-27,Yuba,115,75493,17970,17873,1548,19421,124
2022-07-26,Alameda,001,1643700,328910,325669,18369,344038,1938
2022-07-26,Alpine,003,1148,130,130,1,131,0
2022-07-26,Amador,005,37829,9620,9568,840,10408,87
2022-07-26,Butte,007,227075,37567,37146,8438,45584,441
2022-07-26,Calaveras,009,45235,8153,8105,471,8576,130
2022-07-26,Colusa,011,21464,3668,3649,1192,4841,22
2022-07-26,Contra Costa,013,1133247,238577,233236,19141,252377,1374
2022-07-26,Del Norte,015,27424,7132,7161,370,7531,54
2022-07-26,El Dorado,017,186661,31050,30891,4001,34892,222
2022-07-26,Fresno,019,978130,262395,259483,28856,288339,2801
2022-07-26,Glenn,021,27897,5372,5327,1787,7114,48
2022-07-26,Humboldt,023,135768,20539,20406,4379,24785,150
2022-07-26,Imperial,025,180216,62675,62014,13948,75962,948
2022-07-26,Inyo,027,18085,4393,4381,798,5179,57
2022-07-26,Kern,029,883053,211243,209400,56722,266122,2368
2022-07-26,Kings,031,150075,56734,56417,3867,60284,451
2022-07-26,Lake,033,64148,12111,12025,1085,13110,142
2022-07-26,Lassen,035,31185,9552,9509,957,10466,64
2022-07-26,Los Angeles,037,10098052,3134951,3107063,163605,3270668,32392
2022-07-26,Madera,039,155013,41696,41423,7398,48821,372
2022-07-26,Marin,041,260295,43001,42624,4879,47503,300
2022-07-26,Mariposa,043,17540,2953,2927,310,3237,30
2022-07-26,Mendocino,045,87422,15233,15066,4110,19176,131
2022-07-26,Merced,047,269075,69348,68455,10538,78993,838
2022-07-26,Modoc,049,8938,843,840,310,1150,10
2022-07-26,Mono,051,14174,3161,3148,219,3367,7
2022-07-26,Monterey,053,433212,90217,89520,18812,108332,752
2022-07-26,Napa,055,140530,30794,30647,1330,31977,150
2022-07-26,Nevada,057,99092,18218,18134,1665,19799,132
2022-07-26,Orange,059,3164182,637369,632871,56601,689472,7188
2022-07-26,Placer,061,380077,72676,72194,9008,81202,647
2022-07-26,Plumas,063,18699,3493,3472,425,3897,13
2022-07-26,Riverside,065,2383286,664587,659650,32772,692422,6528
2022-07-26,Sacramento,067,1510023,330599,328249,31879,360128,3146
2022-07-26,San Benito,069,59416,15341,15188,834,16022,100
2022-07-26,San Bernardino,071,2135413,640882,629895,28667,658562,7937
2022-07-26,San Diego,073,3302833,882996,876507,67352,943859,5386
2022-07-26,San Francisco,075,870044,169735,168570,11379,179949,931
2022-07-26,San Joaquin,077,732212,188742,187066,13285,200351,2267
2022-07-26,San Luis Obispo,079,281455,60693,60180,6404,66584,502
2022-07-26,San Mateo,081,765935,160043,158343,9954,168297,724
2022-07-26,Santa Barbara,083,443738,100229,99460,6099,105559,707
2022-07-26,Santa Clara,085,1922200,412532,404896,17829,422725,2380
2022-07-26,Santa Cruz,087,273765,59435,58873,3138,62011,269
2022-07-26,Shasta,089,179085,33582,33314,6924,40238,578
2022-07-26,Sierra,091,2930,294,293,58,351,4
2022-07-26,Siskiyou,093,43540,4922,4975,3161,8136,84
2022-07-26,Solano,095,438530,100129,98579,7333,105912,457
2022-07-26,Sonoma,097,501317,102082,101316,4861,106177,499
2022-07-26,Stanislaus,099,539301,131493,130451,20263,150714,1695
2022-07-26,Sutter,101,95872,22910,22811,2371,25182,228
2022-07-26,Tehama,103,63373,13122,13036,2895,15931,207
2022-07-26,Trinity,105,12862,1344,1337,341,1678,20
2022-07-26,Tulare,107,460477,116729,116167,32664,148831,1514
2022-07-26,Tuolumne,109,53932,14775,14594,863,15457,196
2022-07-26,Ventura,111,848112,198802,197572,13889,211461,1527
2022-07-26,Yolo,113,214977,45628,45359,3889,49248,326
2022-07-26,Yuba,115,75493,17952,17873,1547,19420,124
2022-07-25,Alameda,001,1643700,328185,325669,18310,343979,1938
2022-07-25,Alpine,003,1148,130,130,1,131,0
2022-07-25,Amador,005,37829,9607,9568,837,10405,87
2022-07-25,Butte,007,227075,37491,37146,8423,45569,441
2022-07-25,Calaveras,009,45235,8142,8105,470,8575,130
2022-07-25,Colusa,011,21464,3667,3649,1189,4838,22
2022-07-25,Contra Costa,013,1133247,238094,233236,19059,252295,1374
2022-07-25,Del Norte,015,27424,7125,7161,369,7530,54
2022-07-25,El Dorado,017,186661,31011,30891,3987,34878,222
2022-07-25,Fresno,019,978130,261803,259483,28754,288237,2801
2022-07-25,Glenn,021,27897,5364,5327,1784,7111,48
2022-07-25,Humboldt,023,135768,20507,20406,4359,24765,150
2022-07-25,Imperial,025,180216,62556,62014,13860,75874,948
2022-07-25,Inyo,027,18085,4391,4381,792,5173,57
2022-07-25,Kern,029,883053,210952,209400,56489,265889,2368
2022-07-25,Kings,031,150075,56599,56417,3857,60274,451
2022-07-25,Lake,033,64148,12090,12025,1083,13108,142
2022-07-25,Lassen,035,31185,9545,9509,956,10465,64
2022-07-25,Los Angeles,037,10098052,3129103,3107063,163041,3270104,32392
2022-07-25,Madera,039,155013,41609,41423,7372,48795,372
2022-07-25,Marin,041,260295,42927,42624,4872,47496,300
2022-07-25,Mariposa,043,17540,2950,2927,307,3234,30
2022-07-25,Mendocino,045,87422,15194,15066,4097,19163,131
2022-07-25,Merced,047,269075,69235,68455,10507,78962,838
2022-07-25,Modoc,049,8938,838,840,308,1148,10
2022-07-25,Mono,051,14174,3159,3148,218,3366,7
2022-07-25,Monterey,053,433212,90062,89520,18702,108222,752
2022-07-25,Napa,055,140530,30750,30647,1329,31976,150
2022-07-25,Nevada,057,99092,18206,18134,1657,19791,132
2022-07-25,Orange,059,3164182,636121,632871,56395,689266,7188
2022-07-25,Placer,061,380077,72592,72194,9002,81196,647
2022-07-25,Plumas,063,18699,3487,3472,424,3896,13
2022-07-25,Riverside,065,2383286,663497,659650,32693,692343,6528
2022-07-25,Sacramento,067,1510023,330067,328249,31816,360065,3146
2022-07-25,San Benito,069,59416,15307,15188,832,16020,100
2022-07-25,San Bernardino,071,2135413,639714,629895,28610,658505,7937
2022-07-25,San Diego,073,3302833,881216,876507,67159,943666,5386
2022-07-25,San Francisco,075,870044,169420,168570,11364,179934,931
2022-07-25,San Joaquin,077,732212,188449,187066,13209,200275,2267
2022-07-25,San Luis Obispo,079,281455,60589,60180,6371,66551,502
2022-07-25,San Mateo,081,765935,159671,158343,9933,168276,724
2022-07-25,Santa Barbara,083,443738,100035,99460,6074,105534,707
2022-07-25,Santa Clara,085,1922200,411636,404896,17743,422639,2380
2022-07-25,Santa Cruz,087,273765,59314,58873,3125,61998,269
2022-07-25,Shasta,089,179085,33531,33314,6916,40230,578
2022-07-25,Sierra,091,2930,293,293,58,351,4
2022-07-25,Siskiyou,093,43540,4919,4975,3152,8127,84
2022-07-25,Solano,095,438530,99882,98579,7318,105897,457
2022-07-25,Sonoma,097,501317,101923,101316,4843,106159,499
2022-07-25,Stanislaus,099,539301,131295,130451,20233,150684,1695
2022-07-25,Sutter,101,95872,22864,22811,2370,25181,228
2022-07-25,Tehama,103,63373,13105,13036,2887,15923,207
2022-07-25,Trinity,105,12862,1342,1337,341,1678,20
2022-07-25,Tulare,107,460477,116518,116167,32566,148733,1514
2022-07-25,Tuolumne,109,53932,14756,14594,863,15457,196
2022-07-25,Ventura,111,848112,198494,197572,13834,211406,1527
2022-07-25,Yolo,113,214977,45564,45359,3873,49232,326
2022-07-25,Yuba,115,75493,17914,17873,1546,19419,124
2022-07-24,Alameda,001,1643700,327381,323165,18266,341431,1933
2022-07-24,Alpine,003,1148,130,130,1,131,0
2022-07-24,Amador,005,37829,9585,9526,834,10360,87
2022-07-24,Butte,007,227075,37426,36994,8395,45389,440
2022-07-24,Calaveras,009,45235,8125,8064,468,8532,128
2022-07-24,Colusa,011,21464,3661,3639,1189,4828,22
2022-07-24,Contra Costa,013,1133247,237562,231714,18979,250693,1363
2022-07-24,Del Norte,015,27424,7107,7128,365,7493,54
2022-07-24,El Dorado,017,186661,30963,30722,3971,34693,222
2022-07-24,Fresno,019,978130,261148,257571,28653,286224,2792
2022-07-24,Glenn,021,27897,5358,5311,1782,7093,48
2022-07-24,Humboldt,023,135768,20474,20283,4342,24625,150
2022-07-24,Imperial,025,180216,62394,61671,13739,75410,948
2022-07-24,Inyo,027,18085,4387,4366,781,5147,57
2022-07-24,Kern,029,883053,210583,208535,56240,264775,2366
2022-07-24,Kings,031,150075,56474,56103,3844,59947,451
2022-07-24,Lake,033,64148,12064,11957,1080,13037,142
2022-07-24,Lassen,035,31185,9519,9504,953,10457,64
2022-07-24,Los Angeles,037,10098052,3122615,3085376,162353,3247729,32340
2022-07-24,Madera,039,155013,41510,41145,7342,48487,372
2022-07-24,Marin,041,260295,42857,42347,4860,47207,300
2022-07-24,Mariposa,043,17540,2947,2897,306,3203,30
2022-07-24,Mendocino,045,87422,15144,14988,4065,19053,131
2022-07-24,Merced,047,269075,69078,68127,10448,78575,837
2022-07-24,Modoc,049,8938,838,829,307,1136,10
2022-07-24,Mono,051,14174,3158,3141,218,3359,7
2022-07-24,Monterey,053,433212,89885,89067,18602,107669,747
2022-07-24,Napa,055,140530,30696,30495,1328,31823,148
2022-07-24,Nevada,057,99092,18187,18073,1648,19721,131
2022-07-24,Orange,059,3164182,634770,627948,56144,684092,7181
2022-07-24,Placer,061,380077,72468,71870,8989,80859,644
2022-07-24,Plumas,063,18699,3486,3464,424,3888,13
2022-07-24,Riverside,065,2383286,662204,655603,32579,688182,6527
2022-07-24,Sacramento,067,1510023,329387,326216,31743,357959,3136
2022-07-24,San Benito,069,59416,15285,15049,831,15880,100
2022-07-24,San Bernardino,071,2135413,638330,626059,28530,654589,7933
2022-07-24,San Diego,073,3302833,879142,870102,66966,937068,5380
2022-07-24,San Francisco,075,870044,168965,167260,11334,178594,931
2022-07-24,San Joaquin,077,732212,188088,186142,13132,199274,2267
2022-07-24,San Luis Obispo,079,281455,60442,59919,6339,66258,500
2022-07-24,San Mateo,081,765935,159328,157266,9912,167178,724
2022-07-24,Santa Barbara,083,443738,99808,98826,6034,104860,706
2022-07-24,Santa Clara,085,1922200,410673,401495,17702,419197,2381
2022-07-24,Santa Cruz,087,273765,59142,58386,3104,61490,268
2022-07-24,Shasta,089,179085,33467,33185,6901,40086,578
2022-07-24,Sierra,091,2930,293,293,58,351,4
2022-07-24,Siskiyou,093,43540,4915,4938,3137,8075,84
2022-07-24,Solano,095,438530,99665,98016,7303,105319,457
2022-07-24,Sonoma,097,501317,101720,100735,4822,105557,499
2022-07-24,Stanislaus,099,539301,131001,129813,20196,150009,1695
2022-07-24,Sutter,101,95872,22813,22687,2367,25054,228
2022-07-24,Tehama,103,63373,13093,12974,2877,15851,207
2022-07-24,Trinity,105,12862,1341,1330,339,1669,20
2022-07-24,Tulare,107,460477,116333,115548,32462,148010,1513
2022-07-24,Tuolumne,109,53932,14722,14514,862,15376,196
2022-07-24,Ventura,111,848112,198085,196127,13732,209859,1525
2022-07-24,Yolo,113,214977,45489,45141,3861,49002,327
2022-07-24,Yuba,115,75493,17887,17770,1544,19314,124
2022-07-23,Alameda,001,1643700,326966,323165,18250,341415,1933
2022-07-23,Alpine,003,1148,130,130,1,131,0
2022-07-23,Amador,005,37829,9576,9526,834,10360,87
2022-07-23,Butte,007,227075,37379,36994,8388,45382,440
2022-07-23,Calaveras,009,45235,8114,8064,468,8532,128
2022-07-23,Colusa,011,21464,3656,3639,1189,4828,22
2022-07-23,Contra Costa,013,1133247,237264,231714,18949,250663,1363
2022-07-23,Del Norte,015,27424,7104,7128,364,7492,54
2022-07-23,El Dorado,017,186661,30945,30722,3969,34691,222
2022-07-23,Fresno,019,978130,260923,257571,28596,286167,2792
2022-07-23,Glenn,021,27897,5356,5311,1780,7091,48
2022-07-23,Humboldt,023,135768,20447,20283,4329,24612,150
2022-07-23,Imperial,025,180216,62332,61671,13718,75389,948
2022-07-23,Inyo,027,18085,4385,4366,780,5146,57
2022-07-23,Kern,029,883053,210415,208535,56097,264632,2366
2022-07-23,Kings,031,150075,56431,56103,3841,59944,451
2022-07-23,Lake,033,64148,12053,11957,1079,13036,142
2022-07-23,Lassen,035,31185,9517,9504,953,10457,64
2022-07-23,Los Angeles,037,10098052,3119776,3085376,161898,3247274,32340
2022-07-23,Madera,039,155013,41448,41145,7336,48481,372
2022-07-23,Marin,041,260295,42782,42347,4850,47197,300
2022-07-23,Mariposa,043,17540,2944,2897,306,3203,30
2022-07-23,Mendocino,045,87422,15124,14988,4058,19046,131
2022-07-23,Merced,047,269075,69007,68127,10433,78560,837
2022-07-23,Modoc,049,8938,838,829,307,1136,10
2022-07-23,Mono,051,14174,3157,3141,218,3359,7
2022-07-23,Monterey,053,433212,89797,89067,18581,107648,747
2022-07-23,Napa,055,140530,30663,30495,1327,31822,148
2022-07-23,Nevada,057,99092,18175,18073,1646,19719,131
2022-07-23,Orange,059,3164182,634069,627948,55946,683894,7181
2022-07-23,Placer,061,380077,72396,71870,8979,80849,644
2022-07-23,Plumas,063,18699,3485,3464,424,3888,13
2022-07-23,Riverside,065,2383286,661497,655603,32539,688142,6527
2022-07-23,Sacramento,067,1510023,329112,326216,31726,357942,3136
2022-07-23,San Benito,069,59416,15276,15049,822,15871,100
2022-07-23,San Bernardino,071,2135413,637703,626059,28487,654546,7933
2022-07-23,San Diego,073,3302833,878320,870102,66905,937007,5380
2022-07-23,San Francisco,075,870044,168773,167260,11318,178578,931
2022-07-23,San Joaquin,077,732212,187932,186142,13109,199251,2267
2022-07-23,San Luis Obispo,079,281455,60413,59919,6328,66247,500
2022-07-23,San Mateo,081,765935,159153,157266,9898,167164,724
2022-07-23,Santa Barbara,083,443738,99709,98826,6003,104829,706
2022-07-23,Santa Clara,085,1922200,410058,401495,17677,419172,2381
2022-07-23,Santa Cruz,087,273765,59091,58386,3092,61478,268
2022-07-23,Shasta,089,179085,33428,33185,6895,40080,578
2022-07-23,Sierra,091,2930,293,293,58,351,4
2022-07-23,Siskiyou,093,43540,4913,4938,3135,8073,84
2022-07-23,Solano,095,438530,99598,98016,7297,105313,457
2022-07-23,Sonoma,097,501317,101632,100735,4812,105547,499
2022-07-23,Stanislaus,099,539301,130870,129813,20160,149973,1695
2022-07-23,Sutter,101,95872,22792,22687,2367,25054,228
2022-07-23,Tehama,103,63373,13079,12974,2874,15848,207
2022-07-23,Trinity,105,12862,1341,1330,338,1668,20
2022-07-23,Tulare,107,460477,116217,115548,32393,147941,1513
2022-07-23,Tuolumne,109,53932,14699,14514,862,15376,196
2022-07-23,Ventura,111,848112,197901,196127,13697,209824,1525
2022-07-23,Yolo,113,214977,45454,45141,3853,48994,327
2022-07-23,Yuba,115,75493,17874,17770,1540,19310,124
2022-07-22,Alameda,001,1643700,326557,323165,18221,341386,1933
2022-07-22,Alpine,003,1148,130,130,1,131,0
2022-07-22,Amador,005,37829,9570,9526,833,10359,87
2022-07-22,Butte,007,227075,37344,36994,8372,45366,440
2022-07-22,Calaveras,009,45235,8105,8064,468,8532,128
2022-07-22,Colusa,011,21464,3655,3639,1185,4824,22
2022-07-22,Contra Costa,013,1133247,236970,231714,18912,250626,1363
2022-07-22,Del Norte,015,27424,7097,7128,364,7492,54
2022-07-22,El Dorado,017,186661,30916,30722,3964,34686,222
2022-07-22,Fresno,019,978130,260641,257571,28547,286118,2792
2022-07-22,Glenn,021,27897,5352,5311,1779,7090,48
2022-07-22,Humboldt,023,135768,20423,20283,4319,24602,150
2022-07-22,Imperial,025,180216,62241,61671,13686,75357,948
2022-07-22,Inyo,027,18085,4385,4366,773,5139,57
2022-07-22,Kern,029,883053,210214,208535,55945,264480,2366
2022-07-22,Kings,031,150075,56395,56103,3840,59943,451
2022-07-22,Lake,033,64148,12039,11957,1077,13034,142
2022-07-22,Lassen,035,31185,9517,9504,953,10457,64
2022-07-22,Los Angeles,037,10098052,3116243,3085376,161447,3246823,32340
2022-07-22,Madera,039,155013,41405,41145,7325,48470,372
2022-07-22,Marin,041,260295,42727,42347,4842,47189,300
2022-07-22,Mariposa,043,17540,2942,2897,306,3203,30
2022-07-22,Mendocino,045,87422,15100,14988,4050,19038,131
2022-07-22,Merced,047,269075,68937,68127,10421,78548,837
2022-07-22,Modoc,049,8938,838,829,307,1136,10
2022-07-22,Mono,051,14174,3156,3141,217,3358,7
2022-07-22,Monterey,053,433212,89707,89067,18547,107614,747
2022-07-22,Napa,055,140530,30632,30495,1327,31822,148
2022-07-22,Nevada,057,99092,18163,18073,1639,19712,131
2022-07-22,Orange,059,3164182,633295,627948,55787,683735,7181
2022-07-22,Placer,061,380077,72351,71870,8971,80841,644
2022-07-22,Plumas,063,18699,3484,3464,424,3888,13
2022-07-22,Riverside,065,2383286,660752,655603,32475,688078,6527
2022-07-22,Sacramento,067,1510023,328755,326216,31701,357917,3136
2022-07-22,San Benito,069,59416,15266,15049,822,15871,100
2022-07-22,San Bernardino,071,2135413,637080,626059,28442,654501,7933
2022-07-22,San Diego,073,3302833,877242,870102,66767,936869,5380
2022-07-22,San Francisco,075,870044,168580,167260,11289,178549,931
2022-07-22,San Joaquin,077,732212,187771,186142,13077,199219,2267
2022-07-22,San Luis Obispo,079,281455,60358,59919,6316,66235,500
2022-07-22,San Mateo,081,765935,158924,157266,9886,167152,724
2022-07-22,Santa Barbara,083,443738,99607,98826,5997,104823,706
2022-07-22,Santa Clara,085,1922200,409401,401495,17650,419145,2381
2022-07-22,Santa Cruz,087,273765,58985,58386,3084,61470,268
2022-07-22,Shasta,089,179085,33397,33185,6890,40075,578
2022-07-22,Sierra,091,2930,293,293,58,351,4
2022-07-22,Siskiyou,093,43540,4910,4938,3132,8070,84
2022-07-22,Solano,095,438530,99460,98016,7283,105299,457
2022-07-22,Sonoma,097,501317,101526,100735,4794,105529,499
2022-07-22,Stanislaus,099,539301,130740,129813,20135,149948,1695
2022-07-22,Sutter,101,95872,22768,22687,2366,25053,228
2022-07-22,Tehama,103,63373,13070,12974,2872,15846,207
2022-07-22,Trinity,105,12862,1339,1330,337,1667,20
2022-07-22,Tulare,107,460477,116103,115548,32336,147884,1513
2022-07-22,Tuolumne,109,53932,14675,14514,858,15372,196
2022-07-22,Ventura,111,848112,197714,196127,13662,209789,1525
2022-07-22,Yolo,113,214977,45400,45141,3836,48977,327
2022-07-22,Yuba,115,75493,17860,17770,1538,19308,124
2022-07-21,Alameda,001,1643700,325882,323165,18172,341337,1933
2022-07-21,Alpine,003,1148,130,130,1,131,0
2022-07-21,Amador,005,37829,9563,9526,831,10357,87
2022-07-21,Butte,007,227075,37304,36994,8352,45346,440
2022-07-21,Calaveras,009,45235,8090,8064,466,8530,128
2022-07-21,Colusa,011,21464,3651,3639,1183,4822,22
2022-07-21,Contra Costa,013,1133247,236589,231714,18854,250568,1363
2022-07-21,Del Norte,015,27424,7087,7128,364,7492,54
2022-07-21,El Dorado,017,186661,30865,30722,3961,34683,222
2022-07-21,Fresno,019,978130,260168,257571,28466,286037,2792
2022-07-21,Glenn,021,27897,5346,5311,1779,7090,48
2022-07-21,Humboldt,023,135768,20392,20283,4296,24579,150
2022-07-21,Imperial,025,180216,62128,61671,13590,75261,948
2022-07-21,Inyo,027,18085,4381,4366,766,5132,57
2022-07-21,Kern,029,883053,209941,208535,55759,264294,2366
2022-07-21,Kings,031,150075,56322,56103,3827,59930,451
2022-07-21,Lake,033,64148,12026,11957,1074,13031,142
2022-07-21,Lassen,035,31185,9514,9504,953,10457,64
2022-07-21,Los Angeles,037,10098052,3110631,3085376,160835,3246211,32340
2022-07-21,Madera,039,155013,41328,41145,7303,48448,372
2022-07-21,Marin,041,260295,42662,42347,4838,47185,300
2022-07-21,Mariposa,043,17540,2938,2897,305,3202,30
2022-07-21,Mendocino,045,87422,15074,14988,4044,19032,131
2022-07-21,Merced,047,269075,68832,68127,10396,78523,837
2022-07-21,Modoc,049,8938,836,829,307,1136,10
2022-07-21,Mono,051,14174,3152,3141,216,3357,7
2022-07-21,Monterey,053,433212,89583,89067,18472,107539,747
2022-07-21,Napa,055,140530,30588,30495,1327,31822,148
2022-07-21,Nevada,057,99092,18144,18073,1633,19706,131
2022-07-21,Orange,059,3164182,632169,627948,55561,683509,7181
2022-07-21,Placer,061,380077,72243,71870,8948,80818,644
2022-07-21,Plumas,063,18699,3483,3464,424,3888,13
2022-07-21,Riverside,065,2383286,659688,655603,32402,688005,6527
2022-07-21,Sacramento,067,1510023,328240,326216,31662,357878,3136
2022-07-21,San Benito,069,59416,15224,15049,819,15868,100
2022-07-21,San Bernardino,071,2135413,636056,626059,28377,654436,7933
2022-07-21,San Diego,073,3302833,875565,870102,66572,936674,5380
2022-07-21,San Francisco,075,870044,168226,167260,11237,178497,931
2022-07-21,San Joaquin,077,732212,187517,186142,13029,199171,2267
2022-07-21,San Luis Obispo,079,281455,60301,59919,6286,66205,500
2022-07-21,San Mateo,081,765935,158625,157266,9871,167137,724
2022-07-21,Santa Barbara,083,443738,99446,98826,5977,104803,706
2022-07-21,Santa Clara,085,1922200,408591,401495,17612,419107,2381
2022-07-21,Santa Cruz,087,273765,58867,58386,3069,61455,268
2022-07-21,Shasta,089,179085,33347,33185,6876,40061,578
2022-07-21,Sierra,091,2930,293,293,58,351,4
2022-07-21,Siskiyou,093,43540,4904,4938,3126,8064,84
2022-07-21,Solano,095,438530,99313,98016,7275,105291,457
2022-07-21,Sonoma,097,501317,101382,100735,4780,105515,499
2022-07-21,Stanislaus,099,539301,130549,129813,20111,149924,1695
2022-07-21,Sutter,101,95872,22741,22687,2364,25051,228
2022-07-21,Tehama,103,63373,13053,12974,2861,15835,207
2022-07-21,Trinity,105,12862,1335,1330,337,1667,20
2022-07-21,Tulare,107,460477,115942,115548,32264,147812,1513
2022-07-21,Tuolumne,109,53932,14642,14514,855,15369,196
2022-07-21,Ventura,111,848112,197388,196127,13572,209699,1525
2022-07-21,Yolo,113,214977,45339,45141,3823,48964,327
2022-07-21,Yuba,115,75493,17831,17770,1535,19305,124
2022-07-20,Alameda,001,1643700,325202,321347,18131,339478,1915
2022-07-20,Alpine,003,1148,130,130,1,131,0
2022-07-20,Amador,005,37829,9545,9478,829,10307,87
2022-07-20,Butte,007,227075,37255,36820,8332,45152,440
2022-07-20,Calaveras,009,45235,8081,8035,465,8500,126
2022-07-20,Colusa,011,21464,3647,3627,1181,4808,22
2022-07-20,Contra Costa,013,1133247,236190,230356,18805,249161,1362
2022-07-20,Del Norte,015,27424,7078,7081,364,7445,54
2022-07-20,El Dorado,017,186661,30834,30628,3951,34579,221
2022-07-20,Fresno,019,978130,259653,256217,28394,284611,2790
2022-07-20,Glenn,021,27897,5342,5287,1776,7063,48
2022-07-20,Humboldt,023,135768,20353,20149,4278,24427,150
2022-07-20,Imperial,025,180216,61983,61170,13495,74665,944
2022-07-20,Inyo,027,18085,4379,4355,761,5116,56
2022-07-20,Kern,029,883053,209647,207603,55565,263168,2366
2022-07-20,Kings,031,150075,56237,55836,3816,59652,449
2022-07-20,Lake,033,64148,12005,11895,1069,12964,142
2022-07-20,Lassen,035,31185,9505,9455,953,10408,64
2022-07-20,Los Angeles,037,10098052,3105021,3068779,160211,3228990,32292
2022-07-20,Madera,039,155013,41256,40902,7283,48185,372
2022-07-20,Marin,041,260295,42582,42153,4831,46984,300
2022-07-20,Mariposa,043,17540,2923,2884,303,3187,30
2022-07-20,Mendocino,045,87422,15059,14890,4032,18922,131
2022-07-20,Merced,047,269075,68732,67775,10372,78147,833
2022-07-20,Modoc,049,8938,835,799,306,1105,9
2022-07-20,Mono,051,14174,3149,3138,213,3351,7
2022-07-20,Monterey,053,433212,89445,88606,18391,106997,747
2022-07-20,Napa,055,140530,30550,30353,1325,31678,145
2022-07-20,Nevada,057,99092,18118,18020,1627,19647,131
2022-07-20,Orange,059,3164182,630899,624998,55320,680318,7173
2022-07-20,Placer,061,380077,72162,71614,8930,80544,639
2022-07-20,Plumas,063,18699,3477,3433,423,3856,13
2022-07-20,Riverside,065,2383286,658589,652192,32304,684496,6510
2022-07-20,Sacramento,067,1510023,327691,324765,31615,356380,3123
2022-07-20,San Benito,069,59416,15192,14966,816,15782,100
2022-07-20,San Bernardino,071,2135413,635015,622760,28313,651073,7921
2022-07-20,San Diego,073,3302833,873736,864434,66388,930822,5375
2022-07-20,San Francisco,075,870044,167899,166241,11219,177460,929
2022-07-20,San Joaquin,077,732212,187228,185319,12972,198291,2262
2022-07-20,San Luis Obispo,079,281455,60231,59727,6257,65984,499
2022-07-20,San Mateo,081,765935,158332,156191,9851,166042,724
2022-07-20,Santa Barbara,083,443738,99267,98322,5950,104272,703
2022-07-20,Santa Clara,085,1922200,407782,398816,17574,416390,2374
2022-07-20,Santa Cruz,087,273765,58753,58004,3056,61060,267
2022-07-20,Shasta,089,179085,33306,33017,6869,39886,576
2022-07-20,Sierra,091,2930,293,292,58,350,4
2022-07-20,Siskiyou,093,43540,4892,4921,3120,8041,84
2022-07-20,Solano,095,438530,99145,97577,7253,104830,459
2022-07-20,Sonoma,097,501317,101194,100304,4767,105071,499
2022-07-20,Stanislaus,099,539301,130382,129200,20067,149267,1695
2022-07-20,Sutter,101,95872,22706,22592,2361,24953,228
2022-07-20,Tehama,103,63373,13037,12923,2857,15780,205
2022-07-20,Trinity,105,12862,1335,1319,336,1655,20
2022-07-20,Tulare,107,460477,115756,115073,32153,147226,1510
2022-07-20,Tuolumne,109,53932,14616,14389,854,15243,196
2022-07-20,Ventura,111,848112,197069,195189,13499,208688,1522
2022-07-20,Yolo,113,214977,45283,44950,3812,48762,325
2022-07-20,Yuba,115,75493,17807,17661,1534,19195,124
2022-07-19,Alameda,001,1643700,324527,321347,18106,339453,1915
2022-07-19,Alpine,003,1148,130,130,1,131,0
2022-07-19,Amador,005,37829,9533,9478,825,10303,87
2022-07-19,Butte,007,227075,37202,36820,8318,45138,440
2022-07-19,Calaveras,009,45235,8071,8035,465,8500,126
2022-07-19,Colusa,011,21464,3644,3627,1177,4804,22
2022-07-19,Contra Costa,013,1133247,235740,230356,18748,249104,1362
2022-07-19,Del Norte,015,27424,7070,7081,363,7444,54
2022-07-19,El Dorado,017,186661,30790,30628,3942,34570,221
2022-07-19,Fresno,019,978130,259044,256217,28304,284521,2790
2022-07-19,Glenn,021,27897,5335,5287,1775,7062,48
2022-07-19,Humboldt,023,135768,20318,20149,4264,24413,150
2022-07-19,Imperial,025,180216,61849,61170,13405,74575,944
2022-07-19,Inyo,027,18085,4377,4355,759,5114,56
2022-07-19,Kern,029,883053,209368,207603,55370,262973,2366
2022-07-19,Kings,031,150075,56134,55836,3797,59633,449
2022-07-19,Lake,033,64148,11984,11895,1061,12956,142
2022-07-19,Lassen,035,31185,9497,9455,953,10408,64
2022-07-19,Los Angeles,037,10098052,3098843,3068779,159510,3228289,32292
2022-07-19,Madera,039,155013,41177,40902,7260,48162,372
2022-07-19,Marin,041,260295,42519,42153,4818,46971,300
2022-07-19,Mariposa,043,17540,2918,2884,302,3186,30
2022-07-19,Mendocino,045,87422,15027,14890,4021,18911,131
2022-07-19,Merced,047,269075,68627,67775,10340,78115,833
2022-07-19,Modoc,049,8938,834,799,306,1105,9
2022-07-19,Mono,051,14174,3145,3138,213,3351,7
2022-07-19,Monterey,053,433212,89294,88606,18310,106916,747
2022-07-19,Napa,055,140530,30494,30353,1321,31674,145
2022-07-19,Nevada,057,99092,18104,18020,1620,19640,131
2022-07-19,Orange,059,3164182,629614,624998,55070,680068,7173
2022-07-19,Placer,061,380077,72074,71614,8913,80527,639
2022-07-19,Plumas,063,18699,3471,3433,421,3854,13
2022-07-19,Riverside,065,2383286,657281,652192,32210,684402,6510
2022-07-19,Sacramento,067,1510023,327061,324765,31574,356339,3123
2022-07-19,San Benito,069,59416,15148,14966,814,15780,100
2022-07-19,San Bernardino,071,2135413,633898,622760,28240,651000,7921
2022-07-19,San Diego,073,3302833,871646,864434,66141,930575,5375
2022-07-19,San Francisco,075,870044,167549,166241,11200,177441,929
2022-07-19,San Joaquin,077,732212,186947,185319,12908,198227,2262
2022-07-19,San Luis Obispo,079,281455,60147,59727,6219,65946,499
2022-07-19,San Mateo,081,765935,158035,156191,9828,166019,724
2022-07-19,Santa Barbara,083,443738,99056,98322,5928,104250,703
2022-07-19,Santa Clara,085,1922200,406826,398816,17522,416338,2374
2022-07-19,Santa Cruz,087,273765,58631,58004,3041,61045,267
2022-07-19,Shasta,089,179085,33274,33017,6855,39872,576
2022-07-19,Sierra,091,2930,293,292,58,350,4
2022-07-19,Siskiyou,093,43540,4887,4921,3113,8034,84
2022-07-19,Solano,095,438530,98920,97577,7226,104803,459
2022-07-19,Sonoma,097,501317,101037,100304,4739,105043,499
2022-07-19,Stanislaus,099,539301,130139,129200,20035,149235,1695
2022-07-19,Sutter,101,95872,22676,22592,2358,24950,228
2022-07-19,Tehama,103,63373,13023,12923,2850,15773,205
2022-07-19,Trinity,105,12862,1332,1319,335,1654,20
2022-07-19,Tulare,107,460477,115570,115073,32046,147119,1510
2022-07-19,Tuolumne,109,53932,14592,14389,845,15234,196
2022-07-19,Ventura,111,848112,196723,195189,13421,208610,1522
2022-07-19,Yolo,113,214977,45222,44950,3802,48752,325
2022-07-19,Yuba,115,75493,17774,17661,1533,19194,124
2022-07-18,Alameda,001,1643700,323787,321347,18070,339417,1915
2022-07-18,Alpine,003,1148,130,130,1,131,0
2022-07-18,Amador,005,37829,9518,9478,825,10303,87
2022-07-18,Butte,007,227075,37132,36820,8305,45125,440
2022-07-18,Calaveras,009,45235,8060,8035,462,8497,126
2022-07-18,Colusa,011,21464,3641,3627,1171,4798,22
2022-07-18,Contra Costa,013,1133247,235275,230356,18677,249033,1362
2022-07-18,Del Norte,015,27424,7059,7081,361,7442,54
2022-07-18,El Dorado,017,186661,30738,30628,3933,34561,221
2022-07-18,Fresno,019,978130,258451,256217,28223,284440,2790
2022-07-18,Glenn,021,27897,5333,5287,1775,7062,48
2022-07-18,Humboldt,023,135768,20277,20149,4244,24393,150
2022-07-18,Imperial,025,180216,61683,61170,13307,74477,944
2022-07-18,Inyo,027,18085,4373,4355,758,5113,56
2022-07-18,Kern,029,883053,209055,207603,55111,262714,2366
2022-07-18,Kings,031,150075,56027,55836,3789,59625,449
2022-07-18,Lake,033,64148,11962,11895,1055,12950,142
2022-07-18,Lassen,035,31185,9493,9455,952,10407,64
2022-07-18,Los Angeles,037,10098052,3092005,3068779,158844,3227623,32292
2022-07-18,Madera,039,155013,41071,40902,7232,48134,372
2022-07-18,Marin,041,260295,42439,42153,4808,46961,300
2022-07-18,Mariposa,043,17540,2910,2884,301,3185,30
2022-07-18,Mendocino,045,87422,14998,14890,4010,18900,131
2022-07-18,Merced,047,269075,68505,67775,10314,78089,833
2022-07-18,Modoc,049,8938,833,799,306,1105,9
2022-07-18,Mono,051,14174,3144,3138,213,3351,7
2022-07-18,Monterey,053,433212,89130,88606,18230,106836,747
2022-07-18,Napa,055,140530,30454,30353,1318,31671,145
2022-07-18,Nevada,057,99092,18090,18020,1608,19628,131
2022-07-18,Orange,059,3164182,628131,624998,54803,679801,7173
2022-07-18,Placer,061,380077,71988,71614,8897,80511,639
2022-07-18,Plumas,063,18699,3462,3433,420,3853,13
2022-07-18,Riverside,065,2383286,655996,652192,32100,684292,6510
2022-07-18,Sacramento,067,1510023,326440,324765,31517,356282,3123
2022-07-18,San Benito,069,59416,15109,14966,809,15775,100
2022-07-18,San Bernardino,071,2135413,632635,622760,28168,650928,7921
2022-07-18,San Diego,073,3302833,869333,864434,65869,930303,5375
2022-07-18,San Francisco,075,870044,167132,166241,11175,177416,929
2022-07-18,San Joaquin,077,732212,186614,185319,12849,198168,2262
2022-07-18,San Luis Obispo,079,281455,60051,59727,6194,65921,499
2022-07-18,San Mateo,081,765935,157663,156191,9808,165999,724
2022-07-18,Santa Barbara,083,443738,98858,98322,5907,104229,703
2022-07-18,Santa Clara,085,1922200,405840,398816,17470,416286,2374
2022-07-18,Santa Cruz,087,273765,58482,58004,3029,61033,267
2022-07-18,Shasta,089,179085,33225,33017,6839,39856,576
2022-07-18,Sierra,091,2930,293,292,58,350,4
2022-07-18,Siskiyou,093,43540,4883,4921,3106,8027,84
2022-07-18,Solano,095,438530,98685,97577,7205,104782,459
2022-07-18,Sonoma,097,501317,100858,100304,4721,105025,499
2022-07-18,Stanislaus,099,539301,129916,129200,19995,149195,1695
2022-07-18,Sutter,101,95872,22642,22592,2358,24950,228
2022-07-18,Tehama,103,63373,13002,12923,2850,15773,205
2022-07-18,Trinity,105,12862,1330,1319,334,1653,20
2022-07-18,Tulare,107,460477,115378,115073,31959,147032,1510
2022-07-18,Tuolumne,109,53932,14556,14389,843,15232,196
2022-07-18,Ventura,111,848112,196340,195189,13348,208537,1522
2022-07-18,Yolo,113,214977,45153,44950,3791,48741,325
2022-07-18,Yuba,115,75493,17739,17661,1524,19185,124
2022-07-17,Alameda,001,1643700,322887,318442,18013,336455,1911
2022-07-17,Alpine,003,1148,130,130,1,131,0
2022-07-17,Amador,005,37829,9509,9437,821,10258,87
2022-07-17,Butte,007,227075,37071,36644,8283,44927,440
2022-07-17,Calaveras,009,45235,8044,7994,452,8446,126
2022-07-17,Colusa,011,21464,3635,3617,1165,4782,22
2022-07-17,Contra Costa,013,1133247,234712,228634,18603,247237,1356
2022-07-17,Del Norte,015,27424,7032,6860,359,7219,54
2022-07-17,El Dorado,017,186661,30690,30461,3919,34380,219
2022-07-17,Fresno,019,978130,257757,254088,28117,282205,2790
2022-07-17,Glenn,021,27897,5327,5273,1773,7046,48
2022-07-17,Humboldt,023,135768,20221,20016,4227,24243,150
2022-07-17,Imperial,025,180216,61488,60550,13161,73711,944
2022-07-17,Inyo,027,18085,4363,4343,754,5097,56
2022-07-17,Kern,029,883053,208560,206466,54873,261339,2364
2022-07-17,Kings,031,150075,55890,55432,3766,59198,449
2022-07-17,Lake,033,64148,11930,11835,1051,12886,141
2022-07-17,Lassen,035,31185,9467,9425,948,10373,64
2022-07-17,Los Angeles,037,10098052,3084692,3042708,158050,3200758,32248
2022-07-17,Madera,039,155013,40962,40627,7187,47814,372
2022-07-17,Marin,041,260295,42341,41829,4801,46630,300
2022-07-17,Mariposa,043,17540,2903,2866,301,3167,30
2022-07-17,Mendocino,045,87422,14958,14799,3992,18791,131
2022-07-17,Merced,047,269075,68369,67416,10274,77690,833
2022-07-17,Modoc,049,8938,830,799,306,1105,9
2022-07-17,Mono,051,14174,3142,3131,209,3340,7
2022-07-17,Monterey,053,433212,88937,88118,18160,106278,747
2022-07-17,Napa,055,140530,30395,30176,1317,31493,145
2022-07-17,Nevada,057,99092,18063,17941,1600,19541,131
2022-07-17,Orange,059,3164182,626554,620414,54523,674937,7161
2022-07-17,Placer,061,380077,71899,71232,8878,80110,637
2022-07-17,Plumas,063,18699,3447,3406,420,3826,13
2022-07-17,Riverside,065,2383286,654530,647328,31984,679312,6508
2022-07-17,Sacramento,067,1510023,325775,322788,31459,354247,3119
2022-07-17,San Benito,069,59416,15083,14869,803,15672,100
2022-07-17,San Bernardino,071,2135413,631210,618482,28058,646540,7914
2022-07-17,San Diego,073,3302833,866958,857262,65666,922928,5370
2022-07-17,San Francisco,075,870044,166668,164853,11131,175984,928
2022-07-17,San Joaquin,077,732212,186239,184187,12769,196956,2262
2022-07-17,San Luis Obispo,079,281455,59932,59437,6155,65592,499
2022-07-17,San Mateo,081,765935,157294,154961,9787,164748,723
2022-07-17,Santa Barbara,083,443738,98589,97600,5880,103480,702
2022-07-17,Santa Clara,085,1922200,404778,395466,17413,412879,2371
2022-07-17,Santa Cruz,087,273765,58285,57531,3011,60542,267
2022-07-17,Shasta,089,179085,33172,32871,6813,39684,575
2022-07-17,Sierra,091,2930,293,291,58,349,4
2022-07-17,Siskiyou,093,43540,4877,4899,3092,7991,83
2022-07-17,Solano,095,438530,98483,96974,7180,104154,457
2022-07-17,Sonoma,097,501317,100664,99679,4703,104382,499
2022-07-17,Stanislaus,099,539301,129648,128436,19958,148394,1692
2022-07-17,Sutter,101,95872,22589,22452,2355,24807,228
2022-07-17,Tehama,103,63373,12978,12860,2842,15702,205
2022-07-17,Trinity,105,12862,1327,1304,332,1636,20
2022-07-17,Tulare,107,460477,115156,114399,31866,146265,1510
2022-07-17,Tuolumne,109,53932,14523,14280,835,15115,196
2022-07-17,Ventura,111,848112,195881,193965,13231,207196,1519
2022-07-17,Yolo,113,214977,45075,44703,3774,48477,324
2022-07-17,Yuba,115,75493,17699,17567,1514,19081,124
2022-07-16,Alameda,001,1643700,322472,318442,17996,336438,1911
2022-07-16,Alpine,003,1148,130,130,1,131,0
2022-07-16,Amador,005,37829,9501,9437,821,10258,87
2022-07-16,Butte,007,227075,37050,36644,8268,44912,440
2022-07-16,Calaveras,009,45235,8039,7994,446,8440,126
2022-07-16,Colusa,011,21464,3631,3617,1161,4778,22
2022-07-16,Contra Costa,013,1133247,234403,228634,18550,247184,1356
2022-07-16,Del Norte,015,27424,7021,6860,359,7219,54
2022-07-16,El Dorado,017,186661,30669,30461,3917,34378,219
2022-07-16,Fresno,019,978130,257467,254088,28074,282162,2790
2022-07-16,Glenn,021,27897,5322,5273,1770,7043,48
2022-07-16,Humboldt,023,135768,20190,20016,4215,24231,150
2022-07-16,Imperial,025,180216,61403,60550,13117,73667,944
2022-07-16,Inyo,027,18085,4362,4343,753,5096,56
2022-07-16,Kern,029,883053,208388,206466,54705,261171,2364
2022-07-16,Kings,031,150075,55849,55432,3762,59194,449
2022-07-16,Lake,033,64148,11914,11835,1051,12886,141
2022-07-16,Lassen,035,31185,9465,9425,947,10372,64
2022-07-16,Los Angeles,037,10098052,3081222,3042708,157571,3200279,32248
2022-07-16,Madera,039,155013,40919,40627,7174,47801,372
2022-07-16,Marin,041,260295,42305,41829,4794,46623,300
2022-07-16,Mariposa,043,17540,2901,2866,301,3167,30
2022-07-16,Mendocino,045,87422,14950,14799,3989,18788,131
2022-07-16,Merced,047,269075,68280,67416,10263,77679,833
2022-07-16,Modoc,049,8938,830,799,306,1105,9
2022-07-16,Mono,051,14174,3141,3131,208,3339,7
2022-07-16,Monterey,053,433212,88843,88118,18118,106236,747
2022-07-16,Napa,055,140530,30366,30176,1315,31491,145
2022-07-16,Nevada,057,99092,18049,17941,1593,19534,131
2022-07-16,Orange,059,3164182,625827,620414,54365,674779,7161
2022-07-16,Placer,061,380077,71814,71232,8862,80094,637
2022-07-16,Plumas,063,18699,3443,3406,419,3825,13
2022-07-16,Riverside,065,2383286,653741,647328,31933,679261,6508
2022-07-16,Sacramento,067,1510023,325502,322788,31444,354232,3119
2022-07-16,San Benito,069,59416,15066,14869,799,15668,100
2022-07-16,San Bernardino,071,2135413,630465,618482,27996,646478,7914
2022-07-16,San Diego,073,3302833,866049,857262,65581,922843,5370
2022-07-16,San Francisco,075,870044,166484,164853,11115,175968,928
2022-07-16,San Joaquin,077,732212,186080,184187,12739,196926,2262
2022-07-16,San Luis Obispo,079,281455,59904,59437,6135,65572,499
2022-07-16,San Mateo,081,765935,157053,154961,9777,164738,723
2022-07-16,Santa Barbara,083,443738,98473,97600,5860,103460,702
2022-07-16,Santa Clara,085,1922200,404105,395466,17387,412853,2371
2022-07-16,Santa Cruz,087,273765,58213,57531,3006,60537,267
2022-07-16,Shasta,089,179085,33152,32871,6809,39680,575
2022-07-16,Sierra,091,2930,293,291,58,349,4
2022-07-16,Siskiyou,093,43540,4876,4899,3087,7986,83
2022-07-16,Solano,095,438530,98410,96974,7163,104137,457
2022-07-16,Sonoma,097,501317,100577,99679,4692,104371,499
2022-07-16,Stanislaus,099,539301,129517,128436,19924,148360,1692
2022-07-16,Sutter,101,95872,22566,22452,2354,24806,228
2022-07-16,Tehama,103,63373,12969,12860,2837,15697,205
2022-07-16,Trinity,105,12862,1325,1304,332,1636,20
2022-07-16,Tulare,107,460477,115050,114399,31805,146204,1510
2022-07-16,Tuolumne,109,53932,14499,14280,835,15115,196
2022-07-16,Ventura,111,848112,195655,193965,13190,207155,1519
2022-07-16,Yolo,113,214977,45029,44703,3761,48464,324
2022-07-16,Yuba,115,75493,17675,17567,1514,19081,124
2022-07-15,Alameda,001,1643700,322010,318442,17961,336403,1911
2022-07-15,Alpine,003,1148,130,130,1,131,0
2022-07-15,Amador,005,37829,9498,9437,820,10257,87
2022-07-15,Butte,007,227075,37011,36644,8263,44907,440
2022-07-15,Calaveras,009,45235,8033,7994,442,8436,126
2022-07-15,Colusa,011,21464,3629,3617,1159,4776,22
2022-07-15,Contra Costa,013,1133247,234128,228634,18499,247133,1356
2022-07-15,Del Norte,015,27424,7010,6860,356,7216,54
2022-07-15,El Dorado,017,186661,30641,30461,3914,34375,219
2022-07-15,Fresno,019,978130,257072,254088,28008,282096,2790
2022-07-15,Glenn,021,27897,5319,5273,1767,7040,48
2022-07-15,Humboldt,023,135768,20166,20016,4203,24219,150
2022-07-15,Imperial,025,180216,61330,60550,13075,73625,944
2022-07-15,Inyo,027,18085,4357,4343,748,5091,56
2022-07-15,Kern,029,883053,208173,206466,54533,260999,2364
2022-07-15,Kings,031,150075,55786,55432,3755,59187,449
2022-07-15,Lake,033,64148,11902,11835,1048,12883,141
2022-07-15,Lassen,035,31185,9463,9425,945,10370,64
2022-07-15,Los Angeles,037,10098052,3077029,3042708,157053,3199761,32248
2022-07-15,Madera,039,155013,40856,40627,7155,47782,372
2022-07-15,Marin,041,260295,42245,41829,4783,46612,300
2022-07-15,Mariposa,043,17540,2898,2866,300,3166,30
2022-07-15,Mendocino,045,87422,14926,14799,3984,18783,131
2022-07-15,Merced,047,269075,68216,67416,10250,77666,833
2022-07-15,Modoc,049,8938,829,799,306,1105,9
2022-07-15,Mono,051,14174,3139,3131,207,3338,7
2022-07-15,Monterey,053,433212,88729,88118,18091,106209,747
2022-07-15,Napa,055,140530,30334,30176,1314,31490,145
2022-07-15,Nevada,057,99092,18037,17941,1591,19532,131
2022-07-15,Orange,059,3164182,624982,620414,54189,674603,7161
2022-07-15,Placer,061,380077,71741,71232,8835,80067,637
2022-07-15,Plumas,063,18699,3436,3406,417,3823,13
2022-07-15,Riverside,065,2383286,652915,647328,31871,679199,6508
2022-07-15,Sacramento,067,1510023,325132,322788,31422,354210,3119
2022-07-15,San Benito,069,59416,15051,14869,799,15668,100
2022-07-15,San Bernardino,071,2135413,629717,618482,27955,646437,7914
2022-07-15,San Diego,073,3302833,864775,857262,65416,922678,5370
2022-07-15,San Francisco,075,870044,166231,164853,11075,175928,928
2022-07-15,San Joaquin,077,732212,185902,184187,12694,196881,2262
2022-07-15,San Luis Obispo,079,281455,59872,59437,6123,65560,499
2022-07-15,San Mateo,081,765935,156816,154961,9760,164721,723
2022-07-15,Santa Barbara,083,443738,98344,97600,5853,103453,702
2022-07-15,Santa Clara,085,1922200,403418,395466,17358,412824,2371
2022-07-15,Santa Cruz,087,273765,58123,57531,2994,60525,267
2022-07-15,Shasta,089,179085,33129,32871,6802,39673,575
2022-07-15,Sierra,091,2930,293,291,58,349,4
2022-07-15,Siskiyou,093,43540,4876,4899,3085,7984,83
2022-07-15,Solano,095,438530,98261,96974,7151,104125,457
2022-07-15,Sonoma,097,501317,100454,99679,4683,104362,499
2022-07-15,Stanislaus,099,539301,129393,128436,19903,148339,1692
2022-07-15,Sutter,101,95872,22539,22452,2353,24805,228
2022-07-15,Tehama,103,63373,12962,12860,2829,15689,205
2022-07-15,Trinity,105,12862,1321,1304,332,1636,20
2022-07-15,Tulare,107,460477,114899,114399,31720,146119,1510
2022-07-15,Tuolumne,109,53932,14456,14280,832,15112,196
2022-07-15,Ventura,111,848112,195429,193965,13151,207116,1519
2022-07-15,Yolo,113,214977,44983,44703,3750,48453,324
2022-07-15,Yuba,115,75493,17649,17567,1514,19081,124
2022-07-14,Alameda,001,1643700,321247,318442,17900,336342,1911
2022-07-14,Alpine,003,1148,130,130,1,131,0
2022-07-14,Amador,005,37829,9485,9437,814,10251,87
2022-07-14,Butte,007,227075,36971,36644,8257,44901,440
2022-07-14,Calaveras,009,45235,8026,7994,438,8432,126
2022-07-14,Colusa,011,21464,3629,3617,1157,4774,22
2022-07-14,Contra Costa,013,1133247,233685,228634,18412,247046,1356
2022-07-14,Del Norte,015,27424,6989,6860,354,7214,54
2022-07-14,El Dorado,017,186661,30605,30461,3905,34366,219
2022-07-14,Fresno,019,978130,256537,254088,27914,282002,2790
2022-07-14,Glenn,021,27897,5310,5273,1764,7037,48
2022-07-14,Humboldt,023,135768,20126,20016,4188,24204,150
2022-07-14,Imperial,025,180216,61151,60550,12959,73509,944
2022-07-14,Inyo,027,18085,4355,4343,743,5086,56
2022-07-14,Kern,029,883053,207844,206466,54329,260795,2364
2022-07-14,Kings,031,150075,55691,55432,3744,59176,449
2022-07-14,Lake,033,64148,11886,11835,1046,12881,141
2022-07-14,Lassen,035,31185,9458,9425,944,10369,64
2022-07-14,Los Angeles,037,10098052,3070840,3042708,156338,3199046,32248
2022-07-14,Madera,039,155013,40782,40627,7097,47724,372
2022-07-14,Marin,041,260295,42154,41829,4778,46607,300
2022-07-14,Mariposa,043,17540,2892,2866,295,3161,30
2022-07-14,Mendocino,045,87422,14912,14799,3978,18777,131
2022-07-14,Merced,047,269075,68123,67416,10223,77639,833
2022-07-14,Modoc,049,8938,829,799,306,1105,9
2022-07-14,Mono,051,14174,3138,3131,207,3338,7
2022-07-14,Monterey,053,433212,88612,88118,18013,106131,747
2022-07-14,Napa,055,140530,30290,30176,1310,31486,145
2022-07-14,Nevada,057,99092,18012,17941,1582,19523,131
2022-07-14,Orange,059,3164182,623717,620414,53953,674367,7161
2022-07-14,Placer,061,380077,71631,71232,8815,80047,637
2022-07-14,Plumas,063,18699,3427,3406,416,3822,13
2022-07-14,Riverside,065,2383286,651680,647328,31797,679125,6508
2022-07-14,Sacramento,067,1510023,324580,322788,31380,354168,3119
2022-07-14,San Benito,069,59416,15021,14869,795,15664,100
2022-07-14,San Bernardino,071,2135413,628561,618482,27877,646359,7914
2022-07-14,San Diego,073,3302833,862900,857262,65186,922448,5370
2022-07-14,San Francisco,075,870044,165890,164853,11028,175881,928
2022-07-14,San Joaquin,077,732212,185590,184187,12652,196839,2262
2022-07-14,San Luis Obispo,079,281455,59785,59437,6077,65514,499
2022-07-14,San Mateo,081,765935,156525,154961,9739,164700,723
2022-07-14,Santa Barbara,083,443738,98165,97600,5841,103441,702
2022-07-14,Santa Clara,085,1922200,402557,395466,17314,412780,2371
2022-07-14,Santa Cruz,087,273765,58031,57531,2980,60511,267
2022-07-14,Shasta,089,179085,33081,32871,6790,39661,575
2022-07-14,Sierra,091,2930,293,291,58,349,4
2022-07-14,Siskiyou,093,43540,4869,4899,3077,7976,83
2022-07-14,Solano,095,438530,98083,96974,7138,104112,457
2022-07-14,Sonoma,097,501317,100321,99679,4660,104339,499
2022-07-14,Stanislaus,099,539301,129186,128436,19869,148305,1692
2022-07-14,Sutter,101,95872,22513,22452,2352,24804,228
2022-07-14,Tehama,103,63373,12939,12860,2824,15684,205
2022-07-14,Trinity,105,12862,1321,1304,328,1632,20
2022-07-14,Tulare,107,460477,114770,114399,31621,146020,1510
2022-07-14,Tuolumne,109,53932,14416,14280,828,15108,196
2022-07-14,Ventura,111,848112,195080,193965,13077,207042,1519
2022-07-14,Yolo,113,214977,44920,44703,3735,48438,324
2022-07-14,Yuba,115,75493,17617,17567,1505,19072,124
2022-07-13,Alameda,001,1643700,320547,316026,17861,333887,1911
2022-07-13,Alpine,003,1148,130,129,1,130,0
2022-07-13,Amador,005,37829,9474,9388,813,10201,87
2022-07-13,Butte,007,227075,36915,36405,8243,44648,439
2022-07-13,Calaveras,009,45235,8013,7945,437,8382,125
2022-07-13,Colusa,011,21464,3624,3606,1157,4763,22
2022-07-13,Contra Costa,013,1133247,233204,226833,18327,245160,1356
2022-07-13,Del Norte,015,27424,6970,6790,354,7144,54
2022-07-13,El Dorado,017,186661,30556,30273,3899,34172,218
2022-07-13,Fresno,019,978130,255981,252573,27801,280374,2786
2022-07-13,Glenn,021,27897,5306,5256,1763,7019,48
2022-07-13,Humboldt,023,135768,20093,19854,4173,24027,150
2022-07-13,Imperial,025,180216,60997,60011,12876,72887,944
2022-07-13,Inyo,027,18085,4354,4324,738,5062,56
2022-07-13,Kern,029,883053,207433,205428,54088,259516,2359
2022-07-13,Kings,031,150075,55581,55138,3735,58873,449
2022-07-13,Lake,033,64148,11868,11773,1045,12818,140
2022-07-13,Lassen,035,31185,9436,9381,943,10324,64
2022-07-13,Los Angeles,037,10098052,3064164,3024953,155631,3180584,32206
2022-07-13,Madera,039,155013,40715,40378,7069,47447,372
2022-07-13,Marin,041,260295,42087,41616,4770,46386,300
2022-07-13,Mariposa,043,17540,2887,2847,294,3141,30
2022-07-13,Mendocino,045,87422,14892,14713,3961,18674,128
2022-07-13,Merced,047,269075,67989,67028,10192,77220,832
2022-07-13,Modoc,049,8938,828,791,305,1096,9
2022-07-13,Mono,051,14174,3137,3131,203,3334,7
2022-07-13,Monterey,053,433212,88469,87575,17936,105511,745
2022-07-13,Napa,055,140530,30251,30032,1308,31340,145
2022-07-13,Nevada,057,99092,17994,17849,1574,19423,131
2022-07-13,Orange,059,3164182,622337,616278,53703,669981,7147
2022-07-13,Placer,061,380077,71523,70890,8801,79691,637
2022-07-13,Plumas,063,18699,3419,3354,415,3769,13
2022-07-13,Riverside,065,2383286,650471,643472,31700,675172,6504
2022-07-13,Sacramento,067,1510023,324050,321076,31340,352416,3114
2022-07-13,San Benito,069,59416,14994,14774,789,15563,100
2022-07-13,San Bernardino,071,2135413,627375,614957,27780,642737,7907
2022-07-13,San Diego,073,3302833,860996,851596,64953,916549,5363
2022-07-13,San Francisco,075,870044,165485,163635,11000,174635,919
2022-07-13,San Joaquin,077,732212,185262,183283,12608,195891,2260
2022-07-13,San Luis Obispo,079,281455,59679,59134,6029,65163,498
2022-07-13,San Mateo,081,765935,156182,153875,9722,163597,723
2022-07-13,Santa Barbara,083,443738,97986,97053,5828,102881,699
2022-07-13,Santa Clara,085,1922200,401665,392415,17273,409688,2365
2022-07-13,Santa Cruz,087,273765,57895,57124,2973,60097,267
2022-07-13,Shasta,089,179085,33023,32708,6775,39483,574
2022-07-13,Sierra,091,2930,293,289,58,347,4
2022-07-13,Siskiyou,093,43540,4864,4873,3075,7948,82
2022-07-13,Solano,095,438530,97878,96479,7112,103591,455
2022-07-13,Sonoma,097,501317,100163,99173,4643,103816,499
2022-07-13,Stanislaus,099,539301,128988,127845,19811,147656,1689
2022-07-13,Sutter,101,95872,22467,22331,2350,24681,228
2022-07-13,Tehama,103,63373,12926,12793,2821,15614,205
2022-07-13,Trinity,105,12862,1320,1293,326,1619,20
2022-07-13,Tulare,107,460477,114577,113830,31527,145357,1508
2022-07-13,Tuolumne,109,53932,14391,14159,823,14982,194
2022-07-13,Ventura,111,848112,194743,192923,12994,205917,1518
2022-07-13,Yolo,113,214977,44859,44447,3725,48172,326
2022-07-13,Yuba,115,75493,17590,17464,1497,18961,124
2022-07-12,Alameda,001,1643700,319773,316026,17817,333843,1911
2022-07-12,Alpine,003,1148,130,129,1,130,0
2022-07-12,Amador,005,37829,9441,9388,806,10194,87
2022-07-12,Butte,007,227075,36858,36405,8224,44629,439
2022-07-12,Calaveras,009,45235,7998,7945,435,8380,125
2022-07-12,Colusa,011,21464,3622,3606,1154,4760,22
2022-07-12,Contra Costa,013,1133247,232701,226833,18251,245084,1356
2022-07-12,Del Norte,015,27424,6923,6790,351,7141,54
2022-07-12,El Dorado,017,186661,30516,30273,3893,34166,218
2022-07-12,Fresno,019,978130,255434,252573,27710,280283,2786
2022-07-12,Glenn,021,27897,5302,5256,1759,7015,48
2022-07-12,Humboldt,023,135768,20043,19854,4156,24010,150
2022-07-12,Imperial,025,180216,60821,60011,12776,72787,944
2022-07-12,Inyo,027,18085,4346,4324,738,5062,56
2022-07-12,Kern,029,883053,207103,205428,53867,259295,2359
2022-07-12,Kings,031,150075,55470,55138,3725,58863,449
2022-07-12,Lake,033,64148,11856,11773,1040,12813,140
2022-07-12,Lassen,035,31185,9422,9381,937,10318,64
2022-07-12,Los Angeles,037,10098052,3057352,3024953,154932,3179885,32206
2022-07-12,Madera,039,155013,40629,40378,7054,47432,372
2022-07-12,Marin,041,260295,42012,41616,4761,46377,300
2022-07-12,Mariposa,043,17540,2876,2847,294,3141,30
2022-07-12,Mendocino,045,87422,14852,14713,3937,18650,128
2022-07-12,Merced,047,269075,67879,67028,10159,77187,832
2022-07-12,Modoc,049,8938,826,791,302,1093,9
2022-07-12,Mono,051,14174,3134,3131,203,3334,7
2022-07-12,Monterey,053,433212,88316,87575,17848,105423,745
2022-07-12,Napa,055,140530,30197,30032,1305,31337,145
2022-07-12,Nevada,057,99092,17972,17849,1567,19416,131
2022-07-12,Orange,059,3164182,620930,616278,53441,669719,7147
2022-07-12,Placer,061,380077,71413,70890,8786,79676,637
2022-07-12,Plumas,063,18699,3413,3354,414,3768,13
2022-07-12,Riverside,065,2383286,649188,643472,31605,675077,6504
2022-07-12,Sacramento,067,1510023,323451,321076,31299,352375,3114
2022-07-12,San Benito,069,59416,14948,14774,783,15557,100
2022-07-12,San Bernardino,071,2135413,626048,614957,27692,642649,7907
2022-07-12,San Diego,073,3302833,858639,851596,64719,916315,5363
2022-07-12,San Francisco,075,870044,165077,163635,10976,174611,919
2022-07-12,San Joaquin,077,732212,184950,183283,12550,195833,2260
2022-07-12,San Luis Obispo,079,281455,59601,59134,5999,65133,498
2022-07-12,San Mateo,081,765935,155783,153875,9703,163578,723
2022-07-12,Santa Barbara,083,443738,97771,97053,5811,102864,699
2022-07-12,Santa Clara,085,1922200,400701,392415,17230,409645,2365
2022-07-12,Santa Cruz,087,273765,57758,57124,2964,60088,267
2022-07-12,Shasta,089,179085,32960,32708,6756,39464,574
2022-07-12,Sierra,091,2930,292,289,58,347,4
2022-07-12,Siskiyou,093,43540,4855,4873,3073,7946,82
2022-07-12,Solano,095,438530,97662,96479,7087,103566,455
2022-07-12,Sonoma,097,501317,100000,99173,4615,103788,499
2022-07-12,Stanislaus,099,539301,128740,127845,19772,147617,1689
2022-07-12,Sutter,101,95872,22433,22331,2348,24679,228
2022-07-12,Tehama,103,63373,12906,12793,2814,15607,205
2022-07-12,Trinity,105,12862,1312,1293,326,1619,20
2022-07-12,Tulare,107,460477,114384,113830,31427,145257,1508
2022-07-12,Tuolumne,109,53932,14357,14159,819,14978,194
2022-07-12,Ventura,111,848112,194411,192923,12894,205817,1518
2022-07-12,Yolo,113,214977,44789,44447,3717,48164,326
2022-07-12,Yuba,115,75493,17562,17464,1484,18948,124
2022-07-11,Alameda,001,1643700,318860,316026,17757,333783,1911
2022-07-11,Alpine,003,1148,130,129,1,130,0
2022-07-11,Amador,005,37829,9433,9388,800,10188,87
2022-07-11,Butte,007,227075,36798,36405,8205,44610,439
2022-07-11,Calaveras,009,45235,7982,7945,433,8378,125
2022-07-11,Colusa,011,21464,3618,3606,1151,4757,22
2022-07-11,Contra Costa,013,1133247,232223,226833,18191,245024,1356
2022-07-11,Del Norte,015,27424,6892,6790,341,7131,54
2022-07-11,El Dorado,017,186661,30459,30273,3882,34155,218
2022-07-11,Fresno,019,978130,254761,252573,27627,280200,2786
2022-07-11,Glenn,021,27897,5299,5256,1757,7013,48
2022-07-11,Humboldt,023,135768,19984,19854,4137,23991,150
2022-07-11,Imperial,025,180216,60662,60011,12665,72676,944
2022-07-11,Inyo,027,18085,4343,4324,734,5058,56
2022-07-11,Kern,029,883053,206765,205428,53661,259089,2359
2022-07-11,Kings,031,150075,55322,55138,3715,58853,449
2022-07-11,Lake,033,64148,11830,11773,1038,12811,140
2022-07-11,Lassen,035,31185,9416,9381,937,10318,64
2022-07-11,Los Angeles,037,10098052,3050206,3024953,154137,3179090,32206
2022-07-11,Madera,039,155013,40543,40378,7009,47387,372
2022-07-11,Marin,041,260295,41923,41616,4752,46368,300
2022-07-11,Mariposa,043,17540,2868,2847,292,3139,30
2022-07-11,Mendocino,045,87422,14813,14713,3923,18636,128
2022-07-11,Merced,047,269075,67754,67028,10124,77152,832
2022-07-11,Modoc,049,8938,820,791,300,1091,9
2022-07-11,Mono,051,14174,3134,3131,202,3333,7
2022-07-11,Monterey,053,433212,88147,87575,17782,105357,745
2022-07-11,Napa,055,140530,30136,30032,1305,31337,145
2022-07-11,Nevada,057,99092,17955,17849,1565,19414,131
2022-07-11,Orange,059,3164182,619351,616278,53178,669456,7147
2022-07-11,Placer,061,380077,71304,70890,8771,79661,637
2022-07-11,Plumas,063,18699,3402,3354,412,3766,13
2022-07-11,Riverside,065,2383286,647752,643472,31520,674992,6504
2022-07-11,Sacramento,067,1510023,322904,321076,31253,352329,3114
2022-07-11,San Benito,069,59416,14911,14774,780,15554,100
2022-07-11,San Bernardino,071,2135413,624671,614957,27601,642558,7907
2022-07-11,San Diego,073,3302833,856262,851596,64474,916070,5363
2022-07-11,San Francisco,075,870044,164649,163635,10948,174583,919
2022-07-11,San Joaquin,077,732212,184570,183283,12503,195786,2260
2022-07-11,San Luis Obispo,079,281455,59492,59134,5967,65101,498
2022-07-11,San Mateo,081,765935,155379,153875,9670,163545,723
2022-07-11,Santa Barbara,083,443738,97562,97053,5798,102851,699
2022-07-11,Santa Clara,085,1922200,399632,392415,17171,409586,2365
2022-07-11,Santa Cruz,087,273765,57608,57124,2950,60074,267
2022-07-11,Shasta,089,179085,32902,32708,6726,39434,574
2022-07-11,Sierra,091,2930,292,289,58,347,4
2022-07-11,Siskiyou,093,43540,4849,4873,3066,7939,82
2022-07-11,Solano,095,438530,97449,96479,7069,103548,455
2022-07-11,Sonoma,097,501317,99806,99173,4595,103768,499
2022-07-11,Stanislaus,099,539301,128515,127845,19732,147577,1689
2022-07-11,Sutter,101,95872,22391,22331,2341,24672,228
2022-07-11,Tehama,103,63373,12892,12793,2807,15600,205
2022-07-11,Trinity,105,12862,1310,1293,325,1618,20
2022-07-11,Tulare,107,460477,114197,113830,31322,145152,1508
2022-07-11,Tuolumne,109,53932,14317,14159,817,14976,194
2022-07-11,Ventura,111,848112,194015,192923,12806,205729,1518
2022-07-11,Yolo,113,214977,44723,44447,3702,48149,326
2022-07-11,Yuba,115,75493,17526,17464,1481,18945,124
2022-07-10,Alameda,001,1643700,317860,312651,17677,330328,1912
2022-07-10,Alpine,003,1148,130,129,1,130,0
2022-07-10,Amador,005,37829,9423,9335,797,10132,87
2022-07-10,Butte,007,227075,36698,36165,8183,44348,438
2022-07-10,Calaveras,009,45235,7973,7895,432,8327,125
2022-07-10,Colusa,011,21464,3614,3586,1143,4729,22
2022-07-10,Contra Costa,013,1133247,231611,224718,18097,242815,1351
2022-07-10,Del Norte,015,27424,6852,6666,335,7001,54
2022-07-10,El Dorado,017,186661,30375,30070,3874,33944,218
2022-07-10,Fresno,019,978130,254085,250379,27533,277912,2786
2022-07-10,Glenn,021,27897,5294,5231,1753,6984,48
2022-07-10,Humboldt,023,135768,19925,19677,4123,23800,149
2022-07-10,Imperial,025,180216,60438,59558,12525,72083,944
2022-07-10,Inyo,027,18085,4338,4297,728,5025,56
2022-07-10,Kern,029,883053,206250,204128,53408,257536,2359
2022-07-10,Kings,031,150075,55146,54725,3709,58434,449
2022-07-10,Lake,033,64148,11805,11685,1035,12720,140
2022-07-10,Lassen,035,31185,9401,9362,935,10297,64
2022-07-10,Los Angeles,037,10098052,3042900,3002013,153313,3155326,32151
2022-07-10,Madera,039,155013,40435,40081,6975,47056,372
2022-07-10,Marin,041,260295,41826,41271,4743,46014,302
2022-07-10,Mariposa,043,17540,2861,2805,288,3093,30
2022-07-10,Mendocino,045,87422,14783,14610,3906,18516,128
2022-07-10,Merced,047,269075,67597,66616,10067,76683,832
2022-07-10,Modoc,049,8938,819,789,292,1081,9
2022-07-10,Mono,051,14174,3133,3119,200,3319,7
2022-07-10,Monterey,053,433212,87954,87002,17705,104707,745
2022-07-10,Napa,055,140530,30073,29807,1303,31110,145
2022-07-10,Nevada,057,99092,17894,17693,1556,19249,131
2022-07-10,Orange,059,3164182,617652,610975,52854,663829,7132
2022-07-10,Placer,061,380077,71187,70401,8752,79153,632
2022-07-10,Plumas,063,18699,3389,3339,408,3747,13
2022-07-10,Riverside,065,2383286,646159,638193,31389,669582,6506
2022-07-10,Sacramento,067,1510023,322199,318556,31176,349732,3108
2022-07-10,San Benito,069,59416,14875,14628,769,15397,100
2022-07-10,San Bernardino,071,2135413,623209,610086,27520,637606,7893
2022-07-10,San Diego,073,3302833,853770,844085,64203,908288,5357
2022-07-10,San Francisco,075,870044,164100,161931,10875,172806,914
2022-07-10,San Joaquin,077,732212,184193,181958,12442,194400,2257
2022-07-10,San Luis Obispo,079,281455,59371,58636,5928,64564,498
2022-07-10,San Mateo,081,765935,154910,152319,9643,161962,723
2022-07-10,Santa Barbara,083,443738,97329,96266,5772,102038,697
2022-07-10,Santa Clara,085,1922200,398496,388270,17108,405378,2360
2022-07-10,Santa Cruz,087,273765,57418,56455,2933,59388,266
2022-07-10,Shasta,089,179085,32835,32536,6702,39238,576
2022-07-10,Sierra,091,2930,290,291,58,349,4
2022-07-10,Siskiyou,093,43540,4846,4855,3053,7908,82
2022-07-10,Solano,095,438530,97199,95651,7036,102687,455
2022-07-10,Sonoma,097,501317,99603,98430,4563,102993,496
2022-07-10,Stanislaus,099,539301,128275,126897,19685,146582,1686
2022-07-10,Sutter,101,95872,22342,22165,2340,24505,228
2022-07-10,Tehama,103,63373,12865,12716,2794,15510,205
2022-07-10,Trinity,105,12862,1304,1272,323,1595,20
2022-07-10,Tulare,107,460477,113943,113002,31226,144228,1508
2022-07-10,Tuolumne,109,53932,14282,14019,809,14828,194
2022-07-10,Ventura,111,848112,193540,191462,12702,204164,1518
2022-07-10,Yolo,113,214977,44645,44152,3687,47839,323
2022-07-10,Yuba,115,75493,17487,17345,1479,18824,125
2022-07-09,Alameda,001,1643700,317373,312651,17653,330304,1912
2022-07-09,Alpine,003,1148,130,129,1,130,0
2022-07-09,Amador,005,37829,9415,9335,795,10130,87
2022-07-09,Butte,007,227075,36652,36165,8169,44334,438
2022-07-09,Calaveras,009,45235,7958,7895,431,8326,125
2022-07-09,Colusa,011,21464,3613,3586,1142,4728,22
2022-07-09,Contra Costa,013,1133247,231303,224718,18038,242756,1351
2022-07-09,Del Norte,015,27424,6844,6666,335,7001,54
2022-07-09,El Dorado,017,186661,30332,30070,3869,33939,218
2022-07-09,Fresno,019,978130,253823,250379,27493,277872,2786
2022-07-09,Glenn,021,27897,5287,5231,1753,6984,48
2022-07-09,Humboldt,023,135768,19907,19677,4113,23790,149
2022-07-09,Imperial,025,180216,60359,59558,12472,72030,944
2022-07-09,Inyo,027,18085,4333,4297,727,5024,56
2022-07-09,Kern,029,883053,206068,204128,53265,257393,2359
2022-07-09,Kings,031,150075,55107,54725,3707,58432,449
2022-07-09,Lake,033,64148,11797,11685,1034,12719,140
2022-07-09,Lassen,035,31185,9400,9362,935,10297,64
2022-07-09,Los Angeles,037,10098052,3039396,3002013,152819,3154832,32151
2022-07-09,Madera,039,155013,40395,40081,6967,47048,372
2022-07-09,Marin,041,260295,41770,41271,4732,46003,302
2022-07-09,Mariposa,043,17540,2856,2805,288,3093,30
2022-07-09,Mendocino,045,87422,14768,14610,3896,18506,128
2022-07-09,Merced,047,269075,67545,66616,10062,76678,832
2022-07-09,Modoc,049,8938,819,789,288,1077,9
2022-07-09,Mono,051,14174,3132,3119,200,3319,7
2022-07-09,Monterey,053,433212,87856,87002,17656,104658,745
2022-07-09,Napa,055,140530,30041,29807,1300,31107,145
2022-07-09,Nevada,057,99092,17882,17693,1552,19245,131
2022-07-09,Orange,059,3164182,616791,610975,52678,663653,7132
2022-07-09,Placer,061,380077,71098,70401,8744,79145,632
2022-07-09,Plumas,063,18699,3382,3339,406,3745,13
2022-07-09,Riverside,065,2383286,645262,638193,31334,669527,6506
2022-07-09,Sacramento,067,1510023,321897,318556,31157,349713,3108
2022-07-09,San Benito,069,59416,14855,14628,768,15396,100
2022-07-09,San Bernardino,071,2135413,622490,610086,27469,637555,7893
2022-07-09,San Diego,073,3302833,852862,844085,64115,908200,5357
2022-07-09,San Francisco,075,870044,163871,161931,10854,172785,914
2022-07-09,San Joaquin,077,732212,184025,181958,12413,194371,2257
2022-07-09,San Luis Obispo,079,281455,59314,58636,5909,64545,498
2022-07-09,San Mateo,081,765935,154665,152319,9628,161947,723
2022-07-09,Santa Barbara,083,443738,97196,96266,5762,102028,697
2022-07-09,Santa Clara,085,1922200,397760,388270,17079,405349,2360
2022-07-09,Santa Cruz,087,273765,57341,56455,2924,59379,266
2022-07-09,Shasta,089,179085,32813,32536,6692,39228,576
2022-07-09,Sierra,091,2930,290,291,58,349,4
2022-07-09,Siskiyou,093,43540,4843,4855,3051,7906,82
2022-07-09,Solano,095,438530,97114,95651,7021,102672,455
2022-07-09,Sonoma,097,501317,99518,98430,4557,102987,496
2022-07-09,Stanislaus,099,539301,128112,126897,19654,146551,1686
2022-07-09,Sutter,101,95872,22314,22165,2340,24505,228
2022-07-09,Tehama,103,63373,12849,12716,2785,15501,205
2022-07-09,Trinity,105,12862,1304,1272,322,1594,20
2022-07-09,Tulare,107,460477,113833,113002,31168,144170,1508
2022-07-09,Tuolumne,109,53932,14244,14019,807,14826,194
2022-07-09,Ventura,111,848112,193278,191462,12655,204117,1518
2022-07-09,Yolo,113,214977,44595,44152,3673,47825,323
2022-07-09,Yuba,115,75493,17464,17345,1479,18824,125
2022-07-08,Alameda,001,1643700,316850,312651,17610,330261,1912
2022-07-08,Alpine,003,1148,130,129,1,130,0
2022-07-08,Amador,005,37829,9405,9335,793,10128,87
2022-07-08,Butte,007,227075,36621,36165,8155,44320,438
2022-07-08,Calaveras,009,45235,7943,7895,431,8326,125
2022-07-08,Colusa,011,21464,3609,3586,1142,4728,22
2022-07-08,Contra Costa,013,1133247,230952,224718,17988,242706,1351
2022-07-08,Del Norte,015,27424,6833,6666,333,6999,54
2022-07-08,El Dorado,017,186661,30307,30070,3862,33932,218
2022-07-08,Fresno,019,978130,253454,250379,27440,277819,2786
2022-07-08,Glenn,021,27897,5282,5231,1750,6981,48
2022-07-08,Humboldt,023,135768,19894,19677,4102,23779,149
2022-07-08,Imperial,025,180216,60271,59558,12432,71990,944
2022-07-08,Inyo,027,18085,4332,4297,723,5020,56
2022-07-08,Kern,029,883053,205822,204128,53126,257254,2359
2022-07-08,Kings,031,150075,55065,54725,3706,58431,449
2022-07-08,Lake,033,64148,11780,11685,1031,12716,140
2022-07-08,Lassen,035,31185,9394,9362,934,10296,64
2022-07-08,Los Angeles,037,10098052,3035120,3002013,152236,3154249,32151
2022-07-08,Madera,039,155013,40341,40081,6953,47034,372
2022-07-08,Marin,041,260295,41684,41271,4716,45987,302
2022-07-08,Mariposa,043,17540,2853,2805,287,3092,30
2022-07-08,Mendocino,045,87422,14750,14610,3892,18502,128
2022-07-08,Merced,047,269075,67477,66616,10052,76668,832
2022-07-08,Modoc,049,8938,819,789,288,1077,9
2022-07-08,Mono,051,14174,3130,3119,199,3318,7
2022-07-08,Monterey,053,433212,87728,87002,17626,104628,745
2022-07-08,Napa,055,140530,30017,29807,1299,31106,145
2022-07-08,Nevada,057,99092,17874,17693,1550,19243,131
2022-07-08,Orange,059,3164182,615890,610975,52488,663463,7132
2022-07-08,Placer,061,380077,71023,70401,8730,79131,632
2022-07-08,Plumas,063,18699,3377,3339,406,3745,13
2022-07-08,Riverside,065,2383286,644350,638193,31276,669469,6506
2022-07-08,Sacramento,067,1510023,321458,318556,31133,349689,3108
2022-07-08,San Benito,069,59416,14838,14628,765,15393,100
2022-07-08,San Bernardino,071,2135413,621733,610086,27426,637512,7893
2022-07-08,San Diego,073,3302833,851609,844085,63949,908034,5357
2022-07-08,San Francisco,075,870044,163606,161931,10827,172758,914
2022-07-08,San Joaquin,077,732212,183852,181958,12396,194354,2257
2022-07-08,San Luis Obispo,079,281455,59278,58636,5894,64530,498
2022-07-08,San Mateo,081,765935,154369,152319,9614,161933,723
2022-07-08,Santa Barbara,083,443738,97069,96266,5758,102024,697
2022-07-08,Santa Clara,085,1922200,396984,388270,17057,405327,2360
2022-07-08,Santa Cruz,087,273765,57253,56455,2916,59371,266
2022-07-08,Shasta,089,179085,32783,32536,6684,39220,576
2022-07-08,Sierra,091,2930,290,291,58,349,4
2022-07-08,Siskiyou,093,43540,4841,4855,3048,7903,82
2022-07-08,Solano,095,438530,96996,95651,7007,102658,455
2022-07-08,Sonoma,097,501317,99369,98430,4540,102970,496
2022-07-08,Stanislaus,099,539301,127974,126897,19641,146538,1686
2022-07-08,Sutter,101,95872,22289,22165,2339,24504,228
2022-07-08,Tehama,103,63373,12837,12716,2783,15499,205
2022-07-08,Trinity,105,12862,1302,1272,321,1593,20
2022-07-08,Tulare,107,460477,113712,113002,31100,144102,1508
2022-07-08,Tuolumne,109,53932,14213,14019,801,14820,194
2022-07-08,Ventura,111,848112,193039,191462,12616,204078,1518
2022-07-08,Yolo,113,214977,44543,44152,3661,47813,323
2022-07-08,Yuba,115,75493,17448,17345,1478,18823,125
2022-07-07,Alameda,001,1643700,316045,312651,17563,330214,1912
2022-07-07,Alpine,003,1148,129,129,1,130,0
2022-07-07,Amador,005,37829,9389,9335,786,10121,87
2022-07-07,Butte,007,227075,36557,36165,8135,44300,438
2022-07-07,Calaveras,009,45235,7934,7895,426,8321,125
2022-07-07,Colusa,011,21464,3604,3586,1141,4727,22
2022-07-07,Contra Costa,013,1133247,230405,224718,17912,242630,1351
2022-07-07,Del Norte,015,27424,6807,6666,329,6995,54
2022-07-07,El Dorado,017,186661,30256,30070,3851,33921,218
2022-07-07,Fresno,019,978130,252904,250379,27336,277715,2786
2022-07-07,Glenn,021,27897,5276,5231,1748,6979,48
2022-07-07,Humboldt,023,135768,19849,19677,4086,23763,149
2022-07-07,Imperial,025,180216,60096,59558,12322,71880,944
2022-07-07,Inyo,027,18085,4328,4297,715,5012,56
2022-07-07,Kern,029,883053,205522,204128,52913,257041,2359
2022-07-07,Kings,031,150075,54988,54725,3702,58427,449
2022-07-07,Lake,033,64148,11759,11685,1031,12716,140
2022-07-07,Lassen,035,31185,9393,9362,934,10296,64
2022-07-07,Los Angeles,037,10098052,3028782,3002013,151548,3153561,32151
2022-07-07,Madera,039,155013,40261,40081,6937,47018,372
2022-07-07,Marin,041,260295,41606,41271,4705,45976,302
2022-07-07,Mariposa,043,17540,2846,2805,284,3089,30
2022-07-07,Mendocino,045,87422,14733,14610,3887,18497,128
2022-07-07,Merced,047,269075,67363,66616,10019,76635,832
2022-07-07,Modoc,049,8938,814,789,285,1074,9
2022-07-07,Mono,051,14174,3129,3119,197,3316,7
2022-07-07,Monterey,053,433212,87568,87002,17563,104565,745
2022-07-07,Napa,055,140530,29947,29807,1291,31098,145
2022-07-07,Nevada,057,99092,17844,17693,1545,19238,131
2022-07-07,Orange,059,3164182,614500,610975,52275,663250,7132
2022-07-07,Placer,061,380077,70913,70401,8705,79106,632
2022-07-07,Plumas,063,18699,3370,3339,405,3744,13
2022-07-07,Riverside,065,2383286,643027,638193,31213,669406,6506
2022-07-07,Sacramento,067,1510023,320822,318556,31082,349638,3108
2022-07-07,San Benito,069,59416,14808,14628,765,15393,100
2022-07-07,San Bernardino,071,2135413,620432,610086,27362,637448,7893
2022-07-07,San Diego,073,3302833,849694,844085,63716,907801,5357
2022-07-07,San Francisco,075,870044,163224,161931,10774,172705,914
2022-07-07,San Joaquin,077,732212,183516,181958,12345,194303,2257
2022-07-07,San Luis Obispo,079,281455,59199,58636,5862,64498,498
2022-07-07,San Mateo,081,765935,154021,152319,9605,161924,723
2022-07-07,Santa Barbara,083,443738,96875,96266,5743,102009,697
2022-07-07,Santa Clara,085,1922200,395995,388270,17004,405274,2360
2022-07-07,Santa Cruz,087,273765,57096,56455,2902,59357,266
2022-07-07,Shasta,089,179085,32748,32536,6667,39203,576
2022-07-07,Sierra,091,2930,289,291,57,348,4
2022-07-07,Siskiyou,093,43540,4835,4855,3043,7898,82
2022-07-07,Solano,095,438530,96722,95651,6994,102645,455
2022-07-07,Sonoma,097,501317,99232,98430,4521,102951,496
2022-07-07,Stanislaus,099,539301,127774,126897,19604,146501,1686
2022-07-07,Sutter,101,95872,22243,22165,2337,24502,228
2022-07-07,Tehama,103,63373,12820,12716,2774,15490,205
2022-07-07,Trinity,105,12862,1297,1272,320,1592,20
2022-07-07,Tulare,107,460477,113504,113002,31007,144009,1508
2022-07-07,Tuolumne,109,53932,14176,14019,796,14815,194
2022-07-07,Ventura,111,848112,192719,191462,12535,203997,1518
2022-07-07,Yolo,113,214977,44486,44152,3648,47800,323
2022-07-07,Yuba,115,75493,17414,17345,1476,18821,125
2022-07-06,Alameda,001,1643700,315212,310551,17519,328070,1899
2022-07-06,Alpine,003,1148,129,129,1,130,0
2022-07-06,Amador,005,37829,9370,9301,786,10087,87
2022-07-06,Butte,007,227075,36493,36053,8119,44172,436
2022-07-06,Calaveras,009,45235,7925,7873,424,8297,124
2022-07-06,Colusa,011,21464,3601,3579,1140,4719,22
2022-07-06,Contra Costa,013,1133247,229889,223500,17857,241357,1348
2022-07-06,Del Norte,015,27424,6777,6623,327,6950,54
2022-07-06,El Dorado,017,186661,30211,29953,3839,33792,218
2022-07-06,Fresno,019,978130,252345,249480,27253,276733,2786
2022-07-06,Glenn,021,27897,5271,5222,1748,6970,48
2022-07-06,Humboldt,023,135768,19802,19608,4075,23683,149
2022-07-06,Imperial,025,180216,59896,59184,12234,71418,944
2022-07-06,Inyo,027,18085,4322,4282,709,4991,56
2022-07-06,Kern,029,883053,205199,203587,52687,256274,2353
2022-07-06,Kings,031,150075,54871,54560,3697,58257,449
2022-07-06,Lake,033,64148,11740,11659,1031,12690,140
2022-07-06,Lassen,035,31185,9376,9350,934,10284,64
2022-07-06,Los Angeles,037,10098052,3022332,2991161,150827,3141988,32116
2022-07-06,Madera,039,155013,40190,39952,6915,46867,372
2022-07-06,Marin,041,260295,41538,41036,4695,45731,302
2022-07-06,Mariposa,043,17540,2836,2797,284,3081,30
2022-07-06,Mendocino,045,87422,14705,14540,3875,18415,127
2022-07-06,Merced,047,269075,67242,66420,9996,76416,832
2022-07-06,Modoc,049,8938,808,788,283,1071,8
2022-07-06,Mono,051,14174,3128,3109,197,3306,7
2022-07-06,Monterey,053,433212,87410,86639,17497,104136,744
2022-07-06,Napa,055,140530,29887,29690,1289,30979,144
2022-07-06,Nevada,057,99092,17815,17660,1539,19199,131
2022-07-06,Orange,059,3164182,612977,608084,52053,660137,7125
2022-07-06,Placer,061,380077,70799,70113,8684,78797,632
2022-07-06,Plumas,063,18699,3359,3316,404,3720,13
2022-07-06,Riverside,065,2383286,641664,636209,31141,667350,6505
2022-07-06,Sacramento,067,1510023,320133,317315,31037,348352,3104
2022-07-06,San Benito,069,59416,14766,14556,754,15310,100
2022-07-06,San Bernardino,071,2135413,619179,608119,27285,635404,7870
2022-07-06,San Diego,073,3302833,847571,839970,63460,903430,5349
2022-07-06,San Francisco,075,870044,162805,160612,10741,171353,910
2022-07-06,San Joaquin,077,732212,183200,181448,12315,193763,2256
2022-07-06,San Luis Obispo,079,281455,59087,58488,5823,64311,496
2022-07-06,San Mateo,081,765935,153615,151344,9575,160919,723
2022-07-06,Santa Barbara,083,443738,96684,95918,5722,101640,702
2022-07-06,Santa Clara,085,1922200,394893,385553,16936,402489,2358
2022-07-06,Santa Cruz,087,273765,56954,56307,2883,59190,267
2022-07-06,Shasta,089,179085,32694,32444,6644,39088,570
2022-07-06,Sierra,091,2930,289,290,57,347,4
2022-07-06,Siskiyou,093,43540,4830,4841,3037,7878,82
2022-07-06,Solano,095,438530,96470,95181,6969,102150,455
2022-07-06,Sonoma,097,501317,99050,98031,4503,102534,495
2022-07-06,Stanislaus,099,539301,127551,126492,19573,146065,1682
2022-07-06,Sutter,101,95872,22192,22089,2336,24425,228
2022-07-06,Tehama,103,63373,12809,12680,2768,15448,205
2022-07-06,Trinity,105,12862,1289,1263,316,1579,20
2022-07-06,Tulare,107,460477,113291,112684,30914,143598,1500
2022-07-06,Tuolumne,109,53932,14143,13960,784,14744,189
2022-07-06,Ventura,111,848112,192336,190794,12460,203254,1517
2022-07-06,Yolo,113,214977,44403,43171,3628,46799,324
2022-07-06,Yuba,115,75493,17376,17277,1470,18747,124
2022-07-05,Alameda,001,1643700,314225,310551,17463,328014,1899
2022-07-05,Alpine,003,1148,129,129,1,130,0
2022-07-05,Amador,005,37829,9355,9301,782,10083,87
2022-07-05,Butte,007,227075,36410,36053,8098,44151,436
2022-07-05,Calaveras,009,45235,7914,7873,423,8296,124
2022-07-05,Colusa,011,21464,3596,3579,1138,4717,22
2022-07-05,Contra Costa,013,1133247,229257,223500,17781,241281,1348
2022-07-05,Del Norte,015,27424,6751,6623,322,6945,54
2022-07-05,El Dorado,017,186661,30161,29953,3830,33783,218
2022-07-05,Fresno,019,978130,251745,249480,27166,276646,2786
2022-07-05,Glenn,021,27897,5262,5222,1747,6969,48
2022-07-05,Humboldt,023,135768,19764,19608,4064,23672,149
2022-07-05,Imperial,025,180216,59755,59184,12135,71319,944
2022-07-05,Inyo,027,18085,4308,4282,699,4981,56
2022-07-05,Kern,029,883053,204762,203587,52443,256030,2353
2022-07-05,Kings,031,150075,54742,54560,3683,58243,449
2022-07-05,Lake,033,64148,11717,11659,1028,12687,140
2022-07-05,Lassen,035,31185,9365,9350,934,10284,64
2022-07-05,Los Angeles,037,10098052,3015404,2991161,150067,3141228,32116
2022-07-05,Madera,039,155013,40105,39952,6890,46842,372
2022-07-05,Marin,041,260295,41437,41036,4685,45721,302
2022-07-05,Mariposa,043,17540,2826,2797,281,3078,30
2022-07-05,Mendocino,045,87422,14659,14540,3859,18399,127
2022-07-05,Merced,047,269075,67122,66420,9965,76385,832
2022-07-05,Modoc,049,8938,800,788,283,1071,8
2022-07-05,Mono,051,14174,3125,3109,194,3303,7
2022-07-05,Monterey,053,433212,87246,86639,17445,104084,744
2022-07-05,Napa,055,140530,29834,29690,1284,30974,144
2022-07-05,Nevada,057,99092,17776,17660,1529,19189,131
2022-07-05,Orange,059,3164182,611427,608084,51806,659890,7125
2022-07-05,Placer,061,380077,70694,70113,8663,78776,632
2022-07-05,Plumas,063,18699,3349,3316,403,3719,13
2022-07-05,Riverside,065,2383286,640197,636209,31054,667263,6505
2022-07-05,Sacramento,067,1510023,319484,317315,30969,348284,3104
2022-07-05,San Benito,069,59416,14732,14556,747,15303,100
2022-07-05,San Bernardino,071,2135413,617851,608119,27207,635326,7870
2022-07-05,San Diego,073,3302833,845225,839970,63225,903195,5349
2022-07-05,San Francisco,075,870044,162282,160612,10715,171327,910
2022-07-05,San Joaquin,077,732212,182838,181448,12242,193690,2256
2022-07-05,San Luis Obispo,079,281455,58928,58488,5781,64269,496
2022-07-05,San Mateo,081,765935,153130,151344,9553,160897,723
2022-07-05,Santa Barbara,083,443738,96460,95918,5693,101611,702
2022-07-05,Santa Clara,085,1922200,393727,385553,16873,402426,2358
2022-07-05,Santa Cruz,087,273765,56779,56307,2867,59174,267
2022-07-05,Shasta,089,179085,32652,32444,6620,39064,570
2022-07-05,Sierra,091,2930,289,290,57,347,4
2022-07-05,Siskiyou,093,43540,4826,4841,3025,7866,82
2022-07-05,Solano,095,438530,96181,95181,6945,102126,455
2022-07-05,Sonoma,097,501317,98805,98031,4485,102516,495
2022-07-05,Stanislaus,099,539301,127310,126492,19531,146023,1682
2022-07-05,Sutter,101,95872,22150,22089,2334,24423,228
2022-07-05,Tehama,103,63373,12784,12680,2764,15444,205
2022-07-05,Trinity,105,12862,1280,1263,314,1577,20
2022-07-05,Tulare,107,460477,113053,112684,30833,143517,1500
2022-07-05,Tuolumne,109,53932,14109,13960,777,14737,189
2022-07-05,Ventura,111,848112,191936,190794,12397,203191,1517
2022-07-05,Yolo,113,214977,44317,43171,3618,46789,324
2022-07-05,Yuba,115,75493,17347,17277,1469,18746,124
2022-07-04,Alameda,001,1643700,313073,310551,17380,327931,1899
2022-07-04,Alpine,003,1148,129,129,1,130,0
2022-07-04,Amador,005,37829,9342,9301,781,10082,87
2022-07-04,Butte,007,227075,36300,36053,8080,44133,436
2022-07-04,Calaveras,009,45235,7904,7873,423,8296,124
2022-07-04,Colusa,011,21464,3592,3579,1136,4715,22
2022-07-04,Contra Costa,013,1133247,228543,223500,17680,241180,1348
2022-07-04,Del Norte,015,27424,6718,6623,318,6941,54
2022-07-04,El Dorado,017,186661,30076,29953,3812,33765,218
2022-07-04,Fresno,019,978130,251103,249480,27035,276515,2786
2022-07-04,Glenn,021,27897,5254,5222,1741,6963,48
2022-07-04,Humboldt,023,135768,19693,19608,4050,23658,149
2022-07-04,Imperial,025,180216,59548,59184,12015,71199,944
2022-07-04,Inyo,027,18085,4305,4282,689,4971,56
2022-07-04,Kern,029,883053,204313,203587,52153,255740,2353
2022-07-04,Kings,031,150075,54592,54560,3679,58239,449
2022-07-04,Lake,033,64148,11704,11659,1026,12685,140
2022-07-04,Lassen,035,31185,9357,9350,933,10283,64
2022-07-04,Los Angeles,037,10098052,3006919,2991161,149149,3140310,32116
2022-07-04,Madera,039,155013,40011,39952,6864,46816,372
2022-07-04,Marin,041,260295,41320,41036,4674,45710,302
2022-07-04,Mariposa,043,17540,2816,2797,276,3073,30
2022-07-04,Mendocino,045,87422,14624,14540,3813,18353,127
2022-07-04,Merced,047,269075,66993,66420,9917,76337,832
2022-07-04,Modoc,049,8938,792,788,279,1067,8
2022-07-04,Mono,051,14174,3123,3109,192,3301,7
2022-07-04,Monterey,053,433212,87052,86639,17375,104014,744
2022-07-04,Napa,055,140530,29769,29690,1280,30970,144
2022-07-04,Nevada,057,99092,17734,17660,1521,19181,131
2022-07-04,Orange,059,3164182,609630,608084,51502,659586,7125
2022-07-04,Placer,061,380077,70519,70113,8633,78746,632
2022-07-04,Plumas,063,18699,3331,3316,402,3718,13
2022-07-04,Riverside,065,2383286,638554,636209,30959,667168,6505
2022-07-04,Sacramento,067,1510023,318706,317315,30878,348193,3104
2022-07-04,San Benito,069,59416,14676,14556,742,15298,100
2022-07-04,San Bernardino,071,2135413,616247,608119,27132,635251,7870
2022-07-04,San Diego,073,3302833,842599,839970,62888,902858,5349
2022-07-04,San Francisco,075,870044,161660,160612,10655,171267,910
2022-07-04,San Joaquin,077,732212,182437,181448,12176,193624,2256
2022-07-04,San Luis Obispo,079,281455,58739,58488,5710,64198,496
2022-07-04,San Mateo,081,765935,152610,151344,9514,160858,723
2022-07-04,Santa Barbara,083,443738,96236,95918,5670,101588,702
2022-07-04,Santa Clara,085,1922200,392228,385553,16805,402358,2358
2022-07-04,Santa Cruz,087,273765,56581,56307,2845,59152,267
2022-07-04,Shasta,089,179085,32575,32444,6591,39035,570
2022-07-04,Sierra,091,2930,289,290,57,347,4
2022-07-04,Siskiyou,093,43540,4820,4841,3019,7860,82
2022-07-04,Solano,095,438530,95832,95181,6909,102090,455
2022-07-04,Sonoma,097,501317,98510,98031,4458,102489,495
2022-07-04,Stanislaus,099,539301,127020,126492,19479,145971,1682
2022-07-04,Sutter,101,95872,22104,22089,2332,24421,228
2022-07-04,Tehama,103,63373,12758,12680,2750,15430,205
2022-07-04,Trinity,105,12862,1275,1263,312,1575,20
2022-07-04,Tulare,107,460477,112815,112684,30721,143405,1500
2022-07-04,Tuolumne,109,53932,14067,13960,773,14733,189
2022-07-04,Ventura,111,848112,191466,190794,12291,203085,1517
2022-07-04,Yolo,113,214977,44223,43171,3600,46771,324
2022-07-04,Yuba,115,75493,17308,17277,1469,18746,124
2022-07-03,Alameda,001,1643700,312516,307672,17351,325023,1898
2022-07-03,Alpine,003,1148,129,129,1,130,0
2022-07-03,Amador,005,37829,9334,9243,778,10021,87
2022-07-03,Butte,007,227075,36286,35846,8073,43919,436
2022-07-03,Calaveras,009,45235,7888,7836,423,8259,124
2022-07-03,Colusa,011,21464,3590,3566,1134,4700,22
2022-07-03,Contra Costa,013,1133247,228190,221545,17648,239193,1343
2022-07-03,Del Norte,015,27424,6709,6543,317,6860,53
2022-07-03,El Dorado,017,186661,30044,29764,3806,33570,217
2022-07-03,Fresno,019,978130,250852,247952,26999,274951,2783
2022-07-03,Glenn,021,27897,5253,5211,1738,6949,48
2022-07-03,Humboldt,023,135768,19671,19516,4041,23557,149
2022-07-03,Imperial,025,180216,59473,58768,11976,70744,944
2022-07-03,Inyo,027,18085,4301,4261,687,4948,56
2022-07-03,Kern,029,883053,204171,202502,51998,254500,2352
2022-07-03,Kings,031,150075,54567,54262,3677,57939,449
2022-07-03,Lake,033,64148,11693,11595,1026,12621,140
2022-07-03,Lassen,035,31185,9354,9336,932,10268,64
2022-07-03,Los Angeles,037,10098052,3004098,2969395,148770,3118165,32089
2022-07-03,Madera,039,155013,39984,39738,6859,46597,372
2022-07-03,Marin,041,260295,41250,40653,4665,45318,297
2022-07-03,Mariposa,043,17540,2812,2780,275,3055,30
2022-07-03,Mendocino,045,87422,14612,14464,3812,18276,127
2022-07-03,Merced,047,269075,66946,66093,9912,76005,832
2022-07-03,Modoc,049,8938,792,787,279,1066,8
2022-07-03,Mono,051,14174,3122,3099,191,3290,7
2022-07-03,Monterey,053,433212,86940,86212,17321,103533,744
2022-07-03,Napa,055,140530,29749,29486,1277,30763,145
2022-07-03,Nevada,057,99092,17715,17546,1514,19060,131
2022-07-03,Orange,059,3164182,609087,603511,51358,654869,7114
2022-07-03,Placer,061,380077,70433,69606,8619,78225,631
2022-07-03,Plumas,063,18699,3324,3294,402,3696,13
2022-07-03,Riverside,065,2383286,637983,632038,30916,662954,6502
2022-07-03,Sacramento,067,1510023,318437,315165,30858,346023,3100
2022-07-03,San Benito,069,59416,14669,14420,741,15161,100
2022-07-03,San Bernardino,071,2135413,615640,604093,27097,631190,7860
2022-07-03,San Diego,073,3302833,841869,834116,62815,896931,5341
2022-07-03,San Francisco,075,870044,161324,158871,10643,169514,910
2022-07-03,San Joaquin,077,732212,182264,180368,12139,192507,2256
2022-07-03,San Luis Obispo,079,281455,58670,58079,5700,63779,489
2022-07-03,San Mateo,081,765935,152304,149812,9497,159309,723
2022-07-03,Santa Barbara,083,443738,96128,95214,5658,100872,699
2022-07-03,Santa Clara,085,1922200,391500,381630,16771,398401,2355
2022-07-03,Santa Cruz,087,273765,56520,55757,2824,58581,267
2022-07-03,Shasta,089,179085,32540,32280,6581,38861,570
2022-07-03,Sierra,091,2930,288,283,57,340,4
2022-07-03,Siskiyou,093,43540,4817,4808,3017,7825,82
2022-07-03,Solano,095,438530,95754,94437,6903,101340,455
2022-07-03,Sonoma,097,501317,98401,97379,4453,101832,495
2022-07-03,Stanislaus,099,539301,126900,125788,19463,145251,1681
2022-07-03,Sutter,101,95872,22083,21935,2331,24266,228
2022-07-03,Tehama,103,63373,12740,12615,2748,15363,205
2022-07-03,Trinity,105,12862,1274,1256,309,1565,20
2022-07-03,Tulare,107,460477,112717,112118,30683,142801,1500
2022-07-03,Tuolumne,109,53932,14044,13886,770,14656,189
2022-07-03,Ventura,111,848112,191255,189493,12270,201763,1517
2022-07-03,Yolo,113,214977,44180,42760,3590,46350,324
2022-07-03,Yuba,115,75493,17294,17168,1468,18636,124
2022-07-02,Alameda,001,1643700,312137,307672,17323,324995,1898
2022-07-02,Alpine,003,1148,129,129,1,130,0
2022-07-02,Amador,005,37829,9318,9243,777,10020,87
2022-07-02,Butte,007,227075,36261,35846,8060,43906,436
2022-07-02,Calaveras,009,45235,7882,7836,423,8259,124
2022-07-02,Colusa,011,21464,3586,3566,1132,4698,22
2022-07-02,Contra Costa,013,1133247,227845,221545,17596,239141,1343
2022-07-02,Del Norte,015,27424,6699,6543,317,6860,53
2022-07-02,El Dorado,017,186661,30010,29764,3802,33566,217
2022-07-02,Fresno,019,978130,250625,247952,26962,274914,2783
2022-07-02,Glenn,021,27897,5248,5211,1737,6948,48
2022-07-02,Humboldt,023,135768,19645,19516,4037,23553,149
2022-07-02,Imperial,025,180216,59393,58768,11955,70723,944
2022-07-02,Inyo,027,18085,4297,4261,685,4946,56
2022-07-02,Kern,029,883053,204018,202502,51837,254339,2352
2022-07-02,Kings,031,150075,54522,54262,3677,57939,449
2022-07-02,Lake,033,64148,11684,11595,1024,12619,140
2022-07-02,Lassen,035,31185,9353,9336,931,10267,64
2022-07-02,Los Angeles,037,10098052,3001337,2969395,148343,3117738,32089
2022-07-02,Madera,039,155013,39954,39738,6855,46593,372
2022-07-02,Marin,041,260295,41188,40653,4648,45301,297
2022-07-02,Mariposa,043,17540,2808,2780,274,3054,30
2022-07-02,Mendocino,045,87422,14584,14464,3812,18276,127
2022-07-02,Merced,047,269075,66887,66093,9903,75996,832
2022-07-02,Modoc,049,8938,792,787,278,1065,8
2022-07-02,Mono,051,14174,3119,3099,191,3290,7
2022-07-02,Monterey,053,433212,86849,86212,17283,103495,744
2022-07-02,Napa,055,140530,29720,29486,1277,30763,145
2022-07-02,Nevada,057,99092,17700,17546,1508,19054,131
2022-07-02,Orange,059,3164182,608435,603511,51201,654712,7114
2022-07-02,Placer,061,380077,70341,69606,8605,78211,631
2022-07-02,Plumas,063,18699,3315,3294,402,3696,13
2022-07-02,Riverside,065,2383286,637389,632038,30871,662909,6502
2022-07-02,Sacramento,067,1510023,318102,315165,30834,345999,3100
2022-07-02,San Benito,069,59416,14650,14420,732,15152,100
2022-07-02,San Bernardino,071,2135413,615106,604093,27062,631155,7860
2022-07-02,San Diego,073,3302833,841062,834116,62749,896865,5341
2022-07-02,San Francisco,075,870044,161040,158871,10619,169490,910
2022-07-02,San Joaquin,077,732212,182131,180368,12113,192481,2256
2022-07-02,San Luis Obispo,079,281455,58621,58079,5686,63765,489
2022-07-02,San Mateo,081,765935,152046,149812,9478,159290,723
2022-07-02,Santa Barbara,083,443738,96001,95214,5647,100861,699
2022-07-02,Santa Clara,085,1922200,390763,381630,16741,398371,2355
2022-07-02,Santa Cruz,087,273765,56461,55757,2813,58570,267
2022-07-02,Shasta,089,179085,32510,32280,6570,38850,570
2022-07-02,Sierra,091,2930,288,283,57,340,4
2022-07-02,Siskiyou,093,43540,4813,4808,3016,7824,82
2022-07-02,Solano,095,438530,95681,94437,6887,101324,455
2022-07-02,Sonoma,097,501317,98296,97379,4445,101824,495
2022-07-02,Stanislaus,099,539301,126781,125788,19447,145235,1681
2022-07-02,Sutter,101,95872,22064,21935,2331,24266,228
2022-07-02,Tehama,103,63373,12717,12615,2747,15362,205
2022-07-02,Trinity,105,12862,1272,1256,308,1564,20
2022-07-02,Tulare,107,460477,112616,112118,30642,142760,1500
2022-07-02,Tuolumne,109,53932,14031,13886,761,14647,189
2022-07-02,Ventura,111,848112,191083,189493,12245,201738,1517
2022-07-02,Yolo,113,214977,44135,42760,3583,46343,324
2022-07-02,Yuba,115,75493,17282,17168,1468,18636,124
2022-07-01,Alameda,001,1643700,311654,307672,17294,324966,1898
2022-07-01,Alpine,003,1148,129,129,1,130,0
2022-07-01,Amador,005,37829,9313,9243,775,10018,87
2022-07-01,Butte,007,227075,36234,35846,8042,43888,436
2022-07-01,Calaveras,009,45235,7871,7836,423,8259,124
2022-07-01,Colusa,011,21464,3583,3566,1132,4698,22
2022-07-01,Contra Costa,013,1133247,227543,221545,17553,239098,1343
2022-07-01,Del Norte,015,27424,6679,6543,315,6858,53
2022-07-01,El Dorado,017,186661,29985,29764,3794,33558,217
2022-07-01,Fresno,019,978130,250338,247952,26907,274859,2783
2022-07-01,Glenn,021,27897,5248,5211,1737,6948,48
2022-07-01,Humboldt,023,135768,19623,19516,4028,23544,149
2022-07-01,Imperial,025,180216,59317,58768,11928,70696,944
2022-07-01,Inyo,027,18085,4290,4261,679,4940,56
2022-07-01,Kern,029,883053,203812,202502,51700,254202,2352
2022-07-01,Kings,031,150075,54489,54262,3673,57935,449
2022-07-01,Lake,033,64148,11673,11595,1023,12618,140
2022-07-01,Lassen,035,31185,9350,9336,931,10267,64
2022-07-01,Los Angeles,037,10098052,2997851,2969395,147827,3117222,32089
2022-07-01,Madera,039,155013,39911,39738,6841,46579,372
2022-07-01,Marin,041,260295,41115,40653,4635,45288,297
2022-07-01,Mariposa,043,17540,2806,2780,273,3053,30
2022-07-01,Mendocino,045,87422,14564,14464,3808,18272,127
2022-07-01,Merced,047,269075,66802,66093,9899,75992,832
2022-07-01,Modoc,049,8938,792,787,277,1064,8
2022-07-01,Mono,051,14174,3111,3099,190,3289,7
2022-07-01,Monterey,053,433212,86766,86212,17252,103464,744
2022-07-01,Napa,055,140530,29676,29486,1277,30763,145
2022-07-01,Nevada,057,99092,17680,17546,1503,19049,131
2022-07-01,Orange,059,3164182,607720,603511,51040,654551,7114
2022-07-01,Placer,061,380077,70274,69606,8585,78191,631
2022-07-01,Plumas,063,18699,3313,3294,402,3696,13
2022-07-01,Riverside,065,2383286,636673,632038,30818,662856,6502
2022-07-01,Sacramento,067,1510023,317720,315165,30817,345982,3100
2022-07-01,San Benito,069,59416,14632,14420,731,15151,100
2022-07-01,San Bernardino,071,2135413,614466,604093,27028,631121,7860
2022-07-01,San Diego,073,3302833,840030,834116,62608,896724,5341
2022-07-01,San Francisco,075,870044,160765,158871,10580,169451,910
2022-07-01,San Joaquin,077,732212,181987,180368,12080,192448,2256
2022-07-01,San Luis Obispo,079,281455,58592,58079,5674,63753,489
2022-07-01,San Mateo,081,765935,151766,149812,9462,159274,723
2022-07-01,Santa Barbara,083,443738,95885,95214,5638,100852,699
2022-07-01,Santa Clara,085,1922200,390061,381630,16705,398335,2355
2022-07-01,Santa Cruz,087,273765,56395,55757,2800,58557,267
2022-07-01,Shasta,089,179085,32490,32280,6560,38840,570
2022-07-01,Sierra,091,2930,288,283,57,340,4
2022-07-01,Siskiyou,093,43540,4813,4808,3014,7822,82
2022-07-01,Solano,095,438530,95511,94437,6870,101307,455
2022-07-01,Sonoma,097,501317,98175,97379,4426,101805,495
2022-07-01,Stanislaus,099,539301,126652,125788,19420,145208,1681
2022-07-01,Sutter,101,95872,22035,21935,2331,24266,228
2022-07-01,Tehama,103,63373,12708,12615,2745,15360,205
2022-07-01,Trinity,105,12862,1271,1256,308,1564,20
2022-07-01,Tulare,107,460477,112519,112118,30599,142717,1500
2022-07-01,Tuolumne,109,53932,14012,13886,754,14640,189
2022-07-01,Ventura,111,848112,190872,189493,12209,201702,1517
2022-07-01,Yolo,113,214977,44100,42760,3568,46328,324
2022-07-01,Yuba,115,75493,17261,17168,1468,18636,124
2022-06-30,Alameda,001,1643700,310829,307672,17239,324911,1898
2022-06-30,Alpine,003,1148,129,129,1,130,0
2022-06-30,Amador,005,37829,9303,9243,772,10015,87
2022-06-30,Butte,007,227075,36184,35846,8025,43871,436
2022-06-30,Calaveras,009,45235,7860,7836,422,8258,124
2022-06-30,Colusa,011,21464,3579,3566,1130,4696,22
2022-06-30,Contra Costa,013,1133247,226993,221545,17482,239027,1343
2022-06-30,Del Norte,015,27424,6662,6543,312,6855,53
2022-06-30,El Dorado,017,186661,29940,29764,3784,33548,217
2022-06-30,Fresno,019,978130,249939,247952,26859,274811,2783
2022-06-30,Glenn,021,27897,5245,5211,1737,6948,48
2022-06-30,Humboldt,023,135768,19586,19516,4022,23538,149
2022-06-30,Imperial,025,180216,59203,58768,11896,70664,944
2022-06-30,Inyo,027,18085,4284,4261,679,4940,56
2022-06-30,Kern,029,883053,203494,202502,51510,254012,2352
2022-06-30,Kings,031,150075,54413,54262,3670,57932,449
2022-06-30,Lake,033,64148,11654,11595,1020,12615,140
2022-06-30,Lassen,035,31185,9347,9336,930,10266,64
2022-06-30,Los Angeles,037,10098052,2992449,2969395,147227,3116622,32089
2022-06-30,Madera,039,155013,39845,39738,6814,46552,372
2022-06-30,Marin,041,260295,41031,40653,4628,45281,297
2022-06-30,Mariposa,043,17540,2799,2780,271,3051,30
2022-06-30,Mendocino,045,87422,14547,14464,3802,18266,127
2022-06-30,Merced,047,269075,66703,66093,9882,75975,832
2022-06-30,Modoc,049,8938,791,787,276,1063,8
2022-06-30,Mono,051,14174,3109,3099,189,3288,7
2022-06-30,Monterey,053,433212,86617,86212,17189,103401,744
2022-06-30,Napa,055,140530,29618,29486,1271,30757,145
2022-06-30,Nevada,057,99092,17652,17546,1496,19042,131
2022-06-30,Orange,059,3164182,606554,603511,50838,654349,7114
2022-06-30,Placer,061,380077,70124,69606,8557,78163,631
2022-06-30,Plumas,063,18699,3308,3294,401,3695,13
2022-06-30,Riverside,065,2383286,635575,632038,30748,662786,6502
2022-06-30,Sacramento,067,1510023,317126,315165,30778,345943,3100
2022-06-30,San Benito,069,59416,14596,14420,728,15148,100
2022-06-30,San Bernardino,071,2135413,613419,604093,26986,631079,7860
2022-06-30,San Diego,073,3302833,838513,834116,62396,896512,5341
2022-06-30,San Francisco,075,870044,160341,158871,10550,169421,910
2022-06-30,San Joaquin,077,732212,181707,180368,12049,192417,2256
2022-06-30,San Luis Obispo,079,281455,58492,58079,5646,63725,489
2022-06-30,San Mateo,081,765935,151344,149812,9431,159243,723
2022-06-30,Santa Barbara,083,443738,95687,95214,5626,100840,699
2022-06-30,Santa Clara,085,1922200,388961,381630,16660,398290,2355
2022-06-30,Santa Cruz,087,273765,56276,55757,2786,58543,267
2022-06-30,Shasta,089,179085,32450,32280,6541,38821,570
2022-06-30,Sierra,091,2930,288,283,57,340,4
2022-06-30,Siskiyou,093,43540,4808,4808,3007,7815,82
2022-06-30,Solano,095,438530,95309,94437,6839,101276,455
2022-06-30,Sonoma,097,501317,98011,97379,4405,101784,495
2022-06-30,Stanislaus,099,539301,126457,125788,19389,145177,1681
2022-06-30,Sutter,101,95872,22002,21935,2329,24264,228
2022-06-30,Tehama,103,63373,12687,12615,2742,15357,205
2022-06-30,Trinity,105,12862,1265,1256,306,1562,20
2022-06-30,Tulare,107,460477,112371,112118,30524,142642,1500
2022-06-30,Tuolumne,109,53932,13993,13886,748,14634,189
2022-06-30,Ventura,111,848112,190528,189493,12134,201627,1517
2022-06-30,Yolo,113,214977,44029,42760,3550,46310,324
2022-06-30,Yuba,115,75493,17233,17168,1462,18630,124
2022-06-29,Alameda,001,1643700,310031,305288,17198,322486,1895
2022-06-29,Alpine,003,1148,129,129,1,130,0
2022-06-29,Amador,005,37829,9296,9205,772,9977,87
2022-06-29,Butte,007,227075,36136,35651,8009,43660,434
2022-06-29,Calaveras,009,45235,7848,7798,419,8217,124
2022-06-29,Colusa,011,21464,3576,3548,1128,4676,22
2022-06-29,Contra Costa,013,1133247,226510,219921,17428,237349,1339
2022-06-29,Del Norte,015,27424,6637,6484,308,6792,53
2022-06-29,El Dorado,017,186661,29882,29549,3768,33317,216
2022-06-29,Fresno,019,978130,249546,246740,26793,273533,2777
2022-06-29,Glenn,021,27897,5244,5192,1735,6927,48
2022-06-29,Humboldt,023,135768,19560,19411,4012,23423,149
2022-06-29,Imperial,025,180216,59084,58498,11849,70347,944
2022-06-29,Inyo,027,18085,4280,4243,674,4917,56
2022-06-29,Kern,029,883053,203209,201537,51327,252864,2343
2022-06-29,Kings,031,150075,54323,54031,3668,57699,448
2022-06-29,Lake,033,64148,11627,11548,1016,12564,140
2022-06-29,Lassen,035,31185,9342,9310,930,10240,64
2022-06-29,Los Angeles,037,10098052,2986816,2955489,146632,3102121,32062
2022-06-29,Madera,039,155013,39794,39554,6805,46359,372
2022-06-29,Marin,041,260295,40927,40397,4622,45019,297
2022-06-29,Mariposa,043,17540,2797,2753,271,3024,30
2022-06-29,Mendocino,045,87422,14518,14383,3786,18169,127
2022-06-29,Merced,047,269075,66609,65733,9870,75603,830
2022-06-29,Modoc,049,8938,789,780,275,1055,8
2022-06-29,Mono,051,14174,3109,3081,187,3268,7
2022-06-29,Monterey,053,433212,86485,85711,17139,102850,743
2022-06-29,Napa,055,140530,29566,29285,1267,30552,144
2022-06-29,Nevada,057,99092,17618,17439,1492,18931,129
2022-06-29,Orange,059,3164182,605391,599951,50664,650615,7095
2022-06-29,Placer,061,380077,69988,69244,8548,77792,629
2022-06-29,Plumas,063,18699,3305,3267,399,3666,13
2022-06-29,Riverside,065,2383286,634518,629035,30681,659716,6493
2022-06-29,Sacramento,067,1510023,316529,313224,30732,343956,3082
2022-06-29,San Benito,069,59416,14560,14302,720,15022,100
2022-06-29,San Bernardino,071,2135413,612426,600960,26890,627850,7825
2022-06-29,San Diego,073,3302833,836786,828907,62162,891069,5336
2022-06-29,San Francisco,075,870044,159847,157419,10515,167934,902
2022-06-29,San Joaquin,077,732212,181413,179476,12011,191487,2252
2022-06-29,San Luis Obispo,079,281455,58357,57783,5608,63391,486
2022-06-29,San Mateo,081,765935,150959,148533,9411,157944,723
2022-06-29,Santa Barbara,083,443738,95536,94683,5615,100298,699
2022-06-29,Santa Clara,085,1922200,387965,378000,16599,394599,2348
2022-06-29,Santa Cruz,087,273765,56151,55432,2772,58204,266
2022-06-29,Shasta,089,179085,32403,32106,6525,38631,570
2022-06-29,Sierra,091,2930,286,283,57,340,4
2022-06-29,Siskiyou,093,43540,4802,4773,3007,7780,82
2022-06-29,Solano,095,438530,95076,92975,6820,99795,455
2022-06-29,Sonoma,097,501317,97828,96854,4393,101247,493
2022-06-29,Stanislaus,099,539301,126281,125189,19359,144548,1674
2022-06-29,Sutter,101,95872,21949,21836,2324,24160,227
2022-06-29,Tehama,103,63373,12668,12561,2741,15302,205
2022-06-29,Trinity,105,12862,1263,1245,305,1550,20
2022-06-29,Tulare,107,460477,112237,111707,30451,142158,1499
2022-06-29,Tuolumne,109,53932,13969,13779,732,14511,189
2022-06-29,Ventura,111,848112,190221,188519,12070,200589,1514
2022-06-29,Yolo,113,214977,43927,42410,3539,45949,323
2022-06-29,Yuba,115,75493,17204,17082,1460,18542,124
2022-06-28,Alameda,001,1643700,309188,305288,17162,322450,1895
2022-06-28,Alpine,003,1148,129,129,1,130,0
2022-06-28,Amador,005,37829,9291,9205,771,9976,87
2022-06-28,Butte,007,227075,36070,35651,7991,43642,434
2022-06-28,Calaveras,009,45235,7836,7798,419,8217,124
2022-06-28,Colusa,011,21464,3575,3548,1127,4675,22
2022-06-28,Contra Costa,013,1133247,225905,219921,17365,237286,1339
2022-06-28,Del Norte,015,27424,6600,6484,306,6790,53
2022-06-28,El Dorado,017,186661,29834,29549,3757,33306,216
2022-06-28,Fresno,019,978130,249112,246740,26737,273477,2777
2022-06-28,Glenn,021,27897,5236,5192,1730,6922,48
2022-06-28,Humboldt,023,135768,19540,19411,4005,23416,149
2022-06-28,Imperial,025,180216,58989,58498,11771,70269,944
2022-06-28,Inyo,027,18085,4274,4243,668,4911,56
2022-06-28,Kern,029,883053,202914,201537,51107,252644,2343
2022-06-28,Kings,031,150075,54242,54031,3663,57694,448
2022-06-28,Lake,033,64148,11616,11548,1014,12562,140
2022-06-28,Lassen,035,31185,9335,9310,930,10240,64
2022-06-28,Los Angeles,037,10098052,2980884,2955489,146021,3101510,32062
2022-06-28,Madera,039,155013,39735,39554,6788,46342,372
2022-06-28,Marin,041,260295,40819,40397,4615,45012,297
2022-06-28,Mariposa,043,17540,2789,2753,269,3022,30
2022-06-28,Mendocino,045,87422,14490,14383,3774,18157,127
2022-06-28,Merced,047,269075,66507,65733,9852,75585,830
2022-06-28,Modoc,049,8938,787,780,274,1054,8
2022-06-28,Mono,051,14174,3102,3081,185,3266,7
2022-06-28,Monterey,053,433212,86360,85711,17092,102803,743
2022-06-28,Napa,055,140530,29498,29285,1264,30549,144
2022-06-28,Nevada,057,99092,17587,17439,1488,18927,129
2022-06-28,Orange,059,3164182,604042,599951,50481,650432,7095
2022-06-28,Placer,061,380077,69826,69244,8539,77783,629
2022-06-28,Plumas,063,18699,3305,3267,398,3665,13
2022-06-28,Riverside,065,2383286,633321,629035,30634,659669,6493
2022-06-28,Sacramento,067,1510023,315855,313224,30671,343895,3082
2022-06-28,San Benito,069,59416,14521,14302,719,15021,100
2022-06-28,San Bernardino,071,2135413,611299,600960,26844,627804,7825
2022-06-28,San Diego,073,3302833,834926,828907,61921,890828,5336
2022-06-28,San Francisco,075,870044,159318,157419,10491,167910,902
2022-06-28,San Joaquin,077,732212,181103,179476,11975,191451,2252
2022-06-28,San Luis Obispo,079,281455,58238,57783,5571,63354,486
2022-06-28,San Mateo,081,765935,150497,148533,9386,157919,723
2022-06-28,Santa Barbara,083,443738,95366,94683,5598,100281,699
2022-06-28,Santa Clara,085,1922200,386849,378000,16541,394541,2348
2022-06-28,Santa Cruz,087,273765,56019,55432,2764,58196,266
2022-06-28,Shasta,089,179085,32356,32106,6512,38618,570
2022-06-28,Sierra,091,2930,286,283,57,340,4
2022-06-28,Siskiyou,093,43540,4796,4773,3001,7774,82
2022-06-28,Solano,095,438530,94806,92975,6802,99777,455
2022-06-28,Sonoma,097,501317,97619,96854,4377,101231,493
2022-06-28,Stanislaus,099,539301,126079,125189,19336,144525,1674
2022-06-28,Sutter,101,95872,21914,21836,2322,24158,227
2022-06-28,Tehama,103,63373,12648,12561,2737,15298,205
2022-06-28,Trinity,105,12862,1260,1245,303,1548,20
2022-06-28,Tulare,107,460477,112051,111707,30377,142084,1499
2022-06-28,Tuolumne,109,53932,13938,13779,726,14505,189
2022-06-28,Ventura,111,848112,189898,188519,11991,200510,1514
2022-06-28,Yolo,113,214977,43816,42410,3533,45943,323
2022-06-28,Yuba,115,75493,17168,17082,1456,18538,124
2022-06-27,Alameda,001,1643700,308253,305288,17110,322398,1895
2022-06-27,Alpine,003,1148,129,129,1,130,0
2022-06-27,Amador,005,37829,9276,9205,769,9974,87
2022-06-27,Butte,007,227075,36016,35651,7971,43622,434
2022-06-27,Calaveras,009,45235,7822,7798,419,8217,124
2022-06-27,Colusa,011,21464,3571,3548,1125,4673,22
2022-06-27,Contra Costa,013,1133247,225224,219921,17301,237222,1339
2022-06-27,Del Norte,015,27424,6580,6484,300,6784,53
2022-06-27,El Dorado,017,186661,29769,29549,3739,33288,216
2022-06-27,Fresno,019,978130,248642,246740,26667,273407,2777
2022-06-27,Glenn,021,27897,5230,5192,1723,6915,48
2022-06-27,Humboldt,023,135768,19505,19411,3993,23404,149
2022-06-27,Imperial,025,180216,58851,58498,11705,70203,944
2022-06-27,Inyo,027,18085,4264,4243,659,4902,56
2022-06-27,Kern,029,883053,202556,201537,50894,252431,2343
2022-06-27,Kings,031,150075,54155,54031,3660,57691,448
2022-06-27,Lake,033,64148,11597,11548,1009,12557,140
2022-06-27,Lassen,035,31185,9326,9310,930,10240,64
2022-06-27,Los Angeles,037,10098052,2974685,2955489,145453,3100942,32062
2022-06-27,Madera,039,155013,39670,39554,6776,46330,372
2022-06-27,Marin,041,260295,40712,40397,4602,44999,297
2022-06-27,Mariposa,043,17540,2780,2753,267,3020,30
2022-06-27,Mendocino,045,87422,14460,14383,3768,18151,127
2022-06-27,Merced,047,269075,66398,65733,9817,75550,830
2022-06-27,Modoc,049,8938,782,780,273,1053,8
2022-06-27,Mono,051,14174,3101,3081,185,3266,7
2022-06-27,Monterey,053,433212,86210,85711,17031,102742,743
2022-06-27,Napa,055,140530,29429,29285,1261,30546,144
2022-06-27,Nevada,057,99092,17557,17439,1474,18913,129
2022-06-27,Orange,059,3164182,602677,599951,50262,650213,7095
2022-06-27,Placer,061,380077,69713,69244,8515,77759,629
2022-06-27,Plumas,063,18699,3300,3267,397,3664,13
2022-06-27,Riverside,065,2383286,632170,629035,30568,659603,6493
2022-06-27,Sacramento,067,1510023,315130,313224,30620,343844,3082
2022-06-27,San Benito,069,59416,14466,14302,716,15018,100
2022-06-27,San Bernardino,071,2135413,610189,600960,26797,627757,7825
2022-06-27,San Diego,073,3302833,833003,828907,61692,890599,5336
2022-06-27,San Francisco,075,870044,158763,157419,10465,167884,902
2022-06-27,San Joaquin,077,732212,180760,179476,11933,191409,2252
2022-06-27,San Luis Obispo,079,281455,58123,57783,5534,63317,486
2022-06-27,San Mateo,081,765935,150020,148533,9352,157885,723
2022-06-27,Santa Barbara,083,443738,95179,94683,5584,100267,699
2022-06-27,Santa Clara,085,1922200,385426,378000,16486,394486,2348
2022-06-27,Santa Cruz,087,273765,55849,55432,2756,58188,266
2022-06-27,Shasta,089,179085,32295,32106,6494,38600,570
2022-06-27,Sierra,091,2930,286,283,57,340,4
2022-06-27,Siskiyou,093,43540,4786,4773,2994,7767,82
2022-06-27,Solano,095,438530,94496,92975,6770,99745,455
2022-06-27,Sonoma,097,501317,97426,96854,4358,101212,493
2022-06-27,Stanislaus,099,539301,125852,125189,19315,144504,1674
2022-06-27,Sutter,101,95872,21874,21836,2319,24155,227
2022-06-27,Tehama,103,63373,12626,12561,2735,15296,205
2022-06-27,Trinity,105,12862,1258,1245,301,1546,20
2022-06-27,Tulare,107,460477,111875,111707,30289,141996,1499
2022-06-27,Tuolumne,109,53932,13903,13779,718,14497,189
2022-06-27,Ventura,111,848112,189518,188519,11929,200448,1514
2022-06-27,Yolo,113,214977,43690,42410,3525,45935,323
2022-06-27,Yuba,115,75493,17140,17082,1453,18535,124
2022-06-26,Alameda,001,1643700,307175,302071,17056,319127,1891
2022-06-26,Alpine,003,1148,129,129,1,130,0
2022-06-26,Amador,005,37829,9237,9135,767,9902,87
2022-06-26,Butte,007,227075,35943,35406,7946,43352,433
2022-06-26,Calaveras,009,45235,7807,7754,416,8170,124
2022-06-26,Colusa,011,21464,3562,3540,1121,4661,22
2022-06-26,Contra Costa,013,1133247,224599,218053,17217,235270,1335
2022-06-26,Del Norte,015,27424,6558,6398,296,6694,52
2022-06-26,El Dorado,017,186661,29685,29313,3714,33027,216
2022-06-26,Fresno,019,978130,248104,245118,26601,271719,2777
2022-06-26,Glenn,021,27897,5225,5178,1720,6898,48
2022-06-26,Humboldt,023,135768,19470,19234,3982,23216,149
2022-06-26,Imperial,025,180216,58705,58127,11612,69739,944
2022-06-26,Inyo,027,18085,4253,4228,646,4874,56
2022-06-26,Kern,029,883053,202248,200556,50682,251238,2344
2022-06-26,Kings,031,150075,54047,53783,3656,57439,448
2022-06-26,Lake,033,64148,11578,11471,1007,12478,140
2022-06-26,Lassen,035,31185,9317,9287,930,10217,64
2022-06-26,Los Angeles,037,10098052,2968098,2936815,144813,3081628,32036
2022-06-26,Madera,039,155013,39601,39319,6756,46075,372
2022-06-26,Marin,041,260295,40591,39979,4581,44560,297
2022-06-26,Mariposa,043,17540,2772,2713,267,2980,30
2022-06-26,Mendocino,045,87422,14431,14292,3741,18033,127
2022-06-26,Merced,047,269075,66267,65408,9790,75198,828
2022-06-26,Modoc,049,8938,781,777,271,1048,8
2022-06-26,Mono,051,14174,3091,3076,185,3261,7
2022-06-26,Monterey,053,433212,86037,85275,16970,102245,743
2022-06-26,Napa,055,140530,29349,29054,1258,30312,144
2022-06-26,Nevada,057,99092,17513,17339,1470,18809,129
2022-06-26,Orange,059,3164182,601192,595761,50053,645814,7090
2022-06-26,Placer,061,380077,69579,68785,8492,77277,628
2022-06-26,Plumas,063,18699,3288,3241,397,3638,13
2022-06-26,Riverside,065,2383286,630946,625794,30511,656305,6493
2022-06-26,Sacramento,067,1510023,314306,310837,30554,341391,3077
2022-06-26,San Benito,069,59416,14421,14192,713,14905,99
2022-06-26,San Bernardino,071,2135413,608980,598062,26738,624800,7803
2022-06-26,San Diego,073,3302833,830821,822848,61519,884367,5332
2022-06-26,San Francisco,075,870044,158132,155609,10413,166022,899
2022-06-26,San Joaquin,077,732212,180383,178447,11888,190335,2252
2022-06-26,San Luis Obispo,079,281455,57988,57472,5483,62955,485
2022-06-26,San Mateo,081,765935,149505,146955,9322,156277,723
2022-06-26,Santa Barbara,083,443738,94971,94017,5556,99573,699
2022-06-26,Santa Clara,085,1922200,384043,373961,16405,390366,2338
2022-06-26,Santa Cruz,087,273765,55692,54874,2747,57621,265
2022-06-26,Shasta,089,179085,32213,31921,6476,38397,570
2022-06-26,Sierra,091,2930,285,283,57,340,4
2022-06-26,Siskiyou,093,43540,4768,4744,2987,7731,81
2022-06-26,Solano,095,438530,94225,92248,6732,98980,455
2022-06-26,Sonoma,097,501317,97192,95981,4322,100303,493
2022-06-26,Stanislaus,099,539301,125651,124493,19286,143779,1672
2022-06-26,Sutter,101,95872,21834,21733,2318,24051,227
2022-06-26,Tehama,103,63373,12609,12510,2729,15239,205
2022-06-26,Trinity,105,12862,1253,1233,299,1532,20
2022-06-26,Tulare,107,460477,111694,111188,30208,141396,1496
2022-06-26,Tuolumne,109,53932,13875,13688,711,14399,189
2022-06-26,Ventura,111,848112,189123,187389,11850,199239,1514
2022-06-26,Yolo,113,214977,43575,41932,3511,45443,323
2022-06-26,Yuba,115,75493,17103,16994,1444,18438,124
2022-06-25,Alameda,001,1643700,306707,302071,17043,319114,1891
2022-06-25,Alpine,003,1148,129,129,1,130,0
2022-06-25,Amador,005,37829,9227,9135,766,9901,87
2022-06-25,Butte,007,227075,35904,35406,7924,43330,433
2022-06-25,Calaveras,009,45235,7798,7754,416,8170,124
2022-06-25,Colusa,011,21464,3557,3540,1121,4661,22
2022-06-25,Contra Costa,013,1133247,224238,218053,17174,235227,1335
2022-06-25,Del Norte,015,27424,6544,6398,293,6691,52
2022-06-25,El Dorado,017,186661,29645,29313,3708,33021,216
2022-06-25,Fresno,019,978130,247872,245118,26575,271693,2777
2022-06-25,Glenn,021,27897,5220,5178,1718,6896,48
2022-06-25,Humboldt,023,135768,19449,19234,3971,23205,149
2022-06-25,Imperial,025,180216,58623,58127,11587,69714,944
2022-06-25,Inyo,027,18085,4251,4228,642,4870,56
2022-06-25,Kern,029,883053,202089,200556,50576,251132,2344
2022-06-25,Kings,031,150075,54010,53783,3656,57439,448
2022-06-25,Lake,033,64148,11569,11471,1006,12477,140
2022-06-25,Lassen,035,31185,9311,9287,928,10215,64
2022-06-25,Los Angeles,037,10098052,2965086,2936815,144429,3081244,32036
2022-06-25,Madera,039,155013,39568,39319,6753,46072,372
2022-06-25,Marin,041,260295,40538,39979,4574,44553,297
2022-06-25,Mariposa,043,17540,2770,2713,267,2980,30
2022-06-25,Mendocino,045,87422,14419,14292,3736,18028,127
2022-06-25,Merced,047,269075,66190,65408,9787,75195,828
2022-06-25,Modoc,049,8938,781,777,271,1048,8
2022-06-25,Mono,051,14174,3086,3076,185,3261,7
2022-06-25,Monterey,053,433212,85936,85275,16941,102216,743
2022-06-25,Napa,055,140530,29318,29054,1254,30308,144
2022-06-25,Nevada,057,99092,17489,17339,1466,18805,129
2022-06-25,Orange,059,3164182,600493,595761,49915,645676,7090
2022-06-25,Placer,061,380077,69482,68785,8472,77257,628
2022-06-25,Plumas,063,18699,3284,3241,397,3638,13
2022-06-25,Riverside,065,2383286,630303,625794,30469,656263,6493
2022-06-25,Sacramento,067,1510023,313997,310837,30527,341364,3077
2022-06-25,San Benito,069,59416,14396,14192,712,14904,99
2022-06-25,San Bernardino,071,2135413,608382,598062,26710,624772,7803
2022-06-25,San Diego,073,3302833,829915,822848,61455,884303,5332
2022-06-25,San Francisco,075,870044,157838,155609,10395,166004,899
2022-06-25,San Joaquin,077,732212,180234,178447,11873,190320,2252
2022-06-25,San Luis Obispo,079,281455,57917,57472,5473,62945,485
2022-06-25,San Mateo,081,765935,149229,146955,9301,156256,723
2022-06-25,Santa Barbara,083,443738,94828,94017,5543,99560,699
2022-06-25,Santa Clara,085,1922200,383191,373961,16376,390337,2338
2022-06-25,Santa Cruz,087,273765,55622,54874,2744,57618,265
2022-06-25,Shasta,089,179085,32175,31921,6462,38383,570
2022-06-25,Sierra,091,2930,285,283,57,340,4
2022-06-25,Siskiyou,093,43540,4765,4744,2984,7728,81
2022-06-25,Solano,095,438530,94140,92248,6711,98959,455
2022-06-25,Sonoma,097,501317,97081,95981,4311,100292,493
2022-06-25,Stanislaus,099,539301,125521,124493,19267,143760,1672
2022-06-25,Sutter,101,95872,21813,21733,2317,24050,227
2022-06-25,Tehama,103,63373,12598,12510,2724,15234,205
2022-06-25,Trinity,105,12862,1252,1233,297,1530,20
2022-06-25,Tulare,107,460477,111612,111188,30170,141358,1496
2022-06-25,Tuolumne,109,53932,13857,13688,708,14396,189
2022-06-25,Ventura,111,848112,188915,187389,11821,199210,1514
2022-06-25,Yolo,113,214977,43512,41932,3505,45437,323
2022-06-25,Yuba,115,75493,17082,16994,1443,18437,124
2022-06-24,Alameda,001,1643700,306136,302071,17008,319079,1891
2022-06-24,Alpine,003,1148,129,129,1,130,0
2022-06-24,Amador,005,37829,9220,9135,764,9899,87
2022-06-24,Butte,007,227075,35874,35406,7910,43316,433
2022-06-24,Calaveras,009,45235,7793,7754,415,8169,124
2022-06-24,Colusa,011,21464,3556,3540,1118,4658,22
2022-06-24,Contra Costa,013,1133247,223896,218053,17148,235201,1335
2022-06-24,Del Norte,015,27424,6533,6398,291,6689,52
2022-06-24,El Dorado,017,186661,29602,29313,3704,33017,216
2022-06-24,Fresno,019,978130,247583,245118,26539,271657,2777
2022-06-24,Glenn,021,27897,5218,5178,1718,6896,48
2022-06-24,Humboldt,023,135768,19418,19234,3966,23200,149
2022-06-24,Imperial,025,180216,58551,58127,11557,69684,944
2022-06-24,Inyo,027,18085,4249,4228,638,4866,56
2022-06-24,Kern,029,883053,201916,200556,50480,251036,2344
2022-06-24,Kings,031,150075,53966,53783,3652,57435,448
2022-06-24,Lake,033,64148,11558,11471,1006,12477,140
2022-06-24,Lassen,035,31185,9308,9287,927,10214,64
2022-06-24,Los Angeles,037,10098052,2961810,2936815,144101,3080916,32036
2022-06-24,Madera,039,155013,39522,39319,6747,46066,372
2022-06-24,Marin,041,260295,40462,39979,4562,44541,297
2022-06-24,Mariposa,043,17540,2763,2713,267,2980,30
2022-06-24,Mendocino,045,87422,14410,14292,3733,18025,127
2022-06-24,Merced,047,269075,66152,65408,9778,75186,828
2022-06-24,Modoc,049,8938,781,777,271,1048,8
2022-06-24,Mono,051,14174,3082,3076,184,3260,7
2022-06-24,Monterey,053,433212,85855,85275,16914,102189,743
2022-06-24,Napa,055,140530,29290,29054,1253,30307,144
2022-06-24,Nevada,057,99092,17473,17339,1460,18799,129
2022-06-24,Orange,059,3164182,599804,595761,49770,645531,7090
2022-06-24,Placer,061,380077,69406,68785,8460,77245,628
2022-06-24,Plumas,063,18699,3280,3241,397,3638,13
2022-06-24,Riverside,065,2383286,629658,625794,30425,656219,6493
2022-06-24,Sacramento,067,1510023,313601,310837,30505,341342,3077
2022-06-24,San Benito,069,59416,14383,14192,711,14903,99
2022-06-24,San Bernardino,071,2135413,607794,598062,26685,624747,7803
2022-06-24,San Diego,073,3302833,828877,822848,61373,884221,5332
2022-06-24,San Francisco,075,870044,157525,155609,10368,165977,899
2022-06-24,San Joaquin,077,732212,180055,178447,11847,190294,2252
2022-06-24,San Luis Obispo,079,281455,57872,57472,5468,62940,485
2022-06-24,San Mateo,081,765935,148896,146955,9288,156243,723
2022-06-24,Santa Barbara,083,443738,94697,94017,5540,99557,699
2022-06-24,Santa Clara,085,1922200,382361,373961,16323,390284,2338
2022-06-24,Santa Cruz,087,273765,55521,54874,2733,57607,265
2022-06-24,Shasta,089,179085,32145,31921,6453,38374,570
2022-06-24,Sierra,091,2930,285,283,57,340,4
2022-06-24,Siskiyou,093,43540,4757,4744,2983,7727,81
2022-06-24,Solano,095,438530,93988,92248,6697,98945,455
2022-06-24,Sonoma,097,501317,96942,95981,4294,100275,493
2022-06-24,Stanislaus,099,539301,125396,124493,19245,143738,1672
2022-06-24,Sutter,101,95872,21798,21733,2316,24049,227
2022-06-24,Tehama,103,63373,12583,12510,2718,15228,205
2022-06-24,Trinity,105,12862,1249,1233,297,1530,20
2022-06-24,Tulare,107,460477,111511,111188,30113,141301,1496
2022-06-24,Tuolumne,109,53932,13838,13688,702,14390,189
2022-06-24,Ventura,111,848112,188688,187389,11792,199181,1514
2022-06-24,Yolo,113,214977,43420,41932,3496,45428,323
2022-06-24,Yuba,115,75493,17064,16994,1443,18437,124
2022-06-23,Alameda,001,1643700,305317,302071,16948,319019,1891
2022-06-23,Alpine,003,1148,129,129,1,130,0
2022-06-23,Amador,005,37829,9211,9135,763,9898,87
2022-06-23,Butte,007,227075,35814,35406,7891,43297,433
2022-06-23,Calaveras,009,45235,7782,7754,414,8168,124
2022-06-23,Colusa,011,21464,3549,3540,1116,4656,22
2022-06-23,Contra Costa,013,1133247,223386,218053,17054,235107,1335
2022-06-23,Del Norte,015,27424,6501,6398,289,6687,52
2022-06-23,El Dorado,017,186661,29544,29313,3692,33005,216
2022-06-23,Fresno,019,978130,247177,245118,26478,271596,2777
2022-06-23,Glenn,021,27897,5215,5178,1709,6887,48
2022-06-23,Humboldt,023,135768,19396,19234,3962,23196,149
2022-06-23,Imperial,025,180216,58477,58127,11504,69631,944
2022-06-23,Inyo,027,18085,4246,4228,635,4863,56
2022-06-23,Kern,029,883053,201634,200556,50324,250880,2344
2022-06-23,Kings,031,150075,53907,53783,3649,57432,448
2022-06-23,Lake,033,64148,11537,11471,1006,12477,140
2022-06-23,Lassen,035,31185,9298,9287,926,10213,64
2022-06-23,Los Angeles,037,10098052,2957144,2936815,143558,3080373,32036
2022-06-23,Madera,039,155013,39460,39319,6732,46051,372
2022-06-23,Marin,041,260295,40348,39979,4538,44517,297
2022-06-23,Mariposa,043,17540,2751,2713,267,2980,30
2022-06-23,Mendocino,045,87422,14381,14292,3729,18021,127
2022-06-23,Merced,047,269075,66074,65408,9762,75170,828
2022-06-23,Modoc,049,8938,780,777,271,1048,8
2022-06-23,Mono,051,14174,3080,3076,183,3259,7
2022-06-23,Monterey,053,433212,85709,85275,16861,102136,743
2022-06-23,Napa,055,140530,29233,29054,1252,30306,144
2022-06-23,Nevada,057,99092,17440,17339,1460,18799,129
2022-06-23,Orange,059,3164182,598792,595761,49588,645349,7090
2022-06-23,Placer,061,380077,69268,68785,8439,77224,628
2022-06-23,Plumas,063,18699,3275,3241,395,3636,13
2022-06-23,Riverside,065,2383286,628737,625794,30376,656170,6493
2022-06-23,Sacramento,067,1510023,312998,310837,30462,341299,3077
2022-06-23,San Benito,069,59416,14352,14192,709,14901,99
2022-06-23,San Bernardino,071,2135413,606999,598062,26651,624713,7803
2022-06-23,San Diego,073,3302833,827406,822848,61174,884022,5332
2022-06-23,San Francisco,075,870044,157063,155609,10335,165944,899
2022-06-23,San Joaquin,077,732212,179778,178447,11820,190267,2252
2022-06-23,San Luis Obispo,079,281455,57783,57472,5436,62908,485
2022-06-23,San Mateo,081,765935,148548,146955,9253,156208,723
2022-06-23,Santa Barbara,083,443738,94532,94017,5512,99529,699
2022-06-23,Santa Clara,085,1922200,381368,373961,16274,390235,2338
2022-06-23,Santa Cruz,087,273765,55410,54874,2721,57595,265
2022-06-23,Shasta,089,179085,32103,31921,6441,38362,570
2022-06-23,Sierra,091,2930,284,283,57,340,4
2022-06-23,Siskiyou,093,43540,4751,4744,2976,7720,81
2022-06-23,Solano,095,438530,93741,92248,6654,98902,455
2022-06-23,Sonoma,097,501317,96745,95981,4274,100255,493
2022-06-23,Stanislaus,099,539301,125215,124493,19214,143707,1672
2022-06-23,Sutter,101,95872,21764,21733,2316,24049,227
2022-06-23,Tehama,103,63373,12574,12510,2715,15225,205
2022-06-23,Trinity,105,12862,1247,1233,297,1530,20
2022-06-23,Tulare,107,460477,111386,111188,30044,141232,1496
2022-06-23,Tuolumne,109,53932,13811,13688,690,14378,189
2022-06-23,Ventura,111,848112,188392,187389,11755,199144,1514
2022-06-23,Yolo,113,214977,43316,41932,3485,45417,323
2022-06-23,Yuba,115,75493,17043,16994,1437,18431,124
2022-06-22,Alameda,001,1643700,304495,299567,16889,316456,1888
2022-06-22,Alpine,003,1148,129,129,1,130,0
2022-06-22,Amador,005,37829,9205,9049,762,9811,87
2022-06-22,Butte,007,227075,35748,35203,7873,43076,433
2022-06-22,Calaveras,009,45235,7770,7716,414,8130,122
2022-06-22,Colusa,011,21464,3546,3529,1116,4645,21
2022-06-22,Contra Costa,013,1133247,222865,216355,16999,233354,1328
2022-06-22,Del Norte,015,27424,6483,6367,288,6655,52
2022-06-22,El Dorado,017,186661,29481,29139,3679,32818,215
2022-06-22,Fresno,019,978130,246755,244129,26423,270552,2772
2022-06-22,Glenn,021,27897,5213,5161,1704,6865,48
2022-06-22,Humboldt,023,135768,19344,19111,3942,23053,148
2022-06-22,Imperial,025,180216,58377,57866,11471,69337,944
2022-06-22,Inyo,027,18085,4241,4222,634,4856,56
2022-06-22,Kern,029,883053,201362,199721,50188,249909,2341
2022-06-22,Kings,031,150075,53843,53568,3645,57213,448
2022-06-22,Lake,033,64148,11520,11426,1000,12426,140
2022-06-22,Lassen,035,31185,9290,9259,924,10183,64
2022-06-22,Los Angeles,037,10098052,2952185,2925667,143099,3068766,32015
2022-06-22,Madera,039,155013,39403,39139,6713,45852,372
2022-06-22,Marin,041,260295,40245,39687,4532,44219,297
2022-06-22,Mariposa,043,17540,2745,2695,264,2959,30
2022-06-22,Mendocino,045,87422,14365,14201,3708,17909,127
2022-06-22,Merced,047,269075,65976,65120,9738,74858,827
2022-06-22,Modoc,049,8938,779,773,267,1040,8
2022-06-22,Mono,051,14174,3079,3073,181,3254,7
2022-06-22,Monterey,053,433212,85582,84752,16818,101570,742
2022-06-22,Napa,055,140530,29163,28894,1248,30142,144
2022-06-22,Nevada,057,99092,17421,17280,1450,18730,129
2022-06-22,Orange,059,3164182,597601,592215,49397,641612,7084
2022-06-22,Placer,061,380077,69152,68447,8429,76876,628
2022-06-22,Plumas,063,18699,3265,3220,395,3615,13
2022-06-22,Riverside,065,2383286,627888,623584,30320,653904,6491
2022-06-22,Sacramento,067,1510023,312371,309105,30428,339533,3071
2022-06-22,San Benito,069,59416,14327,14128,706,14834,99
2022-06-22,San Bernardino,071,2135413,606198,595517,26621,622138,7774
2022-06-22,San Diego,073,3302833,825803,815124,60985,876109,5318
2022-06-22,San Francisco,075,870044,156584,154213,10305,164518,897
2022-06-22,San Joaquin,077,732212,179515,177637,11795,189432,2251
2022-06-22,San Luis Obispo,079,281455,57693,57177,5401,62578,485
2022-06-22,San Mateo,081,765935,148140,145781,9230,155011,723
2022-06-22,Santa Barbara,083,443738,94385,93576,5498,99074,700
2022-06-22,Santa Clara,085,1922200,380276,370678,16164,386842,2340
2022-06-22,Santa Cruz,087,273765,55291,54525,2708,57233,265
2022-06-22,Shasta,089,179085,32058,31786,6426,38212,570
2022-06-22,Sierra,091,2930,284,283,57,340,4
2022-06-22,Siskiyou,093,43540,4744,4711,2973,7684,81
2022-06-22,Solano,095,438530,93492,91528,6588,98116,454
2022-06-22,Sonoma,097,501317,96534,95363,4253,99616,493
2022-06-22,Stanislaus,099,539301,125019,124023,19157,143180,1670
2022-06-22,Sutter,101,95872,21732,21649,2315,23964,227
2022-06-22,Tehama,103,63373,12564,12465,2713,15178,205
2022-06-22,Trinity,105,12862,1245,1223,297,1520,20
2022-06-22,Tulare,107,460477,111252,110768,29964,140732,1496
2022-06-22,Tuolumne,109,53932,13792,13596,684,14280,189
2022-06-22,Ventura,111,848112,188087,186601,11703,198304,1514
2022-06-22,Yolo,113,214977,43197,41689,3474,45163,323
2022-06-22,Yuba,115,75493,17023,16912,1433,18345,124
2022-06-21,Alameda,001,1643700,303696,299567,16853,316420,1888
2022-06-21,Alpine,003,1148,129,129,1,130,0
2022-06-21,Amador,005,37829,9198,9049,759,9808,87
2022-06-21,Butte,007,227075,35676,35203,7861,43064,433
2022-06-21,Calaveras,009,45235,7761,7716,413,8129,122
2022-06-21,Colusa,011,21464,3544,3529,1114,4643,21
2022-06-21,Contra Costa,013,1133247,222302,216355,16950,233305,1328
2022-06-21,Del Norte,015,27424,6452,6367,286,6653,52
2022-06-21,El Dorado,017,186661,29408,29139,3672,32811,215
2022-06-21,Fresno,019,978130,246316,244129,26357,270486,2772
2022-06-21,Glenn,021,27897,5206,5161,1702,6863,48
2022-06-21,Humboldt,023,135768,19292,19111,3929,23040,148
2022-06-21,Imperial,025,180216,58282,57866,11436,69302,944
2022-06-21,Inyo,027,18085,4236,4222,628,4850,56
2022-06-21,Kern,029,883053,201040,199721,49998,249719,2341
2022-06-21,Kings,031,150075,53768,53568,3644,57212,448
2022-06-21,Lake,033,64148,11497,11426,997,12423,140
2022-06-21,Lassen,035,31185,9280,9259,921,10180,64
2022-06-21,Los Angeles,037,10098052,2947364,2925667,142590,3068257,32015
2022-06-21,Madera,039,155013,39319,39139,6702,45841,372
2022-06-21,Marin,041,260295,40155,39687,4520,44207,297
2022-06-21,Mariposa,043,17540,2739,2695,263,2958,30
2022-06-21,Mendocino,045,87422,14336,14201,3699,17900,127
2022-06-21,Merced,047,269075,65876,65120,9706,74826,827
2022-06-21,Modoc,049,8938,776,773,266,1039,8
2022-06-21,Mono,051,14174,3077,3073,180,3253,7
2022-06-21,Monterey,053,433212,85426,84752,16776,101528,742
2022-06-21,Napa,055,140530,29110,28894,1247,30141,144
2022-06-21,Nevada,057,99092,17393,17280,1447,18727,129
2022-06-21,Orange,059,3164182,596410,592215,49249,641464,7084
2022-06-21,Placer,061,380077,69025,68447,8417,76864,628
2022-06-21,Plumas,063,18699,3256,3220,394,3614,13
2022-06-21,Riverside,065,2383286,626926,623584,30260,653844,6491
2022-06-21,Sacramento,067,1510023,311678,309105,30383,339488,3071
2022-06-21,San Benito,069,59416,14291,14128,703,14831,99
2022-06-21,San Bernardino,071,2135413,605372,595517,26574,622091,7774
2022-06-21,San Diego,073,3302833,824123,815124,60781,875905,5318
2022-06-21,San Francisco,075,870044,156106,154213,10273,164486,897
2022-06-21,San Joaquin,077,732212,179196,177637,11765,189402,2251
2022-06-21,San Luis Obispo,079,281455,57582,57177,5356,62533,485
2022-06-21,San Mateo,081,765935,147651,145781,9210,154991,723
2022-06-21,Santa Barbara,083,443738,94218,93576,5484,99060,700
2022-06-21,Santa Clara,085,1922200,379110,370678,16115,386793,2340
2022-06-21,Santa Cruz,087,273765,55161,54525,2700,57225,265
2022-06-21,Shasta,089,179085,32013,31786,6408,38194,570
2022-06-21,Sierra,091,2930,284,283,57,340,4
2022-06-21,Siskiyou,093,43540,4736,4711,2965,7676,81
2022-06-21,Solano,095,438530,93231,91528,6570,98098,454
2022-06-21,Sonoma,097,501317,96299,95363,4229,99592,493
2022-06-21,Stanislaus,099,539301,124826,124023,19127,143150,1670
2022-06-21,Sutter,101,95872,21708,21649,2313,23962,227
2022-06-21,Tehama,103,63373,12550,12465,2713,15178,205
2022-06-21,Trinity,105,12862,1239,1223,297,1520,20
2022-06-21,Tulare,107,460477,111111,110768,29905,140673,1496
2022-06-21,Tuolumne,109,53932,13768,13596,678,14274,189
2022-06-21,Ventura,111,848112,187764,186601,11648,198249,1514
2022-06-21,Yolo,113,214977,43065,41689,3462,45151,323
2022-06-21,Yuba,115,75493,16994,16912,1432,18344,124
2022-06-20,Alameda,001,1643700,302798,299567,16795,316362,1888
2022-06-20,Alpine,003,1148,129,129,1,130,0
2022-06-20,Amador,005,37829,9188,9049,757,9806,87
2022-06-20,Butte,007,227075,35606,35203,7847,43050,433
2022-06-20,Calaveras,009,45235,7754,7716,413,8129,122
2022-06-20,Colusa,011,21464,3543,3529,1113,4642,21
2022-06-20,Contra Costa,013,1133247,221703,216355,16883,233238,1328
2022-06-20,Del Norte,015,27424,6440,6367,282,6649,52
2022-06-20,El Dorado,017,186661,29337,29139,3653,32792,215
2022-06-20,Fresno,019,978130,245827,244129,26293,270422,2772
2022-06-20,Glenn,021,27897,5202,5161,1699,6860,48
2022-06-20,Humboldt,023,135768,19244,19111,3912,23023,148
2022-06-20,Imperial,025,180216,58149,57866,11403,69269,944
2022-06-20,Inyo,027,18085,4232,4222,623,4845,56
2022-06-20,Kern,029,883053,200743,199721,49845,249566,2341
2022-06-20,Kings,031,150075,53687,53568,3642,57210,448
2022-06-20,Lake,033,64148,11476,11426,995,12421,140
2022-06-20,Lassen,035,31185,9275,9259,920,10179,64
2022-06-20,Los Angeles,037,10098052,2941957,2925667,142109,3067776,32015
2022-06-20,Madera,039,155013,39257,39139,6684,45823,372
2022-06-20,Marin,041,260295,40053,39687,4497,44184,297
2022-06-20,Mariposa,043,17540,2725,2695,263,2958,30
2022-06-20,Mendocino,045,87422,14307,14201,3694,17895,127
2022-06-20,Merced,047,269075,65783,65120,9680,74800,827
2022-06-20,Modoc,049,8938,775,773,265,1038,8
2022-06-20,Mono,051,14174,3077,3073,177,3250,7
2022-06-20,Monterey,053,433212,85277,84752,16711,101463,742
2022-06-20,Napa,055,140530,29038,28894,1244,30138,144
2022-06-20,Nevada,057,99092,17368,17280,1438,18718,129
2022-06-20,Orange,059,3164182,595147,592215,49089,641304,7084
2022-06-20,Placer,061,380077,68907,68447,8404,76851,628
2022-06-20,Plumas,063,18699,3250,3220,394,3614,13
2022-06-20,Riverside,065,2383286,625989,623584,30192,653776,6491
2022-06-20,Sacramento,067,1510023,310971,309105,30312,339417,3071
2022-06-20,San Benito,069,59416,14245,14128,697,14825,99
2022-06-20,San Bernardino,071,2135413,604468,595517,26536,622053,7774
2022-06-20,San Diego,073,3302833,822136,815124,60527,875651,5318
2022-06-20,San Francisco,075,870044,155491,154213,10234,164447,897
2022-06-20,San Joaquin,077,732212,178870,177637,11719,189356,2251
2022-06-20,San Luis Obispo,079,281455,57478,57177,5308,62485,485
2022-06-20,San Mateo,081,765935,147145,145781,9185,154966,723
2022-06-20,Santa Barbara,083,443738,94034,93576,5459,99035,700
2022-06-20,Santa Clara,085,1922200,377904,370678,16054,386732,2340
2022-06-20,Santa Cruz,087,273765,54988,54525,2693,57218,265
2022-06-20,Shasta,089,179085,31957,31786,6396,38182,570
2022-06-20,Sierra,091,2930,284,283,56,339,4
2022-06-20,Siskiyou,093,43540,4723,4711,2953,7664,81
2022-06-20,Solano,095,438530,92902,91528,6548,98076,454
2022-06-20,Sonoma,097,501317,96059,95363,4203,99566,493
2022-06-20,Stanislaus,099,539301,124641,124023,19098,143121,1670
2022-06-20,Sutter,101,95872,21677,21649,2294,23943,227
2022-06-20,Tehama,103,63373,12535,12465,2710,15175,205
2022-06-20,Trinity,105,12862,1234,1223,297,1520,20
2022-06-20,Tulare,107,460477,110966,110768,29842,140610,1496
2022-06-20,Tuolumne,109,53932,13732,13596,678,14274,189
2022-06-20,Ventura,111,848112,187428,186601,11608,198209,1514
2022-06-20,Yolo,113,214977,42904,41689,3444,45133,323
2022-06-20,Yuba,115,75493,16969,16912,1426,18338,124
2022-06-19,Alameda,001,1643700,301876,296062,16764,312826,1883
2022-06-19,Alpine,003,1148,129,129,1,130,0
2022-06-19,Amador,005,37829,9138,8985,744,9729,87
2022-06-19,Butte,007,227075,35545,34920,7824,42744,432
2022-06-19,Calaveras,009,45235,7736,7664,412,8076,122
2022-06-19,Colusa,011,21464,3538,3519,1109,4628,21
2022-06-19,Contra Costa,013,1133247,221017,213994,16818,230812,1323
2022-06-19,Del Norte,015,27424,6423,6307,279,6586,52
2022-06-19,El Dorado,017,186661,29255,28904,3638,32542,215
2022-06-19,Fresno,019,978130,245378,242214,26223,268437,2768
2022-06-19,Glenn,021,27897,5193,5131,1697,6828,48
2022-06-19,Humboldt,023,135768,19199,18885,3887,22772,148
2022-06-19,Imperial,025,180216,58026,57450,11370,68820,944
2022-06-19,Inyo,027,18085,4231,4209,622,4831,56
2022-06-19,Kern,029,883053,200378,198567,49669,248236,2340
2022-06-19,Kings,031,150075,53593,53242,3639,56881,448
2022-06-19,Lake,033,64148,11462,11318,994,12312,140
2022-06-19,Lassen,035,31185,9262,9225,920,10145,64
2022-06-19,Los Angeles,037,10098052,2937095,2909197,141550,3050747,31999
2022-06-19,Madera,039,155013,39165,38859,6663,45522,372
2022-06-19,Marin,041,260295,39925,39214,4487,43701,294
2022-06-19,Mariposa,043,17540,2718,2662,262,2924,30
2022-06-19,Mendocino,045,87422,14280,14090,3681,17771,127
2022-06-19,Merced,047,269075,65682,64734,9650,74384,827
2022-06-19,Modoc,049,8938,772,771,264,1035,8
2022-06-19,Mono,051,14174,3075,3066,176,3242,6
2022-06-19,Monterey,053,433212,85129,84032,16665,100697,744
2022-06-19,Napa,055,140530,28977,28619,1240,29859,144
2022-06-19,Nevada,057,99092,17338,17134,1430,18564,129
2022-06-19,Orange,059,3164182,593893,587176,48896,636072,7074
2022-06-19,Placer,061,380077,68789,67961,8383,76344,628
2022-06-19,Plumas,063,18699,3242,3201,394,3595,13
2022-06-19,Riverside,065,2383286,625116,619760,30143,649903,6488
2022-06-19,Sacramento,067,1510023,310240,306215,30258,336473,3072
2022-06-19,San Benito,069,59416,14226,13985,695,14680,99
2022-06-19,San Bernardino,071,2135413,603646,591926,26499,618425,7765
2022-06-19,San Diego,073,3302833,820606,815124,60404,875528,5318
2022-06-19,San Francisco,075,870044,154974,151898,10195,162093,897
2022-06-19,San Joaquin,077,732212,178548,176323,11681,188004,2251
2022-06-19,San Luis Obispo,079,281455,57340,56767,5251,62018,485
2022-06-19,San Mateo,081,765935,146690,143879,9152,153031,723
2022-06-19,Santa Barbara,083,443738,93864,92906,5443,98349,699
2022-06-19,Santa Clara,085,1922200,376729,365638,15991,381629,2328
2022-06-19,Santa Cruz,087,273765,54825,53866,2674,56540,264
2022-06-19,Shasta,089,179085,31898,31647,6385,38032,568
2022-06-19,Sierra,091,2930,284,281,56,337,4
2022-06-19,Siskiyou,093,43540,4711,4672,2947,7619,81
2022-06-19,Solano,095,438530,92645,90548,6535,97083,454
2022-06-19,Sonoma,097,501317,95816,94318,4182,98500,493
2022-06-19,Stanislaus,099,539301,124455,123264,19049,142313,1668
2022-06-19,Sutter,101,95872,21642,21501,2286,23787,227
2022-06-19,Tehama,103,63373,12526,12410,2704,15114,205
2022-06-19,Trinity,105,12862,1231,1220,297,1517,20
2022-06-19,Tulare,107,460477,110782,110041,29789,139830,1496
2022-06-19,Tuolumne,109,53932,13705,13487,678,14165,189
2022-06-19,Ventura,111,848112,187076,185219,11563,196782,1513
2022-06-19,Yolo,113,214977,42815,41135,3431,44566,323
2022-06-19,Yuba,115,75493,16937,16786,1423,18209,124
2022-06-18,Alameda,001,1643700,301411,296062,16743,312805,1883
2022-06-18,Alpine,003,1148,129,129,1,130,0
2022-06-18,Amador,005,37829,9131,8985,740,9725,87
2022-06-18,Butte,007,227075,35495,34920,7813,42733,432
2022-06-18,Calaveras,009,45235,7724,7664,412,8076,122
2022-06-18,Colusa,011,21464,3535,3519,1109,4628,21
2022-06-18,Contra Costa,013,1133247,220703,213994,16790,230784,1323
2022-06-18,Del Norte,015,27424,6417,6307,278,6585,52
2022-06-18,El Dorado,017,186661,29226,28904,3635,32539,215
2022-06-18,Fresno,019,978130,245176,242214,26206,268420,2768
2022-06-18,Glenn,021,27897,5190,5131,1696,6827,48
2022-06-18,Humboldt,023,135768,19170,18885,3880,22765,148
2022-06-18,Imperial,025,180216,57956,57450,11357,68807,944
2022-06-18,Inyo,027,18085,4230,4209,621,4830,56
2022-06-18,Kern,029,883053,200255,198567,49583,248150,2340
2022-06-18,Kings,031,150075,53557,53242,3638,56880,448
2022-06-18,Lake,033,64148,11451,11318,992,12310,140
2022-06-18,Lassen,035,31185,9258,9225,920,10145,64
2022-06-18,Los Angeles,037,10098052,2934655,2909197,141260,3050457,31999
2022-06-18,Madera,039,155013,39142,38859,6657,45516,372
2022-06-18,Marin,041,260295,39861,39214,4477,43691,294
2022-06-18,Mariposa,043,17540,2713,2662,262,2924,30
2022-06-18,Mendocino,045,87422,14258,14090,3678,17768,127
2022-06-18,Merced,047,269075,65617,64734,9640,74374,827
2022-06-18,Modoc,049,8938,772,771,264,1035,8
2022-06-18,Mono,051,14174,3074,3066,176,3242,6
2022-06-18,Monterey,053,433212,85037,84032,16637,100669,744
2022-06-18,Napa,055,140530,28952,28619,1239,29858,144
2022-06-18,Nevada,057,99092,17326,17134,1429,18563,129
2022-06-18,Orange,059,3164182,593270,587176,48782,635958,7074
2022-06-18,Placer,061,380077,68724,67961,8369,76330,628
2022-06-18,Plumas,063,18699,3234,3201,394,3595,13
2022-06-18,Riverside,065,2383286,624582,619760,30128,649888,6488
2022-06-18,Sacramento,067,1510023,309922,306215,30236,336451,3072
2022-06-18,San Benito,069,59416,14211,13985,688,14673,99
2022-06-18,San Bernardino,071,2135413,603218,591926,26477,618403,7765
2022-06-18,San Diego,073,3302833,819888,815124,60343,875467,5318
2022-06-18,San Francisco,075,870044,154641,151898,10176,162074,897
2022-06-18,San Joaquin,077,732212,178385,176323,11672,187995,2251
2022-06-18,San Luis Obispo,079,281455,57295,56767,5242,62009,485
2022-06-18,San Mateo,081,765935,146420,143879,9130,153009,723
2022-06-18,Santa Barbara,083,443738,93753,92906,5433,98339,699
2022-06-18,Santa Clara,085,1922200,375976,365638,15945,381583,2328
2022-06-18,Santa Cruz,087,273765,54749,53866,2664,56530,264
2022-06-18,Shasta,089,179085,31877,31647,6382,38029,568
2022-06-18,Sierra,091,2930,284,281,56,337,4
2022-06-18,Siskiyou,093,43540,4703,4672,2943,7615,81
2022-06-18,Solano,095,438530,92562,90548,6526,97074,454
2022-06-18,Sonoma,097,501317,95677,94318,4164,98482,493
2022-06-18,Stanislaus,099,539301,124347,123264,19028,142292,1668
2022-06-18,Sutter,101,95872,21621,21501,2283,23784,227
2022-06-18,Tehama,103,63373,12517,12410,2700,15110,205
2022-06-18,Trinity,105,12862,1230,1220,297,1517,20
2022-06-18,Tulare,107,460477,110700,110041,29749,139790,1496
2022-06-18,Tuolumne,109,53932,13683,13487,675,14162,189
2022-06-18,Ventura,111,848112,186901,185219,11540,196759,1513
2022-06-18,Yolo,113,214977,42746,41135,3426,44561,323
2022-06-18,Yuba,115,75493,16924,16786,1423,18209,124
2022-06-17,Alameda,001,1643700,300940,296062,16729,312791,1883
2022-06-17,Alpine,003,1148,129,129,1,130,0
2022-06-17,Amador,005,37829,9122,8985,740,9725,87
2022-06-17,Butte,007,227075,35464,34920,7803,42723,432
2022-06-17,Calaveras,009,45235,7716,7664,412,8076,122
2022-06-17,Colusa,011,21464,3534,3519,1104,4623,21
2022-06-17,Contra Costa,013,1133247,220403,213994,16765,230759,1323
2022-06-17,Del Norte,015,27424,6403,6307,278,6585,52
2022-06-17,El Dorado,017,186661,29194,28904,3631,32535,215
2022-06-17,Fresno,019,978130,244932,242214,26180,268394,2768
2022-06-17,Glenn,021,27897,5189,5131,1690,6821,48
2022-06-17,Humboldt,023,135768,19143,18885,3876,22761,148
2022-06-17,Imperial,025,180216,57903,57450,11345,68795,944
2022-06-17,Inyo,027,18085,4226,4209,615,4824,56
2022-06-17,Kern,029,883053,200101,198567,49541,248108,2340
2022-06-17,Kings,031,150075,53530,53242,3637,56879,448
2022-06-17,Lake,033,64148,11443,11318,991,12309,140
2022-06-17,Lassen,035,31185,9257,9225,919,10144,64
2022-06-17,Los Angeles,037,10098052,2931813,2909197,140962,3050159,31999
2022-06-17,Madera,039,155013,39117,38859,6651,45510,372
2022-06-17,Marin,041,260295,39766,39214,4464,43678,294
2022-06-17,Mariposa,043,17540,2709,2662,262,2924,30
2022-06-17,Mendocino,045,87422,14241,14090,3674,17764,127
2022-06-17,Merced,047,269075,65560,64734,9635,74369,827
2022-06-17,Modoc,049,8938,772,771,264,1035,8
2022-06-17,Mono,051,14174,3074,3066,176,3242,6
2022-06-17,Monterey,053,433212,84947,84032,16607,100639,744
2022-06-17,Napa,055,140530,28913,28619,1236,29855,144
2022-06-17,Nevada,057,99092,17308,17134,1424,18558,129
2022-06-17,Orange,059,3164182,592593,587176,48646,635822,7074
2022-06-17,Placer,061,380077,68664,67961,8357,76318,628
2022-06-17,Plumas,063,18699,3233,3201,393,3594,13
2022-06-17,Riverside,065,2383286,624031,619760,30092,649852,6488
2022-06-17,Sacramento,067,1510023,309534,306215,30216,336431,3072
2022-06-17,San Benito,069,59416,14199,13985,688,14673,99
2022-06-17,San Bernardino,071,2135413,602780,591926,26446,618372,7765
2022-06-17,San Diego,073,3302833,818926,815124,60239,875363,5318
2022-06-17,San Francisco,075,870044,154327,151898,10143,162041,897
2022-06-17,San Joaquin,077,732212,178234,176323,11661,187984,2251
2022-06-17,San Luis Obispo,079,281455,57258,56767,5236,62003,485
2022-06-17,San Mateo,081,765935,146117,143879,9111,152990,723
2022-06-17,Santa Barbara,083,443738,93648,92906,5421,98327,699
2022-06-17,Santa Clara,085,1922200,375150,365638,15913,381551,2328
2022-06-17,Santa Cruz,087,273765,54683,53866,2659,56525,264
2022-06-17,Shasta,089,179085,31850,31647,6374,38021,568
2022-06-17,Sierra,091,2930,284,281,56,337,4
2022-06-17,Siskiyou,093,43540,4696,4672,2943,7615,81
2022-06-17,Solano,095,438530,92418,90548,6513,97061,454
2022-06-17,Sonoma,097,501317,95512,94318,4147,98465,493
2022-06-17,Stanislaus,099,539301,124250,123264,19018,142282,1668
2022-06-17,Sutter,101,95872,21599,21501,2277,23778,227
2022-06-17,Tehama,103,63373,12502,12410,2697,15107,205
2022-06-17,Trinity,105,12862,1230,1220,297,1517,20
2022-06-17,Tulare,107,460477,110612,110041,29718,139759,1496
2022-06-17,Tuolumne,109,53932,13670,13487,674,14161,189
2022-06-17,Ventura,111,848112,186721,185219,11519,196738,1513
2022-06-17,Yolo,113,214977,42664,41135,3413,44548,323
2022-06-17,Yuba,115,75493,16917,16786,1420,18206,124
2022-06-16,Alameda,001,1643700,300158,296062,16679,312741,1883
2022-06-16,Alpine,003,1148,129,129,1,130,0
2022-06-16,Amador,005,37829,9115,8985,735,9720,87
2022-06-16,Butte,007,227075,35389,34920,7787,42707,432
2022-06-16,Calaveras,009,45235,7704,7664,410,8074,122
2022-06-16,Colusa,011,21464,3532,3519,1103,4622,21
2022-06-16,Contra Costa,013,1133247,219939,213994,16714,230708,1323
2022-06-16,Del Norte,015,27424,6389,6307,277,6584,52
2022-06-16,El Dorado,017,186661,29142,28904,3619,32523,215
2022-06-16,Fresno,019,978130,244558,242214,26117,268331,2768
2022-06-16,Glenn,021,27897,5180,5131,1689,6820,48
2022-06-16,Humboldt,023,135768,19113,18885,3862,22747,148
2022-06-16,Imperial,025,180216,57804,57450,11316,68766,944
2022-06-16,Inyo,027,18085,4225,4209,612,4821,56
2022-06-16,Kern,029,883053,199890,198567,49425,247992,2340
2022-06-16,Kings,031,150075,53463,53242,3633,56875,448
2022-06-16,Lake,033,64148,11427,11318,991,12309,140
2022-06-16,Lassen,035,31185,9250,9225,919,10144,64
2022-06-16,Los Angeles,037,10098052,2927827,2909197,140602,3049799,31999
2022-06-16,Madera,039,155013,39086,38859,6641,45500,372
2022-06-16,Marin,041,260295,39667,39214,4451,43665,294
2022-06-16,Mariposa,043,17540,2701,2662,260,2922,30
2022-06-16,Mendocino,045,87422,14212,14090,3664,17754,127
2022-06-16,Merced,047,269075,65481,64734,9616,74350,827
2022-06-16,Modoc,049,8938,772,771,264,1035,8
2022-06-16,Mono,051,14174,3073,3066,175,3241,6
2022-06-16,Monterey,053,433212,84798,84032,16552,100584,744
2022-06-16,Napa,055,140530,28869,28619,1233,29852,144
2022-06-16,Nevada,057,99092,17285,17134,1419,18553,129
2022-06-16,Orange,059,3164182,591571,587176,48508,635684,7074
2022-06-16,Placer,061,380077,68579,67961,8334,76295,628
2022-06-16,Plumas,063,18699,3226,3201,392,3593,13
2022-06-16,Riverside,065,2383286,623285,619760,30048,649808,6488
2022-06-16,Sacramento,067,1510023,308952,306215,30182,336397,3072
2022-06-16,San Benito,069,59416,14175,13985,685,14670,99
2022-06-16,San Bernardino,071,2135413,602123,591926,26408,618334,7765
2022-06-16,San Diego,073,3302833,817407,815124,60080,875204,5318
2022-06-16,San Francisco,075,870044,153883,151898,10102,162000,897
2022-06-16,San Joaquin,077,732212,177980,176323,11641,187964,2251
2022-06-16,San Luis Obispo,079,281455,57180,56767,5216,61983,485
2022-06-16,San Mateo,081,765935,145752,143879,9095,152974,723
2022-06-16,Santa Barbara,083,443738,93499,92906,5407,98313,699
2022-06-16,Santa Clara,085,1922200,374208,365638,15864,381502,2328
2022-06-16,Santa Cruz,087,273765,54550,53866,2647,56513,264
2022-06-16,Shasta,089,179085,31820,31647,6363,38010,568
2022-06-16,Sierra,091,2930,283,281,56,337,4
2022-06-16,Siskiyou,093,43540,4687,4672,2934,7606,81
2022-06-16,Solano,095,438530,92223,90548,6501,97049,454
2022-06-16,Sonoma,097,501317,95325,94318,4130,98448,493
2022-06-16,Stanislaus,099,539301,124089,123264,19001,142265,1668
2022-06-16,Sutter,101,95872,21574,21501,2275,23776,227
2022-06-16,Tehama,103,63373,12483,12410,2695,15105,205
2022-06-16,Trinity,105,12862,1228,1220,294,1514,20
2022-06-16,Tulare,107,460477,110481,110041,29677,139718,1496
2022-06-16,Tuolumne,109,53932,13646,13487,670,14157,189
2022-06-16,Ventura,111,848112,186450,185219,11474,196693,1513
2022-06-16,Yolo,113,214977,42574,41135,3402,44537,323
2022-06-16,Yuba,115,75493,16893,16786,1416,18202,124
2022-06-15,Alameda,001,1643700,299375,295002,16653,311655,1880
2022-06-15,Alpine,003,1148,129,129,1,130,0
2022-06-15,Amador,005,37829,9107,8972,735,9707,87
2022-06-15,Butte,007,227075,35326,34841,7768,42609,430
2022-06-15,Calaveras,009,45235,7701,7648,408,8056,122
2022-06-15,Colusa,011,21464,3528,3515,1101,4616,21
2022-06-15,Contra Costa,013,1133247,219476,213219,16670,229889,1321
2022-06-15,Del Norte,015,27424,6378,6298,276,6574,52
2022-06-15,El Dorado,017,186661,29088,28829,3607,32436,215
2022-06-15,Fresno,019,978130,244186,241768,26071,267839,2767
2022-06-15,Glenn,021,27897,5174,5128,1681,6809,48
2022-06-15,Humboldt,023,135768,19075,18836,3837,22673,148
2022-06-15,Imperial,025,180216,57721,57373,11293,68666,941
2022-06-15,Inyo,027,18085,4223,4205,611,4816,56
2022-06-15,Kern,029,883053,199625,198216,49318,247534,2338
2022-06-15,Kings,031,150075,53409,53170,3631,56801,448
2022-06-15,Lake,033,64148,11407,11303,986,12289,140
2022-06-15,Lassen,035,31185,9246,9209,918,10127,64
2022-06-15,Los Angeles,037,10098052,2923543,2897298,140240,3037538,31971
2022-06-15,Madera,039,155013,39042,38776,6624,45400,372
2022-06-15,Marin,041,260295,39577,39027,4445,43472,294
2022-06-15,Mariposa,043,17540,2697,2651,258,2909,30
2022-06-15,Mendocino,045,87422,14180,14052,3654,17706,127
2022-06-15,Merced,047,269075,65400,64595,9604,74199,825
2022-06-15,Modoc,049,8938,771,772,264,1036,8
2022-06-15,Mono,051,14174,3073,3060,174,3234,6
2022-06-15,Monterey,053,433212,84657,83837,16512,100349,741
2022-06-15,Napa,055,140530,28809,28518,1224,29742,144
2022-06-15,Nevada,057,99092,17260,17107,1415,18522,127
2022-06-15,Orange,059,3164182,590544,585496,48337,633833,7067
2022-06-15,Placer,061,380077,68456,67805,8318,76123,628
2022-06-15,Plumas,063,18699,3221,3185,390,3575,13
2022-06-15,Riverside,065,2383286,622560,618584,29996,648580,6482
2022-06-15,Sacramento,067,1510023,308356,305361,30136,335497,3059
2022-06-15,San Benito,069,59416,14135,13953,678,14631,99
2022-06-15,San Bernardino,071,2135413,601471,590328,26368,616696,7735
2022-06-15,San Diego,073,3302833,815858,811093,59913,871006,5316
2022-06-15,San Francisco,075,870044,153456,151170,10077,161247,890
2022-06-15,San Joaquin,077,732212,177736,175966,11607,187573,2244
2022-06-15,San Luis Obispo,079,281455,57094,56535,5179,61714,486
2022-06-15,San Mateo,081,765935,145355,143277,9079,152356,722
2022-06-15,Santa Barbara,083,443738,93366,92710,5400,98110,698
2022-06-15,Santa Clara,085,1922200,373199,364014,15828,379842,2323
2022-06-15,Santa Cruz,087,273765,54435,53718,2642,56360,265
2022-06-15,Shasta,089,179085,31780,31598,6356,37954,568
2022-06-15,Sierra,091,2930,281,280,56,336,4
2022-06-15,Siskiyou,093,43540,4676,4656,2924,7580,81
2022-06-15,Solano,095,438530,91994,90265,6489,96754,453
2022-06-15,Sonoma,097,501317,95131,94041,4118,98159,492
2022-06-15,Stanislaus,099,539301,123946,122944,18976,141920,1668
2022-06-15,Sutter,101,95872,21547,21448,2270,23718,227
2022-06-15,Tehama,103,63373,12475,12392,2689,15081,205
2022-06-15,Trinity,105,12862,1227,1217,292,1509,20
2022-06-15,Tulare,107,460477,110377,109930,29640,139570,1495
2022-06-15,Tuolumne,109,53932,13635,13459,670,14129,189
2022-06-15,Ventura,111,848112,186178,184750,11425,196175,1509
2022-06-15,Yolo,113,214977,42470,40756,3387,44143,322
2022-06-15,Yuba,115,75493,16868,16754,1411,18165,124
2022-06-14,Alameda,001,1643700,298678,295002,16609,311611,1880
2022-06-14,Alpine,003,1148,129,129,1,130,0
2022-06-14,Amador,005,37829,9091,8972,730,9702,87
2022-06-14,Butte,007,227075,35271,34841,7752,42593,430
2022-06-14,Calaveras,009,45235,7690,7648,407,8055,122
2022-06-14,Colusa,011,21464,3526,3515,1100,4615,21
2022-06-14,Contra Costa,013,1133247,218942,213219,16611,229830,1321
2022-06-14,Del Norte,015,27424,6370,6298,273,6571,52
2022-06-14,El Dorado,017,186661,29036,28829,3599,32428,215
2022-06-14,Fresno,019,978130,243788,241768,26009,267777,2767
2022-06-14,Glenn,021,27897,5165,5128,1678,6806,48
2022-06-14,Humboldt,023,135768,19025,18836,3820,22656,148
2022-06-14,Imperial,025,180216,57647,57373,11263,68636,941
2022-06-14,Inyo,027,18085,4218,4205,610,4815,56
2022-06-14,Kern,029,883053,199363,198216,49202,247418,2338
2022-06-14,Kings,031,150075,53339,53170,3629,56799,448
2022-06-14,Lake,033,64148,11381,11303,985,12288,140
2022-06-14,Lassen,035,31185,9240,9209,915,10124,64
2022-06-14,Los Angeles,037,10098052,2919023,2897298,139819,3037117,31971
2022-06-14,Madera,039,155013,38989,38776,6615,45391,372
2022-06-14,Marin,041,260295,39468,39027,4434,43461,294
2022-06-14,Mariposa,043,17540,2686,2651,255,2906,30
2022-06-14,Mendocino,045,87422,14152,14052,3641,17693,127
2022-06-14,Merced,047,269075,65318,64595,9579,74174,825
2022-06-14,Modoc,049,8938,771,772,263,1035,8
2022-06-14,Mono,051,14174,3073,3060,173,3233,6
2022-06-14,Monterey,053,433212,84518,83837,16466,100303,741
2022-06-14,Napa,055,140530,28745,28518,1223,29741,144
2022-06-14,Nevada,057,99092,17229,17107,1410,18517,127
2022-06-14,Orange,059,3164182,589416,585496,48170,633666,7067
2022-06-14,Placer,061,380077,68333,67805,8303,76108,628
2022-06-14,Plumas,063,18699,3217,3185,390,3575,13
2022-06-14,Riverside,065,2383286,621778,618584,29961,648545,6482
2022-06-14,Sacramento,067,1510023,307724,305361,30053,335414,3059
2022-06-14,San Benito,069,59416,14100,13953,676,14629,99
2022-06-14,San Bernardino,071,2135413,600756,590328,26324,616652,7735
2022-06-14,San Diego,073,3302833,814151,811093,59764,870857,5316
2022-06-14,San Francisco,075,870044,152977,151170,10050,161220,890
2022-06-14,San Joaquin,077,732212,177467,175966,11571,187537,2244
2022-06-14,San Luis Obispo,079,281455,56985,56535,5131,61666,486
2022-06-14,San Mateo,081,765935,144973,143277,9065,152342,722
2022-06-14,Santa Barbara,083,443738,93230,92710,5384,98094,698
2022-06-14,Santa Clara,085,1922200,372132,364014,15784,379798,2323
2022-06-14,Santa Cruz,087,273765,54308,53718,2631,56349,265
2022-06-14,Shasta,089,179085,31750,31598,6348,37946,568
2022-06-14,Sierra,091,2930,281,280,56,336,4
2022-06-14,Siskiyou,093,43540,4666,4656,2918,7574,81
2022-06-14,Solano,095,438530,91734,90265,6467,96732,453
2022-06-14,Sonoma,097,501317,94915,94041,4104,98145,492
2022-06-14,Stanislaus,099,539301,123769,122944,18947,141891,1668
2022-06-14,Sutter,101,95872,21509,21448,2266,23714,227
2022-06-14,Tehama,103,63373,12457,12392,2688,15080,205
2022-06-14,Trinity,105,12862,1226,1217,292,1509,20
2022-06-14,Tulare,107,460477,110235,109930,29596,139526,1495
2022-06-14,Tuolumne,109,53932,13614,13459,666,14125,189
2022-06-14,Ventura,111,848112,185885,184750,11387,196137,1509
2022-06-14,Yolo,113,214977,42363,40756,3376,44132,322
2022-06-14,Yuba,115,75493,16838,16754,1408,18162,124
2022-06-13,Alameda,001,1643700,297855,295002,16560,311562,1880
2022-06-13,Alpine,003,1148,129,129,1,130,0
2022-06-13,Amador,005,37829,9084,8972,728,9700,87
2022-06-13,Butte,007,227075,35193,34841,7727,42568,430
2022-06-13,Calaveras,009,45235,7672,7648,407,8055,122
2022-06-13,Colusa,011,21464,3526,3515,1097,4612,21
2022-06-13,Contra Costa,013,1133247,218367,213219,16544,229763,1321
2022-06-13,Del Norte,015,27424,6358,6298,269,6567,52
2022-06-13,El Dorado,017,186661,28986,28829,3587,32416,215
2022-06-13,Fresno,019,978130,243361,241768,25954,267722,2767
2022-06-13,Glenn,021,27897,5161,5128,1674,6802,48
2022-06-13,Humboldt,023,135768,18972,18836,3796,22632,148
2022-06-13,Imperial,025,180216,57547,57373,11219,68592,941
2022-06-13,Inyo,027,18085,4214,4205,605,4810,56
2022-06-13,Kern,029,883053,199096,198216,49066,247282,2338
2022-06-13,Kings,031,150075,53274,53170,3625,56795,448
2022-06-13,Lake,033,64148,11356,11303,984,12287,140
2022-06-13,Lassen,035,31185,9232,9209,912,10121,64
2022-06-13,Los Angeles,037,10098052,2914457,2897298,139429,3036727,31971
2022-06-13,Madera,039,155013,38922,38776,6597,45373,372
2022-06-13,Marin,041,260295,39361,39027,4406,43433,294
2022-06-13,Mariposa,043,17540,2672,2651,254,2905,30
2022-06-13,Mendocino,045,87422,14128,14052,3625,17677,127
2022-06-13,Merced,047,269075,65242,64595,9551,74146,825
2022-06-13,Modoc,049,8938,770,772,263,1035,8
2022-06-13,Mono,051,14174,3071,3060,173,3233,6
2022-06-13,Monterey,053,433212,84383,83837,16415,100252,741
2022-06-13,Napa,055,140530,28674,28518,1219,29737,144
2022-06-13,Nevada,057,99092,17198,17107,1407,18514,127
2022-06-13,Orange,059,3164182,588181,585496,47987,633483,7067
2022-06-13,Placer,061,380077,68236,67805,8281,76086,628
2022-06-13,Plumas,063,18699,3212,3185,389,3574,13
2022-06-13,Riverside,065,2383286,621035,618584,29926,648510,6482
2022-06-13,Sacramento,067,1510023,307045,305361,29986,335347,3059
2022-06-13,San Benito,069,59416,14073,13953,670,14623,99
2022-06-13,San Bernardino,071,2135413,599961,590328,26293,616621,7735
2022-06-13,San Diego,073,3302833,812448,811093,59658,870751,5316
2022-06-13,San Francisco,075,870044,152443,151170,10032,161202,890
2022-06-13,San Joaquin,077,732212,177203,175966,11534,187500,2244
2022-06-13,San Luis Obispo,079,281455,56882,56535,5079,61614,486
2022-06-13,San Mateo,081,765935,144533,143277,9043,152320,722
2022-06-13,Santa Barbara,083,443738,93101,92710,5371,98081,698
2022-06-13,Santa Clara,085,1922200,371111,364014,15733,379747,2323
2022-06-13,Santa Cruz,087,273765,54170,53718,2624,56342,265
2022-06-13,Shasta,089,179085,31717,31598,6341,37939,568
2022-06-13,Sierra,091,2930,281,280,56,336,4
2022-06-13,Siskiyou,093,43540,4662,4656,2910,7566,81
2022-06-13,Solano,095,438530,91493,90265,6443,96708,453
2022-06-13,Sonoma,097,501317,94658,94041,4085,98126,492
2022-06-13,Stanislaus,099,539301,123601,122944,18922,141866,1668
2022-06-13,Sutter,101,95872,21481,21448,2262,23710,227
2022-06-13,Tehama,103,63373,12437,12392,2685,15077,205
2022-06-13,Trinity,105,12862,1224,1217,292,1509,20
2022-06-13,Tulare,107,460477,110083,109930,29549,139479,1495
2022-06-13,Tuolumne,109,53932,13591,13459,663,14122,189
2022-06-13,Ventura,111,848112,185593,184750,11335,196085,1509
2022-06-13,Yolo,113,214977,42226,40756,3364,44120,322
2022-06-13,Yuba,115,75493,16820,16754,1404,18158,124
2022-06-12,Alameda,001,1643700,297037,292112,16502,308614,1877
2022-06-12,Alpine,003,1148,129,129,1,130,0
2022-06-12,Amador,005,37829,9061,8869,727,9596,87
2022-06-12,Butte,007,227075,35136,34596,7706,42302,427
2022-06-12,Calaveras,009,45235,7658,7604,404,8008,122
2022-06-12,Colusa,011,21464,3525,3505,1096,4601,21
2022-06-12,Contra Costa,013,1133247,217778,211229,16473,227702,1315
2022-06-12,Del Norte,015,27424,6344,6253,269,6522,52
2022-06-12,El Dorado,017,186661,28925,28641,3570,32211,215
2022-06-12,Fresno,019,978130,242897,240345,25900,266245,2766
2022-06-12,Glenn,021,27897,5158,5104,1672,6776,48
2022-06-12,Humboldt,023,135768,18907,18696,3760,22456,148
2022-06-12,Imperial,025,180216,57470,57129,11175,68304,941
2022-06-12,Inyo,027,18085,4212,4194,604,4798,56
2022-06-12,Kern,029,883053,198814,197353,48945,246298,2338
2022-06-12,Kings,031,150075,53196,52978,3620,56598,447
2022-06-12,Lake,033,64148,11332,11202,983,12185,139
2022-06-12,Lassen,035,31185,9214,9172,910,10082,64
2022-06-12,Los Angeles,037,10098052,2909513,2878981,138947,3017928,31947
2022-06-12,Madera,039,155013,38829,38567,6571,45138,372
2022-06-12,Marin,041,260295,39253,38593,4382,42975,294
2022-06-12,Mariposa,043,17540,2666,2625,253,2878,30
2022-06-12,Mendocino,045,87422,14105,13945,3619,17564,127
2022-06-12,Merced,047,269075,65127,64286,9522,73808,825
2022-06-12,Modoc,049,8938,770,767,263,1030,8
2022-06-12,Mono,051,14174,3067,3052,172,3224,6
2022-06-12,Monterey,053,433212,84225,83391,16337,99728,739
2022-06-12,Napa,055,140530,28612,28202,1210,29412,143
2022-06-12,Nevada,057,99092,17154,16989,1401,18390,127
2022-06-12,Orange,059,3164182,586906,581624,47795,629419,7057
2022-06-12,Placer,061,380077,68122,67306,8258,75564,628
2022-06-12,Plumas,063,18699,3206,3172,388,3560,13
2022-06-12,Riverside,065,2383286,620092,615556,29858,645414,6481
2022-06-12,Sacramento,067,1510023,306300,302721,29881,332602,3058
2022-06-12,San Benito,069,59416,14039,13832,664,14496,99
2022-06-12,San Bernardino,071,2135413,599039,587385,26243,613628,7708
2022-06-12,San Diego,073,3302833,810713,805360,59522,864882,5315
2022-06-12,San Francisco,075,870044,151890,149278,9987,159265,890
2022-06-12,San Joaquin,077,732212,176847,174822,11508,186330,2244
2022-06-12,San Luis Obispo,079,281455,56745,56160,5018,61178,485
2022-06-12,San Mateo,081,765935,144067,141719,9002,150721,715
2022-06-12,Santa Barbara,083,443738,92928,92177,5356,97533,694
2022-06-12,Santa Clara,085,1922200,369932,359925,15687,375612,2322
2022-06-12,Santa Cruz,087,273765,54010,53171,2619,55790,264
2022-06-12,Shasta,089,179085,31670,31483,6327,37810,566
2022-06-12,Sierra,091,2930,281,278,56,334,4
2022-06-12,Siskiyou,093,43540,4654,4633,2905,7538,81
2022-06-12,Solano,095,438530,91201,89424,6424,95848,453
2022-06-12,Sonoma,097,501317,94402,93218,4061,97279,492
2022-06-12,Stanislaus,099,539301,123402,122267,18881,141148,1665
2022-06-12,Sutter,101,95872,21440,21333,2247,23580,227
2022-06-12,Tehama,103,63373,12418,12343,2680,15023,205
2022-06-12,Trinity,105,12862,1221,1213,292,1505,20
2022-06-12,Tulare,107,460477,109885,109467,29486,138953,1495
2022-06-12,Tuolumne,109,53932,13563,13382,661,14043,189
2022-06-12,Ventura,111,848112,185239,183680,11288,194968,1508
2022-06-12,Yolo,113,214977,42105,40202,3359,43561,323
2022-06-12,Yuba,115,75493,16792,16653,1396,18049,123
2022-06-11,Alameda,001,1643700,296621,292112,16481,308593,1877
2022-06-11,Alpine,003,1148,129,129,1,130,0
2022-06-11,Amador,005,37829,9047,8869,727,9596,87
2022-06-11,Butte,007,227075,35101,34596,7690,42286,427
2022-06-11,Calaveras,009,45235,7651,7604,403,8007,122
2022-06-11,Colusa,011,21464,3523,3505,1095,4600,21
2022-06-11,Contra Costa,013,1133247,217466,211229,16438,227667,1315
2022-06-11,Del Norte,015,27424,6336,6253,269,6522,52
2022-06-11,El Dorado,017,186661,28906,28641,3568,32209,215
2022-06-11,Fresno,019,978130,242701,240345,25880,266225,2766
2022-06-11,Glenn,021,27897,5156,5104,1672,6776,48
2022-06-11,Humboldt,023,135768,18887,18696,3752,22448,148
2022-06-11,Imperial,025,180216,57414,57129,11161,68290,941
2022-06-11,Inyo,027,18085,4212,4194,602,4796,56
2022-06-11,Kern,029,883053,198692,197353,48872,246225,2338
2022-06-11,Kings,031,150075,53164,52978,3619,56597,447
2022-06-11,Lake,033,64148,11324,11202,980,12182,139
2022-06-11,Lassen,035,31185,9209,9172,909,10081,64
2022-06-11,Los Angeles,037,10098052,2907170,2878981,138656,3017637,31947
2022-06-11,Madera,039,155013,38808,38567,6569,45136,372
2022-06-11,Marin,041,260295,39176,38593,4348,42941,294
2022-06-11,Mariposa,043,17540,2662,2625,252,2877,30
2022-06-11,Mendocino,045,87422,14094,13945,3615,17560,127
2022-06-11,Merced,047,269075,65078,64286,9518,73804,825
2022-06-11,Modoc,049,8938,770,767,263,1030,8
2022-06-11,Mono,051,14174,3067,3052,172,3224,6
2022-06-11,Monterey,053,433212,84142,83391,16305,99696,739
2022-06-11,Napa,055,140530,28573,28202,1206,29408,143
2022-06-11,Nevada,057,99092,17140,16989,1399,18388,127
2022-06-11,Orange,059,3164182,586266,581624,47657,629281,7057
2022-06-11,Placer,061,380077,68035,67306,8249,75555,628
2022-06-11,Plumas,063,18699,3203,3172,388,3560,13
2022-06-11,Riverside,065,2383286,619566,615556,29829,645385,6481
2022-06-11,Sacramento,067,1510023,305992,302721,29847,332568,3058
2022-06-11,San Benito,069,59416,14029,13832,661,14493,99
2022-06-11,San Bernardino,071,2135413,598617,587385,26220,613605,7708
2022-06-11,San Diego,073,3302833,810012,805360,59477,864837,5315
2022-06-11,San Francisco,075,870044,151569,149278,9967,159245,890
2022-06-11,San Joaquin,077,732212,176693,174822,11489,186311,2244
2022-06-11,San Luis Obispo,079,281455,56711,56160,5008,61168,485
2022-06-11,San Mateo,081,765935,143844,141719,8980,150699,715
2022-06-11,Santa Barbara,083,443738,92862,92177,5342,97519,694
2022-06-11,Santa Clara,085,1922200,369169,359925,15649,375574,2322
2022-06-11,Santa Cruz,087,273765,53954,53171,2605,55776,264
2022-06-11,Shasta,089,179085,31654,31483,6321,37804,566
2022-06-11,Sierra,091,2930,281,278,56,334,4
2022-06-11,Siskiyou,093,43540,4648,4633,2897,7530,81
2022-06-11,Solano,095,438530,91112,89424,6414,95838,453
2022-06-11,Sonoma,097,501317,94294,93218,4036,97254,492
2022-06-11,Stanislaus,099,539301,123300,122267,18858,141125,1665
2022-06-11,Sutter,101,95872,21422,21333,2246,23579,227
2022-06-11,Tehama,103,63373,12411,12343,2680,15023,205
2022-06-11,Trinity,105,12862,1220,1213,292,1505,20
2022-06-11,Tulare,107,460477,109803,109467,29458,138925,1495
2022-06-11,Tuolumne,109,53932,13537,13382,660,14042,189
2022-06-11,Ventura,111,848112,185061,183680,11256,194936,1508
2022-06-11,Yolo,113,214977,42040,40202,3352,43554,323
2022-06-11,Yuba,115,75493,16773,16653,1392,18045,123
2022-06-10,Alameda,001,1643700,296148,292112,16458,308570,1877
2022-06-10,Alpine,003,1148,129,129,1,130,0
2022-06-10,Amador,005,37829,9034,8869,726,9595,87
2022-06-10,Butte,007,227075,35069,34596,7676,42272,427
2022-06-10,Calaveras,009,45235,7646,7604,402,8006,122
2022-06-10,Colusa,011,21464,3518,3505,1094,4599,21
2022-06-10,Contra Costa,013,1133247,217198,211229,16407,227636,1315
2022-06-10,Del Norte,015,27424,6330,6253,268,6521,52
2022-06-10,El Dorado,017,186661,28877,28641,3565,32206,215
2022-06-10,Fresno,019,978130,242472,240345,25857,266202,2766
2022-06-10,Glenn,021,27897,5154,5104,1669,6773,48
2022-06-10,Humboldt,023,135768,18865,18696,3745,22441,148
2022-06-10,Imperial,025,180216,57368,57129,11158,68287,941
2022-06-10,Inyo,027,18085,4211,4194,599,4793,56
2022-06-10,Kern,029,883053,198546,197353,48780,246133,2338
2022-06-10,Kings,031,150075,53144,52978,3618,56596,447
2022-06-10,Lake,033,64148,11309,11202,979,12181,139
2022-06-10,Lassen,035,31185,9206,9172,907,10079,64
2022-06-10,Los Angeles,037,10098052,2904438,2878981,138387,3017368,31947
2022-06-10,Madera,039,155013,38780,38567,6561,45128,372
2022-06-10,Marin,041,260295,39081,38593,4321,42914,294
2022-06-10,Mariposa,043,17540,2658,2625,251,2876,30
2022-06-10,Mendocino,045,87422,14076,13945,3607,17552,127
2022-06-10,Merced,047,269075,65035,64286,9513,73799,825
2022-06-10,Modoc,049,8938,770,767,263,1030,8
2022-06-10,Mono,051,14174,3067,3052,171,3223,6
2022-06-10,Monterey,053,433212,84050,83391,16265,99656,739
2022-06-10,Napa,055,140530,28543,28202,1205,29407,143
2022-06-10,Nevada,057,99092,17127,16989,1398,18387,127
2022-06-10,Orange,059,3164182,585604,581624,47537,629161,7057
2022-06-10,Placer,061,380077,67964,67306,8231,75537,628
2022-06-10,Plumas,063,18699,3199,3172,388,3560,13
2022-06-10,Riverside,065,2383286,619044,615556,29800,645356,6481
2022-06-10,Sacramento,067,1510023,305596,302721,29824,332545,3058
2022-06-10,San Benito,069,59416,14016,13832,660,14492,99
2022-06-10,San Bernardino,071,2135413,598207,587385,26189,613574,7708
2022-06-10,San Diego,073,3302833,809097,805360,59441,864801,5315
2022-06-10,San Francisco,075,870044,151254,149278,9929,159207,890
2022-06-10,San Joaquin,077,732212,176578,174822,11473,186295,2244
2022-06-10,San Luis Obispo,079,281455,56676,56160,5001,61161,485
2022-06-10,San Mateo,081,765935,143588,141719,8967,150686,715
2022-06-10,Santa Barbara,083,443738,92763,92177,5338,97515,694
2022-06-10,Santa Clara,085,1922200,368424,359925,15615,375540,2322
2022-06-10,Santa Cruz,087,273765,53855,53171,2595,55766,264
2022-06-10,Shasta,089,179085,31634,31483,6312,37795,566
2022-06-10,Sierra,091,2930,280,278,56,334,4
2022-06-10,Siskiyou,093,43540,4641,4633,2891,7524,81
2022-06-10,Solano,095,438530,90950,89424,6400,95824,453
2022-06-10,Sonoma,097,501317,94133,93218,4013,97231,492
2022-06-10,Stanislaus,099,539301,123181,122267,18844,141111,1665
2022-06-10,Sutter,101,95872,21407,21333,2244,23577,227
2022-06-10,Tehama,103,63373,12403,12343,2679,15022,205
2022-06-10,Trinity,105,12862,1218,1213,292,1505,20
2022-06-10,Tulare,107,460477,109736,109467,29437,138904,1495
2022-06-10,Tuolumne,109,53932,13523,13382,658,14040,189
2022-06-10,Ventura,111,848112,184875,183680,11222,194902,1508
2022-06-10,Yolo,113,214977,41950,40202,3344,43546,323
2022-06-10,Yuba,115,75493,16752,16653,1389,18042,123
2022-06-09,Alameda,001,1643700,295240,292112,16407,308519,1877
2022-06-09,Alpine,003,1148,129,129,1,130,0
2022-06-09,Amador,005,37829,9023,8869,723,9592,87
2022-06-09,Butte,007,227075,35009,34596,7665,42261,427
2022-06-09,Calaveras,009,45235,7636,7604,402,8006,122
2022-06-09,Colusa,011,21464,3517,3505,1092,4597,21
2022-06-09,Contra Costa,013,1133247,216684,211229,16362,227591,1315
2022-06-09,Del Norte,015,27424,6317,6253,265,6518,52
2022-06-09,El Dorado,017,186661,28820,28641,3555,32196,215
2022-06-09,Fresno,019,978130,242116,240345,25810,266155,2766
2022-06-09,Glenn,021,27897,5148,5104,1667,6771,48
2022-06-09,Humboldt,023,135768,18816,18696,3734,22430,148
2022-06-09,Imperial,025,180216,57310,57129,11141,68270,941
2022-06-09,Inyo,027,18085,4208,4194,594,4788,56
2022-06-09,Kern,029,883053,198344,197353,48680,246033,2338
2022-06-09,Kings,031,150075,53103,52978,3615,56593,447
2022-06-09,Lake,033,64148,11284,11202,977,12179,139
2022-06-09,Lassen,035,31185,9187,9172,905,10077,64
2022-06-09,Los Angeles,037,10098052,2900041,2878981,138006,3016987,31947
2022-06-09,Madera,039,155013,38727,38567,6547,45114,372
2022-06-09,Marin,041,260295,38978,38593,4296,42889,294
2022-06-09,Mariposa,043,17540,2654,2625,250,2875,30
2022-06-09,Mendocino,045,87422,14048,13945,3605,17550,127
2022-06-09,Merced,047,269075,64958,64286,9504,73790,825
2022-06-09,Modoc,049,8938,769,767,263,1030,8
2022-06-09,Mono,051,14174,3061,3052,169,3221,6
2022-06-09,Monterey,053,433212,83929,83391,16196,99587,739
2022-06-09,Napa,055,140530,28483,28202,1203,29405,143
2022-06-09,Nevada,057,99092,17093,16989,1397,18386,127
2022-06-09,Orange,059,3164182,584540,581624,47384,629008,7057
2022-06-09,Placer,061,380077,67843,67306,8218,75524,628
2022-06-09,Plumas,063,18699,3193,3172,388,3560,13
2022-06-09,Riverside,065,2383286,618352,615556,29760,645316,6481
2022-06-09,Sacramento,067,1510023,305013,302721,29737,332458,3058
2022-06-09,San Benito,069,59416,13998,13832,658,14490,99
2022-06-09,San Bernardino,071,2135413,597540,587385,26156,613541,7708
2022-06-09,San Diego,073,3302833,807692,805360,59301,864661,5315
2022-06-09,San Francisco,075,870044,150862,149278,9899,159177,890
2022-06-09,San Joaquin,077,732212,176285,174822,11453,186275,2244
2022-06-09,San Luis Obispo,079,281455,56589,56160,4972,61132,485
2022-06-09,San Mateo,081,765935,143203,141719,8940,150659,715
2022-06-09,Santa Barbara,083,443738,92632,92177,5333,97510,694
2022-06-09,Santa Clara,085,1922200,367458,359925,15547,375472,2322
2022-06-09,Santa Cruz,087,273765,53723,53171,2585,55756,264
2022-06-09,Shasta,089,179085,31602,31483,6302,37785,566
2022-06-09,Sierra,091,2930,280,278,56,334,4
2022-06-09,Siskiyou,093,43540,4634,4633,2877,7510,81
2022-06-09,Solano,095,438530,90704,89424,6385,95809,453
2022-06-09,Sonoma,097,501317,93976,93218,3994,97212,492
2022-06-09,Stanislaus,099,539301,123013,122267,18830,141097,1665
2022-06-09,Sutter,101,95872,21370,21333,2244,23577,227
2022-06-09,Tehama,103,63373,12385,12343,2678,15021,205
2022-06-09,Trinity,105,12862,1217,1213,292,1505,20
2022-06-09,Tulare,107,460477,109615,109467,29401,138868,1495
2022-06-09,Tuolumne,109,53932,13492,13382,655,14037,189
2022-06-09,Ventura,111,848112,184607,183680,11188,194868,1508
2022-06-09,Yolo,113,214977,41838,40202,3329,43531,323
2022-06-09,Yuba,115,75493,16729,16653,1386,18039,123
2022-06-08,Alameda,001,1643700,294478,289661,16359,306020,1873
2022-06-08,Alpine,003,1148,129,128,1,129,0
2022-06-08,Amador,005,37829,9015,8818,721,9539,87
2022-06-08,Butte,007,227075,34942,34380,7647,42027,427
2022-06-08,Calaveras,009,45235,7622,7564,402,7966,122
2022-06-08,Colusa,011,21464,3515,3495,1089,4584,21
2022-06-08,Contra Costa,013,1133247,216171,209384,16298,225682,1310
2022-06-08,Del Norte,015,27424,6295,6229,265,6494,52
2022-06-08,El Dorado,017,186661,28768,28478,3546,32024,215
2022-06-08,Fresno,019,978130,241775,239376,25739,265115,2766
2022-06-08,Glenn,021,27897,5144,5095,1664,6759,48
2022-06-08,Humboldt,023,135768,18786,18598,3708,22306,147
2022-06-08,Imperial,025,180216,57235,56912,11121,68033,941
2022-06-08,Inyo,027,18085,4206,4189,594,4783,56
2022-06-08,Kern,029,883053,198076,196763,48568,245331,2338
2022-06-08,Kings,031,150075,53033,52821,3611,56432,447
2022-06-08,Lake,033,64148,11263,11158,974,12132,137
2022-06-08,Lassen,035,31185,9174,9148,905,10053,64
2022-06-08,Los Angeles,037,10098052,2895423,2865901,137615,3003516,31920
2022-06-08,Madera,039,155013,38682,38408,6534,44942,372
2022-06-08,Marin,041,260295,38886,38338,4279,42617,294
2022-06-08,Mariposa,043,17540,2644,2614,249,2863,30
2022-06-08,Mendocino,045,87422,14028,13859,3593,17452,127
2022-06-08,Merced,047,269075,64892,64080,9482,73562,825
2022-06-08,Modoc,049,8938,765,761,263,1024,8
2022-06-08,Mono,051,14174,3057,3044,169,3213,6
2022-06-08,Monterey,053,433212,83818,83063,16146,99209,740
2022-06-08,Napa,055,140530,28394,27996,1198,29194,143
2022-06-08,Nevada,057,99092,17067,16907,1393,18300,127
2022-06-08,Orange,059,3164182,583435,578530,47192,625722,7044
2022-06-08,Placer,061,380077,67712,66951,8206,75157,627
2022-06-08,Plumas,063,18699,3190,3150,387,3537,13
2022-06-08,Riverside,065,2383286,617666,613469,29725,643194,6480
2022-06-08,Sacramento,067,1510023,304371,300875,29654,330529,3054
2022-06-08,San Benito,069,59416,13964,13734,656,14390,99
2022-06-08,San Bernardino,071,2135413,596846,585029,26112,611141,7685
2022-06-08,San Diego,073,3302833,806197,800840,59125,859965,5308
2022-06-08,San Francisco,075,870044,150439,147960,9873,157833,885
2022-06-08,San Joaquin,077,732212,176009,173887,11423,185310,2241
2022-06-08,San Luis Obispo,079,281455,56433,55822,4909,60731,484
2022-06-08,San Mateo,081,765935,142804,140569,8891,149460,710
2022-06-08,Santa Barbara,083,443738,92493,91747,5322,97069,693
2022-06-08,Santa Clara,085,1922200,366488,356452,15497,371949,2321
2022-06-08,Santa Cruz,087,273765,53583,52753,2574,55327,264
2022-06-08,Shasta,089,179085,31569,31394,6291,37685,565
2022-06-08,Sierra,091,2930,280,278,56,334,4
2022-06-08,Siskiyou,093,43540,4629,4609,2875,7484,81
2022-06-08,Solano,095,438530,90436,88522,6363,94885,453
2022-06-08,Sonoma,097,501317,93791,92644,3960,96604,491
2022-06-08,Stanislaus,099,539301,122830,121787,18795,140582,1662
2022-06-08,Sutter,101,95872,21346,21256,2238,23494,227
2022-06-08,Tehama,103,63373,12378,12306,2677,14983,205
2022-06-08,Trinity,105,12862,1216,1211,291,1502,20
2022-06-08,Tulare,107,460477,109529,109091,29347,138438,1494
2022-06-08,Tuolumne,109,53932,13476,13335,654,13989,189
2022-06-08,Ventura,111,848112,184331,182847,11138,193985,1506
2022-06-08,Yolo,113,214977,41732,39962,3315,43277,321
2022-06-08,Yuba,115,75493,16704,16558,1378,17936,122
2022-06-07,Alameda,001,1643700,293667,289661,16315,305976,1873
2022-06-07,Alpine,003,1148,129,128,1,129,0
2022-06-07,Amador,005,37829,9005,8818,718,9536,87
2022-06-07,Butte,007,227075,34863,34380,7622,42002,427
2022-06-07,Calaveras,009,45235,7614,7564,400,7964,122
2022-06-07,Colusa,011,21464,3515,3495,1086,4581,21
2022-06-07,Contra Costa,013,1133247,215611,209384,16245,225629,1310
2022-06-07,Del Norte,015,27424,6287,6229,262,6491,52
2022-06-07,El Dorado,017,186661,28704,28478,3535,32013,215
2022-06-07,Fresno,019,978130,241390,239376,25672,265048,2766
2022-06-07,Glenn,021,27897,5137,5095,1664,6759,48
2022-06-07,Humboldt,023,135768,18748,18598,3692,22290,147
2022-06-07,Imperial,025,180216,57176,56912,11088,68000,941
2022-06-07,Inyo,027,18085,4205,4189,586,4775,56
2022-06-07,Kern,029,883053,197821,196763,48456,245219,2338
2022-06-07,Kings,031,150075,52975,52821,3607,56428,447
2022-06-07,Lake,033,64148,11238,11158,968,12126,137
2022-06-07,Lassen,035,31185,9165,9148,904,10052,64
2022-06-07,Los Angeles,037,10098052,2890084,2865901,137179,3003080,31920
2022-06-07,Madera,039,155013,38610,38408,6518,44926,372
2022-06-07,Marin,041,260295,38802,38338,4252,42590,294
2022-06-07,Mariposa,043,17540,2637,2614,247,2861,30
2022-06-07,Mendocino,045,87422,13996,13859,3562,17421,127
2022-06-07,Merced,047,269075,64800,64080,9466,73546,825
2022-06-07,Modoc,049,8938,765,761,261,1022,8
2022-06-07,Mono,051,14174,3055,3044,167,3211,6
2022-06-07,Monterey,053,433212,83690,83063,16092,99155,740
2022-06-07,Napa,055,140530,28321,27996,1191,29187,143
2022-06-07,Nevada,057,99092,17040,16907,1387,18294,127
2022-06-07,Orange,059,3164182,582315,578530,47030,625560,7044
2022-06-07,Placer,061,380077,67560,66951,8174,75125,627
2022-06-07,Plumas,063,18699,3185,3150,386,3536,13
2022-06-07,Riverside,065,2383286,616790,613469,29674,643143,6480
2022-06-07,Sacramento,067,1510023,303647,300875,29552,330427,3054
2022-06-07,San Benito,069,59416,13921,13734,652,14386,99
2022-06-07,San Bernardino,071,2135413,596075,585029,26084,611113,7685
2022-06-07,San Diego,073,3302833,804621,800840,58914,859754,5308
2022-06-07,San Francisco,075,870044,149926,147960,9851,157811,885
2022-06-07,San Joaquin,077,732212,175673,173887,11386,185273,2241
2022-06-07,San Luis Obispo,079,281455,56330,55822,4864,60686,484
2022-06-07,San Mateo,081,765935,142385,140569,8836,149405,710
2022-06-07,Santa Barbara,083,443738,92347,91747,5309,97056,693
2022-06-07,Santa Clara,085,1922200,365349,356452,15417,371869,2321
2022-06-07,Santa Cruz,087,273765,53482,52753,2567,55320,264
2022-06-07,Shasta,089,179085,31532,31394,6284,37678,565
2022-06-07,Sierra,091,2930,279,278,56,334,4
2022-06-07,Siskiyou,093,43540,4622,4609,2871,7480,81
2022-06-07,Solano,095,438530,90110,88522,6345,94867,453
2022-06-07,Sonoma,097,501317,93562,92644,3928,96572,491
2022-06-07,Stanislaus,099,539301,122657,121787,18775,140562,1662
2022-06-07,Sutter,101,95872,21317,21256,2236,23492,227
2022-06-07,Tehama,103,63373,12362,12306,2673,14979,205
2022-06-07,Trinity,105,12862,1215,1211,291,1502,20
2022-06-07,Tulare,107,460477,109403,109091,29297,138388,1494
2022-06-07,Tuolumne,109,53932,13463,13335,652,13987,189
2022-06-07,Ventura,111,848112,183966,182847,11094,193941,1506
2022-06-07,Yolo,113,214977,41616,39962,3306,43268,321
2022-06-07,Yuba,115,75493,16675,16558,1377,17935,122
2022-06-06,Alameda,001,1643700,292785,289661,16261,305922,1873
2022-06-06,Alpine,003,1148,129,128,1,129,0
2022-06-06,Amador,005,37829,8954,8818,716,9534,87
2022-06-06,Butte,007,227075,34799,34380,7608,41988,427
2022-06-06,Calaveras,009,45235,7603,7564,400,7964,122
2022-06-06,Colusa,011,21464,3514,3495,1082,4577,21
2022-06-06,Contra Costa,013,1133247,214959,209384,16163,225547,1310
2022-06-06,Del Norte,015,27424,6279,6229,261,6490,52
2022-06-06,El Dorado,017,186661,28657,28478,3523,32001,215
2022-06-06,Fresno,019,978130,240965,239376,25604,264980,2766
2022-06-06,Glenn,021,27897,5129,5095,1662,6757,48
2022-06-06,Humboldt,023,135768,18710,18598,3679,22277,147
2022-06-06,Imperial,025,180216,57103,56912,11055,67967,941
2022-06-06,Inyo,027,18085,4201,4189,583,4772,56
2022-06-06,Kern,029,883053,197538,196763,48318,245081,2338
2022-06-06,Kings,031,150075,52916,52821,3604,56425,447
2022-06-06,Lake,033,64148,11218,11158,962,12120,137
2022-06-06,Lassen,035,31185,9155,9148,903,10051,64
2022-06-06,Los Angeles,037,10098052,2884442,2865901,136762,3002663,31920
2022-06-06,Madera,039,155013,38542,38408,6490,44898,372
2022-06-06,Marin,041,260295,38677,38338,4215,42553,294
2022-06-06,Mariposa,043,17540,2627,2614,245,2859,30
2022-06-06,Mendocino,045,87422,13967,13859,3551,17410,127
2022-06-06,Merced,047,269075,64680,64080,9442,73522,825
2022-06-06,Modoc,049,8938,763,761,259,1020,8
2022-06-06,Mono,051,14174,3052,3044,166,3210,6
2022-06-06,Monterey,053,433212,83547,83063,16027,99090,740
2022-06-06,Napa,055,140530,28242,27996,1182,29178,143
2022-06-06,Nevada,057,99092,17012,16907,1383,18290,127
2022-06-06,Orange,059,3164182,581188,578530,46869,625399,7044
2022-06-06,Placer,061,380077,67444,66951,8142,75093,627
2022-06-06,Plumas,063,18699,3178,3150,385,3535,13
2022-06-06,Riverside,065,2383286,615998,613469,29624,643093,6480
2022-06-06,Sacramento,067,1510023,302871,300875,29450,330325,3054
2022-06-06,San Benito,069,59416,13873,13734,648,14382,99
2022-06-06,San Bernardino,071,2135413,595304,585029,26042,611071,7685
2022-06-06,San Diego,073,3302833,802833,800840,58678,859518,5308
2022-06-06,San Francisco,075,870044,149409,147960,9829,157789,885
2022-06-06,San Joaquin,077,732212,175290,173887,11355,185242,2241
2022-06-06,San Luis Obispo,079,281455,56221,55822,4831,60653,484
2022-06-06,San Mateo,081,765935,141903,140569,8799,149368,710
2022-06-06,Santa Barbara,083,443738,92170,91747,5291,97038,693
2022-06-06,Santa Clara,085,1922200,364089,356452,15333,371785,2321
2022-06-06,Santa Cruz,087,273765,53327,52753,2555,55308,264
2022-06-06,Shasta,089,179085,31497,31394,6272,37666,565
2022-06-06,Sierra,091,2930,279,278,56,334,4
2022-06-06,Siskiyou,093,43540,4612,4609,2861,7470,81
2022-06-06,Solano,095,438530,89817,88522,6325,94847,453
2022-06-06,Sonoma,097,501317,93321,92644,3900,96544,491
2022-06-06,Stanislaus,099,539301,122469,121787,18749,140536,1662
2022-06-06,Sutter,101,95872,21287,21256,2230,23486,227
2022-06-06,Tehama,103,63373,12350,12306,2671,14977,205
2022-06-06,Trinity,105,12862,1213,1211,291,1502,20
2022-06-06,Tulare,107,460477,109264,109091,29242,138333,1494
2022-06-06,Tuolumne,109,53932,13444,13335,651,13986,189
2022-06-06,Ventura,111,848112,183659,182847,11051,193898,1506
2022-06-06,Yolo,113,214977,41460,39962,3295,43257,321
2022-06-06,Yuba,115,75493,16632,16558,1370,17928,122
2022-06-05,Alameda,001,1643700,291736,285785,16200,301985,1873
2022-06-05,Alpine,003,1148,128,128,1,129,0
2022-06-05,Amador,005,37829,8916,8775,713,9488,87
2022-06-05,Butte,007,227075,34720,34129,7590,41719,427
2022-06-05,Calaveras,009,45235,7587,7525,394,7919,121
2022-06-05,Colusa,011,21464,3508,3484,1082,4566,21
2022-06-05,Contra Costa,013,1133247,214249,206711,16054,222765,1310
2022-06-05,Del Norte,015,27424,6268,6206,257,6463,52
2022-06-05,El Dorado,017,186661,28580,28241,3514,31755,214
2022-06-05,Fresno,019,978130,240498,237945,25515,263460,2766
2022-06-05,Glenn,021,27897,5122,5063,1662,6725,48
2022-06-05,Humboldt,023,135768,18661,18433,3657,22090,147
2022-06-05,Imperial,025,180216,57007,56690,11007,67697,941
2022-06-05,Inyo,027,18085,4197,4176,578,4754,56
2022-06-05,Kern,029,883053,197227,195863,48198,244061,2338
2022-06-05,Kings,031,150075,52840,52597,3598,56195,447
2022-06-05,Lake,033,64148,11199,11064,958,12022,137
2022-06-05,Lassen,035,31185,9147,9106,899,10005,64
2022-06-05,Los Angeles,037,10098052,2878369,2846989,136230,2983219,31899
2022-06-05,Madera,039,155013,38480,38188,6474,44662,372
2022-06-05,Marin,041,260295,38563,37879,4182,42061,294
2022-06-05,Mariposa,043,17540,2625,2557,244,2801,30
2022-06-05,Mendocino,045,87422,13931,13738,3504,17242,125
2022-06-05,Merced,047,269075,64589,63756,9408,73164,825
2022-06-05,Modoc,049,8938,762,759,259,1018,8
2022-06-05,Mono,051,14174,3049,3037,164,3201,6
2022-06-05,Monterey,053,433212,83385,82451,15946,98397,738
2022-06-05,Napa,055,140530,28113,27686,1173,28859,143
2022-06-05,Nevada,057,99092,16968,16728,1367,18095,127
2022-06-05,Orange,059,3164182,579924,574146,46681,620827,7038
2022-06-05,Placer,061,380077,67303,66428,8109,74537,627
2022-06-05,Plumas,063,18699,3170,3138,385,3523,13
2022-06-05,Riverside,065,2383286,615062,610369,29561,639930,6481
2022-06-05,Sacramento,067,1510023,301958,297787,29307,327094,3052
2022-06-05,San Benito,069,59416,13828,13572,642,14214,99
2022-06-05,San Bernardino,071,2135413,594320,582305,25998,608303,7664
2022-06-05,San Diego,073,3302833,800937,794822,58486,853308,5303
2022-06-05,San Francisco,075,870044,148821,145876,9776,155652,881
2022-06-05,San Joaquin,077,732212,174852,172621,11307,183928,2242
2022-06-05,San Luis Obispo,079,281455,56059,55333,4758,60091,484
2022-06-05,San Mateo,081,765935,141389,138536,8751,147287,710
2022-06-05,Santa Barbara,083,443738,91978,90911,5272,96183,693
2022-06-05,Santa Clara,085,1922200,362670,351492,15244,366736,2317
2022-06-05,Santa Cruz,087,273765,53135,52333,2542,54875,263
2022-06-05,Shasta,089,179085,31456,31272,6261,37533,565
2022-06-05,Sierra,091,2930,279,278,56,334,4
2022-06-05,Siskiyou,093,43540,4607,4591,2849,7440,81
2022-06-05,Solano,095,438530,89475,87571,6308,93879,452
2022-06-05,Sonoma,097,501317,93041,91518,3871,95389,491
2022-06-05,Stanislaus,099,539301,122272,121001,18721,139722,1661
2022-06-05,Sutter,101,95872,21255,21125,2223,23348,227
2022-06-05,Tehama,103,63373,12332,12262,2668,14930,204
2022-06-05,Trinity,105,12862,1213,1204,291,1495,20
2022-06-05,Tulare,107,460477,109077,108598,29167,137765,1490
2022-06-05,Tuolumne,109,53932,13415,13251,638,13889,189
2022-06-05,Ventura,111,848112,183306,181709,10994,192703,1505
2022-06-05,Yolo,113,214977,41331,39561,3283,42844,321
2022-06-05,Yuba,115,75493,16592,16467,1362,17829,122
2022-06-04,Alameda,001,1643700,291235,285785,16180,301965,1873
2022-06-04,Alpine,003,1148,128,128,1,129,0
2022-06-04,Amador,005,37829,8907,8775,711,9486,87
2022-06-04,Butte,007,227075,34681,34129,7585,41714,427
2022-06-04,Calaveras,009,45235,7573,7525,394,7919,121
2022-06-04,Colusa,011,21464,3505,3484,1077,4561,21
2022-06-04,Contra Costa,013,1133247,213861,206711,16014,222725,1310
2022-06-04,Del Norte,015,27424,6267,6206,257,6463,52
2022-06-04,El Dorado,017,186661,28541,28241,3510,31751,214
2022-06-04,Fresno,019,978130,240327,237945,25498,263443,2766
2022-06-04,Glenn,021,27897,5118,5063,1661,6724,48
2022-06-04,Humboldt,023,135768,18639,18433,3651,22084,147
2022-06-04,Imperial,025,180216,56956,56690,10995,67685,941
2022-06-04,Inyo,027,18085,4197,4176,577,4753,56
2022-06-04,Kern,029,883053,197104,195863,48130,243993,2338
2022-06-04,Kings,031,150075,52799,52597,3598,56195,447
2022-06-04,Lake,033,64148,11184,11064,952,12016,137
2022-06-04,Lassen,035,31185,9142,9106,898,10004,64
2022-06-04,Los Angeles,037,10098052,2875916,2846989,135955,2982944,31899
2022-06-04,Madera,039,155013,38446,38188,6470,44658,372
2022-06-04,Marin,041,260295,38486,37879,4141,42020,294
2022-06-04,Mariposa,043,17540,2622,2557,244,2801,30
2022-06-04,Mendocino,045,87422,13918,13738,3503,17241,125
2022-06-04,Merced,047,269075,64539,63756,9399,73155,825
2022-06-04,Modoc,049,8938,761,759,258,1017,8
2022-06-04,Mono,051,14174,3049,3037,164,3201,6
2022-06-04,Monterey,053,433212,83300,82451,15911,98362,738
2022-06-04,Napa,055,140530,28071,27686,1171,28857,143
2022-06-04,Nevada,057,99092,16955,16728,1366,18094,127
2022-06-04,Orange,059,3164182,579283,574146,46554,620700,7038
2022-06-04,Placer,061,380077,67221,66428,8092,74520,627
2022-06-04,Plumas,063,18699,3166,3138,384,3522,13
2022-06-04,Riverside,065,2383286,614527,610369,29536,639905,6481
2022-06-04,Sacramento,067,1510023,301600,297787,29278,327065,3052
2022-06-04,San Benito,069,59416,13802,13572,639,14211,99
2022-06-04,San Bernardino,071,2135413,593871,582305,25969,608274,7664
2022-06-04,San Diego,073,3302833,800208,794822,58439,853261,5303
2022-06-04,San Francisco,075,870044,148493,145876,9755,155631,881
2022-06-04,San Joaquin,077,732212,174707,172621,11270,183891,2242
2022-06-04,San Luis Obispo,079,281455,56020,55333,4752,60085,484
2022-06-04,San Mateo,081,765935,141085,138536,8723,147259,710
2022-06-04,Santa Barbara,083,443738,91880,90911,5251,96162,693
2022-06-04,Santa Clara,085,1922200,361801,351492,15203,366695,2317
2022-06-04,Santa Cruz,087,273765,53050,52333,2529,54862,263
2022-06-04,Shasta,089,179085,31433,31272,6258,37530,565
2022-06-04,Sierra,091,2930,279,278,56,334,4
2022-06-04,Siskiyou,093,43540,4603,4591,2843,7434,81
2022-06-04,Solano,095,438530,89390,87571,6291,93862,452
2022-06-04,Sonoma,097,501317,92888,91518,3857,95375,491
2022-06-04,Stanislaus,099,539301,122134,121001,18706,139707,1661
2022-06-04,Sutter,101,95872,21228,21125,2220,23345,227
2022-06-04,Tehama,103,63373,12318,12262,2667,14929,204
2022-06-04,Trinity,105,12862,1213,1204,291,1495,20
2022-06-04,Tulare,107,460477,109011,108598,29125,137723,1490
2022-06-04,Tuolumne,109,53932,13405,13251,635,13886,189
2022-06-04,Ventura,111,848112,183121,181709,10977,192686,1505
2022-06-04,Yolo,113,214977,41253,39561,3278,42839,321
2022-06-04,Yuba,115,75493,16576,16467,1358,17825,122
2022-06-03,Alameda,001,1643700,290700,285785,16154,301939,1873
2022-06-03,Alpine,003,1148,128,128,1,129,0
2022-06-03,Amador,005,37829,8901,8775,709,9484,87
2022-06-03,Butte,007,227075,34630,34129,7575,41704,427
2022-06-03,Calaveras,009,45235,7568,7525,394,7919,121
2022-06-03,Colusa,011,21464,3505,3484,1075,4559,21
2022-06-03,Contra Costa,013,1133247,213550,206711,15985,222696,1310
2022-06-03,Del Norte,015,27424,6263,6206,254,6460,52
2022-06-03,El Dorado,017,186661,28512,28241,3507,31748,214
2022-06-03,Fresno,019,978130,240098,237945,25465,263410,2766
2022-06-03,Glenn,021,27897,5112,5063,1659,6722,48
2022-06-03,Humboldt,023,135768,18619,18433,3646,22079,147
2022-06-03,Imperial,025,180216,56910,56690,10985,67675,941
2022-06-03,Inyo,027,18085,4196,4176,577,4753,56
2022-06-03,Kern,029,883053,196963,195863,48062,243925,2338
2022-06-03,Kings,031,150075,52775,52597,3598,56195,447
2022-06-03,Lake,033,64148,11173,11064,949,12013,137
2022-06-03,Lassen,035,31185,9137,9106,898,10004,64
2022-06-03,Los Angeles,037,10098052,2873017,2846989,135669,2982658,31899
2022-06-03,Madera,039,155013,38402,38188,6461,44649,372
2022-06-03,Marin,041,260295,38417,37879,4106,41985,294
2022-06-03,Mariposa,043,17540,2618,2557,244,2801,30
2022-06-03,Mendocino,045,87422,13896,13738,3502,17240,125
2022-06-03,Merced,047,269075,64488,63756,9396,73152,825
2022-06-03,Modoc,049,8938,761,759,258,1017,8
2022-06-03,Mono,051,14174,3046,3037,164,3201,6
2022-06-03,Monterey,053,433212,83201,82451,15864,98315,738
2022-06-03,Napa,055,140530,28021,27686,1163,28849,143
2022-06-03,Nevada,057,99092,16934,16728,1365,18093,127
2022-06-03,Orange,059,3164182,578598,574146,46450,620596,7038
2022-06-03,Placer,061,380077,67140,66428,8075,74503,627
2022-06-03,Plumas,063,18699,3164,3138,383,3521,13
2022-06-03,Riverside,065,2383286,613999,610369,29506,639875,6481
2022-06-03,Sacramento,067,1510023,301129,297787,29243,327030,3052
2022-06-03,San Benito,069,59416,13789,13572,635,14207,99
2022-06-03,San Bernardino,071,2135413,593419,582305,25934,608239,7664
2022-06-03,San Diego,073,3302833,799261,794822,58316,853138,5303
2022-06-03,San Francisco,075,870044,148127,145876,9723,155599,881
2022-06-03,San Joaquin,077,732212,174542,172621,11251,183872,2242
2022-06-03,San Luis Obispo,079,281455,55975,55333,4743,60076,484
2022-06-03,San Mateo,081,765935,140801,138536,8711,147247,710
2022-06-03,Santa Barbara,083,443738,91761,90911,5249,96160,693
2022-06-03,Santa Clara,085,1922200,360908,351492,15156,366648,2317
2022-06-03,Santa Cruz,087,273765,52918,52333,2516,54849,263
2022-06-03,Shasta,089,179085,31421,31272,6257,37529,565
2022-06-03,Sierra,091,2930,279,278,56,334,4
2022-06-03,Siskiyou,093,43540,4599,4591,2842,7433,81
2022-06-03,Solano,095,438530,89274,87571,6280,93851,452
2022-06-03,Sonoma,097,501317,92743,91518,3848,95366,491
2022-06-03,Stanislaus,099,539301,122027,121001,18685,139686,1661
2022-06-03,Sutter,101,95872,21205,21125,2219,23344,227
2022-06-03,Tehama,103,63373,12312,12262,2666,14928,204
2022-06-03,Trinity,105,12862,1211,1204,291,1495,20
2022-06-03,Tulare,107,460477,108943,108598,29090,137688,1490
2022-06-03,Tuolumne,109,53932,13394,13251,632,13883,189
2022-06-03,Ventura,111,848112,182933,181709,10952,192661,1505
2022-06-03,Yolo,113,214977,41191,39561,3264,42825,321
2022-06-03,Yuba,115,75493,16551,16467,1356,17823,122
2022-06-02,Alameda,001,1643700,289803,285785,16090,301875,1873
2022-06-02,Alpine,003,1148,128,128,1,129,0
2022-06-02,Amador,005,37829,8878,8775,707,9482,87
2022-06-02,Butte,007,227075,34554,34129,7559,41688,427
2022-06-02,Calaveras,009,45235,7555,7525,393,7918,121
2022-06-02,Colusa,011,21464,3502,3484,1075,4559,21
2022-06-02,Contra Costa,013,1133247,212964,206711,15893,222604,1310
2022-06-02,Del Norte,015,27424,6253,6206,253,6459,52
2022-06-02,El Dorado,017,186661,28445,28241,3495,31736,214
2022-06-02,Fresno,019,978130,239752,237945,25410,263355,2766
2022-06-02,Glenn,021,27897,5106,5063,1656,6719,48
2022-06-02,Humboldt,023,135768,18578,18433,3625,22058,147
2022-06-02,Imperial,025,180216,56850,56690,10974,67664,941
2022-06-02,Inyo,027,18085,4196,4176,574,4750,56
2022-06-02,Kern,029,883053,196680,195863,47958,243821,2338
2022-06-02,Kings,031,150075,52722,52597,3593,56190,447
2022-06-02,Lake,033,64148,11151,11064,947,12011,137
2022-06-02,Lassen,035,31185,9126,9106,898,10004,64
2022-06-02,Los Angeles,037,10098052,2868092,2846989,135242,2982231,31899
2022-06-02,Madera,039,155013,38349,38188,6448,44636,372
2022-06-02,Marin,041,260295,38319,37879,4079,41958,294
2022-06-02,Mariposa,043,17540,2613,2557,243,2800,30
2022-06-02,Mendocino,045,87422,13867,13738,3494,17232,125
2022-06-02,Merced,047,269075,64412,63756,9386,73142,825
2022-06-02,Modoc,049,8938,760,759,258,1017,8
2022-06-02,Mono,051,14174,3046,3037,164,3201,6
2022-06-02,Monterey,053,433212,83049,82451,15800,98251,738
2022-06-02,Napa,055,140530,27945,27686,1160,28846,143
2022-06-02,Nevada,057,99092,16897,16728,1360,18088,127
2022-06-02,Orange,059,3164182,577568,574146,46303,620449,7038
2022-06-02,Placer,061,380077,67019,66428,8051,74479,627
2022-06-02,Plumas,063,18699,3155,3138,383,3521,13
2022-06-02,Riverside,065,2383286,613315,610369,29447,639816,6481
2022-06-02,Sacramento,067,1510023,300489,297787,29138,326925,3052
2022-06-02,San Benito,069,59416,13756,13572,633,14205,99
2022-06-02,San Bernardino,071,2135413,592750,582305,25888,608193,7664
2022-06-02,San Diego,073,3302833,797888,794822,58144,852966,5303
2022-06-02,San Francisco,075,870044,147710,145876,9674,155550,881
2022-06-02,San Joaquin,077,732212,174231,172621,11218,183839,2242
2022-06-02,San Luis Obispo,079,281455,55845,55333,4708,60041,484
2022-06-02,San Mateo,081,765935,140422,138536,8659,147195,710
2022-06-02,Santa Barbara,083,443738,91587,90911,5234,96145,693
2022-06-02,Santa Clara,085,1922200,359820,351492,15036,366528,2317
2022-06-02,Santa Cruz,087,273765,52802,52333,2505,54838,263
2022-06-02,Shasta,089,179085,31391,31272,6250,37522,565
2022-06-02,Sierra,091,2930,279,278,56,334,4
2022-06-02,Siskiyou,093,43540,4592,4591,2833,7424,81
2022-06-02,Solano,095,438530,88999,87571,6270,93841,452
2022-06-02,Sonoma,097,501317,92517,91518,3822,95340,491
2022-06-02,Stanislaus,099,539301,121868,121001,18656,139657,1661
2022-06-02,Sutter,101,95872,21178,21125,2213,23338,227
2022-06-02,Tehama,103,63373,12300,12262,2659,14921,204
2022-06-02,Trinity,105,12862,1209,1204,291,1495,20
2022-06-02,Tulare,107,460477,108813,108598,29024,137622,1490
2022-06-02,Tuolumne,109,53932,13375,13251,630,13881,189
2022-06-02,Ventura,111,848112,182662,181709,10918,192627,1505
2022-06-02,Yolo,113,214977,41082,39561,3254,42815,321
2022-06-02,Yuba,115,75493,16530,16467,1349,17816,122
2022-06-01,Alameda,001,1643700,288797,284051,16036,300087,1868
2022-06-01,Alpine,003,1148,128,128,1,129,0
2022-06-01,Amador,005,37829,8872,8741,705,9446,87
2022-06-01,Butte,007,227075,34485,34059,7545,41604,427
2022-06-01,Calaveras,009,45235,7550,7502,390,7892,120
2022-06-01,Colusa,011,21464,3499,3476,1075,4551,21
2022-06-01,Contra Costa,013,1133247,212319,205699,15816,221515,1310
2022-06-01,Del Norte,015,27424,6243,6188,252,6440,51
2022-06-01,El Dorado,017,186661,28383,28133,3477,31610,214
2022-06-01,Fresno,019,978130,239393,237367,25355,262722,2765
2022-06-01,Glenn,021,27897,5101,5059,1655,6714,48
2022-06-01,Humboldt,023,135768,18535,18371,3602,21973,147
2022-06-01,Imperial,025,180216,56783,56445,10947,67392,938
2022-06-01,Inyo,027,18085,4192,4171,568,4739,56
2022-06-01,Kern,029,883053,196455,195438,47876,243314,2336
2022-06-01,Kings,031,150075,52665,52491,3589,56080,447
2022-06-01,Lake,033,64148,11130,11024,942,11966,137
2022-06-01,Lassen,035,31185,9113,9083,897,9980,64
2022-06-01,Los Angeles,037,10098052,2862687,2836856,134811,2971667,31882
2022-06-01,Madera,039,155013,38311,38115,6434,44549,372
2022-06-01,Marin,041,260295,38204,37654,4039,41693,293
2022-06-01,Mariposa,043,17540,2598,2549,242,2791,30
2022-06-01,Mendocino,045,87422,13840,13692,3478,17170,125
2022-06-01,Merced,047,269075,64333,63637,9366,73003,824
2022-06-01,Modoc,049,8938,757,755,257,1012,8
2022-06-01,Mono,051,14174,3044,3035,163,3198,6
2022-06-01,Monterey,053,433212,82894,82215,15737,97952,737
2022-06-01,Napa,055,140530,27869,27580,1150,28730,143
2022-06-01,Nevada,057,99092,16858,16693,1351,18044,127
2022-06-01,Orange,059,3164182,576319,571973,46148,618121,7032
2022-06-01,Placer,061,380077,66876,66199,8018,74217,627
2022-06-01,Plumas,063,18699,3148,3117,382,3499,13
2022-06-01,Riverside,065,2383286,612577,608913,29401,638314,6480
2022-06-01,Sacramento,067,1510023,299736,296457,29034,325491,3045
2022-06-01,San Benito,069,59416,13718,13510,622,14132,98
2022-06-01,San Bernardino,071,2135413,592043,580767,25850,606617,7641
2022-06-01,San Diego,073,3302833,796195,791557,57945,849502,5292
2022-06-01,San Francisco,075,870044,147191,144476,9636,154112,879
2022-06-01,San Joaquin,077,732212,173933,172170,11189,183359,2241
2022-06-01,San Luis Obispo,079,281455,55678,55099,4675,59774,482
2022-06-01,San Mateo,081,765935,139941,137566,8584,146150,710
2022-06-01,Santa Barbara,083,443738,91404,90531,5219,95750,693
2022-06-01,Santa Clara,085,1922200,358663,348742,14945,363687,2317
2022-06-01,Santa Cruz,087,273765,52689,52141,2495,54636,263
2022-06-01,Shasta,089,179085,31360,31247,6247,37494,564
2022-06-01,Sierra,091,2930,279,280,56,336,4
2022-06-01,Siskiyou,093,43540,4587,4574,2828,7402,81
2022-06-01,Solano,095,438530,88765,87206,6242,93448,452
2022-06-01,Sonoma,097,501317,92264,91174,3798,94972,491
2022-06-01,Stanislaus,099,539301,121677,120778,18634,139412,1656
2022-06-01,Sutter,101,95872,21149,21065,2209,23274,227
2022-06-01,Tehama,103,63373,12293,12245,2655,14900,204
2022-06-01,Trinity,105,12862,1208,1200,290,1490,20
2022-06-01,Tulare,107,460477,108702,108401,28968,137369,1490
2022-06-01,Tuolumne,109,53932,13361,13221,629,13850,189
2022-06-01,Ventura,111,848112,182379,181163,10887,192050,1503
2022-06-01,Yolo,113,214977,40999,39371,3243,42614,320
2022-06-01,Yuba,115,75493,16506,16406,1341,17747,122
2022-05-31,Alameda,001,1643700,287692,284051,15982,300033,1868
2022-05-31,Alpine,003,1148,128,128,1,129,0
2022-05-31,Amador,005,37829,8854,8741,699,9440,87
2022-05-31,Butte,007,227075,34424,34059,7527,41586,427
2022-05-31,Calaveras,009,45235,7539,7502,390,7892,120
2022-05-31,Colusa,011,21464,3494,3476,1074,4550,21
2022-05-31,Contra Costa,013,1133247,211568,205699,15721,221420,1310
2022-05-31,Del Norte,015,27424,6234,6188,250,6438,51
2022-05-31,El Dorado,017,186661,28322,28133,3457,31590,214
2022-05-31,Fresno,019,978130,238990,237367,25286,262653,2765
2022-05-31,Glenn,021,27897,5093,5059,1653,6712,48
2022-05-31,Humboldt,023,135768,18504,18371,3582,21953,147
2022-05-31,Imperial,025,180216,56719,56445,10923,67368,938
2022-05-31,Inyo,027,18085,4186,4171,566,4737,56
2022-05-31,Kern,029,883053,196211,195438,47780,243218,2336
2022-05-31,Kings,031,150075,52614,52491,3582,56073,447
2022-05-31,Lake,033,64148,11111,11024,938,11962,137
2022-05-31,Lassen,035,31185,9101,9083,896,9979,64
2022-05-31,Los Angeles,037,10098052,2856610,2836856,134346,2971202,31882
2022-05-31,Madera,039,155013,38247,38115,6414,44529,372
2022-05-31,Marin,041,260295,38066,37654,4003,41657,293
2022-05-31,Mariposa,043,17540,2592,2549,237,2786,30
2022-05-31,Mendocino,045,87422,13805,13692,3461,17153,125
2022-05-31,Merced,047,269075,64246,63637,9343,72980,824
2022-05-31,Modoc,049,8938,755,755,257,1012,8
2022-05-31,Mono,051,14174,3040,3035,163,3198,6
2022-05-31,Monterey,053,433212,82734,82215,15671,97886,737
2022-05-31,Napa,055,140530,27776,27580,1147,28727,143
2022-05-31,Nevada,057,99092,16811,16693,1349,18042,127
2022-05-31,Orange,059,3164182,575092,571973,45965,617938,7032
2022-05-31,Placer,061,380077,66716,66199,7988,74187,627
2022-05-31,Plumas,063,18699,3144,3117,381,3498,13
2022-05-31,Riverside,065,2383286,611658,608913,29339,638252,6480
2022-05-31,Sacramento,067,1510023,298883,296457,28893,325350,3045
2022-05-31,San Benito,069,59416,13663,13510,617,14127,98
2022-05-31,San Bernardino,071,2135413,591162,580767,25815,606582,7641
2022-05-31,San Diego,073,3302833,794320,791557,57740,849297,5292
2022-05-31,San Francisco,075,870044,146551,144476,9594,154070,879
2022-05-31,San Joaquin,077,732212,173557,172170,11147,183317,2241
2022-05-31,San Luis Obispo,079,281455,55528,55099,4610,59709,482
2022-05-31,San Mateo,081,765935,139383,137566,8542,146108,710
2022-05-31,Santa Barbara,083,443738,91180,90531,5196,95727,693
2022-05-31,Santa Clara,085,1922200,357153,348742,14867,363609,2317
2022-05-31,Santa Cruz,087,273765,52569,52141,2475,54616,263
2022-05-31,Shasta,089,179085,31326,31247,6236,37483,564
2022-05-31,Sierra,091,2930,278,280,55,335,4
2022-05-31,Siskiyou,093,43540,4582,4574,2822,7396,81
2022-05-31,Solano,095,438530,88433,87206,6218,93424,452
2022-05-31,Sonoma,097,501317,91975,91174,3759,94933,491
2022-05-31,Stanislaus,099,539301,121473,120778,18609,139387,1656
2022-05-31,Sutter,101,95872,21120,21065,2203,23268,227
2022-05-31,Tehama,103,63373,12284,12245,2650,14895,204
2022-05-31,Trinity,105,12862,1207,1200,290,1490,20
2022-05-31,Tulare,107,460477,108563,108401,28908,137309,1490
2022-05-31,Tuolumne,109,53932,13346,13221,626,13847,189
2022-05-31,Ventura,111,848112,182059,181163,10838,192001,1503
2022-05-31,Yolo,113,214977,40825,39371,3232,42603,320
2022-05-31,Yuba,115,75493,16474,16406,1335,17741,122
2022-05-30,Alameda,001,1643700,286321,284051,15892,299943,1868
2022-05-30,Alpine,003,1148,128,128,1,129,0
2022-05-30,Amador,005,37829,8839,8741,698,9439,87
2022-05-30,Butte,007,227075,34347,34059,7504,41563,427
2022-05-30,Calaveras,009,45235,7530,7502,390,7892,120
2022-05-30,Colusa,011,21464,3492,3476,1073,4549,21
2022-05-30,Contra Costa,013,1133247,210725,205699,15585,221284,1310
2022-05-30,Del Norte,015,27424,6216,6188,249,6437,51
2022-05-30,El Dorado,017,186661,28245,28133,3437,31570,214
2022-05-30,Fresno,019,978130,238518,237367,25211,262578,2765
2022-05-30,Glenn,021,27897,5088,5059,1650,6709,48
2022-05-30,Humboldt,023,135768,18450,18371,3554,21925,147
2022-05-30,Imperial,025,180216,56638,56445,10896,67341,938
2022-05-30,Inyo,027,18085,4181,4171,565,4736,56
2022-05-30,Kern,029,883053,195931,195438,47664,243102,2336
2022-05-30,Kings,031,150075,52518,52491,3582,56073,447
2022-05-30,Lake,033,64148,11082,11024,929,11953,137
2022-05-30,Lassen,035,31185,9086,9083,893,9976,64
2022-05-30,Los Angeles,037,10098052,2849284,2836856,133837,2970693,31882
2022-05-30,Madera,039,155013,38191,38115,6374,44489,372
2022-05-30,Marin,041,260295,37941,37654,3961,41615,293
2022-05-30,Mariposa,043,17540,2569,2549,233,2782,30
2022-05-30,Mendocino,045,87422,13758,13692,3443,17135,125
2022-05-30,Merced,047,269075,64149,63637,9306,72943,824
2022-05-30,Modoc,049,8938,752,755,255,1010,8
2022-05-30,Mono,051,14174,3037,3035,163,3198,6
2022-05-30,Monterey,053,433212,82546,82215,15583,97798,737
2022-05-30,Napa,055,140530,27699,27580,1139,28719,143
2022-05-30,Nevada,057,99092,16764,16693,1344,18037,127
2022-05-30,Orange,059,3164182,573627,571973,45749,617722,7032
2022-05-30,Placer,061,380077,66575,66199,7958,74157,627
2022-05-30,Plumas,063,18699,3138,3117,378,3495,13
2022-05-30,Riverside,065,2383286,610648,608913,29261,638174,6480
2022-05-30,Sacramento,067,1510023,297928,296457,28736,325193,3045
2022-05-30,San Benito,069,59416,13601,13510,609,14119,98
2022-05-30,San Bernardino,071,2135413,590187,580767,25779,606546,7641
2022-05-30,San Diego,073,3302833,792051,791557,57446,849003,5292
2022-05-30,San Francisco,075,870044,145896,144476,9540,154016,879
2022-05-30,San Joaquin,077,732212,173162,172170,11105,183275,2241
2022-05-30,San Luis Obispo,079,281455,55321,55099,4539,59638,482
2022-05-30,San Mateo,081,765935,138704,137566,8490,146056,710
2022-05-30,Santa Barbara,083,443738,90924,90531,5162,95693,693
2022-05-30,Santa Clara,085,1922200,355600,348742,14778,363520,2317
2022-05-30,Santa Cruz,087,273765,52431,52141,2465,54606,263
2022-05-30,Shasta,089,179085,31288,31247,6229,37476,564
2022-05-30,Sierra,091,2930,278,280,55,335,4
2022-05-30,Siskiyou,093,43540,4573,4574,2810,7384,81
2022-05-30,Solano,095,438530,88088,87206,6162,93368,452
2022-05-30,Sonoma,097,501317,91688,91174,3715,94889,491
2022-05-30,Stanislaus,099,539301,121281,120778,18580,139358,1656
2022-05-30,Sutter,101,95872,21081,21065,2197,23262,227
2022-05-30,Tehama,103,63373,12268,12245,2646,14891,204
2022-05-30,Trinity,105,12862,1206,1200,290,1490,20
2022-05-30,Tulare,107,460477,108404,108401,28819,137220,1490
2022-05-30,Tuolumne,109,53932,13321,13221,622,13843,189
2022-05-30,Ventura,111,848112,181686,181163,10786,191949,1503
2022-05-30,Yolo,113,214977,40639,39371,3222,42593,320
2022-05-30,Yuba,115,75493,16446,16406,1331,17737,122
2022-05-29,Alameda,001,1643700,285841,280775,15868,296643,1863
2022-05-29,Alpine,003,1148,128,126,1,127,0
2022-05-29,Amador,005,37829,8834,8696,695,9391,86
2022-05-29,Butte,007,227075,34331,33876,7497,41373,426
2022-05-29,Calaveras,009,45235,7519,7469,390,7859,120
2022-05-29,Colusa,011,21464,3491,3474,1072,4546,21
2022-05-29,Contra Costa,013,1133247,210380,203528,15560,219088,1306
2022-05-29,Del Norte,015,27424,6214,6166,248,6414,51
2022-05-29,El Dorado,017,186661,28219,27898,3434,31332,214
2022-05-29,Fresno,019,978130,238388,236250,25191,261441,2764
2022-05-29,Glenn,021,27897,5083,5048,1650,6698,48
2022-05-29,Humboldt,023,135768,18429,18257,3543,21800,147
2022-05-29,Imperial,025,180216,56600,56323,10882,67205,939
2022-05-29,Inyo,027,18085,4180,4161,565,4726,56
2022-05-29,Kern,029,883053,195833,194687,47599,242286,2334
2022-05-29,Kings,031,150075,52493,52292,3582,55874,447
2022-05-29,Lake,033,64148,11073,10958,927,11885,137
2022-05-29,Lassen,035,31185,9082,9049,893,9942,64
2022-05-29,Los Angeles,037,10098052,2847082,2819145,133568,2952713,31862
2022-05-29,Madera,039,155013,38168,37955,6369,44324,371
2022-05-29,Marin,041,260295,37872,37215,3929,41144,293
2022-05-29,Mariposa,043,17540,2564,2526,233,2759,31
2022-05-29,Mendocino,045,87422,13737,13612,3442,17054,124
2022-05-29,Merced,047,269075,64128,63389,9303,72692,824
2022-05-29,Modoc,049,8938,752,751,255,1006,8
2022-05-29,Mono,051,14174,3036,3030,163,3193,6
2022-05-29,Monterey,053,433212,82481,81875,15539,97414,737
2022-05-29,Napa,055,140530,27671,27376,1138,28514,144
2022-05-29,Nevada,057,99092,16749,16568,1342,17910,127
2022-05-29,Orange,059,3164182,573051,568369,45573,613942,7028
2022-05-29,Placer,061,380077,66506,65672,7949,73621,626
2022-05-29,Plumas,063,18699,3131,3096,378,3474,13
2022-05-29,Riverside,065,2383286,610302,606444,29226,635670,6480
2022-05-29,Sacramento,067,1510023,297472,294000,28714,322714,3032
2022-05-29,San Benito,069,59416,13595,13402,607,14009,98
2022-05-29,San Bernardino,071,2135413,589894,578656,25763,604419,7610
2022-05-29,San Diego,073,3302833,791312,786243,57366,843609,5288
2022-05-29,San Francisco,075,870044,145471,142456,9531,151987,879
2022-05-29,San Joaquin,077,732212,173000,171282,11087,182369,2241
2022-05-29,San Luis Obispo,079,281455,55269,54701,4527,59228,481
2022-05-29,San Mateo,081,765935,138452,135746,8477,144223,710
2022-05-29,Santa Barbara,083,443738,90795,89940,5161,95101,693
2022-05-29,Santa Clara,085,1922200,354805,344223,14738,358961,2304
2022-05-29,Santa Cruz,087,273765,52355,51819,2458,54277,263
2022-05-29,Shasta,089,179085,31276,31165,6225,37390,564
2022-05-29,Sierra,091,2930,278,278,55,333,4
2022-05-29,Siskiyou,093,43540,4568,4537,2808,7345,81
2022-05-29,Solano,095,438530,88035,86565,6151,92716,452
2022-05-29,Sonoma,097,501317,91596,90364,3700,94064,490
2022-05-29,Stanislaus,099,539301,121182,120241,18561,138802,1657
2022-05-29,Sutter,101,95872,21061,20976,2197,23173,227
2022-05-29,Tehama,103,63373,12258,12210,2645,14855,204
2022-05-29,Trinity,105,12862,1205,1196,290,1486,20
2022-05-29,Tulare,107,460477,108320,108029,28774,136803,1484
2022-05-29,Tuolumne,109,53932,13306,13141,622,13763,189
2022-05-29,Ventura,111,848112,181541,179953,10776,190729,1503
2022-05-29,Yolo,113,214977,40587,39016,3219,42235,319
2022-05-29,Yuba,115,75493,16430,16314,1327,17641,122
2022-05-28,Alameda,001,1643700,285467,280775,15843,296618,1863
2022-05-28,Alpine,003,1148,128,126,1,127,0
2022-05-28,Amador,005,37829,8825,8696,695,9391,86
2022-05-28,Butte,007,227075,34307,33876,7481,41357,426
2022-05-28,Calaveras,009,45235,7515,7469,390,7859,120
2022-05-28,Colusa,011,21464,3486,3474,1071,4545,21
2022-05-28,Contra Costa,013,1133247,210112,203528,15536,219064,1306
2022-05-28,Del Norte,015,27424,6210,6166,246,6412,51
2022-05-28,El Dorado,017,186661,28189,27898,3433,31331,214
2022-05-28,Fresno,019,978130,238230,236250,25160,261410,2764
2022-05-28,Glenn,021,27897,5080,5048,1650,6698,48
2022-05-28,Humboldt,023,135768,18405,18257,3533,21790,147
2022-05-28,Imperial,025,180216,56574,56323,10872,67195,939
2022-05-28,Inyo,027,18085,4180,4161,563,4724,56
2022-05-28,Kern,029,883053,195734,194687,47549,242236,2334
2022-05-28,Kings,031,150075,52469,52292,3581,55873,447
2022-05-28,Lake,033,64148,11063,10958,927,11885,137
2022-05-28,Lassen,035,31185,9077,9049,893,9942,64
2022-05-28,Los Angeles,037,10098052,2845106,2819145,133300,2952445,31862
2022-05-28,Madera,039,155013,38151,37955,6366,44321,371
2022-05-28,Marin,041,260295,37805,37215,3899,41114,293
2022-05-28,Mariposa,043,17540,2560,2526,233,2759,31
2022-05-28,Mendocino,045,87422,13725,13612,3442,17054,124
2022-05-28,Merced,047,269075,64096,63389,9297,72686,824
2022-05-28,Modoc,049,8938,752,751,255,1006,8
2022-05-28,Mono,051,14174,3036,3030,162,3192,6
2022-05-28,Monterey,053,433212,82413,81875,15507,97382,737
2022-05-28,Napa,055,140530,27626,27376,1137,28513,144
2022-05-28,Nevada,057,99092,16737,16568,1340,17908,127
2022-05-28,Orange,059,3164182,572536,568369,45453,613822,7028
2022-05-28,Placer,061,380077,66431,65672,7935,73607,626
2022-05-28,Plumas,063,18699,3125,3096,377,3473,13
2022-05-28,Riverside,065,2383286,609923,606444,29198,635642,6480
2022-05-28,Sacramento,067,1510023,297197,294000,28697,322697,3032
2022-05-28,San Benito,069,59416,13580,13402,607,14009,98
2022-05-28,San Bernardino,071,2135413,589531,578656,25736,604392,7610
2022-05-28,San Diego,073,3302833,790653,786243,57314,843557,5288
2022-05-28,San Francisco,075,870044,145167,142456,9510,151966,879
2022-05-28,San Joaquin,077,732212,172896,171282,11071,182353,2241
2022-05-28,San Luis Obispo,079,281455,55234,54701,4524,59225,481
2022-05-28,San Mateo,081,765935,138180,135746,8450,144196,710
2022-05-28,Santa Barbara,083,443738,90695,89940,5151,95091,693
2022-05-28,Santa Clara,085,1922200,354022,344223,14710,358933,2304
2022-05-28,Santa Cruz,087,273765,52315,51819,2450,54269,263
2022-05-28,Shasta,089,179085,31265,31165,6220,37385,564
2022-05-28,Sierra,091,2930,278,278,54,332,4
2022-05-28,Siskiyou,093,43540,4560,4537,2804,7341,81
2022-05-28,Solano,095,438530,87961,86565,6141,92706,452
2022-05-28,Sonoma,097,501317,91455,90364,3689,94053,490
2022-05-28,Stanislaus,099,539301,121082,120241,18553,138794,1657
2022-05-28,Sutter,101,95872,21046,20976,2195,23171,227
2022-05-28,Tehama,103,63373,12246,12210,2642,14852,204
2022-05-28,Trinity,105,12862,1204,1196,290,1486,20
2022-05-28,Tulare,107,460477,108263,108029,28741,136770,1484
2022-05-28,Tuolumne,109,53932,13291,13141,621,13762,189
2022-05-28,Ventura,111,848112,181375,179953,10756,190709,1503
2022-05-28,Yolo,113,214977,40533,39016,3212,42228,319
2022-05-28,Yuba,115,75493,16416,16314,1325,17639,122
2022-05-27,Alameda,001,1643700,284994,280775,15806,296581,1863
2022-05-27,Alpine,003,1148,127,126,1,127,0
2022-05-27,Amador,005,37829,8820,8696,695,9391,86
2022-05-27,Butte,007,227075,34281,33876,7465,41341,426
2022-05-27,Calaveras,009,45235,7508,7469,390,7859,120
2022-05-27,Colusa,011,21464,3486,3474,1071,4545,21
2022-05-27,Contra Costa,013,1133247,209831,203528,15504,219032,1306
2022-05-27,Del Norte,015,27424,6204,6166,246,6412,51
2022-05-27,El Dorado,017,186661,28165,27898,3425,31323,214
2022-05-27,Fresno,019,978130,238059,236250,25128,261378,2764
2022-05-27,Glenn,021,27897,5078,5048,1649,6697,48
2022-05-27,Humboldt,023,135768,18395,18257,3527,21784,147
2022-05-27,Imperial,025,180216,56490,56323,10867,67190,939
2022-05-27,Inyo,027,18085,4178,4161,562,4723,56
2022-05-27,Kern,029,883053,195625,194687,47481,242168,2334
2022-05-27,Kings,031,150075,52441,52292,3578,55870,447
2022-05-27,Lake,033,64148,11057,10958,925,11883,137
2022-05-27,Lassen,035,31185,9073,9049,893,9942,64
2022-05-27,Los Angeles,037,10098052,2842759,2819145,133052,2952197,31862
2022-05-27,Madera,039,155013,38117,37955,6357,44312,371
2022-05-27,Marin,041,260295,37738,37215,3865,41080,293
2022-05-27,Mariposa,043,17540,2554,2526,233,2759,31
2022-05-27,Mendocino,045,87422,13708,13612,3438,17050,124
2022-05-27,Merced,047,269075,64055,63389,9292,72681,824
2022-05-27,Modoc,049,8938,752,751,255,1006,8
2022-05-27,Mono,051,14174,3035,3030,162,3192,6
2022-05-27,Monterey,053,433212,82354,81875,15462,97337,737
2022-05-27,Napa,055,140530,27593,27376,1134,28510,144
2022-05-27,Nevada,057,99092,16726,16568,1336,17904,127
2022-05-27,Orange,059,3164182,571982,568369,45343,613712,7028
2022-05-27,Placer,061,380077,66361,65672,7926,73598,626
2022-05-27,Plumas,063,18699,3122,3096,377,3473,13
2022-05-27,Riverside,065,2383286,609509,606444,29166,635610,6480
2022-05-27,Sacramento,067,1510023,296821,294000,28657,322657,3032
2022-05-27,San Benito,069,59416,13568,13402,607,14009,98
2022-05-27,San Bernardino,071,2135413,589194,578656,25711,604367,7610
2022-05-27,San Diego,073,3302833,789775,786243,57222,843465,5288
2022-05-27,San Francisco,075,870044,144836,142456,9470,151926,879
2022-05-27,San Joaquin,077,732212,172764,171282,11051,182333,2241
2022-05-27,San Luis Obispo,079,281455,55171,54701,4513,59214,481
2022-05-27,San Mateo,081,765935,137930,135746,8425,144171,710
2022-05-27,Santa Barbara,083,443738,90606,89940,5150,95090,693
2022-05-27,Santa Clara,085,1922200,353281,344223,14693,358916,2304
2022-05-27,Santa Cruz,087,273765,52260,51819,2438,54257,263
2022-05-27,Shasta,089,179085,31255,31165,6214,37379,564
2022-05-27,Sierra,091,2930,278,278,54,332,4
2022-05-27,Siskiyou,093,43540,4558,4537,2802,7339,81
2022-05-27,Solano,095,438530,87833,86565,6130,92695,452
2022-05-27,Sonoma,097,501317,91310,90364,3677,94041,490
2022-05-27,Stanislaus,099,539301,120999,120241,18538,138779,1657
2022-05-27,Sutter,101,95872,21029,20976,2194,23170,227
2022-05-27,Tehama,103,63373,12243,12210,2641,14851,204
2022-05-27,Trinity,105,12862,1204,1196,290,1486,20
2022-05-27,Tulare,107,460477,108197,108029,28704,136733,1484
2022-05-27,Tuolumne,109,53932,13281,13141,620,13761,189
2022-05-27,Ventura,111,848112,181199,179953,10733,190686,1503
2022-05-27,Yolo,113,214977,40462,39016,3204,42220,319
2022-05-27,Yuba,115,75493,16402,16314,1324,17638,122
2022-05-26,Alameda,001,1643700,284143,280775,15729,296504,1863
2022-05-26,Alpine,003,1148,127,126,1,127,0
2022-05-26,Amador,005,37829,8807,8696,695,9391,86
2022-05-26,Butte,007,227075,34226,33876,7443,41319,426
2022-05-26,Calaveras,009,45235,7498,7469,390,7859,120
2022-05-26,Colusa,011,21464,3483,3474,1068,4542,21
2022-05-26,Contra Costa,013,1133247,209353,203528,15431,218959,1306
2022-05-26,Del Norte,015,27424,6196,6166,242,6408,51
2022-05-26,El Dorado,017,186661,28116,27898,3414,31312,214
2022-05-26,Fresno,019,978130,237804,236250,25072,261322,2764
2022-05-26,Glenn,021,27897,5072,5048,1649,6697,48
2022-05-26,Humboldt,023,135768,18354,18257,3514,21771,147
2022-05-26,Imperial,025,180216,56458,56323,10852,67175,939
2022-05-26,Inyo,027,18085,4177,4161,559,4720,56
2022-05-26,Kern,029,883053,195461,194687,47406,242093,2334
2022-05-26,Kings,031,150075,52395,52292,3575,55867,447
2022-05-26,Lake,033,64148,11042,10958,925,11883,137
2022-05-26,Lassen,035,31185,9064,9049,893,9942,64
2022-05-26,Los Angeles,037,10098052,2838582,2819145,132717,2951862,31862
2022-05-26,Madera,039,155013,38073,37955,6346,44301,371
2022-05-26,Marin,041,260295,37643,37215,3824,41039,293
2022-05-26,Mariposa,043,17540,2549,2526,231,2757,31
2022-05-26,Mendocino,045,87422,13682,13612,3429,17041,124
2022-05-26,Merced,047,269075,63990,63389,9282,72671,824
2022-05-26,Modoc,049,8938,751,751,255,1006,8
2022-05-26,Mono,051,14174,3034,3030,161,3191,6
2022-05-26,Monterey,053,433212,82275,81875,15409,97284,737
2022-05-26,Napa,055,140530,27541,27376,1132,28508,144
2022-05-26,Nevada,057,99092,16695,16568,1327,17895,127
2022-05-26,Orange,059,3164182,571079,568369,45217,613586,7028
2022-05-26,Placer,061,380077,66225,65672,7906,73578,626
2022-05-26,Plumas,063,18699,3118,3096,376,3472,13
2022-05-26,Riverside,065,2383286,608894,606444,29114,635558,6480
2022-05-26,Sacramento,067,1510023,296166,294000,28568,322568,3032
2022-05-26,San Benito,069,59416,13552,13402,605,14007,98
2022-05-26,San Bernardino,071,2135413,588648,578656,25696,604352,7610
2022-05-26,San Diego,073,3302833,788472,786243,57079,843322,5288
2022-05-26,San Francisco,075,870044,144382,142456,9423,151879,879
2022-05-26,San Joaquin,077,732212,172540,171282,11027,182309,2241
2022-05-26,San Luis Obispo,079,281455,55074,54701,4481,59182,481
2022-05-26,San Mateo,081,765935,137542,135746,8387,144133,710
2022-05-26,Santa Barbara,083,443738,90459,89940,5130,95070,693
2022-05-26,Santa Clara,085,1922200,352324,344223,14607,358830,2304
2022-05-26,Santa Cruz,087,273765,52169,51819,2430,54249,263
2022-05-26,Shasta,089,179085,31228,31165,6211,37376,564
2022-05-26,Sierra,091,2930,278,278,54,332,4
2022-05-26,Siskiyou,093,43540,4554,4537,2800,7337,81
2022-05-26,Solano,095,438530,87630,86565,6121,92686,452
2022-05-26,Sonoma,097,501317,91119,90364,3650,94014,490
2022-05-26,Stanislaus,099,539301,120895,120241,18519,138760,1657
2022-05-26,Sutter,101,95872,21009,20976,2190,23166,227
2022-05-26,Tehama,103,63373,12233,12210,2640,14850,204
2022-05-26,Trinity,105,12862,1202,1196,290,1486,20
2022-05-26,Tulare,107,460477,108131,108029,28649,136678,1484
2022-05-26,Tuolumne,109,53932,13261,13141,616,13757,189
2022-05-26,Ventura,111,848112,180937,179953,10696,190649,1503
2022-05-26,Yolo,113,214977,40358,39016,3195,42211,319
2022-05-26,Yuba,115,75493,16386,16314,1322,17636,122
2022-05-25,Alameda,001,1643700,283239,278228,15670,293898,1860
2022-05-25,Alpine,003,1148,126,126,1,127,0
2022-05-25,Amador,005,37829,8790,8654,693,9347,86
2022-05-25,Butte,007,227075,34164,33755,7420,41175,426
2022-05-25,Calaveras,009,45235,7490,7450,388,7838,120
2022-05-25,Colusa,011,21464,3482,3471,1066,4537,21
2022-05-25,Contra Costa,013,1133247,208801,201866,15358,217224,1306
2022-05-25,Del Norte,015,27424,6190,6145,236,6381,50
2022-05-25,El Dorado,017,186661,28064,27715,3405,31120,213
2022-05-25,Fresno,019,978130,237516,235569,25020,260589,2763
2022-05-25,Glenn,021,27897,5067,5030,1647,6677,48
2022-05-25,Humboldt,023,135768,18328,18133,3495,21628,147
2022-05-25,Imperial,025,180216,56402,56203,10841,67044,923
2022-05-25,Inyo,027,18085,4174,4152,559,4711,56
2022-05-25,Kern,029,883053,195267,194251,47319,241570,2336
2022-05-25,Kings,031,150075,52342,52178,3571,55749,447
2022-05-25,Lake,033,64148,11029,10908,924,11832,137
2022-05-25,Lassen,035,31185,9057,9028,893,9921,64
2022-05-25,Los Angeles,037,10098052,2833961,2806770,132345,2939115,31845
2022-05-25,Madera,039,155013,38034,37867,6333,44200,370
2022-05-25,Marin,041,260295,37543,36890,3796,40686,293
2022-05-25,Mariposa,043,17540,2539,2514,229,2743,30
2022-05-25,Mendocino,045,87422,13667,13545,3423,16968,124
2022-05-25,Merced,047,269075,63924,63220,9252,72472,823
2022-05-25,Modoc,049,8938,750,750,254,1004,8
2022-05-25,Mono,051,14174,3034,3024,160,3184,6
2022-05-25,Monterey,053,433212,82209,81592,15366,96958,737
2022-05-25,Napa,055,140530,27492,27240,1126,28366,143
2022-05-25,Nevada,057,99092,16660,16517,1321,17838,127
2022-05-25,Orange,059,3164182,570073,565564,45061,610625,7026
2022-05-25,Placer,061,380077,66074,65309,7885,73194,626
2022-05-25,Plumas,063,18699,3112,3065,375,3440,13
2022-05-25,Riverside,065,2383286,608213,604465,29062,633527,6480
2022-05-25,Sacramento,067,1510023,295522,292211,28460,320671,3028
2022-05-25,San Benito,069,59416,13518,13338,597,13935,98
2022-05-25,San Bernardino,071,2135413,588119,576982,25670,602652,7568
2022-05-25,San Diego,073,3302833,787009,782420,56890,839310,5284
2022-05-25,San Francisco,075,870044,143884,141015,9396,150411,872
2022-05-25,San Joaquin,077,732212,172303,170626,11006,181632,2238
2022-05-25,San Luis Obispo,079,281455,54967,54342,4429,58771,481
2022-05-25,San Mateo,081,765935,137085,134441,8321,142762,710
2022-05-25,Santa Barbara,083,443738,90292,89426,5115,94541,693
2022-05-25,Santa Clara,085,1922200,351254,340868,14501,355369,2304
2022-05-25,Santa Cruz,087,273765,52085,51644,2415,54059,263
2022-05-25,Shasta,089,179085,31203,31072,6202,37274,564
2022-05-25,Sierra,091,2930,278,277,54,331,4
2022-05-25,Siskiyou,093,43540,4544,4516,2797,7313,81
2022-05-25,Solano,095,438530,87420,86024,6102,92126,451
2022-05-25,Sonoma,097,501317,90926,89810,3611,93421,490
2022-05-25,Stanislaus,099,539301,120759,119894,18496,138390,1654
2022-05-25,Sutter,101,95872,20984,20904,2187,23091,226
2022-05-25,Tehama,103,63373,12227,12189,2636,14825,201
2022-05-25,Trinity,105,12862,1202,1194,290,1484,20
2022-05-25,Tulare,107,460477,108049,107790,28606,136396,1482
2022-05-25,Tuolumne,109,53932,13239,13086,613,13699,182
2022-05-25,Ventura,111,848112,180647,179116,10659,189775,1499
2022-05-25,Yolo,113,214977,40264,38782,3185,41967,319
2022-05-25,Yuba,115,75493,16359,16260,1316,17576,122
2022-05-24,Alameda,001,1643700,282356,278228,15612,293840,1860
2022-05-24,Alpine,003,1148,126,126,1,127,0
2022-05-24,Amador,005,37829,8784,8654,689,9343,86
2022-05-24,Butte,007,227075,34120,33755,7398,41153,426
2022-05-24,Calaveras,009,45235,7483,7450,386,7836,120
2022-05-24,Colusa,011,21464,3480,3471,1064,4535,21
2022-05-24,Contra Costa,013,1133247,208150,201866,15258,217124,1306
2022-05-24,Del Norte,015,27424,6185,6145,234,6379,50
2022-05-24,El Dorado,017,186661,27996,27715,3398,31113,213
2022-05-24,Fresno,019,978130,237198,235569,24984,260553,2763
2022-05-24,Glenn,021,27897,5065,5030,1647,6677,48
2022-05-24,Humboldt,023,135768,18296,18133,3477,21610,147
2022-05-24,Imperial,025,180216,56349,56203,10828,67031,923
2022-05-24,Inyo,027,18085,4166,4152,556,4708,56
2022-05-24,Kern,029,883053,195071,194251,47213,241464,2336
2022-05-24,Kings,031,150075,52275,52178,3566,55744,447
2022-05-24,Lake,033,64148,11012,10908,922,11830,137
2022-05-24,Lassen,035,31185,9044,9028,889,9917,64
2022-05-24,Los Angeles,037,10098052,2828701,2806770,131957,2938727,31845
2022-05-24,Madera,039,155013,37987,37867,6318,44185,370
2022-05-24,Marin,041,260295,37434,36890,3747,40637,293
2022-05-24,Mariposa,043,17540,2532,2514,227,2741,30
2022-05-24,Mendocino,045,87422,13643,13545,3413,16958,124
2022-05-24,Merced,047,269075,63863,63220,9221,72441,823
2022-05-24,Modoc,049,8938,749,750,253,1003,8
2022-05-24,Mono,051,14174,3031,3024,160,3184,6
2022-05-24,Monterey,053,433212,82119,81592,15305,96897,737
2022-05-24,Napa,055,140530,27444,27240,1114,28354,143
2022-05-24,Nevada,057,99092,16618,16517,1314,17831,127
2022-05-24,Orange,059,3164182,569041,565564,44889,610453,7026
2022-05-24,Placer,061,380077,65973,65309,7869,73178,626
2022-05-24,Plumas,063,18699,3106,3065,375,3440,13
2022-05-24,Riverside,065,2383286,607518,604465,29013,633478,6480
2022-05-24,Sacramento,067,1510023,294837,292211,28339,320550,3028
2022-05-24,San Benito,069,59416,13483,13338,595,13933,98
2022-05-24,San Bernardino,071,2135413,587494,576982,25641,602623,7568
2022-05-24,San Diego,073,3302833,785359,782420,56673,839093,5284
2022-05-24,San Francisco,075,870044,143348,141015,9369,150384,872
2022-05-24,San Joaquin,077,732212,172035,170626,10974,181600,2238
2022-05-24,San Luis Obispo,079,281455,54816,54342,4376,58718,481
2022-05-24,San Mateo,081,765935,136551,134441,8267,142708,710
2022-05-24,Santa Barbara,083,443738,90130,89426,5088,94514,693
2022-05-24,Santa Clara,085,1922200,349965,340868,14410,355278,2304
2022-05-24,Santa Cruz,087,273765,52008,51644,2405,54049,263
2022-05-24,Shasta,089,179085,31178,31072,6190,37262,564
2022-05-24,Sierra,091,2930,278,277,54,331,4
2022-05-24,Siskiyou,093,43540,4534,4516,2789,7305,81
2022-05-24,Solano,095,438530,87189,86024,6072,92096,451
2022-05-24,Sonoma,097,501317,90718,89810,3573,93383,490
2022-05-24,Stanislaus,099,539301,120620,119894,18460,138354,1654
2022-05-24,Sutter,101,95872,20963,20904,2183,23087,226
2022-05-24,Tehama,103,63373,12218,12189,2634,14823,201
2022-05-24,Trinity,105,12862,1199,1194,290,1484,20
2022-05-24,Tulare,107,460477,107932,107790,28552,136342,1482
2022-05-24,Tuolumne,109,53932,13224,13086,613,13699,182
2022-05-24,Ventura,111,848112,180336,179116,10609,189725,1499
2022-05-24,Yolo,113,214977,40160,38782,3180,41962,319
2022-05-24,Yuba,115,75493,16331,16260,1308,17568,122
2022-05-23,Alameda,001,1643700,281420,278228,15524,293752,1860
2022-05-23,Alpine,003,1148,126,126,1,127,0
2022-05-23,Amador,005,37829,8751,8654,686,9340,86
2022-05-23,Butte,007,227075,34072,33755,7371,41126,426
2022-05-23,Calaveras,009,45235,7476,7450,384,7834,120
2022-05-23,Colusa,011,21464,3479,3471,1062,4533,21
2022-05-23,Contra Costa,013,1133247,207411,201866,15176,217042,1306
2022-05-23,Del Norte,015,27424,6180,6145,230,6375,50
2022-05-23,El Dorado,017,186661,27912,27715,3389,31104,213
2022-05-23,Fresno,019,978130,236848,235569,24916,260485,2763
2022-05-23,Glenn,021,27897,5061,5030,1643,6673,48
2022-05-23,Humboldt,023,135768,18269,18133,3455,21588,147
2022-05-23,Imperial,025,180216,56306,56203,10807,67010,923
2022-05-23,Inyo,027,18085,4163,4152,555,4707,56
2022-05-23,Kern,029,883053,194853,194251,47127,241378,2336
2022-05-23,Kings,031,150075,52227,52178,3561,55739,447
2022-05-23,Lake,033,64148,10993,10908,920,11828,137
2022-05-23,Lassen,035,31185,9036,9028,886,9914,64
2022-05-23,Los Angeles,037,10098052,2823315,2806770,131592,2938362,31845
2022-05-23,Madera,039,155013,37956,37867,6295,44162,370
2022-05-23,Marin,041,260295,37292,36890,3702,40592,293
2022-05-23,Mariposa,043,17540,2530,2514,225,2739,30
2022-05-23,Mendocino,045,87422,13621,13545,3399,16944,124
2022-05-23,Merced,047,269075,63784,63220,9193,72413,823
2022-05-23,Modoc,049,8938,748,750,253,1003,8
2022-05-23,Mono,051,14174,3031,3024,160,3184,6
2022-05-23,Monterey,053,433212,82019,81592,15241,96833,737
2022-05-23,Napa,055,140530,27387,27240,1107,28347,143
2022-05-23,Nevada,057,99092,16583,16517,1311,17828,127
2022-05-23,Orange,059,3164182,568033,565564,44741,610305,7026
2022-05-23,Placer,061,380077,65827,65309,7837,73146,626
2022-05-23,Plumas,063,18699,3103,3065,374,3439,13
2022-05-23,Riverside,065,2383286,606787,604465,28960,633425,6480
2022-05-23,Sacramento,067,1510023,294087,292211,28214,320425,3028
2022-05-23,San Benito,069,59416,13448,13338,592,13930,98
2022-05-23,San Bernardino,071,2135413,586859,576982,25607,602589,7568
2022-05-23,San Diego,073,3302833,783643,782420,56459,838879,5284
2022-05-23,San Francisco,075,870044,142780,141015,9336,150351,872
2022-05-23,San Joaquin,077,732212,171763,170626,10940,181566,2238
2022-05-23,San Luis Obispo,079,281455,54670,54342,4329,58671,481
2022-05-23,San Mateo,081,765935,135976,134441,8217,142658,710
2022-05-23,Santa Barbara,083,443738,89895,89426,5064,94490,693
2022-05-23,Santa Clara,085,1922200,348588,340868,14322,355190,2304
2022-05-23,Santa Cruz,087,273765,51905,51644,2390,54034,263
2022-05-23,Shasta,089,179085,31155,31072,6184,37256,564
2022-05-23,Sierra,091,2930,278,277,54,331,4
2022-05-23,Siskiyou,093,43540,4520,4516,2785,7301,81
2022-05-23,Solano,095,438530,86918,86024,6052,92076,451
2022-05-23,Sonoma,097,501317,90490,89810,3524,93334,490
2022-05-23,Stanislaus,099,539301,120480,119894,18420,138314,1654
2022-05-23,Sutter,101,95872,20923,20904,2178,23082,226
2022-05-23,Tehama,103,63373,12206,12189,2633,14822,201
2022-05-23,Trinity,105,12862,1198,1194,290,1484,20
2022-05-23,Tulare,107,460477,107810,107790,28482,136272,1482
2022-05-23,Tuolumne,109,53932,13200,13086,609,13695,182
2022-05-23,Ventura,111,848112,180005,179116,10578,189694,1499
2022-05-23,Yolo,113,214977,40027,38782,3164,41946,319
2022-05-23,Yuba,115,75493,16302,16260,1304,17564,122
2022-05-22,Alameda,001,1643700,280330,274996,15418,290414,1858
2022-05-22,Alpine,003,1148,126,126,1,127,0
2022-05-22,Amador,005,37829,8734,8628,680,9308,86
2022-05-22,Butte,007,227075,34020,33606,7344,40950,426
2022-05-22,Calaveras,009,45235,7465,7424,380,7804,120
2022-05-22,Colusa,011,21464,3475,3468,1059,4527,21
2022-05-22,Contra Costa,013,1133247,206681,199703,15042,214745,1305
2022-05-22,Del Norte,015,27424,6164,6045,219,6264,50
2022-05-22,El Dorado,017,186661,27835,27517,3373,30890,213
2022-05-22,Fresno,019,978130,236503,234657,24863,259520,2760
2022-05-22,Glenn,021,27897,5051,5020,1642,6662,48
2022-05-22,Humboldt,023,135768,18216,17984,3428,21412,146
2022-05-22,Imperial,025,180216,56238,56014,10792,66806,923
2022-05-22,Inyo,027,18085,4155,4135,553,4688,56
2022-05-22,Kern,029,883053,194616,193705,47027,240732,2334
2022-05-22,Kings,031,150075,52165,52038,3555,55593,447
2022-05-22,Lake,033,64148,10961,10867,918,11785,137
2022-05-22,Lassen,035,31185,9020,9011,883,9894,64
2022-05-22,Los Angeles,037,10098052,2817498,2791671,131165,2922836,31815
2022-05-22,Madera,039,155013,37910,37744,6260,44004,370
2022-05-22,Marin,041,260295,37146,36394,3658,40052,293
2022-05-22,Mariposa,043,17540,2526,2490,224,2714,30
2022-05-22,Mendocino,045,87422,13593,13461,3370,16831,124
2022-05-22,Merced,047,269075,63707,62969,9162,72131,823
2022-05-22,Modoc,049,8938,747,750,253,1003,8
2022-05-22,Mono,051,14174,3030,3012,160,3172,6
2022-05-22,Monterey,053,433212,81863,81224,15141,96365,735
2022-05-22,Napa,055,140530,27316,27034,1099,28133,143
2022-05-22,Nevada,057,99092,16549,16410,1299,17709,127
2022-05-22,Orange,059,3164182,566939,562531,44556,607087,7025
2022-05-22,Placer,061,380077,65668,64802,7805,72607,626
2022-05-22,Plumas,063,18699,3096,3052,372,3424,13
2022-05-22,Riverside,065,2383286,605947,601808,28894,630702,6476
2022-05-22,Sacramento,067,1510023,293284,289972,28057,318029,3027
2022-05-22,San Benito,069,59416,13416,13234,586,13820,98
2022-05-22,San Bernardino,071,2135413,586149,575194,25568,600762,7523
2022-05-22,San Diego,073,3302833,782025,777404,56264,833668,5282
2022-05-22,San Francisco,075,870044,142097,138922,9319,148241,871
2022-05-22,San Joaquin,077,732212,171454,169745,10896,180641,2237
2022-05-22,San Luis Obispo,079,281455,54515,54012,4268,58280,481
2022-05-22,San Mateo,081,765935,135406,132636,8163,140799,711
2022-05-22,Santa Barbara,083,443738,89663,88783,5029,93812,692
2022-05-22,Santa Clara,085,1922200,347146,336488,14245,350733,2301
2022-05-22,Santa Cruz,087,273765,51812,51333,2376,53709,263
2022-05-22,Shasta,089,179085,31107,30966,6172,37138,564
2022-05-22,Sierra,091,2930,278,276,54,330,4
2022-05-22,Siskiyou,093,43540,4511,4501,2784,7285,81
2022-05-22,Solano,095,438530,86634,85038,6019,91057,451
2022-05-22,Sonoma,097,501317,90203,88889,3469,92358,489
2022-05-22,Stanislaus,099,539301,120306,119396,18395,137791,1653
2022-05-22,Sutter,101,95872,20894,20809,2170,22979,226
2022-05-22,Tehama,103,63373,12198,12162,2628,14790,201
2022-05-22,Trinity,105,12862,1198,1191,289,1480,20
2022-05-22,Tulare,107,460477,107706,107485,28399,135884,1477
2022-05-22,Tuolumne,109,53932,13180,12977,607,13584,182
2022-05-22,Ventura,111,848112,179658,178024,10526,188550,1499
2022-05-22,Yolo,113,214977,39902,38377,3140,41517,319
2022-05-22,Yuba,115,75493,16275,16180,1295,17475,122
2022-05-21,Alameda,001,1643700,279867,274996,15397,290393,1858
2022-05-21,Alpine,003,1148,126,126,1,127,0
2022-05-21,Amador,005,37829,8723,8628,680,9308,86
2022-05-21,Butte,007,227075,33999,33606,7330,40936,426
2022-05-21,Calaveras,009,45235,7459,7424,380,7804,120
2022-05-21,Colusa,011,21464,3475,3468,1058,4526,21
2022-05-21,Contra Costa,013,1133247,206322,199703,15009,214712,1305
2022-05-21,Del Norte,015,27424,6160,6045,217,6262,50
2022-05-21,El Dorado,017,186661,27799,27517,3371,30888,213
2022-05-21,Fresno,019,978130,236373,234657,24842,259499,2760
2022-05-21,Glenn,021,27897,5048,5020,1641,6661,48
2022-05-21,Humboldt,023,135768,18191,17984,3420,21404,146
2022-05-21,Imperial,025,180216,56204,56014,10790,66804,923
2022-05-21,Inyo,027,18085,4153,4135,551,4686,56
2022-05-21,Kern,029,883053,194519,193705,46967,240672,2334
2022-05-21,Kings,031,150075,52142,52038,3554,55592,447
2022-05-21,Lake,033,64148,10953,10867,918,11785,137
2022-05-21,Lassen,035,31185,9017,9011,883,9894,64
2022-05-21,Los Angeles,037,10098052,2815207,2791671,130919,2922590,31815
2022-05-21,Madera,039,155013,37892,37744,6254,43998,370
2022-05-21,Marin,041,260295,37051,36394,3614,40008,293
2022-05-21,Mariposa,043,17540,2524,2490,224,2714,30
2022-05-21,Mendocino,045,87422,13582,13461,3365,16826,124
2022-05-21,Merced,047,269075,63672,62969,9156,72125,823
2022-05-21,Modoc,049,8938,746,750,253,1003,8
2022-05-21,Mono,051,14174,3030,3012,160,3172,6
2022-05-21,Monterey,053,433212,81797,81224,15086,96310,735
2022-05-21,Napa,055,140530,27283,27034,1096,28130,143
2022-05-21,Nevada,057,99092,16543,16410,1299,17709,127
2022-05-21,Orange,059,3164182,566425,562531,44443,606974,7025
2022-05-21,Placer,061,380077,65560,64802,7792,72594,626
2022-05-21,Plumas,063,18699,3089,3052,372,3424,13
2022-05-21,Riverside,065,2383286,605472,601808,28869,630677,6476
2022-05-21,Sacramento,067,1510023,292957,289972,28028,318000,3027
2022-05-21,San Benito,069,59416,13404,13234,578,13812,98
2022-05-21,San Bernardino,071,2135413,585809,575194,25543,600737,7523
2022-05-21,San Diego,073,3302833,781330,777404,56200,833604,5282
2022-05-21,San Francisco,075,870044,141791,138922,9306,148228,871
2022-05-21,San Joaquin,077,732212,171336,169745,10877,180622,2237
2022-05-21,San Luis Obispo,079,281455,54436,54012,4254,58266,481
2022-05-21,San Mateo,081,765935,135093,132636,8137,140773,711
2022-05-21,Santa Barbara,083,443738,89571,88783,5016,93799,692
2022-05-21,Santa Clara,085,1922200,346296,336488,14202,350690,2301
2022-05-21,Santa Cruz,087,273765,51767,51333,2357,53690,263
2022-05-21,Shasta,089,179085,31096,30966,6170,37136,564
2022-05-21,Sierra,091,2930,277,276,54,330,4
2022-05-21,Siskiyou,093,43540,4507,4501,2782,7283,81
2022-05-21,Solano,095,438530,86550,85038,6013,91051,451
2022-05-21,Sonoma,097,501317,90077,88889,3460,92349,489
2022-05-21,Stanislaus,099,539301,120227,119396,18371,137767,1653
2022-05-21,Sutter,101,95872,20884,20809,2165,22974,226
2022-05-21,Tehama,103,63373,12196,12162,2627,14789,201
2022-05-21,Trinity,105,12862,1198,1191,289,1480,20
2022-05-21,Tulare,107,460477,107644,107485,28363,135848,1477
2022-05-21,Tuolumne,109,53932,13173,12977,607,13584,182
2022-05-21,Ventura,111,848112,179483,178024,10507,188531,1499
2022-05-21,Yolo,113,214977,39839,38377,3129,41506,319
2022-05-21,Yuba,115,75493,16262,16180,1293,17473,122
2022-05-20,Alameda,001,1643700,279325,274996,15371,290367,1858
2022-05-20,Alpine,003,1148,126,126,1,127,0
2022-05-20,Amador,005,37829,8716,8628,680,9308,86
2022-05-20,Butte,007,227075,33977,33606,7318,40924,426
2022-05-20,Calaveras,009,45235,7451,7424,380,7804,120
2022-05-20,Colusa,011,21464,3475,3468,1058,4526,21
2022-05-20,Contra Costa,013,1133247,205964,199703,14992,214695,1305
2022-05-20,Del Norte,015,27424,6155,6045,216,6261,50
2022-05-20,El Dorado,017,186661,27767,27517,3368,30885,213
2022-05-20,Fresno,019,978130,236214,234657,24812,259469,2760
2022-05-20,Glenn,021,27897,5045,5020,1641,6661,48
2022-05-20,Humboldt,023,135768,18169,17984,3412,21396,146
2022-05-20,Imperial,025,180216,56180,56014,10787,66801,923
2022-05-20,Inyo,027,18085,4150,4135,547,4682,56
2022-05-20,Kern,029,883053,194415,193705,46919,240624,2334
2022-05-20,Kings,031,150075,52127,52038,3553,55591,447
2022-05-20,Lake,033,64148,10936,10867,918,11785,137
2022-05-20,Lassen,035,31185,9015,9011,883,9894,64
2022-05-20,Los Angeles,037,10098052,2812856,2791671,130691,2922362,31815
2022-05-20,Madera,039,155013,37873,37744,6246,43990,370
2022-05-20,Marin,041,260295,36977,36394,3575,39969,293
2022-05-20,Mariposa,043,17540,2519,2490,224,2714,30
2022-05-20,Mendocino,045,87422,13567,13461,3361,16822,124
2022-05-20,Merced,047,269075,63638,62969,9153,72122,823
2022-05-20,Modoc,049,8938,746,750,253,1003,8
2022-05-20,Mono,051,14174,3026,3012,160,3172,6
2022-05-20,Monterey,053,433212,81739,81224,15046,96270,735
2022-05-20,Napa,055,140530,27253,27034,1092,28126,143
2022-05-20,Nevada,057,99092,16535,16410,1297,17707,127
2022-05-20,Orange,059,3164182,565853,562531,44344,606875,7025
2022-05-20,Placer,061,380077,65485,64802,7776,72578,626
2022-05-20,Plumas,063,18699,3087,3052,372,3424,13
2022-05-20,Riverside,065,2383286,605021,601808,28846,630654,6476
2022-05-20,Sacramento,067,1510023,292582,289972,28005,317977,3027
2022-05-20,San Benito,069,59416,13388,13234,577,13811,98
2022-05-20,San Bernardino,071,2135413,585488,575194,25524,600718,7523
2022-05-20,San Diego,073,3302833,780533,777404,56108,833512,5282
2022-05-20,San Francisco,075,870044,141456,138922,9275,148197,871
2022-05-20,San Joaquin,077,732212,171215,169745,10869,180614,2237
2022-05-20,San Luis Obispo,079,281455,54400,54012,4249,58261,481
2022-05-20,San Mateo,081,765935,134778,132636,8114,140750,711
2022-05-20,Santa Barbara,083,443738,89487,88783,5011,93794,692
2022-05-20,Santa Clara,085,1922200,345502,336488,14150,350638,2301
2022-05-20,Santa Cruz,087,273765,51722,51333,2339,53672,263
2022-05-20,Shasta,089,179085,31082,30966,6167,37133,564
2022-05-20,Sierra,091,2930,277,276,54,330,4
2022-05-20,Siskiyou,093,43540,4504,4501,2780,7281,81
2022-05-20,Solano,095,438530,86408,85038,6005,91043,451
2022-05-20,Sonoma,097,501317,89950,88889,3447,92336,489
2022-05-20,Stanislaus,099,539301,120145,119396,18358,137754,1653
2022-05-20,Sutter,101,95872,20875,20809,2164,22973,226
2022-05-20,Tehama,103,63373,12193,12162,2626,14788,201
2022-05-20,Trinity,105,12862,1198,1191,289,1480,20
2022-05-20,Tulare,107,460477,107588,107485,28324,135809,1477
2022-05-20,Tuolumne,109,53932,13154,12977,605,13582,182
2022-05-20,Ventura,111,848112,179286,178024,10489,188513,1499
2022-05-20,Yolo,113,214977,39770,38377,3123,41500,319
2022-05-20,Yuba,115,75493,16247,16180,1289,17469,122
2022-05-19,Alameda,001,1643700,278502,274996,15302,290298,1858
2022-05-19,Alpine,003,1148,126,126,1,127,0
2022-05-19,Amador,005,37829,8708,8628,680,9308,86
2022-05-19,Butte,007,227075,33939,33606,7309,40915,426
2022-05-19,Calaveras,009,45235,7445,7424,377,7801,120
2022-05-19,Colusa,011,21464,3474,3468,1057,4525,21
2022-05-19,Contra Costa,013,1133247,205420,199703,14918,214621,1305
2022-05-19,Del Norte,015,27424,6151,6045,211,6256,50
2022-05-19,El Dorado,017,186661,27715,27517,3353,30870,213
2022-05-19,Fresno,019,978130,235990,234657,24772,259429,2760
2022-05-19,Glenn,021,27897,5044,5020,1637,6657,48
2022-05-19,Humboldt,023,135768,18135,17984,3397,21381,146
2022-05-19,Imperial,025,180216,56132,56014,10786,66800,923
2022-05-19,Inyo,027,18085,4146,4135,546,4681,56
2022-05-19,Kern,029,883053,194274,193705,46844,240549,2334
2022-05-19,Kings,031,150075,52100,52038,3552,55590,447
2022-05-19,Lake,033,64148,10928,10867,916,11783,137
2022-05-19,Lassen,035,31185,9011,9011,883,9894,64
2022-05-19,Los Angeles,037,10098052,2808909,2791671,130362,2922033,31815
2022-05-19,Madera,039,155013,37837,37744,6230,43974,370
2022-05-19,Marin,041,260295,36881,36394,3542,39936,293
2022-05-19,Mariposa,043,17540,2511,2490,224,2714,30
2022-05-19,Mendocino,045,87422,13544,13461,3354,16815,124
2022-05-19,Merced,047,269075,63576,62969,9137,72106,823
2022-05-19,Modoc,049,8938,746,750,253,1003,8
2022-05-19,Mono,051,14174,3025,3012,156,3168,6
2022-05-19,Monterey,053,433212,81659,81224,14981,96205,735
2022-05-19,Napa,055,140530,27196,27034,1089,28123,143
2022-05-19,Nevada,057,99092,16501,16410,1290,17700,127
2022-05-19,Orange,059,3164182,565020,562531,44215,606746,7025
2022-05-19,Placer,061,380077,65366,64802,7760,72562,626
2022-05-19,Plumas,063,18699,3081,3052,372,3424,13
2022-05-19,Riverside,065,2383286,604388,601808,28803,630611,6476
2022-05-19,Sacramento,067,1510023,292022,289972,27923,317895,3027
2022-05-19,San Benito,069,59416,13360,13234,574,13808,98
2022-05-19,San Bernardino,071,2135413,584972,575194,25503,600697,7523
2022-05-19,San Diego,073,3302833,779296,777404,55943,833347,5282
2022-05-19,San Francisco,075,870044,140989,138922,9240,148162,871
2022-05-19,San Joaquin,077,732212,170970,169745,10852,180597,2237
2022-05-19,San Luis Obispo,079,281455,54297,54012,4217,58229,481
2022-05-19,San Mateo,081,765935,134311,132636,8056,140692,711
2022-05-19,Santa Barbara,083,443738,89334,88783,4984,93767,692
2022-05-19,Santa Clara,085,1922200,344421,336488,14060,350548,2301
2022-05-19,Santa Cruz,087,273765,51644,51333,2325,53658,263
2022-05-19,Shasta,089,179085,31053,30966,6161,37127,564
2022-05-19,Sierra,091,2930,277,276,54,330,4
2022-05-19,Siskiyou,093,43540,4501,4501,2778,7279,81
2022-05-19,Solano,095,438530,86221,85038,5980,91018,451
2022-05-19,Sonoma,097,501317,89746,88889,3413,92302,489
2022-05-19,Stanislaus,099,539301,120015,119396,18336,137732,1653
2022-05-19,Sutter,101,95872,20839,20809,2161,22970,226
2022-05-19,Tehama,103,63373,12183,12162,2623,14785,201
2022-05-19,Trinity,105,12862,1197,1191,289,1480,20
2022-05-19,Tulare,107,460477,107496,107485,28278,135763,1477
2022-05-19,Tuolumne,109,53932,13130,12977,602,13579,182
2022-05-19,Ventura,111,848112,179011,178024,10450,188474,1499
2022-05-19,Yolo,113,214977,39680,38377,3115,41492,319
2022-05-19,Yuba,115,75493,16227,16180,1281,17461,122
2022-05-18,Alameda,001,1643700,277658,272530,15232,287762,1859
2022-05-18,Alpine,003,1148,126,126,1,127,0
2022-05-18,Amador,005,37829,8690,8592,680,9272,86
2022-05-18,Butte,007,227075,33898,33486,7294,40780,426
2022-05-18,Calaveras,009,45235,7437,7400,377,7777,120
2022-05-18,Colusa,011,21464,3474,3467,1057,4524,21
2022-05-18,Contra Costa,013,1133247,204861,198207,14831,213038,1303
2022-05-18,Del Norte,015,27424,6143,6001,207,6208,50
2022-05-18,El Dorado,017,186661,27664,27388,3345,30733,212
2022-05-18,Fresno,019,978130,235727,234055,24731,258786,2759
2022-05-18,Glenn,021,27897,5043,5012,1637,6649,48
2022-05-18,Humboldt,023,135768,18110,17868,3376,21244,146
2022-05-18,Imperial,025,180216,56070,55915,10780,66695,918
2022-05-18,Inyo,027,18085,4142,4120,540,4660,56
2022-05-18,Kern,029,883053,194157,193338,46784,240122,2327
2022-05-18,Kings,031,150075,52071,51903,3549,55452,447
2022-05-18,Lake,033,64148,10919,10831,915,11746,137
2022-05-18,Lassen,035,31185,9005,8994,883,9877,65
2022-05-18,Los Angeles,037,10098052,2804594,2780354,130079,2910433,31789
2022-05-18,Madera,039,155013,37799,37644,6221,43865,365
2022-05-18,Marin,041,260295,36791,36024,3501,39525,293
2022-05-18,Mariposa,043,17540,2504,2481,224,2705,30
2022-05-18,Mendocino,045,87422,13523,13403,3339,16742,124
2022-05-18,Merced,047,269075,63511,62802,9110,71912,818
2022-05-18,Modoc,049,8938,746,748,253,1001,8
2022-05-18,Mono,051,14174,3024,3010,154,3164,6
2022-05-18,Monterey,053,433212,81550,80955,14925,95880,735
2022-05-18,Napa,055,140530,27155,26912,1082,27994,143
2022-05-18,Nevada,057,99092,16481,16361,1285,17646,127
2022-05-18,Orange,059,3164182,564215,560094,44106,604200,7021
2022-05-18,Placer,061,380077,65221,64432,7745,72177,626
2022-05-18,Plumas,063,18699,3073,3022,369,3391,13
2022-05-18,Riverside,065,2383286,603740,599947,28751,628698,6471
2022-05-18,Sacramento,067,1510023,291498,288335,27840,316175,3022
2022-05-18,San Benito,069,59416,13336,13186,570,13756,98
2022-05-18,San Bernardino,071,2135413,584504,573790,25476,599266,7455
2022-05-18,San Diego,073,3302833,777862,773934,55779,829713,5277
2022-05-18,San Francisco,075,870044,140465,137341,9213,146554,869
2022-05-18,San Joaquin,077,732212,170735,169045,10766,179811,2236
2022-05-18,San Luis Obispo,079,281455,54198,53756,4183,57939,478
2022-05-18,San Mateo,081,765935,133885,131330,7989,139319,709
2022-05-18,Santa Barbara,083,443738,89174,88317,4963,93280,693
2022-05-18,Santa Clara,085,1922200,343271,333230,13966,347196,2300
2022-05-18,Santa Cruz,087,273765,51556,51020,2312,53332,263
2022-05-18,Shasta,089,179085,31030,30899,6156,37055,558
2022-05-18,Sierra,091,2930,277,275,54,329,4
2022-05-18,Siskiyou,093,43540,4496,4495,2776,7271,81
2022-05-18,Solano,095,438530,85958,84476,5962,90438,451
2022-05-18,Sonoma,097,501317,89547,88195,3374,91569,489
2022-05-18,Stanislaus,099,539301,119905,119025,18303,137328,1645
2022-05-18,Sutter,101,95872,20817,20763,2152,22915,226
2022-05-18,Tehama,103,63373,12177,12133,2620,14753,201
2022-05-18,Trinity,105,12862,1197,1189,289,1478,20
2022-05-18,Tulare,107,460477,107428,107292,28220,135512,1477
2022-05-18,Tuolumne,109,53932,13111,12917,600,13517,182
2022-05-18,Ventura,111,848112,178742,177233,10406,187639,1497
2022-05-18,Yolo,113,214977,39568,38139,3103,41242,316
2022-05-18,Yuba,115,75493,16203,16109,1272,17381,122
2022-05-17,Alameda,001,1643700,276823,272530,15163,287693,1859
2022-05-17,Alpine,003,1148,126,126,1,127,0
2022-05-17,Amador,005,37829,8681,8592,678,9270,86
2022-05-17,Butte,007,227075,33846,33486,7273,40759,426
2022-05-17,Calaveras,009,45235,7430,7400,377,7777,120
2022-05-17,Colusa,011,21464,3473,3467,1056,4523,21
2022-05-17,Contra Costa,013,1133247,204223,198207,14746,212953,1303
2022-05-17,Del Norte,015,27424,6129,6001,207,6208,50
2022-05-17,El Dorado,017,186661,27608,27388,3339,30727,212
2022-05-17,Fresno,019,978130,235474,234055,24700,258755,2759
2022-05-17,Glenn,021,27897,5040,5012,1636,6648,48
2022-05-17,Humboldt,023,135768,18070,17868,3359,21227,146
2022-05-17,Imperial,025,180216,56027,55915,10770,66685,918
2022-05-17,Inyo,027,18085,4140,4120,531,4651,56
2022-05-17,Kern,029,883053,194000,193338,46728,240066,2327
2022-05-17,Kings,031,150075,52028,51903,3545,55448,447
2022-05-17,Lake,033,64148,10904,10831,913,11744,137
2022-05-17,Lassen,035,31185,9000,8994,882,9876,65
2022-05-17,Los Angeles,037,10098052,2800079,2780354,129767,2910121,31789
2022-05-17,Madera,039,155013,37773,37644,6206,43850,365
2022-05-17,Marin,041,260295,36658,36024,3440,39464,293
2022-05-17,Mariposa,043,17540,2499,2481,223,2704,30
2022-05-17,Mendocino,045,87422,13497,13403,3329,16732,124
2022-05-17,Merced,047,269075,63446,62802,9091,71893,818
2022-05-17,Modoc,049,8938,746,748,253,1001,8
2022-05-17,Mono,051,14174,3020,3010,154,3164,6
2022-05-17,Monterey,053,433212,81433,80955,14860,95815,735
2022-05-17,Napa,055,140530,27107,26912,1074,27986,143
2022-05-17,Nevada,057,99092,16452,16361,1277,17638,127
2022-05-17,Orange,059,3164182,563312,560094,43966,604060,7021
2022-05-17,Placer,061,380077,65057,64432,7707,72139,626
2022-05-17,Plumas,063,18699,3067,3022,368,3390,13
2022-05-17,Riverside,065,2383286,603053,599947,28707,628654,6471
2022-05-17,Sacramento,067,1510023,290864,288335,27739,316074,3022
2022-05-17,San Benito,069,59416,13299,13186,569,13755,98
2022-05-17,San Bernardino,071,2135413,584015,573790,25462,599252,7455
2022-05-17,San Diego,073,3302833,776349,773934,55612,829546,5277
2022-05-17,San Francisco,075,870044,139888,137341,9182,146523,869
2022-05-17,San Joaquin,077,732212,170496,169045,10725,179770,2236
2022-05-17,San Luis Obispo,079,281455,54105,53756,4139,57895,478
2022-05-17,San Mateo,081,765935,133389,131330,7950,139280,709
2022-05-17,Santa Barbara,083,443738,88976,88317,4945,93262,693
2022-05-17,Santa Clara,085,1922200,342090,333230,13893,347123,2300
2022-05-17,Santa Cruz,087,273765,51479,51020,2304,53324,263
2022-05-17,Shasta,089,179085,30992,30899,6153,37052,558
2022-05-17,Sierra,091,2930,277,275,54,329,4
2022-05-17,Siskiyou,093,43540,4494,4495,2774,7269,81
2022-05-17,Solano,095,438530,85677,84476,5932,90408,451
2022-05-17,Sonoma,097,501317,89304,88195,3329,91524,489
2022-05-17,Stanislaus,099,539301,119756,119025,18274,137299,1645
2022-05-17,Sutter,101,95872,20797,20763,2148,22911,226
2022-05-17,Tehama,103,63373,12165,12133,2617,14750,201
2022-05-17,Trinity,105,12862,1196,1189,289,1478,20
2022-05-17,Tulare,107,460477,107334,107292,28180,135472,1477
2022-05-17,Tuolumne,109,53932,13097,12917,600,13517,182
2022-05-17,Ventura,111,848112,178419,177233,10352,187585,1497
2022-05-17,Yolo,113,214977,39432,38139,3096,41235,316
2022-05-17,Yuba,115,75493,16178,16109,1269,17378,122
2022-05-16,Alameda,001,1643700,275818,272530,15084,287614,1859
2022-05-16,Alpine,003,1148,126,126,1,127,0
2022-05-16,Amador,005,37829,8671,8592,677,9269,86
2022-05-16,Butte,007,227075,33788,33486,7257,40743,426
2022-05-16,Calaveras,009,45235,7424,7400,375,7775,120
2022-05-16,Colusa,011,21464,3472,3467,1056,4523,21
2022-05-16,Contra Costa,013,1133247,203580,198207,14665,212872,1303
2022-05-16,Del Norte,015,27424,6116,6001,204,6205,50
2022-05-16,El Dorado,017,186661,27552,27388,3331,30719,212
2022-05-16,Fresno,019,978130,235210,234055,24658,258713,2759
2022-05-16,Glenn,021,27897,5035,5012,1631,6643,48
2022-05-16,Humboldt,023,135768,18024,17868,3345,21213,146
2022-05-16,Imperial,025,180216,55963,55915,10757,66672,918
2022-05-16,Inyo,027,18085,4136,4120,528,4648,56
2022-05-16,Kern,029,883053,193848,193338,46662,240000,2327
2022-05-16,Kings,031,150075,51978,51903,3544,55447,447
2022-05-16,Lake,033,64148,10897,10831,912,11743,137
2022-05-16,Lassen,035,31185,8995,8994,880,9874,65
2022-05-16,Los Angeles,037,10098052,2795664,2780354,129481,2909835,31789
2022-05-16,Madera,039,155013,37742,37644,6184,43828,365
2022-05-16,Marin,041,260295,36494,36024,3392,39416,293
2022-05-16,Mariposa,043,17540,2498,2481,222,2703,30
2022-05-16,Mendocino,045,87422,13471,13403,3317,16720,124
2022-05-16,Merced,047,269075,63375,62802,9055,71857,818
2022-05-16,Modoc,049,8938,746,748,253,1001,8
2022-05-16,Mono,051,14174,3017,3010,154,3164,6
2022-05-16,Monterey,053,433212,81321,80955,14774,95729,735
2022-05-16,Napa,055,140530,27056,26912,1069,27981,143
2022-05-16,Nevada,057,99092,16433,16361,1271,17632,127
2022-05-16,Orange,059,3164182,562459,560094,43839,603933,7021
2022-05-16,Placer,061,380077,64949,64432,7676,72108,626
2022-05-16,Plumas,063,18699,3057,3022,367,3389,13
2022-05-16,Riverside,065,2383286,602339,599947,28651,628598,6471
2022-05-16,Sacramento,067,1510023,290199,288335,27649,315984,3022
2022-05-16,San Benito,069,59416,13281,13186,564,13750,98
2022-05-16,San Bernardino,071,2135413,583545,573790,25432,599222,7455
2022-05-16,San Diego,073,3302833,774808,773934,55444,829378,5277
2022-05-16,San Francisco,075,870044,139185,137341,9150,146491,869
2022-05-16,San Joaquin,077,732212,170216,169045,10540,179585,2236
2022-05-16,San Luis Obispo,079,281455,54002,53756,4110,57866,478
2022-05-16,San Mateo,081,765935,132845,131330,7895,139225,709
2022-05-16,Santa Barbara,083,443738,88831,88317,4934,93251,693
2022-05-16,Santa Clara,085,1922200,340765,333230,13806,347036,2300
2022-05-16,Santa Cruz,087,273765,51400,51020,2289,53309,263
2022-05-16,Shasta,089,179085,30959,30899,6145,37044,558
2022-05-16,Sierra,091,2930,277,275,53,328,4
2022-05-16,Siskiyou,093,43540,4491,4495,2767,7262,81
2022-05-16,Solano,095,438530,85415,84476,5906,90382,451
2022-05-16,Sonoma,097,501317,89004,88195,3291,91486,489
2022-05-16,Stanislaus,099,539301,119612,119025,18241,137266,1645
2022-05-16,Sutter,101,95872,20783,20763,2141,22904,226
2022-05-16,Tehama,103,63373,12157,12133,2614,14747,201
2022-05-16,Trinity,105,12862,1195,1189,289,1478,20
2022-05-16,Tulare,107,460477,107255,107292,28134,135426,1477
2022-05-16,Tuolumne,109,53932,13064,12917,597,13514,182
2022-05-16,Ventura,111,848112,178088,177233,10294,187527,1497
2022-05-16,Yolo,113,214977,39298,38139,3087,41226,316
2022-05-16,Yuba,115,75493,16151,16109,1266,17375,122
2022-05-15,Alameda,001,1643700,274748,268944,15015,283959,1857
2022-05-15,Alpine,003,1148,126,125,1,126,0
2022-05-15,Amador,005,37829,8655,8574,672,9246,86
2022-05-15,Butte,007,227075,33730,33377,7236,40613,424
2022-05-15,Calaveras,009,45235,7405,7378,373,7751,120
2022-05-15,Colusa,011,21464,3469,3463,1054,4517,21
2022-05-15,Contra Costa,013,1133247,202816,195925,14583,210508,1301
2022-05-15,Del Norte,015,27424,6043,5919,202,6121,50
2022-05-15,El Dorado,017,186661,27491,27216,3316,30532,212
2022-05-15,Fresno,019,978130,234942,233305,24623,257928,2757
2022-05-15,Glenn,021,27897,5032,5004,1630,6634,48
2022-05-15,Humboldt,023,135768,17974,17633,3305,20938,146
2022-05-15,Imperial,025,180216,55927,55756,10736,66492,917
2022-05-15,Inyo,027,18085,4132,4114,524,4638,56
2022-05-15,Kern,029,883053,193670,192939,46579,239518,2314
2022-05-15,Kings,031,150075,51918,51779,3540,55319,447
2022-05-15,Lake,033,64148,10880,10790,909,11699,137
2022-05-15,Lassen,035,31185,8987,8987,879,9866,65
2022-05-15,Los Angeles,037,10098052,2791085,2768726,129110,2897836,31768
2022-05-15,Madera,039,155013,37700,37520,6166,43686,365
2022-05-15,Marin,041,260295,36323,35486,3353,38839,293
2022-05-15,Mariposa,043,17540,2493,2463,221,2684,30
2022-05-15,Mendocino,045,87422,13451,13349,3290,16639,124
2022-05-15,Merced,047,269075,63290,62627,9009,71636,818
2022-05-15,Modoc,049,8938,745,747,253,1000,8
2022-05-15,Mono,051,14174,3014,3002,152,3154,6
2022-05-15,Monterey,053,433212,81212,80620,14686,95306,735
2022-05-15,Napa,055,140530,27001,26698,1065,27763,143
2022-05-15,Nevada,057,99092,16403,16240,1268,17508,127
2022-05-15,Orange,059,3164182,561513,557134,43701,600835,7017
2022-05-15,Placer,061,380077,64767,63963,7646,71609,626
2022-05-15,Plumas,063,18699,3051,3006,367,3373,13
2022-05-15,Riverside,065,2383286,601622,597914,28583,626497,6471
2022-05-15,Sacramento,067,1510023,289481,286403,27515,313918,3022
2022-05-15,San Benito,069,59416,13256,13106,562,13668,98
2022-05-15,San Bernardino,071,2135413,582999,572057,25403,597460,7423
2022-05-15,San Diego,073,3302833,773304,770323,55245,825568,5271
2022-05-15,San Francisco,075,870044,138474,134916,9116,144032,866
2022-05-15,San Joaquin,077,732212,169973,168174,10463,178637,2236
2022-05-15,San Luis Obispo,079,281455,53875,53502,4068,57570,478
2022-05-15,San Mateo,081,765935,132310,129480,7825,137305,709
2022-05-15,Santa Barbara,083,443738,88601,87773,4899,92672,693
2022-05-15,Santa Clara,085,1922200,339349,328609,13714,342323,2297
2022-05-15,Santa Cruz,087,273765,51295,50268,2273,52541,263
2022-05-15,Shasta,089,179085,30918,30799,6139,36938,557
2022-05-15,Sierra,091,2930,277,275,53,328,4
2022-05-15,Siskiyou,093,43540,4489,4482,2764,7246,81
2022-05-15,Solano,095,438530,85095,83669,5872,89541,451
2022-05-15,Sonoma,097,501317,88679,87070,3266,90336,488
2022-05-15,Stanislaus,099,539301,119443,118586,18209,136795,1645
2022-05-15,Sutter,101,95872,20756,20690,2131,22821,226
2022-05-15,Tehama,103,63373,12140,12115,2608,14723,201
2022-05-15,Trinity,105,12862,1194,1188,289,1477,20
2022-05-15,Tulare,107,460477,107153,107077,28088,135165,1469
2022-05-15,Tuolumne,109,53932,13009,12851,595,13446,182
2022-05-15,Ventura,111,848112,177743,176317,10232,186549,1497
2022-05-15,Yolo,113,214977,39183,37737,3075,40812,316
2022-05-15,Yuba,115,75493,16117,16028,1257,17285,122
2022-05-14,Alameda,001,1643700,274320,268944,14995,283939,1857
2022-05-14,Alpine,003,1148,125,125,1,126,0
2022-05-14,Amador,005,37829,8649,8574,672,9246,86
2022-05-14,Butte,007,227075,33710,33377,7228,40605,424
2022-05-14,Calaveras,009,45235,7403,7378,373,7751,120
2022-05-14,Colusa,011,21464,3469,3463,1054,4517,21
2022-05-14,Contra Costa,013,1133247,202437,195925,14553,210478,1301
2022-05-14,Del Norte,015,27424,6035,5919,200,6119,50
2022-05-14,El Dorado,017,186661,27461,27216,3311,30527,212
2022-05-14,Fresno,019,978130,234818,233305,24614,257919,2757
2022-05-14,Glenn,021,27897,5031,5004,1626,6630,48
2022-05-14,Humboldt,023,135768,17948,17633,3298,20931,146
2022-05-14,Imperial,025,180216,55896,55756,10733,66489,917
2022-05-14,Inyo,027,18085,4127,4114,524,4638,56
2022-05-14,Kern,029,883053,193600,192939,46533,239472,2314
2022-05-14,Kings,031,150075,51891,51779,3540,55319,447
2022-05-14,Lake,033,64148,10870,10790,904,11694,137
2022-05-14,Lassen,035,31185,8985,8987,879,9866,65
2022-05-14,Los Angeles,037,10098052,2789155,2768726,128895,2897621,31768
2022-05-14,Madera,039,155013,37685,37520,6166,43686,365
2022-05-14,Marin,041,260295,36216,35486,3304,38790,293
2022-05-14,Mariposa,043,17540,2492,2463,221,2684,30
2022-05-14,Mendocino,045,87422,13441,13349,3286,16635,124
2022-05-14,Merced,047,269075,63254,62627,9006,71633,818
2022-05-14,Modoc,049,8938,744,747,253,1000,8
2022-05-14,Mono,051,14174,3014,3002,151,3153,6
2022-05-14,Monterey,053,433212,81147,80620,14633,95253,735
2022-05-14,Napa,055,140530,26977,26698,1058,27756,143
2022-05-14,Nevada,057,99092,16388,16240,1267,17507,127
2022-05-14,Orange,059,3164182,561068,557134,43617,600751,7017
2022-05-14,Placer,061,380077,64660,63963,7624,71587,626
2022-05-14,Plumas,063,18699,3047,3006,367,3373,13
2022-05-14,Riverside,065,2383286,601210,597914,28548,626462,6471
2022-05-14,Sacramento,067,1510023,289208,286403,27494,313897,3022
2022-05-14,San Benito,069,59416,13246,13106,559,13665,98
2022-05-14,San Bernardino,071,2135413,582722,572057,25391,597448,7423
2022-05-14,San Diego,073,3302833,772704,770323,55198,825521,5271
2022-05-14,San Francisco,075,870044,138118,134916,9092,144008,866
2022-05-14,San Joaquin,077,732212,169830,168174,10446,178620,2236
2022-05-14,San Luis Obispo,079,281455,53848,53502,4065,57567,478
2022-05-14,San Mateo,081,765935,131986,129480,7797,137277,709
2022-05-14,Santa Barbara,083,443738,88494,87773,4894,92667,693
2022-05-14,Santa Clara,085,1922200,338517,328609,13675,342284,2297
2022-05-14,Santa Cruz,087,273765,51248,50268,2259,52527,263
2022-05-14,Shasta,089,179085,30914,30799,6138,36937,557
2022-05-14,Sierra,091,2930,277,275,53,328,4
2022-05-14,Siskiyou,093,43540,4486,4482,2762,7244,81
2022-05-14,Solano,095,438530,85033,83669,5862,89531,451
2022-05-14,Sonoma,097,501317,88535,87070,3254,90324,488
2022-05-14,Stanislaus,099,539301,119359,118586,18198,136784,1645
2022-05-14,Sutter,101,95872,20749,20690,2130,22820,226
2022-05-14,Tehama,103,63373,12134,12115,2607,14722,201
2022-05-14,Trinity,105,12862,1194,1188,289,1477,20
2022-05-14,Tulare,107,460477,107104,107077,28064,135141,1469
2022-05-14,Tuolumne,109,53932,12998,12851,595,13446,182
2022-05-14,Ventura,111,848112,177581,176317,10207,186524,1497
2022-05-14,Yolo,113,214977,39114,37737,3068,40805,316
2022-05-14,Yuba,115,75493,16110,16028,1256,17284,122
2022-05-13,Alameda,001,1643700,273841,268944,14962,283906,1857
2022-05-13,Alpine,003,1148,125,125,1,126,0
2022-05-13,Amador,005,37829,8644,8574,671,9245,86
2022-05-13,Butte,007,227075,33693,33377,7226,40603,424
2022-05-13,Calaveras,009,45235,7400,7378,373,7751,120
2022-05-13,Colusa,011,21464,3468,3463,1054,4517,21
2022-05-13,Contra Costa,013,1133247,202095,195925,14523,210448,1301
2022-05-13,Del Norte,015,27424,6032,5919,200,6119,50
2022-05-13,El Dorado,017,186661,27433,27216,3311,30527,212
2022-05-13,Fresno,019,978130,234709,233305,24595,257900,2757
2022-05-13,Glenn,021,27897,5029,5004,1625,6629,48
2022-05-13,Humboldt,023,135768,17924,17633,3290,20923,146
2022-05-13,Imperial,025,180216,55877,55756,10732,66488,917
2022-05-13,Inyo,027,18085,4127,4114,523,4637,56
2022-05-13,Kern,029,883053,193525,192939,46504,239443,2314
2022-05-13,Kings,031,150075,51867,51779,3540,55319,447
2022-05-13,Lake,033,64148,10867,10790,904,11694,137
2022-05-13,Lassen,035,31185,8984,8987,879,9866,65
2022-05-13,Los Angeles,037,10098052,2787214,2768726,128703,2897429,31768
2022-05-13,Madera,039,155013,37665,37520,6157,43677,365
2022-05-13,Marin,041,260295,36113,35486,3261,38747,293
2022-05-13,Mariposa,043,17540,2490,2463,221,2684,30
2022-05-13,Mendocino,045,87422,13427,13349,3279,16628,124
2022-05-13,Merced,047,269075,63219,62627,8997,71624,818
2022-05-13,Modoc,049,8938,744,747,253,1000,8
2022-05-13,Mono,051,14174,3012,3002,150,3152,6
2022-05-13,Monterey,053,433212,81091,80620,14594,95214,735
2022-05-13,Napa,055,140530,26941,26698,1056,27754,143
2022-05-13,Nevada,057,99092,16373,16240,1266,17506,127
2022-05-13,Orange,059,3164182,560600,557134,43544,600678,7017
2022-05-13,Placer,061,380077,64581,63963,7615,71578,626
2022-05-13,Plumas,063,18699,3040,3006,367,3373,13
2022-05-13,Riverside,065,2383286,600822,597914,28519,626433,6471
2022-05-13,Sacramento,067,1510023,288874,286403,27471,313874,3022
2022-05-13,San Benito,069,59416,13242,13106,559,13665,98
2022-05-13,San Bernardino,071,2135413,582481,572057,25383,597440,7423
2022-05-13,San Diego,073,3302833,772066,770323,55118,825441,5271
2022-05-13,San Francisco,075,870044,137769,134916,9072,143988,866
2022-05-13,San Joaquin,077,732212,169710,168174,10434,178608,2236
2022-05-13,San Luis Obispo,079,281455,53812,53502,4061,57563,478
2022-05-13,San Mateo,081,765935,131697,129480,7776,137256,709
2022-05-13,Santa Barbara,083,443738,88400,87773,4891,92664,693
2022-05-13,Santa Clara,085,1922200,337714,328609,13642,342251,2297
2022-05-13,Santa Cruz,087,273765,51161,50268,2251,52519,263
2022-05-13,Shasta,089,179085,30910,30799,6138,36937,557
2022-05-13,Sierra,091,2930,276,275,50,325,4
2022-05-13,Siskiyou,093,43540,4485,4482,2762,7244,81
2022-05-13,Solano,095,438530,84909,83669,5855,89524,451
2022-05-13,Sonoma,097,501317,88358,87070,3240,90310,488
2022-05-13,Stanislaus,099,539301,119265,118586,18184,136770,1645
2022-05-13,Sutter,101,95872,20737,20690,2129,22819,226
2022-05-13,Tehama,103,63373,12132,12115,2605,14720,201
2022-05-13,Trinity,105,12862,1193,1188,289,1477,20
2022-05-13,Tulare,107,460477,107058,107077,28030,135107,1469
2022-05-13,Tuolumne,109,53932,12982,12851,595,13446,182
2022-05-13,Ventura,111,848112,177401,176317,10193,186510,1497
2022-05-13,Yolo,113,214977,39051,37737,3065,40802,316
2022-05-13,Yuba,115,75493,16097,16028,1253,17281,122
2022-05-12,Alameda,001,1643700,273096,268944,14905,283849,1857
2022-05-12,Alpine,003,1148,125,125,1,126,0
2022-05-12,Amador,005,37829,8635,8574,671,9245,86
2022-05-12,Butte,007,227075,33666,33377,7212,40589,424
2022-05-12,Calaveras,009,45235,7396,7378,372,7750,120
2022-05-12,Colusa,011,21464,3468,3463,1053,4516,21
2022-05-12,Contra Costa,013,1133247,201575,195925,14460,210385,1301
2022-05-12,Del Norte,015,27424,6015,5919,199,6118,50
2022-05-12,El Dorado,017,186661,27393,27216,3302,30518,212
2022-05-12,Fresno,019,978130,234557,233305,24575,257880,2757
2022-05-12,Glenn,021,27897,5025,5004,1623,6627,48
2022-05-12,Humboldt,023,135768,17882,17633,3277,20910,146
2022-05-12,Imperial,025,180216,55850,55756,10719,66475,917
2022-05-12,Inyo,027,18085,4123,4114,518,4632,56
2022-05-12,Kern,029,883053,193459,192939,46456,239395,2314
2022-05-12,Kings,031,150075,51846,51779,3538,55317,447
2022-05-12,Lake,033,64148,10849,10790,898,11688,137
2022-05-12,Lassen,035,31185,8983,8987,879,9866,65
2022-05-12,Los Angeles,037,10098052,2784011,2768726,128436,2897162,31768
2022-05-12,Madera,039,155013,37640,37520,6145,43665,365
2022-05-12,Marin,041,260295,36013,35486,3238,38724,293
2022-05-12,Mariposa,043,17540,2485,2463,220,2683,30
2022-05-12,Mendocino,045,87422,13410,13349,3267,16616,124
2022-05-12,Merced,047,269075,63187,62627,8986,71613,818
2022-05-12,Modoc,049,8938,743,747,253,1000,8
2022-05-12,Mono,051,14174,3012,3002,149,3151,6
2022-05-12,Monterey,053,433212,81034,80620,14551,95171,735
2022-05-12,Napa,055,140530,26896,26698,1054,27752,143
2022-05-12,Nevada,057,99092,16351,16240,1265,17505,127
2022-05-12,Orange,059,3164182,559960,557134,43435,600569,7017
2022-05-12,Placer,061,380077,64483,63963,7592,71555,626
2022-05-12,Plumas,063,18699,3034,3006,367,3373,13
2022-05-12,Riverside,065,2383286,600365,597914,28486,626400,6471
2022-05-12,Sacramento,067,1510023,288417,286403,27407,313810,3022
2022-05-12,San Benito,069,59416,13227,13106,558,13664,98
2022-05-12,San Bernardino,071,2135413,582130,572057,25366,597423,7423
2022-05-12,San Diego,073,3302833,771114,770323,55028,825351,5271
2022-05-12,San Francisco,075,870044,137390,134916,9034,143950,866
2022-05-12,San Joaquin,077,732212,169531,168174,10394,178568,2236
2022-05-12,San Luis Obispo,079,281455,53753,53502,4032,57534,478
2022-05-12,San Mateo,081,765935,131288,129480,7725,137205,709
2022-05-12,Santa Barbara,083,443738,88294,87773,4880,92653,693
2022-05-12,Santa Clara,085,1922200,336740,328609,13558,342167,2297
2022-05-12,Santa Cruz,087,273765,51017,50268,2245,52513,263
2022-05-12,Shasta,089,179085,30897,30799,6136,36935,557
2022-05-12,Sierra,091,2930,275,275,50,325,4
2022-05-12,Siskiyou,093,43540,4480,4482,2760,7242,81
2022-05-12,Solano,095,438530,84690,83669,5842,89511,451
2022-05-12,Sonoma,097,501317,88140,87070,3214,90284,488
2022-05-12,Stanislaus,099,539301,119163,118586,18155,136741,1645
2022-05-12,Sutter,101,95872,20721,20690,2128,22818,226
2022-05-12,Tehama,103,63373,12125,12115,2602,14717,201
2022-05-12,Trinity,105,12862,1192,1188,288,1476,20
2022-05-12,Tulare,107,460477,107004,107077,27982,135059,1469
2022-05-12,Tuolumne,109,53932,12962,12851,593,13444,182
2022-05-12,Ventura,111,848112,177171,176317,10150,186467,1497
2022-05-12,Yolo,113,214977,38938,37737,3055,40792,316
2022-05-12,Yuba,115,75493,16081,16028,1250,17278,122
2022-05-11,Alameda,001,1643700,272385,267982,14852,282834,1853
2022-05-11,Alpine,003,1148,125,125,1,126,0
2022-05-11,Amador,005,37829,8627,8564,671,9235,86
2022-05-11,Butte,007,227075,33634,33339,7206,40545,423
2022-05-11,Calaveras,009,45235,7391,7368,368,7736,120
2022-05-11,Colusa,011,21464,3467,3462,1053,4515,21
2022-05-11,Contra Costa,013,1133247,201056,195153,14405,209558,1302
2022-05-11,Del Norte,015,27424,6005,5911,199,6110,50
2022-05-11,El Dorado,017,186661,27357,27172,3295,30467,212
2022-05-11,Fresno,019,978130,234392,233021,24543,257564,2754
2022-05-11,Glenn,021,27897,5025,5001,1621,6622,48
2022-05-11,Humboldt,023,135768,17839,17585,3261,20846,146
2022-05-11,Imperial,025,180216,55825,55751,10709,66460,917
2022-05-11,Inyo,027,18085,4122,4093,517,4610,56
2022-05-11,Kern,029,883053,193361,192795,46411,239206,2292
2022-05-11,Kings,031,150075,51819,51752,3536,55288,447
2022-05-11,Lake,033,64148,10836,10786,897,11683,137
2022-05-11,Lassen,035,31185,8982,8984,878,9862,65
2022-05-11,Los Angeles,037,10098052,2780897,2761410,128207,2889617,31747
2022-05-11,Madera,039,155013,37608,37496,6134,43630,365
2022-05-11,Marin,041,260295,35912,35336,3197,38533,292
2022-05-11,Mariposa,043,17540,2480,2461,220,2681,30
2022-05-11,Mendocino,045,87422,13395,13320,3250,16570,124
2022-05-11,Merced,047,269075,63144,62567,8965,71532,818
2022-05-11,Modoc,049,8938,742,747,253,1000,8
2022-05-11,Mono,051,14174,3012,2999,148,3147,6
2022-05-11,Monterey,053,433212,80971,80534,14500,95034,733
2022-05-11,Napa,055,140530,26845,26660,1052,27712,143
2022-05-11,Nevada,057,99092,16335,16230,1260,17490,127
2022-05-11,Orange,059,3164182,559285,556265,43355,599620,7009
2022-05-11,Placer,061,380077,64385,63823,7576,71399,625
2022-05-11,Plumas,063,18699,3026,2998,367,3365,13
2022-05-11,Riverside,065,2383286,599915,597302,28450,625752,6468
2022-05-11,Sacramento,067,1510023,287999,285799,27357,313156,3020
2022-05-11,San Benito,069,59416,13207,13088,554,13642,98
2022-05-11,San Bernardino,071,2135413,581767,571372,25357,596729,7354
2022-05-11,San Diego,073,3302833,770134,768135,54897,823032,5257
2022-05-11,San Francisco,075,870044,136894,134027,9009,143036,864
2022-05-11,San Joaquin,077,732212,169358,167949,10373,178322,2233
2022-05-11,San Luis Obispo,079,281455,53706,53420,4015,57435,478
2022-05-11,San Mateo,081,765935,130890,128821,7682,136503,711
2022-05-11,Santa Barbara,083,443738,88165,87593,4868,92461,693
2022-05-11,Santa Clara,085,1922200,335737,327177,13510,340687,2294
2022-05-11,Santa Cruz,087,273765,50859,50031,2231,52262,263
2022-05-11,Shasta,089,179085,30865,30768,6133,36901,564
2022-05-11,Sierra,091,2930,275,275,50,325,4
2022-05-11,Siskiyou,093,43540,4478,4478,2760,7238,81
2022-05-11,Solano,095,438530,84490,83464,5829,89293,450
2022-05-11,Sonoma,097,501317,87936,86798,3201,89999,488
2022-05-11,Stanislaus,099,539301,119060,118445,18133,136578,1644
2022-05-11,Sutter,101,95872,20706,20668,2127,22795,225
2022-05-11,Tehama,103,63373,12125,12106,2602,14708,201
2022-05-11,Trinity,105,12862,1190,1188,288,1476,20
2022-05-11,Tulare,107,460477,106947,107068,27949,135017,1468
2022-05-11,Tuolumne,109,53932,12945,12829,593,13422,181
2022-05-11,Ventura,111,848112,176972,175955,10108,186063,1491
2022-05-11,Yolo,113,214977,38823,37654,3050,40704,316
2022-05-11,Yuba,115,75493,16062,15997,1240,17237,122
2022-05-10,Alameda,001,1643700,271604,267982,14799,282781,1853
2022-05-10,Alpine,003,1148,125,125,1,126,0
2022-05-10,Amador,005,37829,8623,8564,670,9234,86
2022-05-10,Butte,007,227075,33608,33339,7202,40541,423
2022-05-10,Calaveras,009,45235,7387,7368,367,7735,120
2022-05-10,Colusa,011,21464,3467,3462,1052,4514,21
2022-05-10,Contra Costa,013,1133247,200571,195153,14363,209516,1302
2022-05-10,Del Norte,015,27424,5953,5911,199,6110,50
2022-05-10,El Dorado,017,186661,27320,27172,3289,30461,212
2022-05-10,Fresno,019,978130,234230,233021,24514,257535,2754
2022-05-10,Glenn,021,27897,5022,5001,1621,6622,48
2022-05-10,Humboldt,023,135768,17801,17585,3244,20829,146
2022-05-10,Imperial,025,180216,55790,55751,10691,66442,917
2022-05-10,Inyo,027,18085,4120,4093,511,4604,56
2022-05-10,Kern,029,883053,193259,192795,46370,239165,2292
2022-05-10,Kings,031,150075,51788,51752,3536,55288,447
2022-05-10,Lake,033,64148,10831,10786,897,11683,137
2022-05-10,Lassen,035,31185,8977,8984,878,9862,65
2022-05-10,Los Angeles,037,10098052,2777612,2761410,127974,2889384,31747
2022-05-10,Madera,039,155013,37575,37496,6121,43617,365
2022-05-10,Marin,041,260295,35797,35336,3154,38490,292
2022-05-10,Mariposa,043,17540,2480,2461,220,2681,30
2022-05-10,Mendocino,045,87422,13383,13320,3237,16557,124
2022-05-10,Merced,047,269075,63099,62567,8946,71513,818
2022-05-10,Modoc,049,8938,742,747,253,1000,8
2022-05-10,Mono,051,14174,3008,2999,145,3144,6
2022-05-10,Monterey,053,433212,80905,80534,14452,94986,733
2022-05-10,Napa,055,140530,26807,26660,1050,27710,143
2022-05-10,Nevada,057,99092,16315,16230,1257,17487,127
2022-05-10,Orange,059,3164182,558581,556265,43260,599525,7009
2022-05-10,Placer,061,380077,64272,63823,7560,71383,625
2022-05-10,Plumas,063,18699,3018,2998,366,3364,13
2022-05-10,Riverside,065,2383286,599488,597302,28421,625723,6468
2022-05-10,Sacramento,067,1510023,287493,285799,27291,313090,3020
2022-05-10,San Benito,069,59416,13190,13088,549,13637,98
2022-05-10,San Bernardino,071,2135413,581418,571372,25331,596703,7354
2022-05-10,San Diego,073,3302833,769119,768135,54775,822910,5257
2022-05-10,San Francisco,075,870044,136344,134027,8982,143009,864
2022-05-10,San Joaquin,077,732212,169204,167949,10311,178260,2233
2022-05-10,San Luis Obispo,079,281455,53630,53420,3990,57410,478
2022-05-10,San Mateo,081,765935,130512,128821,7644,136465,711
2022-05-10,Santa Barbara,083,443738,88049,87593,4853,92446,693
2022-05-10,Santa Clara,085,1922200,334706,327177,13430,340607,2294
2022-05-10,Santa Cruz,087,273765,50733,50031,2220,52251,263
2022-05-10,Shasta,089,179085,30845,30768,6132,36900,564
2022-05-10,Sierra,091,2930,275,275,49,324,4
2022-05-10,Siskiyou,093,43540,4474,4478,2760,7238,81
2022-05-10,Solano,095,438530,84303,83464,5810,89274,450
2022-05-10,Sonoma,097,501317,87696,86798,3163,89961,488
2022-05-10,Stanislaus,099,539301,118966,118445,18114,136559,1644
2022-05-10,Sutter,101,95872,20687,20668,2124,22792,225
2022-05-10,Tehama,103,63373,12122,12106,2595,14701,201
2022-05-10,Trinity,105,12862,1190,1188,288,1476,20
2022-05-10,Tulare,107,460477,106903,107068,27922,134990,1468
2022-05-10,Tuolumne,109,53932,12933,12829,593,13422,181
2022-05-10,Ventura,111,848112,176754,175955,10070,186025,1491
2022-05-10,Yolo,113,214977,38719,37654,3039,40693,316
2022-05-10,Yuba,115,75493,16041,15997,1237,17234,122
2022-05-09,Alameda,001,1643700,270824,267982,14756,282738,1853
2022-05-09,Alpine,003,1148,125,125,1,126,0
2022-05-09,Amador,005,37829,8617,8564,670,9234,86
2022-05-09,Butte,007,227075,33582,33339,7193,40532,423
2022-05-09,Calaveras,009,45235,7381,7368,367,7735,120
2022-05-09,Colusa,011,21464,3465,3462,1050,4512,21
2022-05-09,Contra Costa,013,1133247,200099,195153,14305,209458,1302
2022-05-09,Del Norte,015,27424,5944,5911,198,6109,50
2022-05-09,El Dorado,017,186661,27285,27172,3281,30453,212
2022-05-09,Fresno,019,978130,234071,233021,24492,257513,2754
2022-05-09,Glenn,021,27897,5020,5001,1620,6621,48
2022-05-09,Humboldt,023,135768,17750,17585,3222,20807,146
2022-05-09,Imperial,025,180216,55756,55751,10678,66429,917
2022-05-09,Inyo,027,18085,4117,4093,508,4601,56
2022-05-09,Kern,029,883053,193162,192795,46313,239108,2292
2022-05-09,Kings,031,150075,51757,51752,3535,55287,447
2022-05-09,Lake,033,64148,10823,10786,896,11682,137
2022-05-09,Lassen,035,31185,8975,8984,878,9862,65
2022-05-09,Los Angeles,037,10098052,2774267,2761410,127729,2889139,31747
2022-05-09,Madera,039,155013,37543,37496,6112,43608,365
2022-05-09,Marin,041,260295,35680,35336,3119,38455,292
2022-05-09,Mariposa,043,17540,2475,2461,220,2681,30
2022-05-09,Mendocino,045,87422,13372,13320,3226,16546,124
2022-05-09,Merced,047,269075,63059,62567,8927,71494,818
2022-05-09,Modoc,049,8938,742,747,253,1000,8
2022-05-09,Mono,051,14174,3006,2999,143,3142,6
2022-05-09,Monterey,053,433212,80813,80534,14399,94933,733
2022-05-09,Napa,055,140530,26757,26660,1048,27708,143
2022-05-09,Nevada,057,99092,16287,16230,1251,17481,127
2022-05-09,Orange,059,3164182,557911,556265,43178,599443,7009
2022-05-09,Placer,061,380077,64211,63823,7544,71367,625
2022-05-09,Plumas,063,18699,3009,2998,366,3364,13
2022-05-09,Riverside,065,2383286,598997,597302,28385,625687,6468
2022-05-09,Sacramento,067,1510023,287063,285799,27219,313018,3020
2022-05-09,San Benito,069,59416,13171,13088,547,13635,98
2022-05-09,San Bernardino,071,2135413,581080,571372,25320,596692,7354
2022-05-09,San Diego,073,3302833,768144,768135,54633,822768,5257
2022-05-09,San Francisco,075,870044,135789,134027,8958,142985,864
2022-05-09,San Joaquin,077,732212,169021,167949,10289,178238,2233
2022-05-09,San Luis Obispo,079,281455,53577,53420,3969,57389,478
2022-05-09,San Mateo,081,765935,130085,128821,7606,136427,711
2022-05-09,Santa Barbara,083,443738,87919,87593,4842,92435,693
2022-05-09,Santa Clara,085,1922200,333568,327177,13366,340543,2294
2022-05-09,Santa Cruz,087,273765,50592,50031,2212,52243,263
2022-05-09,Shasta,089,179085,30832,30768,6130,36898,564
2022-05-09,Sierra,091,2930,275,275,49,324,4
2022-05-09,Siskiyou,093,43540,4472,4478,2760,7238,81
2022-05-09,Solano,095,438530,84146,83464,5797,89261,450
2022-05-09,Sonoma,097,501317,87436,86798,3137,89935,488
2022-05-09,Stanislaus,099,539301,118870,118445,18096,136541,1644
2022-05-09,Sutter,101,95872,20674,20668,2123,22791,225
2022-05-09,Tehama,103,63373,12120,12106,2593,14699,201
2022-05-09,Trinity,105,12862,1190,1188,288,1476,20
2022-05-09,Tulare,107,460477,106856,107068,27886,134954,1468
2022-05-09,Tuolumne,109,53932,12925,12829,593,13422,181
2022-05-09,Ventura,111,848112,176537,175955,10020,185975,1491
2022-05-09,Yolo,113,214977,38610,37654,3030,40684,316
2022-05-09,Yuba,115,75493,16032,15997,1236,17233,122
2022-05-08,Alameda,001,1643700,269927,265198,14690,279888,1855
2022-05-08,Alpine,003,1148,125,125,1,126,0
2022-05-08,Amador,005,37829,8606,8556,667,9223,86
2022-05-08,Butte,007,227075,33559,33269,7182,40451,421
2022-05-08,Calaveras,009,45235,7374,7353,366,7719,120
2022-05-08,Colusa,011,21464,3464,3459,1050,4509,21
2022-05-08,Contra Costa,013,1133247,199584,193961,14224,208185,1302
2022-05-08,Del Norte,015,27424,5928,5884,198,6082,50
2022-05-08,El Dorado,017,186661,27247,27081,3276,30357,210
2022-05-08,Fresno,019,978130,233903,232655,24469,257124,2754
2022-05-08,Glenn,021,27897,5018,4996,1620,6616,48
2022-05-08,Humboldt,023,135768,17697,17410,3183,20593,146
2022-05-08,Imperial,025,180216,55722,55683,10669,66352,917
2022-05-08,Inyo,027,18085,4110,4087,508,4595,56
2022-05-08,Kern,029,883053,193068,192590,46267,238857,2287
2022-05-08,Kings,031,150075,51740,51702,3535,55237,447
2022-05-08,Lake,033,64148,10816,10766,896,11662,137
2022-05-08,Lassen,035,31185,8971,8978,878,9856,65
2022-05-08,Los Angeles,037,10098052,2770680,2751478,127440,2878918,31738
2022-05-08,Madera,039,155013,37521,37420,6093,43513,365
2022-05-08,Marin,041,260295,35555,34934,3072,38006,292
2022-05-08,Mariposa,043,17540,2468,2438,219,2657,30
2022-05-08,Mendocino,045,87422,13353,13270,3200,16470,124
2022-05-08,Merced,047,269075,63010,62471,8898,71369,818
2022-05-08,Modoc,049,8938,742,745,253,998,8
2022-05-08,Mono,051,14174,3005,2997,141,3138,6
2022-05-08,Monterey,053,433212,80720,80246,14317,94563,733
2022-05-08,Napa,055,140530,26716,26524,1045,27569,143
2022-05-08,Nevada,057,99092,16263,16171,1249,17420,127
2022-05-08,Orange,059,3164182,557230,554411,43073,597484,7007
2022-05-08,Placer,061,380077,64095,63577,7517,71094,625
2022-05-08,Plumas,063,18699,3005,2996,366,3362,13
2022-05-08,Riverside,065,2383286,598509,596022,28349,624371,6467
2022-05-08,Sacramento,067,1510023,286552,284564,27149,311713,3016
2022-05-08,San Benito,069,59416,13156,13047,544,13591,98
2022-05-08,San Bernardino,071,2135413,580648,570381,25285,595666,7306
2022-05-08,San Diego,073,3302833,767116,765377,54528,819905,5244
2022-05-08,San Francisco,075,870044,135138,132659,8926,141585,861
2022-05-08,San Joaquin,077,732212,168836,167568,10256,177824,2229
2022-05-08,San Luis Obispo,079,281455,53506,53273,3949,57222,477
2022-05-08,San Mateo,081,765935,129622,127615,7554,135169,709
2022-05-08,Santa Barbara,083,443738,87785,87305,4833,92138,692
2022-05-08,Santa Clara,085,1922200,332497,324946,13293,338239,2287
2022-05-08,Santa Cruz,087,273765,50412,49605,2208,51813,262
2022-05-08,Shasta,089,179085,30804,30721,6126,36847,563
2022-05-08,Sierra,091,2930,275,275,49,324,4
2022-05-08,Siskiyou,093,43540,4469,4470,2755,7225,81
2022-05-08,Solano,095,438530,83975,83038,5772,88810,450
2022-05-08,Sonoma,097,501317,87217,86150,3102,89252,488
2022-05-08,Stanislaus,099,539301,118762,118235,18071,136306,1643
2022-05-08,Sutter,101,95872,20653,20694,2119,22813,225
2022-05-08,Tehama,103,63373,12114,12098,2590,14688,201
2022-05-08,Trinity,105,12862,1189,1180,288,1468,20
2022-05-08,Tulare,107,460477,106815,106987,27851,134838,1468
2022-05-08,Tuolumne,109,53932,12912,12793,589,13382,181
2022-05-08,Ventura,111,848112,176301,175454,9974,185428,1491
2022-05-08,Yolo,113,214977,38503,37456,3016,40472,315
2022-05-08,Yuba,115,75493,16010,15964,1232,17196,122
2022-05-07,Alameda,001,1643700,269550,265198,14672,279870,1855
2022-05-07,Alpine,003,1148,125,125,1,126,0
2022-05-07,Amador,005,37829,8604,8556,667,9223,86
2022-05-07,Butte,007,227075,33551,33269,7176,40445,421
2022-05-07,Calaveras,009,45235,7367,7353,366,7719,120
2022-05-07,Colusa,011,21464,3464,3459,1050,4509,21
2022-05-07,Contra Costa,013,1133247,199342,193961,14207,208168,1302
2022-05-07,Del Norte,015,27424,5926,5884,198,6082,50
2022-05-07,El Dorado,017,186661,27229,27081,3275,30356,210
2022-05-07,Fresno,019,978130,233845,232655,24463,257118,2754
2022-05-07,Glenn,021,27897,5017,4996,1620,6616,48
2022-05-07,Humboldt,023,135768,17669,17410,3175,20585,146
2022-05-07,Imperial,025,180216,55699,55683,10663,66346,917
2022-05-07,Inyo,027,18085,4107,4087,508,4595,56
2022-05-07,Kern,029,883053,193033,192590,46246,238836,2287
2022-05-07,Kings,031,150075,51729,51702,3535,55237,447
2022-05-07,Lake,033,64148,10812,10766,896,11662,137
2022-05-07,Lassen,035,31185,8971,8978,878,9856,65
2022-05-07,Los Angeles,037,10098052,2769103,2751478,127268,2878746,31738
2022-05-07,Madera,039,155013,37514,37420,6093,43513,365
2022-05-07,Marin,041,260295,35481,34934,3040,37974,292
2022-05-07,Mariposa,043,17540,2465,2438,219,2657,30
2022-05-07,Mendocino,045,87422,13344,13270,3197,16467,124
2022-05-07,Merced,047,269075,62997,62471,8898,71369,818
2022-05-07,Modoc,049,8938,742,745,253,998,8
2022-05-07,Mono,051,14174,3004,2997,140,3137,6
2022-05-07,Monterey,053,433212,80660,80246,14291,94537,733
2022-05-07,Napa,055,140530,26686,26524,1044,27568,143
2022-05-07,Nevada,057,99092,16253,16171,1244,17415,127
2022-05-07,Orange,059,3164182,556901,554411,43019,597430,7007
2022-05-07,Placer,061,380077,64031,63577,7509,71086,625
2022-05-07,Plumas,063,18699,3005,2996,365,3361,13
2022-05-07,Riverside,065,2383286,598254,596022,28322,624344,6467
2022-05-07,Sacramento,067,1510023,286356,284564,27137,311701,3016
2022-05-07,San Benito,069,59416,13147,13047,539,13586,98
2022-05-07,San Bernardino,071,2135413,580436,570381,25280,595661,7306
2022-05-07,San Diego,073,3302833,766630,765377,54498,819875,5244
2022-05-07,San Francisco,075,870044,134810,132659,8906,141565,861
2022-05-07,San Joaquin,077,732212,168731,167568,10247,177815,2229
2022-05-07,San Luis Obispo,079,281455,53494,53273,3938,57211,477
2022-05-07,San Mateo,081,765935,129337,127615,7533,135148,709
2022-05-07,Santa Barbara,083,443738,87705,87305,4830,92135,692
2022-05-07,Santa Clara,085,1922200,331877,324946,13263,338209,2287
2022-05-07,Santa Cruz,087,273765,50359,49605,2198,51803,262
2022-05-07,Shasta,089,179085,30796,30721,6126,36847,563
2022-05-07,Sierra,091,2930,275,275,49,324,4
2022-05-07,Siskiyou,093,43540,4467,4470,2755,7225,81
2022-05-07,Solano,095,438530,83917,83038,5767,88805,450
2022-05-07,Sonoma,097,501317,87092,86150,3093,89243,488
2022-05-07,Stanislaus,099,539301,118715,118235,18062,136297,1643
2022-05-07,Sutter,101,95872,20644,20694,2119,22813,225
2022-05-07,Tehama,103,63373,12112,12098,2589,14687,201
2022-05-07,Trinity,105,12862,1189,1180,288,1468,20
2022-05-07,Tulare,107,460477,106790,106987,27839,134826,1468
2022-05-07,Tuolumne,109,53932,12905,12793,589,13382,181
2022-05-07,Ventura,111,848112,176190,175454,9950,185404,1491
2022-05-07,Yolo,113,214977,38458,37456,3014,40470,315
2022-05-07,Yuba,115,75493,16001,15964,1232,17196,122
2022-05-06,Alameda,001,1643700,269165,265198,14650,279848,1855
2022-05-06,Alpine,003,1148,125,125,1,126,0
2022-05-06,Amador,005,37829,8603,8556,666,9222,86
2022-05-06,Butte,007,227075,33542,33269,7173,40442,421
2022-05-06,Calaveras,009,45235,7365,7353,366,7719,120
2022-05-06,Colusa,011,21464,3464,3459,1050,4509,21
2022-05-06,Contra Costa,013,1133247,199110,193961,14195,208156,1302
2022-05-06,Del Norte,015,27424,5916,5884,198,6082,50
2022-05-06,El Dorado,017,186661,27204,27081,3272,30353,210
2022-05-06,Fresno,019,978130,233769,232655,24454,257109,2754
2022-05-06,Glenn,021,27897,5017,4996,1620,6616,48
2022-05-06,Humboldt,023,135768,17642,17410,3168,20578,146
2022-05-06,Imperial,025,180216,55690,55683,10660,66343,917
2022-05-06,Inyo,027,18085,4098,4087,505,4592,56
2022-05-06,Kern,029,883053,192981,192590,46217,238807,2287
2022-05-06,Kings,031,150075,51721,51702,3535,55237,447
2022-05-06,Lake,033,64148,10810,10766,896,11662,137
2022-05-06,Lassen,035,31185,8971,8978,878,9856,65
2022-05-06,Los Angeles,037,10098052,2767287,2751478,127119,2878597,31738
2022-05-06,Madera,039,155013,37500,37420,6090,43510,365
2022-05-06,Marin,041,260295,35403,34934,2994,37928,292
2022-05-06,Mariposa,043,17540,2464,2438,212,2650,30
2022-05-06,Mendocino,045,87422,13332,13270,3195,16465,124
2022-05-06,Merced,047,269075,62980,62471,8897,71368,818
2022-05-06,Modoc,049,8938,742,745,253,998,8
2022-05-06,Mono,051,14174,3003,2997,140,3137,6
2022-05-06,Monterey,053,433212,80621,80246,14254,94500,733
2022-05-06,Napa,055,140530,26669,26524,1044,27568,143
2022-05-06,Nevada,057,99092,16241,16171,1242,17413,127
2022-05-06,Orange,059,3164182,556558,554411,42952,597363,7007
2022-05-06,Placer,061,380077,63970,63577,7497,71074,625
2022-05-06,Plumas,063,18699,3003,2996,365,3361,13
2022-05-06,Riverside,065,2383286,598025,596022,28302,624324,6467
2022-05-06,Sacramento,067,1510023,286100,284564,27117,311681,3016
2022-05-06,San Benito,069,59416,13143,13047,539,13586,98
2022-05-06,San Bernardino,071,2135413,580259,570381,25274,595655,7306
2022-05-06,San Diego,073,3302833,766120,765377,54461,819838,5244
2022-05-06,San Francisco,075,870044,134484,132659,8885,141544,861
2022-05-06,San Joaquin,077,732212,168641,167568,10235,177803,2229
2022-05-06,San Luis Obispo,079,281455,53468,53273,3933,57206,477
2022-05-06,San Mateo,081,765935,129108,127615,7525,135140,709
2022-05-06,Santa Barbara,083,443738,87651,87305,4828,92133,692
2022-05-06,Santa Clara,085,1922200,331285,324946,13248,338194,2287
2022-05-06,Santa Cruz,087,273765,50294,49605,2194,51799,262
2022-05-06,Shasta,089,179085,30790,30721,6125,36846,563
2022-05-06,Sierra,091,2930,275,275,49,324,4
2022-05-06,Siskiyou,093,43540,4465,4470,2753,7223,81
2022-05-06,Solano,095,438530,83827,83038,5759,88797,450
2022-05-06,Sonoma,097,501317,86970,86150,3078,89228,488
2022-05-06,Stanislaus,099,539301,118658,118235,18055,136290,1643
2022-05-06,Sutter,101,95872,20638,20694,2119,22813,225
2022-05-06,Tehama,103,63373,12107,12098,2589,14687,201
2022-05-06,Trinity,105,12862,1188,1180,288,1468,20
2022-05-06,Tulare,107,460477,106771,106987,27828,134815,1468
2022-05-06,Tuolumne,109,53932,12898,12793,588,13381,181
2022-05-06,Ventura,111,848112,176073,175454,9920,185374,1491
2022-05-06,Yolo,113,214977,38411,37456,3010,40466,315
2022-05-06,Yuba,115,75493,15990,15964,1231,17195,122
2022-05-05,Alameda,001,1643700,268577,265198,14608,279806,1855
2022-05-05,Alpine,003,1148,125,125,1,126,0
2022-05-05,Amador,005,37829,8601,8556,665,9221,86
2022-05-05,Butte,007,227075,33523,33269,7166,40435,421
2022-05-05,Calaveras,009,45235,7361,7353,364,7717,120
2022-05-05,Colusa,011,21464,3464,3459,1047,4506,21
2022-05-05,Contra Costa,013,1133247,198716,193961,14151,208112,1302
2022-05-05,Del Norte,015,27424,5915,5884,198,6082,50
2022-05-05,El Dorado,017,186661,27179,27081,3265,30346,210
2022-05-05,Fresno,019,978130,233668,232655,24431,257086,2754
2022-05-05,Glenn,021,27897,5017,4996,1619,6615,48
2022-05-05,Humboldt,023,135768,17604,17410,3154,20564,146
2022-05-05,Imperial,025,180216,55683,55683,10649,66332,917
2022-05-05,Inyo,027,18085,4094,4087,504,4591,56
2022-05-05,Kern,029,883053,192923,192590,46180,238770,2287
2022-05-05,Kings,031,150075,51713,51702,3535,55237,447
2022-05-05,Lake,033,64148,10806,10766,896,11662,137
2022-05-05,Lassen,035,31185,8971,8978,878,9856,65
2022-05-05,Los Angeles,037,10098052,2764712,2751478,126899,2878377,31738
2022-05-05,Madera,039,155013,37483,37420,6085,43505,365
2022-05-05,Marin,041,260295,35294,34934,2972,37906,292
2022-05-05,Mariposa,043,17540,2462,2438,211,2649,30
2022-05-05,Mendocino,045,87422,13321,13270,3187,16457,124
2022-05-05,Merced,047,269075,62947,62471,8893,71364,818
2022-05-05,Modoc,049,8938,742,745,251,996,8
2022-05-05,Mono,051,14174,3002,2997,139,3136,6
2022-05-05,Monterey,053,433212,80566,80246,14225,94471,733
2022-05-05,Napa,055,140530,26636,26524,1043,27567,143
2022-05-05,Nevada,057,99092,16231,16171,1239,17410,127
2022-05-05,Orange,059,3164182,556049,554411,42894,597305,7007
2022-05-05,Placer,061,380077,63909,63577,7488,71065,625
2022-05-05,Plumas,063,18699,3002,2996,365,3361,13
2022-05-05,Riverside,065,2383286,597688,596022,28275,624297,6467
2022-05-05,Sacramento,067,1510023,285761,284564,27067,311631,3016
2022-05-05,San Benito,069,59416,13132,13047,537,13584,98
2022-05-05,San Bernardino,071,2135413,579969,570381,25258,595639,7306
2022-05-05,San Diego,073,3302833,765380,765377,54391,819768,5244
2022-05-05,San Francisco,075,870044,134068,132659,8851,141510,861
2022-05-05,San Joaquin,077,732212,168551,167568,10207,177775,2229
2022-05-05,San Luis Obispo,079,281455,53432,53273,3918,57191,477
2022-05-05,San Mateo,081,765935,128771,127615,7500,135115,709
2022-05-05,Santa Barbara,083,443738,87576,87305,4823,92128,692
2022-05-05,Santa Clara,085,1922200,330488,324946,13186,338132,2287
2022-05-05,Santa Cruz,087,273765,50196,49605,2190,51795,262
2022-05-05,Shasta,089,179085,30780,30721,6123,36844,563
2022-05-05,Sierra,091,2930,275,275,49,324,4
2022-05-05,Siskiyou,093,43540,4463,4470,2753,7223,81
2022-05-05,Solano,095,438530,83706,83038,5741,88779,450
2022-05-05,Sonoma,097,501317,86797,86150,3060,89210,488
2022-05-05,Stanislaus,099,539301,118600,118235,18041,136276,1643
2022-05-05,Sutter,101,95872,20636,20694,2117,22811,225
2022-05-05,Tehama,103,63373,12103,12098,2587,14685,201
2022-05-05,Trinity,105,12862,1188,1180,288,1468,20
2022-05-05,Tulare,107,460477,106741,106987,27810,134797,1468
2022-05-05,Tuolumne,109,53932,12880,12793,585,13378,181
2022-05-05,Ventura,111,848112,175886,175454,9877,185331,1491
2022-05-05,Yolo,113,214977,38340,37456,2999,40455,315
2022-05-05,Yuba,115,75493,15980,15964,1228,17192,122
2022-05-04,Alameda,001,1643700,267912,263736,14566,278302,1850
2022-05-04,Alpine,003,1148,125,124,1,125,0
2022-05-04,Amador,005,37829,8598,8546,664,9210,86
2022-05-04,Butte,007,227075,33506,33220,7161,40381,417
2022-05-04,Calaveras,009,45235,7356,7344,364,7708,120
2022-05-04,Colusa,011,21464,3463,3460,1047,4507,21
2022-05-04,Contra Costa,013,1133247,198349,193175,14096,207271,1302
2022-05-04,Del Norte,015,27424,5907,5866,198,6064,50
2022-05-04,El Dorado,017,186661,27154,27021,3258,30279,210
2022-05-04,Fresno,019,978130,233550,232332,24421,256753,2751
2022-05-04,Glenn,021,27897,5015,4995,1619,6614,48
2022-05-04,Humboldt,023,135768,17564,17316,3144,20460,146
2022-05-04,Imperial,025,180216,55660,55548,10641,66189,910
2022-05-04,Inyo,027,18085,4094,4085,501,4586,56
2022-05-04,Kern,029,883053,192857,192432,46144,238576,2281
2022-05-04,Kings,031,150075,51695,51663,3534,55197,447
2022-05-04,Lake,033,64148,10801,10758,896,11654,137
2022-05-04,Lassen,035,31185,8970,8972,876,9848,65
2022-05-04,Los Angeles,037,10098052,2761939,2744894,126708,2871602,31722
2022-05-04,Madera,039,155013,37459,37395,6080,43475,365
2022-05-04,Marin,041,260295,35207,34727,2950,37677,291
2022-05-04,Mariposa,043,17540,2456,2435,206,2641,30
2022-05-04,Mendocino,045,87422,13313,13247,3179,16426,123
2022-05-04,Merced,047,269075,62920,62419,8882,71301,818
2022-05-04,Modoc,049,8938,742,746,251,997,8
2022-05-04,Mono,051,14174,3001,2993,136,3129,6
2022-05-04,Monterey,053,433212,80504,80038,14201,94239,732
2022-05-04,Napa,055,140530,26599,26434,1040,27474,143
2022-05-04,Nevada,057,99092,16215,16136,1235,17371,127
2022-05-04,Orange,059,3164182,555465,553177,42818,595995,7006
2022-05-04,Placer,061,380077,63826,63410,7483,70893,625
2022-05-04,Plumas,063,18699,3000,2947,365,3312,13
2022-05-04,Riverside,065,2383286,597354,594981,28249,623230,6457
2022-05-04,Sacramento,067,1510023,285431,283939,27031,310970,3013
2022-05-04,San Benito,069,59416,13123,13019,531,13550,98
2022-05-04,San Bernardino,071,2135413,579706,569570,25245,594815,7240
2022-05-04,San Diego,073,3302833,764632,763453,54298,817751,5239
2022-05-04,San Francisco,075,870044,133661,131599,8830,140429,860
2022-05-04,San Joaquin,077,732212,168447,167280,10178,177458,2225
2022-05-04,San Luis Obispo,079,281455,53388,53156,3907,57063,477
2022-05-04,San Mateo,081,765935,128447,126800,7466,134266,710
2022-05-04,Santa Barbara,083,443738,87471,87058,4808,91866,688
2022-05-04,Santa Clara,085,1922200,329680,322805,13133,335938,2285
2022-05-04,Santa Cruz,087,273765,50081,49230,2187,51417,262
2022-05-04,Shasta,089,179085,30764,30681,6121,36802,556
2022-05-04,Sierra,091,2930,275,275,49,324,4
2022-05-04,Siskiyou,093,43540,4460,4463,2751,7214,81
2022-05-04,Solano,095,438530,83560,82796,5730,88526,449
2022-05-04,Sonoma,097,501317,86621,85694,3035,88729,488
2022-05-04,Stanislaus,099,539301,118537,118123,18030,136153,1643
2022-05-04,Sutter,101,95872,20625,20672,2115,22787,224
2022-05-04,Tehama,103,63373,12101,12090,2582,14672,201
2022-05-04,Trinity,105,12862,1188,1180,288,1468,20
2022-05-04,Tulare,107,460477,106723,106935,27795,134730,1464
2022-05-04,Tuolumne,109,53932,12873,12757,583,13340,181
2022-05-04,Ventura,111,848112,175718,175066,9835,184901,1486
2022-05-04,Yolo,113,214977,38264,37344,2994,40338,315
2022-05-04,Yuba,115,75493,15971,15940,1225,17165,122
2022-05-03,Alameda,001,1643700,267308,263736,14522,278258,1850
2022-05-03,Alpine,003,1148,125,124,1,125,0
2022-05-03,Amador,005,37829,8595,8546,663,9209,86
2022-05-03,Butte,007,227075,33490,33220,7156,40376,417
2022-05-03,Calaveras,009,45235,7349,7344,364,7708,120
2022-05-03,Colusa,011,21464,3462,3460,1047,4507,21
2022-05-03,Contra Costa,013,1133247,197956,193175,14053,207228,1302
2022-05-03,Del Norte,015,27424,5900,5866,196,6062,50
2022-05-03,El Dorado,017,186661,27132,27021,3254,30275,210
2022-05-03,Fresno,019,978130,233439,232332,24402,256734,2751
2022-05-03,Glenn,021,27897,5014,4995,1617,6612,48
2022-05-03,Humboldt,023,135768,17528,17316,3125,20441,146
2022-05-03,Imperial,025,180216,55638,55548,10635,66183,910
2022-05-03,Inyo,027,18085,4092,4085,501,4586,56
2022-05-03,Kern,029,883053,192779,192432,46112,238544,2281
2022-05-03,Kings,031,150075,51683,51663,3534,55197,447
2022-05-03,Lake,033,64148,10797,10758,895,11653,137
2022-05-03,Lassen,035,31185,8970,8972,876,9848,65
2022-05-03,Los Angeles,037,10098052,2758879,2744894,126475,2871369,31722
2022-05-03,Madera,039,155013,37428,37395,6075,43470,365
2022-05-03,Marin,041,260295,35097,34727,2927,37654,291
2022-05-03,Mariposa,043,17540,2448,2435,206,2641,30
2022-05-03,Mendocino,045,87422,13298,13247,3161,16408,123
2022-05-03,Merced,047,269075,62892,62419,8858,71277,818
2022-05-03,Modoc,049,8938,741,746,251,997,8
2022-05-03,Mono,051,14174,2999,2993,135,3128,6
2022-05-03,Monterey,053,433212,80452,80038,14167,94205,732
2022-05-03,Napa,055,140530,26564,26434,1033,27467,143
2022-05-03,Nevada,057,99092,16204,16136,1235,17371,127
2022-05-03,Orange,059,3164182,554941,553177,42739,595916,7006
2022-05-03,Placer,061,380077,63732,63410,7469,70879,625
2022-05-03,Plumas,063,18699,2996,2947,365,3312,13
2022-05-03,Riverside,065,2383286,596988,594981,28225,623206,6457
2022-05-03,Sacramento,067,1510023,285114,283939,26986,310925,3013
2022-05-03,San Benito,069,59416,13110,13019,528,13547,98
2022-05-03,San Bernardino,071,2135413,579437,569570,25233,594803,7240
2022-05-03,San Diego,073,3302833,763790,763453,54198,817651,5239
2022-05-03,San Francisco,075,870044,133186,131599,8800,140399,860
2022-05-03,San Joaquin,077,732212,168364,167280,10152,177432,2225
2022-05-03,San Luis Obispo,079,281455,53341,53156,3898,57054,477
2022-05-03,San Mateo,081,765935,128099,126800,7433,134233,710
2022-05-03,Santa Barbara,083,443738,87382,87058,4806,91864,688
2022-05-03,Santa Clara,085,1922200,328862,322805,13083,335888,2285
2022-05-03,Santa Cruz,087,273765,49989,49230,2181,51411,262
2022-05-03,Shasta,089,179085,30745,30681,6120,36801,556
2022-05-03,Sierra,091,2930,275,275,49,324,4
2022-05-03,Siskiyou,093,43540,4459,4463,2751,7214,81
2022-05-03,Solano,095,438530,83370,82796,5718,88514,449
2022-05-03,Sonoma,097,501317,86440,85694,3011,88705,488
2022-05-03,Stanislaus,099,539301,118483,118123,18017,136140,1643
2022-05-03,Sutter,101,95872,20620,20672,2113,22785,224
2022-05-03,Tehama,103,63373,12097,12090,2581,14671,201
2022-05-03,Trinity,105,12862,1187,1180,288,1468,20
2022-05-03,Tulare,107,460477,106695,106935,27781,134716,1464
2022-05-03,Tuolumne,109,53932,12860,12757,583,13340,181
2022-05-03,Ventura,111,848112,175549,175066,9792,184858,1486
2022-05-03,Yolo,113,214977,38196,37344,2993,40337,315
2022-05-03,Yuba,115,75493,15960,15940,1217,17157,122
2022-05-02,Alameda,001,1643700,266674,263736,14476,278212,1850
2022-05-02,Alpine,003,1148,125,124,1,125,0
2022-05-02,Amador,005,37829,8592,8546,660,9206,86
2022-05-02,Butte,007,227075,33467,33220,7153,40373,417
2022-05-02,Calaveras,009,45235,7348,7344,363,7707,120
2022-05-02,Colusa,011,21464,3462,3460,1047,4507,21
2022-05-02,Contra Costa,013,1133247,197583,193175,14015,207190,1302
2022-05-02,Del Norte,015,27424,5895,5866,191,6057,50
2022-05-02,El Dorado,017,186661,27109,27021,3248,30269,210
2022-05-02,Fresno,019,978130,233327,232332,24374,256706,2751
2022-05-02,Glenn,021,27897,5012,4995,1617,6612,48
2022-05-02,Humboldt,023,135768,17477,17316,3111,20427,146
2022-05-02,Imperial,025,180216,55625,55548,10628,66176,910
2022-05-02,Inyo,027,18085,4091,4085,499,4584,56
2022-05-02,Kern,029,883053,192695,192432,46083,238515,2281
2022-05-02,Kings,031,150075,51666,51663,3534,55197,447
2022-05-02,Lake,033,64148,10793,10758,895,11653,137
2022-05-02,Lassen,035,31185,8969,8972,876,9848,65
2022-05-02,Los Angeles,037,10098052,2755858,2744894,126257,2871151,31722
2022-05-02,Madera,039,155013,37411,37395,6068,43463,365
2022-05-02,Marin,041,260295,34972,34727,2904,37631,291
2022-05-02,Mariposa,043,17540,2443,2435,206,2641,30
2022-05-02,Mendocino,045,87422,13280,13247,3148,16395,123
2022-05-02,Merced,047,269075,62860,62419,8851,71270,818
2022-05-02,Modoc,049,8938,740,746,251,997,8
2022-05-02,Mono,051,14174,2997,2993,134,3127,6
2022-05-02,Monterey,053,433212,80374,80038,14126,94164,732
2022-05-02,Napa,055,140530,26525,26434,1031,27465,143
2022-05-02,Nevada,057,99092,16186,16136,1233,17369,127
2022-05-02,Orange,059,3164182,554401,553177,42643,595820,7006
2022-05-02,Placer,061,380077,63675,63410,7462,70872,625
2022-05-02,Plumas,063,18699,2996,2947,365,3312,13
2022-05-02,Riverside,065,2383286,596597,594981,28198,623179,6457
2022-05-02,Sacramento,067,1510023,284807,283939,26947,310886,3013
2022-05-02,San Benito,069,59416,13098,13019,528,13547,98
2022-05-02,San Bernardino,071,2135413,579150,569570,25215,594785,7240
2022-05-02,San Diego,073,3302833,762927,763453,54102,817555,5239
2022-05-02,San Francisco,075,870044,132751,131599,8773,140372,860
2022-05-02,San Joaquin,077,732212,168247,167280,10140,177420,2225
2022-05-02,San Luis Obispo,079,281455,53288,53156,3889,57045,477
2022-05-02,San Mateo,081,765935,127776,126800,7418,134218,710
2022-05-02,Santa Barbara,083,443738,87281,87058,4802,91860,688
2022-05-02,Santa Clara,085,1922200,327947,322805,13037,335842,2285
2022-05-02,Santa Cruz,087,273765,49863,49230,2177,51407,262
2022-05-02,Shasta,089,179085,30726,30681,6119,36800,556
2022-05-02,Sierra,091,2930,275,275,49,324,4
2022-05-02,Siskiyou,093,43540,4456,4463,2749,7212,81
2022-05-02,Solano,095,438530,83229,82796,5708,88504,449
2022-05-02,Sonoma,097,501317,86257,85694,2990,88684,488
2022-05-02,Stanislaus,099,539301,118410,118123,18003,136126,1643
2022-05-02,Sutter,101,95872,20613,20672,2110,22782,224
2022-05-02,Tehama,103,63373,12092,12090,2578,14668,201
2022-05-02,Trinity,105,12862,1186,1180,288,1468,20
2022-05-02,Tulare,107,460477,106673,106935,27765,134700,1464
2022-05-02,Tuolumne,109,53932,12854,12757,583,13340,181
2022-05-02,Ventura,111,848112,175386,175066,9760,184826,1486
2022-05-02,Yolo,113,214977,38118,37344,2987,40331,315
2022-05-02,Yuba,115,75493,15955,15940,1215,17155,122
2022-05-01,Alameda,001,1643700,265972,262027,14425,276452,1851
2022-05-01,Alpine,003,1148,125,124,1,125,0
2022-05-01,Amador,005,37829,8592,8533,660,9193,86
2022-05-01,Butte,007,227075,33440,33172,7148,40320,418
2022-05-01,Calaveras,009,45235,7344,7328,357,7685,120
2022-05-01,Colusa,011,21464,3462,3457,1047,4504,21
2022-05-01,Contra Costa,013,1133247,197197,192136,13944,206080,1301
2022-05-01,Del Norte,015,27424,5887,5841,191,6032,50
2022-05-01,El Dorado,017,186661,27077,26946,3244,30190,210
2022-05-01,Fresno,019,978130,233222,232067,24354,256421,2748
2022-05-01,Glenn,021,27897,5012,4995,1617,6612,48
2022-05-01,Humboldt,023,135768,17413,17194,3086,20280,145
2022-05-01,Imperial,025,180216,55601,55503,10625,66128,910
2022-05-01,Inyo,027,18085,4090,4084,498,4582,56
2022-05-01,Kern,029,883053,192632,192250,46037,238287,2265
2022-05-01,Kings,031,150075,51645,51640,3530,55170,447
2022-05-01,Lake,033,64148,10786,10742,893,11635,137
2022-05-01,Lassen,035,31185,8969,8966,876,9842,65
2022-05-01,Los Angeles,037,10098052,2752857,2736900,126022,2862922,31712
2022-05-01,Madera,039,155013,37393,37360,6057,43417,365
2022-05-01,Marin,041,260295,34885,34519,2871,37390,291
2022-05-01,Mariposa,043,17540,2442,2430,206,2636,30
2022-05-01,Mendocino,045,87422,13261,13219,3132,16351,123
2022-05-01,Merced,047,269075,62828,62357,8835,71192,818
2022-05-01,Modoc,049,8938,740,745,251,996,8
2022-05-01,Mono,051,14174,2994,2989,132,3121,6
2022-05-01,Monterey,053,433212,80295,79881,14084,93965,731
2022-05-01,Napa,055,140530,26480,26319,1027,27346,143
2022-05-01,Nevada,057,99092,16167,16100,1232,17332,127
2022-05-01,Orange,059,3164182,553848,551822,42539,594361,6998
2022-05-01,Placer,061,380077,63602,63273,7448,70721,625
2022-05-01,Plumas,063,18699,2995,2946,365,3311,13
2022-05-01,Riverside,065,2383286,596137,593965,28164,622129,6457
2022-05-01,Sacramento,067,1510023,284474,283048,26888,309936,3007
2022-05-01,San Benito,069,59416,13090,12988,528,13516,98
2022-05-01,San Bernardino,071,2135413,578831,568758,25198,593956,7191
2022-05-01,San Diego,073,3302833,762047,761253,54010,815263,5238
2022-05-01,San Francisco,075,870044,132259,130241,8742,138983,860
2022-05-01,San Joaquin,077,732212,168102,167028,10110,177138,2225
2022-05-01,San Luis Obispo,079,281455,53216,53040,3873,56913,477
2022-05-01,San Mateo,081,765935,127410,125807,7379,133186,705
2022-05-01,Santa Barbara,083,443738,87177,86768,4792,91560,688
2022-05-01,Santa Clara,085,1922200,327001,320709,12987,333696,2281
2022-05-01,Santa Cruz,087,273765,49711,48798,2169,50967,262
2022-05-01,Shasta,089,179085,30710,30649,6117,36766,554
2022-05-01,Sierra,091,2930,275,274,49,323,4
2022-05-01,Siskiyou,093,43540,4455,4458,2743,7201,81
2022-05-01,Solano,095,438530,83097,82459,5693,88152,449
2022-05-01,Sonoma,097,501317,86037,85290,2962,88252,488
2022-05-01,Stanislaus,099,539301,118355,117943,17987,135930,1643
2022-05-01,Sutter,101,95872,20605,20644,2103,22747,224
2022-05-01,Tehama,103,63373,12091,12078,2577,14655,202
2022-05-01,Trinity,105,12862,1186,1179,288,1467,20
2022-05-01,Tulare,107,460477,106640,106856,27745,134601,1458
2022-05-01,Tuolumne,109,53932,12835,12713,577,13290,181
2022-05-01,Ventura,111,848112,175214,174679,9707,184386,1486
2022-05-01,Yolo,113,214977,38053,37173,2977,40150,314
2022-05-01,Yuba,115,75493,15945,15917,1213,17130,121
2022-04-30,Alameda,001,1643700,265567,262027,14410,276437,1851
2022-04-30,Alpine,003,1148,125,124,1,125,0
2022-04-30,Amador,005,37829,8590,8533,660,9193,86
2022-04-30,Butte,007,227075,33434,33172,7144,40316,418
2022-04-30,Calaveras,009,45235,7341,7328,356,7684,120
2022-04-30,Colusa,011,21464,3461,3457,1047,4504,21
2022-04-30,Contra Costa,013,1133247,196951,192136,13934,206070,1301
2022-04-30,Del Norte,015,27424,5882,5841,191,6032,50
2022-04-30,El Dorado,017,186661,27059,26946,3240,30186,210
2022-04-30,Fresno,019,978130,233175,232067,24347,256414,2748
2022-04-30,Glenn,021,27897,5011,4995,1616,6611,48
2022-04-30,Humboldt,023,135768,17371,17194,3077,20271,145
2022-04-30,Imperial,025,180216,55588,55503,10623,66126,910
2022-04-30,Inyo,027,18085,4090,4084,498,4582,56
2022-04-30,Kern,029,883053,192596,192250,46019,238269,2265
2022-04-30,Kings,031,150075,51639,51640,3529,55169,447
2022-04-30,Lake,033,64148,10783,10742,893,11635,137
2022-04-30,Lassen,035,31185,8969,8966,876,9842,65
2022-04-30,Los Angeles,037,10098052,2751478,2736900,125845,2862745,31712
2022-04-30,Madera,039,155013,37382,37360,6056,43416,365
2022-04-30,Marin,041,260295,34839,34519,2841,37360,291
2022-04-30,Mariposa,043,17540,2440,2430,205,2635,30
2022-04-30,Mendocino,045,87422,13257,13219,3132,16351,123
2022-04-30,Merced,047,269075,62815,62357,8833,71190,818
2022-04-30,Modoc,049,8938,740,745,251,996,8
2022-04-30,Mono,051,14174,2993,2989,130,3119,6
2022-04-30,Monterey,053,433212,80228,79881,14061,93942,731
2022-04-30,Napa,055,140530,26457,26319,1026,27345,143
2022-04-30,Nevada,057,99092,16152,16100,1231,17331,127
2022-04-30,Orange,059,3164182,553581,551822,42496,594318,6998
2022-04-30,Placer,061,380077,63557,63273,7440,70713,625
2022-04-30,Plumas,063,18699,2992,2946,365,3311,13
2022-04-30,Riverside,065,2383286,595893,593965,28146,622111,6457
2022-04-30,Sacramento,067,1510023,284352,283048,26875,309923,3007
2022-04-30,San Benito,069,59416,13087,12988,528,13516,98
2022-04-30,San Bernardino,071,2135413,578656,568758,25189,593947,7191
2022-04-30,San Diego,073,3302833,761674,761253,53979,815232,5238
2022-04-30,San Francisco,075,870044,131974,130241,8719,138960,860
2022-04-30,San Joaquin,077,732212,168047,167028,10105,177133,2225
2022-04-30,San Luis Obispo,079,281455,53205,53040,3870,56910,477
2022-04-30,San Mateo,081,765935,127191,125807,7361,133168,705
2022-04-30,Santa Barbara,083,443738,87121,86768,4789,91557,688
2022-04-30,Santa Clara,085,1922200,326428,320709,12963,333672,2281
2022-04-30,Santa Cruz,087,273765,49665,48798,2169,50967,262
2022-04-30,Shasta,089,179085,30704,30649,6115,36764,554
2022-04-30,Sierra,091,2930,275,274,49,323,4
2022-04-30,Siskiyou,093,43540,4453,4458,2742,7200,81
2022-04-30,Solano,095,438530,83079,82459,5691,88150,449
2022-04-30,Sonoma,097,501317,85920,85290,2950,88240,488
2022-04-30,Stanislaus,099,539301,118324,117943,17981,135924,1643
2022-04-30,Sutter,101,95872,20600,20644,2103,22747,224
2022-04-30,Tehama,103,63373,12087,12078,2575,14653,202
2022-04-30,Trinity,105,12862,1186,1179,288,1467,20
2022-04-30,Tulare,107,460477,106621,106856,27733,134589,1458
2022-04-30,Tuolumne,109,53932,12826,12713,577,13290,181
2022-04-30,Ventura,111,848112,175130,174679,9675,184354,1486
2022-04-30,Yolo,113,214977,38007,37173,2976,40149,314
2022-04-30,Yuba,115,75493,15938,15917,1212,17129,121
2022-04-29,Alameda,001,1643700,265254,262027,14397,276424,1851
2022-04-29,Alpine,003,1148,124,124,1,125,0
2022-04-29,Amador,005,37829,8583,8533,658,9191,86
2022-04-29,Butte,007,227075,33429,33172,7138,40310,418
2022-04-29,Calaveras,009,45235,7339,7328,356,7684,120
2022-04-29,Colusa,011,21464,3460,3457,1047,4504,21
2022-04-29,Contra Costa,013,1133247,196755,192136,13915,206051,1301
2022-04-29,Del Norte,015,27424,5878,5841,191,6032,50
2022-04-29,El Dorado,017,186661,27047,26946,3238,30184,210
2022-04-29,Fresno,019,978130,233125,232067,24339,256406,2748
2022-04-29,Glenn,021,27897,5011,4995,1615,6610,48
2022-04-29,Humboldt,023,135768,17346,17194,3069,20263,145
2022-04-29,Imperial,025,180216,55572,55503,10622,66125,910
2022-04-29,Inyo,027,18085,4090,4084,496,4580,56
2022-04-29,Kern,029,883053,192569,192250,46007,238257,2265
2022-04-29,Kings,031,150075,51634,51640,3529,55169,447
2022-04-29,Lake,033,64148,10782,10742,893,11635,137
2022-04-29,Lassen,035,31185,8968,8966,876,9842,65
2022-04-29,Los Angeles,037,10098052,2750186,2736900,125697,2862597,31712
2022-04-29,Madera,039,155013,37372,37360,6055,43415,365
2022-04-29,Marin,041,260295,34774,34519,2821,37340,291
2022-04-29,Mariposa,043,17540,2438,2430,205,2635,30
2022-04-29,Mendocino,045,87422,13252,13219,3131,16350,123
2022-04-29,Merced,047,269075,62803,62357,8831,71188,818
2022-04-29,Modoc,049,8938,740,745,251,996,8
2022-04-29,Mono,051,14174,2993,2989,130,3119,6
2022-04-29,Monterey,053,433212,80194,79881,14047,93928,731
2022-04-29,Napa,055,140530,26429,26319,1024,27343,143
2022-04-29,Nevada,057,99092,16145,16100,1230,17330,127
2022-04-29,Orange,059,3164182,553314,551822,42442,594264,6998
2022-04-29,Placer,061,380077,63528,63273,7433,70706,625
2022-04-29,Plumas,063,18699,2991,2946,365,3311,13
2022-04-29,Riverside,065,2383286,595674,593965,28125,622090,6457
2022-04-29,Sacramento,067,1510023,284205,283048,26867,309915,3007
2022-04-29,San Benito,069,59416,13082,12988,528,13516,98
2022-04-29,San Bernardino,071,2135413,578498,568758,25179,593937,7191
2022-04-29,San Diego,073,3302833,761259,761253,53953,815206,5238
2022-04-29,San Francisco,075,870044,131752,130241,8699,138940,860
2022-04-29,San Joaquin,077,732212,167992,167028,10101,177129,2225
2022-04-29,San Luis Obispo,079,281455,53190,53040,3865,56905,477
2022-04-29,San Mateo,081,765935,126992,125807,7348,133155,705
2022-04-29,Santa Barbara,083,443738,87081,86768,4787,91555,688
2022-04-29,Santa Clara,085,1922200,325918,320709,12933,333642,2281
2022-04-29,Santa Cruz,087,273765,49609,48798,2165,50963,262
2022-04-29,Shasta,089,179085,30702,30649,6114,36763,554
2022-04-29,Sierra,091,2930,275,274,49,323,4
2022-04-29,Siskiyou,093,43540,4452,4458,2742,7200,81
2022-04-29,Solano,095,438530,83022,82459,5686,88145,449
2022-04-29,Sonoma,097,501317,85812,85290,2937,88227,488
2022-04-29,Stanislaus,099,539301,118301,117943,17975,135918,1643
2022-04-29,Sutter,101,95872,20593,20644,2102,22746,224
2022-04-29,Tehama,103,63373,12085,12078,2575,14653,202
2022-04-29,Trinity,105,12862,1186,1179,288,1467,20
2022-04-29,Tulare,107,460477,106603,106856,27717,134573,1458
2022-04-29,Tuolumne,109,53932,12819,12713,574,13287,181
2022-04-29,Ventura,111,848112,175054,174679,9653,184332,1486
2022-04-29,Yolo,113,214977,37974,37173,2973,40146,314
2022-04-29,Yuba,115,75493,15933,15917,1212,17129,121
2022-04-28,Alameda,001,1643700,264813,262027,14361,276388,1851
2022-04-28,Alpine,003,1148,124,124,1,125,0
2022-04-28,Amador,005,37829,8580,8533,658,9191,86
2022-04-28,Butte,007,227075,33420,33172,7132,40304,418
2022-04-28,Calaveras,009,45235,7335,7328,356,7684,120
2022-04-28,Colusa,011,21464,3460,3457,1047,4504,21
2022-04-28,Contra Costa,013,1133247,196495,192136,13874,206010,1301
2022-04-28,Del Norte,015,27424,5874,5841,191,6032,50
2022-04-28,El Dorado,017,186661,27025,26946,3234,30180,210
2022-04-28,Fresno,019,978130,233066,232067,24330,256397,2748
2022-04-28,Glenn,021,27897,5008,4995,1615,6610,48
2022-04-28,Humboldt,023,135768,17312,17194,3053,20247,145
2022-04-28,Imperial,025,180216,55560,55503,10617,66120,910
2022-04-28,Inyo,027,18085,4090,4084,496,4580,56
2022-04-28,Kern,029,883053,192530,192250,45993,238243,2265
2022-04-28,Kings,031,150075,51628,51640,3529,55169,447
2022-04-28,Lake,033,64148,10778,10742,893,11635,137
2022-04-28,Lassen,035,31185,8968,8966,876,9842,65
2022-04-28,Los Angeles,037,10098052,2748128,2736900,125511,2862411,31712
2022-04-28,Madera,039,155013,37366,37360,6052,43412,365
2022-04-28,Marin,041,260295,34724,34519,2806,37325,291
2022-04-28,Mariposa,043,17540,2438,2430,205,2635,30
2022-04-28,Mendocino,045,87422,13241,13219,3114,16333,123
2022-04-28,Merced,047,269075,62782,62357,8822,71179,818
2022-04-28,Modoc,049,8938,740,745,251,996,8
2022-04-28,Mono,051,14174,2991,2989,130,3119,6
2022-04-28,Monterey,053,433212,80155,79881,14023,93904,731
2022-04-28,Napa,055,140530,26398,26319,1021,27340,143
2022-04-28,Nevada,057,99092,16137,16100,1227,17327,127
2022-04-28,Orange,059,3164182,552955,551822,42375,594197,6998
2022-04-28,Placer,061,380077,63481,63273,7425,70698,625
2022-04-28,Plumas,063,18699,2990,2946,365,3311,13
2022-04-28,Riverside,065,2383286,595391,593965,28103,622068,6457
2022-04-28,Sacramento,067,1510023,284019,283048,26831,309879,3007
2022-04-28,San Benito,069,59416,13072,12988,526,13514,98
2022-04-28,San Bernardino,071,2135413,578298,568758,25171,593929,7191
2022-04-28,San Diego,073,3302833,760719,761253,53889,815142,5238
2022-04-28,San Francisco,075,870044,131450,130241,8664,138905,860
2022-04-28,San Joaquin,077,732212,167921,167028,10085,177113,2225
2022-04-28,San Luis Obispo,079,281455,53162,53040,3847,56887,477
2022-04-28,San Mateo,081,765935,126742,125807,7327,133134,705
2022-04-28,Santa Barbara,083,443738,87028,86768,4784,91552,688
2022-04-28,Santa Clara,085,1922200,325374,320709,12899,333608,2281
2022-04-28,Santa Cruz,087,273765,49512,48798,2159,50957,262
2022-04-28,Shasta,089,179085,30694,30649,6114,36763,554
2022-04-28,Sierra,091,2930,275,274,49,323,4
2022-04-28,Siskiyou,093,43540,4449,4458,2742,7200,81
2022-04-28,Solano,095,438530,82938,82459,5681,88140,449
2022-04-28,Sonoma,097,501317,85697,85290,2923,88213,488
2022-04-28,Stanislaus,099,539301,118263,117943,17968,135911,1643
2022-04-28,Sutter,101,95872,20583,20644,2099,22743,224
2022-04-28,Tehama,103,63373,12084,12078,2574,14652,202
2022-04-28,Trinity,105,12862,1186,1179,288,1467,20
2022-04-28,Tulare,107,460477,106582,106856,27707,134563,1458
2022-04-28,Tuolumne,109,53932,12807,12713,573,13286,181
2022-04-28,Ventura,111,848112,174965,174679,9617,184296,1486
2022-04-28,Yolo,113,214977,37937,37173,2970,40143,314
2022-04-28,Yuba,115,75493,15924,15917,1210,17127,121
2022-04-27,Alameda,001,1643700,264332,260871,14318,275189,1843
2022-04-27,Alpine,003,1148,124,124,1,125,0
2022-04-27,Amador,005,37829,8579,8518,658,9176,86
2022-04-27,Butte,007,227075,33409,33118,7127,40245,411
2022-04-27,Calaveras,009,45235,7332,7307,356,7663,119
2022-04-27,Colusa,011,21464,3460,3457,1047,4504,21
2022-04-27,Contra Costa,013,1133247,196232,191412,13844,205256,1300
2022-04-27,Del Norte,015,27424,5869,5833,191,6024,50
2022-04-27,El Dorado,017,186661,27013,26898,3229,30127,209
2022-04-27,Fresno,019,978130,232999,231951,24317,256268,2744
2022-04-27,Glenn,021,27897,5008,4993,1615,6608,48
2022-04-27,Humboldt,023,135768,17282,17138,3042,20180,145
2022-04-27,Imperial,025,180216,55542,55480,10613,66093,910
2022-04-27,Inyo,027,18085,4089,4080,495,4575,56
2022-04-27,Kern,029,883053,192494,192157,45974,238131,2271
2022-04-27,Kings,031,150075,51623,51617,3528,55145,444
2022-04-27,Lake,033,64148,10774,10732,893,11625,135
2022-04-27,Lassen,035,31185,8967,8965,876,9841,65
2022-04-27,Los Angeles,037,10098052,2745821,2731988,125328,2857316,31691
2022-04-27,Madera,039,155013,37357,37339,6051,43390,354
2022-04-27,Marin,041,260295,34663,34354,2792,37146,288
2022-04-27,Mariposa,043,17540,2436,2427,205,2632,30
2022-04-27,Mendocino,045,87422,13234,13188,3106,16294,123
2022-04-27,Merced,047,269075,62768,62315,8817,71132,815
2022-04-27,Modoc,049,8938,740,745,251,996,8
2022-04-27,Mono,051,14174,2991,2989,130,3119,6
2022-04-27,Monterey,053,433212,80113,79695,13983,93678,729
2022-04-27,Napa,055,140530,26369,26210,1016,27226,143
2022-04-27,Nevada,057,99092,16121,16080,1224,17304,127
2022-04-27,Orange,059,3164182,552582,550859,42313,593172,6991
2022-04-27,Placer,061,380077,63440,63154,7410,70564,623
2022-04-27,Plumas,063,18699,2989,2934,365,3299,13
2022-04-27,Riverside,065,2383286,595125,593397,28087,621484,6453
2022-04-27,Sacramento,067,1510023,283819,281802,26799,308601,3001
2022-04-27,San Benito,069,59416,13059,12989,524,13513,98
2022-04-27,San Bernardino,071,2135413,578100,568018,25164,593182,7105
2022-04-27,San Diego,073,3302833,760145,759873,53826,813699,5236
2022-04-27,San Francisco,075,870044,131098,129284,8639,137923,857
2022-04-27,San Joaquin,077,732212,167845,166848,10070,176918,2225
2022-04-27,San Luis Obispo,079,281455,53117,52911,3836,56747,476
2022-04-27,San Mateo,081,765935,126510,125018,7276,132294,702
2022-04-27,Santa Barbara,083,443738,86964,86557,4777,91334,685
2022-04-27,Santa Clara,085,1922200,324805,319077,12853,331930,2282
2022-04-27,Santa Cruz,087,273765,49427,48500,2152,50652,262
2022-04-27,Shasta,089,179085,30683,30633,6111,36744,554
2022-04-27,Sierra,091,2930,274,276,49,325,4
2022-04-27,Siskiyou,093,43540,4449,4455,2738,7193,81
2022-04-27,Solano,095,438530,82825,82220,5673,87893,448
2022-04-27,Sonoma,097,501317,85588,84983,2903,87886,487
2022-04-27,Stanislaus,099,539301,118221,117841,17958,135799,1643
2022-04-27,Sutter,101,95872,20579,20627,2095,22722,224
2022-04-27,Tehama,103,63373,12084,12073,2574,14647,201
2022-04-27,Trinity,105,12862,1186,1179,288,1467,20
2022-04-27,Tulare,107,460477,106564,106580,27698,134278,1453
2022-04-27,Tuolumne,109,53932,12790,12684,572,13256,181
2022-04-27,Ventura,111,848112,174862,174425,9602,184027,1480
2022-04-27,Yolo,113,214977,37888,37096,2964,40060,314
2022-04-27,Yuba,115,75493,15920,15902,1205,17107,121
2022-04-26,Alameda,001,1643700,263813,260871,14277,275148,1843
2022-04-26,Alpine,003,1148,124,124,1,125,0
2022-04-26,Amador,005,37829,8576,8518,657,9175,86
2022-04-26,Butte,007,227075,33392,33118,7120,40238,411
2022-04-26,Calaveras,009,45235,7328,7307,355,7662,119
2022-04-26,Colusa,011,21464,3460,3457,1047,4504,21
2022-04-26,Contra Costa,013,1133247,195970,191412,13807,205219,1300
2022-04-26,Del Norte,015,27424,5861,5833,191,6024,50
2022-04-26,El Dorado,017,186661,26992,26898,3225,30123,209
2022-04-26,Fresno,019,978130,232920,231951,24307,256258,2744
2022-04-26,Glenn,021,27897,5008,4993,1614,6607,48
2022-04-26,Humboldt,023,135768,17251,17138,3036,20174,145
2022-04-26,Imperial,025,180216,55522,55480,10608,66088,910
2022-04-26,Inyo,027,18085,4089,4080,495,4575,56
2022-04-26,Kern,029,883053,192447,192157,45949,238106,2271
2022-04-26,Kings,031,150075,51617,51617,3528,55145,444
2022-04-26,Lake,033,64148,10767,10732,893,11625,135
2022-04-26,Lassen,035,31185,8962,8965,876,9841,65
2022-04-26,Los Angeles,037,10098052,2743443,2731988,125144,2857132,31691
2022-04-26,Madera,039,155013,37349,37339,6044,43383,354
2022-04-26,Marin,041,260295,34609,34354,2773,37127,288
2022-04-26,Mariposa,043,17540,2436,2427,205,2632,30
2022-04-26,Mendocino,045,87422,13230,13188,3100,16288,123
2022-04-26,Merced,047,269075,62745,62315,8800,71115,815
2022-04-26,Modoc,049,8938,740,745,251,996,8
2022-04-26,Mono,051,14174,2991,2989,129,3118,6
2022-04-26,Monterey,053,433212,80059,79695,13944,93639,729
2022-04-26,Napa,055,140530,26338,26210,1012,27222,143
2022-04-26,Nevada,057,99092,16112,16080,1224,17304,127
2022-04-26,Orange,059,3164182,552173,550859,42254,593113,6991
2022-04-26,Placer,061,380077,63409,63154,7406,70560,623
2022-04-26,Plumas,063,18699,2989,2934,365,3299,13
2022-04-26,Riverside,065,2383286,594816,593397,28061,621458,6453
2022-04-26,Sacramento,067,1510023,283581,281802,26778,308580,3001
2022-04-26,San Benito,069,59416,13055,12989,523,13512,98
2022-04-26,San Bernardino,071,2135413,577892,568018,25150,593168,7105
2022-04-26,San Diego,073,3302833,759485,759873,53721,813594,5236
2022-04-26,San Francisco,075,870044,130699,129284,8614,137898,857
2022-04-26,San Joaquin,077,732212,167784,166848,10060,176908,2225
2022-04-26,San Luis Obispo,079,281455,53088,52911,3825,56736,476
2022-04-26,San Mateo,081,765935,126235,125018,7247,132265,702
2022-04-26,Santa Barbara,083,443738,86903,86557,4772,91329,685
2022-04-26,Santa Clara,085,1922200,324245,319077,12809,331886,2282
2022-04-26,Santa Cruz,087,273765,49327,48500,2149,50649,262
2022-04-26,Shasta,089,179085,30671,30633,6111,36744,554
2022-04-26,Sierra,091,2930,274,276,49,325,4
2022-04-26,Siskiyou,093,43540,4447,4455,2736,7191,81
2022-04-26,Solano,095,438530,82726,82220,5662,87882,448
2022-04-26,Sonoma,097,501317,85482,84983,2887,87870,487
2022-04-26,Stanislaus,099,539301,118186,117841,17948,135789,1643
2022-04-26,Sutter,101,95872,20569,20627,2095,22722,224
2022-04-26,Tehama,103,63373,12075,12073,2574,14647,201
2022-04-26,Trinity,105,12862,1186,1179,288,1467,20
2022-04-26,Tulare,107,460477,106537,106580,27684,134264,1453
2022-04-26,Tuolumne,109,53932,12771,12684,570,13254,181
2022-04-26,Ventura,111,848112,174753,174425,9576,184001,1480
2022-04-26,Yolo,113,214977,37829,37096,2959,40055,314
2022-04-26,Yuba,115,75493,15918,15902,1205,17107,121
2022-04-25,Alameda,001,1643700,263301,260871,14236,275107,1843
2022-04-25,Alpine,003,1148,124,124,1,125,0
2022-04-25,Amador,005,37829,8573,8518,657,9175,86
2022-04-25,Butte,007,227075,33377,33118,7111,40229,411
2022-04-25,Calaveras,009,45235,7325,7307,355,7662,119
2022-04-25,Colusa,011,21464,3460,3457,1047,4504,21
2022-04-25,Contra Costa,013,1133247,195704,191412,13770,205182,1300
2022-04-25,Del Norte,015,27424,5855,5833,189,6022,50
2022-04-25,El Dorado,017,186661,26971,26898,3223,30121,209
2022-04-25,Fresno,019,978130,232828,231951,24295,256246,2744
2022-04-25,Glenn,021,27897,5008,4993,1614,6607,48
2022-04-25,Humboldt,023,135768,17209,17138,3028,20166,145
2022-04-25,Imperial,025,180216,55503,55480,10603,66083,910
2022-04-25,Inyo,027,18085,4089,4080,495,4575,56
2022-04-25,Kern,029,883053,192403,192157,45931,238088,2271
2022-04-25,Kings,031,150075,51608,51617,3527,55144,444
2022-04-25,Lake,033,64148,10764,10732,892,11624,135
2022-04-25,Lassen,035,31185,8961,8965,876,9841,65
2022-04-25,Los Angeles,037,10098052,2741067,2731988,124979,2856967,31691
2022-04-25,Madera,039,155013,37336,37339,6040,43379,354
2022-04-25,Marin,041,260295,34545,34354,2749,37103,288
2022-04-25,Mariposa,043,17540,2436,2427,204,2631,30
2022-04-25,Mendocino,045,87422,13220,13188,3083,16271,123
2022-04-25,Merced,047,269075,62732,62315,8798,71113,815
2022-04-25,Modoc,049,8938,740,745,251,996,8
2022-04-25,Mono,051,14174,2991,2989,129,3118,6
2022-04-25,Monterey,053,433212,80021,79695,13919,93614,729
2022-04-25,Napa,055,140530,26297,26210,1010,27220,143
2022-04-25,Nevada,057,99092,16106,16080,1222,17302,127
2022-04-25,Orange,059,3164182,551766,550859,42191,593050,6991
2022-04-25,Placer,061,380077,63374,63154,7402,70556,623
2022-04-25,Plumas,063,18699,2987,2934,365,3299,13
2022-04-25,Riverside,065,2383286,594552,593397,28044,621441,6453
2022-04-25,Sacramento,067,1510023,283414,281802,26747,308549,3001
2022-04-25,San Benito,069,59416,13048,12989,523,13512,98
2022-04-25,San Bernardino,071,2135413,577661,568018,25133,593151,7105
2022-04-25,San Diego,073,3302833,758806,759873,53643,813516,5236
2022-04-25,San Francisco,075,870044,130338,129284,8592,137876,857
2022-04-25,San Joaquin,077,732212,167700,166848,10046,176894,2225
2022-04-25,San Luis Obispo,079,281455,53039,52911,3817,56728,476
2022-04-25,San Mateo,081,765935,125961,125018,7229,132247,702
2022-04-25,Santa Barbara,083,443738,86842,86557,4766,91323,685
2022-04-25,Santa Clara,085,1922200,323599,319077,12765,331842,2282
2022-04-25,Santa Cruz,087,273765,49185,48500,2140,50640,262
2022-04-25,Shasta,089,179085,30659,30633,6108,36741,554
2022-04-25,Sierra,091,2930,274,276,49,325,4
2022-04-25,Siskiyou,093,43540,4447,4455,2735,7190,81
2022-04-25,Solano,095,438530,82607,82220,5651,87871,448
2022-04-25,Sonoma,097,501317,85358,84983,2868,87851,487
2022-04-25,Stanislaus,099,539301,118141,117841,17941,135782,1643
2022-04-25,Sutter,101,95872,20566,20627,2095,22722,224
2022-04-25,Tehama,103,63373,12075,12073,2574,14647,201
2022-04-25,Trinity,105,12862,1185,1179,288,1467,20
2022-04-25,Tulare,107,460477,106512,106580,27674,134254,1453
2022-04-25,Tuolumne,109,53932,12761,12684,570,13254,181
2022-04-25,Ventura,111,848112,174643,174425,9552,183977,1480
2022-04-25,Yolo,113,214977,37766,37096,2955,40051,314
2022-04-25,Yuba,115,75493,15908,15902,1204,17106,121
2022-04-24,Alameda,001,1643700,262717,259619,14193,273812,1837
2022-04-24,Alpine,003,1148,124,124,1,125,0
2022-04-24,Amador,005,37829,8564,8509,656,9165,86
2022-04-24,Butte,007,227075,33360,33105,7104,40209,411
2022-04-24,Calaveras,009,45235,7316,7296,353,7649,119
2022-04-24,Colusa,011,21464,3459,3453,1047,4500,21
2022-04-24,Contra Costa,013,1133247,195397,190611,13737,204348,1298
2022-04-24,Del Norte,015,27424,5846,5827,187,6014,50
2022-04-24,El Dorado,017,186661,26953,26837,3221,30058,209
2022-04-24,Fresno,019,978130,232747,231751,24281,256032,2744
2022-04-24,Glenn,021,27897,5008,4989,1612,6601,48
2022-04-24,Humboldt,023,135768,17184,17033,3014,20047,145
2022-04-24,Imperial,025,180216,55491,55434,10595,66029,910
2022-04-24,Inyo,027,18085,4085,4079,494,4573,56
2022-04-24,Kern,029,883053,192351,192012,45917,237929,2267
2022-04-24,Kings,031,150075,51599,51588,3527,55115,444
2022-04-24,Lake,033,64148,10756,10720,889,11609,134
2022-04-24,Lassen,035,31185,8960,8966,876,9842,65
2022-04-24,Los Angeles,037,10098052,2738732,2725630,124834,2850464,31667
2022-04-24,Madera,039,155013,37321,37333,6034,43367,354
2022-04-24,Marin,041,260295,34491,34150,2715,36865,288
2022-04-24,Mariposa,043,17540,2433,2422,204,2626,30
2022-04-24,Mendocino,045,87422,13215,13158,3071,16229,122
2022-04-24,Merced,047,269075,62708,62286,8789,71075,815
2022-04-24,Modoc,049,8938,740,745,251,996,8
2022-04-24,Mono,051,14174,2989,2986,129,3115,6
2022-04-24,Monterey,053,433212,79968,79560,13886,93446,729
2022-04-24,Napa,055,140530,26260,26093,1009,27102,143
2022-04-24,Nevada,057,99092,16090,16052,1220,17272,127
2022-04-24,Orange,059,3164182,551343,549765,42128,591893,6989
2022-04-24,Placer,061,380077,63319,63037,7394,70431,622
2022-04-24,Plumas,063,18699,2985,2934,365,3299,13
2022-04-24,Riverside,065,2383286,594275,592683,28009,620692,6450
2022-04-24,Sacramento,067,1510023,283206,280551,26714,307265,2993
2022-04-24,San Benito,069,59416,13044,12966,523,13489,98
2022-04-24,San Bernardino,071,2135413,577428,566806,25111,591917,7047
2022-04-24,San Diego,073,3302833,758176,758311,53580,811891,5233
2022-04-24,San Francisco,075,870044,129894,128323,8566,136889,857
2022-04-24,San Joaquin,077,732212,167613,166626,10010,176636,2224
2022-04-24,San Luis Obispo,079,281455,52962,52826,3807,56633,476
2022-04-24,San Mateo,081,765935,125646,124106,7200,131306,703
2022-04-24,Santa Barbara,083,443738,86773,86376,4764,91140,685
2022-04-24,Santa Clara,085,1922200,322912,317487,12714,330201,2277
2022-04-24,Santa Cruz,087,273765,49072,48255,2134,50389,261
2022-04-24,Shasta,089,179085,30647,30607,6106,36713,557
2022-04-24,Sierra,091,2930,274,276,49,325,4
2022-04-24,Siskiyou,093,43540,4445,4453,2733,7186,81
2022-04-24,Solano,095,438530,82498,81982,5642,87624,448
2022-04-24,Sonoma,097,501317,85222,84581,2846,87427,486
2022-04-24,Stanislaus,099,539301,118090,117737,17935,135672,1632
2022-04-24,Sutter,101,95872,20557,20605,2092,22697,224
2022-04-24,Tehama,103,63373,12071,12064,2574,14638,201
2022-04-24,Trinity,105,12862,1185,1177,288,1465,20
2022-04-24,Tulare,107,460477,106485,106354,27663,134017,1446
2022-04-24,Tuolumne,109,53932,12748,12664,569,13233,181
2022-04-24,Ventura,111,848112,174531,174091,9531,183622,1479
2022-04-24,Yolo,113,214977,37726,36990,2952,39942,314
2022-04-24,Yuba,115,75493,15904,15888,1204,17092,121
2022-04-23,Alameda,001,1643700,262473,259619,14180,273799,1837
2022-04-23,Alpine,003,1148,124,124,1,125,0
2022-04-23,Amador,005,37829,8558,8509,656,9165,86
2022-04-23,Butte,007,227075,33351,33105,7101,40206,411
2022-04-23,Calaveras,009,45235,7308,7296,353,7649,119
2022-04-23,Colusa,011,21464,3459,3453,1047,4500,21
2022-04-23,Contra Costa,013,1133247,195241,190611,13719,204330,1298
2022-04-23,Del Norte,015,27424,5844,5827,186,6013,50
2022-04-23,El Dorado,017,186661,26943,26837,3220,30057,209
2022-04-23,Fresno,019,978130,232714,231751,24275,256026,2744
2022-04-23,Glenn,021,27897,5008,4989,1612,6601,48
2022-04-23,Humboldt,023,135768,17168,17033,3011,20044,145
2022-04-23,Imperial,025,180216,55480,55434,10594,66028,910
2022-04-23,Inyo,027,18085,4085,4079,493,4572,56
2022-04-23,Kern,029,883053,192323,192012,45903,237915,2267
2022-04-23,Kings,031,150075,51594,51588,3526,55114,444
2022-04-23,Lake,033,64148,10755,10720,889,11609,134
2022-04-23,Lassen,035,31185,8960,8966,876,9842,65
2022-04-23,Los Angeles,037,10098052,2737788,2725630,124733,2850363,31667
2022-04-23,Madera,039,155013,37314,37333,6033,43366,354
2022-04-23,Marin,041,260295,34456,34150,2669,36819,288
2022-04-23,Mariposa,043,17540,2433,2422,204,2626,30
2022-04-23,Mendocino,045,87422,13208,13158,3071,16229,122
2022-04-23,Merced,047,269075,62698,62286,8789,71075,815
2022-04-23,Modoc,049,8938,740,745,251,996,8
2022-04-23,Mono,051,14174,2989,2986,129,3115,6
2022-04-23,Monterey,053,433212,79899,79560,13871,93431,729
2022-04-23,Napa,055,140530,26239,26093,1007,27100,143
2022-04-23,Nevada,057,99092,16084,16052,1218,17270,127
2022-04-23,Orange,059,3164182,551127,549765,42079,591844,6989
2022-04-23,Placer,061,380077,63289,63037,7393,70430,622
2022-04-23,Plumas,063,18699,2985,2934,365,3299,13
2022-04-23,Riverside,065,2383286,594139,592683,27999,620682,6450
2022-04-23,Sacramento,067,1510023,283106,280551,26711,307262,2993
2022-04-23,San Benito,069,59416,13043,12966,523,13489,98
2022-04-23,San Bernardino,071,2135413,577306,566806,25108,591914,7047
2022-04-23,San Diego,073,3302833,757914,758311,53562,811873,5233
2022-04-23,San Francisco,075,870044,129690,128323,8540,136863,857
2022-04-23,San Joaquin,077,732212,167572,166626,10002,176628,2224
2022-04-23,San Luis Obispo,079,281455,52947,52826,3803,56629,476
2022-04-23,San Mateo,081,765935,125485,124106,7194,131300,703
2022-04-23,Santa Barbara,083,443738,86737,86376,4763,91139,685
2022-04-23,Santa Clara,085,1922200,322531,317487,12687,330174,2277
2022-04-23,Santa Cruz,087,273765,49022,48255,2132,50387,261
2022-04-23,Shasta,089,179085,30644,30607,6106,36713,557
2022-04-23,Sierra,091,2930,274,276,49,325,4
2022-04-23,Siskiyou,093,43540,4443,4453,2733,7186,81
2022-04-23,Solano,095,438530,82471,81982,5638,87620,448
2022-04-23,Sonoma,097,501317,85154,84581,2837,87418,486
2022-04-23,Stanislaus,099,539301,118054,117737,17933,135670,1632
2022-04-23,Sutter,101,95872,20551,20605,2092,22697,224
2022-04-23,Tehama,103,63373,12070,12064,2574,14638,201
2022-04-23,Trinity,105,12862,1185,1177,288,1465,20
2022-04-23,Tulare,107,460477,106477,106354,27654,134008,1446
2022-04-23,Tuolumne,109,53932,12743,12664,569,13233,181
2022-04-23,Ventura,111,848112,174468,174091,9523,183614,1479
2022-04-23,Yolo,113,214977,37698,36990,2948,39938,314
2022-04-23,Yuba,115,75493,15902,15888,1204,17092,121
2022-04-22,Alameda,001,1643700,262240,259619,14161,273780,1837
2022-04-22,Alpine,003,1148,124,124,1,125,0
2022-04-22,Amador,005,37829,8557,8509,654,9163,86
2022-04-22,Butte,007,227075,33345,33105,7096,40201,411
2022-04-22,Calaveras,009,45235,7307,7296,353,7649,119
2022-04-22,Colusa,011,21464,3459,3453,1047,4500,21
2022-04-22,Contra Costa,013,1133247,195105,190611,13703,204314,1298
2022-04-22,Del Norte,015,27424,5844,5827,186,6013,50
2022-04-22,El Dorado,017,186661,26930,26837,3216,30053,209
2022-04-22,Fresno,019,978130,232684,231751,24271,256022,2744
2022-04-22,Glenn,021,27897,5006,4989,1612,6601,48
2022-04-22,Humboldt,023,135768,17152,17033,3005,20038,145
2022-04-22,Imperial,025,180216,55474,55434,10594,66028,910
2022-04-22,Inyo,027,18085,4085,4079,492,4571,56
2022-04-22,Kern,029,883053,192302,192012,45900,237912,2267
2022-04-22,Kings,031,150075,51590,51588,3525,55113,444
2022-04-22,Lake,033,64148,10754,10720,889,11609,134
2022-04-22,Lassen,035,31185,8960,8966,876,9842,65
2022-04-22,Los Angeles,037,10098052,2736708,2725630,124674,2850304,31667
2022-04-22,Madera,039,155013,37309,37333,6032,43365,354
2022-04-22,Marin,041,260295,34419,34150,2658,36808,288
2022-04-22,Mariposa,043,17540,2432,2422,204,2626,30
2022-04-22,Mendocino,045,87422,13203,13158,3066,16224,122
2022-04-22,Merced,047,269075,62691,62286,8777,71063,815
2022-04-22,Modoc,049,8938,740,745,251,996,8
2022-04-22,Mono,051,14174,2989,2986,128,3114,6
2022-04-22,Monterey,053,433212,79864,79560,13857,93417,729
2022-04-22,Napa,055,140530,26222,26093,1005,27098,143
2022-04-22,Nevada,057,99092,16084,16052,1218,17270,127
2022-04-22,Orange,059,3164182,550942,549765,42026,591791,6989
2022-04-22,Placer,061,380077,63266,63037,7390,70427,622
2022-04-22,Plumas,063,18699,2985,2934,365,3299,13
2022-04-22,Riverside,065,2383286,593995,592683,27984,620667,6450
2022-04-22,Sacramento,067,1510023,283019,280551,26699,307250,2993
2022-04-22,San Benito,069,59416,13038,12966,523,13489,98
2022-04-22,San Bernardino,071,2135413,577193,566806,25100,591906,7047
2022-04-22,San Diego,073,3302833,757595,758311,53534,811845,5233
2022-04-22,San Francisco,075,870044,129523,128323,8514,136837,857
2022-04-22,San Joaquin,077,732212,167542,166626,10000,176626,2224
2022-04-22,San Luis Obispo,079,281455,52941,52826,3802,56628,476
2022-04-22,San Mateo,081,765935,125320,124106,7183,131289,703
2022-04-22,Santa Barbara,083,443738,86691,86376,4762,91138,685
2022-04-22,Santa Clara,085,1922200,322184,317487,12673,330160,2277
2022-04-22,Santa Cruz,087,273765,48982,48255,2131,50386,261
2022-04-22,Shasta,089,179085,30640,30607,6105,36712,557
2022-04-22,Sierra,091,2930,274,276,48,324,4
2022-04-22,Siskiyou,093,43540,4443,4453,2733,7186,81
2022-04-22,Solano,095,438530,82414,81982,5635,87617,448
2022-04-22,Sonoma,097,501317,85089,84581,2833,87414,486
2022-04-22,Stanislaus,099,539301,118032,117737,17928,135665,1632
2022-04-22,Sutter,101,95872,20545,20605,2092,22697,224
2022-04-22,Tehama,103,63373,12065,12064,2573,14637,201
2022-04-22,Trinity,105,12862,1185,1177,287,1464,20
2022-04-22,Tulare,107,460477,106467,106354,27646,134000,1446
2022-04-22,Tuolumne,109,53932,12737,12664,567,13231,181
2022-04-22,Ventura,111,848112,174393,174091,9512,183603,1479
2022-04-22,Yolo,113,214977,37677,36990,2946,39936,314
2022-04-22,Yuba,115,75493,15899,15888,1203,17091,121
2022-04-21,Alameda,001,1643700,261876,259619,14126,273745,1837
2022-04-21,Alpine,003,1148,124,124,1,125,0
2022-04-21,Amador,005,37829,8554,8509,654,9163,86
2022-04-21,Butte,007,227075,33338,33105,7088,40193,411
2022-04-21,Calaveras,009,45235,7304,7296,353,7649,119
2022-04-21,Colusa,011,21464,3458,3453,1047,4500,21
2022-04-21,Contra Costa,013,1133247,194910,190611,13682,204293,1298
2022-04-21,Del Norte,015,27424,5843,5827,186,6013,50
2022-04-21,El Dorado,017,186661,26914,26837,3215,30052,209
2022-04-21,Fresno,019,978130,232642,231751,24262,256013,2744
2022-04-21,Glenn,021,27897,5006,4989,1611,6600,48
2022-04-21,Humboldt,023,135768,17129,17033,2997,20030,145
2022-04-21,Imperial,025,180216,55465,55434,10594,66028,910
2022-04-21,Inyo,027,18085,4085,4079,492,4571,56
2022-04-21,Kern,029,883053,192269,192012,45885,237897,2267
2022-04-21,Kings,031,150075,51582,51588,3525,55113,444
2022-04-21,Lake,033,64148,10751,10720,889,11609,134
2022-04-21,Lassen,035,31185,8960,8966,876,9842,65
2022-04-21,Los Angeles,037,10098052,2735066,2725630,124559,2850189,31667
2022-04-21,Madera,039,155013,37306,37333,6031,43364,354
2022-04-21,Marin,041,260295,34371,34150,2648,36798,288
2022-04-21,Mariposa,043,17540,2431,2422,204,2626,30
2022-04-21,Mendocino,045,87422,13196,13158,3063,16221,122
2022-04-21,Merced,047,269075,62673,62286,8774,71060,815
2022-04-21,Modoc,049,8938,740,745,251,996,8
2022-04-21,Mono,051,14174,2988,2986,127,3113,6
2022-04-21,Monterey,053,433212,79837,79560,13843,93403,729
2022-04-21,Napa,055,140530,26191,26093,1004,27097,143
2022-04-21,Nevada,057,99092,16080,16052,1218,17270,127
2022-04-21,Orange,059,3164182,550690,549765,41989,591754,6989
2022-04-21,Placer,061,380077,63228,63037,7386,70423,622
2022-04-21,Plumas,063,18699,2985,2934,365,3299,13
2022-04-21,Riverside,065,2383286,593834,592683,27966,620649,6450
2022-04-21,Sacramento,067,1510023,282870,280551,26680,307231,2993
2022-04-21,San Benito,069,59416,13032,12966,523,13489,98
2022-04-21,San Bernardino,071,2135413,577001,566806,25088,591894,7047
2022-04-21,San Diego,073,3302833,757170,758311,53490,811801,5233
2022-04-21,San Francisco,075,870044,129300,128323,8486,136809,857
2022-04-21,San Joaquin,077,732212,167488,166626,9995,176621,2224
2022-04-21,San Luis Obispo,079,281455,52921,52826,3795,56621,476
2022-04-21,San Mateo,081,765935,125116,124106,7166,131272,703
2022-04-21,Santa Barbara,083,443738,86632,86376,4759,91135,685
2022-04-21,Santa Clara,085,1922200,321733,317487,12651,330138,2277
2022-04-21,Santa Cruz,087,273765,48936,48255,2129,50384,261
2022-04-21,Shasta,089,179085,30632,30607,6105,36712,557
2022-04-21,Sierra,091,2930,274,276,48,324,4
2022-04-21,Siskiyou,093,43540,4443,4453,2733,7186,81
2022-04-21,Solano,095,438530,82352,81982,5628,87610,448
2022-04-21,Sonoma,097,501317,84975,84581,2812,87393,486
2022-04-21,Stanislaus,099,539301,117993,117737,17920,135657,1632
2022-04-21,Sutter,101,95872,20536,20605,2090,22695,224
2022-04-21,Tehama,103,63373,12065,12064,2573,14637,201
2022-04-21,Trinity,105,12862,1185,1177,287,1464,20
2022-04-21,Tulare,107,460477,106460,106354,27642,133996,1446
2022-04-21,Tuolumne,109,53932,12732,12664,567,13231,181
2022-04-21,Ventura,111,848112,174311,174091,9506,183597,1479
2022-04-21,Yolo,113,214977,37647,36990,2946,39936,314
2022-04-21,Yuba,115,75493,15897,15888,1203,17091,121
2022-04-20,Alameda,001,1643700,261512,258734,14098,272832,1832
2022-04-20,Alpine,003,1148,124,124,1,125,0
2022-04-20,Amador,005,37829,8552,8494,654,9148,86
2022-04-20,Butte,007,227075,33322,33083,7081,40164,408
2022-04-20,Calaveras,009,45235,7298,7288,352,7640,119
2022-04-20,Colusa,011,21464,3458,3453,1047,4500,21
2022-04-20,Contra Costa,013,1133247,194676,190042,13657,203699,1299
2022-04-20,Del Norte,015,27424,5837,5814,186,6000,50
2022-04-20,El Dorado,017,186661,26899,26821,3211,30032,209
2022-04-20,Fresno,019,978130,232592,231568,24261,255829,2740
2022-04-20,Glenn,021,27897,5005,4988,1608,6596,48
2022-04-20,Humboldt,023,135768,17107,16976,2993,19969,145
2022-04-20,Imperial,025,180216,55457,55405,10591,65996,910
2022-04-20,Inyo,027,18085,4085,4075,491,4566,56
2022-04-20,Kern,029,883053,192234,191915,45869,237784,2262
2022-04-20,Kings,031,150075,51573,51571,3523,55094,445
2022-04-20,Lake,033,64148,10751,10711,889,11600,134
2022-04-20,Lassen,035,31185,8960,8951,876,9827,65
2022-04-20,Los Angeles,037,10098052,2733331,2721699,124439,2846138,31630
2022-04-20,Madera,039,155013,37303,37333,6028,43361,354
2022-04-20,Marin,041,260295,34330,33985,2625,36610,288
2022-04-20,Mariposa,043,17540,2429,2412,204,2616,30
2022-04-20,Mendocino,045,87422,13190,13128,3055,16183,122
2022-04-20,Merced,047,269075,62663,62322,8761,71083,813
2022-04-20,Modoc,049,8938,740,744,251,995,8
2022-04-20,Mono,051,14174,2988,2984,127,3111,6
2022-04-20,Monterey,053,433212,79792,79419,13824,93243,727
2022-04-20,Napa,055,140530,26157,26016,1000,27016,143
2022-04-20,Nevada,057,99092,16070,16034,1215,17249,127
2022-04-20,Orange,059,3164182,550362,549136,41942,591078,6963
2022-04-20,Placer,061,380077,63201,62928,7381,70309,619
2022-04-20,Plumas,063,18699,2985,2932,365,3297,13
2022-04-20,Riverside,065,2383286,593642,592224,27944,620168,6447
2022-04-20,Sacramento,067,1510023,282724,279326,26666,305992,2987
2022-04-20,San Benito,069,59416,13026,12971,520,13491,98
2022-04-20,San Bernardino,071,2135413,576794,565405,25071,590476,6977
2022-04-20,San Diego,073,3302833,756728,757138,53429,810567,5231
2022-04-20,San Francisco,075,870044,128992,127594,8469,136063,854
2022-04-20,San Joaquin,077,732212,167417,166531,9988,176519,2222
2022-04-20,San Luis Obispo,079,281455,52894,52740,3788,56528,476
2022-04-20,San Mateo,081,765935,124897,123279,7135,130414,701
2022-04-20,Santa Barbara,083,443738,86596,86214,4753,90967,685
2022-04-20,Santa Clara,085,1922200,321322,316355,12613,328968,2274
2022-04-20,Santa Cruz,087,273765,48872,47997,2125,50122,261
2022-04-20,Shasta,089,179085,30629,30590,6104,36694,554
2022-04-20,Sierra,091,2930,274,276,48,324,4
2022-04-20,Siskiyou,093,43540,4442,4446,2732,7178,80
2022-04-20,Solano,095,438530,82281,81841,5625,87466,447
2022-04-20,Sonoma,097,501317,84888,84429,2788,87217,485
2022-04-20,Stanislaus,099,539301,117957,117540,17909,135449,1630
2022-04-20,Sutter,101,95872,20529,20632,2090,22722,224
2022-04-20,Tehama,103,63373,12063,12061,2573,14634,199
2022-04-20,Trinity,105,12862,1185,1178,287,1465,20
2022-04-20,Tulare,107,460477,106452,105974,27631,133605,1439
2022-04-20,Tuolumne,109,53932,12727,12648,566,13214,180
2022-04-20,Ventura,111,848112,174223,173904,9497,183401,1475
2022-04-20,Yolo,113,214977,37597,36785,2943,39728,311
2022-04-20,Yuba,115,75493,15893,15868,1201,17069,121
2022-04-19,Alameda,001,1643700,261151,258734,14069,272803,1832
2022-04-19,Alpine,003,1148,124,124,1,125,0
2022-04-19,Amador,005,37829,8548,8494,651,9145,86
2022-04-19,Butte,007,227075,33315,33083,7077,40160,408
2022-04-19,Calaveras,009,45235,7295,7288,352,7640,119
2022-04-19,Colusa,011,21464,3458,3453,1047,4500,21
2022-04-19,Contra Costa,013,1133247,194429,190042,13639,203681,1299
2022-04-19,Del Norte,015,27424,5835,5814,184,5998,50
2022-04-19,El Dorado,017,186661,26885,26821,3208,30029,209
2022-04-19,Fresno,019,978130,232537,231568,24251,255819,2740
2022-04-19,Glenn,021,27897,5004,4988,1608,6596,48
2022-04-19,Humboldt,023,135768,17070,16976,2982,19958,145
2022-04-19,Imperial,025,180216,55450,55405,10588,65993,910
2022-04-19,Inyo,027,18085,4082,4075,491,4566,56
2022-04-19,Kern,029,883053,192198,191915,45859,237774,2262
2022-04-19,Kings,031,150075,51559,51571,3522,55093,445
2022-04-19,Lake,033,64148,10747,10711,888,11599,134
2022-04-19,Lassen,035,31185,8960,8951,876,9827,65
2022-04-19,Los Angeles,037,10098052,2731541,2721699,124311,2846010,31630
2022-04-19,Madera,039,155013,37300,37333,6027,43360,354
2022-04-19,Marin,041,260295,34280,33985,2609,36594,288
2022-04-19,Mariposa,043,17540,2429,2412,203,2615,30
2022-04-19,Mendocino,045,87422,13182,13128,3044,16172,122
2022-04-19,Merced,047,269075,62644,62322,8757,71079,813
2022-04-19,Modoc,049,8938,740,744,251,995,8
2022-04-19,Mono,051,14174,2988,2984,127,3111,6
2022-04-19,Monterey,053,433212,79773,79419,13811,93230,727
2022-04-19,Napa,055,140530,26134,26016,991,27007,143
2022-04-19,Nevada,057,99092,16064,16034,1213,17247,127
2022-04-19,Orange,059,3164182,550083,549136,41898,591034,6963
2022-04-19,Placer,061,380077,63170,62928,7376,70304,619
2022-04-19,Plumas,063,18699,2985,2932,365,3297,13
2022-04-19,Riverside,065,2383286,593459,592224,27932,620156,6447
2022-04-19,Sacramento,067,1510023,282549,279326,26643,305969,2987
2022-04-19,San Benito,069,59416,13020,12971,519,13490,98
2022-04-19,San Bernardino,071,2135413,576580,565405,25049,590454,6977
2022-04-19,San Diego,073,3302833,756263,757138,53364,810502,5231
2022-04-19,San Francisco,075,870044,128659,127594,8452,136046,854
2022-04-19,San Joaquin,077,732212,167367,166531,9984,176515,2222
2022-04-19,San Luis Obispo,079,281455,52858,52740,3782,56522,476
2022-04-19,San Mateo,081,765935,124665,123279,7115,130394,701
2022-04-19,Santa Barbara,083,443738,86542,86214,4745,90959,685
2022-04-19,Santa Clara,085,1922200,320901,316355,12584,328939,2274
2022-04-19,Santa Cruz,087,273765,48817,47997,2123,50120,261
2022-04-19,Shasta,089,179085,30617,30590,6103,36693,554
2022-04-19,Sierra,091,2930,274,276,48,324,4
2022-04-19,Siskiyou,093,43540,4441,4446,2730,7176,80
2022-04-19,Solano,095,438530,82197,81841,5618,87459,447
2022-04-19,Sonoma,097,501317,84786,84429,2759,87188,485
2022-04-19,Stanislaus,099,539301,117931,117540,17904,135444,1630
2022-04-19,Sutter,101,95872,20529,20632,2090,22722,224
2022-04-19,Tehama,103,63373,12062,12061,2573,14634,199
2022-04-19,Trinity,105,12862,1184,1178,287,1465,20
2022-04-19,Tulare,107,460477,106437,105974,27625,133599,1439
2022-04-19,Tuolumne,109,53932,12725,12648,566,13214,180
2022-04-19,Ventura,111,848112,174130,173904,9484,183388,1475
2022-04-19,Yolo,113,214977,37552,36785,2941,39726,311
2022-04-19,Yuba,115,75493,15886,15868,1201,17069,121
2022-04-18,Alameda,001,1643700,260766,258734,14046,272780,1832
2022-04-18,Alpine,003,1148,124,124,1,125,0
2022-04-18,Amador,005,37829,8547,8494,650,9144,86
2022-04-18,Butte,007,227075,33311,33083,7072,40155,408
2022-04-18,Calaveras,009,45235,7291,7288,351,7639,119
2022-04-18,Colusa,011,21464,3457,3453,1047,4500,21
2022-04-18,Contra Costa,013,1133247,194194,190042,13614,203656,1299
2022-04-18,Del Norte,015,27424,5830,5814,184,5998,50
2022-04-18,El Dorado,017,186661,26869,26821,3205,30026,209
2022-04-18,Fresno,019,978130,232495,231568,24240,255808,2740
2022-04-18,Glenn,021,27897,5004,4988,1607,6595,48
2022-04-18,Humboldt,023,135768,17041,16976,2979,19955,145
2022-04-18,Imperial,025,180216,55438,55405,10586,65991,910
2022-04-18,Inyo,027,18085,4082,4075,491,4566,56
2022-04-18,Kern,029,883053,192153,191915,45847,237762,2262
2022-04-18,Kings,031,150075,51554,51571,3522,55093,445
2022-04-18,Lake,033,64148,10743,10711,887,11598,134
2022-04-18,Lassen,035,31185,8960,8951,876,9827,65
2022-04-18,Los Angeles,037,10098052,2729719,2721699,124197,2845896,31630
2022-04-18,Madera,039,155013,37292,37333,6026,43359,354
2022-04-18,Marin,041,260295,34217,33985,2586,36571,288
2022-04-18,Mariposa,043,17540,2427,2412,203,2615,30
2022-04-18,Mendocino,045,87422,13165,13128,3039,16167,122
2022-04-18,Merced,047,269075,62632,62322,8751,71073,813
2022-04-18,Modoc,049,8938,739,744,251,995,8
2022-04-18,Mono,051,14174,2987,2984,127,3111,6
2022-04-18,Monterey,053,433212,79700,79419,13795,93214,727
2022-04-18,Napa,055,140530,26098,26016,990,27006,143
2022-04-18,Nevada,057,99092,16054,16034,1211,17245,127
2022-04-18,Orange,059,3164182,549795,549136,41862,590998,6963
2022-04-18,Placer,061,380077,63137,62928,7374,70302,619
2022-04-18,Plumas,063,18699,2985,2932,365,3297,13
2022-04-18,Riverside,065,2383286,593250,592224,27912,620136,6447
2022-04-18,Sacramento,067,1510023,282394,279326,26631,305957,2987
2022-04-18,San Benito,069,59416,13014,12971,519,13490,98
2022-04-18,San Bernardino,071,2135413,576369,565405,25031,590436,6977
2022-04-18,San Diego,073,3302833,755794,757138,53305,810443,5231
2022-04-18,San Francisco,075,870044,128342,127594,8440,136034,854
2022-04-18,San Joaquin,077,732212,167307,166531,9977,176508,2222
2022-04-18,San Luis Obispo,079,281455,52829,52740,3777,56517,476
2022-04-18,San Mateo,081,765935,124432,123279,7096,130375,701
2022-04-18,Santa Barbara,083,443738,86471,86214,4740,90954,685
2022-04-18,Santa Clara,085,1922200,320455,316355,12559,328914,2274
2022-04-18,Santa Cruz,087,273765,48712,47997,2121,50118,261
2022-04-18,Shasta,089,179085,30611,30590,6100,36690,554
2022-04-18,Sierra,091,2930,274,276,48,324,4
2022-04-18,Siskiyou,093,43540,4440,4446,2729,7175,80
2022-04-18,Solano,095,438530,82132,81841,5612,87453,447
2022-04-18,Sonoma,097,501317,84686,84429,2744,87173,485
2022-04-18,Stanislaus,099,539301,117901,117540,17901,135441,1630
2022-04-18,Sutter,101,95872,20527,20632,2088,22720,224
2022-04-18,Tehama,103,63373,12058,12061,2573,14634,199
2022-04-18,Trinity,105,12862,1184,1178,287,1465,20
2022-04-18,Tulare,107,460477,106422,105974,27617,133591,1439
2022-04-18,Tuolumne,109,53932,12718,12648,565,13213,180
2022-04-18,Ventura,111,848112,174039,173904,9474,183378,1475
2022-04-18,Yolo,113,214977,37494,36785,2941,39726,311
2022-04-18,Yuba,115,75493,15877,15868,1200,17068,121
2022-04-17,Alameda,001,1643700,260372,257897,14020,271917,1829
2022-04-17,Alpine,003,1148,124,124,1,125,0
2022-04-17,Amador,005,37829,8542,8491,648,9139,86
2022-04-17,Butte,007,227075,33308,33053,7069,40122,405
2022-04-17,Calaveras,009,45235,7288,7275,350,7625,119
2022-04-17,Colusa,011,21464,3456,3450,1047,4497,21
2022-04-17,Contra Costa,013,1133247,193966,189742,13578,203320,1298
2022-04-17,Del Norte,015,27424,5826,5809,184,5993,50
2022-04-17,El Dorado,017,186661,26858,26796,3203,29999,209
2022-04-17,Fresno,019,978130,232418,231455,24234,255689,2739
2022-04-17,Glenn,021,27897,5004,4991,1607,6598,48
2022-04-17,Humboldt,023,135768,17006,16929,2973,19902,143
2022-04-17,Imperial,025,180216,55429,55371,10584,65955,910
2022-04-17,Inyo,027,18085,4080,4075,491,4566,56
2022-04-17,Kern,029,883053,192118,191866,45832,237698,2258
2022-04-17,Kings,031,150075,51543,51544,3520,55064,445
2022-04-17,Lake,033,64148,10742,10702,887,11589,134
2022-04-17,Lassen,035,31185,8960,8950,876,9826,65
2022-04-17,Los Angeles,037,10098052,2727735,2717479,124078,2841557,31598
2022-04-17,Madera,039,155013,37286,37362,6026,43388,354
2022-04-17,Marin,041,260295,34150,33829,2556,36385,288
2022-04-17,Mariposa,043,17540,2419,2406,203,2609,30
2022-04-17,Mendocino,045,87422,13150,13107,3035,16142,122
2022-04-17,Merced,047,269075,62612,62295,8745,71040,813
2022-04-17,Modoc,049,8938,739,743,251,994,8
2022-04-17,Mono,051,14174,2986,2977,127,3104,6
2022-04-17,Monterey,053,433212,79667,79311,13775,93086,727
2022-04-17,Napa,055,140530,26053,25929,984,26913,143
2022-04-17,Nevada,057,99092,16038,16014,1206,17220,123
2022-04-17,Orange,059,3164182,549432,548311,41811,590122,6945
2022-04-17,Placer,061,380077,63097,62882,7367,70249,618
2022-04-17,Plumas,063,18699,2985,2929,365,3294,13
2022-04-17,Riverside,065,2383286,593029,591772,27892,619664,6443
2022-04-17,Sacramento,067,1510023,282231,278523,26607,305130,2978
2022-04-17,San Benito,069,59416,13011,12926,518,13444,98
2022-04-17,San Bernardino,071,2135413,576131,564397,25017,589414,6948
2022-04-17,San Diego,073,3302833,755307,756165,53237,809402,5229
2022-04-17,San Francisco,075,870044,128024,126976,8424,135400,854
2022-04-17,San Joaquin,077,732212,167257,166645,9971,176616,2220
2022-04-17,San Luis Obispo,079,281455,52760,52698,3772,56470,476
2022-04-17,San Mateo,081,765935,124194,122652,7082,129734,699
2022-04-17,Santa Barbara,083,443738,86413,86030,4733,90763,684
2022-04-17,Santa Clara,085,1922200,319962,315296,12532,327828,2268
2022-04-17,Santa Cruz,087,273765,48590,47895,2119,50014,261
2022-04-17,Shasta,089,179085,30600,30578,6096,36674,554
2022-04-17,Sierra,091,2930,274,276,48,324,4
2022-04-17,Siskiyou,093,43540,4435,4444,2728,7172,80
2022-04-17,Solano,095,438530,82065,81781,5606,87387,447
2022-04-17,Sonoma,097,501317,84574,84172,2737,86909,485
2022-04-17,Stanislaus,099,539301,117871,117567,17894,135461,1619
2022-04-17,Sutter,101,95872,20522,20621,2087,22708,224
2022-04-17,Tehama,103,63373,12057,12061,2573,14634,199
2022-04-17,Trinity,105,12862,1183,1178,287,1465,20
2022-04-17,Tulare,107,460477,106408,105757,27608,133365,1428
2022-04-17,Tuolumne,109,53932,12712,12640,565,13205,180
2022-04-17,Ventura,111,848112,173942,173665,9455,183120,1474
2022-04-17,Yolo,113,214977,37445,36752,2939,39691,311
2022-04-17,Yuba,115,75493,15871,15857,1200,17057,121
2022-04-16,Alameda,001,1643700,260220,257897,14010,271907,1829
2022-04-16,Alpine,003,1148,124,124,1,125,0
2022-04-16,Amador,005,37829,8540,8491,648,9139,86
2022-04-16,Butte,007,227075,33304,33053,7067,40120,405
2022-04-16,Calaveras,009,45235,7286,7275,350,7625,119
2022-04-16,Colusa,011,21464,3456,3450,1047,4497,21
2022-04-16,Contra Costa,013,1133247,193875,189742,13572,203314,1298
2022-04-16,Del Norte,015,27424,5826,5809,184,5993,50
2022-04-16,El Dorado,017,186661,26847,26796,3203,29999,209
2022-04-16,Fresno,019,978130,232390,231455,24233,255688,2739
2022-04-16,Glenn,021,27897,5004,4991,1607,6598,48
2022-04-16,Humboldt,023,135768,16998,16929,2968,19897,143
2022-04-16,Imperial,025,180216,55423,55371,10583,65954,910
2022-04-16,Inyo,027,18085,4080,4075,491,4566,56
2022-04-16,Kern,029,883053,192107,191866,45820,237686,2258
2022-04-16,Kings,031,150075,51540,51544,3520,55064,445
2022-04-16,Lake,033,64148,10740,10702,887,11589,134
2022-04-16,Lassen,035,31185,8960,8950,876,9826,65
2022-04-16,Los Angeles,037,10098052,2727019,2717479,124027,2841506,31598
2022-04-16,Madera,039,155013,37284,37362,6026,43388,354
2022-04-16,Marin,041,260295,34112,33829,2530,36359,288
2022-04-16,Mariposa,043,17540,2418,2406,203,2609,30
2022-04-16,Mendocino,045,87422,13144,13107,3035,16142,122
2022-04-16,Merced,047,269075,62609,62295,8744,71039,813
2022-04-16,Modoc,049,8938,739,743,251,994,8
2022-04-16,Mono,051,14174,2986,2977,127,3104,6
2022-04-16,Monterey,053,433212,79652,79311,13766,93077,727
2022-04-16,Napa,055,140530,26030,25929,982,26911,143
2022-04-16,Nevada,057,99092,16035,16014,1203,17217,123
2022-04-16,Orange,059,3164182,549316,548311,41780,590091,6945
2022-04-16,Placer,061,380077,63080,62882,7365,70247,618
2022-04-16,Plumas,063,18699,2983,2929,365,3294,13
2022-04-16,Riverside,065,2383286,592949,591772,27886,619658,6443
2022-04-16,Sacramento,067,1510023,282179,278523,26604,305127,2978
2022-04-16,San Benito,069,59416,13010,12926,518,13444,98
2022-04-16,San Bernardino,071,2135413,576031,564397,25013,589410,6948
2022-04-16,San Diego,073,3302833,755160,756165,53223,809388,5229
2022-04-16,San Francisco,075,870044,127868,126976,8415,135391,854
2022-04-16,San Joaquin,077,732212,167218,166645,9967,176612,2220
2022-04-16,San Luis Obispo,079,281455,52754,52698,3771,56469,476
2022-04-16,San Mateo,081,765935,124094,122652,7079,129731,699
2022-04-16,Santa Barbara,083,443738,86383,86030,4733,90763,684
2022-04-16,Santa Clara,085,1922200,319721,315296,12524,327820,2268
2022-04-16,Santa Cruz,087,273765,48562,47895,2119,50014,261
2022-04-16,Shasta,089,179085,30596,30578,6096,36674,554
2022-04-16,Sierra,091,2930,274,276,48,324,4
2022-04-16,Siskiyou,093,43540,4435,4444,2728,7172,80
2022-04-16,Solano,095,438530,82050,81781,5604,87385,447
2022-04-16,Sonoma,097,501317,84525,84172,2728,86900,485
2022-04-16,Stanislaus,099,539301,117851,117567,17889,135456,1619
2022-04-16,Sutter,101,95872,20518,20621,2087,22708,224
2022-04-16,Tehama,103,63373,12056,12061,2573,14634,199
2022-04-16,Trinity,105,12862,1183,1178,287,1465,20
2022-04-16,Tulare,107,460477,106398,105757,27606,133363,1428
2022-04-16,Tuolumne,109,53932,12711,12640,565,13205,180
2022-04-16,Ventura,111,848112,173914,173665,9451,183116,1474
2022-04-16,Yolo,113,214977,37437,36752,2938,39690,311
2022-04-16,Yuba,115,75493,15867,15857,1200,17057,121
2022-04-15,Alameda,001,1643700,260038,257897,14002,271899,1829
2022-04-15,Alpine,003,1148,124,124,1,125,0
2022-04-15,Amador,005,37829,8539,8491,646,9137,86
2022-04-15,Butte,007,227075,33302,33053,7065,40118,405
2022-04-15,Calaveras,009,45235,7284,7275,350,7625,119
2022-04-15,Colusa,011,21464,3456,3450,1047,4497,21
2022-04-15,Contra Costa,013,1133247,193758,189742,13565,203307,1298
2022-04-15,Del Norte,015,27424,5825,5809,184,5993,50
2022-04-15,El Dorado,017,186661,26832,26796,3202,29998,209
2022-04-15,Fresno,019,978130,232361,231455,24232,255687,2739
2022-04-15,Glenn,021,27897,5003,4991,1607,6598,48
2022-04-15,Humboldt,023,135768,16986,16929,2967,19896,143
2022-04-15,Imperial,025,180216,55421,55371,10583,65954,910
2022-04-15,Inyo,027,18085,4080,4075,490,4565,56
2022-04-15,Kern,029,883053,192092,191866,45810,237676,2258
2022-04-15,Kings,031,150075,51536,51544,3520,55064,445
2022-04-15,Lake,033,64148,10735,10702,887,11589,134
2022-04-15,Lassen,035,31185,8960,8950,876,9826,65
2022-04-15,Los Angeles,037,10098052,2726243,2717479,123961,2841440,31598
2022-04-15,Madera,039,155013,37282,37362,6026,43388,354
2022-04-15,Marin,041,260295,34078,33829,2509,36338,288
2022-04-15,Mariposa,043,17540,2417,2406,203,2609,30
2022-04-15,Mendocino,045,87422,13138,13107,3033,16140,122
2022-04-15,Merced,047,269075,62605,62295,8744,71039,813
2022-04-15,Modoc,049,8938,739,743,251,994,8
2022-04-15,Mono,051,14174,2981,2977,126,3103,6
2022-04-15,Monterey,053,433212,79625,79311,13760,93071,727
2022-04-15,Napa,055,140530,26013,25929,981,26910,143
2022-04-15,Nevada,057,99092,16033,16014,1202,17216,123
2022-04-15,Orange,059,3164182,549195,548311,41748,590059,6945
2022-04-15,Placer,061,380077,63065,62882,7364,70246,618
2022-04-15,Plumas,063,18699,2983,2929,365,3294,13
2022-04-15,Riverside,065,2383286,592848,591772,27880,619652,6443
2022-04-15,Sacramento,067,1510023,282100,278523,26600,305123,2978
2022-04-15,San Benito,069,59416,13008,12926,517,13443,98
2022-04-15,San Bernardino,071,2135413,575950,564397,25010,589407,6948
2022-04-15,San Diego,073,3302833,754967,756165,53204,809369,5229
2022-04-15,San Francisco,075,870044,127719,126976,8399,135375,854
2022-04-15,San Joaquin,077,732212,167195,166645,9965,176610,2220
2022-04-15,San Luis Obispo,079,281455,52746,52698,3771,56469,476
2022-04-15,San Mateo,081,765935,123958,122652,7072,129724,699
2022-04-15,Santa Barbara,083,443738,86350,86030,4732,90762,684
2022-04-15,Santa Clara,085,1922200,319429,315296,12515,327811,2268
2022-04-15,Santa Cruz,087,273765,48534,47895,2118,50013,261
2022-04-15,Shasta,089,179085,30587,30578,6096,36674,554
2022-04-15,Sierra,091,2930,274,276,48,324,4
2022-04-15,Siskiyou,093,43540,4433,4444,2728,7172,80
2022-04-15,Solano,095,438530,82025,81781,5604,87385,447
2022-04-15,Sonoma,097,501317,84472,84172,2712,86884,485
2022-04-15,Stanislaus,099,539301,117831,117567,17887,135454,1619
2022-04-15,Sutter,101,95872,20515,20621,2087,22708,224
2022-04-15,Tehama,103,63373,12056,12061,2573,14634,199
2022-04-15,Trinity,105,12862,1183,1178,287,1465,20
2022-04-15,Tulare,107,460477,106392,105757,27599,133356,1428
2022-04-15,Tuolumne,109,53932,12708,12640,562,13202,180
2022-04-15,Ventura,111,848112,173885,173665,9445,183110,1474
2022-04-15,Yolo,113,214977,37420,36752,2938,39690,311
2022-04-15,Yuba,115,75493,15864,15857,1200,17057,121
2022-04-14,Alameda,001,1643700,259773,257897,13992,271889,1829
2022-04-14,Alpine,003,1148,124,124,1,125,0
2022-04-14,Amador,005,37829,8539,8491,646,9137,86
2022-04-14,Butte,007,227075,33297,33053,7062,40115,405
2022-04-14,Calaveras,009,45235,7283,7275,350,7625,119
2022-04-14,Colusa,011,21464,3456,3450,1047,4497,21
2022-04-14,Contra Costa,013,1133247,193602,189742,13553,203295,1298
2022-04-14,Del Norte,015,27424,5824,5809,184,5993,50
2022-04-14,El Dorado,017,186661,26829,26796,3200,29996,209
2022-04-14,Fresno,019,978130,232334,231455,24231,255686,2739
2022-04-14,Glenn,021,27897,5003,4991,1605,6596,48
2022-04-14,Humboldt,023,135768,16972,16929,2966,19895,143
2022-04-14,Imperial,025,180216,55411,55371,10583,65954,910
2022-04-14,Inyo,027,18085,4080,4075,489,4564,56
2022-04-14,Kern,029,883053,192073,191866,45802,237668,2258
2022-04-14,Kings,031,150075,51528,51544,3520,55064,445
2022-04-14,Lake,033,64148,10734,10702,887,11589,134
2022-04-14,Lassen,035,31185,8960,8950,875,9825,65
2022-04-14,Los Angeles,037,10098052,2725159,2717479,123872,2841351,31598
2022-04-14,Madera,039,155013,37280,37362,6026,43388,354
2022-04-14,Marin,041,260295,34038,33829,2488,36317,288
2022-04-14,Mariposa,043,17540,2416,2406,203,2609,30
2022-04-14,Mendocino,045,87422,13133,13107,3033,16140,122
2022-04-14,Merced,047,269075,62601,62295,8743,71038,813
2022-04-14,Modoc,049,8938,738,743,251,994,8
2022-04-14,Mono,051,14174,2981,2977,125,3102,6
2022-04-14,Monterey,053,433212,79600,79311,13755,93066,727
2022-04-14,Napa,055,140530,25991,25929,980,26909,143
2022-04-14,Nevada,057,99092,16026,16014,1201,17215,123
2022-04-14,Orange,059,3164182,549005,548311,41719,590030,6945
2022-04-14,Placer,061,380077,63047,62882,7359,70241,618
2022-04-14,Plumas,063,18699,2983,2929,365,3294,13
2022-04-14,Riverside,065,2383286,592727,591772,27870,619642,6443
2022-04-14,Sacramento,067,1510023,281981,278523,26586,305109,2978
2022-04-14,San Benito,069,59416,13002,12926,517,13443,98
2022-04-14,San Bernardino,071,2135413,575778,564397,25005,589402,6948
2022-04-14,San Diego,073,3302833,754689,756165,53166,809331,5229
2022-04-14,San Francisco,075,870044,127517,126976,8386,135362,854
2022-04-14,San Joaquin,077,732212,167164,166645,9964,176609,2220
2022-04-14,San Luis Obispo,079,281455,52730,52698,3767,56465,476
2022-04-14,San Mateo,081,765935,123796,122652,7060,129712,699
2022-04-14,Santa Barbara,083,443738,86305,86030,4730,90760,684
2022-04-14,Santa Clara,085,1922200,319128,315296,12506,327802,2268
2022-04-14,Santa Cruz,087,273765,48504,47895,2117,50012,261
2022-04-14,Shasta,089,179085,30585,30578,6095,36673,554
2022-04-14,Sierra,091,2930,274,276,48,324,4
2022-04-14,Siskiyou,093,43540,4433,4444,2727,7171,80
2022-04-14,Solano,095,438530,81985,81781,5598,87379,447
2022-04-14,Sonoma,097,501317,84381,84172,2707,86879,485
2022-04-14,Stanislaus,099,539301,117812,117567,17884,135451,1619
2022-04-14,Sutter,101,95872,20513,20621,2078,22699,224
2022-04-14,Tehama,103,63373,12055,12061,2572,14633,199
2022-04-14,Trinity,105,12862,1183,1178,287,1465,20
2022-04-14,Tulare,107,460477,106378,105757,27595,133352,1428
2022-04-14,Tuolumne,109,53932,12704,12640,561,13201,180
2022-04-14,Ventura,111,848112,173836,173665,9439,183104,1474
2022-04-14,Yolo,113,214977,37393,36752,2935,39687,311
2022-04-14,Yuba,115,75493,15861,15857,1200,17057,121
2022-04-13,Alameda,001,1643700,259522,257440,13972,271412,1833
2022-04-13,Alpine,003,1148,124,124,1,125,0
2022-04-13,Amador,005,37829,8537,8490,646,9136,86
2022-04-13,Butte,007,227075,33289,33044,7062,40106,402
2022-04-13,Calaveras,009,45235,7282,7270,350,7620,119
2022-04-13,Colusa,011,21464,3456,3451,1047,4498,21
2022-04-13,Contra Costa,013,1133247,193469,189471,13539,203010,1298
2022-04-13,Del Norte,015,27424,5822,5812,184,5996,50
2022-04-13,El Dorado,017,186661,26825,26794,3200,29994,208
2022-04-13,Fresno,019,978130,232301,231325,24219,255544,2738
2022-04-13,Glenn,021,27897,5001,4989,1605,6594,48
2022-04-13,Humboldt,023,135768,16958,16922,2965,19887,143
2022-04-13,Imperial,025,180216,55398,55353,10581,65934,910
2022-04-13,Inyo,027,18085,4080,4074,486,4560,56
2022-04-13,Kern,029,883053,192047,191859,45796,237655,2249
2022-04-13,Kings,031,150075,51522,51535,3520,55055,443
2022-04-13,Lake,033,64148,10732,10695,887,11582,134
2022-04-13,Lassen,035,31185,8959,8949,875,9824,65
2022-04-13,Los Angeles,037,10098052,2723902,2715722,123797,2839519,31578
2022-04-13,Madera,039,155013,37277,37361,6026,43387,354
2022-04-13,Marin,041,260295,33999,33747,2459,36206,288
2022-04-13,Mariposa,043,17540,2410,2402,203,2605,29
2022-04-13,Mendocino,045,87422,13124,13101,3031,16132,120
2022-04-13,Merced,047,269075,62591,62276,8742,71018,811
2022-04-13,Modoc,049,8938,738,743,251,994,8
2022-04-13,Mono,051,14174,2979,2971,125,3096,6
2022-04-13,Monterey,053,433212,79587,79179,13748,92927,727
2022-04-13,Napa,055,140530,25974,25892,977,26869,143
2022-04-13,Nevada,057,99092,16020,16002,1201,17203,123
2022-04-13,Orange,059,3164182,548810,547783,41695,589478,6935
2022-04-13,Placer,061,380077,63020,62851,7356,70207,615
2022-04-13,Plumas,063,18699,2982,2923,365,3288,13
2022-04-13,Riverside,065,2383286,592587,591659,27863,619522,6437
2022-04-13,Sacramento,067,1510023,281895,277866,26583,304449,2974
2022-04-13,San Benito,069,59416,12996,12927,517,13444,98
2022-04-13,San Bernardino,071,2135413,575633,563709,25000,588709,6905
2022-04-13,San Diego,073,3302833,754405,755584,53134,808718,5223
2022-04-13,San Francisco,075,870044,127349,126608,8366,134974,850
2022-04-13,San Joaquin,077,732212,167129,166654,9962,176616,2219
2022-04-13,San Luis Obispo,079,281455,52706,52660,3767,56427,476
2022-04-13,San Mateo,081,765935,123642,122167,7039,129206,699
2022-04-13,Santa Barbara,083,443738,86267,85938,4725,90663,684
2022-04-13,Santa Clara,085,1922200,318858,314863,12489,327352,2267
2022-04-13,Santa Cruz,087,273765,48450,47765,2116,49881,260
2022-04-13,Shasta,089,179085,30583,30569,6095,36664,551
2022-04-13,Sierra,091,2930,274,276,48,324,4
2022-04-13,Siskiyou,093,43540,4432,4444,2726,7170,80
2022-04-13,Solano,095,438530,81947,81843,5595,87438,448
2022-04-13,Sonoma,097,501317,84311,84033,2693,86726,485
2022-04-13,Stanislaus,099,539301,117794,117573,17879,135452,1577
2022-04-13,Sutter,101,95872,20509,20610,2078,22688,223
2022-04-13,Tehama,103,63373,12054,12062,2571,14633,200
2022-04-13,Trinity,105,12862,1183,1177,287,1464,20
2022-04-13,Tulare,107,460477,106371,105519,27590,133109,1426
2022-04-13,Tuolumne,109,53932,12698,12639,561,13200,180
2022-04-13,Ventura,111,848112,173779,173558,9433,182991,1474
2022-04-13,Yolo,113,214977,37354,36684,2933,39617,311
2022-04-13,Yuba,115,75493,15857,15851,1200,17051,121
2022-04-12,Alameda,001,1643700,259278,257440,13963,271403,1833
2022-04-12,Alpine,003,1148,124,124,1,125,0
2022-04-12,Amador,005,37829,8536,8490,646,9136,86
2022-04-12,Butte,007,227075,33277,33044,7056,40100,402
2022-04-12,Calaveras,009,45235,7278,7270,349,7619,119
2022-04-12,Colusa,011,21464,3456,3451,1047,4498,21
2022-04-12,Contra Costa,013,1133247,193314,189471,13526,202997,1298
2022-04-12,Del Norte,015,27424,5819,5812,184,5996,50
2022-04-12,El Dorado,017,186661,26813,26794,3200,29994,208
2022-04-12,Fresno,019,978130,232271,231325,24212,255537,2738
2022-04-12,Glenn,021,27897,5001,4989,1605,6594,48
2022-04-12,Humboldt,023,135768,16950,16922,2963,19885,143
2022-04-12,Imperial,025,180216,55394,55353,10572,65925,910
2022-04-12,Inyo,027,18085,4080,4074,486,4560,56
2022-04-12,Kern,029,883053,192027,191859,45787,237646,2249
2022-04-12,Kings,031,150075,51514,51535,3518,55053,443
2022-04-12,Lake,033,64148,10728,10695,886,11581,134
2022-04-12,Lassen,035,31185,8959,8949,875,9824,65
2022-04-12,Los Angeles,037,10098052,2722662,2715722,123695,2839417,31578
2022-04-12,Madera,039,155013,37276,37361,6026,43387,354
2022-04-12,Marin,041,260295,33953,33747,2433,36180,288
2022-04-12,Mariposa,043,17540,2410,2402,203,2605,29
2022-04-12,Mendocino,045,87422,13116,13101,3025,16126,120
2022-04-12,Merced,047,269075,62577,62276,8740,71016,811
2022-04-12,Modoc,049,8938,738,743,250,993,8
2022-04-12,Mono,051,14174,2979,2971,125,3096,6
2022-04-12,Monterey,053,433212,79563,79179,13741,92920,727
2022-04-12,Napa,055,140530,25951,25892,967,26859,143
2022-04-12,Nevada,057,99092,16017,16002,1200,17202,123
2022-04-12,Orange,059,3164182,548559,547783,41661,589444,6935
2022-04-12,Placer,061,380077,62997,62851,7350,70201,615
2022-04-12,Plumas,063,18699,2981,2923,365,3288,13
2022-04-12,Riverside,065,2383286,592444,591659,27843,619502,6437
2022-04-12,Sacramento,067,1510023,281780,277866,26580,304446,2974
2022-04-12,San Benito,069,59416,12991,12927,516,13443,98
2022-04-12,San Bernardino,071,2135413,575460,563709,24997,588706,6905
2022-04-12,San Diego,073,3302833,754073,755584,53092,808676,5223
2022-04-12,San Francisco,075,870044,127136,126608,8352,134960,850
2022-04-12,San Joaquin,077,732212,167099,166654,9960,176614,2219
2022-04-12,San Luis Obispo,079,281455,52672,52660,3761,56421,476
2022-04-12,San Mateo,081,765935,123477,122167,7025,129192,699
2022-04-12,Santa Barbara,083,443738,86221,85938,4721,90659,684
2022-04-12,Santa Clara,085,1922200,318566,314863,12478,327341,2267
2022-04-12,Santa Cruz,087,273765,48371,47765,2113,49878,260
2022-04-12,Shasta,089,179085,30583,30569,6094,36663,551
2022-04-12,Sierra,091,2930,274,276,48,324,4
2022-04-12,Siskiyou,093,43540,4432,4444,2724,7168,80
2022-04-12,Solano,095,438530,81907,81843,5593,87436,448
2022-04-12,Sonoma,097,501317,84252,84033,2687,86720,485
2022-04-12,Stanislaus,099,539301,117774,117573,17875,135448,1577
2022-04-12,Sutter,101,95872,20506,20610,2078,22688,223
2022-04-12,Tehama,103,63373,12052,12062,2571,14633,200
2022-04-12,Trinity,105,12862,1183,1177,287,1464,20
2022-04-12,Tulare,107,460477,106356,105519,27585,133104,1426
2022-04-12,Tuolumne,109,53932,12696,12639,559,13198,180
2022-04-12,Ventura,111,848112,173731,173558,9427,182985,1474
2022-04-12,Yolo,113,214977,37314,36684,2927,39611,311
2022-04-12,Yuba,115,75493,15852,15851,1200,17051,121
2022-04-11,Alameda,001,1643700,258986,256649,13948,270597,1826
2022-04-11,Alpine,003,1148,124,124,1,125,0
2022-04-11,Amador,005,37829,8535,8489,646,9135,86
2022-04-11,Butte,007,227075,33264,33031,7052,40083,399
2022-04-11,Calaveras,009,45235,7275,7260,349,7609,119
2022-04-11,Colusa,011,21464,3454,3449,1047,4496,21
2022-04-11,Contra Costa,013,1133247,193147,189154,13509,202663,1296
2022-04-11,Del Norte,015,27424,5818,5811,184,5995,50
2022-04-11,El Dorado,017,186661,26800,26757,3199,29956,207
2022-04-11,Fresno,019,978130,232249,231090,24211,255301,2731
2022-04-11,Glenn,021,27897,5000,4988,1604,6592,47
2022-04-11,Humboldt,023,135768,16935,16913,2961,19874,141
2022-04-11,Imperial,025,180216,55389,55267,10570,65837,910
2022-04-11,Inyo,027,18085,4080,4071,486,4557,56
2022-04-11,Kern,029,883053,192002,191542,45785,237327,2244
2022-04-11,Kings,031,150075,51510,51519,3518,55037,443
2022-04-11,Lake,033,64148,10727,10690,885,11575,134
2022-04-11,Lassen,035,31185,8959,8948,875,9823,65
2022-04-11,Los Angeles,037,10098052,2721409,2709735,123623,2833358,31509
2022-04-11,Madera,039,155013,37269,37356,6026,43382,354
2022-04-11,Marin,041,260295,33895,33648,2416,36064,288
2022-04-11,Mariposa,043,17540,2409,2394,203,2597,29
2022-04-11,Mendocino,045,87422,13112,13087,3023,16110,120
2022-04-11,Merced,047,269075,62567,62231,8738,70969,811
2022-04-11,Modoc,049,8938,738,743,250,993,8
2022-04-11,Mono,051,14174,2978,2967,124,3091,6
2022-04-11,Monterey,053,433212,79543,79103,13732,92835,727
2022-04-11,Napa,055,140530,25934,25824,965,26789,144
2022-04-11,Nevada,057,99092,16013,15976,1200,17176,123
2022-04-11,Orange,059,3164182,548353,546983,41627,588610,6912
2022-04-11,Placer,061,380077,62975,62831,7349,70180,616
2022-04-11,Plumas,063,18699,2979,2887,365,3252,13
2022-04-11,Riverside,065,2383286,592317,591268,27826,619094,6429
2022-04-11,Sacramento,067,1510023,281680,277125,26576,303701,2972
2022-04-11,San Benito,069,59416,12990,12917,516,13433,98
2022-04-11,San Bernardino,071,2135413,575310,562571,24988,587559,6892
2022-04-11,San Diego,073,3302833,753747,754281,53052,807333,5210
2022-04-11,San Francisco,075,870044,126905,125963,8340,134303,844
2022-04-11,San Joaquin,077,732212,167061,166547,9954,176501,2212
2022-04-11,San Luis Obispo,079,281455,52649,52609,3760,56369,476
2022-04-11,San Mateo,081,765935,123287,121514,7015,128529,698
2022-04-11,Santa Barbara,083,443738,86172,85754,4716,90470,680
2022-04-11,Santa Clara,085,1922200,318221,313965,12463,326428,2266
2022-04-11,Santa Cruz,087,273765,48276,47624,2110,49734,259
2022-04-11,Shasta,089,179085,30578,30586,6093,36679,549
2022-04-11,Sierra,091,2930,274,272,48,320,4
2022-04-11,Siskiyou,093,43540,4432,4444,2722,7166,80
2022-04-11,Solano,095,438530,81879,81886,5592,87478,448
2022-04-11,Sonoma,097,501317,84184,83600,2675,86275,485
2022-04-11,Stanislaus,099,539301,117740,117528,17867,135395,1578
2022-04-11,Sutter,101,95872,20503,20591,2078,22669,223
2022-04-11,Tehama,103,63373,12051,12059,2570,14629,201
2022-04-11,Trinity,105,12862,1183,1177,287,1464,20
2022-04-11,Tulare,107,460477,106345,105278,27577,132855,1415
2022-04-11,Tuolumne,109,53932,12693,12632,559,13191,180
2022-04-11,Ventura,111,848112,173672,173343,9426,182769,1467
2022-04-11,Yolo,113,214977,37277,36587,2925,39512,312
2022-04-11,Yuba,115,75493,15849,15848,1199,17047,121
2022-04-10,Alameda,001,1643700,258652,256649,13937,270586,1826
2022-04-10,Alpine,003,1148,124,124,1,125,0
2022-04-10,Amador,005,37829,8533,8489,646,9135,86
2022-04-10,Butte,007,227075,33260,33031,7048,40079,399
2022-04-10,Calaveras,009,45235,7272,7260,349,7609,119
2022-04-10,Colusa,011,21464,3453,3449,1047,4496,21
2022-04-10,Contra Costa,013,1133247,192987,189154,13489,202643,1296
2022-04-10,Del Norte,015,27424,5815,5811,184,5995,50
2022-04-10,El Dorado,017,186661,26793,26757,3197,29954,207
2022-04-10,Fresno,019,978130,232211,231090,24209,255299,2731
2022-04-10,Glenn,021,27897,5000,4988,1604,6592,47
2022-04-10,Humboldt,023,135768,16925,16913,2959,19872,141
2022-04-10,Imperial,025,180216,55385,55267,10568,65835,910
2022-04-10,Inyo,027,18085,4080,4071,484,4555,56
2022-04-10,Kern,029,883053,191984,191542,45780,237322,2244
2022-04-10,Kings,031,150075,51508,51519,3518,55037,443
2022-04-10,Lake,033,64148,10723,10690,883,11573,134
2022-04-10,Lassen,035,31185,8958,8948,875,9823,65
2022-04-10,Los Angeles,037,10098052,2720087,2709735,123535,2833270,31509
2022-04-10,Madera,039,155013,37264,37356,6025,43381,354
2022-04-10,Marin,041,260295,33855,33648,2387,36035,288
2022-04-10,Mariposa,043,17540,2407,2394,203,2597,29
2022-04-10,Mendocino,045,87422,13104,13087,3022,16109,120
2022-04-10,Merced,047,269075,62556,62231,8736,70967,811
2022-04-10,Modoc,049,8938,738,743,250,993,8
2022-04-10,Mono,051,14174,2975,2967,124,3091,6
2022-04-10,Monterey,053,433212,79527,79103,13722,92825,727
2022-04-10,Napa,055,140530,25912,25824,963,26787,144
2022-04-10,Nevada,057,99092,15996,15976,1200,17176,123
2022-04-10,Orange,059,3164182,548103,546983,41588,588571,6912
2022-04-10,Placer,061,380077,62941,62831,7348,70179,616
2022-04-10,Plumas,063,18699,2977,2887,365,3252,13
2022-04-10,Riverside,065,2383286,592167,591268,27813,619081,6429
2022-04-10,Sacramento,067,1510023,281582,277125,26566,303691,2972
2022-04-10,San Benito,069,59416,12986,12917,516,13433,98
2022-04-10,San Bernardino,071,2135413,575078,562571,24979,587550,6892
2022-04-10,San Diego,073,3302833,753419,754281,53004,807285,5210
2022-04-10,San Francisco,075,870044,126664,125963,8325,134288,844
2022-04-10,San Joaquin,077,732212,167014,166547,9947,176494,2212
2022-04-10,San Luis Obispo,079,281455,52614,52609,3758,56367,476
2022-04-10,San Mateo,081,765935,123118,121514,7001,128515,698
2022-04-10,Santa Barbara,083,443738,86088,85754,4706,90460,680
2022-04-10,Santa Clara,085,1922200,317892,313965,12449,326414,2266
2022-04-10,Santa Cruz,087,273765,48187,47624,2109,49733,259
2022-04-10,Shasta,089,179085,30571,30586,6093,36679,549
2022-04-10,Sierra,091,2930,274,272,48,320,4
2022-04-10,Siskiyou,093,43540,4432,4444,2721,7165,80
2022-04-10,Solano,095,438530,81832,81886,5587,87473,448
2022-04-10,Sonoma,097,501317,84083,83600,2668,86268,485
2022-04-10,Stanislaus,099,539301,117717,117528,17860,135388,1578
2022-04-10,Sutter,101,95872,20499,20591,2074,22665,223
2022-04-10,Tehama,103,63373,12049,12059,2570,14629,201
2022-04-10,Trinity,105,12862,1183,1177,287,1464,20
2022-04-10,Tulare,107,460477,106331,105278,27570,132848,1415
2022-04-10,Tuolumne,109,53932,12686,12632,559,13191,180
2022-04-10,Ventura,111,848112,173593,173343,9421,182764,1467
2022-04-10,Yolo,113,214977,37247,36587,2920,39507,312
2022-04-10,Yuba,115,75493,15848,15848,1199,17047,121
2022-04-09,Alameda,001,1643700,258476,256649,13932,270581,1826
2022-04-09,Alpine,003,1148,124,124,1,125,0
2022-04-09,Amador,005,37829,8533,8489,645,9134,86
2022-04-09,Butte,007,227075,33257,33031,7048,40079,399
2022-04-09,Calaveras,009,45235,7271,7260,349,7609,119
2022-04-09,Colusa,011,21464,3452,3449,1047,4496,21
2022-04-09,Contra Costa,013,1133247,192891,189154,13482,202636,1296
2022-04-09,Del Norte,015,27424,5814,5811,184,5995,50
2022-04-09,El Dorado,017,186661,26786,26757,3197,29954,207
2022-04-09,Fresno,019,978130,232190,231090,24209,255299,2731
2022-04-09,Glenn,021,27897,5000,4988,1604,6592,47
2022-04-09,Humboldt,023,135768,16918,16913,2959,19872,141
2022-04-09,Imperial,025,180216,55380,55267,10568,65835,910
2022-04-09,Inyo,027,18085,4080,4071,484,4555,56
2022-04-09,Kern,029,883053,191975,191542,45775,237317,2244
2022-04-09,Kings,031,150075,51502,51519,3518,55037,443
2022-04-09,Lake,033,64148,10721,10690,883,11573,134
2022-04-09,Lassen,035,31185,8958,8948,875,9823,65
2022-04-09,Los Angeles,037,10098052,2719403,2709735,123462,2833197,31509
2022-04-09,Madera,039,155013,37261,37356,6025,43381,354
2022-04-09,Marin,041,260295,33816,33648,2350,35998,288
2022-04-09,Mariposa,043,17540,2407,2394,203,2597,29
2022-04-09,Mendocino,045,87422,13102,13087,3022,16109,120
2022-04-09,Merced,047,269075,62544,62231,8734,70965,811
2022-04-09,Modoc,049,8938,738,743,250,993,8
2022-04-09,Mono,051,14174,2974,2967,123,3090,6
2022-04-09,Monterey,053,433212,79518,79103,13718,92821,727
2022-04-09,Napa,055,140530,25887,25824,963,26787,144
2022-04-09,Nevada,057,99092,15993,15976,1200,17176,123
2022-04-09,Orange,059,3164182,547982,546983,41567,588550,6912
2022-04-09,Placer,061,380077,62926,62831,7346,70177,616
2022-04-09,Plumas,063,18699,2977,2887,365,3252,13
2022-04-09,Riverside,065,2383286,592077,591268,27803,619071,6429
2022-04-09,Sacramento,067,1510023,281535,277125,26564,303689,2972
2022-04-09,San Benito,069,59416,12985,12917,515,13432,98
2022-04-09,San Bernardino,071,2135413,575012,562571,24976,587547,6892
2022-04-09,San Diego,073,3302833,753271,754281,52990,807271,5210
2022-04-09,San Francisco,075,870044,126540,125963,8317,134280,844
2022-04-09,San Joaquin,077,732212,166998,166547,9944,176491,2212
2022-04-09,San Luis Obispo,079,281455,52614,52609,3755,56364,476
2022-04-09,San Mateo,081,765935,123024,121514,6998,128512,698
2022-04-09,Santa Barbara,083,443738,86055,85754,4706,90460,680
2022-04-09,Santa Clara,085,1922200,317696,313965,12446,326411,2266
2022-04-09,Santa Cruz,087,273765,48154,47624,2107,49731,259
2022-04-09,Shasta,089,179085,30569,30586,6093,36679,549
2022-04-09,Sierra,091,2930,274,272,48,320,4
2022-04-09,Siskiyou,093,43540,4431,4444,2720,7164,80
2022-04-09,Solano,095,438530,81814,81886,5585,87471,448
2022-04-09,Sonoma,097,501317,84044,83600,2664,86264,485
2022-04-09,Stanislaus,099,539301,117704,117528,17858,135386,1578
2022-04-09,Sutter,101,95872,20499,20591,2074,22665,223
2022-04-09,Tehama,103,63373,12049,12059,2570,14629,201
2022-04-09,Trinity,105,12862,1183,1177,287,1464,20
2022-04-09,Tulare,107,460477,106328,105278,27568,132846,1415
2022-04-09,Tuolumne,109,53932,12684,12632,559,13191,180
2022-04-09,Ventura,111,848112,173556,173343,9418,182761,1467
2022-04-09,Yolo,113,214977,37228,36587,2920,39507,312
2022-04-09,Yuba,115,75493,15847,15848,1199,17047,121
2022-04-08,Alameda,001,1643700,258318,256649,13926,270575,1826
2022-04-08,Alpine,003,1148,124,124,1,125,0
2022-04-08,Amador,005,37829,8531,8489,644,9133,86
2022-04-08,Butte,007,227075,33251,33031,7045,40076,399
2022-04-08,Calaveras,009,45235,7269,7260,349,7609,119
2022-04-08,Colusa,011,21464,3452,3449,1047,4496,21
2022-04-08,Contra Costa,013,1133247,192813,189154,13469,202623,1296
2022-04-08,Del Norte,015,27424,5812,5811,184,5995,50
2022-04-08,El Dorado,017,186661,26784,26757,3197,29954,207
2022-04-08,Fresno,019,978130,232170,231090,24207,255297,2731
2022-04-08,Glenn,021,27897,5000,4988,1604,6592,47
2022-04-08,Humboldt,023,135768,16914,16913,2957,19870,141
2022-04-08,Imperial,025,180216,55376,55267,10568,65835,910
2022-04-08,Inyo,027,18085,4078,4071,483,4554,56
2022-04-08,Kern,029,883053,191956,191542,45774,237316,2244
2022-04-08,Kings,031,150075,51497,51519,3518,55037,443
2022-04-08,Lake,033,64148,10721,10690,883,11573,134
2022-04-08,Lassen,035,31185,8958,8948,875,9823,65
2022-04-08,Los Angeles,037,10098052,2718777,2709735,123404,2833139,31509
2022-04-08,Madera,039,155013,37259,37356,6024,43380,354
2022-04-08,Marin,041,260295,33794,33648,2336,35984,288
2022-04-08,Mariposa,043,17540,2407,2394,202,2596,29
2022-04-08,Mendocino,045,87422,13100,13087,3022,16109,120
2022-04-08,Merced,047,269075,62539,62231,8731,70962,811
2022-04-08,Modoc,049,8938,738,743,250,993,8
2022-04-08,Mono,051,14174,2972,2967,123,3090,6
2022-04-08,Monterey,053,433212,79508,79103,13717,92820,727
2022-04-08,Napa,055,140530,25875,25824,955,26779,144
2022-04-08,Nevada,057,99092,15990,15976,1200,17176,123
2022-04-08,Orange,059,3164182,547864,546983,41553,588536,6912
2022-04-08,Placer,061,380077,62908,62831,7344,70175,616
2022-04-08,Plumas,063,18699,2974,2887,365,3252,13
2022-04-08,Riverside,065,2383286,592001,591268,27800,619068,6429
2022-04-08,Sacramento,067,1510023,281488,277125,26563,303688,2972
2022-04-08,San Benito,069,59416,12985,12917,515,13432,98
2022-04-08,San Bernardino,071,2135413,574959,562571,24973,587544,6892
2022-04-08,San Diego,073,3302833,753103,754281,52979,807260,5210
2022-04-08,San Francisco,075,870044,126444,125963,8312,134275,844
2022-04-08,San Joaquin,077,732212,166980,166547,9942,176489,2212
2022-04-08,San Luis Obispo,079,281455,52610,52609,3755,56364,476
2022-04-08,San Mateo,081,765935,122917,121514,6994,128508,698
2022-04-08,Santa Barbara,083,443738,86034,85754,4706,90460,680
2022-04-08,Santa Clara,085,1922200,317510,313965,12439,326404,2266
2022-04-08,Santa Cruz,087,273765,48137,47624,2104,49728,259
2022-04-08,Shasta,089,179085,30566,30586,6093,36679,549
2022-04-08,Sierra,091,2930,274,272,48,320,4
2022-04-08,Siskiyou,093,43540,4431,4444,2720,7164,80
2022-04-08,Solano,095,438530,81794,81886,5584,87470,448
2022-04-08,Sonoma,097,501317,83993,83600,2660,86260,485
2022-04-08,Stanislaus,099,539301,117689,117528,17856,135384,1578
2022-04-08,Sutter,101,95872,20499,20591,2074,22665,223
2022-04-08,Tehama,103,63373,12049,12059,2570,14629,201
2022-04-08,Trinity,105,12862,1183,1177,287,1464,20
2022-04-08,Tulare,107,460477,106323,105278,27564,132842,1415
2022-04-08,Tuolumne,109,53932,12683,12632,558,13190,180
2022-04-08,Ventura,111,848112,173527,173343,9416,182759,1467
2022-04-08,Yolo,113,214977,37219,36587,2919,39506,312
2022-04-08,Yuba,115,75493,15846,15848,1199,17047,121
2022-04-07,Alameda,001,1643700,258123,256649,13918,270567,1826
2022-04-07,Alpine,003,1148,124,124,1,125,0
2022-04-07,Amador,005,37829,8530,8489,641,9130,86
2022-04-07,Butte,007,227075,33247,33031,7043,40074,399
2022-04-07,Calaveras,009,45235,7267,7260,349,7609,119
2022-04-07,Colusa,011,21464,3451,3449,1047,4496,21
2022-04-07,Contra Costa,013,1133247,192694,189154,13457,202611,1296
2022-04-07,Del Norte,015,27424,5811,5811,184,5995,50
2022-04-07,El Dorado,017,186661,26772,26757,3195,29952,207
2022-04-07,Fresno,019,978130,232144,231090,24206,255296,2731
2022-04-07,Glenn,021,27897,4999,4988,1603,6591,47
2022-04-07,Humboldt,023,135768,16907,16913,2955,19868,141
2022-04-07,Imperial,025,180216,55374,55267,10566,65833,910
2022-04-07,Inyo,027,18085,4078,4071,483,4554,56
2022-04-07,Kern,029,883053,191932,191542,45771,237313,2244
2022-04-07,Kings,031,150075,51489,51519,3518,55037,443
2022-04-07,Lake,033,64148,10717,10690,883,11573,134
2022-04-07,Lassen,035,31185,8958,8948,875,9823,65
2022-04-07,Los Angeles,037,10098052,2717869,2709735,123329,2833064,31509
2022-04-07,Madera,039,155013,37255,37356,6024,43380,354
2022-04-07,Marin,041,260295,33774,33648,2318,35966,288
2022-04-07,Mariposa,043,17540,2404,2394,201,2595,29
2022-04-07,Mendocino,045,87422,13096,13087,3021,16108,120
2022-04-07,Merced,047,269075,62529,62231,8726,70957,811
2022-04-07,Modoc,049,8938,738,743,250,993,8
2022-04-07,Mono,051,14174,2971,2967,123,3090,6
2022-04-07,Monterey,053,433212,79486,79103,13713,92816,727
2022-04-07,Napa,055,140530,25859,25824,951,26775,144
2022-04-07,Nevada,057,99092,15982,15976,1199,17175,123
2022-04-07,Orange,059,3164182,547708,546983,41523,588506,6912
2022-04-07,Placer,061,380077,62891,62831,7341,70172,616
2022-04-07,Plumas,063,18699,2974,2887,365,3252,13
2022-04-07,Riverside,065,2383286,591899,591268,27786,619054,6429
2022-04-07,Sacramento,067,1510023,281423,277125,26556,303681,2972
2022-04-07,San Benito,069,59416,12984,12917,515,13432,98
2022-04-07,San Bernardino,071,2135413,574799,562571,24960,587531,6892
2022-04-07,San Diego,073,3302833,752835,754281,52947,807228,5210
2022-04-07,San Francisco,075,870044,126287,125963,8297,134260,844
2022-04-07,San Joaquin,077,732212,166939,166547,9939,176486,2212
2022-04-07,San Luis Obispo,079,281455,52592,52609,3753,56362,476
2022-04-07,San Mateo,081,765935,122794,121514,6978,128492,698
2022-04-07,Santa Barbara,083,443738,85990,85754,4704,90458,680
2022-04-07,Santa Clara,085,1922200,317287,313965,12427,326392,2266
2022-04-07,Santa Cruz,087,273765,48118,47624,2100,49724,259
2022-04-07,Shasta,089,179085,30564,30586,6093,36679,549
2022-04-07,Sierra,091,2930,274,272,48,320,4
2022-04-07,Siskiyou,093,43540,4431,4444,2719,7163,80
2022-04-07,Solano,095,438530,81764,81886,5584,87470,448
2022-04-07,Sonoma,097,501317,83950,83600,2654,86254,485
2022-04-07,Stanislaus,099,539301,117667,117528,17853,135381,1578
2022-04-07,Sutter,101,95872,20495,20591,2073,22664,223
2022-04-07,Tehama,103,63373,12048,12059,2570,14629,201
2022-04-07,Trinity,105,12862,1183,1177,287,1464,20
2022-04-07,Tulare,107,460477,106317,105278,27563,132841,1415
2022-04-07,Tuolumne,109,53932,12681,12632,557,13189,180
2022-04-07,Ventura,111,848112,173498,173343,9414,182757,1467
2022-04-07,Yolo,113,214977,37201,36587,2919,39506,312
2022-04-07,Yuba,115,75493,15844,15848,1199,17047,121
2022-04-06,Alameda,001,1643700,257937,256143,13910,270053,1814
2022-04-06,Alpine,003,1148,124,124,1,125,0
2022-04-06,Amador,005,37829,8529,8488,641,9129,86
2022-04-06,Butte,007,227075,33242,32997,7041,40038,396
2022-04-06,Calaveras,009,45235,7265,7258,349,7607,120
2022-04-06,Colusa,011,21464,3451,3447,1047,4494,21
2022-04-06,Contra Costa,013,1133247,192628,188850,13441,202291,1296
2022-04-06,Del Norte,015,27424,5811,5809,184,5993,50
2022-04-06,El Dorado,017,186661,26769,26744,3195,29939,205
2022-04-06,Fresno,019,978130,232109,230942,24202,255144,2725
2022-04-06,Glenn,021,27897,4999,4986,1602,6588,47
2022-04-06,Humboldt,023,135768,16903,16904,2954,19858,140
2022-04-06,Imperial,025,180216,55368,55294,10566,65860,908
2022-04-06,Inyo,027,18085,4077,4068,481,4549,56
2022-04-06,Kern,029,883053,191910,191449,45769,237218,2234
2022-04-06,Kings,031,150075,51488,51491,3517,55008,443
2022-04-06,Lake,033,64148,10713,10679,883,11562,136
2022-04-06,Lassen,035,31185,8958,8945,875,9820,65
2022-04-06,Los Angeles,037,10098052,2716825,2707306,123259,2830565,31465
2022-04-06,Madera,039,155013,37251,37349,6024,43373,354
2022-04-06,Marin,041,260295,33753,33566,2311,35877,288
2022-04-06,Mariposa,043,17540,2403,2392,201,2593,29
2022-04-06,Mendocino,045,87422,13092,13074,3020,16094,119
2022-04-06,Merced,047,269075,62521,62195,8722,70917,810
2022-04-06,Modoc,049,8938,738,741,250,991,8
2022-04-06,Mono,051,14174,2970,2967,123,3090,6
2022-04-06,Monterey,053,433212,79473,79019,13705,92724,727
2022-04-06,Napa,055,140530,25840,25790,947,26737,143
2022-04-06,Nevada,057,99092,15980,15974,1199,17173,123
2022-04-06,Orange,059,3164182,547540,546491,41500,587991,6887
2022-04-06,Placer,061,380077,62885,62787,7340,70127,615
2022-04-06,Plumas,063,18699,2974,2850,365,3215,13
2022-04-06,Riverside,065,2383286,591802,590826,27781,618607,6424
2022-04-06,Sacramento,067,1510023,281345,276567,26552,303119,2953
2022-04-06,San Benito,069,59416,12983,12908,515,13423,98
2022-04-06,San Bernardino,071,2135413,574668,561648,24958,586606,6883
2022-04-06,San Diego,073,3302833,752541,753402,52908,806310,5192
2022-04-06,San Francisco,075,870044,126128,125536,8291,133827,843
2022-04-06,San Joaquin,077,732212,166906,166415,9936,176351,2207
2022-04-06,San Luis Obispo,079,281455,52570,52557,3751,56308,475
2022-04-06,San Mateo,081,765935,122685,121041,6967,128008,693
2022-04-06,Santa Barbara,083,443738,85950,85630,4700,90330,679
2022-04-06,Santa Clara,085,1922200,317090,313278,12407,325685,2265
2022-04-06,Santa Cruz,087,273765,48064,47446,2095,49541,259
2022-04-06,Shasta,089,179085,30563,30565,6093,36658,529
2022-04-06,Sierra,091,2930,274,272,48,320,4
2022-04-06,Siskiyou,093,43540,4431,4442,2719,7161,80
2022-04-06,Solano,095,438530,81729,81789,5579,87368,447
2022-04-06,Sonoma,097,501317,83886,83361,2649,86010,485
2022-04-06,Stanislaus,099,539301,117651,117534,17847,135381,1578
2022-04-06,Sutter,101,95872,20490,20581,2073,22654,222
2022-04-06,Tehama,103,63373,12046,12049,2570,14619,198
2022-04-06,Trinity,105,12862,1183,1173,287,1460,20
2022-04-06,Tulare,107,460477,106310,104826,27558,132384,1414
2022-04-06,Tuolumne,109,53932,12679,12621,557,13178,180
2022-04-06,Ventura,111,848112,173445,173179,9408,182587,1460
2022-04-06,Yolo,113,214977,37176,36393,2918,39311,314
2022-04-06,Yuba,115,75493,15839,15839,1199,17038,121
2022-04-05,Alameda,001,1643700,257724,256143,13900,270043,1814
2022-04-05,Alpine,003,1148,124,124,1,125,0
2022-04-05,Amador,005,37829,8527,8488,641,9129,86
2022-04-05,Butte,007,227075,33237,32997,7038,40035,396
2022-04-05,Calaveras,009,45235,7261,7258,349,7607,120
2022-04-05,Colusa,011,21464,3449,3447,1046,4493,21
2022-04-05,Contra Costa,013,1133247,192535,188850,13434,202284,1296
2022-04-05,Del Norte,015,27424,5809,5809,184,5993,50
2022-04-05,El Dorado,017,186661,26757,26744,3195,29939,205
2022-04-05,Fresno,019,978130,232073,230942,24194,255136,2725
2022-04-05,Glenn,021,27897,4999,4986,1601,6587,47
2022-04-05,Humboldt,023,135768,16897,16904,2954,19858,140
2022-04-05,Imperial,025,180216,55366,55294,10566,65860,908
2022-04-05,Inyo,027,18085,4076,4068,480,4548,56
2022-04-05,Kern,029,883053,191890,191449,45766,237215,2234
2022-04-05,Kings,031,150075,51485,51491,3517,55008,443
2022-04-05,Lake,033,64148,10710,10679,883,11562,136
2022-04-05,Lassen,035,31185,8958,8945,874,9819,65
2022-04-05,Los Angeles,037,10098052,2715772,2707306,123185,2830491,31465
2022-04-05,Madera,039,155013,37244,37349,6022,43371,354
2022-04-05,Marin,041,260295,33698,33566,2296,35862,288
2022-04-05,Mariposa,043,17540,2403,2392,201,2593,29
2022-04-05,Mendocino,045,87422,13086,13074,3019,16093,119
2022-04-05,Merced,047,269075,62509,62195,8717,70912,810
2022-04-05,Modoc,049,8938,738,741,250,991,8
2022-04-05,Mono,051,14174,2969,2967,123,3090,6
2022-04-05,Monterey,053,433212,79450,79019,13694,92713,727
2022-04-05,Napa,055,140530,25831,25790,942,26732,143
2022-04-05,Nevada,057,99092,15972,15974,1199,17173,123
2022-04-05,Orange,059,3164182,547359,546491,41471,587962,6887
2022-04-05,Placer,061,380077,62859,62787,7340,70127,615
2022-04-05,Plumas,063,18699,2974,2850,365,3215,13
2022-04-05,Riverside,065,2383286,591681,590826,27769,618595,6424
2022-04-05,Sacramento,067,1510023,281265,276567,26547,303114,2953
2022-04-05,San Benito,069,59416,12976,12908,515,13423,98
2022-04-05,San Bernardino,071,2135413,574537,561648,24948,586596,6883
2022-04-05,San Diego,073,3302833,752233,753402,52864,806266,5192
2022-04-05,San Francisco,075,870044,125925,125536,8283,133819,843
2022-04-05,San Joaquin,077,732212,166864,166415,9934,176349,2207
2022-04-05,San Luis Obispo,079,281455,52553,52557,3746,56303,475
2022-04-05,San Mateo,081,765935,122568,121041,6957,127998,693
2022-04-05,Santa Barbara,083,443738,85914,85630,4699,90329,679
2022-04-05,Santa Clara,085,1922200,316830,313278,12394,325672,2265
2022-04-05,Santa Cruz,087,273765,47997,47446,2092,49538,259
2022-04-05,Shasta,089,179085,30563,30565,6091,36656,529
2022-04-05,Sierra,091,2930,274,272,48,320,4
2022-04-05,Siskiyou,093,43540,4431,4442,2719,7161,80
2022-04-05,Solano,095,438530,81676,81789,5576,87365,447
2022-04-05,Sonoma,097,501317,83822,83361,2640,86001,485
2022-04-05,Stanislaus,099,539301,117637,117534,17838,135372,1578
2022-04-05,Sutter,101,95872,20486,20581,2072,22653,222
2022-04-05,Tehama,103,63373,12044,12049,2569,14618,198
2022-04-05,Trinity,105,12862,1183,1173,287,1460,20
2022-04-05,Tulare,107,460477,106300,104826,27555,132381,1414
2022-04-05,Tuolumne,109,53932,12678,12621,557,13178,180
2022-04-05,Ventura,111,848112,173389,173179,9401,182580,1460
2022-04-05,Yolo,113,214977,37161,36393,2915,39308,314
2022-04-05,Yuba,115,75493,15837,15839,1199,17038,121
2022-04-04,Alameda,001,1643700,257494,256143,13885,270028,1814
2022-04-04,Alpine,003,1148,124,124,1,125,0
2022-04-04,Amador,005,37829,8526,8488,640,9128,86
2022-04-04,Butte,007,227075,33231,32997,7035,40032,396
2022-04-04,Calaveras,009,45235,7261,7258,349,7607,120
2022-04-04,Colusa,011,21464,3448,3447,1046,4493,21
2022-04-04,Contra Costa,013,1133247,192435,188850,13426,202276,1296
2022-04-04,Del Norte,015,27424,5809,5809,184,5993,50
2022-04-04,El Dorado,017,186661,26752,26744,3195,29939,205
2022-04-04,Fresno,019,978130,232055,230942,24189,255131,2725
2022-04-04,Glenn,021,27897,4998,4986,1601,6587,47
2022-04-04,Humboldt,023,135768,16889,16904,2949,19853,140
2022-04-04,Imperial,025,180216,55361,55294,10566,65860,908
2022-04-04,Inyo,027,18085,4076,4068,478,4546,56
2022-04-04,Kern,029,883053,191867,191449,45761,237210,2234
2022-04-04,Kings,031,150075,51479,51491,3517,55008,443
2022-04-04,Lake,033,64148,10705,10679,883,11562,136
2022-04-04,Lassen,035,31185,8958,8945,874,9819,65
2022-04-04,Los Angeles,037,10098052,2714677,2707306,123141,2830447,31465
2022-04-04,Madera,039,155013,37240,37349,6022,43371,354
2022-04-04,Marin,041,260295,33681,33566,2287,35853,288
2022-04-04,Mariposa,043,17540,2402,2392,201,2593,29
2022-04-04,Mendocino,045,87422,13080,13074,3017,16091,119
2022-04-04,Merced,047,269075,62498,62195,8712,70907,810
2022-04-04,Modoc,049,8938,738,741,250,991,8
2022-04-04,Mono,051,14174,2969,2967,123,3090,6
2022-04-04,Monterey,053,433212,79434,79019,13688,92707,727
2022-04-04,Napa,055,140530,25814,25790,941,26731,143
2022-04-04,Nevada,057,99092,15968,15974,1198,17172,123
2022-04-04,Orange,059,3164182,547194,546491,41445,587936,6887
2022-04-04,Placer,061,380077,62849,62787,7339,70126,615
2022-04-04,Plumas,063,18699,2973,2850,365,3215,13
2022-04-04,Riverside,065,2383286,591590,590826,27757,618583,6424
2022-04-04,Sacramento,067,1510023,281173,276567,26539,303106,2953
2022-04-04,San Benito,069,59416,12973,12908,515,13423,98
2022-04-04,San Bernardino,071,2135413,574400,561648,24941,586589,6883
2022-04-04,San Diego,073,3302833,751914,753402,52827,806229,5192
2022-04-04,San Francisco,075,870044,125726,125536,8274,133810,843
2022-04-04,San Joaquin,077,732212,166838,166415,9931,176346,2207
2022-04-04,San Luis Obispo,079,281455,52530,52557,3744,56301,475
2022-04-04,San Mateo,081,765935,122430,121041,6945,127986,693
2022-04-04,Santa Barbara,083,443738,85869,85630,4698,90328,679
2022-04-04,Santa Clara,085,1922200,316561,313278,12382,325660,2265
2022-04-04,Santa Cruz,087,273765,47950,47446,2092,49538,259
2022-04-04,Shasta,089,179085,30560,30565,6090,36655,529
2022-04-04,Sierra,091,2930,274,272,48,320,4
2022-04-04,Siskiyou,093,43540,4431,4442,2719,7161,80
2022-04-04,Solano,095,438530,81630,81789,5573,87362,447
2022-04-04,Sonoma,097,501317,83768,83361,2633,85994,485
2022-04-04,Stanislaus,099,539301,117616,117534,17831,135365,1578
2022-04-04,Sutter,101,95872,20483,20581,2072,22653,222
2022-04-04,Tehama,103,63373,12042,12049,2569,14618,198
2022-04-04,Trinity,105,12862,1183,1173,287,1460,20
2022-04-04,Tulare,107,460477,106291,104826,27552,132378,1414
2022-04-04,Tuolumne,109,53932,12671,12621,557,13178,180
2022-04-04,Ventura,111,848112,173349,173179,9398,182577,1460
2022-04-04,Yolo,113,214977,37147,36393,2913,39306,314
2022-04-04,Yuba,115,75493,15834,15839,1199,17038,121
2022-04-03,Alameda,001,1643700,257239,255650,13883,269533,1813
2022-04-03,Alpine,003,1148,124,124,1,125,0
2022-04-03,Amador,005,37829,8525,8485,640,9125,86
2022-04-03,Butte,007,227075,33224,32981,7033,40014,396
2022-04-03,Calaveras,009,45235,7261,7254,349,7603,119
2022-04-03,Colusa,011,21464,3448,3445,1046,4491,21
2022-04-03,Contra Costa,013,1133247,192329,188658,13416,202074,1291
2022-04-03,Del Norte,015,27424,5809,5812,184,5996,50
2022-04-03,El Dorado,017,186661,26738,26732,3193,29925,200
2022-04-03,Fresno,019,978130,232023,230559,24186,254745,2722
2022-04-03,Glenn,021,27897,4998,4982,1601,6583,47
2022-04-03,Humboldt,023,135768,16884,16898,2949,19847,140
2022-04-03,Imperial,025,180216,55359,55266,10563,65829,908
2022-04-03,Inyo,027,18085,4074,4063,478,4541,56
2022-04-03,Kern,029,883053,191842,191384,45756,237140,2224
2022-04-03,Kings,031,150075,51473,51470,3515,54985,443
2022-04-03,Lake,033,64148,10703,10674,883,11557,136
2022-04-03,Lassen,035,31185,8957,8943,874,9817,65
2022-04-03,Los Angeles,037,10098052,2713488,2703576,123056,2826632,31410
2022-04-03,Madera,039,155013,37238,37333,6021,43354,354
2022-04-03,Marin,041,260295,33646,33493,2279,35772,287
2022-04-03,Mariposa,043,17540,2401,2391,201,2592,29
2022-04-03,Mendocino,045,87422,13074,13058,3016,16074,119
2022-04-03,Merced,047,269075,62483,62149,8706,70855,808
2022-04-03,Modoc,049,8938,737,741,250,991,8
2022-04-03,Mono,051,14174,2969,2967,123,3090,6
2022-04-03,Monterey,053,433212,79417,78964,13663,92627,726
2022-04-03,Napa,055,140530,25795,25757,940,26697,143
2022-04-03,Nevada,057,99092,15962,15962,1197,17159,123
2022-04-03,Orange,059,3164182,546995,546047,41420,587467,6880
2022-04-03,Placer,061,380077,62823,62740,7334,70074,614
2022-04-03,Plumas,063,18699,2972,2803,365,3168,14
2022-04-03,Riverside,065,2383286,591432,590563,27742,618305,6418
2022-04-03,Sacramento,067,1510023,281098,276218,26526,302744,2950
2022-04-03,San Benito,069,59416,12969,12901,515,13416,98
2022-04-03,San Bernardino,071,2135413,574255,561362,24938,586300,6865
2022-04-03,San Diego,073,3302833,751585,752281,52790,805071,5178
2022-04-03,San Francisco,075,870044,125495,125075,8268,133343,843
2022-04-03,San Joaquin,077,732212,166781,166336,9926,176262,2202
2022-04-03,San Luis Obispo,079,281455,52511,52512,3744,56256,475
2022-04-03,San Mateo,081,765935,122290,120717,6938,127655,693
2022-04-03,Santa Barbara,083,443738,85824,85611,4696,90307,678
2022-04-03,Santa Clara,085,1922200,316261,312517,12373,324890,2258
2022-04-03,Santa Cruz,087,273765,47895,47371,2090,49461,259
2022-04-03,Shasta,089,179085,30550,30556,6089,36645,530
2022-04-03,Sierra,091,2930,274,273,48,321,4
2022-04-03,Siskiyou,093,43540,4431,4439,2719,7158,80
2022-04-03,Solano,095,438530,81588,81848,5567,87415,446
2022-04-03,Sonoma,097,501317,83690,83235,2625,85860,485
2022-04-03,Stanislaus,099,539301,117585,117536,17825,135361,1581
2022-04-03,Sutter,101,95872,20480,20570,2072,22642,222
2022-04-03,Tehama,103,63373,12040,12046,2569,14615,198
2022-04-03,Trinity,105,12862,1183,1173,287,1460,20
2022-04-03,Tulare,107,460477,106284,104736,27544,132280,1410
2022-04-03,Tuolumne,109,53932,12670,12618,557,13175,180
2022-04-03,Ventura,111,848112,173296,173044,9394,182438,1460
2022-04-03,Yolo,113,214977,37126,36347,2911,39258,313
2022-04-03,Yuba,115,75493,15832,15835,1199,17034,120
2022-04-02,Alameda,001,1643700,257137,255650,13883,269533,1813
2022-04-02,Alpine,003,1148,124,124,1,125,0
2022-04-02,Amador,005,37829,8525,8485,640,9125,86
2022-04-02,Butte,007,227075,33220,32981,7032,40013,396
2022-04-02,Calaveras,009,45235,7261,7254,349,7603,119
2022-04-02,Colusa,011,21464,3448,3445,1046,4491,21
2022-04-02,Contra Costa,013,1133247,192270,188658,13413,202071,1291
2022-04-02,Del Norte,015,27424,5808,5812,184,5996,50
2022-04-02,El Dorado,017,186661,26735,26732,3193,29925,200
2022-04-02,Fresno,019,978130,231994,230559,24186,254745,2722
2022-04-02,Glenn,021,27897,4998,4982,1601,6583,47
2022-04-02,Humboldt,023,135768,16880,16898,2949,19847,140
2022-04-02,Imperial,025,180216,55356,55266,10563,65829,908
2022-04-02,Inyo,027,18085,4074,4063,478,4541,56
2022-04-02,Kern,029,883053,191827,191384,45752,237136,2224
2022-04-02,Kings,031,150075,51470,51470,3515,54985,443
2022-04-02,Lake,033,64148,10702,10674,883,11557,136
2022-04-02,Lassen,035,31185,8957,8943,874,9817,65
2022-04-02,Los Angeles,037,10098052,2712968,2703576,123016,2826592,31410
2022-04-02,Madera,039,155013,37235,37333,6021,43354,354
2022-04-02,Marin,041,260295,33623,33493,2271,35764,287
2022-04-02,Mariposa,043,17540,2400,2391,201,2592,29
2022-04-02,Mendocino,045,87422,13072,13058,3016,16074,119
2022-04-02,Merced,047,269075,62480,62149,8706,70855,808
2022-04-02,Modoc,049,8938,737,741,250,991,8
2022-04-02,Mono,051,14174,2969,2967,122,3089,6
2022-04-02,Monterey,053,433212,79404,78964,13657,92621,726
2022-04-02,Napa,055,140530,25781,25757,939,26696,143
2022-04-02,Nevada,057,99092,15958,15962,1196,17158,123
2022-04-02,Orange,059,3164182,546889,546047,41408,587455,6880
2022-04-02,Placer,061,380077,62812,62740,7332,70072,614
2022-04-02,Plumas,063,18699,2972,2803,365,3168,14
2022-04-02,Riverside,065,2383286,591358,590563,27737,618300,6418
2022-04-02,Sacramento,067,1510023,281058,276218,26525,302743,2950
2022-04-02,San Benito,069,59416,12968,12901,515,13416,98
2022-04-02,San Bernardino,071,2135413,574203,561362,24935,586297,6865
2022-04-02,San Diego,073,3302833,751461,752281,52780,805061,5178
2022-04-02,San Francisco,075,870044,125391,125075,8260,133335,843
2022-04-02,San Joaquin,077,732212,166760,166336,9924,176260,2202
2022-04-02,San Luis Obispo,079,281455,52506,52512,3744,56256,475
2022-04-02,San Mateo,081,765935,122193,120717,6931,127648,693
2022-04-02,Santa Barbara,083,443738,85805,85611,4695,90306,678
2022-04-02,Santa Clara,085,1922200,316097,312517,12369,324886,2258
2022-04-02,Santa Cruz,087,273765,47883,47371,2089,49460,259
2022-04-02,Shasta,089,179085,30549,30556,6089,36645,530
2022-04-02,Sierra,091,2930,274,273,48,321,4
2022-04-02,Siskiyou,093,43540,4431,4439,2718,7157,80
2022-04-02,Solano,095,438530,81573,81848,5566,87414,446
2022-04-02,Sonoma,097,501317,83642,83235,2619,85854,485
2022-04-02,Stanislaus,099,539301,117576,117536,17823,135359,1581
2022-04-02,Sutter,101,95872,20475,20570,2072,22642,222
2022-04-02,Tehama,103,63373,12040,12046,2569,14615,198
2022-04-02,Trinity,105,12862,1183,1173,287,1460,20
2022-04-02,Tulare,107,460477,106280,104736,27544,132280,1410
2022-04-02,Tuolumne,109,53932,12668,12618,557,13175,180
2022-04-02,Ventura,111,848112,173255,173044,9394,182438,1460
2022-04-02,Yolo,113,214977,37114,36347,2908,39255,313
2022-04-02,Yuba,115,75493,15831,15835,1199,17034,120
2022-04-01,Alameda,001,1643700,257021,255650,13878,269528,1813
2022-04-01,Alpine,003,1148,124,124,1,125,0
2022-04-01,Amador,005,37829,8525,8485,640,9125,86
2022-04-01,Butte,007,227075,33216,32981,7029,40010,396
2022-04-01,Calaveras,009,45235,7259,7254,349,7603,119
2022-04-01,Colusa,011,21464,3447,3445,1046,4491,21
2022-04-01,Contra Costa,013,1133247,192218,188658,13412,202070,1291
2022-04-01,Del Norte,015,27424,5806,5812,184,5996,50
2022-04-01,El Dorado,017,186661,26732,26732,3192,29924,200
2022-04-01,Fresno,019,978130,231969,230559,24184,254743,2722
2022-04-01,Glenn,021,27897,4998,4982,1601,6583,47
2022-04-01,Humboldt,023,135768,16878,16898,2949,19847,140
2022-04-01,Imperial,025,180216,55354,55266,10563,65829,908
2022-04-01,Inyo,027,18085,4072,4063,477,4540,56
2022-04-01,Kern,029,883053,191816,191384,45749,237133,2224
2022-04-01,Kings,031,150075,51467,51470,3515,54985,443
2022-04-01,Lake,033,64148,10699,10674,883,11557,136
2022-04-01,Lassen,035,31185,8956,8943,874,9817,65
2022-04-01,Los Angeles,037,10098052,2712474,2703576,122973,2826549,31410
2022-04-01,Madera,039,155013,37234,37333,6021,43354,354
2022-04-01,Marin,041,260295,33605,33493,2264,35757,287
2022-04-01,Mariposa,043,17540,2397,2391,201,2592,29
2022-04-01,Mendocino,045,87422,13069,13058,3015,16073,119
2022-04-01,Merced,047,269075,62473,62149,8705,70854,808
2022-04-01,Modoc,049,8938,737,741,250,991,8
2022-04-01,Mono,051,14174,2969,2967,122,3089,6
2022-04-01,Monterey,053,433212,79386,78964,13654,92618,726
2022-04-01,Napa,055,140530,25771,25757,939,26696,143
2022-04-01,Nevada,057,99092,15958,15962,1195,17157,123
2022-04-01,Orange,059,3164182,546781,546047,41400,587447,6880
2022-04-01,Placer,061,380077,62798,62740,7332,70072,614
2022-04-01,Plumas,063,18699,2972,2803,364,3167,14
2022-04-01,Riverside,065,2383286,591292,590563,27724,618287,6418
2022-04-01,Sacramento,067,1510023,281020,276218,26518,302736,2950
2022-04-01,San Benito,069,59416,12967,12901,515,13416,98
2022-04-01,San Bernardino,071,2135413,574147,561362,24931,586293,6865
2022-04-01,San Diego,073,3302833,751315,752281,52764,805045,5178
2022-04-01,San Francisco,075,870044,125281,125075,8254,133329,843
2022-04-01,San Joaquin,077,732212,166740,166336,9921,176257,2202
2022-04-01,San Luis Obispo,079,281455,52500,52512,3743,56255,475
2022-04-01,San Mateo,081,765935,122129,120717,6927,127644,693
2022-04-01,Santa Barbara,083,443738,85785,85611,4695,90306,678
2022-04-01,Santa Clara,085,1922200,315947,312517,12368,324885,2258
2022-04-01,Santa Cruz,087,273765,47868,47371,2087,49458,259
2022-04-01,Shasta,089,179085,30548,30556,6089,36645,530
2022-04-01,Sierra,091,2930,274,273,48,321,4
2022-04-01,Siskiyou,093,43540,4431,4439,2717,7156,80
2022-04-01,Solano,095,438530,81558,81848,5566,87414,446
2022-04-01,Sonoma,097,501317,83598,83235,2618,85853,485
2022-04-01,Stanislaus,099,539301,117564,117536,17820,135356,1581
2022-04-01,Sutter,101,95872,20475,20570,2072,22642,222
2022-04-01,Tehama,103,63373,12040,12046,2569,14615,198
2022-04-01,Trinity,105,12862,1183,1173,287,1460,20
2022-04-01,Tulare,107,460477,106275,104736,27540,132276,1410
2022-04-01,Tuolumne,109,53932,12667,12618,557,13175,180
2022-04-01,Ventura,111,848112,173224,173044,9390,182434,1460
2022-04-01,Yolo,113,214977,37100,36347,2907,39254,313
2022-04-01,Yuba,115,75493,15830,15835,1199,17034,120
2022-03-31,Alameda,001,1643700,256844,255650,13865,269515,1813
2022-03-31,Alpine,003,1148,124,124,1,125,0
2022-03-31,Amador,005,37829,8525,8485,640,9125,86
2022-03-31,Butte,007,227075,33212,32981,7026,40007,396
2022-03-31,Calaveras,009,45235,7256,7254,349,7603,119
2022-03-31,Colusa,011,21464,3446,3445,1046,4491,21
2022-03-31,Contra Costa,013,1133247,192122,188658,13406,202064,1291
2022-03-31,Del Norte,015,27424,5805,5812,184,5996,50
2022-03-31,El Dorado,017,186661,26724,26732,3192,29924,200
2022-03-31,Fresno,019,978130,231934,230559,24163,254722,2722
2022-03-31,Glenn,021,27897,4997,4982,1601,6583,47
2022-03-31,Humboldt,023,135768,16874,16898,2949,19847,140
2022-03-31,Imperial,025,180216,55351,55266,10562,65828,908
2022-03-31,Inyo,027,18085,4071,4063,474,4537,56
2022-03-31,Kern,029,883053,191801,191384,45740,237124,2224
2022-03-31,Kings,031,150075,51458,51470,3515,54985,443
2022-03-31,Lake,033,64148,10698,10674,882,11556,136
2022-03-31,Lassen,035,31185,8954,8943,874,9817,65
2022-03-31,Los Angeles,037,10098052,2711732,2703576,122916,2826492,31410
2022-03-31,Madera,039,155013,37231,37333,6021,43354,354
2022-03-31,Marin,041,260295,33579,33493,2252,35745,287
2022-03-31,Mariposa,043,17540,2396,2391,200,2591,29
2022-03-31,Mendocino,045,87422,13065,13058,3015,16073,119
2022-03-31,Merced,047,269075,62468,62149,8702,70851,808
2022-03-31,Modoc,049,8938,737,741,250,991,8
2022-03-31,Mono,051,14174,2969,2967,122,3089,6
2022-03-31,Monterey,053,433212,79369,78964,13643,92607,726
2022-03-31,Napa,055,140530,25764,25757,937,26694,143
2022-03-31,Nevada,057,99092,15951,15962,1194,17156,123
2022-03-31,Orange,059,3164182,546633,546047,41386,587433,6880
2022-03-31,Placer,061,380077,62773,62740,7329,70069,614
2022-03-31,Plumas,063,18699,2972,2803,363,3166,14
2022-03-31,Riverside,065,2383286,591182,590563,27721,618284,6418
2022-03-31,Sacramento,067,1510023,280946,276218,26510,302728,2950
2022-03-31,San Benito,069,59416,12966,12901,515,13416,98
2022-03-31,San Bernardino,071,2135413,574050,561362,24920,586282,6865
2022-03-31,San Diego,073,3302833,751079,752281,52736,805017,5178
2022-03-31,San Francisco,075,870044,125124,125075,8242,133317,843
2022-03-31,San Joaquin,077,732212,166706,166336,9906,176242,2202
2022-03-31,San Luis Obispo,079,281455,52486,52512,3742,56254,475
2022-03-31,San Mateo,081,765935,122018,120717,6926,127643,693
2022-03-31,Santa Barbara,083,443738,85755,85611,4695,90306,678
2022-03-31,Santa Clara,085,1922200,315719,312517,12357,324874,2258
2022-03-31,Santa Cruz,087,273765,47849,47371,2085,49456,259
2022-03-31,Shasta,089,179085,30542,30556,6089,36645,530
2022-03-31,Sierra,091,2930,271,273,48,321,4
2022-03-31,Siskiyou,093,43540,4430,4439,2717,7156,80
2022-03-31,Solano,095,438530,81529,81848,5563,87411,446
2022-03-31,Sonoma,097,501317,83555,83235,2612,85847,485
2022-03-31,Stanislaus,099,539301,117547,117536,17815,135351,1581
2022-03-31,Sutter,101,95872,20472,20570,2071,22641,222
2022-03-31,Tehama,103,63373,12039,12046,2568,14614,198
2022-03-31,Trinity,105,12862,1183,1173,287,1460,20
2022-03-31,Tulare,107,460477,106265,104736,27532,132268,1410
2022-03-31,Tuolumne,109,53932,12666,12618,557,13175,180
2022-03-31,Ventura,111,848112,173184,173044,9387,182431,1460
2022-03-31,Yolo,113,214977,37084,36347,2907,39254,313
2022-03-31,Yuba,115,75493,15830,15835,1196,17031,120
2022-03-30,Alameda,001,1643700,256711,255467,13857,269324,1812
2022-03-30,Alpine,003,1148,124,124,1,125,0
2022-03-30,Amador,005,37829,8525,8485,640,9125,86
2022-03-30,Butte,007,227075,33207,32968,7020,39988,396
2022-03-30,Calaveras,009,45235,7254,7253,348,7601,119
2022-03-30,Colusa,011,21464,3446,3445,1046,4491,21
2022-03-30,Contra Costa,013,1133247,192061,188496,13395,201891,1291
2022-03-30,Del Norte,015,27424,5803,5808,184,5992,50
2022-03-30,El Dorado,017,186661,26716,26722,3192,29914,200
2022-03-30,Fresno,019,978130,231923,230448,24157,254605,2720
2022-03-30,Glenn,021,27897,4996,4982,1601,6583,47
2022-03-30,Humboldt,023,135768,16871,16894,2949,19843,140
2022-03-30,Imperial,025,180216,55347,55252,10559,65811,908
2022-03-30,Inyo,027,18085,4070,4062,472,4534,56
2022-03-30,Kern,029,883053,191773,191363,45735,237098,2219
2022-03-30,Kings,031,150075,51452,51446,3514,54960,443
2022-03-30,Lake,033,64148,10697,10674,882,11556,136
2022-03-30,Lassen,035,31185,8954,8943,874,9817,65
2022-03-30,Los Angeles,037,10098052,2710917,2702536,122861,2825397,31384
2022-03-30,Madera,039,155013,37225,37330,6020,43350,354
2022-03-30,Marin,041,260295,33559,33453,2233,35686,287
2022-03-30,Mariposa,043,17540,2396,2390,200,2590,27
2022-03-30,Mendocino,045,87422,13061,13055,3012,16067,118
2022-03-30,Merced,047,269075,62463,62136,8697,70833,808
2022-03-30,Modoc,049,8938,737,739,250,989,8
2022-03-30,Mono,051,14174,2968,2967,122,3089,6
2022-03-30,Monterey,053,433212,79352,78911,13636,92547,726
2022-03-30,Napa,055,140530,25752,25745,936,26681,141
2022-03-30,Nevada,057,99092,15948,15960,1192,17152,123
2022-03-30,Orange,059,3164182,546483,545895,41364,587259,6876
2022-03-30,Placer,061,380077,62758,62705,7325,70030,614
2022-03-30,Plumas,063,18699,2972,2762,361,3123,13
2022-03-30,Riverside,065,2383286,591099,590437,27708,618145,6411
2022-03-30,Sacramento,067,1510023,280878,276081,26503,302584,2949
2022-03-30,San Benito,069,59416,12962,12898,515,13413,98
2022-03-30,San Bernardino,071,2135413,573967,561153,24916,586069,6863
2022-03-30,San Diego,073,3302833,750848,751684,52709,804393,5169
2022-03-30,San Francisco,075,870044,125018,124930,8233,133163,841
2022-03-30,San Joaquin,077,732212,166677,166299,9900,176199,2201
2022-03-30,San Luis Obispo,079,281455,52472,52484,3738,56222,475
2022-03-30,San Mateo,081,765935,121918,120548,6926,127474,693
2022-03-30,Santa Barbara,083,443738,85733,85488,4692,90180,677
2022-03-30,Santa Clara,085,1922200,315537,312253,12337,324590,2258
2022-03-30,Santa Cruz,087,273765,47793,47340,2084,49424,259
2022-03-30,Shasta,089,179085,30539,30555,6089,36644,530
2022-03-30,Sierra,091,2930,271,273,48,321,4
2022-03-30,Siskiyou,093,43540,4430,4439,2717,7156,80
2022-03-30,Solano,095,438530,81510,81816,5559,87375,443
2022-03-30,Sonoma,097,501317,83518,83163,2611,85774,485
2022-03-30,Stanislaus,099,539301,117534,117593,17812,135405,1559
2022-03-30,Sutter,101,95872,20467,20565,2071,22636,222
2022-03-30,Tehama,103,63373,12038,12045,2567,14612,198
2022-03-30,Trinity,105,12862,1182,1173,287,1460,20
2022-03-30,Tulare,107,460477,106259,104667,27525,132192,1410
2022-03-30,Tuolumne,109,53932,12664,12616,557,13173,180
2022-03-30,Ventura,111,848112,173143,172984,9379,182363,1460
2022-03-30,Yolo,113,214977,37074,36325,2904,39229,313
2022-03-30,Yuba,115,75493,15828,15830,1196,17026,120
2022-03-29,Alameda,001,1643700,256586,255261,13847,269108,1810
2022-03-29,Alpine,003,1148,124,124,1,125,0
2022-03-29,Amador,005,37829,8525,8483,640,9123,86
2022-03-29,Butte,007,227075,33204,32954,7020,39974,396
2022-03-29,Calaveras,009,45235,7253,7250,347,7597,119
2022-03-29,Colusa,011,21464,3446,3445,1046,4491,21
2022-03-29,Contra Costa,013,1133247,191973,188359,13387,201746,1290
2022-03-29,Del Norte,015,27424,5803,5806,183,5989,50
2022-03-29,El Dorado,017,186661,26711,26706,3192,29898,200
2022-03-29,Fresno,019,978130,231895,230256,24153,254409,2718
2022-03-29,Glenn,021,27897,4996,4983,1601,6584,47
2022-03-29,Humboldt,023,135768,16868,16892,2946,19838,140
2022-03-29,Imperial,025,180216,55333,55233,10558,65791,908
2022-03-29,Inyo,027,18085,4068,4062,471,4533,56
2022-03-29,Kern,029,883053,191741,191338,45728,237066,2220
2022-03-29,Kings,031,150075,51445,51416,3513,54929,443
2022-03-29,Lake,033,64148,10693,10674,882,11556,136
2022-03-29,Lassen,035,31185,8953,8943,874,9817,65
2022-03-29,Los Angeles,037,10098052,2710088,2702005,122815,2824820,31378
2022-03-29,Madera,039,155013,37217,37325,6017,43342,354
2022-03-29,Marin,041,260295,33539,33431,2228,35659,287
2022-03-29,Mariposa,043,17540,2396,2388,200,2588,23
2022-03-29,Mendocino,045,87422,13057,13053,3011,16064,119
2022-03-29,Merced,047,269075,62450,62123,8696,70819,806
2022-03-29,Modoc,049,8938,735,737,250,987,8
2022-03-29,Mono,051,14174,2968,2966,122,3088,5
2022-03-29,Monterey,053,433212,79339,78774,13628,92402,725
2022-03-29,Napa,055,140530,25745,25732,936,26668,141
2022-03-29,Nevada,057,99092,15940,15956,1192,17148,123
2022-03-29,Orange,059,3164182,546335,545832,41348,587180,6871
2022-03-29,Placer,061,380077,62740,62687,7320,70007,614
2022-03-29,Plumas,063,18699,2970,2761,361,3122,13
2022-03-29,Riverside,065,2383286,590997,590359,27700,618059,6403
2022-03-29,Sacramento,067,1510023,280812,276040,26491,302531,2946
2022-03-29,San Benito,069,59416,12960,12892,515,13407,97
2022-03-29,San Bernardino,071,2135413,573871,561026,24908,585934,6860
2022-03-29,San Diego,073,3302833,750606,751240,52686,803926,5159
2022-03-29,San Francisco,075,870044,124867,124789,8227,133016,840
2022-03-29,San Joaquin,077,732212,166641,166241,9892,176133,2198
2022-03-29,San Luis Obispo,079,281455,52456,52455,3734,56189,472
2022-03-29,San Mateo,081,765935,121823,120435,6924,127359,686
2022-03-29,Santa Barbara,083,443738,85710,85464,4692,90156,676
2022-03-29,Santa Clara,085,1922200,315298,312067,12320,324387,2259
2022-03-29,Santa Cruz,087,273765,47773,47323,2083,49406,259
2022-03-29,Shasta,089,179085,30532,30552,6087,36639,529
2022-03-29,Sierra,091,2930,271,273,48,321,4
2022-03-29,Siskiyou,093,43540,4430,4439,2716,7155,80
2022-03-29,Solano,095,438530,81486,81713,5556,87269,441
2022-03-29,Sonoma,097,501317,83485,83130,2605,85735,485
2022-03-29,Stanislaus,099,539301,117515,117683,17806,135489,1559
2022-03-29,Sutter,101,95872,20465,20556,2070,22626,221
2022-03-29,Tehama,103,63373,12036,12045,2567,14612,198
2022-03-29,Trinity,105,12862,1182,1173,287,1460,20
2022-03-29,Tulare,107,460477,106254,104622,27520,132142,1406
2022-03-29,Tuolumne,109,53932,12662,12615,557,13172,180
2022-03-29,Ventura,111,848112,173088,172946,9378,182324,1460
2022-03-29,Yolo,113,214977,37061,36296,2903,39199,313
2022-03-29,Yuba,115,75493,15824,15824,1195,17019,117
2022-03-28,Alameda,001,1643700,256433,255192,13837,269029,1808
2022-03-28,Alpine,003,1148,124,124,1,125,0
2022-03-28,Amador,005,37829,8524,8480,640,9120,86
2022-03-28,Butte,007,227075,33187,32947,7020,39967,392
2022-03-28,Calaveras,009,45235,7253,7247,347,7594,119
2022-03-28,Colusa,011,21464,3446,3445,1046,4491,21
2022-03-28,Contra Costa,013,1133247,191893,188305,13382,201687,1290
2022-03-28,Del Norte,015,27424,5801,5834,183,6017,50
2022-03-28,El Dorado,017,186661,26704,26703,3190,29893,200
2022-03-28,Fresno,019,978130,231867,230144,24136,254280,2717
2022-03-28,Glenn,021,27897,4995,4983,1601,6584,47
2022-03-28,Humboldt,023,135768,16867,16916,2946,19862,140
2022-03-28,Imperial,025,180216,55323,55245,10558,65803,909
2022-03-28,Inyo,027,18085,4067,4062,471,4533,56
2022-03-28,Kern,029,883053,191715,191333,45719,237052,2212
2022-03-28,Kings,031,150075,51432,51405,3513,54918,443
2022-03-28,Lake,033,64148,10691,10673,882,11555,136
2022-03-28,Lassen,035,31185,8953,8946,874,9820,63
2022-03-28,Los Angeles,037,10098052,2709219,2700997,122776,2823773,31349
2022-03-28,Madera,039,155013,37213,37324,6017,43341,354
2022-03-28,Marin,041,260295,33514,33391,2223,35614,287
2022-03-28,Mariposa,043,17540,2395,2388,200,2588,23
2022-03-28,Mendocino,045,87422,13055,13046,3010,16056,118
2022-03-28,Merced,047,269075,62440,62116,8691,70807,805
2022-03-28,Modoc,049,8938,734,736,250,986,7
2022-03-28,Mono,051,14174,2968,2966,122,3088,5
2022-03-28,Monterey,053,433212,79306,78784,13624,92408,724
2022-03-28,Napa,055,140530,25739,25723,935,26658,140
2022-03-28,Nevada,057,99092,15938,15969,1192,17161,123
2022-03-28,Orange,059,3164182,546206,545700,41322,587022,6860
2022-03-28,Placer,061,380077,62720,62687,7319,70006,613
2022-03-28,Plumas,063,18699,2969,2760,361,3121,13
2022-03-28,Riverside,065,2383286,590897,590298,27692,617990,6397
2022-03-28,Sacramento,067,1510023,280743,275889,26479,302368,2946
2022-03-28,San Benito,069,59416,12960,12889,515,13404,97
2022-03-28,San Bernardino,071,2135413,573789,560836,24897,585733,6858
2022-03-28,San Diego,073,3302833,750367,750659,52652,803311,5155
2022-03-28,San Francisco,075,870044,124727,124678,8217,132895,839
2022-03-28,San Joaquin,077,732212,166609,166247,9890,176137,2196
2022-03-28,San Luis Obispo,079,281455,52431,52434,3731,56165,470
2022-03-28,San Mateo,081,765935,121707,120337,6919,127256,686
2022-03-28,Santa Barbara,083,443738,85682,85442,4690,90132,675
2022-03-28,Santa Clara,085,1922200,315069,311953,12311,324264,2257
2022-03-28,Santa Cruz,087,273765,47740,47324,2083,49407,259
2022-03-28,Shasta,089,179085,30531,30550,6086,36636,527
2022-03-28,Sierra,091,2930,271,273,48,321,4
2022-03-28,Siskiyou,093,43540,4429,4438,2716,7154,80
2022-03-28,Solano,095,438530,81458,81704,5551,87255,441
2022-03-28,Sonoma,097,501317,83439,83105,2600,85705,485
2022-03-28,Stanislaus,099,539301,117503,117783,17801,135584,1562
2022-03-28,Sutter,101,95872,20459,20549,2070,22619,221
2022-03-28,Tehama,103,63373,12036,12041,2567,14608,200
2022-03-28,Trinity,105,12862,1182,1173,287,1460,20
2022-03-28,Tulare,107,460477,106242,104576,27514,132090,1404
2022-03-28,Tuolumne,109,53932,12662,12627,557,13184,180
2022-03-28,Ventura,111,848112,173049,172867,9377,182244,1455
2022-03-28,Yolo,113,214977,37043,36282,2901,39183,312
2022-03-28,Yuba,115,75493,15823,15821,1193,17014,117
2022-03-27,Alameda,001,1643700,256245,255132,13828,268960,1809
2022-03-27,Alpine,003,1148,124,124,1,125,0
2022-03-27,Amador,005,37829,8521,8480,640,9120,86
2022-03-27,Butte,007,227075,33174,32943,7014,39957,392
2022-03-27,Calaveras,009,45235,7251,7245,347,7592,119
2022-03-27,Colusa,011,21464,3446,3445,1046,4491,21
2022-03-27,Contra Costa,013,1133247,191778,188251,13365,201616,1290
2022-03-27,Del Norte,015,27424,5800,5836,183,6019,50
2022-03-27,El Dorado,017,186661,26690,26699,3187,29886,200
2022-03-27,Fresno,019,978130,231820,230049,24118,254167,2717
2022-03-27,Glenn,021,27897,4993,4983,1601,6584,47
2022-03-27,Humboldt,023,135768,16863,16920,2946,19866,140
2022-03-27,Imperial,025,180216,55310,55240,10557,65797,909
2022-03-27,Inyo,027,18085,4066,4062,469,4531,56
2022-03-27,Kern,029,883053,191677,191332,45713,237045,2213
2022-03-27,Kings,031,150075,51423,51400,3513,54913,443
2022-03-27,Lake,033,64148,10690,10672,881,11553,136
2022-03-27,Lassen,035,31185,8953,8946,874,9820,63
2022-03-27,Los Angeles,037,10098052,2708403,2700983,122729,2823712,31348
2022-03-27,Madera,039,155013,37209,37323,6015,43338,354
2022-03-27,Marin,041,260295,33477,33391,2213,35604,287
2022-03-27,Mariposa,043,17540,2395,2390,200,2590,23
2022-03-27,Mendocino,045,87422,13051,13046,3008,16054,118
2022-03-27,Merced,047,269075,62430,62110,8690,70800,805
2022-03-27,Modoc,049,8938,733,736,248,984,7
2022-03-27,Mono,051,14174,2968,2966,122,3088,5
2022-03-27,Monterey,053,433212,79285,78778,13612,92390,724
2022-03-27,Napa,055,140530,25723,25723,935,26658,140
2022-03-27,Nevada,057,99092,15934,15967,1190,17157,123
2022-03-27,Orange,059,3164182,546072,545644,41288,586932,6860
2022-03-27,Placer,061,380077,62702,62680,7318,69998,613
2022-03-27,Plumas,063,18699,2968,2760,359,3119,13
2022-03-27,Riverside,065,2383286,590811,590251,27681,617932,6395
2022-03-27,Sacramento,067,1510023,280662,275854,26472,302326,2941
2022-03-27,San Benito,069,59416,12955,12889,514,13403,97
2022-03-27,San Bernardino,071,2135413,573672,560853,24895,585748,6862
2022-03-27,San Diego,073,3302833,750111,750659,52628,803287,5155
2022-03-27,San Francisco,075,870044,124540,124619,8206,132825,839
2022-03-27,San Joaquin,077,732212,166573,166238,9886,176124,2196
2022-03-27,San Luis Obispo,079,281455,52410,52430,3729,56159,470
2022-03-27,San Mateo,081,765935,121602,120324,6914,127238,686
2022-03-27,Santa Barbara,083,443738,85646,85434,4688,90122,675
2022-03-27,Santa Clara,085,1922200,314858,311822,12304,324126,2257
2022-03-27,Santa Cruz,087,273765,47707,47321,2081,49402,259
2022-03-27,Shasta,089,179085,30527,30550,6084,36634,527
2022-03-27,Sierra,091,2930,271,273,48,321,4
2022-03-27,Siskiyou,093,43540,4429,4436,2715,7151,80
2022-03-27,Solano,095,438530,81416,81691,5548,87239,441
2022-03-27,Sonoma,097,501317,83386,83088,2596,85684,485
2022-03-27,Stanislaus,099,539301,117483,117778,17798,135576,1562
2022-03-27,Sutter,101,95872,20453,20545,2070,22615,221
2022-03-27,Tehama,103,63373,12036,12040,2567,14607,200
2022-03-27,Trinity,105,12862,1182,1173,287,1460,20
2022-03-27,Tulare,107,460477,106233,104582,27505,132087,1404
2022-03-27,Tuolumne,109,53932,12661,12628,557,13185,180
2022-03-27,Ventura,111,848112,173004,172831,9375,182206,1455
2022-03-27,Yolo,113,214977,37022,36232,2898,39130,312
2022-03-27,Yuba,115,75493,15820,15821,1186,17007,117
2022-03-26,Alameda,001,1643700,256165,254691,13827,268518,1803
2022-03-26,Alpine,003,1148,124,124,1,125,0
2022-03-26,Amador,005,37829,8521,8476,640,9116,86
2022-03-26,Butte,007,227075,33170,32929,7012,39941,391
2022-03-26,Calaveras,009,45235,7249,7240,347,7587,120
2022-03-26,Colusa,011,21464,3444,3445,1046,4491,21
2022-03-26,Contra Costa,013,1133247,191725,187990,13362,201352,1285
2022-03-26,Del Norte,015,27424,5798,5831,183,6014,50
2022-03-26,El Dorado,017,186661,26682,26674,3185,29859,200
2022-03-26,Fresno,019,978130,231797,229799,24117,253916,2710
2022-03-26,Glenn,021,27897,4992,4978,1601,6579,47
2022-03-26,Humboldt,023,135768,16859,16911,2946,19857,139
2022-03-26,Imperial,025,180216,55304,55230,10556,65786,913
2022-03-26,Inyo,027,18085,4066,4060,468,4528,56
2022-03-26,Kern,029,883053,191664,191288,45709,236997,2201
2022-03-26,Kings,031,150075,51422,51397,3513,54910,444
2022-03-26,Lake,033,64148,10690,10659,881,11540,136
2022-03-26,Lassen,035,31185,8953,8944,874,9818,63
2022-03-26,Los Angeles,037,10098052,2707947,2698028,122688,2820716,31291
2022-03-26,Madera,039,155013,37206,37321,6013,43334,354
2022-03-26,Marin,041,260295,33466,33317,2209,35526,287
2022-03-26,Mariposa,043,17540,2395,2386,200,2586,23
2022-03-26,Mendocino,045,87422,13047,13038,3008,16046,118
2022-03-26,Merced,047,269075,62423,62083,8688,70771,805
2022-03-26,Modoc,049,8938,733,736,248,984,7
2022-03-26,Mono,051,14174,2968,2966,122,3088,5
2022-03-26,Monterey,053,433212,79278,78688,13610,92298,724
2022-03-26,Napa,055,140530,25719,25701,935,26636,139
2022-03-26,Nevada,057,99092,15930,15960,1190,17150,123
2022-03-26,Orange,059,3164182,545996,545294,41277,586571,6853
2022-03-26,Placer,061,380077,62690,62634,7314,69948,613
2022-03-26,Plumas,063,18699,2968,2758,358,3116,13
2022-03-26,Riverside,065,2383286,590742,590060,27680,617740,6397
2022-03-26,Sacramento,067,1510023,280628,275529,26470,301999,2935
2022-03-26,San Benito,069,59416,12955,12885,514,13399,97
2022-03-26,San Bernardino,071,2135413,573612,560742,24891,585633,6840
2022-03-26,San Diego,073,3302833,749987,750170,52621,802791,5146
2022-03-26,San Francisco,075,870044,124434,124265,8200,132465,839
2022-03-26,San Joaquin,077,732212,166552,166079,9885,175964,2195
2022-03-26,San Luis Obispo,079,281455,52404,52369,3729,56098,469
2022-03-26,San Mateo,081,765935,121543,120165,6906,127071,684
2022-03-26,Santa Barbara,083,443738,85626,85477,4686,90163,674
2022-03-26,Santa Clara,085,1922200,314700,311189,12297,323486,2250
2022-03-26,Santa Cruz,087,273765,47696,47329,2081,49410,259
2022-03-26,Shasta,089,179085,30526,30542,6083,36625,527
2022-03-26,Sierra,091,2930,271,273,48,321,4
2022-03-26,Siskiyou,093,43540,4428,4433,2715,7148,80
2022-03-26,Solano,095,438530,81407,81659,5548,87207,441
2022-03-26,Sonoma,097,501317,83356,83113,2591,85704,485
2022-03-26,Stanislaus,099,539301,117476,117962,17797,135759,1565
2022-03-26,Sutter,101,95872,20451,20536,2070,22606,221
2022-03-26,Tehama,103,63373,12036,12036,2566,14602,195
2022-03-26,Trinity,105,12862,1182,1174,287,1461,20
2022-03-26,Tulare,107,460477,106226,104538,27504,132042,1400
2022-03-26,Tuolumne,109,53932,12659,12628,557,13185,180
2022-03-26,Ventura,111,848112,172963,172690,9371,182061,1455
2022-03-26,Yolo,113,214977,37013,36234,2898,39132,311
2022-03-26,Yuba,115,75493,15819,15807,1186,16993,117
2022-03-25,Alameda,001,1643700,256102,254691,13824,268515,1803
2022-03-25,Alpine,003,1148,124,124,1,125,0
2022-03-25,Amador,005,37829,8520,8476,640,9116,86
2022-03-25,Butte,007,227075,33165,32929,7012,39941,391
2022-03-25,Calaveras,009,45235,7248,7240,347,7587,120
2022-03-25,Colusa,011,21464,3444,3445,1046,4491,21
2022-03-25,Contra Costa,013,1133247,191678,187990,13359,201349,1285
2022-03-25,Del Norte,015,27424,5798,5831,183,6014,50
2022-03-25,El Dorado,017,186661,26678,26674,3185,29859,200
2022-03-25,Fresno,019,978130,231768,229799,24109,253908,2710
2022-03-25,Glenn,021,27897,4992,4978,1601,6579,47
2022-03-25,Humboldt,023,135768,16859,16911,2946,19857,139
2022-03-25,Imperial,025,180216,55299,55230,10555,65785,913
2022-03-25,Inyo,027,18085,4065,4060,468,4528,56
2022-03-25,Kern,029,883053,191654,191288,45708,236996,2201
2022-03-25,Kings,031,150075,51421,51397,3513,54910,444
2022-03-25,Lake,033,64148,10690,10659,881,11540,136
2022-03-25,Lassen,035,31185,8952,8944,874,9818,63
2022-03-25,Los Angeles,037,10098052,2707523,2698028,122656,2820684,31291
2022-03-25,Madera,039,155013,37205,37321,6012,43333,354
2022-03-25,Marin,041,260295,33451,33317,2200,35517,287
2022-03-25,Mariposa,043,17540,2395,2386,200,2586,23
2022-03-25,Mendocino,045,87422,13047,13038,3008,16046,118
2022-03-25,Merced,047,269075,62417,62083,8687,70770,805
2022-03-25,Modoc,049,8938,733,736,248,984,7
2022-03-25,Mono,051,14174,2967,2966,122,3088,5
2022-03-25,Monterey,053,433212,79267,78688,13607,92295,724
2022-03-25,Napa,055,140530,25712,25701,935,26636,139
2022-03-25,Nevada,057,99092,15929,15960,1190,17150,123
2022-03-25,Orange,059,3164182,545922,545294,41261,586555,6853
2022-03-25,Placer,061,380077,62684,62634,7311,69945,613
2022-03-25,Plumas,063,18699,2967,2758,358,3116,13
2022-03-25,Riverside,065,2383286,590682,590060,27669,617729,6397
2022-03-25,Sacramento,067,1510023,280585,275529,26469,301998,2935
2022-03-25,San Benito,069,59416,12955,12885,514,13399,97
2022-03-25,San Bernardino,071,2135413,573572,560742,24888,585630,6840
2022-03-25,San Diego,073,3302833,749864,750170,52610,802780,5146
2022-03-25,San Francisco,075,870044,124353,124265,8187,132452,839
2022-03-25,San Joaquin,077,732212,166538,166079,9882,175961,2195
2022-03-25,San Luis Obispo,079,281455,52401,52369,3728,56097,469
2022-03-25,San Mateo,081,765935,121491,120165,6906,127071,684
2022-03-25,Santa Barbara,083,443738,85611,85477,4684,90161,674
2022-03-25,Santa Clara,085,1922200,314549,311189,12292,323481,2250
2022-03-25,Santa Cruz,087,273765,47688,47329,2081,49410,259
2022-03-25,Shasta,089,179085,30522,30542,6082,36624,527
2022-03-25,Sierra,091,2930,271,273,48,321,4
2022-03-25,Siskiyou,093,43540,4426,4433,2713,7146,80
2022-03-25,Solano,095,438530,81393,81659,5546,87205,441
2022-03-25,Sonoma,097,501317,83319,83113,2591,85704,485
2022-03-25,Stanislaus,099,539301,117462,117962,17796,135758,1565
2022-03-25,Sutter,101,95872,20446,20536,2070,22606,221
2022-03-25,Tehama,103,63373,12034,12036,2566,14602,195
2022-03-25,Trinity,105,12862,1182,1174,287,1461,20
2022-03-25,Tulare,107,460477,106222,104538,27504,132042,1400
2022-03-25,Tuolumne,109,53932,12658,12628,557,13185,180
2022-03-25,Ventura,111,848112,172925,172690,9371,182061,1455
2022-03-25,Yolo,113,214977,37001,36234,2897,39131,311
2022-03-25,Yuba,115,75493,15814,15807,1185,16992,117
2022-03-24,Alameda,001,1643700,255985,254691,13808,268499,1803
2022-03-24,Alpine,003,1148,124,124,1,125,0
2022-03-24,Amador,005,37829,8520,8476,640,9116,86
2022-03-24,Butte,007,227075,33159,32929,7012,39941,391
2022-03-24,Calaveras,009,45235,7246,7240,347,7587,120
2022-03-24,Colusa,011,21464,3444,3445,1046,4491,21
2022-03-24,Contra Costa,013,1133247,191599,187990,13356,201346,1285
2022-03-24,Del Norte,015,27424,5794,5831,183,6014,50
2022-03-24,El Dorado,017,186661,26668,26674,3185,29859,200
2022-03-24,Fresno,019,978130,231726,229799,24099,253898,2710
2022-03-24,Glenn,021,27897,4991,4978,1601,6579,47
2022-03-24,Humboldt,023,135768,16854,16911,2944,19855,139
2022-03-24,Imperial,025,180216,55292,55230,10555,65785,913
2022-03-24,Inyo,027,18085,4064,4060,468,4528,56
2022-03-24,Kern,029,883053,191644,191288,45706,236994,2201
2022-03-24,Kings,031,150075,51412,51397,3511,54908,444
2022-03-24,Lake,033,64148,10689,10659,881,11540,136
2022-03-24,Lassen,035,31185,8951,8944,874,9818,63
2022-03-24,Los Angeles,037,10098052,2706949,2698028,122612,2820640,31291
2022-03-24,Madera,039,155013,37203,37321,6010,43331,354
2022-03-24,Marin,041,260295,33430,33317,2191,35508,287
2022-03-24,Mariposa,043,17540,2395,2386,200,2586,23
2022-03-24,Mendocino,045,87422,13041,13038,3005,16043,118
2022-03-24,Merced,047,269075,62410,62083,8686,70769,805
2022-03-24,Modoc,049,8938,733,736,248,984,7
2022-03-24,Mono,051,14174,2967,2966,122,3088,5
2022-03-24,Monterey,053,433212,79241,78688,13593,92281,724
2022-03-24,Napa,055,140530,25703,25701,935,26636,139
2022-03-24,Nevada,057,99092,15925,15960,1189,17149,123
2022-03-24,Orange,059,3164182,545820,545294,41246,586540,6853
2022-03-24,Placer,061,380077,62664,62634,7310,69944,613
2022-03-24,Plumas,063,18699,2967,2758,358,3116,13
2022-03-24,Riverside,065,2383286,590605,590060,27661,617721,6397
2022-03-24,Sacramento,067,1510023,280515,275529,26465,301994,2935
2022-03-24,San Benito,069,59416,12954,12885,513,13398,97
2022-03-24,San Bernardino,071,2135413,573489,560742,24884,585626,6840
2022-03-24,San Diego,073,3302833,749657,750170,52597,802767,5146
2022-03-24,San Francisco,075,870044,124271,124265,8181,132446,839
2022-03-24,San Joaquin,077,732212,166511,166079,9882,175961,2195
2022-03-24,San Luis Obispo,079,281455,52385,52369,3727,56096,469
2022-03-24,San Mateo,081,765935,121442,120165,6903,127068,684
2022-03-24,Santa Barbara,083,443738,85596,85477,4681,90158,674
2022-03-24,Santa Clara,085,1922200,314401,311189,12276,323465,2250
2022-03-24,Santa Cruz,087,273765,47670,47329,2080,49409,259
2022-03-24,Shasta,089,179085,30514,30542,6082,36624,527
2022-03-24,Sierra,091,2930,271,273,48,321,4
2022-03-24,Siskiyou,093,43540,4424,4433,2713,7146,80
2022-03-24,Solano,095,438530,81374,81659,5545,87204,441
2022-03-24,Sonoma,097,501317,83284,83113,2589,85702,485
2022-03-24,Stanislaus,099,539301,117454,117962,17793,135755,1565
2022-03-24,Sutter,101,95872,20441,20536,2070,22606,221
2022-03-24,Tehama,103,63373,12032,12036,2565,14601,195
2022-03-24,Trinity,105,12862,1182,1174,287,1461,20
2022-03-24,Tulare,107,460477,106211,104538,27499,132037,1400
2022-03-24,Tuolumne,109,53932,12656,12628,557,13185,180
2022-03-24,Ventura,111,848112,172882,172690,9368,182058,1455
2022-03-24,Yolo,113,214977,36995,36234,2893,39127,311
2022-03-24,Yuba,115,75493,15810,15807,1183,16990,117
2022-03-23,Alameda,001,1643700,255852,254559,13797,268356,1802
2022-03-23,Alpine,003,1148,124,124,1,125,0
2022-03-23,Amador,005,37829,8520,8475,640,9115,86
2022-03-23,Butte,007,227075,33144,32920,7011,39931,387
2022-03-23,Calaveras,009,45235,7241,7237,347,7584,120
2022-03-23,Colusa,011,21464,3443,3444,1046,4490,21
2022-03-23,Contra Costa,013,1133247,191501,187898,13345,201243,1279
2022-03-23,Del Norte,015,27424,5792,5830,183,6013,50
2022-03-23,El Dorado,017,186661,26662,26670,3185,29855,200
2022-03-23,Fresno,019,978130,231690,229656,24086,253742,2710
2022-03-23,Glenn,021,27897,4991,4975,1601,6576,47
2022-03-23,Humboldt,023,135768,16853,16908,2943,19851,139
2022-03-23,Imperial,025,180216,55286,55211,10554,65765,909
2022-03-23,Inyo,027,18085,4064,4060,468,4528,56
2022-03-23,Kern,029,883053,191627,191241,45701,236942,2196
2022-03-23,Kings,031,150075,51401,51384,3511,54895,442
2022-03-23,Lake,033,64148,10685,10658,880,11538,135
2022-03-23,Lassen,035,31185,8950,8944,873,9817,63
2022-03-23,Los Angeles,037,10098052,2706270,2697227,122583,2819810,31267
2022-03-23,Madera,039,155013,37198,37317,6008,43325,354
2022-03-23,Marin,041,260295,33404,33274,2186,35460,287
2022-03-23,Mariposa,043,17540,2393,2382,199,2581,11
2022-03-23,Mendocino,045,87422,13037,13033,3004,16037,118
2022-03-23,Merced,047,269075,62399,62056,8683,70739,805
2022-03-23,Modoc,049,8938,733,736,248,984,7
2022-03-23,Mono,051,14174,2967,2966,122,3088,5
2022-03-23,Monterey,053,433212,79224,78655,13569,92224,724
2022-03-23,Napa,055,140530,25690,25691,933,26624,139
2022-03-23,Nevada,057,99092,15923,15958,1189,17147,123
2022-03-23,Orange,059,3164182,545688,545158,41233,586391,6852
2022-03-23,Placer,061,380077,62645,62622,7308,69930,613
2022-03-23,Plumas,063,18699,2967,2747,358,3105,13
2022-03-23,Riverside,065,2383286,590532,589947,27656,617603,6388
2022-03-23,Sacramento,067,1510023,280452,275398,26457,301855,2934
2022-03-23,San Benito,069,59416,12953,12884,513,13397,97
2022-03-23,San Bernardino,071,2135413,573416,560550,24880,585430,6828
2022-03-23,San Diego,073,3302833,749464,749871,52574,802445,5143
2022-03-23,San Francisco,075,870044,124158,124110,8174,132284,838
2022-03-23,San Joaquin,077,732212,166474,166041,9875,175916,2187
2022-03-23,San Luis Obispo,079,281455,52368,52344,3722,56066,469
2022-03-23,San Mateo,081,765935,121357,120080,6893,126973,685
2022-03-23,Santa Barbara,083,443738,85579,85464,4680,90144,673
2022-03-23,Santa Clara,085,1922200,314235,310956,12264,323220,2250
2022-03-23,Santa Cruz,087,273765,47651,47314,2076,49390,259
2022-03-23,Shasta,089,179085,30510,30524,6081,36605,526
2022-03-23,Sierra,091,2930,271,273,48,321,4
2022-03-23,Siskiyou,093,43540,4424,4433,2713,7146,80
2022-03-23,Solano,095,438530,81340,81615,5544,87159,441
2022-03-23,Sonoma,097,501317,83251,83074,2586,85660,482
2022-03-23,Stanislaus,099,539301,117437,118041,17790,135831,1568
2022-03-23,Sutter,101,95872,20438,20532,2070,22602,218
2022-03-23,Tehama,103,63373,12029,12035,2565,14600,195
2022-03-23,Trinity,105,12862,1182,1174,287,1461,20
2022-03-23,Tulare,107,460477,106194,104489,27494,131983,1394
2022-03-23,Tuolumne,109,53932,12655,12629,557,13186,180
2022-03-23,Ventura,111,848112,172834,172647,9366,182013,1455
2022-03-23,Yolo,113,214977,36976,36197,2891,39088,308
2022-03-23,Yuba,115,75493,15803,15801,1182,16983,117
2022-03-22,Alameda,001,1643700,255729,254467,13501,267968,1802
2022-03-22,Alpine,003,1148,124,122,1,123,0
2022-03-22,Amador,005,37829,8519,8462,639,9101,86
2022-03-22,Butte,007,227075,33134,32907,7007,39914,387
2022-03-22,Calaveras,009,45235,7239,7237,347,7584,120
2022-03-22,Colusa,011,21464,3442,3445,1046,4491,21
2022-03-22,Contra Costa,013,1133247,191425,187813,13324,201137,1279
2022-03-22,Del Norte,015,27424,5786,5824,183,6007,50
2022-03-22,El Dorado,017,186661,26655,26661,3185,29846,200
2022-03-22,Fresno,019,978130,231641,229551,24077,253628,2708
2022-03-22,Glenn,021,27897,4989,4971,1601,6572,47
2022-03-22,Humboldt,023,135768,16850,16911,2943,19854,139
2022-03-22,Imperial,025,180216,55274,55170,10551,65721,908
2022-03-22,Inyo,027,18085,4064,4060,468,4528,56
2022-03-22,Kern,029,883053,191604,191213,45693,236906,2195
2022-03-22,Kings,031,150075,51390,51369,3510,54879,442
2022-03-22,Lake,033,64148,10683,10657,879,11536,135
2022-03-22,Lassen,035,31185,8950,8940,873,9813,63
2022-03-22,Los Angeles,037,10098052,2705604,2696746,122536,2819282,31250
2022-03-22,Madera,039,155013,37195,37304,6005,43309,354
2022-03-22,Marin,041,260295,33379,33253,2182,35435,287
2022-03-22,Mariposa,043,17540,2391,2382,199,2581,6
2022-03-22,Mendocino,045,87422,13032,13030,3002,16032,118
2022-03-22,Merced,047,269075,62388,62056,8679,70735,805
2022-03-22,Modoc,049,8938,733,735,248,983,7
2022-03-22,Mono,051,14174,2967,2963,122,3085,5
2022-03-22,Monterey,053,433212,79207,78614,13559,92173,724
2022-03-22,Napa,055,140530,25680,25688,932,26620,139
2022-03-22,Nevada,057,99092,15915,15950,1189,17139,123
2022-03-22,Orange,059,3164182,545546,545075,41216,586291,6843
2022-03-22,Placer,061,380077,62632,62604,7306,69910,610
2022-03-22,Plumas,063,18699,2966,2744,358,3102,13
2022-03-22,Riverside,065,2383286,590457,589816,27653,617469,6383
2022-03-22,Sacramento,067,1510023,280376,275374,26446,301820,2927
2022-03-22,San Benito,069,59416,12952,12884,512,13396,97
2022-03-22,San Bernardino,071,2135413,573334,560371,24860,585231,6811
2022-03-22,San Diego,073,3302833,749266,749647,52554,802201,5141
2022-03-22,San Francisco,075,870044,124051,123998,8168,132166,838
2022-03-22,San Joaquin,077,732212,166446,165992,9872,175864,2187
2022-03-22,San Luis Obispo,079,281455,52360,52257,3722,55979,465
2022-03-22,San Mateo,081,765935,121284,119975,6890,126865,686
2022-03-22,Santa Barbara,083,443738,85562,85457,4679,90136,672
2022-03-22,Santa Clara,085,1922200,314058,310787,12253,323040,2249
2022-03-22,Santa Cruz,087,273765,47631,47287,2075,49362,259
2022-03-22,Shasta,089,179085,30504,30528,6081,36609,525
2022-03-22,Sierra,091,2930,271,273,48,321,4
2022-03-22,Siskiyou,093,43540,4424,4429,2712,7141,80
2022-03-22,Solano,095,438530,81317,81587,5541,87128,440
2022-03-22,Sonoma,097,501317,83222,83042,2583,85625,482
2022-03-22,Stanislaus,099,539301,117420,118025,17786,135811,1568
2022-03-22,Sutter,101,95872,20437,20525,2067,22592,218
2022-03-22,Tehama,103,63373,12027,12034,2565,14599,162
2022-03-22,Trinity,105,12862,1182,1174,287,1461,20
2022-03-22,Tulare,107,460477,106183,104431,27486,131917,1391
2022-03-22,Tuolumne,109,53932,12655,12628,557,13185,180
2022-03-22,Ventura,111,848112,172785,172590,9364,181954,1455
2022-03-22,Yolo,113,214977,36956,36184,2890,39074,308
2022-03-22,Yuba,115,75493,15800,15795,1181,16976,117
2022-03-21,Alameda,001,1643700,255501,254354,13493,267847,1799
2022-03-21,Alpine,003,1148,124,122,1,123,0
2022-03-21,Amador,005,37829,8516,8461,638,9099,85
2022-03-21,Butte,007,227075,33123,32895,7004,39899,385
2022-03-21,Calaveras,009,45235,7238,7237,347,7584,119
2022-03-21,Colusa,011,21464,3442,3445,1046,4491,21
2022-03-21,Contra Costa,013,1133247,191361,187509,13309,200818,1276
2022-03-21,Del Norte,015,27424,5785,5824,183,6007,50
2022-03-21,El Dorado,017,186661,26644,26610,3185,29795,199
2022-03-21,Fresno,019,978130,231593,229374,24068,253442,2707
2022-03-21,Glenn,021,27897,4987,4972,1596,6568,46
2022-03-21,Humboldt,023,135768,16840,16912,2930,19842,139
2022-03-21,Imperial,025,180216,55261,55133,10550,65683,908
2022-03-21,Inyo,027,18085,4063,4060,468,4528,56
2022-03-21,Kern,029,883053,191571,191184,45687,236871,2187
2022-03-21,Kings,031,150075,51376,51366,3508,54874,441
2022-03-21,Lake,033,64148,10681,10655,879,11534,135
2022-03-21,Lassen,035,31185,8949,8939,873,9812,63
2022-03-21,Los Angeles,037,10098052,2704746,2694711,122488,2817199,31218
2022-03-21,Madera,039,155013,37189,37288,6002,43290,354
2022-03-21,Marin,041,260295,33335,33242,2177,35419,287
2022-03-21,Mariposa,043,17540,2390,2383,198,2581,6
2022-03-21,Mendocino,045,87422,13024,13028,3000,16028,118
2022-03-21,Merced,047,269075,62375,62048,8674,70722,803
2022-03-21,Modoc,049,8938,731,734,248,982,7
2022-03-21,Mono,051,14174,2967,2962,122,3084,5
2022-03-21,Monterey,053,433212,79158,78572,13546,92118,724
2022-03-21,Napa,055,140530,25672,25684,930,26614,138
2022-03-21,Nevada,057,99092,15911,15963,1188,17151,123
2022-03-21,Orange,059,3164182,545393,544943,41199,586142,6841
2022-03-21,Placer,061,380077,62613,62550,7305,69855,610
2022-03-21,Plumas,063,18699,2966,2744,358,3102,13
2022-03-21,Riverside,065,2383286,590376,589707,27649,617356,6376
2022-03-21,Sacramento,067,1510023,280286,275334,26431,301765,2925
2022-03-21,San Benito,069,59416,12946,12872,512,13384,97
2022-03-21,San Bernardino,071,2135413,573246,560210,24847,585057,6807
2022-03-21,San Diego,073,3302833,749042,748833,52534,801367,5138
2022-03-21,San Francisco,075,870044,123883,123912,8159,132071,835
2022-03-21,San Joaquin,077,732212,166419,165939,9869,175808,2185
2022-03-21,San Luis Obispo,079,281455,52335,52219,3717,55936,463
2022-03-21,San Mateo,081,765935,121125,119899,6888,126787,684
2022-03-21,Santa Barbara,083,443738,85547,85416,4677,90093,672
2022-03-21,Santa Clara,085,1922200,313797,310509,12250,322759,2245
2022-03-21,Santa Cruz,087,273765,47595,47267,2074,49341,259
2022-03-21,Shasta,089,179085,30498,30523,6079,36602,525
2022-03-21,Sierra,091,2930,271,273,48,321,4
2022-03-21,Siskiyou,093,43540,4424,4426,2712,7138,80
2022-03-21,Solano,095,438530,81289,81399,5540,86939,441
2022-03-21,Sonoma,097,501317,83180,82979,2581,85560,482
2022-03-21,Stanislaus,099,539301,117387,118144,17784,135928,1571
2022-03-21,Sutter,101,95872,20434,20523,2055,22578,218
2022-03-21,Tehama,103,63373,12023,12030,2565,14595,160
2022-03-21,Trinity,105,12862,1182,1174,287,1461,20
2022-03-21,Tulare,107,460477,106163,104350,27481,131831,1389
2022-03-21,Tuolumne,109,53932,12655,12620,557,13177,180
2022-03-21,Ventura,111,848112,172715,172537,9360,181897,1452
2022-03-21,Yolo,113,214977,36940,36141,2888,39029,307
2022-03-21,Yuba,115,75493,15797,15790,1180,16970,117
2022-03-20,Alameda,001,1643700,255364,254293,13483,267776,1801
2022-03-20,Alpine,003,1148,122,122,1,123,0
2022-03-20,Amador,005,37829,8513,8460,638,9098,85
2022-03-20,Butte,007,227075,33108,32892,7000,39892,385
2022-03-20,Calaveras,009,45235,7238,7233,344,7577,119
2022-03-20,Colusa,011,21464,3442,3446,1046,4492,21
2022-03-20,Contra Costa,013,1133247,191258,187467,13299,200766,1276
2022-03-20,Del Norte,015,27424,5783,5821,183,6004,50
2022-03-20,El Dorado,017,186661,26636,26608,3185,29793,199
2022-03-20,Fresno,019,978130,231515,229297,24057,253354,2707
2022-03-20,Glenn,021,27897,4986,4972,1596,6568,46
2022-03-20,Humboldt,023,135768,16838,16913,2928,19841,139
2022-03-20,Imperial,025,180216,55250,55133,10549,65682,908
2022-03-20,Inyo,027,18085,4063,4060,468,4528,56
2022-03-20,Kern,029,883053,191529,191170,45682,236852,2187
2022-03-20,Kings,031,150075,51365,51360,3508,54868,441
2022-03-20,Lake,033,64148,10677,10652,879,11531,135
2022-03-20,Lassen,035,31185,8947,8938,873,9811,63
2022-03-20,Los Angeles,037,10098052,2703954,2694698,122445,2817143,31219
2022-03-20,Madera,039,155013,37184,37284,5999,43283,354
2022-03-20,Marin,041,260295,33319,33232,2176,35408,275
2022-03-20,Mariposa,043,17540,2390,2383,198,2581,6
2022-03-20,Mendocino,045,87422,13017,13027,2995,16022,118
2022-03-20,Merced,047,269075,62363,62041,8670,70711,803
2022-03-20,Modoc,049,8938,731,734,248,982,7
2022-03-20,Mono,051,14174,2965,2962,122,3084,5
2022-03-20,Monterey,053,433212,79125,78566,13535,92101,723
2022-03-20,Napa,055,140530,25660,25682,929,26611,138
2022-03-20,Nevada,057,99092,15907,15964,1188,17152,123
2022-03-20,Orange,059,3164182,545271,544862,41181,586043,6841
2022-03-20,Placer,061,380077,62592,62525,7305,69830,610
2022-03-20,Plumas,063,18699,2966,2744,358,3102,13
2022-03-20,Riverside,065,2383286,590279,589657,27645,617302,6376
2022-03-20,Sacramento,067,1510023,280204,275317,26419,301736,2927
2022-03-20,San Benito,069,59416,12946,12869,511,13380,97
2022-03-20,San Bernardino,071,2135413,573165,560220,24838,585058,6805
2022-03-20,San Diego,073,3302833,748806,748833,52500,801333,5138
2022-03-20,San Francisco,075,870044,123734,123858,8147,132005,835
2022-03-20,San Joaquin,077,732212,166386,165927,9864,175791,2185
2022-03-20,San Luis Obispo,079,281455,52311,52217,3714,55931,463
2022-03-20,San Mateo,081,765935,121065,119901,6882,126783,684
2022-03-20,Santa Barbara,083,443738,85522,85412,4676,90088,672
2022-03-20,Santa Clara,085,1922200,313589,310412,12242,322654,2243
2022-03-20,Santa Cruz,087,273765,47568,47265,2073,49338,259
2022-03-20,Shasta,089,179085,30488,30522,6078,36600,525
2022-03-20,Sierra,091,2930,271,273,48,321,4
2022-03-20,Siskiyou,093,43540,4423,4426,2712,7138,80
2022-03-20,Solano,095,438530,81259,81393,5538,86931,441
2022-03-20,Sonoma,097,501317,83137,82965,2580,85545,481
2022-03-20,Stanislaus,099,539301,117362,118146,17781,135927,1572
2022-03-20,Sutter,101,95872,20427,20519,2047,22566,218
2022-03-20,Tehama,103,63373,12021,12030,2565,14595,160
2022-03-20,Trinity,105,12862,1182,1174,287,1461,20
2022-03-20,Tulare,107,460477,106142,104353,27469,131822,1389
2022-03-20,Tuolumne,109,53932,12650,12617,557,13174,180
2022-03-20,Ventura,111,848112,172665,172514,9355,181869,1451
2022-03-20,Yolo,113,214977,36921,36135,2887,39022,307
2022-03-20,Yuba,115,75493,15788,15787,1178,16965,117
2022-03-19,Alameda,001,1643700,255287,253936,13481,267417,1797
2022-03-19,Alpine,003,1148,122,122,1,123,0
2022-03-19,Amador,005,37829,8510,8456,638,9094,85
2022-03-19,Butte,007,227075,33100,32856,7000,39856,385
2022-03-19,Calaveras,009,45235,7238,7229,344,7573,119
2022-03-19,Colusa,011,21464,3440,3445,1046,4491,21
2022-03-19,Contra Costa,013,1133247,191222,187225,13298,200523,1276
2022-03-19,Del Norte,015,27424,5780,5815,183,5998,48
2022-03-19,El Dorado,017,186661,26632,26618,3185,29803,199
2022-03-19,Fresno,019,978130,231492,228965,24056,253021,2694
2022-03-19,Glenn,021,27897,4986,4971,1596,6567,44
2022-03-19,Humboldt,023,135768,16832,16901,2928,19829,138
2022-03-19,Imperial,025,180216,55249,55038,10548,65586,898
2022-03-19,Inyo,027,18085,4063,4061,468,4529,56
2022-03-19,Kern,029,883053,191514,190943,45674,236617,2184
2022-03-19,Kings,031,150075,51360,51334,3508,54842,441
2022-03-19,Lake,033,64148,10677,10641,879,11520,135
2022-03-19,Lassen,035,31185,8947,8925,873,9798,63
2022-03-19,Los Angeles,037,10098052,2703578,2686759,122411,2809170,31133
2022-03-19,Madera,039,155013,37184,37273,5999,43272,354
2022-03-19,Marin,041,260295,33300,33163,2172,35335,272
2022-03-19,Mariposa,043,17540,2389,2378,198,2576,6
2022-03-19,Mendocino,045,87422,13017,13012,2995,16007,117
2022-03-19,Merced,047,269075,62358,61985,8668,70653,800
2022-03-19,Modoc,049,8938,731,734,248,982,7
2022-03-19,Mono,051,14174,2965,2961,122,3083,5
2022-03-19,Monterey,053,433212,79114,78483,13528,92011,720
2022-03-19,Napa,055,140530,25657,25654,929,26583,138
2022-03-19,Nevada,057,99092,15905,15960,1188,17148,123
2022-03-19,Orange,059,3164182,545200,543907,41165,585072,6817
2022-03-19,Placer,061,380077,62578,62483,7305,69788,605
2022-03-19,Plumas,063,18699,2966,2724,358,3082,13
2022-03-19,Riverside,065,2383286,590229,589017,27638,616655,6359
2022-03-19,Sacramento,067,1510023,280162,274855,26415,301270,2913
2022-03-19,San Benito,069,59416,12945,12859,511,13370,97
2022-03-19,San Bernardino,071,2135413,573119,559935,24836,584771,6778
2022-03-19,San Diego,073,3302833,748706,747344,52486,799830,5133
2022-03-19,San Francisco,075,870044,123664,123587,8145,131732,833
2022-03-19,San Joaquin,077,732212,166361,165765,9861,175626,2181
2022-03-19,San Luis Obispo,079,281455,52305,52174,3714,55888,463
2022-03-19,San Mateo,081,765935,121028,119782,6881,126663,667
2022-03-19,Santa Barbara,083,443738,85507,85336,4675,90011,671
2022-03-19,Santa Clara,085,1922200,313467,309918,12233,322151,2225
2022-03-19,Santa Cruz,087,273765,47560,47203,2069,49272,256
2022-03-19,Shasta,089,179085,30484,30495,6078,36573,525
2022-03-19,Sierra,091,2930,271,273,48,321,4
2022-03-19,Siskiyou,093,43540,4422,4422,2712,7134,76
2022-03-19,Solano,095,438530,81250,81340,5535,86875,441
2022-03-19,Sonoma,097,501317,83120,82838,2577,85415,472
2022-03-19,Stanislaus,099,539301,117352,118138,17779,135917,1568
2022-03-19,Sutter,101,95872,20424,20503,2047,22550,218
2022-03-19,Tehama,103,63373,12021,12007,2565,14572,160
2022-03-19,Trinity,105,12862,1182,1173,287,1460,20
2022-03-19,Tulare,107,460477,106133,104290,27464,131754,1384
2022-03-19,Tuolumne,109,53932,12649,12617,557,13174,180
2022-03-19,Ventura,111,848112,172634,172380,9354,181734,1451
2022-03-19,Yolo,113,214977,36912,36086,2887,38973,306
2022-03-19,Yuba,115,75493,15784,15768,1177,16945,117
2022-03-18,Alameda,001,1643700,255227,253936,13478,267414,1797
2022-03-18,Alpine,003,1148,122,122,1,123,0
2022-03-18,Amador,005,37829,8510,8456,638,9094,85
2022-03-18,Butte,007,227075,33095,32856,6997,39853,385
2022-03-18,Calaveras,009,45235,7238,7229,344,7573,119
2022-03-18,Colusa,011,21464,3440,3445,1046,4491,21
2022-03-18,Contra Costa,013,1133247,191190,187225,13296,200521,1276
2022-03-18,Del Norte,015,27424,5778,5815,183,5998,48
2022-03-18,El Dorado,017,186661,26627,26618,3183,29801,199
2022-03-18,Fresno,019,978130,231459,228965,24056,253021,2694
2022-03-18,Glenn,021,27897,4985,4971,1596,6567,44
2022-03-18,Humboldt,023,135768,16829,16901,2927,19828,138
2022-03-18,Imperial,025,180216,55247,55038,10548,65586,898
2022-03-18,Inyo,027,18085,4063,4061,468,4529,56
2022-03-18,Kern,029,883053,191503,190943,45671,236614,2184
2022-03-18,Kings,031,150075,51352,51334,3508,54842,441
2022-03-18,Lake,033,64148,10675,10641,878,11519,135
2022-03-18,Lassen,035,31185,8946,8925,873,9798,63
2022-03-18,Los Angeles,037,10098052,2703224,2686759,122385,2809144,31133
2022-03-18,Madera,039,155013,37179,37273,5999,43272,354
2022-03-18,Marin,041,260295,33286,33163,2172,35335,272
2022-03-18,Mariposa,043,17540,2388,2378,198,2576,6
2022-03-18,Mendocino,045,87422,13013,13012,2995,16007,117
2022-03-18,Merced,047,269075,62346,61985,8668,70653,800
2022-03-18,Modoc,049,8938,731,734,248,982,7
2022-03-18,Mono,051,14174,2964,2961,122,3083,5
2022-03-18,Monterey,053,433212,79096,78483,13526,92009,720
2022-03-18,Napa,055,140530,25654,25654,929,26583,138
2022-03-18,Nevada,057,99092,15902,15960,1187,17147,123
2022-03-18,Orange,059,3164182,545133,543907,41156,585063,6817
2022-03-18,Placer,061,380077,62569,62483,7305,69788,605
2022-03-18,Plumas,063,18699,2966,2724,358,3082,13
2022-03-18,Riverside,065,2383286,590169,589017,27634,616651,6359
2022-03-18,Sacramento,067,1510023,280126,274855,26411,301266,2913
2022-03-18,San Benito,069,59416,12943,12859,511,13370,97
2022-03-18,San Bernardino,071,2135413,573081,559935,24834,584769,6778
2022-03-18,San Diego,073,3302833,748598,747344,52471,799815,5133
2022-03-18,San Francisco,075,870044,123584,123587,8140,131727,833
2022-03-18,San Joaquin,077,732212,166346,165765,9856,175621,2181
2022-03-18,San Luis Obispo,079,281455,52298,52174,3714,55888,463
2022-03-18,San Mateo,081,765935,120993,119782,6878,126660,667
2022-03-18,Santa Barbara,083,443738,85497,85336,4674,90010,671
2022-03-18,Santa Clara,085,1922200,313360,309918,12230,322148,2225
2022-03-18,Santa Cruz,087,273765,47548,47203,2068,49271,256
2022-03-18,Shasta,089,179085,30483,30495,6078,36573,525
2022-03-18,Sierra,091,2930,271,273,48,321,4
2022-03-18,Siskiyou,093,43540,4422,4422,2712,7134,76
2022-03-18,Solano,095,438530,81239,81340,5529,86869,441
2022-03-18,Sonoma,097,501317,83099,82838,2576,85414,472
2022-03-18,Stanislaus,099,539301,117339,118138,17779,135917,1568
2022-03-18,Sutter,101,95872,20421,20503,2047,22550,218
2022-03-18,Tehama,103,63373,12020,12007,2565,14572,160
2022-03-18,Trinity,105,12862,1182,1173,287,1460,20
2022-03-18,Tulare,107,460477,106127,104290,27459,131749,1384
2022-03-18,Tuolumne,109,53932,12648,12617,557,13174,180
2022-03-18,Ventura,111,848112,172614,172380,9349,181729,1451
2022-03-18,Yolo,113,214977,36901,36086,2887,38973,306
2022-03-18,Yuba,115,75493,15782,15768,1177,16945,117
2022-03-17,Alameda,001,1643700,255128,253936,13472,267408,1797
2022-03-17,Alpine,003,1148,122,122,1,123,0
2022-03-17,Amador,005,37829,8503,8456,638,9094,85
2022-03-17,Butte,007,227075,33082,32856,6995,39851,385
2022-03-17,Calaveras,009,45235,7235,7229,344,7573,119
2022-03-17,Colusa,011,21464,3440,3445,1046,4491,21
2022-03-17,Contra Costa,013,1133247,191126,187225,13285,200510,1276
2022-03-17,Del Norte,015,27424,5776,5815,183,5998,48
2022-03-17,El Dorado,017,186661,26621,26618,3183,29801,199
2022-03-17,Fresno,019,978130,231410,228965,24053,253018,2694
2022-03-17,Glenn,021,27897,4985,4971,1596,6567,44
2022-03-17,Humboldt,023,135768,16825,16901,2925,19826,138
2022-03-17,Imperial,025,180216,55236,55038,10548,65586,898
2022-03-17,Inyo,027,18085,4063,4061,468,4529,56
2022-03-17,Kern,029,883053,191472,190943,45668,236611,2184
2022-03-17,Kings,031,150075,51349,51334,3507,54841,441
2022-03-17,Lake,033,64148,10672,10641,878,11519,135
2022-03-17,Lassen,035,31185,8944,8925,873,9798,63
2022-03-17,Los Angeles,037,10098052,2702566,2686759,122350,2809109,31133
2022-03-17,Madera,039,155013,37175,37273,5999,43272,354
2022-03-17,Marin,041,260295,33274,33163,2171,35334,272
2022-03-17,Mariposa,043,17540,2388,2378,198,2576,6
2022-03-17,Mendocino,045,87422,13009,13012,2992,16004,117
2022-03-17,Merced,047,269075,62340,61985,8665,70650,800
2022-03-17,Modoc,049,8938,731,734,248,982,7
2022-03-17,Mono,051,14174,2964,2961,121,3082,5
2022-03-17,Monterey,053,433212,79073,78483,13520,92003,720
2022-03-17,Napa,055,140530,25649,25654,929,26583,138
2022-03-17,Nevada,057,99092,15899,15960,1187,17147,123
2022-03-17,Orange,059,3164182,545039,543907,41146,585053,6817
2022-03-17,Placer,061,380077,62553,62483,7303,69786,605
2022-03-17,Plumas,063,18699,2965,2724,358,3082,13
2022-03-17,Riverside,065,2383286,590089,589017,27627,616644,6359
2022-03-17,Sacramento,067,1510023,280060,274855,26405,301260,2913
2022-03-17,San Benito,069,59416,12942,12859,511,13370,97
2022-03-17,San Bernardino,071,2135413,573017,559935,24831,584766,6778
2022-03-17,San Diego,073,3302833,748423,747344,52455,799799,5133
2022-03-17,San Francisco,075,870044,123504,123587,8135,131722,833
2022-03-17,San Joaquin,077,732212,166326,165765,9854,175619,2181
2022-03-17,San Luis Obispo,079,281455,52284,52174,3712,55886,463
2022-03-17,San Mateo,081,765935,120945,119782,6874,126656,667
2022-03-17,Santa Barbara,083,443738,85481,85336,4674,90010,671
2022-03-17,Santa Clara,085,1922200,313239,309918,12226,322144,2225
2022-03-17,Santa Cruz,087,273765,47532,47203,2066,49269,256
2022-03-17,Shasta,089,179085,30479,30495,6076,36571,525
2022-03-17,Sierra,091,2930,271,273,48,321,4
2022-03-17,Siskiyou,093,43540,4422,4422,2712,7134,76
2022-03-17,Solano,095,438530,81210,81340,5525,86865,441
2022-03-17,Sonoma,097,501317,83071,82838,2574,85412,472
2022-03-17,Stanislaus,099,539301,117325,118138,17774,135912,1568
2022-03-17,Sutter,101,95872,20411,20503,2036,22539,218
2022-03-17,Tehama,103,63373,12020,12007,2565,14572,160
2022-03-17,Trinity,105,12862,1182,1173,287,1460,20
2022-03-17,Tulare,107,460477,106111,104290,27449,131739,1384
2022-03-17,Tuolumne,109,53932,12646,12617,556,13173,180
2022-03-17,Ventura,111,848112,172565,172380,9347,181727,1451
2022-03-17,Yolo,113,214977,36887,36086,2887,38973,306
2022-03-17,Yuba,115,75493,15780,15768,1176,16944,117
2022-03-16,Alameda,001,1643700,255027,253792,13469,267261,1794
2022-03-16,Alpine,003,1148,122,122,1,123,0
2022-03-16,Amador,005,37829,8495,8449,638,9087,85
2022-03-16,Butte,007,227075,33071,32837,6990,39827,385
2022-03-16,Calaveras,009,45235,7233,7229,344,7573,120
2022-03-16,Colusa,011,21464,3440,3445,1046,4491,22
2022-03-16,Contra Costa,013,1133247,191068,187100,13274,200374,1266
2022-03-16,Del Norte,015,27424,5775,5811,181,5992,48
2022-03-16,El Dorado,017,186661,26608,26602,3182,29784,199
2022-03-16,Fresno,019,978130,231363,228786,24042,252828,2689
2022-03-16,Glenn,021,27897,4984,4969,1596,6565,44
2022-03-16,Humboldt,023,135768,16822,16893,2925,19818,138
2022-03-16,Imperial,025,180216,55224,55002,10547,65549,897
2022-03-16,Inyo,027,18085,4062,4061,468,4529,56
2022-03-16,Kern,029,883053,191429,190835,45661,236496,2170
2022-03-16,Kings,031,150075,51334,51321,3507,54828,437
2022-03-16,Lake,033,64148,10670,10633,877,11510,133
2022-03-16,Lassen,035,31185,8941,8924,873,9797,62
2022-03-16,Los Angeles,037,10098052,2701935,2685789,122310,2808099,31102
2022-03-16,Madera,039,155013,37165,37262,5998,43260,354
2022-03-16,Marin,041,260295,33253,33136,2169,35305,272
2022-03-16,Mariposa,043,17540,2386,2376,198,2574,6
2022-03-16,Mendocino,045,87422,13006,13011,2991,16002,117
2022-03-16,Merced,047,269075,62324,61959,8661,70620,798
2022-03-16,Modoc,049,8938,730,734,248,982,7
2022-03-16,Mono,051,14174,2964,2960,121,3081,5
2022-03-16,Monterey,053,433212,79051,78416,13515,91931,720
2022-03-16,Napa,055,140530,25640,25638,929,26567,138
2022-03-16,Nevada,057,99092,15897,15960,1187,17147,123
2022-03-16,Orange,059,3164182,544916,543326,41123,584449,6791
2022-03-16,Placer,061,380077,62537,62435,7301,69736,605
2022-03-16,Plumas,063,18699,2965,2723,358,3081,13
2022-03-16,Riverside,065,2383286,589993,588761,27624,616385,6351
2022-03-16,Sacramento,067,1510023,279993,274709,26398,301107,2910
2022-03-16,San Benito,069,59416,12937,12854,511,13365,97
2022-03-16,San Bernardino,071,2135413,572936,559746,24824,584570,6775
2022-03-16,San Diego,073,3302833,748218,746970,52431,799401,5126
2022-03-16,San Francisco,075,870044,123404,123446,8128,131574,831
2022-03-16,San Joaquin,077,732212,166279,165703,9851,175554,2169
2022-03-16,San Luis Obispo,079,281455,52266,52132,3708,55840,462
2022-03-16,San Mateo,081,765935,120882,119680,6866,126546,660
2022-03-16,Santa Barbara,083,443738,85448,85322,4670,89992,670
2022-03-16,Santa Clara,085,1922200,313053,309689,12211,321900,2224
2022-03-16,Santa Cruz,087,273765,47503,47161,2066,49227,255
2022-03-16,Shasta,089,179085,30470,30489,6072,36561,527
2022-03-16,Sierra,091,2930,271,273,48,321,4
2022-03-16,Siskiyou,093,43540,4420,4419,2710,7129,76
2022-03-16,Solano,095,438530,81187,81277,5523,86800,440
2022-03-16,Sonoma,097,501317,83027,82791,2565,85356,472
2022-03-16,Stanislaus,099,539301,117299,118072,17772,135844,1567
2022-03-16,Sutter,101,95872,20409,20494,2035,22529,218
2022-03-16,Tehama,103,63373,12018,11999,2565,14564,160
2022-03-16,Trinity,105,12862,1182,1173,287,1460,20
2022-03-16,Tulare,107,460477,106098,104217,27443,131660,1377
2022-03-16,Tuolumne,109,53932,12641,12610,556,13166,180
2022-03-16,Ventura,111,848112,172524,172212,9343,181555,1451
2022-03-16,Yolo,113,214977,36864,36079,2886,38965,307
2022-03-16,Yuba,115,75493,15775,15758,1176,16934,117
2022-03-15,Alameda,001,1643700,254893,253694,13460,267154,1793
2022-03-15,Alpine,003,1148,122,122,1,123,0
2022-03-15,Amador,005,37829,8492,8448,638,9086,85
2022-03-15,Butte,007,227075,33058,32822,6989,39811,385
2022-03-15,Calaveras,009,45235,7231,7236,344,7580,118
2022-03-15,Colusa,011,21464,3440,3445,1046,4491,21
2022-03-15,Contra Costa,013,1133247,190987,187021,13267,200288,1265
2022-03-15,Del Norte,015,27424,5772,5806,178,5984,48
2022-03-15,El Dorado,017,186661,26605,26596,3182,29778,199
2022-03-15,Fresno,019,978130,231320,228631,24033,252664,2689
2022-03-15,Glenn,021,27897,4982,4966,1596,6562,44
2022-03-15,Humboldt,023,135768,16816,16889,2924,19813,138
2022-03-15,Imperial,025,180216,55213,54981,10543,65524,896
2022-03-15,Inyo,027,18085,4062,4062,467,4529,56
2022-03-15,Kern,029,883053,191400,190645,45651,236296,2168
2022-03-15,Kings,031,150075,51315,51317,3503,54820,437
2022-03-15,Lake,033,64148,10666,10631,877,11508,131
2022-03-15,Lassen,035,31185,8939,8926,873,9799,62
2022-03-15,Los Angeles,037,10098052,2701248,2685071,122253,2807324,31077
2022-03-15,Madera,039,155013,37156,37258,5997,43255,354
2022-03-15,Marin,041,260295,33230,33111,2168,35279,272
2022-03-15,Mariposa,043,17540,2384,2377,198,2575,6
2022-03-15,Mendocino,045,87422,13001,13005,2990,15995,117
2022-03-15,Merced,047,269075,62307,61916,8652,70568,798
2022-03-15,Modoc,049,8938,730,733,248,981,7
2022-03-15,Mono,051,14174,2964,2961,121,3082,5
2022-03-15,Monterey,053,433212,79021,78400,13507,91907,718
2022-03-15,Napa,055,140530,25632,25657,927,26584,138
2022-03-15,Nevada,057,99092,15895,15960,1185,17145,123
2022-03-15,Orange,059,3164182,544777,543197,41116,584313,6780
2022-03-15,Placer,061,380077,62520,62398,7297,69695,604
2022-03-15,Plumas,063,18699,2964,2722,358,3080,13
2022-03-15,Riverside,065,2383286,589894,588622,27616,616238,6333
2022-03-15,Sacramento,067,1510023,279907,274633,26392,301025,2907
2022-03-15,San Benito,069,59416,12932,12849,511,13360,95
2022-03-15,San Bernardino,071,2135413,572860,559605,24821,584426,6770
2022-03-15,San Diego,073,3302833,747975,746474,52409,798883,5116
2022-03-15,San Francisco,075,870044,123287,123526,8119,131645,831
2022-03-15,San Joaquin,077,732212,166236,165664,9845,175509,2161
2022-03-15,San Luis Obispo,079,281455,52256,52060,3704,55764,458
2022-03-15,San Mateo,081,765935,120831,119586,6860,126446,649
2022-03-15,Santa Barbara,083,443738,85423,85353,4666,90019,668
2022-03-15,Santa Clara,085,1922200,312889,309535,12200,321735,2224
2022-03-15,Santa Cruz,087,273765,47450,47117,2066,49183,255
2022-03-15,Shasta,089,179085,30461,30476,6069,36545,524
2022-03-15,Sierra,091,2930,271,273,48,321,4
2022-03-15,Siskiyou,093,43540,4420,4420,2710,7130,76
2022-03-15,Solano,095,438530,81151,81260,5522,86782,440
2022-03-15,Sonoma,097,501317,82987,82737,2565,85302,472
2022-03-15,Stanislaus,099,539301,117281,118085,17769,135854,1567
2022-03-15,Sutter,101,95872,20406,20480,2026,22506,217
2022-03-15,Tehama,103,63373,12015,11997,2565,14562,160
2022-03-15,Trinity,105,12862,1182,1173,287,1460,20
2022-03-15,Tulare,107,460477,106079,104153,27431,131584,1375
2022-03-15,Tuolumne,109,53932,12637,12602,556,13158,180
2022-03-15,Ventura,111,848112,172479,172150,9340,181490,1451
2022-03-15,Yolo,113,214977,36849,36079,2882,38961,308
2022-03-15,Yuba,115,75493,15767,15756,1176,16932,116
2022-03-14,Alameda,001,1643700,254782,253629,13456,267085,1791
2022-03-14,Alpine,003,1148,122,122,1,123,0
2022-03-14,Amador,005,37829,8487,8448,638,9086,85
2022-03-14,Butte,007,227075,33042,32812,6989,39801,385
2022-03-14,Calaveras,009,45235,7230,7245,344,7589,118
2022-03-14,Colusa,011,21464,3439,3445,1046,4491,21
2022-03-14,Contra Costa,013,1133247,190895,186969,13259,200228,1265
2022-03-14,Del Norte,015,27424,5766,5807,178,5985,48
2022-03-14,El Dorado,017,186661,26600,26570,3182,29752,199
2022-03-14,Fresno,019,978130,231246,228470,24023,252493,2682
2022-03-14,Glenn,021,27897,4980,4966,1596,6562,44
2022-03-14,Humboldt,023,135768,16809,16890,2922,19812,137
2022-03-14,Imperial,025,180216,55202,54933,10542,65475,897
2022-03-14,Inyo,027,18085,4062,4062,467,4529,56
2022-03-14,Kern,029,883053,191365,190526,45640,236166,2166
2022-03-14,Kings,031,150075,51297,51293,3502,54795,437
2022-03-14,Lake,033,64148,10663,10631,877,11508,131
2022-03-14,Lassen,035,31185,8939,8927,872,9799,62
2022-03-14,Los Angeles,037,10098052,2700617,2683369,122188,2805557,31034
2022-03-14,Madera,039,155013,37149,37255,5996,43251,354
2022-03-14,Marin,041,260295,33202,33099,2168,35267,272
2022-03-14,Mariposa,043,17540,2383,2376,198,2574,6
2022-03-14,Mendocino,045,87422,12996,12992,2983,15975,117
2022-03-14,Merced,047,269075,62288,61905,8650,70555,795
2022-03-14,Modoc,049,8938,729,731,248,979,7
2022-03-14,Mono,051,14174,2963,2961,121,3082,5
2022-03-14,Monterey,053,433212,79006,78376,13471,91847,718
2022-03-14,Napa,055,140530,25618,25649,927,26576,138
2022-03-14,Nevada,057,99092,15893,15954,1185,17139,123
2022-03-14,Orange,059,3164182,544639,543099,41102,584201,6775
2022-03-14,Placer,061,380077,62502,62389,7295,69684,601
2022-03-14,Plumas,063,18699,2964,2711,358,3069,13
2022-03-14,Riverside,065,2383286,589759,588531,27606,616137,6332
2022-03-14,Sacramento,067,1510023,279825,274682,26387,301069,2899
2022-03-14,San Benito,069,59416,12927,12846,511,13357,95
2022-03-14,San Bernardino,071,2135413,572773,559505,24816,584321,6767
2022-03-14,San Diego,073,3302833,747672,745515,52380,797895,5108
2022-03-14,San Francisco,075,870044,123195,123575,8112,131687,824
2022-03-14,San Joaquin,077,732212,166197,165662,9844,175506,2142
2022-03-14,San Luis Obispo,079,281455,52228,52046,3701,55747,458
2022-03-14,San Mateo,081,765935,120758,119564,6858,126422,649
2022-03-14,Santa Barbara,083,443738,85386,85396,4665,90061,667
2022-03-14,Santa Clara,085,1922200,312699,309600,12197,321797,2223
2022-03-14,Santa Cruz,087,273765,47412,47107,2064,49171,255
2022-03-14,Shasta,089,179085,30456,30462,6066,36528,520
2022-03-14,Sierra,091,2930,271,273,48,321,4
2022-03-14,Siskiyou,093,43540,4415,4419,2709,7128,76
2022-03-14,Solano,095,438530,81102,81233,5517,86750,440
2022-03-14,Sonoma,097,501317,82951,82731,2561,85292,473
2022-03-14,Stanislaus,099,539301,117245,118088,17765,135853,1567
2022-03-14,Sutter,101,95872,20399,20478,2026,22504,217
2022-03-14,Tehama,103,63373,12013,11996,2565,14561,160
2022-03-14,Trinity,105,12862,1182,1172,287,1459,20
2022-03-14,Tulare,107,460477,106051,104121,27424,131545,1365
2022-03-14,Tuolumne,109,53932,12636,12567,555,13122,180
2022-03-14,Ventura,111,848112,172426,172107,9338,181445,1442
2022-03-14,Yolo,113,214977,36833,36059,2880,38939,308
2022-03-14,Yuba,115,75493,15755,15748,1176,16924,116
2022-03-13,Alameda,001,1643700,254659,253547,13448,266995,1792
2022-03-13,Alpine,003,1148,122,122,1,123,0
2022-03-13,Amador,005,37829,8485,8444,638,9082,85
2022-03-13,Butte,007,227075,33023,32806,6986,39792,384
2022-03-13,Calaveras,009,45235,7225,7253,344,7597,118
2022-03-13,Colusa,011,21464,3439,3444,1044,4488,21
2022-03-13,Contra Costa,013,1133247,190797,186911,13246,200157,1265
2022-03-13,Del Norte,015,27424,5762,5808,178,5986,48
2022-03-13,El Dorado,017,186661,26595,26563,3181,29744,199
2022-03-13,Fresno,019,978130,231164,228421,24009,252430,2683
2022-03-13,Glenn,021,27897,4977,4966,1595,6561,44
2022-03-13,Humboldt,023,135768,16801,16883,2922,19805,137
2022-03-13,Imperial,025,180216,55191,54934,10540,65474,897
2022-03-13,Inyo,027,18085,4062,4062,466,4528,56
2022-03-13,Kern,029,883053,191311,190495,45628,236123,2166
2022-03-13,Kings,031,150075,51289,51273,3502,54775,437
2022-03-13,Lake,033,64148,10660,10626,877,11503,131
2022-03-13,Lassen,035,31185,8938,8929,871,9800,62
2022-03-13,Los Angeles,037,10098052,2699894,2683351,122146,2805497,31034
2022-03-13,Madera,039,155013,37141,37248,5996,43244,354
2022-03-13,Marin,041,260295,33178,33083,2166,35249,272
2022-03-13,Mariposa,043,17540,2381,2376,198,2574,6
2022-03-13,Mendocino,045,87422,12990,12987,2978,15965,117
2022-03-13,Merced,047,269075,62266,61895,8640,70535,795
2022-03-13,Modoc,049,8938,729,731,248,979,7
2022-03-13,Mono,051,14174,2963,2961,121,3082,5
2022-03-13,Monterey,053,433212,78970,78366,13423,91789,718
2022-03-13,Napa,055,140530,25604,25639,926,26565,138
2022-03-13,Nevada,057,99092,15886,15959,1185,17144,123
2022-03-13,Orange,059,3164182,544519,543036,41078,584114,6774
2022-03-13,Placer,061,380077,62474,62372,7292,69664,601
2022-03-13,Plumas,063,18699,2964,2711,358,3069,13
2022-03-13,Riverside,065,2383286,589626,588487,27600,616087,6332
2022-03-13,Sacramento,067,1510023,279716,274715,26374,301089,2899
2022-03-13,San Benito,069,59416,12921,12844,509,13353,95
2022-03-13,San Bernardino,071,2135413,572683,559450,24806,584256,6767
2022-03-13,San Diego,073,3302833,747331,745515,52346,797861,5108
2022-03-13,San Francisco,075,870044,123074,123622,8106,131728,824
2022-03-13,San Joaquin,077,732212,166147,165641,9842,175483,2142
2022-03-13,San Luis Obispo,079,281455,52198,52040,3699,55739,458
2022-03-13,San Mateo,081,765935,120680,119521,6849,126370,649
2022-03-13,Santa Barbara,083,443738,85346,85453,4663,90116,667
2022-03-13,Santa Clara,085,1922200,312510,309493,12189,321682,2225
2022-03-13,Santa Cruz,087,273765,47360,47087,2064,49151,255
2022-03-13,Shasta,089,179085,30439,30457,6064,36521,520
2022-03-13,Sierra,091,2930,271,273,48,321,4
2022-03-13,Siskiyou,093,43540,4415,4418,2709,7127,76
2022-03-13,Solano,095,438530,81066,81217,5512,86729,440
2022-03-13,Sonoma,097,501317,82917,82711,2557,85268,473
2022-03-13,Stanislaus,099,539301,117212,118075,17760,135835,1567
2022-03-13,Sutter,101,95872,20395,20474,2026,22500,217
2022-03-13,Tehama,103,63373,12012,11997,2564,14561,160
2022-03-13,Trinity,105,12862,1182,1172,287,1459,20
2022-03-13,Tulare,107,460477,106018,104119,27416,131535,1365
2022-03-13,Tuolumne,109,53932,12633,12565,555,13120,180
2022-03-13,Ventura,111,848112,172368,172080,9331,181411,1442
2022-03-13,Yolo,113,214977,36814,36019,2878,38897,308
2022-03-13,Yuba,115,75493,15750,15741,1176,16917,116
2022-03-12,Alameda,001,1643700,254591,253079,13443,266522,1783
2022-03-12,Alpine,003,1148,122,122,1,123,0
2022-03-12,Amador,005,37829,8481,8427,638,9065,84
2022-03-12,Butte,007,227075,33018,32774,6984,39758,380
2022-03-12,Calaveras,009,45235,7224,7253,344,7597,118
2022-03-12,Colusa,011,21464,3439,3440,1044,4484,21
2022-03-12,Contra Costa,013,1133247,190755,186618,13245,199863,1256
2022-03-12,Del Norte,015,27424,5761,5791,178,5969,48
2022-03-12,El Dorado,017,186661,26591,26538,3181,29719,199
2022-03-12,Fresno,019,978130,231142,228041,24009,252050,2653
2022-03-12,Glenn,021,27897,4977,4955,1595,6550,44
2022-03-12,Humboldt,023,135768,16797,16862,2921,19783,137
2022-03-12,Imperial,025,180216,55186,54837,10537,65374,896
2022-03-12,Inyo,027,18085,4062,4056,466,4522,56
2022-03-12,Kern,029,883053,191294,190330,45623,235953,2162
2022-03-12,Kings,031,150075,51283,51145,3502,54647,436
2022-03-12,Lake,033,64148,10658,10594,876,11470,131
2022-03-12,Lassen,035,31185,8937,8915,871,9786,62
2022-03-12,Los Angeles,037,10098052,2699568,2678858,122125,2800983,30901
2022-03-12,Madera,039,155013,37136,37223,5996,43219,354
2022-03-12,Marin,041,260295,33153,33015,2165,35180,272
2022-03-12,Mariposa,043,17540,2381,2372,198,2570,6
2022-03-12,Mendocino,045,87422,12986,12965,2978,15943,117
2022-03-12,Merced,047,269075,62259,61840,8638,70478,795
2022-03-12,Modoc,049,8938,729,730,248,978,7
2022-03-12,Mono,051,14174,2963,2960,120,3080,5
2022-03-12,Monterey,053,433212,78963,78285,13421,91706,716
2022-03-12,Napa,055,140530,25594,25584,925,26509,138
2022-03-12,Nevada,057,99092,15880,15947,1185,17132,123
2022-03-12,Orange,059,3164182,544455,542354,41069,583423,6718
2022-03-12,Placer,061,380077,62465,62282,7292,69574,598
2022-03-12,Plumas,063,18699,2964,2707,358,3065,13
2022-03-12,Riverside,065,2383286,589561,588022,27595,615617,6317
2022-03-12,Sacramento,067,1510023,279676,274519,26370,300889,2886
2022-03-12,San Benito,069,59416,12918,12868,509,13377,95
2022-03-12,San Bernardino,071,2135413,572635,559013,24805,583818,6734
2022-03-12,San Diego,073,3302833,747209,744386,52324,796710,5090
2022-03-12,San Francisco,075,870044,123009,123610,8100,131710,823
2022-03-12,San Joaquin,077,732212,166126,165516,9839,175355,2117
2022-03-12,San Luis Obispo,079,281455,52189,51947,3696,55643,457
2022-03-12,San Mateo,081,765935,120644,119288,6848,126136,641
2022-03-12,Santa Barbara,083,443738,85327,85421,4663,90084,664
2022-03-12,Santa Clara,085,1922200,312405,308989,12184,321173,2208
2022-03-12,Santa Cruz,087,273765,47347,46982,2063,49045,254
2022-03-12,Shasta,089,179085,30427,30419,6062,36481,517
2022-03-12,Sierra,091,2930,271,273,48,321,4
2022-03-12,Siskiyou,093,43540,4415,4405,2709,7114,75
2022-03-12,Solano,095,438530,81052,81058,5512,86570,436
2022-03-12,Sonoma,097,501317,82900,82622,2555,85177,473
2022-03-12,Stanislaus,099,539301,117198,117884,17759,135643,1564
2022-03-12,Sutter,101,95872,20394,20429,2026,22455,217
2022-03-12,Tehama,103,63373,12012,11983,2564,14547,159
2022-03-12,Trinity,105,12862,1181,1172,287,1459,20
2022-03-12,Tulare,107,460477,106013,103994,27412,131406,1358
2022-03-12,Tuolumne,109,53932,12632,12476,555,13031,180
2022-03-12,Ventura,111,848112,172343,171932,9330,181262,1442
2022-03-12,Yolo,113,214977,36807,35982,2876,38858,308
2022-03-12,Yuba,115,75493,15750,15722,1176,16898,116
2022-03-11,Alameda,001,1643700,254526,253079,13443,266522,1783
2022-03-11,Alpine,003,1148,122,122,1,123,0
2022-03-11,Amador,005,37829,8479,8427,638,9065,84
2022-03-11,Butte,007,227075,33014,32774,6983,39757,380
2022-03-11,Calaveras,009,45235,7224,7253,344,7597,118
2022-03-11,Colusa,011,21464,3439,3440,1044,4484,21
2022-03-11,Contra Costa,013,1133247,190707,186618,13243,199861,1256
2022-03-11,Del Norte,015,27424,5757,5791,178,5969,48
2022-03-11,El Dorado,017,186661,26587,26538,3181,29719,199
2022-03-11,Fresno,019,978130,231087,228041,24005,252046,2653
2022-03-11,Glenn,021,27897,4977,4955,1595,6550,44
2022-03-11,Humboldt,023,135768,16792,16862,2920,19782,137
2022-03-11,Imperial,025,180216,55180,54837,10536,65373,896
2022-03-11,Inyo,027,18085,4062,4056,466,4522,56
2022-03-11,Kern,029,883053,191272,190330,45618,235948,2162
2022-03-11,Kings,031,150075,51264,51145,3502,54647,436
2022-03-11,Lake,033,64148,10654,10594,876,11470,131
2022-03-11,Lassen,035,31185,8936,8915,871,9786,62
2022-03-11,Los Angeles,037,10098052,2699247,2678858,122097,2800955,30901
2022-03-11,Madera,039,155013,37131,37223,5996,43219,354
2022-03-11,Marin,041,260295,33137,33015,2164,35179,272
2022-03-11,Mariposa,043,17540,2380,2372,198,2570,6
2022-03-11,Mendocino,045,87422,12980,12965,2978,15943,117
2022-03-11,Merced,047,269075,62252,61840,8636,70476,795
2022-03-11,Modoc,049,8938,729,730,248,978,7
2022-03-11,Mono,051,14174,2962,2960,120,3080,5
2022-03-11,Monterey,053,433212,78950,78285,13414,91699,716
2022-03-11,Napa,055,140530,25583,25584,925,26509,138
2022-03-11,Nevada,057,99092,15877,15947,1185,17132,123
2022-03-11,Orange,059,3164182,544386,542354,41055,583409,6718
2022-03-11,Placer,061,380077,62454,62282,7291,69573,598
2022-03-11,Plumas,063,18699,2962,2707,358,3065,13
2022-03-11,Riverside,065,2383286,589484,588022,27591,615613,6317
2022-03-11,Sacramento,067,1510023,279606,274519,26368,300887,2886
2022-03-11,San Benito,069,59416,12917,12868,509,13377,95
2022-03-11,San Bernardino,071,2135413,572578,559013,24800,583813,6734
2022-03-11,San Diego,073,3302833,747043,744386,52310,796696,5090
2022-03-11,San Francisco,075,870044,122953,123610,8096,131706,823
2022-03-11,San Joaquin,077,732212,166088,165516,9836,175352,2117
2022-03-11,San Luis Obispo,079,281455,52181,51947,3695,55642,457
2022-03-11,San Mateo,081,765935,120595,119288,6845,126133,641
2022-03-11,Santa Barbara,083,443738,85307,85421,4662,90083,664
2022-03-11,Santa Clara,085,1922200,312268,308989,12181,321170,2208
2022-03-11,Santa Cruz,087,273765,47332,46982,2063,49045,254
2022-03-11,Shasta,089,179085,30422,30419,6059,36478,517
2022-03-11,Sierra,091,2930,271,273,48,321,4
2022-03-11,Siskiyou,093,43540,4415,4405,2707,7112,75
2022-03-11,Solano,095,438530,81038,81058,5511,86569,436
2022-03-11,Sonoma,097,501317,82874,82622,2553,85175,473
2022-03-11,Stanislaus,099,539301,117184,117884,17757,135641,1564
2022-03-11,Sutter,101,95872,20392,20429,2026,22455,217
2022-03-11,Tehama,103,63373,12010,11983,2564,14547,159
2022-03-11,Trinity,105,12862,1181,1172,287,1459,20
2022-03-11,Tulare,107,460477,105999,103994,27406,131400,1358
2022-03-11,Tuolumne,109,53932,12630,12476,555,13031,180
2022-03-11,Ventura,111,848112,172307,171932,9325,181257,1442
2022-03-11,Yolo,113,214977,36796,35982,2876,38858,308
2022-03-11,Yuba,115,75493,15747,15722,1176,16898,116
2022-03-10,Alameda,001,1643700,254402,253079,13439,266518,1783
2022-03-10,Alpine,003,1148,122,122,1,123,0
2022-03-10,Amador,005,37829,8478,8427,638,9065,84
2022-03-10,Butte,007,227075,32998,32774,6981,39755,380
2022-03-10,Calaveras,009,45235,7223,7253,343,7596,118
2022-03-10,Colusa,011,21464,3439,3440,1044,4484,21
2022-03-10,Contra Costa,013,1133247,190623,186618,13233,199851,1256
2022-03-10,Del Norte,015,27424,5748,5791,178,5969,48
2022-03-10,El Dorado,017,186661,26575,26538,3180,29718,199
2022-03-10,Fresno,019,978130,231011,228041,23995,252036,2653
2022-03-10,Glenn,021,27897,4974,4955,1595,6550,44
2022-03-10,Humboldt,023,135768,16783,16862,2919,19781,137
2022-03-10,Imperial,025,180216,55170,54837,10535,65372,896
2022-03-10,Inyo,027,18085,4061,4056,466,4522,56
2022-03-10,Kern,029,883053,191239,190330,45604,235934,2162
2022-03-10,Kings,031,150075,51235,51145,3501,54646,436
2022-03-10,Lake,033,64148,10644,10594,875,11469,131
2022-03-10,Lassen,035,31185,8936,8915,871,9786,62
2022-03-10,Los Angeles,037,10098052,2698695,2678858,122056,2800914,30901
2022-03-10,Madera,039,155013,37125,37223,5989,43212,354
2022-03-10,Marin,041,260295,33124,33015,2160,35175,272
2022-03-10,Mariposa,043,17540,2380,2372,198,2570,6
2022-03-10,Mendocino,045,87422,12977,12965,2978,15943,117
2022-03-10,Merced,047,269075,62232,61840,8631,70471,795
2022-03-10,Modoc,049,8938,728,730,248,978,7
2022-03-10,Mono,051,14174,2962,2960,120,3080,5
2022-03-10,Monterey,053,433212,78927,78285,13389,91674,716
2022-03-10,Napa,055,140530,25574,25584,924,26508,138
2022-03-10,Nevada,057,99092,15870,15947,1185,17132,123
2022-03-10,Orange,059,3164182,544265,542354,41037,583391,6718
2022-03-10,Placer,061,380077,62432,62282,7286,69568,598
2022-03-10,Plumas,063,18699,2961,2707,358,3065,13
2022-03-10,Riverside,065,2383286,589369,588022,27586,615608,6317
2022-03-10,Sacramento,067,1510023,279529,274519,26362,300881,2886
2022-03-10,San Benito,069,59416,12916,12868,508,13376,95
2022-03-10,San Bernardino,071,2135413,572505,559013,24796,583809,6734
2022-03-10,San Diego,073,3302833,746785,744386,52279,796665,5090
2022-03-10,San Francisco,075,870044,122885,123610,8090,131700,823
2022-03-10,San Joaquin,077,732212,166054,165516,9834,175350,2117
2022-03-10,San Luis Obispo,079,281455,52158,51947,3692,55639,457
2022-03-10,San Mateo,081,765935,120532,119288,6843,126131,641
2022-03-10,Santa Barbara,083,443738,85275,85421,4661,90082,664
2022-03-10,Santa Clara,085,1922200,312096,308989,12174,321163,2208
2022-03-10,Santa Cruz,087,273765,47300,46982,2063,49045,254
2022-03-10,Shasta,089,179085,30413,30419,6057,36476,517
2022-03-10,Sierra,091,2930,271,273,48,321,4
2022-03-10,Siskiyou,093,43540,4415,4405,2707,7112,75
2022-03-10,Solano,095,438530,81002,81058,5506,86564,436
2022-03-10,Sonoma,097,501317,82847,82622,2553,85175,473
2022-03-10,Stanislaus,099,539301,117150,117884,17755,135639,1564
2022-03-10,Sutter,101,95872,20388,20429,2026,22455,217
2022-03-10,Tehama,103,63373,12009,11983,2564,14547,159
2022-03-10,Trinity,105,12862,1181,1172,287,1459,20
2022-03-10,Tulare,107,460477,105980,103994,27400,131394,1358
2022-03-10,Tuolumne,109,53932,12627,12476,555,13031,180
2022-03-10,Ventura,111,848112,172266,171932,9322,181254,1442
2022-03-10,Yolo,113,214977,36783,35982,2875,38857,308
2022-03-10,Yuba,115,75493,15737,15722,1175,16897,116
2022-03-09,Alameda,001,1643700,254273,252893,13434,266327,1781
2022-03-09,Alpine,003,1148,122,125,1,126,0
2022-03-09,Amador,005,37829,8472,8409,638,9047,84
2022-03-09,Butte,007,227075,32989,32767,6977,39744,380
2022-03-09,Calaveras,009,45235,7221,7249,343,7592,117
2022-03-09,Colusa,011,21464,3438,3439,1044,4483,21
2022-03-09,Contra Costa,013,1133247,190517,186483,13218,199701,1256
2022-03-09,Del Norte,015,27424,5744,5765,178,5943,48
2022-03-09,El Dorado,017,186661,26570,26515,3180,29695,198
2022-03-09,Fresno,019,978130,230913,227885,23988,251873,2653
2022-03-09,Glenn,021,27897,4974,4953,1594,6547,44
2022-03-09,Humboldt,023,135768,16778,16854,2916,19770,137
2022-03-09,Imperial,025,180216,55164,54764,10533,65297,894
2022-03-09,Inyo,027,18085,4061,4056,466,4522,56
2022-03-09,Kern,029,883053,191191,190254,45591,235845,2159
2022-03-09,Kings,031,150075,51214,51122,3501,54623,435
2022-03-09,Lake,033,64148,10637,10586,875,11461,130
2022-03-09,Lassen,035,31185,8936,8901,871,9772,62
2022-03-09,Los Angeles,037,10098052,2698049,2677901,122016,2799917,30842
2022-03-09,Madera,039,155013,37117,37207,5988,43195,354
2022-03-09,Marin,041,260295,33106,32967,2160,35127,272
2022-03-09,Mariposa,043,17540,2377,2372,198,2570,6
2022-03-09,Mendocino,045,87422,12973,12957,2973,15930,117
2022-03-09,Merced,047,269075,62215,61792,8625,70417,792
2022-03-09,Modoc,049,8938,727,730,247,977,7
2022-03-09,Mono,051,14174,2962,2962,120,3082,5
2022-03-09,Monterey,053,433212,78905,78258,13346,91604,716
2022-03-09,Napa,055,140530,25553,25561,923,26484,138
2022-03-09,Nevada,057,99092,15861,15938,1184,17122,123
2022-03-09,Orange,059,3164182,544135,542278,41025,583303,6700
2022-03-09,Placer,061,380077,62410,62242,7282,69524,598
2022-03-09,Plumas,063,18699,2960,2708,358,3066,13
2022-03-09,Riverside,065,2383286,589257,587833,27576,615409,6305
2022-03-09,Sacramento,067,1510023,279441,274373,26346,300719,2877
2022-03-09,San Benito,069,59416,12899,12864,508,13372,95
2022-03-09,San Bernardino,071,2135413,572405,558795,24785,583580,6723
2022-03-09,San Diego,073,3302833,746514,743956,52252,796208,5083
2022-03-09,San Francisco,075,870044,122794,123676,8086,131762,812
2022-03-09,San Joaquin,077,732212,166014,165444,9828,175272,2113
2022-03-09,San Luis Obispo,079,281455,52139,51923,3690,55613,457
2022-03-09,San Mateo,081,765935,120474,119194,6831,126025,639
2022-03-09,Santa Barbara,083,443738,85261,85382,4659,90041,661
2022-03-09,Santa Clara,085,1922200,311942,308765,12164,320929,2206
2022-03-09,Santa Cruz,087,273765,47260,46917,2062,48979,254
2022-03-09,Shasta,089,179085,30391,30407,6056,36463,493
2022-03-09,Sierra,091,2930,271,273,48,321,4
2022-03-09,Siskiyou,093,43540,4414,4403,2706,7109,75
2022-03-09,Solano,095,438530,80966,80984,5505,86489,436
2022-03-09,Sonoma,097,501317,82814,82574,2551,85125,473
2022-03-09,Stanislaus,099,539301,117113,117827,17750,135577,1541
2022-03-09,Sutter,101,95872,20377,20409,2022,22431,217
2022-03-09,Tehama,103,63373,12005,11980,2564,14544,159
2022-03-09,Trinity,105,12862,1181,1174,287,1461,20
2022-03-09,Tulare,107,460477,105952,103932,27387,131319,1350
2022-03-09,Tuolumne,109,53932,12625,12444,555,12999,180
2022-03-09,Ventura,111,848112,172215,171852,9319,181171,1448
2022-03-09,Yolo,113,214977,36764,35973,2863,38836,308
2022-03-09,Yuba,115,75493,15732,15714,1174,16888,115
2022-03-08,Alameda,001,1643700,254115,252744,13422,266166,1769
2022-03-08,Alpine,003,1148,122,125,1,126,0
2022-03-08,Amador,005,37829,8458,8407,638,9045,84
2022-03-08,Butte,007,227075,32975,32759,6973,39732,380
2022-03-08,Calaveras,009,45235,7217,7245,343,7588,117
2022-03-08,Colusa,011,21464,3435,3439,1043,4482,21
2022-03-08,Contra Costa,013,1133247,190430,186396,13205,199601,1256
2022-03-08,Del Norte,015,27424,5739,5763,178,5941,48
2022-03-08,El Dorado,017,186661,26560,26503,3174,29677,197
2022-03-08,Fresno,019,978130,230815,227808,23979,251787,2653
2022-03-08,Glenn,021,27897,4972,4944,1593,6537,43
2022-03-08,Humboldt,023,135768,16766,16837,2903,19740,137
2022-03-08,Imperial,025,180216,55149,54721,10531,65252,890
2022-03-08,Inyo,027,18085,4058,4056,466,4522,56
2022-03-08,Kern,029,883053,191128,190208,45577,235785,2154
2022-03-08,Kings,031,150075,51172,51089,3499,54588,434
2022-03-08,Lake,033,64148,10627,10571,875,11446,130
2022-03-08,Lassen,035,31185,8935,8897,871,9768,62
2022-03-08,Los Angeles,037,10098052,2697358,2677166,121979,2799145,30803
2022-03-08,Madera,039,155013,37107,37185,5987,43172,354
2022-03-08,Marin,041,260295,33069,32943,2159,35102,272
2022-03-08,Mariposa,043,17540,2375,2371,198,2569,6
2022-03-08,Mendocino,045,87422,12969,12950,2972,15922,117
2022-03-08,Merced,047,269075,62194,61767,8614,70381,791
2022-03-08,Modoc,049,8938,726,729,247,976,7
2022-03-08,Mono,051,14174,2961,2961,120,3081,5
2022-03-08,Monterey,053,433212,78885,78247,13309,91556,711
2022-03-08,Napa,055,140530,25527,25528,922,26450,137
2022-03-08,Nevada,057,99092,15850,15939,1183,17122,122
2022-03-08,Orange,059,3164182,543989,542164,41005,583169,6692
2022-03-08,Placer,061,380077,62381,62221,7281,69502,594
2022-03-08,Plumas,063,18699,2960,2703,358,3061,13
2022-03-08,Riverside,065,2383286,589149,587686,27569,615255,6294
2022-03-08,Sacramento,067,1510023,279339,274276,26327,300603,2872
2022-03-08,San Benito,069,59416,12897,12855,508,13363,94
2022-03-08,San Bernardino,071,2135413,572312,558512,24775,583287,6715
2022-03-08,San Diego,073,3302833,746171,743604,52235,795839,5077
2022-03-08,San Francisco,075,870044,122698,123675,8081,131756,807
2022-03-08,San Joaquin,077,732212,165978,165381,9824,175205,2104
2022-03-08,San Luis Obispo,079,281455,52111,51900,3687,55587,451
2022-03-08,San Mateo,081,765935,120393,119103,6821,125924,638
2022-03-08,Santa Barbara,083,443738,85229,85363,4659,90022,659
2022-03-08,Santa Clara,085,1922200,311715,308528,12157,320685,2206
2022-03-08,Santa Cruz,087,273765,47223,46875,2061,48936,254
2022-03-08,Shasta,089,179085,30372,30372,6053,36425,493
2022-03-08,Sierra,091,2930,271,273,48,321,4
2022-03-08,Siskiyou,093,43540,4410,4404,2706,7110,74
2022-03-08,Solano,095,438530,80938,80924,5502,86426,434
2022-03-08,Sonoma,097,501317,82766,82571,2550,85121,473
2022-03-08,Stanislaus,099,539301,117069,117782,17741,135523,1541
2022-03-08,Sutter,101,95872,20369,20403,2022,22425,217
2022-03-08,Tehama,103,63373,12001,11972,2563,14535,158
2022-03-08,Trinity,105,12862,1181,1174,287,1461,20
2022-03-08,Tulare,107,460477,105914,103893,27376,131269,1334
2022-03-08,Tuolumne,109,53932,12620,12427,553,12980,180
2022-03-08,Ventura,111,848112,172151,171806,9312,181118,1447
2022-03-08,Yolo,113,214977,36738,35946,2862,38808,306
2022-03-08,Yuba,115,75493,15727,15705,1173,16878,115
2022-03-07,Alameda,001,1643700,253905,252578,13411,265989,1766
2022-03-07,Alpine,003,1148,122,125,1,126,0
2022-03-07,Amador,005,37829,8455,8368,638,9006,84
2022-03-07,Butte,007,227075,32960,32734,6969,39703,378
2022-03-07,Calaveras,009,45235,7213,7242,343,7585,116
2022-03-07,Colusa,011,21464,3435,3437,1043,4480,21
2022-03-07,Contra Costa,013,1133247,190330,186087,13184,199271,1256
2022-03-07,Del Norte,015,27424,5735,5758,178,5936,48
2022-03-07,El Dorado,017,186661,26554,26487,3173,29660,196
2022-03-07,Fresno,019,978130,230724,227670,23956,251626,2653
2022-03-07,Glenn,021,27897,4969,4939,1593,6532,43
2022-03-07,Humboldt,023,135768,16753,16829,2898,19727,137
2022-03-07,Imperial,025,180216,55127,54712,10526,65238,890
2022-03-07,Inyo,027,18085,4056,4054,466,4520,56
2022-03-07,Kern,029,883053,191064,190163,45554,235717,2152
2022-03-07,Kings,031,150075,51142,51065,3494,54559,433
2022-03-07,Lake,033,64148,10615,10562,874,11436,130
2022-03-07,Lassen,035,31185,8934,8896,871,9767,62
2022-03-07,Los Angeles,037,10098052,2696561,2675497,121938,2797435,30759
2022-03-07,Madera,039,155013,37097,37164,5985,43149,354
2022-03-07,Marin,041,260295,33032,32919,2156,35075,272
2022-03-07,Mariposa,043,17540,2374,2369,198,2567,6
2022-03-07,Mendocino,045,87422,12962,12940,2971,15911,117
2022-03-07,Merced,047,269075,62154,61751,8607,70358,791
2022-03-07,Modoc,049,8938,726,729,247,976,7
2022-03-07,Mono,051,14174,2961,2960,120,3080,5
2022-03-07,Monterey,053,433212,78851,78161,13261,91422,706
2022-03-07,Napa,055,140530,25498,25500,922,26422,136
2022-03-07,Nevada,057,99092,15843,15935,1177,17112,122
2022-03-07,Orange,059,3164182,543818,542028,40978,583006,6687
2022-03-07,Placer,061,380077,62352,62215,7280,69495,591
2022-03-07,Plumas,063,18699,2960,2702,358,3060,13
2022-03-07,Riverside,065,2383286,589022,587537,27561,615098,6279
2022-03-07,Sacramento,067,1510023,279237,274079,26314,300393,2866
2022-03-07,San Benito,069,59416,12891,12843,508,13351,94
2022-03-07,San Bernardino,071,2135413,572207,558265,24765,583030,6703
2022-03-07,San Diego,073,3302833,745830,742287,52192,794479,5068
2022-03-07,San Francisco,075,870044,122586,123655,8075,131730,807
2022-03-07,San Joaquin,077,732212,165927,165343,9817,175160,2091
2022-03-07,San Luis Obispo,079,281455,52066,51874,3685,55559,448
2022-03-07,San Mateo,081,765935,120317,119035,6814,125849,630
2022-03-07,Santa Barbara,083,443738,85191,85345,4658,90003,659
2022-03-07,Santa Clara,085,1922200,311519,308517,12149,320666,2202
2022-03-07,Santa Cruz,087,273765,47173,46823,2060,48883,254
2022-03-07,Shasta,089,179085,30359,30352,6050,36402,493
2022-03-07,Sierra,091,2930,271,273,48,321,4
2022-03-07,Siskiyou,093,43540,4406,4398,2705,7103,74
2022-03-07,Solano,095,438530,80881,80886,5500,86386,435
2022-03-07,Sonoma,097,501317,82722,82530,2549,85079,473
2022-03-07,Stanislaus,099,539301,117030,117713,17734,135447,1537
2022-03-07,Sutter,101,95872,20358,20400,2021,22421,217
2022-03-07,Tehama,103,63373,11996,11966,2562,14528,158
2022-03-07,Trinity,105,12862,1179,1173,287,1460,20
2022-03-07,Tulare,107,460477,105878,103834,27366,131200,1316
2022-03-07,Tuolumne,109,53932,12614,12408,552,12960,179
2022-03-07,Ventura,111,848112,172100,171886,9310,181196,1436
2022-03-07,Yolo,113,214977,36715,35934,2856,38790,306
2022-03-07,Yuba,115,75493,15720,15701,1172,16873,115
2022-03-06,Alameda,001,1643700,253713,252460,13403,265863,1766
2022-03-06,Alpine,003,1148,122,125,1,126,0
2022-03-06,Amador,005,37829,8452,8367,636,9003,84
2022-03-06,Butte,007,227075,32947,32714,6964,39678,376
2022-03-06,Calaveras,009,45235,7211,7236,342,7578,116
2022-03-06,Colusa,011,21464,3433,3435,1042,4477,21
2022-03-06,Contra Costa,013,1133247,190216,185974,13159,199133,1256
2022-03-06,Del Norte,015,27424,5720,5744,177,5921,48
2022-03-06,El Dorado,017,186661,26546,26478,3171,29649,196
2022-03-06,Fresno,019,978130,230583,227514,23946,251460,2653
2022-03-06,Glenn,021,27897,4965,4939,1593,6532,43
2022-03-06,Humboldt,023,135768,16743,16813,2895,19708,137
2022-03-06,Imperial,025,180216,55109,54719,10516,65235,890
2022-03-06,Inyo,027,18085,4054,4053,466,4519,56
2022-03-06,Kern,029,883053,191008,190088,45534,235622,2152
2022-03-06,Kings,031,150075,51072,51050,3492,54542,432
2022-03-06,Lake,033,64148,10602,10539,873,11412,130
2022-03-06,Lassen,035,31185,8921,8887,870,9757,62
2022-03-06,Los Angeles,037,10098052,2695637,2675456,121884,2797340,30759
2022-03-06,Madera,039,155013,37067,37135,5978,43113,354
2022-03-06,Marin,041,260295,33006,32879,2155,35034,272
2022-03-06,Mariposa,043,17540,2373,2365,197,2562,6
2022-03-06,Mendocino,045,87422,12950,12923,2967,15890,116
2022-03-06,Merced,047,269075,62122,61722,8589,70311,791
2022-03-06,Modoc,049,8938,726,729,247,976,7
2022-03-06,Mono,051,14174,2961,2959,120,3079,5
2022-03-06,Monterey,053,433212,78805,78154,13230,91384,706
2022-03-06,Napa,055,140530,25463,25457,920,26377,136
2022-03-06,Nevada,057,99092,15832,15924,1176,17100,122
2022-03-06,Orange,059,3164182,543660,541903,40932,582835,6688
2022-03-06,Placer,061,380077,62319,62185,7276,69461,591
2022-03-06,Plumas,063,18699,2955,2704,358,3062,13
2022-03-06,Riverside,065,2383286,588859,587388,27541,614929,6279
2022-03-06,Sacramento,067,1510023,279101,273935,26290,300225,2869
2022-03-06,San Benito,069,59416,12880,12835,507,13342,94
2022-03-06,San Bernardino,071,2135413,572085,558139,24753,582892,6701
2022-03-06,San Diego,073,3302833,745435,742287,52143,794430,5068
2022-03-06,San Francisco,075,870044,122454,123742,8072,131814,806
2022-03-06,San Joaquin,077,732212,165845,165252,9811,175063,2091
2022-03-06,San Luis Obispo,079,281455,52028,51828,3683,55511,448
2022-03-06,San Mateo,081,765935,120234,118916,6805,125721,630
2022-03-06,Santa Barbara,083,443738,85150,85317,4653,89970,659
2022-03-06,Santa Clara,085,1922200,311251,308250,12147,320397,2201
2022-03-06,Santa Cruz,087,273765,47122,46755,2059,48814,254
2022-03-06,Shasta,089,179085,30336,30332,6034,36366,493
2022-03-06,Sierra,091,2930,271,273,48,321,4
2022-03-06,Siskiyou,093,43540,4404,4398,2703,7101,74
2022-03-06,Solano,095,438530,80824,80833,5494,86327,435
2022-03-06,Sonoma,097,501317,82687,82458,2545,85003,473
2022-03-06,Stanislaus,099,539301,116984,117680,17722,135402,1536
2022-03-06,Sutter,101,95872,20348,20390,2017,22407,217
2022-03-06,Tehama,103,63373,11988,11963,2562,14525,158
2022-03-06,Trinity,105,12862,1179,1172,286,1458,20
2022-03-06,Tulare,107,460477,105822,103794,27354,131148,1316
2022-03-06,Tuolumne,109,53932,12608,12379,550,12929,179
2022-03-06,Ventura,111,848112,172031,171819,9308,181127,1436
2022-03-06,Yolo,113,214977,36689,35882,2853,38735,306
2022-03-06,Yuba,115,75493,15716,15694,1171,16865,115
2022-03-05,Alameda,001,1643700,253597,251988,13398,265386,1760
2022-03-05,Alpine,003,1148,122,125,1,126,0
2022-03-05,Amador,005,37829,8449,8344,636,8980,83
2022-03-05,Butte,007,227075,32939,32663,6960,39623,372
2022-03-05,Calaveras,009,45235,7208,7236,342,7578,116
2022-03-05,Colusa,011,21464,3433,3433,1042,4475,21
2022-03-05,Contra Costa,013,1133247,190153,185734,13154,198888,1235
2022-03-05,Del Norte,015,27424,5717,5725,177,5902,48
2022-03-05,El Dorado,017,186661,26540,26446,3168,29614,193
2022-03-05,Fresno,019,978130,230531,227154,23945,251099,2640
2022-03-05,Glenn,021,27897,4961,4927,1593,6520,43
2022-03-05,Humboldt,023,135768,16737,16781,2893,19674,136
2022-03-05,Imperial,025,180216,55099,54650,10514,65164,880
2022-03-05,Inyo,027,18085,4053,4043,465,4508,56
2022-03-05,Kern,029,883053,190975,189817,45516,235333,2141
2022-03-05,Kings,031,150075,51065,50926,3491,54417,431
2022-03-05,Lake,033,64148,10594,10512,872,11384,130
2022-03-05,Lassen,035,31185,8913,8818,870,9688,62
2022-03-05,Los Angeles,037,10098052,2695273,2671564,121848,2793412,30608
2022-03-05,Madera,039,155013,37052,37100,5978,43078,354
2022-03-05,Marin,041,260295,32994,32829,2155,34984,272
2022-03-05,Mariposa,043,17540,2373,2363,197,2560,6
2022-03-05,Mendocino,045,87422,12947,12845,2967,15812,113
2022-03-05,Merced,047,269075,62111,61653,8589,70242,789
2022-03-05,Modoc,049,8938,726,729,247,976,7
2022-03-05,Mono,051,14174,2961,2961,120,3081,5
2022-03-05,Monterey,053,433212,78786,78028,13223,91251,704
2022-03-05,Napa,055,140530,25445,25405,920,26325,134
2022-03-05,Nevada,057,99092,15828,15907,1176,17083,122
2022-03-05,Orange,059,3164182,543535,541463,40920,582383,6638
2022-03-05,Placer,061,380077,62305,62117,7269,69386,591
2022-03-05,Plumas,063,18699,2954,2701,358,3059,13
2022-03-05,Riverside,065,2383286,588768,586785,27537,614322,6239
2022-03-05,Sacramento,067,1510023,279037,273487,26284,299771,2847
2022-03-05,San Benito,069,59416,12878,12820,507,13327,94
2022-03-05,San Bernardino,071,2135413,572027,557421,24747,582168,6641
2022-03-05,San Diego,073,3302833,745247,740747,52131,792878,5045
2022-03-05,San Francisco,075,870044,122385,123537,8069,131606,798
2022-03-05,San Joaquin,077,732212,165805,165085,9803,174888,2069
2022-03-05,San Luis Obispo,079,281455,52020,51739,3682,55421,446
2022-03-05,San Mateo,081,765935,120179,118646,6801,125447,621
2022-03-05,Santa Barbara,083,443738,85135,85249,4653,89902,655
2022-03-05,Santa Clara,085,1922200,311134,307689,12144,319833,2195
2022-03-05,Santa Cruz,087,273765,47102,46622,2059,48681,253
2022-03-05,Shasta,089,179085,30324,30282,6034,36316,492
2022-03-05,Sierra,091,2930,271,273,47,320,4
2022-03-05,Siskiyou,093,43540,4403,4389,2702,7091,74
2022-03-05,Solano,095,438530,80807,80690,5494,86184,435
2022-03-05,Sonoma,097,501317,82665,82313,2545,84858,473
2022-03-05,Stanislaus,099,539301,116958,117501,17720,135221,1531
2022-03-05,Sutter,101,95872,20340,20346,2017,22363,217
2022-03-05,Tehama,103,63373,11985,11939,2562,14501,158
2022-03-05,Trinity,105,12862,1179,1170,284,1454,20
2022-03-05,Tulare,107,460477,105808,103534,27345,130879,1305
2022-03-05,Tuolumne,109,53932,12604,12325,549,12874,178
2022-03-05,Ventura,111,848112,171990,171666,9306,180972,1436
2022-03-05,Yolo,113,214977,36675,35856,2853,38709,306
2022-03-05,Yuba,115,75493,15708,15666,1171,16837,115
2022-03-04,Alameda,001,1643700,253501,251988,13390,265378,1760
2022-03-04,Alpine,003,1148,122,125,1,126,0
2022-03-04,Amador,005,37829,8448,8344,636,8980,83
2022-03-04,Butte,007,227075,32933,32663,6955,39618,372
2022-03-04,Calaveras,009,45235,7207,7236,342,7578,116
2022-03-04,Colusa,011,21464,3431,3433,1042,4475,21
2022-03-04,Contra Costa,013,1133247,190085,185734,13151,198885,1235
2022-03-04,Del Norte,015,27424,5707,5725,177,5902,48
2022-03-04,El Dorado,017,186661,26536,26446,3168,29614,193
2022-03-04,Fresno,019,978130,230468,227154,23938,251092,2640
2022-03-04,Glenn,021,27897,4960,4927,1593,6520,43
2022-03-04,Humboldt,023,135768,16733,16781,2893,19674,136
2022-03-04,Imperial,025,180216,55092,54650,10510,65160,880
2022-03-04,Inyo,027,18085,4053,4043,465,4508,56
2022-03-04,Kern,029,883053,190933,189817,45506,235323,2141
2022-03-04,Kings,031,150075,51052,50926,3491,54417,431
2022-03-04,Lake,033,64148,10593,10512,872,11384,130
2022-03-04,Lassen,035,31185,8911,8818,870,9688,62
2022-03-04,Los Angeles,037,10098052,2694743,2671564,121818,2793382,30608
2022-03-04,Madera,039,155013,37043,37100,5978,43078,354
2022-03-04,Marin,041,260295,32972,32829,2153,34982,272
2022-03-04,Mariposa,043,17540,2368,2363,197,2560,6
2022-03-04,Mendocino,045,87422,12941,12845,2967,15812,113
2022-03-04,Merced,047,269075,62101,61653,8587,70240,789
2022-03-04,Modoc,049,8938,726,729,247,976,7
2022-03-04,Mono,051,14174,2961,2961,120,3081,5
2022-03-04,Monterey,053,433212,78766,78028,13217,91245,704
2022-03-04,Napa,055,140530,25430,25405,919,26324,134
2022-03-04,Nevada,057,99092,15823,15907,1176,17083,122
2022-03-04,Orange,059,3164182,543416,541463,40902,582365,6638
2022-03-04,Placer,061,380077,62293,62117,7266,69383,591
2022-03-04,Plumas,063,18699,2954,2701,357,3058,13
2022-03-04,Riverside,065,2383286,588681,586785,27536,614321,6239
2022-03-04,Sacramento,067,1510023,278963,273487,26281,299768,2847
2022-03-04,San Benito,069,59416,12874,12820,507,13327,94
2022-03-04,San Bernardino,071,2135413,571945,557421,24746,582167,6641
2022-03-04,San Diego,073,3302833,745009,740747,52114,792861,5045
2022-03-04,San Francisco,075,870044,122321,123537,8062,131599,798
2022-03-04,San Joaquin,077,732212,165773,165085,9802,174887,2069
2022-03-04,San Luis Obispo,079,281455,52011,51739,3681,55420,446
2022-03-04,San Mateo,081,765935,120121,118646,6799,125445,621
2022-03-04,Santa Barbara,083,443738,85112,85249,4653,89902,655
2022-03-04,Santa Clara,085,1922200,310983,307689,12142,319831,2195
2022-03-04,Santa Cruz,087,273765,47080,46622,2059,48681,253
2022-03-04,Shasta,089,179085,30316,30282,6031,36313,492
2022-03-04,Sierra,091,2930,271,273,47,320,4
2022-03-04,Siskiyou,093,43540,4402,4389,2698,7087,74
2022-03-04,Solano,095,438530,80774,80690,5491,86181,435
2022-03-04,Sonoma,097,501317,82634,82313,2544,84857,473
2022-03-04,Stanislaus,099,539301,116939,117501,17718,135219,1531
2022-03-04,Sutter,101,95872,20336,20346,2017,22363,217
2022-03-04,Tehama,103,63373,11982,11939,2562,14501,158
2022-03-04,Trinity,105,12862,1179,1170,284,1454,20
2022-03-04,Tulare,107,460477,105789,103534,27340,130874,1305
2022-03-04,Tuolumne,109,53932,12599,12325,549,12874,178
2022-03-04,Ventura,111,848112,171942,171666,9303,180969,1436
2022-03-04,Yolo,113,214977,36658,35856,2853,38709,306
2022-03-04,Yuba,115,75493,15703,15666,1170,16836,115
2022-03-03,Alameda,001,1643700,253384,251988,13378,265366,1760
2022-03-03,Alpine,003,1148,122,125,1,126,0
2022-03-03,Amador,005,37829,8447,8344,636,8980,83
2022-03-03,Butte,007,227075,32916,32663,6948,39611,372
2022-03-03,Calaveras,009,45235,7195,7236,342,7578,116
2022-03-03,Colusa,011,21464,3431,3433,1042,4475,21
2022-03-03,Contra Costa,013,1133247,190010,185734,13136,198870,1235
2022-03-03,Del Norte,015,27424,5700,5725,177,5902,48
2022-03-03,El Dorado,017,186661,26518,26446,3167,29613,193
2022-03-03,Fresno,019,978130,230340,227154,23930,251084,2640
2022-03-03,Glenn,021,27897,4957,4927,1592,6519,43
2022-03-03,Humboldt,023,135768,16718,16781,2892,19673,136
2022-03-03,Imperial,025,180216,55075,54650,10508,65158,880
2022-03-03,Inyo,027,18085,4052,4043,465,4508,56
2022-03-03,Kern,029,883053,190865,189817,45488,235305,2141
2022-03-03,Kings,031,150075,51029,50926,3489,54415,431
2022-03-03,Lake,033,64148,10588,10512,870,11382,130
2022-03-03,Lassen,035,31185,8903,8818,870,9688,62
2022-03-03,Los Angeles,037,10098052,2694019,2671564,121776,2793340,30608
2022-03-03,Madera,039,155013,37027,37100,5973,43073,354
2022-03-03,Marin,041,260295,32946,32829,2152,34981,272
2022-03-03,Mariposa,043,17540,2367,2363,197,2560,6
2022-03-03,Mendocino,045,87422,12930,12845,2965,15810,113
2022-03-03,Merced,047,269075,62082,61653,8581,70234,789
2022-03-03,Modoc,049,8938,726,729,247,976,7
2022-03-03,Mono,051,14174,2960,2961,120,3081,5
2022-03-03,Monterey,053,433212,78736,78028,13200,91228,704
2022-03-03,Napa,055,140530,25406,25405,918,26323,134
2022-03-03,Nevada,057,99092,15818,15907,1171,17078,122
2022-03-03,Orange,059,3164182,543240,541463,40876,582339,6638
2022-03-03,Placer,061,380077,62271,62117,7263,69380,591
2022-03-03,Plumas,063,18699,2953,2701,357,3058,13
2022-03-03,Riverside,065,2383286,588548,586785,27531,614316,6239
2022-03-03,Sacramento,067,1510023,278850,273487,26264,299751,2847
2022-03-03,San Benito,069,59416,12870,12820,507,13327,94
2022-03-03,San Bernardino,071,2135413,571843,557421,24740,582161,6641
2022-03-03,San Diego,073,3302833,744666,740747,52096,792843,5045
2022-03-03,San Francisco,075,870044,122247,123537,8051,131588,798
2022-03-03,San Joaquin,077,732212,165698,165085,9799,174884,2069
2022-03-03,San Luis Obispo,079,281455,51956,51739,3673,55412,446
2022-03-03,San Mateo,081,765935,120045,118646,6790,125436,621
2022-03-03,Santa Barbara,083,443738,85093,85249,4644,89893,655
2022-03-03,Santa Clara,085,1922200,310801,307689,12128,319817,2195
2022-03-03,Santa Cruz,087,273765,47030,46622,2057,48679,253
2022-03-03,Shasta,089,179085,30298,30282,6029,36311,492
2022-03-03,Sierra,091,2930,271,273,47,320,4
2022-03-03,Siskiyou,093,43540,4400,4389,2698,7087,74
2022-03-03,Solano,095,438530,80725,80690,5489,86179,435
2022-03-03,Sonoma,097,501317,82585,82313,2540,84853,473
2022-03-03,Stanislaus,099,539301,116906,117501,17710,135211,1531
2022-03-03,Sutter,101,95872,20328,20346,2017,22363,217
2022-03-03,Tehama,103,63373,11979,11939,2562,14501,158
2022-03-03,Trinity,105,12862,1178,1170,284,1454,20
2022-03-03,Tulare,107,460477,105746,103534,27332,130866,1305
2022-03-03,Tuolumne,109,53932,12588,12325,549,12874,178
2022-03-03,Ventura,111,848112,171890,171666,9301,180967,1436
2022-03-03,Yolo,113,214977,36634,35856,2848,38704,306
2022-03-03,Yuba,115,75493,15697,15666,1165,16831,115
2022-03-02,Alameda,001,1643700,253205,251886,13361,265247,1759
2022-03-02,Alpine,003,1148,122,125,1,126,0
2022-03-02,Amador,005,37829,8434,8341,636,8977,83
2022-03-02,Butte,007,227075,32904,32636,6944,39580,372
2022-03-02,Calaveras,009,45235,7194,7225,342,7567,116
2022-03-02,Colusa,011,21464,3428,3428,1042,4470,21
2022-03-02,Contra Costa,013,1133247,189917,185589,13118,198707,1236
2022-03-02,Del Norte,015,27424,5693,5708,175,5883,47
2022-03-02,El Dorado,017,186661,26507,26433,3164,29597,192
2022-03-02,Fresno,019,978130,230206,226932,23920,250852,2629
2022-03-02,Glenn,021,27897,4956,4922,1591,6513,43
2022-03-02,Humboldt,023,135768,16708,16747,2885,19632,135
2022-03-02,Imperial,025,180216,55049,54629,10503,65132,878
2022-03-02,Inyo,027,18085,4050,4041,464,4505,56
2022-03-02,Kern,029,883053,190797,189656,45469,235125,2136
2022-03-02,Kings,031,150075,51003,50819,3486,54305,431
2022-03-02,Lake,033,64148,10575,10495,868,11363,130
2022-03-02,Lassen,035,31185,8900,8811,869,9680,62
2022-03-02,Los Angeles,037,10098052,2693142,2670287,121728,2792015,30535
2022-03-02,Madera,039,155013,37010,37077,5971,43048,354
2022-03-02,Marin,041,260295,32929,32794,2151,34945,272
2022-03-02,Mariposa,043,17540,2367,2359,197,2556,6
2022-03-02,Mendocino,045,87422,12917,12832,2960,15792,112
2022-03-02,Merced,047,269075,62057,61606,8572,70178,785
2022-03-02,Modoc,049,8938,726,729,247,976,7
2022-03-02,Mono,051,14174,2960,2961,120,3081,5
2022-03-02,Monterey,053,433212,78699,77963,13177,91140,703
2022-03-02,Napa,055,140530,25357,25382,917,26299,134
2022-03-02,Nevada,057,99092,15807,15920,1170,17090,122
2022-03-02,Orange,059,3164182,543036,541230,40849,582079,6623
2022-03-02,Placer,061,380077,62249,62066,7260,69326,589
2022-03-02,Plumas,063,18699,2953,2700,357,3057,13
2022-03-02,Riverside,065,2383286,588398,586513,27521,614034,6229
2022-03-02,Sacramento,067,1510023,278732,273291,26253,299544,2837
2022-03-02,San Benito,069,59416,12859,12814,507,13321,94
2022-03-02,San Bernardino,071,2135413,571733,557082,24734,581816,6619
2022-03-02,San Diego,073,3302833,744306,739803,52048,791851,5034
2022-03-02,San Francisco,075,870044,122152,123442,8049,131491,792
2022-03-02,San Joaquin,077,732212,165639,164968,9794,174762,2063
2022-03-02,San Luis Obispo,079,281455,51918,51686,3668,55354,446
2022-03-02,San Mateo,081,765935,119958,118518,6774,125292,617
2022-03-02,Santa Barbara,083,443738,85068,85183,4643,89826,655
2022-03-02,Santa Clara,085,1922200,310586,307354,12115,319469,2184
2022-03-02,Santa Cruz,087,273765,46959,46534,2056,48590,253
2022-03-02,Shasta,089,179085,30273,30253,6019,36272,490
2022-03-02,Sierra,091,2930,271,273,47,320,4
2022-03-02,Siskiyou,093,43540,4399,4384,2695,7079,74
2022-03-02,Solano,095,438530,80659,80626,5486,86112,433
2022-03-02,Sonoma,097,501317,82539,82208,2536,84744,473
2022-03-02,Stanislaus,099,539301,116870,117411,17685,135096,1519
2022-03-02,Sutter,101,95872,20306,20317,2000,22317,216
2022-03-02,Tehama,103,63373,11975,11930,2561,14491,158
2022-03-02,Trinity,105,12862,1176,1160,284,1444,20
2022-03-02,Tulare,107,460477,105706,103451,27317,130768,1302
2022-03-02,Tuolumne,109,53932,12583,12297,549,12846,179
2022-03-02,Ventura,111,848112,171837,171770,9297,181067,1427
2022-03-02,Yolo,113,214977,36616,35799,2843,38642,305
2022-03-02,Yuba,115,75493,15684,15653,1160,16813,115
2022-03-01,Alameda,001,1643700,253037,251830,13349,265179,1749
2022-03-01,Alpine,003,1148,122,125,1,126,0
2022-03-01,Amador,005,37829,8386,8334,634,8968,83
2022-03-01,Butte,007,227075,32880,32575,6939,39514,372
2022-03-01,Calaveras,009,45235,7191,7223,341,7564,116
2022-03-01,Colusa,011,21464,3427,3423,1042,4465,21
2022-03-01,Contra Costa,013,1133247,189807,185378,13103,198481,1231
2022-03-01,Del Norte,015,27424,5690,5701,174,5875,45
2022-03-01,El Dorado,017,186661,26488,26413,3162,29575,192
2022-03-01,Fresno,019,978130,230066,226594,23906,250500,2628
2022-03-01,Glenn,021,27897,4954,4919,1589,6508,40
2022-03-01,Humboldt,023,135768,16687,16727,2878,19605,135
2022-03-01,Imperial,025,180216,55032,54570,10497,65067,875
2022-03-01,Inyo,027,18085,4046,4041,463,4504,56
2022-03-01,Kern,029,883053,190723,189365,45445,234810,2120
2022-03-01,Kings,031,150075,50981,50763,3482,54245,427
2022-03-01,Lake,033,64148,10564,10471,866,11337,128
2022-03-01,Lassen,035,31185,8896,8801,869,9670,61
2022-03-01,Los Angeles,037,10098052,2692192,2669489,121671,2791160,30486
2022-03-01,Madera,039,155013,36990,37046,5965,43011,354
2022-03-01,Marin,041,260295,32903,32764,2150,34914,272
2022-03-01,Mariposa,043,17540,2366,2357,196,2553,6
2022-03-01,Mendocino,045,87422,12906,12818,2958,15776,112
2022-03-01,Merced,047,269075,62026,61549,8558,70107,781
2022-03-01,Modoc,049,8938,726,729,247,976,7
2022-03-01,Mono,051,14174,2959,2960,120,3080,6
2022-03-01,Monterey,053,433212,78673,77911,13167,91078,696
2022-03-01,Napa,055,140530,25326,25344,917,26261,134
2022-03-01,Nevada,057,99092,15799,15916,1167,17083,121
2022-03-01,Orange,059,3164182,542820,541054,40814,581868,6612
2022-03-01,Placer,061,380077,62221,62021,7255,69276,583
2022-03-01,Plumas,063,18699,2953,2694,357,3051,13
2022-03-01,Riverside,065,2383286,588234,586184,27520,613704,6198
2022-03-01,Sacramento,067,1510023,278602,273089,26240,299329,2831
2022-03-01,San Benito,069,59416,12855,12806,507,13313,94
2022-03-01,San Bernardino,071,2135413,571599,556743,24732,581475,6588
2022-03-01,San Diego,073,3302833,743881,739136,52006,791142,5029
2022-03-01,San Francisco,075,870044,122049,123481,8043,131524,792
2022-03-01,San Joaquin,077,732212,165572,164894,9790,174684,2062
2022-03-01,San Luis Obispo,079,281455,51882,51592,3664,55256,445
2022-03-01,San Mateo,081,765935,119881,118358,6767,125125,613
2022-03-01,Santa Barbara,083,443738,85032,85134,4639,89773,654
2022-03-01,Santa Clara,085,1922200,310330,306978,12103,319081,2190
2022-03-01,Santa Cruz,087,273765,46909,46471,2053,48524,253
2022-03-01,Shasta,089,179085,30244,30227,6016,36243,489
2022-03-01,Sierra,091,2930,271,274,47,321,5
2022-03-01,Siskiyou,093,43540,4397,4384,2692,7076,74
2022-03-01,Solano,095,438530,80596,80556,5483,86039,434
2022-03-01,Sonoma,097,501317,82469,82103,2530,84633,477
2022-03-01,Stanislaus,099,539301,116818,117308,17660,134968,1521
2022-03-01,Sutter,101,95872,20292,20288,1996,22284,217
2022-03-01,Tehama,103,63373,11969,11923,2558,14481,158
2022-03-01,Trinity,105,12862,1175,1159,284,1443,20
2022-03-01,Tulare,107,460477,105624,103371,27297,130668,1302
2022-03-01,Tuolumne,109,53932,12576,12276,547,12823,175
2022-03-01,Ventura,111,848112,171767,171672,9290,180962,1427
2022-03-01,Yolo,113,214977,36591,35801,2837,38638,299
2022-03-01,Yuba,115,75493,15676,15637,1160,16797,116
2022-02-28,Alameda,001,1643700,252813,251714,13335,265049,1742
2022-02-28,Alpine,003,1148,122,125,1,126,0
2022-02-28,Amador,005,37829,8380,8308,633,8941,83
2022-02-28,Butte,007,227075,32861,32550,6933,39483,368
2022-02-28,Calaveras,009,45235,7188,7220,340,7560,110
2022-02-28,Colusa,011,21464,3426,3422,1040,4462,21
2022-02-28,Contra Costa,013,1133247,189702,185272,13084,198356,1231
2022-02-28,Del Norte,015,27424,5685,5699,173,5872,45
2022-02-28,El Dorado,017,186661,26478,26409,3157,29566,191
2022-02-28,Fresno,019,978130,229865,226519,23885,250404,2622
2022-02-28,Glenn,021,27897,4950,4918,1589,6507,40
2022-02-28,Humboldt,023,135768,16672,16717,2874,19591,135
2022-02-28,Imperial,025,180216,55005,54517,10493,65010,875
2022-02-28,Inyo,027,18085,4046,4041,462,4503,56
2022-02-28,Kern,029,883053,190631,189245,45416,234661,2115
2022-02-28,Kings,031,150075,50941,50741,3481,54222,427
2022-02-28,Lake,033,64148,10552,10468,862,11330,128
2022-02-28,Lassen,035,31185,8839,8794,869,9663,55
2022-02-28,Los Angeles,037,10098052,2691029,2666804,121575,2788379,30410
2022-02-28,Madera,039,155013,36964,37023,5949,42972,354
2022-02-28,Marin,041,260295,32878,32775,2150,34925,272
2022-02-28,Mariposa,043,17540,2363,2354,194,2548,6
2022-02-28,Mendocino,045,87422,12897,12800,2950,15750,112
2022-02-28,Merced,047,269075,61981,61519,8541,70060,781
2022-02-28,Modoc,049,8938,726,727,247,974,7
2022-02-28,Mono,051,14174,2959,2961,120,3081,5
2022-02-28,Monterey,053,433212,78606,77865,13146,91011,693
2022-02-28,Napa,055,140530,25299,25317,917,26234,129
2022-02-28,Nevada,057,99092,15793,15908,1161,17069,121
2022-02-28,Orange,059,3164182,542567,540839,40800,581639,6605
2022-02-28,Placer,061,380077,62190,61976,7250,69226,577
2022-02-28,Plumas,063,18699,2953,2691,356,3047,13
2022-02-28,Riverside,065,2383286,588040,585891,27488,613379,6179
2022-02-28,Sacramento,067,1510023,278462,273038,26216,299254,2825
2022-02-28,San Benito,069,59416,12850,12798,507,13305,94
2022-02-28,San Bernardino,071,2135413,571415,556540,24718,581258,6576
2022-02-28,San Diego,073,3302833,743493,737760,51976,789736,5018
2022-02-28,San Francisco,075,870044,121889,123402,8037,131439,792
2022-02-28,San Joaquin,077,732212,165486,164833,9780,174613,2060
2022-02-28,San Luis Obispo,079,281455,51821,51565,3657,55222,440
2022-02-28,San Mateo,081,765935,119782,118301,6761,125062,611
2022-02-28,Santa Barbara,083,443738,84988,85076,4634,89710,653
2022-02-28,Santa Clara,085,1922200,310048,306930,12082,319012,2180
2022-02-28,Santa Cruz,087,273765,46839,46447,2053,48500,253
2022-02-28,Shasta,089,179085,30219,30213,6012,36225,488
2022-02-28,Sierra,091,2930,271,273,47,320,4
2022-02-28,Siskiyou,093,43540,4394,4382,2687,7069,74
2022-02-28,Solano,095,438530,80528,80544,5471,86015,430
2022-02-28,Sonoma,097,501317,82401,82058,2527,84585,477
2022-02-28,Stanislaus,099,539301,116754,117231,17643,134874,1521
2022-02-28,Sutter,101,95872,20279,20285,1993,22278,214
2022-02-28,Tehama,103,63373,11956,11917,2558,14475,158
2022-02-28,Trinity,105,12862,1175,1160,284,1444,20
2022-02-28,Tulare,107,460477,105575,103304,27281,130585,1300
2022-02-28,Tuolumne,109,53932,12566,12247,547,12794,175
2022-02-28,Ventura,111,848112,171683,171614,9289,180903,1423
2022-02-28,Yolo,113,214977,36555,35754,2830,38584,299
2022-02-28,Yuba,115,75493,15662,15625,1159,16784,115
2022-02-27,Alameda,001,1643700,252540,251624,13326,264950,1744
2022-02-27,Alpine,003,1148,122,125,1,126,0
2022-02-27,Amador,005,37829,8376,8305,630,8935,83
2022-02-27,Butte,007,227075,32825,32551,6920,39471,368
2022-02-27,Calaveras,009,45235,7180,7214,340,7554,110
2022-02-27,Colusa,011,21464,3424,3422,1040,4462,21
2022-02-27,Contra Costa,013,1133247,189574,185185,13064,198249,1230
2022-02-27,Del Norte,015,27424,5668,5691,171,5862,45
2022-02-27,El Dorado,017,186661,26460,26410,3155,29565,191
2022-02-27,Fresno,019,978130,229665,226397,23858,250255,2621
2022-02-27,Glenn,021,27897,4948,4915,1589,6504,40
2022-02-27,Humboldt,023,135768,16650,16713,2867,19580,135
2022-02-27,Imperial,025,180216,54957,54509,10476,64985,875
2022-02-27,Inyo,027,18085,4045,4041,458,4499,56
2022-02-27,Kern,029,883053,190514,189219,45377,234596,2115
2022-02-27,Kings,031,150075,50913,50733,3480,54213,428
2022-02-27,Lake,033,64148,10533,10463,862,11325,128
2022-02-27,Lassen,035,31185,8831,8786,869,9655,55
2022-02-27,Los Angeles,037,10098052,2689722,2666789,121492,2788281,30410
2022-02-27,Madera,039,155013,36938,37009,5941,42950,354
2022-02-27,Marin,041,260295,32840,32756,2148,34904,272
2022-02-27,Mariposa,043,17540,2360,2352,194,2546,6
2022-02-27,Mendocino,045,87422,12880,12798,2937,15735,112
2022-02-27,Merced,047,269075,61928,61491,8523,70014,779
2022-02-27,Modoc,049,8938,725,727,247,974,7
2022-02-27,Mono,051,14174,2958,2960,120,3080,5
2022-02-27,Monterey,053,433212,78549,77851,13122,90973,693
2022-02-27,Napa,055,140530,25262,25316,917,26233,129
2022-02-27,Nevada,057,99092,15785,15900,1157,17057,121
2022-02-27,Orange,059,3164182,542321,540659,40771,581430,6605
2022-02-27,Placer,061,380077,62150,61965,7246,69211,577
2022-02-27,Plumas,063,18699,2950,2691,356,3047,13
2022-02-27,Riverside,065,2383286,587799,585833,27464,613297,6179
2022-02-27,Sacramento,067,1510023,278273,272927,26187,299114,2822
2022-02-27,San Benito,069,59416,12843,12798,507,13305,94
2022-02-27,San Bernardino,071,2135413,571230,556457,24708,581165,6572
2022-02-27,San Diego,073,3302833,743022,737760,51930,789690,5018
2022-02-27,San Francisco,075,870044,121765,123327,8026,131353,791
2022-02-27,San Joaquin,077,732212,165382,164814,9773,174587,2060
2022-02-27,San Luis Obispo,079,281455,51729,51564,3650,55214,439
2022-02-27,San Mateo,081,765935,119669,118244,6756,125000,611
2022-02-27,Santa Barbara,083,443738,84950,85050,4630,89680,653
2022-02-27,Santa Clara,085,1922200,309758,306756,12055,318811,2180
2022-02-27,Santa Cruz,087,273765,46778,46411,2053,48464,253
2022-02-27,Shasta,089,179085,30187,30206,6007,36213,488
2022-02-27,Sierra,091,2930,271,273,47,320,4
2022-02-27,Siskiyou,093,43540,4389,4378,2675,7053,74
2022-02-27,Solano,095,438530,80454,80515,5458,85973,430
2022-02-27,Sonoma,097,501317,82319,82041,2520,84561,476
2022-02-27,Stanislaus,099,539301,116688,117200,17623,134823,1522
2022-02-27,Sutter,101,95872,20262,20280,1987,22267,214
2022-02-27,Tehama,103,63373,11943,11915,2557,14472,158
2022-02-27,Trinity,105,12862,1174,1158,284,1442,20
2022-02-27,Tulare,107,460477,105506,103270,27232,130502,1300
2022-02-27,Tuolumne,109,53932,12553,12243,546,12789,175
2022-02-27,Ventura,111,848112,171608,171660,9285,180945,1423
2022-02-27,Yolo,113,214977,36528,35744,2825,38569,299
2022-02-27,Yuba,115,75493,15652,15619,1157,16776,113
2022-02-26,Alameda,001,1643700,252427,250867,13322,264189,1716
2022-02-26,Alpine,003,1148,122,125,1,126,0
2022-02-26,Amador,005,37829,8374,8282,629,8911,83
2022-02-26,Butte,007,227075,32811,32466,6917,39383,368
2022-02-26,Calaveras,009,45235,7179,7192,340,7532,110
2022-02-26,Colusa,011,21464,3424,3414,1040,4454,21
2022-02-26,Contra Costa,013,1133247,189505,184686,13046,197732,1209
2022-02-26,Del Norte,015,27424,5663,5639,171,5810,45
2022-02-26,El Dorado,017,186661,26449,26355,3152,29507,191
2022-02-26,Fresno,019,978130,229575,225679,23858,249537,2597
2022-02-26,Glenn,021,27897,4946,4909,1588,6497,40
2022-02-26,Humboldt,023,135768,16625,16619,2866,19485,133
2022-02-26,Imperial,025,180216,54930,54367,10474,64841,871
2022-02-26,Inyo,027,18085,4044,4034,453,4487,56
2022-02-26,Kern,029,883053,190461,188584,45358,233942,2106
2022-02-26,Kings,031,150075,50900,50579,3480,54059,423
2022-02-26,Lake,033,64148,10528,10383,862,11245,128
2022-02-26,Lassen,035,31185,8830,8761,869,9630,55
2022-02-26,Los Angeles,037,10098052,2689152,2660973,121452,2782425,30202
2022-02-26,Madera,039,155013,36923,36933,5939,42872,330
2022-02-26,Marin,041,260295,32824,32651,2146,34797,267
2022-02-26,Mariposa,043,17540,2359,2332,194,2526,6
2022-02-26,Mendocino,045,87422,12873,12762,2937,15699,111
2022-02-26,Merced,047,269075,61907,61348,8522,69870,775
2022-02-26,Modoc,049,8938,725,726,247,973,7
2022-02-26,Mono,051,14174,2958,2959,119,3078,5
2022-02-26,Monterey,053,433212,78517,77610,13116,90726,692
2022-02-26,Napa,055,140530,25247,25221,916,26137,130
2022-02-26,Nevada,057,99092,15781,15850,1155,17005,121
2022-02-26,Orange,059,3164182,542210,539992,40754,580746,6540
2022-02-26,Placer,061,380077,62131,61803,7243,69046,573
2022-02-26,Plumas,063,18699,2950,2673,356,3029,13
2022-02-26,Riverside,065,2383286,587678,584835,27455,612290,6143
2022-02-26,Sacramento,067,1510023,278177,272339,26177,298516,2793
2022-02-26,San Benito,069,59416,12839,12770,507,13277,92
2022-02-26,San Bernardino,071,2135413,571141,555668,24701,580369,6505
2022-02-26,San Diego,073,3302833,742799,736049,51906,787955,5002
2022-02-26,San Francisco,075,870044,121695,123079,8018,131097,769
2022-02-26,San Joaquin,077,732212,165349,164418,9772,174190,2048
2022-02-26,San Luis Obispo,079,281455,51717,51358,3648,55006,438
2022-02-26,San Mateo,081,765935,119615,117860,6755,124615,603
2022-02-26,Santa Barbara,083,443738,84919,84830,4630,89460,652
2022-02-26,Santa Clara,085,1922200,309609,305895,12051,317946,2166
2022-02-26,Santa Cruz,087,273765,46755,46186,2053,48239,251
2022-02-26,Shasta,089,179085,30178,30108,6001,36109,485
2022-02-26,Sierra,091,2930,271,270,47,317,1
2022-02-26,Siskiyou,093,43540,4389,4359,2673,7032,72
2022-02-26,Solano,095,438530,80419,80225,5454,85679,428
2022-02-26,Sonoma,097,501317,82285,81702,2518,84220,432
2022-02-26,Stanislaus,099,539301,116650,116896,17618,134514,1503
2022-02-26,Sutter,101,95872,20253,20230,1987,22217,214
2022-02-26,Tehama,103,63373,11937,11878,2555,14433,158
2022-02-26,Trinity,105,12862,1173,1156,284,1440,20
2022-02-26,Tulare,107,460477,105470,102983,27217,130200,1295
2022-02-26,Tuolumne,109,53932,12550,12169,546,12715,175
2022-02-26,Ventura,111,848112,171576,171292,9282,180574,1411
2022-02-26,Yolo,113,214977,36507,35615,2822,38437,296
2022-02-26,Yuba,115,75493,15640,15587,1157,16744,113
2022-02-25,Alameda,001,1643700,252306,250867,13313,264180,1716
2022-02-25,Alpine,003,1148,122,125,1,126,0
2022-02-25,Amador,005,37829,8363,8282,629,8911,83
2022-02-25,Butte,007,227075,32798,32466,6914,39380,368
2022-02-25,Calaveras,009,45235,7177,7192,340,7532,110
2022-02-25,Colusa,011,21464,3424,3414,1040,4454,21
2022-02-25,Contra Costa,013,1133247,189421,184686,13025,197711,1209
2022-02-25,Del Norte,015,27424,5654,5639,171,5810,45
2022-02-25,El Dorado,017,186661,26440,26355,3152,29507,191
2022-02-25,Fresno,019,978130,229477,225679,23851,249530,2597
2022-02-25,Glenn,021,27897,4944,4909,1588,6497,40
2022-02-25,Humboldt,023,135768,16614,16619,2866,19485,133
2022-02-25,Imperial,025,180216,54912,54367,10473,64840,871
2022-02-25,Inyo,027,18085,4043,4034,453,4487,56
2022-02-25,Kern,029,883053,190396,188584,45345,233929,2106
2022-02-25,Kings,031,150075,50886,50579,3478,54057,423
2022-02-25,Lake,033,64148,10510,10383,862,11245,128
2022-02-25,Lassen,035,31185,8827,8761,869,9630,55
2022-02-25,Los Angeles,037,10098052,2688566,2660973,121421,2782394,30202
2022-02-25,Madera,039,155013,36903,36933,5938,42871,330
2022-02-25,Marin,041,260295,32810,32651,2146,34797,267
2022-02-25,Mariposa,043,17540,2356,2332,194,2526,6
2022-02-25,Mendocino,045,87422,12871,12762,2937,15699,111
2022-02-25,Merced,047,269075,61876,61348,8517,69865,775
2022-02-25,Modoc,049,8938,725,726,247,973,7
2022-02-25,Mono,051,14174,2957,2959,119,3078,5
2022-02-25,Monterey,053,433212,78489,77610,13110,90720,692
2022-02-25,Napa,055,140530,25238,25221,916,26137,130
2022-02-25,Nevada,057,99092,15770,15850,1152,17002,121
2022-02-25,Orange,059,3164182,542075,539992,40731,580723,6540
2022-02-25,Placer,061,380077,62116,61803,7237,69040,573
2022-02-25,Plumas,063,18699,2948,2673,356,3029,13
2022-02-25,Riverside,065,2383286,587523,584835,27443,612278,6143
2022-02-25,Sacramento,067,1510023,278075,272339,26172,298511,2793
2022-02-25,San Benito,069,59416,12837,12770,507,13277,92
2022-02-25,San Bernardino,071,2135413,571034,555668,24694,580362,6505
2022-02-25,San Diego,073,3302833,742516,736049,51887,787936,5002
2022-02-25,San Francisco,075,870044,121614,123079,8015,131094,769
2022-02-25,San Joaquin,077,732212,165309,164418,9767,174185,2048
2022-02-25,San Luis Obispo,079,281455,51713,51358,3639,54997,438
2022-02-25,San Mateo,081,765935,119553,117860,6751,124611,603
2022-02-25,Santa Barbara,083,443738,84882,84830,4630,89460,652
2022-02-25,Santa Clara,085,1922200,309423,305895,12048,317943,2166
2022-02-25,Santa Cruz,087,273765,46721,46186,2051,48237,251
2022-02-25,Shasta,089,179085,30169,30108,5999,36107,485
2022-02-25,Sierra,091,2930,271,270,47,317,1
2022-02-25,Siskiyou,093,43540,4389,4359,2672,7031,72
2022-02-25,Solano,095,438530,80390,80225,5453,85678,428
2022-02-25,Sonoma,097,501317,82234,81702,2516,84218,432
2022-02-25,Stanislaus,099,539301,116622,116896,17614,134510,1503
2022-02-25,Sutter,101,95872,20244,20230,1987,22217,214
2022-02-25,Tehama,103,63373,11935,11878,2555,14433,158
2022-02-25,Trinity,105,12862,1173,1156,284,1440,20
2022-02-25,Tulare,107,460477,105436,102983,27195,130178,1295
2022-02-25,Tuolumne,109,53932,12547,12169,546,12715,175
2022-02-25,Ventura,111,848112,171525,171292,9281,180573,1411
2022-02-25,Yolo,113,214977,36492,35615,2822,38437,296
2022-02-25,Yuba,115,75493,15633,15587,1157,16744,113
2022-02-24,Alameda,001,1643700,252100,250867,13304,264171,1716
2022-02-24,Alpine,003,1148,122,125,1,126,0
2022-02-24,Amador,005,37829,8358,8282,628,8910,83
2022-02-24,Butte,007,227075,32777,32466,6910,39376,368
2022-02-24,Calaveras,009,45235,7175,7192,338,7530,110
2022-02-24,Colusa,011,21464,3423,3414,1039,4453,21
2022-02-24,Contra Costa,013,1133247,189292,184686,13016,197702,1209
2022-02-24,Del Norte,015,27424,5639,5639,170,5809,45
2022-02-24,El Dorado,017,186661,26425,26355,3152,29507,191
2022-02-24,Fresno,019,978130,229282,225679,23836,249515,2597
2022-02-24,Glenn,021,27897,4942,4909,1587,6496,40
2022-02-24,Humboldt,023,135768,16598,16619,2865,19484,133
2022-02-24,Imperial,025,180216,54872,54367,10464,64831,871
2022-02-24,Inyo,027,18085,4042,4034,452,4486,56
2022-02-24,Kern,029,883053,190256,188584,45312,233896,2106
2022-02-24,Kings,031,150075,50856,50579,3473,54052,423
2022-02-24,Lake,033,64148,10493,10383,862,11245,128
2022-02-24,Lassen,035,31185,8823,8761,868,9629,55
2022-02-24,Los Angeles,037,10098052,2687409,2660973,121366,2782339,30202
2022-02-24,Madera,039,155013,36877,36933,5936,42869,330
2022-02-24,Marin,041,260295,32790,32651,2145,34796,267
2022-02-24,Mariposa,043,17540,2350,2332,193,2525,6
2022-02-24,Mendocino,045,87422,12864,12762,2933,15695,111
2022-02-24,Merced,047,269075,61846,61348,8508,69856,775
2022-02-24,Modoc,049,8938,724,726,247,973,7
2022-02-24,Mono,051,14174,2956,2959,119,3078,5
2022-02-24,Monterey,053,433212,78437,77610,13102,90712,692
2022-02-24,Napa,055,140530,25198,25221,912,26133,130
2022-02-24,Nevada,057,99092,15756,15850,1152,17002,121
2022-02-24,Orange,059,3164182,541826,539992,40696,580688,6540
2022-02-24,Placer,061,380077,62079,61803,7235,69038,573
2022-02-24,Plumas,063,18699,2943,2673,355,3028,13
2022-02-24,Riverside,065,2383286,587270,584835,27417,612252,6143
2022-02-24,Sacramento,067,1510023,277902,272339,26156,298495,2793
2022-02-24,San Benito,069,59416,12826,12770,507,13277,92
2022-02-24,San Bernardino,071,2135413,570841,555668,24682,580350,6505
2022-02-24,San Diego,073,3302833,742102,736049,51840,787889,5002
2022-02-24,San Francisco,075,870044,121491,123079,8008,131087,769
2022-02-24,San Joaquin,077,732212,165181,164418,9763,174181,2048
2022-02-24,San Luis Obispo,079,281455,51667,51358,3637,54995,438
2022-02-24,San Mateo,081,765935,119460,117860,6745,124605,603
2022-02-24,Santa Barbara,083,443738,84817,84830,4629,89459,652
2022-02-24,Santa Clara,085,1922200,309188,305895,12035,317930,2166
2022-02-24,Santa Cruz,087,273765,46641,46186,2049,48235,251
2022-02-24,Shasta,089,179085,30150,30108,5993,36101,485
2022-02-24,Sierra,091,2930,271,270,47,317,1
2022-02-24,Siskiyou,093,43540,4386,4359,2669,7028,72
2022-02-24,Solano,095,438530,80311,80225,5449,85674,428
2022-02-24,Sonoma,097,501317,82180,81702,2511,84213,432
2022-02-24,Stanislaus,099,539301,116547,116896,17601,134497,1503
2022-02-24,Sutter,101,95872,20230,20230,1971,22201,214
2022-02-24,Tehama,103,63373,11929,11878,2554,14432,158
2022-02-24,Trinity,105,12862,1171,1156,284,1440,20
2022-02-24,Tulare,107,460477,105380,102983,27166,130149,1295
2022-02-24,Tuolumne,109,53932,12537,12169,544,12713,175
2022-02-24,Ventura,111,848112,171447,171292,9278,180570,1411
2022-02-24,Yolo,113,214977,36466,35615,2820,38435,296
2022-02-24,Yuba,115,75493,15619,15587,1157,16744,113
2022-02-23,Alameda,001,1643700,251870,247686,13289,260975,1713
2022-02-23,Alpine,003,1148,122,125,1,126,0
2022-02-23,Amador,005,37829,8340,8274,628,8902,79
2022-02-23,Butte,007,227075,32750,32417,6907,39324,367
2022-02-23,Calaveras,009,45235,7165,7182,337,7519,107
2022-02-23,Colusa,011,21464,3419,3411,1039,4450,21
2022-02-23,Contra Costa,013,1133247,189149,184013,13003,197016,1209
2022-02-23,Del Norte,015,27424,5628,5625,169,5794,45
2022-02-23,El Dorado,017,186661,26409,26317,3148,29465,189
2022-02-23,Fresno,019,978130,229095,225308,23813,249121,2596
2022-02-23,Glenn,021,27897,4938,4909,1585,6494,40
2022-02-23,Humboldt,023,135768,16582,16601,2862,19463,132
2022-02-23,Imperial,025,180216,54833,54292,10451,64743,871
2022-02-23,Inyo,027,18085,4041,4031,449,4480,54
2022-02-23,Kern,029,883053,190153,188432,45265,233697,2106
2022-02-23,Kings,031,150075,50823,50416,3472,53888,423
2022-02-23,Lake,033,64148,10475,10368,861,11229,126
2022-02-23,Lassen,035,31185,8807,8749,868,9617,55
2022-02-23,Los Angeles,037,10098052,2686047,2659569,121324,2780893,30167
2022-02-23,Madera,039,155013,36846,36876,5926,42802,330
2022-02-23,Marin,041,260295,32767,32625,2144,34769,267
2022-02-23,Mariposa,043,17540,2345,2325,192,2517,6
2022-02-23,Mendocino,045,87422,12854,12747,2929,15676,111
2022-02-23,Merced,047,269075,61814,61295,8502,69797,772
2022-02-23,Modoc,049,8938,724,723,246,969,7
2022-02-23,Mono,051,14174,2955,2960,119,3079,5
2022-02-23,Monterey,053,433212,78399,77472,13079,90551,691
2022-02-23,Napa,055,140530,25173,25185,907,26092,128
2022-02-23,Nevada,057,99092,15750,15825,1149,16974,121
2022-02-23,Orange,059,3164182,541521,539631,40674,580305,6520
2022-02-23,Placer,061,380077,62032,61758,7228,68986,573
2022-02-23,Plumas,063,18699,2939,2663,355,3018,13
2022-02-23,Riverside,065,2383286,586979,584381,27381,611762,6119
2022-02-23,Sacramento,067,1510023,277743,272057,26135,298192,2796
2022-02-23,San Benito,069,59416,12819,12756,506,13262,92
2022-02-23,San Bernardino,071,2135413,570681,555238,24666,579904,6479
2022-02-23,San Diego,073,3302833,741598,735406,51790,787196,4988
2022-02-23,San Francisco,075,870044,121364,122127,8006,130133,769
2022-02-23,San Joaquin,077,732212,165089,164257,9757,174014,2042
2022-02-23,San Luis Obispo,079,281455,51619,51264,3635,54899,434
2022-02-23,San Mateo,081,765935,119369,117585,6736,124321,603
2022-02-23,Santa Barbara,083,443738,84756,84760,4625,89385,651
2022-02-23,Santa Clara,085,1922200,308931,305484,12026,317510,2157
2022-02-23,Santa Cruz,087,273765,46571,46059,2048,48107,251
2022-02-23,Shasta,089,179085,30122,30066,5990,36056,481
2022-02-23,Sierra,091,2930,271,270,47,317,1
2022-02-23,Siskiyou,093,43540,4383,4356,2667,7023,71
2022-02-23,Solano,095,438530,80221,80103,5447,85550,427
2022-02-23,Sonoma,097,501317,82126,81594,2509,84103,432
2022-02-23,Stanislaus,099,539301,116470,116789,17592,134381,1482
2022-02-23,Sutter,101,95872,20213,20194,1967,22161,213
2022-02-23,Tehama,103,63373,11919,11863,2554,14417,154
2022-02-23,Trinity,105,12862,1171,1156,284,1440,20
2022-02-23,Tulare,107,460477,105313,102812,27143,129955,1290
2022-02-23,Tuolumne,109,53932,12528,12158,543,12701,175
2022-02-23,Ventura,111,848112,171359,171163,9271,180434,1401
2022-02-23,Yolo,113,214977,36429,35590,2813,38403,296
2022-02-23,Yuba,115,75493,15616,15571,1155,16726,113
2022-02-22,Alameda,001,1643700,251624,247434,13276,260710,1706
2022-02-22,Alpine,003,1148,122,124,1,125,0
2022-02-22,Amador,005,37829,8330,8243,628,8871,79
2022-02-22,Butte,007,227075,32715,32359,6900,39259,366
2022-02-22,Calaveras,009,45235,7156,7178,337,7515,107
2022-02-22,Colusa,011,21464,3418,3402,1037,4439,21
2022-02-22,Contra Costa,013,1133247,188996,183812,12984,196796,1201
2022-02-22,Del Norte,015,27424,5619,5611,168,5779,45
2022-02-22,El Dorado,017,186661,26399,26289,3148,29437,189
2022-02-22,Fresno,019,978130,228869,225104,23787,248891,2592
2022-02-22,Glenn,021,27897,4937,4900,1584,6484,40
2022-02-22,Humboldt,023,135768,16559,16559,2858,19417,132
2022-02-22,Imperial,025,180216,54801,54227,10447,64674,864
2022-02-22,Inyo,027,18085,4039,4026,447,4473,54
2022-02-22,Kern,029,883053,190033,188237,45229,233466,2102
2022-02-22,Kings,031,150075,50761,50359,3470,53829,423
2022-02-22,Lake,033,64148,10464,10353,859,11212,126
2022-02-22,Lassen,035,31185,8803,8730,868,9598,55
2022-02-22,Los Angeles,037,10098052,2684589,2658230,121235,2779465,30129
2022-02-22,Madera,039,155013,36812,36833,5917,42750,330
2022-02-22,Marin,041,260295,32742,32591,2143,34734,267
2022-02-22,Mariposa,043,17540,2337,2322,192,2514,6
2022-02-22,Mendocino,045,87422,12840,12714,2919,15633,110
2022-02-22,Merced,047,269075,61753,61241,8495,69736,770
2022-02-22,Modoc,049,8938,721,720,246,966,6
2022-02-22,Mono,051,14174,2955,2961,119,3080,5
2022-02-22,Monterey,053,433212,78345,77359,13060,90419,690
2022-02-22,Napa,055,140530,25144,25151,906,26057,128
2022-02-22,Nevada,057,99092,15734,15815,1148,16963,121
2022-02-22,Orange,059,3164182,541234,539390,40641,580031,6502
2022-02-22,Placer,061,380077,61994,61709,7223,68932,572
2022-02-22,Plumas,063,18699,2933,2659,354,3013,13
2022-02-22,Riverside,065,2383286,586722,583969,27361,611330,6097
2022-02-22,Sacramento,067,1510023,277553,271789,26111,297900,2775
2022-02-22,San Benito,069,59416,12808,12742,505,13247,92
2022-02-22,San Bernardino,071,2135413,570479,554903,24647,579550,6451
2022-02-22,San Diego,073,3302833,741073,734536,51735,786271,4974
2022-02-22,San Francisco,075,870044,121235,121954,8002,129956,769
2022-02-22,San Joaquin,077,732212,164968,164111,9747,173858,2040
2022-02-22,San Luis Obispo,079,281455,51534,51193,3629,54822,431
2022-02-22,San Mateo,081,765935,119275,117418,6731,124149,603
2022-02-22,Santa Barbara,083,443738,84695,84701,4621,89322,650
2022-02-22,Santa Clara,085,1922200,308647,305045,12020,317065,2155
2022-02-22,Santa Cruz,087,273765,46506,45958,2048,48006,251
2022-02-22,Shasta,089,179085,30097,30024,5985,36009,479
2022-02-22,Sierra,091,2930,271,269,46,315,0
2022-02-22,Siskiyou,093,43540,4380,4350,2662,7012,70
2022-02-22,Solano,095,438530,80145,79968,5445,85413,425
2022-02-22,Sonoma,097,501317,82060,81412,2505,83917,431
2022-02-22,Stanislaus,099,539301,116389,116676,17572,134248,1475
2022-02-22,Sutter,101,95872,20197,20164,1965,22129,210
2022-02-22,Tehama,103,63373,11910,11852,2553,14405,152
2022-02-22,Trinity,105,12862,1171,1147,283,1430,20
2022-02-22,Tulare,107,460477,105207,102717,27113,129830,1287
2022-02-22,Tuolumne,109,53932,12510,12136,542,12678,175
2022-02-22,Ventura,111,848112,171274,171064,9265,180329,1401
2022-02-22,Yolo,113,214977,36392,35527,2808,38335,292
2022-02-22,Yuba,115,75493,15606,15550,1154,16704,110
2022-02-21,Alameda,001,1643700,251339,247434,13260,260694,1704
2022-02-21,Alpine,003,1148,122,124,1,125,0
2022-02-21,Amador,005,37829,8324,8246,628,8874,79
2022-02-21,Butte,007,227075,32673,32356,6876,39232,366
2022-02-21,Calaveras,009,45235,7148,7175,337,7512,107
2022-02-21,Colusa,011,21464,3416,3401,1035,4436,21
2022-02-21,Contra Costa,013,1133247,188769,183701,12970,196671,1201
2022-02-21,Del Norte,015,27424,5601,5601,167,5768,45
2022-02-21,El Dorado,017,186661,26371,26273,3143,29416,189
2022-02-21,Fresno,019,978130,228552,224923,23731,248654,2592
2022-02-21,Glenn,021,27897,4932,4897,1584,6481,40
2022-02-21,Humboldt,023,135768,16516,16548,2850,19398,132
2022-02-21,Imperial,025,180216,54741,54208,10434,64642,864
2022-02-21,Inyo,027,18085,4036,4023,447,4470,54
2022-02-21,Kern,029,883053,189841,188188,45177,233365,2102
2022-02-21,Kings,031,150075,50695,50188,3467,53655,422
2022-02-21,Lake,033,64148,10442,10334,857,11191,126
2022-02-21,Lassen,035,31185,8795,8705,863,9568,55
2022-02-21,Los Angeles,037,10098052,2682817,2656873,121140,2778013,30108
2022-02-21,Madera,039,155013,36775,36796,5896,42692,330
2022-02-21,Marin,041,260295,32718,32570,2143,34713,258
2022-02-21,Mariposa,043,17540,2334,2321,192,2513,6
2022-02-21,Mendocino,045,87422,12813,12706,2908,15614,110
2022-02-21,Merced,047,269075,61696,61209,8478,69687,770
2022-02-21,Modoc,049,8938,720,718,246,964,6
2022-02-21,Mono,051,14174,2954,2960,119,3079,5
2022-02-21,Monterey,053,433212,78251,77354,13019,90373,690
2022-02-21,Napa,055,140530,25105,25126,906,26032,128
2022-02-21,Nevada,057,99092,15723,15810,1145,16955,121
2022-02-21,Orange,059,3164182,540883,539068,40616,579684,6502
2022-02-21,Placer,061,380077,61940,61727,7219,68946,572
2022-02-21,Plumas,063,18699,2930,2657,349,3006,13
2022-02-21,Riverside,065,2383286,586353,583712,27314,611026,6097
2022-02-21,Sacramento,067,1510023,277300,271588,26078,297666,2769
2022-02-21,San Benito,069,59416,12795,12731,505,13236,92
2022-02-21,San Bernardino,071,2135413,570241,554662,24626,579288,6441
2022-02-21,San Diego,073,3302833,740458,732298,51657,783955,4974
2022-02-21,San Francisco,075,870044,121054,121865,7998,129863,769
2022-02-21,San Joaquin,077,732212,164829,164036,9735,173771,2040
2022-02-21,San Luis Obispo,079,281455,51443,51184,3622,54806,429
2022-02-21,San Mateo,081,765935,119182,117259,6723,123982,605
2022-02-21,Santa Barbara,083,443738,84619,84626,4613,89239,650
2022-02-21,Santa Clara,085,1922200,308316,304858,12014,316872,2158
2022-02-21,Santa Cruz,087,273765,46380,45941,2047,47988,251
2022-02-21,Shasta,089,179085,30052,30004,5977,35981,479
2022-02-21,Sierra,091,2930,271,269,46,315,0
2022-02-21,Siskiyou,093,43540,4369,4337,2657,6994,70
2022-02-21,Solano,095,438530,80052,79906,5440,85346,425
2022-02-21,Sonoma,097,501317,81946,81361,2498,83859,431
2022-02-21,Stanislaus,099,539301,116278,116597,17548,134145,1475
2022-02-21,Sutter,101,95872,20172,20152,1963,22115,210
2022-02-21,Tehama,103,63373,11896,11842,2552,14394,152
2022-02-21,Trinity,105,12862,1170,1147,283,1430,20
2022-02-21,Tulare,107,460477,105113,102614,27070,129684,1287
2022-02-21,Tuolumne,109,53932,12499,12126,539,12665,175
2022-02-21,Ventura,111,848112,171135,170939,9256,180195,1401
2022-02-21,Yolo,113,214977,36349,35518,2799,38317,292
2022-02-21,Yuba,115,75493,15587,15546,1145,16691,110
2022-02-20,Alameda,001,1643700,251110,246028,13252,259280,1700
2022-02-20,Alpine,003,1148,122,124,1,125,0
2022-02-20,Amador,005,37829,8312,8203,628,8831,79
2022-02-20,Butte,007,227075,32644,32173,6872,39045,364
2022-02-20,Calaveras,009,45235,7145,7136,336,7472,107
2022-02-20,Colusa,011,21464,3413,3389,1034,4423,21
2022-02-20,Contra Costa,013,1133247,188639,182797,12965,195762,1190
2022-02-20,Del Norte,015,27424,5586,5511,167,5678,45
2022-02-20,El Dorado,017,186661,26350,26101,3142,29243,189
2022-02-20,Fresno,019,978130,228355,223594,23715,247309,2544
2022-02-20,Glenn,021,27897,4929,4881,1584,6465,39
2022-02-20,Humboldt,023,135768,16504,16393,2846,19239,132
2022-02-20,Imperial,025,180216,54675,53967,10424,64391,862
2022-02-20,Inyo,027,18085,4036,4018,446,4464,52
2022-02-20,Kern,029,883053,189707,187158,45133,232291,2095
2022-02-20,Kings,031,150075,50667,49724,3464,53188,421
2022-02-20,Lake,033,64148,10409,10184,856,11040,126
2022-02-20,Lassen,035,31185,8783,8640,863,9503,55
2022-02-20,Los Angeles,037,10098052,2681497,2642878,121058,2763936,29842
2022-02-20,Madera,039,155013,36744,36526,5892,42418,330
2022-02-20,Marin,041,260295,32701,32441,2143,34584,258
2022-02-20,Mariposa,043,17540,2328,2310,190,2500,6
2022-02-20,Mendocino,045,87422,12803,12625,2905,15530,110
2022-02-20,Merced,047,269075,61668,60886,8474,69360,769
2022-02-20,Modoc,049,8938,719,714,246,960,6
2022-02-20,Mono,051,14174,2954,2956,119,3075,5
2022-02-20,Monterey,053,433212,78191,76765,13006,89771,682
2022-02-20,Napa,055,140530,25083,24970,904,25874,127
2022-02-20,Nevada,057,99092,15712,15715,1144,16859,121
2022-02-20,Orange,059,3164182,540564,538019,40580,578599,6416
2022-02-20,Placer,061,380077,61907,61417,7211,68628,560
2022-02-20,Plumas,063,18699,2926,2646,347,2993,13
2022-02-20,Riverside,065,2383286,586084,581788,27288,609076,6087
2022-02-20,Sacramento,067,1510023,277120,270080,26054,296134,2747
2022-02-20,San Benito,069,59416,12792,12665,505,13170,92
2022-02-20,San Bernardino,071,2135413,570033,553151,24609,577760,6400
2022-02-20,San Diego,073,3302833,739886,729549,51592,781141,4947
2022-02-20,San Francisco,075,870044,120917,121197,7988,129185,756
2022-02-20,San Joaquin,077,732212,164710,163083,9724,172807,2033
2022-02-20,San Luis Obispo,079,281455,51414,50823,3618,54441,424
2022-02-20,San Mateo,081,765935,119108,116648,6716,123364,598
2022-02-20,Santa Barbara,083,443738,84575,83988,4611,88599,642
2022-02-20,Santa Clara,085,1922200,308033,303077,12006,315083,2138
2022-02-20,Santa Cruz,087,273765,46314,45532,2044,47576,250
2022-02-20,Shasta,089,179085,30023,29847,5970,35817,479
2022-02-20,Sierra,091,2930,271,269,46,315,0
2022-02-20,Siskiyou,093,43540,4364,4307,2656,6963,70
2022-02-20,Solano,095,438530,79977,78914,5436,84350,424
2022-02-20,Sonoma,097,501317,81871,80843,2495,83338,431
2022-02-20,Stanislaus,099,539301,116212,115976,17531,133507,1454
2022-02-20,Sutter,101,95872,20160,20060,1960,22020,210
2022-02-20,Tehama,103,63373,11884,11760,2549,14309,152
2022-02-20,Trinity,105,12862,1169,1130,283,1413,20
2022-02-20,Tulare,107,460477,105025,101996,27044,129040,1286
2022-02-20,Tuolumne,109,53932,12478,12036,539,12575,175
2022-02-20,Ventura,111,848112,171039,170331,9249,179580,1384
2022-02-20,Yolo,113,214977,36323,35363,2796,38159,293
2022-02-20,Yuba,115,75493,15572,15449,1144,16593,112
2022-02-19,Alameda,001,1643700,250936,246028,13248,259276,1700
2022-02-19,Alpine,003,1148,122,124,1,125,0
2022-02-19,Amador,005,37829,8308,8203,628,8831,79
2022-02-19,Butte,007,227075,32620,32173,6869,39042,364
2022-02-19,Calaveras,009,45235,7145,7136,336,7472,107
2022-02-19,Colusa,011,21464,3412,3389,1032,4421,21
2022-02-19,Contra Costa,013,1133247,188542,182797,12964,195761,1190
2022-02-19,Del Norte,015,27424,5576,5511,167,5678,45
2022-02-19,El Dorado,017,186661,26332,26101,3140,29241,189
2022-02-19,Fresno,019,978130,228237,223594,23708,247302,2544
2022-02-19,Glenn,021,27897,4924,4881,1584,6465,39
2022-02-19,Humboldt,023,135768,16489,16393,2846,19239,132
2022-02-19,Imperial,025,180216,54659,53967,10419,64386,862
2022-02-19,Inyo,027,18085,4035,4018,445,4463,52
2022-02-19,Kern,029,883053,189604,187158,45109,232267,2095
2022-02-19,Kings,031,150075,50644,49724,3463,53187,421
2022-02-19,Lake,033,64148,10400,10184,856,11040,126
2022-02-19,Lassen,035,31185,8771,8640,862,9502,55
2022-02-19,Los Angeles,037,10098052,2680709,2642878,121016,2763894,29842
2022-02-19,Madera,039,155013,36722,36526,5890,42416,330
2022-02-19,Marin,041,260295,32678,32441,2142,34583,258
2022-02-19,Mariposa,043,17540,2325,2310,190,2500,6
2022-02-19,Mendocino,045,87422,12793,12625,2905,15530,110
2022-02-19,Merced,047,269075,61624,60886,8470,69356,769
2022-02-19,Modoc,049,8938,719,714,245,959,6
2022-02-19,Mono,051,14174,2953,2956,119,3075,5
2022-02-19,Monterey,053,433212,78102,76765,12995,89760,682
2022-02-19,Napa,055,140530,25073,24970,904,25874,127
2022-02-19,Nevada,057,99092,15704,15715,1144,16859,121
2022-02-19,Orange,059,3164182,540362,538019,40554,578573,6416
2022-02-19,Placer,061,380077,61860,61417,7211,68628,560
2022-02-19,Plumas,063,18699,2925,2646,347,2993,13
2022-02-19,Riverside,065,2383286,585902,581788,27276,609064,6087
2022-02-19,Sacramento,067,1510023,276975,270080,26043,296123,2747
2022-02-19,San Benito,069,59416,12779,12665,504,13169,92
2022-02-19,San Bernardino,071,2135413,569871,553151,24602,577753,6400
2022-02-19,San Diego,073,3302833,739541,729549,51545,781094,4947
2022-02-19,San Francisco,075,870044,120832,121197,7984,129181,756
2022-02-19,San Joaquin,077,732212,164637,163083,9713,172796,2033
2022-02-19,San Luis Obispo,079,281455,51401,50823,3614,54437,424
2022-02-19,San Mateo,081,765935,119066,116648,6715,123363,598
2022-02-19,Santa Barbara,083,443738,84508,83988,4610,88598,642
2022-02-19,Santa Clara,085,1922200,307838,303077,12004,315081,2138
2022-02-19,Santa Cruz,087,273765,46276,45532,2042,47574,250
2022-02-19,Shasta,089,179085,30009,29847,5967,35814,479
2022-02-19,Sierra,091,2930,271,269,46,315,0
2022-02-19,Siskiyou,093,43540,4361,4307,2656,6963,70
2022-02-19,Solano,095,438530,79935,78914,5435,84349,424
2022-02-19,Sonoma,097,501317,81829,80843,2495,83338,431
2022-02-19,Stanislaus,099,539301,116140,115976,17525,133501,1454
2022-02-19,Sutter,101,95872,20152,20060,1960,22020,210
2022-02-19,Tehama,103,63373,11877,11760,2549,14309,152
2022-02-19,Trinity,105,12862,1167,1130,283,1413,20
2022-02-19,Tulare,107,460477,104978,101996,27019,129015,1286
2022-02-19,Tuolumne,109,53932,12469,12036,539,12575,175
2022-02-19,Ventura,111,848112,170964,170331,9245,179576,1384
2022-02-19,Yolo,113,214977,36292,35363,2792,38155,293
2022-02-19,Yuba,115,75493,15563,15449,1144,16593,112
2022-02-18,Alameda,001,1643700,250770,246028,13240,259268,1700
2022-02-18,Alpine,003,1148,121,124,1,125,0
2022-02-18,Amador,005,37829,8301,8203,626,8829,79
2022-02-18,Butte,007,227075,32599,32173,6863,39036,364
2022-02-18,Calaveras,009,45235,7140,7136,335,7471,107
2022-02-18,Colusa,011,21464,3410,3389,1032,4421,21
2022-02-18,Contra Costa,013,1133247,188435,182797,12958,195755,1190
2022-02-18,Del Norte,015,27424,5565,5511,167,5678,45
2022-02-18,El Dorado,017,186661,26321,26101,3140,29241,189
2022-02-18,Fresno,019,978130,228049,223594,23695,247289,2544
2022-02-18,Glenn,021,27897,4923,4881,1583,6464,39
2022-02-18,Humboldt,023,135768,16472,16393,2841,19234,132
2022-02-18,Imperial,025,180216,54633,53967,10408,64375,862
2022-02-18,Inyo,027,18085,4033,4018,445,4463,52
2022-02-18,Kern,029,883053,189492,187158,45064,232222,2095
2022-02-18,Kings,031,150075,50557,49724,3463,53187,421
2022-02-18,Lake,033,64148,10382,10184,854,11038,126
2022-02-18,Lassen,035,31185,8751,8640,861,9501,55
2022-02-18,Los Angeles,037,10098052,2679726,2642878,120961,2763839,29842
2022-02-18,Madera,039,155013,36699,36526,5888,42414,330
2022-02-18,Marin,041,260295,32660,32441,2140,34581,258
2022-02-18,Mariposa,043,17540,2323,2310,190,2500,6
2022-02-18,Mendocino,045,87422,12783,12625,2905,15530,110
2022-02-18,Merced,047,269075,61581,60886,8461,69347,769
2022-02-18,Modoc,049,8938,719,714,245,959,6
2022-02-18,Mono,051,14174,2953,2956,119,3075,5
2022-02-18,Monterey,053,433212,78029,76765,12987,89752,682
2022-02-18,Napa,055,140530,25055,24970,904,25874,127
2022-02-18,Nevada,057,99092,15696,15715,1144,16859,121
2022-02-18,Orange,059,3164182,540126,538019,40515,578534,6416
2022-02-18,Placer,061,380077,61831,61417,7204,68621,560
2022-02-18,Plumas,063,18699,2921,2646,347,2993,13
2022-02-18,Riverside,065,2383286,585721,581788,27268,609056,6087
2022-02-18,Sacramento,067,1510023,276783,270080,26035,296115,2747
2022-02-18,San Benito,069,59416,12771,12665,504,13169,92
2022-02-18,San Bernardino,071,2135413,569693,553151,24597,577748,6400
2022-02-18,San Diego,073,3302833,739117,729549,51519,781068,4947
2022-02-18,San Francisco,075,870044,120744,121197,7976,129173,756
2022-02-18,San Joaquin,077,732212,164568,163083,9706,172789,2033
2022-02-18,San Luis Obispo,079,281455,51385,50823,3611,54434,424
2022-02-18,San Mateo,081,765935,119001,116648,6712,123360,598
2022-02-18,Santa Barbara,083,443738,84468,83988,4608,88596,642
2022-02-18,Santa Clara,085,1922200,307601,303077,12003,315080,2138
2022-02-18,Santa Cruz,087,273765,46242,45532,2041,47573,250
2022-02-18,Shasta,089,179085,29995,29847,5966,35813,479
2022-02-18,Sierra,091,2930,271,269,46,315,0
2022-02-18,Siskiyou,093,43540,4358,4307,2654,6961,70
2022-02-18,Solano,095,438530,79865,78914,5434,84348,424
2022-02-18,Sonoma,097,501317,81773,80843,2494,83337,431
2022-02-18,Stanislaus,099,539301,116090,115976,17511,133487,1454
2022-02-18,Sutter,101,95872,20140,20060,1960,22020,210
2022-02-18,Tehama,103,63373,11866,11760,2549,14309,152
2022-02-18,Trinity,105,12862,1166,1130,282,1412,20
2022-02-18,Tulare,107,460477,104927,101996,26978,128974,1286
2022-02-18,Tuolumne,109,53932,12463,12036,538,12574,175
2022-02-18,Ventura,111,848112,170874,170331,9240,179571,1384
2022-02-18,Yolo,113,214977,36264,35363,2790,38153,293
2022-02-18,Yuba,115,75493,15548,15449,1144,16593,112
2022-02-17,Alameda,001,1643700,250504,246028,13224,259252,1700
2022-02-17,Alpine,003,1148,121,124,1,125,0
2022-02-17,Amador,005,37829,8297,8203,624,8827,79
2022-02-17,Butte,007,227075,32566,32173,6859,39032,364
2022-02-17,Calaveras,009,45235,7131,7136,332,7468,107
2022-02-17,Colusa,011,21464,3407,3389,1032,4421,21
2022-02-17,Contra Costa,013,1133247,188239,182797,12926,195723,1190
2022-02-17,Del Norte,015,27424,5544,5511,167,5678,45
2022-02-17,El Dorado,017,186661,26295,26101,3130,29231,189
2022-02-17,Fresno,019,978130,227759,223594,23665,247259,2544
2022-02-17,Glenn,021,27897,4921,4881,1580,6461,39
2022-02-17,Humboldt,023,135768,16432,16393,2840,19233,132
2022-02-17,Imperial,025,180216,54562,53967,10392,64359,862
2022-02-17,Inyo,027,18085,4031,4018,444,4462,52
2022-02-17,Kern,029,883053,189338,187158,45015,232173,2095
2022-02-17,Kings,031,150075,50493,49724,3458,53182,421
2022-02-17,Lake,033,64148,10352,10184,850,11034,126
2022-02-17,Lassen,035,31185,8741,8640,859,9499,55
2022-02-17,Los Angeles,037,10098052,2677905,2642878,120882,2763760,29842
2022-02-17,Madera,039,155013,36656,36526,5881,42407,330
2022-02-17,Marin,041,260295,32634,32441,2139,34580,258
2022-02-17,Mariposa,043,17540,2321,2310,189,2499,6
2022-02-17,Mendocino,045,87422,12766,12625,2902,15527,110
2022-02-17,Merced,047,269075,61506,60886,8444,69330,769
2022-02-17,Modoc,049,8938,718,714,245,959,6
2022-02-17,Mono,051,14174,2951,2956,119,3075,5
2022-02-17,Monterey,053,433212,77917,76765,12945,89710,682
2022-02-17,Napa,055,140530,25023,24970,902,25872,127
2022-02-17,Nevada,057,99092,15684,15715,1143,16858,121
2022-02-17,Orange,059,3164182,539787,538019,40488,578507,6416
2022-02-17,Placer,061,380077,61789,61417,7196,68613,560
2022-02-17,Plumas,063,18699,2918,2646,347,2993,13
2022-02-17,Riverside,065,2383286,585349,581788,27241,609029,6087
2022-02-17,Sacramento,067,1510023,276496,270080,25987,296067,2747
2022-02-17,San Benito,069,59416,12760,12665,504,13169,92
2022-02-17,San Bernardino,071,2135413,569389,553151,24583,577734,6400
2022-02-17,San Diego,073,3302833,738520,729549,51465,781014,4947
2022-02-17,San Francisco,075,870044,120610,121197,7966,129163,756
2022-02-17,San Joaquin,077,732212,164404,163083,9693,172776,2033
2022-02-17,San Luis Obispo,079,281455,51280,50823,3603,54426,424
2022-02-17,San Mateo,081,765935,118907,116648,6703,123351,598
2022-02-17,Santa Barbara,083,443738,84368,83988,4601,88589,642
2022-02-17,Santa Clara,085,1922200,307231,303077,11989,315066,2138
2022-02-17,Santa Cruz,087,273765,46159,45532,2039,47571,250
2022-02-17,Shasta,089,179085,29968,29847,5963,35810,479
2022-02-17,Sierra,091,2930,271,269,46,315,0
2022-02-17,Siskiyou,093,43540,4349,4307,2650,6957,70
2022-02-17,Solano,095,438530,79784,78914,5427,84341,424
2022-02-17,Sonoma,097,501317,81707,80843,2487,83330,431
2022-02-17,Stanislaus,099,539301,115986,115976,17494,133470,1454
2022-02-17,Sutter,101,95872,20125,20060,1952,22012,210
2022-02-17,Tehama,103,63373,11858,11760,2548,14308,152
2022-02-17,Trinity,105,12862,1164,1130,280,1410,20
2022-02-17,Tulare,107,460477,104814,101996,26954,128950,1286
2022-02-17,Tuolumne,109,53932,12452,12036,538,12574,175
2022-02-17,Ventura,111,848112,170734,170331,9239,179570,1384
2022-02-17,Yolo,113,214977,36226,35363,2789,38152,293
2022-02-17,Yuba,115,75493,15533,15449,1144,16593,112
2022-02-16,Alameda,001,1643700,250196,245662,13186,258848,1691
2022-02-16,Alpine,003,1148,121,124,1,125,0
2022-02-16,Amador,005,37829,8279,8197,623,8820,77
2022-02-16,Butte,007,227075,32520,32095,6846,38941,363
2022-02-16,Calaveras,009,45235,7127,7129,329,7458,107
2022-02-16,Colusa,011,21464,3402,3384,1032,4416,21
2022-02-16,Contra Costa,013,1133247,188006,182423,12890,195313,1179
2022-02-16,Del Norte,015,27424,5524,5473,164,5637,45
2022-02-16,El Dorado,017,186661,26268,26061,3126,29187,189
2022-02-16,Fresno,019,978130,227398,223056,23616,246672,2542
2022-02-16,Glenn,021,27897,4918,4873,1575,6448,39
2022-02-16,Humboldt,023,135768,16408,16342,2830,19172,132
2022-02-16,Imperial,025,180216,54484,53901,10364,64265,861
2022-02-16,Inyo,027,18085,4028,4013,443,4456,52
2022-02-16,Kern,029,883053,189121,186740,44930,231670,2084
2022-02-16,Kings,031,150075,50440,49575,3449,53024,420
2022-02-16,Lake,033,64148,10327,10145,850,10995,125
2022-02-16,Lassen,035,31185,8708,8618,859,9477,55
2022-02-16,Los Angeles,037,10098052,2675828,2640005,120774,2760779,29749
2022-02-16,Madera,039,155013,36589,36382,5867,42249,330
2022-02-16,Marin,041,260295,32598,32381,2137,34518,257
2022-02-16,Mariposa,043,17540,2319,2305,189,2494,6
2022-02-16,Mendocino,045,87422,12744,12605,2892,15497,108
2022-02-16,Merced,047,269075,61438,60776,8412,69188,767
2022-02-16,Modoc,049,8938,718,711,241,952,6
2022-02-16,Mono,051,14174,2949,2953,119,3072,5
2022-02-16,Monterey,053,433212,77770,76624,12904,89528,682
2022-02-16,Napa,055,140530,24985,24897,899,25796,128
2022-02-16,Nevada,057,99092,15666,15677,1139,16816,121
2022-02-16,Orange,059,3164182,539382,537934,40444,578378,6392
2022-02-16,Placer,061,380077,61746,61278,7184,68462,556
2022-02-16,Plumas,063,18699,2915,2644,345,2989,13
2022-02-16,Riverside,065,2383286,584952,580828,27195,608023,6064
2022-02-16,Sacramento,067,1510023,276172,269416,25931,295347,2736
2022-02-16,San Benito,069,59416,12733,12644,504,13148,92
2022-02-16,San Bernardino,071,2135413,569115,552353,24561,576914,6379
2022-02-16,San Diego,073,3302833,737760,728610,51388,779998,4931
2022-02-16,San Francisco,075,870044,120437,120987,7963,128950,756
2022-02-16,San Joaquin,077,732212,164237,162752,9683,172435,2032
2022-02-16,San Luis Obispo,079,281455,51208,50704,3591,54295,425
2022-02-16,San Mateo,081,765935,118789,116438,6685,123123,595
2022-02-16,Santa Barbara,083,443738,84292,83968,4589,88557,642
2022-02-16,Santa Clara,085,1922200,306840,302439,11958,314397,2130
2022-02-16,Santa Cruz,087,273765,46069,45274,2037,47311,250
2022-02-16,Shasta,089,179085,29930,29767,5951,35718,477
2022-02-16,Sierra,091,2930,270,269,46,315,0
2022-02-16,Siskiyou,093,43540,4342,4302,2644,6946,71
2022-02-16,Solano,095,438530,79669,78742,5421,84163,422
2022-02-16,Sonoma,097,501317,81579,80642,2477,83119,431
2022-02-16,Stanislaus,099,539301,115867,115751,17461,133212,1443
2022-02-16,Sutter,101,95872,20108,20020,1949,21969,210
2022-02-16,Tehama,103,63373,11841,11738,2546,14284,152
2022-02-16,Trinity,105,12862,1164,1130,279,1409,20
2022-02-16,Tulare,107,460477,104694,101817,26904,128721,1281
2022-02-16,Tuolumne,109,53932,12440,11991,537,12528,171
2022-02-16,Ventura,111,848112,170600,170117,9231,179348,1372
2022-02-16,Yolo,113,214977,36175,35284,2787,38071,292
2022-02-16,Yuba,115,75493,15511,15405,1141,16546,110
2022-02-15,Alameda,001,1643700,249845,245265,13159,258424,1683
2022-02-15,Alpine,003,1148,121,124,1,125,0
2022-02-15,Amador,005,37829,8269,8183,622,8805,77
2022-02-15,Butte,007,227075,32471,32011,6832,38843,361
2022-02-15,Calaveras,009,45235,7117,7115,329,7444,106
2022-02-15,Colusa,011,21464,3394,3374,1031,4405,21
2022-02-15,Contra Costa,013,1133247,187749,182041,12860,194901,1179
2022-02-15,Del Norte,015,27424,5496,5439,163,5602,45
2022-02-15,El Dorado,017,186661,26249,25988,3121,29109,189
2022-02-15,Fresno,019,978130,227023,222673,23558,246231,2543
2022-02-15,Glenn,021,27897,4909,4862,1574,6436,39
2022-02-15,Humboldt,023,135768,16363,16297,2815,19112,132
2022-02-15,Imperial,025,180216,54420,53813,10349,64162,860
2022-02-15,Inyo,027,18085,4027,4009,442,4451,52
2022-02-15,Kern,029,883053,188900,186324,44838,231162,2072
2022-02-15,Kings,031,150075,50347,49473,3440,52913,418
2022-02-15,Lake,033,64148,10295,10112,844,10956,123
2022-02-15,Lassen,035,31185,8694,8587,857,9444,55
2022-02-15,Los Angeles,037,10098052,2673578,2638266,120644,2758910,29691
2022-02-15,Madera,039,155013,36523,36260,5847,42107,330
2022-02-15,Marin,041,260295,32556,32355,2135,34490,255
2022-02-15,Mariposa,043,17540,2318,2302,189,2491,6
2022-02-15,Mendocino,045,87422,12727,12580,2873,15453,108
2022-02-15,Merced,047,269075,61356,60674,8380,69054,763
2022-02-15,Modoc,049,8938,716,710,238,948,6
2022-02-15,Mono,051,14174,2948,2952,119,3071,5
2022-02-15,Monterey,053,433212,77644,75530,12846,88376,682
2022-02-15,Napa,055,140530,24935,24832,892,25724,127
2022-02-15,Nevada,057,99092,15640,15643,1138,16781,121
2022-02-15,Orange,059,3164182,538925,537478,40401,577879,6374
2022-02-15,Placer,061,380077,61685,61170,7173,68343,554
2022-02-15,Plumas,063,18699,2911,2638,345,2983,13
2022-02-15,Riverside,065,2383286,584467,579940,27136,607076,6049
2022-02-15,Sacramento,067,1510023,275784,268950,25852,294802,2721
2022-02-15,San Benito,069,59416,12714,12616,504,13120,91
2022-02-15,San Bernardino,071,2135413,568755,551803,24541,576344,6372
2022-02-15,San Diego,073,3302833,736800,727486,51285,778771,4914
2022-02-15,San Francisco,075,870044,120267,120759,7952,128711,756
2022-02-15,San Joaquin,077,732212,164019,162518,9670,172188,2021
2022-02-15,San Luis Obispo,079,281455,51111,50534,3576,54110,419
2022-02-15,San Mateo,081,765935,118653,116253,6665,122918,595
2022-02-15,Santa Barbara,083,443738,84156,83734,4575,88309,640
2022-02-15,Santa Clara,085,1922200,306342,301831,11923,313754,2130
2022-02-15,Santa Cruz,087,273765,45965,45171,2032,47203,250
2022-02-15,Shasta,089,179085,29879,29684,5937,35621,477
2022-02-15,Sierra,091,2930,270,269,46,315,0
2022-02-15,Siskiyou,093,43540,4335,4288,2637,6925,70
2022-02-15,Solano,095,438530,79535,78626,5416,84042,426
2022-02-15,Sonoma,097,501317,81458,80433,2471,82904,431
2022-02-15,Stanislaus,099,539301,115726,115549,17430,132979,1429
2022-02-15,Sutter,101,95872,20078,19980,1944,21924,208
2022-02-15,Tehama,103,63373,11823,11717,2544,14261,151
2022-02-15,Trinity,105,12862,1158,1125,276,1401,20
2022-02-15,Tulare,107,460477,104542,101645,26849,128494,1278
2022-02-15,Tuolumne,109,53932,12421,11945,535,12480,171
2022-02-15,Ventura,111,848112,170426,169942,9224,179166,1372
2022-02-15,Yolo,113,214977,36125,35241,2779,38020,289
2022-02-15,Yuba,115,75493,15483,15372,1136,16508,109
2022-02-14,Alameda,001,1643700,249410,244315,13127,257442,1677
2022-02-14,Alpine,003,1148,121,125,1,126,0
2022-02-14,Amador,005,37829,8254,8164,619,8783,77
2022-02-14,Butte,007,227075,32416,31946,6817,38763,360
2022-02-14,Calaveras,009,45235,7104,7097,327,7424,106
2022-02-14,Colusa,011,21464,3391,3367,1027,4394,21
2022-02-14,Contra Costa,013,1133247,187465,181753,12822,194575,1167
2022-02-14,Del Norte,015,27424,5473,5426,162,5588,45
2022-02-14,El Dorado,017,186661,26214,25915,3112,29027,188
2022-02-14,Fresno,019,978130,226541,222360,23470,245830,2538
2022-02-14,Glenn,021,27897,4904,4854,1574,6428,39
2022-02-14,Humboldt,023,135768,16323,16264,2790,19054,132
2022-02-14,Imperial,025,180216,54349,53765,10323,64088,860
2022-02-14,Inyo,027,18085,4026,4010,441,4451,52
2022-02-14,Kern,029,883053,188558,186037,44730,230767,2063
2022-02-14,Kings,031,150075,50241,49395,3431,52826,419
2022-02-14,Lake,033,64148,10258,10090,841,10931,123
2022-02-14,Lassen,035,31185,8684,8539,855,9394,55
2022-02-14,Los Angeles,037,10098052,2671016,2636064,120517,2756581,29650
2022-02-14,Madera,039,155013,36459,36194,5824,42018,330
2022-02-14,Marin,041,260295,32520,32304,2132,34436,255
2022-02-14,Mariposa,043,17540,2311,2295,189,2484,6
2022-02-14,Mendocino,045,87422,12700,12541,2841,15382,108
2022-02-14,Merced,047,269075,61267,60591,8337,68928,758
2022-02-14,Modoc,049,8938,711,707,238,945,6
2022-02-14,Mono,051,14174,2947,2954,119,3073,5
2022-02-14,Monterey,053,433212,77473,75407,12767,88174,678
2022-02-14,Napa,055,140530,24876,24776,892,25668,127
2022-02-14,Nevada,057,99092,15621,15629,1137,16766,121
2022-02-14,Orange,059,3164182,538421,536924,40335,577259,6355
2022-02-14,Placer,061,380077,61616,61123,7158,68281,554
2022-02-14,Plumas,063,18699,2909,2631,345,2976,13
2022-02-14,Riverside,065,2383286,583920,579174,27068,606242,5994
2022-02-14,Sacramento,067,1510023,275341,268547,25740,294287,2717
2022-02-14,San Benito,069,59416,12690,12598,503,13101,91
2022-02-14,San Bernardino,071,2135413,568339,551338,24521,575859,6372
2022-02-14,San Diego,073,3302833,735832,723902,51182,775084,4894
2022-02-14,San Francisco,075,870044,120080,120581,7942,128523,756
2022-02-14,San Joaquin,077,732212,163778,162363,9647,172010,2018
2022-02-14,San Luis Obispo,079,281455,51003,50465,3566,54031,416
2022-02-14,San Mateo,081,765935,118489,116129,6657,122786,592
2022-02-14,Santa Barbara,083,443738,84010,83697,4565,88262,636
2022-02-14,Santa Clara,085,1922200,305806,301319,11899,313218,2127
2022-02-14,Santa Cruz,087,273765,45802,45042,2028,47070,250
2022-02-14,Shasta,089,179085,29793,29595,5920,35515,474
2022-02-14,Sierra,091,2930,270,269,46,315,0
2022-02-14,Siskiyou,093,43540,4322,4278,2623,6901,69
2022-02-14,Solano,095,438530,79355,78533,5405,83938,427
2022-02-14,Sonoma,097,501317,81317,80336,2459,82795,431
2022-02-14,Stanislaus,099,539301,115548,115426,17387,132813,1406
2022-02-14,Sutter,101,95872,20050,19957,1938,21895,209
2022-02-14,Tehama,103,63373,11800,11686,2543,14229,151
2022-02-14,Trinity,105,12862,1155,1123,276,1399,20
2022-02-14,Tulare,107,460477,104333,101448,26755,128203,1276
2022-02-14,Tuolumne,109,53932,12392,11920,532,12452,170
2022-02-14,Ventura,111,848112,170249,169725,9212,178937,1361
2022-02-14,Yolo,113,214977,36066,35112,2769,37881,286
2022-02-14,Yuba,115,75493,15453,15375,1132,16507,108
2022-02-13,Alameda,001,1643700,248919,243681,13093,256774,1677
2022-02-13,Alpine,003,1148,121,125,1,126,0
2022-02-13,Amador,005,37829,8225,8146,616,8762,77
2022-02-13,Butte,007,227075,32341,31865,6795,38660,360
2022-02-13,Calaveras,009,45235,7097,7083,324,7407,106
2022-02-13,Colusa,011,21464,3389,3366,1025,4391,21
2022-02-13,Contra Costa,013,1133247,187103,181313,12758,194071,1159
2022-02-13,Del Norte,015,27424,5441,5379,162,5541,45
2022-02-13,El Dorado,017,186661,26178,25871,3104,28975,188
2022-02-13,Fresno,019,978130,226003,221686,23411,245097,2537
2022-02-13,Glenn,021,27897,4897,4847,1571,6418,39
2022-02-13,Humboldt,023,135768,16276,16210,2762,18972,132
2022-02-13,Imperial,025,180216,54251,53658,10288,63946,860
2022-02-13,Inyo,027,18085,4023,4006,439,4445,52
2022-02-13,Kern,029,883053,188306,185640,44645,230285,2063
2022-02-13,Kings,031,150075,50114,49243,3419,52662,416
2022-02-13,Lake,033,64148,10195,10042,834,10876,123
2022-02-13,Lassen,035,31185,8659,8503,853,9356,55
2022-02-13,Los Angeles,037,10098052,2667868,2631267,120377,2751644,29595
2022-02-13,Madera,039,155013,36342,36054,5796,41850,330
2022-02-13,Marin,041,260295,32449,32222,2125,34347,255
2022-02-13,Mariposa,043,17540,2305,2292,187,2479,6
2022-02-13,Mendocino,045,87422,12671,12521,2802,15323,108
2022-02-13,Merced,047,269075,61124,60460,8283,68743,758
2022-02-13,Modoc,049,8938,709,704,231,935,6
2022-02-13,Mono,051,14174,2946,2949,119,3068,5
2022-02-13,Monterey,053,433212,77266,75295,12693,87988,678
2022-02-13,Napa,055,140530,24799,24743,889,25632,127
2022-02-13,Nevada,057,99092,15587,15590,1130,16720,121
2022-02-13,Orange,059,3164182,537795,536134,40273,576407,6355
2022-02-13,Placer,061,380077,61540,61020,7137,68157,554
2022-02-13,Plumas,063,18699,2901,2626,342,2968,13
2022-02-13,Riverside,065,2383286,583326,578363,27027,605390,5995
2022-02-13,Sacramento,067,1510023,274826,267947,25609,293556,2699
2022-02-13,San Benito,069,59416,12657,12578,502,13080,91
2022-02-13,San Bernardino,071,2135413,567853,550632,24487,575119,6367
2022-02-13,San Diego,073,3302833,734695,723902,51062,774964,4894
2022-02-13,San Francisco,075,870044,119828,120295,7930,128225,756
2022-02-13,San Joaquin,077,732212,163472,162028,9619,171647,2018
2022-02-13,San Luis Obispo,079,281455,50858,50384,3558,53942,415
2022-02-13,San Mateo,081,765935,118268,115876,6631,122507,592
2022-02-13,Santa Barbara,083,443738,83846,83547,4558,88105,635
2022-02-13,Santa Clara,085,1922200,305163,300412,11862,312274,2114
2022-02-13,Santa Cruz,087,273765,45647,44887,2026,46913,240
2022-02-13,Shasta,089,179085,29714,29531,5897,35428,474
2022-02-13,Sierra,091,2930,270,269,46,315,0
2022-02-13,Siskiyou,093,43540,4315,4264,2607,6871,69
2022-02-13,Solano,095,438530,79197,78424,5382,83806,426
2022-02-13,Sonoma,097,501317,81151,80172,2447,82619,431
2022-02-13,Stanislaus,099,539301,115355,115156,17347,132503,1406
2022-02-13,Sutter,101,95872,20011,19900,1938,21838,209
2022-02-13,Tehama,103,63373,11775,11644,2540,14184,151
2022-02-13,Trinity,105,12862,1152,1120,273,1393,20
2022-02-13,Tulare,107,460477,104120,101135,26667,127802,1276
2022-02-13,Tuolumne,109,53932,12366,11891,527,12418,170
2022-02-13,Ventura,111,848112,170055,169422,9192,178614,1361
2022-02-13,Yolo,113,214977,35999,35057,2757,37814,286
2022-02-13,Yuba,115,75493,15419,15346,1131,16477,107
2022-02-12,Alameda,001,1643700,248699,242137,13079,255216,1668
2022-02-12,Alpine,003,1148,121,124,1,125,0
2022-02-12,Amador,005,37829,8219,8091,616,8707,76
2022-02-12,Butte,007,227075,32312,31601,6789,38390,360
2022-02-12,Calaveras,009,45235,7094,7022,323,7345,106
2022-02-12,Colusa,011,21464,3386,3345,1025,4370,21
2022-02-12,Contra Costa,013,1133247,186912,180270,12751,193021,1141
2022-02-12,Del Norte,015,27424,5422,5262,162,5424,45
2022-02-12,El Dorado,017,186661,26162,25692,3104,28796,188
2022-02-12,Fresno,019,978130,225791,219909,23396,243305,2509
2022-02-12,Glenn,021,27897,4896,4818,1570,6388,39
2022-02-12,Humboldt,023,135768,16252,16058,2759,18817,132
2022-02-12,Imperial,025,180216,54207,53304,10278,63582,860
2022-02-12,Inyo,027,18085,4021,3991,439,4430,52
2022-02-12,Kern,029,883053,188195,184639,44607,229246,2037
2022-02-12,Kings,031,150075,50074,48893,3412,52305,415
2022-02-12,Lake,033,64148,10174,9926,830,10756,123
2022-02-12,Lassen,035,31185,8636,8477,852,9329,55
2022-02-12,Los Angeles,037,10098052,2666713,2616426,120306,2736732,29364
2022-02-12,Madera,039,155013,36308,35710,5790,41500,330
2022-02-12,Marin,041,260295,32417,32048,2122,34170,255
2022-02-12,Mariposa,043,17540,2305,2286,187,2473,6
2022-02-12,Mendocino,045,87422,12655,12439,2802,15241,107
2022-02-12,Merced,047,269075,61070,60187,8278,68465,758
2022-02-12,Modoc,049,8938,709,697,231,928,6
2022-02-12,Mono,051,14174,2945,2939,119,3058,5
2022-02-12,Monterey,053,433212,77205,74842,12671,87513,672
2022-02-12,Napa,055,140530,24771,24530,889,25419,124
2022-02-12,Nevada,057,99092,15574,15499,1129,16628,119
2022-02-12,Orange,059,3164182,537503,534503,40238,574741,6305
2022-02-12,Placer,061,380077,61484,60636,7134,67770,554
2022-02-12,Plumas,063,18699,2900,2617,341,2958,13
2022-02-12,Riverside,065,2383286,582964,575566,27004,602570,5961
2022-02-12,Sacramento,067,1510023,274590,266347,25599,291946,2686
2022-02-12,San Benito,069,59416,12645,12526,502,13028,91
2022-02-12,San Bernardino,071,2135413,567618,548822,24474,573296,6360
2022-02-12,San Diego,073,3302833,734196,720287,51011,771298,4854
2022-02-12,San Francisco,075,870044,119706,119113,7919,127032,740
2022-02-12,San Joaquin,077,732212,163341,161234,9613,170847,2014
2022-02-12,San Luis Obispo,079,281455,50822,50064,3555,53619,416
2022-02-12,San Mateo,081,765935,118180,115235,6624,121859,589
2022-02-12,Santa Barbara,083,443738,83760,83390,4551,87941,631
2022-02-12,Santa Clara,085,1922200,304825,298176,11855,310031,2093
2022-02-12,Santa Cruz,087,273765,45611,44447,2024,46471,239
2022-02-12,Shasta,089,179085,29685,29370,5893,35263,473
2022-02-12,Sierra,091,2930,270,268,46,314,0
2022-02-12,Siskiyou,093,43540,4307,4231,2604,6835,68
2022-02-12,Solano,095,438530,79155,77865,5377,83242,424
2022-02-12,Sonoma,097,501317,81047,79533,2445,81978,431
2022-02-12,Stanislaus,099,539301,115230,114531,17334,131865,1406
2022-02-12,Sutter,101,95872,19996,19800,1938,21738,211
2022-02-12,Tehama,103,63373,11759,11580,2540,14120,151
2022-02-12,Trinity,105,12862,1151,1115,273,1388,20
2022-02-12,Tulare,107,460477,104025,100434,26630,127064,1273
2022-02-12,Tuolumne,109,53932,12348,11754,527,12281,125
2022-02-12,Ventura,111,848112,169948,168736,9187,177923,1340
2022-02-12,Yolo,113,214977,35958,34773,2754,37527,286
2022-02-12,Yuba,115,75493,15405,15242,1130,16372,107
2022-02-11,Alameda,001,1643700,248417,242137,13065,255202,1668
2022-02-11,Alpine,003,1148,121,124,1,125,0
2022-02-11,Amador,005,37829,8207,8091,616,8707,76
2022-02-11,Butte,007,227075,32268,31601,6778,38379,360
2022-02-11,Calaveras,009,45235,7091,7022,323,7345,106
2022-02-11,Colusa,011,21464,3384,3345,1024,4369,21
2022-02-11,Contra Costa,013,1133247,186710,180270,12732,193002,1141
2022-02-11,Del Norte,015,27424,5406,5262,161,5423,45
2022-02-11,El Dorado,017,186661,26143,25692,3103,28795,188
2022-02-11,Fresno,019,978130,225496,219909,23378,243287,2509
2022-02-11,Glenn,021,27897,4892,4818,1570,6388,39
2022-02-11,Humboldt,023,135768,16223,16058,2754,18812,132
2022-02-11,Imperial,025,180216,54178,53304,10267,63571,860
2022-02-11,Inyo,027,18085,4017,3991,435,4426,52
2022-02-11,Kern,029,883053,188037,184639,44556,229195,2037
2022-02-11,Kings,031,150075,50034,48893,3411,52304,415
2022-02-11,Lake,033,64148,10149,9926,828,10754,123
2022-02-11,Lassen,035,31185,8596,8477,852,9329,55
2022-02-11,Los Angeles,037,10098052,2665084,2616426,120217,2736643,29364
2022-02-11,Madera,039,155013,36266,35710,5784,41494,330
2022-02-11,Marin,041,260295,32385,32048,2119,34167,255
2022-02-11,Mariposa,043,17540,2300,2286,187,2473,6
2022-02-11,Mendocino,045,87422,12639,12439,2802,15241,107
2022-02-11,Merced,047,269075,61020,60187,8266,68453,758
2022-02-11,Modoc,049,8938,707,697,231,928,6
2022-02-11,Mono,051,14174,2944,2939,119,3058,5
2022-02-11,Monterey,053,433212,77089,74842,12658,87500,672
2022-02-11,Napa,055,140530,24745,24530,889,25419,124
2022-02-11,Nevada,057,99092,15560,15499,1126,16625,119
2022-02-11,Orange,059,3164182,537152,534503,40178,574681,6305
2022-02-11,Placer,061,380077,61432,60636,7132,67768,554
2022-02-11,Plumas,063,18699,2896,2617,339,2956,13
2022-02-11,Riverside,065,2383286,582547,575566,26988,602554,5961
2022-02-11,Sacramento,067,1510023,274326,266347,25587,291934,2686
2022-02-11,San Benito,069,59416,12640,12526,502,13028,91
2022-02-11,San Bernardino,071,2135413,567303,548822,24460,573282,6360
2022-02-11,San Diego,073,3302833,733493,720287,50952,771239,4854
2022-02-11,San Francisco,075,870044,119585,119113,7903,127016,740
2022-02-11,San Joaquin,077,732212,163172,161234,9601,170835,2014
2022-02-11,San Luis Obispo,079,281455,50785,50064,3551,53615,416
2022-02-11,San Mateo,081,765935,118062,115235,6615,121850,589
2022-02-11,Santa Barbara,083,443738,83676,83390,4550,87940,631
2022-02-11,Santa Clara,085,1922200,304398,298176,11839,310015,2093
2022-02-11,Santa Cruz,087,273765,45519,44447,2024,46471,239
2022-02-11,Shasta,089,179085,29654,29370,5885,35255,473
2022-02-11,Sierra,091,2930,269,268,45,313,0
2022-02-11,Siskiyou,093,43540,4296,4231,2598,6829,68
2022-02-11,Solano,095,438530,79030,77865,5371,83236,424
2022-02-11,Sonoma,097,501317,80960,79533,2440,81973,431
2022-02-11,Stanislaus,099,539301,115130,114531,17319,131850,1406
2022-02-11,Sutter,101,95872,19973,19800,1936,21736,211
2022-02-11,Tehama,103,63373,11745,11580,2540,14120,151
2022-02-11,Trinity,105,12862,1150,1115,272,1387,20
2022-02-11,Tulare,107,460477,103907,100434,26579,127013,1273
2022-02-11,Tuolumne,109,53932,12333,11754,525,12279,125
2022-02-11,Ventura,111,848112,169809,168736,9182,177918,1340
2022-02-11,Yolo,113,214977,35925,34773,2752,37525,286
2022-02-11,Yuba,115,75493,15388,15242,1129,16371,107
2022-02-10,Alameda,001,1643700,247897,242137,13019,255156,1668
2022-02-10,Alpine,003,1148,121,124,1,125,0
2022-02-10,Amador,005,37829,8195,8091,610,8701,76
2022-02-10,Butte,007,227075,32217,31601,6764,38365,360
2022-02-10,Calaveras,009,45235,7079,7022,321,7343,106
2022-02-10,Colusa,011,21464,3378,3345,1022,4367,21
2022-02-10,Contra Costa,013,1133247,186349,180270,12667,192937,1141
2022-02-10,Del Norte,015,27424,5377,5262,159,5421,45
2022-02-10,El Dorado,017,186661,26098,25692,3096,28788,188
2022-02-10,Fresno,019,978130,224920,219909,23292,243201,2509
2022-02-10,Glenn,021,27897,4886,4818,1568,6386,39
2022-02-10,Humboldt,023,135768,16173,16058,2732,18790,132
2022-02-10,Imperial,025,180216,54109,53304,10224,63528,860
2022-02-10,Inyo,027,18085,4013,3991,435,4426,52
2022-02-10,Kern,029,883053,187729,184639,44447,229086,2037
2022-02-10,Kings,031,150075,49923,48893,3400,52293,415
2022-02-10,Lake,033,64148,10118,9926,826,10752,123
2022-02-10,Lassen,035,31185,8582,8477,850,9327,55
2022-02-10,Los Angeles,037,10098052,2661951,2616426,120032,2736458,29364
2022-02-10,Madera,039,155013,36169,35710,5753,41463,330
2022-02-10,Marin,041,260295,32327,32048,2107,34155,255
2022-02-10,Mariposa,043,17540,2296,2286,186,2472,6
2022-02-10,Mendocino,045,87422,12617,12439,2778,15217,107
2022-02-10,Merced,047,269075,60895,60187,8209,68396,758
2022-02-10,Modoc,049,8938,706,697,230,927,6
2022-02-10,Mono,051,14174,2942,2939,118,3057,5
2022-02-10,Monterey,053,433212,76908,74842,12578,87420,672
2022-02-10,Napa,055,140530,24681,24530,887,25417,124
2022-02-10,Nevada,057,99092,15535,15499,1125,16624,119
2022-02-10,Orange,059,3164182,536502,534503,40107,574610,6305
2022-02-10,Placer,061,380077,61351,60636,7123,67759,554
2022-02-10,Plumas,063,18699,2893,2617,332,2949,13
2022-02-10,Riverside,065,2383286,581827,575566,26933,602499,5961
2022-02-10,Sacramento,067,1510023,273842,266347,25499,291846,2686
2022-02-10,San Benito,069,59416,12619,12526,500,13026,91
2022-02-10,San Bernardino,071,2135413,566759,548822,24430,573252,6360
2022-02-10,San Diego,073,3302833,732390,720287,50826,771113,4854
2022-02-10,San Francisco,075,870044,119371,119113,7886,126999,740
2022-02-10,San Joaquin,077,732212,162859,161234,9593,170827,2014
2022-02-10,San Luis Obispo,079,281455,50686,50064,3540,53604,416
2022-02-10,San Mateo,081,765935,117836,115235,6598,121833,589
2022-02-10,Santa Barbara,083,443738,83492,83390,4544,87934,631
2022-02-10,Santa Clara,085,1922200,303722,298176,11784,309960,2093
2022-02-10,Santa Cruz,087,273765,45375,44447,2023,46470,239
2022-02-10,Shasta,089,179085,29592,29370,5865,35235,473
2022-02-10,Sierra,091,2930,269,268,45,313,0
2022-02-10,Siskiyou,093,43540,4291,4231,2585,6816,68
2022-02-10,Solano,095,438530,78837,77865,5352,83217,424
2022-02-10,Sonoma,097,501317,80824,79533,2423,81956,431
2022-02-10,Stanislaus,099,539301,114950,114531,17280,131811,1406
2022-02-10,Sutter,101,95872,19934,19800,1921,21721,211
2022-02-10,Tehama,103,63373,11715,11580,2537,14117,151
2022-02-10,Trinity,105,12862,1147,1115,271,1386,20
2022-02-10,Tulare,107,460477,103719,100434,26502,126936,1273
2022-02-10,Tuolumne,109,53932,12311,11754,520,12274,125
2022-02-10,Ventura,111,848112,169528,168736,9168,177904,1340
2022-02-10,Yolo,113,214977,35850,34773,2746,37519,286
2022-02-10,Yuba,115,75493,15356,15242,1124,16366,107
2022-02-09,Alameda,001,1643700,247363,241141,12962,254103,1668
2022-02-09,Alpine,003,1148,120,124,1,125,0
2022-02-09,Amador,005,37829,8181,8069,605,8674,76
2022-02-09,Butte,007,227075,32124,31433,6750,38183,359
2022-02-09,Calaveras,009,45235,7065,7005,317,7322,106
2022-02-09,Colusa,011,21464,3375,3331,1021,4352,21
2022-02-09,Contra Costa,013,1133247,185990,179695,12620,192315,1132
2022-02-09,Del Norte,015,27424,5330,5204,158,5362,45
2022-02-09,El Dorado,017,186661,26061,25572,3084,28656,186
2022-02-09,Fresno,019,978130,224299,218989,23204,242193,2502
2022-02-09,Glenn,021,27897,4871,4804,1567,6371,39
2022-02-09,Humboldt,023,135768,16126,15929,2707,18636,131
2022-02-09,Imperial,025,180216,54006,53102,10151,63253,858
2022-02-09,Inyo,027,18085,4007,3989,434,4423,52
2022-02-09,Kern,029,883053,187353,184068,44333,228401,2021
2022-02-09,Kings,031,150075,49812,48718,3394,52112,410
2022-02-09,Lake,033,64148,10078,9880,821,10701,124
2022-02-09,Lassen,035,31185,8557,8459,849,9308,55
2022-02-09,Los Angeles,037,10098052,2658322,2611611,119895,2731506,29263
2022-02-09,Madera,039,155013,36072,35559,5723,41282,330
2022-02-09,Marin,041,260295,32277,31965,2100,34065,255
2022-02-09,Mariposa,043,17540,2293,2279,186,2465,6
2022-02-09,Mendocino,045,87422,12583,12378,2749,15127,107
2022-02-09,Merced,047,269075,60765,59952,8152,68104,755
2022-02-09,Modoc,049,8938,703,691,229,920,6
2022-02-09,Mono,051,14174,2940,2937,118,3055,5
2022-02-09,Monterey,053,433212,76706,74500,12492,86992,670
2022-02-09,Napa,055,140530,24635,24429,882,25311,123
2022-02-09,Nevada,057,99092,15514,15446,1123,16569,119
2022-02-09,Orange,059,3164182,535871,534316,40027,574343,6263
2022-02-09,Placer,061,380077,61256,60490,7103,67593,553
2022-02-09,Plumas,063,18699,2888,2609,328,2937,13
2022-02-09,Riverside,065,2383286,581086,573907,26888,600795,5911
2022-02-09,Sacramento,067,1510023,273278,265624,25383,291007,2673
2022-02-09,San Benito,069,59416,12595,12492,500,12992,91
2022-02-09,San Bernardino,071,2135413,566152,547768,24404,572172,6349
2022-02-09,San Diego,073,3302833,731032,717896,50714,768610,4832
2022-02-09,San Francisco,075,870044,119120,118550,7875,126425,731
2022-02-09,San Joaquin,077,732212,162553,160618,9583,170201,2014
2022-02-09,San Luis Obispo,079,281455,50540,49833,3535,53368,414
2022-02-09,San Mateo,081,765935,117648,114890,6558,121448,589
2022-02-09,Santa Barbara,083,443738,83310,82830,4538,87368,629
2022-02-09,Santa Clara,085,1922200,302998,297157,11726,308883,2090
2022-02-09,Santa Cruz,087,273765,45193,44200,2016,46216,239
2022-02-09,Shasta,089,179085,29523,29215,5844,35059,471
2022-02-09,Sierra,091,2930,268,268,44,312,0
2022-02-09,Siskiyou,093,43540,4277,4217,2579,6796,68
2022-02-09,Solano,095,438530,78644,77299,5343,82642,423
2022-02-09,Sonoma,097,501317,80650,79165,2416,81581,431
2022-02-09,Stanislaus,099,539301,114701,114039,17049,131088,1406
2022-02-09,Sutter,101,95872,19892,19758,1908,21666,207
2022-02-09,Tehama,103,63373,11690,11542,2533,14075,149
2022-02-09,Trinity,105,12862,1143,1110,270,1380,20
2022-02-09,Tulare,107,460477,103505,100049,26416,126465,1271
2022-02-09,Tuolumne,109,53932,12274,11702,517,12219,95
2022-02-09,Ventura,111,848112,169291,168253,9155,177408,1325
2022-02-09,Yolo,113,214977,35780,34588,2730,37318,285
2022-02-09,Yuba,115,75493,15325,15187,1113,16300,105
2022-02-08,Alameda,001,1643700,246729,240587,12890,253477,1651
2022-02-08,Alpine,003,1148,120,124,1,125,0
2022-02-08,Amador,005,37829,8173,8050,598,8648,76
2022-02-08,Butte,007,227075,32041,31353,6727,38080,359
2022-02-08,Calaveras,009,45235,7048,6981,315,7296,101
2022-02-08,Colusa,011,21464,3367,3320,1020,4340,21
2022-02-08,Contra Costa,013,1133247,185545,179078,12539,191617,1132
2022-02-08,Del Norte,015,27424,5305,5156,153,5309,44
2022-02-08,El Dorado,017,186661,26016,25446,3073,28519,186
2022-02-08,Fresno,019,978130,223552,218416,23098,241514,2502
2022-02-08,Glenn,021,27897,4854,4784,1563,6347,39
2022-02-08,Humboldt,023,135768,16065,15865,2675,18540,130
2022-02-08,Imperial,025,180216,53877,52977,10107,63084,855
2022-02-08,Inyo,027,18085,4002,3983,434,4417,52
2022-02-08,Kern,029,883053,187017,183519,44203,227722,2010
2022-02-08,Kings,031,150075,49654,48479,3382,51861,411
2022-02-08,Lake,033,64148,10048,9806,815,10621,125
2022-02-08,Lassen,035,31185,8548,8423,845,9268,55
2022-02-08,Los Angeles,037,10098052,2654018,2611204,119709,2730913,29259
2022-02-08,Madera,039,155013,35964,35381,5667,41048,330
2022-02-08,Marin,041,260295,32203,31878,2095,33973,255
2022-02-08,Mariposa,043,17540,2292,2266,178,2444,6
2022-02-08,Mendocino,045,87422,12551,12336,2718,15054,107
2022-02-08,Merced,047,269075,60651,59789,8092,67881,751
2022-02-08,Modoc,049,8938,699,684,229,913,6
2022-02-08,Mono,051,14174,2939,2932,118,3050,5
2022-02-08,Monterey,053,433212,76501,74316,12407,86723,670
2022-02-08,Napa,055,140530,24562,24346,876,25222,121
2022-02-08,Nevada,057,99092,15488,15383,1120,16503,117
2022-02-08,Orange,059,3164182,535184,533507,39939,573446,6205
2022-02-08,Placer,061,380077,61148,60301,7091,67392,553
2022-02-08,Plumas,063,18699,2877,2596,321,2917,13
2022-02-08,Riverside,065,2383286,580257,571892,26816,598708,5908
2022-02-08,Sacramento,067,1510023,272606,264479,25208,289687,2664
2022-02-08,San Benito,069,59416,12571,12434,498,12932,91
2022-02-08,San Bernardino,071,2135413,565440,544658,24360,569018,6335
2022-02-08,San Diego,073,3302833,729459,717896,50582,768478,4832
2022-02-08,San Francisco,075,870044,118808,117942,7866,125808,731
2022-02-08,San Joaquin,077,732212,162168,160147,9565,169712,2005
2022-02-08,San Luis Obispo,079,281455,50375,49556,3505,53061,410
2022-02-08,San Mateo,081,765935,117430,114541,6528,121069,589
2022-02-08,Santa Barbara,083,443738,83142,82461,4513,86974,627
2022-02-08,Santa Clara,085,1922200,302110,295679,11679,307358,2091
2022-02-08,Santa Cruz,087,273765,45038,43884,2011,45895,239
2022-02-08,Shasta,089,179085,29440,29084,5816,34900,470
2022-02-08,Sierra,091,2930,268,267,44,311,0
2022-02-08,Siskiyou,093,43540,4267,4191,2570,6761,68
2022-02-08,Solano,095,438530,78411,77031,5328,82359,421
2022-02-08,Sonoma,097,501317,80436,78798,2392,81190,431
2022-02-08,Stanislaus,099,539301,114445,113733,16971,130704,1406
2022-02-08,Sutter,101,95872,19854,19717,1896,21613,203
2022-02-08,Tehama,103,63373,11662,11491,2526,14017,149
2022-02-08,Trinity,105,12862,1137,1110,270,1380,20
2022-02-08,Tulare,107,460477,103214,99694,26285,125979,1267
2022-02-08,Tuolumne,109,53932,12250,11665,515,12180,92
2022-02-08,Ventura,111,848112,169054,167830,9140,176970,1325
2022-02-08,Yolo,113,214977,35698,34462,2717,37179,281
2022-02-08,Yuba,115,75493,15280,15126,1091,16217,107
2022-02-07,Alameda,001,1643700,246010,238678,12824,251502,1643
2022-02-07,Alpine,003,1148,120,124,1,125,0
2022-02-07,Amador,005,37829,8145,7980,590,8570,75
2022-02-07,Butte,007,227075,31953,31184,6697,37881,355
2022-02-07,Calaveras,009,45235,7026,6910,314,7224,100
2022-02-07,Colusa,011,21464,3356,3283,1016,4299,21
2022-02-07,Contra Costa,013,1133247,185063,177767,12466,190233,1130
2022-02-07,Del Norte,015,27424,5264,5093,148,5241,44
2022-02-07,El Dorado,017,186661,25953,25257,3063,28320,185
2022-02-07,Fresno,019,978130,222690,216495,22952,239447,2493
2022-02-07,Glenn,021,27897,4846,4762,1559,6321,39
2022-02-07,Humboldt,023,135768,15990,15764,2650,18414,129
2022-02-07,Imperial,025,180216,53762,52689,10038,62727,853
2022-02-07,Inyo,027,18085,3997,3976,428,4404,51
2022-02-07,Kern,029,883053,186544,182047,44039,226086,1998
2022-02-07,Kings,031,150075,49470,48147,3365,51512,403
2022-02-07,Lake,033,64148,10002,9519,807,10326,125
2022-02-07,Lassen,035,31185,8530,8362,839,9201,55
2022-02-07,Los Angeles,037,10098052,2649595,2607438,119491,2726929,29210
2022-02-07,Madera,039,155013,35840,35083,5620,40703,330
2022-02-07,Marin,041,260295,32136,31670,2085,33755,255
2022-02-07,Mariposa,043,17540,2287,2253,174,2427,6
2022-02-07,Mendocino,045,87422,12493,12237,2680,14917,107
2022-02-07,Merced,047,269075,60521,59472,7999,67471,748
2022-02-07,Modoc,049,8938,695,679,229,908,6
2022-02-07,Mono,051,14174,2937,2917,118,3035,5
2022-02-07,Monterey,053,433212,76246,69433,12300,81733,670
2022-02-07,Napa,055,140530,24477,23237,867,24104,120
2022-02-07,Nevada,057,99092,15452,15268,1114,16382,113
2022-02-07,Orange,059,3164182,534422,531442,39858,571300,6179
2022-02-07,Placer,061,380077,61023,59894,7076,66970,546
2022-02-07,Plumas,063,18699,2866,2573,312,2885,13
2022-02-07,Riverside,065,2383286,579315,568874,26732,595606,5868
2022-02-07,Sacramento,067,1510023,271921,262834,25026,287860,2631
2022-02-07,San Benito,069,59416,12532,12285,496,12781,90
2022-02-07,San Bernardino,071,2135413,564643,542846,24320,567166,6335
2022-02-07,San Diego,073,3302833,727741,716244,50393,766637,4811
2022-02-07,San Francisco,075,870044,118468,113945,7841,121786,727
2022-02-07,San Joaquin,077,732212,161784,159358,9546,168904,1998
2022-02-07,San Luis Obispo,079,281455,50205,48994,3486,52480,406
2022-02-07,San Mateo,081,765935,117144,107060,6499,113559,589
2022-02-07,Santa Barbara,083,443738,82954,81608,4498,86106,624
2022-02-07,Santa Clara,085,1922200,301158,293360,11632,304992,2085
2022-02-07,Santa Cruz,087,273765,44822,43244,2007,45251,239
2022-02-07,Shasta,089,179085,29350,28900,5790,34690,468
2022-02-07,Sierra,091,2930,268,265,44,309,0
2022-02-07,Siskiyou,093,43540,4256,4157,2554,6711,68
2022-02-07,Solano,095,438530,78154,73934,5299,79233,420
2022-02-07,Sonoma,097,501317,80179,78296,2376,80672,431
2022-02-07,Stanislaus,099,539301,114187,113029,16827,129856,1406
2022-02-07,Sutter,101,95872,19821,19599,1869,21468,203
2022-02-07,Tehama,103,63373,11620,11418,2518,13936,146
2022-02-07,Trinity,105,12862,1133,1109,267,1376,20
2022-02-07,Tulare,107,460477,102856,98774,26155,124929,1263
2022-02-07,Tuolumne,109,53932,12202,11578,511,12089,92
2022-02-07,Ventura,111,848112,168737,166904,9125,176029,1324
2022-02-07,Yolo,113,214977,35588,34007,2702,36709,281
2022-02-07,Yuba,115,75493,15233,14998,1084,16082,105
2022-02-06,Alameda,001,1643700,245098,237188,12741,249929,1643
2022-02-06,Alpine,003,1148,120,123,1,124,0
2022-02-06,Amador,005,37829,8113,7922,578,8500,73
2022-02-06,Butte,007,227075,31824,31021,6646,37667,355
2022-02-06,Calaveras,009,45235,6999,6870,309,7179,99
2022-02-06,Colusa,011,21464,3346,3282,1015,4297,21
2022-02-06,Contra Costa,013,1133247,184403,176863,12303,189166,1128
2022-02-06,Del Norte,015,27424,5208,5038,146,5184,44
2022-02-06,El Dorado,017,186661,25889,25165,3051,28216,185
2022-02-06,Fresno,019,978130,221842,214726,22698,237424,2489
2022-02-06,Glenn,021,27897,4832,4738,1550,6288,39
2022-02-06,Humboldt,023,135768,15907,15658,2610,18268,128
2022-02-06,Imperial,025,180216,53575,52396,9992,62388,853
2022-02-06,Inyo,027,18085,3995,3970,425,4395,51
2022-02-06,Kern,029,883053,185992,181188,43800,224988,1996
2022-02-06,Kings,031,150075,49246,47669,3340,51009,401
2022-02-06,Lake,033,64148,9933,9468,790,10258,125
2022-02-06,Lassen,035,31185,8510,8326,834,9160,55
2022-02-06,Los Angeles,037,10098052,2644090,2602620,119234,2721854,29180
2022-02-06,Madera,039,155013,35656,34901,5528,40429,330
2022-02-06,Marin,041,260295,32038,31488,2072,33560,255
2022-02-06,Mariposa,043,17540,2279,2244,163,2407,6
2022-02-06,Mendocino,045,87422,12450,12169,2610,14779,107
2022-02-06,Merced,047,269075,60295,59112,7832,66944,748
2022-02-06,Modoc,049,8938,690,675,228,903,6
2022-02-06,Mono,051,14174,2932,2901,116,3017,5
2022-02-06,Monterey,053,433212,75880,67912,12143,80055,670
2022-02-06,Napa,055,140530,24358,23230,860,24090,120
2022-02-06,Nevada,057,99092,15387,15192,1101,16293,113
2022-02-06,Orange,059,3164182,533470,527906,39757,567663,6171
2022-02-06,Placer,061,380077,60846,59507,7050,66557,544
2022-02-06,Plumas,063,18699,2853,2559,303,2862,13
2022-02-06,Riverside,065,2383286,578177,568276,26655,594931,5865
2022-02-06,Sacramento,067,1510023,271054,261353,24765,286118,2631
2022-02-06,San Benito,069,59416,12477,12186,488,12674,90
2022-02-06,San Bernardino,071,2135413,563668,541103,24250,565353,6334
2022-02-06,San Diego,073,3302833,725679,709938,50150,760088,4786
2022-02-06,San Francisco,075,870044,118087,113115,7815,120930,728
2022-02-06,San Joaquin,077,732212,161216,158510,9507,168017,1997
2022-02-06,San Luis Obispo,079,281455,49981,48843,3429,52272,405
2022-02-06,San Mateo,081,765935,116805,105556,6460,112016,587
2022-02-06,Santa Barbara,083,443738,82636,81118,4461,85579,623
2022-02-06,Santa Clara,085,1922200,300033,291732,11516,303248,2075
2022-02-06,Santa Cruz,087,273765,44509,42952,1993,44945,239
2022-02-06,Shasta,089,179085,29227,28762,5741,34503,468
2022-02-06,Sierra,091,2930,268,265,44,309,0
2022-02-06,Siskiyou,093,43540,4235,4118,2528,6646,68
2022-02-06,Solano,095,438530,77857,73475,5256,78731,419
2022-02-06,Sonoma,097,501317,79844,77887,2356,80243,431
2022-02-06,Stanislaus,099,539301,113791,112521,16679,129200,1406
2022-02-06,Sutter,101,95872,19779,19523,1831,21354,203
2022-02-06,Tehama,103,63373,11580,11366,2498,13864,146
2022-02-06,Trinity,105,12862,1132,1102,266,1368,20
2022-02-06,Tulare,107,460477,102426,98260,25972,124232,1262
2022-02-06,Tuolumne,109,53932,12150,11507,494,12001,92
2022-02-06,Ventura,111,848112,168361,166235,9114,175349,1323
2022-02-06,Yolo,113,214977,35449,33784,2685,36469,281
2022-02-06,Yuba,115,75493,15188,14917,1075,15992,104
2022-02-05,Alameda,001,1643700,244682,235698,12732,248430,1638
2022-02-05,Alpine,003,1148,120,124,1,125,0
2022-02-05,Amador,005,37829,8104,7855,576,8431,71
2022-02-05,Butte,007,227075,31769,30733,6632,37365,355
2022-02-05,Calaveras,009,45235,6983,6789,309,7098,99
2022-02-05,Colusa,011,21464,3339,3234,1015,4249,21
2022-02-05,Contra Costa,013,1133247,184125,175871,12287,188158,1115
2022-02-05,Del Norte,015,27424,5166,4978,146,5124,44
2022-02-05,El Dorado,017,186661,25858,24813,3049,27862,185
2022-02-05,Fresno,019,978130,221494,213539,22677,236216,2477
2022-02-05,Glenn,021,27897,4830,4691,1544,6235,39
2022-02-05,Humboldt,023,135768,15858,15514,2607,18121,127
2022-02-05,Imperial,025,180216,53514,52153,9979,62132,853
2022-02-05,Inyo,027,18085,3992,3948,425,4373,51
2022-02-05,Kern,029,883053,185783,180296,43698,223994,1987
2022-02-05,Kings,031,150075,49159,47538,3333,50871,402
2022-02-05,Lake,033,64148,9914,9289,783,10072,124
2022-02-05,Lassen,035,31185,8499,8288,832,9120,55
2022-02-05,Los Angeles,037,10098052,2641916,2572702,119110,2691812,28947
2022-02-05,Madera,039,155013,35603,34471,5515,39986,329
2022-02-05,Marin,041,260295,31991,31299,2068,33367,255
2022-02-05,Mariposa,043,17540,2278,2222,162,2384,6
2022-02-05,Mendocino,045,87422,12422,12066,2608,14674,107
2022-02-05,Merced,047,269075,60200,58908,7825,66733,744
2022-02-05,Modoc,049,8938,689,664,228,892,6
2022-02-05,Mono,051,14174,2931,2904,116,3020,5
2022-02-05,Monterey,053,433212,75764,67342,12099,79441,666
2022-02-05,Napa,055,140530,24302,22973,859,23832,118
2022-02-05,Nevada,057,99092,15365,15002,1096,16098,113
2022-02-05,Orange,059,3164182,533029,527516,39665,567181,6134
2022-02-05,Placer,061,380077,60720,59043,7037,66080,533
2022-02-05,Plumas,063,18699,2852,2550,302,2852,13
2022-02-05,Riverside,065,2383286,577575,563991,26585,590576,5827
2022-02-05,Sacramento,067,1510023,270662,259437,24730,284167,2610
2022-02-05,San Benito,069,59416,12432,12142,488,12630,90
2022-02-05,San Bernardino,071,2135413,563156,539312,24230,563542,6322
2022-02-05,San Diego,073,3302833,724821,703957,50073,754030,4735
2022-02-05,San Francisco,075,870044,117877,112481,7788,120269,720
2022-02-05,San Joaquin,077,732212,161031,157420,9495,166915,1989
2022-02-05,San Luis Obispo,079,281455,49944,48361,3427,51788,404
2022-02-05,San Mateo,081,765935,116617,104810,6452,111262,587
2022-02-05,Santa Barbara,083,443738,82473,80478,4449,84927,617
2022-02-05,Santa Clara,085,1922200,299377,289262,11500,300762,2067
2022-02-05,Santa Cruz,087,273765,44435,42553,1990,44543,239
2022-02-05,Shasta,089,179085,29185,28604,5731,34335,466
2022-02-05,Sierra,091,2930,268,262,44,306,0
2022-02-05,Siskiyou,093,43540,4228,4106,2515,6621,67
2022-02-05,Solano,095,438530,77782,73112,5247,78359,415
2022-02-05,Sonoma,097,501317,79678,77213,2352,79565,431
2022-02-05,Stanislaus,099,539301,113589,111783,16656,128439,1406
2022-02-05,Sutter,101,95872,19749,19406,1825,21231,203
2022-02-05,Tehama,103,63373,11561,11259,2491,13750,146
2022-02-05,Trinity,105,12862,1130,1085,266,1351,20
2022-02-05,Tulare,107,460477,102258,97414,25891,123305,1254
2022-02-05,Tuolumne,109,53932,12124,11409,491,11900,91
2022-02-05,Ventura,111,848112,168135,165532,9098,174630,1308
2022-02-05,Yolo,113,214977,35364,33614,2670,36284,281
2022-02-05,Yuba,115,75493,15157,14801,1067,15868,105
2022-02-04,Alameda,001,1643700,244193,235698,12723,248421,1638
2022-02-04,Alpine,003,1148,120,124,1,125,0
2022-02-04,Amador,005,37829,8088,7855,572,8427,71
2022-02-04,Butte,007,227075,31710,30733,6620,37353,355
2022-02-04,Calaveras,009,45235,6973,6789,307,7096,99
2022-02-04,Colusa,011,21464,3335,3234,1013,4247,21
2022-02-04,Contra Costa,013,1133247,183791,175871,12259,188130,1115
2022-02-04,Del Norte,015,27424,5145,4978,146,5124,44
2022-02-04,El Dorado,017,186661,25822,24813,3046,27859,185
2022-02-04,Fresno,019,978130,221008,213539,22643,236182,2477
2022-02-04,Glenn,021,27897,4821,4691,1541,6232,39
2022-02-04,Humboldt,023,135768,15831,15514,2604,18118,127
2022-02-04,Imperial,025,180216,53437,52153,9962,62115,853
2022-02-04,Inyo,027,18085,3989,3948,425,4373,51
2022-02-04,Kern,029,883053,185558,180296,43574,223870,1987
2022-02-04,Kings,031,150075,49084,47538,3326,50864,402
2022-02-04,Lake,033,64148,9892,9289,780,10069,124
2022-02-04,Lassen,035,31185,8476,8288,832,9120,55
2022-02-04,Los Angeles,037,10098052,2639280,2572702,118978,2691680,28947
2022-02-04,Madera,039,155013,35520,34471,5507,39978,329
2022-02-04,Marin,041,260295,31927,31299,2059,33358,255
2022-02-04,Mariposa,043,17540,2276,2222,160,2382,6
2022-02-04,Mendocino,045,87422,12391,12066,2606,14672,107
2022-02-04,Merced,047,269075,60120,58908,7815,66723,744
2022-02-04,Modoc,049,8938,689,664,228,892,6
2022-02-04,Mono,051,14174,2929,2904,116,3020,5
2022-02-04,Monterey,053,433212,75574,67342,12056,79398,666
2022-02-04,Napa,055,140530,24255,22973,855,23828,118
2022-02-04,Nevada,057,99092,15331,15002,1092,16094,113
2022-02-04,Orange,059,3164182,532480,527516,39607,567123,6134
2022-02-04,Placer,061,380077,60616,59043,7026,66069,533
2022-02-04,Plumas,063,18699,2845,2550,301,2851,13
2022-02-04,Riverside,065,2383286,576863,563991,26573,590564,5827
2022-02-04,Sacramento,067,1510023,270158,259437,24707,284144,2610
2022-02-04,San Benito,069,59416,12413,12142,486,12628,90
2022-02-04,San Bernardino,071,2135413,562574,539312,24209,563521,6322
2022-02-04,San Diego,073,3302833,723690,703957,49986,753943,4735
2022-02-04,San Francisco,075,870044,117635,112481,7763,120244,720
2022-02-04,San Joaquin,077,732212,160800,157420,9483,166903,1989
2022-02-04,San Luis Obispo,079,281455,49883,48361,3420,51781,404
2022-02-04,San Mateo,081,765935,116385,104810,6438,111248,587
2022-02-04,Santa Barbara,083,443738,82324,80478,4448,84926,617
2022-02-04,Santa Clara,085,1922200,298704,289262,11479,300741,2067
2022-02-04,Santa Cruz,087,273765,44230,42553,1986,44539,239
2022-02-04,Shasta,089,179085,29132,28604,5720,34324,466
2022-02-04,Sierra,091,2930,268,262,44,306,0
2022-02-04,Siskiyou,093,43540,4220,4106,2508,6614,67
2022-02-04,Solano,095,438530,77590,73112,5209,78321,415
2022-02-04,Sonoma,097,501317,79519,77213,2271,79484,431
2022-02-04,Stanislaus,099,539301,113408,111783,16630,128413,1406
2022-02-04,Sutter,101,95872,19725,19406,1818,21224,203
2022-02-04,Tehama,103,63373,11546,11259,2490,13749,146
2022-02-04,Trinity,105,12862,1129,1085,265,1350,20
2022-02-04,Tulare,107,460477,102077,97414,25811,123225,1254
2022-02-04,Tuolumne,109,53932,12112,11409,490,11899,91
2022-02-04,Ventura,111,848112,167866,165532,9090,174622,1308
2022-02-04,Yolo,113,214977,35271,33614,2664,36278,281
2022-02-04,Yuba,115,75493,15139,14801,1067,15868,105
2022-02-03,Alameda,001,1643700,243414,235698,12662,248360,1638
2022-02-03,Alpine,003,1148,120,124,1,125,0
2022-02-03,Amador,005,37829,8068,7855,567,8422,71
2022-02-03,Butte,007,227075,31604,30733,6591,37324,355
2022-02-03,Calaveras,009,45235,6943,6789,304,7093,99
2022-02-03,Colusa,011,21464,3322,3234,1011,4245,21
2022-02-03,Contra Costa,013,1133247,183163,175871,12155,188026,1115
2022-02-03,Del Norte,015,27424,5103,4978,143,5121,44
2022-02-03,El Dorado,017,186661,25752,24813,3041,27854,185
2022-02-03,Fresno,019,978130,220068,213539,22482,236021,2477
2022-02-03,Glenn,021,27897,4804,4691,1524,6215,39
2022-02-03,Humboldt,023,135768,15755,15514,2568,18082,127
2022-02-03,Imperial,025,180216,53293,52153,9911,62064,853
2022-02-03,Inyo,027,18085,3986,3948,421,4369,51
2022-02-03,Kern,029,883053,185094,180296,43360,223656,1987
2022-02-03,Kings,031,150075,48927,47538,3319,50857,402
2022-02-03,Lake,033,64148,9838,9289,774,10063,124
2022-02-03,Lassen,035,31185,8452,8288,831,9119,55
2022-02-03,Los Angeles,037,10098052,2633861,2572702,118715,2691417,28947
2022-02-03,Madera,039,155013,35384,34471,5463,39934,329
2022-02-03,Marin,041,260295,31831,31299,2054,33353,255
2022-02-03,Mariposa,043,17540,2264,2222,157,2379,6
2022-02-03,Mendocino,045,87422,12347,12066,2583,14649,107
2022-02-03,Merced,047,269075,59968,58908,7718,66626,744
2022-02-03,Modoc,049,8938,686,664,228,892,6
2022-02-03,Mono,051,14174,2924,2904,115,3019,5
2022-02-03,Monterey,053,433212,75287,67342,11864,79206,666
2022-02-03,Napa,055,140530,24124,22973,855,23828,118
2022-02-03,Nevada,057,99092,15291,15002,1082,16084,113
2022-02-03,Orange,059,3164182,531556,527516,39515,567031,6134
2022-02-03,Placer,061,380077,60418,59043,7003,66046,533
2022-02-03,Plumas,063,18699,2831,2550,297,2847,13
2022-02-03,Riverside,065,2383286,575660,563991,26502,590493,5827
2022-02-03,Sacramento,067,1510023,269200,259437,24517,283954,2610
2022-02-03,San Benito,069,59416,12385,12142,483,12625,90
2022-02-03,San Bernardino,071,2135413,561561,539312,24170,563482,6322
2022-02-03,San Diego,073,3302833,721721,703957,49814,753771,4735
2022-02-03,San Francisco,075,870044,117302,112481,7733,120214,720
2022-02-03,San Joaquin,077,732212,160312,157420,9452,166872,1989
2022-02-03,San Luis Obispo,079,281455,49684,48361,3405,51766,404
2022-02-03,San Mateo,081,765935,116033,104810,6405,111215,587
2022-02-03,Santa Barbara,083,443738,81966,80478,4419,84897,617
2022-02-03,Santa Clara,085,1922200,297508,289262,11372,300634,2067
2022-02-03,Santa Cruz,087,273765,43890,42553,1979,44532,239
2022-02-03,Shasta,089,179085,29028,28604,5693,34297,466
2022-02-03,Sierra,091,2930,268,262,44,306,0
2022-02-03,Siskiyou,093,43540,4205,4106,2492,6598,67
2022-02-03,Solano,095,438530,77259,73112,5190,78302,415
2022-02-03,Sonoma,097,501317,79223,77213,2264,79477,431
2022-02-03,Stanislaus,099,539301,113030,111783,16542,128325,1406
2022-02-03,Sutter,101,95872,19673,19406,1802,21208,203
2022-02-03,Tehama,103,63373,11516,11259,2482,13741,146
2022-02-03,Trinity,105,12862,1127,1085,264,1349,20
2022-02-03,Tulare,107,460477,101674,97414,25672,123086,1254
2022-02-03,Tuolumne,109,53932,12071,11409,478,11887,91
2022-02-03,Ventura,111,848112,167481,165532,9078,174610,1308
2022-02-03,Yolo,113,214977,35161,33614,2650,36264,281
2022-02-03,Yuba,115,75493,15089,14801,1051,15852,105
2022-02-02,Alameda,001,1643700,242464,234300,12561,246861,1632
2022-02-02,Alpine,003,1148,120,123,1,124,0
2022-02-02,Amador,005,37829,8038,7781,558,8339,71
2022-02-02,Butte,007,227075,31492,30550,6554,37104,355
2022-02-02,Calaveras,009,45235,6917,6753,300,7053,99
2022-02-02,Colusa,011,21464,3307,3211,1010,4221,21
2022-02-02,Contra Costa,013,1133247,182535,174876,12058,186934,1113
2022-02-02,Del Norte,015,27424,5061,4924,139,5063,44
2022-02-02,El Dorado,017,186661,25686,24690,3022,27712,185
2022-02-02,Fresno,019,978130,219048,211976,22347,234323,2463
2022-02-02,Glenn,021,27897,4785,4667,1514,6181,39
2022-02-02,Humboldt,023,135768,15694,15392,2529,17921,127
2022-02-02,Imperial,025,180216,53097,51875,9784,61659,853
2022-02-02,Inyo,027,18085,3980,3944,420,4364,51
2022-02-02,Kern,029,883053,184498,179386,43147,222533,1974
2022-02-02,Kings,031,150075,48737,47061,3293,50354,401
2022-02-02,Lake,033,64148,9780,9235,767,10002,120
2022-02-02,Lassen,035,31185,8439,8258,822,9080,55
2022-02-02,Los Angeles,037,10098052,2627644,2561902,118340,2680242,28850
2022-02-02,Madera,039,155013,35217,34265,5391,39656,329
2022-02-02,Marin,041,260295,31728,31149,2044,33193,255
2022-02-02,Mariposa,043,17540,2253,2215,153,2368,6
2022-02-02,Mendocino,045,87422,12294,11996,2544,14540,105
2022-02-02,Merced,047,269075,59782,58532,7634,66166,744
2022-02-02,Modoc,049,8938,680,662,228,890,6
2022-02-02,Mono,051,14174,2913,2887,115,3002,5
2022-02-02,Monterey,053,433212,74897,66852,11684,78536,666
2022-02-02,Napa,055,140530,24004,22859,842,23701,117
2022-02-02,Nevada,057,99092,15233,14895,1060,15955,112
2022-02-02,Orange,059,3164182,530501,524418,39421,563839,6127
2022-02-02,Placer,061,380077,60224,58654,6974,65628,533
2022-02-02,Plumas,063,18699,2815,2540,294,2834,12
2022-02-02,Riverside,065,2383286,574381,561220,26455,587675,5827
2022-02-02,Sacramento,067,1510023,268192,258078,24310,282388,2602
2022-02-02,San Benito,069,59416,12345,12058,479,12537,90
2022-02-02,San Bernardino,071,2135413,560541,537485,24107,561592,6317
2022-02-02,San Diego,073,3302833,719520,703957,49625,753582,4735
2022-02-02,San Francisco,075,870044,116932,112008,7717,119725,714
2022-02-02,San Joaquin,077,732212,159736,156537,9426,165963,1986
2022-02-02,San Luis Obispo,079,281455,49486,48119,3392,51511,403
2022-02-02,San Mateo,081,765935,115657,104201,6341,110542,587
2022-02-02,Santa Barbara,083,443738,81623,79979,4388,84367,612
2022-02-02,Santa Clara,085,1922200,296334,287443,11260,298703,2051
2022-02-02,Santa Cruz,087,273765,43601,42127,1968,44095,239
2022-02-02,Shasta,089,179085,28927,28429,5648,34077,465
2022-02-02,Sierra,091,2930,268,262,44,306,0
2022-02-02,Siskiyou,093,43540,4195,4078,2463,6541,67
2022-02-02,Solano,095,438530,76901,72711,5163,77874,414
2022-02-02,Sonoma,097,501317,78910,76681,2251,78932,431
2022-02-02,Stanislaus,099,539301,112635,111167,16409,127576,1403
2022-02-02,Sutter,101,95872,19609,19290,1773,21063,203
2022-02-02,Tehama,103,63373,11458,11193,2463,13656,146
2022-02-02,Trinity,105,12862,1124,1074,262,1336,20
2022-02-02,Tulare,107,460477,101287,96820,25520,122340,1249
2022-02-02,Tuolumne,109,53932,11994,11342,475,11817,91
2022-02-02,Ventura,111,848112,167083,164905,9059,173964,1292
2022-02-02,Yolo,113,214977,35036,33332,2627,35959,281
2022-02-02,Yuba,115,75493,15024,14720,1043,15763,104
2022-02-01,Alameda,001,1643700,241391,233782,12456,246238,1620
2022-02-01,Alpine,003,1148,120,123,1,124,0
2022-02-01,Amador,005,37829,7992,7783,552,8335,73
2022-02-01,Butte,007,227075,31347,30496,6512,37008,355
2022-02-01,Calaveras,009,45235,6880,6749,296,7045,98
2022-02-01,Colusa,011,21464,3295,3202,997,4199,21
2022-02-01,Contra Costa,013,1133247,181777,174379,11914,186293,1115
2022-02-01,Del Norte,015,27424,5013,4907,136,5043,44
2022-02-01,El Dorado,017,186661,25624,24664,3005,27669,184
2022-02-01,Fresno,019,978130,217876,211352,22184,233536,2464
2022-02-01,Glenn,021,27897,4769,4649,1504,6153,39
2022-02-01,Humboldt,023,135768,15612,15354,2501,17855,127
2022-02-01,Imperial,025,180216,52884,51675,9719,61394,846
2022-02-01,Inyo,027,18085,3970,3928,417,4345,51
2022-02-01,Kern,029,883053,183851,178987,42902,221889,1967
2022-02-01,Kings,031,150075,48477,46959,3270,50229,400
2022-02-01,Lake,033,64148,9724,9211,760,9971,119
2022-02-01,Lassen,035,31185,8421,8231,818,9049,55
2022-02-01,Los Angeles,037,10098052,2620491,2548794,117966,2666760,28752
2022-02-01,Madera,039,155013,34997,34124,5310,39434,329
2022-02-01,Marin,041,260295,31604,31099,2028,33127,255
2022-02-01,Mariposa,043,17540,2246,2210,152,2362,6
2022-02-01,Mendocino,045,87422,12232,11978,2507,14485,105
2022-02-01,Merced,047,269075,59595,58362,7508,65870,743
2022-02-01,Modoc,049,8938,673,664,228,892,6
2022-02-01,Mono,051,14174,2907,2888,115,3003,5
2022-02-01,Monterey,053,433212,74477,66553,11490,78043,665
2022-02-01,Napa,055,140530,23905,22795,826,23621,116
2022-02-01,Nevada,057,99092,15172,14863,1048,15911,112
2022-02-01,Orange,059,3164182,529353,523741,39277,563018,6108
2022-02-01,Placer,061,380077,59976,58486,6936,65422,532
2022-02-01,Plumas,063,18699,2800,2526,291,2817,12
2022-02-01,Riverside,065,2383286,572993,560010,26407,586417,5825
2022-02-01,Sacramento,067,1510023,267140,257504,24044,281548,2593
2022-02-01,San Benito,069,59416,12279,12053,476,12529,90
2022-02-01,San Bernardino,071,2135413,559247,536591,24042,560633,6311
2022-02-01,San Diego,073,3302833,717000,701009,49397,750406,4710
2022-02-01,San Francisco,075,870044,116464,111606,7698,119304,713
2022-02-01,San Joaquin,077,732212,159205,156300,9403,165703,1987
2022-02-01,San Luis Obispo,079,281455,49257,47842,3331,51173,403
2022-02-01,San Mateo,081,765935,115188,103868,6299,110167,589
2022-02-01,Santa Barbara,083,443738,81178,79659,4351,84010,608
2022-02-01,Santa Clara,085,1922200,294805,286109,11155,297264,2070
2022-02-01,Santa Cruz,087,273765,43301,41782,1952,43734,239
2022-02-01,Shasta,089,179085,28808,28382,5595,33977,465
2022-02-01,Sierra,091,2930,266,262,44,306,0
2022-02-01,Siskiyou,093,43540,4181,4072,2436,6508,66
2022-02-01,Solano,095,438530,76624,72494,5141,77635,415
2022-02-01,Sonoma,097,501317,78550,76379,2228,78607,431
2022-02-01,Stanislaus,099,539301,112225,110925,16303,127228,1403
2022-02-01,Sutter,101,95872,19541,19256,1740,20996,202
2022-02-01,Tehama,103,63373,11401,11165,2450,13615,146
2022-02-01,Trinity,105,12862,1120,1073,262,1335,19
2022-02-01,Tulare,107,460477,100795,96467,25323,121790,1247
2022-02-01,Tuolumne,109,53932,11944,11318,466,11784,91
2022-02-01,Ventura,111,848112,166578,164721,9034,173755,1293
2022-02-01,Yolo,113,214977,34884,33257,2601,35858,275
2022-02-01,Yuba,115,75493,14963,14693,1036,15729,103
2022-01-31,Alameda,001,1643700,240034,232743,12347,245090,1607
2022-01-31,Alpine,003,1148,119,123,1,124,0
2022-01-31,Amador,005,37829,7939,7682,535,8217,73
2022-01-31,Butte,007,227075,31171,30371,6464,36835,354
2022-01-31,Calaveras,009,45235,6844,6700,285,6985,96
2022-01-31,Colusa,011,21464,3285,3187,988,4175,21
2022-01-31,Contra Costa,013,1133247,180933,173466,11787,185253,1115
2022-01-31,Del Norte,015,27424,4979,4879,133,5012,43
2022-01-31,El Dorado,017,186661,25522,24545,2975,27520,184
2022-01-31,Fresno,019,978130,216376,210589,21980,232569,2464
2022-01-31,Glenn,021,27897,4733,4641,1492,6133,39
2022-01-31,Humboldt,023,135768,15522,15308,2468,17776,126
2022-01-31,Imperial,025,180216,52668,51472,9610,61082,846
2022-01-31,Inyo,027,18085,3959,3922,411,4333,50
2022-01-31,Kern,029,883053,183070,178375,42586,220961,1967
2022-01-31,Kings,031,150075,48120,46845,3236,50081,398
2022-01-31,Lake,033,64148,9651,9141,748,9889,119
2022-01-31,Lassen,035,31185,8390,8162,812,8974,55
2022-01-31,Los Angeles,037,10098052,2612269,2541189,117557,2658746,28718
2022-01-31,Madera,039,155013,34783,33886,5214,39100,329
2022-01-31,Marin,041,260295,31479,31023,2011,33034,253
2022-01-31,Mariposa,043,17540,2236,2203,143,2346,6
2022-01-31,Mendocino,045,87422,12166,11896,2466,14362,104
2022-01-31,Merced,047,269075,59310,58198,7319,65517,740
2022-01-31,Modoc,049,8938,670,661,228,889,6
2022-01-31,Mono,051,14174,2893,2889,115,3004,5
2022-01-31,Monterey,053,433212,74025,66117,11277,77394,661
2022-01-31,Napa,055,140530,23737,22707,809,23516,113
2022-01-31,Nevada,057,99092,15095,14813,1035,15848,112
2022-01-31,Orange,059,3164182,528028,522358,39140,561498,6098
2022-01-31,Placer,061,380077,59729,58252,6905,65157,523
2022-01-31,Plumas,063,18699,2787,2513,289,2802,12
2022-01-31,Riverside,065,2383286,571175,558166,26343,584509,5785
2022-01-31,Sacramento,067,1510023,265847,256594,23792,280386,2571
2022-01-31,San Benito,069,59416,12220,11976,475,12451,90
2022-01-31,San Bernardino,071,2135413,557599,535276,23960,559236,6302
2022-01-31,San Diego,073,3302833,714094,698571,49125,747696,4686
2022-01-31,San Francisco,075,870044,116058,111119,7664,118783,712
2022-01-31,San Joaquin,077,732212,158445,155736,9372,165108,1985
2022-01-31,San Luis Obispo,079,281455,49003,47656,3274,50930,395
2022-01-31,San Mateo,081,765935,114680,103313,6241,109554,589
2022-01-31,Santa Barbara,083,443738,80672,79267,4309,83576,606
2022-01-31,Santa Clara,085,1922200,293117,284562,11051,295613,2041
2022-01-31,Santa Cruz,087,273765,42923,41630,1945,43575,239
2022-01-31,Shasta,089,179085,28678,28190,5554,33744,462
2022-01-31,Sierra,091,2930,266,261,44,305,0
2022-01-31,Siskiyou,093,43540,4165,4054,2420,6474,66
2022-01-31,Solano,095,438530,75916,72258,5094,77352,414
2022-01-31,Sonoma,097,501317,78096,76199,2198,78397,431
2022-01-31,Stanislaus,099,539301,111697,110493,16122,126615,1403
2022-01-31,Sutter,101,95872,19461,19189,1690,20879,202
2022-01-31,Tehama,103,63373,11338,11112,2422,13534,145
2022-01-31,Trinity,105,12862,1115,1071,259,1330,19
2022-01-31,Tulare,107,460477,100162,96053,25090,121143,1245
2022-01-31,Tuolumne,109,53932,11854,11278,459,11737,91
2022-01-31,Ventura,111,848112,166042,164060,9009,173069,1286
2022-01-31,Yolo,113,214977,34723,33175,2574,35749,274
2022-01-31,Yuba,115,75493,14900,14652,1016,15668,103
2022-01-30,Alameda,001,1643700,238477,231838,12195,244033,1607
2022-01-30,Alpine,003,1148,119,123,1,124,0
2022-01-30,Amador,005,37829,7888,7644,512,8156,73
2022-01-30,Butte,007,227075,30965,30255,6385,36640,354
2022-01-30,Calaveras,009,45235,6788,6676,274,6950,96
2022-01-30,Colusa,011,21464,3265,3168,980,4148,21
2022-01-30,Contra Costa,013,1133247,179939,172902,11584,184486,1102
2022-01-30,Del Norte,015,27424,4938,4833,130,4963,43
2022-01-30,El Dorado,017,186661,25402,24491,2950,27441,184
2022-01-30,Fresno,019,978130,214801,209645,21718,231363,2463
2022-01-30,Glenn,021,27897,4700,4619,1483,6102,39
2022-01-30,Humboldt,023,135768,15410,15247,2413,17660,126
2022-01-30,Imperial,025,180216,52343,51415,9441,60856,846
2022-01-30,Inyo,027,18085,3942,3921,408,4329,50
2022-01-30,Kern,029,883053,182205,177924,42264,220188,1967
2022-01-30,Kings,031,150075,47768,46654,3179,49833,398
2022-01-30,Lake,033,64148,9562,9080,727,9807,119
2022-01-30,Lassen,035,31185,8366,8158,804,8962,55
2022-01-30,Los Angeles,037,10098052,2602192,2530739,117086,2647825,28678
2022-01-30,Madera,039,155013,34485,33752,5030,38782,329
2022-01-30,Marin,041,260295,31331,30875,1997,32872,253
2022-01-30,Mariposa,043,17540,2224,2177,138,2315,6
2022-01-30,Mendocino,045,87422,12093,11860,2360,14220,104
2022-01-30,Merced,047,269075,58938,58006,7025,65031,740
2022-01-30,Modoc,049,8938,667,661,228,889,6
2022-01-30,Mono,051,14174,2887,2888,115,3003,5
2022-01-30,Monterey,053,433212,73438,65996,10998,76994,661
2022-01-30,Napa,055,140530,23569,22588,793,23381,114
2022-01-30,Nevada,057,99092,15007,14741,1019,15760,112
2022-01-30,Orange,059,3164182,526392,521334,38990,560324,6098
2022-01-30,Placer,061,380077,59399,58030,6865,64895,523
2022-01-30,Plumas,063,18699,2762,2510,275,2785,12
2022-01-30,Riverside,065,2383286,569107,557088,26243,583331,5767
2022-01-30,Sacramento,067,1510023,264389,255715,23298,279013,2572
2022-01-30,San Benito,069,59416,12154,11945,470,12415,90
2022-01-30,San Bernardino,071,2135413,555826,534050,23849,557899,6302
2022-01-30,San Diego,073,3302833,710557,687145,48689,735834,4665
2022-01-30,San Francisco,075,870044,115509,110772,7630,118402,712
2022-01-30,San Joaquin,077,732212,157455,155165,9334,164499,1985
2022-01-30,San Luis Obispo,079,281455,48606,47599,3238,50837,394
2022-01-30,San Mateo,081,765935,114106,102979,6196,109175,589
2022-01-30,Santa Barbara,083,443738,79995,79072,4248,83320,606
2022-01-30,Santa Clara,085,1922200,291139,282846,10920,293766,2035
2022-01-30,Santa Cruz,087,273765,42464,41330,1937,43267,239
2022-01-30,Shasta,089,179085,28517,28105,5470,33575,462
2022-01-30,Sierra,091,2930,266,261,44,305,0
2022-01-30,Siskiyou,093,43540,4135,4039,2373,6412,66
2022-01-30,Solano,095,438530,75390,71857,5043,76900,414
2022-01-30,Sonoma,097,501317,77577,75890,2169,78059,431
2022-01-30,Stanislaus,099,539301,111043,110111,15919,126030,1403
2022-01-30,Sutter,101,95872,19369,19108,1593,20701,202
2022-01-30,Tehama,103,63373,11266,11071,2392,13463,145
2022-01-30,Trinity,105,12862,1109,1068,259,1327,19
2022-01-30,Tulare,107,460477,99420,95676,24832,120508,1245
2022-01-30,Tuolumne,109,53932,11745,11242,422,11664,91
2022-01-30,Ventura,111,848112,165464,163521,8979,172500,1286
2022-01-30,Yolo,113,214977,34506,33043,2541,35584,274
2022-01-30,Yuba,115,75493,14810,14584,996,15580,103
2022-01-29,Alameda,001,1643700,237805,225602,12177,237779,1605
2022-01-29,Alpine,003,1148,119,123,1,124,0
2022-01-29,Amador,005,37829,7866,7505,509,8014,73
2022-01-29,Butte,007,227075,30875,29557,6354,35911,353
2022-01-29,Calaveras,009,45235,6769,6484,274,6758,96
2022-01-29,Colusa,011,21464,3260,3107,976,4083,21
2022-01-29,Contra Costa,013,1133247,179392,168003,11551,179554,1101
2022-01-29,Del Norte,015,27424,4920,4589,128,4717,43
2022-01-29,El Dorado,017,186661,25359,24008,2943,26951,184
2022-01-29,Fresno,019,978130,214344,202691,21679,224370,2457
2022-01-29,Glenn,021,27897,4692,4516,1476,5992,39
2022-01-29,Humboldt,023,135768,15363,14812,2406,17218,126
2022-01-29,Imperial,025,180216,52227,50153,9385,59538,845
2022-01-29,Inyo,027,18085,3940,3895,400,4295,50
2022-01-29,Kern,029,883053,181865,174456,42102,216558,1962
2022-01-29,Kings,031,150075,47649,45047,3172,48219,397
2022-01-29,Lake,033,64148,9529,8747,723,9470,119
2022-01-29,Lassen,035,31185,8345,7961,801,8762,55
2022-01-29,Los Angeles,037,10098052,2598285,2473332,116820,2590152,28467
2022-01-29,Madera,039,155013,34376,32753,5002,37755,329
2022-01-29,Marin,041,260295,31266,30137,1995,32132,253
2022-01-29,Mariposa,043,17540,2222,2117,136,2253,6
2022-01-29,Mendocino,045,87422,12069,11591,2344,13935,104
2022-01-29,Merced,047,269075,58830,56472,7020,63492,735
2022-01-29,Modoc,049,8938,667,654,228,882,6
2022-01-29,Mono,051,14174,2885,2860,115,2975,5
2022-01-29,Monterey,053,433212,73283,64090,10936,75026,658
2022-01-29,Napa,055,140530,23513,22121,791,22912,113
2022-01-29,Nevada,057,99092,14973,14337,1016,15353,112
2022-01-29,Orange,059,3164182,525689,511255,38884,550139,6038
2022-01-29,Placer,061,380077,59207,56562,6849,63411,523
2022-01-29,Plumas,063,18699,2752,2463,271,2734,12
2022-01-29,Riverside,065,2383286,568084,548121,26201,574322,5726
2022-01-29,Sacramento,067,1510023,263743,249130,23252,272382,2558
2022-01-29,San Benito,069,59416,12096,11670,469,12139,90
2022-01-29,San Bernardino,071,2135413,555077,525249,23805,549054,6297
2022-01-29,San Diego,073,3302833,709223,683027,48589,731616,4643
2022-01-29,San Francisco,075,870044,115235,108265,7582,115847,712
2022-01-29,San Joaquin,077,732212,157209,150849,9312,160161,1971
2022-01-29,San Luis Obispo,079,281455,48516,46374,3235,49609,391
2022-01-29,San Mateo,081,765935,113766,100306,6177,106483,586
2022-01-29,Santa Barbara,083,443738,79773,76546,4242,80788,604
2022-01-29,Santa Clara,085,1922200,290201,273879,10892,284771,2019
2022-01-29,Santa Cruz,087,273765,42334,39228,1935,41163,240
2022-01-29,Shasta,089,179085,28457,27504,5457,32961,452
2022-01-29,Sierra,091,2930,266,260,43,303,0
2022-01-29,Siskiyou,093,43540,4125,3987,2366,6353,66
2022-01-29,Solano,095,438530,75245,69862,5030,74892,407
2022-01-29,Sonoma,097,501317,77362,73439,2164,75603,427
2022-01-29,Stanislaus,099,539301,110793,107668,15868,123536,1403
2022-01-29,Sutter,101,95872,19321,18797,1577,20374,202
2022-01-29,Tehama,103,63373,11231,10880,2383,13263,145
2022-01-29,Trinity,105,12862,1106,1033,258,1291,19
2022-01-29,Tulare,107,460477,99165,93154,24760,117914,1237
2022-01-29,Tuolumne,109,53932,11719,10806,414,11220,91
2022-01-29,Ventura,111,848112,165134,160466,8960,169426,1271
2022-01-29,Yolo,113,214977,34392,32123,2525,34648,275
2022-01-29,Yuba,115,75493,14770,14295,994,15289,103
2022-01-28,Alameda,001,1643700,236860,225602,12159,237761,1605
2022-01-28,Alpine,003,1148,119,123,1,124,0
2022-01-28,Amador,005,37829,7840,7505,508,8013,73
2022-01-28,Butte,007,227075,30798,29557,6332,35889,353
2022-01-28,Calaveras,009,45235,6751,6484,273,6757,96
2022-01-28,Colusa,011,21464,3255,3107,975,4082,21
2022-01-28,Contra Costa,013,1133247,178843,168003,11514,179517,1101
2022-01-28,Del Norte,015,27424,4896,4589,127,4716,43
2022-01-28,El Dorado,017,186661,25314,24008,2936,26944,184
2022-01-28,Fresno,019,978130,213473,202691,21623,224314,2457
2022-01-28,Glenn,021,27897,4679,4516,1474,5990,39
2022-01-28,Humboldt,023,135768,15327,14812,2396,17208,126
2022-01-28,Imperial,025,180216,52099,50153,9355,59508,845
2022-01-28,Inyo,027,18085,3936,3895,397,4292,50
2022-01-28,Kern,029,883053,181454,174456,41944,216400,1962
2022-01-28,Kings,031,150075,47519,45047,3162,48209,397
2022-01-28,Lake,033,64148,9497,8747,720,9467,119
2022-01-28,Lassen,035,31185,8275,7961,799,8760,55
2022-01-28,Los Angeles,037,10098052,2592562,2473332,116606,2589938,28467
2022-01-28,Madera,039,155013,34248,32753,4986,37739,329
2022-01-28,Marin,041,260295,31173,30137,1975,32112,253
2022-01-28,Mariposa,043,17540,2212,2117,134,2251,6
2022-01-28,Mendocino,045,87422,12026,11591,2342,13933,104
2022-01-28,Merced,047,269075,58730,56472,7005,63477,735
2022-01-28,Modoc,049,8938,666,654,228,882,6
2022-01-28,Mono,051,14174,2880,2860,114,2974,5
2022-01-28,Monterey,053,433212,73081,64090,10887,74977,658
2022-01-28,Napa,055,140530,23434,22121,789,22910,113
2022-01-28,Nevada,057,99092,14936,14337,1014,15351,112
2022-01-28,Orange,059,3164182,524618,511255,38794,550049,6038
2022-01-28,Placer,061,380077,59008,56562,6825,63387,523
2022-01-28,Plumas,063,18699,2744,2463,269,2732,12
2022-01-28,Riverside,065,2383286,566762,548121,26160,574281,5726
2022-01-28,Sacramento,067,1510023,262961,249130,23199,272329,2558
2022-01-28,San Benito,069,59416,12074,11670,464,12134,90
2022-01-28,San Bernardino,071,2135413,554037,525249,23768,549017,6297
2022-01-28,San Diego,073,3302833,707401,683027,48510,731537,4643
2022-01-28,San Francisco,075,870044,114880,108265,7533,115798,712
2022-01-28,San Joaquin,077,732212,156918,150849,9298,160147,1971
2022-01-28,San Luis Obispo,079,281455,48432,46374,3228,49602,391
2022-01-28,San Mateo,081,765935,113413,100306,6157,106463,586
2022-01-28,Santa Barbara,083,443738,79524,76546,4240,80786,604
2022-01-28,Santa Clara,085,1922200,289010,273879,10843,284722,2019
2022-01-28,Santa Cruz,087,273765,42141,39228,1924,41152,240
2022-01-28,Shasta,089,179085,28397,27504,5443,32947,452
2022-01-28,Sierra,091,2930,266,260,43,303,0
2022-01-28,Siskiyou,093,43540,4115,3987,2362,6349,66
2022-01-28,Solano,095,438530,74693,69862,4964,74826,407
2022-01-28,Sonoma,097,501317,77156,73439,2157,75596,427
2022-01-28,Stanislaus,099,539301,110520,107668,15821,123489,1403
2022-01-28,Sutter,101,95872,19276,18797,1575,20372,202
2022-01-28,Tehama,103,63373,11199,10880,2376,13256,145
2022-01-28,Trinity,105,12862,1097,1033,258,1291,19
2022-01-28,Tulare,107,460477,98891,93154,24654,117808,1237
2022-01-28,Tuolumne,109,53932,11686,10806,410,11216,91
2022-01-28,Ventura,111,848112,164680,160466,8941,169407,1271
2022-01-28,Yolo,113,214977,34287,32123,2519,34642,275
2022-01-28,Yuba,115,75493,14731,14295,990,15285,103
2022-01-27,Alameda,001,1643700,235273,225602,12027,237629,1605
2022-01-27,Alpine,003,1148,119,123,1,124,0
2022-01-27,Amador,005,37829,7794,7505,497,8002,73
2022-01-27,Butte,007,227075,30645,29557,6278,35835,353
2022-01-27,Calaveras,009,45235,6725,6484,257,6741,96
2022-01-27,Colusa,011,21464,3239,3107,970,4077,21
2022-01-27,Contra Costa,013,1133247,177779,168003,11341,179344,1101
2022-01-27,Del Norte,015,27424,4852,4589,123,4712,43
2022-01-27,El Dorado,017,186661,25205,24008,2917,26925,184
2022-01-27,Fresno,019,978130,211835,202691,21403,224094,2457
2022-01-27,Glenn,021,27897,4647,4516,1466,5982,39
2022-01-27,Humboldt,023,135768,15238,14812,2359,17171,126
2022-01-27,Imperial,025,180216,51829,50153,9243,59396,845
2022-01-27,Inyo,027,18085,3929,3895,388,4283,50
2022-01-27,Kern,029,883053,180675,174456,41583,216039,1962
2022-01-27,Kings,031,150075,47180,45047,3124,48171,397
2022-01-27,Lake,033,64148,9443,8747,703,9450,119
2022-01-27,Lassen,035,31185,8234,7961,793,8754,55
2022-01-27,Los Angeles,037,10098052,2581406,2473332,116093,2589425,28467
2022-01-27,Madera,039,155013,34039,32753,4884,37637,329
2022-01-27,Marin,041,260295,31009,30137,1960,32097,253
2022-01-27,Mariposa,043,17540,2189,2117,131,2248,6
2022-01-27,Mendocino,045,87422,11975,11591,2293,13884,104
2022-01-27,Merced,047,269075,58461,56472,6842,63314,735
2022-01-27,Modoc,049,8938,664,654,227,881,6
2022-01-27,Mono,051,14174,2875,2860,114,2974,5
2022-01-27,Monterey,053,433212,72459,64090,10642,74732,658
2022-01-27,Napa,055,140530,23279,22121,762,22883,113
2022-01-27,Nevada,057,99092,14864,14337,987,15324,112
2022-01-27,Orange,059,3164182,522892,511255,38656,549911,6038
2022-01-27,Placer,061,380077,58690,56562,6773,63335,523
2022-01-27,Plumas,063,18699,2733,2463,257,2720,12
2022-01-27,Riverside,065,2383286,564588,548121,26092,574213,5726
2022-01-27,Sacramento,067,1510023,261678,249130,22874,272004,2558
2022-01-27,San Benito,069,59416,12019,11670,459,12129,90
2022-01-27,San Bernardino,071,2135413,552142,525249,23667,548916,6297
2022-01-27,San Diego,073,3302833,704060,683027,48151,731178,4643
2022-01-27,San Francisco,075,870044,114375,108265,7475,115740,712
2022-01-27,San Joaquin,077,732212,156057,150849,9233,160082,1971
2022-01-27,San Luis Obispo,079,281455,48161,46374,3193,49567,391
2022-01-27,San Mateo,081,765935,112828,100306,6088,106394,586
2022-01-27,Santa Barbara,083,443738,79045,76546,4185,80731,604
2022-01-27,Santa Clara,085,1922200,286937,273879,10697,284576,2019
2022-01-27,Santa Cruz,087,273765,41477,39228,1906,41134,240
2022-01-27,Shasta,089,179085,28271,27504,5394,32898,452
2022-01-27,Sierra,091,2930,265,260,42,302,0
2022-01-27,Siskiyou,093,43540,4094,3987,2325,6312,66
2022-01-27,Solano,095,438530,74054,69862,4906,74768,407
2022-01-27,Sonoma,097,501317,76690,73439,2143,75582,427
2022-01-27,Stanislaus,099,539301,109994,107668,15664,123332,1403
2022-01-27,Sutter,101,95872,19170,18797,1551,20348,202
2022-01-27,Tehama,103,63373,11147,10880,2360,13240,145
2022-01-27,Trinity,105,12862,1093,1033,257,1290,19
2022-01-27,Tulare,107,460477,98223,93154,24393,117547,1237
2022-01-27,Tuolumne,109,53932,11632,10806,402,11208,91
2022-01-27,Ventura,111,848112,164028,160466,8905,169371,1271
2022-01-27,Yolo,113,214977,34141,32123,2504,34627,275
2022-01-27,Yuba,115,75493,14653,14295,974,15269,103
2022-01-26,Alameda,001,1643700,233382,222680,11863,234543,1596
2022-01-26,Alpine,003,1148,119,123,1,124,0
2022-01-26,Amador,005,37829,7720,7427,482,7909,73
2022-01-26,Butte,007,227075,30450,29229,6214,35443,353
2022-01-26,Calaveras,009,45235,6687,6387,251,6638,96
2022-01-26,Colusa,011,21464,3220,3094,965,4059,21
2022-01-26,Contra Costa,013,1133247,176581,165972,11171,177143,1095
2022-01-26,Del Norte,015,27424,4794,4542,122,4664,43
2022-01-26,El Dorado,017,186661,25083,23819,2894,26713,181
2022-01-26,Fresno,019,978130,209973,199689,21183,220872,2452
2022-01-26,Glenn,021,27897,4614,4472,1461,5933,39
2022-01-26,Humboldt,023,135768,15140,14715,2316,17031,126
2022-01-26,Imperial,025,180216,51472,49477,9098,58575,839
2022-01-26,Inyo,027,18085,3926,3889,358,4247,50
2022-01-26,Kern,029,883053,179735,173052,41243,214295,1953
2022-01-26,Kings,031,150075,46775,44367,3095,47462,396
2022-01-26,Lake,033,64148,9361,8645,693,9338,119
2022-01-26,Lassen,035,31185,8194,7888,793,8681,55
2022-01-26,Los Angeles,037,10098052,2569198,2450620,115647,2566267,28382
2022-01-26,Madera,039,155013,33800,32323,4747,37070,329
2022-01-26,Marin,041,260295,30826,29813,1943,31756,253
2022-01-26,Mariposa,043,17540,2172,2108,124,2232,6
2022-01-26,Mendocino,045,87422,11927,11453,2242,13695,103
2022-01-26,Merced,047,269075,58087,56060,6665,62725,733
2022-01-26,Modoc,049,8938,663,652,226,878,6
2022-01-26,Mono,051,14174,2872,2852,114,2966,4
2022-01-26,Monterey,053,433212,71902,63264,10354,73618,659
2022-01-26,Napa,055,140530,23123,21864,752,22616,112
2022-01-26,Nevada,057,99092,14770,14128,975,15103,112
2022-01-26,Orange,059,3164182,520902,506419,38490,544909,6007
2022-01-26,Placer,061,380077,58351,55892,6712,62604,524
2022-01-26,Plumas,063,18699,2706,2425,255,2680,12
2022-01-26,Riverside,065,2383286,562057,543788,25976,569764,5701
2022-01-26,Sacramento,067,1510023,259981,246416,22547,268963,2559
2022-01-26,San Benito,069,59416,11948,11563,447,12010,90
2022-01-26,San Bernardino,071,2135413,549870,521699,23560,545259,6291
2022-01-26,San Diego,073,3302833,699845,676392,47793,724185,4622
2022-01-26,San Francisco,075,870044,113734,107174,7443,114617,704
2022-01-26,San Joaquin,077,732212,155062,148770,9179,157949,1971
2022-01-26,San Luis Obispo,079,281455,47856,45716,3167,48883,391
2022-01-26,San Mateo,081,765935,112161,99016,5964,104980,586
2022-01-26,Santa Barbara,083,443738,78517,75548,4125,79673,600
2022-01-26,Santa Clara,085,1922200,284818,270470,10526,280996,2015
2022-01-26,Santa Cruz,087,273765,40958,38298,1892,40190,239
2022-01-26,Shasta,089,179085,28124,27255,5348,32603,452
2022-01-26,Sierra,091,2930,264,260,41,301,0
2022-01-26,Siskiyou,093,43540,4078,3971,2300,6271,66
2022-01-26,Solano,095,438530,73358,69150,4839,73989,401
2022-01-26,Sonoma,097,501317,76130,72509,2108,74617,423
2022-01-26,Stanislaus,099,539301,109439,106582,15447,122029,1396
2022-01-26,Sutter,101,95872,19060,18670,1507,20177,202
2022-01-26,Tehama,103,63373,11093,10749,2346,13095,145
2022-01-26,Trinity,105,12862,1088,1008,257,1265,19
2022-01-26,Tulare,107,460477,97418,91904,24154,116058,1234
2022-01-26,Tuolumne,109,53932,11448,10699,391,11090,91
2022-01-26,Ventura,111,848112,163318,159077,8863,167940,1263
2022-01-26,Yolo,113,214977,33924,31913,2466,34379,275
2022-01-26,Yuba,115,75493,14568,14171,952,15123,103
2022-01-25,Alameda,001,1643700,231488,219753,11692,231445,1589
2022-01-25,Alpine,003,1148,119,122,1,123,0
2022-01-25,Amador,005,37829,7643,7352,471,7823,73
2022-01-25,Butte,007,227075,30237,28887,6137,35024,351
2022-01-25,Calaveras,009,45235,6629,6266,238,6504,95
2022-01-25,Colusa,011,21464,3199,3074,963,4037,21
2022-01-25,Contra Costa,013,1133247,175182,163792,10943,174735,1092
2022-01-25,Del Norte,015,27424,4724,4514,117,4631,43
2022-01-25,El Dorado,017,186661,24947,23339,2870,26209,179
2022-01-25,Fresno,019,978130,207801,198262,20889,219151,2434
2022-01-25,Glenn,021,27897,4584,4418,1445,5863,39
2022-01-25,Humboldt,023,135768,15048,14574,2290,16864,126
2022-01-25,Imperial,025,180216,51016,48913,8877,57790,832
2022-01-25,Inyo,027,18085,3910,3857,316,4173,50
2022-01-25,Kern,029,883053,178730,171695,40795,212490,1947
2022-01-25,Kings,031,150075,46307,43853,3050,46903,396
2022-01-25,Lake,033,64148,9282,8543,681,9224,118
2022-01-25,Lassen,035,31185,8163,7834,784,8618,55
2022-01-25,Los Angeles,037,10098052,2554253,2433516,115005,2548521,28293
2022-01-25,Madera,039,155013,33479,31794,4614,36408,329
2022-01-25,Marin,041,260295,30649,29589,1930,31519,253
2022-01-25,Mariposa,043,17540,2160,2069,118,2187,6
2022-01-25,Mendocino,045,87422,11807,11280,2139,13419,103
2022-01-25,Merced,047,269075,57699,55555,6525,62080,733
2022-01-25,Modoc,049,8938,661,652,226,878,6
2022-01-25,Mono,051,14174,2862,2826,113,2939,4
2022-01-25,Monterey,053,433212,71328,62498,9953,72451,654
2022-01-25,Napa,055,140530,22928,21668,718,22386,111
2022-01-25,Nevada,057,99092,14657,13944,953,14897,112
2022-01-25,Orange,059,3164182,518621,504274,38293,542567,5980
2022-01-25,Placer,061,380077,57948,55465,6639,62104,518
2022-01-25,Plumas,063,18699,2682,2397,251,2648,12
2022-01-25,Riverside,065,2383286,558966,540723,25812,566535,5686
2022-01-25,Sacramento,067,1510023,258034,244468,22019,266487,2545
2022-01-25,San Benito,069,59416,11849,11446,443,11889,88
2022-01-25,San Bernardino,071,2135413,547243,519150,23446,542596,6288
2022-01-25,San Diego,073,3302833,694853,670110,47341,717451,4604
2022-01-25,San Francisco,075,870044,112975,106254,7401,113655,703
2022-01-25,San Joaquin,077,732212,154061,147271,9113,156384,1972
2022-01-25,San Luis Obispo,079,281455,47495,45130,3119,48249,391
2022-01-25,San Mateo,081,765935,111327,98010,5853,103863,586
2022-01-25,Santa Barbara,083,443738,77849,74686,4046,78732,594
2022-01-25,Santa Clara,085,1922200,282165,268031,10324,278355,2006
2022-01-25,Santa Cruz,087,273765,40287,37850,1877,39727,237
2022-01-25,Shasta,089,179085,27962,27090,5282,32372,452
2022-01-25,Sierra,091,2930,264,260,37,297,0
2022-01-25,Siskiyou,093,43540,4054,3958,2265,6223,65
2022-01-25,Solano,095,438530,72786,68657,4780,73437,399
2022-01-25,Sonoma,097,501317,75441,71633,2068,73701,423
2022-01-25,Stanislaus,099,539301,108766,105965,15221,121186,1396
2022-01-25,Sutter,101,95872,18957,18508,1467,19975,200
2022-01-25,Tehama,103,63373,11030,10669,2322,12991,145
2022-01-25,Trinity,105,12862,1081,999,255,1254,19
2022-01-25,Tulare,107,460477,96553,91237,23835,115072,1229
2022-01-25,Tuolumne,109,53932,11267,10516,367,10883,91
2022-01-25,Ventura,111,848112,162464,157971,8814,166785,1263
2022-01-25,Yolo,113,214977,33665,31677,2422,34099,274
2022-01-25,Yuba,115,75493,14483,14038,925,14963,103
2022-01-24,Alameda,001,1643700,229018,216252,11425,227677,1581
2022-01-24,Alpine,003,1148,119,120,1,121,0
2022-01-24,Amador,005,37829,7592,7166,434,7600,73
2022-01-24,Butte,007,227075,30004,28607,6072,34679,350
2022-01-24,Calaveras,009,45235,6581,6172,224,6396,95
2022-01-24,Colusa,011,21464,3179,3052,946,3998,21
2022-01-24,Contra Costa,013,1133247,173628,162161,10721,172882,1092
2022-01-24,Del Norte,015,27424,4664,4460,117,4577,43
2022-01-24,El Dorado,017,186661,24783,23128,2844,25972,179
2022-01-24,Fresno,019,978130,205475,196092,20565,216657,2430
2022-01-24,Glenn,021,27897,4544,4367,1436,5803,39
2022-01-24,Humboldt,023,135768,14937,14416,2245,16661,126
2022-01-24,Imperial,025,180216,50476,48228,8595,56823,824
2022-01-24,Inyo,027,18085,3904,3805,292,4097,50
2022-01-24,Kern,029,883053,177424,169892,40324,210216,1946
2022-01-24,Kings,031,150075,45734,43260,2979,46239,396
2022-01-24,Lake,033,64148,9173,8423,666,9089,118
2022-01-24,Lassen,035,31185,8079,7732,765,8497,55
2022-01-24,Los Angeles,037,10098052,2537728,2391045,114228,2505273,28230
2022-01-24,Madera,039,155013,33044,31339,4430,35769,329
2022-01-24,Marin,041,260295,30416,29301,1894,31195,253
2022-01-24,Mariposa,043,17540,2135,2033,114,2147,6
2022-01-24,Mendocino,045,87422,11703,11002,2060,13062,103
2022-01-24,Merced,047,269075,57195,54970,6240,61210,730
2022-01-24,Modoc,049,8938,658,648,225,873,6
2022-01-24,Mono,051,14174,2852,2802,112,2914,4
2022-01-24,Monterey,053,433212,70468,61975,9598,71573,654
2022-01-24,Napa,055,140530,22749,21494,706,22200,111
2022-01-24,Nevada,057,99092,14530,13774,930,14704,112
2022-01-24,Orange,059,3164182,516044,501634,38026,539660,5969
2022-01-24,Placer,061,380077,57466,54933,6590,61523,518
2022-01-24,Plumas,063,18699,2650,2370,237,2607,12
2022-01-24,Riverside,065,2383286,555234,535962,25604,561566,5661
2022-01-24,Sacramento,067,1510023,255673,241522,21463,262985,2526
2022-01-24,San Benito,069,59416,11749,11331,430,11761,88
2022-01-24,San Bernardino,071,2135413,544355,515604,23283,538887,6285
2022-01-24,San Diego,073,3302833,689197,663580,46790,710370,4586
2022-01-24,San Francisco,075,870044,112018,105418,7307,112725,703
2022-01-24,San Joaquin,077,732212,152742,145984,9037,155021,1959
2022-01-24,San Luis Obispo,079,281455,47024,44616,3065,47681,387
2022-01-24,San Mateo,081,765935,110363,96968,5740,102708,586
2022-01-24,Santa Barbara,083,443738,77038,73866,3953,77819,591
2022-01-24,Santa Clara,085,1922200,279265,265341,10113,275454,2006
2022-01-24,Santa Cruz,087,273765,39487,37188,1859,39047,237
2022-01-24,Shasta,089,179085,27778,26871,5194,32065,452
2022-01-24,Sierra,091,2930,264,258,37,295,0
2022-01-24,Siskiyou,093,43540,4046,3934,2226,6160,64
2022-01-24,Solano,095,438530,72104,68094,4703,72797,400
2022-01-24,Sonoma,097,501317,74526,70733,2031,72764,423
2022-01-24,Stanislaus,099,539301,108008,104933,14933,119866,1395
2022-01-24,Sutter,101,95872,18842,18336,1381,19717,200
2022-01-24,Tehama,103,63373,10960,10567,2302,12869,145
2022-01-24,Trinity,105,12862,1072,978,253,1231,19
2022-01-24,Tulare,107,460477,95481,90089,23478,113567,1219
2022-01-24,Tuolumne,109,53932,11146,10374,359,10733,91
2022-01-24,Ventura,111,848112,161441,156551,8769,165320,1261
2022-01-24,Yolo,113,214977,33372,31480,2393,33873,273
2022-01-24,Yuba,115,75493,14377,13862,886,14748,103
2022-01-23,Alameda,001,1643700,226314,214003,11105,225108,1583
2022-01-23,Alpine,003,1148,119,120,1,121,0
2022-01-23,Amador,005,37829,7536,7090,394,7484,73
2022-01-23,Butte,007,227075,29706,28340,5946,34286,350
2022-01-23,Calaveras,009,45235,6516,6095,203,6298,95
2022-01-23,Colusa,011,21464,3154,3040,937,3977,21
2022-01-23,Contra Costa,013,1133247,171692,160798,10348,171146,1092
2022-01-23,Del Norte,015,27424,4596,4419,111,4530,43
2022-01-23,El Dorado,017,186661,24597,22925,2797,25722,179
2022-01-23,Fresno,019,978130,202971,193642,20079,213721,2430
2022-01-23,Glenn,021,27897,4497,4340,1414,5754,39
2022-01-23,Humboldt,023,135768,14815,14296,2163,16459,126
2022-01-23,Imperial,025,180216,49878,47935,8311,56246,824
2022-01-23,Inyo,027,18085,3877,3781,278,4059,50
2022-01-23,Kern,029,883053,176061,168585,39796,208381,1946
2022-01-23,Kings,031,150075,45101,42622,2877,45499,397
2022-01-23,Lake,033,64148,9003,8363,640,9003,118
2022-01-23,Lassen,035,31185,8030,7710,741,8451,55
2022-01-23,Los Angeles,037,10098052,2517407,2390590,113081,2503671,28231
2022-01-23,Madera,039,155013,32686,30962,4194,35156,329
2022-01-23,Marin,041,260295,30163,29025,1856,30881,253
2022-01-23,Mariposa,043,17540,2120,2011,111,2122,6
2022-01-23,Mendocino,045,87422,11578,10889,1932,12821,103
2022-01-23,Merced,047,269075,56625,54644,5787,60431,730
2022-01-23,Modoc,049,8938,656,645,222,867,6
2022-01-23,Mono,051,14174,2844,2788,110,2898,4
2022-01-23,Monterey,053,433212,69632,61522,9165,70687,654
2022-01-23,Napa,055,140530,22487,21281,693,21974,111
2022-01-23,Nevada,057,99092,14369,13629,901,14530,112
2022-01-23,Orange,059,3164182,512940,498968,37735,536703,5970
2022-01-23,Placer,061,380077,56896,54568,6501,61069,518
2022-01-23,Plumas,063,18699,2617,2368,208,2576,12
2022-01-23,Riverside,065,2383286,550787,532273,25302,557575,5661
2022-01-23,Sacramento,067,1510023,253025,239589,20521,260110,2530
2022-01-23,San Benito,069,59416,11627,11225,419,11644,88
2022-01-23,San Bernardino,071,2135413,540792,512657,23005,535662,6281
2022-01-23,San Diego,073,3302833,682592,640215,45981,686196,4566
2022-01-23,San Francisco,075,870044,110951,104485,7199,111684,704
2022-01-23,San Joaquin,077,732212,151118,144621,8955,153576,1959
2022-01-23,San Luis Obispo,079,281455,46328,44183,2991,47174,386
2022-01-23,San Mateo,081,765935,109243,95940,5596,101536,586
2022-01-23,Santa Barbara,083,443738,75914,73041,3830,76871,590
2022-01-23,Santa Clara,085,1922200,275912,261991,9794,271785,2005
2022-01-23,Santa Cruz,087,273765,38956,36547,1828,38375,237
2022-01-23,Shasta,089,179085,27498,26732,5074,31806,452
2022-01-23,Sierra,091,2930,263,252,37,289,0
2022-01-23,Siskiyou,093,43540,4021,3916,2169,6085,64
2022-01-23,Solano,095,438530,71303,67457,4609,72066,400
2022-01-23,Sonoma,097,501317,73572,69791,1975,71766,423
2022-01-23,Stanislaus,099,539301,107147,104067,14641,118708,1395
2022-01-23,Sutter,101,95872,18684,18175,1268,19443,200
2022-01-23,Tehama,103,63373,10863,10481,2271,12752,145
2022-01-23,Trinity,105,12862,1069,961,251,1212,19
2022-01-23,Tulare,107,460477,94229,89120,23067,112187,1219
2022-01-23,Tuolumne,109,53932,10954,10243,342,10585,91
2022-01-23,Ventura,111,848112,160260,155052,8692,163744,1261
2022-01-23,Yolo,113,214977,32995,30908,2353,33261,273
2022-01-23,Yuba,115,75493,14253,13762,833,14595,103
2022-01-22,Alameda,001,1643700,225252,203927,11078,215005,1575
2022-01-22,Alpine,003,1148,118,119,1,120,0
2022-01-22,Amador,005,37829,7502,6845,389,7234,73
2022-01-22,Butte,007,227075,29584,27232,5914,33146,350
2022-01-22,Calaveras,009,45235,6486,5835,202,6037,95
2022-01-22,Colusa,011,21464,3137,2954,934,3888,21
2022-01-22,Contra Costa,013,1133247,170718,154111,10318,164429,1091
2022-01-22,Del Norte,015,27424,4557,4269,107,4376,43
2022-01-22,El Dorado,017,186661,24531,22273,2785,25058,179
2022-01-22,Fresno,019,978130,202138,185292,20009,205301,2429
2022-01-22,Glenn,021,27897,4490,4174,1411,5585,39
2022-01-22,Humboldt,023,135768,14747,13628,2150,15778,125
2022-01-22,Imperial,025,180216,49687,45741,8252,53993,820
2022-01-22,Inyo,027,18085,3873,3706,254,3960,50
2022-01-22,Kern,029,883053,175434,162902,39496,202398,1946
2022-01-22,Kings,031,150075,44893,40580,2864,43444,396
2022-01-22,Lake,033,64148,8969,8056,632,8688,118
2022-01-22,Lassen,035,31185,7996,7545,734,8279,55
2022-01-22,Los Angeles,037,10098052,2509992,2286280,112578,2398858,28038
2022-01-22,Madera,039,155013,32567,29595,4179,33774,329
2022-01-22,Marin,041,260295,30036,27893,1851,29744,253
2022-01-22,Mariposa,043,17540,2116,1920,111,2031,6
2022-01-22,Mendocino,045,87422,11528,10395,1910,12305,103
2022-01-22,Merced,047,269075,56467,53025,5779,58804,727
2022-01-22,Modoc,049,8938,655,639,222,861,6
2022-01-22,Mono,051,14174,2843,2723,106,2829,4
2022-01-22,Monterey,053,433212,69426,59038,9123,68161,651
2022-01-22,Napa,055,140530,22392,20402,683,21085,111
2022-01-22,Nevada,057,99092,14301,12957,893,13850,112
2022-01-22,Orange,059,3164182,511332,480329,37487,517816,5946
2022-01-22,Placer,061,380077,56625,52557,6464,59021,512
2022-01-22,Plumas,063,18699,2600,2289,204,2493,12
2022-01-22,Riverside,065,2383286,548870,513567,25229,538796,5623
2022-01-22,Sacramento,067,1510023,251972,230206,20416,250622,2510
2022-01-22,San Benito,069,59416,11569,10743,414,11157,88
2022-01-22,San Bernardino,071,2135413,539255,495209,22911,518120,6267
2022-01-22,San Diego,073,3302833,680105,628904,45760,674664,4559
2022-01-22,San Francisco,075,870044,110295,100238,7050,107288,702
2022-01-22,San Joaquin,077,732212,150676,138264,8913,147177,1960
2022-01-22,San Luis Obispo,079,281455,46209,42154,2985,45139,385
2022-01-22,San Mateo,081,765935,108657,91440,5534,96974,585
2022-01-22,Santa Barbara,083,443738,75492,69555,3824,73379,589
2022-01-22,Santa Clara,085,1922200,274228,249205,9728,258933,1993
2022-01-22,Santa Cruz,087,273765,38774,33741,1822,35563,237
2022-01-22,Shasta,089,179085,27402,25919,5052,30971,450
2022-01-22,Sierra,091,2930,263,248,36,284,0
2022-01-22,Siskiyou,093,43540,4003,3845,2148,5993,62
2022-01-22,Solano,095,438530,71080,63882,4571,68453,391
2022-01-22,Sonoma,097,501317,73152,66013,1965,67978,422
2022-01-22,Stanislaus,099,539301,106689,100092,14543,114635,1393
2022-01-22,Sutter,101,95872,18616,17616,1255,18871,199
2022-01-22,Tehama,103,63373,10828,10171,2260,12431,142
2022-01-22,Trinity,105,12862,1067,925,251,1176,19
2022-01-22,Tulare,107,460477,93850,85223,22945,108168,1211
2022-01-22,Tuolumne,109,53932,10886,9731,336,10067,91
2022-01-22,Ventura,111,848112,159569,148742,8652,157394,1250
2022-01-22,Yolo,113,214977,32817,30061,2336,32397,273
2022-01-22,Yuba,115,75493,14164,13288,829,14117,103
2022-01-21,Alameda,001,1643700,223675,203927,11046,214973,1575
2022-01-21,Alpine,003,1148,118,119,1,120,0
2022-01-21,Amador,005,37829,7445,6845,386,7231,73
2022-01-21,Butte,007,227075,29458,27232,5871,33103,350
2022-01-21,Calaveras,009,45235,6440,5835,202,6037,95
2022-01-21,Colusa,011,21464,3130,2954,928,3882,21
2022-01-21,Contra Costa,013,1133247,169617,154111,10238,164349,1091
2022-01-21,Del Norte,015,27424,4517,4269,107,4376,43
2022-01-21,El Dorado,017,186661,24447,22273,2769,25042,179
2022-01-21,Fresno,019,978130,200883,185292,19908,205200,2429
2022-01-21,Glenn,021,27897,4468,4174,1407,5581,39
2022-01-21,Humboldt,023,135768,14677,13628,2131,15759,125
2022-01-21,Imperial,025,180216,49497,45741,8174,53915,820
2022-01-21,Inyo,027,18085,3860,3706,249,3955,50
2022-01-21,Kern,029,883053,174719,162902,39126,202028,1946
2022-01-21,Kings,031,150075,44696,40580,2856,43436,396
2022-01-21,Lake,033,64148,8912,8056,620,8676,118
2022-01-21,Lassen,035,31185,7947,7545,730,8275,55
2022-01-21,Los Angeles,037,10098052,2498691,2286280,112121,2398401,28038
2022-01-21,Madera,039,155013,32276,29595,4151,33746,329
2022-01-21,Marin,041,260295,29859,27893,1832,29725,253
2022-01-21,Mariposa,043,17540,2104,1920,110,2030,6
2022-01-21,Mendocino,045,87422,11447,10395,1907,12302,103
2022-01-21,Merced,047,269075,56306,53025,5775,58800,727
2022-01-21,Modoc,049,8938,654,639,222,861,6
2022-01-21,Mono,051,14174,2829,2723,103,2826,4
2022-01-21,Monterey,053,433212,68955,59038,8997,68035,651
2022-01-21,Napa,055,140530,22272,20402,675,21077,111
2022-01-21,Nevada,057,99092,14203,12957,889,13846,112
2022-01-21,Orange,059,3164182,509095,480329,37242,517571,5946
2022-01-21,Placer,061,380077,56233,52557,6402,58959,512
2022-01-21,Plumas,063,18699,2587,2289,199,2488,12
2022-01-21,Riverside,065,2383286,546215,513567,25150,538717,5623
2022-01-21,Sacramento,067,1510023,250528,230206,20317,250523,2510
2022-01-21,San Benito,069,59416,11534,10743,411,11154,88
2022-01-21,San Bernardino,071,2135413,537178,495209,22836,518045,6267
2022-01-21,San Diego,073,3302833,675937,628904,45583,674487,4559
2022-01-21,San Francisco,075,870044,109535,100238,6962,107200,702
2022-01-21,San Joaquin,077,732212,150073,138264,8857,147121,1960
2022-01-21,San Luis Obispo,079,281455,46083,42154,2982,45136,385
2022-01-21,San Mateo,081,765935,107985,91440,5495,96935,585
2022-01-21,Santa Barbara,083,443738,74990,69555,3815,73370,589
2022-01-21,Santa Clara,085,1922200,272393,249205,9620,258825,1993
2022-01-21,Santa Cruz,087,273765,38056,33741,1809,35550,237
2022-01-21,Shasta,089,179085,27313,25919,5005,30924,450
2022-01-21,Sierra,091,2930,261,248,35,283,0
2022-01-21,Siskiyou,093,43540,3994,3845,2130,5975,62
2022-01-21,Solano,095,438530,70667,63882,4488,68370,391
2022-01-21,Sonoma,097,501317,72627,66013,1955,67968,422
2022-01-21,Stanislaus,099,539301,106184,100092,14468,114560,1393
2022-01-21,Sutter,101,95872,18530,17616,1241,18857,199
2022-01-21,Tehama,103,63373,10791,10171,2258,12429,142
2022-01-21,Trinity,105,12862,1061,925,250,1175,19
2022-01-21,Tulare,107,460477,93370,85223,22791,108014,1211
2022-01-21,Tuolumne,109,53932,10803,9731,329,10060,91
2022-01-21,Ventura,111,848112,158760,148742,8621,157363,1250
2022-01-21,Yolo,113,214977,32654,30061,2315,32376,273
2022-01-21,Yuba,115,75493,14092,13288,822,14110,103
2022-01-20,Alameda,001,1643700,220606,203927,10813,214740,1575
2022-01-20,Alpine,003,1148,118,119,1,120,0
2022-01-20,Amador,005,37829,7381,6845,368,7213,73
2022-01-20,Butte,007,227075,29193,27232,5791,33023,350
2022-01-20,Calaveras,009,45235,6335,5835,193,6028,95
2022-01-20,Colusa,011,21464,3104,2954,916,3870,21
2022-01-20,Contra Costa,013,1133247,167569,154111,9965,164076,1091
2022-01-20,Del Norte,015,27424,4477,4269,104,4373,43
2022-01-20,El Dorado,017,186661,24245,22273,2723,24996,179
2022-01-20,Fresno,019,978130,198260,185292,19523,204815,2429
2022-01-20,Glenn,021,27897,4434,4174,1398,5572,39
2022-01-20,Humboldt,023,135768,14550,13628,2080,15708,125
2022-01-20,Imperial,025,180216,48979,45741,7997,53738,820
2022-01-20,Inyo,027,18085,3848,3706,238,3944,50
2022-01-20,Kern,029,883053,173196,162902,38587,201489,1946
2022-01-20,Kings,031,150075,44142,40580,2816,43396,396
2022-01-20,Lake,033,64148,8816,8056,592,8648,118
2022-01-20,Lassen,035,31185,7894,7545,715,8260,55
2022-01-20,Los Angeles,037,10098052,2473959,2286280,111148,2397428,28038
2022-01-20,Madera,039,155013,31889,29595,4026,33621,329
2022-01-20,Marin,041,260295,29567,27893,1795,29688,253
2022-01-20,Mariposa,043,17540,2077,1920,107,2027,6
2022-01-20,Mendocino,045,87422,11349,10395,1829,12224,103
2022-01-20,Merced,047,269075,55873,53025,5547,58572,727
2022-01-20,Modoc,049,8938,652,639,222,861,6
2022-01-20,Mono,051,14174,2821,2723,102,2825,4
2022-01-20,Monterey,053,433212,68192,59038,8581,67619,651
2022-01-20,Napa,055,140530,22007,20402,636,21038,111
2022-01-20,Nevada,057,99092,14058,12957,867,13824,112
2022-01-20,Orange,059,3164182,505159,480329,36869,517198,5946
2022-01-20,Placer,061,380077,55749,52557,6342,58899,512
2022-01-20,Plumas,063,18699,2559,2289,195,2484,12
2022-01-20,Riverside,065,2383286,541647,513567,24919,538486,5623
2022-01-20,Sacramento,067,1510023,248233,230206,19685,249891,2510
2022-01-20,San Benito,069,59416,11423,10743,398,11141,88
2022-01-20,San Bernardino,071,2135413,532966,495209,22557,517766,6267
2022-01-20,San Diego,073,3302833,668846,628904,44879,673783,4559
2022-01-20,San Francisco,075,870044,108388,100238,6823,107061,702
2022-01-20,San Joaquin,077,732212,148422,138264,8730,146994,1960
2022-01-20,San Luis Obispo,079,281455,45572,42154,2948,45102,385
2022-01-20,San Mateo,081,765935,106758,91440,5291,96731,585
2022-01-20,Santa Barbara,083,443738,74092,69555,3703,73258,589
2022-01-20,Santa Clara,085,1922200,269043,249205,9292,258497,1993
2022-01-20,Santa Cruz,087,273765,37172,33741,1786,35527,237
2022-01-20,Shasta,089,179085,27122,25919,4938,30857,450
2022-01-20,Sierra,091,2930,261,248,33,281,0
2022-01-20,Siskiyou,093,43540,3983,3845,2097,5942,62
2022-01-20,Solano,095,438530,69716,63882,4399,68281,391
2022-01-20,Sonoma,097,501317,71600,66013,1904,67917,422
2022-01-20,Stanislaus,099,539301,105225,100092,14262,114354,1393
2022-01-20,Sutter,101,95872,18366,17616,1213,18829,199
2022-01-20,Tehama,103,63373,10719,10171,2240,12411,142
2022-01-20,Trinity,105,12862,1047,925,249,1174,19
2022-01-20,Tulare,107,460477,92320,85223,22508,107731,1211
2022-01-20,Tuolumne,109,53932,10661,9731,319,10050,91
2022-01-20,Ventura,111,848112,157375,148742,8544,157286,1250
2022-01-20,Yolo,113,214977,32367,30061,2281,32342,273
2022-01-20,Yuba,115,75493,13986,13288,789,14077,103
2022-01-19,Alameda,001,1643700,217227,199739,10494,210233,1571
2022-01-19,Alpine,003,1148,117,119,1,120,0
2022-01-19,Amador,005,37829,7300,6789,326,7115,73
2022-01-19,Butte,007,227075,28888,26839,5704,32543,351
2022-01-19,Calaveras,009,45235,6245,5765,184,5949,95
2022-01-19,Colusa,011,21464,3070,2938,908,3846,21
2022-01-19,Contra Costa,013,1133247,165145,151543,9719,161262,1091
2022-01-19,Del Norte,015,27424,4438,4240,103,4343,43
2022-01-19,El Dorado,017,186661,23993,21953,2683,24636,177
2022-01-19,Fresno,019,978130,195304,181526,19193,200719,2430
2022-01-19,Glenn,021,27897,4382,4127,1388,5515,39
2022-01-19,Humboldt,023,135768,14393,13391,2028,15419,125
2022-01-19,Imperial,025,180216,48244,45156,7798,52954,820
2022-01-19,Inyo,027,18085,3825,3680,199,3879,49
2022-01-19,Kern,029,883053,171430,160747,37909,198656,1946
2022-01-19,Kings,031,150075,43444,40027,2748,42775,395
2022-01-19,Lake,033,64148,8689,7972,579,8551,118
2022-01-19,Lassen,035,31185,7837,7507,693,8200,55
2022-01-19,Los Angeles,037,10098052,2445570,2251718,109733,2361451,27934
2022-01-19,Madera,039,155013,31510,29021,3856,32877,329
2022-01-19,Marin,041,260295,29270,27375,1753,29128,251
2022-01-19,Mariposa,043,17540,2052,1896,100,1996,6
2022-01-19,Mendocino,045,87422,11178,10252,1736,11988,103
2022-01-19,Merced,047,269075,55328,52355,5191,57546,724
2022-01-19,Modoc,049,8938,650,635,221,856,6
2022-01-19,Mono,051,14174,2799,2677,100,2777,4
2022-01-19,Monterey,053,433212,67284,58426,8124,66550,651
2022-01-19,Napa,055,140530,21754,20090,609,20699,110
2022-01-19,Nevada,057,99092,13901,12703,840,13543,112
2022-01-19,Orange,059,3164182,500672,468460,36499,504959,5943
2022-01-19,Placer,061,380077,55185,51545,6274,57819,511
2022-01-19,Plumas,063,18699,2519,2239,189,2428,12
2022-01-19,Riverside,065,2383286,536130,503575,24684,528259,5604
2022-01-19,Sacramento,067,1510023,245339,226035,18968,245003,2512
2022-01-19,San Benito,069,59416,11281,10639,386,11025,88
2022-01-19,San Bernardino,071,2135413,528200,487846,22178,510024,6265
2022-01-19,San Diego,073,3302833,660073,614709,44141,658850,4553
2022-01-19,San Francisco,075,870044,107017,98652,6747,105399,694
2022-01-19,San Joaquin,077,732212,146519,135953,8606,144559,1959
2022-01-19,San Luis Obispo,079,281455,44973,41374,2882,44256,382
2022-01-19,San Mateo,081,765935,105345,89715,5027,94742,585
2022-01-19,Santa Barbara,083,443738,73095,68531,3604,72135,586
2022-01-19,Santa Clara,085,1922200,265241,244922,8934,253856,1991
2022-01-19,Santa Cruz,087,273765,35870,33026,1762,34788,237
2022-01-19,Shasta,089,179085,26855,25355,4866,30221,450
2022-01-19,Sierra,091,2930,261,245,32,277,0
2022-01-19,Siskiyou,093,43540,3959,3821,2044,5865,62
2022-01-19,Solano,095,438530,68871,63003,4269,67272,392
2022-01-19,Sonoma,097,501317,70501,64689,1858,66547,420
2022-01-19,Stanislaus,099,539301,104175,98952,13969,112921,1381
2022-01-19,Sutter,101,95872,18197,17436,1125,18561,199
2022-01-19,Tehama,103,63373,10604,10064,2196,12260,142
2022-01-19,Trinity,105,12862,1035,916,248,1164,19
2022-01-19,Tulare,107,460477,91038,83743,22042,105785,1200
2022-01-19,Tuolumne,109,53932,10502,9613,295,9908,91
2022-01-19,Ventura,111,848112,155860,144738,8469,153207,1234
2022-01-19,Yolo,113,214977,32002,29392,2245,31637,273
2022-01-19,Yuba,115,75493,13824,13114,776,13890,104
2022-01-18,Alameda,001,1643700,213870,195728,10178,205906,1566
2022-01-18,Alpine,003,1148,117,118,1,119,0
2022-01-18,Amador,005,37829,7162,6691,290,6981,73
2022-01-18,Butte,007,227075,28496,26514,5622,32136,347
2022-01-18,Calaveras,009,45235,6156,5684,169,5853,94
2022-01-18,Colusa,011,21464,3026,2903,903,3806,21
2022-01-18,Contra Costa,013,1133247,163003,149446,9341,158787,1085
2022-01-18,Del Norte,015,27424,4368,4229,98,4327,43
2022-01-18,El Dorado,017,186661,23625,21707,2639,24346,175
2022-01-18,Fresno,019,978130,191767,178922,18738,197660,2425
2022-01-18,Glenn,021,27897,4348,4070,1376,5446,39
2022-01-18,Humboldt,023,135768,14229,13218,1956,15174,125
2022-01-18,Imperial,025,180216,47548,44742,7615,52357,819
2022-01-18,Inyo,027,18085,3784,3654,189,3843,49
2022-01-18,Kern,029,883053,169408,158864,37156,196020,1943
2022-01-18,Kings,031,150075,42570,39440,2670,42110,392
2022-01-18,Lake,033,64148,8576,7919,560,8479,117
2022-01-18,Lassen,035,31185,7754,7461,654,8115,55
2022-01-18,Los Angeles,037,10098052,2412138,2227360,108254,2335614,27871
2022-01-18,Madera,039,155013,30988,28717,3667,32384,329
2022-01-18,Marin,041,260295,28965,27036,1712,28748,251
2022-01-18,Mariposa,043,17540,2027,1872,96,1968,6
2022-01-18,Mendocino,045,87422,11009,10114,1651,11765,103
2022-01-18,Merced,047,269075,54716,51746,4903,56649,718
2022-01-18,Modoc,049,8938,648,633,216,849,6
2022-01-18,Mono,051,14174,2778,2643,99,2742,4
2022-01-18,Monterey,053,433212,66508,57846,7645,65491,650
2022-01-18,Napa,055,140530,21422,19911,594,20505,109
2022-01-18,Nevada,057,99092,13717,12584,798,13382,111
2022-01-18,Orange,059,3164182,495342,461324,35993,497317,5938
2022-01-18,Placer,061,380077,54540,50983,6201,57184,508
2022-01-18,Plumas,063,18699,2481,2218,183,2401,12
2022-01-18,Riverside,065,2383286,530153,497278,24377,521655,5599
2022-01-18,Sacramento,067,1510023,242253,223745,17986,241731,2496
2022-01-18,San Benito,069,59416,11140,10520,372,10892,88
2022-01-18,San Bernardino,071,2135413,522749,483753,21749,505502,6258
2022-01-18,San Diego,073,3302833,649876,605137,43095,648232,4547
2022-01-18,San Francisco,075,870044,105551,96505,6631,103136,694
2022-01-18,San Joaquin,077,732212,144554,134365,8390,142755,1957
2022-01-18,San Luis Obispo,079,281455,44291,40848,2796,43644,381
2022-01-18,San Mateo,081,765935,103832,88225,4830,93055,585
2022-01-18,Santa Barbara,083,443738,71877,67216,3431,70647,581
2022-01-18,Santa Clara,085,1922200,261050,240281,8539,248820,1986
2022-01-18,Santa Cruz,087,273765,35220,32203,1727,33930,237
2022-01-18,Shasta,089,179085,26573,25162,4772,29934,448
2022-01-18,Sierra,091,2930,257,244,32,276,0
2022-01-18,Siskiyou,093,43540,3926,3799,1991,5790,62
2022-01-18,Solano,095,438530,68020,62204,4158,66362,391
2022-01-18,Sonoma,097,501317,69114,63714,1803,65517,419
2022-01-18,Stanislaus,099,539301,102955,98000,13592,111592,1379
2022-01-18,Sutter,101,95872,18006,17295,1054,18349,198
2022-01-18,Tehama,103,63373,10508,9975,2144,12119,142
2022-01-18,Trinity,105,12862,1022,907,247,1154,19
2022-01-18,Tulare,107,460477,89571,82667,21638,104305,1196
2022-01-18,Tuolumne,109,53932,10335,9528,284,9812,91
2022-01-18,Ventura,111,848112,154149,143384,8383,151767,1233
2022-01-18,Yolo,113,214977,31605,28786,2195,30981,270
2022-01-18,Yuba,115,75493,13663,12971,751,13722,101
2022-01-17,Alameda,001,1643700,209182,193276,9595,202871,1565
2022-01-17,Alpine,003,1148,116,118,0,118,0
2022-01-17,Amador,005,37829,7048,6640,232,6872,73
2022-01-17,Butte,007,227075,28101,26303,5511,31814,348
2022-01-17,Calaveras,009,45235,6025,5584,141,5725,94
2022-01-17,Colusa,011,21464,3002,2905,896,3801,21
2022-01-17,Contra Costa,013,1133247,160075,147993,8841,156834,1086
2022-01-17,Del Norte,015,27424,4316,4209,91,4300,43
2022-01-17,El Dorado,017,186661,23380,21540,2557,24097,175
2022-01-17,Fresno,019,978130,188032,176959,18212,195171,2426
2022-01-17,Glenn,021,27897,4295,4055,1363,5418,39
2022-01-17,Humboldt,023,135768,14022,13120,1790,14910,125
2022-01-17,Imperial,025,180216,46863,44412,7451,51863,821
2022-01-17,Inyo,027,18085,3762,3650,163,3813,49
2022-01-17,Kern,029,883053,166870,157645,36280,193925,1944
2022-01-17,Kings,031,150075,41436,39143,2548,41691,392
2022-01-17,Lake,033,64148,8427,7864,520,8384,117
2022-01-17,Lassen,035,31185,7661,7417,617,8034,55
2022-01-17,Los Angeles,037,10098052,2372924,2205740,106287,2312027,27832
2022-01-17,Madera,039,155013,30336,28568,3487,32055,329
2022-01-17,Marin,041,260295,28559,26633,1656,28289,251
2022-01-17,Mariposa,043,17540,2001,1862,89,1951,6
2022-01-17,Mendocino,045,87422,10786,10030,1511,11541,103
2022-01-17,Merced,047,269075,54036,51227,4340,55567,718
2022-01-17,Modoc,049,8938,644,630,216,846,6
2022-01-17,Mono,051,14174,2755,2642,98,2740,4
2022-01-17,Monterey,053,433212,65388,57318,7225,64543,647
2022-01-17,Napa,055,140530,21077,19647,572,20219,109
2022-01-17,Nevada,057,99092,13531,12414,761,13175,111
2022-01-17,Orange,059,3164182,489389,457418,35517,492935,5933
2022-01-17,Placer,061,380077,53808,50511,6057,56568,508
2022-01-17,Plumas,063,18699,2435,2205,151,2356,12
2022-01-17,Riverside,065,2383286,523336,491322,23924,515246,5600
2022-01-17,Sacramento,067,1510023,238174,221143,16642,237785,2497
2022-01-17,San Benito,069,59416,10973,10432,344,10776,88
2022-01-17,San Bernardino,071,2135413,516266,480243,21207,501450,6259
2022-01-17,San Diego,073,3302833,637666,569241,41885,611126,4545
2022-01-17,San Francisco,075,870044,103922,95292,6438,101730,694
2022-01-17,San Joaquin,077,732212,141700,133414,8200,141614,1958
2022-01-17,San Luis Obispo,079,281455,43462,40425,2695,43120,379
2022-01-17,San Mateo,081,765935,101860,87013,4577,91590,585
2022-01-17,Santa Barbara,083,443738,70555,66704,3231,69935,581
2022-01-17,Santa Clara,085,1922200,256455,237934,8106,246040,1985
2022-01-17,Santa Cruz,087,273765,34448,31714,1690,33404,237
2022-01-17,Shasta,089,179085,26294,25025,4651,29676,448
2022-01-17,Sierra,091,2930,256,242,32,274,0
2022-01-17,Siskiyou,093,43540,3887,3764,1911,5675,62
2022-01-17,Solano,095,438530,66979,61497,3899,65396,391
2022-01-17,Sonoma,097,501317,67610,62763,1737,64500,419
2022-01-17,Stanislaus,099,539301,101640,96951,13101,110052,1379
2022-01-17,Sutter,101,95872,17796,17159,918,18077,198
2022-01-17,Tehama,103,63373,10384,9912,2087,11999,142
2022-01-17,Trinity,105,12862,1009,906,243,1149,19
2022-01-17,Tulare,107,460477,87821,81741,21094,102835,1199
2022-01-17,Tuolumne,109,53932,10196,9416,252,9668,91
2022-01-17,Ventura,111,848112,152033,142070,8265,150335,1234
2022-01-17,Yolo,113,214977,31075,28638,2130,30768,270
2022-01-17,Yuba,115,75493,13466,12871,695,13566,101
2022-01-16,Alameda,001,1643700,206130,190691,9344,200035,1564
2022-01-16,Alpine,003,1148,116,118,0,118,0
2022-01-16,Amador,005,37829,6975,6618,224,6842,73
2022-01-16,Butte,007,227075,27753,26139,5458,31597,348
2022-01-16,Calaveras,009,45235,5924,5537,137,5674,94
2022-01-16,Colusa,011,21464,2985,2886,884,3770,21
2022-01-16,Contra Costa,013,1133247,158062,146307,8627,154934,1086
2022-01-16,Del Norte,015,27424,4274,4177,89,4266,43
2022-01-16,El Dorado,017,186661,23106,21303,2519,23822,175
2022-01-16,Fresno,019,978130,185304,174818,17813,192631,2425
2022-01-16,Glenn,021,27897,4238,4049,1341,5390,39
2022-01-16,Humboldt,023,135768,13875,13075,1771,14846,125
2022-01-16,Imperial,025,180216,46292,44035,7286,51321,821
2022-01-16,Inyo,027,18085,3725,3602,141,3743,49
2022-01-16,Kern,029,883053,165598,156655,35495,192150,1944
2022-01-16,Kings,031,150075,41062,38861,2527,41388,392
2022-01-16,Lake,033,64148,8323,7823,486,8309,117
2022-01-16,Lassen,035,31185,7616,7391,604,7995,55
2022-01-16,Los Angeles,037,10098052,2349734,2174403,104773,2279176,27805
2022-01-16,Madera,039,155013,29967,28313,3437,31750,329
2022-01-16,Marin,041,260295,28265,26292,1641,27933,251
2022-01-16,Mariposa,043,17540,1974,1851,84,1935,6
2022-01-16,Mendocino,045,87422,10639,9992,1395,11387,102
2022-01-16,Merced,047,269075,53443,50882,4314,55196,718
2022-01-16,Modoc,049,8938,641,629,216,845,6
2022-01-16,Mono,051,14174,2751,2614,96,2710,4
2022-01-16,Monterey,053,433212,64624,57012,7081,64093,647
2022-01-16,Napa,055,140530,20811,19521,561,20082,109
2022-01-16,Nevada,057,99092,13318,12307,743,13050,111
2022-01-16,Orange,059,3164182,484004,451962,34969,486931,5932
2022-01-16,Placer,061,380077,53102,50076,5946,56022,508
2022-01-16,Plumas,063,18699,2400,2204,142,2346,12
2022-01-16,Riverside,065,2383286,517825,485191,23704,508895,5600
2022-01-16,Sacramento,067,1510023,235212,218819,15926,234745,2491
2022-01-16,San Benito,069,59416,10814,10377,342,10719,88
2022-01-16,San Bernardino,071,2135413,512237,474425,20952,495377,6259
2022-01-16,San Diego,073,3302833,630076,569241,41445,610686,4545
2022-01-16,San Francisco,075,870044,102401,94139,6300,100439,694
2022-01-16,San Joaquin,077,732212,139900,132214,8057,140271,1958
2022-01-16,San Luis Obispo,079,281455,42805,40113,2656,42769,379
2022-01-16,San Mateo,081,765935,100333,85966,4484,90450,585
2022-01-16,Santa Barbara,083,443738,69527,66111,3190,69301,582
2022-01-16,Santa Clara,085,1922200,252652,234293,7948,242241,1984
2022-01-16,Santa Cruz,087,273765,33819,31469,1668,33137,237
2022-01-16,Shasta,089,179085,26039,24980,4583,29563,449
2022-01-16,Sierra,091,2930,252,238,31,269,0
2022-01-16,Siskiyou,093,43540,3859,3748,1872,5620,62
2022-01-16,Solano,095,438530,66303,60885,3768,64653,391
2022-01-16,Sonoma,097,501317,66532,61842,1720,63562,419
2022-01-16,Stanislaus,099,539301,100578,96370,12935,109305,1379
2022-01-16,Sutter,101,95872,17596,16996,896,17892,198
2022-01-16,Tehama,103,63373,10299,9868,2066,11934,142
2022-01-16,Trinity,105,12862,1004,889,241,1130,19
2022-01-16,Tulare,107,460477,86512,80867,20841,101708,1199
2022-01-16,Tuolumne,109,53932,10091,9369,244,9613,91
2022-01-16,Ventura,111,848112,150456,140715,8187,148902,1234
2022-01-16,Yolo,113,214977,30683,28481,2077,30558,270
2022-01-16,Yuba,115,75493,13289,12760,689,13449,101
2022-01-15,Alameda,001,1643700,204784,177768,9290,187058,1561
2022-01-15,Alpine,003,1148,116,117,0,117,0
2022-01-15,Amador,005,37829,6943,6434,210,6644,72
2022-01-15,Butte,007,227075,27597,25032,5407,30439,348
2022-01-15,Calaveras,009,45235,5892,5258,137,5395,93
2022-01-15,Colusa,011,21464,2971,2796,877,3673,21
2022-01-15,Contra Costa,013,1133247,156796,137643,8579,146222,1082
2022-01-15,Del Norte,015,27424,4259,4065,87,4152,43
2022-01-15,El Dorado,017,186661,23001,20434,2503,22937,175
2022-01-15,Fresno,019,978130,184366,167361,17715,185076,2415
2022-01-15,Glenn,021,27897,4231,3906,1332,5238,39
2022-01-15,Humboldt,023,135768,13772,12419,1755,14174,123
2022-01-15,Imperial,025,180216,46154,42508,7177,49685,817
2022-01-15,Inyo,027,18085,3715,3395,141,3536,49
2022-01-15,Kern,029,883053,164756,150085,35105,185190,1938
2022-01-15,Kings,031,150075,40813,37221,2515,39736,391
2022-01-15,Lake,033,64148,8284,7641,473,8114,117
2022-01-15,Lassen,035,31185,7576,7274,598,7872,55
2022-01-15,Los Angeles,037,10098052,2338198,2047927,103825,2151752,27641
2022-01-15,Madera,039,155013,29821,27294,3413,30707,329
2022-01-15,Marin,041,260295,28078,25248,1634,26882,251
2022-01-15,Mariposa,043,17540,1967,1762,84,1846,6
2022-01-15,Mendocino,045,87422,10566,9534,1389,10923,102
2022-01-15,Merced,047,269075,53276,48904,4302,53206,715
2022-01-15,Modoc,049,8938,639,628,216,844,6
2022-01-15,Mono,051,14174,2746,2508,95,2603,4
2022-01-15,Monterey,053,433212,64110,55315,7017,62332,647
2022-01-15,Napa,055,140530,20690,17648,557,18205,109
2022-01-15,Nevada,057,99092,13258,11773,730,12503,111
2022-01-15,Orange,059,3164182,481404,433141,34696,467837,5914
2022-01-15,Placer,061,380077,52811,47780,5910,53690,501
2022-01-15,Plumas,063,18699,2379,2158,136,2294,12
2022-01-15,Riverside,065,2383286,515144,466381,23569,489950,5578
2022-01-15,Sacramento,067,1510023,234051,208156,15826,223982,2491
2022-01-15,San Benito,069,59416,10714,9868,337,10205,87
2022-01-15,San Bernardino,071,2135413,509864,454395,20804,475199,6233
2022-01-15,San Diego,073,3302833,626290,559385,41189,600574,4540
2022-01-15,San Francisco,075,870044,101406,88004,6165,94169,692
2022-01-15,San Joaquin,077,732212,139327,125136,7960,133096,1954
2022-01-15,San Luis Obispo,079,281455,42616,38231,2643,40874,374
2022-01-15,San Mateo,081,765935,99375,80494,4443,84937,582
2022-01-15,Santa Barbara,083,443738,68931,62312,3179,65491,579
2022-01-15,Santa Clara,085,1922200,250405,218986,7830,226816,1974
2022-01-15,Santa Cruz,087,273765,33465,29414,1660,31074,235
2022-01-15,Shasta,089,179085,25947,24482,4551,29033,445
2022-01-15,Sierra,091,2930,251,232,30,262,0
2022-01-15,Siskiyou,093,43540,3847,3661,1862,5523,62
2022-01-15,Solano,095,438530,66023,58061,3719,61780,389
2022-01-15,Sonoma,097,501317,65946,58181,1714,59895,418
2022-01-15,Stanislaus,099,539301,99997,92986,12832,105818,1379
2022-01-15,Sutter,101,95872,17507,16345,886,17231,197
2022-01-15,Tehama,103,63373,10251,9572,2047,11619,141
2022-01-15,Trinity,105,12862,1001,872,241,1113,19
2022-01-15,Tulare,107,460477,86064,77769,20731,98500,1192
2022-01-15,Tuolumne,109,53932,9990,9042,239,9281,91
2022-01-15,Ventura,111,848112,149681,134736,8149,142885,1227
2022-01-15,Yolo,113,214977,30504,27311,2057,29368,270
2022-01-15,Yuba,115,75493,13225,12200,685,12885,101
2022-01-14,Alameda,001,1643700,202749,177768,9242,187010,1561
2022-01-14,Alpine,003,1148,116,117,0,117,0
2022-01-14,Amador,005,37829,6867,6434,201,6635,72
2022-01-14,Butte,007,227075,27416,25032,5374,30406,348
2022-01-14,Calaveras,009,45235,5855,5258,136,5394,93
2022-01-14,Colusa,011,21464,2962,2796,867,3663,21
2022-01-14,Contra Costa,013,1133247,155273,137643,8473,146116,1082
2022-01-14,Del Norte,015,27424,4234,4065,86,4151,43
2022-01-14,El Dorado,017,186661,22849,20434,2485,22919,175
2022-01-14,Fresno,019,978130,182708,167361,17618,184979,2415
2022-01-14,Glenn,021,27897,4208,3906,1324,5230,39
2022-01-14,Humboldt,023,135768,13666,12419,1723,14142,123
2022-01-14,Imperial,025,180216,45983,42508,7157,49665,817
2022-01-14,Inyo,027,18085,3690,3395,137,3532,49
2022-01-14,Kern,029,883053,163756,150085,34671,184756,1938
2022-01-14,Kings,031,150075,40561,37221,2507,39728,391
2022-01-14,Lake,033,64148,8227,7641,461,8102,117
2022-01-14,Lassen,035,31185,7542,7274,586,7860,55
2022-01-14,Los Angeles,037,10098052,2318881,2047927,102789,2150716,27641
2022-01-14,Madera,039,155013,29586,27294,3385,30679,329
2022-01-14,Marin,041,260295,27819,25248,1599,26847,251
2022-01-14,Mariposa,043,17540,1952,1762,84,1846,6
2022-01-14,Mendocino,045,87422,10454,9534,1376,10910,102
2022-01-14,Merced,047,269075,53092,48904,4287,53191,715
2022-01-14,Modoc,049,8938,638,628,216,844,6
2022-01-14,Mono,051,14174,2725,2508,93,2601,4
2022-01-14,Monterey,053,433212,63413,55315,6924,62239,647
2022-01-14,Napa,055,140530,20520,17648,552,18200,109
2022-01-14,Nevada,057,99092,13136,11773,717,12490,111
2022-01-14,Orange,059,3164182,477672,433141,34377,467518,5914
2022-01-14,Placer,061,380077,52375,47780,5824,53604,501
2022-01-14,Plumas,063,18699,2371,2158,129,2287,12
2022-01-14,Riverside,065,2383286,511626,466381,23425,489806,5578
2022-01-14,Sacramento,067,1510023,232100,208156,15674,223830,2491
2022-01-14,San Benito,069,59416,10662,9868,336,10204,87
2022-01-14,San Bernardino,071,2135413,506627,454395,20617,475012,6233
2022-01-14,San Diego,073,3302833,620641,559385,40881,600266,4540
2022-01-14,San Francisco,075,870044,100233,88004,5990,93994,692
2022-01-14,San Joaquin,077,732212,138471,125136,7880,133016,1954
2022-01-14,San Luis Obispo,079,281455,42449,38231,2622,40853,374
2022-01-14,San Mateo,081,765935,98145,80494,4414,84908,582
2022-01-14,Santa Barbara,083,443738,68412,62312,3169,65481,579
2022-01-14,Santa Clara,085,1922200,247730,218986,7725,226711,1974
2022-01-14,Santa Cruz,087,273765,33088,29414,1651,31065,235
2022-01-14,Shasta,089,179085,25826,24482,4518,29000,445
2022-01-14,Sierra,091,2930,249,232,28,260,0
2022-01-14,Siskiyou,093,43540,3836,3661,1849,5510,62
2022-01-14,Solano,095,438530,65178,58061,3631,61692,389
2022-01-14,Sonoma,097,501317,65405,58181,1688,59869,418
2022-01-14,Stanislaus,099,539301,99391,92986,12724,105710,1379
2022-01-14,Sutter,101,95872,17381,16345,878,17223,197
2022-01-14,Tehama,103,63373,10198,9572,2035,11607,141
2022-01-14,Trinity,105,12862,996,872,239,1111,19
2022-01-14,Tulare,107,460477,85540,77769,20570,98339,1192
2022-01-14,Tuolumne,109,53932,9867,9042,235,9277,91
2022-01-14,Ventura,111,848112,148578,134736,8090,142826,1227
2022-01-14,Yolo,113,214977,30263,27311,2029,29340,270
2022-01-14,Yuba,115,75493,13122,12200,680,12880,101
2022-01-13,Alameda,001,1643700,198470,177768,8898,186666,1561
2022-01-13,Alpine,003,1148,115,117,0,117,0
2022-01-13,Amador,005,37829,6807,6434,180,6614,72
2022-01-13,Butte,007,227075,27109,25032,5260,30292,348
2022-01-13,Calaveras,009,45235,5765,5258,133,5391,93
2022-01-13,Colusa,011,21464,2934,2796,857,3653,21
2022-01-13,Contra Costa,013,1133247,152614,137643,8007,145650,1082
2022-01-13,Del Norte,015,27424,4198,4065,85,4150,43
2022-01-13,El Dorado,017,186661,22603,20434,2439,22873,175
2022-01-13,Fresno,019,978130,179873,167361,17225,184586,2415
2022-01-13,Glenn,021,27897,4161,3906,1298,5204,39
2022-01-13,Humboldt,023,135768,13514,12419,1661,14080,123
2022-01-13,Imperial,025,180216,45442,42508,6942,49450,817
2022-01-13,Inyo,027,18085,3634,3395,120,3515,49
2022-01-13,Kern,029,883053,162173,150085,34082,184167,1938
2022-01-13,Kings,031,150075,40080,37221,2463,39684,391
2022-01-13,Lake,033,64148,8127,7641,440,8081,117
2022-01-13,Lassen,035,31185,7508,7274,570,7844,55
2022-01-13,Los Angeles,037,10098052,2282400,2047927,101003,2148930,27641
2022-01-13,Madera,039,155013,29121,27294,3292,30586,329
2022-01-13,Marin,041,260295,27475,25248,1556,26804,251
2022-01-13,Mariposa,043,17540,1929,1762,81,1843,6
2022-01-13,Mendocino,045,87422,10363,9534,1308,10842,102
2022-01-13,Merced,047,269075,52432,48904,4025,52929,715
2022-01-13,Modoc,049,8938,635,628,216,844,6
2022-01-13,Mono,051,14174,2702,2508,90,2598,4
2022-01-13,Monterey,053,433212,62476,55315,6638,61953,647
2022-01-13,Napa,055,140530,20222,17648,542,18190,109
2022-01-13,Nevada,057,99092,12944,11773,687,12460,111
2022-01-13,Orange,059,3164182,471232,433141,33917,467058,5914
2022-01-13,Placer,061,380077,51746,47780,5709,53489,501
2022-01-13,Plumas,063,18699,2351,2158,119,2277,12
2022-01-13,Riverside,065,2383286,505324,466381,23098,489479,5578
2022-01-13,Sacramento,067,1510023,229003,208156,14888,223044,2491
2022-01-13,San Benito,069,59416,10557,9868,328,10196,87
2022-01-13,San Bernardino,071,2135413,500716,454395,20151,474546,6233
2022-01-13,San Diego,073,3302833,612128,559385,40006,599391,4540
2022-01-13,San Francisco,075,870044,98495,88004,5795,93799,692
2022-01-13,San Joaquin,077,732212,136386,125136,7727,132863,1954
2022-01-13,San Luis Obispo,079,281455,41846,38231,2517,40748,374
2022-01-13,San Mateo,081,765935,96363,80494,4178,84672,582
2022-01-13,Santa Barbara,083,443738,67415,62312,2993,65305,579
2022-01-13,Santa Clara,085,1922200,243300,218986,7397,226383,1974
2022-01-13,Santa Cruz,087,273765,32273,29414,1629,31043,235
2022-01-13,Shasta,089,179085,25616,24482,4446,28928,445
2022-01-13,Sierra,091,2930,248,232,28,260,0
2022-01-13,Siskiyou,093,43540,3814,3661,1809,5470,62
2022-01-13,Solano,095,438530,64046,58061,3520,61581,389
2022-01-13,Sonoma,097,501317,64340,58181,1632,59813,418
2022-01-13,Stanislaus,099,539301,98272,92986,12430,105416,1379
2022-01-13,Sutter,101,95872,17186,16345,814,17159,197
2022-01-13,Tehama,103,63373,10100,9572,1987,11559,141
2022-01-13,Trinity,105,12862,988,872,239,1111,19
2022-01-13,Tulare,107,460477,84261,77769,20281,98050,1192
2022-01-13,Tuolumne,109,53932,9725,9042,217,9259,91
2022-01-13,Ventura,111,848112,146796,134736,7996,142732,1227
2022-01-13,Yolo,113,214977,29847,27311,1985,29296,270
2022-01-13,Yuba,115,75493,12987,12200,651,12851,101
2022-01-12,Alameda,001,1643700,193885,173001,8441,181442,1563
2022-01-12,Alpine,003,1148,115,117,0,117,0
2022-01-12,Amador,005,37829,6759,6354,166,6520,71
2022-01-12,Butte,007,227075,26777,24631,5169,29800,348
2022-01-12,Calaveras,009,45235,5688,5151,127,5278,93
2022-01-12,Colusa,011,21464,2896,2772,844,3616,21
2022-01-12,Contra Costa,013,1133247,149920,134579,7628,142207,1077
2022-01-12,Del Norte,015,27424,4172,4019,83,4102,43
2022-01-12,El Dorado,017,186661,22285,20092,2399,22491,175
2022-01-12,Fresno,019,978130,177116,165316,16800,182116,2413
2022-01-12,Glenn,021,27897,4109,3859,1276,5135,39
2022-01-12,Humboldt,023,135768,13342,12081,1579,13660,122
2022-01-12,Imperial,025,180216,44787,41985,6640,48625,814
2022-01-12,Inyo,027,18085,3588,3334,104,3438,49
2022-01-12,Kern,029,883053,160035,148435,33360,181795,1933
2022-01-12,Kings,031,150075,39450,36780,2421,39201,391
2022-01-12,Lake,033,64148,8011,7535,396,7931,117
2022-01-12,Lassen,035,31185,7466,7223,543,7766,55
2022-01-12,Los Angeles,037,10098052,2242663,2005065,98772,2103837,27601
2022-01-12,Madera,039,155013,28806,26952,3193,30145,329
2022-01-12,Marin,041,260295,26986,24704,1505,26209,251
2022-01-12,Mariposa,043,17540,1900,1725,79,1804,6
2022-01-12,Mendocino,045,87422,10199,9379,1210,10589,103
2022-01-12,Merced,047,269075,51722,48441,3751,52192,710
2022-01-12,Modoc,049,8938,633,627,216,843,6
2022-01-12,Mono,051,14174,2666,2466,86,2552,4
2022-01-12,Monterey,053,433212,61489,54524,6277,60801,647
2022-01-12,Napa,055,140530,19964,17347,519,17866,109
2022-01-12,Nevada,057,99092,12730,11552,641,12193,111
2022-01-12,Orange,059,3164182,464464,425737,33324,459061,5912
2022-01-12,Placer,061,380077,51085,47004,5594,52598,501
2022-01-12,Plumas,063,18699,2311,2135,108,2243,12
2022-01-12,Riverside,065,2383286,498091,458881,22758,481639,5565
2022-01-12,Sacramento,067,1510023,225416,204696,14011,218707,2479
2022-01-12,San Benito,069,59416,10420,9737,316,10053,87
2022-01-12,San Bernardino,071,2135413,494186,447869,19528,467397,6222
2022-01-12,San Diego,073,3302833,601629,551669,39142,590811,4529
2022-01-12,San Francisco,075,870044,96656,85700,5682,91382,691
2022-01-12,San Joaquin,077,732212,134076,122850,7599,130449,1948
2022-01-12,San Luis Obispo,079,281455,41120,37727,2434,40161,373
2022-01-12,San Mateo,081,765935,94327,78476,3804,82280,582
2022-01-12,Santa Barbara,083,443738,66272,60815,2891,63706,578
2022-01-12,Santa Clara,085,1922200,238549,213177,7019,220196,1971
2022-01-12,Santa Cruz,087,273765,31618,28463,1581,30044,235
2022-01-12,Shasta,089,179085,25404,24324,4381,28705,446
2022-01-12,Sierra,091,2930,247,228,28,256,0
2022-01-12,Siskiyou,093,43540,3786,3639,1762,5401,62
2022-01-12,Solano,095,438530,62994,57052,3400,60452,386
2022-01-12,Sonoma,097,501317,63055,56394,1549,57943,417
2022-01-12,Stanislaus,099,539301,97032,91738,12086,103824,1373
2022-01-12,Sutter,101,95872,16992,16135,781,16916,197
2022-01-12,Tehama,103,63373,10011,9475,1926,11401,141
2022-01-12,Trinity,105,12862,984,868,238,1106,19
2022-01-12,Tulare,107,460477,83146,76943,19903,96846,1192
2022-01-12,Tuolumne,109,53932,9596,8870,200,9070,91
2022-01-12,Ventura,111,848112,144891,132180,7910,140090,1220
2022-01-12,Yolo,113,214977,29435,26888,1913,28801,270
2022-01-12,Yuba,115,75493,12826,12015,624,12639,101
2022-01-11,Alameda,001,1643700,189412,169181,8046,177227,1561
2022-01-11,Alpine,003,1148,115,116,0,116,0
2022-01-11,Amador,005,37829,6675,6317,151,6468,71
2022-01-11,Butte,007,227075,26381,24479,5075,29554,347
2022-01-11,Calaveras,009,45235,5559,5083,113,5196,93
2022-01-11,Colusa,011,21464,2871,2766,831,3597,21
2022-01-11,Contra Costa,013,1133247,146774,132410,7134,139544,1077
2022-01-11,Del Norte,015,27424,4139,4006,81,4087,43
2022-01-11,El Dorado,017,186661,21954,19842,2329,22171,174
2022-01-11,Fresno,019,978130,174044,163509,16407,179916,2404
2022-01-11,Glenn,021,27897,4047,3844,1232,5076,39
2022-01-11,Humboldt,023,135768,13123,11960,1486,13446,122
2022-01-11,Imperial,025,180216,44182,41444,6440,47884,813
2022-01-11,Inyo,027,18085,3490,3278,97,3375,49
2022-01-11,Kern,029,883053,157754,146942,32538,179480,1929
2022-01-11,Kings,031,150075,38862,36524,2390,38914,389
2022-01-11,Lake,033,64148,7933,7494,380,7874,117
2022-01-11,Lassen,035,31185,7416,7210,529,7739,55
2022-01-11,Los Angeles,037,10098052,2200189,1966319,96521,2062840,27563
2022-01-11,Madera,039,155013,28391,26688,3114,29802,329
2022-01-11,Marin,041,260295,26629,24387,1460,25847,251
2022-01-11,Mariposa,043,17540,1878,1718,75,1793,6
2022-01-11,Mendocino,045,87422,10038,9301,1112,10413,102
2022-01-11,Merced,047,269075,50938,48068,3568,51636,708
2022-01-11,Modoc,049,8938,632,626,215,841,6
2022-01-11,Mono,051,14174,2623,2425,85,2510,4
2022-01-11,Monterey,053,433212,60446,53911,5929,59840,646
2022-01-11,Napa,055,140530,19527,17020,472,17492,109
2022-01-11,Nevada,057,99092,12504,11467,606,12073,110
2022-01-11,Orange,059,3164182,456795,417703,32689,450392,5909
2022-01-11,Placer,061,380077,50329,46459,5450,51909,500
2022-01-11,Plumas,063,18699,2276,2099,100,2199,12
2022-01-11,Riverside,065,2383286,490360,453766,22444,476210,5551
2022-01-11,Sacramento,067,1510023,221235,201058,12985,214043,2489
2022-01-11,San Benito,069,59416,10241,9624,300,9924,83
2022-01-11,San Bernardino,071,2135413,486210,442960,18918,461878,6198
2022-01-11,San Diego,073,3302833,589628,536954,38025,574979,4520
2022-01-11,San Francisco,075,870044,94458,83678,5525,89203,691
2022-01-11,San Joaquin,077,732212,131677,121139,7428,128567,1944
2022-01-11,San Luis Obispo,079,281455,40345,37183,2315,39498,372
2022-01-11,San Mateo,081,765935,92035,76756,3582,80338,582
2022-01-11,Santa Barbara,083,443738,64967,59758,2754,62512,578
2022-01-11,Santa Clara,085,1922200,232927,208425,6566,214991,1971
2022-01-11,Santa Cruz,087,273765,31108,27709,1531,29240,232
2022-01-11,Shasta,089,179085,25146,24132,4288,28420,446
2022-01-11,Sierra,091,2930,245,228,28,256,0
2022-01-11,Siskiyou,093,43540,3762,3621,1712,5333,62
2022-01-11,Solano,095,438530,61590,56349,3246,59595,388
2022-01-11,Sonoma,097,501317,61537,55411,1469,56880,416
2022-01-11,Stanislaus,099,539301,95661,90998,11713,102711,1372
2022-01-11,Sutter,101,95872,16794,15993,727,16720,197
2022-01-11,Tehama,103,63373,9884,9406,1878,11284,140
2022-01-11,Trinity,105,12862,972,858,236,1094,19
2022-01-11,Tulare,107,460477,81848,76267,19503,95770,1188
2022-01-11,Tuolumne,109,53932,9437,8811,193,9004,91
2022-01-11,Ventura,111,848112,142662,129548,7764,137312,1220
2022-01-11,Yolo,113,214977,28865,26482,1852,28334,270
2022-01-11,Yuba,115,75493,12651,11912,603,12515,101
2022-01-10,Alameda,001,1643700,184333,165657,7524,173181,1559
2022-01-10,Alpine,003,1148,115,116,0,116,0
2022-01-10,Amador,005,37829,6572,6279,136,6415,71
2022-01-10,Butte,007,227075,26039,24217,4978,29195,347
2022-01-10,Calaveras,009,45235,5461,5025,107,5132,93
2022-01-10,Colusa,011,21464,2841,2758,822,3580,21
2022-01-10,Contra Costa,013,1133247,143884,129951,6612,136563,1077
2022-01-10,Del Norte,015,27424,4116,3970,81,4051,43
2022-01-10,El Dorado,017,186661,21417,19606,2274,21880,172
2022-01-10,Fresno,019,978130,170982,161593,15973,177566,2404
2022-01-10,Glenn,021,27897,3988,3807,1218,5025,39
2022-01-10,Humboldt,023,135768,12881,11778,1353,13131,121
2022-01-10,Imperial,025,180216,43455,41080,6223,47303,811
2022-01-10,Inyo,027,18085,3435,3227,85,3312,49
2022-01-10,Kern,029,883053,155184,145744,31795,177539,1929
2022-01-10,Kings,031,150075,38242,36286,2364,38650,389
2022-01-10,Lake,033,64148,7844,7416,356,7772,117
2022-01-10,Lassen,035,31185,7378,7192,507,7699,55
2022-01-10,Los Angeles,037,10098052,2154649,1932475,94030,2026505,27546
2022-01-10,Madera,039,155013,27943,26501,3012,29513,328
2022-01-10,Marin,041,260295,26139,24023,1386,25409,251
2022-01-10,Mariposa,043,17540,1838,1684,70,1754,6
2022-01-10,Mendocino,045,87422,9865,9163,1025,10188,101
2022-01-10,Merced,047,269075,50107,47632,3279,50911,707
2022-01-10,Modoc,049,8938,631,622,213,835,6
2022-01-10,Mono,051,14174,2557,2415,80,2495,4
2022-01-10,Monterey,053,433212,59492,53485,5611,59096,645
2022-01-10,Napa,055,140530,19150,16775,458,17233,109
2022-01-10,Nevada,057,99092,12280,11300,568,11868,110
2022-01-10,Orange,059,3164182,448104,406170,31829,437999,5906
2022-01-10,Placer,061,380077,49482,45642,5288,50930,498
2022-01-10,Plumas,063,18699,2241,2086,98,2184,12
2022-01-10,Riverside,065,2383286,482102,445536,21995,467531,5546
2022-01-10,Sacramento,067,1510023,216718,198023,11936,209959,2474
2022-01-10,San Benito,069,59416,10069,9467,290,9757,83
2022-01-10,San Bernardino,071,2135413,477734,437207,18190,455397,6184
2022-01-10,San Diego,073,3302833,576936,530506,36883,567389,4500
2022-01-10,San Francisco,075,870044,92662,82209,5266,87475,690
2022-01-10,San Joaquin,077,732212,128981,119587,7144,126731,1927
2022-01-10,San Luis Obispo,079,281455,39529,36618,2220,38838,371
2022-01-10,San Mateo,081,765935,89388,75210,3327,78537,582
2022-01-10,Santa Barbara,083,443738,63706,58957,2565,61522,578
2022-01-10,Santa Clara,085,1922200,226862,203540,6089,209629,1971
2022-01-10,Santa Cruz,087,273765,30267,26906,1493,28399,232
2022-01-10,Shasta,089,179085,24949,23983,4211,28194,446
2022-01-10,Sierra,091,2930,242,223,28,251,0
2022-01-10,Siskiyou,093,43540,3729,3592,1668,5260,62
2022-01-10,Solano,095,438530,60548,55663,3049,58712,385
2022-01-10,Sonoma,097,501317,59990,54478,1423,55901,412
2022-01-10,Stanislaus,099,539301,94318,89997,11362,101359,1372
2022-01-10,Sutter,101,95872,16550,15823,681,16504,196
2022-01-10,Tehama,103,63373,9770,9360,1823,11183,140
2022-01-10,Trinity,105,12862,968,849,234,1083,19
2022-01-10,Tulare,107,460477,80360,75498,19123,94621,1186
2022-01-10,Tuolumne,109,53932,9312,8685,181,8866,91
2022-01-10,Ventura,111,848112,140060,126240,7614,133854,1217
2022-01-10,Yolo,113,214977,28273,26065,1799,27864,270
2022-01-10,Yuba,115,75493,12403,11776,569,12345,101
2022-01-09,Alameda,001,1643700,179842,162701,6858,169559,1561
2022-01-09,Alpine,003,1148,115,116,0,116,0
2022-01-09,Amador,005,37829,6484,6215,124,6339,71
2022-01-09,Butte,007,227075,25644,24018,4860,28878,347
2022-01-09,Calaveras,009,45235,5330,4976,98,5074,93
2022-01-09,Colusa,011,21464,2813,2750,799,3549,21
2022-01-09,Contra Costa,013,1133247,140879,128050,5944,133994,1077
2022-01-09,Del Norte,015,27424,4077,3950,77,4027,43
2022-01-09,El Dorado,017,186661,21049,19430,2209,21639,172
2022-01-09,Fresno,019,978130,168379,159989,15558,175547,2405
2022-01-09,Glenn,021,27897,3931,3797,1196,4993,39
2022-01-09,Humboldt,023,135768,12636,11582,1231,12813,121
2022-01-09,Imperial,025,180216,42619,40608,5963,46571,811
2022-01-09,Inyo,027,18085,3332,3149,76,3225,49
2022-01-09,Kern,029,883053,152733,144819,31055,175874,1927
2022-01-09,Kings,031,150075,37565,36041,2327,38368,389
2022-01-09,Lake,033,64148,7733,7393,312,7705,117
2022-01-09,Lassen,035,31185,7314,7172,478,7650,55
2022-01-09,Los Angeles,037,10098052,2106589,1887830,90973,1978803,27532
2022-01-09,Madera,039,155013,27564,26325,2915,29240,328
2022-01-09,Marin,041,260295,25688,23708,1295,25003,251
2022-01-09,Mariposa,043,17540,1788,1660,69,1729,6
2022-01-09,Mendocino,045,87422,9657,9097,914,10011,101
2022-01-09,Merced,047,269075,49225,47294,3003,50297,706
2022-01-09,Modoc,049,8938,629,619,213,832,6
2022-01-09,Mono,051,14174,2522,2390,73,2463,4
2022-01-09,Monterey,053,433212,58429,53251,5343,58594,645
2022-01-09,Napa,055,140530,18654,16614,442,17056,109
2022-01-09,Nevada,057,99092,12026,11152,507,11659,110
2022-01-09,Orange,059,3164182,438107,400563,30876,431439,5905
2022-01-09,Placer,061,380077,48485,45081,5139,50220,498
2022-01-09,Plumas,063,18699,2202,2081,78,2159,12
2022-01-09,Riverside,065,2383286,473113,440413,21454,461867,5546
2022-01-09,Sacramento,067,1510023,211917,195444,10817,206261,2475
2022-01-09,San Benito,069,59416,9883,9363,262,9625,83
2022-01-09,San Bernardino,071,2135413,469233,430257,17371,447628,6180
2022-01-09,San Diego,073,3302833,563820,478206,35025,513231,4500
2022-01-09,San Francisco,075,870044,90789,80463,5021,85484,690
2022-01-09,San Joaquin,077,732212,125883,118422,6977,125399,1927
2022-01-09,San Luis Obispo,079,281455,38724,36291,2114,38405,371
2022-01-09,San Mateo,081,765935,86875,73867,3000,76867,582
2022-01-09,Santa Barbara,083,443738,62021,58280,2303,60583,578
2022-01-09,Santa Clara,085,1922200,220479,199889,5553,205442,1976
2022-01-09,Santa Cruz,087,273765,29517,26513,1461,27974,232
2022-01-09,Shasta,089,179085,24710,23926,4124,28050,446
2022-01-09,Sierra,091,2930,239,223,26,249,0
2022-01-09,Siskiyou,093,43540,3700,3580,1609,5189,62
2022-01-09,Solano,095,438530,59393,54985,2768,57753,384
2022-01-09,Sonoma,097,501317,58316,53543,1386,54929,412
2022-01-09,Stanislaus,099,539301,92945,89248,11065,100313,1372
2022-01-09,Sutter,101,95872,16263,15695,601,16296,196
2022-01-09,Tehama,103,63373,9653,9306,1772,11078,140
2022-01-09,Trinity,105,12862,964,848,232,1080,19
2022-01-09,Tulare,107,460477,78957,75085,18746,93831,1186
2022-01-09,Tuolumne,109,53932,9154,8595,162,8757,91
2022-01-09,Ventura,111,848112,137009,124269,7371,131640,1217
2022-01-09,Yolo,113,214977,27666,25632,1752,27384,270
2022-01-09,Yuba,115,75493,12205,11666,538,12204,101
2022-01-08,Alameda,001,1643700,177944,148560,6716,155276,1558
2022-01-08,Alpine,003,1148,115,114,0,114,0
2022-01-08,Amador,005,37829,6453,6091,119,6210,71
2022-01-08,Butte,007,227075,25452,23429,4819,28248,347
2022-01-08,Calaveras,009,45235,5284,4823,94,4917,93
2022-01-08,Colusa,011,21464,2805,2713,796,3509,21
2022-01-08,Contra Costa,013,1133247,139316,119907,5861,125768,1077
2022-01-08,Del Norte,015,27424,4060,3902,77,3979,43
2022-01-08,El Dorado,017,186661,20865,18599,2175,20774,172
2022-01-08,Fresno,019,978130,167482,155394,15420,170814,2393
2022-01-08,Glenn,021,27897,3923,3732,1191,4923,39
2022-01-08,Humboldt,023,135768,12512,11149,1205,12354,121
2022-01-08,Imperial,025,180216,42431,39429,5821,45250,800
2022-01-08,Inyo,027,18085,3318,3020,73,3093,49
2022-01-08,Kern,029,883053,151596,140410,30625,171035,1921
2022-01-08,Kings,031,150075,37324,35275,2310,37585,390
2022-01-08,Lake,033,64148,7693,7209,304,7513,117
2022-01-08,Lassen,035,31185,7284,7127,462,7589,55
2022-01-08,Los Angeles,037,10098052,2088201,1765787,89236,1855023,27476
2022-01-08,Madera,039,155013,27397,25767,2877,28644,328
2022-01-08,Marin,041,260295,25404,22377,1284,23661,251
2022-01-08,Mariposa,043,17540,1778,1588,69,1657,6
2022-01-08,Mendocino,045,87422,9583,8792,912,9704,101
2022-01-08,Merced,047,269075,49046,46094,2979,49073,703
2022-01-08,Modoc,049,8938,629,610,213,823,6
2022-01-08,Mono,051,14174,2511,2240,68,2308,4
2022-01-08,Monterey,053,433212,58043,51721,5250,56971,644
2022-01-08,Napa,055,140530,18501,15819,416,16235,109
2022-01-08,Nevada,057,99092,11941,10765,494,11259,110
2022-01-08,Orange,059,3164182,434314,375124,30026,405150,5903
2022-01-08,Placer,061,380077,48042,43172,5097,48269,495
2022-01-08,Plumas,063,18699,2192,2053,73,2126,12
2022-01-08,Riverside,065,2383286,469596,422591,21186,443777,5535
2022-01-08,Sacramento,067,1510023,210476,185118,10659,195777,2470
2022-01-08,San Benito,069,59416,9721,9016,259,9275,83
2022-01-08,San Bernardino,071,2135413,465749,411724,16970,428694,6122
2022-01-08,San Diego,073,3302833,558921,472273,34483,506756,4495
2022-01-08,San Francisco,075,870044,89592,73660,4742,78402,690
2022-01-08,San Joaquin,077,732212,124902,112514,6877,119391,1916
2022-01-08,San Luis Obispo,079,281455,38521,34489,2071,36560,369
2022-01-08,San Mateo,081,765935,85490,67918,2913,70831,582
2022-01-08,Santa Barbara,083,443738,61326,54617,2269,56886,575
2022-01-08,Santa Clara,085,1922200,217208,183842,5316,189158,1966
2022-01-08,Santa Cruz,087,273765,29090,24678,1441,26119,230
2022-01-08,Shasta,089,179085,24619,23585,4093,27678,445
2022-01-08,Sierra,091,2930,235,215,25,240,0
2022-01-08,Siskiyou,093,43540,3688,3545,1595,5140,62
2022-01-08,Solano,095,438530,58985,52452,2696,55148,383
2022-01-08,Sonoma,097,501317,57793,50130,1352,51482,411
2022-01-08,Stanislaus,099,539301,92305,87049,10942,97991,1372
2022-01-08,Sutter,101,95872,16144,15261,588,15849,195
2022-01-08,Tehama,103,63373,9622,9109,1764,10873,140
2022-01-08,Trinity,105,12862,958,836,232,1068,19
2022-01-08,Tulare,107,460477,78558,73600,18610,92210,1185
2022-01-08,Tuolumne,109,53932,9048,8360,159,8519,91
2022-01-08,Ventura,111,848112,135839,117229,7237,124466,1216
2022-01-08,Yolo,113,214977,27372,24006,1724,25730,270
2022-01-08,Yuba,115,75493,12118,11277,535,11812,101
2022-01-07,Alameda,001,1643700,175247,148560,6599,155159,1558
2022-01-07,Alpine,003,1148,115,114,0,114,0
2022-01-07,Amador,005,37829,6404,6091,116,6207,71
2022-01-07,Butte,007,227075,25246,23429,4785,28214,347
2022-01-07,Calaveras,009,45235,5245,4823,94,4917,93
2022-01-07,Colusa,011,21464,2796,2713,785,3498,21
2022-01-07,Contra Costa,013,1133247,137368,119907,5737,125644,1077
2022-01-07,Del Norte,015,27424,4044,3902,76,3978,43
2022-01-07,El Dorado,017,186661,20680,18599,2162,20761,172
2022-01-07,Fresno,019,978130,166107,155394,15314,170708,2393
2022-01-07,Glenn,021,27897,3903,3732,1188,4920,39
2022-01-07,Humboldt,023,135768,12368,11149,1178,12327,121
2022-01-07,Imperial,025,180216,42273,39429,5736,45165,800
2022-01-07,Inyo,027,18085,3299,3020,71,3091,49
2022-01-07,Kern,029,883053,150624,140410,30180,170590,1921
2022-01-07,Kings,031,150075,37143,35275,2296,37571,390
2022-01-07,Lake,033,64148,7645,7209,279,7488,117
2022-01-07,Lassen,035,31185,7268,7127,459,7586,55
2022-01-07,Los Angeles,037,10098052,2057026,1765787,87778,1853565,27476
2022-01-07,Madera,039,155013,27215,25767,2840,28607,328
2022-01-07,Marin,041,260295,25023,22377,1266,23643,251
2022-01-07,Mariposa,043,17540,1762,1588,69,1657,6
2022-01-07,Mendocino,045,87422,9490,8792,911,9703,101
2022-01-07,Merced,047,269075,48873,46094,2955,49049,703
2022-01-07,Modoc,049,8938,628,610,213,823,6
2022-01-07,Mono,051,14174,2473,2240,62,2302,4
2022-01-07,Monterey,053,433212,57621,51721,5155,56876,644
2022-01-07,Napa,055,140530,18274,15819,397,16216,109
2022-01-07,Nevada,057,99092,11811,10765,473,11238,110
2022-01-07,Orange,059,3164182,429502,375124,29408,404532,5903
2022-01-07,Placer,061,380077,47537,43172,5047,48219,495
2022-01-07,Plumas,063,18699,2183,2053,72,2125,12
2022-01-07,Riverside,065,2383286,465769,422591,20957,443548,5535
2022-01-07,Sacramento,067,1510023,208208,185118,10506,195624,2470
2022-01-07,San Benito,069,59416,9675,9016,258,9274,83
2022-01-07,San Bernardino,071,2135413,461631,411724,16741,428465,6122
2022-01-07,San Diego,073,3302833,551809,472273,33936,506209,4495
2022-01-07,San Francisco,075,870044,88148,73660,4487,78147,690
2022-01-07,San Joaquin,077,732212,123938,112514,6816,119330,1916
2022-01-07,San Luis Obispo,079,281455,38306,34489,2016,36505,369
2022-01-07,San Mateo,081,765935,84024,67918,2854,70772,582
2022-01-07,Santa Barbara,083,443738,60631,54617,2248,56865,575
2022-01-07,Santa Clara,085,1922200,213732,183842,5201,189043,1966
2022-01-07,Santa Cruz,087,273765,28610,24678,1425,26103,230
2022-01-07,Shasta,089,179085,24520,23585,4059,27644,445
2022-01-07,Sierra,091,2930,232,215,25,240,0
2022-01-07,Siskiyou,093,43540,3677,3545,1583,5128,62
2022-01-07,Solano,095,438530,58301,52452,2651,55103,383
2022-01-07,Sonoma,097,501317,57191,50130,1267,51397,411
2022-01-07,Stanislaus,099,539301,91777,87049,10841,97890,1372
2022-01-07,Sutter,101,95872,15994,15261,575,15836,195
2022-01-07,Tehama,103,63373,9586,9109,1751,10860,140
2022-01-07,Trinity,105,12862,951,836,231,1067,19
2022-01-07,Tulare,107,460477,78131,73600,18470,92070,1185
2022-01-07,Tuolumne,109,53932,8960,8360,155,8515,91
2022-01-07,Ventura,111,848112,134213,117229,7102,124331,1216
2022-01-07,Yolo,113,214977,27000,24006,1705,25711,270
2022-01-07,Yuba,115,75493,12012,11277,530,11807,101
2022-01-06,Alameda,001,1643700,169992,148560,6181,154741,1558
2022-01-06,Alpine,003,1148,114,114,0,114,0
2022-01-06,Amador,005,37829,6353,6091,111,6202,71
2022-01-06,Butte,007,227075,24953,23429,4700,28129,347
2022-01-06,Calaveras,009,45235,5128,4823,92,4915,93
2022-01-06,Colusa,011,21464,2777,2713,777,3490,21
2022-01-06,Contra Costa,013,1133247,134251,119907,5316,125223,1077
2022-01-06,Del Norte,015,27424,4010,3902,74,3976,43
2022-01-06,El Dorado,017,186661,20339,18599,2126,20725,172
2022-01-06,Fresno,019,978130,163957,155394,15048,170442,2393
2022-01-06,Glenn,021,27897,3876,3732,1162,4894,39
2022-01-06,Humboldt,023,135768,12141,11149,1137,12286,121
2022-01-06,Imperial,025,180216,41689,39429,5534,44963,800
2022-01-06,Inyo,027,18085,3261,3020,71,3091,49
2022-01-06,Kern,029,883053,148955,140410,29514,169924,1921
2022-01-06,Kings,031,150075,36818,35275,2271,37546,390
2022-01-06,Lake,033,64148,7571,7209,268,7477,117
2022-01-06,Lassen,035,31185,7245,7127,453,7580,55
2022-01-06,Los Angeles,037,10098052,2002864,1765787,85425,1851212,27476
2022-01-06,Madera,039,155013,26910,25767,2782,28549,328
2022-01-06,Marin,041,260295,24621,22377,1234,23611,251
2022-01-06,Mariposa,043,17540,1743,1588,69,1657,6
2022-01-06,Mendocino,045,87422,9393,8792,872,9664,101
2022-01-06,Merced,047,269075,48312,46094,2809,48903,703
2022-01-06,Modoc,049,8938,627,610,213,823,6
2022-01-06,Mono,051,14174,2450,2240,59,2299,4
2022-01-06,Monterey,053,433212,56900,51721,4904,56625,644
2022-01-06,Napa,055,140530,17877,15819,388,16207,109
2022-01-06,Nevada,057,99092,11613,10765,461,11226,110
2022-01-06,Orange,059,3164182,420052,375124,28659,403783,5903
2022-01-06,Placer,061,380077,46795,43172,4960,48132,495
2022-01-06,Plumas,063,18699,2165,2053,64,2117,12
2022-01-06,Riverside,065,2383286,458299,422591,20669,443260,5535
2022-01-06,Sacramento,067,1510023,204152,185118,9769,194887,2470
2022-01-06,San Benito,069,59416,9574,9016,251,9267,83
2022-01-06,San Bernardino,071,2135413,453958,411724,16251,427975,6122
2022-01-06,San Diego,073,3302833,540180,472273,32934,505207,4495
2022-01-06,San Francisco,075,870044,85816,73660,4232,77892,690
2022-01-06,San Joaquin,077,732212,121747,112514,6731,119245,1916
2022-01-06,San Luis Obispo,079,281455,37607,34489,1946,36435,369
2022-01-06,San Mateo,081,765935,81602,67918,2674,70592,582
2022-01-06,Santa Barbara,083,443738,59463,54617,2189,56806,575
2022-01-06,Santa Clara,085,1922200,208655,183842,4811,188653,1966
2022-01-06,Santa Cruz,087,273765,28049,24678,1401,26079,230
2022-01-06,Shasta,089,179085,24372,23585,4009,27594,445
2022-01-06,Sierra,091,2930,229,215,25,240,0
2022-01-06,Siskiyou,093,43540,3661,3545,1537,5082,62
2022-01-06,Solano,095,438530,57287,52452,2466,54918,383
2022-01-06,Sonoma,097,501317,55798,50130,1234,51364,411
2022-01-06,Stanislaus,099,539301,90626,87049,10671,97720,1372
2022-01-06,Sutter,101,95872,15817,15261,547,15808,195
2022-01-06,Tehama,103,63373,9508,9109,1724,10833,140
2022-01-06,Trinity,105,12862,944,836,230,1066,19
2022-01-06,Tulare,107,460477,77425,73600,18302,91902,1185
2022-01-06,Tuolumne,109,53932,8848,8360,149,8509,91
2022-01-06,Ventura,111,848112,131529,117229,6942,124171,1216
2022-01-06,Yolo,113,214977,26445,24006,1661,25667,270
2022-01-06,Yuba,115,75493,11877,11277,513,11790,101
2022-01-05,Alameda,001,1643700,164885,144824,5755,150579,1548
2022-01-05,Alpine,003,1148,114,112,0,112,0
2022-01-05,Amador,005,37829,6310,6012,108,6120,70
2022-01-05,Butte,007,227075,24639,23134,4638,27772,343
2022-01-05,Calaveras,009,45235,5073,4758,90,4848,90
2022-01-05,Colusa,011,21464,2763,2704,766,3470,21
2022-01-05,Contra Costa,013,1133247,130980,117188,4862,122050,1071
2022-01-05,Del Norte,015,27424,3990,3862,72,3934,43
2022-01-05,El Dorado,017,186661,19945,18367,2096,20463,171
2022-01-05,Fresno,019,978130,161923,153033,14763,167796,2377
2022-01-05,Glenn,021,27897,3827,3700,1152,4852,39
2022-01-05,Humboldt,023,135768,11937,10938,1089,12027,120
2022-01-05,Imperial,025,180216,41062,38789,5381,44170,800
2022-01-05,Inyo,027,18085,3179,2939,67,3006,49
2022-01-05,Kern,029,883053,147172,138186,28944,167130,1913
2022-01-05,Kings,031,150075,36474,34893,2252,37145,387
2022-01-05,Lake,033,64148,7488,7129,252,7381,117
2022-01-05,Lassen,035,31185,7225,7077,445,7522,55
2022-01-05,Los Angeles,037,10098052,1946541,1729640,83046,1812686,27443
2022-01-05,Madera,039,155013,26670,25392,2689,28081,327
2022-01-05,Marin,041,260295,24274,21829,1185,23014,251
2022-01-05,Mariposa,043,17540,1717,1564,68,1632,6
2022-01-05,Mendocino,045,87422,9262,8625,837,9462,101
2022-01-05,Merced,047,269075,47642,45721,2674,48395,700
2022-01-05,Modoc,049,8938,624,603,213,816,6
2022-01-05,Mono,051,14174,2431,2201,55,2256,4
2022-01-05,Monterey,053,433212,56076,51241,4707,55948,639
2022-01-05,Napa,055,140530,17515,15494,358,15852,108
2022-01-05,Nevada,057,99092,11417,10624,444,11068,110
2022-01-05,Orange,059,3164182,410008,366139,27591,393730,5869
2022-01-05,Placer,061,380077,45911,42456,4867,47323,492
2022-01-05,Plumas,063,18699,2145,2020,62,2082,12
2022-01-05,Riverside,065,2383286,450850,415253,20318,435571,5502
2022-01-05,Sacramento,067,1510023,199370,181488,8819,190307,2455
2022-01-05,San Benito,069,59416,9379,8829,238,9067,83
2022-01-05,San Bernardino,071,2135413,445205,405323,15692,421015,6085
2022-01-05,San Diego,073,3302833,526601,466602,31953,498555,4495
2022-01-05,San Francisco,075,870044,83239,71405,4094,75499,686
2022-01-05,San Joaquin,077,732212,119211,110497,6651,117148,1903
2022-01-05,San Luis Obispo,079,281455,36811,34066,1869,35935,369
2022-01-05,San Mateo,081,765935,79413,66018,2476,68494,578
2022-01-05,Santa Barbara,083,443738,58156,53082,2110,55192,570
2022-01-05,Santa Clara,085,1922200,202687,178629,4397,183026,1961
2022-01-05,Santa Cruz,087,273765,27294,24394,1380,25774,229
2022-01-05,Shasta,089,179085,24216,23361,3980,27341,441
2022-01-05,Sierra,091,2930,226,210,23,233,0
2022-01-05,Siskiyou,093,43540,3651,3513,1508,5021,60
2022-01-05,Solano,095,438530,56242,51505,2331,53836,380
2022-01-05,Sonoma,097,501317,54534,49120,1077,50197,412
2022-01-05,Stanislaus,099,539301,89634,86248,10498,96746,1360
2022-01-05,Sutter,101,95872,15616,15117,508,15625,193
2022-01-05,Tehama,103,63373,9411,9011,1693,10704,140
2022-01-05,Trinity,105,12862,940,822,228,1050,19
2022-01-05,Tulare,107,460477,76647,72718,18130,90848,1173
2022-01-05,Tuolumne,109,53932,8756,8223,142,8365,90
2022-01-05,Ventura,111,848112,128781,114752,6734,121486,1211
2022-01-05,Yolo,113,214977,25836,23401,1622,25023,269
2022-01-05,Yuba,115,75493,11694,11138,487,11625,100
2022-01-04,Alameda,001,1643700,159260,143360,5350,148710,1532
2022-01-04,Alpine,003,1148,114,113,0,113,0
2022-01-04,Amador,005,37829,6243,6025,102,6127,71
2022-01-04,Butte,007,227075,24340,23094,4566,27660,346
2022-01-04,Calaveras,009,45235,4999,4767,87,4854,93
2022-01-04,Colusa,011,21464,2746,2689,760,3449,21
2022-01-04,Contra Costa,013,1133247,127633,116005,4493,120498,1075
2022-01-04,Del Norte,015,27424,3958,3882,69,3951,43
2022-01-04,El Dorado,017,186661,19588,18339,2075,20414,172
2022-01-04,Fresno,019,978130,159746,153244,14509,167753,2380
2022-01-04,Glenn,021,27897,3798,3705,1137,4842,39
2022-01-04,Humboldt,023,135768,11691,10865,1038,11903,120
2022-01-04,Imperial,025,180216,40462,38596,5120,43716,800
2022-01-04,Inyo,027,18085,3096,2870,66,2936,49
2022-01-04,Kern,029,883053,145243,138245,28364,166609,1916
2022-01-04,Kings,031,150075,36150,34931,2235,37166,388
2022-01-04,Lake,033,64148,7447,7152,243,7395,117
2022-01-04,Lassen,035,31185,7202,7111,441,7552,55
2022-01-04,Los Angeles,037,10098052,1886582,1705253,80686,1785939,27419
2022-01-04,Madera,039,155013,26327,25425,2618,28043,328
2022-01-04,Marin,041,260295,23794,21675,1126,22801,251
2022-01-04,Mariposa,043,17540,1681,1564,67,1631,6
2022-01-04,Mendocino,045,87422,9139,8636,813,9449,101
2022-01-04,Merced,047,269075,47021,45583,2545,48128,700
2022-01-04,Modoc,049,8938,621,611,213,824,6
2022-01-04,Mono,051,14174,2382,2190,45,2235,4
2022-01-04,Monterey,053,433212,55344,51176,4482,55658,643
2022-01-04,Napa,055,140530,17011,15370,328,15698,107
2022-01-04,Nevada,057,99092,11259,10608,431,11039,110
2022-01-04,Orange,059,3164182,399249,362051,26431,388482,5897
2022-01-04,Placer,061,380077,45073,42285,4751,47036,494
2022-01-04,Plumas,063,18699,2119,2014,60,2074,12
2022-01-04,Riverside,065,2383286,442327,413366,19970,433336,5504
2022-01-04,Sacramento,067,1510023,194375,181271,8096,189367,2453
2022-01-04,San Benito,069,59416,9191,8763,230,8993,79
2022-01-04,San Bernardino,071,2135413,436012,404409,15153,419562,6060
2022-01-04,San Diego,073,3302833,510265,458499,30987,489486,4487
2022-01-04,San Francisco,075,870044,80389,70666,3949,74615,688
2022-01-04,San Joaquin,077,732212,116791,110374,6498,116872,1911
2022-01-04,San Luis Obispo,079,281455,36004,33788,1782,35570,371
2022-01-04,San Mateo,081,765935,77099,65157,2288,67445,582
2022-01-04,Santa Barbara,083,443738,56632,52449,2033,54482,574
2022-01-04,Santa Clara,085,1922200,196445,176854,3933,180787,1964
2022-01-04,Santa Cruz,087,273765,26534,23904,1345,25249,228
2022-01-04,Shasta,089,179085,24071,23366,3926,27292,442
2022-01-04,Sierra,091,2930,225,214,22,236,0
2022-01-04,Siskiyou,093,43540,3636,3509,1489,4998,61
2022-01-04,Solano,095,438530,54932,51300,2134,53434,383
2022-01-04,Sonoma,097,501317,52827,48653,957,49610,410
2022-01-04,Stanislaus,099,539301,88574,86107,10328,96435,1361
2022-01-04,Sutter,101,95872,15463,15032,484,15516,193
2022-01-04,Tehama,103,63373,9333,9020,1671,10691,140
2022-01-04,Trinity,105,12862,935,833,224,1057,18
2022-01-04,Tulare,107,460477,75861,72893,17932,90825,1172
2022-01-04,Tuolumne,109,53932,8644,8235,137,8372,91
2022-01-04,Ventura,111,848112,125724,114079,6504,120583,1213
2022-01-04,Yolo,113,214977,25190,22938,1577,24515,270
2022-01-04,Yuba,115,75493,11514,11104,471,11575,101
2022-01-03,Alameda,001,1643700,153137,142090,4912,147002,1529
2022-01-03,Alpine,003,1148,113,113,0,113,0
2022-01-03,Amador,005,37829,6181,6004,97,6101,71
2022-01-03,Butte,007,227075,24040,22924,4508,27432,345
2022-01-03,Calaveras,009,45235,4938,4742,81,4823,93
2022-01-03,Colusa,011,21464,2736,2683,753,3436,21
2022-01-03,Contra Costa,013,1133247,124194,114966,3904,118870,1073
2022-01-03,Del Norte,015,27424,3938,3873,65,3938,43
2022-01-03,El Dorado,017,186661,19199,18183,2046,20229,172
2022-01-03,Fresno,019,978130,157748,152674,14303,166977,2379
2022-01-03,Glenn,021,27897,3769,3703,1102,4805,39
2022-01-03,Humboldt,023,135768,11481,10784,990,11774,119
2022-01-03,Imperial,025,180216,39832,38411,4943,43354,800
2022-01-03,Inyo,027,18085,3027,2845,62,2907,49
2022-01-03,Kern,029,883053,143247,137773,27768,165541,1916
2022-01-03,Kings,031,150075,35827,34817,2206,37023,387
2022-01-03,Lake,033,64148,7345,7134,225,7359,117
2022-01-03,Lassen,035,31185,7184,7103,438,7541,55
2022-01-03,Los Angeles,037,10098052,1825735,1686203,77937,1764140,27394
2022-01-03,Madera,039,155013,26034,25323,2574,27897,320
2022-01-03,Marin,041,260295,23200,21532,1087,22619,251
2022-01-03,Mariposa,043,17540,1639,1559,67,1626,6
2022-01-03,Mendocino,045,87422,8990,8573,763,9336,101
2022-01-03,Merced,047,269075,46418,45459,2433,47892,696
2022-01-03,Modoc,049,8938,618,602,213,815,6
2022-01-03,Mono,051,14174,2304,2172,40,2212,4
2022-01-03,Monterey,053,433212,54516,51047,4276,55323,644
2022-01-03,Napa,055,140530,16502,15260,296,15556,107
2022-01-03,Nevada,057,99092,11095,10572,422,10994,110
2022-01-03,Orange,059,3164182,388068,358052,25205,383257,5894
2022-01-03,Placer,061,380077,44249,42054,4690,46744,489
2022-01-03,Plumas,063,18699,2099,2005,60,2065,12
2022-01-03,Riverside,065,2383286,433855,410155,19475,429630,5504
2022-01-03,Sacramento,067,1510023,189207,179992,7541,187533,2452
2022-01-03,San Benito,069,59416,9029,8688,223,8911,79
2022-01-03,San Bernardino,071,2135413,427076,401938,14683,416621,6056
2022-01-03,San Diego,073,3302833,494172,451154,30026,481180,4476
2022-01-03,San Francisco,075,870044,77583,69315,3699,73014,686
2022-01-03,San Joaquin,077,732212,114474,109757,6372,116129,1903
2022-01-03,San Luis Obispo,079,281455,35194,33667,1689,35356,367
2022-01-03,San Mateo,081,765935,74382,64470,2131,66601,582
2022-01-03,Santa Barbara,083,443738,55170,51912,1939,53851,571
2022-01-03,Santa Clara,085,1922200,190344,174215,3459,177674,1963
2022-01-03,Santa Cruz,087,273765,25726,23765,1313,25078,228
2022-01-03,Shasta,089,179085,23894,23301,3899,27200,440
2022-01-03,Sierra,091,2930,218,213,21,234,0
2022-01-03,Siskiyou,093,43540,3609,3500,1467,4967,61
2022-01-03,Solano,095,438530,53632,51030,1948,52978,380
2022-01-03,Sonoma,097,501317,51130,48391,861,49252,410
2022-01-03,Stanislaus,099,539301,87580,85793,10138,95931,1332
2022-01-03,Sutter,101,95872,15305,14973,464,15437,193
2022-01-03,Tehama,103,63373,9259,9005,1645,10650,140
2022-01-03,Trinity,105,12862,930,833,223,1056,18
2022-01-03,Tulare,107,460477,75166,72664,17728,90392,1167
2022-01-03,Tuolumne,109,53932,8508,8179,133,8312,91
2022-01-03,Ventura,111,848112,122556,112762,6265,119027,1211
2022-01-03,Yolo,113,214977,24511,22563,1514,24077,270
2022-01-03,Yuba,115,75493,11381,11037,452,11489,99
2022-01-02,Alameda,001,1643700,148567,133486,4419,137905,1528
2022-01-02,Alpine,003,1148,111,113,0,113,0
2022-01-02,Amador,005,37829,6113,5913,92,6005,70
2022-01-02,Butte,007,227075,23700,22469,4446,26915,341
2022-01-02,Calaveras,009,45235,4867,4668,73,4741,93
2022-01-02,Colusa,011,21464,2729,2659,742,3401,21
2022-01-02,Contra Costa,013,1133247,120611,109593,3467,113060,1073
2022-01-02,Del Norte,015,27424,3906,3841,63,3904,43
2022-01-02,El Dorado,017,186661,18863,17621,1995,19616,172
2022-01-02,Fresno,019,978130,156005,149927,14072,163999,2379
2022-01-02,Glenn,021,27897,3750,3663,1093,4756,39
2022-01-02,Humboldt,023,135768,11239,10381,914,11295,119
2022-01-02,Imperial,025,180216,39177,37672,4734,42406,800
2022-01-02,Inyo,027,18085,2957,2726,51,2777,49
2022-01-02,Kern,029,883053,141329,136123,27171,163294,1917
2022-01-02,Kings,031,150075,35504,34318,2171,36489,386
2022-01-02,Lake,033,64148,7274,7060,211,7271,117
2022-01-02,Lassen,035,31185,7168,7089,436,7525,55
2022-01-02,Los Angeles,037,10098052,1774554,1596123,75037,1671160,27371
2022-01-02,Madera,039,155013,25783,25002,2521,27523,320
2022-01-02,Marin,041,260295,22635,20475,1016,21491,249
2022-01-02,Mariposa,043,17540,1608,1509,65,1574,6
2022-01-02,Mendocino,045,87422,8866,8422,745,9167,101
2022-01-02,Merced,047,269075,45876,44769,2333,47102,694
2022-01-02,Modoc,049,8938,616,601,212,813,6
2022-01-02,Mono,051,14174,2275,2101,35,2136,4
2022-01-02,Monterey,053,433212,53889,50251,4066,54317,643
2022-01-02,Napa,055,140530,15962,14439,285,14724,107
2022-01-02,Nevada,057,99092,10907,10299,407,10706,110
2022-01-02,Orange,059,3164182,377042,339526,24050,363576,5890
2022-01-02,Placer,061,380077,43523,40857,4603,45460,489
2022-01-02,Plumas,063,18699,2083,1994,56,2050,12
2022-01-02,Riverside,065,2383286,425516,397124,18959,416083,5501
2022-01-02,Sacramento,067,1510023,185112,173562,6709,180271,2448
2022-01-02,San Benito,069,59416,8849,8320,208,8528,79
2022-01-02,San Bernardino,071,2135413,418931,386278,14126,400404,6051
2022-01-02,San Diego,073,3302833,479148,427087,28847,455934,4469
2022-01-02,San Francisco,075,870044,74640,64498,3458,67956,682
2022-01-02,San Joaquin,077,732212,112587,106640,6230,112870,1902
2022-01-02,San Luis Obispo,079,281455,34458,32342,1606,33948,365
2022-01-02,San Mateo,081,765935,71815,60504,1891,62395,581
2022-01-02,Santa Barbara,083,443738,53735,49555,1878,51433,568
2022-01-02,Santa Clara,085,1922200,184116,164547,3059,167606,1969
2022-01-02,Santa Cruz,087,273765,25057,22980,1280,24260,228
2022-01-02,Shasta,089,179085,23701,23161,3850,27011,435
2022-01-02,Sierra,091,2930,217,206,21,227,0
2022-01-02,Siskiyou,093,43540,3584,3474,1444,4918,61
2022-01-02,Solano,095,438530,52688,48957,1784,50741,379
2022-01-02,Sonoma,097,501317,49811,46040,824,46864,410
2022-01-02,Stanislaus,099,539301,86725,84367,10001,94368,1332
2022-01-02,Sutter,101,95872,15132,14741,445,15186,193
2022-01-02,Tehama,103,63373,9194,8944,1622,10566,139
2022-01-02,Trinity,105,12862,928,832,222,1054,17
2022-01-02,Tulare,107,460477,74505,71941,17534,89475,1160
2022-01-02,Tuolumne,109,53932,8402,8044,128,8172,91
2022-01-02,Ventura,111,848112,119634,107992,6044,114036,1211
2022-01-02,Yolo,113,214977,23837,21747,1448,23195,270
2022-01-02,Yuba,115,75493,11257,10844,436,11280,99
2022-01-01,Alameda,001,1643700,146691,133486,4159,137645,1528
2022-01-01,Alpine,003,1148,111,113,0,113,0
2022-01-01,Amador,005,37829,6077,5913,87,6000,70
2022-01-01,Butte,007,227075,23505,22469,4408,26877,341
2022-01-01,Calaveras,009,45235,4828,4668,71,4739,93
2022-01-01,Colusa,011,21464,2725,2659,732,3391,21
2022-01-01,Contra Costa,013,1133247,119243,109593,3339,112932,1073
2022-01-01,Del Norte,015,27424,3901,3841,63,3904,43
2022-01-01,El Dorado,017,186661,18711,17621,1980,19601,172
2022-01-01,Fresno,019,978130,155331,149927,13990,163917,2379
2022-01-01,Glenn,021,27897,3743,3663,1093,4756,39
2022-01-01,Humboldt,023,135768,11100,10381,893,11274,119
2022-01-01,Imperial,025,180216,39029,37672,4685,42357,800
2022-01-01,Inyo,027,18085,2928,2726,49,2775,49
2022-01-01,Kern,029,883053,140629,136123,26866,162989,1917
2022-01-01,Kings,031,150075,35362,34318,2144,36462,386
2022-01-01,Lake,033,64148,7236,7060,206,7266,117
2022-01-01,Lassen,035,31185,7162,7089,431,7520,55
2022-01-01,Los Angeles,037,10098052,1754414,1596123,73085,1669208,27371
2022-01-01,Madera,039,155013,25699,25002,2507,27509,320
2022-01-01,Marin,041,260295,22322,20475,975,21450,249
2022-01-01,Mariposa,043,17540,1597,1509,65,1574,6
2022-01-01,Mendocino,045,87422,8774,8422,739,9161,101
2022-01-01,Merced,047,269075,45743,44769,2319,47088,694
2022-01-01,Modoc,049,8938,613,601,212,813,6
2022-01-01,Mono,051,14174,2251,2101,30,2131,4
2022-01-01,Monterey,053,433212,53580,50251,3979,54230,643
2022-01-01,Napa,055,140530,15812,14439,270,14709,107
2022-01-01,Nevada,057,99092,10831,10299,400,10699,110
2022-01-01,Orange,059,3164182,372819,339526,23340,362866,5890
2022-01-01,Placer,061,380077,43220,40857,4537,45394,489
2022-01-01,Plumas,063,18699,2071,1994,56,2050,12
2022-01-01,Riverside,065,2383286,422022,397124,18757,415881,5501
2022-01-01,Sacramento,067,1510023,183840,173562,6454,180016,2448
2022-01-01,San Benito,069,59416,8758,8320,208,8528,79
2022-01-01,San Bernardino,071,2135413,415666,386278,13846,400124,6051
2022-01-01,San Diego,073,3302833,473195,427087,28328,455415,4469
2022-01-01,San Francisco,075,870044,73238,64498,3248,67746,682
2022-01-01,San Joaquin,077,732212,111880,106640,6157,112797,1902
2022-01-01,San Luis Obispo,079,281455,34255,32342,1597,33939,365
2022-01-01,San Mateo,081,765935,70347,60504,1742,62246,581
2022-01-01,Santa Barbara,083,443738,52995,49555,1843,51398,568
2022-01-01,Santa Clara,085,1922200,181045,164547,2863,167410,1969
2022-01-01,Santa Cruz,087,273765,24736,22980,1262,24242,228
2022-01-01,Shasta,089,179085,23615,23161,3832,26993,435
2022-01-01,Sierra,091,2930,216,206,21,227,0
2022-01-01,Siskiyou,093,43540,3581,3474,1434,4908,61
2022-01-01,Solano,095,438530,52420,48957,1725,50682,379
2022-01-01,Sonoma,097,501317,49417,46040,794,46834,410
2022-01-01,Stanislaus,099,539301,86318,84367,9914,94281,1332
2022-01-01,Sutter,101,95872,15055,14741,443,15184,193
2022-01-01,Tehama,103,63373,9161,8944,1610,10554,139
2022-01-01,Trinity,105,12862,925,832,222,1054,17
2022-01-01,Tulare,107,460477,74260,71941,17435,89376,1160
2022-01-01,Tuolumne,109,53932,8342,8044,125,8169,91
2022-01-01,Ventura,111,848112,118249,107992,5914,113906,1211
2022-01-01,Yolo,113,214977,23418,21747,1408,23155,270
2022-01-01,Yuba,115,75493,11191,10844,430,11274,99
2021-12-31,Alameda,001,1643700,145873,133486,4059,137545,1528
2021-12-31,Alpine,003,1148,111,113,0,113,0
2021-12-31,Amador,005,37829,6053,5913,86,5999,70
2021-12-31,Butte,007,227075,23398,22469,4373,26842,341
2021-12-31,Calaveras,009,45235,4795,4668,71,4739,93
2021-12-31,Colusa,011,21464,2716,2659,726,3385,21
2021-12-31,Contra Costa,013,1133247,118350,109593,3259,112852,1073
2021-12-31,Del Norte,015,27424,3892,3841,61,3902,43
2021-12-31,El Dorado,017,186661,18624,17621,1962,19583,172
2021-12-31,Fresno,019,978130,155022,149927,13967,163894,2379
2021-12-31,Glenn,021,27897,3742,3663,1091,4754,39
2021-12-31,Humboldt,023,135768,11013,10381,874,11255,119
2021-12-31,Imperial,025,180216,38897,37672,4669,42341,800
2021-12-31,Inyo,027,18085,2901,2726,48,2774,49
2021-12-31,Kern,029,883053,140121,136123,26729,162852,1917
2021-12-31,Kings,031,150075,35252,34318,2134,36452,386
2021-12-31,Lake,033,64148,7213,7060,201,7261,117
2021-12-31,Lassen,035,31185,7148,7089,431,7520,55
2021-12-31,Los Angeles,037,10098052,1743631,1596123,72333,1668456,27371
2021-12-31,Madera,039,155013,25630,25002,2490,27492,320
2021-12-31,Marin,041,260295,22166,20475,944,21419,249
2021-12-31,Mariposa,043,17540,1590,1509,64,1573,6
2021-12-31,Mendocino,045,87422,8741,8422,736,9158,101
2021-12-31,Merced,047,269075,45659,44769,2301,47070,694
2021-12-31,Modoc,049,8938,609,601,210,811,6
2021-12-31,Mono,051,14174,2239,2101,29,2130,4
2021-12-31,Monterey,053,433212,53453,50251,3913,54164,643
2021-12-31,Napa,055,140530,15701,14439,260,14699,107
2021-12-31,Nevada,057,99092,10764,10299,394,10693,110
2021-12-31,Orange,059,3164182,370306,339526,22912,362438,5890
2021-12-31,Placer,061,380077,42987,40857,4471,45328,489
2021-12-31,Plumas,063,18699,2066,1994,56,2050,12
2021-12-31,Riverside,065,2383286,420335,397124,18602,415726,5501
2021-12-31,Sacramento,067,1510023,182971,173562,6348,179910,2448
2021-12-31,San Benito,069,59416,8744,8320,207,8527,79
2021-12-31,San Bernardino,071,2135413,413352,386278,13655,399933,6051
2021-12-31,San Diego,073,3302833,469974,427087,28010,455097,4469
2021-12-31,San Francisco,075,870044,72311,64498,3190,67688,682
2021-12-31,San Joaquin,077,732212,111252,106640,6091,112731,1902
2021-12-31,San Luis Obispo,079,281455,34147,32342,1585,33927,365
2021-12-31,San Mateo,081,765935,69465,60504,1690,62194,581
2021-12-31,Santa Barbara,083,443738,52596,49555,1831,51386,568
2021-12-31,Santa Clara,085,1922200,179061,164547,2722,167269,1969
2021-12-31,Santa Cruz,087,273765,24499,22980,1241,24221,228
2021-12-31,Shasta,089,179085,23553,23161,3811,26972,435
2021-12-31,Sierra,091,2930,216,206,21,227,0
2021-12-31,Siskiyou,093,43540,3574,3474,1423,4897,61
2021-12-31,Solano,095,438530,52264,48957,1699,50656,379
2021-12-31,Sonoma,097,501317,49164,46040,781,46821,410
2021-12-31,Stanislaus,099,539301,85991,84367,9853,94220,1332
2021-12-31,Sutter,101,95872,14994,14741,437,15178,193
2021-12-31,Tehama,103,63373,9129,8944,1601,10545,139
2021-12-31,Trinity,105,12862,924,832,222,1054,17
2021-12-31,Tulare,107,460477,74057,71941,17351,89292,1160
2021-12-31,Tuolumne,109,53932,8297,8044,124,8168,91
2021-12-31,Ventura,111,848112,117275,107992,5832,113824,1211
2021-12-31,Yolo,113,214977,23197,21747,1386,23133,270
2021-12-31,Yuba,115,75493,11134,10844,424,11268,99
2021-12-30,Alameda,001,1643700,144569,133486,3924,137410,1528
2021-12-30,Alpine,003,1148,110,113,0,113,0
2021-12-30,Amador,005,37829,6034,5913,85,5998,70
2021-12-30,Butte,007,227075,23266,22469,4348,26817,341
2021-12-30,Calaveras,009,45235,4776,4668,71,4739,93
2021-12-30,Colusa,011,21464,2715,2659,724,3383,21
2021-12-30,Contra Costa,013,1133247,117255,109593,3148,112741,1073
2021-12-30,Del Norte,015,27424,3881,3841,60,3901,43
2021-12-30,El Dorado,017,186661,18520,17621,1941,19562,172
2021-12-30,Fresno,019,978130,154490,149927,13895,163822,2379
2021-12-30,Glenn,021,27897,3736,3663,1088,4751,39
2021-12-30,Humboldt,023,135768,10946,10381,862,11243,119
2021-12-30,Imperial,025,180216,38729,37672,4559,42231,800
2021-12-30,Inyo,027,18085,2882,2726,46,2772,49
2021-12-30,Kern,029,883053,139588,136123,26429,162552,1917
2021-12-30,Kings,031,150075,35134,34318,2119,36437,386
2021-12-30,Lake,033,64148,7198,7060,196,7256,117
2021-12-30,Lassen,035,31185,7142,7089,431,7520,55
2021-12-30,Los Angeles,037,10098052,1720321,1596123,71066,1667189,27371
2021-12-30,Madera,039,155013,25554,25002,2470,27472,320
2021-12-30,Marin,041,260295,21988,20475,919,21394,249
2021-12-30,Mariposa,043,17540,1584,1509,64,1573,6
2021-12-30,Mendocino,045,87422,8724,8422,725,9147,101
2021-12-30,Merced,047,269075,45557,44769,2286,47055,694
2021-12-30,Modoc,049,8938,608,601,210,811,6
2021-12-30,Mono,051,14174,2234,2101,28,2129,4
2021-12-30,Monterey,053,433212,53141,50251,3852,54103,643
2021-12-30,Napa,055,140530,15557,14439,251,14690,107
2021-12-30,Nevada,057,99092,10700,10299,385,10684,110
2021-12-30,Orange,059,3164182,365261,339526,22358,361884,5890
2021-12-30,Placer,061,380077,42711,40857,4424,45281,489
2021-12-30,Plumas,063,18699,2062,1994,55,2049,12
2021-12-30,Riverside,065,2383286,417067,397124,18450,415574,5501
2021-12-30,Sacramento,067,1510023,181716,173562,6202,179764,2448
2021-12-30,San Benito,069,59416,8697,8320,205,8525,79
2021-12-30,San Bernardino,071,2135413,410732,386278,13508,399786,6051
2021-12-30,San Diego,073,3302833,464827,427087,27499,454586,4469
2021-12-30,San Francisco,075,870044,71223,64498,3118,67616,682
2021-12-30,San Joaquin,077,732212,110655,106640,6047,112687,1902
2021-12-30,San Luis Obispo,079,281455,34028,32342,1572,33914,365
2021-12-30,San Mateo,081,765935,68420,60504,1561,62065,581
2021-12-30,Santa Barbara,083,443738,52118,49555,1812,51367,568
2021-12-30,Santa Clara,085,1922200,176734,164547,2599,167146,1969
2021-12-30,Santa Cruz,087,273765,24260,22980,1207,24187,228
2021-12-30,Shasta,089,179085,23500,23161,3805,26966,435
2021-12-30,Sierra,091,2930,216,206,21,227,0
2021-12-30,Siskiyou,093,43540,3565,3474,1421,4895,61
2021-12-30,Solano,095,438530,51915,48957,1652,50609,379
2021-12-30,Sonoma,097,501317,48828,46040,772,46812,410
2021-12-30,Stanislaus,099,539301,85674,84367,9793,94160,1332
2021-12-30,Sutter,101,95872,14932,14741,436,15177,193
2021-12-30,Tehama,103,63373,9102,8944,1595,10539,139
2021-12-30,Trinity,105,12862,921,832,222,1054,17
2021-12-30,Tulare,107,460477,73869,71941,17274,89215,1160
2021-12-30,Tuolumne,109,53932,8258,8044,124,8168,91
2021-12-30,Ventura,111,848112,116018,107992,5729,113721,1211
2021-12-30,Yolo,113,214977,23059,21747,1360,23107,270
2021-12-30,Yuba,115,75493,11087,10844,422,11266,99
2021-12-29,Alameda,001,1643700,141329,131586,3773,135359,1529
2021-12-29,Alpine,003,1148,110,113,0,113,0
2021-12-29,Amador,005,37829,6011,5905,82,5987,70
2021-12-29,Butte,007,227075,23123,22353,4310,26663,338
2021-12-29,Calaveras,009,45235,4749,4646,69,4715,93
2021-12-29,Colusa,011,21464,2705,2657,719,3376,21
2021-12-29,Contra Costa,013,1133247,115164,108165,3022,111187,1072
2021-12-29,Del Norte,015,27424,3867,3826,58,3884,43
2021-12-29,El Dorado,017,186661,18298,17489,1923,19412,172
2021-12-29,Fresno,019,978130,153360,149318,13780,163098,2364
2021-12-29,Glenn,021,27897,3726,3653,1085,4738,39
2021-12-29,Humboldt,023,135768,10836,10249,840,11089,119
2021-12-29,Imperial,025,180216,38492,37460,4491,41951,800
2021-12-29,Inyo,027,18085,2849,2703,46,2749,49
2021-12-29,Kern,029,883053,138785,135648,26044,161692,1913
2021-12-29,Kings,031,150075,35019,34216,2113,36329,386
2021-12-29,Lake,033,64148,7167,7048,194,7242,117
2021-12-29,Lassen,035,31185,7138,7085,430,7515,55
2021-12-29,Los Angeles,037,10098052,1690327,1576414,69345,1645759,27349
2021-12-29,Madera,039,155013,25450,24923,2459,27382,320
2021-12-29,Marin,041,260295,21633,20025,898,20923,249
2021-12-29,Mariposa,043,17540,1562,1507,64,1571,6
2021-12-29,Mendocino,045,87422,8665,8386,721,9107,99
2021-12-29,Merced,047,269075,45341,44548,2271,46819,693
2021-12-29,Modoc,049,8938,605,600,210,810,6
2021-12-29,Mono,051,14174,2210,2056,27,2083,4
2021-12-29,Monterey,053,433212,52732,50097,3746,53843,641
2021-12-29,Napa,055,140530,15234,14247,233,14480,107
2021-12-29,Nevada,057,99092,10609,10274,384,10658,110
2021-12-29,Orange,059,3164182,357769,334557,21678,356235,5887
2021-12-29,Placer,061,380077,42223,40545,4349,44894,489
2021-12-29,Plumas,063,18699,2050,1990,55,2045,12
2021-12-29,Riverside,065,2383286,411648,392989,18243,411232,5486
2021-12-29,Sacramento,067,1510023,179385,172145,6044,178189,2437
2021-12-29,San Benito,069,59416,8554,8239,204,8443,79
2021-12-29,San Bernardino,071,2135413,405146,382872,13292,396164,6049
2021-12-29,San Diego,073,3302833,453997,421045,26781,447826,4461
2021-12-29,San Francisco,075,870044,69527,63117,3048,66165,684
2021-12-29,San Joaquin,077,732212,109472,106063,5976,112039,1891
2021-12-29,San Luis Obispo,079,281455,33633,31936,1523,33459,365
2021-12-29,San Mateo,081,765935,66792,59478,1453,60931,581
2021-12-29,Santa Barbara,083,443738,51279,49003,1787,50790,568
2021-12-29,Santa Clara,085,1922200,173531,162008,2468,164476,1962
2021-12-29,Santa Cruz,087,273765,23981,22669,1175,23844,228
2021-12-29,Shasta,089,179085,23425,23083,3793,26876,435
2021-12-29,Sierra,091,2930,215,206,21,227,0
2021-12-29,Siskiyou,093,43540,3553,3472,1410,4882,61
2021-12-29,Solano,095,438530,51210,48562,1599,50161,379
2021-12-29,Sonoma,097,501317,48026,45479,750,46229,410
2021-12-29,Stanislaus,099,539301,85186,84083,9733,93816,1332
2021-12-29,Sutter,101,95872,14863,14688,434,15122,193
2021-12-29,Tehama,103,63373,9077,8914,1583,10497,138
2021-12-29,Trinity,105,12862,919,832,222,1054,17
2021-12-29,Tulare,107,460477,73580,71752,17157,88909,1160
2021-12-29,Tuolumne,109,53932,8205,8012,123,8135,91
2021-12-29,Ventura,111,848112,114081,106974,5551,112525,1207
2021-12-29,Yolo,113,214977,22821,21564,1329,22893,270
2021-12-29,Yuba,115,75493,11026,10808,418,11226,99
2021-12-28,Alameda,001,1643700,138162,130427,3620,134047,1522
2021-12-28,Alpine,003,1148,110,113,0,113,0
2021-12-28,Amador,005,37829,5991,5900,81,5981,70
2021-12-28,Butte,007,227075,22979,22285,4293,26578,338
2021-12-28,Calaveras,009,45235,4731,4641,68,4709,91
2021-12-28,Colusa,011,21464,2699,2653,717,3370,21
2021-12-28,Contra Costa,013,1133247,112862,107160,2907,110067,1072
2021-12-28,Del Norte,015,27424,3861,3815,58,3873,43
2021-12-28,El Dorado,017,186661,18075,17419,1913,19332,172
2021-12-28,Fresno,019,978130,152278,148987,13699,162686,2365
2021-12-28,Glenn,021,27897,3701,3639,1081,4720,39
2021-12-28,Humboldt,023,135768,10715,10198,816,11014,119
2021-12-28,Imperial,025,180216,38196,37223,4390,41613,800
2021-12-28,Inyo,027,18085,2791,2676,45,2721,48
2021-12-28,Kern,029,883053,138064,135346,25694,161040,1909
2021-12-28,Kings,031,150075,34883,34165,2098,36263,386
2021-12-28,Lake,033,64148,7148,7044,189,7233,116
2021-12-28,Lassen,035,31185,7129,7083,430,7513,55
2021-12-28,Los Angeles,037,10098052,1658064,1561791,67700,1629491,27323
2021-12-28,Madera,039,155013,25324,24865,2439,27304,320
2021-12-28,Marin,041,260295,21221,19739,868,20607,249
2021-12-28,Mariposa,043,17540,1551,1499,63,1562,6
2021-12-28,Mendocino,045,87422,8605,8366,713,9079,98
2021-12-28,Merced,047,269075,45101,44434,2259,46693,691
2021-12-28,Modoc,049,8938,605,599,209,808,6
2021-12-28,Mono,051,14174,2187,2045,25,2070,4
2021-12-28,Monterey,053,433212,52355,49973,3673,53646,639
2021-12-28,Napa,055,140530,14916,14131,206,14337,107
2021-12-28,Nevada,057,99092,10518,10250,381,10631,110
2021-12-28,Orange,059,3164182,350117,331279,20941,352220,5882
2021-12-28,Placer,061,380077,41754,40410,4279,44689,489
2021-12-28,Plumas,063,18699,2047,1989,55,2044,12
2021-12-28,Riverside,065,2383286,406408,390343,18000,408343,5470
2021-12-28,Sacramento,067,1510023,177098,171290,5915,177205,2426
2021-12-28,San Benito,069,59416,8410,8170,202,8372,79
2021-12-28,San Bernardino,071,2135413,399251,381316,13071,394387,6047
2021-12-28,San Diego,073,3302833,443305,417383,26225,443608,4450
2021-12-28,San Francisco,075,870044,67906,61745,2990,64735,682
2021-12-28,San Joaquin,077,732212,108417,105572,5932,111504,1884
2021-12-28,San Luis Obispo,079,281455,33167,31759,1507,33266,365
2021-12-28,San Mateo,081,765935,65277,58712,1365,60077,582
2021-12-28,Santa Barbara,083,443738,50634,48493,1767,50260,568
2021-12-28,Santa Clara,085,1922200,170326,160811,2373,163184,1962
2021-12-28,Santa Cruz,087,273765,23608,22513,1137,23650,228
2021-12-28,Shasta,089,179085,23354,23035,3788,26823,434
2021-12-28,Sierra,091,2930,212,206,21,227,0
2021-12-28,Siskiyou,093,43540,3544,3468,1405,4873,60
2021-12-28,Solano,095,438530,50297,48318,1545,49863,378
2021-12-28,Sonoma,097,501317,47166,45086,725,45811,410
2021-12-28,Stanislaus,099,539301,84702,83946,9672,93618,1331
2021-12-28,Sutter,101,95872,14814,14662,431,15093,193
2021-12-28,Tehama,103,63373,9059,8893,1581,10474,138
2021-12-28,Trinity,105,12862,917,831,221,1052,17
2021-12-28,Tulare,107,460477,73301,71630,17042,88672,1156
2021-12-28,Tuolumne,109,53932,8163,8006,123,8129,91
2021-12-28,Ventura,111,848112,111975,105883,5421,111304,1207
2021-12-28,Yolo,113,214977,22487,21320,1280,22600,270
2021-12-28,Yuba,115,75493,10970,10778,415,11193,99
2021-12-27,Alameda,001,1643700,135488,129910,3488,133398,1530
2021-12-27,Alpine,003,1148,110,113,0,113,0
2021-12-27,Amador,005,37829,5963,5891,81,5972,70
2021-12-27,Butte,007,227075,22840,22234,4266,26500,335
2021-12-27,Calaveras,009,45235,4706,4630,67,4697,91
2021-12-27,Colusa,011,21464,2688,2652,711,3363,21
2021-12-27,Contra Costa,013,1133247,110696,106692,2824,109516,1071
2021-12-27,Del Norte,015,27424,3852,3802,57,3859,43
2021-12-27,El Dorado,017,186661,17917,17361,1901,19262,172
2021-12-27,Fresno,019,978130,151319,148826,13617,162443,2364
2021-12-27,Glenn,021,27897,3693,3634,1075,4709,39
2021-12-27,Humboldt,023,135768,10601,10164,794,10958,119
2021-12-27,Imperial,025,180216,37955,37180,4296,41476,800
2021-12-27,Inyo,027,18085,2762,2662,43,2705,48
2021-12-27,Kern,029,883053,137414,135119,25391,160510,1907
2021-12-27,Kings,031,150075,34734,34126,2085,36211,382
2021-12-27,Lake,033,64148,7125,7037,179,7216,116
2021-12-27,Lassen,035,31185,7123,7080,430,7510,55
2021-12-27,Los Angeles,037,10098052,1621722,1554074,65944,1620018,27300
2021-12-27,Madera,039,155013,25205,24840,2420,27260,320
2021-12-27,Marin,041,260295,20833,19601,841,20442,249
2021-12-27,Mariposa,043,17540,1536,1495,63,1558,6
2021-12-27,Mendocino,045,87422,8538,8351,708,9059,98
2021-12-27,Merced,047,269075,44870,44383,2241,46624,690
2021-12-27,Modoc,049,8938,603,599,209,808,6
2021-12-27,Mono,051,14174,2124,2026,25,2051,4
2021-12-27,Monterey,053,433212,52055,49918,3622,53540,639
2021-12-27,Napa,055,140530,14647,14083,197,14280,107
2021-12-27,Nevada,057,99092,10449,10239,373,10612,110
2021-12-27,Orange,059,3164182,342626,329222,20136,349358,5875
2021-12-27,Placer,061,380077,41378,40263,4231,44494,489
2021-12-27,Plumas,063,18699,2045,1988,53,2041,12
2021-12-27,Riverside,065,2383286,401824,389096,17744,406840,5470
2021-12-27,Sacramento,067,1510023,175070,170858,5746,176604,2422
2021-12-27,San Benito,069,59416,8291,8133,198,8331,79
2021-12-27,San Bernardino,071,2135413,393267,380526,12870,393396,6047
2021-12-27,San Diego,073,3302833,433097,414968,25732,440700,4445
2021-12-27,San Francisco,075,870044,66155,60920,2925,63845,682
2021-12-27,San Joaquin,077,732212,107497,105413,5868,111281,1876
2021-12-27,San Luis Obispo,079,281455,32719,31671,1486,33157,365
2021-12-27,San Mateo,081,765935,63752,58397,1266,59663,581
2021-12-27,Santa Barbara,083,443738,49848,48209,1747,49956,568
2021-12-27,Santa Clara,085,1922200,167315,159904,2247,162151,1961
2021-12-27,Santa Cruz,087,273765,23321,22456,1119,23575,228
2021-12-27,Shasta,089,179085,23293,23015,3777,26792,432
2021-12-27,Sierra,091,2930,212,206,21,227,0
2021-12-27,Siskiyou,093,43540,3535,3466,1400,4866,60
2021-12-27,Solano,095,438530,49564,48172,1497,49669,378
2021-12-27,Sonoma,097,501317,46590,44990,707,45697,410
2021-12-27,Stanislaus,099,539301,84248,83833,9631,93464,1331
2021-12-27,Sutter,101,95872,14758,14642,426,15068,191
2021-12-27,Tehama,103,63373,9044,8887,1573,10460,136
2021-12-27,Trinity,105,12862,917,827,221,1048,17
2021-12-27,Tulare,107,460477,73035,71562,16947,88509,1146
2021-12-27,Tuolumne,109,53932,8125,7978,122,8100,91
2021-12-27,Ventura,111,848112,109890,105212,5286,110498,1206
2021-12-27,Yolo,113,214977,22196,21300,1246,22546,270
2021-12-27,Yuba,115,75493,10909,10759,414,11173,98
2021-12-26,Alameda,001,1643700,133373,127221,3416,130637,1525
2021-12-26,Alpine,003,1148,110,113,0,113,0
2021-12-26,Amador,005,37829,5947,5861,79,5940,70
2021-12-26,Butte,007,227075,22686,22087,4235,26322,330
2021-12-26,Calaveras,009,45235,4684,4591,67,4658,91
2021-12-26,Colusa,011,21464,2677,2647,705,3352,21
2021-12-26,Contra Costa,013,1133247,108935,105022,2725,107747,1071
2021-12-26,Del Norte,015,27424,3847,3795,57,3852,43
2021-12-26,El Dorado,017,186661,17763,17188,1893,19081,172
2021-12-26,Fresno,019,978130,150614,148027,13537,161564,2358
2021-12-26,Glenn,021,27897,3681,3611,1061,4672,39
2021-12-26,Humboldt,023,135768,10458,10052,771,10823,119
2021-12-26,Imperial,025,180216,37653,36878,4206,41084,800
2021-12-26,Inyo,027,18085,2738,2636,40,2676,47
2021-12-26,Kern,029,883053,136689,134591,25136,159727,1908
2021-12-26,Kings,031,150075,34581,34009,2079,36088,379
2021-12-26,Lake,033,64148,7103,7019,176,7195,116
2021-12-26,Lassen,035,31185,7117,7072,429,7501,55
2021-12-26,Los Angeles,037,10098052,1591847,1515469,64146,1579615,27257
2021-12-26,Madera,039,155013,25086,24741,2404,27145,320
2021-12-26,Marin,041,260295,20454,19085,782,19867,249
2021-12-26,Mariposa,043,17540,1530,1480,63,1543,6
2021-12-26,Mendocino,045,87422,8487,8314,706,9020,98
2021-12-26,Merced,047,269075,44619,44208,2227,46435,690
2021-12-26,Modoc,049,8938,602,597,207,804,6
2021-12-26,Mono,051,14174,2098,2000,25,2025,4
2021-12-26,Monterey,053,433212,51774,49709,3573,53282,638
2021-12-26,Napa,055,140530,14410,13809,192,14001,107
2021-12-26,Nevada,057,99092,10389,10153,366,10519,110
2021-12-26,Orange,059,3164182,336278,322991,19340,342331,5863
2021-12-26,Placer,061,380077,41028,39852,4161,44013,489
2021-12-26,Plumas,063,18699,2037,1987,52,2039,12
2021-12-26,Riverside,065,2383286,397639,384567,17575,402142,5470
2021-12-26,Sacramento,067,1510023,173344,169144,5600,174744,2418
2021-12-26,San Benito,069,59416,8202,7991,194,8185,79
2021-12-26,San Bernardino,071,2135413,388410,376052,12693,388745,6043
2021-12-26,San Diego,073,3302833,424103,406616,25238,431854,4442
2021-12-26,San Francisco,075,870044,64575,58229,2863,61092,682
2021-12-26,San Joaquin,077,732212,106682,104590,5815,110405,1872
2021-12-26,San Luis Obispo,079,281455,32272,31290,1468,32758,365
2021-12-26,San Mateo,081,765935,62348,56973,1219,58192,581
2021-12-26,Santa Barbara,083,443738,49171,47553,1717,49270,567
2021-12-26,Santa Clara,085,1922200,164593,156872,2113,158985,1967
2021-12-26,Santa Cruz,087,273765,23037,22176,1105,23281,228
2021-12-26,Shasta,089,179085,23211,22959,3765,26724,432
2021-12-26,Sierra,091,2930,212,202,21,223,0
2021-12-26,Siskiyou,093,43540,3527,3460,1391,4851,60
2021-12-26,Solano,095,438530,49062,47646,1459,49105,377
2021-12-26,Sonoma,097,501317,46094,44358,675,45033,408
2021-12-26,Stanislaus,099,539301,83874,83368,9589,92957,1331
2021-12-26,Sutter,101,95872,14693,14533,423,14956,191
2021-12-26,Tehama,103,63373,9011,8861,1569,10430,136
2021-12-26,Trinity,105,12862,917,826,220,1046,17
2021-12-26,Tulare,107,460477,72785,71292,16841,88133,1137
2021-12-26,Tuolumne,109,53932,8088,7919,122,8041,91
2021-12-26,Ventura,111,848112,108056,103498,5139,108637,1206
2021-12-26,Yolo,113,214977,21911,21084,1207,22291,270
2021-12-26,Yuba,115,75493,10858,10694,412,11106,98
2021-12-25,Alameda,001,1643700,132286,127221,3352,130573,1525
2021-12-25,Alpine,003,1148,110,113,0,113,0
2021-12-25,Amador,005,37829,5928,5861,79,5940,70
2021-12-25,Butte,007,227075,22588,22087,4218,26305,330
2021-12-25,Calaveras,009,45235,4655,4591,66,4657,91
2021-12-25,Colusa,011,21464,2672,2647,699,3346,21
2021-12-25,Contra Costa,013,1133247,108113,105022,2671,107693,1071
2021-12-25,Del Norte,015,27424,3840,3795,56,3851,43
2021-12-25,El Dorado,017,186661,17710,17188,1882,19070,172
2021-12-25,Fresno,019,978130,150299,148027,13489,161516,2358
2021-12-25,Glenn,021,27897,3670,3611,1057,4668,39
2021-12-25,Humboldt,023,135768,10376,10052,764,10816,119
2021-12-25,Imperial,025,180216,37531,36878,4184,41062,800
2021-12-25,Inyo,027,18085,2718,2636,40,2676,47
2021-12-25,Kern,029,883053,136342,134591,25010,159601,1908
2021-12-25,Kings,031,150075,34491,34009,2072,36081,379
2021-12-25,Lake,033,64148,7091,7019,174,7193,116
2021-12-25,Lassen,035,31185,7115,7072,429,7501,55
2021-12-25,Los Angeles,037,10098052,1579022,1515469,62805,1578274,27257
2021-12-25,Madera,039,155013,25036,24741,2398,27139,320
2021-12-25,Marin,041,260295,20112,19085,733,19818,249
2021-12-25,Mariposa,043,17540,1524,1480,63,1543,6
2021-12-25,Mendocino,045,87422,8449,8314,706,9020,98
2021-12-25,Merced,047,269075,44517,44208,2225,46433,690
2021-12-25,Modoc,049,8938,602,597,207,804,6
2021-12-25,Mono,051,14174,2081,2000,25,2025,4
2021-12-25,Monterey,053,433212,51607,49709,3538,53247,638
2021-12-25,Napa,055,140530,14295,13809,184,13993,107
2021-12-25,Nevada,057,99092,10360,10153,366,10519,110
2021-12-25,Orange,059,3164182,333398,322991,18769,341760,5863
2021-12-25,Placer,061,380077,40844,39852,4127,43979,489
2021-12-25,Plumas,063,18699,2035,1987,52,2039,12
2021-12-25,Riverside,065,2383286,395357,384567,17456,402023,5470
2021-12-25,Sacramento,067,1510023,172528,169144,5495,174639,2418
2021-12-25,San Benito,069,59416,8137,7991,194,8185,79
2021-12-25,San Bernardino,071,2135413,386173,376052,12560,388612,6043
2021-12-25,San Diego,073,3302833,420036,406616,24968,431584,4442
2021-12-25,San Francisco,075,870044,63544,58229,2827,61056,682
2021-12-25,San Joaquin,077,732212,106345,104590,5783,110373,1872
2021-12-25,San Luis Obispo,079,281455,32119,31290,1459,32749,365
2021-12-25,San Mateo,081,765935,61315,56973,1176,58149,581
2021-12-25,Santa Barbara,083,443738,48807,47553,1705,49258,567
2021-12-25,Santa Clara,085,1922200,163105,156872,2046,158918,1967
2021-12-25,Santa Cruz,087,273765,22877,22176,1099,23275,228
2021-12-25,Shasta,089,179085,23178,22959,3759,26718,432
2021-12-25,Sierra,091,2930,212,202,21,223,0
2021-12-25,Siskiyou,093,43540,3524,3460,1385,4845,60
2021-12-25,Solano,095,438530,48937,47646,1441,49087,377
2021-12-25,Sonoma,097,501317,45708,44358,649,45007,408
2021-12-25,Stanislaus,099,539301,83660,83368,9563,92931,1331
2021-12-25,Sutter,101,95872,14652,14533,421,14954,191
2021-12-25,Tehama,103,63373,8991,8861,1565,10426,136
2021-12-25,Trinity,105,12862,916,826,220,1046,17
2021-12-25,Tulare,107,460477,72651,71292,16763,88055,1137
2021-12-25,Tuolumne,109,53932,8057,7919,122,8041,91
2021-12-25,Ventura,111,848112,106883,103498,5033,108531,1206
2021-12-25,Yolo,113,214977,21801,21084,1186,22270,270
2021-12-25,Yuba,115,75493,10831,10694,411,11105,98
2021-12-24,Alameda,001,1643700,131659,127221,3336,130557,1525
2021-12-24,Alpine,003,1148,110,113,0,113,0
2021-12-24,Amador,005,37829,5920,5861,78,5939,70
2021-12-24,Butte,007,227075,22531,22087,4201,26288,330
2021-12-24,Calaveras,009,45235,4649,4591,66,4657,91
2021-12-24,Colusa,011,21464,2670,2647,698,3345,21
2021-12-24,Contra Costa,013,1133247,107795,105022,2638,107660,1071
2021-12-24,Del Norte,015,27424,3833,3795,56,3851,43
2021-12-24,El Dorado,017,186661,17655,17188,1877,19065,172
2021-12-24,Fresno,019,978130,150133,148027,13476,161503,2358
2021-12-24,Glenn,021,27897,3669,3611,1057,4668,39
2021-12-24,Humboldt,023,135768,10321,10052,759,10811,119
2021-12-24,Imperial,025,180216,37448,36878,4180,41058,800
2021-12-24,Inyo,027,18085,2698,2636,40,2676,47
2021-12-24,Kern,029,883053,136219,134591,24968,159559,1908
2021-12-24,Kings,031,150075,34422,34009,2071,36080,379
2021-12-24,Lake,033,64148,7087,7019,174,7193,116
2021-12-24,Lassen,035,31185,7112,7072,429,7501,55
2021-12-24,Los Angeles,037,10098052,1574145,1515469,62278,1577747,27257
2021-12-24,Madera,039,155013,25001,24741,2393,27134,320
2021-12-24,Marin,041,260295,19966,19085,702,19787,249
2021-12-24,Mariposa,043,17540,1522,1480,63,1543,6
2021-12-24,Mendocino,045,87422,8432,8314,706,9020,98
2021-12-24,Merced,047,269075,44467,44208,2223,46431,690
2021-12-24,Modoc,049,8938,602,597,207,804,6
2021-12-24,Mono,051,14174,2068,2000,25,2025,4
2021-12-24,Monterey,053,433212,51510,49709,3512,53221,638
2021-12-24,Napa,055,140530,14230,13809,180,13989,107
2021-12-24,Nevada,057,99092,10334,10153,364,10517,110
2021-12-24,Orange,059,3164182,332333,322991,18609,341600,5863
2021-12-24,Placer,061,380077,40723,39852,4111,43963,489
2021-12-24,Plumas,063,18699,2034,1987,52,2039,12
2021-12-24,Riverside,065,2383286,394360,384567,17366,401933,5470
2021-12-24,Sacramento,067,1510023,172212,169144,5460,174604,2418
2021-12-24,San Benito,069,59416,8128,7991,193,8184,79
2021-12-24,San Bernardino,071,2135413,385029,376052,12487,388539,6043
2021-12-24,San Diego,073,3302833,418913,406616,24841,431457,4442
2021-12-24,San Francisco,075,870044,63037,58229,2810,61039,682
2021-12-24,San Joaquin,077,732212,106150,104590,5775,110365,1872
2021-12-24,San Luis Obispo,079,281455,32057,31290,1449,32739,365
2021-12-24,San Mateo,081,765935,60882,56973,1153,58126,581
2021-12-24,Santa Barbara,083,443738,48602,47553,1698,49251,567
2021-12-24,Santa Clara,085,1922200,162278,156872,2012,158884,1967
2021-12-24,Santa Cruz,087,273765,22794,22176,1096,23272,228
2021-12-24,Shasta,089,179085,23144,22959,3755,26714,432
2021-12-24,Sierra,091,2930,211,202,21,223,0
2021-12-24,Siskiyou,093,43540,3519,3460,1381,4841,60
2021-12-24,Solano,095,438530,48885,47646,1439,49085,377
2021-12-24,Sonoma,097,501317,45542,44358,641,44999,408
2021-12-24,Stanislaus,099,539301,83549,83368,9540,92908,1331
2021-12-24,Sutter,101,95872,14632,14533,418,14951,191
2021-12-24,Tehama,103,63373,8982,8861,1562,10423,136
2021-12-24,Trinity,105,12862,914,826,220,1046,17
2021-12-24,Tulare,107,460477,72583,71292,16721,88013,1137
2021-12-24,Tuolumne,109,53932,8032,7919,122,8041,91
2021-12-24,Ventura,111,848112,106436,103498,4977,108475,1206
2021-12-24,Yolo,113,214977,21727,21084,1168,22252,270
2021-12-24,Yuba,115,75493,10808,10694,410,11104,98
2021-12-23,Alameda,001,1643700,130927,127221,3301,130522,1525
2021-12-23,Alpine,003,1148,110,113,0,113,0
2021-12-23,Amador,005,37829,5908,5861,76,5937,70
2021-12-23,Butte,007,227075,22478,22087,4190,26277,330
2021-12-23,Calaveras,009,45235,4638,4591,66,4657,91
2021-12-23,Colusa,011,21464,2664,2647,694,3341,21
2021-12-23,Contra Costa,013,1133247,107365,105022,2595,107617,1071
2021-12-23,Del Norte,015,27424,3830,3795,56,3851,43
2021-12-23,El Dorado,017,186661,17591,17188,1871,19059,172
2021-12-23,Fresno,019,978130,149928,148027,13457,161484,2358
2021-12-23,Glenn,021,27897,3665,3611,1057,4668,39
2021-12-23,Humboldt,023,135768,10268,10052,756,10808,119
2021-12-23,Imperial,025,180216,37374,36878,4153,41031,800
2021-12-23,Inyo,027,18085,2685,2636,40,2676,47
2021-12-23,Kern,029,883053,136069,134591,24872,159463,1908
2021-12-23,Kings,031,150075,34381,34009,2070,36079,379
2021-12-23,Lake,033,64148,7075,7019,172,7191,116
2021-12-23,Lassen,035,31185,7111,7072,429,7501,55
2021-12-23,Los Angeles,037,10098052,1564587,1515469,61200,1576669,27257
2021-12-23,Madera,039,155013,24968,24741,2389,27130,320
2021-12-23,Marin,041,260295,19832,19085,685,19770,249
2021-12-23,Mariposa,043,17540,1517,1480,63,1543,6
2021-12-23,Mendocino,045,87422,8423,8314,706,9020,98
2021-12-23,Merced,047,269075,44418,44208,2221,46429,690
2021-12-23,Modoc,049,8938,602,597,207,804,6
2021-12-23,Mono,051,14174,2047,2000,24,2024,4
2021-12-23,Monterey,053,433212,51388,49709,3491,53200,638
2021-12-23,Napa,055,140530,14151,13809,175,13984,107
2021-12-23,Nevada,057,99092,10310,10153,363,10516,110
2021-12-23,Orange,059,3164182,330645,322991,18279,341270,5863
2021-12-23,Placer,061,380077,40600,39852,4095,43947,489
2021-12-23,Plumas,063,18699,2034,1987,52,2039,12
2021-12-23,Riverside,065,2383286,393142,384567,17297,401864,5470
2021-12-23,Sacramento,067,1510023,171755,169144,5413,174557,2418
2021-12-23,San Benito,069,59416,8109,7991,191,8182,79
2021-12-23,San Bernardino,071,2135413,383841,376052,12382,388434,6043
2021-12-23,San Diego,073,3302833,417062,406616,24643,431259,4442
2021-12-23,San Francisco,075,870044,62307,58229,2782,61011,682
2021-12-23,San Joaquin,077,732212,105932,104590,5762,110352,1872
2021-12-23,San Luis Obispo,079,281455,31985,31290,1445,32735,365
2021-12-23,San Mateo,081,765935,60320,56973,1133,58106,581
2021-12-23,Santa Barbara,083,443738,48403,47553,1696,49249,567
2021-12-23,Santa Clara,085,1922200,161372,156872,1953,158825,1967
2021-12-23,Santa Cruz,087,273765,22679,22176,1084,23260,228
2021-12-23,Shasta,089,179085,23113,22959,3752,26711,432
2021-12-23,Sierra,091,2930,208,202,21,223,0
2021-12-23,Siskiyou,093,43540,3519,3460,1379,4839,60
2021-12-23,Solano,095,438530,48777,47646,1423,49069,377
2021-12-23,Sonoma,097,501317,45365,44358,640,44998,408
2021-12-23,Stanislaus,099,539301,83420,83368,9520,92888,1331
2021-12-23,Sutter,101,95872,14615,14533,417,14950,191
2021-12-23,Tehama,103,63373,8970,8861,1558,10419,136
2021-12-23,Trinity,105,12862,914,826,220,1046,17
2021-12-23,Tulare,107,460477,72508,71292,16678,87970,1137
2021-12-23,Tuolumne,109,53932,8014,7919,121,8040,91
2021-12-23,Ventura,111,848112,105901,103498,4911,108409,1206
2021-12-23,Yolo,113,214977,21655,21084,1150,22234,270
2021-12-23,Yuba,115,75493,10795,10694,410,11104,98
2021-12-22,Alameda,001,1643700,129970,126533,3218,129751,1522
2021-12-22,Alpine,003,1148,110,112,0,112,0
2021-12-22,Amador,005,37829,5895,5850,75,5925,70
2021-12-22,Butte,007,227075,22426,22070,4176,26246,330
2021-12-22,Calaveras,009,45235,4629,4580,66,4646,91
2021-12-22,Colusa,011,21464,2664,2645,691,3336,21
2021-12-22,Contra Costa,013,1133247,106727,104559,2551,107110,1070
2021-12-22,Del Norte,015,27424,3830,3794,56,3850,43
2021-12-22,El Dorado,017,186661,17529,17140,1862,19002,172
2021-12-22,Fresno,019,978130,149650,147838,13425,161263,2349
2021-12-22,Glenn,021,27897,3660,3604,1057,4661,39
2021-12-22,Humboldt,023,135768,10206,10022,751,10773,119
2021-12-22,Imperial,025,180216,37288,36755,4116,40871,798
2021-12-22,Inyo,027,18085,2667,2632,40,2672,47
2021-12-22,Kern,029,883053,135834,134433,24790,159223,1900
2021-12-22,Kings,031,150075,34331,33953,2063,36016,376
2021-12-22,Lake,033,64148,7068,7008,170,7178,116
2021-12-22,Lassen,035,31185,7106,7069,428,7497,55
2021-12-22,Los Angeles,037,10098052,1551037,1507110,60039,1567149,27234
2021-12-22,Madera,039,155013,24930,24702,2385,27087,320
2021-12-22,Marin,041,260295,19611,18927,662,19589,249
2021-12-22,Mariposa,043,17540,1510,1480,63,1543,6
2021-12-22,Mendocino,045,87422,8414,8299,706,9005,99
2021-12-22,Merced,047,269075,44347,44137,2218,46355,689
2021-12-22,Modoc,049,8938,602,595,207,802,6
2021-12-22,Mono,051,14174,2043,1979,24,2003,4
2021-12-22,Monterey,053,433212,51232,49650,3474,53124,639
2021-12-22,Napa,055,140530,14024,13746,165,13911,107
2021-12-22,Nevada,057,99092,10282,10101,358,10459,110
2021-12-22,Orange,059,3164182,328342,321765,17851,339616,5858
2021-12-22,Placer,061,380077,40418,39758,4058,43816,489
2021-12-22,Plumas,063,18699,2030,1986,52,2038,12
2021-12-22,Riverside,065,2383286,391312,383319,17184,400503,5472
2021-12-22,Sacramento,067,1510023,171096,168695,5353,174048,2422
2021-12-22,San Benito,069,59416,8057,7971,189,8160,79
2021-12-22,San Bernardino,071,2135413,382117,375044,12297,387341,6039
2021-12-22,San Diego,073,3302833,412944,404269,24314,428583,4434
2021-12-22,San Francisco,075,870044,61321,57520,2740,60260,682
2021-12-22,San Joaquin,077,732212,105662,104385,5748,110133,1870
2021-12-22,San Luis Obispo,079,281455,31844,31175,1425,32600,365
2021-12-22,San Mateo,081,765935,59637,56604,1103,57707,581
2021-12-22,Santa Barbara,083,443738,48146,47372,1680,49052,566
2021-12-22,Santa Clara,085,1922200,160246,156258,1912,158170,1954
2021-12-22,Santa Cruz,087,273765,22572,22075,1079,23154,228
2021-12-22,Shasta,089,179085,23084,22937,3747,26684,432
2021-12-22,Sierra,091,2930,208,202,21,223,0
2021-12-22,Siskiyou,093,43540,3516,3458,1376,4834,59
2021-12-22,Solano,095,438530,48548,47531,1410,48941,375
2021-12-22,Sonoma,097,501317,45090,44201,629,44830,408
2021-12-22,Stanislaus,099,539301,83279,83245,9500,92745,1331
2021-12-22,Sutter,101,95872,14579,14513,414,14927,191
2021-12-22,Tehama,103,63373,8957,8853,1554,10407,136
2021-12-22,Trinity,105,12862,914,826,220,1046,17
2021-12-22,Tulare,107,460477,72409,71226,16630,87856,1137
2021-12-22,Tuolumne,109,53932,7993,7903,121,8024,91
2021-12-22,Ventura,111,848112,105295,103089,4806,107895,1206
2021-12-22,Yolo,113,214977,21579,21012,1136,22148,270
2021-12-22,Yuba,115,75493,10778,10681,410,11091,98
2021-12-21,Alameda,001,1643700,128946,126007,3163,129170,1518
2021-12-21,Alpine,003,1148,110,112,0,112,0
2021-12-21,Amador,005,37829,5885,5845,75,5920,70
2021-12-21,Butte,007,227075,22362,22041,4162,26203,330
2021-12-21,Calaveras,009,45235,4616,4575,66,4641,91
2021-12-21,Colusa,011,21464,2662,2643,690,3333,21
2021-12-21,Contra Costa,013,1133247,106098,104255,2486,106741,1068
2021-12-21,Del Norte,015,27424,3829,3793,56,3849,43
2021-12-21,El Dorado,017,186661,17462,17098,1850,18948,172
2021-12-21,Fresno,019,978130,149362,147707,13390,161097,2341
2021-12-21,Glenn,021,27897,3646,3602,1057,4659,39
2021-12-21,Humboldt,023,135768,10142,9989,746,10735,118
2021-12-21,Imperial,025,180216,37190,36580,4075,40655,792
2021-12-21,Inyo,027,18085,2656,2627,40,2667,47
2021-12-21,Kern,029,883053,135625,134321,24685,159006,1892
2021-12-21,Kings,031,150075,34271,33914,2062,35976,376
2021-12-21,Lake,033,64148,7063,7004,168,7172,116
2021-12-21,Lassen,035,31185,7104,7069,428,7497,55
2021-12-21,Los Angeles,037,10098052,1537132,1501169,59018,1560187,27220
2021-12-21,Madera,039,155013,24893,24688,2378,27066,320
2021-12-21,Marin,041,260295,19441,18828,627,19455,249
2021-12-21,Mariposa,043,17540,1509,1480,62,1542,6
2021-12-21,Mendocino,045,87422,8398,8282,704,8986,97
2021-12-21,Merced,047,269075,44275,44096,2214,46310,688
2021-12-21,Modoc,049,8938,600,595,205,800,6
2021-12-21,Mono,051,14174,2024,1979,24,2003,4
2021-12-21,Monterey,053,433212,51141,49586,3457,53043,638
2021-12-21,Napa,055,140530,13923,13703,154,13857,107
2021-12-21,Nevada,057,99092,10253,10095,358,10453,110
2021-12-21,Orange,059,3164182,326205,320705,17403,338108,5855
2021-12-21,Placer,061,380077,40277,39649,4029,43678,487
2021-12-21,Plumas,063,18699,2030,1975,52,2027,12
2021-12-21,Riverside,065,2383286,389585,382415,17065,399480,5465
2021-12-21,Sacramento,067,1510023,170446,168422,5298,173720,2419
2021-12-21,San Benito,069,59416,8018,7950,186,8136,79
2021-12-21,San Bernardino,071,2135413,380443,374219,12185,386404,6026
2021-12-21,San Diego,073,3302833,409214,402386,23976,426362,4424
2021-12-21,San Francisco,075,870044,60360,56950,2707,59657,681
2021-12-21,San Joaquin,077,732212,105376,104238,5729,109967,1870
2021-12-21,San Luis Obispo,079,281455,31680,31103,1413,32516,365
2021-12-21,San Mateo,081,765935,59020,56381,1080,57461,581
2021-12-21,Santa Barbara,083,443738,47918,47194,1665,48859,564
2021-12-21,Santa Clara,085,1922200,159221,155769,1870,157639,1951
2021-12-21,Santa Cruz,087,273765,22455,22028,1069,23097,228
2021-12-21,Shasta,089,179085,23053,22920,3743,26663,429
2021-12-21,Sierra,091,2930,206,201,21,222,0
2021-12-21,Siskiyou,093,43540,3515,3455,1376,4831,59
2021-12-21,Solano,095,438530,48394,47474,1403,48877,372
2021-12-21,Sonoma,097,501317,44867,44051,619,44670,408
2021-12-21,Stanislaus,099,539301,83124,83167,9469,92636,1331
2021-12-21,Sutter,101,95872,14556,14492,413,14905,190
2021-12-21,Tehama,103,63373,8949,8849,1549,10398,136
2021-12-21,Trinity,105,12862,913,826,220,1046,17
2021-12-21,Tulare,107,460477,72315,71166,16589,87755,1137
2021-12-21,Tuolumne,109,53932,7969,7893,121,8014,91
2021-12-21,Ventura,111,848112,104677,102631,4693,107324,1205
2021-12-21,Yolo,113,214977,21471,20944,1132,22076,267
2021-12-21,Yuba,115,75493,10761,10668,410,11078,98
2021-12-20,Alameda,001,1643700,127983,125762,3094,128856,1515
2021-12-20,Alpine,003,1148,110,112,0,112,0
2021-12-20,Amador,005,37829,5871,5838,75,5913,70
2021-12-20,Butte,007,227075,22300,22030,4148,26178,329
2021-12-20,Calaveras,009,45235,4606,4569,66,4635,91
2021-12-20,Colusa,011,21464,2661,2644,690,3334,21
2021-12-20,Contra Costa,013,1133247,105565,104051,2438,106489,1068
2021-12-20,Del Norte,015,27424,3827,3792,56,3848,43
2021-12-20,El Dorado,017,186661,17401,17083,1842,18925,172
2021-12-20,Fresno,019,978130,149120,147605,13360,160965,2341
2021-12-20,Glenn,021,27897,3640,3597,1057,4654,39
2021-12-20,Humboldt,023,135768,10100,9973,742,10715,118
2021-12-20,Imperial,025,180216,37074,36532,4045,40577,792
2021-12-20,Inyo,027,18085,2653,2615,40,2655,47
2021-12-20,Kern,029,883053,135426,134203,24625,158828,1883
2021-12-20,Kings,031,150075,34229,33898,2061,35959,376
2021-12-20,Lake,033,64148,7058,6999,168,7167,116
2021-12-20,Lassen,035,31185,7102,7065,427,7492,55
2021-12-20,Los Angeles,037,10098052,1525645,1495251,58290,1553541,27188
2021-12-20,Madera,039,155013,24864,24668,2374,27042,313
2021-12-20,Marin,041,260295,19226,18747,609,19356,249
2021-12-20,Mariposa,043,17540,1500,1479,62,1541,6
2021-12-20,Mendocino,045,87422,8386,8264,702,8966,96
2021-12-20,Merced,047,269075,44218,44071,2209,46280,687
2021-12-20,Modoc,049,8938,600,595,202,797,6
2021-12-20,Mono,051,14174,2001,1973,24,1997,4
2021-12-20,Monterey,053,433212,51045,49556,3437,52993,636
2021-12-20,Napa,055,140530,13838,13672,144,13816,107
2021-12-20,Nevada,057,99092,10213,10079,357,10436,109
2021-12-20,Orange,059,3164182,324594,320235,17089,337324,5852
2021-12-20,Placer,061,380077,40147,39579,3999,43578,485
2021-12-20,Plumas,063,18699,2027,1971,50,2021,12
2021-12-20,Riverside,065,2383286,388138,381841,16976,398817,5452
2021-12-20,Sacramento,067,1510023,169875,168153,5258,173411,2414
2021-12-20,San Benito,069,59416,7974,7934,184,8118,79
2021-12-20,San Bernardino,071,2135413,378909,373881,12100,385981,6023
2021-12-20,San Diego,073,3302833,405999,401483,23736,425219,4412
2021-12-20,San Francisco,075,870044,59300,56661,2650,59311,681
2021-12-20,San Joaquin,077,732212,105134,104188,5718,109906,1865
2021-12-20,San Luis Obispo,079,281455,31566,31075,1405,32480,365
2021-12-20,San Mateo,081,765935,58472,56247,1061,57308,581
2021-12-20,Santa Barbara,083,443738,47706,47131,1660,48791,562
2021-12-20,Santa Clara,085,1922200,158260,155427,1821,157248,1950
2021-12-20,Santa Cruz,087,273765,22375,21989,1064,23053,227
2021-12-20,Shasta,089,179085,23032,22888,3738,26626,429
2021-12-20,Sierra,091,2930,205,201,21,222,0
2021-12-20,Siskiyou,093,43540,3514,3453,1374,4827,59
2021-12-20,Solano,095,438530,48266,47394,1395,48789,370
2021-12-20,Sonoma,097,501317,44677,43982,611,44593,408
2021-12-20,Stanislaus,099,539301,82998,83110,9440,92550,1331
2021-12-20,Sutter,101,95872,14533,14480,413,14893,190
2021-12-20,Tehama,103,63373,8941,8840,1546,10386,136
2021-12-20,Trinity,105,12862,913,826,220,1046,17
2021-12-20,Tulare,107,460477,72221,71124,16531,87655,1129
2021-12-20,Tuolumne,109,53932,7955,7867,117,7984,91
2021-12-20,Ventura,111,848112,104170,102452,4617,107069,1203
2021-12-20,Yolo,113,214977,21377,20903,1120,22023,267
2021-12-20,Yuba,115,75493,10745,10656,407,11063,97
2021-12-19,Alameda,001,1643700,127090,125464,3054,128518,1519
2021-12-19,Alpine,003,1148,110,112,0,112,0
2021-12-19,Amador,005,37829,5859,5832,74,5906,70
2021-12-19,Butte,007,227075,22245,22022,4140,26162,329
2021-12-19,Calaveras,009,45235,4590,4563,65,4628,91
2021-12-19,Colusa,011,21464,2661,2643,687,3330,21
2021-12-19,Contra Costa,013,1133247,105074,103906,2404,106310,1068
2021-12-19,Del Norte,015,27424,3823,3797,56,3853,43
2021-12-19,El Dorado,017,186661,17342,17067,1840,18907,172
2021-12-19,Fresno,019,978130,148879,147505,13335,160840,2341
2021-12-19,Glenn,021,27897,3636,3596,1056,4652,39
2021-12-19,Humboldt,023,135768,10057,9957,737,10694,118
2021-12-19,Imperial,025,180216,36945,36501,4002,40503,792
2021-12-19,Inyo,027,18085,2644,2613,40,2653,47
2021-12-19,Kern,029,883053,135227,134136,24557,158693,1883
2021-12-19,Kings,031,150075,34170,33874,2057,35931,378
2021-12-19,Lake,033,64148,7049,6999,165,7164,116
2021-12-19,Lassen,035,31185,7098,7065,427,7492,55
2021-12-19,Los Angeles,037,10098052,1516639,1495082,57691,1552773,27189
2021-12-19,Madera,039,155013,24839,24642,2368,27010,313
2021-12-19,Marin,041,260295,19050,18707,586,19293,249
2021-12-19,Mariposa,043,17540,1494,1475,62,1537,6
2021-12-19,Mendocino,045,87422,8369,8257,699,8956,96
2021-12-19,Merced,047,269075,44123,44045,2202,46247,687
2021-12-19,Modoc,049,8938,599,595,202,797,6
2021-12-19,Mono,051,14174,1990,1968,23,1991,4
2021-12-19,Monterey,053,433212,50944,49516,3416,52932,636
2021-12-19,Napa,055,140530,13765,13659,135,13794,107
2021-12-19,Nevada,057,99092,10177,10057,354,10411,109
2021-12-19,Orange,059,3164182,323183,319615,16862,336477,5852
2021-12-19,Placer,061,380077,40026,39525,3983,43508,485
2021-12-19,Plumas,063,18699,2024,1971,50,2021,12
2021-12-19,Riverside,065,2383286,386693,381305,16901,398206,5452
2021-12-19,Sacramento,067,1510023,169380,167933,5229,173162,2415
2021-12-19,San Benito,069,59416,7949,7929,183,8112,79
2021-12-19,San Bernardino,071,2135413,377578,373480,12062,385542,6023
2021-12-19,San Diego,073,3302833,403522,398197,23540,421737,4406
2021-12-19,San Francisco,075,870044,58420,56358,2594,58952,681
2021-12-19,San Joaquin,077,732212,104876,104125,5704,109829,1865
2021-12-19,San Luis Obispo,079,281455,31442,31035,1394,32429,366
2021-12-19,San Mateo,081,765935,58007,56132,1046,57178,581
2021-12-19,Santa Barbara,083,443738,47483,47070,1653,48723,562
2021-12-19,Santa Clara,085,1922200,157370,155049,1795,156844,1950
2021-12-19,Santa Cruz,087,273765,22276,21960,1059,23019,227
2021-12-19,Shasta,089,179085,22995,22875,3734,26609,429
2021-12-19,Sierra,091,2930,204,201,21,222,0
2021-12-19,Siskiyou,093,43540,3511,3452,1374,4826,59
2021-12-19,Solano,095,438530,48144,47341,1389,48730,370
2021-12-19,Sonoma,097,501317,44493,43944,609,44553,408
2021-12-19,Stanislaus,099,539301,82861,83040,9408,92448,1331
2021-12-19,Sutter,101,95872,14493,14475,412,14887,190
2021-12-19,Tehama,103,63373,8933,8840,1546,10386,136
2021-12-19,Trinity,105,12862,913,826,220,1046,17
2021-12-19,Tulare,107,460477,72128,71085,16489,87574,1129
2021-12-19,Tuolumne,109,53932,7938,7865,116,7981,91
2021-12-19,Ventura,111,848112,103590,102170,4552,106722,1203
2021-12-19,Yolo,113,214977,21295,20887,1102,21989,267
2021-12-19,Yuba,115,75493,10728,10646,405,11051,97
2021-12-18,Alameda,001,1643700,126681,124583,3027,127610,1512
2021-12-18,Alpine,003,1148,110,110,0,110,0
2021-12-18,Amador,005,37829,5853,5821,74,5895,69
2021-12-18,Butte,007,227075,22229,21956,4135,26091,328
2021-12-18,Calaveras,009,45235,4583,4534,65,4599,91
2021-12-18,Colusa,011,21464,2657,2635,685,3320,21
2021-12-18,Contra Costa,013,1133247,104859,103380,2390,105770,1065
2021-12-18,Del Norte,015,27424,3820,3791,56,3847,43
2021-12-18,El Dorado,017,186661,17315,16968,1837,18805,171
2021-12-18,Fresno,019,978130,148776,147038,13322,160360,2335
2021-12-18,Glenn,021,27897,3633,3590,1056,4646,39
2021-12-18,Humboldt,023,135768,10041,9889,737,10626,118
2021-12-18,Imperial,025,180216,36872,36280,3990,40270,790
2021-12-18,Inyo,027,18085,2638,2607,40,2647,47
2021-12-18,Kern,029,883053,135137,133754,24512,158266,1873
2021-12-18,Kings,031,150075,34137,33783,2053,35836,374
2021-12-18,Lake,033,64148,7048,6976,165,7141,115
2021-12-18,Lassen,035,31185,7096,7061,426,7487,55
2021-12-18,Los Angeles,037,10098052,1512543,1484840,57376,1542216,27135
2021-12-18,Madera,039,155013,24824,24575,2366,26941,313
2021-12-18,Marin,041,260295,18950,18537,574,19111,249
2021-12-18,Mariposa,043,17540,1493,1468,62,1530,6
2021-12-18,Mendocino,045,87422,8363,8219,699,8918,95
2021-12-18,Merced,047,269075,44088,43929,2201,46130,686
2021-12-18,Modoc,049,8938,597,595,202,797,6
2021-12-18,Mono,051,14174,1988,1956,23,1979,4
2021-12-18,Monterey,053,433212,50886,49343,3411,52754,635
2021-12-18,Napa,055,140530,13739,13581,133,13714,107
2021-12-18,Nevada,057,99092,10155,9991,352,10343,108
2021-12-18,Orange,059,3164182,322516,318149,16726,334875,5844
2021-12-18,Placer,061,380077,39925,39336,3969,43305,485
2021-12-18,Plumas,063,18699,2024,1964,50,2014,13
2021-12-18,Riverside,065,2383286,385996,379354,16860,396214,5439
2021-12-18,Sacramento,067,1510023,169144,167046,5209,172255,2404
2021-12-18,San Benito,069,59416,7934,7894,183,8077,79
2021-12-18,San Bernardino,071,2135413,376908,371658,12034,383692,6017
2021-12-18,San Diego,073,3302833,402557,397130,23488,420618,4399
2021-12-18,San Francisco,075,870044,57926,55562,2564,58126,679
2021-12-18,San Joaquin,077,732212,104789,103698,5694,109392,1858
2021-12-18,San Luis Obispo,079,281455,31400,30873,1388,32261,365
2021-12-18,San Mateo,081,765935,57767,55730,1041,56771,580
2021-12-18,Santa Barbara,083,443738,47387,46776,1651,48427,562
2021-12-18,Santa Clara,085,1922200,156914,154243,1782,156025,1946
2021-12-18,Santa Cruz,087,273765,22224,21805,1057,22862,225
2021-12-18,Shasta,089,179085,22974,22811,3734,26545,429
2021-12-18,Sierra,091,2930,204,199,21,220,0
2021-12-18,Siskiyou,093,43540,3509,3441,1373,4814,58
2021-12-18,Solano,095,438530,48098,47174,1387,48561,369
2021-12-18,Sonoma,097,501317,44383,43658,605,44263,407
2021-12-18,Stanislaus,099,539301,82779,82736,9396,92132,1330
2021-12-18,Sutter,101,95872,14475,14435,412,14847,190
2021-12-18,Tehama,103,63373,8926,8814,1545,10359,136
2021-12-18,Trinity,105,12862,913,823,220,1043,17
2021-12-18,Tulare,107,460477,72090,70922,16464,87386,1120
2021-12-18,Tuolumne,109,53932,7924,7834,116,7950,91
2021-12-18,Ventura,111,848112,103305,101612,4530,106142,1201
2021-12-18,Yolo,113,214977,21255,20793,1097,21890,267
2021-12-18,Yuba,115,75493,10717,10599,405,11004,96
2021-12-17,Alameda,001,1643700,126339,124583,3008,127591,1512
2021-12-17,Alpine,003,1148,110,110,0,110,0
2021-12-17,Amador,005,37829,5846,5821,74,5895,69
2021-12-17,Butte,007,227075,22208,21956,4128,26084,328
2021-12-17,Calaveras,009,45235,4579,4534,65,4599,91
2021-12-17,Colusa,011,21464,2656,2635,684,3319,21
2021-12-17,Contra Costa,013,1133247,104658,103380,2386,105766,1065
2021-12-17,Del Norte,015,27424,3819,3791,56,3847,43
2021-12-17,El Dorado,017,186661,17287,16968,1834,18802,171
2021-12-17,Fresno,019,978130,148673,147038,13322,160360,2335
2021-12-17,Glenn,021,27897,3626,3590,1056,4646,39
2021-12-17,Humboldt,023,135768,10021,9889,735,10624,118
2021-12-17,Imperial,025,180216,36809,36280,3972,40252,790
2021-12-17,Inyo,027,18085,2633,2607,40,2647,47
2021-12-17,Kern,029,883053,135045,133754,24471,158225,1873
2021-12-17,Kings,031,150075,34118,33783,2053,35836,374
2021-12-17,Lake,033,64148,7044,6976,165,7141,115
2021-12-17,Lassen,035,31185,7096,7061,425,7486,55
2021-12-17,Los Angeles,037,10098052,1508598,1484840,57139,1541979,27135
2021-12-17,Madera,039,155013,24808,24575,2361,26936,313
2021-12-17,Marin,041,260295,18874,18537,570,19107,249
2021-12-17,Mariposa,043,17540,1489,1468,62,1530,6
2021-12-17,Mendocino,045,87422,8352,8219,699,8918,95
2021-12-17,Merced,047,269075,44062,43929,2200,46129,686
2021-12-17,Modoc,049,8938,597,595,202,797,6
2021-12-17,Mono,051,14174,1985,1956,23,1979,4
2021-12-17,Monterey,053,433212,50828,49343,3406,52749,635
2021-12-17,Napa,055,140530,13712,13581,132,13713,107
2021-12-17,Nevada,057,99092,10144,9991,352,10343,108
2021-12-17,Orange,059,3164182,321952,318149,16659,334808,5844
2021-12-17,Placer,061,380077,39870,39336,3963,43299,485
2021-12-17,Plumas,063,18699,2023,1964,50,2014,13
2021-12-17,Riverside,065,2383286,385343,379354,16850,396204,5439
2021-12-17,Sacramento,067,1510023,168911,167046,5196,172242,2404
2021-12-17,San Benito,069,59416,7932,7894,183,8077,79
2021-12-17,San Bernardino,071,2135413,376347,371658,12017,383675,6017
2021-12-17,San Diego,073,3302833,401629,397130,23440,420570,4399
2021-12-17,San Francisco,075,870044,57599,55562,2534,58096,679
2021-12-17,San Joaquin,077,732212,104714,103698,5677,109375,1858
2021-12-17,San Luis Obispo,079,281455,31370,30873,1385,32258,365
2021-12-17,San Mateo,081,765935,57579,55730,1034,56764,580
2021-12-17,Santa Barbara,083,443738,47310,46776,1645,48421,562
2021-12-17,Santa Clara,085,1922200,156540,154243,1768,156011,1946
2021-12-17,Santa Cruz,087,273765,22177,21805,1053,22858,225
2021-12-17,Shasta,089,179085,22962,22811,3732,26543,429
2021-12-17,Sierra,091,2930,203,199,21,220,0
2021-12-17,Siskiyou,093,43540,3505,3441,1371,4812,58
2021-12-17,Solano,095,438530,48030,47174,1383,48557,369
2021-12-17,Sonoma,097,501317,44286,43658,602,44260,407
2021-12-17,Stanislaus,099,539301,82728,82736,9389,92125,1330
2021-12-17,Sutter,101,95872,14463,14435,410,14845,190
2021-12-17,Tehama,103,63373,8919,8814,1544,10358,136
2021-12-17,Trinity,105,12862,913,823,220,1043,17
2021-12-17,Tulare,107,460477,72048,70922,16434,87356,1120
2021-12-17,Tuolumne,109,53932,7912,7834,116,7950,91
2021-12-17,Ventura,111,848112,103055,101612,4518,106130,1201
2021-12-17,Yolo,113,214977,21219,20793,1095,21888,267
2021-12-17,Yuba,115,75493,10706,10599,403,11002,96
2021-12-16,Alameda,001,1643700,125958,124583,2993,127576,1512
2021-12-16,Alpine,003,1148,108,110,0,110,0
2021-12-16,Amador,005,37829,5838,5821,74,5895,69
2021-12-16,Butte,007,227075,22188,21956,4124,26080,328
2021-12-16,Calaveras,009,45235,4572,4534,65,4599,91
2021-12-16,Colusa,011,21464,2656,2635,684,3319,21
2021-12-16,Contra Costa,013,1133247,104436,103380,2376,105756,1065
2021-12-16,Del Norte,015,27424,3816,3791,56,3847,43
2021-12-16,El Dorado,017,186661,17252,16968,1829,18797,171
2021-12-16,Fresno,019,978130,148514,147038,13314,160352,2335
2021-12-16,Glenn,021,27897,3626,3590,1053,4643,39
2021-12-16,Humboldt,023,135768,9997,9889,725,10614,118
2021-12-16,Imperial,025,180216,36725,36280,3944,40224,790
2021-12-16,Inyo,027,18085,2629,2607,39,2646,47
2021-12-16,Kern,029,883053,134901,133754,24422,158176,1873
2021-12-16,Kings,031,150075,34094,33783,2052,35835,374
2021-12-16,Lake,033,64148,7040,6976,165,7141,115
2021-12-16,Lassen,035,31185,7093,7061,424,7485,55
2021-12-16,Los Angeles,037,10098052,1504383,1484840,56876,1541716,27135
2021-12-16,Madera,039,155013,24779,24575,2357,26932,313
2021-12-16,Marin,041,260295,18827,18537,563,19100,249
2021-12-16,Mariposa,043,17540,1487,1468,62,1530,6
2021-12-16,Mendocino,045,87422,8341,8219,694,8913,95
2021-12-16,Merced,047,269075,44023,43929,2199,46128,686
2021-12-16,Modoc,049,8938,597,595,202,797,6
2021-12-16,Mono,051,14174,1982,1956,23,1979,4
2021-12-16,Monterey,053,433212,50757,49343,3389,52732,635
2021-12-16,Napa,055,140530,13680,13581,132,13713,107
2021-12-16,Nevada,057,99092,10118,9991,352,10343,108
2021-12-16,Orange,059,3164182,321340,318149,16579,334728,5844
2021-12-16,Placer,061,380077,39793,39336,3958,43294,485
2021-12-16,Plumas,063,18699,2023,1964,50,2014,13
2021-12-16,Riverside,065,2383286,384538,379354,16836,396190,5439
2021-12-16,Sacramento,067,1510023,168628,167046,5172,172218,2404
2021-12-16,San Benito,069,59416,7925,7894,183,8077,79
2021-12-16,San Bernardino,071,2135413,375681,371658,11997,383655,6017
2021-12-16,San Diego,073,3302833,400460,397130,23374,420504,4399
2021-12-16,San Francisco,075,870044,57220,55562,2512,58074,679
2021-12-16,San Joaquin,077,732212,104591,103698,5670,109368,1858
2021-12-16,San Luis Obispo,079,281455,31300,30873,1379,32252,365
2021-12-16,San Mateo,081,765935,57379,55730,1031,56761,580
2021-12-16,Santa Barbara,083,443738,47189,46776,1641,48417,562
2021-12-16,Santa Clara,085,1922200,156208,154243,1758,156001,1946
2021-12-16,Santa Cruz,087,273765,22131,21805,1052,22857,225
2021-12-16,Shasta,089,179085,22932,22811,3730,26541,429
2021-12-16,Sierra,091,2930,203,199,21,220,0
2021-12-16,Siskiyou,093,43540,3504,3441,1367,4808,58
2021-12-16,Solano,095,438530,47962,47174,1376,48550,369
2021-12-16,Sonoma,097,501317,44187,43658,600,44258,407
2021-12-16,Stanislaus,099,539301,82641,82736,9375,92111,1330
2021-12-16,Sutter,101,95872,14449,14435,409,14844,190
2021-12-16,Tehama,103,63373,8912,8814,1543,10357,136
2021-12-16,Trinity,105,12862,913,823,220,1043,17
2021-12-16,Tulare,107,460477,71999,70922,16409,87331,1120
2021-12-16,Tuolumne,109,53932,7891,7834,116,7950,91
2021-12-16,Ventura,111,848112,102788,101612,4511,106123,1201
2021-12-16,Yolo,113,214977,21168,20793,1090,21883,267
2021-12-16,Yuba,115,75493,10690,10599,402,11001,96
2021-12-15,Alameda,001,1643700,125629,124342,2982,127324,1509
2021-12-15,Alpine,003,1148,108,109,0,109,0
2021-12-15,Amador,005,37829,5832,5810,74,5884,69
2021-12-15,Butte,007,227075,22164,21922,4123,26045,327
2021-12-15,Calaveras,009,45235,4566,4523,65,4588,89
2021-12-15,Colusa,011,21464,2655,2632,683,3315,21
2021-12-15,Contra Costa,013,1133247,104216,103236,2373,105609,1064
2021-12-15,Del Norte,015,27424,3815,3789,55,3844,43
2021-12-15,El Dorado,017,186661,17222,16936,1823,18759,171
2021-12-15,Fresno,019,978130,148387,146859,13300,160159,2319
2021-12-15,Glenn,021,27897,3625,3589,1053,4642,39
2021-12-15,Humboldt,023,135768,9977,9854,724,10578,118
2021-12-15,Imperial,025,180216,36645,36187,3900,40087,789
2021-12-15,Inyo,027,18085,2624,2606,39,2645,47
2021-12-15,Kern,029,883053,134763,133590,24376,157966,1866
2021-12-15,Kings,031,150075,34065,33716,2048,35764,374
2021-12-15,Lake,033,64148,7032,6968,164,7132,115
2021-12-15,Lassen,035,31185,7093,7062,424,7486,55
2021-12-15,Los Angeles,037,10098052,1500477,1482735,56676,1539411,27116
2021-12-15,Madera,039,155013,24761,24549,2351,26900,313
2021-12-15,Marin,041,260295,18768,18514,558,19072,249
2021-12-15,Mariposa,043,17540,1484,1463,62,1525,6
2021-12-15,Mendocino,045,87422,8336,8209,691,8900,95
2021-12-15,Merced,047,269075,43981,43890,2187,46077,685
2021-12-15,Modoc,049,8938,597,595,202,797,6
2021-12-15,Mono,051,14174,1978,1955,23,1978,4
2021-12-15,Monterey,053,433212,50702,49279,3371,52650,635
2021-12-15,Napa,055,140530,13651,13557,130,13687,107
2021-12-15,Nevada,057,99092,10097,9958,352,10310,107
2021-12-15,Orange,059,3164182,320757,317808,16537,334345,5838
2021-12-15,Placer,061,380077,39736,39264,3948,43212,485
2021-12-15,Plumas,063,18699,2019,1957,50,2007,12
2021-12-15,Riverside,065,2383286,383817,378769,16825,395594,5438
2021-12-15,Sacramento,067,1510023,168320,166793,5152,171945,2401
2021-12-15,San Benito,069,59416,7910,7877,183,8060,79
2021-12-15,San Bernardino,071,2135413,375115,371122,11964,383086,6013
2021-12-15,San Diego,073,3302833,399265,396546,23304,419850,4395
2021-12-15,San Francisco,075,870044,56902,55414,2494,57908,679
2021-12-15,San Joaquin,077,732212,104434,103579,5660,109239,1853
2021-12-15,San Luis Obispo,079,281455,31251,30784,1372,32156,365
2021-12-15,San Mateo,081,765935,57236,55657,1021,56678,580
2021-12-15,Santa Barbara,083,443738,47108,46681,1639,48320,562
2021-12-15,Santa Clara,085,1922200,155896,153928,1740,155668,1944
2021-12-15,Santa Cruz,087,273765,22091,21753,1045,22798,225
2021-12-15,Shasta,089,179085,22917,22778,3726,26504,427
2021-12-15,Sierra,091,2930,203,199,21,220,0
2021-12-15,Siskiyou,093,43540,3503,3434,1366,4800,58
2021-12-15,Solano,095,438530,47891,47098,1370,48468,367
2021-12-15,Sonoma,097,501317,44105,43580,595,44175,407
2021-12-15,Stanislaus,099,539301,82533,82628,9367,91995,1298
2021-12-15,Sutter,101,95872,14429,14428,408,14836,189
2021-12-15,Tehama,103,63373,8905,8806,1542,10348,136
2021-12-15,Trinity,105,12862,912,822,220,1042,17
2021-12-15,Tulare,107,460477,71947,70846,16380,87226,1120
2021-12-15,Tuolumne,109,53932,7882,7818,115,7933,91
2021-12-15,Ventura,111,848112,102573,101447,4505,105952,1199
2021-12-15,Yolo,113,214977,21139,20749,1086,21835,267
2021-12-15,Yuba,115,75493,10680,10587,401,10988,96
2021-12-14,Alameda,001,1643700,125296,124272,2970,127242,1506
2021-12-14,Alpine,003,1148,107,109,0,109,0
2021-12-14,Amador,005,37829,5826,5808,73,5881,69
2021-12-14,Butte,007,227075,22131,21901,4121,26022,326
2021-12-14,Calaveras,009,45235,4554,4517,65,4582,89
2021-12-14,Colusa,011,21464,2653,2628,683,3311,21
2021-12-14,Contra Costa,013,1133247,104032,103135,2369,105504,1064
2021-12-14,Del Norte,015,27424,3812,3788,55,3843,43
2021-12-14,El Dorado,017,186661,17187,16915,1821,18736,170
2021-12-14,Fresno,019,978130,148216,146756,13292,160048,2316
2021-12-14,Glenn,021,27897,3624,3589,1053,4642,39
2021-12-14,Humboldt,023,135768,9965,9836,716,10552,118
2021-12-14,Imperial,025,180216,36573,36049,3857,39906,789
2021-12-14,Inyo,027,18085,2623,2601,39,2640,46
2021-12-14,Kern,029,883053,134625,133498,24327,157825,1863
2021-12-14,Kings,031,150075,34028,33693,2045,35738,373
2021-12-14,Lake,033,64148,7023,6961,164,7125,115
2021-12-14,Lassen,035,31185,7092,7061,424,7485,55
2021-12-14,Los Angeles,037,10098052,1496808,1481131,56500,1537631,27099
2021-12-14,Madera,039,155013,24734,24535,2343,26878,313
2021-12-14,Marin,041,260295,18720,18491,556,19047,249
2021-12-14,Mariposa,043,17540,1481,1463,61,1524,6
2021-12-14,Mendocino,045,87422,8308,8206,689,8895,95
2021-12-14,Merced,047,269075,43935,43870,2185,46055,684
2021-12-14,Modoc,049,8938,596,595,202,797,6
2021-12-14,Mono,051,14174,1971,1955,23,1978,4
2021-12-14,Monterey,053,433212,50617,49237,3361,52598,635
2021-12-14,Napa,055,140530,13622,13528,130,13658,107
2021-12-14,Nevada,057,99092,10071,9956,351,10307,106
2021-12-14,Orange,059,3164182,320202,317465,16483,333948,5827
2021-12-14,Placer,061,380077,39661,39221,3943,43164,482
2021-12-14,Plumas,063,18699,2015,1950,48,1998,12
2021-12-14,Riverside,065,2383286,383125,378227,16808,395035,5427
2021-12-14,Sacramento,067,1510023,168010,166605,5129,171734,2394
2021-12-14,San Benito,069,59416,7891,7871,183,8054,79
2021-12-14,San Bernardino,071,2135413,374485,370604,11932,382536,6013
2021-12-14,San Diego,073,3302833,398126,395876,23253,419129,4393
2021-12-14,San Francisco,075,870044,56586,55278,2483,57761,679
2021-12-14,San Joaquin,077,732212,104288,103488,5643,109131,1848
2021-12-14,San Luis Obispo,079,281455,31191,30753,1368,32121,363
2021-12-14,San Mateo,081,765935,57072,55601,1014,56615,580
2021-12-14,Santa Barbara,083,443738,47006,46648,1635,48283,560
2021-12-14,Santa Clara,085,1922200,155573,153814,1727,155541,1945
2021-12-14,Santa Cruz,087,273765,22026,21737,1040,22777,225
2021-12-14,Shasta,089,179085,22890,22756,3725,26481,427
2021-12-14,Sierra,091,2930,201,199,21,220,0
2021-12-14,Siskiyou,093,43540,3498,3430,1365,4795,58
2021-12-14,Solano,095,438530,47844,47065,1364,48429,367
2021-12-14,Sonoma,097,501317,44022,43538,593,44131,407
2021-12-14,Stanislaus,099,539301,82446,82581,9351,91932,1293
2021-12-14,Sutter,101,95872,14417,14421,407,14828,189
2021-12-14,Tehama,103,63373,8901,8805,1542,10347,134
2021-12-14,Trinity,105,12862,912,821,220,1041,17
2021-12-14,Tulare,107,460477,71875,70803,16350,87153,1120
2021-12-14,Tuolumne,109,53932,7869,7815,115,7930,91
2021-12-14,Ventura,111,848112,102349,101343,4498,105841,1199
2021-12-14,Yolo,113,214977,21100,20734,1078,21812,267
2021-12-14,Yuba,115,75493,10663,10574,401,10975,92
2021-12-13,Alameda,001,1643700,125007,124174,2953,127127,1501
2021-12-13,Alpine,003,1148,107,109,0,109,0
2021-12-13,Amador,005,37829,5822,5797,73,5870,69
2021-12-13,Butte,007,227075,22107,21889,4117,26006,326
2021-12-13,Calaveras,009,45235,4547,4507,64,4571,89
2021-12-13,Colusa,011,21464,2650,2627,683,3310,21
2021-12-13,Contra Costa,013,1133247,103879,103041,2358,105399,1064
2021-12-13,Del Norte,015,27424,3808,3787,55,3842,42
2021-12-13,El Dorado,017,186661,17164,16896,1819,18715,170
2021-12-13,Fresno,019,978130,148066,146641,13282,159923,2312
2021-12-13,Glenn,021,27897,3620,3589,1051,4640,37
2021-12-13,Humboldt,023,135768,9936,9821,712,10533,118
2021-12-13,Imperial,025,180216,36489,35974,3836,39810,787
2021-12-13,Inyo,027,18085,2622,2592,39,2631,46
2021-12-13,Kern,029,883053,134499,133381,24274,157655,1863
2021-12-13,Kings,031,150075,33985,33680,2040,35720,372
2021-12-13,Lake,033,64148,7021,6958,162,7120,115
2021-12-13,Lassen,035,31185,7091,7057,424,7481,55
2021-12-13,Los Angeles,037,10098052,1494024,1480195,56339,1536534,27085
2021-12-13,Madera,039,155013,24705,24527,2338,26865,311
2021-12-13,Marin,041,260295,18660,18471,553,19024,249
2021-12-13,Mariposa,043,17540,1479,1462,61,1523,6
2021-12-13,Mendocino,045,87422,8295,8196,687,8883,95
2021-12-13,Merced,047,269075,43895,43848,2181,46029,682
2021-12-13,Modoc,049,8938,595,595,202,797,6
2021-12-13,Mono,051,14174,1964,1952,23,1975,4
2021-12-13,Monterey,053,433212,50565,49222,3342,52564,631
2021-12-13,Napa,055,140530,13609,13518,130,13648,107
2021-12-13,Nevada,057,99092,10052,9946,350,10296,106
2021-12-13,Orange,059,3164182,319732,317112,16431,333543,5824
2021-12-13,Placer,061,380077,39600,39168,3932,43100,481
2021-12-13,Plumas,063,18699,2011,1943,48,1991,12
2021-12-13,Riverside,065,2383286,382544,377728,16793,394521,5414
2021-12-13,Sacramento,067,1510023,167731,166439,5097,171536,2392
2021-12-13,San Benito,069,59416,7882,7856,183,8039,79
2021-12-13,San Bernardino,071,2135413,373904,370274,11924,382198,6011
2021-12-13,San Diego,073,3302833,397321,395266,23200,418466,4389
2021-12-13,San Francisco,075,870044,56316,55245,2470,57715,678
2021-12-13,San Joaquin,077,732212,104172,103449,5634,109083,1846
2021-12-13,San Luis Obispo,079,281455,31141,30746,1364,32110,363
2021-12-13,San Mateo,081,765935,56913,55569,1005,56574,580
2021-12-13,Santa Barbara,083,443738,46918,46608,1630,48238,560
2021-12-13,Santa Clara,085,1922200,155308,153672,1716,155388,1944
2021-12-13,Santa Cruz,087,273765,21971,21698,1037,22735,225
2021-12-13,Shasta,089,179085,22869,22731,3723,26454,426
2021-12-13,Sierra,091,2930,201,199,21,220,0
2021-12-13,Siskiyou,093,43540,3494,3426,1362,4788,57
2021-12-13,Solano,095,438530,47770,47045,1359,48404,365
2021-12-13,Sonoma,097,501317,43926,43492,591,44083,407
2021-12-13,Stanislaus,099,539301,82329,82507,9328,91835,1282
2021-12-13,Sutter,101,95872,14410,14408,407,14815,188
2021-12-13,Tehama,103,63373,8889,8800,1542,10342,134
2021-12-13,Trinity,105,12862,912,820,220,1040,17
2021-12-13,Tulare,107,460477,71817,70758,16326,87084,1114
2021-12-13,Tuolumne,109,53932,7858,7804,115,7919,91
2021-12-13,Ventura,111,848112,102124,101180,4487,105667,1197
2021-12-13,Yolo,113,214977,21048,20706,1076,21782,267
2021-12-13,Yuba,115,75493,10646,10570,401,10971,92
2021-12-12,Alameda,001,1643700,124725,124075,2941,127016,1503
2021-12-12,Alpine,003,1148,107,109,0,109,0
2021-12-12,Amador,005,37829,5814,5797,72,5869,69
2021-12-12,Butte,007,227075,22083,21874,4111,25985,326
2021-12-12,Calaveras,009,45235,4536,4501,64,4565,89
2021-12-12,Colusa,011,21464,2645,2627,680,3307,21
2021-12-12,Contra Costa,013,1133247,103691,102976,2356,105332,1065
2021-12-12,Del Norte,015,27424,3805,3793,55,3848,42
2021-12-12,El Dorado,017,186661,17128,16890,1811,18701,170
2021-12-12,Fresno,019,978130,147904,146518,13267,159785,2310
2021-12-12,Glenn,021,27897,3617,3589,1051,4640,37
2021-12-12,Humboldt,023,135768,9911,9804,705,10509,118
2021-12-12,Imperial,025,180216,36355,35926,3805,39731,787
2021-12-12,Inyo,027,18085,2617,2592,39,2631,46
2021-12-12,Kern,029,883053,134333,133314,24233,157547,1861
2021-12-12,Kings,031,150075,33934,33661,2038,35699,372
2021-12-12,Lake,033,64148,7013,6955,161,7116,115
2021-12-12,Lassen,035,31185,7090,7057,424,7481,55
2021-12-12,Los Angeles,037,10098052,1491108,1479054,56162,1535216,27074
2021-12-12,Madera,039,155013,24676,24493,2331,26824,311
2021-12-12,Marin,041,260295,18607,18451,549,19000,249
2021-12-12,Mariposa,043,17540,1478,1461,61,1522,6
2021-12-12,Mendocino,045,87422,8282,8190,686,8876,95
2021-12-12,Merced,047,269075,43862,43821,2174,45995,682
2021-12-12,Modoc,049,8938,595,595,201,796,6
2021-12-12,Mono,051,14174,1960,1947,23,1970,4
2021-12-12,Monterey,053,433212,50512,49192,3316,52508,631
2021-12-12,Napa,055,140530,13566,13508,128,13636,107
2021-12-12,Nevada,057,99092,10025,9938,349,10287,106
2021-12-12,Orange,059,3164182,319226,316918,16367,333285,5825
2021-12-12,Placer,061,380077,39535,39139,3926,43065,481
2021-12-12,Plumas,063,18699,2007,1942,46,1988,12
2021-12-12,Riverside,065,2383286,381866,377467,16768,394235,5414
2021-12-12,Sacramento,067,1510023,167464,166291,5076,171367,2392
2021-12-12,San Benito,069,59416,7862,7853,183,8036,79
2021-12-12,San Bernardino,071,2135413,373258,369977,11900,381877,6011
2021-12-12,San Diego,073,3302833,396426,393307,23162,416469,4378
2021-12-12,San Francisco,075,870044,56060,55180,2458,57638,678
2021-12-12,San Joaquin,077,732212,104033,103405,5624,109029,1846
2021-12-12,San Luis Obispo,079,281455,31088,30719,1362,32081,363
2021-12-12,San Mateo,081,765935,56796,55505,1001,56506,580
2021-12-12,Santa Barbara,083,443738,46843,46586,1628,48214,560
2021-12-12,Santa Clara,085,1922200,155022,153452,1702,155154,1945
2021-12-12,Santa Cruz,087,273765,21922,21671,1035,22706,225
2021-12-12,Shasta,089,179085,22841,22732,3722,26454,426
2021-12-12,Sierra,091,2930,201,199,21,220,0
2021-12-12,Siskiyou,093,43540,3494,3424,1362,4786,57
2021-12-12,Solano,095,438530,47704,47021,1356,48377,365
2021-12-12,Sonoma,097,501317,43833,43424,588,44012,407
2021-12-12,Stanislaus,099,539301,82229,82460,9315,91775,1282
2021-12-12,Sutter,101,95872,14399,14396,407,14803,189
2021-12-12,Tehama,103,63373,8878,8796,1540,10336,134
2021-12-12,Trinity,105,12862,910,820,220,1040,17
2021-12-12,Tulare,107,460477,71741,70733,16284,87017,1115
2021-12-12,Tuolumne,109,53932,7841,7794,115,7909,91
2021-12-12,Ventura,111,848112,101931,101105,4473,105578,1197
2021-12-12,Yolo,113,214977,20991,20685,1071,21756,267
2021-12-12,Yuba,115,75493,10632,10565,398,10963,92
2021-12-11,Alameda,001,1643700,124588,123572,2939,126511,1496
2021-12-11,Alpine,003,1148,107,109,0,109,0
2021-12-11,Amador,005,37829,5809,5787,72,5859,69
2021-12-11,Butte,007,227075,22069,21819,4109,25928,326
2021-12-11,Calaveras,009,45235,4528,4469,63,4532,89
2021-12-11,Colusa,011,21464,2641,2619,679,3298,21
2021-12-11,Contra Costa,013,1133247,103605,102618,2354,104972,1061
2021-12-11,Del Norte,015,27424,3805,3778,55,3833,42
2021-12-11,El Dorado,017,186661,17108,16796,1810,18606,170
2021-12-11,Fresno,019,978130,147816,145988,13258,159246,2294
2021-12-11,Glenn,021,27897,3615,3585,1051,4636,37
2021-12-11,Humboldt,023,135768,9894,9721,702,10423,118
2021-12-11,Imperial,025,180216,36297,35635,3796,39431,782
2021-12-11,Inyo,027,18085,2612,2576,39,2615,46
2021-12-11,Kern,029,883053,134264,132852,24199,157051,1854
2021-12-11,Kings,031,150075,33921,33530,2036,35566,371
2021-12-11,Lake,033,64148,7012,6932,159,7091,114
2021-12-11,Lassen,035,31185,7089,7049,424,7473,55
2021-12-11,Los Angeles,037,10098052,1489893,1474030,56072,1530102,27031
2021-12-11,Madera,039,155013,24670,24417,2330,26747,311
2021-12-11,Marin,041,260295,18573,18339,546,18885,249
2021-12-11,Mariposa,043,17540,1477,1450,61,1511,6
2021-12-11,Mendocino,045,87422,8275,8130,686,8816,95
2021-12-11,Merced,047,269075,43843,43690,2173,45863,681
2021-12-11,Modoc,049,8938,595,594,201,795,6
2021-12-11,Mono,051,14174,1956,1926,23,1949,4
2021-12-11,Monterey,053,433212,50484,49008,3313,52321,631
2021-12-11,Napa,055,140530,13549,13459,128,13587,107
2021-12-11,Nevada,057,99092,10012,9880,349,10229,106
2021-12-11,Orange,059,3164182,318976,315759,16340,332099,5805
2021-12-11,Placer,061,380077,39477,38959,3919,42878,481
2021-12-11,Plumas,063,18699,2001,1934,46,1980,12
2021-12-11,Riverside,065,2383286,381445,375649,16753,392402,5408
2021-12-11,Sacramento,067,1510023,167333,165530,5069,170599,2386
2021-12-11,San Benito,069,59416,7848,7808,183,7991,79
2021-12-11,San Bernardino,071,2135413,372895,368145,11890,380035,6007
2021-12-11,San Diego,073,3302833,396003,392274,23124,415398,4374
2021-12-11,San Francisco,075,870044,55907,54869,2453,57322,678
2021-12-11,San Joaquin,077,732212,103972,103013,5620,108633,1842
2021-12-11,San Luis Obispo,079,281455,31066,30567,1358,31925,362
2021-12-11,San Mateo,081,765935,56717,55284,999,56283,580
2021-12-11,Santa Barbara,083,443738,46808,46309,1628,47937,559
2021-12-11,Santa Clara,085,1922200,154824,152846,1690,154536,1941
2021-12-11,Santa Cruz,087,273765,21898,21557,1035,22592,225
2021-12-11,Shasta,089,179085,22826,22660,3718,26378,419
2021-12-11,Sierra,091,2930,201,199,21,220,0
2021-12-11,Siskiyou,093,43540,3488,3418,1359,4777,57
2021-12-11,Solano,095,438530,47675,46891,1352,48243,365
2021-12-11,Sonoma,097,501317,43785,43227,588,43815,407
2021-12-11,Stanislaus,099,539301,82180,82133,9306,91439,1264
2021-12-11,Sutter,101,95872,14390,14354,407,14761,187
2021-12-11,Tehama,103,63373,8875,8776,1538,10314,134
2021-12-11,Trinity,105,12862,910,819,220,1039,17
2021-12-11,Tulare,107,460477,71697,70523,16274,86797,1103
2021-12-11,Tuolumne,109,53932,7832,7760,115,7875,91
2021-12-11,Ventura,111,848112,101856,100711,4466,105177,1195
2021-12-11,Yolo,113,214977,20972,20608,1067,21675,267
2021-12-11,Yuba,115,75493,10620,10519,397,10916,92
2021-12-10,Alameda,001,1643700,124465,123572,2931,126503,1496
2021-12-10,Alpine,003,1148,106,109,0,109,0
2021-12-10,Amador,005,37829,5802,5787,72,5859,69
2021-12-10,Butte,007,227075,22056,21819,4107,25926,326
2021-12-10,Calaveras,009,45235,4525,4469,63,4532,89
2021-12-10,Colusa,011,21464,2640,2619,679,3298,21
2021-12-10,Contra Costa,013,1133247,103509,102618,2353,104971,1061
2021-12-10,Del Norte,015,27424,3805,3778,55,3833,42
2021-12-10,El Dorado,017,186661,17095,16796,1810,18606,170
2021-12-10,Fresno,019,978130,147728,145988,13247,159235,2294
2021-12-10,Glenn,021,27897,3615,3585,1051,4636,37
2021-12-10,Humboldt,023,135768,9877,9721,700,10421,118
2021-12-10,Imperial,025,180216,36242,35635,3781,39416,782
2021-12-10,Inyo,027,18085,2609,2576,39,2615,46
2021-12-10,Kern,029,883053,134175,132852,24175,157027,1854
2021-12-10,Kings,031,150075,33906,33530,2034,35564,371
2021-12-10,Lake,033,64148,7005,6932,159,7091,114
2021-12-10,Lassen,035,31185,7088,7049,424,7473,55
2021-12-10,Los Angeles,037,10098052,1488805,1474030,55986,1530016,27031
2021-12-10,Madera,039,155013,24652,24417,2328,26745,311
2021-12-10,Marin,041,260295,18551,18339,546,18885,249
2021-12-10,Mariposa,043,17540,1474,1450,61,1511,6
2021-12-10,Mendocino,045,87422,8268,8130,685,8815,95
2021-12-10,Merced,047,269075,43825,43690,2171,45861,681
2021-12-10,Modoc,049,8938,595,594,201,795,6
2021-12-10,Mono,051,14174,1953,1926,23,1949,4
2021-12-10,Monterey,053,433212,50447,49008,3307,52315,631
2021-12-10,Napa,055,140530,13537,13459,127,13586,107
2021-12-10,Nevada,057,99092,10003,9880,349,10229,106
2021-12-10,Orange,059,3164182,318708,315759,16308,332067,5805
2021-12-10,Placer,061,380077,39435,38959,3916,42875,481
2021-12-10,Plumas,063,18699,1999,1934,46,1980,12
2021-12-10,Riverside,065,2383286,381038,375649,16743,392392,5408
2021-12-10,Sacramento,067,1510023,167181,165530,5067,170597,2386
2021-12-10,San Benito,069,59416,7844,7808,183,7991,79
2021-12-10,San Bernardino,071,2135413,372523,368145,11867,380012,6007
2021-12-10,San Diego,073,3302833,395523,392274,23110,415384,4374
2021-12-10,San Francisco,075,870044,55822,54869,2447,57316,678
2021-12-10,San Joaquin,077,732212,103917,103013,5616,108629,1842
2021-12-10,San Luis Obispo,079,281455,31056,30567,1355,31922,362
2021-12-10,San Mateo,081,765935,56660,55284,996,56280,580
2021-12-10,Santa Barbara,083,443738,46772,46309,1627,47936,559
2021-12-10,Santa Clara,085,1922200,154654,152846,1677,154523,1941
2021-12-10,Santa Cruz,087,273765,21878,21557,1034,22591,225
2021-12-10,Shasta,089,179085,22815,22660,3715,26375,419
2021-12-10,Sierra,091,2930,201,199,21,220,0
2021-12-10,Siskiyou,093,43540,3481,3418,1359,4777,57
2021-12-10,Solano,095,438530,47633,46891,1348,48239,365
2021-12-10,Sonoma,097,501317,43751,43227,587,43814,407
2021-12-10,Stanislaus,099,539301,82114,82133,9300,91433,1264
2021-12-10,Sutter,101,95872,14382,14354,407,14761,187
2021-12-10,Tehama,103,63373,8873,8776,1536,10312,134
2021-12-10,Trinity,105,12862,910,819,220,1039,17
2021-12-10,Tulare,107,460477,71668,70523,16250,86773,1103
2021-12-10,Tuolumne,109,53932,7826,7760,115,7875,91
2021-12-10,Ventura,111,848112,101752,100711,4463,105174,1195
2021-12-10,Yolo,113,214977,20958,20608,1065,21673,267
2021-12-10,Yuba,115,75493,10608,10519,396,10915,92
2021-12-09,Alameda,001,1643700,124322,123572,2926,126498,1496
2021-12-09,Alpine,003,1148,106,109,0,109,0
2021-12-09,Amador,005,37829,5799,5787,71,5858,69
2021-12-09,Butte,007,227075,22036,21819,4103,25922,326
2021-12-09,Calaveras,009,45235,4516,4469,63,4532,89
2021-12-09,Colusa,011,21464,2638,2619,679,3298,21
2021-12-09,Contra Costa,013,1133247,103390,102618,2347,104965,1061
2021-12-09,Del Norte,015,27424,3804,3778,55,3833,42
2021-12-09,El Dorado,017,186661,17067,16796,1805,18601,170
2021-12-09,Fresno,019,978130,147580,145988,13235,159223,2294
2021-12-09,Glenn,021,27897,3615,3585,1051,4636,37
2021-12-09,Humboldt,023,135768,9854,9721,699,10420,118
2021-12-09,Imperial,025,180216,36171,35635,3752,39387,782
2021-12-09,Inyo,027,18085,2607,2576,39,2615,46
2021-12-09,Kern,029,883053,134049,132852,24142,156994,1854
2021-12-09,Kings,031,150075,33880,33530,2031,35561,371
2021-12-09,Lake,033,64148,6996,6932,159,7091,114
2021-12-09,Lassen,035,31185,7086,7049,424,7473,55
2021-12-09,Los Angeles,037,10098052,1487265,1474030,55902,1529932,27031
2021-12-09,Madera,039,155013,24627,24417,2325,26742,311
2021-12-09,Marin,041,260295,18537,18339,544,18883,249
2021-12-09,Mariposa,043,17540,1473,1450,61,1511,6
2021-12-09,Mendocino,045,87422,8255,8130,682,8812,95
2021-12-09,Merced,047,269075,43787,43690,2159,45849,681
2021-12-09,Modoc,049,8938,595,594,201,795,6
2021-12-09,Mono,051,14174,1949,1926,23,1949,4
2021-12-09,Monterey,053,433212,50401,49008,3296,52304,631
2021-12-09,Napa,055,140530,13517,13459,123,13582,107
2021-12-09,Nevada,057,99092,9984,9880,349,10229,106
2021-12-09,Orange,059,3164182,318371,315759,16269,332028,5805
2021-12-09,Placer,061,380077,39391,38959,3903,42862,481
2021-12-09,Plumas,063,18699,1991,1934,46,1980,12
2021-12-09,Riverside,065,2383286,380488,375649,16727,392376,5408
2021-12-09,Sacramento,067,1510023,166960,165530,5052,170582,2386
2021-12-09,San Benito,069,59416,7832,7808,182,7990,79
2021-12-09,San Bernardino,071,2135413,372008,368145,11843,379988,6007
2021-12-09,San Diego,073,3302833,394877,392274,23080,415354,4374
2021-12-09,San Francisco,075,870044,55737,54869,2440,57309,678
2021-12-09,San Joaquin,077,732212,103825,103013,5611,108624,1842
2021-12-09,San Luis Obispo,079,281455,31028,30567,1352,31919,362
2021-12-09,San Mateo,081,765935,56572,55284,994,56278,580
2021-12-09,Santa Barbara,083,443738,46692,46309,1621,47930,559
2021-12-09,Santa Clara,085,1922200,154437,152846,1666,154512,1941
2021-12-09,Santa Cruz,087,273765,21850,21557,1034,22591,225
2021-12-09,Shasta,089,179085,22799,22660,3714,26374,419
2021-12-09,Sierra,091,2930,201,199,21,220,0
2021-12-09,Siskiyou,093,43540,3477,3418,1358,4776,57
2021-12-09,Solano,095,438530,47596,46891,1346,48237,365
2021-12-09,Sonoma,097,501317,43694,43227,585,43812,407
2021-12-09,Stanislaus,099,539301,82043,82133,9285,91418,1264
2021-12-09,Sutter,101,95872,14367,14354,407,14761,187
2021-12-09,Tehama,103,63373,8866,8776,1534,10310,134
2021-12-09,Trinity,105,12862,910,819,220,1039,17
2021-12-09,Tulare,107,460477,71612,70523,16221,86744,1103
2021-12-09,Tuolumne,109,53932,7815,7760,114,7874,91
2021-12-09,Ventura,111,848112,101607,100711,4451,105162,1195
2021-12-09,Yolo,113,214977,20935,20608,1057,21665,267
2021-12-09,Yuba,115,75493,10600,10519,393,10912,92
2021-12-08,Alameda,001,1643700,124172,123438,2916,126354,1496
2021-12-08,Alpine,003,1148,106,108,0,108,0
2021-12-08,Amador,005,37829,5794,5781,71,5852,69
2021-12-08,Butte,007,227075,22019,21780,4100,25880,326
2021-12-08,Calaveras,009,45235,4508,4455,63,4518,89
2021-12-08,Colusa,011,21464,2635,2619,678,3297,21
2021-12-08,Contra Costa,013,1133247,103261,102506,2347,104853,1058
2021-12-08,Del Norte,015,27424,3803,3767,55,3822,42
2021-12-08,El Dorado,017,186661,17034,16757,1805,18562,170
2021-12-08,Fresno,019,978130,147420,145830,13221,159051,2293
2021-12-08,Glenn,021,27897,3615,3584,1048,4632,37
2021-12-08,Humboldt,023,135768,9833,9704,697,10401,117
2021-12-08,Imperial,025,180216,36090,35537,3722,39259,782
2021-12-08,Inyo,027,18085,2604,2570,39,2609,46
2021-12-08,Kern,029,883053,133927,132709,24094,156803,1846
2021-12-08,Kings,031,150075,33846,33468,2030,35498,371
2021-12-08,Lake,033,64148,6990,6927,158,7085,114
2021-12-08,Lassen,035,31185,7085,7041,422,7463,55
2021-12-08,Los Angeles,037,10098052,1485718,1472410,55792,1528202,27018
2021-12-08,Madera,039,155013,24606,24396,2318,26714,311
2021-12-08,Marin,041,260295,18516,18305,541,18846,249
2021-12-08,Mariposa,043,17540,1470,1447,61,1508,6
2021-12-08,Mendocino,045,87422,8242,8118,681,8799,95
2021-12-08,Merced,047,269075,43755,43631,2152,45783,680
2021-12-08,Modoc,049,8938,595,594,201,795,6
2021-12-08,Mono,051,14174,1943,1924,23,1947,4
2021-12-08,Monterey,053,433212,50334,48957,3283,52240,631
2021-12-08,Napa,055,140530,13503,13421,123,13544,107
2021-12-08,Nevada,057,99092,9968,9862,349,10211,106
2021-12-08,Orange,059,3164182,318023,315421,16232,331653,5795
2021-12-08,Placer,061,380077,39340,38934,3899,42833,478
2021-12-08,Plumas,063,18699,1989,1924,46,1970,12
2021-12-08,Riverside,065,2383286,379977,375099,16704,391803,5404
2021-12-08,Sacramento,067,1510023,166705,165278,5025,170303,2373
2021-12-08,San Benito,069,59416,7823,7793,182,7975,79
2021-12-08,San Bernardino,071,2135413,371526,367516,11819,379335,6006
2021-12-08,San Diego,073,3302833,394227,391676,23048,414724,4369
2021-12-08,San Francisco,075,870044,55650,54792,2432,57224,677
2021-12-08,San Joaquin,077,732212,103723,102877,5602,108479,1841
2021-12-08,San Luis Obispo,079,281455,30979,30519,1347,31866,361
2021-12-08,San Mateo,081,765935,56505,55220,988,56208,580
2021-12-08,Santa Barbara,083,443738,46637,46250,1618,47868,558
2021-12-08,Santa Clara,085,1922200,154272,152674,1655,154329,1937
2021-12-08,Santa Cruz,087,273765,21804,21505,1032,22537,224
2021-12-08,Shasta,089,179085,22779,22616,3708,26324,419
2021-12-08,Sierra,091,2930,201,199,21,220,0
2021-12-08,Siskiyou,093,43540,3476,3415,1356,4771,57
2021-12-08,Solano,095,438530,47566,46837,1345,48182,365
2021-12-08,Sonoma,097,501317,43632,43179,584,43763,405
2021-12-08,Stanislaus,099,539301,81962,82038,9272,91310,1264
2021-12-08,Sutter,101,95872,14351,14336,405,14741,187
2021-12-08,Tehama,103,63373,8857,8768,1534,10302,133
2021-12-08,Trinity,105,12862,910,818,220,1038,17
2021-12-08,Tulare,107,460477,71549,70472,16196,86668,1102
2021-12-08,Tuolumne,109,53932,7802,7749,114,7863,91
2021-12-08,Ventura,111,848112,101478,100647,4448,105095,1194
2021-12-08,Yolo,113,214977,20908,20575,1052,21627,267
2021-12-08,Yuba,115,75493,10586,10499,390,10889,92
2021-12-07,Alameda,001,1643700,123997,123325,2908,126233,1497
2021-12-07,Alpine,003,1148,106,108,0,108,0
2021-12-07,Amador,005,37829,5791,5778,70,5848,69
2021-12-07,Butte,007,227075,21995,21761,4094,25855,324
2021-12-07,Calaveras,009,45235,4491,4445,63,4508,88
2021-12-07,Colusa,011,21464,2633,2619,678,3297,21
2021-12-07,Contra Costa,013,1133247,103142,102421,2339,104760,1058
2021-12-07,Del Norte,015,27424,3802,3766,55,3821,42
2021-12-07,El Dorado,017,186661,17008,16742,1802,18544,170
2021-12-07,Fresno,019,978130,147272,145715,13207,158922,2289
2021-12-07,Glenn,021,27897,3614,3579,1048,4627,36
2021-12-07,Humboldt,023,135768,9807,9693,692,10385,117
2021-12-07,Imperial,025,180216,36012,35502,3701,39203,778
2021-12-07,Inyo,027,18085,2601,2567,39,2606,46
2021-12-07,Kern,029,883053,133767,132564,24041,156605,1838
2021-12-07,Kings,031,150075,33814,33441,2027,35468,372
2021-12-07,Lake,033,64148,6986,6925,158,7083,113
2021-12-07,Lassen,035,31185,7083,7040,421,7461,55
2021-12-07,Los Angeles,037,10098052,1483942,1470904,55692,1526596,27007
2021-12-07,Madera,039,155013,24583,24367,2311,26678,311
2021-12-07,Marin,041,260295,18483,18284,535,18819,249
2021-12-07,Mariposa,043,17540,1468,1446,61,1507,6
2021-12-07,Mendocino,045,87422,8223,8107,681,8788,95
2021-12-07,Merced,047,269075,43714,43600,2145,45745,675
2021-12-07,Modoc,049,8938,595,594,200,794,6
2021-12-07,Mono,051,14174,1941,1921,23,1944,4
2021-12-07,Monterey,053,433212,50250,48880,3265,52145,631
2021-12-07,Napa,055,140530,13484,13409,123,13532,107
2021-12-07,Nevada,057,99092,9953,9858,348,10206,105
2021-12-07,Orange,059,3164182,317689,315138,16183,331321,5784
2021-12-07,Placer,061,380077,39264,38860,3895,42755,474
2021-12-07,Plumas,063,18699,1985,1915,46,1961,12
2021-12-07,Riverside,065,2383286,379445,374552,16688,391240,5397
2021-12-07,Sacramento,067,1510023,166457,165148,5011,170159,2375
2021-12-07,San Benito,069,59416,7806,7776,182,7958,78
2021-12-07,San Bernardino,071,2135413,370933,366981,11801,378782,6007
2021-12-07,San Diego,073,3302833,393384,391110,23010,414120,4357
2021-12-07,San Francisco,075,870044,55538,54729,2427,57156,676
2021-12-07,San Joaquin,077,732212,103606,102797,5590,108387,1839
2021-12-07,San Luis Obispo,079,281455,30939,30495,1345,31840,361
2021-12-07,San Mateo,081,765935,56413,55163,982,56145,580
2021-12-07,Santa Barbara,083,443738,46565,46205,1616,47821,556
2021-12-07,Santa Clara,085,1922200,154085,152465,1646,154111,1941
2021-12-07,Santa Cruz,087,273765,21757,21493,1032,22525,224
2021-12-07,Shasta,089,179085,22757,22594,3705,26299,418
2021-12-07,Sierra,091,2930,201,199,21,220,0
2021-12-07,Siskiyou,093,43540,3474,3412,1356,4768,57
2021-12-07,Solano,095,438530,47526,46812,1343,48155,365
2021-12-07,Sonoma,097,501317,43558,43154,583,43737,405
2021-12-07,Stanislaus,099,539301,81884,81980,9261,91241,1258
2021-12-07,Sutter,101,95872,14343,14322,404,14726,186
2021-12-07,Tehama,103,63373,8849,8765,1533,10298,133
2021-12-07,Trinity,105,12862,910,818,220,1038,17
2021-12-07,Tulare,107,460477,71494,70411,16169,86580,1103
2021-12-07,Tuolumne,109,53932,7794,7743,114,7857,91
2021-12-07,Ventura,111,848112,101381,100569,4438,105007,1194
2021-12-07,Yolo,113,214977,20881,20560,1050,21610,263
2021-12-07,Yuba,115,75493,10568,10491,389,10880,91
2021-12-06,Alameda,001,1643700,123831,123227,2904,126131,1496
2021-12-06,Alpine,003,1148,106,108,0,108,0
2021-12-06,Amador,005,37829,5784,5769,69,5838,67
2021-12-06,Butte,007,227075,21977,21732,4091,25823,321
2021-12-06,Calaveras,009,45235,4484,4443,63,4506,88
2021-12-06,Colusa,011,21464,2632,2615,674,3289,21
2021-12-06,Contra Costa,013,1133247,103022,102327,2335,104662,1058
2021-12-06,Del Norte,015,27424,3800,3744,55,3799,42
2021-12-06,El Dorado,017,186661,16983,16726,1800,18526,168
2021-12-06,Fresno,019,978130,147075,145539,13196,158735,2285
2021-12-06,Glenn,021,27897,3611,3577,1047,4624,36
2021-12-06,Humboldt,023,135768,9787,9671,685,10356,117
2021-12-06,Imperial,025,180216,35931,35453,3683,39136,778
2021-12-06,Inyo,027,18085,2595,2562,38,2600,46
2021-12-06,Kern,029,883053,133579,132366,23985,156351,1835
2021-12-06,Kings,031,150075,33781,33399,2022,35421,368
2021-12-06,Lake,033,64148,6982,6922,158,7080,113
2021-12-06,Lassen,035,31185,7078,7032,419,7451,51
2021-12-06,Los Angeles,037,10098052,1482282,1470059,55599,1525658,26993
2021-12-06,Madera,039,155013,24556,24334,2308,26642,307
2021-12-06,Marin,041,260295,18455,18252,533,18785,249
2021-12-06,Mariposa,043,17540,1465,1443,61,1504,6
2021-12-06,Mendocino,045,87422,8210,8079,677,8756,95
2021-12-06,Merced,047,269075,43674,43549,2135,45684,672
2021-12-06,Modoc,049,8938,595,593,200,793,6
2021-12-06,Mono,051,14174,1936,1913,23,1936,4
2021-12-06,Monterey,053,433212,50174,48831,3246,52077,626
2021-12-06,Napa,055,140530,13461,13387,121,13508,107
2021-12-06,Nevada,057,99092,9925,9847,347,10194,105
2021-12-06,Orange,059,3164182,317309,314859,16140,330999,5771
2021-12-06,Placer,061,380077,39206,38785,3890,42675,473
2021-12-06,Plumas,063,18699,1977,1913,46,1959,10
2021-12-06,Riverside,065,2383286,378920,374116,16674,390790,5388
2021-12-06,Sacramento,067,1510023,166181,164926,4990,169916,2367
2021-12-06,San Benito,069,59416,7790,7755,182,7937,78
2021-12-06,San Bernardino,071,2135413,370373,366606,11774,378380,5998
2021-12-06,San Diego,073,3302833,392538,390389,22965,413354,4352
2021-12-06,San Francisco,075,870044,55430,54659,2422,57081,674
2021-12-06,San Joaquin,077,732212,103478,102728,5583,108311,1837
2021-12-06,San Luis Obispo,079,281455,30902,30464,1343,31807,361
2021-12-06,San Mateo,081,765935,56339,55112,979,56091,580
2021-12-06,Santa Barbara,083,443738,46472,46146,1615,47761,556
2021-12-06,Santa Clara,085,1922200,153876,152310,1629,153939,1937
2021-12-06,Santa Cruz,087,273765,21722,21450,1029,22479,224
2021-12-06,Shasta,089,179085,22734,22556,3697,26253,416
2021-12-06,Sierra,091,2930,200,198,21,219,0
2021-12-06,Siskiyou,093,43540,3472,3409,1351,4760,57
2021-12-06,Solano,095,438530,47481,46748,1342,48090,360
2021-12-06,Sonoma,097,501317,43487,43114,575,43689,405
2021-12-06,Stanislaus,099,539301,81787,81889,9227,91116,1241
2021-12-06,Sutter,101,95872,14331,14319,404,14723,186
2021-12-06,Tehama,103,63373,8841,8760,1533,10293,133
2021-12-06,Trinity,105,12862,910,815,219,1034,17
2021-12-06,Tulare,107,460477,71417,70285,16129,86414,1101
2021-12-06,Tuolumne,109,53932,7780,7726,114,7840,91
2021-12-06,Ventura,111,848112,101280,100426,4430,104856,1194
2021-12-06,Yolo,113,214977,20856,20548,1050,21598,263
2021-12-06,Yuba,115,75493,10553,10480,384,10864,91
2021-12-05,Alameda,001,1643700,123645,123104,2897,126001,1496
2021-12-05,Alpine,003,1148,105,108,0,108,0
2021-12-05,Amador,005,37829,5781,5761,69,5830,67
2021-12-05,Butte,007,227075,21943,21720,4085,25805,320
2021-12-05,Calaveras,009,45235,4468,4434,63,4497,88
2021-12-05,Colusa,011,21464,2631,2615,673,3288,21
2021-12-05,Contra Costa,013,1133247,102890,102251,2325,104576,1058
2021-12-05,Del Norte,015,27424,3798,3751,55,3806,42
2021-12-05,El Dorado,017,186661,16945,16717,1795,18512,168
2021-12-05,Fresno,019,978130,146901,145452,13175,158627,2284
2021-12-05,Glenn,021,27897,3609,3577,1046,4623,36
2021-12-05,Humboldt,023,135768,9756,9662,682,10344,117
2021-12-05,Imperial,025,180216,35837,35422,3654,39076,778
2021-12-05,Inyo,027,18085,2588,2559,38,2597,46
2021-12-05,Kern,029,883053,133415,132286,23933,156219,1833
2021-12-05,Kings,031,150075,33718,33360,2022,35382,369
2021-12-05,Lake,033,64148,6977,6919,157,7076,113
2021-12-05,Lassen,035,31185,7076,7031,419,7450,51
2021-12-05,Los Angeles,037,10098052,1480438,1468937,55464,1524401,26991
2021-12-05,Madera,039,155013,24515,24311,2305,26616,307
2021-12-05,Marin,041,260295,18408,18216,525,18741,249
2021-12-05,Mariposa,043,17540,1462,1440,60,1500,6
2021-12-05,Mendocino,045,87422,8191,8069,671,8740,95
2021-12-05,Merced,047,269075,43630,43534,2126,45660,672
2021-12-05,Modoc,049,8938,595,593,200,793,6
2021-12-05,Mono,051,14174,1929,1907,23,1930,4
2021-12-05,Monterey,053,433212,50102,48813,3214,52027,626
2021-12-05,Napa,055,140530,13435,13382,118,13500,107
2021-12-05,Nevada,057,99092,9904,9827,346,10173,105
2021-12-05,Orange,059,3164182,316872,314560,16098,330658,5771
2021-12-05,Placer,061,380077,39148,38738,3881,42619,473
2021-12-05,Plumas,063,18699,1973,1913,45,1958,9
2021-12-05,Riverside,065,2383286,378261,373827,16644,390471,5388
2021-12-05,Sacramento,067,1510023,165877,164721,4972,169693,2367
2021-12-05,San Benito,069,59416,7773,7748,181,7929,78
2021-12-05,San Bernardino,071,2135413,369665,366282,11727,378009,5998
2021-12-05,San Diego,073,3302833,391743,387979,22916,410895,4351
2021-12-05,San Francisco,075,870044,55328,54603,2420,57023,674
2021-12-05,San Joaquin,077,732212,103337,102698,5578,108276,1837
2021-12-05,San Luis Obispo,079,281455,30832,30454,1340,31794,360
2021-12-05,San Mateo,081,765935,56250,55050,969,56019,580
2021-12-05,Santa Barbara,083,443738,46389,46097,1607,47704,555
2021-12-05,Santa Clara,085,1922200,153622,152114,1611,153725,1933
2021-12-05,Santa Cruz,087,273765,21672,21424,1029,22453,224
2021-12-05,Shasta,089,179085,22678,22550,3696,26246,416
2021-12-05,Sierra,091,2930,200,198,21,219,0
2021-12-05,Siskiyou,093,43540,3470,3409,1350,4759,57
2021-12-05,Solano,095,438530,47418,46715,1340,48055,360
2021-12-05,Sonoma,097,501317,43410,43038,570,43608,405
2021-12-05,Stanislaus,099,539301,81649,81847,9217,91064,1241
2021-12-05,Sutter,101,95872,14308,14303,399,14702,186
2021-12-05,Tehama,103,63373,8833,8755,1531,10286,133
2021-12-05,Trinity,105,12862,909,815,219,1034,17
2021-12-05,Tulare,107,460477,71336,70254,16081,86335,1102
2021-12-05,Tuolumne,109,53932,7767,7718,114,7832,91
2021-12-05,Ventura,111,848112,101144,100367,4417,104784,1194
2021-12-05,Yolo,113,214977,20813,20512,1049,21561,263
2021-12-05,Yuba,115,75493,10540,10467,377,10844,91
2021-12-04,Alameda,001,1643700,123532,122508,2894,125402,1494
2021-12-04,Alpine,003,1148,105,108,0,108,0
2021-12-04,Amador,005,37829,5778,5729,69,5798,67
2021-12-04,Butte,007,227075,21924,21638,4081,25719,318
2021-12-04,Calaveras,009,45235,4460,4392,62,4454,88
2021-12-04,Colusa,011,21464,2631,2600,671,3271,21
2021-12-04,Contra Costa,013,1133247,102818,101824,2319,104143,1056
2021-12-04,Del Norte,015,27424,3795,3726,55,3781,42
2021-12-04,El Dorado,017,186661,16936,16621,1794,18415,168
2021-12-04,Fresno,019,978130,146811,144734,13167,157901,2270
2021-12-04,Glenn,021,27897,3609,3559,1046,4605,36
2021-12-04,Humboldt,023,135768,9741,9596,678,10274,117
2021-12-04,Imperial,025,180216,35784,35206,3641,38847,776
2021-12-04,Inyo,027,18085,2583,2538,38,2576,46
2021-12-04,Kern,029,883053,133335,131771,23910,155681,1817
2021-12-04,Kings,031,150075,33694,33183,2021,35204,367
2021-12-04,Lake,033,64148,6968,6903,157,7060,113
2021-12-04,Lassen,035,31185,7075,7014,417,7431,51
2021-12-04,Los Angeles,037,10098052,1479561,1463270,55386,1518656,26952
2021-12-04,Madera,039,155013,24501,24188,2301,26489,307
2021-12-04,Marin,041,260295,18387,18075,524,18599,249
2021-12-04,Mariposa,043,17540,1458,1421,60,1481,6
2021-12-04,Mendocino,045,87422,8186,7981,671,8652,91
2021-12-04,Merced,047,269075,43603,43337,2124,45461,671
2021-12-04,Modoc,049,8938,595,591,200,791,6
2021-12-04,Mono,051,14174,1929,1883,23,1906,4
2021-12-04,Monterey,053,433212,50070,48682,3207,51889,626
2021-12-04,Napa,055,140530,13425,13327,117,13444,106
2021-12-04,Nevada,057,99092,9896,9752,346,10098,105
2021-12-04,Orange,059,3164182,316640,313112,16072,329184,5748
2021-12-04,Placer,061,380077,39108,38460,3875,42335,473
2021-12-04,Plumas,063,18699,1970,1903,45,1948,7
2021-12-04,Riverside,065,2383286,377902,371768,16638,388406,5381
2021-12-04,Sacramento,067,1510023,165734,163900,4964,168864,2365
2021-12-04,San Benito,069,59416,7747,7688,181,7869,78
2021-12-04,San Bernardino,071,2135413,369276,364154,11714,375868,5983
2021-12-04,San Diego,073,3302833,391265,386710,22886,409596,4350
2021-12-04,San Francisco,075,870044,55260,54286,2417,56703,674
2021-12-04,San Joaquin,077,732212,103282,102286,5576,107862,1835
2021-12-04,San Luis Obispo,079,281455,30811,30318,1336,31654,360
2021-12-04,San Mateo,081,765935,56201,54774,966,55740,579
2021-12-04,Santa Barbara,083,443738,46344,45774,1607,47381,555
2021-12-04,Santa Clara,085,1922200,153468,151275,1597,152872,1928
2021-12-04,Santa Cruz,087,273765,21646,21286,1028,22314,224
2021-12-04,Shasta,089,179085,22661,22418,3694,26112,414
2021-12-04,Sierra,091,2930,200,196,21,217,0
2021-12-04,Siskiyou,093,43540,3468,3398,1350,4748,57
2021-12-04,Solano,095,438530,47398,46529,1339,47868,360
2021-12-04,Sonoma,097,501317,43365,42778,567,43345,405
2021-12-04,Stanislaus,099,539301,81577,81462,9210,90672,1231
2021-12-04,Sutter,101,95872,14300,14258,398,14656,186
2021-12-04,Tehama,103,63373,8831,8742,1531,10273,131
2021-12-04,Trinity,105,12862,908,801,219,1020,17
2021-12-04,Tulare,107,460477,71298,70014,16053,86067,1100
2021-12-04,Tuolumne,109,53932,7762,7676,114,7790,91
2021-12-04,Ventura,111,848112,101053,99751,4413,104164,1192
2021-12-04,Yolo,113,214977,20790,20442,1047,21489,261
2021-12-04,Yuba,115,75493,10529,10418,376,10794,91
2021-12-03,Alameda,001,1643700,123439,122508,2884,125392,1494
2021-12-03,Alpine,003,1148,105,108,0,108,0
2021-12-03,Amador,005,37829,5773,5729,68,5797,67
2021-12-03,Butte,007,227075,21911,21638,4076,25714,318
2021-12-03,Calaveras,009,45235,4451,4392,62,4454,88
2021-12-03,Colusa,011,21464,2629,2600,671,3271,21
2021-12-03,Contra Costa,013,1133247,102745,101824,2313,104137,1056
2021-12-03,Del Norte,015,27424,3793,3726,55,3781,42
2021-12-03,El Dorado,017,186661,16906,16621,1792,18413,168
2021-12-03,Fresno,019,978130,146697,144734,13164,157898,2270
2021-12-03,Glenn,021,27897,3608,3559,1045,4604,36
2021-12-03,Humboldt,023,135768,9724,9596,676,10272,117
2021-12-03,Imperial,025,180216,35742,35206,3611,38817,776
2021-12-03,Inyo,027,18085,2576,2538,38,2576,46
2021-12-03,Kern,029,883053,133263,131771,23875,155646,1817
2021-12-03,Kings,031,150075,33667,33183,2021,35204,367
2021-12-03,Lake,033,64148,6968,6903,157,7060,113
2021-12-03,Lassen,035,31185,7073,7014,416,7430,51
2021-12-03,Los Angeles,037,10098052,1478615,1463270,55311,1518581,26952
2021-12-03,Madera,039,155013,24475,24188,2297,26485,307
2021-12-03,Marin,041,260295,18354,18075,520,18595,249
2021-12-03,Mariposa,043,17540,1456,1421,60,1481,6
2021-12-03,Mendocino,045,87422,8179,7981,671,8652,91
2021-12-03,Merced,047,269075,43580,43337,2121,45458,671
2021-12-03,Modoc,049,8938,595,591,200,791,6
2021-12-03,Mono,051,14174,1923,1883,23,1906,4
2021-12-03,Monterey,053,433212,50031,48682,3196,51878,626
2021-12-03,Napa,055,140530,13413,13327,117,13444,106
2021-12-03,Nevada,057,99092,9885,9752,346,10098,105
2021-12-03,Orange,059,3164182,316371,313112,16041,329153,5748
2021-12-03,Placer,061,380077,39071,38460,3868,42328,473
2021-12-03,Plumas,063,18699,1967,1903,45,1948,7
2021-12-03,Riverside,065,2383286,377510,371768,16632,388400,5381
2021-12-03,Sacramento,067,1510023,165553,163900,4950,168850,2365
2021-12-03,San Benito,069,59416,7740,7688,181,7869,78
2021-12-03,San Bernardino,071,2135413,368827,364154,11703,375857,5983
2021-12-03,San Diego,073,3302833,390789,386710,22862,409572,4350
2021-12-03,San Francisco,075,870044,55190,54286,2413,56699,674
2021-12-03,San Joaquin,077,732212,103226,102286,5575,107861,1835
2021-12-03,San Luis Obispo,079,281455,30785,30318,1333,31651,360
2021-12-03,San Mateo,081,765935,56136,54774,963,55737,579
2021-12-03,Santa Barbara,083,443738,46308,45774,1607,47381,555
2021-12-03,Santa Clara,085,1922200,153285,151275,1583,152858,1928
2021-12-03,Santa Cruz,087,273765,21619,21286,1028,22314,224
2021-12-03,Shasta,089,179085,22646,22418,3694,26112,414
2021-12-03,Sierra,091,2930,200,196,21,217,0
2021-12-03,Siskiyou,093,43540,3465,3398,1348,4746,57
2021-12-03,Solano,095,438530,47356,46529,1338,47867,360
2021-12-03,Sonoma,097,501317,43329,42778,565,43343,405
2021-12-03,Stanislaus,099,539301,81520,81462,9201,90663,1231
2021-12-03,Sutter,101,95872,14287,14258,396,14654,186
2021-12-03,Tehama,103,63373,8830,8742,1530,10272,131
2021-12-03,Trinity,105,12862,908,801,219,1020,17
2021-12-03,Tulare,107,460477,71259,70014,16022,86036,1100
2021-12-03,Tuolumne,109,53932,7753,7676,114,7790,91
2021-12-03,Ventura,111,848112,100967,99751,4406,104157,1192
2021-12-03,Yolo,113,214977,20773,20442,1046,21488,261
2021-12-03,Yuba,115,75493,10521,10418,376,10794,91
2021-12-02,Alameda,001,1643700,123282,122508,2877,125385,1494
2021-12-02,Alpine,003,1148,105,108,0,108,0
2021-12-02,Amador,005,37829,5768,5729,67,5796,67
2021-12-02,Butte,007,227075,21886,21638,4071,25709,318
2021-12-02,Calaveras,009,45235,4441,4392,61,4453,88
2021-12-02,Colusa,011,21464,2628,2600,671,3271,21
2021-12-02,Contra Costa,013,1133247,102631,101824,2309,104133,1056
2021-12-02,Del Norte,015,27424,3785,3726,55,3781,42
2021-12-02,El Dorado,017,186661,16885,16621,1790,18411,168
2021-12-02,Fresno,019,978130,146527,144734,13150,157884,2270
2021-12-02,Glenn,021,27897,3608,3559,1042,4601,36
2021-12-02,Humboldt,023,135768,9705,9596,675,10271,117
2021-12-02,Imperial,025,180216,35674,35206,3589,38795,776
2021-12-02,Inyo,027,18085,2571,2538,38,2576,46
2021-12-02,Kern,029,883053,133093,131771,23823,155594,1817
2021-12-02,Kings,031,150075,33614,33183,2019,35202,367
2021-12-02,Lake,033,64148,6964,6903,157,7060,113
2021-12-02,Lassen,035,31185,7069,7014,416,7430,51
2021-12-02,Los Angeles,037,10098052,1477098,1463270,55223,1518493,26952
2021-12-02,Madera,039,155013,24438,24188,2288,26476,307
2021-12-02,Marin,041,260295,18323,18075,516,18591,249
2021-12-02,Mariposa,043,17540,1453,1421,60,1481,6
2021-12-02,Mendocino,045,87422,8163,7981,670,8651,91
2021-12-02,Merced,047,269075,43534,43337,2116,45453,671
2021-12-02,Modoc,049,8938,594,591,200,791,6
2021-12-02,Mono,051,14174,1917,1883,23,1906,4
2021-12-02,Monterey,053,433212,49956,48682,3175,51857,626
2021-12-02,Napa,055,140530,13400,13327,117,13444,106
2021-12-02,Nevada,057,99092,9867,9752,345,10097,105
2021-12-02,Orange,059,3164182,316027,313112,16004,329116,5748
2021-12-02,Placer,061,380077,39005,38460,3863,42323,473
2021-12-02,Plumas,063,18699,1964,1903,45,1948,7
2021-12-02,Riverside,065,2383286,376982,371768,16622,388390,5381
2021-12-02,Sacramento,067,1510023,165326,163900,4940,168840,2365
2021-12-02,San Benito,069,59416,7720,7688,181,7869,78
2021-12-02,San Bernardino,071,2135413,368273,364154,11683,375837,5983
2021-12-02,San Diego,073,3302833,390149,386710,22807,409517,4350
2021-12-02,San Francisco,075,870044,55095,54286,2408,56694,674
2021-12-02,San Joaquin,077,732212,103112,102286,5570,107856,1835
2021-12-02,San Luis Obispo,079,281455,30751,30318,1326,31644,360
2021-12-02,San Mateo,081,765935,56055,54774,955,55729,579
2021-12-02,Santa Barbara,083,443738,46227,45774,1604,47378,555
2021-12-02,Santa Clara,085,1922200,153039,151275,1566,152841,1928
2021-12-02,Santa Cruz,087,273765,21568,21286,1027,22313,224
2021-12-02,Shasta,089,179085,22613,22418,3693,26111,414
2021-12-02,Sierra,091,2930,200,196,21,217,0
2021-12-02,Siskiyou,093,43540,3464,3398,1341,4739,57
2021-12-02,Solano,095,438530,47306,46529,1336,47865,360
2021-12-02,Sonoma,097,501317,43255,42778,565,43343,405
2021-12-02,Stanislaus,099,539301,81425,81462,9193,90655,1231
2021-12-02,Sutter,101,95872,14274,14258,393,14651,186
2021-12-02,Tehama,103,63373,8823,8742,1528,10270,131
2021-12-02,Trinity,105,12862,908,801,219,1020,17
2021-12-02,Tulare,107,460477,71172,70014,15972,85986,1100
2021-12-02,Tuolumne,109,53932,7738,7676,113,7789,91
2021-12-02,Ventura,111,848112,100842,99751,4404,104155,1192
2021-12-02,Yolo,113,214977,20745,20442,1046,21488,261
2021-12-02,Yuba,115,75493,10505,10418,373,10791,91
2021-12-01,Alameda,001,1643700,123131,122298,2868,125166,1492
2021-12-01,Alpine,003,1148,105,108,0,108,0
2021-12-01,Amador,005,37829,5761,5723,67,5790,67
2021-12-01,Butte,007,227075,21868,21600,4066,25666,318
2021-12-01,Calaveras,009,45235,4436,4371,61,4432,88
2021-12-01,Colusa,011,21464,2621,2595,669,3264,20
2021-12-01,Contra Costa,013,1133247,102523,101651,2299,103950,1048
2021-12-01,Del Norte,015,27424,3783,3722,55,3777,42
2021-12-01,El Dorado,017,186661,16864,16575,1788,18363,166
2021-12-01,Fresno,019,978130,146320,144507,13141,157648,2264
2021-12-01,Glenn,021,27897,3602,3556,1041,4597,36
2021-12-01,Humboldt,023,135768,9681,9573,670,10243,117
2021-12-01,Imperial,025,180216,35594,35085,3562,38647,776
2021-12-01,Inyo,027,18085,2567,2533,38,2571,46
2021-12-01,Kern,029,883053,132945,131580,23769,155349,1804
2021-12-01,Kings,031,150075,33564,33112,2018,35130,364
2021-12-01,Lake,033,64148,6956,6896,156,7052,112
2021-12-01,Lassen,035,31185,7064,7008,414,7422,51
2021-12-01,Los Angeles,037,10098052,1475506,1461394,55129,1516523,26928
2021-12-01,Madera,039,155013,24407,24134,2279,26413,307
2021-12-01,Marin,041,260295,18285,18038,510,18548,249
2021-12-01,Mariposa,043,17540,1449,1415,60,1475,6
2021-12-01,Mendocino,045,87422,8149,7966,665,8631,90
2021-12-01,Merced,047,269075,43479,43259,2095,45354,670
2021-12-01,Modoc,049,8938,594,576,200,776,5
2021-12-01,Mono,051,14174,1912,1876,23,1899,4
2021-12-01,Monterey,053,433212,49907,48611,3166,51777,626
2021-12-01,Napa,055,140530,13383,13319,114,13433,107
2021-12-01,Nevada,057,99092,9854,9706,345,10051,105
2021-12-01,Orange,059,3164182,315660,312772,15968,328740,5735
2021-12-01,Placer,061,380077,38950,38373,3857,42230,472
2021-12-01,Plumas,063,18699,1960,1893,45,1938,7
2021-12-01,Riverside,065,2383286,376456,371189,16605,387794,5369
2021-12-01,Sacramento,067,1510023,165113,163616,4923,168539,2360
2021-12-01,San Benito,069,59416,7706,7669,181,7850,78
2021-12-01,San Bernardino,071,2135413,367680,363368,11657,375025,5973
2021-12-01,San Diego,073,3302833,389352,386056,22751,408807,4346
2021-12-01,San Francisco,075,870044,55013,54199,2401,56600,672
2021-12-01,San Joaquin,077,732212,103004,102109,5569,107678,1834
2021-12-01,San Luis Obispo,079,281455,30709,30238,1322,31560,360
2021-12-01,San Mateo,081,765935,55974,54711,952,55663,579
2021-12-01,Santa Barbara,083,443738,46157,45681,1602,47283,554
2021-12-01,Santa Clara,085,1922200,152817,150961,1548,152509,1925
2021-12-01,Santa Cruz,087,273765,21539,21191,1026,22217,224
2021-12-01,Shasta,089,179085,22582,22375,3687,26062,410
2021-12-01,Sierra,091,2930,200,195,21,216,0
2021-12-01,Siskiyou,093,43540,3461,3391,1341,4732,55
2021-12-01,Solano,095,438530,47261,46485,1336,47821,360
2021-12-01,Sonoma,097,501317,43179,42713,564,43277,405
2021-12-01,Stanislaus,099,539301,81328,81330,9180,90510,1231
2021-12-01,Sutter,101,95872,14259,14229,392,14621,186
2021-12-01,Tehama,103,63373,8813,8728,1528,10256,130
2021-12-01,Trinity,105,12862,903,801,219,1020,17
2021-12-01,Tulare,107,460477,71097,69953,15932,85885,1098
2021-12-01,Tuolumne,109,53932,7730,7655,113,7768,91
2021-12-01,Ventura,111,848112,100736,99680,4393,104073,1191
2021-12-01,Yolo,113,214977,20717,20393,1046,21439,260
2021-12-01,Yuba,115,75493,10494,10401,373,10774,89
2021-11-30,Alameda,001,1643700,122960,122196,2860,125056,1489
2021-11-30,Alpine,003,1148,105,108,0,108,0
2021-11-30,Amador,005,37829,5753,5716,67,5783,66
2021-11-30,Butte,007,227075,21839,21565,4055,25620,318
2021-11-30,Calaveras,009,45235,4418,4360,61,4421,88
2021-11-30,Colusa,011,21464,2620,2592,669,3261,21
2021-11-30,Contra Costa,013,1133247,102389,101538,2292,103830,1046
2021-11-30,Del Norte,015,27424,3777,3718,55,3773,42
2021-11-30,El Dorado,017,186661,16836,16558,1782,18340,166
2021-11-30,Fresno,019,978130,146120,144384,13131,157515,2259
2021-11-30,Glenn,021,27897,3597,3555,1040,4595,36
2021-11-30,Humboldt,023,135768,9650,9539,664,10203,116
2021-11-30,Imperial,025,180216,35486,34999,3535,38534,773
2021-11-30,Inyo,027,18085,2558,2530,38,2568,46
2021-11-30,Kern,029,883053,132777,131451,23714,155165,1799
2021-11-30,Kings,031,150075,33512,33074,2014,35088,362
2021-11-30,Lake,033,64148,6950,6892,154,7046,110
2021-11-30,Lassen,035,31185,7060,7003,413,7416,51
2021-11-30,Los Angeles,037,10098052,1473708,1460177,55028,1515205,26913
2021-11-30,Madera,039,155013,24373,24108,2274,26382,307
2021-11-30,Marin,041,260295,18241,18010,508,18518,249
2021-11-30,Mariposa,043,17540,1443,1412,60,1472,6
2021-11-30,Mendocino,045,87422,8120,7960,659,8619,89
2021-11-30,Merced,047,269075,43411,43200,2087,45287,668
2021-11-30,Modoc,049,8938,593,576,200,776,5
2021-11-30,Mono,051,14174,1909,1873,23,1896,4
2021-11-30,Monterey,053,433212,49844,48581,3155,51736,626
2021-11-30,Napa,055,140530,13363,13308,114,13422,105
2021-11-30,Nevada,057,99092,9838,9699,344,10043,105
2021-11-30,Orange,059,3164182,315239,312451,15926,328377,5724
2021-11-30,Placer,061,380077,38847,38324,3849,42173,470
2021-11-30,Plumas,063,18699,1955,1887,44,1931,7
2021-11-30,Riverside,065,2383286,375772,370739,16580,387319,5358
2021-11-30,Sacramento,067,1510023,164831,163420,4900,168320,2353
2021-11-30,San Benito,069,59416,7684,7645,180,7825,78
2021-11-30,San Bernardino,071,2135413,366994,363006,11634,374640,5967
2021-11-30,San Diego,073,3302833,388425,385405,22704,408109,4340
2021-11-30,San Francisco,075,870044,54907,54147,2392,56539,672
2021-11-30,San Joaquin,077,732212,102877,101972,5561,107533,1834
2021-11-30,San Luis Obispo,079,281455,30684,30200,1320,31520,360
2021-11-30,San Mateo,081,765935,55869,54656,942,55598,579
2021-11-30,Santa Barbara,083,443738,46061,45628,1596,47224,553
2021-11-30,Santa Clara,085,1922200,152558,150799,1530,152329,1929
2021-11-30,Santa Cruz,087,273765,21480,21169,1022,22191,224
2021-11-30,Shasta,089,179085,22552,22347,3684,26031,401
2021-11-30,Sierra,091,2930,197,195,21,216,0
2021-11-30,Siskiyou,093,43540,3457,3385,1338,4723,55
2021-11-30,Solano,095,438530,47198,46434,1330,47764,358
2021-11-30,Sonoma,097,501317,43100,42663,561,43224,405
2021-11-30,Stanislaus,099,539301,81224,81276,9152,90428,1227
2021-11-30,Sutter,101,95872,14248,14210,389,14599,186
2021-11-30,Tehama,103,63373,8806,8727,1527,10254,130
2021-11-30,Trinity,105,12862,902,799,219,1018,17
2021-11-30,Tulare,107,460477,71010,69900,15886,85786,1099
2021-11-30,Tuolumne,109,53932,7715,7643,113,7756,91
2021-11-30,Ventura,111,848112,100582,99601,4382,103983,1191
2021-11-30,Yolo,113,214977,20672,20376,1043,21419,260
2021-11-30,Yuba,115,75493,10475,10398,368,10766,89
2021-11-29,Alameda,001,1643700,122799,122136,2851,124987,1489
2021-11-29,Alpine,003,1148,105,108,0,108,0
2021-11-29,Amador,005,37829,5746,5706,67,5773,66
2021-11-29,Butte,007,227075,21808,21544,4048,25592,314
2021-11-29,Calaveras,009,45235,4402,4353,61,4414,88
2021-11-29,Colusa,011,21464,2618,2585,666,3251,20
2021-11-29,Contra Costa,013,1133247,102240,101441,2284,103725,1046
2021-11-29,Del Norte,015,27424,3774,3704,55,3759,42
2021-11-29,El Dorado,017,186661,16818,16534,1777,18311,166
2021-11-29,Fresno,019,978130,145913,144282,13108,157390,2254
2021-11-29,Glenn,021,27897,3594,3555,1039,4594,36
2021-11-29,Humboldt,023,135768,9633,9514,657,10171,115
2021-11-29,Imperial,025,180216,35421,34960,3514,38474,773
2021-11-29,Inyo,027,18085,2553,2529,38,2567,46
2021-11-29,Kern,029,883053,132593,131362,23673,155035,1789
2021-11-29,Kings,031,150075,33459,33059,2010,35069,363
2021-11-29,Lake,033,64148,6938,6889,154,7043,110
2021-11-29,Lassen,035,31185,7057,7003,411,7414,51
2021-11-29,Los Angeles,037,10098052,1471861,1459446,54943,1514389,26889
2021-11-29,Madera,039,155013,24337,24069,2266,26335,307
2021-11-29,Marin,041,260295,18194,17980,503,18483,249
2021-11-29,Mariposa,043,17540,1435,1409,60,1469,6
2021-11-29,Mendocino,045,87422,8103,7954,655,8609,89
2021-11-29,Merced,047,269075,43338,43167,2079,45246,667
2021-11-29,Modoc,049,8938,592,569,200,769,5
2021-11-29,Mono,051,14174,1892,1859,23,1882,4
2021-11-29,Monterey,053,433212,49783,48548,3139,51687,626
2021-11-29,Napa,055,140530,13353,13304,114,13418,104
2021-11-29,Nevada,057,99092,9824,9689,344,10033,105
2021-11-29,Orange,059,3164182,314835,312203,15881,328084,5709
2021-11-29,Placer,061,380077,38782,38261,3844,42105,470
2021-11-29,Plumas,063,18699,1952,1884,44,1928,7
2021-11-29,Riverside,065,2383286,375234,370334,16569,386903,5358
2021-11-29,Sacramento,067,1510023,164582,163282,4868,168150,2342
2021-11-29,San Benito,069,59416,7664,7631,179,7810,77
2021-11-29,San Bernardino,071,2135413,366390,362694,11600,374294,5962
2021-11-29,San Diego,073,3302833,387537,384853,22670,407523,4335
2021-11-29,San Francisco,075,870044,54808,54125,2388,56513,669
2021-11-29,San Joaquin,077,732212,102738,101927,5554,107481,1834
2021-11-29,San Luis Obispo,079,281455,30650,30165,1316,31481,359
2021-11-29,San Mateo,081,765935,55766,54622,938,55560,579
2021-11-29,Santa Barbara,083,443738,45964,45576,1592,47168,549
2021-11-29,Santa Clara,085,1922200,152280,150620,1524,152144,1925
2021-11-29,Santa Cruz,087,273765,21442,21149,1021,22170,224
2021-11-29,Shasta,089,179085,22517,22315,3680,25995,399
2021-11-29,Sierra,091,2930,197,195,21,216,0
2021-11-29,Siskiyou,093,43540,3454,3374,1331,4705,55
2021-11-29,Solano,095,438530,47146,46412,1328,47740,357
2021-11-29,Sonoma,097,501317,43023,42624,558,43182,405
2021-11-29,Stanislaus,099,539301,81142,81227,9134,90361,1223
2021-11-29,Sutter,101,95872,14232,14204,386,14590,186
2021-11-29,Tehama,103,63373,8801,8720,1522,10242,130
2021-11-29,Trinity,105,12862,897,798,219,1017,17
2021-11-29,Tulare,107,460477,70930,69850,15852,85702,1096
2021-11-29,Tuolumne,109,53932,7702,7627,113,7740,90
2021-11-29,Ventura,111,848112,100462,99520,4373,103893,1190
2021-11-29,Yolo,113,214977,20627,20344,1041,21385,257
2021-11-29,Yuba,115,75493,10458,10395,367,10762,89
2021-11-28,Alameda,001,1643700,122580,122082,2845,124927,1491
2021-11-28,Alpine,003,1148,105,108,0,108,0
2021-11-28,Amador,005,37829,5736,5703,67,5770,66
2021-11-28,Butte,007,227075,21767,21530,4045,25575,313
2021-11-28,Calaveras,009,45235,4381,4350,61,4411,88
2021-11-28,Colusa,011,21464,2614,2586,665,3251,19
2021-11-28,Contra Costa,013,1133247,102067,101355,2274,103629,1046
2021-11-28,Del Norte,015,27424,3769,3703,55,3758,42
2021-11-28,El Dorado,017,186661,16777,16527,1776,18303,166
2021-11-28,Fresno,019,978130,145667,144164,13081,157245,2252
2021-11-28,Glenn,021,27897,3591,3547,1037,4584,36
2021-11-28,Humboldt,023,135768,9601,9499,653,10152,115
2021-11-28,Imperial,025,180216,35313,34929,3490,38419,773
2021-11-28,Inyo,027,18085,2546,2531,38,2569,46
2021-11-28,Kern,029,883053,132386,131279,23616,154895,1789
2021-11-28,Kings,031,150075,33386,33057,2004,35061,364
2021-11-28,Lake,033,64148,6928,6885,153,7038,110
2021-11-28,Lassen,035,31185,7048,7002,407,7409,51
2021-11-28,Los Angeles,037,10098052,1469697,1458646,54856,1513502,26878
2021-11-28,Madera,039,155013,24289,24055,2259,26314,307
2021-11-28,Marin,041,260295,18146,17962,499,18461,249
2021-11-28,Mariposa,043,17540,1431,1406,60,1466,6
2021-11-28,Mendocino,045,87422,8073,7943,650,8593,89
2021-11-28,Merced,047,269075,43271,43166,2064,45230,667
2021-11-28,Modoc,049,8938,591,569,200,769,5
2021-11-28,Mono,051,14174,1886,1841,23,1864,4
2021-11-28,Monterey,053,433212,49718,48537,3119,51656,626
2021-11-28,Napa,055,140530,13340,13303,114,13417,104
2021-11-28,Nevada,057,99092,9798,9684,343,10027,105
2021-11-28,Orange,059,3164182,314450,312028,15839,327867,5693
2021-11-28,Placer,061,380077,38700,38240,3825,42065,470
2021-11-28,Plumas,063,18699,1946,1884,43,1927,7
2021-11-28,Riverside,065,2383286,374571,370051,16547,386598,5358
2021-11-28,Sacramento,067,1510023,164225,163170,4845,168015,2335
2021-11-28,San Benito,069,59416,7645,7623,178,7801,77
2021-11-28,San Bernardino,071,2135413,365648,362407,11572,373979,5958
2021-11-28,San Diego,073,3302833,386649,383025,22606,405631,4325
2021-11-28,San Francisco,075,870044,54732,54082,2383,56465,669
2021-11-28,San Joaquin,077,732212,102558,101895,5537,107432,1834
2021-11-28,San Luis Obispo,079,281455,30587,30152,1312,31464,358
2021-11-28,San Mateo,081,765935,55672,54567,934,55501,579
2021-11-28,Santa Barbara,083,443738,45885,45551,1581,47132,549
2021-11-28,Santa Clara,085,1922200,151978,150436,1510,151946,1920
2021-11-28,Santa Cruz,087,273765,21371,21110,1020,22130,224
2021-11-28,Shasta,089,179085,22478,22316,3678,25994,400
2021-11-28,Sierra,091,2930,197,195,21,216,0
2021-11-28,Siskiyou,093,43540,3448,3372,1327,4699,55
2021-11-28,Solano,095,438530,47084,46385,1327,47712,356
2021-11-28,Sonoma,097,501317,42937,42583,555,43138,405
2021-11-28,Stanislaus,099,539301,81017,81181,9112,90293,1223
2021-11-28,Sutter,101,95872,14210,14192,380,14572,186
2021-11-28,Tehama,103,63373,8793,8720,1518,10238,130
2021-11-28,Trinity,105,12862,896,797,219,1016,17
2021-11-28,Tulare,107,460477,70833,69833,15800,85633,1095
2021-11-28,Tuolumne,109,53932,7681,7620,113,7733,90
2021-11-28,Ventura,111,848112,100306,99486,4362,103848,1190
2021-11-28,Yolo,113,214977,20583,20333,1041,21374,257
2021-11-28,Yuba,115,75493,10440,10391,365,10756,89
2021-11-27,Alameda,001,1643700,122482,121618,2842,124460,1477
2021-11-27,Alpine,003,1148,105,106,0,106,0
2021-11-27,Amador,005,37829,5735,5670,67,5737,66
2021-11-27,Butte,007,227075,21744,21384,4040,25424,309
2021-11-27,Calaveras,009,45235,4375,4294,61,4355,85
2021-11-27,Colusa,011,21464,2613,2568,663,3231,19
2021-11-27,Contra Costa,013,1133247,101982,100961,2273,103234,1045
2021-11-27,Del Norte,015,27424,3762,3661,55,3716,42
2021-11-27,El Dorado,017,186661,16743,16399,1775,18174,161
2021-11-27,Fresno,019,978130,145555,143386,13075,156461,2246
2021-11-27,Glenn,021,27897,3587,3532,1036,4568,36
2021-11-27,Humboldt,023,135768,9573,9399,651,10050,115
2021-11-27,Imperial,025,180216,35231,34611,3474,38085,769
2021-11-27,Inyo,027,18085,2543,2506,38,2544,45
2021-11-27,Kern,029,883053,132301,130245,23587,153832,1773
2021-11-27,Kings,031,150075,33364,32891,2001,34892,358
2021-11-27,Lake,033,64148,6925,6836,152,6988,110
2021-11-27,Lassen,035,31185,7046,6959,406,7365,47
2021-11-27,Los Angeles,037,10098052,1468691,1454495,54787,1509282,26817
2021-11-27,Madera,039,155013,24268,23880,2254,26134,296
2021-11-27,Marin,041,260295,18107,17857,494,18351,248
2021-11-27,Mariposa,043,17540,1429,1374,60,1434,6
2021-11-27,Mendocino,045,87422,8054,7871,650,8521,89
2021-11-27,Merced,047,269075,43236,42921,2061,44982,664
2021-11-27,Modoc,049,8938,589,551,200,751,5
2021-11-27,Mono,051,14174,1884,1810,23,1833,4
2021-11-27,Monterey,053,433212,49685,48400,3105,51505,625
2021-11-27,Napa,055,140530,13326,13256,114,13370,104
2021-11-27,Nevada,057,99092,9776,9584,342,9926,103
2021-11-27,Orange,059,3164182,314199,310809,15802,326611,5665
2021-11-27,Placer,061,380077,38639,38001,3819,41820,468
2021-11-27,Plumas,063,18699,1942,1860,43,1903,7
2021-11-27,Riverside,065,2383286,374213,367601,16540,384141,5306
2021-11-27,Sacramento,067,1510023,164067,162328,4842,167170,2335
2021-11-27,San Benito,069,59416,7629,7575,178,7753,77
2021-11-27,San Bernardino,071,2135413,365213,360033,11563,371596,5932
2021-11-27,San Diego,073,3302833,386154,382634,22580,405214,4319
2021-11-27,San Francisco,075,870044,54681,53830,2380,56210,669
2021-11-27,San Joaquin,077,732212,102490,101368,5534,106902,1833
2021-11-27,San Luis Obispo,079,281455,30552,29983,1308,31291,358
2021-11-27,San Mateo,081,765935,55615,54360,931,55291,577
2021-11-27,Santa Barbara,083,443738,45831,45318,1579,46897,548
2021-11-27,Santa Clara,085,1922200,151771,149700,1503,151203,1922
2021-11-27,Santa Cruz,087,273765,21331,20929,1017,21946,222
2021-11-27,Shasta,089,179085,22455,22151,3677,25828,396
2021-11-27,Sierra,091,2930,196,194,21,215,0
2021-11-27,Siskiyou,093,43540,3445,3336,1325,4661,54
2021-11-27,Solano,095,438530,47048,46163,1324,47487,356
2021-11-27,Sonoma,097,501317,42874,42368,555,42923,405
2021-11-27,Stanislaus,099,539301,80948,80782,9095,89877,1220
2021-11-27,Sutter,101,95872,14202,14127,379,14506,181
2021-11-27,Tehama,103,63373,8791,8675,1517,10192,129
2021-11-27,Trinity,105,12862,896,789,219,1008,17
2021-11-27,Tulare,107,460477,70780,69377,15784,85161,1082
2021-11-27,Tuolumne,109,53932,7668,7574,113,7687,90
2021-11-27,Ventura,111,848112,100233,99163,4355,103518,1188
2021-11-27,Yolo,113,214977,20555,20237,1039,21276,257
2021-11-27,Yuba,115,75493,10429,10335,365,10700,88
2021-11-26,Alameda,001,1643700,122374,121618,2840,124458,1477
2021-11-26,Alpine,003,1148,105,106,0,106,0
2021-11-26,Amador,005,37829,5731,5670,67,5737,66
2021-11-26,Butte,007,227075,21720,21384,4035,25419,309
2021-11-26,Calaveras,009,45235,4366,4294,61,4355,85
2021-11-26,Colusa,011,21464,2611,2568,662,3230,19
2021-11-26,Contra Costa,013,1133247,101894,100961,2269,103230,1045
2021-11-26,Del Norte,015,27424,3759,3661,55,3716,42
2021-11-26,El Dorado,017,186661,16726,16399,1772,18171,161
2021-11-26,Fresno,019,978130,145422,143386,13065,156451,2246
2021-11-26,Glenn,021,27897,3584,3532,1036,4568,36
2021-11-26,Humboldt,023,135768,9554,9399,647,10046,115
2021-11-26,Imperial,025,180216,35174,34611,3461,38072,769
2021-11-26,Inyo,027,18085,2543,2506,38,2544,45
2021-11-26,Kern,029,883053,132218,130245,23543,153788,1773
2021-11-26,Kings,031,150075,33340,32891,1999,34890,358
2021-11-26,Lake,033,64148,6923,6836,152,6988,110
2021-11-26,Lassen,035,31185,7040,6959,406,7365,47
2021-11-26,Los Angeles,037,10098052,1467842,1454495,54726,1509221,26817
2021-11-26,Madera,039,155013,24241,23880,2252,26132,296
2021-11-26,Marin,041,260295,18078,17857,494,18351,248
2021-11-26,Mariposa,043,17540,1423,1374,59,1433,6
2021-11-26,Mendocino,045,87422,8044,7871,650,8521,89
2021-11-26,Merced,047,269075,43206,42921,2057,44978,664
2021-11-26,Modoc,049,8938,587,551,200,751,5
2021-11-26,Mono,051,14174,1873,1810,23,1833,4
2021-11-26,Monterey,053,433212,49642,48400,3098,51498,625
2021-11-26,Napa,055,140530,13310,13256,114,13370,104
2021-11-26,Nevada,057,99092,9764,9584,342,9926,103
2021-11-26,Orange,059,3164182,313930,310809,15770,326579,5665
2021-11-26,Placer,061,380077,38594,38001,3811,41812,468
2021-11-26,Plumas,063,18699,1937,1860,43,1903,7
2021-11-26,Riverside,065,2383286,373811,367601,16533,384134,5306
2021-11-26,Sacramento,067,1510023,163954,162328,4837,167165,2335
2021-11-26,San Benito,069,59416,7621,7575,178,7753,77
2021-11-26,San Bernardino,071,2135413,364780,360033,11556,371589,5932
2021-11-26,San Diego,073,3302833,385609,382634,22568,405202,4319
2021-11-26,San Francisco,075,870044,54633,53830,2378,56208,669
2021-11-26,San Joaquin,077,732212,102433,101368,5533,106901,1833
2021-11-26,San Luis Obispo,079,281455,30510,29983,1305,31288,358
2021-11-26,San Mateo,081,765935,55552,54360,930,55290,577
2021-11-26,Santa Barbara,083,443738,45784,45318,1578,46896,548
2021-11-26,Santa Clara,085,1922200,151602,149700,1495,151195,1922
2021-11-26,Santa Cruz,087,273765,21291,20929,1017,21946,222
2021-11-26,Shasta,089,179085,22435,22151,3675,25826,396
2021-11-26,Sierra,091,2930,196,194,21,215,0
2021-11-26,Siskiyou,093,43540,3442,3336,1324,4660,54
2021-11-26,Solano,095,438530,47006,46163,1323,47486,356
2021-11-26,Sonoma,097,501317,42824,42368,553,42921,405
2021-11-26,Stanislaus,099,539301,80875,80782,9084,89866,1220
2021-11-26,Sutter,101,95872,14189,14127,378,14505,181
2021-11-26,Tehama,103,63373,8789,8675,1516,10191,129
2021-11-26,Trinity,105,12862,895,789,219,1008,17
2021-11-26,Tulare,107,460477,70734,69377,15752,85129,1082
2021-11-26,Tuolumne,109,53932,7658,7574,113,7687,90
2021-11-26,Ventura,111,848112,100153,99163,4350,103513,1188
2021-11-26,Yolo,113,214977,20535,20237,1033,21270,257
2021-11-26,Yuba,115,75493,10423,10335,365,10700,88
2021-11-25,Alameda,001,1643700,122265,121618,2835,124453,1477
2021-11-25,Alpine,003,1148,105,106,0,106,0
2021-11-25,Amador,005,37829,5723,5670,67,5737,66
2021-11-25,Butte,007,227075,21702,21384,4033,25417,309
2021-11-25,Calaveras,009,45235,4361,4294,61,4355,85
2021-11-25,Colusa,011,21464,2608,2568,660,3228,19
2021-11-25,Contra Costa,013,1133247,101790,100961,2266,103227,1045
2021-11-25,Del Norte,015,27424,3754,3661,55,3716,42
2021-11-25,El Dorado,017,186661,16707,16399,1772,18171,161
2021-11-25,Fresno,019,978130,145289,143386,13056,156442,2246
2021-11-25,Glenn,021,27897,3581,3532,1035,4567,36
2021-11-25,Humboldt,023,135768,9535,9399,644,10043,115
2021-11-25,Imperial,025,180216,35129,34611,3450,38061,769
2021-11-25,Inyo,027,18085,2541,2506,38,2544,45
2021-11-25,Kern,029,883053,132120,130245,23497,153742,1773
2021-11-25,Kings,031,150075,33312,32891,1998,34889,358
2021-11-25,Lake,033,64148,6916,6836,152,6988,110
2021-11-25,Lassen,035,31185,7038,6959,405,7364,47
2021-11-25,Los Angeles,037,10098052,1466873,1454495,54669,1509164,26817
2021-11-25,Madera,039,155013,24205,23880,2251,26131,296
2021-11-25,Marin,041,260295,18051,17857,488,18345,248
2021-11-25,Mariposa,043,17540,1420,1374,59,1433,6
2021-11-25,Mendocino,045,87422,8026,7871,650,8521,89
2021-11-25,Merced,047,269075,43167,42921,2051,44972,664
2021-11-25,Modoc,049,8938,586,551,200,751,5
2021-11-25,Mono,051,14174,1862,1810,23,1833,4
2021-11-25,Monterey,053,433212,49598,48400,3089,51489,625
2021-11-25,Napa,055,140530,13302,13256,114,13370,104
2021-11-25,Nevada,057,99092,9745,9584,339,9923,103
2021-11-25,Orange,059,3164182,313667,310809,15739,326548,5665
2021-11-25,Placer,061,380077,38548,38001,3805,41806,468
2021-11-25,Plumas,063,18699,1935,1860,43,1903,7
2021-11-25,Riverside,065,2383286,373396,367601,16526,384127,5306
2021-11-25,Sacramento,067,1510023,163775,162328,4831,167159,2335
2021-11-25,San Benito,069,59416,7614,7575,178,7753,77
2021-11-25,San Bernardino,071,2135413,364381,360033,11539,371572,5932
2021-11-25,San Diego,073,3302833,385167,382634,22549,405183,4319
2021-11-25,San Francisco,075,870044,54584,53830,2375,56205,669
2021-11-25,San Joaquin,077,732212,102351,101368,5529,106897,1833
2021-11-25,San Luis Obispo,079,281455,30480,29983,1303,31286,358
2021-11-25,San Mateo,081,765935,55503,54360,928,55288,577
2021-11-25,Santa Barbara,083,443738,45745,45318,1576,46894,548
2021-11-25,Santa Clara,085,1922200,151444,149700,1490,151190,1922
2021-11-25,Santa Cruz,087,273765,21258,20929,1017,21946,222
2021-11-25,Shasta,089,179085,22409,22151,3675,25826,396
2021-11-25,Sierra,091,2930,196,194,21,215,0
2021-11-25,Siskiyou,093,43540,3439,3336,1324,4660,54
2021-11-25,Solano,095,438530,46969,46163,1322,47485,356
2021-11-25,Sonoma,097,501317,42767,42368,549,42917,405
2021-11-25,Stanislaus,099,539301,80808,80782,9070,89852,1220
2021-11-25,Sutter,101,95872,14173,14127,377,14504,181
2021-11-25,Tehama,103,63373,8781,8675,1516,10191,129
2021-11-25,Trinity,105,12862,895,789,219,1008,17
2021-11-25,Tulare,107,460477,70666,69377,15726,85103,1082
2021-11-25,Tuolumne,109,53932,7646,7574,113,7687,90
2021-11-25,Ventura,111,848112,100087,99163,4347,103510,1188
2021-11-25,Yolo,113,214977,20504,20237,1030,21267,257
2021-11-25,Yuba,115,75493,10414,10335,364,10699,88
2021-11-24,Alameda,001,1643700,122202,121618,2831,124449,1477
2021-11-24,Alpine,003,1148,105,106,0,106,0
2021-11-24,Amador,005,37829,5713,5670,67,5737,66
2021-11-24,Butte,007,227075,21686,21384,4032,25416,309
2021-11-24,Calaveras,009,45235,4354,4294,61,4355,85
2021-11-24,Colusa,011,21464,2608,2568,659,3227,19
2021-11-24,Contra Costa,013,1133247,101751,100961,2263,103224,1045
2021-11-24,Del Norte,015,27424,3751,3661,55,3716,42
2021-11-24,El Dorado,017,186661,16696,16399,1771,18170,161
2021-11-24,Fresno,019,978130,145235,143386,13055,156441,2246
2021-11-24,Glenn,021,27897,3576,3532,1034,4566,36
2021-11-24,Humboldt,023,135768,9520,9399,644,10043,115
2021-11-24,Imperial,025,180216,35100,34611,3444,38055,769
2021-11-24,Inyo,027,18085,2538,2506,38,2544,45
2021-11-24,Kern,029,883053,132058,130245,23485,153730,1773
2021-11-24,Kings,031,150075,33298,32891,1997,34888,358
2021-11-24,Lake,033,64148,6912,6836,152,6988,110
2021-11-24,Lassen,035,31185,7038,6959,405,7364,47
2021-11-24,Los Angeles,037,10098052,1466388,1454495,54627,1509122,26817
2021-11-24,Madera,039,155013,24182,23880,2245,26125,296
2021-11-24,Marin,041,260295,18039,17857,486,18343,248
2021-11-24,Mariposa,043,17540,1420,1374,59,1433,6
2021-11-24,Mendocino,045,87422,8014,7871,650,8521,89
2021-11-24,Merced,047,269075,43135,42921,2048,44969,664
2021-11-24,Modoc,049,8938,586,551,200,751,5
2021-11-24,Mono,051,14174,1859,1810,23,1833,4
2021-11-24,Monterey,053,433212,49585,48400,3088,51488,625
2021-11-24,Napa,055,140530,13298,13256,114,13370,104
2021-11-24,Nevada,057,99092,9730,9584,339,9923,103
2021-11-24,Orange,059,3164182,313512,310809,15724,326533,5665
2021-11-24,Placer,061,380077,38515,38001,3803,41804,468
2021-11-24,Plumas,063,18699,1933,1860,43,1903,7
2021-11-24,Riverside,065,2383286,373217,367601,16520,384121,5306
2021-11-24,Sacramento,067,1510023,163704,162328,4831,167159,2335
2021-11-24,San Benito,069,59416,7612,7575,178,7753,77
2021-11-24,San Bernardino,071,2135413,364170,360033,11529,371562,5932
2021-11-24,San Diego,073,3302833,384909,382634,22536,405170,4319
2021-11-24,San Francisco,075,870044,54554,53830,2373,56203,669
2021-11-24,San Joaquin,077,732212,102310,101368,5526,106894,1833
2021-11-24,San Luis Obispo,079,281455,30461,29983,1303,31286,358
2021-11-24,San Mateo,081,765935,55473,54360,927,55287,577
2021-11-24,Santa Barbara,083,443738,45718,45318,1576,46894,548
2021-11-24,Santa Clara,085,1922200,151348,149700,1489,151189,1922
2021-11-24,Santa Cruz,087,273765,21235,20929,1016,21945,222
2021-11-24,Shasta,089,179085,22398,22151,3672,25823,396
2021-11-24,Sierra,091,2930,196,194,21,215,0
2021-11-24,Siskiyou,093,43540,3436,3336,1324,4660,54
2021-11-24,Solano,095,438530,46941,46163,1320,47483,356
2021-11-24,Sonoma,097,501317,42735,42368,547,42915,405
2021-11-24,Stanislaus,099,539301,80771,80782,9065,89847,1220
2021-11-24,Sutter,101,95872,14160,14127,375,14502,181
2021-11-24,Tehama,103,63373,8778,8675,1515,10190,129
2021-11-24,Trinity,105,12862,895,789,219,1008,17
2021-11-24,Tulare,107,460477,70642,69377,15707,85084,1082
2021-11-24,Tuolumne,109,53932,7642,7574,113,7687,90
2021-11-24,Ventura,111,848112,100052,99163,4343,103506,1188
2021-11-24,Yolo,113,214977,20495,20237,1030,21267,257
2021-11-24,Yuba,115,75493,10410,10335,363,10698,88
2021-11-23,Alameda,001,1643700,122084,121618,2824,124442,1477
2021-11-23,Alpine,003,1148,105,106,0,106,0
2021-11-23,Amador,005,37829,5706,5670,67,5737,66
2021-11-23,Butte,007,227075,21657,21384,4028,25412,309
2021-11-23,Calaveras,009,45235,4348,4294,60,4354,85
2021-11-23,Colusa,011,21464,2604,2568,657,3225,19
2021-11-23,Contra Costa,013,1133247,101644,100961,2261,103222,1045
2021-11-23,Del Norte,015,27424,3748,3661,55,3716,42
2021-11-23,El Dorado,017,186661,16665,16399,1768,18167,161
2021-11-23,Fresno,019,978130,145096,143386,13046,156432,2246
2021-11-23,Glenn,021,27897,3571,3532,1034,4566,36
2021-11-23,Humboldt,023,135768,9498,9399,641,10040,115
2021-11-23,Imperial,025,180216,35031,34611,3425,38036,769
2021-11-23,Inyo,027,18085,2534,2506,38,2544,45
2021-11-23,Kern,029,883053,131950,130245,23436,153681,1773
2021-11-23,Kings,031,150075,33256,32891,1996,34887,358
2021-11-23,Lake,033,64148,6907,6836,152,6988,110
2021-11-23,Lassen,035,31185,7035,6959,402,7361,47
2021-11-23,Los Angeles,037,10098052,1465379,1454495,54560,1509055,26817
2021-11-23,Madera,039,155013,24156,23880,2243,26123,296
2021-11-23,Marin,041,260295,18008,17857,483,18340,248
2021-11-23,Mariposa,043,17540,1417,1374,59,1433,6
2021-11-23,Mendocino,045,87422,7993,7871,647,8518,89
2021-11-23,Merced,047,269075,43097,42921,2047,44968,664
2021-11-23,Modoc,049,8938,584,551,200,751,5
2021-11-23,Mono,051,14174,1845,1810,23,1833,4
2021-11-23,Monterey,053,433212,49549,48400,3082,51482,625
2021-11-23,Napa,055,140530,13290,13256,114,13370,104
2021-11-23,Nevada,057,99092,9701,9584,338,9922,103
2021-11-23,Orange,059,3164182,313262,310809,15688,326497,5665
2021-11-23,Placer,061,380077,38456,38001,3786,41787,468
2021-11-23,Plumas,063,18699,1929,1860,43,1903,7
2021-11-23,Riverside,065,2383286,372834,367601,16507,384108,5306
2021-11-23,Sacramento,067,1510023,163518,162328,4820,167148,2335
2021-11-23,San Benito,069,59416,7603,7575,176,7751,77
2021-11-23,San Bernardino,071,2135413,363753,360033,11514,371547,5932
2021-11-23,San Diego,073,3302833,384424,382634,22513,405147,4319
2021-11-23,San Francisco,075,870044,54495,53830,2371,56201,669
2021-11-23,San Joaquin,077,732212,102199,101368,5515,106883,1833
2021-11-23,San Luis Obispo,079,281455,30426,29983,1300,31283,358
2021-11-23,San Mateo,081,765935,55423,54360,926,55286,577
2021-11-23,Santa Barbara,083,443738,45665,45318,1576,46894,548
2021-11-23,Santa Clara,085,1922200,151138,149700,1477,151177,1922
2021-11-23,Santa Cruz,087,273765,21197,20929,1016,21945,222
2021-11-23,Shasta,089,179085,22362,22151,3670,25821,396
2021-11-23,Sierra,091,2930,196,194,21,215,0
2021-11-23,Siskiyou,093,43540,3431,3336,1323,4659,54
2021-11-23,Solano,095,438530,46887,46163,1316,47479,356
2021-11-23,Sonoma,097,501317,42684,42368,544,42912,405
2021-11-23,Stanislaus,099,539301,80701,80782,9053,89835,1220
2021-11-23,Sutter,101,95872,14144,14127,374,14501,181
2021-11-23,Tehama,103,63373,8765,8675,1514,10189,129
2021-11-23,Trinity,105,12862,894,789,219,1008,17
2021-11-23,Tulare,107,460477,70595,69377,15677,85054,1082
2021-11-23,Tuolumne,109,53932,7630,7574,112,7686,90
2021-11-23,Ventura,111,848112,99969,99163,4337,103500,1188
2021-11-23,Yolo,113,214977,20472,20237,1024,21261,257
2021-11-23,Yuba,115,75493,10398,10335,363,10698,88
2021-11-22,Alameda,001,1643700,121969,121566,2823,124389,1475
2021-11-22,Alpine,003,1148,105,106,0,106,0
2021-11-22,Amador,005,37829,5693,5670,67,5737,66
2021-11-22,Butte,007,227075,21618,21363,4023,25386,305
2021-11-22,Calaveras,009,45235,4336,4294,60,4354,84
2021-11-22,Colusa,011,21464,2601,2565,657,3222,19
2021-11-22,Contra Costa,013,1133247,101556,100877,2256,103133,1045
2021-11-22,Del Norte,015,27424,3745,3659,55,3714,42
2021-11-22,El Dorado,017,186661,16642,16378,1765,18143,161
2021-11-22,Fresno,019,978130,144963,143290,13038,156328,2243
2021-11-22,Glenn,021,27897,3566,3530,1033,4563,36
2021-11-22,Humboldt,023,135768,9472,9389,636,10025,115
2021-11-22,Imperial,025,180216,34970,34562,3411,37973,766
2021-11-22,Inyo,027,18085,2528,2501,38,2539,44
2021-11-22,Kern,029,883053,131789,130091,23387,153478,1762
2021-11-22,Kings,031,150075,33219,32867,1991,34858,358
2021-11-22,Lake,033,64148,6902,6837,152,6989,110
2021-11-22,Lassen,035,31185,7033,6954,401,7355,47
2021-11-22,Los Angeles,037,10098052,1464314,1453945,54478,1508423,26800
2021-11-22,Madera,039,155013,24122,23872,2235,26107,296
2021-11-22,Marin,041,260295,17977,17842,481,18323,248
2021-11-22,Mariposa,043,17540,1413,1372,59,1431,6
2021-11-22,Mendocino,045,87422,7977,7859,646,8505,89
2021-11-22,Merced,047,269075,43046,42898,2036,44934,660
2021-11-22,Modoc,049,8938,583,551,200,751,5
2021-11-22,Mono,051,14174,1838,1809,23,1832,4
2021-11-22,Monterey,053,433212,49521,48374,3078,51452,611
2021-11-22,Napa,055,140530,13281,13255,113,13368,104
2021-11-22,Nevada,057,99092,9684,9575,336,9911,96
2021-11-22,Orange,059,3164182,313020,310654,15662,326316,5663
2021-11-22,Placer,061,380077,38409,37956,3778,41734,465
2021-11-22,Plumas,063,18699,1926,1858,43,1901,7
2021-11-22,Riverside,065,2383286,372397,367301,16498,383799,5283
2021-11-22,Sacramento,067,1510023,163326,162222,4811,167033,2328
2021-11-22,San Benito,069,59416,7583,7567,176,7743,77
2021-11-22,San Bernardino,071,2135413,363336,359851,11503,371354,5916
2021-11-22,San Diego,073,3302833,383930,382132,22489,404621,4317
2021-11-22,San Francisco,075,870044,54403,53778,2365,56143,669
2021-11-22,San Joaquin,077,732212,102074,101299,5510,106809,1833
2021-11-22,San Luis Obispo,079,281455,30400,29963,1297,31260,358
2021-11-22,San Mateo,081,765935,55366,54330,924,55254,577
2021-11-22,Santa Barbara,083,443738,45589,45279,1576,46855,546
2021-11-22,Santa Clara,085,1922200,150953,149541,1467,151008,1919
2021-11-22,Santa Cruz,087,273765,21156,20891,1016,21907,222
2021-11-22,Shasta,089,179085,22348,22116,3665,25781,393
2021-11-22,Sierra,091,2930,196,193,21,214,0
2021-11-22,Siskiyou,093,43540,3426,3336,1321,4657,54
2021-11-22,Solano,095,438530,46838,46153,1314,47467,356
2021-11-22,Sonoma,097,501317,42623,42344,543,42887,404
2021-11-22,Stanislaus,099,539301,80614,80718,9043,89761,1209
2021-11-22,Sutter,101,95872,14128,14125,372,14497,181
2021-11-22,Tehama,103,63373,8758,8669,1509,10178,127
2021-11-22,Trinity,105,12862,893,785,219,1004,17
2021-11-22,Tulare,107,460477,70534,69314,15641,84955,1075
2021-11-22,Tuolumne,109,53932,7615,7567,112,7679,90
2021-11-22,Ventura,111,848112,99903,99114,4334,103448,1186
2021-11-22,Yolo,113,214977,20449,20227,1022,21249,257
2021-11-22,Yuba,115,75493,10389,10332,362,10694,88
2021-11-21,Alameda,001,1643700,121837,121443,2819,124262,1475
2021-11-21,Alpine,003,1148,103,106,0,106,0
2021-11-21,Amador,005,37829,5688,5662,66,5728,66
2021-11-21,Butte,007,227075,21576,21342,4018,25360,306
2021-11-21,Calaveras,009,45235,4327,4287,60,4347,84
2021-11-21,Colusa,011,21464,2597,2562,656,3218,19
2021-11-21,Contra Costa,013,1133247,101454,100807,2249,103056,1045
2021-11-21,Del Norte,015,27424,3741,3659,55,3714,42
2021-11-21,El Dorado,017,186661,16615,16370,1759,18129,161
2021-11-21,Fresno,019,978130,144791,143203,13018,156221,2242
2021-11-21,Glenn,021,27897,3561,3529,1033,4562,36
2021-11-21,Humboldt,023,135768,9450,9378,635,10013,115
2021-11-21,Imperial,025,180216,34882,34527,3401,37928,766
2021-11-21,Inyo,027,18085,2521,2501,38,2539,44
2021-11-21,Kern,029,883053,131625,130020,23341,153361,1762
2021-11-21,Kings,031,150075,33181,32843,1987,34830,356
2021-11-21,Lake,033,64148,6895,6834,152,6986,110
2021-11-21,Lassen,035,31185,7024,6953,401,7354,47
2021-11-21,Los Angeles,037,10098052,1463254,1453181,54423,1507604,26793
2021-11-21,Madera,039,155013,24097,23856,2230,26086,296
2021-11-21,Marin,041,260295,17948,17829,478,18307,248
2021-11-21,Mariposa,043,17540,1412,1371,58,1429,6
2021-11-21,Mendocino,045,87422,7971,7846,643,8489,89
2021-11-21,Merced,047,269075,42991,42881,2033,44914,660
2021-11-21,Modoc,049,8938,579,551,200,751,5
2021-11-21,Mono,051,14174,1828,1799,22,1821,4
2021-11-21,Monterey,053,433212,49475,48358,3069,51427,611
2021-11-21,Napa,055,140530,13269,13250,113,13363,104
2021-11-21,Nevada,057,99092,9658,9556,335,9891,96
2021-11-21,Orange,059,3164182,312764,310477,15631,326108,5663
2021-11-21,Placer,061,380077,38328,37929,3777,41706,465
2021-11-21,Plumas,063,18699,1921,1858,43,1901,7
2021-11-21,Riverside,065,2383286,371905,367093,16490,383583,5283
2021-11-21,Sacramento,067,1510023,163109,162087,4801,166888,2327
2021-11-21,San Benito,069,59416,7569,7563,175,7738,77
2021-11-21,San Bernardino,071,2135413,362841,359621,11468,371089,5912
2021-11-21,San Diego,073,3302833,383399,380747,22464,403211,4317
2021-11-21,San Francisco,075,870044,54334,53741,2360,56101,669
2021-11-21,San Joaquin,077,732212,101967,101264,5497,106761,1833
2021-11-21,San Luis Obispo,079,281455,30362,29948,1297,31245,358
2021-11-21,San Mateo,081,765935,55314,54290,922,55212,577
2021-11-21,Santa Barbara,083,443738,45529,45237,1573,46810,546
2021-11-21,Santa Clara,085,1922200,150747,149387,1448,150835,1918
2021-11-21,Santa Cruz,087,273765,21112,20866,1014,21880,222
2021-11-21,Shasta,089,179085,22317,22112,3663,25775,393
2021-11-21,Sierra,091,2930,196,193,21,214,0
2021-11-21,Siskiyou,093,43540,3421,3333,1320,4653,54
2021-11-21,Solano,095,438530,46782,46122,1307,47429,356
2021-11-21,Sonoma,097,501317,42563,42298,542,42840,404
2021-11-21,Stanislaus,099,539301,80519,80687,9028,89715,1209
2021-11-21,Sutter,101,95872,14114,14111,372,14483,181
2021-11-21,Tehama,103,63373,8752,8669,1508,10177,127
2021-11-21,Trinity,105,12862,891,784,217,1001,17
2021-11-21,Tulare,107,460477,70451,69285,15603,84888,1075
2021-11-21,Tuolumne,109,53932,7607,7560,111,7671,90
2021-11-21,Ventura,111,848112,99812,99081,4331,103412,1186
2021-11-21,Yolo,113,214977,20421,20209,1019,21228,257
2021-11-21,Yuba,115,75493,10380,10326,362,10688,88
2021-11-20,Alameda,001,1643700,121743,121059,2813,123872,1473
2021-11-20,Alpine,003,1148,103,105,0,105,0
2021-11-20,Amador,005,37829,5682,5652,65,5717,66
2021-11-20,Butte,007,227075,21561,21265,4014,25279,300
2021-11-20,Calaveras,009,45235,4317,4268,60,4328,84
2021-11-20,Colusa,011,21464,2596,2549,655,3204,19
2021-11-20,Contra Costa,013,1133247,101377,100491,2245,102736,1043
2021-11-20,Del Norte,015,27424,3738,3637,55,3692,42
2021-11-20,El Dorado,017,186661,16594,16308,1757,18065,161
2021-11-20,Fresno,019,978130,144722,142579,13009,155588,2233
2021-11-20,Glenn,021,27897,3560,3526,1032,4558,35
2021-11-20,Humboldt,023,135768,9437,9302,633,9935,115
2021-11-20,Imperial,025,180216,34830,34312,3395,37707,766
2021-11-20,Inyo,027,18085,2520,2467,38,2505,44
2021-11-20,Kern,029,883053,131524,129488,23304,152792,1750
2021-11-20,Kings,031,150075,33171,32720,1987,34707,354
2021-11-20,Lake,033,64148,6892,6808,152,6960,110
2021-11-20,Lassen,035,31185,7023,6931,401,7332,47
2021-11-20,Los Angeles,037,10098052,1462635,1448963,54375,1503338,26741
2021-11-20,Madera,039,155013,24083,23720,2226,25946,296
2021-11-20,Marin,041,260295,17933,17774,478,18252,248
2021-11-20,Mariposa,043,17540,1411,1354,58,1412,6
2021-11-20,Mendocino,045,87422,7963,7773,643,8416,89
2021-11-20,Merced,047,269075,42965,42692,2033,44725,656
2021-11-20,Modoc,049,8938,578,550,200,750,5
2021-11-20,Mono,051,14174,1822,1767,22,1789,4
2021-11-20,Monterey,053,433212,49462,48260,3064,51324,609
2021-11-20,Napa,055,140530,13266,13184,113,13297,103
2021-11-20,Nevada,057,99092,9642,9480,335,9815,92
2021-11-20,Orange,059,3164182,312564,309672,15614,325286,5658
2021-11-20,Placer,061,380077,38288,37800,3772,41572,462
2021-11-20,Plumas,063,18699,1917,1841,43,1884,7
2021-11-20,Riverside,065,2383286,371632,365809,16478,382287,5265
2021-11-20,Sacramento,067,1510023,163005,161533,4797,166330,2316
2021-11-20,San Benito,069,59416,7565,7533,175,7708,77
2021-11-20,San Bernardino,071,2135413,362561,358322,11457,369779,5897
2021-11-20,San Diego,073,3302833,383073,380147,22438,402585,4311
2021-11-20,San Francisco,075,870044,54295,53525,2359,55884,669
2021-11-20,San Joaquin,077,732212,101917,100922,5492,106414,1832
2021-11-20,San Luis Obispo,079,281455,30348,29815,1296,31111,355
2021-11-20,San Mateo,081,765935,55280,54132,921,55053,577
2021-11-20,Santa Barbara,083,443738,45497,45074,1573,46647,544
2021-11-20,Santa Clara,085,1922200,150640,148829,1447,150276,1917
2021-11-20,Santa Cruz,087,273765,21094,20756,1014,21770,222
2021-11-20,Shasta,089,179085,22293,21968,3662,25630,383
2021-11-20,Sierra,091,2930,196,191,21,212,0
2021-11-20,Siskiyou,093,43540,3418,3313,1320,4633,54
2021-11-20,Solano,095,438530,46761,46006,1307,47313,356
2021-11-20,Sonoma,097,501317,42532,42151,542,42693,403
2021-11-20,Stanislaus,099,539301,80473,80412,9024,89436,1205
2021-11-20,Sutter,101,95872,14106,14074,372,14446,181
2021-11-20,Tehama,103,63373,8747,8648,1508,10156,125
2021-11-20,Trinity,105,12862,887,771,217,988,17
2021-11-20,Tulare,107,460477,70412,69074,15582,84656,1054
2021-11-20,Tuolumne,109,53932,7599,7511,111,7622,90
2021-11-20,Ventura,111,848112,99763,98893,4324,103217,1186
2021-11-20,Yolo,113,214977,20412,20139,1016,21155,257
2021-11-20,Yuba,115,75493,10374,10290,361,10651,88
2021-11-19,Alameda,001,1643700,121669,121059,2810,123869,1473
2021-11-19,Alpine,003,1148,103,105,0,105,0
2021-11-19,Amador,005,37829,5672,5652,65,5717,66
2021-11-19,Butte,007,227075,21538,21265,4007,25272,300
2021-11-19,Calaveras,009,45235,4310,4268,60,4328,84
2021-11-19,Colusa,011,21464,2594,2549,654,3203,19
2021-11-19,Contra Costa,013,1133247,101320,100491,2240,102731,1043
2021-11-19,Del Norte,015,27424,3733,3637,55,3692,42
2021-11-19,El Dorado,017,186661,16572,16308,1755,18063,161
2021-11-19,Fresno,019,978130,144605,142579,13000,155579,2233
2021-11-19,Glenn,021,27897,3559,3526,1031,4557,35
2021-11-19,Humboldt,023,135768,9425,9302,630,9932,115
2021-11-19,Imperial,025,180216,34793,34312,3388,37700,766
2021-11-19,Inyo,027,18085,2516,2467,38,2505,44
2021-11-19,Kern,029,883053,131421,129488,23261,152749,1750
2021-11-19,Kings,031,150075,33146,32720,1985,34705,354
2021-11-19,Lake,033,64148,6889,6808,152,6960,110
2021-11-19,Lassen,035,31185,7018,6931,400,7331,47
2021-11-19,Los Angeles,037,10098052,1461947,1448963,54322,1503285,26741
2021-11-19,Madera,039,155013,24062,23720,2221,25941,296
2021-11-19,Marin,041,260295,17915,17774,476,18250,248
2021-11-19,Mariposa,043,17540,1409,1354,58,1412,6
2021-11-19,Mendocino,045,87422,7943,7773,643,8416,89
2021-11-19,Merced,047,269075,42939,42692,2032,44724,656
2021-11-19,Modoc,049,8938,577,550,200,750,5
2021-11-19,Mono,051,14174,1811,1767,22,1789,4
2021-11-19,Monterey,053,433212,49440,48260,3064,51324,609
2021-11-19,Napa,055,140530,13255,13184,112,13296,103
2021-11-19,Nevada,057,99092,9629,9480,335,9815,92
2021-11-19,Orange,059,3164182,312410,309672,15589,325261,5658
2021-11-19,Placer,061,380077,38251,37800,3768,41568,462
2021-11-19,Plumas,063,18699,1913,1841,43,1884,7
2021-11-19,Riverside,065,2383286,371358,365809,16474,382283,5265
2021-11-19,Sacramento,067,1510023,162880,161533,4793,166326,2316
2021-11-19,San Benito,069,59416,7559,7533,173,7706,77
2021-11-19,San Bernardino,071,2135413,362238,358322,11448,369770,5897
2021-11-19,San Diego,073,3302833,382682,380147,22412,402559,4311
2021-11-19,San Francisco,075,870044,54257,53525,2359,55884,669
2021-11-19,San Joaquin,077,732212,101859,100922,5488,106410,1832
2021-11-19,San Luis Obispo,079,281455,30330,29815,1294,31109,355
2021-11-19,San Mateo,081,765935,55232,54132,917,55049,577
2021-11-19,Santa Barbara,083,443738,45460,45074,1573,46647,544
2021-11-19,Santa Clara,085,1922200,150492,148829,1444,150273,1917
2021-11-19,Santa Cruz,087,273765,21067,20756,1011,21767,222
2021-11-19,Shasta,089,179085,22281,21968,3661,25629,383
2021-11-19,Sierra,091,2930,196,191,21,212,0
2021-11-19,Siskiyou,093,43540,3415,3313,1320,4633,54
2021-11-19,Solano,095,438530,46730,46006,1303,47309,356
2021-11-19,Sonoma,097,501317,42499,42151,539,42690,403
2021-11-19,Stanislaus,099,539301,80415,80412,9015,89427,1205
2021-11-19,Sutter,101,95872,14104,14074,372,14446,181
2021-11-19,Tehama,103,63373,8744,8648,1508,10156,125
2021-11-19,Trinity,105,12862,885,771,217,988,17
2021-11-19,Tulare,107,460477,70371,69074,15556,84630,1054
2021-11-19,Tuolumne,109,53932,7588,7511,111,7622,90
2021-11-19,Ventura,111,848112,99698,98893,4321,103214,1186
2021-11-19,Yolo,113,214977,20400,20139,1015,21154,257
2021-11-19,Yuba,115,75493,10371,10290,361,10651,88
2021-11-18,Alameda,001,1643700,121545,121059,2803,123862,1473
2021-11-18,Alpine,003,1148,103,105,0,105,0
2021-11-18,Amador,005,37829,5670,5652,65,5717,66
2021-11-18,Butte,007,227075,21521,21265,4000,25265,300
2021-11-18,Calaveras,009,45235,4303,4268,59,4327,84
2021-11-18,Colusa,011,21464,2586,2549,654,3203,19
2021-11-18,Contra Costa,013,1133247,101218,100491,2232,102723,1043
2021-11-18,Del Norte,015,27424,3730,3637,55,3692,42
2021-11-18,El Dorado,017,186661,16551,16308,1752,18060,161
2021-11-18,Fresno,019,978130,144465,142579,12990,155569,2233
2021-11-18,Glenn,021,27897,3558,3526,1030,4556,35
2021-11-18,Humboldt,023,135768,9408,9302,625,9927,115
2021-11-18,Imperial,025,180216,34738,34312,3372,37684,766
2021-11-18,Inyo,027,18085,2508,2467,38,2505,44
2021-11-18,Kern,029,883053,131273,129488,23214,152702,1750
2021-11-18,Kings,031,150075,33109,32720,1982,34702,354
2021-11-18,Lake,033,64148,6884,6808,152,6960,110
2021-11-18,Lassen,035,31185,7015,6931,395,7326,47
2021-11-18,Los Angeles,037,10098052,1460959,1448963,54262,1503225,26741
2021-11-18,Madera,039,155013,24037,23720,2217,25937,296
2021-11-18,Marin,041,260295,17898,17774,472,18246,248
2021-11-18,Mariposa,043,17540,1406,1354,58,1412,6
2021-11-18,Mendocino,045,87422,7921,7773,634,8407,89
2021-11-18,Merced,047,269075,42882,42692,2030,44722,656
2021-11-18,Modoc,049,8938,565,550,200,750,5
2021-11-18,Mono,051,14174,1803,1767,22,1789,4
2021-11-18,Monterey,053,433212,49415,48260,3059,51319,609
2021-11-18,Napa,055,140530,13243,13184,111,13295,103
2021-11-18,Nevada,057,99092,9605,9480,335,9815,92
2021-11-18,Orange,059,3164182,312173,309672,15569,325241,5658
2021-11-18,Placer,061,380077,38208,37800,3757,41557,462
2021-11-18,Plumas,063,18699,1912,1841,43,1884,7
2021-11-18,Riverside,065,2383286,370983,365809,16461,382270,5265
2021-11-18,Sacramento,067,1510023,162652,161533,4778,166311,2316
2021-11-18,San Benito,069,59416,7549,7533,173,7706,77
2021-11-18,San Bernardino,071,2135413,361805,358322,11429,369751,5897
2021-11-18,San Diego,073,3302833,382185,380147,22395,402542,4311
2021-11-18,San Francisco,075,870044,54205,53525,2355,55880,669
2021-11-18,San Joaquin,077,732212,101766,100922,5479,106401,1832
2021-11-18,San Luis Obispo,079,281455,30300,29815,1293,31108,355
2021-11-18,San Mateo,081,765935,55173,54132,914,55046,577
2021-11-18,Santa Barbara,083,443738,45414,45074,1566,46640,544
2021-11-18,Santa Clara,085,1922200,150301,148829,1436,150265,1917
2021-11-18,Santa Cruz,087,273765,21016,20756,1010,21766,222
2021-11-18,Shasta,089,179085,22245,21968,3656,25624,383
2021-11-18,Sierra,091,2930,195,191,21,212,0
2021-11-18,Siskiyou,093,43540,3415,3313,1316,4629,54
2021-11-18,Solano,095,438530,46687,46006,1301,47307,356
2021-11-18,Sonoma,097,501317,42450,42151,537,42688,403
2021-11-18,Stanislaus,099,539301,80348,80412,9007,89419,1205
2021-11-18,Sutter,101,95872,14093,14074,371,14445,181
2021-11-18,Tehama,103,63373,8739,8648,1508,10156,125
2021-11-18,Trinity,105,12862,884,771,217,988,17
2021-11-18,Tulare,107,460477,70297,69074,15512,84586,1054
2021-11-18,Tuolumne,109,53932,7578,7511,111,7622,90
2021-11-18,Ventura,111,848112,99621,98893,4317,103210,1186
2021-11-18,Yolo,113,214977,20383,20139,1011,21150,257
2021-11-18,Yuba,115,75493,10365,10290,361,10651,88
2021-11-17,Alameda,001,1643700,121423,120913,2802,123715,1472
2021-11-17,Alpine,003,1148,103,105,0,105,0
2021-11-17,Amador,005,37829,5664,5646,65,5711,66
2021-11-17,Butte,007,227075,21495,21230,3997,25227,300
2021-11-17,Calaveras,009,45235,4296,4259,59,4318,84
2021-11-17,Colusa,011,21464,2583,2546,653,3199,19
2021-11-17,Contra Costa,013,1133247,101126,100387,2228,102615,1039
2021-11-17,Del Norte,015,27424,3727,3630,55,3685,42
2021-11-17,El Dorado,017,186661,16531,16269,1751,18020,161
2021-11-17,Fresno,019,978130,144282,142366,12977,155343,2230
2021-11-17,Glenn,021,27897,3556,3527,1028,4555,34
2021-11-17,Humboldt,023,135768,9397,9270,622,9892,115
2021-11-17,Imperial,025,180216,34682,34256,3351,37607,766
2021-11-17,Inyo,027,18085,2502,2457,38,2495,44
2021-11-17,Kern,029,883053,131100,129307,23172,152479,1743
2021-11-17,Kings,031,150075,33082,32669,1978,34647,352
2021-11-17,Lake,033,64148,6880,6795,151,6946,110
2021-11-17,Lassen,035,31185,7013,6918,395,7313,47
2021-11-17,Los Angeles,037,10098052,1459862,1447947,54195,1502142,26721
2021-11-17,Madera,039,155013,24004,23673,2215,25888,287
2021-11-17,Marin,041,260295,17878,17757,470,18227,248
2021-11-17,Mariposa,043,17540,1402,1353,58,1411,6
2021-11-17,Mendocino,045,87422,7913,7735,633,8368,89
2021-11-17,Merced,047,269075,42823,42612,2025,44637,654
2021-11-17,Modoc,049,8938,561,540,200,740,5
2021-11-17,Mono,051,14174,1799,1765,22,1787,5
2021-11-17,Monterey,053,433212,49367,48221,3048,51269,609
2021-11-17,Napa,055,140530,13221,13167,111,13278,103
2021-11-17,Nevada,057,99092,9592,9447,335,9782,92
2021-11-17,Orange,059,3164182,311926,309396,15535,324931,5651
2021-11-17,Placer,061,380077,38160,37725,3749,41474,460
2021-11-17,Plumas,063,18699,1907,1833,43,1876,7
2021-11-17,Riverside,065,2383286,370572,365406,16448,381854,5229
2021-11-17,Sacramento,067,1510023,162482,161269,4771,166040,2302
2021-11-17,San Benito,069,59416,7542,7524,173,7697,77
2021-11-17,San Bernardino,071,2135413,361440,357947,11412,369359,5893
2021-11-17,San Diego,073,3302833,381694,379769,22369,402138,4301
2021-11-17,San Francisco,075,870044,54150,53469,2352,55821,667
2021-11-17,San Joaquin,077,732212,101664,100764,5474,106238,1828
2021-11-17,San Luis Obispo,079,281455,30274,29731,1290,31021,354
2021-11-17,San Mateo,081,765935,55105,54092,911,55003,577
2021-11-17,Santa Barbara,083,443738,45375,45000,1566,46566,542
2021-11-17,Santa Clara,085,1922200,150137,148626,1428,150054,1915
2021-11-17,Santa Cruz,087,273765,20981,20700,1010,21710,222
2021-11-17,Shasta,089,179085,22212,21883,3654,25537,382
2021-11-17,Sierra,091,2930,194,189,21,210,0
2021-11-17,Siskiyou,093,43540,3411,3307,1313,4620,54
2021-11-17,Solano,095,438530,46654,45948,1300,47248,353
2021-11-17,Sonoma,097,501317,42404,42093,534,42627,403
2021-11-17,Stanislaus,099,539301,80259,80276,8997,89273,1199
2021-11-17,Sutter,101,95872,14079,14064,369,14433,181
2021-11-17,Tehama,103,63373,8729,8633,1505,10138,125
2021-11-17,Trinity,105,12862,883,765,217,982,17
2021-11-17,Tulare,107,460477,70226,68977,15485,84462,1047
2021-11-17,Tuolumne,109,53932,7561,7485,111,7596,90
2021-11-17,Ventura,111,848112,99559,98812,4311,103123,1183
2021-11-17,Yolo,113,214977,20364,20100,1009,21109,257
2021-11-17,Yuba,115,75493,10353,10275,357,10632,88
2021-11-16,Alameda,001,1643700,121315,120809,2798,123607,1467
2021-11-16,Alpine,003,1148,103,105,0,105,0
2021-11-16,Amador,005,37829,5658,5644,65,5709,66
2021-11-16,Butte,007,227075,21469,21208,3992,25200,297
2021-11-16,Calaveras,009,45235,4287,4249,59,4308,83
2021-11-16,Colusa,011,21464,2577,2538,653,3191,19
2021-11-16,Contra Costa,013,1133247,101005,100320,2225,102545,1038
2021-11-16,Del Norte,015,27424,3721,3630,55,3685,42
2021-11-16,El Dorado,017,186661,16505,16248,1749,17997,159
2021-11-16,Fresno,019,978130,144096,142200,12955,155155,2218
2021-11-16,Glenn,021,27897,3555,3527,1025,4552,34
2021-11-16,Humboldt,023,135768,9376,9252,618,9870,115
2021-11-16,Imperial,025,180216,34598,34177,3337,37514,766
2021-11-16,Inyo,027,18085,2495,2449,38,2487,42
2021-11-16,Kern,029,883053,130940,129136,23111,152247,1735
2021-11-16,Kings,031,150075,33030,32614,1971,34585,350
2021-11-16,Lake,033,64148,6875,6789,151,6940,110
2021-11-16,Lassen,035,31185,7003,6915,395,7310,47
2021-11-16,Los Angeles,037,10098052,1458694,1446815,54123,1500938,26703
2021-11-16,Madera,039,155013,23966,23642,2209,25851,287
2021-11-16,Marin,041,260295,17859,17736,469,18205,248
2021-11-16,Mariposa,043,17540,1394,1349,57,1406,6
2021-11-16,Mendocino,045,87422,7871,7723,629,8352,89
2021-11-16,Merced,047,269075,42786,42578,2018,44596,653
2021-11-16,Modoc,049,8938,560,539,199,738,5
2021-11-16,Mono,051,14174,1790,1767,22,1789,4
2021-11-16,Monterey,053,433212,49337,48195,3034,51229,609
2021-11-16,Napa,055,140530,13210,13151,111,13262,103
2021-11-16,Nevada,057,99092,9575,9435,334,9769,92
2021-11-16,Orange,059,3164182,311659,309170,15501,324671,5651
2021-11-16,Placer,061,380077,38118,37676,3743,41419,459
2021-11-16,Plumas,063,18699,1898,1832,43,1875,7
2021-11-16,Riverside,065,2383286,370150,365078,16426,381504,5208
2021-11-16,Sacramento,067,1510023,162302,161102,4759,165861,2299
2021-11-16,San Benito,069,59416,7528,7513,173,7686,77
2021-11-16,San Bernardino,071,2135413,361015,357528,11359,368887,5901
2021-11-16,San Diego,073,3302833,381139,379435,22342,401777,4287
2021-11-16,San Francisco,075,870044,54077,53415,2344,55759,667
2021-11-16,San Joaquin,077,732212,101524,100637,5459,106096,1807
2021-11-16,San Luis Obispo,079,281455,30242,29703,1287,30990,356
2021-11-16,San Mateo,081,765935,55043,54034,909,54943,577
2021-11-16,Santa Barbara,083,443738,45307,44932,1563,46495,539
2021-11-16,Santa Clara,085,1922200,149955,148452,1416,149868,1916
2021-11-16,Santa Cruz,087,273765,20936,20684,1008,21692,222
2021-11-16,Shasta,089,179085,22173,21853,3650,25503,379
2021-11-16,Sierra,091,2930,194,189,21,210,0
2021-11-16,Siskiyou,093,43540,3408,3304,1311,4615,54
2021-11-16,Solano,095,438530,46614,45908,1299,47207,351
2021-11-16,Sonoma,097,501317,42355,42056,533,42589,401
2021-11-16,Stanislaus,099,539301,80162,80214,8974,89188,1196
2021-11-16,Sutter,101,95872,14067,14058,368,14426,181
2021-11-16,Tehama,103,63373,8722,8621,1498,10119,125
2021-11-16,Trinity,105,12862,883,762,216,978,17
2021-11-16,Tulare,107,460477,70146,68881,15450,84331,1039
2021-11-16,Tuolumne,109,53932,7551,7478,111,7589,90
2021-11-16,Ventura,111,848112,99484,98731,4308,103039,1183
2021-11-16,Yolo,113,214977,20326,20077,1007,21084,257
2021-11-16,Yuba,115,75493,10345,10262,355,10617,85
2021-11-15,Alameda,001,1643700,121157,120731,2794,123525,1464
2021-11-15,Alpine,003,1148,103,105,0,105,0
2021-11-15,Amador,005,37829,5653,5637,65,5702,66
2021-11-15,Butte,007,227075,21445,21182,3987,25169,296
2021-11-15,Calaveras,009,45235,4273,4237,59,4296,83
2021-11-15,Colusa,011,21464,2570,2535,650,3185,19
2021-11-15,Contra Costa,013,1133247,100899,100251,2222,102473,1038
2021-11-15,Del Norte,015,27424,3716,3630,54,3684,42
2021-11-15,El Dorado,017,186661,16481,16236,1745,17981,159
2021-11-15,Fresno,019,978130,143874,142015,12933,154948,2210
2021-11-15,Glenn,021,27897,3553,3526,1025,4551,34
2021-11-15,Humboldt,023,135768,9354,9230,610,9840,115
2021-11-15,Imperial,025,180216,34525,34130,3321,37451,766
2021-11-15,Inyo,027,18085,2490,2442,38,2480,42
2021-11-15,Kern,029,883053,130730,128928,23042,151970,1730
2021-11-15,Kings,031,150075,32996,32584,1966,34550,348
2021-11-15,Lake,033,64148,6871,6784,151,6935,109
2021-11-15,Lassen,035,31185,6992,6915,393,7308,47
2021-11-15,Los Angeles,037,10098052,1457506,1446114,54060,1500174,26677
2021-11-15,Madera,039,155013,23928,23605,2198,25803,287
2021-11-15,Marin,041,260295,17842,17723,468,18191,248
2021-11-15,Mariposa,043,17540,1393,1347,55,1402,6
2021-11-15,Mendocino,045,87422,7851,7694,623,8317,89
2021-11-15,Merced,047,269075,42729,42552,2007,44559,648
2021-11-15,Modoc,049,8938,559,538,198,736,5
2021-11-15,Mono,051,14174,1785,1763,22,1785,4
2021-11-15,Monterey,053,433212,49305,48154,3028,51182,609
2021-11-15,Napa,055,140530,13202,13143,111,13254,103
2021-11-15,Nevada,057,99092,9546,9420,333,9753,92
2021-11-15,Orange,059,3164182,311380,308859,15477,324336,5646
2021-11-15,Placer,061,380077,38055,37610,3739,41349,452
2021-11-15,Plumas,063,18699,1891,1829,43,1872,7
2021-11-15,Riverside,065,2383286,369701,364750,16407,381157,5199
2021-11-15,Sacramento,067,1510023,162081,160937,4747,165684,2293
2021-11-15,San Benito,069,59416,7523,7511,172,7683,77
2021-11-15,San Bernardino,071,2135413,360588,357306,11340,368646,5898
2021-11-15,San Diego,073,3302833,380602,378845,22317,401162,4284
2021-11-15,San Francisco,075,870044,54010,53374,2341,55715,667
2021-11-15,San Joaquin,077,732212,101370,100587,5448,106035,1799
2021-11-15,San Luis Obispo,079,281455,30199,29669,1275,30944,351
2021-11-15,San Mateo,081,765935,54990,54010,907,54917,576
2021-11-15,Santa Barbara,083,443738,45252,44879,1557,46436,539
2021-11-15,Santa Clara,085,1922200,149738,148313,1409,149722,1914
2021-11-15,Santa Cruz,087,273765,20894,20630,1007,21637,223
2021-11-15,Shasta,089,179085,22127,21779,3645,25424,374
2021-11-15,Sierra,091,2930,194,189,21,210,0
2021-11-15,Siskiyou,093,43540,3401,3302,1309,4611,54
2021-11-15,Solano,095,438530,46576,45885,1294,47179,351
2021-11-15,Sonoma,097,501317,42304,42021,532,42553,401
2021-11-15,Stanislaus,099,539301,80077,80129,8960,89089,1174
2021-11-15,Sutter,101,95872,14054,14043,367,14410,181
2021-11-15,Tehama,103,63373,8716,8615,1497,10112,125
2021-11-15,Trinity,105,12862,881,757,214,971,17
2021-11-15,Tulare,107,460477,70059,68826,15406,84232,1039
2021-11-15,Tuolumne,109,53932,7540,7461,111,7572,90
2021-11-15,Ventura,111,848112,99400,98605,4303,102908,1183
2021-11-15,Yolo,113,214977,20295,20065,1003,21068,255
2021-11-15,Yuba,115,75493,10326,10254,351,10605,85
2021-11-14,Alameda,001,1643700,120983,120629,2790,123419,1461
2021-11-14,Alpine,003,1148,102,105,0,105,0
2021-11-14,Amador,005,37829,5646,5632,64,5696,66
2021-11-14,Butte,007,227075,21413,21146,3978,25124,296
2021-11-14,Calaveras,009,45235,4262,4222,59,4281,83
2021-11-14,Colusa,011,21464,2568,2532,647,3179,19
2021-11-14,Contra Costa,013,1133247,100791,100188,2220,102408,1038
2021-11-14,Del Norte,015,27424,3713,3629,54,3683,42
2021-11-14,El Dorado,017,186661,16439,16212,1740,17952,159
2021-11-14,Fresno,019,978130,143592,141869,12899,154768,2209
2021-11-14,Glenn,021,27897,3551,3521,1025,4546,34
2021-11-14,Humboldt,023,135768,9323,9215,600,9815,115
2021-11-14,Imperial,025,180216,34422,34078,3306,37384,766
2021-11-14,Inyo,027,18085,2478,2441,38,2479,42
2021-11-14,Kern,029,883053,130490,128842,22972,151814,1730
2021-11-14,Kings,031,150075,32939,32545,1959,34504,349
2021-11-14,Lake,033,64148,6863,6777,151,6928,109
2021-11-14,Lassen,035,31185,6982,6911,392,7303,47
2021-11-14,Los Angeles,037,10098052,1456142,1445284,53985,1499269,26667
2021-11-14,Madera,039,155013,23878,23566,2189,25755,287
2021-11-14,Marin,041,260295,17827,17712,468,18180,247
2021-11-14,Mariposa,043,17540,1383,1337,51,1388,6
2021-11-14,Mendocino,045,87422,7818,7684,618,8302,89
2021-11-14,Merced,047,269075,42639,42513,2001,44514,648
2021-11-14,Modoc,049,8938,557,538,198,736,5
2021-11-14,Mono,051,14174,1773,1760,22,1782,4
2021-11-14,Monterey,053,433212,49250,48135,3010,51145,609
2021-11-14,Napa,055,140530,13184,13132,111,13243,103
2021-11-14,Nevada,057,99092,9518,9408,333,9741,92
2021-11-14,Orange,059,3164182,311061,308699,15456,324155,5646
2021-11-14,Placer,061,380077,37975,37569,3729,41298,452
2021-11-14,Plumas,063,18699,1888,1829,42,1871,7
2021-11-14,Riverside,065,2383286,369203,364490,16390,380880,5199
2021-11-14,Sacramento,067,1510023,161845,160761,4730,165491,2295
2021-11-14,San Benito,069,59416,7512,7507,171,7678,77
2021-11-14,San Bernardino,071,2135413,360006,357014,11323,368337,5897
2021-11-14,San Diego,073,3302833,380006,377633,22286,399919,4280
2021-11-14,San Francisco,075,870044,53934,53338,2336,55674,667
2021-11-14,San Joaquin,077,732212,101242,100518,5443,105961,1799
2021-11-14,San Luis Obispo,079,281455,30117,29645,1272,30917,352
2021-11-14,San Mateo,081,765935,54937,53978,905,54883,576
2021-11-14,Santa Barbara,083,443738,45173,44842,1554,46396,539
2021-11-14,Santa Clara,085,1922200,149538,148152,1402,149554,1913
2021-11-14,Santa Cruz,087,273765,20840,20609,1005,21614,223
2021-11-14,Shasta,089,179085,22075,21771,3632,25403,373
2021-11-14,Sierra,091,2930,194,189,21,210,0
2021-11-14,Siskiyou,093,43540,3392,3302,1308,4610,54
2021-11-14,Solano,095,438530,46521,45860,1287,47147,351
2021-11-14,Sonoma,097,501317,42238,41974,530,42504,401
2021-11-14,Stanislaus,099,539301,79942,80076,8942,89018,1174
2021-11-14,Sutter,101,95872,14037,14031,363,14394,181
2021-11-14,Tehama,103,63373,8706,8607,1495,10102,125
2021-11-14,Trinity,105,12862,878,754,212,966,17
2021-11-14,Tulare,107,460477,69942,68772,15347,84119,1037
2021-11-14,Tuolumne,109,53932,7522,7439,110,7549,90
2021-11-14,Ventura,111,848112,99285,98550,4302,102852,1183
2021-11-14,Yolo,113,214977,20267,20040,998,21038,255
2021-11-14,Yuba,115,75493,10319,10238,350,10588,85
2021-11-13,Alameda,001,1643700,120914,120407,2789,123196,1454
2021-11-13,Alpine,003,1148,102,105,0,105,0
2021-11-13,Amador,005,37829,5645,5614,64,5678,66
2021-11-13,Butte,007,227075,21392,21104,3975,25079,296
2021-11-13,Calaveras,009,45235,4251,4203,59,4262,83
2021-11-13,Colusa,011,21464,2566,2522,647,3169,19
2021-11-13,Contra Costa,013,1133247,100719,100004,2214,102218,1028
2021-11-13,Del Norte,015,27424,3713,3629,54,3683,42
2021-11-13,El Dorado,017,186661,16426,16163,1737,17900,159
2021-11-13,Fresno,019,978130,143485,141452,12885,154337,2205
2021-11-13,Glenn,021,27897,3551,3514,1024,4538,34
2021-11-13,Humboldt,023,135768,9308,9177,595,9772,115
2021-11-13,Imperial,025,180216,34372,33990,3289,37279,766
2021-11-13,Inyo,027,18085,2472,2436,38,2474,42
2021-11-13,Kern,029,883053,130388,128472,22928,151400,1719
2021-11-13,Kings,031,150075,32922,32452,1958,34410,347
2021-11-13,Lake,033,64148,6858,6769,151,6920,109
2021-11-13,Lassen,035,31185,6977,6897,392,7289,47
2021-11-13,Los Angeles,037,10098052,1455487,1443088,53947,1497035,26649
2021-11-13,Madera,039,155013,23847,23462,2184,25646,287
2021-11-13,Marin,041,260295,17814,17684,466,18150,247
2021-11-13,Mariposa,043,17540,1380,1323,51,1374,6
2021-11-13,Mendocino,045,87422,7799,7652,617,8269,89
2021-11-13,Merced,047,269075,42601,42411,1998,44409,644
2021-11-13,Modoc,049,8938,556,536,198,734,5
2021-11-13,Mono,051,14174,1769,1750,22,1772,4
2021-11-13,Monterey,053,433212,49224,48087,3008,51095,609
2021-11-13,Napa,055,140530,13176,13110,111,13221,103
2021-11-13,Nevada,057,99092,9498,9369,331,9700,92
2021-11-13,Orange,059,3164182,310894,308211,15428,323639,5641
2021-11-13,Placer,061,380077,37925,37453,3726,41179,445
2021-11-13,Plumas,063,18699,1885,1828,42,1870,8
2021-11-13,Riverside,065,2383286,368897,363801,16383,380184,5187
2021-11-13,Sacramento,067,1510023,161709,160397,4718,165115,2291
2021-11-13,San Benito,069,59416,7499,7491,170,7661,77
2021-11-13,San Bernardino,071,2135413,359753,356325,11316,367641,5873
2021-11-13,San Diego,073,3302833,379676,377633,22258,399891,4280
2021-11-13,San Francisco,075,870044,53902,53195,2335,55530,667
2021-11-13,San Joaquin,077,732212,101185,100263,5434,105697,1799
2021-11-13,San Luis Obispo,079,281455,30086,29589,1271,30860,351
2021-11-13,San Mateo,081,765935,54899,53853,904,54757,574
2021-11-13,Santa Barbara,083,443738,45140,44734,1554,46288,537
2021-11-13,Santa Clara,085,1922200,149418,147821,1397,149218,1905
2021-11-13,Santa Cruz,087,273765,20825,20565,1004,21569,223
2021-11-13,Shasta,089,179085,22044,21713,3628,25341,366
2021-11-13,Sierra,091,2930,193,188,21,209,0
2021-11-13,Siskiyou,093,43540,3383,3299,1307,4606,54
2021-11-13,Solano,095,438530,46492,45774,1283,47057,350
2021-11-13,Sonoma,097,501317,42204,41882,529,42411,399
2021-11-13,Stanislaus,099,539301,79867,79872,8928,88800,1174
2021-11-13,Sutter,101,95872,14027,14017,362,14379,181
2021-11-13,Tehama,103,63373,8700,8592,1491,10083,125
2021-11-13,Trinity,105,12862,877,749,212,961,17
2021-11-13,Tulare,107,460477,69876,68619,15324,83943,1033
2021-11-13,Tuolumne,109,53932,7504,7392,110,7502,90
2021-11-13,Ventura,111,848112,99227,98452,4299,102751,1183
2021-11-13,Yolo,113,214977,20250,20009,996,21005,255
2021-11-13,Yuba,115,75493,10309,10218,348,10566,85
2021-11-12,Alameda,001,1643700,120827,120407,2786,123193,1454
2021-11-12,Alpine,003,1148,102,105,0,105,0
2021-11-12,Amador,005,37829,5641,5614,63,5677,66
2021-11-12,Butte,007,227075,21374,21104,3971,25075,296
2021-11-12,Calaveras,009,45235,4240,4203,59,4262,83
2021-11-12,Colusa,011,21464,2562,2522,646,3168,19
2021-11-12,Contra Costa,013,1133247,100665,100004,2213,102217,1028
2021-11-12,Del Norte,015,27424,3712,3629,54,3683,42
2021-11-12,El Dorado,017,186661,16406,16163,1736,17899,159
2021-11-12,Fresno,019,978130,143342,141452,12872,154324,2205
2021-11-12,Glenn,021,27897,3548,3514,1023,4537,34
2021-11-12,Humboldt,023,135768,9301,9177,593,9770,115
2021-11-12,Imperial,025,180216,34345,33990,3280,37270,766
2021-11-12,Inyo,027,18085,2468,2436,38,2474,42
2021-11-12,Kern,029,883053,130251,128472,22895,151367,1719
2021-11-12,Kings,031,150075,32896,32452,1956,34408,347
2021-11-12,Lake,033,64148,6854,6769,151,6920,109
2021-11-12,Lassen,035,31185,6973,6897,391,7288,47
2021-11-12,Los Angeles,037,10098052,1454759,1443088,53903,1496991,26649
2021-11-12,Madera,039,155013,23818,23462,2179,25641,287
2021-11-12,Marin,041,260295,17798,17684,465,18149,247
2021-11-12,Mariposa,043,17540,1373,1323,51,1374,6
2021-11-12,Mendocino,045,87422,7787,7652,614,8266,89
2021-11-12,Merced,047,269075,42572,42411,1996,44407,644
2021-11-12,Modoc,049,8938,555,536,198,734,5
2021-11-12,Mono,051,14174,1767,1750,22,1772,4
2021-11-12,Monterey,053,433212,49192,48087,3002,51089,609
2021-11-12,Napa,055,140530,13167,13110,111,13221,103
2021-11-12,Nevada,057,99092,9484,9369,330,9699,92
2021-11-12,Orange,059,3164182,310706,308211,15410,323621,5641
2021-11-12,Placer,061,380077,37886,37453,3723,41176,445
2021-11-12,Plumas,063,18699,1879,1828,42,1870,8
2021-11-12,Riverside,065,2383286,368630,363801,16379,380180,5187
2021-11-12,Sacramento,067,1510023,161550,160397,4713,165110,2291
2021-11-12,San Benito,069,59416,7499,7491,170,7661,77
2021-11-12,San Bernardino,071,2135413,359444,356325,11306,367631,5873
2021-11-12,San Diego,073,3302833,379309,377633,22236,399869,4280
2021-11-12,San Francisco,075,870044,53868,53195,2331,55526,667
2021-11-12,San Joaquin,077,732212,101140,100263,5427,105690,1799
2021-11-12,San Luis Obispo,079,281455,30057,29589,1270,30859,351
2021-11-12,San Mateo,081,765935,54849,53853,901,54754,574
2021-11-12,Santa Barbara,083,443738,45085,44734,1553,46287,537
2021-11-12,Santa Clara,085,1922200,149276,147821,1393,149214,1905
2021-11-12,Santa Cruz,087,273765,20797,20565,1002,21567,223
2021-11-12,Shasta,089,179085,22011,21713,3625,25338,366
2021-11-12,Sierra,091,2930,192,188,21,209,0
2021-11-12,Siskiyou,093,43540,3382,3299,1305,4604,54
2021-11-12,Solano,095,438530,46464,45774,1279,47053,350
2021-11-12,Sonoma,097,501317,42164,41882,529,42411,399
2021-11-12,Stanislaus,099,539301,79815,79872,8920,88792,1174
2021-11-12,Sutter,101,95872,14020,14017,362,14379,181
2021-11-12,Tehama,103,63373,8696,8592,1490,10082,125
2021-11-12,Trinity,105,12862,870,749,212,961,17
2021-11-12,Tulare,107,460477,69834,68619,15289,83908,1033
2021-11-12,Tuolumne,109,53932,7491,7392,109,7501,90
2021-11-12,Ventura,111,848112,99162,98452,4298,102750,1183
2021-11-12,Yolo,113,214977,20235,20009,991,21000,255
2021-11-12,Yuba,115,75493,10300,10218,347,10565,85
2021-11-11,Alameda,001,1643700,120713,120147,2778,122925,1453
2021-11-11,Alpine,003,1148,102,105,0,105,0
2021-11-11,Amador,005,37829,5638,5603,62,5665,66
2021-11-11,Butte,007,227075,21331,21047,3963,25010,293
2021-11-11,Calaveras,009,45235,4222,4179,59,4238,83
2021-11-11,Colusa,011,21464,2554,2518,644,3162,19
2021-11-11,Contra Costa,013,1133247,100561,99808,2209,102017,1028
2021-11-11,Del Norte,015,27424,3710,3622,54,3676,42
2021-11-11,El Dorado,017,186661,16370,16085,1733,17818,159
2021-11-11,Fresno,019,978130,143138,140833,12838,153671,2202
2021-11-11,Glenn,021,27897,3546,3503,1022,4525,34
2021-11-11,Humboldt,023,135768,9278,9125,590,9715,115
2021-11-11,Imperial,025,180216,34276,33844,3258,37102,766
2021-11-11,Inyo,027,18085,2463,2428,38,2466,42
2021-11-11,Kern,029,883053,130066,128023,22832,150855,1709
2021-11-11,Kings,031,150075,32846,32318,1954,34272,345
2021-11-11,Lake,033,64148,6847,6745,151,6896,107
2021-11-11,Lassen,035,31185,6967,6875,391,7266,47
2021-11-11,Los Angeles,037,10098052,1453663,1440436,53845,1494281,26614
2021-11-11,Madera,039,155013,23771,23316,2171,25487,287
2021-11-11,Marin,041,260295,17788,17639,465,18104,247
2021-11-11,Mariposa,043,17540,1363,1317,51,1368,6
2021-11-11,Mendocino,045,87422,7772,7612,605,8217,89
2021-11-11,Merced,047,269075,42516,42292,1993,44285,643
2021-11-11,Modoc,049,8938,553,536,198,734,5
2021-11-11,Mono,051,14174,1763,1743,22,1765,4
2021-11-11,Monterey,053,433212,49157,48008,2990,50998,609
2021-11-11,Napa,055,140530,13159,13075,111,13186,103
2021-11-11,Nevada,057,99092,9462,9308,330,9638,92
2021-11-11,Orange,059,3164182,310433,307674,15373,323047,5633
2021-11-11,Placer,061,380077,37834,37333,3715,41048,440
2021-11-11,Plumas,063,18699,1875,1814,42,1856,7
2021-11-11,Riverside,065,2383286,368196,362930,16361,379291,5175
2021-11-11,Sacramento,067,1510023,161338,159962,4694,164656,2289
2021-11-11,San Benito,069,59416,7491,7473,170,7643,76
2021-11-11,San Bernardino,071,2135413,359014,355413,11293,366706,5849
2021-11-11,San Diego,073,3302833,378800,376428,22213,398641,4272
2021-11-11,San Francisco,075,870044,53809,53063,2330,55393,666
2021-11-11,San Joaquin,077,732212,101045,99937,5411,105348,1799
2021-11-11,San Luis Obispo,079,281455,30006,29532,1268,30800,351
2021-11-11,San Mateo,081,765935,54800,53722,896,54618,574
2021-11-11,Santa Barbara,083,443738,45028,44603,1550,46153,534
2021-11-11,Santa Clara,085,1922200,149094,147458,1387,148845,1901
2021-11-11,Santa Cruz,087,273765,20752,20479,1002,21481,222
2021-11-11,Shasta,089,179085,21966,21600,3623,25223,364
2021-11-11,Sierra,091,2930,191,186,21,207,0
2021-11-11,Siskiyou,093,43540,3376,3297,1304,4601,53
2021-11-11,Solano,095,438530,46427,45679,1278,46957,350
2021-11-11,Sonoma,097,501317,42127,41774,529,42303,395
2021-11-11,Stanislaus,099,539301,79733,79570,8904,88474,1166
2021-11-11,Sutter,101,95872,14005,13993,361,14354,181
2021-11-11,Tehama,103,63373,8684,8565,1488,10053,125
2021-11-11,Trinity,105,12862,869,748,212,960,17
2021-11-11,Tulare,107,460477,69741,68367,15253,83620,1028
2021-11-11,Tuolumne,109,53932,7478,7354,109,7463,90
2021-11-11,Ventura,111,848112,99084,98297,4291,102588,1182
2021-11-11,Yolo,113,214977,20207,19946,990,20936,255
2021-11-11,Yuba,115,75493,10284,10191,347,10538,85
2021-11-10,Alameda,001,1643700,120603,120147,2769,122916,1453
2021-11-10,Alpine,003,1148,102,105,0,105,0
2021-11-10,Amador,005,37829,5632,5603,62,5665,66
2021-11-10,Butte,007,227075,21304,21047,3959,25006,293
2021-11-10,Calaveras,009,45235,4211,4179,59,4238,83
2021-11-10,Colusa,011,21464,2548,2518,644,3162,19
2021-11-10,Contra Costa,013,1133247,100478,99808,2205,102013,1028
2021-11-10,Del Norte,015,27424,3709,3622,54,3676,42
2021-11-10,El Dorado,017,186661,16354,16085,1732,17817,159
2021-11-10,Fresno,019,978130,142959,140833,12825,153658,2202
2021-11-10,Glenn,021,27897,3546,3503,1021,4524,34
2021-11-10,Humboldt,023,135768,9260,9125,590,9715,115
2021-11-10,Imperial,025,180216,34228,33844,3239,37083,766
2021-11-10,Inyo,027,18085,2456,2428,38,2466,42
2021-11-10,Kern,029,883053,129916,128023,22777,150800,1709
2021-11-10,Kings,031,150075,32813,32318,1952,34270,345
2021-11-10,Lake,033,64148,6837,6745,151,6896,107
2021-11-10,Lassen,035,31185,6962,6875,391,7266,47
2021-11-10,Los Angeles,037,10098052,1452714,1440436,53785,1494221,26614
2021-11-10,Madera,039,155013,23721,23316,2165,25481,287
2021-11-10,Marin,041,260295,17775,17639,463,18102,247
2021-11-10,Mariposa,043,17540,1357,1317,51,1368,6
2021-11-10,Mendocino,045,87422,7760,7612,604,8216,89
2021-11-10,Merced,047,269075,42481,42292,1991,44283,643
2021-11-10,Modoc,049,8938,552,536,197,733,5
2021-11-10,Mono,051,14174,1761,1743,22,1765,4
2021-11-10,Monterey,053,433212,49123,48008,2979,50987,609
2021-11-10,Napa,055,140530,13145,13075,110,13185,103
2021-11-10,Nevada,057,99092,9455,9308,328,9636,92
2021-11-10,Orange,059,3164182,310169,307674,15341,323015,5633
2021-11-10,Placer,061,380077,37788,37333,3708,41041,440
2021-11-10,Plumas,063,18699,1869,1814,41,1855,7
2021-11-10,Riverside,065,2383286,367815,362930,16355,379285,5175
2021-11-10,Sacramento,067,1510023,161183,159962,4684,164646,2289
2021-11-10,San Benito,069,59416,7483,7473,170,7643,76
2021-11-10,San Bernardino,071,2135413,358673,355413,11286,366699,5849
2021-11-10,San Diego,073,3302833,378395,376428,22191,398619,4272
2021-11-10,San Francisco,075,870044,53748,53063,2327,55390,666
2021-11-10,San Joaquin,077,732212,100940,99937,5406,105343,1799
2021-11-10,San Luis Obispo,079,281455,29975,29532,1267,30799,351
2021-11-10,San Mateo,081,765935,54747,53722,895,54617,574
2021-11-10,Santa Barbara,083,443738,44990,44603,1549,46152,534
2021-11-10,Santa Clara,085,1922200,148947,147458,1381,148839,1901
2021-11-10,Santa Cruz,087,273765,20725,20479,1001,21480,222
2021-11-10,Shasta,089,179085,21930,21600,3621,25221,364
2021-11-10,Sierra,091,2930,190,186,21,207,0
2021-11-10,Siskiyou,093,43540,3374,3297,1304,4601,53
2021-11-10,Solano,095,438530,46397,45679,1276,46955,350
2021-11-10,Sonoma,097,501317,42076,41774,529,42303,395
2021-11-10,Stanislaus,099,539301,79631,79570,8888,88458,1166
2021-11-10,Sutter,101,95872,13997,13993,361,14354,181
2021-11-10,Tehama,103,63373,8672,8565,1482,10047,125
2021-11-10,Trinity,105,12862,865,748,211,959,17
2021-11-10,Tulare,107,460477,69680,68367,15214,83581,1028
2021-11-10,Tuolumne,109,53932,7454,7354,109,7463,90
2021-11-10,Ventura,111,848112,99013,98297,4291,102588,1182
2021-11-10,Yolo,113,214977,20188,19946,989,20935,255
2021-11-10,Yuba,115,75493,10275,10191,347,10538,85
2021-11-09,Alameda,001,1643700,120466,120051,2760,122811,1450
2021-11-09,Alpine,003,1148,102,105,0,105,0
2021-11-09,Amador,005,37829,5626,5596,62,5658,66
2021-11-09,Butte,007,227075,21279,21022,3955,24977,291
2021-11-09,Calaveras,009,45235,4207,4174,59,4233,84
2021-11-09,Colusa,011,21464,2543,2517,643,3160,19
2021-11-09,Contra Costa,013,1133247,100382,99732,2198,101930,1028
2021-11-09,Del Norte,015,27424,3708,3620,54,3674,42
2021-11-09,El Dorado,017,186661,16316,16073,1727,17800,160
2021-11-09,Fresno,019,978130,142713,140666,12810,153476,2188
2021-11-09,Glenn,021,27897,3541,3499,1020,4519,34
2021-11-09,Humboldt,023,135768,9239,9112,585,9697,115
2021-11-09,Imperial,025,180216,34175,33751,3225,36976,766
2021-11-09,Inyo,027,18085,2452,2404,38,2442,42
2021-11-09,Kern,029,883053,129670,127901,22715,150616,1694
2021-11-09,Kings,031,150075,32746,32279,1948,34227,344
2021-11-09,Lake,033,64148,6828,6743,151,6894,106
2021-11-09,Lassen,035,31185,6950,6846,391,7237,47
2021-11-09,Los Angeles,037,10098052,1451461,1439125,53724,1492849,26581
2021-11-09,Madera,039,155013,23671,23285,2156,25441,287
2021-11-09,Marin,041,260295,17756,17630,461,18091,247
2021-11-09,Mariposa,043,17540,1349,1317,51,1368,5
2021-11-09,Mendocino,045,87422,7737,7598,598,8196,85
2021-11-09,Merced,047,269075,42440,42251,1985,44236,613
2021-11-09,Modoc,049,8938,551,536,195,731,5
2021-11-09,Mono,051,14174,1756,1738,22,1760,4
2021-11-09,Monterey,053,433212,49087,47975,2955,50930,609
2021-11-09,Napa,055,140530,13127,13051,110,13161,103
2021-11-09,Nevada,057,99092,9436,9288,328,9616,92
2021-11-09,Orange,059,3164182,309885,307412,15314,322726,5621
2021-11-09,Placer,061,380077,37733,37291,3691,40982,440
2021-11-09,Plumas,063,18699,1867,1802,41,1843,7
2021-11-09,Riverside,065,2383286,367350,362557,16341,378898,5160
2021-11-09,Sacramento,067,1510023,160942,159856,4675,164531,2286
2021-11-09,San Benito,069,59416,7473,7471,169,7640,76
2021-11-09,San Bernardino,071,2135413,358223,354972,11269,366241,5839
2021-11-09,San Diego,073,3302833,377900,375997,22165,398162,4272
2021-11-09,San Francisco,075,870044,53674,52996,2322,55318,666
2021-11-09,San Joaquin,077,732212,100766,99848,5393,105241,1794
2021-11-09,San Luis Obispo,079,281455,29933,29488,1266,30754,350
2021-11-09,San Mateo,081,765935,54699,53697,886,54583,574
2021-11-09,Santa Barbara,083,443738,44923,44579,1542,46121,533
2021-11-09,Santa Clara,085,1922200,148741,147281,1374,148655,1901
2021-11-09,Santa Cruz,087,273765,20691,20463,1000,21463,222
2021-11-09,Shasta,089,179085,21875,21558,3616,25174,364
2021-11-09,Sierra,091,2930,190,186,21,207,0
2021-11-09,Siskiyou,093,43540,3372,3295,1302,4597,52
2021-11-09,Solano,095,438530,46342,45639,1275,46914,350
2021-11-09,Sonoma,097,501317,42019,41727,527,42254,395
2021-11-09,Stanislaus,099,539301,79525,79505,8871,88376,1165
2021-11-09,Sutter,101,95872,13982,13988,359,14347,180
2021-11-09,Tehama,103,63373,8654,8555,1480,10035,125
2021-11-09,Trinity,105,12862,864,746,211,957,17
2021-11-09,Tulare,107,460477,69573,68298,15175,83473,1024
2021-11-09,Tuolumne,109,53932,7434,7347,109,7456,90
2021-11-09,Ventura,111,848112,98935,98202,4286,102488,1182
2021-11-09,Yolo,113,214977,20164,19931,985,20916,255
2021-11-09,Yuba,115,75493,10258,10175,341,10516,85
2021-11-08,Alameda,001,1643700,120322,119983,2754,122737,1447
2021-11-08,Alpine,003,1148,102,105,0,105,0
2021-11-08,Amador,005,37829,5620,5590,62,5652,66
2021-11-08,Butte,007,227075,21251,21000,3946,24946,288
2021-11-08,Calaveras,009,45235,4199,4166,59,4225,82
2021-11-08,Colusa,011,21464,2542,2514,642,3156,19
2021-11-08,Contra Costa,013,1133247,100278,99669,2194,101863,1028
2021-11-08,Del Norte,015,27424,3704,3619,54,3673,42
2021-11-08,El Dorado,017,186661,16297,16055,1722,17777,156
2021-11-08,Fresno,019,978130,142412,140466,12788,153254,2179
2021-11-08,Glenn,021,27897,3539,3496,1016,4512,34
2021-11-08,Humboldt,023,135768,9213,9095,575,9670,109
2021-11-08,Imperial,025,180216,34095,33690,3207,36897,766
2021-11-08,Inyo,027,18085,2445,2398,38,2436,41
2021-11-08,Kern,029,883053,129434,127722,22632,150354,1692
2021-11-08,Kings,031,150075,32700,32248,1947,34195,344
2021-11-08,Lake,033,64148,6822,6737,151,6888,106
2021-11-08,Lassen,035,31185,6943,6830,389,7219,46
2021-11-08,Los Angeles,037,10098052,1450123,1438322,53667,1491989,26575
2021-11-08,Madera,039,155013,23622,23253,2145,25398,287
2021-11-08,Marin,041,260295,17739,17617,458,18075,247
2021-11-08,Mariposa,043,17540,1341,1316,50,1366,5
2021-11-08,Mendocino,045,87422,7724,7581,592,8173,85
2021-11-08,Merced,047,269075,42370,42224,1975,44199,607
2021-11-08,Modoc,049,8938,550,529,195,724,5
2021-11-08,Mono,051,14174,1752,1739,22,1761,4
2021-11-08,Monterey,053,433212,49046,47942,2935,50877,602
2021-11-08,Napa,055,140530,13113,13045,110,13155,103
2021-11-08,Nevada,057,99092,9417,9278,326,9604,92
2021-11-08,Orange,059,3164182,309612,307156,15284,322440,5616
2021-11-08,Placer,061,380077,37680,37250,3688,40938,439
2021-11-08,Plumas,063,18699,1866,1788,40,1828,7
2021-11-08,Riverside,065,2383286,366895,362201,16327,378528,5152
2021-11-08,Sacramento,067,1510023,160726,159735,4654,164389,2275
2021-11-08,San Benito,069,59416,7471,7461,169,7630,75
2021-11-08,San Bernardino,071,2135413,357711,354741,11251,365992,5836
2021-11-08,San Diego,073,3302833,377338,375557,22118,397675,4259
2021-11-08,San Francisco,075,870044,53621,52942,2316,55258,666
2021-11-08,San Joaquin,077,732212,100649,99736,5391,105127,1794
2021-11-08,San Luis Obispo,079,281455,29881,29464,1261,30725,350
2021-11-08,San Mateo,081,765935,54626,53658,881,54539,574
2021-11-08,Santa Barbara,083,443738,44869,44548,1541,46089,532
2021-11-08,Santa Clara,085,1922200,148515,147183,1368,148551,1899
2021-11-08,Santa Cruz,087,273765,20662,20435,1000,21435,222
2021-11-08,Shasta,089,179085,21828,21504,3610,25114,354
2021-11-08,Sierra,091,2930,190,183,21,204,0
2021-11-08,Siskiyou,093,43540,3368,3290,1291,4581,50
2021-11-08,Solano,095,438530,46301,45613,1271,46884,350
2021-11-08,Sonoma,097,501317,41951,41669,526,42195,395
2021-11-08,Stanislaus,099,539301,79373,79417,8857,88274,1150
2021-11-08,Sutter,101,95872,13974,13976,355,14331,180
2021-11-08,Tehama,103,63373,8645,8534,1480,10014,123
2021-11-08,Trinity,105,12862,864,743,210,953,13
2021-11-08,Tulare,107,460477,69456,68199,15137,83336,1020
2021-11-08,Tuolumne,109,53932,7415,7328,108,7436,90
2021-11-08,Ventura,111,848112,98842,98144,4284,102428,1182
2021-11-08,Yolo,113,214977,20125,19916,981,20897,255
2021-11-08,Yuba,115,75493,10247,10172,338,10510,83
2021-11-07,Alameda,001,1643700,120163,119902,2748,122650,1444
2021-11-07,Alpine,003,1148,102,105,0,105,0
2021-11-07,Amador,005,37829,5612,5580,60,5640,66
2021-11-07,Butte,007,227075,21210,20969,3937,24906,288
2021-11-07,Calaveras,009,45235,4172,4158,58,4216,82
2021-11-07,Colusa,011,21464,2536,2511,640,3151,19
2021-11-07,Contra Costa,013,1133247,100167,99596,2185,101781,1028
2021-11-07,Del Norte,015,27424,3702,3617,54,3671,42
2021-11-07,El Dorado,017,186661,16260,16040,1719,17759,156
2021-11-07,Fresno,019,978130,142071,140263,12761,153024,2179
2021-11-07,Glenn,021,27897,3532,3493,1015,4508,34
2021-11-07,Humboldt,023,135768,9189,9074,571,9645,109
2021-11-07,Imperial,025,180216,34022,33674,3188,36862,766
2021-11-07,Inyo,027,18085,2432,2394,38,2432,41
2021-11-07,Kern,029,883053,129163,127583,22541,150124,1692
2021-11-07,Kings,031,150075,32608,32221,1944,34165,343
2021-11-07,Lake,033,64148,6806,6734,150,6884,106
2021-11-07,Lassen,035,31185,6935,6819,385,7204,46
2021-11-07,Los Angeles,037,10098052,1448636,1437314,53592,1490906,26573
2021-11-07,Madera,039,155013,23577,23225,2137,25362,287
2021-11-07,Marin,041,260295,17719,17594,457,18051,247
2021-11-07,Mariposa,043,17540,1339,1306,50,1356,5
2021-11-07,Mendocino,045,87422,7696,7567,588,8155,85
2021-11-07,Merced,047,269075,42292,42186,1944,44130,607
2021-11-07,Modoc,049,8938,547,528,194,722,5
2021-11-07,Mono,051,14174,1746,1739,22,1761,4
2021-11-07,Monterey,053,433212,48994,47924,2931,50855,602
2021-11-07,Napa,055,140530,13092,13041,110,13151,103
2021-11-07,Nevada,057,99092,9369,9254,326,9580,92
2021-11-07,Orange,059,3164182,309288,306954,15246,322200,5616
2021-11-07,Placer,061,380077,37604,37202,3673,40875,439
2021-11-07,Plumas,063,18699,1859,1787,39,1826,7
2021-11-07,Riverside,065,2383286,366358,361960,16307,378267,5152
2021-11-07,Sacramento,067,1510023,160492,159549,4637,164186,2277
2021-11-07,San Benito,069,59416,7458,7460,169,7629,75
2021-11-07,San Bernardino,071,2135413,357194,354488,11228,365716,5832
2021-11-07,San Diego,073,3302833,376761,375165,22085,397250,4250
2021-11-07,San Francisco,075,870044,53537,52868,2310,55178,666
2021-11-07,San Joaquin,077,732212,100465,99696,5385,105081,1794
2021-11-07,San Luis Obispo,079,281455,29831,29454,1257,30711,350
2021-11-07,San Mateo,081,765935,54567,53600,879,54479,574
2021-11-07,Santa Barbara,083,443738,44806,44501,1540,46041,532
2021-11-07,Santa Clara,085,1922200,148310,147054,1356,148410,1898
2021-11-07,Santa Cruz,087,273765,20604,20397,999,21396,222
2021-11-07,Shasta,089,179085,21780,21479,3604,25083,354
2021-11-07,Sierra,091,2930,188,183,21,204,0
2021-11-07,Siskiyou,093,43540,3362,3289,1289,4578,51
2021-11-07,Solano,095,438530,46246,45582,1264,46846,350
2021-11-07,Sonoma,097,501317,41901,41630,525,42155,395
2021-11-07,Stanislaus,099,539301,79218,79351,8835,88186,1150
2021-11-07,Sutter,101,95872,13961,13964,352,14316,180
2021-11-07,Tehama,103,63373,8620,8528,1478,10006,121
2021-11-07,Trinity,105,12862,863,742,209,951,13
2021-11-07,Tulare,107,460477,69303,68145,15094,83239,1020
2021-11-07,Tuolumne,109,53932,7397,7300,106,7406,90
2021-11-07,Ventura,111,848112,98751,98085,4282,102367,1182
2021-11-07,Yolo,113,214977,20104,19899,978,20877,255
2021-11-07,Yuba,115,75493,10230,10162,333,10495,83
2021-11-06,Alameda,001,1643700,120100,119499,2745,122244,1436
2021-11-06,Alpine,003,1148,102,105,0,105,0
2021-11-06,Amador,005,37829,5606,5557,60,5617,66
2021-11-06,Butte,007,227075,21190,20796,3933,24729,288
2021-11-06,Calaveras,009,45235,4164,4105,58,4163,82
2021-11-06,Colusa,011,21464,2535,2501,639,3140,19
2021-11-06,Contra Costa,013,1133247,100112,99282,2183,101465,1025
2021-11-06,Del Norte,015,27424,3699,3607,54,3661,42
2021-11-06,El Dorado,017,186661,16243,15958,1719,17677,156
2021-11-06,Fresno,019,978130,141953,139249,12756,152005,2170
2021-11-06,Glenn,021,27897,3529,3479,1015,4494,33
2021-11-06,Humboldt,023,135768,9177,8972,567,9539,109
2021-11-06,Imperial,025,180216,33978,33471,3182,36653,766
2021-11-06,Inyo,027,18085,2426,2353,38,2391,41
2021-11-06,Kern,029,883053,129029,126848,22489,149337,1684
2021-11-06,Kings,031,150075,32575,32018,1939,33957,342
2021-11-06,Lake,033,64148,6804,6695,150,6845,106
2021-11-06,Lassen,035,31185,6930,6796,384,7180,46
2021-11-06,Los Angeles,037,10098052,1447867,1433081,53549,1486630,26533
2021-11-06,Madera,039,155013,23541,22994,2127,25121,287
2021-11-06,Marin,041,260295,17700,17520,454,17974,247
2021-11-06,Mariposa,043,17540,1337,1282,50,1332,5
2021-11-06,Mendocino,045,87422,7674,7486,588,8074,85
2021-11-06,Merced,047,269075,42268,41958,1936,43894,604
2021-11-06,Modoc,049,8938,546,523,194,717,5
2021-11-06,Mono,051,14174,1744,1725,22,1747,4
2021-11-06,Monterey,053,433212,48962,47830,2921,50751,602
2021-11-06,Napa,055,140530,13082,12950,110,13060,103
2021-11-06,Nevada,057,99092,9347,9169,325,9494,91
2021-11-06,Orange,059,3164182,309082,306049,15220,321269,5611
2021-11-06,Placer,061,380077,37563,36967,3670,40637,438
2021-11-06,Plumas,063,18699,1855,1755,38,1793,7
2021-11-06,Riverside,065,2383286,366039,360584,16299,376883,5138
2021-11-06,Sacramento,067,1510023,160399,158766,4632,163398,2263
2021-11-06,San Benito,069,59416,7451,7429,169,7598,75
2021-11-06,San Bernardino,071,2135413,356924,353142,11224,364366,5813
2021-11-06,San Diego,073,3302833,376425,373423,22067,395490,4246
2021-11-06,San Francisco,075,870044,53484,52556,2307,54863,666
2021-11-06,San Joaquin,077,732212,100407,99372,5384,104756,1782
2021-11-06,San Luis Obispo,079,281455,29803,29335,1253,30588,350
2021-11-06,San Mateo,081,765935,54532,53442,878,54320,574
2021-11-06,Santa Barbara,083,443738,44770,44301,1539,45840,532
2021-11-06,Santa Clara,085,1922200,148164,146519,1352,147871,1894
2021-11-06,Santa Cruz,087,273765,20585,20311,997,21308,222
2021-11-06,Shasta,089,179085,21761,21281,3599,24880,349
2021-11-06,Sierra,091,2930,188,181,21,202,0
2021-11-06,Siskiyou,093,43540,3362,3279,1287,4566,48
2021-11-06,Solano,095,438530,46216,45465,1263,46728,350
2021-11-06,Sonoma,097,501317,41851,41398,524,41922,395
2021-11-06,Stanislaus,099,539301,79150,78902,8827,87729,1193
2021-11-06,Sutter,101,95872,13957,13908,351,14259,180
2021-11-06,Tehama,103,63373,8608,8474,1476,9950,120
2021-11-06,Trinity,105,12862,860,732,209,941,11
2021-11-06,Tulare,107,460477,69254,67767,15065,82832,1010
2021-11-06,Tuolumne,109,53932,7385,7245,106,7351,90
2021-11-06,Ventura,111,848112,98684,97770,4277,102047,1180
2021-11-06,Yolo,113,214977,20087,19827,974,20801,255
2021-11-06,Yuba,115,75493,10216,10107,333,10440,83
2021-11-05,Alameda,001,1643700,120016,119499,2743,122242,1436
2021-11-05,Alpine,003,1148,102,105,0,105,0
2021-11-05,Amador,005,37829,5601,5557,60,5617,66
2021-11-05,Butte,007,227075,21177,20796,3932,24728,288
2021-11-05,Calaveras,009,45235,4159,4105,58,4163,82
2021-11-05,Colusa,011,21464,2535,2501,638,3139,19
2021-11-05,Contra Costa,013,1133247,100047,99282,2181,101463,1025
2021-11-05,Del Norte,015,27424,3697,3607,54,3661,42
2021-11-05,El Dorado,017,186661,16226,15958,1713,17671,156
2021-11-05,Fresno,019,978130,141774,139249,12745,151994,2170
2021-11-05,Glenn,021,27897,3528,3479,1014,4493,33
2021-11-05,Humboldt,023,135768,9163,8972,567,9539,109
2021-11-05,Imperial,025,180216,33942,33471,3179,36650,766
2021-11-05,Inyo,027,18085,2418,2353,38,2391,41
2021-11-05,Kern,029,883053,128902,126848,22434,149282,1684
2021-11-05,Kings,031,150075,32551,32018,1938,33956,342
2021-11-05,Lake,033,64148,6798,6695,150,6845,106
2021-11-05,Lassen,035,31185,6926,6796,383,7179,46
2021-11-05,Los Angeles,037,10098052,1447044,1433081,53511,1486592,26533
2021-11-05,Madera,039,155013,23502,22994,2126,25120,287
2021-11-05,Marin,041,260295,17678,17520,453,17973,247
2021-11-05,Mariposa,043,17540,1334,1282,49,1331,5
2021-11-05,Mendocino,045,87422,7663,7486,587,8073,85
2021-11-05,Merced,047,269075,42242,41958,1927,43885,604
2021-11-05,Modoc,049,8938,546,523,194,717,5
2021-11-05,Mono,051,14174,1743,1725,22,1747,4
2021-11-05,Monterey,053,433212,48932,47830,2919,50749,602
2021-11-05,Napa,055,140530,13060,12950,110,13060,103
2021-11-05,Nevada,057,99092,9334,9169,325,9494,91
2021-11-05,Orange,059,3164182,308886,306049,15198,321247,5611
2021-11-05,Placer,061,380077,37536,36967,3661,40628,438
2021-11-05,Plumas,063,18699,1847,1755,38,1793,7
2021-11-05,Riverside,065,2383286,365698,360584,16289,376873,5138
2021-11-05,Sacramento,067,1510023,160277,158766,4625,163391,2263
2021-11-05,San Benito,069,59416,7449,7429,168,7597,75
2021-11-05,San Bernardino,071,2135413,356590,353142,11214,364356,5813
2021-11-05,San Diego,073,3302833,376072,373423,22055,395478,4246
2021-11-05,San Francisco,075,870044,53433,52556,2304,54860,666
2021-11-05,San Joaquin,077,732212,100354,99372,5375,104747,1782
2021-11-05,San Luis Obispo,079,281455,29780,29335,1253,30588,350
2021-11-05,San Mateo,081,765935,54490,53442,876,54318,574
2021-11-05,Santa Barbara,083,443738,44725,44301,1538,45839,532
2021-11-05,Santa Clara,085,1922200,148027,146519,1351,147870,1894
2021-11-05,Santa Cruz,087,273765,20561,20311,996,21307,222
2021-11-05,Shasta,089,179085,21729,21281,3594,24875,349
2021-11-05,Sierra,091,2930,188,181,21,202,0
2021-11-05,Siskiyou,093,43540,3357,3279,1286,4565,48
2021-11-05,Solano,095,438530,46171,45465,1261,46726,350
2021-11-05,Sonoma,097,501317,41811,41398,524,41922,395
2021-11-05,Stanislaus,099,539301,79092,78902,8815,87717,1193
2021-11-05,Sutter,101,95872,13949,13908,350,14258,180
2021-11-05,Tehama,103,63373,8601,8474,1475,9949,120
2021-11-05,Trinity,105,12862,860,732,209,941,11
2021-11-05,Tulare,107,460477,69182,67767,15028,82795,1010
2021-11-05,Tuolumne,109,53932,7368,7245,105,7350,90
2021-11-05,Ventura,111,848112,98644,97770,4275,102045,1180
2021-11-05,Yolo,113,214977,20076,19827,973,20800,255
2021-11-05,Yuba,115,75493,10203,10107,331,10438,83
2021-11-04,Alameda,001,1643700,119901,119499,2737,122236,1436
2021-11-04,Alpine,003,1148,102,105,0,105,0
2021-11-04,Amador,005,37829,5593,5557,60,5617,66
2021-11-04,Butte,007,227075,21136,20796,3920,24716,288
2021-11-04,Calaveras,009,45235,4145,4105,56,4161,82
2021-11-04,Colusa,011,21464,2529,2501,637,3138,19
2021-11-04,Contra Costa,013,1133247,99956,99282,2176,101458,1025
2021-11-04,Del Norte,015,27424,3694,3607,54,3661,42
2021-11-04,El Dorado,017,186661,16200,15958,1709,17667,156
2021-11-04,Fresno,019,978130,141492,139249,12736,151985,2170
2021-11-04,Glenn,021,27897,3523,3479,1013,4492,33
2021-11-04,Humboldt,023,135768,9138,8972,564,9536,109
2021-11-04,Imperial,025,180216,33885,33471,3170,36641,766
2021-11-04,Inyo,027,18085,2410,2353,38,2391,41
2021-11-04,Kern,029,883053,128670,126848,22365,149213,1684
2021-11-04,Kings,031,150075,32472,32018,1929,33947,342
2021-11-04,Lake,033,64148,6788,6695,148,6843,106
2021-11-04,Lassen,035,31185,6916,6796,378,7174,46
2021-11-04,Los Angeles,037,10098052,1445737,1433081,53430,1486511,26533
2021-11-04,Madera,039,155013,23447,22994,2115,25109,287
2021-11-04,Marin,041,260295,17666,17520,451,17971,247
2021-11-04,Mariposa,043,17540,1327,1282,49,1331,5
2021-11-04,Mendocino,045,87422,7650,7486,581,8067,85
2021-11-04,Merced,047,269075,42188,41958,1923,43881,604
2021-11-04,Modoc,049,8938,545,523,194,717,5
2021-11-04,Mono,051,14174,1738,1725,22,1747,4
2021-11-04,Monterey,053,433212,48888,47830,2903,50733,602
2021-11-04,Napa,055,140530,13038,12950,110,13060,103
2021-11-04,Nevada,057,99092,9303,9169,324,9493,91
2021-11-04,Orange,059,3164182,308637,306049,15180,321229,5611
2021-11-04,Placer,061,380077,37464,36967,3652,40619,438
2021-11-04,Plumas,063,18699,1839,1755,34,1789,7
2021-11-04,Riverside,065,2383286,365300,360584,16280,376864,5138
2021-11-04,Sacramento,067,1510023,160042,158766,4606,163372,2263
2021-11-04,San Benito,069,59416,7443,7429,168,7597,75
2021-11-04,San Bernardino,071,2135413,356151,353142,11206,364348,5813
2021-11-04,San Diego,073,3302833,375603,373423,22034,395457,4246
2021-11-04,San Francisco,075,870044,53352,52556,2300,54856,666
2021-11-04,San Joaquin,077,732212,100248,99372,5363,104735,1782
2021-11-04,San Luis Obispo,079,281455,29756,29335,1247,30582,350
2021-11-04,San Mateo,081,765935,54431,53442,870,54312,574
2021-11-04,Santa Barbara,083,443738,44669,44301,1538,45839,532
2021-11-04,Santa Clara,085,1922200,147868,146519,1347,147866,1894
2021-11-04,Santa Cruz,087,273765,20526,20311,996,21307,222
2021-11-04,Shasta,089,179085,21671,21281,3588,24869,349
2021-11-04,Sierra,091,2930,186,181,21,202,0
2021-11-04,Siskiyou,093,43540,3353,3279,1279,4558,48
2021-11-04,Solano,095,438530,46129,45465,1260,46725,350
2021-11-04,Sonoma,097,501317,41751,41398,524,41922,395
2021-11-04,Stanislaus,099,539301,78955,78902,8807,87709,1193
2021-11-04,Sutter,101,95872,13938,13908,348,14256,180
2021-11-04,Tehama,103,63373,8592,8474,1471,9945,120
2021-11-04,Trinity,105,12862,859,732,209,941,11
2021-11-04,Tulare,107,460477,69067,67767,14982,82749,1010
2021-11-04,Tuolumne,109,53932,7346,7245,103,7348,90
2021-11-04,Ventura,111,848112,98556,97770,4272,102042,1180
2021-11-04,Yolo,113,214977,20050,19827,969,20796,255
2021-11-04,Yuba,115,75493,10189,10107,329,10436,83
2021-11-03,Alameda,001,1643700,119760,119356,2733,122089,1428
2021-11-03,Alpine,003,1148,102,105,0,105,0
2021-11-03,Amador,005,37829,5587,5545,59,5604,66
2021-11-03,Butte,007,227075,21091,20769,3911,24680,284
2021-11-03,Calaveras,009,45235,4127,4087,55,4142,82
2021-11-03,Colusa,011,21464,2523,2499,637,3136,20
2021-11-03,Contra Costa,013,1133247,99857,99168,2171,101339,1025
2021-11-03,Del Norte,015,27424,3692,3600,53,3653,42
2021-11-03,El Dorado,017,186661,16173,15915,1705,17620,156
2021-11-03,Fresno,019,978130,141131,138873,12714,151587,2166
2021-11-03,Glenn,021,27897,3520,3470,1013,4483,33
2021-11-03,Humboldt,023,135768,9121,8949,559,9508,109
2021-11-03,Imperial,025,180216,33813,33402,3160,36562,766
2021-11-03,Inyo,027,18085,2389,2344,38,2382,41
2021-11-03,Kern,029,883053,128409,126523,22266,148789,1681
2021-11-03,Kings,031,150075,32418,31923,1922,33845,341
2021-11-03,Lake,033,64148,6772,6685,148,6833,106
2021-11-03,Lassen,035,31185,6900,6782,373,7155,46
2021-11-03,Los Angeles,037,10098052,1444390,1431209,53350,1484559,26517
2021-11-03,Madera,039,155013,23379,22893,2106,24999,287
2021-11-03,Marin,041,260295,17645,17491,447,17938,247
2021-11-03,Mariposa,043,17540,1317,1276,49,1325,5
2021-11-03,Mendocino,045,87422,7634,7457,573,8030,84
2021-11-03,Merced,047,269075,42127,41849,1913,43762,597
2021-11-03,Modoc,049,8938,545,521,192,713,5
2021-11-03,Mono,051,14174,1734,1719,22,1741,4
2021-11-03,Monterey,053,433212,48838,47794,2890,50684,601
2021-11-03,Napa,055,140530,13026,12937,109,13046,103
2021-11-03,Nevada,057,99092,9276,9131,323,9454,91
2021-11-03,Orange,059,3164182,308326,305661,15148,320809,5607
2021-11-03,Placer,061,380077,37394,36868,3647,40515,438
2021-11-03,Plumas,063,18699,1828,1739,33,1772,7
2021-11-03,Riverside,065,2383286,364842,360060,16276,376336,5131
2021-11-03,Sacramento,067,1510023,159817,158311,4596,162907,2259
2021-11-03,San Benito,069,59416,7435,7419,168,7587,75
2021-11-03,San Bernardino,071,2135413,355676,352225,11185,363410,5813
2021-11-03,San Diego,073,3302833,375103,372951,22011,394962,4241
2021-11-03,San Francisco,075,870044,53260,52493,2295,54788,663
2021-11-03,San Joaquin,077,732212,100135,99188,5353,104541,1776
2021-11-03,San Luis Obispo,079,281455,29714,29276,1241,30517,348
2021-11-03,San Mateo,081,765935,54367,53396,864,54260,571
2021-11-03,Santa Barbara,083,443738,44612,44220,1535,45755,531
2021-11-03,Santa Clara,085,1922200,147688,146259,1340,147599,1897
2021-11-03,Santa Cruz,087,273765,20491,20275,996,21271,222
2021-11-03,Shasta,089,179085,21613,21215,3581,24796,346
2021-11-03,Sierra,091,2930,184,180,21,201,0
2021-11-03,Siskiyou,093,43540,3349,3276,1277,4553,46
2021-11-03,Solano,095,438530,46102,45411,1258,46669,351
2021-11-03,Sonoma,097,501317,41674,41326,522,41848,395
2021-11-03,Stanislaus,099,539301,78824,78736,8791,87527,1193
2021-11-03,Sutter,101,95872,13925,13876,346,14222,179
2021-11-03,Tehama,103,63373,8580,8438,1471,9909,118
2021-11-03,Trinity,105,12862,858,730,209,939,11
2021-11-03,Tulare,107,460477,68940,67588,14941,82529,1007
2021-11-03,Tuolumne,109,53932,7328,7218,101,7319,90
2021-11-03,Ventura,111,848112,98448,97682,4268,101950,1178
2021-11-03,Yolo,113,214977,20030,19758,963,20721,250
2021-11-03,Yuba,115,75493,10177,10092,329,10421,83
2021-11-02,Alameda,001,1643700,119614,119241,2727,121968,1425
2021-11-02,Alpine,003,1148,101,105,0,105,0
2021-11-02,Amador,005,37829,5582,5535,59,5594,66
2021-11-02,Butte,007,227075,21047,20744,3899,24643,282
2021-11-02,Calaveras,009,45235,4104,4075,55,4130,82
2021-11-02,Colusa,011,21464,2518,2497,636,3133,19
2021-11-02,Contra Costa,013,1133247,99753,99080,2159,101239,1025
2021-11-02,Del Norte,015,27424,3690,3596,53,3649,42
2021-11-02,El Dorado,017,186661,16144,15883,1705,17588,154
2021-11-02,Fresno,019,978130,140807,138644,12683,151327,2158
2021-11-02,Glenn,021,27897,3512,3469,1010,4479,33
2021-11-02,Humboldt,023,135768,9079,8937,558,9495,109
2021-11-02,Imperial,025,180216,33741,33371,3147,36518,766
2021-11-02,Inyo,027,18085,2382,2324,38,2362,41
2021-11-02,Kern,029,883053,128154,126311,22146,148457,1665
2021-11-02,Kings,031,150075,32359,31896,1917,33813,339
2021-11-02,Lake,033,64148,6767,6681,147,6828,106
2021-11-02,Lassen,035,31185,6888,6777,370,7147,45
2021-11-02,Los Angeles,037,10098052,1442949,1429601,53274,1482875,26496
2021-11-02,Madera,039,155013,23298,22837,2095,24932,287
2021-11-02,Marin,041,260295,17617,17482,447,17929,247
2021-11-02,Mariposa,043,17540,1306,1270,48,1318,5
2021-11-02,Mendocino,045,87422,7610,7447,561,8008,84
2021-11-02,Merced,047,269075,42060,41785,1905,43690,596
2021-11-02,Modoc,049,8938,542,520,191,711,5
2021-11-02,Mono,051,14174,1730,1718,22,1740,4
2021-11-02,Monterey,053,433212,48787,47775,2872,50647,599
2021-11-02,Napa,055,140530,13008,12930,109,13039,104
2021-11-02,Nevada,057,99092,9246,9122,322,9444,91
2021-11-02,Orange,059,3164182,308010,305369,15104,320473,5600
2021-11-02,Placer,061,380077,37322,36817,3632,40449,438
2021-11-02,Plumas,063,18699,1817,1721,33,1754,7
2021-11-02,Riverside,065,2383286,364388,359586,16257,375843,5116
2021-11-02,Sacramento,067,1510023,159560,158112,4574,162686,2250
2021-11-02,San Benito,069,59416,7419,7407,168,7575,75
2021-11-02,San Bernardino,071,2135413,355199,351832,11131,362963,5813
2021-11-02,San Diego,073,3302833,374518,372440,21981,394421,4232
2021-11-02,San Francisco,075,870044,53140,52450,2291,54741,663
2021-11-02,San Joaquin,077,732212,100002,99076,5342,104418,1772
2021-11-02,San Luis Obispo,079,281455,29681,29224,1237,30461,348
2021-11-02,San Mateo,081,765935,54295,53351,861,54212,571
2021-11-02,Santa Barbara,083,443738,44556,44177,1532,45709,531
2021-11-02,Santa Clara,085,1922200,147494,146115,1333,147448,1896
2021-11-02,Santa Cruz,087,273765,20458,20266,995,21261,222
2021-11-02,Shasta,089,179085,21539,21127,3571,24698,344
2021-11-02,Sierra,091,2930,184,180,20,200,0
2021-11-02,Siskiyou,093,43540,3347,3272,1274,4546,46
2021-11-02,Solano,095,438530,46062,45378,1252,46630,350
2021-11-02,Sonoma,097,501317,41593,41288,521,41809,395
2021-11-02,Stanislaus,099,539301,78669,78629,8771,87400,1193
2021-11-02,Sutter,101,95872,13905,13868,346,14214,179
2021-11-02,Tehama,103,63373,8564,8422,1468,9890,116
2021-11-02,Trinity,105,12862,858,729,209,938,11
2021-11-02,Tulare,107,460477,68815,67502,14893,82395,1002
2021-11-02,Tuolumne,109,53932,7306,7204,99,7303,90
2021-11-02,Ventura,111,848112,98343,97574,4264,101838,1178
2021-11-02,Yolo,113,214977,20000,19736,961,20697,250
2021-11-02,Yuba,115,75493,10154,10080,327,10407,83
2021-11-01,Alameda,001,1643700,119476,119159,2725,121884,1421
2021-11-01,Alpine,003,1148,101,105,0,105,0
2021-11-01,Amador,005,37829,5580,5532,59,5591,64
2021-11-01,Butte,007,227075,20997,20710,3893,24603,281
2021-11-01,Calaveras,009,45235,4094,4059,54,4113,82
2021-11-01,Colusa,011,21464,2516,2494,633,3127,19
2021-11-01,Contra Costa,013,1133247,99628,99011,2151,101162,1025
2021-11-01,Del Norte,015,27424,3688,3594,53,3647,42
2021-11-01,El Dorado,017,186661,16119,15858,1700,17558,154
2021-11-01,Fresno,019,978130,140430,138421,12647,151068,2149
2021-11-01,Glenn,021,27897,3505,3461,1008,4469,33
2021-11-01,Humboldt,023,135768,9051,8929,555,9484,108
2021-11-01,Imperial,025,180216,33691,33342,3138,36480,766
2021-11-01,Inyo,027,18085,2370,2307,38,2345,41
2021-11-01,Kern,029,883053,127853,126092,22031,148123,1660
2021-11-01,Kings,031,150075,32306,31866,1913,33779,337
2021-11-01,Lake,033,64148,6756,6676,146,6822,106
2021-11-01,Lassen,035,31185,6873,6775,367,7142,42
2021-11-01,Los Angeles,037,10098052,1441565,1428891,53185,1482076,26483
2021-11-01,Madera,039,155013,23218,22801,2090,24891,283
2021-11-01,Marin,041,260295,17597,17460,446,17906,247
2021-11-01,Mariposa,043,17540,1298,1266,47,1313,5
2021-11-01,Mendocino,045,87422,7577,7422,543,7965,84
2021-11-01,Merced,047,269075,41969,41740,1903,43643,594
2021-11-01,Modoc,049,8938,537,520,189,709,5
2021-11-01,Mono,051,14174,1726,1714,22,1736,3
2021-11-01,Monterey,053,433212,48744,47756,2860,50616,597
2021-11-01,Napa,055,140530,12981,12916,108,13024,101
2021-11-01,Nevada,057,99092,9223,9108,321,9429,91
2021-11-01,Orange,059,3164182,307667,305192,15063,320255,5596
2021-11-01,Placer,061,380077,37239,36747,3620,40367,435
2021-11-01,Plumas,063,18699,1798,1719,33,1752,7
2021-11-01,Riverside,065,2383286,363886,359263,16235,375498,5115
2021-11-01,Sacramento,067,1510023,159288,157893,4552,162445,2239
2021-11-01,San Benito,069,59416,7409,7406,167,7573,73
2021-11-01,San Bernardino,071,2135413,354708,351620,11111,362731,5815
2021-11-01,San Diego,073,3302833,373953,372043,21963,394006,4232
2021-11-01,San Francisco,075,870044,53054,52418,2284,54702,661
2021-11-01,San Joaquin,077,732212,99840,98969,5335,104304,1772
2021-11-01,San Luis Obispo,079,281455,29637,29199,1232,30431,343
2021-11-01,San Mateo,081,765935,54228,53314,857,54171,571
2021-11-01,Santa Barbara,083,443738,44489,44146,1528,45674,529
2021-11-01,Santa Clara,085,1922200,147295,145978,1328,147306,1907
2021-11-01,Santa Cruz,087,273765,20423,20238,995,21233,221
2021-11-01,Shasta,089,179085,21486,21104,3564,24668,338
2021-11-01,Sierra,091,2930,184,180,20,200,0
2021-11-01,Siskiyou,093,43540,3340,3272,1269,4541,46
2021-11-01,Solano,095,438530,46008,45358,1252,46610,350
2021-11-01,Sonoma,097,501317,41520,41234,520,41754,395
2021-11-01,Stanislaus,099,539301,78539,78534,8756,87290,1193
2021-11-01,Sutter,101,95872,13881,13852,344,14196,179
2021-11-01,Tehama,103,63373,8536,8412,1465,9877,116
2021-11-01,Trinity,105,12862,856,727,209,936,11
2021-11-01,Tulare,107,460477,68672,67388,14841,82229,1002
2021-11-01,Tuolumne,109,53932,7290,7175,98,7273,90
2021-11-01,Ventura,111,848112,98253,97507,4262,101769,1178
2021-11-01,Yolo,113,214977,19979,19708,955,20663,250
2021-11-01,Yuba,115,75493,10136,10066,325,10391,83
2021-10-31,Alameda,001,1643700,119332,119071,2721,121792,1419
2021-10-31,Alpine,003,1148,101,105,0,105,0
2021-10-31,Amador,005,37829,5569,5518,59,5577,64
2021-10-31,Butte,007,227075,20935,20689,3882,24571,281
2021-10-31,Calaveras,009,45235,4076,4052,53,4105,82
2021-10-31,Colusa,011,21464,2514,2493,630,3123,18
2021-10-31,Contra Costa,013,1133247,99500,98936,2149,101085,1025
2021-10-31,Del Norte,015,27424,3682,3591,53,3644,42
2021-10-31,El Dorado,017,186661,16073,15841,1697,17538,154
2021-10-31,Fresno,019,978130,140026,138165,12612,150777,2147
2021-10-31,Glenn,021,27897,3498,3459,1008,4467,33
2021-10-31,Humboldt,023,135768,9003,8919,549,9468,108
2021-10-31,Imperial,025,180216,33616,33334,3126,36460,766
2021-10-31,Inyo,027,18085,2351,2309,38,2347,41
2021-10-31,Kern,029,883053,127481,125917,21907,147824,1666
2021-10-31,Kings,031,150075,32220,31814,1901,33715,338
2021-10-31,Lake,033,64148,6745,6665,144,6809,106
2021-10-31,Lassen,035,31185,6858,6768,362,7130,42
2021-10-31,Los Angeles,037,10098052,1440013,1427933,53102,1481035,26474
2021-10-31,Madera,039,155013,23122,22744,2077,24821,283
2021-10-31,Marin,041,260295,17569,17443,445,17888,247
2021-10-31,Mariposa,043,17540,1292,1257,46,1303,5
2021-10-31,Mendocino,045,87422,7536,7403,526,7929,84
2021-10-31,Merced,047,269075,41876,41699,1883,43582,589
2021-10-31,Modoc,049,8938,531,517,186,703,5
2021-10-31,Mono,051,14174,1722,1711,22,1733,3
2021-10-31,Monterey,053,433212,48703,47744,2842,50586,596
2021-10-31,Napa,055,140530,12964,12906,106,13012,101
2021-10-31,Nevada,057,99092,9186,9084,316,9400,91
2021-10-31,Orange,059,3164182,307319,305032,14980,320012,5596
2021-10-31,Placer,061,380077,37142,36698,3607,40305,435
2021-10-31,Plumas,063,18699,1780,1716,33,1749,7
2021-10-31,Riverside,065,2383286,363309,359005,16221,375226,5104
2021-10-31,Sacramento,067,1510023,158936,157667,4539,162206,2243
2021-10-31,San Benito,069,59416,7400,7397,165,7562,73
2021-10-31,San Bernardino,071,2135413,354175,351411,11097,362508,5810
2021-10-31,San Diego,073,3302833,373400,371603,21932,393535,4218
2021-10-31,San Francisco,075,870044,52945,52370,2278,54648,661
2021-10-31,San Joaquin,077,732212,99676,98893,5320,104213,1772
2021-10-31,San Luis Obispo,079,281455,29584,29176,1231,30407,343
2021-10-31,San Mateo,081,765935,54169,53284,855,54139,571
2021-10-31,Santa Barbara,083,443738,44419,44113,1523,45636,529
2021-10-31,Santa Clara,085,1922200,147079,145829,1313,147142,1908
2021-10-31,Santa Cruz,087,273765,20388,20218,994,21212,221
2021-10-31,Shasta,089,179085,21403,21086,3552,24638,338
2021-10-31,Sierra,091,2930,184,180,20,200,0
2021-10-31,Siskiyou,093,43540,3334,3271,1268,4539,46
2021-10-31,Solano,095,438530,45959,45310,1246,46556,350
2021-10-31,Sonoma,097,501317,41450,41183,517,41700,395
2021-10-31,Stanislaus,099,539301,78350,78426,8739,87165,1193
2021-10-31,Sutter,101,95872,13862,13838,341,14179,179
2021-10-31,Tehama,103,63373,8505,8391,1461,9852,116
2021-10-31,Trinity,105,12862,856,724,209,933,11
2021-10-31,Tulare,107,460477,68476,67310,14753,82063,1002
2021-10-31,Tuolumne,109,53932,7261,7141,97,7238,90
2021-10-31,Ventura,111,848112,98131,97460,4257,101717,1178
2021-10-31,Yolo,113,214977,19933,19662,951,20613,250
2021-10-31,Yuba,115,75493,10118,10051,315,10366,83
2021-10-30,Alameda,001,1643700,119272,118632,2718,121350,1419
2021-10-30,Alpine,003,1148,101,105,0,105,0
2021-10-30,Amador,005,37829,5560,5480,58,5538,64
2021-10-30,Butte,007,227075,20920,20516,3875,24391,277
2021-10-30,Calaveras,009,45235,4069,3992,53,4045,82
2021-10-30,Colusa,011,21464,2514,2484,629,3113,19
2021-10-30,Contra Costa,013,1133247,99437,98562,2148,100710,1024
2021-10-30,Del Norte,015,27424,3679,3574,53,3627,42
2021-10-30,El Dorado,017,186661,16057,15752,1693,17445,154
2021-10-30,Fresno,019,978130,139881,136901,12600,149501,2131
2021-10-30,Glenn,021,27897,3494,3442,1008,4450,33
2021-10-30,Humboldt,023,135768,8988,8871,547,9418,105
2021-10-30,Imperial,025,180216,33570,33156,3122,36278,766
2021-10-30,Inyo,027,18085,2348,2249,38,2287,41
2021-10-30,Kern,029,883053,127329,124892,21838,146730,1653
2021-10-30,Kings,031,150075,32186,31578,1897,33475,337
2021-10-30,Lake,033,64148,6740,6610,144,6754,106
2021-10-30,Lassen,035,31185,6852,6719,360,7079,42
2021-10-30,Los Angeles,037,10098052,1439291,1424257,53049,1477306,26625
2021-10-30,Madera,039,155013,23079,22524,2072,24596,283
2021-10-30,Marin,041,260295,17554,17380,443,17823,247
2021-10-30,Mariposa,043,17540,1289,1228,46,1274,5
2021-10-30,Mendocino,045,87422,7513,7338,524,7862,84
2021-10-30,Merced,047,269075,41836,41428,1881,43309,586
2021-10-30,Modoc,049,8938,529,513,185,698,5
2021-10-30,Mono,051,14174,1722,1684,22,1706,3
2021-10-30,Monterey,053,433212,48686,47649,2836,50485,588
2021-10-30,Napa,055,140530,12949,12863,105,12968,101
2021-10-30,Nevada,057,99092,9167,9015,316,9331,91
2021-10-30,Orange,059,3164182,307139,304120,14958,319078,5588
2021-10-30,Placer,061,380077,37096,36400,3601,40001,434
2021-10-30,Plumas,063,18699,1775,1695,33,1728,7
2021-10-30,Riverside,065,2383286,363008,357645,16213,373858,5088
2021-10-30,Sacramento,067,1510023,158778,157125,4530,161655,2233
2021-10-30,San Benito,069,59416,7393,7362,165,7527,71
2021-10-30,San Bernardino,071,2135413,353897,350076,11082,361158,5777
2021-10-30,San Diego,073,3302833,373037,370006,21910,391916,4213
2021-10-30,San Francisco,075,870044,52916,52161,2276,54437,661
2021-10-30,San Joaquin,077,732212,99620,98314,5319,103633,1768
2021-10-30,San Luis Obispo,079,281455,29552,29053,1228,30281,341
2021-10-30,San Mateo,081,765935,54130,53083,855,53938,571
2021-10-30,Santa Barbara,083,443738,44384,43972,1522,45494,528
2021-10-30,Santa Clara,085,1922200,146973,145262,1309,146571,1903
2021-10-30,Santa Cruz,087,273765,20370,20134,992,21126,221
2021-10-30,Shasta,089,179085,21359,20878,3546,24424,332
2021-10-30,Sierra,091,2930,184,175,20,195,0
2021-10-30,Siskiyou,093,43540,3333,3257,1265,4522,46
2021-10-30,Solano,095,438530,45938,45146,1244,46390,346
2021-10-30,Sonoma,097,501317,41411,40924,517,41441,393
2021-10-30,Stanislaus,099,539301,78280,77871,8732,86603,1191
2021-10-30,Sutter,101,95872,13848,13773,341,14114,178
2021-10-30,Tehama,103,63373,8493,8307,1457,9764,114
2021-10-30,Trinity,105,12862,854,708,208,916,11
2021-10-30,Tulare,107,460477,68405,66745,14709,81454,995
2021-10-30,Tuolumne,109,53932,7237,7050,96,7146,90
2021-10-30,Ventura,111,848112,98082,97182,4254,101436,1174
2021-10-30,Yolo,113,214977,19914,19568,949,20517,250
2021-10-30,Yuba,115,75493,10107,9969,315,10284,82
2021-10-29,Alameda,001,1643700,119193,118632,2713,121345,1419
2021-10-29,Alpine,003,1148,101,105,0,105,0
2021-10-29,Amador,005,37829,5549,5480,58,5538,64
2021-10-29,Butte,007,227075,20895,20516,3863,24379,277
2021-10-29,Calaveras,009,45235,4062,3992,53,4045,82
2021-10-29,Colusa,011,21464,2514,2484,627,3111,19
2021-10-29,Contra Costa,013,1133247,99369,98562,2146,100708,1024
2021-10-29,Del Norte,015,27424,3672,3574,53,3627,42
2021-10-29,El Dorado,017,186661,16043,15752,1693,17445,154
2021-10-29,Fresno,019,978130,139666,136901,12586,149487,2131
2021-10-29,Glenn,021,27897,3493,3442,1007,4449,33
2021-10-29,Humboldt,023,135768,8983,8871,546,9417,105
2021-10-29,Imperial,025,180216,33543,33156,3119,36275,766
2021-10-29,Inyo,027,18085,2345,2249,38,2287,41
2021-10-29,Kern,029,883053,127152,124892,21748,146640,1653
2021-10-29,Kings,031,150075,32152,31578,1895,33473,337
2021-10-29,Lake,033,64148,6731,6610,141,6751,106
2021-10-29,Lassen,035,31185,6843,6719,358,7077,42
2021-10-29,Los Angeles,037,10098052,1438450,1424257,53007,1477264,26625
2021-10-29,Madera,039,155013,23027,22524,2067,24591,283
2021-10-29,Marin,041,260295,17538,17380,442,17822,247
2021-10-29,Mariposa,043,17540,1285,1228,46,1274,5
2021-10-29,Mendocino,045,87422,7505,7338,524,7862,84
2021-10-29,Merced,047,269075,41786,41428,1875,43303,586
2021-10-29,Modoc,049,8938,526,513,185,698,5
2021-10-29,Mono,051,14174,1720,1684,22,1706,3
2021-10-29,Monterey,053,433212,48663,47649,2836,50485,588
2021-10-29,Napa,055,140530,12928,12863,105,12968,101
2021-10-29,Nevada,057,99092,9155,9015,316,9331,91
2021-10-29,Orange,059,3164182,306914,304120,14938,319058,5588
2021-10-29,Placer,061,380077,37060,36400,3591,39991,434
2021-10-29,Plumas,063,18699,1769,1695,33,1728,7
2021-10-29,Riverside,065,2383286,362675,357645,16208,373853,5088
2021-10-29,Sacramento,067,1510023,158589,157125,4520,161645,2233
2021-10-29,San Benito,069,59416,7390,7362,165,7527,71
2021-10-29,San Bernardino,071,2135413,353594,350076,11071,361147,5777
2021-10-29,San Diego,073,3302833,372665,370006,21882,391888,4213
2021-10-29,San Francisco,075,870044,52856,52161,2269,54430,661
2021-10-29,San Joaquin,077,732212,99560,98314,5314,103628,1768
2021-10-29,San Luis Obispo,079,281455,29526,29053,1226,30279,341
2021-10-29,San Mateo,081,765935,54087,53083,853,53936,571
2021-10-29,Santa Barbara,083,443738,44344,43972,1519,45491,528
2021-10-29,Santa Clara,085,1922200,146859,145262,1302,146564,1903
2021-10-29,Santa Cruz,087,273765,20363,20134,991,21125,221
2021-10-29,Shasta,089,179085,21321,20878,3540,24418,332
2021-10-29,Sierra,091,2930,182,175,20,195,0
2021-10-29,Siskiyou,093,43540,3333,3257,1264,4521,46
2021-10-29,Solano,095,438530,45901,45146,1243,46389,346
2021-10-29,Sonoma,097,501317,41390,40924,517,41441,393
2021-10-29,Stanislaus,099,539301,78195,77871,8720,86591,1191
2021-10-29,Sutter,101,95872,13829,13773,341,14114,178
2021-10-29,Tehama,103,63373,8480,8307,1456,9763,114
2021-10-29,Trinity,105,12862,853,708,208,916,11
2021-10-29,Tulare,107,460477,68301,66745,14666,81411,995
2021-10-29,Tuolumne,109,53932,7224,7050,96,7146,90
2021-10-29,Ventura,111,848112,98027,97182,4250,101432,1174
2021-10-29,Yolo,113,214977,19893,19568,947,20515,250
2021-10-29,Yuba,115,75493,10099,9969,311,10280,82
2021-10-28,Alameda,001,1643700,119070,118632,2706,121338,1419
2021-10-28,Alpine,003,1148,101,105,0,105,0
2021-10-28,Amador,005,37829,5536,5480,58,5538,64
2021-10-28,Butte,007,227075,20853,20516,3852,24368,277
2021-10-28,Calaveras,009,45235,4049,3992,53,4045,82
2021-10-28,Colusa,011,21464,2511,2484,626,3110,19
2021-10-28,Contra Costa,013,1133247,99239,98562,2142,100704,1024
2021-10-28,Del Norte,015,27424,3671,3574,53,3627,42
2021-10-28,El Dorado,017,186661,16015,15752,1690,17442,154
2021-10-28,Fresno,019,978130,139334,136901,12555,149456,2131
2021-10-28,Glenn,021,27897,3490,3442,1005,4447,33
2021-10-28,Humboldt,023,135768,8967,8871,541,9412,105
2021-10-28,Imperial,025,180216,33477,33156,3112,36268,766
2021-10-28,Inyo,027,18085,2328,2249,38,2287,41
2021-10-28,Kern,029,883053,126904,124892,21636,146528,1653
2021-10-28,Kings,031,150075,32083,31578,1890,33468,337
2021-10-28,Lake,033,64148,6721,6610,141,6751,106
2021-10-28,Lassen,035,31185,6834,6719,355,7074,42
2021-10-28,Los Angeles,037,10098052,1437313,1424257,52933,1477190,26625
2021-10-28,Madera,039,155013,22973,22524,2056,24580,283
2021-10-28,Marin,041,260295,17520,17380,441,17821,247
2021-10-28,Mariposa,043,17540,1281,1228,46,1274,5
2021-10-28,Mendocino,045,87422,7492,7338,513,7851,84
2021-10-28,Merced,047,269075,41701,41428,1865,43293,586
2021-10-28,Modoc,049,8938,525,513,185,698,5
2021-10-28,Mono,051,14174,1714,1684,22,1706,3
2021-10-28,Monterey,053,433212,48632,47649,2819,50468,588
2021-10-28,Napa,055,140530,12919,12863,104,12967,101
2021-10-28,Nevada,057,99092,9137,9015,316,9331,91
2021-10-28,Orange,059,3164182,306627,304120,14874,318994,5588
2021-10-28,Placer,061,380077,36981,36400,3582,39982,434
2021-10-28,Plumas,063,18699,1761,1695,33,1728,7
2021-10-28,Riverside,065,2383286,362235,357645,16185,373830,5088
2021-10-28,Sacramento,067,1510023,158323,157125,4508,161633,2233
2021-10-28,San Benito,069,59416,7382,7362,165,7527,71
2021-10-28,San Bernardino,071,2135413,353178,350076,11048,361124,5777
2021-10-28,San Diego,073,3302833,372209,370006,21859,391865,4213
2021-10-28,San Francisco,075,870044,52810,52161,2262,54423,661
2021-10-28,San Joaquin,077,732212,99432,98314,5313,103627,1768
2021-10-28,San Luis Obispo,079,281455,29497,29053,1223,30276,341
2021-10-28,San Mateo,081,765935,54042,53083,851,53934,571
2021-10-28,Santa Barbara,083,443738,44305,43972,1517,45489,528
2021-10-28,Santa Clara,085,1922200,146700,145262,1297,146559,1903
2021-10-28,Santa Cruz,087,273765,20339,20134,991,21125,221
2021-10-28,Shasta,089,179085,21246,20878,3533,24411,332
2021-10-28,Sierra,091,2930,181,175,20,195,0
2021-10-28,Siskiyou,093,43540,3332,3257,1264,4521,46
2021-10-28,Solano,095,438530,45861,45146,1242,46388,346
2021-10-28,Sonoma,097,501317,41322,40924,516,41440,393
2021-10-28,Stanislaus,099,539301,78042,77871,8704,86575,1191
2021-10-28,Sutter,101,95872,13816,13773,337,14110,178
2021-10-28,Tehama,103,63373,8443,8307,1453,9760,114
2021-10-28,Trinity,105,12862,850,708,208,916,11
2021-10-28,Tulare,107,460477,68162,66745,14610,81355,995
2021-10-28,Tuolumne,109,53932,7193,7050,96,7146,90
2021-10-28,Ventura,111,848112,97942,97182,4247,101429,1174
2021-10-28,Yolo,113,214977,19854,19568,944,20512,250
2021-10-28,Yuba,115,75493,10070,9969,308,10277,82
2021-10-27,Alameda,001,1643700,118948,118487,2704,121191,1414
2021-10-27,Alpine,003,1148,101,105,0,105,0
2021-10-27,Amador,005,37829,5524,5470,57,5527,64
2021-10-27,Butte,007,227075,20808,20446,3837,24283,274
2021-10-27,Calaveras,009,45235,4031,3970,52,4022,82
2021-10-27,Colusa,011,21464,2511,2480,625,3105,18
2021-10-27,Contra Costa,013,1133247,99131,98442,2130,100572,1018
2021-10-27,Del Norte,015,27424,3664,3571,52,3623,42
2021-10-27,El Dorado,017,186661,15984,15723,1685,17408,154
2021-10-27,Fresno,019,978130,138952,136447,12521,148968,2128
2021-10-27,Glenn,021,27897,3488,3435,1004,4439,33
2021-10-27,Humboldt,023,135768,8947,8851,539,9390,105
2021-10-27,Imperial,025,180216,33437,33068,3107,36175,766
2021-10-27,Inyo,027,18085,2308,2236,38,2274,41
2021-10-27,Kern,029,883053,126635,124557,21536,146093,1647
2021-10-27,Kings,031,150075,32017,31437,1884,33321,335
2021-10-27,Lake,033,64148,6695,6589,141,6730,105
2021-10-27,Lassen,035,31185,6821,6706,353,7059,42
2021-10-27,Los Angeles,037,10098052,1436084,1422615,52875,1475490,26604
2021-10-27,Madera,039,155013,22889,22413,2032,24445,283
2021-10-27,Marin,041,260295,17505,17362,441,17803,247
2021-10-27,Mariposa,043,17540,1268,1228,46,1274,5
2021-10-27,Mendocino,045,87422,7478,7321,506,7827,84
2021-10-27,Merced,047,269075,41604,41310,1851,43161,583
2021-10-27,Modoc,049,8938,521,513,185,698,5
2021-10-27,Mono,051,14174,1711,1682,22,1704,3
2021-10-27,Monterey,053,433212,48595,47610,2798,50408,588
2021-10-27,Napa,055,140530,12904,12856,104,12960,101
2021-10-27,Nevada,057,99092,9119,8987,315,9302,90
2021-10-27,Orange,059,3164182,306307,303825,14824,318649,5584
2021-10-27,Placer,061,380077,36916,36296,3575,39871,434
2021-10-27,Plumas,063,18699,1753,1686,33,1719,7
2021-10-27,Riverside,065,2383286,361804,357152,16177,373329,5081
2021-10-27,Sacramento,067,1510023,158055,156830,4487,161317,2230
2021-10-27,San Benito,069,59416,7375,7337,165,7502,71
2021-10-27,San Bernardino,071,2135413,352753,349624,11026,360650,5770
2021-10-27,San Diego,073,3302833,371653,369579,21835,391414,4207
2021-10-27,San Francisco,075,870044,52759,52108,2258,54366,655
2021-10-27,San Joaquin,077,732212,99274,98168,5298,103466,1753
2021-10-27,San Luis Obispo,079,281455,29458,29002,1221,30223,341
2021-10-27,San Mateo,081,765935,53987,53032,843,53875,571
2021-10-27,Santa Barbara,083,443738,44252,43901,1514,45415,527
2021-10-27,Santa Clara,085,1922200,146519,145081,1289,146370,1902
2021-10-27,Santa Cruz,087,273765,20312,20091,989,21080,221
2021-10-27,Shasta,089,179085,21171,20813,3525,24338,331
2021-10-27,Sierra,091,2930,180,176,20,196,0
2021-10-27,Siskiyou,093,43540,3329,3256,1260,4516,46
2021-10-27,Solano,095,438530,45816,45089,1235,46324,346
2021-10-27,Sonoma,097,501317,41246,40829,514,41343,393
2021-10-27,Stanislaus,099,539301,77882,77687,8689,86376,1191
2021-10-27,Sutter,101,95872,13802,13754,337,14091,177
2021-10-27,Tehama,103,63373,8421,8265,1451,9716,113
2021-10-27,Trinity,105,12862,850,706,207,913,11
2021-10-27,Tulare,107,460477,68008,66568,14554,81122,991
2021-10-27,Tuolumne,109,53932,7166,7009,95,7104,90
2021-10-27,Ventura,111,848112,97850,97108,4242,101350,1172
2021-10-27,Yolo,113,214977,19825,19517,937,20454,250
2021-10-27,Yuba,115,75493,10049,9945,306,10251,82
2021-10-26,Alameda,001,1643700,118810,118360,2702,121062,1407
2021-10-26,Alpine,003,1148,101,105,0,105,0
2021-10-26,Amador,005,37829,5516,5465,56,5521,64
2021-10-26,Butte,007,227075,20748,20387,3820,24207,274
2021-10-26,Calaveras,009,45235,4020,3966,52,4018,81
2021-10-26,Colusa,011,21464,2508,2478,624,3102,18
2021-10-26,Contra Costa,013,1133247,99007,98352,2120,100472,1017
2021-10-26,Del Norte,015,27424,3659,3563,52,3615,42
2021-10-26,El Dorado,017,186661,15956,15690,1676,17366,153
2021-10-26,Fresno,019,978130,138505,136211,12473,148684,2122
2021-10-26,Glenn,021,27897,3474,3431,1001,4432,33
2021-10-26,Humboldt,023,135768,8929,8830,533,9363,105
2021-10-26,Imperial,025,180216,33372,33012,3102,36114,766
2021-10-26,Inyo,027,18085,2293,2200,38,2238,41
2021-10-26,Kern,029,883053,126292,124351,21418,145769,1645
2021-10-26,Kings,031,150075,31950,31382,1877,33259,336
2021-10-26,Lake,033,64148,6685,6584,139,6723,105
2021-10-26,Lassen,035,31185,6800,6689,351,7040,42
2021-10-26,Los Angeles,037,10098052,1434744,1421795,52804,1474599,26599
2021-10-26,Madera,039,155013,22799,22363,2021,24384,283
2021-10-26,Marin,041,260295,17488,17354,440,17794,244
2021-10-26,Mariposa,043,17540,1263,1225,45,1270,5
2021-10-26,Mendocino,045,87422,7449,7308,490,7798,83
2021-10-26,Merced,047,269075,41526,41267,1844,43111,583
2021-10-26,Modoc,049,8938,521,513,185,698,5
2021-10-26,Mono,051,14174,1706,1680,22,1702,3
2021-10-26,Monterey,053,433212,48556,47572,2788,50360,588
2021-10-26,Napa,055,140530,12892,12849,104,12953,101
2021-10-26,Nevada,057,99092,9088,8971,314,9285,90
2021-10-26,Orange,059,3164182,306038,303533,14785,318318,5580
2021-10-26,Placer,061,380077,36819,36245,3569,39814,434
2021-10-26,Plumas,063,18699,1744,1645,33,1678,7
2021-10-26,Riverside,065,2383286,361315,356775,16167,372942,5068
2021-10-26,Sacramento,067,1510023,157754,156643,4470,161113,2228
2021-10-26,San Benito,069,59416,7352,7325,165,7490,71
2021-10-26,San Bernardino,071,2135413,352325,349346,11011,360357,5764
2021-10-26,San Diego,073,3302833,371136,369043,21805,390848,4198
2021-10-26,San Francisco,075,870044,52685,52063,2255,54318,655
2021-10-26,San Joaquin,077,732212,99097,98036,5284,103320,1748
2021-10-26,San Luis Obispo,079,281455,29419,28928,1215,30143,337
2021-10-26,San Mateo,081,765935,53915,52974,840,53814,571
2021-10-26,Santa Barbara,083,443738,44206,43835,1513,45348,525
2021-10-26,Santa Clara,085,1922200,146317,144932,1283,146215,1903
2021-10-26,Santa Cruz,087,273765,20281,20067,989,21056,221
2021-10-26,Shasta,089,179085,21110,20725,3507,24232,330
2021-10-26,Sierra,091,2930,180,169,20,189,0
2021-10-26,Siskiyou,093,43540,3323,3254,1258,4512,46
2021-10-26,Solano,095,438530,45760,45044,1234,46278,344
2021-10-26,Sonoma,097,501317,41164,40794,512,41306,393
2021-10-26,Stanislaus,099,539301,77708,77552,8664,86216,1157
2021-10-26,Sutter,101,95872,13773,13739,336,14075,176
2021-10-26,Tehama,103,63373,8393,8247,1446,9693,112
2021-10-26,Trinity,105,12862,846,705,207,912,11
2021-10-26,Tulare,107,460477,67848,66476,14497,80973,991
2021-10-26,Tuolumne,109,53932,7140,6995,93,7088,90
2021-10-26,Ventura,111,848112,97741,97014,4239,101253,1170
2021-10-26,Yolo,113,214977,19794,19490,936,20426,248
2021-10-26,Yuba,115,75493,10031,9927,301,10228,82
2021-10-25,Alameda,001,1643700,118667,118319,2701,121020,1404
2021-10-25,Alpine,003,1148,101,105,0,105,0
2021-10-25,Amador,005,37829,5502,5455,56,5511,64
2021-10-25,Butte,007,227075,20675,20331,3812,24143,273
2021-10-25,Calaveras,009,45235,3990,3942,51,3993,82
2021-10-25,Colusa,011,21464,2506,2471,622,3093,18
2021-10-25,Contra Costa,013,1133247,98890,98267,2116,100383,1017
2021-10-25,Del Norte,015,27424,3652,3562,52,3614,42
2021-10-25,El Dorado,017,186661,15921,15663,1674,17337,149
2021-10-25,Fresno,019,978130,138071,135974,12437,148411,2112
2021-10-25,Glenn,021,27897,3471,3421,1000,4421,33
2021-10-25,Humboldt,023,135768,8906,8825,528,9353,105
2021-10-25,Imperial,025,180216,33311,32968,3091,36059,766
2021-10-25,Inyo,027,18085,2275,2183,38,2221,41
2021-10-25,Kern,029,883053,125940,124078,21279,145357,1649
2021-10-25,Kings,031,150075,31861,31329,1868,33197,335
2021-10-25,Lake,033,64148,6671,6571,139,6710,105
2021-10-25,Lassen,035,31185,6789,6688,349,7037,42
2021-10-25,Los Angeles,037,10098052,1433390,1421061,52738,1473799,26579
2021-10-25,Madera,039,155013,22745,22325,2014,24339,281
2021-10-25,Marin,041,260295,17466,17334,438,17772,244
2021-10-25,Mariposa,043,17540,1249,1220,45,1265,5
2021-10-25,Mendocino,045,87422,7420,7296,486,7782,82
2021-10-25,Merced,047,269075,41458,41207,1817,43024,583
2021-10-25,Modoc,049,8938,519,512,183,695,5
2021-10-25,Mono,051,14174,1698,1677,22,1699,3
2021-10-25,Monterey,053,433212,48523,47547,2786,50333,587
2021-10-25,Napa,055,140530,12879,12841,104,12945,100
2021-10-25,Nevada,057,99092,9062,8958,314,9272,90
2021-10-25,Orange,059,3164182,305740,303279,14748,318027,5574
2021-10-25,Placer,061,380077,36711,36153,3559,39712,431
2021-10-25,Plumas,063,18699,1732,1641,33,1674,7
2021-10-25,Riverside,065,2383286,360886,356381,16152,372533,5056
2021-10-25,Sacramento,067,1510023,157449,156516,4447,160963,2235
2021-10-25,San Benito,069,59416,7339,7314,164,7478,71
2021-10-25,San Bernardino,071,2135413,351817,349075,10999,360074,5748
2021-10-25,San Diego,073,3302833,370567,368386,21777,390163,4196
2021-10-25,San Francisco,075,870044,52612,52041,2249,54290,649
2021-10-25,San Joaquin,077,732212,98896,97980,5275,103255,1740
2021-10-25,San Luis Obispo,079,281455,29371,28907,1210,30117,336
2021-10-25,San Mateo,081,765935,53854,52927,836,53763,571
2021-10-25,Santa Barbara,083,443738,44147,43775,1513,45288,525
2021-10-25,Santa Clara,085,1922200,146125,144895,1278,146173,1901
2021-10-25,Santa Cruz,087,273765,20252,20053,988,21041,221
2021-10-25,Shasta,089,179085,21038,20666,3500,24166,326
2021-10-25,Sierra,091,2930,180,168,20,188,0
2021-10-25,Siskiyou,093,43540,3319,3248,1253,4501,46
2021-10-25,Solano,095,438530,45699,45022,1232,46254,344
2021-10-25,Sonoma,097,501317,41091,40746,510,41256,393
2021-10-25,Stanislaus,099,539301,77516,77452,8636,86088,1145
2021-10-25,Sutter,101,95872,13759,13721,333,14054,176
2021-10-25,Tehama,103,63373,8366,8224,1442,9666,111
2021-10-25,Trinity,105,12862,841,699,206,905,11
2021-10-25,Tulare,107,460477,67653,66357,14435,80792,986
2021-10-25,Tuolumne,109,53932,7106,6952,92,7044,90
2021-10-25,Ventura,111,848112,97650,96932,4236,101168,1167
2021-10-25,Yolo,113,214977,19744,19457,933,20390,248
2021-10-25,Yuba,115,75493,10015,9924,297,10221,82
2021-10-24,Alameda,001,1643700,118535,117816,2696,120512,1397
2021-10-24,Alpine,003,1148,101,105,0,105,0
2021-10-24,Amador,005,37829,5497,5412,56,5468,64
2021-10-24,Butte,007,227075,20603,20101,3800,23901,273
2021-10-24,Calaveras,009,45235,3971,3865,50,3915,81
2021-10-24,Colusa,011,21464,2502,2458,619,3077,18
2021-10-24,Contra Costa,013,1133247,98772,97855,2107,99962,1008
2021-10-24,Del Norte,015,27424,3648,3540,52,3592,42
2021-10-24,El Dorado,017,186661,15884,15540,1670,17210,149
2021-10-24,Fresno,019,978130,137635,134466,12386,146852,2094
2021-10-24,Glenn,021,27897,3463,3399,998,4397,33
2021-10-24,Humboldt,023,135768,8893,8753,522,9275,105
2021-10-24,Imperial,025,180216,33233,32777,3085,35862,766
2021-10-24,Inyo,027,18085,2243,2108,38,2146,41
2021-10-24,Kern,029,883053,125606,122939,21163,144102,1636
2021-10-24,Kings,031,150075,31732,30942,1853,32795,325
2021-10-24,Lake,033,64148,6648,6501,138,6639,105
2021-10-24,Lassen,035,31185,6772,6632,348,6980,27
2021-10-24,Los Angeles,037,10098052,1431956,1415919,52670,1468589,26527
2021-10-24,Madera,039,155013,22668,22062,2002,24064,281
2021-10-24,Marin,041,260295,17450,17264,437,17701,244
2021-10-24,Mariposa,043,17540,1246,1184,45,1229,5
2021-10-24,Mendocino,045,87422,7396,7220,476,7696,82
2021-10-24,Merced,047,269075,41336,40808,1811,42619,581
2021-10-24,Modoc,049,8938,518,507,183,690,5
2021-10-24,Mono,051,14174,1693,1655,22,1677,3
2021-10-24,Monterey,053,433212,48475,47456,2776,50232,586
2021-10-24,Napa,055,140530,12868,12789,104,12893,100
2021-10-24,Nevada,057,99092,9039,8861,311,9172,90
2021-10-24,Orange,059,3164182,305390,302237,14711,316948,5546
2021-10-24,Placer,061,380077,36607,35822,3545,39367,426
2021-10-24,Plumas,063,18699,1722,1623,32,1655,7
2021-10-24,Riverside,065,2383286,360412,354688,16132,370820,5041
2021-10-24,Sacramento,067,1510023,157108,155125,4424,159549,2232
2021-10-24,San Benito,069,59416,7319,7280,164,7444,71
2021-10-24,San Bernardino,071,2135413,351259,347681,10987,358668,5688
2021-10-24,San Diego,073,3302833,369983,366085,21746,387831,4183
2021-10-24,San Francisco,075,870044,52549,51820,2243,54063,649
2021-10-24,San Joaquin,077,732212,98723,97440,5269,102709,1721
2021-10-24,San Luis Obispo,079,281455,29310,28755,1203,29958,333
2021-10-24,San Mateo,081,765935,53782,52719,836,53555,571
2021-10-24,Santa Barbara,083,443738,44080,43552,1511,45063,523
2021-10-24,Santa Clara,085,1922200,145934,144276,1268,145544,1897
2021-10-24,Santa Cruz,087,273765,20214,19967,987,20954,221
2021-10-24,Shasta,089,179085,20940,20386,3494,23880,321
2021-10-24,Sierra,091,2930,180,168,20,188,0
2021-10-24,Siskiyou,093,43540,3312,3231,1249,4480,46
2021-10-24,Solano,095,438530,45650,44861,1227,46088,341
2021-10-24,Sonoma,097,501317,41008,40476,510,40986,393
2021-10-24,Stanislaus,099,539301,77325,76812,8625,85437,1145
2021-10-24,Sutter,101,95872,13732,13616,325,13941,175
2021-10-24,Tehama,103,63373,8318,8105,1431,9536,110
2021-10-24,Trinity,105,12862,837,696,204,900,11
2021-10-24,Tulare,107,460477,67480,65585,14364,79949,978
2021-10-24,Tuolumne,109,53932,7066,6840,90,6930,90
2021-10-24,Ventura,111,848112,97543,96664,4235,100899,1167
2021-10-24,Yolo,113,214977,19693,19280,933,20213,248
2021-10-24,Yuba,115,75493,9991,9838,296,10134,82
2021-10-23,Alameda,001,1643700,118447,117816,2691,120507,1397
2021-10-23,Alpine,003,1148,101,105,0,105,0
2021-10-23,Amador,005,37829,5490,5412,56,5468,64
2021-10-23,Butte,007,227075,20566,20101,3792,23893,273
2021-10-23,Calaveras,009,45235,3964,3865,49,3914,81
2021-10-23,Colusa,011,21464,2500,2458,618,3076,18
2021-10-23,Contra Costa,013,1133247,98720,97855,2103,99958,1008
2021-10-23,Del Norte,015,27424,3646,3540,52,3592,42
2021-10-23,El Dorado,017,186661,15858,15540,1668,17208,149
2021-10-23,Fresno,019,978130,137457,134466,12373,146839,2094
2021-10-23,Glenn,021,27897,3461,3399,997,4396,33
2021-10-23,Humboldt,023,135768,8879,8753,517,9270,105
2021-10-23,Imperial,025,180216,33186,32777,3081,35858,766
2021-10-23,Inyo,027,18085,2232,2108,38,2146,41
2021-10-23,Kern,029,883053,125446,122939,21076,144015,1636
2021-10-23,Kings,031,150075,31686,30942,1851,32793,325
2021-10-23,Lake,033,64148,6643,6501,138,6639,105
2021-10-23,Lassen,035,31185,6769,6632,346,6978,27
2021-10-23,Los Angeles,037,10098052,1431281,1415919,52615,1468534,26527
2021-10-23,Madera,039,155013,22619,22062,1994,24056,281
2021-10-23,Marin,041,260295,17433,17264,437,17701,244
2021-10-23,Mariposa,043,17540,1243,1184,44,1228,5
2021-10-23,Mendocino,045,87422,7389,7220,475,7695,82
2021-10-23,Merced,047,269075,41295,40808,1806,42614,581
2021-10-23,Modoc,049,8938,516,507,183,690,5
2021-10-23,Mono,051,14174,1687,1655,22,1677,3
2021-10-23,Monterey,053,433212,48458,47456,2772,50228,586
2021-10-23,Napa,055,140530,12863,12789,104,12893,100
2021-10-23,Nevada,057,99092,9028,8861,309,9170,90
2021-10-23,Orange,059,3164182,305203,302237,14696,316933,5546
2021-10-23,Placer,061,380077,36545,35822,3539,39361,426
2021-10-23,Plumas,063,18699,1721,1623,32,1655,7
2021-10-23,Riverside,065,2383286,360091,354688,16125,370813,5041
2021-10-23,Sacramento,067,1510023,156979,155125,4416,159541,2232
2021-10-23,San Benito,069,59416,7309,7280,164,7444,71
2021-10-23,San Bernardino,071,2135413,350988,347681,10979,358660,5688
2021-10-23,San Diego,073,3302833,369642,366085,21715,387800,4183
2021-10-23,San Francisco,075,870044,52513,51820,2242,54062,649
2021-10-23,San Joaquin,077,732212,98655,97440,5260,102700,1721
2021-10-23,San Luis Obispo,079,281455,29272,28755,1201,29956,333
2021-10-23,San Mateo,081,765935,53744,52719,835,53554,571
2021-10-23,Santa Barbara,083,443738,44049,43552,1509,45061,523
2021-10-23,Santa Clara,085,1922200,145823,144276,1264,145540,1897
2021-10-23,Santa Cruz,087,273765,20202,19967,987,20954,221
2021-10-23,Shasta,089,179085,20904,20386,3482,23868,321
2021-10-23,Sierra,091,2930,179,168,20,188,0
2021-10-23,Siskiyou,093,43540,3310,3231,1249,4480,46
2021-10-23,Solano,095,438530,45625,44861,1224,46085,341
2021-10-23,Sonoma,097,501317,40968,40476,510,40986,393
2021-10-23,Stanislaus,099,539301,77236,76812,8605,85417,1145
2021-10-23,Sutter,101,95872,13726,13616,324,13940,175
2021-10-23,Tehama,103,63373,8306,8105,1430,9535,110
2021-10-23,Trinity,105,12862,836,696,204,900,11
2021-10-23,Tulare,107,460477,67392,65585,14305,79890,978
2021-10-23,Tuolumne,109,53932,7045,6840,90,6930,90
2021-10-23,Ventura,111,848112,97482,96664,4235,100899,1167
2021-10-23,Yolo,113,214977,19675,19280,931,20211,248
2021-10-23,Yuba,115,75493,9982,9838,296,10134,82
2021-10-22,Alameda,001,1643700,118365,117816,2688,120504,1397
2021-10-22,Alpine,003,1148,101,105,0,105,0
2021-10-22,Amador,005,37829,5479,5412,56,5468,64
2021-10-22,Butte,007,227075,20534,20101,3788,23889,273
2021-10-22,Calaveras,009,45235,3956,3865,49,3914,81
2021-10-22,Colusa,011,21464,2497,2458,618,3076,18
2021-10-22,Contra Costa,013,1133247,98629,97855,2101,99956,1008
2021-10-22,Del Norte,015,27424,3642,3540,52,3592,42
2021-10-22,El Dorado,017,186661,15845,15540,1666,17206,149
2021-10-22,Fresno,019,978130,137242,134466,12352,146818,2094
2021-10-22,Glenn,021,27897,3451,3399,997,4396,33
2021-10-22,Humboldt,023,135768,8865,8753,516,9269,105
2021-10-22,Imperial,025,180216,33142,32777,3081,35858,766
2021-10-22,Inyo,027,18085,2219,2108,38,2146,41
2021-10-22,Kern,029,883053,125259,122939,21003,143942,1636
2021-10-22,Kings,031,150075,31651,30942,1850,32792,325
2021-10-22,Lake,033,64148,6633,6501,138,6639,105
2021-10-22,Lassen,035,31185,6762,6632,343,6975,27
2021-10-22,Los Angeles,037,10098052,1430516,1415919,52557,1468476,26527
2021-10-22,Madera,039,155013,22569,22062,1982,24044,281
2021-10-22,Marin,041,260295,17421,17264,437,17701,244
2021-10-22,Mariposa,043,17540,1240,1184,44,1228,5
2021-10-22,Mendocino,045,87422,7375,7220,474,7694,82
2021-10-22,Merced,047,269075,41258,40808,1799,42607,581
2021-10-22,Modoc,049,8938,516,507,183,690,5
2021-10-22,Mono,051,14174,1685,1655,22,1677,3
2021-10-22,Monterey,053,433212,48424,47456,2770,50226,586
2021-10-22,Napa,055,140530,12857,12789,104,12893,100
2021-10-22,Nevada,057,99092,9011,8861,308,9169,90
2021-10-22,Orange,059,3164182,304987,302237,14666,316903,5546
2021-10-22,Placer,061,380077,36517,35822,3530,39352,426
2021-10-22,Plumas,063,18699,1715,1623,32,1655,7
2021-10-22,Riverside,065,2383286,359780,354688,16120,370808,5041
2021-10-22,Sacramento,067,1510023,156792,155125,4407,159532,2232
2021-10-22,San Benito,069,59416,7304,7280,164,7444,71
2021-10-22,San Bernardino,071,2135413,350658,347681,10964,358645,5688
2021-10-22,San Diego,073,3302833,369244,366085,21697,387782,4183
2021-10-22,San Francisco,075,870044,52475,51820,2235,54055,649
2021-10-22,San Joaquin,077,732212,98594,97440,5257,102697,1721
2021-10-22,San Luis Obispo,079,281455,29242,28755,1201,29956,333
2021-10-22,San Mateo,081,765935,53693,52719,829,53548,571
2021-10-22,Santa Barbara,083,443738,44008,43552,1509,45061,523
2021-10-22,Santa Clara,085,1922200,145666,144276,1257,145533,1897
2021-10-22,Santa Cruz,087,273765,20180,19967,987,20954,221
2021-10-22,Shasta,089,179085,20871,20386,3479,23865,321
2021-10-22,Sierra,091,2930,178,168,19,187,0
2021-10-22,Siskiyou,093,43540,3308,3231,1246,4477,46
2021-10-22,Solano,095,438530,45590,44861,1220,46081,341
2021-10-22,Sonoma,097,501317,40911,40476,510,40986,393
2021-10-22,Stanislaus,099,539301,77133,76812,8588,85400,1145
2021-10-22,Sutter,101,95872,13711,13616,324,13940,175
2021-10-22,Tehama,103,63373,8284,8105,1425,9530,110
2021-10-22,Trinity,105,12862,835,696,204,900,11
2021-10-22,Tulare,107,460477,67306,65585,14253,79838,978
2021-10-22,Tuolumne,109,53932,7010,6840,90,6930,90
2021-10-22,Ventura,111,848112,97429,96664,4229,100893,1167
2021-10-22,Yolo,113,214977,19648,19280,930,20210,248
2021-10-22,Yuba,115,75493,9968,9838,294,10132,82
2021-10-21,Alameda,001,1643700,118250,117816,2682,120498,1397
2021-10-21,Alpine,003,1148,101,105,0,105,0
2021-10-21,Amador,005,37829,5471,5412,56,5468,64
2021-10-21,Butte,007,227075,20450,20101,3773,23874,273
2021-10-21,Calaveras,009,45235,3937,3865,49,3914,81
2021-10-21,Colusa,011,21464,2493,2458,614,3072,18
2021-10-21,Contra Costa,013,1133247,98512,97855,2096,99951,1008
2021-10-21,Del Norte,015,27424,3636,3540,51,3591,42
2021-10-21,El Dorado,017,186661,15816,15540,1659,17199,149
2021-10-21,Fresno,019,978130,136891,134466,12307,146773,2094
2021-10-21,Glenn,021,27897,3447,3399,994,4393,33
2021-10-21,Humboldt,023,135768,8851,8753,512,9265,105
2021-10-21,Imperial,025,180216,33087,32777,3077,35854,766
2021-10-21,Inyo,027,18085,2197,2108,38,2146,41
2021-10-21,Kern,029,883053,125012,122939,20894,143833,1636
2021-10-21,Kings,031,150075,31553,30942,1844,32786,325
2021-10-21,Lake,033,64148,6619,6501,137,6638,105
2021-10-21,Lassen,035,31185,6749,6632,339,6971,27
2021-10-21,Los Angeles,037,10098052,1429396,1415919,52509,1468428,26527
2021-10-21,Madera,039,155013,22511,22062,1972,24034,281
2021-10-21,Marin,041,260295,17403,17264,437,17701,244
2021-10-21,Mariposa,043,17540,1234,1184,43,1227,5
2021-10-21,Mendocino,045,87422,7357,7220,467,7687,82
2021-10-21,Merced,047,269075,41161,40808,1788,42596,581
2021-10-21,Modoc,049,8938,516,507,183,690,5
2021-10-21,Mono,051,14174,1676,1655,22,1677,3
2021-10-21,Monterey,053,433212,48390,47456,2759,50215,586
2021-10-21,Napa,055,140530,12845,12789,104,12893,100
2021-10-21,Nevada,057,99092,8986,8861,308,9169,90
2021-10-21,Orange,059,3164182,304715,302237,14630,316867,5546
2021-10-21,Placer,061,380077,36428,35822,3517,39339,426
2021-10-21,Plumas,063,18699,1701,1623,32,1655,7
2021-10-21,Riverside,065,2383286,359333,354688,16110,370798,5041
2021-10-21,Sacramento,067,1510023,156472,155125,4381,159506,2232
2021-10-21,San Benito,069,59416,7297,7280,162,7442,71
2021-10-21,San Bernardino,071,2135413,350278,347681,10930,358611,5688
2021-10-21,San Diego,073,3302833,368732,366085,21667,387752,4183
2021-10-21,San Francisco,075,870044,52420,51820,2234,54054,649
2021-10-21,San Joaquin,077,732212,98455,97440,5250,102690,1721
2021-10-21,San Luis Obispo,079,281455,29200,28755,1199,29954,333
2021-10-21,San Mateo,081,765935,53646,52719,828,53547,571
2021-10-21,Santa Barbara,083,443738,43942,43552,1507,45059,523
2021-10-21,Santa Clara,085,1922200,145493,144276,1253,145529,1897
2021-10-21,Santa Cruz,087,273765,20156,19967,985,20952,221
2021-10-21,Shasta,089,179085,20810,20386,3464,23850,321
2021-10-21,Sierra,091,2930,177,168,18,186,0
2021-10-21,Siskiyou,093,43540,3303,3231,1244,4475,46
2021-10-21,Solano,095,438530,45538,44861,1218,46079,341
2021-10-21,Sonoma,097,501317,40842,40476,508,40984,393
2021-10-21,Stanislaus,099,539301,76964,76812,8577,85389,1145
2021-10-21,Sutter,101,95872,13683,13616,320,13936,175
2021-10-21,Tehama,103,63373,8257,8105,1418,9523,110
2021-10-21,Trinity,105,12862,833,696,204,900,11
2021-10-21,Tulare,107,460477,67117,65585,14184,79769,978
2021-10-21,Tuolumne,109,53932,6972,6840,89,6929,90
2021-10-21,Ventura,111,848112,97338,96664,4227,100891,1167
2021-10-21,Yolo,113,214977,19600,19280,929,20209,248
2021-10-21,Yuba,115,75493,9944,9838,293,10131,82
2021-10-20,Alameda,001,1643700,118130,117654,2682,120336,1390
2021-10-20,Alpine,003,1148,101,103,0,103,0
2021-10-20,Amador,005,37829,5463,5379,56,5435,64
2021-10-20,Butte,007,227075,20395,20021,3757,23778,270
2021-10-20,Calaveras,009,45235,3917,3844,48,3892,81
2021-10-20,Colusa,011,21464,2489,2454,612,3066,18
2021-10-20,Contra Costa,013,1133247,98396,97721,2092,99813,1008
2021-10-20,Del Norte,015,27424,3632,3536,51,3587,42
2021-10-20,El Dorado,017,186661,15787,15502,1656,17158,149
2021-10-20,Fresno,019,978130,136488,134025,12271,146296,2084
2021-10-20,Glenn,021,27897,3439,3382,993,4375,33
2021-10-20,Humboldt,023,135768,8829,8727,510,9237,105
2021-10-20,Imperial,025,180216,33013,32705,3069,35774,766
2021-10-20,Inyo,027,18085,2178,2077,37,2114,40
2021-10-20,Kern,029,883053,124718,122630,20776,143406,1623
2021-10-20,Kings,031,150075,31476,30805,1834,32639,322
2021-10-20,Lake,033,64148,6597,6475,136,6611,104
2021-10-20,Lassen,035,31185,6734,6622,339,6961,27
2021-10-20,Los Angeles,037,10098052,1428278,1414931,52438,1467369,26506
2021-10-20,Madera,039,155013,22442,21983,1963,23946,281
2021-10-20,Marin,041,260295,17382,17250,435,17685,244
2021-10-20,Mariposa,043,17540,1227,1174,43,1217,5
2021-10-20,Mendocino,045,87422,7329,7189,464,7653,82
2021-10-20,Merced,047,269075,41080,40685,1772,42457,581
2021-10-20,Modoc,049,8938,516,504,183,687,5
2021-10-20,Mono,051,14174,1676,1653,22,1675,3
2021-10-20,Monterey,053,433212,48358,47430,2750,50180,587
2021-10-20,Napa,055,140530,12831,12773,103,12876,100
2021-10-20,Nevada,057,99092,8958,8836,308,9144,90
2021-10-20,Orange,059,3164182,304429,301957,14608,316565,5534
2021-10-20,Placer,061,380077,36339,35729,3508,39237,425
2021-10-20,Plumas,063,18699,1694,1604,32,1636,7
2021-10-20,Riverside,065,2383286,358889,354311,16093,370404,5030
2021-10-20,Sacramento,067,1510023,156173,154822,4357,159179,2222
2021-10-20,San Benito,069,59416,7294,7275,160,7435,71
2021-10-20,San Bernardino,071,2135413,349876,347217,10899,358116,5663
2021-10-20,San Diego,073,3302833,368225,365698,21648,387346,4178
2021-10-20,San Francisco,075,870044,52371,51755,2233,53988,646
2021-10-20,San Joaquin,077,732212,98310,97246,5242,102488,1721
2021-10-20,San Luis Obispo,079,281455,29154,28727,1195,29922,332
2021-10-20,San Mateo,081,765935,53575,52663,820,53483,571
2021-10-20,Santa Barbara,083,443738,43879,43489,1506,44995,523
2021-10-20,Santa Clara,085,1922200,145354,144124,1248,145372,1896
2021-10-20,Santa Cruz,087,273765,20143,19951,985,20936,219
2021-10-20,Shasta,089,179085,20748,20313,3437,23750,320
2021-10-20,Sierra,091,2930,177,168,18,186,0
2021-10-20,Siskiyou,093,43540,3303,3224,1238,4462,46
2021-10-20,Solano,095,438530,45506,44819,1216,46035,341
2021-10-20,Sonoma,097,501317,40795,40404,508,40912,393
2021-10-20,Stanislaus,099,539301,76814,76631,8558,85189,1145
2021-10-20,Sutter,101,95872,13659,13592,314,13906,175
2021-10-20,Tehama,103,63373,8226,8081,1407,9488,110
2021-10-20,Trinity,105,12862,833,693,203,896,11
2021-10-20,Tulare,107,460477,66940,65413,14140,79553,967
2021-10-20,Tuolumne,109,53932,6949,6803,89,6892,89
2021-10-20,Ventura,111,848112,97256,96610,4222,100832,1166
2021-10-20,Yolo,113,214977,19555,19236,927,20163,248
2021-10-20,Yuba,115,75493,9927,9808,290,10098,82
2021-10-19,Alameda,001,1643700,118007,117542,2676,120218,1383
2021-10-19,Alpine,003,1148,101,103,0,103,0
2021-10-19,Amador,005,37829,5447,5367,56,5423,64
2021-10-19,Butte,007,227075,20342,19974,3749,23723,268
2021-10-19,Calaveras,009,45235,3900,3826,47,3873,80
2021-10-19,Colusa,011,21464,2486,2447,610,3057,18
2021-10-19,Contra Costa,013,1133247,98305,97613,2087,99700,1004
2021-10-19,Del Norte,015,27424,3625,3531,51,3582,42
2021-10-19,El Dorado,017,186661,15762,15478,1651,17129,149
2021-10-19,Fresno,019,978130,136124,133813,12222,146035,2073
2021-10-19,Glenn,021,27897,3435,3380,991,4371,33
2021-10-19,Humboldt,023,135768,8805,8714,504,9218,105
2021-10-19,Imperial,025,180216,32947,32632,3065,35697,764
2021-10-19,Inyo,027,18085,2147,2045,37,2082,40
2021-10-19,Kern,029,883053,124401,122391,20652,143043,1613
2021-10-19,Kings,031,150075,31383,30757,1827,32584,322
2021-10-19,Lake,033,64148,6593,6465,136,6601,104
2021-10-19,Lassen,035,31185,6728,6612,335,6947,27
2021-10-19,Los Angeles,037,10098052,1427032,1413882,52366,1466248,26473
2021-10-19,Madera,039,155013,22379,21950,1955,23905,281
2021-10-19,Marin,041,260295,17368,17241,432,17673,244
2021-10-19,Mariposa,043,17540,1221,1171,41,1212,5
2021-10-19,Mendocino,045,87422,7314,7172,461,7633,82
2021-10-19,Merced,047,269075,40965,40628,1751,42379,580
2021-10-19,Modoc,049,8938,514,502,183,685,5
2021-10-19,Mono,051,14174,1672,1651,22,1673,3
2021-10-19,Monterey,053,433212,48321,47412,2739,50151,583
2021-10-19,Napa,055,140530,12824,12769,103,12872,100
2021-10-19,Nevada,057,99092,8937,8829,307,9136,90
2021-10-19,Orange,059,3164182,304172,301700,14575,316275,5527
2021-10-19,Placer,061,380077,36218,35663,3493,39156,422
2021-10-19,Plumas,063,18699,1676,1586,32,1618,8
2021-10-19,Riverside,065,2383286,358468,353891,16086,369977,5020
2021-10-19,Sacramento,067,1510023,155867,154570,4331,158901,2227
2021-10-19,San Benito,069,59416,7279,7264,160,7424,71
2021-10-19,San Bernardino,071,2135413,349474,346814,10870,357684,5627
2021-10-19,San Diego,073,3302833,367644,365285,21617,386902,4170
2021-10-19,San Francisco,075,870044,52308,51704,2231,53935,645
2021-10-19,San Joaquin,077,732212,98142,97105,5231,102336,1721
2021-10-19,San Luis Obispo,079,281455,29106,28670,1192,29862,332
2021-10-19,San Mateo,081,765935,53517,52617,818,53435,571
2021-10-19,Santa Barbara,083,443738,43812,43413,1505,44918,522
2021-10-19,Santa Clara,085,1922200,145178,143989,1241,145230,1898
2021-10-19,Santa Cruz,087,273765,20119,19895,983,20878,218
2021-10-19,Shasta,089,179085,20672,20209,3429,23638,319
2021-10-19,Sierra,091,2930,174,168,18,186,0
2021-10-19,Siskiyou,093,43540,3299,3216,1233,4449,46
2021-10-19,Solano,095,438530,45465,44782,1210,45992,341
2021-10-19,Sonoma,097,501317,40721,40379,507,40886,392
2021-10-19,Stanislaus,099,539301,76672,76526,8546,85072,1145
2021-10-19,Sutter,101,95872,13635,13569,313,13882,174
2021-10-19,Tehama,103,63373,8195,8057,1392,9449,108
2021-10-19,Trinity,105,12862,826,691,203,894,11
2021-10-19,Tulare,107,460477,66753,65253,14072,79325,958
2021-10-19,Tuolumne,109,53932,6920,6782,88,6870,89
2021-10-19,Ventura,111,848112,97180,96539,4217,100756,1166
2021-10-19,Yolo,113,214977,19506,19206,926,20132,248
2021-10-19,Yuba,115,75493,9909,9796,289,10085,82
2021-10-18,Alameda,001,1643700,117870,117506,2666,120172,1381
2021-10-18,Alpine,003,1148,101,103,0,103,0
2021-10-18,Amador,005,37829,5436,5345,56,5401,64
2021-10-18,Butte,007,227075,20292,19921,3737,23658,265
2021-10-18,Calaveras,009,45235,3875,3819,46,3865,80
2021-10-18,Colusa,011,21464,2485,2444,608,3052,18
2021-10-18,Contra Costa,013,1133247,98193,97585,2083,99668,995
2021-10-18,Del Norte,015,27424,3618,3529,51,3580,41
2021-10-18,El Dorado,017,186661,15732,15452,1649,17101,149
2021-10-18,Fresno,019,978130,135723,133688,12180,145868,2063
2021-10-18,Glenn,021,27897,3431,3370,987,4357,32
2021-10-18,Humboldt,023,135768,8785,8699,496,9195,104
2021-10-18,Imperial,025,180216,32856,32558,3065,35623,764
2021-10-18,Inyo,027,18085,2129,2020,37,2057,40
2021-10-18,Kern,029,883053,124102,122231,20558,142789,1605
2021-10-18,Kings,031,150075,31270,30698,1814,32512,320
2021-10-18,Lake,033,64148,6574,6455,132,6587,104
2021-10-18,Lassen,035,31185,6708,6607,332,6939,26
2021-10-18,Los Angeles,037,10098052,1425790,1413291,52289,1465580,26446
2021-10-18,Madera,039,155013,22325,21909,1942,23851,277
2021-10-18,Marin,041,260295,17348,17232,429,17661,244
2021-10-18,Mariposa,043,17540,1213,1160,41,1201,5
2021-10-18,Mendocino,045,87422,7295,7156,453,7609,82
2021-10-18,Merced,047,269075,40842,40573,1740,42313,579
2021-10-18,Modoc,049,8938,514,498,183,681,5
2021-10-18,Mono,051,14174,1666,1648,21,1669,3
2021-10-18,Monterey,053,433212,48299,47389,2734,50123,583
2021-10-18,Napa,055,140530,12809,12762,103,12865,100
2021-10-18,Nevada,057,99092,8918,8816,307,9123,90
2021-10-18,Orange,059,3164182,303833,301573,14540,316113,5524
2021-10-18,Placer,061,380077,36141,35598,3489,39087,420
2021-10-18,Plumas,063,18699,1668,1579,32,1611,6
2021-10-18,Riverside,065,2383286,358053,353699,16072,369771,5008
2021-10-18,Sacramento,067,1510023,155562,154428,4301,158729,2203
2021-10-18,San Benito,069,59416,7267,7253,160,7413,71
2021-10-18,San Bernardino,071,2135413,349054,346742,10856,357598,5606
2021-10-18,San Diego,073,3302833,367088,364948,21579,386527,4169
2021-10-18,San Francisco,075,870044,52245,51671,2225,53896,644
2021-10-18,San Joaquin,077,732212,97977,97041,5221,102262,1721
2021-10-18,San Luis Obispo,079,281455,29067,28644,1189,29833,331
2021-10-18,San Mateo,081,765935,53452,52594,817,53411,571
2021-10-18,Santa Barbara,083,443738,43753,43386,1503,44889,522
2021-10-18,Santa Clara,085,1922200,145023,143891,1233,145124,1895
2021-10-18,Santa Cruz,087,273765,20105,19876,981,20857,218
2021-10-18,Shasta,089,179085,20592,20146,3418,23564,313
2021-10-18,Sierra,091,2930,174,166,18,184,0
2021-10-18,Siskiyou,093,43540,3296,3210,1225,4435,42
2021-10-18,Solano,095,438530,45421,44758,1207,45965,339
2021-10-18,Sonoma,097,501317,40657,40349,504,40853,392
2021-10-18,Stanislaus,099,539301,76507,76466,8532,84998,1145
2021-10-18,Sutter,101,95872,13601,13557,311,13868,172
2021-10-18,Tehama,103,63373,8159,8042,1381,9423,107
2021-10-18,Trinity,105,12862,825,688,203,891,11
2021-10-18,Tulare,107,460477,66578,65171,14008,79179,958
2021-10-18,Tuolumne,109,53932,6891,6755,88,6843,89
2021-10-18,Ventura,111,848112,97085,96506,4214,100720,1165
2021-10-18,Yolo,113,214977,19467,19197,925,20122,248
2021-10-18,Yuba,115,75493,9882,9782,287,10069,82
2021-10-17,Alameda,001,1643700,117719,117423,2661,120084,1376
2021-10-17,Alpine,003,1148,101,103,0,103,0
2021-10-17,Amador,005,37829,5413,5341,56,5397,64
2021-10-17,Butte,007,227075,20208,19897,3726,23623,265
2021-10-17,Calaveras,009,45235,3859,3805,46,3851,80
2021-10-17,Colusa,011,21464,2480,2442,601,3043,18
2021-10-17,Contra Costa,013,1133247,98072,97485,2072,99557,995
2021-10-17,Del Norte,015,27424,3613,3526,51,3577,41
2021-10-17,El Dorado,017,186661,15674,15438,1642,17080,149
2021-10-17,Fresno,019,978130,135255,133429,12136,145565,2063
2021-10-17,Glenn,021,27897,3421,3364,982,4346,32
2021-10-17,Humboldt,023,135768,8765,8690,493,9183,104
2021-10-17,Imperial,025,180216,32774,32520,3058,35578,764
2021-10-17,Inyo,027,18085,2101,2000,37,2037,40
2021-10-17,Kern,029,883053,123752,122085,20460,142545,1603
2021-10-17,Kings,031,150075,31157,30636,1806,32442,315
2021-10-17,Lake,033,64148,6558,6437,132,6569,104
2021-10-17,Lassen,035,31185,6696,6605,328,6933,26
2021-10-17,Los Angeles,037,10098052,1424454,1412371,52217,1464588,26443
2021-10-17,Madera,039,155013,22263,21869,1931,23800,277
2021-10-17,Marin,041,260295,17326,17211,429,17640,243
2021-10-17,Mariposa,043,17540,1206,1150,41,1191,5
2021-10-17,Mendocino,045,87422,7266,7148,447,7595,82
2021-10-17,Merced,047,269075,40716,40531,1724,42255,579
2021-10-17,Modoc,049,8938,511,498,181,679,5
2021-10-17,Mono,051,14174,1664,1640,20,1660,3
2021-10-17,Monterey,053,433212,48258,47369,2724,50093,583
2021-10-17,Napa,055,140530,12793,12753,100,12853,100
2021-10-17,Nevada,057,99092,8901,8794,306,9100,90
2021-10-17,Orange,059,3164182,303518,301414,14507,315921,5524
2021-10-17,Placer,061,380077,36041,35559,3474,39033,420
2021-10-17,Plumas,063,18699,1644,1571,31,1602,6
2021-10-17,Riverside,065,2383286,357568,353500,16058,369558,5008
2021-10-17,Sacramento,067,1510023,155163,154080,4284,158364,2213
2021-10-17,San Benito,069,59416,7258,7250,159,7409,71
2021-10-17,San Bernardino,071,2135413,348618,346524,10836,357360,5597
2021-10-17,San Diego,073,3302833,366497,364675,21551,386226,4163
2021-10-17,San Francisco,075,870044,52173,51625,2216,53841,644
2021-10-17,San Joaquin,077,732212,97804,96950,5212,102162,1721
2021-10-17,San Luis Obispo,079,281455,29015,28604,1181,29785,331
2021-10-17,San Mateo,081,765935,53400,52541,813,53354,571
2021-10-17,Santa Barbara,083,443738,43690,43344,1502,44846,522
2021-10-17,Santa Clara,085,1922200,144846,143768,1224,144992,1895
2021-10-17,Santa Cruz,087,273765,20078,19861,979,20840,218
2021-10-17,Shasta,089,179085,20502,20116,3408,23524,312
2021-10-17,Sierra,091,2930,172,165,18,183,0
2021-10-17,Siskiyou,093,43540,3288,3204,1222,4426,42
2021-10-17,Solano,095,438530,45364,44722,1206,45928,340
2021-10-17,Sonoma,097,501317,40581,40306,503,40809,392
2021-10-17,Stanislaus,099,539301,76309,76354,8518,84872,1145
2021-10-17,Sutter,101,95872,13584,13543,309,13852,172
2021-10-17,Tehama,103,63373,8127,8015,1365,9380,107
2021-10-17,Trinity,105,12862,822,686,202,888,11
2021-10-17,Tulare,107,460477,66395,65057,13936,78993,958
2021-10-17,Tuolumne,109,53932,6857,6735,87,6822,89
2021-10-17,Ventura,111,848112,96985,96458,4211,100669,1165
2021-10-17,Yolo,113,214977,19422,19171,919,20090,248
2021-10-17,Yuba,115,75493,9856,9771,285,10056,82
2021-10-16,Alameda,001,1643700,117630,117027,2659,119686,1365
2021-10-16,Alpine,003,1148,100,102,0,102,0
2021-10-16,Amador,005,37829,5406,5310,56,5366,64
2021-10-16,Butte,007,227075,20177,19612,3716,23328,260
2021-10-16,Calaveras,009,45235,3852,3771,46,3817,80
2021-10-16,Colusa,011,21464,2476,2431,598,3029,18
2021-10-16,Contra Costa,013,1133247,97980,97107,2065,99172,982
2021-10-16,Del Norte,015,27424,3610,3516,51,3567,41
2021-10-16,El Dorado,017,186661,15653,15315,1640,16955,149
2021-10-16,Fresno,019,978130,135101,132433,12119,144552,2051
2021-10-16,Glenn,021,27897,3415,3331,982,4313,26
2021-10-16,Humboldt,023,135768,8753,8621,488,9109,104
2021-10-16,Imperial,025,180216,32759,32368,3056,35424,764
2021-10-16,Inyo,027,18085,2087,1932,37,1969,39
2021-10-16,Kern,029,883053,123596,121354,20379,141733,1590
2021-10-16,Kings,031,150075,31111,30418,1803,32221,314
2021-10-16,Lake,033,64148,6547,6378,132,6510,104
2021-10-16,Lassen,035,31185,6687,6559,324,6883,26
2021-10-16,Los Angeles,037,10098052,1423801,1409418,52164,1461582,26398
2021-10-16,Madera,039,155013,22219,21707,1927,23634,277
2021-10-16,Marin,041,260295,17316,17148,429,17577,243
2021-10-16,Mariposa,043,17540,1203,1096,41,1137,5
2021-10-16,Mendocino,045,87422,7255,7099,447,7546,82
2021-10-16,Merced,047,269075,40684,40265,1722,41987,577
2021-10-16,Modoc,049,8938,508,492,181,673,5
2021-10-16,Mono,051,14174,1660,1628,20,1648,3
2021-10-16,Monterey,053,433212,48241,47293,2716,50009,582
2021-10-16,Napa,055,140530,12782,12706,100,12806,100
2021-10-16,Nevada,057,99092,8881,8739,306,9045,90
2021-10-16,Orange,059,3164182,303342,300722,14482,315204,5509
2021-10-16,Placer,061,380077,35957,35343,3468,38811,412
2021-10-16,Plumas,063,18699,1639,1542,30,1572,6
2021-10-16,Riverside,065,2383286,357298,352435,16046,368481,4990
2021-10-16,Sacramento,067,1510023,154964,153264,4280,157544,2192
2021-10-16,San Benito,069,59416,7245,7210,158,7368,71
2021-10-16,San Bernardino,071,2135413,348410,345418,10828,356246,5566
2021-10-16,San Diego,073,3302833,366181,363109,21535,384644,4151
2021-10-16,San Francisco,075,870044,52126,51436,2212,53648,645
2021-10-16,San Joaquin,077,732212,97732,96507,5209,101716,1708
2021-10-16,San Luis Obispo,079,281455,28989,28460,1180,29640,329
2021-10-16,San Mateo,081,765935,53351,52399,812,53211,569
2021-10-16,Santa Barbara,083,443738,43654,43175,1501,44676,521
2021-10-16,Santa Clara,085,1922200,144746,143282,1216,144498,1890
2021-10-16,Santa Cruz,087,273765,20062,19794,978,20772,218
2021-10-16,Shasta,089,179085,20452,19932,3397,23329,309
2021-10-16,Sierra,091,2930,170,160,18,178,0
2021-10-16,Siskiyou,093,43540,3286,3173,1215,4388,42
2021-10-16,Solano,095,438530,45338,44585,1202,45787,334
2021-10-16,Sonoma,097,501317,40541,40195,503,40698,390
2021-10-16,Stanislaus,099,539301,76223,75868,8508,84376,1142
2021-10-16,Sutter,101,95872,13565,13471,308,13779,169
2021-10-16,Tehama,103,63373,8114,7907,1360,9267,104
2021-10-16,Trinity,105,12862,822,679,202,881,11
2021-10-16,Tulare,107,460477,66257,64489,13905,78394,951
2021-10-16,Tuolumne,109,53932,6825,6666,87,6753,89
2021-10-16,Ventura,111,848112,96953,96181,4206,100387,1164
2021-10-16,Yolo,113,214977,19392,19078,916,19994,247
2021-10-16,Yuba,115,75493,9832,9705,282,9987,82
2021-10-15,Alameda,001,1643700,117558,117027,2655,119682,1365
2021-10-15,Alpine,003,1148,100,102,0,102,0
2021-10-15,Amador,005,37829,5382,5310,56,5366,64
2021-10-15,Butte,007,227075,20141,19612,3708,23320,260
2021-10-15,Calaveras,009,45235,3846,3771,46,3817,80
2021-10-15,Colusa,011,21464,2474,2431,595,3026,18
2021-10-15,Contra Costa,013,1133247,97898,97107,2062,99169,982
2021-10-15,Del Norte,015,27424,3608,3516,51,3567,41
2021-10-15,El Dorado,017,186661,15633,15315,1635,16950,149
2021-10-15,Fresno,019,978130,134848,132433,12109,144542,2051
2021-10-15,Glenn,021,27897,3409,3331,981,4312,26
2021-10-15,Humboldt,023,135768,8744,8621,486,9107,104
2021-10-15,Imperial,025,180216,32712,32368,3052,35420,764
2021-10-15,Inyo,027,18085,2069,1932,37,1969,39
2021-10-15,Kern,029,883053,123460,121354,20305,141659,1590
2021-10-15,Kings,031,150075,31056,30418,1799,32217,314
2021-10-15,Lake,033,64148,6538,6378,132,6510,104
2021-10-15,Lassen,035,31185,6675,6559,323,6882,26
2021-10-15,Los Angeles,037,10098052,1423115,1409418,52117,1461535,26398
2021-10-15,Madera,039,155013,22175,21707,1919,23626,277
2021-10-15,Marin,041,260295,17305,17148,429,17577,243
2021-10-15,Mariposa,043,17540,1195,1096,41,1137,5
2021-10-15,Mendocino,045,87422,7240,7099,447,7546,82
2021-10-15,Merced,047,269075,40654,40265,1719,41984,577
2021-10-15,Modoc,049,8938,507,492,181,673,5
2021-10-15,Mono,051,14174,1657,1628,20,1648,3
2021-10-15,Monterey,053,433212,48219,47293,2714,50007,582
2021-10-15,Napa,055,140530,12778,12706,100,12806,100
2021-10-15,Nevada,057,99092,8866,8739,306,9045,90
2021-10-15,Orange,059,3164182,303174,300722,14464,315186,5509
2021-10-15,Placer,061,380077,35903,35343,3462,38805,412
2021-10-15,Plumas,063,18699,1631,1542,30,1572,6
2021-10-15,Riverside,065,2383286,357056,352435,16041,368476,4990
2021-10-15,Sacramento,067,1510023,154776,153264,4270,157534,2192
2021-10-15,San Benito,069,59416,7242,7210,158,7368,71
2021-10-15,San Bernardino,071,2135413,348178,345418,10825,356243,5566
2021-10-15,San Diego,073,3302833,365822,363109,21510,384619,4151
2021-10-15,San Francisco,075,870044,52086,51436,2205,53641,645
2021-10-15,San Joaquin,077,732212,97654,96507,5202,101709,1708
2021-10-15,San Luis Obispo,079,281455,28968,28460,1178,29638,329
2021-10-15,San Mateo,081,765935,53307,52399,811,53210,569
2021-10-15,Santa Barbara,083,443738,43616,43175,1501,44676,521
2021-10-15,Santa Clara,085,1922200,144624,143282,1208,144490,1890
2021-10-15,Santa Cruz,087,273765,20051,19794,978,20772,218
2021-10-15,Shasta,089,179085,20396,19932,3389,23321,309
2021-10-15,Sierra,091,2930,170,160,18,178,0
2021-10-15,Siskiyou,093,43540,3285,3173,1212,4385,42
2021-10-15,Solano,095,438530,45312,44585,1202,45787,334
2021-10-15,Sonoma,097,501317,40507,40195,502,40697,390
2021-10-15,Stanislaus,099,539301,76143,75868,8492,84360,1142
2021-10-15,Sutter,101,95872,13548,13471,306,13777,169
2021-10-15,Tehama,103,63373,8092,7907,1355,9262,104
2021-10-15,Trinity,105,12862,822,679,202,881,11
2021-10-15,Tulare,107,460477,66178,64489,13868,78357,951
2021-10-15,Tuolumne,109,53932,6802,6666,85,6751,89
2021-10-15,Ventura,111,848112,96911,96181,4203,100384,1164
2021-10-15,Yolo,113,214977,19375,19078,914,19992,247
2021-10-15,Yuba,115,75493,9822,9705,281,9986,82
2021-10-14,Alameda,001,1643700,117450,117027,2650,119677,1365
2021-10-14,Alpine,003,1148,100,102,0,102,0
2021-10-14,Amador,005,37829,5371,5310,56,5366,64
2021-10-14,Butte,007,227075,20089,19612,3702,23314,260
2021-10-14,Calaveras,009,45235,3833,3771,45,3816,80
2021-10-14,Colusa,011,21464,2472,2431,593,3024,18
2021-10-14,Contra Costa,013,1133247,97764,97107,2055,99162,982
2021-10-14,Del Norte,015,27424,3602,3516,51,3567,41
2021-10-14,El Dorado,017,186661,15595,15315,1632,16947,149
2021-10-14,Fresno,019,978130,134553,132433,12080,144513,2051
2021-10-14,Glenn,021,27897,3404,3331,980,4311,26
2021-10-14,Humboldt,023,135768,8727,8621,483,9104,104
2021-10-14,Imperial,025,180216,32649,32368,3045,35413,764
2021-10-14,Inyo,027,18085,2050,1932,37,1969,39
2021-10-14,Kern,029,883053,123188,121354,20206,141560,1590
2021-10-14,Kings,031,150075,30990,30418,1791,32209,314
2021-10-14,Lake,033,64148,6517,6378,131,6509,104
2021-10-14,Lassen,035,31185,6669,6559,322,6881,26
2021-10-14,Los Angeles,037,10098052,1422129,1409418,52067,1461485,26398
2021-10-14,Madera,039,155013,22110,21707,1913,23620,277
2021-10-14,Marin,041,260295,17300,17148,427,17575,243
2021-10-14,Mariposa,043,17540,1182,1096,40,1136,5
2021-10-14,Mendocino,045,87422,7226,7099,445,7544,82
2021-10-14,Merced,047,269075,40565,40265,1705,41970,577
2021-10-14,Modoc,049,8938,507,492,181,673,5
2021-10-14,Mono,051,14174,1650,1628,20,1648,3
2021-10-14,Monterey,053,433212,48194,47293,2709,50002,582
2021-10-14,Napa,055,140530,12763,12706,100,12806,100
2021-10-14,Nevada,057,99092,8839,8739,304,9043,90
2021-10-14,Orange,059,3164182,302966,300722,14447,315169,5509
2021-10-14,Placer,061,380077,35836,35343,3448,38791,412
2021-10-14,Plumas,063,18699,1616,1542,30,1572,6
2021-10-14,Riverside,065,2383286,356659,352435,16030,368465,4990
2021-10-14,Sacramento,067,1510023,154525,153264,4250,157514,2192
2021-10-14,San Benito,069,59416,7231,7210,158,7368,71
2021-10-14,San Bernardino,071,2135413,347822,345418,10818,356236,5566
2021-10-14,San Diego,073,3302833,365382,363109,21483,384592,4151
2021-10-14,San Francisco,075,870044,52030,51436,2201,53637,645
2021-10-14,San Joaquin,077,732212,97525,96507,5193,101700,1708
2021-10-14,San Luis Obispo,079,281455,28923,28460,1174,29634,329
2021-10-14,San Mateo,081,765935,53259,52399,810,53209,569
2021-10-14,Santa Barbara,083,443738,43560,43175,1496,44671,521
2021-10-14,Santa Clara,085,1922200,144483,143282,1202,144484,1890
2021-10-14,Santa Cruz,087,273765,20028,19794,978,20772,218
2021-10-14,Shasta,089,179085,20339,19932,3377,23309,309
2021-10-14,Sierra,091,2930,169,160,18,178,0
2021-10-14,Siskiyou,093,43540,3282,3173,1204,4377,42
2021-10-14,Solano,095,438530,45262,44585,1194,45779,334
2021-10-14,Sonoma,097,501317,40457,40195,499,40694,390
2021-10-14,Stanislaus,099,539301,75997,75868,8479,84347,1142
2021-10-14,Sutter,101,95872,13528,13471,305,13776,169
2021-10-14,Tehama,103,63373,8061,7907,1348,9255,104
2021-10-14,Trinity,105,12862,821,679,201,880,11
2021-10-14,Tulare,107,460477,65994,64489,13821,78310,951
2021-10-14,Tuolumne,109,53932,6770,6666,84,6750,89
2021-10-14,Ventura,111,848112,96843,96181,4197,100378,1164
2021-10-14,Yolo,113,214977,19339,19078,910,19988,247
2021-10-14,Yuba,115,75493,9808,9705,272,9977,82
2021-10-13,Alameda,001,1643700,117344,116914,2644,119558,1360
2021-10-13,Alpine,003,1148,100,102,0,102,0
2021-10-13,Amador,005,37829,5357,5305,56,5361,63
2021-10-13,Butte,007,227075,20013,19546,3696,23242,257
2021-10-13,Calaveras,009,45235,3812,3756,43,3799,79
2021-10-13,Colusa,011,21464,2465,2430,589,3019,18
2021-10-13,Contra Costa,013,1133247,97647,96975,2054,99029,969
2021-10-13,Del Norte,015,27424,3597,3512,51,3563,39
2021-10-13,El Dorado,017,186661,15572,15302,1627,16929,149
2021-10-13,Fresno,019,978130,134219,132055,12048,144103,2048
2021-10-13,Glenn,021,27897,3399,3327,976,4303,26
2021-10-13,Humboldt,023,135768,8716,8604,479,9083,102
2021-10-13,Imperial,025,180216,32589,32317,3043,35360,762
2021-10-13,Inyo,027,18085,2013,1907,37,1944,39
2021-10-13,Kern,029,883053,122943,120956,20114,141070,1586
2021-10-13,Kings,031,150075,30909,30246,1784,32030,312
2021-10-13,Lake,033,64148,6497,6371,131,6502,103
2021-10-13,Lassen,035,31185,6658,6535,316,6851,25
2021-10-13,Los Angeles,037,10098052,1421075,1408384,52012,1460396,26379
2021-10-13,Madera,039,155013,22057,21609,1899,23508,277
2021-10-13,Marin,041,260295,17276,17137,426,17563,243
2021-10-13,Mariposa,043,17540,1168,1090,40,1130,5
2021-10-13,Mendocino,045,87422,7210,7088,437,7525,82
2021-10-13,Merced,047,269075,40480,40164,1693,41857,577
2021-10-13,Modoc,049,8938,505,490,179,669,5
2021-10-13,Mono,051,14174,1650,1612,20,1632,3
2021-10-13,Monterey,053,433212,48174,47273,2702,49975,582
2021-10-13,Napa,055,140530,12752,12695,98,12793,100
2021-10-13,Nevada,057,99092,8817,8725,304,9029,90
2021-10-13,Orange,059,3164182,302759,300468,14431,314899,5503
2021-10-13,Placer,061,380077,35769,35254,3439,38693,412
2021-10-13,Plumas,063,18699,1602,1514,30,1544,6
2021-10-13,Riverside,065,2383286,356329,352044,16017,368061,4978
2021-10-13,Sacramento,067,1510023,154276,153141,4229,157370,2182
2021-10-13,San Benito,069,59416,7225,7196,157,7353,71
2021-10-13,San Bernardino,071,2135413,347497,344951,10801,355752,5562
2021-10-13,San Diego,073,3302833,364951,362564,21461,384025,4141
2021-10-13,San Francisco,075,870044,51986,51379,2197,53576,644
2021-10-13,San Joaquin,077,732212,97381,96343,5189,101532,1696
2021-10-13,San Luis Obispo,079,281455,28885,28397,1171,29568,330
2021-10-13,San Mateo,081,765935,53207,52352,806,53158,569
2021-10-13,Santa Barbara,083,443738,43508,43109,1496,44605,518
2021-10-13,Santa Clara,085,1922200,144343,143064,1201,144265,1886
2021-10-13,Santa Cruz,087,273765,20002,19763,977,20740,217
2021-10-13,Shasta,089,179085,20269,19802,3357,23159,307
2021-10-13,Sierra,091,2930,169,155,18,173,0
2021-10-13,Siskiyou,093,43540,3274,3173,1203,4376,42
2021-10-13,Solano,095,438530,45223,44558,1191,45749,334
2021-10-13,Sonoma,097,501317,40401,40122,499,40621,390
2021-10-13,Stanislaus,099,539301,75855,75698,8469,84167,1136
2021-10-13,Sutter,101,95872,13498,13458,303,13761,169
2021-10-13,Tehama,103,63373,8025,7849,1342,9191,103
2021-10-13,Trinity,105,12862,818,677,201,878,11
2021-10-13,Tulare,107,460477,65813,64297,13767,78064,945
2021-10-13,Tuolumne,109,53932,6756,6644,83,6727,89
2021-10-13,Ventura,111,848112,96769,96099,4191,100290,1162
2021-10-13,Yolo,113,214977,19310,19023,909,19932,247
2021-10-13,Yuba,115,75493,9783,9690,259,9949,80
2021-10-12,Alameda,001,1643700,117241,116813,2640,119453,1357
2021-10-12,Alpine,003,1148,100,102,0,102,0
2021-10-12,Amador,005,37829,5346,5301,56,5357,63
2021-10-12,Butte,007,227075,19941,19506,3684,23190,256
2021-10-12,Calaveras,009,45235,3797,3750,43,3793,75
2021-10-12,Colusa,011,21464,2462,2428,587,3015,18
2021-10-12,Contra Costa,013,1133247,97534,96894,2045,98939,960
2021-10-12,Del Norte,015,27424,3591,3511,51,3562,39
2021-10-12,El Dorado,017,186661,15538,15287,1625,16912,148
2021-10-12,Fresno,019,978130,133857,131848,12017,143865,2042
2021-10-12,Glenn,021,27897,3385,3321,975,4296,26
2021-10-12,Humboldt,023,135768,8689,8587,473,9060,102
2021-10-12,Imperial,025,180216,32537,32267,3041,35308,762
2021-10-12,Inyo,027,18085,1981,1889,37,1926,39
2021-10-12,Kern,029,883053,122656,120826,20005,140831,1580
2021-10-12,Kings,031,150075,30835,30200,1773,31973,312
2021-10-12,Lake,033,64148,6482,6372,129,6501,97
2021-10-12,Lassen,035,31185,6648,6526,315,6841,25
2021-10-12,Los Angeles,037,10098052,1420015,1407462,51966,1459428,26362
2021-10-12,Madera,039,155013,21986,21574,1886,23460,277
2021-10-12,Marin,041,260295,17253,17126,426,17552,242
2021-10-12,Mariposa,043,17540,1154,1088,40,1128,5
2021-10-12,Mendocino,045,87422,7181,7077,434,7511,82
2021-10-12,Merced,047,269075,40401,40113,1687,41800,567
2021-10-12,Modoc,049,8938,500,485,178,663,5
2021-10-12,Mono,051,14174,1648,1608,20,1628,3
2021-10-12,Monterey,053,433212,48143,47254,2694,49948,582
2021-10-12,Napa,055,140530,12738,12671,98,12769,97
2021-10-12,Nevada,057,99092,8805,8720,303,9023,89
2021-10-12,Orange,059,3164182,302504,300256,14406,314662,5499
2021-10-12,Placer,061,380077,35706,35214,3431,38645,404
2021-10-12,Plumas,063,18699,1588,1488,29,1517,6
2021-10-12,Riverside,065,2383286,356003,351771,16003,367774,4973
2021-10-12,Sacramento,067,1510023,153971,152935,4204,157139,2170
2021-10-12,San Benito,069,59416,7211,7193,157,7350,71
2021-10-12,San Bernardino,071,2135413,347184,344788,10791,355579,5563
2021-10-12,San Diego,073,3302833,364438,362256,21432,383688,4137
2021-10-12,San Francisco,075,870044,51922,51301,2196,53497,643
2021-10-12,San Joaquin,077,732212,97245,96237,5184,101421,1690
2021-10-12,San Luis Obispo,079,281455,28838,28379,1170,29549,327
2021-10-12,San Mateo,081,765935,53156,52328,805,53133,569
2021-10-12,Santa Barbara,083,443738,43447,43076,1496,44572,515
2021-10-12,Santa Clara,085,1922200,144190,142954,1199,144153,1882
2021-10-12,Santa Cruz,087,273765,19977,19757,977,20734,218
2021-10-12,Shasta,089,179085,20195,19731,3336,23067,304
2021-10-12,Sierra,091,2930,169,153,18,171,0
2021-10-12,Siskiyou,093,43540,3263,3166,1197,4363,42
2021-10-12,Solano,095,438530,45181,44516,1185,45701,329
2021-10-12,Sonoma,097,501317,40360,40105,498,40603,390
2021-10-12,Stanislaus,099,539301,75703,75589,8457,84046,1126
2021-10-12,Sutter,101,95872,13475,13436,299,13735,168
2021-10-12,Tehama,103,63373,7993,7820,1338,9158,103
2021-10-12,Trinity,105,12862,815,676,201,877,11
2021-10-12,Tulare,107,460477,65628,64216,13712,77928,944
2021-10-12,Tuolumne,109,53932,6739,6637,82,6719,89
2021-10-12,Ventura,111,848112,96668,96022,4186,100208,1160
2021-10-12,Yolo,113,214977,19279,18987,906,19893,247
2021-10-12,Yuba,115,75493,9768,9676,255,9931,70
2021-10-11,Alameda,001,1643700,117098,116759,2639,119398,1358
2021-10-11,Alpine,003,1148,100,102,0,102,0
2021-10-11,Amador,005,37829,5334,5286,56,5342,62
2021-10-11,Butte,007,227075,19881,19452,3679,23131,253
2021-10-11,Calaveras,009,45235,3776,3750,43,3793,75
2021-10-11,Colusa,011,21464,2458,2427,579,3006,18
2021-10-11,Contra Costa,013,1133247,97398,96832,2040,98872,960
2021-10-11,Del Norte,015,27424,3588,3510,47,3557,39
2021-10-11,El Dorado,017,186661,15509,15273,1621,16894,146
2021-10-11,Fresno,019,978130,133527,131703,11982,143685,2036
2021-10-11,Glenn,021,27897,3368,3308,973,4281,26
2021-10-11,Humboldt,023,135768,8664,8571,466,9037,101
2021-10-11,Imperial,025,180216,32487,32207,3035,35242,762
2021-10-11,Inyo,027,18085,1958,1862,36,1898,39
2021-10-11,Kern,029,883053,122419,120684,19910,140594,1575
2021-10-11,Kings,031,150075,30746,30180,1763,31943,309
2021-10-11,Lake,033,64148,6466,6361,125,6486,97
2021-10-11,Lassen,035,31185,6628,6499,312,6811,25
2021-10-11,Los Angeles,037,10098052,1418969,1406826,51915,1458741,26346
2021-10-11,Madera,039,155013,21928,21555,1869,23424,272
2021-10-11,Marin,041,260295,17235,17121,422,17543,242
2021-10-11,Mariposa,043,17540,1124,1083,39,1122,5
2021-10-11,Mendocino,045,87422,7165,7064,430,7494,82
2021-10-11,Merced,047,269075,40285,40064,1662,41726,566
2021-10-11,Modoc,049,8938,497,482,175,657,5
2021-10-11,Mono,051,14174,1638,1604,20,1624,3
2021-10-11,Monterey,053,433212,48114,47241,2687,49928,580
2021-10-11,Napa,055,140530,12716,12654,96,12750,96
2021-10-11,Nevada,057,99092,8785,8716,302,9018,90
2021-10-11,Orange,059,3164182,302273,299941,14375,314316,5499
2021-10-11,Placer,061,380077,35637,35173,3414,38587,404
2021-10-11,Plumas,063,18699,1570,1469,27,1496,6
2021-10-11,Riverside,065,2383286,355658,351444,15998,367442,4973
2021-10-11,Sacramento,067,1510023,153681,152681,4173,156854,2169
2021-10-11,San Benito,069,59416,7190,7184,155,7339,71
2021-10-11,San Bernardino,071,2135413,346799,344594,10783,355377,5549
2021-10-11,San Diego,073,3302833,363926,361712,21400,383112,4124
2021-10-11,San Francisco,075,870044,51851,51275,2193,53468,643
2021-10-11,San Joaquin,077,732212,97090,96152,5173,101325,1681
2021-10-11,San Luis Obispo,079,281455,28790,28355,1165,29520,327
2021-10-11,San Mateo,081,765935,53108,52298,805,53103,569
2021-10-11,Santa Barbara,083,443738,43401,43018,1495,44513,515
2021-10-11,Santa Clara,085,1922200,144028,142836,1195,144031,1882
2021-10-11,Santa Cruz,087,273765,19953,19745,976,20721,217
2021-10-11,Shasta,089,179085,20116,19662,3320,22982,295
2021-10-11,Sierra,091,2930,166,147,17,164,0
2021-10-11,Siskiyou,093,43540,3256,3159,1193,4352,42
2021-10-11,Solano,095,438530,45132,44474,1182,45656,329
2021-10-11,Sonoma,097,501317,40315,40067,498,40565,390
2021-10-11,Stanislaus,099,539301,75532,75478,8436,83914,1118
2021-10-11,Sutter,101,95872,13456,13427,297,13724,165
2021-10-11,Tehama,103,63373,7952,7795,1329,9124,102
2021-10-11,Trinity,105,12862,809,675,200,875,11
2021-10-11,Tulare,107,460477,65449,64094,13645,77739,942
2021-10-11,Tuolumne,109,53932,6701,6602,82,6684,89
2021-10-11,Ventura,111,848112,96571,95876,4179,100055,1160
2021-10-11,Yolo,113,214977,19231,18977,904,19881,247
2021-10-11,Yuba,115,75493,9751,9657,243,9900,69
2021-10-10,Alameda,001,1643700,116979,116679,2635,119314,1358
2021-10-10,Alpine,003,1148,100,102,0,102,0
2021-10-10,Amador,005,37829,5320,5278,56,5334,62
2021-10-10,Butte,007,227075,19816,19430,3664,23094,253
2021-10-10,Calaveras,009,45235,3764,3747,43,3790,75
2021-10-10,Colusa,011,21464,2457,2425,578,3003,18
2021-10-10,Contra Costa,013,1133247,97299,96760,2034,98794,960
2021-10-10,Del Norte,015,27424,3584,3507,47,3554,39
2021-10-10,El Dorado,017,186661,15479,15250,1615,16865,146
2021-10-10,Fresno,019,978130,133196,131434,11950,143384,2035
2021-10-10,Glenn,021,27897,3363,3297,971,4268,26
2021-10-10,Humboldt,023,135768,8643,8554,462,9016,101
2021-10-10,Imperial,025,180216,32412,32167,3034,35201,762
2021-10-10,Inyo,027,18085,1937,1857,36,1893,39
2021-10-10,Kern,029,883053,122093,120552,19807,140359,1573
2021-10-10,Kings,031,150075,30657,30122,1753,31875,308
2021-10-10,Lake,033,64148,6450,6349,124,6473,97
2021-10-10,Lassen,035,31185,6609,6495,311,6806,26
2021-10-10,Los Angeles,037,10098052,1417782,1406034,51841,1457875,26338
2021-10-10,Madera,039,155013,21882,21486,1860,23346,272
2021-10-10,Marin,041,260295,17218,17112,422,17534,242
2021-10-10,Mariposa,043,17540,1121,1074,39,1113,5
2021-10-10,Mendocino,045,87422,7150,7060,422,7482,81
2021-10-10,Merced,047,269075,40202,40036,1643,41679,566
2021-10-10,Modoc,049,8938,497,482,175,657,5
2021-10-10,Mono,051,14174,1637,1596,20,1616,3
2021-10-10,Monterey,053,433212,48085,47228,2686,49914,580
2021-10-10,Napa,055,140530,12693,12641,96,12737,96
2021-10-10,Nevada,057,99092,8773,8689,302,8991,90
2021-10-10,Orange,059,3164182,302011,299787,14347,314134,5499
2021-10-10,Placer,061,380077,35544,35128,3402,38530,404
2021-10-10,Plumas,063,18699,1554,1468,25,1493,6
2021-10-10,Riverside,065,2383286,355284,351248,15980,367228,4973
2021-10-10,Sacramento,067,1510023,153417,152405,4156,156561,2178
2021-10-10,San Benito,069,59416,7185,7180,154,7334,71
2021-10-10,San Bernardino,071,2135413,346486,344423,10775,355198,5551
2021-10-10,San Diego,073,3302833,363410,361038,21353,382391,4113
2021-10-10,San Francisco,075,870044,51804,51216,2191,53407,643
2021-10-10,San Joaquin,077,732212,96919,96084,5159,101243,1681
2021-10-10,San Luis Obispo,079,281455,28746,28343,1165,29508,326
2021-10-10,San Mateo,081,765935,53066,52273,804,53077,569
2021-10-10,Santa Barbara,083,443738,43354,42987,1494,44481,515
2021-10-10,Santa Clara,085,1922200,143862,142768,1188,143956,1881
2021-10-10,Santa Cruz,087,273765,19933,19727,976,20703,217
2021-10-10,Shasta,089,179085,20027,19635,3311,22946,296
2021-10-10,Sierra,091,2930,164,147,17,164,0
2021-10-10,Siskiyou,093,43540,3242,3155,1186,4341,42
2021-10-10,Solano,095,438530,45076,44431,1182,45613,329
2021-10-10,Sonoma,097,501317,40263,40027,498,40525,390
2021-10-10,Stanislaus,099,539301,75354,75403,8422,83825,1118
2021-10-10,Sutter,101,95872,13432,13412,292,13704,165
2021-10-10,Tehama,103,63373,7914,7764,1320,9084,102
2021-10-10,Trinity,105,12862,808,669,199,868,11
2021-10-10,Tulare,107,460477,65278,63930,13596,77526,940
2021-10-10,Tuolumne,109,53932,6677,6580,81,6661,89
2021-10-10,Ventura,111,848112,96482,95829,4179,100008,1160
2021-10-10,Yolo,113,214977,19197,18952,900,19852,247
2021-10-10,Yuba,115,75493,9735,9641,238,9879,69
2021-10-09,Alameda,001,1643700,116881,116253,2633,118886,1356
2021-10-09,Alpine,003,1148,99,102,0,102,0
2021-10-09,Amador,005,37829,5318,5237,55,5292,62
2021-10-09,Butte,007,227075,19785,19277,3660,22937,250
2021-10-09,Calaveras,009,45235,3760,3716,43,3759,75
2021-10-09,Colusa,011,21464,2453,2419,577,2996,18
2021-10-09,Contra Costa,013,1133247,97230,96378,2028,98406,958
2021-10-09,Del Norte,015,27424,3583,3495,47,3542,39
2021-10-09,El Dorado,017,186661,15461,15153,1612,16765,144
2021-10-09,Fresno,019,978130,133064,130508,11932,142440,2018
2021-10-09,Glenn,021,27897,3359,3277,969,4246,26
2021-10-09,Humboldt,023,135768,8629,8448,460,8908,97
2021-10-09,Imperial,025,180216,32378,31989,3032,35021,760
2021-10-09,Inyo,027,18085,1928,1808,36,1844,39
2021-10-09,Kern,029,883053,121952,119795,19780,139575,1559
2021-10-09,Kings,031,150075,30608,29894,1751,31645,308
2021-10-09,Lake,033,64148,6431,6283,123,6406,97
2021-10-09,Lassen,035,31185,6604,6442,310,6752,25
2021-10-09,Los Angeles,037,10098052,1417196,1402810,51804,1454614,26280
2021-10-09,Madera,039,155013,21849,21313,1846,23159,271
2021-10-09,Marin,041,260295,17213,17049,420,17469,242
2021-10-09,Mariposa,043,17540,1114,1042,38,1080,5
2021-10-09,Mendocino,045,87422,7143,7011,421,7432,82
2021-10-09,Merced,047,269075,40159,39784,1643,41427,565
2021-10-09,Modoc,049,8938,495,477,174,651,5
2021-10-09,Mono,051,14174,1634,1577,20,1597,3
2021-10-09,Monterey,053,433212,48073,47168,2683,49851,577
2021-10-09,Napa,055,140530,12689,12586,96,12682,96
2021-10-09,Nevada,057,99092,8762,8613,301,8914,90
2021-10-09,Orange,059,3164182,301830,299089,14328,313417,5457
2021-10-09,Placer,061,380077,35506,34877,3395,38272,393
2021-10-09,Plumas,063,18699,1543,1418,25,1443,6
2021-10-09,Riverside,065,2383286,355032,350082,15964,366046,4965
2021-10-09,Sacramento,067,1510023,153207,151566,4143,155709,2160
2021-10-09,San Benito,069,59416,7177,7123,154,7277,71
2021-10-09,San Bernardino,071,2135413,346298,343452,10771,354223,5556
2021-10-09,San Diego,073,3302833,363105,359909,21348,381257,4111
2021-10-09,San Francisco,075,870044,51756,50960,2184,53144,643
2021-10-09,San Joaquin,077,732212,96853,95606,5154,100760,1669
2021-10-09,San Luis Obispo,079,281455,28729,28197,1163,29360,324
2021-10-09,San Mateo,081,765935,53035,52121,803,52924,569
2021-10-09,Santa Barbara,083,443738,43327,42735,1494,44229,514
2021-10-09,Santa Clara,085,1922200,143738,142298,1182,143480,1873
2021-10-09,Santa Cruz,087,273765,19923,19635,975,20610,217
2021-10-09,Shasta,089,179085,19976,19437,3306,22743,290
2021-10-09,Sierra,091,2930,161,141,17,158,0
2021-10-09,Siskiyou,093,43540,3241,3124,1185,4309,42
2021-10-09,Solano,095,438530,45059,44265,1181,45446,329
2021-10-09,Sonoma,097,501317,40219,39848,498,40346,387
2021-10-09,Stanislaus,099,539301,75264,74899,8411,83310,1114
2021-10-09,Sutter,101,95872,13423,13314,290,13604,165
2021-10-09,Tehama,103,63373,7903,7670,1315,8985,99
2021-10-09,Trinity,105,12862,807,660,199,859,11
2021-10-09,Tulare,107,460477,65170,63398,13575,76973,932
2021-10-09,Tuolumne,109,53932,6658,6521,81,6602,89
2021-10-09,Ventura,111,848112,96428,95542,4176,99718,1158
2021-10-09,Yolo,113,214977,19174,18850,899,19749,247
2021-10-09,Yuba,115,75493,9723,9551,237,9788,69
2021-10-08,Alameda,001,1643700,116800,116253,2629,118882,1356
2021-10-08,Alpine,003,1148,99,102,0,102,0
2021-10-08,Amador,005,37829,5305,5237,55,5292,62
2021-10-08,Butte,007,227075,19756,19277,3656,22933,250
2021-10-08,Calaveras,009,45235,3755,3716,43,3759,75
2021-10-08,Colusa,011,21464,2451,2419,577,2996,18
2021-10-08,Contra Costa,013,1133247,97186,96378,2023,98401,958
2021-10-08,Del Norte,015,27424,3582,3495,47,3542,39
2021-10-08,El Dorado,017,186661,15441,15153,1608,16761,144
2021-10-08,Fresno,019,978130,132868,130508,11911,142419,2018
2021-10-08,Glenn,021,27897,3351,3277,966,4243,26
2021-10-08,Humboldt,023,135768,8618,8448,457,8905,97
2021-10-08,Imperial,025,180216,32349,31989,3028,35017,760
2021-10-08,Inyo,027,18085,1910,1808,36,1844,39
2021-10-08,Kern,029,883053,121815,119795,19738,139533,1559
2021-10-08,Kings,031,150075,30514,29894,1750,31644,308
2021-10-08,Lake,033,64148,6423,6283,123,6406,97
2021-10-08,Lassen,035,31185,6590,6442,307,6749,25
2021-10-08,Los Angeles,037,10098052,1416535,1402810,51772,1454582,26280
2021-10-08,Madera,039,155013,21790,21313,1839,23152,271
2021-10-08,Marin,041,260295,17202,17049,419,17468,242
2021-10-08,Mariposa,043,17540,1107,1042,36,1078,5
2021-10-08,Mendocino,045,87422,7130,7011,421,7432,82
2021-10-08,Merced,047,269075,40127,39784,1640,41424,565
2021-10-08,Modoc,049,8938,493,477,174,651,5
2021-10-08,Mono,051,14174,1631,1577,20,1597,3
2021-10-08,Monterey,053,433212,48046,47168,2681,49849,577
2021-10-08,Napa,055,140530,12673,12586,96,12682,96
2021-10-08,Nevada,057,99092,8749,8613,301,8914,90
2021-10-08,Orange,059,3164182,301683,299089,14308,313397,5457
2021-10-08,Placer,061,380077,35468,34877,3388,38265,393
2021-10-08,Plumas,063,18699,1531,1418,25,1443,6
2021-10-08,Riverside,065,2383286,354763,350082,15953,366035,4965
2021-10-08,Sacramento,067,1510023,153043,151566,4129,155695,2160
2021-10-08,San Benito,069,59416,7173,7123,152,7275,71
2021-10-08,San Bernardino,071,2135413,346089,343452,10763,354215,5556
2021-10-08,San Diego,073,3302833,362779,359909,21329,381238,4111
2021-10-08,San Francisco,075,870044,51709,50960,2177,53137,643
2021-10-08,San Joaquin,077,732212,96785,95606,5148,100754,1669
2021-10-08,San Luis Obispo,079,281455,28702,28197,1162,29359,324
2021-10-08,San Mateo,081,765935,53007,52121,803,52924,569
2021-10-08,Santa Barbara,083,443738,43292,42735,1493,44228,514
2021-10-08,Santa Clara,085,1922200,143625,142298,1177,143475,1873
2021-10-08,Santa Cruz,087,273765,19908,19635,975,20610,217
2021-10-08,Shasta,089,179085,19934,19437,3300,22737,290
2021-10-08,Sierra,091,2930,159,141,15,156,0
2021-10-08,Siskiyou,093,43540,3233,3124,1184,4308,42
2021-10-08,Solano,095,438530,45020,44265,1181,45446,329
2021-10-08,Sonoma,097,501317,40183,39848,498,40346,387
2021-10-08,Stanislaus,099,539301,75195,74899,8402,83301,1114
2021-10-08,Sutter,101,95872,13409,13314,288,13602,165
2021-10-08,Tehama,103,63373,7886,7670,1313,8983,99
2021-10-08,Trinity,105,12862,806,660,199,859,11
2021-10-08,Tulare,107,460477,65052,63398,13543,76941,932
2021-10-08,Tuolumne,109,53932,6635,6521,81,6602,89
2021-10-08,Ventura,111,848112,96377,95542,4170,99712,1158
2021-10-08,Yolo,113,214977,19159,18850,897,19747,247
2021-10-08,Yuba,115,75493,9703,9551,236,9787,69
2021-10-07,Alameda,001,1643700,116681,116253,2628,118881,1356
2021-10-07,Alpine,003,1148,99,102,0,102,0
2021-10-07,Amador,005,37829,5298,5237,55,5292,62
2021-10-07,Butte,007,227075,19707,19277,3645,22922,250
2021-10-07,Calaveras,009,45235,3743,3716,43,3759,75
2021-10-07,Colusa,011,21464,2448,2419,571,2990,18
2021-10-07,Contra Costa,013,1133247,97063,96378,2020,98398,958
2021-10-07,Del Norte,015,27424,3579,3495,47,3542,39
2021-10-07,El Dorado,017,186661,15404,15153,1604,16757,144
2021-10-07,Fresno,019,978130,132594,130508,11887,142395,2018
2021-10-07,Glenn,021,27897,3344,3277,963,4240,26
2021-10-07,Humboldt,023,135768,8592,8448,454,8902,97
2021-10-07,Imperial,025,180216,32278,31989,3015,35004,760
2021-10-07,Inyo,027,18085,1891,1808,36,1844,39
2021-10-07,Kern,029,883053,121583,119795,19674,139469,1559
2021-10-07,Kings,031,150075,30449,29894,1744,31638,308
2021-10-07,Lake,033,64148,6412,6283,123,6406,97
2021-10-07,Lassen,035,31185,6572,6442,305,6747,25
2021-10-07,Los Angeles,037,10098052,1415579,1402810,51727,1454537,26280
2021-10-07,Madera,039,155013,21717,21313,1825,23138,271
2021-10-07,Marin,041,260295,17184,17049,419,17468,242
2021-10-07,Mariposa,043,17540,1099,1042,36,1078,5
2021-10-07,Mendocino,045,87422,7120,7011,417,7428,82
2021-10-07,Merced,047,269075,40060,39784,1623,41407,565
2021-10-07,Modoc,049,8938,490,477,173,650,5
2021-10-07,Mono,051,14174,1623,1577,20,1597,3
2021-10-07,Monterey,053,433212,48021,47168,2672,49840,577
2021-10-07,Napa,055,140530,12658,12586,96,12682,96
2021-10-07,Nevada,057,99092,8721,8613,301,8914,90
2021-10-07,Orange,059,3164182,301457,299089,14294,313383,5457
2021-10-07,Placer,061,380077,35406,34877,3381,38258,393
2021-10-07,Plumas,063,18699,1514,1418,25,1443,6
2021-10-07,Riverside,065,2383286,354431,350082,15941,366023,4965
2021-10-07,Sacramento,067,1510023,152760,151566,4101,155667,2160
2021-10-07,San Benito,069,59416,7157,7123,150,7273,71
2021-10-07,San Bernardino,071,2135413,345815,343452,10755,354207,5556
2021-10-07,San Diego,073,3302833,362384,359909,21308,381217,4111
2021-10-07,San Francisco,075,870044,51638,50960,2174,53134,643
2021-10-07,San Joaquin,077,732212,96631,95606,5140,100746,1669
2021-10-07,San Luis Obispo,079,281455,28651,28197,1160,29357,324
2021-10-07,San Mateo,081,765935,52967,52121,802,52923,569
2021-10-07,Santa Barbara,083,443738,43223,42735,1487,44222,514
2021-10-07,Santa Clara,085,1922200,143475,142298,1171,143469,1873
2021-10-07,Santa Cruz,087,273765,19888,19635,974,20609,217
2021-10-07,Shasta,089,179085,19846,19437,3285,22722,290
2021-10-07,Sierra,091,2930,158,141,15,156,0
2021-10-07,Siskiyou,093,43540,3229,3124,1179,4303,42
2021-10-07,Solano,095,438530,44975,44265,1177,45442,329
2021-10-07,Sonoma,097,501317,40146,39848,496,40344,387
2021-10-07,Stanislaus,099,539301,75033,74899,8377,83276,1114
2021-10-07,Sutter,101,95872,13387,13314,285,13599,165
2021-10-07,Tehama,103,63373,7853,7670,1307,8977,99
2021-10-07,Trinity,105,12862,804,660,199,859,11
2021-10-07,Tulare,107,460477,64887,63398,13507,76905,932
2021-10-07,Tuolumne,109,53932,6613,6521,81,6602,89
2021-10-07,Ventura,111,848112,96304,95542,4167,99709,1158
2021-10-07,Yolo,113,214977,19126,18850,893,19743,247
2021-10-07,Yuba,115,75493,9677,9551,229,9780,69
2021-10-06,Alameda,001,1643700,116544,116058,2622,118680,1353
2021-10-06,Alpine,003,1148,99,102,0,102,0
2021-10-06,Amador,005,37829,5295,5205,55,5260,62
2021-10-06,Butte,007,227075,19645,19208,3638,22846,247
2021-10-06,Calaveras,009,45235,3734,3669,43,3712,75
2021-10-06,Colusa,011,21464,2445,2414,564,2978,18
2021-10-06,Contra Costa,013,1133247,96939,96184,2016,98200,953
2021-10-06,Del Norte,015,27424,3576,3490,44,3534,39
2021-10-06,El Dorado,017,186661,15378,15078,1601,16679,140
2021-10-06,Fresno,019,978130,132304,130074,11862,141936,2008
2021-10-06,Glenn,021,27897,3335,3270,961,4231,26
2021-10-06,Humboldt,023,135768,8577,8416,448,8864,94
2021-10-06,Imperial,025,180216,32225,31930,3005,34935,760
2021-10-06,Inyo,027,18085,1876,1806,36,1842,39
2021-10-06,Kern,029,883053,121326,119491,19583,139074,1552
2021-10-06,Kings,031,150075,30383,29785,1736,31521,308
2021-10-06,Lake,033,64148,6398,6271,123,6394,97
2021-10-06,Lassen,035,31185,6556,6429,304,6733,25
2021-10-06,Los Angeles,037,10098052,1414623,1401675,51678,1453353,26252
2021-10-06,Madera,039,155013,21662,21230,1815,23045,269
2021-10-06,Marin,041,260295,17175,17042,416,17458,242
2021-10-06,Mariposa,043,17540,1092,1036,36,1072,5
2021-10-06,Mendocino,045,87422,7111,6986,415,7401,81
2021-10-06,Merced,047,269075,39985,39666,1611,41277,563
2021-10-06,Modoc,049,8938,490,477,171,648,5
2021-10-06,Mono,051,14174,1611,1568,20,1588,3
2021-10-06,Monterey,053,433212,47988,47136,2667,49803,577
2021-10-06,Napa,055,140530,12634,12552,95,12647,96
2021-10-06,Nevada,057,99092,8705,8582,300,8882,90
2021-10-06,Orange,059,3164182,301218,298785,14282,313067,5448
2021-10-06,Placer,061,380077,35355,34764,3375,38139,390
2021-10-06,Plumas,063,18699,1491,1383,25,1408,6
2021-10-06,Riverside,065,2383286,354075,349645,15920,365565,4953
2021-10-06,Sacramento,067,1510023,152507,151164,4070,155234,2141
2021-10-06,San Benito,069,59416,7142,7108,150,7258,69
2021-10-06,San Bernardino,071,2135413,345524,343022,10748,353770,5551
2021-10-06,San Diego,073,3302833,361892,359564,21282,380846,4104
2021-10-06,San Francisco,075,870044,51574,50894,2171,53065,641
2021-10-06,San Joaquin,077,732212,96497,95418,5128,100546,1658
2021-10-06,San Luis Obispo,079,281455,28601,28170,1154,29324,323
2021-10-06,San Mateo,081,765935,52917,52056,797,52853,569
2021-10-06,Santa Barbara,083,443738,43140,42687,1485,44172,513
2021-10-06,Santa Clara,085,1922200,143324,142124,1166,143290,1872
2021-10-06,Santa Cruz,087,273765,19859,19604,972,20576,217
2021-10-06,Shasta,089,179085,19771,19325,3272,22597,287
2021-10-06,Sierra,091,2930,156,138,15,153,0
2021-10-06,Siskiyou,093,43540,3219,3116,1172,4288,42
2021-10-06,Solano,095,438530,44941,44185,1176,45361,328
2021-10-06,Sonoma,097,501317,40096,39787,495,40282,383
2021-10-06,Stanislaus,099,539301,74891,74699,8364,83063,1114
2021-10-06,Sutter,101,95872,13366,13284,283,13567,164
2021-10-06,Tehama,103,63373,7817,7629,1299,8928,99
2021-10-06,Trinity,105,12862,801,656,199,855,11
2021-10-06,Tulare,107,460477,64707,63198,13451,76649,926
2021-10-06,Tuolumne,109,53932,6586,6486,81,6567,89
2021-10-06,Ventura,111,848112,96213,95449,4159,99608,1158
2021-10-06,Yolo,113,214977,19093,18815,890,19705,247
2021-10-06,Yuba,115,75493,9653,9520,228,9748,69
2021-10-05,Alameda,001,1643700,116400,115968,2617,118585,1350
2021-10-05,Alpine,003,1148,99,102,0,102,0
2021-10-05,Amador,005,37829,5274,5194,54,5248,61
2021-10-05,Butte,007,227075,19596,19137,3623,22760,246
2021-10-05,Calaveras,009,45235,3718,3657,43,3700,73
2021-10-05,Colusa,011,21464,2438,2414,563,2977,18
2021-10-05,Contra Costa,013,1133247,96822,96108,2011,98119,941
2021-10-05,Del Norte,015,27424,3574,3485,43,3528,39
2021-10-05,El Dorado,017,186661,15339,15052,1598,16650,140
2021-10-05,Fresno,019,978130,131965,129957,11826,141783,1987
2021-10-05,Glenn,021,27897,3324,3270,956,4226,26
2021-10-05,Humboldt,023,135768,8546,8398,444,8842,94
2021-10-05,Imperial,025,180216,32178,31909,3000,34909,759
2021-10-05,Inyo,027,18085,1859,1800,36,1836,39
2021-10-05,Kern,029,883053,121062,119260,19482,138742,1540
2021-10-05,Kings,031,150075,30308,29749,1731,31480,301
2021-10-05,Lake,033,64148,6377,6264,122,6386,97
2021-10-05,Lassen,035,31185,6537,6417,302,6719,25
2021-10-05,Los Angeles,037,10098052,1413480,1400300,51625,1451925,26223
2021-10-05,Madera,039,155013,21604,21183,1803,22986,269
2021-10-05,Marin,041,260295,17163,17024,416,17440,242
2021-10-05,Mariposa,043,17540,1073,1033,33,1066,5
2021-10-05,Mendocino,045,87422,7095,6972,408,7380,79
2021-10-05,Merced,047,269075,39919,39608,1603,41211,562
2021-10-05,Modoc,049,8938,486,475,170,645,5
2021-10-05,Mono,051,14174,1603,1565,20,1585,3
2021-10-05,Monterey,053,433212,47971,47087,2657,49744,573
2021-10-05,Napa,055,140530,12610,12533,95,12628,96
2021-10-05,Nevada,057,99092,8675,8576,300,8876,90
2021-10-05,Orange,059,3164182,300941,298589,14250,312839,5441
2021-10-05,Placer,061,380077,35275,34728,3368,38096,382
2021-10-05,Plumas,063,18699,1466,1357,25,1382,6
2021-10-05,Riverside,065,2383286,353716,349365,15905,365270,4942
2021-10-05,Sacramento,067,1510023,152233,151111,4042,155153,2126
2021-10-05,San Benito,069,59416,7124,7103,148,7251,69
2021-10-05,San Bernardino,071,2135413,345198,342711,10741,353452,5557
2021-10-05,San Diego,073,3302833,361317,359194,21255,380449,4092
2021-10-05,San Francisco,075,870044,51476,50826,2168,52994,641
2021-10-05,San Joaquin,077,732212,96344,95276,5102,100378,1651
2021-10-05,San Luis Obispo,079,281455,28557,28113,1152,29265,324
2021-10-05,San Mateo,081,765935,52870,52008,797,52805,569
2021-10-05,Santa Barbara,083,443738,43062,42595,1481,44076,511
2021-10-05,Santa Clara,085,1922200,143162,141971,1159,143130,1873
2021-10-05,Santa Cruz,087,273765,19817,19582,972,20554,216
2021-10-05,Shasta,089,179085,19697,19285,3259,22544,286
2021-10-05,Sierra,091,2930,152,136,15,151,0
2021-10-05,Siskiyou,093,43540,3205,3107,1172,4279,42
2021-10-05,Solano,095,438530,44870,44149,1175,45324,325
2021-10-05,Sonoma,097,501317,40041,39756,490,40246,383
2021-10-05,Stanislaus,099,539301,74729,74599,8347,82946,1114
2021-10-05,Sutter,101,95872,13338,13270,282,13552,164
2021-10-05,Tehama,103,63373,7788,7607,1290,8897,98
2021-10-05,Trinity,105,12862,798,655,199,854,11
2021-10-05,Tulare,107,460477,64499,63093,13398,76491,920
2021-10-05,Tuolumne,109,53932,6570,6473,80,6553,89
2021-10-05,Ventura,111,848112,96107,95351,4158,99509,1155
2021-10-05,Yolo,113,214977,19057,18782,884,19666,245
2021-10-05,Yuba,115,75493,9621,9504,225,9729,69
2021-10-04,Alameda,001,1643700,116239,115845,2614,118459,1347
2021-10-04,Alpine,003,1148,99,102,0,102,0
2021-10-04,Amador,005,37829,5264,5163,53,5216,61
2021-10-04,Butte,007,227075,19518,19081,3612,22693,245
2021-10-04,Calaveras,009,45235,3709,3641,43,3684,73
2021-10-04,Colusa,011,21464,2437,2414,561,2975,18
2021-10-04,Contra Costa,013,1133247,96680,95958,2006,97964,937
2021-10-04,Del Norte,015,27424,3572,3485,39,3524,39
2021-10-04,El Dorado,017,186661,15292,15031,1591,16622,138
2021-10-04,Fresno,019,978130,131655,129665,11796,141461,1978
2021-10-04,Glenn,021,27897,3317,3270,953,4223,26
2021-10-04,Humboldt,023,135768,8514,8355,437,8792,94
2021-10-04,Imperial,025,180216,32129,31866,2993,34859,757
2021-10-04,Inyo,027,18085,1847,1792,34,1826,39
2021-10-04,Kern,029,883053,120771,118984,19362,138346,1531
2021-10-04,Kings,031,150075,30215,29702,1728,31430,303
2021-10-04,Lake,033,64148,6364,6248,122,6370,97
2021-10-04,Lassen,035,31185,6520,6405,302,6707,25
2021-10-04,Los Angeles,037,10098052,1412360,1399604,51569,1451173,26186
2021-10-04,Madera,039,155013,21540,21126,1791,22917,266
2021-10-04,Marin,041,260295,17147,17008,415,17423,242
2021-10-04,Mariposa,043,17540,1061,1024,33,1057,5
2021-10-04,Mendocino,045,87422,7077,6947,405,7352,79
2021-10-04,Merced,047,269075,39802,39565,1587,41152,558
2021-10-04,Modoc,049,8938,483,473,170,643,5
2021-10-04,Mono,051,14174,1595,1561,20,1581,3
2021-10-04,Monterey,053,433212,47950,47058,2650,49708,571
2021-10-04,Napa,055,140530,12587,12506,95,12601,96
2021-10-04,Nevada,057,99092,8655,8563,300,8863,90
2021-10-04,Orange,059,3164182,300645,298165,14218,312383,5438
2021-10-04,Placer,061,380077,35193,34630,3341,37971,379
2021-10-04,Plumas,063,18699,1444,1329,25,1354,6
2021-10-04,Riverside,065,2383286,353336,348828,15895,364723,4923
2021-10-04,Sacramento,067,1510023,151908,150887,4015,154902,2115
2021-10-04,San Benito,069,59416,7111,7099,148,7247,69
2021-10-04,San Bernardino,071,2135413,344837,342418,10730,353148,5551
2021-10-04,San Diego,073,3302833,360751,358525,21224,379749,4090
2021-10-04,San Francisco,075,870044,51381,50798,2164,52962,638
2021-10-04,San Joaquin,077,732212,96147,95198,5082,100280,1649
2021-10-04,San Luis Obispo,079,281455,28512,28090,1146,29236,323
2021-10-04,San Mateo,081,765935,52810,51958,796,52754,569
2021-10-04,Santa Barbara,083,443738,42977,42585,1480,44065,511
2021-10-04,Santa Clara,085,1922200,143015,141840,1153,142993,1869
2021-10-04,Santa Cruz,087,273765,19788,19559,971,20530,216
2021-10-04,Shasta,089,179085,19590,19170,3245,22415,279
2021-10-04,Sierra,091,2930,145,136,14,150,0
2021-10-04,Siskiyou,093,43540,3196,3103,1157,4260,42
2021-10-04,Solano,095,438530,44811,44092,1171,45263,322
2021-10-04,Sonoma,097,501317,39975,39720,490,40210,381
2021-10-04,Stanislaus,099,539301,74578,74444,8328,82772,1106
2021-10-04,Sutter,101,95872,13309,13261,281,13542,164
2021-10-04,Tehama,103,63373,7747,7585,1284,8869,95
2021-10-04,Trinity,105,12862,797,649,198,847,11
2021-10-04,Tulare,107,460477,64313,62957,13330,76287,920
2021-10-04,Tuolumne,109,53932,6544,6442,80,6522,89
2021-10-04,Ventura,111,848112,96015,95170,4152,99322,1153
2021-10-04,Yolo,113,214977,19013,18761,880,19641,242
2021-10-04,Yuba,115,75493,9582,9481,223,9704,68
2021-10-03,Alameda,001,1643700,116096,115751,2604,118355,1349
2021-10-03,Alpine,003,1148,99,102,0,102,0
2021-10-03,Amador,005,37829,5246,5160,51,5211,61
2021-10-03,Butte,007,227075,19445,19066,3593,22659,245
2021-10-03,Calaveras,009,45235,3692,3632,43,3675,73
2021-10-03,Colusa,011,21464,2435,2413,558,2971,18
2021-10-03,Contra Costa,013,1133247,96547,95890,1999,97889,937
2021-10-03,Del Norte,015,27424,3566,3483,38,3521,39
2021-10-03,El Dorado,017,186661,15233,15014,1584,16598,139
2021-10-03,Fresno,019,978130,131274,129365,11755,141120,1978
2021-10-03,Glenn,021,27897,3310,3266,945,4211,26
2021-10-03,Humboldt,023,135768,8468,8352,433,8785,94
2021-10-03,Imperial,025,180216,32062,31844,2985,34829,757
2021-10-03,Inyo,027,18085,1826,1788,34,1822,39
2021-10-03,Kern,029,883053,120466,118851,19240,138091,1535
2021-10-03,Kings,031,150075,30116,29623,1721,31344,300
2021-10-03,Lake,033,64148,6338,6239,122,6361,97
2021-10-03,Lassen,035,31185,6498,6400,300,6700,25
2021-10-03,Los Angeles,037,10098052,1411100,1398790,51515,1450305,26179
2021-10-03,Madera,039,155013,21468,21066,1781,22847,266
2021-10-03,Marin,041,260295,17124,16995,410,17405,242
2021-10-03,Mariposa,043,17540,1054,1011,33,1044,5
2021-10-03,Mendocino,045,87422,7057,6939,397,7336,79
2021-10-03,Merced,047,269075,39695,39516,1567,41083,558
2021-10-03,Modoc,049,8938,482,472,169,641,5
2021-10-03,Mono,051,14174,1591,1554,20,1574,3
2021-10-03,Monterey,053,433212,47925,47049,2639,49688,571
2021-10-03,Napa,055,140530,12558,12489,93,12582,96
2021-10-03,Nevada,057,99092,8620,8545,300,8845,90
2021-10-03,Orange,059,3164182,300363,298027,14198,312225,5447
2021-10-03,Placer,061,380077,35055,34596,3325,37921,379
2021-10-03,Plumas,063,18699,1416,1328,25,1353,6
2021-10-03,Riverside,065,2383286,352905,348593,15875,364468,4924
2021-10-03,Sacramento,067,1510023,151619,150664,3986,154650,2120
2021-10-03,San Benito,069,59416,7102,7095,148,7243,69
2021-10-03,San Bernardino,071,2135413,344419,342302,10723,353025,5555
2021-10-03,San Diego,073,3302833,360171,358153,21192,379345,4081
2021-10-03,San Francisco,075,870044,51296,50733,2161,52894,638
2021-10-03,San Joaquin,077,732212,95959,95133,5074,100207,1649
2021-10-03,San Luis Obispo,079,281455,28446,28065,1141,29206,325
2021-10-03,San Mateo,081,765935,52743,51923,795,52718,569
2021-10-03,Santa Barbara,083,443738,42881,42550,1472,44022,511
2021-10-03,Santa Clara,085,1922200,142844,141737,1146,142883,1869
2021-10-03,Santa Cruz,087,273765,19748,19548,969,20517,216
2021-10-03,Shasta,089,179085,19485,19132,3217,22349,279
2021-10-03,Sierra,091,2930,142,136,14,150,0
2021-10-03,Siskiyou,093,43540,3183,3096,1147,4243,42
2021-10-03,Solano,095,438530,44748,44051,1168,45219,322
2021-10-03,Sonoma,097,501317,39909,39679,490,40169,381
2021-10-03,Stanislaus,099,539301,74390,74366,8310,82676,1106
2021-10-03,Sutter,101,95872,13294,13248,277,13525,164
2021-10-03,Tehama,103,63373,7704,7564,1279,8843,94
2021-10-03,Trinity,105,12862,793,647,196,843,11
2021-10-03,Tulare,107,460477,64110,62860,13258,76118,924
2021-10-03,Tuolumne,109,53932,6515,6430,78,6508,89
2021-10-03,Ventura,111,848112,95910,95108,4149,99257,1153
2021-10-03,Yolo,113,214977,18983,18720,874,19594,242
2021-10-03,Yuba,115,75493,9565,9462,222,9684,68
2021-10-02,Alameda,001,1643700,115988,115185,2599,117784,1343
2021-10-02,Alpine,003,1148,99,102,0,102,0
2021-10-02,Amador,005,37829,5237,5105,51,5156,61
2021-10-02,Butte,007,227075,19415,18911,3585,22496,243
2021-10-02,Calaveras,009,45235,3685,3585,43,3628,72
2021-10-02,Colusa,011,21464,2434,2403,556,2959,18
2021-10-02,Contra Costa,013,1133247,96476,95369,1995,97364,933
2021-10-02,Del Norte,015,27424,3561,3468,38,3506,39
2021-10-02,El Dorado,017,186661,15207,14887,1583,16470,136
2021-10-02,Fresno,019,978130,131103,128450,11742,140192,1964
2021-10-02,Glenn,021,27897,3305,3234,945,4179,26
2021-10-02,Humboldt,023,135768,8450,8244,433,8677,94
2021-10-02,Imperial,025,180216,32027,31674,2982,34656,757
2021-10-02,Inyo,027,18085,1817,1746,34,1780,39
2021-10-02,Kern,029,883053,120333,117962,19159,137121,1524
2021-10-02,Kings,031,150075,30067,29339,1717,31056,301
2021-10-02,Lake,033,64148,6329,6191,122,6313,97
2021-10-02,Lassen,035,31185,6493,6360,300,6660,25
2021-10-02,Los Angeles,037,10098052,1410488,1395070,51479,1446549,26126
2021-10-02,Madera,039,155013,21443,20931,1772,22703,266
2021-10-02,Marin,041,260295,17119,16936,407,17343,242
2021-10-02,Mariposa,043,17540,1052,967,33,1000,5
2021-10-02,Mendocino,045,87422,7047,6869,397,7266,78
2021-10-02,Merced,047,269075,39668,39196,1563,40759,552
2021-10-02,Modoc,049,8938,480,468,169,637,5
2021-10-02,Mono,051,14174,1589,1540,20,1560,3
2021-10-02,Monterey,053,433212,47870,46964,2638,49602,571
2021-10-02,Napa,055,140530,12547,12433,93,12526,96
2021-10-02,Nevada,057,99092,8609,8474,299,8773,87
2021-10-02,Orange,059,3164182,300198,297307,14178,311485,5435
2021-10-02,Placer,061,380077,34989,34377,3316,37693,381
2021-10-02,Plumas,063,18699,1405,1298,25,1323,6
2021-10-02,Riverside,065,2383286,352664,347227,15864,363091,4895
2021-10-02,Sacramento,067,1510023,151446,149897,3978,153875,2099
2021-10-02,San Benito,069,59416,7095,7055,148,7203,69
2021-10-02,San Bernardino,071,2135413,344232,341212,10671,351883,5540
2021-10-02,San Diego,073,3302833,359854,356454,21170,377624,4078
2021-10-02,San Francisco,075,870044,51247,50393,2156,52549,634
2021-10-02,San Joaquin,077,732212,95894,94599,5068,99667,1646
2021-10-02,San Luis Obispo,079,281455,28422,27915,1141,29056,323
2021-10-02,San Mateo,081,765935,52702,51767,791,52558,573
2021-10-02,Santa Barbara,083,443738,42841,42423,1472,43895,508
2021-10-02,Santa Clara,085,1922200,142730,141231,1142,142373,1862
2021-10-02,Santa Cruz,087,273765,19731,19461,968,20429,214
2021-10-02,Shasta,089,179085,19439,18912,3211,22123,270
2021-10-02,Sierra,091,2930,141,131,14,145,0
2021-10-02,Siskiyou,093,43540,3182,3053,1144,4197,42
2021-10-02,Solano,095,438530,44703,43800,1167,44967,321
2021-10-02,Sonoma,097,501317,39875,39497,489,39986,382
2021-10-02,Stanislaus,099,539301,74304,73859,8297,82156,1099
2021-10-02,Sutter,101,95872,13285,13160,276,13436,160
2021-10-02,Tehama,103,63373,7689,7453,1279,8732,93
2021-10-02,Trinity,105,12862,790,625,196,821,10
2021-10-02,Tulare,107,460477,64034,62247,13232,75479,908
2021-10-02,Tuolumne,109,53932,6501,6369,78,6447,89
2021-10-02,Ventura,111,848112,95838,94854,4144,98998,1148
2021-10-02,Yolo,113,214977,18956,18640,872,19512,242
2021-10-02,Yuba,115,75493,9546,9370,221,9591,66
2021-10-01,Alameda,001,1643700,115911,115185,2593,117778,1343
2021-10-01,Alpine,003,1148,99,102,0,102,0
2021-10-01,Amador,005,37829,5217,5105,51,5156,61
2021-10-01,Butte,007,227075,19374,18911,3578,22489,243
2021-10-01,Calaveras,009,45235,3675,3585,43,3628,72
2021-10-01,Colusa,011,21464,2432,2403,556,2959,18
2021-10-01,Contra Costa,013,1133247,96380,95369,1991,97360,933
2021-10-01,Del Norte,015,27424,3558,3468,37,3505,39
2021-10-01,El Dorado,017,186661,15190,14887,1579,16466,136
2021-10-01,Fresno,019,978130,130914,128450,11732,140182,1964
2021-10-01,Glenn,021,27897,3303,3234,944,4178,26
2021-10-01,Humboldt,023,135768,8433,8244,433,8677,94
2021-10-01,Imperial,025,180216,32008,31674,2973,34647,757
2021-10-01,Inyo,027,18085,1808,1746,34,1780,39
2021-10-01,Kern,029,883053,120180,117962,19103,137065,1524
2021-10-01,Kings,031,150075,30033,29339,1712,31051,301
2021-10-01,Lake,033,64148,6319,6191,122,6313,97
2021-10-01,Lassen,035,31185,6482,6360,299,6659,25
2021-10-01,Los Angeles,037,10098052,1409723,1395070,51436,1446506,26126
2021-10-01,Madera,039,155013,21393,20931,1763,22694,266
2021-10-01,Marin,041,260295,17104,16936,406,17342,242
2021-10-01,Mariposa,043,17540,1045,967,33,1000,5
2021-10-01,Mendocino,045,87422,7035,6869,397,7266,78
2021-10-01,Merced,047,269075,39624,39196,1555,40751,552
2021-10-01,Modoc,049,8938,479,468,169,637,5
2021-10-01,Mono,051,14174,1586,1540,20,1560,3
2021-10-01,Monterey,053,433212,47849,46964,2635,49599,571
2021-10-01,Napa,055,140530,12537,12433,92,12525,96
2021-10-01,Nevada,057,99092,8595,8474,298,8772,87
2021-10-01,Orange,059,3164182,300014,297307,14158,311465,5435
2021-10-01,Placer,061,380077,34955,34377,3312,37689,381
2021-10-01,Plumas,063,18699,1396,1298,25,1323,6
2021-10-01,Riverside,065,2383286,352371,347227,15857,363084,4895
2021-10-01,Sacramento,067,1510023,151293,149897,3968,153865,2099
2021-10-01,San Benito,069,59416,7093,7055,146,7201,69
2021-10-01,San Bernardino,071,2135413,344032,341212,10668,351880,5540
2021-10-01,San Diego,073,3302833,359494,356454,21149,377603,4078
2021-10-01,San Francisco,075,870044,51206,50393,2155,52548,634
2021-10-01,San Joaquin,077,732212,95824,94599,5064,99663,1646
2021-10-01,San Luis Obispo,079,281455,28398,27915,1138,29053,323
2021-10-01,San Mateo,081,765935,52662,51767,788,52555,573
2021-10-01,Santa Barbara,083,443738,42805,42423,1472,43895,508
2021-10-01,Santa Clara,085,1922200,142637,141231,1137,142368,1862
2021-10-01,Santa Cruz,087,273765,19711,19461,967,20428,214
2021-10-01,Shasta,089,179085,19385,18912,3204,22116,270
2021-10-01,Sierra,091,2930,141,131,14,145,0
2021-10-01,Siskiyou,093,43540,3181,3053,1141,4194,42
2021-10-01,Solano,095,438530,44651,43800,1161,44961,321
2021-10-01,Sonoma,097,501317,39843,39497,488,39985,382
2021-10-01,Stanislaus,099,539301,74220,73859,8286,82145,1099
2021-10-01,Sutter,101,95872,13269,13160,274,13434,160
2021-10-01,Tehama,103,63373,7677,7453,1277,8730,93
2021-10-01,Trinity,105,12862,788,625,196,821,10
2021-10-01,Tulare,107,460477,63931,62247,13197,75444,908
2021-10-01,Tuolumne,109,53932,6484,6369,78,6447,89
2021-10-01,Ventura,111,848112,95771,94854,4139,98993,1148
2021-10-01,Yolo,113,214977,18932,18640,870,19510,242
2021-10-01,Yuba,115,75493,9524,9370,221,9591,66
2021-09-30,Alameda,001,1643700,115766,115185,2589,117774,1343
2021-09-30,Alpine,003,1148,99,102,0,102,0
2021-09-30,Amador,005,37829,5205,5105,51,5156,61
2021-09-30,Butte,007,227075,19325,18911,3569,22480,243
2021-09-30,Calaveras,009,45235,3661,3585,43,3628,72
2021-09-30,Colusa,011,21464,2429,2403,555,2958,18
2021-09-30,Contra Costa,013,1133247,96275,95369,1986,97355,933
2021-09-30,Del Norte,015,27424,3554,3468,34,3502,39
2021-09-30,El Dorado,017,186661,15164,14887,1571,16458,136
2021-09-30,Fresno,019,978130,130639,128450,11698,140148,1964
2021-09-30,Glenn,021,27897,3293,3234,941,4175,26
2021-09-30,Humboldt,023,135768,8401,8244,427,8671,94
2021-09-30,Imperial,025,180216,31956,31674,2971,34645,757
2021-09-30,Inyo,027,18085,1798,1746,34,1780,39
2021-09-30,Kern,029,883053,119937,117962,19022,136984,1524
2021-09-30,Kings,031,150075,29943,29339,1708,31047,301
2021-09-30,Lake,033,64148,6301,6191,122,6313,97
2021-09-30,Lassen,035,31185,6468,6360,299,6659,25
2021-09-30,Los Angeles,037,10098052,1408514,1395070,51377,1446447,26126
2021-09-30,Madera,039,155013,21310,20931,1748,22679,266
2021-09-30,Marin,041,260295,17084,16936,405,17341,242
2021-09-30,Mariposa,043,17540,1023,967,33,1000,5
2021-09-30,Mendocino,045,87422,7026,6869,388,7257,78
2021-09-30,Merced,047,269075,39528,39196,1550,40746,552
2021-09-30,Modoc,049,8938,479,468,168,636,5
2021-09-30,Mono,051,14174,1578,1540,20,1560,3
2021-09-30,Monterey,053,433212,47819,46964,2624,49588,571
2021-09-30,Napa,055,140530,12517,12433,92,12525,96
2021-09-30,Nevada,057,99092,8578,8474,297,8771,87
2021-09-30,Orange,059,3164182,299742,297307,14120,311427,5435
2021-09-30,Placer,061,380077,34901,34377,3292,37669,381
2021-09-30,Plumas,063,18699,1378,1298,25,1323,6
2021-09-30,Riverside,065,2383286,351937,347227,15836,363063,4895
2021-09-30,Sacramento,067,1510023,151032,149897,3942,153839,2099
2021-09-30,San Benito,069,59416,7087,7055,146,7201,69
2021-09-30,San Bernardino,071,2135413,343719,341212,10654,351866,5540
2021-09-30,San Diego,073,3302833,359013,356454,21123,377577,4078
2021-09-30,San Francisco,075,870044,51129,50393,2151,52544,634
2021-09-30,San Joaquin,077,732212,95692,94599,5056,99655,1646
2021-09-30,San Luis Obispo,079,281455,28350,27915,1134,29049,323
2021-09-30,San Mateo,081,765935,52613,51767,785,52552,573
2021-09-30,Santa Barbara,083,443738,42748,42423,1471,43894,508
2021-09-30,Santa Clara,085,1922200,142488,141231,1134,142365,1862
2021-09-30,Santa Cruz,087,273765,19671,19461,966,20427,214
2021-09-30,Shasta,089,179085,19323,18912,3189,22101,270
2021-09-30,Sierra,091,2930,140,131,14,145,0
2021-09-30,Siskiyou,093,43540,3173,3053,1136,4189,42
2021-09-30,Solano,095,438530,44597,43800,1158,44958,321
2021-09-30,Sonoma,097,501317,39794,39497,488,39985,382
2021-09-30,Stanislaus,099,539301,74060,73859,8267,82126,1099
2021-09-30,Sutter,101,95872,13248,13160,274,13434,160
2021-09-30,Tehama,103,63373,7640,7453,1265,8718,93
2021-09-30,Trinity,105,12862,784,625,196,821,10
2021-09-30,Tulare,107,460477,63755,62247,13140,75387,908
2021-09-30,Tuolumne,109,53932,6461,6369,78,6447,89
2021-09-30,Ventura,111,848112,95666,94854,4132,98986,1148
2021-09-30,Yolo,113,214977,18892,18640,867,19507,242
2021-09-30,Yuba,115,75493,9501,9370,220,9590,66
2021-09-29,Alameda,001,1643700,115620,114998,2586,117584,1339
2021-09-29,Alpine,003,1148,99,101,0,101,0
2021-09-29,Amador,005,37829,5183,5058,51,5109,61
2021-09-29,Butte,007,227075,19271,18835,3562,22397,242
2021-09-29,Calaveras,009,45235,3644,3553,42,3595,72
2021-09-29,Colusa,011,21464,2427,2401,555,2956,18
2021-09-29,Contra Costa,013,1133247,96161,95213,1978,97191,929
2021-09-29,Del Norte,015,27424,3548,3467,34,3501,39
2021-09-29,El Dorado,017,186661,15130,14834,1564,16398,136
2021-09-29,Fresno,019,978130,130339,128068,11677,139745,1957
2021-09-29,Glenn,021,27897,3288,3213,939,4152,26
2021-09-29,Humboldt,023,135768,8378,8203,426,8629,94
2021-09-29,Imperial,025,180216,31891,31600,2966,34566,757
2021-09-29,Inyo,027,18085,1788,1740,33,1773,39
2021-09-29,Kern,029,883053,119702,117605,18946,136551,1513
2021-09-29,Kings,031,150075,29861,29195,1693,30888,299
2021-09-29,Lake,033,64148,6281,6164,122,6286,97
2021-09-29,Lassen,035,31185,6454,6347,299,6646,25
2021-09-29,Los Angeles,037,10098052,1407293,1393617,51309,1444926,26098
2021-09-29,Madera,039,155013,21266,20818,1732,22550,266
2021-09-29,Marin,041,260295,17066,16921,403,17324,242
2021-09-29,Mariposa,043,17540,1008,963,33,996,5
2021-09-29,Mendocino,045,87422,7014,6821,380,7201,78
2021-09-29,Merced,047,269075,39435,39026,1539,40565,552
2021-09-29,Modoc,049,8938,477,468,168,636,5
2021-09-29,Mono,051,14174,1576,1527,20,1547,3
2021-09-29,Monterey,053,433212,47781,46917,2610,49527,571
2021-09-29,Napa,055,140530,12497,12416,89,12505,96
2021-09-29,Nevada,057,99092,8565,8434,297,8731,87
2021-09-29,Orange,059,3164182,299473,296936,14085,311021,5429
2021-09-29,Placer,061,380077,34837,34271,3270,37541,379
2021-09-29,Plumas,063,18699,1359,1289,25,1314,6
2021-09-29,Riverside,065,2383286,351502,346558,15823,362381,4886
2021-09-29,Sacramento,067,1510023,150781,149686,3932,153618,2099
2021-09-29,San Benito,069,59416,7076,7039,146,7185,69
2021-09-29,San Bernardino,071,2135413,343399,340672,10639,351311,5539
2021-09-29,San Diego,073,3302833,358526,355899,21093,376992,4066
2021-09-29,San Francisco,075,870044,51045,50286,2147,52433,629
2021-09-29,San Joaquin,077,732212,95534,94356,5034,99390,1645
2021-09-29,San Luis Obispo,079,281455,28304,27800,1128,28928,323
2021-09-29,San Mateo,081,765935,52553,51673,783,52456,573
2021-09-29,Santa Barbara,083,443738,42676,42328,1468,43796,507
2021-09-29,Santa Clara,085,1922200,142351,141036,1129,142165,1861
2021-09-29,Santa Cruz,087,273765,19653,19425,965,20390,214
2021-09-29,Shasta,089,179085,19257,18805,3178,21983,271
2021-09-29,Sierra,091,2930,136,130,14,144,0
2021-09-29,Siskiyou,093,43540,3160,3043,1129,4172,42
2021-09-29,Solano,095,438530,44541,43724,1151,44875,321
2021-09-29,Sonoma,097,501317,39733,39426,486,39912,370
2021-09-29,Stanislaus,099,539301,73929,73634,8256,81890,1096
2021-09-29,Sutter,101,95872,13221,13135,271,13406,155
2021-09-29,Tehama,103,63373,7610,7409,1250,8659,88
2021-09-29,Trinity,105,12862,780,616,196,812,10
2021-09-29,Tulare,107,460477,63580,62046,13081,75127,908
2021-09-29,Tuolumne,109,53932,6444,6336,78,6414,89
2021-09-29,Ventura,111,848112,95576,94753,4128,98881,1144
2021-09-29,Yolo,113,214977,18858,18587,863,19450,239
2021-09-29,Yuba,115,75493,9470,9351,216,9567,66
2021-09-28,Alameda,001,1643700,115462,114869,2580,117449,1333
2021-09-28,Alpine,003,1148,99,101,0,101,0
2021-09-28,Amador,005,37829,5161,5049,51,5100,61
2021-09-28,Butte,007,227075,19222,18764,3547,22311,241
2021-09-28,Calaveras,009,45235,3624,3530,42,3572,72
2021-09-28,Colusa,011,21464,2424,2399,553,2952,18
2021-09-28,Contra Costa,013,1133247,96020,95115,1973,97088,929
2021-09-28,Del Norte,015,27424,3545,3462,34,3496,39
2021-09-28,El Dorado,017,186661,15084,14793,1560,16353,133
2021-09-28,Fresno,019,978130,129995,127877,11643,139520,1948
2021-09-28,Glenn,021,27897,3283,3205,938,4143,26
2021-09-28,Humboldt,023,135768,8338,8159,423,8582,91
2021-09-28,Imperial,025,180216,31846,31543,2962,34505,757
2021-09-28,Inyo,027,18085,1774,1708,32,1740,39
2021-09-28,Kern,029,883053,119433,117420,18851,136271,1506
2021-09-28,Kings,031,150075,29759,29141,1685,30826,295
2021-09-28,Lake,033,64148,6266,6155,122,6277,95
2021-09-28,Lassen,035,31185,6448,6340,295,6635,25
2021-09-28,Los Angeles,037,10098052,1406004,1392445,51243,1443688,26068
2021-09-28,Madera,039,155013,21212,20764,1717,22481,266
2021-09-28,Marin,041,260295,17047,16887,401,17288,242
2021-09-28,Mariposa,043,17540,1003,952,33,985,5
2021-09-28,Mendocino,045,87422,6992,6804,378,7182,78
2021-09-28,Merced,047,269075,39349,38953,1526,40479,551
2021-09-28,Modoc,049,8938,476,467,168,635,5
2021-09-28,Mono,051,14174,1566,1527,20,1547,3
2021-09-28,Monterey,053,433212,47744,46859,2601,49460,571
2021-09-28,Napa,055,140530,12480,12388,88,12476,96
2021-09-28,Nevada,057,99092,8542,8409,296,8705,84
2021-09-28,Orange,059,3164182,299219,296596,14056,310652,5421
2021-09-28,Placer,061,380077,34772,34187,3252,37439,370
2021-09-28,Plumas,063,18699,1350,1276,25,1301,6
2021-09-28,Riverside,065,2383286,351042,346096,15802,361898,4874
2021-09-28,Sacramento,067,1510023,150490,149310,3910,153220,2086
2021-09-28,San Benito,069,59416,7059,7028,145,7173,69
2021-09-28,San Bernardino,071,2135413,343052,340342,10621,350963,5540
2021-09-28,San Diego,073,3302833,357979,355373,21061,376434,4054
2021-09-28,San Francisco,075,870044,50943,50234,2146,52380,627
2021-09-28,San Joaquin,077,732212,95382,94194,5021,99215,1639
2021-09-28,San Luis Obispo,079,281455,28270,27755,1123,28878,321
2021-09-28,San Mateo,081,765935,52508,51620,783,52403,571
2021-09-28,Santa Barbara,083,443738,42603,42226,1467,43693,506
2021-09-28,Santa Clara,085,1922200,142190,140886,1120,142006,1858
2021-09-28,Santa Cruz,087,273765,19612,19324,964,20288,214
2021-09-28,Shasta,089,179085,19196,18701,3164,21865,267
2021-09-28,Sierra,091,2930,135,130,13,143,0
2021-09-28,Siskiyou,093,43540,3148,3032,1126,4158,42
2021-09-28,Solano,095,438530,44468,43652,1148,44800,316
2021-09-28,Sonoma,097,501317,39686,39395,485,39880,370
2021-09-28,Stanislaus,099,539301,73758,73528,8244,81772,1094
2021-09-28,Sutter,101,95872,13202,13102,267,13369,155
2021-09-28,Tehama,103,63373,7592,7382,1235,8617,88
2021-09-28,Trinity,105,12862,777,613,196,809,10
2021-09-28,Tulare,107,460477,63419,61916,13023,74939,905
2021-09-28,Tuolumne,109,53932,6417,6308,78,6386,89
2021-09-28,Ventura,111,848112,95450,94632,4125,98757,1143
2021-09-28,Yolo,113,214977,18832,18564,859,19423,239
2021-09-28,Yuba,115,75493,9451,9323,215,9538,66
2021-09-27,Alameda,001,1643700,115268,114731,2571,117302,1327
2021-09-27,Alpine,003,1148,99,101,0,101,0
2021-09-27,Amador,005,37829,5147,5017,51,5068,59
2021-09-27,Butte,007,227075,19162,18687,3530,22217,239
2021-09-27,Calaveras,009,45235,3604,3514,41,3555,70
2021-09-27,Colusa,011,21464,2423,2393,552,2945,18
2021-09-27,Contra Costa,013,1133247,95888,94979,1964,96943,924
2021-09-27,Del Norte,015,27424,3543,3468,32,3500,37
2021-09-27,El Dorado,017,186661,15045,14764,1553,16317,132
2021-09-27,Fresno,019,978130,129675,127475,11610,139085,1942
2021-09-27,Glenn,021,27897,3270,3189,934,4123,26
2021-09-27,Humboldt,023,135768,8298,8118,423,8541,91
2021-09-27,Imperial,025,180216,31783,31491,2955,34446,756
2021-09-27,Inyo,027,18085,1762,1698,32,1730,39
2021-09-27,Kern,029,883053,119158,117064,18756,135820,1503
2021-09-27,Kings,031,150075,29661,28998,1673,30671,297
2021-09-27,Lake,033,64148,6246,6126,121,6247,95
2021-09-27,Lassen,035,31185,6433,6327,291,6618,25
2021-09-27,Los Angeles,037,10098052,1404667,1391538,51175,1442713,26040
2021-09-27,Madera,039,155013,21147,20691,1709,22400,262
2021-09-27,Marin,041,260295,17026,16861,400,17261,242
2021-09-27,Mariposa,043,17540,993,931,33,964,5
2021-09-27,Mendocino,045,87422,6966,6761,371,7132,74
2021-09-27,Merced,047,269075,39249,38840,1520,40360,548
2021-09-27,Modoc,049,8938,475,465,166,631,5
2021-09-27,Mono,051,14174,1554,1525,20,1545,3
2021-09-27,Monterey,053,433212,47701,46811,2590,49401,571
2021-09-27,Napa,055,140530,12456,12354,87,12441,95
2021-09-27,Nevada,057,99092,8518,8379,293,8672,84
2021-09-27,Orange,059,3164182,298912,296334,14026,310360,5409
2021-09-27,Placer,061,380077,34685,34087,3247,37334,370
2021-09-27,Plumas,063,18699,1340,1269,25,1294,6
2021-09-27,Riverside,065,2383286,350599,345529,15792,361321,4864
2021-09-27,Sacramento,067,1510023,150174,149096,3888,152984,2076
2021-09-27,San Benito,069,59416,7042,7017,145,7162,67
2021-09-27,San Bernardino,071,2135413,342637,339952,10597,350549,5544
2021-09-27,San Diego,073,3302833,357327,354755,21036,375791,4054
2021-09-27,San Francisco,075,870044,50859,50157,2143,52300,622
2021-09-27,San Joaquin,077,732212,95197,94085,5018,99103,1633
2021-09-27,San Luis Obispo,079,281455,28215,27674,1120,28794,320
2021-09-27,San Mateo,081,765935,52432,51552,783,52335,571
2021-09-27,Santa Barbara,083,443738,42536,42012,1463,43475,505
2021-09-27,Santa Clara,085,1922200,142009,140802,1110,141912,1853
2021-09-27,Santa Cruz,087,273765,19588,19292,963,20255,214
2021-09-27,Shasta,089,179085,19116,18599,3137,21736,267
2021-09-27,Sierra,091,2930,135,128,13,141,0
2021-09-27,Siskiyou,093,43540,3136,3015,1121,4136,42
2021-09-27,Solano,095,438530,44392,43582,1143,44725,314
2021-09-27,Sonoma,097,501317,39632,39347,485,39832,370
2021-09-27,Stanislaus,099,539301,73604,73370,8224,81594,1091
2021-09-27,Sutter,101,95872,13172,13082,264,13346,155
2021-09-27,Tehama,103,63373,7552,7345,1226,8571,88
2021-09-27,Trinity,105,12862,766,605,195,800,9
2021-09-27,Tulare,107,460477,63219,61708,12952,74660,904
2021-09-27,Tuolumne,109,53932,6395,6264,78,6342,89
2021-09-27,Ventura,111,848112,95325,94477,4121,98598,1138
2021-09-27,Yolo,113,214977,18797,18524,859,19383,239
2021-09-27,Yuba,115,75493,9414,9292,211,9503,64
2021-09-26,Alameda,001,1643700,115074,114601,2564,117165,1326
2021-09-26,Alpine,003,1148,99,101,0,101,0
2021-09-26,Amador,005,37829,5115,5001,50,5051,59
2021-09-26,Butte,007,227075,19087,18634,3511,22145,238
2021-09-26,Calaveras,009,45235,3582,3505,41,3546,70
2021-09-26,Colusa,011,21464,2418,2392,550,2942,18
2021-09-26,Contra Costa,013,1133247,95713,94877,1951,96828,924
2021-09-26,Del Norte,015,27424,3538,3466,31,3497,37
2021-09-26,El Dorado,017,186661,15003,14738,1545,16283,132
2021-09-26,Fresno,019,978130,129319,127235,11564,138799,1939
2021-09-26,Glenn,021,27897,3262,3182,930,4112,26
2021-09-26,Humboldt,023,135768,8261,8098,422,8520,91
2021-09-26,Imperial,025,180216,31723,31462,2954,34416,756
2021-09-26,Inyo,027,18085,1747,1685,32,1717,39
2021-09-26,Kern,029,883053,118819,116927,18646,135573,1502
2021-09-26,Kings,031,150075,29560,28930,1662,30592,293
2021-09-26,Lake,033,64148,6229,6113,121,6234,95
2021-09-26,Lassen,035,31185,6423,6319,286,6605,25
2021-09-26,Los Angeles,037,10098052,1403176,1390577,51108,1441685,26035
2021-09-26,Madera,039,155013,21072,20629,1690,22319,262
2021-09-26,Marin,041,260295,17003,16860,400,17260,242
2021-09-26,Mariposa,043,17540,987,929,33,962,5
2021-09-26,Mendocino,045,87422,6932,6744,356,7100,74
2021-09-26,Merced,047,269075,39088,38717,1512,40229,548
2021-09-26,Modoc,049,8938,475,465,165,630,5
2021-09-26,Mono,051,14174,1550,1516,20,1536,3
2021-09-26,Monterey,053,433212,47654,46792,2577,49369,571
2021-09-26,Napa,055,140530,12432,12340,86,12426,95
2021-09-26,Nevada,057,99092,8487,8356,288,8644,84
2021-09-26,Orange,059,3164182,298570,296085,13993,310078,5409
2021-09-26,Placer,061,380077,34591,34043,3238,37281,370
2021-09-26,Plumas,063,18699,1322,1268,25,1293,6
2021-09-26,Riverside,065,2383286,350067,345257,15778,361035,4864
2021-09-26,Sacramento,067,1510023,149768,148745,3869,152614,2071
2021-09-26,San Benito,069,59416,7025,7012,144,7156,67
2021-09-26,San Bernardino,071,2135413,342178,339771,10583,350354,5545
2021-09-26,San Diego,073,3302833,356705,354414,20995,375409,4051
2021-09-26,San Francisco,075,870044,50733,50092,2134,52226,622
2021-09-26,San Joaquin,077,732212,94993,93935,5004,98939,1633
2021-09-26,San Luis Obispo,079,281455,28141,27624,1115,28739,319
2021-09-26,San Mateo,081,765935,52363,51496,781,52277,571
2021-09-26,Santa Barbara,083,443738,42450,41946,1460,43406,505
2021-09-26,Santa Clara,085,1922200,141808,140667,1107,141774,1852
2021-09-26,Santa Cruz,087,273765,19563,19279,963,20242,214
2021-09-26,Shasta,089,179085,19007,18566,3114,21680,266
2021-09-26,Sierra,091,2930,135,128,13,141,0
2021-09-26,Siskiyou,093,43540,3122,2998,1111,4109,42
2021-09-26,Solano,095,438530,44325,43537,1142,44679,314
2021-09-26,Sonoma,097,501317,39573,39302,485,39787,370
2021-09-26,Stanislaus,099,539301,73404,73243,8196,81439,1091
2021-09-26,Sutter,101,95872,13135,13045,263,13308,155
2021-09-26,Tehama,103,63373,7495,7323,1215,8538,88
2021-09-26,Trinity,105,12862,763,591,195,786,9
2021-09-26,Tulare,107,460477,62998,61560,12875,74435,904
2021-09-26,Tuolumne,109,53932,6367,6236,76,6312,89
2021-09-26,Ventura,111,848112,95211,94391,4114,98505,1138
2021-09-26,Yolo,113,214977,18759,18496,852,19348,239
2021-09-26,Yuba,115,75493,9387,9275,211,9486,64
2021-09-25,Alameda,001,1643700,114995,114014,2561,116575,1324
2021-09-25,Alpine,003,1148,99,101,0,101,0
2021-09-25,Amador,005,37829,5101,4934,50,4984,59
2021-09-25,Butte,007,227075,19058,18396,3503,21899,236
2021-09-25,Calaveras,009,45235,3579,3461,41,3502,70
2021-09-25,Colusa,011,21464,2415,2387,548,2935,16
2021-09-25,Contra Costa,013,1133247,95642,94337,1947,96284,924
2021-09-25,Del Norte,015,27424,3537,3404,31,3435,35
2021-09-25,El Dorado,017,186661,14980,14641,1541,16182,130
2021-09-25,Fresno,019,978130,129174,126299,11548,137847,1927
2021-09-25,Glenn,021,27897,3257,3144,929,4073,25
2021-09-25,Humboldt,023,135768,8242,8014,420,8434,88
2021-09-25,Imperial,025,180216,31696,31280,2954,34234,755
2021-09-25,Inyo,027,18085,1739,1657,32,1689,39
2021-09-25,Kern,029,883053,118664,116021,18579,134600,1485
2021-09-25,Kings,031,150075,29509,28636,1659,30295,293
2021-09-25,Lake,033,64148,6223,6046,120,6166,92
2021-09-25,Lassen,035,31185,6411,6248,285,6533,25
2021-09-25,Los Angeles,037,10098052,1402467,1386417,51066,1437483,25964
2021-09-25,Madera,039,155013,21047,20432,1684,22116,262
2021-09-25,Marin,041,260295,16994,16802,398,17200,242
2021-09-25,Mariposa,043,17540,982,906,33,939,5
2021-09-25,Mendocino,045,87422,6913,6657,355,7012,74
2021-09-25,Merced,047,269075,39042,38393,1510,39903,546
2021-09-25,Modoc,049,8938,475,460,165,625,5
2021-09-25,Mono,051,14174,1547,1501,20,1521,3
2021-09-25,Monterey,053,433212,47624,46653,2575,49228,567
2021-09-25,Napa,055,140530,12412,12266,86,12352,95
2021-09-25,Nevada,057,99092,8470,8285,288,8573,84
2021-09-25,Orange,059,3164182,298397,294514,13976,308490,5374
2021-09-25,Placer,061,380077,34527,33764,3236,37000,367
2021-09-25,Plumas,063,18699,1318,1238,25,1263,6
2021-09-25,Riverside,065,2383286,349744,343463,15770,359233,4843
2021-09-25,Sacramento,067,1510023,149593,147728,3861,151589,2049
2021-09-25,San Benito,069,59416,7020,6965,144,7109,67
2021-09-25,San Bernardino,071,2135413,341940,338413,10570,348983,5540
2021-09-25,San Diego,073,3302833,356360,352017,20969,372986,4039
2021-09-25,San Francisco,075,870044,50689,49840,2133,51973,615
2021-09-25,San Joaquin,077,732212,94907,93273,5002,98275,1628
2021-09-25,San Luis Obispo,079,281455,28103,27447,1111,28558,318
2021-09-25,San Mateo,081,765935,52299,51266,779,52045,568
2021-09-25,Santa Barbara,083,443738,42392,41728,1460,43188,505
2021-09-25,Santa Clara,085,1922200,141701,140023,1105,141128,1844
2021-09-25,Santa Cruz,087,273765,19547,19200,961,20161,214
2021-09-25,Shasta,089,179085,18956,18256,3105,21361,262
2021-09-25,Sierra,091,2930,134,127,13,140,0
2021-09-25,Siskiyou,093,43540,3115,2956,1101,4057,41
2021-09-25,Solano,095,438530,44284,43331,1139,44470,312
2021-09-25,Sonoma,097,501317,39533,39112,485,39597,369
2021-09-25,Stanislaus,099,539301,73294,72628,8182,80810,1091
2021-09-25,Sutter,101,95872,13117,12976,260,13236,154
2021-09-25,Tehama,103,63373,7479,7200,1213,8413,86
2021-09-25,Trinity,105,12862,763,576,195,771,9
2021-09-25,Tulare,107,460477,62916,60909,12832,73741,898
2021-09-25,Tuolumne,109,53932,6355,6168,76,6244,89
2021-09-25,Ventura,111,848112,95144,94059,4110,98169,1129
2021-09-25,Yolo,113,214977,18737,18393,851,19244,239
2021-09-25,Yuba,115,75493,9367,9191,211,9402,61
2021-09-24,Alameda,001,1643700,114890,114014,2557,116571,1324
2021-09-24,Alpine,003,1148,99,101,0,101,0
2021-09-24,Amador,005,37829,5071,4934,50,4984,59
2021-09-24,Butte,007,227075,19005,18396,3492,21888,236
2021-09-24,Calaveras,009,45235,3572,3461,40,3501,70
2021-09-24,Colusa,011,21464,2412,2387,547,2934,16
2021-09-24,Contra Costa,013,1133247,95532,94337,1943,96280,924
2021-09-24,Del Norte,015,27424,3534,3404,31,3435,35
2021-09-24,El Dorado,017,186661,14962,14641,1539,16180,130
2021-09-24,Fresno,019,978130,128976,126299,11536,137835,1927
2021-09-24,Glenn,021,27897,3249,3144,929,4073,25
2021-09-24,Humboldt,023,135768,8223,8014,417,8431,88
2021-09-24,Imperial,025,180216,31658,31280,2952,34232,755
2021-09-24,Inyo,027,18085,1730,1657,32,1689,39
2021-09-24,Kern,029,883053,118528,116021,18513,134534,1485
2021-09-24,Kings,031,150075,29468,28636,1655,30291,293
2021-09-24,Lake,033,64148,6215,6046,120,6166,92
2021-09-24,Lassen,035,31185,6403,6248,284,6532,25
2021-09-24,Los Angeles,037,10098052,1401580,1386417,51025,1437442,25964
2021-09-24,Madera,039,155013,21016,20432,1675,22107,262
2021-09-24,Marin,041,260295,16980,16802,397,17199,242
2021-09-24,Mariposa,043,17540,970,906,33,939,5
2021-09-24,Mendocino,045,87422,6900,6657,355,7012,74
2021-09-24,Merced,047,269075,38997,38393,1510,39903,546
2021-09-24,Modoc,049,8938,475,460,164,624,5
2021-09-24,Mono,051,14174,1542,1501,20,1521,3
2021-09-24,Monterey,053,433212,47603,46653,2567,49220,567
2021-09-24,Napa,055,140530,12392,12266,86,12352,95
2021-09-24,Nevada,057,99092,8456,8285,285,8570,84
2021-09-24,Orange,059,3164182,298190,294514,13958,308472,5374
2021-09-24,Placer,061,380077,34472,33764,3224,36988,367
2021-09-24,Plumas,063,18699,1314,1238,25,1263,6
2021-09-24,Riverside,065,2383286,349410,343463,15763,359226,4843
2021-09-24,Sacramento,067,1510023,149407,147728,3857,151585,2049
2021-09-24,San Benito,069,59416,7014,6965,144,7109,67
2021-09-24,San Bernardino,071,2135413,341671,338413,10560,348973,5540
2021-09-24,San Diego,073,3302833,356009,352017,20954,372971,4039
2021-09-24,San Francisco,075,870044,50625,49840,2126,51966,615
2021-09-24,San Joaquin,077,732212,94794,93273,5000,98273,1628
2021-09-24,San Luis Obispo,079,281455,28071,27447,1107,28554,318
2021-09-24,San Mateo,081,765935,52239,51266,778,52044,568
2021-09-24,Santa Barbara,083,443738,42352,41728,1459,43187,505
2021-09-24,Santa Clara,085,1922200,141588,140023,1104,141127,1844
2021-09-24,Santa Cruz,087,273765,19524,19200,960,20160,214
2021-09-24,Shasta,089,179085,18902,18256,3091,21347,262
2021-09-24,Sierra,091,2930,133,127,13,140,0
2021-09-24,Siskiyou,093,43540,3106,2956,1095,4051,41
2021-09-24,Solano,095,438530,44246,43331,1137,44468,312
2021-09-24,Sonoma,097,501317,39500,39112,485,39597,369
2021-09-24,Stanislaus,099,539301,73178,72628,8167,80795,1091
2021-09-24,Sutter,101,95872,13098,12976,259,13235,154
2021-09-24,Tehama,103,63373,7466,7200,1208,8408,86
2021-09-24,Trinity,105,12862,760,576,195,771,9
2021-09-24,Tulare,107,460477,62827,60909,12790,73699,898
2021-09-24,Tuolumne,109,53932,6326,6168,76,6244,89
2021-09-24,Ventura,111,848112,95066,94059,4103,98162,1129
2021-09-24,Yolo,113,214977,18706,18393,847,19240,239
2021-09-24,Yuba,115,75493,9348,9191,211,9402,61
2021-09-23,Alameda,001,1643700,114733,114014,2551,116565,1324
2021-09-23,Alpine,003,1148,99,101,0,101,0
2021-09-23,Amador,005,37829,5058,4934,50,4984,59
2021-09-23,Butte,007,227075,18943,18396,3464,21860,236
2021-09-23,Calaveras,009,45235,3551,3461,40,3501,70
2021-09-23,Colusa,011,21464,2410,2387,544,2931,16
2021-09-23,Contra Costa,013,1133247,95391,94337,1936,96273,924
2021-09-23,Del Norte,015,27424,3525,3404,30,3434,35
2021-09-23,El Dorado,017,186661,14936,14641,1533,16174,130
2021-09-23,Fresno,019,978130,128679,126299,11517,137816,1927
2021-09-23,Glenn,021,27897,3235,3144,926,4070,25
2021-09-23,Humboldt,023,135768,8200,8014,415,8429,88
2021-09-23,Imperial,025,180216,31622,31280,2952,34232,755
2021-09-23,Inyo,027,18085,1716,1657,32,1689,39
2021-09-23,Kern,029,883053,118270,116021,18433,134454,1485
2021-09-23,Kings,031,150075,29364,28636,1646,30282,293
2021-09-23,Lake,033,64148,6205,6046,120,6166,92
2021-09-23,Lassen,035,31185,6394,6248,279,6527,25
2021-09-23,Los Angeles,037,10098052,1400383,1386417,50961,1437378,25964
2021-09-23,Madera,039,155013,20932,20432,1671,22103,262
2021-09-23,Marin,041,260295,16965,16802,394,17196,242
2021-09-23,Mariposa,043,17540,957,906,33,939,5
2021-09-23,Mendocino,045,87422,6877,6657,350,7007,74
2021-09-23,Merced,047,269075,38892,38393,1503,39896,546
2021-09-23,Modoc,049,8938,474,460,164,624,5
2021-09-23,Mono,051,14174,1539,1501,20,1521,3
2021-09-23,Monterey,053,433212,47554,46653,2556,49209,567
2021-09-23,Napa,055,140530,12375,12266,86,12352,95
2021-09-23,Nevada,057,99092,8429,8285,285,8570,84
2021-09-23,Orange,059,3164182,297893,294514,13934,308448,5374
2021-09-23,Placer,061,380077,34396,33764,3218,36982,367
2021-09-23,Plumas,063,18699,1297,1238,24,1262,6
2021-09-23,Riverside,065,2383286,348957,343463,15756,359219,4843
2021-09-23,Sacramento,067,1510023,149084,147728,3838,151566,2049
2021-09-23,San Benito,069,59416,7003,6965,144,7109,67
2021-09-23,San Bernardino,071,2135413,341305,338413,10544,348957,5540
2021-09-23,San Diego,073,3302833,355553,352017,20915,372932,4039
2021-09-23,San Francisco,075,870044,50552,49840,2124,51964,615
2021-09-23,San Joaquin,077,732212,94621,93273,4985,98258,1628
2021-09-23,San Luis Obispo,079,281455,28028,27447,1105,28552,318
2021-09-23,San Mateo,081,765935,52164,51266,777,52043,568
2021-09-23,Santa Barbara,083,443738,42274,41728,1456,43184,505
2021-09-23,Santa Clara,085,1922200,141436,140023,1097,141120,1844
2021-09-23,Santa Cruz,087,273765,19493,19200,960,20160,214
2021-09-23,Shasta,089,179085,18822,18256,3074,21330,262
2021-09-23,Sierra,091,2930,133,127,13,140,0
2021-09-23,Siskiyou,093,43540,3102,2956,1084,4040,41
2021-09-23,Solano,095,438530,44178,43331,1134,44465,312
2021-09-23,Sonoma,097,501317,39441,39112,482,39594,369
2021-09-23,Stanislaus,099,539301,73021,72628,8135,80763,1091
2021-09-23,Sutter,101,95872,13069,12976,259,13235,154
2021-09-23,Tehama,103,63373,7425,7200,1203,8403,86
2021-09-23,Trinity,105,12862,746,576,194,770,9
2021-09-23,Tulare,107,460477,62650,60909,12736,73645,898
2021-09-23,Tuolumne,109,53932,6301,6168,75,6243,89
2021-09-23,Ventura,111,848112,94962,94059,4096,98155,1129
2021-09-23,Yolo,113,214977,18674,18393,843,19236,239
2021-09-23,Yuba,115,75493,9319,9191,210,9401,61
2021-09-22,Alameda,001,1643700,114578,113862,2547,116409,1322
2021-09-22,Alpine,003,1148,99,100,0,100,0
2021-09-22,Amador,005,37829,5042,4915,50,4965,59
2021-09-22,Butte,007,227075,18882,18337,3446,21783,235
2021-09-22,Calaveras,009,45235,3535,3448,40,3488,70
2021-09-22,Colusa,011,21464,2405,2384,543,2927,16
2021-09-22,Contra Costa,013,1133247,95204,94209,1927,96136,924
2021-09-22,Del Norte,015,27424,3514,3386,29,3415,35
2021-09-22,El Dorado,017,186661,14900,14605,1527,16132,127
2021-09-22,Fresno,019,978130,128423,126006,11502,137508,1908
2021-09-22,Glenn,021,27897,3228,3138,925,4063,25
2021-09-22,Humboldt,023,135768,8178,7998,407,8405,80
2021-09-22,Imperial,025,180216,31570,31243,2945,34188,755
2021-09-22,Inyo,027,18085,1706,1651,32,1683,39
2021-09-22,Kern,029,883053,118028,115757,18311,134068,1477
2021-09-22,Kings,031,150075,29279,28589,1640,30229,292
2021-09-22,Lake,033,64148,6193,6035,120,6155,93
2021-09-22,Lassen,035,31185,6374,6209,275,6484,25
2021-09-22,Los Angeles,037,10098052,1399060,1384719,50906,1435625,25930
2021-09-22,Madera,039,155013,20875,20382,1661,22043,262
2021-09-22,Marin,041,260295,16954,16782,391,17173,242
2021-09-22,Mariposa,043,17540,951,901,33,934,5
2021-09-22,Mendocino,045,87422,6851,6624,344,6968,70
2021-09-22,Merced,047,269075,38760,38305,1501,39806,541
2021-09-22,Modoc,049,8938,471,458,164,622,5
2021-09-22,Mono,051,14174,1530,1496,19,1515,3
2021-09-22,Monterey,053,433212,47503,46615,2549,49164,566
2021-09-22,Napa,055,140530,12353,12248,85,12333,95
2021-09-22,Nevada,057,99092,8406,8273,282,8555,84
2021-09-22,Orange,059,3164182,297617,294214,13917,308131,5366
2021-09-22,Placer,061,380077,34308,33661,3205,36866,367
2021-09-22,Plumas,063,18699,1284,1230,24,1254,6
2021-09-22,Riverside,065,2383286,348422,342946,15731,358677,4830
2021-09-22,Sacramento,067,1510023,148779,147533,3809,151342,2043
2021-09-22,San Benito,069,59416,6992,6961,142,7103,67
2021-09-22,San Bernardino,071,2135413,340911,337938,10535,348473,5528
2021-09-22,San Diego,073,3302833,355102,351132,20891,372023,4027
2021-09-22,San Francisco,075,870044,50467,49734,2119,51853,610
2021-09-22,San Joaquin,077,732212,94389,93010,4961,97971,1626
2021-09-22,San Luis Obispo,079,281455,27978,27398,1101,28499,315
2021-09-22,San Mateo,081,765935,52091,51197,773,51970,568
2021-09-22,Santa Barbara,083,443738,42211,41678,1455,43133,504
2021-09-22,Santa Clara,085,1922200,141271,139803,1090,140893,1844
2021-09-22,Santa Cruz,087,273765,19455,19177,959,20136,214
2021-09-22,Shasta,089,179085,18732,18153,3063,21216,260
2021-09-22,Sierra,091,2930,133,127,13,140,0
2021-09-22,Siskiyou,093,43540,3085,2947,1074,4021,41
2021-09-22,Solano,095,438530,44112,43269,1134,44403,312
2021-09-22,Sonoma,097,501317,39388,39063,481,39544,369
2021-09-22,Stanislaus,099,539301,72856,72355,8116,80471,1091
2021-09-22,Sutter,101,95872,13049,12960,256,13216,153
2021-09-22,Tehama,103,63373,7398,7173,1200,8373,86
2021-09-22,Trinity,105,12862,745,572,194,766,9
2021-09-22,Tulare,107,460477,62439,60776,12667,73443,896
2021-09-22,Tuolumne,109,53932,6280,6155,74,6229,89
2021-09-22,Ventura,111,848112,94856,93978,4091,98069,1122
2021-09-22,Yolo,113,214977,18635,18342,836,19178,239
2021-09-22,Yuba,115,75493,9290,9169,205,9374,61
2021-09-21,Alameda,001,1643700,114425,113765,2547,116312,1321
2021-09-21,Alpine,003,1148,99,100,0,100,0
2021-09-21,Amador,005,37829,5020,4897,50,4947,59
2021-09-21,Butte,007,227075,18786,18229,3402,21631,232
2021-09-21,Calaveras,009,45235,3518,3437,40,3477,70
2021-09-21,Colusa,011,21464,2402,2378,542,2920,16
2021-09-21,Contra Costa,013,1133247,95010,94101,1913,96014,924
2021-09-21,Del Norte,015,27424,3502,3378,29,3407,34
2021-09-21,El Dorado,017,186661,14870,14578,1520,16098,127
2021-09-21,Fresno,019,978130,128071,125789,11475,137264,1892
2021-09-21,Glenn,021,27897,3221,3134,921,4055,25
2021-09-21,Humboldt,023,135768,8146,7955,402,8357,80
2021-09-21,Imperial,025,180216,31514,31185,2943,34128,755
2021-09-21,Inyo,027,18085,1696,1646,32,1678,39
2021-09-21,Kern,029,883053,117735,115534,18198,133732,1467
2021-09-21,Kings,031,150075,29191,28545,1632,30177,291
2021-09-21,Lake,033,64148,6170,6013,120,6133,90
2021-09-21,Lassen,035,31185,6356,6159,271,6430,25
2021-09-21,Los Angeles,037,10098052,1397605,1383277,50852,1434129,25893
2021-09-21,Madera,039,155013,20815,20317,1651,21968,262
2021-09-21,Marin,041,260295,16939,16748,390,17138,242
2021-09-21,Mariposa,043,17540,946,894,32,926,5
2021-09-21,Mendocino,045,87422,6813,6580,333,6913,68
2021-09-21,Merced,047,269075,38636,38225,1497,39722,539
2021-09-21,Modoc,049,8938,468,458,164,622,5
2021-09-21,Mono,051,14174,1528,1495,18,1513,3
2021-09-21,Monterey,053,433212,47435,46583,2537,49120,565
2021-09-21,Napa,055,140530,12332,12238,85,12323,95
2021-09-21,Nevada,057,99092,8379,8259,274,8533,84
2021-09-21,Orange,059,3164182,297285,293898,13887,307785,5357
2021-09-21,Placer,061,380077,34207,33609,3194,36803,365
2021-09-21,Plumas,063,18699,1277,1225,24,1249,5
2021-09-21,Riverside,065,2383286,347863,342460,15707,358167,4817
2021-09-21,Sacramento,067,1510023,148398,147378,3781,151159,2027
2021-09-21,San Benito,069,59416,6981,6950,141,7091,67
2021-09-21,San Bernardino,071,2135413,340471,337387,10518,347905,5520
2021-09-21,San Diego,073,3302833,354496,350265,20865,371130,4021
2021-09-21,San Francisco,075,870044,50369,49653,2115,51768,609
2021-09-21,San Joaquin,077,732212,94155,92762,4950,97712,1621
2021-09-21,San Luis Obispo,079,281455,27918,27318,1098,28416,314
2021-09-21,San Mateo,081,765935,52022,51136,773,51909,568
2021-09-21,Santa Barbara,083,443738,42142,41644,1451,43095,503
2021-09-21,Santa Clara,085,1922200,141054,139657,1086,140743,1843
2021-09-21,Santa Cruz,087,273765,19425,19140,958,20098,212
2021-09-21,Shasta,089,179085,18604,18027,3039,21066,258
2021-09-21,Sierra,091,2930,133,127,13,140,0
2021-09-21,Siskiyou,093,43540,3071,2927,1060,3987,36
2021-09-21,Solano,095,438530,44036,43220,1134,44354,311
2021-09-21,Sonoma,097,501317,39335,39042,481,39523,369
2021-09-21,Stanislaus,099,539301,72672,72211,8096,80307,1091
2021-09-21,Sutter,101,95872,13026,12930,253,13183,153
2021-09-21,Tehama,103,63373,7352,7151,1196,8347,85
2021-09-21,Trinity,105,12862,734,572,192,764,9
2021-09-21,Tulare,107,460477,62224,60607,12606,73213,896
2021-09-21,Tuolumne,109,53932,6247,6139,74,6213,89
2021-09-21,Ventura,111,848112,94751,93818,4083,97901,1120
2021-09-21,Yolo,113,214977,18599,18313,833,19146,239
2021-09-21,Yuba,115,75493,9262,9135,205,9340,61
2021-09-20,Alameda,001,1643700,114244,113637,2543,116180,1320
2021-09-20,Alpine,003,1148,99,100,0,100,0
2021-09-20,Amador,005,37829,5002,4883,49,4932,59
2021-09-20,Butte,007,227075,18704,18135,3387,21522,231
2021-09-20,Calaveras,009,45235,3496,3395,39,3434,66
2021-09-20,Colusa,011,21464,2400,2376,539,2915,16
2021-09-20,Contra Costa,013,1133247,94861,93919,1907,95826,924
2021-09-20,Del Norte,015,27424,3494,3374,28,3402,34
2021-09-20,El Dorado,017,186661,14837,14545,1508,16053,127
2021-09-20,Fresno,019,978130,127656,125287,11449,136736,1889
2021-09-20,Glenn,021,27897,3210,3112,918,4030,25
2021-09-20,Humboldt,023,135768,8111,7938,397,8335,80
2021-09-20,Imperial,025,180216,31431,31146,2942,34088,755
2021-09-20,Inyo,027,18085,1688,1641,31,1672,39
2021-09-20,Kern,029,883053,117396,115271,18067,133338,1459
2021-09-20,Kings,031,150075,29104,28471,1626,30097,285
2021-09-20,Lake,033,64148,6155,5984,119,6103,87
2021-09-20,Lassen,035,31185,6326,6132,271,6403,25
2021-09-20,Los Angeles,037,10098052,1396082,1382206,50772,1432978,25858
2021-09-20,Madera,039,155013,20762,20203,1644,21847,257
2021-09-20,Marin,041,260295,16914,16732,388,17120,242
2021-09-20,Mariposa,043,17540,935,887,32,919,5
2021-09-20,Mendocino,045,87422,6779,6568,328,6896,67
2021-09-20,Merced,047,269075,38525,38144,1486,39630,536
2021-09-20,Modoc,049,8938,467,457,162,619,5
2021-09-20,Mono,051,14174,1522,1480,18,1498,3
2021-09-20,Monterey,053,433212,47393,46506,2519,49025,565
2021-09-20,Napa,055,140530,12307,12209,84,12293,95
2021-09-20,Nevada,057,99092,8359,8228,272,8500,84
2021-09-20,Orange,059,3164182,296942,293642,13860,307502,5354
2021-09-20,Placer,061,380077,34117,33531,3179,36710,364
2021-09-20,Plumas,063,18699,1272,1211,24,1235,5
2021-09-20,Riverside,065,2383286,347363,341961,15694,357655,4802
2021-09-20,Sacramento,067,1510023,148025,147016,3747,150763,2016
2021-09-20,San Benito,069,59416,6972,6947,140,7087,67
2021-09-20,San Bernardino,071,2135413,340068,337059,10502,347561,5507
2021-09-20,San Diego,073,3302833,353824,349579,20828,370407,4009
2021-09-20,San Francisco,075,870044,50263,49559,2114,51673,605
2021-09-20,San Joaquin,077,732212,93912,92614,4937,97551,1615
2021-09-20,San Luis Obispo,079,281455,27842,27259,1090,28349,313
2021-09-20,San Mateo,081,765935,51935,51100,770,51870,567
2021-09-20,Santa Barbara,083,443738,42043,41589,1447,43036,500
2021-09-20,Santa Clara,085,1922200,140854,139578,1084,140662,1841
2021-09-20,Santa Cruz,087,273765,19393,19121,958,20079,211
2021-09-20,Shasta,089,179085,18505,17893,3009,20902,258
2021-09-20,Sierra,091,2930,131,126,13,139,0
2021-09-20,Siskiyou,093,43540,3049,2902,1047,3949,35
2021-09-20,Solano,095,438530,43968,43152,1126,44278,312
2021-09-20,Sonoma,097,501317,39289,38991,481,39472,369
2021-09-20,Stanislaus,099,539301,72473,72031,8077,80108,1091
2021-09-20,Sutter,101,95872,12990,12896,248,13144,153
2021-09-20,Tehama,103,63373,7320,7121,1184,8305,84
2021-09-20,Trinity,105,12862,728,568,191,759,7
2021-09-20,Tulare,107,460477,62022,60302,12553,72855,896
2021-09-20,Tuolumne,109,53932,6221,6113,74,6187,89
2021-09-20,Ventura,111,848112,94638,93700,4077,97777,1120
2021-09-20,Yolo,113,214977,18553,18287,831,19118,239
2021-09-20,Yuba,115,75493,9227,9107,203,9310,61
2021-09-19,Alameda,001,1643700,114031,113446,2538,115984,1320
2021-09-19,Alpine,003,1148,99,100,0,100,0
2021-09-19,Amador,005,37829,4962,4875,48,4923,59
2021-09-19,Butte,007,227075,18610,18063,3359,21422,230
2021-09-19,Calaveras,009,45235,3472,3390,36,3426,66
2021-09-19,Colusa,011,21464,2398,2375,537,2912,16
2021-09-19,Contra Costa,013,1133247,94676,93788,1897,95685,924
2021-09-19,Del Norte,015,27424,3468,3344,27,3371,34
2021-09-19,El Dorado,017,186661,14784,14512,1502,16014,127
2021-09-19,Fresno,019,978130,127251,124985,11404,136389,1888
2021-09-19,Glenn,021,27897,3201,3102,915,4017,25
2021-09-19,Humboldt,023,135768,8065,7914,395,8309,80
2021-09-19,Imperial,025,180216,31362,31122,2939,34061,755
2021-09-19,Inyo,027,18085,1679,1639,31,1670,39
2021-09-19,Kern,029,883053,117084,115074,17961,133035,1459
2021-09-19,Kings,031,150075,28977,28416,1617,30033,284
2021-09-19,Lake,033,64148,6124,5962,119,6081,87
2021-09-19,Lassen,035,31185,6306,6129,265,6394,25
2021-09-19,Los Angeles,037,10098052,1394101,1381200,50678,1431878,25852
2021-09-19,Madera,039,155013,20684,20161,1634,21795,257
2021-09-19,Marin,041,260295,16885,16711,386,17097,242
2021-09-19,Mariposa,043,17540,927,881,32,913,5
2021-09-19,Mendocino,045,87422,6734,6538,322,6860,67
2021-09-19,Merced,047,269075,38368,38068,1477,39545,535
2021-09-19,Modoc,049,8938,464,457,160,617,5
2021-09-19,Mono,051,14174,1517,1480,18,1498,3
2021-09-19,Monterey,053,433212,47338,46486,2516,49002,565
2021-09-19,Napa,055,140530,12286,12190,82,12272,95
2021-09-19,Nevada,057,99092,8331,8203,270,8473,84
2021-09-19,Orange,059,3164182,296573,293258,13838,307096,5354
2021-09-19,Placer,061,380077,34004,33406,3161,36567,364
2021-09-19,Plumas,063,18699,1264,1211,24,1235,5
2021-09-19,Riverside,065,2383286,346770,341566,15685,357251,4804
2021-09-19,Sacramento,067,1510023,147662,146603,3702,150305,2012
2021-09-19,San Benito,069,59416,6953,6942,140,7082,67
2021-09-19,San Bernardino,071,2135413,339572,336688,10490,347178,5506
2021-09-19,San Diego,073,3302833,353120,349225,20791,370016,4006
2021-09-19,San Francisco,075,870044,50155,49458,2105,51563,605
2021-09-19,San Joaquin,077,732212,93616,92467,4926,97393,1615
2021-09-19,San Luis Obispo,079,281455,27741,27208,1081,28289,313
2021-09-19,San Mateo,081,765935,51837,51028,769,51797,567
2021-09-19,Santa Barbara,083,443738,41937,41512,1447,42959,500
2021-09-19,Santa Clara,085,1922200,140667,139410,1079,140489,1841
2021-09-19,Santa Cruz,087,273765,19354,19096,958,20054,211
2021-09-19,Shasta,089,179085,18391,17813,2974,20787,258
2021-09-19,Sierra,091,2930,130,126,13,139,0
2021-09-19,Siskiyou,093,43540,3023,2882,1038,3920,35
2021-09-19,Solano,095,438530,43879,43056,1121,44177,312
2021-09-19,Sonoma,097,501317,39218,38956,477,39433,369
2021-09-19,Stanislaus,099,539301,72228,71830,8052,79882,1091
2021-09-19,Sutter,101,95872,12963,12868,241,13109,153
2021-09-19,Tehama,103,63373,7266,7081,1175,8256,84
2021-09-19,Trinity,105,12862,717,562,189,751,7
2021-09-19,Tulare,107,460477,61760,60160,12460,72620,896
2021-09-19,Tuolumne,109,53932,6180,6097,74,6171,89
2021-09-19,Ventura,111,848112,94476,93491,4068,97559,1120
2021-09-19,Yolo,113,214977,18504,18238,826,19064,239
2021-09-19,Yuba,115,75493,9201,9087,202,9289,61
2021-09-18,Alameda,001,1643700,113931,113300,2537,115837,1320
2021-09-18,Alpine,003,1148,99,100,0,100,0
2021-09-18,Amador,005,37829,4952,4850,48,4898,59
2021-09-18,Butte,007,227075,18571,17961,3343,21304,230
2021-09-18,Calaveras,009,45235,3467,3361,35,3396,66
2021-09-18,Colusa,011,21464,2398,2373,536,2909,16
2021-09-18,Contra Costa,013,1133247,94586,93656,1893,95549,924
2021-09-18,Del Norte,015,27424,3460,3326,25,3351,34
2021-09-18,El Dorado,017,186661,14761,14472,1499,15971,127
2021-09-18,Fresno,019,978130,127109,124771,11386,136157,1889
2021-09-18,Glenn,021,27897,3192,3086,912,3998,25
2021-09-18,Humboldt,023,135768,8051,7881,394,8275,80
2021-09-18,Imperial,025,180216,31338,31096,2938,34034,755
2021-09-18,Inyo,027,18085,1673,1636,31,1667,39
2021-09-18,Kern,029,883053,116929,114781,17897,132678,1459
2021-09-18,Kings,031,150075,28929,28330,1612,29942,285
2021-09-18,Lake,033,64148,6107,5936,119,6055,87
2021-09-18,Lassen,035,31185,6296,6121,263,6384,25
2021-09-18,Los Angeles,037,10098052,1393338,1379880,50628,1430508,25849
2021-09-18,Madera,039,155013,20640,20126,1624,21750,257
2021-09-18,Marin,041,260295,16868,16685,385,17070,242
2021-09-18,Mariposa,043,17540,924,871,32,903,5
2021-09-18,Mendocino,045,87422,6713,6523,322,6845,67
2021-09-18,Merced,047,269075,38332,37977,1471,39448,535
2021-09-18,Modoc,049,8938,464,457,159,616,5
2021-09-18,Mono,051,14174,1514,1480,18,1498,3
2021-09-18,Monterey,053,433212,47300,46466,2513,48979,565
2021-09-18,Napa,055,140530,12274,12168,82,12250,95
2021-09-18,Nevada,057,99092,8314,8183,270,8453,84
2021-09-18,Orange,059,3164182,296379,293005,13824,306829,5354
2021-09-18,Placer,061,380077,33932,33309,3158,36467,364
2021-09-18,Plumas,063,18699,1263,1204,24,1228,5
2021-09-18,Riverside,065,2383286,346385,341136,15671,356807,4802
2021-09-18,Sacramento,067,1510023,147479,146162,3693,149855,2016
2021-09-18,San Benito,069,59416,6948,6937,140,7077,67
2021-09-18,San Bernardino,071,2135413,339298,336380,10477,346857,5501
2021-09-18,San Diego,073,3302833,352729,348848,20778,369626,4006
2021-09-18,San Francisco,075,870044,50092,49359,2100,51459,605
2021-09-18,San Joaquin,077,732212,93505,92242,4914,97156,1615
2021-09-18,San Luis Obispo,079,281455,27704,27181,1078,28259,313
2021-09-18,San Mateo,081,765935,51787,50961,767,51728,567
2021-09-18,Santa Barbara,083,443738,41872,41465,1447,42912,500
2021-09-18,Santa Clara,085,1922200,140547,139233,1076,140309,1841
2021-09-18,Santa Cruz,087,273765,19334,19079,958,20037,211
2021-09-18,Shasta,089,179085,18328,17777,2958,20735,258
2021-09-18,Sierra,091,2930,129,125,13,138,0
2021-09-18,Siskiyou,093,43540,3020,2875,1032,3907,35
2021-09-18,Solano,095,438530,43839,42966,1118,44084,312
2021-09-18,Sonoma,097,501317,39183,38891,475,39366,369
2021-09-18,Stanislaus,099,539301,72083,71587,8030,79617,1091
2021-09-18,Sutter,101,95872,12949,12829,241,13070,153
2021-09-18,Tehama,103,63373,7252,7055,1168,8223,84
2021-09-18,Trinity,105,12862,715,561,189,750,7
2021-09-18,Tulare,107,460477,61684,60003,12410,72413,896
2021-09-18,Tuolumne,109,53932,6165,6069,74,6143,89
2021-09-18,Ventura,111,848112,94408,93424,4063,97487,1120
2021-09-18,Yolo,113,214977,18476,18213,822,19035,239
2021-09-18,Yuba,115,75493,9187,9061,201,9262,61
2021-09-17,Alameda,001,1643700,113805,113070,2535,115605,1320
2021-09-17,Alpine,003,1148,99,99,0,99,0
2021-09-17,Amador,005,37829,4936,4835,47,4882,58
2021-09-17,Butte,007,227075,18519,17870,3332,21202,230
2021-09-17,Calaveras,009,45235,3455,3338,34,3372,66
2021-09-17,Colusa,011,21464,2397,2369,531,2900,16
2021-09-17,Contra Costa,013,1133247,94484,93485,1890,95375,924
2021-09-17,Del Norte,015,27424,3455,3311,23,3334,34
2021-09-17,El Dorado,017,186661,14742,14421,1497,15918,127
2021-09-17,Fresno,019,978130,126890,124296,11370,135666,1882
2021-09-17,Glenn,021,27897,3175,3072,908,3980,25
2021-09-17,Humboldt,023,135768,8030,7850,394,8244,80
2021-09-17,Imperial,025,180216,31312,31031,2937,33968,755
2021-09-17,Inyo,027,18085,1665,1634,31,1665,39
2021-09-17,Kern,029,883053,116738,114303,17800,132103,1456
2021-09-17,Kings,031,150075,28864,28240,1610,29850,281
2021-09-17,Lake,033,64148,6094,5915,119,6034,87
2021-09-17,Lassen,035,31185,6281,6080,261,6341,25
2021-09-17,Los Angeles,037,10098052,1392359,1377905,50562,1428467,25820
2021-09-17,Madera,039,155013,20589,20040,1612,21652,257
2021-09-17,Marin,041,260295,16855,16658,383,17041,242
2021-09-17,Mariposa,043,17540,922,869,32,901,5
2021-09-17,Mendocino,045,87422,6694,6498,322,6820,67
2021-09-17,Merced,047,269075,38286,37803,1469,39272,533
2021-09-17,Modoc,049,8938,464,456,159,615,5
2021-09-17,Mono,051,14174,1510,1457,18,1475,3
2021-09-17,Monterey,053,433212,47277,46421,2512,48933,564
2021-09-17,Napa,055,140530,12253,12153,82,12235,95
2021-09-17,Nevada,057,99092,8299,8157,270,8427,84
2021-09-17,Orange,059,3164182,296160,292685,13806,306491,5346
2021-09-17,Placer,061,380077,33872,33188,3148,36336,362
2021-09-17,Plumas,063,18699,1254,1192,23,1215,5
2021-09-17,Riverside,065,2383286,345985,340445,15660,356105,4792
2021-09-17,Sacramento,067,1510023,147279,145985,3682,149667,1999
2021-09-17,San Benito,069,59416,6945,6929,140,7069,67
2021-09-17,San Bernardino,071,2135413,338938,335810,10470,346280,5488
2021-09-17,San Diego,073,3302833,352305,348098,20761,368859,4002
2021-09-17,San Francisco,075,870044,50041,49249,2095,51344,605
2021-09-17,San Joaquin,077,732212,93367,91977,4903,96880,1610
2021-09-17,San Luis Obispo,079,281455,27670,27102,1067,28169,311
2021-09-17,San Mateo,081,765935,51734,50854,766,51620,564
2021-09-17,Santa Barbara,083,443738,41809,41354,1446,42800,498
2021-09-17,Santa Clara,085,1922200,140398,138939,1075,140014,1838
2021-09-17,Santa Cruz,087,273765,19310,19039,958,19997,211
2021-09-17,Shasta,089,179085,18258,17617,2945,20562,254
2021-09-17,Sierra,091,2930,129,124,13,137,0
2021-09-17,Siskiyou,093,43540,3005,2852,1032,3884,35
2021-09-17,Solano,095,438530,43776,42898,1114,44012,312
2021-09-17,Sonoma,097,501317,39146,38808,474,39282,369
2021-09-17,Stanislaus,099,539301,71976,71408,8012,79420,1091
2021-09-17,Sutter,101,95872,12933,12799,238,13037,153
2021-09-17,Tehama,103,63373,7229,7020,1156,8176,84
2021-09-17,Trinity,105,12862,710,556,188,744,7
2021-09-17,Tulare,107,460477,61569,59689,12375,72064,895
2021-09-17,Tuolumne,109,53932,6146,6047,74,6121,89
2021-09-17,Ventura,111,848112,94296,93273,4061,97334,1116
2021-09-17,Yolo,113,214977,18445,18177,818,18995,239
2021-09-17,Yuba,115,75493,9160,9019,200,9219,61
2021-09-16,Alameda,001,1643700,113630,112770,2532,115302,1318
2021-09-16,Alpine,003,1148,99,99,0,99,0
2021-09-16,Amador,005,37829,4916,4819,47,4866,58
2021-09-16,Butte,007,227075,18444,17750,3316,21066,230
2021-09-16,Calaveras,009,45235,3424,3313,34,3347,66
2021-09-16,Colusa,011,21464,2395,2363,529,2892,16
2021-09-16,Contra Costa,013,1133247,94313,93213,1882,95095,917
2021-09-16,Del Norte,015,27424,3437,3285,23,3308,34
2021-09-16,El Dorado,017,186661,14701,14372,1489,15861,127
2021-09-16,Fresno,019,978130,126535,123853,11328,135181,1868
2021-09-16,Glenn,021,27897,3165,3068,906,3974,24
2021-09-16,Humboldt,023,135768,7997,7809,386,8195,80
2021-09-16,Imperial,025,180216,31269,30966,2929,33895,753
2021-09-16,Inyo,027,18085,1663,1623,31,1654,39
2021-09-16,Kern,029,883053,116466,113828,17733,131561,1448
2021-09-16,Kings,031,150075,28778,28114,1602,29716,280
2021-09-16,Lake,033,64148,6070,5890,116,6006,87
2021-09-16,Lassen,035,31185,6246,6028,256,6284,25
2021-09-16,Los Angeles,037,10098052,1390967,1376277,50497,1426774,25796
2021-09-16,Madera,039,155013,20512,19974,1607,21581,257
2021-09-16,Marin,041,260295,16828,16625,382,17007,242
2021-09-16,Mariposa,043,17540,916,849,32,881,6
2021-09-16,Mendocino,045,87422,6656,6445,311,6756,67
2021-09-16,Merced,047,269075,38179,37675,1467,39142,532
2021-09-16,Modoc,049,8938,462,455,159,614,5
2021-09-16,Mono,051,14174,1504,1449,18,1467,3
2021-09-16,Monterey,053,433212,47223,46342,2506,48848,562
2021-09-16,Napa,055,140530,12228,12115,78,12193,95
2021-09-16,Nevada,057,99092,8272,8121,269,8390,84
2021-09-16,Orange,059,3164182,295814,292183,13786,305969,5340
2021-09-16,Placer,061,380077,33776,33037,3128,36165,354
2021-09-16,Plumas,063,18699,1245,1178,23,1201,5
2021-09-16,Riverside,065,2383286,345455,339770,15646,355416,4786
2021-09-16,Sacramento,067,1510023,146923,145754,3650,149404,1996
2021-09-16,San Benito,069,59416,6933,6913,139,7052,67
2021-09-16,San Bernardino,071,2135413,338515,335129,10463,345592,5474
2021-09-16,San Diego,073,3302833,351691,347472,20722,368194,3994
2021-09-16,San Francisco,075,870044,49955,49133,2087,51220,605
2021-09-16,San Joaquin,077,732212,93129,91650,4860,96510,1608
2021-09-16,San Luis Obispo,079,281455,27597,27044,1063,28107,310
2021-09-16,San Mateo,081,765935,51657,50773,764,51537,564
2021-09-16,Santa Barbara,083,443738,41743,41272,1443,42715,497
2021-09-16,Santa Clara,085,1922200,140244,138685,1071,139756,1835
2021-09-16,Santa Cruz,087,273765,19283,19011,958,19969,211
2021-09-16,Shasta,089,179085,18133,17438,2912,20350,251
2021-09-16,Sierra,091,2930,129,123,13,136,0
2021-09-16,Siskiyou,093,43540,2985,2819,1025,3844,35
2021-09-16,Solano,095,438530,43704,42792,1105,43897,312
2021-09-16,Sonoma,097,501317,39083,38707,473,39180,369
2021-09-16,Stanislaus,099,539301,71743,71105,7996,79101,1091
2021-09-16,Sutter,101,95872,12889,12729,233,12962,152
2021-09-16,Tehama,103,63373,7189,6953,1145,8098,83
2021-09-16,Trinity,105,12862,707,547,187,734,7
2021-09-16,Tulare,107,460477,61347,59459,12303,71762,894
2021-09-16,Tuolumne,109,53932,6124,5999,73,6072,89
2021-09-16,Ventura,111,848112,94156,93087,4057,97144,1110
2021-09-16,Yolo,113,214977,18413,18135,816,18951,239
2021-09-16,Yuba,115,75493,9126,8981,197,9178,61
2021-09-15,Alameda,001,1643700,113465,112498,2525,115023,1317
2021-09-15,Alpine,003,1148,99,99,0,99,0
2021-09-15,Amador,005,37829,4908,4792,47,4839,58
2021-09-15,Butte,007,227075,18346,17664,3296,20960,228
2021-09-15,Calaveras,009,45235,3395,3293,32,3325,66
2021-09-15,Colusa,011,21464,2393,2352,526,2878,16
2021-09-15,Contra Costa,013,1133247,94131,92989,1871,94860,913
2021-09-15,Del Norte,015,27424,3424,3271,21,3292,34
2021-09-15,El Dorado,017,186661,14675,14309,1480,15789,127
2021-09-15,Fresno,019,978130,126156,123370,11272,134642,1867
2021-09-15,Glenn,021,27897,3153,3051,901,3952,20
2021-09-15,Humboldt,023,135768,7961,7754,381,8135,52
2021-09-15,Imperial,025,180216,31214,30891,2924,33815,753
2021-09-15,Inyo,027,18085,1659,1614,31,1645,39
2021-09-15,Kern,029,883053,116120,113546,17635,131181,1434
2021-09-15,Kings,031,150075,28699,27991,1594,29585,279
2021-09-15,Lake,033,64148,6037,5852,115,5967,85
2021-09-15,Lassen,035,31185,6186,6018,251,6269,25
2021-09-15,Los Angeles,037,10098052,1389464,1374307,50428,1424735,25767
2021-09-15,Madera,039,155013,20437,19880,1600,21480,257
2021-09-15,Marin,041,260295,16793,16592,377,16969,242
2021-09-15,Mariposa,043,17540,904,843,32,875,5
2021-09-15,Mendocino,045,87422,6626,6399,306,6705,66
2021-09-15,Merced,047,269075,38071,37508,1465,38973,529
2021-09-15,Modoc,049,8938,462,454,159,613,5
2021-09-15,Mono,051,14174,1498,1445,18,1463,3
2021-09-15,Monterey,053,433212,47153,46317,2495,48812,562
2021-09-15,Napa,055,140530,12207,12082,78,12160,95
2021-09-15,Nevada,057,99092,8250,8081,266,8347,84
2021-09-15,Orange,059,3164182,295490,291834,13767,305601,5328
2021-09-15,Placer,061,380077,33664,32860,3107,35967,352
2021-09-15,Plumas,063,18699,1240,1164,22,1186,5
2021-09-15,Riverside,065,2383286,344872,339077,15622,354699,4769
2021-09-15,Sacramento,067,1510023,146498,145202,3618,148820,1981
2021-09-15,San Benito,069,59416,6930,6902,139,7041,67
2021-09-15,San Bernardino,071,2135413,338053,334556,10449,345005,5470
2021-09-15,San Diego,073,3302833,351072,346933,20694,367627,3983
2021-09-15,San Francisco,075,870044,49844,48999,2082,51081,605
2021-09-15,San Joaquin,077,732212,92853,91322,4820,96142,1607
2021-09-15,San Luis Obispo,079,281455,27514,26943,1057,28000,306
2021-09-15,San Mateo,081,765935,51575,50691,761,51452,564
2021-09-15,Santa Barbara,083,443738,41640,41077,1438,42515,497
2021-09-15,Santa Clara,085,1922200,140070,138410,1066,139476,1833
2021-09-15,Santa Cruz,087,273765,19245,18984,956,19940,210
2021-09-15,Shasta,089,179085,18022,17317,2891,20208,250
2021-09-15,Sierra,091,2930,129,123,13,136,0
2021-09-15,Siskiyou,093,43540,2965,2804,995,3799,35
2021-09-15,Solano,095,438530,43632,42682,1100,43782,312
2021-09-15,Sonoma,097,501317,39026,38629,473,39102,369
2021-09-15,Stanislaus,099,539301,71519,70852,7974,78826,1091
2021-09-15,Sutter,101,95872,12856,12699,228,12927,151
2021-09-15,Tehama,103,63373,7148,6894,1136,8030,79
2021-09-15,Trinity,105,12862,705,541,185,726,7
2021-09-15,Tulare,107,460477,61088,59149,12242,71391,890
2021-09-15,Tuolumne,109,53932,6098,5969,73,6042,89
2021-09-15,Ventura,111,848112,94013,92960,4050,97010,1109
2021-09-15,Yolo,113,214977,18379,18064,810,18874,239
2021-09-15,Yuba,115,75493,9092,8953,197,9150,61
2021-09-14,Alameda,001,1643700,113258,112329,2522,114851,1316
2021-09-14,Alpine,003,1148,99,98,0,98,0
2021-09-14,Amador,005,37829,4888,4790,47,4837,57
2021-09-14,Butte,007,227075,18212,17516,3272,20788,226
2021-09-14,Calaveras,009,45235,3375,3280,29,3309,66
2021-09-14,Colusa,011,21464,2389,2344,523,2867,16
2021-09-14,Contra Costa,013,1133247,93933,92822,1863,94685,908
2021-09-14,Del Norte,015,27424,3408,3252,21,3273,32
2021-09-14,El Dorado,017,186661,14622,14247,1472,15719,123
2021-09-14,Fresno,019,978130,125681,123151,11220,134371,1856
2021-09-14,Glenn,021,27897,3136,3045,897,3942,20
2021-09-14,Humboldt,023,135768,7927,7717,376,8093,52
2021-09-14,Imperial,025,180216,31165,30845,2921,33766,752
2021-09-14,Inyo,027,18085,1650,1605,30,1635,39
2021-09-14,Kern,029,883053,115737,113250,17512,130762,1428
2021-09-14,Kings,031,150075,28623,27955,1586,29541,278
2021-09-14,Lake,033,64148,6005,5845,115,5960,83
2021-09-14,Lassen,035,31185,6172,5977,246,6223,25
2021-09-14,Los Angeles,037,10098052,1387629,1372831,50347,1423178,25729
2021-09-14,Madera,039,155013,20355,19800,1589,21389,254
2021-09-14,Marin,041,260295,16765,16584,375,16959,242
2021-09-14,Mariposa,043,17540,893,834,31,865,5
2021-09-14,Mendocino,045,87422,6590,6372,295,6667,65
2021-09-14,Merced,047,269075,37920,37430,1461,38891,526
2021-09-14,Modoc,049,8938,461,453,159,612,5
2021-09-14,Mono,051,14174,1494,1440,18,1458,4
2021-09-14,Monterey,053,433212,47112,46224,2484,48708,558
2021-09-14,Napa,055,140530,12174,12070,77,12147,91
2021-09-14,Nevada,057,99092,8216,8056,266,8322,83
2021-09-14,Orange,059,3164182,295097,291423,13743,305166,5319
2021-09-14,Placer,061,380077,33532,32735,3087,35822,350
2021-09-14,Plumas,063,18699,1225,1148,22,1170,5
2021-09-14,Riverside,065,2383286,344231,338534,15591,354125,4748
2021-09-14,Sacramento,067,1510023,146113,145051,3569,148620,1977
2021-09-14,San Benito,069,59416,6920,6887,139,7026,64
2021-09-14,San Bernardino,071,2135413,337556,333968,10424,344392,5465
2021-09-14,San Diego,073,3302833,350412,346204,20643,366847,3966
2021-09-14,San Francisco,075,870044,49710,48998,2080,51078,603
2021-09-14,San Joaquin,077,732212,92614,91128,4811,95939,1596
2021-09-14,San Luis Obispo,079,281455,27441,26845,1052,27897,304
2021-09-14,San Mateo,081,765935,51478,50602,758,51360,564
2021-09-14,Santa Barbara,083,443738,41544,40783,1429,42212,495
2021-09-14,Santa Clara,085,1922200,139835,138321,1063,139384,1828
2021-09-14,Santa Cruz,087,273765,19205,18965,954,19919,210
2021-09-14,Shasta,089,179085,17891,17152,2870,20022,246
2021-09-14,Sierra,091,2930,129,123,13,136,0
2021-09-14,Siskiyou,093,43540,2941,2756,978,3734,35
2021-09-14,Solano,095,438530,43549,42599,1097,43696,307
2021-09-14,Sonoma,097,501317,38957,38595,469,39064,369
2021-09-14,Stanislaus,099,539301,71259,70697,7946,78643,1091
2021-09-14,Sutter,101,95872,12814,12670,221,12891,149
2021-09-14,Tehama,103,63373,7094,6859,1128,7987,80
2021-09-14,Trinity,105,12862,699,538,184,722,7
2021-09-14,Tulare,107,460477,60835,58961,12171,71132,888
2021-09-14,Tuolumne,109,53932,6077,5951,71,6022,89
2021-09-14,Ventura,111,848112,93828,92841,4033,96874,1107
2021-09-14,Yolo,113,214977,18335,18039,805,18844,239
2021-09-14,Yuba,115,75493,9056,8928,197,9125,61
2021-09-13,Alameda,001,1643700,113044,112159,2517,114676,1309
2021-09-13,Alpine,003,1148,98,98,0,98,0
2021-09-13,Amador,005,37829,4870,4761,47,4808,56
2021-09-13,Butte,007,227075,18088,17393,3244,20637,225
2021-09-13,Calaveras,009,45235,3349,3253,27,3280,65
2021-09-13,Colusa,011,21464,2380,2346,519,2865,16
2021-09-13,Contra Costa,013,1133247,93688,92658,1858,94516,908
2021-09-13,Del Norte,015,27424,3372,3232,21,3253,28
2021-09-13,El Dorado,017,186661,14561,14194,1464,15658,119
2021-09-13,Fresno,019,978130,125214,122650,11154,133804,1853
2021-09-13,Glenn,021,27897,3122,3026,891,3917,20
2021-09-13,Humboldt,023,135768,7894,7659,373,8032,52
2021-09-13,Imperial,025,180216,31112,30802,2918,33720,751
2021-09-13,Inyo,027,18085,1643,1602,30,1632,39
2021-09-13,Kern,029,883053,115353,112930,17390,130320,1424
2021-09-13,Kings,031,150075,28513,27858,1574,29432,275
2021-09-13,Lake,033,64148,5983,5809,115,5924,82
2021-09-13,Lassen,035,31185,6137,5953,245,6198,25
2021-09-13,Los Angeles,037,10098052,1385764,1371423,50281,1421704,25703
2021-09-13,Madera,039,155013,20286,19735,1574,21309,252
2021-09-13,Marin,041,260295,16729,16557,374,16931,242
2021-09-13,Mariposa,043,17540,879,825,31,856,5
2021-09-13,Mendocino,045,87422,6555,6323,286,6609,61
2021-09-13,Merced,047,269075,37770,37291,1456,38747,521
2021-09-13,Modoc,049,8938,460,451,159,610,5
2021-09-13,Mono,051,14174,1488,1435,18,1453,3
2021-09-13,Monterey,053,433212,47022,46188,2471,48659,558
2021-09-13,Napa,055,140530,12156,12039,77,12116,91
2021-09-13,Nevada,057,99092,8190,8021,264,8285,83
2021-09-13,Orange,059,3164182,294664,291128,13721,304849,5312
2021-09-13,Placer,061,380077,33367,32617,3070,35687,343
2021-09-13,Plumas,063,18699,1216,1142,22,1164,5
2021-09-13,Riverside,065,2383286,343585,337876,15573,353449,4731
2021-09-13,Sacramento,067,1510023,145625,144537,3536,148073,1956
2021-09-13,San Benito,069,59416,6904,6867,138,7005,64
2021-09-13,San Bernardino,071,2135413,337065,333613,10399,344012,5441
2021-09-13,San Diego,073,3302833,349625,345647,20591,366238,3961
2021-09-13,San Francisco,075,870044,49580,48914,2074,50988,603
2021-09-13,San Joaquin,077,732212,92329,90966,4793,95759,1581
2021-09-13,San Luis Obispo,079,281455,27344,26805,1049,27854,300
2021-09-13,San Mateo,081,765935,51386,50525,753,51278,564
2021-09-13,Santa Barbara,083,443738,41425,40661,1422,42083,494
2021-09-13,Santa Clara,085,1922200,139590,138152,1058,139210,1820
2021-09-13,Santa Cruz,087,273765,19165,18917,953,19870,210
2021-09-13,Shasta,089,179085,17761,17033,2830,19863,243
2021-09-13,Sierra,091,2930,129,123,13,136,0
2021-09-13,Siskiyou,093,43540,2926,2745,966,3711,35
2021-09-13,Solano,095,438530,43445,42501,1094,43595,306
2021-09-13,Sonoma,097,501317,38890,38513,466,38979,368
2021-09-13,Stanislaus,099,539301,71004,70477,7910,78387,1091
2021-09-13,Sutter,101,95872,12756,12624,217,12841,145
2021-09-13,Tehama,103,63373,7031,6803,1116,7919,79
2021-09-13,Trinity,105,12862,697,533,182,715,7
2021-09-13,Tulare,107,460477,60551,58768,12111,70879,887
2021-09-13,Tuolumne,109,53932,6047,5909,71,5980,89
2021-09-13,Ventura,111,848112,93667,92679,4026,96705,1107
2021-09-13,Yolo,113,214977,18291,17974,799,18773,239
2021-09-13,Yuba,115,75493,9011,8884,196,9080,61
2021-09-12,Alameda,001,1643700,112783,111961,2514,114475,1309
2021-09-12,Alpine,003,1148,98,98,0,98,0
2021-09-12,Amador,005,37829,4849,4752,47,4799,56
2021-09-12,Butte,007,227075,17943,17257,3197,20454,221
2021-09-12,Calaveras,009,45235,3318,3236,23,3259,65
2021-09-12,Colusa,011,21464,2377,2344,518,2862,16
2021-09-12,Contra Costa,013,1133247,93420,92498,1846,94344,908
2021-09-12,Del Norte,015,27424,3337,3200,21,3221,28
2021-09-12,El Dorado,017,186661,14488,14167,1448,15615,119
2021-09-12,Fresno,019,978130,124696,122407,11097,133504,1853
2021-09-12,Glenn,021,27897,3105,3016,885,3901,20
2021-09-12,Humboldt,023,135768,7824,7636,362,7998,52
2021-09-12,Imperial,025,180216,31049,30790,2913,33703,751
2021-09-12,Inyo,027,18085,1633,1596,30,1626,39
2021-09-12,Kern,029,883053,114941,112602,17231,129833,1424
2021-09-12,Kings,031,150075,28402,27764,1557,29321,274
2021-09-12,Lake,033,64148,5943,5781,113,5894,82
2021-09-12,Lassen,035,31185,6100,5943,236,6179,25
2021-09-12,Los Angeles,037,10098052,1383705,1365968,50208,1416176,25630
2021-09-12,Madera,039,155013,20199,19691,1562,21253,252
2021-09-12,Marin,041,260295,16706,16526,374,16900,242
2021-09-12,Mariposa,043,17540,868,811,29,840,5
2021-09-12,Mendocino,045,87422,6515,6283,277,6560,61
2021-09-12,Merced,047,269075,37598,37172,1445,38617,521
2021-09-12,Modoc,049,8938,460,451,158,609,5
2021-09-12,Mono,051,14174,1481,1431,18,1449,3
2021-09-12,Monterey,053,433212,46923,46167,2461,48628,558
2021-09-12,Napa,055,140530,12126,12011,77,12088,91
2021-09-12,Nevada,057,99092,8150,7987,263,8250,83
2021-09-12,Orange,059,3164182,294201,290718,13700,304418,5312
2021-09-12,Placer,061,380077,33218,32520,3048,35568,343
2021-09-12,Plumas,063,18699,1197,1138,22,1160,5
2021-09-12,Riverside,065,2383286,342901,337332,15539,352871,4731
2021-09-12,Sacramento,067,1510023,145118,144030,3497,147527,1959
2021-09-12,San Benito,069,59416,6885,6852,137,6989,64
2021-09-12,San Bernardino,071,2135413,336455,333049,10386,343435,5439
2021-09-12,San Diego,073,3302833,348815,345058,20515,365573,3942
2021-09-12,San Francisco,075,870044,49468,48819,2067,50886,603
2021-09-12,San Joaquin,077,732212,92000,90730,4785,95515,1581
2021-09-12,San Luis Obispo,079,281455,27225,26729,1036,27765,299
2021-09-12,San Mateo,081,765935,51275,50432,749,51181,564
2021-09-12,Santa Barbara,083,443738,41313,40600,1415,42015,494
2021-09-12,Santa Clara,085,1922200,139333,137899,1055,138954,1820
2021-09-12,Santa Cruz,087,273765,19132,18892,952,19844,210
2021-09-12,Shasta,089,179085,17596,16957,2772,19729,243
2021-09-12,Sierra,091,2930,129,123,13,136,0
2021-09-12,Siskiyou,093,43540,2898,2730,951,3681,35
2021-09-12,Solano,095,438530,43339,42409,1091,43500,306
2021-09-12,Sonoma,097,501317,38810,38456,464,38920,368
2021-09-12,Stanislaus,099,539301,70705,70184,7871,78055,1091
2021-09-12,Sutter,101,95872,12714,12589,211,12800,145
2021-09-12,Tehama,103,63373,6967,6732,1104,7836,79
2021-09-12,Trinity,105,12862,693,529,180,709,7
2021-09-12,Tulare,107,460477,60198,58582,12051,70633,887
2021-09-12,Tuolumne,109,53932,6014,5888,71,5959,89
2021-09-12,Ventura,111,848112,93540,92496,4020,96516,1107
2021-09-12,Yolo,113,214977,18225,17943,791,18734,239
2021-09-12,Yuba,115,75493,8976,8842,196,9038,61
2021-09-11,Alameda,001,1643700,112659,111715,2512,114227,1309
2021-09-11,Alpine,003,1148,98,98,0,98,0
2021-09-11,Amador,005,37829,4836,4728,46,4774,56
2021-09-11,Butte,007,227075,17860,17218,3170,20388,221
2021-09-11,Calaveras,009,45235,3310,3208,22,3230,65
2021-09-11,Colusa,011,21464,2376,2338,515,2853,16
2021-09-11,Contra Costa,013,1133247,93301,92269,1842,94111,908
2021-09-11,Del Norte,015,27424,3321,3184,21,3205,28
2021-09-11,El Dorado,017,186661,14469,14117,1441,15558,119
2021-09-11,Fresno,019,978130,124517,122224,11072,133296,1853
2021-09-11,Glenn,021,27897,3095,3007,882,3889,20
2021-09-11,Humboldt,023,135768,7802,7615,359,7974,52
2021-09-11,Imperial,025,180216,31024,30760,2910,33670,751
2021-09-11,Inyo,027,18085,1630,1590,30,1620,39
2021-09-11,Kern,029,883053,114691,112205,17117,129322,1424
2021-09-11,Kings,031,150075,28353,27631,1551,29182,275
2021-09-11,Lake,033,64148,5922,5761,113,5874,82
2021-09-11,Lassen,035,31185,6085,5930,232,6162,25
2021-09-11,Los Angeles,037,10098052,1382732,1365831,50143,1415974,25630
2021-09-11,Madera,039,155013,20147,19648,1557,21205,252
2021-09-11,Marin,041,260295,16678,16496,373,16869,242
2021-09-11,Mariposa,043,17540,863,799,29,828,5
2021-09-11,Mendocino,045,87422,6491,6257,277,6534,61
2021-09-11,Merced,047,269075,37544,37042,1442,38484,521
2021-09-11,Modoc,049,8938,460,449,158,607,5
2021-09-11,Mono,051,14174,1475,1431,18,1449,3
2021-09-11,Monterey,053,433212,46886,46140,2458,48598,558
2021-09-11,Napa,055,140530,12103,11991,77,12068,91
2021-09-11,Nevada,057,99092,8135,7967,263,8230,83
2021-09-11,Orange,059,3164182,293899,290429,13684,304113,5306
2021-09-11,Placer,061,380077,33135,32414,3037,35451,344
2021-09-11,Plumas,063,18699,1190,1112,22,1134,5
2021-09-11,Riverside,065,2383286,342463,336585,15526,352111,4731
2021-09-11,Sacramento,067,1510023,144818,143557,3485,147042,1955
2021-09-11,San Benito,069,59416,6872,6844,137,6981,64
2021-09-11,San Bernardino,071,2135413,336112,332512,10372,342884,5430
2021-09-11,San Diego,073,3302833,348331,344355,20491,364846,3942
2021-09-11,San Francisco,075,870044,49413,48660,2063,50723,603
2021-09-11,San Joaquin,077,732212,91857,90482,4778,95260,1581
2021-09-11,San Luis Obispo,079,281455,27179,26651,1035,27686,299
2021-09-11,San Mateo,081,765935,51203,50341,748,51089,564
2021-09-11,Santa Barbara,083,443738,41240,40451,1415,41866,494
2021-09-11,Santa Clara,085,1922200,139180,137659,1052,138711,1820
2021-09-11,Santa Cruz,087,273765,19103,18865,952,19817,210
2021-09-11,Shasta,089,179085,17502,16877,2752,19629,243
2021-09-11,Sierra,091,2930,129,123,13,136,0
2021-09-11,Siskiyou,093,43540,2881,2717,948,3665,35
2021-09-11,Solano,095,438530,43288,42344,1088,43432,306
2021-09-11,Sonoma,097,501317,38763,38399,462,38861,368
2021-09-11,Stanislaus,099,539301,70580,69974,7858,77832,1091
2021-09-11,Sutter,101,95872,12688,12538,208,12746,145
2021-09-11,Tehama,103,63373,6946,6703,1096,7799,79
2021-09-11,Trinity,105,12862,686,526,180,706,7
2021-09-11,Tulare,107,460477,60086,58321,12005,70326,889
2021-09-11,Tuolumne,109,53932,5995,5879,68,5947,89
2021-09-11,Ventura,111,848112,93458,92328,4015,96343,1107
2021-09-11,Yolo,113,214977,18200,17906,788,18694,239
2021-09-11,Yuba,115,75493,8951,8813,196,9009,61
2021-09-10,Alameda,001,1643700,112468,111386,2511,113897,1306
2021-09-10,Alpine,003,1148,97,97,0,97,0
2021-09-10,Amador,005,37829,4824,4706,46,4752,56
2021-09-10,Butte,007,227075,17785,17051,3152,20203,222
2021-09-10,Calaveras,009,45235,3302,3183,22,3205,65
2021-09-10,Colusa,011,21464,2372,2327,512,2839,16
2021-09-10,Contra Costa,013,1133247,93178,92024,1840,93864,908
2021-09-10,Del Norte,015,27424,3306,3128,20,3148,28
2021-09-10,El Dorado,017,186661,14439,14051,1437,15488,119
2021-09-10,Fresno,019,978130,124193,121659,11043,132702,1846
2021-09-10,Glenn,021,27897,3088,2977,881,3858,20
2021-09-10,Humboldt,023,135768,7770,7543,355,7898,52
2021-09-10,Imperial,025,180216,31001,30716,2908,33624,751
2021-09-10,Inyo,027,18085,1626,1590,30,1620,39
2021-09-10,Kern,029,883053,114437,111832,17001,128833,1419
2021-09-10,Kings,031,150075,28279,27473,1544,29017,274
2021-09-10,Lake,033,64148,5906,5713,111,5824,79
2021-09-10,Lassen,035,31185,6077,5914,229,6143,25
2021-09-10,Los Angeles,037,10098052,1381528,1365709,50078,1415787,25630
2021-09-10,Madera,039,155013,20101,19520,1550,21070,252
2021-09-10,Marin,041,260295,16658,16458,370,16828,242
2021-09-10,Mariposa,043,17540,858,795,29,824,5
2021-09-10,Mendocino,045,87422,6459,6184,276,6460,61
2021-09-10,Merced,047,269075,37492,36884,1441,38325,521
2021-09-10,Modoc,049,8938,460,448,158,606,5
2021-09-10,Mono,051,14174,1470,1422,18,1440,3
2021-09-10,Monterey,053,433212,46842,46084,2456,48540,557
2021-09-10,Napa,055,140530,12078,11948,77,12025,90
2021-09-10,Nevada,057,99092,8117,7932,262,8194,83
2021-09-10,Orange,059,3164182,293592,290022,13674,303696,5302
2021-09-10,Placer,061,380077,33033,32264,3024,35288,343
2021-09-10,Plumas,063,18699,1182,1111,22,1133,5
2021-09-10,Riverside,065,2383286,341990,335988,15519,351507,4720
2021-09-10,Sacramento,067,1510023,144475,143244,3477,146721,1950
2021-09-10,San Benito,069,59416,6868,6824,137,6961,64
2021-09-10,San Bernardino,071,2135413,335693,331894,10363,342257,5422
2021-09-10,San Diego,073,3302833,347784,343173,20454,363627,3941
2021-09-10,San Francisco,075,870044,49334,48518,2056,50574,602
2021-09-10,San Joaquin,077,732212,91677,90208,4772,94980,1573
2021-09-10,San Luis Obispo,079,281455,27146,26526,1033,27559,299
2021-09-10,San Mateo,081,765935,51136,50251,747,50998,564
2021-09-10,Santa Barbara,083,443738,41187,40321,1412,41733,492
2021-09-10,Santa Clara,085,1922200,138997,137337,1051,138388,1817
2021-09-10,Santa Cruz,087,273765,19084,18785,951,19736,210
2021-09-10,Shasta,089,179085,17408,16667,2724,19391,242
2021-09-10,Sierra,091,2930,129,117,13,130,0
2021-09-10,Siskiyou,093,43540,2869,2702,944,3646,35
2021-09-10,Solano,095,438530,43214,42230,1081,43311,305
2021-09-10,Sonoma,097,501317,38705,38271,461,38732,368
2021-09-10,Stanislaus,099,539301,70424,69617,7834,77451,1091
2021-09-10,Sutter,101,95872,12654,12468,208,12676,145
2021-09-10,Tehama,103,63373,6913,6652,1090,7742,77
2021-09-10,Trinity,105,12862,682,524,180,704,7
2021-09-10,Tulare,107,460477,59938,57930,11956,69886,883
2021-09-10,Tuolumne,109,53932,5975,5842,68,5910,89
2021-09-10,Ventura,111,848112,93361,92145,4011,96156,1104
2021-09-10,Yolo,113,214977,18174,17825,784,18609,239
2021-09-10,Yuba,115,75493,8932,8760,195,8955,62
2021-09-09,Alameda,001,1643700,112249,111014,2507,113521,1306
2021-09-09,Alpine,003,1148,97,94,0,94,0
2021-09-09,Amador,005,37829,4803,4698,45,4743,56
2021-09-09,Butte,007,227075,17638,16874,3125,19999,221
2021-09-09,Calaveras,009,45235,3268,3165,22,3187,65
2021-09-09,Colusa,011,21464,2365,2321,511,2832,16
2021-09-09,Contra Costa,013,1133247,92968,91687,1835,93522,904
2021-09-09,Del Norte,015,27424,3283,3102,20,3122,28
2021-09-09,El Dorado,017,186661,14382,13970,1427,15397,119
2021-09-09,Fresno,019,978130,123718,121040,10997,132037,1838
2021-09-09,Glenn,021,27897,3076,2947,877,3824,20
2021-09-09,Humboldt,023,135768,7720,7471,349,7820,52
2021-09-09,Imperial,025,180216,30963,30661,2904,33565,751
2021-09-09,Inyo,027,18085,1619,1586,30,1616,39
2021-09-09,Kern,029,883053,114090,111390,16845,128235,1414
2021-09-09,Kings,031,150075,28177,27282,1533,28815,273
2021-09-09,Lake,033,64148,5882,5638,109,5747,79
2021-09-09,Lassen,035,31185,6027,5860,223,6083,25
2021-09-09,Los Angeles,037,10098052,1379660,1363735,50005,1413740,25583
2021-09-09,Madera,039,155013,20028,19401,1537,20938,252
2021-09-09,Marin,041,260295,16635,16416,367,16783,242
2021-09-09,Mariposa,043,17540,845,779,28,807,5
2021-09-09,Mendocino,045,87422,6425,6089,267,6356,61
2021-09-09,Merced,047,269075,37338,36634,1428,38062,516
2021-09-09,Modoc,049,8938,460,448,158,606,5
2021-09-09,Mono,051,14174,1460,1420,18,1438,3
2021-09-09,Monterey,053,433212,46788,45991,2445,48436,556
2021-09-09,Napa,055,140530,12046,11878,77,11955,90
2021-09-09,Nevada,057,99092,8079,7855,262,8117,82
2021-09-09,Orange,059,3164182,293183,289109,13643,302752,5299
2021-09-09,Placer,061,380077,32914,32048,3009,35057,342
2021-09-09,Plumas,063,18699,1171,1098,22,1120,5
2021-09-09,Riverside,065,2383286,341351,334774,15501,350275,4701
2021-09-09,Sacramento,067,1510023,143995,142728,3432,146160,1929
2021-09-09,San Benito,069,59416,6858,6820,136,6956,64
2021-09-09,San Bernardino,071,2135413,335121,331040,10350,341390,5417
2021-09-09,San Diego,073,3302833,347070,342149,20397,362546,3929
2021-09-09,San Francisco,075,870044,49220,48404,2047,50451,597
2021-09-09,San Joaquin,077,732212,91404,89874,4754,94628,1570
2021-09-09,San Luis Obispo,079,281455,27064,26472,1030,27502,296
2021-09-09,San Mateo,081,765935,51015,50143,744,50887,561
2021-09-09,Santa Barbara,083,443738,41081,40180,1408,41588,490
2021-09-09,Santa Clara,085,1922200,138774,137017,1046,138063,1816
2021-09-09,Santa Cruz,087,273765,19038,18728,951,19679,210
2021-09-09,Shasta,089,179085,17262,16401,2683,19084,238
2021-09-09,Sierra,091,2930,129,115,13,128,0
2021-09-09,Siskiyou,093,43540,2846,2683,930,3613,35
2021-09-09,Solano,095,438530,43098,42081,1077,43158,303
2021-09-09,Sonoma,097,501317,38637,38171,460,38631,360
2021-09-09,Stanislaus,099,539301,70145,69178,7802,76980,1074
2021-09-09,Sutter,101,95872,12599,12396,206,12602,144
2021-09-09,Tehama,103,63373,6859,6554,1085,7639,75
2021-09-09,Trinity,105,12862,676,523,178,701,6
2021-09-09,Tulare,107,460477,59696,57564,11897,69461,879
2021-09-09,Tuolumne,109,53932,5947,5802,67,5869,89
2021-09-09,Ventura,111,848112,93216,91610,4002,95612,1098
2021-09-09,Yolo,113,214977,18116,17724,781,18505,239
2021-09-09,Yuba,115,75493,8887,8707,192,8899,55
2021-09-08,Alameda,001,1643700,112005,110781,2505,113286,1305
2021-09-08,Alpine,003,1148,97,94,0,94,0
2021-09-08,Amador,005,37829,4791,4693,45,4738,56
2021-09-08,Butte,007,227075,17504,16775,3105,19880,220
2021-09-08,Calaveras,009,45235,3250,3157,22,3179,63
2021-09-08,Colusa,011,21464,2363,2308,511,2819,16
2021-09-08,Contra Costa,013,1133247,92688,91471,1830,93301,900
2021-09-08,Del Norte,015,27424,3260,3085,20,3105,25
2021-09-08,El Dorado,017,186661,14302,13928,1407,15335,119
2021-09-08,Fresno,019,978130,123220,120644,10933,131577,1831
2021-09-08,Glenn,021,27897,3061,2942,868,3810,20
2021-09-08,Humboldt,023,135768,7675,7438,341,7779,52
2021-09-08,Imperial,025,180216,30930,30609,2891,33500,751
2021-09-08,Inyo,027,18085,1608,1580,30,1610,39
2021-09-08,Kern,029,883053,113692,110933,16707,127640,1409
2021-09-08,Kings,031,150075,28048,27235,1519,28754,267
2021-09-08,Lake,033,64148,5851,5618,107,5725,79
2021-09-08,Lassen,035,31185,6009,5848,216,6064,25
2021-09-08,Los Angeles,037,10098052,1377589,1362029,49919,1411948,25533
2021-09-08,Madera,039,155013,19967,19352,1524,20876,252
2021-09-08,Marin,041,260295,16607,16386,366,16752,242
2021-09-08,Mariposa,043,17540,833,777,27,804,5
2021-09-08,Mendocino,045,87422,6381,6069,258,6327,61
2021-09-08,Merced,047,269075,37177,36500,1416,37916,516
2021-09-08,Modoc,049,8938,460,448,158,606,5
2021-09-08,Mono,051,14174,1454,1418,18,1436,3
2021-09-08,Monterey,053,433212,46739,45959,2439,48398,554
2021-09-08,Napa,055,140530,12011,11842,75,11917,90
2021-09-08,Nevada,057,99092,8044,7843,261,8104,82
2021-09-08,Orange,059,3164182,292773,288511,13620,302131,5290
2021-09-08,Placer,061,380077,32777,31852,2992,34844,337
2021-09-08,Plumas,063,18699,1164,1072,22,1094,5
2021-09-08,Riverside,065,2383286,340593,334037,15476,349513,4683
2021-09-08,Sacramento,067,1510023,143516,142448,3384,145832,1921
2021-09-08,San Benito,069,59416,6840,6800,136,6936,64
2021-09-08,San Bernardino,071,2135413,334515,330279,10333,340612,5411
2021-09-08,San Diego,073,3302833,346153,341437,20346,361783,3926
2021-09-08,San Francisco,075,870044,49081,48263,2043,50306,589
2021-09-08,San Joaquin,077,732212,91123,89631,4730,94361,1561
2021-09-08,San Luis Obispo,079,281455,26970,26303,1025,27328,294
2021-09-08,San Mateo,081,765935,50910,50051,744,50795,561
2021-09-08,Santa Barbara,083,443738,40969,40000,1404,41404,490
2021-09-08,Santa Clara,085,1922200,138541,136836,1042,137878,1810
2021-09-08,Santa Cruz,087,273765,19001,18699,951,19650,210
2021-09-08,Shasta,089,179085,17107,16227,2636,18863,234
2021-09-08,Sierra,091,2930,129,113,13,126,0
2021-09-08,Siskiyou,093,43540,2813,2643,919,3562,35
2021-09-08,Solano,095,438530,43004,41971,1075,43046,302
2021-09-08,Sonoma,097,501317,38553,38075,459,38534,360
2021-09-08,Stanislaus,099,539301,69913,68945,7763,76708,1074
2021-09-08,Sutter,101,95872,12534,12349,203,12552,144
2021-09-08,Tehama,103,63373,6792,6520,1067,7587,75
2021-09-08,Trinity,105,12862,673,520,174,694,6
2021-09-08,Tulare,107,460477,59372,57425,11840,69265,876
2021-09-08,Tuolumne,109,53932,5915,5783,65,5848,89
2021-09-08,Ventura,111,848112,93064,91345,3984,95329,1096
2021-09-08,Yolo,113,214977,18034,17680,777,18457,239
2021-09-08,Yuba,115,75493,8845,8675,190,8865,55
2021-09-07,Alameda,001,1643700,111705,110550,2498,113048,1301
2021-09-07,Alpine,003,1148,96,94,0,94,0
2021-09-07,Amador,005,37829,4764,4679,45,4724,53
2021-09-07,Butte,007,227075,17348,16723,3069,19792,220
2021-09-07,Calaveras,009,45235,3209,3140,20,3160,63
2021-09-07,Colusa,011,21464,2353,2306,509,2815,16
2021-09-07,Contra Costa,013,1133247,92422,91167,1824,92991,891
2021-09-07,Del Norte,015,27424,3246,3081,20,3101,24
2021-09-07,El Dorado,017,186661,14230,13892,1392,15284,119
2021-09-07,Fresno,019,978130,122662,120268,10839,131107,1828
2021-09-07,Glenn,021,27897,3049,2937,862,3799,20
2021-09-07,Humboldt,023,135768,7615,7397,324,7721,52
2021-09-07,Imperial,025,180216,30890,30584,2883,33467,751
2021-09-07,Inyo,027,18085,1602,1579,29,1608,39
2021-09-07,Kern,029,883053,113260,110674,16549,127223,1408
2021-09-07,Kings,031,150075,27924,27169,1501,28670,267
2021-09-07,Lake,033,64148,5808,5597,99,5696,78
2021-09-07,Lassen,035,31185,5991,5842,210,6052,21
2021-09-07,Los Angeles,037,10098052,1375358,1360407,49828,1410235,25486
2021-09-07,Madera,039,155013,19880,19316,1516,20832,249
2021-09-07,Marin,041,260295,16568,16363,366,16729,242
2021-09-07,Mariposa,043,17540,817,771,27,798,5
2021-09-07,Mendocino,045,87422,6321,6036,248,6284,61
2021-09-07,Merced,047,269075,37002,36400,1410,37810,513
2021-09-07,Modoc,049,8938,458,449,158,607,5
2021-09-07,Mono,051,14174,1445,1416,18,1434,3
2021-09-07,Monterey,053,433212,46656,45911,2427,48338,543
2021-09-07,Napa,055,140530,11970,11814,75,11889,90
2021-09-07,Nevada,057,99092,8017,7829,261,8090,82
2021-09-07,Orange,059,3164182,292344,288225,13590,301815,5274
2021-09-07,Placer,061,380077,32624,31710,2964,34674,337
2021-09-07,Plumas,063,18699,1149,1071,22,1093,5
2021-09-07,Riverside,065,2383286,339805,333390,15457,348847,4666
2021-09-07,Sacramento,067,1510023,142978,142364,3337,145701,1905
2021-09-07,San Benito,069,59416,6822,6786,136,6922,64
2021-09-07,San Bernardino,071,2135413,333763,329962,10308,340270,5407
2021-09-07,San Diego,073,3302833,345155,340709,20280,360989,3922
2021-09-07,San Francisco,075,870044,48941,48175,2038,50213,589
2021-09-07,San Joaquin,077,732212,90787,89468,4716,94184,1548
2021-09-07,San Luis Obispo,079,281455,26853,26253,1016,27269,287
2021-09-07,San Mateo,081,765935,50815,49913,743,50656,561
2021-09-07,Santa Barbara,083,443738,40843,39957,1399,41356,489
2021-09-07,Santa Clara,085,1922200,138252,136631,1037,137668,1807
2021-09-07,Santa Cruz,087,273765,18952,18669,949,19618,210
2021-09-07,Shasta,089,179085,16951,16096,2584,18680,226
2021-09-07,Sierra,091,2930,129,111,13,124,0
2021-09-07,Siskiyou,093,43540,2787,2607,902,3509,34
2021-09-07,Solano,095,438530,42874,41862,1071,42933,300
2021-09-07,Sonoma,097,501317,38469,38013,457,38470,358
2021-09-07,Stanislaus,099,539301,69642,68831,7736,76567,1074
2021-09-07,Sutter,101,95872,12460,12310,197,12507,138
2021-09-07,Tehama,103,63373,6740,6482,1047,7529,74
2021-09-07,Trinity,105,12862,667,517,174,691,6
2021-09-07,Tulare,107,460477,59022,57228,11761,68989,874
2021-09-07,Tuolumne,109,53932,5878,5759,65,5824,88
2021-09-07,Ventura,111,848112,92853,91246,3974,95220,1093
2021-09-07,Yolo,113,214977,17964,17653,775,18428,235
2021-09-07,Yuba,115,75493,8802,8642,185,8827,55
2021-09-06,Alameda,001,1643700,111392,110357,2490,112847,1301
2021-09-06,Alpine,003,1148,94,94,0,94,0
2021-09-06,Amador,005,37829,4748,4648,44,4692,53
2021-09-06,Butte,007,227075,17157,16588,3025,19613,218
2021-09-06,Calaveras,009,45235,3187,3122,20,3142,63
2021-09-06,Colusa,011,21464,2346,2306,505,2811,16
2021-09-06,Contra Costa,013,1133247,92126,90971,1814,92785,891
2021-09-06,Del Norte,015,27424,3205,3037,19,3056,24
2021-09-06,El Dorado,017,186661,14161,13848,1376,15224,119
2021-09-06,Fresno,019,978130,122086,119738,10764,130502,1828
2021-09-06,Glenn,021,27897,3020,2912,854,3766,20
2021-09-06,Humboldt,023,135768,7539,7320,306,7626,52
2021-09-06,Imperial,025,180216,30827,30576,2877,33453,751
2021-09-06,Inyo,027,18085,1593,1578,17,1595,39
2021-09-06,Kern,029,883053,112747,110347,16361,126708,1408
2021-09-06,Kings,031,150075,27781,27094,1486,28580,264
2021-09-06,Lake,033,64148,5744,5548,92,5640,78
2021-09-06,Lassen,035,31185,5965,5822,200,6022,21
2021-09-06,Los Angeles,037,10098052,1372982,1359348,49714,1409062,25477
2021-09-06,Madera,039,155013,19777,19191,1493,20684,249
2021-09-06,Marin,041,260295,16528,16356,366,16722,242
2021-09-06,Mariposa,043,17540,805,764,27,791,5
2021-09-06,Mendocino,045,87422,6251,5984,235,6219,61
2021-09-06,Merced,047,269075,36788,36300,1396,37696,513
2021-09-06,Modoc,049,8938,455,449,158,607,5
2021-09-06,Mono,051,14174,1441,1416,18,1434,3
2021-09-06,Monterey,053,433212,46562,45833,2411,48244,541
2021-09-06,Napa,055,140530,11927,11792,74,11866,90
2021-09-06,Nevada,057,99092,7969,7748,259,8007,82
2021-09-06,Orange,059,3164182,291850,287948,13539,301487,5274
2021-09-06,Placer,061,380077,32447,31595,2926,34521,337
2021-09-06,Plumas,063,18699,1128,1068,19,1087,5
2021-09-06,Riverside,065,2383286,338989,333052,15437,348489,4666
2021-09-06,Sacramento,067,1510023,142342,141730,3269,144999,1905
2021-09-06,San Benito,069,59416,6799,6777,133,6910,64
2021-09-06,San Bernardino,071,2135413,332874,329693,10277,339970,5398
2021-09-06,San Diego,073,3302833,344156,340222,20183,360405,3922
2021-09-06,San Francisco,075,870044,48807,48120,2033,50153,589
2021-09-06,San Joaquin,077,732212,90443,89293,4690,93983,1548
2021-09-06,San Luis Obispo,079,281455,26724,26183,1012,27195,286
2021-09-06,San Mateo,081,765935,50685,49859,741,50600,561
2021-09-06,Santa Barbara,083,443738,40712,39876,1390,41266,489
2021-09-06,Santa Clara,085,1922200,137960,136458,1035,137493,1807
2021-09-06,Santa Cruz,087,273765,18904,18615,946,19561,210
2021-09-06,Shasta,089,179085,16770,15985,2530,18515,226
2021-09-06,Sierra,091,2930,129,109,13,122,0
2021-09-06,Siskiyou,093,43540,2743,2595,868,3463,34
2021-09-06,Solano,095,438530,42726,41774,1065,42839,300
2021-09-06,Sonoma,097,501317,38348,37929,456,38385,358
2021-09-06,Stanislaus,099,539301,69300,68596,7692,76288,1074
2021-09-06,Sutter,101,95872,12398,12238,188,12426,138
2021-09-06,Tehama,103,63373,6678,6413,1020,7433,74
2021-09-06,Trinity,105,12862,664,515,172,687,6
2021-09-06,Tulare,107,460477,58663,57068,11680,68748,874
2021-09-06,Tuolumne,109,53932,5842,5697,65,5762,88
2021-09-06,Ventura,111,848112,92676,91132,3962,95094,1093
2021-09-06,Yolo,113,214977,17878,17576,770,18346,235
2021-09-06,Yuba,115,75493,8752,8584,181,8765,55
2021-09-05,Alameda,001,1643700,111199,110173,2487,112660,1301
2021-09-05,Alpine,003,1148,94,94,0,94,0
2021-09-05,Amador,005,37829,4736,4642,44,4686,53
2021-09-05,Butte,007,227075,17067,16504,2996,19500,218
2021-09-05,Calaveras,009,45235,3181,3106,20,3126,63
2021-09-05,Colusa,011,21464,2338,2305,503,2808,16
2021-09-05,Contra Costa,013,1133247,91941,90862,1809,92671,891
2021-09-05,Del Norte,015,27424,3185,3023,19,3042,24
2021-09-05,El Dorado,017,186661,14132,13827,1363,15190,119
2021-09-05,Fresno,019,978130,121788,119384,10723,130107,1828
2021-09-05,Glenn,021,27897,3006,2899,852,3751,20
2021-09-05,Humboldt,023,135768,7506,7312,303,7615,52
2021-09-05,Imperial,025,180216,30798,30548,2875,33423,751
2021-09-05,Inyo,027,18085,1590,1572,17,1589,39
2021-09-05,Kern,029,883053,112448,110073,16202,126275,1408
2021-09-05,Kings,031,150075,27704,26989,1482,28471,264
2021-09-05,Lake,033,64148,5724,5525,92,5617,78
2021-09-05,Lassen,035,31185,5943,5820,196,6016,21
2021-09-05,Los Angeles,037,10098052,1371685,1357748,49647,1407395,25465
2021-09-05,Madera,039,155013,19736,19155,1482,20637,249
2021-09-05,Marin,041,260295,16509,16342,365,16707,242
2021-09-05,Mariposa,043,17540,801,761,27,788,5
2021-09-05,Mendocino,045,87422,6217,5965,235,6200,61
2021-09-05,Merced,047,269075,36713,36243,1394,37637,513
2021-09-05,Modoc,049,8938,455,447,158,605,5
2021-09-05,Mono,051,14174,1441,1416,18,1434,3
2021-09-05,Monterey,053,433212,46534,45795,2402,48197,540
2021-09-05,Napa,055,140530,11902,11770,74,11844,90
2021-09-05,Nevada,057,99092,7947,7722,258,7980,82
2021-09-05,Orange,059,3164182,291562,287614,13522,301136,5274
2021-09-05,Placer,061,380077,32320,31487,2912,34399,337
2021-09-05,Plumas,063,18699,1121,1067,19,1086,5
2021-09-05,Riverside,065,2383286,338534,332604,15425,348029,4654
2021-09-05,Sacramento,067,1510023,141904,141276,3251,144527,1905
2021-09-05,San Benito,069,59416,6798,6764,133,6897,64
2021-09-05,San Bernardino,071,2135413,332490,329062,10261,339323,5392
2021-09-05,San Diego,073,3302833,343604,339427,20142,359569,3914
2021-09-05,San Francisco,075,870044,48728,48035,2029,50064,589
2021-09-05,San Joaquin,077,732212,90277,89121,4673,93794,1548
2021-09-05,San Luis Obispo,079,281455,26674,26098,1011,27109,285
2021-09-05,San Mateo,081,765935,50617,49809,737,50546,561
2021-09-05,Santa Barbara,083,443738,40645,39762,1388,41150,489
2021-09-05,Santa Clara,085,1922200,137750,136146,1033,137179,1807
2021-09-05,Santa Cruz,087,273765,18884,18588,944,19532,210
2021-09-05,Shasta,089,179085,16688,15960,2504,18464,226
2021-09-05,Sierra,091,2930,128,109,13,122,0
2021-09-05,Siskiyou,093,43540,2726,2585,854,3439,34
2021-09-05,Solano,095,438530,42631,41687,1060,42747,300
2021-09-05,Sonoma,097,501317,38263,37881,455,38336,358
2021-09-05,Stanislaus,099,539301,69160,68434,7668,76102,1074
2021-09-05,Sutter,101,95872,12368,12179,182,12361,138
2021-09-05,Tehama,103,63373,6651,6400,1014,7414,74
2021-09-05,Trinity,105,12862,658,505,171,676,6
2021-09-05,Tulare,107,460477,58494,56915,11636,68551,874
2021-09-05,Tuolumne,109,53932,5830,5688,65,5753,88
2021-09-05,Ventura,111,848112,92540,91004,3958,94962,1093
2021-09-05,Yolo,113,214977,17841,17557,765,18322,235
2021-09-05,Yuba,115,75493,8726,8521,179,8700,55
2021-09-04,Alameda,001,1643700,111076,109944,2480,112424,1301
2021-09-04,Alpine,003,1148,94,94,0,94,0
2021-09-04,Amador,005,37829,4718,4637,43,4680,53
2021-09-04,Butte,007,227075,17009,16403,2981,19384,218
2021-09-04,Calaveras,009,45235,3169,3087,19,3106,63
2021-09-04,Colusa,011,21464,2336,2301,503,2804,16
2021-09-04,Contra Costa,013,1133247,91824,90623,1806,92429,891
2021-09-04,Del Norte,015,27424,3174,2984,19,3003,24
2021-09-04,El Dorado,017,186661,14106,13782,1355,15137,119
2021-09-04,Fresno,019,978130,121592,119033,10702,129735,1828
2021-09-04,Glenn,021,27897,2996,2878,846,3724,20
2021-09-04,Humboldt,023,135768,7475,7298,297,7595,52
2021-09-04,Imperial,025,180216,30775,30526,2873,33399,751
2021-09-04,Inyo,027,18085,1588,1571,17,1588,39
2021-09-04,Kern,029,883053,112205,109751,16072,125823,1408
2021-09-04,Kings,031,150075,27617,26896,1476,28372,263
2021-09-04,Lake,033,64148,5706,5507,92,5599,78
2021-09-04,Lassen,035,31185,5928,5814,188,6002,21
2021-09-04,Los Angeles,037,10098052,1370728,1355634,49590,1405224,25454
2021-09-04,Madera,039,155013,19703,19112,1475,20587,249
2021-09-04,Marin,041,260295,16493,16319,364,16683,242
2021-09-04,Mariposa,043,17540,796,759,27,786,5
2021-09-04,Mendocino,045,87422,6181,5933,235,6168,61
2021-09-04,Merced,047,269075,36669,36083,1389,37472,513
2021-09-04,Modoc,049,8938,455,447,158,605,5
2021-09-04,Mono,051,14174,1438,1417,18,1435,3
2021-09-04,Monterey,053,433212,46503,45756,2398,48154,540
2021-09-04,Napa,055,140530,11877,11760,72,11832,90
2021-09-04,Nevada,057,99092,7932,7691,257,7948,82
2021-09-04,Orange,059,3164182,291299,287244,13501,300745,5274
2021-09-04,Placer,061,380077,32216,31374,2895,34269,337
2021-09-04,Plumas,063,18699,1113,1067,19,1086,5
2021-09-04,Riverside,065,2383286,338064,331958,15413,347371,4654
2021-09-04,Sacramento,067,1510023,141610,140735,3243,143978,1896
2021-09-04,San Benito,069,59416,6789,6758,133,6891,64
2021-09-04,San Bernardino,071,2135413,332158,328425,10247,338672,5393
2021-09-04,San Diego,073,3302833,343169,338748,20120,358868,3914
2021-09-04,San Francisco,075,870044,48653,47937,2021,49958,589
2021-09-04,San Joaquin,077,732212,90162,88846,4665,93511,1548
2021-09-04,San Luis Obispo,079,281455,26642,26020,1011,27031,285
2021-09-04,San Mateo,081,765935,50563,49721,737,50458,560
2021-09-04,Santa Barbara,083,443738,40579,39667,1386,41053,489
2021-09-04,Santa Clara,085,1922200,137565,135845,1030,136875,1806
2021-09-04,Santa Cruz,087,273765,18866,18579,940,19519,210
2021-09-04,Shasta,089,179085,16611,15924,2478,18402,226
2021-09-04,Sierra,091,2930,126,108,13,121,0
2021-09-04,Siskiyou,093,43540,2700,2563,843,3406,34
2021-09-04,Solano,095,438530,42558,41614,1058,42672,300
2021-09-04,Sonoma,097,501317,38230,37809,455,38264,358
2021-09-04,Stanislaus,099,539301,69013,68210,7643,75853,1074
2021-09-04,Sutter,101,95872,12327,12137,181,12318,138
2021-09-04,Tehama,103,63373,6626,6367,996,7363,74
2021-09-04,Trinity,105,12862,656,497,171,668,6
2021-09-04,Tulare,107,460477,58386,56719,11593,68312,874
2021-09-04,Tuolumne,109,53932,5811,5667,63,5730,88
2021-09-04,Ventura,111,848112,92405,90904,3955,94859,1090
2021-09-04,Yolo,113,214977,17805,17522,761,18283,235
2021-09-04,Yuba,115,75493,8697,8475,178,8653,55
2021-09-03,Alameda,001,1643700,110916,109636,2478,112114,1301
2021-09-03,Alpine,003,1148,94,94,0,94,0
2021-09-03,Amador,005,37829,4696,4614,43,4657,53
2021-09-03,Butte,007,227075,16918,16259,2955,19214,215
2021-09-03,Calaveras,009,45235,3159,3069,19,3088,63
2021-09-03,Colusa,011,21464,2331,2295,502,2797,16
2021-09-03,Contra Costa,013,1133247,91672,90299,1803,92102,886
2021-09-03,Del Norte,015,27424,3146,2943,18,2961,24
2021-09-03,El Dorado,017,186661,14073,13710,1351,15061,119
2021-09-03,Fresno,019,978130,121256,118508,10680,129188,1822
2021-09-03,Glenn,021,27897,2987,2867,838,3705,20
2021-09-03,Humboldt,023,135768,7450,7194,292,7486,52
2021-09-03,Imperial,025,180216,30752,30475,2868,33343,751
2021-09-03,Inyo,027,18085,1583,1567,17,1584,39
2021-09-03,Kern,029,883053,111989,109296,15961,125257,1407
2021-09-03,Kings,031,150075,27533,26753,1473,28226,263
2021-09-03,Lake,033,64148,5686,5479,90,5569,78
2021-09-03,Lassen,035,31185,5911,5789,184,5973,21
2021-09-03,Los Angeles,037,10098052,1369397,1351185,49525,1400710,25384
2021-09-03,Madera,039,155013,19618,19021,1469,20490,247
2021-09-03,Marin,041,260295,16471,16293,363,16656,242
2021-09-03,Mariposa,043,17540,789,753,25,778,5
2021-09-03,Mendocino,045,87422,6146,5891,235,6126,61
2021-09-03,Merced,047,269075,36615,35941,1380,37321,512
2021-09-03,Modoc,049,8938,455,445,158,603,5
2021-09-03,Mono,051,14174,1437,1410,18,1428,3
2021-09-03,Monterey,053,433212,46465,45707,2394,48101,540
2021-09-03,Napa,055,140530,11856,11733,72,11805,89
2021-09-03,Nevada,057,99092,7898,7632,257,7889,82
2021-09-03,Orange,059,3164182,290981,286818,13474,300292,5253
2021-09-03,Placer,061,380077,32109,31238,2871,34109,335
2021-09-03,Plumas,063,18699,1102,1057,19,1076,5
2021-09-03,Riverside,065,2383286,337532,331011,15397,346408,4653
2021-09-03,Sacramento,067,1510023,141246,139982,3225,143207,1886
2021-09-03,San Benito,069,59416,6783,6746,133,6879,64
2021-09-03,San Bernardino,071,2135413,331741,327599,10237,337836,5381
2021-09-03,San Diego,073,3302833,342549,337627,20087,357714,3911
2021-09-03,San Francisco,075,870044,48577,47822,2015,49837,589
2021-09-03,San Joaquin,077,732212,90009,88366,4657,93023,1540
2021-09-03,San Luis Obispo,079,281455,26566,25917,1009,26926,283
2021-09-03,San Mateo,081,765935,50468,49617,735,50352,560
2021-09-03,Santa Barbara,083,443738,40512,39507,1383,40890,489
2021-09-03,Santa Clara,085,1922200,137363,135522,1026,136548,1801
2021-09-03,Santa Cruz,087,273765,18841,18532,940,19472,210
2021-09-03,Shasta,089,179085,16536,15778,2454,18232,226
2021-09-03,Sierra,091,2930,124,105,13,118,0
2021-09-03,Siskiyou,093,43540,2688,2529,830,3359,34
2021-09-03,Solano,095,438530,42462,41457,1055,42512,300
2021-09-03,Sonoma,097,501317,38167,37699,455,38154,358
2021-09-03,Stanislaus,099,539301,68837,67887,7617,75504,1074
2021-09-03,Sutter,101,95872,12288,12073,180,12253,139
2021-09-03,Tehama,103,63373,6587,6334,989,7323,72
2021-09-03,Trinity,105,12862,654,490,167,657,6
2021-09-03,Tulare,107,460477,58260,56401,11541,67942,872
2021-09-03,Tuolumne,109,53932,5769,5630,63,5693,88
2021-09-03,Ventura,111,848112,92271,90742,3951,94693,1088
2021-09-03,Yolo,113,214977,17781,17446,757,18203,235
2021-09-03,Yuba,115,75493,8666,8412,178,8590,55
2021-09-02,Alameda,001,1643700,110658,109377,2475,111852,1301
2021-09-02,Alpine,003,1148,93,92,0,92,0
2021-09-02,Amador,005,37829,4680,4606,43,4649,53
2021-09-02,Butte,007,227075,16792,16154,2936,19090,215
2021-09-02,Calaveras,009,45235,3146,3042,19,3061,62
2021-09-02,Colusa,011,21464,2327,2290,502,2792,16
2021-09-02,Contra Costa,013,1133247,91490,90038,1792,91830,886
2021-09-02,Del Norte,015,27424,3115,2891,18,2909,24
2021-09-02,El Dorado,017,186661,14014,13641,1326,14967,119
2021-09-02,Fresno,019,978130,120768,117974,10626,128600,1804
2021-09-02,Glenn,021,27897,2971,2855,832,3687,20
2021-09-02,Humboldt,023,135768,7403,7141,281,7422,52
2021-09-02,Imperial,025,180216,30708,30449,2863,33312,751
2021-09-02,Inyo,027,18085,1578,1564,16,1580,39
2021-09-02,Kern,029,883053,111576,108930,15817,124747,1404
2021-09-02,Kings,031,150075,27440,26638,1463,28101,263
2021-09-02,Lake,033,64148,5656,5432,86,5518,78
2021-09-02,Lassen,035,31185,5897,5747,177,5924,21
2021-09-02,Los Angeles,037,10098052,1367540,1351105,49433,1400538,25382
2021-09-02,Madera,039,155013,19527,18937,1451,20388,247
2021-09-02,Marin,041,260295,16458,16244,361,16605,242
2021-09-02,Mariposa,043,17540,782,745,22,767,5
2021-09-02,Mendocino,045,87422,6104,5848,232,6080,61
2021-09-02,Merced,047,269075,36452,35820,1373,37193,508
2021-09-02,Modoc,049,8938,455,437,158,595,5
2021-09-02,Mono,051,14174,1437,1409,18,1427,3
2021-09-02,Monterey,053,433212,46399,45648,2379,48027,539
2021-09-02,Napa,055,140530,11827,11684,72,11756,88
2021-09-02,Nevada,057,99092,7846,7575,256,7831,82
2021-09-02,Orange,059,3164182,290521,286326,13440,299766,5240
2021-09-02,Placer,061,380077,31971,31067,2842,33909,330
2021-09-02,Plumas,063,18699,1091,1045,18,1063,5
2021-09-02,Riverside,065,2383286,336817,330190,15373,345563,4644
2021-09-02,Sacramento,067,1510023,140665,139274,3185,142459,1882
2021-09-02,San Benito,069,59416,6778,6734,132,6866,64
2021-09-02,San Bernardino,071,2135413,331132,326940,10164,337104,5369
2021-09-02,San Diego,073,3302833,341591,336382,20034,356416,3909
2021-09-02,San Francisco,075,870044,48467,47674,2011,49685,587
2021-09-02,San Joaquin,077,732212,89725,88056,4633,92689,1540
2021-09-02,San Luis Obispo,079,281455,26480,25851,1004,26855,283
2021-09-02,San Mateo,081,765935,50367,49490,733,50223,558
2021-09-02,Santa Barbara,083,443738,40422,39386,1370,40756,486
2021-09-02,Santa Clara,085,1922200,137062,135216,1020,136236,1799
2021-09-02,Santa Cruz,087,273765,18807,18473,937,19410,210
2021-09-02,Shasta,089,179085,16398,15670,2425,18095,224
2021-09-02,Sierra,091,2930,124,105,13,118,0
2021-09-02,Siskiyou,093,43540,2667,2513,802,3315,34
2021-09-02,Solano,095,438530,42356,41293,1052,42345,294
2021-09-02,Sonoma,097,501317,38086,37558,455,38013,352
2021-09-02,Stanislaus,099,539301,68596,67576,7597,75173,1074
2021-09-02,Sutter,101,95872,12219,11995,176,12171,138
2021-09-02,Tehama,103,63373,6529,6265,970,7235,72
2021-09-02,Trinity,105,12862,650,484,165,649,6
2021-09-02,Tulare,107,460477,58030,56105,11489,67594,872
2021-09-02,Tuolumne,109,53932,5712,5578,63,5641,88
2021-09-02,Ventura,111,848112,92088,90610,3946,94556,1084
2021-09-02,Yolo,113,214977,17706,17357,751,18108,235
2021-09-02,Yuba,115,75493,8606,8363,178,8541,55
2021-09-01,Alameda,001,1643700,110390,109075,2470,111545,1299
2021-09-01,Alpine,003,1148,93,92,0,92,0
2021-09-01,Amador,005,37829,4664,4599,42,4641,53
2021-09-01,Butte,007,227075,16677,16046,2908,18954,215
2021-09-01,Calaveras,009,45235,3134,3023,19,3042,59
2021-09-01,Colusa,011,21464,2322,2281,501,2782,16
2021-09-01,Contra Costa,013,1133247,91255,89834,1785,91619,877
2021-09-01,Del Norte,015,27424,3082,2860,18,2878,24
2021-09-01,El Dorado,017,186661,13958,13577,1297,14874,119
2021-09-01,Fresno,019,978130,120277,117492,10556,128048,1800
2021-09-01,Glenn,021,27897,2946,2846,824,3670,20
2021-09-01,Humboldt,023,135768,7356,7090,274,7364,52
2021-09-01,Imperial,025,180216,30670,30393,2858,33251,750
2021-09-01,Inyo,027,18085,1574,1561,15,1576,39
2021-09-01,Kern,029,883053,111146,108449,15679,124128,1400
2021-09-01,Kings,031,150075,27327,26443,1452,27895,263
2021-09-01,Lake,033,64148,5615,5396,81,5477,77
2021-09-01,Lassen,035,31185,5875,5731,173,5904,21
2021-09-01,Los Angeles,037,10098052,1365275,1348589,49332,1397921,25341
2021-09-01,Madera,039,155013,19449,18852,1436,20288,247
2021-09-01,Marin,041,260295,16436,16224,356,16580,240
2021-09-01,Mariposa,043,17540,774,735,22,757,5
2021-09-01,Mendocino,045,87422,6061,5821,227,6048,59
2021-09-01,Merced,047,269075,36274,35686,1363,37049,500
2021-09-01,Modoc,049,8938,449,436,156,592,5
2021-09-01,Mono,051,14174,1437,1400,18,1418,3
2021-09-01,Monterey,053,433212,46319,45590,2364,47954,539
2021-09-01,Napa,055,140530,11794,11653,72,11725,88
2021-09-01,Nevada,057,99092,7793,7508,255,7763,82
2021-09-01,Orange,059,3164182,290047,285840,13403,299243,5233
2021-09-01,Placer,061,380077,31814,30902,2828,33730,330
2021-09-01,Plumas,063,18699,1083,1033,18,1051,5
2021-09-01,Riverside,065,2383286,336005,329388,15343,344731,4634
2021-09-01,Sacramento,067,1510023,140057,138499,3140,141639,1875
2021-09-01,San Benito,069,59416,6761,6716,132,6848,64
2021-09-01,San Bernardino,071,2135413,330486,326250,10135,336385,5364
2021-09-01,San Diego,073,3302833,340569,335302,19978,355280,3908
2021-09-01,San Francisco,075,870044,48359,47538,2004,49542,584
2021-09-01,San Joaquin,077,732212,89403,87640,4610,92250,1540
2021-09-01,San Luis Obispo,079,281455,26384,25691,999,26690,283
2021-09-01,San Mateo,081,765935,50247,49394,727,50121,558
2021-09-01,Santa Barbara,083,443738,40304,39263,1354,40617,483
2021-09-01,Santa Clara,085,1922200,136794,134855,1014,135869,1796
2021-09-01,Santa Cruz,087,273765,18760,18453,935,19388,210
2021-09-01,Shasta,089,179085,16266,15552,2385,17937,221
2021-09-01,Sierra,091,2930,123,98,13,111,0
2021-09-01,Siskiyou,093,43540,2637,2482,782,3264,34
2021-09-01,Solano,095,438530,42205,41194,1046,42240,293
2021-09-01,Sonoma,097,501317,37992,37454,454,37908,352
2021-09-01,Stanislaus,099,539301,68311,67287,7566,74853,1075
2021-09-01,Sutter,101,95872,12155,11945,169,12114,136
2021-09-01,Tehama,103,63373,6495,6228,953,7181,72
2021-09-01,Trinity,105,12862,649,482,162,644,5
2021-09-01,Tulare,107,460477,57747,55768,11452,67220,870
2021-09-01,Tuolumne,109,53932,5673,5553,63,5616,88
2021-09-01,Ventura,111,848112,91873,90471,3930,94401,1089
2021-09-01,Yolo,113,214977,17646,17264,749,18013,235
2021-09-01,Yuba,115,75493,8544,8308,178,8486,55
2021-08-31,Alameda,001,1643700,110097,108837,2464,111301,1297
2021-08-31,Alpine,003,1148,91,92,0,92,0
2021-08-31,Amador,005,37829,4643,4555,42,4597,53
2021-08-31,Butte,007,227075,16536,15896,2867,18763,216
2021-08-31,Calaveras,009,45235,3094,3008,19,3027,59
2021-08-31,Colusa,011,21464,2320,2275,499,2774,16
2021-08-31,Contra Costa,013,1133247,90960,89546,1773,91319,871
2021-08-31,Del Norte,015,27424,3046,2830,18,2848,19
2021-08-31,El Dorado,017,186661,13887,13539,1279,14818,119
2021-08-31,Fresno,019,978130,119701,117155,10477,127632,1801
2021-08-31,Glenn,021,27897,2930,2829,814,3643,20
2021-08-31,Humboldt,023,135768,7281,7030,261,7291,52
2021-08-31,Imperial,025,180216,30633,30348,2850,33198,750
2021-08-31,Inyo,027,18085,1570,1550,15,1565,39
2021-08-31,Kern,029,883053,110644,108151,15500,123651,1393
2021-08-31,Kings,031,150075,27186,26405,1438,27843,260
2021-08-31,Lake,033,64148,5571,5359,80,5439,74
2021-08-31,Lassen,035,31185,5849,5702,170,5872,21
2021-08-31,Los Angeles,037,10098052,1362683,1346686,49255,1395941,25303
2021-08-31,Madera,039,155013,19359,18811,1419,20230,247
2021-08-31,Marin,041,260295,16407,16215,353,16568,240
2021-08-31,Mariposa,043,17540,766,732,22,754,5
2021-08-31,Mendocino,045,87422,6019,5777,226,6003,59
2021-08-31,Merced,047,269075,36104,35512,1358,36870,498
2021-08-31,Modoc,049,8938,448,436,156,592,5
2021-08-31,Mono,051,14174,1425,1398,18,1416,3
2021-08-31,Monterey,053,433212,46235,45550,2351,47901,539
2021-08-31,Napa,055,140530,11746,11618,72,11690,88
2021-08-31,Nevada,057,99092,7727,7460,255,7715,82
2021-08-31,Orange,059,3164182,289448,285310,13371,298681,5229
2021-08-31,Placer,061,380077,31624,30745,2791,33536,325
2021-08-31,Plumas,063,18699,1079,1018,17,1035,5
2021-08-31,Riverside,065,2383286,335033,328556,15310,343866,4627
2021-08-31,Sacramento,067,1510023,139373,137879,3108,140987,1863
2021-08-31,San Benito,069,59416,6749,6694,130,6824,64
2021-08-31,San Bernardino,071,2135413,329737,325446,10115,335561,5350
2021-08-31,San Diego,073,3302833,339316,334377,19920,354297,3888
2021-08-31,San Francisco,075,870044,48209,47440,1993,49433,581
2021-08-31,San Joaquin,077,732212,88959,87365,4595,91960,1540
2021-08-31,San Luis Obispo,079,281455,26261,25518,995,26513,282
2021-08-31,San Mateo,081,765935,50135,49299,727,50026,556
2021-08-31,Santa Barbara,083,443738,40154,39091,1348,40439,481
2021-08-31,Santa Clara,085,1922200,136441,134637,1007,135644,1793
2021-08-31,Santa Cruz,087,273765,18722,18419,932,19351,210
2021-08-31,Shasta,089,179085,16114,15368,2358,17726,220
2021-08-31,Sierra,091,2930,120,95,13,108,0
2021-08-31,Siskiyou,093,43540,2617,2435,766,3201,33
2021-08-31,Solano,095,438530,42065,41067,1040,42107,289
2021-08-31,Sonoma,097,501317,37896,37379,453,37832,352
2021-08-31,Stanislaus,099,539301,67956,67004,7531,74535,1075
2021-08-31,Sutter,101,95872,12090,11901,165,12066,136
2021-08-31,Tehama,103,63373,6434,6169,922,7091,72
2021-08-31,Trinity,105,12862,643,480,162,642,3
2021-08-31,Tulare,107,460477,57413,55567,11382,66949,870
2021-08-31,Tuolumne,109,53932,5637,5516,63,5579,88
2021-08-31,Ventura,111,848112,91654,90292,3918,94210,1081
2021-08-31,Yolo,113,214977,17560,17205,747,17952,234
2021-08-31,Yuba,115,75493,8490,8253,178,8431,54
2021-08-30,Alameda,001,1643700,109780,107734,2453,110187,1296
2021-08-30,Alpine,003,1148,91,92,0,92,0
2021-08-30,Amador,005,37829,4632,4507,42,4549,53
2021-08-30,Butte,007,227075,16384,15719,2834,18553,214
2021-08-30,Calaveras,009,45235,3079,2975,19,2994,59
2021-08-30,Colusa,011,21464,2311,2271,496,2767,16
2021-08-30,Contra Costa,013,1133247,90700,87679,1763,89442,872
2021-08-30,Del Norte,015,27424,3004,2796,17,2813,11
2021-08-30,El Dorado,017,186661,13818,13217,1262,14479,119
2021-08-30,Fresno,019,978130,119130,115867,10404,126271,1790
2021-08-30,Glenn,021,27897,2919,2804,808,3612,20
2021-08-30,Humboldt,023,135768,7227,6930,255,7185,52
2021-08-30,Imperial,025,180216,30595,30311,2845,33156,750
2021-08-30,Inyo,027,18085,1565,1544,15,1559,39
2021-08-30,Kern,029,883053,110166,107615,15338,122953,1389
2021-08-30,Kings,031,150075,27069,26236,1423,27659,259
2021-08-30,Lake,033,64148,5536,5323,77,5400,74
2021-08-30,Lassen,035,31185,5827,5667,164,5831,21
2021-08-30,Los Angeles,037,10098052,1360224,1344949,49170,1394119,25269
2021-08-30,Madera,039,155013,19277,18622,1399,20021,247
2021-08-30,Marin,041,260295,16376,16160,353,16513,240
2021-08-30,Mariposa,043,17540,760,715,21,736,5
2021-08-30,Mendocino,045,87422,5985,5721,222,5943,55
2021-08-30,Merced,047,269075,35976,35335,1354,36689,497
2021-08-30,Modoc,049,8938,446,436,155,591,5
2021-08-30,Mono,051,14174,1424,1390,18,1408,3
2021-08-30,Monterey,053,433212,46173,45463,2334,47797,539
2021-08-30,Napa,055,140530,11697,11579,70,11649,87
2021-08-30,Nevada,057,99092,7668,7356,252,7608,82
2021-08-30,Orange,059,3164182,288867,284750,13322,298072,5223
2021-08-30,Placer,061,380077,31459,29825,2768,32593,319
2021-08-30,Plumas,063,18699,1062,998,17,1015,5
2021-08-30,Riverside,065,2383286,334142,327593,15279,342872,4623
2021-08-30,Sacramento,067,1510023,138715,134571,3062,137633,1847
2021-08-30,San Benito,069,59416,6740,6663,130,6793,64
2021-08-30,San Bernardino,071,2135413,329059,324870,10085,334955,5348
2021-08-30,San Diego,073,3302833,338045,333011,19840,352851,3885
2021-08-30,San Francisco,075,870044,48068,46966,1980,48946,581
2021-08-30,San Joaquin,077,732212,88628,86203,4574,90777,1528
2021-08-30,San Luis Obispo,079,281455,26136,25422,988,26410,280
2021-08-30,San Mateo,081,765935,50009,48839,721,49560,554
2021-08-30,Santa Barbara,083,443738,40002,38998,1343,40341,481
2021-08-30,Santa Clara,085,1922200,136120,133281,1000,134281,1789
2021-08-30,Santa Cruz,087,273765,18668,18326,928,19254,210
2021-08-30,Shasta,089,179085,15985,15238,2319,17557,217
2021-08-30,Sierra,091,2930,118,91,13,104,0
2021-08-30,Siskiyou,093,43540,2604,2411,755,3166,33
2021-08-30,Solano,095,438530,41904,39986,1036,41022,290
2021-08-30,Sonoma,097,501317,37791,36764,453,37217,352
2021-08-30,Stanislaus,099,539301,67617,66173,7500,73673,1074
2021-08-30,Sutter,101,95872,12020,11791,158,11949,136
2021-08-30,Tehama,103,63373,6355,6085,898,6983,71
2021-08-30,Trinity,105,12862,632,468,159,627,3
2021-08-30,Tulare,107,460477,57101,55140,11307,66447,870
2021-08-30,Tuolumne,109,53932,5591,5492,63,5555,74
2021-08-30,Ventura,111,848112,91438,90149,3906,94055,1082
2021-08-30,Yolo,113,214977,17498,17071,743,17814,231
2021-08-30,Yuba,115,75493,8416,8129,177,8306,54
2021-08-29,Alameda,001,1643700,109448,107494,2442,109936,1296
2021-08-29,Alpine,003,1148,91,92,0,92,0
2021-08-29,Amador,005,37829,4618,4501,42,4543,53
2021-08-29,Butte,007,227075,16214,15602,2797,18399,214
2021-08-29,Calaveras,009,45235,3047,2970,19,2989,59
2021-08-29,Colusa,011,21464,2304,2260,490,2750,16
2021-08-29,Contra Costa,013,1133247,90403,87439,1758,89197,872
2021-08-29,Del Norte,015,27424,2961,2752,17,2769,11
2021-08-29,El Dorado,017,186661,13762,13166,1251,14417,119
2021-08-29,Fresno,019,978130,118533,115502,10334,125836,1790
2021-08-29,Glenn,021,27897,2901,2778,801,3579,20
2021-08-29,Humboldt,023,135768,7183,6922,240,7162,52
2021-08-29,Imperial,025,180216,30534,30293,2834,33127,750
2021-08-29,Inyo,027,18085,1555,1543,14,1557,39
2021-08-29,Kern,029,883053,109715,107324,15168,122492,1389
2021-08-29,Kings,031,150075,26915,26143,1409,27552,259
2021-08-29,Lake,033,64148,5496,5293,67,5360,74
2021-08-29,Lassen,035,31185,5804,5666,160,5826,21
2021-08-29,Los Angeles,037,10098052,1357476,1342541,49059,1391600,25263
2021-08-29,Madera,039,155013,19190,18594,1383,19977,247
2021-08-29,Marin,041,260295,16345,16134,351,16485,240
2021-08-29,Mariposa,043,17540,754,709,19,728,5
2021-08-29,Mendocino,045,87422,5927,5689,209,5898,55
2021-08-29,Merced,047,269075,35737,35250,1342,36592,497
2021-08-29,Modoc,049,8938,443,436,155,591,5
2021-08-29,Mono,051,14174,1417,1387,18,1405,3
2021-08-29,Monterey,053,433212,46068,45424,2311,47735,539
2021-08-29,Napa,055,140530,11666,11552,70,11622,87
2021-08-29,Nevada,057,99092,7611,7294,251,7545,82
2021-08-29,Orange,059,3164182,288239,284432,13280,297712,5223
2021-08-29,Placer,061,380077,31286,29674,2727,32401,319
2021-08-29,Plumas,063,18699,1051,996,17,1013,5
2021-08-29,Riverside,065,2383286,333283,326987,15258,342245,4623
2021-08-29,Sacramento,067,1510023,137962,133981,3013,136994,1843
2021-08-29,San Benito,069,59416,6715,6646,130,6776,64
2021-08-29,San Bernardino,071,2135413,328274,324266,10051,334317,5347
2021-08-29,San Diego,073,3302833,336939,332014,19745,351759,3880
2021-08-29,San Francisco,075,870044,47933,46885,1968,48853,581
2021-08-29,San Joaquin,077,732212,88180,85922,4554,90476,1528
2021-08-29,San Luis Obispo,079,281455,25938,25288,980,26268,280
2021-08-29,San Mateo,081,765935,49896,48737,716,49453,554
2021-08-29,Santa Barbara,083,443738,39836,38900,1339,40239,481
2021-08-29,Santa Clara,085,1922200,135767,132979,994,133973,1789
2021-08-29,Santa Cruz,087,273765,18621,18285,926,19211,210
2021-08-29,Shasta,089,179085,15831,15198,2292,17490,217
2021-08-29,Sierra,091,2930,116,91,13,104,0
2021-08-29,Siskiyou,093,43540,2557,2407,735,3142,33
2021-08-29,Solano,095,438530,41750,39887,1029,40916,290
2021-08-29,Sonoma,097,501317,37656,36650,449,37099,352
2021-08-29,Stanislaus,099,539301,67272,65956,7464,73420,1074
2021-08-29,Sutter,101,95872,11961,11719,151,11870,136
2021-08-29,Tehama,103,63373,6284,6040,875,6915,71
2021-08-29,Trinity,105,12862,629,468,156,624,3
2021-08-29,Tulare,107,460477,56767,54974,11223,66197,870
2021-08-29,Tuolumne,109,53932,5565,5478,62,5540,74
2021-08-29,Ventura,111,848112,91180,90114,3897,94011,1082
2021-08-29,Yolo,113,214977,17398,17015,730,17745,231
2021-08-29,Yuba,115,75493,8352,8042,177,8219,54
2021-08-28,Alameda,001,1643700,109285,107007,2433,109440,1296
2021-08-28,Alpine,003,1148,91,92,0,92,0
2021-08-28,Amador,005,37829,4599,4484,41,4525,53
2021-08-28,Butte,007,227075,16154,15487,2769,18256,214
2021-08-28,Calaveras,009,45235,3037,2926,19,2945,59
2021-08-28,Colusa,011,21464,2300,2252,488,2740,16
2021-08-28,Contra Costa,013,1133247,90192,86938,1755,88693,872
2021-08-28,Del Norte,015,27424,2934,2734,16,2750,11
2021-08-28,El Dorado,017,186661,13723,13089,1245,14334,119
2021-08-28,Fresno,019,978130,118292,115079,10303,125382,1792
2021-08-28,Glenn,021,27897,2892,2773,794,3567,20
2021-08-28,Humboldt,023,135768,7148,6887,235,7122,52
2021-08-28,Imperial,025,180216,30507,30260,2831,33091,750
2021-08-28,Inyo,027,18085,1553,1539,14,1553,39
2021-08-28,Kern,029,883053,109477,107012,15028,122040,1389
2021-08-28,Kings,031,150075,26848,26059,1406,27465,257
2021-08-28,Lake,033,64148,5473,5267,63,5330,74
2021-08-28,Lassen,035,31185,5789,5665,159,5824,21
2021-08-28,Los Angeles,037,10098052,1356261,1337097,48988,1386085,25234
2021-08-28,Madera,039,155013,19139,18553,1369,19922,247
2021-08-28,Marin,041,260295,16330,16106,351,16457,240
2021-08-28,Mariposa,043,17540,752,704,19,723,5
2021-08-28,Mendocino,045,87422,5902,5658,209,5867,55
2021-08-28,Merced,047,269075,35685,35108,1339,36447,497
2021-08-28,Modoc,049,8938,443,436,154,590,5
2021-08-28,Mono,051,14174,1414,1385,18,1403,3
2021-08-28,Monterey,053,433212,46026,45394,2306,47700,539
2021-08-28,Napa,055,140530,11643,11512,69,11581,88
2021-08-28,Nevada,057,99092,7587,7238,249,7487,82
2021-08-28,Orange,059,3164182,287882,283953,13232,297185,5222
2021-08-28,Placer,061,380077,31177,29428,2714,32142,319
2021-08-28,Plumas,063,18699,1044,991,17,1008,5
2021-08-28,Riverside,065,2383286,332695,326222,15248,341470,4623
2021-08-28,Sacramento,067,1510023,137571,132985,2995,135980,1844
2021-08-28,San Benito,069,59416,6708,6636,130,6766,64
2021-08-28,San Bernardino,071,2135413,327826,323672,10043,333715,5348
2021-08-28,San Diego,073,3302833,336355,331330,19709,351039,3880
2021-08-28,San Francisco,075,870044,47861,46654,1961,48615,581
2021-08-28,San Joaquin,077,732212,88010,85481,4545,90026,1527
2021-08-28,San Luis Obispo,079,281455,25871,25138,975,26113,280
2021-08-28,San Mateo,081,765935,49822,48575,712,49287,554
2021-08-28,Santa Barbara,083,443738,39765,38780,1339,40119,481
2021-08-28,Santa Clara,085,1922200,135561,132488,992,133480,1789
2021-08-28,Santa Cruz,087,273765,18603,18240,923,19163,210
2021-08-28,Shasta,089,179085,15728,15147,2274,17421,217
2021-08-28,Sierra,091,2930,112,91,13,104,0
2021-08-28,Siskiyou,093,43540,2549,2402,724,3126,33
2021-08-28,Solano,095,438530,41701,39610,1028,40638,290
2021-08-28,Sonoma,097,501317,37583,36466,447,36913,352
2021-08-28,Stanislaus,099,539301,67114,65670,7447,73117,1074
2021-08-28,Sutter,101,95872,11940,11669,150,11819,136
2021-08-28,Tehama,103,63373,6258,6004,864,6868,71
2021-08-28,Trinity,105,12862,625,463,155,618,3
2021-08-28,Tulare,107,460477,56637,54746,11181,65927,870
2021-08-28,Tuolumne,109,53932,5549,5469,62,5531,74
2021-08-28,Ventura,111,848112,91062,89934,3895,93829,1081
2021-08-28,Yolo,113,214977,17363,16907,723,17630,231
2021-08-28,Yuba,115,75493,8321,7985,176,8161,55
2021-08-27,Alameda,001,1643700,109074,106622,2431,109053,1296
2021-08-27,Alpine,003,1148,91,92,0,92,0
2021-08-27,Amador,005,37829,4583,4458,40,4498,53
2021-08-27,Butte,007,227075,16074,15277,2747,18024,214
2021-08-27,Calaveras,009,45235,3023,2903,19,2922,59
2021-08-27,Colusa,011,21464,2294,2240,486,2726,16
2021-08-27,Contra Costa,013,1133247,89994,86386,1752,88138,872
2021-08-27,Del Norte,015,27424,2902,2695,16,2711,11
2021-08-27,El Dorado,017,186661,13684,12968,1241,14209,119
2021-08-27,Fresno,019,978130,117857,114481,10281,124762,1774
2021-08-27,Glenn,021,27897,2874,2754,785,3539,20
2021-08-27,Humboldt,023,135768,7115,6782,232,7014,52
2021-08-27,Imperial,025,180216,30487,30201,2829,33030,750
2021-08-27,Inyo,027,18085,1552,1529,14,1543,39
2021-08-27,Kern,029,883053,109183,106570,14918,121488,1385
2021-08-27,Kings,031,150075,26769,25957,1404,27361,257
2021-08-27,Lake,033,64148,5448,5228,62,5290,74
2021-08-27,Lassen,035,31185,5773,5646,154,5800,21
2021-08-27,Los Angeles,037,10098052,1354732,1337006,48927,1385933,25230
2021-08-27,Madera,039,155013,19083,18476,1356,19832,247
2021-08-27,Marin,041,260295,16314,16055,349,16404,240
2021-08-27,Mariposa,043,17540,746,690,19,709,5
2021-08-27,Mendocino,045,87422,5871,5602,208,5810,55
2021-08-27,Merced,047,269075,35631,34906,1331,36237,495
2021-08-27,Modoc,049,8938,443,434,154,588,5
2021-08-27,Mono,051,14174,1409,1385,18,1403,3
2021-08-27,Monterey,053,433212,45977,45337,2298,47635,539
2021-08-27,Napa,055,140530,11609,11460,69,11529,87
2021-08-27,Nevada,057,99092,7547,7169,247,7416,82
2021-08-27,Orange,059,3164182,287522,283407,13193,296600,5206
2021-08-27,Placer,061,380077,31047,29157,2695,31852,320
2021-08-27,Plumas,063,18699,1038,984,17,1001,5
2021-08-27,Riverside,065,2383286,332177,325379,15233,340612,4622
2021-08-27,Sacramento,067,1510023,137136,131921,2982,134903,1838
2021-08-27,San Benito,069,59416,6702,6622,130,6752,64
2021-08-27,San Bernardino,071,2135413,327300,322893,10025,332918,5342
2021-08-27,San Diego,073,3302833,335574,330162,19655,349817,3877
2021-08-27,San Francisco,075,870044,47785,46456,1943,48399,581
2021-08-27,San Joaquin,077,732212,87827,84949,4526,89475,1524
2021-08-27,San Luis Obispo,079,281455,25822,24952,972,25924,280
2021-08-27,San Mateo,081,765935,49747,48424,708,49132,553
2021-08-27,Santa Barbara,083,443738,39673,38675,1337,40012,480
2021-08-27,Santa Clara,085,1922200,135332,132011,989,133000,1783
2021-08-27,Santa Cruz,087,273765,18563,18163,919,19082,210
2021-08-27,Shasta,089,179085,15649,14996,2258,17254,217
2021-08-27,Sierra,091,2930,111,91,13,104,0
2021-08-27,Siskiyou,093,43540,2534,2358,710,3068,33
2021-08-27,Solano,095,438530,41587,39347,1024,40371,287
2021-08-27,Sonoma,097,501317,37512,36326,446,36772,342
2021-08-27,Stanislaus,099,539301,66905,65167,7410,72577,1061
2021-08-27,Sutter,101,95872,11894,11590,148,11738,135
2021-08-27,Tehama,103,63373,6226,5964,849,6813,71
2021-08-27,Trinity,105,12862,625,458,154,612,3
2021-08-27,Tulare,107,460477,56501,54443,11136,65579,870
2021-08-27,Tuolumne,109,53932,5517,5438,62,5500,74
2021-08-27,Ventura,111,848112,90933,89774,3891,93665,1076
2021-08-27,Yolo,113,214977,17321,16805,718,17523,231
2021-08-27,Yuba,115,75493,8264,7926,176,8102,54
2021-08-26,Alameda,001,1643700,108806,106146,2423,108569,1296
2021-08-26,Alpine,003,1148,91,92,0,92,0
2021-08-26,Amador,005,37829,4568,4442,39,4481,53
2021-08-26,Butte,007,227075,15940,15159,2707,17866,214
2021-08-26,Calaveras,009,45235,3012,2873,19,2892,59
2021-08-26,Colusa,011,21464,2287,2234,482,2716,16
2021-08-26,Contra Costa,013,1133247,89634,85808,1746,87554,866
2021-08-26,Del Norte,015,27424,2866,2625,16,2641,8
2021-08-26,El Dorado,017,186661,13615,12863,1227,14090,118
2021-08-26,Fresno,019,978130,117356,113854,10227,124081,1770
2021-08-26,Glenn,021,27897,2856,2740,776,3516,20
2021-08-26,Humboldt,023,135768,7057,6695,222,6917,53
2021-08-26,Imperial,025,180216,30438,30121,2822,32943,748
2021-08-26,Inyo,027,18085,1542,1521,13,1534,39
2021-08-26,Kern,029,883053,108755,106051,14776,120827,1380
2021-08-26,Kings,031,150075,26646,25838,1396,27234,260
2021-08-26,Lake,033,64148,5402,5196,59,5255,74
2021-08-26,Lassen,035,31185,5761,5626,152,5778,21
2021-08-26,Los Angeles,037,10098052,1352457,1334372,48834,1383206,25199
2021-08-26,Madera,039,155013,19013,18393,1343,19736,247
2021-08-26,Marin,041,260295,16285,15983,346,16329,240
2021-08-26,Mariposa,043,17540,736,677,19,696,5
2021-08-26,Mendocino,045,87422,5833,5533,203,5736,55
2021-08-26,Merced,047,269075,35463,34755,1310,36065,495
2021-08-26,Modoc,049,8938,443,433,154,587,5
2021-08-26,Mono,051,14174,1405,1385,18,1403,3
2021-08-26,Monterey,053,433212,45904,45265,2287,47552,539
2021-08-26,Napa,055,140530,11586,11394,68,11462,87
2021-08-26,Nevada,057,99092,7489,7086,244,7330,80
2021-08-26,Orange,059,3164182,287030,282814,13169,295983,5200
2021-08-26,Placer,061,380077,30877,28898,2669,31567,319
2021-08-26,Plumas,063,18699,1031,971,16,987,5
2021-08-26,Riverside,065,2383286,331385,324486,15213,339699,4615
2021-08-26,Sacramento,067,1510023,136602,130977,2941,133918,1827
2021-08-26,San Benito,069,59416,6692,6604,130,6734,64
2021-08-26,San Bernardino,071,2135413,326642,322100,10000,332100,5339
2021-08-26,San Diego,073,3302833,334547,328276,19589,347865,3869
2021-08-26,San Francisco,075,870044,47659,46288,1937,48225,581
2021-08-26,San Joaquin,077,732212,87449,84429,4505,88934,1513
2021-08-26,San Luis Obispo,079,281455,25672,24831,965,25796,278
2021-08-26,San Mateo,081,765935,49618,48263,706,48969,553
2021-08-26,Santa Barbara,083,443738,39588,38566,1336,39902,479
2021-08-26,Santa Clara,085,1922200,135007,131443,985,132428,1782
2021-08-26,Santa Cruz,087,273765,18503,18072,917,18989,210
2021-08-26,Shasta,089,179085,15527,14891,2230,17121,217
2021-08-26,Sierra,091,2930,109,90,13,103,0
2021-08-26,Siskiyou,093,43540,2512,2342,697,3039,33
2021-08-26,Solano,095,438530,41438,39027,1015,40042,286
2021-08-26,Sonoma,097,501317,37423,36102,446,36548,337
2021-08-26,Stanislaus,099,539301,66605,64785,7369,72154,1061
2021-08-26,Sutter,101,95872,11834,11499,145,11644,135
2021-08-26,Tehama,103,63373,6168,5913,836,6749,68
2021-08-26,Trinity,105,12862,620,450,152,602,3
2021-08-26,Tulare,107,460477,56244,54157,11089,65246,870
2021-08-26,Tuolumne,109,53932,5497,5387,62,5449,74
2021-08-26,Ventura,111,848112,90747,89595,3882,93477,1080
2021-08-26,Yolo,113,214977,17256,16727,708,17435,231
2021-08-26,Yuba,115,75493,8191,7834,174,8008,54
2021-08-25,Alameda,001,1643700,108491,105636,2416,108052,1296
2021-08-25,Alpine,003,1148,91,92,0,92,0
2021-08-25,Amador,005,37829,4553,4415,39,4454,53
2021-08-25,Butte,007,227075,15832,15039,2664,17703,214
2021-08-25,Calaveras,009,45235,2993,2851,19,2870,59
2021-08-25,Colusa,011,21464,2280,2227,473,2700,16
2021-08-25,Contra Costa,013,1133247,89246,85322,1740,87062,863
2021-08-25,Del Norte,015,27424,2821,2573,16,2589,8
2021-08-25,El Dorado,017,186661,13555,12787,1212,13999,118
2021-08-25,Fresno,019,978130,116816,113384,10185,123569,1761
2021-08-25,Glenn,021,27897,2838,2728,761,3489,20
2021-08-25,Humboldt,023,135768,6988,6653,213,6866,52
2021-08-25,Imperial,025,180216,30401,30085,2816,32901,748
2021-08-25,Inyo,027,18085,1538,1518,13,1531,39
2021-08-25,Kern,029,883053,108324,105687,14621,120308,1379
2021-08-25,Kings,031,150075,26539,25676,1390,27066,258
2021-08-25,Lake,033,64148,5372,5163,56,5219,74
2021-08-25,Lassen,035,31185,5744,5583,151,5734,21
2021-08-25,Los Angeles,037,10098052,1349857,1331400,48737,1380137,25170
2021-08-25,Madera,039,155013,18949,18311,1321,19632,247
2021-08-25,Marin,041,260295,16263,15938,340,16278,240
2021-08-25,Mariposa,043,17540,730,676,19,695,5
2021-08-25,Mendocino,045,87422,5799,5486,197,5683,53
2021-08-25,Merced,047,269075,35331,34600,1297,35897,492
2021-08-25,Modoc,049,8938,443,433,154,587,5
2021-08-25,Mono,051,14174,1401,1382,18,1400,3
2021-08-25,Monterey,053,433212,45830,45196,2272,47468,539
2021-08-25,Napa,055,140530,11553,11348,67,11415,87
2021-08-25,Nevada,057,99092,7423,7000,243,7243,77
2021-08-25,Orange,059,3164182,286504,282061,13135,295196,5193
2021-08-25,Placer,061,380077,30701,28740,2637,31377,319
2021-08-25,Plumas,063,18699,1016,962,16,978,5
2021-08-25,Riverside,065,2383286,330541,323548,15191,338739,4610
2021-08-25,Sacramento,067,1510023,135919,130046,2902,132948,1827
2021-08-25,San Benito,069,59416,6671,6587,129,6716,64
2021-08-25,San Bernardino,071,2135413,325950,321228,9979,331207,5337
2021-08-25,San Diego,073,3302833,333279,327166,19504,346670,3859
2021-08-25,San Francisco,075,870044,47509,46107,1932,48039,578
2021-08-25,San Joaquin,077,732212,87064,84002,4488,88490,1510
2021-08-25,San Luis Obispo,079,281455,25480,24607,961,25568,276
2021-08-25,San Mateo,081,765935,49496,48153,703,48856,553
2021-08-25,Santa Barbara,083,443738,39459,38450,1336,39786,479
2021-08-25,Santa Clara,085,1922200,134639,130995,983,131978,1783
2021-08-25,Santa Cruz,087,273765,18443,17987,914,18901,210
2021-08-25,Shasta,089,179085,15401,14752,2198,16950,217
2021-08-25,Sierra,091,2930,106,90,13,103,0
2021-08-25,Siskiyou,093,43540,2467,2322,679,3001,33
2021-08-25,Solano,095,438530,41266,38848,1003,39851,286
2021-08-25,Sonoma,097,501317,37299,35986,443,36429,336
2021-08-25,Stanislaus,099,539301,66323,64441,7337,71778,1061
2021-08-25,Sutter,101,95872,11766,11451,141,11592,134
2021-08-25,Tehama,103,63373,6109,5861,819,6680,68
2021-08-25,Trinity,105,12862,614,450,151,601,3
2021-08-25,Tulare,107,460477,55960,53877,11019,64896,866
2021-08-25,Tuolumne,109,53932,5471,5354,62,5416,74
2021-08-25,Ventura,111,848112,90563,89379,3868,93247,1068
2021-08-25,Yolo,113,214977,17191,16667,698,17365,231
2021-08-25,Yuba,115,75493,8125,7771,173,7944,54
2021-08-24,Alameda,001,1643700,108183,105319,2404,107723,1296
2021-08-24,Alpine,003,1148,91,92,0,92,0
2021-08-24,Amador,005,37829,4534,4380,39,4419,50
2021-08-24,Butte,007,227075,15678,14964,2631,17595,214
2021-08-24,Calaveras,009,45235,2954,2811,19,2830,59
2021-08-24,Colusa,011,21464,2272,2221,468,2689,16
2021-08-24,Contra Costa,013,1133247,88882,84963,1735,86698,857
2021-08-24,Del Norte,015,27424,2794,2543,16,2559,8
2021-08-24,El Dorado,017,186661,13478,12732,1197,13929,118
2021-08-24,Fresno,019,978130,116208,113024,10122,123146,1761
2021-08-24,Glenn,021,27897,2823,2717,754,3471,20
2021-08-24,Humboldt,023,135768,6925,6585,200,6785,52
2021-08-24,Imperial,025,180216,30340,30045,2811,32856,748
2021-08-24,Inyo,027,18085,1533,1512,13,1525,39
2021-08-24,Kern,029,883053,107860,105399,14457,119856,1375
2021-08-24,Kings,031,150075,26418,25629,1375,27004,258
2021-08-24,Lake,033,64148,5337,5135,56,5191,72
2021-08-24,Lassen,035,31185,5728,5576,149,5725,21
2021-08-24,Los Angeles,037,10098052,1346992,1328777,48631,1377408,25135
2021-08-24,Madera,039,155013,18873,18251,1304,19555,247
2021-08-24,Marin,041,260295,16227,15900,336,16236,240
2021-08-24,Mariposa,043,17540,723,670,19,689,5
2021-08-24,Mendocino,045,87422,5756,5416,190,5606,52
2021-08-24,Merced,047,269075,35163,34490,1286,35776,491
2021-08-24,Modoc,049,8938,443,432,154,586,5
2021-08-24,Mono,051,14174,1399,1382,18,1400,3
2021-08-24,Monterey,053,433212,45764,45126,2255,47381,539
2021-08-24,Napa,055,140530,11521,11299,66,11365,85
2021-08-24,Nevada,057,99092,7353,6981,241,7222,77
2021-08-24,Orange,059,3164182,285904,281461,13111,294572,5187
2021-08-24,Placer,061,380077,30496,28618,2598,31216,318
2021-08-24,Plumas,063,18699,1006,953,16,969,5
2021-08-24,Riverside,065,2383286,329668,322620,15162,337782,4605
2021-08-24,Sacramento,067,1510023,135236,129542,2856,132398,1812
2021-08-24,San Benito,069,59416,6658,6576,129,6705,64
2021-08-24,San Bernardino,071,2135413,325195,320300,9949,330249,5328
2021-08-24,San Diego,073,3302833,331836,325823,19395,345218,3851
2021-08-24,San Francisco,075,870044,47334,46010,1922,47932,574
2021-08-24,San Joaquin,077,732212,86624,83684,4451,88135,1508
2021-08-24,San Luis Obispo,079,281455,25303,24443,950,25393,274
2021-08-24,San Mateo,081,765935,49347,48050,701,48751,553
2021-08-24,Santa Barbara,083,443738,39328,38307,1335,39642,478
2021-08-24,Santa Clara,085,1922200,134215,130763,978,131741,1779
2021-08-24,Santa Cruz,087,273765,18368,17928,908,18836,209
2021-08-24,Shasta,089,179085,15293,14664,2167,16831,217
2021-08-24,Sierra,091,2930,103,90,13,103,0
2021-08-24,Siskiyou,093,43540,2445,2294,664,2958,33
2021-08-24,Solano,095,438530,41057,38724,991,39715,283
2021-08-24,Sonoma,097,501317,37171,35849,441,36290,336
2021-08-24,Stanislaus,099,539301,65994,64195,7283,71478,1058
2021-08-24,Sutter,101,95872,11699,11384,138,11522,134
2021-08-24,Tehama,103,63373,6063,5826,805,6631,67
2021-08-24,Trinity,105,12862,603,446,143,589,3
2021-08-24,Tulare,107,460477,55608,53702,10929,64631,856
2021-08-24,Tuolumne,109,53932,5440,5287,62,5349,74
2021-08-24,Ventura,111,848112,90379,89167,3857,93024,1068
2021-08-24,Yolo,113,214977,17113,16492,685,17177,231
2021-08-24,Yuba,115,75493,8042,7723,171,7894,54
2021-08-23,Alameda,001,1643700,107775,104922,2391,107313,1294
2021-08-23,Alpine,003,1148,91,91,0,91,0
2021-08-23,Amador,005,37829,4520,4369,39,4408,50
2021-08-23,Butte,007,227075,15533,14847,2593,17440,211
2021-08-23,Calaveras,009,45235,2927,2803,19,2822,59
2021-08-23,Colusa,011,21464,2268,2206,465,2671,16
2021-08-23,Contra Costa,013,1133247,88504,84651,1728,86379,857
2021-08-23,Del Norte,015,27424,2748,2499,16,2515,8
2021-08-23,El Dorado,017,186661,13375,12684,1175,13859,118
2021-08-23,Fresno,019,978130,115647,112445,10072,122517,1759
2021-08-23,Glenn,021,27897,2807,2696,744,3440,20
2021-08-23,Humboldt,023,135768,6852,6498,186,6684,52
2021-08-23,Imperial,025,180216,30289,30011,2808,32819,748
2021-08-23,Inyo,027,18085,1526,1509,13,1522,39
2021-08-23,Kern,029,883053,107405,104995,14303,119298,1375
2021-08-23,Kings,031,150075,26287,25465,1369,26834,257
2021-08-23,Lake,033,64148,5297,5099,54,5153,69
2021-08-23,Lassen,035,31185,5716,5562,149,5711,21
2021-08-23,Los Angeles,037,10098052,1344021,1326412,48501,1374913,25096
2021-08-23,Madera,039,155013,18787,18155,1289,19444,246
2021-08-23,Marin,041,260295,16179,15856,332,16188,240
2021-08-23,Mariposa,043,17540,712,645,19,664,5
2021-08-23,Mendocino,045,87422,5689,5374,183,5557,51
2021-08-23,Merced,047,269075,34981,34322,1281,35603,488
2021-08-23,Modoc,049,8938,440,431,153,584,6
2021-08-23,Mono,051,14174,1395,1384,18,1402,3
2021-08-23,Monterey,053,433212,45664,45047,2245,47292,538
2021-08-23,Napa,055,140530,11483,11257,66,11323,85
2021-08-23,Nevada,057,99092,7272,6930,239,7169,77
2021-08-23,Orange,059,3164182,285270,280891,13077,293968,5181
2021-08-23,Placer,061,380077,30295,28540,2560,31100,314
2021-08-23,Plumas,063,18699,998,934,16,950,5
2021-08-23,Riverside,065,2383286,328750,321650,15136,336786,4598
2021-08-23,Sacramento,067,1510023,134448,128969,2789,131758,1807
2021-08-23,San Benito,069,59416,6640,6562,127,6689,64
2021-08-23,San Bernardino,071,2135413,324390,319577,9910,329487,5324
2021-08-23,San Diego,073,3302833,330403,324536,19272,343808,3848
2021-08-23,San Francisco,075,870044,47178,45945,1913,47858,573
2021-08-23,San Joaquin,077,732212,86191,83466,4418,87884,1499
2021-08-23,San Luis Obispo,079,281455,25120,24317,948,25265,274
2021-08-23,San Mateo,081,765935,49209,47935,698,48633,553
2021-08-23,Santa Barbara,083,443738,39149,38181,1333,39514,478
2021-08-23,Santa Clara,085,1922200,133815,130489,974,131463,1778
2021-08-23,Santa Cruz,087,273765,18311,17871,907,18778,209
2021-08-23,Shasta,089,179085,15166,14537,2129,16666,216
2021-08-23,Sierra,091,2930,103,90,13,103,0
2021-08-23,Siskiyou,093,43540,2424,2274,643,2917,33
2021-08-23,Solano,095,438530,40903,38612,982,39594,283
2021-08-23,Sonoma,097,501317,37050,35769,440,36209,336
2021-08-23,Stanislaus,099,539301,65660,63922,7244,71166,1058
2021-08-23,Sutter,101,95872,11611,11314,130,11444,133
2021-08-23,Tehama,103,63373,6009,5805,789,6594,67
2021-08-23,Trinity,105,12862,600,435,140,575,3
2021-08-23,Tulare,107,460477,55301,53370,10857,64227,856
2021-08-23,Tuolumne,109,53932,5398,5240,62,5302,73
2021-08-23,Ventura,111,848112,90161,88960,3845,92805,1063
2021-08-23,Yolo,113,214977,17024,16445,671,17116,226
2021-08-23,Yuba,115,75493,7971,7653,169,7822,54
2021-08-22,Alameda,001,1643700,107331,104539,2364,106903,1294
2021-08-22,Alpine,003,1148,91,91,0,91,0
2021-08-22,Amador,005,37829,4490,4349,39,4388,50
2021-08-22,Butte,007,227075,15394,14791,2559,17350,211
2021-08-22,Calaveras,009,45235,2889,2771,19,2790,59
2021-08-22,Colusa,011,21464,2261,2201,459,2660,16
2021-08-22,Contra Costa,013,1133247,87961,84371,1715,86086,857
2021-08-22,Del Norte,015,27424,2688,2455,16,2471,8
2021-08-22,El Dorado,017,186661,13271,12629,1155,13784,118
2021-08-22,Fresno,019,978130,115049,112057,10004,122061,1759
2021-08-22,Glenn,021,27897,2780,2678,731,3409,20
2021-08-22,Humboldt,023,135768,6774,6483,168,6651,52
2021-08-22,Imperial,025,180216,30231,29993,2803,32796,748
2021-08-22,Inyo,027,18085,1520,1505,13,1518,39
2021-08-22,Kern,029,883053,106879,104691,14151,118842,1375
2021-08-22,Kings,031,150075,26129,25391,1352,26743,257
2021-08-22,Lake,033,64148,5252,5069,51,5120,69
2021-08-22,Lassen,035,31185,5684,5556,145,5701,21
2021-08-22,Los Angeles,037,10098052,1340698,1324151,48371,1372522,25089
2021-08-22,Madera,039,155013,18668,18120,1275,19395,246
2021-08-22,Marin,041,260295,16127,15822,324,16146,240
2021-08-22,Mariposa,043,17540,702,638,17,655,5
2021-08-22,Mendocino,045,87422,5630,5336,183,5519,51
2021-08-22,Merced,047,269075,34778,34234,1268,35502,488
2021-08-22,Modoc,049,8938,438,431,153,584,6
2021-08-22,Mono,051,14174,1393,1378,18,1396,3
2021-08-22,Monterey,053,433212,45564,45017,2231,47248,538
2021-08-22,Napa,055,140530,11438,11231,66,11297,85
2021-08-22,Nevada,057,99092,7198,6864,237,7101,77
2021-08-22,Orange,059,3164182,284576,280390,13033,293423,5181
2021-08-22,Placer,061,380077,30089,28395,2524,30919,314
2021-08-22,Plumas,063,18699,980,923,15,938,5
2021-08-22,Riverside,065,2383286,327729,320836,15089,335925,4594
2021-08-22,Sacramento,067,1510023,133672,128231,2749,130980,1802
2021-08-22,San Benito,069,59416,6624,6550,127,6677,64
2021-08-22,San Bernardino,071,2135413,323423,318839,9875,328714,5324
2021-08-22,San Diego,073,3302833,329081,323591,19166,342757,3848
2021-08-22,San Francisco,075,870044,47012,45831,1904,47735,573
2021-08-22,San Joaquin,077,732212,85734,83121,4383,87504,1498
2021-08-22,San Luis Obispo,079,281455,24914,24250,941,25191,274
2021-08-22,San Mateo,081,765935,49033,47821,693,48514,553
2021-08-22,Santa Barbara,083,443738,38968,38099,1325,39424,478
2021-08-22,Santa Clara,085,1922200,133398,130189,967,131156,1778
2021-08-22,Santa Cruz,087,273765,18253,17823,902,18725,209
2021-08-22,Shasta,089,179085,15029,14478,2093,16571,216
2021-08-22,Sierra,091,2930,103,87,13,100,0
2021-08-22,Siskiyou,093,43540,2395,2261,625,2886,33
2021-08-22,Solano,095,438530,40705,38489,969,39458,283
2021-08-22,Sonoma,097,501317,36893,35676,438,36114,336
2021-08-22,Stanislaus,099,539301,65307,63683,7154,70837,1058
2021-08-22,Sutter,101,95872,11529,11251,126,11377,133
2021-08-22,Tehama,103,63373,5963,5791,770,6561,67
2021-08-22,Trinity,105,12862,593,433,138,571,3
2021-08-22,Tulare,107,460477,54983,53220,10774,63994,856
2021-08-22,Tuolumne,109,53932,5355,5214,62,5276,73
2021-08-22,Ventura,111,848112,89952,88791,3828,92619,1063
2021-08-22,Yolo,113,214977,16921,16374,664,17038,226
2021-08-22,Yuba,115,75493,7898,7626,168,7794,54
2021-08-21,Alameda,001,1643700,107130,104281,2358,106639,1294
2021-08-21,Alpine,003,1148,91,91,0,91,0
2021-08-21,Amador,005,37829,4480,4338,38,4376,50
2021-08-21,Butte,007,227075,15326,14714,2540,17254,211
2021-08-21,Calaveras,009,45235,2873,2744,19,2763,59
2021-08-21,Colusa,011,21464,2255,2192,455,2647,16
2021-08-21,Contra Costa,013,1133247,87701,84136,1707,85843,857
2021-08-21,Del Norte,015,27424,2665,2409,16,2425,8
2021-08-21,El Dorado,017,186661,13227,12590,1151,13741,118
2021-08-21,Fresno,019,978130,114850,111765,9992,121757,1759
2021-08-21,Glenn,021,27897,2767,2654,723,3377,20
2021-08-21,Humboldt,023,135768,6736,6446,163,6609,52
2021-08-21,Imperial,025,180216,30188,29976,2800,32776,748
2021-08-21,Inyo,027,18085,1517,1500,13,1513,39
2021-08-21,Kern,029,883053,106624,104443,14028,118471,1375
2021-08-21,Kings,031,150075,26058,25313,1347,26660,257
2021-08-21,Lake,033,64148,5231,5055,49,5104,69
2021-08-21,Lassen,035,31185,5670,5553,145,5698,21
2021-08-21,Los Angeles,037,10098052,1339400,1321308,48279,1369587,25080
2021-08-21,Madera,039,155013,18630,18067,1269,19336,246
2021-08-21,Marin,041,260295,16093,15775,322,16097,240
2021-08-21,Mariposa,043,17540,692,634,17,651,5
2021-08-21,Mendocino,045,87422,5584,5307,182,5489,51
2021-08-21,Merced,047,269075,34673,34148,1263,35411,488
2021-08-21,Modoc,049,8938,438,430,153,583,6
2021-08-21,Mono,051,14174,1393,1378,18,1396,3
2021-08-21,Monterey,053,433212,45517,44969,2224,47193,538
2021-08-21,Napa,055,140530,11403,11211,66,11277,85
2021-08-21,Nevada,057,99092,7154,6810,236,7046,77
2021-08-21,Orange,059,3164182,284124,279855,12999,292854,5181
2021-08-21,Placer,061,380077,29951,28289,2500,30789,314
2021-08-21,Plumas,063,18699,976,916,14,930,5
2021-08-21,Riverside,065,2383286,327149,320086,15076,335162,4594
2021-08-21,Sacramento,067,1510023,133176,127751,2738,130489,1809
2021-08-21,San Benito,069,59416,6614,6542,126,6668,64
2021-08-21,San Bernardino,071,2135413,322974,318293,9854,328147,5324
2021-08-21,San Diego,073,3302833,328425,322620,19117,341737,3848
2021-08-21,San Francisco,075,870044,46910,45637,1897,47534,573
2021-08-21,San Joaquin,077,732212,85517,82825,4367,87192,1498
2021-08-21,San Luis Obispo,079,281455,24856,24169,941,25110,273
2021-08-21,San Mateo,081,765935,48938,47685,693,48378,553
2021-08-21,Santa Barbara,083,443738,38886,37951,1321,39272,478
2021-08-21,Santa Clara,085,1922200,133133,129911,963,130874,1778
2021-08-21,Santa Cruz,087,273765,18216,17763,897,18660,209
2021-08-21,Shasta,089,179085,14955,14417,2079,16496,217
2021-08-21,Sierra,091,2930,98,85,13,98,0
2021-08-21,Siskiyou,093,43540,2381,2246,614,2860,33
2021-08-21,Solano,095,438530,40594,38423,959,39382,281
2021-08-21,Sonoma,097,501317,36806,35582,437,36019,336
2021-08-21,Stanislaus,099,539301,65125,63512,7137,70649,1058
2021-08-21,Sutter,101,95872,11484,11204,124,11328,133
2021-08-21,Tehama,103,63373,5938,5757,763,6520,67
2021-08-21,Trinity,105,12862,588,431,136,567,3
2021-08-21,Tulare,107,460477,54838,53045,10731,63776,857
2021-08-21,Tuolumne,109,53932,5324,5193,62,5255,73
2021-08-21,Ventura,111,848112,89807,88558,3813,92371,1063
2021-08-21,Yolo,113,214977,16874,16322,658,16980,226
2021-08-21,Yuba,115,75493,7852,7580,167,7747,54
2021-08-20,Alameda,001,1643700,106894,103812,2350,106162,1294
2021-08-20,Alpine,003,1148,91,91,0,91,0
2021-08-20,Amador,005,37829,4454,4323,38,4361,50
2021-08-20,Butte,007,227075,15253,14617,2517,17134,211
2021-08-20,Calaveras,009,45235,2853,2717,19,2736,59
2021-08-20,Colusa,011,21464,2250,2178,453,2631,16
2021-08-20,Contra Costa,013,1133247,87426,83721,1700,85421,857
2021-08-20,Del Norte,015,27424,2633,2316,16,2332,8
2021-08-20,El Dorado,017,186661,13189,12495,1143,13638,118
2021-08-20,Fresno,019,978130,114493,111315,9958,121273,1759
2021-08-20,Glenn,021,27897,2760,2642,713,3355,20
2021-08-20,Humboldt,023,135768,6684,6349,158,6507,52
2021-08-20,Imperial,025,180216,30165,29934,2800,32734,747
2021-08-20,Inyo,027,18085,1511,1495,13,1508,39
2021-08-20,Kern,029,883053,106341,104048,13900,117948,1373
2021-08-20,Kings,031,150075,25992,25241,1345,26586,256
2021-08-20,Lake,033,64148,5216,5024,46,5070,69
2021-08-20,Lassen,035,31185,5650,5539,145,5684,21
2021-08-20,Los Angeles,037,10098052,1337522,1317541,48178,1365719,25049
2021-08-20,Madera,039,155013,18581,18018,1254,19272,246
2021-08-20,Marin,041,260295,16075,15727,318,16045,240
2021-08-20,Mariposa,043,17540,687,630,17,647,5
2021-08-20,Mendocino,045,87422,5538,5241,181,5422,51
2021-08-20,Merced,047,269075,34609,34035,1253,35288,486
2021-08-20,Modoc,049,8938,438,429,153,582,6
2021-08-20,Mono,051,14174,1392,1368,18,1386,3
2021-08-20,Monterey,053,433212,45479,44890,2218,47108,538
2021-08-20,Napa,055,140530,11371,11152,66,11218,83
2021-08-20,Nevada,057,99092,7112,6753,230,6983,77
2021-08-20,Orange,059,3164182,283679,279193,12978,292171,5179
2021-08-20,Placer,061,380077,29855,28156,2471,30627,313
2021-08-20,Plumas,063,18699,966,908,14,922,5
2021-08-20,Riverside,065,2383286,326453,319072,15045,334117,4594
2021-08-20,Sacramento,067,1510023,132700,127226,2721,129947,1797
2021-08-20,San Benito,069,59416,6600,6508,126,6634,64
2021-08-20,San Bernardino,071,2135413,322363,317372,9825,327197,5322
2021-08-20,San Diego,073,3302833,327516,321102,19047,340149,3846
2021-08-20,San Francisco,075,870044,46814,45432,1882,47314,573
2021-08-20,San Joaquin,077,732212,85286,82419,4348,86767,1496
2021-08-20,San Luis Obispo,079,281455,24778,23986,937,24923,273
2021-08-20,San Mateo,081,765935,48825,47561,690,48251,551
2021-08-20,Santa Barbara,083,443738,38800,37794,1316,39110,477
2021-08-20,Santa Clara,085,1922200,132851,129510,958,130468,1774
2021-08-20,Santa Cruz,087,273765,18176,17701,894,18595,209
2021-08-20,Shasta,089,179085,14874,14277,2061,16338,215
2021-08-20,Sierra,091,2930,97,83,13,96,0
2021-08-20,Siskiyou,093,43540,2365,2226,609,2835,33
2021-08-20,Solano,095,438530,40453,38214,948,39162,277
2021-08-20,Sonoma,097,501317,36738,35416,436,35852,336
2021-08-20,Stanislaus,099,539301,64936,63219,7113,70332,1047
2021-08-20,Sutter,101,95872,11428,11136,123,11259,133
2021-08-20,Tehama,103,63373,5922,5730,751,6481,66
2021-08-20,Trinity,105,12862,588,422,135,557,3
2021-08-20,Tulare,107,460477,54708,52855,10688,63543,856
2021-08-20,Tuolumne,109,53932,5300,5153,61,5214,73
2021-08-20,Ventura,111,848112,89639,88285,3810,92095,1061
2021-08-20,Yolo,113,214977,16819,16236,652,16888,225
2021-08-20,Yuba,115,75493,7811,7523,167,7690,54
2021-08-19,Alameda,001,1643700,106449,103276,2328,105604,1294
2021-08-19,Alpine,003,1148,91,91,0,91,0
2021-08-19,Amador,005,37829,4447,4317,38,4355,50
2021-08-19,Butte,007,227075,15119,14518,2489,17007,211
2021-08-19,Calaveras,009,45235,2831,2673,19,2692,59
2021-08-19,Colusa,011,21464,2241,2167,448,2615,16
2021-08-19,Contra Costa,013,1133247,86986,83296,1687,84983,852
2021-08-19,Del Norte,015,27424,2583,2257,16,2273,8
2021-08-19,El Dorado,017,186661,13103,12410,1124,13534,118
2021-08-19,Fresno,019,978130,114052,110947,9904,120851,1759
2021-08-19,Glenn,021,27897,2742,2629,706,3335,20
2021-08-19,Humboldt,023,135768,6623,6246,152,6398,52
2021-08-19,Imperial,025,180216,30119,29865,2795,32660,747
2021-08-19,Inyo,027,18085,1504,1494,13,1507,39
2021-08-19,Kern,029,883053,105945,103731,13759,117490,1371
2021-08-19,Kings,031,150075,25861,25128,1333,26461,256
2021-08-19,Lake,033,64148,5184,4991,42,5033,69
2021-08-19,Lassen,035,31185,5632,5520,144,5664,21
2021-08-19,Los Angeles,037,10098052,1334538,1314453,48039,1362492,25020
2021-08-19,Madera,039,155013,18519,17947,1239,19186,246
2021-08-19,Marin,041,260295,16042,15672,315,15987,240
2021-08-19,Mariposa,043,17540,672,618,17,635,5
2021-08-19,Mendocino,045,87422,5505,5167,178,5345,51
2021-08-19,Merced,047,269075,34474,33851,1239,35090,486
2021-08-19,Modoc,049,8938,438,427,153,580,6
2021-08-19,Mono,051,14174,1388,1349,18,1367,3
2021-08-19,Monterey,053,433212,45406,44821,2208,47029,538
2021-08-19,Napa,055,140530,11319,11104,66,11170,83
2021-08-19,Nevada,057,99092,7048,6695,227,6922,77
2021-08-19,Orange,059,3164182,283042,278562,12927,291489,5172
2021-08-19,Placer,061,380077,29675,27953,2454,30407,313
2021-08-19,Plumas,063,18699,953,896,14,910,5
2021-08-19,Riverside,065,2383286,325421,318056,15016,333072,4589
2021-08-19,Sacramento,067,1510023,131997,126720,2686,129406,1801
2021-08-19,San Benito,069,59416,6583,6493,125,6618,64
2021-08-19,San Bernardino,071,2135413,321539,316398,9802,326200,5318
2021-08-19,San Diego,073,3302833,326265,319582,18949,338531,3839
2021-08-19,San Francisco,075,870044,46651,45220,1869,47089,571
2021-08-19,San Joaquin,077,732212,84837,82047,4299,86346,1491
2021-08-19,San Luis Obispo,079,281455,24640,23878,930,24808,271
2021-08-19,San Mateo,081,765935,48693,47431,689,48120,551
2021-08-19,Santa Barbara,083,443738,38655,37693,1313,39006,477
2021-08-19,Santa Clara,085,1922200,132461,129133,951,130084,1774
2021-08-19,Santa Cruz,087,273765,18113,17644,887,18531,209
2021-08-19,Shasta,089,179085,14750,14200,2038,16238,214
2021-08-19,Sierra,091,2930,93,83,13,96,0
2021-08-19,Siskiyou,093,43540,2350,2218,597,2815,33
2021-08-19,Solano,095,438530,40295,38025,937,38962,273
2021-08-19,Sonoma,097,501317,36650,35233,435,35668,336
2021-08-19,Stanislaus,099,539301,64592,62928,7069,69997,1047
2021-08-19,Sutter,101,95872,11343,11057,122,11179,133
2021-08-19,Tehama,103,63373,5886,5683,725,6408,66
2021-08-19,Trinity,105,12862,584,414,133,547,3
2021-08-19,Tulare,107,460477,54476,52685,10625,63310,856
2021-08-19,Tuolumne,109,53932,5264,5112,60,5172,64
2021-08-19,Ventura,111,848112,89436,88073,3796,91869,1060
2021-08-19,Yolo,113,214977,16734,16153,644,16797,225
2021-08-19,Yuba,115,75493,7759,7458,166,7624,51
2021-08-18,Alameda,001,1643700,106043,102696,2307,105003,1294
2021-08-18,Alpine,003,1148,90,91,0,91,0
2021-08-18,Amador,005,37829,4431,4279,37,4316,50
2021-08-18,Butte,007,227075,15009,14426,2459,16885,208
2021-08-18,Calaveras,009,45235,2794,2643,18,2661,59
2021-08-18,Colusa,011,21464,2233,2160,444,2604,16
2021-08-18,Contra Costa,013,1133247,86486,82767,1681,84448,851
2021-08-18,Del Norte,015,27424,2526,2219,16,2235,8
2021-08-18,El Dorado,017,186661,13013,12306,1110,13416,118
2021-08-18,Fresno,019,978130,113597,110523,9843,120366,1759
2021-08-18,Glenn,021,27897,2709,2623,698,3321,20
2021-08-18,Humboldt,023,135768,6552,6195,147,6342,52
2021-08-18,Imperial,025,180216,30086,29821,2793,32614,746
2021-08-18,Inyo,027,18085,1501,1494,13,1507,39
2021-08-18,Kern,029,883053,105598,103440,13665,117105,1370
2021-08-18,Kings,031,150075,25752,24984,1325,26309,256
2021-08-18,Lake,033,64148,5143,4957,41,4998,69
2021-08-18,Lassen,035,31185,5613,5506,143,5649,21
2021-08-18,Los Angeles,037,10098052,1331385,1311477,47908,1359385,24984
2021-08-18,Madera,039,155013,18460,17871,1226,19097,246
2021-08-18,Marin,041,260295,16004,15610,312,15922,240
2021-08-18,Mariposa,043,17540,659,615,16,631,5
2021-08-18,Mendocino,045,87422,5454,5129,176,5305,51
2021-08-18,Merced,047,269075,34310,33708,1228,34936,484
2021-08-18,Modoc,049,8938,438,427,152,579,6
2021-08-18,Mono,051,14174,1385,1344,18,1362,3
2021-08-18,Monterey,053,433212,45322,44735,2191,46926,532
2021-08-18,Napa,055,140530,11280,11060,65,11125,83
2021-08-18,Nevada,057,99092,6982,6633,227,6860,76
2021-08-18,Orange,059,3164182,282404,277795,12875,290670,5168
2021-08-18,Placer,061,380077,29447,27741,2426,30167,312
2021-08-18,Plumas,063,18699,944,874,14,888,5
2021-08-18,Riverside,065,2383286,324422,317107,14983,332090,4585
2021-08-18,Sacramento,067,1510023,131236,125599,2654,128253,1781
2021-08-18,San Benito,069,59416,6572,6481,124,6605,64
2021-08-18,San Bernardino,071,2135413,320740,315477,9783,325260,5304
2021-08-18,San Diego,073,3302833,324925,318152,18883,337035,3834
2021-08-18,San Francisco,075,870044,46449,44957,1860,46817,568
2021-08-18,San Joaquin,077,732212,84384,81601,4268,85869,1491
2021-08-18,San Luis Obispo,079,281455,24490,23726,917,24643,270
2021-08-18,San Mateo,081,765935,48529,47255,688,47943,551
2021-08-18,Santa Barbara,083,443738,38525,37599,1307,38906,475
2021-08-18,Santa Clara,085,1922200,132097,128563,948,129511,1773
2021-08-18,Santa Cruz,087,273765,18058,17566,883,18449,209
2021-08-18,Shasta,089,179085,14651,14087,2019,16106,213
2021-08-18,Sierra,091,2930,92,83,13,96,0
2021-08-18,Siskiyou,093,43540,2321,2204,585,2789,33
2021-08-18,Solano,095,438530,40089,37812,922,38734,271
2021-08-18,Sonoma,097,501317,36506,35063,434,35497,333
2021-08-18,Stanislaus,099,539301,64261,62613,7026,69639,1047
2021-08-18,Sutter,101,95872,11271,11004,117,11121,130
2021-08-18,Tehama,103,63373,5851,5653,715,6368,66
2021-08-18,Trinity,105,12862,577,409,130,539,3
2021-08-18,Tulare,107,460477,54237,52486,10556,63042,856
2021-08-18,Tuolumne,109,53932,5228,5081,58,5139,64
2021-08-18,Ventura,111,848112,89204,87835,3786,91621,1055
2021-08-18,Yolo,113,214977,16651,16047,626,16673,225
2021-08-18,Yuba,115,75493,7694,7391,166,7557,51
2021-08-17,Alameda,001,1643700,105646,102379,2292,104671,1290
2021-08-17,Alpine,003,1148,90,91,0,91,0
2021-08-17,Amador,005,37829,4402,4266,37,4303,50
2021-08-17,Butte,007,227075,14902,14357,2424,16781,206
2021-08-17,Calaveras,009,45235,2760,2624,18,2642,59
2021-08-17,Colusa,011,21464,2224,2156,440,2596,16
2021-08-17,Contra Costa,013,1133247,86038,82482,1671,84153,848
2021-08-17,Del Norte,015,27424,2472,2188,16,2204,8
2021-08-17,El Dorado,017,186661,12926,12242,1096,13338,118
2021-08-17,Fresno,019,978130,113111,110263,9780,120043,1755
2021-08-17,Glenn,021,27897,2695,2608,689,3297,20
2021-08-17,Humboldt,023,135768,6472,6155,145,6300,52
2021-08-17,Imperial,025,180216,30035,29768,2789,32557,746
2021-08-17,Inyo,027,18085,1498,1492,13,1505,39
2021-08-17,Kern,029,883053,105204,103048,13544,116592,1367
2021-08-17,Kings,031,150075,25647,24930,1314,26244,254
2021-08-17,Lake,033,64148,5100,4930,35,4965,68
2021-08-17,Lassen,035,31185,5596,5499,141,5640,21
2021-08-17,Los Angeles,037,10098052,1327816,1307999,47781,1355780,24952
2021-08-17,Madera,039,155013,18386,17838,1208,19046,246
2021-08-17,Marin,041,260295,15948,15570,312,15882,240
2021-08-17,Mariposa,043,17540,651,609,15,624,5
2021-08-17,Mendocino,045,87422,5399,5097,176,5273,51
2021-08-17,Merced,047,269075,34160,33508,1217,34725,482
2021-08-17,Modoc,049,8938,435,424,150,574,6
2021-08-17,Mono,051,14174,1380,1341,18,1359,3
2021-08-17,Monterey,053,433212,45238,44672,2181,46853,528
2021-08-17,Napa,055,140530,11239,11007,64,11071,83
2021-08-17,Nevada,057,99092,6907,6605,225,6830,75
2021-08-17,Orange,059,3164182,281759,277121,12839,289960,5164
2021-08-17,Placer,061,380077,29232,27634,2397,30031,312
2021-08-17,Plumas,063,18699,932,860,14,874,5
2021-08-17,Riverside,065,2383286,323409,316051,14940,330991,4582
2021-08-17,Sacramento,067,1510023,130442,125151,2612,127763,1774
2021-08-17,San Benito,069,59416,6553,6470,124,6594,64
2021-08-17,San Bernardino,071,2135413,319801,314402,9743,324145,5302
2021-08-17,San Diego,073,3302833,323315,317058,18785,335843,3824
2021-08-17,San Francisco,075,870044,46249,44820,1854,46674,567
2021-08-17,San Joaquin,077,732212,83916,81300,4234,85534,1489
2021-08-17,San Luis Obispo,079,281455,24334,23556,914,24470,268
2021-08-17,San Mateo,081,765935,48374,47127,683,47810,551
2021-08-17,Santa Barbara,083,443738,38366,37478,1300,38778,475
2021-08-17,Santa Clara,085,1922200,131694,128354,942,129296,1773
2021-08-17,Santa Cruz,087,273765,17973,17528,882,18410,209
2021-08-17,Shasta,089,179085,14520,14012,2000,16012,214
2021-08-17,Sierra,091,2930,91,82,13,95,0
2021-08-17,Siskiyou,093,43540,2305,2183,572,2755,33
2021-08-17,Solano,095,438530,39860,37662,909,38571,269
2021-08-17,Sonoma,097,501317,36358,34943,430,35373,333
2021-08-17,Stanislaus,099,539301,63920,62385,6967,69352,1047
2021-08-17,Sutter,101,95872,11199,10973,117,11090,130
2021-08-17,Tehama,103,63373,5817,5612,694,6306,66
2021-08-17,Trinity,105,12862,572,406,128,534,3
2021-08-17,Tulare,107,460477,53969,52362,10491,62853,856
2021-08-17,Tuolumne,109,53932,5185,5042,57,5099,64
2021-08-17,Ventura,111,848112,88965,87601,3765,91366,1053
2021-08-17,Yolo,113,214977,16562,15975,612,16587,225
2021-08-17,Yuba,115,75493,7622,7355,166,7521,51
2021-08-16,Alameda,001,1643700,105149,102052,2284,104336,1287
2021-08-16,Alpine,003,1148,90,91,0,91,0
2021-08-16,Amador,005,37829,4392,4235,37,4272,50
2021-08-16,Butte,007,227075,14785,14283,2387,16670,206
2021-08-16,Calaveras,009,45235,2700,2609,17,2626,57
2021-08-16,Colusa,011,21464,2213,2147,436,2583,16
2021-08-16,Contra Costa,013,1133247,85496,82070,1661,83731,848
2021-08-16,Del Norte,015,27424,2395,2125,16,2141,8
2021-08-16,El Dorado,017,186661,12825,12139,1083,13222,118
2021-08-16,Fresno,019,978130,112613,109623,9728,119351,1753
2021-08-16,Glenn,021,27897,2676,2593,683,3276,20
2021-08-16,Humboldt,023,135768,6401,6064,124,6188,52
2021-08-16,Imperial,025,180216,29994,29737,2775,32512,746
2021-08-16,Inyo,027,18085,1495,1490,13,1503,39
2021-08-16,Kern,029,883053,104829,102690,13428,116118,1367
2021-08-16,Kings,031,150075,25544,24817,1305,26122,254
2021-08-16,Lake,033,64148,5073,4898,34,4932,68
2021-08-16,Lassen,035,31185,5580,5481,133,5614,21
2021-08-16,Los Angeles,037,10098052,1324433,1305330,47641,1352971,24923
2021-08-16,Madera,039,155013,18311,17756,1187,18943,246
2021-08-16,Marin,041,260295,15889,15497,311,15808,239
2021-08-16,Mariposa,043,17540,634,597,15,612,5
2021-08-16,Mendocino,045,87422,5343,5037,174,5211,49
2021-08-16,Merced,047,269075,33959,33364,1204,34568,481
2021-08-16,Modoc,049,8938,433,421,149,570,5
2021-08-16,Mono,051,14174,1375,1339,18,1357,3
2021-08-16,Monterey,053,433212,45159,44595,2169,46764,527
2021-08-16,Napa,055,140530,11210,10946,64,11010,83
2021-08-16,Nevada,057,99092,6852,6535,224,6759,74
2021-08-16,Orange,059,3164182,280965,275985,12793,288778,5161
2021-08-16,Placer,061,380077,29050,27384,2365,29749,306
2021-08-16,Plumas,063,18699,921,851,14,865,5
2021-08-16,Riverside,065,2383286,322316,314774,14903,329677,4582
2021-08-16,Sacramento,067,1510023,129632,124554,2569,127123,1762
2021-08-16,San Benito,069,59416,6529,6452,124,6576,64
2021-08-16,San Bernardino,071,2135413,318834,313617,9716,323333,5301
2021-08-16,San Diego,073,3302833,321717,315348,18645,333993,3824
2021-08-16,San Francisco,075,870044,46045,44681,1847,46528,567
2021-08-16,San Joaquin,077,732212,83412,81087,4206,85293,1488
2021-08-16,San Luis Obispo,079,281455,24184,23452,906,24358,265
2021-08-16,San Mateo,081,765935,48192,47024,677,47701,548
2021-08-16,Santa Barbara,083,443738,38196,37358,1295,38653,475
2021-08-16,Santa Clara,085,1922200,131230,127978,938,128916,1773
2021-08-16,Santa Cruz,087,273765,17909,17491,876,18367,209
2021-08-16,Shasta,089,179085,14431,13862,1984,15846,211
2021-08-16,Sierra,091,2930,88,82,13,95,0
2021-08-16,Siskiyou,093,43540,2288,2169,552,2721,33
2021-08-16,Solano,095,438530,39579,37436,897,38333,263
2021-08-16,Sonoma,097,501317,36190,34844,427,35271,333
2021-08-16,Stanislaus,099,539301,63581,62033,6915,68948,1039
2021-08-16,Sutter,101,95872,11130,10902,116,11018,130
2021-08-16,Tehama,103,63373,5754,5565,689,6254,66
2021-08-16,Trinity,105,12862,566,400,127,527,3
2021-08-16,Tulare,107,460477,53724,52162,10423,62585,856
2021-08-16,Tuolumne,109,53932,5146,4984,56,5040,64
2021-08-16,Ventura,111,848112,88720,86954,3747,90701,1052
2021-08-16,Yolo,113,214977,16461,15922,604,16526,225
2021-08-16,Yuba,115,75493,7538,7314,165,7479,51
2021-08-15,Alameda,001,1643700,104667,101660,2267,103927,1287
2021-08-15,Alpine,003,1148,90,91,0,91,0
2021-08-15,Amador,005,37829,4364,4231,37,4268,49
2021-08-15,Butte,007,227075,14662,14263,2363,16626,206
2021-08-15,Calaveras,009,45235,2658,2599,17,2616,57
2021-08-15,Colusa,011,21464,2201,2140,426,2566,16
2021-08-15,Contra Costa,013,1133247,85012,81781,1646,83427,848
2021-08-15,Del Norte,015,27424,2328,2060,16,2076,8
2021-08-15,El Dorado,017,186661,12690,12057,1066,13123,118
2021-08-15,Fresno,019,978130,112135,109382,9662,119044,1753
2021-08-15,Glenn,021,27897,2653,2592,671,3263,20
2021-08-15,Humboldt,023,135768,6327,6024,118,6142,52
2021-08-15,Imperial,025,180216,29928,29711,2771,32482,746
2021-08-15,Inyo,027,18085,1494,1489,13,1502,39
2021-08-15,Kern,029,883053,104385,102524,13316,115840,1367
2021-08-15,Kings,031,150075,25398,24736,1295,26031,254
2021-08-15,Lake,033,64148,5014,4886,33,4919,68
2021-08-15,Lassen,035,31185,5563,5482,132,5614,21
2021-08-15,Los Angeles,037,10098052,1320898,1302882,47472,1350354,24918
2021-08-15,Madera,039,155013,18223,17714,1171,18885,246
2021-08-15,Marin,041,260295,15830,15461,309,15770,239
2021-08-15,Mariposa,043,17540,627,591,14,605,5
2021-08-15,Mendocino,045,87422,5286,5022,168,5190,49
2021-08-15,Merced,047,269075,33715,33305,1193,34498,481
2021-08-15,Modoc,049,8938,431,421,149,570,5
2021-08-15,Mono,051,14174,1371,1334,18,1352,3
2021-08-15,Monterey,053,433212,45037,44567,2148,46715,527
2021-08-15,Napa,055,140530,11155,10919,64,10983,83
2021-08-15,Nevada,057,99092,6767,6486,224,6710,74
2021-08-15,Orange,059,3164182,280195,275447,12753,288200,5161
2021-08-15,Placer,061,380077,28828,27220,2317,29537,306
2021-08-15,Plumas,063,18699,909,850,14,864,5
2021-08-15,Riverside,065,2383286,321178,314133,14876,329009,4582
2021-08-15,Sacramento,067,1510023,128814,123924,2537,126461,1761
2021-08-15,San Benito,069,59416,6511,6446,123,6569,64
2021-08-15,San Bernardino,071,2135413,317762,313120,9685,322805,5301
2021-08-15,San Diego,073,3302833,320245,314247,18518,332765,3824
2021-08-15,San Francisco,075,870044,45820,44531,1832,46363,567
2021-08-15,San Joaquin,077,732212,82924,80832,4167,84999,1488
2021-08-15,San Luis Obispo,079,281455,23988,23404,896,24300,265
2021-08-15,San Mateo,081,765935,48005,46897,671,47568,548
2021-08-15,Santa Barbara,083,443738,38024,37276,1288,38564,475
2021-08-15,Santa Clara,085,1922200,130796,127715,932,128647,1773
2021-08-15,Santa Cruz,087,273765,17839,17440,869,18309,209
2021-08-15,Shasta,089,179085,14328,13835,1959,15794,211
2021-08-15,Sierra,091,2930,87,82,12,94,0
2021-08-15,Siskiyou,093,43540,2267,2169,538,2707,33
2021-08-15,Solano,095,438530,39322,37320,886,38206,263
2021-08-15,Sonoma,097,501317,35994,34706,419,35125,333
2021-08-15,Stanislaus,099,539301,63212,61795,6838,68633,1039
2021-08-15,Sutter,101,95872,11039,10863,116,10979,130
2021-08-15,Tehama,103,63373,5705,5550,683,6233,66
2021-08-15,Trinity,105,12862,562,400,126,526,3
2021-08-15,Tulare,107,460477,53469,52046,10364,62410,856
2021-08-15,Tuolumne,109,53932,5108,4934,54,4988,64
2021-08-15,Ventura,111,848112,88415,86797,3732,90529,1052
2021-08-15,Yolo,113,214977,16366,15873,594,16467,225
2021-08-15,Yuba,115,75493,7461,7265,164,7429,51
2021-08-14,Alameda,001,1643700,104451,101305,2263,103568,1287
2021-08-14,Alpine,003,1148,90,91,0,91,0
2021-08-14,Amador,005,37829,4346,4206,37,4243,49
2021-08-14,Butte,007,227075,14626,14192,2347,16539,206
2021-08-14,Calaveras,009,45235,2651,2579,17,2596,57
2021-08-14,Colusa,011,21464,2190,2134,422,2556,16
2021-08-14,Contra Costa,013,1133247,84764,81458,1638,83096,848
2021-08-14,Del Norte,015,27424,2301,2015,16,2031,8
2021-08-14,El Dorado,017,186661,12654,12019,1058,13077,118
2021-08-14,Fresno,019,978130,111973,109056,9632,118688,1753
2021-08-14,Glenn,021,27897,2642,2583,668,3251,20
2021-08-14,Humboldt,023,135768,6274,5998,115,6113,52
2021-08-14,Imperial,025,180216,29901,29671,2771,32442,746
2021-08-14,Inyo,027,18085,1492,1487,13,1500,39
2021-08-14,Kern,029,883053,104190,102306,13220,115526,1367
2021-08-14,Kings,031,150075,25300,24647,1287,25934,254
2021-08-14,Lake,033,64148,4997,4850,32,4882,68
2021-08-14,Lassen,035,31185,5556,5475,131,5606,21
2021-08-14,Los Angeles,037,10098052,1319125,1299346,47335,1346681,24911
2021-08-14,Madera,039,155013,18176,17691,1166,18857,246
2021-08-14,Marin,041,260295,15796,15441,309,15750,239
2021-08-14,Mariposa,043,17540,623,584,14,598,5
2021-08-14,Mendocino,045,87422,5250,4977,165,5142,49
2021-08-14,Merced,047,269075,33651,33234,1187,34421,481
2021-08-14,Modoc,049,8938,431,421,149,570,5
2021-08-14,Mono,051,14174,1366,1332,18,1350,3
2021-08-14,Monterey,053,433212,44992,44514,2145,46659,527
2021-08-14,Napa,055,140530,11125,10878,63,10941,83
2021-08-14,Nevada,057,99092,6732,6419,223,6642,74
2021-08-14,Orange,059,3164182,279761,274732,12726,287458,5161
2021-08-14,Placer,061,380077,28682,27115,2293,29408,306
2021-08-14,Plumas,063,18699,899,849,14,863,5
2021-08-14,Riverside,065,2383286,320462,313264,14855,328119,4582
2021-08-14,Sacramento,067,1510023,128321,123438,2518,125956,1758
2021-08-14,San Benito,069,59416,6498,6428,123,6551,64
2021-08-14,San Bernardino,071,2135413,317212,312142,9664,321806,5301
2021-08-14,San Diego,073,3302833,319574,313589,18450,332039,3824
2021-08-14,San Francisco,075,870044,45691,44353,1813,46166,567
2021-08-14,San Joaquin,077,732212,82707,80585,4152,84737,1488
2021-08-14,San Luis Obispo,079,281455,23927,23328,893,24221,265
2021-08-14,San Mateo,081,765935,47886,46792,667,47459,548
2021-08-14,Santa Barbara,083,443738,37930,37118,1286,38404,475
2021-08-14,Santa Clara,085,1922200,130517,127432,929,128361,1772
2021-08-14,Santa Cruz,087,273765,17800,17384,868,18252,209
2021-08-14,Shasta,089,179085,14253,13813,1938,15751,211
2021-08-14,Sierra,091,2930,86,81,12,93,0
2021-08-14,Siskiyou,093,43540,2257,2160,528,2688,33
2021-08-14,Solano,095,438530,39235,37237,874,38111,263
2021-08-14,Sonoma,097,501317,35871,34606,417,35023,333
2021-08-14,Stanislaus,099,539301,63036,61564,6794,68358,1039
2021-08-14,Sutter,101,95872,10994,10808,115,10923,130
2021-08-14,Tehama,103,63373,5681,5530,678,6208,66
2021-08-14,Trinity,105,12862,556,399,126,525,3
2021-08-14,Tulare,107,460477,53333,51951,10319,62270,856
2021-08-14,Tuolumne,109,53932,5073,4924,54,4978,64
2021-08-14,Ventura,111,848112,88259,86569,3712,90281,1052
2021-08-14,Yolo,113,214977,16321,15815,585,16400,225
2021-08-14,Yuba,115,75493,7412,7223,164,7387,51
2021-08-13,Alameda,001,1643700,104156,100930,2255,103185,1284
2021-08-13,Alpine,003,1148,90,91,0,91,0
2021-08-13,Amador,005,37829,4318,4169,37,4206,49
2021-08-13,Butte,007,227075,14556,14100,2331,16431,206
2021-08-13,Calaveras,009,45235,2645,2564,17,2581,57
2021-08-13,Colusa,011,21464,2183,2123,417,2540,16
2021-08-13,Contra Costa,013,1133247,84452,81046,1631,82677,848
2021-08-13,Del Norte,015,27424,2261,1973,16,1989,8
2021-08-13,El Dorado,017,186661,12614,11951,1046,12997,118
2021-08-13,Fresno,019,978130,111681,108638,9608,118246,1753
2021-08-13,Glenn,021,27897,2631,2574,665,3239,20
2021-08-13,Humboldt,023,135768,6227,5882,112,5994,52
2021-08-13,Imperial,025,180216,29874,29654,2770,32424,745
2021-08-13,Inyo,027,18085,1491,1484,13,1497,39
2021-08-13,Kern,029,883053,103981,102029,13111,115140,1364
2021-08-13,Kings,031,150075,25215,24531,1280,25811,253
2021-08-13,Lake,033,64148,4974,4811,31,4842,68
2021-08-13,Lassen,035,31185,5548,5455,130,5585,21
2021-08-13,Los Angeles,037,10098052,1316801,1295406,47197,1342603,24891
2021-08-13,Madera,039,155013,18127,17614,1157,18771,246
2021-08-13,Marin,041,260295,15765,15380,309,15689,239
2021-08-13,Mariposa,043,17540,617,577,14,591,5
2021-08-13,Mendocino,045,87422,5197,4924,163,5087,49
2021-08-13,Merced,047,269075,33604,33111,1181,34292,480
2021-08-13,Modoc,049,8938,430,421,148,569,5
2021-08-13,Mono,051,14174,1363,1331,18,1349,3
2021-08-13,Monterey,053,433212,44932,44450,2143,46593,527
2021-08-13,Napa,055,140530,11089,10830,63,10893,83
2021-08-13,Nevada,057,99092,6691,6356,222,6578,74
2021-08-13,Orange,059,3164182,279268,274004,12677,286681,5159
2021-08-13,Placer,061,380077,28581,26987,2266,29253,306
2021-08-13,Plumas,063,18699,885,842,14,856,5
2021-08-13,Riverside,065,2383286,319723,312408,14830,327238,4581
2021-08-13,Sacramento,067,1510023,127851,122868,2493,125361,1758
2021-08-13,San Benito,069,59416,6492,6422,121,6543,64
2021-08-13,San Bernardino,071,2135413,316544,311378,9645,321023,5301
2021-08-13,San Diego,073,3302833,318528,312293,18371,330664,3821
2021-08-13,San Francisco,075,870044,45555,44196,1790,45986,567
2021-08-13,San Joaquin,077,732212,82490,80232,4136,84368,1481
2021-08-13,San Luis Obispo,079,281455,23864,23226,890,24116,265
2021-08-13,San Mateo,081,765935,47767,46660,666,47326,548
2021-08-13,Santa Barbara,083,443738,37845,37023,1282,38305,474
2021-08-13,Santa Clara,085,1922200,130230,126958,923,127881,1769
2021-08-13,Santa Cruz,087,273765,17760,17332,861,18193,209
2021-08-13,Shasta,089,179085,14190,13698,1924,15622,211
2021-08-13,Sierra,091,2930,85,81,12,93,0
2021-08-13,Siskiyou,093,43540,2248,2147,524,2671,33
2021-08-13,Solano,095,438530,39101,37104,866,37970,264
2021-08-13,Sonoma,097,501317,35766,34464,417,34881,333
2021-08-13,Stanislaus,099,539301,62864,61294,6753,68047,1039
2021-08-13,Sutter,101,95872,10950,10751,114,10865,130
2021-08-13,Tehama,103,63373,5657,5496,676,6172,66
2021-08-13,Trinity,105,12862,552,392,126,518,3
2021-08-13,Tulare,107,460477,53229,51770,10246,62016,856
2021-08-13,Tuolumne,109,53932,5040,4899,53,4952,64
2021-08-13,Ventura,111,848112,88101,86368,3699,90067,1052
2021-08-13,Yolo,113,214977,16267,15761,575,16336,225
2021-08-13,Yuba,115,75493,7374,7184,164,7348,51
2021-08-12,Alameda,001,1643700,103668,100472,2242,102714,1284
2021-08-12,Alpine,003,1148,90,91,0,91,0
2021-08-12,Amador,005,37829,4288,4161,36,4197,49
2021-08-12,Butte,007,227075,14486,14006,2313,16319,206
2021-08-12,Calaveras,009,45235,2629,2531,17,2548,57
2021-08-12,Colusa,011,21464,2178,2111,416,2527,17
2021-08-12,Contra Costa,013,1133247,83967,80738,1616,82354,846
2021-08-12,Del Norte,015,27424,2189,1923,16,1939,8
2021-08-12,El Dorado,017,186661,12500,11880,1037,12917,118
2021-08-12,Fresno,019,978130,111258,108193,9540,117733,1753
2021-08-12,Glenn,021,27897,2623,2559,653,3212,20
2021-08-12,Humboldt,023,135768,6158,5845,108,5953,52
2021-08-12,Imperial,025,180216,29818,29585,2764,32349,745
2021-08-12,Inyo,027,18085,1489,1483,13,1496,39
2021-08-12,Kern,029,883053,103692,101698,13032,114730,1364
2021-08-12,Kings,031,150075,25115,24423,1272,25695,252
2021-08-12,Lake,033,64148,4948,4774,31,4805,68
2021-08-12,Lassen,035,31185,5526,5428,129,5557,21
2021-08-12,Los Angeles,037,10098052,1313609,1291875,47063,1338938,24874
2021-08-12,Madera,039,155013,18063,17564,1145,18709,246
2021-08-12,Marin,041,260295,15716,15277,306,15583,239
2021-08-12,Mariposa,043,17540,608,568,13,581,5
2021-08-12,Mendocino,045,87422,5167,4873,157,5030,49
2021-08-12,Merced,047,269075,33480,32960,1174,34134,480
2021-08-12,Modoc,049,8938,429,423,148,571,5
2021-08-12,Mono,051,14174,1358,1325,18,1343,3
2021-08-12,Monterey,053,433212,44856,44383,2128,46511,527
2021-08-12,Napa,055,140530,11040,10780,62,10842,83
2021-08-12,Nevada,057,99092,6630,6283,222,6505,74
2021-08-12,Orange,059,3164182,278589,273167,12619,285786,5158
2021-08-12,Placer,061,380077,28382,26856,2243,29099,306
2021-08-12,Plumas,063,18699,877,829,14,843,5
2021-08-12,Riverside,065,2383286,318714,311304,14798,326102,4575
2021-08-12,Sacramento,067,1510023,127078,122222,2463,124685,1758
2021-08-12,San Benito,069,59416,6475,6398,119,6517,64
2021-08-12,San Bernardino,071,2135413,315670,310420,9615,320035,5297
2021-08-12,San Diego,073,3302833,317158,310596,18282,328878,3821
2021-08-12,San Francisco,075,870044,45348,43774,1777,45551,564
2021-08-12,San Joaquin,077,732212,82095,79945,4112,84057,1479
2021-08-12,San Luis Obispo,079,281455,23764,23101,877,23978,264
2021-08-12,San Mateo,081,765935,47623,46435,663,47098,548
2021-08-12,Santa Barbara,083,443738,37708,36881,1274,38155,473
2021-08-12,Santa Clara,085,1922200,129781,126614,917,127531,1769
2021-08-12,Santa Cruz,087,273765,17696,17261,860,18121,209
2021-08-12,Shasta,089,179085,14105,13621,1897,15518,211
2021-08-12,Sierra,091,2930,85,81,12,93,0
2021-08-12,Siskiyou,093,43540,2241,2134,515,2649,33
2021-08-12,Solano,095,438530,38872,36980,857,37837,262
2021-08-12,Sonoma,097,501317,35618,34299,414,34713,333
2021-08-12,Stanislaus,099,539301,62599,61026,6694,67720,1039
2021-08-12,Sutter,101,95872,10889,10695,112,10807,130
2021-08-12,Tehama,103,63373,5627,5462,667,6129,66
2021-08-12,Trinity,105,12862,548,386,125,511,3
2021-08-12,Tulare,107,460477,53084,51632,10197,61829,856
2021-08-12,Tuolumne,109,53932,4993,4845,51,4896,64
2021-08-12,Ventura,111,848112,87864,86106,3675,89781,1052
2021-08-12,Yolo,113,214977,16195,15686,561,16247,224
2021-08-12,Yuba,115,75493,7326,7128,163,7291,51
2021-08-11,Alameda,001,1643700,103162,100040,2239,102279,1281
2021-08-11,Alpine,003,1148,90,91,0,91,0
2021-08-11,Amador,005,37829,4264,4127,36,4163,49
2021-08-11,Butte,007,227075,14385,13905,2287,16192,206
2021-08-11,Calaveras,009,45235,2607,2505,17,2522,57
2021-08-11,Colusa,011,21464,2168,2101,414,2515,16
2021-08-11,Contra Costa,013,1133247,83466,80275,1598,81873,843
2021-08-11,Del Norte,015,27424,2130,1893,16,1909,8
2021-08-11,El Dorado,017,186661,12389,11799,1025,12824,119
2021-08-11,Fresno,019,978130,110800,107773,9494,117267,1751
2021-08-11,Glenn,021,27897,2614,2547,643,3190,20
2021-08-11,Humboldt,023,135768,6111,5765,107,5872,52
2021-08-11,Imperial,025,180216,29775,29565,2760,32325,745
2021-08-11,Inyo,027,18085,1489,1483,13,1496,39
2021-08-11,Kern,029,883053,103378,101448,12925,114373,1363
2021-08-11,Kings,031,150075,25002,24304,1263,25567,250
2021-08-11,Lake,033,64148,4911,4713,30,4743,68
2021-08-11,Lassen,035,31185,5517,5408,127,5535,21
2021-08-11,Los Angeles,037,10098052,1310280,1288238,46878,1335116,24851
2021-08-11,Madera,039,155013,18013,17511,1134,18645,245
2021-08-11,Marin,041,260295,15667,15235,306,15541,239
2021-08-11,Mariposa,043,17540,598,554,12,566,5
2021-08-11,Mendocino,045,87422,5098,4796,148,4944,49
2021-08-11,Merced,047,269075,33347,32802,1170,33972,479
2021-08-11,Modoc,049,8938,429,421,148,569,5
2021-08-11,Mono,051,14174,1353,1320,18,1338,3
2021-08-11,Monterey,053,433212,44757,44314,2110,46424,527
2021-08-11,Napa,055,140530,10999,10732,62,10794,83
2021-08-11,Nevada,057,99092,6577,6172,219,6391,74
2021-08-11,Orange,059,3164182,277731,272212,12573,284785,5155
2021-08-11,Placer,061,380077,28170,26687,2217,28904,305
2021-08-11,Plumas,063,18699,868,824,14,838,5
2021-08-11,Riverside,065,2383286,317721,310265,14763,325028,4570
2021-08-11,Sacramento,067,1510023,126287,121603,2423,124026,1757
2021-08-11,San Benito,069,59416,6462,6381,119,6500,64
2021-08-11,San Bernardino,071,2135413,314777,309498,9596,319094,5296
2021-08-11,San Diego,073,3302833,315688,309406,18178,327584,3818
2021-08-11,San Francisco,075,870044,45123,43555,1769,45324,564
2021-08-11,San Joaquin,077,732212,81688,79641,4085,83726,1478
2021-08-11,San Luis Obispo,079,281455,23660,22920,870,23790,264
2021-08-11,San Mateo,081,765935,47455,46300,660,46960,548
2021-08-11,Santa Barbara,083,443738,37545,36699,1266,37965,472
2021-08-11,Santa Clara,085,1922200,129299,126301,909,127210,1769
2021-08-11,Santa Cruz,087,273765,17631,17191,857,18048,209
2021-08-11,Shasta,089,179085,14031,13546,1882,15428,211
2021-08-11,Sierra,091,2930,84,81,12,93,0
2021-08-11,Siskiyou,093,43540,2227,2124,508,2632,33
2021-08-11,Solano,095,438530,38637,36862,843,37705,262
2021-08-11,Sonoma,097,501317,35439,34188,409,34597,333
2021-08-11,Stanislaus,099,539301,62268,60767,6664,67431,1037
2021-08-11,Sutter,101,95872,10817,10628,112,10740,130
2021-08-11,Tehama,103,63373,5598,5410,651,6061,66
2021-08-11,Trinity,105,12862,546,385,125,510,3
2021-08-11,Tulare,107,460477,52916,51464,10152,61616,854
2021-08-11,Tuolumne,109,53932,4961,4794,51,4845,64
2021-08-11,Ventura,111,848112,87612,85863,3654,89517,1051
2021-08-11,Yolo,113,214977,16120,15593,545,16138,218
2021-08-11,Yuba,115,75493,7267,7063,162,7225,53
2021-08-10,Alameda,001,1643700,102693,99771,2232,102003,1281
2021-08-10,Alpine,003,1148,90,91,0,91,0
2021-08-10,Amador,005,37829,4248,4093,36,4129,49
2021-08-10,Butte,007,227075,14301,13853,2267,16120,205
2021-08-10,Calaveras,009,45235,2583,2491,15,2506,57
2021-08-10,Colusa,011,21464,2155,2088,405,2493,16
2021-08-10,Contra Costa,013,1133247,82922,80018,1588,81606,840
2021-08-10,Del Norte,015,27424,2086,1870,16,1886,8
2021-08-10,El Dorado,017,186661,12288,11734,1013,12747,117
2021-08-10,Fresno,019,978130,110342,107616,9438,117054,1747
2021-08-10,Glenn,021,27897,2601,2538,633,3171,20
2021-08-10,Humboldt,023,135768,6057,5718,104,5822,52
2021-08-10,Imperial,025,180216,29740,29522,2753,32275,745
2021-08-10,Inyo,027,18085,1489,1482,13,1495,39
2021-08-10,Kern,029,883053,103050,101254,12829,114083,1359
2021-08-10,Kings,031,150075,24876,24252,1247,25499,251
2021-08-10,Lake,033,64148,4870,4700,30,4730,67
2021-08-10,Lassen,035,31185,5499,5401,127,5528,21
2021-08-10,Los Angeles,037,10098052,1306524,1285140,46715,1331855,24821
2021-08-10,Madera,039,155013,17940,17481,1124,18605,245
2021-08-10,Marin,041,260295,15620,15194,306,15500,239
2021-08-10,Mariposa,043,17540,585,550,12,562,5
2021-08-10,Mendocino,045,87422,5053,4775,144,4919,49
2021-08-10,Merced,047,269075,33199,32721,1161,33882,477
2021-08-10,Modoc,049,8938,428,421,148,569,5
2021-08-10,Mono,051,14174,1348,1320,18,1338,3
2021-08-10,Monterey,053,433212,44695,44259,2095,46354,527
2021-08-10,Napa,055,140530,10944,10703,61,10764,83
2021-08-10,Nevada,057,99092,6512,6151,218,6369,73
2021-08-10,Orange,059,3164182,276851,271688,12526,284214,5155
2021-08-10,Placer,061,380077,27951,26561,2175,28736,305
2021-08-10,Plumas,063,18699,859,816,14,830,5
2021-08-10,Riverside,065,2383286,316606,309529,14737,324266,4564
2021-08-10,Sacramento,067,1510023,125434,121159,2392,123551,1755
2021-08-10,San Benito,069,59416,6448,6371,119,6490,64
2021-08-10,San Bernardino,071,2135413,313853,308672,9578,318250,5295
2021-08-10,San Diego,073,3302833,314046,308288,18086,326374,3815
2021-08-10,San Francisco,075,870044,44870,43389,1754,45143,564
2021-08-10,San Joaquin,077,732212,81290,79391,4067,83458,1478
2021-08-10,San Luis Obispo,079,281455,23534,22776,868,23644,264
2021-08-10,San Mateo,081,765935,47283,46184,658,46842,548
2021-08-10,Santa Barbara,083,443738,37380,36574,1259,37833,472
2021-08-10,Santa Clara,085,1922200,128836,126019,902,126921,1770
2021-08-10,Santa Cruz,087,273765,17548,17142,855,17997,209
2021-08-10,Shasta,089,179085,13953,13461,1859,15320,211
2021-08-10,Sierra,091,2930,84,76,12,88,0
2021-08-10,Siskiyou,093,43540,2218,2088,501,2589,33
2021-08-10,Solano,095,438530,38391,36767,832,37599,262
2021-08-10,Sonoma,097,501317,35294,34054,406,34460,333
2021-08-10,Stanislaus,099,539301,61922,60605,6627,67232,1037
2021-08-10,Sutter,101,95872,10752,10569,112,10681,130
2021-08-10,Tehama,103,63373,5569,5392,646,6038,66
2021-08-10,Trinity,105,12862,546,384,125,509,3
2021-08-10,Tulare,107,460477,52752,51390,10100,61490,854
2021-08-10,Tuolumne,109,53932,4932,4780,49,4829,64
2021-08-10,Ventura,111,848112,87323,85714,3633,89347,1051
2021-08-10,Yolo,113,214977,16033,15568,535,16103,218
2021-08-10,Yuba,115,75493,7218,7028,162,7190,50
2021-08-09,Alameda,001,1643700,102142,99496,2228,101724,1276
2021-08-09,Alpine,003,1148,90,91,0,91,0
2021-08-09,Amador,005,37829,4222,4078,36,4114,48
2021-08-09,Butte,007,227075,14202,13813,2238,16051,205
2021-08-09,Calaveras,009,45235,2558,2472,15,2487,57
2021-08-09,Colusa,011,21464,2145,2075,398,2473,16
2021-08-09,Contra Costa,013,1133247,82380,79740,1576,81316,840
2021-08-09,Del Norte,015,27424,2018,1848,16,1864,8
2021-08-09,El Dorado,017,186661,12181,11672,1000,12672,117
2021-08-09,Fresno,019,978130,109848,107310,9399,116709,1747
2021-08-09,Glenn,021,27897,2590,2532,621,3153,20
2021-08-09,Humboldt,023,135768,5966,5632,102,5734,52
2021-08-09,Imperial,025,180216,29695,29512,2749,32261,745
2021-08-09,Inyo,027,18085,1489,1481,13,1494,39
2021-08-09,Kern,029,883053,102738,101069,12743,113812,1359
2021-08-09,Kings,031,150075,24769,24155,1233,25388,250
2021-08-09,Lake,033,64148,4835,4670,28,4698,66
2021-08-09,Lassen,035,31185,5477,5393,126,5519,21
2021-08-09,Los Angeles,037,10098052,1302507,1282891,46515,1329406,24798
2021-08-09,Madera,039,155013,17881,17429,1104,18533,245
2021-08-09,Marin,041,260295,15567,15154,305,15459,239
2021-08-09,Mariposa,043,17540,572,545,12,557,5
2021-08-09,Mendocino,045,87422,5002,4732,136,4868,49
2021-08-09,Merced,047,269075,33053,32666,1154,33820,477
2021-08-09,Modoc,049,8938,428,419,148,567,5
2021-08-09,Mono,051,14174,1345,1337,18,1355,3
2021-08-09,Monterey,053,433212,44623,44190,2080,46270,527
2021-08-09,Napa,055,140530,10897,10679,61,10740,83
2021-08-09,Nevada,057,99092,6440,6088,217,6305,73
2021-08-09,Orange,059,3164182,275812,271036,12471,283507,5153
2021-08-09,Placer,061,380077,27727,26457,2144,28601,305
2021-08-09,Plumas,063,18699,842,803,14,817,5
2021-08-09,Riverside,065,2383286,315530,308678,14719,323397,4562
2021-08-09,Sacramento,067,1510023,124600,120812,2367,123179,1748
2021-08-09,San Benito,069,59416,6428,6359,117,6476,63
2021-08-09,San Bernardino,071,2135413,312868,308038,9555,317593,5295
2021-08-09,San Diego,073,3302833,312388,306855,17987,324842,3811
2021-08-09,San Francisco,075,870044,44624,43261,1738,44999,564
2021-08-09,San Joaquin,077,732212,80907,79198,4049,83247,1469
2021-08-09,San Luis Obispo,079,281455,23395,22695,859,23554,264
2021-08-09,San Mateo,081,765935,47111,46040,655,46695,548
2021-08-09,Santa Barbara,083,443738,37196,36474,1251,37725,470
2021-08-09,Santa Clara,085,1922200,128333,125791,893,126684,2187
2021-08-09,Santa Cruz,087,273765,17486,17082,855,17937,209
2021-08-09,Shasta,089,179085,13836,13397,1848,15245,210
2021-08-09,Sierra,091,2930,83,75,12,87,0
2021-08-09,Siskiyou,093,43540,2206,2047,486,2533,32
2021-08-09,Solano,095,438530,38115,36653,830,37483,262
2021-08-09,Sonoma,097,501317,35113,33933,404,34337,333
2021-08-09,Stanislaus,099,539301,61643,60410,6578,66988,1037
2021-08-09,Sutter,101,95872,10703,10525,109,10634,129
2021-08-09,Tehama,103,63373,5527,5373,645,6018,66
2021-08-09,Trinity,105,12862,544,378,123,501,3
2021-08-09,Tulare,107,460477,52593,51274,10038,61312,854
2021-08-09,Tuolumne,109,53932,4890,4745,49,4794,64
2021-08-09,Ventura,111,848112,87051,85514,3622,89136,1047
2021-08-09,Yolo,113,214977,15955,15521,514,16035,218
2021-08-09,Yuba,115,75493,7159,6994,162,7156,50
2021-08-08,Alameda,001,1643700,101593,99135,2222,101357,1276
2021-08-08,Alpine,003,1148,90,91,0,91,0
2021-08-08,Amador,005,37829,4188,4057,35,4092,48
2021-08-08,Butte,007,227075,14120,13791,2218,16009,205
2021-08-08,Calaveras,009,45235,2525,2462,15,2477,57
2021-08-08,Colusa,011,21464,2128,2070,391,2461,16
2021-08-08,Contra Costa,013,1133247,81855,79454,1568,81022,840
2021-08-08,Del Norte,015,27424,1972,1810,16,1826,8
2021-08-08,El Dorado,017,186661,12060,11631,990,12621,117
2021-08-08,Fresno,019,978130,109405,107078,9362,116440,1747
2021-08-08,Glenn,021,27897,2582,2527,614,3141,20
2021-08-08,Humboldt,023,135768,5877,5571,102,5673,52
2021-08-08,Imperial,025,180216,29671,29485,2739,32224,745
2021-08-08,Inyo,027,18085,1489,1481,13,1494,39
2021-08-08,Kern,029,883053,102418,100909,12631,113540,1359
2021-08-08,Kings,031,150075,24655,24095,1224,25319,250
2021-08-08,Lake,033,64148,4785,4636,27,4663,66
2021-08-08,Lassen,035,31185,5462,5391,125,5516,21
2021-08-08,Los Angeles,037,10098052,1298257,1279982,46332,1326314,24793
2021-08-08,Madera,039,155013,17802,17398,1087,18485,245
2021-08-08,Marin,041,260295,15514,15124,303,15427,239
2021-08-08,Mariposa,043,17540,568,538,12,550,5
2021-08-08,Mendocino,045,87422,4940,4702,123,4825,49
2021-08-08,Merced,047,269075,32906,32634,1145,33779,477
2021-08-08,Modoc,049,8938,427,419,147,566,5
2021-08-08,Mono,051,14174,1341,1336,18,1354,3
2021-08-08,Monterey,053,433212,44553,44171,2069,46240,527
2021-08-08,Napa,055,140530,10861,10668,61,10729,83
2021-08-08,Nevada,057,99092,6356,6009,215,6224,73
2021-08-08,Orange,059,3164182,274898,270532,12429,282961,5153
2021-08-08,Placer,061,380077,27518,26332,2103,28435,305
2021-08-08,Plumas,063,18699,833,803,14,817,5
2021-08-08,Riverside,065,2383286,314407,308042,14696,322738,4562
2021-08-08,Sacramento,067,1510023,123771,120109,2355,122464,1744
2021-08-08,San Benito,069,59416,6411,6350,116,6466,63
2021-08-08,San Bernardino,071,2135413,311726,307378,9526,316904,5295
2021-08-08,San Diego,073,3302833,311047,305983,17889,323872,3811
2021-08-08,San Francisco,075,870044,44362,43098,1716,44814,564
2021-08-08,San Joaquin,077,732212,80459,79002,4033,83035,1469
2021-08-08,San Luis Obispo,079,281455,23221,22668,851,23519,263
2021-08-08,San Mateo,081,765935,46921,45927,652,46579,548
2021-08-08,Santa Barbara,083,443738,37019,36417,1244,37661,470
2021-08-08,Santa Clara,085,1922200,127881,125553,888,126441,2187
2021-08-08,Santa Cruz,087,273765,17415,17035,850,17885,209
2021-08-08,Shasta,089,179085,13751,13381,1837,15218,210
2021-08-08,Sierra,091,2930,83,74,12,86,0
2021-08-08,Siskiyou,093,43540,2190,2041,481,2522,32
2021-08-08,Solano,095,438530,37863,36551,826,37377,262
2021-08-08,Sonoma,097,501317,34869,33805,403,34208,333
2021-08-08,Stanislaus,099,539301,61317,60269,6533,66802,1037
2021-08-08,Sutter,101,95872,10643,10481,108,10589,129
2021-08-08,Tehama,103,63373,5491,5359,642,6001,66
2021-08-08,Trinity,105,12862,539,378,123,501,3
2021-08-08,Tulare,107,460477,52414,51220,9979,61199,854
2021-08-08,Tuolumne,109,53932,4850,4731,49,4780,64
2021-08-08,Ventura,111,848112,86760,85382,3612,88994,1047
2021-08-08,Yolo,113,214977,15862,15477,507,15984,218
2021-08-08,Yuba,115,75493,7120,6967,162,7129,50
2021-08-07,Alameda,001,1643700,101347,98812,2216,101028,1276
2021-08-07,Alpine,003,1148,90,91,0,91,0
2021-08-07,Amador,005,37829,4171,4041,34,4075,48
2021-08-07,Butte,007,227075,14068,13714,2206,15920,205
2021-08-07,Calaveras,009,45235,2515,2446,15,2461,57
2021-08-07,Colusa,011,21464,2123,2067,382,2449,16
2021-08-07,Contra Costa,013,1133247,81559,79168,1565,80733,840
2021-08-07,Del Norte,015,27424,1940,1791,16,1807,8
2021-08-07,El Dorado,017,186661,12012,11575,983,12558,117
2021-08-07,Fresno,019,978130,109201,106861,9336,116197,1747
2021-08-07,Glenn,021,27897,2574,2515,613,3128,20
2021-08-07,Humboldt,023,135768,5827,5510,99,5609,52
2021-08-07,Imperial,025,180216,29652,29470,2739,32209,745
2021-08-07,Inyo,027,18085,1487,1476,13,1489,39
2021-08-07,Kern,029,883053,102260,100693,12575,113268,1359
2021-08-07,Kings,031,150075,24594,24048,1218,25266,250
2021-08-07,Lake,033,64148,4764,4613,27,4640,66
2021-08-07,Lassen,035,31185,5458,5386,125,5511,21
2021-08-07,Los Angeles,037,10098052,1296219,1276853,46187,1323040,24786
2021-08-07,Madera,039,155013,17767,17366,1083,18449,245
2021-08-07,Marin,041,260295,15480,15085,302,15387,239
2021-08-07,Mariposa,043,17540,565,530,12,542,5
2021-08-07,Mendocino,045,87422,4904,4690,121,4811,49
2021-08-07,Merced,047,269075,32842,32569,1142,33711,477
2021-08-07,Modoc,049,8938,427,419,147,566,5
2021-08-07,Mono,051,14174,1338,1329,18,1347,3
2021-08-07,Monterey,053,433212,44501,44124,2064,46188,527
2021-08-07,Napa,055,140530,10840,10658,60,10718,83
2021-08-07,Nevada,057,99092,6306,5967,213,6180,73
2021-08-07,Orange,059,3164182,274306,269900,12399,282299,5153
2021-08-07,Placer,061,380077,27329,26244,2094,28338,305
2021-08-07,Plumas,063,18699,828,801,14,815,5
2021-08-07,Riverside,065,2383286,313735,307326,14689,322015,4562
2021-08-07,Sacramento,067,1510023,123269,119636,2351,121987,1744
2021-08-07,San Benito,069,59416,6401,6332,116,6448,63
2021-08-07,San Bernardino,071,2135413,311137,306663,9509,316172,5295
2021-08-07,San Diego,073,3302833,310291,304974,17854,322828,3811
2021-08-07,San Francisco,075,870044,44190,42926,1698,44624,564
2021-08-07,San Joaquin,077,732212,80295,78769,4018,82787,1469
2021-08-07,San Luis Obispo,079,281455,23152,22579,850,23429,263
2021-08-07,San Mateo,081,765935,46793,45804,650,46454,548
2021-08-07,Santa Barbara,083,443738,36923,36303,1238,37541,470
2021-08-07,Santa Clara,085,1922200,127610,125196,883,126079,2188
2021-08-07,Santa Cruz,087,273765,17372,16994,848,17842,209
2021-08-07,Shasta,089,179085,13695,13361,1830,15191,210
2021-08-07,Sierra,091,2930,83,74,12,86,0
2021-08-07,Siskiyou,093,43540,2178,2039,479,2518,32
2021-08-07,Solano,095,438530,37747,36458,818,37276,262
2021-08-07,Sonoma,097,501317,34747,33716,403,34119,333
2021-08-07,Stanislaus,099,539301,61146,60093,6503,66596,1037
2021-08-07,Sutter,101,95872,10606,10447,108,10555,129
2021-08-07,Tehama,103,63373,5480,5343,637,5980,66
2021-08-07,Trinity,105,12862,535,377,122,499,3
2021-08-07,Tulare,107,460477,52328,51133,9941,61074,854
2021-08-07,Tuolumne,109,53932,4820,4721,49,4770,64
2021-08-07,Ventura,111,848112,86580,85232,3598,88830,1047
2021-08-07,Yolo,113,214977,15819,15423,502,15925,218
2021-08-07,Yuba,115,75493,7095,6937,160,7097,50
2021-08-06,Alameda,001,1643700,101018,98487,2210,100697,1275
2021-08-06,Alpine,003,1148,90,91,0,91,0
2021-08-06,Amador,005,37829,4150,4002,34,4036,48
2021-08-06,Butte,007,227075,14018,13626,2191,15817,205
2021-08-06,Calaveras,009,45235,2504,2419,15,2434,57
2021-08-06,Colusa,011,21464,2116,2045,377,2422,16
2021-08-06,Contra Costa,013,1133247,81264,78796,1560,80356,840
2021-08-06,Del Norte,015,27424,1913,1755,15,1770,8
2021-08-06,El Dorado,017,186661,11962,11498,971,12469,117
2021-08-06,Fresno,019,978130,108937,106542,9309,115851,1747
2021-08-06,Glenn,021,27897,2559,2504,610,3114,20
2021-08-06,Humboldt,023,135768,5776,5421,96,5517,52
2021-08-06,Imperial,025,180216,29641,29404,2735,32139,745
2021-08-06,Inyo,027,18085,1484,1471,13,1484,39
2021-08-06,Kern,029,883053,102083,100427,12490,112917,1359
2021-08-06,Kings,031,150075,24539,23974,1214,25188,250
2021-08-06,Lake,033,64148,4741,4557,27,4584,66
2021-08-06,Lassen,035,31185,5436,5368,125,5493,21
2021-08-06,Los Angeles,037,10098052,1293726,1273081,46038,1319119,24772
2021-08-06,Madera,039,155013,17728,17324,1074,18398,245
2021-08-06,Marin,041,260295,15447,15051,302,15353,239
2021-08-06,Mariposa,043,17540,556,511,12,523,5
2021-08-06,Mendocino,045,87422,4862,4649,120,4769,49
2021-08-06,Merced,047,269075,32782,32456,1139,33595,477
2021-08-06,Modoc,049,8938,427,419,147,566,5
2021-08-06,Mono,051,14174,1337,1328,18,1346,3
2021-08-06,Monterey,053,433212,44433,44058,2051,46109,527
2021-08-06,Napa,055,140530,10813,10620,60,10680,83
2021-08-06,Nevada,057,99092,6250,5874,213,6087,73
2021-08-06,Orange,059,3164182,273740,269077,12382,281459,5151
2021-08-06,Placer,061,380077,27206,26086,2073,28159,305
2021-08-06,Plumas,063,18699,819,795,14,809,5
2021-08-06,Riverside,065,2383286,313025,306304,14678,320982,4562
2021-08-06,Sacramento,067,1510023,122777,119169,2332,121501,1740
2021-08-06,San Benito,069,59416,6384,6315,116,6431,63
2021-08-06,San Bernardino,071,2135413,310436,305806,9499,315305,5286
2021-08-06,San Diego,073,3302833,309252,303691,17805,321496,3810
2021-08-06,San Francisco,075,870044,44034,42659,1680,44339,565
2021-08-06,San Joaquin,077,732212,80145,78405,4006,82411,1469
2021-08-06,San Luis Obispo,079,281455,23084,22472,845,23317,263
2021-08-06,San Mateo,081,765935,46641,45665,645,46310,548
2021-08-06,Santa Barbara,083,443738,36834,36208,1234,37442,470
2021-08-06,Santa Clara,085,1922200,127320,124767,878,125645,2185
2021-08-06,Santa Cruz,087,273765,17328,16924,844,17768,207
2021-08-06,Shasta,089,179085,13629,13284,1824,15108,210
2021-08-06,Sierra,091,2930,83,73,12,85,0
2021-08-06,Siskiyou,093,43540,2168,2030,475,2505,32
2021-08-06,Solano,095,438530,37637,36351,809,37160,262
2021-08-06,Sonoma,097,501317,34661,33594,402,33996,333
2021-08-06,Stanislaus,099,539301,61008,59854,6483,66337,1037
2021-08-06,Sutter,101,95872,10563,10391,108,10499,128
2021-08-06,Tehama,103,63373,5456,5325,635,5960,66
2021-08-06,Trinity,105,12862,534,371,121,492,3
2021-08-06,Tulare,107,460477,52226,51018,9894,60912,854
2021-08-06,Tuolumne,109,53932,4793,4674,49,4723,64
2021-08-06,Ventura,111,848112,86409,85046,3586,88632,1047
2021-08-06,Yolo,113,214977,15766,15299,497,15796,218
2021-08-06,Yuba,115,75493,7072,6904,160,7064,50
2021-08-05,Alameda,001,1643700,100534,98052,2205,100257,1275
2021-08-05,Alpine,003,1148,90,91,0,91,0
2021-08-05,Amador,005,37829,4130,3992,34,4026,48
2021-08-05,Butte,007,227075,13957,13564,2168,15732,206
2021-08-05,Calaveras,009,45235,2485,2397,15,2412,57
2021-08-05,Colusa,011,21464,2104,2036,372,2408,16
2021-08-05,Contra Costa,013,1133247,80837,78514,1553,80067,840
2021-08-05,Del Norte,015,27424,1886,1731,15,1746,8
2021-08-05,El Dorado,017,186661,11877,11408,960,12368,117
2021-08-05,Fresno,019,978130,108566,106219,9272,115491,1747
2021-08-05,Glenn,021,27897,2553,2494,607,3101,20
2021-08-05,Humboldt,023,135768,5702,5328,95,5423,52
2021-08-05,Imperial,025,180216,29610,29383,2731,32114,745
2021-08-05,Inyo,027,18085,1480,1468,13,1481,38
2021-08-05,Kern,029,883053,101861,100091,12405,112496,1358
2021-08-05,Kings,031,150075,24455,23906,1209,25115,249
2021-08-05,Lake,033,64148,4702,4490,25,4515,66
2021-08-05,Lassen,035,31185,5428,5344,125,5469,21
2021-08-05,Los Angeles,037,10098052,1290506,1269445,45906,1315351,24756
2021-08-05,Madera,039,155013,17687,17301,1066,18367,245
2021-08-05,Marin,041,260295,15403,15005,298,15303,239
2021-08-05,Mariposa,043,17540,545,504,11,515,5
2021-08-05,Mendocino,045,87422,4819,4597,111,4708,49
2021-08-05,Merced,047,269075,32715,32381,1128,33509,477
2021-08-05,Modoc,049,8938,426,418,147,565,5
2021-08-05,Mono,051,14174,1329,1309,18,1327,3
2021-08-05,Monterey,053,433212,44376,43992,2033,46025,527
2021-08-05,Napa,055,140530,10777,10591,58,10649,83
2021-08-05,Nevada,057,99092,6168,5778,210,5988,73
2021-08-05,Orange,059,3164182,272959,268329,12355,280684,5149
2021-08-05,Placer,061,380077,27006,25965,2046,28011,305
2021-08-05,Plumas,063,18699,810,787,14,801,5
2021-08-05,Riverside,065,2383286,312107,305415,14652,320067,4562
2021-08-05,Sacramento,067,1510023,122069,118590,2318,120908,1739
2021-08-05,San Benito,069,59416,6366,6305,116,6421,63
2021-08-05,San Bernardino,071,2135413,309601,304956,9478,314434,5284
2021-08-05,San Diego,073,3302833,307980,302220,17723,319943,3806
2021-08-05,San Francisco,075,870044,43822,42301,1671,43972,564
2021-08-05,San Joaquin,077,732212,79783,78151,3988,82139,1468
2021-08-05,San Luis Obispo,079,281455,22969,22362,839,23201,263
2021-08-05,San Mateo,081,765935,46468,45554,643,46197,548
2021-08-05,Santa Barbara,083,443738,36727,36112,1231,37343,470
2021-08-05,Santa Clara,085,1922200,126987,124490,878,125368,2185
2021-08-05,Santa Cruz,087,273765,17284,16867,841,17708,207
2021-08-05,Shasta,089,179085,13571,13217,1816,15033,210
2021-08-05,Sierra,091,2930,78,73,12,85,0
2021-08-05,Siskiyou,093,43540,2147,2024,466,2490,32
2021-08-05,Solano,095,438530,37456,36250,802,37052,262
2021-08-05,Sonoma,097,501317,34526,33455,401,33856,330
2021-08-05,Stanislaus,099,539301,60786,59692,6444,66136,1037
2021-08-05,Sutter,101,95872,10508,10349,108,10457,127
2021-08-05,Tehama,103,63373,5438,5305,632,5937,66
2021-08-05,Trinity,105,12862,528,367,121,488,3
2021-08-05,Tulare,107,460477,52109,50889,9840,60729,854
2021-08-05,Tuolumne,109,53932,4763,4619,49,4668,64
2021-08-05,Ventura,111,848112,86158,84837,3572,88409,1047
2021-08-05,Yolo,113,214977,15699,15250,487,15737,218
2021-08-05,Yuba,115,75493,7029,6872,158,7030,50
2021-08-04,Alameda,001,1643700,100030,97477,2194,99671,1274
2021-08-04,Alpine,003,1148,90,91,0,91,0
2021-08-04,Amador,005,37829,4100,3962,33,3995,48
2021-08-04,Butte,007,227075,13889,13509,2151,15660,205
2021-08-04,Calaveras,009,45235,2460,2374,15,2389,57
2021-08-04,Colusa,011,21464,2092,2025,366,2391,16
2021-08-04,Contra Costa,013,1133247,80320,77966,1548,79514,840
2021-08-04,Del Norte,015,27424,1863,1701,15,1716,8
2021-08-04,El Dorado,017,186661,11797,11319,949,12268,117
2021-08-04,Fresno,019,978130,108196,105899,9233,115132,1747
2021-08-04,Glenn,021,27897,2545,2487,605,3092,20
2021-08-04,Humboldt,023,135768,5626,5271,94,5365,52
2021-08-04,Imperial,025,180216,29562,29375,2729,32104,745
2021-08-04,Inyo,027,18085,1479,1465,13,1478,38
2021-08-04,Kern,029,883053,101611,99868,12322,112190,1358
2021-08-04,Kings,031,150075,24383,23840,1201,25041,250
2021-08-04,Lake,033,64148,4672,4423,20,4443,65
2021-08-04,Lassen,035,31185,5420,5340,125,5465,21
2021-08-04,Los Angeles,037,10098052,1287013,1265788,45747,1311535,24737
2021-08-04,Madera,039,155013,17652,17251,1059,18310,245
2021-08-04,Marin,041,260295,15356,14950,296,15246,239
2021-08-04,Mariposa,043,17540,530,497,11,508,5
2021-08-04,Mendocino,045,87422,4795,4560,107,4667,49
2021-08-04,Merced,047,269075,32577,32274,1123,33397,476
2021-08-04,Modoc,049,8938,426,416,147,563,5
2021-08-04,Mono,051,14174,1325,1307,18,1325,3
2021-08-04,Monterey,053,433212,44311,43926,2022,45948,526
2021-08-04,Napa,055,140530,10740,10544,58,10602,82
2021-08-04,Nevada,057,99092,6104,5702,209,5911,73
2021-08-04,Orange,059,3164182,272084,267199,12318,279517,5146
2021-08-04,Placer,061,380077,26789,25688,2026,27714,305
2021-08-04,Plumas,063,18699,804,784,14,798,5
2021-08-04,Riverside,065,2383286,311182,304272,14627,318899,4562
2021-08-04,Sacramento,067,1510023,121312,117882,2292,120174,1736
2021-08-04,San Benito,069,59416,6351,6300,116,6416,63
2021-08-04,San Bernardino,071,2135413,308744,304164,9459,313623,5285
2021-08-04,San Diego,073,3302833,306467,301100,17656,318756,3805
2021-08-04,San Francisco,075,870044,43566,41913,1659,43572,562
2021-08-04,San Joaquin,077,732212,79426,77846,3976,81822,1466
2021-08-04,San Luis Obispo,079,281455,22859,22245,833,23078,262
2021-08-04,San Mateo,081,765935,46296,45392,642,46034,548
2021-08-04,Santa Barbara,083,443738,36598,36013,1223,37236,470
2021-08-04,Santa Clara,085,1922200,126596,124127,871,124998,2183
2021-08-04,Santa Cruz,087,273765,17222,16820,834,17654,208
2021-08-04,Shasta,089,179085,13520,13134,1805,14939,211
2021-08-04,Sierra,091,2930,78,73,12,85,0
2021-08-04,Siskiyou,093,43540,2127,2010,462,2472,32
2021-08-04,Solano,095,438530,37255,36025,793,36818,262
2021-08-04,Sonoma,097,501317,34354,33311,399,33710,330
2021-08-04,Stanislaus,099,539301,60560,59396,6406,65802,1037
2021-08-04,Sutter,101,95872,10471,10294,108,10402,127
2021-08-04,Tehama,103,63373,5412,5281,626,5907,66
2021-08-04,Trinity,105,12862,526,362,118,480,3
2021-08-04,Tulare,107,460477,51999,50797,9796,60593,855
2021-08-04,Tuolumne,109,53932,4738,4584,49,4633,64
2021-08-04,Ventura,111,848112,85900,84406,3550,87956,1047
2021-08-04,Yolo,113,214977,15619,15189,474,15663,215
2021-08-04,Yuba,115,75493,6989,6827,157,6984,50
2021-08-03,Alameda,001,1643700,99583,97275,2189,99464,1270
2021-08-03,Alpine,003,1148,90,91,0,91,0
2021-08-03,Amador,005,37829,4064,3953,33,3986,48
2021-08-03,Butte,007,227075,13822,13468,2135,15603,205
2021-08-03,Calaveras,009,45235,2438,2356,15,2371,57
2021-08-03,Colusa,011,21464,2079,2023,360,2383,16
2021-08-03,Contra Costa,013,1133247,79838,77739,1541,79280,836
2021-08-03,Del Norte,015,27424,1831,1691,14,1705,8
2021-08-03,El Dorado,017,186661,11704,11255,938,12193,117
2021-08-03,Fresno,019,978130,107834,105732,9202,114934,1746
2021-08-03,Glenn,021,27897,2538,2481,599,3080,20
2021-08-03,Humboldt,023,135768,5561,5199,89,5288,52
2021-08-03,Imperial,025,180216,29540,29333,2722,32055,745
2021-08-03,Inyo,027,18085,1476,1459,13,1472,38
2021-08-03,Kern,029,883053,101349,99708,12243,111951,1358
2021-08-03,Kings,031,150075,24295,23780,1194,24974,249
2021-08-03,Lake,033,64148,4616,4408,16,4424,66
2021-08-03,Lassen,035,31185,5410,5341,125,5466,21
2021-08-03,Los Angeles,037,10098052,1283267,1262678,45573,1308251,24721
2021-08-03,Madera,039,155013,17611,17220,1044,18264,245
2021-08-03,Marin,041,260295,15307,14906,293,15199,243
2021-08-03,Mariposa,043,17540,519,495,11,506,5
2021-08-03,Mendocino,045,87422,4746,4546,106,4652,49
2021-08-03,Merced,047,269075,32494,32197,1121,33318,476
2021-08-03,Modoc,049,8938,426,416,147,563,5
2021-08-03,Mono,051,14174,1320,1303,18,1321,3
2021-08-03,Monterey,053,433212,44248,43872,2009,45881,525
2021-08-03,Napa,055,140530,10697,10527,57,10584,82
2021-08-03,Nevada,057,99092,6023,5685,208,5893,73
2021-08-03,Orange,059,3164182,271345,266649,12288,278937,5146
2021-08-03,Placer,061,380077,26588,25624,2002,27626,305
2021-08-03,Plumas,063,18699,797,779,14,793,5
2021-08-03,Riverside,065,2383286,310257,303499,14601,318100,4562
2021-08-03,Sacramento,067,1510023,120567,117591,2272,119863,1732
2021-08-03,San Benito,069,59416,6336,6284,115,6399,63
2021-08-03,San Bernardino,071,2135413,307822,303386,9441,312827,5265
2021-08-03,San Diego,073,3302833,305028,300189,17546,317735,3803
2021-08-03,San Francisco,075,870044,43282,41758,1639,43397,562
2021-08-03,San Joaquin,077,732212,79075,77615,3955,81570,1461
2021-08-03,San Luis Obispo,079,281455,22719,22166,826,22992,264
2021-08-03,San Mateo,081,765935,46104,45255,637,45892,548
2021-08-03,Santa Barbara,083,443738,36479,35912,1217,37129,469
2021-08-03,Santa Clara,085,1922200,126175,123914,865,124779,2183
2021-08-03,Santa Cruz,087,273765,17156,16778,831,17609,207
2021-08-03,Shasta,089,179085,13445,13091,1794,14885,211
2021-08-03,Sierra,091,2930,78,72,12,84,0
2021-08-03,Siskiyou,093,43540,2116,1998,457,2455,32
2021-08-03,Solano,095,438530,37035,35953,781,36734,261
2021-08-03,Sonoma,097,501317,34173,33243,398,33641,330
2021-08-03,Stanislaus,099,539301,60338,59282,6387,65669,1037
2021-08-03,Sutter,101,95872,10431,10263,107,10370,127
2021-08-03,Tehama,103,63373,5385,5269,621,5890,66
2021-08-03,Trinity,105,12862,523,361,115,476,3
2021-08-03,Tulare,107,460477,51904,50729,9750,60479,854
2021-08-03,Tuolumne,109,53932,4703,4563,49,4612,64
2021-08-03,Ventura,111,848112,85656,84270,3529,87799,1046
2021-08-03,Yolo,113,214977,15527,15149,459,15608,215
2021-08-03,Yuba,115,75493,6952,6781,155,6936,50
2021-08-02,Alameda,001,1643700,99027,96954,2185,99139,1270
2021-08-02,Alpine,003,1148,90,91,0,91,0
2021-08-02,Amador,005,37829,4044,3927,33,3960,48
2021-08-02,Butte,007,227075,13742,13442,2116,15558,205
2021-08-02,Calaveras,009,45235,2413,2347,15,2362,57
2021-08-02,Colusa,011,21464,2067,2019,357,2376,16
2021-08-02,Contra Costa,013,1133247,79328,77516,1527,79043,836
2021-08-02,Del Norte,015,27424,1801,1653,14,1667,8
2021-08-02,El Dorado,017,186661,11601,11226,924,12150,116
2021-08-02,Fresno,019,978130,107488,105471,9165,114636,1744
2021-08-02,Glenn,021,27897,2530,2477,596,3073,20
2021-08-02,Humboldt,023,135768,5478,5161,87,5248,52
2021-08-02,Imperial,025,180216,29507,29302,2719,32021,743
2021-08-02,Inyo,027,18085,1470,1455,13,1468,38
2021-08-02,Kern,029,883053,101094,99556,12152,111708,1357
2021-08-02,Kings,031,150075,24225,23722,1188,24910,249
2021-08-02,Lake,033,64148,4573,4375,16,4391,66
2021-08-02,Lassen,035,31185,5387,5338,123,5461,21
2021-08-02,Los Angeles,037,10098052,1279544,1260807,45368,1306175,24705
2021-08-02,Madera,039,155013,17567,17158,1031,18189,245
2021-08-02,Marin,041,260295,15264,14859,292,15151,239
2021-08-02,Mariposa,043,17540,510,490,11,501,5
2021-08-02,Mendocino,045,87422,4706,4512,103,4615,49
2021-08-02,Merced,047,269075,32396,32163,1114,33277,474
2021-08-02,Modoc,049,8938,426,415,147,562,5
2021-08-02,Mono,051,14174,1313,1296,18,1314,3
2021-08-02,Monterey,053,433212,44188,43842,2001,45843,525
2021-08-02,Napa,055,140530,10654,10490,54,10544,82
2021-08-02,Nevada,057,99092,5952,5611,207,5818,73
2021-08-02,Orange,059,3164182,270431,266050,12243,278293,5146
2021-08-02,Placer,061,380077,26441,25516,1968,27484,306
2021-08-02,Plumas,063,18699,790,762,14,776,5
2021-08-02,Riverside,065,2383286,309319,302756,14586,317342,4562
2021-08-02,Sacramento,067,1510023,119869,117183,2253,119436,1728
2021-08-02,San Benito,069,59416,6317,6276,114,6390,63
2021-08-02,San Bernardino,071,2135413,306947,303000,9408,312408,5253
2021-08-02,San Diego,073,3302833,303548,299021,17466,316487,3798
2021-08-02,San Francisco,075,870044,42995,41553,1616,43169,562
2021-08-02,San Joaquin,077,732212,78732,77447,3930,81377,1461
2021-08-02,San Luis Obispo,079,281455,22625,22093,819,22912,261
2021-08-02,San Mateo,081,765935,45927,45154,625,45779,548
2021-08-02,Santa Barbara,083,443738,36341,35851,1211,37062,469
2021-08-02,Santa Clara,085,1922200,125704,123655,857,124512,2183
2021-08-02,Santa Cruz,087,273765,17098,16746,827,17573,207
2021-08-02,Shasta,089,179085,13383,13049,1780,14829,212
2021-08-02,Sierra,091,2930,78,71,12,83,0
2021-08-02,Siskiyou,093,43540,2105,1992,443,2435,31
2021-08-02,Solano,095,438530,36787,35852,768,36620,260
2021-08-02,Sonoma,097,501317,33947,33132,393,33525,330
2021-08-02,Stanislaus,099,539301,60119,59160,6360,65520,1037
2021-08-02,Sutter,101,95872,10385,10220,107,10327,127
2021-08-02,Tehama,103,63373,5362,5260,617,5877,66
2021-08-02,Trinity,105,12862,518,359,114,473,3
2021-08-02,Tulare,107,460477,51803,50640,9678,60318,854
2021-08-02,Tuolumne,109,53932,4636,4524,49,4573,64
2021-08-02,Ventura,111,848112,85471,84143,3506,87649,1044
2021-08-02,Yolo,113,214977,15429,15072,442,15514,215
2021-08-02,Yuba,115,75493,6910,6743,152,6895,50
2021-08-01,Alameda,001,1643700,98496,96775,2179,98954,1270
2021-08-01,Alpine,003,1148,90,91,0,91,0
2021-08-01,Amador,005,37829,4006,3923,33,3956,48
2021-08-01,Butte,007,227075,13664,13406,2098,15504,205
2021-08-01,Calaveras,009,45235,2389,2341,15,2356,57
2021-08-01,Colusa,011,21464,2056,2014,355,2369,16
2021-08-01,Contra Costa,013,1133247,78892,77360,1520,78880,836
2021-08-01,Del Norte,015,27424,1769,1642,14,1656,8
2021-08-01,El Dorado,017,186661,11501,11189,913,12102,116
2021-08-01,Fresno,019,978130,107161,105339,9120,114459,1744
2021-08-01,Glenn,021,27897,2524,2476,593,3069,20
2021-08-01,Humboldt,023,135768,5401,5118,83,5201,52
2021-08-01,Imperial,025,180216,29472,29297,2715,32012,743
2021-08-01,Inyo,027,18085,1468,1454,13,1467,38
2021-08-01,Kern,029,883053,100816,99396,12077,111473,1357
2021-08-01,Kings,031,150075,24138,23700,1183,24883,249
2021-08-01,Lake,033,64148,4494,4356,16,4372,66
2021-08-01,Lassen,035,31185,5374,5336,121,5457,21
2021-08-01,Los Angeles,037,10098052,1275853,1258461,45145,1303606,24700
2021-08-01,Madera,039,155013,17511,17146,1026,18172,245
2021-08-01,Marin,041,260295,15187,14844,291,15135,239
2021-08-01,Mariposa,043,17540,503,482,11,493,5
2021-08-01,Mendocino,045,87422,4660,4476,99,4575,49
2021-08-01,Merced,047,269075,32305,32144,1108,33252,474
2021-08-01,Modoc,049,8938,424,413,147,560,5
2021-08-01,Mono,051,14174,1310,1294,18,1312,3
2021-08-01,Monterey,053,433212,44141,43808,1988,45796,525
2021-08-01,Napa,055,140530,10605,10473,52,10525,82
2021-08-01,Nevada,057,99092,5865,5561,206,5767,73
2021-08-01,Orange,059,3164182,269617,265467,12200,277667,5146
2021-08-01,Placer,061,380077,26224,25464,1938,27402,306
2021-08-01,Plumas,063,18699,784,761,14,775,5
2021-08-01,Riverside,065,2383286,308386,302256,14568,316824,4562
2021-08-01,Sacramento,067,1510023,119133,116923,2239,119162,1727
2021-08-01,San Benito,069,59416,6300,6271,114,6385,63
2021-08-01,San Bernardino,071,2135413,306013,302542,9397,311939,5248
2021-08-01,San Diego,073,3302833,302362,298002,17401,315403,3798
2021-08-01,San Francisco,075,870044,42658,41432,1603,43035,562
2021-08-01,San Joaquin,077,732212,78365,77338,3905,81243,1461
2021-08-01,San Luis Obispo,079,281455,22523,22083,814,22897,261
2021-08-01,San Mateo,081,765935,45744,45036,618,45654,548
2021-08-01,Santa Barbara,083,443738,36217,35809,1207,37016,469
2021-08-01,Santa Clara,085,1922200,125292,123511,849,124360,2183
2021-08-01,Santa Cruz,087,273765,17019,16709,820,17529,207
2021-08-01,Shasta,089,179085,13312,13036,1771,14807,212
2021-08-01,Sierra,091,2930,76,71,12,83,0
2021-08-01,Siskiyou,093,43540,2099,1989,437,2426,31
2021-08-01,Solano,095,438530,36552,35800,759,36559,260
2021-08-01,Sonoma,097,501317,33755,33076,390,33466,330
2021-08-01,Stanislaus,099,539301,59882,59078,6328,65406,1037
2021-08-01,Sutter,101,95872,10330,10198,104,10302,127
2021-08-01,Tehama,103,63373,5345,5252,613,5865,66
2021-08-01,Trinity,105,12862,515,359,113,472,3
2021-08-01,Tulare,107,460477,51646,50600,9617,60217,854
2021-08-01,Tuolumne,109,53932,4598,4489,49,4538,64
2021-08-01,Ventura,111,848112,85241,84040,3491,87531,1044
2021-08-01,Yolo,113,214977,15359,15042,432,15474,215
2021-08-01,Yuba,115,75493,6873,6721,151,6872,50
2021-07-31,Alameda,001,1643700,98164,95279,2174,97453,1265
2021-07-31,Alpine,003,1148,90,89,0,89,0
2021-07-31,Amador,005,37829,3986,3877,33,3910,48
2021-07-31,Butte,007,227075,13630,13235,2077,15312,205
2021-07-31,Calaveras,009,45235,2380,2294,15,2309,57
2021-07-31,Colusa,011,21464,2050,2006,353,2359,16
2021-07-31,Contra Costa,013,1133247,78613,75866,1518,77384,832
2021-07-31,Del Norte,015,27424,1743,1576,14,1590,8
2021-07-31,El Dorado,017,186661,11448,11017,907,11924,116
2021-07-31,Fresno,019,978130,107002,104639,9107,113746,1744
2021-07-31,Glenn,021,27897,2519,2465,588,3053,20
2021-07-31,Humboldt,023,135768,5346,4978,82,5060,52
2021-07-31,Imperial,025,180216,29455,29164,2712,31876,743
2021-07-31,Inyo,027,18085,1465,1442,13,1455,38
2021-07-31,Kern,029,883053,100651,98903,12018,110921,1357
2021-07-31,Kings,031,150075,24085,23548,1178,24726,248
2021-07-31,Lake,033,64148,4469,4238,16,4254,66
2021-07-31,Lassen,035,31185,5367,5320,121,5441,21
2021-07-31,Los Angeles,037,10098052,1273646,1248545,45005,1293550,24691
2021-07-31,Madera,039,155013,17478,17058,1020,18078,245
2021-07-31,Marin,041,260295,15143,14701,290,14991,239
2021-07-31,Mariposa,043,17540,494,470,11,481,5
2021-07-31,Mendocino,045,87422,4635,4400,96,4496,49
2021-07-31,Merced,047,269075,32257,31959,1103,33062,474
2021-07-31,Modoc,049,8938,424,413,147,560,5
2021-07-31,Mono,051,14174,1308,1287,18,1305,3
2021-07-31,Monterey,053,433212,44101,43720,1978,45698,525
2021-07-31,Napa,055,140530,10586,10401,51,10452,82
2021-07-31,Nevada,057,99092,5826,5373,205,5578,72
2021-07-31,Orange,059,3164182,269043,263446,12182,275628,5144
2021-07-31,Placer,061,380077,26092,25104,1931,27035,306
2021-07-31,Plumas,063,18699,781,743,14,757,5
2021-07-31,Riverside,065,2383286,307769,300315,14558,314873,4554
2021-07-31,Sacramento,067,1510023,118721,115259,2232,117491,1720
2021-07-31,San Benito,069,59416,6289,6251,114,6365,63
2021-07-31,San Bernardino,071,2135413,305439,300726,9394,310120,5240
2021-07-31,San Diego,073,3302833,301689,295054,17355,312409,3798
2021-07-31,San Francisco,075,870044,42430,40412,1583,41995,562
2021-07-31,San Joaquin,077,732212,78200,76575,3892,80467,1443
2021-07-31,San Luis Obispo,079,281455,22470,21922,812,22734,260
2021-07-31,San Mateo,081,765935,45587,44622,613,45235,548
2021-07-31,Santa Barbara,083,443738,36136,35531,1206,36737,467
2021-07-31,Santa Clara,085,1922200,125037,122614,847,123461,2099
2021-07-31,Santa Cruz,087,273765,16980,16576,819,17395,207
2021-07-31,Shasta,089,179085,13275,12918,1763,14681,212
2021-07-31,Sierra,091,2930,76,68,12,80,0
2021-07-31,Siskiyou,093,43540,2090,1976,431,2407,31
2021-07-31,Solano,095,438530,36451,35340,752,36092,263
2021-07-31,Sonoma,097,501317,33629,32601,390,32991,329
2021-07-31,Stanislaus,099,539301,59723,58586,6306,64892,1035
2021-07-31,Sutter,101,95872,10296,10068,103,10171,127
2021-07-31,Tehama,103,63373,5330,5216,610,5826,66
2021-07-31,Trinity,105,12862,514,354,112,466,3
2021-07-31,Tulare,107,460477,51556,50409,9564,59973,854
2021-07-31,Tuolumne,109,53932,4559,4362,49,4411,64
2021-07-31,Ventura,111,848112,85080,83509,3475,86984,1044
2021-07-31,Yolo,113,214977,15311,14863,421,15284,215
2021-07-31,Yuba,115,75493,6850,6615,147,6762,50
2021-07-30,Alameda,001,1643700,97838,95279,2170,97449,1265
2021-07-30,Alpine,003,1148,90,89,0,89,0
2021-07-30,Amador,005,37829,3963,3877,33,3910,48
2021-07-30,Butte,007,227075,13575,13235,2064,15299,205
2021-07-30,Calaveras,009,45235,2370,2294,15,2309,57
2021-07-30,Colusa,011,21464,2046,2006,351,2357,16
2021-07-30,Contra Costa,013,1133247,78367,75866,1514,77380,832
2021-07-30,Del Norte,015,27424,1725,1576,14,1590,8
2021-07-30,El Dorado,017,186661,11415,11017,901,11918,116
2021-07-30,Fresno,019,978130,106808,104639,9095,113734,1744
2021-07-30,Glenn,021,27897,2514,2465,587,3052,20
2021-07-30,Humboldt,023,135768,5283,4978,79,5057,52
2021-07-30,Imperial,025,180216,29441,29164,2709,31873,743
2021-07-30,Inyo,027,18085,1464,1442,13,1455,38
2021-07-30,Kern,029,883053,100527,98903,11971,110874,1357
2021-07-30,Kings,031,150075,24045,23548,1174,24722,248
2021-07-30,Lake,033,64148,4441,4238,16,4254,66
2021-07-30,Lassen,035,31185,5363,5320,121,5441,21
2021-07-30,Los Angeles,037,10098052,1271313,1248545,44858,1293403,24691
2021-07-30,Madera,039,155013,17436,17058,1017,18075,245
2021-07-30,Marin,041,260295,15109,14701,290,14991,239
2021-07-30,Mariposa,043,17540,490,470,11,481,5
2021-07-30,Mendocino,045,87422,4605,4400,95,4495,49
2021-07-30,Merced,047,269075,32216,31959,1099,33058,474
2021-07-30,Modoc,049,8938,422,413,147,560,5
2021-07-30,Mono,051,14174,1303,1287,18,1305,3
2021-07-30,Monterey,053,433212,44067,43720,1969,45689,525
2021-07-30,Napa,055,140530,10564,10401,50,10451,82
2021-07-30,Nevada,057,99092,5769,5373,205,5578,72
2021-07-30,Orange,059,3164182,268418,263446,12156,275602,5144
2021-07-30,Placer,061,380077,26002,25104,1913,27017,306
2021-07-30,Plumas,063,18699,776,743,14,757,5
2021-07-30,Riverside,065,2383286,307132,300315,14548,314863,4554
2021-07-30,Sacramento,067,1510023,118269,115259,2228,117487,1720
2021-07-30,San Benito,069,59416,6282,6251,114,6365,63
2021-07-30,San Bernardino,071,2135413,304925,300726,9387,310113,5240
2021-07-30,San Diego,073,3302833,300915,295054,17297,312351,3798
2021-07-30,San Francisco,075,870044,42217,40412,1569,41981,562
2021-07-30,San Joaquin,077,732212,78046,76575,3887,80462,1443
2021-07-30,San Luis Obispo,079,281455,22432,21922,808,22730,260
2021-07-30,San Mateo,081,765935,45462,44622,600,45222,548
2021-07-30,Santa Barbara,083,443738,36067,35531,1200,36731,467
2021-07-30,Santa Clara,085,1922200,124814,122614,845,123459,2099
2021-07-30,Santa Cruz,087,273765,16954,16576,817,17393,207
2021-07-30,Shasta,089,179085,13230,12918,1763,14681,212
2021-07-30,Sierra,091,2930,75,68,12,80,0
2021-07-30,Siskiyou,093,43540,2081,1976,430,2406,31
2021-07-30,Solano,095,438530,36360,35340,736,36076,263
2021-07-30,Sonoma,097,501317,33534,32601,390,32991,329
2021-07-30,Stanislaus,099,539301,59579,58586,6286,64872,1035
2021-07-30,Sutter,101,95872,10261,10068,103,10171,127
2021-07-30,Tehama,103,63373,5320,5216,610,5826,66
2021-07-30,Trinity,105,12862,514,354,112,466,3
2021-07-30,Tulare,107,460477,51513,50409,9529,59938,854
2021-07-30,Tuolumne,109,53932,4541,4362,49,4411,64
2021-07-30,Ventura,111,848112,84916,83509,3460,86969,1044
2021-07-30,Yolo,113,214977,15251,14863,417,15280,215
2021-07-30,Yuba,115,75493,6814,6615,146,6761,50
2021-07-29,Alameda,001,1643700,97426,95279,2164,97443,1265
2021-07-29,Alpine,003,1148,90,89,0,89,0
2021-07-29,Amador,005,37829,3944,3877,33,3910,48
2021-07-29,Butte,007,227075,13526,13235,2056,15291,205
2021-07-29,Calaveras,009,45235,2355,2294,15,2309,57
2021-07-29,Colusa,011,21464,2039,2006,351,2357,16
2021-07-29,Contra Costa,013,1133247,77927,75866,1512,77378,832
2021-07-29,Del Norte,015,27424,1701,1576,14,1590,8
2021-07-29,El Dorado,017,186661,11351,11017,889,11906,116
2021-07-29,Fresno,019,978130,106544,104639,9069,113708,1744
2021-07-29,Glenn,021,27897,2504,2465,586,3051,20
2021-07-29,Humboldt,023,135768,5223,4978,77,5055,52
2021-07-29,Imperial,025,180216,29396,29164,2707,31871,743
2021-07-29,Inyo,027,18085,1460,1442,13,1455,38
2021-07-29,Kern,029,883053,100320,98903,11894,110797,1357
2021-07-29,Kings,031,150075,23999,23548,1170,24718,248
2021-07-29,Lake,033,64148,4406,4238,16,4254,66
2021-07-29,Lassen,035,31185,5355,5320,118,5438,21
2021-07-29,Los Angeles,037,10098052,1268210,1248545,44681,1293226,24691
2021-07-29,Madera,039,155013,17389,17058,1013,18071,245
2021-07-29,Marin,041,260295,15065,14701,290,14991,239
2021-07-29,Mariposa,043,17540,486,470,11,481,5
2021-07-29,Mendocino,045,87422,4582,4400,93,4493,49
2021-07-29,Merced,047,269075,32161,31959,1099,33058,474
2021-07-29,Modoc,049,8938,422,413,147,560,5
2021-07-29,Mono,051,14174,1301,1287,18,1305,3
2021-07-29,Monterey,053,433212,44018,43720,1959,45679,525
2021-07-29,Napa,055,140530,10532,10401,48,10449,82
2021-07-29,Nevada,057,99092,5717,5373,204,5577,72
2021-07-29,Orange,059,3164182,267706,263446,12124,275570,5144
2021-07-29,Placer,061,380077,25879,25104,1898,27002,306
2021-07-29,Plumas,063,18699,768,743,14,757,5
2021-07-29,Riverside,065,2383286,306427,300315,14524,314839,4554
2021-07-29,Sacramento,067,1510023,117714,115259,2215,117474,1720
2021-07-29,San Benito,069,59416,6271,6251,114,6365,63
2021-07-29,San Bernardino,071,2135413,304288,300726,9378,310104,5240
2021-07-29,San Diego,073,3302833,299858,295054,17229,312283,3798
2021-07-29,San Francisco,075,870044,41966,40412,1548,41960,562
2021-07-29,San Joaquin,077,732212,77791,76575,3879,80454,1443
2021-07-29,San Luis Obispo,079,281455,22377,21922,806,22728,260
2021-07-29,San Mateo,081,765935,45335,44622,590,45212,548
2021-07-29,Santa Barbara,083,443738,35981,35531,1199,36730,467
2021-07-29,Santa Clara,085,1922200,124518,122614,842,123456,2099
2021-07-29,Santa Cruz,087,273765,16901,16576,815,17391,207
2021-07-29,Shasta,089,179085,13176,12918,1754,14672,212
2021-07-29,Sierra,091,2930,75,68,12,80,0
2021-07-29,Siskiyou,093,43540,2076,1976,428,2404,31
2021-07-29,Solano,095,438530,36200,35340,726,36066,263
2021-07-29,Sonoma,097,501317,33360,32601,388,32989,329
2021-07-29,Stanislaus,099,539301,59407,58586,6271,64857,1035
2021-07-29,Sutter,101,95872,10215,10068,102,10170,127
2021-07-29,Tehama,103,63373,5307,5216,604,5820,66
2021-07-29,Trinity,105,12862,512,354,111,465,3
2021-07-29,Tulare,107,460477,51423,50409,9489,59898,854
2021-07-29,Tuolumne,109,53932,4501,4362,48,4410,64
2021-07-29,Ventura,111,848112,84750,83509,3453,86962,1044
2021-07-29,Yolo,113,214977,15184,14863,403,15266,215
2021-07-29,Yuba,115,75493,6765,6615,143,6758,50
2021-07-28,Alameda,001,1643700,96966,94965,2157,97122,1262
2021-07-28,Alpine,003,1148,90,89,0,89,0
2021-07-28,Amador,005,37829,3930,3870,33,3903,48
2021-07-28,Butte,007,227075,13469,13184,2043,15227,205
2021-07-28,Calaveras,009,45235,2334,2289,15,2304,57
2021-07-28,Colusa,011,21464,2036,2001,350,2351,16
2021-07-28,Contra Costa,013,1133247,77438,75487,1504,76991,832
2021-07-28,Del Norte,015,27424,1668,1545,14,1559,8
2021-07-28,El Dorado,017,186661,11301,10967,880,11847,116
2021-07-28,Fresno,019,978130,106294,104458,9049,113507,1744
2021-07-28,Glenn,021,27897,2501,2464,583,3047,20
2021-07-28,Humboldt,023,135768,5172,4946,76,5022,52
2021-07-28,Imperial,025,180216,29349,29096,2707,31803,743
2021-07-28,Inyo,027,18085,1454,1439,12,1451,38
2021-07-28,Kern,029,883053,100164,98781,11848,110629,1352
2021-07-28,Kings,031,150075,23935,23503,1160,24663,248
2021-07-28,Lake,033,64148,4360,4191,15,4206,65
2021-07-28,Lassen,035,31185,5347,5318,118,5436,21
2021-07-28,Los Angeles,037,10098052,1265033,1245485,44498,1289983,24673
2021-07-28,Madera,039,155013,17348,17024,1007,18031,245
2021-07-28,Marin,041,260295,15011,14652,290,14942,239
2021-07-28,Mariposa,043,17540,479,469,11,480,5
2021-07-28,Mendocino,045,87422,4554,4377,93,4470,49
2021-07-28,Merced,047,269075,32105,31886,1095,32981,474
2021-07-28,Modoc,049,8938,420,413,147,560,5
2021-07-28,Mono,051,14174,1300,1286,18,1304,3
2021-07-28,Monterey,053,433212,43971,43668,1950,45618,524
2021-07-28,Napa,055,140530,10492,10376,46,10422,82
2021-07-28,Nevada,057,99092,5663,5320,204,5524,72
2021-07-28,Orange,059,3164182,266914,262735,12095,274830,5143
2021-07-28,Placer,061,380077,25732,24978,1883,26861,306
2021-07-28,Plumas,063,18699,763,754,14,768,5
2021-07-28,Riverside,065,2383286,305660,299611,14505,314116,4554
2021-07-28,Sacramento,067,1510023,117061,114665,2196,116861,1714
2021-07-28,San Benito,069,59416,6260,6236,114,6350,63
2021-07-28,San Bernardino,071,2135413,303666,300121,9366,309487,5236
2021-07-28,San Diego,073,3302833,298584,294176,17156,311332,3798
2021-07-28,San Francisco,075,870044,41662,40144,1522,41666,561
2021-07-28,San Joaquin,077,732212,77540,76312,3849,80161,1443
2021-07-28,San Luis Obispo,079,281455,22318,21865,805,22670,260
2021-07-28,San Mateo,081,765935,45184,44477,581,45058,547
2021-07-28,Santa Barbara,083,443738,35906,35431,1194,36625,467
2021-07-28,Santa Clara,085,1922200,124256,122345,840,123185,2099
2021-07-28,Santa Cruz,087,273765,16863,16551,814,17365,207
2021-07-28,Shasta,089,179085,13131,12882,1744,14626,212
2021-07-28,Sierra,091,2930,71,67,12,79,0
2021-07-28,Siskiyou,093,43540,2067,1971,425,2396,31
2021-07-28,Solano,095,438530,36026,35204,719,35923,262
2021-07-28,Sonoma,097,501317,33216,32434,385,32819,328
2021-07-28,Stanislaus,099,539301,59210,58427,6255,64682,1035
2021-07-28,Sutter,101,95872,10183,10033,101,10134,126
2021-07-28,Tehama,103,63373,5295,5209,601,5810,66
2021-07-28,Trinity,105,12862,511,352,111,463,3
2021-07-28,Tulare,107,460477,51335,50363,9442,59805,854
2021-07-28,Tuolumne,109,53932,4462,4313,48,4361,64
2021-07-28,Ventura,111,848112,84554,83360,3437,86797,1043
2021-07-28,Yolo,113,214977,15112,14801,394,15195,215
2021-07-28,Yuba,115,75493,6732,6591,142,6733,51
2021-07-27,Alameda,001,1643700,96565,94682,2149,96831,1256
2021-07-27,Alpine,003,1148,90,89,0,89,0
2021-07-27,Amador,005,37829,3914,3861,33,3894,48
2021-07-27,Butte,007,227075,13421,13127,2031,15158,205
2021-07-27,Calaveras,009,45235,2323,2280,15,2295,57
2021-07-27,Colusa,011,21464,2027,1999,349,2348,16
2021-07-27,Contra Costa,013,1133247,76953,75227,1500,76727,830
2021-07-27,Del Norte,015,27424,1648,1538,14,1552,8
2021-07-27,El Dorado,017,186661,11241,10941,870,11811,116
2021-07-27,Fresno,019,978130,106002,104288,9026,113314,1746
2021-07-27,Glenn,021,27897,2493,2460,581,3041,20
2021-07-27,Humboldt,023,135768,5118,4925,75,5000,52
2021-07-27,Imperial,025,180216,29304,29048,2706,31754,743
2021-07-27,Inyo,027,18085,1452,1430,12,1442,38
2021-07-27,Kern,029,883053,99994,98724,11792,110516,1352
2021-07-27,Kings,031,150075,23878,23463,1150,24613,248
2021-07-27,Lake,033,64148,4321,4157,15,4172,65
2021-07-27,Lassen,035,31185,5341,5315,118,5433,21
2021-07-27,Los Angeles,037,10098052,1261564,1243336,44294,1287630,24658
2021-07-27,Madera,039,155013,17295,16998,1001,17999,245
2021-07-27,Marin,041,260295,14963,14631,287,14918,239
2021-07-27,Mariposa,043,17540,476,468,11,479,5
2021-07-27,Mendocino,045,87422,4531,4371,93,4464,49
2021-07-27,Merced,047,269075,32038,31825,1092,32917,473
2021-07-27,Modoc,049,8938,419,413,147,560,5
2021-07-27,Mono,051,14174,1296,1288,18,1306,3
2021-07-27,Monterey,053,433212,43931,43646,1939,45585,523
2021-07-27,Napa,055,140530,10462,10354,46,10400,82
2021-07-27,Nevada,057,99092,5586,5305,202,5507,72
2021-07-27,Orange,059,3164182,266173,262193,12069,274262,5143
2021-07-27,Placer,061,380077,25573,24916,1857,26773,306
2021-07-27,Plumas,063,18699,760,752,14,766,5
2021-07-27,Riverside,065,2383286,304931,299160,14486,313646,4554
2021-07-27,Sacramento,067,1510023,116458,114413,2187,116600,1710
2021-07-27,San Benito,069,59416,6251,6229,114,6343,63
2021-07-27,San Bernardino,071,2135413,302983,299593,9344,308937,5236
2021-07-27,San Diego,073,3302833,297495,293408,17077,310485,3798
2021-07-27,San Francisco,075,870044,41306,39939,1504,41443,561
2021-07-27,San Joaquin,077,732212,77278,76166,3830,79996,1442
2021-07-27,San Luis Obispo,079,281455,22263,21803,796,22599,260
2021-07-27,San Mateo,081,765935,45033,44378,578,44956,547
2021-07-27,Santa Barbara,083,443738,35811,35355,1192,36547,467
2021-07-27,Santa Clara,085,1922200,123962,122154,838,122992,2099
2021-07-27,Santa Cruz,087,273765,16817,16523,813,17336,207
2021-07-27,Shasta,089,179085,13081,12846,1731,14577,212
2021-07-27,Sierra,091,2930,71,65,12,77,0
2021-07-27,Siskiyou,093,43540,2062,1964,422,2386,31
2021-07-27,Solano,095,438530,35894,35093,709,35802,261
2021-07-27,Sonoma,097,501317,33072,32367,383,32750,328
2021-07-27,Stanislaus,099,539301,59042,58333,6227,64560,1033
2021-07-27,Sutter,101,95872,10142,9998,101,10099,115
2021-07-27,Tehama,103,63373,5273,5192,599,5791,66
2021-07-27,Trinity,105,12862,510,351,111,462,3
2021-07-27,Tulare,107,460477,51269,50324,9411,59735,854
2021-07-27,Tuolumne,109,53932,4410,4282,48,4330,64
2021-07-27,Ventura,111,848112,84346,83189,3425,86614,1043
2021-07-27,Yolo,113,214977,15039,14759,388,15147,215
2021-07-27,Yuba,115,75493,6710,6564,140,6704,51
2021-07-26,Alameda,001,1643700,96120,94436,2145,96581,1259
2021-07-26,Alpine,003,1148,90,89,0,89,0
2021-07-26,Amador,005,37829,3904,3854,33,3887,48
2021-07-26,Butte,007,227075,13366,13082,2015,15097,203
2021-07-26,Calaveras,009,45235,2317,2276,15,2291,57
2021-07-26,Colusa,011,21464,2020,1996,347,2343,16
2021-07-26,Contra Costa,013,1133247,76456,74854,1493,76347,830
2021-07-26,Del Norte,015,27424,1627,1530,14,1544,8
2021-07-26,El Dorado,017,186661,11177,10899,867,11766,116
2021-07-26,Fresno,019,978130,105798,104143,9003,113146,1742
2021-07-26,Glenn,021,27897,2491,2461,580,3041,20
2021-07-26,Humboldt,023,135768,5079,4906,73,4979,52
2021-07-26,Imperial,025,180216,29264,29034,2706,31740,743
2021-07-26,Inyo,027,18085,1447,1429,12,1441,38
2021-07-26,Kern,029,883053,99828,98633,11727,110360,1351
2021-07-26,Kings,031,150075,23829,23426,1146,24572,247
2021-07-26,Lake,033,64148,4300,4133,15,4148,65
2021-07-26,Lassen,035,31185,5337,5314,118,5432,21
2021-07-26,Los Angeles,037,10098052,1258216,1241527,44123,1285650,24647
2021-07-26,Madera,039,155013,17267,16971,994,17965,245
2021-07-26,Marin,041,260295,14906,14579,286,14865,239
2021-07-26,Mariposa,043,17540,475,467,11,478,5
2021-07-26,Mendocino,045,87422,4510,4354,93,4447,49
2021-07-26,Merced,047,269075,31947,31774,1088,32862,473
2021-07-26,Modoc,049,8938,419,413,147,560,5
2021-07-26,Mono,051,14174,1295,1286,18,1304,3
2021-07-26,Monterey,053,433212,43888,43595,1927,45522,521
2021-07-26,Napa,055,140530,10439,10332,46,10378,82
2021-07-26,Nevada,057,99092,5500,5280,202,5482,72
2021-07-26,Orange,059,3164182,265535,261803,12049,273852,5142
2021-07-26,Placer,061,380077,25436,24842,1836,26678,304
2021-07-26,Plumas,063,18699,756,750,14,764,5
2021-07-26,Riverside,065,2383286,304239,298626,14472,313098,4553
2021-07-26,Sacramento,067,1510023,115858,113986,2171,116157,1705
2021-07-26,San Benito,069,59416,6245,6222,114,6336,63
2021-07-26,San Bernardino,071,2135413,302368,299238,9331,308569,5237
2021-07-26,San Diego,073,3302833,296387,292688,16995,309683,3793
2021-07-26,San Francisco,075,870044,40944,39800,1478,41278,561
2021-07-26,San Joaquin,077,732212,77043,76033,3826,79859,1440
2021-07-26,San Luis Obispo,079,281455,22214,21752,793,22545,260
2021-07-26,San Mateo,081,765935,44885,44297,570,44867,547
2021-07-26,Santa Barbara,083,443738,35738,35311,1180,36491,467
2021-07-26,Santa Clara,085,1922200,123653,121978,829,122807,2099
2021-07-26,Santa Cruz,087,273765,16777,16493,810,17303,207
2021-07-26,Shasta,089,179085,13032,12819,1720,14539,211
2021-07-26,Sierra,091,2930,70,65,12,77,0
2021-07-26,Siskiyou,093,43540,2059,1962,420,2382,31
2021-07-26,Solano,095,438530,35739,34990,702,35692,259
2021-07-26,Sonoma,097,501317,32936,32283,381,32664,328
2021-07-26,Stanislaus,099,539301,58897,58219,6208,64427,1033
2021-07-26,Sutter,101,95872,10102,9963,98,10061,115
2021-07-26,Tehama,103,63373,5263,5183,595,5778,66
2021-07-26,Trinity,105,12862,510,351,110,461,3
2021-07-26,Tulare,107,460477,51203,50265,9382,59647,854
2021-07-26,Tuolumne,109,53932,4380,4271,47,4318,64
2021-07-26,Ventura,111,848112,84173,83072,3410,86482,1041
2021-07-26,Yolo,113,214977,14978,14727,376,15103,215
2021-07-26,Yuba,115,75493,6676,6538,138,6676,51
2021-07-25,Alameda,001,1643700,95632,94146,2140,96286,1259
2021-07-25,Alpine,003,1148,88,89,0,89,0
2021-07-25,Amador,005,37829,3889,3848,33,3881,48
2021-07-25,Butte,007,227075,13327,13074,2003,15077,203
2021-07-25,Calaveras,009,45235,2306,2275,15,2290,57
2021-07-25,Colusa,011,21464,2011,1996,343,2339,16
2021-07-25,Contra Costa,013,1133247,75972,74634,1479,76113,830
2021-07-25,Del Norte,015,27424,1606,1526,14,1540,8
2021-07-25,El Dorado,017,186661,11120,10878,863,11741,116
2021-07-25,Fresno,019,978130,105557,104019,8987,113006,1742
2021-07-25,Glenn,021,27897,2482,2461,578,3039,20
2021-07-25,Humboldt,023,135768,5020,4892,72,4964,52
2021-07-25,Imperial,025,180216,29228,29037,2706,31743,743
2021-07-25,Inyo,027,18085,1442,1427,12,1439,38
2021-07-25,Kern,029,883053,99656,98503,11656,110159,1351
2021-07-25,Kings,031,150075,23775,23396,1142,24538,247
2021-07-25,Lake,033,64148,4247,4109,14,4123,65
2021-07-25,Lassen,035,31185,5332,5314,118,5432,21
2021-07-25,Los Angeles,037,10098052,1254795,1239596,43931,1283527,24643
2021-07-25,Madera,039,155013,17230,16947,987,17934,245
2021-07-25,Marin,041,260295,14856,14558,283,14841,239
2021-07-25,Mariposa,043,17540,472,465,11,476,5
2021-07-25,Mendocino,045,87422,4481,4335,91,4426,49
2021-07-25,Merced,047,269075,31874,31760,1086,32846,473
2021-07-25,Modoc,049,8938,419,413,147,560,5
2021-07-25,Mono,051,14174,1292,1286,18,1304,3
2021-07-25,Monterey,053,433212,43850,43590,1919,45509,521
2021-07-25,Napa,055,140530,10403,10316,45,10361,82
2021-07-25,Nevada,057,99092,5435,5256,199,5455,72
2021-07-25,Orange,059,3164182,264827,261351,12026,273377,5142
2021-07-25,Placer,061,380077,25314,24755,1815,26570,304
2021-07-25,Plumas,063,18699,754,750,14,764,5
2021-07-25,Riverside,065,2383286,303475,298181,14455,312636,4553
2021-07-25,Sacramento,067,1510023,115308,113611,2156,115767,1704
2021-07-25,San Benito,069,59416,6238,6217,114,6331,63
2021-07-25,San Bernardino,071,2135413,301709,298982,9324,308306,5237
2021-07-25,San Diego,073,3302833,295325,290626,16921,307547,3793
2021-07-25,San Francisco,075,870044,40594,39663,1453,41116,561
2021-07-25,San Joaquin,077,732212,76786,75926,3807,79733,1440
2021-07-25,San Luis Obispo,079,281455,22141,21741,790,22531,260
2021-07-25,San Mateo,081,765935,44723,44189,564,44753,547
2021-07-25,Santa Barbara,083,443738,35658,35261,1177,36438,467
2021-07-25,Santa Clara,085,1922200,123323,121800,824,122624,2099
2021-07-25,Santa Cruz,087,273765,16730,16474,809,17283,207
2021-07-25,Shasta,089,179085,12985,12815,1715,14530,211
2021-07-25,Sierra,091,2930,70,65,12,77,0
2021-07-25,Siskiyou,093,43540,2051,1963,417,2380,31
2021-07-25,Solano,095,438530,35547,34863,699,35562,259
2021-07-25,Sonoma,097,501317,32811,32202,378,32580,328
2021-07-25,Stanislaus,099,539301,58731,58154,6203,64357,1033
2021-07-25,Sutter,101,95872,10049,9937,96,10033,115
2021-07-25,Tehama,103,63373,5247,5181,594,5775,66
2021-07-25,Trinity,105,12862,508,351,108,459,3
2021-07-25,Tulare,107,460477,51127,50221,9344,59565,854
2021-07-25,Tuolumne,109,53932,4329,4267,47,4314,64
2021-07-25,Ventura,111,848112,83959,82986,3387,86373,1041
2021-07-25,Yolo,113,214977,14917,14693,362,15055,215
2021-07-25,Yuba,115,75493,6644,6519,138,6657,51
2021-07-24,Alameda,001,1643700,95351,93170,2136,95306,1259
2021-07-24,Alpine,003,1148,88,89,0,89,0
2021-07-24,Amador,005,37829,3880,3816,33,3849,48
2021-07-24,Butte,007,227075,13298,12982,1999,14981,203
2021-07-24,Calaveras,009,45235,2301,2267,15,2282,57
2021-07-24,Colusa,011,21464,2010,1992,341,2333,16
2021-07-24,Contra Costa,013,1133247,75744,73682,1476,75158,830
2021-07-24,Del Norte,015,27424,1595,1497,14,1511,8
2021-07-24,El Dorado,017,186661,11086,10773,860,11633,116
2021-07-24,Fresno,019,978130,105439,103637,8977,112614,1736
2021-07-24,Glenn,021,27897,2480,2457,578,3035,20
2021-07-24,Humboldt,023,135768,4985,4780,71,4851,52
2021-07-24,Imperial,025,180216,29208,28996,2706,31702,742
2021-07-24,Inyo,027,18085,1439,1424,12,1436,38
2021-07-24,Kern,029,883053,99578,98261,11634,109895,1350
2021-07-24,Kings,031,150075,23744,23304,1139,24443,246
2021-07-24,Lake,033,64148,4224,3963,14,3977,64
2021-07-24,Lassen,035,31185,5331,5311,118,5429,21
2021-07-24,Los Angeles,037,10098052,1253018,1232164,43804,1275968,24623
2021-07-24,Madera,039,155013,17206,16885,985,17870,245
2021-07-24,Marin,041,260295,14817,14454,283,14737,238
2021-07-24,Mariposa,043,17540,472,453,11,464,5
2021-07-24,Mendocino,045,87422,4456,4293,91,4384,49
2021-07-24,Merced,047,269075,31852,31661,1085,32746,473
2021-07-24,Modoc,049,8938,419,413,147,560,5
2021-07-24,Mono,051,14174,1290,1284,18,1302,3
2021-07-24,Monterey,053,433212,43825,43525,1912,45437,521
2021-07-24,Napa,055,140530,10387,10230,45,10275,81
2021-07-24,Nevada,057,99092,5403,5183,199,5382,72
2021-07-24,Orange,059,3164182,264361,259973,12014,271987,5141
2021-07-24,Placer,061,380077,25232,24530,1810,26340,303
2021-07-24,Plumas,063,18699,753,737,14,751,4
2021-07-24,Riverside,065,2383286,303007,296912,14445,311357,4552
2021-07-24,Sacramento,067,1510023,114993,112438,2152,114590,1698
2021-07-24,San Benito,069,59416,6234,6200,113,6313,63
2021-07-24,San Bernardino,071,2135413,301318,297899,9315,307214,5236
2021-07-24,San Diego,073,3302833,294859,289368,16893,306261,3788
2021-07-24,San Francisco,075,870044,40421,38954,1437,40391,561
2021-07-24,San Joaquin,077,732212,76658,75461,3796,79257,1436
2021-07-24,San Luis Obispo,079,281455,22110,21616,788,22404,260
2021-07-24,San Mateo,081,765935,44606,43880,558,44438,542
2021-07-24,Santa Barbara,083,443738,35599,35071,1173,36244,465
2021-07-24,Santa Clara,085,1922200,123111,121092,823,121915,2099
2021-07-24,Santa Cruz,087,273765,16707,16416,809,17225,207
2021-07-24,Shasta,089,179085,12957,12759,1712,14471,211
2021-07-24,Sierra,091,2930,69,64,12,76,0
2021-07-24,Siskiyou,093,43540,2051,1951,417,2368,31
2021-07-24,Solano,095,438530,35455,34499,690,35189,259
2021-07-24,Sonoma,097,501317,32686,31928,376,32304,327
2021-07-24,Stanislaus,099,539301,58639,57879,6193,64072,1030
2021-07-24,Sutter,101,95872,10022,9890,96,9986,115
2021-07-24,Tehama,103,63373,5240,5166,592,5758,65
2021-07-24,Trinity,105,12862,508,345,108,453,3
2021-07-24,Tulare,107,460477,51084,50104,9327,59431,854
2021-07-24,Tuolumne,109,53932,4303,4216,47,4263,64
2021-07-24,Ventura,111,848112,83832,82687,3371,86058,1041
2021-07-24,Yolo,113,214977,14879,14557,358,14915,214
2021-07-24,Yuba,115,75493,6625,6449,138,6587,51
2021-07-23,Alameda,001,1643700,95098,93170,2132,95302,1259
2021-07-23,Alpine,003,1148,88,89,0,89,0
2021-07-23,Amador,005,37829,3873,3816,33,3849,48
2021-07-23,Butte,007,227075,13269,12982,1990,14972,203
2021-07-23,Calaveras,009,45235,2291,2267,15,2282,57
2021-07-23,Colusa,011,21464,2009,1992,341,2333,16
2021-07-23,Contra Costa,013,1133247,75484,73682,1467,75149,830
2021-07-23,Del Norte,015,27424,1587,1497,14,1511,8
2021-07-23,El Dorado,017,186661,11057,10773,856,11629,116
2021-07-23,Fresno,019,978130,105307,103637,8967,112604,1736
2021-07-23,Glenn,021,27897,2478,2457,575,3032,20
2021-07-23,Humboldt,023,135768,4963,4780,68,4848,52
2021-07-23,Imperial,025,180216,29196,28996,2706,31702,742
2021-07-23,Inyo,027,18085,1436,1424,12,1436,38
2021-07-23,Kern,029,883053,99496,98261,11609,109870,1350
2021-07-23,Kings,031,150075,23713,23304,1136,24440,246
2021-07-23,Lake,033,64148,4195,3963,14,3977,64
2021-07-23,Lassen,035,31185,5329,5311,118,5429,21
2021-07-23,Los Angeles,037,10098052,1251075,1232164,43697,1275861,24623
2021-07-23,Madera,039,155013,17176,16885,980,17865,245
2021-07-23,Marin,041,260295,14780,14454,281,14735,238
2021-07-23,Mariposa,043,17540,469,453,11,464,5
2021-07-23,Mendocino,045,87422,4443,4293,91,4384,49
2021-07-23,Merced,047,269075,31827,31661,1085,32746,473
2021-07-23,Modoc,049,8938,419,413,147,560,5
2021-07-23,Mono,051,14174,1289,1284,18,1302,3
2021-07-23,Monterey,053,433212,43799,43525,1912,45437,521
2021-07-23,Napa,055,140530,10366,10230,45,10275,81
2021-07-23,Nevada,057,99092,5359,5183,199,5382,72
2021-07-23,Orange,059,3164182,263912,259973,11991,271964,5141
2021-07-23,Placer,061,380077,25152,24530,1794,26324,303
2021-07-23,Plumas,063,18699,751,737,14,751,4
2021-07-23,Riverside,065,2383286,302541,296912,14433,311345,4552
2021-07-23,Sacramento,067,1510023,114638,112438,2150,114588,1698
2021-07-23,San Benito,069,59416,6228,6200,113,6313,63
2021-07-23,San Bernardino,071,2135413,300936,297899,9306,307205,5236
2021-07-23,San Diego,073,3302833,294251,289368,16845,306213,3788
2021-07-23,San Francisco,075,870044,40235,38954,1425,40379,561
2021-07-23,San Joaquin,077,732212,76554,75461,3781,79242,1436
2021-07-23,San Luis Obispo,079,281455,22071,21616,788,22404,260
2021-07-23,San Mateo,081,765935,44502,43880,554,44434,542
2021-07-23,Santa Barbara,083,443738,35534,35071,1172,36243,465
2021-07-23,Santa Clara,085,1922200,122892,121092,820,121912,2099
2021-07-23,Santa Cruz,087,273765,16682,16416,809,17225,207
2021-07-23,Shasta,089,179085,12930,12759,1709,14468,211
2021-07-23,Sierra,091,2930,69,64,12,76,0
2021-07-23,Siskiyou,093,43540,2049,1951,417,2368,31
2021-07-23,Solano,095,438530,35363,34499,686,35185,259
2021-07-23,Sonoma,097,501317,32591,31928,375,32303,327
2021-07-23,Stanislaus,099,539301,58563,57879,6184,64063,1030
2021-07-23,Sutter,101,95872,9993,9890,96,9986,115
2021-07-23,Tehama,103,63373,5231,5166,592,5758,65
2021-07-23,Trinity,105,12862,507,345,107,452,3
2021-07-23,Tulare,107,460477,51038,50104,9306,59410,854
2021-07-23,Tuolumne,109,53932,4281,4216,47,4263,64
2021-07-23,Ventura,111,848112,83670,82687,3353,86040,1041
2021-07-23,Yolo,113,214977,14843,14557,351,14908,214
2021-07-23,Yuba,115,75493,6599,6449,137,6586,51
2021-07-22,Alameda,001,1643700,94746,93170,2127,95297,1259
2021-07-22,Alpine,003,1148,88,89,0,89,0
2021-07-22,Amador,005,37829,3864,3816,33,3849,48
2021-07-22,Butte,007,227075,13235,12982,1981,14963,203
2021-07-22,Calaveras,009,45235,2281,2267,15,2282,57
2021-07-22,Colusa,011,21464,2007,1992,338,2330,16
2021-07-22,Contra Costa,013,1133247,75145,73682,1462,75144,830
2021-07-22,Del Norte,015,27424,1570,1497,14,1511,8
2021-07-22,El Dorado,017,186661,11021,10773,848,11621,116
2021-07-22,Fresno,019,978130,105178,103637,8957,112594,1736
2021-07-22,Glenn,021,27897,2474,2457,575,3032,20
2021-07-22,Humboldt,023,135768,4932,4780,66,4846,52
2021-07-22,Imperial,025,180216,29166,28996,2706,31702,742
2021-07-22,Inyo,027,18085,1434,1424,12,1436,38
2021-07-22,Kern,029,883053,99381,98261,11568,109829,1350
2021-07-22,Kings,031,150075,23674,23304,1134,24438,246
2021-07-22,Lake,033,64148,4144,3963,14,3977,64
2021-07-22,Lassen,035,31185,5326,5311,118,5429,21
2021-07-22,Los Angeles,037,10098052,1248636,1232164,43521,1275685,24623
2021-07-22,Madera,039,155013,17141,16885,978,17863,245
2021-07-22,Marin,041,260295,14739,14454,280,14734,238
2021-07-22,Mariposa,043,17540,462,453,11,464,5
2021-07-22,Mendocino,045,87422,4430,4293,90,4383,49
2021-07-22,Merced,047,269075,31785,31661,1084,32745,473
2021-07-22,Modoc,049,8938,419,413,147,560,5
2021-07-22,Mono,051,14174,1288,1284,18,1302,3
2021-07-22,Monterey,053,433212,43771,43525,1906,45431,521
2021-07-22,Napa,055,140530,10348,10230,45,10275,81
2021-07-22,Nevada,057,99092,5333,5183,198,5381,72
2021-07-22,Orange,059,3164182,263359,259973,11982,271955,5141
2021-07-22,Placer,061,380077,25058,24530,1783,26313,303
2021-07-22,Plumas,063,18699,750,737,14,751,4
2021-07-22,Riverside,065,2383286,302033,296912,14412,311324,4552
2021-07-22,Sacramento,067,1510023,114201,112438,2141,114579,1698
2021-07-22,San Benito,069,59416,6221,6200,113,6313,63
2021-07-22,San Bernardino,071,2135413,300533,297899,9291,307190,5236
2021-07-22,San Diego,073,3302833,293522,289368,16785,306153,3788
2021-07-22,San Francisco,075,870044,40022,38954,1413,40367,561
2021-07-22,San Joaquin,077,732212,76411,75461,3769,79230,1436
2021-07-22,San Luis Obispo,079,281455,22033,21616,784,22400,260
2021-07-22,San Mateo,081,765935,44390,43880,549,44429,542
2021-07-22,Santa Barbara,083,443738,35468,35071,1170,36241,465
2021-07-22,Santa Clara,085,1922200,122651,121092,817,121909,2099
2021-07-22,Santa Cruz,087,273765,16645,16416,808,17224,207
2021-07-22,Shasta,089,179085,12906,12759,1705,14464,211
2021-07-22,Sierra,091,2930,67,64,12,76,0
2021-07-22,Siskiyou,093,43540,2046,1951,417,2368,31
2021-07-22,Solano,095,438530,35217,34499,679,35178,259
2021-07-22,Sonoma,097,501317,32481,31928,373,32301,327
2021-07-22,Stanislaus,099,539301,58435,57879,6172,64051,1030
2021-07-22,Sutter,101,95872,9972,9890,96,9986,115
2021-07-22,Tehama,103,63373,5225,5166,592,5758,65
2021-07-22,Trinity,105,12862,507,345,107,452,3
2021-07-22,Tulare,107,460477,50995,50104,9278,59382,854
2021-07-22,Tuolumne,109,53932,4269,4216,47,4263,64
2021-07-22,Ventura,111,848112,83536,82687,3340,86027,1041
2021-07-22,Yolo,113,214977,14805,14557,351,14908,214
2021-07-22,Yuba,115,75493,6568,6449,134,6583,51
2021-07-21,Alameda,001,1643700,94426,92840,2124,94964,1256
2021-07-21,Alpine,003,1148,88,89,0,89,0
2021-07-21,Amador,005,37829,3851,3813,33,3846,48
2021-07-21,Butte,007,227075,13194,12939,1976,14915,203
2021-07-21,Calaveras,009,45235,2277,2257,15,2272,57
2021-07-21,Colusa,011,21464,2003,1988,337,2325,16
2021-07-21,Contra Costa,013,1133247,74881,73320,1453,74773,827
2021-07-21,Del Norte,015,27424,1560,1492,14,1506,8
2021-07-21,El Dorado,017,186661,10984,10742,844,11586,116
2021-07-21,Fresno,019,978130,105029,103504,8948,112452,1736
2021-07-21,Glenn,021,27897,2472,2455,574,3029,20
2021-07-21,Humboldt,023,135768,4900,4763,64,4827,52
2021-07-21,Imperial,025,180216,29154,28964,2703,31667,742
2021-07-21,Inyo,027,18085,1434,1423,12,1435,38
2021-07-21,Kern,029,883053,99263,98152,11527,109679,1350
2021-07-21,Kings,031,150075,23646,23270,1130,24400,246
2021-07-21,Lake,033,64148,4078,3896,14,3910,64
2021-07-21,Lassen,035,31185,5323,5310,118,5428,21
2021-07-21,Los Angeles,037,10098052,1246124,1229598,43383,1272981,24609
2021-07-21,Madera,039,155013,17117,16858,976,17834,245
2021-07-21,Marin,041,260295,14690,14427,280,14707,238
2021-07-21,Mariposa,043,17540,458,449,11,460,5
2021-07-21,Mendocino,045,87422,4412,4274,90,4364,49
2021-07-21,Merced,047,269075,31746,31607,1080,32687,473
2021-07-21,Modoc,049,8938,419,413,147,560,5
2021-07-21,Mono,051,14174,1285,1282,18,1300,3
2021-07-21,Monterey,053,433212,43741,43502,1903,45405,515
2021-07-21,Napa,055,140530,10322,10209,45,10254,81
2021-07-21,Nevada,057,99092,5298,5152,198,5350,72
2021-07-21,Orange,059,3164182,262805,259615,11952,271567,5139
2021-07-21,Placer,061,380077,24949,24441,1772,26213,303
2021-07-21,Plumas,063,18699,750,736,14,750,4
2021-07-21,Riverside,065,2383286,301520,296419,14395,310814,4552
2021-07-21,Sacramento,067,1510023,113778,112043,2130,114173,1696
2021-07-21,San Benito,069,59416,6211,6196,113,6309,63
2021-07-21,San Bernardino,071,2135413,300077,297519,9283,306802,5230
2021-07-21,San Diego,073,3302833,292672,288682,16722,305404,3787
2021-07-21,San Francisco,075,870044,39797,38699,1408,40107,559
2021-07-21,San Joaquin,077,732212,76222,75288,3757,79045,1434
2021-07-21,San Luis Obispo,079,281455,21996,21579,781,22360,260
2021-07-21,San Mateo,081,765935,44298,43755,545,44300,542
2021-07-21,Santa Barbara,083,443738,35409,34998,1154,36152,465
2021-07-21,Santa Clara,085,1922200,122442,120838,815,121653,2099
2021-07-21,Santa Cruz,087,273765,16611,16407,808,17215,207
2021-07-21,Shasta,089,179085,12873,12751,1702,14453,211
2021-07-21,Sierra,091,2930,67,64,12,76,0
2021-07-21,Siskiyou,093,43540,2044,1943,415,2358,31
2021-07-21,Solano,095,438530,35059,34374,674,35048,258
2021-07-21,Sonoma,097,501317,32365,31789,373,32162,327
2021-07-21,Stanislaus,099,539301,58333,57774,6162,63936,1028
2021-07-21,Sutter,101,95872,9948,9862,96,9958,113
2021-07-21,Tehama,103,63373,5221,5161,592,5753,65
2021-07-21,Trinity,105,12862,505,345,106,451,3
2021-07-21,Tulare,107,460477,50936,50066,9253,59319,854
2021-07-21,Tuolumne,109,53932,4232,4156,47,4203,64
2021-07-21,Ventura,111,848112,83414,82573,3328,85901,1041
2021-07-21,Yolo,113,214977,14764,14525,350,14875,213
2021-07-21,Yuba,115,75493,6540,6425,134,6559,52
2021-07-20,Alameda,001,1643700,94056,92625,2110,94735,1256
2021-07-20,Alpine,003,1148,88,89,0,89,0
2021-07-20,Amador,005,37829,3840,3807,33,3840,48
2021-07-20,Butte,007,227075,13157,12916,1970,14886,203
2021-07-20,Calaveras,009,45235,2274,2249,15,2264,57
2021-07-20,Colusa,011,21464,2003,1985,337,2322,16
2021-07-20,Contra Costa,013,1133247,74596,73143,1435,74578,825
2021-07-20,Del Norte,015,27424,1550,1490,14,1504,8
2021-07-20,El Dorado,017,186661,10944,10727,840,11567,116
2021-07-20,Fresno,019,978130,104894,103438,8929,112367,1736
2021-07-20,Glenn,021,27897,2472,2453,574,3027,20
2021-07-20,Humboldt,023,135768,4855,4735,62,4797,52
2021-07-20,Imperial,025,180216,29134,28933,2703,31636,742
2021-07-20,Inyo,027,18085,1430,1420,12,1432,36
2021-07-20,Kern,029,883053,99149,98082,11499,109581,1350
2021-07-20,Kings,031,150075,23605,23254,1125,24379,246
2021-07-20,Lake,033,64148,4053,3871,14,3885,64
2021-07-20,Lassen,035,31185,5323,5306,118,5424,21
2021-07-20,Los Angeles,037,10098052,1243328,1227404,43218,1270622,24603
2021-07-20,Madera,039,155013,17096,16856,972,17828,245
2021-07-20,Marin,041,260295,14654,14396,277,14673,234
2021-07-20,Mariposa,043,17540,456,448,11,459,5
2021-07-20,Mendocino,045,87422,4395,4259,90,4349,49
2021-07-20,Merced,047,269075,31707,31578,1073,32651,473
2021-07-20,Modoc,049,8938,419,413,147,560,5
2021-07-20,Mono,051,14174,1281,1281,18,1299,3
2021-07-20,Monterey,053,433212,43710,43481,1900,45381,515
2021-07-20,Napa,055,140530,10299,10191,45,10236,81
2021-07-20,Nevada,057,99092,5279,5148,197,5345,72
2021-07-20,Orange,059,3164182,262248,259303,11922,271225,5139
2021-07-20,Placer,061,380077,24858,24408,1750,26158,303
2021-07-20,Plumas,063,18699,748,736,14,750,4
2021-07-20,Riverside,065,2383286,300985,296118,14381,310499,4543
2021-07-20,Sacramento,067,1510023,113337,111796,2100,113896,1695
2021-07-20,San Benito,069,59416,6204,6196,113,6309,63
2021-07-20,San Bernardino,071,2135413,299668,297222,9258,306480,5231
2021-07-20,San Diego,073,3302833,291746,288209,16626,304835,3786
2021-07-20,San Francisco,075,870044,39538,38536,1398,39934,558
2021-07-20,San Joaquin,077,732212,76050,75198,3744,78942,1433
2021-07-20,San Luis Obispo,079,281455,21950,21556,780,22336,259
2021-07-20,San Mateo,081,765935,44179,43670,543,44213,542
2021-07-20,Santa Barbara,083,443738,35339,34935,1148,36083,462
2021-07-20,Santa Clara,085,1922200,122185,120704,813,121517,2098
2021-07-20,Santa Cruz,087,273765,16582,16399,808,17207,207
2021-07-20,Shasta,089,179085,12847,12734,1698,14432,211
2021-07-20,Sierra,091,2930,67,64,12,76,0
2021-07-20,Siskiyou,093,43540,2040,1931,414,2345,31
2021-07-20,Solano,095,438530,34924,34337,667,35004,258
2021-07-20,Sonoma,097,501317,32246,31763,372,32135,326
2021-07-20,Stanislaus,099,539301,58218,57706,6157,63863,1028
2021-07-20,Sutter,101,95872,9921,9854,93,9947,114
2021-07-20,Tehama,103,63373,5219,5153,592,5745,65
2021-07-20,Trinity,105,12862,503,344,105,449,3
2021-07-20,Tulare,107,460477,50894,50047,9236,59283,854
2021-07-20,Tuolumne,109,53932,4213,4156,47,4203,64
2021-07-20,Ventura,111,848112,83261,82504,3313,85817,1041
2021-07-20,Yolo,113,214977,14699,14495,347,14842,213
2021-07-20,Yuba,115,75493,6515,6393,131,6524,52
2021-07-19,Alameda,001,1643700,93678,92357,2095,94452,1256
2021-07-19,Alpine,003,1148,88,89,0,89,0
2021-07-19,Amador,005,37829,3836,3802,33,3835,48
2021-07-19,Butte,007,227075,13113,12901,1965,14866,202
2021-07-19,Calaveras,009,45235,2270,2245,15,2260,57
2021-07-19,Colusa,011,21464,2001,1981,337,2318,16
2021-07-19,Contra Costa,013,1133247,74284,72935,1415,74350,825
2021-07-19,Del Norte,015,27424,1537,1484,14,1498,8
2021-07-19,El Dorado,017,186661,10914,10703,832,11535,114
2021-07-19,Fresno,019,978130,104764,103350,8916,112266,1731
2021-07-19,Glenn,021,27897,2472,2452,573,3025,20
2021-07-19,Humboldt,023,135768,4825,4719,60,4779,52
2021-07-19,Imperial,025,180216,29107,28888,2702,31590,742
2021-07-19,Inyo,027,18085,1429,1417,12,1429,36
2021-07-19,Kern,029,883053,99035,97999,11466,109465,1349
2021-07-19,Kings,031,150075,23575,23221,1119,24340,246
2021-07-19,Lake,033,64148,4017,3848,14,3862,64
2021-07-19,Lassen,035,31185,5322,5305,118,5423,21
2021-07-19,Los Angeles,037,10098052,1240722,1225946,43032,1268978,24600
2021-07-19,Madera,039,155013,17073,16846,969,17815,244
2021-07-19,Marin,041,260295,14619,14369,274,14643,234
2021-07-19,Mariposa,043,17540,450,447,11,458,5
2021-07-19,Mendocino,045,87422,4377,4251,90,4341,49
2021-07-19,Merced,047,269075,31643,31565,1066,32631,472
2021-07-19,Modoc,049,8938,418,413,147,560,5
2021-07-19,Mono,051,14174,1279,1280,18,1298,3
2021-07-19,Monterey,053,433212,43686,43436,1899,45335,515
2021-07-19,Napa,055,140530,10274,10180,43,10223,81
2021-07-19,Nevada,057,99092,5251,5133,196,5329,72
2021-07-19,Orange,059,3164182,261725,258927,11890,270817,5138
2021-07-19,Placer,061,380077,24759,24359,1728,26087,303
2021-07-19,Plumas,063,18699,748,730,14,744,4
2021-07-19,Riverside,065,2383286,300495,295736,14343,310079,4543
2021-07-19,Sacramento,067,1510023,112973,111470,2074,113544,1696
2021-07-19,San Benito,069,59416,6201,6193,113,6306,63
2021-07-19,San Bernardino,071,2135413,299295,296929,9239,306168,5235
2021-07-19,San Diego,073,3302833,290846,287695,16521,304216,3786
2021-07-19,San Francisco,075,870044,39265,38463,1385,39848,560
2021-07-19,San Joaquin,077,732212,75885,75086,3739,78825,1431
2021-07-19,San Luis Obispo,079,281455,21905,21531,776,22307,259
2021-07-19,San Mateo,081,765935,44037,43563,534,44097,542
2021-07-19,Santa Barbara,083,443738,35267,34904,1146,36050,461
2021-07-19,Santa Clara,085,1922200,121927,120554,812,121366,2098
2021-07-19,Santa Cruz,087,273765,16566,16387,808,17195,207
2021-07-19,Shasta,089,179085,12829,12723,1696,14419,209
2021-07-19,Sierra,091,2930,66,64,12,76,0
2021-07-19,Siskiyou,093,43540,2035,1927,412,2339,31
2021-07-19,Solano,095,438530,34749,34262,656,34918,261
2021-07-19,Sonoma,097,501317,32125,31713,371,32084,325
2021-07-19,Stanislaus,099,539301,58117,57644,6147,63791,1027
2021-07-19,Sutter,101,95872,9905,9834,93,9927,114
2021-07-19,Tehama,103,63373,5213,5152,590,5742,65
2021-07-19,Trinity,105,12862,503,344,104,448,3
2021-07-19,Tulare,107,460477,50847,49994,9220,59214,855
2021-07-19,Tuolumne,109,53932,4203,4151,47,4198,64
2021-07-19,Ventura,111,848112,83165,82409,3291,85700,1041
2021-07-19,Yolo,113,214977,14667,14439,345,14784,213
2021-07-19,Yuba,115,75493,6491,6370,131,6501,52
2021-07-18,Alameda,001,1643700,93317,92162,2083,94245,1256
2021-07-18,Alpine,003,1148,88,89,0,89,0
2021-07-18,Amador,005,37829,3825,3799,33,3832,48
2021-07-18,Butte,007,227075,13071,12888,1959,14847,202
2021-07-18,Calaveras,009,45235,2267,2243,15,2258,57
2021-07-18,Colusa,011,21464,2001,1981,336,2317,16
2021-07-18,Contra Costa,013,1133247,73968,72849,1397,74246,825
2021-07-18,Del Norte,015,27424,1528,1482,14,1496,8
2021-07-18,El Dorado,017,186661,10877,10687,824,11511,114
2021-07-18,Fresno,019,978130,104610,103298,8898,112196,1731
2021-07-18,Glenn,021,27897,2471,2452,572,3024,20
2021-07-18,Humboldt,023,135768,4789,4714,60,4774,52
2021-07-18,Imperial,025,180216,29070,28877,2701,31578,742
2021-07-18,Inyo,027,18085,1425,1417,12,1429,36
2021-07-18,Kern,029,883053,98909,97963,11424,109387,1349
2021-07-18,Kings,031,150075,23554,23203,1115,24318,246
2021-07-18,Lake,033,64148,3981,3825,14,3839,64
2021-07-18,Lassen,035,31185,5322,5305,118,5423,21
2021-07-18,Los Angeles,037,10098052,1238034,1224691,42843,1267534,24598
2021-07-18,Madera,039,155013,17048,16838,965,17803,244
2021-07-18,Marin,041,260295,14583,14358,272,14630,234
2021-07-18,Mariposa,043,17540,449,447,11,458,5
2021-07-18,Mendocino,045,87422,4356,4246,90,4336,49
2021-07-18,Merced,047,269075,31612,31537,1064,32601,471
2021-07-18,Modoc,049,8938,418,413,147,560,5
2021-07-18,Mono,051,14174,1278,1280,18,1298,3
2021-07-18,Monterey,053,433212,43668,43422,1889,45311,515
2021-07-18,Napa,055,140530,10257,10174,40,10214,81
2021-07-18,Nevada,057,99092,5225,5124,196,5320,72
2021-07-18,Orange,059,3164182,261241,258724,11862,270586,5138
2021-07-18,Placer,061,380077,24691,24313,1701,26014,303
2021-07-18,Plumas,063,18699,748,730,14,744,4
2021-07-18,Riverside,065,2383286,300003,295522,14301,309823,4543
2021-07-18,Sacramento,067,1510023,112543,111255,2041,113296,1696
2021-07-18,San Benito,069,59416,6193,6191,113,6304,63
2021-07-18,San Bernardino,071,2135413,298820,296739,9224,305963,5233
2021-07-18,San Diego,073,3302833,290030,286287,16437,302724,3786
2021-07-18,San Francisco,075,870044,39029,38367,1374,39741,560
2021-07-18,San Joaquin,077,732212,75708,74997,3726,78723,1431
2021-07-18,San Luis Obispo,079,281455,21870,21527,773,22300,259
2021-07-18,San Mateo,081,765935,43924,43506,528,44034,542
2021-07-18,Santa Barbara,083,443738,35202,34880,1144,36024,461
2021-07-18,Santa Clara,085,1922200,121713,120438,805,121243,2098
2021-07-18,Santa Cruz,087,273765,16534,16372,807,17179,207
2021-07-18,Shasta,089,179085,12804,12714,1692,14406,209
2021-07-18,Sierra,091,2930,66,64,12,76,0
2021-07-18,Siskiyou,093,43540,2029,1927,407,2334,31
2021-07-18,Solano,095,438530,34621,34215,652,34867,261
2021-07-18,Sonoma,097,501317,32020,31675,370,32045,325
2021-07-18,Stanislaus,099,539301,58005,57600,6122,63722,1028
2021-07-18,Sutter,101,95872,9873,9826,93,9919,114
2021-07-18,Tehama,103,63373,5210,5150,589,5739,65
2021-07-18,Trinity,105,12862,503,344,104,448,3
2021-07-18,Tulare,107,460477,50793,49985,9197,59182,855
2021-07-18,Tuolumne,109,53932,4185,4149,47,4196,64
2021-07-18,Ventura,111,848112,83051,82361,3267,85628,1041
2021-07-18,Yolo,113,214977,14608,14425,339,14764,213
2021-07-18,Yuba,115,75493,6450,6357,131,6488,52
2021-07-17,Alameda,001,1643700,93099,91346,2072,93418,1255
2021-07-17,Alpine,003,1148,88,89,0,89,0
2021-07-17,Amador,005,37829,3816,3785,33,3818,48
2021-07-17,Butte,007,227075,13056,12824,1955,14779,202
2021-07-17,Calaveras,009,45235,2262,2237,15,2252,57
2021-07-17,Colusa,011,21464,1998,1976,336,2312,16
2021-07-17,Contra Costa,013,1133247,73786,72254,1384,73638,824
2021-07-17,Del Norte,015,27424,1520,1475,14,1489,8
2021-07-17,El Dorado,017,186661,10850,10622,820,11442,114
2021-07-17,Fresno,019,978130,104537,103055,8884,111939,1730
2021-07-17,Glenn,021,27897,2470,2451,572,3023,20
2021-07-17,Humboldt,023,135768,4776,4654,59,4713,52
2021-07-17,Imperial,025,180216,29054,28840,2701,31541,742
2021-07-17,Inyo,027,18085,1425,1416,12,1428,36
2021-07-17,Kern,029,883053,98852,97796,11388,109184,1348
2021-07-17,Kings,031,150075,23534,23163,1114,24277,246
2021-07-17,Lake,033,64148,3956,3760,14,3774,64
2021-07-17,Lassen,035,31185,5322,5302,118,5420,21
2021-07-17,Los Angeles,037,10098052,1236497,1219733,42702,1262435,24582
2021-07-17,Madera,039,155013,17040,16804,965,17769,240
2021-07-17,Marin,041,260295,14565,14297,270,14567,234
2021-07-17,Mariposa,043,17540,449,445,11,456,5
2021-07-17,Mendocino,045,87422,4344,4209,90,4299,49
2021-07-17,Merced,047,269075,31591,31451,1060,32511,471
2021-07-17,Modoc,049,8938,418,412,147,559,5
2021-07-17,Mono,051,14174,1276,1277,18,1295,3
2021-07-17,Monterey,053,433212,43645,43367,1884,45251,515
2021-07-17,Napa,055,140530,10241,10129,40,10169,81
2021-07-17,Nevada,057,99092,5210,5066,196,5262,72
2021-07-17,Orange,059,3164182,260934,257805,11823,269628,5136
2021-07-17,Placer,061,380077,24624,24169,1687,25856,303
2021-07-17,Plumas,063,18699,743,721,14,735,4
2021-07-17,Riverside,065,2383286,299697,294751,14269,309020,4542
2021-07-17,Sacramento,067,1510023,112307,110432,2021,112453,1694
2021-07-17,San Benito,069,59416,6187,6181,113,6294,63
2021-07-17,San Bernardino,071,2135413,298583,296048,9205,305253,5218
2021-07-17,San Diego,073,3302833,289623,285698,16369,302067,3786
2021-07-17,San Francisco,075,870044,38908,37978,1371,39349,560
2021-07-17,San Joaquin,077,732212,75621,74695,3720,78415,1430
2021-07-17,San Luis Obispo,079,281455,21843,21462,773,22235,258
2021-07-17,San Mateo,081,765935,43853,43324,527,43851,542
2021-07-17,Santa Barbara,083,443738,35161,34769,1141,35910,461
2021-07-17,Santa Clara,085,1922200,121541,119980,802,120782,2097
2021-07-17,Santa Cruz,087,273765,16527,16337,807,17144,207
2021-07-17,Shasta,089,179085,12789,12683,1687,14370,210
2021-07-17,Sierra,091,2930,66,62,12,74,0
2021-07-17,Siskiyou,093,43540,2024,1922,404,2326,29
2021-07-17,Solano,095,438530,34556,34015,644,34659,263
2021-07-17,Sonoma,097,501317,31952,31536,369,31905,322
2021-07-17,Stanislaus,099,539301,57928,57400,6108,63508,1028
2021-07-17,Sutter,101,95872,9863,9778,93,9871,114
2021-07-17,Tehama,103,63373,5207,5145,589,5734,64
2021-07-17,Trinity,105,12862,502,341,104,445,3
2021-07-17,Tulare,107,460477,50771,49937,9185,59122,854
2021-07-17,Tuolumne,109,53932,4175,4131,47,4178,64
2021-07-17,Ventura,111,848112,82982,82125,3256,85381,1041
2021-07-17,Yolo,113,214977,14576,14356,332,14688,213
2021-07-17,Yuba,115,75493,6439,6309,131,6440,52
2021-07-16,Alameda,001,1643700,92860,91346,2061,93407,1255
2021-07-16,Alpine,003,1148,88,89,0,89,0
2021-07-16,Amador,005,37829,3813,3785,33,3818,48
2021-07-16,Butte,007,227075,13031,12824,1952,14776,202
2021-07-16,Calaveras,009,45235,2261,2237,15,2252,57
2021-07-16,Colusa,011,21464,1996,1976,335,2311,16
2021-07-16,Contra Costa,013,1133247,73597,72254,1380,73634,824
2021-07-16,Del Norte,015,27424,1518,1475,14,1489,8
2021-07-16,El Dorado,017,186661,10831,10622,819,11441,114
2021-07-16,Fresno,019,978130,104485,103055,8864,111919,1730
2021-07-16,Glenn,021,27897,2470,2451,572,3023,20
2021-07-16,Humboldt,023,135768,4754,4654,59,4713,52
2021-07-16,Imperial,025,180216,29042,28840,2701,31541,742
2021-07-16,Inyo,027,18085,1423,1416,12,1428,36
2021-07-16,Kern,029,883053,98790,97796,11348,109144,1348
2021-07-16,Kings,031,150075,23509,23163,1113,24276,246
2021-07-16,Lake,033,64148,3929,3760,14,3774,64
2021-07-16,Lassen,035,31185,5321,5302,118,5420,21
2021-07-16,Los Angeles,037,10098052,1234995,1219733,42557,1262290,24582
2021-07-16,Madera,039,155013,17022,16804,965,17769,240
2021-07-16,Marin,041,260295,14541,14297,267,14564,234
2021-07-16,Mariposa,043,17540,449,445,11,456,5
2021-07-16,Mendocino,045,87422,4335,4209,89,4298,49
2021-07-16,Merced,047,269075,31570,31451,1058,32509,471
2021-07-16,Modoc,049,8938,418,412,147,559,5
2021-07-16,Mono,051,14174,1275,1277,18,1295,3
2021-07-16,Monterey,053,433212,43623,43367,1883,45250,515
2021-07-16,Napa,055,140530,10217,10129,39,10168,81
2021-07-16,Nevada,057,99092,5200,5066,196,5262,72
2021-07-16,Orange,059,3164182,260661,257805,11782,269587,5136
2021-07-16,Placer,061,380077,24571,24169,1682,25851,303
2021-07-16,Plumas,063,18699,742,721,14,735,4
2021-07-16,Riverside,065,2383286,299421,294751,14243,308994,4542
2021-07-16,Sacramento,067,1510023,112090,110432,2008,112440,1694
2021-07-16,San Benito,069,59416,6185,6181,113,6294,63
2021-07-16,San Bernardino,071,2135413,298307,296048,9188,305236,5218
2021-07-16,San Diego,073,3302833,289181,285698,16322,302020,3786
2021-07-16,San Francisco,075,870044,38790,37978,1366,39344,560
2021-07-16,San Joaquin,077,732212,75527,74695,3717,78412,1430
2021-07-16,San Luis Obispo,079,281455,21826,21462,773,22235,258
2021-07-16,San Mateo,081,765935,43800,43324,526,43850,542
2021-07-16,Santa Barbara,083,443738,35123,34769,1141,35910,461
2021-07-16,Santa Clara,085,1922200,121394,119980,795,120775,2097
2021-07-16,Santa Cruz,087,273765,16514,16337,807,17144,207
2021-07-16,Shasta,089,179085,12779,12683,1686,14369,210
2021-07-16,Sierra,091,2930,66,62,12,74,0
2021-07-16,Siskiyou,093,43540,2022,1922,402,2324,29
2021-07-16,Solano,095,438530,34489,34015,636,34651,263
2021-07-16,Sonoma,097,501317,31900,31536,366,31902,322
2021-07-16,Stanislaus,099,539301,57878,57400,6098,63498,1028
2021-07-16,Sutter,101,95872,9851,9778,93,9871,114
2021-07-16,Tehama,103,63373,5205,5145,589,5734,64
2021-07-16,Trinity,105,12862,502,341,103,444,3
2021-07-16,Tulare,107,460477,50746,49937,9175,59112,854
2021-07-16,Tuolumne,109,53932,4169,4131,47,4178,64
2021-07-16,Ventura,111,848112,82917,82125,3249,85374,1041
2021-07-16,Yolo,113,214977,14550,14356,329,14685,213
2021-07-16,Yuba,115,75493,6417,6309,130,6439,52
2021-07-15,Alameda,001,1643700,92564,91346,2051,93397,1255
2021-07-15,Alpine,003,1148,88,89,0,89,0
2021-07-15,Amador,005,37829,3810,3785,33,3818,48
2021-07-15,Butte,007,227075,13005,12824,1950,14774,202
2021-07-15,Calaveras,009,45235,2258,2237,15,2252,57
2021-07-15,Colusa,011,21464,1995,1976,334,2310,16
2021-07-15,Contra Costa,013,1133247,73383,72254,1373,73627,824
2021-07-15,Del Norte,015,27424,1515,1475,14,1489,8
2021-07-15,El Dorado,017,186661,10804,10622,817,11439,114
2021-07-15,Fresno,019,978130,104388,103055,8844,111899,1730
2021-07-15,Glenn,021,27897,2470,2451,572,3023,20
2021-07-15,Humboldt,023,135768,4736,4654,58,4712,52
2021-07-15,Imperial,025,180216,29019,28840,2701,31541,742
2021-07-15,Inyo,027,18085,1423,1416,12,1428,36
2021-07-15,Kern,029,883053,98720,97796,11320,109116,1348
2021-07-15,Kings,031,150075,23471,23163,1110,24273,246
2021-07-15,Lake,033,64148,3890,3760,14,3774,64
2021-07-15,Lassen,035,31185,5320,5302,118,5420,21
2021-07-15,Los Angeles,037,10098052,1233008,1219733,42400,1262133,24582
2021-07-15,Madera,039,155013,17000,16804,961,17765,240
2021-07-15,Marin,041,260295,14516,14297,267,14564,234
2021-07-15,Mariposa,043,17540,449,445,11,456,5
2021-07-15,Mendocino,045,87422,4327,4209,88,4297,49
2021-07-15,Merced,047,269075,31540,31451,1058,32509,471
2021-07-15,Modoc,049,8938,418,412,147,559,5
2021-07-15,Mono,051,14174,1275,1277,18,1295,3
2021-07-15,Monterey,053,433212,43594,43367,1880,45247,515
2021-07-15,Napa,055,140530,10192,10129,38,10167,81
2021-07-15,Nevada,057,99092,5183,5066,195,5261,72
2021-07-15,Orange,059,3164182,260310,257805,11751,269556,5136
2021-07-15,Placer,061,380077,24511,24169,1665,25834,303
2021-07-15,Plumas,063,18699,741,721,14,735,4
2021-07-15,Riverside,065,2383286,299100,294751,14228,308979,4542
2021-07-15,Sacramento,067,1510023,111785,110432,1991,112423,1694
2021-07-15,San Benito,069,59416,6183,6181,113,6294,63
2021-07-15,San Bernardino,071,2135413,298000,296048,9174,305222,5218
2021-07-15,San Diego,073,3302833,288543,285698,16244,301942,3786
2021-07-15,San Francisco,075,870044,38639,37978,1358,39336,560
2021-07-15,San Joaquin,077,732212,75410,74695,3712,78407,1430
2021-07-15,San Luis Obispo,079,281455,21794,21462,773,22235,258
2021-07-15,San Mateo,081,765935,43695,43324,521,43845,542
2021-07-15,Santa Barbara,083,443738,35067,34769,1140,35909,461
2021-07-15,Santa Clara,085,1922200,121272,119980,792,120772,2097
2021-07-15,Santa Cruz,087,273765,16501,16337,807,17144,207
2021-07-15,Shasta,089,179085,12771,12683,1682,14365,210
2021-07-15,Sierra,091,2930,66,62,12,74,0
2021-07-15,Siskiyou,093,43540,2021,1922,402,2324,29
2021-07-15,Solano,095,438530,34413,34015,630,34645,263
2021-07-15,Sonoma,097,501317,31839,31536,366,31902,322
2021-07-15,Stanislaus,099,539301,57809,57400,6085,63485,1028
2021-07-15,Sutter,101,95872,9831,9778,92,9870,114
2021-07-15,Tehama,103,63373,5199,5145,588,5733,64
2021-07-15,Trinity,105,12862,502,341,103,444,3
2021-07-15,Tulare,107,460477,50726,49937,9158,59095,854
2021-07-15,Tuolumne,109,53932,4157,4131,47,4178,64
2021-07-15,Ventura,111,848112,82841,82125,3244,85369,1041
2021-07-15,Yolo,113,214977,14522,14356,328,14684,213
2021-07-15,Yuba,115,75493,6402,6309,129,6438,52
2021-07-14,Alameda,001,1643700,92304,91092,2035,93127,1255
2021-07-14,Alpine,003,1148,88,89,0,89,0
2021-07-14,Amador,005,37829,3802,3784,33,3817,48
2021-07-14,Butte,007,227075,12978,12813,1943,14756,202
2021-07-14,Calaveras,009,45235,2251,2234,15,2249,57
2021-07-14,Colusa,011,21464,1992,1974,334,2308,16
2021-07-14,Contra Costa,013,1133247,73154,72091,1361,73452,823
2021-07-14,Del Norte,015,27424,1514,1472,14,1486,8
2021-07-14,El Dorado,017,186661,10778,10598,814,11412,114
2021-07-14,Fresno,019,978130,104308,102966,8833,111799,1728
2021-07-14,Glenn,021,27897,2470,2449,572,3021,20
2021-07-14,Humboldt,023,135768,4712,4644,56,4700,52
2021-07-14,Imperial,025,180216,28990,28822,2701,31523,742
2021-07-14,Inyo,027,18085,1422,1415,12,1427,36
2021-07-14,Kern,029,883053,98656,97736,11295,109031,1346
2021-07-14,Kings,031,150075,23458,23142,1110,24252,246
2021-07-14,Lake,033,64148,3857,3739,14,3753,63
2021-07-14,Lassen,035,31185,5319,5298,118,5416,21
2021-07-14,Los Angeles,037,10098052,1230992,1218265,42259,1260524,24578
2021-07-14,Madera,039,155013,16988,16786,959,17745,240
2021-07-14,Marin,041,260295,14482,14269,265,14534,233
2021-07-14,Mariposa,043,17540,447,445,11,456,5
2021-07-14,Mendocino,045,87422,4313,4193,88,4281,49
2021-07-14,Merced,047,269075,31503,31412,1055,32467,471
2021-07-14,Modoc,049,8938,418,412,147,559,4
2021-07-14,Mono,051,14174,1275,1278,18,1296,3
2021-07-14,Monterey,053,433212,43570,43347,1878,45225,504
2021-07-14,Napa,055,140530,10170,10121,38,10159,81
2021-07-14,Nevada,057,99092,5163,5058,195,5253,72
2021-07-14,Orange,059,3164182,259993,257558,11721,269279,5137
2021-07-14,Placer,061,380077,24458,24125,1653,25778,303
2021-07-14,Plumas,063,18699,734,719,14,733,4
2021-07-14,Riverside,065,2383286,298776,294511,14212,308723,4542
2021-07-14,Sacramento,067,1510023,111457,110193,1967,112160,1688
2021-07-14,San Benito,069,59416,6180,6177,113,6290,63
2021-07-14,San Bernardino,071,2135413,297700,295820,9159,304979,5193
2021-07-14,San Diego,073,3302833,287971,285269,16164,301433,3786
2021-07-14,San Francisco,075,870044,38500,37836,1353,39189,559
2021-07-14,San Joaquin,077,732212,75318,74599,3703,78302,1416
2021-07-14,San Luis Obispo,079,281455,21772,21444,771,22215,258
2021-07-14,San Mateo,081,765935,43596,43249,517,43766,542
2021-07-14,Santa Barbara,083,443738,35025,34719,1138,35857,461
2021-07-14,Santa Clara,085,1922200,121122,119844,789,120633,2098
2021-07-14,Santa Cruz,087,273765,16489,16326,807,17133,207
2021-07-14,Shasta,089,179085,12751,12669,1679,14348,209
2021-07-14,Sierra,091,2930,66,62,12,74,0
2021-07-14,Siskiyou,093,43540,2014,1922,399,2321,29
2021-07-14,Solano,095,438530,34340,33948,630,34578,268
2021-07-14,Sonoma,097,501317,31787,31470,366,31836,322
2021-07-14,Stanislaus,099,539301,57734,57340,6073,63413,1028
2021-07-14,Sutter,101,95872,9809,9766,92,9858,114
2021-07-14,Tehama,103,63373,5197,5142,588,5730,64
2021-07-14,Trinity,105,12862,502,341,103,444,3
2021-07-14,Tulare,107,460477,50709,49908,9144,59052,853
2021-07-14,Tuolumne,109,53932,4154,4128,46,4174,64
2021-07-14,Ventura,111,848112,82747,82041,3233,85274,1040
2021-07-14,Yolo,113,214977,14489,14332,325,14657,213
2021-07-14,Yuba,115,75493,6384,6294,129,6423,52
2021-07-13,Alameda,001,1643700,92040,90874,2025,92899,1255
2021-07-13,Alpine,003,1148,88,89,0,89,0
2021-07-13,Amador,005,37829,3795,3783,33,3816,48
2021-07-13,Butte,007,227075,12964,12802,1942,14744,202
2021-07-13,Calaveras,009,45235,2247,2230,15,2245,57
2021-07-13,Colusa,011,21464,1990,1972,331,2303,16
2021-07-13,Contra Costa,013,1133247,72929,71963,1352,73315,823
2021-07-13,Del Norte,015,27424,1510,1471,14,1485,8
2021-07-13,El Dorado,017,186661,10761,10581,812,11393,114
2021-07-13,Fresno,019,978130,104233,102909,8823,111732,1727
2021-07-13,Glenn,021,27897,2468,2448,572,3020,20
2021-07-13,Humboldt,023,135768,4697,4634,56,4690,51
2021-07-13,Imperial,025,180216,28979,28792,2701,31493,741
2021-07-13,Inyo,027,18085,1421,1415,12,1427,36
2021-07-13,Kern,029,883053,98567,97698,11256,108954,1346
2021-07-13,Kings,031,150075,23440,23132,1110,24242,246
2021-07-13,Lake,033,64148,3830,3719,13,3732,63
2021-07-13,Lassen,035,31185,5317,5292,118,5410,21
2021-07-13,Los Angeles,037,10098052,1229141,1217184,42089,1259273,24569
2021-07-13,Madera,039,155013,16978,16773,955,17728,240
2021-07-13,Marin,041,260295,14453,14254,264,14518,233
2021-07-13,Mariposa,043,17540,446,443,11,454,5
2021-07-13,Mendocino,045,87422,4306,4185,88,4273,49
2021-07-13,Merced,047,269075,31482,31379,1052,32431,471
2021-07-13,Modoc,049,8938,418,411,147,558,4
2021-07-13,Mono,051,14174,1274,1277,18,1295,3
2021-07-13,Monterey,053,433212,43552,43333,1874,45207,504
2021-07-13,Napa,055,140530,10149,10118,38,10156,81
2021-07-13,Nevada,057,99092,5138,5053,195,5248,72
2021-07-13,Orange,059,3164182,259663,257339,11693,269032,5136
2021-07-13,Placer,061,380077,24412,24091,1640,25731,303
2021-07-13,Plumas,063,18699,733,716,14,730,4
2021-07-13,Riverside,065,2383286,298454,294302,14185,308487,4541
2021-07-13,Sacramento,067,1510023,111147,109990,1944,111934,1687
2021-07-13,San Benito,069,59416,6178,6173,113,6286,63
2021-07-13,San Bernardino,071,2135413,297423,295596,9137,304733,5183
2021-07-13,San Diego,073,3302833,287423,284997,16085,301082,3785
2021-07-13,San Francisco,075,870044,38356,37725,1347,39072,559
2021-07-13,San Joaquin,077,732212,75202,74500,3700,78200,1417
2021-07-13,San Luis Obispo,079,281455,21746,21423,768,22191,258
2021-07-13,San Mateo,081,765935,43527,43180,516,43696,542
2021-07-13,Santa Barbara,083,443738,34976,34679,1135,35814,461
2021-07-13,Santa Clara,085,1922200,120969,119727,785,120512,2098
2021-07-13,Santa Cruz,087,273765,16480,16315,805,17120,207
2021-07-13,Shasta,089,179085,12738,12659,1672,14331,209
2021-07-13,Sierra,091,2930,66,62,12,74,0
2021-07-13,Siskiyou,093,43540,2013,1916,397,2313,29
2021-07-13,Solano,095,438530,34275,33918,624,34542,268
2021-07-13,Sonoma,097,501317,31728,31431,366,31797,322
2021-07-13,Stanislaus,099,539301,57663,57282,6058,63340,1028
2021-07-13,Sutter,101,95872,9791,9752,91,9843,114
2021-07-13,Tehama,103,63373,5190,5144,588,5732,64
2021-07-13,Trinity,105,12862,502,341,102,443,3
2021-07-13,Tulare,107,460477,50684,49891,9128,59019,853
2021-07-13,Tuolumne,109,53932,4146,4122,45,4167,64
2021-07-13,Ventura,111,848112,82662,81982,3208,85190,1040
2021-07-13,Yolo,113,214977,14461,14320,319,14639,213
2021-07-13,Yuba,115,75493,6367,6279,129,6408,52
2021-07-12,Alameda,001,1643700,91782,90720,2018,92738,1254
2021-07-12,Alpine,003,1148,88,89,0,89,0
2021-07-12,Amador,005,37829,3788,3781,33,3814,47
2021-07-12,Butte,007,227075,12944,12796,1940,14736,202
2021-07-12,Calaveras,009,45235,2245,2228,15,2243,57
2021-07-12,Colusa,011,21464,1986,1971,330,2301,16
2021-07-12,Contra Costa,013,1133247,72725,71833,1347,73180,823
2021-07-12,Del Norte,015,27424,1507,1469,14,1483,8
2021-07-12,El Dorado,017,186661,10732,10569,810,11379,114
2021-07-12,Fresno,019,978130,104139,102853,8811,111664,1728
2021-07-12,Glenn,021,27897,2468,2446,572,3018,20
2021-07-12,Humboldt,023,135768,4681,4621,56,4677,51
2021-07-12,Imperial,025,180216,28949,28789,2701,31490,741
2021-07-12,Inyo,027,18085,1421,1415,12,1427,36
2021-07-12,Kern,029,883053,98498,97660,11231,108891,1346
2021-07-12,Kings,031,150075,23420,23124,1108,24232,246
2021-07-12,Lake,033,64148,3809,3706,13,3719,63
2021-07-12,Lassen,035,31185,5316,5292,118,5410,21
2021-07-12,Los Angeles,037,10098052,1227345,1216230,41956,1258186,24559
2021-07-12,Madera,039,155013,16967,16772,955,17727,240
2021-07-12,Marin,041,260295,14428,14238,263,14501,233
2021-07-12,Mariposa,043,17540,446,442,11,453,5
2021-07-12,Mendocino,045,87422,4295,4175,88,4263,49
2021-07-12,Merced,047,269075,31451,31374,1051,32425,471
2021-07-12,Modoc,049,8938,417,411,147,558,4
2021-07-12,Mono,051,14174,1272,1275,18,1293,3
2021-07-12,Monterey,053,433212,43531,43315,1870,45185,504
2021-07-12,Napa,055,140530,10131,10104,37,10141,81
2021-07-12,Nevada,057,99092,5115,5046,195,5241,72
2021-07-12,Orange,059,3164182,259309,257171,11670,268841,5136
2021-07-12,Placer,061,380077,24361,24052,1634,25686,302
2021-07-12,Plumas,063,18699,733,716,14,730,4
2021-07-12,Riverside,065,2383286,298146,294108,14156,308264,4541
2021-07-12,Sacramento,067,1510023,110931,109849,1918,111767,1685
2021-07-12,San Benito,069,59416,6175,6166,113,6279,63
2021-07-12,San Bernardino,071,2135413,297151,295447,9122,304569,5171
2021-07-12,San Diego,073,3302833,286954,284648,16009,300657,3785
2021-07-12,San Francisco,075,870044,38210,37656,1344,39000,559
2021-07-12,San Joaquin,077,732212,75108,74424,3690,78114,1415
2021-07-12,San Luis Obispo,079,281455,21727,21408,767,22175,258
2021-07-12,San Mateo,081,765935,43433,43138,509,43647,542
2021-07-12,Santa Barbara,083,443738,34933,34664,1133,35797,461
2021-07-12,Santa Clara,085,1922200,120804,119634,782,120416,2098
2021-07-12,Santa Cruz,087,273765,16455,16310,804,17114,207
2021-07-12,Shasta,089,179085,12731,12648,1669,14317,208
2021-07-12,Sierra,091,2930,66,62,12,74,0
2021-07-12,Siskiyou,093,43540,2008,1916,392,2308,29
2021-07-12,Solano,095,438530,34185,33859,615,34474,268
2021-07-12,Sonoma,097,501317,31680,31377,365,31742,322
2021-07-12,Stanislaus,099,539301,57593,57243,6051,63294,1028
2021-07-12,Sutter,101,95872,9774,9736,90,9826,114
2021-07-12,Tehama,103,63373,5185,5138,587,5725,63
2021-07-12,Trinity,105,12862,498,340,100,440,3
2021-07-12,Tulare,107,460477,50656,49882,9115,58997,853
2021-07-12,Tuolumne,109,53932,4142,4116,45,4161,64
2021-07-12,Ventura,111,848112,82561,81919,3187,85106,1040
2021-07-12,Yolo,113,214977,14433,14303,315,14618,213
2021-07-12,Yuba,115,75493,6352,6266,129,6395,52
2021-07-11,Alameda,001,1643700,91453,90597,2006,92603,1254
2021-07-11,Alpine,003,1148,88,89,0,89,0
2021-07-11,Amador,005,37829,3786,3779,33,3812,47
2021-07-11,Butte,007,227075,12922,12794,1934,14728,202
2021-07-11,Calaveras,009,45235,2243,2226,14,2240,57
2021-07-11,Colusa,011,21464,1985,1971,329,2300,16
2021-07-11,Contra Costa,013,1133247,72515,71744,1340,73084,823
2021-07-11,Del Norte,015,27424,1503,1467,13,1480,8
2021-07-11,El Dorado,017,186661,10703,10554,808,11362,114
2021-07-11,Fresno,019,978130,104044,102813,8791,111604,1728
2021-07-11,Glenn,021,27897,2467,2446,572,3018,20
2021-07-11,Humboldt,023,135768,4668,4611,55,4666,51
2021-07-11,Imperial,025,180216,28931,28787,2700,31487,741
2021-07-11,Inyo,027,18085,1419,1415,12,1427,36
2021-07-11,Kern,029,883053,98425,97637,11215,108852,1346
2021-07-11,Kings,031,150075,23389,23116,1105,24221,246
2021-07-11,Lake,033,64148,3778,3699,13,3712,63
2021-07-11,Lassen,035,31185,5313,5291,118,5409,21
2021-07-11,Los Angeles,037,10098052,1225588,1215182,41800,1256982,24558
2021-07-11,Madera,039,155013,16948,16766,954,17720,240
2021-07-11,Marin,041,260295,14402,14231,263,14494,233
2021-07-11,Mariposa,043,17540,445,442,11,453,5
2021-07-11,Mendocino,045,87422,4275,4167,88,4255,49
2021-07-11,Merced,047,269075,31427,31366,1046,32412,471
2021-07-11,Modoc,049,8938,416,411,147,558,4
2021-07-11,Mono,051,14174,1272,1275,18,1293,3
2021-07-11,Monterey,053,433212,43512,43307,1866,45173,504
2021-07-11,Napa,055,140530,10127,10100,37,10137,81
2021-07-11,Nevada,057,99092,5104,5035,194,5229,72
2021-07-11,Orange,059,3164182,258997,257009,11642,268651,5136
2021-07-11,Placer,061,380077,24304,24017,1622,25639,302
2021-07-11,Plumas,063,18699,733,716,14,730,4
2021-07-11,Riverside,065,2383286,297882,293969,14138,308107,4541
2021-07-11,Sacramento,067,1510023,110653,109696,1907,111603,1685
2021-07-11,San Benito,069,59416,6170,6163,113,6276,63
2021-07-11,San Bernardino,071,2135413,296845,295342,9097,304439,5167
2021-07-11,San Diego,073,3302833,286540,283819,15923,299742,3784
2021-07-11,San Francisco,075,870044,38081,37596,1338,38934,559
2021-07-11,San Joaquin,077,732212,74991,74376,3673,78049,1415
2021-07-11,San Luis Obispo,079,281455,21694,21403,766,22169,258
2021-07-11,San Mateo,081,765935,43354,43107,503,43610,542
2021-07-11,Santa Barbara,083,443738,34886,34646,1133,35779,461
2021-07-11,Santa Clara,085,1922200,120650,119549,781,120330,2098
2021-07-11,Santa Cruz,087,273765,16439,16303,804,17107,207
2021-07-11,Shasta,089,179085,12714,12647,1667,14314,208
2021-07-11,Sierra,091,2930,66,62,12,74,0
2021-07-11,Siskiyou,093,43540,2004,1915,390,2305,29
2021-07-11,Solano,095,438530,34103,33837,611,34448,268
2021-07-11,Sonoma,097,501317,31598,31352,365,31717,322
2021-07-11,Stanislaus,099,539301,57527,57230,6040,63270,1028
2021-07-11,Sutter,101,95872,9760,9728,90,9818,114
2021-07-11,Tehama,103,63373,5182,5138,587,5725,63
2021-07-11,Trinity,105,12862,497,340,100,440,3
2021-07-11,Tulare,107,460477,50631,49877,9097,58974,853
2021-07-11,Tuolumne,109,53932,4136,4116,45,4161,64
2021-07-11,Ventura,111,848112,82488,81875,3167,85042,1040
2021-07-11,Yolo,113,214977,14408,14285,309,14594,213
2021-07-11,Yuba,115,75493,6341,6260,129,6389,52
2021-07-10,Alameda,001,1643700,91303,90090,2002,92092,1252
2021-07-10,Alpine,003,1148,88,89,0,89,0
2021-07-10,Amador,005,37829,3780,3773,33,3806,47
2021-07-10,Butte,007,227075,12912,12764,1931,14695,202
2021-07-10,Calaveras,009,45235,2242,2214,14,2228,57
2021-07-10,Colusa,011,21464,1983,1969,329,2298,16
2021-07-10,Contra Costa,013,1133247,72415,71376,1339,72715,821
2021-07-10,Del Norte,015,27424,1501,1451,13,1464,8
2021-07-10,El Dorado,017,186661,10686,10508,805,11313,114
2021-07-10,Fresno,019,978130,104011,102675,8784,111459,1730
2021-07-10,Glenn,021,27897,2464,2440,571,3011,20
2021-07-10,Humboldt,023,135768,4659,4574,55,4629,51
2021-07-10,Imperial,025,180216,28918,28729,2700,31429,741
2021-07-10,Inyo,027,18085,1418,1415,12,1427,36
2021-07-10,Kern,029,883053,98385,97538,11198,108736,1346
2021-07-10,Kings,031,150075,23382,23090,1104,24194,246
2021-07-10,Lake,033,64148,3761,3667,13,3680,63
2021-07-10,Lassen,035,31185,5313,5290,118,5408,21
2021-07-10,Los Angeles,037,10098052,1224560,1212043,41697,1253740,24542
2021-07-10,Madera,039,155013,16942,16744,951,17695,241
2021-07-10,Marin,041,260295,14388,14194,263,14457,233
2021-07-10,Mariposa,043,17540,445,442,11,453,5
2021-07-10,Mendocino,045,87422,4268,4153,87,4240,49
2021-07-10,Merced,047,269075,31414,31328,1046,32374,470
2021-07-10,Modoc,049,8938,416,410,147,557,4
2021-07-10,Mono,051,14174,1272,1275,18,1293,3
2021-07-10,Monterey,053,433212,43498,43251,1864,45115,499
2021-07-10,Napa,055,140530,10115,10077,37,10114,81
2021-07-10,Nevada,057,99092,5095,5000,194,5194,72
2021-07-10,Orange,059,3164182,258819,256438,11626,268064,5135
2021-07-10,Placer,061,380077,24275,23916,1612,25528,302
2021-07-10,Plumas,063,18699,732,717,14,731,4
2021-07-10,Riverside,065,2383286,297692,293474,14125,307599,4541
2021-07-10,Sacramento,067,1510023,110504,109091,1900,110991,1682
2021-07-10,San Benito,069,59416,6165,6141,113,6254,63
2021-07-10,San Bernardino,071,2135413,296657,294932,9084,304016,5117
2021-07-10,San Diego,073,3302833,286250,283577,15870,299447,3783
2021-07-10,San Francisco,075,870044,37998,37338,1335,38673,559
2021-07-10,San Joaquin,077,732212,74934,74150,3667,77817,1412
2021-07-10,San Luis Obispo,079,281455,21683,21375,765,22140,258
2021-07-10,San Mateo,081,765935,43302,42948,501,43449,542
2021-07-10,Santa Barbara,083,443738,34859,34595,1133,35728,460
2021-07-10,Santa Clara,085,1922200,120547,119330,778,120108,2094
2021-07-10,Santa Cruz,087,273765,16432,16286,804,17090,207
2021-07-10,Shasta,089,179085,12701,12623,1662,14285,206
2021-07-10,Sierra,091,2930,66,61,12,73,0
2021-07-10,Siskiyou,093,43540,2002,1909,387,2296,29
2021-07-10,Solano,095,438530,34061,33678,605,34283,268
2021-07-10,Sonoma,097,501317,31547,31231,365,31596,317
2021-07-10,Stanislaus,099,539301,57491,57104,6030,63134,1026
2021-07-10,Sutter,101,95872,9748,9692,90,9782,114
2021-07-10,Tehama,103,63373,5179,5131,587,5718,63
2021-07-10,Trinity,105,12862,497,341,100,441,3
2021-07-10,Tulare,107,460477,50621,49850,9091,58941,853
2021-07-10,Tuolumne,109,53932,4134,4114,45,4159,64
2021-07-10,Ventura,111,848112,82443,81713,3149,84862,1039
2021-07-10,Yolo,113,214977,14387,14250,306,14556,213
2021-07-10,Yuba,115,75493,6331,6238,129,6367,52
2021-07-09,Alameda,001,1643700,91144,90090,1997,92087,1252
2021-07-09,Alpine,003,1148,88,89,0,89,0
2021-07-09,Amador,005,37829,3779,3773,33,3806,47
2021-07-09,Butte,007,227075,12900,12764,1929,14693,202
2021-07-09,Calaveras,009,45235,2240,2214,14,2228,57
2021-07-09,Colusa,011,21464,1982,1969,329,2298,16
2021-07-09,Contra Costa,013,1133247,72289,71376,1337,72713,821
2021-07-09,Del Norte,015,27424,1496,1451,13,1464,8
2021-07-09,El Dorado,017,186661,10671,10508,804,11312,114
2021-07-09,Fresno,019,978130,103956,102675,8777,111452,1730
2021-07-09,Glenn,021,27897,2463,2440,569,3009,20
2021-07-09,Humboldt,023,135768,4640,4574,55,4629,51
2021-07-09,Imperial,025,180216,28910,28729,2699,31428,741
2021-07-09,Inyo,027,18085,1417,1415,12,1427,36
2021-07-09,Kern,029,883053,98347,97538,11186,108724,1346
2021-07-09,Kings,031,150075,23371,23090,1103,24193,246
2021-07-09,Lake,033,64148,3747,3667,13,3680,63
2021-07-09,Lassen,035,31185,5311,5290,117,5407,21
2021-07-09,Los Angeles,037,10098052,1223555,1212043,41627,1253670,24542
2021-07-09,Madera,039,155013,16932,16744,950,17694,241
2021-07-09,Marin,041,260295,14367,14194,262,14456,233
2021-07-09,Mariposa,043,17540,445,442,11,453,5
2021-07-09,Mendocino,045,87422,4261,4153,87,4240,49
2021-07-09,Merced,047,269075,31399,31328,1046,32374,470
2021-07-09,Modoc,049,8938,416,410,147,557,4
2021-07-09,Mono,051,14174,1272,1275,18,1293,3
2021-07-09,Monterey,053,433212,43489,43251,1864,45115,499
2021-07-09,Napa,055,140530,10108,10077,37,10114,81
2021-07-09,Nevada,057,99092,5086,5000,194,5194,72
2021-07-09,Orange,059,3164182,258613,256438,11612,268050,5135
2021-07-09,Placer,061,380077,24253,23916,1606,25522,302
2021-07-09,Plumas,063,18699,730,717,14,731,4
2021-07-09,Riverside,065,2383286,297506,293474,14112,307586,4541
2021-07-09,Sacramento,067,1510023,110350,109091,1891,110982,1682
2021-07-09,San Benito,069,59416,6163,6141,113,6254,63
2021-07-09,San Bernardino,071,2135413,296505,294932,9077,304009,5117
2021-07-09,San Diego,073,3302833,285961,283577,15822,299399,3783
2021-07-09,San Francisco,075,870044,37918,37338,1328,38666,559
2021-07-09,San Joaquin,077,732212,74860,74150,3660,77810,1412
2021-07-09,San Luis Obispo,079,281455,21671,21375,765,22140,258
2021-07-09,San Mateo,081,765935,43258,42948,497,43445,542
2021-07-09,Santa Barbara,083,443738,34838,34595,1132,35727,460
2021-07-09,Santa Clara,085,1922200,120436,119330,778,120108,2094
2021-07-09,Santa Cruz,087,273765,16429,16286,804,17090,207
2021-07-09,Shasta,089,179085,12695,12623,1657,14280,206
2021-07-09,Sierra,091,2930,66,61,12,73,0
2021-07-09,Siskiyou,093,43540,2000,1909,386,2295,29
2021-07-09,Solano,095,438530,34025,33678,601,34279,268
2021-07-09,Sonoma,097,501317,31511,31231,365,31596,317
2021-07-09,Stanislaus,099,539301,57462,57104,6028,63132,1026
2021-07-09,Sutter,101,95872,9739,9692,90,9782,114
2021-07-09,Tehama,103,63373,5177,5131,587,5718,63
2021-07-09,Trinity,105,12862,496,341,97,438,3
2021-07-09,Tulare,107,460477,50608,49850,9085,58935,853
2021-07-09,Tuolumne,109,53932,4130,4114,45,4159,64
2021-07-09,Ventura,111,848112,82388,81713,3140,84853,1039
2021-07-09,Yolo,113,214977,14372,14250,302,14552,213
2021-07-09,Yuba,115,75493,6318,6238,129,6367,52
2021-07-08,Alameda,001,1643700,90938,90090,1994,92084,1252
2021-07-08,Alpine,003,1148,88,89,0,89,0
2021-07-08,Amador,005,37829,3777,3773,33,3806,47
2021-07-08,Butte,007,227075,12887,12764,1926,14690,202
2021-07-08,Calaveras,009,45235,2237,2214,13,2227,57
2021-07-08,Colusa,011,21464,1982,1969,329,2298,16
2021-07-08,Contra Costa,013,1133247,72161,71376,1332,72708,821
2021-07-08,Del Norte,015,27424,1494,1451,13,1464,8
2021-07-08,El Dorado,017,186661,10654,10508,797,11305,114
2021-07-08,Fresno,019,978130,103893,102675,8766,111441,1730
2021-07-08,Glenn,021,27897,2463,2440,569,3009,20
2021-07-08,Humboldt,023,135768,4624,4574,54,4628,51
2021-07-08,Imperial,025,180216,28898,28729,2698,31427,741
2021-07-08,Inyo,027,18085,1417,1415,12,1427,36
2021-07-08,Kern,029,883053,98299,97538,11171,108709,1346
2021-07-08,Kings,031,150075,23362,23090,1103,24193,246
2021-07-08,Lake,033,64148,3733,3667,13,3680,63
2021-07-08,Lassen,035,31185,5308,5290,117,5407,21
2021-07-08,Los Angeles,037,10098052,1222342,1212043,41533,1253576,24542
2021-07-08,Madera,039,155013,16916,16744,950,17694,241
2021-07-08,Marin,041,260295,14353,14194,262,14456,233
2021-07-08,Mariposa,043,17540,444,442,11,453,5
2021-07-08,Mendocino,045,87422,4258,4153,87,4240,49
2021-07-08,Merced,047,269075,31385,31328,1044,32372,470
2021-07-08,Modoc,049,8938,416,410,147,557,4
2021-07-08,Mono,051,14174,1272,1275,18,1293,3
2021-07-08,Monterey,053,433212,43469,43251,1858,45109,499
2021-07-08,Napa,055,140530,10104,10077,37,10114,81
2021-07-08,Nevada,057,99092,5080,5000,194,5194,72
2021-07-08,Orange,059,3164182,258418,256438,11590,268028,5135
2021-07-08,Placer,061,380077,24214,23916,1598,25514,302
2021-07-08,Plumas,063,18699,729,717,14,731,4
2021-07-08,Riverside,065,2383286,297305,293474,14096,307570,4541
2021-07-08,Sacramento,067,1510023,110128,109091,1886,110977,1682
2021-07-08,San Benito,069,59416,6160,6141,113,6254,63
2021-07-08,San Bernardino,071,2135413,296330,294932,9068,304000,5117
2021-07-08,San Diego,073,3302833,285634,283577,15774,299351,3783
2021-07-08,San Francisco,075,870044,37838,37338,1324,38662,559
2021-07-08,San Joaquin,077,732212,74772,74150,3647,77797,1412
2021-07-08,San Luis Obispo,079,281455,21659,21375,762,22137,258
2021-07-08,San Mateo,081,765935,43207,42948,496,43444,542
2021-07-08,Santa Barbara,083,443738,34811,34595,1130,35725,460
2021-07-08,Santa Clara,085,1922200,120343,119330,777,120107,2094
2021-07-08,Santa Cruz,087,273765,16423,16286,804,17090,207
2021-07-08,Shasta,089,179085,12689,12623,1653,14276,206
2021-07-08,Sierra,091,2930,66,61,12,73,0
2021-07-08,Siskiyou,093,43540,1995,1909,383,2292,29
2021-07-08,Solano,095,438530,33970,33678,595,34273,268
2021-07-08,Sonoma,097,501317,31480,31231,364,31595,317
2021-07-08,Stanislaus,099,539301,57435,57104,6024,63128,1026
2021-07-08,Sutter,101,95872,9725,9692,88,9780,114
2021-07-08,Tehama,103,63373,5174,5131,586,5717,63
2021-07-08,Trinity,105,12862,496,341,97,438,3
2021-07-08,Tulare,107,460477,50590,49850,9078,58928,853
2021-07-08,Tuolumne,109,53932,4128,4114,45,4159,64
2021-07-08,Ventura,111,848112,82324,81713,3124,84837,1039
2021-07-08,Yolo,113,214977,14352,14250,300,14550,213
2021-07-08,Yuba,115,75493,6310,6238,129,6367,52
2021-07-07,Alameda,001,1643700,90755,89995,1988,91983,1253
2021-07-07,Alpine,003,1148,88,89,0,89,0
2021-07-07,Amador,005,37829,3772,3770,33,3803,47
2021-07-07,Butte,007,227075,12874,12750,1921,14671,202
2021-07-07,Calaveras,009,45235,2230,2212,13,2225,57
2021-07-07,Colusa,011,21464,1978,1969,329,2298,16
2021-07-07,Contra Costa,013,1133247,72014,71308,1330,72638,821
2021-07-07,Del Norte,015,27424,1489,1446,13,1459,8
2021-07-07,El Dorado,017,186661,10634,10494,795,11289,114
2021-07-07,Fresno,019,978130,103843,102639,8759,111398,1729
2021-07-07,Glenn,021,27897,2463,2441,569,3010,20
2021-07-07,Humboldt,023,135768,4610,4566,54,4620,51
2021-07-07,Imperial,025,180216,28891,28701,2698,31399,740
2021-07-07,Inyo,027,18085,1416,1415,12,1427,36
2021-07-07,Kern,029,883053,98255,97507,11156,108663,1348
2021-07-07,Kings,031,150075,23349,23085,1100,24185,245
2021-07-07,Lake,033,64148,3714,3660,13,3673,63
2021-07-07,Lassen,035,31185,5308,5286,117,5403,21
2021-07-07,Los Angeles,037,10098052,1221160,1211316,41431,1252747,24531
2021-07-07,Madera,039,155013,16905,16733,948,17681,241
2021-07-07,Marin,041,260295,14334,14183,261,14444,233
2021-07-07,Mariposa,043,17540,442,442,11,453,5
2021-07-07,Mendocino,045,87422,4249,4145,87,4232,49
2021-07-07,Merced,047,269075,31370,31317,1044,32361,470
2021-07-07,Modoc,049,8938,416,410,147,557,4
2021-07-07,Mono,051,14174,1271,1274,18,1292,3
2021-07-07,Monterey,053,433212,43445,43233,1856,45089,494
2021-07-07,Napa,055,140530,10093,10078,37,10115,81
2021-07-07,Nevada,057,99092,5073,4996,194,5190,72
2021-07-07,Orange,059,3164182,258192,256301,11569,267870,5132
2021-07-07,Placer,061,380077,24178,23901,1588,25489,302
2021-07-07,Plumas,063,18699,729,710,14,724,4
2021-07-07,Riverside,065,2383286,297091,293331,14086,307417,4538
2021-07-07,Sacramento,067,1510023,109938,108954,1878,110832,1682
2021-07-07,San Benito,069,59416,6155,6137,113,6250,63
2021-07-07,San Bernardino,071,2135413,296161,294787,9061,303848,5087
2021-07-07,San Diego,073,3302833,285314,283377,15734,299111,3782
2021-07-07,San Francisco,075,870044,37746,37284,1321,38605,558
2021-07-07,San Joaquin,077,732212,74696,74095,3632,77727,1410
2021-07-07,San Luis Obispo,079,281455,21650,21360,760,22120,258
2021-07-07,San Mateo,081,765935,43153,42908,493,43401,542
2021-07-07,Santa Barbara,083,443738,34785,34582,1130,35712,460
2021-07-07,Santa Clara,085,1922200,120245,119250,776,120026,2094
2021-07-07,Santa Cruz,087,273765,16414,16279,803,17082,207
2021-07-07,Shasta,089,179085,12681,12613,1650,14263,206
2021-07-07,Sierra,091,2930,66,60,12,72,0
2021-07-07,Siskiyou,093,43540,1989,1908,379,2287,29
2021-07-07,Solano,095,438530,33921,33659,588,34247,268
2021-07-07,Sonoma,097,501317,31434,31172,364,31536,316
2021-07-07,Stanislaus,099,539301,57403,57102,6019,63121,1028
2021-07-07,Sutter,101,95872,9715,9683,88,9771,114
2021-07-07,Tehama,103,63373,5173,5129,586,5715,63
2021-07-07,Trinity,105,12862,496,341,97,438,3
2021-07-07,Tulare,107,460477,50586,49835,9069,58904,853
2021-07-07,Tuolumne,109,53932,4124,4115,44,4159,64
2021-07-07,Ventura,111,848112,82280,81608,3110,84718,1036
2021-07-07,Yolo,113,214977,14341,14236,297,14533,213
2021-07-07,Yuba,115,75493,6294,6233,129,6362,51
2021-07-06,Alameda,001,1643700,90560,89918,1980,91898,1253
2021-07-06,Alpine,003,1148,88,89,0,89,0
2021-07-06,Amador,005,37829,3771,3768,32,3800,47
2021-07-06,Butte,007,227075,12861,12744,1918,14662,201
2021-07-06,Calaveras,009,45235,2230,2211,13,2224,55
2021-07-06,Colusa,011,21464,1977,1967,326,2293,16
2021-07-06,Contra Costa,013,1133247,71885,71262,1327,72589,820
2021-07-06,Del Norte,015,27424,1485,1445,13,1458,8
2021-07-06,El Dorado,017,186661,10616,10484,793,11277,113
2021-07-06,Fresno,019,978130,103791,102616,8747,111363,1727
2021-07-06,Glenn,021,27897,2462,2438,569,3007,20
2021-07-06,Humboldt,023,135768,4596,4565,53,4618,49
2021-07-06,Imperial,025,180216,28876,28693,2696,31389,739
2021-07-06,Inyo,027,18085,1416,1412,12,1424,36
2021-07-06,Kern,029,883053,98213,97491,11145,108636,1346
2021-07-06,Kings,031,150075,23341,23077,1099,24176,245
2021-07-06,Lake,033,64148,3704,3659,13,3672,63
2021-07-06,Lassen,035,31185,5307,5288,116,5404,21
2021-07-06,Los Angeles,037,10098052,1219942,1210965,41334,1252299,24525
2021-07-06,Madera,039,155013,16893,16730,948,17678,241
2021-07-06,Marin,041,260295,14320,14181,261,14442,233
2021-07-06,Mariposa,043,17540,442,442,11,453,5
2021-07-06,Mendocino,045,87422,4242,4143,87,4230,49
2021-07-06,Merced,047,269075,31353,31317,1043,32360,470
2021-07-06,Modoc,049,8938,416,411,147,558,4
2021-07-06,Mono,051,14174,1270,1274,18,1292,3
2021-07-06,Monterey,053,433212,43423,43224,1854,45078,494
2021-07-06,Napa,055,140530,10082,10081,37,10118,81
2021-07-06,Nevada,057,99092,5064,4988,194,5182,72
2021-07-06,Orange,059,3164182,257948,256227,11552,267779,5129
2021-07-06,Placer,061,380077,24137,23876,1582,25458,302
2021-07-06,Plumas,063,18699,728,708,14,722,4
2021-07-06,Riverside,065,2383286,296888,293227,14068,307295,4539
2021-07-06,Sacramento,067,1510023,109727,108850,1870,110720,1679
2021-07-06,San Benito,069,59416,6151,6137,113,6250,63
2021-07-06,San Bernardino,071,2135413,295982,294712,9048,303760,5056
2021-07-06,San Diego,073,3302833,284956,283278,15675,298953,3782
2021-07-06,San Francisco,075,870044,37629,37251,1320,38571,558
2021-07-06,San Joaquin,077,732212,74626,74019,3620,77639,1410
2021-07-06,San Luis Obispo,079,281455,21633,21354,758,22112,257
2021-07-06,San Mateo,081,765935,43078,42895,493,43388,541
2021-07-06,Santa Barbara,083,443738,34766,34572,1129,35701,460
2021-07-06,Santa Clara,085,1922200,120127,119194,773,119967,2095
2021-07-06,Santa Cruz,087,273765,16409,16274,802,17076,207
2021-07-06,Shasta,089,179085,12671,12606,1648,14254,205
2021-07-06,Sierra,091,2930,65,60,12,72,0
2021-07-06,Siskiyou,093,43540,1986,1905,375,2280,29
2021-07-06,Solano,095,438530,33870,33619,585,34204,268
2021-07-06,Sonoma,097,501317,31371,31130,363,31493,316
2021-07-06,Stanislaus,099,539301,57354,57120,6008,63128,1029
2021-07-06,Sutter,101,95872,9706,9674,87,9761,114
2021-07-06,Tehama,103,63373,5170,5126,585,5711,63
2021-07-06,Trinity,105,12862,496,341,97,438,3
2021-07-06,Tulare,107,460477,50571,49826,9059,58885,853
2021-07-06,Tuolumne,109,53932,4122,4113,44,4157,64
2021-07-06,Ventura,111,848112,82240,81534,3085,84619,1033
2021-07-06,Yolo,113,214977,14319,14227,294,14521,213
2021-07-06,Yuba,115,75493,6283,6231,129,6360,51
2021-07-05,Alameda,001,1643700,90384,89892,1975,91867,1253
2021-07-05,Alpine,003,1148,88,89,0,89,0
2021-07-05,Amador,005,37829,3769,3768,32,3800,47
2021-07-05,Butte,007,227075,12853,12740,1909,14649,201
2021-07-05,Calaveras,009,45235,2228,2211,13,2224,55
2021-07-05,Colusa,011,21464,1975,1966,325,2291,16
2021-07-05,Contra Costa,013,1133247,71757,71235,1327,72562,820
2021-07-05,Del Norte,015,27424,1481,1446,13,1459,8
2021-07-05,El Dorado,017,186661,10591,10481,793,11274,113
2021-07-05,Fresno,019,978130,103732,102592,8732,111324,1727
2021-07-05,Glenn,021,27897,2459,2438,568,3006,20
2021-07-05,Humboldt,023,135768,4582,4563,53,4616,49
2021-07-05,Imperial,025,180216,28857,28689,2696,31385,739
2021-07-05,Inyo,027,18085,1416,1412,12,1424,36
2021-07-05,Kern,029,883053,98165,97479,11125,108604,1346
2021-07-05,Kings,031,150075,23333,23065,1096,24161,245
2021-07-05,Lake,033,64148,3686,3645,13,3658,63
2021-07-05,Lassen,035,31185,5304,5288,115,5403,21
2021-07-05,Los Angeles,037,10098052,1218747,1210653,41232,1251885,24522
2021-07-05,Madera,039,155013,16882,16722,947,17669,241
2021-07-05,Marin,041,260295,14299,14178,261,14439,233
2021-07-05,Mariposa,043,17540,442,441,11,452,5
2021-07-05,Mendocino,045,87422,4237,4139,87,4226,49
2021-07-05,Merced,047,269075,31333,31312,1043,32355,470
2021-07-05,Modoc,049,8938,416,410,147,557,4
2021-07-05,Mono,051,14174,1270,1273,18,1291,3
2021-07-05,Monterey,053,433212,43403,43218,1849,45067,494
2021-07-05,Napa,055,140530,10076,10074,37,10111,81
2021-07-05,Nevada,057,99092,5046,4980,193,5173,72
2021-07-05,Orange,059,3164182,257747,256173,11534,267707,5129
2021-07-05,Placer,061,380077,24090,23867,1574,25441,302
2021-07-05,Plumas,063,18699,727,708,14,722,4
2021-07-05,Riverside,065,2383286,296697,293193,14056,307249,4539
2021-07-05,Sacramento,067,1510023,109545,108758,1860,110618,1679
2021-07-05,San Benito,069,59416,6144,6137,113,6250,63
2021-07-05,San Bernardino,071,2135413,295820,294647,9041,303688,5037
2021-07-05,San Diego,073,3302833,284593,282834,15631,298465,3782
2021-07-05,San Francisco,075,870044,37541,37237,1315,38552,558
2021-07-05,San Joaquin,077,732212,74556,73999,3615,77614,1410
2021-07-05,San Luis Obispo,079,281455,21619,21351,757,22108,257
2021-07-05,San Mateo,081,765935,43026,42876,490,43366,541
2021-07-05,Santa Barbara,083,443738,34746,34569,1129,35698,460
2021-07-05,Santa Clara,085,1922200,120021,119184,771,119955,2095
2021-07-05,Santa Cruz,087,273765,16400,16273,801,17074,208
2021-07-05,Shasta,089,179085,12662,12603,1646,14249,205
2021-07-05,Sierra,091,2930,65,60,12,72,0
2021-07-05,Siskiyou,093,43540,1984,1904,374,2278,29
2021-07-05,Solano,095,438530,33800,33612,579,34191,268
2021-07-05,Sonoma,097,501317,31318,31116,363,31479,316
2021-07-05,Stanislaus,099,539301,57324,57109,5997,63106,1029
2021-07-05,Sutter,101,95872,9694,9667,87,9754,114
2021-07-05,Tehama,103,63373,5169,5125,585,5710,63
2021-07-05,Trinity,105,12862,495,341,96,437,3
2021-07-05,Tulare,107,460477,50552,49818,9056,58874,853
2021-07-05,Tuolumne,109,53932,4118,4112,44,4156,64
2021-07-05,Ventura,111,848112,82189,81519,3066,84585,1033
2021-07-05,Yolo,113,214977,14299,14225,286,14511,213
2021-07-05,Yuba,115,75493,6275,6223,129,6352,51
2021-07-04,Alameda,001,1643700,90220,89683,1972,91655,1253
2021-07-04,Alpine,003,1148,88,89,0,89,0
2021-07-04,Amador,005,37829,3768,3758,32,3790,46
2021-07-04,Butte,007,227075,12843,12684,1909,14593,201
2021-07-04,Calaveras,009,45235,2224,2200,13,2213,55
2021-07-04,Colusa,011,21464,1975,1969,325,2294,15
2021-07-04,Contra Costa,013,1133247,71651,70941,1322,72263,818
2021-07-04,Del Norte,015,27424,1478,1439,13,1452,8
2021-07-04,El Dorado,017,186661,10582,10433,792,11225,113
2021-07-04,Fresno,019,978130,103686,102512,8717,111229,1727
2021-07-04,Glenn,021,27897,2457,2442,567,3009,20
2021-07-04,Humboldt,023,135768,4574,4530,53,4583,49
2021-07-04,Imperial,025,180216,28851,28661,2696,31357,739
2021-07-04,Inyo,027,18085,1416,1412,12,1424,35
2021-07-04,Kern,029,883053,98146,97421,11116,108537,1347
2021-07-04,Kings,031,150075,23325,23051,1096,24147,245
2021-07-04,Lake,033,64148,3676,3623,13,3636,62
2021-07-04,Lassen,035,31185,5303,5277,115,5392,20
2021-07-04,Los Angeles,037,10098052,1217883,1208705,41149,1249854,24506
2021-07-04,Madera,039,155013,16870,16696,946,17642,240
2021-07-04,Marin,041,260295,14284,14143,261,14404,233
2021-07-04,Mariposa,043,17540,442,441,11,452,5
2021-07-04,Mendocino,045,87422,4227,4122,87,4209,49
2021-07-04,Merced,047,269075,31322,31297,1043,32340,469
2021-07-04,Modoc,049,8938,416,410,147,557,4
2021-07-04,Mono,051,14174,1270,1275,18,1293,3
2021-07-04,Monterey,053,433212,43387,43212,1848,45060,492
2021-07-04,Napa,055,140530,10068,10045,36,10081,81
2021-07-04,Nevada,057,99092,5036,4966,193,5159,72
2021-07-04,Orange,059,3164182,257572,255823,11514,267337,5126
2021-07-04,Placer,061,380077,24053,23764,1568,25332,299
2021-07-04,Plumas,063,18699,727,707,14,721,4
2021-07-04,Riverside,065,2383286,296537,293260,14050,307310,4536
2021-07-04,Sacramento,067,1510023,109375,108257,1854,110111,1676
2021-07-04,San Benito,069,59416,6137,6108,113,6221,63
2021-07-04,San Bernardino,071,2135413,295652,294294,9034,303328,5003
2021-07-04,San Diego,073,3302833,284368,282692,15594,298286,3780
2021-07-04,San Francisco,075,870044,37482,37107,1309,38416,558
2021-07-04,San Joaquin,077,732212,74490,73841,3607,77448,1409
2021-07-04,San Luis Obispo,079,281455,21613,21330,756,22086,256
2021-07-04,San Mateo,081,765935,42992,42691,490,43181,541
2021-07-04,Santa Barbara,083,443738,34723,34526,1128,35654,456
2021-07-04,Santa Clara,085,1922200,119931,118966,770,119736,2090
2021-07-04,Santa Cruz,087,273765,16389,16254,801,17055,208
2021-07-04,Shasta,089,179085,12658,12582,1645,14227,204
2021-07-04,Sierra,091,2930,64,60,12,72,0
2021-07-04,Siskiyou,093,43540,1980,1899,373,2272,29
2021-07-04,Solano,095,438530,33759,33486,577,34063,268
2021-07-04,Sonoma,097,501317,31288,31000,363,31363,316
2021-07-04,Stanislaus,099,539301,57309,57018,5991,63009,1018
2021-07-04,Sutter,101,95872,9683,9644,87,9731,114
2021-07-04,Tehama,103,63373,5165,5124,585,5709,63
2021-07-04,Trinity,105,12862,494,341,96,437,3
2021-07-04,Tulare,107,460477,50542,49789,9053,58842,853
2021-07-04,Tuolumne,109,53932,4110,4113,44,4157,64
2021-07-04,Ventura,111,848112,82131,81425,3055,84480,1033
2021-07-04,Yolo,113,214977,14278,14188,283,14471,213
2021-07-04,Yuba,115,75493,6267,6197,129,6326,51
2021-07-03,Alameda,001,1643700,90133,89683,1964,91647,1253
2021-07-03,Alpine,003,1148,88,89,0,89,0
2021-07-03,Amador,005,37829,3768,3758,32,3790,46
2021-07-03,Butte,007,227075,12839,12684,1908,14592,201
2021-07-03,Calaveras,009,45235,2222,2200,13,2213,55
2021-07-03,Colusa,011,21464,1974,1969,325,2294,15
2021-07-03,Contra Costa,013,1133247,71591,70941,1319,72260,818
2021-07-03,Del Norte,015,27424,1475,1439,13,1452,8
2021-07-03,El Dorado,017,186661,10576,10433,790,11223,113
2021-07-03,Fresno,019,978130,103662,102512,8708,111220,1727
2021-07-03,Glenn,021,27897,2457,2442,567,3009,20
2021-07-03,Humboldt,023,135768,4569,4530,53,4583,49
2021-07-03,Imperial,025,180216,28841,28661,2696,31357,739
2021-07-03,Inyo,027,18085,1416,1412,12,1424,35
2021-07-03,Kern,029,883053,98126,97421,11108,108529,1347
2021-07-03,Kings,031,150075,23325,23051,1095,24146,245
2021-07-03,Lake,033,64148,3666,3623,13,3636,62
2021-07-03,Lassen,035,31185,5302,5277,115,5392,20
2021-07-03,Los Angeles,037,10098052,1217454,1208705,41118,1249823,24506
2021-07-03,Madera,039,155013,16861,16696,943,17639,240
2021-07-03,Marin,041,260295,14280,14143,261,14404,233
2021-07-03,Mariposa,043,17540,442,441,11,452,5
2021-07-03,Mendocino,045,87422,4226,4122,87,4209,49
2021-07-03,Merced,047,269075,31309,31297,1042,32339,469
2021-07-03,Modoc,049,8938,415,410,147,557,4
2021-07-03,Mono,051,14174,1269,1275,18,1293,3
2021-07-03,Monterey,053,433212,43375,43212,1846,45058,492
2021-07-03,Napa,055,140530,10063,10045,36,10081,81
2021-07-03,Nevada,057,99092,5022,4966,193,5159,72
2021-07-03,Orange,059,3164182,257488,255823,11507,267330,5126
2021-07-03,Placer,061,380077,24034,23764,1565,25329,299
2021-07-03,Plumas,063,18699,727,707,14,721,4
2021-07-03,Riverside,065,2383286,296445,293260,14046,307306,4536
2021-07-03,Sacramento,067,1510023,109301,108257,1851,110108,1676
2021-07-03,San Benito,069,59416,6130,6108,113,6221,63
2021-07-03,San Bernardino,071,2135413,295562,294294,9031,303325,5003
2021-07-03,San Diego,073,3302833,284237,282692,15575,298267,3780
2021-07-03,San Francisco,075,870044,37441,37107,1306,38413,558
2021-07-03,San Joaquin,077,732212,74454,73841,3602,77443,1409
2021-07-03,San Luis Obispo,079,281455,21601,21330,756,22086,256
2021-07-03,San Mateo,081,765935,42967,42691,489,43180,541
2021-07-03,Santa Barbara,083,443738,34714,34526,1127,35653,456
2021-07-03,Santa Clara,085,1922200,119884,118966,770,119736,2090
2021-07-03,Santa Cruz,087,273765,16382,16254,801,17055,208
2021-07-03,Shasta,089,179085,12654,12582,1643,14225,204
2021-07-03,Sierra,091,2930,64,60,12,72,0
2021-07-03,Siskiyou,093,43540,1979,1899,372,2271,29
2021-07-03,Solano,095,438530,33715,33486,577,34063,268
2021-07-03,Sonoma,097,501317,31254,31000,363,31363,316
2021-07-03,Stanislaus,099,539301,57298,57018,5984,63002,1018
2021-07-03,Sutter,101,95872,9673,9644,87,9731,114
2021-07-03,Tehama,103,63373,5163,5124,585,5709,63
2021-07-03,Trinity,105,12862,494,341,96,437,3
2021-07-03,Tulare,107,460477,50536,49789,9047,58836,853
2021-07-03,Tuolumne,109,53932,4109,4113,44,4157,64
2021-07-03,Ventura,111,848112,82101,81425,3047,84472,1033
2021-07-03,Yolo,113,214977,14268,14188,280,14468,213
2021-07-03,Yuba,115,75493,6261,6197,129,6326,51
2021-07-02,Alameda,001,1643700,90049,89683,1962,91645,1253
2021-07-02,Alpine,003,1148,88,89,0,89,0
2021-07-02,Amador,005,37829,3766,3758,32,3790,46
2021-07-02,Butte,007,227075,12832,12684,1908,14592,201
2021-07-02,Calaveras,009,45235,2220,2200,13,2213,55
2021-07-02,Colusa,011,21464,1973,1969,324,2293,15
2021-07-02,Contra Costa,013,1133247,71521,70941,1315,72256,818
2021-07-02,Del Norte,015,27424,1475,1439,13,1452,8
2021-07-02,El Dorado,017,186661,10568,10433,790,11223,113
2021-07-02,Fresno,019,978130,103634,102512,8702,111214,1727
2021-07-02,Glenn,021,27897,2456,2442,566,3008,20
2021-07-02,Humboldt,023,135768,4566,4530,52,4582,49
2021-07-02,Imperial,025,180216,28835,28661,2695,31356,739
2021-07-02,Inyo,027,18085,1416,1412,12,1424,35
2021-07-02,Kern,029,883053,98108,97421,11100,108521,1347
2021-07-02,Kings,031,150075,23315,23051,1095,24146,245
2021-07-02,Lake,033,64148,3660,3623,13,3636,62
2021-07-02,Lassen,035,31185,5302,5277,115,5392,20
2021-07-02,Los Angeles,037,10098052,1216980,1208705,41080,1249785,24506
2021-07-02,Madera,039,155013,16852,16696,942,17638,240
2021-07-02,Marin,041,260295,14276,14143,261,14404,233
2021-07-02,Mariposa,043,17540,442,441,11,452,5
2021-07-02,Mendocino,045,87422,4222,4122,86,4208,49
2021-07-02,Merced,047,269075,31300,31297,1042,32339,469
2021-07-02,Modoc,049,8938,415,410,147,557,4
2021-07-02,Mono,051,14174,1268,1275,18,1293,3
2021-07-02,Monterey,053,433212,43367,43212,1845,45057,492
2021-07-02,Napa,055,140530,10058,10045,36,10081,81
2021-07-02,Nevada,057,99092,5013,4966,193,5159,72
2021-07-02,Orange,059,3164182,257376,255823,11500,267323,5126
2021-07-02,Placer,061,380077,24017,23764,1558,25322,299
2021-07-02,Plumas,063,18699,727,707,14,721,4
2021-07-02,Riverside,065,2383286,296347,293260,14041,307301,4536
2021-07-02,Sacramento,067,1510023,109223,108257,1850,110107,1676
2021-07-02,San Benito,069,59416,6127,6108,113,6221,63
2021-07-02,San Bernardino,071,2135413,295475,294294,9029,303323,5003
2021-07-02,San Diego,073,3302833,284092,282692,15549,298241,3780
2021-07-02,San Francisco,075,870044,37393,37107,1304,38411,558
2021-07-02,San Joaquin,077,732212,74422,73841,3596,77437,1409
2021-07-02,San Luis Obispo,079,281455,21595,21330,755,22085,256
2021-07-02,San Mateo,081,765935,42932,42691,489,43180,541
2021-07-02,Santa Barbara,083,443738,34704,34526,1127,35653,456
2021-07-02,Santa Clara,085,1922200,119806,118966,770,119736,2090
2021-07-02,Santa Cruz,087,273765,16378,16254,801,17055,208
2021-07-02,Shasta,089,179085,12650,12582,1643,14225,204
2021-07-02,Sierra,091,2930,63,60,12,72,0
2021-07-02,Siskiyou,093,43540,1976,1899,371,2270,29
2021-07-02,Solano,095,438530,33690,33486,577,34063,268
2021-07-02,Sonoma,097,501317,31231,31000,363,31363,316
2021-07-02,Stanislaus,099,539301,57281,57018,5983,63001,1018
2021-07-02,Sutter,101,95872,9669,9644,87,9731,114
2021-07-02,Tehama,103,63373,5161,5124,583,5707,63
2021-07-02,Trinity,105,12862,494,341,96,437,3
2021-07-02,Tulare,107,460477,50526,49789,9039,58828,853
2021-07-02,Tuolumne,109,53932,4106,4113,44,4157,64
2021-07-02,Ventura,111,848112,82058,81425,3039,84464,1033
2021-07-02,Yolo,113,214977,14252,14188,278,14466,213
2021-07-02,Yuba,115,75493,6253,6197,129,6326,51
2021-07-01,Alameda,001,1643700,89948,89683,1960,91643,1253
2021-07-01,Alpine,003,1148,88,89,0,89,0
2021-07-01,Amador,005,37829,3765,3758,32,3790,46
2021-07-01,Butte,007,227075,12820,12684,1906,14590,201
2021-07-01,Calaveras,009,45235,2218,2200,13,2213,55
2021-07-01,Colusa,011,21464,1973,1969,322,2291,15
2021-07-01,Contra Costa,013,1133247,71449,70941,1315,72256,818
2021-07-01,Del Norte,015,27424,1474,1439,13,1452,8
2021-07-01,El Dorado,017,186661,10556,10433,790,11223,113
2021-07-01,Fresno,019,978130,103595,102512,8697,111209,1727
2021-07-01,Glenn,021,27897,2456,2442,566,3008,20
2021-07-01,Humboldt,023,135768,4564,4530,52,4582,49
2021-07-01,Imperial,025,180216,28818,28661,2695,31356,739
2021-07-01,Inyo,027,18085,1416,1412,12,1424,35
2021-07-01,Kern,029,883053,98082,97421,11090,108511,1347
2021-07-01,Kings,031,150075,23301,23051,1095,24146,245
2021-07-01,Lake,033,64148,3657,3623,13,3636,62
2021-07-01,Lassen,035,31185,5300,5277,115,5392,20
2021-07-01,Los Angeles,037,10098052,1216376,1208705,41025,1249730,24506
2021-07-01,Madera,039,155013,16843,16696,941,17637,240
2021-07-01,Marin,041,260295,14272,14143,261,14404,233
2021-07-01,Mariposa,043,17540,442,441,11,452,5
2021-07-01,Mendocino,045,87422,4218,4122,85,4207,49
2021-07-01,Merced,047,269075,31294,31297,1042,32339,469
2021-07-01,Modoc,049,8938,415,410,147,557,4
2021-07-01,Mono,051,14174,1267,1275,18,1293,3
2021-07-01,Monterey,053,433212,43359,43212,1842,45054,492
2021-07-01,Napa,055,140530,10051,10045,36,10081,81
2021-07-01,Nevada,057,99092,5008,4966,193,5159,72
2021-07-01,Orange,059,3164182,257256,255823,11481,267304,5126
2021-07-01,Placer,061,380077,23999,23764,1555,25319,299
2021-07-01,Plumas,063,18699,724,707,12,719,4
2021-07-01,Riverside,065,2383286,296238,293260,14033,307293,4536
2021-07-01,Sacramento,067,1510023,109098,108257,1843,110100,1676
2021-07-01,San Benito,069,59416,6123,6108,113,6221,63
2021-07-01,San Bernardino,071,2135413,295354,294294,9024,303318,5003
2021-07-01,San Diego,073,3302833,283914,282692,15512,298204,3780
2021-07-01,San Francisco,075,870044,37356,37107,1302,38409,558
2021-07-01,San Joaquin,077,732212,74371,73841,3592,77433,1409
2021-07-01,San Luis Obispo,079,281455,21580,21330,754,22084,256
2021-07-01,San Mateo,081,765935,42904,42691,488,43179,541
2021-07-01,Santa Barbara,083,443738,34691,34526,1127,35653,456
2021-07-01,Santa Clara,085,1922200,119757,118966,770,119736,2090
2021-07-01,Santa Cruz,087,273765,16373,16254,801,17055,208
2021-07-01,Shasta,089,179085,12642,12582,1642,14224,204
2021-07-01,Sierra,091,2930,63,60,12,72,0
2021-07-01,Siskiyou,093,43540,1976,1899,371,2270,29
2021-07-01,Solano,095,438530,33649,33486,576,34062,268
2021-07-01,Sonoma,097,501317,31187,31000,363,31363,316
2021-07-01,Stanislaus,099,539301,57264,57018,5979,62997,1018
2021-07-01,Sutter,101,95872,9660,9644,87,9731,114
2021-07-01,Tehama,103,63373,5161,5124,582,5706,63
2021-07-01,Trinity,105,12862,494,341,96,437,3
2021-07-01,Tulare,107,460477,50517,49789,9032,58821,853
2021-07-01,Tuolumne,109,53932,4099,4113,44,4157,64
2021-07-01,Ventura,111,848112,82027,81425,3029,84454,1033
2021-07-01,Yolo,113,214977,14236,14188,276,14464,213
2021-07-01,Yuba,115,75493,6246,6197,129,6326,51
2021-06-30,Alameda,001,1643700,89867,89597,1956,91553,1256
2021-06-30,Alpine,003,1148,88,89,0,89,0
2021-06-30,Amador,005,37829,3763,3756,32,3788,46
2021-06-30,Butte,007,227075,12813,12676,1897,14573,201
2021-06-30,Calaveras,009,45235,2212,2198,13,2211,55
2021-06-30,Colusa,011,21464,1971,1967,319,2286,15
2021-06-30,Contra Costa,013,1133247,71384,70869,1312,72181,818
2021-06-30,Del Norte,015,27424,1469,1435,13,1448,8
2021-06-30,El Dorado,017,186661,10536,10420,790,11210,113
2021-06-30,Fresno,019,978130,103558,102490,8694,111184,1727
2021-06-30,Glenn,021,27897,2454,2440,566,3006,20
2021-06-30,Humboldt,023,135768,4548,4522,50,4572,49
2021-06-30,Imperial,025,180216,28810,28651,2695,31346,739
2021-06-30,Inyo,027,18085,1416,1409,12,1421,35
2021-06-30,Kern,029,883053,98041,97267,11078,108345,1348
2021-06-30,Kings,031,150075,23296,23038,1094,24132,245
2021-06-30,Lake,033,64148,3644,3601,13,3614,56
2021-06-30,Lassen,035,31185,5295,5269,115,5384,20
2021-06-30,Los Angeles,037,10098052,1215702,1208246,40980,1249226,24499
2021-06-30,Madera,039,155013,16835,16688,939,17627,240
2021-06-30,Marin,041,260295,14263,14133,260,14393,232
2021-06-30,Mariposa,043,17540,441,441,11,452,5
2021-06-30,Mendocino,045,87422,4208,4115,85,4200,49
2021-06-30,Merced,047,269075,31284,31286,1042,32328,469
2021-06-30,Modoc,049,8938,415,410,147,557,4
2021-06-30,Mono,051,14174,1267,1275,18,1293,3
2021-06-30,Monterey,053,433212,43354,43209,1840,45049,492
2021-06-30,Napa,055,140530,10043,10039,36,10075,81
2021-06-30,Nevada,057,99092,4997,4958,193,5151,72
2021-06-30,Orange,059,3164182,257131,255764,11471,267235,5125
2021-06-30,Placer,061,380077,23975,23721,1552,25273,299
2021-06-30,Plumas,063,18699,724,705,12,717,4
2021-06-30,Riverside,065,2383286,296124,293280,14025,307305,4535
2021-06-30,Sacramento,067,1510023,108959,108137,1839,109976,1676
2021-06-30,San Benito,069,59416,6119,6105,113,6218,63
2021-06-30,San Bernardino,071,2135413,295194,294211,9019,303230,4975
2021-06-30,San Diego,073,3302833,283778,282583,15484,298067,3780
2021-06-30,San Francisco,075,870044,37307,37065,1297,38362,558
2021-06-30,San Joaquin,077,732212,74309,73777,3591,77368,1409
2021-06-30,San Luis Obispo,079,281455,21567,21326,753,22079,256
2021-06-30,San Mateo,081,765935,42867,42599,487,43086,537
2021-06-30,Santa Barbara,083,443738,34675,34521,1127,35648,456
2021-06-30,Santa Clara,085,1922200,119710,118930,767,119697,2090
2021-06-30,Santa Cruz,087,273765,16367,16250,801,17051,208
2021-06-30,Shasta,089,179085,12636,12564,1642,14206,204
2021-06-30,Sierra,091,2930,63,60,12,72,0
2021-06-30,Siskiyou,093,43540,1974,1900,368,2268,29
2021-06-30,Solano,095,438530,33610,33453,574,34027,268
2021-06-30,Sonoma,097,501317,31157,30947,363,31310,316
2021-06-30,Stanislaus,099,539301,57247,56997,5978,62975,1018
2021-06-30,Sutter,101,95872,9650,9638,87,9725,114
2021-06-30,Tehama,103,63373,5159,5124,582,5706,63
2021-06-30,Trinity,105,12862,494,341,96,437,3
2021-06-30,Tulare,107,460477,50506,49764,9021,58785,853
2021-06-30,Tuolumne,109,53932,4096,4112,44,4156,64
2021-06-30,Ventura,111,848112,81984,81392,3024,84416,1032
2021-06-30,Yolo,113,214977,14230,14178,273,14451,213
2021-06-30,Yuba,115,75493,6239,6191,129,6320,51
2021-06-29,Alameda,001,1643700,89761,89519,1954,91473,1257
2021-06-29,Alpine,003,1148,88,89,0,89,0
2021-06-29,Amador,005,37829,3759,3754,32,3786,46
2021-06-29,Butte,007,227075,12805,12669,1897,14566,201
2021-06-29,Calaveras,009,45235,2206,2198,13,2211,55
2021-06-29,Colusa,011,21464,1969,1967,319,2286,15
2021-06-29,Contra Costa,013,1133247,71310,70775,1311,72086,817
2021-06-29,Del Norte,015,27424,1468,1435,13,1448,8
2021-06-29,El Dorado,017,186661,10523,10403,786,11189,113
2021-06-29,Fresno,019,978130,103525,102464,8691,111155,1725
2021-06-29,Glenn,021,27897,2453,2439,566,3005,20
2021-06-29,Humboldt,023,135768,4544,4514,49,4563,49
2021-06-29,Imperial,025,180216,28801,28645,2694,31339,737
2021-06-29,Inyo,027,18085,1416,1408,12,1420,35
2021-06-29,Kern,029,883053,98020,97173,11072,108245,1347
2021-06-29,Kings,031,150075,23287,23035,1093,24128,245
2021-06-29,Lake,033,64148,3638,3594,13,3607,56
2021-06-29,Lassen,035,31185,5288,5268,115,5383,20
2021-06-29,Los Angeles,037,10098052,1215087,1207895,40952,1248847,24498
2021-06-29,Madera,039,155013,16831,16680,938,17618,240
2021-06-29,Marin,041,260295,14251,14127,260,14387,232
2021-06-29,Mariposa,043,17540,441,441,11,452,5
2021-06-29,Mendocino,045,87422,4204,4107,84,4191,49
2021-06-29,Merced,047,269075,31272,31277,1042,32319,469
2021-06-29,Modoc,049,8938,414,408,147,555,3
2021-06-29,Mono,051,14174,1267,1275,18,1293,3
2021-06-29,Monterey,053,433212,43344,43196,1838,45034,471
2021-06-29,Napa,055,140530,10037,10033,36,10069,81
2021-06-29,Nevada,057,99092,4990,4952,193,5145,72
2021-06-29,Orange,059,3164182,257031,255686,11456,267142,5124
2021-06-29,Placer,061,380077,23951,23693,1550,25243,299
2021-06-29,Plumas,063,18699,724,704,12,716,4
2021-06-29,Riverside,065,2383286,296025,292962,14018,306980,4524
2021-06-29,Sacramento,067,1510023,108806,108067,1835,109902,1677
2021-06-29,San Benito,069,59416,6108,6099,113,6212,63
2021-06-29,San Bernardino,071,2135413,295082,294118,9018,303136,4940
2021-06-29,San Diego,073,3302833,283622,282499,15457,297956,3780
2021-06-29,San Francisco,075,870044,37268,37041,1294,38335,558
2021-06-29,San Joaquin,077,732212,74261,73724,3588,77312,1409
2021-06-29,San Luis Obispo,079,281455,21557,21324,752,22076,256
2021-06-29,San Mateo,081,765935,42833,42540,487,43027,540
2021-06-29,Santa Barbara,083,443738,34665,34507,1126,35633,455
2021-06-29,Santa Clara,085,1922200,119656,118893,766,119659,2090
2021-06-29,Santa Cruz,087,273765,16361,16249,801,17050,208
2021-06-29,Shasta,089,179085,12624,12564,1641,14205,204
2021-06-29,Sierra,091,2930,63,59,12,71,0
2021-06-29,Siskiyou,093,43540,1971,1897,364,2261,29
2021-06-29,Solano,095,438530,33577,33440,572,34012,268
2021-06-29,Sonoma,097,501317,31115,30950,361,31311,316
2021-06-29,Stanislaus,099,539301,57226,56980,5971,62951,1018
2021-06-29,Sutter,101,95872,9639,9634,87,9721,114
2021-06-29,Tehama,103,63373,5159,5124,582,5706,63
2021-06-29,Trinity,105,12862,494,341,96,437,3
2021-06-29,Tulare,107,460477,50493,49751,9016,58767,852
2021-06-29,Tuolumne,109,53932,4094,4111,44,4155,64
2021-06-29,Ventura,111,848112,81946,81363,3018,84381,1032
2021-06-29,Yolo,113,214977,14218,14171,272,14443,213
2021-06-29,Yuba,115,75493,6229,6188,129,6317,51
2021-06-28,Alameda,001,1643700,89666,89638,1951,91589,1259
2021-06-28,Alpine,003,1148,88,89,0,89,0
2021-06-28,Amador,005,37829,3758,3753,32,3785,46
2021-06-28,Butte,007,227075,12796,12697,1895,14592,198
2021-06-28,Calaveras,009,45235,2203,2203,13,2216,55
2021-06-28,Colusa,011,21464,1967,1974,319,2293,15
2021-06-28,Contra Costa,013,1133247,71235,70807,1309,72116,816
2021-06-28,Del Norte,015,27424,1468,1436,13,1449,8
2021-06-28,El Dorado,017,186661,10513,10422,782,11204,115
2021-06-28,Fresno,019,978130,103494,103121,8689,111810,1727
2021-06-28,Glenn,021,27897,2453,2439,566,3005,20
2021-06-28,Humboldt,023,135768,4537,4520,48,4568,49
2021-06-28,Imperial,025,180216,28793,28981,2693,31674,741
2021-06-28,Inyo,027,18085,1413,1407,12,1419,35
2021-06-28,Kern,029,883053,98001,97252,11067,108319,1348
2021-06-28,Kings,031,150075,23281,23134,1093,24227,246
2021-06-28,Lake,033,64148,3631,3591,13,3604,56
2021-06-28,Lassen,035,31185,5286,5268,115,5383,20
2021-06-28,Los Angeles,037,10098052,1214567,1207714,40918,1248632,24496
2021-06-28,Madera,039,155013,16820,16683,937,17620,240
2021-06-28,Marin,041,260295,14236,14186,260,14446,232
2021-06-28,Mariposa,043,17540,441,440,11,451,5
2021-06-28,Mendocino,045,87422,4195,4102,83,4185,49
2021-06-28,Merced,047,269075,31260,31277,1042,32319,469
2021-06-28,Modoc,049,8938,414,411,146,557,3
2021-06-28,Mono,051,14174,1267,1276,18,1294,3
2021-06-28,Monterey,053,433212,43340,43202,1837,45039,462
2021-06-28,Napa,055,140530,10028,10050,35,10085,81
2021-06-28,Nevada,057,99092,4986,4951,193,5144,72
2021-06-28,Orange,059,3164182,256941,255755,11442,267197,5123
2021-06-28,Placer,061,380077,23935,23756,1546,25302,299
2021-06-28,Plumas,063,18699,722,704,12,716,4
2021-06-28,Riverside,065,2383286,295899,292647,14006,306653,4507
2021-06-28,Sacramento,067,1510023,108674,108342,1830,110172,1675
2021-06-28,San Benito,069,59416,6106,6101,113,6214,63
2021-06-28,San Bernardino,071,2135413,294982,294151,9013,303164,4928
2021-06-28,San Diego,073,3302833,283458,282417,15428,297845,3780
2021-06-28,San Francisco,075,870044,37233,37372,1292,38664,559
2021-06-28,San Joaquin,077,732212,74214,73973,3585,77558,1411
2021-06-28,San Luis Obispo,079,281455,21553,21340,751,22091,256
2021-06-28,San Mateo,081,765935,42799,42927,486,43413,540
2021-06-28,Santa Barbara,083,443738,34658,34534,1124,35658,455
2021-06-28,Santa Clara,085,1922200,119592,120377,765,121142,2103
2021-06-28,Santa Cruz,087,273765,16356,16245,801,17046,208
2021-06-28,Shasta,089,179085,12620,12642,1639,14281,203
2021-06-28,Sierra,091,2930,63,58,12,70,0
2021-06-28,Siskiyou,093,43540,1970,1896,364,2260,29
2021-06-28,Solano,095,438530,33541,33524,570,34094,267
2021-06-28,Sonoma,097,501317,31078,31137,360,31497,315
2021-06-28,Stanislaus,099,539301,57208,57047,5967,63014,1018
2021-06-28,Sutter,101,95872,9635,9682,87,9769,114
2021-06-28,Tehama,103,63373,5157,5122,582,5704,63
2021-06-28,Trinity,105,12862,494,341,96,437,3
2021-06-28,Tulare,107,460477,50483,49751,9012,58763,850
2021-06-28,Tuolumne,109,53932,4086,4121,44,4165,64
2021-06-28,Ventura,111,848112,81889,81393,3013,84406,1032
2021-06-28,Yolo,113,214977,14209,14199,269,14468,213
2021-06-28,Yuba,115,75493,6224,6207,129,6336,51
2021-06-27,Alameda,001,1643700,89579,89611,1947,91558,1259
2021-06-27,Alpine,003,1148,88,89,0,89,0
2021-06-27,Amador,005,37829,3757,3752,32,3784,46
2021-06-27,Butte,007,227075,12787,12696,1894,14590,198
2021-06-27,Calaveras,009,45235,2202,2203,13,2216,55
2021-06-27,Colusa,011,21464,1967,1974,319,2293,15
2021-06-27,Contra Costa,013,1133247,71149,70762,1305,72067,816
2021-06-27,Del Norte,015,27424,1465,1436,13,1449,8
2021-06-27,El Dorado,017,186661,10501,10418,779,11197,115
2021-06-27,Fresno,019,978130,103465,103110,8686,111796,1727
2021-06-27,Glenn,021,27897,2452,2439,565,3004,20
2021-06-27,Humboldt,023,135768,4525,4513,45,4558,49
2021-06-27,Imperial,025,180216,28779,28987,2693,31680,741
2021-06-27,Inyo,027,18085,1413,1407,12,1419,35
2021-06-27,Kern,029,883053,97975,97249,11060,108309,1348
2021-06-27,Kings,031,150075,23271,23132,1093,24225,246
2021-06-27,Lake,033,64148,3624,3581,13,3594,56
2021-06-27,Lassen,035,31185,5285,5265,115,5380,20
2021-06-27,Los Angeles,037,10098052,1214015,1207461,40878,1248339,24493
2021-06-27,Madera,039,155013,16812,16680,937,17617,240
2021-06-27,Marin,041,260295,14227,14182,260,14442,232
2021-06-27,Mariposa,043,17540,441,440,11,451,5
2021-06-27,Mendocino,045,87422,4188,4100,83,4183,49
2021-06-27,Merced,047,269075,31248,31266,1042,32308,469
2021-06-27,Modoc,049,8938,414,411,146,557,3
2021-06-27,Mono,051,14174,1267,1279,18,1297,3
2021-06-27,Monterey,053,433212,43327,43199,1837,45036,462
2021-06-27,Napa,055,140530,10022,10046,35,10081,81
2021-06-27,Nevada,057,99092,4980,4946,193,5139,72
2021-06-27,Orange,059,3164182,256827,255710,11431,267141,5123
2021-06-27,Placer,061,380077,23902,23731,1543,25274,299
2021-06-27,Plumas,063,18699,722,704,12,716,4
2021-06-27,Riverside,065,2383286,295797,292641,14000,306641,4507
2021-06-27,Sacramento,067,1510023,108539,108279,1826,110105,1675
2021-06-27,San Benito,069,59416,6100,6101,113,6214,63
2021-06-27,San Bernardino,071,2135413,294869,294115,9011,303126,4927
2021-06-27,San Diego,073,3302833,283318,282359,15402,297761,3780
2021-06-27,San Francisco,075,870044,37196,37360,1291,38651,559
2021-06-27,San Joaquin,077,732212,74178,73960,3583,77543,1411
2021-06-27,San Luis Obispo,079,281455,21546,21340,750,22090,256
2021-06-27,San Mateo,081,765935,42770,42925,483,43408,539
2021-06-27,Santa Barbara,083,443738,34644,34533,1122,35655,455
2021-06-27,Santa Clara,085,1922200,119541,120352,764,121116,2103
2021-06-27,Santa Cruz,087,273765,16347,16241,801,17042,208
2021-06-27,Shasta,089,179085,12614,12640,1638,14278,203
2021-06-27,Sierra,091,2930,63,58,12,70,0
2021-06-27,Siskiyou,093,43540,1968,1896,363,2259,29
2021-06-27,Solano,095,438530,33513,33516,570,34086,267
2021-06-27,Sonoma,097,501317,31040,31129,360,31489,315
2021-06-27,Stanislaus,099,539301,57168,57021,5964,62985,1018
2021-06-27,Sutter,101,95872,9629,9678,87,9765,114
2021-06-27,Tehama,103,63373,5153,5122,582,5704,63
2021-06-27,Trinity,105,12862,494,341,95,436,3
2021-06-27,Tulare,107,460477,50469,49749,9005,58754,850
2021-06-27,Tuolumne,109,53932,4084,4121,44,4165,64
2021-06-27,Ventura,111,848112,81855,81361,3004,84365,1032
2021-06-27,Yolo,113,214977,14194,14194,265,14459,213
2021-06-27,Yuba,115,75493,6218,6205,129,6334,51
2021-06-26,Alameda,001,1643700,89522,89560,1945,91505,1259
2021-06-26,Alpine,003,1148,88,89,0,89,0
2021-06-26,Amador,005,37829,3757,3748,32,3780,46
2021-06-26,Butte,007,227075,12783,12693,1891,14584,198
2021-06-26,Calaveras,009,45235,2200,2202,13,2215,55
2021-06-26,Colusa,011,21464,1967,1973,319,2292,15
2021-06-26,Contra Costa,013,1133247,71106,70712,1304,72016,816
2021-06-26,Del Norte,015,27424,1464,1432,13,1445,8
2021-06-26,El Dorado,017,186661,10493,10414,777,11191,115
2021-06-26,Fresno,019,978130,103445,103091,8684,111775,1727
2021-06-26,Glenn,021,27897,2450,2441,565,3006,20
2021-06-26,Humboldt,023,135768,4522,4509,45,4554,49
2021-06-26,Imperial,025,180216,28775,28970,2693,31663,741
2021-06-26,Inyo,027,18085,1413,1407,12,1419,35
2021-06-26,Kern,029,883053,97949,97239,11051,108290,1348
2021-06-26,Kings,031,150075,23267,23128,1092,24220,246
2021-06-26,Lake,033,64148,3613,3576,13,3589,56
2021-06-26,Lassen,035,31185,5282,5263,115,5378,20
2021-06-26,Los Angeles,037,10098052,1213710,1207198,40847,1248045,24490
2021-06-26,Madera,039,155013,16805,16679,936,17615,240
2021-06-26,Marin,041,260295,14218,14180,260,14440,232
2021-06-26,Mariposa,043,17540,441,440,11,451,5
2021-06-26,Mendocino,045,87422,4186,4096,83,4179,49
2021-06-26,Merced,047,269075,31242,31259,1041,32300,469
2021-06-26,Modoc,049,8938,414,411,146,557,3
2021-06-26,Mono,051,14174,1267,1279,18,1297,3
2021-06-26,Monterey,053,433212,43324,43192,1837,45029,462
2021-06-26,Napa,055,140530,10015,10043,35,10078,81
2021-06-26,Nevada,057,99092,4975,4939,193,5132,72
2021-06-26,Orange,059,3164182,256747,255640,11424,267064,5123
2021-06-26,Placer,061,380077,23888,23702,1541,25243,299
2021-06-26,Plumas,063,18699,722,704,12,716,4
2021-06-26,Riverside,065,2383286,295739,292480,13994,306474,4505
2021-06-26,Sacramento,067,1510023,108468,108179,1823,110002,1675
2021-06-26,San Benito,069,59416,6096,6100,113,6213,63
2021-06-26,San Bernardino,071,2135413,294775,294034,9007,303041,4928
2021-06-26,San Diego,073,3302833,283233,282263,15384,297647,3780
2021-06-26,San Francisco,075,870044,37164,37348,1290,38638,559
2021-06-26,San Joaquin,077,732212,74149,73928,3582,77510,1411
2021-06-26,San Luis Obispo,079,281455,21545,21330,749,22079,256
2021-06-26,San Mateo,081,765935,42750,42898,483,43381,539
2021-06-26,Santa Barbara,083,443738,34635,34525,1122,35647,455
2021-06-26,Santa Clara,085,1922200,119508,120321,764,121085,2103
2021-06-26,Santa Cruz,087,273765,16344,16239,801,17040,208
2021-06-26,Shasta,089,179085,12610,12635,1634,14269,203
2021-06-26,Sierra,091,2930,63,58,12,70,0
2021-06-26,Siskiyou,093,43540,1967,1896,362,2258,29
2021-06-26,Solano,095,438530,33495,33489,568,34057,267
2021-06-26,Sonoma,097,501317,31014,31088,360,31448,315
2021-06-26,Stanislaus,099,539301,57152,57006,5961,62967,1018
2021-06-26,Sutter,101,95872,9628,9669,87,9756,114
2021-06-26,Tehama,103,63373,5153,5119,582,5701,63
2021-06-26,Trinity,105,12862,494,341,95,436,3
2021-06-26,Tulare,107,460477,50463,49745,9005,58750,850
2021-06-26,Tuolumne,109,53932,4084,4121,44,4165,64
2021-06-26,Ventura,111,848112,81831,81352,3003,84355,1032
2021-06-26,Yolo,113,214977,14186,14184,265,14449,213
2021-06-26,Yuba,115,75493,6215,6200,129,6329,51
2021-06-25,Alameda,001,1643700,89454,89453,1943,91396,1271
2021-06-25,Alpine,003,1148,88,89,0,89,0
2021-06-25,Amador,005,37829,3756,3746,32,3778,46
2021-06-25,Butte,007,227075,12778,12682,1888,14570,198
2021-06-25,Calaveras,009,45235,2199,2201,13,2214,55
2021-06-25,Colusa,011,21464,1967,1972,319,2291,15
2021-06-25,Contra Costa,013,1133247,71070,70659,1304,71963,815
2021-06-25,Del Norte,015,27424,1464,1426,13,1439,8
2021-06-25,El Dorado,017,186661,10485,10406,774,11180,115
2021-06-25,Fresno,019,978130,103427,103073,8680,111753,1727
2021-06-25,Glenn,021,27897,2450,2441,565,3006,20
2021-06-25,Humboldt,023,135768,4516,4503,43,4546,49
2021-06-25,Imperial,025,180216,28772,28968,2693,31661,740
2021-06-25,Inyo,027,18085,1412,1406,12,1418,35
2021-06-25,Kern,029,883053,97930,97182,11047,108229,1347
2021-06-25,Kings,031,150075,23261,23118,1092,24210,246
2021-06-25,Lake,033,64148,3607,3571,13,3584,56
2021-06-25,Lassen,035,31185,5281,5259,115,5374,20
2021-06-25,Los Angeles,037,10098052,1213427,1206909,40830,1247739,24483
2021-06-25,Madera,039,155013,16802,16670,936,17606,240
2021-06-25,Marin,041,260295,14215,14179,260,14439,232
2021-06-25,Mariposa,043,17540,441,440,11,451,5
2021-06-25,Mendocino,045,87422,4183,4089,83,4172,49
2021-06-25,Merced,047,269075,31234,31256,1041,32297,467
2021-06-25,Modoc,049,8938,414,411,146,557,3
2021-06-25,Mono,051,14174,1267,1279,18,1297,3
2021-06-25,Monterey,053,433212,43319,43184,1836,45020,462
2021-06-25,Napa,055,140530,10010,10037,35,10072,81
2021-06-25,Nevada,057,99092,4972,4932,193,5125,72
2021-06-25,Orange,059,3164182,256676,255574,11422,266996,5119
2021-06-25,Placer,061,380077,23869,23672,1540,25212,299
2021-06-25,Plumas,063,18699,722,702,11,713,4
2021-06-25,Riverside,065,2383286,295671,291663,13987,305650,4490
2021-06-25,Sacramento,067,1510023,108396,108034,1820,109854,1673
2021-06-25,San Benito,069,59416,6092,6098,113,6211,63
2021-06-25,San Bernardino,071,2135413,294720,293941,9005,302946,4911
2021-06-25,San Diego,073,3302833,283173,282157,15371,297528,3779
2021-06-25,San Francisco,075,870044,37141,37338,1289,38627,559
2021-06-25,San Joaquin,077,732212,74116,73860,3580,77440,1410
2021-06-25,San Luis Obispo,079,281455,21542,21325,748,22073,256
2021-06-25,San Mateo,081,765935,42732,42849,483,43332,537
2021-06-25,Santa Barbara,083,443738,34626,34518,1121,35639,454
2021-06-25,Santa Clara,085,1922200,119488,120272,764,121036,2103
2021-06-25,Santa Cruz,087,273765,16341,16230,799,17029,208
2021-06-25,Shasta,089,179085,12600,12633,1633,14266,202
2021-06-25,Sierra,091,2930,63,58,12,70,0
2021-06-25,Siskiyou,093,43540,1966,1894,362,2256,29
2021-06-25,Solano,095,438530,33475,33449,568,34017,267
2021-06-25,Sonoma,097,501317,30991,31043,360,31403,314
2021-06-25,Stanislaus,099,539301,57136,56973,5954,62927,1018
2021-06-25,Sutter,101,95872,9621,9664,87,9751,114
2021-06-25,Tehama,103,63373,5152,5119,582,5701,63
2021-06-25,Trinity,105,12862,494,338,95,433,3
2021-06-25,Tulare,107,460477,50456,49731,9002,58733,850
2021-06-25,Tuolumne,109,53932,4083,4121,44,4165,64
2021-06-25,Ventura,111,848112,81802,81342,2997,84339,1032
2021-06-25,Yolo,113,214977,14180,14172,265,14437,213
2021-06-25,Yuba,115,75493,6211,6195,129,6324,51
2021-06-24,Alameda,001,1643700,89382,89358,1940,91298,1268
2021-06-24,Alpine,003,1148,88,89,0,89,0
2021-06-24,Amador,005,37829,3752,3745,32,3777,46
2021-06-24,Butte,007,227075,12772,12673,1886,14559,198
2021-06-24,Calaveras,009,45235,2196,2202,13,2215,55
2021-06-24,Colusa,011,21464,1966,1972,319,2291,15
2021-06-24,Contra Costa,013,1133247,71011,70590,1304,71894,813
2021-06-24,Del Norte,015,27424,1463,1421,13,1434,8
2021-06-24,El Dorado,017,186661,10478,10402,774,11176,115
2021-06-24,Fresno,019,978130,103407,103061,8678,111739,1727
2021-06-24,Glenn,021,27897,2449,2439,565,3004,20
2021-06-24,Humboldt,023,135768,4511,4493,43,4536,49
2021-06-24,Imperial,025,180216,28769,28981,2693,31674,740
2021-06-24,Inyo,027,18085,1411,1406,12,1418,35
2021-06-24,Kern,029,883053,97911,97129,11034,108163,1346
2021-06-24,Kings,031,150075,23257,23114,1091,24205,246
2021-06-24,Lake,033,64148,3601,3571,13,3584,56
2021-06-24,Lassen,035,31185,5280,5258,115,5373,20
2021-06-24,Los Angeles,037,10098052,1213102,1206590,40807,1247397,24480
2021-06-24,Madera,039,155013,16791,16662,935,17597,240
2021-06-24,Marin,041,260295,14211,14180,260,14440,232
2021-06-24,Mariposa,043,17540,441,440,11,451,5
2021-06-24,Mendocino,045,87422,4175,4085,83,4168,49
2021-06-24,Merced,047,269075,31224,31248,1040,32288,466
2021-06-24,Modoc,049,8938,414,411,146,557,3
2021-06-24,Mono,051,14174,1267,1276,18,1294,3
2021-06-24,Monterey,053,433212,43312,43180,1836,45016,451
2021-06-24,Napa,055,140530,10008,10036,35,10071,80
2021-06-24,Nevada,057,99092,4970,4927,193,5120,72
2021-06-24,Orange,059,3164182,256612,255520,11414,266934,5117
2021-06-24,Placer,061,380077,23844,23659,1538,25197,299
2021-06-24,Plumas,063,18699,721,702,11,713,4
2021-06-24,Riverside,065,2383286,295590,291067,13976,305043,4473
2021-06-24,Sacramento,067,1510023,108308,107965,1818,109783,1672
2021-06-24,San Benito,069,59416,6089,6098,113,6211,63
2021-06-24,San Bernardino,071,2135413,294649,293895,8999,302894,4898
2021-06-24,San Diego,073,3302833,283069,282053,15358,297411,3778
2021-06-24,San Francisco,075,870044,37119,37320,1287,38607,559
2021-06-24,San Joaquin,077,732212,74068,73814,3580,77394,1408
2021-06-24,San Luis Obispo,079,281455,21536,21326,748,22074,256
2021-06-24,San Mateo,081,765935,42706,42814,482,43296,542
2021-06-24,Santa Barbara,083,443738,34620,34512,1120,35632,454
2021-06-24,Santa Clara,085,1922200,119457,120274,763,121037,2103
2021-06-24,Santa Cruz,087,273765,16340,16227,799,17026,208
2021-06-24,Shasta,089,179085,12595,12629,1629,14258,202
2021-06-24,Sierra,091,2930,63,58,12,70,0
2021-06-24,Siskiyou,093,43540,1966,1892,362,2254,28
2021-06-24,Solano,095,438530,33452,33432,566,33998,267
2021-06-24,Sonoma,097,501317,30962,31020,360,31380,314
2021-06-24,Stanislaus,099,539301,57110,56946,5954,62900,1018
2021-06-24,Sutter,101,95872,9614,9660,87,9747,113
2021-06-24,Tehama,103,63373,5149,5115,582,5697,63
2021-06-24,Trinity,105,12862,493,338,95,433,3
2021-06-24,Tulare,107,460477,50445,49730,9000,58730,850
2021-06-24,Tuolumne,109,53932,4081,4120,44,4164,64
2021-06-24,Ventura,111,848112,81774,81332,2996,84328,1032
2021-06-24,Yolo,113,214977,14171,14169,262,14431,213
2021-06-24,Yuba,115,75493,6206,6195,129,6324,51
2021-06-23,Alameda,001,1643700,89310,89338,1939,91277,1266
2021-06-23,Alpine,003,1148,88,88,0,88,0
2021-06-23,Amador,005,37829,3750,3743,32,3775,46
2021-06-23,Butte,007,227075,12765,12666,1886,14552,198
2021-06-23,Calaveras,009,45235,2195,2199,13,2212,55
2021-06-23,Colusa,011,21464,1965,1972,319,2291,15
2021-06-23,Contra Costa,013,1133247,70946,70526,1303,71829,813
2021-06-23,Del Norte,015,27424,1459,1418,13,1431,8
2021-06-23,El Dorado,017,186661,10468,10395,771,11166,115
2021-06-23,Fresno,019,978130,103378,103020,8676,111696,1724
2021-06-23,Glenn,021,27897,2449,2437,564,3001,20
2021-06-23,Humboldt,023,135768,4502,4490,43,4533,48
2021-06-23,Imperial,025,180216,28762,28908,2693,31601,740
2021-06-23,Inyo,027,18085,1411,1406,12,1418,35
2021-06-23,Kern,029,883053,97883,97078,11021,108099,1345
2021-06-23,Kings,031,150075,23250,23105,1089,24194,245
2021-06-23,Lake,033,64148,3592,3566,13,3579,53
2021-06-23,Lassen,035,31185,5277,5257,115,5372,20
2021-06-23,Los Angeles,037,10098052,1212765,1206358,40797,1247155,24472
2021-06-23,Madera,039,155013,16784,16660,935,17595,240
2021-06-23,Marin,041,260295,14205,14177,260,14437,230
2021-06-23,Mariposa,043,17540,441,439,11,450,5
2021-06-23,Mendocino,045,87422,4171,4078,83,4161,49
2021-06-23,Merced,047,269075,31215,31260,1040,32300,465
2021-06-23,Modoc,049,8938,412,407,146,553,3
2021-06-23,Mono,051,14174,1267,1279,18,1297,3
2021-06-23,Monterey,053,433212,43303,43166,1836,45002,439
2021-06-23,Napa,055,140530,9999,10032,35,10067,80
2021-06-23,Nevada,057,99092,4967,4924,193,5117,72
2021-06-23,Orange,059,3164182,256546,255479,11406,266885,5116
2021-06-23,Placer,061,380077,23815,23630,1533,25163,299
2021-06-23,Plumas,063,18699,720,701,11,712,4
2021-06-23,Riverside,065,2383286,295507,290343,13974,304317,4462
2021-06-23,Sacramento,067,1510023,108215,107868,1813,109681,1671
2021-06-23,San Benito,069,59416,6085,6097,113,6210,63
2021-06-23,San Bernardino,071,2135413,294570,293816,8994,302810,4886
2021-06-23,San Diego,073,3302833,282969,281937,15337,297274,3777
2021-06-23,San Francisco,075,870044,37094,37304,1285,38589,559
2021-06-23,San Joaquin,077,732212,74029,73764,3578,77342,1405
2021-06-23,San Luis Obispo,079,281455,21532,21323,747,22070,257
2021-06-23,San Mateo,081,765935,42690,42756,482,43238,542
2021-06-23,Santa Barbara,083,443738,34610,34505,1120,35625,454
2021-06-23,Santa Clara,085,1922200,119428,120233,763,120996,2098
2021-06-23,Santa Cruz,087,273765,16336,16215,799,17014,209
2021-06-23,Shasta,089,179085,12588,12604,1627,14231,202
2021-06-23,Sierra,091,2930,63,57,12,69,0
2021-06-23,Siskiyou,093,43540,1964,1892,362,2254,28
2021-06-23,Solano,095,438530,33408,33408,566,33974,267
2021-06-23,Sonoma,097,501317,30922,30959,358,31317,314
2021-06-23,Stanislaus,099,539301,57080,56926,5953,62879,1017
2021-06-23,Sutter,101,95872,9608,9653,87,9740,113
2021-06-23,Tehama,103,63373,5149,5119,581,5700,63
2021-06-23,Trinity,105,12862,493,338,95,433,3
2021-06-23,Tulare,107,460477,50438,49711,8997,58708,850
2021-06-23,Tuolumne,109,53932,4078,4120,44,4164,64
2021-06-23,Ventura,111,848112,81751,81312,2993,84305,1032
2021-06-23,Yolo,113,214977,14161,14161,262,14423,212
2021-06-23,Yuba,115,75493,6203,6190,129,6319,51
2021-06-22,Alameda,001,1643700,89243,89308,1939,91247,1263
2021-06-22,Alpine,003,1148,88,88,0,88,0
2021-06-22,Amador,005,37829,3747,3743,32,3775,46
2021-06-22,Butte,007,227075,12761,12662,1883,14545,198
2021-06-22,Calaveras,009,45235,2194,2198,13,2211,55
2021-06-22,Colusa,011,21464,1964,1971,319,2290,15
2021-06-22,Contra Costa,013,1133247,70890,70480,1302,71782,813
2021-06-22,Del Norte,015,27424,1456,1417,13,1430,8
2021-06-22,El Dorado,017,186661,10463,10380,770,11150,113
2021-06-22,Fresno,019,978130,103358,102996,8672,111668,1724
2021-06-22,Glenn,021,27897,2448,2435,562,2997,19
2021-06-22,Humboldt,023,135768,4492,4483,43,4526,42
2021-06-22,Imperial,025,180216,28757,28880,2693,31573,740
2021-06-22,Inyo,027,18085,1411,1405,12,1417,35
2021-06-22,Kern,029,883053,97870,97013,11017,108030,1342
2021-06-22,Kings,031,150075,23242,23098,1088,24186,245
2021-06-22,Lake,033,64148,3590,3564,13,3577,45
2021-06-22,Lassen,035,31185,5272,5254,115,5369,20
2021-06-22,Los Angeles,037,10098052,1212449,1206146,40785,1246931,24461
2021-06-22,Madera,039,155013,16779,16652,935,17587,240
2021-06-22,Marin,041,260295,14203,14174,260,14434,230
2021-06-22,Mariposa,043,17540,441,439,11,450,5
2021-06-22,Mendocino,045,87422,4165,4072,83,4155,49
2021-06-22,Merced,047,269075,31204,31267,1040,32307,464
2021-06-22,Modoc,049,8938,410,405,145,550,3
2021-06-22,Mono,051,14174,1267,1277,18,1295,3
2021-06-22,Monterey,053,433212,43300,43162,1835,44997,427
2021-06-22,Napa,055,140530,9995,10029,35,10064,80
2021-06-22,Nevada,057,99092,4961,4923,193,5116,72
2021-06-22,Orange,059,3164182,256477,255452,11395,266847,5114
2021-06-22,Placer,061,380077,23793,23603,1533,25136,299
2021-06-22,Plumas,063,18699,720,697,11,708,4
2021-06-22,Riverside,065,2383286,295446,289839,13970,303809,4456
2021-06-22,Sacramento,067,1510023,108114,107801,1808,109609,1670
2021-06-22,San Benito,069,59416,6084,6098,113,6211,63
2021-06-22,San Bernardino,071,2135413,294494,293770,8988,302758,4873
2021-06-22,San Diego,073,3302833,282865,281867,15314,297181,3771
2021-06-22,San Francisco,075,870044,37080,37287,1285,38572,556
2021-06-22,San Joaquin,077,732212,73999,73723,3576,77299,1405
2021-06-22,San Luis Obispo,079,281455,21529,21321,746,22067,257
2021-06-22,San Mateo,081,765935,42676,42725,477,43202,542
2021-06-22,Santa Barbara,083,443738,34599,34500,1119,35619,454
2021-06-22,Santa Clara,085,1922200,119396,120194,763,120957,2095
2021-06-22,Santa Cruz,087,273765,16331,16218,799,17017,209
2021-06-22,Shasta,089,179085,12577,12616,1624,14240,202
2021-06-22,Sierra,091,2930,62,57,12,69,0
2021-06-22,Siskiyou,093,43540,1964,1892,362,2254,28
2021-06-22,Solano,095,438530,33390,33397,565,33962,267
2021-06-22,Sonoma,097,501317,30882,30933,358,31291,314
2021-06-22,Stanislaus,099,539301,57064,56915,5951,62866,1017
2021-06-22,Sutter,101,95872,9601,9649,87,9736,113
2021-06-22,Tehama,103,63373,5147,5118,580,5698,63
2021-06-22,Trinity,105,12862,491,337,95,432,3
2021-06-22,Tulare,107,460477,50430,49706,8992,58698,850
2021-06-22,Tuolumne,109,53932,4076,4119,44,4163,64
2021-06-22,Ventura,111,848112,81737,81300,2992,84292,1032
2021-06-22,Yolo,113,214977,14156,14157,260,14417,212
2021-06-22,Yuba,115,75493,6199,6181,129,6310,51
2021-06-21,Alameda,001,1643700,89187,89281,1938,91219,1262
2021-06-21,Alpine,003,1148,88,88,0,88,0
2021-06-21,Amador,005,37829,3741,3742,32,3774,46
2021-06-21,Butte,007,227075,12755,12668,1881,14549,195
2021-06-21,Calaveras,009,45235,2192,2194,13,2207,55
2021-06-21,Colusa,011,21464,1963,1970,318,2288,15
2021-06-21,Contra Costa,013,1133247,70819,70439,1301,71740,813
2021-06-21,Del Norte,015,27424,1452,1416,13,1429,8
2021-06-21,El Dorado,017,186661,10457,10375,769,11144,113
2021-06-21,Fresno,019,978130,103338,102971,8669,111640,1724
2021-06-21,Glenn,021,27897,2447,2433,562,2995,19
2021-06-21,Humboldt,023,135768,4483,4478,42,4520,42
2021-06-21,Imperial,025,180216,28753,28855,2693,31548,740
2021-06-21,Inyo,027,18085,1410,1405,12,1417,35
2021-06-21,Kern,029,883053,97841,96995,11009,108004,1342
2021-06-21,Kings,031,150075,23235,23091,1085,24176,245
2021-06-21,Lake,033,64148,3584,3563,13,3576,45
2021-06-21,Lassen,035,31185,5270,5233,115,5348,19
2021-06-21,Los Angeles,037,10098052,1212155,1205994,40763,1246757,24459
2021-06-21,Madera,039,155013,16770,16647,935,17582,240
2021-06-21,Marin,041,260295,14199,14173,260,14433,230
2021-06-21,Mariposa,043,17540,441,439,11,450,5
2021-06-21,Mendocino,045,87422,4162,4085,83,4168,49
2021-06-21,Merced,047,269075,31194,31264,1039,32303,465
2021-06-21,Modoc,049,8938,410,405,145,550,3
2021-06-21,Mono,051,14174,1267,1277,18,1295,3
2021-06-21,Monterey,053,433212,43297,43157,1835,44992,427
2021-06-21,Napa,055,140530,9990,10028,35,10063,80
2021-06-21,Nevada,057,99092,4957,4921,193,5114,72
2021-06-21,Orange,059,3164182,256404,255400,11388,266788,5113
2021-06-21,Placer,061,380077,23769,23577,1533,25110,298
2021-06-21,Plumas,063,18699,718,697,11,708,4
2021-06-21,Riverside,065,2383286,295370,289797,13965,303762,4456
2021-06-21,Sacramento,067,1510023,108003,107757,1807,109564,1669
2021-06-21,San Benito,069,59416,6080,6098,113,6211,63
2021-06-21,San Bernardino,071,2135413,294407,293736,8984,302720,4850
2021-06-21,San Diego,073,3302833,282760,281811,15294,297105,3771
2021-06-21,San Francisco,075,870044,37064,37275,1284,38559,556
2021-06-21,San Joaquin,077,732212,73958,73687,3575,77262,1405
2021-06-21,San Luis Obispo,079,281455,21520,21316,746,22062,257
2021-06-21,San Mateo,081,765935,42660,42685,476,43161,542
2021-06-21,Santa Barbara,083,443738,34594,34492,1119,35611,455
2021-06-21,Santa Clara,085,1922200,119363,120192,762,120954,2093
2021-06-21,Santa Cruz,087,273765,16329,16212,799,17011,208
2021-06-21,Shasta,089,179085,12564,12617,1621,14238,201
2021-06-21,Sierra,091,2930,62,57,12,69,0
2021-06-21,Siskiyou,093,43540,1964,1892,362,2254,27
2021-06-21,Solano,095,438530,33367,33383,564,33947,266
2021-06-21,Sonoma,097,501317,30859,30912,358,31270,314
2021-06-21,Stanislaus,099,539301,57034,56891,5946,62837,1017
2021-06-21,Sutter,101,95872,9598,9649,87,9736,113
2021-06-21,Tehama,103,63373,5147,5115,579,5694,63
2021-06-21,Trinity,105,12862,491,337,95,432,3
2021-06-21,Tulare,107,460477,50419,49689,8988,58677,849
2021-06-21,Tuolumne,109,53932,4072,4119,44,4163,63
2021-06-21,Ventura,111,848112,81709,81291,2988,84279,1031
2021-06-21,Yolo,113,214977,14150,14165,260,14425,212
2021-06-21,Yuba,115,75493,6198,6172,129,6301,51
2021-06-20,Alameda,001,1643700,89122,89255,1937,91192,1263
2021-06-20,Alpine,003,1148,88,88,0,88,0
2021-06-20,Amador,005,37829,3738,3740,32,3772,46
2021-06-20,Butte,007,227075,12748,12668,1880,14548,194
2021-06-20,Calaveras,009,45235,2191,2193,13,2206,55
2021-06-20,Colusa,011,21464,1963,1970,318,2288,15
2021-06-20,Contra Costa,013,1133247,70762,70401,1299,71700,813
2021-06-20,Del Norte,015,27424,1448,1416,13,1429,8
2021-06-20,El Dorado,017,186661,10443,10372,766,11138,113
2021-06-20,Fresno,019,978130,103297,102947,8666,111613,1724
2021-06-20,Glenn,021,27897,2447,2434,562,2996,19
2021-06-20,Humboldt,023,135768,4477,4472,42,4514,42
2021-06-20,Imperial,025,180216,28744,28855,2693,31548,740
2021-06-20,Inyo,027,18085,1409,1405,12,1417,35
2021-06-20,Kern,029,883053,97820,96985,10998,107983,1342
2021-06-20,Kings,031,150075,23230,23088,1083,24171,245
2021-06-20,Lake,033,64148,3582,3563,13,3576,45
2021-06-20,Lassen,035,31185,5267,5230,115,5345,19
2021-06-20,Los Angeles,037,10098052,1211850,1205874,40755,1246629,24456
2021-06-20,Madera,039,155013,16762,16638,933,17571,240
2021-06-20,Marin,041,260295,14196,14166,260,14426,230
2021-06-20,Mariposa,043,17540,439,439,11,450,5
2021-06-20,Mendocino,045,87422,4155,4080,83,4163,49
2021-06-20,Merced,047,269075,31182,31265,1039,32304,465
2021-06-20,Modoc,049,8938,410,405,145,550,3
2021-06-20,Mono,051,14174,1267,1275,18,1293,3
2021-06-20,Monterey,053,433212,43288,43156,1834,44990,427
2021-06-20,Napa,055,140530,9983,10026,34,10060,80
2021-06-20,Nevada,057,99092,4950,4919,193,5112,72
2021-06-20,Orange,059,3164182,256340,255377,11377,266754,5113
2021-06-20,Placer,061,380077,23735,23562,1529,25091,298
2021-06-20,Plumas,063,18699,717,697,11,708,4
2021-06-20,Riverside,065,2383286,295291,289770,13954,303724,4456
2021-06-20,Sacramento,067,1510023,107891,107700,1804,109504,1669
2021-06-20,San Benito,069,59416,6080,6098,113,6211,63
2021-06-20,San Bernardino,071,2135413,294306,293713,8980,302693,4845
2021-06-20,San Diego,073,3302833,282654,281750,15272,297022,3771
2021-06-20,San Francisco,075,870044,37041,37269,1284,38553,556
2021-06-20,San Joaquin,077,732212,73913,73676,3566,77242,1405
2021-06-20,San Luis Obispo,079,281455,21518,21313,746,22059,257
2021-06-20,San Mateo,081,765935,42631,42681,476,43157,542
2021-06-20,Santa Barbara,083,443738,34585,34487,1119,35606,455
2021-06-20,Santa Clara,085,1922200,119328,120163,762,120925,2093
2021-06-20,Santa Cruz,087,273765,16324,16210,799,17009,208
2021-06-20,Shasta,089,179085,12559,12617,1619,14236,201
2021-06-20,Sierra,091,2930,62,57,12,69,0
2021-06-20,Siskiyou,093,43540,1963,1891,362,2253,27
2021-06-20,Solano,095,438530,33345,33361,562,33923,266
2021-06-20,Sonoma,097,501317,30812,30884,355,31239,314
2021-06-20,Stanislaus,099,539301,57001,56868,5945,62813,1017
2021-06-20,Sutter,101,95872,9595,9645,87,9732,113
2021-06-20,Tehama,103,63373,5143,5115,579,5694,63
2021-06-20,Trinity,105,12862,491,337,95,432,3
2021-06-20,Tulare,107,460477,50410,49685,8986,58671,849
2021-06-20,Tuolumne,109,53932,4069,4117,44,4161,63
2021-06-20,Ventura,111,848112,81693,81282,2986,84268,1031
2021-06-20,Yolo,113,214977,14143,14160,260,14420,212
2021-06-20,Yuba,115,75493,6191,6167,129,6296,51
2021-06-19,Alameda,001,1643700,89087,89202,1937,91139,1263
2021-06-19,Alpine,003,1148,88,88,0,88,0
2021-06-19,Amador,005,37829,3736,3739,32,3771,46
2021-06-19,Butte,007,227075,12744,12659,1880,14539,194
2021-06-19,Calaveras,009,45235,2191,2192,13,2205,55
2021-06-19,Colusa,011,21464,1963,1969,318,2287,15
2021-06-19,Contra Costa,013,1133247,70731,70334,1298,71632,813
2021-06-19,Del Norte,015,27424,1447,1416,13,1429,8
2021-06-19,El Dorado,017,186661,10442,10363,765,11128,113
2021-06-19,Fresno,019,978130,103284,102922,8665,111587,1724
2021-06-19,Glenn,021,27897,2446,2434,561,2995,19
2021-06-19,Humboldt,023,135768,4466,4463,42,4505,42
2021-06-19,Imperial,025,180216,28743,28813,2693,31506,740
2021-06-19,Inyo,027,18085,1409,1405,12,1417,35
2021-06-19,Kern,029,883053,97804,96966,10994,107960,1342
2021-06-19,Kings,031,150075,23227,23086,1083,24169,245
2021-06-19,Lake,033,64148,3578,3563,13,3576,45
2021-06-19,Lassen,035,31185,5266,5225,115,5340,19
2021-06-19,Los Angeles,037,10098052,1211647,1205602,40739,1246341,24454
2021-06-19,Madera,039,155013,16760,16632,933,17565,240
2021-06-19,Marin,041,260295,14188,14152,260,14412,230
2021-06-19,Mariposa,043,17540,439,439,11,450,5
2021-06-19,Mendocino,045,87422,4150,4077,83,4160,49
2021-06-19,Merced,047,269075,31180,31256,1039,32295,465
2021-06-19,Modoc,049,8938,409,402,145,547,3
2021-06-19,Mono,051,14174,1267,1275,18,1293,3
2021-06-19,Monterey,053,433212,43282,43153,1834,44987,427
2021-06-19,Napa,055,140530,9979,10025,34,10059,80
2021-06-19,Nevada,057,99092,4945,4910,193,5103,72
2021-06-19,Orange,059,3164182,256294,255329,11374,266703,5112
2021-06-19,Placer,061,380077,23719,23537,1526,25063,298
2021-06-19,Plumas,063,18699,716,697,11,708,4
2021-06-19,Riverside,065,2383286,295245,289720,13954,303674,4456
2021-06-19,Sacramento,067,1510023,107844,107631,1801,109432,1669
2021-06-19,San Benito,069,59416,6079,6098,113,6211,63
2021-06-19,San Bernardino,071,2135413,294263,293673,8978,302651,4844
2021-06-19,San Diego,073,3302833,282594,281682,15258,296940,3771
2021-06-19,San Francisco,075,870044,37028,37256,1284,38540,556
2021-06-19,San Joaquin,077,732212,73897,73652,3562,77214,1405
2021-06-19,San Luis Obispo,079,281455,21516,21308,744,22052,257
2021-06-19,San Mateo,081,765935,42613,42646,474,43120,542
2021-06-19,Santa Barbara,083,443738,34583,34472,1119,35591,455
2021-06-19,Santa Clara,085,1922200,119305,120110,761,120871,2093
2021-06-19,Santa Cruz,087,273765,16319,16206,799,17005,208
2021-06-19,Shasta,089,179085,12557,12615,1618,14233,201
2021-06-19,Sierra,091,2930,62,57,12,69,0
2021-06-19,Siskiyou,093,43540,1963,1891,362,2253,27
2021-06-19,Solano,095,438530,33335,33341,561,33902,266
2021-06-19,Sonoma,097,501317,30771,30841,355,31196,314
2021-06-19,Stanislaus,099,539301,56982,56847,5942,62789,1017
2021-06-19,Sutter,101,95872,9592,9645,87,9732,113
2021-06-19,Tehama,103,63373,5142,5115,579,5694,63
2021-06-19,Trinity,105,12862,491,337,95,432,3
2021-06-19,Tulare,107,460477,50403,49681,8981,58662,849
2021-06-19,Tuolumne,109,53932,4069,4117,44,4161,63
2021-06-19,Ventura,111,848112,81680,81270,2985,84255,1031
2021-06-19,Yolo,113,214977,14139,14156,259,14415,212
2021-06-19,Yuba,115,75493,6190,6157,129,6286,51
2021-06-18,Alameda,001,1643700,89050,89123,1937,91060,1263
2021-06-18,Alpine,003,1148,88,88,0,88,0
2021-06-18,Amador,005,37829,3736,3739,32,3771,46
2021-06-18,Butte,007,227075,12741,12653,1877,14530,194
2021-06-18,Calaveras,009,45235,2191,2191,13,2204,55
2021-06-18,Colusa,011,21464,1962,1969,318,2287,15
2021-06-18,Contra Costa,013,1133247,70689,70271,1296,71567,813
2021-06-18,Del Norte,015,27424,1447,1415,13,1428,8
2021-06-18,El Dorado,017,186661,10439,10348,763,11111,113
2021-06-18,Fresno,019,978130,103268,102894,8663,111557,1722
2021-06-18,Glenn,021,27897,2445,2430,561,2991,19
2021-06-18,Humboldt,023,135768,4458,4450,42,4492,42
2021-06-18,Imperial,025,180216,28741,28809,2693,31502,740
2021-06-18,Inyo,027,18085,1409,1405,12,1417,35
2021-06-18,Kern,029,883053,97793,96948,10988,107936,1341
2021-06-18,Kings,031,150075,23222,23082,1083,24165,245
2021-06-18,Lake,033,64148,3574,3563,13,3576,45
2021-06-18,Lassen,035,31185,5265,5224,115,5339,19
2021-06-18,Los Angeles,037,10098052,1211480,1205472,40723,1246195,24451
2021-06-18,Madera,039,155013,16754,16625,933,17558,241
2021-06-18,Marin,041,260295,14185,14147,260,14407,230
2021-06-18,Mariposa,043,17540,439,439,11,450,5
2021-06-18,Mendocino,045,87422,4145,4068,83,4151,49
2021-06-18,Merced,047,269075,31178,31262,1039,32301,464
2021-06-18,Modoc,049,8938,409,402,145,547,3
2021-06-18,Mono,051,14174,1266,1275,17,1292,3
2021-06-18,Monterey,053,433212,43279,43148,1834,44982,427
2021-06-18,Napa,055,140530,9975,10021,34,10055,80
2021-06-18,Nevada,057,99092,4937,4903,193,5096,72
2021-06-18,Orange,059,3164182,256257,255274,11371,266645,5108
2021-06-18,Placer,061,380077,23711,23500,1523,25023,298
2021-06-18,Plumas,063,18699,716,697,11,708,4
2021-06-18,Riverside,065,2383286,295196,289676,13953,303629,4457
2021-06-18,Sacramento,067,1510023,107796,107570,1801,109371,1669
2021-06-18,San Benito,069,59416,6078,6097,113,6210,63
2021-06-18,San Bernardino,071,2135413,294219,293629,8974,302603,4826
2021-06-18,San Diego,073,3302833,282518,281608,15247,296855,3771
2021-06-18,San Francisco,075,870044,37019,37246,1284,38530,556
2021-06-18,San Joaquin,077,732212,73879,73623,3560,77183,1403
2021-06-18,San Luis Obispo,079,281455,21512,21301,742,22043,257
2021-06-18,San Mateo,081,765935,42602,42630,473,43103,542
2021-06-18,Santa Barbara,083,443738,34573,34469,1119,35588,455
2021-06-18,Santa Clara,085,1922200,119284,120081,759,120840,2093
2021-06-18,Santa Cruz,087,273765,16315,16202,799,17001,208
2021-06-18,Shasta,089,179085,12553,12607,1616,14223,201
2021-06-18,Sierra,091,2930,61,57,12,69,0
2021-06-18,Siskiyou,093,43540,1963,1890,362,2252,27
2021-06-18,Solano,095,438530,33321,33323,561,33884,266
2021-06-18,Sonoma,097,501317,30753,30816,354,31170,313
2021-06-18,Stanislaus,099,539301,56967,56803,5940,62743,1012
2021-06-18,Sutter,101,95872,9589,9643,87,9730,113
2021-06-18,Tehama,103,63373,5140,5114,579,5693,63
2021-06-18,Trinity,105,12862,491,337,94,431,3
2021-06-18,Tulare,107,460477,50401,49664,8974,58638,849
2021-06-18,Tuolumne,109,53932,4066,4116,44,4160,63
2021-06-18,Ventura,111,848112,81670,81256,2980,84236,1031
2021-06-18,Yolo,113,214977,14136,14148,257,14405,212
2021-06-18,Yuba,115,75493,6184,6150,129,6279,51
2021-06-17,Alameda,001,1643700,89004,89087,1937,91024,1262
2021-06-17,Alpine,003,1148,88,88,0,88,0
2021-06-17,Amador,005,37829,3734,3731,32,3763,46
2021-06-17,Butte,007,227075,12731,12644,1876,14520,194
2021-06-17,Calaveras,009,45235,2190,2189,13,2202,55
2021-06-17,Colusa,011,21464,1961,1969,318,2287,15
2021-06-17,Contra Costa,013,1133247,70650,70190,1292,71482,810
2021-06-17,Del Norte,015,27424,1445,1413,13,1426,8
2021-06-17,El Dorado,017,186661,10429,10341,763,11104,113
2021-06-17,Fresno,019,978130,103242,102867,8659,111526,1722
2021-06-17,Glenn,021,27897,2445,2430,561,2991,19
2021-06-17,Humboldt,023,135768,4449,4438,42,4480,42
2021-06-17,Imperial,025,180216,28733,28801,2693,31494,741
2021-06-17,Inyo,027,18085,1409,1405,12,1417,35
2021-06-17,Kern,029,883053,97778,96840,10982,107822,1340
2021-06-17,Kings,031,150075,23218,23078,1082,24160,245
2021-06-17,Lake,033,64148,3571,3563,9,3572,45
2021-06-17,Lassen,035,31185,5261,5223,115,5338,19
2021-06-17,Los Angeles,037,10098052,1211265,1205301,40696,1245997,24444
2021-06-17,Madera,039,155013,16749,16618,933,17551,241
2021-06-17,Marin,041,260295,14185,14141,260,14401,229
2021-06-17,Mariposa,043,17540,439,439,11,450,5
2021-06-17,Mendocino,045,87422,4138,4054,83,4137,49
2021-06-17,Merced,047,269075,31173,31262,1039,32301,464
2021-06-17,Modoc,049,8938,408,401,145,546,3
2021-06-17,Mono,051,14174,1265,1275,17,1292,3
2021-06-17,Monterey,053,433212,43271,43140,1834,44974,416
2021-06-17,Napa,055,140530,9975,10014,34,10048,80
2021-06-17,Nevada,057,99092,4933,4898,193,5091,72
2021-06-17,Orange,059,3164182,256212,255240,11361,266601,5109
2021-06-17,Placer,061,380077,23695,23461,1521,24982,298
2021-06-17,Plumas,063,18699,715,697,11,708,4
2021-06-17,Riverside,065,2383286,295142,289627,13951,303578,4458
2021-06-17,Sacramento,067,1510023,107732,107492,1799,109291,1666
2021-06-17,San Benito,069,59416,6078,6097,113,6210,63
2021-06-17,San Bernardino,071,2135413,294178,293560,8974,302534,4811
2021-06-17,San Diego,073,3302833,282442,281531,15233,296764,3771
2021-06-17,San Francisco,075,870044,37007,37243,1283,38526,556
2021-06-17,San Joaquin,077,732212,73856,73560,3555,77115,1403
2021-06-17,San Luis Obispo,079,281455,21510,21297,742,22039,257
2021-06-17,San Mateo,081,765935,42596,42615,473,43088,542
2021-06-17,Santa Barbara,083,443738,34567,34466,1119,35585,453
2021-06-17,Santa Clara,085,1922200,119259,120032,758,120790,2093
2021-06-17,Santa Cruz,087,273765,16311,16197,799,16996,208
2021-06-17,Shasta,089,179085,12545,12597,1616,14213,201
2021-06-17,Sierra,091,2930,61,56,12,68,0
2021-06-17,Siskiyou,093,43540,1962,1889,362,2251,27
2021-06-17,Solano,095,438530,33300,33296,560,33856,266
2021-06-17,Sonoma,097,501317,30723,30793,354,31147,323
2021-06-17,Stanislaus,099,539301,56936,56752,5935,62687,1012
2021-06-17,Sutter,101,95872,9586,9629,87,9716,113
2021-06-17,Tehama,103,63373,5139,5112,577,5689,63
2021-06-17,Trinity,105,12862,490,337,94,431,3
2021-06-17,Tulare,107,460477,50396,49649,8966,58615,849
2021-06-17,Tuolumne,109,53932,4065,4116,44,4160,63
2021-06-17,Ventura,111,848112,81661,81248,2977,84225,1030
2021-06-17,Yolo,113,214977,14128,14141,257,14398,212
2021-06-17,Yuba,115,75493,6175,6140,129,6269,51
2021-06-16,Alameda,001,1643700,88955,89045,1936,90981,1265
2021-06-16,Alpine,003,1148,88,88,0,88,0
2021-06-16,Amador,005,37829,3733,3730,32,3762,46
2021-06-16,Butte,007,227075,12729,12635,1874,14509,194
2021-06-16,Calaveras,009,45235,2188,2188,13,2201,55
2021-06-16,Colusa,011,21464,1961,1967,318,2285,15
2021-06-16,Contra Costa,013,1133247,70598,70136,1291,71427,810
2021-06-16,Del Norte,015,27424,1442,1413,13,1426,8
2021-06-16,El Dorado,017,186661,10423,10334,762,11096,113
2021-06-16,Fresno,019,978130,103211,102842,8655,111497,1722
2021-06-16,Glenn,021,27897,2445,2430,561,2991,19
2021-06-16,Humboldt,023,135768,4440,4427,41,4468,42
2021-06-16,Imperial,025,180216,28730,28796,2693,31489,741
2021-06-16,Inyo,027,18085,1408,1405,12,1417,35
2021-06-16,Kern,029,883053,97756,96789,10975,107764,1339
2021-06-16,Kings,031,150075,23217,23072,1081,24153,245
2021-06-16,Lake,033,64148,3571,3562,9,3571,45
2021-06-16,Lassen,035,31185,5258,5216,115,5331,19
2021-06-16,Los Angeles,037,10098052,1211041,1205102,40686,1245788,24439
2021-06-16,Madera,039,155013,16745,16603,933,17536,240
2021-06-16,Marin,041,260295,14183,14137,260,14397,229
2021-06-16,Mariposa,043,17540,439,437,11,448,5
2021-06-16,Mendocino,045,87422,4130,4041,83,4124,49
2021-06-16,Merced,047,269075,31165,31250,1039,32289,463
2021-06-16,Modoc,049,8938,407,383,144,527,3
2021-06-16,Mono,051,14174,1265,1275,17,1292,3
2021-06-16,Monterey,053,433212,43268,43122,1834,44956,416
2021-06-16,Napa,055,140530,9971,10011,34,10045,80
2021-06-16,Nevada,057,99092,4928,4894,193,5087,72
2021-06-16,Orange,059,3164182,256158,255188,11353,266541,5109
2021-06-16,Placer,061,380077,23685,23425,1517,24942,298
2021-06-16,Plumas,063,18699,715,697,11,708,4
2021-06-16,Riverside,065,2383286,295081,289539,13949,303488,4457
2021-06-16,Sacramento,067,1510023,107662,107422,1795,109217,1665
2021-06-16,San Benito,069,59416,6078,6090,113,6203,63
2021-06-16,San Bernardino,071,2135413,294129,293499,8972,302471,4797
2021-06-16,San Diego,073,3302833,282363,281423,15220,296643,3770
2021-06-16,San Francisco,075,870044,36994,37222,1281,38503,555
2021-06-16,San Joaquin,077,732212,73818,73530,3551,77081,1399
2021-06-16,San Luis Obispo,079,281455,21505,21294,742,22036,257
2021-06-16,San Mateo,081,765935,42580,42601,473,43074,542
2021-06-16,Santa Barbara,083,443738,34561,34459,1119,35578,460
2021-06-16,Santa Clara,085,1922200,119227,119982,758,120740,2087
2021-06-16,Santa Cruz,087,273765,16308,16187,799,16986,208
2021-06-16,Shasta,089,179085,12540,12592,1615,14207,200
2021-06-16,Sierra,091,2930,61,56,12,68,0
2021-06-16,Siskiyou,093,43540,1961,1886,362,2248,26
2021-06-16,Solano,095,438530,33272,33276,560,33836,266
2021-06-16,Sonoma,097,501317,30687,30741,354,31095,323
2021-06-16,Stanislaus,099,539301,56905,56738,5933,62671,984
2021-06-16,Sutter,101,95872,9582,9620,87,9707,113
2021-06-16,Tehama,103,63373,5137,5106,577,5683,63
2021-06-16,Trinity,105,12862,489,332,94,426,3
2021-06-16,Tulare,107,460477,50391,49578,8962,58540,849
2021-06-16,Tuolumne,109,53932,4065,4110,44,4154,63
2021-06-16,Ventura,111,848112,81647,81229,2975,84204,1029
2021-06-16,Yolo,113,214977,14119,14135,256,14391,212
2021-06-16,Yuba,115,75493,6165,6134,129,6263,51
2021-06-15,Alameda,001,1643700,88914,89008,1936,90944,1262
2021-06-15,Alpine,003,1148,88,88,0,88,0
2021-06-15,Amador,005,37829,3730,3723,32,3755,46
2021-06-15,Butte,007,227075,12721,12620,1873,14493,194
2021-06-15,Calaveras,009,45235,2187,2188,13,2201,55
2021-06-15,Colusa,011,21464,1961,1967,316,2283,15
2021-06-15,Contra Costa,013,1133247,70536,70101,1291,71392,810
2021-06-15,Del Norte,015,27424,1441,1411,13,1424,8
2021-06-15,El Dorado,017,186661,10414,10330,762,11092,113
2021-06-15,Fresno,019,978130,103179,102828,8654,111482,1722
2021-06-15,Glenn,021,27897,2444,2426,561,2987,19
2021-06-15,Humboldt,023,135768,4431,4414,40,4454,42
2021-06-15,Imperial,025,180216,28724,28789,2693,31482,741
2021-06-15,Inyo,027,18085,1408,1405,12,1417,35
2021-06-15,Kern,029,883053,97728,96782,10967,107749,1338
2021-06-15,Kings,031,150075,23211,23070,1079,24149,245
2021-06-15,Lake,033,64148,3570,3559,9,3568,45
2021-06-15,Lassen,035,31185,5257,5211,115,5326,19
2021-06-15,Los Angeles,037,10098052,1210816,1204926,40678,1245604,24435
2021-06-15,Madera,039,155013,16738,16600,932,17532,240
2021-06-15,Marin,041,260295,14175,14135,260,14395,229
2021-06-15,Mariposa,043,17540,439,437,11,448,5
2021-06-15,Mendocino,045,87422,4123,4034,83,4117,49
2021-06-15,Merced,047,269075,31159,31244,1039,32283,461
2021-06-15,Modoc,049,8938,406,383,144,527,3
2021-06-15,Mono,051,14174,1265,1275,17,1292,3
2021-06-15,Monterey,053,433212,43262,43118,1834,44952,416
2021-06-15,Napa,055,140530,9969,10010,34,10044,80
2021-06-15,Nevada,057,99092,4925,4888,193,5081,72
2021-06-15,Orange,059,3164182,256117,255127,11344,266471,5105
2021-06-15,Placer,061,380077,23663,23396,1516,24912,298
2021-06-15,Plumas,063,18699,714,697,11,708,4
2021-06-15,Riverside,065,2383286,295021,289508,13945,303453,4455
2021-06-15,Sacramento,067,1510023,107587,107370,1789,109159,1662
2021-06-15,San Benito,069,59416,6077,6089,113,6202,63
2021-06-15,San Bernardino,071,2135413,294079,293463,8966,302429,4790
2021-06-15,San Diego,073,3302833,282279,281375,15205,296580,3770
2021-06-15,San Francisco,075,870044,36985,37210,1280,38490,555
2021-06-15,San Joaquin,077,732212,73778,73494,3546,77040,1399
2021-06-15,San Luis Obispo,079,281455,21500,21293,741,22034,257
2021-06-15,San Mateo,081,765935,42567,42593,473,43066,543
2021-06-15,Santa Barbara,083,443738,34556,34451,1119,35570,460
2021-06-15,Santa Clara,085,1922200,119189,119963,758,120721,2086
2021-06-15,Santa Cruz,087,273765,16302,16180,798,16978,208
2021-06-15,Shasta,089,179085,12534,12583,1615,14198,201
2021-06-15,Sierra,091,2930,60,55,12,67,0
2021-06-15,Siskiyou,093,43540,1960,1887,362,2249,26
2021-06-15,Solano,095,438530,33253,33264,560,33824,266
2021-06-15,Sonoma,097,501317,30648,30707,353,31060,323
2021-06-15,Stanislaus,099,539301,56877,56724,5930,62654,979
2021-06-15,Sutter,101,95872,9573,9616,87,9703,113
2021-06-15,Tehama,103,63373,5135,5102,577,5679,63
2021-06-15,Trinity,105,12862,488,332,93,425,3
2021-06-15,Tulare,107,460477,50385,49561,8959,58520,848
2021-06-15,Tuolumne,109,53932,4065,4111,44,4155,63
2021-06-15,Ventura,111,848112,81636,81215,2972,84187,1029
2021-06-15,Yolo,113,214977,14115,14127,254,14381,212
2021-06-15,Yuba,115,75493,6154,6130,129,6259,51
2021-06-14,Alameda,001,1643700,88866,88966,1936,90902,1264
2021-06-14,Alpine,003,1148,88,88,0,88,0
2021-06-14,Amador,005,37829,3729,3722,32,3754,46
2021-06-14,Butte,007,227075,12710,12613,1869,14482,194
2021-06-14,Calaveras,009,45235,2186,2190,13,2203,55
2021-06-14,Colusa,011,21464,1960,1966,316,2282,15
2021-06-14,Contra Costa,013,1133247,70483,70069,1289,71358,810
2021-06-14,Del Norte,015,27424,1441,1411,13,1424,8
2021-06-14,El Dorado,017,186661,10405,10327,760,11087,113
2021-06-14,Fresno,019,978130,103157,102812,8652,111464,1719
2021-06-14,Glenn,021,27897,2444,2426,561,2987,19
2021-06-14,Humboldt,023,135768,4423,4407,39,4446,42
2021-06-14,Imperial,025,180216,28712,28836,2693,31529,741
2021-06-14,Inyo,027,18085,1407,1405,12,1417,35
2021-06-14,Kern,029,883053,97708,96760,10957,107717,1337
2021-06-14,Kings,031,150075,23208,23071,1078,24149,245
2021-06-14,Lake,033,64148,3569,3557,9,3566,45
2021-06-14,Lassen,035,31185,5254,5209,114,5323,19
2021-06-14,Los Angeles,037,10098052,1210574,1204748,40668,1245416,24434
2021-06-14,Madera,039,155013,16732,16597,931,17528,240
2021-06-14,Marin,041,260295,14173,14133,260,14393,229
2021-06-14,Mariposa,043,17540,438,437,11,448,5
2021-06-14,Mendocino,045,87422,4117,4028,83,4111,49
2021-06-14,Merced,047,269075,31150,31241,1038,32279,461
2021-06-14,Modoc,049,8938,397,382,142,524,3
2021-06-14,Mono,051,14174,1265,1275,17,1292,3
2021-06-14,Monterey,053,433212,43259,43110,1834,44944,415
2021-06-14,Napa,055,140530,9965,10000,34,10034,80
2021-06-14,Nevada,057,99092,4918,4885,193,5078,72
2021-06-14,Orange,059,3164182,256079,255069,11340,266409,5103
2021-06-14,Placer,061,380077,23638,23379,1515,24894,298
2021-06-14,Plumas,063,18699,714,696,11,707,4
2021-06-14,Riverside,065,2383286,294967,289476,13945,303421,4453
2021-06-14,Sacramento,067,1510023,107532,107334,1783,109117,1661
2021-06-14,San Benito,069,59416,6077,6087,113,6200,63
2021-06-14,San Bernardino,071,2135413,294023,293446,8962,302408,4790
2021-06-14,San Diego,073,3302833,282173,281314,15185,296499,3770
2021-06-14,San Francisco,075,870044,36971,37206,1280,38486,555
2021-06-14,San Joaquin,077,732212,73749,73453,3546,76999,1398
2021-06-14,San Luis Obispo,079,281455,21498,21302,741,22043,256
2021-06-14,San Mateo,081,765935,42554,42619,472,43091,543
2021-06-14,Santa Barbara,083,443738,34553,34449,1119,35568,460
2021-06-14,Santa Clara,085,1922200,119158,119957,757,120714,2085
2021-06-14,Santa Cruz,087,273765,16299,16175,798,16973,208
2021-06-14,Shasta,089,179085,12523,12561,1612,14173,201
2021-06-14,Sierra,091,2930,59,55,12,67,0
2021-06-14,Siskiyou,093,43540,1960,1886,362,2248,26
2021-06-14,Solano,095,438530,33236,33243,559,33802,266
2021-06-14,Sonoma,097,501317,30616,30679,352,31031,323
2021-06-14,Stanislaus,099,539301,56840,56689,5927,62616,975
2021-06-14,Sutter,101,95872,9570,9607,87,9694,112
2021-06-14,Tehama,103,63373,5133,5102,577,5679,63
2021-06-14,Trinity,105,12862,488,332,93,425,3
2021-06-14,Tulare,107,460477,50380,49538,8956,58494,848
2021-06-14,Tuolumne,109,53932,4062,4108,44,4152,63
2021-06-14,Ventura,111,848112,81626,81209,2972,84181,1028
2021-06-14,Yolo,113,214977,14107,14123,254,14377,212
2021-06-14,Yuba,115,75493,6147,6127,129,6256,50
2021-06-13,Alameda,001,1643700,88808,88947,1935,90882,1264
2021-06-13,Alpine,003,1148,87,88,0,88,0
2021-06-13,Amador,005,37829,3725,3721,32,3753,46
2021-06-13,Butte,007,227075,12699,12586,1866,14452,194
2021-06-13,Calaveras,009,45235,2186,2189,13,2202,55
2021-06-13,Colusa,011,21464,1960,1965,315,2280,15
2021-06-13,Contra Costa,013,1133247,70430,70040,1287,71327,810
2021-06-13,Del Norte,015,27424,1439,1412,13,1425,8
2021-06-13,El Dorado,017,186661,10396,10324,760,11084,113
2021-06-13,Fresno,019,978130,103127,102795,8647,111442,1719
2021-06-13,Glenn,021,27897,2443,2425,559,2984,19
2021-06-13,Humboldt,023,135768,4410,4401,39,4440,42
2021-06-13,Imperial,025,180216,28703,28800,2693,31493,741
2021-06-13,Inyo,027,18085,1407,1405,12,1417,35
2021-06-13,Kern,029,883053,97684,96743,10945,107688,1337
2021-06-13,Kings,031,150075,23203,23069,1077,24146,245
2021-06-13,Lake,033,64148,3569,3556,9,3565,45
2021-06-13,Lassen,035,31185,5249,5209,114,5323,19
2021-06-13,Los Angeles,037,10098052,1210306,1204614,40657,1245271,24433
2021-06-13,Madera,039,155013,16718,16590,931,17521,240
2021-06-13,Marin,041,260295,14167,14126,260,14386,229
2021-06-13,Mariposa,043,17540,438,434,11,445,5
2021-06-13,Mendocino,045,87422,4110,4026,83,4109,49
2021-06-13,Merced,047,269075,31144,31240,1037,32277,461
2021-06-13,Modoc,049,8938,395,382,140,522,3
2021-06-13,Mono,051,14174,1265,1275,17,1292,3
2021-06-13,Monterey,053,433212,43251,43108,1834,44942,415
2021-06-13,Napa,055,140530,9959,9995,34,10029,80
2021-06-13,Nevada,057,99092,4913,4883,193,5076,72
2021-06-13,Orange,059,3164182,256024,255043,11337,266380,5103
2021-06-13,Placer,061,380077,23612,23365,1513,24878,295
2021-06-13,Plumas,063,18699,713,696,11,707,4
2021-06-13,Riverside,065,2383286,294900,289447,13942,303389,4453
2021-06-13,Sacramento,067,1510023,107456,107289,1780,109069,1658
2021-06-13,San Benito,069,59416,6077,6086,113,6199,63
2021-06-13,San Bernardino,071,2135413,293971,293416,8957,302373,4788
2021-06-13,San Diego,073,3302833,282094,281268,15169,296437,3770
2021-06-13,San Francisco,075,870044,36959,37197,1280,38477,555
2021-06-13,San Joaquin,077,732212,73714,73438,3544,76982,1398
2021-06-13,San Luis Obispo,079,281455,21492,21298,740,22038,256
2021-06-13,San Mateo,081,765935,42541,42611,472,43083,542
2021-06-13,Santa Barbara,083,443738,34542,34449,1118,35567,460
2021-06-13,Santa Clara,085,1922200,119134,119946,757,120703,2085
2021-06-13,Santa Cruz,087,273765,16292,16172,798,16970,208
2021-06-13,Shasta,089,179085,12514,12560,1611,14171,201
2021-06-13,Sierra,091,2930,59,55,12,67,0
2021-06-13,Siskiyou,093,43540,1959,1885,362,2247,26
2021-06-13,Solano,095,438530,33215,33234,559,33793,266
2021-06-13,Sonoma,097,501317,30581,30663,350,31013,323
2021-06-13,Stanislaus,099,539301,56814,56671,5924,62595,975
2021-06-13,Sutter,101,95872,9563,9603,87,9690,112
2021-06-13,Tehama,103,63373,5131,5100,577,5677,63
2021-06-13,Trinity,105,12862,487,332,93,425,3
2021-06-13,Tulare,107,460477,50371,49537,8951,58488,848
2021-06-13,Tuolumne,109,53932,4060,4107,43,4150,63
2021-06-13,Ventura,111,848112,81612,81201,2972,84173,1028
2021-06-13,Yolo,113,214977,14098,14120,252,14372,212
2021-06-13,Yuba,115,75493,6140,6125,129,6254,50
2021-06-12,Alameda,001,1643700,88781,88901,1935,90836,1271
2021-06-12,Alpine,003,1148,87,88,0,88,0
2021-06-12,Amador,005,37829,3724,3721,32,3753,46
2021-06-12,Butte,007,227075,12695,12576,1865,14441,194
2021-06-12,Calaveras,009,45235,2186,2189,13,2202,55
2021-06-12,Colusa,011,21464,1960,1965,315,2280,15
2021-06-12,Contra Costa,013,1133247,70399,69989,1285,71274,810
2021-06-12,Del Norte,015,27424,1439,1412,13,1425,8
2021-06-12,El Dorado,017,186661,10391,10320,759,11079,113
2021-06-12,Fresno,019,978130,103117,102783,8646,111429,1720
2021-06-12,Glenn,021,27897,2441,2425,559,2984,19
2021-06-12,Humboldt,023,135768,4402,4396,39,4435,42
2021-06-12,Imperial,025,180216,28700,28799,2693,31492,741
2021-06-12,Inyo,027,18085,1407,1405,12,1417,35
2021-06-12,Kern,029,883053,97669,96731,10941,107672,1337
2021-06-12,Kings,031,150075,23201,23067,1077,24144,245
2021-06-12,Lake,033,64148,3568,3552,9,3561,45
2021-06-12,Lassen,035,31185,5249,5208,114,5322,19
2021-06-12,Los Angeles,037,10098052,1210169,1204439,40651,1245090,24434
2021-06-12,Madera,039,155013,16714,16586,931,17517,240
2021-06-12,Marin,041,260295,14164,14121,260,14381,229
2021-06-12,Mariposa,043,17540,438,434,11,445,5
2021-06-12,Mendocino,045,87422,4107,4024,83,4107,49
2021-06-12,Merced,047,269075,31141,31236,1037,32273,461
2021-06-12,Modoc,049,8938,394,382,140,522,3
2021-06-12,Mono,051,14174,1265,1275,17,1292,3
2021-06-12,Monterey,053,433212,43246,43103,1834,44937,415
2021-06-12,Napa,055,140530,9955,9986,34,10020,80
2021-06-12,Nevada,057,99092,4907,4878,193,5071,72
2021-06-12,Orange,059,3164182,255992,255004,11335,266339,5103
2021-06-12,Placer,061,380077,23593,23345,1513,24858,295
2021-06-12,Plumas,063,18699,713,696,11,707,4
2021-06-12,Riverside,065,2383286,294858,289413,13939,303352,4453
2021-06-12,Sacramento,067,1510023,107397,107199,1777,108976,1658
2021-06-12,San Benito,069,59416,6075,6083,113,6196,63
2021-06-12,San Bernardino,071,2135413,293936,293375,8955,302330,4788
2021-06-12,San Diego,073,3302833,282037,281203,15160,296363,3770
2021-06-12,San Francisco,075,870044,36949,37189,1280,38469,555
2021-06-12,San Joaquin,077,732212,73695,73413,3543,76956,1398
2021-06-12,San Luis Obispo,079,281455,21489,21293,740,22033,256
2021-06-12,San Mateo,081,765935,42535,42604,472,43076,542
2021-06-12,Santa Barbara,083,443738,34537,34450,1118,35568,460
2021-06-12,Santa Clara,085,1922200,119094,119894,757,120651,2085
2021-06-12,Santa Cruz,087,273765,16284,16170,798,16968,208
2021-06-12,Shasta,089,179085,12511,12556,1610,14166,201
2021-06-12,Sierra,091,2930,59,55,12,67,0
2021-06-12,Siskiyou,093,43540,1958,1884,362,2246,25
2021-06-12,Solano,095,438530,33206,33219,559,33778,266
2021-06-12,Sonoma,097,501317,30552,30647,350,30997,323
2021-06-12,Stanislaus,099,539301,56797,56649,5923,62572,974
2021-06-12,Sutter,101,95872,9559,9603,87,9690,112
2021-06-12,Tehama,103,63373,5131,5099,576,5675,63
2021-06-12,Trinity,105,12862,487,332,93,425,3
2021-06-12,Tulare,107,460477,50366,49533,8944,58477,848
2021-06-12,Tuolumne,109,53932,4059,4105,43,4148,63
2021-06-12,Ventura,111,848112,81600,81197,2972,84169,1028
2021-06-12,Yolo,113,214977,14095,14118,251,14369,212
2021-06-12,Yuba,115,75493,6135,6120,129,6249,50
2021-06-11,Alameda,001,1643700,88753,88844,1935,90779,1278
2021-06-11,Alpine,003,1148,87,88,0,88,0
2021-06-11,Amador,005,37829,3723,3710,32,3742,46
2021-06-11,Butte,007,227075,12691,12576,1863,14439,194
2021-06-11,Calaveras,009,45235,2186,2188,13,2201,55
2021-06-11,Colusa,011,21464,1959,1964,315,2279,15
2021-06-11,Contra Costa,013,1133247,70366,69940,1283,71223,808
2021-06-11,Del Norte,015,27424,1439,1409,13,1422,8
2021-06-11,El Dorado,017,186661,10388,10316,759,11075,113
2021-06-11,Fresno,019,978130,103098,102770,8645,111415,1720
2021-06-11,Glenn,021,27897,2441,2425,559,2984,19
2021-06-11,Humboldt,023,135768,4398,4389,39,4428,42
2021-06-11,Imperial,025,180216,28695,28793,2693,31486,741
2021-06-11,Inyo,027,18085,1407,1405,12,1417,35
2021-06-11,Kern,029,883053,97657,96718,10938,107656,1340
2021-06-11,Kings,031,150075,23197,23069,1076,24145,245
2021-06-11,Lake,033,64148,3567,3550,9,3559,45
2021-06-11,Lassen,035,31185,5248,5204,114,5318,18
2021-06-11,Los Angeles,037,10098052,1210019,1204259,40636,1244895,24434
2021-06-11,Madera,039,155013,16711,16582,931,17513,240
2021-06-11,Marin,041,260295,14161,14116,260,14376,229
2021-06-11,Mariposa,043,17540,438,434,11,445,5
2021-06-11,Mendocino,045,87422,4104,4022,83,4105,49
2021-06-11,Merced,047,269075,31136,31231,1037,32268,461
2021-06-11,Modoc,049,8938,394,382,139,521,3
2021-06-11,Mono,051,14174,1265,1274,17,1291,3
2021-06-11,Monterey,053,433212,43242,43097,1834,44931,415
2021-06-11,Napa,055,140530,9952,9977,34,10011,80
2021-06-11,Nevada,057,99092,4905,4873,193,5066,72
2021-06-11,Orange,059,3164182,255958,254975,11332,266307,5101
2021-06-11,Placer,061,380077,23588,23330,1513,24843,294
2021-06-11,Plumas,063,18699,713,696,11,707,4
2021-06-11,Riverside,065,2383286,294820,289376,13934,303310,4451
2021-06-11,Sacramento,067,1510023,107338,107119,1776,108895,1659
2021-06-11,San Benito,069,59416,6074,6082,113,6195,63
2021-06-11,San Bernardino,071,2135413,293900,293335,8951,302286,4788
2021-06-11,San Diego,073,3302833,281997,281144,15153,296297,3768
2021-06-11,San Francisco,075,870044,36944,37177,1280,38457,555
2021-06-11,San Joaquin,077,732212,73678,73347,3540,76887,1397
2021-06-11,San Luis Obispo,079,281455,21488,21288,740,22028,256
2021-06-11,San Mateo,081,765935,42521,42585,472,43057,542
2021-06-11,Santa Barbara,083,443738,34534,34438,1118,35556,460
2021-06-11,Santa Clara,085,1922200,119074,119860,757,120617,2083
2021-06-11,Santa Cruz,087,273765,16276,16164,798,16962,208
2021-06-11,Shasta,089,179085,12503,12550,1608,14158,201
2021-06-11,Sierra,091,2930,59,55,12,67,0
2021-06-11,Siskiyou,093,43540,1957,1882,362,2244,25
2021-06-11,Solano,095,438530,33186,33179,558,33737,266
2021-06-11,Sonoma,097,501317,30534,30624,350,30974,323
2021-06-11,Stanislaus,099,539301,56771,56617,5919,62536,974
2021-06-11,Sutter,101,95872,9556,9600,86,9686,112
2021-06-11,Tehama,103,63373,5130,5099,576,5675,63
2021-06-11,Trinity,105,12862,487,331,93,424,3
2021-06-11,Tulare,107,460477,50360,49516,8943,58459,848
2021-06-11,Tuolumne,109,53932,4056,4104,43,4147,63
2021-06-11,Ventura,111,848112,81590,81189,2972,84161,1026
2021-06-11,Yolo,113,214977,14088,14111,247,14358,212
2021-06-11,Yuba,115,75493,6131,6113,129,6242,50
2021-06-10,Alameda,001,1643700,88709,88806,1934,90740,1275
2021-06-10,Alpine,003,1148,87,88,0,88,0
2021-06-10,Amador,005,37829,3719,3709,32,3741,46
2021-06-10,Butte,007,227075,12674,12565,1863,14428,194
2021-06-10,Calaveras,009,45235,2185,2188,13,2201,55
2021-06-10,Colusa,011,21464,1957,1964,315,2279,15
2021-06-10,Contra Costa,013,1133247,70312,69876,1283,71159,807
2021-06-10,Del Norte,015,27424,1439,1405,13,1418,8
2021-06-10,El Dorado,017,186661,10381,10314,755,11069,113
2021-06-10,Fresno,019,978130,103072,102724,8644,111368,1717
2021-06-10,Glenn,021,27897,2441,2425,559,2984,19
2021-06-10,Humboldt,023,135768,4390,4384,39,4423,42
2021-06-10,Imperial,025,180216,28689,28779,2693,31472,739
2021-06-10,Inyo,027,18085,1407,1405,12,1417,35
2021-06-10,Kern,029,883053,97643,96706,10933,107639,1336
2021-06-10,Kings,031,150075,23196,23067,1076,24143,245
2021-06-10,Lake,033,64148,3562,3550,9,3559,45
2021-06-10,Lassen,035,31185,5246,5201,114,5315,18
2021-06-10,Los Angeles,037,10098052,1209853,1204110,40621,1244731,24440
2021-06-10,Madera,039,155013,16704,16581,930,17511,240
2021-06-10,Marin,041,260295,14158,14118,260,14378,229
2021-06-10,Mariposa,043,17540,436,434,11,445,5
2021-06-10,Mendocino,045,87422,4099,4016,83,4099,48
2021-06-10,Merced,047,269075,31128,31231,1034,32265,461
2021-06-10,Modoc,049,8938,393,381,139,520,3
2021-06-10,Mono,051,14174,1264,1274,17,1291,3
2021-06-10,Monterey,053,433212,43236,43090,1834,44924,415
2021-06-10,Napa,055,140530,9951,9974,34,10008,80
2021-06-10,Nevada,057,99092,4900,4866,193,5059,72
2021-06-10,Orange,059,3164182,255929,254950,11325,266275,5097
2021-06-10,Placer,061,380077,23575,23296,1513,24809,293
2021-06-10,Plumas,063,18699,713,696,11,707,4
2021-06-10,Riverside,065,2383286,294778,289335,13929,303264,4450
2021-06-10,Sacramento,067,1510023,107276,107049,1776,108825,1658
2021-06-10,San Benito,069,59416,6074,6079,113,6192,63
2021-06-10,San Bernardino,071,2135413,293859,293281,8948,302229,4782
2021-06-10,San Diego,073,3302833,281939,281052,15136,296188,3766
2021-06-10,San Francisco,075,870044,36934,37159,1278,38437,552
2021-06-10,San Joaquin,077,732212,73644,73276,3539,76815,1393
2021-06-10,San Luis Obispo,079,281455,21485,21280,740,22020,256
2021-06-10,San Mateo,081,765935,42514,42562,472,43034,666
2021-06-10,Santa Barbara,083,443738,34530,34434,1118,35552,460
2021-06-10,Santa Clara,085,1922200,119039,119832,756,120588,2075
2021-06-10,Santa Cruz,087,273765,16275,16159,798,16957,208
2021-06-10,Shasta,089,179085,12493,12536,1608,14144,201
2021-06-10,Sierra,091,2930,58,55,12,67,0
2021-06-10,Siskiyou,093,43540,1957,1881,362,2243,25
2021-06-10,Solano,095,438530,33169,33150,557,33707,265
2021-06-10,Sonoma,097,501317,30498,30571,348,30919,323
2021-06-10,Stanislaus,099,539301,56750,56588,5915,62503,974
2021-06-10,Sutter,101,95872,9549,9594,86,9680,112
2021-06-10,Tehama,103,63373,5130,5096,576,5672,63
2021-06-10,Trinity,105,12862,487,331,93,424,3
2021-06-10,Tulare,107,460477,50352,49503,8943,58446,848
2021-06-10,Tuolumne,109,53932,4056,4100,43,4143,63
2021-06-10,Ventura,111,848112,81579,81172,2971,84143,1026
2021-06-10,Yolo,113,214977,14085,14107,247,14354,212
2021-06-10,Yuba,115,75493,6127,6112,129,6241,50
2021-06-09,Alameda,001,1643700,88665,88762,1933,90695,1271
2021-06-09,Alpine,003,1148,87,88,0,88,0
2021-06-09,Amador,005,37829,3715,3706,32,3738,46
2021-06-09,Butte,007,227075,12668,12555,1861,14416,194
2021-06-09,Calaveras,009,45235,2183,2184,13,2197,55
2021-06-09,Colusa,011,21464,1957,1962,314,2276,15
2021-06-09,Contra Costa,013,1133247,70275,69829,1282,71111,803
2021-06-09,Del Norte,015,27424,1435,1403,13,1416,8
2021-06-09,El Dorado,017,186661,10378,10312,754,11066,113
2021-06-09,Fresno,019,978130,103052,102690,8640,111330,1717
2021-06-09,Glenn,021,27897,2440,2424,559,2983,19
2021-06-09,Humboldt,023,135768,4385,4379,38,4417,42
2021-06-09,Imperial,025,180216,28686,28754,2693,31447,739
2021-06-09,Inyo,027,18085,1407,1405,12,1417,35
2021-06-09,Kern,029,883053,97629,96697,10924,107621,1328
2021-06-09,Kings,031,150075,23194,23061,1076,24137,245
2021-06-09,Lake,033,64148,3559,3541,9,3550,45
2021-06-09,Lassen,035,31185,5245,5200,114,5314,18
2021-06-09,Los Angeles,037,10098052,1209665,1203955,40608,1244563,24432
2021-06-09,Madera,039,155013,16699,16580,930,17510,240
2021-06-09,Marin,041,260295,14153,14114,260,14374,229
2021-06-09,Mariposa,043,17540,436,434,11,445,5
2021-06-09,Mendocino,045,87422,4093,4008,83,4091,47
2021-06-09,Merced,047,269075,31124,31225,1034,32259,461
2021-06-09,Modoc,049,8938,391,377,138,515,3
2021-06-09,Mono,051,14174,1264,1274,17,1291,3
2021-06-09,Monterey,053,433212,43229,43082,1834,44916,415
2021-06-09,Napa,055,140530,9945,9971,34,10005,80
2021-06-09,Nevada,057,99092,4890,4863,192,5055,72
2021-06-09,Orange,059,3164182,255885,254893,11320,266213,5080
2021-06-09,Placer,061,380077,23556,23237,1513,24750,293
2021-06-09,Plumas,063,18699,712,697,11,708,4
2021-06-09,Riverside,065,2383286,294732,289299,13927,303226,4450
2021-06-09,Sacramento,067,1510023,107213,106971,1773,108744,1657
2021-06-09,San Benito,069,59416,6071,6078,113,6191,63
2021-06-09,San Bernardino,071,2135413,293817,293222,8948,302170,4782
2021-06-09,San Diego,073,3302833,281875,280941,15124,296065,3765
2021-06-09,San Francisco,075,870044,36920,37143,1277,38420,552
2021-06-09,San Joaquin,077,732212,73618,73232,3539,76771,1392
2021-06-09,San Luis Obispo,079,281455,21484,21259,740,21999,256
2021-06-09,San Mateo,081,765935,42498,42502,471,42973,666
2021-06-09,Santa Barbara,083,443738,34519,34422,1118,35540,460
2021-06-09,Santa Clara,085,1922200,119002,119793,755,120548,2068
2021-06-09,Santa Cruz,087,273765,16272,16155,798,16953,208
2021-06-09,Shasta,089,179085,12483,12521,1606,14127,201
2021-06-09,Sierra,091,2930,57,55,12,67,0
2021-06-09,Siskiyou,093,43540,1956,1871,362,2233,25
2021-06-09,Solano,095,438530,33153,33137,556,33693,264
2021-06-09,Sonoma,097,501317,30476,30540,348,30888,323
2021-06-09,Stanislaus,099,539301,56730,56560,5912,62472,974
2021-06-09,Sutter,101,95872,9540,9586,85,9671,111
2021-06-09,Tehama,103,63373,5129,5093,576,5669,63
2021-06-09,Trinity,105,12862,486,331,93,424,3
2021-06-09,Tulare,107,460477,50348,49496,8941,58437,847
2021-06-09,Tuolumne,109,53932,4053,4100,43,4143,63
2021-06-09,Ventura,111,848112,81569,81154,2970,84124,1026
2021-06-09,Yolo,113,214977,14083,14102,246,14348,212
2021-06-09,Yuba,115,75493,6123,6109,129,6238,50
2021-06-08,Alameda,001,1643700,88617,88731,1933,90664,1267
2021-06-08,Alpine,003,1148,87,88,0,88,0
2021-06-08,Amador,005,37829,3714,3704,32,3736,46
2021-06-08,Butte,007,227075,12662,12540,1859,14399,194
2021-06-08,Calaveras,009,45235,2182,2181,13,2194,55
2021-06-08,Colusa,011,21464,1957,1961,314,2275,15
2021-06-08,Contra Costa,013,1133247,70227,69762,1281,71043,803
2021-06-08,Del Norte,015,27424,1433,1402,13,1415,8
2021-06-08,El Dorado,017,186661,10373,10306,752,11058,113
2021-06-08,Fresno,019,978130,103027,102680,8638,111318,1717
2021-06-08,Glenn,021,27897,2439,2423,559,2982,19
2021-06-08,Humboldt,023,135768,4380,4363,38,4401,42
2021-06-08,Imperial,025,180216,28677,28752,2693,31445,738
2021-06-08,Inyo,027,18085,1407,1405,12,1417,35
2021-06-08,Kern,029,883053,97610,96671,10917,107588,1325
2021-06-08,Kings,031,150075,23193,23036,1076,24112,245
2021-06-08,Lake,033,64148,3558,3540,9,3549,45
2021-06-08,Lassen,035,31185,5245,5200,114,5314,18
2021-06-08,Los Angeles,037,10098052,1209467,1203794,40596,1244390,24426
2021-06-08,Madera,039,155013,16693,16579,929,17508,240
2021-06-08,Marin,041,260295,14151,14111,259,14370,229
2021-06-08,Mariposa,043,17540,436,434,11,445,5
2021-06-08,Mendocino,045,87422,4086,4002,83,4085,47
2021-06-08,Merced,047,269075,31116,31225,1034,32259,461
2021-06-08,Modoc,049,8938,385,377,137,514,3
2021-06-08,Mono,051,14174,1264,1274,17,1291,3
2021-06-08,Monterey,053,433212,43223,43078,1833,44911,415
2021-06-08,Napa,055,140530,9941,9962,34,9996,80
2021-06-08,Nevada,057,99092,4885,4861,192,5053,72
2021-06-08,Orange,059,3164182,255843,254852,11313,266165,5078
2021-06-08,Placer,061,380077,23538,23209,1509,24718,293
2021-06-08,Plumas,063,18699,712,692,11,703,4
2021-06-08,Riverside,065,2383286,294696,289268,13919,303187,4452
2021-06-08,Sacramento,067,1510023,107151,106901,1770,108671,1654
2021-06-08,San Benito,069,59416,6069,6076,113,6189,63
2021-06-08,San Bernardino,071,2135413,293768,293186,8944,302130,4778
2021-06-08,San Diego,073,3302833,281812,280879,15115,295994,3764
2021-06-08,San Francisco,075,870044,36905,37134,1276,38410,552
2021-06-08,San Joaquin,077,732212,73574,73186,3534,76720,1390
2021-06-08,San Luis Obispo,079,281455,21478,21251,739,21990,255
2021-06-08,San Mateo,081,765935,42485,42488,471,42959,663
2021-06-08,Santa Barbara,083,443738,34515,34418,1118,35536,459
2021-06-08,Santa Clara,085,1922200,118981,119770,754,120524,2068
2021-06-08,Santa Cruz,087,273765,16269,16160,798,16958,208
2021-06-08,Shasta,089,179085,12468,12498,1606,14104,201
2021-06-08,Sierra,091,2930,57,55,12,67,0
2021-06-08,Siskiyou,093,43540,1954,1870,360,2230,21
2021-06-08,Solano,095,438530,33132,33130,556,33686,259
2021-06-08,Sonoma,097,501317,30450,30523,346,30869,323
2021-06-08,Stanislaus,099,539301,56703,56548,5910,62458,973
2021-06-08,Sutter,101,95872,9537,9581,85,9666,111
2021-06-08,Tehama,103,63373,5126,5093,576,5669,63
2021-06-08,Trinity,105,12862,486,330,92,422,3
2021-06-08,Tulare,107,460477,50337,49485,8937,58422,847
2021-06-08,Tuolumne,109,53932,4049,4099,43,4142,63
2021-06-08,Ventura,111,848112,81553,81142,2969,84111,1026
2021-06-08,Yolo,113,214977,14078,14099,245,14344,212
2021-06-08,Yuba,115,75493,6121,6103,129,6232,50
2021-06-07,Alameda,001,1643700,88560,88688,1933,90621,1267
2021-06-07,Alpine,003,1148,87,88,0,88,0
2021-06-07,Amador,005,37829,3704,3697,32,3729,46
2021-06-07,Butte,007,227075,12655,12533,1858,14391,194
2021-06-07,Calaveras,009,45235,2181,2181,13,2194,55
2021-06-07,Colusa,011,21464,1956,1960,314,2274,15
2021-06-07,Contra Costa,013,1133247,70170,69718,1280,70998,817
2021-06-07,Del Norte,015,27424,1433,1401,13,1414,8
2021-06-07,El Dorado,017,186661,10368,10305,752,11057,113
2021-06-07,Fresno,019,978130,102996,102659,8630,111289,1717
2021-06-07,Glenn,021,27897,2439,2423,559,2982,19
2021-06-07,Humboldt,023,135768,4372,4354,38,4392,42
2021-06-07,Imperial,025,180216,28675,28754,2693,31447,738
2021-06-07,Inyo,027,18085,1407,1404,12,1416,35
2021-06-07,Kern,029,883053,97594,96645,10910,107555,1324
2021-06-07,Kings,031,150075,23189,23023,1076,24099,244
2021-06-07,Lake,033,64148,3556,3540,9,3549,45
2021-06-07,Lassen,035,31185,5240,5198,114,5312,18
2021-06-07,Los Angeles,037,10098052,1209243,1203664,40582,1244246,24413
2021-06-07,Madera,039,155013,16686,16572,929,17501,240
2021-06-07,Marin,041,260295,14147,14108,258,14366,229
2021-06-07,Mariposa,043,17540,436,434,11,445,5
2021-06-07,Mendocino,045,87422,4080,3998,83,4081,47
2021-06-07,Merced,047,269075,31104,31212,1033,32245,459
2021-06-07,Modoc,049,8938,384,375,134,509,3
2021-06-07,Mono,051,14174,1264,1275,17,1292,3
2021-06-07,Monterey,053,433212,43216,43077,1833,44910,415
2021-06-07,Napa,055,140530,9933,9962,34,9996,80
2021-06-07,Nevada,057,99092,4883,4860,192,5052,72
2021-06-07,Orange,059,3164182,255803,254808,11305,266113,5073
2021-06-07,Placer,061,380077,23519,23176,1507,24683,293
2021-06-07,Plumas,063,18699,712,692,11,703,4
2021-06-07,Riverside,065,2383286,294653,289232,13915,303147,4451
2021-06-07,Sacramento,067,1510023,107075,106841,1767,108608,1655
2021-06-07,San Benito,069,59416,6068,6074,113,6187,63
2021-06-07,San Bernardino,071,2135413,293730,293129,8943,302072,4775
2021-06-07,San Diego,073,3302833,281730,280808,15102,295910,3764
2021-06-07,San Francisco,075,870044,36887,37122,1276,38398,552
2021-06-07,San Joaquin,077,732212,73529,73130,3527,76657,1388
2021-06-07,San Luis Obispo,079,281455,21465,21252,739,21991,255
2021-06-07,San Mateo,081,765935,42469,42479,471,42950,664
2021-06-07,Santa Barbara,083,443738,34509,34407,1118,35525,459
2021-06-07,Santa Clara,085,1922200,118949,119743,754,120497,2066
2021-06-07,Santa Cruz,087,273765,16268,16159,798,16957,208
2021-06-07,Shasta,089,179085,12454,12483,1601,14084,200
2021-06-07,Sierra,091,2930,57,55,12,67,0
2021-06-07,Siskiyou,093,43540,1954,1869,360,2229,21
2021-06-07,Solano,095,438530,33110,33124,555,33679,258
2021-06-07,Sonoma,097,501317,30414,30504,345,30849,323
2021-06-07,Stanislaus,099,539301,56670,56521,5908,62429,972
2021-06-07,Sutter,101,95872,9533,9571,85,9656,111
2021-06-07,Tehama,103,63373,5122,5092,574,5666,63
2021-06-07,Trinity,105,12862,486,329,92,421,3
2021-06-07,Tulare,107,460477,50331,49471,8937,58408,847
2021-06-07,Tuolumne,109,53932,4048,4098,43,4141,63
2021-06-07,Ventura,111,848112,81536,81137,2967,84104,1025
2021-06-07,Yolo,113,214977,14073,14097,244,14341,211
2021-06-07,Yuba,115,75493,6119,6099,126,6225,49
2021-06-06,Alameda,001,1643700,88522,88636,1932,90568,1267
2021-06-06,Alpine,003,1148,87,88,0,88,0
2021-06-06,Amador,005,37829,3701,3696,32,3728,46
2021-06-06,Butte,007,227075,12644,12527,1857,14384,194
2021-06-06,Calaveras,009,45235,2180,2181,13,2194,55
2021-06-06,Colusa,011,21464,1954,1959,314,2273,15
2021-06-06,Contra Costa,013,1133247,70105,69659,1278,70937,817
2021-06-06,Del Norte,015,27424,1428,1401,13,1414,8
2021-06-06,El Dorado,017,186661,10361,10294,752,11046,113
2021-06-06,Fresno,019,978130,102963,102642,8627,111269,1717
2021-06-06,Glenn,021,27897,2438,2423,559,2982,19
2021-06-06,Humboldt,023,135768,4361,4353,38,4391,42
2021-06-06,Imperial,025,180216,28669,28762,2693,31455,738
2021-06-06,Inyo,027,18085,1406,1404,12,1416,35
2021-06-06,Kern,029,883053,97576,96623,10903,107526,1324
2021-06-06,Kings,031,150075,23183,23021,1076,24097,244
2021-06-06,Lake,033,64148,3556,3535,9,3544,45
2021-06-06,Lassen,035,31185,5238,5191,114,5305,18
2021-06-06,Los Angeles,037,10098052,1209044,1203539,40568,1244107,24410
2021-06-06,Madera,039,155013,16679,16567,929,17496,240
2021-06-06,Marin,041,260295,14141,14106,257,14363,229
2021-06-06,Mariposa,043,17540,435,435,11,446,5
2021-06-06,Mendocino,045,87422,4076,3993,83,4076,47
2021-06-06,Merced,047,269075,31098,31215,1032,32247,459
2021-06-06,Modoc,049,8938,384,375,133,508,3
2021-06-06,Mono,051,14174,1264,1275,17,1292,3
2021-06-06,Monterey,053,433212,43211,43078,1833,44911,415
2021-06-06,Napa,055,140530,9927,9963,34,9997,80
2021-06-06,Nevada,057,99092,4876,4854,191,5045,72
2021-06-06,Orange,059,3164182,255767,254782,11300,266082,5073
2021-06-06,Placer,061,380077,23494,23156,1504,24660,293
2021-06-06,Plumas,063,18699,712,692,11,703,4
2021-06-06,Riverside,065,2383286,294614,289201,13909,303110,4451
2021-06-06,Sacramento,067,1510023,106989,106749,1766,108515,1655
2021-06-06,San Benito,069,59416,6062,6074,113,6187,63
2021-06-06,San Bernardino,071,2135413,293673,293117,8934,302051,4773
2021-06-06,San Diego,073,3302833,281650,280743,15085,295828,3764
2021-06-06,San Francisco,075,870044,36872,37118,1274,38392,552
2021-06-06,San Joaquin,077,732212,73497,73105,3523,76628,1388
2021-06-06,San Luis Obispo,079,281455,21462,21246,739,21985,255
2021-06-06,San Mateo,081,765935,42452,42457,471,42928,664
2021-06-06,Santa Barbara,083,443738,34505,34403,1117,35520,459
2021-06-06,Santa Clara,085,1922200,118927,119711,754,120465,2066
2021-06-06,Santa Cruz,087,273765,16267,16158,798,16956,208
2021-06-06,Shasta,089,179085,12439,12478,1598,14076,200
2021-06-06,Sierra,091,2930,57,55,12,67,0
2021-06-06,Siskiyou,093,43540,1951,1869,360,2229,21
2021-06-06,Solano,095,438530,33083,33093,555,33648,258
2021-06-06,Sonoma,097,501317,30382,30478,344,30822,323
2021-06-06,Stanislaus,099,539301,56634,56486,5905,62391,972
2021-06-06,Sutter,101,95872,9526,9567,85,9652,111
2021-06-06,Tehama,103,63373,5112,5092,572,5664,63
2021-06-06,Trinity,105,12862,486,328,92,420,3
2021-06-06,Tulare,107,460477,50322,49466,8932,58398,847
2021-06-06,Tuolumne,109,53932,4045,4097,43,4140,63
2021-06-06,Ventura,111,848112,81525,81130,2964,84094,1025
2021-06-06,Yolo,113,214977,14065,14089,243,14332,210
2021-06-06,Yuba,115,75493,6111,6096,126,6222,49
2021-06-05,Alameda,001,1643700,88489,88612,1932,90544,1268
2021-06-05,Alpine,003,1148,87,88,0,88,0
2021-06-05,Amador,005,37829,3701,3694,32,3726,46
2021-06-05,Butte,007,227075,12638,12514,1856,14370,194
2021-06-05,Calaveras,009,45235,2180,2181,13,2194,55
2021-06-05,Colusa,011,21464,1954,1959,314,2273,15
2021-06-05,Contra Costa,013,1133247,70076,69601,1278,70879,817
2021-06-05,Del Norte,015,27424,1428,1400,13,1413,8
2021-06-05,El Dorado,017,186661,10359,10288,751,11039,113
2021-06-05,Fresno,019,978130,102954,102626,8627,111253,1717
2021-06-05,Glenn,021,27897,2437,2423,559,2982,19
2021-06-05,Humboldt,023,135768,4356,4346,38,4384,42
2021-06-05,Imperial,025,180216,28666,28764,2693,31457,738
2021-06-05,Inyo,027,18085,1406,1405,12,1417,35
2021-06-05,Kern,029,883053,97563,96597,10899,107496,1324
2021-06-05,Kings,031,150075,23180,23017,1076,24093,244
2021-06-05,Lake,033,64148,3553,3534,9,3543,45
2021-06-05,Lassen,035,31185,5237,5191,114,5305,18
2021-06-05,Los Angeles,037,10098052,1208915,1203338,40557,1243895,24411
2021-06-05,Madera,039,155013,16675,16563,929,17492,240
2021-06-05,Marin,041,260295,14139,14101,257,14358,229
2021-06-05,Mariposa,043,17540,435,435,11,446,5
2021-06-05,Mendocino,045,87422,4073,3989,83,4072,47
2021-06-05,Merced,047,269075,31096,31212,1031,32243,459
2021-06-05,Modoc,049,8938,384,375,132,507,3
2021-06-05,Mono,051,14174,1264,1274,17,1291,3
2021-06-05,Monterey,053,433212,43207,43071,1832,44903,415
2021-06-05,Napa,055,140530,9922,9960,34,9994,80
2021-06-05,Nevada,057,99092,4874,4849,191,5040,72
2021-06-05,Orange,059,3164182,255743,254752,11297,266049,5069
2021-06-05,Placer,061,380077,23478,23133,1504,24637,293
2021-06-05,Plumas,063,18699,712,692,11,703,4
2021-06-05,Riverside,065,2383286,294579,289157,13905,303062,4451
2021-06-05,Sacramento,067,1510023,106937,106688,1764,108452,1655
2021-06-05,San Benito,069,59416,6060,6074,113,6187,63
2021-06-05,San Bernardino,071,2135413,293640,293081,8933,302014,4772
2021-06-05,San Diego,073,3302833,281609,280676,15072,295748,3764
2021-06-05,San Francisco,075,870044,36863,37111,1274,38385,552
2021-06-05,San Joaquin,077,732212,73481,73078,3517,76595,1388
2021-06-05,San Luis Obispo,079,281455,21459,21236,739,21975,255
2021-06-05,San Mateo,081,765935,42442,42433,471,42904,664
2021-06-05,Santa Barbara,083,443738,34502,34399,1116,35515,459
2021-06-05,Santa Clara,085,1922200,118905,119676,752,120428,2066
2021-06-05,Santa Cruz,087,273765,16267,16154,798,16952,208
2021-06-05,Shasta,089,179085,12429,12472,1597,14069,200
2021-06-05,Sierra,091,2930,57,55,12,67,0
2021-06-05,Siskiyou,093,43540,1951,1867,360,2227,21
2021-06-05,Solano,095,438530,33068,33074,555,33629,257
2021-06-05,Sonoma,097,501317,30355,30450,342,30792,323
2021-06-05,Stanislaus,099,539301,56625,56463,5903,62366,973
2021-06-05,Sutter,101,95872,9523,9559,85,9644,111
2021-06-05,Tehama,103,63373,5111,5092,571,5663,63
2021-06-05,Trinity,105,12862,486,328,92,420,3
2021-06-05,Tulare,107,460477,50316,49463,8932,58395,847
2021-06-05,Tuolumne,109,53932,4043,4098,43,4141,63
2021-06-05,Ventura,111,848112,81516,81119,2962,84081,1025
2021-06-05,Yolo,113,214977,14063,14088,243,14331,210
2021-06-05,Yuba,115,75493,6110,6087,126,6213,49
2021-06-04,Alameda,001,1643700,88462,88585,1929,90514,1263
2021-06-04,Alpine,003,1148,87,88,0,88,0
2021-06-04,Amador,005,37829,3701,3690,32,3722,46
2021-06-04,Butte,007,227075,12627,12494,1853,14347,193
2021-06-04,Calaveras,009,45235,2180,2179,13,2192,55
2021-06-04,Colusa,011,21464,1954,1959,314,2273,15
2021-06-04,Contra Costa,013,1133247,70041,69540,1275,70815,816
2021-06-04,Del Norte,015,27424,1428,1398,13,1411,8
2021-06-04,El Dorado,017,186661,10355,10284,749,11033,112
2021-06-04,Fresno,019,978130,102938,102601,8627,111228,1712
2021-06-04,Glenn,021,27897,2437,2423,558,2981,19
2021-06-04,Humboldt,023,135768,4351,4327,38,4365,42
2021-06-04,Imperial,025,180216,28662,28753,2693,31446,738
2021-06-04,Inyo,027,18085,1406,1404,12,1416,35
2021-06-04,Kern,029,883053,97545,96573,10897,107470,1327
2021-06-04,Kings,031,150075,23179,23002,1076,24078,244
2021-06-04,Lake,033,64148,3551,3528,9,3537,45
2021-06-04,Lassen,035,31185,5237,5180,114,5294,18
2021-06-04,Los Angeles,037,10098052,1208794,1203106,40548,1243654,24400
2021-06-04,Madera,039,155013,16673,16557,929,17486,240
2021-06-04,Marin,041,260295,14138,14099,256,14355,229
2021-06-04,Mariposa,043,17540,435,435,11,446,5
2021-06-04,Mendocino,045,87422,4064,3983,83,4066,47
2021-06-04,Merced,047,269075,31091,31204,1030,32234,459
2021-06-04,Modoc,049,8938,382,375,132,507,3
2021-06-04,Mono,051,14174,1264,1275,17,1292,3
2021-06-04,Monterey,053,433212,43203,43068,1832,44900,415
2021-06-04,Napa,055,140530,9918,9958,34,9992,80
2021-06-04,Nevada,057,99092,4870,4844,191,5035,72
2021-06-04,Orange,059,3164182,255706,254730,11293,266023,5059
2021-06-04,Placer,061,380077,23462,23110,1503,24613,293
2021-06-04,Plumas,063,18699,712,691,11,702,4
2021-06-04,Riverside,065,2383286,294553,289098,13901,302999,4452
2021-06-04,Sacramento,067,1510023,106883,106616,1763,108379,1654
2021-06-04,San Benito,069,59416,6058,6073,113,6186,63
2021-06-04,San Bernardino,071,2135413,293616,293056,8931,301987,4768
2021-06-04,San Diego,073,3302833,281566,280556,15065,295621,3763
2021-06-04,San Francisco,075,870044,36856,37079,1273,38352,551
2021-06-04,San Joaquin,077,732212,73462,73039,3515,76554,1388
2021-06-04,San Luis Obispo,079,281455,21456,21234,738,21972,255
2021-06-04,San Mateo,081,765935,42430,42413,471,42884,478
2021-06-04,Santa Barbara,083,443738,34496,34402,1115,35517,459
2021-06-04,Santa Clara,085,1922200,118875,119619,752,120371,2065
2021-06-04,Santa Cruz,087,273765,16264,16150,798,16948,207
2021-06-04,Shasta,089,179085,12423,12458,1592,14050,200
2021-06-04,Sierra,091,2930,57,55,12,67,0
2021-06-04,Siskiyou,093,43540,1950,1865,360,2225,21
2021-06-04,Solano,095,438530,33057,33058,555,33613,256
2021-06-04,Sonoma,097,501317,30334,30411,342,30753,323
2021-06-04,Stanislaus,099,539301,56610,56442,5901,62343,973
2021-06-04,Sutter,101,95872,9518,9554,85,9639,111
2021-06-04,Tehama,103,63373,5106,5090,571,5661,63
2021-06-04,Trinity,105,12862,486,328,92,420,3
2021-06-04,Tulare,107,460477,50307,49452,8930,58382,847
2021-06-04,Tuolumne,109,53932,4042,4095,43,4138,63
2021-06-04,Ventura,111,848112,81509,81104,2960,84064,1023
2021-06-04,Yolo,113,214977,14061,14083,243,14326,210
2021-06-04,Yuba,115,75493,6107,6084,126,6210,49
2021-06-03,Alameda,001,1643700,88424,88555,1926,90481,1257
2021-06-03,Alpine,003,1148,87,88,0,88,0
2021-06-03,Amador,005,37829,3693,3688,32,3720,46
2021-06-03,Butte,007,227075,12623,12478,1852,14330,193
2021-06-03,Calaveras,009,45235,2180,2179,13,2192,55
2021-06-03,Colusa,011,21464,1954,1957,314,2271,15
2021-06-03,Contra Costa,013,1133247,69987,69500,1270,70770,816
2021-06-03,Del Norte,015,27424,1426,1397,13,1410,8
2021-06-03,El Dorado,017,186661,10349,10284,746,11030,112
2021-06-03,Fresno,019,978130,102921,102566,8627,111193,1709
2021-06-03,Glenn,021,27897,2437,2421,558,2979,19
2021-06-03,Humboldt,023,135768,4343,4314,38,4352,42
2021-06-03,Imperial,025,180216,28651,28737,2693,31430,738
2021-06-03,Inyo,027,18085,1406,1404,12,1416,35
2021-06-03,Kern,029,883053,97518,96507,10883,107390,1326
2021-06-03,Kings,031,150075,23175,22982,1076,24058,244
2021-06-03,Lake,033,64148,3549,3526,9,3535,45
2021-06-03,Lassen,035,31185,5228,5177,114,5291,12
2021-06-03,Los Angeles,037,10098052,1208622,1202923,40540,1243463,24386
2021-06-03,Madera,039,155013,16666,16554,929,17483,240
2021-06-03,Marin,041,260295,14133,14095,256,14351,230
2021-06-03,Mariposa,043,17540,435,435,11,446,5
2021-06-03,Mendocino,045,87422,4057,3978,83,4061,47
2021-06-03,Merced,047,269075,31088,31199,1030,32229,459
2021-06-03,Modoc,049,8938,381,376,131,507,3
2021-06-03,Mono,051,14174,1264,1275,17,1292,3
2021-06-03,Monterey,053,433212,43200,43063,1832,44895,415
2021-06-03,Napa,055,140530,9911,9957,34,9991,81
2021-06-03,Nevada,057,99092,4866,4837,191,5028,72
2021-06-03,Orange,059,3164182,255678,254676,11283,265959,5056
2021-06-03,Placer,061,380077,23453,23100,1502,24602,293
2021-06-03,Plumas,063,18699,712,691,11,702,4
2021-06-03,Riverside,065,2383286,294498,289035,13897,302932,4447
2021-06-03,Sacramento,067,1510023,106804,106526,1761,108287,1654
2021-06-03,San Benito,069,59416,6058,6073,113,6186,63
2021-06-03,San Bernardino,071,2135413,293585,293021,8931,301952,4762
2021-06-03,San Diego,073,3302833,281502,280430,15055,295485,3761
2021-06-03,San Francisco,075,870044,36849,37072,1273,38345,551
2021-06-03,San Joaquin,077,732212,73434,72989,3511,76500,1388
2021-06-03,San Luis Obispo,079,281455,21451,21224,738,21962,255
2021-06-03,San Mateo,081,765935,42417,42396,471,42867,467
2021-06-03,Santa Barbara,083,443738,34493,34391,1115,35506,459
2021-06-03,Santa Clara,085,1922200,118853,119592,750,120342,2058
2021-06-03,Santa Cruz,087,273765,16262,16144,798,16942,207
2021-06-03,Shasta,089,179085,12408,12441,1589,14030,199
2021-06-03,Sierra,091,2930,57,55,12,67,0
2021-06-03,Siskiyou,093,43540,1950,1862,359,2221,21
2021-06-03,Solano,095,438530,33043,33019,555,33574,256
2021-06-03,Sonoma,097,501317,30312,30383,341,30724,322
2021-06-03,Stanislaus,099,539301,56591,56401,5895,62296,973
2021-06-03,Sutter,101,95872,9509,9539,85,9624,111
2021-06-03,Tehama,103,63373,5106,5087,571,5658,63
2021-06-03,Trinity,105,12862,486,328,92,420,3
2021-06-03,Tulare,107,460477,50304,49442,8926,58368,848
2021-06-03,Tuolumne,109,53932,4040,4095,43,4138,63
2021-06-03,Ventura,111,848112,81497,81078,2958,84036,1023
2021-06-03,Yolo,113,214977,14057,14078,241,14319,210
2021-06-03,Yuba,115,75493,6100,6077,126,6203,49
2021-06-02,Alameda,001,1643700,88379,88525,1924,90449,1254
2021-06-02,Alpine,003,1148,87,88,0,88,0
2021-06-02,Amador,005,37829,3691,3687,32,3719,46
2021-06-02,Butte,007,227075,12603,12432,1850,14282,193
2021-06-02,Calaveras,009,45235,2177,2174,13,2187,55
2021-06-02,Colusa,011,21464,1953,1957,314,2271,15
2021-06-02,Contra Costa,013,1133247,69936,69455,1268,70723,814
2021-06-02,Del Norte,015,27424,1424,1395,13,1408,8
2021-06-02,El Dorado,017,186661,10345,10275,746,11021,110
2021-06-02,Fresno,019,978130,102897,102547,8624,111171,1707
2021-06-02,Glenn,021,27897,2437,2421,558,2979,19
2021-06-02,Humboldt,023,135768,4328,4302,38,4340,42
2021-06-02,Imperial,025,180216,28645,28737,2692,31429,738
2021-06-02,Inyo,027,18085,1405,1403,12,1415,35
2021-06-02,Kern,029,883053,97491,96481,10876,107357,1326
2021-06-02,Kings,031,150075,23173,22981,1075,24056,244
2021-06-02,Lake,033,64148,3544,3522,9,3531,45
2021-06-02,Lassen,035,31185,5227,5177,114,5291,6
2021-06-02,Los Angeles,037,10098052,1208418,1202760,40531,1243291,24375
2021-06-02,Madera,039,155013,16658,16550,929,17479,240
2021-06-02,Marin,041,260295,14131,14091,255,14346,229
2021-06-02,Mariposa,043,17540,435,434,11,445,5
2021-06-02,Mendocino,045,87422,4051,3970,83,4053,47
2021-06-02,Merced,047,269075,31075,31195,1029,32224,458
2021-06-02,Modoc,049,8938,380,375,130,505,3
2021-06-02,Mono,051,14174,1264,1275,17,1292,3
2021-06-02,Monterey,053,433212,43198,43056,1832,44888,380
2021-06-02,Napa,055,140530,9910,9953,34,9987,82
2021-06-02,Nevada,057,99092,4863,4833,191,5024,72
2021-06-02,Orange,059,3164182,255629,254637,11276,265913,5055
2021-06-02,Placer,061,380077,23432,23058,1500,24558,293
2021-06-02,Plumas,063,18699,712,690,11,701,4
2021-06-02,Riverside,065,2383286,294440,289012,13887,302899,4445
2021-06-02,Sacramento,067,1510023,106739,106435,1755,108190,1649
2021-06-02,San Benito,069,59416,6057,6073,113,6186,63
2021-06-02,San Bernardino,071,2135413,293537,293004,8926,301930,4760
2021-06-02,San Diego,073,3302833,281422,280347,15034,295381,3760
2021-06-02,San Francisco,075,870044,36829,37050,1272,38322,550
2021-06-02,San Joaquin,077,732212,73403,72893,3508,76401,1387
2021-06-02,San Luis Obispo,079,281455,21444,21214,737,21951,255
2021-06-02,San Mateo,081,765935,42407,42383,470,42853,464
2021-06-02,Santa Barbara,083,443738,34486,34381,1115,35496,456
2021-06-02,Santa Clara,085,1922200,118825,119553,749,120302,2058
2021-06-02,Santa Cruz,087,273765,16259,16144,798,16942,207
2021-06-02,Shasta,089,179085,12390,12426,1584,14010,199
2021-06-02,Sierra,091,2930,57,55,12,67,0
2021-06-02,Siskiyou,093,43540,1950,1861,357,2218,21
2021-06-02,Solano,095,438530,33031,33007,554,33561,256
2021-06-02,Sonoma,097,501317,30293,30359,336,30695,322
2021-06-02,Stanislaus,099,539301,56572,56377,5890,62267,973
2021-06-02,Sutter,101,95872,9506,9533,85,9618,111
2021-06-02,Tehama,103,63373,5103,5081,571,5652,63
2021-06-02,Trinity,105,12862,484,328,92,420,3
2021-06-02,Tulare,107,460477,50296,49434,8922,58356,846
2021-06-02,Tuolumne,109,53932,4039,4095,43,4138,63
2021-06-02,Ventura,111,848112,81472,81033,2958,83991,1020
2021-06-02,Yolo,113,214977,14054,14074,240,14314,210
2021-06-02,Yuba,115,75493,6094,6072,126,6198,48
2021-06-01,Alameda,001,1643700,88344,88472,1922,90394,1253
2021-06-01,Alpine,003,1148,87,88,0,88,0
2021-06-01,Amador,005,37829,3689,3687,32,3719,46
2021-06-01,Butte,007,227075,12589,12427,1849,14276,193
2021-06-01,Calaveras,009,45235,2175,2173,13,2186,55
2021-06-01,Colusa,011,21464,1952,1955,313,2268,15
2021-06-01,Contra Costa,013,1133247,69878,69404,1268,70672,813
2021-06-01,Del Norte,015,27424,1423,1394,13,1407,8
2021-06-01,El Dorado,017,186661,10339,10271,746,11017,110
2021-06-01,Fresno,019,978130,102873,102534,8621,111155,1706
2021-06-01,Glenn,021,27897,2437,2422,558,2980,18
2021-06-01,Humboldt,023,135768,4318,4299,38,4337,42
2021-06-01,Imperial,025,180216,28641,28722,2690,31412,736
2021-06-01,Inyo,027,18085,1405,1403,12,1415,35
2021-06-01,Kern,029,883053,97464,96477,10868,107345,1319
2021-06-01,Kings,031,150075,23169,22977,1075,24052,244
2021-06-01,Lake,033,64148,3543,3523,9,3532,45
2021-06-01,Lassen,035,31185,5220,5172,114,5286,6
2021-06-01,Los Angeles,037,10098052,1208181,1202673,40517,1243190,24367
2021-06-01,Madera,039,155013,16649,16549,928,17477,240
2021-06-01,Marin,041,260295,14129,14081,255,14336,229
2021-06-01,Mariposa,043,17540,435,431,11,442,5
2021-06-01,Mendocino,045,87422,4044,3966,83,4049,47
2021-06-01,Merced,047,269075,31065,31195,1029,32224,456
2021-06-01,Modoc,049,8938,378,375,130,505,3
2021-06-01,Mono,051,14174,1264,1275,17,1292,3
2021-06-01,Monterey,053,433212,43192,43051,1832,44883,379
2021-06-01,Napa,055,140530,9908,9949,34,9983,82
2021-06-01,Nevada,057,99092,4858,4825,191,5016,72
2021-06-01,Orange,059,3164182,255593,254603,11268,265871,5051
2021-06-01,Placer,061,380077,23402,23021,1498,24519,293
2021-06-01,Plumas,063,18699,711,690,11,701,4
2021-06-01,Riverside,065,2383286,294387,288996,13881,302877,4442
2021-06-01,Sacramento,067,1510023,106667,106330,1753,108083,1644
2021-06-01,San Benito,069,59416,6056,6073,112,6185,63
2021-06-01,San Bernardino,071,2135413,293512,292990,8925,301915,4758
2021-06-01,San Diego,073,3302833,281318,280305,15017,295322,3756
2021-06-01,San Francisco,075,870044,36813,37031,1272,38303,550
2021-06-01,San Joaquin,077,732212,73371,72858,3507,76365,1383
2021-06-01,San Luis Obispo,079,281455,21439,21217,737,21954,256
2021-06-01,San Mateo,081,765935,42391,42383,469,42852,462
2021-06-01,Santa Barbara,083,443738,34482,34374,1115,35489,456
2021-06-01,Santa Clara,085,1922200,118797,119528,749,120277,2057
2021-06-01,Santa Cruz,087,273765,16255,16143,797,16940,207
2021-06-01,Shasta,089,179085,12381,12409,1579,13988,199
2021-06-01,Sierra,091,2930,57,55,12,67,0
2021-06-01,Siskiyou,093,43540,1943,1860,356,2216,21
2021-06-01,Solano,095,438530,33006,32974,553,33527,256
2021-06-01,Sonoma,097,501317,30254,30324,335,30659,322
2021-06-01,Stanislaus,099,539301,56555,56348,5888,62236,973
2021-06-01,Sutter,101,95872,9499,9528,85,9613,111
2021-06-01,Tehama,103,63373,5101,5079,571,5650,63
2021-06-01,Trinity,105,12862,483,328,91,419,3
2021-06-01,Tulare,107,460477,50288,49419,8918,58337,845
2021-06-01,Tuolumne,109,53932,4039,4094,43,4137,63
2021-06-01,Ventura,111,848112,81456,81018,2957,83975,1021
2021-06-01,Yolo,113,214977,14048,14067,240,14307,210
2021-06-01,Yuba,115,75493,6090,6067,126,6193,48
2021-05-31,Alameda,001,1643700,88308,88458,1918,90376,1253
2021-05-31,Alpine,003,1148,87,88,0,88,0
2021-05-31,Amador,005,37829,3683,3687,32,3719,46
2021-05-31,Butte,007,227075,12576,12429,1849,14278,193
2021-05-31,Calaveras,009,45235,2174,2171,13,2184,55
2021-05-31,Colusa,011,21464,1952,1956,312,2268,15
2021-05-31,Contra Costa,013,1133247,69841,69390,1267,70657,813
2021-05-31,Del Norte,015,27424,1420,1394,13,1407,8
2021-05-31,El Dorado,017,186661,10333,10271,744,11015,110
2021-05-31,Fresno,019,978130,102836,102507,8621,111128,1706
2021-05-31,Glenn,021,27897,2436,2422,557,2979,18
2021-05-31,Humboldt,023,135768,4306,4295,38,4333,42
2021-05-31,Imperial,025,180216,28635,28732,2687,31419,736
2021-05-31,Inyo,027,18085,1404,1403,12,1415,35
2021-05-31,Kern,029,883053,97428,96457,10859,107316,1319
2021-05-31,Kings,031,150075,23165,22977,1075,24052,244
2021-05-31,Lake,033,64148,3538,3523,9,3532,45
2021-05-31,Lassen,035,31185,5218,5172,113,5285,6
2021-05-31,Los Angeles,037,10098052,1207938,1202567,40508,1243075,24364
2021-05-31,Madera,039,155013,16648,16543,927,17470,240
2021-05-31,Marin,041,260295,14127,14080,255,14335,229
2021-05-31,Mariposa,043,17540,435,430,11,441,5
2021-05-31,Mendocino,045,87422,4034,3961,83,4044,47
2021-05-31,Merced,047,269075,31060,31194,1029,32223,456
2021-05-31,Modoc,049,8938,377,374,130,504,3
2021-05-31,Mono,051,14174,1264,1275,17,1292,3
2021-05-31,Monterey,053,433212,43188,43051,1832,44883,379
2021-05-31,Napa,055,140530,9901,9948,34,9982,82
2021-05-31,Nevada,057,99092,4848,4823,190,5013,72
2021-05-31,Orange,059,3164182,255565,254572,11260,265832,5051
2021-05-31,Placer,061,380077,23375,23019,1494,24513,293
2021-05-31,Plumas,063,18699,710,690,11,701,4
2021-05-31,Riverside,065,2383286,294330,288970,13869,302839,4442
2021-05-31,Sacramento,067,1510023,106570,106278,1748,108026,1644
2021-05-31,San Benito,069,59416,6056,6072,112,6184,63
2021-05-31,San Bernardino,071,2135413,293464,292973,8924,301897,4758
2021-05-31,San Diego,073,3302833,281214,280254,15005,295259,3756
2021-05-31,San Francisco,075,870044,36798,37022,1271,38293,550
2021-05-31,San Joaquin,077,732212,73322,72856,3501,76357,1383
2021-05-31,San Luis Obispo,079,281455,21431,21215,737,21952,256
2021-05-31,San Mateo,081,765935,42375,42389,469,42858,442
2021-05-31,Santa Barbara,083,443738,34469,34369,1113,35482,456
2021-05-31,Santa Clara,085,1922200,118753,119515,749,120264,2057
2021-05-31,Santa Cruz,087,273765,16252,16139,797,16936,207
2021-05-31,Shasta,089,179085,12365,12408,1576,13984,199
2021-05-31,Sierra,091,2930,57,55,12,67,0
2021-05-31,Siskiyou,093,43540,1942,1856,355,2211,21
2021-05-31,Solano,095,438530,32956,32973,553,33526,256
2021-05-31,Sonoma,097,501317,30211,30314,335,30649,322
2021-05-31,Stanislaus,099,539301,56514,56335,5885,62220,973
2021-05-31,Sutter,101,95872,9480,9523,85,9608,111
2021-05-31,Tehama,103,63373,5098,5076,570,5646,63
2021-05-31,Trinity,105,12862,483,328,91,419,3
2021-05-31,Tulare,107,460477,50277,49404,8913,58317,845
2021-05-31,Tuolumne,109,53932,4037,4095,43,4138,63
2021-05-31,Ventura,111,848112,81441,81017,2954,83971,1021
2021-05-31,Yolo,113,214977,14044,14064,240,14304,210
2021-05-31,Yuba,115,75493,6084,6063,123,6186,48
2021-05-30,Alameda,001,1643700,88285,88429,1918,90347,1253
2021-05-30,Alpine,003,1148,87,88,0,88,0
2021-05-30,Amador,005,37829,3679,3685,32,3717,46
2021-05-30,Butte,007,227075,12567,12427,1847,14274,190
2021-05-30,Calaveras,009,45235,2170,2166,13,2179,55
2021-05-30,Colusa,011,21464,1952,1954,312,2266,15
2021-05-30,Contra Costa,013,1133247,69807,69381,1265,70646,813
2021-05-30,Del Norte,015,27424,1419,1393,13,1406,8
2021-05-30,El Dorado,017,186661,10330,10271,744,11015,110
2021-05-30,Fresno,019,978130,102819,102499,8617,111116,1706
2021-05-30,Glenn,021,27897,2436,2422,556,2978,18
2021-05-30,Humboldt,023,135768,4298,4291,38,4329,42
2021-05-30,Imperial,025,180216,28631,28732,2686,31418,736
2021-05-30,Inyo,027,18085,1404,1403,12,1415,35
2021-05-30,Kern,029,883053,97412,96443,10856,107299,1319
2021-05-30,Kings,031,150075,23164,22974,1075,24049,244
2021-05-30,Lake,033,64148,3538,3517,9,3526,45
2021-05-30,Lassen,035,31185,5216,5171,113,5284,6
2021-05-30,Los Angeles,037,10098052,1207823,1202425,40501,1242926,24360
2021-05-30,Madera,039,155013,16644,16538,927,17465,240
2021-05-30,Marin,041,260295,14123,14083,254,14337,229
2021-05-30,Mariposa,043,17540,435,430,11,441,5
2021-05-30,Mendocino,045,87422,4027,3955,83,4038,47
2021-05-30,Merced,047,269075,31056,31189,1028,32217,456
2021-05-30,Modoc,049,8938,377,374,130,504,3
2021-05-30,Mono,051,14174,1264,1275,17,1292,3
2021-05-30,Monterey,053,433212,43185,43049,1832,44881,379
2021-05-30,Napa,055,140530,9900,9948,34,9982,82
2021-05-30,Nevada,057,99092,4842,4818,190,5008,72
2021-05-30,Orange,059,3164182,255542,254559,11259,265818,5051
2021-05-30,Placer,061,380077,23369,23016,1494,24510,293
2021-05-30,Plumas,063,18699,708,690,11,701,4
2021-05-30,Riverside,065,2383286,294309,288961,13867,302828,4442
2021-05-30,Sacramento,067,1510023,106525,106252,1746,107998,1644
2021-05-30,San Benito,069,59416,6056,6072,112,6184,63
2021-05-30,San Bernardino,071,2135413,293438,292981,8923,301904,4758
2021-05-30,San Diego,073,3302833,281158,280209,15000,295209,3756
2021-05-30,San Francisco,075,870044,36779,37016,1271,38287,550
2021-05-30,San Joaquin,077,732212,73305,72853,3500,76353,1383
2021-05-30,San Luis Obispo,079,281455,21422,21211,736,21947,256
2021-05-30,San Mateo,081,765935,42367,42386,469,42855,439
2021-05-30,Santa Barbara,083,443738,34465,34369,1113,35482,456
2021-05-30,Santa Clara,085,1922200,118731,119510,745,120255,2057
2021-05-30,Santa Cruz,087,273765,16250,16140,797,16937,207
2021-05-30,Shasta,089,179085,12363,12408,1573,13981,199
2021-05-30,Sierra,091,2930,57,55,12,67,0
2021-05-30,Siskiyou,093,43540,1942,1856,355,2211,21
2021-05-30,Solano,095,438530,32945,32952,552,33504,256
2021-05-30,Sonoma,097,501317,30194,30310,334,30644,322
2021-05-30,Stanislaus,099,539301,56503,56323,5884,62207,973
2021-05-30,Sutter,101,95872,9479,9519,84,9603,111
2021-05-30,Tehama,103,63373,5098,5073,570,5643,63
2021-05-30,Trinity,105,12862,483,328,91,419,3
2021-05-30,Tulare,107,460477,50270,49397,8905,58302,845
2021-05-30,Tuolumne,109,53932,4037,4094,43,4137,63
2021-05-30,Ventura,111,848112,81437,81012,2953,83965,1021
2021-05-30,Yolo,113,214977,14039,14059,239,14298,210
2021-05-30,Yuba,115,75493,6077,6063,122,6185,48
2021-05-29,Alameda,001,1643700,88262,88433,1916,90349,1253
2021-05-29,Alpine,003,1148,87,88,0,88,0
2021-05-29,Amador,005,37829,3678,3683,32,3715,46
2021-05-29,Butte,007,227075,12561,12425,1847,14272,190
2021-05-29,Calaveras,009,45235,2169,2166,13,2179,55
2021-05-29,Colusa,011,21464,1949,1954,312,2266,15
2021-05-29,Contra Costa,013,1133247,69774,69351,1265,70616,813
2021-05-29,Del Norte,015,27424,1419,1391,13,1404,8
2021-05-29,El Dorado,017,186661,10329,10269,742,11011,110
2021-05-29,Fresno,019,978130,102807,102470,8614,111084,1706
2021-05-29,Glenn,021,27897,2436,2422,555,2977,18
2021-05-29,Humboldt,023,135768,4292,4283,38,4321,42
2021-05-29,Imperial,025,180216,28628,28729,2685,31414,736
2021-05-29,Inyo,027,18085,1404,1404,12,1416,35
2021-05-29,Kern,029,883053,97401,96424,10843,107267,1319
2021-05-29,Kings,031,150075,23163,22970,1074,24044,244
2021-05-29,Lake,033,64148,3538,3515,9,3524,45
2021-05-29,Lassen,035,31185,5216,5171,113,5284,6
2021-05-29,Los Angeles,037,10098052,1207701,1202264,40498,1242762,24359
2021-05-29,Madera,039,155013,16642,16535,927,17462,240
2021-05-29,Marin,041,260295,14119,14071,253,14324,229
2021-05-29,Mariposa,043,17540,434,428,11,439,5
2021-05-29,Mendocino,045,87422,4021,3952,83,4035,47
2021-05-29,Merced,047,269075,31044,31187,1028,32215,456
2021-05-29,Modoc,049,8938,377,374,130,504,3
2021-05-29,Mono,051,14174,1264,1275,17,1292,3
2021-05-29,Monterey,053,433212,43183,43042,1832,44874,379
2021-05-29,Napa,055,140530,9897,9948,34,9982,82
2021-05-29,Nevada,057,99092,4841,4816,190,5006,72
2021-05-29,Orange,059,3164182,255520,254537,11249,265786,5049
2021-05-29,Placer,061,380077,23354,23009,1493,24502,293
2021-05-29,Plumas,063,18699,708,689,11,700,4
2021-05-29,Riverside,065,2383286,294289,288908,13866,302774,4442
2021-05-29,Sacramento,067,1510023,106495,106218,1745,107963,1643
2021-05-29,San Benito,069,59416,6055,6072,112,6184,63
2021-05-29,San Bernardino,071,2135413,293405,292961,8922,301883,4757
2021-05-29,San Diego,073,3302833,281099,280151,14995,295146,3756
2021-05-29,San Francisco,075,870044,36770,37008,1271,38279,550
2021-05-29,San Joaquin,077,732212,73289,72827,3498,76325,1383
2021-05-29,San Luis Obispo,079,281455,21420,21201,736,21937,256
2021-05-29,San Mateo,081,765935,42359,42375,468,42843,439
2021-05-29,Santa Barbara,083,443738,34461,34367,1113,35480,456
2021-05-29,Santa Clara,085,1922200,118707,119498,744,120242,2056
2021-05-29,Santa Cruz,087,273765,16249,16137,797,16934,207
2021-05-29,Shasta,089,179085,12355,12401,1572,13973,199
2021-05-29,Sierra,091,2930,57,55,12,67,0
2021-05-29,Siskiyou,093,43540,1937,1856,355,2211,21
2021-05-29,Solano,095,438530,32936,32917,552,33469,256
2021-05-29,Sonoma,097,501317,30171,30298,333,30631,322
2021-05-29,Stanislaus,099,539301,56485,56305,5882,62187,974
2021-05-29,Sutter,101,95872,9475,9516,84,9600,111
2021-05-29,Tehama,103,63373,5097,5070,570,5640,63
2021-05-29,Trinity,105,12862,483,328,91,419,3
2021-05-29,Tulare,107,460477,50260,49392,8901,58293,845
2021-05-29,Tuolumne,109,53932,4037,4093,43,4136,63
2021-05-29,Ventura,111,848112,81429,81008,2953,83961,1021
2021-05-29,Yolo,113,214977,14038,14055,239,14294,210
2021-05-29,Yuba,115,75493,6077,6059,122,6181,48
2021-05-28,Alameda,001,1643700,88238,88391,1912,90303,1261
2021-05-28,Alpine,003,1148,87,88,0,88,0
2021-05-28,Amador,005,37829,3678,3680,32,3712,46
2021-05-28,Butte,007,227075,12558,12407,1846,14253,190
2021-05-28,Calaveras,009,45235,2168,2165,13,2178,55
2021-05-28,Colusa,011,21464,1949,1954,310,2264,15
2021-05-28,Contra Costa,013,1133247,69738,69290,1264,70554,813
2021-05-28,Del Norte,015,27424,1418,1390,13,1403,8
2021-05-28,El Dorado,017,186661,10326,10265,742,11007,110
2021-05-28,Fresno,019,978130,102792,102437,8614,111051,1705
2021-05-28,Glenn,021,27897,2436,2419,555,2974,18
2021-05-28,Humboldt,023,135768,4285,4265,38,4303,42
2021-05-28,Imperial,025,180216,28625,28722,2685,31407,736
2021-05-28,Inyo,027,18085,1404,1404,12,1416,35
2021-05-28,Kern,029,883053,97384,96396,10835,107231,1320
2021-05-28,Kings,031,150075,23161,22962,1074,24036,244
2021-05-28,Lake,033,64148,3536,3515,9,3524,45
2021-05-28,Lassen,035,31185,5216,5169,113,5282,6
2021-05-28,Los Angeles,037,10098052,1207590,1202103,40488,1242591,24357
2021-05-28,Madera,039,155013,16640,16530,927,17457,240
2021-05-28,Marin,041,260295,14118,14063,252,14315,229
2021-05-28,Mariposa,043,17540,434,428,11,439,5
2021-05-28,Mendocino,045,87422,4016,3947,83,4030,47
2021-05-28,Merced,047,269075,31041,31176,1028,32204,455
2021-05-28,Modoc,049,8938,377,374,130,504,3
2021-05-28,Mono,051,14174,1264,1274,17,1291,3
2021-05-28,Monterey,053,433212,43182,43036,1832,44868,379
2021-05-28,Napa,055,140530,9897,9941,34,9975,82
2021-05-28,Nevada,057,99092,4839,4813,190,5003,71
2021-05-28,Orange,059,3164182,255500,254494,11247,265741,5047
2021-05-28,Placer,061,380077,23344,22987,1491,24478,293
2021-05-28,Plumas,063,18699,706,688,11,699,4
2021-05-28,Riverside,065,2383286,294267,288872,13864,302736,4442
2021-05-28,Sacramento,067,1510023,106439,106131,1743,107874,1642
2021-05-28,San Benito,069,59416,6055,6074,112,6186,63
2021-05-28,San Bernardino,071,2135413,293382,292905,8922,301827,4757
2021-05-28,San Diego,073,3302833,281036,280043,14984,295027,3756
2021-05-28,San Francisco,075,870044,36764,36987,1271,38258,546
2021-05-28,San Joaquin,077,732212,73259,72793,3496,76289,1383
2021-05-28,San Luis Obispo,079,281455,21415,21190,734,21924,256
2021-05-28,San Mateo,081,765935,42353,42364,468,42832,439
2021-05-28,Santa Barbara,083,443738,34460,34371,1113,35484,455
2021-05-28,Santa Clara,085,1922200,118683,119462,744,120206,2056
2021-05-28,Santa Cruz,087,273765,16248,16129,797,16926,207
2021-05-28,Shasta,089,179085,12346,12383,1570,13953,198
2021-05-28,Sierra,091,2930,57,54,12,66,0
2021-05-28,Siskiyou,093,43540,1935,1850,355,2205,19
2021-05-28,Solano,095,438530,32921,32892,552,33444,256
2021-05-28,Sonoma,097,501317,30152,30270,333,30603,321
2021-05-28,Stanislaus,099,539301,56466,56278,5879,62157,974
2021-05-28,Sutter,101,95872,9471,9511,84,9595,111
2021-05-28,Tehama,103,63373,5091,5064,570,5634,63
2021-05-28,Trinity,105,12862,483,328,91,419,3
2021-05-28,Tulare,107,460477,50255,49375,8892,58267,846
2021-05-28,Tuolumne,109,53932,4037,4090,43,4133,63
2021-05-28,Ventura,111,848112,81418,80985,2952,83937,1021
2021-05-28,Yolo,113,214977,14035,14050,238,14288,210
2021-05-28,Yuba,115,75493,6075,6050,121,6171,48
2021-05-27,Alameda,001,1643700,88203,88342,1912,90254,1274
2021-05-27,Alpine,003,1148,87,88,0,88,0
2021-05-27,Amador,005,37829,3675,3680,32,3712,46
2021-05-27,Butte,007,227075,12553,12401,1845,14246,190
2021-05-27,Calaveras,009,45235,2167,2163,13,2176,55
2021-05-27,Colusa,011,21464,1946,1952,310,2262,15
2021-05-27,Contra Costa,013,1133247,69696,69245,1262,70507,813
2021-05-27,Del Norte,015,27424,1418,1388,13,1401,8
2021-05-27,El Dorado,017,186661,10325,10248,742,10990,112
2021-05-27,Fresno,019,978130,102776,102413,8611,111024,1704
2021-05-27,Glenn,021,27897,2436,2415,555,2970,18
2021-05-27,Humboldt,023,135768,4277,4260,38,4298,42
2021-05-27,Imperial,025,180216,28614,28728,2685,31413,736
2021-05-27,Inyo,027,18085,1404,1404,12,1416,35
2021-05-27,Kern,029,883053,97368,96364,10827,107191,1322
2021-05-27,Kings,031,150075,23158,22953,1074,24027,245
2021-05-27,Lake,033,64148,3531,3509,9,3518,45
2021-05-27,Lassen,035,31185,5215,5170,112,5282,6
2021-05-27,Los Angeles,037,10098052,1207420,1201927,40475,1242402,24348
2021-05-27,Madera,039,155013,16631,16527,927,17454,240
2021-05-27,Marin,041,260295,14114,14061,252,14313,229
2021-05-27,Mariposa,043,17540,432,427,11,438,5
2021-05-27,Mendocino,045,87422,4010,3945,83,4028,47
2021-05-27,Merced,047,269075,31029,31161,1028,32189,455
2021-05-27,Modoc,049,8938,376,374,130,504,3
2021-05-27,Mono,051,14174,1264,1276,17,1293,3
2021-05-27,Monterey,053,433212,43176,43032,1832,44864,379
2021-05-27,Napa,055,140530,9896,9934,34,9968,82
2021-05-27,Nevada,057,99092,4835,4807,188,4995,71
2021-05-27,Orange,059,3164182,255463,254438,11243,265681,5059
2021-05-27,Placer,061,380077,23335,22966,1491,24457,293
2021-05-27,Plumas,063,18699,706,687,11,698,4
2021-05-27,Riverside,065,2383286,294231,288835,13859,302694,4443
2021-05-27,Sacramento,067,1510023,106364,106015,1741,107756,1642
2021-05-27,San Benito,069,59416,6054,6074,112,6186,63
2021-05-27,San Bernardino,071,2135413,293346,292755,8920,301675,4756
2021-05-27,San Diego,073,3302833,280962,279960,14970,294930,3756
2021-05-27,San Francisco,075,870044,36758,36980,1268,38248,546
2021-05-27,San Joaquin,077,732212,73227,72714,3493,76207,1388
2021-05-27,San Luis Obispo,079,281455,21410,21171,734,21905,256
2021-05-27,San Mateo,081,765935,42344,42345,468,42813,436
2021-05-27,Santa Barbara,083,443738,34455,34355,1113,35468,456
2021-05-27,Santa Clara,085,1922200,118662,119452,744,120196,2053
2021-05-27,Santa Cruz,087,273765,16246,16134,797,16931,207
2021-05-27,Shasta,089,179085,12336,12380,1570,13950,202
2021-05-27,Sierra,091,2930,57,54,12,66,0
2021-05-27,Siskiyou,093,43540,1932,1846,355,2201,18
2021-05-27,Solano,095,438530,32880,32855,551,33406,257
2021-05-27,Sonoma,097,501317,30125,30253,329,30582,321
2021-05-27,Stanislaus,099,539301,56441,56207,5878,62085,974
2021-05-27,Sutter,101,95872,9467,9501,84,9585,111
2021-05-27,Tehama,103,63373,5088,5064,569,5633,63
2021-05-27,Trinity,105,12862,483,328,91,419,3
2021-05-27,Tulare,107,460477,50241,49366,8883,58249,840
2021-05-27,Tuolumne,109,53932,4036,4090,43,4133,66
2021-05-27,Ventura,111,848112,81405,80965,2949,83914,1023
2021-05-27,Yolo,113,214977,14032,14036,238,14274,213
2021-05-27,Yuba,115,75493,6070,6040,120,6160,48
2021-05-26,Alameda,001,1643700,88174,88297,1912,90209,1266
2021-05-26,Alpine,003,1148,87,88,0,88,0
2021-05-26,Amador,005,37829,3675,3679,32,3711,46
2021-05-26,Butte,007,227075,12544,12332,1844,14176,190
2021-05-26,Calaveras,009,45235,2166,2154,13,2167,55
2021-05-26,Colusa,011,21464,1945,1952,310,2262,15
2021-05-26,Contra Costa,013,1133247,69659,69210,1262,70472,812
2021-05-26,Del Norte,015,27424,1418,1386,12,1398,8
2021-05-26,El Dorado,017,186661,10321,10242,741,10983,112
2021-05-26,Fresno,019,978130,102743,102374,8606,110980,1702
2021-05-26,Glenn,021,27897,2435,2415,555,2970,18
2021-05-26,Humboldt,023,135768,4272,4246,38,4284,42
2021-05-26,Imperial,025,180216,28609,28712,2683,31395,734
2021-05-26,Inyo,027,18085,1404,1403,12,1415,36
2021-05-26,Kern,029,883053,97343,96343,10820,107163,1320
2021-05-26,Kings,031,150075,23154,22950,1073,24023,245
2021-05-26,Lake,033,64148,3530,3508,9,3517,45
2021-05-26,Lassen,035,31185,5214,5164,112,5276,6
2021-05-26,Los Angeles,037,10098052,1207252,1198100,40459,1238559,24221
2021-05-26,Madera,039,155013,16628,16520,927,17447,240
2021-05-26,Marin,041,260295,14111,14061,251,14312,227
2021-05-26,Mariposa,043,17540,432,427,11,438,5
2021-05-26,Mendocino,045,87422,4004,3938,83,4021,47
2021-05-26,Merced,047,269075,31020,31139,1028,32167,455
2021-05-26,Modoc,049,8938,376,371,129,500,3
2021-05-26,Mono,051,14174,1264,1274,17,1291,3
2021-05-26,Monterey,053,433212,43170,43018,1831,44849,379
2021-05-26,Napa,055,140530,9889,9932,32,9964,82
2021-05-26,Nevada,057,99092,4830,4803,188,4991,70
2021-05-26,Orange,059,3164182,255427,254368,11240,265608,5058
2021-05-26,Placer,061,380077,23311,22940,1491,24431,293
2021-05-26,Plumas,063,18699,705,685,11,696,4
2021-05-26,Riverside,065,2383286,294185,288782,13852,302634,4443
2021-05-26,Sacramento,067,1510023,106278,105919,1737,107656,1637
2021-05-26,San Benito,069,59416,6054,6074,112,6186,63
2021-05-26,San Bernardino,071,2135413,293311,292662,8919,301581,4755
2021-05-26,San Diego,073,3302833,280887,279859,14960,294819,3755
2021-05-26,San Francisco,075,870044,36746,36954,1268,38222,546
2021-05-26,San Joaquin,077,732212,73185,72681,3490,76171,1388
2021-05-26,San Luis Obispo,079,281455,21404,21163,734,21897,256
2021-05-26,San Mateo,081,765935,42335,42331,468,42799,436
2021-05-26,Santa Barbara,083,443738,34446,34348,1113,35461,459
2021-05-26,Santa Clara,085,1922200,118635,119421,743,120164,2031
2021-05-26,Santa Cruz,087,273765,16245,16139,797,16936,207
2021-05-26,Shasta,089,179085,12321,12357,1567,13924,202
2021-05-26,Sierra,091,2930,57,54,12,66,0
2021-05-26,Siskiyou,093,43540,1930,1847,353,2200,18
2021-05-26,Solano,095,438530,32844,32831,551,33382,257
2021-05-26,Sonoma,097,501317,30098,30230,329,30559,321
2021-05-26,Stanislaus,099,539301,56419,56193,5876,62069,974
2021-05-26,Sutter,101,95872,9462,9495,84,9579,112
2021-05-26,Tehama,103,63373,5087,5054,566,5620,63
2021-05-26,Trinity,105,12862,483,328,91,419,3
2021-05-26,Tulare,107,460477,50234,49352,8879,58231,839
2021-05-26,Tuolumne,109,53932,4032,4088,42,4130,66
2021-05-26,Ventura,111,848112,81382,80944,2947,83891,1023
2021-05-26,Yolo,113,214977,14029,14025,238,14263,213
2021-05-26,Yuba,115,75493,6065,6036,120,6156,49
2021-05-25,Alameda,001,1643700,88143,88237,1912,90149,1263
2021-05-25,Alpine,003,1148,87,88,0,88,0
2021-05-25,Amador,005,37829,3670,3676,32,3708,46
2021-05-25,Butte,007,227075,12533,12295,1843,14138,189
2021-05-25,Calaveras,009,45235,2164,2148,13,2161,55
2021-05-25,Colusa,011,21464,1944,1949,310,2259,15
2021-05-25,Contra Costa,013,1133247,69607,69167,1257,70424,809
2021-05-25,Del Norte,015,27424,1418,1385,12,1397,8
2021-05-25,El Dorado,017,186661,10314,10240,740,10980,112
2021-05-25,Fresno,019,978130,102722,102329,8604,110933,1701
2021-05-25,Glenn,021,27897,2434,2414,554,2968,17
2021-05-25,Humboldt,023,135768,4265,4231,36,4267,42
2021-05-25,Imperial,025,180216,28602,28586,2683,31269,735
2021-05-25,Inyo,027,18085,1404,1402,12,1414,36
2021-05-25,Kern,029,883053,97312,96319,10806,107125,1319
2021-05-25,Kings,031,150075,23147,22944,1073,24017,245
2021-05-25,Lake,033,64148,3529,3508,9,3517,44
2021-05-25,Lassen,035,31185,5210,5164,112,5276,6
2021-05-25,Los Angeles,037,10098052,1207065,1197940,40441,1238381,24212
2021-05-25,Madera,039,155013,16623,16519,926,17445,240
2021-05-25,Marin,041,260295,14105,14053,251,14304,227
2021-05-25,Mariposa,043,17540,431,427,11,438,5
2021-05-25,Mendocino,045,87422,3999,3928,83,4011,47
2021-05-25,Merced,047,269075,30999,31132,1028,32160,455
2021-05-25,Modoc,049,8938,375,367,129,496,3
2021-05-25,Mono,051,14174,1264,1274,17,1291,3
2021-05-25,Monterey,053,433212,43166,43012,1830,44842,379
2021-05-25,Napa,055,140530,9887,9926,32,9958,82
2021-05-25,Nevada,057,99092,4824,4795,188,4983,70
2021-05-25,Orange,059,3164182,255398,254321,11239,265560,5057
2021-05-25,Placer,061,380077,23300,22920,1489,24409,292
2021-05-25,Plumas,063,18699,705,684,11,695,4
2021-05-25,Riverside,065,2383286,294146,288725,13849,302574,4443
2021-05-25,Sacramento,067,1510023,106197,105828,1734,107562,1633
2021-05-25,San Benito,069,59416,6054,6073,112,6185,63
2021-05-25,San Bernardino,071,2135413,293251,292485,8917,301402,4755
2021-05-25,San Diego,073,3302833,280805,279786,14955,294741,3753
2021-05-25,San Francisco,075,870044,36723,36939,1268,38207,546
2021-05-25,San Joaquin,077,732212,73143,72628,3487,76115,1387
2021-05-25,San Luis Obispo,079,281455,21401,21153,734,21887,256
2021-05-25,San Mateo,081,765935,42325,42268,468,42736,435
2021-05-25,Santa Barbara,083,443738,34443,34337,1113,35450,459
2021-05-25,Santa Clara,085,1922200,118611,119393,742,120135,2032
2021-05-25,Santa Cruz,087,273765,16240,16141,797,16938,207
2021-05-25,Shasta,089,179085,12312,12328,1565,13893,202
2021-05-25,Sierra,091,2930,56,54,12,66,0
2021-05-25,Siskiyou,093,43540,1929,1845,352,2197,18
2021-05-25,Solano,095,438530,32824,32817,550,33367,256
2021-05-25,Sonoma,097,501317,30069,30207,328,30535,321
2021-05-25,Stanislaus,099,539301,56383,56168,5873,62041,974
2021-05-25,Sutter,101,95872,9458,9495,84,9579,112
2021-05-25,Tehama,103,63373,5085,5048,565,5613,63
2021-05-25,Trinity,105,12862,483,328,90,418,3
2021-05-25,Tulare,107,460477,50224,49326,8871,58197,838
2021-05-25,Tuolumne,109,53932,4032,4084,42,4126,66
2021-05-25,Ventura,111,848112,81364,80905,2947,83852,1022
2021-05-25,Yolo,113,214977,14021,14018,236,14254,213
2021-05-25,Yuba,115,75493,6058,6028,120,6148,49
2021-05-24,Alameda,001,1643700,88103,88182,1910,90092,1263
2021-05-24,Alpine,003,1148,87,88,0,88,0
2021-05-24,Amador,005,37829,3668,3675,32,3707,46
2021-05-24,Butte,007,227075,12520,12279,1840,14119,189
2021-05-24,Calaveras,009,45235,2162,2146,13,2159,54
2021-05-24,Colusa,011,21464,1944,1949,310,2259,15
2021-05-24,Contra Costa,013,1133247,69566,69107,1253,70360,809
2021-05-24,Del Norte,015,27424,1417,1384,12,1396,8
2021-05-24,El Dorado,017,186661,10304,10227,739,10966,112
2021-05-24,Fresno,019,978130,102680,102289,8603,110892,1698
2021-05-24,Glenn,021,27897,2434,2413,554,2967,17
2021-05-24,Humboldt,023,135768,4258,4225,36,4261,42
2021-05-24,Imperial,025,180216,28600,28575,2683,31258,735
2021-05-24,Inyo,027,18085,1404,1402,12,1414,36
2021-05-24,Kern,029,883053,97285,96296,10801,107097,1319
2021-05-24,Kings,031,150075,23143,22940,1073,24013,246
2021-05-24,Lake,033,64148,3527,3506,9,3515,43
2021-05-24,Lassen,035,31185,5206,5163,112,5275,6
2021-05-24,Los Angeles,037,10098052,1206893,1197782,40427,1238209,24201
2021-05-24,Madera,039,155013,16619,16513,925,17438,239
2021-05-24,Marin,041,260295,14103,14051,251,14302,227
2021-05-24,Mariposa,043,17540,430,427,11,438,5
2021-05-24,Mendocino,045,87422,3997,3919,83,4002,47
2021-05-24,Merced,047,269075,30989,31128,1027,32155,455
2021-05-24,Modoc,049,8938,375,366,128,494,3
2021-05-24,Mono,051,14174,1264,1270,17,1287,3
2021-05-24,Monterey,053,433212,43161,43005,1829,44834,379
2021-05-24,Napa,055,140530,9887,9924,32,9956,82
2021-05-24,Nevada,057,99092,4821,4790,188,4978,70
2021-05-24,Orange,059,3164182,255364,254287,11229,265516,5056
2021-05-24,Placer,061,380077,23281,22895,1488,24383,292
2021-05-24,Plumas,063,18699,704,683,11,694,4
2021-05-24,Riverside,065,2383286,294089,288669,13839,302508,4442
2021-05-24,Sacramento,067,1510023,106082,105716,1733,107449,1632
2021-05-24,San Benito,069,59416,6054,6072,112,6184,63
2021-05-24,San Bernardino,071,2135413,293211,292343,8916,301259,4747
2021-05-24,San Diego,073,3302833,280697,279715,14945,294660,3749
2021-05-24,San Francisco,075,870044,36703,36934,1265,38199,547
2021-05-24,San Joaquin,077,732212,73111,72586,3487,76073,1371
2021-05-24,San Luis Obispo,079,281455,21383,21146,733,21879,256
2021-05-24,San Mateo,081,765935,42315,42249,468,42717,433
2021-05-24,Santa Barbara,083,443738,34438,34322,1113,35435,459
2021-05-24,Santa Clara,085,1922200,118579,119358,742,120100,2030
2021-05-24,Santa Cruz,087,273765,16234,16135,797,16932,207
2021-05-24,Shasta,089,179085,12295,12315,1562,13877,201
2021-05-24,Sierra,091,2930,56,54,12,66,0
2021-05-24,Siskiyou,093,43540,1926,1840,352,2192,17
2021-05-24,Solano,095,438530,32800,32792,549,33341,254
2021-05-24,Sonoma,097,501317,30054,30187,328,30515,321
2021-05-24,Stanislaus,099,539301,56349,56128,5869,61997,974
2021-05-24,Sutter,101,95872,9452,9486,84,9570,113
2021-05-24,Tehama,103,63373,5082,5043,563,5606,63
2021-05-24,Trinity,105,12862,483,328,90,418,3
2021-05-24,Tulare,107,460477,50217,49318,8867,58185,838
2021-05-24,Tuolumne,109,53932,4032,4083,42,4125,65
2021-05-24,Ventura,111,848112,81351,80876,2945,83821,1022
2021-05-24,Yolo,113,214977,14004,14012,234,14246,213
2021-05-24,Yuba,115,75493,6049,6022,120,6142,49
2021-05-23,Alameda,001,1643700,88040,88157,1908,90065,1263
2021-05-23,Alpine,003,1148,87,88,0,88,0
2021-05-23,Amador,005,37829,3667,3673,32,3705,46
2021-05-23,Butte,007,227075,12506,12271,1839,14110,189
2021-05-23,Calaveras,009,45235,2154,2144,13,2157,54
2021-05-23,Colusa,011,21464,1944,1949,308,2257,15
2021-05-23,Contra Costa,013,1133247,69522,69075,1251,70326,809
2021-05-23,Del Norte,015,27424,1413,1383,12,1395,8
2021-05-23,El Dorado,017,186661,10298,10222,739,10961,112
2021-05-23,Fresno,019,978130,102635,102270,8598,110868,1698
2021-05-23,Glenn,021,27897,2432,2413,554,2967,17
2021-05-23,Humboldt,023,135768,4240,4216,36,4252,42
2021-05-23,Imperial,025,180216,28594,28569,2682,31251,735
2021-05-23,Inyo,027,18085,1404,1402,12,1414,36
2021-05-23,Kern,029,883053,97261,96282,10793,107075,1319
2021-05-23,Kings,031,150075,23130,22939,1071,24010,246
2021-05-23,Lake,033,64148,3524,3504,9,3513,43
2021-05-23,Lassen,035,31185,5202,5163,111,5274,6
2021-05-23,Los Angeles,037,10098052,1206704,1197633,40416,1238049,24197
2021-05-23,Madera,039,155013,16613,16504,925,17429,239
2021-05-23,Marin,041,260295,14094,14048,250,14298,227
2021-05-23,Mariposa,043,17540,430,427,11,438,5
2021-05-23,Mendocino,045,87422,3991,3913,82,3995,47
2021-05-23,Merced,047,269075,30980,31118,1027,32145,455
2021-05-23,Modoc,049,8938,371,366,128,494,3
2021-05-23,Mono,051,14174,1263,1270,17,1287,3
2021-05-23,Monterey,053,433212,43151,43003,1829,44832,379
2021-05-23,Napa,055,140530,9883,9923,32,9955,82
2021-05-23,Nevada,057,99092,4811,4790,188,4978,70
2021-05-23,Orange,059,3164182,255326,254277,11223,265500,5050
2021-05-23,Placer,061,380077,23261,22888,1488,24376,292
2021-05-23,Plumas,063,18699,703,683,11,694,4
2021-05-23,Riverside,065,2383286,294021,288641,13835,302476,4442
2021-05-23,Sacramento,067,1510023,105966,105663,1730,107393,1632
2021-05-23,San Benito,069,59416,6053,6072,112,6184,63
2021-05-23,San Bernardino,071,2135413,293160,292327,8915,301242,4747
2021-05-23,San Diego,073,3302833,280607,279690,14934,294624,3751
2021-05-23,San Francisco,075,870044,36692,36927,1264,38191,547
2021-05-23,San Joaquin,077,732212,73062,72571,3485,76056,1371
2021-05-23,San Luis Obispo,079,281455,21373,21141,732,21873,256
2021-05-23,San Mateo,081,765935,42298,42248,468,42716,433
2021-05-23,Santa Barbara,083,443738,34431,34319,1113,35432,459
2021-05-23,Santa Clara,085,1922200,118555,119333,742,120075,2030
2021-05-23,Santa Cruz,087,273765,16231,16130,797,16927,207
2021-05-23,Shasta,089,179085,12278,12313,1558,13871,201
2021-05-23,Sierra,091,2930,56,54,12,66,0
2021-05-23,Siskiyou,093,43540,1921,1826,345,2171,17
2021-05-23,Solano,095,438530,32782,32780,548,33328,254
2021-05-23,Sonoma,097,501317,30025,30168,327,30495,321
2021-05-23,Stanislaus,099,539301,56301,56104,5866,61970,974
2021-05-23,Sutter,101,95872,9443,9479,84,9563,113
2021-05-23,Tehama,103,63373,5075,5041,561,5602,63
2021-05-23,Trinity,105,12862,483,328,90,418,3
2021-05-23,Tulare,107,460477,50203,49310,8863,58173,838
2021-05-23,Tuolumne,109,53932,4029,4081,42,4123,65
2021-05-23,Ventura,111,848112,81321,80872,2944,83816,1022
2021-05-23,Yolo,113,214977,13992,14004,231,14235,213
2021-05-23,Yuba,115,75493,6044,6017,120,6137,49
2021-05-22,Alameda,001,1643700,88013,88101,1908,90009,1263
2021-05-22,Alpine,003,1148,87,88,0,88,0
2021-05-22,Amador,005,37829,3666,3672,32,3704,46
2021-05-22,Butte,007,227075,12494,12265,1838,14103,189
2021-05-22,Calaveras,009,45235,2150,2141,13,2154,54
2021-05-22,Colusa,011,21464,1940,1949,307,2256,15
2021-05-22,Contra Costa,013,1133247,69489,69004,1250,70254,809
2021-05-22,Del Norte,015,27424,1412,1381,12,1393,8
2021-05-22,El Dorado,017,186661,10293,10215,738,10953,112
2021-05-22,Fresno,019,978130,102621,102238,8596,110834,1698
2021-05-22,Glenn,021,27897,2432,2412,554,2966,17
2021-05-22,Humboldt,023,135768,4231,4194,35,4229,42
2021-05-22,Imperial,025,180216,28585,28574,2682,31256,735
2021-05-22,Inyo,027,18085,1404,1402,12,1414,36
2021-05-22,Kern,029,883053,97249,96260,10786,107046,1319
2021-05-22,Kings,031,150075,23130,22936,1071,24007,246
2021-05-22,Lake,033,64148,3521,3502,9,3511,43
2021-05-22,Lassen,035,31185,5202,5163,111,5274,6
2021-05-22,Los Angeles,037,10098052,1206595,1197454,40408,1237862,24192
2021-05-22,Madera,039,155013,16610,16503,925,17428,239
2021-05-22,Marin,041,260295,14091,14043,250,14293,227
2021-05-22,Mariposa,043,17540,430,427,11,438,5
2021-05-22,Mendocino,045,87422,3985,3908,82,3990,47
2021-05-22,Merced,047,269075,30970,31099,1027,32126,455
2021-05-22,Modoc,049,8938,371,366,128,494,3
2021-05-22,Mono,051,14174,1261,1270,17,1287,3
2021-05-22,Monterey,053,433212,43145,42998,1829,44827,379
2021-05-22,Napa,055,140530,9882,9918,32,9950,82
2021-05-22,Nevada,057,99092,4804,4787,187,4974,70
2021-05-22,Orange,059,3164182,255305,254238,11218,265456,5048
2021-05-22,Placer,061,380077,23247,22865,1487,24352,292
2021-05-22,Plumas,063,18699,702,683,11,694,4
2021-05-22,Riverside,065,2383286,293989,288580,13834,302414,4442
2021-05-22,Sacramento,067,1510023,105891,105551,1727,107278,1632
2021-05-22,San Benito,069,59416,6053,6071,112,6183,63
2021-05-22,San Bernardino,071,2135413,293135,292292,8915,301207,4747
2021-05-22,San Diego,073,3302833,280548,279614,14926,294540,3751
2021-05-22,San Francisco,075,870044,36682,36906,1262,38168,547
2021-05-22,San Joaquin,077,732212,73040,72528,3482,76010,1371
2021-05-22,San Luis Obispo,079,281455,21365,21134,731,21865,256
2021-05-22,San Mateo,081,765935,42288,42218,468,42686,433
2021-05-22,Santa Barbara,083,443738,34427,34313,1112,35425,459
2021-05-22,Santa Clara,085,1922200,118532,119292,742,120034,2030
2021-05-22,Santa Cruz,087,273765,16231,16125,797,16922,207
2021-05-22,Shasta,089,179085,12271,12307,1555,13862,201
2021-05-22,Sierra,091,2930,56,54,12,66,0
2021-05-22,Siskiyou,093,43540,1920,1824,344,2168,17
2021-05-22,Solano,095,438530,32769,32753,548,33301,254
2021-05-22,Sonoma,097,501317,30013,30154,327,30481,321
2021-05-22,Stanislaus,099,539301,56277,56069,5865,61934,974
2021-05-22,Sutter,101,95872,9438,9476,84,9560,113
2021-05-22,Tehama,103,63373,5074,5036,561,5597,63
2021-05-22,Trinity,105,12862,483,328,90,418,3
2021-05-22,Tulare,107,460477,50198,49299,8858,58157,838
2021-05-22,Tuolumne,109,53932,4029,4078,42,4120,65
2021-05-22,Ventura,111,848112,81317,80859,2944,83803,1022
2021-05-22,Yolo,113,214977,13990,13997,231,14228,213
2021-05-22,Yuba,115,75493,6041,6010,120,6130,49
2021-05-21,Alameda,001,1643700,87987,88041,1907,89948,1263
2021-05-21,Alpine,003,1148,87,88,0,88,0
2021-05-21,Amador,005,37829,3663,3672,32,3704,46
2021-05-21,Butte,007,227075,12488,12236,1836,14072,188
2021-05-21,Calaveras,009,45235,2148,2138,13,2151,54
2021-05-21,Colusa,011,21464,1940,1947,307,2254,15
2021-05-21,Contra Costa,013,1133247,69446,68965,1249,70214,810
2021-05-21,Del Norte,015,27424,1411,1376,12,1388,8
2021-05-21,El Dorado,017,186661,10289,10204,738,10942,112
2021-05-21,Fresno,019,978130,102593,102189,8594,110783,1698
2021-05-21,Glenn,021,27897,2431,2408,554,2962,17
2021-05-21,Humboldt,023,135768,4224,4175,35,4210,42
2021-05-21,Imperial,025,180216,28578,28572,2681,31253,732
2021-05-21,Inyo,027,18085,1404,1402,12,1414,36
2021-05-21,Kern,029,883053,97235,96233,10779,107012,1318
2021-05-21,Kings,031,150075,23130,22927,1071,23998,246
2021-05-21,Lake,033,64148,3519,3500,9,3509,43
2021-05-21,Lassen,035,31185,5201,5161,111,5272,6
2021-05-21,Los Angeles,037,10098052,1206477,1197263,40400,1237663,24180
2021-05-21,Madera,039,155013,16609,16500,924,17424,238
2021-05-21,Marin,041,260295,14086,14042,250,14292,227
2021-05-21,Mariposa,043,17540,429,427,11,438,5
2021-05-21,Mendocino,045,87422,3980,3897,82,3979,47
2021-05-21,Merced,047,269075,30962,31076,1027,32103,455
2021-05-21,Modoc,049,8938,371,365,128,493,3
2021-05-21,Mono,051,14174,1261,1269,17,1286,3
2021-05-21,Monterey,053,433212,43143,42995,1829,44824,379
2021-05-21,Napa,055,140530,9878,9913,32,9945,82
2021-05-21,Nevada,057,99092,4803,4779,187,4966,70
2021-05-21,Orange,059,3164182,255285,254171,11216,265387,5042
2021-05-21,Placer,061,380077,23238,22853,1487,24340,292
2021-05-21,Plumas,063,18699,702,683,10,693,4
2021-05-21,Riverside,065,2383286,293962,288499,13827,302326,4442
2021-05-21,Sacramento,067,1510023,105823,105476,1724,107200,1632
2021-05-21,San Benito,069,59416,6053,6068,112,6180,63
2021-05-21,San Bernardino,071,2135413,293103,292205,8913,301118,4744
2021-05-21,San Diego,073,3302833,280475,279554,14916,294470,3748
2021-05-21,San Francisco,075,870044,36677,36879,1262,38141,546
2021-05-21,San Joaquin,077,732212,73020,72467,3480,75947,1371
2021-05-21,San Luis Obispo,079,281455,21359,21128,728,21856,256
2021-05-21,San Mateo,081,765935,42275,42163,467,42630,432
2021-05-21,Santa Barbara,083,443738,34422,34302,1112,35414,459
2021-05-21,Santa Clara,085,1922200,118505,119247,742,119989,2029
2021-05-21,Santa Cruz,087,273765,16227,16120,797,16917,207
2021-05-21,Shasta,089,179085,12254,12289,1553,13842,201
2021-05-21,Sierra,091,2930,56,54,12,66,0
2021-05-21,Siskiyou,093,43540,1919,1815,344,2159,16
2021-05-21,Solano,095,438530,32754,32742,548,33290,254
2021-05-21,Sonoma,097,501317,30000,30126,327,30453,321
2021-05-21,Stanislaus,099,539301,56247,56036,5863,61899,975
2021-05-21,Sutter,101,95872,9436,9470,84,9554,113
2021-05-21,Tehama,103,63373,5068,5030,561,5591,63
2021-05-21,Trinity,105,12862,483,329,89,418,3
2021-05-21,Tulare,107,460477,50193,49271,8856,58127,838
2021-05-21,Tuolumne,109,53932,4027,4079,42,4121,65
2021-05-21,Ventura,111,848112,81309,80821,2941,83762,1021
2021-05-21,Yolo,113,214977,13984,13983,231,14214,213
2021-05-21,Yuba,115,75493,6035,6006,120,6126,49
2021-05-20,Alameda,001,1643700,87944,87975,1905,89880,1264
2021-05-20,Alpine,003,1148,87,88,0,88,0
2021-05-20,Amador,005,37829,3662,3671,32,3703,46
2021-05-20,Butte,007,227075,12481,12220,1833,14053,188
2021-05-20,Calaveras,009,45235,2144,2138,13,2151,54
2021-05-20,Colusa,011,21464,1939,1946,305,2251,15
2021-05-20,Contra Costa,013,1133247,69401,68913,1247,70160,809
2021-05-20,Del Norte,015,27424,1411,1373,12,1385,8
2021-05-20,El Dorado,017,186661,10279,10188,738,10926,112
2021-05-20,Fresno,019,978130,102571,102135,8592,110727,1696
2021-05-20,Glenn,021,27897,2428,2406,554,2960,17
2021-05-20,Humboldt,023,135768,4207,4162,34,4196,42
2021-05-20,Imperial,025,180216,28573,28551,2681,31232,732
2021-05-20,Inyo,027,18085,1404,1402,12,1414,36
2021-05-20,Kern,029,883053,97214,96204,10772,106976,1317
2021-05-20,Kings,031,150075,23128,22922,1071,23993,246
2021-05-20,Lake,033,64148,3516,3500,9,3509,43
2021-05-20,Lassen,035,31185,5199,5160,110,5270,6
2021-05-20,Los Angeles,037,10098052,1206320,1197073,40390,1237463,24168
2021-05-20,Madera,039,155013,16603,16499,922,17421,238
2021-05-20,Marin,041,260295,14082,14036,249,14285,227
2021-05-20,Mariposa,043,17540,429,426,11,437,5
2021-05-20,Mendocino,045,87422,3973,3897,82,3979,47
2021-05-20,Merced,047,269075,30949,31046,1026,32072,454
2021-05-20,Modoc,049,8938,371,365,128,493,3
2021-05-20,Mono,051,14174,1260,1269,17,1286,3
2021-05-20,Monterey,053,433212,43137,42984,1828,44812,379
2021-05-20,Napa,055,140530,9875,9913,32,9945,82
2021-05-20,Nevada,057,99092,4802,4775,187,4962,70
2021-05-20,Orange,059,3164182,255242,254127,11213,265340,5038
2021-05-20,Placer,061,380077,23225,22823,1486,24309,292
2021-05-20,Plumas,063,18699,700,682,10,692,4
2021-05-20,Riverside,065,2383286,293914,288453,13822,302275,4442
2021-05-20,Sacramento,067,1510023,105727,105414,1721,107135,1629
2021-05-20,San Benito,069,59416,6052,6067,112,6179,63
2021-05-20,San Bernardino,071,2135413,293057,292153,8912,301065,4728
2021-05-20,San Diego,073,3302833,280387,279490,14904,294394,3749
2021-05-20,San Francisco,075,870044,36668,36860,1262,38122,546
2021-05-20,San Joaquin,077,732212,72982,72388,3478,75866,1371
2021-05-20,San Luis Obispo,079,281455,21347,21095,726,21821,256
2021-05-20,San Mateo,081,765935,42261,42152,465,42617,432
2021-05-20,Santa Barbara,083,443738,34418,34293,1112,35405,459
2021-05-20,Santa Clara,085,1922200,118484,119222,742,119964,2029
2021-05-20,Santa Cruz,087,273765,16222,16119,797,16916,207
2021-05-20,Shasta,089,179085,12241,12266,1550,13816,200
2021-05-20,Sierra,091,2930,56,54,12,66,0
2021-05-20,Siskiyou,093,43540,1912,1811,343,2154,16
2021-05-20,Solano,095,438530,32739,32725,548,33273,253
2021-05-20,Sonoma,097,501317,29983,30107,326,30433,321
2021-05-20,Stanislaus,099,539301,56218,55979,5861,61840,970
2021-05-20,Sutter,101,95872,9432,9467,84,9551,113
2021-05-20,Tehama,103,63373,5066,5029,561,5590,63
2021-05-20,Trinity,105,12862,483,329,88,417,3
2021-05-20,Tulare,107,460477,50182,49217,8853,58070,837
2021-05-20,Tuolumne,109,53932,4026,4077,42,4119,65
2021-05-20,Ventura,111,848112,81298,80800,2941,83741,1019
2021-05-20,Yolo,113,214977,13979,13973,231,14204,211
2021-05-20,Yuba,115,75493,6026,6002,120,6122,49
2021-05-19,Alameda,001,1643700,87905,87889,1904,89793,1260
2021-05-19,Alpine,003,1148,87,88,0,88,0
2021-05-19,Amador,005,37829,3662,3669,32,3701,46
2021-05-19,Butte,007,227075,12470,12198,1833,14031,188
2021-05-19,Calaveras,009,45235,2140,2132,13,2145,54
2021-05-19,Colusa,011,21464,1939,1945,303,2248,15
2021-05-19,Contra Costa,013,1133247,69354,68836,1247,70083,808
2021-05-19,Del Norte,015,27424,1409,1371,12,1383,8
2021-05-19,El Dorado,017,186661,10274,10179,737,10916,112
2021-05-19,Fresno,019,978130,102540,102085,8589,110674,1693
2021-05-19,Glenn,021,27897,2428,2404,554,2958,17
2021-05-19,Humboldt,023,135768,4197,4143,34,4177,42
2021-05-19,Imperial,025,180216,28564,28550,2681,31231,732
2021-05-19,Inyo,027,18085,1404,1402,12,1414,36
2021-05-19,Kern,029,883053,97185,96173,10765,106938,1316
2021-05-19,Kings,031,150075,23122,22919,1071,23990,246
2021-05-19,Lake,033,64148,3516,3497,9,3506,43
2021-05-19,Lassen,035,31185,5198,5157,110,5267,6
2021-05-19,Los Angeles,037,10098052,1206123,1196856,40376,1237232,24143
2021-05-19,Madera,039,155013,16600,16496,922,17418,238
2021-05-19,Marin,041,260295,14078,14033,247,14280,227
2021-05-19,Mariposa,043,17540,429,425,11,436,5
2021-05-19,Mendocino,045,87422,3969,3886,82,3968,47
2021-05-19,Merced,047,269075,30933,31044,1026,32070,452
2021-05-19,Modoc,049,8938,371,364,125,489,3
2021-05-19,Mono,051,14174,1260,1266,17,1283,3
2021-05-19,Monterey,053,433212,43132,42973,1827,44800,379
2021-05-19,Napa,055,140530,9872,9906,32,9938,82
2021-05-19,Nevada,057,99092,4800,4769,187,4956,70
2021-05-19,Orange,059,3164182,255205,254087,11203,265290,5035
2021-05-19,Placer,061,380077,23206,22784,1481,24265,291
2021-05-19,Plumas,063,18699,700,682,10,692,4
2021-05-19,Riverside,065,2383286,293868,288398,13820,302218,4442
2021-05-19,Sacramento,067,1510023,105648,105225,1720,106945,1629
2021-05-19,San Benito,069,59416,6051,6064,112,6176,63
2021-05-19,San Bernardino,071,2135413,293013,292078,8909,300987,4725
2021-05-19,San Diego,073,3302833,280302,279345,14883,294228,3746
2021-05-19,San Francisco,075,870044,36655,36835,1261,38096,546
2021-05-19,San Joaquin,077,732212,72939,72338,3473,75811,1369
2021-05-19,San Luis Obispo,079,281455,21339,21085,725,21810,256
2021-05-19,San Mateo,081,765935,42254,42126,465,42591,429
2021-05-19,Santa Barbara,083,443738,34410,34292,1112,35404,459
2021-05-19,Santa Clara,085,1922200,118444,119176,741,119917,2015
2021-05-19,Santa Cruz,087,273765,16218,16121,796,16917,207
2021-05-19,Shasta,089,179085,12223,12233,1547,13780,200
2021-05-19,Sierra,091,2930,56,54,12,66,0
2021-05-19,Siskiyou,093,43540,1909,1803,342,2145,16
2021-05-19,Solano,095,438530,32712,32678,546,33224,253
2021-05-19,Sonoma,097,501317,29968,30080,326,30406,321
2021-05-19,Stanislaus,099,539301,56198,55912,5856,61768,967
2021-05-19,Sutter,101,95872,9425,9459,83,9542,113
2021-05-19,Tehama,103,63373,5057,5026,557,5583,63
2021-05-19,Trinity,105,12862,483,329,88,417,3
2021-05-19,Tulare,107,460477,50169,49163,8848,58011,837
2021-05-19,Tuolumne,109,53932,4026,4074,42,4116,64
2021-05-19,Ventura,111,848112,81283,80747,2940,83687,1019
2021-05-19,Yolo,113,214977,13973,13961,230,14191,211
2021-05-19,Yuba,115,75493,6022,5993,120,6113,49
2021-05-18,Alameda,001,1643700,87831,87816,1904,89720,1254
2021-05-18,Alpine,003,1148,87,88,0,88,0
2021-05-18,Amador,005,37829,3662,3669,32,3701,46
2021-05-18,Butte,007,227075,12457,12164,1830,13994,191
2021-05-18,Calaveras,009,45235,2136,2131,13,2144,54
2021-05-18,Colusa,011,21464,1939,1943,303,2246,14
2021-05-18,Contra Costa,013,1133247,69297,68750,1246,69996,808
2021-05-18,Del Norte,015,27424,1406,1371,12,1383,8
2021-05-18,El Dorado,017,186661,10263,10169,736,10905,112
2021-05-18,Fresno,019,978130,102504,102056,8586,110642,1690
2021-05-18,Glenn,021,27897,2422,2403,553,2956,17
2021-05-18,Humboldt,023,135768,4179,4132,34,4166,42
2021-05-18,Imperial,025,180216,28559,28538,2679,31217,730
2021-05-18,Inyo,027,18085,1404,1401,12,1413,36
2021-05-18,Kern,029,883053,97152,96128,10751,106879,1315
2021-05-18,Kings,031,150075,23116,22916,1071,23987,247
2021-05-18,Lake,033,64148,3514,3495,9,3504,43
2021-05-18,Lassen,035,31185,5197,5157,109,5266,6
2021-05-18,Los Angeles,037,10098052,1205943,1196668,40365,1237033,24133
2021-05-18,Madera,039,155013,16590,16491,921,17412,238
2021-05-18,Marin,041,260295,14075,14026,247,14273,227
2021-05-18,Mariposa,043,17540,429,424,11,435,5
2021-05-18,Mendocino,045,87422,3957,3877,81,3958,47
2021-05-18,Merced,047,269075,30914,31036,1026,32062,452
2021-05-18,Modoc,049,8938,370,364,124,488,3
2021-05-18,Mono,051,14174,1259,1265,17,1282,3
2021-05-18,Monterey,053,433212,43126,43001,1827,44828,379
2021-05-18,Napa,055,140530,9872,9905,32,9937,82
2021-05-18,Nevada,057,99092,4793,4762,187,4949,70
2021-05-18,Orange,059,3164182,255165,254041,11193,265234,5031
2021-05-18,Placer,061,380077,23173,22726,1477,24203,291
2021-05-18,Plumas,063,18699,700,682,10,692,4
2021-05-18,Riverside,065,2383286,293813,288354,13813,302167,4438
2021-05-18,Sacramento,067,1510023,105546,105083,1718,106801,1629
2021-05-18,San Benito,069,59416,6050,6065,112,6177,63
2021-05-18,San Bernardino,071,2135413,292955,292014,8904,300918,4722
2021-05-18,San Diego,073,3302833,280194,279254,14874,294128,3742
2021-05-18,San Francisco,075,870044,36635,36818,1261,38079,546
2021-05-18,San Joaquin,077,732212,72892,72282,3469,75751,1368
2021-05-18,San Luis Obispo,079,281455,21329,21080,723,21803,256
2021-05-18,San Mateo,081,765935,42242,42099,464,42563,428
2021-05-18,Santa Barbara,083,443738,34401,34278,1112,35390,459
2021-05-18,Santa Clara,085,1922200,118417,119171,741,119912,2014
2021-05-18,Santa Cruz,087,273765,16210,16137,796,16933,207
2021-05-18,Shasta,089,179085,12205,12197,1541,13738,200
2021-05-18,Sierra,091,2930,56,54,12,66,0
2021-05-18,Siskiyou,093,43540,1908,1799,342,2141,16
2021-05-18,Solano,095,438530,32687,32644,546,33190,253
2021-05-18,Sonoma,097,501317,29948,30054,325,30379,321
2021-05-18,Stanislaus,099,539301,56162,55860,5856,61716,959
2021-05-18,Sutter,101,95872,9417,9453,83,9536,113
2021-05-18,Tehama,103,63373,5051,5020,555,5575,63
2021-05-18,Trinity,105,12862,483,329,87,416,3
2021-05-18,Tulare,107,460477,50161,49142,8843,57985,836
2021-05-18,Tuolumne,109,53932,4024,4073,42,4115,64
2021-05-18,Ventura,111,848112,81267,80726,2938,83664,1017
2021-05-18,Yolo,113,214977,13965,13951,230,14181,211
2021-05-18,Yuba,115,75493,6018,5989,120,6109,49
2021-05-17,Alameda,001,1643700,87778,87766,1901,89667,1253
2021-05-17,Alpine,003,1148,87,88,0,88,0
2021-05-17,Amador,005,37829,3659,3668,32,3700,46
2021-05-17,Butte,007,227075,12449,12144,1830,13974,192
2021-05-17,Calaveras,009,45235,2136,2131,13,2144,53
2021-05-17,Colusa,011,21464,1939,1943,303,2246,14
2021-05-17,Contra Costa,013,1133247,69242,68720,1245,69965,805
2021-05-17,Del Norte,015,27424,1401,1369,12,1381,8
2021-05-17,El Dorado,017,186661,10246,10163,736,10899,112
2021-05-17,Fresno,019,978130,102460,102013,8578,110591,1690
2021-05-17,Glenn,021,27897,2422,2401,553,2954,17
2021-05-17,Humboldt,023,135768,4168,4112,34,4146,42
2021-05-17,Imperial,025,180216,28553,28533,2677,31210,729
2021-05-17,Inyo,027,18085,1404,1401,12,1413,36
2021-05-17,Kern,029,883053,97123,96095,10733,106828,1315
2021-05-17,Kings,031,150075,23113,22918,1071,23989,246
2021-05-17,Lake,033,64148,3509,3489,9,3498,43
2021-05-17,Lassen,035,31185,5194,5156,108,5264,6
2021-05-17,Los Angeles,037,10098052,1205762,1196556,40359,1236915,24123
2021-05-17,Madera,039,155013,16583,16486,921,17407,238
2021-05-17,Marin,041,260295,14069,14021,247,14268,227
2021-05-17,Mariposa,043,17540,428,423,11,434,5
2021-05-17,Mendocino,045,87422,3948,3868,81,3949,46
2021-05-17,Merced,047,269075,30899,31031,1026,32057,450
2021-05-17,Modoc,049,8938,369,362,124,486,3
2021-05-17,Mono,051,14174,1255,1265,17,1282,3
2021-05-17,Monterey,053,433212,43119,42995,1827,44822,379
2021-05-17,Napa,055,140530,9871,9894,32,9926,82
2021-05-17,Nevada,057,99092,4789,4761,186,4947,70
2021-05-17,Orange,059,3164182,255118,253993,11186,265179,5031
2021-05-17,Placer,061,380077,23150,22706,1470,24176,289
2021-05-17,Plumas,063,18699,700,682,10,692,4
2021-05-17,Riverside,065,2383286,293744,288304,13809,302113,4433
2021-05-17,Sacramento,067,1510023,105439,105035,1716,106751,1629
2021-05-17,San Benito,069,59416,6047,6067,112,6179,63
2021-05-17,San Bernardino,071,2135413,292905,291989,8896,300885,4724
2021-05-17,San Diego,073,3302833,280062,279146,14852,293998,3742
2021-05-17,San Francisco,075,870044,36623,36816,1259,38075,546
2021-05-17,San Joaquin,077,732212,72854,72234,3466,75700,1359
2021-05-17,San Luis Obispo,079,281455,21320,21079,721,21800,256
2021-05-17,San Mateo,081,765935,42214,42083,464,42547,428
2021-05-17,Santa Barbara,083,443738,34394,34275,1112,35387,459
2021-05-17,Santa Clara,085,1922200,118380,119116,739,119855,2015
2021-05-17,Santa Cruz,087,273765,16207,16151,796,16947,206
2021-05-17,Shasta,089,179085,12183,12163,1540,13703,200
2021-05-17,Sierra,091,2930,56,54,12,66,0
2021-05-17,Siskiyou,093,43540,1899,1795,339,2134,15
2021-05-17,Solano,095,438530,32669,32627,545,33172,253
2021-05-17,Sonoma,097,501317,29925,30043,324,30367,321
2021-05-17,Stanislaus,099,539301,56114,55839,5849,61688,951
2021-05-17,Sutter,101,95872,9410,9447,83,9530,113
2021-05-17,Tehama,103,63373,5047,5016,554,5570,63
2021-05-17,Trinity,105,12862,483,328,87,415,3
2021-05-17,Tulare,107,460477,50139,49107,8838,57945,836
2021-05-17,Tuolumne,109,53932,4024,4071,42,4113,64
2021-05-17,Ventura,111,848112,81247,80699,2938,83637,1017
2021-05-17,Yolo,113,214977,13958,13941,230,14171,211
2021-05-17,Yuba,115,75493,6010,5987,120,6107,49
2021-05-16,Alameda,001,1643700,87714,87743,1901,89644,1253
2021-05-16,Alpine,003,1148,87,88,0,88,0
2021-05-16,Amador,005,37829,3658,3667,32,3699,46
2021-05-16,Butte,007,227075,12435,12140,1829,13969,192
2021-05-16,Calaveras,009,45235,2134,2129,13,2142,53
2021-05-16,Colusa,011,21464,1937,1943,303,2246,14
2021-05-16,Contra Costa,013,1133247,69174,68694,1243,69937,805
2021-05-16,Del Norte,015,27424,1398,1365,12,1377,8
2021-05-16,El Dorado,017,186661,10230,10159,735,10894,112
2021-05-16,Fresno,019,978130,102416,101987,8572,110559,1690
2021-05-16,Glenn,021,27897,2422,2401,552,2953,17
2021-05-16,Humboldt,023,135768,4154,4104,34,4138,42
2021-05-16,Imperial,025,180216,28542,28516,2676,31192,729
2021-05-16,Inyo,027,18085,1404,1401,12,1413,36
2021-05-16,Kern,029,883053,97090,96083,10713,106796,1315
2021-05-16,Kings,031,150075,23109,22918,1068,23986,246
2021-05-16,Lake,033,64148,3506,3489,9,3498,43
2021-05-16,Lassen,035,31185,5193,5156,108,5264,6
2021-05-16,Los Angeles,037,10098052,1205536,1196397,40343,1236740,24120
2021-05-16,Madera,039,155013,16578,16483,918,17401,238
2021-05-16,Marin,041,260295,14066,14015,247,14262,227
2021-05-16,Mariposa,043,17540,428,423,11,434,5
2021-05-16,Mendocino,045,87422,3938,3863,81,3944,46
2021-05-16,Merced,047,269075,30878,31023,1024,32047,450
2021-05-16,Modoc,049,8938,369,362,124,486,3
2021-05-16,Mono,051,14174,1255,1265,17,1282,3
2021-05-16,Monterey,053,433212,43114,42991,1827,44818,379
2021-05-16,Napa,055,140530,9868,9891,32,9923,82
2021-05-16,Nevada,057,99092,4785,4755,186,4941,70
2021-05-16,Orange,059,3164182,255086,253962,11183,265145,5031
2021-05-16,Placer,061,380077,23118,22696,1464,24160,289
2021-05-16,Plumas,063,18699,699,682,10,692,4
2021-05-16,Riverside,065,2383286,293668,288259,13801,302060,4433
2021-05-16,Sacramento,067,1510023,105325,105013,1714,106727,1628
2021-05-16,San Benito,069,59416,6046,6067,111,6178,63
2021-05-16,San Bernardino,071,2135413,292833,291940,8894,300834,4724
2021-05-16,San Diego,073,3302833,279944,279099,14839,293938,3742
2021-05-16,San Francisco,075,870044,36599,36808,1258,38066,546
2021-05-16,San Joaquin,077,732212,72805,72218,3461,75679,1359
2021-05-16,San Luis Obispo,079,281455,21312,21072,720,21792,256
2021-05-16,San Mateo,081,765935,42203,42063,463,42526,428
2021-05-16,Santa Barbara,083,443738,34387,34270,1112,35382,459
2021-05-16,Santa Clara,085,1922200,118351,119098,738,119836,2015
2021-05-16,Santa Cruz,087,273765,16205,16143,796,16939,206
2021-05-16,Shasta,089,179085,12167,12156,1536,13692,200
2021-05-16,Sierra,091,2930,56,54,12,66,0
2021-05-16,Siskiyou,093,43540,1895,1790,338,2128,15
2021-05-16,Solano,095,438530,32636,32619,543,33162,253
2021-05-16,Sonoma,097,501317,29906,30033,324,30357,321
2021-05-16,Stanislaus,099,539301,56061,55814,5838,61652,951
2021-05-16,Sutter,101,95872,9403,9445,83,9528,113
2021-05-16,Tehama,103,63373,5043,5013,553,5566,63
2021-05-16,Trinity,105,12862,483,328,87,415,3
2021-05-16,Tulare,107,460477,50121,49091,8835,57926,837
2021-05-16,Tuolumne,109,53932,4020,4070,42,4112,64
2021-05-16,Ventura,111,848112,81216,80689,2938,83627,1017
2021-05-16,Yolo,113,214977,13943,13938,230,14168,211
2021-05-16,Yuba,115,75493,6007,5987,120,6107,49
2021-05-15,Alameda,001,1643700,87688,87677,1900,89577,1252
2021-05-15,Alpine,003,1148,87,88,0,88,0
2021-05-15,Amador,005,37829,3658,3666,32,3698,46
2021-05-15,Butte,007,227075,12428,12095,1828,13923,192
2021-05-15,Calaveras,009,45235,2133,2126,13,2139,53
2021-05-15,Colusa,011,21464,1937,1941,301,2242,14
2021-05-15,Contra Costa,013,1133247,69128,68658,1243,69901,805
2021-05-15,Del Norte,015,27424,1393,1359,12,1371,8
2021-05-15,El Dorado,017,186661,10218,10156,734,10890,112
2021-05-15,Fresno,019,978130,102379,101957,8570,110527,1690
2021-05-15,Glenn,021,27897,2422,2400,552,2952,17
2021-05-15,Humboldt,023,135768,4144,4080,34,4114,42
2021-05-15,Imperial,025,180216,28539,28504,2675,31179,729
2021-05-15,Inyo,027,18085,1404,1402,12,1414,36
2021-05-15,Kern,029,883053,97076,96061,10699,106760,1315
2021-05-15,Kings,031,150075,23108,22913,1068,23981,246
2021-05-15,Lake,033,64148,3505,3485,9,3494,43
2021-05-15,Lassen,035,31185,5190,5156,107,5263,6
2021-05-15,Los Angeles,037,10098052,1205413,1196255,40330,1236585,24115
2021-05-15,Madera,039,155013,16575,16482,918,17400,238
2021-05-15,Marin,041,260295,14062,14012,247,14259,227
2021-05-15,Mariposa,043,17540,428,423,11,434,5
2021-05-15,Mendocino,045,87422,3935,3861,81,3942,46
2021-05-15,Merced,047,269075,30857,31012,1024,32036,450
2021-05-15,Modoc,049,8938,369,362,124,486,3
2021-05-15,Mono,051,14174,1255,1265,17,1282,3
2021-05-15,Monterey,053,433212,43110,42982,1827,44809,379
2021-05-15,Napa,055,140530,9865,9887,32,9919,82
2021-05-15,Nevada,057,99092,4784,4755,186,4941,70
2021-05-15,Orange,059,3164182,255059,253919,11176,265095,5030
2021-05-15,Placer,061,380077,23097,22688,1464,24152,289
2021-05-15,Plumas,063,18699,699,681,10,691,4
2021-05-15,Riverside,065,2383286,293626,288203,13796,301999,4433
2021-05-15,Sacramento,067,1510023,105253,104929,1711,106640,1628
2021-05-15,San Benito,069,59416,6046,6066,111,6177,63
2021-05-15,San Bernardino,071,2135413,292791,291892,8892,300784,4724
2021-05-15,San Diego,073,3302833,279873,278991,14824,293815,3737
2021-05-15,San Francisco,075,870044,36583,36795,1256,38051,546
2021-05-15,San Joaquin,077,732212,72779,72197,3459,75656,1359
2021-05-15,San Luis Obispo,079,281455,21309,21061,719,21780,256
2021-05-15,San Mateo,081,765935,42187,42059,463,42522,428
2021-05-15,Santa Barbara,083,443738,34379,34259,1112,35371,459
2021-05-15,Santa Clara,085,1922200,118330,119060,738,119798,2016
2021-05-15,Santa Cruz,087,273765,16201,16137,796,16933,206
2021-05-15,Shasta,089,179085,12155,12152,1533,13685,200
2021-05-15,Sierra,091,2930,56,54,12,66,0
2021-05-15,Siskiyou,093,43540,1889,1788,336,2124,15
2021-05-15,Solano,095,438530,32627,32604,542,33146,253
2021-05-15,Sonoma,097,501317,29887,30020,324,30344,321
2021-05-15,Stanislaus,099,539301,56030,55795,5831,61626,952
2021-05-15,Sutter,101,95872,9401,9436,83,9519,113
2021-05-15,Tehama,103,63373,5039,5012,552,5564,63
2021-05-15,Trinity,105,12862,483,328,87,415,3
2021-05-15,Tulare,107,460477,50111,49080,8831,57911,837
2021-05-15,Tuolumne,109,53932,4018,4064,42,4106,63
2021-05-15,Ventura,111,848112,81205,80662,2938,83600,1017
2021-05-15,Yolo,113,214977,13936,13932,229,14161,211
2021-05-15,Yuba,115,75493,6004,5979,119,6098,49
2021-05-14,Alameda,001,1643700,87654,87621,1898,89519,1249
2021-05-14,Alpine,003,1148,87,88,0,88,0
2021-05-14,Amador,005,37829,3658,3665,32,3697,46
2021-05-14,Butte,007,227075,12419,12076,1825,13901,192
2021-05-14,Calaveras,009,45235,2129,2121,13,2134,53
2021-05-14,Colusa,011,21464,1936,1940,300,2240,14
2021-05-14,Contra Costa,013,1133247,69086,68589,1241,69830,806
2021-05-14,Del Norte,015,27424,1393,1355,12,1367,8
2021-05-14,El Dorado,017,186661,10211,10143,733,10876,113
2021-05-14,Fresno,019,978130,102350,101917,8564,110481,1688
2021-05-14,Glenn,021,27897,2421,2398,552,2950,17
2021-05-14,Humboldt,023,135768,4137,4050,34,4084,37
2021-05-14,Imperial,025,180216,28532,28485,2674,31159,728
2021-05-14,Inyo,027,18085,1404,1400,12,1412,36
2021-05-14,Kern,029,883053,97046,96033,10690,106723,1311
2021-05-14,Kings,031,150075,23107,22910,1068,23978,246
2021-05-14,Lake,033,64148,3501,3483,9,3492,43
2021-05-14,Lassen,035,31185,5190,5154,107,5261,6
2021-05-14,Los Angeles,037,10098052,1205278,1196038,40325,1236363,24101
2021-05-14,Madera,039,155013,16572,16474,918,17392,238
2021-05-14,Marin,041,260295,14058,14010,247,14257,227
2021-05-14,Mariposa,043,17540,428,422,11,433,5
2021-05-14,Mendocino,045,87422,3933,3855,81,3936,46
2021-05-14,Merced,047,269075,30847,31010,1024,32034,450
2021-05-14,Modoc,049,8938,369,362,124,486,3
2021-05-14,Mono,051,14174,1254,1265,17,1282,3
2021-05-14,Monterey,053,433212,43105,42973,1827,44800,380
2021-05-14,Napa,055,140530,9862,9883,32,9915,82
2021-05-14,Nevada,057,99092,4779,4745,186,4931,70
2021-05-14,Orange,059,3164182,255025,253855,11169,265024,5028
2021-05-14,Placer,061,380077,23078,22660,1458,24118,287
2021-05-14,Plumas,063,18699,698,680,10,690,4
2021-05-14,Riverside,065,2383286,293576,288140,13793,301933,4433
2021-05-14,Sacramento,067,1510023,105164,104828,1710,106538,1627
2021-05-14,San Benito,069,59416,6046,6064,111,6175,63
2021-05-14,San Bernardino,071,2135413,292743,291834,8892,300726,4721
2021-05-14,San Diego,073,3302833,279800,278853,14813,293666,3732
2021-05-14,San Francisco,075,870044,36574,36771,1252,38023,545
2021-05-14,San Joaquin,077,732212,72747,72160,3452,75612,1359
2021-05-14,San Luis Obispo,079,281455,21305,21051,719,21770,256
2021-05-14,San Mateo,081,765935,42177,42041,463,42504,428
2021-05-14,Santa Barbara,083,443738,34369,34243,1112,35355,456
2021-05-14,Santa Clara,085,1922200,118301,119006,738,119744,2014
2021-05-14,Santa Cruz,087,273765,16196,16130,796,16926,207
2021-05-14,Shasta,089,179085,12149,12130,1528,13658,200
2021-05-14,Sierra,091,2930,56,54,12,66,0
2021-05-14,Siskiyou,093,43540,1882,1779,335,2114,14
2021-05-14,Solano,095,438530,32607,32585,541,33126,252
2021-05-14,Sonoma,097,501317,29868,30007,324,30331,321
2021-05-14,Stanislaus,099,539301,55995,55752,5825,61577,950
2021-05-14,Sutter,101,95872,9392,9433,81,9514,113
2021-05-14,Tehama,103,63373,5032,5005,552,5557,63
2021-05-14,Trinity,105,12862,483,328,87,415,3
2021-05-14,Tulare,107,460477,50094,49060,8826,57886,836
2021-05-14,Tuolumne,109,53932,4018,4060,42,4102,63
2021-05-14,Ventura,111,848112,81191,80628,2938,83566,1014
2021-05-14,Yolo,113,214977,13931,13922,225,14147,210
2021-05-14,Yuba,115,75493,6000,5970,119,6089,47
2021-05-13,Alameda,001,1643700,87611,87557,1897,89454,1250
2021-05-13,Alpine,003,1148,87,88,0,88,0
2021-05-13,Amador,005,37829,3658,3662,32,3694,46
2021-05-13,Butte,007,227075,12405,12051,1824,13875,196
2021-05-13,Calaveras,009,45235,2127,2120,13,2133,53
2021-05-13,Colusa,011,21464,1935,1939,296,2235,14
2021-05-13,Contra Costa,013,1133247,69038,68522,1240,69762,806
2021-05-13,Del Norte,015,27424,1391,1354,12,1366,8
2021-05-13,El Dorado,017,186661,10208,10133,733,10866,112
2021-05-13,Fresno,019,978130,102321,101862,8563,110425,1687
2021-05-13,Glenn,021,27897,2420,2395,552,2947,17
2021-05-13,Humboldt,023,135768,4119,4027,34,4061,37
2021-05-13,Imperial,025,180216,28517,28468,2672,31140,729
2021-05-13,Inyo,027,18085,1404,1400,12,1412,36
2021-05-13,Kern,029,883053,97022,95996,10671,106667,1311
2021-05-13,Kings,031,150075,23106,22904,1068,23972,246
2021-05-13,Lake,033,64148,3501,3479,9,3488,43
2021-05-13,Lassen,035,31185,5190,5152,106,5258,6
2021-05-13,Los Angeles,037,10098052,1205089,1195504,40311,1235815,24083
2021-05-13,Madera,039,155013,16564,16467,918,17385,238
2021-05-13,Marin,041,260295,14053,14004,245,14249,227
2021-05-13,Mariposa,043,17540,428,422,11,433,5
2021-05-13,Mendocino,045,87422,3929,3846,81,3927,46
2021-05-13,Merced,047,269075,30840,30989,1023,32012,450
2021-05-13,Modoc,049,8938,369,362,124,486,3
2021-05-13,Mono,051,14174,1254,1265,17,1282,3
2021-05-13,Monterey,053,433212,43090,42966,1827,44793,380
2021-05-13,Napa,055,140530,9855,9877,32,9909,82
2021-05-13,Nevada,057,99092,4775,4743,185,4928,70
2021-05-13,Orange,059,3164182,254980,253778,11167,264945,5026
2021-05-13,Placer,061,380077,23051,22668,1451,24119,288
2021-05-13,Plumas,063,18699,698,680,10,690,4
2021-05-13,Riverside,065,2383286,293510,288067,13788,301855,4433
2021-05-13,Sacramento,067,1510023,105078,104711,1708,106419,1626
2021-05-13,San Benito,069,59416,6044,6062,111,6173,63
2021-05-13,San Bernardino,071,2135413,292677,291765,8892,300657,4722
2021-05-13,San Diego,073,3302833,279686,278592,14796,293388,3729
2021-05-13,San Francisco,075,870044,36550,36741,1250,37991,544
2021-05-13,San Joaquin,077,732212,72705,72096,3448,75544,1357
2021-05-13,San Luis Obispo,079,281455,21290,21043,718,21761,255
2021-05-13,San Mateo,081,765935,42160,42059,463,42522,426
2021-05-13,Santa Barbara,083,443738,34357,34242,1112,35354,456
2021-05-13,Santa Clara,085,1922200,118274,118952,738,119690,2013
2021-05-13,Santa Cruz,087,273765,16190,16129,796,16925,208
2021-05-13,Shasta,089,179085,12129,12111,1524,13635,200
2021-05-13,Sierra,091,2930,56,54,12,66,0
2021-05-13,Siskiyou,093,43540,1875,1769,332,2101,14
2021-05-13,Solano,095,438530,32594,32548,539,33087,252
2021-05-13,Sonoma,097,501317,29843,29991,324,30315,321
2021-05-13,Stanislaus,099,539301,55957,55678,5819,61497,949
2021-05-13,Sutter,101,95872,9387,9431,80,9511,112
2021-05-13,Tehama,103,63373,5027,4997,552,5549,63
2021-05-13,Trinity,105,12862,482,327,86,413,3
2021-05-13,Tulare,107,460477,50068,49032,8818,57850,837
2021-05-13,Tuolumne,109,53932,4017,4059,42,4101,63
2021-05-13,Ventura,111,848112,81161,80615,2937,83552,1012
2021-05-13,Yolo,113,214977,13922,13914,223,14137,210
2021-05-13,Yuba,115,75493,5991,5962,119,6081,47
2021-05-12,Alameda,001,1643700,87579,87482,1895,89377,1261
2021-05-12,Alpine,003,1148,87,88,0,88,0
2021-05-12,Amador,005,37829,3658,3658,32,3690,46
2021-05-12,Butte,007,227075,12395,12026,1824,13850,199
2021-05-12,Calaveras,009,45235,2124,2119,13,2132,53
2021-05-12,Colusa,011,21464,1933,1939,295,2234,14
2021-05-12,Contra Costa,013,1133247,68979,68462,1234,69696,805
2021-05-12,Del Norte,015,27424,1389,1352,12,1364,8
2021-05-12,El Dorado,017,186661,10198,10123,733,10856,112
2021-05-12,Fresno,019,978130,102272,101838,8552,110390,1688
2021-05-12,Glenn,021,27897,2417,2391,552,2943,17
2021-05-12,Humboldt,023,135768,4091,3982,34,4016,37
2021-05-12,Imperial,025,180216,28499,28443,2669,31112,726
2021-05-12,Inyo,027,18085,1404,1400,12,1412,36
2021-05-12,Kern,029,883053,96986,95955,10664,106619,1310
2021-05-12,Kings,031,150075,23104,22896,1068,23964,246
2021-05-12,Lake,033,64148,3499,3476,9,3485,43
2021-05-12,Lassen,035,31185,5188,5151,106,5257,6
2021-05-12,Los Angeles,037,10098052,1204904,1195318,40296,1235614,24067
2021-05-12,Madera,039,155013,16557,16462,917,17379,238
2021-05-12,Marin,041,260295,14048,13997,245,14242,227
2021-05-12,Mariposa,043,17540,428,422,11,433,5
2021-05-12,Mendocino,045,87422,3919,3836,81,3917,46
2021-05-12,Merced,047,269075,30824,30941,1023,31964,450
2021-05-12,Modoc,049,8938,368,362,124,486,3
2021-05-12,Mono,051,14174,1254,1265,17,1282,3
2021-05-12,Monterey,053,433212,43078,42950,1826,44776,380
2021-05-12,Napa,055,140530,9849,9870,32,9902,82
2021-05-12,Nevada,057,99092,4771,4738,185,4923,70
2021-05-12,Orange,059,3164182,254929,253587,11163,264750,5024
2021-05-12,Placer,061,380077,23033,22652,1444,24096,288
2021-05-12,Plumas,063,18699,698,681,10,691,4
2021-05-12,Riverside,065,2383286,293440,287830,13784,301614,4431
2021-05-12,Sacramento,067,1510023,104983,104592,1706,106298,1621
2021-05-12,San Benito,069,59416,6044,6062,111,6173,63
2021-05-12,San Bernardino,071,2135413,292628,291505,8887,300392,4715
2021-05-12,San Diego,073,3302833,279582,278402,14775,293177,3729
2021-05-12,San Francisco,075,870044,36530,36720,1249,37969,544
2021-05-12,San Joaquin,077,732212,72651,72043,3444,75487,1356
2021-05-12,San Luis Obispo,079,281455,21280,21021,718,21739,255
2021-05-12,San Mateo,081,765935,42151,42038,462,42500,426
2021-05-12,Santa Barbara,083,443738,34349,34218,1112,35330,456
2021-05-12,Santa Clara,085,1922200,118230,118897,738,119635,2005
2021-05-12,Santa Cruz,087,273765,16184,16123,796,16919,207
2021-05-12,Shasta,089,179085,12109,12092,1522,13614,200
2021-05-12,Sierra,091,2930,56,54,12,66,0
2021-05-12,Siskiyou,093,43540,1871,1760,331,2091,13
2021-05-12,Solano,095,438530,32570,32519,539,33058,252
2021-05-12,Sonoma,097,501317,29831,29976,324,30300,320
2021-05-12,Stanislaus,099,539301,55916,55632,5812,61444,919
2021-05-12,Sutter,101,95872,9384,9427,80,9507,112
2021-05-12,Tehama,103,63373,5022,4989,552,5541,62
2021-05-12,Trinity,105,12862,482,327,86,413,3
2021-05-12,Tulare,107,460477,50052,49001,8810,57811,838
2021-05-12,Tuolumne,109,53932,4016,4056,42,4098,63
2021-05-12,Ventura,111,848112,81142,80577,2937,83514,1010
2021-05-12,Yolo,113,214977,13914,13910,222,14132,210
2021-05-12,Yuba,115,75493,5988,5956,119,6075,47
2021-05-11,Alameda,001,1643700,87514,87413,1891,89304,1290
2021-05-11,Alpine,003,1148,87,88,0,88,0
2021-05-11,Amador,005,37829,3656,3657,32,3689,46
2021-05-11,Butte,007,227075,12380,12008,1821,13829,199
2021-05-11,Calaveras,009,45235,2124,2118,13,2131,52
2021-05-11,Colusa,011,21464,1932,1939,295,2234,14
2021-05-11,Contra Costa,013,1133247,68919,68406,1233,69639,806
2021-05-11,Del Norte,015,27424,1387,1347,12,1359,8
2021-05-11,El Dorado,017,186661,10192,10108,732,10840,112
2021-05-11,Fresno,019,978130,102226,101792,8547,110339,1686
2021-05-11,Glenn,021,27897,2416,2387,551,2938,17
2021-05-11,Humboldt,023,135768,4070,3964,33,3997,37
2021-05-11,Imperial,025,180216,28491,28413,2665,31078,722
2021-05-11,Inyo,027,18085,1403,1402,12,1414,36
2021-05-11,Kern,029,883053,96958,95938,10651,106589,1310
2021-05-11,Kings,031,150075,23096,22887,1068,23955,246
2021-05-11,Lake,033,64148,3498,3473,9,3482,43
2021-05-11,Lassen,035,31185,5186,5148,106,5254,6
2021-05-11,Los Angeles,037,10098052,1204667,1195100,40279,1235379,24048
2021-05-11,Madera,039,155013,16553,16459,916,17375,238
2021-05-11,Marin,041,260295,14041,13987,245,14232,227
2021-05-11,Mariposa,043,17540,428,421,11,432,5
2021-05-11,Mendocino,045,87422,3911,3821,81,3902,46
2021-05-11,Merced,047,269075,30815,30893,1023,31916,449
2021-05-11,Modoc,049,8938,368,362,123,485,3
2021-05-11,Mono,051,14174,1254,1265,17,1282,3
2021-05-11,Monterey,053,433212,43070,42934,1825,44759,380
2021-05-11,Napa,055,140530,9842,9870,32,9902,81
2021-05-11,Nevada,057,99092,4767,4737,185,4922,70
2021-05-11,Orange,059,3164182,254865,253545,11156,264701,5017
2021-05-11,Placer,061,380077,23011,22615,1440,24055,287
2021-05-11,Plumas,063,18699,696,679,10,689,4
2021-05-11,Riverside,065,2383286,293378,287757,13779,301536,4429
2021-05-11,Sacramento,067,1510023,104884,104496,1703,106199,1616
2021-05-11,San Benito,069,59416,6041,6058,111,6169,63
2021-05-11,San Bernardino,071,2135413,292568,291421,8885,300306,4707
2021-05-11,San Diego,073,3302833,279447,278308,14756,293064,3725
2021-05-11,San Francisco,075,870044,36510,36707,1249,37956,543
2021-05-11,San Joaquin,077,732212,72603,71999,3441,75440,1356
2021-05-11,San Luis Obispo,079,281455,21273,21008,716,21724,255
2021-05-11,San Mateo,081,765935,42132,41985,461,42446,425
2021-05-11,Santa Barbara,083,443738,34339,34207,1112,35319,456
2021-05-11,Santa Clara,085,1922200,118183,118857,737,119594,2005
2021-05-11,Santa Cruz,087,273765,16180,16113,796,16909,206
2021-05-11,Shasta,089,179085,12086,12050,1516,13566,200
2021-05-11,Sierra,091,2930,56,54,12,66,0
2021-05-11,Siskiyou,093,43540,1861,1756,329,2085,13
2021-05-11,Solano,095,438530,32552,32499,537,33036,250
2021-05-11,Sonoma,097,501317,29816,29966,324,30290,318
2021-05-11,Stanislaus,099,539301,55868,55589,5808,61397,909
2021-05-11,Sutter,101,95872,9377,9417,80,9497,112
2021-05-11,Tehama,103,63373,5018,4985,551,5536,62
2021-05-11,Trinity,105,12862,482,327,85,412,3
2021-05-11,Tulare,107,460477,50025,48974,8796,57770,837
2021-05-11,Tuolumne,109,53932,4015,4056,42,4098,63
2021-05-11,Ventura,111,848112,81118,80544,2934,83478,1008
2021-05-11,Yolo,113,214977,13901,13902,219,14121,210
2021-05-11,Yuba,115,75493,5979,5950,119,6069,46
2021-05-10,Alameda,001,1643700,87446,87366,1890,89256,1284
2021-05-10,Alpine,003,1148,87,88,0,88,0
2021-05-10,Amador,005,37829,3655,3657,32,3689,46
2021-05-10,Butte,007,227075,12364,11993,1816,13809,199
2021-05-10,Calaveras,009,45235,2117,2118,13,2131,52
2021-05-10,Colusa,011,21464,1932,1939,295,2234,14
2021-05-10,Contra Costa,013,1133247,68855,68357,1233,69590,806
2021-05-10,Del Norte,015,27424,1384,1339,12,1351,8
2021-05-10,El Dorado,017,186661,10178,10093,732,10825,113
2021-05-10,Fresno,019,978130,102194,101755,8540,110295,1682
2021-05-10,Glenn,021,27897,2415,2384,550,2934,17
2021-05-10,Humboldt,023,135768,4040,3961,33,3994,36
2021-05-10,Imperial,025,180216,28477,28397,2661,31058,722
2021-05-10,Inyo,027,18085,1403,1401,12,1413,36
2021-05-10,Kern,029,883053,96915,95920,10637,106557,1310
2021-05-10,Kings,031,150075,23085,22884,1067,23951,246
2021-05-10,Lake,033,64148,3490,3471,9,3480,43
2021-05-10,Lassen,035,31185,5182,5148,106,5254,5
2021-05-10,Los Angeles,037,10098052,1204400,1194976,40264,1235240,24030
2021-05-10,Madera,039,155013,16543,16450,916,17366,238
2021-05-10,Marin,041,260295,14038,13981,245,14226,228
2021-05-10,Mariposa,043,17540,427,420,11,431,5
2021-05-10,Mendocino,045,87422,3905,3818,81,3899,46
2021-05-10,Merced,047,269075,30804,30880,1023,31903,448
2021-05-10,Modoc,049,8938,368,361,123,484,3
2021-05-10,Mono,051,14174,1254,1265,17,1282,3
2021-05-10,Monterey,053,433212,43064,42927,1820,44747,380
2021-05-10,Napa,055,140530,9840,9860,32,9892,81
2021-05-10,Nevada,057,99092,4760,4735,185,4920,70
2021-05-10,Orange,059,3164182,254812,253484,11150,264634,5008
2021-05-10,Placer,061,380077,22989,22590,1437,24027,286
2021-05-10,Plumas,063,18699,695,679,10,689,4
2021-05-10,Riverside,065,2383286,293309,287689,13773,301462,4427
2021-05-10,Sacramento,067,1510023,104773,104378,1698,106076,1613
2021-05-10,San Benito,069,59416,6040,6058,111,6169,63
2021-05-10,San Bernardino,071,2135413,292517,291360,8884,300244,4707
2021-05-10,San Diego,073,3302833,279283,278183,14729,292912,3725
2021-05-10,San Francisco,075,870044,36491,36683,1249,37932,543
2021-05-10,San Joaquin,077,732212,72566,71954,3427,75381,1356
2021-05-10,San Luis Obispo,079,281455,21255,20993,715,21708,256
2021-05-10,San Mateo,081,765935,42115,41926,461,42387,424
2021-05-10,Santa Barbara,083,443738,34331,34201,1112,35313,456
2021-05-10,Santa Clara,085,1922200,118124,118822,737,119559,2003
2021-05-10,Santa Cruz,087,273765,16175,16114,796,16910,206
2021-05-10,Shasta,089,179085,12072,12036,1512,13548,200
2021-05-10,Sierra,091,2930,56,54,12,66,0
2021-05-10,Siskiyou,093,43540,1851,1752,327,2079,13
2021-05-10,Solano,095,438530,32532,32466,535,33001,250
2021-05-10,Sonoma,097,501317,29800,29955,323,30278,318
2021-05-10,Stanislaus,099,539301,55794,55541,5802,61343,898
2021-05-10,Sutter,101,95872,9371,9412,80,9492,111
2021-05-10,Tehama,103,63373,5014,4980,551,5531,62
2021-05-10,Trinity,105,12862,482,327,83,410,3
2021-05-10,Tulare,107,460477,50002,48956,8790,57746,837
2021-05-10,Tuolumne,109,53932,4011,4054,41,4095,63
2021-05-10,Ventura,111,848112,81102,80501,2933,83434,1008
2021-05-10,Yolo,113,214977,13889,13898,217,14115,209
2021-05-10,Yuba,115,75493,5977,5942,119,6061,46
2021-05-09,Alameda,001,1643700,87376,87292,1887,89179,1284
2021-05-09,Alpine,003,1148,87,88,0,88,0
2021-05-09,Amador,005,37829,3653,3655,32,3687,46
2021-05-09,Butte,007,227075,12346,11985,1812,13797,199
2021-05-09,Calaveras,009,45235,2116,2116,13,2129,52
2021-05-09,Colusa,011,21464,1931,1940,295,2235,14
2021-05-09,Contra Costa,013,1133247,68792,68302,1231,69533,806
2021-05-09,Del Norte,015,27424,1377,1338,12,1350,8
2021-05-09,El Dorado,017,186661,10164,10089,728,10817,113
2021-05-09,Fresno,019,978130,102156,101729,8531,110260,1682
2021-05-09,Glenn,021,27897,2408,2382,547,2929,17
2021-05-09,Humboldt,023,135768,4020,3950,33,3983,36
2021-05-09,Imperial,025,180216,28454,28388,2653,31041,722
2021-05-09,Inyo,027,18085,1403,1401,11,1412,36
2021-05-09,Kern,029,883053,96887,95903,10627,106530,1310
2021-05-09,Kings,031,150075,23076,22878,1067,23945,246
2021-05-09,Lake,033,64148,3486,3471,9,3480,43
2021-05-09,Lassen,035,31185,5180,5147,106,5253,5
2021-05-09,Los Angeles,037,10098052,1204142,1194820,40249,1235069,24026
2021-05-09,Madera,039,155013,16534,16444,910,17354,238
2021-05-09,Marin,041,260295,14027,13979,244,14223,228
2021-05-09,Mariposa,043,17540,424,420,11,431,5
2021-05-09,Mendocino,045,87422,3895,3814,81,3895,46
2021-05-09,Merced,047,269075,30781,30883,1023,31906,448
2021-05-09,Modoc,049,8938,368,360,123,483,3
2021-05-09,Mono,051,14174,1254,1264,17,1281,3
2021-05-09,Monterey,053,433212,43046,42918,1820,44738,380
2021-05-09,Napa,055,140530,9829,9857,32,9889,81
2021-05-09,Nevada,057,99092,4753,4727,185,4912,70
2021-05-09,Orange,059,3164182,254758,253451,11142,264593,5008
2021-05-09,Placer,061,380077,22963,22566,1434,24000,286
2021-05-09,Plumas,063,18699,694,679,10,689,4
2021-05-09,Riverside,065,2383286,293229,287644,13767,301411,4427
2021-05-09,Sacramento,067,1510023,104624,104309,1692,106001,1612
2021-05-09,San Benito,069,59416,6038,6056,111,6167,63
2021-05-09,San Bernardino,071,2135413,292434,291337,8878,300215,4707
2021-05-09,San Diego,073,3302833,279116,277950,14707,292657,3725
2021-05-09,San Francisco,075,870044,36465,36669,1247,37916,543
2021-05-09,San Joaquin,077,732212,72520,71927,3426,75353,1356
2021-05-09,San Luis Obispo,079,281455,21244,20999,715,21714,256
2021-05-09,San Mateo,081,765935,42085,41903,461,42364,424
2021-05-09,Santa Barbara,083,443738,34318,34196,1111,35307,456
2021-05-09,Santa Clara,085,1922200,118070,118798,736,119534,2003
2021-05-09,Santa Cruz,087,273765,16169,16094,796,16890,206
2021-05-09,Shasta,089,179085,12042,12034,1507,13541,200
2021-05-09,Sierra,091,2930,56,54,12,66,0
2021-05-09,Siskiyou,093,43540,1844,1741,324,2065,13
2021-05-09,Solano,095,438530,32493,32434,533,32967,250
2021-05-09,Sonoma,097,501317,29786,29953,322,30275,318
2021-05-09,Stanislaus,099,539301,55728,55511,5798,61309,898
2021-05-09,Sutter,101,95872,9365,9413,80,9493,111
2021-05-09,Tehama,103,63373,5009,4979,551,5530,62
2021-05-09,Trinity,105,12862,482,327,83,410,3
2021-05-09,Tulare,107,460477,49975,48948,8785,57733,837
2021-05-09,Tuolumne,109,53932,4009,4053,41,4094,63
2021-05-09,Ventura,111,848112,81087,80487,2932,83419,1008
2021-05-09,Yolo,113,214977,13878,13897,217,14114,209
2021-05-09,Yuba,115,75493,5971,5934,119,6053,46
2021-05-08,Alameda,001,1643700,87334,87213,1883,89096,1284
2021-05-08,Alpine,003,1148,87,88,0,88,0
2021-05-08,Amador,005,37829,3651,3652,32,3684,46
2021-05-08,Butte,007,227075,12334,11962,1811,13773,199
2021-05-08,Calaveras,009,45235,2115,2114,13,2127,52
2021-05-08,Colusa,011,21464,1931,1939,295,2234,14
2021-05-08,Contra Costa,013,1133247,68759,68223,1229,69452,803
2021-05-08,Del Norte,015,27424,1374,1335,12,1347,8
2021-05-08,El Dorado,017,186661,10150,10079,728,10807,113
2021-05-08,Fresno,019,978130,102120,101676,8526,110202,1682
2021-05-08,Glenn,021,27897,2406,2382,545,2927,17
2021-05-08,Humboldt,023,135768,4004,3939,33,3972,36
2021-05-08,Imperial,025,180216,28445,28373,2653,31026,721
2021-05-08,Inyo,027,18085,1403,1402,11,1413,36
2021-05-08,Kern,029,883053,96862,95880,10614,106494,1310
2021-05-08,Kings,031,150075,23073,22872,1066,23938,246
2021-05-08,Lake,033,64148,3485,3470,9,3479,43
2021-05-08,Lassen,035,31185,5179,5145,106,5251,5
2021-05-08,Los Angeles,037,10098052,1203988,1194584,40233,1234817,24022
2021-05-08,Madera,039,155013,16530,16442,910,17352,238
2021-05-08,Marin,041,260295,14024,13974,243,14217,228
2021-05-08,Mariposa,043,17540,424,420,11,431,5
2021-05-08,Mendocino,045,87422,3890,3810,80,3890,46
2021-05-08,Merced,047,269075,30771,30876,1023,31899,448
2021-05-08,Modoc,049,8938,368,360,122,482,3
2021-05-08,Mono,051,14174,1254,1262,17,1279,3
2021-05-08,Monterey,053,433212,43041,42914,1819,44733,380
2021-05-08,Napa,055,140530,9822,9853,32,9885,81
2021-05-08,Nevada,057,99092,4750,4716,185,4901,70
2021-05-08,Orange,059,3164182,254724,253412,11138,264550,5006
2021-05-08,Placer,061,380077,22945,22547,1432,23979,286
2021-05-08,Plumas,063,18699,693,679,10,689,4
2021-05-08,Riverside,065,2383286,293186,287574,13765,301339,4427
2021-05-08,Sacramento,067,1510023,104539,104208,1689,105897,1610
2021-05-08,San Benito,069,59416,6037,6048,111,6159,63
2021-05-08,San Bernardino,071,2135413,292391,291296,8878,300174,4707
2021-05-08,San Diego,073,3302833,279033,277760,14689,292449,3725
2021-05-08,San Francisco,075,870044,36442,36642,1247,37889,543
2021-05-08,San Joaquin,077,732212,72491,71869,3417,75286,1356
2021-05-08,San Luis Obispo,079,281455,21233,20992,715,21707,256
2021-05-08,San Mateo,081,765935,42074,41871,461,42332,424
2021-05-08,Santa Barbara,083,443738,34305,34185,1111,35296,456
2021-05-08,Santa Clara,085,1922200,118039,118751,736,119487,2003
2021-05-08,Santa Cruz,087,273765,16166,16089,796,16885,206
2021-05-08,Shasta,089,179085,12032,12030,1503,13533,200
2021-05-08,Sierra,091,2930,56,54,12,66,0
2021-05-08,Siskiyou,093,43540,1843,1741,320,2061,13
2021-05-08,Solano,095,438530,32469,32395,531,32926,249
2021-05-08,Sonoma,097,501317,29773,29942,322,30264,318
2021-05-08,Stanislaus,099,539301,55697,55467,5794,61261,898
2021-05-08,Sutter,101,95872,9362,9413,80,9493,111
2021-05-08,Tehama,103,63373,5007,4977,551,5528,62
2021-05-08,Trinity,105,12862,482,327,83,410,3
2021-05-08,Tulare,107,460477,49962,48929,8775,57704,837
2021-05-08,Tuolumne,109,53932,4008,4050,41,4091,63
2021-05-08,Ventura,111,848112,81076,80481,2929,83410,1008
2021-05-08,Yolo,113,214977,13875,13894,216,14110,209
2021-05-08,Yuba,115,75493,5963,5928,119,6047,46
2021-05-07,Alameda,001,1643700,87281,87128,1883,89011,1280
2021-05-07,Alpine,003,1148,87,88,0,88,0
2021-05-07,Amador,005,37829,3648,3651,32,3683,46
2021-05-07,Butte,007,227075,12313,11943,1808,13751,199
2021-05-07,Calaveras,009,45235,2113,2114,13,2127,52
2021-05-07,Colusa,011,21464,1931,1937,295,2232,14
2021-05-07,Contra Costa,013,1133247,68712,68156,1227,69383,804
2021-05-07,Del Norte,015,27424,1369,1329,12,1341,8
2021-05-07,El Dorado,017,186661,10137,10065,727,10792,112
2021-05-07,Fresno,019,978130,102087,101625,8525,110150,1684
2021-05-07,Glenn,021,27897,2403,2381,544,2925,17
2021-05-07,Humboldt,023,135768,3989,3919,33,3952,36
2021-05-07,Imperial,025,180216,28437,28352,2653,31005,721
2021-05-07,Inyo,027,18085,1403,1402,11,1413,36
2021-05-07,Kern,029,883053,96849,95839,10602,106441,1308
2021-05-07,Kings,031,150075,23072,22857,1065,23922,246
2021-05-07,Lake,033,64148,3483,3467,9,3476,43
2021-05-07,Lassen,035,31185,5178,5144,105,5249,5
2021-05-07,Los Angeles,037,10098052,1203808,1194294,40226,1234520,24008
2021-05-07,Madera,039,155013,16525,16439,910,17349,238
2021-05-07,Marin,041,260295,14020,13968,243,14211,228
2021-05-07,Mariposa,043,17540,423,419,11,430,5
2021-05-07,Mendocino,045,87422,3884,3805,80,3885,46
2021-05-07,Merced,047,269075,30768,30862,1023,31885,446
2021-05-07,Modoc,049,8938,368,360,122,482,3
2021-05-07,Mono,051,14174,1253,1261,17,1278,3
2021-05-07,Monterey,053,433212,43035,42909,1817,44726,380
2021-05-07,Napa,055,140530,9821,9849,32,9881,81
2021-05-07,Nevada,057,99092,4746,4704,185,4889,70
2021-05-07,Orange,059,3164182,254684,253338,11130,264468,5000
2021-05-07,Placer,061,380077,22925,22524,1430,23954,286
2021-05-07,Plumas,063,18699,693,678,10,688,4
2021-05-07,Riverside,065,2383286,293128,287479,13764,301243,4426
2021-05-07,Sacramento,067,1510023,104467,104068,1684,105752,1609
2021-05-07,San Benito,069,59416,6036,6048,111,6159,63
2021-05-07,San Bernardino,071,2135413,292349,291185,8873,300058,4697
2021-05-07,San Diego,073,3302833,278947,277534,14673,292207,3718
2021-05-07,San Francisco,075,870044,36429,36616,1246,37862,543
2021-05-07,San Joaquin,077,732212,72450,71804,3415,75219,1351
2021-05-07,San Luis Obispo,079,281455,21226,20979,715,21694,256
2021-05-07,San Mateo,081,765935,42059,41844,461,42305,424
2021-05-07,Santa Barbara,083,443738,34295,34166,1111,35277,453
2021-05-07,Santa Clara,085,1922200,118006,118691,735,119426,2002
2021-05-07,Santa Cruz,087,273765,16163,16074,796,16870,206
2021-05-07,Shasta,089,179085,12010,12005,1501,13506,200
2021-05-07,Sierra,091,2930,56,54,12,66,0
2021-05-07,Siskiyou,093,43540,1840,1723,320,2043,13
2021-05-07,Solano,095,438530,32441,32352,529,32881,249
2021-05-07,Sonoma,097,501317,29755,29925,320,30245,318
2021-05-07,Stanislaus,099,539301,55657,55407,5789,61196,896
2021-05-07,Sutter,101,95872,9362,9407,80,9487,111
2021-05-07,Tehama,103,63373,5000,4974,551,5525,57
2021-05-07,Trinity,105,12862,482,327,83,410,3
2021-05-07,Tulare,107,460477,49945,48913,8770,57683,837
2021-05-07,Tuolumne,109,53932,4006,4048,41,4089,63
2021-05-07,Ventura,111,848112,81052,80444,2929,83373,1008
2021-05-07,Yolo,113,214977,13869,13875,215,14090,209
2021-05-07,Yuba,115,75493,5953,5910,119,6029,46
2021-05-06,Alameda,001,1643700,87205,87028,1880,88908,1278
2021-05-06,Alpine,003,1148,87,88,0,88,0
2021-05-06,Amador,005,37829,3646,3650,32,3682,46
2021-05-06,Butte,007,227075,12293,11929,1803,13732,198
2021-05-06,Calaveras,009,45235,2113,2111,13,2124,52
2021-05-06,Colusa,011,21464,1931,1935,295,2230,14
2021-05-06,Contra Costa,013,1133247,68657,68076,1224,69300,802
2021-05-06,Del Norte,015,27424,1361,1324,12,1336,6
2021-05-06,El Dorado,017,186661,10130,10048,727,10775,112
2021-05-06,Fresno,019,978130,102043,101536,8521,110057,1680
2021-05-06,Glenn,021,27897,2402,2380,543,2923,17
2021-05-06,Humboldt,023,135768,3964,3898,33,3931,36
2021-05-06,Imperial,025,180216,28426,28311,2652,30963,720
2021-05-06,Inyo,027,18085,1403,1401,11,1412,36
2021-05-06,Kern,029,883053,96824,95801,10585,106386,1307
2021-05-06,Kings,031,150075,23065,22848,1064,23912,246
2021-05-06,Lake,033,64148,3482,3465,9,3474,43
2021-05-06,Lassen,035,31185,5177,5143,105,5248,1
2021-05-06,Los Angeles,037,10098052,1203566,1193954,40210,1234164,23991
2021-05-06,Madera,039,155013,16517,16430,910,17340,238
2021-05-06,Marin,041,260295,14016,13956,243,14199,228
2021-05-06,Mariposa,043,17540,422,419,11,430,5
2021-05-06,Mendocino,045,87422,3873,3802,80,3882,46
2021-05-06,Merced,047,269075,30753,30863,1022,31885,444
2021-05-06,Modoc,049,8938,368,360,122,482,3
2021-05-06,Mono,051,14174,1251,1261,17,1278,3
2021-05-06,Monterey,053,433212,43020,42899,1817,44716,379
2021-05-06,Napa,055,140530,9815,9843,32,9875,81
2021-05-06,Nevada,057,99092,4745,4687,185,4872,70
2021-05-06,Orange,059,3164182,254616,253286,11124,264410,4991
2021-05-06,Placer,061,380077,22903,22493,1430,23923,286
2021-05-06,Plumas,063,18699,693,678,10,688,4
2021-05-06,Riverside,065,2383286,293055,287399,13759,301158,4422
2021-05-06,Sacramento,067,1510023,104351,103956,1681,105637,1609
2021-05-06,San Benito,069,59416,6035,6045,111,6156,63
2021-05-06,San Bernardino,071,2135413,292279,291085,8872,299957,4683
2021-05-06,San Diego,073,3302833,278820,277324,14650,291974,3716
2021-05-06,San Francisco,075,870044,36414,36599,1246,37845,543
2021-05-06,San Joaquin,077,732212,72395,71729,3412,75141,1350
2021-05-06,San Luis Obispo,079,281455,21214,20965,713,21678,256
2021-05-06,San Mateo,081,765935,42040,41802,460,42262,424
2021-05-06,Santa Barbara,083,443738,34282,34152,1111,35263,453
2021-05-06,Santa Clara,085,1922200,117965,118591,735,119326,2001
2021-05-06,Santa Cruz,087,273765,16156,16050,796,16846,206
2021-05-06,Shasta,089,179085,11988,11983,1495,13478,199
2021-05-06,Sierra,091,2930,56,54,12,66,0
2021-05-06,Siskiyou,093,43540,1830,1711,319,2030,12
2021-05-06,Solano,095,438530,32415,32320,521,32841,249
2021-05-06,Sonoma,097,501317,29747,29911,320,30231,318
2021-05-06,Stanislaus,099,539301,55601,55323,5784,61107,834
2021-05-06,Sutter,101,95872,9356,9396,80,9476,111
2021-05-06,Tehama,103,63373,4995,4970,551,5521,53
2021-05-06,Trinity,105,12862,482,327,83,410,3
2021-05-06,Tulare,107,460477,49920,48890,8755,57645,836
2021-05-06,Tuolumne,109,53932,4002,4047,41,4088,63
2021-05-06,Ventura,111,848112,81021,80411,2926,83337,1005
2021-05-06,Yolo,113,214977,13861,13871,212,14083,209
2021-05-06,Yuba,115,75493,5941,5901,119,6020,46
2021-05-05,Alameda,001,1643700,87144,86950,1878,88828,1278
2021-05-05,Alpine,003,1148,87,88,0,88,0
2021-05-05,Amador,005,37829,3643,3650,32,3682,46
2021-05-05,Butte,007,227075,12275,11907,1800,13707,198
2021-05-05,Calaveras,009,45235,2109,2103,13,2116,52
2021-05-05,Colusa,011,21464,1930,1933,295,2228,14
2021-05-05,Contra Costa,013,1133247,68592,67997,1220,69217,803
2021-05-05,Del Norte,015,27424,1358,1317,12,1329,6
2021-05-05,El Dorado,017,186661,10119,10020,726,10746,111
2021-05-05,Fresno,019,978130,101994,101491,8512,110003,1680
2021-05-05,Glenn,021,27897,2399,2380,542,2922,17
2021-05-05,Humboldt,023,135768,3945,3886,32,3918,36
2021-05-05,Imperial,025,180216,28385,28295,2645,30940,720
2021-05-05,Inyo,027,18085,1402,1401,11,1412,36
2021-05-05,Kern,029,883053,96780,95753,10581,106334,1304
2021-05-05,Kings,031,150075,23059,22840,1063,23903,246
2021-05-05,Lake,033,64148,3479,3458,9,3467,43
2021-05-05,Lassen,035,31185,5177,5143,104,5247,1
2021-05-05,Los Angeles,037,10098052,1203299,1193608,40196,1233804,23977
2021-05-05,Madera,039,155013,16515,16423,910,17333,235
2021-05-05,Marin,041,260295,14008,13950,242,14192,228
2021-05-05,Mariposa,043,17540,422,418,11,429,5
2021-05-05,Mendocino,045,87422,3869,3799,80,3879,46
2021-05-05,Merced,047,269075,30732,30844,1022,31866,444
2021-05-05,Modoc,049,8938,367,361,121,482,3
2021-05-05,Mono,051,14174,1251,1260,17,1277,3
2021-05-05,Monterey,053,433212,43007,42870,1814,44684,379
2021-05-05,Napa,055,140530,9809,9833,32,9865,81
2021-05-05,Nevada,057,99092,4742,4666,185,4851,70
2021-05-05,Orange,059,3164182,254558,253237,11119,264356,4978
2021-05-05,Placer,061,380077,22871,22362,1426,23788,287
2021-05-05,Plumas,063,18699,693,677,10,687,4
2021-05-05,Riverside,065,2383286,292960,287353,13750,301103,4414
2021-05-05,Sacramento,067,1510023,104263,103476,1676,105152,1607
2021-05-05,San Benito,069,59416,6026,6046,111,6157,63
2021-05-05,San Bernardino,071,2135413,292204,291008,8868,299876,4677
2021-05-05,San Diego,073,3302833,278683,277098,14631,291729,3716
2021-05-05,San Francisco,075,870044,36399,36577,1245,37822,543
2021-05-05,San Joaquin,077,732212,72343,71638,3409,75047,1345
2021-05-05,San Luis Obispo,079,281455,21206,20958,713,21671,256
2021-05-05,San Mateo,081,765935,42011,41755,459,42214,415
2021-05-05,Santa Barbara,083,443738,34267,34139,1110,35249,453
2021-05-05,Santa Clara,085,1922200,117935,118482,732,119214,1992
2021-05-05,Santa Cruz,087,273765,16150,16013,796,16809,207
2021-05-05,Shasta,089,179085,11972,11939,1491,13430,200
2021-05-05,Sierra,091,2930,56,54,12,66,0
2021-05-05,Siskiyou,093,43540,1813,1706,311,2017,11
2021-05-05,Solano,095,438530,32380,32250,519,32769,249
2021-05-05,Sonoma,097,501317,29734,29879,320,30199,318
2021-05-05,Stanislaus,099,539301,55544,55231,5782,61013,807
2021-05-05,Sutter,101,95872,9350,9387,80,9467,111
2021-05-05,Tehama,103,63373,4991,4968,551,5519,53
2021-05-05,Trinity,105,12862,482,326,83,409,3
2021-05-05,Tulare,107,460477,49896,48875,8748,57623,835
2021-05-05,Tuolumne,109,53932,3999,4040,41,4081,63
2021-05-05,Ventura,111,848112,80993,80372,2922,83294,1005
2021-05-05,Yolo,113,214977,13857,13846,210,14056,209
2021-05-05,Yuba,115,75493,5931,5895,118,6013,44
2021-05-04,Alameda,001,1643700,87052,86894,1878,88772,1277
2021-05-04,Alpine,003,1148,87,88,0,88,0
2021-05-04,Amador,005,37829,3643,3650,32,3682,46
2021-05-04,Butte,007,227075,12251,11883,1799,13682,198
2021-05-04,Calaveras,009,45235,2105,2100,13,2113,52
2021-05-04,Colusa,011,21464,1929,1933,295,2228,14
2021-05-04,Contra Costa,013,1133247,68512,67931,1218,69149,799
2021-05-04,Del Norte,015,27424,1358,1314,12,1326,6
2021-05-04,El Dorado,017,186661,10108,10009,722,10731,110
2021-05-04,Fresno,019,978130,101939,101451,8505,109956,1677
2021-05-04,Glenn,021,27897,2396,2379,539,2918,17
2021-05-04,Humboldt,023,135768,3919,3877,32,3909,36
2021-05-04,Imperial,025,180216,28366,28276,2642,30918,720
2021-05-04,Inyo,027,18085,1402,1399,11,1410,36
2021-05-04,Kern,029,883053,96744,95720,10563,106283,1301
2021-05-04,Kings,031,150075,23045,22822,1060,23882,246
2021-05-04,Lake,033,64148,3478,3454,9,3463,43
2021-05-04,Lassen,035,31185,5176,5142,104,5246,1
2021-05-04,Los Angeles,037,10098052,1203009,1193453,40183,1233636,23957
2021-05-04,Madera,039,155013,16514,16418,910,17328,235
2021-05-04,Marin,041,260295,14000,13935,242,14177,228
2021-05-04,Mariposa,043,17540,422,418,11,429,5
2021-05-04,Mendocino,045,87422,3864,3794,80,3874,46
2021-05-04,Merced,047,269075,30715,30829,1022,31851,444
2021-05-04,Modoc,049,8938,366,360,120,480,3
2021-05-04,Mono,051,14174,1251,1260,17,1277,3
2021-05-04,Monterey,053,433212,42995,42845,1813,44658,380
2021-05-04,Napa,055,140530,9800,9824,32,9856,81
2021-05-04,Nevada,057,99092,4735,4656,185,4841,70
2021-05-04,Orange,059,3164182,254490,253177,11111,264288,4977
2021-05-04,Placer,061,380077,22843,22326,1423,23749,287
2021-05-04,Plumas,063,18699,692,675,10,685,4
2021-05-04,Riverside,065,2383286,292876,287285,13743,301028,4411
2021-05-04,Sacramento,067,1510023,104134,103383,1671,105054,1604
2021-05-04,San Benito,069,59416,6025,6039,111,6150,63
2021-05-04,San Bernardino,071,2135413,292127,290934,8861,299795,4668
2021-05-04,San Diego,073,3302833,278516,276879,14614,291493,3713
2021-05-04,San Francisco,075,870044,36381,36550,1245,37795,541
2021-05-04,San Joaquin,077,732212,72282,71582,3404,74986,1342
2021-05-04,San Luis Obispo,079,281455,21200,20923,711,21634,255
2021-05-04,San Mateo,081,765935,41985,41708,459,42167,415
2021-05-04,Santa Barbara,083,443738,34252,34131,1109,35240,453
2021-05-04,Santa Clara,085,1922200,117872,118431,731,119162,1988
2021-05-04,Santa Cruz,087,273765,16144,16005,796,16801,207
2021-05-04,Shasta,089,179085,11952,11923,1485,13408,198
2021-05-04,Sierra,091,2930,56,54,12,66,0
2021-05-04,Siskiyou,093,43540,1806,1694,309,2003,11
2021-05-04,Solano,095,438530,32339,32220,517,32737,249
2021-05-04,Sonoma,097,501317,29714,29867,319,30186,318
2021-05-04,Stanislaus,099,539301,55488,55165,5779,60944,807
2021-05-04,Sutter,101,95872,9345,9375,80,9455,111
2021-05-04,Tehama,103,63373,4988,4959,550,5509,53
2021-05-04,Trinity,105,12862,482,326,83,409,3
2021-05-04,Tulare,107,460477,49869,48857,8740,57597,835
2021-05-04,Tuolumne,109,53932,3997,4041,41,4082,61
2021-05-04,Ventura,111,848112,80964,80351,2920,83271,1005
2021-05-04,Yolo,113,214977,13844,13820,208,14028,208
2021-05-04,Yuba,115,75493,5925,5891,118,6009,44
2021-05-03,Alameda,001,1643700,86976,86845,1873,88718,1272
2021-05-03,Alpine,003,1148,87,88,0,88,0
2021-05-03,Amador,005,37829,3643,3651,32,3683,46
2021-05-03,Butte,007,227075,12241,11864,1796,13660,198
2021-05-03,Calaveras,009,45235,2103,2099,13,2112,50
2021-05-03,Colusa,011,21464,1928,1931,293,2224,14
2021-05-03,Contra Costa,013,1133247,68453,67895,1214,69109,799
2021-05-03,Del Norte,015,27424,1353,1306,11,1317,6
2021-05-03,El Dorado,017,186661,10090,9984,717,10701,110
2021-05-03,Fresno,019,978130,101883,101405,8495,109900,1678
2021-05-03,Glenn,021,27897,2396,2375,538,2913,17
2021-05-03,Humboldt,023,135768,3904,3865,32,3897,36
2021-05-03,Imperial,025,180216,28344,28280,2639,30919,720
2021-05-03,Inyo,027,18085,1401,1398,11,1409,36
2021-05-03,Kern,029,883053,96707,95693,10552,106245,1299
2021-05-03,Kings,031,150075,23036,22821,1060,23881,246
2021-05-03,Lake,033,64148,3476,3446,9,3455,43
2021-05-03,Lassen,035,31185,5175,5142,104,5246,1
2021-05-03,Los Angeles,037,10098052,1202741,1193261,40157,1233418,23942
2021-05-03,Madera,039,155013,16509,16414,909,17323,235
2021-05-03,Marin,041,260295,13994,13927,242,14169,228
2021-05-03,Mariposa,043,17540,422,418,11,429,5
2021-05-03,Mendocino,045,87422,3857,3792,80,3872,46
2021-05-03,Merced,047,269075,30704,30814,1020,31834,444
2021-05-03,Modoc,049,8938,366,360,120,480,3
2021-05-03,Mono,051,14174,1251,1259,17,1276,3
2021-05-03,Monterey,053,433212,42983,42837,1811,44648,380
2021-05-03,Napa,055,140530,9795,9815,32,9847,81
2021-05-03,Nevada,057,99092,4727,4650,185,4835,70
2021-05-03,Orange,059,3164182,254432,253107,11102,264209,4968
2021-05-03,Placer,061,380077,22812,22289,1417,23706,287
2021-05-03,Plumas,063,18699,691,675,10,685,4
2021-05-03,Riverside,065,2383286,292802,287233,13742,300975,4412
2021-05-03,Sacramento,067,1510023,103981,103303,1661,104964,1602
2021-05-03,San Benito,069,59416,6024,6038,111,6149,63
2021-05-03,San Bernardino,071,2135413,292059,290886,8858,299744,4659
2021-05-03,San Diego,073,3302833,278353,276693,14589,291282,3712
2021-05-03,San Francisco,075,870044,36355,36538,1245,37783,541
2021-05-03,San Joaquin,077,732212,72232,71504,3401,74905,1325
2021-05-03,San Luis Obispo,079,281455,21184,20915,708,21623,254
2021-05-03,San Mateo,081,765935,41962,41689,458,42147,413
2021-05-03,Santa Barbara,083,443738,34240,34119,1109,35228,453
2021-05-03,Santa Clara,085,1922200,117818,118373,730,119103,1988
2021-05-03,Santa Cruz,087,273765,16141,16000,796,16796,207
2021-05-03,Shasta,089,179085,11929,11890,1480,13370,197
2021-05-03,Sierra,091,2930,56,54,12,66,0
2021-05-03,Siskiyou,093,43540,1800,1683,303,1986,11
2021-05-03,Solano,095,438530,32298,32201,516,32717,249
2021-05-03,Sonoma,097,501317,29702,29855,316,30171,318
2021-05-03,Stanislaus,099,539301,55422,55116,5770,60886,774
2021-05-03,Sutter,101,95872,9333,9370,80,9450,111
2021-05-03,Tehama,103,63373,4980,4952,550,5502,53
2021-05-03,Trinity,105,12862,482,326,83,409,3
2021-05-03,Tulare,107,460477,49851,48844,8730,57574,835
2021-05-03,Tuolumne,109,53932,3996,4038,41,4079,61
2021-05-03,Ventura,111,848112,80942,80291,2920,83211,1005
2021-05-03,Yolo,113,214977,13830,13809,207,14016,208
2021-05-03,Yuba,115,75493,5920,5880,118,5998,44
2021-05-02,Alameda,001,1643700,86891,86784,1871,88655,1272
2021-05-02,Alpine,003,1148,87,88,0,88,0
2021-05-02,Amador,005,37829,3643,3650,32,3682,46
2021-05-02,Butte,007,227075,12217,11859,1794,13653,198
2021-05-02,Calaveras,009,45235,2099,2098,13,2111,50
2021-05-02,Colusa,011,21464,1927,1931,292,2223,14
2021-05-02,Contra Costa,013,1133247,68368,67843,1212,69055,800
2021-05-02,Del Norte,015,27424,1346,1305,11,1316,6
2021-05-02,El Dorado,017,186661,10075,9962,716,10678,110
2021-05-02,Fresno,019,978130,101811,101372,8484,109856,1678
2021-05-02,Glenn,021,27897,2395,2374,536,2910,17
2021-05-02,Humboldt,023,135768,3892,3858,31,3889,36
2021-05-02,Imperial,025,180216,28310,28275,2630,30905,721
2021-05-02,Inyo,027,18085,1399,1398,11,1409,36
2021-05-02,Kern,029,883053,96649,95668,10545,106213,1299
2021-05-02,Kings,031,150075,23018,22816,1059,23875,246
2021-05-02,Lake,033,64148,3474,3443,9,3452,43
2021-05-02,Lassen,035,31185,5174,5142,103,5245,1
2021-05-02,Los Angeles,037,10098052,1202389,1193056,40136,1233192,23943
2021-05-02,Madera,039,155013,16503,16410,909,17319,235
2021-05-02,Marin,041,260295,13984,13917,242,14159,228
2021-05-02,Mariposa,043,17540,422,419,11,430,5
2021-05-02,Mendocino,045,87422,3852,3787,80,3867,46
2021-05-02,Merced,047,269075,30684,30793,1016,31809,444
2021-05-02,Modoc,049,8938,365,360,120,480,3
2021-05-02,Mono,051,14174,1250,1259,17,1276,3
2021-05-02,Monterey,053,433212,42969,42837,1810,44647,380
2021-05-02,Napa,055,140530,9791,9805,32,9837,81
2021-05-02,Nevada,057,99092,4711,4635,185,4820,70
2021-05-02,Orange,059,3164182,254358,253025,11088,264113,4968
2021-05-02,Placer,061,380077,22783,22264,1414,23678,287
2021-05-02,Plumas,063,18699,691,675,10,685,4
2021-05-02,Riverside,065,2383286,292702,287197,13732,300929,4412
2021-05-02,Sacramento,067,1510023,103842,103153,1653,104806,1602
2021-05-02,San Benito,069,59416,6019,6037,111,6148,63
2021-05-02,San Bernardino,071,2135413,291960,290859,8856,299715,4655
2021-05-02,San Diego,073,3302833,278157,276521,14562,291083,3712
2021-05-02,San Francisco,075,870044,36329,36522,1245,37767,541
2021-05-02,San Joaquin,077,732212,72168,71447,3395,74842,1325
2021-05-02,San Luis Obispo,079,281455,21163,20910,707,21617,254
2021-05-02,San Mateo,081,765935,41946,41656,457,42113,412
2021-05-02,Santa Barbara,083,443738,34226,34106,1109,35215,453
2021-05-02,Santa Clara,085,1922200,117744,118321,730,119051,1988
2021-05-02,Santa Cruz,087,273765,16136,15995,795,16790,207
2021-05-02,Shasta,089,179085,11913,11885,1472,13357,197
2021-05-02,Sierra,091,2930,56,54,12,66,0
2021-05-02,Siskiyou,093,43540,1789,1661,302,1963,11
2021-05-02,Solano,095,438530,32259,32151,512,32663,249
2021-05-02,Sonoma,097,501317,29680,29842,316,30158,318
2021-05-02,Stanislaus,099,539301,55348,55057,5763,60820,774
2021-05-02,Sutter,101,95872,9327,9363,80,9443,111
2021-05-02,Tehama,103,63373,4975,4950,548,5498,53
2021-05-02,Trinity,105,12862,482,326,83,409,3
2021-05-02,Tulare,107,460477,49833,48834,8722,57556,835
2021-05-02,Tuolumne,109,53932,3993,4038,41,4079,61
2021-05-02,Ventura,111,848112,80904,80284,2919,83203,1005
2021-05-02,Yolo,113,214977,13818,13799,206,14005,208
2021-05-02,Yuba,115,75493,5910,5879,118,5997,44
2021-05-01,Alameda,001,1643700,86848,86704,1868,88572,1270
2021-05-01,Alpine,003,1148,87,88,0,88,0
2021-05-01,Amador,005,37829,3643,3650,32,3682,46
2021-05-01,Butte,007,227075,12203,11845,1789,13634,198
2021-05-01,Calaveras,009,45235,2097,2096,13,2109,50
2021-05-01,Colusa,011,21464,1926,1931,292,2223,14
2021-05-01,Contra Costa,013,1133247,68316,67779,1209,68988,800
2021-05-01,Del Norte,015,27424,1345,1292,11,1303,6
2021-05-01,El Dorado,017,186661,10061,9944,714,10658,110
2021-05-01,Fresno,019,978130,101766,101326,8478,109804,1678
2021-05-01,Glenn,021,27897,2392,2369,535,2904,17
2021-05-01,Humboldt,023,135768,3878,3845,31,3876,36
2021-05-01,Imperial,025,180216,28303,28262,2630,30892,721
2021-05-01,Inyo,027,18085,1399,1397,11,1408,36
2021-05-01,Kern,029,883053,96622,95645,10534,106179,1299
2021-05-01,Kings,031,150075,23015,22797,1058,23855,246
2021-05-01,Lake,033,64148,3472,3441,9,3450,43
2021-05-01,Lassen,035,31185,5172,5142,103,5245,1
2021-05-01,Los Angeles,037,10098052,1202219,1192781,40122,1232903,23946
2021-05-01,Madera,039,155013,16499,16408,909,17317,235
2021-05-01,Marin,041,260295,13976,13902,242,14144,228
2021-05-01,Mariposa,043,17540,422,418,11,429,5
2021-05-01,Mendocino,045,87422,3850,3782,80,3862,46
2021-05-01,Merced,047,269075,30667,30771,1015,31786,444
2021-05-01,Modoc,049,8938,365,361,120,481,3
2021-05-01,Mono,051,14174,1250,1258,17,1275,3
2021-05-01,Monterey,053,433212,42963,42828,1810,44638,379
2021-05-01,Napa,055,140530,9788,9800,32,9832,81
2021-05-01,Nevada,057,99092,4706,4625,185,4810,70
2021-05-01,Orange,059,3164182,254315,252969,11078,264047,4964
2021-05-01,Placer,061,380077,22757,22240,1412,23652,287
2021-05-01,Plumas,063,18699,690,675,10,685,4
2021-05-01,Riverside,065,2383286,292663,287129,13730,300859,4412
2021-05-01,Sacramento,067,1510023,103761,103043,1652,104695,1602
2021-05-01,San Benito,069,59416,6016,6030,111,6141,63
2021-05-01,San Bernardino,071,2135413,291917,290802,8855,299657,4652
2021-05-01,San Diego,073,3302833,278033,276367,14541,290908,3706
2021-05-01,San Francisco,075,870044,36314,36496,1245,37741,541
2021-05-01,San Joaquin,077,732212,72119,71389,3393,74782,1325
2021-05-01,San Luis Obispo,079,281455,21158,20896,707,21603,254
2021-05-01,San Mateo,081,765935,41917,41617,456,42073,411
2021-05-01,Santa Barbara,083,443738,34221,34085,1108,35193,453
2021-05-01,Santa Clara,085,1922200,117692,118265,728,118993,1988
2021-05-01,Santa Cruz,087,273765,16133,15984,795,16779,207
2021-05-01,Shasta,089,179085,11893,11878,1465,13343,197
2021-05-01,Sierra,091,2930,56,53,12,65,0
2021-05-01,Siskiyou,093,43540,1781,1653,301,1954,11
2021-05-01,Solano,095,438530,32229,32124,504,32628,249
2021-05-01,Sonoma,097,501317,29677,29835,316,30151,318
2021-05-01,Stanislaus,099,539301,55313,55005,5757,60762,774
2021-05-01,Sutter,101,95872,9324,9358,80,9438,110
2021-05-01,Tehama,103,63373,4974,4950,547,5497,53
2021-05-01,Trinity,105,12862,482,326,82,408,3
2021-05-01,Tulare,107,460477,49826,48818,8716,57534,835
2021-05-01,Tuolumne,109,53932,3987,4035,41,4076,61
2021-05-01,Ventura,111,848112,80886,80268,2919,83187,1005
2021-05-01,Yolo,113,214977,13811,13784,204,13988,208
2021-05-01,Yuba,115,75493,5908,5875,118,5993,44
2021-04-30,Alameda,001,1643700,86787,86602,1865,88467,1268
2021-04-30,Alpine,003,1148,87,88,0,88,0
2021-04-30,Amador,005,37829,3641,3650,32,3682,46
2021-04-30,Butte,007,227075,12184,11812,1785,13597,197
2021-04-30,Calaveras,009,45235,2096,2087,13,2100,50
2021-04-30,Colusa,011,21464,1926,1931,291,2222,14
2021-04-30,Contra Costa,013,1133247,68268,67684,1206,68890,800
2021-04-30,Del Norte,015,27424,1333,1276,11,1287,6
2021-04-30,El Dorado,017,186661,10047,9906,714,10620,110
2021-04-30,Fresno,019,978130,101720,101263,8474,109737,1670
2021-04-30,Glenn,021,27897,2391,2369,535,2904,17
2021-04-30,Humboldt,023,135768,3865,3834,31,3865,36
2021-04-30,Imperial,025,180216,28294,28244,2627,30871,721
2021-04-30,Inyo,027,18085,1399,1397,11,1408,36
2021-04-30,Kern,029,883053,96605,95605,10530,106135,1298
2021-04-30,Kings,031,150075,23012,22793,1057,23850,246
2021-04-30,Lake,033,64148,3468,3440,9,3449,43
2021-04-30,Lassen,035,31185,5171,5140,103,5243,1
2021-04-30,Los Angeles,037,10098052,1202008,1192393,40109,1232502,23919
2021-04-30,Madera,039,155013,16493,16395,909,17304,235
2021-04-30,Marin,041,260295,13968,13895,240,14135,228
2021-04-30,Mariposa,043,17540,422,417,11,428,5
2021-04-30,Mendocino,045,87422,3846,3777,80,3857,46
2021-04-30,Merced,047,269075,30654,30740,1014,31754,444
2021-04-30,Modoc,049,8938,364,360,120,480,3
2021-04-30,Mono,051,14174,1250,1258,17,1275,3
2021-04-30,Monterey,053,433212,42949,42810,1809,44619,379
2021-04-30,Napa,055,140530,9784,9792,32,9824,81
2021-04-30,Nevada,057,99092,4698,4608,185,4793,70
2021-04-30,Orange,059,3164182,254257,252883,11072,263955,4956
2021-04-30,Placer,061,380077,22738,22190,1408,23598,287
2021-04-30,Plumas,063,18699,690,677,10,687,4
2021-04-30,Riverside,065,2383286,292605,287030,13723,300753,4412
2021-04-30,Sacramento,067,1510023,103660,102864,1648,104512,1596
2021-04-30,San Benito,069,59416,6012,6024,110,6134,63
2021-04-30,San Bernardino,071,2135413,291857,290704,8854,299558,4640
2021-04-30,San Diego,073,3302833,277937,276157,14530,290687,3702
2021-04-30,San Francisco,075,870044,36303,36453,1244,37697,538
2021-04-30,San Joaquin,077,732212,72067,71311,3390,74701,1306
2021-04-30,San Luis Obispo,079,281455,21152,20884,707,21591,255
2021-04-30,San Mateo,081,765935,41903,41583,455,42038,380
2021-04-30,Santa Barbara,083,443738,34208,34061,1108,35169,451
2021-04-30,Santa Clara,085,1922200,117634,118170,724,118894,1988
2021-04-30,Santa Cruz,087,273765,16128,15975,795,16770,207
2021-04-30,Shasta,089,179085,11872,11848,1462,13310,197
2021-04-30,Sierra,091,2930,56,53,12,65,0
2021-04-30,Siskiyou,093,43540,1770,1628,298,1926,11
2021-04-30,Solano,095,438530,32197,32050,501,32551,249
2021-04-30,Sonoma,097,501317,29667,29816,314,30130,318
2021-04-30,Stanislaus,099,539301,55262,54938,5754,60692,774
2021-04-30,Sutter,101,95872,9322,9353,80,9433,110
2021-04-30,Tehama,103,63373,4971,4944,547,5491,53
2021-04-30,Trinity,105,12862,482,326,82,408,3
2021-04-30,Tulare,107,460477,49816,48797,8700,57497,836
2021-04-30,Tuolumne,109,53932,3986,4033,41,4074,61
2021-04-30,Ventura,111,848112,80846,80232,2914,83146,1004
2021-04-30,Yolo,113,214977,13799,13756,204,13960,208
2021-04-30,Yuba,115,75493,5900,5870,118,5988,44
2021-04-29,Alameda,001,1643700,86720,86490,1864,88354,1263
2021-04-29,Alpine,003,1148,87,88,0,88,0
2021-04-29,Amador,005,37829,3641,3649,32,3681,46
2021-04-29,Butte,007,227075,12169,11787,1783,13570,196
2021-04-29,Calaveras,009,45235,2093,2082,13,2095,50
2021-04-29,Colusa,011,21464,1926,1929,291,2220,14
2021-04-29,Contra Costa,013,1133247,68213,67606,1203,68809,795
2021-04-29,Del Norte,015,27424,1329,1271,11,1282,6
2021-04-29,El Dorado,017,186661,10027,9884,711,10595,107
2021-04-29,Fresno,019,978130,101666,101189,8463,109652,1667
2021-04-29,Glenn,021,27897,2388,2369,535,2904,17
2021-04-29,Humboldt,023,135768,3851,3815,31,3846,36
2021-04-29,Imperial,025,180216,28282,28235,2626,30861,720
2021-04-29,Inyo,027,18085,1399,1396,11,1407,36
2021-04-29,Kern,029,883053,96572,95547,10526,106073,1295
2021-04-29,Kings,031,150075,23002,22777,1052,23829,245
2021-04-29,Lake,033,64148,3460,3438,9,3447,43
2021-04-29,Lassen,035,31185,5171,5140,103,5243,1
2021-04-29,Los Angeles,037,10098052,1201730,1192068,40088,1232156,23899
2021-04-29,Madera,039,155013,16488,16383,908,17291,235
2021-04-29,Marin,041,260295,13964,13884,232,14116,228
2021-04-29,Mariposa,043,17540,421,416,11,427,5
2021-04-29,Mendocino,045,87422,3840,3774,80,3854,46
2021-04-29,Merced,047,269075,30635,30706,1013,31719,444
2021-04-29,Modoc,049,8938,364,360,120,480,3
2021-04-29,Mono,051,14174,1247,1259,17,1276,3
2021-04-29,Monterey,053,433212,42932,42797,1808,44605,379
2021-04-29,Napa,055,140530,9770,9789,32,9821,81
2021-04-29,Nevada,057,99092,4687,4590,185,4775,70
2021-04-29,Orange,059,3164182,254187,252823,11057,263880,4934
2021-04-29,Placer,061,380077,22713,22161,1406,23567,286
2021-04-29,Plumas,063,18699,689,676,10,686,4
2021-04-29,Riverside,065,2383286,292537,286947,13721,300668,4409
2021-04-29,Sacramento,067,1510023,103527,102686,1638,104324,1593
2021-04-29,San Benito,069,59416,6011,6023,110,6133,63
2021-04-29,San Bernardino,071,2135413,291784,290606,8849,299455,4609
2021-04-29,San Diego,073,3302833,277786,275961,14513,290474,3700
2021-04-29,San Francisco,075,870044,36278,36412,1244,37656,537
2021-04-29,San Joaquin,077,732212,72001,71225,3385,74610,1301
2021-04-29,San Luis Obispo,079,281455,21141,20876,707,21583,255
2021-04-29,San Mateo,081,765935,41875,41538,454,41992,358
2021-04-29,Santa Barbara,083,443738,34192,34039,1106,35145,448
2021-04-29,Santa Clara,085,1922200,117579,118082,721,118803,1984
2021-04-29,Santa Cruz,087,273765,16122,15961,795,16756,205
2021-04-29,Shasta,089,179085,11841,11836,1454,13290,193
2021-04-29,Sierra,091,2930,56,53,12,65,0
2021-04-29,Siskiyou,093,43540,1761,1615,295,1910,11
2021-04-29,Solano,095,438530,32156,32002,497,32499,248
2021-04-29,Sonoma,097,501317,29652,29785,311,30096,318
2021-04-29,Stanislaus,099,539301,55195,54836,5749,60585,774
2021-04-29,Sutter,101,95872,9315,9346,80,9426,110
2021-04-29,Tehama,103,63373,4963,4939,547,5486,53
2021-04-29,Trinity,105,12862,482,326,82,408,3
2021-04-29,Tulare,107,460477,49798,48785,8689,57474,832
2021-04-29,Tuolumne,109,53932,3985,4030,41,4071,58
2021-04-29,Ventura,111,848112,80812,80188,2912,83100,1002
2021-04-29,Yolo,113,214977,13779,13745,203,13948,205
2021-04-29,Yuba,115,75493,5890,5865,118,5983,44
2021-04-28,Alameda,001,1643700,86648,86390,1860,88250,1260
2021-04-28,Alpine,003,1148,87,88,0,88,0
2021-04-28,Amador,005,37829,3641,3646,32,3678,46
2021-04-28,Butte,007,227075,12149,11762,1778,13540,196
2021-04-28,Calaveras,009,45235,2089,2078,12,2090,50
2021-04-28,Colusa,011,21464,1923,1927,290,2217,14
2021-04-28,Contra Costa,013,1133247,68153,67539,1201,68740,795
2021-04-28,Del Norte,015,27424,1321,1267,11,1278,6
2021-04-28,El Dorado,017,186661,10002,9873,711,10584,107
2021-04-28,Fresno,019,978130,101619,101161,8453,109614,1666
2021-04-28,Glenn,021,27897,2385,2368,535,2903,17
2021-04-28,Humboldt,023,135768,3835,3796,31,3827,36
2021-04-28,Imperial,025,180216,28268,28177,2625,30802,720
2021-04-28,Inyo,027,18085,1399,1396,10,1406,36
2021-04-28,Kern,029,883053,96543,95494,10517,106011,1295
2021-04-28,Kings,031,150075,22990,22767,1050,23817,245
2021-04-28,Lake,033,64148,3457,3433,9,3442,43
2021-04-28,Lassen,035,31185,5171,5138,103,5241,1
2021-04-28,Los Angeles,037,10098052,1201428,1191729,40061,1231790,23858
2021-04-28,Madera,039,155013,16484,16372,908,17280,235
2021-04-28,Marin,041,260295,13953,13866,232,14098,227
2021-04-28,Mariposa,043,17540,418,415,11,426,5
2021-04-28,Mendocino,045,87422,3834,3770,78,3848,46
2021-04-28,Merced,047,269075,30617,30649,1013,31662,443
2021-04-28,Modoc,049,8938,364,360,120,480,3
2021-04-28,Mono,051,14174,1247,1258,17,1275,3
2021-04-28,Monterey,053,433212,42927,42776,1808,44584,379
2021-04-28,Napa,055,140530,9759,9777,32,9809,81
2021-04-28,Nevada,057,99092,4667,4570,185,4755,70
2021-04-28,Orange,059,3164182,254107,252747,11045,263792,4931
2021-04-28,Placer,061,380077,22686,22115,1405,23520,285
2021-04-28,Plumas,063,18699,689,676,10,686,4
2021-04-28,Riverside,065,2383286,292481,286868,13715,300583,4407
2021-04-28,Sacramento,067,1510023,103406,102613,1634,104247,1591
2021-04-28,San Benito,069,59416,6009,6021,110,6131,63
2021-04-28,San Bernardino,071,2135413,291705,290548,8839,299387,4582
2021-04-28,San Diego,073,3302833,277632,275821,14499,290320,3698
2021-04-28,San Francisco,075,870044,36248,36382,1243,37625,534
2021-04-28,San Joaquin,077,732212,71921,71171,3377,74548,1301
2021-04-28,San Luis Obispo,079,281455,21133,20851,707,21558,255
2021-04-28,San Mateo,081,765935,41850,41498,452,41950,358
2021-04-28,Santa Barbara,083,443738,34178,34003,1106,35109,448
2021-04-28,Santa Clara,085,1922200,117510,117997,719,118716,1969
2021-04-28,Santa Cruz,087,273765,16118,15943,794,16737,205
2021-04-28,Shasta,089,179085,11825,11815,1447,13262,192
2021-04-28,Sierra,091,2930,56,51,12,63,0
2021-04-28,Siskiyou,093,43540,1748,1603,292,1895,11
2021-04-28,Solano,095,438530,32124,31982,492,32474,248
2021-04-28,Sonoma,097,501317,29638,29773,307,30080,318
2021-04-28,Stanislaus,099,539301,55140,54745,5746,60491,774
2021-04-28,Sutter,101,95872,9310,9343,80,9423,110
2021-04-28,Tehama,103,63373,4958,4930,546,5476,53
2021-04-28,Trinity,105,12862,482,326,82,408,3
2021-04-28,Tulare,107,460477,49780,48754,8674,57428,832
2021-04-28,Tuolumne,109,53932,3982,4029,41,4070,58
2021-04-28,Ventura,111,848112,80777,80172,2910,83082,1000
2021-04-28,Yolo,113,214977,13765,13721,202,13923,205
2021-04-28,Yuba,115,75493,5884,5857,118,5975,44
2021-04-27,Alameda,001,1643700,86558,86301,1854,88155,1260
2021-04-27,Alpine,003,1148,87,88,0,88,0
2021-04-27,Amador,005,37829,3641,3645,32,3677,46
2021-04-27,Butte,007,227075,12124,11738,1772,13510,196
2021-04-27,Calaveras,009,45235,2087,2076,12,2088,50
2021-04-27,Colusa,011,21464,1922,1926,290,2216,14
2021-04-27,Contra Costa,013,1133247,68084,67470,1197,68667,791
2021-04-27,Del Norte,015,27424,1309,1266,11,1277,6
2021-04-27,El Dorado,017,186661,9973,9866,708,10574,106
2021-04-27,Fresno,019,978130,101554,101138,8443,109581,1663
2021-04-27,Glenn,021,27897,2385,2368,535,2903,17
2021-04-27,Humboldt,023,135768,3823,3780,31,3811,35
2021-04-27,Imperial,025,180216,28252,28149,2619,30768,720
2021-04-27,Inyo,027,18085,1399,1396,10,1406,36
2021-04-27,Kern,029,883053,96486,95466,10507,105973,1295
2021-04-27,Kings,031,150075,22975,22759,1048,23807,244
2021-04-27,Lake,033,64148,3456,3431,9,3440,43
2021-04-27,Lassen,035,31185,5171,5137,103,5240,1
2021-04-27,Los Angeles,037,10098052,1201105,1191504,40031,1231535,23825
2021-04-27,Madera,039,155013,16477,16365,908,17273,235
2021-04-27,Marin,041,260295,13932,13855,232,14087,227
2021-04-27,Mariposa,043,17540,417,413,11,424,5
2021-04-27,Mendocino,045,87422,3830,3765,78,3843,46
2021-04-27,Merced,047,269075,30576,30620,1013,31633,443
2021-04-27,Modoc,049,8938,363,360,120,480,3
2021-04-27,Mono,051,14174,1247,1257,17,1274,3
2021-04-27,Monterey,053,433212,42909,42752,1805,44557,379
2021-04-27,Napa,055,140530,9752,9774,30,9804,81
2021-04-27,Nevada,057,99092,4652,4557,185,4742,70
2021-04-27,Orange,059,3164182,254037,252667,11040,263707,4925
2021-04-27,Placer,061,380077,22656,22050,1401,23451,285
2021-04-27,Plumas,063,18699,688,675,10,685,4
2021-04-27,Riverside,065,2383286,292405,286820,13711,300531,4405
2021-04-27,Sacramento,067,1510023,103277,102595,1624,104219,1589
2021-04-27,San Benito,069,59416,6004,6016,110,6126,63
2021-04-27,San Bernardino,071,2135413,291638,290461,8834,299295,4575
2021-04-27,San Diego,073,3302833,277475,275685,14479,290164,3692
2021-04-27,San Francisco,075,870044,36220,36358,1242,37600,533
2021-04-27,San Joaquin,077,732212,71867,71104,3371,74475,1301
2021-04-27,San Luis Obispo,079,281455,21126,20841,707,21548,255
2021-04-27,San Mateo,081,765935,41815,41474,451,41925,358
2021-04-27,Santa Barbara,083,443738,34154,33973,1105,35078,448
2021-04-27,Santa Clara,085,1922200,117460,117945,718,118663,1969
2021-04-27,Santa Cruz,087,273765,16111,15905,793,16698,205
2021-04-27,Shasta,089,179085,11797,11802,1440,13242,192
2021-04-27,Sierra,091,2930,56,51,12,63,0
2021-04-27,Siskiyou,093,43540,1733,1597,291,1888,11
2021-04-27,Solano,095,438530,32076,31964,491,32455,248
2021-04-27,Sonoma,097,501317,29620,29761,306,30067,318
2021-04-27,Stanislaus,099,539301,55070,54695,5738,60433,752
2021-04-27,Sutter,101,95872,9305,9342,80,9422,110
2021-04-27,Tehama,103,63373,4955,4922,542,5464,53
2021-04-27,Trinity,105,12862,482,326,82,408,3
2021-04-27,Tulare,107,460477,49763,48744,8665,57409,832
2021-04-27,Tuolumne,109,53932,3979,4028,41,4069,58
2021-04-27,Ventura,111,848112,80748,80152,2908,83060,1000
2021-04-27,Yolo,113,214977,13751,13697,201,13898,205
2021-04-27,Yuba,115,75493,5884,5853,118,5971,44
2021-04-26,Alameda,001,1643700,86464,86230,1851,88081,1256
2021-04-26,Alpine,003,1148,87,88,0,88,0
2021-04-26,Amador,005,37829,3640,3645,32,3677,46
2021-04-26,Butte,007,227075,12100,11720,1767,13487,196
2021-04-26,Calaveras,009,45235,2081,2074,12,2086,50
2021-04-26,Colusa,011,21464,1922,1925,289,2214,14
2021-04-26,Contra Costa,013,1133247,68017,67392,1193,68585,789
2021-04-26,Del Norte,015,27424,1300,1263,11,1274,6
2021-04-26,El Dorado,017,186661,9952,9849,707,10556,106
2021-04-26,Fresno,019,978130,101499,101099,8430,109529,1662
2021-04-26,Glenn,021,27897,2383,2367,535,2902,17
2021-04-26,Humboldt,023,135768,3813,3764,30,3794,35
2021-04-26,Imperial,025,180216,28239,28148,2616,30764,720
2021-04-26,Inyo,027,18085,1398,1396,10,1406,36
2021-04-26,Kern,029,883053,96459,95429,10501,105930,1295
2021-04-26,Kings,031,150075,22972,22756,1045,23801,244
2021-04-26,Lake,033,64148,3451,3428,9,3437,43
2021-04-26,Lassen,035,31185,5171,5138,103,5241,1
2021-04-26,Los Angeles,037,10098052,1200776,1191253,40012,1231265,23802
2021-04-26,Madera,039,155013,16465,16353,907,17260,231
2021-04-26,Marin,041,260295,13917,13849,232,14081,227
2021-04-26,Mariposa,043,17540,416,410,11,421,5
2021-04-26,Mendocino,045,87422,3828,3757,77,3834,46
2021-04-26,Merced,047,269075,30559,30611,1010,31621,443
2021-04-26,Modoc,049,8938,363,360,120,480,3
2021-04-26,Mono,051,14174,1247,1258,17,1275,3
2021-04-26,Monterey,053,433212,42893,42740,1804,44544,379
2021-04-26,Napa,055,140530,9740,9769,30,9799,79
2021-04-26,Nevada,057,99092,4631,4548,185,4733,70
2021-04-26,Orange,059,3164182,253954,252592,11030,263622,4919
2021-04-26,Placer,061,380077,22628,22032,1396,23428,285
2021-04-26,Plumas,063,18699,688,670,10,680,4
2021-04-26,Riverside,065,2383286,292343,286724,13703,300427,4401
2021-04-26,Sacramento,067,1510023,103105,102459,1612,104071,1587
2021-04-26,San Benito,069,59416,6002,6013,110,6123,63
2021-04-26,San Bernardino,071,2135413,291586,290394,8833,299227,4572
2021-04-26,San Diego,073,3302833,277300,275541,14451,289992,3692
2021-04-26,San Francisco,075,870044,36192,36330,1241,37571,532
2021-04-26,San Joaquin,077,732212,71801,71050,3363,74413,1301
2021-04-26,San Luis Obispo,079,281455,21118,20830,706,21536,255
2021-04-26,San Mateo,081,765935,41785,41457,451,41908,357
2021-04-26,Santa Barbara,083,443738,34123,33948,1105,35053,448
2021-04-26,Santa Clara,085,1922200,117360,117874,715,118589,1968
2021-04-26,Santa Cruz,087,273765,16102,15877,793,16670,205
2021-04-26,Shasta,089,179085,11780,11787,1434,13221,192
2021-04-26,Sierra,091,2930,55,51,12,63,0
2021-04-26,Siskiyou,093,43540,1723,1592,288,1880,11
2021-04-26,Solano,095,438530,32031,31913,489,32402,247
2021-04-26,Sonoma,097,501317,29597,29755,304,30059,318
2021-04-26,Stanislaus,099,539301,54980,54638,5732,60370,744
2021-04-26,Sutter,101,95872,9300,9328,80,9408,110
2021-04-26,Tehama,103,63373,4950,4920,539,5459,53
2021-04-26,Trinity,105,12862,482,326,82,408,3
2021-04-26,Tulare,107,460477,49743,48735,8656,57391,831
2021-04-26,Tuolumne,109,53932,3978,4024,41,4065,58
2021-04-26,Ventura,111,848112,80723,80137,2905,83042,999
2021-04-26,Yolo,113,214977,13731,13684,198,13882,205
2021-04-26,Yuba,115,75493,5882,5851,118,5969,44
2021-04-25,Alameda,001,1643700,86363,86162,1845,88007,1256
2021-04-25,Alpine,003,1148,87,87,0,87,0
2021-04-25,Amador,005,37829,3639,3643,32,3675,46
2021-04-25,Butte,007,227075,12071,11709,1760,13469,196
2021-04-25,Calaveras,009,45235,2076,2072,11,2083,50
2021-04-25,Colusa,011,21464,1921,1924,289,2213,14
2021-04-25,Contra Costa,013,1133247,67925,67316,1192,68508,789
2021-04-25,Del Norte,015,27424,1294,1259,11,1270,6
2021-04-25,El Dorado,017,186661,9935,9837,705,10542,106
2021-04-25,Fresno,019,978130,101440,101061,8418,109479,1662
2021-04-25,Glenn,021,27897,2383,2366,535,2901,17
2021-04-25,Humboldt,023,135768,3800,3751,30,3781,35
2021-04-25,Imperial,025,180216,28213,28136,2614,30750,720
2021-04-25,Inyo,027,18085,1398,1396,10,1406,36
2021-04-25,Kern,029,883053,96393,95398,10489,105887,1295
2021-04-25,Kings,031,150075,22958,22755,1043,23798,244
2021-04-25,Lake,033,64148,3449,3427,9,3436,43
2021-04-25,Lassen,035,31185,5169,5138,103,5241,1
2021-04-25,Los Angeles,037,10098052,1200440,1190970,39992,1230962,23799
2021-04-25,Madera,039,155013,16453,16346,907,17253,231
2021-04-25,Marin,041,260295,13908,13852,232,14084,227
2021-04-25,Mariposa,043,17540,416,410,11,421,5
2021-04-25,Mendocino,045,87422,3821,3757,77,3834,46
2021-04-25,Merced,047,269075,30525,30586,1009,31595,443
2021-04-25,Modoc,049,8938,363,360,120,480,3
2021-04-25,Mono,051,14174,1247,1257,17,1274,3
2021-04-25,Monterey,053,433212,42880,42737,1802,44539,379
2021-04-25,Napa,055,140530,9735,9762,30,9792,79
2021-04-25,Nevada,057,99092,4619,4536,185,4721,70
2021-04-25,Orange,059,3164182,253878,252531,11024,263555,4919
2021-04-25,Placer,061,380077,22582,22011,1388,23399,285
2021-04-25,Plumas,063,18699,687,670,10,680,4
2021-04-25,Riverside,065,2383286,292250,286651,13697,300348,4401
2021-04-25,Sacramento,067,1510023,102937,102319,1602,103921,1587
2021-04-25,San Benito,069,59416,6000,6014,109,6123,63
2021-04-25,San Bernardino,071,2135413,291511,290357,8825,299182,4571
2021-04-25,San Diego,073,3302833,277087,275412,14418,289830,3692
2021-04-25,San Francisco,075,870044,36161,36310,1241,37551,532
2021-04-25,San Joaquin,077,732212,71706,70987,3353,74340,1301
2021-04-25,San Luis Obispo,079,281455,21099,20820,704,21524,255
2021-04-25,San Mateo,081,765935,41750,41465,450,41915,356
2021-04-25,Santa Barbara,083,443738,34097,33931,1105,35036,448
2021-04-25,Santa Clara,085,1922200,117281,117778,713,118491,1968
2021-04-25,Santa Cruz,087,273765,16096,15868,791,16659,205
2021-04-25,Shasta,089,179085,11757,11784,1429,13213,192
2021-04-25,Sierra,091,2930,55,51,12,63,0
2021-04-25,Siskiyou,093,43540,1712,1580,286,1866,11
2021-04-25,Solano,095,438530,31984,31864,481,32345,247
2021-04-25,Sonoma,097,501317,29579,29756,304,30060,318
2021-04-25,Stanislaus,099,539301,54884,54543,5724,60267,744
2021-04-25,Sutter,101,95872,9294,9326,80,9406,110
2021-04-25,Tehama,103,63373,4946,4916,537,5453,53
2021-04-25,Trinity,105,12862,482,326,82,408,3
2021-04-25,Tulare,107,460477,49727,48728,8643,57371,831
2021-04-25,Tuolumne,109,53932,3976,4022,41,4063,58
2021-04-25,Ventura,111,848112,80699,80110,2905,83015,999
2021-04-25,Yolo,113,214977,13705,13667,197,13864,205
2021-04-25,Yuba,115,75493,5879,5849,117,5966,44
2021-04-24,Alameda,001,1643700,86308,86016,1843,87859,1257
2021-04-24,Alpine,003,1148,87,86,0,86,0
2021-04-24,Amador,005,37829,3638,3640,32,3672,46
2021-04-24,Butte,007,227075,12055,11678,1758,13436,196
2021-04-24,Calaveras,009,45235,2072,2067,11,2078,50
2021-04-24,Colusa,011,21464,1920,1921,289,2210,14
2021-04-24,Contra Costa,013,1133247,67854,67222,1190,68412,789
2021-04-24,Del Norte,015,27424,1289,1255,11,1266,6
2021-04-24,El Dorado,017,186661,9924,9814,704,10518,106
2021-04-24,Fresno,019,978130,101409,100991,8412,109403,1662
2021-04-24,Glenn,021,27897,2383,2363,535,2898,17
2021-04-24,Humboldt,023,135768,3786,3722,30,3752,35
2021-04-24,Imperial,025,180216,28206,28124,2613,30737,720
2021-04-24,Inyo,027,18085,1397,1396,10,1406,36
2021-04-24,Kern,029,883053,96374,95365,10479,105844,1295
2021-04-24,Kings,031,150075,22955,22749,1043,23792,244
2021-04-24,Lake,033,64148,3448,3426,9,3435,43
2021-04-24,Lassen,035,31185,5168,5137,103,5240,1
2021-04-24,Los Angeles,037,10098052,1200208,1190603,39976,1230579,23802
2021-04-24,Madera,039,155013,16450,16338,907,17245,231
2021-04-24,Marin,041,260295,13900,13847,232,14079,227
2021-04-24,Mariposa,043,17540,416,409,11,420,5
2021-04-24,Mendocino,045,87422,3819,3754,75,3829,46
2021-04-24,Merced,047,269075,30505,30559,1009,31568,443
2021-04-24,Modoc,049,8938,363,360,120,480,3
2021-04-24,Mono,051,14174,1247,1256,17,1273,3
2021-04-24,Monterey,053,433212,42868,42727,1801,44528,379
2021-04-24,Napa,055,140530,9729,9756,30,9786,79
2021-04-24,Nevada,057,99092,4612,4522,185,4707,70
2021-04-24,Orange,059,3164182,253834,252441,11018,263459,4910
2021-04-24,Placer,061,380077,22569,21983,1387,23370,285
2021-04-24,Plumas,063,18699,686,670,10,680,4
2021-04-24,Riverside,065,2383286,292182,286552,13693,300245,4400
2021-04-24,Sacramento,067,1510023,102854,102179,1595,103774,1587
2021-04-24,San Benito,069,59416,5998,6007,109,6116,63
2021-04-24,San Bernardino,071,2135413,291463,290264,8824,299088,4568
2021-04-24,San Diego,073,3302833,276984,275252,14398,289650,3688
2021-04-24,San Francisco,075,870044,36132,36285,1236,37521,532
2021-04-24,San Joaquin,077,732212,71663,70911,3350,74261,1301
2021-04-24,San Luis Obispo,079,281455,21089,20797,703,21500,255
2021-04-24,San Mateo,081,765935,41737,41424,448,41872,355
2021-04-24,Santa Barbara,083,443738,34082,33911,1104,35015,448
2021-04-24,Santa Clara,085,1922200,117226,117674,711,118385,1968
2021-04-24,Santa Cruz,087,273765,16088,15840,791,16631,205
2021-04-24,Shasta,089,179085,11739,11770,1426,13196,192
2021-04-24,Sierra,091,2930,55,51,12,63,0
2021-04-24,Siskiyou,093,43540,1702,1574,285,1859,11
2021-04-24,Solano,095,438530,31961,31821,478,32299,247
2021-04-24,Sonoma,097,501317,29577,29739,304,30043,318
2021-04-24,Stanislaus,099,539301,54835,54455,5721,60176,744
2021-04-24,Sutter,101,95872,9291,9316,80,9396,110
2021-04-24,Tehama,103,63373,4941,4907,537,5444,53
2021-04-24,Trinity,105,12862,482,326,82,408,3
2021-04-24,Tulare,107,460477,49716,48705,8633,57338,830
2021-04-24,Tuolumne,109,53932,3972,4020,41,4061,58
2021-04-24,Ventura,111,848112,80686,80097,2903,83000,999
2021-04-24,Yolo,113,214977,13694,13653,197,13850,205
2021-04-24,Yuba,115,75493,5877,5837,117,5954,44
2021-04-23,Alameda,001,1643700,86234,85935,1840,87775,1256
2021-04-23,Alpine,003,1148,86,86,0,86,0
2021-04-23,Amador,005,37829,3637,3637,32,3669,46
2021-04-23,Butte,007,227075,12034,11672,1753,13425,196
2021-04-23,Calaveras,009,45235,2069,2064,11,2075,50
2021-04-23,Colusa,011,21464,1919,1921,289,2210,14
2021-04-23,Contra Costa,013,1133247,67800,67164,1188,68352,785
2021-04-23,Del Norte,015,27424,1288,1254,11,1265,6
2021-04-23,El Dorado,017,186661,9907,9788,701,10489,106
2021-04-23,Fresno,019,978130,101368,100928,8406,109334,1662
2021-04-23,Glenn,021,27897,2383,2361,534,2895,17
2021-04-23,Humboldt,023,135768,3776,3698,30,3728,35
2021-04-23,Imperial,025,180216,28191,28108,2612,30720,720
2021-04-23,Inyo,027,18085,1397,1395,10,1405,36
2021-04-23,Kern,029,883053,96349,95330,10473,105803,1295
2021-04-23,Kings,031,150075,22952,22735,1043,23778,244
2021-04-23,Lake,033,64148,3446,3425,9,3434,43
2021-04-23,Lassen,035,31185,5168,5141,103,5244,1
2021-04-23,Los Angeles,037,10098052,1199938,1190264,39952,1230216,23785
2021-04-23,Madera,039,155013,16441,16328,907,17235,231
2021-04-23,Marin,041,260295,13895,13838,232,14070,227
2021-04-23,Mariposa,043,17540,415,405,11,416,5
2021-04-23,Mendocino,045,87422,3817,3745,74,3819,46
2021-04-23,Merced,047,269075,30488,30530,1008,31538,443
2021-04-23,Modoc,049,8938,363,360,120,480,3
2021-04-23,Mono,051,14174,1245,1256,17,1273,3
2021-04-23,Monterey,053,433212,42862,42722,1801,44523,377
2021-04-23,Napa,055,140530,9724,9752,30,9782,79
2021-04-23,Nevada,057,99092,4603,4510,185,4695,70
2021-04-23,Orange,059,3164182,253790,252399,11011,263410,4904
2021-04-23,Placer,061,380077,22546,21959,1386,23345,282
2021-04-23,Plumas,063,18699,685,670,10,680,4
2021-04-23,Riverside,065,2383286,292123,286456,13688,300144,4399
2021-04-23,Sacramento,067,1510023,102767,102041,1592,103633,1586
2021-04-23,San Benito,069,59416,5996,6005,109,6114,63
2021-04-23,San Bernardino,071,2135413,291412,290189,8823,299012,4568
2021-04-23,San Diego,073,3302833,276845,275097,14375,289472,3684
2021-04-23,San Francisco,075,870044,36116,36252,1235,37487,532
2021-04-23,San Joaquin,077,732212,71607,70840,3347,74187,1295
2021-04-23,San Luis Obispo,079,281455,21080,20781,702,21483,255
2021-04-23,San Mateo,081,765935,41711,41386,448,41834,355
2021-04-23,Santa Barbara,083,443738,34072,33895,1102,34997,447
2021-04-23,Santa Clara,085,1922200,117164,117593,710,118303,1965
2021-04-23,Santa Cruz,087,273765,16081,15802,791,16593,205
2021-04-23,Shasta,089,179085,11732,11759,1425,13184,192
2021-04-23,Sierra,091,2930,55,51,12,63,0
2021-04-23,Siskiyou,093,43540,1690,1567,284,1851,11
2021-04-23,Solano,095,438530,31929,31784,474,32258,247
2021-04-23,Sonoma,097,501317,29563,29727,304,30031,318
2021-04-23,Stanislaus,099,539301,54773,54391,5713,60104,744
2021-04-23,Sutter,101,95872,9289,9312,80,9392,110
2021-04-23,Tehama,103,63373,4938,4906,537,5443,53
2021-04-23,Trinity,105,12862,482,326,82,408,3
2021-04-23,Tulare,107,460477,49699,48694,8626,57320,829
2021-04-23,Tuolumne,109,53932,3971,4020,41,4061,58
2021-04-23,Ventura,111,848112,80667,80095,2903,82998,996
2021-04-23,Yolo,113,214977,13682,13647,197,13844,205
2021-04-23,Yuba,115,75493,5874,5828,117,5945,44
2021-04-22,Alameda,001,1643700,86144,85829,1839,87668,1253
2021-04-22,Alpine,003,1148,86,86,0,86,0
2021-04-22,Amador,005,37829,3636,3633,32,3665,46
2021-04-22,Butte,007,227075,12020,11656,1750,13406,196
2021-04-22,Calaveras,009,45235,2067,2059,11,2070,50
2021-04-22,Colusa,011,21464,1917,1920,287,2207,14
2021-04-22,Contra Costa,013,1133247,67728,67029,1184,68213,782
2021-04-22,Del Norte,015,27424,1283,1252,11,1263,6
2021-04-22,El Dorado,017,186661,9895,9773,698,10471,106
2021-04-22,Fresno,019,978130,101323,100864,8395,109259,1657
2021-04-22,Glenn,021,27897,2382,2361,534,2895,17
2021-04-22,Humboldt,023,135768,3767,3680,30,3710,35
2021-04-22,Imperial,025,180216,28170,28096,2609,30705,720
2021-04-22,Inyo,027,18085,1396,1394,10,1404,36
2021-04-22,Kern,029,883053,96306,95292,10458,105750,1299
2021-04-22,Kings,031,150075,22942,22725,1043,23768,243
2021-04-22,Lake,033,64148,3444,3423,9,3432,43
2021-04-22,Lassen,035,31185,5168,5155,103,5258,1
2021-04-22,Los Angeles,037,10098052,1199616,1189878,39931,1229809,23762
2021-04-22,Madera,039,155013,16422,16316,907,17223,231
2021-04-22,Marin,041,260295,13887,13832,232,14064,227
2021-04-22,Mariposa,043,17540,414,403,11,414,5
2021-04-22,Mendocino,045,87422,3811,3729,74,3803,46
2021-04-22,Merced,047,269075,30453,30490,1007,31497,443
2021-04-22,Modoc,049,8938,363,360,120,480,3
2021-04-22,Mono,051,14174,1245,1254,17,1271,3
2021-04-22,Monterey,053,433212,42855,42708,1799,44507,377
2021-04-22,Napa,055,140530,9714,9734,30,9764,79
2021-04-22,Nevada,057,99092,4593,4504,183,4687,70
2021-04-22,Orange,059,3164182,253717,252307,10998,263305,4898
2021-04-22,Placer,061,380077,22516,21916,1382,23298,282
2021-04-22,Plumas,063,18699,684,670,10,680,4
2021-04-22,Riverside,065,2383286,292024,286362,13679,300041,4398
2021-04-22,Sacramento,067,1510023,102618,101870,1583,103453,1585
2021-04-22,San Benito,069,59416,5992,5998,109,6107,63
2021-04-22,San Bernardino,071,2135413,291343,290125,8814,298939,4571
2021-04-22,San Diego,073,3302833,276679,275913,14353,290266,3684
2021-04-22,San Francisco,075,870044,36093,36218,1232,37450,532
2021-04-22,San Joaquin,077,732212,71548,70751,3340,74091,1295
2021-04-22,San Luis Obispo,079,281455,21066,20761,702,21463,255
2021-04-22,San Mateo,081,765935,41685,41345,446,41791,355
2021-04-22,Santa Barbara,083,443738,34049,33870,1101,34971,446
2021-04-22,Santa Clara,085,1922200,117076,117457,706,118163,1954
2021-04-22,Santa Cruz,087,273765,16078,15737,790,16527,205
2021-04-22,Shasta,089,179085,11717,11738,1423,13161,192
2021-04-22,Sierra,091,2930,55,51,12,63,0
2021-04-22,Siskiyou,093,43540,1686,1564,283,1847,11
2021-04-22,Solano,095,438530,31884,31731,471,32202,247
2021-04-22,Sonoma,097,501317,29548,29705,300,30005,318
2021-04-22,Stanislaus,099,539301,54700,54313,5707,60020,744
2021-04-22,Sutter,101,95872,9285,9302,80,9382,110
2021-04-22,Tehama,103,63373,4932,4896,533,5429,53
2021-04-22,Trinity,105,12862,482,326,82,408,3
2021-04-22,Tulare,107,460477,49679,48669,8617,57286,828
2021-04-22,Tuolumne,109,53932,3967,4020,41,4061,58
2021-04-22,Ventura,111,848112,80641,80073,2901,82974,996
2021-04-22,Yolo,113,214977,13661,13616,197,13813,205
2021-04-22,Yuba,115,75493,5864,5825,117,5942,44
2021-04-21,Alameda,001,1643700,86065,85762,1837,87599,1249
2021-04-21,Alpine,003,1148,86,86,0,86,0
2021-04-21,Amador,005,37829,3633,3632,32,3664,46
2021-04-21,Butte,007,227075,12000,11643,1748,13391,196
2021-04-21,Calaveras,009,45235,2059,2057,11,2068,50
2021-04-21,Colusa,011,21464,1915,1920,286,2206,14
2021-04-21,Contra Costa,013,1133247,67662,66981,1183,68164,782
2021-04-21,Del Norte,015,27424,1279,1252,11,1263,6
2021-04-21,El Dorado,017,186661,9878,9760,695,10455,106
2021-04-21,Fresno,019,978130,101267,100838,8389,109227,1654
2021-04-21,Glenn,021,27897,2381,2361,534,2895,17
2021-04-21,Humboldt,023,135768,3748,3642,30,3672,35
2021-04-21,Imperial,025,180216,28158,28052,2608,30660,719
2021-04-21,Inyo,027,18085,1396,1392,10,1402,36
2021-04-21,Kern,029,883053,96260,95257,10448,105705,1297
2021-04-21,Kings,031,150075,22935,22713,1042,23755,243
2021-04-21,Lake,033,64148,3441,3421,9,3430,43
2021-04-21,Lassen,035,31185,5167,5156,103,5259,1
2021-04-21,Los Angeles,037,10098052,1199274,1189530,39912,1229442,23729
2021-04-21,Madera,039,155013,16417,16309,907,17216,231
2021-04-21,Marin,041,260295,13872,13822,232,14054,227
2021-04-21,Mariposa,043,17540,413,402,11,413,5
2021-04-21,Mendocino,045,87422,3809,3729,74,3803,46
2021-04-21,Merced,047,269075,30433,30471,1005,31476,442
2021-04-21,Modoc,049,8938,363,360,120,480,3
2021-04-21,Mono,051,14174,1245,1254,17,1271,3
2021-04-21,Monterey,053,433212,42840,42699,1797,44496,377
2021-04-21,Napa,055,140530,9708,9727,30,9757,79
2021-04-21,Nevada,057,99092,4579,4499,183,4682,70
2021-04-21,Orange,059,3164182,253640,252243,10985,263228,4889
2021-04-21,Placer,061,380077,22485,21896,1377,23273,282
2021-04-21,Plumas,063,18699,684,670,10,680,4
2021-04-21,Riverside,065,2383286,291930,286299,13672,299971,4388
2021-04-21,Sacramento,067,1510023,102489,101803,1577,103380,1579
2021-04-21,San Benito,069,59416,5989,5998,109,6107,63
2021-04-21,San Bernardino,071,2135413,291267,290049,8812,298861,4572
2021-04-21,San Diego,073,3302833,276470,275632,14315,289947,3681
2021-04-21,San Francisco,075,870044,36073,36194,1231,37425,529
2021-04-21,San Joaquin,077,732212,71493,70687,3330,74017,1295
2021-04-21,San Luis Obispo,079,281455,21051,20724,701,21425,255
2021-04-21,San Mateo,081,765935,41654,41318,445,41763,355
2021-04-21,Santa Barbara,083,443738,34030,33830,1100,34930,445
2021-04-21,Santa Clara,085,1922200,116998,117318,700,118018,1946
2021-04-21,Santa Cruz,087,273765,16069,15698,790,16488,204
2021-04-21,Shasta,089,179085,11698,11722,1421,13143,192
2021-04-21,Sierra,091,2930,55,51,12,63,0
2021-04-21,Siskiyou,093,43540,1679,1557,283,1840,11
2021-04-21,Solano,095,438530,31845,31712,470,32182,244
2021-04-21,Sonoma,097,501317,29536,29697,299,29996,318
2021-04-21,Stanislaus,099,539301,54639,54290,5701,59991,742
2021-04-21,Sutter,101,95872,9277,9297,80,9377,110
2021-04-21,Tehama,103,63373,4925,4893,532,5425,53
2021-04-21,Trinity,105,12862,482,326,82,408,3
2021-04-21,Tulare,107,460477,49664,48653,8604,57257,828
2021-04-21,Tuolumne,109,53932,3964,4019,41,4060,58
2021-04-21,Ventura,111,848112,80609,80039,2898,82937,996
2021-04-21,Yolo,113,214977,13641,13606,196,13802,200
2021-04-21,Yuba,115,75493,5857,5822,116,5938,44
2021-04-20,Alameda,001,1643700,85970,85652,1835,87487,1248
2021-04-20,Alpine,003,1148,85,85,0,85,0
2021-04-20,Amador,005,37829,3632,3631,32,3663,46
2021-04-20,Butte,007,227075,11981,11619,1746,13365,196
2021-04-20,Calaveras,009,45235,2058,2053,11,2064,50
2021-04-20,Colusa,011,21464,1915,1915,285,2200,14
2021-04-20,Contra Costa,013,1133247,67578,66889,1180,68069,782
2021-04-20,Del Norte,015,27424,1278,1250,11,1261,6
2021-04-20,El Dorado,017,186661,9850,9743,693,10436,106
2021-04-20,Fresno,019,978130,101209,100768,8379,109147,1650
2021-04-20,Glenn,021,27897,2379,2359,533,2892,17
2021-04-20,Humboldt,023,135768,3730,3612,30,3642,35
2021-04-20,Imperial,025,180216,28139,28024,2604,30628,719
2021-04-20,Inyo,027,18085,1396,1393,10,1403,36
2021-04-20,Kern,029,883053,96224,95223,10432,105655,1295
2021-04-20,Kings,031,150075,22929,22693,1039,23732,243
2021-04-20,Lake,033,64148,3439,3418,9,3427,43
2021-04-20,Lassen,035,31185,5167,5155,103,5258,1
2021-04-20,Los Angeles,037,10098052,1198927,1189256,39882,1229138,23694
2021-04-20,Madera,039,155013,16411,16301,907,17208,231
2021-04-20,Marin,041,260295,13858,13807,232,14039,227
2021-04-20,Mariposa,043,17540,412,402,11,413,5
2021-04-20,Mendocino,045,87422,3808,3726,74,3800,46
2021-04-20,Merced,047,269075,30406,30439,1004,31443,441
2021-04-20,Modoc,049,8938,363,359,120,479,3
2021-04-20,Mono,051,14174,1244,1254,17,1271,3
2021-04-20,Monterey,053,433212,42829,42663,1795,44458,363
2021-04-20,Napa,055,140530,9704,9711,30,9741,79
2021-04-20,Nevada,057,99092,4561,4485,183,4668,70
2021-04-20,Orange,059,3164182,253550,252134,10973,263107,4887
2021-04-20,Placer,061,380077,22451,21846,1373,23219,282
2021-04-20,Plumas,063,18699,683,670,10,680,4
2021-04-20,Riverside,065,2383286,291833,286194,13667,299861,4388
2021-04-20,Sacramento,067,1510023,102351,101629,1569,103198,1574
2021-04-20,San Benito,069,59416,5986,5988,109,6097,63
2021-04-20,San Bernardino,071,2135413,291186,289905,8810,298715,4569
2021-04-20,San Diego,073,3302833,276239,275369,14282,289651,3674
2021-04-20,San Francisco,075,870044,36053,36117,1230,37347,529
2021-04-20,San Joaquin,077,732212,71420,70590,3321,73911,1289
2021-04-20,San Luis Obispo,079,281455,21028,20691,693,21384,254
2021-04-20,San Mateo,081,765935,41623,41251,445,41696,355
2021-04-20,Santa Barbara,083,443738,34011,33803,1100,34903,445
2021-04-20,Santa Clara,085,1922200,116900,117228,696,117924,1944
2021-04-20,Santa Cruz,087,273765,16057,15647,790,16437,204
2021-04-20,Shasta,089,179085,11682,11677,1418,13095,189
2021-04-20,Sierra,091,2930,55,51,12,63,0
2021-04-20,Siskiyou,093,43540,1671,1551,282,1833,10
2021-04-20,Solano,095,438530,31789,31673,466,32139,243
2021-04-20,Sonoma,097,501317,29527,29676,297,29973,311
2021-04-20,Stanislaus,099,539301,54574,54236,5688,59924,735
2021-04-20,Sutter,101,95872,9273,9279,80,9359,109
2021-04-20,Tehama,103,63373,4920,4887,531,5418,52
2021-04-20,Trinity,105,12862,482,326,82,408,3
2021-04-20,Tulare,107,460477,49642,48650,8596,57246,831
2021-04-20,Tuolumne,109,53932,3964,4014,41,4055,58
2021-04-20,Ventura,111,848112,80581,80018,2896,82914,995
2021-04-20,Yolo,113,214977,13621,13581,195,13776,200
2021-04-20,Yuba,115,75493,5847,5814,116,5930,44
2021-04-19,Alameda,001,1643700,85852,85583,1831,87414,1247
2021-04-19,Alpine,003,1148,85,85,0,85,0
2021-04-19,Amador,005,37829,3631,3629,32,3661,46
2021-04-19,Butte,007,227075,11963,11601,1741,13342,196
2021-04-19,Calaveras,009,45235,2056,2050,11,2061,50
2021-04-19,Colusa,011,21464,1915,1913,284,2197,14
2021-04-19,Contra Costa,013,1133247,67500,66833,1178,68011,782
2021-04-19,Del Norte,015,27424,1276,1247,11,1258,6
2021-04-19,El Dorado,017,186661,9834,9726,688,10414,106
2021-04-19,Fresno,019,978130,101141,100702,8367,109069,1646
2021-04-19,Glenn,021,27897,2379,2358,532,2890,17
2021-04-19,Humboldt,023,135768,3710,3602,28,3630,35
2021-04-19,Imperial,025,180216,28118,27995,2604,30599,719
2021-04-19,Inyo,027,18085,1396,1392,10,1402,36
2021-04-19,Kern,029,883053,96194,95162,10417,105579,1290
2021-04-19,Kings,031,150075,22914,22688,1039,23727,243
2021-04-19,Lake,033,64148,3438,3416,9,3425,43
2021-04-19,Lassen,035,31185,5166,5156,103,5259,1
2021-04-19,Los Angeles,037,10098052,1198548,1188945,39857,1228802,23666
2021-04-19,Madera,039,155013,16400,16289,906,17195,231
2021-04-19,Marin,041,260295,13847,13804,231,14035,226
2021-04-19,Mariposa,043,17540,411,401,11,412,5
2021-04-19,Mendocino,045,87422,3806,3722,74,3796,46
2021-04-19,Merced,047,269075,30377,30422,1003,31425,441
2021-04-19,Modoc,049,8938,363,359,120,479,3
2021-04-19,Mono,051,14174,1243,1254,17,1271,3
2021-04-19,Monterey,053,433212,42816,42642,1790,44432,356
2021-04-19,Napa,055,140530,9696,9680,30,9710,79
2021-04-19,Nevada,057,99092,4545,4477,183,4660,70
2021-04-19,Orange,059,3164182,253432,252013,10958,262971,4883
2021-04-19,Placer,061,380077,22428,21814,1369,23183,282
2021-04-19,Plumas,063,18699,683,665,10,675,4
2021-04-19,Riverside,065,2383286,291738,286087,13657,299744,4371
2021-04-19,Sacramento,067,1510023,102216,101482,1559,103041,1572
2021-04-19,San Benito,069,59416,5978,5989,109,6098,63
2021-04-19,San Bernardino,071,2135413,291101,289738,8804,298542,4561
2021-04-19,San Diego,073,3302833,275991,275113,14249,289362,3674
2021-04-19,San Francisco,075,870044,36016,36094,1228,37322,529
2021-04-19,San Joaquin,077,732212,71340,70514,3315,73829,1289
2021-04-19,San Luis Obispo,079,281455,21002,20669,687,21356,254
2021-04-19,San Mateo,081,765935,41590,41226,444,41670,355
2021-04-19,Santa Barbara,083,443738,33997,33786,1100,34886,446
2021-04-19,Santa Clara,085,1922200,116789,117099,692,117791,1944
2021-04-19,Santa Cruz,087,273765,16045,15600,790,16390,204
2021-04-19,Shasta,089,179085,11667,11662,1410,13072,189
2021-04-19,Sierra,091,2930,55,51,12,63,0
2021-04-19,Siskiyou,093,43540,1661,1544,282,1826,10
2021-04-19,Solano,095,438530,31750,31643,461,32104,239
2021-04-19,Sonoma,097,501317,29508,29667,297,29964,311
2021-04-19,Stanislaus,099,539301,54498,54179,5684,59863,728
2021-04-19,Sutter,101,95872,9262,9269,80,9349,109
2021-04-19,Tehama,103,63373,4914,4878,531,5409,52
2021-04-19,Trinity,105,12862,482,326,81,407,3
2021-04-19,Tulare,107,460477,49626,48630,8583,57213,831
2021-04-19,Tuolumne,109,53932,3963,4010,41,4051,58
2021-04-19,Ventura,111,848112,80555,80000,2894,82894,996
2021-04-19,Yolo,113,214977,13608,13572,193,13765,200
2021-04-19,Yuba,115,75493,5840,5804,115,5919,44
2021-04-18,Alameda,001,1643700,85737,85481,1823,87304,1247
2021-04-18,Alpine,003,1148,85,85,0,85,0
2021-04-18,Amador,005,37829,3628,3627,32,3659,46
2021-04-18,Butte,007,227075,11945,11591,1736,13327,196
2021-04-18,Calaveras,009,45235,2050,2047,11,2058,50
2021-04-18,Colusa,011,21464,1911,1912,283,2195,14
2021-04-18,Contra Costa,013,1133247,67397,66750,1174,67924,782
2021-04-18,Del Norte,015,27424,1276,1240,11,1251,6
2021-04-18,El Dorado,017,186661,9811,9710,686,10396,106
2021-04-18,Fresno,019,978130,101083,100621,8361,108982,1646
2021-04-18,Glenn,021,27897,2374,2358,532,2890,17
2021-04-18,Humboldt,023,135768,3682,3590,28,3618,35
2021-04-18,Imperial,025,180216,28103,27991,2599,30590,719
2021-04-18,Inyo,027,18085,1395,1392,10,1402,36
2021-04-18,Kern,029,883053,96158,95129,10402,105531,1290
2021-04-18,Kings,031,150075,22905,22685,1039,23724,243
2021-04-18,Lake,033,64148,3437,3413,9,3422,43
2021-04-18,Lassen,035,31185,5163,5156,103,5259,1
2021-04-18,Los Angeles,037,10098052,1198088,1188620,39834,1228454,23648
2021-04-18,Madera,039,155013,16389,16277,905,17182,231
2021-04-18,Marin,041,260295,13840,13801,230,14031,226
2021-04-18,Mariposa,043,17540,410,400,10,410,5
2021-04-18,Mendocino,045,87422,3803,3722,74,3796,46
2021-04-18,Merced,047,269075,30340,30405,1002,31407,441
2021-04-18,Modoc,049,8938,363,359,120,479,3
2021-04-18,Mono,051,14174,1243,1254,17,1271,3
2021-04-18,Monterey,053,433212,42804,42638,1789,44427,356
2021-04-18,Napa,055,140530,9680,9674,30,9704,79
2021-04-18,Nevada,057,99092,4530,4464,183,4647,70
2021-04-18,Orange,059,3164182,253318,251940,10951,262891,4883
2021-04-18,Placer,061,380077,22385,21783,1364,23147,282
2021-04-18,Plumas,063,18699,682,665,10,675,4
2021-04-18,Riverside,065,2383286,291648,286043,13653,299696,4371
2021-04-18,Sacramento,067,1510023,102040,101354,1553,102907,1572
2021-04-18,San Benito,069,59416,5976,5989,109,6098,63
2021-04-18,San Bernardino,071,2135413,291008,289691,8795,298486,4556
2021-04-18,San Diego,073,3302833,275712,274961,14214,289175,3674
2021-04-18,San Francisco,075,870044,35979,36073,1224,37297,525
2021-04-18,San Joaquin,077,732212,71259,70466,3306,73772,1289
2021-04-18,San Luis Obispo,079,281455,20980,20656,681,21337,254
2021-04-18,San Mateo,081,765935,41561,41201,443,41644,352
2021-04-18,Santa Barbara,083,443738,33962,33769,1099,34868,446
2021-04-18,Santa Clara,085,1922200,116622,116996,687,117683,1944
2021-04-18,Santa Cruz,087,273765,16035,15580,789,16369,204
2021-04-18,Shasta,089,179085,11646,11658,1407,13065,189
2021-04-18,Sierra,091,2930,55,51,12,63,0
2021-04-18,Siskiyou,093,43540,1650,1538,281,1819,10
2021-04-18,Solano,095,438530,31700,31606,460,32066,239
2021-04-18,Sonoma,097,501317,29492,29660,295,29955,311
2021-04-18,Stanislaus,099,539301,54416,54132,5678,59810,728
2021-04-18,Sutter,101,95872,9248,9261,80,9341,109
2021-04-18,Tehama,103,63373,4905,4877,530,5407,52
2021-04-18,Trinity,105,12862,482,326,81,407,3
2021-04-18,Tulare,107,460477,49613,48618,8578,57196,829
2021-04-18,Tuolumne,109,53932,3962,4008,40,4048,58
2021-04-18,Ventura,111,848112,80524,79984,2891,82875,996
2021-04-18,Yolo,113,214977,13596,13562,191,13753,200
2021-04-18,Yuba,115,75493,5833,5804,115,5919,44
2021-04-17,Alameda,001,1643700,85664,85367,1821,87188,1247
2021-04-17,Alpine,003,1148,85,85,0,85,0
2021-04-17,Amador,005,37829,3626,3625,32,3657,46
2021-04-17,Butte,007,227075,11925,11573,1732,13305,196
2021-04-17,Calaveras,009,45235,2048,2045,11,2056,50
2021-04-17,Colusa,011,21464,1911,1912,283,2195,14
2021-04-17,Contra Costa,013,1133247,67349,66657,1166,67823,782
2021-04-17,Del Norte,015,27424,1276,1238,11,1249,6
2021-04-17,El Dorado,017,186661,9796,9692,683,10375,106
2021-04-17,Fresno,019,978130,101050,100562,8356,108918,1646
2021-04-17,Glenn,021,27897,2374,2357,532,2889,17
2021-04-17,Humboldt,023,135768,3658,3579,28,3607,35
2021-04-17,Imperial,025,180216,28092,27987,2599,30586,719
2021-04-17,Inyo,027,18085,1392,1392,10,1402,36
2021-04-17,Kern,029,883053,96140,95102,10398,105500,1290
2021-04-17,Kings,031,150075,22900,22678,1038,23716,243
2021-04-17,Lake,033,64148,3436,3409,9,3418,43
2021-04-17,Lassen,035,31185,5163,5154,103,5257,1
2021-04-17,Los Angeles,037,10098052,1197828,1188262,39804,1228066,23653
2021-04-17,Madera,039,155013,16385,16260,904,17164,231
2021-04-17,Marin,041,260295,13836,13797,230,14027,226
2021-04-17,Mariposa,043,17540,409,398,10,408,5
2021-04-17,Mendocino,045,87422,3800,3721,74,3795,46
2021-04-17,Merced,047,269075,30324,30392,1001,31393,441
2021-04-17,Modoc,049,8938,363,357,120,477,3
2021-04-17,Mono,051,14174,1243,1253,17,1270,3
2021-04-17,Monterey,053,433212,42795,42630,1787,44417,356
2021-04-17,Napa,055,140530,9676,9666,30,9696,79
2021-04-17,Nevada,057,99092,4522,4457,183,4640,70
2021-04-17,Orange,059,3164182,253249,251873,10939,262812,4878
2021-04-17,Placer,061,380077,22362,21736,1359,23095,282
2021-04-17,Plumas,063,18699,681,666,10,676,4
2021-04-17,Riverside,065,2383286,291579,285963,13645,299608,4371
2021-04-17,Sacramento,067,1510023,101930,101172,1542,102714,1572
2021-04-17,San Benito,069,59416,5970,5986,109,6095,63
2021-04-17,San Bernardino,071,2135413,290953,289624,8792,298416,4555
2021-04-17,San Diego,073,3302833,275565,274812,14180,288992,3674
2021-04-17,San Francisco,075,870044,35957,36032,1221,37253,523
2021-04-17,San Joaquin,077,732212,71219,70372,3296,73668,1288
2021-04-17,San Luis Obispo,079,281455,20967,20642,678,21320,254
2021-04-17,San Mateo,081,765935,41538,41157,443,41600,352
2021-04-17,Santa Barbara,083,443738,33931,33738,1097,34835,446
2021-04-17,Santa Clara,085,1922200,116530,116887,685,117572,1944
2021-04-17,Santa Cruz,087,273765,16029,15571,789,16360,204
2021-04-17,Shasta,089,179085,11631,11647,1406,13053,189
2021-04-17,Sierra,091,2930,55,51,12,63,0
2021-04-17,Siskiyou,093,43540,1645,1539,278,1817,10
2021-04-17,Solano,095,438530,31669,31541,457,31998,239
2021-04-17,Sonoma,097,501317,29485,29637,295,29932,311
2021-04-17,Stanislaus,099,539301,54379,54058,5673,59731,728
2021-04-17,Sutter,101,95872,9242,9252,80,9332,109
2021-04-17,Tehama,103,63373,4899,4875,529,5404,52
2021-04-17,Trinity,105,12862,482,326,81,407,3
2021-04-17,Tulare,107,460477,49601,48603,8574,57177,829
2021-04-17,Tuolumne,109,53932,3960,4005,40,4045,58
2021-04-17,Ventura,111,848112,80503,79964,2891,82855,996
2021-04-17,Yolo,113,214977,13586,13580,191,13771,200
2021-04-17,Yuba,115,75493,5828,5802,114,5916,44
2021-04-16,Alameda,001,1643700,85584,85243,1819,87062,1245
2021-04-16,Alpine,003,1148,85,85,0,85,0
2021-04-16,Amador,005,37829,3621,3621,32,3653,46
2021-04-16,Butte,007,227075,11913,11549,1730,13279,196
2021-04-16,Calaveras,009,45235,2046,2042,11,2053,50
2021-04-16,Colusa,011,21464,1909,1911,283,2194,14
2021-04-16,Contra Costa,013,1133247,67295,66569,1163,67732,782
2021-04-16,Del Norte,015,27424,1275,1237,11,1248,6
2021-04-16,El Dorado,017,186661,9776,9665,679,10344,106
2021-04-16,Fresno,019,978130,101000,100500,8350,108850,1643
2021-04-16,Glenn,021,27897,2374,2355,532,2887,17
2021-04-16,Humboldt,023,135768,3637,3570,27,3597,35
2021-04-16,Imperial,025,180216,28082,27962,2599,30561,719
2021-04-16,Inyo,027,18085,1392,1392,10,1402,36
2021-04-16,Kern,029,883053,96111,95066,10395,105461,1288
2021-04-16,Kings,031,150075,22896,22667,1037,23704,243
2021-04-16,Lake,033,64148,3430,3406,9,3415,43
2021-04-16,Lassen,035,31185,5162,5155,103,5258,1
2021-04-16,Los Angeles,037,10098052,1197527,1187818,39768,1227586,23627
2021-04-16,Madera,039,155013,16379,16250,903,17153,231
2021-04-16,Marin,041,260295,13833,13788,230,14018,226
2021-04-16,Mariposa,043,17540,408,396,9,405,5
2021-04-16,Mendocino,045,87422,3798,3719,74,3793,46
2021-04-16,Merced,047,269075,30309,30355,1001,31356,438
2021-04-16,Modoc,049,8938,363,355,120,475,3
2021-04-16,Mono,051,14174,1243,1253,17,1270,3
2021-04-16,Monterey,053,433212,42784,42620,1784,44404,351
2021-04-16,Napa,055,140530,9668,9653,30,9683,79
2021-04-16,Nevada,057,99092,4513,4443,183,4626,70
2021-04-16,Orange,059,3164182,253185,251770,10930,262700,4873
2021-04-16,Placer,061,380077,22335,21680,1355,23035,282
2021-04-16,Plumas,063,18699,680,665,10,675,4
2021-04-16,Riverside,065,2383286,291502,285818,13643,299461,4369
2021-04-16,Sacramento,067,1510023,101833,100993,1537,102530,1572
2021-04-16,San Benito,069,59416,5968,5982,109,6091,63
2021-04-16,San Bernardino,071,2135413,290906,289424,8791,298215,4550
2021-04-16,San Diego,073,3302833,275411,274567,14162,288729,3662
2021-04-16,San Francisco,075,870044,35931,35993,1218,37211,517
2021-04-16,San Joaquin,077,732212,71152,70280,3288,73568,1288
2021-04-16,San Luis Obispo,079,281455,20955,20623,677,21300,253
2021-04-16,San Mateo,081,765935,41509,41107,442,41549,352
2021-04-16,Santa Barbara,083,443738,33913,33703,1097,34800,446
2021-04-16,Santa Clara,085,1922200,116430,116693,682,117375,1941
2021-04-16,Santa Cruz,087,273765,16027,15539,789,16328,204
2021-04-16,Shasta,089,179085,11619,11623,1405,13028,189
2021-04-16,Sierra,091,2930,55,51,12,63,0
2021-04-16,Siskiyou,093,43540,1641,1530,276,1806,10
2021-04-16,Solano,095,438530,31630,31470,454,31924,239
2021-04-16,Sonoma,097,501317,29474,29617,295,29912,311
2021-04-16,Stanislaus,099,539301,54331,53983,5671,59654,728
2021-04-16,Sutter,101,95872,9236,9247,80,9327,109
2021-04-16,Tehama,103,63373,4898,4866,529,5395,52
2021-04-16,Trinity,105,12862,482,326,81,407,3
2021-04-16,Tulare,107,460477,49589,48583,8570,57153,830
2021-04-16,Tuolumne,109,53932,3957,4005,40,4045,58
2021-04-16,Ventura,111,848112,80478,79942,2886,82828,994
2021-04-16,Yolo,113,214977,13573,13559,189,13748,198
2021-04-16,Yuba,115,75493,5825,5795,113,5908,44
2021-04-15,Alameda,001,1643700,85477,85089,1817,86906,1246
2021-04-15,Alpine,003,1148,85,85,0,85,0
2021-04-15,Amador,005,37829,3620,3616,32,3648,46
2021-04-15,Butte,007,227075,11898,11529,1727,13256,196
2021-04-15,Calaveras,009,45235,2045,2039,11,2050,50
2021-04-15,Colusa,011,21464,1907,1909,282,2191,14
2021-04-15,Contra Costa,013,1133247,67222,66480,1159,67639,781
2021-04-15,Del Norte,015,27424,1268,1235,11,1246,6
2021-04-15,El Dorado,017,186661,9761,9639,677,10316,106
2021-04-15,Fresno,019,978130,100938,100431,8344,108775,1642
2021-04-15,Glenn,021,27897,2374,2354,532,2886,17
2021-04-15,Humboldt,023,135768,3616,3561,27,3588,35
2021-04-15,Imperial,025,180216,28054,27920,2596,30516,718
2021-04-15,Inyo,027,18085,1392,1393,10,1403,36
2021-04-15,Kern,029,883053,96078,94989,10382,105371,1289
2021-04-15,Kings,031,150075,22882,22648,1037,23685,242
2021-04-15,Lake,033,64148,3429,3399,9,3408,43
2021-04-15,Lassen,035,31185,5161,5152,103,5255,1
2021-04-15,Los Angeles,037,10098052,1197122,1187274,39732,1227006,23598
2021-04-15,Madera,039,155013,16364,16234,903,17137,231
2021-04-15,Marin,041,260295,13829,13783,229,14012,226
2021-04-15,Mariposa,043,17540,406,395,9,404,5
2021-04-15,Mendocino,045,87422,3797,3714,74,3788,46
2021-04-15,Merced,047,269075,30283,30325,1000,31325,437
2021-04-15,Modoc,049,8938,363,355,120,475,3
2021-04-15,Mono,051,14174,1242,1253,17,1270,3
2021-04-15,Monterey,053,433212,42774,42604,1782,44386,347
2021-04-15,Napa,055,140530,9660,9645,30,9675,79
2021-04-15,Nevada,057,99092,4501,4434,182,4616,70
2021-04-15,Orange,059,3164182,253090,251679,10918,262597,4857
2021-04-15,Placer,061,380077,22304,21614,1348,22962,281
2021-04-15,Plumas,063,18699,678,665,10,675,4
2021-04-15,Riverside,065,2383286,291398,285698,13636,299334,4363
2021-04-15,Sacramento,067,1510023,101703,100782,1523,102305,1570
2021-04-15,San Benito,069,59416,5965,5969,108,6077,63
2021-04-15,San Bernardino,071,2135413,290816,289288,8784,298072,4544
2021-04-15,San Diego,073,3302833,275164,274250,14103,288353,3653
2021-04-15,San Francisco,075,870044,35912,35947,1216,37163,510
2021-04-15,San Joaquin,077,732212,71071,70189,3280,73469,1288
2021-04-15,San Luis Obispo,079,281455,20939,20591,674,21265,253
2021-04-15,San Mateo,081,765935,41470,41050,441,41491,352
2021-04-15,Santa Barbara,083,443738,33895,33672,1093,34765,446
2021-04-15,Santa Clara,085,1922200,116324,116602,678,117280,1927
2021-04-15,Santa Cruz,087,273765,16017,15509,789,16298,203
2021-04-15,Shasta,089,179085,11605,11597,1401,12998,191
2021-04-15,Sierra,091,2930,55,51,12,63,0
2021-04-15,Siskiyou,093,43540,1635,1524,275,1799,10
2021-04-15,Solano,095,438530,31592,31394,453,31847,239
2021-04-15,Sonoma,097,501317,29460,29587,295,29882,311
2021-04-15,Stanislaus,099,539301,54277,53918,5662,59580,728
2021-04-15,Sutter,101,95872,9229,9237,80,9317,109
2021-04-15,Tehama,103,63373,4897,4854,528,5382,52
2021-04-15,Trinity,105,12862,482,326,81,407,3
2021-04-15,Tulare,107,460477,49568,48556,8570,57126,829
2021-04-15,Tuolumne,109,53932,3957,4003,40,4043,57
2021-04-15,Ventura,111,848112,80459,79917,2884,82801,989
2021-04-15,Yolo,113,214977,13554,13547,187,13734,198
2021-04-15,Yuba,115,75493,5822,5788,113,5901,44
2021-04-14,Alameda,001,1643700,85380,85009,1816,86825,1247
2021-04-14,Alpine,003,1148,85,85,0,85,0
2021-04-14,Amador,005,37829,3619,3613,32,3645,46
2021-04-14,Butte,007,227075,11885,11513,1726,13239,196
2021-04-14,Calaveras,009,45235,2044,2037,11,2048,50
2021-04-14,Colusa,011,21464,1907,1905,282,2187,14
2021-04-14,Contra Costa,013,1133247,67136,66400,1153,67553,781
2021-04-14,Del Norte,015,27424,1268,1228,11,1239,6
2021-04-14,El Dorado,017,186661,9746,9625,672,10297,106
2021-04-14,Fresno,019,978130,100881,100376,8332,108708,1640
2021-04-14,Glenn,021,27897,2374,2353,532,2885,17
2021-04-14,Humboldt,023,135768,3594,3551,26,3577,35
2021-04-14,Imperial,025,180216,28032,27907,2594,30501,718
2021-04-14,Inyo,027,18085,1392,1392,10,1402,36
2021-04-14,Kern,029,883053,96053,94947,10375,105322,1287
2021-04-14,Kings,031,150075,22873,22641,1035,23676,243
2021-04-14,Lake,033,64148,3424,3396,9,3405,43
2021-04-14,Lassen,035,31185,5160,5151,103,5254,1
2021-04-14,Los Angeles,037,10098052,1196723,1186821,39687,1226508,23579
2021-04-14,Madera,039,155013,16355,16218,903,17121,231
2021-04-14,Marin,041,260295,13827,13768,228,13996,226
2021-04-14,Mariposa,043,17540,405,394,9,403,5
2021-04-14,Mendocino,045,87422,3792,3711,74,3785,46
2021-04-14,Merced,047,269075,30267,30296,998,31294,436
2021-04-14,Modoc,049,8938,363,355,120,475,3
2021-04-14,Mono,051,14174,1241,1252,17,1269,3
2021-04-14,Monterey,053,433212,42758,42595,1778,44373,347
2021-04-14,Napa,055,140530,9649,9643,30,9673,79
2021-04-14,Nevada,057,99092,4494,4421,182,4603,70
2021-04-14,Orange,059,3164182,252985,251568,10899,262467,4849
2021-04-14,Placer,061,380077,22271,21575,1347,22922,280
2021-04-14,Plumas,063,18699,678,665,10,675,4
2021-04-14,Riverside,065,2383286,291288,285583,13630,299213,4358
2021-04-14,Sacramento,067,1510023,101528,100645,1509,102154,1570
2021-04-14,San Benito,069,59416,5963,5960,108,6068,62
2021-04-14,San Bernardino,071,2135413,290748,289078,8782,297860,4523
2021-04-14,San Diego,073,3302833,274953,273969,14074,288043,3648
2021-04-14,San Francisco,075,870044,35874,35898,1215,37113,510
2021-04-14,San Joaquin,077,732212,71001,70095,3274,73369,1288
2021-04-14,San Luis Obispo,079,281455,20916,20561,664,21225,253
2021-04-14,San Mateo,081,765935,41430,40982,438,41420,352
2021-04-14,Santa Barbara,083,443738,33866,33650,1093,34743,445
2021-04-14,Santa Clara,085,1922200,116207,116488,675,117163,1922
2021-04-14,Santa Cruz,087,273765,16007,15481,789,16270,203
2021-04-14,Shasta,089,179085,11579,11581,1399,12980,190
2021-04-14,Sierra,091,2930,55,51,12,63,0
2021-04-14,Siskiyou,093,43540,1627,1518,274,1792,10
2021-04-14,Solano,095,438530,31539,31357,446,31803,239
2021-04-14,Sonoma,097,501317,29452,29572,293,29865,311
2021-04-14,Stanislaus,099,539301,54206,53836,5653,59489,727
2021-04-14,Sutter,101,95872,9221,9230,80,9310,106
2021-04-14,Tehama,103,63373,4891,4853,527,5380,52
2021-04-14,Trinity,105,12862,482,326,81,407,3
2021-04-14,Tulare,107,460477,49541,48527,8567,57094,827
2021-04-14,Tuolumne,109,53932,3956,3997,40,4037,57
2021-04-14,Ventura,111,848112,80423,79891,2882,82773,986
2021-04-14,Yolo,113,214977,13538,13530,185,13715,198
2021-04-14,Yuba,115,75493,5820,5778,113,5891,44
2021-04-13,Alameda,001,1643700,85274,84921,1813,86734,1239
2021-04-13,Alpine,003,1148,85,85,0,85,0
2021-04-13,Amador,005,37829,3616,3609,32,3641,46
2021-04-13,Butte,007,227075,11867,11497,1723,13220,196
2021-04-13,Calaveras,009,45235,2042,2035,11,2046,50
2021-04-13,Colusa,011,21464,1905,1905,280,2185,14
2021-04-13,Contra Costa,013,1133247,67048,66304,1153,67457,778
2021-04-13,Del Norte,015,27424,1263,1221,11,1232,6
2021-04-13,El Dorado,017,186661,9720,9609,669,10278,106
2021-04-13,Fresno,019,978130,100800,100357,8326,108683,1636
2021-04-13,Glenn,021,27897,2373,2351,532,2883,17
2021-04-13,Humboldt,023,135768,3577,3540,26,3566,35
2021-04-13,Imperial,025,180216,28013,27887,2586,30473,718
2021-04-13,Inyo,027,18085,1392,1391,10,1401,36
2021-04-13,Kern,029,883053,96009,94908,10363,105271,1285
2021-04-13,Kings,031,150075,22857,22636,1034,23670,243
2021-04-13,Lake,033,64148,3421,3390,9,3399,43
2021-04-13,Lassen,035,31185,5159,5147,103,5250,1
2021-04-13,Los Angeles,037,10098052,1196269,1186482,39646,1226128,23526
2021-04-13,Madera,039,155013,16345,16207,901,17108,231
2021-04-13,Marin,041,260295,13819,13760,227,13987,224
2021-04-13,Mariposa,043,17540,404,394,6,400,5
2021-04-13,Mendocino,045,87422,3786,3702,74,3776,46
2021-04-13,Merced,047,269075,30237,30276,995,31271,435
2021-04-13,Modoc,049,8938,363,355,120,475,3
2021-04-13,Mono,051,14174,1241,1251,17,1268,3
2021-04-13,Monterey,053,433212,42747,42577,1778,44355,347
2021-04-13,Napa,055,140530,9639,9627,30,9657,79
2021-04-13,Nevada,057,99092,4482,4415,182,4597,69
2021-04-13,Orange,059,3164182,252890,251491,10882,262373,4836
2021-04-13,Placer,061,380077,22234,21534,1344,22878,280
2021-04-13,Plumas,063,18699,677,665,10,675,4
2021-04-13,Riverside,065,2383286,291169,285505,13624,299129,4348
2021-04-13,Sacramento,067,1510023,101353,100551,1504,102055,1569
2021-04-13,San Benito,069,59416,5960,5946,108,6054,62
2021-04-13,San Bernardino,071,2135413,290632,288929,8776,297705,4521
2021-04-13,San Diego,073,3302833,274699,273709,14039,287748,3623
2021-04-13,San Francisco,075,870044,35838,35869,1211,37080,506
2021-04-13,San Joaquin,077,732212,70893,70034,3266,73300,1288
2021-04-13,San Luis Obispo,079,281455,20889,20536,654,21190,253
2021-04-13,San Mateo,081,765935,41385,40955,438,41393,353
2021-04-13,Santa Barbara,083,443738,33843,33613,1090,34703,444
2021-04-13,Santa Clara,085,1922200,116078,116363,674,117037,1923
2021-04-13,Santa Cruz,087,273765,16000,15449,789,16238,203
2021-04-13,Shasta,089,179085,11559,11536,1396,12932,189
2021-04-13,Sierra,091,2930,55,51,12,63,0
2021-04-13,Siskiyou,093,43540,1619,1511,271,1782,10
2021-04-13,Solano,095,438530,31490,31335,442,31777,239
2021-04-13,Sonoma,097,501317,29444,29544,292,29836,311
2021-04-13,Stanislaus,099,539301,54134,53797,5644,59441,722
2021-04-13,Sutter,101,95872,9217,9226,80,9306,106
2021-04-13,Tehama,103,63373,4884,4850,524,5374,52
2021-04-13,Trinity,105,12862,482,326,81,407,3
2021-04-13,Tulare,107,460477,49528,48511,8564,57075,825
2021-04-13,Tuolumne,109,53932,3954,3995,40,4035,57
2021-04-13,Ventura,111,848112,80391,79854,2880,82734,986
2021-04-13,Yolo,113,214977,13526,13516,184,13700,198
2021-04-13,Yuba,115,75493,5811,5776,113,5889,44
2021-04-12,Alameda,001,1643700,85172,84817,1811,86628,1238
2021-04-12,Alpine,003,1148,85,85,0,85,0
2021-04-12,Amador,005,37829,3615,3607,32,3639,46
2021-04-12,Butte,007,227075,11852,11488,1719,13207,193
2021-04-12,Calaveras,009,45235,2038,2033,11,2044,50
2021-04-12,Colusa,011,21464,1903,1904,278,2182,14
2021-04-12,Contra Costa,013,1133247,66968,66176,1153,67329,777
2021-04-12,Del Norte,015,27424,1260,1216,11,1227,6
2021-04-12,El Dorado,017,186661,9703,9588,667,10255,106
2021-04-12,Fresno,019,978130,100739,100277,8303,108580,1633
2021-04-12,Glenn,021,27897,2372,2349,532,2881,17
2021-04-12,Humboldt,023,135768,3563,3533,25,3558,35
2021-04-12,Imperial,025,180216,27983,27851,2582,30433,717
2021-04-12,Inyo,027,18085,1392,1390,10,1400,36
2021-04-12,Kern,029,883053,95972,94861,10353,105214,1283
2021-04-12,Kings,031,150075,22849,22621,1033,23654,241
2021-04-12,Lake,033,64148,3417,3380,9,3389,43
2021-04-12,Lassen,035,31185,5158,5147,103,5250,1
2021-04-12,Los Angeles,037,10098052,1195766,1186145,39609,1225754,23505
2021-04-12,Madera,039,155013,16333,16174,899,17073,231
2021-04-12,Marin,041,260295,13806,13751,225,13976,224
2021-04-12,Mariposa,043,17540,403,394,6,400,5
2021-04-12,Mendocino,045,87422,3785,3699,74,3773,46
2021-04-12,Merced,047,269075,30206,30261,992,31253,435
2021-04-12,Modoc,049,8938,361,352,120,472,3
2021-04-12,Mono,051,14174,1241,1251,17,1268,3
2021-04-12,Monterey,053,433212,42733,42555,1776,44331,346
2021-04-12,Napa,055,140530,9625,9603,30,9633,80
2021-04-12,Nevada,057,99092,4471,4408,182,4590,69
2021-04-12,Orange,059,3164182,252803,251350,10861,262211,4826
2021-04-12,Placer,061,380077,22183,21475,1341,22816,278
2021-04-12,Plumas,063,18699,675,666,10,676,4
2021-04-12,Riverside,065,2383286,291058,285361,13618,298979,4336
2021-04-12,Sacramento,067,1510023,101179,100394,1499,101893,1566
2021-04-12,San Benito,069,59416,5952,5942,107,6049,62
2021-04-12,San Bernardino,071,2135413,290525,288736,8764,297500,4493
2021-04-12,San Diego,073,3302833,274438,273431,14010,287441,3621
2021-04-12,San Francisco,075,870044,35804,35841,1210,37051,506
2021-04-12,San Joaquin,077,732212,70821,69968,3259,73227,1288
2021-04-12,San Luis Obispo,079,281455,20844,20515,641,21156,253
2021-04-12,San Mateo,081,765935,41343,40920,434,41354,353
2021-04-12,Santa Barbara,083,443738,33811,33606,1090,34696,444
2021-04-12,Santa Clara,085,1922200,115950,116252,672,116924,1923
2021-04-12,Santa Cruz,087,273765,15980,15406,789,16195,203
2021-04-12,Shasta,089,179085,11542,11509,1392,12901,189
2021-04-12,Sierra,091,2930,55,51,12,63,0
2021-04-12,Siskiyou,093,43540,1608,1511,268,1779,7
2021-04-12,Solano,095,438530,31448,31305,439,31744,238
2021-04-12,Sonoma,097,501317,29416,29500,292,29792,310
2021-04-12,Stanislaus,099,539301,54068,53722,5637,59359,707
2021-04-12,Sutter,101,95872,9206,9221,80,9301,106
2021-04-12,Tehama,103,63373,4875,4834,520,5354,52
2021-04-12,Trinity,105,12862,482,324,81,405,3
2021-04-12,Tulare,107,460477,49508,48495,8554,57049,824
2021-04-12,Tuolumne,109,53932,3950,3993,40,4033,57
2021-04-12,Ventura,111,848112,80358,79818,2878,82696,985
2021-04-12,Yolo,113,214977,13512,13510,183,13693,198
2021-04-12,Yuba,115,75493,5805,5773,113,5886,43
2021-04-11,Alameda,001,1643700,85035,84756,1806,86562,1238
2021-04-11,Alpine,003,1148,85,85,0,85,0
2021-04-11,Amador,005,37829,3613,3605,32,3637,46
2021-04-11,Butte,007,227075,11817,11487,1715,13202,193
2021-04-11,Calaveras,009,45235,2034,2036,11,2047,50
2021-04-11,Colusa,011,21464,1902,1904,277,2181,14
2021-04-11,Contra Costa,013,1133247,66859,66107,1151,67258,777
2021-04-11,Del Norte,015,27424,1254,1214,11,1225,6
2021-04-11,El Dorado,017,186661,9689,9575,664,10239,106
2021-04-11,Fresno,019,978130,100671,100230,8293,108523,1633
2021-04-11,Glenn,021,27897,2368,2348,532,2880,17
2021-04-11,Humboldt,023,135768,3553,3523,25,3548,35
2021-04-11,Imperial,025,180216,27959,27841,2580,30421,717
2021-04-11,Inyo,027,18085,1392,1390,10,1400,36
2021-04-11,Kern,029,883053,95911,94830,10345,105175,1283
2021-04-11,Kings,031,150075,22840,22618,1030,23648,241
2021-04-11,Lake,033,64148,3413,3377,9,3386,43
2021-04-11,Lassen,035,31185,5154,5147,103,5250,1
2021-04-11,Los Angeles,037,10098052,1195254,1185757,39567,1225324,23503
2021-04-11,Madera,039,155013,16314,16166,898,17064,231
2021-04-11,Marin,041,260295,13799,13741,224,13965,226
2021-04-11,Mariposa,043,17540,403,394,6,400,5
2021-04-11,Mendocino,045,87422,3783,3696,74,3770,46
2021-04-11,Merced,047,269075,30168,30249,991,31240,435
2021-04-11,Modoc,049,8938,360,352,118,470,3
2021-04-11,Mono,051,14174,1240,1250,17,1267,3
2021-04-11,Monterey,053,433212,42727,42547,1769,44316,346
2021-04-11,Napa,055,140530,9614,9592,30,9622,80
2021-04-11,Nevada,057,99092,4457,4394,182,4576,69
2021-04-11,Orange,059,3164182,252676,251233,10850,262083,4826
2021-04-11,Placer,061,380077,22126,21458,1336,22794,278
2021-04-11,Plumas,063,18699,675,666,10,676,4
2021-04-11,Riverside,065,2383286,290924,285269,13608,298877,4336
2021-04-11,Sacramento,067,1510023,101008,100296,1487,101783,1566
2021-04-11,San Benito,069,59416,5944,5941,106,6047,62
2021-04-11,San Bernardino,071,2135413,290418,288686,8758,297444,4492
2021-04-11,San Diego,073,3302833,274140,273287,13951,287238,3621
2021-04-11,San Francisco,075,870044,35768,35815,1207,37022,498
2021-04-11,San Joaquin,077,732212,70735,69939,3248,73187,1288
2021-04-11,San Luis Obispo,079,281455,20818,20501,638,21139,253
2021-04-11,San Mateo,081,765935,41285,40901,433,41334,353
2021-04-11,Santa Barbara,083,443738,33776,33591,1089,34680,444
2021-04-11,Santa Clara,085,1922200,115814,116161,669,116830,1923
2021-04-11,Santa Cruz,087,273765,15968,15382,789,16171,203
2021-04-11,Shasta,089,179085,11498,11504,1391,12895,189
2021-04-11,Sierra,091,2930,55,51,12,63,0
2021-04-11,Siskiyou,093,43540,1601,1509,265,1774,7
2021-04-11,Solano,095,438530,31394,31268,435,31703,238
2021-04-11,Sonoma,097,501317,29390,29496,288,29784,310
2021-04-11,Stanislaus,099,539301,53985,53683,5628,59311,707
2021-04-11,Sutter,101,95872,9197,9222,80,9302,106
2021-04-11,Tehama,103,63373,4872,4832,519,5351,52
2021-04-11,Trinity,105,12862,482,324,81,405,3
2021-04-11,Tulare,107,460477,49494,48479,8547,57026,824
2021-04-11,Tuolumne,109,53932,3948,3993,40,4033,57
2021-04-11,Ventura,111,848112,80310,79800,2873,82673,985
2021-04-11,Yolo,113,214977,13492,13496,181,13677,198
2021-04-11,Yuba,115,75493,5795,5768,113,5881,43
2021-04-10,Alameda,001,1643700,84971,84626,1806,86432,1238
2021-04-10,Alpine,003,1148,85,85,0,85,0
2021-04-10,Amador,005,37829,3611,3603,32,3635,46
2021-04-10,Butte,007,227075,11806,11482,1714,13196,193
2021-04-10,Calaveras,009,45235,2032,2032,11,2043,50
2021-04-10,Colusa,011,21464,1902,1902,277,2179,14
2021-04-10,Contra Costa,013,1133247,66798,66001,1148,67149,778
2021-04-10,Del Norte,015,27424,1251,1212,11,1223,6
2021-04-10,El Dorado,017,186661,9677,9549,661,10210,106
2021-04-10,Fresno,019,978130,100638,100135,8286,108421,1633
2021-04-10,Glenn,021,27897,2368,2343,532,2875,17
2021-04-10,Humboldt,023,135768,3543,3508,25,3533,35
2021-04-10,Imperial,025,180216,27945,27816,2580,30396,717
2021-04-10,Inyo,027,18085,1392,1387,10,1397,36
2021-04-10,Kern,029,883053,95897,94802,10339,105141,1284
2021-04-10,Kings,031,150075,22836,22614,1028,23642,241
2021-04-10,Lake,033,64148,3408,3368,9,3377,43
2021-04-10,Lassen,035,31185,5154,5146,102,5248,1
2021-04-10,Los Angeles,037,10098052,1194979,1185246,39550,1224796,23493
2021-04-10,Madera,039,155013,16306,16143,897,17040,231
2021-04-10,Marin,041,260295,13794,13731,224,13955,226
2021-04-10,Mariposa,043,17540,400,393,6,399,5
2021-04-10,Mendocino,045,87422,3781,3696,74,3770,46
2021-04-10,Merced,047,269075,30149,30225,990,31215,435
2021-04-10,Modoc,049,8938,360,352,118,470,3
2021-04-10,Mono,051,14174,1240,1249,17,1266,3
2021-04-10,Monterey,053,433212,42716,42527,1768,44295,346
2021-04-10,Napa,055,140530,9607,9569,30,9599,79
2021-04-10,Nevada,057,99092,4450,4379,182,4561,69
2021-04-10,Orange,059,3164182,252583,251139,10844,261983,4818
2021-04-10,Placer,061,380077,22095,21402,1330,22732,278
2021-04-10,Plumas,063,18699,675,666,10,676,4
2021-04-10,Riverside,065,2383286,290844,285082,13600,298682,4336
2021-04-10,Sacramento,067,1510023,100905,100048,1485,101533,1566
2021-04-10,San Benito,069,59416,5933,5932,105,6037,62
2021-04-10,San Bernardino,071,2135413,290354,288590,8751,297341,4489
2021-04-10,San Diego,073,3302833,273924,273058,13931,286989,3613
2021-04-10,San Francisco,075,870044,35738,35774,1204,36978,498
2021-04-10,San Joaquin,077,732212,70700,69852,3238,73090,1288
2021-04-10,San Luis Obispo,079,281455,20802,20461,637,21098,253
2021-04-10,San Mateo,081,765935,41252,40878,433,41311,350
2021-04-10,Santa Barbara,083,443738,33748,33541,1087,34628,444
2021-04-10,Santa Clara,085,1922200,115718,116015,668,116683,1923
2021-04-10,Santa Cruz,087,273765,15962,15360,789,16149,203
2021-04-10,Shasta,089,179085,11489,11492,1388,12880,189
2021-04-10,Sierra,091,2930,55,51,12,63,0
2021-04-10,Siskiyou,093,43540,1598,1512,265,1777,7
2021-04-10,Solano,095,438530,31360,31218,431,31649,238
2021-04-10,Sonoma,097,501317,29375,29469,288,29757,310
2021-04-10,Stanislaus,099,539301,53950,53596,5622,59218,707
2021-04-10,Sutter,101,95872,9195,9214,80,9294,106
2021-04-10,Tehama,103,63373,4870,4820,517,5337,52
2021-04-10,Trinity,105,12862,482,324,81,405,3
2021-04-10,Tulare,107,460477,49485,48470,8541,57011,824
2021-04-10,Tuolumne,109,53932,3945,3991,40,4031,57
2021-04-10,Ventura,111,848112,80282,79758,2871,82629,985
2021-04-10,Yolo,113,214977,13484,13494,180,13674,198
2021-04-10,Yuba,115,75493,5792,5757,112,5869,43
2021-04-09,Alameda,001,1643700,84904,84404,1798,86202,1237
2021-04-09,Alpine,003,1148,85,85,0,85,0
2021-04-09,Amador,005,37829,3610,3600,32,3632,46
2021-04-09,Butte,007,227075,11796,11454,1713,13167,193
2021-04-09,Calaveras,009,45235,2031,2028,11,2039,50
2021-04-09,Colusa,011,21464,1902,1898,277,2175,14
2021-04-09,Contra Costa,013,1133247,66705,65857,1142,66999,777
2021-04-09,Del Norte,015,27424,1250,1207,11,1218,6
2021-04-09,El Dorado,017,186661,9655,9528,657,10185,106
2021-04-09,Fresno,019,978130,100604,100027,8281,108308,1630
2021-04-09,Glenn,021,27897,2368,2337,532,2869,17
2021-04-09,Humboldt,023,135768,3534,3496,25,3521,35
2021-04-09,Imperial,025,180216,27930,27764,2578,30342,717
2021-04-09,Inyo,027,18085,1391,1386,10,1396,36
2021-04-09,Kern,029,883053,95859,94675,10337,105012,1282
2021-04-09,Kings,031,150075,22827,22595,1025,23620,242
2021-04-09,Lake,033,64148,3404,3362,9,3371,43
2021-04-09,Lassen,035,31185,5154,5140,102,5242,1
2021-04-09,Los Angeles,037,10098052,1194610,1184501,39522,1224023,23458
2021-04-09,Madera,039,155013,16303,16118,897,17015,231
2021-04-09,Marin,041,260295,13787,13721,224,13945,226
2021-04-09,Mariposa,043,17540,400,393,6,399,5
2021-04-09,Mendocino,045,87422,3779,3693,74,3767,46
2021-04-09,Merced,047,269075,30120,30179,989,31168,435
2021-04-09,Modoc,049,8938,359,352,118,470,3
2021-04-09,Mono,051,14174,1240,1247,17,1264,3
2021-04-09,Monterey,053,433212,42707,42481,1764,44245,344
2021-04-09,Napa,055,140530,9588,9574,30,9604,80
2021-04-09,Nevada,057,99092,4442,4373,182,4555,69
2021-04-09,Orange,059,3164182,252509,250852,10839,261691,4813
2021-04-09,Placer,061,380077,22064,21327,1322,22649,278
2021-04-09,Plumas,063,18699,674,666,10,676,4
2021-04-09,Riverside,065,2383286,290761,284562,13594,298156,4325
2021-04-09,Sacramento,067,1510023,100749,99722,1479,101201,1564
2021-04-09,San Benito,069,59416,5928,5925,104,6029,62
2021-04-09,San Bernardino,071,2135413,290285,288000,8748,296748,4467
2021-04-09,San Diego,073,3302833,273726,272697,13889,286586,3600
2021-04-09,San Francisco,075,870044,35697,35716,1199,36915,497
2021-04-09,San Joaquin,077,732212,70636,69675,3226,72901,1281
2021-04-09,San Luis Obispo,079,281455,20787,20427,637,21064,252
2021-04-09,San Mateo,081,765935,41216,40800,432,41232,350
2021-04-09,Santa Barbara,083,443738,33725,33424,1084,34508,444
2021-04-09,Santa Clara,085,1922200,115634,115749,666,116415,1923
2021-04-09,Santa Cruz,087,273765,15957,15331,789,16120,203
2021-04-09,Shasta,089,179085,11479,11478,1385,12863,188
2021-04-09,Sierra,091,2930,55,51,12,63,0
2021-04-09,Siskiyou,093,43540,1595,1510,264,1774,7
2021-04-09,Solano,095,438530,31327,31166,426,31592,238
2021-04-09,Sonoma,097,501317,29362,29433,288,29721,310
2021-04-09,Stanislaus,099,539301,53895,53504,5613,59117,705
2021-04-09,Sutter,101,95872,9188,9201,80,9281,106
2021-04-09,Tehama,103,63373,4864,4806,517,5323,52
2021-04-09,Trinity,105,12862,481,324,81,405,3
2021-04-09,Tulare,107,460477,49481,48430,8535,56965,824
2021-04-09,Tuolumne,109,53932,3944,3986,40,4026,57
2021-04-09,Ventura,111,848112,80254,79698,2871,82569,987
2021-04-09,Yolo,113,214977,13472,13478,178,13656,198
2021-04-09,Yuba,115,75493,5785,5754,112,5866,43
2021-04-08,Alameda,001,1643700,84796,84213,1795,86008,1232
2021-04-08,Alpine,003,1148,85,85,0,85,0
2021-04-08,Amador,005,37829,3606,3595,32,3627,46
2021-04-08,Butte,007,227075,11785,11414,1712,13126,193
2021-04-08,Calaveras,009,45235,2029,2027,11,2038,50
2021-04-08,Colusa,011,21464,1901,1897,277,2174,14
2021-04-08,Contra Costa,013,1133247,66597,65706,1139,66845,775
2021-04-08,Del Norte,015,27424,1244,1201,11,1212,6
2021-04-08,El Dorado,017,186661,9639,9513,652,10165,106
2021-04-08,Fresno,019,978130,100541,99935,8274,108209,1627
2021-04-08,Glenn,021,27897,2367,2337,532,2869,17
2021-04-08,Humboldt,023,135768,3524,3486,25,3511,35
2021-04-08,Imperial,025,180216,27902,27744,2575,30319,713
2021-04-08,Inyo,027,18085,1390,1386,10,1396,36
2021-04-08,Kern,029,883053,95813,94493,10324,104817,1281
2021-04-08,Kings,031,150075,22820,22589,1023,23612,243
2021-04-08,Lake,033,64148,3397,3360,9,3369,43
2021-04-08,Lassen,035,31185,5153,5136,102,5238,1
2021-04-08,Los Angeles,037,10098052,1194111,1184443,39484,1223927,23416
2021-04-08,Madera,039,155013,16291,16103,897,17000,231
2021-04-08,Marin,041,260295,13780,13704,224,13928,226
2021-04-08,Mariposa,043,17540,399,393,6,399,5
2021-04-08,Mendocino,045,87422,3777,3690,74,3764,45
2021-04-08,Merced,047,269075,30098,30163,989,31152,430
2021-04-08,Modoc,049,8938,359,352,118,470,3
2021-04-08,Mono,051,14174,1238,1247,17,1264,3
2021-04-08,Monterey,053,433212,42685,42437,1759,44196,342
2021-04-08,Napa,055,140530,9572,9569,30,9599,80
2021-04-08,Nevada,057,99092,4431,4367,182,4549,69
2021-04-08,Orange,059,3164182,252399,250529,10824,261353,4797
2021-04-08,Placer,061,380077,22022,21258,1313,22571,277
2021-04-08,Plumas,063,18699,674,665,10,675,4
2021-04-08,Riverside,065,2383286,290647,283853,13589,297442,4296
2021-04-08,Sacramento,067,1510023,100610,99319,1468,100787,1561
2021-04-08,San Benito,069,59416,5925,5914,102,6016,62
2021-04-08,San Bernardino,071,2135413,290188,287190,8745,295935,4445
2021-04-08,San Diego,073,3302833,273496,272495,13853,286348,3592
2021-04-08,San Francisco,075,870044,35673,35657,1198,36855,494
2021-04-08,San Joaquin,077,732212,70564,69479,3220,72699,1279
2021-04-08,San Luis Obispo,079,281455,20768,20402,635,21037,252
2021-04-08,San Mateo,081,765935,41176,40749,432,41181,350
2021-04-08,Santa Barbara,083,443738,33701,33309,1083,34392,444
2021-04-08,Santa Clara,085,1922200,115528,115487,665,116152,1905
2021-04-08,Santa Cruz,087,273765,15950,15296,789,16085,203
2021-04-08,Shasta,089,179085,11469,11466,1381,12847,186
2021-04-08,Sierra,091,2930,55,51,12,63,0
2021-04-08,Siskiyou,093,43540,1592,1511,264,1775,7
2021-04-08,Solano,095,438530,31277,31120,426,31546,238
2021-04-08,Sonoma,097,501317,29342,29410,287,29697,310
2021-04-08,Stanislaus,099,539301,53817,53401,5603,59004,706
2021-04-08,Sutter,101,95872,9184,9195,80,9275,106
2021-04-08,Tehama,103,63373,4860,4802,517,5319,52
2021-04-08,Trinity,105,12862,481,324,81,405,3
2021-04-08,Tulare,107,460477,49468,48409,8525,56934,821
2021-04-08,Tuolumne,109,53932,3944,3986,40,4026,57
2021-04-08,Ventura,111,848112,80217,79626,2867,82493,986
2021-04-08,Yolo,113,214977,13463,13468,177,13645,198
2021-04-08,Yuba,115,75493,5781,5743,112,5855,43
2021-04-07,Alameda,001,1643700,84712,84130,1793,85923,1224
2021-04-07,Alpine,003,1148,85,85,0,85,0
2021-04-07,Amador,005,37829,3603,3590,32,3622,46
2021-04-07,Butte,007,227075,11781,11405,1709,13114,193
2021-04-07,Calaveras,009,45235,2028,2022,11,2033,50
2021-04-07,Colusa,011,21464,1897,1894,276,2170,14
2021-04-07,Contra Costa,013,1133247,66511,65619,1138,66757,775
2021-04-07,Del Norte,015,27424,1242,1198,11,1209,6
2021-04-07,El Dorado,017,186661,9618,9500,646,10146,106
2021-04-07,Fresno,019,978130,100476,99865,8263,108128,1627
2021-04-07,Glenn,021,27897,2365,2337,531,2868,17
2021-04-07,Humboldt,023,135768,3511,3484,25,3509,35
2021-04-07,Imperial,025,180216,27878,27704,2569,30273,713
2021-04-07,Inyo,027,18085,1389,1386,10,1396,36
2021-04-07,Kern,029,883053,95777,94456,10309,104765,1275
2021-04-07,Kings,031,150075,22818,22589,1023,23612,243
2021-04-07,Lake,033,64148,3395,3358,9,3367,43
2021-04-07,Lassen,035,31185,5153,5137,102,5239,1
2021-04-07,Los Angeles,037,10098052,1193670,1183862,39464,1223326,23372
2021-04-07,Madera,039,155013,16272,16090,896,16986,231
2021-04-07,Marin,041,260295,13769,13688,223,13911,225
2021-04-07,Mariposa,043,17540,398,391,6,397,5
2021-04-07,Mendocino,045,87422,3776,3691,74,3765,45
2021-04-07,Merced,047,269075,30075,30132,985,31117,430
2021-04-07,Modoc,049,8938,359,351,118,469,3
2021-04-07,Mono,051,14174,1238,1246,17,1263,3
2021-04-07,Monterey,053,433212,42667,42427,1758,44185,341
2021-04-07,Napa,055,140530,9558,9556,30,9586,80
2021-04-07,Nevada,057,99092,4425,4364,182,4546,69
2021-04-07,Orange,059,3164182,252274,250378,10802,261180,4778
2021-04-07,Placer,061,380077,21978,21227,1305,22532,276
2021-04-07,Plumas,063,18699,674,665,10,675,4
2021-04-07,Riverside,065,2383286,290527,283749,13579,297328,4285
2021-04-07,Sacramento,067,1510023,100442,99202,1462,100664,1544
2021-04-07,San Benito,069,59416,5920,5912,101,6013,62
2021-04-07,San Bernardino,071,2135413,290069,286978,8740,295718,4433
2021-04-07,San Diego,073,3302833,273270,272195,13824,286019,3588
2021-04-07,San Francisco,075,870044,35633,35618,1194,36812,493
2021-04-07,San Joaquin,077,732212,70493,69375,3215,72590,1278
2021-04-07,San Luis Obispo,079,281455,20742,20373,632,21005,252
2021-04-07,San Mateo,081,765935,41132,40693,432,41125,350
2021-04-07,Santa Barbara,083,443738,33675,33289,1080,34369,444
2021-04-07,Santa Clara,085,1922200,115396,115311,663,115974,1900
2021-04-07,Santa Cruz,087,273765,15939,15275,789,16064,203
2021-04-07,Shasta,089,179085,11457,11456,1377,12833,184
2021-04-07,Sierra,091,2930,55,51,12,63,0
2021-04-07,Siskiyou,093,43540,1586,1512,263,1775,7
2021-04-07,Solano,095,438530,31226,31097,425,31522,238
2021-04-07,Sonoma,097,501317,29324,29394,286,29680,310
2021-04-07,Stanislaus,099,539301,53749,53344,5593,58937,686
2021-04-07,Sutter,101,95872,9181,9188,80,9268,106
2021-04-07,Tehama,103,63373,4852,4802,515,5317,52
2021-04-07,Trinity,105,12862,481,322,81,403,3
2021-04-07,Tulare,107,460477,49453,48386,8515,56901,820
2021-04-07,Tuolumne,109,53932,3942,3982,40,4022,57
2021-04-07,Ventura,111,848112,80183,79595,2865,82460,986
2021-04-07,Yolo,113,214977,13448,13450,175,13625,198
2021-04-07,Yuba,115,75493,5777,5737,112,5849,43
2021-04-06,Alameda,001,1643700,84599,84091,1790,85881,1223
2021-04-06,Alpine,003,1148,85,85,0,85,0
2021-04-06,Amador,005,37829,3602,3587,32,3619,45
2021-04-06,Butte,007,227075,11766,11396,1707,13103,193
2021-04-06,Calaveras,009,45235,2024,2021,11,2032,50
2021-04-06,Colusa,011,21464,1895,1894,274,2168,14
2021-04-06,Contra Costa,013,1133247,66433,65575,1137,66712,774
2021-04-06,Del Norte,015,27424,1237,1197,11,1208,6
2021-04-06,El Dorado,017,186661,9588,9489,644,10133,106
2021-04-06,Fresno,019,978130,100412,99814,8257,108071,1626
2021-04-06,Glenn,021,27897,2364,2335,530,2865,17
2021-04-06,Humboldt,023,135768,3502,3477,25,3502,35
2021-04-06,Imperial,025,180216,27845,27661,2560,30221,713
2021-04-06,Inyo,027,18085,1389,1379,10,1389,36
2021-04-06,Kern,029,883053,95733,94422,10303,104725,1259
2021-04-06,Kings,031,150075,22812,22587,1023,23610,240
2021-04-06,Lake,033,64148,3392,3358,9,3367,43
2021-04-06,Lassen,035,31185,5151,5137,102,5239,1
2021-04-06,Los Angeles,037,10098052,1193158,1183499,39425,1222924,23323
2021-04-06,Madera,039,155013,16252,16085,891,16976,230
2021-04-06,Marin,041,260295,13760,13675,219,13894,224
2021-04-06,Mariposa,043,17540,398,390,6,396,5
2021-04-06,Mendocino,045,87422,3774,3686,74,3760,45
2021-04-06,Merced,047,269075,30045,30100,980,31080,430
2021-04-06,Modoc,049,8938,358,351,118,469,3
2021-04-06,Mono,051,14174,1238,1246,17,1263,3
2021-04-06,Monterey,053,433212,42658,42412,1757,44169,341
2021-04-06,Napa,055,140530,9539,9509,30,9539,78
2021-04-06,Nevada,057,99092,4415,4356,180,4536,69
2021-04-06,Orange,059,3164182,252165,250304,10789,261093,4771
2021-04-06,Placer,061,380077,21930,21184,1303,22487,276
2021-04-06,Plumas,063,18699,674,665,10,675,4
2021-04-06,Riverside,065,2383286,290346,283622,13568,297190,4264
2021-04-06,Sacramento,067,1510023,100234,99110,1456,100566,1537
2021-04-06,San Benito,069,59416,5911,5907,101,6008,62
2021-04-06,San Bernardino,071,2135413,289956,286792,8730,295522,4428
2021-04-06,San Diego,073,3302833,273008,271867,13796,285663,3585
2021-04-06,San Francisco,075,870044,35590,35572,1194,36766,488
2021-04-06,San Joaquin,077,732212,70410,69316,3203,72519,1278
2021-04-06,San Luis Obispo,079,281455,20720,20350,629,20979,252
2021-04-06,San Mateo,081,765935,41084,40649,431,41080,350
2021-04-06,Santa Barbara,083,443738,33657,33257,1079,34336,443
2021-04-06,Santa Clara,085,1922200,115225,115184,662,115846,1900
2021-04-06,Santa Cruz,087,273765,15929,15252,789,16041,203
2021-04-06,Shasta,089,179085,11436,11443,1375,12818,184
2021-04-06,Sierra,091,2930,55,51,12,63,0
2021-04-06,Siskiyou,093,43540,1582,1510,262,1772,7
2021-04-06,Solano,095,438530,31179,31078,424,31502,237
2021-04-06,Sonoma,097,501317,29298,29386,284,29670,311
2021-04-06,Stanislaus,099,539301,53693,53304,5587,58891,686
2021-04-06,Sutter,101,95872,9171,9179,80,9259,106
2021-04-06,Tehama,103,63373,4843,4798,515,5313,52
2021-04-06,Trinity,105,12862,481,321,81,402,3
2021-04-06,Tulare,107,460477,49410,48372,8511,56883,819
2021-04-06,Tuolumne,109,53932,3942,3981,40,4021,57
2021-04-06,Ventura,111,848112,80146,79556,2863,82419,983
2021-04-06,Yolo,113,214977,13435,13443,174,13617,198
2021-04-06,Yuba,115,75493,5773,5733,111,5844,43
2021-04-05,Alameda,001,1643700,84483,84007,1786,85793,1219
2021-04-05,Alpine,003,1148,85,85,0,85,0
2021-04-05,Amador,005,37829,3599,3584,32,3616,45
2021-04-05,Butte,007,227075,11751,11384,1707,13091,193
2021-04-05,Calaveras,009,45235,2022,2019,11,2030,50
2021-04-05,Colusa,011,21464,1895,1894,273,2167,14
2021-04-05,Contra Costa,013,1133247,66366,65457,1135,66592,774
2021-04-05,Del Norte,015,27424,1235,1189,11,1200,6
2021-04-05,El Dorado,017,186661,9573,9463,644,10107,106
2021-04-05,Fresno,019,978130,100324,99755,8249,108004,1622
2021-04-05,Glenn,021,27897,2363,2335,530,2865,17
2021-04-05,Humboldt,023,135768,3493,3475,25,3500,35
2021-04-05,Imperial,025,180216,27813,27604,2555,30159,710
2021-04-05,Inyo,027,18085,1386,1377,10,1387,36
2021-04-05,Kern,029,883053,95678,94401,10278,104679,1249
2021-04-05,Kings,031,150075,22808,22580,1023,23603,239
2021-04-05,Lake,033,64148,3384,3359,9,3368,43
2021-04-05,Lassen,035,31185,5151,5138,101,5239,1
2021-04-05,Los Angeles,037,10098052,1192622,1183200,39377,1222577,23302
2021-04-05,Madera,039,155013,16237,16065,890,16955,230
2021-04-05,Marin,041,260295,13746,13666,215,13881,221
2021-04-05,Mariposa,043,17540,398,390,6,396,5
2021-04-05,Mendocino,045,87422,3772,3687,74,3761,45
2021-04-05,Merced,047,269075,30020,30068,978,31046,427
2021-04-05,Modoc,049,8938,356,346,118,464,3
2021-04-05,Mono,051,14174,1238,1246,17,1263,3
2021-04-05,Monterey,053,433212,42645,42396,1753,44149,341
2021-04-05,Napa,055,140530,9516,9492,30,9522,78
2021-04-05,Nevada,057,99092,4404,4346,180,4526,69
2021-04-05,Orange,059,3164182,252050,250177,10765,260942,4759
2021-04-05,Placer,061,380077,21884,21133,1296,22429,276
2021-04-05,Plumas,063,18699,674,666,10,676,4
2021-04-05,Riverside,065,2383286,290209,283549,13556,297105,4237
2021-04-05,Sacramento,067,1510023,100072,98908,1448,100356,1533
2021-04-05,San Benito,069,59416,5905,5904,101,6005,61
2021-04-05,San Bernardino,071,2135413,289846,286597,8727,295324,4425
2021-04-05,San Diego,073,3302833,272759,271655,13755,285410,3583
2021-04-05,San Francisco,075,870044,35559,35538,1194,36732,488
2021-04-05,San Joaquin,077,732212,70321,69214,3194,72408,1268
2021-04-05,San Luis Obispo,079,281455,20683,20333,629,20962,252
2021-04-05,San Mateo,081,765935,41040,40609,430,41039,350
2021-04-05,Santa Barbara,083,443738,33622,33235,1079,34314,443
2021-04-05,Santa Clara,085,1922200,115058,115091,659,115750,1893
2021-04-05,Santa Cruz,087,273765,15922,15228,789,16017,201
2021-04-05,Shasta,089,179085,11415,11435,1372,12807,184
2021-04-05,Sierra,091,2930,55,50,12,62,0
2021-04-05,Siskiyou,093,43540,1579,1509,260,1769,7
2021-04-05,Solano,095,438530,31139,31026,422,31448,237
2021-04-05,Sonoma,097,501317,29266,29361,282,29643,311
2021-04-05,Stanislaus,099,539301,53613,53238,5584,58822,686
2021-04-05,Sutter,101,95872,9164,9169,80,9249,106
2021-04-05,Tehama,103,63373,4837,4794,515,5309,52
2021-04-05,Trinity,105,12862,480,321,81,402,3
2021-04-05,Tulare,107,460477,49398,48356,8504,56860,818
2021-04-05,Tuolumne,109,53932,3941,3980,40,4020,57
2021-04-05,Ventura,111,848112,80115,79549,2860,82409,983
2021-04-05,Yolo,113,214977,13421,13427,173,13600,198
2021-04-05,Yuba,115,75493,5768,5728,110,5838,43
2021-04-04,Alameda,001,1643700,84364,83951,1782,85733,1219
2021-04-04,Alpine,003,1148,85,85,0,85,0
2021-04-04,Amador,005,37829,3593,3582,32,3614,45
2021-04-04,Butte,007,227075,11736,11375,1706,13081,193
2021-04-04,Calaveras,009,45235,2018,2020,11,2031,50
2021-04-04,Colusa,011,21464,1894,1893,273,2166,14
2021-04-04,Contra Costa,013,1133247,66260,65408,1130,66538,774
2021-04-04,Del Norte,015,27424,1227,1186,11,1197,6
2021-04-04,El Dorado,017,186661,9554,9455,641,10096,106
2021-04-04,Fresno,019,978130,100250,99702,8237,107939,1622
2021-04-04,Glenn,021,27897,2360,2335,529,2864,17
2021-04-04,Humboldt,023,135768,3482,3472,25,3497,35
2021-04-04,Imperial,025,180216,27757,27588,2553,30141,710
2021-04-04,Inyo,027,18085,1382,1377,10,1387,36
2021-04-04,Kern,029,883053,95634,94388,10257,104645,1247
2021-04-04,Kings,031,150075,22806,22580,1022,23602,239
2021-04-04,Lake,033,64148,3378,3355,8,3363,43
2021-04-04,Lassen,035,31185,5149,5138,101,5239,1
2021-04-04,Los Angeles,037,10098052,1192077,1182872,39333,1222205,23301
2021-04-04,Madera,039,155013,16211,16052,886,16938,230
2021-04-04,Marin,041,260295,13733,13663,214,13877,221
2021-04-04,Mariposa,043,17540,398,390,6,396,5
2021-04-04,Mendocino,045,87422,3769,3684,74,3758,45
2021-04-04,Merced,047,269075,29977,30048,975,31023,427
2021-04-04,Modoc,049,8938,356,346,118,464,3
2021-04-04,Mono,051,14174,1237,1245,17,1262,3
2021-04-04,Monterey,053,433212,42628,42391,1752,44143,341
2021-04-04,Napa,055,140530,9504,9486,30,9516,78
2021-04-04,Nevada,057,99092,4392,4337,180,4517,69
2021-04-04,Orange,059,3164182,251915,250117,10749,260866,4759
2021-04-04,Placer,061,380077,21837,21104,1278,22382,276
2021-04-04,Plumas,063,18699,674,666,10,676,4
2021-04-04,Riverside,065,2383286,290083,283537,13552,297089,4237
2021-04-04,Sacramento,067,1510023,99873,98821,1439,100260,1531
2021-04-04,San Benito,069,59416,5895,5901,97,5998,61
2021-04-04,San Bernardino,071,2135413,289706,286561,8719,295280,4423
2021-04-04,San Diego,073,3302833,272447,271528,13714,285242,3583
2021-04-04,San Francisco,075,870044,35505,35525,1191,36716,488
2021-04-04,San Joaquin,077,732212,70220,69147,3182,72329,1268
2021-04-04,San Luis Obispo,079,281455,20651,20328,621,20949,252
2021-04-04,San Mateo,081,765935,40997,40587,428,41015,350
2021-04-04,Santa Barbara,083,443738,33586,33213,1079,34292,443
2021-04-04,Santa Clara,085,1922200,114892,114976,652,115628,1893
2021-04-04,Santa Cruz,087,273765,15913,15219,789,16008,201
2021-04-04,Shasta,089,179085,11389,11433,1371,12804,184
2021-04-04,Sierra,091,2930,55,50,12,62,0
2021-04-04,Siskiyou,093,43540,1576,1509,256,1765,7
2021-04-04,Solano,095,438530,31092,31002,420,31422,237
2021-04-04,Sonoma,097,501317,29234,29340,280,29620,311
2021-04-04,Stanislaus,099,539301,53520,53181,5576,58757,686
2021-04-04,Sutter,101,95872,9157,9164,80,9244,106
2021-04-04,Tehama,103,63373,4824,4792,514,5306,52
2021-04-04,Trinity,105,12862,478,321,81,402,3
2021-04-04,Tulare,107,460477,49384,48343,8496,56839,818
2021-04-04,Tuolumne,109,53932,3933,3980,40,4020,57
2021-04-04,Ventura,111,848112,80072,79526,2858,82384,983
2021-04-04,Yolo,113,214977,13400,13425,172,13597,198
2021-04-04,Yuba,115,75493,5761,5722,110,5832,43
2021-04-03,Alameda,001,1643700,84297,83861,1780,85641,1218
2021-04-03,Alpine,003,1148,85,85,0,85,0
2021-04-03,Amador,005,37829,3590,3577,32,3609,45
2021-04-03,Butte,007,227075,11732,11359,1702,13061,193
2021-04-03,Calaveras,009,45235,2016,2019,11,2030,50
2021-04-03,Colusa,011,21464,1894,1891,273,2164,14
2021-04-03,Contra Costa,013,1133247,66188,65338,1130,66468,774
2021-04-03,Del Norte,015,27424,1222,1183,11,1194,6
2021-04-03,El Dorado,017,186661,9545,9448,640,10088,106
2021-04-03,Fresno,019,978130,100193,99602,8231,107833,1622
2021-04-03,Glenn,021,27897,2359,2334,528,2862,17
2021-04-03,Humboldt,023,135768,3480,3467,25,3492,35
2021-04-03,Imperial,025,180216,27741,27572,2550,30122,710
2021-04-03,Inyo,027,18085,1381,1376,10,1386,36
2021-04-03,Kern,029,883053,95608,94369,10241,104610,1243
2021-04-03,Kings,031,150075,22804,22580,1022,23602,239
2021-04-03,Lake,033,64148,3377,3350,8,3358,43
2021-04-03,Lassen,035,31185,5148,5136,101,5237,1
2021-04-03,Los Angeles,037,10098052,1191770,1182402,39316,1221718,23301
2021-04-03,Madera,039,155013,16202,16051,884,16935,230
2021-04-03,Marin,041,260295,13725,13658,213,13871,221
2021-04-03,Mariposa,043,17540,398,390,5,395,5
2021-04-03,Mendocino,045,87422,3768,3684,74,3758,45
2021-04-03,Merced,047,269075,29962,30031,975,31006,427
2021-04-03,Modoc,049,8938,356,346,118,464,3
2021-04-03,Mono,051,14174,1237,1245,17,1262,3
2021-04-03,Monterey,053,433212,42615,42376,1750,44126,341
2021-04-03,Napa,055,140530,9495,9473,30,9503,78
2021-04-03,Nevada,057,99092,4388,4323,180,4503,69
2021-04-03,Orange,059,3164182,251834,249982,10731,260713,4755
2021-04-03,Placer,061,380077,21806,21060,1274,22334,276
2021-04-03,Plumas,063,18699,674,666,10,676,4
2021-04-03,Riverside,065,2383286,290005,283423,13549,296972,4237
2021-04-03,Sacramento,067,1510023,99765,98660,1433,100093,1531
2021-04-03,San Benito,069,59416,5892,5893,96,5989,61
2021-04-03,San Bernardino,071,2135413,289642,286473,8713,295186,4422
2021-04-03,San Diego,073,3302833,272278,271335,13697,285032,3571
2021-04-03,San Francisco,075,870044,35486,35488,1189,36677,489
2021-04-03,San Joaquin,077,732212,70179,69100,3166,72266,1268
2021-04-03,San Luis Obispo,079,281455,20632,20301,621,20922,252
2021-04-03,San Mateo,081,765935,40972,40560,428,40988,350
2021-04-03,Santa Barbara,083,443738,33560,33172,1078,34250,443
2021-04-03,Santa Clara,085,1922200,114784,114865,650,115515,1893
2021-04-03,Santa Cruz,087,273765,15906,15205,789,15994,201
2021-04-03,Shasta,089,179085,11381,11418,1371,12789,184
2021-04-03,Sierra,091,2930,55,50,12,62,0
2021-04-03,Siskiyou,093,43540,1575,1509,256,1765,7
2021-04-03,Solano,095,438530,31071,30970,417,31387,237
2021-04-03,Sonoma,097,501317,29218,29315,279,29594,311
2021-04-03,Stanislaus,099,539301,53485,53137,5570,58707,686
2021-04-03,Sutter,101,95872,9151,9158,80,9238,106
2021-04-03,Tehama,103,63373,4816,4788,514,5302,52
2021-04-03,Trinity,105,12862,478,321,81,402,3
2021-04-03,Tulare,107,460477,49374,48327,8492,56819,818
2021-04-03,Tuolumne,109,53932,3933,3980,40,4020,57
2021-04-03,Ventura,111,848112,80051,79489,2856,82345,983
2021-04-03,Yolo,113,214977,13394,13414,172,13586,198
2021-04-03,Yuba,115,75493,5755,5716,110,5826,43
2021-04-02,Alameda,001,1643700,84224,83776,1777,85553,1217
2021-04-02,Alpine,003,1148,85,85,0,85,0
2021-04-02,Amador,005,37829,3586,3573,31,3604,45
2021-04-02,Butte,007,227075,11723,11350,1702,13052,193
2021-04-02,Calaveras,009,45235,2014,2010,11,2021,50
2021-04-02,Colusa,011,21464,1894,1891,273,2164,14
2021-04-02,Contra Costa,013,1133247,66124,65299,1129,66428,774
2021-04-02,Del Norte,015,27424,1219,1174,11,1185,6
2021-04-02,El Dorado,017,186661,9532,9437,637,10074,106
2021-04-02,Fresno,019,978130,100139,99551,8220,107771,1620
2021-04-02,Glenn,021,27897,2359,2331,528,2859,17
2021-04-02,Humboldt,023,135768,3476,3465,25,3490,35
2021-04-02,Imperial,025,180216,27729,27553,2544,30097,710
2021-04-02,Inyo,027,18085,1381,1377,10,1387,36
2021-04-02,Kern,029,883053,95590,94348,10238,104586,1233
2021-04-02,Kings,031,150075,22804,22571,1019,23590,239
2021-04-02,Lake,033,64148,3375,3348,8,3356,43
2021-04-02,Lassen,035,31185,5148,5134,101,5235,1
2021-04-02,Los Angeles,037,10098052,1191459,1181682,39295,1220977,23264
2021-04-02,Madera,039,155013,16193,16036,883,16919,230
2021-04-02,Marin,041,260295,13717,13649,213,13862,221
2021-04-02,Mariposa,043,17540,396,390,5,395,5
2021-04-02,Mendocino,045,87422,3765,3682,74,3756,45
2021-04-02,Merced,047,269075,29937,29998,975,30973,426
2021-04-02,Modoc,049,8938,353,346,118,464,3
2021-04-02,Mono,051,14174,1237,1246,17,1263,3
2021-04-02,Monterey,053,433212,42605,42359,1747,44106,341
2021-04-02,Napa,055,140530,9480,9453,30,9483,78
2021-04-02,Nevada,057,99092,4384,4323,180,4503,69
2021-04-02,Orange,059,3164182,251739,249891,10719,260610,4748
2021-04-02,Placer,061,380077,21770,21035,1268,22303,275
2021-04-02,Plumas,063,18699,674,666,10,676,4
2021-04-02,Riverside,065,2383286,289919,283328,13540,296868,4213
2021-04-02,Sacramento,067,1510023,99658,98648,1426,100074,1527
2021-04-02,San Benito,069,59416,5890,5888,94,5982,61
2021-04-02,San Bernardino,071,2135413,289570,286308,8709,295017,4417
2021-04-02,San Diego,073,3302833,272091,271036,13671,284707,3568
2021-04-02,San Francisco,075,870044,35451,35451,1187,36638,488
2021-04-02,San Joaquin,077,732212,70114,68996,3151,72147,1268
2021-04-02,San Luis Obispo,079,281455,20615,20271,620,20891,252
2021-04-02,San Mateo,081,765935,40930,40514,428,40942,350
2021-04-02,Santa Barbara,083,443738,33532,33145,1078,34223,443
2021-04-02,Santa Clara,085,1922200,114673,114777,648,115425,1882
2021-04-02,Santa Cruz,087,273765,15898,15216,789,16005,202
2021-04-02,Shasta,089,179085,11376,11377,1364,12741,181
2021-04-02,Sierra,091,2930,55,50,12,62,0
2021-04-02,Siskiyou,093,43540,1575,1508,255,1763,7
2021-04-02,Solano,095,438530,31042,30951,414,31365,237
2021-04-02,Sonoma,097,501317,29197,29288,278,29566,311
2021-04-02,Stanislaus,099,539301,53440,53073,5564,58637,687
2021-04-02,Sutter,101,95872,9143,9131,80,9211,106
2021-04-02,Tehama,103,63373,4809,4775,513,5288,52
2021-04-02,Trinity,105,12862,478,320,81,401,3
2021-04-02,Tulare,107,460477,49368,48306,8486,56792,818
2021-04-02,Tuolumne,109,53932,3930,3980,40,4020,57
2021-04-02,Ventura,111,848112,80024,79434,2854,82288,982
2021-04-02,Yolo,113,214977,13384,13381,172,13553,197
2021-04-02,Yuba,115,75493,5751,5709,110,5819,44
2021-04-01,Alameda,001,1643700,84145,83574,1772,85346,1216
2021-04-01,Alpine,003,1148,85,85,0,85,0
2021-04-01,Amador,005,37829,3582,3558,31,3589,45
2021-04-01,Butte,007,227075,11705,11328,1700,13028,193
2021-04-01,Calaveras,009,45235,2011,2006,11,2017,50
2021-04-01,Colusa,011,21464,1891,1890,273,2163,14
2021-04-01,Contra Costa,013,1133247,66065,65176,1127,66303,771
2021-04-01,Del Norte,015,27424,1214,1138,11,1149,6
2021-04-01,El Dorado,017,186661,9523,9393,633,10026,106
2021-04-01,Fresno,019,978130,100086,99317,8212,107529,1616
2021-04-01,Glenn,021,27897,2359,2322,527,2849,17
2021-04-01,Humboldt,023,135768,3472,3464,25,3489,35
2021-04-01,Imperial,025,180216,27699,27520,2539,30059,710
2021-04-01,Inyo,027,18085,1380,1374,10,1384,36
2021-04-01,Kern,029,883053,95554,94244,10226,104470,1233
2021-04-01,Kings,031,150075,22797,22560,1018,23578,239
2021-04-01,Lake,033,64148,3370,3337,8,3345,43
2021-04-01,Lassen,035,31185,5147,5132,101,5233,1
2021-04-01,Los Angeles,037,10098052,1190966,1181101,39266,1220367,23220
2021-04-01,Madera,039,155013,16177,16023,883,16906,230
2021-04-01,Marin,041,260295,13707,13635,213,13848,221
2021-04-01,Mariposa,043,17540,394,389,5,394,5
2021-04-01,Mendocino,045,87422,3765,3680,74,3754,45
2021-04-01,Merced,047,269075,29904,29820,975,30795,425
2021-04-01,Modoc,049,8938,352,346,118,464,3
2021-04-01,Mono,051,14174,1237,1245,17,1262,3
2021-04-01,Monterey,053,433212,42597,42324,1745,44069,339
2021-04-01,Napa,055,140530,9468,9410,30,9440,78
2021-04-01,Nevada,057,99092,4374,4288,179,4467,68
2021-04-01,Orange,059,3164182,251619,249617,10702,260319,4742
2021-04-01,Placer,061,380077,21731,20909,1256,22165,274
2021-04-01,Plumas,063,18699,674,664,10,674,4
2021-04-01,Riverside,065,2383286,289814,283128,13537,296665,4193
2021-04-01,Sacramento,067,1510023,99514,97952,1413,99365,1521
2021-04-01,San Benito,069,59416,5882,5878,93,5971,61
2021-04-01,San Bernardino,071,2135413,289454,286086,8700,294786,4404
2021-04-01,San Diego,073,3302833,271868,270540,13641,284181,3555
2021-04-01,San Francisco,075,870044,35430,35386,1184,36570,488
2021-04-01,San Joaquin,077,732212,70032,68802,3143,71945,1262
2021-04-01,San Luis Obispo,079,281455,20586,20235,619,20854,252
2021-04-01,San Mateo,081,765935,40889,40454,428,40882,350
2021-04-01,Santa Barbara,083,443738,33485,33096,1073,34169,443
2021-04-01,Santa Clara,085,1922200,114560,114606,647,115253,1874
2021-04-01,Santa Cruz,087,273765,15883,15271,789,16060,202
2021-04-01,Shasta,089,179085,11361,11355,1359,12714,181
2021-04-01,Sierra,091,2930,55,50,12,62,0
2021-04-01,Siskiyou,093,43540,1573,1507,254,1761,7
2021-04-01,Solano,095,438530,31009,30850,411,31261,237
2021-04-01,Sonoma,097,501317,29166,29241,271,29512,311
2021-04-01,Stanislaus,099,539301,53378,52825,5558,58383,687
2021-04-01,Sutter,101,95872,9131,9105,80,9185,106
2021-04-01,Tehama,103,63373,4803,4764,510,5274,52
2021-04-01,Trinity,105,12862,478,319,81,400,3
2021-04-01,Tulare,107,460477,49345,48279,8476,56755,817
2021-04-01,Tuolumne,109,53932,3928,3978,40,4018,57
2021-04-01,Ventura,111,848112,80000,79369,2853,82222,977
2021-04-01,Yolo,113,214977,13371,13342,172,13514,197
2021-04-01,Yuba,115,75493,5746,5694,110,5804,44
2021-03-31,Alameda,001,1643700,84063,83475,1767,85242,1215
2021-03-31,Alpine,003,1148,85,85,0,85,0
2021-03-31,Amador,005,37829,3579,3556,31,3587,45
2021-03-31,Butte,007,227075,11695,11321,1696,13017,193
2021-03-31,Calaveras,009,45235,2009,2005,11,2016,50
2021-03-31,Colusa,011,21464,1891,1890,273,2163,14
2021-03-31,Contra Costa,013,1133247,65980,65109,1126,66235,769
2021-03-31,Del Norte,015,27424,1205,1129,11,1140,6
2021-03-31,El Dorado,017,186661,9506,9390,633,10023,106
2021-03-31,Fresno,019,978130,99993,99240,8196,107436,1616
2021-03-31,Glenn,021,27897,2355,2318,525,2843,17
2021-03-31,Humboldt,023,135768,3466,3460,25,3485,35
2021-03-31,Imperial,025,180216,27679,27506,2538,30044,710
2021-03-31,Inyo,027,18085,1377,1373,9,1382,35
2021-03-31,Kern,029,883053,95511,94205,10217,104422,1229
2021-03-31,Kings,031,150075,22794,22540,1018,23558,239
2021-03-31,Lake,033,64148,3366,3332,8,3340,43
2021-03-31,Lassen,035,31185,5143,5132,101,5233,1
2021-03-31,Los Angeles,037,10098052,1190497,1180538,39228,1219766,23171
2021-03-31,Madera,039,155013,16163,16015,882,16897,229
2021-03-31,Marin,041,260295,13696,13624,213,13837,221
2021-03-31,Mariposa,043,17540,394,389,5,394,5
2021-03-31,Mendocino,045,87422,3759,3675,74,3749,45
2021-03-31,Merced,047,269075,29875,29780,975,30755,423
2021-03-31,Modoc,049,8938,352,346,118,464,3
2021-03-31,Mono,051,14174,1237,1245,17,1262,3
2021-03-31,Monterey,053,433212,42580,42309,1743,44052,338
2021-03-31,Napa,055,140530,9450,9401,30,9431,78
2021-03-31,Nevada,057,99092,4368,4283,179,4462,68
2021-03-31,Orange,059,3164182,251508,249518,10687,260205,4731
2021-03-31,Placer,061,380077,21681,20885,1249,22134,271
2021-03-31,Plumas,063,18699,673,663,10,673,4
2021-03-31,Riverside,065,2383286,289712,283006,13526,296532,4171
2021-03-31,Sacramento,067,1510023,99339,97760,1406,99166,1519
2021-03-31,San Benito,069,59416,5872,5875,93,5968,61
2021-03-31,San Bernardino,071,2135413,289360,285916,8697,294613,4356
2021-03-31,San Diego,073,3302833,271636,270288,13606,283894,3555
2021-03-31,San Francisco,075,870044,35385,35347,1183,36530,474
2021-03-31,San Joaquin,077,732212,69943,68685,3127,71812,1259
2021-03-31,San Luis Obispo,079,281455,20564,20215,618,20833,251
2021-03-31,San Mateo,081,765935,40859,40423,428,40851,350
2021-03-31,Santa Barbara,083,443738,33453,33052,1071,34123,443
2021-03-31,Santa Clara,085,1922200,114433,114499,647,115146,1874
2021-03-31,Santa Cruz,087,273765,15870,15295,788,16083,201
2021-03-31,Shasta,089,179085,11349,11327,1351,12678,179
2021-03-31,Sierra,091,2930,55,50,12,62,0
2021-03-31,Siskiyou,093,43540,1572,1505,254,1759,7
2021-03-31,Solano,095,438530,30963,30824,410,31234,235
2021-03-31,Sonoma,097,501317,29139,29216,271,29487,311
2021-03-31,Stanislaus,099,539301,53310,52782,5546,58328,687
2021-03-31,Sutter,101,95872,9120,9111,80,9191,106
2021-03-31,Tehama,103,63373,4798,4762,508,5270,52
2021-03-31,Trinity,105,12862,478,319,81,400,3
2021-03-31,Tulare,107,460477,49325,48261,8460,56721,816
2021-03-31,Tuolumne,109,53932,3927,3976,40,4016,57
2021-03-31,Ventura,111,848112,79968,79326,2849,82175,969
2021-03-31,Yolo,113,214977,13354,13359,171,13530,197
2021-03-31,Yuba,115,75493,5739,5686,110,5796,44
2021-03-30,Alameda,001,1643700,83963,83395,1764,85159,1211
2021-03-30,Alpine,003,1148,85,85,0,85,0
2021-03-30,Amador,005,37829,3576,3551,31,3582,45
2021-03-30,Butte,007,227075,11683,11296,1693,12989,193
2021-03-30,Calaveras,009,45235,2005,1997,11,2008,50
2021-03-30,Colusa,011,21464,1890,1890,272,2162,14
2021-03-30,Contra Costa,013,1133247,65891,65041,1124,66165,767
2021-03-30,Del Norte,015,27424,1197,1118,10,1128,6
2021-03-30,El Dorado,017,186661,9487,9381,630,10011,105
2021-03-30,Fresno,019,978130,99928,99156,8183,107339,1609
2021-03-30,Glenn,021,27897,2355,2310,524,2834,17
2021-03-30,Humboldt,023,135768,3464,3461,25,3486,35
2021-03-30,Imperial,025,180216,27651,27471,2536,30007,706
2021-03-30,Inyo,027,18085,1377,1374,9,1383,35
2021-03-30,Kern,029,883053,95469,94151,10208,104359,1221
2021-03-30,Kings,031,150075,22790,22530,1016,23546,238
2021-03-30,Lake,033,64148,3360,3330,8,3338,43
2021-03-30,Lassen,035,31185,5143,5132,101,5233,1
2021-03-30,Los Angeles,037,10098052,1190001,1180044,39206,1219250,23136
2021-03-30,Madera,039,155013,16153,16003,878,16881,229
2021-03-30,Marin,041,260295,13687,13611,205,13816,221
2021-03-30,Mariposa,043,17540,394,388,5,393,5
2021-03-30,Mendocino,045,87422,3757,3670,74,3744,45
2021-03-30,Merced,047,269075,29838,29731,975,30706,423
2021-03-30,Modoc,049,8938,351,346,118,464,3
2021-03-30,Mono,051,14174,1236,1245,17,1262,3
2021-03-30,Monterey,053,433212,42554,42308,1741,44049,338
2021-03-30,Napa,055,140530,9435,9391,30,9421,78
2021-03-30,Nevada,057,99092,4356,4266,178,4444,68
2021-03-30,Orange,059,3164182,251380,249412,10660,260072,4727
2021-03-30,Placer,061,380077,21641,20866,1243,22109,271
2021-03-30,Plumas,063,18699,673,661,10,671,4
2021-03-30,Riverside,065,2383286,289587,282930,13517,296447,4154
2021-03-30,Sacramento,067,1510023,99202,97718,1403,99121,1516
2021-03-30,San Benito,069,59416,5866,5870,93,5963,61
2021-03-30,San Bernardino,071,2135413,289251,285758,8688,294446,4343
2021-03-30,San Diego,073,3302833,271397,269998,13568,283566,3555
2021-03-30,San Francisco,075,870044,35335,35325,1182,36507,474
2021-03-30,San Joaquin,077,732212,69855,68613,3117,71730,1232
2021-03-30,San Luis Obispo,079,281455,20544,20194,618,20812,251
2021-03-30,San Mateo,081,765935,40815,40377,428,40805,349
2021-03-30,Santa Barbara,083,443738,33428,33016,1071,34087,441
2021-03-30,Santa Clara,085,1922200,114311,114413,646,115059,1873
2021-03-30,Santa Cruz,087,273765,15864,15278,788,16066,201
2021-03-30,Shasta,089,179085,11341,11316,1350,12666,184
2021-03-30,Sierra,091,2930,55,50,12,62,0
2021-03-30,Siskiyou,093,43540,1571,1501,254,1755,7
2021-03-30,Solano,095,438530,30933,30802,409,31211,232
2021-03-30,Sonoma,097,501317,29107,29198,271,29469,311
2021-03-30,Stanislaus,099,539301,53232,52690,5538,58228,677
2021-03-30,Sutter,101,95872,9116,9107,79,9186,106
2021-03-30,Tehama,103,63373,4789,4748,507,5255,52
2021-03-30,Trinity,105,12862,478,316,81,397,3
2021-03-30,Tulare,107,460477,49310,48249,8451,56700,815
2021-03-30,Tuolumne,109,53932,3922,3972,40,4012,57
2021-03-30,Ventura,111,848112,79924,79282,2846,82128,958
2021-03-30,Yolo,113,214977,13341,13353,171,13524,195
2021-03-30,Yuba,115,75493,5728,5679,104,5783,42
2021-03-29,Alameda,001,1643700,83863,83338,1762,85100,1211
2021-03-29,Alpine,003,1148,85,85,0,85,0
2021-03-29,Amador,005,37829,3570,3549,31,3580,45
2021-03-29,Butte,007,227075,11675,11291,1690,12981,191
2021-03-29,Calaveras,009,45235,2003,1998,11,2009,50
2021-03-29,Colusa,011,21464,1890,1889,271,2160,14
2021-03-29,Contra Costa,013,1133247,65822,64971,1123,66094,767
2021-03-29,Del Norte,015,27424,1192,1116,9,1125,6
2021-03-29,El Dorado,017,186661,9467,9374,625,9999,105
2021-03-29,Fresno,019,978130,99845,99085,8168,107253,1606
2021-03-29,Glenn,021,27897,2348,2310,524,2834,17
2021-03-29,Humboldt,023,135768,3459,3459,25,3484,34
2021-03-29,Imperial,025,180216,27630,27442,2534,29976,704
2021-03-29,Inyo,027,18085,1377,1372,9,1381,35
2021-03-29,Kern,029,883053,95422,94098,10189,104287,1220
2021-03-29,Kings,031,150075,22778,22522,1015,23537,238
2021-03-29,Lake,033,64148,3357,3325,8,3333,43
2021-03-29,Lassen,035,31185,5143,5131,101,5232,1
2021-03-29,Los Angeles,037,10098052,1189504,1179736,39166,1218902,23108
2021-03-29,Madera,039,155013,16133,15987,876,16863,210
2021-03-29,Marin,041,260295,13675,13600,202,13802,220
2021-03-29,Mariposa,043,17540,393,388,5,393,5
2021-03-29,Mendocino,045,87422,3754,3667,74,3741,45
2021-03-29,Merced,047,269075,29814,29699,975,30674,422
2021-03-29,Modoc,049,8938,350,344,118,462,3
2021-03-29,Mono,051,14174,1235,1243,17,1260,3
2021-03-29,Monterey,053,433212,42538,42305,1736,44041,337
2021-03-29,Napa,055,140530,9419,9379,30,9409,78
2021-03-29,Nevada,057,99092,4349,4258,178,4436,68
2021-03-29,Orange,059,3164182,251270,249295,10648,259943,4713
2021-03-29,Placer,061,380077,21606,20827,1236,22063,267
2021-03-29,Plumas,063,18699,672,660,10,670,4
2021-03-29,Riverside,065,2383286,289484,282867,13516,296383,4133
2021-03-29,Sacramento,067,1510023,99009,97577,1395,98972,1514
2021-03-29,San Benito,069,59416,5859,5865,93,5958,61
2021-03-29,San Bernardino,071,2135413,289154,285615,8684,294299,4335
2021-03-29,San Diego,073,3302833,271131,269771,13542,283313,3547
2021-03-29,San Francisco,075,870044,35300,35291,1179,36470,474
2021-03-29,San Joaquin,077,732212,69769,68537,3104,71641,1211
2021-03-29,San Luis Obispo,079,281455,20509,20176,617,20793,250
2021-03-29,San Mateo,081,765935,40773,40357,427,40784,348
2021-03-29,Santa Barbara,083,443738,33394,32983,1070,34053,439
2021-03-29,Santa Clara,085,1922200,114202,114335,641,114976,1871
2021-03-29,Santa Cruz,087,273765,15853,15249,787,16036,201
2021-03-29,Shasta,089,179085,11323,11313,1348,12661,183
2021-03-29,Sierra,091,2930,55,50,12,62,0
2021-03-29,Siskiyou,093,43540,1569,1497,254,1751,6
2021-03-29,Solano,095,438530,30894,30762,407,31169,232
2021-03-29,Sonoma,097,501317,29084,29184,268,29452,310
2021-03-29,Stanislaus,099,539301,53148,52614,5531,58145,677
2021-03-29,Sutter,101,95872,9109,9105,79,9184,106
2021-03-29,Tehama,103,63373,4781,4742,506,5248,52
2021-03-29,Trinity,105,12862,478,314,81,395,3
2021-03-29,Tulare,107,460477,49282,48226,8440,56666,815
2021-03-29,Tuolumne,109,53932,3920,3969,40,4009,57
2021-03-29,Ventura,111,848112,79882,79252,2846,82098,956
2021-03-29,Yolo,113,214977,13322,13346,171,13517,195
2021-03-29,Yuba,115,75493,5721,5671,103,5774,42
2021-03-28,Alameda,001,1643700,83742,83239,1760,84999,1212
2021-03-28,Alpine,003,1148,85,85,0,85,0
2021-03-28,Amador,005,37829,3566,3541,31,3572,45
2021-03-28,Butte,007,227075,11662,11285,1688,12973,191
2021-03-28,Calaveras,009,45235,2001,1995,11,2006,50
2021-03-28,Colusa,011,21464,1889,1889,271,2160,14
2021-03-28,Contra Costa,013,1133247,65748,64878,1119,65997,767
2021-03-28,Del Norte,015,27424,1185,1107,7,1114,6
2021-03-28,El Dorado,017,186661,9452,9371,623,9994,105
2021-03-28,Fresno,019,978130,99763,99004,8156,107160,1606
2021-03-28,Glenn,021,27897,2344,2309,522,2831,17
2021-03-28,Humboldt,023,135768,3456,3452,24,3476,34
2021-03-28,Imperial,025,180216,27603,27426,2531,29957,704
2021-03-28,Inyo,027,18085,1376,1372,9,1381,35
2021-03-28,Kern,029,883053,95377,94084,10178,104262,1219
2021-03-28,Kings,031,150075,22773,22514,1012,23526,238
2021-03-28,Lake,033,64148,3352,3320,8,3328,43
2021-03-28,Lassen,035,31185,5143,5131,100,5231,1
2021-03-28,Los Angeles,037,10098052,1188952,1179316,39108,1218424,23101
2021-03-28,Madera,039,155013,16118,15973,875,16848,210
2021-03-28,Marin,041,260295,13662,13594,200,13794,221
2021-03-28,Mariposa,043,17540,393,388,5,393,5
2021-03-28,Mendocino,045,87422,3752,3666,74,3740,45
2021-03-28,Merced,047,269075,29757,29679,975,30654,422
2021-03-28,Modoc,049,8938,350,344,118,462,3
2021-03-28,Mono,051,14174,1234,1242,17,1259,3
2021-03-28,Monterey,053,433212,42515,42294,1732,44026,337
2021-03-28,Napa,055,140530,9405,9368,30,9398,78
2021-03-28,Nevada,057,99092,4335,4239,178,4417,68
2021-03-28,Orange,059,3164182,251115,249238,10638,259876,4713
2021-03-28,Placer,061,380077,21562,20796,1230,22026,267
2021-03-28,Plumas,063,18699,670,657,10,667,4
2021-03-28,Riverside,065,2383286,289370,282811,13508,296319,4132
2021-03-28,Sacramento,067,1510023,98835,97425,1389,98814,1514
2021-03-28,San Benito,069,59416,5854,5862,93,5955,61
2021-03-28,San Bernardino,071,2135413,289034,285570,8676,294246,4332
2021-03-28,San Diego,073,3302833,270855,269476,13513,282989,3547
2021-03-28,San Francisco,075,870044,35254,35286,1175,36461,474
2021-03-28,San Joaquin,077,732212,69645,68459,3085,71544,1211
2021-03-28,San Luis Obispo,079,281455,20474,20172,614,20786,250
2021-03-28,San Mateo,081,765935,40728,40305,427,40732,348
2021-03-28,Santa Barbara,083,443738,33352,32953,1069,34022,439
2021-03-28,Santa Clara,085,1922200,114102,114232,637,114869,1871
2021-03-28,Santa Cruz,087,273765,15838,15238,786,16024,201
2021-03-28,Shasta,089,179085,11297,11308,1337,12645,183
2021-03-28,Sierra,091,2930,55,50,12,62,0
2021-03-28,Siskiyou,093,43540,1569,1497,253,1750,6
2021-03-28,Solano,095,438530,30857,30719,405,31124,232
2021-03-28,Sonoma,097,501317,29048,29161,266,29427,310
2021-03-28,Stanislaus,099,539301,53060,52567,5518,58085,678
2021-03-28,Sutter,101,95872,9100,9094,79,9173,106
2021-03-28,Tehama,103,63373,4771,4740,504,5244,52
2021-03-28,Trinity,105,12862,476,314,80,394,3
2021-03-28,Tulare,107,460477,49253,48218,8434,56652,815
2021-03-28,Tuolumne,109,53932,3917,3969,39,4008,57
2021-03-28,Ventura,111,848112,79831,79222,2841,82063,956
2021-03-28,Yolo,113,214977,13305,13325,170,13495,194
2021-03-28,Yuba,115,75493,5717,5662,103,5765,42
2021-03-27,Alameda,001,1643700,83671,83169,1756,84925,1211
2021-03-27,Alpine,003,1148,85,85,0,85,0
2021-03-27,Amador,005,37829,3561,3538,31,3569,45
2021-03-27,Butte,007,227075,11655,11278,1687,12965,191
2021-03-27,Calaveras,009,45235,1998,1992,11,2003,50
2021-03-27,Colusa,011,21464,1889,1889,271,2160,14
2021-03-27,Contra Costa,013,1133247,65678,64804,1116,65920,767
2021-03-27,Del Norte,015,27424,1175,1104,7,1111,6
2021-03-27,El Dorado,017,186661,9438,9367,623,9990,105
2021-03-27,Fresno,019,978130,99710,98901,8150,107051,1606
2021-03-27,Glenn,021,27897,2343,2308,522,2830,17
2021-03-27,Humboldt,023,135768,3451,3442,24,3466,34
2021-03-27,Imperial,025,180216,27591,27406,2528,29934,704
2021-03-27,Inyo,027,18085,1374,1372,9,1381,35
2021-03-27,Kern,029,883053,95357,94041,10167,104208,1217
2021-03-27,Kings,031,150075,22770,22502,1012,23514,238
2021-03-27,Lake,033,64148,3350,3317,8,3325,43
2021-03-27,Lassen,035,31185,5143,5129,100,5229,1
2021-03-27,Los Angeles,037,10098052,1188638,1178831,39082,1217913,23103
2021-03-27,Madera,039,155013,16111,15968,873,16841,210
2021-03-27,Marin,041,260295,13657,13579,200,13779,222
2021-03-27,Mariposa,043,17540,393,386,5,391,5
2021-03-27,Mendocino,045,87422,3750,3666,74,3740,45
2021-03-27,Merced,047,269075,29724,29647,973,30620,422
2021-03-27,Modoc,049,8938,350,344,118,462,3
2021-03-27,Mono,051,14174,1232,1241,17,1258,3
2021-03-27,Monterey,053,433212,42505,42271,1732,44003,337
2021-03-27,Napa,055,140530,9393,9360,30,9390,78
2021-03-27,Nevada,057,99092,4325,4231,178,4409,68
2021-03-27,Orange,059,3164182,251020,249160,10622,259782,4698
2021-03-27,Placer,061,380077,21542,20717,1223,21940,267
2021-03-27,Plumas,063,18699,669,655,10,665,4
2021-03-27,Riverside,065,2383286,289308,282707,13500,296207,4132
2021-03-27,Sacramento,067,1510023,98745,97247,1387,98634,1513
2021-03-27,San Benito,069,59416,5852,5862,91,5953,61
2021-03-27,San Bernardino,071,2135413,288972,285480,8675,294155,4325
2021-03-27,San Diego,073,3302833,270684,269271,13491,282762,3540
2021-03-27,San Francisco,075,870044,35231,35244,1173,36417,474
2021-03-27,San Joaquin,077,732212,69585,68365,3077,71442,1211
2021-03-27,San Luis Obispo,079,281455,20463,20153,611,20764,250
2021-03-27,San Mateo,081,765935,40705,40264,427,40691,348
2021-03-27,Santa Barbara,083,443738,33329,32921,1069,33990,439
2021-03-27,Santa Clara,085,1922200,114006,114124,635,114759,1871
2021-03-27,Santa Cruz,087,273765,15832,15215,786,16001,201
2021-03-27,Shasta,089,179085,11286,11288,1335,12623,183
2021-03-27,Sierra,091,2930,55,50,12,62,0
2021-03-27,Siskiyou,093,43540,1569,1497,253,1750,6
2021-03-27,Solano,095,438530,30829,30669,404,31073,232
2021-03-27,Sonoma,097,501317,29033,29133,264,29397,310
2021-03-27,Stanislaus,099,539301,52995,52497,5510,58007,678
2021-03-27,Sutter,101,95872,9093,9093,79,9172,106
2021-03-27,Tehama,103,63373,4765,4738,502,5240,52
2021-03-27,Trinity,105,12862,476,313,80,393,3
2021-03-27,Tulare,107,460477,49237,48203,8427,56630,813
2021-03-27,Tuolumne,109,53932,3914,3968,39,4007,57
2021-03-27,Ventura,111,848112,79804,79184,2839,82023,956
2021-03-27,Yolo,113,214977,13300,13317,169,13486,194
2021-03-27,Yuba,115,75493,5715,5657,103,5760,42
2021-03-26,Alameda,001,1643700,83609,83043,1754,84797,1208
2021-03-26,Alpine,003,1148,85,85,0,85,0
2021-03-26,Amador,005,37829,3556,3532,31,3563,45
2021-03-26,Butte,007,227075,11644,11278,1687,12965,191
2021-03-26,Calaveras,009,45235,1995,1989,11,2000,50
2021-03-26,Colusa,011,21464,1889,1889,271,2160,14
2021-03-26,Contra Costa,013,1133247,65618,64699,1113,65812,761
2021-03-26,Del Norte,015,27424,1172,1101,7,1108,6
2021-03-26,El Dorado,017,186661,9433,9353,623,9976,105
2021-03-26,Fresno,019,978130,99648,98731,8140,106871,1601
2021-03-26,Glenn,021,27897,2343,2307,521,2828,17
2021-03-26,Humboldt,023,135768,3449,3431,24,3455,34
2021-03-26,Imperial,025,180216,27567,27374,2528,29902,701
2021-03-26,Inyo,027,18085,1373,1369,9,1378,35
2021-03-26,Kern,029,883053,95331,93949,10161,104110,1211
2021-03-26,Kings,031,150075,22762,22493,1010,23503,239
2021-03-26,Lake,033,64148,3349,3314,8,3322,43
2021-03-26,Lassen,035,31185,5142,5131,100,5231,1
2021-03-26,Los Angeles,037,10098052,1188302,1178213,39069,1217282,23080
2021-03-26,Madera,039,155013,16101,15952,873,16825,210
2021-03-26,Marin,041,260295,13651,13553,195,13748,221
2021-03-26,Mariposa,043,17540,393,386,5,391,5
2021-03-26,Mendocino,045,87422,3749,3664,74,3738,45
2021-03-26,Merced,047,269075,29701,29613,972,30585,419
2021-03-26,Modoc,049,8938,350,344,118,462,3
2021-03-26,Mono,051,14174,1231,1236,17,1253,3
2021-03-26,Monterey,053,433212,42492,42241,1728,43969,338
2021-03-26,Napa,055,140530,9383,9349,30,9379,78
2021-03-26,Nevada,057,99092,4305,4222,178,4400,83
2021-03-26,Orange,059,3164182,250957,248995,10608,259603,4671
2021-03-26,Placer,061,380077,21516,20679,1222,21901,259
2021-03-26,Plumas,063,18699,668,654,10,664,4
2021-03-26,Riverside,065,2383286,289230,282602,13494,296096,4109
2021-03-26,Sacramento,067,1510023,98644,97040,1382,98422,1509
2021-03-26,San Benito,069,59416,5849,5855,91,5946,61
2021-03-26,San Bernardino,071,2135413,288916,285313,8673,293986,4288
2021-03-26,San Diego,073,3302833,270506,269045,13465,282510,3525
2021-03-26,San Francisco,075,870044,35205,35186,1173,36359,472
2021-03-26,San Joaquin,077,732212,69522,68249,3073,71322,1202
2021-03-26,San Luis Obispo,079,281455,20450,20118,611,20729,250
2021-03-26,San Mateo,081,765935,40670,40199,427,40626,348
2021-03-26,Santa Barbara,083,443738,33299,32895,1068,33963,439
2021-03-26,Santa Clara,085,1922200,113908,113959,634,114593,1868
2021-03-26,Santa Cruz,087,273765,15817,15199,785,15984,201
2021-03-26,Shasta,089,179085,11277,11276,1329,12605,182
2021-03-26,Sierra,091,2930,55,50,12,62,0
2021-03-26,Siskiyou,093,43540,1569,1493,252,1745,6
2021-03-26,Solano,095,438530,30804,30640,404,31044,205
2021-03-26,Sonoma,097,501317,29017,29101,261,29362,310
2021-03-26,Stanislaus,099,539301,52927,52420,5506,57926,678
2021-03-26,Sutter,101,95872,9090,9082,79,9161,104
2021-03-26,Tehama,103,63373,4764,4722,501,5223,51
2021-03-26,Trinity,105,12862,476,311,80,391,3
2021-03-26,Tulare,107,460477,49222,48179,8420,56599,813
2021-03-26,Tuolumne,109,53932,3913,3965,39,4004,57
2021-03-26,Ventura,111,848112,79770,79122,2837,81959,953
2021-03-26,Yolo,113,214977,13293,13299,167,13466,194
2021-03-26,Yuba,115,75493,5705,5653,103,5756,42
2021-03-25,Alameda,001,1643700,83515,82945,1752,84697,1206
2021-03-25,Alpine,003,1148,85,84,0,84,0
2021-03-25,Amador,005,37829,3554,3530,31,3561,45
2021-03-25,Butte,007,227075,11634,11270,1687,12957,188
2021-03-25,Calaveras,009,45235,1994,1982,11,1993,50
2021-03-25,Colusa,011,21464,1889,1888,271,2159,14
2021-03-25,Contra Costa,013,1133247,65551,64606,1110,65716,757
2021-03-25,Del Norte,015,27424,1166,1095,7,1102,6
2021-03-25,El Dorado,017,186661,9423,9331,623,9954,105
2021-03-25,Fresno,019,978130,99530,98602,8127,106729,1593
2021-03-25,Glenn,021,27897,2342,2302,520,2822,17
2021-03-25,Humboldt,023,135768,3444,3423,24,3447,34
2021-03-25,Imperial,025,180216,27551,27352,2527,29879,699
2021-03-25,Inyo,027,18085,1373,1369,9,1378,35
2021-03-25,Kern,029,883053,95299,93857,10156,104013,1206
2021-03-25,Kings,031,150075,22752,22472,1010,23482,237
2021-03-25,Lake,033,64148,3344,3312,8,3320,43
2021-03-25,Lassen,035,31185,5142,5129,100,5229,1
2021-03-25,Los Angeles,037,10098052,1187864,1177490,39036,1216526,23051
2021-03-25,Madera,039,155013,16082,15937,871,16808,210
2021-03-25,Marin,041,260295,13641,13538,192,13730,219
2021-03-25,Mariposa,043,17540,393,386,5,391,5
2021-03-25,Mendocino,045,87422,3748,3664,74,3738,45
2021-03-25,Merced,047,269075,29667,29576,965,30541,416
2021-03-25,Modoc,049,8938,350,343,118,461,3
2021-03-25,Mono,051,14174,1231,1235,17,1252,3
2021-03-25,Monterey,053,433212,42471,42220,1723,43943,336
2021-03-25,Napa,055,140530,9364,9321,30,9351,78
2021-03-25,Nevada,057,99092,4287,4202,176,4378,84
2021-03-25,Orange,059,3164182,250843,248871,10588,259459,4655
2021-03-25,Placer,061,380077,21475,20639,1215,21854,252
2021-03-25,Plumas,063,18699,668,654,10,664,4
2021-03-25,Riverside,065,2383286,289133,282492,13483,295975,4078
2021-03-25,Sacramento,067,1510023,98498,96823,1380,98203,1505
2021-03-25,San Benito,069,59416,5846,5850,91,5941,61
2021-03-25,San Bernardino,071,2135413,288835,285134,8668,293802,4222
2021-03-25,San Diego,073,3302833,270278,268623,13434,282057,3520
2021-03-25,San Francisco,075,870044,35165,35154,1171,36325,468
2021-03-25,San Joaquin,077,732212,69425,68089,3035,71124,1196
2021-03-25,San Luis Obispo,079,281455,20432,20076,611,20687,250
2021-03-25,San Mateo,081,765935,40630,40147,427,40574,348
2021-03-25,Santa Barbara,083,443738,33272,32857,1068,33925,439
2021-03-25,Santa Clara,085,1922200,113804,113877,632,114509,1868
2021-03-25,Santa Cruz,087,273765,15796,15170,785,15955,201
2021-03-25,Shasta,089,179085,11260,11262,1326,12588,181
2021-03-25,Sierra,091,2930,55,50,12,62,0
2021-03-25,Siskiyou,093,43540,1567,1491,251,1742,6
2021-03-25,Solano,095,438530,30743,30583,402,30985,193
2021-03-25,Sonoma,097,501317,28983,29060,257,29317,310
2021-03-25,Stanislaus,099,539301,52860,52321,5499,57820,678
2021-03-25,Sutter,101,95872,9081,9069,79,9148,104
2021-03-25,Tehama,103,63373,4762,4719,500,5219,52
2021-03-25,Trinity,105,12862,476,310,80,390,3
2021-03-25,Tulare,107,460477,49195,48148,8408,56556,811
2021-03-25,Tuolumne,109,53932,3912,3962,39,4001,57
2021-03-25,Ventura,111,848112,79729,79045,2833,81878,952
2021-03-25,Yolo,113,214977,13287,13287,167,13454,194
2021-03-25,Yuba,115,75493,5699,5647,97,5744,42
2021-03-24,Alameda,001,1643700,83422,82871,1749,84620,1199
2021-03-24,Alpine,003,1148,85,84,0,84,0
2021-03-24,Amador,005,37829,3548,3529,31,3560,45
2021-03-24,Butte,007,227075,11624,11252,1683,12935,187
2021-03-24,Calaveras,009,45235,1991,1975,11,1986,50
2021-03-24,Colusa,011,21464,1889,1886,271,2157,14
2021-03-24,Contra Costa,013,1133247,65471,64539,1109,65648,755
2021-03-24,Del Norte,015,27424,1161,1087,7,1094,6
2021-03-24,El Dorado,017,186661,9417,9319,622,9941,105
2021-03-24,Fresno,019,978130,99440,98437,8112,106549,1585
2021-03-24,Glenn,021,27897,2341,2297,519,2816,17
2021-03-24,Humboldt,023,135768,3441,3414,24,3438,34
2021-03-24,Imperial,025,180216,27542,27325,2527,29852,699
2021-03-24,Inyo,027,18085,1373,1368,9,1377,35
2021-03-24,Kern,029,883053,95251,93800,10147,103947,1198
2021-03-24,Kings,031,150075,22737,22456,1008,23464,237
2021-03-24,Lake,033,64148,3340,3307,8,3315,43
2021-03-24,Lassen,035,31185,5140,5130,99,5229,1
2021-03-24,Los Angeles,037,10098052,1187377,1177015,39003,1216018,22993
2021-03-24,Madera,039,155013,16073,15918,870,16788,210
2021-03-24,Marin,041,260295,13627,13526,190,13716,219
2021-03-24,Mariposa,043,17540,393,384,5,389,5
2021-03-24,Mendocino,045,87422,3745,3660,74,3734,45
2021-03-24,Merced,047,269075,29626,29525,965,30490,415
2021-03-24,Modoc,049,8938,349,341,118,459,3
2021-03-24,Mono,051,14174,1230,1243,17,1260,3
2021-03-24,Monterey,053,433212,42449,42201,1720,43921,335
2021-03-24,Napa,055,140530,9344,9310,30,9340,78
2021-03-24,Nevada,057,99092,4272,4191,175,4366,85
2021-03-24,Orange,059,3164182,250730,248775,10570,259345,4638
2021-03-24,Placer,061,380077,21445,20606,1207,21813,250
2021-03-24,Plumas,063,18699,666,652,10,662,4
2021-03-24,Riverside,065,2383286,289049,282410,13480,295890,4058
2021-03-24,Sacramento,067,1510023,98323,96628,1369,97997,1500
2021-03-24,San Benito,069,59416,5845,5847,91,5938,61
2021-03-24,San Bernardino,071,2135413,288748,284983,8666,293649,4170
2021-03-24,San Diego,073,3302833,270064,268413,13406,281819,3509
2021-03-24,San Francisco,075,870044,35138,35103,1168,36271,462
2021-03-24,San Joaquin,077,732212,69354,67978,3023,71001,1196
2021-03-24,San Luis Obispo,079,281455,20402,20021,610,20631,250
2021-03-24,San Mateo,081,765935,40580,40083,427,40510,348
2021-03-24,Santa Barbara,083,443738,33244,32810,1068,33878,438
2021-03-24,Santa Clara,085,1922200,113688,113757,629,114386,1851
2021-03-24,Santa Cruz,087,273765,15782,15138,784,15922,202
2021-03-24,Shasta,089,179085,11241,11243,1324,12567,181
2021-03-24,Sierra,091,2930,55,50,12,62,0
2021-03-24,Siskiyou,093,43540,1565,1490,251,1741,6
2021-03-24,Solano,095,438530,30706,30552,401,30953,178
2021-03-24,Sonoma,097,501317,28963,29034,253,29287,310
2021-03-24,Stanislaus,099,539301,52784,52259,5490,57749,677
2021-03-24,Sutter,101,95872,9065,9049,79,9128,104
2021-03-24,Tehama,103,63373,4756,4719,499,5218,49
2021-03-24,Trinity,105,12862,475,310,80,390,3
2021-03-24,Tulare,107,460477,49184,48109,8395,56504,808
2021-03-24,Tuolumne,109,53932,3910,3961,39,4000,57
2021-03-24,Ventura,111,848112,79677,78993,2826,81819,944
2021-03-24,Yolo,113,214977,13275,13269,167,13436,194
2021-03-24,Yuba,115,75493,5693,5634,94,5728,42
2021-03-23,Alameda,001,1643700,83320,82799,1745,84544,1190
2021-03-23,Alpine,003,1148,85,84,0,84,0
2021-03-23,Amador,005,37829,3542,3524,31,3555,45
2021-03-23,Butte,007,227075,11612,11227,1682,12909,187
2021-03-23,Calaveras,009,45235,1989,1971,11,1982,50
2021-03-23,Colusa,011,21464,1887,1885,270,2155,14
2021-03-23,Contra Costa,013,1133247,65371,64491,1108,65599,750
2021-03-23,Del Norte,015,27424,1156,1082,7,1089,6
2021-03-23,El Dorado,017,186661,9407,9318,619,9937,105
2021-03-23,Fresno,019,978130,99326,98362,8088,106450,1575
2021-03-23,Glenn,021,27897,2336,2293,517,2810,17
2021-03-23,Humboldt,023,135768,3432,3405,24,3429,34
2021-03-23,Imperial,025,180216,27534,27320,2527,29847,699
2021-03-23,Inyo,027,18085,1371,1364,9,1373,35
2021-03-23,Kern,029,883053,95144,93728,10140,103868,1191
2021-03-23,Kings,031,150075,22726,22439,1006,23445,237
2021-03-23,Lake,033,64148,3338,3294,8,3302,43
2021-03-23,Lassen,035,31185,5140,5130,99,5229,1
2021-03-23,Los Angeles,037,10098052,1186856,1176572,38966,1215538,22904
2021-03-23,Madera,039,155013,16057,15908,869,16777,210
2021-03-23,Marin,041,260295,13604,13514,188,13702,221
2021-03-23,Mariposa,043,17540,392,384,5,389,5
2021-03-23,Mendocino,045,87422,3743,3652,74,3726,45
2021-03-23,Merced,047,269075,29593,29485,965,30450,415
2021-03-23,Modoc,049,8938,348,342,118,460,3
2021-03-23,Mono,051,14174,1229,1263,17,1280,3
2021-03-23,Monterey,053,433212,42438,42180,1718,43898,335
2021-03-23,Napa,055,140530,9319,9299,30,9329,78
2021-03-23,Nevada,057,99092,4253,4179,174,4353,89
2021-03-23,Orange,059,3164182,250604,248661,10552,259213,4626
2021-03-23,Placer,061,380077,21410,20567,1203,21770,248
2021-03-23,Plumas,063,18699,666,652,10,662,4
2021-03-23,Riverside,065,2383286,288949,282317,13474,295791,4035
2021-03-23,Sacramento,067,1510023,98131,96521,1365,97886,1496
2021-03-23,San Benito,069,59416,5840,5845,90,5935,61
2021-03-23,San Bernardino,071,2135413,288663,284875,8658,293533,4134
2021-03-23,San Diego,073,3302833,269819,268156,13374,281530,3498
2021-03-23,San Francisco,075,870044,35080,35071,1163,36234,462
2021-03-23,San Joaquin,077,732212,69258,67903,3005,70908,1182
2021-03-23,San Luis Obispo,079,281455,20362,20009,609,20618,250
2021-03-23,San Mateo,081,765935,40524,40032,426,40458,348
2021-03-23,Santa Barbara,083,443738,33206,32771,1067,33838,438
2021-03-23,Santa Clara,085,1922200,113572,113645,626,114271,1848
2021-03-23,Santa Cruz,087,273765,15767,15106,784,15890,201
2021-03-23,Shasta,089,179085,11228,11234,1323,12557,175
2021-03-23,Sierra,091,2930,55,50,12,62,0
2021-03-23,Siskiyou,093,43540,1560,1485,249,1734,6
2021-03-23,Solano,095,438530,30665,30524,400,30924,178
2021-03-23,Sonoma,097,501317,28926,29020,252,29272,310
2021-03-23,Stanislaus,099,539301,52685,52148,5483,57631,677
2021-03-23,Sutter,101,95872,9057,9039,79,9118,104
2021-03-23,Tehama,103,63373,4747,4707,498,5205,46
2021-03-23,Trinity,105,12862,475,310,80,390,3
2021-03-23,Tulare,107,460477,49157,48095,8379,56474,808
2021-03-23,Tuolumne,109,53932,3907,3957,39,3996,57
2021-03-23,Ventura,111,848112,79616,78930,2823,81753,932
2021-03-23,Yolo,113,214977,13264,13255,167,13422,194
2021-03-23,Yuba,115,75493,5688,5628,94,5722,42
2021-03-22,Alameda,001,1643700,83229,82748,1740,84488,1189
2021-03-22,Alpine,003,1148,84,83,0,83,0
2021-03-22,Amador,005,37829,3534,3522,31,3553,44
2021-03-22,Butte,007,227075,11603,11211,1680,12891,185
2021-03-22,Calaveras,009,45235,1985,1963,11,1974,49
2021-03-22,Colusa,011,21464,1885,1885,270,2155,13
2021-03-22,Contra Costa,013,1133247,65276,64432,1106,65538,740
2021-03-22,Del Norte,015,27424,1150,1082,7,1089,6
2021-03-22,El Dorado,017,186661,9391,9310,615,9925,105
2021-03-22,Fresno,019,978130,99228,98276,8076,106352,1556
2021-03-22,Glenn,021,27897,2328,2291,517,2808,17
2021-03-22,Humboldt,023,135768,3427,3403,24,3427,34
2021-03-22,Imperial,025,180216,27519,27302,2524,29826,699
2021-03-22,Inyo,027,18085,1368,1363,9,1372,35
2021-03-22,Kern,029,883053,95073,93675,10124,103799,1178
2021-03-22,Kings,031,150075,22713,22433,1001,23434,236
2021-03-22,Lake,033,64148,3337,3290,8,3298,43
2021-03-22,Lassen,035,31185,5138,5129,99,5228,1
2021-03-22,Los Angeles,037,10098052,1186339,1176205,38936,1215141,22843
2021-03-22,Madera,039,155013,16042,15904,869,16773,210
2021-03-22,Marin,041,260295,13595,13501,187,13688,221
2021-03-22,Mariposa,043,17540,391,381,5,386,5
2021-03-22,Mendocino,045,87422,3741,3653,74,3727,45
2021-03-22,Merced,047,269075,29550,29468,962,30430,413
2021-03-22,Modoc,049,8938,346,342,118,460,3
2021-03-22,Mono,051,14174,1224,1263,17,1280,3
2021-03-22,Monterey,053,433212,42422,42161,1716,43877,335
2021-03-22,Napa,055,140530,9308,9288,30,9318,77
2021-03-22,Nevada,057,99092,4243,4174,170,4344,89
2021-03-22,Orange,059,3164182,250455,248517,10518,259035,4599
2021-03-22,Placer,061,380077,21375,20543,1198,21741,242
2021-03-22,Plumas,063,18699,666,652,10,662,4
2021-03-22,Riverside,065,2383286,288849,282242,13463,295705,4009
2021-03-22,Sacramento,067,1510023,97953,96385,1355,97740,1493
2021-03-22,San Benito,069,59416,5837,5844,89,5933,61
2021-03-22,San Bernardino,071,2135413,288575,284771,8646,293417,4107
2021-03-22,San Diego,073,3302833,269607,267913,13354,281267,3494
2021-03-22,San Francisco,075,870044,35038,35040,1159,36199,462
2021-03-22,San Joaquin,077,732212,69166,67815,2988,70803,1182
2021-03-22,San Luis Obispo,079,281455,20338,20000,608,20608,250
2021-03-22,San Mateo,081,765935,40473,40024,425,40449,348
2021-03-22,Santa Barbara,083,443738,33161,32756,1065,33821,437
2021-03-22,Santa Clara,085,1922200,113452,113575,626,114201,1845
2021-03-22,Santa Cruz,087,273765,15755,15077,783,15860,201
2021-03-22,Shasta,089,179085,11214,11218,1322,12540,150
2021-03-22,Sierra,091,2930,55,50,12,62,0
2021-03-22,Siskiyou,093,43540,1559,1487,248,1735,5
2021-03-22,Solano,095,438530,30625,30490,396,30886,171
2021-03-22,Sonoma,097,501317,28897,29010,248,29258,310
2021-03-22,Stanislaus,099,539301,52601,52083,5478,57561,677
2021-03-22,Sutter,101,95872,9044,9024,79,9103,104
2021-03-22,Tehama,103,63373,4739,4704,498,5202,45
2021-03-22,Trinity,105,12862,475,310,80,390,3
2021-03-22,Tulare,107,460477,49142,48074,8359,56433,807
2021-03-22,Tuolumne,109,53932,3904,3954,39,3993,57
2021-03-22,Ventura,111,848112,79570,78890,2820,81710,927
2021-03-22,Yolo,113,214977,13252,13243,166,13409,190
2021-03-22,Yuba,115,75493,5677,5627,92,5719,42
2021-03-21,Alameda,001,1643700,83142,82684,1737,84421,1187
2021-03-21,Alpine,003,1148,84,83,0,83,0
2021-03-21,Amador,005,37829,3530,3519,31,3550,44
2021-03-21,Butte,007,227075,11587,11208,1675,12883,185
2021-03-21,Calaveras,009,45235,1979,1962,11,1973,49
2021-03-21,Colusa,011,21464,1885,1885,270,2155,13
2021-03-21,Contra Costa,013,1133247,65194,64382,1102,65484,740
2021-03-21,Del Norte,015,27424,1135,1076,7,1083,6
2021-03-21,El Dorado,017,186661,9381,9302,610,9912,105
2021-03-21,Fresno,019,978130,99114,98211,8053,106264,1556
2021-03-21,Glenn,021,27897,2325,2288,516,2804,17
2021-03-21,Humboldt,023,135768,3422,3402,24,3426,34
2021-03-21,Imperial,025,180216,27502,27267,2519,29786,699
2021-03-21,Inyo,027,18085,1368,1363,9,1372,35
2021-03-21,Kern,029,883053,95007,93649,10115,103764,1170
2021-03-21,Kings,031,150075,22696,22422,1001,23423,236
2021-03-21,Lake,033,64148,3333,3286,8,3294,43
2021-03-21,Lassen,035,31185,5138,5129,99,5228,1
2021-03-21,Los Angeles,037,10098052,1185803,1175684,38889,1214573,22834
2021-03-21,Madera,039,155013,16022,15895,867,16762,210
2021-03-21,Marin,041,260295,13579,13495,186,13681,220
2021-03-21,Mariposa,043,17540,391,381,5,386,5
2021-03-21,Mendocino,045,87422,3738,3651,74,3725,45
2021-03-21,Merced,047,269075,29490,29446,956,30402,413
2021-03-21,Modoc,049,8938,346,341,118,459,3
2021-03-21,Mono,051,14174,1219,1263,17,1280,3
2021-03-21,Monterey,053,433212,42397,42153,1713,43866,335
2021-03-21,Napa,055,140530,9287,9282,30,9312,77
2021-03-21,Nevada,057,99092,4230,4169,170,4339,89
2021-03-21,Orange,059,3164182,250322,248442,10491,258933,4598
2021-03-21,Placer,061,380077,21339,20520,1190,21710,242
2021-03-21,Plumas,063,18699,666,653,10,663,4
2021-03-21,Riverside,065,2383286,288741,282187,13452,295639,4009
2021-03-21,Sacramento,067,1510023,97759,96269,1348,97617,1489
2021-03-21,San Benito,069,59416,5831,5842,89,5931,61
2021-03-21,San Bernardino,071,2135413,288485,284732,8640,293372,4094
2021-03-21,San Diego,073,3302833,269347,267724,13328,281052,3494
2021-03-21,San Francisco,075,870044,34991,35012,1153,36165,460
2021-03-21,San Joaquin,077,732212,69044,67729,2970,70699,1182
2021-03-21,San Luis Obispo,079,281455,20306,19979,606,20585,250
2021-03-21,San Mateo,081,765935,40428,39988,424,40412,344
2021-03-21,Santa Barbara,083,443738,33122,32743,1064,33807,437
2021-03-21,Santa Clara,085,1922200,113323,113487,623,114110,1840
2021-03-21,Santa Cruz,087,273765,15748,15064,783,15847,199
2021-03-21,Shasta,089,179085,11194,11215,1321,12536,150
2021-03-21,Sierra,091,2930,55,50,12,62,0
2021-03-21,Siskiyou,093,43540,1559,1486,247,1733,5
2021-03-21,Solano,095,438530,30586,30474,393,30867,171
2021-03-21,Sonoma,097,501317,28868,28986,247,29233,310
2021-03-21,Stanislaus,099,539301,52511,52014,5476,57490,677
2021-03-21,Sutter,101,95872,9031,9021,79,9100,104
2021-03-21,Tehama,103,63373,4735,4701,498,5199,45
2021-03-21,Trinity,105,12862,473,310,80,390,3
2021-03-21,Tulare,107,460477,49126,48060,8347,56407,807
2021-03-21,Tuolumne,109,53932,3902,3953,39,3992,57
2021-03-21,Ventura,111,848112,79507,78863,2815,81678,927
2021-03-21,Yolo,113,214977,13230,13235,166,13401,190
2021-03-21,Yuba,115,75493,5667,5624,92,5716,42
2021-03-20,Alameda,001,1643700,83074,82614,1735,84349,1178
2021-03-20,Alpine,003,1148,84,83,0,83,0
2021-03-20,Amador,005,37829,3528,3518,31,3549,44
2021-03-20,Butte,007,227075,11581,11199,1673,12872,185
2021-03-20,Calaveras,009,45235,1975,1961,11,1972,49
2021-03-20,Colusa,011,21464,1885,1883,270,2153,12
2021-03-20,Contra Costa,013,1133247,65134,64313,1102,65415,713
2021-03-20,Del Norte,015,27424,1134,1075,7,1082,6
2021-03-20,El Dorado,017,186661,9375,9290,610,9900,105
2021-03-20,Fresno,019,978130,99054,98112,8046,106158,1532
2021-03-20,Glenn,021,27897,2324,2288,514,2802,17
2021-03-20,Humboldt,023,135768,3415,3399,24,3423,33
2021-03-20,Imperial,025,180216,27496,27239,2517,29756,695
2021-03-20,Inyo,027,18085,1368,1362,9,1371,35
2021-03-20,Kern,029,883053,94978,93606,10111,103717,1155
2021-03-20,Kings,031,150075,22691,22415,1000,23415,236
2021-03-20,Lake,033,64148,3329,3280,8,3288,43
2021-03-20,Lassen,035,31185,5138,5128,99,5227,1
2021-03-20,Los Angeles,037,10098052,1185504,1175290,38865,1214155,22810
2021-03-20,Madera,039,155013,16014,15891,866,16757,210
2021-03-20,Marin,041,260295,13567,13470,182,13652,220
2021-03-20,Mariposa,043,17540,390,381,5,386,5
2021-03-20,Mendocino,045,87422,3737,3639,74,3713,43
2021-03-20,Merced,047,269075,29459,29411,953,30364,412
2021-03-20,Modoc,049,8938,345,341,118,459,3
2021-03-20,Mono,051,14174,1219,1256,17,1273,3
2021-03-20,Monterey,053,433212,42388,42146,1712,43858,334
2021-03-20,Napa,055,140530,9279,9274,30,9304,77
2021-03-20,Nevada,057,99092,4219,4164,169,4333,89
2021-03-20,Orange,059,3164182,250241,248348,10481,258829,4522
2021-03-20,Placer,061,380077,21316,20505,1188,21693,242
2021-03-20,Plumas,063,18699,663,652,10,662,4
2021-03-20,Riverside,065,2383286,288666,282081,13448,295529,4000
2021-03-20,Sacramento,067,1510023,97648,96126,1345,97471,1488
2021-03-20,San Benito,069,59416,5827,5840,89,5929,61
2021-03-20,San Bernardino,071,2135413,288419,284690,8636,293326,3965
2021-03-20,San Diego,073,3302833,269176,267532,13321,280853,3493
2021-03-20,San Francisco,075,870044,34968,34968,1146,36114,453
2021-03-20,San Joaquin,077,732212,69003,67662,2963,70625,1161
2021-03-20,San Luis Obispo,079,281455,20290,19951,600,20551,250
2021-03-20,San Mateo,081,765935,40394,39958,423,40381,344
2021-03-20,Santa Barbara,083,443738,33097,32723,1063,33786,434
2021-03-20,Santa Clara,085,1922200,113231,113384,622,114006,1799
2021-03-20,Santa Cruz,087,273765,15732,15053,783,15836,199
2021-03-20,Shasta,089,179085,11188,11211,1321,12532,147
2021-03-20,Sierra,091,2930,55,50,12,62,0
2021-03-20,Siskiyou,093,43540,1559,1483,247,1730,5
2021-03-20,Solano,095,438530,30556,30439,393,30832,170
2021-03-20,Sonoma,097,501317,28853,28962,247,29209,309
2021-03-20,Stanislaus,099,539301,52455,51925,5469,57394,673
2021-03-20,Sutter,101,95872,9023,9014,79,9093,103
2021-03-20,Tehama,103,63373,4730,4696,496,5192,33
2021-03-20,Trinity,105,12862,472,310,80,390,3
2021-03-20,Tulare,107,460477,49111,48030,8330,56360,804
2021-03-20,Tuolumne,109,53932,3899,3950,39,3989,57
2021-03-20,Ventura,111,848112,79472,78818,2813,81631,922
2021-03-20,Yolo,113,214977,13226,13226,166,13392,190
2021-03-20,Yuba,115,75493,5664,5621,91,5712,42
2021-03-19,Alameda,001,1643700,83002,82499,1734,84233,1187
2021-03-19,Alpine,003,1148,83,82,0,82,0
2021-03-19,Amador,005,37829,3525,3515,31,3546,44
2021-03-19,Butte,007,227075,11573,11191,1670,12861,185
2021-03-19,Calaveras,009,45235,1974,1957,11,1968,49
2021-03-19,Colusa,011,21464,1884,1883,270,2153,12
2021-03-19,Contra Costa,013,1133247,65075,64195,1099,65294,737
2021-03-19,Del Norte,015,27424,1128,1071,5,1076,6
2021-03-19,El Dorado,017,186661,9366,9274,610,9884,105
2021-03-19,Fresno,019,978130,98970,97969,8033,106002,1527
2021-03-19,Glenn,021,27897,2324,2282,514,2796,17
2021-03-19,Humboldt,023,135768,3406,3388,24,3412,33
2021-03-19,Imperial,025,180216,27484,27218,2514,29732,695
2021-03-19,Inyo,027,18085,1366,1356,9,1365,35
2021-03-19,Kern,029,883053,94945,93534,10098,103632,1152
2021-03-19,Kings,031,150075,22682,22369,997,23366,235
2021-03-19,Lake,033,64148,3323,3262,8,3270,43
2021-03-19,Lassen,035,31185,5138,5126,99,5225,1
2021-03-19,Los Angeles,037,10098052,1185164,1174818,38848,1213666,22752
2021-03-19,Madera,039,155013,16007,15877,865,16742,210
2021-03-19,Marin,041,260295,13555,13441,182,13623,220
2021-03-19,Mariposa,043,17540,389,380,5,385,5
2021-03-19,Mendocino,045,87422,3736,3639,74,3713,45
2021-03-19,Merced,047,269075,29432,29376,951,30327,412
2021-03-19,Modoc,049,8938,345,341,118,459,3
2021-03-19,Mono,051,14174,1217,1244,17,1261,3
2021-03-19,Monterey,053,433212,42379,42125,1710,43835,335
2021-03-19,Napa,055,140530,9267,9256,30,9286,77
2021-03-19,Nevada,057,99092,4208,4156,169,4325,88
2021-03-19,Orange,059,3164182,250141,248146,10472,258618,4501
2021-03-19,Placer,061,380077,21298,20451,1186,21637,242
2021-03-19,Plumas,063,18699,663,650,10,660,4
2021-03-19,Riverside,065,2383286,288583,281937,13443,295380,3989
2021-03-19,Sacramento,067,1510023,97545,95934,1342,97276,1486
2021-03-19,San Benito,069,59416,5827,5845,89,5934,61
2021-03-19,San Bernardino,071,2135413,288348,284501,8634,293135,4017
2021-03-19,San Diego,073,3302833,269041,267173,13311,280484,3491
2021-03-19,San Francisco,075,870044,34923,34936,1143,36079,461
2021-03-19,San Joaquin,077,732212,68933,67515,2949,70464,1180
2021-03-19,San Luis Obispo,079,281455,20270,19913,598,20511,249
2021-03-19,San Mateo,081,765935,40370,39893,423,40316,344
2021-03-19,Santa Barbara,083,443738,33067,32685,1062,33747,435
2021-03-19,Santa Clara,085,1922200,113156,113232,621,113853,1797
2021-03-19,Santa Cruz,087,273765,15725,15026,783,15809,199
2021-03-19,Shasta,089,179085,11181,11104,1319,12423,103
2021-03-19,Sierra,091,2930,54,49,12,61,0
2021-03-19,Siskiyou,093,43540,1559,1480,246,1726,5
2021-03-19,Solano,095,438530,30526,30395,391,30786,172
2021-03-19,Sonoma,097,501317,28832,28932,245,29177,292
2021-03-19,Stanislaus,099,539301,52397,51755,5466,57221,679
2021-03-19,Sutter,101,95872,9021,9005,79,9084,103
2021-03-19,Tehama,103,63373,4723,4685,496,5181,33
2021-03-19,Trinity,105,12862,472,310,80,390,3
2021-03-19,Tulare,107,460477,49088,47989,8307,56296,805
2021-03-19,Tuolumne,109,53932,3896,3946,39,3985,57
2021-03-19,Ventura,111,848112,79439,78753,2809,81562,920
2021-03-19,Yolo,113,214977,13218,13197,166,13363,189
2021-03-19,Yuba,115,75493,5661,5615,90,5705,42
2021-03-18,Alameda,001,1643700,82921,82419,1731,84150,1189
2021-03-18,Alpine,003,1148,83,82,0,82,0
2021-03-18,Amador,005,37829,3521,3513,31,3544,44
2021-03-18,Butte,007,227075,11562,11179,1668,12847,185
2021-03-18,Calaveras,009,45235,1972,1954,11,1965,49
2021-03-18,Colusa,011,21464,1884,1882,270,2152,12
2021-03-18,Contra Costa,013,1133247,65002,64103,1096,65199,739
2021-03-18,Del Norte,015,27424,1119,1059,5,1064,6
2021-03-18,El Dorado,017,186661,9353,9261,609,9870,105
2021-03-18,Fresno,019,978130,98873,97856,8018,105874,1527
2021-03-18,Glenn,021,27897,2320,2275,513,2788,17
2021-03-18,Humboldt,023,135768,3398,3381,24,3405,34
2021-03-18,Imperial,025,180216,27469,27190,2509,29699,695
2021-03-18,Inyo,027,18085,1363,1354,9,1363,35
2021-03-18,Kern,029,883053,94888,93458,10084,103542,1158
2021-03-18,Kings,031,150075,22675,22354,996,23350,235
2021-03-18,Lake,033,64148,3320,3260,8,3268,43
2021-03-18,Lassen,035,31185,5137,5126,99,5225,1
2021-03-18,Los Angeles,037,10098052,1184731,1174205,38820,1213025,22689
2021-03-18,Madera,039,155013,15995,15860,862,16722,211
2021-03-18,Marin,041,260295,13537,13435,181,13616,219
2021-03-18,Mariposa,043,17540,387,380,5,385,5
2021-03-18,Mendocino,045,87422,3726,3630,74,3704,45
2021-03-18,Merced,047,269075,29397,29317,951,30268,410
2021-03-18,Modoc,049,8938,345,341,118,459,3
2021-03-18,Mono,051,14174,1213,1215,16,1231,3
2021-03-18,Monterey,053,433212,42367,42105,1710,43815,335
2021-03-18,Napa,055,140530,9258,9243,30,9273,77
2021-03-18,Nevada,057,99092,4201,4154,169,4323,74
2021-03-18,Orange,059,3164182,250038,248050,10460,258510,4514
2021-03-18,Placer,061,380077,21266,20421,1183,21604,243
2021-03-18,Plumas,063,18699,661,648,10,658,4
2021-03-18,Riverside,065,2383286,288502,281789,13436,295225,3957
2021-03-18,Sacramento,067,1510023,97397,95819,1338,97157,1481
2021-03-18,San Benito,069,59416,5825,5842,89,5931,61
2021-03-18,San Bernardino,071,2135413,288265,284294,8604,292898,4076
2021-03-18,San Diego,073,3302833,268888,266752,13301,280053,3478
2021-03-18,San Francisco,075,870044,34884,34904,1142,36046,461
2021-03-18,San Joaquin,077,732212,68833,67301,2937,70238,1169
2021-03-18,San Luis Obispo,079,281455,20241,19894,597,20491,249
2021-03-18,San Mateo,081,765935,40329,39874,423,40297,344
2021-03-18,Santa Barbara,083,443738,33026,32640,1062,33702,434
2021-03-18,Santa Clara,085,1922200,113039,113119,617,113736,1808
2021-03-18,Santa Cruz,087,273765,15715,14998,783,15781,198
2021-03-18,Shasta,089,179085,11167,11059,1317,12376,100
2021-03-18,Sierra,091,2930,54,49,12,61,0
2021-03-18,Siskiyou,093,43540,1556,1480,245,1725,5
2021-03-18,Solano,095,438530,30484,30352,388,30740,172
2021-03-18,Sonoma,097,501317,28811,28915,243,29158,292
2021-03-18,Stanislaus,099,539301,52325,51615,5462,57077,682
2021-03-18,Sutter,101,95872,9009,8999,79,9078,103
2021-03-18,Tehama,103,63373,4717,4683,495,5178,35
2021-03-18,Trinity,105,12862,472,310,80,390,3
2021-03-18,Tulare,107,460477,49069,47964,8292,56256,805
2021-03-18,Tuolumne,109,53932,3895,3942,39,3981,57
2021-03-18,Ventura,111,848112,79379,78697,2809,81506,918
2021-03-18,Yolo,113,214977,13205,13183,166,13349,191
2021-03-18,Yuba,115,75493,5657,5612,90,5702,42
2021-03-17,Alameda,001,1643700,82845,82353,1726,84079,1185
2021-03-17,Alpine,003,1148,83,82,0,82,0
2021-03-17,Amador,005,37829,3519,3511,31,3542,44
2021-03-17,Butte,007,227075,11553,11170,1666,12836,185
2021-03-17,Calaveras,009,45235,1969,1946,11,1957,49
2021-03-17,Colusa,011,21464,1883,1882,270,2152,12
2021-03-17,Contra Costa,013,1133247,64933,64026,1095,65121,737
2021-03-17,Del Norte,015,27424,1115,1053,5,1058,6
2021-03-17,El Dorado,017,186661,9343,9252,609,9861,105
2021-03-17,Fresno,019,978130,98762,97727,8000,105727,1507
2021-03-17,Glenn,021,27897,2313,2269,512,2781,17
2021-03-17,Humboldt,023,135768,3390,3365,24,3389,33
2021-03-17,Imperial,025,180216,27452,27168,2506,29674,691
2021-03-17,Inyo,027,18085,1361,1351,9,1360,35
2021-03-17,Kern,029,883053,94832,93392,10071,103463,1149
2021-03-17,Kings,031,150075,22659,22336,995,23331,233
2021-03-17,Lake,033,64148,3313,3251,8,3259,43
2021-03-17,Lassen,035,31185,5136,5125,99,5224,1
2021-03-17,Los Angeles,037,10098052,1184277,1173416,38787,1212203,22602
2021-03-17,Madera,039,155013,15988,15835,862,16697,214
2021-03-17,Marin,041,260295,13520,13428,180,13608,218
2021-03-17,Mariposa,043,17540,387,379,5,384,5
2021-03-17,Mendocino,045,87422,3722,3625,74,3699,44
2021-03-17,Merced,047,269075,29369,29250,947,30197,408
2021-03-17,Modoc,049,8938,345,341,118,459,3
2021-03-17,Mono,051,14174,1211,1212,16,1228,3
2021-03-17,Monterey,053,433212,42349,42061,1707,43768,334
2021-03-17,Napa,055,140530,9243,9219,30,9249,76
2021-03-17,Nevada,057,99092,4191,4145,169,4314,74
2021-03-17,Orange,059,3164182,249920,247943,10432,258375,4502
2021-03-17,Placer,061,380077,21238,20369,1182,21551,243
2021-03-17,Plumas,063,18699,660,645,10,655,4
2021-03-17,Riverside,065,2383286,288387,281649,13428,295077,3925
2021-03-17,Sacramento,067,1510023,97269,95650,1333,96983,1477
2021-03-17,San Benito,069,59416,5822,5841,89,5930,61
2021-03-17,San Bernardino,071,2135413,288148,284170,8599,292769,4049
2021-03-17,San Diego,073,3302833,268677,266313,13283,279596,3470
2021-03-17,San Francisco,075,870044,34849,34873,1141,36014,457
2021-03-17,San Joaquin,077,732212,68748,67093,2921,70014,1164
2021-03-17,San Luis Obispo,079,281455,20218,19858,593,20451,249
2021-03-17,San Mateo,081,765935,40299,39838,422,40260,344
2021-03-17,Santa Barbara,083,443738,33004,32585,1061,33646,433
2021-03-17,Santa Clara,085,1922200,112946,112983,616,113599,1805
2021-03-17,Santa Cruz,087,273765,15707,14967,783,15750,199
2021-03-17,Shasta,089,179085,11162,11045,1314,12359,100
2021-03-17,Sierra,091,2930,54,49,12,61,0
2021-03-17,Siskiyou,093,43540,1555,1479,244,1723,5
2021-03-17,Solano,095,438530,30458,30320,386,30706,171
2021-03-17,Sonoma,097,501317,28787,28877,242,29119,292
2021-03-17,Stanislaus,099,539301,52250,51524,5455,56979,682
2021-03-17,Sutter,101,95872,8999,8982,79,9061,103
2021-03-17,Tehama,103,63373,4712,4670,495,5165,34
2021-03-17,Trinity,105,12862,472,308,80,388,3
2021-03-17,Tulare,107,460477,49049,47929,8282,56211,805
2021-03-17,Tuolumne,109,53932,3892,3938,39,3977,57
2021-03-17,Ventura,111,848112,79323,78648,2806,81454,916
2021-03-17,Yolo,113,214977,13188,13169,166,13335,190
2021-03-17,Yuba,115,75493,5654,5603,90,5693,42
2021-03-16,Alameda,001,1643700,82734,82259,1724,83983,1177
2021-03-16,Alpine,003,1148,83,82,0,82,0
2021-03-16,Amador,005,37829,3517,3510,31,3541,44
2021-03-16,Butte,007,227075,11541,11154,1665,12819,184
2021-03-16,Calaveras,009,45235,1964,1945,11,1956,49
2021-03-16,Colusa,011,21464,1882,1882,270,2152,12
2021-03-16,Contra Costa,013,1133247,64850,63951,1092,65043,736
2021-03-16,Del Norte,015,27424,1107,1048,5,1053,6
2021-03-16,El Dorado,017,186661,9328,9249,609,9858,105
2021-03-16,Fresno,019,978130,98624,97638,7980,105618,1498
2021-03-16,Glenn,021,27897,2305,2267,508,2775,17
2021-03-16,Humboldt,023,135768,3386,3351,24,3375,33
2021-03-16,Imperial,025,180216,27441,27143,2503,29646,689
2021-03-16,Inyo,027,18085,1360,1346,9,1355,35
2021-03-16,Kern,029,883053,94766,93340,10056,103396,1144
2021-03-16,Kings,031,150075,22623,22320,994,23314,233
2021-03-16,Lake,033,64148,3305,3246,8,3254,43
2021-03-16,Lassen,035,31185,5135,5126,99,5225,1
2021-03-16,Los Angeles,037,10098052,1183744,1172676,38749,1211425,22527
2021-03-16,Madera,039,155013,15972,15822,860,16682,214
2021-03-16,Marin,041,260295,13502,13419,180,13599,218
2021-03-16,Mariposa,043,17540,384,379,5,384,5
2021-03-16,Mendocino,045,87422,3717,3623,74,3697,44
2021-03-16,Merced,047,269075,29316,29198,946,30144,407
2021-03-16,Modoc,049,8938,345,341,118,459,3
2021-03-16,Mono,051,14174,1210,1207,16,1223,3
2021-03-16,Monterey,053,433212,42330,42023,1707,43730,334
2021-03-16,Napa,055,140530,9233,9209,30,9239,75
2021-03-16,Nevada,057,99092,4182,4132,168,4300,67
2021-03-16,Orange,059,3164182,249781,247843,10413,258256,4479
2021-03-16,Placer,061,380077,21206,20339,1178,21517,240
2021-03-16,Plumas,063,18699,659,643,10,653,4
2021-03-16,Riverside,065,2383286,288273,281540,13416,294956,3893
2021-03-16,Sacramento,067,1510023,97126,95522,1329,96851,1466
2021-03-16,San Benito,069,59416,5817,5831,89,5920,61
2021-03-16,San Bernardino,071,2135413,288018,283980,8592,292572,4032
2021-03-16,San Diego,073,3302833,268445,265903,13270,279173,3462
2021-03-16,San Francisco,075,870044,34820,34833,1136,35969,456
2021-03-16,San Joaquin,077,732212,68646,66856,2909,69765,1163
2021-03-16,San Luis Obispo,079,281455,20188,19832,591,20423,248
2021-03-16,San Mateo,081,765935,40265,39806,420,40226,344
2021-03-16,Santa Barbara,083,443738,32972,32556,1060,33616,433
2021-03-16,Santa Clara,085,1922200,112828,112845,613,113458,1797
2021-03-16,Santa Cruz,087,273765,15701,14926,783,15709,199
2021-03-16,Shasta,089,179085,11146,11035,1312,12347,100
2021-03-16,Sierra,091,2930,53,49,12,61,0
2021-03-16,Siskiyou,093,43540,1552,1477,244,1721,5
2021-03-16,Solano,095,438530,30424,30298,384,30682,171
2021-03-16,Sonoma,097,501317,28754,28850,240,29090,291
2021-03-16,Stanislaus,099,539301,52170,51410,5448,56858,683
2021-03-16,Sutter,101,95872,8991,8970,79,9049,102
2021-03-16,Tehama,103,63373,4709,4660,494,5154,34
2021-03-16,Trinity,105,12862,472,308,79,387,3
2021-03-16,Tulare,107,460477,49001,47895,8274,56169,803
2021-03-16,Tuolumne,109,53932,3889,3938,39,3977,57
2021-03-16,Ventura,111,848112,79257,78671,2799,81470,916
2021-03-16,Yolo,113,214977,13173,13162,166,13328,190
2021-03-16,Yuba,115,75493,5651,5596,89,5685,42
2021-03-15,Alameda,001,1643700,82645,82159,1724,83883,1167
2021-03-15,Alpine,003,1148,83,82,0,82,0
2021-03-15,Amador,005,37829,3516,3506,31,3537,44
2021-03-15,Butte,007,227075,11528,11141,1661,12802,185
2021-03-15,Calaveras,009,45235,1963,1941,11,1952,49
2021-03-15,Colusa,011,21464,1882,1883,270,2153,12
2021-03-15,Contra Costa,013,1133247,64788,63847,1091,64938,732
2021-03-15,Del Norte,015,27424,1104,1048,5,1053,6
2021-03-15,El Dorado,017,186661,9322,9235,609,9844,103
2021-03-15,Fresno,019,978130,98497,97520,7965,105485,1496
2021-03-15,Glenn,021,27897,2300,2261,505,2766,15
2021-03-15,Humboldt,023,135768,3380,3337,24,3361,32
2021-03-15,Imperial,025,180216,27421,27122,2500,29622,684
2021-03-15,Inyo,027,18085,1360,1346,9,1355,35
2021-03-15,Kern,029,883053,94706,93266,10049,103315,1141
2021-03-15,Kings,031,150075,22606,22294,988,23282,233
2021-03-15,Lake,033,64148,3293,3237,8,3245,43
2021-03-15,Lassen,035,31185,5135,5125,99,5224,1
2021-03-15,Los Angeles,037,10098052,1183173,1172445,38717,1211162,22477
2021-03-15,Madera,039,155013,15961,15806,858,16664,214
2021-03-15,Marin,041,260295,13496,13408,179,13587,218
2021-03-15,Mariposa,043,17540,384,376,5,381,5
2021-03-15,Mendocino,045,87422,3713,3615,74,3689,44
2021-03-15,Merced,047,269075,29278,29169,944,30113,407
2021-03-15,Modoc,049,8938,345,340,118,458,3
2021-03-15,Mono,051,14174,1209,1206,16,1222,3
2021-03-15,Monterey,053,433212,42301,42011,1704,43715,333
2021-03-15,Napa,055,140530,9222,9196,30,9226,75
2021-03-15,Nevada,057,99092,4177,4123,167,4290,66
2021-03-15,Orange,059,3164182,249668,247697,10394,258091,4481
2021-03-15,Placer,061,380077,21183,20308,1178,21486,238
2021-03-15,Plumas,063,18699,659,642,10,652,4
2021-03-15,Riverside,065,2383286,288121,281367,13406,294773,3856
2021-03-15,Sacramento,067,1510023,96973,95414,1323,96737,1463
2021-03-15,San Benito,069,59416,5814,5831,89,5920,61
2021-03-15,San Bernardino,071,2135413,287927,283815,8584,292399,4004
2021-03-15,San Diego,073,3302833,268196,265646,13254,278900,3452
2021-03-15,San Francisco,075,870044,34785,34820,1132,35952,456
2021-03-15,San Joaquin,077,732212,68543,66622,2897,69519,1140
2021-03-15,San Luis Obispo,079,281455,20157,19813,587,20400,247
2021-03-15,San Mateo,081,765935,40211,39765,420,40185,344
2021-03-15,Santa Barbara,083,443738,32949,32529,1057,33586,431
2021-03-15,Santa Clara,085,1922200,112727,112729,611,113340,1798
2021-03-15,Santa Cruz,087,273765,15695,14899,782,15681,200
2021-03-15,Shasta,089,179085,11130,11019,1307,12326,92
2021-03-15,Sierra,091,2930,53,49,12,61,0
2021-03-15,Siskiyou,093,43540,1552,1475,244,1719,5
2021-03-15,Solano,095,438530,30395,30258,383,30641,171
2021-03-15,Sonoma,097,501317,28736,28814,237,29051,285
2021-03-15,Stanislaus,099,539301,52091,51357,5441,56798,683
2021-03-15,Sutter,101,95872,8985,8962,79,9041,102
2021-03-15,Tehama,103,63373,4694,4650,493,5143,34
2021-03-15,Trinity,105,12862,472,308,79,387,3
2021-03-15,Tulare,107,460477,48971,47857,8259,56116,800
2021-03-15,Tuolumne,109,53932,3887,3937,38,3975,57
2021-03-15,Ventura,111,848112,79201,78626,2798,81424,910
2021-03-15,Yolo,113,214977,13154,13131,166,13297,190
2021-03-15,Yuba,115,75493,5646,5585,88,5673,42
2021-03-14,Alameda,001,1643700,82560,82116,1721,83837,1168
2021-03-14,Alpine,003,1148,83,82,0,82,0
2021-03-14,Amador,005,37829,3511,3504,31,3535,44
2021-03-14,Butte,007,227075,11515,11140,1657,12797,185
2021-03-14,Calaveras,009,45235,1959,1939,11,1950,49
2021-03-14,Colusa,011,21464,1882,1883,270,2153,12
2021-03-14,Contra Costa,013,1133247,64684,63808,1090,64898,731
2021-03-14,Del Norte,015,27424,1090,1048,5,1053,6
2021-03-14,El Dorado,017,186661,9312,9231,609,9840,103
2021-03-14,Fresno,019,978130,98389,97461,7947,105408,1496
2021-03-14,Glenn,021,27897,2295,2260,502,2762,15
2021-03-14,Humboldt,023,135768,3366,3335,24,3359,32
2021-03-14,Imperial,025,180216,27406,27122,2495,29617,685
2021-03-14,Inyo,027,18085,1356,1346,9,1355,35
2021-03-14,Kern,029,883053,94623,93252,10031,103283,1141
2021-03-14,Kings,031,150075,22587,22292,986,23278,232
2021-03-14,Lake,033,64148,3288,3237,8,3245,43
2021-03-14,Lassen,035,31185,5133,5125,99,5224,1
2021-03-14,Los Angeles,037,10098052,1182596,1172100,38687,1210787,22476
2021-03-14,Madera,039,155013,15936,15804,858,16662,214
2021-03-14,Marin,041,260295,13480,13405,177,13582,218
2021-03-14,Mariposa,043,17540,382,376,5,381,5
2021-03-14,Mendocino,045,87422,3708,3613,74,3687,44
2021-03-14,Merced,047,269075,29210,29149,940,30089,407
2021-03-14,Modoc,049,8938,345,340,118,458,3
2021-03-14,Mono,051,14174,1203,1206,16,1222,3
2021-03-14,Monterey,053,433212,42277,42007,1701,43708,333
2021-03-14,Napa,055,140530,9204,9194,30,9224,75
2021-03-14,Nevada,057,99092,4171,4122,165,4287,66
2021-03-14,Orange,059,3164182,249536,247656,10375,258031,4460
2021-03-14,Placer,061,380077,21148,20288,1170,21458,238
2021-03-14,Plumas,063,18699,657,642,10,652,4
2021-03-14,Riverside,065,2383286,287963,281332,13398,294730,3845
2021-03-14,Sacramento,067,1510023,96795,95343,1318,96661,1462
2021-03-14,San Benito,069,59416,5805,5829,89,5918,61
2021-03-14,San Bernardino,071,2135413,287804,283791,8573,292364,3996
2021-03-14,San Diego,073,3302833,267961,265468,13241,278709,3452
2021-03-14,San Francisco,075,870044,34746,34810,1129,35939,455
2021-03-14,San Joaquin,077,732212,68415,66563,2880,69443,1140
2021-03-14,San Luis Obispo,079,281455,20129,19806,585,20391,247
2021-03-14,San Mateo,081,765935,40172,39744,420,40164,342
2021-03-14,Santa Barbara,083,443738,32905,32514,1055,33569,431
2021-03-14,Santa Clara,085,1922200,112599,112648,610,113258,1796
2021-03-14,Santa Cruz,087,273765,15679,14887,780,15667,200
2021-03-14,Shasta,089,179085,11114,11019,1300,12319,92
2021-03-14,Sierra,091,2930,53,49,12,61,0
2021-03-14,Siskiyou,093,43540,1549,1473,244,1717,5
2021-03-14,Solano,095,438530,30363,30230,378,30608,171
2021-03-14,Sonoma,097,501317,28701,28798,233,29031,284
2021-03-14,Stanislaus,099,539301,51971,51306,5433,56739,690
2021-03-14,Sutter,101,95872,8969,8958,79,9037,102
2021-03-14,Tehama,103,63373,4687,4650,492,5142,34
2021-03-14,Trinity,105,12862,471,308,78,386,3
2021-03-14,Tulare,107,460477,48938,47845,8238,56083,800
2021-03-14,Tuolumne,109,53932,3885,3937,38,3975,57
2021-03-14,Ventura,111,848112,79153,78611,2792,81403,910
2021-03-14,Yolo,113,214977,13131,13128,163,13291,189
2021-03-14,Yuba,115,75493,5636,5583,88,5671,42
2021-03-13,Alameda,001,1643700,82500,82010,1721,83731,1168
2021-03-13,Alpine,003,1148,83,82,0,82,0
2021-03-13,Amador,005,37829,3508,3504,31,3535,44
2021-03-13,Butte,007,227075,11506,11131,1656,12787,185
2021-03-13,Calaveras,009,45235,1958,1939,11,1950,49
2021-03-13,Colusa,011,21464,1882,1882,270,2152,12
2021-03-13,Contra Costa,013,1133247,64623,63689,1090,64779,731
2021-03-13,Del Norte,015,27424,1086,1041,5,1046,6
2021-03-13,El Dorado,017,186661,9304,9221,609,9830,103
2021-03-13,Fresno,019,978130,98330,97324,7927,105251,1495
2021-03-13,Glenn,021,27897,2294,2260,501,2761,15
2021-03-13,Humboldt,023,135768,3359,3325,24,3349,32
2021-03-13,Imperial,025,180216,27400,27099,2491,29590,677
2021-03-13,Inyo,027,18085,1355,1344,9,1353,35
2021-03-13,Kern,029,883053,94584,93197,10025,103222,1140
2021-03-13,Kings,031,150075,22571,22265,985,23250,232
2021-03-13,Lake,033,64148,3281,3234,7,3241,43
2021-03-13,Lassen,035,31185,5133,5125,99,5224,1
2021-03-13,Los Angeles,037,10098052,1182278,1171505,38645,1210150,22451
2021-03-13,Madera,039,155013,15924,15780,858,16638,214
2021-03-13,Marin,041,260295,13474,13391,175,13566,218
2021-03-13,Mariposa,043,17540,381,376,5,381,5
2021-03-13,Mendocino,045,87422,3704,3611,74,3685,44
2021-03-13,Merced,047,269075,29179,29106,940,30046,406
2021-03-13,Modoc,049,8938,345,340,117,457,3
2021-03-13,Mono,051,14174,1203,1207,16,1223,3
2021-03-13,Monterey,053,433212,42267,41989,1699,43688,332
2021-03-13,Napa,055,140530,9198,9190,30,9220,75
2021-03-13,Nevada,057,99092,4164,4111,164,4275,66
2021-03-13,Orange,059,3164182,249455,247514,10359,257873,4423
2021-03-13,Placer,061,380077,21127,20238,1167,21405,239
2021-03-13,Plumas,063,18699,655,642,10,652,4
2021-03-13,Riverside,065,2383286,287871,281191,13390,294581,3848
2021-03-13,Sacramento,067,1510023,96708,95192,1316,96508,1461
2021-03-13,San Benito,069,59416,5802,5823,89,5912,61
2021-03-13,San Bernardino,071,2135413,287750,283727,8567,292294,3972
2021-03-13,San Diego,073,3302833,267806,265270,13227,278497,3444
2021-03-13,San Francisco,075,870044,34729,34784,1120,35904,455
2021-03-13,San Joaquin,077,732212,68359,66480,2858,69338,1141
2021-03-13,San Luis Obispo,079,281455,20111,19789,584,20373,247
2021-03-13,San Mateo,081,765935,40145,39689,419,40108,341
2021-03-13,Santa Barbara,083,443738,32880,32486,1054,33540,431
2021-03-13,Santa Clara,085,1922200,112514,112531,609,113140,1790
2021-03-13,Santa Cruz,087,273765,15672,14875,780,15655,199
2021-03-13,Shasta,089,179085,11106,11021,1297,12318,108
2021-03-13,Sierra,091,2930,52,49,12,61,0
2021-03-13,Siskiyou,093,43540,1547,1470,244,1714,5
2021-03-13,Solano,095,438530,30346,30198,378,30576,171
2021-03-13,Sonoma,097,501317,28681,28762,229,28991,285
2021-03-13,Stanislaus,099,539301,51920,51257,5429,56686,695
2021-03-13,Sutter,101,95872,8962,8948,79,9027,102
2021-03-13,Tehama,103,63373,4685,4647,492,5139,33
2021-03-13,Trinity,105,12862,471,306,78,384,3
2021-03-13,Tulare,107,460477,48912,47818,8230,56048,798
2021-03-13,Tuolumne,109,53932,3882,3937,38,3975,57
2021-03-13,Ventura,111,848112,79101,78693,2792,81485,906
2021-03-13,Yolo,113,214977,13122,13087,163,13250,189
2021-03-13,Yuba,115,75493,5635,5577,88,5665,42
2021-03-12,Alameda,001,1643700,82423,81898,1720,83618,1164
2021-03-12,Alpine,003,1148,83,82,0,82,0
2021-03-12,Amador,005,37829,3505,3503,31,3534,44
2021-03-12,Butte,007,227075,11496,11126,1654,12780,184
2021-03-12,Calaveras,009,45235,1958,1916,11,1927,49
2021-03-12,Colusa,011,21464,1882,1883,270,2153,12
2021-03-12,Contra Costa,013,1133247,64547,63583,1090,64673,728
2021-03-12,Del Norte,015,27424,1080,1033,5,1038,6
2021-03-12,El Dorado,017,186661,9295,9219,609,9828,103
2021-03-12,Fresno,019,978130,98233,97185,7916,105101,1489
2021-03-12,Glenn,021,27897,2293,2258,500,2758,15
2021-03-12,Humboldt,023,135768,3354,3315,24,3339,32
2021-03-12,Imperial,025,180216,27389,27071,2489,29560,677
2021-03-12,Inyo,027,18085,1353,1339,9,1348,35
2021-03-12,Kern,029,883053,94550,93142,10009,103151,1132
2021-03-12,Kings,031,150075,22552,22233,985,23218,232
2021-03-12,Lake,033,64148,3275,3226,6,3232,43
2021-03-12,Lassen,035,31185,5133,5125,98,5223,1
2021-03-12,Los Angeles,037,10098052,1181883,1170860,38628,1209488,22409
2021-03-12,Madera,039,155013,15912,15761,855,16616,214
2021-03-12,Marin,041,260295,13467,13375,175,13550,218
2021-03-12,Mariposa,043,17540,379,376,5,381,5
2021-03-12,Mendocino,045,87422,3701,3605,74,3679,43
2021-03-12,Merced,047,269075,29148,29064,940,30004,403
2021-03-12,Modoc,049,8938,345,340,117,457,3
2021-03-12,Mono,051,14174,1202,1206,16,1222,3
2021-03-12,Monterey,053,433212,42253,41964,1694,43658,329
2021-03-12,Napa,055,140530,9189,9180,30,9210,75
2021-03-12,Nevada,057,99092,4154,4101,164,4265,66
2021-03-12,Orange,059,3164182,249363,247388,10348,257736,4401
2021-03-12,Placer,061,380077,21094,20210,1162,21372,239
2021-03-12,Plumas,063,18699,654,641,10,651,4
2021-03-12,Riverside,065,2383286,287772,281037,13383,294420,3854
2021-03-12,Sacramento,067,1510023,96584,95061,1310,96371,1460
2021-03-12,San Benito,069,59416,5799,5817,89,5906,61
2021-03-12,San Bernardino,071,2135413,287694,283558,8562,292120,3917
2021-03-12,San Diego,073,3302833,267643,264886,13219,278105,3434
2021-03-12,San Francisco,075,870044,34708,34758,1117,35875,452
2021-03-12,San Joaquin,077,732212,68288,66482,2849,69331,1144
2021-03-12,San Luis Obispo,079,281455,20098,19769,582,20351,247
2021-03-12,San Mateo,081,765935,40109,39638,417,40055,341
2021-03-12,Santa Barbara,083,443738,32857,32457,1051,33508,429
2021-03-12,Santa Clara,085,1922200,112419,112396,608,113004,1766
2021-03-12,Santa Cruz,087,273765,15660,14846,778,15624,195
2021-03-12,Shasta,089,179085,11097,11143,1295,12438,153
2021-03-12,Sierra,091,2930,52,49,12,61,0
2021-03-12,Siskiyou,093,43540,1547,1468,243,1711,5
2021-03-12,Solano,095,438530,30327,30180,377,30557,171
2021-03-12,Sonoma,097,501317,28654,28714,229,28943,285
2021-03-12,Stanislaus,099,539301,51861,51146,5423,56569,701
2021-03-12,Sutter,101,95872,8956,8940,79,9019,101
2021-03-12,Tehama,103,63373,4681,4638,491,5129,33
2021-03-12,Trinity,105,12862,470,306,78,384,3
2021-03-12,Tulare,107,460477,48887,47772,8224,55996,798
2021-03-12,Tuolumne,109,53932,3881,3936,38,3974,57
2021-03-12,Ventura,111,848112,79055,78698,2788,81486,899
2021-03-12,Yolo,113,214977,13112,13061,156,13217,189
2021-03-12,Yuba,115,75493,5628,5563,87,5650,42
2021-03-11,Alameda,001,1643700,82332,81809,1715,83524,1164
2021-03-11,Alpine,003,1148,83,78,0,78,0
2021-03-11,Amador,005,37829,3504,3498,31,3529,42
2021-03-11,Butte,007,227075,11485,11110,1652,12762,185
2021-03-11,Calaveras,009,45235,1955,1915,11,1926,49
2021-03-11,Colusa,011,21464,1882,1883,270,2153,12
2021-03-11,Contra Costa,013,1133247,64474,63469,1088,64557,728
2021-03-11,Del Norte,015,27424,1075,1027,5,1032,6
2021-03-11,El Dorado,017,186661,9281,9211,609,9820,101
2021-03-11,Fresno,019,978130,98117,97026,7887,104913,1481
2021-03-11,Glenn,021,27897,2290,2255,500,2755,15
2021-03-11,Humboldt,023,135768,3337,3302,24,3326,32
2021-03-11,Imperial,025,180216,27382,27045,2486,29531,675
2021-03-11,Inyo,027,18085,1348,1335,9,1344,35
2021-03-11,Kern,029,883053,94494,93052,9970,103022,1121
2021-03-11,Kings,031,150075,22537,22183,982,23165,230
2021-03-11,Lake,033,64148,3271,3214,6,3220,42
2021-03-11,Lassen,035,31185,5132,5124,98,5222,1
2021-03-11,Los Angeles,037,10098052,1181350,1170111,38597,1208708,22316
2021-03-11,Madera,039,155013,15901,15725,853,16578,214
2021-03-11,Marin,041,260295,13455,13356,174,13530,217
2021-03-11,Mariposa,043,17540,379,376,5,381,5
2021-03-11,Mendocino,045,87422,3694,3604,74,3678,42
2021-03-11,Merced,047,269075,29100,29001,939,29940,401
2021-03-11,Modoc,049,8938,345,340,117,457,3
2021-03-11,Mono,051,14174,1201,1206,16,1222,3
2021-03-11,Monterey,053,433212,42230,41936,1688,43624,329
2021-03-11,Napa,055,140530,9176,9173,30,9203,75
2021-03-11,Nevada,057,99092,4142,4085,162,4247,66
2021-03-11,Orange,059,3164182,249225,247217,10331,257548,4373
2021-03-11,Placer,061,380077,21052,20178,1158,21336,239
2021-03-11,Plumas,063,18699,653,640,10,650,4
2021-03-11,Riverside,065,2383286,287601,280881,13370,294251,3842
2021-03-11,Sacramento,067,1510023,96443,94912,1307,96219,1455
2021-03-11,San Benito,069,59416,5796,5816,89,5905,61
2021-03-11,San Bernardino,071,2135413,287598,283312,8556,291868,3869
2021-03-11,San Diego,073,3302833,267478,264524,13203,277727,3422
2021-03-11,San Francisco,075,870044,34672,34722,1111,35833,452
2021-03-11,San Joaquin,077,732212,68176,66522,2841,69363,1157
2021-03-11,San Luis Obispo,079,281455,20073,19748,581,20329,247
2021-03-11,San Mateo,081,765935,40072,39590,416,40006,341
2021-03-11,Santa Barbara,083,443738,32829,32408,1046,33454,430
2021-03-11,Santa Clara,085,1922200,112290,112246,605,112851,1765
2021-03-11,Santa Cruz,087,273765,15648,14812,777,15589,193
2021-03-11,Shasta,089,179085,11087,11139,1290,12429,158
2021-03-11,Sierra,091,2930,52,48,12,60,0
2021-03-11,Siskiyou,093,43540,1544,1466,242,1708,5
2021-03-11,Solano,095,438530,30299,30138,376,30514,171
2021-03-11,Sonoma,097,501317,28625,28677,229,28906,285
2021-03-11,Stanislaus,099,539301,51776,51038,5415,56453,707
2021-03-11,Sutter,101,95872,8950,8933,79,9012,101
2021-03-11,Tehama,103,63373,4673,4632,491,5123,33
2021-03-11,Trinity,105,12862,469,304,77,381,3
2021-03-11,Tulare,107,460477,48850,47709,8213,55922,797
2021-03-11,Tuolumne,109,53932,3879,3934,38,3972,57
2021-03-11,Ventura,111,848112,79005,78697,2784,81481,889
2021-03-11,Yolo,113,214977,13094,13041,155,13196,190
2021-03-11,Yuba,115,75493,5624,5553,87,5640,42
2021-03-10,Alameda,001,1643700,82226,81701,1710,83411,1160
2021-03-10,Alpine,003,1148,82,78,0,78,0
2021-03-10,Amador,005,37829,3502,3496,31,3527,42
2021-03-10,Butte,007,227075,11475,11096,1652,12748,185
2021-03-10,Calaveras,009,45235,1949,1913,11,1924,48
2021-03-10,Colusa,011,21464,1882,1882,270,2152,12
2021-03-10,Contra Costa,013,1133247,64374,63372,1084,64456,725
2021-03-10,Del Norte,015,27424,1073,1020,5,1025,5
2021-03-10,El Dorado,017,186661,9268,9203,609,9812,100
2021-03-10,Fresno,019,978130,98010,96866,7871,104737,1471
2021-03-10,Glenn,021,27897,2287,2253,498,2751,15
2021-03-10,Humboldt,023,135768,3327,3296,23,3319,32
2021-03-10,Imperial,025,180216,27367,27051,2486,29537,675
2021-03-10,Inyo,027,18085,1348,1328,9,1337,35
2021-03-10,Kern,029,883053,94428,92965,9949,102914,1102
2021-03-10,Kings,031,150075,22518,22166,981,23147,226
2021-03-10,Lake,033,64148,3261,3207,6,3213,42
2021-03-10,Lassen,035,31185,5132,5120,98,5218,1
2021-03-10,Los Angeles,037,10098052,1180803,1169079,38572,1207651,22199
2021-03-10,Madera,039,155013,15880,15705,850,16555,212
2021-03-10,Marin,041,260295,13445,13348,173,13521,216
2021-03-10,Mariposa,043,17540,379,376,5,381,5
2021-03-10,Mendocino,045,87422,3689,3602,74,3676,42
2021-03-10,Merced,047,269075,29062,28927,936,29863,401
2021-03-10,Modoc,049,8938,344,338,117,455,3
2021-03-10,Mono,051,14174,1197,1204,16,1220,3
2021-03-10,Monterey,053,433212,42208,41920,1684,43604,329
2021-03-10,Napa,055,140530,9167,9165,30,9195,75
2021-03-10,Nevada,057,99092,4138,4074,162,4236,66
2021-03-10,Orange,059,3164182,249076,247075,10316,257391,4342
2021-03-10,Placer,061,380077,21018,20144,1152,21296,239
2021-03-10,Plumas,063,18699,652,639,10,649,4
2021-03-10,Riverside,065,2383286,287460,280708,13356,294064,3822
2021-03-10,Sacramento,067,1510023,96313,94796,1301,96097,1452
2021-03-10,San Benito,069,59416,5787,5811,89,5900,61
2021-03-10,San Bernardino,071,2135413,287505,283140,8550,291690,3841
2021-03-10,San Diego,073,3302833,267256,264094,13191,277285,3413
2021-03-10,San Francisco,075,870044,34637,34688,1103,35791,450
2021-03-10,San Joaquin,077,732212,68074,66483,2824,69307,1156
2021-03-10,San Luis Obispo,079,281455,20049,19710,577,20287,247
2021-03-10,San Mateo,081,765935,40048,39571,416,39987,338
2021-03-10,Santa Barbara,083,443738,32802,32356,1043,33399,429
2021-03-10,Santa Clara,085,1922200,112181,112103,601,112704,1759
2021-03-10,Santa Cruz,087,273765,15633,14790,776,15566,192
2021-03-10,Shasta,089,179085,11077,11125,1287,12412,155
2021-03-10,Sierra,091,2930,52,48,12,60,0
2021-03-10,Siskiyou,093,43540,1542,1458,242,1700,5
2021-03-10,Solano,095,438530,30269,30111,375,30486,170
2021-03-10,Sonoma,097,501317,28590,28638,228,28866,286
2021-03-10,Stanislaus,099,539301,51689,50968,5396,56364,706
2021-03-10,Sutter,101,95872,8939,8918,79,8997,101
2021-03-10,Tehama,103,63373,4662,4623,490,5113,33
2021-03-10,Trinity,105,12862,469,304,77,381,3
2021-03-10,Tulare,107,460477,48802,47659,8195,55854,793
2021-03-10,Tuolumne,109,53932,3878,3931,38,3969,57
2021-03-10,Ventura,111,848112,78928,78609,2782,81391,878
2021-03-10,Yolo,113,214977,13070,13021,155,13176,189
2021-03-10,Yuba,115,75493,5611,5545,86,5631,42
2021-03-09,Alameda,001,1643700,82139,81618,1710,83328,1151
2021-03-09,Alpine,003,1148,82,78,0,78,0
2021-03-09,Amador,005,37829,3500,3494,31,3525,42
2021-03-09,Butte,007,227075,11462,11092,1651,12743,185
2021-03-09,Calaveras,009,45235,1947,1913,11,1924,48
2021-03-09,Colusa,011,21464,1882,1880,270,2150,11
2021-03-09,Contra Costa,013,1133247,64284,63314,1082,64396,723
2021-03-09,Del Norte,015,27424,1065,1017,5,1022,5
2021-03-09,El Dorado,017,186661,9260,9198,609,9807,98
2021-03-09,Fresno,019,978130,97891,96744,7845,104589,1463
2021-03-09,Glenn,021,27897,2283,2251,496,2747,15
2021-03-09,Humboldt,023,135768,3315,3288,22,3310,32
2021-03-09,Imperial,025,180216,27357,27045,2482,29527,675
2021-03-09,Inyo,027,18085,1346,1324,9,1333,35
2021-03-09,Kern,029,883053,94349,92924,9931,102855,1088
2021-03-09,Kings,031,150075,22493,22143,979,23122,226
2021-03-09,Lake,033,64148,3255,3202,6,3208,42
2021-03-09,Lassen,035,31185,5132,5120,98,5218,1
2021-03-09,Los Angeles,037,10098052,1180206,1167967,38539,1206506,22080
2021-03-09,Madera,039,155013,15869,15701,848,16549,211
2021-03-09,Marin,041,260295,13427,13335,171,13506,214
2021-03-09,Mariposa,043,17540,379,376,5,381,5
2021-03-09,Mendocino,045,87422,3685,3595,74,3669,42
2021-03-09,Merced,047,269075,29002,28876,933,29809,399
2021-03-09,Modoc,049,8938,344,338,116,454,3
2021-03-09,Mono,051,14174,1196,1203,16,1219,3
2021-03-09,Monterey,053,433212,42189,41894,1676,43570,329
2021-03-09,Napa,055,140530,9153,9155,30,9185,75
2021-03-09,Nevada,057,99092,4130,4062,162,4224,66
2021-03-09,Orange,059,3164182,248934,246989,10297,257286,4310
2021-03-09,Placer,061,380077,20976,20122,1147,21269,239
2021-03-09,Plumas,063,18699,649,639,10,649,4
2021-03-09,Riverside,065,2383286,287327,280562,13352,293914,3821
2021-03-09,Sacramento,067,1510023,96146,94720,1295,96015,1442
2021-03-09,San Benito,069,59416,5783,5800,89,5889,61
2021-03-09,San Bernardino,071,2135413,287390,282971,8544,291515,3823
2021-03-09,San Diego,073,3302833,267024,263745,13170,276915,3405
2021-03-09,San Francisco,075,870044,34606,34654,1099,35753,450
2021-03-09,San Joaquin,077,732212,67947,66383,2814,69197,1150
2021-03-09,San Luis Obispo,079,281455,20032,19672,570,20242,245
2021-03-09,San Mateo,081,765935,40000,39535,414,39949,336
2021-03-09,Santa Barbara,083,443738,32761,32314,1041,33355,428
2021-03-09,Santa Clara,085,1922200,112070,111963,596,112559,1756
2021-03-09,Santa Cruz,087,273765,15611,14764,775,15539,188
2021-03-09,Shasta,089,179085,11070,11113,1282,12395,155
2021-03-09,Sierra,091,2930,52,48,12,60,0
2021-03-09,Siskiyou,093,43540,1538,1447,240,1687,5
2021-03-09,Solano,095,438530,30233,30090,373,30463,169
2021-03-09,Sonoma,097,501317,28540,28601,225,28826,284
2021-03-09,Stanislaus,099,539301,51591,50884,5387,56271,703
2021-03-09,Sutter,101,95872,8926,8914,79,8993,101
2021-03-09,Tehama,103,63373,4657,4620,490,5110,33
2021-03-09,Trinity,105,12862,469,304,77,381,3
2021-03-09,Tulare,107,460477,48775,47637,8176,55813,792
2021-03-09,Tuolumne,109,53932,3876,3929,38,3967,56
2021-03-09,Ventura,111,848112,78865,78526,2780,81306,863
2021-03-09,Yolo,113,214977,13058,13015,153,13168,189
2021-03-09,Yuba,115,75493,5604,5539,86,5625,42
2021-03-08,Alameda,001,1643700,82028,81543,1709,83252,1142
2021-03-08,Alpine,003,1148,82,78,0,78,0
2021-03-08,Amador,005,37829,3497,3490,31,3521,42
2021-03-08,Butte,007,227075,11449,11082,1650,12732,185
2021-03-08,Calaveras,009,45235,1943,1909,11,1920,48
2021-03-08,Colusa,011,21464,1882,1877,270,2147,11
2021-03-08,Contra Costa,013,1133247,64188,63240,1082,64322,719
2021-03-08,Del Norte,015,27424,1060,1012,5,1017,5
2021-03-08,El Dorado,017,186661,9257,9188,608,9796,97
2021-03-08,Fresno,019,978130,97793,96665,7824,104489,1442
2021-03-08,Glenn,021,27897,2282,2249,496,2745,15
2021-03-08,Humboldt,023,135768,3301,3278,22,3300,31
2021-03-08,Imperial,025,180216,27349,27033,2479,29512,663
2021-03-08,Inyo,027,18085,1344,1320,9,1329,35
2021-03-08,Kern,029,883053,94283,92857,9911,102768,1087
2021-03-08,Kings,031,150075,22472,22130,977,23107,226
2021-03-08,Lake,033,64148,3243,3195,6,3201,42
2021-03-08,Lassen,035,31185,5132,5119,98,5217,1
2021-03-08,Los Angeles,037,10098052,1179585,1163409,38508,1201917,21868
2021-03-08,Madera,039,155013,15859,15691,846,16537,211
2021-03-08,Marin,041,260295,13407,13328,169,13497,214
2021-03-08,Mariposa,043,17540,379,376,5,381,5
2021-03-08,Mendocino,045,87422,3683,3590,73,3663,42
2021-03-08,Merced,047,269075,28942,28841,932,29773,398
2021-03-08,Modoc,049,8938,344,338,116,454,3
2021-03-08,Mono,051,14174,1195,1200,16,1216,3
2021-03-08,Monterey,053,433212,42168,41863,1675,43538,328
2021-03-08,Napa,055,140530,9150,9146,30,9176,75
2021-03-08,Nevada,057,99092,4122,4059,162,4221,66
2021-03-08,Orange,059,3164182,248761,246900,10266,257166,4243
2021-03-08,Placer,061,380077,20941,20102,1136,21238,239
2021-03-08,Plumas,063,18699,648,635,10,645,4
2021-03-08,Riverside,065,2383286,287175,280463,13342,293805,3783
2021-03-08,Sacramento,067,1510023,95977,94654,1290,95944,1438
2021-03-08,San Benito,069,59416,5780,5797,89,5886,61
2021-03-08,San Bernardino,071,2135413,287279,282894,8537,291431,3811
2021-03-08,San Diego,073,3302833,266783,263272,13155,276427,3390
2021-03-08,San Francisco,075,870044,34580,34634,1095,35729,446
2021-03-08,San Joaquin,077,732212,67831,66307,2805,69112,1139
2021-03-08,San Luis Obispo,079,281455,19989,19656,567,20223,245
2021-03-08,San Mateo,081,765935,39951,39492,412,39904,335
2021-03-08,Santa Barbara,083,443738,32729,32293,1041,33334,427
2021-03-08,Santa Clara,085,1922200,111942,111882,594,112476,1756
2021-03-08,Santa Cruz,087,273765,15591,14729,775,15504,188
2021-03-08,Shasta,089,179085,11062,11088,1277,12365,155
2021-03-08,Sierra,091,2930,52,48,12,60,0
2021-03-08,Siskiyou,093,43540,1537,1440,240,1680,5
2021-03-08,Solano,095,438530,30193,30068,371,30439,169
2021-03-08,Sonoma,097,501317,28496,28571,224,28795,284
2021-03-08,Stanislaus,099,539301,51512,50825,5382,56207,690
2021-03-08,Sutter,101,95872,8923,8905,79,8984,100
2021-03-08,Tehama,103,63373,4653,4615,490,5105,33
2021-03-08,Trinity,105,12862,468,302,77,379,3
2021-03-08,Tulare,107,460477,48734,47587,8151,55738,791
2021-03-08,Tuolumne,109,53932,3875,3921,38,3959,56
2021-03-08,Ventura,111,848112,78792,78526,2772,81298,852
2021-03-08,Yolo,113,214977,13035,13000,153,13153,189
2021-03-08,Yuba,115,75493,5594,5530,86,5616,42
2021-03-07,Alameda,001,1643700,81908,81413,1708,83121,1145
2021-03-07,Alpine,003,1148,82,78,0,78,0
2021-03-07,Amador,005,37829,3494,3489,31,3520,42
2021-03-07,Butte,007,227075,11433,11075,1649,12724,185
2021-03-07,Calaveras,009,45235,1939,1906,11,1917,48
2021-03-07,Colusa,011,21464,1882,1876,270,2146,11
2021-03-07,Contra Costa,013,1133247,64089,63148,1080,64228,719
2021-03-07,Del Norte,015,27424,1055,1010,5,1015,5
2021-03-07,El Dorado,017,186661,9254,9184,607,9791,97
2021-03-07,Fresno,019,978130,97615,96549,7802,104351,1442
2021-03-07,Glenn,021,27897,2280,2244,496,2740,15
2021-03-07,Humboldt,023,135768,3291,3274,22,3296,31
2021-03-07,Imperial,025,180216,27340,27019,2477,29496,658
2021-03-07,Inyo,027,18085,1341,1320,9,1329,35
2021-03-07,Kern,029,883053,94196,92746,9881,102627,1086
2021-03-07,Kings,031,150075,22450,22103,977,23080,224
2021-03-07,Lake,033,64148,3237,3192,6,3198,42
2021-03-07,Lassen,035,31185,5131,5119,98,5217,1
2021-03-07,Los Angeles,037,10098052,1178858,1162749,38474,1201223,21857
2021-03-07,Madera,039,155013,15840,15675,846,16521,211
2021-03-07,Marin,041,260295,13399,13313,167,13480,214
2021-03-07,Mariposa,043,17540,378,376,5,381,5
2021-03-07,Mendocino,045,87422,3679,3581,73,3654,42
2021-03-07,Merced,047,269075,28868,28829,928,29757,399
2021-03-07,Modoc,049,8938,344,338,116,454,3
2021-03-07,Mono,051,14174,1193,1199,16,1215,3
2021-03-07,Monterey,053,433212,42147,41858,1672,43530,328
2021-03-07,Napa,055,140530,9140,9137,30,9167,75
2021-03-07,Nevada,057,99092,4108,4052,161,4213,66
2021-03-07,Orange,059,3164182,248569,246771,10239,257010,4218
2021-03-07,Placer,061,380077,20900,20070,1132,21202,239
2021-03-07,Plumas,063,18699,647,635,10,645,4
2021-03-07,Riverside,065,2383286,287027,280379,13333,293712,3779
2021-03-07,Sacramento,067,1510023,95800,94513,1284,95797,1437
2021-03-07,San Benito,069,59416,5773,5795,89,5884,61
2021-03-07,San Bernardino,071,2135413,287128,282860,8532,291392,3810
2021-03-07,San Diego,073,3302833,266501,262965,13131,276096,3390
2021-03-07,San Francisco,075,870044,34546,34594,1090,35684,445
2021-03-07,San Joaquin,077,732212,67695,66252,2792,69044,1139
2021-03-07,San Luis Obispo,079,281455,19952,19614,565,20179,245
2021-03-07,San Mateo,081,765935,39911,39436,409,39845,329
2021-03-07,Santa Barbara,083,443738,32683,32218,1040,33258,425
2021-03-07,Santa Clara,085,1922200,111797,111745,590,112335,1752
2021-03-07,Santa Cruz,087,273765,15569,14715,774,15489,189
2021-03-07,Shasta,089,179085,11049,11083,1269,12352,156
2021-03-07,Sierra,091,2930,51,48,12,60,0
2021-03-07,Siskiyou,093,43540,1536,1435,236,1671,5
2021-03-07,Solano,095,438530,30156,30027,371,30398,169
2021-03-07,Sonoma,097,501317,28447,28533,222,28755,284
2021-03-07,Stanislaus,099,539301,51380,50783,5366,56149,699
2021-03-07,Sutter,101,95872,8913,8900,79,8979,100
2021-03-07,Tehama,103,63373,4646,4614,489,5103,33
2021-03-07,Trinity,105,12862,468,302,77,379,3
2021-03-07,Tulare,107,460477,48675,47569,8120,55689,790
2021-03-07,Tuolumne,109,53932,3874,3922,37,3959,56
2021-03-07,Ventura,111,848112,78700,78487,2770,81257,851
2021-03-07,Yolo,113,214977,13016,12988,153,13141,189
2021-03-07,Yuba,115,75493,5589,5516,86,5602,42
2021-03-06,Alameda,001,1643700,81851,81310,1707,83017,1143
2021-03-06,Alpine,003,1148,82,78,0,78,0
2021-03-06,Amador,005,37829,3490,3487,31,3518,42
2021-03-06,Butte,007,227075,11428,11065,1648,12713,185
2021-03-06,Calaveras,009,45235,1935,1904,11,1915,48
2021-03-06,Colusa,011,21464,1880,1874,270,2144,11
2021-03-06,Contra Costa,013,1133247,64027,63040,1076,64116,719
2021-03-06,Del Norte,015,27424,1050,1000,5,1005,5
2021-03-06,El Dorado,017,186661,9250,9166,607,9773,97
2021-03-06,Fresno,019,978130,97520,96366,7791,104157,1440
2021-03-06,Glenn,021,27897,2280,2241,496,2737,15
2021-03-06,Humboldt,023,135768,3281,3260,22,3282,31
2021-03-06,Imperial,025,180216,27335,27009,2472,29481,658
2021-03-06,Inyo,027,18085,1338,1312,9,1321,35
2021-03-06,Kern,029,883053,94150,92684,9861,102545,1082
2021-03-06,Kings,031,150075,22435,22094,977,23071,224
2021-03-06,Lake,033,64148,3235,3189,6,3195,42
2021-03-06,Lassen,035,31185,5131,5119,98,5217,1
2021-03-06,Los Angeles,037,10098052,1178418,1161745,38446,1200191,21843
2021-03-06,Madera,039,155013,15831,15646,845,16491,211
2021-03-06,Marin,041,260295,13390,13289,167,13456,213
2021-03-06,Mariposa,043,17540,378,376,5,381,5
2021-03-06,Mendocino,045,87422,3677,3579,73,3652,42
2021-03-06,Merced,047,269075,28825,28771,928,29699,399
2021-03-06,Modoc,049,8938,343,338,116,454,3
2021-03-06,Mono,051,14174,1192,1198,16,1214,3
2021-03-06,Monterey,053,433212,42142,41838,1669,43507,327
2021-03-06,Napa,055,140530,9132,9129,30,9159,75
2021-03-06,Nevada,057,99092,4102,4044,161,4205,66
2021-03-06,Orange,059,3164182,248478,246634,10225,256859,4165
2021-03-06,Placer,061,380077,20877,20030,1130,21160,239
2021-03-06,Plumas,063,18699,647,634,10,644,4
2021-03-06,Riverside,065,2383286,286933,280225,13325,293550,3781
2021-03-06,Sacramento,067,1510023,95712,94332,1275,95607,1436
2021-03-06,San Benito,069,59416,5768,5793,89,5882,61
2021-03-06,San Bernardino,071,2135413,287044,282737,8530,291267,3791
2021-03-06,San Diego,073,3302833,266314,262778,13114,275892,3385
2021-03-06,San Francisco,075,870044,34514,34560,1086,35646,435
2021-03-06,San Joaquin,077,732212,67621,66162,2782,68944,1138
2021-03-06,San Luis Obispo,079,281455,19932,19592,563,20155,245
2021-03-06,San Mateo,081,765935,39886,39384,409,39793,329
2021-03-06,Santa Barbara,083,443738,32653,32176,1040,33216,424
2021-03-06,Santa Clara,085,1922200,111702,111570,587,112157,1749
2021-03-06,Santa Cruz,087,273765,15558,14701,774,15475,188
2021-03-06,Shasta,089,179085,11040,11076,1267,12343,158
2021-03-06,Sierra,091,2930,51,48,12,60,0
2021-03-06,Siskiyou,093,43540,1534,1432,236,1668,5
2021-03-06,Solano,095,438530,30127,30000,370,30370,169
2021-03-06,Sonoma,097,501317,28424,28484,220,28704,284
2021-03-06,Stanislaus,099,539301,51310,50691,5360,56051,711
2021-03-06,Sutter,101,95872,8907,8887,79,8966,100
2021-03-06,Tehama,103,63373,4644,4610,486,5096,33
2021-03-06,Trinity,105,12862,468,302,77,379,3
2021-03-06,Tulare,107,460477,48643,47515,8092,55607,789
2021-03-06,Tuolumne,109,53932,3872,3920,37,3957,56
2021-03-06,Ventura,111,848112,78644,78439,2769,81208,848
2021-03-06,Yolo,113,214977,13010,12951,152,13103,189
2021-03-06,Yuba,115,75493,5580,5504,86,5590,42
2021-03-05,Alameda,001,1643700,81765,81215,1706,82921,1141
2021-03-05,Alpine,003,1148,82,78,0,78,0
2021-03-05,Amador,005,37829,3489,3484,31,3515,42
2021-03-05,Butte,007,227075,11417,11050,1647,12697,185
2021-03-05,Calaveras,009,45235,1932,1902,11,1913,48
2021-03-05,Colusa,011,21464,1880,1874,270,2144,11
2021-03-05,Contra Costa,013,1133247,63947,62886,1073,63959,711
2021-03-05,Del Norte,015,27424,1046,995,5,1000,5
2021-03-05,El Dorado,017,186661,9245,9150,606,9756,97
2021-03-05,Fresno,019,978130,97412,96184,7772,103956,1432
2021-03-05,Glenn,021,27897,2277,2241,495,2736,15
2021-03-05,Humboldt,023,135768,3274,3234,22,3256,31
2021-03-05,Imperial,025,180216,27325,26970,2463,29433,651
2021-03-05,Inyo,027,18085,1334,1309,9,1318,35
2021-03-05,Kern,029,883053,94109,92601,9848,102449,1076
2021-03-05,Kings,031,150075,22417,22063,976,23039,224
2021-03-05,Lake,033,64148,3233,3185,6,3191,42
2021-03-05,Lassen,035,31185,5131,5117,96,5213,1
2021-03-05,Los Angeles,037,10098052,1177927,1160688,38417,1199105,21745
2021-03-05,Madera,039,155013,15821,15624,843,16467,211
2021-03-05,Marin,041,260295,13378,13275,166,13441,215
2021-03-05,Mariposa,043,17540,378,375,5,380,4
2021-03-05,Mendocino,045,87422,3674,3577,73,3650,42
2021-03-05,Merced,047,269075,28792,28734,927,29661,399
2021-03-05,Modoc,049,8938,343,337,116,453,3
2021-03-05,Mono,051,14174,1191,1197,16,1213,3
2021-03-05,Monterey,053,433212,42129,41802,1669,43471,325
2021-03-05,Napa,055,140530,9124,9109,30,9139,75
2021-03-05,Nevada,057,99092,4099,4033,161,4194,66
2021-03-05,Orange,059,3164182,248365,246489,10212,256701,4108
2021-03-05,Placer,061,380077,20851,19973,1126,21099,239
2021-03-05,Plumas,063,18699,647,635,10,645,4
2021-03-05,Riverside,065,2383286,286822,280075,13320,293395,3781
2021-03-05,Sacramento,067,1510023,95616,94182,1268,95450,1430
2021-03-05,San Benito,069,59416,5765,5790,89,5879,61
2021-03-05,San Bernardino,071,2135413,286951,282640,8526,291166,3774
2021-03-05,San Diego,073,3302833,266081,262357,13097,275454,3371
2021-03-05,San Francisco,075,870044,34474,34526,1082,35608,430
2021-03-05,San Joaquin,077,732212,67541,66041,2773,68814,1133
2021-03-05,San Luis Obispo,079,281455,19911,19557,561,20118,244
2021-03-05,San Mateo,081,765935,39854,39305,409,39714,326
2021-03-05,Santa Barbara,083,443738,32616,32139,1035,33174,424
2021-03-05,Santa Clara,085,1922200,111607,111384,587,111971,1745
2021-03-05,Santa Cruz,087,273765,15547,14694,774,15468,188
2021-03-05,Shasta,089,179085,11028,11062,1261,12323,148
2021-03-05,Sierra,091,2930,51,48,12,60,0
2021-03-05,Siskiyou,093,43540,1529,1429,235,1664,5
2021-03-05,Solano,095,438530,30110,29951,368,30319,168
2021-03-05,Sonoma,097,501317,28398,28417,220,28637,279
2021-03-05,Stanislaus,099,539301,51259,50606,5350,55956,721
2021-03-05,Sutter,101,95872,8900,8876,79,8955,100
2021-03-05,Tehama,103,63373,4635,4606,486,5092,33
2021-03-05,Trinity,105,12862,468,302,77,379,3
2021-03-05,Tulare,107,460477,48614,47469,8073,55542,789
2021-03-05,Tuolumne,109,53932,3870,3917,37,3954,56
2021-03-05,Ventura,111,848112,78577,78368,2768,81136,839
2021-03-05,Yolo,113,214977,12998,12920,151,13071,188
2021-03-05,Yuba,115,75493,5568,5496,86,5582,42
2021-03-04,Alameda,001,1643700,81656,81115,1705,82820,1136
2021-03-04,Alpine,003,1148,82,78,0,78,0
2021-03-04,Amador,005,37829,3488,3480,31,3511,42
2021-03-04,Butte,007,227075,11410,11033,1646,12679,185
2021-03-04,Calaveras,009,45235,1931,1896,11,1907,48
2021-03-04,Colusa,011,21464,1878,1873,265,2138,11
2021-03-04,Contra Costa,013,1133247,63847,62789,1071,63860,708
2021-03-04,Del Norte,015,27424,1038,989,5,994,5
2021-03-04,El Dorado,017,186661,9230,9133,606,9739,97
2021-03-04,Fresno,019,978130,97248,96023,7753,103776,1422
2021-03-04,Glenn,021,27897,2270,2236,494,2730,15
2021-03-04,Humboldt,023,135768,3260,3212,22,3234,31
2021-03-04,Imperial,025,180216,27312,26946,2460,29406,646
2021-03-04,Inyo,027,18085,1331,1300,9,1309,35
2021-03-04,Kern,029,883053,94020,92525,9829,102354,1070
2021-03-04,Kings,031,150075,22391,22025,973,22998,224
2021-03-04,Lake,033,64148,3225,3181,6,3187,42
2021-03-04,Lassen,035,31185,5131,5116,96,5212,1
2021-03-04,Los Angeles,037,10098052,1177315,1159405,38367,1197772,21610
2021-03-04,Madera,039,155013,15786,15596,840,16436,208
2021-03-04,Marin,041,260295,13362,13240,163,13403,215
2021-03-04,Mariposa,043,17540,378,376,5,381,4
2021-03-04,Mendocino,045,87422,3671,3569,73,3642,42
2021-03-04,Merced,047,269075,28741,28671,925,29596,396
2021-03-04,Modoc,049,8938,342,336,116,452,3
2021-03-04,Mono,051,14174,1191,1197,16,1213,3
2021-03-04,Monterey,053,433212,42109,41771,1667,43438,325
2021-03-04,Napa,055,140530,9116,9094,30,9124,74
2021-03-04,Nevada,057,99092,4089,4020,161,4181,66
2021-03-04,Orange,059,3164182,248208,246354,10195,256549,4096
2021-03-04,Placer,061,380077,20819,19900,1120,21020,239
2021-03-04,Plumas,063,18699,647,634,10,644,4
2021-03-04,Riverside,065,2383286,286692,279871,13307,293178,3766
2021-03-04,Sacramento,067,1510023,95481,93982,1265,95247,1426
2021-03-04,San Benito,069,59416,5765,5781,89,5870,61
2021-03-04,San Bernardino,071,2135413,286820,282407,8522,290929,3757
2021-03-04,San Diego,073,3302833,265820,261858,13053,274911,3359
2021-03-04,San Francisco,075,870044,34439,34480,1079,35559,426
2021-03-04,San Joaquin,077,732212,67447,65931,2764,68695,1129
2021-03-04,San Luis Obispo,079,281455,19874,19520,559,20079,243
2021-03-04,San Mateo,081,765935,39810,39225,408,39633,322
2021-03-04,Santa Barbara,083,443738,32579,32090,1034,33124,423
2021-03-04,Santa Clara,085,1922200,111473,111194,585,111779,1723
2021-03-04,Santa Cruz,087,273765,15528,14669,774,15443,186
2021-03-04,Shasta,089,179085,11025,11050,1252,12302,150
2021-03-04,Sierra,091,2930,51,48,12,60,0
2021-03-04,Siskiyou,093,43540,1522,1427,235,1662,5
2021-03-04,Solano,095,438530,30083,29905,367,30272,168
2021-03-04,Sonoma,097,501317,28343,28379,219,28598,279
2021-03-04,Stanislaus,099,539301,51172,50521,5342,55863,731
2021-03-04,Sutter,101,95872,8888,8849,79,8928,100
2021-03-04,Tehama,103,63373,4627,4604,486,5090,33
2021-03-04,Trinity,105,12862,468,302,77,379,3
2021-03-04,Tulare,107,460477,48568,47398,8048,55446,784
2021-03-04,Tuolumne,109,53932,3864,3916,37,3953,56
2021-03-04,Ventura,111,848112,78487,78184,2765,80949,831
2021-03-04,Yolo,113,214977,12978,12895,151,13046,189
2021-03-04,Yuba,115,75493,5556,5483,86,5569,41
2021-03-03,Alameda,001,1643700,81536,80972,1704,82676,1127
2021-03-03,Alpine,003,1148,82,77,0,77,0
2021-03-03,Amador,005,37829,3486,3478,30,3508,42
2021-03-03,Butte,007,227075,11402,11014,1645,12659,184
2021-03-03,Calaveras,009,45235,1930,1893,11,1904,48
2021-03-03,Colusa,011,21464,1877,1873,265,2138,11
2021-03-03,Contra Costa,013,1133247,63749,62668,1068,63736,708
2021-03-03,Del Norte,015,27424,1035,988,5,993,5
2021-03-03,El Dorado,017,186661,9220,9121,606,9727,97
2021-03-03,Fresno,019,978130,97104,95893,7736,103629,1415
2021-03-03,Glenn,021,27897,2270,2233,494,2727,15
2021-03-03,Humboldt,023,135768,3249,3196,22,3218,30
2021-03-03,Imperial,025,180216,27296,26939,2456,29395,640
2021-03-03,Inyo,027,18085,1323,1294,9,1303,35
2021-03-03,Kern,029,883053,93944,92434,9812,102246,1063
2021-03-03,Kings,031,150075,22375,22009,972,22981,223
2021-03-03,Lake,033,64148,3218,3175,6,3181,40
2021-03-03,Lassen,035,31185,5131,5115,96,5211,1
2021-03-03,Los Angeles,037,10098052,1176676,1157911,38328,1196239,21500
2021-03-03,Madera,039,155013,15767,15553,834,16387,203
2021-03-03,Marin,041,260295,13348,13216,163,13379,214
2021-03-03,Mariposa,043,17540,377,376,5,381,4
2021-03-03,Mendocino,045,87422,3663,3564,73,3637,42
2021-03-03,Merced,047,269075,28689,28625,925,29550,393
2021-03-03,Modoc,049,8938,342,333,115,448,3
2021-03-03,Mono,051,14174,1191,1191,16,1207,3
2021-03-03,Monterey,053,433212,42077,41731,1664,43395,325
2021-03-03,Napa,055,140530,9108,9090,30,9120,72
2021-03-03,Nevada,057,99092,4079,4009,161,4170,66
2021-03-03,Orange,059,3164182,248063,246120,10181,256301,4072
2021-03-03,Placer,061,380077,20793,19851,1117,20968,239
2021-03-03,Plumas,063,18699,646,631,10,641,4
2021-03-03,Riverside,065,2383286,286559,279626,13301,292927,3735
2021-03-03,Sacramento,067,1510023,95320,93819,1257,95076,1419
2021-03-03,San Benito,069,59416,5764,5774,89,5863,61
2021-03-03,San Bernardino,071,2135413,286679,282138,8516,290654,3664
2021-03-03,San Diego,073,3302833,265556,261350,13022,274372,3342
2021-03-03,San Francisco,075,870044,34407,34443,1076,35519,426
2021-03-03,San Joaquin,077,732212,67334,65855,2757,68612,1115
2021-03-03,San Luis Obispo,079,281455,19848,19479,556,20035,241
2021-03-03,San Mateo,081,765935,39764,39189,407,39596,319
2021-03-03,Santa Barbara,083,443738,32541,32027,1034,33061,421
2021-03-03,Santa Clara,085,1922200,111319,110991,583,111574,1720
2021-03-03,Santa Cruz,087,273765,15517,14645,774,15419,185
2021-03-03,Shasta,089,179085,11015,11023,1245,12268,150
2021-03-03,Sierra,091,2930,51,48,12,60,0
2021-03-03,Siskiyou,093,43540,1520,1424,235,1659,5
2021-03-03,Solano,095,438530,30047,29866,366,30232,167
2021-03-03,Sonoma,097,501317,28304,28307,218,28525,279
2021-03-03,Stanislaus,099,539301,51094,50438,5335,55773,730
2021-03-03,Sutter,101,95872,8880,8840,79,8919,99
2021-03-03,Tehama,103,63373,4625,4601,486,5087,32
2021-03-03,Trinity,105,12862,468,302,77,379,3
2021-03-03,Tulare,107,460477,48517,47348,8019,55367,778
2021-03-03,Tuolumne,109,53932,3862,3914,36,3950,56
2021-03-03,Ventura,111,848112,78403,78057,2760,80817,822
2021-03-03,Yolo,113,214977,12965,12890,151,13041,189
2021-03-03,Yuba,115,75493,5543,5479,86,5565,41
2021-03-02,Alameda,001,1643700,81414,80904,1702,82606,1116
2021-03-02,Alpine,003,1148,82,77,0,77,0
2021-03-02,Amador,005,37829,3484,3474,30,3504,42
2021-03-02,Butte,007,227075,11392,11007,1642,12649,182
2021-03-02,Calaveras,009,45235,1922,1890,11,1901,48
2021-03-02,Colusa,011,21464,1877,1872,264,2136,11
2021-03-02,Contra Costa,013,1133247,63638,62557,1064,63621,694
2021-03-02,Del Norte,015,27424,1028,983,5,988,5
2021-03-02,El Dorado,017,186661,9212,9116,606,9722,98
2021-03-02,Fresno,019,978130,96958,95785,7710,103495,1410
2021-03-02,Glenn,021,27897,2264,2232,493,2725,15
2021-03-02,Humboldt,023,135768,3230,3184,22,3206,30
2021-03-02,Imperial,025,180216,27286,26926,2454,29380,637
2021-03-02,Inyo,027,18085,1319,1292,9,1301,35
2021-03-02,Kern,029,883053,93838,92313,9785,102098,1046
2021-03-02,Kings,031,150075,22323,21999,969,22968,217
2021-03-02,Lake,033,64148,3212,3169,6,3175,40
2021-03-02,Lassen,035,31185,5126,5115,95,5210,1
2021-03-02,Los Angeles,037,10098052,1176039,1156826,38283,1195109,21395
2021-03-02,Madera,039,155013,15747,15523,831,16354,194
2021-03-02,Marin,041,260295,13325,13186,162,13348,214
2021-03-02,Mariposa,043,17540,377,376,5,381,4
2021-03-02,Mendocino,045,87422,3660,3562,72,3634,41
2021-03-02,Merced,047,269075,28632,28598,925,29523,389
2021-03-02,Modoc,049,8938,342,332,115,447,3
2021-03-02,Mono,051,14174,1190,1191,16,1207,3
2021-03-02,Monterey,053,433212,42050,41716,1664,43380,325
2021-03-02,Napa,055,140530,9097,9080,30,9110,71
2021-03-02,Nevada,057,99092,4070,3983,160,4143,66
2021-03-02,Orange,059,3164182,247918,246004,10163,256167,4037
2021-03-02,Placer,061,380077,20740,19828,1114,20942,239
2021-03-02,Plumas,063,18699,643,628,10,638,4
2021-03-02,Riverside,065,2383286,286387,279486,13293,292779,3721
2021-03-02,Sacramento,067,1510023,95153,93690,1256,94946,1411
2021-03-02,San Benito,069,59416,5757,5770,89,5859,60
2021-03-02,San Bernardino,071,2135413,286545,281919,8510,290429,3604
2021-03-02,San Diego,073,3302833,265312,260998,13000,273998,3317
2021-03-02,San Francisco,075,870044,34367,34387,1072,35459,424
2021-03-02,San Joaquin,077,732212,67226,65769,2740,68509,1111
2021-03-02,San Luis Obispo,079,281455,19816,19452,556,20008,241
2021-03-02,San Mateo,081,765935,39712,39148,406,39554,317
2021-03-02,Santa Barbara,083,443738,32492,31964,1030,32994,416
2021-03-02,Santa Clara,085,1922200,111140,110832,582,111414,1706
2021-03-02,Santa Cruz,087,273765,15503,14611,772,15383,185
2021-03-02,Shasta,089,179085,11001,11012,1234,12246,149
2021-03-02,Sierra,091,2930,51,48,12,60,0
2021-03-02,Siskiyou,093,43540,1516,1412,233,1645,5
2021-03-02,Solano,095,438530,30014,29827,364,30191,167
2021-03-02,Sonoma,097,501317,28249,28261,218,28479,279
2021-03-02,Stanislaus,099,539301,51007,50359,5323,55682,724
2021-03-02,Sutter,101,95872,8871,8832,79,8911,99
2021-03-02,Tehama,103,63373,4621,4597,485,5082,32
2021-03-02,Trinity,105,12862,468,301,77,378,3
2021-03-02,Tulare,107,460477,48454,47326,7999,55325,783
2021-03-02,Tuolumne,109,53932,3858,3908,36,3944,53
2021-03-02,Ventura,111,848112,78310,77952,2756,80708,780
2021-03-02,Yolo,113,214977,12949,12867,151,13018,189
2021-03-02,Yuba,115,75493,5535,5475,86,5561,41
2021-03-01,Alameda,001,1643700,81287,80805,1700,82505,1105
2021-03-01,Alpine,003,1148,80,77,0,77,0
2021-03-01,Amador,005,37829,3481,3469,30,3499,42
2021-03-01,Butte,007,227075,11377,10981,1638,12619,180
2021-03-01,Calaveras,009,45235,1917,1885,11,1896,46
2021-03-01,Colusa,011,21464,1876,1871,264,2135,11
2021-03-01,Contra Costa,013,1133247,63530,62458,1063,63521,694
2021-03-01,Del Norte,015,27424,1023,982,5,987,5
2021-03-01,El Dorado,017,186661,9188,9085,606,9691,98
2021-03-01,Fresno,019,978130,96820,95677,7687,103364,1405
2021-03-01,Glenn,021,27897,2259,2232,492,2724,15
2021-03-01,Humboldt,023,135768,3211,3179,22,3201,30
2021-03-01,Imperial,025,180216,27276,26913,2446,29359,636
2021-03-01,Inyo,027,18085,1316,1285,9,1294,35
2021-03-01,Kern,029,883053,93749,92219,9759,101978,1041
2021-03-01,Kings,031,150075,22306,21988,963,22951,217
2021-03-01,Lake,033,64148,3207,3164,6,3170,40
2021-03-01,Lassen,035,31185,5124,5111,95,5206,1
2021-03-01,Los Angeles,037,10098052,1175379,1155984,38243,1194227,21293
2021-03-01,Madera,039,155013,15718,15505,821,16326,194
2021-03-01,Marin,041,260295,13297,13161,161,13322,214
2021-03-01,Mariposa,043,17540,377,375,5,380,4
2021-03-01,Mendocino,045,87422,3653,3561,72,3633,41
2021-03-01,Merced,047,269075,28587,28575,921,29496,385
2021-03-01,Modoc,049,8938,339,331,114,445,3
2021-03-01,Mono,051,14174,1189,1192,16,1208,3
2021-03-01,Monterey,053,433212,42025,41697,1662,43359,324
2021-03-01,Napa,055,140530,9089,9056,30,9086,70
2021-03-01,Nevada,057,99092,4051,3979,160,4139,66
2021-03-01,Orange,059,3164182,247725,245852,10149,256001,3976
2021-03-01,Placer,061,380077,20701,19803,1111,20914,239
2021-03-01,Plumas,063,18699,643,628,10,638,4
2021-03-01,Riverside,065,2383286,286168,279323,13286,292609,3680
2021-03-01,Sacramento,067,1510023,95008,93546,1254,94800,1401
2021-03-01,San Benito,069,59416,5752,5772,89,5861,57
2021-03-01,San Bernardino,071,2135413,286401,281685,8506,290191,3603
2021-03-01,San Diego,073,3302833,264995,260622,12967,273589,3303
2021-03-01,San Francisco,075,870044,34323,34318,1064,35382,424
2021-03-01,San Joaquin,077,732212,67117,65699,2730,68429,1097
2021-03-01,San Luis Obispo,079,281455,19794,19429,554,19983,239
2021-03-01,San Mateo,081,765935,39660,39096,406,39502,314
2021-03-01,Santa Barbara,083,443738,32449,31909,1029,32938,413
2021-03-01,Santa Clara,085,1922200,110981,110684,579,111263,1704
2021-03-01,Santa Cruz,087,273765,15484,14575,771,15346,185
2021-03-01,Shasta,089,179085,10989,10990,1231,12221,149
2021-03-01,Sierra,091,2930,51,48,12,60,0
2021-03-01,Siskiyou,093,43540,1512,1408,231,1639,5
2021-03-01,Solano,095,438530,29971,29779,363,30142,166
2021-03-01,Sonoma,097,501317,28201,28222,216,28438,278
2021-03-01,Stanislaus,099,539301,50933,50293,5317,55610,722
2021-03-01,Sutter,101,95872,8860,8825,79,8904,99
2021-03-01,Tehama,103,63373,4615,4595,485,5080,32
2021-03-01,Trinity,105,12862,468,298,76,374,3
2021-03-01,Tulare,107,460477,48416,47275,7965,55240,781
2021-03-01,Tuolumne,109,53932,3855,3907,36,3943,53
2021-03-01,Ventura,111,848112,78229,77849,2755,80604,775
2021-03-01,Yolo,113,214977,12932,12854,149,13003,188
2021-03-01,Yuba,115,75493,5523,5466,86,5552,41
2021-02-28,Alameda,001,1643700,81166,80727,1698,82425,1105
2021-02-28,Alpine,003,1148,80,77,0,77,0
2021-02-28,Amador,005,37829,3476,3466,29,3495,42
2021-02-28,Butte,007,227075,11362,10970,1637,12607,180
2021-02-28,Calaveras,009,45235,1913,1881,11,1892,46
2021-02-28,Colusa,011,21464,1876,1871,263,2134,11
2021-02-28,Contra Costa,013,1133247,63403,62386,1058,63444,694
2021-02-28,Del Norte,015,27424,1021,981,5,986,5
2021-02-28,El Dorado,017,186661,9177,9082,606,9688,98
2021-02-28,Fresno,019,978130,96638,95548,7653,103201,1405
2021-02-28,Glenn,021,27897,2257,2230,490,2720,15
2021-02-28,Humboldt,023,135768,3188,3179,22,3201,30
2021-02-28,Imperial,025,180216,27250,26909,2442,29351,636
2021-02-28,Inyo,027,18085,1311,1282,9,1291,35
2021-02-28,Kern,029,883053,93633,92169,9739,101908,1012
2021-02-28,Kings,031,150075,22285,21967,962,22929,217
2021-02-28,Lake,033,64148,3202,3164,6,3170,40
2021-02-28,Lassen,035,31185,5123,5106,95,5201,1
2021-02-28,Los Angeles,037,10098052,1174591,1155141,38181,1193322,21261
2021-02-28,Madera,039,155013,15676,15496,818,16314,199
2021-02-28,Marin,041,260295,13274,13152,159,13311,214
2021-02-28,Mariposa,043,17540,377,374,5,379,4
2021-02-28,Mendocino,045,87422,3647,3558,72,3630,41
2021-02-28,Merced,047,269075,28524,28546,920,29466,384
2021-02-28,Modoc,049,8938,339,331,114,445,3
2021-02-28,Mono,051,14174,1186,1192,16,1208,3
2021-02-28,Monterey,053,433212,41993,41683,1660,43343,323
2021-02-28,Napa,055,140530,9070,9053,30,9083,70
2021-02-28,Nevada,057,99092,4038,3972,160,4132,66
2021-02-28,Orange,059,3164182,247528,245706,10142,255848,3970
2021-02-28,Placer,061,380077,20655,19775,1109,20884,239
2021-02-28,Plumas,063,18699,643,628,10,638,4
2021-02-28,Riverside,065,2383286,285935,279214,13275,292489,3661
2021-02-28,Sacramento,067,1510023,94824,93463,1249,94712,1398
2021-02-28,San Benito,069,59416,5741,5772,89,5861,57
2021-02-28,San Bernardino,071,2135413,286259,281620,8494,290114,3595
2021-02-28,San Diego,073,3302833,264698,260353,12933,273286,3303
2021-02-28,San Francisco,075,870044,34281,34291,1058,35349,417
2021-02-28,San Joaquin,077,732212,67009,65662,2721,68383,1097
2021-02-28,San Luis Obispo,079,281455,19758,19422,552,19974,237
2021-02-28,San Mateo,081,765935,39607,39059,405,39464,314
2021-02-28,Santa Barbara,083,443738,32397,31877,1029,32906,413
2021-02-28,Santa Clara,085,1922200,110782,110556,576,111132,1704
2021-02-28,Santa Cruz,087,273765,15455,14571,768,15339,185
2021-02-28,Shasta,089,179085,10968,10990,1227,12217,149
2021-02-28,Sierra,091,2930,51,48,12,60,0
2021-02-28,Siskiyou,093,43540,1504,1408,231,1639,5
2021-02-28,Solano,095,438530,29916,29758,357,30115,166
2021-02-28,Sonoma,097,501317,28138,28193,215,28408,279
2021-02-28,Stanislaus,099,539301,50842,50228,5305,55533,728
2021-02-28,Sutter,101,95872,8845,8825,79,8904,99
2021-02-28,Tehama,103,63373,4610,4590,485,5075,32
2021-02-28,Trinity,105,12862,468,298,76,374,3
2021-02-28,Tulare,107,460477,48354,47258,7934,55192,780
2021-02-28,Tuolumne,109,53932,3850,3905,36,3941,53
2021-02-28,Ventura,111,848112,78117,77749,2752,80501,775
2021-02-28,Yolo,113,214977,12909,12851,149,13000,188
2021-02-28,Yuba,115,75493,5513,5461,86,5547,41
2021-02-27,Alameda,001,1643700,81093,80565,1696,82261,1108
2021-02-27,Alpine,003,1148,80,77,0,77,0
2021-02-27,Amador,005,37829,3474,3463,29,3492,42
2021-02-27,Butte,007,227075,11350,10962,1637,12599,180
2021-02-27,Calaveras,009,45235,1908,1875,11,1886,46
2021-02-27,Colusa,011,21464,1875,1869,263,2132,11
2021-02-27,Contra Costa,013,1133247,63333,62248,1055,63303,693
2021-02-27,Del Norte,015,27424,1019,978,5,983,5
2021-02-27,El Dorado,017,186661,9173,9072,606,9678,98
2021-02-27,Fresno,019,978130,96561,95393,7642,103035,1400
2021-02-27,Glenn,021,27897,2256,2225,489,2714,15
2021-02-27,Humboldt,023,135768,3182,3167,22,3189,30
2021-02-27,Imperial,025,180216,27242,26903,2440,29343,633
2021-02-27,Inyo,027,18085,1308,1275,9,1284,35
2021-02-27,Kern,029,883053,93572,92053,9724,101777,996
2021-02-27,Kings,031,150075,22275,21955,959,22914,216
2021-02-27,Lake,033,64148,3199,3156,6,3162,40
2021-02-27,Lassen,035,31185,5123,5106,95,5201,1
2021-02-27,Los Angeles,037,10098052,1174089,1154275,38154,1192429,21158
2021-02-27,Madera,039,155013,15659,15467,817,16284,199
2021-02-27,Marin,041,260295,13250,13134,159,13293,214
2021-02-27,Mariposa,043,17540,377,374,5,379,4
2021-02-27,Mendocino,045,87422,3644,3555,72,3627,41
2021-02-27,Merced,047,269075,28482,28501,912,29413,384
2021-02-27,Modoc,049,8938,339,331,113,444,3
2021-02-27,Mono,051,14174,1184,1191,16,1207,3
2021-02-27,Monterey,053,433212,41984,41665,1659,43324,322
2021-02-27,Napa,055,140530,9059,9038,30,9068,71
2021-02-27,Nevada,057,99092,4032,3960,160,4120,66
2021-02-27,Orange,059,3164182,247401,245542,10131,255673,3960
2021-02-27,Placer,061,380077,20619,19726,1106,20832,239
2021-02-27,Plumas,063,18699,643,628,10,638,4
2021-02-27,Riverside,065,2383286,285825,279048,13265,292313,3663
2021-02-27,Sacramento,067,1510023,94741,93281,1239,94520,1396
2021-02-27,San Benito,069,59416,5740,5767,88,5855,57
2021-02-27,San Bernardino,071,2135413,286180,281471,8489,289960,3527
2021-02-27,San Diego,073,3302833,264508,260091,12895,272986,3284
2021-02-27,San Francisco,075,870044,34247,34260,1055,35315,413
2021-02-27,San Joaquin,077,732212,66963,65578,2719,68297,1100
2021-02-27,San Luis Obispo,079,281455,19737,19411,551,19962,237
2021-02-27,San Mateo,081,765935,39566,38998,404,39402,313
2021-02-27,Santa Barbara,083,443738,32363,31805,1028,32833,411
2021-02-27,Santa Clara,085,1922200,110634,110361,574,110935,1703
2021-02-27,Santa Cruz,087,273765,15446,14552,767,15319,185
2021-02-27,Shasta,089,179085,10962,10985,1223,12208,149
2021-02-27,Sierra,091,2930,51,48,12,60,0
2021-02-27,Siskiyou,093,43540,1502,1407,230,1637,5
2021-02-27,Solano,095,438530,29888,29718,356,30074,165
2021-02-27,Sonoma,097,501317,28094,28141,210,28351,281
2021-02-27,Stanislaus,099,539301,50787,50147,5295,55442,733
2021-02-27,Sutter,101,95872,8840,8820,79,8899,99
2021-02-27,Tehama,103,63373,4605,4584,484,5068,32
2021-02-27,Trinity,105,12862,468,298,76,374,3
2021-02-27,Tulare,107,460477,48317,47209,7908,55117,770
2021-02-27,Tuolumne,109,53932,3847,3899,36,3935,53
2021-02-27,Ventura,111,848112,78044,77623,2749,80372,771
2021-02-27,Yolo,113,214977,12897,12834,149,12983,188
2021-02-27,Yuba,115,75493,5510,5450,86,5536,39
2021-02-26,Alameda,001,1643700,80998,80387,1691,82078,1106
2021-02-26,Alpine,003,1148,80,77,0,77,0
2021-02-26,Amador,005,37829,3468,3457,29,3486,42
2021-02-26,Butte,007,227075,11340,10941,1637,12578,180
2021-02-26,Calaveras,009,45235,1906,1873,11,1884,46
2021-02-26,Colusa,011,21464,1875,1865,263,2128,11
2021-02-26,Contra Costa,013,1133247,63251,62114,1055,63169,685
2021-02-26,Del Norte,015,27424,1015,968,5,973,5
2021-02-26,El Dorado,017,186661,9168,9038,604,9642,98
2021-02-26,Fresno,019,978130,96459,95202,7634,102836,1391
2021-02-26,Glenn,021,27897,2253,2220,489,2709,15
2021-02-26,Humboldt,023,135768,3176,3152,22,3174,30
2021-02-26,Imperial,025,180216,27235,26888,2438,29326,631
2021-02-26,Inyo,027,18085,1306,1271,9,1280,34
2021-02-26,Kern,029,883053,93493,91884,9708,101592,997
2021-02-26,Kings,031,150075,22259,21917,956,22873,216
2021-02-26,Lake,033,64148,3194,3153,6,3159,40
2021-02-26,Lassen,035,31185,5123,5102,95,5197,1
2021-02-26,Los Angeles,037,10098052,1173512,1153131,38094,1191225,21070
2021-02-26,Madera,039,155013,15643,15436,815,16251,199
2021-02-26,Marin,041,260295,13237,13091,159,13250,214
2021-02-26,Mariposa,043,17540,377,375,5,380,4
2021-02-26,Mendocino,045,87422,3639,3549,72,3621,41
2021-02-26,Merced,047,269075,28448,28455,911,29366,382
2021-02-26,Modoc,049,8938,338,330,113,443,3
2021-02-26,Mono,051,14174,1182,1191,16,1207,3
2021-02-26,Monterey,053,433212,41958,41607,1658,43265,322
2021-02-26,Napa,055,140530,9053,9014,30,9044,70
2021-02-26,Nevada,057,99092,4021,3952,160,4112,66
2021-02-26,Orange,059,3164182,247262,245278,10121,255399,3918
2021-02-26,Placer,061,380077,20593,19712,1100,20812,239
2021-02-26,Plumas,063,18699,643,628,10,638,4
2021-02-26,Riverside,065,2383286,285681,278772,13259,292031,3653
2021-02-26,Sacramento,067,1510023,94618,93180,1236,94416,1390
2021-02-26,San Benito,069,59416,5739,5759,88,5847,57
2021-02-26,San Bernardino,071,2135413,286080,281132,8487,289619,3461
2021-02-26,San Diego,073,3302833,264280,259641,12874,272515,3271
2021-02-26,San Francisco,075,870044,34217,34213,1052,35265,413
2021-02-26,San Joaquin,077,732212,66882,65492,2713,68205,1070
2021-02-26,San Luis Obispo,079,281455,19721,19359,549,19908,234
2021-02-26,San Mateo,081,765935,39521,38922,404,39326,313
2021-02-26,Santa Barbara,083,443738,32319,31724,1027,32751,410
2021-02-26,Santa Clara,085,1922200,110502,110168,572,110740,1700
2021-02-26,Santa Cruz,087,273765,15434,14528,766,15294,185
2021-02-26,Shasta,089,179085,10955,10972,1214,12186,149
2021-02-26,Sierra,091,2930,51,47,12,59,0
2021-02-26,Siskiyou,093,43540,1502,1401,229,1630,5
2021-02-26,Solano,095,438530,29854,29651,355,30006,165
2021-02-26,Sonoma,097,501317,28065,28063,209,28272,280
2021-02-26,Stanislaus,099,539301,50731,50054,5287,55341,737
2021-02-26,Sutter,101,95872,8831,8806,79,8885,99
2021-02-26,Tehama,103,63373,4603,4581,484,5065,32
2021-02-26,Trinity,105,12862,467,298,76,374,3
2021-02-26,Tulare,107,460477,48281,47135,7879,55014,770
2021-02-26,Tuolumne,109,53932,3846,3896,36,3932,53
2021-02-26,Ventura,111,848112,77944,77534,2745,80279,765
2021-02-26,Yolo,113,214977,12890,12816,149,12965,188
2021-02-26,Yuba,115,75493,5505,5438,86,5524,39
2021-02-25,Alameda,001,1643700,80877,80181,1690,81871,1093
2021-02-25,Alpine,003,1148,80,77,0,77,0
2021-02-25,Amador,005,37829,3465,3448,29,3477,41
2021-02-25,Butte,007,227075,11319,10922,1632,12554,178
2021-02-25,Calaveras,009,45235,1898,1868,11,1879,46
2021-02-25,Colusa,011,21464,1872,1863,262,2125,11
2021-02-25,Contra Costa,013,1133247,63149,61910,1055,62965,686
2021-02-25,Del Norte,015,27424,1005,966,5,971,5
2021-02-25,El Dorado,017,186661,9152,9012,604,9616,98
2021-02-25,Fresno,019,978130,96315,95015,7613,102628,1377
2021-02-25,Glenn,021,27897,2250,2219,488,2707,15
2021-02-25,Humboldt,023,135768,3169,3129,22,3151,30
2021-02-25,Imperial,025,180216,27228,26855,2434,29289,628
2021-02-25,Inyo,027,18085,1300,1264,9,1273,33
2021-02-25,Kern,029,883053,93377,91735,9683,101418,992
2021-02-25,Kings,031,150075,22250,21900,953,22853,216
2021-02-25,Lake,033,64148,3185,3141,6,3147,40
2021-02-25,Lassen,035,31185,5122,5097,94,5191,1
2021-02-25,Los Angeles,037,10098052,1172766,1151846,38036,1189882,20931
2021-02-25,Madera,039,155013,15608,15414,811,16225,194
2021-02-25,Marin,041,260295,13214,13067,159,13226,214
2021-02-25,Mariposa,043,17540,377,375,5,380,4
2021-02-25,Mendocino,045,87422,3634,3542,72,3614,41
2021-02-25,Merced,047,269075,28399,28383,909,29292,382
2021-02-25,Modoc,049,8938,338,329,113,442,3
2021-02-25,Mono,051,14174,1181,1190,16,1206,3
2021-02-25,Monterey,053,433212,41933,41564,1653,43217,321
2021-02-25,Napa,055,140530,9027,8998,30,9028,70
2021-02-25,Nevada,057,99092,4004,3940,159,4099,66
2021-02-25,Orange,059,3164182,247089,245000,10111,255111,3882
2021-02-25,Placer,061,380077,20554,19661,1098,20759,239
2021-02-25,Plumas,063,18699,643,626,10,636,4
2021-02-25,Riverside,065,2383286,285493,278544,13239,291783,3646
2021-02-25,Sacramento,067,1510023,94460,92961,1224,94185,1386
2021-02-25,San Benito,069,59416,5734,5752,88,5840,58
2021-02-25,San Bernardino,071,2135413,285945,280946,8479,289425,3409
2021-02-25,San Diego,073,3302833,263986,258979,12844,271823,3260
2021-02-25,San Francisco,075,870044,34174,34138,1050,35188,408
2021-02-25,San Joaquin,077,732212,66798,65389,2701,68090,1047
2021-02-25,San Luis Obispo,079,281455,19700,19335,547,19882,234
2021-02-25,San Mateo,081,765935,39474,38872,404,39276,300
2021-02-25,Santa Barbara,083,443738,32242,31631,1026,32657,408
2021-02-25,Santa Clara,085,1922200,110337,109923,571,110494,1677
2021-02-25,Santa Cruz,087,273765,15415,14492,765,15257,185
2021-02-25,Shasta,089,179085,10943,10947,1209,12156,148
2021-02-25,Sierra,091,2930,51,47,12,59,0
2021-02-25,Siskiyou,093,43540,1497,1390,226,1616,4
2021-02-25,Solano,095,438530,29822,29616,355,29971,161
2021-02-25,Sonoma,097,501317,28011,28004,206,28210,278
2021-02-25,Stanislaus,099,539301,50640,49964,5277,55241,738
2021-02-25,Sutter,101,95872,8817,8789,78,8867,99
2021-02-25,Tehama,103,63373,4600,4578,482,5060,32
2021-02-25,Trinity,105,12862,467,297,76,373,3
2021-02-25,Tulare,107,460477,48231,47052,7853,54905,765
2021-02-25,Tuolumne,109,53932,3843,3894,36,3930,53
2021-02-25,Ventura,111,848112,77836,77395,2739,80134,751
2021-02-25,Yolo,113,214977,12873,12787,149,12936,188
2021-02-25,Yuba,115,75493,5498,5429,86,5515,39
2021-02-24,Alameda,001,1643700,80757,80070,1686,81756,1082
2021-02-24,Alpine,003,1148,79,77,0,77,0
2021-02-24,Amador,005,37829,3460,3444,29,3473,41
2021-02-24,Butte,007,227075,11306,10915,1628,12543,178
2021-02-24,Calaveras,009,45235,1894,1864,11,1875,31
2021-02-24,Colusa,011,21464,1870,1863,262,2125,11
2021-02-24,Contra Costa,013,1133247,63041,61776,1055,62831,663
2021-02-24,Del Norte,015,27424,1004,960,4,964,5
2021-02-24,El Dorado,017,186661,9139,8993,604,9597,98
2021-02-24,Fresno,019,978130,96166,94794,7597,102391,1369
2021-02-24,Glenn,021,27897,2249,2210,488,2698,14
2021-02-24,Humboldt,023,135768,3157,3123,22,3145,29
2021-02-24,Imperial,025,180216,27215,26843,2429,29272,596
2021-02-24,Inyo,027,18085,1295,1253,9,1262,32
2021-02-24,Kern,029,883053,93244,91525,9667,101192,992
2021-02-24,Kings,031,150075,22225,21871,951,22822,216
2021-02-24,Lake,033,64148,3178,3134,6,3140,40
2021-02-24,Lassen,035,31185,5118,5095,93,5188,1
2021-02-24,Los Angeles,037,10098052,1172004,1150322,37997,1188319,20817
2021-02-24,Madera,039,155013,15581,15390,811,16201,194
2021-02-24,Marin,041,260295,13191,13044,158,13202,214
2021-02-24,Mariposa,043,17540,377,374,5,379,4
2021-02-24,Mendocino,045,87422,3627,3540,72,3612,41
2021-02-24,Merced,047,269075,28361,28295,905,29200,383
2021-02-24,Modoc,049,8938,337,329,113,442,3
2021-02-24,Mono,051,14174,1179,1189,16,1205,3
2021-02-24,Monterey,053,433212,41908,41495,1651,43146,320
2021-02-24,Napa,055,140530,9010,8976,30,9006,70
2021-02-24,Nevada,057,99092,3994,3927,159,4086,66
2021-02-24,Orange,059,3164182,246870,244743,10098,254841,3835
2021-02-24,Placer,061,380077,20515,19648,1092,20740,239
2021-02-24,Plumas,063,18699,641,626,10,636,4
2021-02-24,Riverside,065,2383286,285265,278293,13230,291523,3603
2021-02-24,Sacramento,067,1510023,94306,92742,1219,93961,1375
2021-02-24,San Benito,069,59416,5733,5743,88,5831,57
2021-02-24,San Bernardino,071,2135413,285793,280583,8475,289058,3360
2021-02-24,San Diego,073,3302833,263690,258460,12828,271288,3230
2021-02-24,San Francisco,075,870044,34128,34061,1047,35108,406
2021-02-24,San Joaquin,077,732212,66688,65274,2699,67973,1019
2021-02-24,San Luis Obispo,079,281455,19677,19309,545,19854,233
2021-02-24,San Mateo,081,765935,39437,38763,404,39167,300
2021-02-24,Santa Barbara,083,443738,32190,31563,1023,32586,405
2021-02-24,Santa Clara,085,1922200,110189,109671,570,110241,1674
2021-02-24,Santa Cruz,087,273765,15394,14458,765,15223,185
2021-02-24,Shasta,089,179085,10930,10922,1206,12128,148
2021-02-24,Sierra,091,2930,51,47,12,59,0
2021-02-24,Siskiyou,093,43540,1490,1385,222,1607,4
2021-02-24,Solano,095,438530,29783,29577,353,29930,158
2021-02-24,Sonoma,097,501317,27947,27954,202,28156,278
2021-02-24,Stanislaus,099,539301,50569,49851,5270,55121,732
2021-02-24,Sutter,101,95872,8807,8778,78,8856,99
2021-02-24,Tehama,103,63373,4597,4566,482,5048,31
2021-02-24,Trinity,105,12862,467,294,75,369,3
2021-02-24,Tulare,107,460477,48175,46976,7825,54801,759
2021-02-24,Tuolumne,109,53932,3840,3887,36,3923,53
2021-02-24,Ventura,111,848112,77728,77238,2738,79976,718
2021-02-24,Yolo,113,214977,12860,12760,149,12909,188
2021-02-24,Yuba,115,75493,5487,5425,84,5509,39
2021-02-23,Alameda,001,1643700,80619,79948,1684,81632,1070
2021-02-23,Alpine,003,1148,78,77,0,77,0
2021-02-23,Amador,005,37829,3458,3440,29,3469,41
2021-02-23,Butte,007,227075,11290,10887,1625,12512,176
2021-02-23,Calaveras,009,45235,1893,1863,11,1874,21
2021-02-23,Colusa,011,21464,1867,1862,262,2124,11
2021-02-23,Contra Costa,013,1133247,62907,61613,1052,62665,661
2021-02-23,Del Norte,015,27424,1002,953,4,957,3
2021-02-23,El Dorado,017,186661,9126,8969,604,9573,96
2021-02-23,Fresno,019,978130,96005,94741,7583,102324,1356
2021-02-23,Glenn,021,27897,2247,2209,488,2697,14
2021-02-23,Humboldt,023,135768,3140,3108,22,3130,29
2021-02-23,Imperial,025,180216,27195,26816,2424,29240,591
2021-02-23,Inyo,027,18085,1291,1250,9,1259,32
2021-02-23,Kern,029,883053,93105,91390,9639,101029,982
2021-02-23,Kings,031,150075,22210,21839,947,22786,216
2021-02-23,Lake,033,64148,3170,3121,6,3127,40
2021-02-23,Lassen,035,31185,5115,5092,93,5185,1
2021-02-23,Los Angeles,037,10098052,1171131,1148965,37945,1186910,19887
2021-02-23,Madera,039,155013,15567,15352,805,16157,193
2021-02-23,Marin,041,260295,13171,13015,157,13172,214
2021-02-23,Mariposa,043,17540,377,374,5,379,4
2021-02-23,Mendocino,045,87422,3625,3540,71,3611,41
2021-02-23,Merced,047,269075,28281,28209,898,29107,381
2021-02-23,Modoc,049,8938,336,328,112,440,3
2021-02-23,Mono,051,14174,1179,1189,16,1205,3
2021-02-23,Monterey,053,433212,41869,41439,1646,43085,317
2021-02-23,Napa,055,140530,8998,8967,30,8997,70
2021-02-23,Nevada,057,99092,3986,3912,159,4071,66
2021-02-23,Orange,059,3164182,246672,244566,10080,254646,3843
2021-02-23,Placer,061,380077,20490,19608,1088,20696,238
2021-02-23,Plumas,063,18699,640,626,10,636,4
2021-02-23,Riverside,065,2383286,285028,278075,13216,291291,3599
2021-02-23,Sacramento,067,1510023,94149,92632,1213,93845,1370
2021-02-23,San Benito,069,59416,5727,5731,87,5818,57
2021-02-23,San Bernardino,071,2135413,285605,280279,8470,288749,3283
2021-02-23,San Diego,073,3302833,263313,257802,12798,270600,3218
2021-02-23,San Francisco,075,870044,34079,33994,1046,35040,405
2021-02-23,San Joaquin,077,732212,66588,65141,2692,67833,1004
2021-02-23,San Luis Obispo,079,281455,19648,19233,544,19777,230
2021-02-23,San Mateo,081,765935,39376,38662,404,39066,299
2021-02-23,Santa Barbara,083,443738,32135,31483,1022,32505,402
2021-02-23,Santa Clara,085,1922200,109992,109449,567,110016,1661
2021-02-23,Santa Cruz,087,273765,15365,14435,763,15198,178
2021-02-23,Shasta,089,179085,10918,10903,1202,12105,146
2021-02-23,Sierra,091,2930,51,47,12,59,0
2021-02-23,Siskiyou,093,43540,1485,1380,220,1600,4
2021-02-23,Solano,095,438530,29743,29545,350,29895,154
2021-02-23,Sonoma,097,501317,27904,27882,199,28081,278
2021-02-23,Stanislaus,099,539301,50491,49749,5254,55003,722
2021-02-23,Sutter,101,95872,8794,8766,78,8844,98
2021-02-23,Tehama,103,63373,4591,4556,481,5037,30
2021-02-23,Trinity,105,12862,467,292,74,366,3
2021-02-23,Tulare,107,460477,48097,46937,7792,54729,757
2021-02-23,Tuolumne,109,53932,3836,3864,36,3900,53
2021-02-23,Ventura,111,848112,77612,77093,2729,79822,689
2021-02-23,Yolo,113,214977,12831,12729,149,12878,188
2021-02-23,Yuba,115,75493,5474,5417,83,5500,38
2021-02-22,Alameda,001,1643700,80468,79796,1680,81476,1062
2021-02-22,Alpine,003,1148,78,77,0,77,0
2021-02-22,Amador,005,37829,3453,3438,29,3467,39
2021-02-22,Butte,007,227075,11277,10855,1620,12475,176
2021-02-22,Calaveras,009,45235,1891,1862,11,1873,21
2021-02-22,Colusa,011,21464,1867,1860,262,2122,11
2021-02-22,Contra Costa,013,1133247,62779,61478,1051,62529,661
2021-02-22,Del Norte,015,27424,1001,948,4,952,3
2021-02-22,El Dorado,017,186661,9109,8940,604,9544,96
2021-02-22,Fresno,019,978130,95842,94584,7566,102150,1351
2021-02-22,Glenn,021,27897,2242,2207,486,2693,14
2021-02-22,Humboldt,023,135768,3128,3095,22,3117,29
2021-02-22,Imperial,025,180216,27173,26778,2417,29195,590
2021-02-22,Inyo,027,18085,1286,1248,9,1257,32
2021-02-22,Kern,029,883053,92988,91201,9617,100818,982
2021-02-22,Kings,031,150075,22187,21801,944,22745,214
2021-02-22,Lake,033,64148,3164,3107,6,3113,40
2021-02-22,Lassen,035,31185,5115,5088,92,5180,1
2021-02-22,Los Angeles,037,10098052,1170270,1147541,37889,1185430,19730
2021-02-22,Madera,039,155013,15542,15325,801,16126,193
2021-02-22,Marin,041,260295,13146,12991,154,13145,213
2021-02-22,Mariposa,043,17540,376,374,5,379,4
2021-02-22,Mendocino,045,87422,3619,3535,71,3606,41
2021-02-22,Merced,047,269075,28218,28166,895,29061,379
2021-02-22,Modoc,049,8938,336,329,112,441,3
2021-02-22,Mono,051,14174,1175,1189,16,1205,3
2021-02-22,Monterey,053,433212,41824,41397,1640,43037,311
2021-02-22,Napa,055,140530,8971,8950,30,8980,69
2021-02-22,Nevada,057,99092,3977,3900,157,4057,66
2021-02-22,Orange,059,3164182,246436,244118,10062,254180,3843
2021-02-22,Placer,061,380077,20453,19587,1080,20667,238
2021-02-22,Plumas,063,18699,640,625,10,635,4
2021-02-22,Riverside,065,2383286,284766,277730,13208,290938,3567
2021-02-22,Sacramento,067,1510023,93982,92476,1203,93679,1359
2021-02-22,San Benito,069,59416,5725,5723,87,5810,57
2021-02-22,San Bernardino,071,2135413,285428,279984,8457,288441,3259
2021-02-22,San Diego,073,3302833,262903,257348,12765,270113,3189
2021-02-22,San Francisco,075,870044,34019,33947,1041,34988,405
2021-02-22,San Joaquin,077,732212,66492,65060,2679,67739,1001
2021-02-22,San Luis Obispo,079,281455,19611,19198,542,19740,229
2021-02-22,San Mateo,081,765935,39319,38542,401,38943,282
2021-02-22,Santa Barbara,083,443738,32069,31421,1019,32440,399
2021-02-22,Santa Clara,085,1922200,109783,109213,556,109769,1655
2021-02-22,Santa Cruz,087,273765,15339,14417,763,15180,176
2021-02-22,Shasta,089,179085,10903,10872,1197,12069,145
2021-02-22,Sierra,091,2930,51,47,12,59,0
2021-02-22,Siskiyou,093,43540,1479,1373,219,1592,4
2021-02-22,Solano,095,438530,29704,29508,349,29857,150
2021-02-22,Sonoma,097,501317,27859,27845,198,28043,278
2021-02-22,Stanislaus,099,539301,50389,49630,5236,54866,722
2021-02-22,Sutter,101,95872,8786,8698,78,8776,98
2021-02-22,Tehama,103,63373,4588,4550,480,5030,30
2021-02-22,Trinity,105,12862,467,287,73,360,3
2021-02-22,Tulare,107,460477,48035,46879,7760,54639,751
2021-02-22,Tuolumne,109,53932,3832,3856,36,3892,53
2021-02-22,Ventura,111,848112,77484,76947,2724,79671,677
2021-02-22,Yolo,113,214977,12804,12689,149,12838,183
2021-02-22,Yuba,115,75493,5471,5404,82,5486,38
2021-02-21,Alameda,001,1643700,80274,79649,1676,81325,1061
2021-02-21,Alpine,003,1148,78,77,0,77,0
2021-02-21,Amador,005,37829,3445,3435,29,3464,39
2021-02-21,Butte,007,227075,11259,10855,1618,12473,176
2021-02-21,Calaveras,009,45235,1890,1860,11,1871,21
2021-02-21,Colusa,011,21464,1866,1860,258,2118,11
2021-02-21,Contra Costa,013,1133247,62624,61364,1048,62412,661
2021-02-21,Del Norte,015,27424,995,942,4,946,3
2021-02-21,El Dorado,017,186661,9091,8927,603,9530,96
2021-02-21,Fresno,019,978130,95699,94374,7550,101924,1349
2021-02-21,Glenn,021,27897,2240,2201,484,2685,14
2021-02-21,Humboldt,023,135768,3116,3096,22,3118,29
2021-02-21,Imperial,025,180216,27159,26779,2415,29194,590
2021-02-21,Inyo,027,18085,1280,1232,9,1241,32
2021-02-21,Kern,029,883053,92863,91141,9579,100720,980
2021-02-21,Kings,031,150075,22151,21784,942,22726,213
2021-02-21,Lake,033,64148,3156,3100,6,3106,40
2021-02-21,Lassen,035,31185,5107,5077,92,5169,1
2021-02-21,Los Angeles,037,10098052,1169228,1146756,37845,1184601,19711
2021-02-21,Madera,039,155013,15509,15298,798,16096,192
2021-02-21,Marin,041,260295,13117,12968,154,13122,212
2021-02-21,Mariposa,043,17540,376,373,5,378,4
2021-02-21,Mendocino,045,87422,3614,3535,71,3606,41
2021-02-21,Merced,047,269075,28144,28106,880,28986,379
2021-02-21,Modoc,049,8938,333,329,112,441,3
2021-02-21,Mono,051,14174,1175,1189,16,1205,3
2021-02-21,Monterey,053,433212,41768,41373,1633,43006,309
2021-02-21,Napa,055,140530,8957,8929,30,8959,69
2021-02-21,Nevada,057,99092,3964,3895,157,4052,66
2021-02-21,Orange,059,3164182,246139,243985,10045,254030,3801
2021-02-21,Placer,061,380077,20417,19553,1076,20629,238
2021-02-21,Plumas,063,18699,640,625,10,635,4
2021-02-21,Riverside,065,2383286,284533,277555,13195,290750,3564
2021-02-21,Sacramento,067,1510023,93772,92288,1193,93481,1354
2021-02-21,San Benito,069,59416,5715,5716,84,5800,57
2021-02-21,San Bernardino,071,2135413,285204,279870,8443,288313,3247
2021-02-21,San Diego,073,3302833,262469,257027,12719,269746,3190
2021-02-21,San Francisco,075,870044,33955,33891,1037,34928,405
2021-02-21,San Joaquin,077,732212,66353,64997,2667,67664,1001
2021-02-21,San Luis Obispo,079,281455,19578,19178,540,19718,229
2021-02-21,San Mateo,081,765935,39257,38448,397,38845,282
2021-02-21,Santa Barbara,083,443738,32007,31374,1016,32390,399
2021-02-21,Santa Clara,085,1922200,109559,108992,548,109540,1654
2021-02-21,Santa Cruz,087,273765,15316,14401,762,15163,176
2021-02-21,Shasta,089,179085,10889,10867,1192,12059,145
2021-02-21,Sierra,091,2930,51,47,12,59,0
2021-02-21,Siskiyou,093,43540,1473,1371,219,1590,4
2021-02-21,Solano,095,438530,29649,29471,348,29819,150
2021-02-21,Sonoma,097,501317,27795,27793,191,27984,278
2021-02-21,Stanislaus,099,539301,50276,49527,5222,54749,726
2021-02-21,Sutter,101,95872,8769,8687,77,8764,97
2021-02-21,Tehama,103,63373,4579,4547,480,5027,30
2021-02-21,Trinity,105,12862,465,286,73,359,3
2021-02-21,Tulare,107,460477,47967,46830,7725,54555,749
2021-02-21,Tuolumne,109,53932,3818,3828,36,3864,53
2021-02-21,Ventura,111,848112,77335,76862,2711,79573,677
2021-02-21,Yolo,113,214977,12773,12670,148,12818,183
2021-02-21,Yuba,115,75493,5463,5396,81,5477,38
2021-02-20,Alameda,001,1643700,80183,79496,1671,81167,1055
2021-02-20,Alpine,003,1148,78,77,0,77,0
2021-02-20,Amador,005,37829,3443,3432,29,3461,39
2021-02-20,Butte,007,227075,11251,10838,1617,12455,176
2021-02-20,Calaveras,009,45235,1889,1858,11,1869,21
2021-02-20,Colusa,011,21464,1865,1858,258,2116,11
2021-02-20,Contra Costa,013,1133247,62540,61205,1046,62251,663
2021-02-20,Del Norte,015,27424,991,937,4,941,3
2021-02-20,El Dorado,017,186661,9081,8911,602,9513,96
2021-02-20,Fresno,019,978130,95616,94234,7530,101764,1341
2021-02-20,Glenn,021,27897,2236,2199,483,2682,14
2021-02-20,Humboldt,023,135768,3108,3073,22,3095,29
2021-02-20,Imperial,025,180216,27149,26771,2415,29186,590
2021-02-20,Inyo,027,18085,1276,1226,9,1235,32
2021-02-20,Kern,029,883053,92792,91025,9547,100572,968
2021-02-20,Kings,031,150075,22133,21773,941,22714,212
2021-02-20,Lake,033,64148,3149,3089,6,3095,40
2021-02-20,Lassen,035,31185,5105,5067,92,5159,1
2021-02-20,Los Angeles,037,10098052,1168658,1145594,37805,1183399,19630
2021-02-20,Madera,039,155013,15489,15274,797,16071,191
2021-02-20,Marin,041,260295,13096,12945,152,13097,211
2021-02-20,Mariposa,043,17540,376,372,5,377,4
2021-02-20,Mendocino,045,87422,3612,3533,71,3604,40
2021-02-20,Merced,047,269075,28101,28066,877,28943,379
2021-02-20,Modoc,049,8938,333,328,112,440,3
2021-02-20,Mono,051,14174,1174,1187,16,1203,3
2021-02-20,Monterey,053,433212,41746,41313,1631,42944,309
2021-02-20,Napa,055,140530,8948,8910,30,8940,69
2021-02-20,Nevada,057,99092,3954,3887,156,4043,66
2021-02-20,Orange,059,3164182,245970,243761,10031,253792,3755
2021-02-20,Placer,061,380077,20376,19509,1072,20581,236
2021-02-20,Plumas,063,18699,640,626,10,636,4
2021-02-20,Riverside,065,2383286,284379,277267,13186,290453,3559
2021-02-20,Sacramento,067,1510023,93649,92057,1191,93248,1352
2021-02-20,San Benito,069,59416,5704,5709,84,5793,57
2021-02-20,San Bernardino,071,2135413,285102,279608,8438,288046,3203
2021-02-20,San Diego,073,3302833,262227,256510,12690,269200,3188
2021-02-20,San Francisco,075,870044,33913,33820,1029,34849,399
2021-02-20,San Joaquin,077,732212,66283,64916,2662,67578,1001
2021-02-20,San Luis Obispo,079,281455,19554,19138,539,19677,229
2021-02-20,San Mateo,081,765935,39213,38371,396,38767,282
2021-02-20,Santa Barbara,083,443738,31973,31289,1015,32304,396
2021-02-20,Santa Clara,085,1922200,109381,108728,545,109273,1649
2021-02-20,Santa Cruz,087,273765,15305,14378,760,15138,176
2021-02-20,Shasta,089,179085,10875,10850,1187,12037,146
2021-02-20,Sierra,091,2930,51,47,12,59,0
2021-02-20,Siskiyou,093,43540,1470,1366,219,1585,4
2021-02-20,Solano,095,438530,29635,29440,346,29786,150
2021-02-20,Sonoma,097,501317,27766,27703,189,27892,278
2021-02-20,Stanislaus,099,539301,50225,49445,5208,54653,733
2021-02-20,Sutter,101,95872,8763,8681,77,8758,97
2021-02-20,Tehama,103,63373,4574,4545,480,5025,30
2021-02-20,Trinity,105,12862,464,285,72,357,3
2021-02-20,Tulare,107,460477,47931,46769,7703,54472,739
2021-02-20,Tuolumne,109,53932,3813,3823,36,3859,53
2021-02-20,Ventura,111,848112,77240,76757,2708,79465,671
2021-02-20,Yolo,113,214977,12759,12639,148,12787,183
2021-02-20,Yuba,115,75493,5460,5386,81,5467,38
2021-02-19,Alameda,001,1643700,80083,79318,1667,80985,1047
2021-02-19,Alpine,003,1148,78,77,0,77,0
2021-02-19,Amador,005,37829,3439,3427,29,3456,39
2021-02-19,Butte,007,227075,11237,10823,1610,12433,176
2021-02-19,Calaveras,009,45235,1888,1856,11,1867,21
2021-02-19,Colusa,011,21464,1865,1858,258,2116,11
2021-02-19,Contra Costa,013,1133247,62428,61017,1043,62060,651
2021-02-19,Del Norte,015,27424,986,932,4,936,2
2021-02-19,El Dorado,017,186661,9072,8882,601,9483,96
2021-02-19,Fresno,019,978130,95486,93973,7514,101487,1330
2021-02-19,Glenn,021,27897,2231,2199,482,2681,14
2021-02-19,Humboldt,023,135768,3096,3037,22,3059,29
2021-02-19,Imperial,025,180216,27143,26751,2412,29163,589
2021-02-19,Inyo,027,18085,1271,1212,9,1221,32
2021-02-19,Kern,029,883053,92723,90807,9507,100314,963
2021-02-19,Kings,031,150075,22119,21724,939,22663,211
2021-02-19,Lake,033,64148,3143,3078,6,3084,40
2021-02-19,Lassen,035,31185,5104,5057,92,5149,1
2021-02-19,Los Angeles,037,10098052,1167907,1143828,37765,1181593,19498
2021-02-19,Madera,039,155013,15472,15222,795,16017,188
2021-02-19,Marin,041,260295,13078,12919,151,13070,210
2021-02-19,Mariposa,043,17540,376,371,5,376,4
2021-02-19,Mendocino,045,87422,3610,3526,71,3597,39
2021-02-19,Merced,047,269075,28071,27985,874,28859,376
2021-02-19,Modoc,049,8938,333,328,112,440,3
2021-02-19,Mono,051,14174,1174,1186,16,1202,3
2021-02-19,Monterey,053,433212,41719,41209,1627,42836,309
2021-02-19,Napa,055,140530,8935,8899,30,8929,69
2021-02-19,Nevada,057,99092,3948,3863,156,4019,66
2021-02-19,Orange,059,3164182,245794,243397,10019,253416,3715
2021-02-19,Placer,061,380077,20354,19457,1072,20529,236
2021-02-19,Plumas,063,18699,638,624,10,634,4
2021-02-19,Riverside,065,2383286,284210,276941,13169,290110,3541
2021-02-19,Sacramento,067,1510023,93529,91815,1187,93002,1351
2021-02-19,San Benito,069,59416,5699,5699,84,5783,57
2021-02-19,San Bernardino,071,2135413,284966,279209,8433,287642,3117
2021-02-19,San Diego,073,3302833,261936,255799,12667,268466,3169
2021-02-19,San Francisco,075,870044,33865,33746,1023,34769,387
2021-02-19,San Joaquin,077,732212,66207,64774,2654,67428,988
2021-02-19,San Luis Obispo,079,281455,19523,19061,537,19598,230
2021-02-19,San Mateo,081,765935,39155,38256,394,38650,282
2021-02-19,Santa Barbara,083,443738,31909,31204,1014,32218,392
2021-02-19,Santa Clara,085,1922200,109169,108400,543,108943,1634
2021-02-19,Santa Cruz,087,273765,15290,14354,760,15114,176
2021-02-19,Shasta,089,179085,10864,10833,1184,12017,140
2021-02-19,Sierra,091,2930,51,47,12,59,0
2021-02-19,Siskiyou,093,43540,1466,1363,217,1580,4
2021-02-19,Solano,095,438530,29610,29383,345,29728,150
2021-02-19,Sonoma,097,501317,27719,27595,187,27782,280
2021-02-19,Stanislaus,099,539301,50163,49282,5192,54474,739
2021-02-19,Sutter,101,95872,8753,8665,77,8742,96
2021-02-19,Tehama,103,63373,4572,4535,480,5015,30
2021-02-19,Trinity,105,12862,462,282,70,352,3
2021-02-19,Tulare,107,460477,47886,46662,7678,54340,736
2021-02-19,Tuolumne,109,53932,3806,3817,36,3853,52
2021-02-19,Ventura,111,848112,77161,76582,2705,79287,667
2021-02-19,Yolo,113,214977,12743,12606,148,12754,183
2021-02-19,Yuba,115,75493,5450,5376,81,5457,38
2021-02-18,Alameda,001,1643700,79949,79111,1660,80771,1012
2021-02-18,Alpine,003,1148,78,77,0,77,0
2021-02-18,Amador,005,37829,3435,3417,28,3445,38
2021-02-18,Butte,007,227075,11219,10791,1608,12399,175
2021-02-18,Calaveras,009,45235,1883,1873,11,1884,21
2021-02-18,Colusa,011,21464,1863,1856,256,2112,11
2021-02-18,Contra Costa,013,1133247,62314,60868,1041,61909,640
2021-02-18,Del Norte,015,27424,981,929,4,933,2
2021-02-18,El Dorado,017,186661,9057,8850,600,9450,94
2021-02-18,Fresno,019,978130,95317,93734,7489,101223,1323
2021-02-18,Glenn,021,27897,2225,2195,482,2677,14
2021-02-18,Humboldt,023,135768,3084,3023,22,3045,29
2021-02-18,Imperial,025,180216,27117,26731,2405,29136,591
2021-02-18,Inyo,027,18085,1267,1213,8,1221,32
2021-02-18,Kern,029,883053,92569,90655,9477,100132,961
2021-02-18,Kings,031,150075,22095,21648,938,22586,211
2021-02-18,Lake,033,64148,3138,3066,6,3072,40
2021-02-18,Lassen,035,31185,5095,5052,92,5144,1
2021-02-18,Los Angeles,037,10098052,1166954,1141930,37702,1179632,19358
2021-02-18,Madera,039,155013,15450,15175,790,15965,188
2021-02-18,Marin,041,260295,13065,12895,150,13045,209
2021-02-18,Mariposa,043,17540,375,369,5,374,4
2021-02-18,Mendocino,045,87422,3607,3519,70,3589,39
2021-02-18,Merced,047,269075,28022,27870,868,28738,372
2021-02-18,Modoc,049,8938,331,327,111,438,3
2021-02-18,Mono,051,14174,1174,1182,16,1198,3
2021-02-18,Monterey,053,433212,41661,41091,1618,42709,307
2021-02-18,Napa,055,140530,8918,8877,30,8907,68
2021-02-18,Nevada,057,99092,3939,3836,155,3991,66
2021-02-18,Orange,059,3164182,245571,243098,10002,253100,3673
2021-02-18,Placer,061,380077,20327,19429,1071,20500,232
2021-02-18,Plumas,063,18699,638,624,10,634,4
2021-02-18,Riverside,065,2383286,283922,276595,13148,289743,3510
2021-02-18,Sacramento,067,1510023,93367,91476,1181,92657,1334
2021-02-18,San Benito,069,59416,5696,5697,83,5780,58
2021-02-18,San Bernardino,071,2135413,284757,278887,8419,287306,3066
2021-02-18,San Diego,073,3302833,261581,254987,12644,267631,3135
2021-02-18,San Francisco,075,870044,33807,33650,1020,34670,386
2021-02-18,San Joaquin,077,732212,66124,64634,2644,67278,982
2021-02-18,San Luis Obispo,079,281455,19481,18987,534,19521,230
2021-02-18,San Mateo,081,765935,39093,38185,390,38575,282
2021-02-18,Santa Barbara,083,443738,31831,31054,1007,32061,387
2021-02-18,Santa Clara,085,1922200,108944,108210,540,108750,1605
2021-02-18,Santa Cruz,087,273765,15264,14314,760,15074,176
2021-02-18,Shasta,089,179085,10846,10811,1181,11992,139
2021-02-18,Sierra,091,2930,50,47,12,59,0
2021-02-18,Siskiyou,093,43540,1461,1359,216,1575,4
2021-02-18,Solano,095,438530,29584,29349,344,29693,150
2021-02-18,Sonoma,097,501317,27652,27512,186,27698,281
2021-02-18,Stanislaus,099,539301,50063,49150,5175,54325,738
2021-02-18,Sutter,101,95872,8745,8654,77,8731,96
2021-02-18,Tehama,103,63373,4569,4528,480,5008,30
2021-02-18,Trinity,105,12862,461,282,70,352,3
2021-02-18,Tulare,107,460477,47823,46591,7639,54230,728
2021-02-18,Tuolumne,109,53932,3769,3811,36,3847,52
2021-02-18,Ventura,111,848112,77029,76442,2697,79139,659
2021-02-18,Yolo,113,214977,12717,12549,148,12697,183
2021-02-18,Yuba,115,75493,5433,5358,81,5439,38
2021-02-17,Alameda,001,1643700,79787,78895,1658,80553,1002
2021-02-17,Alpine,003,1148,78,77,0,77,0
2021-02-17,Amador,005,37829,3431,3415,28,3443,38
2021-02-17,Butte,007,227075,11201,10770,1604,12374,174
2021-02-17,Calaveras,009,45235,1883,1876,11,1887,21
2021-02-17,Colusa,011,21464,1860,1854,256,2110,10
2021-02-17,Contra Costa,013,1133247,62176,60723,1038,61761,635
2021-02-17,Del Norte,015,27424,974,920,4,924,2
2021-02-17,El Dorado,017,186661,9046,8847,600,9447,94
2021-02-17,Fresno,019,978130,95178,93555,7462,101017,1307
2021-02-17,Glenn,021,27897,2224,2189,481,2670,14
2021-02-17,Humboldt,023,135768,3069,3006,22,3028,29
2021-02-17,Imperial,025,180216,27103,26726,2401,29127,580
2021-02-17,Inyo,027,18085,1259,1197,8,1205,32
2021-02-17,Kern,029,883053,92451,90454,9433,99887,962
2021-02-17,Kings,031,150075,22057,21617,934,22551,211
2021-02-17,Lake,033,64148,3128,3057,2,3059,38
2021-02-17,Lassen,035,31185,5090,5052,91,5143,1
2021-02-17,Los Angeles,037,10098052,1165898,1139786,37640,1177426,19213
2021-02-17,Madera,039,155013,15425,15135,781,15916,177
2021-02-17,Marin,041,260295,13040,12881,150,13031,207
2021-02-17,Mariposa,043,17540,375,368,4,372,4
2021-02-17,Mendocino,045,87422,3605,3494,69,3563,39
2021-02-17,Merced,047,269075,27967,27824,859,28683,372
2021-02-17,Modoc,049,8938,331,327,111,438,3
2021-02-17,Mono,051,14174,1174,1180,16,1196,3
2021-02-17,Monterey,053,433212,41606,41014,1607,42621,304
2021-02-17,Napa,055,140530,8904,8865,30,8895,68
2021-02-17,Nevada,057,99092,3920,3822,152,3974,52
2021-02-17,Orange,059,3164182,245310,242716,9969,252685,3626
2021-02-17,Placer,061,380077,20293,19405,1067,20472,230
2021-02-17,Plumas,063,18699,637,623,10,633,4
2021-02-17,Riverside,065,2383286,283634,276289,13127,289416,3491
2021-02-17,Sacramento,067,1510023,93208,91309,1174,92483,1326
2021-02-17,San Benito,069,59416,5690,5661,83,5744,57
2021-02-17,San Bernardino,071,2135413,284554,278461,8399,286860,3020
2021-02-17,San Diego,073,3302833,261203,254177,12623,266800,3099
2021-02-17,San Francisco,075,870044,33731,33558,1015,34573,379
2021-02-17,San Joaquin,077,732212,66018,64556,2638,67194,979
2021-02-17,San Luis Obispo,079,281455,19436,18964,534,19498,230
2021-02-17,San Mateo,081,765935,39029,38124,390,38514,282
2021-02-17,Santa Barbara,083,443738,31763,30927,1006,31933,384
2021-02-17,Santa Clara,085,1922200,108712,107949,538,108487,1592
2021-02-17,Santa Cruz,087,273765,15231,14268,757,15025,174
2021-02-17,Shasta,089,179085,10826,10770,1180,11950,139
2021-02-17,Sierra,091,2930,50,47,12,59,0
2021-02-17,Siskiyou,093,43540,1455,1352,213,1565,4
2021-02-17,Solano,095,438530,29527,29288,344,29632,149
2021-02-17,Sonoma,097,501317,27580,27408,181,27589,281
2021-02-17,Stanislaus,099,539301,49950,49050,5159,54209,730
2021-02-17,Sutter,101,95872,8735,8681,77,8758,95
2021-02-17,Tehama,103,63373,4566,4511,480,4991,30
2021-02-17,Trinity,105,12862,461,277,68,345,3
2021-02-17,Tulare,107,460477,47758,46495,7614,54109,726
2021-02-17,Tuolumne,109,53932,3760,3806,36,3842,49
2021-02-17,Ventura,111,848112,76907,76234,2691,78925,646
2021-02-17,Yolo,113,214977,12698,12506,146,12652,182
2021-02-17,Yuba,115,75493,5424,5345,81,5426,38
2021-02-16,Alameda,001,1643700,79618,78756,1655,80411,997
2021-02-16,Alpine,003,1148,78,76,0,76,0
2021-02-16,Amador,005,37829,3424,3413,28,3441,39
2021-02-16,Butte,007,227075,11176,10748,1601,12349,164
2021-02-16,Calaveras,009,45235,1881,1872,11,1883,21
2021-02-16,Colusa,011,21464,1857,1852,254,2106,10
2021-02-16,Contra Costa,013,1133247,62025,60564,1033,61597,631
2021-02-16,Del Norte,015,27424,966,913,4,917,2
2021-02-16,El Dorado,017,186661,9036,8836,598,9434,94
2021-02-16,Fresno,019,978130,95013,93363,7432,100795,1293
2021-02-16,Glenn,021,27897,2220,2189,477,2666,14
2021-02-16,Humboldt,023,135768,3046,2994,21,3015,29
2021-02-16,Imperial,025,180216,27090,26711,2397,29108,580
2021-02-16,Inyo,027,18085,1251,1191,8,1199,32
2021-02-16,Kern,029,883053,92319,90267,9403,99670,959
2021-02-16,Kings,031,150075,22011,21583,930,22513,206
2021-02-16,Lake,033,64148,3121,3041,2,3043,38
2021-02-16,Lassen,035,31185,5078,5047,91,5138,1
2021-02-16,Los Angeles,037,10098052,1164645,1138262,37580,1175842,19044
2021-02-16,Madera,039,155013,15387,15120,776,15896,172
2021-02-16,Marin,041,260295,13012,12832,150,12982,205
2021-02-16,Mariposa,043,17540,375,367,4,371,4
2021-02-16,Mendocino,045,87422,3601,3489,69,3558,39
2021-02-16,Merced,047,269075,27886,27724,853,28577,368
2021-02-16,Modoc,049,8938,331,326,111,437,3
2021-02-16,Mono,051,14174,1174,1180,16,1196,3
2021-02-16,Monterey,053,433212,41530,40962,1598,42560,303
2021-02-16,Napa,055,140530,8891,8854,30,8884,66
2021-02-16,Nevada,057,99092,3907,3774,151,3925,47
2021-02-16,Orange,059,3164182,244989,242382,9953,252335,3612
2021-02-16,Placer,061,380077,20260,19367,1064,20431,230
2021-02-16,Plumas,063,18699,637,619,10,629,4
2021-02-16,Riverside,065,2383286,283327,275954,13105,289059,3471
2021-02-16,Sacramento,067,1510023,92954,91246,1168,92414,1305
2021-02-16,San Benito,069,59416,5682,5659,82,5741,56
2021-02-16,San Bernardino,071,2135413,284331,277947,8390,286337,2978
2021-02-16,San Diego,073,3302833,260738,253638,12584,266222,3042
2021-02-16,San Francisco,075,870044,33659,33491,1010,34501,373
2021-02-16,San Joaquin,077,732212,65888,64448,2635,67083,979
2021-02-16,San Luis Obispo,079,281455,19391,18925,531,19456,229
2021-02-16,San Mateo,081,765935,38970,38041,388,38429,277
2021-02-16,Santa Barbara,083,443738,31689,30865,1003,31868,378
2021-02-16,Santa Clara,085,1922200,108460,107754,535,108289,1591
2021-02-16,Santa Cruz,087,273765,15211,14256,756,15012,174
2021-02-16,Shasta,089,179085,10811,10736,1178,11914,139
2021-02-16,Sierra,091,2930,50,47,12,59,0
2021-02-16,Siskiyou,093,43540,1451,1351,213,1564,4
2021-02-16,Solano,095,438530,29489,29246,343,29589,148
2021-02-16,Sonoma,097,501317,27521,27380,175,27555,279
2021-02-16,Stanislaus,099,539301,49826,48927,5145,54072,716
2021-02-16,Sutter,101,95872,8712,8671,77,8748,95
2021-02-16,Tehama,103,63373,4557,4501,478,4979,30
2021-02-16,Trinity,105,12862,457,275,68,343,3
2021-02-16,Tulare,107,460477,47694,46444,7571,54015,716
2021-02-16,Tuolumne,109,53932,3758,3796,36,3832,49
2021-02-16,Ventura,111,848112,76765,76043,2688,78731,631
2021-02-16,Yolo,113,214977,12669,12457,146,12603,175
2021-02-16,Yuba,115,75493,5417,5332,80,5412,38
2021-02-15,Alameda,001,1643700,79421,78647,1644,80291,996
2021-02-15,Alpine,003,1148,78,76,0,76,0
2021-02-15,Amador,005,37829,3420,3409,28,3437,39
2021-02-15,Butte,007,227075,11158,10723,1597,12320,155
2021-02-15,Calaveras,009,45235,1877,1871,11,1882,21
2021-02-15,Colusa,011,21464,1857,1849,250,2099,10
2021-02-15,Contra Costa,013,1133247,61854,60444,1028,61472,631
2021-02-15,Del Norte,015,27424,962,913,4,917,2
2021-02-15,El Dorado,017,186661,9019,8816,598,9414,94
2021-02-15,Fresno,019,978130,94814,93231,7393,100624,1288
2021-02-15,Glenn,021,27897,2218,2185,476,2661,14
2021-02-15,Humboldt,023,135768,3039,2997,21,3018,29
2021-02-15,Imperial,025,180216,27070,26700,2394,29094,580
2021-02-15,Inyo,027,18085,1232,1184,8,1192,32
2021-02-15,Kern,029,883053,92175,90181,9373,99554,959
2021-02-15,Kings,031,150075,21966,21574,925,22499,205
2021-02-15,Lake,033,64148,3107,3030,1,3031,38
2021-02-15,Lassen,035,31185,5076,5047,90,5137,1
2021-02-15,Los Angeles,037,10098052,1163257,1137164,37519,1174683,18925
2021-02-15,Madera,039,155013,15356,15108,774,15882,106
2021-02-15,Marin,041,260295,12991,12810,147,12957,203
2021-02-15,Mariposa,043,17540,373,367,4,371,4
2021-02-15,Mendocino,045,87422,3589,3481,69,3550,39
2021-02-15,Merced,047,269075,27812,27656,846,28502,368
2021-02-15,Modoc,049,8938,331,326,111,437,3
2021-02-15,Mono,051,14174,1171,1178,16,1194,3
2021-02-15,Monterey,053,433212,41466,40911,1586,42497,302
2021-02-15,Napa,055,140530,8877,8837,30,8867,57
2021-02-15,Nevada,057,99092,3890,3767,150,3917,47
2021-02-15,Orange,059,3164182,244670,242176,9925,252101,3586
2021-02-15,Placer,061,380077,20234,19361,1063,20424,230
2021-02-15,Plumas,063,18699,637,620,10,630,4
2021-02-15,Riverside,065,2383286,282974,275771,13086,288857,3468
2021-02-15,Sacramento,067,1510023,92627,91091,1163,92254,1304
2021-02-15,San Benito,069,59416,5676,5649,82,5731,56
2021-02-15,San Bernardino,071,2135413,284080,277869,8382,286251,2945
2021-02-15,San Diego,073,3302833,260225,252940,12553,265493,3037
2021-02-15,San Francisco,075,870044,33586,33454,1004,34458,373
2021-02-15,San Joaquin,077,732212,65723,64382,2628,67010,979
2021-02-15,San Luis Obispo,079,281455,19338,18891,529,19420,227
2021-02-15,San Mateo,081,765935,38891,37969,385,38354,277
2021-02-15,Santa Barbara,083,443738,31586,30810,1000,31810,378
2021-02-15,Santa Clara,085,1922200,108230,107630,533,108163,1588
2021-02-15,Santa Cruz,087,273765,15179,14239,753,14992,175
2021-02-15,Shasta,089,179085,10791,10730,1173,11903,139
2021-02-15,Sierra,091,2930,50,47,12,59,0
2021-02-15,Siskiyou,093,43540,1443,1345,212,1557,4
2021-02-15,Solano,095,438530,29434,29225,343,29568,148
2021-02-15,Sonoma,097,501317,27437,27359,171,27530,276
2021-02-15,Stanislaus,099,539301,49699,48808,5132,53940,716
2021-02-15,Sutter,101,95872,8697,8652,77,8729,95
2021-02-15,Tehama,103,63373,4548,4492,477,4969,30
2021-02-15,Trinity,105,12862,456,274,68,342,3
2021-02-15,Tulare,107,460477,47623,46344,7532,53876,715
2021-02-15,Tuolumne,109,53932,3748,3794,36,3830,49
2021-02-15,Ventura,111,848112,76610,75889,2685,78574,629
2021-02-15,Yolo,113,214977,12633,12412,145,12557,175
2021-02-15,Yuba,115,75493,5400,5320,79,5399,38
2021-02-14,Alameda,001,1643700,79269,78442,1643,80085,995
2021-02-14,Alpine,003,1148,78,76,0,76,0
2021-02-14,Amador,005,37829,3415,3398,28,3426,39
2021-02-14,Butte,007,227075,11134,10717,1594,12311,155
2021-02-14,Calaveras,009,45235,1873,1866,11,1877,21
2021-02-14,Colusa,011,21464,1853,1845,247,2092,10
2021-02-14,Contra Costa,013,1133247,61704,60272,1025,61297,631
2021-02-14,Del Norte,015,27424,958,911,4,915,2
2021-02-14,El Dorado,017,186661,8987,8790,597,9387,94
2021-02-14,Fresno,019,978130,94643,93065,7370,100435,1287
2021-02-14,Glenn,021,27897,2215,2184,476,2660,14
2021-02-14,Humboldt,023,135768,3026,2992,21,3013,29
2021-02-14,Imperial,025,180216,27063,26696,2393,29089,580
2021-02-14,Inyo,027,18085,1226,1177,8,1185,32
2021-02-14,Kern,029,883053,92015,90038,9320,99358,959
2021-02-14,Kings,031,150075,21940,21538,923,22461,205
2021-02-14,Lake,033,64148,3096,3030,1,3031,38
2021-02-14,Lassen,035,31185,5072,5037,90,5127,1
2021-02-14,Los Angeles,037,10098052,1161910,1135450,37439,1172889,18898
2021-02-14,Madera,039,155013,15324,15089,770,15859,106
2021-02-14,Marin,041,260295,12967,12784,147,12931,201
2021-02-14,Mariposa,043,17540,373,365,4,369,4
2021-02-14,Mendocino,045,87422,3583,3475,69,3544,39
2021-02-14,Merced,047,269075,27730,27601,841,28442,368
2021-02-14,Modoc,049,8938,331,326,111,437,3
2021-02-14,Mono,051,14174,1170,1180,16,1196,3
2021-02-14,Monterey,053,433212,41415,40842,1581,42423,302
2021-02-14,Napa,055,140530,8857,8826,30,8856,57
2021-02-14,Nevada,057,99092,3874,3761,150,3911,47
2021-02-14,Orange,059,3164182,244361,241859,9907,251766,3564
2021-02-14,Placer,061,380077,20195,19313,1058,20371,230
2021-02-14,Plumas,063,18699,636,620,10,630,4
2021-02-14,Riverside,065,2383286,282643,275518,13067,288585,3471
2021-02-14,Sacramento,067,1510023,92420,90856,1159,92015,1304
2021-02-14,San Benito,069,59416,5667,5641,81,5722,56
2021-02-14,San Bernardino,071,2135413,283774,277664,8362,286026,2929
2021-02-14,San Diego,073,3302833,259733,252247,12506,264753,3037
2021-02-14,San Francisco,075,870044,33512,33374,996,34370,372
2021-02-14,San Joaquin,077,732212,65625,64243,2614,66857,979
2021-02-14,San Luis Obispo,079,281455,19300,18868,526,19394,225
2021-02-14,San Mateo,081,765935,38806,37859,385,38244,277
2021-02-14,Santa Barbara,083,443738,31494,30744,996,31740,377
2021-02-14,Santa Clara,085,1922200,108031,107412,529,107941,1582
2021-02-14,Santa Cruz,087,273765,15151,14225,748,14973,175
2021-02-14,Shasta,089,179085,10759,10720,1169,11889,139
2021-02-14,Sierra,091,2930,50,47,12,59,0
2021-02-14,Siskiyou,093,43540,1439,1340,212,1552,4
2021-02-14,Solano,095,438530,29392,29150,340,29490,148
2021-02-14,Sonoma,097,501317,27362,27266,169,27435,276
2021-02-14,Stanislaus,099,539301,49589,48672,5117,53789,716
2021-02-14,Sutter,101,95872,8674,8642,77,8719,95
2021-02-14,Tehama,103,63373,4542,4490,474,4964,30
2021-02-14,Trinity,105,12862,456,272,68,340,3
2021-02-14,Tulare,107,460477,47538,46263,7482,53745,715
2021-02-14,Tuolumne,109,53932,3747,3764,36,3800,49
2021-02-14,Ventura,111,848112,76441,75742,2674,78416,629
2021-02-14,Yolo,113,214977,12604,12399,144,12543,175
2021-02-14,Yuba,115,75493,5390,5314,79,5393,38
2021-02-13,Alameda,001,1643700,79147,78246,1640,79886,995
2021-02-13,Alpine,003,1148,78,76,0,76,0
2021-02-13,Amador,005,37829,3412,3387,28,3415,38
2021-02-13,Butte,007,227075,11118,10699,1592,12291,155
2021-02-13,Calaveras,009,45235,1870,1863,11,1874,21
2021-02-13,Colusa,011,21464,1853,1837,247,2084,10
2021-02-13,Contra Costa,013,1133247,61583,60100,1025,61125,629
2021-02-13,Del Norte,015,27424,956,908,4,912,2
2021-02-13,El Dorado,017,186661,8975,8758,596,9354,93
2021-02-13,Fresno,019,978130,94529,92807,7348,100155,1287
2021-02-13,Glenn,021,27897,2214,2182,474,2656,14
2021-02-13,Humboldt,023,135768,3013,2974,20,2994,29
2021-02-13,Imperial,025,180216,27056,26680,2391,29071,580
2021-02-13,Inyo,027,18085,1222,1168,8,1176,32
2021-02-13,Kern,029,883053,91926,89915,9294,99209,957
2021-02-13,Kings,031,150075,21925,21513,921,22434,205
2021-02-13,Lake,033,64148,3087,3025,1,3026,37
2021-02-13,Lassen,035,31185,5069,5028,90,5118,1
2021-02-13,Los Angeles,037,10098052,1161051,1133752,37393,1171145,18822
2021-02-13,Madera,039,155013,15315,15053,766,15819,106
2021-02-13,Marin,041,260295,12943,12757,147,12904,201
2021-02-13,Mariposa,043,17540,373,365,4,369,4
2021-02-13,Mendocino,045,87422,3573,3466,69,3535,38
2021-02-13,Merced,047,269075,27686,27541,838,28379,368
2021-02-13,Modoc,049,8938,331,325,111,436,3
2021-02-13,Mono,051,14174,1170,1176,16,1192,3
2021-02-13,Monterey,053,433212,41383,40731,1580,42311,301
2021-02-13,Napa,055,140530,8848,8809,30,8839,57
2021-02-13,Nevada,057,99092,3865,3742,149,3891,47
2021-02-13,Orange,059,3164182,244155,241545,9888,251433,3520
2021-02-13,Placer,061,380077,20175,19214,1058,20272,230
2021-02-13,Plumas,063,18699,636,616,10,626,4
2021-02-13,Riverside,065,2383286,282414,275276,13058,288334,3462
2021-02-13,Sacramento,067,1510023,92253,90401,1156,91557,1302
2021-02-13,San Benito,069,59416,5650,5633,81,5714,56
2021-02-13,San Bernardino,071,2135413,283622,277405,8349,285754,2899
2021-02-13,San Diego,073,3302833,259401,251679,12494,264173,3009
2021-02-13,San Francisco,075,870044,33462,33291,986,34277,364
2021-02-13,San Joaquin,077,732212,65556,64105,2604,66709,977
2021-02-13,San Luis Obispo,079,281455,19272,18803,520,19323,225
2021-02-13,San Mateo,081,765935,38753,37745,385,38130,277
2021-02-13,Santa Barbara,083,443738,31442,30594,995,31589,374
2021-02-13,Santa Clara,085,1922200,107842,107125,526,107651,1570
2021-02-13,Santa Cruz,087,273765,15124,14198,747,14945,173
2021-02-13,Shasta,089,179085,10746,10713,1164,11877,139
2021-02-13,Sierra,091,2930,50,47,12,59,0
2021-02-13,Siskiyou,093,43540,1436,1336,212,1548,4
2021-02-13,Solano,095,438530,29356,29084,340,29424,148
2021-02-13,Sonoma,097,501317,27314,27157,167,27324,276
2021-02-13,Stanislaus,099,539301,49518,48568,5111,53679,697
2021-02-13,Sutter,101,95872,8662,8626,77,8703,94
2021-02-13,Tehama,103,63373,4532,4484,473,4957,30
2021-02-13,Trinity,105,12862,455,272,67,339,3
2021-02-13,Tulare,107,460477,47487,46162,7451,53613,709
2021-02-13,Tuolumne,109,53932,3746,3752,36,3788,49
2021-02-13,Ventura,111,848112,76301,75481,2668,78149,618
2021-02-13,Yolo,113,214977,12591,12374,143,12517,175
2021-02-13,Yuba,115,75493,5382,5289,79,5368,38
2021-02-12,Alameda,001,1643700,78998,77958,1634,79592,974
2021-02-12,Alpine,003,1148,78,76,0,76,0
2021-02-12,Amador,005,37829,3408,3381,28,3409,38
2021-02-12,Butte,007,227075,11105,10655,1585,12240,155
2021-02-12,Calaveras,009,45235,1867,1860,11,1871,21
2021-02-12,Colusa,011,21464,1853,1836,247,2083,10
2021-02-12,Contra Costa,013,1133247,61433,59878,1021,60899,620
2021-02-12,Del Norte,015,27424,946,901,4,905,2
2021-02-12,El Dorado,017,186661,8960,8725,593,9318,92
2021-02-12,Fresno,019,978130,94375,92520,7328,99848,1273
2021-02-12,Glenn,021,27897,2211,2175,474,2649,14
2021-02-12,Humboldt,023,135768,3005,2961,20,2981,29
2021-02-12,Imperial,025,180216,27049,26646,2388,29034,585
2021-02-12,Inyo,027,18085,1216,1156,8,1164,32
2021-02-12,Kern,029,883053,91812,89532,9262,98794,949
2021-02-12,Kings,031,150075,21893,21462,916,22378,202
2021-02-12,Lake,033,64148,3082,3012,1,3013,36
2021-02-12,Lassen,035,31185,5067,5015,90,5105,1
2021-02-12,Los Angeles,037,10098052,1159840,1131185,37326,1168511,18637
2021-02-12,Madera,039,155013,15288,15022,763,15785,106
2021-02-12,Marin,041,260295,12917,12720,147,12867,200
2021-02-12,Mariposa,043,17540,372,365,4,369,4
2021-02-12,Mendocino,045,87422,3571,3447,69,3516,38
2021-02-12,Merced,047,269075,27635,27453,835,28288,367
2021-02-12,Modoc,049,8938,331,324,111,435,3
2021-02-12,Mono,051,14174,1169,1172,16,1188,3
2021-02-12,Monterey,053,433212,41335,40633,1571,42204,297
2021-02-12,Napa,055,140530,8836,8785,30,8815,55
2021-02-12,Nevada,057,99092,3860,3728,149,3877,47
2021-02-12,Orange,059,3164182,243916,241075,9873,250948,3505
2021-02-12,Placer,061,380077,20133,19174,1053,20227,230
2021-02-12,Plumas,063,18699,635,614,10,624,4
2021-02-12,Riverside,065,2383286,282136,274792,13043,287835,3438
2021-02-12,Sacramento,067,1510023,92051,90252,1155,91407,1295
2021-02-12,San Benito,069,59416,5634,5622,80,5702,56
2021-02-12,San Bernardino,071,2135413,283432,276890,8338,285228,2827
2021-02-12,San Diego,073,3302833,259013,250788,12468,263256,2979
2021-02-12,San Francisco,075,870044,33402,33179,982,34161,359
2021-02-12,San Joaquin,077,732212,65460,63966,2596,66562,975
2021-02-12,San Luis Obispo,079,281455,19231,18687,519,19206,224
2021-02-12,San Mateo,081,765935,38681,37560,385,37945,254
2021-02-12,Santa Barbara,083,443738,31371,30454,990,31444,372
2021-02-12,Santa Clara,085,1922200,107670,106759,523,107282,1543
2021-02-12,Santa Cruz,087,273765,15104,14147,747,14894,170
2021-02-12,Shasta,089,179085,10728,10693,1154,11847,142
2021-02-12,Sierra,091,2930,49,45,12,57,0
2021-02-12,Siskiyou,093,43540,1432,1324,209,1533,4
2021-02-12,Solano,095,438530,29324,28996,337,29333,147
2021-02-12,Sonoma,097,501317,27259,27064,163,27227,275
2021-02-12,Stanislaus,099,539301,49430,48418,5089,53507,697
2021-02-12,Sutter,101,95872,8649,8609,77,8686,93
2021-02-12,Tehama,103,63373,4525,4470,472,4942,27
2021-02-12,Trinity,105,12862,455,269,67,336,3
2021-02-12,Tulare,107,460477,47409,46016,7425,53441,710
2021-02-12,Tuolumne,109,53932,3743,3736,35,3771,49
2021-02-12,Ventura,111,848112,76131,75210,2662,77872,605
2021-02-12,Yolo,113,214977,12570,12340,143,12483,175
2021-02-12,Yuba,115,75493,5374,5274,79,5353,38
2021-02-11,Alameda,001,1643700,78772,77564,1629,79193,960
2021-02-11,Alpine,003,1148,77,76,0,76,0
2021-02-11,Amador,005,37829,3404,3368,28,3396,35
2021-02-11,Butte,007,227075,11082,10624,1584,12208,155
2021-02-11,Calaveras,009,45235,1864,1856,11,1867,21
2021-02-11,Colusa,011,21464,1848,1823,245,2068,10
2021-02-11,Contra Costa,013,1133247,61266,59633,1017,60650,605
2021-02-11,Del Norte,015,27424,941,894,4,898,2
2021-02-11,El Dorado,017,186661,8939,8698,593,9291,92
2021-02-11,Fresno,019,978130,94222,92168,7305,99473,1255
2021-02-11,Glenn,021,27897,2206,2166,473,2639,14
2021-02-11,Humboldt,023,135768,2992,2954,19,2973,29
2021-02-11,Imperial,025,180216,27025,26545,2386,28931,578
2021-02-11,Inyo,027,18085,1207,1144,8,1152,32
2021-02-11,Kern,029,883053,91621,89224,9219,98443,941
2021-02-11,Kings,031,150075,21863,21373,913,22286,202
2021-02-11,Lake,033,64148,3072,3002,1,3003,36
2021-02-11,Lassen,035,31185,5056,5004,87,5091,1
2021-02-11,Los Angeles,037,10098052,1158211,1128437,37257,1165694,18500
2021-02-11,Madera,039,155013,15267,14984,761,15745,106
2021-02-11,Marin,041,260295,12880,12682,147,12829,200
2021-02-11,Mariposa,043,17540,372,361,4,365,4
2021-02-11,Mendocino,045,87422,3564,3420,69,3489,38
2021-02-11,Merced,047,269075,27569,27325,831,28156,363
2021-02-11,Modoc,049,8938,330,317,111,428,3
2021-02-11,Mono,051,14174,1165,1173,16,1189,3
2021-02-11,Monterey,053,433212,41229,40469,1565,42034,295
2021-02-11,Napa,055,140530,8815,8777,30,8807,55
2021-02-11,Nevada,057,99092,3844,3720,149,3869,47
2021-02-11,Orange,059,3164182,243549,240590,9849,250439,3476
2021-02-11,Placer,061,380077,20093,19118,1052,20170,224
2021-02-11,Plumas,063,18699,634,592,10,602,4
2021-02-11,Riverside,065,2383286,281769,274313,13028,287341,3394
2021-02-11,Sacramento,067,1510023,91808,89988,1149,91137,1286
2021-02-11,San Benito,069,59416,5625,5609,80,5689,56
2021-02-11,San Bernardino,071,2135413,283134,276349,8324,284673,2774
2021-02-11,San Diego,073,3302833,258460,249971,12434,262405,2955
2021-02-11,San Francisco,075,870044,33319,33076,973,34049,356
2021-02-11,San Joaquin,077,732212,65292,63719,2586,66305,971
2021-02-11,San Luis Obispo,079,281455,19166,18615,515,19130,219
2021-02-11,San Mateo,081,765935,38589,37439,383,37822,253
2021-02-11,Santa Barbara,083,443738,31273,30375,985,31360,370
2021-02-11,Santa Clara,085,1922200,107410,106392,518,106910,1507
2021-02-11,Santa Cruz,087,273765,15081,14088,742,14830,165
2021-02-11,Shasta,089,179085,10704,10672,1150,11822,140
2021-02-11,Sierra,091,2930,49,45,12,57,0
2021-02-11,Siskiyou,093,43540,1417,1320,209,1529,4
2021-02-11,Solano,095,438530,29271,28885,337,29222,138
2021-02-11,Sonoma,097,501317,27174,26971,160,27131,272
2021-02-11,Stanislaus,099,539301,49285,48205,5077,53282,697
2021-02-11,Sutter,101,95872,8635,8590,76,8666,93
2021-02-11,Tehama,103,63373,4519,4463,472,4935,26
2021-02-11,Trinity,105,12862,455,269,67,336,3
2021-02-11,Tulare,107,460477,47314,45897,7386,53283,706
2021-02-11,Tuolumne,109,53932,3706,3716,35,3751,48
2021-02-11,Ventura,111,848112,75929,74959,2653,77612,590
2021-02-11,Yolo,113,214977,12546,12303,143,12446,173
2021-02-11,Yuba,115,75493,5360,5261,78,5339,38
2021-02-10,Alameda,001,1643700,78571,77344,1628,78972,944
2021-02-10,Alpine,003,1148,77,76,0,76,0
2021-02-10,Amador,005,37829,3392,3348,28,3376,35
2021-02-10,Butte,007,227075,11054,10594,1583,12177,155
2021-02-10,Calaveras,009,45235,1862,1850,11,1861,21
2021-02-10,Colusa,011,21464,1841,1815,243,2058,10
2021-02-10,Contra Costa,013,1133247,61091,59488,1015,60503,590
2021-02-10,Del Norte,015,27424,935,888,4,892,2
2021-02-10,El Dorado,017,186661,8908,8682,589,9271,87
2021-02-10,Fresno,019,978130,94047,91876,7280,99156,1247
2021-02-10,Glenn,021,27897,2202,2160,471,2631,14
2021-02-10,Humboldt,023,135768,2984,2924,19,2943,29
2021-02-10,Imperial,025,180216,26987,26522,2383,28905,578
2021-02-10,Inyo,027,18085,1195,1138,8,1146,30
2021-02-10,Kern,029,883053,91414,88933,9165,98098,926
2021-02-10,Kings,031,150075,21820,21294,911,22205,197
2021-02-10,Lake,033,64148,3059,2975,1,2976,36
2021-02-10,Lassen,035,31185,5052,4993,87,5080,1
2021-02-10,Los Angeles,037,10098052,1156462,1125437,37130,1162567,18338
2021-02-10,Madera,039,155013,15228,14925,759,15684,105
2021-02-10,Marin,041,260295,12843,12651,147,12798,199
2021-02-10,Mariposa,043,17540,370,360,4,364,4
2021-02-10,Mendocino,045,87422,3549,3395,69,3464,38
2021-02-10,Merced,047,269075,27486,27246,820,28066,359
2021-02-10,Modoc,049,8938,329,315,109,424,3
2021-02-10,Mono,051,14174,1160,1170,16,1186,3
2021-02-10,Monterey,053,433212,41152,40366,1551,41917,288
2021-02-10,Napa,055,140530,8796,8769,30,8799,55
2021-02-10,Nevada,057,99092,3829,3693,147,3840,47
2021-02-10,Orange,059,3164182,243131,239974,9818,249792,3439
2021-02-10,Placer,061,380077,20053,19062,1047,20109,220
2021-02-10,Plumas,063,18699,631,589,10,599,2
2021-02-10,Riverside,065,2383286,281341,273721,13018,286739,3374
2021-02-10,Sacramento,067,1510023,91557,89653,1145,90798,1275
2021-02-10,San Benito,069,59416,5611,5591,80,5671,55
2021-02-10,San Bernardino,071,2135413,282780,275616,8308,283924,2696
2021-02-10,San Diego,073,3302833,257878,248858,12396,261254,2904
2021-02-10,San Francisco,075,870044,33236,32955,970,33925,351
2021-02-10,San Joaquin,077,732212,65150,63484,2572,66056,954
2021-02-10,San Luis Obispo,079,281455,19087,18549,513,19062,216
2021-02-10,San Mateo,081,765935,38498,37323,383,37706,245
2021-02-10,Santa Barbara,083,443738,31182,30216,980,31196,359
2021-02-10,Santa Clara,085,1922200,107170,106048,515,106563,1489
2021-02-10,Santa Cruz,087,273765,15045,14007,740,14747,165
2021-02-10,Shasta,089,179085,10681,10645,1147,11792,142
2021-02-10,Sierra,091,2930,49,45,12,57,0
2021-02-10,Siskiyou,093,43540,1412,1314,208,1522,4
2021-02-10,Solano,095,438530,29196,28835,335,29170,137
2021-02-10,Sonoma,097,501317,27078,26881,158,27039,271
2021-02-10,Stanislaus,099,539301,49168,48016,5061,53077,696
2021-02-10,Sutter,101,95872,8618,8571,76,8647,93
2021-02-10,Tehama,103,63373,4511,4445,472,4917,23
2021-02-10,Trinity,105,12862,452,268,67,335,3
2021-02-10,Tulare,107,460477,47196,45782,7348,53130,696
2021-02-10,Tuolumne,109,53932,3698,3691,35,3726,48
2021-02-10,Ventura,111,848112,75701,74651,2636,77287,580
2021-02-10,Yolo,113,214977,12522,12276,143,12419,174
2021-02-10,Yuba,115,75493,5342,5241,78,5319,38
2021-02-09,Alameda,001,1643700,78309,77018,1624,78642,936
2021-02-09,Alpine,003,1148,77,76,0,76,0
2021-02-09,Amador,005,37829,3384,3347,28,3375,35
2021-02-09,Butte,007,227075,11028,10563,1580,12143,153
2021-02-09,Calaveras,009,45235,1858,1847,11,1858,21
2021-02-09,Colusa,011,21464,1832,1812,238,2050,10
2021-02-09,Contra Costa,013,1133247,60901,59307,1009,60316,583
2021-02-09,Del Norte,015,27424,929,886,4,890,2
2021-02-09,El Dorado,017,186661,8880,8663,587,9250,87
2021-02-09,Fresno,019,978130,93805,91730,7252,98982,1211
2021-02-09,Glenn,021,27897,2198,2156,471,2627,14
2021-02-09,Humboldt,023,135768,2976,2904,19,2923,29
2021-02-09,Imperial,025,180216,26957,26509,2380,28889,568
2021-02-09,Inyo,027,18085,1187,1137,8,1145,30
2021-02-09,Kern,029,883053,91162,88684,9119,97803,920
2021-02-09,Kings,031,150075,21778,21275,909,22184,196
2021-02-09,Lake,033,64148,3048,2955,1,2956,36
2021-02-09,Lassen,035,31185,5045,4983,87,5070,1
2021-02-09,Los Angeles,037,10098052,1154483,1122745,37049,1159794,18198
2021-02-09,Madera,039,155013,15208,14912,756,15668,105
2021-02-09,Marin,041,260295,12811,12623,146,12769,197
2021-02-09,Mariposa,043,17540,368,355,4,359,4
2021-02-09,Mendocino,045,87422,3531,3369,69,3438,38
2021-02-09,Merced,047,269075,27388,27166,815,27981,354
2021-02-09,Modoc,049,8938,328,316,109,425,3
2021-02-09,Mono,051,14174,1159,1167,16,1183,3
2021-02-09,Monterey,053,433212,41044,40279,1538,41817,285
2021-02-09,Napa,055,140530,8783,8749,30,8779,55
2021-02-09,Nevada,057,99092,3812,3687,147,3834,44
2021-02-09,Orange,059,3164182,242720,239169,9787,248956,3406
2021-02-09,Placer,061,380077,19988,19008,1040,20048,220
2021-02-09,Plumas,063,18699,631,584,10,594,2
2021-02-09,Riverside,065,2383286,280847,273465,13001,286466,3334
2021-02-09,Sacramento,067,1510023,91247,89378,1144,90522,1265
2021-02-09,San Benito,069,59416,5599,5566,79,5645,54
2021-02-09,San Bernardino,071,2135413,282409,274998,8295,283293,2613
2021-02-09,San Diego,073,3302833,257220,248048,12353,260401,2853
2021-02-09,San Francisco,075,870044,33156,32782,960,33742,349
2021-02-09,San Joaquin,077,732212,64975,63341,2567,65908,937
2021-02-09,San Luis Obispo,079,281455,19028,18489,512,19001,216
2021-02-09,San Mateo,081,765935,38367,37227,382,37609,235
2021-02-09,Santa Barbara,083,443738,31070,30118,974,31092,351
2021-02-09,Santa Clara,085,1922200,106864,105762,512,106274,1463
2021-02-09,Santa Cruz,087,273765,14994,13958,735,14693,162
2021-02-09,Shasta,089,179085,10653,10595,1145,11740,139
2021-02-09,Sierra,091,2930,49,44,12,56,0
2021-02-09,Siskiyou,093,43540,1404,1306,206,1512,4
2021-02-09,Solano,095,438530,29117,28769,332,29101,131
2021-02-09,Sonoma,097,501317,26988,26826,156,26982,267
2021-02-09,Stanislaus,099,539301,49008,47906,5046,52952,679
2021-02-09,Sutter,101,95872,8602,8541,76,8617,92
2021-02-09,Tehama,103,63373,4504,4416,471,4887,22
2021-02-09,Trinity,105,12862,452,266,67,333,3
2021-02-09,Tulare,107,460477,47062,45704,7296,53000,686
2021-02-09,Tuolumne,109,53932,3679,3673,35,3708,48
2021-02-09,Ventura,111,848112,75450,74333,2628,76961,567
2021-02-09,Yolo,113,214977,12480,12220,143,12363,174
2021-02-09,Yuba,115,75493,5333,5235,78,5313,35
2021-02-08,Alameda,001,1643700,78048,76735,1619,78354,924
2021-02-08,Alpine,003,1148,77,73,0,73,0
2021-02-08,Amador,005,37829,3377,3344,27,3371,33
2021-02-08,Butte,007,227075,11006,10524,1576,12100,152
2021-02-08,Calaveras,009,45235,1857,1840,11,1851,21
2021-02-08,Colusa,011,21464,1824,1802,234,2036,10
2021-02-08,Contra Costa,013,1133247,60690,59039,1007,60046,567
2021-02-08,Del Norte,015,27424,926,885,4,889,2
2021-02-08,El Dorado,017,186661,8848,8627,584,9211,86
2021-02-08,Fresno,019,978130,93592,91430,7227,98657,1207
2021-02-08,Glenn,021,27897,2194,2148,469,2617,14
2021-02-08,Humboldt,023,135768,2968,2902,19,2921,29
2021-02-08,Imperial,025,180216,26935,26526,2378,28904,567
2021-02-08,Inyo,027,18085,1174,1126,8,1134,30
2021-02-08,Kern,029,883053,90945,88380,9058,97438,920
2021-02-08,Kings,031,150075,21716,21232,906,22138,195
2021-02-08,Lake,033,64148,3029,2949,1,2950,36
2021-02-08,Lassen,035,31185,5032,4976,87,5063,1
2021-02-08,Los Angeles,037,10098052,1152386,1120179,36928,1157107,17977
2021-02-08,Madera,039,155013,15172,14887,749,15636,93
2021-02-08,Marin,041,260295,12781,12591,146,12737,194
2021-02-08,Mariposa,043,17540,368,355,4,359,4
2021-02-08,Mendocino,045,87422,3517,3355,69,3424,38
2021-02-08,Merced,047,269075,27305,27082,810,27892,346
2021-02-08,Modoc,049,8938,326,318,109,427,3
2021-02-08,Mono,051,14174,1159,1165,16,1181,3
2021-02-08,Monterey,053,433212,40924,40186,1519,41705,283
2021-02-08,Napa,055,140530,8768,8719,30,8749,55
2021-02-08,Nevada,057,99092,3800,3671,147,3818,44
2021-02-08,Orange,059,3164182,242253,238715,9764,248479,3361
2021-02-08,Placer,061,380077,19947,18944,1034,19978,211
2021-02-08,Plumas,063,18699,630,584,10,594,2
2021-02-08,Riverside,065,2383286,280279,272904,12975,285879,3301
2021-02-08,Sacramento,067,1510023,90961,89267,1141,90408,1247
2021-02-08,San Benito,069,59416,5594,5553,78,5631,52
2021-02-08,San Bernardino,071,2135413,282006,274661,8289,282950,2587
2021-02-08,San Diego,073,3302833,256477,247259,12312,259571,2821
2021-02-08,San Francisco,075,870044,33062,32679,952,33631,348
2021-02-08,San Joaquin,077,732212,64814,63148,2557,65705,929
2021-02-08,San Luis Obispo,079,281455,18971,18421,507,18928,214
2021-02-08,San Mateo,081,765935,38258,37084,382,37466,232
2021-02-08,Santa Barbara,083,443738,30955,29978,967,30945,340
2021-02-08,Santa Clara,085,1922200,106541,105413,504,105917,1456
2021-02-08,Santa Cruz,087,273765,14955,13921,729,14650,161
2021-02-08,Shasta,089,179085,10626,10574,1139,11713,137
2021-02-08,Sierra,091,2930,49,44,12,56,0
2021-02-08,Siskiyou,093,43540,1401,1303,206,1509,4
2021-02-08,Solano,095,438530,29051,28644,330,28974,130
2021-02-08,Sonoma,097,501317,26897,26760,155,26915,259
2021-02-08,Stanislaus,099,539301,48853,47704,5018,52722,679
2021-02-08,Sutter,101,95872,8583,8526,76,8602,92
2021-02-08,Tehama,103,63373,4494,4403,468,4871,22
2021-02-08,Trinity,105,12862,450,266,67,333,3
2021-02-08,Tulare,107,460477,46954,45617,7256,52873,673
2021-02-08,Tuolumne,109,53932,3671,3647,35,3682,48
2021-02-08,Ventura,111,848112,75193,74068,2623,76691,565
2021-02-08,Yolo,113,214977,12448,12169,142,12311,162
2021-02-08,Yuba,115,75493,5317,5215,78,5293,35
2021-02-07,Alameda,001,1643700,77747,76500,1611,78111,924
2021-02-07,Alpine,003,1148,74,72,0,72,0
2021-02-07,Amador,005,37829,3356,3343,27,3370,33
2021-02-07,Butte,007,227075,10974,10513,1568,12081,152
2021-02-07,Calaveras,009,45235,1853,1837,11,1848,21
2021-02-07,Colusa,011,21464,1813,1795,232,2027,10
2021-02-07,Contra Costa,013,1133247,60446,58836,1002,59838,566
2021-02-07,Del Norte,015,27424,922,881,4,885,2
2021-02-07,El Dorado,017,186661,8819,8596,582,9178,86
2021-02-07,Fresno,019,978130,93362,91184,7189,98373,1207
2021-02-07,Glenn,021,27897,2190,2141,464,2605,14
2021-02-07,Humboldt,023,135768,2947,2895,19,2914,28
2021-02-07,Imperial,025,180216,26906,26518,2373,28891,567
2021-02-07,Inyo,027,18085,1163,1124,8,1132,27
2021-02-07,Kern,029,883053,90697,88146,9000,97146,920
2021-02-07,Kings,031,150075,21655,21180,903,22083,192
2021-02-07,Lake,033,64148,3014,2940,1,2941,36
2021-02-07,Lassen,035,31185,5021,4973,87,5060,1
2021-02-07,Los Angeles,037,10098052,1149627,1117551,36803,1154354,17889
2021-02-07,Madera,039,155013,15138,14850,745,15595,93
2021-02-07,Marin,041,260295,12748,12571,144,12715,194
2021-02-07,Mariposa,043,17540,367,355,4,359,4
2021-02-07,Mendocino,045,87422,3500,3348,69,3417,38
2021-02-07,Merced,047,269075,27193,26977,798,27775,346
2021-02-07,Modoc,049,8938,326,317,105,422,3
2021-02-07,Mono,051,14174,1156,1165,16,1181,3
2021-02-07,Monterey,053,433212,40788,40113,1500,41613,283
2021-02-07,Napa,055,140530,8745,8701,30,8731,55
2021-02-07,Nevada,057,99092,3789,3643,147,3790,44
2021-02-07,Orange,059,3164182,241655,238155,9731,247886,3336
2021-02-07,Placer,061,380077,19900,18903,1021,19924,211
2021-02-07,Plumas,063,18699,630,584,10,594,2
2021-02-07,Riverside,065,2383286,279750,272301,12954,285255,3267
2021-02-07,Sacramento,067,1510023,90628,88919,1134,90053,1246
2021-02-07,San Benito,069,59416,5575,5548,77,5625,52
2021-02-07,San Bernardino,071,2135413,281413,274316,8264,282580,2587
2021-02-07,San Diego,073,3302833,255691,246561,12248,258809,2821
2021-02-07,San Francisco,075,870044,32942,32609,940,33549,348
2021-02-07,San Joaquin,077,732212,64540,63051,2543,65594,929
2021-02-07,San Luis Obispo,079,281455,18899,18349,500,18849,214
2021-02-07,San Mateo,081,765935,38124,36984,380,37364,232
2021-02-07,Santa Barbara,083,443738,30815,29815,955,30770,340
2021-02-07,Santa Clara,085,1922200,106202,105118,494,105612,1450
2021-02-07,Santa Cruz,087,273765,14901,13887,724,14611,161
2021-02-07,Shasta,089,179085,10606,10570,1131,11701,137
2021-02-07,Sierra,091,2930,49,43,12,55,0
2021-02-07,Siskiyou,093,43540,1394,1295,204,1499,4
2021-02-07,Solano,095,438530,28940,28567,329,28896,130
2021-02-07,Sonoma,097,501317,26790,26684,151,26835,257
2021-02-07,Stanislaus,099,539301,48663,47551,4986,52537,679
2021-02-07,Sutter,101,95872,8555,8515,76,8591,92
2021-02-07,Tehama,103,63373,4478,4396,467,4863,22
2021-02-07,Trinity,105,12862,447,264,65,329,3
2021-02-07,Tulare,107,460477,46832,45520,7178,52698,671
2021-02-07,Tuolumne,109,53932,3647,3619,34,3653,48
2021-02-07,Ventura,111,848112,74882,73759,2611,76370,561
2021-02-07,Yolo,113,214977,12403,12135,142,12277,162
2021-02-07,Yuba,115,75493,5302,5198,76,5274,35
2021-02-06,Alameda,001,1643700,77594,76170,1600,77770,922
2021-02-06,Alpine,003,1148,74,72,0,72,0
2021-02-06,Amador,005,37829,3350,3306,27,3333,33
2021-02-06,Butte,007,227075,10957,10480,1564,12044,150
2021-02-06,Calaveras,009,45235,1851,1832,11,1843,21
2021-02-06,Colusa,011,21464,1811,1791,231,2022,10
2021-02-06,Contra Costa,013,1133247,60299,58567,996,59563,566
2021-02-06,Del Norte,015,27424,918,879,4,883,2
2021-02-06,El Dorado,017,186661,8812,8575,578,9153,86
2021-02-06,Fresno,019,978130,93249,90944,7168,98112,1207
2021-02-06,Glenn,021,27897,2188,2136,463,2599,14
2021-02-06,Humboldt,023,135768,2936,2880,19,2899,28
2021-02-06,Imperial,025,180216,26894,26514,2372,28886,567
2021-02-06,Inyo,027,18085,1160,1113,8,1121,27
2021-02-06,Kern,029,883053,90543,87919,8954,96873,912
2021-02-06,Kings,031,150075,21624,21156,903,22059,190
2021-02-06,Lake,033,64148,3009,2920,1,2921,34
2021-02-06,Lassen,035,31185,5017,4964,86,5050,1
2021-02-06,Los Angeles,037,10098052,1148271,1114718,36706,1151424,17793
2021-02-06,Madera,039,155013,15117,14807,743,15550,93
2021-02-06,Marin,041,260295,12728,12531,144,12675,194
2021-02-06,Mariposa,043,17540,366,355,3,358,4
2021-02-06,Mendocino,045,87422,3482,3316,68,3384,38
2021-02-06,Merced,047,269075,27107,26881,790,27671,346
2021-02-06,Modoc,049,8938,326,313,105,418,3
2021-02-06,Mono,051,14174,1155,1159,16,1175,3
2021-02-06,Monterey,053,433212,40730,39995,1492,41487,282
2021-02-06,Napa,055,140530,8732,8639,30,8669,55
2021-02-06,Nevada,057,99092,3777,3624,147,3771,43
2021-02-06,Orange,059,3164182,241291,237391,9697,247088,3293
2021-02-06,Placer,061,380077,19863,18836,1018,19854,211
2021-02-06,Plumas,063,18699,630,584,10,594,2
2021-02-06,Riverside,065,2383286,279382,271741,12935,284676,3243
2021-02-06,Sacramento,067,1510023,90411,88532,1124,89656,1237
2021-02-06,San Benito,069,59416,5557,5516,77,5593,52
2021-02-06,San Bernardino,071,2135413,281104,273718,8242,281960,2564
2021-02-06,San Diego,073,3302833,255195,245331,12213,257544,2812
2021-02-06,San Francisco,075,870044,32868,32437,930,33367,346
2021-02-06,San Joaquin,077,732212,64461,62840,2532,65372,906
2021-02-06,San Luis Obispo,079,281455,18857,18284,496,18780,214
2021-02-06,San Mateo,081,765935,38056,36824,377,37201,232
2021-02-06,Santa Barbara,083,443738,30739,29645,953,30598,337
2021-02-06,Santa Clara,085,1922200,105980,104639,489,105128,1439
2021-02-06,Santa Cruz,087,273765,14870,13845,720,14565,161
2021-02-06,Shasta,089,179085,10595,10561,1129,11690,137
2021-02-06,Sierra,091,2930,49,43,12,55,0
2021-02-06,Siskiyou,093,43540,1391,1289,203,1492,4
2021-02-06,Solano,095,438530,28904,28446,328,28774,129
2021-02-06,Sonoma,097,501317,26753,26564,149,26713,257
2021-02-06,Stanislaus,099,539301,48567,47325,4971,52296,679
2021-02-06,Sutter,101,95872,8547,8485,76,8561,92
2021-02-06,Tehama,103,63373,4468,4380,466,4846,22
2021-02-06,Trinity,105,12862,447,263,65,328,3
2021-02-06,Tulare,107,460477,46764,45349,7133,52482,664
2021-02-06,Tuolumne,109,53932,3640,3612,34,3646,48
2021-02-06,Ventura,111,848112,74702,73431,2605,76036,552
2021-02-06,Yolo,113,214977,12380,12061,142,12203,161
2021-02-06,Yuba,115,75493,5292,5177,75,5252,35
2021-02-05,Alameda,001,1643700,77365,75716,1598,77314,916
2021-02-05,Alpine,003,1148,74,72,0,72,0
2021-02-05,Amador,005,37829,3345,3299,26,3325,33
2021-02-05,Butte,007,227075,10938,10421,1557,11978,150
2021-02-05,Calaveras,009,45235,1847,1818,11,1829,21
2021-02-05,Colusa,011,21464,1807,1785,231,2016,10
2021-02-05,Contra Costa,013,1133247,60138,58195,994,59189,560
2021-02-05,Del Norte,015,27424,917,874,4,878,2
2021-02-05,El Dorado,017,186661,8793,8527,576,9103,86
2021-02-05,Fresno,019,978130,93047,90513,7147,97660,1194
2021-02-05,Glenn,021,27897,2185,2122,458,2580,14
2021-02-05,Humboldt,023,135768,2926,2857,19,2876,28
2021-02-05,Imperial,025,180216,26875,26474,2371,28845,557
2021-02-05,Inyo,027,18085,1156,1104,8,1112,27
2021-02-05,Kern,029,883053,90374,87470,8888,96358,906
2021-02-05,Kings,031,150075,21586,21021,900,21921,190
2021-02-05,Lake,033,64148,2997,2906,1,2907,33
2021-02-05,Lassen,035,31185,5013,4936,86,5022,1
2021-02-05,Los Angeles,037,10098052,1146171,1110384,36575,1146959,17608
2021-02-05,Madera,039,155013,15083,14752,738,15490,95
2021-02-05,Marin,041,260295,12693,12479,144,12623,193
2021-02-05,Mariposa,043,17540,366,352,3,355,4
2021-02-05,Mendocino,045,87422,3468,3272,68,3340,38
2021-02-05,Merced,047,269075,27047,26760,789,27549,345
2021-02-05,Modoc,049,8938,326,312,105,417,3
2021-02-05,Mono,051,14174,1154,1157,16,1173,3
2021-02-05,Monterey,053,433212,40663,39840,1481,41321,281
2021-02-05,Napa,055,140530,8718,8598,30,8628,55
2021-02-05,Nevada,057,99092,3774,3607,147,3754,43
2021-02-05,Orange,059,3164182,240864,236335,9670,246005,3260
2021-02-05,Placer,061,380077,19827,18756,1016,19772,211
2021-02-05,Plumas,063,18699,628,578,10,588,2
2021-02-05,Riverside,065,2383286,278966,270666,12916,283582,3235
2021-02-05,Sacramento,067,1510023,90230,87992,1117,89109,1231
2021-02-05,San Benito,069,59416,5546,5502,77,5579,51
2021-02-05,San Bernardino,071,2135413,280759,272938,8226,281164,2495
2021-02-05,San Diego,073,3302833,254619,244066,12178,256244,2777
2021-02-05,San Francisco,075,870044,32778,32229,919,33148,337
2021-02-05,San Joaquin,077,732212,64312,62565,2524,65089,902
2021-02-05,San Luis Obispo,079,281455,18796,18152,492,18644,213
2021-02-05,San Mateo,081,765935,37973,36582,376,36958,227
2021-02-05,Santa Barbara,083,443738,30642,29455,940,30395,334
2021-02-05,Santa Clara,085,1922200,105732,104112,487,104599,1421
2021-02-05,Santa Cruz,087,273765,14849,13776,718,14494,161
2021-02-05,Shasta,089,179085,10579,10507,1122,11629,136
2021-02-05,Sierra,091,2930,49,42,12,54,0
2021-02-05,Siskiyou,093,43540,1384,1276,201,1477,4
2021-02-05,Solano,095,438530,28854,28283,328,28611,127
2021-02-05,Sonoma,097,501317,26684,26423,146,26569,252
2021-02-05,Stanislaus,099,539301,48422,47024,4953,51977,678
2021-02-05,Sutter,101,95872,8527,8443,76,8519,92
2021-02-05,Tehama,103,63373,4459,4355,465,4820,22
2021-02-05,Trinity,105,12862,446,260,65,325,3
2021-02-05,Tulare,107,460477,46687,45138,7085,52223,663
2021-02-05,Tuolumne,109,53932,3614,3595,34,3629,45
2021-02-05,Ventura,111,848112,74457,72953,2593,75546,546
2021-02-05,Yolo,113,214977,12362,12025,139,12164,162
2021-02-05,Yuba,115,75493,5275,5145,75,5220,35
2021-02-04,Alameda,001,1643700,77080,75422,1592,77014,899
2021-02-04,Alpine,003,1148,73,72,0,72,0
2021-02-04,Amador,005,37829,3342,3288,26,3314,33
2021-02-04,Butte,007,227075,10905,10386,1549,11935,147
2021-02-04,Calaveras,009,45235,1845,1808,11,1819,21
2021-02-04,Colusa,011,21464,1803,1777,229,2006,10
2021-02-04,Contra Costa,013,1133247,59950,57991,990,58981,550
2021-02-04,Del Norte,015,27424,911,870,4,874,2
2021-02-04,El Dorado,017,186661,8767,8490,573,9063,86
2021-02-04,Fresno,019,978130,92832,90126,7120,97246,1114
2021-02-04,Glenn,021,27897,2180,2102,457,2559,14
2021-02-04,Humboldt,023,135768,2916,2827,19,2846,28
2021-02-04,Imperial,025,180216,26830,26411,2369,28780,556
2021-02-04,Inyo,027,18085,1144,1084,8,1092,27
2021-02-04,Kern,029,883053,90100,87156,8812,95968,898
2021-02-04,Kings,031,150075,21536,20918,894,21812,187
2021-02-04,Lake,033,64148,2985,2882,1,2883,34
2021-02-04,Lassen,035,31185,5010,4927,86,5013,1
2021-02-04,Los Angeles,037,10098052,1143374,1106323,36450,1142773,17396
2021-02-04,Madera,039,155013,15053,14706,735,15441,95
2021-02-04,Marin,041,260295,12658,12431,144,12575,192
2021-02-04,Mariposa,043,17540,366,348,3,351,4
2021-02-04,Mendocino,045,87422,3450,3240,66,3306,38
2021-02-04,Merced,047,269075,26952,26629,786,27415,345
2021-02-04,Modoc,049,8938,326,309,105,414,3
2021-02-04,Mono,051,14174,1152,1153,16,1169,3
2021-02-04,Monterey,053,433212,40552,39619,1464,41083,279
2021-02-04,Napa,055,140530,8689,8573,30,8603,55
2021-02-04,Nevada,057,99092,3754,3590,146,3736,37
2021-02-04,Orange,059,3164182,240222,235677,9628,245305,3238
2021-02-04,Placer,061,380077,19767,18711,1007,19718,210
2021-02-04,Plumas,063,18699,625,562,10,572,2
2021-02-04,Riverside,065,2383286,278203,269851,12877,282728,3230
2021-02-04,Sacramento,067,1510023,89929,87658,1107,88765,1222
2021-02-04,San Benito,069,59416,5532,5488,76,5564,51
2021-02-04,San Bernardino,071,2135413,280210,272223,8206,280429,2409
2021-02-04,San Diego,073,3302833,253831,242613,12112,254725,2738
2021-02-04,San Francisco,075,870044,32664,32116,910,33026,326
2021-02-04,San Joaquin,077,732212,64087,62374,2516,64890,883
2021-02-04,San Luis Obispo,079,281455,18729,18058,490,18548,211
2021-02-04,San Mateo,081,765935,37852,36437,373,36810,226
2021-02-04,Santa Barbara,083,443738,30507,29344,923,30267,322
2021-02-04,Santa Clara,085,1922200,105389,103781,484,104265,1404
2021-02-04,Santa Cruz,087,273765,14816,13713,710,14423,156
2021-02-04,Shasta,089,179085,10553,10466,1117,11583,131
2021-02-04,Sierra,091,2930,49,42,12,54,0
2021-02-04,Siskiyou,093,43540,1375,1273,201,1474,4
2021-02-04,Solano,095,438530,28751,28192,327,28519,120
2021-02-04,Sonoma,097,501317,26602,26276,143,26419,249
2021-02-04,Stanislaus,099,539301,48261,46822,4934,51756,678
2021-02-04,Sutter,101,95872,8507,8401,76,8477,92
2021-02-04,Tehama,103,63373,4442,4327,464,4791,21
2021-02-04,Trinity,105,12862,445,260,64,324,3
2021-02-04,Tulare,107,460477,46560,44983,7027,52010,656
2021-02-04,Tuolumne,109,53932,3574,3585,34,3619,45
2021-02-04,Ventura,111,848112,74125,72595,2580,75175,537
2021-02-04,Yolo,113,214977,12328,11982,138,12120,161
2021-02-04,Yuba,115,75493,5249,5135,75,5210,34
2021-02-03,Alameda,001,1643700,76756,74968,1589,76557,880
2021-02-03,Alpine,003,1148,73,72,0,72,0
2021-02-03,Amador,005,37829,3338,3281,26,3307,33
2021-02-03,Butte,007,227075,10873,10355,1542,11897,144
2021-02-03,Calaveras,009,45235,1830,1799,11,1810,21
2021-02-03,Colusa,011,21464,1798,1773,228,2001,10
2021-02-03,Contra Costa,013,1133247,59709,57762,978,58740,537
2021-02-03,Del Norte,015,27424,906,869,4,873,2
2021-02-03,El Dorado,017,186661,8746,8428,572,9000,86
2021-02-03,Fresno,019,978130,92610,89748,7081,96829,1015
2021-02-03,Glenn,021,27897,2170,2098,456,2554,14
2021-02-03,Humboldt,023,135768,2906,2800,19,2819,27
2021-02-03,Imperial,025,180216,26794,26363,2363,28726,547
2021-02-03,Inyo,027,18085,1134,1071,8,1079,27
2021-02-03,Kern,029,883053,89857,86771,8771,95542,877
2021-02-03,Kings,031,150075,21475,20831,892,21723,172
2021-02-03,Lake,033,64148,2967,2869,1,2870,33
2021-02-03,Lassen,035,31185,4998,4910,86,4996,1
2021-02-03,Los Angeles,037,10098052,1140289,1101890,36331,1138221,17163
2021-02-03,Madera,039,155013,15013,14605,733,15338,94
2021-02-03,Marin,041,260295,12623,12406,144,12550,190
2021-02-03,Mariposa,043,17540,365,347,3,350,4
2021-02-03,Mendocino,045,87422,3424,3236,65,3301,38
2021-02-03,Merced,047,269075,26837,26520,782,27302,343
2021-02-03,Modoc,049,8938,325,308,105,413,3
2021-02-03,Mono,051,14174,1145,1146,16,1162,3
2021-02-03,Monterey,053,433212,40425,39500,1447,40947,279
2021-02-03,Napa,055,140530,8654,8534,30,8564,54
2021-02-03,Nevada,057,99092,3740,3572,146,3718,35
2021-02-03,Orange,059,3164182,239478,234738,9596,244334,3189
2021-02-03,Placer,061,380077,19712,18646,1005,19651,210
2021-02-03,Plumas,063,18699,625,559,10,569,2
2021-02-03,Riverside,065,2383286,277460,269019,12847,281866,3195
2021-02-03,Sacramento,067,1510023,89606,87415,1103,88518,1212
2021-02-03,San Benito,069,59416,5514,5463,73,5536,51
2021-02-03,San Bernardino,071,2135413,279724,271477,8183,279660,2308
2021-02-03,San Diego,073,3302833,252929,241015,12066,253081,2683
2021-02-03,San Francisco,075,870044,32534,31983,905,32888,325
2021-02-03,San Joaquin,077,732212,63859,61976,2506,64482,880
2021-02-03,San Luis Obispo,079,281455,18651,17922,487,18409,206
2021-02-03,San Mateo,081,765935,37714,36227,369,36596,225
2021-02-03,Santa Barbara,083,443738,30358,29121,914,30035,315
2021-02-03,Santa Clara,085,1922200,105073,103278,482,103760,1364
2021-02-03,Santa Cruz,087,273765,14761,13611,704,14315,154
2021-02-03,Shasta,089,179085,10510,10422,1112,11534,130
2021-02-03,Sierra,091,2930,49,42,12,54,0
2021-02-03,Siskiyou,093,43540,1364,1268,200,1468,4
2021-02-03,Solano,095,438530,28629,28057,327,28384,119
2021-02-03,Sonoma,097,501317,26518,26155,142,26297,248
2021-02-03,Stanislaus,099,539301,48085,46598,4915,51513,662
2021-02-03,Sutter,101,95872,8482,8379,76,8455,90
2021-02-03,Tehama,103,63373,4424,4309,461,4770,21
2021-02-03,Trinity,105,12862,445,260,63,323,3
2021-02-03,Tulare,107,460477,46388,44838,6971,51809,640
2021-02-03,Tuolumne,109,53932,3563,3568,34,3602,45
2021-02-03,Ventura,111,848112,73788,72124,2570,74694,526
2021-02-03,Yolo,113,214977,12303,11933,138,12071,161
2021-02-03,Yuba,115,75493,5231,5124,75,5199,34
2021-02-02,Alameda,001,1643700,76413,74642,1577,76219,869
2021-02-02,Alpine,003,1148,73,72,0,72,0
2021-02-02,Amador,005,37829,3307,3275,26,3301,33
2021-02-02,Butte,007,227075,10847,10307,1533,11840,141
2021-02-02,Calaveras,009,45235,1820,1786,11,1797,21
2021-02-02,Colusa,011,21464,1790,1769,223,1992,9
2021-02-02,Contra Costa,013,1133247,59429,57551,975,58526,536
2021-02-02,Del Norte,015,27424,900,868,4,872,2
2021-02-02,El Dorado,017,186661,8706,8405,572,8977,84
2021-02-02,Fresno,019,978130,92309,89542,7046,96588,1009
2021-02-02,Glenn,021,27897,2158,2090,453,2543,14
2021-02-02,Humboldt,023,135768,2894,2784,19,2803,25
2021-02-02,Imperial,025,180216,26741,26317,2357,28674,535
2021-02-02,Inyo,027,18085,1131,1074,8,1082,27
2021-02-02,Kern,029,883053,89554,86485,8695,95180,867
2021-02-02,Kings,031,150075,21397,20785,884,21669,172
2021-02-02,Lake,033,64148,2947,2857,1,2858,33
2021-02-02,Lassen,035,31185,4991,4908,86,4994,1
2021-02-02,Los Angeles,037,10098052,1136905,1097573,36170,1133743,16913
2021-02-02,Madera,039,155013,14962,14595,728,15323,94
2021-02-02,Marin,041,260295,12593,12367,144,12511,189
2021-02-02,Mariposa,043,17540,362,345,3,348,4
2021-02-02,Mendocino,045,87422,3391,3210,65,3275,38
2021-02-02,Merced,047,269075,26740,26427,776,27203,340
2021-02-02,Modoc,049,8938,320,306,105,411,3
2021-02-02,Mono,051,14174,1143,1147,16,1163,3
2021-02-02,Monterey,053,433212,40290,39371,1433,40804,278
2021-02-02,Napa,055,140530,8625,8505,30,8535,53
2021-02-02,Nevada,057,99092,3725,3548,146,3694,20
2021-02-02,Orange,059,3164182,238675,233783,9561,243344,3152
2021-02-02,Placer,061,380077,19653,18615,1001,19616,205
2021-02-02,Plumas,063,18699,625,560,10,570,2
2021-02-02,Riverside,065,2383286,276603,267901,12813,280714,3169
2021-02-02,Sacramento,067,1510023,89316,87107,1092,88199,1202
2021-02-02,San Benito,069,59416,5500,5444,72,5516,50
2021-02-02,San Bernardino,071,2135413,279047,270486,8154,278640,2244
2021-02-02,San Diego,073,3302833,251890,240047,11979,252026,2629
2021-02-02,San Francisco,075,870044,32380,31788,895,32683,324
2021-02-02,San Joaquin,077,732212,63638,61708,2493,64201,878
2021-02-02,San Luis Obispo,079,281455,18557,17811,485,18296,201
2021-02-02,San Mateo,081,765935,37550,36004,363,36367,225
2021-02-02,Santa Barbara,083,443738,30187,28951,907,29858,304
2021-02-02,Santa Clara,085,1922200,104608,102872,477,103349,1349
2021-02-02,Santa Cruz,087,273765,14702,13572,700,14272,150
2021-02-02,Shasta,089,179085,10484,10371,1102,11473,128
2021-02-02,Sierra,091,2930,49,42,12,54,0
2021-02-02,Siskiyou,093,43540,1357,1252,197,1449,4
2021-02-02,Solano,095,438530,28533,27963,323,28286,118
2021-02-02,Sonoma,097,501317,26402,26054,142,26196,247
2021-02-02,Stanislaus,099,539301,47866,46306,4883,51189,641
2021-02-02,Sutter,101,95872,8459,8340,76,8416,89
2021-02-02,Tehama,103,63373,4410,4289,460,4749,21
2021-02-02,Trinity,105,12862,445,260,63,323,3
2021-02-02,Tulare,107,460477,46232,44720,6906,51626,625
2021-02-02,Tuolumne,109,53932,3551,3548,34,3582,39
2021-02-02,Ventura,111,848112,73372,71557,2560,74117,514
2021-02-02,Yolo,113,214977,12258,11886,136,12022,158
2021-02-02,Yuba,115,75493,5213,5111,74,5185,34
2021-02-01,Alameda,001,1643700,76057,74374,1572,75946,858
2021-02-01,Alpine,003,1148,73,72,0,72,0
2021-02-01,Amador,005,37829,3296,3234,26,3260,32
2021-02-01,Butte,007,227075,10803,10263,1529,11792,141
2021-02-01,Calaveras,009,45235,1813,1785,11,1796,21
2021-02-01,Colusa,011,21464,1785,1763,214,1977,9
2021-02-01,Contra Costa,013,1133247,59187,57324,974,58298,531
2021-02-01,Del Norte,015,27424,896,865,4,869,2
2021-02-01,El Dorado,017,186661,8667,8337,572,8909,83
2021-02-01,Fresno,019,978130,91977,89272,7011,96283,994
2021-02-01,Glenn,021,27897,2142,2086,445,2531,14
2021-02-01,Humboldt,023,135768,2873,2773,18,2791,25
2021-02-01,Imperial,025,180216,26698,26224,2355,28579,530
2021-02-01,Inyo,027,18085,1121,1072,8,1080,27
2021-02-01,Kern,029,883053,89157,86170,8627,94797,862
2021-02-01,Kings,031,150075,21306,20746,876,21622,172
2021-02-01,Lake,033,64148,2931,2843,1,2844,33
2021-02-01,Lassen,035,31185,4971,4907,86,4993,1
2021-02-01,Los Angeles,037,10098052,1133077,1094341,36005,1130346,16695
2021-02-01,Madera,039,155013,14927,14572,725,15297,94
2021-02-01,Marin,041,260295,12554,12341,143,12484,188
2021-02-01,Mariposa,043,17540,360,344,3,347,4
2021-02-01,Mendocino,045,87422,3358,3192,65,3257,37
2021-02-01,Merced,047,269075,26616,26282,767,27049,337
2021-02-01,Modoc,049,8938,314,303,101,404,1
2021-02-01,Mono,051,14174,1140,1145,16,1161,3
2021-02-01,Monterey,053,433212,40106,39196,1412,40608,278
2021-02-01,Napa,055,140530,8592,8449,30,8479,52
2021-02-01,Nevada,057,99092,3708,3535,145,3680,20
2021-02-01,Orange,059,3164182,237761,233155,9516,242671,3100
2021-02-01,Placer,061,380077,19586,18574,994,19568,204
2021-02-01,Plumas,063,18699,623,554,10,564,2
2021-02-01,Riverside,065,2383286,275663,267025,12778,279803,3092
2021-02-01,Sacramento,067,1510023,88913,86856,1081,87937,1193
2021-02-01,San Benito,069,59416,5482,5432,72,5504,48
2021-02-01,San Bernardino,071,2135413,278352,270012,8115,278127,2172
2021-02-01,San Diego,073,3302833,250665,239121,11903,251024,2619
2021-02-01,San Francisco,075,870044,32245,31703,883,32586,324
2021-02-01,San Joaquin,077,732212,63432,61542,2482,64024,877
2021-02-01,San Luis Obispo,079,281455,18437,17690,478,18168,199
2021-02-01,San Mateo,081,765935,37401,35843,363,36206,220
2021-02-01,Santa Barbara,083,443738,30018,28837,899,29736,297
2021-02-01,Santa Clara,085,1922200,104191,102462,476,102938,1343
2021-02-01,Santa Cruz,087,273765,14649,13524,698,14222,149
2021-02-01,Shasta,089,179085,10459,10329,1096,11425,112
2021-02-01,Sierra,091,2930,49,42,12,54,0
2021-02-01,Siskiyou,093,43540,1350,1238,194,1432,4
2021-02-01,Solano,095,438530,28428,27844,322,28166,117
2021-02-01,Sonoma,097,501317,26314,26011,141,26152,243
2021-02-01,Stanislaus,099,539301,47609,46112,4855,50967,642
2021-02-01,Sutter,101,95872,8420,8313,76,8389,89
2021-02-01,Tehama,103,63373,4384,4263,460,4723,21
2021-02-01,Trinity,105,12862,443,260,63,323,3
2021-02-01,Tulare,107,460477,46087,44569,6826,51395,618
2021-02-01,Tuolumne,109,53932,3543,3534,34,3568,39
2021-02-01,Ventura,111,848112,72967,71104,2543,73647,502
2021-02-01,Yolo,113,214977,12211,11824,135,11959,151
2021-02-01,Yuba,115,75493,5199,5084,73,5157,33
2021-01-31,Alameda,001,1643700,75632,73979,1564,75543,857
2021-01-31,Alpine,003,1148,73,72,0,72,0
2021-01-31,Amador,005,37829,3286,3212,25,3237,32
2021-01-31,Butte,007,227075,10758,10215,1519,11734,140
2021-01-31,Calaveras,009,45235,1793,1778,11,1789,21
2021-01-31,Colusa,011,21464,1779,1754,209,1963,9
2021-01-31,Contra Costa,013,1133247,58856,57079,974,58053,531
2021-01-31,Del Norte,015,27424,894,865,4,869,2
2021-01-31,El Dorado,017,186661,8629,8317,570,8887,83
2021-01-31,Fresno,019,978130,91665,88852,6957,95809,994
2021-01-31,Glenn,021,27897,2132,2083,444,2527,14
2021-01-31,Humboldt,023,135768,2857,2767,18,2785,25
2021-01-31,Imperial,025,180216,26625,26206,2346,28552,530
2021-01-31,Inyo,027,18085,1108,1072,8,1080,27
2021-01-31,Kern,029,883053,88660,85872,8543,94415,861
2021-01-31,Kings,031,150075,21222,20709,864,21573,172
2021-01-31,Lake,033,64148,2910,2826,1,2827,33
2021-01-31,Lassen,035,31185,4955,4900,86,4986,1
2021-01-31,Los Angeles,037,10098052,1128446,1090304,35805,1126109,16609
2021-01-31,Madera,039,155013,14873,14496,717,15213,94
2021-01-31,Marin,041,260295,12507,12297,139,12436,185
2021-01-31,Mariposa,043,17540,358,344,3,347,4
2021-01-31,Mendocino,045,87422,3335,3181,64,3245,37
2021-01-31,Merced,047,269075,26473,26222,762,26984,337
2021-01-31,Modoc,049,8938,311,304,99,403,1
2021-01-31,Mono,051,14174,1137,1146,16,1162,3
2021-01-31,Monterey,053,433212,39927,39035,1385,40420,278
2021-01-31,Napa,055,140530,8551,8404,30,8434,52
2021-01-31,Nevada,057,99092,3686,3518,143,3661,20
2021-01-31,Orange,059,3164182,236744,232347,9476,241823,3053
2021-01-31,Placer,061,380077,19509,18506,983,19489,204
2021-01-31,Plumas,063,18699,622,554,10,564,2
2021-01-31,Riverside,065,2383286,274646,266145,12731,278876,3074
2021-01-31,Sacramento,067,1510023,88472,86560,1067,87627,1186
2021-01-31,San Benito,069,59416,5460,5425,70,5495,48
2021-01-31,San Bernardino,071,2135413,277350,269533,8086,277619,2156
2021-01-31,San Diego,073,3302833,249352,238039,11789,249828,2619
2021-01-31,San Francisco,075,870044,32056,31563,872,32435,323
2021-01-31,San Joaquin,077,732212,63031,61379,2473,63852,877
2021-01-31,San Luis Obispo,079,281455,18304,17615,473,18088,199
2021-01-31,San Mateo,081,765935,37211,35659,360,36019,219
2021-01-31,Santa Barbara,083,443738,29774,28570,890,29460,297
2021-01-31,Santa Clara,085,1922200,103656,101986,467,102453,1330
2021-01-31,Santa Cruz,087,273765,14554,13469,684,14153,149
2021-01-31,Shasta,089,179085,10414,10313,1088,11401,112
2021-01-31,Sierra,091,2930,48,43,12,55,0
2021-01-31,Siskiyou,093,43540,1340,1238,194,1432,4
2021-01-31,Solano,095,438530,28298,27678,322,28000,118
2021-01-31,Sonoma,097,501317,26211,25925,140,26065,243
2021-01-31,Stanislaus,099,539301,47325,45971,4825,50796,642
2021-01-31,Sutter,101,95872,8375,8289,76,8365,89
2021-01-31,Tehama,103,63373,4362,4256,459,4715,21
2021-01-31,Trinity,105,12862,441,260,63,323,3
2021-01-31,Tulare,107,460477,45919,44440,6747,51187,618
2021-01-31,Tuolumne,109,53932,3505,3519,34,3553,39
2021-01-31,Ventura,111,848112,72372,70635,2530,73165,502
2021-01-31,Yolo,113,214977,12151,11771,135,11906,151
2021-01-31,Yuba,115,75493,5179,5071,73,5144,33
2021-01-30,Alameda,001,1643700,75428,73622,1559,75181,850
2021-01-30,Alpine,003,1148,73,72,0,72,0
2021-01-30,Amador,005,37829,3282,3181,25,3206,32
2021-01-30,Butte,007,227075,10724,10177,1510,11687,139
2021-01-30,Calaveras,009,45235,1780,1763,11,1774,21
2021-01-30,Colusa,011,21464,1777,1748,209,1957,9
2021-01-30,Contra Costa,013,1133247,58677,56763,970,57733,531
2021-01-30,Del Norte,015,27424,893,865,4,869,2
2021-01-30,El Dorado,017,186661,8609,8299,569,8868,83
2021-01-30,Fresno,019,978130,91485,88476,6937,95413,964
2021-01-30,Glenn,021,27897,2129,2074,442,2516,14
2021-01-30,Humboldt,023,135768,2846,2742,18,2760,24
2021-01-30,Imperial,025,180216,26601,26160,2344,28504,530
2021-01-30,Inyo,027,18085,1104,1068,8,1076,27
2021-01-30,Kern,029,883053,88459,85572,8478,94050,848
2021-01-30,Kings,031,150075,21151,20605,859,21464,169
2021-01-30,Lake,033,64148,2904,2809,1,2810,33
2021-01-30,Lassen,035,31185,4951,4890,86,4976,1
2021-01-30,Los Angeles,037,10098052,1126047,1084763,35664,1120427,16484
2021-01-30,Madera,039,155013,14831,14443,712,15155,94
2021-01-30,Marin,041,260295,12480,12225,138,12363,185
2021-01-30,Mariposa,043,17540,356,344,3,347,4
2021-01-30,Mendocino,045,87422,3321,3153,63,3216,36
2021-01-30,Merced,047,269075,26399,26078,760,26838,335
2021-01-30,Modoc,049,8938,311,303,99,402,1
2021-01-30,Mono,051,14174,1137,1143,16,1159,3
2021-01-30,Monterey,053,433212,39867,38847,1383,40230,277
2021-01-30,Napa,055,140530,8535,8342,30,8372,52
2021-01-30,Nevada,057,99092,3667,3499,143,3642,20
2021-01-30,Orange,059,3164182,236199,231358,9439,240797,3013
2021-01-30,Placer,061,380077,19456,18430,977,19407,205
2021-01-30,Plumas,063,18699,620,554,10,564,2
2021-01-30,Riverside,065,2383286,274050,265137,12700,277837,3061
2021-01-30,Sacramento,067,1510023,88281,86388,1062,87450,1184
2021-01-30,San Benito,069,59416,5442,5401,69,5470,48
2021-01-30,San Bernardino,071,2135413,276922,268660,8066,276726,2122
2021-01-30,San Diego,073,3302833,248587,236765,11744,248509,2603
2021-01-30,San Francisco,075,870044,31955,31427,869,32296,316
2021-01-30,San Joaquin,077,732212,62899,61120,2464,63584,864
2021-01-30,San Luis Obispo,079,281455,18224,17522,472,17994,198
2021-01-30,San Mateo,081,765935,37072,35451,359,35810,219
2021-01-30,Santa Barbara,083,443738,29632,28342,888,29230,296
2021-01-30,Santa Clara,085,1922200,103327,101471,465,101936,1307
2021-01-30,Santa Cruz,087,273765,14514,13383,683,14066,149
2021-01-30,Shasta,089,179085,10395,10283,1085,11368,112
2021-01-30,Sierra,091,2930,48,43,12,55,0
2021-01-30,Siskiyou,093,43540,1337,1236,193,1429,4
2021-01-30,Solano,095,438530,28215,27511,321,27832,118
2021-01-30,Sonoma,097,501317,26163,25810,137,25947,243
2021-01-30,Stanislaus,099,539301,47195,45697,4798,50495,642
2021-01-30,Sutter,101,95872,8359,8226,76,8302,87
2021-01-30,Tehama,103,63373,4349,4229,458,4687,21
2021-01-30,Trinity,105,12862,441,259,63,322,3
2021-01-30,Tulare,107,460477,45783,44203,6711,50914,615
2021-01-30,Tuolumne,109,53932,3501,3508,34,3542,36
2021-01-30,Ventura,111,848112,72060,69931,2516,72447,493
2021-01-30,Yolo,113,214977,12137,11698,134,11832,151
2021-01-30,Yuba,115,75493,5169,5042,72,5114,33
2021-01-29,Alameda,001,1643700,75161,73210,1552,74762,841
2021-01-29,Alpine,003,1148,73,72,0,72,0
2021-01-29,Amador,005,37829,3270,3134,24,3158,32
2021-01-29,Butte,007,227075,10692,10122,1501,11623,138
2021-01-29,Calaveras,009,45235,1769,1757,11,1768,21
2021-01-29,Colusa,011,21464,1773,1734,208,1942,8
2021-01-29,Contra Costa,013,1133247,58510,56318,968,57286,529
2021-01-29,Del Norte,015,27424,892,865,4,869,2
2021-01-29,El Dorado,017,186661,8592,8231,568,8799,83
2021-01-29,Fresno,019,978130,91271,87936,6900,94836,962
2021-01-29,Glenn,021,27897,2124,2061,441,2502,14
2021-01-29,Humboldt,023,135768,2833,2707,18,2725,24
2021-01-29,Imperial,025,180216,26586,26045,2341,28386,521
2021-01-29,Inyo,027,18085,1092,1048,8,1056,27
2021-01-29,Kern,029,883053,88232,85044,8427,93471,836
2021-01-29,Kings,031,150075,21112,20466,854,21320,169
2021-01-29,Lake,033,64148,2894,2792,1,2793,32
2021-01-29,Lassen,035,31185,4948,4874,86,4960,1
2021-01-29,Los Angeles,037,10098052,1122551,1078329,35514,1113843,16190
2021-01-29,Madera,039,155013,14784,14377,712,15089,94
2021-01-29,Marin,041,260295,12435,12145,137,12282,185
2021-01-29,Mariposa,043,17540,355,342,3,345,4
2021-01-29,Mendocino,045,87422,3312,3131,62,3193,36
2021-01-29,Merced,047,269075,26325,25865,755,26620,334
2021-01-29,Modoc,049,8938,310,297,99,396,1
2021-01-29,Mono,051,14174,1135,1139,16,1155,3
2021-01-29,Monterey,053,433212,39754,38539,1375,39914,277
2021-01-29,Napa,055,140530,8504,8276,30,8306,52
2021-01-29,Nevada,057,99092,3658,3487,142,3629,20
2021-01-29,Orange,059,3164182,235523,229917,9402,239319,2967
2021-01-29,Placer,061,380077,19403,18367,973,19340,203
2021-01-29,Plumas,063,18699,619,548,10,558,2
2021-01-29,Riverside,065,2383286,273249,263504,12668,276172,3008
2021-01-29,Sacramento,067,1510023,88027,86320,1057,87377,1169
2021-01-29,San Benito,069,59416,5434,5386,69,5455,48
2021-01-29,San Bernardino,071,2135413,276404,267490,8028,275518,2095
2021-01-29,San Diego,073,3302833,247645,234637,11666,246303,2571
2021-01-29,San Francisco,075,870044,31816,31294,861,32155,307
2021-01-29,San Joaquin,077,732212,62755,60899,2450,63349,858
2021-01-29,San Luis Obispo,079,281455,18164,17440,467,17907,193
2021-01-29,San Mateo,081,765935,36939,35223,356,35579,218
2021-01-29,Santa Barbara,083,443738,29499,28105,882,28987,291
2021-01-29,Santa Clara,085,1922200,102972,101010,463,101473,1273
2021-01-29,Santa Cruz,087,273765,14461,13311,680,13991,148
2021-01-29,Shasta,089,179085,10379,10220,1081,11301,112
2021-01-29,Sierra,091,2930,48,43,12,55,0
2021-01-29,Siskiyou,093,43540,1336,1227,193,1420,4
2021-01-29,Solano,095,438530,28132,27352,319,27671,116
2021-01-29,Sonoma,097,501317,26107,25710,136,25846,243
2021-01-29,Stanislaus,099,539301,47052,45466,4776,50242,642
2021-01-29,Sutter,101,95872,8340,8181,76,8257,87
2021-01-29,Tehama,103,63373,4337,4191,456,4647,20
2021-01-29,Trinity,105,12862,441,260,63,323,3
2021-01-29,Tulare,107,460477,45676,43925,6672,50597,606
2021-01-29,Tuolumne,109,53932,3491,3483,34,3517,36
2021-01-29,Ventura,111,848112,71638,69511,2503,72014,484
2021-01-29,Yolo,113,214977,12099,11612,134,11746,151
2021-01-29,Yuba,115,75493,5153,5018,72,5090,32
2021-01-28,Alameda,001,1643700,74738,72758,1544,74302,833
2021-01-28,Alpine,003,1148,73,72,0,72,0
2021-01-28,Amador,005,37829,3233,3124,24,3148,31
2021-01-28,Butte,007,227075,10651,10037,1491,11528,138
2021-01-28,Calaveras,009,45235,1756,1747,10,1757,21
2021-01-28,Colusa,011,21464,1766,1731,204,1935,8
2021-01-28,Contra Costa,013,1133247,58267,55999,958,56957,525
2021-01-28,Del Norte,015,27424,891,862,4,866,2
2021-01-28,El Dorado,017,186661,8577,8198,563,8761,79
2021-01-28,Fresno,019,978130,90985,87401,6853,94254,949
2021-01-28,Glenn,021,27897,2119,2043,434,2477,14
2021-01-28,Humboldt,023,135768,2816,2686,18,2704,24
2021-01-28,Imperial,025,180216,26542,25984,2334,28318,517
2021-01-28,Inyo,027,18085,1087,1039,8,1047,27
2021-01-28,Kern,029,883053,87903,84708,8344,93052,817
2021-01-28,Kings,031,150075,21052,20328,851,21179,167
2021-01-28,Lake,033,64148,2879,2772,1,2773,32
2021-01-28,Lassen,035,31185,4942,4865,86,4951,1
2021-01-28,Los Angeles,037,10098052,1118636,1072412,35328,1107740,15967
2021-01-28,Madera,039,155013,14729,14301,708,15009,94
2021-01-28,Marin,041,260295,12386,12079,136,12215,183
2021-01-28,Mariposa,043,17540,355,334,3,337,4
2021-01-28,Mendocino,045,87422,3295,3110,62,3172,36
2021-01-28,Merced,047,269075,26203,25620,743,26363,328
2021-01-28,Modoc,049,8938,309,297,99,396,0
2021-01-28,Mono,051,14174,1133,1131,16,1147,3
2021-01-28,Monterey,053,433212,39560,38312,1356,39668,274
2021-01-28,Napa,055,140530,8457,8233,30,8263,50
2021-01-28,Nevada,057,99092,3643,3452,141,3593,19
2021-01-28,Orange,059,3164182,234548,228636,9372,238008,2860
2021-01-28,Placer,061,380077,19343,18246,970,19216,198
2021-01-28,Plumas,063,18699,618,547,10,557,2
2021-01-28,Riverside,065,2383286,272469,262342,12620,274962,2981
2021-01-28,Sacramento,067,1510023,87662,85698,1046,86744,1149
2021-01-28,San Benito,069,59416,5416,5344,68,5412,47
2021-01-28,San Bernardino,071,2135413,275702,266456,8007,274463,2057
2021-01-28,San Diego,073,3302833,246492,232967,11577,244544,2534
2021-01-28,San Francisco,075,870044,31679,31193,845,32038,290
2021-01-28,San Joaquin,077,732212,62493,60627,2436,63063,854
2021-01-28,San Luis Obispo,079,281455,18064,17279,465,17744,189
2021-01-28,San Mateo,081,765935,36770,34931,340,35271,218
2021-01-28,Santa Barbara,083,443738,29276,27674,869,28543,284
2021-01-28,Santa Clara,085,1922200,102516,100470,461,100931,1219
2021-01-28,Santa Cruz,087,273765,14372,13188,674,13862,145
2021-01-28,Shasta,089,179085,10345,10176,1073,11249,110
2021-01-28,Sierra,091,2930,48,43,12,55,0
2021-01-28,Siskiyou,093,43540,1329,1218,191,1409,4
2021-01-28,Solano,095,438530,27972,27163,318,27481,114
2021-01-28,Sonoma,097,501317,26015,25564,136,25700,236
2021-01-28,Stanislaus,099,539301,46844,45162,4757,49919,640
2021-01-28,Sutter,101,95872,8293,8136,76,8212,85
2021-01-28,Tehama,103,63373,4314,4163,453,4616,20
2021-01-28,Trinity,105,12862,439,260,63,323,3
2021-01-28,Tulare,107,460477,45521,43742,6597,50339,595
2021-01-28,Tuolumne,109,53932,3477,3472,34,3506,32
2021-01-28,Ventura,111,848112,71126,68896,2487,71383,475
2021-01-28,Yolo,113,214977,12057,11500,130,11630,151
2021-01-28,Yuba,115,75493,5137,4994,71,5065,32
2021-01-27,Alameda,001,1643700,74319,72188,1537,73725,815
2021-01-27,Alpine,003,1148,73,72,0,72,0
2021-01-27,Amador,005,37829,3217,3116,24,3140,31
2021-01-27,Butte,007,227075,10612,9988,1479,11467,138
2021-01-27,Calaveras,009,45235,1747,1737,10,1747,21
2021-01-27,Colusa,011,21464,1760,1724,202,1926,8
2021-01-27,Contra Costa,013,1133247,57973,55578,955,56533,507
2021-01-27,Del Norte,015,27424,890,859,4,863,2
2021-01-27,El Dorado,017,186661,8551,8141,562,8703,76
2021-01-27,Fresno,019,978130,90693,86886,6811,93697,938
2021-01-27,Glenn,021,27897,2115,2042,433,2475,14
2021-01-27,Humboldt,023,135768,2794,2630,18,2648,24
2021-01-27,Imperial,025,180216,26488,25861,2322,28183,504
2021-01-27,Inyo,027,18085,1083,1023,8,1031,27
2021-01-27,Kern,029,883053,87593,84244,8274,92518,809
2021-01-27,Kings,031,150075,20946,20211,843,21054,167
2021-01-27,Lake,033,64148,2859,2750,1,2751,32
2021-01-27,Lassen,035,31185,4936,4851,86,4937,1
2021-01-27,Los Angeles,037,10098052,1113824,1066569,35125,1101694,15757
2021-01-27,Madera,039,155013,14687,14194,703,14897,86
2021-01-27,Marin,041,260295,12348,12028,135,12163,180
2021-01-27,Mariposa,043,17540,355,333,3,336,4
2021-01-27,Mendocino,045,87422,3275,3095,62,3157,36
2021-01-27,Merced,047,269075,26044,25439,732,26171,315
2021-01-27,Modoc,049,8938,309,297,96,393,0
2021-01-27,Mono,051,14174,1131,1131,16,1147,3
2021-01-27,Monterey,053,433212,39353,38139,1337,39476,268
2021-01-27,Napa,055,140530,8384,8187,30,8217,46
2021-01-27,Nevada,057,99092,3621,3431,141,3572,18
2021-01-27,Orange,059,3164182,233432,227110,9320,236430,2832
2021-01-27,Placer,061,380077,19273,18106,959,19065,198
2021-01-27,Plumas,063,18699,618,544,10,554,2
2021-01-27,Riverside,065,2383286,271274,260796,12569,273365,2931
2021-01-27,Sacramento,067,1510023,87302,85428,1034,86462,1142
2021-01-27,San Benito,069,59416,5401,5284,68,5352,47
2021-01-27,San Bernardino,071,2135413,274848,265153,7974,273127,2019
2021-01-27,San Diego,073,3302833,245163,231478,11472,242950,2465
2021-01-27,San Francisco,075,870044,31534,31082,838,31920,287
2021-01-27,San Joaquin,077,732212,62223,60131,2417,62548,853
2021-01-27,San Luis Obispo,079,281455,17956,17119,461,17580,188
2021-01-27,San Mateo,081,765935,36615,34619,337,34956,216
2021-01-27,Santa Barbara,083,443738,29099,27435,863,28298,282
2021-01-27,Santa Clara,085,1922200,102101,99732,457,100189,1184
2021-01-27,Santa Cruz,087,273765,14302,13111,671,13782,143
2021-01-27,Shasta,089,179085,10311,10106,1067,11173,105
2021-01-27,Sierra,091,2930,48,44,12,56,0
2021-01-27,Siskiyou,093,43540,1324,1214,188,1402,4
2021-01-27,Solano,095,438530,27795,26982,311,27293,112
2021-01-27,Sonoma,097,501317,25917,25361,132,25493,237
2021-01-27,Stanislaus,099,539301,46660,44874,4732,49606,624
2021-01-27,Sutter,101,95872,8250,8093,76,8169,83
2021-01-27,Tehama,103,63373,4294,4133,449,4582,20
2021-01-27,Trinity,105,12862,439,260,63,323,3
2021-01-27,Tulare,107,460477,45334,43462,6527,49989,583
2021-01-27,Tuolumne,109,53932,3467,3464,34,3498,32
2021-01-27,Ventura,111,848112,70652,68291,2462,70753,468
2021-01-27,Yolo,113,214977,12010,11427,128,11555,151
2021-01-27,Yuba,115,75493,5121,4968,71,5039,32
2021-01-26,Alameda,001,1643700,73942,71851,1520,73371,789
2021-01-26,Alpine,003,1148,73,72,0,72,0
2021-01-26,Amador,005,37829,3206,3113,24,3137,31
2021-01-26,Butte,007,227075,10570,9943,1473,11416,136
2021-01-26,Calaveras,009,45235,1737,1723,10,1733,21
2021-01-26,Colusa,011,21464,1753,1719,199,1918,8
2021-01-26,Contra Costa,013,1133247,57700,55337,947,56284,491
2021-01-26,Del Norte,015,27424,889,856,4,860,2
2021-01-26,El Dorado,017,186661,8527,8115,560,8675,71
2021-01-26,Fresno,019,978130,90335,86673,6768,93441,923
2021-01-26,Glenn,021,27897,2105,2034,428,2462,13
2021-01-26,Humboldt,023,135768,2773,2612,17,2629,24
2021-01-26,Imperial,025,180216,26416,25812,2310,28122,498
2021-01-26,Inyo,027,18085,1077,1018,8,1026,27
2021-01-26,Kern,029,883053,87170,83868,8199,92067,790
2021-01-26,Kings,031,150075,20888,20156,838,20994,159
2021-01-26,Lake,033,64148,2851,2748,1,2749,32
2021-01-26,Lassen,035,31185,4930,4844,86,4930,1
2021-01-26,Los Angeles,037,10098052,1108534,1060492,34927,1095419,15458
2021-01-26,Madera,039,155013,14630,14130,697,14827,86
2021-01-26,Marin,041,260295,12304,11993,133,12126,179
2021-01-26,Mariposa,043,17540,353,332,3,335,3
2021-01-26,Mendocino,045,87422,3249,3076,61,3137,36
2021-01-26,Merced,047,269075,25904,25359,724,26083,309
2021-01-26,Modoc,049,8938,302,291,95,386,0
2021-01-26,Mono,051,14174,1129,1120,16,1136,3
2021-01-26,Monterey,053,433212,39159,37963,1317,39280,255
2021-01-26,Napa,055,140530,8327,8145,30,8175,43
2021-01-26,Nevada,057,99092,3614,3410,140,3550,18
2021-01-26,Orange,059,3164182,232309,225987,9274,235261,2760
2021-01-26,Placer,061,380077,19197,18016,957,18973,193
2021-01-26,Plumas,063,18699,616,536,10,546,2
2021-01-26,Riverside,065,2383286,269905,259399,12506,271905,2898
2021-01-26,Sacramento,067,1510023,86942,85062,1027,86089,1127
2021-01-26,San Benito,069,59416,5387,5251,67,5318,45
2021-01-26,San Bernardino,071,2135413,273853,263736,7932,271668,1970
2021-01-26,San Diego,073,3302833,243667,230063,11370,241433,2421
2021-01-26,San Francisco,075,870044,31402,30874,819,31693,286
2021-01-26,San Joaquin,077,732212,61971,59889,2401,62290,847
2021-01-26,San Luis Obispo,079,281455,17875,17016,458,17474,186
2021-01-26,San Mateo,081,765935,36421,34441,326,34767,213
2021-01-26,Santa Barbara,083,443738,28923,27321,851,28172,273
2021-01-26,Santa Clara,085,1922200,101622,99215,454,99669,1171
2021-01-26,Santa Cruz,087,273765,14236,13045,665,13710,134
2021-01-26,Shasta,089,179085,10276,10036,1059,11095,103
2021-01-26,Sierra,091,2930,48,43,12,55,0
2021-01-26,Siskiyou,093,43540,1309,1208,186,1394,4
2021-01-26,Solano,095,438530,27639,26858,304,27162,110
2021-01-26,Sonoma,097,501317,25798,25273,130,25403,236
2021-01-26,Stanislaus,099,539301,46478,44703,4692,49395,599
2021-01-26,Sutter,101,95872,8207,8067,76,8143,83
2021-01-26,Tehama,103,63373,4261,4115,449,4564,20
2021-01-26,Trinity,105,12862,439,260,63,323,3
2021-01-26,Tulare,107,460477,45131,43394,6459,49853,579
2021-01-26,Tuolumne,109,53932,3457,3451,34,3485,30
2021-01-26,Ventura,111,848112,70120,67526,2436,69962,448
2021-01-26,Yolo,113,214977,11966,11361,125,11486,148
2021-01-26,Yuba,115,75493,5096,4944,69,5013,31
2021-01-25,Alameda,001,1643700,73517,71255,1510,72765,780
2021-01-25,Alpine,003,1148,73,72,0,72,0
2021-01-25,Amador,005,37829,3166,3074,24,3098,30
2021-01-25,Butte,007,227075,10505,9865,1465,11330,133
2021-01-25,Calaveras,009,45235,1722,1713,10,1723,21
2021-01-25,Colusa,011,21464,1741,1709,195,1904,8
2021-01-25,Contra Costa,013,1133247,57347,54989,940,55929,488
2021-01-25,Del Norte,015,27424,889,855,4,859,2
2021-01-25,El Dorado,017,186661,8502,8060,559,8619,66
2021-01-25,Fresno,019,978130,89965,86336,6736,93072,913
2021-01-25,Glenn,021,27897,2096,2028,428,2456,13
2021-01-25,Humboldt,023,135768,2739,2587,17,2604,24
2021-01-25,Imperial,025,180216,26368,25745,2303,28048,491
2021-01-25,Inyo,027,18085,1071,1015,8,1023,27
2021-01-25,Kern,029,883053,86785,83401,8114,91515,787
2021-01-25,Kings,031,150075,20768,20067,834,20901,159
2021-01-25,Lake,033,64148,2833,2729,1,2730,32
2021-01-25,Lassen,035,31185,4903,4835,86,4921,1
2021-01-25,Los Angeles,037,10098052,1102569,1055181,34707,1089888,15163
2021-01-25,Madera,039,155013,14575,14068,692,14760,86
2021-01-25,Marin,041,260295,12255,11923,129,12052,177
2021-01-25,Mariposa,043,17540,350,331,3,334,3
2021-01-25,Mendocino,045,87422,3238,3054,61,3115,35
2021-01-25,Merced,047,269075,25765,25181,715,25896,305
2021-01-25,Modoc,049,8938,301,288,91,379,0
2021-01-25,Mono,051,14174,1126,1114,15,1129,3
2021-01-25,Monterey,053,433212,38907,37726,1298,39024,255
2021-01-25,Napa,055,140530,8293,8057,29,8086,43
2021-01-25,Nevada,057,99092,3600,3365,140,3505,18
2021-01-25,Orange,059,3164182,231100,225105,9229,234334,2696
2021-01-25,Placer,061,380077,19107,17936,942,18878,193
2021-01-25,Plumas,063,18699,613,533,10,543,2
2021-01-25,Riverside,065,2383286,268168,258082,12453,270535,2789
2021-01-25,Sacramento,067,1510023,86500,84653,1019,85672,1118
2021-01-25,San Benito,069,59416,5352,5238,66,5304,43
2021-01-25,San Bernardino,071,2135413,272927,263174,7896,271070,1947
2021-01-25,San Diego,073,3302833,242054,228630,11298,239928,2375
2021-01-25,San Francisco,075,870044,31256,30734,796,31530,288
2021-01-25,San Joaquin,077,732212,61680,59291,2376,61667,838
2021-01-25,San Luis Obispo,079,281455,17741,16868,453,17321,179
2021-01-25,San Mateo,081,765935,36188,34187,320,34507,213
2021-01-25,Santa Barbara,083,443738,28689,27065,841,27906,269
2021-01-25,Santa Clara,085,1922200,101098,98647,446,99093,1143
2021-01-25,Santa Cruz,087,273765,14149,12973,661,13634,133
2021-01-25,Shasta,089,179085,10235,9991,1048,11039,103
2021-01-25,Sierra,091,2930,48,42,12,54,0
2021-01-25,Siskiyou,093,43540,1301,1205,183,1388,4
2021-01-25,Solano,095,438530,27471,26648,303,26951,109
2021-01-25,Sonoma,097,501317,25691,25160,128,25288,233
2021-01-25,Stanislaus,099,539301,46232,44293,4650,48943,599
2021-01-25,Sutter,101,95872,8164,8023,76,8099,83
2021-01-25,Tehama,103,63373,4234,4082,445,4527,20
2021-01-25,Trinity,105,12862,439,262,63,325,3
2021-01-25,Tulare,107,460477,44914,43124,6357,49481,578
2021-01-25,Tuolumne,109,53932,3448,3422,34,3456,29
2021-01-25,Ventura,111,848112,69499,66910,2420,69330,439
2021-01-25,Yolo,113,214977,11882,11276,124,11400,140
2021-01-25,Yuba,115,75493,5075,4900,67,4967,31
2021-01-24,Alameda,001,1643700,73015,70823,1499,72322,780
2021-01-24,Alpine,003,1148,73,72,0,72,0
2021-01-24,Amador,005,37829,3133,3054,24,3078,30
2021-01-24,Butte,007,227075,10421,9820,1449,11269,133
2021-01-24,Calaveras,009,45235,1709,1704,10,1714,21
2021-01-24,Colusa,011,21464,1730,1689,189,1878,8
2021-01-24,Contra Costa,013,1133247,56961,54694,928,55622,488
2021-01-24,Del Norte,015,27424,885,855,4,859,2
2021-01-24,El Dorado,017,186661,8467,8003,555,8558,66
2021-01-24,Fresno,019,978130,89526,85808,6697,92505,911
2021-01-24,Glenn,021,27897,2088,2026,427,2453,13
2021-01-24,Humboldt,023,135768,2700,2562,17,2579,24
2021-01-24,Imperial,025,180216,26272,25707,2282,27989,488
2021-01-24,Inyo,027,18085,1055,1007,8,1015,27
2021-01-24,Kern,029,883053,86350,83125,8007,91132,785
2021-01-24,Kings,031,150075,20640,19988,818,20806,159
2021-01-24,Lake,033,64148,2816,2724,0,2724,32
2021-01-24,Lassen,035,31185,4892,4828,83,4911,1
2021-01-24,Los Angeles,037,10098052,1096151,1048757,34403,1083160,15119
2021-01-24,Madera,039,155013,14492,14000,686,14686,86
2021-01-24,Marin,041,260295,12191,11872,128,12000,177
2021-01-24,Mariposa,043,17540,346,322,3,325,3
2021-01-24,Mendocino,045,87422,3217,3037,60,3097,33
2021-01-24,Merced,047,269075,25554,25047,706,25753,305
2021-01-24,Modoc,049,8938,301,285,91,376,0
2021-01-24,Mono,051,14174,1119,1113,15,1128,3
2021-01-24,Monterey,053,433212,38635,37527,1264,38791,254
2021-01-24,Napa,055,140530,8251,8005,29,8034,43
2021-01-24,Nevada,057,99092,3558,3349,138,3487,18
2021-01-24,Orange,059,3164182,229667,223853,9160,233013,2632
2021-01-24,Placer,061,380077,18994,17839,922,18761,193
2021-01-24,Plumas,063,18699,610,532,10,542,2
2021-01-24,Riverside,065,2383286,266528,256767,12377,269144,2761
2021-01-24,Sacramento,067,1510023,85947,84110,1011,85121,1112
2021-01-24,San Benito,069,59416,5310,5223,63,5286,43
2021-01-24,San Bernardino,071,2135413,271615,262370,7844,270214,1935
2021-01-24,San Diego,073,3302833,240360,227193,11167,238360,2375
2021-01-24,San Francisco,075,870044,31066,30559,775,31334,275
2021-01-24,San Joaquin,077,732212,61255,59021,2362,61383,838
2021-01-24,San Luis Obispo,079,281455,17617,16758,451,17209,179
2021-01-24,San Mateo,081,765935,35943,33956,314,34270,213
2021-01-24,Santa Barbara,083,443738,28374,26735,831,27566,269
2021-01-24,Santa Clara,085,1922200,100463,98103,441,98544,1109
2021-01-24,Santa Cruz,087,273765,14063,12905,653,13558,133
2021-01-24,Shasta,089,179085,10164,9978,1039,11017,103
2021-01-24,Sierra,091,2930,47,42,12,54,0
2021-01-24,Siskiyou,093,43540,1294,1195,183,1378,4
2021-01-24,Solano,095,438530,27286,26515,299,26814,109
2021-01-24,Sonoma,097,501317,25529,25045,127,25172,233
2021-01-24,Stanislaus,099,539301,45923,44031,4591,48622,599
2021-01-24,Sutter,101,95872,8100,7980,76,8056,83
2021-01-24,Tehama,103,63373,4194,4062,442,4504,20
2021-01-24,Trinity,105,12862,439,262,63,325,3
2021-01-24,Tulare,107,460477,44694,43006,6268,49274,577
2021-01-24,Tuolumne,109,53932,3437,3416,34,3450,29
2021-01-24,Ventura,111,848112,68809,66347,2398,68745,439
2021-01-24,Yolo,113,214977,11799,11210,120,11330,140
2021-01-24,Yuba,115,75493,5035,4875,66,4941,31
2021-01-23,Alameda,001,1643700,72767,70080,1493,71573,780
2021-01-23,Alpine,003,1148,73,72,0,72,0
2021-01-23,Amador,005,37829,3130,3049,24,3073,30
2021-01-23,Butte,007,227075,10392,9757,1446,11203,133
2021-01-23,Calaveras,009,45235,1706,1695,10,1705,21
2021-01-23,Colusa,011,21464,1726,1672,188,1860,8
2021-01-23,Contra Costa,013,1133247,56747,54162,922,55084,487
2021-01-23,Del Norte,015,27424,883,855,4,859,2
2021-01-23,El Dorado,017,186661,8451,7984,553,8537,66
2021-01-23,Fresno,019,978130,89339,85274,6669,91943,910
2021-01-23,Glenn,021,27897,2085,2015,423,2438,13
2021-01-23,Humboldt,023,135768,2681,2493,16,2509,23
2021-01-23,Imperial,025,180216,26238,25581,2270,27851,487
2021-01-23,Inyo,027,18085,1046,987,8,995,27
2021-01-23,Kern,029,883053,86107,82602,7939,90541,783
2021-01-23,Kings,031,150075,20596,19904,816,20720,159
2021-01-23,Lake,033,64148,2807,2673,0,2673,32
2021-01-23,Lassen,035,31185,4891,4816,80,4896,1
2021-01-23,Los Angeles,037,10098052,1092913,1040961,34245,1075206,15034
2021-01-23,Madera,039,155013,14455,13858,683,14541,86
2021-01-23,Marin,041,260295,12135,11796,126,11922,177
2021-01-23,Mariposa,043,17540,346,323,3,326,3
2021-01-23,Mendocino,045,87422,3203,2991,60,3051,32
2021-01-23,Merced,047,269075,25462,24787,692,25479,303
2021-01-23,Modoc,049,8938,301,285,91,376,0
2021-01-23,Mono,051,14174,1117,1111,15,1126,3
2021-01-23,Monterey,053,433212,38552,37165,1259,38424,253
2021-01-23,Napa,055,140530,8226,7893,29,7922,43
2021-01-23,Nevada,057,99092,3547,3332,137,3469,18
2021-01-23,Orange,059,3164182,228898,221722,9120,230842,2618
2021-01-23,Placer,061,380077,18944,17617,917,18534,193
2021-01-23,Plumas,063,18699,609,528,10,538,2
2021-01-23,Riverside,065,2383286,265629,253636,12327,265963,2733
2021-01-23,Sacramento,067,1510023,85719,83408,1008,84416,1108
2021-01-23,San Benito,069,59416,5286,5166,62,5228,43
2021-01-23,San Bernardino,071,2135413,271058,260381,7814,268195,1922
2021-01-23,San Diego,073,3302833,239299,225556,11095,236651,2344
2021-01-23,San Francisco,075,870044,30961,30308,745,31053,268
2021-01-23,San Joaquin,077,732212,61127,58164,2352,60516,836
2021-01-23,San Luis Obispo,079,281455,17553,16652,448,17100,176
2021-01-23,San Mateo,081,765935,35767,33696,303,33999,213
2021-01-23,Santa Barbara,083,443738,28189,26234,822,27056,264
2021-01-23,Santa Clara,085,1922200,100104,97189,440,97629,1086
2021-01-23,Santa Cruz,087,273765,14005,12771,650,13421,127
2021-01-23,Shasta,089,179085,10135,9951,1038,10989,103
2021-01-23,Sierra,091,2930,47,41,12,53,0
2021-01-23,Siskiyou,093,43540,1285,1190,182,1372,4
2021-01-23,Solano,095,438530,27193,26261,297,26558,107
2021-01-23,Sonoma,097,501317,25449,24790,127,24917,232
2021-01-23,Stanislaus,099,539301,45756,43723,4560,48283,599
2021-01-23,Sutter,101,95872,8082,7943,75,8018,80
2021-01-23,Tehama,103,63373,4175,4006,441,4447,20
2021-01-23,Trinity,105,12862,439,262,63,325,3
2021-01-23,Tulare,107,460477,44541,42661,6208,48869,575
2021-01-23,Tuolumne,109,53932,3430,3407,34,3441,29
2021-01-23,Ventura,111,848112,68353,65581,2375,67956,438
2021-01-23,Yolo,113,214977,11758,11087,118,11205,141
2021-01-23,Yuba,115,75493,5023,4831,65,4896,30
2021-01-22,Alameda,001,1643700,72449,69693,1486,71179,751
2021-01-22,Alpine,003,1148,73,71,0,71,0
2021-01-22,Amador,005,37829,3125,3042,24,3066,30
2021-01-22,Butte,007,227075,10348,9711,1433,11144,133
2021-01-22,Calaveras,009,45235,1697,1672,10,1682,21
2021-01-22,Colusa,011,21464,1724,1668,188,1856,7
2021-01-22,Contra Costa,013,1133247,56509,53887,916,54803,485
2021-01-22,Del Norte,015,27424,882,852,4,856,2
2021-01-22,El Dorado,017,186661,8418,7877,550,8427,64
2021-01-22,Fresno,019,978130,88999,84744,6641,91385,892
2021-01-22,Glenn,021,27897,2080,1985,417,2402,13
2021-01-22,Humboldt,023,135768,2657,2452,16,2468,23
2021-01-22,Imperial,025,180216,26204,25562,2255,27817,474
2021-01-22,Inyo,027,18085,1035,961,8,969,26
2021-01-22,Kern,029,883053,85810,82101,7863,89964,771
2021-01-22,Kings,031,150075,20520,19760,812,20572,159
2021-01-22,Lake,033,64148,2795,2681,0,2681,32
2021-01-22,Lassen,035,31185,4882,4765,79,4844,1
2021-01-22,Los Angeles,037,10098052,1088442,1031177,34059,1065236,14777
2021-01-22,Madera,039,155013,14395,13781,682,14463,86
2021-01-22,Marin,041,260295,12098,11769,124,11893,177
2021-01-22,Mariposa,043,17540,346,323,3,326,3
2021-01-22,Mendocino,045,87422,3178,2994,59,3053,32
2021-01-22,Merced,047,269075,25339,24616,685,25301,290
2021-01-22,Modoc,049,8938,301,285,91,376,0
2021-01-22,Mono,051,14174,1117,1108,15,1123,3
2021-01-22,Monterey,053,433212,38399,36909,1254,38163,253
2021-01-22,Napa,055,140530,8181,7828,29,7857,40
2021-01-22,Nevada,057,99092,3522,3296,136,3432,18
2021-01-22,Orange,059,3164182,227945,220384,9073,229457,2542
2021-01-22,Placer,061,380077,18887,17636,902,18538,193
2021-01-22,Plumas,063,18699,607,522,10,532,2
2021-01-22,Riverside,065,2383286,264485,252440,12261,264701,2710
2021-01-22,Sacramento,067,1510023,85388,82861,1000,83861,1094
2021-01-22,San Benito,069,59416,5260,5143,62,5205,43
2021-01-22,San Bernardino,071,2135413,270255,259121,7784,266905,1849
2021-01-22,San Diego,073,3302833,238059,222576,11030,233606,2301
2021-01-22,San Francisco,075,870044,30847,30027,728,30755,266
2021-01-22,San Joaquin,077,732212,60943,58485,2340,60825,812
2021-01-22,San Luis Obispo,079,281455,17463,16336,445,16781,172
2021-01-22,San Mateo,081,765935,35545,33401,300,33701,211
2021-01-22,Santa Barbara,083,443738,27989,25989,811,26800,256
2021-01-22,Santa Clara,085,1922200,99658,96435,437,96872,1062
2021-01-22,Santa Cruz,087,273765,13947,12687,646,13333,123
2021-01-22,Shasta,089,179085,10115,9866,1036,10902,103
2021-01-22,Sierra,091,2930,47,40,12,52,0
2021-01-22,Siskiyou,093,43540,1281,1182,180,1362,4
2021-01-22,Solano,095,438530,27102,26048,295,26343,107
2021-01-22,Sonoma,097,501317,25364,24659,127,24786,232
2021-01-22,Stanislaus,099,539301,45590,43489,4534,48023,599
2021-01-22,Sutter,101,95872,8057,7878,75,7953,80
2021-01-22,Tehama,103,63373,4161,3993,439,4432,19
2021-01-22,Trinity,105,12862,438,263,63,326,3
2021-01-22,Tulare,107,460477,44362,42307,6141,48448,573
2021-01-22,Tuolumne,109,53932,3402,3379,34,3413,29
2021-01-22,Ventura,111,848112,67840,64404,2356,66760,426
2021-01-22,Yolo,113,214977,11725,11014,116,11130,141
2021-01-22,Yuba,115,75493,4999,4789,63,4852,29
2021-01-21,Alameda,001,1643700,72014,69314,1469,70783,739
2021-01-21,Alpine,003,1148,73,71,0,71,0
2021-01-21,Amador,005,37829,3103,3038,24,3062,29
2021-01-21,Butte,007,227075,10284,9643,1426,11069,130
2021-01-21,Calaveras,009,45235,1689,1647,10,1657,21
2021-01-21,Colusa,011,21464,1717,1662,186,1848,7
2021-01-21,Contra Costa,013,1133247,56119,53595,904,54499,478
2021-01-21,Del Norte,015,27424,880,850,3,853,2
2021-01-21,El Dorado,017,186661,8369,7823,547,8370,58
2021-01-21,Fresno,019,978130,88595,84137,6601,90738,889
2021-01-21,Glenn,021,27897,2072,1964,412,2376,13
2021-01-21,Humboldt,023,135768,2634,2423,16,2439,23
2021-01-21,Imperial,025,180216,26119,25509,2243,27752,463
2021-01-21,Inyo,027,18085,1026,946,8,954,26
2021-01-21,Kern,029,883053,85397,81328,7748,89076,769
2021-01-21,Kings,031,150075,20449,19633,795,20428,158
2021-01-21,Lake,033,64148,2781,2669,0,2669,32
2021-01-21,Lassen,035,31185,4875,4763,79,4842,1
2021-01-21,Los Angeles,037,10098052,1081775,1023055,33746,1056801,14537
2021-01-21,Madera,039,155013,14331,13664,674,14338,86
2021-01-21,Marin,041,260295,12044,11732,122,11854,173
2021-01-21,Mariposa,043,17540,342,322,3,325,3
2021-01-21,Mendocino,045,87422,3155,2967,57,3024,32
2021-01-21,Merced,047,269075,25184,24426,678,25104,245
2021-01-21,Modoc,049,8938,298,284,90,374,0
2021-01-21,Mono,051,14174,1112,1104,15,1119,3
2021-01-21,Monterey,053,433212,38118,36149,1245,37394,253
2021-01-21,Napa,055,140530,8117,7774,29,7803,40
2021-01-21,Nevada,057,99092,3493,3274,135,3409,18
2021-01-21,Orange,059,3164182,226569,218867,9019,227886,2540
2021-01-21,Placer,061,380077,18809,17553,898,18451,190
2021-01-21,Plumas,063,18699,603,518,10,528,2
2021-01-21,Riverside,065,2383286,262769,251007,12183,263190,2676
2021-01-21,Sacramento,067,1510023,84909,82303,980,83283,1084
2021-01-21,San Benito,069,59416,5230,5100,57,5157,43
2021-01-21,San Bernardino,071,2135413,268937,257754,7719,265473,1832
2021-01-21,San Diego,073,3302833,236284,219729,10923,230652,2222
2021-01-21,San Francisco,075,870044,30675,29801,694,30495,266
2021-01-21,San Joaquin,077,732212,60637,58270,2322,60592,806
2021-01-21,San Luis Obispo,079,281455,17377,16153,437,16590,169
2021-01-21,San Mateo,081,765935,35299,33156,287,33443,210
2021-01-21,Santa Barbara,083,443738,27701,25654,798,26452,253
2021-01-21,Santa Clara,085,1922200,99071,96028,432,96460,1062
2021-01-21,Santa Cruz,087,273765,13863,12548,636,13184,119
2021-01-21,Shasta,089,179085,10072,9795,1021,10816,98
2021-01-21,Sierra,091,2930,47,40,12,52,0
2021-01-21,Siskiyou,093,43540,1278,1178,178,1356,4
2021-01-21,Solano,095,438530,26923,25885,291,26176,106
2021-01-21,Sonoma,097,501317,25224,24440,125,24565,230
2021-01-21,Stanislaus,099,539301,45292,43223,4490,47713,599
2021-01-21,Sutter,101,95872,8023,7822,75,7897,80
2021-01-21,Tehama,103,63373,4122,3938,438,4376,19
2021-01-21,Trinity,105,12862,438,261,63,324,3
2021-01-21,Tulare,107,460477,44151,42082,6067,48149,569
2021-01-21,Tuolumne,109,53932,3392,3365,33,3398,29
2021-01-21,Ventura,111,848112,67141,63995,2336,66331,420
2021-01-21,Yolo,113,214977,11634,10940,108,11048,141
2021-01-21,Yuba,115,75493,4967,4757,62,4819,29
2021-01-20,Alameda,001,1643700,71541,68785,1453,70238,702
2021-01-20,Alpine,003,1148,73,71,0,71,0
2021-01-20,Amador,005,37829,3072,3036,24,3060,29
2021-01-20,Butte,007,227075,10228,9582,1416,10998,130
2021-01-20,Calaveras,009,45235,1667,1637,9,1646,21
2021-01-20,Colusa,011,21464,1700,1630,181,1811,7
2021-01-20,Contra Costa,013,1133247,55694,53108,895,54003,461
2021-01-20,Del Norte,015,27424,879,848,3,851,2
2021-01-20,El Dorado,017,186661,8319,7785,544,8329,53
2021-01-20,Fresno,019,978130,88176,83591,6547,90138,872
2021-01-20,Glenn,021,27897,2053,1955,410,2365,13
2021-01-20,Humboldt,023,135768,2591,2390,16,2406,22
2021-01-20,Imperial,025,180216,26047,25380,2209,27589,461
2021-01-20,Inyo,027,18085,1016,901,8,909,26
2021-01-20,Kern,029,883053,84947,80701,7642,88343,754
2021-01-20,Kings,031,150075,20359,19522,787,20309,146
2021-01-20,Lake,033,64148,2761,2646,0,2646,31
2021-01-20,Lassen,035,31185,4867,4758,77,4835,1
2021-01-20,Los Angeles,037,10098052,1074274,1015608,33467,1049075,14299
2021-01-20,Madera,039,155013,14266,13585,670,14255,86
2021-01-20,Marin,041,260295,11988,11684,120,11804,171
2021-01-20,Mariposa,043,17540,340,322,3,325,3
2021-01-20,Mendocino,045,87422,3140,2957,57,3014,32
2021-01-20,Merced,047,269075,25011,24220,656,24876,243
2021-01-20,Modoc,049,8938,297,282,90,372,0
2021-01-20,Mono,051,14174,1105,1105,14,1119,3
2021-01-20,Monterey,053,433212,37806,35960,1225,37185,249
2021-01-20,Napa,055,140530,8048,7731,29,7760,40
2021-01-20,Nevada,057,99092,3461,3238,135,3373,18
2021-01-20,Orange,059,3164182,225033,216893,8958,225851,2500
2021-01-20,Placer,061,380077,18715,17455,880,18335,186
2021-01-20,Plumas,063,18699,601,512,10,522,2
2021-01-20,Riverside,065,2383286,260725,248686,12100,260786,2615
2021-01-20,Sacramento,067,1510023,84349,81687,970,82657,1072
2021-01-20,San Benito,069,59416,5199,5036,56,5092,35
2021-01-20,San Bernardino,071,2135413,267615,255921,7672,263593,1801
2021-01-20,San Diego,073,3302833,234429,218553,10819,229372,2174
2021-01-20,San Francisco,075,870044,30488,29665,673,30338,262
2021-01-20,San Joaquin,077,732212,60233,58025,2313,60338,783
2021-01-20,San Luis Obispo,079,281455,17195,15936,428,16364,164
2021-01-20,San Mateo,081,765935,35072,32929,286,33215,210
2021-01-20,Santa Barbara,083,443738,27383,25312,786,26098,248
2021-01-20,Santa Clara,085,1922200,98426,94995,430,95425,1040
2021-01-20,Santa Cruz,087,273765,13756,12460,623,13083,107
2021-01-20,Shasta,089,179085,10020,9697,1011,10708,98
2021-01-20,Sierra,091,2930,47,40,12,52,0
2021-01-20,Siskiyou,093,43540,1271,1163,177,1340,4
2021-01-20,Solano,095,438530,26730,25659,287,25946,106
2021-01-20,Sonoma,097,501317,25087,24262,123,24385,223
2021-01-20,Stanislaus,099,539301,45012,42955,4452,47407,585
2021-01-20,Sutter,101,95872,7972,7772,73,7845,80
2021-01-20,Tehama,103,63373,4096,3892,435,4327,19
2021-01-20,Trinity,105,12862,438,260,63,323,3
2021-01-20,Tulare,107,460477,43894,41799,5977,47776,559
2021-01-20,Tuolumne,109,53932,3378,3355,32,3387,29
2021-01-20,Ventura,111,848112,66180,63413,2307,65720,395
2021-01-20,Yolo,113,214977,11569,10852,105,10957,141
2021-01-20,Yuba,115,75493,4940,4729,62,4791,29
2021-01-19,Alameda,001,1643700,70900,68434,1444,69878,680
2021-01-19,Alpine,003,1148,73,71,0,71,0
2021-01-19,Amador,005,37829,3063,3024,24,3048,28
2021-01-19,Butte,007,227075,10165,9528,1402,10930,129
2021-01-19,Calaveras,009,45235,1652,1621,8,1629,21
2021-01-19,Colusa,011,21464,1678,1617,178,1795,7
2021-01-19,Contra Costa,013,1133247,55231,52730,885,53615,448
2021-01-19,Del Norte,015,27424,877,843,3,846,2
2021-01-19,El Dorado,017,186661,8258,7743,536,8279,47
2021-01-19,Fresno,019,978130,87654,83200,6497,89697,857
2021-01-19,Glenn,021,27897,2041,1948,405,2353,13
2021-01-19,Humboldt,023,135768,2567,2359,13,2372,22
2021-01-19,Imperial,025,180216,25966,25333,2192,27525,452
2021-01-19,Inyo,027,18085,1008,891,8,899,26
2021-01-19,Kern,029,883053,84359,80272,7537,87809,742
2021-01-19,Kings,031,150075,20220,19375,777,20152,143
2021-01-19,Lake,033,64148,2748,2625,0,2625,31
2021-01-19,Lassen,035,31185,4860,4753,77,4830,1
2021-01-19,Los Angeles,037,10098052,1065601,1010375,33200,1043575,14014
2021-01-19,Madera,039,155013,14155,13528,665,14193,86
2021-01-19,Marin,041,260295,11933,11654,116,11770,169
2021-01-19,Mariposa,043,17540,340,322,3,325,3
2021-01-19,Mendocino,045,87422,3123,2930,57,2987,32
2021-01-19,Merced,047,269075,24799,24108,647,24755,242
2021-01-19,Modoc,049,8938,296,281,90,371,0
2021-01-19,Mono,051,14174,1104,1106,14,1120,3
2021-01-19,Monterey,053,433212,37505,35840,1204,37044,248
2021-01-19,Napa,055,140530,7990,7672,29,7701,38
2021-01-19,Nevada,057,99092,3443,3216,133,3349,18
2021-01-19,Orange,059,3164182,223300,215244,8891,224135,2468
2021-01-19,Placer,061,380077,18618,17348,870,18218,182
2021-01-19,Plumas,063,18699,594,509,10,519,2
2021-01-19,Riverside,065,2383286,258638,246248,12022,258270,2585
2021-01-19,Sacramento,067,1510023,83812,81183,950,82133,1053
2021-01-19,San Benito,069,59416,5153,4988,55,5043,35
2021-01-19,San Bernardino,071,2135413,265910,253651,7618,261269,1777
2021-01-19,San Diego,073,3302833,232006,216833,10721,227554,2109
2021-01-19,San Francisco,075,870044,30269,29502,642,30144,261
2021-01-19,San Joaquin,077,732212,59853,57655,2302,59957,782
2021-01-19,San Luis Obispo,079,281455,16932,15855,425,16280,161
2021-01-19,San Mateo,081,765935,34787,32730,275,33005,208
2021-01-19,Santa Barbara,083,443738,26999,24991,770,25761,236
2021-01-19,Santa Clara,085,1922200,97691,94483,429,94912,1010
2021-01-19,Santa Cruz,087,273765,13639,12410,615,13025,106
2021-01-19,Shasta,089,179085,9984,9614,1001,10615,93
2021-01-19,Sierra,091,2930,47,40,10,50,0
2021-01-19,Siskiyou,093,43540,1263,1149,175,1324,4
2021-01-19,Solano,095,438530,26482,25520,286,25806,106
2021-01-19,Sonoma,097,501317,24907,24133,121,24254,223
2021-01-19,Stanislaus,099,539301,44664,42723,4407,47130,561
2021-01-19,Sutter,101,95872,7922,7709,67,7776,80
2021-01-19,Tehama,103,63373,4066,3876,433,4309,19
2021-01-19,Trinity,105,12862,437,260,63,323,3
2021-01-19,Tulare,107,460477,43615,41559,5882,47441,549
2021-01-19,Tuolumne,109,53932,3351,3328,32,3360,29
2021-01-19,Ventura,111,848112,65496,62656,2280,64936,383
2021-01-19,Yolo,113,214977,11484,10789,105,10894,134
2021-01-19,Yuba,115,75493,4906,4695,61,4756,29
2021-01-18,Alameda,001,1643700,70268,67938,1427,69365,680
2021-01-18,Alpine,003,1148,73,71,0,71,0
2021-01-18,Amador,005,37829,3049,3016,24,3040,28
2021-01-18,Butte,007,227075,10079,9474,1390,10864,129
2021-01-18,Calaveras,009,45235,1631,1617,7,1624,21
2021-01-18,Colusa,011,21464,1662,1608,176,1784,7
2021-01-18,Contra Costa,013,1133247,54722,52323,877,53200,448
2021-01-18,Del Norte,015,27424,876,840,3,843,2
2021-01-18,El Dorado,017,186661,8192,7707,534,8241,47
2021-01-18,Fresno,019,978130,87044,82485,6431,88916,857
2021-01-18,Glenn,021,27897,2024,1935,401,2336,13
2021-01-18,Humboldt,023,135768,2529,2343,13,2356,22
2021-01-18,Imperial,025,180216,25899,25317,2168,27485,452
2021-01-18,Inyo,027,18085,996,872,8,880,26
2021-01-18,Kern,029,883053,83722,79930,7446,87376,740
2021-01-18,Kings,031,150075,20050,19267,765,20032,141
2021-01-18,Lake,033,64148,2731,2591,0,2591,30
2021-01-18,Lassen,035,31185,4824,4749,76,4825,1
2021-01-18,Los Angeles,037,10098052,1056090,1002614,32918,1035532,13828
2021-01-18,Madera,039,155013,14053,13443,656,14099,85
2021-01-18,Marin,041,260295,11887,11607,114,11721,165
2021-01-18,Mariposa,043,17540,337,320,2,322,3
2021-01-18,Mendocino,045,87422,3100,2919,57,2976,31
2021-01-18,Merced,047,269075,24554,23927,631,24558,242
2021-01-18,Modoc,049,8938,293,281,87,368,0
2021-01-18,Mono,051,14174,1101,1101,14,1115,3
2021-01-18,Monterey,053,433212,37063,35549,1190,36739,247
2021-01-18,Napa,055,140530,7917,7601,29,7630,38
2021-01-18,Nevada,057,99092,3405,3199,133,3332,17
2021-01-18,Orange,059,3164182,221411,213866,8837,222703,2405
2021-01-18,Placer,061,380077,18502,17263,861,18124,182
2021-01-18,Plumas,063,18699,591,506,10,516,2
2021-01-18,Riverside,065,2383286,256327,244151,11929,256080,2568
2021-01-18,Sacramento,067,1510023,83142,80546,934,81480,1046
2021-01-18,San Benito,069,59416,5105,4963,53,5016,35
2021-01-18,San Bernardino,071,2135413,264192,252808,7563,260371,1775
2021-01-18,San Diego,073,3302833,229358,214335,10592,224927,2103
2021-01-18,San Francisco,075,870044,30062,29321,618,29939,259
2021-01-18,San Joaquin,077,732212,59341,57405,2281,59686,782
2021-01-18,San Luis Obispo,079,281455,16745,15742,415,16157,158
2021-01-18,San Mateo,081,765935,34475,32515,256,32771,208
2021-01-18,Santa Barbara,083,443738,26620,24638,757,25395,235
2021-01-18,Santa Clara,085,1922200,96904,93688,425,94113,992
2021-01-18,Santa Cruz,087,273765,13506,12298,602,12900,106
2021-01-18,Shasta,089,179085,9945,9600,991,10591,92
2021-01-18,Sierra,091,2930,46,40,10,50,0
2021-01-18,Siskiyou,093,43540,1250,1144,174,1318,4
2021-01-18,Solano,095,438530,26204,25344,282,25626,105
2021-01-18,Sonoma,097,501317,24639,24068,120,24188,223
2021-01-18,Stanislaus,099,539301,44307,42413,4351,46764,562
2021-01-18,Sutter,101,95872,7865,7680,65,7745,78
2021-01-18,Tehama,103,63373,4021,3854,426,4280,19
2021-01-18,Trinity,105,12862,437,260,63,323,3
2021-01-18,Tulare,107,460477,43325,41196,5776,46972,549
2021-01-18,Tuolumne,109,53932,3327,3318,31,3349,28
2021-01-18,Ventura,111,848112,65063,61859,2258,64117,379
2021-01-18,Yolo,113,214977,11362,10620,102,10722,134
2021-01-18,Yuba,115,75493,4879,4671,59,4730,29
2021-01-17,Alameda,001,1643700,69704,67375,1409,68784,676
2021-01-17,Alpine,003,1148,73,71,0,71,0
2021-01-17,Amador,005,37829,3042,3001,24,3025,28
2021-01-17,Butte,007,227075,10004,9411,1366,10777,129
2021-01-17,Calaveras,009,45235,1618,1608,7,1615,21
2021-01-17,Colusa,011,21464,1649,1588,172,1760,7
2021-01-17,Contra Costa,013,1133247,54215,51932,866,52798,447
2021-01-17,Del Norte,015,27424,876,838,3,841,2
2021-01-17,El Dorado,017,186661,8137,7659,523,8182,47
2021-01-17,Fresno,019,978130,86490,82039,6356,88395,857
2021-01-17,Glenn,021,27897,2013,1924,396,2320,9
2021-01-17,Humboldt,023,135768,2493,2322,11,2333,22
2021-01-17,Imperial,025,180216,25829,25253,2127,27380,451
2021-01-17,Inyo,027,18085,990,864,8,872,26
2021-01-17,Kern,029,883053,83173,79489,7360,86849,738
2021-01-17,Kings,031,150075,19914,19201,751,19952,131
2021-01-17,Lake,033,64148,2717,2572,0,2572,30
2021-01-17,Lassen,035,31185,4816,4740,75,4815,1
2021-01-17,Los Angeles,037,10098052,1049431,993028,32530,1025558,13741
2021-01-17,Madera,039,155013,13963,13328,652,13980,85
2021-01-17,Marin,041,260295,11838,11552,112,11664,164
2021-01-17,Mariposa,043,17540,337,319,2,321,3
2021-01-17,Mendocino,045,87422,3072,2912,56,2968,31
2021-01-17,Merced,047,269075,24342,23800,613,24413,242
2021-01-17,Modoc,049,8938,292,279,87,366,0
2021-01-17,Mono,051,14174,1094,1091,13,1104,3
2021-01-17,Monterey,053,433212,36819,35340,1164,36504,244
2021-01-17,Napa,055,140530,7861,7521,29,7550,38
2021-01-17,Nevada,057,99092,3380,3176,131,3307,17
2021-01-17,Orange,059,3164182,219417,212389,8764,221153,2359
2021-01-17,Placer,061,380077,18396,17194,846,18040,181
2021-01-17,Plumas,063,18699,589,505,9,514,2
2021-01-17,Riverside,065,2383286,254217,242206,11813,254019,2534
2021-01-17,Sacramento,067,1510023,82542,80154,922,81076,1045
2021-01-17,San Benito,069,59416,5067,4941,53,4994,35
2021-01-17,San Bernardino,071,2135413,262094,251487,7476,258963,1775
2021-01-17,San Diego,073,3302833,227164,211785,10485,222270,2103
2021-01-17,San Francisco,075,870044,29873,29139,581,29720,255
2021-01-17,San Joaquin,077,732212,58984,57094,2267,59361,780
2021-01-17,San Luis Obispo,079,281455,16623,15658,406,16064,157
2021-01-17,San Mateo,081,765935,34223,32186,233,32419,208
2021-01-17,Santa Barbara,083,443738,26159,24401,745,25146,235
2021-01-17,Santa Clara,085,1922200,96144,92752,422,93174,976
2021-01-17,Santa Cruz,087,273765,13394,12196,599,12795,106
2021-01-17,Shasta,089,179085,9887,9588,983,10571,92
2021-01-17,Sierra,091,2930,46,38,9,47,0
2021-01-17,Siskiyou,093,43540,1243,1136,171,1307,4
2021-01-17,Solano,095,438530,25978,25216,280,25496,105
2021-01-17,Sonoma,097,501317,24464,23871,120,23991,223
2021-01-17,Stanislaus,099,539301,43987,42221,4288,46509,562
2021-01-17,Sutter,101,95872,7802,7604,64,7668,77
2021-01-17,Tehama,103,63373,3990,3837,422,4259,18
2021-01-17,Trinity,105,12862,437,261,63,324,3
2021-01-17,Tulare,107,460477,43038,41016,5660,46676,549
2021-01-17,Tuolumne,109,53932,3310,3287,31,3318,27
2021-01-17,Ventura,111,848112,64212,61257,2211,63468,376
2021-01-17,Yolo,113,214977,11263,10519,100,10619,134
2021-01-17,Yuba,115,75493,4832,4640,56,4696,28
2021-01-16,Alameda,001,1643700,69382,66583,1397,67980,673
2021-01-16,Alpine,003,1148,73,71,0,71,0
2021-01-16,Amador,005,37829,3039,2986,24,3010,28
2021-01-16,Butte,007,227075,9973,9359,1346,10705,129
2021-01-16,Calaveras,009,45235,1605,1596,7,1603,21
2021-01-16,Colusa,011,21464,1638,1578,172,1750,7
2021-01-16,Contra Costa,013,1133247,53936,51363,859,52222,443
2021-01-16,Del Norte,015,27424,871,833,3,836,2
2021-01-16,El Dorado,017,186661,8115,7575,522,8097,47
2021-01-16,Fresno,019,978130,86215,81294,6302,87596,846
2021-01-16,Glenn,021,27897,2009,1894,393,2287,9
2021-01-16,Humboldt,023,135768,2473,2294,9,2303,22
2021-01-16,Imperial,025,180216,25791,25140,2120,27260,451
2021-01-16,Inyo,027,18085,986,845,8,853,25
2021-01-16,Kern,029,883053,82806,78865,7306,86171,733
2021-01-16,Kings,031,150075,19858,19072,748,19820,131
2021-01-16,Lake,033,64148,2705,2504,0,2504,30
2021-01-16,Lassen,035,31185,4804,4719,75,4794,1
2021-01-16,Los Angeles,037,10098052,1045345,982684,32296,1014980,13654
2021-01-16,Madera,039,155013,13897,13193,647,13840,85
2021-01-16,Marin,041,260295,11796,11482,112,11594,164
2021-01-16,Mariposa,043,17540,336,317,2,319,3
2021-01-16,Mendocino,045,87422,3058,2890,53,2943,31
2021-01-16,Merced,047,269075,24255,23478,599,24077,242
2021-01-16,Modoc,049,8938,292,278,87,365,0
2021-01-16,Mono,051,14174,1092,1079,13,1092,3
2021-01-16,Monterey,053,433212,36708,34972,1148,36120,243
2021-01-16,Napa,055,140530,7822,7356,29,7385,39
2021-01-16,Nevada,057,99092,3347,3144,131,3275,17
2021-01-16,Orange,059,3164182,218384,210111,8708,218819,2312
2021-01-16,Placer,061,380077,18332,16995,844,17839,177
2021-01-16,Plumas,063,18699,587,502,9,511,2
2021-01-16,Riverside,065,2383286,252859,239412,11698,251110,2506
2021-01-16,Sacramento,067,1510023,82168,79122,905,80027,1033
2021-01-16,San Benito,069,59416,5034,4875,53,4928,35
2021-01-16,San Bernardino,071,2135413,261266,249401,7409,256810,1755
2021-01-16,San Diego,073,3302833,225866,209895,10388,220283,2065
2021-01-16,San Francisco,075,870044,29744,28853,550,29403,244
2021-01-16,San Joaquin,077,732212,58741,56642,2234,58876,776
2021-01-16,San Luis Obispo,079,281455,16522,15466,404,15870,152
2021-01-16,San Mateo,081,765935,34058,31805,227,32032,208
2021-01-16,Santa Barbara,083,443738,25958,24088,741,24829,229
2021-01-16,Santa Clara,085,1922200,95649,91584,415,91999,954
2021-01-16,Santa Cruz,087,273765,13335,12026,597,12623,106
2021-01-16,Shasta,089,179085,9854,9547,979,10526,92
2021-01-16,Sierra,091,2930,45,38,9,47,0
2021-01-16,Siskiyou,093,43540,1238,1124,171,1295,4
2021-01-16,Solano,095,438530,25869,24732,276,25008,103
2021-01-16,Sonoma,097,501317,24373,23607,119,23726,223
2021-01-16,Stanislaus,099,539301,43799,41809,4238,46047,562
2021-01-16,Sutter,101,95872,7770,7560,64,7624,76
2021-01-16,Tehama,103,63373,3976,3783,422,4205,18
2021-01-16,Trinity,105,12862,437,261,63,324,3
2021-01-16,Tulare,107,460477,42859,40655,5587,46242,542
2021-01-16,Tuolumne,109,53932,3302,3269,31,3300,27
2021-01-16,Ventura,111,848112,63659,60368,2181,62549,369
2021-01-16,Yolo,113,214977,11212,10406,99,10505,134
2021-01-16,Yuba,115,75493,4804,4602,56,4658,27
2021-01-15,Alameda,001,1643700,68955,65416,1386,66802,672
2021-01-15,Alpine,003,1148,73,71,0,71,0
2021-01-15,Amador,005,37829,3032,2953,24,2977,28
2021-01-15,Butte,007,227075,9931,9233,1332,10565,129
2021-01-15,Calaveras,009,45235,1598,1538,7,1545,21
2021-01-15,Colusa,011,21464,1627,1541,167,1708,7
2021-01-15,Contra Costa,013,1133247,53600,50408,852,51260,428
2021-01-15,Del Norte,015,27424,867,828,2,830,2
2021-01-15,El Dorado,017,186661,8065,7439,514,7953,47
2021-01-15,Fresno,019,978130,85677,79950,6265,86215,832
2021-01-15,Glenn,021,27897,2005,1824,390,2214,9
2021-01-15,Humboldt,023,135768,2446,2218,8,2226,22
2021-01-15,Imperial,025,180216,25755,24944,2114,27058,446
2021-01-15,Inyo,027,18085,969,814,8,822,25
2021-01-15,Kern,029,883053,82390,77873,7241,85114,719
2021-01-15,Kings,031,150075,19749,18661,742,19403,131
2021-01-15,Lake,033,64148,2679,2434,0,2434,28
2021-01-15,Lassen,035,31185,4793,4693,73,4766,1
2021-01-15,Los Angeles,037,10098052,1038292,968979,32014,1000993,13404
2021-01-15,Madera,039,155013,13807,12883,643,13526,85
2021-01-15,Marin,041,260295,11740,11310,112,11422,160
2021-01-15,Mariposa,043,17540,334,307,2,309,3
2021-01-15,Mendocino,045,87422,3047,2835,53,2888,31
2021-01-15,Merced,047,269075,24142,23060,595,23655,239
2021-01-15,Modoc,049,8938,292,278,85,363,0
2021-01-15,Mono,051,14174,1089,1057,13,1070,3
2021-01-15,Monterey,053,433212,36491,34460,1091,35551,243
2021-01-15,Napa,055,140530,7760,7231,29,7260,38
2021-01-15,Nevada,057,99092,3334,3099,128,3227,17
2021-01-15,Orange,059,3164182,217029,207129,8656,215785,2254
2021-01-15,Placer,061,380077,18227,16712,835,17547,173
2021-01-15,Plumas,063,18699,584,499,9,508,2
2021-01-15,Riverside,065,2383286,250997,235235,11619,246854,2458
2021-01-15,Sacramento,067,1510023,81745,80279,897,81176,1023
2021-01-15,San Benito,069,59416,4995,4766,51,4817,35
2021-01-15,San Bernardino,071,2135413,260083,246182,7348,253530,1726
2021-01-15,San Diego,073,3302833,224117,206868,10323,217191,2037
2021-01-15,San Francisco,075,870044,29570,28574,530,29104,242
2021-01-15,San Joaquin,077,732212,58513,55885,2220,58105,748
2021-01-15,San Luis Obispo,079,281455,16388,15129,399,15528,148
2021-01-15,San Mateo,081,765935,33813,31291,223,31514,208
2021-01-15,Santa Barbara,083,443738,25675,23487,737,24224,226
2021-01-15,Santa Clara,085,1922200,94988,90103,410,90513,942
2021-01-15,Santa Cruz,087,273765,13226,11776,584,12360,105
2021-01-15,Shasta,089,179085,9815,9459,972,10431,91
2021-01-15,Sierra,091,2930,44,36,7,43,0
2021-01-15,Siskiyou,093,43540,1234,1119,171,1290,4
2021-01-15,Solano,095,438530,25721,24222,274,24496,103
2021-01-15,Sonoma,097,501317,24242,23204,118,23322,222
2021-01-15,Stanislaus,099,539301,43549,41178,4196,45374,562
2021-01-15,Sutter,101,95872,7723,7484,63,7547,75
2021-01-15,Tehama,103,63373,3954,3714,421,4135,17
2021-01-15,Trinity,105,12862,437,262,63,325,3
2021-01-15,Tulare,107,460477,42617,39951,5504,45455,535
2021-01-15,Tuolumne,109,53932,3286,3231,31,3262,27
2021-01-15,Ventura,111,848112,62916,59061,2148,61209,353
2021-01-15,Yolo,113,214977,11154,10240,98,10338,134
2021-01-15,Yuba,115,75493,4784,4549,56,4605,27
2021-01-14,Alameda,001,1643700,68328,64364,1371,65735,686
2021-01-14,Alpine,003,1148,73,71,0,71,0
2021-01-14,Amador,005,37829,3026,2940,24,2964,28
2021-01-14,Butte,007,227075,9843,9127,1310,10437,129
2021-01-14,Calaveras,009,45235,1581,1513,7,1520,21
2021-01-14,Colusa,011,21464,1612,1535,161,1696,7
2021-01-14,Contra Costa,013,1133247,53057,49545,840,50385,415
2021-01-14,Del Norte,015,27424,861,821,2,823,2
2021-01-14,El Dorado,017,186661,7991,7321,507,7828,45
2021-01-14,Fresno,019,978130,85043,79033,6185,85218,814
2021-01-14,Glenn,021,27897,1993,1798,385,2183,9
2021-01-14,Humboldt,023,135768,2403,2169,8,2177,22
2021-01-14,Imperial,025,180216,25649,24882,2084,26966,447
2021-01-14,Inyo,027,18085,962,790,8,798,25
2021-01-14,Kern,029,883053,81718,77070,7140,84210,705
2021-01-14,Kings,031,150075,19619,18405,738,19143,108
2021-01-14,Lake,033,64148,2640,2378,0,2378,27
2021-01-14,Lassen,035,31185,4783,4673,71,4744,1
2021-01-14,Los Angeles,037,10098052,1028263,954652,31649,986301,13147
2021-01-14,Madera,039,155013,13692,12742,634,13376,85
2021-01-14,Marin,041,260295,11664,11155,111,11266,159
2021-01-14,Mariposa,043,17540,331,302,2,304,3
2021-01-14,Mendocino,045,87422,3033,2801,51,2852,31
2021-01-14,Merced,047,269075,23916,22780,585,23365,239
2021-01-14,Modoc,049,8938,292,273,85,358,0
2021-01-14,Mono,051,14174,1081,1020,13,1033,3
2021-01-14,Monterey,053,433212,36070,34105,1069,35174,242
2021-01-14,Napa,055,140530,7674,7117,29,7146,38
2021-01-14,Nevada,057,99092,3307,3075,126,3201,17
2021-01-14,Orange,059,3164182,215122,204442,8572,213014,2162
2021-01-14,Placer,061,380077,18066,16488,828,17316,169
2021-01-14,Plumas,063,18699,576,496,9,505,2
2021-01-14,Riverside,065,2383286,248350,231684,11518,243202,2357
2021-01-14,Sacramento,067,1510023,81106,79137,874,80011,1007
2021-01-14,San Benito,069,59416,4959,4678,50,4728,35
2021-01-14,San Bernardino,071,2135413,258099,243379,7277,250656,1750
2021-01-14,San Diego,073,3302833,221722,204173,10203,214376,2005
2021-01-14,San Francisco,075,870044,29323,28200,484,28684,238
2021-01-14,San Joaquin,077,732212,57994,55058,2207,57265,739
2021-01-14,San Luis Obispo,079,281455,16226,14851,390,15241,146
2021-01-14,San Mateo,081,765935,33444,30694,214,30908,208
2021-01-14,Santa Barbara,083,443738,25254,23126,720,23846,219
2021-01-14,Santa Clara,085,1922200,94077,88505,404,88909,910
2021-01-14,Santa Cruz,087,273765,13079,11583,569,12152,109
2021-01-14,Shasta,089,179085,9766,9334,956,10290,90
2021-01-14,Sierra,091,2930,44,35,6,41,0
2021-01-14,Siskiyou,093,43540,1222,1108,168,1276,3
2021-01-14,Solano,095,438530,25460,23782,270,24052,103
2021-01-14,Sonoma,097,501317,24002,22910,118,23028,202
2021-01-14,Stanislaus,099,539301,43222,40597,4155,44752,574
2021-01-14,Sutter,101,95872,7664,7416,60,7476,74
2021-01-14,Tehama,103,63373,3925,3664,417,4081,17
2021-01-14,Trinity,105,12862,437,261,62,323,3
2021-01-14,Tulare,107,460477,42233,39565,5395,44960,533
2021-01-14,Tuolumne,109,53932,3265,3215,31,3246,28
2021-01-14,Ventura,111,848112,62042,57941,2111,60052,347
2021-01-14,Yolo,113,214977,11051,10097,92,10189,135
2021-01-14,Yuba,115,75493,4752,4496,56,4552,27
2021-01-13,Alameda,001,1643700,67577,63568,1353,64921,690
2021-01-13,Alpine,003,1148,73,71,0,71,0
2021-01-13,Amador,005,37829,3012,2914,24,2938,26
2021-01-13,Butte,007,227075,9762,9013,1295,10308,126
2021-01-13,Calaveras,009,45235,1559,1493,7,1500,21
2021-01-13,Colusa,011,21464,1602,1524,153,1677,7
2021-01-13,Contra Costa,013,1133247,52484,48877,829,49706,403
2021-01-13,Del Norte,015,27424,857,820,2,822,2
2021-01-13,El Dorado,017,186661,7897,7247,499,7746,43
2021-01-13,Fresno,019,978130,84324,78278,6144,84422,804
2021-01-13,Glenn,021,27897,1977,1792,376,2168,9
2021-01-13,Humboldt,023,135768,2370,2114,8,2122,22
2021-01-13,Imperial,025,180216,25525,24717,2052,26769,463
2021-01-13,Inyo,027,18085,950,785,8,793,25
2021-01-13,Kern,029,883053,81061,76049,7050,83099,704
2021-01-13,Kings,031,150075,19452,18121,717,18838,108
2021-01-13,Lake,033,64148,2599,2305,0,2305,27
2021-01-13,Lassen,035,31185,4776,4663,70,4733,1
2021-01-13,Los Angeles,037,10098052,1017471,937985,31251,969236,12873
2021-01-13,Madera,039,155013,13576,12570,629,13199,85
2021-01-13,Marin,041,260295,11612,11039,111,11150,161
2021-01-13,Mariposa,043,17540,329,304,2,306,3
2021-01-13,Mendocino,045,87422,3013,2790,51,2841,31
2021-01-13,Merced,047,269075,23677,22497,571,23068,241
2021-01-13,Modoc,049,8938,291,274,82,356,0
2021-01-13,Mono,051,14174,1077,1017,13,1030,3
2021-01-13,Monterey,053,433212,35645,33748,1045,34793,241
2021-01-13,Napa,055,140530,7560,7028,29,7057,36
2021-01-13,Nevada,057,99092,3283,3037,123,3160,17
2021-01-13,Orange,059,3164182,213050,201158,8502,209660,2172
2021-01-13,Placer,061,380077,17941,16272,814,17086,172
2021-01-13,Plumas,063,18699,574,490,9,499,2
2021-01-13,Riverside,065,2383286,245203,228192,11405,239597,2278
2021-01-13,Sacramento,067,1510023,80445,78268,867,79135,996
2021-01-13,San Benito,069,59416,4903,4583,49,4632,35
2021-01-13,San Bernardino,071,2135413,255712,240191,7202,247393,1759
2021-01-13,San Diego,073,3302833,219108,201578,10100,211678,1952
2021-01-13,San Francisco,075,870044,29084,27863,464,28327,238
2021-01-13,San Joaquin,077,732212,57372,54373,2179,56552,738
2021-01-13,San Luis Obispo,079,281455,16071,14625,379,15004,140
2021-01-13,San Mateo,081,765935,33105,30195,212,30407,207
2021-01-13,Santa Barbara,083,443738,24812,22714,704,23418,216
2021-01-13,Santa Clara,085,1922200,93104,87187,400,87587,911
2021-01-13,Santa Cruz,087,273765,12906,11423,555,11978,110
2021-01-13,Shasta,089,179085,9702,9180,942,10122,93
2021-01-13,Sierra,091,2930,44,33,6,39,0
2021-01-13,Siskiyou,093,43540,1216,1102,164,1266,3
2021-01-13,Solano,095,438530,25182,23503,267,23770,105
2021-01-13,Sonoma,097,501317,23751,22610,117,22727,206
2021-01-13,Stanislaus,099,539301,42830,40167,4102,44269,574
2021-01-13,Sutter,101,95872,7618,7350,59,7409,73
2021-01-13,Tehama,103,63373,3874,3589,412,4001,17
2021-01-13,Trinity,105,12862,437,260,62,322,3
2021-01-13,Tulare,107,460477,41830,39129,5295,44424,522
2021-01-13,Tuolumne,109,53932,3251,3196,31,3227,28
2021-01-13,Ventura,111,848112,61030,56453,2071,58524,338
2021-01-13,Yolo,113,214977,10952,9933,89,10022,135
2021-01-13,Yuba,115,75493,4707,4448,53,4501,27
2021-01-12,Alameda,001,1643700,66751,62642,1335,63977,677
2021-01-12,Alpine,003,1148,73,71,0,71,0
2021-01-12,Amador,005,37829,2995,2897,24,2921,26
2021-01-12,Butte,007,227075,9674,8883,1280,10163,124
2021-01-12,Calaveras,009,45235,1523,1475,7,1482,21
2021-01-12,Colusa,011,21464,1590,1510,149,1659,7
2021-01-12,Contra Costa,013,1133247,51842,48242,815,49057,399
2021-01-12,Del Norte,015,27424,852,816,2,818,2
2021-01-12,El Dorado,017,186661,7813,7156,488,7644,41
2021-01-12,Fresno,019,978130,83452,77651,6076,83727,796
2021-01-12,Glenn,021,27897,1952,1781,372,2153,9
2021-01-12,Humboldt,023,135768,2316,2077,7,2084,22
2021-01-12,Imperial,025,180216,25433,24566,2011,26577,457
2021-01-12,Inyo,027,18085,932,773,8,781,25
2021-01-12,Kern,029,883053,80353,75320,6955,82275,689
2021-01-12,Kings,031,150075,19241,18072,707,18779,108
2021-01-12,Lake,033,64148,2551,2260,0,2260,27
2021-01-12,Lassen,035,31185,4754,4659,68,4727,1
2021-01-12,Los Angeles,037,10098052,1005809,926295,30855,957150,12610
2021-01-12,Madera,039,155013,13428,12485,620,13105,85
2021-01-12,Marin,041,260295,11505,10960,111,11071,157
2021-01-12,Mariposa,043,17540,326,302,2,304,3
2021-01-12,Mendocino,045,87422,2993,2762,47,2809,31
2021-01-12,Merced,047,269075,23426,22172,549,22721,239
2021-01-12,Modoc,049,8938,289,274,82,356,0
2021-01-12,Mono,051,14174,1067,1008,13,1021,3
2021-01-12,Monterey,053,433212,35154,33381,1028,34409,240
2021-01-12,Napa,055,140530,7477,6936,29,6965,36
2021-01-12,Nevada,057,99092,3255,3014,121,3135,17
2021-01-12,Orange,059,3164182,210779,198260,8416,206676,2142
2021-01-12,Placer,061,380077,17771,16087,808,16895,163
2021-01-12,Plumas,063,18699,568,483,9,492,2
2021-01-12,Riverside,065,2383286,242072,225580,11266,236846,2266
2021-01-12,Sacramento,067,1510023,79717,77201,859,78060,985
2021-01-12,San Benito,069,59416,4834,4515,49,4564,35
2021-01-12,San Bernardino,071,2135413,253127,237008,7133,244141,1739
2021-01-12,San Diego,073,3302833,216194,198317,9983,208300,1898
2021-01-12,San Francisco,075,870044,28807,27531,431,27962,238
2021-01-12,San Joaquin,077,732212,56731,53630,2151,55781,725
2021-01-12,San Luis Obispo,079,281455,15826,14367,371,14738,132
2021-01-12,San Mateo,081,765935,32714,29747,200,29947,206
2021-01-12,Santa Barbara,083,443738,24390,22182,684,22866,209
2021-01-12,Santa Clara,085,1922200,91990,86075,392,86467,904
2021-01-12,Santa Cruz,087,273765,12691,11267,540,11807,110
2021-01-12,Shasta,089,179085,9629,9086,929,10015,84
2021-01-12,Sierra,091,2930,43,33,6,39,0
2021-01-12,Siskiyou,093,43540,1206,1091,157,1248,3
2021-01-12,Solano,095,438530,24880,23160,263,23423,102
2021-01-12,Sonoma,097,501317,23446,22403,117,22520,205
2021-01-12,Stanislaus,099,539301,42391,39615,4067,43682,571
2021-01-12,Sutter,101,95872,7555,7276,58,7334,73
2021-01-12,Tehama,103,63373,3836,3567,407,3974,17
2021-01-12,Trinity,105,12862,437,258,62,320,3
2021-01-12,Tulare,107,460477,41370,38797,5179,43976,509
2021-01-12,Tuolumne,109,53932,3218,3178,31,3209,28
2021-01-12,Ventura,111,848112,60056,55342,2039,57381,324
2021-01-12,Yolo,113,214977,10816,9857,85,9942,133
2021-01-12,Yuba,115,75493,4662,4389,53,4442,27
2021-01-11,Alameda,001,1643700,65899,61949,1317,63266,652
2021-01-11,Alpine,003,1148,73,70,0,70,0
2021-01-11,Amador,005,37829,2981,2867,24,2891,24
2021-01-11,Butte,007,227075,9561,8757,1262,10019,119
2021-01-11,Calaveras,009,45235,1504,1460,7,1467,21
2021-01-11,Colusa,011,21464,1571,1494,144,1638,7
2021-01-11,Contra Costa,013,1133247,51161,47728,804,48532,398
2021-01-11,Del Norte,015,27424,848,810,2,812,2
2021-01-11,El Dorado,017,186661,7719,6987,481,7468,36
2021-01-11,Fresno,019,978130,82573,76581,6000,82581,775
2021-01-11,Glenn,021,27897,1925,1763,366,2129,9
2021-01-11,Humboldt,023,135768,2277,2069,7,2076,22
2021-01-11,Imperial,025,180216,25322,24418,1974,26392,453
2021-01-11,Inyo,027,18085,913,763,8,771,25
2021-01-11,Kern,029,883053,79493,74489,6856,81345,682
2021-01-11,Kings,031,150075,18978,17909,698,18607,108
2021-01-11,Lake,033,64148,2500,2205,0,2205,26
2021-01-11,Lassen,035,31185,4731,4647,68,4715,1
2021-01-11,Los Angeles,037,10098052,992580,914434,30399,944833,12304
2021-01-11,Madera,039,155013,13291,12366,609,12975,85
2021-01-11,Marin,041,260295,11406,10814,110,10924,156
2021-01-11,Mariposa,043,17540,319,296,2,298,3
2021-01-11,Mendocino,045,87422,2965,2728,47,2775,31
2021-01-11,Merced,047,269075,23103,21884,535,22419,238
2021-01-11,Modoc,049,8938,288,271,81,352,0
2021-01-11,Mono,051,14174,1061,1006,13,1019,3
2021-01-11,Monterey,053,433212,34615,32858,966,33824,239
2021-01-11,Napa,055,140530,7375,6822,29,6851,36
2021-01-11,Nevada,057,99092,3227,2980,121,3101,17
2021-01-11,Orange,059,3164182,208195,196340,8317,204657,2113
2021-01-11,Placer,061,380077,17592,15919,799,16718,163
2021-01-11,Plumas,063,18699,564,477,9,486,2
2021-01-11,Riverside,065,2383286,238568,222907,11122,234029,2222
2021-01-11,Sacramento,067,1510023,78784,76009,843,76852,974
2021-01-11,San Benito,069,59416,4762,4482,42,4524,34
2021-01-11,San Bernardino,071,2135413,250329,235543,7036,242579,1739
2021-01-11,San Diego,073,3302833,212925,194793,9823,204616,1857
2021-01-11,San Francisco,075,870044,28528,27264,411,27675,238
2021-01-11,San Joaquin,077,732212,56122,53002,2122,55124,725
2021-01-11,San Luis Obispo,079,281455,15455,14213,364,14577,126
2021-01-11,San Mateo,081,765935,32270,29355,188,29543,206
2021-01-11,Santa Barbara,083,443738,23939,21740,672,22412,200
2021-01-11,Santa Clara,085,1922200,90746,84851,384,85235,877
2021-01-11,Santa Cruz,087,273765,12511,11093,517,11610,106
2021-01-11,Shasta,089,179085,9531,8977,916,9893,81
2021-01-11,Sierra,091,2930,41,33,6,39,0
2021-01-11,Siskiyou,093,43540,1197,1087,155,1242,3
2021-01-11,Solano,095,438530,24559,22893,257,23150,101
2021-01-11,Sonoma,097,501317,23199,22191,117,22308,205
2021-01-11,Stanislaus,099,539301,41900,39149,4018,43167,571
2021-01-11,Sutter,101,95872,7496,7204,57,7261,71
2021-01-11,Tehama,103,63373,3774,3524,386,3910,17
2021-01-11,Trinity,105,12862,437,256,62,318,2
2021-01-11,Tulare,107,460477,40955,38380,5099,43479,497
2021-01-11,Tuolumne,109,53932,3207,3165,31,3196,27
2021-01-11,Ventura,111,848112,58919,54202,2015,56217,320
2021-01-11,Yolo,113,214977,10609,9699,84,9783,129
2021-01-11,Yuba,115,75493,4624,4349,46,4395,27
2021-01-10,Alameda,001,1643700,64919,61111,1289,62400,650
2021-01-10,Alpine,003,1148,73,70,0,70,0
2021-01-10,Amador,005,37829,2957,2861,24,2885,24
2021-01-10,Butte,007,227075,9440,8665,1236,9901,119
2021-01-10,Calaveras,009,45235,1481,1449,7,1456,21
2021-01-10,Colusa,011,21464,1549,1478,142,1620,7
2021-01-10,Contra Costa,013,1133247,50364,47109,785,47894,398
2021-01-10,Del Norte,015,27424,846,809,2,811,2
2021-01-10,El Dorado,017,186661,7630,6904,464,7368,36
2021-01-10,Fresno,019,978130,81762,75621,5878,81499,775
2021-01-10,Glenn,021,27897,1906,1746,358,2104,9
2021-01-10,Humboldt,023,135768,2216,2049,7,2056,22
2021-01-10,Imperial,025,180216,25164,24233,1924,26157,453
2021-01-10,Inyo,027,18085,886,748,8,756,25
2021-01-10,Kern,029,883053,78661,73712,6726,80438,679
2021-01-10,Kings,031,150075,18759,17812,691,18503,108
2021-01-10,Lake,033,64148,2445,2174,0,2174,26
2021-01-10,Lassen,035,31185,4709,4642,68,4710,1
2021-01-10,Los Angeles,037,10098052,977962,901783,29787,931570,12170
2021-01-10,Madera,039,155013,13100,12179,592,12771,85
2021-01-10,Marin,041,260295,11282,10737,109,10846,155
2021-01-10,Mariposa,043,17540,319,291,2,293,3
2021-01-10,Mendocino,045,87422,2934,2706,43,2749,31
2021-01-10,Merced,047,269075,22832,21691,524,22215,238
2021-01-10,Modoc,049,8938,288,271,79,350,0
2021-01-10,Mono,051,14174,1043,965,13,978,3
2021-01-10,Monterey,053,433212,34175,32571,934,33505,237
2021-01-10,Napa,055,140530,7273,6687,27,6714,36
2021-01-10,Nevada,057,99092,3208,2959,117,3076,17
2021-01-10,Orange,059,3164182,205409,193766,8195,201961,2104
2021-01-10,Placer,061,380077,17403,15779,779,16558,163
2021-01-10,Plumas,063,18699,554,477,9,486,2
2021-01-10,Riverside,065,2383286,235208,219486,10933,230419,2216
2021-01-10,Sacramento,067,1510023,77822,75394,816,76210,965
2021-01-10,San Benito,069,59416,4660,4434,41,4475,34
2021-01-10,San Bernardino,071,2135413,246919,232171,6933,239104,1736
2021-01-10,San Diego,073,3302833,209257,191886,9656,201542,1857
2021-01-10,San Francisco,075,870044,28147,27054,380,27434,238
2021-01-10,San Joaquin,077,732212,55311,52535,2089,54624,725
2021-01-10,San Luis Obispo,079,281455,15126,13968,352,14320,122
2021-01-10,San Mateo,081,765935,31780,28972,174,29146,206
2021-01-10,Santa Barbara,083,443738,23380,21290,657,21947,200
2021-01-10,Santa Clara,085,1922200,89562,83779,375,84154,858
2021-01-10,Santa Cruz,087,273765,12298,10951,499,11450,106
2021-01-10,Shasta,089,179085,9419,8936,901,9837,81
2021-01-10,Sierra,091,2930,40,32,6,38,0
2021-01-10,Siskiyou,093,43540,1191,1075,152,1227,3
2021-01-10,Solano,095,438530,24158,22621,254,22875,101
2021-01-10,Sonoma,097,501317,22923,21925,116,22041,204
2021-01-10,Stanislaus,099,539301,41326,38809,3941,42750,571
2021-01-10,Sutter,101,95872,7435,7133,54,7187,71
2021-01-10,Tehama,103,63373,3701,3504,374,3878,17
2021-01-10,Trinity,105,12862,437,253,60,313,2
2021-01-10,Tulare,107,460477,40540,38012,4981,42993,497
2021-01-10,Tuolumne,109,53932,3173,3143,30,3173,27
2021-01-10,Ventura,111,848112,57650,53095,1972,55067,319
2021-01-10,Yolo,113,214977,10457,9610,84,9694,129
2021-01-10,Yuba,115,75493,4571,4300,43,4343,27
2021-01-09,Alameda,001,1643700,64375,60125,1274,61399,649
2021-01-09,Alpine,003,1148,73,70,0,70,0
2021-01-09,Amador,005,37829,2950,2809,24,2833,24
2021-01-09,Butte,007,227075,9361,8552,1212,9764,118
2021-01-09,Calaveras,009,45235,1471,1425,7,1432,21
2021-01-09,Colusa,011,21464,1542,1468,141,1609,7
2021-01-09,Contra Costa,013,1133247,50010,46406,770,47176,393
2021-01-09,Del Norte,015,27424,844,802,2,804,2
2021-01-09,El Dorado,017,186661,7596,6800,461,7261,36
2021-01-09,Fresno,019,978130,81352,74816,5838,80654,773
2021-01-09,Glenn,021,27897,1891,1707,355,2062,9
2021-01-09,Humboldt,023,135768,2198,2026,7,2033,22
2021-01-09,Imperial,025,180216,25095,24028,1911,25939,448
2021-01-09,Inyo,027,18085,877,734,8,742,25
2021-01-09,Kern,029,883053,78192,73015,6649,79664,677
2021-01-09,Kings,031,150075,18664,17679,687,18366,108
2021-01-09,Lake,033,64148,2409,2144,0,2144,26
2021-01-09,Lassen,035,31185,4697,4613,68,4681,1
2021-01-09,Los Angeles,037,10098052,972381,887949,29359,917308,12011
2021-01-09,Madera,039,155013,13005,12063,586,12649,85
2021-01-09,Marin,041,260295,11221,10634,108,10742,154
2021-01-09,Mariposa,043,17540,316,287,2,289,3
2021-01-09,Mendocino,045,87422,2916,2664,43,2707,31
2021-01-09,Merced,047,269075,22690,21357,515,21872,237
2021-01-09,Modoc,049,8938,288,271,78,349,0
2021-01-09,Mono,051,14174,1038,964,13,977,3
2021-01-09,Monterey,053,433212,34025,31948,924,32872,235
2021-01-09,Napa,055,140530,7203,6594,24,6618,36
2021-01-09,Nevada,057,99092,3186,2932,114,3046,17
2021-01-09,Orange,059,3164182,203890,191004,8103,199107,2034
2021-01-09,Placer,061,380077,17296,15609,777,16386,162
2021-01-09,Plumas,063,18699,552,477,9,486,2
2021-01-09,Riverside,065,2383286,233453,216076,10797,226873,2201
2021-01-09,Sacramento,067,1510023,77289,74482,811,75293,953
2021-01-09,San Benito,069,59416,4608,4335,41,4376,34
2021-01-09,San Bernardino,071,2135413,245695,228857,6866,235723,1714
2021-01-09,San Diego,073,3302833,207563,188598,9536,198134,1824
2021-01-09,San Francisco,075,870044,27977,26708,339,27047,235
2021-01-09,San Joaquin,077,732212,54983,51927,2070,53997,724
2021-01-09,San Luis Obispo,079,281455,15002,13647,341,13988,121
2021-01-09,San Mateo,081,765935,31481,28512,167,28679,205
2021-01-09,Santa Barbara,083,443738,23168,20971,652,21623,197
2021-01-09,Santa Clara,085,1922200,88722,82269,363,82632,808
2021-01-09,Santa Cruz,087,273765,12203,10717,493,11210,107
2021-01-09,Shasta,089,179085,9386,8893,897,9790,81
2021-01-09,Sierra,091,2930,38,32,6,38,0
2021-01-09,Siskiyou,093,43540,1187,1062,147,1209,3
2021-01-09,Solano,095,438530,23999,22226,252,22478,101
2021-01-09,Sonoma,097,501317,22801,21393,116,21509,202
2021-01-09,Stanislaus,099,539301,41035,38403,3907,42310,567
2021-01-09,Sutter,101,95872,7399,7072,53,7125,69
2021-01-09,Tehama,103,63373,3669,3451,363,3814,15
2021-01-09,Trinity,105,12862,437,252,60,312,2
2021-01-09,Tulare,107,460477,40289,37684,4917,42601,496
2021-01-09,Tuolumne,109,53932,3165,3117,29,3146,26
2021-01-09,Ventura,111,848112,56822,51988,1946,53934,306
2021-01-09,Yolo,113,214977,10386,9524,83,9607,129
2021-01-09,Yuba,115,75493,4540,4265,43,4308,27
2021-01-08,Alameda,001,1643700,63813,59172,1265,60437,646
2021-01-08,Alpine,003,1148,73,70,0,70,0
2021-01-08,Amador,005,37829,2943,2792,24,2816,24
2021-01-08,Butte,007,227075,9301,8430,1198,9628,115
2021-01-08,Calaveras,009,45235,1457,1385,7,1392,21
2021-01-08,Colusa,011,21464,1530,1448,140,1588,7
2021-01-08,Contra Costa,013,1133247,49474,45667,766,46433,381
2021-01-08,Del Norte,015,27424,842,795,2,797,2
2021-01-08,El Dorado,017,186661,7526,6690,449,7139,36
2021-01-08,Fresno,019,978130,80540,73689,5780,79469,771
2021-01-08,Glenn,021,27897,1876,1680,350,2030,9
2021-01-08,Humboldt,023,135768,2174,1988,7,1995,22
2021-01-08,Imperial,025,180216,25030,23751,1896,25647,446
2021-01-08,Inyo,027,18085,862,682,8,690,24
2021-01-08,Kern,029,883053,77628,71978,6576,78554,674
2021-01-08,Kings,031,150075,18536,17441,682,18123,108
2021-01-08,Lake,033,64148,2381,2098,0,2098,26
2021-01-08,Lassen,035,31185,4689,4598,66,4664,1
2021-01-08,Los Angeles,037,10098052,961567,871188,28943,900131,11796
2021-01-08,Madera,039,155013,12855,11846,577,12423,85
2021-01-08,Marin,041,260295,11129,10531,108,10639,153
2021-01-08,Mariposa,043,17540,315,273,2,275,3
2021-01-08,Mendocino,045,87422,2897,2634,40,2674,31
2021-01-08,Merced,047,269075,22495,20862,510,21372,236
2021-01-08,Modoc,049,8938,288,266,78,344,0
2021-01-08,Mono,051,14174,1028,951,13,964,3
2021-01-08,Monterey,053,433212,33773,31543,914,32457,224
2021-01-08,Napa,055,140530,7133,6544,24,6568,32
2021-01-08,Nevada,057,99092,3164,2888,114,3002,17
2021-01-08,Orange,059,3164182,201890,186608,8017,194625,1991
2021-01-08,Placer,061,380077,17163,15401,770,16171,161
2021-01-08,Plumas,063,18699,546,465,9,474,2
2021-01-08,Riverside,065,2383286,231046,212122,10674,222796,2184
2021-01-08,Sacramento,067,1510023,76716,73245,805,74050,939
2021-01-08,San Benito,069,59416,4571,4225,40,4265,33
2021-01-08,San Bernardino,071,2135413,243815,224267,6795,231062,1703
2021-01-08,San Diego,073,3302833,205025,185060,9442,194502,1771
2021-01-08,San Francisco,075,870044,27726,26378,317,26695,207
2021-01-08,San Joaquin,077,732212,54658,50990,2042,53032,710
2021-01-08,San Luis Obispo,079,281455,14869,13286,329,13615,119
2021-01-08,San Mateo,081,765935,31132,28072,165,28237,204
2021-01-08,Santa Barbara,083,443738,22882,20461,647,21108,189
2021-01-08,Santa Clara,085,1922200,87778,80561,360,80921,789
2021-01-08,Santa Cruz,087,273765,12061,10486,485,10971,106
2021-01-08,Shasta,089,179085,9336,8772,882,9654,81
2021-01-08,Sierra,091,2930,38,31,6,37,0
2021-01-08,Siskiyou,093,43540,1184,1027,146,1173,3
2021-01-08,Solano,095,438530,23828,21832,249,22081,100
2021-01-08,Sonoma,097,501317,22659,21178,116,21294,201
2021-01-08,Stanislaus,099,539301,40736,37858,3873,41731,566
2021-01-08,Sutter,101,95872,7349,6982,53,7035,68
2021-01-08,Tehama,103,63373,3645,3406,360,3766,15
2021-01-08,Trinity,105,12862,437,247,60,307,2
2021-01-08,Tulare,107,460477,40021,36946,4822,41768,491
2021-01-08,Tuolumne,109,53932,3157,3099,29,3128,19
2021-01-08,Ventura,111,848112,55956,50553,1922,52475,294
2021-01-08,Yolo,113,214977,10297,9391,83,9474,129
2021-01-08,Yuba,115,75493,4498,4195,42,4237,26
2021-01-07,Alameda,001,1643700,62952,57921,1238,59159,632
2021-01-07,Alpine,003,1148,71,70,0,70,0
2021-01-07,Amador,005,37829,2930,2740,23,2763,24
2021-01-07,Butte,007,227075,9204,8278,1177,9455,112
2021-01-07,Calaveras,009,45235,1440,1342,6,1348,21
2021-01-07,Colusa,011,21464,1518,1420,133,1553,7
2021-01-07,Contra Costa,013,1133247,48697,44756,752,45508,376
2021-01-07,Del Norte,015,27424,840,791,2,793,2
2021-01-07,El Dorado,017,186661,7425,6545,439,6984,36
2021-01-07,Fresno,019,978130,79584,72557,5680,78237,765
2021-01-07,Glenn,021,27897,1858,1639,340,1979,9
2021-01-07,Humboldt,023,135768,2147,1954,7,1961,22
2021-01-07,Imperial,025,180216,24850,23608,1845,25453,431
2021-01-07,Inyo,027,18085,850,656,8,664,20
2021-01-07,Kern,029,883053,76766,70953,6428,77381,660
2021-01-07,Kings,031,150075,18410,17238,672,17910,108
2021-01-07,Lake,033,64148,2328,2054,0,2054,26
2021-01-07,Lassen,035,31185,4684,4581,64,4645,1
2021-01-07,Los Angeles,037,10098052,946643,853187,28416,881603,11480
2021-01-07,Madera,039,155013,12700,11644,567,12211,76
2021-01-07,Marin,041,260295,11040,10364,106,10470,153
2021-01-07,Mariposa,043,17540,313,264,2,266,3
2021-01-07,Mendocino,045,87422,2843,2585,35,2620,30
2021-01-07,Merced,047,269075,22173,20510,494,21004,234
2021-01-07,Modoc,049,8938,288,265,78,343,0
2021-01-07,Mono,051,14174,1017,905,13,918,3
2021-01-07,Monterey,053,433212,33268,30903,891,31794,222
2021-01-07,Napa,055,140530,7024,6408,24,6432,32
2021-01-07,Nevada,057,99092,3130,2847,109,2956,17
2021-01-07,Orange,059,3164182,199063,181922,7917,189839,1974
2021-01-07,Placer,061,380077,16985,15155,742,15897,144
2021-01-07,Plumas,063,18699,544,454,9,463,2
2021-01-07,Riverside,065,2383286,227588,208177,10524,218701,2156
2021-01-07,Sacramento,067,1510023,75811,72342,784,73126,919
2021-01-07,San Benito,069,59416,4510,4112,38,4150,33
2021-01-07,San Bernardino,071,2135413,240376,219691,6711,226402,1666
2021-01-07,San Diego,073,3302833,201719,180510,9264,189774,1738
2021-01-07,San Francisco,075,870044,27401,25885,304,26189,202
2021-01-07,San Joaquin,077,732212,53988,50156,2013,52169,689
2021-01-07,San Luis Obispo,079,281455,14631,12810,316,13126,118
2021-01-07,San Mateo,081,765935,30622,27494,162,27656,201
2021-01-07,Santa Barbara,083,443738,22455,19931,636,20567,187
2021-01-07,Santa Clara,085,1922200,86659,78808,356,79164,775
2021-01-07,Santa Cruz,087,273765,11852,10228,477,10705,104
2021-01-07,Shasta,089,179085,9248,8612,874,9486,81
2021-01-07,Sierra,091,2930,38,31,6,37,0
2021-01-07,Siskiyou,093,43540,1179,1010,145,1155,3
2021-01-07,Solano,095,438530,23438,21384,245,21629,100
2021-01-07,Sonoma,097,501317,22398,20857,115,20972,200
2021-01-07,Stanislaus,099,539301,40319,37296,3821,41117,553
2021-01-07,Sutter,101,95872,7290,6890,52,6942,65
2021-01-07,Tehama,103,63373,3621,3330,352,3682,15
2021-01-07,Trinity,105,12862,437,247,60,307,2
2021-01-07,Tulare,107,460477,39634,36397,4692,41089,482
2021-01-07,Tuolumne,109,53932,3137,3068,28,3096,14
2021-01-07,Ventura,111,848112,54795,49083,1894,50977,288
2021-01-07,Yolo,113,214977,10155,9207,81,9288,128
2021-01-07,Yuba,115,75493,4458,4128,42,4170,25
2021-01-06,Alameda,001,1643700,62098,57081,1211,58292,616
2021-01-06,Alpine,003,1148,71,70,0,70,0
2021-01-06,Amador,005,37829,2909,2717,22,2739,24
2021-01-06,Butte,007,227075,9092,8147,1158,9305,110
2021-01-06,Calaveras,009,45235,1417,1321,6,1327,21
2021-01-06,Colusa,011,21464,1498,1385,128,1513,7
2021-01-06,Contra Costa,013,1133247,47901,44054,736,44790,358
2021-01-06,Del Norte,015,27424,834,780,2,782,2
2021-01-06,El Dorado,017,186661,7313,6397,425,6822,35
2021-01-06,Fresno,019,978130,78738,71404,5578,76982,752
2021-01-06,Glenn,021,27897,1832,1622,336,1958,9
2021-01-06,Humboldt,023,135768,2121,1912,7,1919,22
2021-01-06,Imperial,025,180216,24603,23400,1802,25202,431
2021-01-06,Inyo,027,18085,834,630,8,638,20
2021-01-06,Kern,029,883053,75823,69893,6302,76195,646
2021-01-06,Kings,031,150075,18212,17019,653,17672,108
2021-01-06,Lake,033,64148,2294,2033,0,2033,26
2021-01-06,Lassen,035,31185,4672,4560,60,4620,1
2021-01-06,Los Angeles,037,10098052,930680,835052,27734,862786,11285
2021-01-06,Madera,039,155013,12566,11407,560,11967,67
2021-01-06,Marin,041,260295,10917,10282,105,10387,153
2021-01-06,Mariposa,043,17540,310,259,2,261,3
2021-01-06,Mendocino,045,87422,2813,2561,35,2596,30
2021-01-06,Merced,047,269075,21838,20258,479,20737,232
2021-01-06,Modoc,049,8938,288,263,78,341,0
2021-01-06,Mono,051,14174,986,905,13,918,3
2021-01-06,Monterey,053,433212,32667,30387,860,31247,222
2021-01-06,Napa,055,140530,6894,6342,24,6366,32
2021-01-06,Nevada,057,99092,3110,2805,108,2913,15
2021-01-06,Orange,059,3164182,195625,177686,7776,185462,1935
2021-01-06,Placer,061,380077,16797,14940,724,15664,134
2021-01-06,Plumas,063,18699,536,445,9,454,2
2021-01-06,Riverside,065,2383286,223575,203714,10338,214052,2121
2021-01-06,Sacramento,067,1510023,74787,71572,767,72339,909
2021-01-06,San Benito,069,59416,4434,4031,37,4068,32
2021-01-06,San Bernardino,071,2135413,236690,215286,6608,221894,1634
2021-01-06,San Diego,073,3302833,198218,176660,9093,185753,1691
2021-01-06,San Francisco,075,870044,27035,25424,296,25720,199
2021-01-06,San Joaquin,077,732212,53255,49286,1971,51257,673
2021-01-06,San Luis Obispo,079,281455,14237,12305,309,12614,115
2021-01-06,San Mateo,081,765935,30197,27050,159,27209,200
2021-01-06,Santa Barbara,083,443738,21966,19453,627,20080,177
2021-01-06,Santa Clara,085,1922200,85338,77485,349,77834,746
2021-01-06,Santa Cruz,087,273765,11633,9954,459,10413,97
2021-01-06,Shasta,089,179085,9178,8482,867,9349,78
2021-01-06,Sierra,091,2930,37,31,6,37,0
2021-01-06,Siskiyou,093,43540,1167,998,141,1139,3
2021-01-06,Solano,095,438530,23060,21102,242,21344,99
2021-01-06,Sonoma,097,501317,22091,20558,115,20673,196
2021-01-06,Stanislaus,099,539301,39752,36751,3761,40512,553
2021-01-06,Sutter,101,95872,7209,6839,51,6890,59
2021-01-06,Tehama,103,63373,3592,3306,346,3652,15
2021-01-06,Trinity,105,12862,437,246,60,306,2
2021-01-06,Tulare,107,460477,39141,35882,4597,40479,465
2021-01-06,Tuolumne,109,53932,3116,3008,28,3036,14
2021-01-06,Ventura,111,848112,53551,47428,1870,49298,280
2021-01-06,Yolo,113,214977,9991,9083,78,9161,127
2021-01-06,Yuba,115,75493,4408,4097,42,4139,25
2021-01-05,Alameda,001,1643700,60981,56432,1181,57613,602
2021-01-05,Alpine,003,1148,71,70,0,70,0
2021-01-05,Amador,005,37829,2869,2695,22,2717,24
2021-01-05,Butte,007,227075,8952,8008,1131,9139,107
2021-01-05,Calaveras,009,45235,1370,1292,6,1298,21
2021-01-05,Colusa,011,21464,1476,1376,122,1498,7
2021-01-05,Contra Costa,013,1133247,47041,43442,724,44166,353
2021-01-05,Del Norte,015,27424,828,770,2,772,2
2021-01-05,El Dorado,017,186661,7195,6270,404,6674,32
2021-01-05,Fresno,019,978130,77518,70971,5488,76459,741
2021-01-05,Glenn,021,27897,1809,1608,320,1928,9
2021-01-05,Humboldt,023,135768,2085,1884,7,1891,22
2021-01-05,Imperial,025,180216,24432,23165,1761,24926,421
2021-01-05,Inyo,027,18085,820,627,8,635,20
2021-01-05,Kern,029,883053,74745,68257,6167,74424,624
2021-01-05,Kings,031,150075,18014,16860,631,17491,108
2021-01-05,Lake,033,64148,2248,2015,0,2015,25
2021-01-05,Lassen,035,31185,4657,4554,56,4610,1
2021-01-05,Los Angeles,037,10098052,911937,823783,27080,850863,11028
2021-01-05,Madera,039,155013,12396,11359,548,11907,67
2021-01-05,Marin,041,260295,10769,10214,104,10318,151
2021-01-05,Mariposa,043,17540,304,257,2,259,3
2021-01-05,Mendocino,045,87422,2777,2501,35,2536,30
2021-01-05,Merced,047,269075,21486,20051,467,20518,230
2021-01-05,Modoc,049,8938,288,254,78,332,0
2021-01-05,Mono,051,14174,980,896,13,909,3
2021-01-05,Monterey,053,433212,32120,30045,827,30872,213
2021-01-05,Napa,055,140530,6808,6264,24,6288,29
2021-01-05,Nevada,057,99092,3082,2781,106,2887,15
2021-01-05,Orange,059,3164182,191999,174869,7586,182455,1918
2021-01-05,Placer,061,380077,16574,14723,701,15424,133
2021-01-05,Plumas,063,18699,529,428,9,437,2
2021-01-05,Riverside,065,2383286,219449,200439,10169,210608,2069
2021-01-05,Sacramento,067,1510023,73858,70677,741,71418,888
2021-01-05,San Benito,069,59416,4332,3961,35,3996,28
2021-01-05,San Bernardino,071,2135413,232726,212522,6492,219014,1615
2021-01-05,San Diego,073,3302833,194078,172845,8879,181724,1654
2021-01-05,San Francisco,075,870044,26664,24989,280,25269,196
2021-01-05,San Joaquin,077,732212,52397,48969,1927,50896,663
2021-01-05,San Luis Obispo,079,281455,13839,12027,299,12326,106
2021-01-05,San Mateo,081,765935,29716,26486,157,26643,198
2021-01-05,Santa Barbara,083,443738,21519,19063,619,19682,172
2021-01-05,Santa Clara,085,1922200,83790,76355,337,76692,729
2021-01-05,Santa Cruz,087,273765,11360,9753,435,10188,93
2021-01-05,Shasta,089,179085,9071,8345,849,9194,73
2021-01-05,Sierra,091,2930,37,31,6,37,0
2021-01-05,Siskiyou,093,43540,1155,985,139,1124,3
2021-01-05,Solano,095,438530,22651,20860,237,21097,97
2021-01-05,Sonoma,097,501317,21732,20247,114,20361,194
2021-01-05,Stanislaus,099,539301,39208,36363,3710,40073,553
2021-01-05,Sutter,101,95872,7112,6769,50,6819,59
2021-01-05,Tehama,103,63373,3540,3255,342,3597,9
2021-01-05,Trinity,105,12862,437,246,60,306,2
2021-01-05,Tulare,107,460477,38566,35585,4456,40041,455
2021-01-05,Tuolumne,109,53932,3093,2996,23,3019,13
2021-01-05,Ventura,111,848112,52307,46456,1848,48304,264
2021-01-05,Yolo,113,214977,9813,8980,76,9056,127
2021-01-05,Yuba,115,75493,4349,4053,41,4094,21
2021-01-04,Alameda,001,1643700,59762,55899,1147,57046,583
2021-01-04,Alpine,003,1148,71,68,0,68,0
2021-01-04,Amador,005,37829,2829,2596,22,2618,24
2021-01-04,Butte,007,227075,8793,7893,1110,9003,105
2021-01-04,Calaveras,009,45235,1329,1276,5,1281,21
2021-01-04,Colusa,011,21464,1451,1368,108,1476,7
2021-01-04,Contra Costa,013,1133247,46182,43019,700,43719,353
2021-01-04,Del Norte,015,27424,817,770,2,772,2
2021-01-04,El Dorado,017,186661,7061,6152,390,6542,27
2021-01-04,Fresno,019,978130,76251,69871,5390,75261,726
2021-01-04,Glenn,021,27897,1776,1590,315,1905,9
2021-01-04,Humboldt,023,135768,2048,1845,7,1852,22
2021-01-04,Imperial,025,180216,24285,23035,1710,24745,420
2021-01-04,Inyo,027,18085,794,623,8,631,20
2021-01-04,Kern,029,883053,73662,67418,5973,73391,623
2021-01-04,Kings,031,150075,17738,16801,607,17408,108
2021-01-04,Lake,033,64148,2212,1984,0,1984,25
2021-01-04,Lassen,035,31185,4635,4550,55,4605,1
2021-01-04,Los Angeles,037,10098052,891794,813022,26242,839264,10790
2021-01-04,Madera,039,155013,12180,11204,527,11731,67
2021-01-04,Marin,041,260295,10629,10115,102,10217,151
2021-01-04,Mariposa,043,17540,298,253,2,255,3
2021-01-04,Mendocino,045,87422,2737,2460,31,2491,28
2021-01-04,Merced,047,269075,21073,19804,448,20252,230
2021-01-04,Modoc,049,8938,272,250,76,326,0
2021-01-04,Mono,051,14174,969,895,13,908,3
2021-01-04,Monterey,053,433212,31506,29659,806,30465,212
2021-01-04,Napa,055,140530,6667,6187,24,6211,29
2021-01-04,Nevada,057,99092,3044,2765,103,2868,15
2021-01-04,Orange,059,3164182,188114,172458,7464,179922,1918
2021-01-04,Placer,061,380077,16315,14622,688,15310,133
2021-01-04,Plumas,063,18699,519,419,9,428,1
2021-01-04,Riverside,065,2383286,214901,196809,9983,206792,2066
2021-01-04,Sacramento,067,1510023,72804,70164,732,70896,870
2021-01-04,San Benito,069,59416,4219,3914,35,3949,28
2021-01-04,San Bernardino,071,2135413,228458,210868,6344,217212,1615
2021-01-04,San Diego,073,3302833,189504,171031,8683,179714,1598
2021-01-04,San Francisco,075,870044,26278,24753,274,25027,191
2021-01-04,San Joaquin,077,732212,51506,48644,1886,50530,661
2021-01-04,San Luis Obispo,079,281455,13352,11945,292,12237,96
2021-01-04,San Mateo,081,765935,29152,26150,152,26302,198
2021-01-04,Santa Barbara,083,443738,20996,18735,590,19325,165
2021-01-04,Santa Clara,085,1922200,82034,75297,330,75627,727
2021-01-04,Santa Cruz,087,273765,11072,9680,418,10098,85
2021-01-04,Shasta,089,179085,8966,8224,832,9056,72
2021-01-04,Sierra,091,2930,36,30,6,36,0
2021-01-04,Siskiyou,093,43540,1139,980,136,1116,3
2021-01-04,Solano,095,438530,22149,20588,229,20817,97
2021-01-04,Sonoma,097,501317,21394,20210,113,20323,194
2021-01-04,Stanislaus,099,539301,38645,36141,3655,39796,553
2021-01-04,Sutter,101,95872,7016,6712,49,6761,56
2021-01-04,Tehama,103,63373,3471,3190,337,3527,9
2021-01-04,Trinity,105,12862,434,245,60,305,2
2021-01-04,Tulare,107,460477,38027,35060,4357,39417,455
2021-01-04,Tuolumne,109,53932,3068,2987,23,3010,13
2021-01-04,Ventura,111,848112,50804,45014,1828,46842,255
2021-01-04,Yolo,113,214977,9618,8834,75,8909,121
2021-01-04,Yuba,115,75493,4294,4023,41,4064,21
2021-01-03,Alameda,001,1643700,58513,55082,1120,56202,580
2021-01-03,Alpine,003,1148,69,68,0,68,0
2021-01-03,Amador,005,37829,2772,2565,22,2587,24
2021-01-03,Butte,007,227075,8599,7837,1064,8901,105
2021-01-03,Calaveras,009,45235,1292,1249,3,1252,21
2021-01-03,Colusa,011,21464,1423,1337,102,1439,7
2021-01-03,Contra Costa,013,1133247,45296,42432,679,43111,352
2021-01-03,Del Norte,015,27424,806,768,2,770,2
2021-01-03,El Dorado,017,186661,6933,6034,373,6407,27
2021-01-03,Fresno,019,978130,75102,69326,5273,74599,719
2021-01-03,Glenn,021,27897,1751,1581,309,1890,9
2021-01-03,Humboldt,023,135768,2011,1833,7,1840,21
2021-01-03,Imperial,025,180216,24044,22951,1632,24583,419
2021-01-03,Inyo,027,18085,775,615,8,623,20
2021-01-03,Kern,029,883053,72401,66895,5798,72693,609
2021-01-03,Kings,031,150075,17462,16593,578,17171,108
2021-01-03,Lake,033,64148,2166,1976,0,1976,24
2021-01-03,Lassen,035,31185,4602,4531,54,4585,1
2021-01-03,Los Angeles,037,10098052,869733,792168,25207,817375,10633
2021-01-03,Madera,039,155013,11952,11152,504,11656,67
2021-01-03,Marin,041,260295,10479,10034,98,10132,150
2021-01-03,Mariposa,043,17540,291,248,2,250,3
2021-01-03,Mendocino,045,87422,2697,2445,29,2474,24
2021-01-03,Merced,047,269075,20606,19600,422,20022,230
2021-01-03,Modoc,049,8938,268,245,75,320,0
2021-01-03,Mono,051,14174,944,893,13,906,3
2021-01-03,Monterey,053,433212,30916,29357,771,30128,191
2021-01-03,Napa,055,140530,6566,6094,24,6118,29
2021-01-03,Nevada,057,99092,2983,2742,100,2842,15
2021-01-03,Orange,059,3164182,183924,169881,7275,177156,1919
2021-01-03,Placer,061,380077,16064,14319,665,14984,133
2021-01-03,Plumas,063,18699,506,416,9,425,1
2021-01-03,Riverside,065,2383286,210026,195048,9736,204784,2005
2021-01-03,Sacramento,067,1510023,71598,68558,711,69269,859
2021-01-03,San Benito,069,59416,4123,3882,34,3916,28
2021-01-03,San Bernardino,071,2135413,223181,208294,6173,214467,1592
2021-01-03,San Diego,073,3302833,184244,168018,8454,176472,1592
2021-01-03,San Francisco,075,870044,25787,24588,255,24843,193
2021-01-03,San Joaquin,077,732212,50397,47899,1831,49730,661
2021-01-03,San Luis Obispo,079,281455,12884,11636,284,11920,95
2021-01-03,San Mateo,081,765935,28558,25770,145,25915,196
2021-01-03,Santa Barbara,083,443738,20263,18267,576,18843,164
2021-01-03,Santa Clara,085,1922200,80444,74534,324,74858,720
2021-01-03,Santa Cruz,087,273765,10767,9528,403,9931,84
2021-01-03,Shasta,089,179085,8839,8192,792,8984,72
2021-01-03,Sierra,091,2930,36,30,6,36,0
2021-01-03,Siskiyou,093,43540,1106,976,127,1103,3
2021-01-03,Solano,095,438530,21616,20105,223,20328,97
2021-01-03,Sonoma,097,501317,21008,19982,111,20093,193
2021-01-03,Stanislaus,099,539301,37938,35762,3572,39334,553
2021-01-03,Sutter,101,95872,6919,6664,48,6712,53
2021-01-03,Tehama,103,63373,3417,3176,329,3505,9
2021-01-03,Trinity,105,12862,429,243,58,301,2
2021-01-03,Tulare,107,460477,37450,34747,4212,38959,455
2021-01-03,Tuolumne,109,53932,3007,2978,20,2998,13
2021-01-03,Ventura,111,848112,48978,43748,1811,45559,254
2021-01-03,Yolo,113,214977,9457,8674,74,8748,121
2021-01-03,Yuba,115,75493,4243,3966,40,4006,20
2021-01-02,Alameda,001,1643700,57893,54518,1089,55607,581
2021-01-02,Alpine,003,1148,69,68,0,68,0
2021-01-02,Amador,005,37829,2753,2540,22,2562,24
2021-01-02,Butte,007,227075,8493,7750,1043,8793,105
2021-01-02,Calaveras,009,45235,1272,1230,3,1233,21
2021-01-02,Colusa,011,21464,1412,1332,101,1433,7
2021-01-02,Contra Costa,013,1133247,44750,41993,671,42664,352
2021-01-02,Del Norte,015,27424,804,764,2,766,2
2021-01-02,El Dorado,017,186661,6878,5959,369,6328,27
2021-01-02,Fresno,019,978130,74558,68740,5162,73902,717
2021-01-02,Glenn,021,27897,1734,1546,308,1854,9
2021-01-02,Humboldt,023,135768,1984,1815,7,1822,21
2021-01-02,Imperial,025,180216,23956,22867,1600,24467,420
2021-01-02,Inyo,027,18085,764,609,8,617,20
2021-01-02,Kern,029,883053,71681,66457,5686,72143,610
2021-01-02,Kings,031,150075,17368,16515,574,17089,108
2021-01-02,Lake,033,64148,2129,1925,0,1925,24
2021-01-02,Lassen,035,31185,4591,4457,53,4510,1
2021-01-02,Los Angeles,037,10098052,861363,791892,24529,816421,10633
2021-01-02,Madera,039,155013,11837,11039,492,11531,67
2021-01-02,Marin,041,260295,10431,9924,95,10019,151
2021-01-02,Mariposa,043,17540,284,243,2,245,3
2021-01-02,Mendocino,045,87422,2654,2428,28,2456,24
2021-01-02,Merced,047,269075,20464,19395,405,19800,230
2021-01-02,Modoc,049,8938,267,245,75,320,0
2021-01-02,Mono,051,14174,933,884,13,897,3
2021-01-02,Monterey,053,433212,30700,28991,759,29750,191
2021-01-02,Napa,055,140530,6507,5994,24,6018,29
2021-01-02,Nevada,057,99092,2954,2706,96,2802,15
2021-01-02,Orange,059,3164182,181702,168457,7127,175584,1918
2021-01-02,Placer,061,380077,15891,14182,656,14838,133
2021-01-02,Plumas,063,18699,503,413,9,422,1
2021-01-02,Riverside,065,2383286,207380,192069,9510,201579,2008
2021-01-02,Sacramento,067,1510023,70962,67810,693,68503,858
2021-01-02,San Benito,069,59416,4041,3829,34,3863,28
2021-01-02,San Bernardino,071,2135413,221519,206939,6051,212990,1597
2021-01-02,San Diego,073,3302833,181645,164498,8257,172755,1592
2021-01-02,San Francisco,075,870044,25534,24414,247,24661,194
2021-01-02,San Joaquin,077,732212,49994,47310,1803,49113,662
2021-01-02,San Luis Obispo,079,281455,12750,11467,278,11745,95
2021-01-02,San Mateo,081,765935,28221,25483,137,25620,196
2021-01-02,Santa Barbara,083,443738,19974,18135,573,18708,164
2021-01-02,Santa Clara,085,1922200,79268,73662,318,73980,720
2021-01-02,Santa Cruz,087,273765,10612,9340,395,9735,85
2021-01-02,Shasta,089,179085,8773,8154,781,8935,72
2021-01-02,Sierra,091,2930,36,28,6,34,0
2021-01-02,Siskiyou,093,43540,1095,949,125,1074,3
2021-01-02,Solano,095,438530,21414,19805,214,20019,97
2021-01-02,Sonoma,097,501317,20839,19761,111,19872,194
2021-01-02,Stanislaus,099,539301,37605,35431,3508,38939,553
2021-01-02,Sutter,101,95872,6867,6621,48,6669,53
2021-01-02,Tehama,103,63373,3389,3146,325,3471,9
2021-01-02,Trinity,105,12862,426,243,58,301,2
2021-01-02,Tulare,107,460477,37122,34479,4138,38617,455
2021-01-02,Tuolumne,109,53932,2993,2942,18,2960,13
2021-01-02,Ventura,111,848112,47823,43397,1778,45175,254
2021-01-02,Yolo,113,214977,9360,8571,72,8643,122
2021-01-02,Yuba,115,75493,4205,3930,40,3970,21
2021-01-01,Alameda,001,1643700,57245,53518,1075,54593,579
2021-01-01,Alpine,003,1148,69,68,0,68,0
2021-01-01,Amador,005,37829,2727,2513,20,2533,24
2021-01-01,Butte,007,227075,8391,7589,1021,8610,105
2021-01-01,Calaveras,009,45235,1257,1186,3,1189,21
2021-01-01,Colusa,011,21464,1402,1314,99,1413,7
2021-01-01,Contra Costa,013,1133247,44275,41412,651,42063,351
2021-01-01,Del Norte,015,27424,799,758,2,760,2
2021-01-01,El Dorado,017,186661,6785,5832,361,6193,27
2021-01-01,Fresno,019,978130,73486,67484,5078,72562,717
2021-01-01,Glenn,021,27897,1717,1520,299,1819,9
2021-01-01,Humboldt,023,135768,1945,1783,7,1790,21
2021-01-01,Imperial,025,180216,23860,22715,1549,24264,418
2021-01-01,Inyo,027,18085,739,606,8,614,20
2021-01-01,Kern,029,883053,70855,65571,5579,71150,609
2021-01-01,Kings,031,150075,17185,16358,567,16925,108
2021-01-01,Lake,033,64148,2091,1888,0,1888,24
2021-01-01,Lassen,035,31185,4585,4377,53,4430,1
2021-01-01,Los Angeles,037,10098052,847144,775578,23858,799436,10515
2021-01-01,Madera,039,155013,11682,10752,483,11235,66
2021-01-01,Marin,041,260295,10333,9821,94,9915,148
2021-01-01,Mariposa,043,17540,276,236,2,238,3
2021-01-01,Mendocino,045,87422,2600,2400,28,2428,24
2021-01-01,Merced,047,269075,20280,19118,389,19507,229
2021-01-01,Modoc,049,8938,267,241,75,316,0
2021-01-01,Mono,051,14174,915,884,12,896,3
2021-01-01,Monterey,053,433212,30462,28465,750,29215,191
2021-01-01,Napa,055,140530,6422,5899,24,5923,28
2021-01-01,Nevada,057,99092,2930,2663,96,2759,15
2021-01-01,Orange,059,3164182,178908,165440,6984,172424,1893
2021-01-01,Placer,061,380077,15701,13987,641,14628,133
2021-01-01,Plumas,063,18699,498,412,9,421,1
2021-01-01,Riverside,065,2383286,204190,188674,9257,197931,1990
2021-01-01,Sacramento,067,1510023,70364,66956,676,67632,848
2021-01-01,San Benito,069,59416,4004,3773,34,3807,28
2021-01-01,San Bernardino,071,2135413,218755,203651,5921,209572,1590
2021-01-01,San Diego,073,3302833,178572,160071,8078,168149,1592
2021-01-01,San Francisco,075,870044,25256,24145,236,24381,187
2021-01-01,San Joaquin,077,732212,49670,46640,1759,48399,657
2021-01-01,San Luis Obispo,079,281455,12521,11160,270,11430,94
2021-01-01,San Mateo,081,765935,27772,25041,133,25174,194
2021-01-01,Santa Barbara,083,443738,19654,17759,563,18322,164
2021-01-01,Santa Clara,085,1922200,78047,71904,314,72218,680
2021-01-01,Santa Cruz,087,273765,10432,9146,385,9531,84
2021-01-01,Shasta,089,179085,8692,8102,764,8866,72
2021-01-01,Sierra,091,2930,36,26,6,32,0
2021-01-01,Siskiyou,093,43540,1081,944,120,1064,3
2021-01-01,Solano,095,438530,21200,19393,212,19605,97
2021-01-01,Sonoma,097,501317,20643,19513,111,19624,189
2021-01-01,Stanislaus,099,539301,37317,34978,3446,38424,553
2021-01-01,Sutter,101,95872,6810,6553,47,6600,52
2021-01-01,Tehama,103,63373,3331,3079,318,3397,9
2021-01-01,Trinity,105,12862,426,243,58,301,2
2021-01-01,Tulare,107,460477,36713,33994,4050,38044,454
2021-01-01,Tuolumne,109,53932,2976,2909,18,2927,13
2021-01-01,Ventura,111,848112,46330,42026,1752,43778,253
2021-01-01,Yolo,113,214977,9250,8461,69,8530,120
2021-01-01,Yuba,115,75493,4151,3845,39,3884,19
2020-12-31,Alameda,001,1643700,56697,52475,1043,53518,579
2020-12-31,Alpine,003,1148,69,66,0,66,0
2020-12-31,Amador,005,37829,2713,2493,20,2513,24
2020-12-31,Butte,007,227075,8316,7405,1000,8405,105
2020-12-31,Calaveras,009,45235,1246,1161,3,1164,21
2020-12-31,Colusa,011,21464,1390,1301,96,1397,7
2020-12-31,Contra Costa,013,1133247,43871,40512,635,41147,336
2020-12-31,Del Norte,015,27424,798,748,2,750,2
2020-12-31,El Dorado,017,186661,6733,5662,352,6014,26
2020-12-31,Fresno,019,978130,73055,66442,5016,71458,711
2020-12-31,Glenn,021,27897,1689,1484,291,1775,9
2020-12-31,Humboldt,023,135768,1928,1713,7,1720,21
2020-12-31,Imperial,025,180216,23790,22494,1532,24026,417
2020-12-31,Inyo,027,18085,731,591,8,599,20
2020-12-31,Kern,029,883053,70381,64904,5491,70395,609
2020-12-31,Kings,031,150075,17110,16077,558,16635,108
2020-12-31,Lake,033,64148,2070,1848,0,1848,23
2020-12-31,Lassen,035,31185,4579,4340,52,4392,1
2020-12-31,Los Angeles,037,10098052,841799,755844,23406,779250,10320
2020-12-31,Madera,039,155013,11597,10609,475,11084,64
2020-12-31,Marin,041,260295,10281,9731,92,9823,148
2020-12-31,Mariposa,043,17540,274,217,2,219,3
2020-12-31,Mendocino,045,87422,2585,2367,24,2391,24
2020-12-31,Merced,047,269075,20190,18808,379,19187,226
2020-12-31,Modoc,049,8938,267,238,75,313,0
2020-12-31,Mono,051,14174,907,868,12,880,3
2020-12-31,Monterey,053,433212,30232,27720,738,28458,188
2020-12-31,Napa,055,140530,6359,5801,24,5825,28
2020-12-31,Nevada,057,99092,2907,2619,95,2714,15
2020-12-31,Orange,059,3164182,177007,161586,6855,168441,1866
2020-12-31,Placer,061,380077,15545,13708,638,14346,126
2020-12-31,Plumas,063,18699,494,401,8,409,1
2020-12-31,Riverside,065,2383286,202508,184193,9128,193321,1958
2020-12-31,Sacramento,067,1510023,69834,65817,666,66483,830
2020-12-31,San Benito,069,59416,3980,3673,34,3707,28
2020-12-31,San Bernardino,071,2135413,217061,199115,5848,204963,1586
2020-12-31,San Diego,073,3302833,176809,155593,7979,163572,1534
2020-12-31,San Francisco,075,870044,25021,23740,229,23969,183
2020-12-31,San Joaquin,077,732212,49318,45764,1721,47485,646
2020-12-31,San Luis Obispo,079,281455,12406,10846,270,11116,89
2020-12-31,San Mateo,081,765935,27442,24570,127,24697,192
2020-12-31,Santa Barbara,083,443738,19410,17434,556,17990,161
2020-12-31,Santa Clara,085,1922200,77170,70032,309,70341,665
2020-12-31,Santa Cruz,087,273765,10314,8909,373,9282,84
2020-12-31,Shasta,089,179085,8626,7996,754,8750,69
2020-12-31,Sierra,091,2930,36,26,6,32,0
2020-12-31,Siskiyou,093,43540,1065,940,117,1057,3
2020-12-31,Solano,095,438530,20970,18942,211,19153,97
2020-12-31,Sonoma,097,501317,20522,19129,110,19239,188
2020-12-31,Stanislaus,099,539301,37009,34398,3399,37797,552
2020-12-31,Sutter,101,95872,6779,6432,47,6479,51
2020-12-31,Tehama,103,63373,3293,3036,317,3353,9
2020-12-31,Trinity,105,12862,425,241,58,299,2
2020-12-31,Tulare,107,460477,36509,33412,3989,37401,446
2020-12-31,Tuolumne,109,53932,2967,2902,18,2920,12
2020-12-31,Ventura,111,848112,45820,40854,1735,42589,251
2020-12-31,Yolo,113,214977,9161,8295,68,8363,117
2020-12-31,Yuba,115,75493,4114,3799,38,3837,18
2020-12-30,Alameda,001,1643700,55915,50158,990,51148,573
2020-12-30,Alpine,003,1148,69,66,0,66,0
2020-12-30,Amador,005,37829,2693,2418,19,2437,24
2020-12-30,Butte,007,227075,8155,7140,980,8120,103
2020-12-30,Calaveras,009,45235,1221,1135,3,1138,21
2020-12-30,Colusa,011,21464,1372,1289,90,1379,7
2020-12-30,Contra Costa,013,1133247,43322,39601,622,40223,337
2020-12-30,Del Norte,015,27424,793,726,2,728,2
2020-12-30,El Dorado,017,186661,6632,5595,342,5937,27
2020-12-30,Fresno,019,978130,72210,65566,4866,70432,711
2020-12-30,Glenn,021,27897,1658,1471,279,1750,9
2020-12-30,Humboldt,023,135768,1894,1654,7,1661,22
2020-12-30,Imperial,025,180216,23624,22098,1456,23554,412
2020-12-30,Inyo,027,18085,725,572,8,580,20
2020-12-30,Kern,029,883053,69653,63292,5346,68638,604
2020-12-30,Kings,031,150075,16991,15862,549,16411,108
2020-12-30,Lake,033,64148,2051,1731,0,1731,23
2020-12-30,Lassen,035,31185,4570,4300,52,4352,1
2020-12-30,Los Angeles,037,10098052,830879,741907,22736,764643,10046
2020-12-30,Madera,039,155013,11487,10249,464,10713,65
2020-12-30,Marin,041,260295,10187,9569,85,9654,148
2020-12-30,Mariposa,043,17540,270,214,2,216,3
2020-12-30,Mendocino,045,87422,2567,2291,21,2312,24
2020-12-30,Merced,047,269075,19900,18519,369,18888,225
2020-12-30,Modoc,049,8938,264,234,75,309,0
2020-12-30,Mono,051,14174,904,868,12,880,3
2020-12-30,Monterey,053,433212,29602,26977,716,27693,186
2020-12-30,Napa,055,140530,6254,5754,24,5778,28
2020-12-30,Nevada,057,99092,2872,2595,93,2688,15
2020-12-30,Orange,059,3164182,174349,153951,6668,160619,1863
2020-12-30,Placer,061,380077,15313,13540,626,14166,127
2020-12-30,Plumas,063,18699,489,397,8,405,1
2020-12-30,Riverside,065,2383286,199560,176402,8945,185347,1919
2020-12-30,Sacramento,067,1510023,68961,64119,649,64768,847
2020-12-30,San Benito,069,59416,3898,3464,30,3494,29
2020-12-30,San Bernardino,071,2135413,214493,192648,5763,198411,1591
2020-12-30,San Diego,073,3302833,173176,152510,7804,160314,1472
2020-12-30,San Francisco,075,870044,24745,23099,224,23323,182
2020-12-30,San Joaquin,077,732212,48597,44465,1680,46145,634
2020-12-30,San Luis Obispo,079,281455,12137,10542,262,10804,89
2020-12-30,San Mateo,081,765935,27013,24150,123,24273,190
2020-12-30,Santa Barbara,083,443738,19008,16895,535,17430,161
2020-12-30,Santa Clara,085,1922200,75961,67218,305,67523,661
2020-12-30,Santa Cruz,087,273765,10140,8787,364,9151,86
2020-12-30,Shasta,089,179085,8512,7818,740,8558,69
2020-12-30,Sierra,091,2930,36,25,6,31,0
2020-12-30,Siskiyou,093,43540,1058,913,109,1022,3
2020-12-30,Solano,095,438530,20581,18300,208,18508,96
2020-12-30,Sonoma,097,501317,20266,18947,110,19057,191
2020-12-30,Stanislaus,099,539301,36546,33730,3324,37054,526
2020-12-30,Sutter,101,95872,6719,6328,45,6373,51
2020-12-30,Tehama,103,63373,3249,2969,313,3282,9
2020-12-30,Trinity,105,12862,424,231,57,288,2
2020-12-30,Tulare,107,460477,35979,32413,3929,36342,430
2020-12-30,Tuolumne,109,53932,2957,2772,16,2788,12
2020-12-30,Ventura,111,848112,44533,39039,1711,40750,251
2020-12-30,Yolo,113,214977,9053,8067,66,8133,117
2020-12-30,Yuba,115,75493,4046,3612,38,3650,18
2020-12-29,Alameda,001,1643700,54844,50946,955,51901,552
2020-12-29,Alpine,003,1148,69,65,0,65,0
2020-12-29,Amador,005,37829,2641,2388,18,2406,23
2020-12-29,Butte,007,227075,7982,7178,956,8134,98
2020-12-29,Calaveras,009,45235,1177,1111,2,1113,21
2020-12-29,Colusa,011,21464,1351,1272,85,1357,7
2020-12-29,Contra Costa,013,1133247,42551,39225,596,39821,325
2020-12-29,Del Norte,015,27424,786,724,2,726,2
2020-12-29,El Dorado,017,186661,6502,5551,329,5880,22
2020-12-29,Fresno,019,978130,70836,65149,4716,69865,688
2020-12-29,Glenn,021,27897,1624,1454,272,1726,9
2020-12-29,Humboldt,023,135768,1846,1616,7,1623,19
2020-12-29,Imperial,025,180216,23409,22105,1374,23479,407
2020-12-29,Inyo,027,18085,707,571,8,579,19
2020-12-29,Kern,029,883053,68488,63096,5178,68274,589
2020-12-29,Kings,031,150075,16822,15777,537,16314,108
2020-12-29,Lake,033,64148,2020,1805,0,1805,22
2020-12-29,Lassen,035,31185,4555,4288,52,4340,1
2020-12-29,Los Angeles,037,10098052,810669,731907,21911,753818,9786
2020-12-29,Madera,039,155013,11185,10251,451,10702,64
2020-12-29,Marin,041,260295,10044,9595,81,9676,146
2020-12-29,Mariposa,043,17540,262,212,2,214,3
2020-12-29,Mendocino,045,87422,2524,2249,20,2269,24
2020-12-29,Merced,047,269075,19550,18464,353,18817,221
2020-12-29,Modoc,049,8938,261,232,75,307,0
2020-12-29,Mono,051,14174,895,868,12,880,3
2020-12-29,Monterey,053,433212,28951,26894,691,27585,185
2020-12-29,Napa,055,140530,6136,5663,24,5687,28
2020-12-29,Nevada,057,99092,2824,2550,92,2642,15
2020-12-29,Orange,059,3164182,170578,154411,6505,160916,1839
2020-12-29,Placer,061,380077,15100,13392,605,13997,126
2020-12-29,Plumas,063,18699,480,395,8,403,1
2020-12-29,Riverside,065,2383286,194962,177624,8696,186320,1904
2020-12-29,Sacramento,067,1510023,67910,65078,637,65715,820
2020-12-29,San Benito,069,59416,3779,3474,29,3503,25
2020-12-29,San Bernardino,071,2135413,209657,190476,5627,196103,1557
2020-12-29,San Diego,073,3302833,168953,150062,7573,157635,1435
2020-12-29,San Francisco,075,870044,24405,22996,217,23213,178
2020-12-29,San Joaquin,077,732212,47657,44699,1627,46326,622
2020-12-29,San Luis Obispo,079,281455,11841,10387,254,10641,80
2020-12-29,San Mateo,081,765935,26471,23773,111,23884,189
2020-12-29,Santa Barbara,083,443738,18539,16797,509,17306,155
2020-12-29,Santa Clara,085,1922200,74461,67581,301,67882,621
2020-12-29,Santa Cruz,087,273765,9874,8492,355,8847,84
2020-12-29,Shasta,089,179085,8408,7782,725,8507,65
2020-12-29,Sierra,091,2930,34,24,5,29,0
2020-12-29,Siskiyou,093,43540,1043,926,107,1033,3
2020-12-29,Solano,095,438530,20205,18412,203,18615,96
2020-12-29,Sonoma,097,501317,19934,18790,108,18898,187
2020-12-29,Stanislaus,099,539301,36069,33775,3254,37029,508
2020-12-29,Sutter,101,95872,6652,6302,45,6347,50
2020-12-29,Tehama,103,63373,3179,2962,301,3263,9
2020-12-29,Trinity,105,12862,423,241,57,298,2
2020-12-29,Tulare,107,460477,35351,32545,3806,36351,419
2020-12-29,Tuolumne,109,53932,2915,2797,16,2813,12
2020-12-29,Ventura,111,848112,43278,38669,1685,40354,235
2020-12-29,Yolo,113,214977,8923,8124,64,8188,111
2020-12-29,Yuba,115,75493,3967,3723,38,3761,18
2020-12-28,Alameda,001,1643700,53801,50405,935,51340,551
2020-12-28,Alpine,003,1148,68,65,0,65,0
2020-12-28,Amador,005,37829,2571,2255,18,2273,23
2020-12-28,Butte,007,227075,7816,7053,926,7979,86
2020-12-28,Calaveras,009,45235,1154,1102,2,1104,21
2020-12-28,Colusa,011,21464,1325,1255,74,1329,7
2020-12-28,Contra Costa,013,1133247,41609,38872,567,39439,324
2020-12-28,Del Norte,015,27424,777,718,2,720,2
2020-12-28,El Dorado,017,186661,6346,5441,317,5758,18
2020-12-28,Fresno,019,978130,69571,64274,4566,68840,679
2020-12-28,Glenn,021,27897,1590,1435,260,1695,9
2020-12-28,Humboldt,023,135768,1811,1579,7,1586,19
2020-12-28,Imperial,025,180216,23153,22003,1300,23303,405
2020-12-28,Inyo,027,18085,701,569,8,577,19
2020-12-28,Kern,029,883053,67422,62392,4978,67370,579
2020-12-28,Kings,031,150075,16605,15733,520,16253,108
2020-12-28,Lake,033,64148,1980,1785,0,1785,22
2020-12-28,Lassen,035,31185,4448,4284,51,4335,1
2020-12-28,Los Angeles,037,10098052,788312,720699,21127,741826,9544
2020-12-28,Madera,039,155013,11012,10123,431,10554,64
2020-12-28,Marin,041,260295,9937,9546,75,9621,145
2020-12-28,Mariposa,043,17540,238,211,2,213,3
2020-12-28,Mendocino,045,87422,2489,2214,20,2234,23
2020-12-28,Merced,047,269075,19230,18245,335,18580,213
2020-12-28,Modoc,049,8938,256,220,73,293,0
2020-12-28,Mono,051,14174,891,848,12,860,3
2020-12-28,Monterey,053,433212,28103,26529,682,27211,182
2020-12-28,Napa,055,140530,6026,5576,24,5600,26
2020-12-28,Nevada,057,99092,2776,2532,88,2620,15
2020-12-28,Orange,059,3164182,166477,152089,6330,158419,1839
2020-12-28,Placer,061,380077,14760,13234,578,13812,126
2020-12-28,Plumas,063,18699,476,391,8,399,0
2020-12-28,Riverside,065,2383286,190066,174029,8409,182438,1855
2020-12-28,Sacramento,067,1510023,66675,64322,613,64935,813
2020-12-28,San Benito,069,59416,3710,3429,29,3458,24
2020-12-28,San Bernardino,071,2135413,204564,188919,5514,194433,1552
2020-12-28,San Diego,073,3302833,164209,147528,7391,154919,1404
2020-12-28,San Francisco,075,870044,24045,22726,212,22938,178
2020-12-28,San Joaquin,077,732212,46718,44172,1595,45767,618
2020-12-28,San Luis Obispo,079,281455,11491,10260,250,10510,76
2020-12-28,San Mateo,081,765935,25997,23467,107,23574,189
2020-12-28,Santa Barbara,083,443738,18071,16579,497,17076,155
2020-12-28,Santa Clara,085,1922200,72980,66418,294,66712,619
2020-12-28,Santa Cruz,087,273765,9616,8310,345,8655,81
2020-12-28,Shasta,089,179085,8291,7688,712,8400,65
2020-12-28,Sierra,091,2930,32,24,4,28,0
2020-12-28,Siskiyou,093,43540,1027,915,102,1017,3
2020-12-28,Solano,095,438530,19645,18171,196,18367,96
2020-12-28,Sonoma,097,501317,19587,18667,106,18773,185
2020-12-28,Stanislaus,099,539301,35523,33473,3195,36668,507
2020-12-28,Sutter,101,95872,6572,6253,45,6298,49
2020-12-28,Tehama,103,63373,3126,2934,294,3228,9
2020-12-28,Trinity,105,12862,421,240,57,297,2
2020-12-28,Tulare,107,460477,34702,32010,3705,35715,404
2020-12-28,Tuolumne,109,53932,2898,2777,16,2793,12
2020-12-28,Ventura,111,848112,41608,37151,1640,38791,230
2020-12-28,Yolo,113,214977,8770,8031,63,8094,111
2020-12-28,Yuba,115,75493,3912,3679,37,3716,18
2020-12-27,Alameda,001,1643700,52560,49764,908,50672,551
2020-12-27,Alpine,003,1148,66,65,0,65,0
2020-12-27,Amador,005,37829,2451,2218,18,2236,23
2020-12-27,Butte,007,227075,7661,7016,888,7904,86
2020-12-27,Calaveras,009,45235,1108,1097,2,1099,21
2020-12-27,Colusa,011,21464,1300,1253,71,1324,7
2020-12-27,Contra Costa,013,1133247,40663,38428,543,38971,324
2020-12-27,Del Norte,015,27424,753,712,2,714,2
2020-12-27,El Dorado,017,186661,6132,5388,294,5682,18
2020-12-27,Fresno,019,978130,68326,63811,4361,68172,679
2020-12-27,Glenn,021,27897,1562,1434,246,1680,9
2020-12-27,Humboldt,023,135768,1767,1575,7,1582,17
2020-12-27,Imperial,025,180216,22874,21934,1193,23127,405
2020-12-27,Inyo,027,18085,682,565,7,572,18
2020-12-27,Kern,029,883053,66141,61914,4813,66727,568
2020-12-27,Kings,031,150075,16369,15593,486,16079,108
2020-12-27,Lake,033,64148,1931,1769,0,1769,22
2020-12-27,Lassen,035,31185,4371,4230,44,4274,1
2020-12-27,Los Angeles,037,10098052,766784,707260,20263,727523,9476
2020-12-27,Madera,039,155013,10755,10005,421,10426,64
2020-12-27,Marin,041,260295,9818,9477,73,9550,144
2020-12-27,Mariposa,043,17540,231,208,2,210,3
2020-12-27,Mendocino,045,87422,2442,2209,20,2229,23
2020-12-27,Merced,047,269075,18863,18075,319,18394,213
2020-12-27,Modoc,049,8938,247,221,69,290,0
2020-12-27,Mono,051,14174,879,849,12,861,3
2020-12-27,Monterey,053,433212,27540,26322,665,26987,181
2020-12-27,Napa,055,140530,5892,5496,24,5520,26
2020-12-27,Nevada,057,99092,2740,2519,88,2607,15
2020-12-27,Orange,059,3164182,162075,149276,6142,155418,1839
2020-12-27,Placer,061,380077,14465,13017,546,13563,126
2020-12-27,Plumas,063,18699,470,390,8,398,0
2020-12-27,Riverside,065,2383286,185151,171995,8109,180104,1836
2020-12-27,Sacramento,067,1510023,65464,63416,591,64007,811
2020-12-27,San Benito,069,59416,3625,3394,29,3423,24
2020-12-27,San Bernardino,071,2135413,199473,186776,5377,192153,1551
2020-12-27,San Diego,073,3302833,159802,145777,7204,152981,1402
2020-12-27,San Francisco,075,870044,23691,22514,204,22718,178
2020-12-27,San Joaquin,077,732212,45668,43529,1546,45075,618
2020-12-27,San Luis Obispo,079,281455,11083,10154,245,10399,76
2020-12-27,San Mateo,081,765935,25433,23136,104,23240,187
2020-12-27,Santa Barbara,083,443738,17542,16364,470,16834,155
2020-12-27,Santa Clara,085,1922200,71285,65288,288,65576,619
2020-12-27,Santa Cruz,087,273765,9358,8234,337,8571,81
2020-12-27,Shasta,089,179085,8164,7671,690,8361,65
2020-12-27,Sierra,091,2930,32,24,3,27,0
2020-12-27,Siskiyou,093,43540,1017,914,97,1011,3
2020-12-27,Solano,095,438530,19163,17840,191,18031,96
2020-12-27,Sonoma,097,501317,19296,18487,105,18592,185
2020-12-27,Stanislaus,099,539301,34911,33076,3112,36188,506
2020-12-27,Sutter,101,95872,6491,6218,43,6261,48
2020-12-27,Tehama,103,63373,3054,2922,278,3200,9
2020-12-27,Trinity,105,12862,414,240,55,295,2
2020-12-27,Tulare,107,460477,34100,31864,3587,35451,400
2020-12-27,Tuolumne,109,53932,2792,2750,14,2764,12
2020-12-27,Ventura,111,848112,40546,36661,1589,38250,230
2020-12-27,Yolo,113,214977,8581,7919,59,7978,111
2020-12-27,Yuba,115,75493,3849,3665,35,3700,18
2020-12-26,Alameda,001,1643700,51937,49084,895,49979,551
2020-12-26,Alpine,003,1148,66,65,0,65,0
2020-12-26,Amador,005,37829,2437,2189,18,2207,23
2020-12-26,Butte,007,227075,7567,6968,864,7832,86
2020-12-26,Calaveras,009,45235,1102,1084,2,1086,21
2020-12-26,Colusa,011,21464,1290,1240,71,1311,7
2020-12-26,Contra Costa,013,1133247,40185,38008,526,38534,324
2020-12-26,Del Norte,015,27424,748,709,2,711,2
2020-12-26,El Dorado,017,186661,6077,5279,290,5569,18
2020-12-26,Fresno,019,978130,67857,63080,4298,67378,679
2020-12-26,Glenn,021,27897,1541,1413,241,1654,9
2020-12-26,Humboldt,023,135768,1729,1545,7,1552,17
2020-12-26,Imperial,025,180216,22779,21734,1140,22874,405
2020-12-26,Inyo,027,18085,667,554,7,561,18
2020-12-26,Kern,029,883053,65470,61174,4666,65840,564
2020-12-26,Kings,031,150075,16251,15517,482,15999,108
2020-12-26,Lake,033,64148,1891,1710,0,1710,22
2020-12-26,Lassen,035,31185,4350,3981,44,4025,1
2020-12-26,Los Angeles,037,10098052,758209,694149,19776,713925,9424
2020-12-26,Madera,039,155013,10679,9908,409,10317,64
2020-12-26,Marin,041,260295,9777,9413,70,9483,143
2020-12-26,Mariposa,043,17540,230,206,2,208,3
2020-12-26,Mendocino,045,87422,2396,2194,20,2214,23
2020-12-26,Merced,047,269075,18705,17890,314,18204,213
2020-12-26,Modoc,049,8938,244,222,69,291,0
2020-12-26,Mono,051,14174,873,850,12,862,3
2020-12-26,Monterey,053,433212,27402,26010,656,26666,182
2020-12-26,Napa,055,140530,5834,5427,24,5451,26
2020-12-26,Nevada,057,99092,2712,2480,88,2568,15
2020-12-26,Orange,059,3164182,159853,147304,6051,153355,1838
2020-12-26,Placer,061,380077,14293,12816,531,13347,122
2020-12-26,Plumas,063,18699,467,381,8,389,0
2020-12-26,Riverside,065,2383286,182665,169360,7951,177311,1834
2020-12-26,Sacramento,067,1510023,64839,62435,581,63016,807
2020-12-26,San Benito,069,59416,3552,3330,29,3359,24
2020-12-26,San Bernardino,071,2135413,197793,185111,5295,190406,1551
2020-12-26,San Diego,073,3302833,157277,142644,7057,149701,1402
2020-12-26,San Francisco,075,870044,23450,22319,204,22523,177
2020-12-26,San Joaquin,077,732212,45280,42887,1500,44387,618
2020-12-26,San Luis Obispo,079,281455,10996,9945,240,10185,76
2020-12-26,San Mateo,081,765935,25095,22908,99,23007,187
2020-12-26,Santa Barbara,083,443738,17303,16159,464,16623,155
2020-12-26,Santa Clara,085,1922200,70170,64185,286,64471,618
2020-12-26,Santa Cruz,087,273765,9227,8113,328,8441,81
2020-12-26,Shasta,089,179085,8104,7641,678,8319,65
2020-12-26,Sierra,091,2930,32,24,3,27,0
2020-12-26,Siskiyou,093,43540,1010,909,94,1003,2
2020-12-26,Solano,095,438530,18923,17528,191,17719,96
2020-12-26,Sonoma,097,501317,19093,18261,103,18364,184
2020-12-26,Stanislaus,099,539301,34612,32678,3059,35737,505
2020-12-26,Sutter,101,95872,6433,6121,43,6164,48
2020-12-26,Tehama,103,63373,3025,2884,272,3156,9
2020-12-26,Trinity,105,12862,412,237,54,291,2
2020-12-26,Tulare,107,460477,33790,31665,3524,35189,398
2020-12-26,Tuolumne,109,53932,2781,2703,14,2717,12
2020-12-26,Ventura,111,848112,39581,36064,1559,37623,230
2020-12-26,Yolo,113,214977,8479,7785,57,7842,111
2020-12-26,Yuba,115,75493,3817,3599,35,3634,18
2020-12-25,Alameda,001,1643700,51366,48365,880,49245,542
2020-12-25,Alpine,003,1148,66,64,0,64,0
2020-12-25,Amador,005,37829,2394,2172,18,2190,23
2020-12-25,Butte,007,227075,7468,6873,845,7718,85
2020-12-25,Calaveras,009,45235,1099,1062,2,1064,21
2020-12-25,Colusa,011,21464,1277,1219,70,1289,7
2020-12-25,Contra Costa,013,1133247,39699,37480,502,37982,324
2020-12-25,Del Norte,015,27424,746,692,2,694,2
2020-12-25,El Dorado,017,186661,6012,5170,277,5447,16
2020-12-25,Fresno,019,978130,66995,62251,4217,66468,679
2020-12-25,Glenn,021,27897,1525,1390,234,1624,9
2020-12-25,Humboldt,023,135768,1689,1532,7,1539,16
2020-12-25,Imperial,025,180216,22676,21646,1128,22774,405
2020-12-25,Inyo,027,18085,657,546,7,553,18
2020-12-25,Kern,029,883053,64740,60417,4520,64937,562
2020-12-25,Kings,031,150075,16140,15460,478,15938,108
2020-12-25,Lake,033,64148,1872,1669,0,1669,20
2020-12-25,Lassen,035,31185,4335,3926,44,3970,1
2020-12-25,Los Angeles,037,10098052,744540,665600,19124,684724,9292
2020-12-25,Madera,039,155013,10515,9770,403,10173,64
2020-12-25,Marin,041,260295,9724,9375,68,9443,143
2020-12-25,Mariposa,043,17540,224,203,2,205,3
2020-12-25,Mendocino,045,87422,2353,2176,20,2196,23
2020-12-25,Merced,047,269075,18544,17726,306,18032,213
2020-12-25,Modoc,049,8938,243,221,69,290,0
2020-12-25,Mono,051,14174,871,843,12,855,3
2020-12-25,Monterey,053,433212,27125,25788,647,26435,182
2020-12-25,Napa,055,140530,5757,5351,24,5375,26
2020-12-25,Nevada,057,99092,2686,2458,86,2544,15
2020-12-25,Orange,059,3164182,157161,144542,5860,150402,1814
2020-12-25,Placer,061,380077,14108,12660,509,13169,122
2020-12-25,Plumas,063,18699,460,381,8,389,0
2020-12-25,Riverside,065,2383286,179383,166690,7640,174330,1825
2020-12-25,Sacramento,067,1510023,64148,61630,556,62186,796
2020-12-25,San Benito,069,59416,3511,3281,27,3308,24
2020-12-25,San Bernardino,071,2135413,195195,181812,5180,186992,1546
2020-12-25,San Diego,073,3302833,154797,139958,6879,146837,1402
2020-12-25,San Francisco,075,870044,23168,22130,199,22329,175
2020-12-25,San Joaquin,077,732212,44980,42089,1447,43536,614
2020-12-25,San Luis Obispo,079,281455,10813,9749,233,9982,76
2020-12-25,San Mateo,081,765935,24773,22568,97,22665,187
2020-12-25,Santa Barbara,083,443738,17079,15936,457,16393,155
2020-12-25,Santa Clara,085,1922200,69033,63173,277,63450,612
2020-12-25,Santa Cruz,087,273765,9077,8018,307,8325,81
2020-12-25,Shasta,089,179085,8030,7612,655,8267,65
2020-12-25,Sierra,091,2930,32,24,3,27,0
2020-12-25,Siskiyou,093,43540,1004,905,92,997,2
2020-12-25,Solano,095,438530,18744,17280,189,17469,96
2020-12-25,Sonoma,097,501317,18918,18035,101,18136,184
2020-12-25,Stanislaus,099,539301,34330,32290,3004,35294,498
2020-12-25,Sutter,101,95872,6374,6051,42,6093,47
2020-12-25,Tehama,103,63373,2977,2839,259,3098,9
2020-12-25,Trinity,105,12862,408,236,54,290,2
2020-12-25,Tulare,107,460477,33379,31323,3456,34779,398
2020-12-25,Tuolumne,109,53932,2762,2674,14,2688,12
2020-12-25,Ventura,111,848112,38425,35514,1511,37025,230
2020-12-25,Yolo,113,214977,8387,7700,55,7755,111
2020-12-25,Yuba,115,75493,3777,3549,34,3583,17
2020-12-24,Alameda,001,1643700,51010,47527,862,48389,541
2020-12-24,Alpine,003,1148,66,64,0,64,0
2020-12-24,Amador,005,37829,2381,2145,18,2163,23
2020-12-24,Butte,007,227075,7430,6716,829,7545,84
2020-12-24,Calaveras,009,45235,1096,1032,2,1034,21
2020-12-24,Colusa,011,21464,1272,1188,68,1256,7
2020-12-24,Contra Costa,013,1133247,39447,36623,489,37112,311
2020-12-24,Del Norte,015,27424,745,678,2,680,2
2020-12-24,El Dorado,017,186661,5986,5042,269,5311,16
2020-12-24,Fresno,019,978130,66773,61435,4203,65638,663
2020-12-24,Glenn,021,27897,1514,1363,226,1589,9
2020-12-24,Humboldt,023,135768,1666,1516,7,1523,16
2020-12-24,Imperial,025,180216,22613,21545,1118,22663,402
2020-12-24,Inyo,027,18085,655,532,7,539,17
2020-12-24,Kern,029,883053,64452,59601,4507,64108,556
2020-12-24,Kings,031,150075,16100,15211,477,15688,108
2020-12-24,Lake,033,64148,1850,1629,0,1629,20
2020-12-24,Lassen,035,31185,4322,3894,44,3938,1
2020-12-24,Los Angeles,037,10098052,740349,664840,18880,683720,9288
2020-12-24,Madera,039,155013,10466,9547,395,9942,63
2020-12-24,Marin,041,260295,9685,9287,68,9355,143
2020-12-24,Mariposa,043,17540,220,197,2,199,3
2020-12-24,Mendocino,045,87422,2342,2150,20,2170,23
2020-12-24,Merced,047,269075,18474,17485,302,17787,212
2020-12-24,Modoc,049,8938,243,220,68,288,0
2020-12-24,Mono,051,14174,869,817,12,829,3
2020-12-24,Monterey,053,433212,27012,25131,640,25771,180
2020-12-24,Napa,055,140530,5702,5265,24,5289,26
2020-12-24,Nevada,057,99092,2662,2429,86,2515,15
2020-12-24,Orange,059,3164182,155667,141205,5809,147014,1775
2020-12-24,Placer,061,380077,14018,12457,502,12959,121
2020-12-24,Plumas,063,18699,457,376,8,384,0
2020-12-24,Riverside,065,2383286,178447,162435,7600,170035,1816
2020-12-24,Sacramento,067,1510023,63873,60596,554,61150,788
2020-12-24,San Benito,069,59416,3480,3183,27,3210,24
2020-12-24,San Bernardino,071,2135413,194105,176866,5147,182013,1533
2020-12-24,San Diego,073,3302833,153713,136952,6847,143799,1382
2020-12-24,San Francisco,075,870044,22995,21830,196,22026,175
2020-12-24,San Joaquin,077,732212,44813,41324,1429,42753,611
2020-12-24,San Luis Obispo,079,281455,10744,9504,231,9735,77
2020-12-24,San Mateo,081,765935,24578,22093,97,22190,186
2020-12-24,Santa Barbara,083,443738,16974,15644,449,16093,153
2020-12-24,Santa Clara,085,1922200,68344,61742,270,62012,591
2020-12-24,Santa Cruz,087,273765,8998,7856,295,8151,82
2020-12-24,Shasta,089,179085,7989,7540,638,8178,65
2020-12-24,Sierra,091,2930,29,23,1,24,0
2020-12-24,Siskiyou,093,43540,999,900,86,986,2
2020-12-24,Solano,095,438530,18603,16872,184,17056,96
2020-12-24,Sonoma,097,501317,18817,17710,101,17811,183
2020-12-24,Stanislaus,099,539301,34128,31848,2977,34825,498
2020-12-24,Sutter,101,95872,6333,5960,41,6001,47
2020-12-24,Tehama,103,63373,2959,2779,257,3036,9
2020-12-24,Trinity,105,12862,407,235,54,289,2
2020-12-24,Tulare,107,460477,33231,30827,3430,34257,390
2020-12-24,Tuolumne,109,53932,2754,2653,14,2667,12
2020-12-24,Ventura,111,848112,38145,34400,1504,35904,224
2020-12-24,Yolo,113,214977,8345,7566,54,7620,113
2020-12-24,Yuba,115,75493,3746,3483,34,3517,16
2020-12-23,Alameda,001,1643700,50432,46753,835,47588,537
2020-12-23,Alpine,003,1148,66,64,0,64,0
2020-12-23,Amador,005,37829,2312,2108,17,2125,23
2020-12-23,Butte,007,227075,7341,6588,802,7390,84
2020-12-23,Calaveras,009,45235,1088,1002,1,1003,21
2020-12-23,Colusa,011,21464,1261,1167,67,1234,7
2020-12-23,Contra Costa,013,1133247,39050,36190,475,36665,311
2020-12-23,Del Norte,015,27424,737,670,2,672,2
2020-12-23,El Dorado,017,186661,5911,4967,261,5228,14
2020-12-23,Fresno,019,978130,66162,60488,4138,64626,654
2020-12-23,Glenn,021,27897,1500,1349,222,1571,9
2020-12-23,Humboldt,023,135768,1641,1458,7,1465,16
2020-12-23,Imperial,025,180216,22518,21323,1089,22412,399
2020-12-23,Inyo,027,18085,642,517,7,524,17
2020-12-23,Kern,029,883053,63933,58656,4416,63072,549
2020-12-23,Kings,031,150075,16023,14923,474,15397,105
2020-12-23,Lake,033,64148,1833,1595,0,1595,20
2020-12-23,Lassen,035,31185,4312,3865,41,3906,1
2020-12-23,Los Angeles,037,10098052,731279,651958,18362,670320,9146
2020-12-23,Madera,039,155013,10309,9371,380,9751,63
2020-12-23,Marin,041,260295,9626,9199,65,9264,142
2020-12-23,Mariposa,043,17540,218,194,2,196,3
2020-12-23,Mendocino,045,87422,2330,2121,20,2141,23
2020-12-23,Merced,047,269075,18318,17250,294,17544,203
2020-12-23,Modoc,049,8938,239,197,67,264,0
2020-12-23,Mono,051,14174,866,814,12,826,3
2020-12-23,Monterey,053,433212,26712,24856,635,25491,176
2020-12-23,Napa,055,140530,5635,5172,24,5196,25
2020-12-23,Nevada,057,99092,2617,2406,85,2491,15
2020-12-23,Orange,059,3164182,153212,138050,5648,143698,1771
2020-12-23,Placer,061,380077,13808,12213,494,12707,111
2020-12-23,Plumas,063,18699,450,369,8,377,0
2020-12-23,Riverside,065,2383286,176176,158110,7446,165556,1790
2020-12-23,Sacramento,067,1510023,63224,59661,541,60202,779
2020-12-23,San Benito,069,59416,3426,3073,25,3098,24
2020-12-23,San Bernardino,071,2135413,192039,172888,5079,177967,1509
2020-12-23,San Diego,073,3302833,151287,134695,6710,141405,1350
2020-12-23,San Francisco,075,870044,22774,21498,193,21691,174
2020-12-23,San Joaquin,077,732212,44287,35664,1387,37051,602
2020-12-23,San Luis Obispo,079,281455,10602,9267,226,9493,74
2020-12-23,San Mateo,081,765935,24276,21780,95,21875,186
2020-12-23,Santa Barbara,083,443738,16766,15399,424,15823,152
2020-12-23,Santa Clara,085,1922200,67397,60455,265,60720,579
2020-12-23,Santa Cruz,087,273765,8839,7637,277,7914,75
2020-12-23,Shasta,089,179085,7917,7487,632,8119,66
2020-12-23,Sierra,091,2930,27,23,1,24,0
2020-12-23,Siskiyou,093,43540,978,891,85,976,2
2020-12-23,Solano,095,438530,18389,16626,179,16805,95
2020-12-23,Sonoma,097,501317,18612,17397,101,17498,182
2020-12-23,Stanislaus,099,539301,33776,31492,2925,34417,499
2020-12-23,Sutter,101,95872,6266,5871,41,5912,46
2020-12-23,Tehama,103,63373,2941,2737,250,2987,9
2020-12-23,Trinity,105,12862,407,234,53,287,2
2020-12-23,Tulare,107,460477,32919,30315,3390,33705,385
2020-12-23,Tuolumne,109,53932,2715,2540,14,2554,12
2020-12-23,Ventura,111,848112,37747,33377,1475,34852,216
2020-12-23,Yolo,113,214977,8266,7508,54,7562,112
2020-12-23,Yuba,115,75493,3686,3438,34,3472,14
2020-12-22,Alameda,001,1643700,49546,45751,805,46556,534
2020-12-22,Alpine,003,1148,66,64,0,64,0
2020-12-22,Amador,005,37829,2301,1839,17,1856,23
2020-12-22,Butte,007,227075,7212,6467,787,7254,85
2020-12-22,Calaveras,009,45235,1061,988,0,988,21
2020-12-22,Colusa,011,21464,1238,1150,64,1214,7
2020-12-22,Contra Costa,013,1133247,38425,35681,461,36142,301
2020-12-22,Del Norte,015,27424,727,666,2,668,2
2020-12-22,El Dorado,017,186661,5788,4885,249,5134,12
2020-12-22,Fresno,019,978130,65130,59640,4036,63676,640
2020-12-22,Glenn,021,27897,1477,1337,211,1548,9
2020-12-22,Humboldt,023,135768,1608,1440,7,1447,16
2020-12-22,Imperial,025,180216,22329,21128,1048,22176,398
2020-12-22,Inyo,027,18085,621,506,7,513,17
2020-12-22,Kern,029,883053,62980,57816,4281,62097,547
2020-12-22,Kings,031,150075,15881,14855,468,15323,102
2020-12-22,Lake,033,64148,1809,1569,0,1569,20
2020-12-22,Lassen,035,31185,4170,3848,39,3887,1
2020-12-22,Los Angeles,037,10098052,714006,635931,17706,653637,9013
2020-12-22,Madera,039,155013,10195,9187,365,9552,63
2020-12-22,Marin,041,260295,9560,9115,64,9179,142
2020-12-22,Mariposa,043,17540,215,194,2,196,3
2020-12-22,Mendocino,045,87422,2297,2092,19,2111,23
2020-12-22,Merced,047,269075,18072,17012,289,17301,201
2020-12-22,Modoc,049,8938,231,182,66,248,0
2020-12-22,Mono,051,14174,860,786,12,798,3
2020-12-22,Monterey,053,433212,26041,24152,614,24766,176
2020-12-22,Napa,055,140530,5546,5059,24,5083,23
2020-12-22,Nevada,057,99092,2589,2367,84,2451,14
2020-12-22,Orange,059,3164182,149877,134850,5480,140330,1774
2020-12-22,Placer,061,380077,13564,11943,474,12417,105
2020-12-22,Plumas,063,18699,444,360,8,368,0
2020-12-22,Riverside,065,2383286,172367,155059,7180,162239,1777
2020-12-22,Sacramento,067,1510023,62296,57966,522,58488,772
2020-12-22,San Benito,069,59416,3348,2998,25,3023,24
2020-12-22,San Bernardino,071,2135413,187429,169266,4935,174201,1500
2020-12-22,San Diego,073,3302833,147928,132097,6548,138645,1311
2020-12-22,San Francisco,075,870044,22502,21232,189,21421,174
2020-12-22,San Joaquin,077,732212,43524,39423,1339,40762,592
2020-12-22,San Luis Obispo,079,281455,10256,9174,221,9395,69
2020-12-22,San Mateo,081,765935,23950,21382,79,21461,186
2020-12-22,Santa Barbara,083,443738,16500,15189,414,15603,150
2020-12-22,Santa Clara,085,1922200,66219,59192,258,59450,569
2020-12-22,Santa Cruz,087,273765,8656,7471,251,7722,72
2020-12-22,Shasta,089,179085,7838,7371,615,7986,64
2020-12-22,Sierra,091,2930,27,23,0,23,0
2020-12-22,Siskiyou,093,43540,972,880,84,964,2
2020-12-22,Solano,095,438530,17986,16229,176,16405,95
2020-12-22,Sonoma,097,501317,18291,17216,101,17317,180
2020-12-22,Stanislaus,099,539301,33392,30914,2851,33765,499
2020-12-22,Sutter,101,95872,6207,5791,40,5831,46
2020-12-22,Tehama,103,63373,2892,2688,244,2932,9
2020-12-22,Trinity,105,12862,406,231,53,284,2
2020-12-22,Tulare,107,460477,32453,30025,3326,33351,377
2020-12-22,Tuolumne,109,53932,2664,2526,14,2540,12
2020-12-22,Ventura,111,848112,36981,32488,1432,33920,213
2020-12-22,Yolo,113,214977,8154,7388,53,7441,113
2020-12-22,Yuba,115,75493,3638,3379,34,3413,14
2020-12-21,Alameda,001,1643700,48644,44756,779,45535,518
2020-12-21,Alpine,003,1148,65,64,0,64,0
2020-12-21,Amador,005,37829,2224,1815,17,1832,23
2020-12-21,Butte,007,227075,7057,6335,764,7099,81
2020-12-21,Calaveras,009,45235,1031,963,0,963,21
2020-12-21,Colusa,011,21464,1211,1135,59,1194,7
2020-12-21,Contra Costa,013,1133247,37676,35207,425,35632,300
2020-12-21,Del Norte,015,27424,712,660,2,662,2
2020-12-21,El Dorado,017,186661,5643,4805,237,5042,10
2020-12-21,Fresno,019,978130,63981,58568,3895,62463,634
2020-12-21,Glenn,021,27897,1445,1323,203,1526,9
2020-12-21,Humboldt,023,135768,1585,1419,7,1426,16
2020-12-21,Imperial,025,180216,22064,20994,1006,22000,395
2020-12-21,Inyo,027,18085,600,482,7,489,17
2020-12-21,Kern,029,883053,62091,56836,4147,60983,541
2020-12-21,Kings,031,150075,15631,14760,453,15213,100
2020-12-21,Lake,033,64148,1761,1538,0,1538,20
2020-12-21,Lassen,035,31185,4010,3798,37,3835,1
2020-12-21,Los Angeles,037,10098052,694908,624129,17044,641173,8918
2020-12-21,Madera,039,155013,10005,9069,344,9413,63
2020-12-21,Marin,041,260295,9490,9035,64,9099,142
2020-12-21,Mariposa,043,17540,210,186,2,188,3
2020-12-21,Mendocino,045,87422,2266,2066,19,2085,23
2020-12-21,Merced,047,269075,17822,16710,274,16984,198
2020-12-21,Modoc,049,8938,217,181,65,246,0
2020-12-21,Mono,051,14174,848,781,12,793,3
2020-12-21,Monterey,053,433212,25509,23673,600,24273,174
2020-12-21,Napa,055,140530,5460,4952,24,4976,23
2020-12-21,Nevada,057,99092,2556,2337,84,2421,13
2020-12-21,Orange,059,3164182,146474,130444,5327,135771,1772
2020-12-21,Placer,061,380077,13332,11715,455,12170,105
2020-12-21,Plumas,063,18699,440,353,8,361,0
2020-12-21,Riverside,065,2383286,168146,151713,6861,158574,1743
2020-12-21,Sacramento,067,1510023,61277,57064,505,57569,759
2020-12-21,San Benito,069,59416,3279,2921,25,2946,22
2020-12-21,San Bernardino,071,2135413,182616,165086,4769,169855,1476
2020-12-21,San Diego,073,3302833,144477,129716,6384,136100,1284
2020-12-21,San Francisco,075,870044,22210,21086,187,21273,174
2020-12-21,San Joaquin,077,732212,42726,38811,1289,40100,586
2020-12-21,San Luis Obispo,079,281455,10067,9006,216,9222,64
2020-12-21,San Mateo,081,765935,23546,21035,76,21111,185
2020-12-21,Santa Barbara,083,443738,16226,14988,409,15397,149
2020-12-21,Santa Clara,085,1922200,65026,57699,246,57945,570
2020-12-21,Santa Cruz,087,273765,8449,7315,238,7553,69
2020-12-21,Shasta,089,179085,7773,7299,605,7904,64
2020-12-21,Sierra,091,2930,24,23,0,23,0
2020-12-21,Siskiyou,093,43540,965,878,83,961,2
2020-12-21,Solano,095,438530,17527,15878,171,16049,95
2020-12-21,Sonoma,097,501317,18018,17075,98,17173,176
2020-12-21,Stanislaus,099,539301,32935,30437,2775,33212,499
2020-12-21,Sutter,101,95872,6112,5708,40,5748,46
2020-12-21,Tehama,103,63373,2827,2656,235,2891,9
2020-12-21,Trinity,105,12862,404,226,51,277,2
2020-12-21,Tulare,107,460477,31967,29482,3235,32717,373
2020-12-21,Tuolumne,109,53932,2639,2423,12,2435,12
2020-12-21,Ventura,111,848112,35901,31759,1395,33154,212
2020-12-21,Yolo,113,214977,8017,7266,49,7315,109
2020-12-21,Yuba,115,75493,3580,3329,34,3363,14
2020-12-20,Alameda,001,1643700,47761,44004,758,44762,516
2020-12-20,Alpine,003,1148,65,64,0,64,0
2020-12-20,Amador,005,37829,2166,1771,17,1788,23
2020-12-20,Butte,007,227075,6910,6228,728,6956,81
2020-12-20,Calaveras,009,45235,1007,926,0,926,21
2020-12-20,Colusa,011,21464,1183,1121,53,1174,7
2020-12-20,Contra Costa,013,1133247,37075,34798,407,35205,301
2020-12-20,Del Norte,015,27424,690,652,2,654,2
2020-12-20,El Dorado,017,186661,5518,4697,228,4925,10
2020-12-20,Fresno,019,978130,62994,57616,3760,61376,634
2020-12-20,Glenn,021,27897,1436,1295,196,1491,9
2020-12-20,Humboldt,023,135768,1548,1386,6,1392,15
2020-12-20,Imperial,025,180216,21824,20882,904,21786,395
2020-12-20,Inyo,027,18085,584,476,7,483,17
2020-12-20,Kern,029,883053,60993,55983,3993,59976,540
2020-12-20,Kings,031,150075,15411,14629,437,15066,100
2020-12-20,Lake,033,64148,1718,1463,0,1463,20
2020-12-20,Lassen,035,31185,3956,3669,35,3704,1
2020-12-20,Los Angeles,037,10098052,676802,612975,16328,629303,8862
2020-12-20,Madera,039,155013,9795,8871,337,9208,63
2020-12-20,Marin,041,260295,9389,8948,61,9009,142
2020-12-20,Mariposa,043,17540,209,179,2,181,3
2020-12-20,Mendocino,045,87422,2241,2033,19,2052,23
2020-12-20,Merced,047,269075,17505,16435,267,16702,198
2020-12-20,Modoc,049,8938,217,181,63,244,0
2020-12-20,Mono,051,14174,830,774,12,786,3
2020-12-20,Monterey,053,433212,25026,23250,562,23812,173
2020-12-20,Napa,055,140530,5339,4865,23,4888,23
2020-12-20,Nevada,057,99092,2510,2289,78,2367,13
2020-12-20,Orange,059,3164182,142984,128780,5179,133959,1763
2020-12-20,Placer,061,380077,13107,11496,437,11933,105
2020-12-20,Plumas,063,18699,432,347,8,355,0
2020-12-20,Riverside,065,2383286,163941,148714,6574,155288,1742
2020-12-20,Sacramento,067,1510023,60278,56017,485,56502,755
2020-12-20,San Benito,069,59416,3208,2885,24,2909,21
2020-12-20,San Bernardino,071,2135413,177608,162810,4612,167422,1458
2020-12-20,San Diego,073,3302833,140759,126465,6214,132679,1280
2020-12-20,San Francisco,075,870044,21892,20937,184,21121,174
2020-12-20,San Joaquin,077,732212,41878,38268,1229,39497,587
2020-12-20,San Luis Obispo,079,281455,9776,8881,210,9091,63
2020-12-20,San Mateo,081,765935,23112,20764,72,20836,185
2020-12-20,Santa Barbara,083,443738,15904,14817,391,15208,148
2020-12-20,Santa Clara,085,1922200,63629,56860,240,57100,566
2020-12-20,Santa Cruz,087,273765,8239,7178,225,7403,69
2020-12-20,Shasta,089,179085,7659,7256,591,7847,64
2020-12-20,Sierra,091,2930,24,22,0,22,0
2020-12-20,Siskiyou,093,43540,956,870,82,952,2
2020-12-20,Solano,095,438530,17144,15533,160,15693,95
2020-12-20,Sonoma,097,501317,17742,16802,97,16899,175
2020-12-20,Stanislaus,099,539301,32404,29995,2676,32671,498
2020-12-20,Sutter,101,95872,6025,5601,40,5641,43
2020-12-20,Tehama,103,63373,2779,2602,216,2818,9
2020-12-20,Trinity,105,12862,396,221,50,271,2
2020-12-20,Tulare,107,460477,31450,29078,3143,32221,373
2020-12-20,Tuolumne,109,53932,2531,2152,11,2163,12
2020-12-20,Ventura,111,848112,35200,31335,1363,32698,210
2020-12-20,Yolo,113,214977,7865,7121,46,7167,109
2020-12-20,Yuba,115,75493,3530,3254,32,3286,12
2020-12-19,Alameda,001,1643700,47313,43109,751,43860,516
2020-12-19,Alpine,003,1148,65,64,0,64,0
2020-12-19,Amador,005,37829,2142,1754,17,1771,23
2020-12-19,Butte,007,227075,6810,6118,706,6824,81
2020-12-19,Calaveras,009,45235,990,900,0,900,21
2020-12-19,Colusa,011,21464,1175,1096,50,1146,7
2020-12-19,Contra Costa,013,1133247,36747,34321,393,34714,301
2020-12-19,Del Norte,015,27424,688,641,1,642,2
2020-12-19,El Dorado,017,186661,5451,4588,220,4808,10
2020-12-19,Fresno,019,978130,62668,55428,3694,59122,634
2020-12-19,Glenn,021,27897,1401,1286,195,1481,9
2020-12-19,Humboldt,023,135768,1531,1357,6,1363,15
2020-12-19,Imperial,025,180216,21731,20711,858,21569,395
2020-12-19,Inyo,027,18085,577,475,7,482,17
2020-12-19,Kern,029,883053,60509,55118,3887,59005,540
2020-12-19,Kings,031,150075,15332,14474,435,14909,100
2020-12-19,Lake,033,64148,1678,1438,0,1438,20
2020-12-19,Lassen,035,31185,3928,3595,35,3630,1
2020-12-19,Los Angeles,037,10098052,669677,599888,15809,615697,8804
2020-12-19,Madera,039,155013,9694,8717,325,9042,63
2020-12-19,Marin,041,260295,9349,8864,61,8925,142
2020-12-19,Mariposa,043,17540,207,177,2,179,3
2020-12-19,Mendocino,045,87422,2216,2008,19,2027,23
2020-12-19,Merced,047,269075,17366,16230,259,16489,198
2020-12-19,Modoc,049,8938,214,181,63,244,0
2020-12-19,Mono,051,14174,823,766,12,778,3
2020-12-19,Monterey,053,433212,24912,22799,557,23356,172
2020-12-19,Napa,055,140530,5277,4772,23,4795,23
2020-12-19,Nevada,057,99092,2488,2260,78,2338,13
2020-12-19,Orange,059,3164182,141057,125574,5031,130605,1733
2020-12-19,Placer,061,380077,12952,11246,431,11677,105
2020-12-19,Plumas,063,18699,429,343,8,351,0
2020-12-19,Riverside,065,2383286,161953,146703,6343,153046,1737
2020-12-19,Sacramento,067,1510023,59743,55169,471,55640,746
2020-12-19,San Benito,069,59416,3160,2820,23,2843,21
2020-12-19,San Bernardino,071,2135413,176024,159883,4504,164387,1433
2020-12-19,San Diego,073,3302833,138992,122972,6075,129047,1280
2020-12-19,San Francisco,075,870044,21737,20643,184,20827,174
2020-12-19,San Joaquin,077,732212,41474,37340,1181,38521,586
2020-12-19,San Luis Obispo,079,281455,9705,8788,207,8995,63
2020-12-19,San Mateo,081,765935,22903,20393,65,20458,182
2020-12-19,Santa Barbara,083,443738,15748,14667,385,15052,148
2020-12-19,Santa Clara,085,1922200,62779,55540,236,55776,558
2020-12-19,Santa Cruz,087,273765,8133,7054,221,7275,68
2020-12-19,Shasta,089,179085,7607,7221,579,7800,63
2020-12-19,Sierra,091,2930,24,23,0,23,0
2020-12-19,Siskiyou,093,43540,952,853,81,934,2
2020-12-19,Solano,095,438530,16966,15204,157,15361,95
2020-12-19,Sonoma,097,501317,17633,16553,97,16650,175
2020-12-19,Stanislaus,099,539301,32077,29555,2604,32159,498
2020-12-19,Sutter,101,95872,5969,5506,40,5546,41
2020-12-19,Tehama,103,63373,2730,2574,214,2788,9
2020-12-19,Trinity,105,12862,395,219,50,269,2
2020-12-19,Tulare,107,460477,31212,28734,3077,31811,375
2020-12-19,Tuolumne,109,53932,2517,2107,11,2118,12
2020-12-19,Ventura,111,848112,34919,30843,1333,32176,209
2020-12-19,Yolo,113,214977,7790,7025,45,7070,109
2020-12-19,Yuba,115,75493,3500,3168,32,3200,11
2020-12-18,Alameda,001,1643700,46778,42196,735,42931,515
2020-12-18,Alpine,003,1148,65,64,0,64,0
2020-12-18,Amador,005,37829,2125,1727,15,1742,20
2020-12-18,Butte,007,227075,6725,5891,681,6572,81
2020-12-18,Calaveras,009,45235,980,870,0,870,21
2020-12-18,Colusa,011,21464,1166,1068,50,1118,7
2020-12-18,Contra Costa,013,1133247,36455,33610,382,33992,300
2020-12-18,Del Norte,015,27424,683,627,0,627,2
2020-12-18,El Dorado,017,186661,5389,4494,211,4705,10
2020-12-18,Fresno,019,978130,61841,52643,3633,56276,613
2020-12-18,Glenn,021,27897,1384,1264,190,1454,9
2020-12-18,Humboldt,023,135768,1516,1331,6,1337,15
2020-12-18,Imperial,025,180216,21648,20430,812,21242,393
2020-12-18,Inyo,027,18085,558,454,7,461,17
2020-12-18,Kern,029,883053,59849,54220,3802,58022,533
2020-12-18,Kings,031,150075,15206,14284,429,14713,98
2020-12-18,Lake,033,64148,1662,1397,0,1397,20
2020-12-18,Lassen,035,31185,3920,3486,35,3521,1
2020-12-18,Los Angeles,037,10098052,657529,586413,15329,601742,8744
2020-12-18,Madera,039,155013,9591,8609,319,8928,63
2020-12-18,Marin,041,260295,9265,8799,61,8860,142
2020-12-18,Mariposa,043,17540,204,176,2,178,3
2020-12-18,Mendocino,045,87422,2198,1977,19,1996,24
2020-12-18,Merced,047,269075,17285,15956,257,16213,195
2020-12-18,Modoc,049,8938,214,179,63,242,0
2020-12-18,Mono,051,14174,815,731,12,743,3
2020-12-18,Monterey,053,433212,24619,22336,552,22888,165
2020-12-18,Napa,055,140530,5228,4688,23,4711,23
2020-12-18,Nevada,057,99092,2471,2220,77,2297,13
2020-12-18,Orange,059,3164182,138626,121681,4882,126563,1725
2020-12-18,Placer,061,380077,12781,10995,423,11418,104
2020-12-18,Plumas,063,18699,423,336,8,344,0
2020-12-18,Riverside,065,2383286,159111,142375,6081,148456,1733
2020-12-18,Sacramento,067,1510023,59117,53980,455,54435,736
2020-12-18,San Benito,069,59416,3111,2744,23,2767,21
2020-12-18,San Bernardino,071,2135413,173725,154272,4370,158642,1430
2020-12-18,San Diego,073,3302833,136814,120463,5936,126399,1253
2020-12-18,San Francisco,075,870044,21570,20315,178,20493,173
2020-12-18,San Joaquin,077,732212,41117,36484,1152,37636,559
2020-12-18,San Luis Obispo,079,281455,9607,8598,202,8800,62
2020-12-18,San Mateo,081,765935,22590,19971,61,20032,182
2020-12-18,Santa Barbara,083,443738,15607,14361,372,14733,148
2020-12-18,Santa Clara,085,1922200,61882,53992,227,54219,539
2020-12-18,Santa Cruz,087,273765,8014,6838,213,7051,68
2020-12-18,Shasta,089,179085,7569,7114,568,7682,62
2020-12-18,Sierra,091,2930,24,23,0,23,0
2020-12-18,Siskiyou,093,43540,950,840,81,921,2
2020-12-18,Solano,095,438530,16809,14667,153,14820,95
2020-12-18,Sonoma,097,501317,17513,16261,97,16358,173
2020-12-18,Stanislaus,099,539301,31801,28967,2567,31534,490
2020-12-18,Sutter,101,95872,5885,5399,40,5439,39
2020-12-18,Tehama,103,63373,2715,2523,204,2727,9
2020-12-18,Trinity,105,12862,394,215,50,265,2
2020-12-18,Tulare,107,460477,30921,28322,2999,31321,370
2020-12-18,Tuolumne,109,53932,2506,2067,11,2078,12
2020-12-18,Ventura,111,848112,34415,29907,1290,31197,209
2020-12-18,Yolo,113,214977,7721,6901,44,6945,109
2020-12-18,Yuba,115,75493,3440,3097,32,3129,11
2020-12-17,Alameda,001,1643700,45973,41548,710,42258,508
2020-12-17,Alpine,003,1148,65,64,0,64,0
2020-12-17,Amador,005,37829,2077,1703,13,1716,19
2020-12-17,Butte,007,227075,6600,5746,662,6408,78
2020-12-17,Calaveras,009,45235,957,848,0,848,21
2020-12-17,Colusa,011,21464,1155,1053,48,1101,7
2020-12-17,Contra Costa,013,1133247,35922,33006,352,33358,293
2020-12-17,Del Norte,015,27424,678,583,0,583,1
2020-12-17,El Dorado,017,186661,5243,4327,198,4525,9
2020-12-17,Fresno,019,978130,60979,49918,3506,53424,597
2020-12-17,Glenn,021,27897,1360,1244,183,1427,9
2020-12-17,Humboldt,023,135768,1483,1322,6,1328,14
2020-12-17,Imperial,025,180216,21487,20208,746,20954,391
2020-12-17,Inyo,027,18085,540,450,6,456,16
2020-12-17,Kern,029,883053,58892,53683,3667,57350,526
2020-12-17,Kings,031,150075,15103,14057,414,14471,98
2020-12-17,Lake,033,64148,1633,1374,0,1374,20
2020-12-17,Lassen,035,31185,3884,3417,35,3452,1
2020-12-17,Los Angeles,037,10098052,641857,571093,14791,585884,8657
2020-12-17,Madera,039,155013,9470,8465,315,8780,62
2020-12-17,Marin,041,260295,9203,8721,59,8780,142
2020-12-17,Mariposa,043,17540,200,172,2,174,3
2020-12-17,Mendocino,045,87422,2164,1942,19,1961,23
2020-12-17,Merced,047,269075,17023,15648,249,15897,192
2020-12-17,Modoc,049,8938,211,179,63,242,0
2020-12-17,Mono,051,14174,801,718,12,730,3
2020-12-17,Monterey,053,433212,24100,21951,537,22488,163
2020-12-17,Napa,055,140530,5116,4612,23,4635,23
2020-12-17,Nevada,057,99092,2430,2173,74,2247,13
2020-12-17,Orange,059,3164182,135259,118367,4750,123117,1725
2020-12-17,Placer,061,380077,12507,10756,409,11165,99
2020-12-17,Plumas,063,18699,414,324,8,332,0
2020-12-17,Riverside,065,2383286,155238,139325,5867,145192,1696
2020-12-17,Sacramento,067,1510023,58210,53189,433,53622,721
2020-12-17,San Benito,069,59416,3042,2645,22,2667,20
2020-12-17,San Bernardino,071,2135413,169779,149838,4254,154092,1425
2020-12-17,San Diego,073,3302833,134013,116852,5780,122632,1239
2020-12-17,San Francisco,075,870044,21280,19939,173,20112,170
2020-12-17,San Joaquin,077,732212,40389,35894,1118,37012,554
2020-12-17,San Luis Obispo,079,281455,9488,8365,201,8566,59
2020-12-17,San Mateo,081,765935,22220,19647,61,19708,181
2020-12-17,Santa Barbara,083,443738,15374,14207,365,14572,147
2020-12-17,Santa Clara,085,1922200,60692,52559,221,52780,527
2020-12-17,Santa Cruz,087,273765,7858,6687,200,6887,64
2020-12-17,Shasta,089,179085,7493,7000,549,7549,62
2020-12-17,Sierra,091,2930,23,23,0,23,0
2020-12-17,Siskiyou,093,43540,942,827,80,907,2
2020-12-17,Solano,095,438530,16495,14361,150,14511,96
2020-12-17,Sonoma,097,501317,17241,15993,96,16089,171
2020-12-17,Stanislaus,099,539301,31382,28582,2507,31089,489
2020-12-17,Sutter,101,95872,5787,5309,38,5347,39
2020-12-17,Tehama,103,63373,2666,2480,198,2678,9
2020-12-17,Trinity,105,12862,389,213,50,263,2
2020-12-17,Tulare,107,460477,30520,27852,2920,30772,358
2020-12-17,Tuolumne,109,53932,2213,1992,11,2003,11
2020-12-17,Ventura,111,848112,33805,29404,1254,30658,208
2020-12-17,Yolo,113,214977,7600,6800,43,6843,105
2020-12-17,Yuba,115,75493,3380,3035,31,3066,12
2020-12-16,Alameda,001,1643700,45117,40751,686,41437,497
2020-12-16,Alpine,003,1148,65,64,0,64,0
2020-12-16,Amador,005,37829,2030,1693,12,1705,19
2020-12-16,Butte,007,227075,6411,5659,634,6293,76
2020-12-16,Calaveras,009,45235,922,821,0,821,21
2020-12-16,Colusa,011,21464,1142,1038,45,1083,7
2020-12-16,Contra Costa,013,1133247,35364,32429,333,32762,293
2020-12-16,Del Norte,015,27424,676,575,0,575,1
2020-12-16,El Dorado,017,186661,5122,4237,189,4426,9
2020-12-16,Fresno,019,978130,60023,49173,3410,52583,584
2020-12-16,Glenn,021,27897,1342,1236,172,1408,9
2020-12-16,Humboldt,023,135768,1451,1308,5,1313,12
2020-12-16,Imperial,025,180216,21305,19980,682,20662,388
2020-12-16,Inyo,027,18085,527,444,6,450,16
2020-12-16,Kern,029,883053,58015,52896,3538,56434,522
2020-12-16,Kings,031,150075,14923,13734,398,14132,99
2020-12-16,Lake,033,64148,1594,1363,0,1363,20
2020-12-16,Lassen,035,31185,3851,3396,34,3430,1
2020-12-16,Los Angeles,037,10098052,625317,557907,14126,572033,8561
2020-12-16,Madera,039,155013,9344,8278,307,8585,62
2020-12-16,Marin,041,260295,9132,8641,59,8700,142
2020-12-16,Mariposa,043,17540,197,175,2,177,3
2020-12-16,Mendocino,045,87422,2129,1929,19,1948,23
2020-12-16,Merced,047,269075,16738,15443,246,15689,190
2020-12-16,Modoc,049,8938,208,178,63,241,0
2020-12-16,Mono,051,14174,782,702,12,714,3
2020-12-16,Monterey,053,433212,23540,21107,526,21633,163
2020-12-16,Napa,055,140530,5018,4544,23,4567,23
2020-12-16,Nevada,057,99092,2394,2149,72,2221,13
2020-12-16,Orange,059,3164182,131780,115260,4585,119845,1712
2020-12-16,Placer,061,380077,12270,10554,388,10942,96
2020-12-16,Plumas,063,18699,405,319,8,327,0
2020-12-16,Riverside,065,2383286,151122,135751,5622,141373,1664
2020-12-16,Sacramento,067,1510023,57238,52166,408,52574,715
2020-12-16,San Benito,069,59416,2952,2582,22,2604,20
2020-12-16,San Bernardino,071,2135413,165172,143565,4120,147685,1403
2020-12-16,San Diego,073,3302833,130909,114248,5626,119874,1217
2020-12-16,San Francisco,075,870044,21021,19624,173,19797,170
2020-12-16,San Joaquin,077,732212,39566,35010,1078,36088,547
2020-12-16,San Luis Obispo,079,281455,9293,8252,192,8444,58
2020-12-16,San Mateo,081,765935,21895,19292,57,19349,179
2020-12-16,Santa Barbara,083,443738,15122,13966,353,14319,144
2020-12-16,Santa Clara,085,1922200,59440,51502,218,51720,523
2020-12-16,Santa Cruz,087,273765,7670,6536,189,6725,63
2020-12-16,Shasta,089,179085,7420,6914,526,7440,62
2020-12-16,Sierra,091,2930,23,23,0,23,0
2020-12-16,Siskiyou,093,43540,934,818,80,898,2
2020-12-16,Solano,095,438530,16024,14157,146,14303,96
2020-12-16,Sonoma,097,501317,16986,15768,96,15864,170
2020-12-16,Stanislaus,099,539301,30889,28279,2436,30715,489
2020-12-16,Sutter,101,95872,5708,5223,38,5261,39
2020-12-16,Tehama,103,63373,2631,2441,174,2615,9
2020-12-16,Trinity,105,12862,383,212,50,262,2
2020-12-16,Tulare,107,460477,30093,27500,2830,30330,352
2020-12-16,Tuolumne,109,53932,2170,1941,11,1952,11
2020-12-16,Ventura,111,848112,33032,28566,1212,29778,203
2020-12-16,Yolo,113,214977,7473,6649,42,6691,103
2020-12-16,Yuba,115,75493,3294,2980,30,3010,11
2020-12-15,Alameda,001,1643700,44260,40026,665,40691,492
2020-12-15,Alpine,003,1148,65,64,0,64,0
2020-12-15,Amador,005,37829,1917,1669,10,1679,19
2020-12-15,Butte,007,227075,6272,5565,606,6171,75
2020-12-15,Calaveras,009,45235,890,799,0,799,21
2020-12-15,Colusa,011,21464,1129,1026,44,1070,7
2020-12-15,Contra Costa,013,1133247,34710,31423,319,31742,281
2020-12-15,Del Norte,015,27424,669,564,0,564,1
2020-12-15,El Dorado,017,186661,5014,4113,175,4288,9
2020-12-15,Fresno,019,978130,58649,47316,3275,50591,574
2020-12-15,Glenn,021,27897,1329,1207,156,1363,9
2020-12-15,Humboldt,023,135768,1431,1276,5,1281,12
2020-12-15,Imperial,025,180216,21080,19756,604,20360,380
2020-12-15,Inyo,027,18085,515,394,6,400,16
2020-12-15,Kern,029,883053,57004,52002,3432,55434,511
2020-12-15,Kings,031,150075,14759,13652,379,14031,97
2020-12-15,Lake,033,64148,1568,1341,0,1341,21
2020-12-15,Lassen,035,31185,3679,3378,33,3411,1
2020-12-15,Los Angeles,037,10098052,608916,536258,13496,549754,8429
2020-12-15,Madera,039,155013,9187,8118,300,8418,60
2020-12-15,Marin,041,260295,9027,8528,58,8586,141
2020-12-15,Mariposa,043,17540,193,171,2,173,3
2020-12-15,Mendocino,045,87422,2102,1883,19,1902,24
2020-12-15,Merced,047,269075,16442,15120,242,15362,190
2020-12-15,Modoc,049,8938,206,179,63,242,0
2020-12-15,Mono,051,14174,766,702,12,714,3
2020-12-15,Monterey,053,433212,22943,19905,465,20370,161
2020-12-15,Napa,055,140530,4915,4440,23,4463,23
2020-12-15,Nevada,057,99092,2361,2117,70,2187,11
2020-12-15,Orange,059,3164182,128150,112893,4436,117329,1689
2020-12-15,Placer,061,380077,12036,10301,366,10667,95
2020-12-15,Plumas,063,18699,400,313,8,321,0
2020-12-15,Riverside,065,2383286,147070,131822,5347,137169,1624
2020-12-15,Sacramento,067,1510023,56220,51076,395,51471,703
2020-12-15,San Benito,069,59416,2873,2520,21,2541,19
2020-12-15,San Bernardino,071,2135413,160709,137548,3971,141519,1351
2020-12-15,San Diego,073,3302833,127342,111441,5463,116904,1194
2020-12-15,San Francisco,075,870044,20714,19283,170,19453,171
2020-12-15,San Joaquin,077,732212,38644,33849,1044,34893,537
2020-12-15,San Luis Obispo,079,281455,9184,8074,189,8263,55
2020-12-15,San Mateo,081,765935,21486,18907,55,18962,178
2020-12-15,Santa Barbara,083,443738,14895,13782,345,14127,144
2020-12-15,Santa Clara,085,1922200,58012,50311,215,50526,505
2020-12-15,Santa Cruz,087,273765,7483,6361,176,6537,59
2020-12-15,Shasta,089,179085,7361,6794,501,7295,54
2020-12-15,Sierra,091,2930,23,23,0,23,0
2020-12-15,Siskiyou,093,43540,926,812,79,891,2
2020-12-15,Solano,095,438530,15670,13796,146,13942,95
2020-12-15,Sonoma,097,501317,16765,15406,96,15502,167
2020-12-15,Stanislaus,099,539301,30392,27823,2357,30180,485
2020-12-15,Sutter,101,95872,5609,5080,37,5117,36
2020-12-15,Tehama,103,63373,2593,2392,168,2560,9
2020-12-15,Trinity,105,12862,375,213,48,261,1
2020-12-15,Tulare,107,460477,29594,27026,2742,29768,342
2020-12-15,Tuolumne,109,53932,2140,1874,11,1885,8
2020-12-15,Ventura,111,848112,32410,27936,1165,29101,201
2020-12-15,Yolo,113,214977,7348,6531,40,6571,104
2020-12-15,Yuba,115,75493,3199,2891,29,2920,11
2020-12-14,Alameda,001,1643700,43361,39252,646,39898,487
2020-12-14,Alpine,003,1148,65,63,0,63,0
2020-12-14,Amador,005,37829,1845,1609,10,1619,19
2020-12-14,Butte,007,227075,6104,5202,589,5791,75
2020-12-14,Calaveras,009,45235,852,718,0,718,21
2020-12-14,Colusa,011,21464,1105,949,43,992,7
2020-12-14,Contra Costa,013,1133247,34019,30594,305,30899,281
2020-12-14,Del Norte,015,27424,663,560,0,560,1
2020-12-14,El Dorado,017,186661,4858,4018,159,4177,9
2020-12-14,Fresno,019,978130,57624,44726,3101,47827,560
2020-12-14,Glenn,021,27897,1303,1186,148,1334,9
2020-12-14,Humboldt,023,135768,1418,1256,5,1261,9
2020-12-14,Imperial,025,180216,20841,19608,530,20138,379
2020-12-14,Inyo,027,18085,502,382,6,388,16
2020-12-14,Kern,029,883053,55967,50538,3311,53849,510
2020-12-14,Kings,031,150075,14574,13491,352,13843,97
2020-12-14,Lake,033,64148,1517,1301,0,1301,21
2020-12-14,Lassen,035,31185,3581,2905,30,2935,1
2020-12-14,Los Angeles,037,10098052,591272,524668,12874,537542,8340
2020-12-14,Madera,039,155013,8923,8011,291,8302,60
2020-12-14,Marin,041,260295,8942,8475,57,8532,141
2020-12-14,Mariposa,043,17540,192,171,2,173,3
2020-12-14,Mendocino,045,87422,2081,1845,19,1864,24
2020-12-14,Merced,047,269075,16037,14572,228,14800,189
2020-12-14,Modoc,049,8938,200,180,61,241,0
2020-12-14,Mono,051,14174,758,685,12,697,3
2020-12-14,Monterey,053,433212,22420,19154,459,19613,155
2020-12-14,Napa,055,140530,4822,4289,23,4312,22
2020-12-14,Nevada,057,99092,2324,2070,67,2137,11
2020-12-14,Orange,059,3164182,124270,108602,4300,112902,1688
2020-12-14,Placer,061,380077,11755,9551,355,9906,95
2020-12-14,Plumas,063,18699,388,309,8,317,0
2020-12-14,Riverside,065,2383286,142947,123715,5085,128800,1588
2020-12-14,Sacramento,067,1510023,55113,50304,370,50674,691
2020-12-14,San Benito,069,59416,2807,2467,20,2487,19
2020-12-14,San Bernardino,071,2135413,156260,129151,3845,132996,1347
2020-12-14,San Diego,073,3302833,123606,109578,5278,114856,1162
2020-12-14,San Francisco,075,870044,20344,18904,168,19072,171
2020-12-14,San Joaquin,077,732212,37808,32522,998,33520,534
2020-12-14,San Luis Obispo,079,281455,8939,7791,185,7976,52
2020-12-14,San Mateo,081,765935,20989,18361,52,18413,178
2020-12-14,Santa Barbara,083,443738,14623,13587,337,13924,144
2020-12-14,Santa Clara,085,1922200,56499,49180,204,49384,502
2020-12-14,Santa Cruz,087,273765,7301,6049,161,6210,54
2020-12-14,Shasta,089,179085,7272,6665,483,7148,54
2020-12-14,Sierra,091,2930,23,21,0,21,0
2020-12-14,Siskiyou,093,43540,903,764,73,837,2
2020-12-14,Solano,095,438530,15315,13352,145,13497,93
2020-12-14,Sonoma,097,501317,16458,14807,95,14902,167
2020-12-14,Stanislaus,099,539301,29864,27311,2311,29622,485
2020-12-14,Sutter,101,95872,5506,5001,30,5031,35
2020-12-14,Tehama,103,63373,2551,2344,165,2509,9
2020-12-14,Trinity,105,12862,371,205,46,251,1
2020-12-14,Tulare,107,460477,29115,25735,2653,28388,341
2020-12-14,Tuolumne,109,53932,2087,1647,11,1658,8
2020-12-14,Ventura,111,848112,31487,27436,1107,28543,202
2020-12-14,Yolo,113,214977,7190,6389,39,6428,95
2020-12-14,Yuba,115,75493,3136,2851,29,2880,11
2020-12-13,Alameda,001,1643700,42159,38064,622,38686,486
2020-12-13,Alpine,003,1148,65,63,0,63,0
2020-12-13,Amador,005,37829,1789,1457,9,1466,19
2020-12-13,Butte,007,227075,5955,5103,551,5654,75
2020-12-13,Calaveras,009,45235,818,710,0,710,21
2020-12-13,Colusa,011,21464,1089,945,40,985,7
2020-12-13,Contra Costa,013,1133247,33292,29667,299,29966,281
2020-12-13,Del Norte,015,27424,611,542,0,542,1
2020-12-13,El Dorado,017,186661,4757,3770,150,3920,9
2020-12-13,Fresno,019,978130,56518,44114,2947,47061,559
2020-12-13,Glenn,021,27897,1290,1171,137,1308,9
2020-12-13,Humboldt,023,135768,1395,1238,4,1242,9
2020-12-13,Imperial,025,180216,20559,19472,410,19882,379
2020-12-13,Inyo,027,18085,481,380,6,386,16
2020-12-13,Kern,029,883053,54938,49051,3156,52207,510
2020-12-13,Kings,031,150075,14294,13357,334,13691,97
2020-12-13,Lake,033,64148,1476,1271,0,1271,21
2020-12-13,Lassen,035,31185,3474,2867,25,2892,1
2020-12-13,Los Angeles,037,10098052,573635,517472,12191,529663,8294
2020-12-13,Madera,039,155013,8738,7909,278,8187,60
2020-12-13,Marin,041,260295,8821,8409,57,8466,141
2020-12-13,Mariposa,043,17540,188,167,2,169,3
2020-12-13,Mendocino,045,87422,2047,1793,19,1812,24
2020-12-13,Merced,047,269075,15684,14384,225,14609,189
2020-12-13,Modoc,049,8938,190,179,56,235,0
2020-12-13,Mono,051,14174,742,675,12,687,3
2020-12-13,Monterey,053,433212,21999,18913,445,19358,153
2020-12-13,Napa,055,140530,4715,4194,23,4217,22
2020-12-13,Nevada,057,99092,2277,2030,65,2095,11
2020-12-13,Orange,059,3164182,120329,104768,4127,108895,1688
2020-12-13,Placer,061,380077,11441,9405,337,9742,95
2020-12-13,Plumas,063,18699,382,291,8,299,0
2020-12-13,Riverside,065,2383286,138821,119691,4825,124516,1581
2020-12-13,Sacramento,067,1510023,53845,49480,341,49821,682
2020-12-13,San Benito,069,59416,2738,2408,19,2427,19
2020-12-13,San Bernardino,071,2135413,151363,126718,3690,130408,1333
2020-12-13,San Diego,073,3302833,120006,107372,5109,112481,1162
2020-12-13,San Francisco,075,870044,20007,18686,159,18845,167
2020-12-13,San Joaquin,077,732212,37006,32170,958,33128,534
2020-12-13,San Luis Obispo,079,281455,8748,7625,177,7802,52
2020-12-13,San Mateo,081,765935,20498,18090,46,18136,177
2020-12-13,Santa Barbara,083,443738,14354,13249,323,13572,144
2020-12-13,Santa Clara,085,1922200,55093,47920,196,48116,499
2020-12-13,Santa Cruz,087,273765,7054,5986,151,6137,54
2020-12-13,Shasta,089,179085,7197,6647,457,7104,54
2020-12-13,Sierra,091,2930,23,21,0,21,0
2020-12-13,Siskiyou,093,43540,890,762,68,830,2
2020-12-13,Solano,095,438530,14880,13276,142,13418,93
2020-12-13,Sonoma,097,501317,16145,14495,94,14589,167
2020-12-13,Stanislaus,099,539301,29307,26569,2260,28829,485
2020-12-13,Sutter,101,95872,5379,4798,26,4824,34
2020-12-13,Tehama,103,63373,2507,2325,150,2475,9
2020-12-13,Trinity,105,12862,365,204,46,250,1
2020-12-13,Tulare,107,460477,28633,25496,2576,28072,340
2020-12-13,Tuolumne,109,53932,2025,1611,11,1622,8
2020-12-13,Ventura,111,848112,30488,26588,1047,27635,202
2020-12-13,Yolo,113,214977,7004,6265,33,6298,95
2020-12-13,Yuba,115,75493,3073,2754,26,2780,11
2020-12-12,Alameda,001,1643700,41716,37027,603,37630,486
2020-12-12,Alpine,003,1148,65,63,0,63,0
2020-12-12,Amador,005,37829,1761,1236,8,1244,19
2020-12-12,Butte,007,227075,5882,4972,537,5509,73
2020-12-12,Calaveras,009,45235,808,708,0,708,21
2020-12-12,Colusa,011,21464,1069,945,39,984,7
2020-12-12,Contra Costa,013,1133247,32945,29506,290,29796,281
2020-12-12,Del Norte,015,27424,603,529,0,529,1
2020-12-12,El Dorado,017,186661,4682,3706,134,3840,9
2020-12-12,Fresno,019,978130,56166,43756,2888,46644,559
2020-12-12,Glenn,021,27897,1282,1143,133,1276,8
2020-12-12,Humboldt,023,135768,1376,1208,4,1212,9
2020-12-12,Imperial,025,180216,20470,18947,355,19302,379
2020-12-12,Inyo,027,18085,475,380,6,386,16
2020-12-12,Kern,029,883053,54419,48194,3069,51263,507
2020-12-12,Kings,031,150075,14205,13205,330,13535,96
2020-12-12,Lake,033,64148,1460,1232,0,1232,21
2020-12-12,Lassen,035,31185,3451,2866,22,2888,1
2020-12-12,Los Angeles,037,10098052,566819,504317,11703,516020,8269
2020-12-12,Madera,039,155013,8611,7765,275,8040,59
2020-12-12,Marin,041,260295,8765,8363,56,8419,141
2020-12-12,Mariposa,043,17540,187,164,2,166,3
2020-12-12,Mendocino,045,87422,2011,1771,19,1790,24
2020-12-12,Merced,047,269075,15592,14181,221,14402,188
2020-12-12,Modoc,049,8938,189,169,53,222,0
2020-12-12,Mono,051,14174,735,640,12,652,3
2020-12-12,Monterey,053,433212,21886,18596,416,19012,151
2020-12-12,Napa,055,140530,4670,4113,23,4136,22
2020-12-12,Nevada,057,99092,2259,1981,63,2044,10
2020-12-12,Orange,059,3164182,118431,100468,3982,104450,1674
2020-12-12,Placer,061,380077,11276,9390,332,9722,95
2020-12-12,Plumas,063,18699,376,291,8,299,0
2020-12-12,Riverside,065,2383286,136759,118335,4624,122959,1579
2020-12-12,Sacramento,067,1510023,53263,48319,328,48647,673
2020-12-12,San Benito,069,59416,2683,2355,19,2374,19
2020-12-12,San Bernardino,071,2135413,149730,125741,3588,129329,1321
2020-12-12,San Diego,073,3302833,118385,104958,5012,109970,1151
2020-12-12,San Francisco,075,870044,19810,18413,155,18568,167
2020-12-12,San Joaquin,077,732212,36678,32200,928,33128,534
2020-12-12,San Luis Obispo,079,281455,8649,7462,171,7633,50
2020-12-12,San Mateo,081,765935,20277,17574,45,17619,177
2020-12-12,Santa Barbara,083,443738,14202,13174,315,13489,144
2020-12-12,Santa Clara,085,1922200,54158,45892,193,46085,498
2020-12-12,Santa Cruz,087,273765,6957,5905,142,6047,54
2020-12-12,Shasta,089,179085,7164,6551,439,6990,54
2020-12-12,Sierra,091,2930,23,21,0,21,0
2020-12-12,Siskiyou,093,43540,888,762,65,827,2
2020-12-12,Solano,095,438530,14686,12748,135,12883,93
2020-12-12,Sonoma,097,501317,16024,14466,94,14560,166
2020-12-12,Stanislaus,099,539301,29002,26246,2211,28457,483
2020-12-12,Sutter,101,95872,5317,4717,26,4743,32
2020-12-12,Tehama,103,63373,2489,2252,145,2397,9
2020-12-12,Trinity,105,12862,363,204,44,248,1
2020-12-12,Tulare,107,460477,28369,25333,2517,27850,341
2020-12-12,Tuolumne,109,53932,1981,1536,11,1547,8
2020-12-12,Ventura,111,848112,30043,25955,1014,26969,202
2020-12-12,Yolo,113,214977,6921,6116,31,6147,95
2020-12-12,Yuba,115,75493,3046,2692,25,2717,10
2020-12-11,Alameda,001,1643700,41149,36281,591,36872,482
2020-12-11,Alpine,003,1148,65,63,0,63,0
2020-12-11,Amador,005,37829,1745,1213,8,1221,19
2020-12-11,Butte,007,227075,5809,4941,518,5459,73
2020-12-11,Calaveras,009,45235,792,697,0,697,21
2020-12-11,Colusa,011,21464,1059,923,37,960,7
2020-12-11,Contra Costa,013,1133247,32514,29036,287,29323,282
2020-12-11,Del Norte,015,27424,595,505,0,505,1
2020-12-11,El Dorado,017,186661,4601,3669,119,3788,9
2020-12-11,Fresno,019,978130,55154,43071,2822,45893,550
2020-12-11,Glenn,021,27897,1266,1135,129,1264,8
2020-12-11,Humboldt,023,135768,1358,1190,4,1194,9
2020-12-11,Imperial,025,180216,20380,18599,311,18910,377
2020-12-11,Inyo,027,18085,465,372,6,378,16
2020-12-11,Kern,029,883053,53741,47664,3006,50670,502
2020-12-11,Kings,031,150075,14061,13118,326,13444,94
2020-12-11,Lake,033,64148,1443,1205,0,1205,21
2020-12-11,Lassen,035,31185,3439,2790,21,2811,1
2020-12-11,Los Angeles,037,10098052,555012,493592,11298,504890,8198
2020-12-11,Madera,039,155013,8519,7648,265,7913,59
2020-12-11,Marin,041,260295,8676,8317,55,8372,141
2020-12-11,Mariposa,043,17540,186,164,2,166,3
2020-12-11,Mendocino,045,87422,1987,1769,19,1788,24
2020-12-11,Merced,047,269075,15472,14038,213,14251,186
2020-12-11,Modoc,049,8938,189,168,52,220,0
2020-12-11,Mono,051,14174,725,631,12,643,3
2020-12-11,Monterey,053,433212,21585,18421,411,18832,150
2020-12-11,Napa,055,140530,4615,4054,23,4077,22
2020-12-11,Nevada,057,99092,2242,1959,60,2019,10
2020-12-11,Orange,059,3164182,116110,98357,3881,102238,1656
2020-12-11,Placer,061,380077,11114,8904,316,9220,93
2020-12-11,Plumas,063,18699,368,286,8,294,0
2020-12-11,Riverside,065,2383286,133685,115329,4406,119735,1573
2020-12-11,Sacramento,067,1510023,52600,47468,320,47788,669
2020-12-11,San Benito,069,59416,2632,2319,19,2338,19
2020-12-11,San Bernardino,071,2135413,147032,123092,3474,126566,1313
2020-12-11,San Diego,073,3302833,116425,102468,4929,107397,1137
2020-12-11,San Francisco,075,870044,19580,18246,154,18400,165
2020-12-11,San Joaquin,077,732212,36329,32044,901,32945,534
2020-12-11,San Luis Obispo,079,281455,8488,7415,169,7584,49
2020-12-11,San Mateo,081,765935,20007,17240,34,17274,177
2020-12-11,Santa Barbara,083,443738,14059,12997,307,13304,144
2020-12-11,Santa Clara,085,1922200,53151,45101,184,45285,494
2020-12-11,Santa Cruz,087,273765,6837,5764,133,5897,50
2020-12-11,Shasta,089,179085,7119,6459,432,6891,54
2020-12-11,Sierra,091,2930,23,19,0,19,0
2020-12-11,Siskiyou,093,43540,881,753,62,815,2
2020-12-11,Solano,095,438530,14499,12554,131,12685,92
2020-12-11,Sonoma,097,501317,15857,14298,92,14390,166
2020-12-11,Stanislaus,099,539301,28730,25928,2164,28092,464
2020-12-11,Sutter,101,95872,5254,4600,25,4625,30
2020-12-11,Tehama,103,63373,2458,2232,141,2373,9
2020-12-11,Trinity,105,12862,360,204,44,248,1
2020-12-11,Tulare,107,460477,28014,24953,2464,27417,338
2020-12-11,Tuolumne,109,53932,1966,1510,11,1521,8
2020-12-11,Ventura,111,848112,29436,24999,992,25991,202
2020-12-11,Yolo,113,214977,6817,6006,30,6036,95
2020-12-11,Yuba,115,75493,2985,2649,23,2672,10
2020-12-10,Alameda,001,1643700,40379,35686,571,36257,477
2020-12-10,Alpine,003,1148,65,63,0,63,0
2020-12-10,Amador,005,37829,1688,1191,8,1199,18
2020-12-10,Butte,007,227075,5694,4863,494,5357,72
2020-12-10,Calaveras,009,45235,774,684,0,684,21
2020-12-10,Colusa,011,21464,1036,909,34,943,7
2020-12-10,Contra Costa,013,1133247,31836,28413,281,28694,276
2020-12-10,Del Norte,015,27424,584,501,0,501,1
2020-12-10,El Dorado,017,186661,4483,3557,114,3671,9
2020-12-10,Fresno,019,978130,54176,42461,2682,45143,540
2020-12-10,Glenn,021,27897,1246,1126,120,1246,8
2020-12-10,Humboldt,023,135768,1338,1140,4,1144,9
2020-12-10,Imperial,025,180216,20168,18333,236,18569,370
2020-12-10,Inyo,027,18085,445,365,6,371,15
2020-12-10,Kern,029,883053,52760,47176,2843,50019,499
2020-12-10,Kings,031,150075,13903,12993,320,13313,92
2020-12-10,Lake,033,64148,1403,1167,0,1167,21
2020-12-10,Lassen,035,31185,3417,2764,17,2781,0
2020-12-10,Los Angeles,037,10098052,541031,480354,10775,491129,8149
2020-12-10,Madera,039,155013,8411,7445,250,7695,59
2020-12-10,Marin,041,260295,8626,8245,54,8299,140
2020-12-10,Mariposa,043,17540,185,160,2,162,3
2020-12-10,Mendocino,045,87422,1961,1748,16,1764,24
2020-12-10,Merced,047,269075,15226,13756,210,13966,186
2020-12-10,Modoc,049,8938,184,165,50,215,0
2020-12-10,Mono,051,14174,720,601,12,613,3
2020-12-10,Monterey,053,433212,21103,18266,401,18667,145
2020-12-10,Napa,055,140530,4529,3974,22,3996,22
2020-12-10,Nevada,057,99092,2206,1919,60,1979,10
2020-12-10,Orange,059,3164182,113006,95297,3721,99018,1651
2020-12-10,Placer,061,380077,10861,8906,299,9205,90
2020-12-10,Plumas,063,18699,357,281,8,289,0
2020-12-10,Riverside,065,2383286,130000,112794,4139,116933,1552
2020-12-10,Sacramento,067,1510023,51699,46471,299,46770,664
2020-12-10,San Benito,069,59416,2571,2268,18,2286,19
2020-12-10,San Bernardino,071,2135413,142789,120186,3300,123486,1306
2020-12-10,San Diego,073,3302833,113900,99601,4780,104381,1114
2020-12-10,San Francisco,075,870044,19272,17945,147,18092,164
2020-12-10,San Joaquin,077,732212,35695,31228,872,32100,534
2020-12-10,San Luis Obispo,079,281455,8325,7245,158,7403,49
2020-12-10,San Mateo,081,765935,19565,16701,24,16725,177
2020-12-10,Santa Barbara,083,443738,13880,12788,299,13087,143
2020-12-10,Santa Clara,085,1922200,51997,43939,170,44109,491
2020-12-10,Santa Cruz,087,273765,6671,5645,121,5766,48
2020-12-10,Shasta,089,179085,7052,6312,407,6719,53
2020-12-10,Sierra,091,2930,23,18,0,18,0
2020-12-10,Siskiyou,093,43540,871,712,61,773,2
2020-12-10,Solano,095,438530,14135,12017,126,12143,90
2020-12-10,Sonoma,097,501317,15602,14282,90,14372,167
2020-12-10,Stanislaus,099,539301,28271,25582,2090,27672,464
2020-12-10,Sutter,101,95872,5124,4528,23,4551,27
2020-12-10,Tehama,103,63373,2414,2190,133,2323,9
2020-12-10,Trinity,105,12862,356,202,42,244,1
2020-12-10,Tulare,107,460477,27557,24506,2401,26907,337
2020-12-10,Tuolumne,109,53932,1723,1451,11,1462,8
2020-12-10,Ventura,111,848112,28586,24075,948,25023,202
2020-12-10,Yolo,113,214977,6696,5896,29,5925,95
2020-12-10,Yuba,115,75493,2921,2604,22,2626,10
2020-12-09,Alameda,001,1643700,39544,35047,550,35597,470
2020-12-09,Alpine,003,1148,65,58,0,58,0
2020-12-09,Amador,005,37829,1645,1121,8,1129,19
2020-12-09,Butte,007,227075,5551,4733,475,5208,70
2020-12-09,Calaveras,009,45235,745,670,0,670,21
2020-12-09,Colusa,011,21464,1021,896,33,929,7
2020-12-09,Contra Costa,013,1133247,31128,28308,269,28577,273
2020-12-09,Del Norte,015,27424,576,481,0,481,2
2020-12-09,El Dorado,017,186661,4348,3449,106,3555,8
2020-12-09,Fresno,019,978130,53174,41954,2529,44483,533
2020-12-09,Glenn,021,27897,1232,1107,114,1221,8
2020-12-09,Humboldt,023,135768,1306,1086,4,1090,10
2020-12-09,Imperial,025,180216,19910,17757,200,17957,368
2020-12-09,Inyo,027,18085,432,356,6,362,15
2020-12-09,Kern,029,883053,51603,46379,2701,49080,494
2020-12-09,Kings,031,150075,13758,12716,312,13028,92
2020-12-09,Lake,033,64148,1374,1158,0,1158,20
2020-12-09,Lassen,035,31185,3348,2331,15,2346,0
2020-12-09,Los Angeles,037,10098052,527526,467971,10245,478216,8075
2020-12-09,Madera,039,155013,8295,7216,247,7463,59
2020-12-09,Marin,041,260295,8563,8182,53,8235,138
2020-12-09,Mariposa,043,17540,183,154,2,156,3
2020-12-09,Mendocino,045,87422,1936,1703,15,1718,24
2020-12-09,Merced,047,269075,14985,13588,204,13792,183
2020-12-09,Modoc,049,8938,179,146,41,187,0
2020-12-09,Mono,051,14174,708,601,12,613,3
2020-12-09,Monterey,053,433212,20703,17891,393,18284,143
2020-12-09,Napa,055,140530,4444,3858,21,3879,21
2020-12-09,Nevada,057,99092,2153,1864,60,1924,10
2020-12-09,Orange,059,3164182,109901,93763,3553,97316,1629
2020-12-09,Placer,061,380077,10600,8588,285,8873,85
2020-12-09,Plumas,063,18699,349,271,8,279,0
2020-12-09,Riverside,065,2383286,126298,110376,3938,114314,1543
2020-12-09,Sacramento,067,1510023,50636,45284,274,45558,659
2020-12-09,San Benito,069,59416,2499,2217,16,2233,19
2020-12-09,San Bernardino,071,2135413,138509,114516,3104,117620,1305
2020-12-09,San Diego,073,3302833,110920,97551,4641,102192,1103
2020-12-09,San Francisco,075,870044,18973,17628,146,17774,163
2020-12-09,San Joaquin,077,732212,34881,30539,848,31387,531
2020-12-09,San Luis Obispo,079,281455,8107,7105,150,7255,47
2020-12-09,San Mateo,081,765935,19115,16422,23,16445,175
2020-12-09,Santa Barbara,083,443738,13680,12630,289,12919,142
2020-12-09,Santa Clara,085,1922200,50820,42912,155,43067,489
2020-12-09,Santa Cruz,087,273765,6510,5527,106,5633,47
2020-12-09,Shasta,089,179085,6987,6105,393,6498,52
2020-12-09,Sierra,091,2930,23,18,0,18,0
2020-12-09,Siskiyou,093,43540,860,713,60,773,2
2020-12-09,Solano,095,438530,13792,11862,118,11980,90
2020-12-09,Sonoma,097,501317,15345,13994,87,14081,164
2020-12-09,Stanislaus,099,539301,27782,25157,2027,27184,463
2020-12-09,Sutter,101,95872,5005,4418,19,4437,24
2020-12-09,Tehama,103,63373,2378,2102,129,2231,9
2020-12-09,Trinity,105,12862,348,199,39,238,0
2020-12-09,Tulare,107,460477,26955,24124,2325,26449,334
2020-12-09,Tuolumne,109,53932,1690,1319,11,1330,8
2020-12-09,Ventura,111,848112,27722,23830,906,24736,201
2020-12-09,Yolo,113,214977,6570,5760,27,5787,95
2020-12-09,Yuba,115,75493,2853,2513,21,2534,10
2020-12-08,Alameda,001,1643700,38643,34373,534,34907,469
2020-12-08,Alpine,003,1148,64,53,0,53,0
2020-12-08,Amador,005,37829,1359,1043,8,1051,17
2020-12-08,Butte,007,227075,5393,4651,435,5086,70
2020-12-08,Calaveras,009,45235,721,657,0,657,21
2020-12-08,Colusa,011,21464,1005,875,32,907,6
2020-12-08,Contra Costa,013,1133247,30433,27926,254,28180,270
2020-12-08,Del Norte,015,27424,562,465,0,465,2
2020-12-08,El Dorado,017,186661,4224,3296,93,3389,8
2020-12-08,Fresno,019,978130,51909,41574,2374,43948,529
2020-12-08,Glenn,021,27897,1212,1094,106,1200,8
2020-12-08,Humboldt,023,135768,1280,1059,4,1063,10
2020-12-08,Imperial,025,180216,19401,17568,193,17761,363
2020-12-08,Inyo,027,18085,408,333,6,339,15
2020-12-08,Kern,029,883053,50312,45116,2548,47664,487
2020-12-08,Kings,031,150075,13604,12623,303,12926,90
2020-12-08,Lake,033,64148,1334,1127,0,1127,20
2020-12-08,Lassen,035,31185,3192,2165,15,2180,0
2020-12-08,Los Angeles,037,10098052,514815,459738,9775,469513,8004
2020-12-08,Madera,039,155013,8166,7082,235,7317,59
2020-12-08,Marin,041,260295,8486,8099,52,8151,137
2020-12-08,Mariposa,043,17540,179,150,2,152,2
2020-12-08,Mendocino,045,87422,1894,1666,15,1681,23
2020-12-08,Merced,047,269075,14673,13380,203,13583,181
2020-12-08,Modoc,049,8938,171,138,38,176,0
2020-12-08,Mono,051,14174,694,597,12,609,3
2020-12-08,Monterey,053,433212,20132,17752,386,18138,134
2020-12-08,Napa,055,140530,4358,3778,19,3797,22
2020-12-08,Nevada,057,99092,2099,1809,57,1866,11
2020-12-08,Orange,059,3164182,106678,91406,3389,94795,1629
2020-12-08,Placer,061,380077,10332,8224,280,8504,82
2020-12-08,Plumas,063,18699,339,258,8,266,0
2020-12-08,Riverside,065,2383286,122929,107620,3761,111381,1514
2020-12-08,Sacramento,067,1510023,49573,44635,260,44895,649
2020-12-08,San Benito,069,59416,2445,2180,16,2196,18
2020-12-08,San Bernardino,071,2135413,134162,110676,2982,113658,1301
2020-12-08,San Diego,073,3302833,107549,95447,4484,99931,1088
2020-12-08,San Francisco,075,870044,18666,17384,144,17528,162
2020-12-08,San Joaquin,077,732212,33987,30225,815,31040,530
2020-12-08,San Luis Obispo,079,281455,7978,6903,139,7042,45
2020-12-08,San Mateo,081,765935,18716,16305,23,16328,175
2020-12-08,Santa Barbara,083,443738,13497,12516,280,12796,141
2020-12-08,Santa Clara,085,1922200,49509,41309,147,41456,484
2020-12-08,Santa Cruz,087,273765,6329,5374,104,5478,45
2020-12-08,Shasta,089,179085,6877,5946,385,6331,50
2020-12-08,Sierra,091,2930,22,18,0,18,0
2020-12-08,Siskiyou,093,43540,846,704,58,762,2
2020-12-08,Solano,095,438530,13386,11669,116,11785,89
2020-12-08,Sonoma,097,501317,15086,13601,86,13687,164
2020-12-08,Stanislaus,099,539301,27290,24793,1962,26755,461
2020-12-08,Sutter,101,95872,4909,4342,18,4360,24
2020-12-08,Tehama,103,63373,2304,2057,121,2178,9
2020-12-08,Trinity,105,12862,339,198,38,236,0
2020-12-08,Tulare,107,460477,26349,23607,2262,25869,330
2020-12-08,Tuolumne,109,53932,1666,1264,11,1275,7
2020-12-08,Ventura,111,848112,27061,23665,864,24529,195
2020-12-08,Yolo,113,214977,6438,5560,27,5587,90
2020-12-08,Yuba,115,75493,2775,2477,21,2498,10
2020-12-07,Alameda,001,1643700,37778,33887,500,34387,466
2020-12-07,Alpine,003,1148,63,53,0,53,0
2020-12-07,Amador,005,37829,1284,993,7,1000,17
2020-12-07,Butte,007,227075,5257,4604,414,5018,67
2020-12-07,Calaveras,009,45235,692,606,0,606,21
2020-12-07,Colusa,011,21464,980,825,27,852,6
2020-12-07,Contra Costa,013,1133247,29825,27307,241,27548,270
2020-12-07,Del Norte,015,27424,547,424,0,424,2
2020-12-07,El Dorado,017,186661,4045,3275,86,3361,8
2020-12-07,Fresno,019,978130,50436,41098,2254,43352,526
2020-12-07,Glenn,021,27897,1193,1085,100,1185,8
2020-12-07,Humboldt,023,135768,1245,1023,4,1027,9
2020-12-07,Imperial,025,180216,18986,17234,183,17417,364
2020-12-07,Inyo,027,18085,392,333,6,339,15
2020-12-07,Kern,029,883053,49286,44409,2414,46823,486
2020-12-07,Kings,031,150075,13461,12412,295,12707,90
2020-12-07,Lake,033,64148,1307,1090,0,1090,20
2020-12-07,Lassen,035,31185,3095,2167,15,2182,0
2020-12-07,Los Angeles,037,10098052,501144,451052,9354,460406,7937
2020-12-07,Madera,039,155013,7902,6935,230,7165,59
2020-12-07,Marin,041,260295,8428,8049,51,8100,136
2020-12-07,Mariposa,043,17540,176,146,2,148,2
2020-12-07,Mendocino,045,87422,1858,1638,14,1652,23
2020-12-07,Merced,047,269075,14315,13250,194,13444,179
2020-12-07,Modoc,049,8938,164,128,35,163,0
2020-12-07,Mono,051,14174,681,590,12,602,3
2020-12-07,Monterey,053,433212,19652,17746,375,18121,132
2020-12-07,Napa,055,140530,4267,3684,19,3703,21
2020-12-07,Nevada,057,99092,2050,1777,56,1833,11
2020-12-07,Orange,059,3164182,103410,89793,3270,93063,1628
2020-12-07,Placer,061,380077,10007,7911,266,8177,82
2020-12-07,Plumas,063,18699,327,256,5,261,0
2020-12-07,Riverside,065,2383286,119729,102363,3580,105943,1491
2020-12-07,Sacramento,067,1510023,48478,43419,243,43662,638
2020-12-07,San Benito,069,59416,2395,2165,15,2180,18
2020-12-07,San Bernardino,071,2135413,130211,108161,2867,111028,1295
2020-12-07,San Diego,073,3302833,104760,94171,4303,98474,1062
2020-12-07,San Francisco,075,870044,18370,17220,137,17357,161
2020-12-07,San Joaquin,077,732212,33112,28188,789,28977,530
2020-12-07,San Luis Obispo,079,281455,7796,6782,132,6914,45
2020-12-07,San Mateo,081,765935,18278,16029,22,16051,175
2020-12-07,Santa Barbara,083,443738,13255,12362,270,12632,141
2020-12-07,Santa Clara,085,1922200,48113,40621,138,40759,484
2020-12-07,Santa Cruz,087,273765,6165,5152,96,5248,41
2020-12-07,Shasta,089,179085,6754,5742,370,6112,50
2020-12-07,Sierra,091,2930,20,18,0,18,0
2020-12-07,Siskiyou,093,43540,820,652,58,710,2
2020-12-07,Solano,095,438530,13048,11354,112,11466,89
2020-12-07,Sonoma,097,501317,14802,13376,86,13462,164
2020-12-07,Stanislaus,099,539301,26716,24479,1909,26388,454
2020-12-07,Sutter,101,95872,4768,4106,18,4124,24
2020-12-07,Tehama,103,63373,2253,2030,116,2146,9
2020-12-07,Trinity,105,12862,335,194,38,232,0
2020-12-07,Tulare,107,460477,25801,22760,2203,24963,328
2020-12-07,Tuolumne,109,53932,1581,1256,10,1266,7
2020-12-07,Ventura,111,848112,26473,23354,828,24182,191
2020-12-07,Yolo,113,214977,6278,5537,26,5563,90
2020-12-07,Yuba,115,75493,2708,2428,19,2447,10
2020-12-06,Alameda,001,1643700,36785,33477,480,33957,465
2020-12-06,Alpine,003,1148,59,53,0,53,0
2020-12-06,Amador,005,37829,1221,952,6,958,17
2020-12-06,Butte,007,227075,5104,4527,381,4908,67
2020-12-06,Calaveras,009,45235,672,606,0,606,21
2020-12-06,Colusa,011,21464,963,824,23,847,6
2020-12-06,Contra Costa,013,1133247,29219,26566,234,26800,270
2020-12-06,Del Norte,015,27424,491,414,0,414,2
2020-12-06,El Dorado,017,186661,3908,3086,81,3167,8
2020-12-06,Fresno,019,978130,49483,40869,2138,43007,526
2020-12-06,Glenn,021,27897,1183,1067,96,1163,8
2020-12-06,Humboldt,023,135768,1220,1004,4,1008,9
2020-12-06,Imperial,025,180216,18679,16922,174,17096,364
2020-12-06,Inyo,027,18085,380,333,6,339,15
2020-12-06,Kern,029,883053,48295,43899,2247,46146,486
2020-12-06,Kings,031,150075,13189,12056,278,12334,90
2020-12-06,Lake,033,64148,1271,1075,0,1075,20
2020-12-06,Lassen,035,31185,2991,2168,13,2181,0
2020-12-06,Los Angeles,037,10098052,487550,443230,8926,452156,7910
2020-12-06,Madera,039,155013,7729,6826,221,7047,59
2020-12-06,Marin,041,260295,8348,8013,48,8061,136
2020-12-06,Mariposa,043,17540,175,144,2,146,2
2020-12-06,Mendocino,045,87422,1818,1614,14,1628,23
2020-12-06,Merced,047,269075,13978,12928,185,13113,179
2020-12-06,Modoc,049,8938,151,125,28,153,0
2020-12-06,Mono,051,14174,659,586,11,597,3
2020-12-06,Monterey,053,433212,19034,17426,365,17791,130
2020-12-06,Napa,055,140530,4155,3644,19,3663,21
2020-12-06,Nevada,057,99092,1991,1710,53,1763,10
2020-12-06,Orange,059,3164182,100339,87737,3141,90878,1627
2020-12-06,Placer,061,380077,9724,7837,247,8084,82
2020-12-06,Plumas,063,18699,314,254,4,258,0
2020-12-06,Riverside,065,2383286,116636,100088,3359,103447,1482
2020-12-06,Sacramento,067,1510023,47237,42808,229,43037,638
2020-12-06,San Benito,069,59416,2358,2135,15,2150,18
2020-12-06,San Bernardino,071,2135413,126062,106927,2713,109640,1286
2020-12-06,San Diego,073,3302833,101727,92173,4149,96322,1062
2020-12-06,San Francisco,075,870044,18047,17107,130,17237,161
2020-12-06,San Joaquin,077,732212,32268,28188,761,28949,530
2020-12-06,San Luis Obispo,079,281455,7631,6723,127,6850,45
2020-12-06,San Mateo,081,765935,17774,15855,20,15875,175
2020-12-06,Santa Barbara,083,443738,13023,12252,261,12513,141
2020-12-06,Santa Clara,085,1922200,46718,39112,133,39245,482
2020-12-06,Santa Cruz,087,273765,5988,5069,90,5159,40
2020-12-06,Shasta,089,179085,6614,5743,349,6092,49
2020-12-06,Sierra,091,2930,20,17,0,17,0
2020-12-06,Siskiyou,093,43540,801,652,56,708,2
2020-12-06,Solano,095,438530,12759,11354,102,11456,88
2020-12-06,Sonoma,097,501317,14514,13238,85,13323,164
2020-12-06,Stanislaus,099,539301,26156,24036,1845,25881,454
2020-12-06,Sutter,101,95872,4652,4009,17,4026,21
2020-12-06,Tehama,103,63373,2195,1982,107,2089,9
2020-12-06,Trinity,105,12862,328,181,36,217,0
2020-12-06,Tulare,107,460477,25269,22756,2136,24892,327
2020-12-06,Tuolumne,109,53932,1485,1210,10,1220,7
2020-12-06,Ventura,111,848112,25931,23035,803,23838,191
2020-12-06,Yolo,113,214977,6117,5465,22,5487,90
2020-12-06,Yuba,115,75493,2664,2340,18,2358,10
2020-12-05,Alameda,001,1643700,36427,32781,469,33250,465
2020-12-05,Alpine,003,1148,58,53,0,53,0
2020-12-05,Amador,005,37829,1197,847,6,853,17
2020-12-05,Butte,007,227075,5036,4455,362,4817,66
2020-12-05,Calaveras,009,45235,660,606,0,606,21
2020-12-05,Colusa,011,21464,945,825,20,845,6
2020-12-05,Contra Costa,013,1133247,28921,26217,226,26443,270
2020-12-05,Del Norte,015,27424,486,408,0,408,2
2020-12-05,El Dorado,017,186661,3843,3061,76,3137,8
2020-12-05,Fresno,019,978130,49164,40568,2084,42652,525
2020-12-05,Glenn,021,27897,1170,1056,90,1146,8
2020-12-05,Humboldt,023,135768,1187,979,4,983,9
2020-12-05,Imperial,025,180216,18505,16544,173,16717,362
2020-12-05,Inyo,027,18085,375,332,6,338,15
2020-12-05,Kern,029,883053,47832,43332,2162,45494,484
2020-12-05,Kings,031,150075,13108,11898,275,12173,90
2020-12-05,Lake,033,64148,1242,1069,0,1069,20
2020-12-05,Lassen,035,31185,2800,2168,11,2179,0
2020-12-05,Los Angeles,037,10098052,481752,433120,8613,441733,7888
2020-12-05,Madera,039,155013,7635,6619,214,6833,59
2020-12-05,Marin,041,260295,8321,7961,48,8009,136
2020-12-05,Mariposa,043,17540,170,143,2,145,2
2020-12-05,Mendocino,045,87422,1779,1585,14,1599,23
2020-12-05,Merced,047,269075,13871,12747,174,12921,180
2020-12-05,Modoc,049,8938,151,118,27,145,0
2020-12-05,Mono,051,14174,654,554,11,565,3
2020-12-05,Monterey,053,433212,18888,17077,361,17438,127
2020-12-05,Napa,055,140530,4085,3565,19,3584,21
2020-12-05,Nevada,057,99092,1976,1642,51,1693,10
2020-12-05,Orange,059,3164182,98868,85735,3044,88779,1612
2020-12-05,Placer,061,380077,9605,7811,238,8049,78
2020-12-05,Plumas,063,18699,307,246,1,247,0
2020-12-05,Riverside,065,2383286,115023,98612,3185,101797,1477
2020-12-05,Sacramento,067,1510023,46572,41878,215,42093,625
2020-12-05,San Benito,069,59416,2314,2073,15,2088,18
2020-12-05,San Bernardino,071,2135413,124533,105382,2585,107967,1283
2020-12-05,San Diego,073,3302833,100375,90470,4068,94538,1055
2020-12-05,San Francisco,075,870044,17861,16786,126,16912,161
2020-12-05,San Joaquin,077,732212,32001,28105,729,28834,523
2020-12-05,San Luis Obispo,079,281455,7564,6623,124,6747,44
2020-12-05,San Mateo,081,765935,17517,15512,20,15532,175
2020-12-05,Santa Barbara,083,443738,12923,12107,255,12362,141
2020-12-05,Santa Clara,085,1922200,45958,38339,128,38467,474
2020-12-05,Santa Cruz,087,273765,5915,4997,89,5086,40
2020-12-05,Shasta,089,179085,6553,5653,338,5991,49
2020-12-05,Sierra,091,2930,20,17,0,17,0
2020-12-05,Siskiyou,093,43540,793,649,55,704,2
2020-12-05,Solano,095,438530,12588,11351,100,11451,87
2020-12-05,Sonoma,097,501317,14418,13137,85,13222,164
2020-12-05,Stanislaus,099,539301,25837,23662,1810,25472,454
2020-12-05,Sutter,101,95872,4587,3937,17,3954,20
2020-12-05,Tehama,103,63373,2180,1926,105,2031,9
2020-12-05,Trinity,105,12862,327,177,36,213,0
2020-12-05,Tulare,107,460477,25050,22660,2078,24738,324
2020-12-05,Tuolumne,109,53932,1428,1180,10,1190,7
2020-12-05,Ventura,111,848112,25559,22710,789,23499,191
2020-12-05,Yolo,113,214977,6038,5351,21,5372,90
2020-12-05,Yuba,115,75493,2627,2275,18,2293,10
2020-12-04,Alameda,001,1643700,35877,31871,456,32327,465
2020-12-04,Alpine,003,1148,58,53,0,53,0
2020-12-04,Amador,005,37829,1183,766,3,769,16
2020-12-04,Butte,007,227075,4964,4336,342,4678,65
2020-12-04,Calaveras,009,45235,655,585,0,585,21
2020-12-04,Colusa,011,21464,931,790,18,808,6
2020-12-04,Contra Costa,013,1133247,28575,25705,214,25919,264
2020-12-04,Del Norte,015,27424,477,401,0,401,2
2020-12-04,El Dorado,017,186661,3755,2933,73,3006,7
2020-12-04,Fresno,019,978130,48454,40108,2016,42124,522
2020-12-04,Glenn,021,27897,1164,1017,82,1099,8
2020-12-04,Humboldt,023,135768,1169,960,4,964,9
2020-12-04,Imperial,025,180216,18258,16484,173,16657,362
2020-12-04,Inyo,027,18085,366,324,6,330,15
2020-12-04,Kern,029,883053,47281,42497,2060,44557,485
2020-12-04,Kings,031,150075,13015,11767,269,12036,88
2020-12-04,Lake,033,64148,1212,1018,0,1018,20
2020-12-04,Lassen,035,31185,2793,2167,10,2177,0
2020-12-04,Los Angeles,037,10098052,473133,424164,8324,432488,7845
2020-12-04,Madera,039,155013,7540,6479,211,6690,58
2020-12-04,Marin,041,260295,8266,7896,45,7941,136
2020-12-04,Mariposa,043,17540,170,136,2,138,2
2020-12-04,Mendocino,045,87422,1760,1563,13,1576,23
2020-12-04,Merced,047,269075,13756,12474,166,12640,177
2020-12-04,Modoc,049,8938,151,115,27,142,0
2020-12-04,Mono,051,14174,649,549,11,560,3
2020-12-04,Monterey,053,433212,18676,16737,352,17089,127
2020-12-04,Napa,055,140530,4031,3432,19,3451,19
2020-12-04,Nevada,057,99092,1951,1560,48,1608,10
2020-12-04,Orange,059,3164182,96939,83738,2980,86718,1597
2020-12-04,Placer,061,380077,9481,7461,225,7686,76
2020-12-04,Plumas,063,18699,300,232,0,232,0
2020-12-04,Riverside,065,2383286,112823,95255,3028,98283,1475
2020-12-04,Sacramento,067,1510023,45807,41061,198,41259,618
2020-12-04,San Benito,069,59416,2281,2006,15,2021,17
2020-12-04,San Bernardino,071,2135413,122260,102418,2477,104895,1290
2020-12-04,San Diego,073,3302833,98891,88183,3981,92164,1047
2020-12-04,San Francisco,075,870044,17671,16499,126,16625,161
2020-12-04,San Joaquin,077,732212,31561,27806,692,28498,522
2020-12-04,San Luis Obispo,079,281455,7480,6473,121,6594,42
2020-12-04,San Mateo,081,765935,17229,15112,19,15131,173
2020-12-04,Santa Barbara,083,443738,12816,11947,249,12196,141
2020-12-04,Santa Clara,085,1922200,45021,37465,122,37587,468
2020-12-04,Santa Cruz,087,273765,5825,4985,87,5072,32
2020-12-04,Shasta,089,179085,6464,5439,329,5768,49
2020-12-04,Sierra,091,2930,19,17,0,17,0
2020-12-04,Siskiyou,093,43540,786,639,52,691,2
2020-12-04,Solano,095,438530,12438,11037,97,11134,87
2020-12-04,Sonoma,097,501317,14270,12962,84,13046,164
2020-12-04,Stanislaus,099,539301,25559,23206,1766,24972,448
2020-12-04,Sutter,101,95872,4515,3791,12,3803,20
2020-12-04,Tehama,103,63373,2140,1876,100,1976,9
2020-12-04,Trinity,105,12862,325,172,36,208,0
2020-12-04,Tulare,107,460477,24757,22273,2006,24279,322
2020-12-04,Tuolumne,109,53932,1397,1134,10,1144,7
2020-12-04,Ventura,111,848112,25182,22024,773,22797,189
2020-12-04,Yolo,113,214977,5965,5294,20,5314,87
2020-12-04,Yuba,115,75493,2583,2225,17,2242,10
2020-12-03,Alameda,001,1643700,35109,31184,439,31623,465
2020-12-03,Alpine,003,1148,57,53,0,53,0
2020-12-03,Amador,005,37829,1132,653,3,656,16
2020-12-03,Butte,007,227075,4869,4305,323,4628,65
2020-12-03,Calaveras,009,45235,634,572,0,572,21
2020-12-03,Colusa,011,21464,918,774,17,791,6
2020-12-03,Contra Costa,013,1133247,28067,25464,207,25671,265
2020-12-03,Del Norte,015,27424,471,388,0,388,2
2020-12-03,El Dorado,017,186661,3629,2740,71,2811,6
2020-12-03,Fresno,019,978130,47700,39680,1944,41624,516
2020-12-03,Glenn,021,27897,1146,997,74,1071,8
2020-12-03,Humboldt,023,135768,1139,923,4,927,9
2020-12-03,Imperial,025,180216,18050,16436,161,16597,359
2020-12-03,Inyo,027,18085,364,321,6,327,15
2020-12-03,Kern,029,883053,46435,42062,1959,44021,483
2020-12-03,Kings,031,150075,12916,11658,258,11916,87
2020-12-03,Lake,033,64148,1197,991,0,991,20
2020-12-03,Lassen,035,31185,2753,2128,9,2137,0
2020-12-03,Los Angeles,037,10098052,463033,415805,7967,423772,7787
2020-12-03,Madera,039,155013,7417,6398,205,6603,58
2020-12-03,Marin,041,260295,8202,7861,41,7902,136
2020-12-03,Mariposa,043,17540,166,132,2,134,2
2020-12-03,Mendocino,045,87422,1743,1547,10,1557,23
2020-12-03,Merced,047,269075,13511,12310,159,12469,177
2020-12-03,Modoc,049,8938,149,114,27,141,0
2020-12-03,Mono,051,14174,627,527,11,538,3
2020-12-03,Monterey,053,433212,18215,16218,343,16561,125
2020-12-03,Napa,055,140530,3917,3360,19,3379,19
2020-12-03,Nevada,057,99092,1873,1472,47,1519,10
2020-12-03,Orange,059,3164182,94405,82187,2912,85099,1591
2020-12-03,Placer,061,380077,9279,7270,209,7479,73
2020-12-03,Plumas,063,18699,285,223,0,223,0
2020-12-03,Riverside,065,2383286,110061,92489,2869,95358,1461
2020-12-03,Sacramento,067,1510023,44749,40280,185,40465,614
2020-12-03,San Benito,069,59416,2235,1967,15,1982,16
2020-12-03,San Bernardino,071,2135413,118932,100787,2394,103181,1283
2020-12-03,San Diego,073,3302833,97076,86144,3863,90007,1040
2020-12-03,San Francisco,075,870044,17447,16236,125,16361,161
2020-12-03,San Joaquin,077,732212,30841,27239,650,27889,522
2020-12-03,San Luis Obispo,079,281455,7312,6388,120,6508,42
2020-12-03,San Mateo,081,765935,16876,14909,19,14928,173
2020-12-03,Santa Barbara,083,443738,12687,11829,243,12072,141
2020-12-03,Santa Clara,085,1922200,43810,36621,116,36737,465
2020-12-03,Santa Cruz,087,273765,5681,4850,83,4933,28
2020-12-03,Shasta,089,179085,6355,5330,322,5652,48
2020-12-03,Sierra,091,2930,19,17,0,17,0
2020-12-03,Siskiyou,093,43540,771,629,49,678,2
2020-12-03,Solano,095,438530,12223,10857,93,10950,87
2020-12-03,Sonoma,097,501317,14029,12772,83,12855,164
2020-12-03,Stanislaus,099,539301,25139,22821,1719,24540,447
2020-12-03,Sutter,101,95872,4431,3727,12,3739,20
2020-12-03,Tehama,103,63373,2088,1832,93,1925,9
2020-12-03,Trinity,105,12862,322,166,36,202,0
2020-12-03,Tulare,107,460477,24354,21993,1914,23907,321
2020-12-03,Tuolumne,109,53932,1355,1105,10,1115,7
2020-12-03,Ventura,111,848112,24479,21555,760,22315,187
2020-12-03,Yolo,113,214977,5827,5069,20,5089,87
2020-12-03,Yuba,115,75493,2512,2182,16,2198,10
2020-12-02,Alameda,001,1643700,34481,30697,429,31126,463
2020-12-02,Alpine,003,1148,56,52,0,52,0
2020-12-02,Amador,005,37829,1060,585,3,588,16
2020-12-02,Butte,007,227075,4747,4243,312,4555,65
2020-12-02,Calaveras,009,45235,618,553,0,553,21
2020-12-02,Colusa,011,21464,902,756,15,771,6
2020-12-02,Contra Costa,013,1133247,27602,25147,195,25342,264
2020-12-02,Del Norte,015,27424,455,384,0,384,2
2020-12-02,El Dorado,017,186661,3528,2638,66,2704,5
2020-12-02,Fresno,019,978130,46944,39324,1846,41170,507
2020-12-02,Glenn,021,27897,1129,995,66,1061,7
2020-12-02,Humboldt,023,135768,1113,899,4,903,9
2020-12-02,Imperial,025,180216,17628,16360,154,16514,356
2020-12-02,Inyo,027,18085,357,314,6,320,15
2020-12-02,Kern,029,883053,45537,41660,1864,43524,479
2020-12-02,Kings,031,150075,12563,11531,244,11775,86
2020-12-02,Lake,033,64148,1167,971,0,971,20
2020-12-02,Lassen,035,31185,2694,2115,9,2124,0
2020-12-02,Los Angeles,037,10098052,452981,408289,7645,415934,7739
2020-12-02,Madera,039,155013,7292,6370,199,6569,57
2020-12-02,Marin,041,260295,8153,7819,39,7858,136
2020-12-02,Mariposa,043,17540,163,131,2,133,2
2020-12-02,Mendocino,045,87422,1710,1524,10,1534,23
2020-12-02,Merced,047,269075,13268,12168,151,12319,173
2020-12-02,Modoc,049,8938,146,113,27,140,0
2020-12-02,Mono,051,14174,618,520,11,531,3
2020-12-02,Monterey,053,433212,17735,16064,304,16368,121
2020-12-02,Napa,055,140530,3814,3298,18,3316,19
2020-12-02,Nevada,057,99092,1811,1430,46,1476,9
2020-12-02,Orange,059,3164182,92206,81046,2833,83879,1569
2020-12-02,Placer,061,380077,9045,6941,196,7137,73
2020-12-02,Plumas,063,18699,272,218,0,218,0
2020-12-02,Riverside,065,2383286,107343,90089,2690,92779,1451
2020-12-02,Sacramento,067,1510023,43709,39334,174,39508,597
2020-12-02,San Benito,069,59416,2170,1921,15,1936,16
2020-12-02,San Bernardino,071,2135413,115361,98567,2289,100856,1240
2020-12-02,San Diego,073,3302833,95160,84640,3748,88388,1035
2020-12-02,San Francisco,075,870044,17209,16058,123,16181,157
2020-12-02,San Joaquin,077,732212,30224,26740,627,27367,519
2020-12-02,San Luis Obispo,079,281455,7213,6324,118,6442,42
2020-12-02,San Mateo,081,765935,16513,14757,18,14775,170
2020-12-02,Santa Barbara,083,443738,12536,11705,231,11936,140
2020-12-02,Santa Clara,085,1922200,42687,35878,116,35994,458
2020-12-02,Santa Cruz,087,273765,5549,4766,80,4846,27
2020-12-02,Shasta,089,179085,6231,5188,305,5493,47
2020-12-02,Sierra,091,2930,19,17,0,17,0
2020-12-02,Siskiyou,093,43540,755,624,47,671,1
2020-12-02,Solano,095,438530,11976,10701,89,10790,87
2020-12-02,Sonoma,097,501317,13789,12635,82,12717,163
2020-12-02,Stanislaus,099,539301,24636,22615,1663,24278,448
2020-12-02,Sutter,101,95872,4272,3604,12,3616,18
2020-12-02,Tehama,103,63373,2044,1800,78,1878,9
2020-12-02,Trinity,105,12862,313,165,35,200,0
2020-12-02,Tulare,107,460477,23971,21789,1836,23625,321
2020-12-02,Tuolumne,109,53932,1314,1076,10,1086,7
2020-12-02,Ventura,111,848112,24066,21208,742,21950,186
2020-12-02,Yolo,113,214977,5719,5053,19,5072,87
2020-12-02,Yuba,115,75493,2434,2119,15,2134,10
2020-12-01,Alameda,001,1643700,33789,30252,419,30671,460
2020-12-01,Alpine,003,1148,56,41,0,41,0
2020-12-01,Amador,005,37829,913,575,2,577,16
2020-12-01,Butte,007,227075,4642,4177,296,4473,65
2020-12-01,Calaveras,009,45235,600,544,0,544,21
2020-12-01,Colusa,011,21464,885,747,15,762,6
2020-12-01,Contra Costa,013,1133247,27030,24788,187,24975,264
2020-12-01,Del Norte,015,27424,427,357,0,357,2
2020-12-01,El Dorado,017,186661,3384,2542,61,2603,4
2020-12-01,Fresno,019,978130,46042,39004,1770,40774,505
2020-12-01,Glenn,021,27897,1108,989,62,1051,7
2020-12-01,Humboldt,023,135768,1083,886,4,890,9
2020-12-01,Imperial,025,180216,17314,16278,151,16429,356
2020-12-01,Inyo,027,18085,351,304,6,310,15
2020-12-01,Kern,029,883053,44735,41345,1737,43082,478
2020-12-01,Kings,031,150075,12248,11415,230,11645,86
2020-12-01,Lake,033,64148,1145,969,0,969,19
2020-12-01,Lassen,035,31185,2528,2047,8,2055,0
2020-12-01,Los Angeles,037,10098052,442603,403266,7335,410601,7704
2020-12-01,Madera,039,155013,7172,6270,189,6459,57
2020-12-01,Marin,041,260295,8082,7787,38,7825,136
2020-12-01,Mariposa,043,17540,158,128,2,130,2
2020-12-01,Mendocino,045,87422,1676,1497,10,1507,23
2020-12-01,Merced,047,269075,13028,12032,142,12174,172
2020-12-01,Modoc,049,8938,141,113,23,136,0
2020-12-01,Mono,051,14174,605,520,11,531,3
2020-12-01,Monterey,053,433212,17227,15835,293,16128,121
2020-12-01,Napa,055,140530,3730,3124,17,3141,19
2020-12-01,Nevada,057,99092,1749,1411,45,1456,9
2020-12-01,Orange,059,3164182,90102,79468,2744,82212,1567
2020-12-01,Placer,061,380077,8720,6794,189,6983,72
2020-12-01,Plumas,063,18699,260,201,0,201,0
2020-12-01,Riverside,065,2383286,104533,88530,2530,91060,1448
2020-12-01,Sacramento,067,1510023,42662,38966,171,39137,589
2020-12-01,San Benito,069,59416,2115,1888,15,1903,15
2020-12-01,San Bernardino,071,2135413,111892,95854,2167,98021,1220
2020-12-01,San Diego,073,3302833,92903,83423,3638,87061,1019
2020-12-01,San Francisco,075,870044,16927,15797,120,15917,157
2020-12-01,San Joaquin,077,732212,29423,26432,605,27037,514
2020-12-01,San Luis Obispo,079,281455,7071,6264,113,6377,40
2020-12-01,San Mateo,081,765935,16188,14495,18,14513,170
2020-12-01,Santa Barbara,083,443738,12397,11611,221,11832,140
2020-12-01,Santa Clara,085,1922200,41431,35397,110,35507,452
2020-12-01,Santa Cruz,087,273765,5391,4638,72,4710,27
2020-12-01,Shasta,089,179085,6106,5077,286,5363,47
2020-12-01,Sierra,091,2930,19,17,0,17,0
2020-12-01,Siskiyou,093,43540,741,608,43,651,1
2020-12-01,Solano,095,438530,11715,10604,84,10688,87
2020-12-01,Sonoma,097,501317,13585,12491,79,12570,163
2020-12-01,Stanislaus,099,539301,24175,22351,1605,23956,447
2020-12-01,Sutter,101,95872,4130,3538,12,3550,17
2020-12-01,Tehama,103,63373,1978,1773,68,1841,9
2020-12-01,Trinity,105,12862,299,165,29,194,0
2020-12-01,Tulare,107,460477,23515,21645,1768,23413,319
2020-12-01,Tuolumne,109,53932,1278,1052,8,1060,7
2020-12-01,Ventura,111,848112,23452,20604,720,21324,186
2020-12-01,Yolo,113,214977,5580,4928,19,4947,86
2020-12-01,Yuba,115,75493,2370,2088,14,2102,10
2020-11-30,Alameda,001,1643700,32969,29972,402,30374,457
2020-11-30,Alpine,003,1148,54,41,0,41,0
2020-11-30,Amador,005,37829,872,559,2,561,16
2020-11-30,Butte,007,227075,4524,4148,280,4428,65
2020-11-30,Calaveras,009,45235,579,478,0,478,21
2020-11-30,Colusa,011,21464,858,737,12,749,6
2020-11-30,Contra Costa,013,1133247,26446,24365,183,24548,264
2020-11-30,Del Norte,015,27424,401,339,0,339,2
2020-11-30,El Dorado,017,186661,3210,2488,55,2543,4
2020-11-30,Fresno,019,978130,44930,38712,1660,40372,500
2020-11-30,Glenn,021,27897,1085,954,57,1011,5
2020-11-30,Humboldt,023,135768,1036,870,4,874,9
2020-11-30,Imperial,025,180216,17057,16212,130,16342,356
2020-11-30,Inyo,027,18085,345,304,5,309,15
2020-11-30,Kern,029,883053,43975,40941,1605,42546,473
2020-11-30,Kings,031,150075,12100,11346,215,11561,85
2020-11-30,Lake,033,64148,1111,939,0,939,18
2020-11-30,Lassen,035,31185,2436,1793,8,1801,0
2020-11-30,Los Angeles,037,10098052,431925,396202,7011,403213,7658
2020-11-30,Madera,039,155013,7007,6210,175,6385,57
2020-11-30,Marin,041,260295,8037,7764,37,7801,136
2020-11-30,Mariposa,043,17540,151,123,2,125,2
2020-11-30,Mendocino,045,87422,1648,1482,10,1492,23
2020-11-30,Merced,047,269075,12753,11913,131,12044,172
2020-11-30,Modoc,049,8938,131,113,23,136,0
2020-11-30,Mono,051,14174,583,519,11,530,3
2020-11-30,Monterey,053,433212,16797,15837,285,16122,119
2020-11-30,Napa,055,140530,3631,3091,17,3108,18
2020-11-30,Nevada,057,99092,1663,1347,42,1389,9
2020-11-30,Orange,059,3164182,87986,78711,2648,81359,1568
2020-11-30,Placer,061,380077,8423,6575,176,6751,72
2020-11-30,Plumas,063,18699,249,192,0,192,0
2020-11-30,Riverside,065,2383286,101542,87722,2385,90107,1446
2020-11-30,Sacramento,067,1510023,41580,37834,162,37996,586
2020-11-30,San Benito,069,59416,2068,1875,14,1889,15
2020-11-30,San Bernardino,071,2135413,108161,92704,2055,94759,1220
2020-11-30,San Diego,073,3302833,90540,82045,3511,85556,997
2020-11-30,San Francisco,075,870044,16629,15638,116,15754,157
2020-11-30,San Joaquin,077,732212,28718,25742,579,26321,509
2020-11-30,San Luis Obispo,079,281455,6937,6224,111,6335,36
2020-11-30,San Mateo,081,765935,15829,14276,18,14294,170
2020-11-30,Santa Barbara,083,443738,12218,11572,213,11785,140
2020-11-30,Santa Clara,085,1922200,40217,35019,109,35128,451
2020-11-30,Santa Cruz,087,273765,5252,4558,69,4627,26
2020-11-30,Shasta,089,179085,5961,4933,258,5191,44
2020-11-30,Sierra,091,2930,19,16,0,16,0
2020-11-30,Siskiyou,093,43540,732,605,39,644,1
2020-11-30,Solano,095,438530,11452,10392,79,10471,87
2020-11-30,Sonoma,097,501317,13339,12232,75,12307,163
2020-11-30,Stanislaus,099,539301,23712,22110,1563,23673,446
2020-11-30,Sutter,101,95872,3974,3430,12,3442,16
2020-11-30,Tehama,103,63373,1929,1724,61,1785,9
2020-11-30,Trinity,105,12862,292,162,29,191,0
2020-11-30,Tulare,107,460477,23126,20833,1675,22508,319
2020-11-30,Tuolumne,109,53932,1234,1027,8,1035,7
2020-11-30,Ventura,111,848112,22698,20308,704,21012,180
2020-11-30,Yolo,113,214977,5463,4894,19,4913,81
2020-11-30,Yuba,115,75493,2311,2028,12,2040,10
2020-11-29,Alameda,001,1643700,32180,29918,380,30298,457
2020-11-29,Alpine,003,1148,51,41,0,41,0
2020-11-29,Amador,005,37829,721,548,2,550,16
2020-11-29,Butte,007,227075,4424,4008,264,4272,65
2020-11-29,Calaveras,009,45235,548,478,0,478,21
2020-11-29,Colusa,011,21464,829,723,8,731,6
2020-11-29,Contra Costa,013,1133247,25939,24165,177,24342,264
2020-11-29,Del Norte,015,27424,395,339,0,339,2
2020-11-29,El Dorado,017,186661,3079,2447,53,2500,4
2020-11-29,Fresno,019,978130,43977,38568,1588,40156,500
2020-11-29,Glenn,021,27897,1062,951,55,1006,4
2020-11-29,Humboldt,023,135768,1007,856,4,860,9
2020-11-29,Imperial,025,180216,16823,16138,105,16243,356
2020-11-29,Inyo,027,18085,328,289,5,294,15
2020-11-29,Kern,029,883053,43212,40596,1457,42053,473
2020-11-29,Kings,031,150075,11949,11247,197,11444,85
2020-11-29,Lake,033,64148,1087,927,0,927,18
2020-11-29,Lassen,035,31185,2333,1793,8,1801,0
2020-11-29,Los Angeles,037,10098052,421515,391162,6721,397883,7642
2020-11-29,Madera,039,155013,6864,6184,169,6353,57
2020-11-29,Marin,041,260295,7971,7739,34,7773,135
2020-11-29,Mariposa,043,17540,147,123,2,125,2
2020-11-29,Mendocino,045,87422,1614,1473,10,1483,23
2020-11-29,Merced,047,269075,12513,11773,122,11895,172
2020-11-29,Modoc,049,8938,127,105,21,126,0
2020-11-29,Mono,051,14174,560,515,10,525,3
2020-11-29,Monterey,053,433212,16484,15621,278,15899,119
2020-11-29,Napa,055,140530,3526,3090,16,3106,18
2020-11-29,Nevada,057,99092,1583,1311,40,1351,9
2020-11-29,Orange,059,3164182,85963,78057,2602,80659,1567
2020-11-29,Placer,061,380077,8125,6535,164,6699,72
2020-11-29,Plumas,063,18699,244,191,0,191,0
2020-11-29,Riverside,065,2383286,99150,87383,2233,89616,1442
2020-11-29,Sacramento,067,1510023,40502,37415,153,37568,585
2020-11-29,San Benito,069,59416,2024,1860,14,1874,15
2020-11-29,San Bernardino,071,2135413,104810,92052,1939,93991,1223
2020-11-29,San Diego,073,3302833,88129,81086,3358,84444,997
2020-11-29,San Francisco,075,870044,16347,15571,111,15682,153
2020-11-29,San Joaquin,077,732212,27969,25740,573,26313,509
2020-11-29,San Luis Obispo,079,281455,6814,6145,111,6256,36
2020-11-29,San Mateo,081,765935,15497,14177,18,14195,169
2020-11-29,Santa Barbara,083,443738,12064,11520,209,11729,140
2020-11-29,Santa Clara,085,1922200,39005,34234,103,34337,451
2020-11-29,Santa Cruz,087,273765,5092,4490,67,4557,26
2020-11-29,Shasta,089,179085,5789,4935,230,5165,43
2020-11-29,Sierra,091,2930,19,16,0,16,0
2020-11-29,Siskiyou,093,43540,709,590,37,627,1
2020-11-29,Solano,095,438530,11219,10393,75,10468,87
2020-11-29,Sonoma,097,501317,13087,12052,71,12123,163
2020-11-29,Stanislaus,099,539301,23216,21701,1529,23230,446
2020-11-29,Sutter,101,95872,3858,3297,12,3309,16
2020-11-29,Tehama,103,63373,1878,1710,47,1757,9
2020-11-29,Trinity,105,12862,289,159,27,186,0
2020-11-29,Tulare,107,460477,22757,20793,1600,22393,319
2020-11-29,Tuolumne,109,53932,1197,988,8,996,7
2020-11-29,Ventura,111,848112,22014,19952,692,20644,179
2020-11-29,Yolo,113,214977,5326,4830,18,4848,80
2020-11-29,Yuba,115,75493,2255,1959,12,1971,10
2020-11-28,Alameda,001,1643700,31870,29368,375,29743,456
2020-11-28,Alpine,003,1148,51,41,0,41,0
2020-11-28,Amador,005,37829,644,536,2,538,16
2020-11-28,Butte,007,227075,4366,3894,260,4154,65
2020-11-28,Calaveras,009,45235,542,478,0,478,21
2020-11-28,Colusa,011,21464,820,711,6,717,6
2020-11-28,Contra Costa,013,1133247,25606,23798,173,23971,264
2020-11-28,Del Norte,015,27424,385,328,0,328,2
2020-11-28,El Dorado,017,186661,3011,2415,47,2462,4
2020-11-28,Fresno,019,978130,43630,38288,1550,39838,500
2020-11-28,Glenn,021,27897,1051,925,51,976,4
2020-11-28,Humboldt,023,135768,972,844,4,848,9
2020-11-28,Imperial,025,180216,16754,16019,103,16122,356
2020-11-28,Inyo,027,18085,320,289,5,294,15
2020-11-28,Kern,029,883053,42849,40255,1369,41624,473
2020-11-28,Kings,031,150075,11884,11070,190,11260,85
2020-11-28,Lake,033,64148,1071,920,0,920,18
2020-11-28,Lassen,035,31185,2266,1714,8,1722,0
2020-11-28,Los Angeles,037,10098052,416595,386194,6564,392758,7625
2020-11-28,Madera,039,155013,6761,6119,162,6281,57
2020-11-28,Marin,041,260295,7941,7696,30,7726,135
2020-11-28,Mariposa,043,17540,144,120,2,122,2
2020-11-28,Mendocino,045,87422,1583,1458,10,1468,22
2020-11-28,Merced,047,269075,12413,11688,116,11804,172
2020-11-28,Modoc,049,8938,124,103,21,124,0
2020-11-28,Mono,051,14174,554,505,10,515,3
2020-11-28,Monterey,053,433212,16318,15328,274,15602,118
2020-11-28,Napa,055,140530,3475,3033,16,3049,18
2020-11-28,Nevada,057,99092,1554,1272,38,1310,9
2020-11-28,Orange,059,3164182,84863,76882,2555,79437,1568
2020-11-28,Placer,061,380077,7965,6497,161,6658,70
2020-11-28,Plumas,063,18699,237,188,0,188,0
2020-11-28,Riverside,065,2383286,97742,86854,2132,88986,1440
2020-11-28,Sacramento,067,1510023,39925,36905,149,37054,580
2020-11-28,San Benito,069,59416,1979,1835,14,1849,15
2020-11-28,San Bernardino,071,2135413,103409,91183,1837,93020,1224
2020-11-28,San Diego,073,3302833,86875,80020,3274,83294,997
2020-11-28,San Francisco,075,870044,16172,15450,104,15554,153
2020-11-28,San Joaquin,077,732212,27768,25742,558,26300,509
2020-11-28,San Luis Obispo,079,281455,6744,6106,107,6213,36
2020-11-28,San Mateo,081,765935,15307,14040,18,14058,169
2020-11-28,Santa Barbara,083,443738,11962,11481,204,11685,140
2020-11-28,Santa Clara,085,1922200,38254,33701,101,33802,449
2020-11-28,Santa Cruz,087,273765,5016,4426,67,4493,26
2020-11-28,Shasta,089,179085,5712,4882,223,5105,43
2020-11-28,Sierra,091,2930,19,16,0,16,0
2020-11-28,Siskiyou,093,43540,699,558,34,592,1
2020-11-28,Solano,095,438530,11097,10252,73,10325,87
2020-11-28,Sonoma,097,501317,12983,12008,62,12070,162
2020-11-28,Stanislaus,099,539301,22977,21574,1495,23069,446
2020-11-28,Sutter,101,95872,3774,3244,12,3256,15
2020-11-28,Tehama,103,63373,1859,1678,43,1721,9
2020-11-28,Trinity,105,12862,286,157,25,182,0
2020-11-28,Tulare,107,460477,22559,20701,1558,22259,319
2020-11-28,Tuolumne,109,53932,1175,976,8,984,7
2020-11-28,Ventura,111,848112,21716,19510,682,20192,179
2020-11-28,Yolo,113,214977,5249,4739,16,4755,80
2020-11-28,Yuba,115,75493,2200,1912,12,1924,10
2020-11-27,Alameda,001,1643700,31427,29064,365,29429,450
2020-11-27,Alpine,003,1148,51,41,0,41,0
2020-11-27,Amador,005,37829,597,498,1,499,16
2020-11-27,Butte,007,227075,4325,3894,254,4148,65
2020-11-27,Calaveras,009,45235,533,478,0,478,21
2020-11-27,Colusa,011,21464,803,694,4,698,6
2020-11-27,Contra Costa,013,1133247,25345,23463,167,23630,264
2020-11-27,Del Norte,015,27424,379,307,0,307,2
2020-11-27,El Dorado,017,186661,2940,2238,44,2282,4
2020-11-27,Fresno,019,978130,43225,37994,1494,39488,500
2020-11-27,Glenn,021,27897,1038,891,46,937,4
2020-11-27,Humboldt,023,135768,953,795,3,798,9
2020-11-27,Imperial,025,180216,16686,15960,95,16055,356
2020-11-27,Inyo,027,18085,314,289,5,294,15
2020-11-27,Kern,029,883053,42426,39707,1299,41006,473
2020-11-27,Kings,031,150075,11799,10667,172,10839,85
2020-11-27,Lake,033,64148,1035,909,0,909,18
2020-11-27,Lassen,035,31185,2254,1714,8,1722,0
2020-11-27,Los Angeles,037,10098052,410071,382740,6418,389158,7606
2020-11-27,Madera,039,155013,6689,6050,157,6207,57
2020-11-27,Marin,041,260295,7899,7660,30,7690,135
2020-11-27,Mariposa,043,17540,142,118,2,120,2
2020-11-27,Mendocino,045,87422,1569,1387,9,1396,22
2020-11-27,Merced,047,269075,12307,11550,109,11659,172
2020-11-27,Modoc,049,8938,123,100,21,121,0
2020-11-27,Mono,051,14174,550,498,10,508,3
2020-11-27,Monterey,053,433212,16150,14753,274,15027,113
2020-11-27,Napa,055,140530,3435,2988,16,3004,18
2020-11-27,Nevada,057,99092,1524,1184,36,1220,9
2020-11-27,Orange,059,3164182,83575,75151,2516,77667,1568
2020-11-27,Placer,061,380077,7806,6283,151,6434,68
2020-11-27,Plumas,063,18699,234,188,0,188,0
2020-11-27,Riverside,065,2383286,96132,85769,1980,87749,1440
2020-11-27,Sacramento,067,1510023,39304,36579,145,36724,579
2020-11-27,San Benito,069,59416,1945,1805,13,1818,15
2020-11-27,San Bernardino,071,2135413,101890,90254,1756,92010,1224
2020-11-27,San Diego,073,3302833,85681,78161,3185,81346,996
2020-11-27,San Francisco,075,870044,16016,15377,102,15479,153
2020-11-27,San Joaquin,077,732212,27544,25741,538,26279,509
2020-11-27,San Luis Obispo,079,281455,6661,6039,104,6143,36
2020-11-27,San Mateo,081,765935,15105,13872,17,13889,169
2020-11-27,Santa Barbara,083,443738,11869,11340,201,11541,140
2020-11-27,Santa Clara,085,1922200,37579,32935,94,33029,449
2020-11-27,Santa Cruz,087,273765,4945,4358,65,4423,26
2020-11-27,Shasta,089,179085,5635,4710,210,4920,43
2020-11-27,Sierra,091,2930,18,16,0,16,0
2020-11-27,Siskiyou,093,43540,684,554,31,585,1
2020-11-27,Solano,095,438530,10978,10044,70,10114,87
2020-11-27,Sonoma,097,501317,12850,11924,60,11984,162
2020-11-27,Stanislaus,099,539301,22748,21185,1466,22651,446
2020-11-27,Sutter,101,95872,3706,3101,12,3113,15
2020-11-27,Tehama,103,63373,1833,1649,39,1688,9
2020-11-27,Trinity,105,12862,282,151,25,176,0
2020-11-27,Tulare,107,460477,22369,20634,1501,22135,319
2020-11-27,Tuolumne,109,53932,1143,881,8,889,7
2020-11-27,Ventura,111,848112,21392,19379,660,20039,179
2020-11-27,Yolo,113,214977,5198,4737,16,4753,79
2020-11-27,Yuba,115,75493,2171,1864,11,1875,10
2020-11-26,Alameda,001,1643700,31012,28797,347,29144,447
2020-11-26,Alpine,003,1148,51,41,0,41,0
2020-11-26,Amador,005,37829,589,488,1,489,16
2020-11-26,Butte,007,227075,4262,3894,248,4142,65
2020-11-26,Calaveras,009,45235,506,478,0,478,21
2020-11-26,Colusa,011,21464,789,694,4,698,6
2020-11-26,Contra Costa,013,1133247,25012,23468,161,23629,264
2020-11-26,Del Norte,015,27424,368,307,0,307,2
2020-11-26,El Dorado,017,186661,2859,2217,42,2259,4
2020-11-26,Fresno,019,978130,42820,37724,1449,39173,500
2020-11-26,Glenn,021,27897,1022,892,44,936,4
2020-11-26,Humboldt,023,135768,930,795,2,797,9
2020-11-26,Imperial,025,180216,16571,15722,92,15814,355
2020-11-26,Inyo,027,18085,312,289,5,294,15
2020-11-26,Kern,029,883053,41976,39123,1239,40362,471
2020-11-26,Kings,031,150075,11744,10475,160,10635,85
2020-11-26,Lake,033,64148,1022,890,0,890,18
2020-11-26,Lassen,035,31185,2239,1714,8,1722,0
2020-11-26,Los Angeles,037,10098052,404907,378340,6186,384526,7581
2020-11-26,Madera,039,155013,6610,6003,152,6155,57
2020-11-26,Marin,041,260295,7861,7610,30,7640,135
2020-11-26,Mariposa,043,17540,137,116,2,118,2
2020-11-26,Mendocino,045,87422,1555,1387,7,1394,22
2020-11-26,Merced,047,269075,12159,11440,107,11547,172
2020-11-26,Modoc,049,8938,121,100,21,121,0
2020-11-26,Mono,051,14174,542,485,10,495,2
2020-11-26,Monterey,053,433212,15914,14750,266,15016,113
2020-11-26,Napa,055,140530,3371,2988,16,3004,18
2020-11-26,Nevada,057,99092,1479,1184,36,1220,9
2020-11-26,Orange,059,3164182,82187,74264,2456,76720,1563
2020-11-26,Placer,061,380077,7642,6278,142,6420,68
2020-11-26,Plumas,063,18699,226,188,0,188,0
2020-11-26,Riverside,065,2383286,94530,85774,1856,87630,1440
2020-11-26,Sacramento,067,1510023,38661,35854,137,35991,580
2020-11-26,San Benito,069,59416,1918,1769,13,1782,15
2020-11-26,San Bernardino,071,2135413,100237,89727,1663,91390,1223
2020-11-26,San Diego,073,3302833,84071,76359,3081,79440,996
2020-11-26,San Francisco,075,870044,15881,15156,98,15254,153
2020-11-26,San Joaquin,077,732212,27288,25738,526,26264,509
2020-11-26,San Luis Obispo,079,281455,6568,5964,101,6065,36
2020-11-26,San Mateo,081,765935,14916,13715,16,13731,169
2020-11-26,Santa Barbara,083,443738,11788,11277,200,11477,139
2020-11-26,Santa Clara,085,1922200,36933,32411,87,32498,446
2020-11-26,Santa Cruz,087,273765,4812,4269,59,4328,26
2020-11-26,Shasta,089,179085,5552,4712,198,4910,43
2020-11-26,Sierra,091,2930,18,15,0,15,0
2020-11-26,Siskiyou,093,43540,674,526,31,557,1
2020-11-26,Solano,095,438530,10833,9941,68,10009,87
2020-11-26,Sonoma,097,501317,12702,11922,58,11980,162
2020-11-26,Stanislaus,099,539301,22516,21186,1426,22612,445
2020-11-26,Sutter,101,95872,3612,3101,11,3112,15
2020-11-26,Tehama,103,63373,1793,1612,36,1648,9
2020-11-26,Trinity,105,12862,278,139,25,164,0
2020-11-26,Tulare,107,460477,22129,20649,1440,22089,319
2020-11-26,Tuolumne,109,53932,1115,871,8,879,7
2020-11-26,Ventura,111,848112,20895,19058,646,19704,179
2020-11-26,Yolo,113,214977,5111,4566,16,4582,76
2020-11-26,Yuba,115,75493,2111,1865,9,1874,10
2020-11-25,Alameda,001,1643700,30797,28378,339,28717,447
2020-11-25,Alpine,003,1148,51,41,0,41,0
2020-11-25,Amador,005,37829,579,484,1,485,16
2020-11-25,Butte,007,227075,4231,3848,245,4093,64
2020-11-25,Calaveras,009,45235,503,475,0,475,21
2020-11-25,Colusa,011,21464,772,693,4,697,6
2020-11-25,Contra Costa,013,1133247,24856,23307,160,23467,263
2020-11-25,Del Norte,015,27424,367,304,0,304,2
2020-11-25,El Dorado,017,186661,2823,2154,42,2196,4
2020-11-25,Fresno,019,978130,42587,37349,1427,38776,494
2020-11-25,Glenn,021,27897,1005,891,42,933,4
2020-11-25,Humboldt,023,135768,922,777,2,779,9
2020-11-25,Imperial,025,180216,16499,15640,91,15731,355
2020-11-25,Inyo,027,18085,310,289,5,294,15
2020-11-25,Kern,029,883053,41820,38878,1222,40100,467
2020-11-25,Kings,031,150075,11709,10417,156,10573,85
2020-11-25,Lake,033,64148,1005,878,0,878,18
2020-11-25,Lassen,035,31185,2196,1701,8,1709,0
2020-11-25,Los Angeles,037,10098052,401878,373919,6085,380004,7545
2020-11-25,Madera,039,155013,6587,5989,149,6138,57
2020-11-25,Marin,041,260295,7832,7601,29,7630,135
2020-11-25,Mariposa,043,17540,136,114,2,116,2
2020-11-25,Mendocino,045,87422,1536,1373,7,1380,22
2020-11-25,Merced,047,269075,12101,11346,107,11453,172
2020-11-25,Modoc,049,8938,121,96,21,117,0
2020-11-25,Mono,051,14174,537,487,10,497,2
2020-11-25,Monterey,053,433212,15799,14695,264,14959,113
2020-11-25,Napa,055,140530,3338,2945,16,2961,17
2020-11-25,Nevada,057,99092,1461,1170,34,1204,9
2020-11-25,Orange,059,3164182,81431,73014,2436,75450,1551
2020-11-25,Placer,061,380077,7566,6221,141,6362,68
2020-11-25,Plumas,063,18699,221,183,0,183,0
2020-11-25,Riverside,065,2383286,93985,85077,1838,86915,1438
2020-11-25,Sacramento,067,1510023,38325,35687,134,35821,574
2020-11-25,San Benito,069,59416,1895,1764,13,1777,15
2020-11-25,San Bernardino,071,2135413,99395,88469,1634,90103,1225
2020-11-25,San Diego,073,3302833,83414,75307,3045,78352,988
2020-11-25,San Francisco,075,870044,15774,15053,96,15149,153
2020-11-25,San Joaquin,077,732212,27160,25556,514,26070,515
2020-11-25,San Luis Obispo,079,281455,6525,5913,101,6014,34
2020-11-25,San Mateo,081,765935,14801,13614,16,13630,170
2020-11-25,Santa Barbara,083,443738,11738,11183,200,11383,138
2020-11-25,Santa Clara,085,1922200,36484,32032,86,32118,442
2020-11-25,Santa Cruz,087,273765,4759,4202,58,4260,25
2020-11-25,Shasta,089,179085,5506,4588,191,4779,43
2020-11-25,Sierra,091,2930,18,15,0,15,0
2020-11-25,Siskiyou,093,43540,667,499,31,530,1
2020-11-25,Solano,095,438530,10728,9832,67,9899,87
2020-11-25,Sonoma,097,501317,12640,11775,57,11832,162
2020-11-25,Stanislaus,099,539301,22384,21022,1399,22421,445
2020-11-25,Sutter,101,95872,3568,3064,11,3075,14
2020-11-25,Tehama,103,63373,1780,1587,30,1617,9
2020-11-25,Trinity,105,12862,276,135,25,160,0
2020-11-25,Tulare,107,460477,22038,20528,1410,21938,318
2020-11-25,Tuolumne,109,53932,1098,842,8,850,7
2020-11-25,Ventura,111,848112,20800,18914,640,19554,179
2020-11-25,Yolo,113,214977,5074,4527,16,4543,76
2020-11-25,Yuba,115,75493,2085,1840,9,1849,10
2020-11-24,Alameda,001,1643700,30321,28030,328,28358,444
2020-11-24,Alpine,003,1148,51,41,0,41,0
2020-11-24,Amador,005,37829,554,470,1,471,16
2020-11-24,Butte,007,227075,4145,3798,237,4035,63
2020-11-24,Calaveras,009,45235,497,466,0,466,21
2020-11-24,Colusa,011,21464,754,682,4,686,6
2020-11-24,Contra Costa,013,1133247,24503,23072,154,23226,259
2020-11-24,Del Norte,015,27424,358,298,0,298,2
2020-11-24,El Dorado,017,186661,2718,2005,41,2046,4
2020-11-24,Fresno,019,978130,42184,37021,1352,38373,493
2020-11-24,Glenn,021,27897,987,883,38,921,4
2020-11-24,Humboldt,023,135768,903,774,2,776,9
2020-11-24,Imperial,025,180216,16395,15600,86,15686,355
2020-11-24,Inyo,027,18085,309,282,5,287,15
2020-11-24,Kern,029,883053,41346,38551,1146,39697,465
2020-11-24,Kings,031,150075,11442,10338,143,10481,85
2020-11-24,Lake,033,64148,988,872,0,872,18
2020-11-24,Lassen,035,31185,2173,1657,8,1665,0
2020-11-24,Los Angeles,037,10098052,395568,370008,5854,375862,7501
2020-11-24,Madera,039,155013,6504,5881,142,6023,57
2020-11-24,Marin,041,260295,7785,7591,29,7620,135
2020-11-24,Mariposa,043,17540,126,114,1,115,2
2020-11-24,Mendocino,045,87422,1514,1346,6,1352,22
2020-11-24,Merced,047,269075,11913,11268,101,11369,171
2020-11-24,Modoc,049,8938,117,91,21,112,0
2020-11-24,Mono,051,14174,533,483,10,493,2
2020-11-24,Monterey,053,433212,15537,14354,255,14609,113
2020-11-24,Napa,055,140530,3271,2904,16,2920,17
2020-11-24,Nevada,057,99092,1397,1156,32,1188,9
2020-11-24,Orange,059,3164182,79990,71975,2359,74334,1547
2020-11-24,Placer,061,380077,7386,6147,134,6281,67
2020-11-24,Plumas,063,18699,218,180,0,180,0
2020-11-24,Riverside,065,2383286,92226,83685,1712,85397,1420
2020-11-24,Sacramento,067,1510023,37645,35097,127,35224,568
2020-11-24,San Benito,069,59416,1864,1740,12,1752,15
2020-11-24,San Bernardino,071,2135413,97055,86645,1533,88178,1226
2020-11-24,San Diego,073,3302833,82004,74363,2974,77337,984
2020-11-24,San Francisco,075,870044,15579,14874,92,14966,153
2020-11-24,San Joaquin,077,732212,26847,25318,487,25805,517
2020-11-24,San Luis Obispo,079,281455,6462,5805,100,5905,34
2020-11-24,San Mateo,081,765935,14592,13558,15,13573,170
2020-11-24,Santa Barbara,083,443738,11632,11154,199,11353,138
2020-11-24,Santa Clara,085,1922200,35696,31564,82,31646,438
2020-11-24,Santa Cruz,087,273765,4646,4132,57,4189,25
2020-11-24,Shasta,089,179085,5406,4410,172,4582,43
2020-11-24,Sierra,091,2930,18,15,0,15,0
2020-11-24,Siskiyou,093,43540,649,473,28,501,1
2020-11-24,Solano,095,438530,10556,9716,66,9782,86
2020-11-24,Sonoma,097,501317,12461,11644,54,11698,162
2020-11-24,Stanislaus,099,539301,22142,20830,1356,22186,438
2020-11-24,Sutter,101,95872,3462,2974,11,2985,14
2020-11-24,Tehama,103,63373,1736,1565,25,1590,9
2020-11-24,Trinity,105,12862,269,129,24,153,0
2020-11-24,Tulare,107,460477,21788,20319,1349,21668,315
2020-11-24,Tuolumne,109,53932,1069,832,8,840,7
2020-11-24,Ventura,111,848112,20419,18637,630,19267,179
2020-11-24,Yolo,113,214977,4988,4420,16,4436,76
2020-11-24,Yuba,115,75493,2034,1804,7,1811,10
2020-11-23,Alameda,001,1643700,29904,27718,316,28034,444
2020-11-23,Alpine,003,1148,49,41,0,41,0
2020-11-23,Amador,005,37829,513,457,1,458,16
2020-11-23,Butte,007,227075,4081,3765,231,3996,61
2020-11-23,Calaveras,009,45235,481,434,0,434,21
2020-11-23,Colusa,011,21464,740,662,4,666,6
2020-11-23,Contra Costa,013,1133247,24235,22674,149,22823,260
2020-11-23,Del Norte,015,27424,336,296,0,296,2
2020-11-23,El Dorado,017,186661,2598,2005,40,2045,4
2020-11-23,Fresno,019,978130,41736,36688,1291,37979,488
2020-11-23,Glenn,021,27897,961,853,38,891,4
2020-11-23,Humboldt,023,135768,890,746,2,748,9
2020-11-23,Imperial,025,180216,16232,15104,81,15185,355
2020-11-23,Inyo,027,18085,302,279,5,284,15
2020-11-23,Kern,029,883053,40833,38245,1083,39328,463
2020-11-23,Kings,031,150075,11022,10204,137,10341,85
2020-11-23,Lake,033,64148,965,840,0,840,18
2020-11-23,Lassen,035,31185,2093,1271,7,1278,0
2020-11-23,Los Angeles,037,10098052,389464,366374,5609,371983,7447
2020-11-23,Madera,039,155013,6379,5787,138,5925,56
2020-11-23,Marin,041,260295,7742,7543,29,7572,135
2020-11-23,Mariposa,043,17540,125,97,1,98,2
2020-11-23,Mendocino,045,87422,1484,1330,6,1336,22
2020-11-23,Merced,047,269075,11725,11148,98,11246,169
2020-11-23,Modoc,049,8938,104,91,20,111,0
2020-11-23,Mono,051,14174,520,480,10,490,2
2020-11-23,Monterey,053,433212,15258,14265,249,14514,112
2020-11-23,Napa,055,140530,3204,2811,16,2827,17
2020-11-23,Nevada,057,99092,1308,1087,32,1119,9
2020-11-23,Orange,059,3164182,78585,71074,2315,73389,1546
2020-11-23,Placer,061,380077,7184,5999,133,6132,66
2020-11-23,Plumas,063,18699,214,172,0,172,0
2020-11-23,Riverside,065,2383286,90449,82175,1648,83823,1415
2020-11-23,Sacramento,067,1510023,37074,34141,121,34262,556
2020-11-23,San Benito,069,59416,1836,1729,11,1740,15
2020-11-23,San Bernardino,071,2135413,94947,84387,1469,85856,1224
2020-11-23,San Diego,073,3302833,80541,72817,2886,75703,968
2020-11-23,San Francisco,075,870044,15421,14646,90,14736,153
2020-11-23,San Joaquin,077,732212,26497,24622,483,25105,517
2020-11-23,San Luis Obispo,079,281455,6380,5772,98,5870,34
2020-11-23,San Mateo,081,765935,14402,13364,15,13379,170
2020-11-23,Santa Barbara,083,443738,11525,10944,195,11139,137
2020-11-23,Santa Clara,085,1922200,35042,31064,79,31143,435
2020-11-23,Santa Cruz,087,273765,4536,4003,53,4056,25
2020-11-23,Shasta,089,179085,5288,4100,160,4260,43
2020-11-23,Sierra,091,2930,17,15,0,15,0
2020-11-23,Siskiyou,093,43540,622,460,28,488,0
2020-11-23,Solano,095,438530,10399,9394,63,9457,86
2020-11-23,Sonoma,097,501317,12288,11507,50,11557,160
2020-11-23,Stanislaus,099,539301,21848,20487,1324,21811,436
2020-11-23,Sutter,101,95872,3325,2840,10,2850,14
2020-11-23,Tehama,103,63373,1687,1526,21,1547,9
2020-11-23,Trinity,105,12862,260,120,22,142,0
2020-11-23,Tulare,107,460477,21495,19818,1284,21102,315
2020-11-23,Tuolumne,109,53932,1029,774,8,782,7
2020-11-23,Ventura,111,848112,20044,18480,617,19097,179
2020-11-23,Yolo,113,214977,4907,4265,15,4280,75
2020-11-23,Yuba,115,75493,1967,1702,7,1709,10
2020-11-22,Alameda,001,1643700,29466,27472,305,27777,444
2020-11-22,Alpine,003,1148,46,41,0,41,0
2020-11-22,Amador,005,37829,501,450,1,451,16
2020-11-22,Butte,007,227075,4031,3712,223,3935,61
2020-11-22,Calaveras,009,45235,473,434,0,434,21
2020-11-22,Colusa,011,21464,722,642,3,645,6
2020-11-22,Contra Costa,013,1133247,23930,22407,144,22551,260
2020-11-22,Del Norte,015,27424,312,271,0,271,2
2020-11-22,El Dorado,017,186661,2488,1917,36,1953,4
2020-11-22,Fresno,019,978130,41252,36315,1236,37551,488
2020-11-22,Glenn,021,27897,939,832,34,866,4
2020-11-22,Humboldt,023,135768,874,729,2,731,9
2020-11-22,Imperial,025,180216,16028,15109,36,15145,355
2020-11-22,Inyo,027,18085,295,279,5,284,15
2020-11-22,Kern,029,883053,40254,37904,1050,38954,463
2020-11-22,Kings,031,150075,10923,10035,128,10163,85
2020-11-22,Lake,033,64148,943,834,0,834,18
2020-11-22,Lassen,035,31185,1928,1211,6,1217,0
2020-11-22,Los Angeles,037,10098052,383181,360341,5367,365708,7438
2020-11-22,Madera,039,155013,6297,5745,127,5872,56
2020-11-22,Marin,041,260295,7708,7506,28,7534,135
2020-11-22,Mariposa,043,17540,124,95,1,96,2
2020-11-22,Mendocino,045,87422,1460,1285,5,1290,22
2020-11-22,Merced,047,269075,11576,10939,98,11037,169
2020-11-22,Modoc,049,8938,103,87,19,106,0
2020-11-22,Mono,051,14174,505,481,10,491,2
2020-11-22,Monterey,053,433212,15017,13887,244,14131,111
2020-11-22,Napa,055,140530,3125,2778,16,2794,17
2020-11-22,Nevada,057,99092,1250,1052,32,1084,9
2020-11-22,Orange,059,3164182,77170,69913,2277,72190,1546
2020-11-22,Placer,061,380077,6958,5880,123,6003,66
2020-11-22,Plumas,063,18699,201,172,0,172,0
2020-11-22,Riverside,065,2383286,88850,81565,1589,83154,1409
2020-11-22,Sacramento,067,1510023,36340,33421,108,33529,555
2020-11-22,San Benito,069,59416,1807,1704,11,1715,15
2020-11-22,San Bernardino,071,2135413,92608,83505,1399,84904,1224
2020-11-22,San Diego,073,3302833,78804,71649,2811,74460,968
2020-11-22,San Francisco,075,870044,15251,14515,89,14604,153
2020-11-22,San Joaquin,077,732212,26197,24619,471,25090,517
2020-11-22,San Luis Obispo,079,281455,6273,5664,97,5761,34
2020-11-22,San Mateo,081,765935,14197,13228,15,13243,170
2020-11-22,Santa Barbara,083,443738,11390,10946,190,11136,137
2020-11-22,Santa Clara,085,1922200,34364,30633,77,30710,434
2020-11-22,Santa Cruz,087,273765,4454,3896,46,3942,25
2020-11-22,Shasta,089,179085,5132,4100,142,4242,43
2020-11-22,Sierra,091,2930,17,13,0,13,0
2020-11-22,Siskiyou,093,43540,591,411,28,439,0
2020-11-22,Solano,095,438530,10225,9363,59,9422,86
2020-11-22,Sonoma,097,501317,12130,11415,48,11463,159
2020-11-22,Stanislaus,099,539301,21523,20223,1294,21517,436
2020-11-22,Sutter,101,95872,3208,2677,10,2687,13
2020-11-22,Tehama,103,63373,1650,1457,17,1474,9
2020-11-22,Trinity,105,12862,254,114,22,136,0
2020-11-22,Tulare,107,460477,21242,19818,1218,21036,314
2020-11-22,Tuolumne,109,53932,1003,689,8,697,7
2020-11-22,Ventura,111,848112,19683,18105,604,18709,179
2020-11-22,Yolo,113,214977,4807,4206,15,4221,75
2020-11-22,Yuba,115,75493,1914,1672,7,1679,10
2020-11-21,Alameda,001,1643700,29279,27424,303,27727,444
2020-11-21,Alpine,003,1148,46,41,0,41,0
2020-11-21,Amador,005,37829,487,450,1,451,16
2020-11-21,Butte,007,227075,3983,3664,220,3884,61
2020-11-21,Calaveras,009,45235,465,434,0,434,21
2020-11-21,Colusa,011,21464,713,642,3,645,6
2020-11-21,Contra Costa,013,1133247,23776,22338,142,22480,260
2020-11-21,Del Norte,015,27424,307,271,0,271,2
2020-11-21,El Dorado,017,186661,2439,1900,35,1935,4
2020-11-21,Fresno,019,978130,40997,35973,1201,37174,482
2020-11-21,Glenn,021,27897,934,829,32,861,4
2020-11-21,Humboldt,023,135768,864,728,2,730,9
2020-11-21,Imperial,025,180216,15948,15053,36,15089,355
2020-11-21,Inyo,027,18085,293,283,5,288,15
2020-11-21,Kern,029,883053,39998,37403,1015,38418,463
2020-11-21,Kings,031,150075,10875,10019,124,10143,85
2020-11-21,Lake,033,64148,930,832,0,832,18
2020-11-21,Lassen,035,31185,1861,1211,6,1217,0
2020-11-21,Los Angeles,037,10098052,379996,357754,5227,362981,7428
2020-11-21,Madera,039,155013,6259,5706,127,5833,56
2020-11-21,Marin,041,260295,7685,7488,27,7515,134
2020-11-21,Mariposa,043,17540,124,92,1,93,2
2020-11-21,Mendocino,045,87422,1429,1282,5,1287,22
2020-11-21,Merced,047,269075,11515,10849,97,10946,169
2020-11-21,Modoc,049,8938,99,87,18,105,0
2020-11-21,Mono,051,14174,500,469,10,479,2
2020-11-21,Monterey,053,433212,14919,13886,239,14125,110
2020-11-21,Napa,055,140530,3091,2757,16,2773,17
2020-11-21,Nevada,057,99092,1238,1018,31,1049,9
2020-11-21,Orange,059,3164182,76368,69021,2247,71268,1543
2020-11-21,Placer,061,380077,6843,5778,120,5898,65
2020-11-21,Plumas,063,18699,196,172,0,172,0
2020-11-21,Riverside,065,2383286,88073,80676,1543,82219,1407
2020-11-21,Sacramento,067,1510023,35944,33133,100,33233,548
2020-11-21,San Benito,069,59416,1788,1691,11,1702,15
2020-11-21,San Bernardino,071,2135413,91731,83206,1323,84529,1222
2020-11-21,San Diego,073,3302833,78025,70711,2756,73467,966
2020-11-21,San Francisco,075,870044,15147,14445,88,14533,153
2020-11-21,San Joaquin,077,732212,26064,24620,456,25076,517
2020-11-21,San Luis Obispo,079,281455,6220,5618,94,5712,34
2020-11-21,San Mateo,081,765935,14096,13138,15,13153,170
2020-11-21,Santa Barbara,083,443738,11338,10922,187,11109,137
2020-11-21,Santa Clara,085,1922200,33980,30377,74,30451,433
2020-11-21,Santa Cruz,087,273765,4397,3898,46,3944,25
2020-11-21,Shasta,089,179085,5059,4095,139,4234,42
2020-11-21,Sierra,091,2930,17,13,0,13,0
2020-11-21,Siskiyou,093,43540,575,403,28,431,0
2020-11-21,Solano,095,438530,10135,9290,56,9346,86
2020-11-21,Sonoma,097,501317,12055,11394,47,11441,158
2020-11-21,Stanislaus,099,539301,21380,20111,1270,21381,435
2020-11-21,Sutter,101,95872,3148,2615,9,2624,13
2020-11-21,Tehama,103,63373,1630,1435,16,1451,9
2020-11-21,Trinity,105,12862,251,110,22,132,0
2020-11-21,Tulare,107,460477,21115,19752,1184,20936,313
2020-11-21,Tuolumne,109,53932,984,690,8,698,7
2020-11-21,Ventura,111,848112,19520,18040,594,18634,177
2020-11-21,Yolo,113,214977,4733,4147,14,4161,75
2020-11-21,Yuba,115,75493,1882,1643,7,1650,10
2020-11-20,Alameda,001,1643700,29065,27221,296,27517,444
2020-11-20,Alpine,003,1148,46,20,0,20,0
2020-11-20,Amador,005,37829,483,446,1,447,16
2020-11-20,Butte,007,227075,3951,3618,216,3834,60
2020-11-20,Calaveras,009,45235,455,424,0,424,21
2020-11-20,Colusa,011,21464,705,631,2,633,6
2020-11-20,Contra Costa,013,1133247,23591,22116,138,22254,260
2020-11-20,Del Norte,015,27424,304,264,0,264,2
2020-11-20,El Dorado,017,186661,2342,1868,33,1901,4
2020-11-20,Fresno,019,978130,40703,35635,1172,36807,480
2020-11-20,Glenn,021,27897,922,826,30,856,4
2020-11-20,Humboldt,023,135768,855,714,1,715,9
2020-11-20,Imperial,025,180216,15884,14864,32,14896,353
2020-11-20,Inyo,027,18085,291,262,5,267,15
2020-11-20,Kern,029,883053,39704,37143,990,38133,462
2020-11-20,Kings,031,150075,10827,9903,123,10026,85
2020-11-20,Lake,033,64148,921,820,0,820,18
2020-11-20,Lassen,035,31185,1776,1212,5,1217,0
2020-11-20,Los Angeles,037,10098052,376099,353554,5066,358620,7398
2020-11-20,Madera,039,155013,6165,5635,126,5761,54
2020-11-20,Marin,041,260295,7661,7467,26,7493,134
2020-11-20,Mariposa,043,17540,116,89,1,90,2
2020-11-20,Mendocino,045,87422,1409,1269,5,1274,22
2020-11-20,Merced,047,269075,11430,10729,97,10826,167
2020-11-20,Modoc,049,8938,99,83,18,101,0
2020-11-20,Mono,051,14174,498,469,10,479,2
2020-11-20,Monterey,053,433212,14794,13738,230,13968,110
2020-11-20,Napa,055,140530,3061,2718,16,2734,17
2020-11-20,Nevada,057,99092,1220,990,30,1020,9
2020-11-20,Orange,059,3164182,75533,68212,2210,70422,1532
2020-11-20,Placer,061,380077,6708,5687,105,5792,66
2020-11-20,Plumas,063,18699,194,163,0,163,0
2020-11-20,Riverside,065,2383286,87061,79613,1483,81096,1405
2020-11-20,Sacramento,067,1510023,35568,32832,93,32925,549
2020-11-20,San Benito,069,59416,1776,1668,11,1679,15
2020-11-20,San Bernardino,071,2135413,90361,81203,1241,82444,1220
2020-11-20,San Diego,073,3302833,77027,69233,2674,71907,960
2020-11-20,San Francisco,075,870044,15044,14327,87,14414,153
2020-11-20,San Joaquin,077,732212,25911,24460,443,24903,515
2020-11-20,San Luis Obispo,079,281455,6165,5524,91,5615,34
2020-11-20,San Mateo,081,765935,13963,12980,14,12994,169
2020-11-20,Santa Barbara,083,443738,11282,10825,181,11006,136
2020-11-20,Santa Clara,085,1922200,33559,30002,69,30071,431
2020-11-20,Santa Cruz,087,273765,4332,3815,46,3861,25
2020-11-20,Shasta,089,179085,4986,3861,134,3995,42
2020-11-20,Sierra,091,2930,17,12,0,12,0
2020-11-20,Siskiyou,093,43540,561,387,27,414,0
2020-11-20,Solano,095,438530,10042,9216,54,9270,85
2020-11-20,Sonoma,097,501317,11971,11316,46,11362,158
2020-11-20,Stanislaus,099,539301,21223,19889,1244,21133,433
2020-11-20,Sutter,101,95872,3098,2580,9,2589,13
2020-11-20,Tehama,103,63373,1613,1410,13,1423,9
2020-11-20,Trinity,105,12862,250,102,22,124,0
2020-11-20,Tulare,107,460477,20982,19568,1146,20714,311
2020-11-20,Tuolumne,109,53932,945,662,8,670,7
2020-11-20,Ventura,111,848112,19352,17741,567,18308,175
2020-11-20,Yolo,113,214977,4654,4081,13,4094,74
2020-11-20,Yuba,115,75493,1854,1611,7,1618,10
2020-11-19,Alameda,001,1643700,28719,26971,288,27259,441
2020-11-19,Alpine,003,1148,43,20,0,20,0
2020-11-19,Amador,005,37829,479,436,1,437,16
2020-11-19,Butte,007,227075,3902,3576,208,3784,60
2020-11-19,Calaveras,009,45235,444,417,0,417,21
2020-11-19,Colusa,011,21464,687,621,2,623,6
2020-11-19,Contra Costa,013,1133247,23320,21886,135,22021,259
2020-11-19,Del Norte,015,27424,296,251,0,251,2
2020-11-19,El Dorado,017,186661,2268,1825,29,1854,4
2020-11-19,Fresno,019,978130,40253,35278,1116,36394,478
2020-11-19,Glenn,021,27897,900,806,29,835,4
2020-11-19,Humboldt,023,135768,835,693,1,694,9
2020-11-19,Imperial,025,180216,15674,14507,32,14539,349
2020-11-19,Inyo,027,18085,289,262,5,267,15
2020-11-19,Kern,029,883053,39284,36779,948,37727,459
2020-11-19,Kings,031,150075,10679,9763,116,9879,85
2020-11-19,Lake,033,64148,907,809,0,809,18
2020-11-19,Lassen,035,31185,1659,1201,3,1204,0
2020-11-19,Los Angeles,037,10098052,371072,349493,4903,354396,7365
2020-11-19,Madera,039,155013,6093,5540,118,5658,54
2020-11-19,Marin,041,260295,7630,7451,26,7477,134
2020-11-19,Mariposa,043,17540,109,88,0,88,2
2020-11-19,Mendocino,045,87422,1388,1237,5,1242,23
2020-11-19,Merced,047,269075,11290,10634,91,10725,167
2020-11-19,Modoc,049,8938,96,82,18,100,0
2020-11-19,Mono,051,14174,490,468,10,478,2
2020-11-19,Monterey,053,433212,14580,13369,219,13588,108
2020-11-19,Napa,055,140530,3007,2641,16,2657,17
2020-11-19,Nevada,057,99092,1179,945,29,974,9
2020-11-19,Orange,059,3164182,74268,66998,2168,69166,1530
2020-11-19,Placer,061,380077,6517,5612,104,5716,65
2020-11-19,Plumas,063,18699,189,158,0,158,0
2020-11-19,Riverside,065,2383286,85578,78535,1412,79947,1402
2020-11-19,Sacramento,067,1510023,35054,32367,91,32458,546
2020-11-19,San Benito,069,59416,1753,1643,11,1654,15
2020-11-19,San Bernardino,071,2135413,88463,79244,1163,80407,1215
2020-11-19,San Diego,073,3302833,75777,68142,2570,70712,952
2020-11-19,San Francisco,075,870044,14888,14178,81,14259,153
2020-11-19,San Joaquin,077,732212,25592,24270,433,24703,516
2020-11-19,San Luis Obispo,079,281455,6088,5410,87,5497,34
2020-11-19,San Mateo,081,765935,13825,12714,14,12728,169
2020-11-19,Santa Barbara,083,443738,11202,10741,178,10919,136
2020-11-19,Santa Clara,085,1922200,33005,29630,68,29698,424
2020-11-19,Santa Cruz,087,273765,4240,3679,44,3723,25
2020-11-19,Shasta,089,179085,4848,3685,124,3809,42
2020-11-19,Sierra,091,2930,17,11,0,11,0
2020-11-19,Siskiyou,093,43540,536,360,26,386,0
2020-11-19,Solano,095,438530,9905,9093,50,9143,84
2020-11-19,Sonoma,097,501317,11801,11205,44,11249,156
2020-11-19,Stanislaus,099,539301,20982,19736,1201,20937,433
2020-11-19,Sutter,101,95872,2999,2509,9,2518,13
2020-11-19,Tehama,103,63373,1578,1373,10,1383,9
2020-11-19,Trinity,105,12862,244,97,22,119,0
2020-11-19,Tulare,107,460477,20761,19384,1083,20467,304
2020-11-19,Tuolumne,109,53932,914,602,8,610,7
2020-11-19,Ventura,111,848112,18999,17300,554,17854,174
2020-11-19,Yolo,113,214977,4560,3973,13,3986,72
2020-11-19,Yuba,115,75493,1814,1568,7,1575,10
2020-11-18,Alameda,001,1643700,28455,26610,283,26893,440
2020-11-18,Alpine,003,1148,42,16,0,16,0
2020-11-18,Amador,005,37829,474,430,1,431,16
2020-11-18,Butte,007,227075,3849,3537,195,3732,59
2020-11-18,Calaveras,009,45235,438,409,0,409,21
2020-11-18,Colusa,011,21464,674,611,2,613,6
2020-11-18,Contra Costa,013,1133247,23056,21685,132,21817,258
2020-11-18,Del Norte,015,27424,284,240,0,240,2
2020-11-18,El Dorado,017,186661,2180,1799,28,1827,4
2020-11-18,Fresno,019,978130,39814,34997,1067,36064,474
2020-11-18,Glenn,021,27897,883,803,27,830,4
2020-11-18,Humboldt,023,135768,820,690,1,691,9
2020-11-18,Imperial,025,180216,15448,14428,32,14460,348
2020-11-18,Inyo,027,18085,287,262,5,267,15
2020-11-18,Kern,029,883053,38894,36537,899,37436,456
2020-11-18,Kings,031,150075,10531,9696,113,9809,85
2020-11-18,Lake,033,64148,895,802,0,802,18
2020-11-18,Lassen,035,31185,1559,1124,3,1127,0
2020-11-18,Los Angeles,037,10098052,366195,344675,4725,349400,7338
2020-11-18,Madera,039,155013,6006,5519,106,5625,54
2020-11-18,Marin,041,260295,7606,7435,26,7461,134
2020-11-18,Mariposa,043,17540,106,88,0,88,2
2020-11-18,Mendocino,045,87422,1368,1237,5,1242,23
2020-11-18,Merced,047,269075,11174,10536,90,10626,166
2020-11-18,Modoc,049,8938,93,77,18,95,0
2020-11-18,Mono,051,14174,485,468,10,478,2
2020-11-18,Monterey,053,433212,14385,13340,205,13545,108
2020-11-18,Napa,055,140530,2962,2607,16,2623,17
2020-11-18,Nevada,057,99092,1139,933,27,960,9
2020-11-18,Orange,059,3164182,73173,66381,2143,68524,1521
2020-11-18,Placer,061,380077,6339,5543,99,5642,64
2020-11-18,Plumas,063,18699,184,143,0,143,0
2020-11-18,Riverside,065,2383286,84115,77739,1311,79050,1387
2020-11-18,Sacramento,067,1510023,34429,31816,83,31899,541
2020-11-18,San Benito,069,59416,1728,1632,10,1642,15
2020-11-18,San Bernardino,071,2135413,86704,77400,1084,78484,1206
2020-11-18,San Diego,073,3302833,74483,67243,2510,69753,945
2020-11-18,San Francisco,075,870044,14744,14057,79,14136,153
2020-11-18,San Joaquin,077,732212,25330,24146,419,24565,517
2020-11-18,San Luis Obispo,079,281455,6012,5322,86,5408,34
2020-11-18,San Mateo,081,765935,13672,12631,13,12644,169
2020-11-18,Santa Barbara,083,443738,11123,10684,171,10855,136
2020-11-18,Santa Clara,085,1922200,32539,29285,64,29349,421
2020-11-18,Santa Cruz,087,273765,4151,3618,42,3660,25
2020-11-18,Shasta,089,179085,4714,3547,120,3667,42
2020-11-18,Sierra,091,2930,17,11,0,11,0
2020-11-18,Siskiyou,093,43540,504,351,25,376,0
2020-11-18,Solano,095,438530,9773,8994,48,9042,84
2020-11-18,Sonoma,097,501317,11694,11129,41,11170,155
2020-11-18,Stanislaus,099,539301,20740,19609,1177,20786,431
2020-11-18,Sutter,101,95872,2881,2442,9,2451,13
2020-11-18,Tehama,103,63373,1540,1338,10,1348,8
2020-11-18,Trinity,105,12862,230,95,21,116,0
2020-11-18,Tulare,107,460477,20550,19286,1032,20318,306
2020-11-18,Tuolumne,109,53932,879,590,8,598,7
2020-11-18,Ventura,111,848112,18674,17169,539,17708,173
2020-11-18,Yolo,113,214977,4487,3929,13,3942,71
2020-11-18,Yuba,115,75493,1760,1540,7,1547,10
2020-11-17,Alameda,001,1643700,28128,26425,272,26697,439
2020-11-17,Alpine,003,1148,40,12,0,12,0
2020-11-17,Amador,005,37829,463,423,1,424,16
2020-11-17,Butte,007,227075,3807,3500,184,3684,59
2020-11-17,Calaveras,009,45235,421,405,0,405,21
2020-11-17,Colusa,011,21464,663,606,1,607,6
2020-11-17,Contra Costa,013,1133247,22785,21557,127,21684,256
2020-11-17,Del Norte,015,27424,278,233,0,233,2
2020-11-17,El Dorado,017,186661,2121,1758,28,1786,4
2020-11-17,Fresno,019,978130,39214,34765,1008,35773,472
2020-11-17,Glenn,021,27897,872,795,26,821,4
2020-11-17,Humboldt,023,135768,798,685,1,686,9
2020-11-17,Imperial,025,180216,15210,14204,30,14234,346
2020-11-17,Inyo,027,18085,286,263,5,268,15
2020-11-17,Kern,029,883053,38445,36164,846,37010,455
2020-11-17,Kings,031,150075,10458,9653,105,9758,85
2020-11-17,Lake,033,64148,875,792,0,792,18
2020-11-17,Lassen,035,31185,1480,1124,3,1127,0
2020-11-17,Los Angeles,037,10098052,361243,340933,4568,345501,7302
2020-11-17,Madera,039,155013,5918,5485,99,5584,54
2020-11-17,Marin,041,260295,7574,7404,25,7429,134
2020-11-17,Mariposa,043,17540,103,87,0,87,2
2020-11-17,Mendocino,045,87422,1347,1216,5,1221,23
2020-11-17,Merced,047,269075,11030,10457,84,10541,162
2020-11-17,Modoc,049,8938,87,71,17,88,0
2020-11-17,Mono,051,14174,480,459,10,469,2
2020-11-17,Monterey,053,433212,14156,13220,195,13415,108
2020-11-17,Napa,055,140530,2908,2568,16,2584,17
2020-11-17,Nevada,057,99092,1098,918,26,944,9
2020-11-17,Orange,059,3164182,72022,65757,2117,67874,1519
2020-11-17,Placer,061,380077,6177,5435,93,5528,63
2020-11-17,Plumas,063,18699,176,142,0,142,0
2020-11-17,Riverside,065,2383286,82729,77079,1220,78299,1379
2020-11-17,Sacramento,067,1510023,33831,31341,79,31420,538
2020-11-17,San Benito,069,59416,1712,1611,4,1615,15
2020-11-17,San Bernardino,071,2135413,84895,76134,995,77129,1188
2020-11-17,San Diego,073,3302833,73230,66321,2454,68775,933
2020-11-17,San Francisco,075,870044,14578,13952,78,14030,153
2020-11-17,San Joaquin,077,732212,25054,23997,399,24396,516
2020-11-17,San Luis Obispo,079,281455,5916,5235,86,5321,34
2020-11-17,San Mateo,081,765935,13512,12491,12,12503,169
2020-11-17,Santa Barbara,083,443738,11038,10597,166,10763,136
2020-11-17,Santa Clara,085,1922200,31991,29013,63,29076,419
2020-11-17,Santa Cruz,087,273765,4065,3548,39,3587,25
2020-11-17,Shasta,089,179085,4556,3457,108,3565,40
2020-11-17,Sierra,091,2930,15,11,0,11,0
2020-11-17,Siskiyou,093,43540,456,333,24,357,0
2020-11-17,Solano,095,438530,9628,8905,47,8952,84
2020-11-17,Sonoma,097,501317,11560,11084,40,11124,155
2020-11-17,Stanislaus,099,539301,20517,19466,1150,20616,425
2020-11-17,Sutter,101,95872,2798,2370,8,2378,12
2020-11-17,Tehama,103,63373,1487,1290,10,1300,7
2020-11-17,Trinity,105,12862,213,83,21,104,0
2020-11-17,Tulare,107,460477,20322,19176,971,20147,305
2020-11-17,Tuolumne,109,53932,840,568,8,576,7
2020-11-17,Ventura,111,848112,18402,16797,521,17318,173
2020-11-17,Yolo,113,214977,4311,3887,12,3899,70
2020-11-17,Yuba,115,75493,1712,1519,7,1526,10
2020-11-16,Alameda,001,1643700,27781,26063,267,26330,436
2020-11-16,Alpine,003,1148,37,12,0,12,0
2020-11-16,Amador,005,37829,455,414,1,415,16
2020-11-16,Butte,007,227075,3768,3490,176,3666,58
2020-11-16,Calaveras,009,45235,413,402,0,402,21
2020-11-16,Colusa,011,21464,654,601,1,602,6
2020-11-16,Contra Costa,013,1133247,22519,21386,122,21508,256
2020-11-16,Del Norte,015,27424,271,225,0,225,2
2020-11-16,El Dorado,017,186661,2061,1694,26,1720,4
2020-11-16,Fresno,019,978130,38724,34593,956,35549,471
2020-11-16,Glenn,021,27897,860,786,25,811,4
2020-11-16,Humboldt,023,135768,782,660,1,661,9
2020-11-16,Imperial,025,180216,14962,14111,30,14141,346
2020-11-16,Inyo,027,18085,283,263,5,268,15
2020-11-16,Kern,029,883053,38050,36049,804,36853,455
2020-11-16,Kings,031,150075,10191,9569,101,9670,85
2020-11-16,Lake,033,64148,864,784,0,784,18
2020-11-16,Lassen,035,31185,1299,1124,3,1127,0
2020-11-16,Los Angeles,037,10098052,356487,338778,4400,343178,7277
2020-11-16,Madera,039,155013,5833,5433,93,5526,54
2020-11-16,Marin,041,260295,7543,7359,24,7383,134
2020-11-16,Mariposa,043,17540,100,86,0,86,2
2020-11-16,Mendocino,045,87422,1322,1209,5,1214,23
2020-11-16,Merced,047,269075,10891,10399,81,10480,162
2020-11-16,Modoc,049,8938,85,71,17,88,0
2020-11-16,Mono,051,14174,478,453,10,463,2
2020-11-16,Monterey,053,433212,13910,13089,185,13274,107
2020-11-16,Napa,055,140530,2834,2536,16,2552,17
2020-11-16,Nevada,057,99092,1055,889,24,913,9
2020-11-16,Orange,059,3164182,70927,65396,2103,67499,1519
2020-11-16,Placer,061,380077,6058,5387,85,5472,63
2020-11-16,Plumas,063,18699,169,127,0,127,0
2020-11-16,Riverside,065,2383286,81354,76449,1156,77605,1379
2020-11-16,Sacramento,067,1510023,33193,30954,72,31026,534
2020-11-16,San Benito,069,59416,1694,1603,3,1606,15
2020-11-16,San Bernardino,071,2135413,83069,74401,929,75330,1186
2020-11-16,San Diego,073,3302833,71919,65603,2382,67985,926
2020-11-16,San Francisco,075,870044,14420,13847,76,13923,153
2020-11-16,San Joaquin,077,732212,24765,23515,389,23904,513
2020-11-16,San Luis Obispo,079,281455,5813,5161,82,5243,34
2020-11-16,San Mateo,081,765935,13352,12398,12,12410,169
2020-11-16,Santa Barbara,083,443738,10973,10565,162,10727,135
2020-11-16,Santa Clara,085,1922200,31429,28673,62,28735,419
2020-11-16,Santa Cruz,087,273765,3992,3520,39,3559,25
2020-11-16,Shasta,089,179085,4408,3284,103,3387,37
2020-11-16,Sierra,091,2930,15,11,0,11,0
2020-11-16,Siskiyou,093,43540,429,294,24,318,0
2020-11-16,Solano,095,438530,9429,8827,47,8874,84
2020-11-16,Sonoma,097,501317,11469,10961,39,11000,155
2020-11-16,Stanislaus,099,539301,20280,19333,1123,20456,425
2020-11-16,Sutter,101,95872,2692,2322,8,2330,12
2020-11-16,Tehama,103,63373,1442,1261,7,1268,7
2020-11-16,Trinity,105,12862,201,67,21,88,0
2020-11-16,Tulare,107,460477,20144,18891,918,19809,305
2020-11-16,Tuolumne,109,53932,803,543,8,551,7
2020-11-16,Ventura,111,848112,18064,16691,513,17204,172
2020-11-16,Yolo,113,214977,4216,3858,12,3870,70
2020-11-16,Yuba,115,75493,1676,1500,6,1506,10
2020-11-15,Alameda,001,1643700,27464,25879,262,26141,436
2020-11-15,Alpine,003,1148,35,12,0,12,0
2020-11-15,Amador,005,37829,443,409,1,410,16
2020-11-15,Butte,007,227075,3714,3452,167,3619,58
2020-11-15,Calaveras,009,45235,398,386,0,386,21
2020-11-15,Colusa,011,21464,645,601,1,602,6
2020-11-15,Contra Costa,013,1133247,22221,21179,121,21300,256
2020-11-15,Del Norte,015,27424,257,224,0,224,2
2020-11-15,El Dorado,017,186661,1999,1683,25,1708,4
2020-11-15,Fresno,019,978130,38213,34297,918,35215,471
2020-11-15,Glenn,021,27897,848,783,24,807,4
2020-11-15,Humboldt,023,135768,754,653,1,654,9
2020-11-15,Imperial,025,180216,14727,13940,30,13970,346
2020-11-15,Inyo,027,18085,273,263,5,268,15
2020-11-15,Kern,029,883053,37644,35911,769,36680,455
2020-11-15,Kings,031,150075,9998,9533,98,9631,85
2020-11-15,Lake,033,64148,854,777,0,777,17
2020-11-15,Lassen,035,31185,1252,1124,3,1127,0
2020-11-15,Los Angeles,037,10098052,351440,336035,4232,340267,7271
2020-11-15,Madera,039,155013,5735,5391,87,5478,54
2020-11-15,Marin,041,260295,7516,7347,24,7371,133
2020-11-15,Mariposa,043,17540,97,86,0,86,2
2020-11-15,Mendocino,045,87422,1303,1197,5,1202,22
2020-11-15,Merced,047,269075,10758,10350,81,10431,162
2020-11-15,Modoc,049,8938,84,68,17,85,0
2020-11-15,Mono,051,14174,476,453,10,463,2
2020-11-15,Monterey,053,433212,13714,12999,172,13171,107
2020-11-15,Napa,055,140530,2775,2509,14,2523,17
2020-11-15,Nevada,057,99092,999,859,24,883,9
2020-11-15,Orange,059,3164182,69883,65008,2087,67095,1519
2020-11-15,Placer,061,380077,5903,5330,77,5407,63
2020-11-15,Plumas,063,18699,163,127,0,127,0
2020-11-15,Riverside,065,2383286,80032,75531,1098,76629,1374
2020-11-15,Sacramento,067,1510023,32567,30601,67,30668,534
2020-11-15,San Benito,069,59416,1669,1589,2,1591,15
2020-11-15,San Bernardino,071,2135413,80920,73769,854,74623,1185
2020-11-15,San Diego,073,3302833,70418,64770,2325,67095,926
2020-11-15,San Francisco,075,870044,14244,13757,75,13832,153
2020-11-15,San Joaquin,077,732212,24555,23516,374,23890,513
2020-11-15,San Luis Obispo,079,281455,5692,5120,80,5200,34
2020-11-15,San Mateo,081,765935,13175,12348,12,12360,169
2020-11-15,Santa Barbara,083,443738,10878,10516,160,10676,135
2020-11-15,Santa Clara,085,1922200,30971,28289,61,28350,418
2020-11-15,Santa Cruz,087,273765,3851,3439,38,3477,25
2020-11-15,Shasta,089,179085,4235,3290,94,3384,37
2020-11-15,Sierra,091,2930,15,11,0,11,0
2020-11-15,Siskiyou,093,43540,410,294,24,318,0
2020-11-15,Solano,095,438530,9268,8713,44,8757,84
2020-11-15,Sonoma,097,501317,11351,10833,38,10871,154
2020-11-15,Stanislaus,099,539301,20006,19228,1098,20326,425
2020-11-15,Sutter,101,95872,2602,2230,8,2238,12
2020-11-15,Tehama,103,63373,1391,1222,6,1228,7
2020-11-15,Trinity,105,12862,191,67,19,86,0
2020-11-15,Tulare,107,460477,19926,18891,866,19757,305
2020-11-15,Tuolumne,109,53932,761,486,8,494,7
2020-11-15,Ventura,111,848112,17790,16564,505,17069,172
2020-11-15,Yolo,113,214977,4113,3819,12,3831,67
2020-11-15,Yuba,115,75493,1635,1470,5,1475,10
2020-11-14,Alameda,001,1643700,27197,25714,260,25974,435
2020-11-14,Alpine,003,1148,35,12,0,12,0
2020-11-14,Amador,005,37829,434,404,0,404,16
2020-11-14,Butte,007,227075,3678,3434,153,3587,58
2020-11-14,Calaveras,009,45235,397,386,0,386,21
2020-11-14,Colusa,011,21464,633,601,1,602,6
2020-11-14,Contra Costa,013,1133247,22079,20975,114,21089,256
2020-11-14,Del Norte,015,27424,250,219,0,219,2
2020-11-14,El Dorado,017,186661,1955,1648,25,1673,4
2020-11-14,Fresno,019,978130,37963,33969,882,34851,471
2020-11-14,Glenn,021,27897,839,772,21,793,3
2020-11-14,Humboldt,023,135768,739,643,1,644,9
2020-11-14,Imperial,025,180216,14634,13932,29,13961,346
2020-11-14,Inyo,027,18085,272,263,5,268,15
2020-11-14,Kern,029,883053,37434,35626,750,36376,454
2020-11-14,Kings,031,150075,9963,9490,95,9585,85
2020-11-14,Lake,033,64148,845,773,0,773,17
2020-11-14,Lassen,035,31185,1238,833,3,836,0
2020-11-14,Los Angeles,037,10098052,348733,333021,4123,337144,7269
2020-11-14,Madera,039,155013,5704,5371,85,5456,54
2020-11-14,Marin,041,260295,7499,7325,24,7349,133
2020-11-14,Mariposa,043,17540,96,86,0,86,2
2020-11-14,Mendocino,045,87422,1287,1181,5,1186,22
2020-11-14,Merced,047,269075,10702,10286,79,10365,161
2020-11-14,Modoc,049,8938,83,64,16,80,0
2020-11-14,Mono,051,14174,476,453,10,463,2
2020-11-14,Monterey,053,433212,13618,12854,162,13016,105
2020-11-14,Napa,055,140530,2741,2473,14,2487,17
2020-11-14,Nevada,057,99092,983,835,24,859,9
2020-11-14,Orange,059,3164182,69261,64340,2076,66416,1517
2020-11-14,Placer,061,380077,5827,5215,71,5286,63
2020-11-14,Plumas,063,18699,158,128,0,128,0
2020-11-14,Riverside,065,2383286,79292,74910,1059,75969,1373
2020-11-14,Sacramento,067,1510023,32241,30298,67,30365,532
2020-11-14,San Benito,069,59416,1654,1573,2,1575,15
2020-11-14,San Bernardino,071,2135413,79985,72868,823,73691,1184
2020-11-14,San Diego,073,3302833,69653,63715,2273,65988,926
2020-11-14,San Francisco,075,870044,14157,13661,74,13735,153
2020-11-14,San Joaquin,077,732212,24462,23516,367,23883,511
2020-11-14,San Luis Obispo,079,281455,5629,5073,75,5148,34
2020-11-14,San Mateo,081,765935,13067,12293,12,12305,169
2020-11-14,Santa Barbara,083,443738,10824,10482,158,10640,135
2020-11-14,Santa Clara,085,1922200,30686,27962,59,28021,416
2020-11-14,Santa Cruz,087,273765,3796,3402,38,3440,25
2020-11-14,Shasta,089,179085,4154,3195,92,3287,37
2020-11-14,Sierra,091,2930,15,11,0,11,0
2020-11-14,Siskiyou,093,43540,397,292,24,316,0
2020-11-14,Solano,095,438530,9189,8655,44,8699,84
2020-11-14,Sonoma,097,501317,11298,10769,38,10807,154
2020-11-14,Stanislaus,099,539301,19863,19068,1076,20144,424
2020-11-14,Sutter,101,95872,2557,2182,8,2190,12
2020-11-14,Tehama,103,63373,1369,1206,5,1211,7
2020-11-14,Trinity,105,12862,186,67,19,86,0
2020-11-14,Tulare,107,460477,19833,18853,838,19691,305
2020-11-14,Tuolumne,109,53932,733,448,8,456,7
2020-11-14,Ventura,111,848112,17644,16297,494,16791,172
2020-11-14,Yolo,113,214977,4069,3765,10,3775,65
2020-11-14,Yuba,115,75493,1606,1453,5,1458,10
2020-11-13,Alameda,001,1643700,26981,25515,255,25770,434
2020-11-13,Alpine,003,1148,35,12,0,12,0
2020-11-13,Amador,005,37829,431,397,0,397,16
2020-11-13,Butte,007,227075,3654,3402,143,3545,58
2020-11-13,Calaveras,009,45235,393,378,0,378,21
2020-11-13,Colusa,011,21464,625,598,1,599,6
2020-11-13,Contra Costa,013,1133247,21905,20799,114,20913,256
2020-11-13,Del Norte,015,27424,247,208,0,208,2
2020-11-13,El Dorado,017,186661,1910,1611,24,1635,4
2020-11-13,Fresno,019,978130,37717,33693,868,34561,470
2020-11-13,Glenn,021,27897,825,755,17,772,3
2020-11-13,Humboldt,023,135768,724,638,1,639,9
2020-11-13,Imperial,025,180216,14563,13790,28,13818,341
2020-11-13,Inyo,027,18085,271,262,5,267,15
2020-11-13,Kern,029,883053,37232,35431,733,36164,453
2020-11-13,Kings,031,150075,9904,9428,94,9522,85
2020-11-13,Lake,033,64148,839,770,0,770,17
2020-11-13,Lassen,035,31185,1229,832,3,835,0
2020-11-13,Los Angeles,037,10098052,345603,329364,4021,333385,7248
2020-11-13,Madera,039,155013,5664,5340,84,5424,54
2020-11-13,Marin,041,260295,7486,7307,23,7330,133
2020-11-13,Mariposa,043,17540,94,86,0,86,2
2020-11-13,Mendocino,045,87422,1275,1173,5,1178,22
2020-11-13,Merced,047,269075,10646,10185,76,10261,159
2020-11-13,Modoc,049,8938,83,63,14,77,0
2020-11-13,Mono,051,14174,476,448,9,457,2
2020-11-13,Monterey,053,433212,13423,12681,150,12831,104
2020-11-13,Napa,055,140530,2702,2440,14,2454,17
2020-11-13,Nevada,057,99092,964,798,24,822,9
2020-11-13,Orange,059,3164182,68661,63804,2056,65860,1514
2020-11-13,Placer,061,380077,5722,5122,65,5187,63
2020-11-13,Plumas,063,18699,152,125,0,125,0
2020-11-13,Riverside,065,2383286,78554,74138,1030,75168,1372
2020-11-13,Sacramento,067,1510023,31922,29787,63,29850,524
2020-11-13,San Benito,069,59416,1642,1553,1,1554,15
2020-11-13,San Bernardino,071,2135413,78937,71895,802,72697,1184
2020-11-13,San Diego,073,3302833,68806,62978,2235,65213,921
2020-11-13,San Francisco,075,870044,14064,13516,72,13588,146
2020-11-13,San Joaquin,077,732212,24367,23314,361,23675,510
2020-11-13,San Luis Obispo,079,281455,5562,4960,72,5032,34
2020-11-13,San Mateo,081,765935,12974,12182,12,12194,169
2020-11-13,Santa Barbara,083,443738,10772,10405,156,10561,134
2020-11-13,Santa Clara,085,1922200,30358,27609,57,27666,415
2020-11-13,Santa Cruz,087,273765,3722,3343,38,3381,25
2020-11-13,Shasta,089,179085,4070,2983,88,3071,37
2020-11-13,Sierra,091,2930,15,11,0,11,0
2020-11-13,Siskiyou,093,43540,392,280,23,303,0
2020-11-13,Solano,095,438530,9099,8525,44,8569,84
2020-11-13,Sonoma,097,501317,11237,10685,36,10721,151
2020-11-13,Stanislaus,099,539301,19737,18936,1049,19985,422
2020-11-13,Sutter,101,95872,2511,2121,7,2128,12
2020-11-13,Tehama,103,63373,1342,1167,5,1172,7
2020-11-13,Trinity,105,12862,184,64,19,83,0
2020-11-13,Tulare,107,460477,19709,18714,798,19512,305
2020-11-13,Tuolumne,109,53932,700,427,8,435,7
2020-11-13,Ventura,111,848112,17498,16172,480,16652,171
2020-11-13,Yolo,113,214977,4018,3716,10,3726,65
2020-11-13,Yuba,115,75493,1579,1435,5,1440,10
2020-11-12,Alameda,001,1643700,26714,25345,255,25600,432
2020-11-12,Alpine,003,1148,34,12,0,12,0
2020-11-12,Amador,005,37829,430,392,0,392,16
2020-11-12,Butte,007,227075,3605,3347,140,3487,58
2020-11-12,Calaveras,009,45235,388,373,0,373,21
2020-11-12,Colusa,011,21464,620,591,1,592,6
2020-11-12,Contra Costa,013,1133247,21696,20619,113,20732,255
2020-11-12,Del Norte,015,27424,239,203,0,203,2
2020-11-12,El Dorado,017,186661,1864,1573,20,1593,4
2020-11-12,Fresno,019,978130,37368,33459,827,34286,468
2020-11-12,Glenn,021,27897,806,727,17,744,3
2020-11-12,Humboldt,023,135768,711,625,1,626,9
2020-11-12,Imperial,025,180216,14398,13619,28,13647,341
2020-11-12,Inyo,027,18085,270,255,5,260,15
2020-11-12,Kern,029,883053,36968,35207,719,35926,451
2020-11-12,Kings,031,150075,9837,9335,93,9428,85
2020-11-12,Lake,033,64148,830,764,0,764,17
2020-11-12,Lassen,035,31185,1160,832,2,834,0
2020-11-12,Los Angeles,037,10098052,341859,327001,3923,330924,7223
2020-11-12,Madera,039,155013,5629,5273,80,5353,54
2020-11-12,Marin,041,260295,7457,7268,23,7291,133
2020-11-12,Mariposa,043,17540,92,84,0,84,2
2020-11-12,Mendocino,045,87422,1256,1142,5,1147,22
2020-11-12,Merced,047,269075,10532,10107,73,10180,158
2020-11-12,Modoc,049,8938,83,63,14,77,0
2020-11-12,Mono,051,14174,475,442,9,451,2
2020-11-12,Monterey,053,433212,13302,12489,136,12625,100
2020-11-12,Napa,055,140530,2640,2398,14,2412,16
2020-11-12,Nevada,057,99092,942,780,23,803,9
2020-11-12,Orange,059,3164182,67917,63232,2037,65269,1514
2020-11-12,Placer,061,380077,5613,5044,56,5100,62
2020-11-12,Plumas,063,18699,148,121,0,121,0
2020-11-12,Riverside,065,2383286,77623,73381,987,74368,1362
2020-11-12,Sacramento,067,1510023,31431,29459,55,29514,520
2020-11-12,San Benito,069,59416,1622,1525,1,1526,15
2020-11-12,San Bernardino,071,2135413,77571,70758,763,71521,1183
2020-11-12,San Diego,073,3302833,67826,62336,2184,64520,918
2020-11-12,San Francisco,075,870044,13965,13289,71,13360,146
2020-11-12,San Joaquin,077,732212,24173,23002,340,23342,509
2020-11-12,San Luis Obispo,079,281455,5498,4898,71,4969,33
2020-11-12,San Mateo,081,765935,12849,12086,11,12097,169
2020-11-12,Santa Barbara,083,443738,10710,10325,151,10476,134
2020-11-12,Santa Clara,085,1922200,29981,27261,56,27317,414
2020-11-12,Santa Cruz,087,273765,3639,3317,36,3353,25
2020-11-12,Shasta,089,179085,3933,2825,77,2902,37
2020-11-12,Sierra,091,2930,15,11,0,11,0
2020-11-12,Siskiyou,093,43540,375,275,19,294,0
2020-11-12,Solano,095,438530,8999,8417,43,8460,85
2020-11-12,Sonoma,097,501317,11135,10602,35,10637,151
2020-11-12,Stanislaus,099,539301,19567,18787,1020,19807,422
2020-11-12,Sutter,101,95872,2428,2075,6,2081,12
2020-11-12,Tehama,103,63373,1314,1117,5,1122,7
2020-11-12,Trinity,105,12862,176,62,18,80,0
2020-11-12,Tulare,107,460477,19596,18545,760,19305,305
2020-11-12,Tuolumne,109,53932,661,353,8,361,7
2020-11-12,Ventura,111,848112,17248,16013,474,16487,158
2020-11-12,Yolo,113,214977,3975,3646,10,3656,63
2020-11-12,Yuba,115,75493,1544,1410,5,1415,10
2020-11-11,Alameda,001,1643700,26470,25140,253,25393,429
2020-11-11,Alpine,003,1148,29,12,0,12,0
2020-11-11,Amador,005,37829,423,389,0,389,16
2020-11-11,Butte,007,227075,3579,3348,127,3475,58
2020-11-11,Calaveras,009,45235,378,373,0,373,21
2020-11-11,Colusa,011,21464,614,591,1,592,6
2020-11-11,Contra Costa,013,1133247,21479,20452,111,20563,255
2020-11-11,Del Norte,015,27424,231,203,0,203,2
2020-11-11,El Dorado,017,186661,1818,1564,19,1583,4
2020-11-11,Fresno,019,978130,37050,33287,792,34079,468
2020-11-11,Glenn,021,27897,790,722,16,738,3
2020-11-11,Humboldt,023,135768,697,623,1,624,9
2020-11-11,Imperial,025,180216,14228,13623,26,13649,340
2020-11-11,Inyo,027,18085,268,255,5,260,15
2020-11-11,Kern,029,883053,36693,35014,702,35716,449
2020-11-11,Kings,031,150075,9731,9263,90,9353,85
2020-11-11,Lake,033,64148,819,763,0,763,17
2020-11-11,Lassen,035,31185,1135,831,2,833,0
2020-11-11,Los Angeles,037,10098052,338491,324567,3840,328407,7220
2020-11-11,Madera,039,155013,5595,5248,79,5327,54
2020-11-11,Marin,041,260295,7435,7268,23,7291,133
2020-11-11,Mariposa,043,17540,92,84,0,84,2
2020-11-11,Mendocino,045,87422,1244,1142,5,1147,22
2020-11-11,Merced,047,269075,10461,10074,71,10145,157
2020-11-11,Modoc,049,8938,79,62,13,75,0
2020-11-11,Mono,051,14174,473,443,9,452,2
2020-11-11,Monterey,053,433212,13159,12417,132,12549,100
2020-11-11,Napa,055,140530,2591,2365,12,2377,15
2020-11-11,Nevada,057,99092,900,741,23,764,9
2020-11-11,Orange,059,3164182,67278,62929,2013,64942,1506
2020-11-11,Placer,061,380077,5529,4981,48,5029,60
2020-11-11,Plumas,063,18699,146,111,0,111,0
2020-11-11,Riverside,065,2383286,76721,72953,941,73894,1361
2020-11-11,Sacramento,067,1510023,30974,28968,53,29021,520
2020-11-11,San Benito,069,59416,1608,1512,1,1513,15
2020-11-11,San Bernardino,071,2135413,76285,70374,737,71111,1182
2020-11-11,San Diego,073,3302833,66891,61746,2123,63869,918
2020-11-11,San Francisco,075,870044,13858,13287,70,13357,146
2020-11-11,San Joaquin,077,732212,24013,23001,335,23336,509
2020-11-11,San Luis Obispo,079,281455,5423,4832,68,4900,33
2020-11-11,San Mateo,081,765935,12735,12008,11,12019,169
2020-11-11,Santa Barbara,083,443738,10644,10278,151,10429,134
2020-11-11,Santa Clara,085,1922200,29630,27075,55,27130,413
2020-11-11,Santa Cruz,087,273765,3571,3247,36,3283,25
2020-11-11,Shasta,089,179085,3810,2766,67,2833,36
2020-11-11,Sierra,091,2930,13,11,0,11,0
2020-11-11,Siskiyou,093,43540,344,261,16,277,0
2020-11-11,Solano,095,438530,8880,8353,41,8394,85
2020-11-11,Sonoma,097,501317,11061,10498,35,10533,150
2020-11-11,Stanislaus,099,539301,19430,18671,990,19661,422
2020-11-11,Sutter,101,95872,2380,2049,5,2054,12
2020-11-11,Tehama,103,63373,1270,1105,4,1109,7
2020-11-11,Trinity,105,12862,165,62,18,80,0
2020-11-11,Tulare,107,460477,19466,18500,730,19230,305
2020-11-11,Tuolumne,109,53932,606,354,7,361,7
2020-11-11,Ventura,111,848112,17033,15801,461,16262,158
2020-11-11,Yolo,113,214977,3924,3606,10,3616,63
2020-11-11,Yuba,115,75493,1529,1400,5,1405,10
2020-11-10,Alameda,001,1643700,26240,25008,250,25258,424
2020-11-10,Alpine,003,1148,29,9,0,9,0
2020-11-10,Amador,005,37829,417,384,0,384,16
2020-11-10,Butte,007,227075,3543,3327,123,3450,58
2020-11-10,Calaveras,009,45235,374,367,0,367,21
2020-11-10,Colusa,011,21464,606,590,1,591,6
2020-11-10,Contra Costa,013,1133247,21273,20326,109,20435,255
2020-11-10,Del Norte,015,27424,225,196,0,196,2
2020-11-10,El Dorado,017,186661,1758,1551,19,1570,4
2020-11-10,Fresno,019,978130,36779,33024,756,33780,465
2020-11-10,Glenn,021,27897,782,719,12,731,3
2020-11-10,Humboldt,023,135768,680,610,1,611,9
2020-11-10,Imperial,025,180216,14098,13570,26,13596,338
2020-11-10,Inyo,027,18085,267,252,5,257,14
2020-11-10,Kern,029,883053,36417,34858,683,35541,448
2020-11-10,Kings,031,150075,9684,9236,83,9319,85
2020-11-10,Lake,033,64148,809,762,0,762,16
2020-11-10,Lassen,035,31185,1120,830,2,832,0
2020-11-10,Los Angeles,037,10098052,335240,322569,3725,326294,7205
2020-11-10,Madera,039,155013,5553,5229,73,5302,54
2020-11-10,Marin,041,260295,7416,7259,23,7282,133
2020-11-10,Mariposa,043,17540,90,84,0,84,2
2020-11-10,Mendocino,045,87422,1236,1137,5,1142,22
2020-11-10,Merced,047,269075,10399,9992,65,10057,157
2020-11-10,Modoc,049,8938,77,61,13,74,0
2020-11-10,Mono,051,14174,471,443,9,452,2
2020-11-10,Monterey,053,433212,13024,12335,124,12459,100
2020-11-10,Napa,055,140530,2553,2341,10,2351,15
2020-11-10,Nevada,057,99092,884,734,23,757,9
2020-11-10,Orange,059,3164182,66724,62597,2003,64600,1504
2020-11-10,Placer,061,380077,5449,4902,47,4949,60
2020-11-10,Plumas,063,18699,142,108,0,108,0
2020-11-10,Riverside,065,2383286,76079,72316,916,73232,1359
2020-11-10,Sacramento,067,1510023,30568,28677,50,28727,519
2020-11-10,San Benito,069,59416,1593,1508,1,1509,15
2020-11-10,San Bernardino,071,2135413,75116,69666,704,70370,1182
2020-11-10,San Diego,073,3302833,66000,61085,2086,63171,915
2020-11-10,San Francisco,075,870044,13742,13210,70,13280,146
2020-11-10,San Joaquin,077,732212,23848,22865,328,23193,508
2020-11-10,San Luis Obispo,079,281455,5360,4780,65,4845,33
2020-11-10,San Mateo,081,765935,12635,11939,11,11950,169
2020-11-10,Santa Barbara,083,443738,10577,10252,147,10399,134
2020-11-10,Santa Clara,085,1922200,29282,26917,54,26971,409
2020-11-10,Santa Cruz,087,273765,3509,3221,36,3257,25
2020-11-10,Shasta,089,179085,3667,2686,59,2745,36
2020-11-10,Sierra,091,2930,12,10,0,10,0
2020-11-10,Siskiyou,093,43540,327,263,15,278,0
2020-11-10,Solano,095,438530,8783,8299,41,8340,85
2020-11-10,Sonoma,097,501317,10974,10414,35,10449,150
2020-11-10,Stanislaus,099,539301,19297,18592,966,19558,420
2020-11-10,Sutter,101,95872,2285,2035,4,2039,12
2020-11-10,Tehama,103,63373,1245,1099,3,1102,7
2020-11-10,Trinity,105,12862,156,62,16,78,0
2020-11-10,Tulare,107,460477,19351,18430,706,19136,305
2020-11-10,Tuolumne,109,53932,557,353,7,360,7
2020-11-10,Ventura,111,848112,16850,15625,459,16084,158
2020-11-10,Yolo,113,214977,3863,3573,10,3583,63
2020-11-10,Yuba,115,75493,1506,1392,5,1397,10
2020-11-09,Alameda,001,1643700,25994,24899,246,25145,424
2020-11-09,Alpine,003,1148,27,6,0,6,0
2020-11-09,Amador,005,37829,408,380,0,380,16
2020-11-09,Butte,007,227075,3498,3301,114,3415,57
2020-11-09,Calaveras,009,45235,370,360,0,360,21
2020-11-09,Colusa,011,21464,600,583,1,584,6
2020-11-09,Contra Costa,013,1133247,21099,20193,107,20300,255
2020-11-09,Del Norte,015,27424,219,195,0,195,2
2020-11-09,El Dorado,017,186661,1717,1515,19,1534,4
2020-11-09,Fresno,019,978130,36469,32755,716,33471,465
2020-11-09,Glenn,021,27897,776,714,9,723,3
2020-11-09,Humboldt,023,135768,667,607,1,608,9
2020-11-09,Imperial,025,180216,13979,13508,25,13533,338
2020-11-09,Inyo,027,18085,267,252,5,257,14
2020-11-09,Kern,029,883053,36187,34764,647,35411,448
2020-11-09,Kings,031,150075,9614,9141,81,9222,84
2020-11-09,Lake,033,64148,800,755,0,755,16
2020-11-09,Lassen,035,31185,1024,799,2,801,0
2020-11-09,Los Angeles,037,10098052,332142,320370,3650,324020,7180
2020-11-09,Madera,039,155013,5507,5209,70,5279,54
2020-11-09,Marin,041,260295,7390,7237,22,7259,131
2020-11-09,Mariposa,043,17540,90,84,0,84,2
2020-11-09,Mendocino,045,87422,1224,1132,5,1137,22
2020-11-09,Merced,047,269075,10296,9922,62,9984,157
2020-11-09,Modoc,049,8938,73,54,12,66,0
2020-11-09,Mono,051,14174,468,352,9,361,2
2020-11-09,Monterey,053,433212,12877,12148,116,12264,98
2020-11-09,Napa,055,140530,2510,2309,10,2319,15
2020-11-09,Nevada,057,99092,847,729,22,751,9
2020-11-09,Orange,059,3164182,66082,62335,1990,64325,1501
2020-11-09,Placer,061,380077,5364,4843,36,4879,60
2020-11-09,Plumas,063,18699,135,102,0,102,0
2020-11-09,Riverside,065,2383286,75297,72059,882,72941,1346
2020-11-09,Sacramento,067,1510023,30096,28200,49,28249,516
2020-11-09,San Benito,069,59416,1584,1506,1,1507,15
2020-11-09,San Bernardino,071,2135413,74062,69015,661,69676,1182
2020-11-09,San Diego,073,3302833,65145,60572,2046,62618,908
2020-11-09,San Francisco,075,870044,13622,12984,67,13051,146
2020-11-09,San Joaquin,077,732212,23683,22512,323,22835,505
2020-11-09,San Luis Obispo,079,281455,5273,4746,63,4809,32
2020-11-09,San Mateo,081,765935,12528,11857,11,11868,169
2020-11-09,Santa Barbara,083,443738,10520,10214,142,10356,134
2020-11-09,Santa Clara,085,1922200,28886,26693,54,26747,409
2020-11-09,Santa Cruz,087,273765,3451,3194,36,3230,25
2020-11-09,Shasta,089,179085,3513,2581,50,2631,36
2020-11-09,Sierra,091,2930,10,10,0,10,0
2020-11-09,Siskiyou,093,43540,316,257,13,270,0
2020-11-09,Solano,095,438530,8670,8254,40,8294,85
2020-11-09,Sonoma,097,501317,10866,10310,35,10345,150
2020-11-09,Stanislaus,099,539301,19148,18482,951,19433,418
2020-11-09,Sutter,101,95872,2218,2010,3,2013,12
2020-11-09,Tehama,103,63373,1208,1071,2,1073,7
2020-11-09,Trinity,105,12862,149,46,16,62,0
2020-11-09,Tulare,107,460477,19229,18272,675,18947,304
2020-11-09,Tuolumne,109,53932,503,346,6,352,7
2020-11-09,Ventura,111,848112,16648,15568,456,16024,156
2020-11-09,Yolo,113,214977,3802,3522,10,3532,62
2020-11-09,Yuba,115,75493,1473,1380,5,1385,10
2020-11-08,Alameda,001,1643700,25764,24731,246,24977,424
2020-11-08,Alpine,003,1148,24,6,0,6,0
2020-11-08,Amador,005,37829,401,376,0,376,16
2020-11-08,Butte,007,227075,3460,3285,106,3391,57
2020-11-08,Calaveras,009,45235,368,360,0,360,21
2020-11-08,Colusa,011,21464,597,583,1,584,6
2020-11-08,Contra Costa,013,1133247,20928,20031,105,20136,254
2020-11-08,Del Norte,015,27424,212,195,0,195,2
2020-11-08,El Dorado,017,186661,1680,1502,19,1521,4
2020-11-08,Fresno,019,978130,36131,32619,678,33297,465
2020-11-08,Glenn,021,27897,770,707,8,715,3
2020-11-08,Humboldt,023,135768,651,605,1,606,9
2020-11-08,Imperial,025,180216,13863,13428,25,13453,338
2020-11-08,Inyo,027,18085,264,252,5,257,14
2020-11-08,Kern,029,883053,35968,34644,629,35273,448
2020-11-08,Kings,031,150075,9481,9026,78,9104,84
2020-11-08,Lake,033,64148,792,754,0,754,16
2020-11-08,Lassen,035,31185,876,799,2,801,0
2020-11-08,Los Angeles,037,10098052,329014,318960,3585,322545,7176
2020-11-08,Madera,039,155013,5437,5196,67,5263,54
2020-11-08,Marin,041,260295,7370,7227,22,7249,131
2020-11-08,Mariposa,043,17540,90,83,0,83,2
2020-11-08,Mendocino,045,87422,1215,1129,5,1134,22
2020-11-08,Merced,047,269075,10221,9885,60,9945,157
2020-11-08,Modoc,049,8938,69,54,12,66,0
2020-11-08,Mono,051,14174,462,352,9,361,2
2020-11-08,Monterey,053,433212,12732,12122,106,12228,98
2020-11-08,Napa,055,140530,2471,2274,10,2284,15
2020-11-08,Nevada,057,99092,831,715,22,737,9
2020-11-08,Orange,059,3164182,65494,62034,1976,64010,1501
2020-11-08,Placer,061,380077,5261,4800,31,4831,60
2020-11-08,Plumas,063,18699,130,102,0,102,0
2020-11-08,Riverside,065,2383286,74642,71442,841,72283,1345
2020-11-08,Sacramento,067,1510023,29537,28059,46,28105,515
2020-11-08,San Benito,069,59416,1569,1496,1,1497,15
2020-11-08,San Bernardino,071,2135413,72810,68412,622,69034,1182
2020-11-08,San Diego,073,3302833,64300,60199,2002,62201,908
2020-11-08,San Francisco,075,870044,13492,12985,63,13048,146
2020-11-08,San Joaquin,077,732212,23489,22514,319,22833,505
2020-11-08,San Luis Obispo,079,281455,5207,4698,58,4756,32
2020-11-08,San Mateo,081,765935,12410,11783,11,11794,169
2020-11-08,Santa Barbara,083,443738,10450,10180,140,10320,134
2020-11-08,Santa Clara,085,1922200,28512,26442,53,26495,410
2020-11-08,Santa Cruz,087,273765,3394,3134,36,3170,25
2020-11-08,Shasta,089,179085,3377,2582,44,2626,36
2020-11-08,Sierra,091,2930,10,7,0,7,0
2020-11-08,Siskiyou,093,43540,304,246,12,258,0
2020-11-08,Solano,095,438530,8549,8132,39,8171,85
2020-11-08,Sonoma,097,501317,10759,10229,35,10264,149
2020-11-08,Stanislaus,099,539301,18974,18413,930,19343,418
2020-11-08,Sutter,101,95872,2160,1980,3,1983,12
2020-11-08,Tehama,103,63373,1182,1054,2,1056,7
2020-11-08,Trinity,105,12862,146,46,15,61,0
2020-11-08,Tulare,107,460477,19087,18272,646,18918,304
2020-11-08,Tuolumne,109,53932,477,341,6,347,7
2020-11-08,Ventura,111,848112,16453,15504,448,15952,156
2020-11-08,Yolo,113,214977,3740,3492,10,3502,61
2020-11-08,Yuba,115,75493,1452,1369,5,1374,10
2020-11-07,Alameda,001,1643700,25654,24578,244,24822,424
2020-11-07,Alpine,003,1148,24,6,0,6,0
2020-11-07,Amador,005,37829,398,375,0,375,16
2020-11-07,Butte,007,227075,3448,3277,101,3378,57
2020-11-07,Calaveras,009,45235,366,360,0,360,21
2020-11-07,Colusa,011,21464,597,583,1,584,6
2020-11-07,Contra Costa,013,1133247,20827,19943,104,20047,254
2020-11-07,Del Norte,015,27424,207,194,0,194,2
2020-11-07,El Dorado,017,186661,1655,1495,18,1513,4
2020-11-07,Fresno,019,978130,35976,32497,655,33152,465
2020-11-07,Glenn,021,27897,762,707,8,715,3
2020-11-07,Humboldt,023,135768,640,590,1,591,9
2020-11-07,Imperial,025,180216,13805,13388,24,13412,338
2020-11-07,Inyo,027,18085,262,252,5,257,14
2020-11-07,Kern,029,883053,35812,34513,619,35132,448
2020-11-07,Kings,031,150075,9448,9005,72,9077,84
2020-11-07,Lake,033,64148,788,751,0,751,16
2020-11-07,Lassen,035,31185,860,799,2,801,0
2020-11-07,Los Angeles,037,10098052,327501,316756,3518,320274,7174
2020-11-07,Madera,039,155013,5414,5177,65,5242,54
2020-11-07,Marin,041,260295,7359,7215,22,7237,131
2020-11-07,Mariposa,043,17540,90,81,0,81,2
2020-11-07,Mendocino,045,87422,1204,1118,5,1123,22
2020-11-07,Merced,047,269075,10189,9855,56,9911,157
2020-11-07,Modoc,049,8938,69,51,12,63,0
2020-11-07,Mono,051,14174,459,352,9,361,2
2020-11-07,Monterey,053,433212,12662,12030,102,12132,98
2020-11-07,Napa,055,140530,2441,2260,9,2269,15
2020-11-07,Nevada,057,99092,814,710,22,732,9
2020-11-07,Orange,059,3164182,65206,62038,1970,64008,1505
2020-11-07,Placer,061,380077,5198,4745,31,4776,60
2020-11-07,Plumas,063,18699,127,94,0,94,0
2020-11-07,Riverside,065,2383286,74247,71153,814,71967,1345
2020-11-07,Sacramento,067,1510023,29287,27773,46,27819,515
2020-11-07,San Benito,069,59416,1557,1489,1,1490,15
2020-11-07,San Bernardino,071,2135413,72294,67935,611,68546,1182
2020-11-07,San Diego,073,3302833,63788,59682,1970,61652,909
2020-11-07,San Francisco,075,870044,13431,12980,62,13042,146
2020-11-07,San Joaquin,077,732212,23381,22517,313,22830,505
2020-11-07,San Luis Obispo,079,281455,5158,4668,55,4723,32
2020-11-07,San Mateo,081,765935,12347,11711,11,11722,169
2020-11-07,Santa Barbara,083,443738,10408,10157,138,10295,134
2020-11-07,Santa Clara,085,1922200,28308,26244,52,26296,410
2020-11-07,Santa Cruz,087,273765,3356,3130,36,3166,25
2020-11-07,Shasta,089,179085,3310,2547,42,2589,36
2020-11-07,Sierra,091,2930,10,7,0,7,0
2020-11-07,Siskiyou,093,43540,300,241,12,253,0
2020-11-07,Solano,095,438530,8497,8066,39,8105,85
2020-11-07,Sonoma,097,501317,10713,10200,35,10235,149
2020-11-07,Stanislaus,099,539301,18863,18386,914,19300,418
2020-11-07,Sutter,101,95872,2120,1973,3,1976,12
2020-11-07,Tehama,103,63373,1157,1043,2,1045,7
2020-11-07,Trinity,105,12862,146,42,14,56,0
2020-11-07,Tulare,107,460477,19031,18229,628,18857,304
2020-11-07,Tuolumne,109,53932,465,327,6,333,7
2020-11-07,Ventura,111,848112,16393,15364,443,15807,156
2020-11-07,Yolo,113,214977,3709,3486,10,3496,61
2020-11-07,Yuba,115,75493,1437,1349,5,1354,10
2020-11-06,Alameda,001,1643700,25522,24389,242,24631,420
2020-11-06,Alpine,003,1148,24,6,0,6,0
2020-11-06,Amador,005,37829,396,369,0,369,16
2020-11-06,Butte,007,227075,3423,3254,93,3347,57
2020-11-06,Calaveras,009,45235,365,359,0,359,21
2020-11-06,Colusa,011,21464,595,580,1,581,6
2020-11-06,Contra Costa,013,1133247,20680,19744,104,19848,252
2020-11-06,Del Norte,015,27424,204,194,0,194,2
2020-11-06,El Dorado,017,186661,1629,1475,18,1493,4
2020-11-06,Fresno,019,978130,35788,32278,639,32917,460
2020-11-06,Glenn,021,27897,756,707,7,714,3
2020-11-06,Humboldt,023,135768,637,587,1,588,9
2020-11-06,Imperial,025,180216,13751,13230,24,13254,338
2020-11-06,Inyo,027,18085,260,246,5,251,14
2020-11-06,Kern,029,883053,35648,34360,602,34962,443
2020-11-06,Kings,031,150075,9424,8883,70,8953,83
2020-11-06,Lake,033,64148,787,741,0,741,16
2020-11-06,Lassen,035,31185,852,794,2,796,0
2020-11-06,Los Angeles,037,10098052,325531,314356,3466,317822,7160
2020-11-06,Madera,039,155013,5398,5136,64,5200,54
2020-11-06,Marin,041,260295,7338,7184,22,7206,131
2020-11-06,Mariposa,043,17540,89,79,0,79,2
2020-11-06,Mendocino,045,87422,1199,1113,5,1118,22
2020-11-06,Merced,047,269075,10149,9778,53,9831,157
2020-11-06,Modoc,049,8938,69,48,12,60,0
2020-11-06,Mono,051,14174,453,308,9,317,1
2020-11-06,Monterey,053,433212,12545,11914,101,12015,96
2020-11-06,Napa,055,140530,2416,2189,9,2198,15
2020-11-06,Nevada,057,99092,801,692,21,713,9
2020-11-06,Orange,059,3164182,64903,61049,1960,63009,1494
2020-11-06,Placer,061,380077,5125,4680,31,4711,60
2020-11-06,Plumas,063,18699,122,90,0,90,0
2020-11-06,Riverside,065,2383286,73797,70409,773,71182,1341
2020-11-06,Sacramento,067,1510023,28996,27489,44,27533,514
2020-11-06,San Benito,069,59416,1548,1479,1,1480,15
2020-11-06,San Bernardino,071,2135413,71697,66740,591,67331,1179
2020-11-06,San Diego,073,3302833,63264,59143,1938,61081,907
2020-11-06,San Francisco,075,870044,13361,12825,61,12886,146
2020-11-06,San Joaquin,077,732212,23296,22424,303,22727,502
2020-11-06,San Luis Obispo,079,281455,5093,4531,49,4580,32
2020-11-06,San Mateo,081,765935,12272,11587,11,11598,168
2020-11-06,Santa Barbara,083,443738,10372,10118,134,10252,133
2020-11-06,Santa Clara,085,1922200,28066,25831,52,25883,402
2020-11-06,Santa Cruz,087,273765,3318,3063,36,3099,25
2020-11-06,Shasta,089,179085,3237,2475,41,2516,35
2020-11-06,Sierra,091,2930,9,7,0,7,0
2020-11-06,Siskiyou,093,43540,287,237,11,248,0
2020-11-06,Solano,095,438530,8431,7959,39,7998,85
2020-11-06,Sonoma,097,501317,10663,10142,35,10177,149
2020-11-06,Stanislaus,099,539301,18776,18250,906,19156,417
2020-11-06,Sutter,101,95872,2093,1937,2,1939,12
2020-11-06,Tehama,103,63373,1136,1024,2,1026,6
2020-11-06,Trinity,105,12862,143,41,14,55,0
2020-11-06,Tulare,107,460477,18967,18136,603,18739,300
2020-11-06,Tuolumne,109,53932,441,316,6,322,5
2020-11-06,Ventura,111,848112,16307,15222,440,15662,154
2020-11-06,Yolo,113,214977,3680,3420,10,3430,62
2020-11-06,Yuba,115,75493,1424,1335,5,1340,10
2020-11-05,Alameda,001,1643700,25346,24270,242,24512,420
2020-11-05,Alpine,003,1148,24,6,0,6,0
2020-11-05,Amador,005,37829,393,363,0,363,16
2020-11-05,Butte,007,227075,3400,3239,87,3326,57
2020-11-05,Calaveras,009,45235,357,333,0,333,19
2020-11-05,Colusa,011,21464,591,574,1,575,6
2020-11-05,Contra Costa,013,1133247,20497,19656,101,19757,252
2020-11-05,Del Norte,015,27424,202,192,0,192,2
2020-11-05,El Dorado,017,186661,1605,1466,18,1484,4
2020-11-05,Fresno,019,978130,35546,32056,615,32671,460
2020-11-05,Glenn,021,27897,736,702,7,709,3
2020-11-05,Humboldt,023,135768,627,581,1,582,9
2020-11-05,Imperial,025,180216,13659,13178,23,13201,337
2020-11-05,Inyo,027,18085,259,247,5,252,14
2020-11-05,Kern,029,883053,35447,34232,589,34821,443
2020-11-05,Kings,031,150075,9269,8846,67,8913,83
2020-11-05,Lake,033,64148,783,739,0,739,16
2020-11-05,Lassen,035,31185,821,782,2,784,0
2020-11-05,Los Angeles,037,10098052,323176,312381,3413,315794,7146
2020-11-05,Madera,039,155013,5360,5129,61,5190,54
2020-11-05,Marin,041,260295,7315,7171,22,7193,131
2020-11-05,Mariposa,043,17540,88,79,0,79,2
2020-11-05,Mendocino,045,87422,1187,1112,5,1117,22
2020-11-05,Merced,047,269075,10090,9753,48,9801,155
2020-11-05,Modoc,049,8938,68,47,11,58,0
2020-11-05,Mono,051,14174,451,307,9,316,1
2020-11-05,Monterey,053,433212,12435,11784,97,11881,96
2020-11-05,Napa,055,140530,2389,2158,9,2167,15
2020-11-05,Nevada,057,99092,779,687,20,707,9
2020-11-05,Orange,059,3164182,64456,60740,1949,62689,1484
2020-11-05,Placer,061,380077,5056,4627,26,4653,60
2020-11-05,Plumas,063,18699,114,90,0,90,0
2020-11-05,Riverside,065,2383286,73086,70094,717,70811,1338
2020-11-05,Sacramento,067,1510023,28616,27232,43,27275,512
2020-11-05,San Benito,069,59416,1533,1477,1,1478,15
2020-11-05,San Bernardino,071,2135413,70869,66407,579,66986,1174
2020-11-05,San Diego,073,3302833,62638,58659,1912,60571,904
2020-11-05,San Francisco,075,870044,13249,12726,60,12786,146
2020-11-05,San Joaquin,077,732212,23132,22318,299,22617,502
2020-11-05,San Luis Obispo,079,281455,5026,4459,47,4506,32
2020-11-05,San Mateo,081,765935,12178,11535,11,11546,168
2020-11-05,Santa Barbara,083,443738,10328,10080,131,10211,133
2020-11-05,Santa Clara,085,1922200,27801,25651,52,25703,402
2020-11-05,Santa Cruz,087,273765,3280,3023,36,3059,25
2020-11-05,Shasta,089,179085,3147,2401,40,2441,34
2020-11-05,Sierra,091,2930,9,6,0,6,0
2020-11-05,Siskiyou,093,43540,276,228,11,239,0
2020-11-05,Solano,095,438530,8348,7842,39,7881,85
2020-11-05,Sonoma,097,501317,10551,10064,34,10098,145
2020-11-05,Stanislaus,099,539301,18662,18194,893,19087,417
2020-11-05,Sutter,101,95872,2061,1925,2,1927,12
2020-11-05,Tehama,103,63373,1115,1015,2,1017,6
2020-11-05,Trinity,105,12862,127,41,14,55,0
2020-11-05,Tulare,107,460477,18878,18049,577,18626,301
2020-11-05,Tuolumne,109,53932,412,312,6,318,5
2020-11-05,Ventura,111,848112,16141,15113,429,15542,155
2020-11-05,Yolo,113,214977,3630,3391,10,3401,61
2020-11-05,Yuba,115,75493,1406,1322,5,1327,10
2020-11-04,Alameda,001,1643700,25170,24172,240,24412,418
2020-11-04,Alpine,003,1148,20,5,0,5,0
2020-11-04,Amador,005,37829,390,362,0,362,16
2020-11-04,Butte,007,227075,3375,3218,84,3302,57
2020-11-04,Calaveras,009,45235,354,290,0,290,19
2020-11-04,Colusa,011,21464,589,571,1,572,6
2020-11-04,Contra Costa,013,1133247,20332,19472,98,19570,251
2020-11-04,Del Norte,015,27424,198,188,0,188,2
2020-11-04,El Dorado,017,186661,1590,1448,15,1463,4
2020-11-04,Fresno,019,978130,35314,31952,587,32539,457
2020-11-04,Glenn,021,27897,732,701,6,707,3
2020-11-04,Humboldt,023,135768,618,571,1,572,9
2020-11-04,Imperial,025,180216,13561,13087,23,13110,335
2020-11-04,Inyo,027,18085,258,247,5,252,14
2020-11-04,Kern,029,883053,35292,34027,578,34605,439
2020-11-04,Kings,031,150075,9235,8817,65,8882,83
2020-11-04,Lake,033,64148,776,735,0,735,16
2020-11-04,Lassen,035,31185,816,781,2,783,0
2020-11-04,Los Angeles,037,10098052,320864,310456,3335,313791,7124
2020-11-04,Madera,039,155013,5340,5083,57,5140,54
2020-11-04,Marin,041,260295,7303,7157,22,7179,131
2020-11-04,Mariposa,043,17540,88,79,0,79,2
2020-11-04,Mendocino,045,87422,1169,1089,5,1094,22
2020-11-04,Merced,047,269075,10041,9717,46,9763,153
2020-11-04,Modoc,049,8938,59,47,11,58,0
2020-11-04,Mono,051,14174,448,237,8,245,1
2020-11-04,Monterey,053,433212,12231,11743,91,11834,96
2020-11-04,Napa,055,140530,2335,2133,9,2142,15
2020-11-04,Nevada,057,99092,760,675,20,695,9
2020-11-04,Orange,059,3164182,64021,60463,1928,62391,1483
2020-11-04,Placer,061,380077,4980,4526,23,4549,60
2020-11-04,Plumas,063,18699,112,88,0,88,0
2020-11-04,Riverside,065,2383286,72469,69562,658,70220,1335
2020-11-04,Sacramento,067,1510023,28266,27005,42,27047,510
2020-11-04,San Benito,069,59416,1518,1464,1,1465,15
2020-11-04,San Bernardino,071,2135413,70073,65891,556,66447,1169
2020-11-04,San Diego,073,3302833,61992,58126,1886,60012,904
2020-11-04,San Francisco,075,870044,13166,12649,57,12706,146
2020-11-04,San Joaquin,077,732212,22995,22197,286,22483,500
2020-11-04,San Luis Obispo,079,281455,4959,4389,45,4434,32
2020-11-04,San Mateo,081,765935,12084,11456,11,11467,168
2020-11-04,Santa Barbara,083,443738,10290,10026,130,10156,132
2020-11-04,Santa Clara,085,1922200,27540,25487,52,25539,393
2020-11-04,Santa Cruz,087,273765,3243,2997,36,3033,25
2020-11-04,Shasta,089,179085,3016,2321,35,2356,34
2020-11-04,Sierra,091,2930,9,6,0,6,0
2020-11-04,Siskiyou,093,43540,267,222,11,233,0
2020-11-04,Solano,095,438530,8249,7733,39,7772,85
2020-11-04,Sonoma,097,501317,10457,9965,34,9999,142
2020-11-04,Stanislaus,099,539301,18544,18114,878,18992,416
2020-11-04,Sutter,101,95872,2027,1916,2,1918,12
2020-11-04,Tehama,103,63373,1088,997,2,999,6
2020-11-04,Trinity,105,12862,123,37,14,51,0
2020-11-04,Tulare,107,460477,18768,17952,549,18501,298
2020-11-04,Tuolumne,109,53932,388,310,6,316,5
2020-11-04,Ventura,111,848112,16001,14936,426,15362,155
2020-11-04,Yolo,113,214977,3590,3361,10,3371,62
2020-11-04,Yuba,115,75493,1385,1312,5,1317,10
2020-11-03,Alameda,001,1643700,24986,24055,238,24293,418
2020-11-03,Alpine,003,1148,19,4,0,4,0
2020-11-03,Amador,005,37829,385,361,0,361,16
2020-11-03,Butte,007,227075,3352,3211,78,3289,57
2020-11-03,Calaveras,009,45235,350,287,0,287,19
2020-11-03,Colusa,011,21464,584,572,1,573,6
2020-11-03,Contra Costa,013,1133247,20177,19416,98,19514,250
2020-11-03,Del Norte,015,27424,197,187,0,187,2
2020-11-03,El Dorado,017,186661,1568,1445,14,1459,4
2020-11-03,Fresno,019,978130,35051,31856,564,32420,457
2020-11-03,Glenn,021,27897,726,698,6,704,3
2020-11-03,Humboldt,023,135768,612,570,1,571,8
2020-11-03,Imperial,025,180216,13471,13044,22,13066,335
2020-11-03,Inyo,027,18085,257,244,5,249,14
2020-11-03,Kern,029,883053,35101,33957,567,34524,439
2020-11-03,Kings,031,150075,9072,8783,60,8843,83
2020-11-03,Lake,033,64148,766,732,0,732,16
2020-11-03,Lassen,035,31185,807,782,2,784,0
2020-11-03,Los Angeles,037,10098052,318407,308812,3268,312080,7104
2020-11-03,Madera,039,155013,5304,5058,56,5114,54
2020-11-03,Marin,041,260295,7283,7147,21,7168,131
2020-11-03,Mariposa,043,17540,87,79,0,79,2
2020-11-03,Mendocino,045,87422,1154,1084,5,1089,22
2020-11-03,Merced,047,269075,9988,9713,45,9758,153
2020-11-03,Modoc,049,8938,57,47,9,56,0
2020-11-03,Mono,051,14174,444,210,8,218,1
2020-11-03,Monterey,053,433212,12162,11703,86,11789,94
2020-11-03,Napa,055,140530,2299,2130,9,2139,15
2020-11-03,Nevada,057,99092,740,670,19,689,9
2020-11-03,Orange,059,3164182,63591,60283,1916,62199,1477
2020-11-03,Placer,061,380077,4907,4514,23,4537,60
2020-11-03,Plumas,063,18699,109,86,0,86,0
2020-11-03,Riverside,065,2383286,71850,69300,633,69933,1325
2020-11-03,Sacramento,067,1510023,27885,26841,40,26881,510
2020-11-03,San Benito,069,59416,1508,1463,1,1464,15
2020-11-03,San Bernardino,071,2135413,69262,65320,549,65869,1159
2020-11-03,San Diego,073,3302833,61316,57722,1842,59564,901
2020-11-03,San Francisco,075,870044,13044,12585,57,12642,146
2020-11-03,San Joaquin,077,732212,22860,22109,280,22389,500
2020-11-03,San Luis Obispo,079,281455,4875,4371,43,4414,32
2020-11-03,San Mateo,081,765935,11989,11406,11,11417,162
2020-11-03,Santa Barbara,083,443738,10236,10008,126,10134,132
2020-11-03,Santa Clara,085,1922200,27266,25386,51,25437,393
2020-11-03,Santa Cruz,087,273765,3193,2980,35,3015,25
2020-11-03,Shasta,089,179085,2922,2288,28,2316,33
2020-11-03,Sierra,091,2930,7,6,0,6,0
2020-11-03,Siskiyou,093,43540,263,219,11,230,0
2020-11-03,Solano,095,438530,8165,7691,39,7730,85
2020-11-03,Sonoma,097,501317,10355,9906,34,9940,142
2020-11-03,Stanislaus,099,539301,18423,18080,867,18947,416
2020-11-03,Sutter,101,95872,1994,1914,2,1916,12
2020-11-03,Tehama,103,63373,1067,988,2,990,6
2020-11-03,Trinity,105,12862,116,36,13,49,0
2020-11-03,Tulare,107,460477,18662,17890,524,18414,297
2020-11-03,Tuolumne,109,53932,365,302,6,308,5
2020-11-03,Ventura,111,848112,15874,14816,419,15235,155
2020-11-03,Yolo,113,214977,3538,3343,10,3353,61
2020-11-03,Yuba,115,75493,1372,1295,5,1300,10
2020-11-02,Alameda,001,1643700,24790,23991,236,24227,419
2020-11-02,Alpine,003,1148,16,4,0,4,0
2020-11-02,Amador,005,37829,377,357,0,357,16
2020-11-02,Butte,007,227075,3332,3198,75,3273,57
2020-11-02,Calaveras,009,45235,350,282,0,282,18
2020-11-02,Colusa,011,21464,579,571,1,572,6
2020-11-02,Contra Costa,013,1133247,20020,19339,97,19436,250
2020-11-02,Del Norte,015,27424,194,175,0,175,2
2020-11-02,El Dorado,017,186661,1544,1405,14,1419,4
2020-11-02,Fresno,019,978130,34782,31738,547,32285,451
2020-11-02,Glenn,021,27897,720,692,5,697,3
2020-11-02,Humboldt,023,135768,603,569,1,570,8
2020-11-02,Imperial,025,180216,13391,13004,21,13025,334
2020-11-02,Inyo,027,18085,254,243,5,248,14
2020-11-02,Kern,029,883053,34943,33834,557,34391,437
2020-11-02,Kings,031,150075,9042,8654,57,8711,82
2020-11-02,Lake,033,64148,760,728,0,728,17
2020-11-02,Lassen,035,31185,799,782,2,784,0
2020-11-02,Los Angeles,037,10098052,316059,307620,3194,310814,7079
2020-11-02,Madera,039,155013,5273,5033,55,5088,54
2020-11-02,Marin,041,260295,7265,7132,20,7152,125
2020-11-02,Mariposa,043,17540,87,79,0,79,2
2020-11-02,Mendocino,045,87422,1140,1076,5,1081,21
2020-11-02,Merced,047,269075,9926,9664,39,9703,152
2020-11-02,Modoc,049,8938,54,45,5,50,0
2020-11-02,Mono,051,14174,442,211,8,219,1
2020-11-02,Monterey,053,433212,12055,11602,83,11685,93
2020-11-02,Napa,055,140530,2257,2081,9,2090,15
2020-11-02,Nevada,057,99092,724,656,19,675,9
2020-11-02,Orange,059,3164182,63185,59996,1901,61897,1474
2020-11-02,Placer,061,380077,4837,4461,21,4482,60
2020-11-02,Plumas,063,18699,101,86,0,86,0
2020-11-02,Riverside,065,2383286,71219,68833,592,69425,1321
2020-11-02,Sacramento,067,1510023,27543,26676,38,26714,508
2020-11-02,San Benito,069,59416,1496,1459,1,1460,15
2020-11-02,San Bernardino,071,2135413,68406,64629,538,65167,1157
2020-11-02,San Diego,073,3302833,60593,57429,1797,59226,891
2020-11-02,San Francisco,075,870044,12947,12436,56,12492,145
2020-11-02,San Joaquin,077,732212,22720,21919,272,22191,500
2020-11-02,San Luis Obispo,079,281455,4775,4303,40,4343,31
2020-11-02,San Mateo,081,765935,11880,11328,11,11339,161
2020-11-02,Santa Barbara,083,443738,10195,9985,121,10106,130
2020-11-02,Santa Clara,085,1922200,26979,25222,51,25273,387
2020-11-02,Santa Cruz,087,273765,3151,2943,35,2978,25
2020-11-02,Shasta,089,179085,2819,2174,24,2198,33
2020-11-02,Sierra,091,2930,7,6,0,6,0
2020-11-02,Siskiyou,093,43540,253,216,11,227,0
2020-11-02,Solano,095,438530,8047,7665,39,7704,84
2020-11-02,Sonoma,097,501317,10273,9796,33,9829,140
2020-11-02,Stanislaus,099,539301,18327,18005,858,18863,412
2020-11-02,Sutter,101,95872,1970,1895,2,1897,12
2020-11-02,Tehama,103,63373,1044,971,2,973,6
2020-11-02,Trinity,105,12862,110,30,13,43,0
2020-11-02,Tulare,107,460477,18568,17774,504,18278,299
2020-11-02,Tuolumne,109,53932,349,302,6,308,5
2020-11-02,Ventura,111,848112,15733,14767,405,15172,156
2020-11-02,Yolo,113,214977,3490,3318,10,3328,61
2020-11-02,Yuba,115,75493,1359,1280,5,1285,10
2020-11-01,Alameda,001,1643700,24627,23892,234,24126,419
2020-11-01,Alpine,003,1148,10,4,0,4,0
2020-11-01,Amador,005,37829,374,352,0,352,16
2020-11-01,Butte,007,227075,3309,3185,74,3259,57
2020-11-01,Calaveras,009,45235,349,282,0,282,18
2020-11-01,Colusa,011,21464,577,567,1,568,6
2020-11-01,Contra Costa,013,1133247,19847,19246,96,19342,250
2020-11-01,Del Norte,015,27424,190,175,0,175,2
2020-11-01,El Dorado,017,186661,1528,1394,14,1408,4
2020-11-01,Fresno,019,978130,34526,31613,527,32140,451
2020-11-01,Glenn,021,27897,711,688,3,691,3
2020-11-01,Humboldt,023,135768,595,568,1,569,8
2020-11-01,Imperial,025,180216,13300,12969,19,12988,334
2020-11-01,Inyo,027,18085,252,241,5,246,14
2020-11-01,Kern,029,883053,34762,33760,477,34237,437
2020-11-01,Kings,031,150075,9004,8641,56,8697,82
2020-11-01,Lake,033,64148,754,727,0,727,17
2020-11-01,Lassen,035,31185,799,782,2,784,0
2020-11-01,Los Angeles,037,10098052,313488,306217,3103,309320,7077
2020-11-01,Madera,039,155013,5226,5019,53,5072,54
2020-11-01,Marin,041,260295,7248,7124,20,7144,125
2020-11-01,Mariposa,043,17540,83,79,0,79,2
2020-11-01,Mendocino,045,87422,1126,1074,5,1079,21
2020-11-01,Merced,047,269075,9865,9626,39,9665,152
2020-11-01,Modoc,049,8938,53,45,5,50,0
2020-11-01,Mono,051,14174,413,211,7,218,1
2020-11-01,Monterey,053,433212,11948,11587,80,11667,93
2020-11-01,Napa,055,140530,2223,2067,9,2076,15
2020-11-01,Nevada,057,99092,708,646,18,664,9
2020-11-01,Orange,059,3164182,62783,59733,1875,61608,1475
2020-11-01,Placer,061,380077,4769,4422,20,4442,58
2020-11-01,Plumas,063,18699,96,86,0,86,0
2020-11-01,Riverside,065,2383286,70589,68493,557,69050,1319
2020-11-01,Sacramento,067,1510023,27221,26442,38,26480,508
2020-11-01,San Benito,069,59416,1481,1451,1,1452,15
2020-11-01,San Bernardino,071,2135413,67565,64339,517,64856,1157
2020-11-01,San Diego,073,3302833,59905,57122,1757,58879,891
2020-11-01,San Francisco,075,870044,12824,12436,51,12487,145
2020-11-01,San Joaquin,077,732212,22592,21919,266,22185,500
2020-11-01,San Luis Obispo,079,281455,4695,4303,39,4342,31
2020-11-01,San Mateo,081,765935,11799,11280,11,11291,160
2020-11-01,Santa Barbara,083,443738,10144,9969,105,10074,130
2020-11-01,Santa Clara,085,1922200,26696,25090,51,25141,386
2020-11-01,Santa Cruz,087,273765,3098,2921,35,2956,25
2020-11-01,Shasta,089,179085,2684,2172,23,2195,33
2020-11-01,Sierra,091,2930,7,6,0,6,0
2020-11-01,Siskiyou,093,43540,248,205,11,216,0
2020-11-01,Solano,095,438530,7957,7591,39,7630,84
2020-11-01,Sonoma,097,501317,10181,9688,33,9721,140
2020-11-01,Stanislaus,099,539301,18226,17961,839,18800,412
2020-11-01,Sutter,101,95872,1944,1888,1,1889,12
2020-11-01,Tehama,103,63373,1027,965,2,967,5
2020-11-01,Trinity,105,12862,108,30,12,42,0
2020-11-01,Tulare,107,460477,18456,17774,473,18247,299
2020-11-01,Tuolumne,109,53932,328,295,6,301,5
2020-11-01,Ventura,111,848112,15585,14686,377,15063,156
2020-11-01,Yolo,113,214977,3442,3303,10,3313,60
2020-11-01,Yuba,115,75493,1342,1273,5,1278,10
2020-10-31,Alameda,001,1643700,24511,23780,230,24010,416
2020-10-31,Alpine,003,1148,10,4,0,4,0
2020-10-31,Amador,005,37829,370,347,0,347,16
2020-10-31,Butte,007,227075,3296,3172,72,3244,57
2020-10-31,Calaveras,009,45235,349,280,0,280,18
2020-10-31,Colusa,011,21464,575,555,1,556,6
2020-10-31,Contra Costa,013,1133247,19742,19161,96,19257,249
2020-10-31,Del Norte,015,27424,189,175,0,175,2
2020-10-31,El Dorado,017,186661,1519,1390,14,1404,4
2020-10-31,Fresno,019,978130,34389,31558,524,32082,451
2020-10-31,Glenn,021,27897,709,678,3,681,3
2020-10-31,Humboldt,023,135768,592,561,1,562,8
2020-10-31,Imperial,025,180216,13258,12912,19,12931,334
2020-10-31,Inyo,027,18085,251,241,5,246,14
2020-10-31,Kern,029,883053,34659,33666,468,34134,437
2020-10-31,Kings,031,150075,8983,8612,55,8667,82
2020-10-31,Lake,033,64148,750,724,0,724,16
2020-10-31,Lassen,035,31185,794,782,2,784,0
2020-10-31,Los Angeles,037,10098052,312110,304704,3064,307768,7073
2020-10-31,Madera,039,155013,5207,5013,50,5063,54
2020-10-31,Marin,041,260295,7232,7112,20,7132,125
2020-10-31,Mariposa,043,17540,83,79,0,79,2
2020-10-31,Mendocino,045,87422,1118,1066,5,1071,21
2020-10-31,Merced,047,269075,9832,9597,38,9635,151
2020-10-31,Modoc,049,8938,52,34,4,38,0
2020-10-31,Mono,051,14174,264,194,6,200,1
2020-10-31,Monterey,053,433212,11880,11539,76,11615,93
2020-10-31,Napa,055,140530,2204,2040,9,2049,15
2020-10-31,Nevada,057,99092,690,644,18,662,9
2020-10-31,Orange,059,3164182,62524,59488,1857,61345,1473
2020-10-31,Placer,061,380077,4719,4374,19,4393,58
2020-10-31,Plumas,063,18699,95,85,0,85,0
2020-10-31,Riverside,065,2383286,70232,68178,534,68712,1319
2020-10-31,Sacramento,067,1510023,27022,26316,36,26352,507
2020-10-31,San Benito,069,59416,1474,1448,1,1449,15
2020-10-31,San Bernardino,071,2135413,67139,64016,507,64523,1157
2020-10-31,San Diego,073,3302833,59452,56769,1729,58498,891
2020-10-31,San Francisco,075,870044,12750,12438,50,12488,145
2020-10-31,San Joaquin,077,732212,22517,21918,257,22175,500
2020-10-31,San Luis Obispo,079,281455,4626,4285,36,4321,31
2020-10-31,San Mateo,081,765935,11748,11253,11,11264,160
2020-10-31,Santa Barbara,083,443738,10115,9957,97,10054,130
2020-10-31,Santa Clara,085,1922200,26528,24957,51,25008,379
2020-10-31,Santa Cruz,087,273765,3063,2895,34,2929,25
2020-10-31,Shasta,089,179085,2630,2122,22,2144,33
2020-10-31,Sierra,091,2930,7,6,0,6,0
2020-10-31,Siskiyou,093,43540,246,200,11,211,0
2020-10-31,Solano,095,438530,7892,7545,39,7584,84
2020-10-31,Sonoma,097,501317,10128,9648,33,9681,140
2020-10-31,Stanislaus,099,539301,18163,17920,823,18743,412
2020-10-31,Sutter,101,95872,1935,1876,1,1877,12
2020-10-31,Tehama,103,63373,1017,953,2,955,5
2020-10-31,Trinity,105,12862,105,30,12,42,0
2020-10-31,Tulare,107,460477,18407,17758,466,18224,299
2020-10-31,Tuolumne,109,53932,321,290,6,296,5
2020-10-31,Ventura,111,848112,15501,14635,359,14994,155
2020-10-31,Yolo,113,214977,3407,3290,10,3300,60
2020-10-31,Yuba,115,75493,1326,1260,4,1264,10
2020-10-30,Alameda,001,1643700,24432,23676,228,23904,401
2020-10-30,Alpine,003,1148,10,4,0,4,0
2020-10-30,Amador,005,37829,370,344,0,344,16
2020-10-30,Butte,007,227075,3291,3160,72,3232,57
2020-10-30,Calaveras,009,45235,348,279,0,279,18
2020-10-30,Colusa,011,21464,573,554,1,555,6
2020-10-30,Contra Costa,013,1133247,19669,19074,96,19170,249
2020-10-30,Del Norte,015,27424,188,175,0,175,2
2020-10-30,El Dorado,017,186661,1506,1386,14,1400,4
2020-10-30,Fresno,019,978130,34267,31409,516,31925,446
2020-10-30,Glenn,021,27897,703,674,2,676,3
2020-10-30,Humboldt,023,135768,591,561,1,562,7
2020-10-30,Imperial,025,180216,13217,12853,19,12872,334
2020-10-30,Inyo,027,18085,250,241,5,246,14
2020-10-30,Kern,029,883053,34566,33583,467,34050,437
2020-10-30,Kings,031,150075,8973,8564,53,8617,82
2020-10-30,Lake,033,64148,750,720,0,720,16
2020-10-30,Lassen,035,31185,788,777,2,779,0
2020-10-30,Los Angeles,037,10098052,310674,303425,3029,306454,7060
2020-10-30,Madera,039,155013,5194,4991,48,5039,54
2020-10-30,Marin,041,260295,7212,7097,20,7117,125
2020-10-30,Mariposa,043,17540,83,78,0,78,2
2020-10-30,Mendocino,045,87422,1116,1062,5,1067,21
2020-10-30,Merced,047,269075,9800,9539,38,9577,150
2020-10-30,Modoc,049,8938,51,34,3,37,0
2020-10-30,Mono,051,14174,263,193,6,199,1
2020-10-30,Monterey,053,433212,11817,11491,71,11562,92
2020-10-30,Napa,055,140530,2186,2028,9,2037,15
2020-10-30,Nevada,057,99092,684,634,18,652,9
2020-10-30,Orange,059,3164182,62283,59334,1845,61179,1469
2020-10-30,Placer,061,380077,4672,4335,19,4354,58
2020-10-30,Plumas,063,18699,92,80,0,80,0
2020-10-30,Riverside,065,2383286,69893,67752,514,68266,1317
2020-10-30,Sacramento,067,1510023,26874,26147,36,26183,505
2020-10-30,San Benito,069,59416,1468,1440,1,1441,15
2020-10-30,San Bernardino,071,2135413,66723,63512,504,64016,1156
2020-10-30,San Diego,073,3302833,59047,56387,1707,58094,888
2020-10-30,San Francisco,075,870044,12695,12384,50,12434,145
2020-10-30,San Joaquin,077,732212,22450,21849,251,22100,500
2020-10-30,San Luis Obispo,079,281455,4584,4256,36,4292,31
2020-10-30,San Mateo,081,765935,11689,11207,11,11218,159
2020-10-30,Santa Barbara,083,443738,10092,9937,97,10034,128
2020-10-30,Santa Clara,085,1922200,26380,24811,51,24862,378
2020-10-30,Santa Cruz,087,273765,3045,2874,34,2908,25
2020-10-30,Shasta,089,179085,2586,2048,21,2069,32
2020-10-30,Sierra,091,2930,7,6,0,6,0
2020-10-30,Siskiyou,093,43540,246,192,11,203,0
2020-10-30,Solano,095,438530,7831,7497,39,7536,84
2020-10-30,Sonoma,097,501317,10053,9602,33,9635,140
2020-10-30,Stanislaus,099,539301,18115,17861,808,18669,410
2020-10-30,Sutter,101,95872,1922,1860,1,1861,12
2020-10-30,Tehama,103,63373,1013,932,2,934,5
2020-10-30,Trinity,105,12862,105,29,12,41,0
2020-10-30,Tulare,107,460477,18362,17682,452,18134,299
2020-10-30,Tuolumne,109,53932,313,286,6,292,4
2020-10-30,Ventura,111,848112,15428,14578,348,14926,154
2020-10-30,Yolo,113,214977,3390,3263,10,3273,60
2020-10-30,Yuba,115,75493,1318,1256,4,1260,10
2020-10-29,Alameda,001,1643700,24269,23530,227,23757,401
2020-10-29,Alpine,003,1148,7,4,0,4,0
2020-10-29,Amador,005,37829,366,338,0,338,16
2020-10-29,Butte,007,227075,3273,3143,70,3213,57
2020-10-29,Calaveras,009,45235,346,278,0,278,13
2020-10-29,Colusa,011,21464,569,552,1,553,6
2020-10-29,Contra Costa,013,1133247,19571,18933,95,19028,249
2020-10-29,Del Norte,015,27424,186,174,0,174,2
2020-10-29,El Dorado,017,186661,1484,1370,14,1384,4
2020-10-29,Fresno,019,978130,34109,31321,509,31830,445
2020-10-29,Glenn,021,27897,701,673,2,675,3
2020-10-29,Humboldt,023,135768,586,559,1,560,7
2020-10-29,Imperial,025,180216,13174,12769,19,12788,334
2020-10-29,Inyo,027,18085,248,238,5,243,14
2020-10-29,Kern,029,883053,34465,33460,463,33923,437
2020-10-29,Kings,031,150075,8819,8502,52,8554,82
2020-10-29,Lake,033,64148,747,702,0,702,16
2020-10-29,Lassen,035,31185,787,772,2,774,0
2020-10-29,Los Angeles,037,10098052,309046,302246,2983,305229,7046
2020-10-29,Madera,039,155013,5163,4970,46,5016,53
2020-10-29,Marin,041,260295,7198,7083,20,7103,125
2020-10-29,Mariposa,043,17540,81,78,0,78,2
2020-10-29,Mendocino,045,87422,1110,1058,5,1063,21
2020-10-29,Merced,047,269075,9748,9496,38,9534,150
2020-10-29,Modoc,049,8938,49,31,3,34,0
2020-10-29,Mono,051,14174,256,176,6,182,1
2020-10-29,Monterey,053,433212,11736,11425,69,11494,92
2020-10-29,Napa,055,140530,2162,2009,9,2018,15
2020-10-29,Nevada,057,99092,677,632,18,650,9
2020-10-29,Orange,059,3164182,62015,59046,1825,60871,1464
2020-10-29,Placer,061,380077,4627,4270,18,4288,58
2020-10-29,Plumas,063,18699,90,69,0,69,0
2020-10-29,Riverside,065,2383286,69517,67268,484,67752,1304
2020-10-29,Sacramento,067,1510023,26661,25978,35,26013,507
2020-10-29,San Benito,069,59416,1463,1431,1,1432,15
2020-10-29,San Bernardino,071,2135413,66155,62968,494,63462,1150
2020-10-29,San Diego,073,3302833,58581,55916,1678,57594,885
2020-10-29,San Francisco,075,870044,12617,12312,50,12362,145
2020-10-29,San Joaquin,077,732212,22366,21736,239,21975,498
2020-10-29,San Luis Obispo,079,281455,4553,4223,35,4258,31
2020-10-29,San Mateo,081,765935,11644,11145,11,11156,157
2020-10-29,Santa Barbara,083,443738,10059,9902,95,9997,128
2020-10-29,Santa Clara,085,1922200,26229,24614,51,24665,377
2020-10-29,Santa Cruz,087,273765,3020,2850,34,2884,24
2020-10-29,Shasta,089,179085,2523,2008,21,2029,32
2020-10-29,Sierra,091,2930,6,6,0,6,0
2020-10-29,Siskiyou,093,43540,230,185,11,196,0
2020-10-29,Solano,095,438530,7769,7453,39,7492,78
2020-10-29,Sonoma,097,501317,9988,9533,33,9566,140
2020-10-29,Stanislaus,099,539301,18062,17790,787,18577,410
2020-10-29,Sutter,101,95872,1915,1852,1,1853,12
2020-10-29,Tehama,103,63373,995,925,2,927,5
2020-10-29,Trinity,105,12862,100,28,11,39,0
2020-10-29,Tulare,107,460477,18284,17627,434,18061,299
2020-10-29,Tuolumne,109,53932,308,279,6,285,4
2020-10-29,Ventura,111,848112,15337,14486,344,14830,154
2020-10-29,Yolo,113,214977,3361,3246,10,3256,60
2020-10-29,Yuba,115,75493,1307,1248,4,1252,10
2020-10-28,Alameda,001,1643700,24169,23468,226,23694,400
2020-10-28,Alpine,003,1148,6,4,0,4,0
2020-10-28,Amador,005,37829,363,337,0,337,16
2020-10-28,Butte,007,227075,3257,3134,67,3201,56
2020-10-28,Calaveras,009,45235,345,278,0,278,13
2020-10-28,Colusa,011,21464,566,551,1,552,6
2020-10-28,Contra Costa,013,1133247,19484,18828,94,18922,246
2020-10-28,Del Norte,015,27424,183,173,0,173,2
2020-10-28,El Dorado,017,186661,1472,1363,14,1377,4
2020-10-28,Fresno,019,978130,33989,31195,503,31698,444
2020-10-28,Glenn,021,27897,697,673,2,675,3
2020-10-28,Humboldt,023,135768,582,559,1,560,7
2020-10-28,Imperial,025,180216,13124,12730,19,12749,333
2020-10-28,Inyo,027,18085,248,238,5,243,14
2020-10-28,Kern,029,883053,34363,33424,445,33869,436
2020-10-28,Kings,031,150075,8797,8486,52,8538,82
2020-10-28,Lake,033,64148,744,700,0,700,15
2020-10-28,Lassen,035,31185,783,771,2,773,0
2020-10-28,Los Angeles,037,10098052,307591,300726,2940,303666,7031
2020-10-28,Madera,039,155013,5146,4954,45,4999,53
2020-10-28,Marin,041,260295,7187,7079,20,7099,126
2020-10-28,Mariposa,043,17540,81,78,0,78,2
2020-10-28,Mendocino,045,87422,1109,1037,5,1042,20
2020-10-28,Merced,047,269075,9722,9480,37,9517,150
2020-10-28,Modoc,049,8938,48,31,2,33,0
2020-10-28,Mono,051,14174,238,176,6,182,1
2020-10-28,Monterey,053,433212,11678,11330,67,11397,89
2020-10-28,Napa,055,140530,2136,1998,8,2006,15
2020-10-28,Nevada,057,99092,669,629,18,647,9
2020-10-28,Orange,059,3164182,61751,58801,1809,60610,1459
2020-10-28,Placer,061,380077,4571,4236,18,4254,57
2020-10-28,Plumas,063,18699,89,67,0,67,0
2020-10-28,Riverside,065,2383286,69120,67003,460,67463,1302
2020-10-28,Sacramento,067,1510023,26464,25838,34,25872,506
2020-10-28,San Benito,069,59416,1455,1429,1,1430,15
2020-10-28,San Bernardino,071,2135413,65696,62778,485,63263,1154
2020-10-28,San Diego,073,3302833,58198,55556,1649,57205,881
2020-10-28,San Francisco,075,870044,12559,12261,49,12310,145
2020-10-28,San Joaquin,077,732212,22282,21707,228,21935,498
2020-10-28,San Luis Obispo,079,281455,4509,4197,32,4229,31
2020-10-28,San Mateo,081,765935,11577,11101,11,11112,157
2020-10-28,Santa Barbara,083,443738,10036,9872,93,9965,127
2020-10-28,Santa Clara,085,1922200,26085,24503,51,24554,375
2020-10-28,Santa Cruz,087,273765,2989,2836,34,2870,24
2020-10-28,Shasta,089,179085,2443,1996,20,2016,31
2020-10-28,Sierra,091,2930,6,6,0,6,0
2020-10-28,Siskiyou,093,43540,227,182,10,192,0
2020-10-28,Solano,095,438530,7710,7362,39,7401,77
2020-10-28,Sonoma,097,501317,9898,9457,28,9485,140
2020-10-28,Stanislaus,099,539301,17997,17765,778,18543,409
2020-10-28,Sutter,101,95872,1906,1840,1,1841,12
2020-10-28,Tehama,103,63373,984,921,2,923,5
2020-10-28,Trinity,105,12862,93,28,10,38,0
2020-10-28,Tulare,107,460477,18227,17569,419,17988,297
2020-10-28,Tuolumne,109,53932,304,277,6,283,4
2020-10-28,Ventura,111,848112,15264,14409,335,14744,153
2020-10-28,Yolo,113,214977,3336,3230,10,3240,60
2020-10-28,Yuba,115,75493,1295,1245,4,1249,10
2020-10-27,Alameda,001,1643700,24054,23365,224,23589,400
2020-10-27,Alpine,003,1148,6,3,0,3,0
2020-10-27,Amador,005,37829,360,335,0,335,16
2020-10-27,Butte,007,227075,3241,3107,64,3171,56
2020-10-27,Calaveras,009,45235,343,277,0,277,13
2020-10-27,Colusa,011,21464,561,549,1,550,6
2020-10-27,Contra Costa,013,1133247,19378,18766,94,18860,246
2020-10-27,Del Norte,015,27424,180,173,0,173,2
2020-10-27,El Dorado,017,186661,1459,1351,14,1365,4
2020-10-27,Fresno,019,978130,33870,31096,498,31594,442
2020-10-27,Glenn,021,27897,695,667,1,668,3
2020-10-27,Humboldt,023,135768,579,559,1,560,7
2020-10-27,Imperial,025,180216,13075,12680,19,12699,333
2020-10-27,Inyo,027,18085,248,231,5,236,14
2020-10-27,Kern,029,883053,34246,33328,441,33769,436
2020-10-27,Kings,031,150075,8766,8411,52,8463,83
2020-10-27,Lake,033,64148,741,700,0,700,15
2020-10-27,Lassen,035,31185,781,764,2,766,0
2020-10-27,Los Angeles,037,10098052,306203,299438,2911,302349,7008
2020-10-27,Madera,039,155013,5116,4942,44,4986,53
2020-10-27,Marin,041,260295,7171,7070,20,7090,126
2020-10-27,Mariposa,043,17540,80,78,0,78,2
2020-10-27,Mendocino,045,87422,1103,1033,4,1037,20
2020-10-27,Merced,047,269075,9681,9449,37,9486,150
2020-10-27,Modoc,049,8938,46,31,2,33,0
2020-10-27,Mono,051,14174,224,169,6,175,1
2020-10-27,Monterey,053,433212,11622,11261,65,11326,88
2020-10-27,Napa,055,140530,2120,1979,8,1987,15
2020-10-27,Nevada,057,99092,663,622,18,640,8
2020-10-27,Orange,059,3164182,61481,58550,1793,60343,1448
2020-10-27,Placer,061,380077,4522,4197,16,4213,57
2020-10-27,Plumas,063,18699,86,63,0,63,0
2020-10-27,Riverside,065,2383286,68767,66699,415,67114,1299
2020-10-27,Sacramento,067,1510023,26277,25701,33,25734,501
2020-10-27,San Benito,069,59416,1450,1428,1,1429,15
2020-10-27,San Bernardino,071,2135413,65234,62357,472,62829,1154
2020-10-27,San Diego,073,3302833,57725,55226,1626,56852,877
2020-10-27,San Francisco,075,870044,12484,12218,48,12266,140
2020-10-27,San Joaquin,077,732212,22191,21637,219,21856,496
2020-10-27,San Luis Obispo,079,281455,4482,4148,28,4176,31
2020-10-27,San Mateo,081,765935,11530,11074,11,11085,156
2020-10-27,Santa Barbara,083,443738,10006,9874,92,9966,125
2020-10-27,Santa Clara,085,1922200,25943,24368,51,24419,367
2020-10-27,Santa Cruz,087,273765,2959,2815,33,2848,24
2020-10-27,Shasta,089,179085,2357,1962,20,1982,29
2020-10-27,Sierra,091,2930,6,6,0,6,0
2020-10-27,Siskiyou,093,43540,218,181,10,191,0
2020-10-27,Solano,095,438530,7641,7298,39,7337,77
2020-10-27,Sonoma,097,501317,9831,9389,28,9417,140
2020-10-27,Stanislaus,099,539301,17929,17720,771,18491,408
2020-10-27,Sutter,101,95872,1893,1832,1,1833,12
2020-10-27,Tehama,103,63373,970,913,2,915,5
2020-10-27,Trinity,105,12862,90,28,10,38,0
2020-10-27,Tulare,107,460477,18164,17520,396,17916,296
2020-10-27,Tuolumne,109,53932,300,275,6,281,4
2020-10-27,Ventura,111,848112,15181,14347,328,14675,153
2020-10-27,Yolo,113,214977,3323,3216,10,3226,58
2020-10-27,Yuba,115,75493,1282,1235,4,1239,10
2020-10-26,Alameda,001,1643700,23941,23284,223,23507,398
2020-10-26,Alpine,003,1148,4,3,0,3,0
2020-10-26,Amador,005,37829,356,331,0,331,16
2020-10-26,Butte,007,227075,3230,3095,62,3157,56
2020-10-26,Calaveras,009,45235,340,274,0,274,13
2020-10-26,Colusa,011,21464,559,548,1,549,6
2020-10-26,Contra Costa,013,1133247,19282,18718,93,18811,245
2020-10-26,Del Norte,015,27424,180,171,0,171,2
2020-10-26,El Dorado,017,186661,1445,1336,14,1350,4
2020-10-26,Fresno,019,978130,33757,30969,491,31460,441
2020-10-26,Glenn,021,27897,688,660,1,661,3
2020-10-26,Humboldt,023,135768,571,554,1,555,7
2020-10-26,Imperial,025,180216,13021,12654,16,12670,333
2020-10-26,Inyo,027,18085,248,226,5,231,14
2020-10-26,Kern,029,883053,34162,33233,436,33669,432
2020-10-26,Kings,031,150075,8745,8264,50,8314,82
2020-10-26,Lake,033,64148,739,697,0,697,15
2020-10-26,Lassen,035,31185,778,764,2,766,0
2020-10-26,Los Angeles,037,10098052,304776,297961,2870,300831,6979
2020-10-26,Madera,039,155013,5095,4922,43,4965,53
2020-10-26,Marin,041,260295,7165,7064,19,7083,104
2020-10-26,Mariposa,043,17540,80,77,0,77,2
2020-10-26,Mendocino,045,87422,1095,1026,4,1030,20
2020-10-26,Merced,047,269075,9634,9375,36,9411,150
2020-10-26,Modoc,049,8938,44,28,0,28,0
2020-10-26,Mono,051,14174,218,167,6,173,1
2020-10-26,Monterey,053,433212,11571,11207,61,11268,87
2020-10-26,Napa,055,140530,2088,1966,8,1974,14
2020-10-26,Nevada,057,99092,656,618,18,636,8
2020-10-26,Orange,059,3164182,61277,58377,1775,60152,1442
2020-10-26,Placer,061,380077,4480,4161,15,4176,57
2020-10-26,Plumas,063,18699,84,63,0,63,0
2020-10-26,Riverside,065,2383286,68316,66475,389,66864,1294
2020-10-26,Sacramento,067,1510023,26097,25555,31,25586,496
2020-10-26,San Benito,069,59416,1442,1424,1,1425,15
2020-10-26,San Bernardino,071,2135413,64763,61871,469,62340,1153
2020-10-26,San Diego,073,3302833,57332,54957,1588,56545,870
2020-10-26,San Francisco,075,870044,12424,12072,48,12120,138
2020-10-26,San Joaquin,077,732212,22108,21459,213,21672,495
2020-10-26,San Luis Obispo,079,281455,4456,4133,28,4161,31
2020-10-26,San Mateo,081,765935,11486,11037,11,11048,156
2020-10-26,Santa Barbara,083,443738,9983,9827,92,9919,122
2020-10-26,Santa Clara,085,1922200,25753,24258,50,24308,365
2020-10-26,Santa Cruz,087,273765,2933,2808,33,2841,24
2020-10-26,Shasta,089,179085,2303,1889,20,1909,29
2020-10-26,Sierra,091,2930,6,6,0,6,0
2020-10-26,Siskiyou,093,43540,210,179,10,189,0
2020-10-26,Solano,095,438530,7561,7271,39,7310,62
2020-10-26,Sonoma,097,501317,9754,9315,28,9343,140
2020-10-26,Stanislaus,099,539301,17879,17666,761,18427,400
2020-10-26,Sutter,101,95872,1885,1817,1,1818,12
2020-10-26,Tehama,103,63373,950,892,2,894,5
2020-10-26,Trinity,105,12862,89,26,10,36,0
2020-10-26,Tulare,107,460477,18087,17432,373,17805,296
2020-10-26,Tuolumne,109,53932,291,271,6,277,4
2020-10-26,Ventura,111,848112,15112,14330,325,14655,154
2020-10-26,Yolo,113,214977,3304,3206,10,3216,58
2020-10-26,Yuba,115,75493,1266,1226,4,1230,10
2020-10-25,Alameda,001,1643700,23834,23192,223,23415,398
2020-10-25,Alpine,003,1148,3,3,0,3,0
2020-10-25,Amador,005,37829,345,330,0,330,16
2020-10-25,Butte,007,227075,3210,3087,62,3149,56
2020-10-25,Calaveras,009,45235,339,274,0,274,13
2020-10-25,Colusa,011,21464,555,548,1,549,6
2020-10-25,Contra Costa,013,1133247,19179,18640,93,18733,245
2020-10-25,Del Norte,015,27424,176,171,0,171,2
2020-10-25,El Dorado,017,186661,1430,1328,14,1342,4
2020-10-25,Fresno,019,978130,33623,30858,478,31336,441
2020-10-25,Glenn,021,27897,685,652,1,653,3
2020-10-25,Humboldt,023,135768,568,554,1,555,7
2020-10-25,Imperial,025,180216,12972,12572,16,12588,333
2020-10-25,Inyo,027,18085,245,226,5,231,14
2020-10-25,Kern,029,883053,34055,33185,432,33617,432
2020-10-25,Kings,031,150075,8712,8246,48,8294,82
2020-10-25,Lake,033,64148,722,695,0,695,15
2020-10-25,Lassen,035,31185,776,764,2,766,0
2020-10-25,Los Angeles,037,10098052,303212,297110,2834,299944,6973
2020-10-25,Madera,039,155013,5065,4909,38,4947,53
2020-10-25,Marin,041,260295,7155,7052,19,7071,102
2020-10-25,Mariposa,043,17540,80,77,0,77,2
2020-10-25,Mendocino,045,87422,1088,1024,4,1028,20
2020-10-25,Merced,047,269075,9569,9352,34,9386,150
2020-10-25,Modoc,049,8938,39,28,0,28,0
2020-10-25,Mono,051,14174,210,167,6,173,1
2020-10-25,Monterey,053,433212,11488,11182,56,11238,87
2020-10-25,Napa,055,140530,2058,1962,8,1970,14
2020-10-25,Nevada,057,99092,648,616,18,634,8
2020-10-25,Orange,059,3164182,60988,58185,1766,59951,1443
2020-10-25,Placer,061,380077,4428,4140,15,4155,57
2020-10-25,Plumas,063,18699,84,63,0,63,0
2020-10-25,Riverside,065,2383286,67866,66192,373,66565,1289
2020-10-25,Sacramento,067,1510023,25882,25445,29,25474,496
2020-10-25,San Benito,069,59416,1435,1423,1,1424,15
2020-10-25,San Bernardino,071,2135413,64223,61551,457,62008,1153
2020-10-25,San Diego,073,3302833,56869,54599,1556,56155,870
2020-10-25,San Francisco,075,870044,12351,12072,48,12120,137
2020-10-25,San Joaquin,077,732212,22000,21459,204,21663,495
2020-10-25,San Luis Obispo,079,281455,4414,4126,26,4152,31
2020-10-25,San Mateo,081,765935,11441,10987,11,10998,156
2020-10-25,Santa Barbara,083,443738,9964,9814,92,9906,122
2020-10-25,Santa Clara,085,1922200,25565,24087,50,24137,365
2020-10-25,Santa Cruz,087,273765,2906,2789,33,2822,24
2020-10-25,Shasta,089,179085,2239,1889,20,1909,29
2020-10-25,Sierra,091,2930,6,6,0,6,0
2020-10-25,Siskiyou,093,43540,207,176,10,186,0
2020-10-25,Solano,095,438530,7483,7197,39,7236,60
2020-10-25,Sonoma,097,501317,9661,9235,27,9262,140
2020-10-25,Stanislaus,099,539301,17822,17641,752,18393,400
2020-10-25,Sutter,101,95872,1867,1811,1,1812,12
2020-10-25,Tehama,103,63373,933,880,2,882,5
2020-10-25,Trinity,105,12862,85,26,10,36,0
2020-10-25,Tulare,107,460477,18013,17431,363,17794,296
2020-10-25,Tuolumne,109,53932,286,271,6,277,4
2020-10-25,Ventura,111,848112,15019,14300,319,14619,154
2020-10-25,Yolo,113,214977,3283,3190,10,3200,58
2020-10-25,Yuba,115,75493,1258,1219,4,1223,10
2020-10-24,Alameda,001,1643700,23763,23099,220,23319,398
2020-10-24,Alpine,003,1148,3,3,0,3,0
2020-10-24,Amador,005,37829,344,328,0,328,16
2020-10-24,Butte,007,227075,3201,3078,62,3140,56
2020-10-24,Calaveras,009,45235,337,274,0,274,13
2020-10-24,Colusa,011,21464,550,548,1,549,6
2020-10-24,Contra Costa,013,1133247,19113,18567,93,18660,244
2020-10-24,Del Norte,015,27424,175,171,0,171,2
2020-10-24,El Dorado,017,186661,1414,1317,14,1331,4
2020-10-24,Fresno,019,978130,33562,30752,473,31225,441
2020-10-24,Glenn,021,27897,682,650,1,651,3
2020-10-24,Humboldt,023,135768,566,553,1,554,7
2020-10-24,Imperial,025,180216,12945,12469,16,12485,333
2020-10-24,Inyo,027,18085,245,226,5,231,14
2020-10-24,Kern,029,883053,33997,33105,427,33532,432
2020-10-24,Kings,031,150075,8702,8228,47,8275,82
2020-10-24,Lake,033,64148,717,696,0,696,15
2020-10-24,Lassen,035,31185,775,764,2,766,0
2020-10-24,Los Angeles,037,10098052,302394,296323,2812,299135,6969
2020-10-24,Madera,039,155013,5052,4898,37,4935,53
2020-10-24,Marin,041,260295,7146,7042,19,7061,102
2020-10-24,Mariposa,043,17540,80,77,0,77,2
2020-10-24,Mendocino,045,87422,1076,1022,4,1026,20
2020-10-24,Merced,047,269075,9545,9351,34,9385,150
2020-10-24,Modoc,049,8938,38,28,0,28,0
2020-10-24,Mono,051,14174,196,167,6,173,1
2020-10-24,Monterey,053,433212,11419,11153,55,11208,87
2020-10-24,Napa,055,140530,2040,1957,8,1965,14
2020-10-24,Nevada,057,99092,644,608,18,626,8
2020-10-24,Orange,059,3164182,60833,57928,1756,59684,1441
2020-10-24,Placer,061,380077,4397,4093,15,4108,57
2020-10-24,Plumas,063,18699,78,63,0,63,0
2020-10-24,Riverside,065,2383286,67658,65902,359,66261,1288
2020-10-24,Sacramento,067,1510023,25801,25372,29,25401,496
2020-10-24,San Benito,069,59416,1430,1417,1,1418,15
2020-10-24,San Bernardino,071,2135413,63984,61351,449,61800,1153
2020-10-24,San Diego,073,3302833,56592,54330,1543,55873,868
2020-10-24,San Francisco,075,870044,12292,12073,47,12120,137
2020-10-24,San Joaquin,077,732212,21947,21458,199,21657,495
2020-10-24,San Luis Obispo,079,281455,4391,4119,25,4144,31
2020-10-24,San Mateo,081,765935,11402,10942,11,10953,155
2020-10-24,Santa Barbara,083,443738,9947,9781,92,9873,122
2020-10-24,Santa Clara,085,1922200,25478,23978,50,24028,365
2020-10-24,Santa Cruz,087,273765,2887,2775,33,2808,24
2020-10-24,Shasta,089,179085,2194,1878,20,1898,29
2020-10-24,Sierra,091,2930,6,6,0,6,0
2020-10-24,Siskiyou,093,43540,206,174,10,184,0
2020-10-24,Solano,095,438530,7430,7189,39,7228,60
2020-10-24,Sonoma,097,501317,9627,9179,27,9206,140
2020-10-24,Stanislaus,099,539301,17779,17574,737,18311,400
2020-10-24,Sutter,101,95872,1858,1804,1,1805,12
2020-10-24,Tehama,103,63373,925,872,2,874,5
2020-10-24,Trinity,105,12862,85,25,10,35,0
2020-10-24,Tulare,107,460477,17991,17406,352,17758,295
2020-10-24,Tuolumne,109,53932,283,269,6,275,4
2020-10-24,Ventura,111,848112,14966,14240,318,14558,154
2020-10-24,Yolo,113,214977,3271,3164,10,3174,57
2020-10-24,Yuba,115,75493,1255,1210,4,1214,10
2020-10-23,Alameda,001,1643700,23690,23047,218,23265,393
2020-10-23,Alpine,003,1148,3,3,0,3,0
2020-10-23,Amador,005,37829,343,324,0,324,16
2020-10-23,Butte,007,227075,3192,3059,62,3121,55
2020-10-23,Calaveras,009,45235,336,273,0,273,13
2020-10-23,Colusa,011,21464,550,547,1,548,6
2020-10-23,Contra Costa,013,1133247,19043,18483,92,18575,244
2020-10-23,Del Norte,015,27424,175,171,0,171,2
2020-10-23,El Dorado,017,186661,1405,1310,14,1324,4
2020-10-23,Fresno,019,978130,33495,30590,470,31060,441
2020-10-23,Glenn,021,27897,679,644,1,645,3
2020-10-23,Humboldt,023,135768,564,553,1,554,7
2020-10-23,Imperial,025,180216,12914,12398,15,12413,333
2020-10-23,Inyo,027,18085,244,226,5,231,14
2020-10-23,Kern,029,883053,33929,33077,422,33499,431
2020-10-23,Kings,031,150075,8693,8218,47,8265,82
2020-10-23,Lake,033,64148,715,689,0,689,15
2020-10-23,Lassen,035,31185,774,764,2,766,0
2020-10-23,Los Angeles,037,10098052,301308,294287,2785,297072,6956
2020-10-23,Madera,039,155013,5047,4888,37,4925,53
2020-10-23,Marin,041,260295,7133,7029,19,7048,102
2020-10-23,Mariposa,043,17540,80,77,0,77,2
2020-10-23,Mendocino,045,87422,1073,1019,4,1023,20
2020-10-23,Merced,047,269075,9531,9327,34,9361,149
2020-10-23,Modoc,049,8938,38,28,0,28,0
2020-10-23,Mono,051,14174,194,159,6,165,1
2020-10-23,Monterey,053,433212,11372,11099,51,11150,86
2020-10-23,Napa,055,140530,2032,1942,8,1950,14
2020-10-23,Nevada,057,99092,641,604,18,622,8
2020-10-23,Orange,059,3164182,60663,57595,1741,59336,1430
2020-10-23,Placer,061,380077,4350,4073,15,4088,57
2020-10-23,Plumas,063,18699,75,63,0,63,0
2020-10-23,Riverside,065,2383286,67419,65512,351,65863,1279
2020-10-23,Sacramento,067,1510023,25696,25224,29,25253,496
2020-10-23,San Benito,069,59416,1428,1412,1,1413,15
2020-10-23,San Bernardino,071,2135413,63698,60854,435,61289,1150
2020-10-23,San Diego,073,3302833,56286,53944,1516,55460,867
2020-10-23,San Francisco,075,870044,12261,12015,47,12062,137
2020-10-23,San Joaquin,077,732212,21891,21361,193,21554,495
2020-10-23,San Luis Obispo,079,281455,4366,4102,25,4127,31
2020-10-23,San Mateo,081,765935,11353,10872,11,10883,155
2020-10-23,Santa Barbara,083,443738,9931,9751,92,9843,121
2020-10-23,Santa Clara,085,1922200,25376,23822,50,23872,364
2020-10-23,Santa Cruz,087,273765,2873,2757,33,2790,24
2020-10-23,Shasta,089,179085,2157,1846,19,1865,29
2020-10-23,Sierra,091,2930,6,6,0,6,0
2020-10-23,Siskiyou,093,43540,202,172,10,182,0
2020-10-23,Solano,095,438530,7399,7174,39,7213,59
2020-10-23,Sonoma,097,501317,9570,9112,27,9139,139
2020-10-23,Stanislaus,099,539301,17742,17496,730,18226,395
2020-10-23,Sutter,101,95872,1851,1797,1,1798,12
2020-10-23,Tehama,103,63373,916,862,2,864,5
2020-10-23,Trinity,105,12862,85,26,10,36,0
2020-10-23,Tulare,107,460477,17946,17334,341,17675,295
2020-10-23,Tuolumne,109,53932,280,254,6,260,4
2020-10-23,Ventura,111,848112,14937,14192,318,14510,155
2020-10-23,Yolo,113,214977,3259,3140,10,3150,57
2020-10-23,Yuba,115,75493,1251,1206,4,1210,10
2020-10-22,Alameda,001,1643700,23589,22915,218,23133,393
2020-10-22,Alpine,003,1148,3,3,0,3,0
2020-10-22,Amador,005,37829,339,317,0,317,16
2020-10-22,Butte,007,227075,3182,3046,60,3106,55
2020-10-22,Calaveras,009,45235,333,273,0,273,13
2020-10-22,Colusa,011,21464,550,547,1,548,6
2020-10-22,Contra Costa,013,1133247,18972,18393,92,18485,243
2020-10-22,Del Norte,015,27424,174,168,0,168,2
2020-10-22,El Dorado,017,186661,1395,1308,14,1322,4
2020-10-22,Fresno,019,978130,33384,30471,462,30933,438
2020-10-22,Glenn,021,27897,672,643,1,644,3
2020-10-22,Humboldt,023,135768,562,548,1,549,7
2020-10-22,Imperial,025,180216,12861,12311,15,12326,333
2020-10-22,Inyo,027,18085,241,220,5,225,14
2020-10-22,Kern,029,883053,33848,32991,419,33410,431
2020-10-22,Kings,031,150075,8442,8201,47,8248,82
2020-10-22,Lake,033,64148,711,678,0,678,15
2020-10-22,Lassen,035,31185,771,764,2,766,0
2020-10-22,Los Angeles,037,10098052,299928,291599,2731,294330,6935
2020-10-22,Madera,039,155013,5026,4847,37,4884,52
2020-10-22,Marin,041,260295,7126,7014,19,7033,102
2020-10-22,Mariposa,043,17540,80,77,0,77,2
2020-10-22,Mendocino,045,87422,1068,1016,4,1020,20
2020-10-22,Merced,047,269075,9503,9323,34,9357,149
2020-10-22,Modoc,049,8938,34,26,0,26,0
2020-10-22,Mono,051,14174,189,156,6,162,1
2020-10-22,Monterey,053,433212,11313,11059,48,11107,84
2020-10-22,Napa,055,140530,2017,1928,8,1936,14
2020-10-22,Nevada,057,99092,635,600,18,618,8
2020-10-22,Orange,059,3164182,60449,57418,1724,59142,1422
2020-10-22,Placer,061,380077,4301,4036,15,4051,57
2020-10-22,Plumas,063,18699,72,62,0,62,0
2020-10-22,Riverside,065,2383286,67084,65104,333,65437,1279
2020-10-22,Sacramento,067,1510023,25556,25054,29,25083,492
2020-10-22,San Benito,069,59416,1424,1403,1,1404,15
2020-10-22,San Bernardino,071,2135413,63296,60402,420,60822,1149
2020-10-22,San Diego,073,3302833,55899,53514,1497,55011,866
2020-10-22,San Francisco,075,870044,12203,11991,45,12036,137
2020-10-22,San Joaquin,077,732212,21818,21282,187,21469,495
2020-10-22,San Luis Obispo,079,281455,4350,4081,25,4106,31
2020-10-22,San Mateo,081,765935,11297,10796,11,10807,155
2020-10-22,Santa Barbara,083,443738,9898,9710,90,9800,120
2020-10-22,Santa Clara,085,1922200,25222,23621,50,23671,363
2020-10-22,Santa Cruz,087,273765,2855,2738,32,2770,24
2020-10-22,Shasta,089,179085,2111,1799,19,1818,29
2020-10-22,Sierra,091,2930,6,6,0,6,0
2020-10-22,Siskiyou,093,43540,201,169,10,179,0
2020-10-22,Solano,095,438530,7353,7116,39,7155,59
2020-10-22,Sonoma,097,501317,9504,9052,26,9078,139
2020-10-22,Stanislaus,099,539301,17689,17440,718,18158,395
2020-10-22,Sutter,101,95872,1837,1794,1,1795,12
2020-10-22,Tehama,103,63373,905,852,2,854,5
2020-10-22,Trinity,105,12862,84,26,10,36,0
2020-10-22,Tulare,107,460477,17880,17265,328,17593,293
2020-10-22,Tuolumne,109,53932,277,252,6,258,4
2020-10-22,Ventura,111,848112,14890,14124,316,14440,154
2020-10-22,Yolo,113,214977,3247,3116,10,3126,58
2020-10-22,Yuba,115,75493,1244,1199,3,1202,10
2020-10-21,Alameda,001,1643700,23501,22853,216,23069,392
2020-10-21,Alpine,003,1148,3,3,0,3,0
2020-10-21,Amador,005,37829,334,313,0,313,16
2020-10-21,Butte,007,227075,3170,3041,60,3101,55
2020-10-21,Calaveras,009,45235,332,272,0,272,13
2020-10-21,Colusa,011,21464,550,546,1,547,6
2020-10-21,Contra Costa,013,1133247,18898,18299,92,18391,243
2020-10-21,Del Norte,015,27424,174,169,0,169,2
2020-10-21,El Dorado,017,186661,1383,1305,13,1318,4
2020-10-21,Fresno,019,978130,33288,30328,457,30785,433
2020-10-21,Glenn,021,27897,667,640,1,641,3
2020-10-21,Humboldt,023,135768,561,548,1,549,7
2020-10-21,Imperial,025,180216,12804,12210,15,12225,331
2020-10-21,Inyo,027,18085,237,220,5,225,14
2020-10-21,Kern,029,883053,33773,32956,417,33373,430
2020-10-21,Kings,031,150075,8415,8186,47,8233,80
2020-10-21,Lake,033,64148,710,676,0,676,15
2020-10-21,Lassen,035,31185,770,764,2,766,0
2020-10-21,Los Angeles,037,10098052,298587,288096,2689,290785,6923
2020-10-21,Madera,039,155013,5001,4831,37,4868,52
2020-10-21,Marin,041,260295,7117,7002,19,7021,102
2020-10-21,Mariposa,043,17540,80,77,0,77,2
2020-10-21,Mendocino,045,87422,1066,1011,4,1015,21
2020-10-21,Merced,047,269075,9479,9319,32,9351,149
2020-10-21,Modoc,049,8938,33,26,0,26,0
2020-10-21,Mono,051,14174,187,156,6,162,1
2020-10-21,Monterey,053,433212,11275,11005,47,11052,83
2020-10-21,Napa,055,140530,2002,1918,8,1926,13
2020-10-21,Nevada,057,99092,629,597,18,615,8
2020-10-21,Orange,059,3164182,60237,57189,1715,58904,1409
2020-10-21,Placer,061,380077,4264,4007,15,4022,56
2020-10-21,Plumas,063,18699,69,58,0,58,0
2020-10-21,Riverside,065,2383286,66788,64778,309,65087,1278
2020-10-21,Sacramento,067,1510023,25362,24908,29,24937,490
2020-10-21,San Benito,069,59416,1423,1401,1,1402,14
2020-10-21,San Bernardino,071,2135413,62886,59948,413,60361,1141
2020-10-21,San Diego,073,3302833,55547,53279,1469,54748,863
2020-10-21,San Francisco,075,870044,12154,11976,44,12020,137
2020-10-21,San Joaquin,077,732212,21742,21201,181,21382,495
2020-10-21,San Luis Obispo,079,281455,4323,4055,23,4078,31
2020-10-21,San Mateo,081,765935,11248,10730,11,10741,155
2020-10-21,Santa Barbara,083,443738,9881,9681,89,9770,121
2020-10-21,Santa Clara,085,1922200,25095,23537,50,23587,361
2020-10-21,Santa Cruz,087,273765,2832,2729,32,2761,24
2020-10-21,Shasta,089,179085,2075,1777,19,1796,27
2020-10-21,Sierra,091,2930,6,6,0,6,0
2020-10-21,Siskiyou,093,43540,197,169,10,179,0
2020-10-21,Solano,095,438530,7307,7088,39,7127,59
2020-10-21,Sonoma,097,501317,9424,8987,26,9013,138
2020-10-21,Stanislaus,099,539301,17640,17419,710,18129,392
2020-10-21,Sutter,101,95872,1823,1786,1,1787,12
2020-10-21,Tehama,103,63373,889,824,2,826,5
2020-10-21,Trinity,105,12862,78,25,9,34,0
2020-10-21,Tulare,107,460477,17842,17204,314,17518,292
2020-10-21,Tuolumne,109,53932,276,251,6,257,4
2020-10-21,Ventura,111,848112,14827,14050,313,14363,153
2020-10-21,Yolo,113,214977,3228,3095,10,3105,58
2020-10-21,Yuba,115,75493,1236,1194,3,1197,10
2020-10-20,Alameda,001,1643700,23399,22750,212,22962,391
2020-10-20,Alpine,003,1148,3,3,0,3,0
2020-10-20,Amador,005,37829,333,313,0,313,16
2020-10-20,Butte,007,227075,3158,3027,60,3087,56
2020-10-20,Calaveras,009,45235,330,273,0,273,13
2020-10-20,Colusa,011,21464,547,546,1,547,6
2020-10-20,Contra Costa,013,1133247,18805,18246,92,18338,241
2020-10-20,Del Norte,015,27424,173,169,0,169,2
2020-10-20,El Dorado,017,186661,1377,1295,13,1308,4
2020-10-20,Fresno,019,978130,33185,30220,451,30671,431
2020-10-20,Glenn,021,27897,662,638,1,639,3
2020-10-20,Humboldt,023,135768,557,545,1,546,7
2020-10-20,Imperial,025,180216,12736,12114,15,12129,330
2020-10-20,Inyo,027,18085,237,218,5,223,14
2020-10-20,Kern,029,883053,33698,32889,404,33293,429
2020-10-20,Kings,031,150075,8397,8178,46,8224,80
2020-10-20,Lake,033,64148,708,675,0,675,15
2020-10-20,Lassen,035,31185,769,757,2,759,0
2020-10-20,Los Angeles,037,10098052,297092,287727,2641,290368,6891
2020-10-20,Madera,039,155013,4984,4823,37,4860,52
2020-10-20,Marin,041,260295,7102,6994,19,7013,101
2020-10-20,Mariposa,043,17540,79,77,0,77,2
2020-10-20,Mendocino,045,87422,1064,1004,4,1008,21
2020-10-20,Merced,047,269075,9457,9323,32,9355,149
2020-10-20,Modoc,049,8938,32,26,0,26,0
2020-10-20,Mono,051,14174,187,156,6,162,1
2020-10-20,Monterey,053,433212,11232,10942,44,10986,81
2020-10-20,Napa,055,140530,1983,1912,8,1920,13
2020-10-20,Nevada,057,99092,619,596,18,614,8
2020-10-20,Orange,059,3164182,59973,56914,1705,58619,1397
2020-10-20,Placer,061,380077,4226,3997,15,4012,56
2020-10-20,Plumas,063,18699,66,53,0,53,0
2020-10-20,Riverside,065,2383286,66409,64452,297,64749,1275
2020-10-20,Sacramento,067,1510023,25234,24767,28,24795,485
2020-10-20,San Benito,069,59416,1420,1398,1,1399,14
2020-10-20,San Bernardino,071,2135413,62502,59571,411,59982,1109
2020-10-20,San Diego,073,3302833,55211,53004,1449,54453,857
2020-10-20,San Francisco,075,870044,12107,12013,43,12056,126
2020-10-20,San Joaquin,077,732212,21663,21173,172,21345,490
2020-10-20,San Luis Obispo,079,281455,4305,4043,22,4065,31
2020-10-20,San Mateo,081,765935,11201,10659,11,10670,155
2020-10-20,Santa Barbara,083,443738,9852,9664,87,9751,121
2020-10-20,Santa Clara,085,1922200,24957,23406,50,23456,358
2020-10-20,Santa Cruz,087,273765,2809,2710,32,2742,23
2020-10-20,Shasta,089,179085,2052,1747,19,1766,20
2020-10-20,Sierra,091,2930,6,6,0,6,0
2020-10-20,Siskiyou,093,43540,189,168,10,178,0
2020-10-20,Solano,095,438530,7258,7044,39,7083,57
2020-10-20,Sonoma,097,501317,9361,8904,24,8928,135
2020-10-20,Stanislaus,099,539301,17587,17367,706,18073,393
2020-10-20,Sutter,101,95872,1814,1783,1,1784,12
2020-10-20,Tehama,103,63373,874,813,2,815,5
2020-10-20,Trinity,105,12862,77,25,9,34,0
2020-10-20,Tulare,107,460477,17775,17156,309,17465,289
2020-10-20,Tuolumne,109,53932,274,250,6,256,4
2020-10-20,Ventura,111,848112,14763,13980,311,14291,152
2020-10-20,Yolo,113,214977,3205,3083,10,3093,56
2020-10-20,Yuba,115,75493,1226,1191,3,1194,10
2020-10-19,Alameda,001,1643700,23289,22647,211,22858,392
2020-10-19,Alpine,003,1148,3,3,0,3,0
2020-10-19,Amador,005,37829,327,313,0,313,16
2020-10-19,Butte,007,227075,3147,3026,60,3086,55
2020-10-19,Calaveras,009,45235,329,268,0,268,13
2020-10-19,Colusa,011,21464,547,544,1,545,6
2020-10-19,Contra Costa,013,1133247,18707,18173,92,18265,239
2020-10-19,Del Norte,015,27424,170,167,0,167,2
2020-10-19,El Dorado,017,186661,1356,1287,13,1300,4
2020-10-19,Fresno,019,978130,33075,30152,445,30597,431
2020-10-19,Glenn,021,27897,657,635,0,635,3
2020-10-19,Humboldt,023,135768,557,543,1,544,7
2020-10-19,Imperial,025,180216,12682,12036,14,12050,330
2020-10-19,Inyo,027,18085,236,218,5,223,14
2020-10-19,Kern,029,883053,33622,32840,401,33241,428
2020-10-19,Kings,031,150075,8379,8173,46,8219,80
2020-10-19,Lake,033,64148,705,673,0,673,15
2020-10-19,Lassen,035,31185,768,757,2,759,0
2020-10-19,Los Angeles,037,10098052,295607,287119,2604,289723,6858
2020-10-19,Madera,039,155013,4969,4787,37,4824,52
2020-10-19,Marin,041,260295,7084,6981,19,7000,100
2020-10-19,Mariposa,043,17540,79,77,0,77,2
2020-10-19,Mendocino,045,87422,1059,1001,4,1005,21
2020-10-19,Merced,047,269075,9432,9305,29,9334,148
2020-10-19,Modoc,049,8938,31,26,0,26,0
2020-10-19,Mono,051,14174,182,156,6,162,1
2020-10-19,Monterey,053,433212,11171,10907,44,10951,80
2020-10-19,Napa,055,140530,1971,1892,8,1900,12
2020-10-19,Nevada,057,99092,616,590,18,608,8
2020-10-19,Orange,059,3164182,59689,56652,1690,58342,1396
2020-10-19,Placer,061,380077,4178,3962,15,3977,49
2020-10-19,Plumas,063,18699,64,52,0,52,0
2020-10-19,Riverside,065,2383286,65978,64016,281,64297,1272
2020-10-19,Sacramento,067,1510023,25095,24542,28,24570,483
2020-10-19,San Benito,069,59416,1413,1395,1,1396,14
2020-10-19,San Bernardino,071,2135413,62050,59265,399,59664,1100
2020-10-19,San Diego,073,3302833,54825,52739,1424,54163,853
2020-10-19,San Francisco,075,870044,12063,11879,43,11922,126
2020-10-19,San Joaquin,077,732212,21588,20930,164,21094,489
2020-10-19,San Luis Obispo,079,281455,4289,4016,22,4038,31
2020-10-19,San Mateo,081,765935,11155,10568,11,10579,154
2020-10-19,Santa Barbara,083,443738,9816,9632,87,9719,121
2020-10-19,Santa Clara,085,1922200,24807,23301,50,23351,352
2020-10-19,Santa Cruz,087,273765,2792,2705,32,2737,19
2020-10-19,Shasta,089,179085,2008,1709,18,1727,20
2020-10-19,Sierra,091,2930,6,6,0,6,0
2020-10-19,Siskiyou,093,43540,182,167,10,177,0
2020-10-19,Solano,095,438530,7217,7003,39,7042,57
2020-10-19,Sonoma,097,501317,9274,8830,24,8854,135
2020-10-19,Stanislaus,099,539301,17536,17342,696,18038,390
2020-10-19,Sutter,101,95872,1809,1773,1,1774,12
2020-10-19,Tehama,103,63373,871,793,2,795,5
2020-10-19,Trinity,105,12862,75,23,9,32,0
2020-10-19,Tulare,107,460477,17725,17047,302,17349,291
2020-10-19,Tuolumne,109,53932,272,247,6,253,4
2020-10-19,Ventura,111,848112,14698,13930,308,14238,152
2020-10-19,Yolo,113,214977,3192,3069,10,3079,56
2020-10-19,Yuba,115,75493,1219,1183,3,1186,10
2020-10-18,Alameda,001,1643700,23185,22546,210,22756,392
2020-10-18,Alpine,003,1148,3,3,0,3,0
2020-10-18,Amador,005,37829,316,313,0,313,16
2020-10-18,Butte,007,227075,3134,3019,60,3079,55
2020-10-18,Calaveras,009,45235,328,267,0,267,13
2020-10-18,Colusa,011,21464,545,544,1,545,6
2020-10-18,Contra Costa,013,1133247,18609,18120,92,18212,237
2020-10-18,Del Norte,015,27424,170,167,0,167,2
2020-10-18,El Dorado,017,186661,1347,1283,13,1296,4
2020-10-18,Fresno,019,978130,32945,30051,437,30488,430
2020-10-18,Glenn,021,27897,655,634,0,634,3
2020-10-18,Humboldt,023,135768,554,540,1,541,7
2020-10-18,Imperial,025,180216,12619,11987,13,12000,330
2020-10-18,Inyo,027,18085,233,215,5,220,14
2020-10-18,Kern,029,883053,33549,32799,394,33193,428
2020-10-18,Kings,031,150075,8364,8159,46,8205,80
2020-10-18,Lake,033,64148,698,670,0,670,15
2020-10-18,Lassen,035,31185,768,757,2,759,0
2020-10-18,Los Angeles,037,10098052,293897,286187,2562,288749,6857
2020-10-18,Madera,039,155013,4944,4770,37,4807,52
2020-10-18,Marin,041,260295,7063,6969,19,6988,99
2020-10-18,Mariposa,043,17540,79,77,0,77,2
2020-10-18,Mendocino,045,87422,1057,988,4,992,21
2020-10-18,Merced,047,269075,9397,9292,29,9321,148
2020-10-18,Modoc,049,8938,30,26,0,26,0
2020-10-18,Mono,051,14174,177,155,6,161,1
2020-10-18,Monterey,053,433212,11118,10872,44,10916,80
2020-10-18,Napa,055,140530,1958,1882,8,1890,12
2020-10-18,Nevada,057,99092,610,582,18,600,8
2020-10-18,Orange,059,3164182,59392,56394,1673,58067,1396
2020-10-18,Placer,061,380077,4130,3938,15,3953,49
2020-10-18,Plumas,063,18699,62,52,0,52,0
2020-10-18,Riverside,065,2383286,65665,63765,260,64025,1270
2020-10-18,Sacramento,067,1510023,24940,24425,28,24453,482
2020-10-18,San Benito,069,59416,1406,1395,1,1396,14
2020-10-18,San Bernardino,071,2135413,61551,58893,391,59284,1098
2020-10-18,San Diego,073,3302833,54436,52359,1403,53762,853
2020-10-18,San Francisco,075,870044,12024,11878,43,11921,126
2020-10-18,San Joaquin,077,732212,21505,20931,151,21082,489
2020-10-18,San Luis Obispo,079,281455,4258,4009,20,4029,31
2020-10-18,San Mateo,081,765935,11096,10503,11,10514,154
2020-10-18,Santa Barbara,083,443738,9776,9608,86,9694,121
2020-10-18,Santa Clara,085,1922200,24634,23169,50,23219,352
2020-10-18,Santa Cruz,087,273765,2778,2692,32,2724,19
2020-10-18,Shasta,089,179085,1983,1708,18,1726,20
2020-10-18,Sierra,091,2930,6,6,0,6,0
2020-10-18,Siskiyou,093,43540,182,167,10,177,0
2020-10-18,Solano,095,438530,7170,6962,39,7001,57
2020-10-18,Sonoma,097,501317,9197,8781,23,8804,134
2020-10-18,Stanislaus,099,539301,17479,17290,687,17977,390
2020-10-18,Sutter,101,95872,1800,1764,1,1765,12
2020-10-18,Tehama,103,63373,839,774,2,776,5
2020-10-18,Trinity,105,12862,75,20,9,29,0
2020-10-18,Tulare,107,460477,17631,17048,293,17341,290
2020-10-18,Tuolumne,109,53932,266,245,6,251,4
2020-10-18,Ventura,111,848112,14618,13901,307,14208,151
2020-10-18,Yolo,113,214977,3153,3059,10,3069,55
2020-10-18,Yuba,115,75493,1208,1176,3,1179,10
2020-10-17,Alameda,001,1643700,23140,22394,208,22602,398
2020-10-17,Alpine,003,1148,3,3,0,3,0
2020-10-17,Amador,005,37829,314,309,0,309,16
2020-10-17,Butte,007,227075,3127,3012,58,3070,55
2020-10-17,Calaveras,009,45235,328,267,0,267,13
2020-10-17,Colusa,011,21464,544,544,1,545,6
2020-10-17,Contra Costa,013,1133247,18556,18005,92,18097,237
2020-10-17,Del Norte,015,27424,170,167,0,167,2
2020-10-17,El Dorado,017,186661,1343,1277,13,1290,4
2020-10-17,Fresno,019,978130,32891,29911,435,30346,430
2020-10-17,Glenn,021,27897,652,633,0,633,3
2020-10-17,Humboldt,023,135768,551,535,1,536,7
2020-10-17,Imperial,025,180216,12591,11962,13,11975,330
2020-10-17,Inyo,027,18085,228,212,5,217,14
2020-10-17,Kern,029,883053,33498,32710,391,33101,428
2020-10-17,Kings,031,150075,8358,8151,45,8196,80
2020-10-17,Lake,033,64148,695,663,0,663,15
2020-10-17,Lassen,035,31185,768,757,2,759,0
2020-10-17,Los Angeles,037,10098052,293143,285858,2535,288393,6844
2020-10-17,Madera,039,155013,4938,4759,37,4796,53
2020-10-17,Marin,041,260295,7060,6958,19,6977,99
2020-10-17,Mariposa,043,17540,78,77,0,77,2
2020-10-17,Mendocino,045,87422,1050,977,4,981,21
2020-10-17,Merced,047,269075,9384,9275,29,9304,148
2020-10-17,Modoc,049,8938,30,26,0,26,0
2020-10-17,Mono,051,14174,176,155,6,161,1
2020-10-17,Monterey,053,433212,11079,10807,43,10850,80
2020-10-17,Napa,055,140530,1949,1866,8,1874,12
2020-10-17,Nevada,057,99092,609,580,18,598,8
2020-10-17,Orange,059,3164182,59250,56197,1667,57864,1396
2020-10-17,Placer,061,380077,4103,3898,15,3913,49
2020-10-17,Plumas,063,18699,62,52,0,52,0
2020-10-17,Riverside,065,2383286,65468,63171,251,63422,1270
2020-10-17,Sacramento,067,1510023,24857,24304,28,24332,482
2020-10-17,San Benito,069,59416,1402,1389,1,1390,14
2020-10-17,San Bernardino,071,2135413,61278,58415,384,58799,1097
2020-10-17,San Diego,073,3302833,54211,51986,1392,53378,853
2020-10-17,San Francisco,075,870044,11997,11877,42,11919,126
2020-10-17,San Joaquin,077,732212,21451,20932,145,21077,489
2020-10-17,San Luis Obispo,079,281455,4243,3979,20,3999,31
2020-10-17,San Mateo,081,765935,11068,10423,11,10434,153
2020-10-17,Santa Barbara,083,443738,9757,9588,84,9672,121
2020-10-17,Santa Clara,085,1922200,24544,22997,50,23047,349
2020-10-17,Santa Cruz,087,273765,2764,2680,32,2712,19
2020-10-17,Shasta,089,179085,1957,1679,18,1697,20
2020-10-17,Sierra,091,2930,6,6,0,6,0
2020-10-17,Siskiyou,093,43540,181,167,10,177,0
2020-10-17,Solano,095,438530,7143,6929,39,6968,57
2020-10-17,Sonoma,097,501317,9154,8725,23,8748,134
2020-10-17,Stanislaus,099,539301,17438,17232,678,17910,390
2020-10-17,Sutter,101,95872,1798,1762,1,1763,12
2020-10-17,Tehama,103,63373,823,764,2,766,5
2020-10-17,Trinity,105,12862,75,20,9,29,0
2020-10-17,Tulare,107,460477,17601,16995,284,17279,290
2020-10-17,Tuolumne,109,53932,266,241,6,247,4
2020-10-17,Ventura,111,848112,14573,13845,304,14149,151
2020-10-17,Yolo,113,214977,3138,3045,9,3054,55
2020-10-17,Yuba,115,75493,1203,1164,3,1167,10
2020-10-16,Alameda,001,1643700,23086,22315,208,22523,397
2020-10-16,Alpine,003,1148,3,3,0,3,0
2020-10-16,Amador,005,37829,314,309,0,309,16
2020-10-16,Butte,007,227075,3115,3004,58,3062,54
2020-10-16,Calaveras,009,45235,328,267,0,267,13
2020-10-16,Colusa,011,21464,543,544,1,545,6
2020-10-16,Contra Costa,013,1133247,18504,17956,92,18048,237
2020-10-16,Del Norte,015,27424,169,166,0,166,2
2020-10-16,El Dorado,017,186661,1337,1273,13,1286,4
2020-10-16,Fresno,019,978130,32816,29796,434,30230,427
2020-10-16,Glenn,021,27897,647,632,0,632,3
2020-10-16,Humboldt,023,135768,551,533,1,534,7
2020-10-16,Imperial,025,180216,12551,11885,13,11898,330
2020-10-16,Inyo,027,18085,224,212,5,217,14
2020-10-16,Kern,029,883053,33455,32660,389,33049,428
2020-10-16,Kings,031,150075,8349,8146,44,8190,80
2020-10-16,Lake,033,64148,693,644,0,644,14
2020-10-16,Lassen,035,31185,768,757,2,759,0
2020-10-16,Los Angeles,037,10098052,292079,284988,2514,287502,6835
2020-10-16,Madera,039,155013,4926,4736,36,4772,53
2020-10-16,Marin,041,260295,7050,6933,19,6952,99
2020-10-16,Mariposa,043,17540,78,76,0,76,2
2020-10-16,Mendocino,045,87422,1043,974,4,978,21
2020-10-16,Merced,047,269075,9367,9246,29,9275,148
2020-10-16,Modoc,049,8938,30,26,0,26,0
2020-10-16,Mono,051,14174,174,155,6,161,1
2020-10-16,Monterey,053,433212,11044,10727,43,10770,79
2020-10-16,Napa,055,140530,1940,1855,8,1863,12
2020-10-16,Nevada,057,99092,607,579,18,597,8
2020-10-16,Orange,059,3164182,59072,56091,1661,57752,1388
2020-10-16,Placer,061,380077,4082,3864,15,3879,49
2020-10-16,Plumas,063,18699,61,52,0,52,0
2020-10-16,Riverside,065,2383286,65242,62986,250,63236,1267
2020-10-16,Sacramento,067,1510023,24762,24144,28,24172,479
2020-10-16,San Benito,069,59416,1399,1388,1,1389,14
2020-10-16,San Bernardino,071,2135413,61008,58233,384,58617,1069
2020-10-16,San Diego,073,3302833,53969,51785,1378,53163,850
2020-10-16,San Francisco,075,870044,11974,11840,41,11881,126
2020-10-16,San Joaquin,077,732212,21406,20910,144,21054,489
2020-10-16,San Luis Obispo,079,281455,4227,3952,20,3972,32
2020-10-16,San Mateo,081,765935,11042,10405,11,10416,153
2020-10-16,Santa Barbara,083,443738,9738,9549,84,9633,119
2020-10-16,Santa Clara,085,1922200,24456,22920,50,22970,345
2020-10-16,Santa Cruz,087,273765,2751,2666,32,2698,20
2020-10-16,Shasta,089,179085,1935,1660,18,1678,20
2020-10-16,Sierra,091,2930,6,6,0,6,0
2020-10-16,Siskiyou,093,43540,179,167,10,177,0
2020-10-16,Solano,095,438530,7120,6879,39,6918,55
2020-10-16,Sonoma,097,501317,9098,8652,23,8675,133
2020-10-16,Stanislaus,099,539301,17404,17201,670,17871,366
2020-10-16,Sutter,101,95872,1790,1756,1,1757,12
2020-10-16,Tehama,103,63373,822,737,2,739,3
2020-10-16,Trinity,105,12862,75,20,9,29,0
2020-10-16,Tulare,107,460477,17569,16965,276,17241,290
2020-10-16,Tuolumne,109,53932,264,237,6,243,4
2020-10-16,Ventura,111,848112,14530,13805,299,14104,152
2020-10-16,Yolo,113,214977,3129,3030,9,3039,55
2020-10-16,Yuba,115,75493,1203,1155,3,1158,10
2020-10-15,Alameda,001,1643700,23018,22267,207,22474,390
2020-10-15,Alpine,003,1148,3,3,0,3,0
2020-10-15,Amador,005,37829,314,309,0,309,16
2020-10-15,Butte,007,227075,3103,3000,57,3057,54
2020-10-15,Calaveras,009,45235,327,267,0,267,13
2020-10-15,Colusa,011,21464,542,543,1,544,6
2020-10-15,Contra Costa,013,1133247,18436,17893,91,17984,237
2020-10-15,Del Norte,015,27424,169,164,0,164,2
2020-10-15,El Dorado,017,186661,1332,1265,13,1278,4
2020-10-15,Fresno,019,978130,32717,29727,431,30158,425
2020-10-15,Glenn,021,27897,642,632,0,632,3
2020-10-15,Humboldt,023,135768,547,531,1,532,7
2020-10-15,Imperial,025,180216,12510,11820,12,11832,330
2020-10-15,Inyo,027,18085,224,210,5,215,14
2020-10-15,Kern,029,883053,33374,32593,386,32979,427
2020-10-15,Kings,031,150075,8334,8134,44,8178,80
2020-10-15,Lake,033,64148,691,642,0,642,14
2020-10-15,Lassen,035,31185,767,752,2,754,0
2020-10-15,Los Angeles,037,10098052,290794,284019,2481,286500,6807
2020-10-15,Madera,039,155013,4913,4723,35,4758,50
2020-10-15,Marin,041,260295,7042,6912,19,6931,99
2020-10-15,Mariposa,043,17540,78,76,0,76,2
2020-10-15,Mendocino,045,87422,1037,963,4,967,21
2020-10-15,Merced,047,269075,9340,9213,28,9241,147
2020-10-15,Modoc,049,8938,30,26,0,26,0
2020-10-15,Mono,051,14174,174,155,6,161,1
2020-10-15,Monterey,053,433212,10977,10677,42,10719,79
2020-10-15,Napa,055,140530,1927,1842,8,1850,12
2020-10-15,Nevada,057,99092,603,575,18,593,8
2020-10-15,Orange,059,3164182,58856,55952,1649,57601,1379
2020-10-15,Placer,061,380077,4053,3848,15,3863,48
2020-10-15,Plumas,063,18699,58,52,0,52,0
2020-10-15,Riverside,065,2383286,64910,62819,247,63066,1266
2020-10-15,Sacramento,067,1510023,24646,24068,28,24096,474
2020-10-15,San Benito,069,59416,1396,1384,1,1385,14
2020-10-15,San Bernardino,071,2135413,60669,58068,381,58449,1067
2020-10-15,San Diego,073,3302833,53685,51472,1362,52834,847
2020-10-15,San Francisco,075,870044,11946,11808,38,11846,126
2020-10-15,San Joaquin,077,732212,21335,20880,138,21018,487
2020-10-15,San Luis Obispo,079,281455,4211,3934,20,3954,32
2020-10-15,San Mateo,081,765935,11002,10340,11,10351,152
2020-10-15,Santa Barbara,083,443738,9714,9526,83,9609,117
2020-10-15,Santa Clara,085,1922200,24340,22808,50,22858,343
2020-10-15,Santa Cruz,087,273765,2737,2656,32,2688,13
2020-10-15,Shasta,089,179085,1924,1635,18,1653,20
2020-10-15,Sierra,091,2930,6,6,0,6,0
2020-10-15,Siskiyou,093,43540,175,166,10,176,0
2020-10-15,Solano,095,438530,7081,6830,39,6869,55
2020-10-15,Sonoma,097,501317,9006,8571,23,8594,133
2020-10-15,Stanislaus,099,539301,17366,17151,656,17807,366
2020-10-15,Sutter,101,95872,1787,1752,1,1753,12
2020-10-15,Tehama,103,63373,795,726,2,728,3
2020-10-15,Trinity,105,12862,75,20,9,29,0
2020-10-15,Tulare,107,460477,17509,16918,261,17179,289
2020-10-15,Tuolumne,109,53932,262,236,6,242,4
2020-10-15,Ventura,111,848112,14474,13750,294,14044,152
2020-10-15,Yolo,113,214977,3109,3014,9,3023,55
2020-10-15,Yuba,115,75493,1196,1151,3,1154,10
2020-10-14,Alameda,001,1643700,22919,22227,206,22433,398
2020-10-14,Alpine,003,1148,3,3,0,3,0
2020-10-14,Amador,005,37829,312,308,0,308,16
2020-10-14,Butte,007,227075,3095,2995,57,3052,54
2020-10-14,Calaveras,009,45235,327,266,0,266,12
2020-10-14,Colusa,011,21464,542,543,1,544,6
2020-10-14,Contra Costa,013,1133247,18378,17820,89,17909,236
2020-10-14,Del Norte,015,27424,168,163,0,163,2
2020-10-14,El Dorado,017,186661,1326,1264,12,1276,4
2020-10-14,Fresno,019,978130,32603,29650,425,30075,424
2020-10-14,Glenn,021,27897,641,629,0,629,3
2020-10-14,Humboldt,023,135768,544,531,1,532,7
2020-10-14,Imperial,025,180216,12473,11765,10,11775,330
2020-10-14,Inyo,027,18085,223,209,4,213,14
2020-10-14,Kern,029,883053,33299,32528,384,32912,425
2020-10-14,Kings,031,150075,8316,8118,44,8162,80
2020-10-14,Lake,033,64148,690,642,0,642,14
2020-10-14,Lassen,035,31185,765,752,2,754,0
2020-10-14,Los Angeles,037,10098052,289479,282918,2438,285356,6786
2020-10-14,Madera,039,155013,4898,4713,33,4746,50
2020-10-14,Marin,041,260295,7036,6907,19,6926,99
2020-10-14,Mariposa,043,17540,77,76,0,76,2
2020-10-14,Mendocino,045,87422,1031,955,4,959,21
2020-10-14,Merced,047,269075,9315,9201,27,9228,147
2020-10-14,Modoc,049,8938,30,27,0,27,0
2020-10-14,Mono,051,14174,174,155,6,161,1
2020-10-14,Monterey,053,433212,10927,10616,42,10658,78
2020-10-14,Napa,055,140530,1910,1837,8,1845,12
2020-10-14,Nevada,057,99092,601,573,18,591,7
2020-10-14,Orange,059,3164182,58643,55756,1640,57396,1348
2020-10-14,Placer,061,380077,4030,3829,15,3844,48
2020-10-14,Plumas,063,18699,54,52,0,52,0
2020-10-14,Riverside,065,2383286,64627,62607,246,62853,1261
2020-10-14,Sacramento,067,1510023,24502,24013,28,24041,472
2020-10-14,San Benito,069,59416,1394,1381,0,1381,14
2020-10-14,San Bernardino,071,2135413,60343,57774,377,58151,1063
2020-10-14,San Diego,073,3302833,53366,51329,1338,52667,844
2020-10-14,San Francisco,075,870044,11914,11783,37,11820,123
2020-10-14,San Joaquin,077,732212,21256,20845,124,20969,487
2020-10-14,San Luis Obispo,079,281455,4188,3901,19,3920,32
2020-10-14,San Mateo,081,765935,10951,10309,11,10320,132
2020-10-14,Santa Barbara,083,443738,9680,9509,83,9592,117
2020-10-14,Santa Clara,085,1922200,24191,22735,50,22785,343
2020-10-14,Santa Cruz,087,273765,2727,2618,32,2650,13
2020-10-14,Shasta,089,179085,1886,1553,18,1571,20
2020-10-14,Sierra,091,2930,6,6,0,6,0
2020-10-14,Siskiyou,093,43540,175,166,10,176,0
2020-10-14,Solano,095,438530,7025,6786,39,6825,55
2020-10-14,Sonoma,097,501317,8953,8514,23,8537,133
2020-10-14,Stanislaus,099,539301,17321,17105,653,17758,365
2020-10-14,Sutter,101,95872,1778,1747,1,1748,12
2020-10-14,Tehama,103,63373,784,721,2,723,3
2020-10-14,Trinity,105,12862,74,20,9,29,0
2020-10-14,Tulare,107,460477,17447,16863,248,17111,287
2020-10-14,Tuolumne,109,53932,261,236,6,242,4
2020-10-14,Ventura,111,848112,14420,13697,290,13987,152
2020-10-14,Yolo,113,214977,3091,3007,8,3015,55
2020-10-14,Yuba,115,75493,1188,1147,3,1150,10
2020-10-13,Alameda,001,1643700,22814,22185,204,22389,389
2020-10-13,Alpine,003,1148,3,3,0,3,0
2020-10-13,Amador,005,37829,310,306,0,306,16
2020-10-13,Butte,007,227075,3087,2992,57,3049,54
2020-10-13,Calaveras,009,45235,323,262,0,262,12
2020-10-13,Colusa,011,21464,542,541,1,542,6
2020-10-13,Contra Costa,013,1133247,18321,17783,89,17872,234
2020-10-13,Del Norte,015,27424,168,163,0,163,2
2020-10-13,El Dorado,017,186661,1317,1262,12,1274,4
2020-10-13,Fresno,019,978130,32480,29579,421,30000,424
2020-10-13,Glenn,021,27897,640,629,0,629,3
2020-10-13,Humboldt,023,135768,542,523,1,524,7
2020-10-13,Imperial,025,180216,12437,11727,10,11737,327
2020-10-13,Inyo,027,18085,220,207,4,211,14
2020-10-13,Kern,029,883053,33225,32497,382,32879,419
2020-10-13,Kings,031,150075,8307,8111,44,8155,80
2020-10-13,Lake,033,64148,687,639,0,639,12
2020-10-13,Lassen,035,31185,763,752,2,754,0
2020-10-13,Los Angeles,037,10098052,288198,281716,2398,284114,6767
2020-10-13,Madera,039,155013,4879,4700,33,4733,50
2020-10-13,Marin,041,260295,7014,6900,18,6918,97
2020-10-13,Mariposa,043,17540,77,76,0,76,2
2020-10-13,Mendocino,045,87422,1022,950,4,954,21
2020-10-13,Merced,047,269075,9298,9181,27,9208,146
2020-10-13,Modoc,049,8938,29,28,0,28,0
2020-10-13,Mono,051,14174,174,155,5,160,1
2020-10-13,Monterey,053,433212,10866,10574,41,10615,78
2020-10-13,Napa,055,140530,1901,1825,8,1833,12
2020-10-13,Nevada,057,99092,594,572,18,590,7
2020-10-13,Orange,059,3164182,58430,55515,1627,57142,1326
2020-10-13,Placer,061,380077,3992,3825,15,3840,48
2020-10-13,Plumas,063,18699,52,51,0,51,0
2020-10-13,Riverside,065,2383286,64308,62279,244,62523,1254
2020-10-13,Sacramento,067,1510023,24425,23930,28,23958,466
2020-10-13,San Benito,069,59416,1386,1380,0,1380,14
2020-10-13,San Bernardino,071,2135413,60005,57411,375,57786,1061
2020-10-13,San Diego,073,3302833,53073,51026,1321,52347,840
2020-10-13,San Francisco,075,870044,11877,11659,37,11696,122
2020-10-13,San Joaquin,077,732212,21194,20822,120,20942,481
2020-10-13,San Luis Obispo,079,281455,4171,3892,18,3910,32
2020-10-13,San Mateo,081,765935,10908,10286,11,10297,130
2020-10-13,Santa Barbara,083,443738,9648,9489,83,9572,117
2020-10-13,Santa Clara,085,1922200,24063,22678,50,22728,343
2020-10-13,Santa Cruz,087,273765,2709,2603,32,2635,13
2020-10-13,Shasta,089,179085,1862,1606,18,1624,20
2020-10-13,Sierra,091,2930,6,6,0,6,0
2020-10-13,Siskiyou,093,43540,174,163,10,173,0
2020-10-13,Solano,095,438530,6990,6761,39,6800,55
2020-10-13,Sonoma,097,501317,8870,8456,23,8479,133
2020-10-13,Stanislaus,099,539301,17276,17082,648,17730,362
2020-10-13,Sutter,101,95872,1769,1748,1,1749,12
2020-10-13,Tehama,103,63373,777,717,2,719,3
2020-10-13,Trinity,105,12862,70,19,8,27,0
2020-10-13,Tulare,107,460477,17389,16822,240,17062,286
2020-10-13,Tuolumne,109,53932,259,235,6,241,4
2020-10-13,Ventura,111,848112,14366,13645,286,13931,151
2020-10-13,Yolo,113,214977,3083,2983,7,2990,55
2020-10-13,Yuba,115,75493,1183,1143,3,1146,10
2020-10-12,Alameda,001,1643700,22735,22126,203,22329,389
2020-10-12,Alpine,003,1148,3,3,0,3,0
2020-10-12,Amador,005,37829,309,305,0,305,16
2020-10-12,Butte,007,227075,3080,2975,57,3032,54
2020-10-12,Calaveras,009,45235,323,262,0,262,12
2020-10-12,Colusa,011,21464,542,541,1,542,6
2020-10-12,Contra Costa,013,1133247,18247,17728,89,17817,233
2020-10-12,Del Norte,015,27424,168,161,0,161,2
2020-10-12,El Dorado,017,186661,1314,1254,12,1266,4
2020-10-12,Fresno,019,978130,32347,29523,417,29940,421
2020-10-12,Glenn,021,27897,639,626,0,626,3
2020-10-12,Humboldt,023,135768,539,522,1,523,7
2020-10-12,Imperial,025,180216,12399,11689,10,11699,328
2020-10-12,Inyo,027,18085,217,201,4,205,14
2020-10-12,Kern,029,883053,33132,32425,378,32803,419
2020-10-12,Kings,031,150075,8301,8106,44,8150,80
2020-10-12,Lake,033,64148,681,633,0,633,12
2020-10-12,Lassen,035,31185,763,752,2,754,0
2020-10-12,Los Angeles,037,10098052,286978,280961,2371,283332,6747
2020-10-12,Madera,039,155013,4859,4689,33,4722,50
2020-10-12,Marin,041,260295,6997,6886,18,6904,97
2020-10-12,Mariposa,043,17540,77,76,0,76,2
2020-10-12,Mendocino,045,87422,1016,947,4,951,21
2020-10-12,Merced,047,269075,9277,9141,27,9168,146
2020-10-12,Modoc,049,8938,29,27,0,27,0
2020-10-12,Mono,051,14174,174,154,5,159,1
2020-10-12,Monterey,053,433212,10800,10473,41,10514,77
2020-10-12,Napa,055,140530,1893,1819,8,1827,11
2020-10-12,Nevada,057,99092,590,570,18,588,7
2020-10-12,Orange,059,3164182,58201,55373,1617,56990,1326
2020-10-12,Placer,061,380077,3960,3808,14,3822,48
2020-10-12,Plumas,063,18699,52,51,0,51,0
2020-10-12,Riverside,065,2383286,63997,62279,240,62519,1254
2020-10-12,Sacramento,067,1510023,24320,23807,28,23835,466
2020-10-12,San Benito,069,59416,1383,1376,0,1376,13
2020-10-12,San Bernardino,071,2135413,59629,57235,374,57609,1061
2020-10-12,San Diego,073,3302833,52783,50748,1294,52042,826
2020-10-12,San Francisco,075,870044,11845,11659,37,11696,122
2020-10-12,San Joaquin,077,732212,21131,20701,114,20815,480
2020-10-12,San Luis Obispo,079,281455,4143,3874,18,3892,32
2020-10-12,San Mateo,081,765935,10860,10262,11,10273,130
2020-10-12,Santa Barbara,083,443738,9609,9462,83,9545,117
2020-10-12,Santa Clara,085,1922200,23947,22578,50,22628,343
2020-10-12,Santa Cruz,087,273765,2692,2590,32,2622,13
2020-10-12,Shasta,089,179085,1837,1515,18,1533,20
2020-10-12,Sierra,091,2930,6,6,0,6,0
2020-10-12,Siskiyou,093,43540,173,162,10,172,0
2020-10-12,Solano,095,438530,6951,6742,39,6781,55
2020-10-12,Sonoma,097,501317,8798,8377,23,8400,133
2020-10-12,Stanislaus,099,539301,17227,17051,639,17690,361
2020-10-12,Sutter,101,95872,1761,1741,1,1742,12
2020-10-12,Tehama,103,63373,761,708,2,710,3
2020-10-12,Trinity,105,12862,69,19,8,27,0
2020-10-12,Tulare,107,460477,17338,16742,233,16975,286
2020-10-12,Tuolumne,109,53932,254,234,6,240,4
2020-10-12,Ventura,111,848112,14304,13617,282,13899,151
2020-10-12,Yolo,113,214977,3068,2964,7,2971,55
2020-10-12,Yuba,115,75493,1173,1141,3,1144,10
2020-10-11,Alameda,001,1643700,22645,22057,199,22256,392
2020-10-11,Alpine,003,1148,3,3,0,3,0
2020-10-11,Amador,005,37829,307,305,0,305,16
2020-10-11,Butte,007,227075,3072,2967,56,3023,54
2020-10-11,Calaveras,009,45235,321,262,0,262,12
2020-10-11,Colusa,011,21464,540,541,1,542,6
2020-10-11,Contra Costa,013,1133247,18163,17678,89,17767,233
2020-10-11,Del Norte,015,27424,166,161,0,161,2
2020-10-11,El Dorado,017,186661,1305,1242,12,1254,4
2020-10-11,Fresno,019,978130,32209,29419,409,29828,421
2020-10-11,Glenn,021,27897,637,625,0,625,3
2020-10-11,Humboldt,023,135768,538,521,1,522,7
2020-10-11,Imperial,025,180216,12340,11614,10,11624,328
2020-10-11,Inyo,027,18085,213,201,4,205,14
2020-10-11,Kern,029,883053,33045,32399,370,32769,418
2020-10-11,Kings,031,150075,8284,8094,43,8137,80
2020-10-11,Lake,033,64148,668,631,0,631,12
2020-10-11,Lassen,035,31185,762,752,2,754,0
2020-10-11,Los Angeles,037,10098052,285542,280190,2329,282519,6745
2020-10-11,Madera,039,155013,4831,4680,32,4712,50
2020-10-11,Marin,041,260295,6988,6870,18,6888,97
2020-10-11,Mariposa,043,17540,77,76,0,76,2
2020-10-11,Mendocino,045,87422,1009,944,4,948,21
2020-10-11,Merced,047,269075,9259,9124,27,9151,146
2020-10-11,Modoc,049,8938,29,27,0,27,0
2020-10-11,Mono,051,14174,174,154,5,159,1
2020-10-11,Monterey,053,433212,10749,10445,39,10484,77
2020-10-11,Napa,055,140530,1877,1811,8,1819,11
2020-10-11,Nevada,057,99092,588,569,18,587,7
2020-10-11,Orange,059,3164182,57971,55202,1611,56813,1326
2020-10-11,Placer,061,380077,3939,3787,14,3801,48
2020-10-11,Plumas,063,18699,52,51,0,51,0
2020-10-11,Riverside,065,2383286,63709,62112,236,62348,1254
2020-10-11,Sacramento,067,1510023,24177,23778,28,23806,466
2020-10-11,San Benito,069,59416,1382,1374,0,1374,13
2020-10-11,San Bernardino,071,2135413,59177,56997,372,57369,1061
2020-10-11,San Diego,073,3302833,52433,50553,1272,51825,826
2020-10-11,San Francisco,075,870044,11802,11659,37,11696,122
2020-10-11,San Joaquin,077,732212,21056,20700,104,20804,480
2020-10-11,San Luis Obispo,079,281455,4126,3874,17,3891,32
2020-10-11,San Mateo,081,765935,10828,10240,11,10251,130
2020-10-11,Santa Barbara,083,443738,9578,9440,82,9522,117
2020-10-11,Santa Clara,085,1922200,23807,22487,49,22536,336
2020-10-11,Santa Cruz,087,273765,2678,2578,32,2610,13
2020-10-11,Shasta,089,179085,1807,1515,17,1532,20
2020-10-11,Sierra,091,2930,6,6,0,6,0
2020-10-11,Siskiyou,093,43540,172,162,10,172,0
2020-10-11,Solano,095,438530,6897,6685,39,6724,53
2020-10-11,Sonoma,097,501317,8741,8319,23,8342,133
2020-10-11,Stanislaus,099,539301,17163,17007,623,17630,360
2020-10-11,Sutter,101,95872,1758,1742,1,1743,12
2020-10-11,Tehama,103,63373,737,702,2,704,3
2020-10-11,Trinity,105,12862,69,19,8,27,0
2020-10-11,Tulare,107,460477,17274,16741,225,16966,286
2020-10-11,Tuolumne,109,53932,249,234,6,240,4
2020-10-11,Ventura,111,848112,14243,13604,277,13881,151
2020-10-11,Yolo,113,214977,3038,2952,7,2959,55
2020-10-11,Yuba,115,75493,1162,1137,3,1140,10
2020-10-10,Alameda,001,1643700,22595,21979,198,22177,398
2020-10-10,Alpine,003,1148,3,3,0,3,0
2020-10-10,Amador,005,37829,306,304,0,304,16
2020-10-10,Butte,007,227075,3067,2962,55,3017,54
2020-10-10,Calaveras,009,45235,320,262,0,262,12
2020-10-10,Colusa,011,21464,540,541,1,542,6
2020-10-10,Contra Costa,013,1133247,18127,17566,88,17654,233
2020-10-10,Del Norte,015,27424,166,161,0,161,2
2020-10-10,El Dorado,017,186661,1303,1240,12,1252,4
2020-10-10,Fresno,019,978130,32145,29286,407,29693,421
2020-10-10,Glenn,021,27897,637,623,0,623,3
2020-10-10,Humboldt,023,135768,535,518,1,519,7
2020-10-10,Imperial,025,180216,12325,11591,10,11601,327
2020-10-10,Inyo,027,18085,210,201,4,205,14
2020-10-10,Kern,029,883053,33008,32338,370,32708,418
2020-10-10,Kings,031,150075,8280,8078,43,8121,80
2020-10-10,Lake,033,64148,667,630,0,630,11
2020-10-10,Lassen,035,31185,762,752,2,754,0
2020-10-10,Los Angeles,037,10098052,284824,279213,2295,281508,6743
2020-10-10,Madera,039,155013,4819,4662,32,4694,50
2020-10-10,Marin,041,260295,6979,6852,18,6870,97
2020-10-10,Mariposa,043,17540,77,76,0,76,2
2020-10-10,Mendocino,045,87422,1002,935,4,939,21
2020-10-10,Merced,047,269075,9253,9105,26,9131,146
2020-10-10,Modoc,049,8938,29,27,0,27,0
2020-10-10,Mono,051,14174,174,154,5,159,1
2020-10-10,Monterey,053,433212,10716,10410,39,10449,75
2020-10-10,Napa,055,140530,1870,1804,8,1812,11
2020-10-10,Nevada,057,99092,585,564,18,582,6
2020-10-10,Orange,059,3164182,57850,54965,1606,56571,1324
2020-10-10,Placer,061,380077,3922,3757,14,3771,48
2020-10-10,Plumas,063,18699,52,51,0,51,0
2020-10-10,Riverside,065,2383286,63506,61845,234,62079,1254
2020-10-10,Sacramento,067,1510023,24109,23689,28,23717,466
2020-10-10,San Benito,069,59416,1380,1370,0,1370,13
2020-10-10,San Bernardino,071,2135413,59015,56683,370,57053,1061
2020-10-10,San Diego,073,3302833,52203,50145,1254,51399,825
2020-10-10,San Francisco,075,870044,11781,11663,37,11700,122
2020-10-10,San Joaquin,077,732212,21028,20700,100,20800,481
2020-10-10,San Luis Obispo,079,281455,4106,3832,17,3849,32
2020-10-10,San Mateo,081,765935,10791,10218,11,10229,130
2020-10-10,Santa Barbara,083,443738,9567,9417,82,9499,116
2020-10-10,Santa Clara,085,1922200,23716,22354,49,22403,330
2020-10-10,Santa Cruz,087,273765,2664,2572,32,2604,13
2020-10-10,Shasta,089,179085,1790,1473,17,1490,20
2020-10-10,Sierra,091,2930,6,6,0,6,0
2020-10-10,Siskiyou,093,43540,172,161,10,171,0
2020-10-10,Solano,095,438530,6871,6655,39,6694,53
2020-10-10,Sonoma,097,501317,8721,8235,23,8258,133
2020-10-10,Stanislaus,099,539301,17128,16960,615,17575,360
2020-10-10,Sutter,101,95872,1755,1735,1,1736,12
2020-10-10,Tehama,103,63373,730,693,2,695,3
2020-10-10,Trinity,105,12862,69,19,8,27,0
2020-10-10,Tulare,107,460477,17238,16709,220,16929,286
2020-10-10,Tuolumne,109,53932,249,233,6,239,4
2020-10-10,Ventura,111,848112,14218,13520,277,13797,151
2020-10-10,Yolo,113,214977,3029,2939,7,2946,55
2020-10-10,Yuba,115,75493,1160,1134,3,1137,10
2020-10-09,Alameda,001,1643700,22547,21924,198,22122,399
2020-10-09,Alpine,003,1148,3,3,0,3,0
2020-10-09,Amador,005,37829,306,303,0,303,16
2020-10-09,Butte,007,227075,3064,2956,55,3011,51
2020-10-09,Calaveras,009,45235,318,262,0,262,11
2020-10-09,Colusa,011,21464,540,541,1,542,6
2020-10-09,Contra Costa,013,1133247,18076,17487,88,17575,229
2020-10-09,Del Norte,015,27424,165,161,0,161,2
2020-10-09,El Dorado,017,186661,1299,1234,12,1246,4
2020-10-09,Fresno,019,978130,32072,29208,405,29613,417
2020-10-09,Glenn,021,27897,632,617,0,617,3
2020-10-09,Humboldt,023,135768,533,516,1,517,7
2020-10-09,Imperial,025,180216,12299,11516,10,11526,330
2020-10-09,Inyo,027,18085,207,200,4,204,14
2020-10-09,Kern,029,883053,32964,32237,368,32605,417
2020-10-09,Kings,031,150075,8273,7993,41,8034,80
2020-10-09,Lake,033,64148,657,610,0,610,11
2020-10-09,Lassen,035,31185,762,751,2,753,0
2020-10-09,Los Angeles,037,10098052,283689,278039,2271,280310,6715
2020-10-09,Madera,039,155013,4809,4646,32,4678,50
2020-10-09,Marin,041,260295,6965,6838,18,6856,96
2020-10-09,Mariposa,043,17540,77,76,0,76,2
2020-10-09,Mendocino,045,87422,992,933,4,937,20
2020-10-09,Merced,047,269075,9239,9095,26,9121,145
2020-10-09,Modoc,049,8938,29,27,0,27,0
2020-10-09,Mono,051,14174,174,154,5,159,1
2020-10-09,Monterey,053,433212,10682,10369,39,10408,75
2020-10-09,Napa,055,140530,1860,1795,8,1803,11
2020-10-09,Nevada,057,99092,580,561,18,579,6
2020-10-09,Orange,059,3164182,57679,54746,1601,56347,1305
2020-10-09,Placer,061,380077,3908,3737,13,3750,48
2020-10-09,Plumas,063,18699,52,50,0,50,0
2020-10-09,Riverside,065,2383286,63270,61529,233,61762,1252
2020-10-09,Sacramento,067,1510023,24040,23606,28,23634,457
2020-10-09,San Benito,069,59416,1375,1367,0,1367,13
2020-10-09,San Bernardino,071,2135413,58775,56434,368,56802,1057
2020-10-09,San Diego,073,3302833,51927,49825,1243,51068,821
2020-10-09,San Francisco,075,870044,11751,11620,37,11657,120
2020-10-09,San Joaquin,077,732212,20998,20648,92,20740,481
2020-10-09,San Luis Obispo,079,281455,4087,3810,17,3827,32
2020-10-09,San Mateo,081,765935,10763,10140,11,10151,130
2020-10-09,Santa Barbara,083,443738,9539,9396,82,9478,116
2020-10-09,Santa Clara,085,1922200,23614,22251,48,22299,328
2020-10-09,Santa Cruz,087,273765,2655,2555,32,2587,13
2020-10-09,Shasta,089,179085,1764,1353,16,1369,20
2020-10-09,Sierra,091,2930,6,6,0,6,0
2020-10-09,Siskiyou,093,43540,170,156,10,166,0
2020-10-09,Solano,095,438530,6832,6614,39,6653,53
2020-10-09,Sonoma,097,501317,8667,8133,23,8156,133
2020-10-09,Stanislaus,099,539301,17103,16904,608,17512,362
2020-10-09,Sutter,101,95872,1751,1732,1,1733,12
2020-10-09,Tehama,103,63373,724,682,2,684,3
2020-10-09,Trinity,105,12862,69,25,8,33,0
2020-10-09,Tulare,107,460477,17198,16644,211,16855,286
2020-10-09,Tuolumne,109,53932,246,230,6,236,4
2020-10-09,Ventura,111,848112,14182,13469,274,13743,151
2020-10-09,Yolo,113,214977,3022,2928,7,2935,55
2020-10-09,Yuba,115,75493,1159,1129,3,1132,10
2020-10-08,Alameda,001,1643700,22466,21826,197,22023,395
2020-10-08,Alpine,003,1148,3,3,0,3,0
2020-10-08,Amador,005,37829,305,302,0,302,16
2020-10-08,Butte,007,227075,3054,2935,55,2990,51
2020-10-08,Calaveras,009,45235,317,262,0,262,11
2020-10-08,Colusa,011,21464,540,539,1,540,6
2020-10-08,Contra Costa,013,1133247,18016,17418,87,17505,228
2020-10-08,Del Norte,015,27424,165,151,0,151,2
2020-10-08,El Dorado,017,186661,1298,1230,12,1242,4
2020-10-08,Fresno,019,978130,31968,29111,405,29516,416
2020-10-08,Glenn,021,27897,629,616,0,616,3
2020-10-08,Humboldt,023,135768,529,515,1,516,7
2020-10-08,Imperial,025,180216,12259,11405,10,11415,330
2020-10-08,Inyo,027,18085,204,199,4,203,14
2020-10-08,Kern,029,883053,32906,32169,363,32532,411
2020-10-08,Kings,031,150075,8267,7968,41,8009,80
2020-10-08,Lake,033,64148,652,604,0,604,11
2020-10-08,Lassen,035,31185,757,751,2,753,0
2020-10-08,Los Angeles,037,10098052,282487,276763,2231,278994,6699
2020-10-08,Madera,039,155013,4791,4637,32,4669,50
2020-10-08,Marin,041,260295,6951,6810,18,6828,96
2020-10-08,Mariposa,043,17540,77,76,0,76,2
2020-10-08,Mendocino,045,87422,987,930,4,934,20
2020-10-08,Merced,047,269075,9219,9069,26,9095,144
2020-10-08,Modoc,049,8938,29,27,0,27,0
2020-10-08,Mono,051,14174,174,153,5,158,1
2020-10-08,Monterey,053,433212,10615,10343,39,10382,75
2020-10-08,Napa,055,140530,1845,1779,8,1787,11
2020-10-08,Nevada,057,99092,577,556,18,574,6
2020-10-08,Orange,059,3164182,57486,54523,1590,56113,1293
2020-10-08,Placer,061,380077,3890,3715,13,3728,48
2020-10-08,Plumas,063,18699,52,50,0,50,0
2020-10-08,Riverside,065,2383286,63002,61105,232,61337,1244
2020-10-08,Sacramento,067,1510023,23933,23482,28,23510,454
2020-10-08,San Benito,069,59416,1370,1367,0,1367,13
2020-10-08,San Bernardino,071,2135413,58410,56152,367,56519,1048
2020-10-08,San Diego,073,3302833,51647,49468,1211,50679,819
2020-10-08,San Francisco,075,870044,11713,11608,37,11645,115
2020-10-08,San Joaquin,077,732212,20946,20576,87,20663,478
2020-10-08,San Luis Obispo,079,281455,4071,3785,17,3802,32
2020-10-08,San Mateo,081,765935,10731,10044,11,10055,130
2020-10-08,Santa Barbara,083,443738,9511,9374,82,9456,116
2020-10-08,Santa Clara,085,1922200,23512,22095,48,22143,323
2020-10-08,Santa Cruz,087,273765,2643,2535,32,2567,13
2020-10-08,Shasta,089,179085,1730,1305,16,1321,20
2020-10-08,Sierra,091,2930,6,6,0,6,0
2020-10-08,Siskiyou,093,43540,170,156,10,166,0
2020-10-08,Solano,095,438530,6808,6556,39,6595,53
2020-10-08,Sonoma,097,501317,8601,8063,23,8086,132
2020-10-08,Stanislaus,099,539301,17057,16821,600,17421,360
2020-10-08,Sutter,101,95872,1751,1725,1,1726,12
2020-10-08,Tehama,103,63373,715,676,2,678,3
2020-10-08,Trinity,105,12862,68,25,8,33,0
2020-10-08,Tulare,107,460477,17137,16573,203,16776,283
2020-10-08,Tuolumne,109,53932,245,230,6,236,4
2020-10-08,Ventura,111,848112,14134,13399,272,13671,151
2020-10-08,Yolo,113,214977,3005,2914,7,2921,55
2020-10-08,Yuba,115,75493,1154,1126,3,1129,10
2020-10-07,Alameda,001,1643700,22389,21736,197,21933,395
2020-10-07,Alpine,003,1148,3,3,0,3,0
2020-10-07,Amador,005,37829,305,302,0,302,16
2020-10-07,Butte,007,227075,3042,2927,55,2982,47
2020-10-07,Calaveras,009,45235,315,262,0,262,11
2020-10-07,Colusa,011,21464,539,539,0,539,6
2020-10-07,Contra Costa,013,1133247,17946,17346,86,17432,225
2020-10-07,Del Norte,015,27424,164,149,0,149,2
2020-10-07,El Dorado,017,186661,1290,1219,12,1231,4
2020-10-07,Fresno,019,978130,31847,29069,400,29469,413
2020-10-07,Glenn,021,27897,629,615,0,615,3
2020-10-07,Humboldt,023,135768,526,512,1,513,7
2020-10-07,Imperial,025,180216,12222,11289,9,11298,330
2020-10-07,Inyo,027,18085,204,199,4,203,14
2020-10-07,Kern,029,883053,32833,32068,362,32430,410
2020-10-07,Kings,031,150075,8252,7948,41,7989,80
2020-10-07,Lake,033,64148,651,599,0,599,11
2020-10-07,Lassen,035,31185,757,751,2,753,0
2020-10-07,Los Angeles,037,10098052,281305,275559,2199,277758,6681
2020-10-07,Madera,039,155013,4771,4618,32,4650,50
2020-10-07,Marin,041,260295,6924,6790,18,6808,95
2020-10-07,Mariposa,043,17540,77,75,0,75,2
2020-10-07,Mendocino,045,87422,981,927,4,931,19
2020-10-07,Merced,047,269075,9182,9045,25,9070,144
2020-10-07,Modoc,049,8938,29,27,0,27,0
2020-10-07,Mono,051,14174,173,153,4,157,1
2020-10-07,Monterey,053,433212,10556,10272,39,10311,75
2020-10-07,Napa,055,140530,1832,1774,8,1782,11
2020-10-07,Nevada,057,99092,573,552,18,570,6
2020-10-07,Orange,059,3164182,57269,54332,1579,55911,1277
2020-10-07,Placer,061,380077,3874,3693,13,3706,48
2020-10-07,Plumas,063,18699,52,50,0,50,0
2020-10-07,Riverside,065,2383286,62655,60857,228,61085,1241
2020-10-07,Sacramento,067,1510023,23836,23380,28,23408,452
2020-10-07,San Benito,069,59416,1367,1363,0,1363,13
2020-10-07,San Bernardino,071,2135413,58061,55738,366,56104,1043
2020-10-07,San Diego,073,3302833,51331,49177,1187,50364,813
2020-10-07,San Francisco,075,870044,11677,11551,37,11588,115
2020-10-07,San Joaquin,077,732212,20894,20527,80,20607,478
2020-10-07,San Luis Obispo,079,281455,4041,3749,17,3766,32
2020-10-07,San Mateo,081,765935,10688,9980,11,9991,130
2020-10-07,Santa Barbara,083,443738,9485,9350,81,9431,116
2020-10-07,Santa Clara,085,1922200,23384,21993,48,22041,320
2020-10-07,Santa Cruz,087,273765,2631,2518,32,2550,14
2020-10-07,Shasta,089,179085,1687,1268,16,1284,20
2020-10-07,Sierra,091,2930,6,6,0,6,0
2020-10-07,Siskiyou,093,43540,168,154,10,164,0
2020-10-07,Solano,095,438530,6773,6526,39,6565,53
2020-10-07,Sonoma,097,501317,8526,7993,22,8015,130
2020-10-07,Stanislaus,099,539301,17022,16786,594,17380,357
2020-10-07,Sutter,101,95872,1748,1723,1,1724,12
2020-10-07,Tehama,103,63373,706,666,2,668,3
2020-10-07,Trinity,105,12862,64,25,8,33,0
2020-10-07,Tulare,107,460477,17094,16483,195,16678,282
2020-10-07,Tuolumne,109,53932,245,227,6,233,3
2020-10-07,Ventura,111,848112,14084,13333,266,13599,150
2020-10-07,Yolo,113,214977,2980,2904,7,2911,55
2020-10-07,Yuba,115,75493,1148,1120,3,1123,10
2020-10-06,Alameda,001,1643700,22298,21698,195,21893,385
2020-10-06,Alpine,003,1148,3,3,0,3,0
2020-10-06,Amador,005,37829,303,301,0,301,16
2020-10-06,Butte,007,227075,3035,2925,55,2980,47
2020-10-06,Calaveras,009,45235,315,261,0,261,11
2020-10-06,Colusa,011,21464,538,538,0,538,6
2020-10-06,Contra Costa,013,1133247,17867,17295,86,17381,219
2020-10-06,Del Norte,015,27424,164,144,0,144,2
2020-10-06,El Dorado,017,186661,1286,1211,12,1223,4
2020-10-06,Fresno,019,978130,31704,29022,397,29419,412
2020-10-06,Glenn,021,27897,626,604,0,604,3
2020-10-06,Humboldt,023,135768,523,508,1,509,7
2020-10-06,Imperial,025,180216,12184,11196,9,11205,327
2020-10-06,Inyo,027,18085,202,198,4,202,14
2020-10-06,Kern,029,883053,32757,32006,360,32366,407
2020-10-06,Kings,031,150075,8236,7943,41,7984,81
2020-10-06,Lake,033,64148,645,596,0,596,11
2020-10-06,Lassen,035,31185,757,743,2,745,0
2020-10-06,Los Angeles,037,10098052,280067,274115,2150,276265,6657
2020-10-06,Madera,039,155013,4759,4608,32,4640,50
2020-10-06,Marin,041,260295,6909,6766,18,6784,91
2020-10-06,Mariposa,043,17540,77,75,0,75,2
2020-10-06,Mendocino,045,87422,974,920,4,924,19
2020-10-06,Merced,047,269075,9146,9034,24,9058,143
2020-10-06,Modoc,049,8938,29,26,0,26,0
2020-10-06,Mono,051,14174,173,153,4,157,1
2020-10-06,Monterey,053,433212,10501,10235,37,10272,72
2020-10-06,Napa,055,140530,1826,1770,8,1778,11
2020-10-06,Nevada,057,99092,570,551,18,569,6
2020-10-06,Orange,059,3164182,57053,54203,1570,55773,1273
2020-10-06,Placer,061,380077,3852,3680,13,3693,48
2020-10-06,Plumas,063,18699,52,49,0,49,0
2020-10-06,Riverside,065,2383286,62390,60593,226,60819,1238
2020-10-06,Sacramento,067,1510023,23750,23322,28,23350,442
2020-10-06,San Benito,069,59416,1366,1358,0,1358,12
2020-10-06,San Bernardino,071,2135413,57747,55416,361,55777,1040
2020-10-06,San Diego,073,3302833,50994,48823,1170,49993,806
2020-10-06,San Francisco,075,870044,11651,11513,36,11549,115
2020-10-06,San Joaquin,077,732212,20854,20481,77,20558,477
2020-10-06,San Luis Obispo,079,281455,4007,3723,17,3740,32
2020-10-06,San Mateo,081,765935,10656,9934,11,9945,129
2020-10-06,Santa Barbara,083,443738,9456,9331,80,9411,116
2020-10-06,Santa Clara,085,1922200,23289,21914,48,21962,320
2020-10-06,Santa Cruz,087,273765,2609,2510,32,2542,12
2020-10-06,Shasta,089,179085,1647,1242,16,1258,18
2020-10-06,Sierra,091,2930,6,6,0,6,0
2020-10-06,Siskiyou,093,43540,168,154,10,164,0
2020-10-06,Solano,095,438530,6727,6506,39,6545,52
2020-10-06,Sonoma,097,501317,8433,7895,22,7917,130
2020-10-06,Stanislaus,099,539301,16977,16759,588,17347,354
2020-10-06,Sutter,101,95872,1746,1722,1,1723,12
2020-10-06,Tehama,103,63373,696,660,2,662,3
2020-10-06,Trinity,105,12862,64,25,8,33,0
2020-10-06,Tulare,107,460477,17052,16456,187,16643,280
2020-10-06,Tuolumne,109,53932,244,227,6,233,2
2020-10-06,Ventura,111,848112,14017,13242,261,13503,150
2020-10-06,Yolo,113,214977,2966,2899,7,2906,56
2020-10-06,Yuba,115,75493,1147,1114,3,1117,10
2020-10-05,Alameda,001,1643700,22210,21637,192,21829,383
2020-10-05,Alpine,003,1148,3,2,0,2,0
2020-10-05,Amador,005,37829,303,299,0,299,16
2020-10-05,Butte,007,227075,3025,2910,55,2965,46
2020-10-05,Calaveras,009,45235,315,259,0,259,11
2020-10-05,Colusa,011,21464,538,537,0,537,6
2020-10-05,Contra Costa,013,1133247,17790,17250,86,17336,216
2020-10-05,Del Norte,015,27424,161,142,0,142,2
2020-10-05,El Dorado,017,186661,1282,1202,11,1213,4
2020-10-05,Fresno,019,978130,31587,29136,397,29533,408
2020-10-05,Glenn,021,27897,624,603,0,603,3
2020-10-05,Humboldt,023,135768,522,506,1,507,6
2020-10-05,Imperial,025,180216,12143,11169,9,11178,327
2020-10-05,Inyo,027,18085,202,197,4,201,14
2020-10-05,Kern,029,883053,32678,31933,356,32289,404
2020-10-05,Kings,031,150075,8139,7932,41,7973,80
2020-10-05,Lake,033,64148,641,592,0,592,10
2020-10-05,Lassen,035,31185,756,743,2,745,0
2020-10-05,Los Angeles,037,10098052,278971,273200,2112,275312,6632
2020-10-05,Madera,039,155013,4751,4598,30,4628,50
2020-10-05,Marin,041,260295,6892,6751,18,6769,91
2020-10-05,Mariposa,043,17540,77,75,0,75,2
2020-10-05,Mendocino,045,87422,966,913,4,917,19
2020-10-05,Merced,047,269075,9127,9021,23,9044,143
2020-10-05,Modoc,049,8938,29,26,0,26,0
2020-10-05,Mono,051,14174,173,152,4,156,1
2020-10-05,Monterey,053,433212,10454,10187,37,10224,72
2020-10-05,Napa,055,140530,1815,1760,8,1768,11
2020-10-05,Nevada,057,99092,567,550,17,567,6
2020-10-05,Orange,059,3164182,56837,54103,1557,55660,1271
2020-10-05,Placer,061,380077,3826,3670,13,3683,46
2020-10-05,Plumas,063,18699,51,49,0,49,0
2020-10-05,Riverside,065,2383286,62070,60454,222,60676,1232
2020-10-05,Sacramento,067,1510023,23646,23207,28,23235,438
2020-10-05,San Benito,069,59416,1363,1356,0,1356,12
2020-10-05,San Bernardino,071,2135413,57440,55100,360,55460,1031
2020-10-05,San Diego,073,3302833,50658,48662,1146,49808,803
2020-10-05,San Francisco,075,870044,11612,11476,34,11510,110
2020-10-05,San Joaquin,077,732212,20784,20319,74,20393,476
2020-10-05,San Luis Obispo,079,281455,3980,3710,17,3727,32
2020-10-05,San Mateo,081,765935,10629,9896,11,9907,128
2020-10-05,Santa Barbara,083,443738,9434,9309,80,9389,116
2020-10-05,Santa Clara,085,1922200,23172,21861,48,21909,319
2020-10-05,Santa Cruz,087,273765,2597,2492,32,2524,9
2020-10-05,Shasta,089,179085,1615,1158,16,1174,18
2020-10-05,Sierra,091,2930,6,6,0,6,0
2020-10-05,Siskiyou,093,43540,168,153,10,163,0
2020-10-05,Solano,095,438530,6689,6475,39,6514,52
2020-10-05,Sonoma,097,501317,8341,7817,22,7839,130
2020-10-05,Stanislaus,099,539301,16941,16730,581,17311,351
2020-10-05,Sutter,101,95872,1738,1719,1,1720,12
2020-10-05,Tehama,103,63373,688,642,2,644,3
2020-10-05,Trinity,105,12862,62,22,8,30,0
2020-10-05,Tulare,107,460477,16993,16343,182,16525,278
2020-10-05,Tuolumne,109,53932,241,226,6,232,2
2020-10-05,Ventura,111,848112,13948,13224,242,13466,149
2020-10-05,Yolo,113,214977,2947,2889,7,2896,56
2020-10-05,Yuba,115,75493,1134,1108,3,1111,9
2020-10-04,Alameda,001,1643700,22114,21597,192,21789,383
2020-10-04,Alpine,003,1148,3,2,0,2,0
2020-10-04,Amador,005,37829,302,297,0,297,16
2020-10-04,Butte,007,227075,3011,2903,55,2958,46
2020-10-04,Calaveras,009,45235,315,259,0,259,11
2020-10-04,Colusa,011,21464,537,537,0,537,6
2020-10-04,Contra Costa,013,1133247,17726,17192,86,17278,214
2020-10-04,Del Norte,015,27424,157,142,0,142,2
2020-10-04,El Dorado,017,186661,1278,1196,11,1207,4
2020-10-04,Fresno,019,978130,31464,29065,397,29462,408
2020-10-04,Glenn,021,27897,622,601,0,601,3
2020-10-04,Humboldt,023,135768,521,506,1,507,6
2020-10-04,Imperial,025,180216,12104,11127,9,11136,327
2020-10-04,Inyo,027,18085,199,195,4,199,14
2020-10-04,Kern,029,883053,32603,31906,353,32259,404
2020-10-04,Kings,031,150075,8124,7919,41,7960,80
2020-10-04,Lake,033,64148,627,589,0,589,10
2020-10-04,Lassen,035,31185,756,743,2,745,0
2020-10-04,Los Angeles,037,10098052,277583,272822,2066,274888,6625
2020-10-04,Madera,039,155013,4735,4587,30,4617,50
2020-10-04,Marin,041,260295,6872,6741,18,6759,91
2020-10-04,Mariposa,043,17540,77,75,0,75,2
2020-10-04,Mendocino,045,87422,953,905,4,909,18
2020-10-04,Merced,047,269075,9102,9006,23,9029,140
2020-10-04,Modoc,049,8938,29,26,0,26,0
2020-10-04,Mono,051,14174,172,152,3,155,1
2020-10-04,Monterey,053,433212,10413,10141,36,10177,72
2020-10-04,Napa,055,140530,1803,1759,8,1767,11
2020-10-04,Nevada,057,99092,563,547,16,563,6
2020-10-04,Orange,059,3164182,56601,53966,1548,55514,1270
2020-10-04,Placer,061,380077,3805,3664,13,3677,46
2020-10-04,Plumas,063,18699,51,49,0,49,0
2020-10-04,Riverside,065,2383286,61784,60251,218,60469,1226
2020-10-04,Sacramento,067,1510023,23530,23162,28,23190,438
2020-10-04,San Benito,069,59416,1363,1355,0,1355,12
2020-10-04,San Bernardino,071,2135413,56991,55100,358,55458,1031
2020-10-04,San Diego,073,3302833,50291,48438,1121,49559,803
2020-10-04,San Francisco,075,870044,11580,11474,32,11506,110
2020-10-04,San Joaquin,077,732212,20707,20320,68,20388,476
2020-10-04,San Luis Obispo,079,281455,3955,3688,17,3705,31
2020-10-04,San Mateo,081,765935,10569,9858,11,9869,128
2020-10-04,Santa Barbara,083,443738,9408,9276,78,9354,116
2020-10-04,Santa Clara,085,1922200,23035,21780,48,21828,316
2020-10-04,Santa Cruz,087,273765,2581,2483,32,2515,9
2020-10-04,Shasta,089,179085,1517,1158,15,1173,18
2020-10-04,Sierra,091,2930,6,6,0,6,0
2020-10-04,Siskiyou,093,43540,168,153,10,163,0
2020-10-04,Solano,095,438530,6638,6445,39,6484,52
2020-10-04,Sonoma,097,501317,8253,7794,22,7816,129
2020-10-04,Stanislaus,099,539301,16891,16711,572,17283,351
2020-10-04,Sutter,101,95872,1735,1711,1,1712,11
2020-10-04,Tehama,103,63373,673,637,2,639,3
2020-10-04,Trinity,105,12862,61,21,8,29,0
2020-10-04,Tulare,107,460477,16916,16343,171,16514,278
2020-10-04,Tuolumne,109,53932,239,226,6,232,2
2020-10-04,Ventura,111,848112,13866,13197,225,13422,149
2020-10-04,Yolo,113,214977,2936,2875,7,2882,56
2020-10-04,Yuba,115,75493,1130,1103,3,1106,9
2020-10-03,Alameda,001,1643700,22068,21510,191,21701,386
2020-10-03,Alpine,003,1148,3,2,0,2,0
2020-10-03,Amador,005,37829,301,296,0,296,16
2020-10-03,Butte,007,227075,3005,2894,55,2949,46
2020-10-03,Calaveras,009,45235,315,259,0,259,11
2020-10-03,Colusa,011,21464,536,537,0,537,6
2020-10-03,Contra Costa,013,1133247,17676,17087,84,17171,213
2020-10-03,Del Norte,015,27424,153,142,0,142,2
2020-10-03,El Dorado,017,186661,1271,1188,11,1199,4
2020-10-03,Fresno,019,978130,31404,28975,396,29371,408
2020-10-03,Glenn,021,27897,620,601,0,601,3
2020-10-03,Humboldt,023,135768,520,504,1,505,6
2020-10-03,Imperial,025,180216,12081,11090,9,11099,327
2020-10-03,Inyo,027,18085,199,194,4,198,14
2020-10-03,Kern,029,883053,32553,31864,349,32213,403
2020-10-03,Kings,031,150075,8120,7887,41,7928,80
2020-10-03,Lake,033,64148,617,588,0,588,10
2020-10-03,Lassen,035,31185,756,743,2,745,0
2020-10-03,Los Angeles,037,10098052,276876,271869,2037,273906,6620
2020-10-03,Madera,039,155013,4718,4565,30,4595,50
2020-10-03,Marin,041,260295,6866,6728,18,6746,91
2020-10-03,Mariposa,043,17540,77,75,0,75,2
2020-10-03,Mendocino,045,87422,951,898,4,902,18
2020-10-03,Merced,047,269075,9089,8986,23,9009,139
2020-10-03,Modoc,049,8938,29,26,0,26,0
2020-10-03,Mono,051,14174,171,152,3,155,1
2020-10-03,Monterey,053,433212,10379,10092,33,10125,72
2020-10-03,Napa,055,140530,1799,1752,8,1760,11
2020-10-03,Nevada,057,99092,562,544,16,560,6
2020-10-03,Orange,059,3164182,56484,53573,1543,55116,1268
2020-10-03,Placer,061,380077,3794,3648,13,3661,47
2020-10-03,Plumas,063,18699,51,48,0,48,0
2020-10-03,Riverside,065,2383286,61632,59991,216,60207,1226
2020-10-03,Sacramento,067,1510023,23479,23076,28,23104,437
2020-10-03,San Benito,069,59416,1363,1351,0,1351,12
2020-10-03,San Bernardino,071,2135413,56818,55004,355,55359,1031
2020-10-03,San Diego,073,3302833,50060,48202,1104,49306,798
2020-10-03,San Francisco,075,870044,11555,11475,30,11505,110
2020-10-03,San Joaquin,077,732212,20681,20322,68,20390,476
2020-10-03,San Luis Obispo,079,281455,3931,3670,17,3687,31
2020-10-03,San Mateo,081,765935,10542,9822,10,9832,128
2020-10-03,Santa Barbara,083,443738,9395,9256,78,9334,116
2020-10-03,Santa Clara,085,1922200,22955,21672,48,21720,309
2020-10-03,Santa Cruz,087,273765,2573,2476,32,2508,9
2020-10-03,Shasta,089,179085,1489,1117,14,1131,18
2020-10-03,Sierra,091,2930,6,6,0,6,0
2020-10-03,Siskiyou,093,43540,168,152,10,162,0
2020-10-03,Solano,095,438530,6612,6419,39,6458,52
2020-10-03,Sonoma,097,501317,8211,7747,22,7769,129
2020-10-03,Stanislaus,099,539301,16858,16645,568,17213,351
2020-10-03,Sutter,101,95872,1731,1705,1,1706,11
2020-10-03,Tehama,103,63373,667,630,2,632,3
2020-10-03,Trinity,105,12862,61,15,8,23,0
2020-10-03,Tulare,107,460477,16872,16322,167,16489,278
2020-10-03,Tuolumne,109,53932,238,224,6,230,2
2020-10-03,Ventura,111,848112,13828,13150,221,13371,148
2020-10-03,Yolo,113,214977,2929,2863,7,2870,56
2020-10-03,Yuba,115,75493,1122,1097,3,1100,8
2020-10-02,Alameda,001,1643700,22013,21404,190,21594,382
2020-10-02,Alpine,003,1148,3,2,0,2,0
2020-10-02,Amador,005,37829,300,296,0,296,16
2020-10-02,Butte,007,227075,2995,2879,55,2934,46
2020-10-02,Calaveras,009,45235,314,259,0,259,11
2020-10-02,Colusa,011,21464,535,537,0,537,6
2020-10-02,Contra Costa,013,1133247,17633,17002,83,17085,213
2020-10-02,Del Norte,015,27424,152,141,0,141,2
2020-10-02,El Dorado,017,186661,1264,1168,11,1179,4
2020-10-02,Fresno,019,978130,31321,28855,396,29251,403
2020-10-02,Glenn,021,27897,615,594,0,594,3
2020-10-02,Humboldt,023,135768,519,503,1,504,6
2020-10-02,Imperial,025,180216,12059,11024,9,11033,327
2020-10-02,Inyo,027,18085,197,191,4,195,14
2020-10-02,Kern,029,883053,32501,31790,342,32132,399
2020-10-02,Kings,031,150075,8111,7716,41,7757,79
2020-10-02,Lake,033,64148,611,579,0,579,10
2020-10-02,Lassen,035,31185,756,742,2,744,0
2020-10-02,Los Angeles,037,10098052,275975,270935,2011,272946,6602
2020-10-02,Madera,039,155013,4710,4537,30,4567,49
2020-10-02,Marin,041,260295,6849,6717,18,6735,91
2020-10-02,Mariposa,043,17540,77,75,0,75,2
2020-10-02,Mendocino,045,87422,946,883,4,887,18
2020-10-02,Merced,047,269075,9079,8961,23,8984,139
2020-10-02,Modoc,049,8938,29,26,0,26,0
2020-10-02,Mono,051,14174,171,150,3,153,1
2020-10-02,Monterey,053,433212,10345,9997,33,10030,71
2020-10-02,Napa,055,140530,1793,1737,8,1745,11
2020-10-02,Nevada,057,99092,559,543,16,559,6
2020-10-02,Orange,059,3164182,56353,53299,1536,54835,1262
2020-10-02,Placer,061,380077,3774,3612,13,3625,46
2020-10-02,Plumas,063,18699,51,48,0,48,0
2020-10-02,Riverside,065,2383286,61411,59673,213,59886,1223
2020-10-02,Sacramento,067,1510023,23414,22818,28,22846,436
2020-10-02,San Benito,069,59416,1359,1347,0,1347,12
2020-10-02,San Bernardino,071,2135413,56632,54613,355,54968,1028
2020-10-02,San Diego,073,3302833,49808,47793,1088,48881,794
2020-10-02,San Francisco,075,870044,11532,11398,30,11428,110
2020-10-02,San Joaquin,077,732212,20647,20235,67,20302,474
2020-10-02,San Luis Obispo,079,281455,3908,3654,17,3671,31
2020-10-02,San Mateo,081,765935,10501,9745,10,9755,128
2020-10-02,Santa Barbara,083,443738,9372,9234,78,9312,116
2020-10-02,Santa Clara,085,1922200,22869,21545,47,21592,305
2020-10-02,Santa Cruz,087,273765,2556,2463,32,2495,9
2020-10-02,Shasta,089,179085,1454,1046,14,1060,18
2020-10-02,Sierra,091,2930,6,6,0,6,0
2020-10-02,Siskiyou,093,43540,168,151,10,161,0
2020-10-02,Solano,095,438530,6582,6385,39,6424,52
2020-10-02,Sonoma,097,501317,8154,7662,22,7684,125
2020-10-02,Stanislaus,099,539301,16817,16609,559,17168,349
2020-10-02,Sutter,101,95872,1730,1693,1,1694,11
2020-10-02,Tehama,103,63373,662,619,2,621,3
2020-10-02,Trinity,105,12862,61,15,8,23,0
2020-10-02,Tulare,107,460477,16831,16245,160,16405,278
2020-10-02,Tuolumne,109,53932,236,225,6,231,2
2020-10-02,Ventura,111,848112,13789,13120,216,13336,146
2020-10-02,Yolo,113,214977,2924,2845,7,2852,55
2020-10-02,Yuba,115,75493,1120,1090,3,1093,8
2020-10-01,Alameda,001,1643700,21952,21349,186,21535,383
2020-10-01,Alpine,003,1148,3,2,0,2,0
2020-10-01,Amador,005,37829,300,294,0,294,16
2020-10-01,Butte,007,227075,2987,2865,55,2920,45
2020-10-01,Calaveras,009,45235,314,257,0,257,11
2020-10-01,Colusa,011,21464,535,536,0,536,6
2020-10-01,Contra Costa,013,1133247,17569,16898,83,16981,211
2020-10-01,Del Norte,015,27424,147,140,0,140,2
2020-10-01,El Dorado,017,186661,1260,1162,10,1172,4
2020-10-01,Fresno,019,978130,31241,28796,394,29190,397
2020-10-01,Glenn,021,27897,611,593,0,593,3
2020-10-01,Humboldt,023,135768,519,499,1,500,6
2020-10-01,Imperial,025,180216,12017,10928,9,10937,325
2020-10-01,Inyo,027,18085,197,191,4,195,14
2020-10-01,Kern,029,883053,32438,31678,337,32015,399
2020-10-01,Kings,031,150075,8100,7688,38,7726,79
2020-10-01,Lake,033,64148,605,572,0,572,11
2020-10-01,Lassen,035,31185,753,742,2,744,0
2020-10-01,Los Angeles,037,10098052,274929,271513,1978,273491,6621
2020-10-01,Madera,039,155013,4687,4508,30,4538,48
2020-10-01,Marin,041,260295,6835,6710,18,6728,92
2020-10-01,Mariposa,043,17540,77,76,0,76,2
2020-10-01,Mendocino,045,87422,941,874,4,878,19
2020-10-01,Merced,047,269075,9052,8942,23,8965,138
2020-10-01,Modoc,049,8938,29,26,0,26,0
2020-10-01,Mono,051,14174,169,150,3,153,1
2020-10-01,Monterey,053,433212,10270,9958,33,9991,71
2020-10-01,Napa,055,140530,1785,1729,8,1737,11
2020-10-01,Nevada,057,99092,558,543,16,559,6
2020-10-01,Orange,059,3164182,56187,53088,1523,54611,1257
2020-10-01,Placer,061,380077,3747,3599,13,3612,45
2020-10-01,Plumas,063,18699,51,48,0,48,0
2020-10-01,Riverside,065,2383286,61158,59293,207,59500,1223
2020-10-01,Sacramento,067,1510023,23302,22714,27,22741,433
2020-10-01,San Benito,069,59416,1357,1346,0,1346,12
2020-10-01,San Bernardino,071,2135413,56339,54350,352,54702,1021
2020-10-01,San Diego,073,3302833,49526,47487,1068,48555,792
2020-10-01,San Francisco,075,870044,11501,11284,28,11312,110
2020-10-01,San Joaquin,077,732212,20601,20204,64,20268,471
2020-10-01,San Luis Obispo,079,281455,3881,3625,17,3642,31
2020-10-01,San Mateo,081,765935,10456,9681,10,9691,128
2020-10-01,Santa Barbara,083,443738,9332,9215,78,9293,118
2020-10-01,Santa Clara,085,1922200,22768,21398,47,21445,305
2020-10-01,Santa Cruz,087,273765,2541,2418,32,2450,10
2020-10-01,Shasta,089,179085,1403,991,14,1005,18
2020-10-01,Sierra,091,2930,6,6,0,6,0
2020-10-01,Siskiyou,093,43540,165,150,10,160,0
2020-10-01,Solano,095,438530,6544,6352,39,6391,52
2020-10-01,Sonoma,097,501317,8087,7569,22,7591,125
2020-10-01,Stanislaus,099,539301,16784,16555,553,17108,346
2020-10-01,Sutter,101,95872,1725,1684,1,1685,11
2020-10-01,Tehama,103,63373,652,606,2,608,3
2020-10-01,Trinity,105,12862,61,15,8,23,0
2020-10-01,Tulare,107,460477,16756,16182,157,16339,275
2020-10-01,Tuolumne,109,53932,236,223,6,229,2
2020-10-01,Ventura,111,848112,13737,13057,203,13260,146
2020-10-01,Yolo,113,214977,2906,2833,7,2840,55
2020-10-01,Yuba,115,75493,1116,1082,3,1085,8
2020-09-30,Alameda,001,1643700,21874,21271,183,21454,380
2020-09-30,Alpine,003,1148,3,2,0,2,0
2020-09-30,Amador,005,37829,300,294,0,294,16
2020-09-30,Butte,007,227075,2979,2858,55,2913,44
2020-09-30,Calaveras,009,45235,313,258,0,258,11
2020-09-30,Colusa,011,21464,534,534,0,534,6
2020-09-30,Contra Costa,013,1133247,17501,16819,83,16902,211
2020-09-30,Del Norte,015,27424,146,140,0,140,2
2020-09-30,El Dorado,017,186661,1248,1157,10,1167,4
2020-09-30,Fresno,019,978130,31150,28706,391,29097,395
2020-09-30,Glenn,021,27897,606,592,0,592,3
2020-09-30,Humboldt,023,135768,517,497,1,498,6
2020-09-30,Imperial,025,180216,11992,10868,9,10877,287
2020-09-30,Inyo,027,18085,196,189,4,193,14
2020-09-30,Kern,029,883053,32362,31601,336,31937,398
2020-09-30,Kings,031,150075,8072,7685,38,7723,79
2020-09-30,Lake,033,64148,599,567,0,567,10
2020-09-30,Lassen,035,31185,750,742,2,744,0
2020-09-30,Los Angeles,037,10098052,273707,270260,1946,272206,6568
2020-09-30,Madera,039,155013,4678,4477,30,4507,47
2020-09-30,Marin,041,260295,6811,6700,17,6717,91
2020-09-30,Mariposa,043,17540,77,76,0,76,2
2020-09-30,Mendocino,045,87422,935,867,4,871,17
2020-09-30,Merced,047,269075,9032,8926,23,8949,136
2020-09-30,Modoc,049,8938,29,26,0,26,0
2020-09-30,Mono,051,14174,169,150,3,153,1
2020-09-30,Monterey,053,433212,10219,9898,32,9930,70
2020-09-30,Napa,055,140530,1771,1728,8,1736,11
2020-09-30,Nevada,057,99092,556,540,16,556,6
2020-09-30,Orange,059,3164182,55996,52916,1508,54424,1251
2020-09-30,Placer,061,380077,3726,3585,13,3598,43
2020-09-30,Plumas,063,18699,51,48,0,48,0
2020-09-30,Riverside,065,2383286,60802,59074,203,59277,1220
2020-09-30,Sacramento,067,1510023,23199,22613,27,22640,429
2020-09-30,San Benito,069,59416,1354,1342,0,1342,12
2020-09-30,San Bernardino,071,2135413,56062,53988,351,54339,1018
2020-09-30,San Diego,073,3302833,49222,47182,1047,48229,783
2020-09-30,San Francisco,075,870044,11471,11247,28,11275,106
2020-09-30,San Joaquin,077,732212,20518,20150,62,20212,461
2020-09-30,San Luis Obispo,079,281455,3856,3597,17,3614,31
2020-09-30,San Mateo,081,765935,10414,9634,10,9644,128
2020-09-30,Santa Barbara,083,443738,9306,9186,78,9264,115
2020-09-30,Santa Clara,085,1922200,22663,21318,47,21365,302
2020-09-30,Santa Cruz,087,273765,2528,2405,32,2437,10
2020-09-30,Shasta,089,179085,1347,976,13,989,17
2020-09-30,Sierra,091,2930,6,6,0,6,0
2020-09-30,Siskiyou,093,43540,163,150,10,160,0
2020-09-30,Solano,095,438530,6502,6315,39,6354,51
2020-09-30,Sonoma,097,501317,7998,7494,22,7516,125
2020-09-30,Stanislaus,099,539301,16737,16531,547,17078,343
2020-09-30,Sutter,101,95872,1709,1680,1,1681,10
2020-09-30,Tehama,103,63373,646,594,2,596,3
2020-09-30,Trinity,105,12862,58,15,8,23,0
2020-09-30,Tulare,107,460477,16689,16117,150,16267,274
2020-09-30,Tuolumne,109,53932,234,224,6,230,2
2020-09-30,Ventura,111,848112,13702,12968,187,13155,145
2020-09-30,Yolo,113,214977,2893,2822,7,2829,55
2020-09-30,Yuba,115,75493,1113,1075,3,1078,8
2020-09-29,Alameda,001,1643700,21799,21241,180,21421,374
2020-09-29,Alpine,003,1148,3,2,0,2,0
2020-09-29,Amador,005,37829,298,294,0,294,16
2020-09-29,Butte,007,227075,2965,2848,55,2903,44
2020-09-29,Calaveras,009,45235,311,261,0,261,11
2020-09-29,Colusa,011,21464,534,534,0,534,6
2020-09-29,Contra Costa,013,1133247,17445,16716,81,16797,209
2020-09-29,Del Norte,015,27424,142,142,0,142,2
2020-09-29,El Dorado,017,186661,1239,1151,10,1161,4
2020-09-29,Fresno,019,978130,31053,28621,390,29011,394
2020-09-29,Glenn,021,27897,602,589,0,589,3
2020-09-29,Humboldt,023,135768,515,497,1,498,6
2020-09-29,Imperial,025,180216,11957,10811,9,10820,283
2020-09-29,Inyo,027,18085,195,188,4,192,14
2020-09-29,Kern,029,883053,32306,31534,335,31869,397
2020-09-29,Kings,031,150075,8016,7681,38,7719,78
2020-09-29,Lake,033,64148,597,566,0,566,11
2020-09-29,Lassen,035,31185,750,741,2,743,0
2020-09-29,Los Angeles,037,10098052,272492,269246,1918,271164,6545
2020-09-29,Madera,039,155013,4655,4453,30,4483,47
2020-09-29,Marin,041,260295,6790,6692,17,6709,91
2020-09-29,Mariposa,043,17540,77,74,0,74,2
2020-09-29,Mendocino,045,87422,925,854,4,858,17
2020-09-29,Merced,047,269075,9019,8892,21,8913,136
2020-09-29,Modoc,049,8938,29,26,0,26,0
2020-09-29,Mono,051,14174,169,149,3,152,1
2020-09-29,Monterey,053,433212,10164,9826,30,9856,70
2020-09-29,Napa,055,140530,1768,1727,8,1735,11
2020-09-29,Nevada,057,99092,551,539,16,555,6
2020-09-29,Orange,059,3164182,55809,52755,1497,54252,1231
2020-09-29,Placer,061,380077,3704,3570,13,3583,42
2020-09-29,Plumas,063,18699,51,48,0,48,0
2020-09-29,Riverside,065,2383286,60472,58863,196,59059,1208
2020-09-29,Sacramento,067,1510023,23078,22547,26,22573,425
2020-09-29,San Benito,069,59416,1349,1341,0,1341,12
2020-09-29,San Bernardino,071,2135413,55752,53753,350,54103,1012
2020-09-29,San Diego,073,3302833,48945,46987,1024,48011,781
2020-09-29,San Francisco,075,870044,11435,11142,28,11170,104
2020-09-29,San Joaquin,077,732212,20450,20094,60,20154,454
2020-09-29,San Luis Obispo,079,281455,3834,3581,17,3598,31
2020-09-29,San Mateo,081,765935,10367,9619,10,9629,127
2020-09-29,Santa Barbara,083,443738,9286,9149,77,9226,114
2020-09-29,Santa Clara,085,1922200,22527,21233,46,21279,302
2020-09-29,Santa Cruz,087,273765,2513,2383,31,2414,10
2020-09-29,Shasta,089,179085,1286,943,13,956,17
2020-09-29,Sierra,091,2930,6,6,0,6,0
2020-09-29,Siskiyou,093,43540,157,150,10,160,0
2020-09-29,Solano,095,438530,6468,6303,39,6342,51
2020-09-29,Sonoma,097,501317,7926,7426,22,7448,125
2020-09-29,Stanislaus,099,539301,16707,16505,541,17046,341
2020-09-29,Sutter,101,95872,1703,1677,1,1678,10
2020-09-29,Tehama,103,63373,628,585,2,587,2
2020-09-29,Trinity,105,12862,56,16,8,24,0
2020-09-29,Tulare,107,460477,16624,16055,143,16198,270
2020-09-29,Tuolumne,109,53932,234,224,6,230,2
2020-09-29,Ventura,111,848112,13645,12875,184,13059,145
2020-09-29,Yolo,113,214977,2880,2818,7,2825,55
2020-09-29,Yuba,115,75493,1111,1071,3,1074,8
2020-09-28,Alameda,001,1643700,21712,21133,180,21313,370
2020-09-28,Alpine,003,1148,3,2,0,2,0
2020-09-28,Amador,005,37829,296,294,0,294,16
2020-09-28,Butte,007,227075,2950,2837,55,2892,44
2020-09-28,Calaveras,009,45235,311,257,0,257,11
2020-09-28,Colusa,011,21464,533,531,0,531,6
2020-09-28,Contra Costa,013,1133247,17382,16653,81,16734,195
2020-09-28,Del Norte,015,27424,142,138,0,138,2
2020-09-28,El Dorado,017,186661,1232,1144,10,1154,4
2020-09-28,Fresno,019,978130,30972,28517,384,28901,389
2020-09-28,Glenn,021,27897,600,585,0,585,3
2020-09-28,Humboldt,023,135768,509,495,1,496,6
2020-09-28,Imperial,025,180216,11922,10777,9,10786,283
2020-09-28,Inyo,027,18085,194,188,4,192,14
2020-09-28,Kern,029,883053,32241,31481,331,31812,395
2020-09-28,Kings,031,150075,7875,7661,36,7697,78
2020-09-28,Lake,033,64148,593,559,0,559,10
2020-09-28,Lassen,035,31185,749,737,2,739,0
2020-09-28,Los Angeles,037,10098052,271385,268404,1888,270292,6508
2020-09-28,Madera,039,155013,4634,4438,30,4468,47
2020-09-28,Marin,041,260295,6774,6676,17,6693,91
2020-09-28,Mariposa,043,17540,77,74,0,74,2
2020-09-28,Mendocino,045,87422,910,850,4,854,17
2020-09-28,Merced,047,269075,8991,8869,21,8890,136
2020-09-28,Modoc,049,8938,29,26,0,26,0
2020-09-28,Mono,051,14174,169,148,3,151,1
2020-09-28,Monterey,053,433212,10099,9780,28,9808,69
2020-09-28,Napa,055,140530,1756,1705,8,1713,11
2020-09-28,Nevada,057,99092,543,538,16,554,6
2020-09-28,Orange,059,3164182,55603,52633,1488,54121,1196
2020-09-28,Placer,061,380077,3683,3572,13,3585,42
2020-09-28,Plumas,063,18699,50,48,0,48,0
2020-09-28,Riverside,065,2383286,60174,58570,187,58757,1198
2020-09-28,Sacramento,067,1510023,22931,22392,26,22418,423
2020-09-28,San Benito,069,59416,1346,1336,0,1336,11
2020-09-28,San Bernardino,071,2135413,55404,53501,350,53851,988
2020-09-28,San Diego,073,3302833,48627,46736,1004,47740,776
2020-09-28,San Francisco,075,870044,11401,11114,28,11142,100
2020-09-28,San Joaquin,077,732212,20403,19982,59,20041,448
2020-09-28,San Luis Obispo,079,281455,3813,3567,17,3584,31
2020-09-28,San Mateo,081,765935,10317,9582,10,9592,127
2020-09-28,Santa Barbara,083,443738,9268,9121,77,9198,114
2020-09-28,Santa Clara,085,1922200,22410,21180,46,21226,271
2020-09-28,Santa Cruz,087,273765,2503,2359,31,2390,9
2020-09-28,Shasta,089,179085,1232,883,10,893,17
2020-09-28,Sierra,091,2930,6,6,0,6,0
2020-09-28,Siskiyou,093,43540,157,149,10,159,0
2020-09-28,Solano,095,438530,6431,6254,39,6293,51
2020-09-28,Sonoma,097,501317,7850,7369,22,7391,125
2020-09-28,Stanislaus,099,539301,16668,16467,534,17001,336
2020-09-28,Sutter,101,95872,1696,1676,1,1677,10
2020-09-28,Tehama,103,63373,620,579,2,581,2
2020-09-28,Trinity,105,12862,56,16,8,24,0
2020-09-28,Tulare,107,460477,16571,15918,138,16056,270
2020-09-28,Tuolumne,109,53932,234,225,6,231,2
2020-09-28,Ventura,111,848112,13567,12812,178,12990,139
2020-09-28,Yolo,113,214977,2863,2809,7,2816,55
2020-09-28,Yuba,115,75493,1108,1062,3,1065,7
2020-09-27,Alameda,001,1643700,21630,21077,176,21253,370
2020-09-27,Alpine,003,1148,3,2,0,2,0
2020-09-27,Amador,005,37829,296,291,0,291,16
2020-09-27,Butte,007,227075,2939,2833,54,2887,44
2020-09-27,Calaveras,009,45235,310,257,0,257,11
2020-09-27,Colusa,011,21464,532,531,0,531,6
2020-09-27,Contra Costa,013,1133247,17281,16596,80,16676,195
2020-09-27,Del Norte,015,27424,142,138,0,138,2
2020-09-27,El Dorado,017,186661,1217,1130,10,1140,4
2020-09-27,Fresno,019,978130,30867,28441,384,28825,389
2020-09-27,Glenn,021,27897,596,576,0,576,3
2020-09-27,Humboldt,023,135768,507,492,1,493,6
2020-09-27,Imperial,025,180216,11888,10743,9,10752,283
2020-09-27,Inyo,027,18085,192,188,4,192,14
2020-09-27,Kern,029,883053,32122,31462,328,31790,395
2020-09-27,Kings,031,150075,7855,7641,36,7677,78
2020-09-27,Lake,033,64148,589,555,0,555,10
2020-09-27,Lassen,035,31185,749,737,2,739,0
2020-09-27,Los Angeles,037,10098052,270204,267754,1869,269623,6507
2020-09-27,Madera,039,155013,4605,4416,30,4446,47
2020-09-27,Marin,041,260295,6764,6663,17,6680,91
2020-09-27,Mariposa,043,17540,77,74,0,74,2
2020-09-27,Mendocino,045,87422,904,846,4,850,17
2020-09-27,Merced,047,269075,8956,8853,21,8874,136
2020-09-27,Modoc,049,8938,29,26,0,26,0
2020-09-27,Mono,051,14174,169,148,3,151,1
2020-09-27,Monterey,053,433212,10039,9724,27,9751,69
2020-09-27,Napa,055,140530,1751,1690,8,1698,11
2020-09-27,Nevada,057,99092,542,537,16,553,6
2020-09-27,Orange,059,3164182,55328,52458,1479,53937,1195
2020-09-27,Placer,061,380077,3670,3562,13,3575,42
2020-09-27,Plumas,063,18699,50,48,0,48,0
2020-09-27,Riverside,065,2383286,59878,58509,179,58688,1191
2020-09-27,Sacramento,067,1510023,22833,22356,26,22382,422
2020-09-27,San Benito,069,59416,1346,1331,0,1331,11
2020-09-27,San Bernardino,071,2135413,54968,53127,350,53477,988
2020-09-27,San Diego,073,3302833,48283,46612,987,47599,776
2020-09-27,San Francisco,075,870044,11349,11114,28,11142,100
2020-09-27,San Joaquin,077,732212,20344,19981,59,20040,448
2020-09-27,San Luis Obispo,079,281455,3793,3562,17,3579,31
2020-09-27,San Mateo,081,765935,10249,9566,10,9576,127
2020-09-27,Santa Barbara,083,443738,9247,9090,76,9166,114
2020-09-27,Santa Clara,085,1922200,22301,21091,46,21137,271
2020-09-27,Santa Cruz,087,273765,2481,2359,31,2390,9
2020-09-27,Shasta,089,179085,1189,883,9,892,17
2020-09-27,Sierra,091,2930,6,6,0,6,0
2020-09-27,Siskiyou,093,43540,156,149,10,159,0
2020-09-27,Solano,095,438530,6396,6211,39,6250,51
2020-09-27,Sonoma,097,501317,7769,7336,22,7358,124
2020-09-27,Stanislaus,099,539301,16617,16448,528,16976,336
2020-09-27,Sutter,101,95872,1689,1672,1,1673,10
2020-09-27,Tehama,103,63373,603,573,2,575,2
2020-09-27,Trinity,105,12862,56,16,8,24,0
2020-09-27,Tulare,107,460477,16493,15918,129,16047,270
2020-09-27,Tuolumne,109,53932,233,224,6,230,2
2020-09-27,Ventura,111,848112,13478,12775,169,12944,139
2020-09-27,Yolo,113,214977,2849,2796,7,2803,55
2020-09-27,Yuba,115,75493,1098,1059,3,1062,7
2020-09-26,Alameda,001,1643700,21572,21019,175,21194,370
2020-09-26,Alpine,003,1148,3,2,0,2,0
2020-09-26,Amador,005,37829,295,291,0,291,16
2020-09-26,Butte,007,227075,2931,2827,54,2881,44
2020-09-26,Calaveras,009,45235,310,257,0,257,11
2020-09-26,Colusa,011,21464,532,529,0,529,6
2020-09-26,Contra Costa,013,1133247,17237,16508,80,16588,194
2020-09-26,Del Norte,015,27424,142,138,0,138,2
2020-09-26,El Dorado,017,186661,1212,1127,10,1137,4
2020-09-26,Fresno,019,978130,30800,28336,384,28720,389
2020-09-26,Glenn,021,27897,596,576,0,576,3
2020-09-26,Humboldt,023,135768,507,491,1,492,6
2020-09-26,Imperial,025,180216,11871,10721,9,10730,283
2020-09-26,Inyo,027,18085,191,187,4,191,14
2020-09-26,Kern,029,883053,32071,31410,328,31738,394
2020-09-26,Kings,031,150075,7843,7537,36,7573,78
2020-09-26,Lake,033,64148,586,549,0,549,10
2020-09-26,Lassen,035,31185,749,737,2,739,0
2020-09-26,Los Angeles,037,10098052,269572,266931,1855,268786,6497
2020-09-26,Madera,039,155013,4589,4410,30,4440,47
2020-09-26,Marin,041,260295,6751,6641,17,6658,91
2020-09-26,Mariposa,043,17540,76,74,0,74,2
2020-09-26,Mendocino,045,87422,899,836,4,840,17
2020-09-26,Merced,047,269075,8944,8841,20,8861,136
2020-09-26,Modoc,049,8938,29,26,0,26,0
2020-09-26,Mono,051,14174,169,148,3,151,1
2020-09-26,Monterey,053,433212,10012,9651,27,9678,68
2020-09-26,Napa,055,140530,1749,1681,8,1689,11
2020-09-26,Nevada,057,99092,542,534,16,550,6
2020-09-26,Orange,059,3164182,55189,52203,1473,53676,1194
2020-09-26,Placer,061,380077,3657,3551,13,3564,42
2020-09-26,Plumas,063,18699,49,48,0,48,0
2020-09-26,Riverside,065,2383286,59743,58076,177,58253,1190
2020-09-26,Sacramento,067,1510023,22775,22269,26,22295,421
2020-09-26,San Benito,069,59416,1344,1325,0,1325,11
2020-09-26,San Bernardino,071,2135413,54835,53122,350,53472,988
2020-09-26,San Diego,073,3302833,48078,46333,973,47306,775
2020-09-26,San Francisco,075,870044,11320,11113,28,11141,100
2020-09-26,San Joaquin,077,732212,20308,19982,57,20039,449
2020-09-26,San Luis Obispo,079,281455,3777,3546,17,3563,31
2020-09-26,San Mateo,081,765935,10215,9509,10,9519,127
2020-09-26,Santa Barbara,083,443738,9236,9061,76,9137,114
2020-09-26,Santa Clara,085,1922200,22230,20967,45,21012,270
2020-09-26,Santa Cruz,087,273765,2473,2336,31,2367,9
2020-09-26,Shasta,089,179085,1139,856,8,864,17
2020-09-26,Sierra,091,2930,6,6,0,6,0
2020-09-26,Siskiyou,093,43540,155,149,10,159,0
2020-09-26,Solano,095,438530,6377,6209,39,6248,51
2020-09-26,Sonoma,097,501317,7744,7285,21,7306,124
2020-09-26,Stanislaus,099,539301,16592,16421,520,16941,336
2020-09-26,Sutter,101,95872,1684,1662,1,1663,10
2020-09-26,Tehama,103,63373,591,560,2,562,2
2020-09-26,Trinity,105,12862,54,16,8,24,0
2020-09-26,Tulare,107,460477,16468,15881,127,16008,270
2020-09-26,Tuolumne,109,53932,233,223,6,229,2
2020-09-26,Ventura,111,848112,13443,12729,168,12897,137
2020-09-26,Yolo,113,214977,2847,2789,7,2796,55
2020-09-26,Yuba,115,75493,1094,1056,3,1059,7
2020-09-25,Alameda,001,1643700,21518,20911,175,21086,367
2020-09-25,Alpine,003,1148,3,2,0,2,0
2020-09-25,Amador,005,37829,295,289,0,289,16
2020-09-25,Butte,007,227075,2926,2819,54,2873,43
2020-09-25,Calaveras,009,45235,310,257,0,257,11
2020-09-25,Colusa,011,21464,532,528,0,528,6
2020-09-25,Contra Costa,013,1133247,17179,16401,80,16481,194
2020-09-25,Del Norte,015,27424,142,138,0,138,2
2020-09-25,El Dorado,017,186661,1208,1104,10,1114,4
2020-09-25,Fresno,019,978130,30740,28199,383,28582,385
2020-09-25,Glenn,021,27897,594,570,0,570,3
2020-09-25,Humboldt,023,135768,506,489,1,490,5
2020-09-25,Imperial,025,180216,11853,10681,9,10690,283
2020-09-25,Inyo,027,18085,189,187,4,191,14
2020-09-25,Kern,029,883053,32018,31333,326,31659,393
2020-09-25,Kings,031,150075,7838,7450,36,7486,77
2020-09-25,Lake,033,64148,585,539,0,539,9
2020-09-25,Lassen,035,31185,749,737,2,739,0
2020-09-25,Los Angeles,037,10098052,268778,265713,1842,267555,6483
2020-09-25,Madera,039,155013,4570,4369,30,4399,48
2020-09-25,Marin,041,260295,6748,6622,17,6639,90
2020-09-25,Mariposa,043,17540,76,74,0,74,2
2020-09-25,Mendocino,045,87422,884,819,3,822,17
2020-09-25,Merced,047,269075,8928,8830,20,8850,135
2020-09-25,Modoc,049,8938,29,26,0,26,0
2020-09-25,Mono,051,14174,169,149,3,152,1
2020-09-25,Monterey,053,433212,9960,9581,27,9608,68
2020-09-25,Napa,055,140530,1747,1669,8,1677,11
2020-09-25,Nevada,057,99092,540,529,16,545,6
2020-09-25,Orange,059,3164182,55062,52031,1465,53496,1184
2020-09-25,Placer,061,380077,3646,3527,13,3540,41
2020-09-25,Plumas,063,18699,49,48,0,48,0
2020-09-25,Riverside,065,2383286,59567,57783,172,57955,1183
2020-09-25,Sacramento,067,1510023,22698,22132,26,22158,418
2020-09-25,San Benito,069,59416,1343,1318,0,1318,11
2020-09-25,San Bernardino,071,2135413,54681,52814,350,53164,987
2020-09-25,San Diego,073,3302833,47876,46003,957,46960,775
2020-09-25,San Francisco,075,870044,11286,11066,27,11093,100
2020-09-25,San Joaquin,077,732212,20256,19909,57,19966,449
2020-09-25,San Luis Obispo,079,281455,3765,3512,17,3529,31
2020-09-25,San Mateo,081,765935,10179,9447,10,9457,127
2020-09-25,Santa Barbara,083,443738,9212,9026,76,9102,114
2020-09-25,Santa Clara,085,1922200,22165,20812,44,20856,265
2020-09-25,Santa Cruz,087,273765,2461,2309,30,2339,9
2020-09-25,Shasta,089,179085,1105,806,8,814,16
2020-09-25,Sierra,091,2930,6,6,0,6,0
2020-09-25,Siskiyou,093,43540,155,149,10,159,0
2020-09-25,Solano,095,438530,6361,6179,39,6218,50
2020-09-25,Sonoma,097,501317,7704,7202,21,7223,124
2020-09-25,Stanislaus,099,539301,16574,16381,518,16899,326
2020-09-25,Sutter,101,95872,1681,1655,1,1656,10
2020-09-25,Tehama,103,63373,583,546,2,548,2
2020-09-25,Trinity,105,12862,54,15,8,23,0
2020-09-25,Tulare,107,460477,16428,15815,126,15941,267
2020-09-25,Tuolumne,109,53932,233,223,6,229,2
2020-09-25,Ventura,111,848112,13400,12664,165,12829,137
2020-09-25,Yolo,113,214977,2839,2784,7,2791,55
2020-09-25,Yuba,115,75493,1089,1049,3,1052,5
2020-09-24,Alameda,001,1643700,21443,20838,172,21010,364
2020-09-24,Alpine,003,1148,3,2,0,2,0
2020-09-24,Amador,005,37829,295,288,0,288,16
2020-09-24,Butte,007,227075,2915,2803,54,2857,43
2020-09-24,Calaveras,009,45235,310,258,0,258,11
2020-09-24,Colusa,011,21464,532,523,0,523,6
2020-09-24,Contra Costa,013,1133247,17096,16252,80,16332,192
2020-09-24,Del Norte,015,27424,138,137,0,137,2
2020-09-24,El Dorado,017,186661,1199,1093,10,1103,4
2020-09-24,Fresno,019,978130,30634,28106,379,28485,375
2020-09-24,Glenn,021,27897,590,567,0,567,3
2020-09-24,Humboldt,023,135768,503,482,1,483,5
2020-09-24,Imperial,025,180216,11829,10622,9,10631,283
2020-09-24,Inyo,027,18085,189,187,4,191,13
2020-09-24,Kern,029,883053,31955,31273,324,31597,388
2020-09-24,Kings,031,150075,7822,7428,36,7464,76
2020-09-24,Lake,033,64148,576,531,0,531,9
2020-09-24,Lassen,035,31185,748,737,2,739,0
2020-09-24,Los Angeles,037,10098052,267736,264374,1825,266199,6452
2020-09-24,Madera,039,155013,4551,4344,30,4374,48
2020-09-24,Marin,041,260295,6720,6588,17,6605,85
2020-09-24,Mariposa,043,17540,76,74,0,74,2
2020-09-24,Mendocino,045,87422,880,810,3,813,17
2020-09-24,Merced,047,269075,8899,8813,19,8832,135
2020-09-24,Modoc,049,8938,29,24,0,24,0
2020-09-24,Mono,051,14174,169,149,3,152,1
2020-09-24,Monterey,053,433212,9894,9544,25,9569,67
2020-09-24,Napa,055,140530,1735,1661,8,1669,11
2020-09-24,Nevada,057,99092,539,527,16,543,6
2020-09-24,Orange,059,3164182,54856,51749,1447,53196,1164
2020-09-24,Placer,061,380077,3632,3514,13,3527,41
2020-09-24,Plumas,063,18699,49,48,0,48,0
2020-09-24,Riverside,065,2383286,59302,57491,166,57657,1172
2020-09-24,Sacramento,067,1510023,22570,21985,25,22010,417
2020-09-24,San Benito,069,59416,1341,1308,0,1308,11
2020-09-24,San Bernardino,071,2135413,54344,52455,349,52804,988
2020-09-24,San Diego,073,3302833,47607,45598,942,46540,773
2020-09-24,San Francisco,075,870044,11239,10992,27,11019,99
2020-09-24,San Joaquin,077,732212,20218,19851,55,19906,444
2020-09-24,San Luis Obispo,079,281455,3749,3480,17,3497,31
2020-09-24,San Mateo,081,765935,10131,9376,10,9386,127
2020-09-24,Santa Barbara,083,443738,9159,8988,75,9063,114
2020-09-24,Santa Clara,085,1922200,22077,20689,44,20733,262
2020-09-24,Santa Cruz,087,273765,2441,2300,28,2328,9
2020-09-24,Shasta,089,179085,1068,773,5,778,14
2020-09-24,Sierra,091,2930,6,6,0,6,0
2020-09-24,Siskiyou,093,43540,155,149,10,159,0
2020-09-24,Solano,095,438530,6328,6137,39,6176,49
2020-09-24,Sonoma,097,501317,7623,7163,21,7184,122
2020-09-24,Stanislaus,099,539301,16538,16326,513,16839,326
2020-09-24,Sutter,101,95872,1678,1646,1,1647,10
2020-09-24,Tehama,103,63373,580,540,2,542,2
2020-09-24,Trinity,105,12862,54,15,8,23,0
2020-09-24,Tulare,107,460477,16363,15754,125,15879,267
2020-09-24,Tuolumne,109,53932,233,224,6,230,2
2020-09-24,Ventura,111,848112,13318,12617,164,12781,138
2020-09-24,Yolo,113,214977,2832,2776,7,2783,55
2020-09-24,Yuba,115,75493,1084,1042,3,1045,5
2020-09-23,Alameda,001,1643700,21374,20718,170,20888,361
2020-09-23,Alpine,003,1148,3,2,0,2,0
2020-09-23,Amador,005,37829,294,288,0,288,16
2020-09-23,Butte,007,227075,2907,2790,54,2844,43
2020-09-23,Calaveras,009,45235,309,258,0,258,11
2020-09-23,Colusa,011,21464,531,521,0,521,6
2020-09-23,Contra Costa,013,1133247,17036,16167,80,16247,192
2020-09-23,Del Norte,015,27424,136,137,0,137,2
2020-09-23,El Dorado,017,186661,1185,1088,10,1098,4
2020-09-23,Fresno,019,978130,30540,28019,377,28396,371
2020-09-23,Glenn,021,27897,583,561,0,561,3
2020-09-23,Humboldt,023,135768,499,477,1,478,5
2020-09-23,Imperial,025,180216,11804,10587,9,10596,284
2020-09-23,Inyo,027,18085,188,177,4,181,13
2020-09-23,Kern,029,883053,31911,31172,322,31494,387
2020-09-23,Kings,031,150075,7800,7406,36,7442,76
2020-09-23,Lake,033,64148,571,519,0,519,9
2020-09-23,Lassen,035,31185,748,736,2,738,0
2020-09-23,Los Angeles,037,10098052,266718,263318,1798,265116,6421
2020-09-23,Madera,039,155013,4536,4311,30,4341,48
2020-09-23,Marin,041,260295,6701,6567,17,6584,85
2020-09-23,Mariposa,043,17540,76,74,0,74,2
2020-09-23,Mendocino,045,87422,879,801,2,803,17
2020-09-23,Merced,047,269075,8878,8785,17,8802,134
2020-09-23,Modoc,049,8938,29,24,0,24,0
2020-09-23,Mono,051,14174,169,149,3,152,1
2020-09-23,Monterey,053,433212,9825,9452,24,9476,67
2020-09-23,Napa,055,140530,1726,1653,8,1661,11
2020-09-23,Nevada,057,99092,538,523,16,539,6
2020-09-23,Orange,059,3164182,54629,51658,1439,53097,1155
2020-09-23,Placer,061,380077,3620,3506,13,3519,41
2020-09-23,Plumas,063,18699,49,48,0,48,0
2020-09-23,Riverside,065,2383286,58996,57257,163,57420,1165
2020-09-23,Sacramento,067,1510023,22494,21821,25,21846,415
2020-09-23,San Benito,069,59416,1335,1305,0,1305,10
2020-09-23,San Bernardino,071,2135413,54051,52132,347,52479,973
2020-09-23,San Diego,073,3302833,47331,45427,923,46350,767
2020-09-23,San Francisco,075,870044,11190,10926,27,10953,95
2020-09-23,San Joaquin,077,732212,20164,19785,55,19840,439
2020-09-23,San Luis Obispo,079,281455,3731,3447,17,3464,31
2020-09-23,San Mateo,081,765935,10091,9351,10,9361,127
2020-09-23,Santa Barbara,083,443738,9130,8952,75,9027,112
2020-09-23,Santa Clara,085,1922200,21967,20575,41,20616,260
2020-09-23,Santa Cruz,087,273765,2422,2283,28,2311,9
2020-09-23,Shasta,089,179085,1029,756,4,760,14
2020-09-23,Sierra,091,2930,6,6,0,6,0
2020-09-23,Siskiyou,093,43540,155,149,10,159,0
2020-09-23,Solano,095,438530,6302,6123,39,6162,50
2020-09-23,Sonoma,097,501317,7547,7091,21,7112,122
2020-09-23,Stanislaus,099,539301,16508,16271,510,16781,317
2020-09-23,Sutter,101,95872,1674,1646,1,1647,10
2020-09-23,Tehama,103,63373,574,533,2,535,2
2020-09-23,Trinity,105,12862,53,15,8,23,0
2020-09-23,Tulare,107,460477,16298,15664,124,15788,266
2020-09-23,Tuolumne,109,53932,233,223,6,229,2
2020-09-23,Ventura,111,848112,13262,12591,162,12753,137
2020-09-23,Yolo,113,214977,2814,2766,7,2773,55
2020-09-23,Yuba,115,75493,1082,1038,3,1041,5
2020-09-22,Alameda,001,1643700,21295,20607,168,20775,355
2020-09-22,Alpine,003,1148,2,2,0,2,0
2020-09-22,Amador,005,37829,293,287,0,287,16
2020-09-22,Butte,007,227075,2902,2776,54,2830,43
2020-09-22,Calaveras,009,45235,309,258,0,258,11
2020-09-22,Colusa,011,21464,529,518,0,518,6
2020-09-22,Contra Costa,013,1133247,16946,16090,80,16170,190
2020-09-22,Del Norte,015,27424,136,137,0,137,2
2020-09-22,El Dorado,017,186661,1166,1076,10,1086,4
2020-09-22,Fresno,019,978130,30445,27944,374,28318,369
2020-09-22,Glenn,021,27897,580,560,0,560,3
2020-09-22,Humboldt,023,135768,498,476,1,477,5
2020-09-22,Imperial,025,180216,11775,10529,9,10538,284
2020-09-22,Inyo,027,18085,188,177,4,181,13
2020-09-22,Kern,029,883053,31844,31110,315,31425,383
2020-09-22,Kings,031,150075,7743,7395,35,7430,76
2020-09-22,Lake,033,64148,565,516,0,516,9
2020-09-22,Lassen,035,31185,747,736,2,738,0
2020-09-22,Los Angeles,037,10098052,265652,262117,1772,263889,6394
2020-09-22,Madera,039,155013,4520,4303,30,4333,47
2020-09-22,Marin,041,260295,6688,6561,17,6578,84
2020-09-22,Mariposa,043,17540,76,74,0,74,2
2020-09-22,Mendocino,045,87422,859,794,1,795,18
2020-09-22,Merced,047,269075,8848,8769,17,8786,132
2020-09-22,Modoc,049,8938,29,24,0,24,0
2020-09-22,Mono,051,14174,168,149,3,152,1
2020-09-22,Monterey,053,433212,9767,9393,23,9416,67
2020-09-22,Napa,055,140530,1709,1652,8,1660,11
2020-09-22,Nevada,057,99092,538,523,16,539,6
2020-09-22,Orange,059,3164182,54379,51528,1430,52958,1132
2020-09-22,Placer,061,380077,3608,3492,13,3505,40
2020-09-22,Plumas,063,18699,49,48,0,48,0
2020-09-22,Riverside,065,2383286,58512,57066,159,57225,1162
2020-09-22,Sacramento,067,1510023,22375,21745,25,21770,410
2020-09-22,San Benito,069,59416,1330,1305,0,1305,10
2020-09-22,San Bernardino,071,2135413,53777,51899,347,52246,971
2020-09-22,San Diego,073,3302833,47024,45149,904,46053,765
2020-09-22,San Francisco,075,870044,11146,10893,26,10919,95
2020-09-22,San Joaquin,077,732212,20117,19755,54,19809,426
2020-09-22,San Luis Obispo,079,281455,3709,3420,17,3437,31
2020-09-22,San Mateo,081,765935,10053,9291,10,9301,127
2020-09-22,Santa Barbara,083,443738,9100,8927,74,9001,111
2020-09-22,Santa Clara,085,1922200,21848,20514,41,20555,253
2020-09-22,Santa Cruz,087,273765,2398,2264,28,2292,8
2020-09-22,Shasta,089,179085,994,723,4,727,14
2020-09-22,Sierra,091,2930,6,6,0,6,0
2020-09-22,Siskiyou,093,43540,155,149,10,159,0
2020-09-22,Solano,095,438530,6271,6107,39,6146,48
2020-09-22,Sonoma,097,501317,7468,7068,20,7088,117
2020-09-22,Stanislaus,099,539301,16485,16231,503,16734,316
2020-09-22,Sutter,101,95872,1668,1638,1,1639,10
2020-09-22,Tehama,103,63373,566,529,2,531,2
2020-09-22,Trinity,105,12862,53,15,8,23,0
2020-09-22,Tulare,107,460477,16231,15616,121,15737,263
2020-09-22,Tuolumne,109,53932,232,224,6,230,1
2020-09-22,Ventura,111,848112,13210,12507,158,12665,136
2020-09-22,Yolo,113,214977,2807,2763,7,2770,54
2020-09-22,Yuba,115,75493,1073,1035,3,1038,5
2020-09-21,Alameda,001,1643700,21216,20501,167,20668,343
2020-09-21,Alpine,003,1148,2,2,0,2,0
2020-09-21,Amador,005,37829,291,286,0,286,16
2020-09-21,Butte,007,227075,2888,2769,54,2823,41
2020-09-21,Calaveras,009,45235,307,256,0,256,10
2020-09-21,Colusa,011,21464,528,517,0,517,6
2020-09-21,Contra Costa,013,1133247,16865,16008,80,16088,189
2020-09-21,Del Norte,015,27424,136,132,0,132,2
2020-09-21,El Dorado,017,186661,1157,1074,10,1084,4
2020-09-21,Fresno,019,978130,30344,27843,367,28210,362
2020-09-21,Glenn,021,27897,576,556,0,556,3
2020-09-21,Humboldt,023,135768,494,473,1,474,5
2020-09-21,Imperial,025,180216,11744,10521,9,10530,284
2020-09-21,Inyo,027,18085,187,177,4,181,12
2020-09-21,Kern,029,883053,31773,31031,313,31344,379
2020-09-21,Kings,031,150075,7630,7297,34,7331,76
2020-09-21,Lake,033,64148,560,508,0,508,8
2020-09-21,Lassen,035,31185,745,735,2,737,0
2020-09-21,Los Angeles,037,10098052,264566,261418,1727,263145,6360
2020-09-21,Madera,039,155013,4509,4275,29,4304,47
2020-09-21,Marin,041,260295,6677,6538,16,6554,84
2020-09-21,Mariposa,043,17540,75,74,0,74,2
2020-09-21,Mendocino,045,87422,844,778,0,778,18
2020-09-21,Merced,047,269075,8829,8749,15,8764,128
2020-09-21,Modoc,049,8938,29,22,0,22,0
2020-09-21,Mono,051,14174,168,147,3,150,1
2020-09-21,Monterey,053,433212,9703,9331,20,9351,66
2020-09-21,Napa,055,140530,1698,1641,8,1649,11
2020-09-21,Nevada,057,99092,536,515,16,531,6
2020-09-21,Orange,059,3164182,54157,51363,1423,52786,1110
2020-09-21,Placer,061,380077,3598,3473,13,3486,40
2020-09-21,Plumas,063,18699,49,47,0,47,0
2020-09-21,Riverside,065,2383286,58240,57001,152,57153,1153
2020-09-21,Sacramento,067,1510023,22193,21568,25,21593,404
2020-09-21,San Benito,069,59416,1328,1298,0,1298,10
2020-09-21,San Bernardino,071,2135413,53490,51654,347,52001,970
2020-09-21,San Diego,073,3302833,46740,44927,883,45810,760
2020-09-21,San Francisco,075,870044,11098,10743,26,10769,95
2020-09-21,San Joaquin,077,732212,20060,19579,54,19633,423
2020-09-21,San Luis Obispo,079,281455,3683,3406,17,3423,27
2020-09-21,San Mateo,081,765935,10001,9239,10,9249,127
2020-09-21,Santa Barbara,083,443738,9072,8911,74,8985,110
2020-09-21,Santa Clara,085,1922200,21748,20432,41,20473,252
2020-09-21,Santa Cruz,087,273765,2382,2257,26,2283,8
2020-09-21,Shasta,089,179085,944,696,4,700,14
2020-09-21,Sierra,091,2930,6,6,0,6,0
2020-09-21,Siskiyou,093,43540,155,146,10,156,0
2020-09-21,Solano,095,438530,6247,6019,39,6058,46
2020-09-21,Sonoma,097,501317,7392,7017,20,7037,117
2020-09-21,Stanislaus,099,539301,16455,16186,503,16689,310
2020-09-21,Sutter,101,95872,1661,1634,1,1635,10
2020-09-21,Tehama,103,63373,547,513,2,515,2
2020-09-21,Trinity,105,12862,53,15,8,23,0
2020-09-21,Tulare,107,460477,16157,15528,112,15640,260
2020-09-21,Tuolumne,109,53932,232,221,6,227,1
2020-09-21,Ventura,111,848112,13126,12477,152,12629,133
2020-09-21,Yolo,113,214977,2801,2752,7,2759,54
2020-09-21,Yuba,115,75493,1069,1033,3,1036,1
2020-09-20,Alameda,001,1643700,21115,20425,164,20589,343
2020-09-20,Alpine,003,1148,2,2,0,2,0
2020-09-20,Amador,005,37829,290,286,0,286,16
2020-09-20,Butte,007,227075,2876,2764,54,2818,39
2020-09-20,Calaveras,009,45235,303,256,0,256,10
2020-09-20,Colusa,011,21464,526,510,0,510,6
2020-09-20,Contra Costa,013,1133247,16747,15917,79,15996,189
2020-09-20,Del Norte,015,27424,134,132,0,132,2
2020-09-20,El Dorado,017,186661,1142,1073,10,1083,4
2020-09-20,Fresno,019,978130,30230,27769,362,28131,362
2020-09-20,Glenn,021,27897,572,550,0,550,3
2020-09-20,Humboldt,023,135768,494,472,1,473,5
2020-09-20,Imperial,025,180216,11717,10496,8,10504,284
2020-09-20,Inyo,027,18085,187,177,4,181,12
2020-09-20,Kern,029,883053,31689,30992,309,31301,379
2020-09-20,Kings,031,150075,7583,7159,33,7192,76
2020-09-20,Lake,033,64148,548,492,0,492,8
2020-09-20,Lassen,035,31185,745,735,2,737,0
2020-09-20,Los Angeles,037,10098052,263339,260770,1702,262472,6347
2020-09-20,Madera,039,155013,4489,4257,29,4286,47
2020-09-20,Marin,041,260295,6652,6533,16,6549,83
2020-09-20,Mariposa,043,17540,75,74,0,74,2
2020-09-20,Mendocino,045,87422,832,765,0,765,18
2020-09-20,Merced,047,269075,8802,8745,15,8760,128
2020-09-20,Modoc,049,8938,27,22,0,22,0
2020-09-20,Mono,051,14174,167,147,3,150,1
2020-09-20,Monterey,053,433212,9624,9312,20,9332,65
2020-09-20,Napa,055,140530,1689,1626,8,1634,11
2020-09-20,Nevada,057,99092,533,511,16,527,6
2020-09-20,Orange,059,3164182,53916,51233,1413,52646,1110
2020-09-20,Placer,061,380077,3584,3452,13,3465,40
2020-09-20,Plumas,063,18699,49,47,0,47,0
2020-09-20,Riverside,065,2383286,58039,56783,146,56929,1147
2020-09-20,Sacramento,067,1510023,22006,21394,24,21418,401
2020-09-20,San Benito,069,59416,1317,1291,0,1291,9
2020-09-20,San Bernardino,071,2135413,53173,51559,345,51904,970
2020-09-20,San Diego,073,3302833,46367,44579,854,45433,760
2020-09-20,San Francisco,075,870044,11044,10743,26,10769,95
2020-09-20,San Joaquin,077,732212,19996,19578,47,19625,423
2020-09-20,San Luis Obispo,079,281455,3656,3393,17,3410,27
2020-09-20,San Mateo,081,765935,9935,9198,10,9208,127
2020-09-20,Santa Barbara,083,443738,9036,8880,73,8953,110
2020-09-20,Santa Clara,085,1922200,21629,20330,40,20370,252
2020-09-20,Santa Cruz,087,273765,2362,2199,26,2225,8
2020-09-20,Shasta,089,179085,903,696,3,699,14
2020-09-20,Sierra,091,2930,6,6,0,6,0
2020-09-20,Siskiyou,093,43540,155,146,10,156,0
2020-09-20,Solano,095,438530,6203,6020,39,6059,46
2020-09-20,Sonoma,097,501317,7288,6954,20,6974,117
2020-09-20,Stanislaus,099,539301,16423,16159,496,16655,310
2020-09-20,Sutter,101,95872,1655,1624,1,1625,10
2020-09-20,Tehama,103,63373,534,509,2,511,2
2020-09-20,Trinity,105,12862,53,15,8,23,0
2020-09-20,Tulare,107,460477,16071,15528,105,15633,260
2020-09-20,Tuolumne,109,53932,232,221,6,227,1
2020-09-20,Ventura,111,848112,13060,12406,148,12554,133
2020-09-20,Yolo,113,214977,2793,2745,7,2752,54
2020-09-20,Yuba,115,75493,1062,1029,3,1032,1
2020-09-19,Alameda,001,1643700,21065,20349,161,20510,343
2020-09-19,Alpine,003,1148,2,2,0,2,0
2020-09-19,Amador,005,37829,290,285,0,285,16
2020-09-19,Butte,007,227075,2870,2748,54,2802,38
2020-09-19,Calaveras,009,45235,303,256,0,256,10
2020-09-19,Colusa,011,21464,526,507,0,507,6
2020-09-19,Contra Costa,013,1133247,16685,15783,79,15862,186
2020-09-19,Del Norte,015,27424,133,132,0,132,2
2020-09-19,El Dorado,017,186661,1136,1068,9,1077,4
2020-09-19,Fresno,019,978130,30157,27668,362,28030,362
2020-09-19,Glenn,021,27897,569,547,0,547,3
2020-09-19,Humboldt,023,135768,493,471,1,472,5
2020-09-19,Imperial,025,180216,11702,10496,8,10504,284
2020-09-19,Inyo,027,18085,187,177,4,181,12
2020-09-19,Kern,029,883053,31637,30886,306,31192,379
2020-09-19,Kings,031,150075,7577,7130,33,7163,76
2020-09-19,Lake,033,64148,548,465,0,465,8
2020-09-19,Lassen,035,31185,745,731,2,733,0
2020-09-19,Los Angeles,037,10098052,262715,259801,1688,261489,6325
2020-09-19,Madera,039,155013,4466,4237,29,4266,47
2020-09-19,Marin,041,260295,6645,6513,15,6528,81
2020-09-19,Mariposa,043,17540,75,74,0,74,2
2020-09-19,Mendocino,045,87422,829,750,0,750,18
2020-09-19,Merced,047,269075,8791,8717,14,8731,128
2020-09-19,Modoc,049,8938,27,22,0,22,0
2020-09-19,Mono,051,14174,167,147,3,150,1
2020-09-19,Monterey,053,433212,9582,9237,20,9257,65
2020-09-19,Napa,055,140530,1681,1614,8,1622,11
2020-09-19,Nevada,057,99092,531,505,16,521,6
2020-09-19,Orange,059,3164182,53788,50999,1406,52405,1105
2020-09-19,Placer,061,380077,3575,3412,13,3425,40
2020-09-19,Plumas,063,18699,49,47,0,47,0
2020-09-19,Riverside,065,2383286,57912,56562,145,56707,1147
2020-09-19,Sacramento,067,1510023,21952,21297,24,21321,396
2020-09-19,San Benito,069,59416,1313,1276,0,1276,9
2020-09-19,San Bernardino,071,2135413,53015,51353,342,51695,971
2020-09-19,San Diego,073,3302833,46139,44295,831,45126,773
2020-09-19,San Francisco,075,870044,11011,10741,26,10767,95
2020-09-19,San Joaquin,077,732212,19960,19580,47,19627,424
2020-09-19,San Luis Obispo,079,281455,3635,3369,17,3386,27
2020-09-19,San Mateo,081,765935,9904,9158,10,9168,127
2020-09-19,Santa Barbara,083,443738,9016,8862,73,8935,106
2020-09-19,Santa Clara,085,1922200,21540,20170,40,20210,251
2020-09-19,Santa Cruz,087,273765,2348,2198,25,2223,8
2020-09-19,Shasta,089,179085,876,687,3,690,14
2020-09-19,Sierra,091,2930,6,6,0,6,0
2020-09-19,Siskiyou,093,43540,155,146,10,156,0
2020-09-19,Solano,095,438530,6187,5998,39,6037,46
2020-09-19,Sonoma,097,501317,7255,6905,20,6925,117
2020-09-19,Stanislaus,099,539301,16382,16109,489,16598,313
2020-09-19,Sutter,101,95872,1654,1602,1,1603,10
2020-09-19,Tehama,103,63373,529,498,2,500,2
2020-09-19,Trinity,105,12862,53,15,8,23,0
2020-09-19,Tulare,107,460477,16023,15485,102,15587,260
2020-09-19,Tuolumne,109,53932,232,217,6,223,1
2020-09-19,Ventura,111,848112,13028,12328,148,12476,133
2020-09-19,Yolo,113,214977,2785,2739,7,2746,54
2020-09-19,Yuba,115,75493,1055,1023,3,1026,1
2020-09-18,Alameda,001,1643700,20999,20222,155,20377,341
2020-09-18,Alpine,003,1148,2,2,0,2,0
2020-09-18,Amador,005,37829,290,285,0,285,16
2020-09-18,Butte,007,227075,2868,2738,54,2792,37
2020-09-18,Calaveras,009,45235,303,255,0,255,9
2020-09-18,Colusa,011,21464,526,504,0,504,6
2020-09-18,Contra Costa,013,1133247,16596,15667,79,15746,185
2020-09-18,Del Norte,015,27424,133,131,0,131,2
2020-09-18,El Dorado,017,186661,1123,1063,9,1072,4
2020-09-18,Fresno,019,978130,30092,27560,362,27922,359
2020-09-18,Glenn,021,27897,566,541,0,541,3
2020-09-18,Humboldt,023,135768,490,470,1,471,5
2020-09-18,Imperial,025,180216,11687,10460,8,10468,283
2020-09-18,Inyo,027,18085,187,177,4,181,12
2020-09-18,Kern,029,883053,31577,30742,303,31045,373
2020-09-18,Kings,031,150075,7567,7062,33,7095,74
2020-09-18,Lake,033,64148,542,458,0,458,8
2020-09-18,Lassen,035,31185,744,731,2,733,0
2020-09-18,Los Angeles,037,10098052,261953,258488,1670,260158,6324
2020-09-18,Madera,039,155013,4455,4211,29,4240,45
2020-09-18,Marin,041,260295,6629,6475,15,6490,81
2020-09-18,Mariposa,043,17540,75,74,0,74,2
2020-09-18,Mendocino,045,87422,821,739,0,739,18
2020-09-18,Merced,047,269075,8779,8691,13,8704,127
2020-09-18,Modoc,049,8938,27,22,0,22,0
2020-09-18,Mono,051,14174,165,147,3,150,1
2020-09-18,Monterey,053,433212,9541,9183,20,9203,64
2020-09-18,Napa,055,140530,1675,1604,8,1612,11
2020-09-18,Nevada,057,99092,528,504,16,520,6
2020-09-18,Orange,059,3164182,53642,50733,1394,52127,1107
2020-09-18,Placer,061,380077,3564,3389,13,3402,40
2020-09-18,Plumas,063,18699,49,45,0,45,0
2020-09-18,Riverside,065,2383286,57789,56248,140,56388,1143
2020-09-18,Sacramento,067,1510023,21868,21105,24,21129,391
2020-09-18,San Benito,069,59416,1305,1257,0,1257,8
2020-09-18,San Bernardino,071,2135413,52870,51106,339,51445,970
2020-09-18,San Diego,073,3302833,45889,44009,826,44835,757
2020-09-18,San Francisco,075,870044,10973,10644,25,10669,95
2020-09-18,San Joaquin,077,732212,19917,19531,46,19577,423
2020-09-18,San Luis Obispo,079,281455,3611,3328,17,3345,27
2020-09-18,San Mateo,081,765935,9864,9062,10,9072,127
2020-09-18,Santa Barbara,083,443738,8995,8824,73,8897,107
2020-09-18,Santa Clara,085,1922200,21443,20058,40,20098,252
2020-09-18,Santa Cruz,087,273765,2328,2180,24,2204,8
2020-09-18,Shasta,089,179085,841,668,3,671,14
2020-09-18,Sierra,091,2930,6,6,0,6,0
2020-09-18,Siskiyou,093,43540,154,146,10,156,0
2020-09-18,Solano,095,438530,6171,5961,39,6000,46
2020-09-18,Sonoma,097,501317,7207,6856,20,6876,114
2020-09-18,Stanislaus,099,539301,16352,16042,483,16525,277
2020-09-18,Sutter,101,95872,1647,1586,1,1587,10
2020-09-18,Tehama,103,63373,529,490,2,492,2
2020-09-18,Trinity,105,12862,53,15,7,22,0
2020-09-18,Tulare,107,460477,15990,15435,98,15533,259
2020-09-18,Tuolumne,109,53932,231,216,6,222,1
2020-09-18,Ventura,111,848112,12967,12236,144,12380,133
2020-09-18,Yolo,113,214977,2779,2732,7,2739,54
2020-09-18,Yuba,115,75493,1051,1020,3,1023,1
2020-09-17,Alameda,001,1643700,20900,20146,155,20301,339
2020-09-17,Alpine,003,1148,2,2,0,2,0
2020-09-17,Amador,005,37829,288,284,0,284,16
2020-09-17,Butte,007,227075,2851,2720,54,2774,38
2020-09-17,Calaveras,009,45235,303,254,0,254,9
2020-09-17,Colusa,011,21464,524,499,0,499,6
2020-09-17,Contra Costa,013,1133247,16510,15576,79,15655,184
2020-09-17,Del Norte,015,27424,133,131,0,131,2
2020-09-17,El Dorado,017,186661,1114,1057,9,1066,4
2020-09-17,Fresno,019,978130,29982,27487,357,27844,355
2020-09-17,Glenn,021,27897,565,541,0,541,3
2020-09-17,Humboldt,023,135768,484,466,1,467,5
2020-09-17,Imperial,025,180216,11670,10436,8,10444,281
2020-09-17,Inyo,027,18085,187,176,4,180,12
2020-09-17,Kern,029,883053,31517,30627,296,30923,372
2020-09-17,Kings,031,150075,7496,7015,33,7048,72
2020-09-17,Lake,033,64148,532,433,0,433,8
2020-09-17,Lassen,035,31185,742,731,2,733,0
2020-09-17,Los Angeles,037,10098052,261010,257246,1656,258902,6318
2020-09-17,Madera,039,155013,4421,4152,29,4181,45
2020-09-17,Marin,041,260295,6608,6457,15,6472,81
2020-09-17,Mariposa,043,17540,75,74,0,74,2
2020-09-17,Mendocino,045,87422,810,737,0,737,18
2020-09-17,Merced,047,269075,8760,8671,13,8684,119
2020-09-17,Modoc,049,8938,27,22,0,22,0
2020-09-17,Mono,051,14174,165,147,3,150,1
2020-09-17,Monterey,053,433212,9479,9113,20,9133,62
2020-09-17,Napa,055,140530,1664,1592,8,1600,11
2020-09-17,Nevada,057,99092,526,494,16,510,6
2020-09-17,Orange,059,3164182,53462,50537,1382,51919,1098
2020-09-17,Placer,061,380077,3544,3368,13,3381,40
2020-09-17,Plumas,063,18699,49,45,0,45,0
2020-09-17,Riverside,065,2383286,57564,56007,139,56146,1134
2020-09-17,Sacramento,067,1510023,21633,20895,24,20919,385
2020-09-17,San Benito,069,59416,1303,1252,0,1252,8
2020-09-17,San Bernardino,071,2135413,52666,50770,339,51109,904
2020-09-17,San Diego,073,3302833,45609,43621,814,44435,754
2020-09-17,San Francisco,075,870044,10879,10564,25,10589,95
2020-09-17,San Joaquin,077,732212,19858,19439,46,19485,416
2020-09-17,San Luis Obispo,079,281455,3581,3299,17,3316,27
2020-09-17,San Mateo,081,765935,9822,8984,10,8994,127
2020-09-17,Santa Barbara,083,443738,8971,8779,73,8852,107
2020-09-17,Santa Clara,085,1922200,21326,19825,40,19865,254
2020-09-17,Santa Cruz,087,273765,2312,2155,24,2179,7
2020-09-17,Shasta,089,179085,802,660,3,663,12
2020-09-17,Sierra,091,2930,6,6,0,6,0
2020-09-17,Siskiyou,093,43540,154,146,10,156,0
2020-09-17,Solano,095,438530,6148,5915,39,5954,44
2020-09-17,Sonoma,097,501317,7143,6754,20,6774,114
2020-09-17,Stanislaus,099,539301,16319,15984,479,16463,277
2020-09-17,Sutter,101,95872,1642,1572,1,1573,10
2020-09-17,Tehama,103,63373,516,487,2,489,2
2020-09-17,Trinity,105,12862,53,15,7,22,0
2020-09-17,Tulare,107,460477,15938,15344,96,15440,258
2020-09-17,Tuolumne,109,53932,230,214,6,220,1
2020-09-17,Ventura,111,848112,12880,12167,141,12308,130
2020-09-17,Yolo,113,214977,2770,2724,7,2731,53
2020-09-17,Yuba,115,75493,1047,1015,3,1018,1
2020-09-16,Alameda,001,1643700,20802,20009,153,20162,333
2020-09-16,Alpine,003,1148,2,2,0,2,0
2020-09-16,Amador,005,37829,288,284,0,284,16
2020-09-16,Butte,007,227075,2841,2704,53,2757,38
2020-09-16,Calaveras,009,45235,303,254,0,254,9
2020-09-16,Colusa,011,21464,522,497,0,497,6
2020-09-16,Contra Costa,013,1133247,16423,15473,79,15552,183
2020-09-16,Del Norte,015,27424,133,131,0,131,2
2020-09-16,El Dorado,017,186661,1106,1049,8,1057,4
2020-09-16,Fresno,019,978130,29875,27381,355,27736,343
2020-09-16,Glenn,021,27897,563,539,0,539,3
2020-09-16,Humboldt,023,135768,483,455,1,456,4
2020-09-16,Imperial,025,180216,11647,10401,8,10409,277
2020-09-16,Inyo,027,18085,186,176,4,180,12
2020-09-16,Kern,029,883053,31458,30570,295,30865,371
2020-09-16,Kings,031,150075,7471,7002,31,7033,71
2020-09-16,Lake,033,64148,521,417,0,417,6
2020-09-16,Lassen,035,31185,741,730,2,732,0
2020-09-16,Los Angeles,037,10098052,260029,256101,1639,257740,6299
2020-09-16,Madera,039,155013,4398,4138,29,4167,45
2020-09-16,Marin,041,260295,6580,6430,15,6445,77
2020-09-16,Mariposa,043,17540,75,74,0,74,2
2020-09-16,Mendocino,045,87422,801,727,0,727,18
2020-09-16,Merced,047,269075,8739,8646,13,8659,118
2020-09-16,Modoc,049,8938,27,22,0,22,0
2020-09-16,Mono,051,14174,165,147,3,150,1
2020-09-16,Monterey,053,433212,9425,8997,20,9017,62
2020-09-16,Napa,055,140530,1650,1587,8,1595,11
2020-09-16,Nevada,057,99092,521,495,15,510,6
2020-09-16,Orange,059,3164182,53261,50414,1373,51787,1096
2020-09-16,Placer,061,380077,3526,3351,13,3364,39
2020-09-16,Plumas,063,18699,49,45,0,45,0
2020-09-16,Riverside,065,2383286,57370,55811,131,55942,1127
2020-09-16,Sacramento,067,1510023,21540,20610,24,20634,377
2020-09-16,San Benito,069,59416,1295,1244,0,1244,8
2020-09-16,San Bernardino,071,2135413,52441,50509,338,50847,907
2020-09-16,San Diego,073,3302833,45317,43447,793,44240,748
2020-09-16,San Francisco,075,870044,10832,10502,25,10527,90
2020-09-16,San Joaquin,077,732212,19803,19377,45,19422,409
2020-09-16,San Luis Obispo,079,281455,3550,3285,17,3302,28
2020-09-16,San Mateo,081,765935,9757,8944,10,8954,127
2020-09-16,Santa Barbara,083,443738,8938,8764,73,8837,107
2020-09-16,Santa Clara,085,1922200,21207,19684,40,19724,253
2020-09-16,Santa Cruz,087,273765,2271,2089,23,2112,7
2020-09-16,Shasta,089,179085,776,635,3,638,11
2020-09-16,Sierra,091,2930,6,6,0,6,0
2020-09-16,Siskiyou,093,43540,153,145,10,155,0
2020-09-16,Solano,095,438530,6119,5899,39,5938,44
2020-09-16,Sonoma,097,501317,7081,6731,20,6751,104
2020-09-16,Stanislaus,099,539301,16271,15897,471,16368,263
2020-09-16,Sutter,101,95872,1629,1567,1,1568,10
2020-09-16,Tehama,103,63373,508,485,2,487,2
2020-09-16,Trinity,105,12862,53,15,7,22,0
2020-09-16,Tulare,107,460477,15894,15314,89,15403,258
2020-09-16,Tuolumne,109,53932,229,210,6,216,1
2020-09-16,Ventura,111,848112,12809,12073,139,12212,130
2020-09-16,Yolo,113,214977,2763,2709,7,2716,53
2020-09-16,Yuba,115,75493,1045,1000,3,1003,1
2020-09-15,Alameda,001,1643700,20696,19931,150,20081,327
2020-09-15,Alpine,003,1148,2,2,0,2,0
2020-09-15,Amador,005,37829,287,282,0,282,16
2020-09-15,Butte,007,227075,2828,2695,51,2746,38
2020-09-15,Calaveras,009,45235,303,248,0,248,5
2020-09-15,Colusa,011,21464,516,497,0,497,6
2020-09-15,Contra Costa,013,1133247,16317,15423,77,15500,180
2020-09-15,Del Norte,015,27424,133,129,0,129,2
2020-09-15,El Dorado,017,186661,1101,1046,8,1054,4
2020-09-15,Fresno,019,978130,29766,27312,350,27662,343
2020-09-15,Glenn,021,27897,562,531,0,531,3
2020-09-15,Humboldt,023,135768,481,456,1,457,4
2020-09-15,Imperial,025,180216,11622,10376,8,10384,277
2020-09-15,Inyo,027,18085,186,176,4,180,12
2020-09-15,Kern,029,883053,31345,30429,292,30721,368
2020-09-15,Kings,031,150075,7313,6977,31,7008,70
2020-09-15,Lake,033,64148,508,416,0,416,4
2020-09-15,Lassen,035,31185,737,719,2,721,0
2020-09-15,Los Angeles,037,10098052,258919,255048,1617,256665,6269
2020-09-15,Madera,039,155013,4379,4122,29,4151,45
2020-09-15,Marin,041,260295,6549,6423,15,6438,77
2020-09-15,Mariposa,043,17540,75,74,0,74,2
2020-09-15,Mendocino,045,87422,783,724,0,724,18
2020-09-15,Merced,047,269075,8709,8633,13,8646,114
2020-09-15,Modoc,049,8938,26,21,0,21,0
2020-09-15,Mono,051,14174,165,147,3,150,1
2020-09-15,Monterey,053,433212,9376,8943,20,8963,62
2020-09-15,Napa,055,140530,1636,1580,8,1588,11
2020-09-15,Nevada,057,99092,516,494,15,509,6
2020-09-15,Orange,059,3164182,53079,50294,1359,51653,1088
2020-09-15,Placer,061,380077,3502,3331,13,3344,38
2020-09-15,Plumas,063,18699,49,44,0,44,0
2020-09-15,Riverside,065,2383286,57076,55569,121,55690,1118
2020-09-15,Sacramento,067,1510023,21396,20487,24,20511,372
2020-09-15,San Benito,069,59416,1288,1237,0,1237,7
2020-09-15,San Bernardino,071,2135413,52226,50333,337,50670,904
2020-09-15,San Diego,073,3302833,44998,43183,773,43956,742
2020-09-15,San Francisco,075,870044,10774,10414,25,10439,90
2020-09-15,San Joaquin,077,732212,19751,19313,45,19358,401
2020-09-15,San Luis Obispo,079,281455,3530,3262,17,3279,28
2020-09-15,San Mateo,081,765935,9688,8895,10,8905,127
2020-09-15,Santa Barbara,083,443738,8913,8724,72,8796,104
2020-09-15,Santa Clara,085,1922200,21074,19610,40,19650,252
2020-09-15,Santa Cruz,087,273765,2245,2079,22,2101,7
2020-09-15,Shasta,089,179085,764,627,3,630,11
2020-09-15,Sierra,091,2930,6,6,0,6,0
2020-09-15,Siskiyou,093,43540,153,143,10,153,0
2020-09-15,Solano,095,438530,6085,5878,39,5917,45
2020-09-15,Sonoma,097,501317,7042,6701,20,6721,104
2020-09-15,Stanislaus,099,539301,16223,15880,469,16349,260
2020-09-15,Sutter,101,95872,1618,1556,1,1557,10
2020-09-15,Tehama,103,63373,496,484,2,486,2
2020-09-15,Trinity,105,12862,53,15,7,22,0
2020-09-15,Tulare,107,460477,15817,15203,87,15290,254
2020-09-15,Tuolumne,109,53932,229,209,6,215,1
2020-09-15,Ventura,111,848112,12756,11932,138,12070,128
2020-09-15,Yolo,113,214977,2759,2708,7,2715,53
2020-09-15,Yuba,115,75493,1039,991,3,994,1
2020-09-14,Alameda,001,1643700,20569,19851,149,20000,306
2020-09-14,Alpine,003,1148,2,2,0,2,0
2020-09-14,Amador,005,37829,285,281,0,281,16
2020-09-14,Butte,007,227075,2810,2642,51,2693,37
2020-09-14,Calaveras,009,45235,303,244,0,244,3
2020-09-14,Colusa,011,21464,515,486,0,486,6
2020-09-14,Contra Costa,013,1133247,16193,15354,76,15430,174
2020-09-14,Del Norte,015,27424,130,116,0,116,2
2020-09-14,El Dorado,017,186661,1097,1039,8,1047,3
2020-09-14,Fresno,019,978130,29682,27232,347,27579,344
2020-09-14,Glenn,021,27897,554,521,0,521,3
2020-09-14,Humboldt,023,135768,478,437,1,438,4
2020-09-14,Imperial,025,180216,11602,10340,8,10348,273
2020-09-14,Inyo,027,18085,186,176,4,180,12
2020-09-14,Kern,029,883053,31257,30344,291,30635,368
2020-09-14,Kings,031,150075,7232,6950,31,6981,70
2020-09-14,Lake,033,64148,487,407,0,407,4
2020-09-14,Lassen,035,31185,737,719,2,721,0
2020-09-14,Los Angeles,037,10098052,257890,254622,1592,256214,6226
2020-09-14,Madera,039,155013,4364,4104,29,4133,45
2020-09-14,Marin,041,260295,6529,6409,15,6424,70
2020-09-14,Mariposa,043,17540,75,74,0,74,2
2020-09-14,Mendocino,045,87422,766,710,0,710,17
2020-09-14,Merced,047,269075,8690,8593,13,8606,112
2020-09-14,Modoc,049,8938,26,21,0,21,0
2020-09-14,Mono,051,14174,165,147,3,150,1
2020-09-14,Monterey,053,433212,9305,8845,19,8864,61
2020-09-14,Napa,055,140530,1619,1576,8,1584,11
2020-09-14,Nevada,057,99092,511,489,15,504,6
2020-09-14,Orange,059,3164182,52918,50149,1343,51492,1079
2020-09-14,Placer,061,380077,3480,3302,13,3315,38
2020-09-14,Plumas,063,18699,48,42,0,42,0
2020-09-14,Riverside,065,2383286,56857,55488,117,55605,1113
2020-09-14,Sacramento,067,1510023,21201,20377,23,20400,367
2020-09-14,San Benito,069,59416,1273,1233,0,1233,7
2020-09-14,San Bernardino,071,2135413,52002,50163,336,50499,895
2020-09-14,San Diego,073,3302833,44687,42889,753,43642,734
2020-09-14,San Francisco,075,870044,10707,10255,23,10278,90
2020-09-14,San Joaquin,077,732212,19677,19111,44,19155,397
2020-09-14,San Luis Obispo,079,281455,3505,3248,17,3265,25
2020-09-14,San Mateo,081,765935,9627,8847,10,8857,127
2020-09-14,Santa Barbara,083,443738,8887,8692,72,8764,104
2020-09-14,Santa Clara,085,1922200,20886,19545,40,19585,247
2020-09-14,Santa Cruz,087,273765,2223,2016,21,2037,7
2020-09-14,Shasta,089,179085,741,584,3,587,10
2020-09-14,Sierra,091,2930,6,6,0,6,0
2020-09-14,Siskiyou,093,43540,152,143,10,153,0
2020-09-14,Solano,095,438530,6050,5834,39,5873,44
2020-09-14,Sonoma,097,501317,6980,6630,20,6650,102
2020-09-14,Stanislaus,099,539301,16178,15812,466,16278,253
2020-09-14,Sutter,101,95872,1607,1549,1,1550,10
2020-09-14,Tehama,103,63373,494,475,2,477,1
2020-09-14,Trinity,105,12862,52,14,7,21,0
2020-09-14,Tulare,107,460477,15748,15096,82,15178,254
2020-09-14,Tuolumne,109,53932,228,208,6,214,1
2020-09-14,Ventura,111,848112,12654,11903,135,12038,125
2020-09-14,Yolo,113,214977,2748,2687,7,2694,53
2020-09-14,Yuba,115,75493,1031,977,3,980,1
2020-09-13,Alameda,001,1643700,20463,19815,146,19961,306
2020-09-13,Alpine,003,1148,2,2,0,2,0
2020-09-13,Amador,005,37829,282,279,0,279,16
2020-09-13,Butte,007,227075,2788,2640,51,2691,37
2020-09-13,Calaveras,009,45235,302,246,0,246,3
2020-09-13,Colusa,011,21464,511,486,0,486,6
2020-09-13,Contra Costa,013,1133247,16086,15284,76,15360,172
2020-09-13,Del Norte,015,27424,127,116,0,116,1
2020-09-13,El Dorado,017,186661,1092,1035,8,1043,2
2020-09-13,Fresno,019,978130,29573,27196,338,27534,345
2020-09-13,Glenn,021,27897,550,517,0,517,3
2020-09-13,Humboldt,023,135768,478,434,1,435,4
2020-09-13,Imperial,025,180216,11565,10304,7,10311,273
2020-09-13,Inyo,027,18085,186,176,4,180,12
2020-09-13,Kern,029,883053,31161,30277,285,30562,368
2020-09-13,Kings,031,150075,7213,6937,31,6968,70
2020-09-13,Lake,033,64148,469,397,0,397,4
2020-09-13,Lassen,035,31185,734,719,2,721,0
2020-09-13,Los Angeles,037,10098052,256737,253950,1577,255527,6203
2020-09-13,Madera,039,155013,4307,4090,29,4119,45
2020-09-13,Marin,041,260295,6510,6395,15,6410,70
2020-09-13,Mariposa,043,17540,75,74,0,74,2
2020-09-13,Mendocino,045,87422,759,707,0,707,17
2020-09-13,Merced,047,269075,8656,8575,13,8588,112
2020-09-13,Modoc,049,8938,26,21,0,21,0
2020-09-13,Mono,051,14174,165,147,3,150,1
2020-09-13,Monterey,053,433212,9223,8826,18,8844,61
2020-09-13,Napa,055,140530,1612,1563,8,1571,11
2020-09-13,Nevada,057,99092,503,486,15,501,6
2020-09-13,Orange,059,3164182,52702,50061,1336,51397,1075
2020-09-13,Placer,061,380077,3451,3291,13,3304,38
2020-09-13,Plumas,063,18699,48,42,0,42,0
2020-09-13,Riverside,065,2383286,56650,55235,106,55341,1108
2020-09-13,Sacramento,067,1510023,20856,20279,23,20302,367
2020-09-13,San Benito,069,59416,1265,1217,0,1217,7
2020-09-13,San Bernardino,071,2135413,51715,49968,334,50302,895
2020-09-13,San Diego,073,3302833,44361,42681,719,43400,734
2020-09-13,San Francisco,075,870044,10629,10254,23,10277,90
2020-09-13,San Joaquin,077,732212,19606,19110,43,19153,396
2020-09-13,San Luis Obispo,079,281455,3468,3240,17,3257,24
2020-09-13,San Mateo,081,765935,9566,8811,10,8821,127
2020-09-13,Santa Barbara,083,443738,8850,8690,72,8762,104
2020-09-13,Santa Clara,085,1922200,20748,19456,39,19495,245
2020-09-13,Santa Cruz,087,273765,2189,2016,19,2035,7
2020-09-13,Shasta,089,179085,729,583,3,586,10
2020-09-13,Sierra,091,2930,6,6,0,6,0
2020-09-13,Siskiyou,093,43540,152,143,9,152,0
2020-09-13,Solano,095,438530,6004,5810,39,5849,43
2020-09-13,Sonoma,097,501317,6915,6592,20,6612,95
2020-09-13,Stanislaus,099,539301,16115,15759,454,16213,253
2020-09-13,Sutter,101,95872,1595,1539,1,1540,10
2020-09-13,Tehama,103,63373,490,476,2,478,1
2020-09-13,Trinity,105,12862,52,14,7,21,0
2020-09-13,Tulare,107,460477,15677,15098,81,15179,254
2020-09-13,Tuolumne,109,53932,224,208,6,214,1
2020-09-13,Ventura,111,848112,12546,11855,134,11989,123
2020-09-13,Yolo,113,214977,2736,2675,7,2682,53
2020-09-13,Yuba,115,75493,1026,967,3,970,1
2020-09-12,Alameda,001,1643700,20404,19758,146,19904,307
2020-09-12,Alpine,003,1148,2,2,0,2,0
2020-09-12,Amador,005,37829,281,278,0,278,16
2020-09-12,Butte,007,227075,2781,2629,50,2679,37
2020-09-12,Calaveras,009,45235,300,246,0,246,3
2020-09-12,Colusa,011,21464,507,486,0,486,6
2020-09-12,Contra Costa,013,1133247,16009,15135,75,15210,174
2020-09-12,Del Norte,015,27424,126,116,0,116,1
2020-09-12,El Dorado,017,186661,1085,1034,8,1042,2
2020-09-12,Fresno,019,978130,29503,27076,338,27414,345
2020-09-12,Glenn,021,27897,549,517,0,517,3
2020-09-12,Humboldt,023,135768,477,430,1,431,4
2020-09-12,Imperial,025,180216,11553,10305,7,10312,273
2020-09-12,Inyo,027,18085,186,177,4,181,12
2020-09-12,Kern,029,883053,31095,30202,285,30487,368
2020-09-12,Kings,031,150075,7203,6895,31,6926,70
2020-09-12,Lake,033,64148,461,393,0,393,4
2020-09-12,Lassen,035,31185,734,719,2,721,0
2020-09-12,Los Angeles,037,10098052,256180,253156,1556,254712,6193
2020-09-12,Madera,039,155013,4296,4058,29,4087,43
2020-09-12,Marin,041,260295,6501,6393,15,6408,69
2020-09-12,Mariposa,043,17540,75,72,0,72,2
2020-09-12,Mendocino,045,87422,756,700,0,700,17
2020-09-12,Merced,047,269075,8647,8533,13,8546,112
2020-09-12,Modoc,049,8938,25,21,0,21,0
2020-09-12,Mono,051,14174,165,147,3,150,1
2020-09-12,Monterey,053,433212,9187,8743,18,8761,61
2020-09-12,Napa,055,140530,1609,1556,8,1564,11
2020-09-12,Nevada,057,99092,502,482,15,497,6
2020-09-12,Orange,059,3164182,52587,49895,1333,51228,1078
2020-09-12,Placer,061,380077,3434,3280,13,3293,38
2020-09-12,Plumas,063,18699,48,42,0,42,0
2020-09-12,Riverside,065,2383286,56522,55058,102,55160,1108
2020-09-12,Sacramento,067,1510023,20788,20184,23,20207,367
2020-09-12,San Benito,069,59416,1262,1208,0,1208,7
2020-09-12,San Bernardino,071,2135413,51624,49945,332,50277,896
2020-09-12,San Diego,073,3302833,44166,42416,710,43126,747
2020-09-12,San Francisco,075,870044,10585,10257,23,10280,90
2020-09-12,San Joaquin,077,732212,19578,19108,43,19151,396
2020-09-12,San Luis Obispo,079,281455,3441,3220,17,3237,24
2020-09-12,San Mateo,081,765935,9521,8759,10,8769,127
2020-09-12,Santa Barbara,083,443738,8836,8642,72,8714,104
2020-09-12,Santa Clara,085,1922200,20661,19330,39,19369,237
2020-09-12,Santa Cruz,087,273765,2177,2016,19,2035,7
2020-09-12,Shasta,089,179085,717,569,3,572,10
2020-09-12,Sierra,091,2930,6,6,0,6,0
2020-09-12,Siskiyou,093,43540,152,141,9,150,0
2020-09-12,Solano,095,438530,5980,5772,39,5811,43
2020-09-12,Sonoma,097,501317,6890,6531,20,6551,95
2020-09-12,Stanislaus,099,539301,16083,15675,451,16126,253
2020-09-12,Sutter,101,95872,1589,1529,1,1530,10
2020-09-12,Tehama,103,63373,487,471,2,473,1
2020-09-12,Trinity,105,12862,52,15,7,22,0
2020-09-12,Tulare,107,460477,15632,15018,80,15098,254
2020-09-12,Tuolumne,109,53932,224,208,6,214,1
2020-09-12,Ventura,111,848112,12495,11759,132,11891,123
2020-09-12,Yolo,113,214977,2729,2646,7,2653,53
2020-09-12,Yuba,115,75493,1022,963,3,966,1
2020-09-11,Alameda,001,1643700,20349,19625,145,19770,298
2020-09-11,Alpine,003,1148,2,2,0,2,0
2020-09-11,Amador,005,37829,281,277,0,277,16
2020-09-11,Butte,007,227075,2769,2605,50,2655,37
2020-09-11,Calaveras,009,45235,299,242,0,242,1
2020-09-11,Colusa,011,21464,506,484,0,484,6
2020-09-11,Contra Costa,013,1133247,15951,15001,72,15073,173
2020-09-11,Del Norte,015,27424,126,115,0,115,1
2020-09-11,El Dorado,017,186661,1082,1024,8,1032,2
2020-09-11,Fresno,019,978130,29425,26917,337,27254,344
2020-09-11,Glenn,021,27897,544,515,0,515,3
2020-09-11,Humboldt,023,135768,475,426,1,427,4
2020-09-11,Imperial,025,180216,11535,10286,7,10293,273
2020-09-11,Inyo,027,18085,186,176,4,180,12
2020-09-11,Kern,029,883053,31027,30059,284,30343,365
2020-09-11,Kings,031,150075,7186,6770,31,6801,70
2020-09-11,Lake,033,64148,453,382,0,382,4
2020-09-11,Lassen,035,31185,734,719,2,721,0
2020-09-11,Los Angeles,037,10098052,255501,252057,1545,253602,6172
2020-09-11,Madera,039,155013,4277,4018,29,4047,43
2020-09-11,Marin,041,260295,6496,6364,15,6379,69
2020-09-11,Mariposa,043,17540,75,72,0,72,2
2020-09-11,Mendocino,045,87422,745,700,0,700,17
2020-09-11,Merced,047,269075,8626,8489,13,8502,109
2020-09-11,Modoc,049,8938,25,21,0,21,0
2020-09-11,Mono,051,14174,165,145,3,148,1
2020-09-11,Monterey,053,433212,9139,8595,18,8613,61
2020-09-11,Napa,055,140530,1598,1543,8,1551,11
2020-09-11,Nevada,057,99092,495,483,15,498,6
2020-09-11,Orange,059,3164182,52457,49755,1321,51076,1068
2020-09-11,Placer,061,380077,3419,3254,13,3267,37
2020-09-11,Plumas,063,18699,48,42,0,42,0
2020-09-11,Riverside,065,2383286,56387,54717,99,54816,1099
2020-09-11,Sacramento,067,1510023,20704,20012,23,20035,358
2020-09-11,San Benito,069,59416,1252,1202,0,1202,7
2020-09-11,San Bernardino,071,2135413,51525,49682,332,50014,871
2020-09-11,San Diego,073,3302833,43946,41971,704,42675,730
2020-09-11,San Francisco,075,870044,10537,10133,22,10155,89
2020-09-11,San Joaquin,077,732212,19530,19019,43,19062,391
2020-09-11,San Luis Obispo,079,281455,3423,3190,17,3207,24
2020-09-11,San Mateo,081,765935,9479,8611,10,8621,127
2020-09-11,Santa Barbara,083,443738,8803,8592,71,8663,103
2020-09-11,Santa Clara,085,1922200,20573,19065,39,19104,234
2020-09-11,Santa Cruz,087,273765,2160,1997,19,2016,7
2020-09-11,Shasta,089,179085,707,568,3,571,10
2020-09-11,Sierra,091,2930,6,6,0,6,0
2020-09-11,Siskiyou,093,43540,151,139,9,148,0
2020-09-11,Solano,095,438530,5963,5742,39,5781,42
2020-09-11,Sonoma,097,501317,6846,6469,20,6489,91
2020-09-11,Stanislaus,099,539301,16045,15613,448,16061,253
2020-09-11,Sutter,101,95872,1579,1505,1,1506,11
2020-09-11,Tehama,103,63373,484,466,2,468,1
2020-09-11,Trinity,105,12862,52,16,7,23,0
2020-09-11,Tulare,107,460477,15599,14932,77,15009,251
2020-09-11,Tuolumne,109,53932,224,208,6,214,1
2020-09-11,Ventura,111,848112,12441,11700,130,11830,123
2020-09-11,Yolo,113,214977,2718,2632,7,2639,53
2020-09-11,Yuba,115,75493,1014,946,3,949,1
2020-09-10,Alameda,001,1643700,20275,19509,145,19654,292
2020-09-10,Alpine,003,1148,2,2,0,2,0
2020-09-10,Amador,005,37829,280,277,0,277,16
2020-09-10,Butte,007,227075,2752,2590,50,2640,37
2020-09-10,Calaveras,009,45235,299,244,0,244,1
2020-09-10,Colusa,011,21464,504,482,0,482,6
2020-09-10,Contra Costa,013,1133247,15878,14909,72,14981,172
2020-09-10,Del Norte,015,27424,125,112,0,112,1
2020-09-10,El Dorado,017,186661,1079,1020,8,1028,2
2020-09-10,Fresno,019,978130,29304,26783,337,27120,338
2020-09-10,Glenn,021,27897,534,511,0,511,3
2020-09-10,Humboldt,023,135768,464,422,1,423,4
2020-09-10,Imperial,025,180216,11519,10251,7,10258,270
2020-09-10,Inyo,027,18085,185,176,4,180,11
2020-09-10,Kern,029,883053,30945,29988,280,30268,363
2020-09-10,Kings,031,150075,7156,6739,31,6770,70
2020-09-10,Lake,033,64148,447,377,0,377,4
2020-09-10,Lassen,035,31185,733,716,2,718,0
2020-09-10,Los Angeles,037,10098052,254523,251003,1524,252527,6132
2020-09-10,Madera,039,155013,4259,3979,29,4008,43
2020-09-10,Marin,041,260295,6484,6344,15,6359,68
2020-09-10,Mariposa,043,17540,75,72,0,72,2
2020-09-10,Mendocino,045,87422,735,697,0,697,16
2020-09-10,Merced,047,269075,8580,8461,13,8474,109
2020-09-10,Modoc,049,8938,25,21,0,21,0
2020-09-10,Mono,051,14174,165,145,3,148,1
2020-09-10,Monterey,053,433212,9069,8570,18,8588,59
2020-09-10,Napa,055,140530,1592,1536,8,1544,11
2020-09-10,Nevada,057,99092,491,478,15,493,6
2020-09-10,Orange,059,3164182,52294,49617,1314,50931,1057
2020-09-10,Placer,061,380077,3399,3233,13,3246,37
2020-09-10,Plumas,063,18699,48,42,0,42,0
2020-09-10,Riverside,065,2383286,56068,54417,96,54513,1091
2020-09-10,Sacramento,067,1510023,20584,19618,22,19640,354
2020-09-10,San Benito,069,59416,1246,1201,0,1201,5
2020-09-10,San Bernardino,071,2135413,51336,49467,330,49797,867
2020-09-10,San Diego,073,3302833,43680,41610,677,42287,725
2020-09-10,San Francisco,075,870044,10460,10082,22,10104,89
2020-09-10,San Joaquin,077,732212,19477,18854,43,18897,389
2020-09-10,San Luis Obispo,079,281455,3409,3161,16,3177,24
2020-09-10,San Mateo,081,765935,9433,8529,10,8539,125
2020-09-10,Santa Barbara,083,443738,8758,8552,71,8623,100
2020-09-10,Santa Clara,085,1922200,20458,18870,39,18909,231
2020-09-10,Santa Cruz,087,273765,2145,1986,17,2003,7
2020-09-10,Shasta,089,179085,696,566,3,569,10
2020-09-10,Sierra,091,2930,6,6,0,6,0
2020-09-10,Siskiyou,093,43540,151,137,9,146,0
2020-09-10,Solano,095,438530,5923,5696,39,5735,42
2020-09-10,Sonoma,097,501317,6797,6424,20,6444,91
2020-09-10,Stanislaus,099,539301,15992,15509,443,15952,243
2020-09-10,Sutter,101,95872,1569,1494,1,1495,11
2020-09-10,Tehama,103,63373,477,466,2,468,1
2020-09-10,Trinity,105,12862,52,15,7,22,0
2020-09-10,Tulare,107,460477,15546,14860,74,14934,250
2020-09-10,Tuolumne,109,53932,223,205,6,211,1
2020-09-10,Ventura,111,848112,12347,11600,123,11723,122
2020-09-10,Yolo,113,214977,2713,2612,7,2619,53
2020-09-10,Yuba,115,75493,1008,941,3,944,1
2020-09-09,Alameda,001,1643700,20196,19399,144,19543,289
2020-09-09,Alpine,003,1148,2,2,0,2,0
2020-09-09,Amador,005,37829,279,276,0,276,16
2020-09-09,Butte,007,227075,2735,2561,50,2611,37
2020-09-09,Calaveras,009,45235,299,242,0,242,1
2020-09-09,Colusa,011,21464,499,479,0,479,6
2020-09-09,Contra Costa,013,1133247,15791,14816,72,14888,171
2020-09-09,Del Norte,015,27424,121,109,0,109,1
2020-09-09,El Dorado,017,186661,1076,1020,8,1028,2
2020-09-09,Fresno,019,978130,29201,26724,332,27056,329
2020-09-09,Glenn,021,27897,531,508,0,508,3
2020-09-09,Humboldt,023,135768,462,420,1,421,4
2020-09-09,Imperial,025,180216,11499,10233,7,10240,268
2020-09-09,Inyo,027,18085,184,173,4,177,2
2020-09-09,Kern,029,883053,30847,29925,277,30202,355
2020-09-09,Kings,031,150075,7138,6721,31,6752,72
2020-09-09,Lake,033,64148,439,371,0,371,4
2020-09-09,Lassen,035,31185,732,714,2,716,0
2020-09-09,Los Angeles,037,10098052,253650,249876,1506,251382,6091
2020-09-09,Madera,039,155013,4233,3926,29,3955,43
2020-09-09,Marin,041,260295,6465,6321,15,6336,68
2020-09-09,Mariposa,043,17540,74,72,0,72,2
2020-09-09,Mendocino,045,87422,727,695,0,695,16
2020-09-09,Merced,047,269075,8554,8441,13,8454,107
2020-09-09,Modoc,049,8938,24,20,0,20,0
2020-09-09,Mono,051,14174,165,145,3,148,1
2020-09-09,Monterey,053,433212,8997,8527,18,8545,59
2020-09-09,Napa,055,140530,1582,1531,8,1539,11
2020-09-09,Nevada,057,99092,487,476,15,491,6
2020-09-09,Orange,059,3164182,52115,49394,1307,50701,1054
2020-09-09,Placer,061,380077,3379,3222,13,3235,36
2020-09-09,Plumas,063,18699,46,42,0,42,0
2020-09-09,Riverside,065,2383286,55838,54320,93,54413,1081
2020-09-09,Sacramento,067,1510023,20479,19474,21,19495,347
2020-09-09,San Benito,069,59416,1242,1199,0,1199,5
2020-09-09,San Bernardino,071,2135413,51137,49264,329,49593,866
2020-09-09,San Diego,073,3302833,43391,41326,665,41991,721
2020-09-09,San Francisco,075,870044,10410,9996,21,10017,86
2020-09-09,San Joaquin,077,732212,19414,18799,42,18841,388
2020-09-09,San Luis Obispo,079,281455,3391,3131,16,3147,24
2020-09-09,San Mateo,081,765935,9373,8478,10,8488,125
2020-09-09,Santa Barbara,083,443738,8715,8528,71,8599,97
2020-09-09,Santa Clara,085,1922200,20327,18759,39,18798,228
2020-09-09,Santa Cruz,087,273765,2122,1967,17,1984,7
2020-09-09,Shasta,089,179085,684,562,3,565,10
2020-09-09,Sierra,091,2930,6,6,0,6,0
2020-09-09,Siskiyou,093,43540,149,137,9,146,0
2020-09-09,Solano,095,438530,5891,5680,39,5719,36
2020-09-09,Sonoma,097,501317,6731,6397,20,6417,92
2020-09-09,Stanislaus,099,539301,15952,15469,432,15901,243
2020-09-09,Sutter,101,95872,1561,1487,1,1488,11
2020-09-09,Tehama,103,63373,474,462,2,464,1
2020-09-09,Trinity,105,12862,52,14,7,21,0
2020-09-09,Tulare,107,460477,15496,14787,69,14856,249
2020-09-09,Tuolumne,109,53932,222,204,5,209,1
2020-09-09,Ventura,111,848112,12256,11497,120,11617,121
2020-09-09,Yolo,113,214977,2702,2604,7,2611,53
2020-09-09,Yuba,115,75493,1003,936,3,939,1
2020-09-08,Alameda,001,1643700,20087,19293,144,19437,288
2020-09-08,Alpine,003,1148,2,2,0,2,0
2020-09-08,Amador,005,37829,279,276,0,276,16
2020-09-08,Butte,007,227075,2717,2453,50,2503,36
2020-09-08,Calaveras,009,45235,297,233,0,233,1
2020-09-08,Colusa,011,21464,497,475,0,475,6
2020-09-08,Contra Costa,013,1133247,15662,14740,69,14809,171
2020-09-08,Del Norte,015,27424,121,109,0,109,2
2020-09-08,El Dorado,017,186661,1073,1011,8,1019,2
2020-09-08,Fresno,019,978130,29083,26640,328,26968,329
2020-09-08,Glenn,021,27897,527,492,0,492,3
2020-09-08,Humboldt,023,135768,460,420,1,421,4
2020-09-08,Imperial,025,180216,11483,10198,7,10205,267
2020-09-08,Inyo,027,18085,184,169,4,173,2
2020-09-08,Kern,029,883053,30762,29850,274,30124,351
2020-09-08,Kings,031,150075,7100,6658,31,6689,72
2020-09-08,Lake,033,64148,428,370,0,370,4
2020-09-08,Lassen,035,31185,732,710,2,712,0
2020-09-08,Los Angeles,037,10098052,252718,249217,1477,250694,6034
2020-09-08,Madera,039,155013,4209,3904,29,3933,43
2020-09-08,Marin,041,260295,6434,6313,15,6328,68
2020-09-08,Mariposa,043,17540,74,72,0,72,2
2020-09-08,Mendocino,045,87422,720,690,0,690,16
2020-09-08,Merced,047,269075,8531,8381,13,8394,104
2020-09-08,Modoc,049,8938,24,20,0,20,0
2020-09-08,Mono,051,14174,165,145,3,148,1
2020-09-08,Monterey,053,433212,8912,8491,18,8509,59
2020-09-08,Napa,055,140530,1578,1518,8,1526,11
2020-09-08,Nevada,057,99092,487,470,15,485,6
2020-09-08,Orange,059,3164182,51973,49214,1303,50517,1044
2020-09-08,Placer,061,380077,3365,3205,13,3218,36
2020-09-08,Plumas,063,18699,46,42,0,42,0
2020-09-08,Riverside,065,2383286,55624,54168,90,54258,1069
2020-09-08,Sacramento,067,1510023,20244,19411,20,19431,347
2020-09-08,San Benito,069,59416,1235,1188,0,1188,5
2020-09-08,San Bernardino,071,2135413,50948,49034,327,49361,856
2020-09-08,San Diego,073,3302833,43075,41079,653,41732,709
2020-09-08,San Francisco,075,870044,10336,9821,21,9842,86
2020-09-08,San Joaquin,077,732212,19336,18550,42,18592,388
2020-09-08,San Luis Obispo,079,281455,3376,3120,16,3136,23
2020-09-08,San Mateo,081,765935,9297,8460,10,8470,125
2020-09-08,Santa Barbara,083,443738,8681,8488,70,8558,96
2020-09-08,Santa Clara,085,1922200,20150,18645,39,18684,228
2020-09-08,Santa Cruz,087,273765,2094,1903,17,1920,7
2020-09-08,Shasta,089,179085,676,556,3,559,10
2020-09-08,Sierra,091,2930,6,6,0,6,0
2020-09-08,Siskiyou,093,43540,147,136,9,145,0
2020-09-08,Solano,095,438530,5854,5654,39,5693,36
2020-09-08,Sonoma,097,501317,6662,6356,20,6376,92
2020-09-08,Stanislaus,099,539301,15888,15415,420,15835,238
2020-09-08,Sutter,101,95872,1545,1473,1,1474,11
2020-09-08,Tehama,103,63373,470,458,2,460,1
2020-09-08,Trinity,105,12862,51,13,7,20,0
2020-09-08,Tulare,107,460477,15416,14635,68,14703,249
2020-09-08,Tuolumne,109,53932,221,197,5,202,1
2020-09-08,Ventura,111,848112,12187,11475,117,11592,118
2020-09-08,Yolo,113,214977,2692,2580,7,2587,53
2020-09-08,Yuba,115,75493,991,923,3,926,1
2020-09-07,Alameda,001,1643700,19966,19188,138,19326,281
2020-09-07,Alpine,003,1148,2,2,0,2,0
2020-09-07,Amador,005,37829,279,276,0,276,16
2020-09-07,Butte,007,227075,2684,2450,49,2499,30
2020-09-07,Calaveras,009,45235,287,234,0,234,1
2020-09-07,Colusa,011,21464,496,475,0,475,6
2020-09-07,Contra Costa,013,1133247,15547,14637,66,14703,172
2020-09-07,Del Norte,015,27424,121,109,0,109,2
2020-09-07,El Dorado,017,186661,1062,1011,8,1019,2
2020-09-07,Fresno,019,978130,28989,26565,325,26890,329
2020-09-07,Glenn,021,27897,522,488,0,488,3
2020-09-07,Humboldt,023,135768,451,416,1,417,4
2020-09-07,Imperial,025,180216,11452,10199,7,10206,267
2020-09-07,Inyo,027,18085,184,169,4,173,2
2020-09-07,Kern,029,883053,30641,29790,269,30059,348
2020-09-07,Kings,031,150075,6976,6630,31,6661,72
2020-09-07,Lake,033,64148,405,367,0,367,2
2020-09-07,Lassen,035,31185,732,709,2,711,0
2020-09-07,Los Angeles,037,10098052,251671,248804,1456,250260,6030
2020-09-07,Madera,039,155013,4178,3889,28,3917,43
2020-09-07,Marin,041,260295,6404,6296,15,6311,67
2020-09-07,Mariposa,043,17540,74,72,0,72,2
2020-09-07,Mendocino,045,87422,712,687,0,687,16
2020-09-07,Merced,047,269075,8484,8381,13,8394,104
2020-09-07,Modoc,049,8938,23,20,0,20,0
2020-09-07,Mono,051,14174,165,145,3,148,1
2020-09-07,Monterey,053,433212,8833,8463,18,8481,57
2020-09-07,Napa,055,140530,1566,1514,8,1522,11
2020-09-07,Nevada,057,99092,485,469,15,484,6
2020-09-07,Orange,059,3164182,51799,49132,1299,50431,1042
2020-09-07,Placer,061,380077,3335,3188,12,3200,36
2020-09-07,Plumas,063,18699,45,42,0,42,0
2020-09-07,Riverside,065,2383286,55349,54178,84,54262,1069
2020-09-07,Sacramento,067,1510023,20002,19292,19,19311,345
2020-09-07,San Benito,069,59416,1229,1180,0,1180,4
2020-09-07,San Bernardino,071,2135413,50720,49043,325,49368,821
2020-09-07,San Diego,073,3302833,42675,40868,626,41494,708
2020-09-07,San Francisco,075,870044,10285,9813,20,9833,85
2020-09-07,San Joaquin,077,732212,19254,18552,40,18592,386
2020-09-07,San Luis Obispo,079,281455,3339,3116,16,3132,23
2020-09-07,San Mateo,081,765935,9215,8409,10,8419,125
2020-09-07,Santa Barbara,083,443738,8637,8479,70,8549,95
2020-09-07,Santa Clara,085,1922200,19994,18596,38,18634,226
2020-09-07,Santa Cruz,087,273765,2066,1902,17,1919,7
2020-09-07,Shasta,089,179085,666,556,3,559,10
2020-09-07,Sierra,091,2930,6,6,0,6,0
2020-09-07,Siskiyou,093,43540,146,133,9,142,0
2020-09-07,Solano,095,438530,5789,5640,39,5679,36
2020-09-07,Sonoma,097,501317,6596,6268,20,6288,85
2020-09-07,Stanislaus,099,539301,15823,15343,408,15751,236
2020-09-07,Sutter,101,95872,1528,1468,1,1469,11
2020-09-07,Tehama,103,63373,466,453,2,455,1
2020-09-07,Trinity,105,12862,51,13,7,20,0
2020-09-07,Tulare,107,460477,15309,14637,66,14703,249
2020-09-07,Tuolumne,109,53932,220,196,5,201,1
2020-09-07,Ventura,111,848112,12092,11463,114,11577,118
2020-09-07,Yolo,113,214977,2675,2565,6,2571,53
2020-09-07,Yuba,115,75493,975,923,3,926,1
2020-09-06,Alameda,001,1643700,19908,19029,136,19165,281
2020-09-06,Alpine,003,1148,2,2,0,2,0
2020-09-06,Amador,005,37829,277,275,0,275,16
2020-09-06,Butte,007,227075,2675,2446,49,2495,30
2020-09-06,Calaveras,009,45235,287,235,0,235,1
2020-09-06,Colusa,011,21464,492,475,0,475,6
2020-09-06,Contra Costa,013,1133247,15466,14565,65,14630,171
2020-09-06,Del Norte,015,27424,121,109,0,109,2
2020-09-06,El Dorado,017,186661,1060,1008,8,1016,2
2020-09-06,Fresno,019,978130,28925,26471,323,26794,329
2020-09-06,Glenn,021,27897,516,474,0,474,3
2020-09-06,Humboldt,023,135768,448,404,1,405,4
2020-09-06,Imperial,025,180216,11435,10152,7,10159,267
2020-09-06,Inyo,027,18085,184,169,4,173,2
2020-09-06,Kern,029,883053,30586,29699,265,29964,348
2020-09-06,Kings,031,150075,6956,6561,30,6591,72
2020-09-06,Lake,033,64148,402,362,0,362,2
2020-09-06,Lassen,035,31185,732,709,2,711,0
2020-09-06,Los Angeles,037,10098052,251038,248316,1442,249758,6004
2020-09-06,Madera,039,155013,4134,3867,28,3895,42
2020-09-06,Marin,041,260295,6392,6276,15,6291,67
2020-09-06,Mariposa,043,17540,74,72,0,72,2
2020-09-06,Mendocino,045,87422,711,672,0,672,16
2020-09-06,Merced,047,269075,8465,8327,13,8340,104
2020-09-06,Modoc,049,8938,23,20,0,20,0
2020-09-06,Mono,051,14174,164,145,3,148,1
2020-09-06,Monterey,053,433212,8793,8403,17,8420,56
2020-09-06,Napa,055,140530,1562,1501,6,1507,11
2020-09-06,Nevada,057,99092,485,467,14,481,6
2020-09-06,Orange,059,3164182,51686,48931,1295,50226,1042
2020-09-06,Placer,061,380077,3318,3169,12,3181,36
2020-09-06,Plumas,063,18699,44,42,0,42,0
2020-09-06,Riverside,065,2383286,55232,53970,82,54052,1069
2020-09-06,Sacramento,067,1510023,19906,19128,19,19147,340
2020-09-06,San Benito,069,59416,1227,1178,0,1178,4
2020-09-06,San Bernardino,071,2135413,50613,48923,325,49248,823
2020-09-06,San Diego,073,3302833,42427,40652,620,41272,707
2020-09-06,San Francisco,075,870044,10211,9813,20,9833,85
2020-09-06,San Joaquin,077,732212,19205,18558,40,18598,386
2020-09-06,San Luis Obispo,079,281455,3328,3101,16,3117,23
2020-09-06,San Mateo,081,765935,9162,8387,10,8397,125
2020-09-06,Santa Barbara,083,443738,8608,8434,70,8504,95
2020-09-06,Santa Clara,085,1922200,19892,18495,38,18533,207
2020-09-06,Santa Cruz,087,273765,2059,1902,17,1919,7
2020-09-06,Shasta,089,179085,660,550,3,553,10
2020-09-06,Sierra,091,2930,6,6,0,6,0
2020-09-06,Siskiyou,093,43540,146,132,9,141,0
2020-09-06,Solano,095,438530,5763,5619,39,5658,37
2020-09-06,Sonoma,097,501317,6567,6212,20,6232,85
2020-09-06,Stanislaus,099,539301,15779,15288,404,15692,236
2020-09-06,Sutter,101,95872,1515,1451,1,1452,11
2020-09-06,Tehama,103,63373,465,455,2,457,1
2020-09-06,Trinity,105,12862,50,13,7,20,0
2020-09-06,Tulare,107,460477,15266,14636,65,14701,249
2020-09-06,Tuolumne,109,53932,217,194,5,199,1
2020-09-06,Ventura,111,848112,12047,11315,114,11429,118
2020-09-06,Yolo,113,214977,2661,2556,6,2562,53
2020-09-06,Yuba,115,75493,966,913,3,916,1
2020-09-05,Alameda,001,1643700,19862,18973,134,19107,279
2020-09-05,Alpine,003,1148,2,2,0,2,0
2020-09-05,Amador,005,37829,277,274,0,274,16
2020-09-05,Butte,007,227075,2659,2406,48,2454,30
2020-09-05,Calaveras,009,45235,287,237,0,237,1
2020-09-05,Colusa,011,21464,488,472,0,472,6
2020-09-05,Contra Costa,013,1133247,15389,14456,63,14519,173
2020-09-05,Del Norte,015,27424,121,109,0,109,2
2020-09-05,El Dorado,017,186661,1060,1007,8,1015,2
2020-09-05,Fresno,019,978130,28858,26325,323,26648,331
2020-09-05,Glenn,021,27897,515,474,0,474,3
2020-09-05,Humboldt,023,135768,446,402,1,403,4
2020-09-05,Imperial,025,180216,11418,10151,7,10158,268
2020-09-05,Inyo,027,18085,184,169,4,173,2
2020-09-05,Kern,029,883053,30526,29645,261,29906,347
2020-09-05,Kings,031,150075,6947,6518,30,6548,66
2020-09-05,Lake,033,64148,399,359,0,359,2
2020-09-05,Lassen,035,31185,732,709,2,711,0
2020-09-05,Los Angeles,037,10098052,250503,247572,1430,249002,6001
2020-09-05,Madera,039,155013,4094,3851,28,3879,42
2020-09-05,Marin,041,260295,6384,6259,15,6274,66
2020-09-05,Mariposa,043,17540,74,72,0,72,2
2020-09-05,Mendocino,045,87422,710,658,0,658,16
2020-09-05,Merced,047,269075,8433,8297,11,8308,104
2020-09-05,Modoc,049,8938,23,19,0,19,0
2020-09-05,Mono,051,14174,164,145,3,148,1
2020-09-05,Monterey,053,433212,8763,8301,17,8318,56
2020-09-05,Napa,055,140530,1556,1484,6,1490,11
2020-09-05,Nevada,057,99092,482,461,14,475,6
2020-09-05,Orange,059,3164182,51585,48726,1290,50016,1039
2020-09-05,Placer,061,380077,3308,3141,12,3153,35
2020-09-05,Plumas,063,18699,44,42,0,42,0
2020-09-05,Riverside,065,2383286,55126,53780,82,53862,1066
2020-09-05,Sacramento,067,1510023,19816,18955,19,18974,339
2020-09-05,San Benito,069,59416,1225,1153,0,1153,4
2020-09-05,San Bernardino,071,2135413,50537,48800,324,49124,825
2020-09-05,San Diego,073,3302833,42234,40344,608,40952,717
2020-09-05,San Francisco,075,870044,10178,9812,19,9831,85
2020-09-05,San Joaquin,077,732212,19176,18557,40,18597,386
2020-09-05,San Luis Obispo,079,281455,3317,3083,16,3099,23
2020-09-05,San Mateo,081,765935,9117,8352,10,8362,124
2020-09-05,Santa Barbara,083,443738,8592,8404,70,8474,96
2020-09-05,Santa Clara,085,1922200,19811,18311,38,18349,207
2020-09-05,Santa Cruz,087,273765,2051,1904,17,1921,7
2020-09-05,Shasta,089,179085,659,544,3,547,10
2020-09-05,Sierra,091,2930,6,6,0,6,0
2020-09-05,Siskiyou,093,43540,145,131,9,140,0
2020-09-05,Solano,095,438530,5751,5579,39,5618,37
2020-09-05,Sonoma,097,501317,6534,6149,20,6169,85
2020-09-05,Stanislaus,099,539301,15731,15198,400,15598,236
2020-09-05,Sutter,101,95872,1508,1445,1,1446,11
2020-09-05,Tehama,103,63373,464,447,2,449,1
2020-09-05,Trinity,105,12862,50,13,7,20,0
2020-09-05,Tulare,107,460477,15208,14576,63,14639,249
2020-09-05,Tuolumne,109,53932,217,194,5,199,1
2020-09-05,Ventura,111,848112,12004,11254,114,11368,118
2020-09-05,Yolo,113,214977,2651,2534,6,2540,53
2020-09-05,Yuba,115,75493,960,902,3,905,1
2020-09-04,Alameda,001,1643700,19793,18843,133,18976,276
2020-09-04,Alpine,003,1148,2,2,0,2,0
2020-09-04,Amador,005,37829,276,274,0,274,16
2020-09-04,Butte,007,227075,2636,2325,48,2373,28
2020-09-04,Calaveras,009,45235,285,237,0,237,1
2020-09-04,Colusa,011,21464,486,467,0,467,6
2020-09-04,Contra Costa,013,1133247,15305,14355,62,14417,164
2020-09-04,Del Norte,015,27424,121,109,0,109,2
2020-09-04,El Dorado,017,186661,1056,992,8,1000,2
2020-09-04,Fresno,019,978130,28752,26147,322,26469,321
2020-09-04,Glenn,021,27897,507,463,0,463,3
2020-09-04,Humboldt,023,135768,441,390,1,391,4
2020-09-04,Imperial,025,180216,11409,10136,7,10143,267
2020-09-04,Inyo,027,18085,184,169,4,173,2
2020-09-04,Kern,029,883053,30458,29526,258,29784,345
2020-09-04,Kings,031,150075,6934,6259,30,6289,66
2020-09-04,Lake,033,64148,399,347,0,347,2
2020-09-04,Lassen,035,31185,732,708,2,710,0
2020-09-04,Los Angeles,037,10098052,249935,246396,1410,247806,5977
2020-09-04,Madera,039,155013,4081,3838,28,3866,42
2020-09-04,Marin,041,260295,6372,6251,15,6266,66
2020-09-04,Mariposa,043,17540,74,72,0,72,2
2020-09-04,Mendocino,045,87422,708,646,0,646,16
2020-09-04,Merced,047,269075,8413,8214,11,8225,104
2020-09-04,Modoc,049,8938,23,15,0,15,0
2020-09-04,Mono,051,14174,164,145,3,148,1
2020-09-04,Monterey,053,433212,8718,8208,17,8225,56
2020-09-04,Napa,055,140530,1547,1475,6,1481,11
2020-09-04,Nevada,057,99092,479,455,14,469,6
2020-09-04,Orange,059,3164182,51461,48488,1283,49771,1031
2020-09-04,Placer,061,380077,3296,3101,12,3113,35
2020-09-04,Plumas,063,18699,44,42,0,42,0
2020-09-04,Riverside,065,2383286,55013,53606,77,53683,1066
2020-09-04,Sacramento,067,1510023,19728,18765,19,18784,337
2020-09-04,San Benito,069,59416,1216,1137,0,1137,4
2020-09-04,San Bernardino,071,2135413,50444,48497,322,48819,800
2020-09-04,San Diego,073,3302833,42004,39901,599,40500,701
2020-09-04,San Francisco,075,870044,10138,9694,18,9712,85
2020-09-04,San Joaquin,077,732212,19122,18438,40,18478,376
2020-09-04,San Luis Obispo,079,281455,3302,3049,15,3064,21
2020-09-04,San Mateo,081,765935,9073,8275,10,8285,122
2020-09-04,Santa Barbara,083,443738,8562,8340,70,8410,96
2020-09-04,Santa Clara,085,1922200,19701,18074,38,18112,209
2020-09-04,Santa Cruz,087,273765,2034,1896,16,1912,7
2020-09-04,Shasta,089,179085,656,536,3,539,10
2020-09-04,Sierra,091,2930,6,6,0,6,0
2020-09-04,Siskiyou,093,43540,145,129,9,138,0
2020-09-04,Solano,095,438530,5738,5552,39,5591,37
2020-09-04,Sonoma,097,501317,6469,6050,20,6070,85
2020-09-04,Stanislaus,099,539301,15698,15074,391,15465,233
2020-09-04,Sutter,101,95872,1492,1425,1,1426,11
2020-09-04,Tehama,103,63373,460,442,2,444,1
2020-09-04,Trinity,105,12862,50,13,7,20,0
2020-09-04,Tulare,107,460477,15180,14501,60,14561,247
2020-09-04,Tuolumne,109,53932,217,193,5,198,1
2020-09-04,Ventura,111,848112,11962,11171,114,11285,114
2020-09-04,Yolo,113,214977,2637,2495,6,2501,53
2020-09-04,Yuba,115,75493,955,884,3,887,1
2020-09-03,Alameda,001,1643700,19690,18687,133,18820,275
2020-09-03,Alpine,003,1148,2,2,0,2,0
2020-09-03,Amador,005,37829,276,274,0,274,16
2020-09-03,Butte,007,227075,2592,2274,48,2322,27
2020-09-03,Calaveras,009,45235,284,238,0,238,1
2020-09-03,Colusa,011,21464,484,464,0,464,6
2020-09-03,Contra Costa,013,1133247,15197,14206,59,14265,159
2020-09-03,Del Norte,015,27424,118,109,0,109,2
2020-09-03,El Dorado,017,186661,1052,983,8,991,2
2020-09-03,Fresno,019,978130,28633,25978,317,26295,313
2020-09-03,Glenn,021,27897,503,460,0,460,3
2020-09-03,Humboldt,023,135768,436,390,1,391,4
2020-09-03,Imperial,025,180216,11388,10083,7,10090,255
2020-09-03,Inyo,027,18085,182,171,4,175,3
2020-09-03,Kern,029,883053,30366,29426,244,29670,340
2020-09-03,Kings,031,150075,6854,6200,30,6230,64
2020-09-03,Lake,033,64148,390,347,0,347,2
2020-09-03,Lassen,035,31185,732,707,2,709,0
2020-09-03,Los Angeles,037,10098052,249072,245026,1390,246416,5931
2020-09-03,Madera,039,155013,4062,3780,28,3808,43
2020-09-03,Marin,041,260295,6353,6175,15,6190,66
2020-09-03,Mariposa,043,17540,74,71,0,71,2
2020-09-03,Mendocino,045,87422,699,638,0,638,16
2020-09-03,Merced,047,269075,8371,8136,11,8147,105
2020-09-03,Modoc,049,8938,23,14,0,14,0
2020-09-03,Mono,051,14174,163,144,3,147,1
2020-09-03,Monterey,053,433212,8664,8128,17,8145,56
2020-09-03,Napa,055,140530,1540,1466,6,1472,10
2020-09-03,Nevada,057,99092,476,453,14,467,6
2020-09-03,Orange,059,3164182,51275,48226,1269,49495,1009
2020-09-03,Placer,061,380077,3278,3069,12,3081,34
2020-09-03,Plumas,063,18699,44,39,0,39,0
2020-09-03,Riverside,065,2383286,54833,53341,73,53414,1052
2020-09-03,Sacramento,067,1510023,19600,18553,18,18571,328
2020-09-03,San Benito,069,59416,1205,1121,0,1121,4
2020-09-03,San Bernardino,071,2135413,50278,48165,321,48486,800
2020-09-03,San Diego,073,3302833,41690,39448,583,40031,700
2020-09-03,San Francisco,075,870044,10073,9636,16,9652,84
2020-09-03,San Joaquin,077,732212,19044,18331,40,18371,371
2020-09-03,San Luis Obispo,079,281455,3285,3023,15,3038,21
2020-09-03,San Mateo,081,765935,8999,8211,10,8221,122
2020-09-03,Santa Barbara,083,443738,8515,8277,70,8347,96
2020-09-03,Santa Clara,085,1922200,19520,17879,38,17917,208
2020-09-03,Santa Cruz,087,273765,2019,1870,16,1886,7
2020-09-03,Shasta,089,179085,651,535,3,538,10
2020-09-03,Sierra,091,2930,6,6,0,6,0
2020-09-03,Siskiyou,093,43540,145,128,9,137,0
2020-09-03,Solano,095,438530,5718,5499,38,5537,36
2020-09-03,Sonoma,097,501317,6407,5997,20,6017,62
2020-09-03,Stanislaus,099,539301,15646,14985,387,15372,217
2020-09-03,Sutter,101,95872,1482,1412,1,1413,11
2020-09-03,Tehama,103,63373,456,436,2,438,1
2020-09-03,Trinity,105,12862,48,13,7,20,0
2020-09-03,Tulare,107,460477,15114,14408,59,14467,244
2020-09-03,Tuolumne,109,53932,217,193,5,198,1
2020-09-03,Ventura,111,848112,11844,11109,111,11220,112
2020-09-03,Yolo,113,214977,2621,2475,6,2481,53
2020-09-03,Yuba,115,75493,948,867,3,870,1
2020-09-02,Alameda,001,1643700,19572,18522,130,18652,260
2020-09-02,Alpine,003,1148,2,2,0,2,0
2020-09-02,Amador,005,37829,276,245,0,245,14
2020-09-02,Butte,007,227075,2546,2241,48,2289,27
2020-09-02,Calaveras,009,45235,283,235,0,235,1
2020-09-02,Colusa,011,21464,480,460,0,460,6
2020-09-02,Contra Costa,013,1133247,15108,14097,57,14154,159
2020-09-02,Del Norte,015,27424,117,109,0,109,2
2020-09-02,El Dorado,017,186661,1048,975,7,982,2
2020-09-02,Fresno,019,978130,28486,25785,314,26099,292
2020-09-02,Glenn,021,27897,498,457,0,457,3
2020-09-02,Humboldt,023,135768,433,381,1,382,4
2020-09-02,Imperial,025,180216,11372,9832,7,9839,255
2020-09-02,Inyo,027,18085,182,171,4,175,3
2020-09-02,Kern,029,883053,30274,29288,238,29526,335
2020-09-02,Kings,031,150075,6769,6142,30,6172,64
2020-09-02,Lake,033,64148,386,342,0,342,2
2020-09-02,Lassen,035,31185,730,706,2,708,0
2020-09-02,Los Angeles,037,10098052,248141,243999,1362,245361,5887
2020-09-02,Madera,039,155013,4042,3735,28,3763,41
2020-09-02,Marin,041,260295,6338,6131,15,6146,66
2020-09-02,Mariposa,043,17540,74,71,0,71,2
2020-09-02,Mendocino,045,87422,689,636,0,636,15
2020-09-02,Merced,047,269075,8340,8097,10,8107,103
2020-09-02,Modoc,049,8938,22,11,0,11,0
2020-09-02,Mono,051,14174,163,145,3,148,1
2020-09-02,Monterey,053,433212,8600,8070,17,8087,56
2020-09-02,Napa,055,140530,1528,1454,6,1460,10
2020-09-02,Nevada,057,99092,470,452,13,465,6
2020-09-02,Orange,059,3164182,51094,47871,1259,49130,994
2020-09-02,Placer,061,380077,3253,3047,11,3058,33
2020-09-02,Plumas,063,18699,44,39,0,39,0
2020-09-02,Riverside,065,2383286,54631,52923,70,52993,1032
2020-09-02,Sacramento,067,1510023,19365,18355,17,18372,316
2020-09-02,San Benito,069,59416,1192,1107,0,1107,4
2020-09-02,San Bernardino,071,2135413,50115,47766,318,48084,794
2020-09-02,San Diego,073,3302833,41370,39123,569,39692,695
2020-09-02,San Francisco,075,870044,10004,9587,16,9603,84
2020-09-02,San Joaquin,077,732212,18963,18194,39,18233,352
2020-09-02,San Luis Obispo,079,281455,3259,3002,14,3016,21
2020-09-02,San Mateo,081,765935,8942,8148,10,8158,122
2020-09-02,Santa Barbara,083,443738,8460,8206,69,8275,94
2020-09-02,Santa Clara,085,1922200,19364,17673,38,17711,206
2020-09-02,Santa Cruz,087,273765,1996,1850,16,1866,7
2020-09-02,Shasta,089,179085,650,531,3,534,10
2020-09-02,Sierra,091,2930,6,6,0,6,0
2020-09-02,Siskiyou,093,43540,144,127,9,136,0
2020-09-02,Solano,095,438530,5690,5463,38,5501,36
2020-09-02,Sonoma,097,501317,6345,5846,20,5866,62
2020-09-02,Stanislaus,099,539301,15576,14854,380,15234,220
2020-09-02,Sutter,101,95872,1467,1401,1,1402,10
2020-09-02,Tehama,103,63373,453,429,2,431,1
2020-09-02,Trinity,105,12862,48,13,7,20,0
2020-09-02,Tulare,107,460477,15048,14298,59,14357,244
2020-09-02,Tuolumne,109,53932,217,190,5,195,1
2020-09-02,Ventura,111,848112,11757,11031,110,11141,111
2020-09-02,Yolo,113,214977,2599,2449,6,2455,54
2020-09-02,Yuba,115,75493,941,856,3,859,1
2020-09-01,Alameda,001,1643700,19433,18382,127,18509,248
2020-09-01,Alpine,003,1148,2,2,0,2,0
2020-09-01,Amador,005,37829,275,244,0,244,13
2020-09-01,Butte,007,227075,2489,2146,47,2193,26
2020-09-01,Calaveras,009,45235,275,228,0,228,1
2020-09-01,Colusa,011,21464,476,454,0,454,6
2020-09-01,Contra Costa,013,1133247,15015,13998,55,14053,158
2020-09-01,Del Norte,015,27424,116,108,0,108,2
2020-09-01,El Dorado,017,186661,1040,972,7,979,2
2020-09-01,Fresno,019,978130,28342,25542,312,25854,290
2020-09-01,Glenn,021,27897,491,449,0,449,3
2020-09-01,Humboldt,023,135768,427,378,1,379,4
2020-09-01,Imperial,025,180216,11346,9782,7,9789,250
2020-09-01,Inyo,027,18085,182,171,4,175,3
2020-09-01,Kern,029,883053,30183,29162,233,29395,332
2020-09-01,Kings,031,150075,6738,6088,30,6118,62
2020-09-01,Lake,033,64148,383,341,0,341,2
2020-09-01,Lassen,035,31185,727,706,2,708,0
2020-09-01,Los Angeles,037,10098052,247050,242633,1339,243972,5832
2020-09-01,Madera,039,155013,4013,3703,27,3730,41
2020-09-01,Marin,041,260295,6323,6102,15,6117,67
2020-09-01,Mariposa,043,17540,73,72,0,72,2
2020-09-01,Mendocino,045,87422,674,626,0,626,15
2020-09-01,Merced,047,269075,8287,8046,9,8055,103
2020-09-01,Modoc,049,8938,20,10,0,10,0
2020-09-01,Mono,051,14174,163,145,3,148,1
2020-09-01,Monterey,053,433212,8494,7926,17,7943,56
2020-09-01,Napa,055,140530,1513,1446,6,1452,10
2020-09-01,Nevada,057,99092,464,450,13,463,6
2020-09-01,Orange,059,3164182,50930,47671,1240,48911,976
2020-09-01,Placer,061,380077,3231,3013,11,3024,33
2020-09-01,Plumas,063,18699,44,39,0,39,0
2020-09-01,Riverside,065,2383286,54414,52785,69,52854,1027
2020-09-01,Sacramento,067,1510023,19181,18217,16,18233,305
2020-09-01,San Benito,069,59416,1180,1089,0,1089,4
2020-09-01,San Bernardino,071,2135413,49908,47371,317,47688,786
2020-09-01,San Diego,073,3302833,41012,38873,531,39404,688
2020-09-01,San Francisco,075,870044,9935,9492,16,9508,83
2020-09-01,San Joaquin,077,732212,18882,17915,38,17953,341
2020-09-01,San Luis Obispo,079,281455,3233,2970,14,2984,21
2020-09-01,San Mateo,081,765935,8862,8132,10,8142,122
2020-09-01,Santa Barbara,083,443738,8410,8142,68,8210,93
2020-09-01,Santa Clara,085,1922200,19185,17319,38,17357,204
2020-09-01,Santa Cruz,087,273765,1972,1752,16,1768,7
2020-09-01,Shasta,089,179085,642,527,3,530,9
2020-09-01,Sierra,091,2930,6,6,0,6,0
2020-09-01,Siskiyou,093,43540,141,128,8,136,0
2020-09-01,Solano,095,438530,5664,5438,38,5476,34
2020-09-01,Sonoma,097,501317,6255,5733,20,5753,60
2020-09-01,Stanislaus,099,539301,15500,14784,370,15154,212
2020-09-01,Sutter,101,95872,1456,1389,1,1390,10
2020-09-01,Tehama,103,63373,450,422,2,424,1
2020-09-01,Trinity,105,12862,47,13,6,19,0
2020-09-01,Tulare,107,460477,14964,14156,59,14215,241
2020-09-01,Tuolumne,109,53932,211,183,5,188,1
2020-09-01,Ventura,111,848112,11679,10899,105,11004,108
2020-09-01,Yolo,113,214977,2583,2440,6,2446,51
2020-09-01,Yuba,115,75493,932,841,3,844,1
2020-08-31,Alameda,001,1643700,19287,18148,127,18275,248
2020-08-31,Alpine,003,1148,2,2,0,2,0
2020-08-31,Amador,005,37829,275,243,0,243,13
2020-08-31,Butte,007,227075,2425,2069,47,2116,26
2020-08-31,Calaveras,009,45235,270,212,0,212,1
2020-08-31,Colusa,011,21464,475,443,0,443,6
2020-08-31,Contra Costa,013,1133247,14889,13902,52,13954,153
2020-08-31,Del Norte,015,27424,116,108,0,108,2
2020-08-31,El Dorado,017,186661,1033,965,7,972,2
2020-08-31,Fresno,019,978130,28121,25185,306,25491,290
2020-08-31,Glenn,021,27897,479,437,0,437,3
2020-08-31,Humboldt,023,135768,425,374,1,375,4
2020-08-31,Imperial,025,180216,11315,9759,7,9766,250
2020-08-31,Inyo,027,18085,181,160,4,164,3
2020-08-31,Kern,029,883053,30085,29067,232,29299,318
2020-08-31,Kings,031,150075,6471,6037,30,6067,62
2020-08-31,Lake,033,64148,367,341,0,341,2
2020-08-31,Lassen,035,31185,724,706,2,708,0
2020-08-31,Los Angeles,037,10098052,245943,241793,1312,243105,5787
2020-08-31,Madera,039,155013,3990,3662,26,3688,35
2020-08-31,Marin,041,260295,6287,6074,15,6089,67
2020-08-31,Mariposa,043,17540,73,69,0,69,2
2020-08-31,Mendocino,045,87422,662,618,0,618,15
2020-08-31,Merced,047,269075,8225,7991,9,8000,79
2020-08-31,Modoc,049,8938,18,10,0,10,0
2020-08-31,Mono,051,14174,163,145,3,148,1
2020-08-31,Monterey,053,433212,8387,7839,17,7856,56
2020-08-31,Napa,055,140530,1505,1434,6,1440,10
2020-08-31,Nevada,057,99092,462,447,13,460,6
2020-08-31,Orange,059,3164182,50731,47392,1212,48604,965
2020-08-31,Placer,061,380077,3182,2989,11,3000,33
2020-08-31,Plumas,063,18699,43,39,0,39,0
2020-08-31,Riverside,065,2383286,54192,52508,67,52575,1020
2020-08-31,Sacramento,067,1510023,18940,17999,16,18015,303
2020-08-31,San Benito,069,59416,1164,1080,0,1080,4
2020-08-31,San Bernardino,071,2135413,49696,47370,316,47686,755
2020-08-31,San Diego,073,3302833,40645,38606,498,39104,682
2020-08-31,San Francisco,075,870044,9856,9293,13,9306,83
2020-08-31,San Joaquin,077,732212,18795,17807,37,17844,338
2020-08-31,San Luis Obispo,079,281455,3210,2951,13,2964,21
2020-08-31,San Mateo,081,765935,8792,8065,10,8075,122
2020-08-31,Santa Barbara,083,443738,8365,8124,68,8192,94
2020-08-31,Santa Clara,085,1922200,18997,17211,38,17249,202
2020-08-31,Santa Cruz,087,273765,1947,1742,16,1758,7
2020-08-31,Shasta,089,179085,637,528,3,531,9
2020-08-31,Sierra,091,2930,6,6,0,6,0
2020-08-31,Siskiyou,093,43540,140,127,8,135,0
2020-08-31,Solano,095,438530,5632,5302,37,5339,34
2020-08-31,Sonoma,097,501317,6180,5650,20,5670,60
2020-08-31,Stanislaus,099,539301,15426,14685,361,15046,213
2020-08-31,Sutter,101,95872,1441,1365,1,1366,10
2020-08-31,Tehama,103,63373,447,421,2,423,1
2020-08-31,Trinity,105,12862,47,13,6,19,0
2020-08-31,Tulare,107,460477,14877,13985,57,14042,237
2020-08-31,Tuolumne,109,53932,211,178,5,183,1
2020-08-31,Ventura,111,848112,11591,10866,104,10970,108
2020-08-31,Yolo,113,214977,2565,2423,5,2428,51
2020-08-31,Yuba,115,75493,918,830,3,833,1
2020-08-30,Alameda,001,1643700,19162,18099,125,18224,248
2020-08-30,Alpine,003,1148,2,2,0,2,0
2020-08-30,Amador,005,37829,274,240,0,240,13
2020-08-30,Butte,007,227075,2345,1988,47,2035,26
2020-08-30,Calaveras,009,45235,261,211,0,211,1
2020-08-30,Colusa,011,21464,474,440,0,440,6
2020-08-30,Contra Costa,013,1133247,14751,13780,52,13832,150
2020-08-30,Del Norte,015,27424,115,108,0,108,2
2020-08-30,El Dorado,017,186661,1023,962,7,969,2
2020-08-30,Fresno,019,978130,27995,24963,305,25268,291
2020-08-30,Glenn,021,27897,472,437,0,437,3
2020-08-30,Humboldt,023,135768,414,362,1,363,4
2020-08-30,Imperial,025,180216,11296,9703,7,9710,250
2020-08-30,Inyo,027,18085,181,160,4,164,3
2020-08-30,Kern,029,883053,29992,28987,232,29219,317
2020-08-30,Kings,031,150075,6425,6000,30,6030,62
2020-08-30,Lake,033,64148,362,334,0,334,2
2020-08-30,Lassen,035,31185,722,706,2,708,0
2020-08-30,Los Angeles,037,10098052,244805,240775,1280,242055,5772
2020-08-30,Madera,039,155013,3962,3626,26,3652,33
2020-08-30,Marin,041,260295,6257,6060,15,6075,66
2020-08-30,Mariposa,043,17540,73,69,0,69,2
2020-08-30,Mendocino,045,87422,656,611,0,611,13
2020-08-30,Merced,047,269075,8150,7960,9,7969,79
2020-08-30,Modoc,049,8938,13,10,0,10,0
2020-08-30,Mono,051,14174,163,145,3,148,1
2020-08-30,Monterey,053,433212,8303,7816,17,7833,54
2020-08-30,Napa,055,140530,1493,1423,6,1429,10
2020-08-30,Nevada,057,99092,459,445,13,458,6
2020-08-30,Orange,059,3164182,50534,47283,1198,48481,965
2020-08-30,Placer,061,380077,3149,2961,11,2972,32
2020-08-30,Plumas,063,18699,42,39,0,39,0
2020-08-30,Riverside,065,2383286,54013,52227,66,52293,1017
2020-08-30,Sacramento,067,1510023,18763,17751,16,17767,300
2020-08-30,San Benito,069,59416,1154,1071,0,1071,4
2020-08-30,San Bernardino,071,2135413,49439,47201,316,47517,755
2020-08-30,San Diego,073,3302833,40247,38302,477,38779,682
2020-08-30,San Francisco,075,870044,9759,9294,10,9304,83
2020-08-30,San Joaquin,077,732212,18678,17637,36,17673,338
2020-08-30,San Luis Obispo,079,281455,3185,2934,13,2947,21
2020-08-30,San Mateo,081,765935,8715,8013,10,8023,122
2020-08-30,Santa Barbara,083,443738,8306,8088,68,8156,93
2020-08-30,Santa Clara,085,1922200,18823,17045,38,17083,202
2020-08-30,Santa Cruz,087,273765,1921,1743,16,1759,7
2020-08-30,Shasta,089,179085,634,525,3,528,9
2020-08-30,Sierra,091,2930,6,6,0,6,0
2020-08-30,Siskiyou,093,43540,138,125,8,133,0
2020-08-30,Solano,095,438530,5589,5303,37,5340,34
2020-08-30,Sonoma,097,501317,6120,5590,20,5610,60
2020-08-30,Stanislaus,099,539301,15354,14580,352,14932,209
2020-08-30,Sutter,101,95872,1420,1351,1,1352,10
2020-08-30,Tehama,103,63373,437,419,2,421,1
2020-08-30,Trinity,105,12862,47,13,6,19,0
2020-08-30,Tulare,107,460477,14782,13985,56,14041,236
2020-08-30,Tuolumne,109,53932,207,178,5,183,1
2020-08-30,Ventura,111,848112,11478,10775,99,10874,108
2020-08-30,Yolo,113,214977,2537,2391,4,2395,51
2020-08-30,Yuba,115,75493,904,832,3,835,1
2020-08-29,Alameda,001,1643700,19095,17888,125,18013,250
2020-08-29,Alpine,003,1148,2,2,0,2,0
2020-08-29,Amador,005,37829,274,239,0,239,13
2020-08-29,Butte,007,227075,2314,1948,47,1995,26
2020-08-29,Calaveras,009,45235,257,211,0,211,1
2020-08-29,Colusa,011,21464,471,440,0,440,6
2020-08-29,Contra Costa,013,1133247,14678,13663,51,13714,159
2020-08-29,Del Norte,015,27424,115,108,0,108,1
2020-08-29,El Dorado,017,186661,1020,958,7,965,2
2020-08-29,Fresno,019,978130,27940,24821,305,25126,291
2020-08-29,Glenn,021,27897,466,437,0,437,3
2020-08-29,Humboldt,023,135768,411,363,1,364,4
2020-08-29,Imperial,025,180216,11281,9698,7,9705,250
2020-08-29,Inyo,027,18085,181,160,4,164,3
2020-08-29,Kern,029,883053,29952,28947,231,29178,317
2020-08-29,Kings,031,150075,6410,5906,30,5936,62
2020-08-29,Lake,033,64148,361,329,0,329,2
2020-08-29,Lassen,035,31185,722,706,2,708,0
2020-08-29,Los Angeles,037,10098052,244176,239815,1267,241082,5762
2020-08-29,Madera,039,155013,3953,3605,25,3630,33
2020-08-29,Marin,041,260295,6245,6007,15,6022,64
2020-08-29,Mariposa,043,17540,73,69,0,69,2
2020-08-29,Mendocino,045,87422,652,596,0,596,13
2020-08-29,Merced,047,269075,8120,7867,9,7876,79
2020-08-29,Modoc,049,8938,13,9,0,9,0
2020-08-29,Mono,051,14174,163,145,3,148,1
2020-08-29,Monterey,053,433212,8258,7680,17,7697,53
2020-08-29,Napa,055,140530,1490,1413,6,1419,10
2020-08-29,Nevada,057,99092,459,442,13,455,5
2020-08-29,Orange,059,3164182,50423,47007,1188,48195,960
2020-08-29,Placer,061,380077,3132,2935,11,2946,32
2020-08-29,Plumas,063,18699,41,39,0,39,0
2020-08-29,Riverside,065,2383286,53901,51918,64,51982,1016
2020-08-29,Sacramento,067,1510023,18692,17588,16,17604,291
2020-08-29,San Benito,069,59416,1145,1045,0,1045,4
2020-08-29,San Bernardino,071,2135413,49324,46849,316,47165,755
2020-08-29,San Diego,073,3302833,39981,38049,459,38508,694
2020-08-29,San Francisco,075,870044,9731,9291,9,9300,83
2020-08-29,San Joaquin,077,732212,18634,17493,36,17529,335
2020-08-29,San Luis Obispo,079,281455,3160,2917,13,2930,21
2020-08-29,San Mateo,081,765935,8673,7928,10,7938,122
2020-08-29,Santa Barbara,083,443738,8279,8052,67,8119,93
2020-08-29,Santa Clara,085,1922200,18723,16898,37,16935,202
2020-08-29,Santa Cruz,087,273765,1909,1746,16,1762,7
2020-08-29,Shasta,089,179085,626,522,3,525,9
2020-08-29,Sierra,091,2930,6,6,0,6,0
2020-08-29,Siskiyou,093,43540,138,121,8,129,0
2020-08-29,Solano,095,438530,5568,5303,37,5340,34
2020-08-29,Sonoma,097,501317,6085,5537,20,5557,60
2020-08-29,Stanislaus,099,539301,15305,14479,342,14821,208
2020-08-29,Sutter,101,95872,1415,1333,1,1334,9
2020-08-29,Tehama,103,63373,436,417,2,419,1
2020-08-29,Trinity,105,12862,46,11,6,17,0
2020-08-29,Tulare,107,460477,14744,13890,55,13945,236
2020-08-29,Tuolumne,109,53932,207,178,5,183,1
2020-08-29,Ventura,111,848112,11436,10705,99,10804,108
2020-08-29,Yolo,113,214977,2519,2357,4,2361,51
2020-08-29,Yuba,115,75493,895,822,3,825,1
2020-08-28,Alameda,001,1643700,19012,17729,124,17853,237
2020-08-28,Alpine,003,1148,2,2,0,2,0
2020-08-28,Amador,005,37829,274,234,0,234,13
2020-08-28,Butte,007,227075,2284,1886,47,1933,25
2020-08-28,Calaveras,009,45235,255,207,0,207,1
2020-08-28,Colusa,011,21464,470,441,0,441,6
2020-08-28,Contra Costa,013,1133247,14607,13522,50,13572,158
2020-08-28,Del Norte,015,27424,115,107,0,107,1
2020-08-28,El Dorado,017,186661,1014,949,7,956,2
2020-08-28,Fresno,019,978130,27805,24612,305,24917,282
2020-08-28,Glenn,021,27897,459,429,0,429,3
2020-08-28,Humboldt,023,135768,407,362,1,363,4
2020-08-28,Imperial,025,180216,11267,9656,7,9663,241
2020-08-28,Inyo,027,18085,180,160,4,164,2
2020-08-28,Kern,029,883053,29904,28744,231,28975,306
2020-08-28,Kings,031,150075,6403,5829,29,5858,62
2020-08-28,Lake,033,64148,356,320,0,320,2
2020-08-28,Lassen,035,31185,722,704,2,706,0
2020-08-28,Los Angeles,037,10098052,243363,238544,1242,239786,5740
2020-08-28,Madera,039,155013,3934,3552,25,3577,33
2020-08-28,Marin,041,260295,6223,5991,15,6006,63
2020-08-28,Mariposa,043,17540,73,67,0,67,2
2020-08-28,Mendocino,045,87422,647,588,0,588,11
2020-08-28,Merced,047,269075,8090,7803,9,7812,77
2020-08-28,Modoc,049,8938,13,6,0,6,0
2020-08-28,Mono,051,14174,163,145,3,148,1
2020-08-28,Monterey,053,433212,8201,7591,17,7608,53
2020-08-28,Napa,055,140530,1482,1403,5,1408,10
2020-08-28,Nevada,057,99092,458,438,13,451,5
2020-08-28,Orange,059,3164182,50323,46696,1173,47869,942
2020-08-28,Placer,061,380077,3122,2891,11,2902,32
2020-08-28,Plumas,063,18699,41,39,0,39,0
2020-08-28,Riverside,065,2383286,53770,51510,60,51570,1008
2020-08-28,Sacramento,067,1510023,18594,17119,16,17135,283
2020-08-28,San Benito,069,59416,1129,1016,0,1016,3
2020-08-28,San Bernardino,071,2135413,49205,46553,312,46865,754
2020-08-28,San Diego,073,3302833,39751,37786,444,38230,676
2020-08-28,San Francisco,075,870044,9679,9135,9,9144,83
2020-08-28,San Joaquin,077,732212,18581,17114,35,17149,314
2020-08-28,San Luis Obispo,079,281455,3143,2849,13,2862,20
2020-08-28,San Mateo,081,765935,8627,7783,9,7792,121
2020-08-28,Santa Barbara,083,443738,8247,8001,67,8068,92
2020-08-28,Santa Clara,085,1922200,18596,16696,37,16733,201
2020-08-28,Santa Cruz,087,273765,1897,1747,16,1763,7
2020-08-28,Shasta,089,179085,622,516,3,519,9
2020-08-28,Sierra,091,2930,6,6,0,6,0
2020-08-28,Siskiyou,093,43540,136,119,8,127,0
2020-08-28,Solano,095,438530,5549,5219,37,5256,34
2020-08-28,Sonoma,097,501317,6050,5425,19,5444,58
2020-08-28,Stanislaus,099,539301,15262,14176,338,14514,190
2020-08-28,Sutter,101,95872,1405,1308,1,1309,9
2020-08-28,Tehama,103,63373,431,410,2,412,1
2020-08-28,Trinity,105,12862,46,11,6,17,0
2020-08-28,Tulare,107,460477,14699,13776,55,13831,236
2020-08-28,Tuolumne,109,53932,207,176,5,181,1
2020-08-28,Ventura,111,848112,11400,10606,97,10703,103
2020-08-28,Yolo,113,214977,2510,2323,4,2327,51
2020-08-28,Yuba,115,75493,886,810,3,813,1
2020-08-27,Alameda,001,1643700,18867,17584,121,17705,234
2020-08-27,Alpine,003,1148,2,2,0,2,0
2020-08-27,Amador,005,37829,273,233,0,233,13
2020-08-27,Butte,007,227075,2218,1803,46,1849,25
2020-08-27,Calaveras,009,45235,250,204,0,204,1
2020-08-27,Colusa,011,21464,468,438,0,438,6
2020-08-27,Contra Costa,013,1133247,14507,13379,49,13428,158
2020-08-27,Del Norte,015,27424,115,107,0,107,1
2020-08-27,El Dorado,017,186661,1010,942,7,949,2
2020-08-27,Fresno,019,978130,27625,24367,300,24667,272
2020-08-27,Glenn,021,27897,451,429,0,429,3
2020-08-27,Humboldt,023,135768,399,358,1,359,4
2020-08-27,Imperial,025,180216,11240,9608,7,9615,235
2020-08-27,Inyo,027,18085,180,157,3,160,2
2020-08-27,Kern,029,883053,29833,28635,222,28857,294
2020-08-27,Kings,031,150075,6381,5759,29,5788,62
2020-08-27,Lake,033,64148,354,314,0,314,2
2020-08-27,Lassen,035,31185,722,703,2,705,0
2020-08-27,Los Angeles,037,10098052,242360,237103,1227,238330,5704
2020-08-27,Madera,039,155013,3908,3465,25,3490,33
2020-08-27,Marin,041,260295,6199,5929,15,5944,62
2020-08-27,Mariposa,043,17540,73,67,0,67,2
2020-08-27,Mendocino,045,87422,638,581,0,581,10
2020-08-27,Merced,047,269075,8046,7765,9,7774,75
2020-08-27,Modoc,049,8938,11,5,0,5,0
2020-08-27,Mono,051,14174,163,145,3,148,1
2020-08-27,Monterey,053,433212,8107,7501,17,7518,52
2020-08-27,Napa,055,140530,1476,1397,5,1402,10
2020-08-27,Nevada,057,99092,455,435,13,448,5
2020-08-27,Orange,059,3164182,50166,46449,1162,47611,935
2020-08-27,Placer,061,380077,3091,2869,11,2880,32
2020-08-27,Plumas,063,18699,40,39,0,39,0
2020-08-27,Riverside,065,2383286,53560,51306,57,51363,999
2020-08-27,Sacramento,067,1510023,18396,16875,16,16891,281
2020-08-27,San Benito,069,59416,1113,987,0,987,3
2020-08-27,San Bernardino,071,2135413,48981,46345,306,46651,751
2020-08-27,San Diego,073,3302833,39480,37501,424,37925,673
2020-08-27,San Francisco,075,870044,9613,9014,9,9023,83
2020-08-27,San Joaquin,077,732212,18501,16989,35,17024,314
2020-08-27,San Luis Obispo,079,281455,3118,2808,13,2821,20
2020-08-27,San Mateo,081,765935,8518,7728,9,7737,121
2020-08-27,Santa Barbara,083,443738,8209,7934,67,8001,92
2020-08-27,Santa Clara,085,1922200,18410,16495,37,16532,199
2020-08-27,Santa Cruz,087,273765,1880,1734,16,1750,7
2020-08-27,Shasta,089,179085,616,512,3,515,9
2020-08-27,Sierra,091,2930,6,6,0,6,0
2020-08-27,Siskiyou,093,43540,136,118,8,126,0
2020-08-27,Solano,095,438530,5511,5167,37,5204,34
2020-08-27,Sonoma,097,501317,5943,5357,19,5376,58
2020-08-27,Stanislaus,099,539301,15181,14080,335,14415,186
2020-08-27,Sutter,101,95872,1385,1296,1,1297,9
2020-08-27,Tehama,103,63373,427,398,2,400,1
2020-08-27,Trinity,105,12862,46,11,6,17,0
2020-08-27,Tulare,107,460477,14608,13666,55,13721,231
2020-08-27,Tuolumne,109,53932,202,174,5,179,1
2020-08-27,Ventura,111,848112,11337,10483,93,10576,102
2020-08-27,Yolo,113,214977,2486,2293,4,2297,51
2020-08-27,Yuba,115,75493,875,807,3,810,1
2020-08-26,Alameda,001,1643700,18704,17373,121,17494,233
2020-08-26,Alpine,003,1148,2,2,0,2,0
2020-08-26,Amador,005,37829,273,229,0,229,13
2020-08-26,Butte,007,227075,2150,1765,44,1809,25
2020-08-26,Calaveras,009,45235,242,201,0,201,1
2020-08-26,Colusa,011,21464,462,433,0,433,5
2020-08-26,Contra Costa,013,1133247,14370,13248,49,13297,157
2020-08-26,Del Norte,015,27424,114,86,0,86,1
2020-08-26,El Dorado,017,186661,1008,938,7,945,2
2020-08-26,Fresno,019,978130,27478,24071,298,24369,255
2020-08-26,Glenn,021,27897,449,429,0,429,3
2020-08-26,Humboldt,023,135768,387,357,1,358,4
2020-08-26,Imperial,025,180216,11218,9453,7,9460,227
2020-08-26,Inyo,027,18085,177,157,3,160,2
2020-08-26,Kern,029,883053,29694,28507,219,28726,286
2020-08-26,Kings,031,150075,6360,5720,29,5749,62
2020-08-26,Lake,033,64148,349,308,0,308,2
2020-08-26,Lassen,035,31185,722,702,2,704,0
2020-08-26,Los Angeles,037,10098052,241350,235499,1197,236696,5665
2020-08-26,Madera,039,155013,3879,3458,25,3483,32
2020-08-26,Marin,041,260295,6182,5887,15,5902,56
2020-08-26,Mariposa,043,17540,73,68,0,68,2
2020-08-26,Mendocino,045,87422,627,581,0,581,10
2020-08-26,Merced,047,269075,8013,7720,9,7729,74
2020-08-26,Modoc,049,8938,8,5,0,5,0
2020-08-26,Mono,051,14174,163,141,3,144,1
2020-08-26,Monterey,053,433212,8014,7439,17,7456,51
2020-08-26,Napa,055,140530,1463,1382,5,1387,10
2020-08-26,Nevada,057,99092,452,432,13,445,2
2020-08-26,Orange,059,3164182,49982,46157,1146,47303,905
2020-08-26,Placer,061,380077,3068,2846,9,2855,32
2020-08-26,Plumas,063,18699,39,39,0,39,0
2020-08-26,Riverside,065,2383286,53319,51138,57,51195,987
2020-08-26,Sacramento,067,1510023,18233,16708,16,16724,271
2020-08-26,San Benito,069,59416,1098,978,0,978,3
2020-08-26,San Bernardino,071,2135413,48774,45840,302,46142,743
2020-08-26,San Diego,073,3302833,39142,37224,397,37621,668
2020-08-26,San Francisco,075,870044,9539,8938,9,8947,81
2020-08-26,San Joaquin,077,732212,18412,16845,34,16879,309
2020-08-26,San Luis Obispo,079,281455,3090,2761,13,2774,20
2020-08-26,San Mateo,081,765935,8451,7655,9,7664,121
2020-08-26,Santa Barbara,083,443738,8175,7904,67,7971,90
2020-08-26,Santa Clara,085,1922200,18233,16283,37,16320,198
2020-08-26,Santa Cruz,087,273765,1869,1726,16,1742,7
2020-08-26,Shasta,089,179085,611,511,3,514,9
2020-08-26,Sierra,091,2930,6,6,0,6,0
2020-08-26,Siskiyou,093,43540,133,109,8,117,0
2020-08-26,Solano,095,438530,5487,5131,36,5167,34
2020-08-26,Sonoma,097,501317,5870,5283,19,5302,58
2020-08-26,Stanislaus,099,539301,15104,13964,329,14293,186
2020-08-26,Sutter,101,95872,1367,1275,1,1276,9
2020-08-26,Tehama,103,63373,424,396,2,398,1
2020-08-26,Trinity,105,12862,45,10,6,16,0
2020-08-26,Tulare,107,460477,14541,13568,55,13623,232
2020-08-26,Tuolumne,109,53932,201,172,5,177,1
2020-08-26,Ventura,111,848112,11265,10412,86,10498,100
2020-08-26,Yolo,113,214977,2465,2279,4,2283,49
2020-08-26,Yuba,115,75493,860,779,3,782,1
2020-08-25,Alameda,001,1643700,18547,17278,121,17399,232
2020-08-25,Alpine,003,1148,2,2,0,2,0
2020-08-25,Amador,005,37829,273,227,0,227,13
2020-08-25,Butte,007,227075,2083,1718,43,1761,24
2020-08-25,Calaveras,009,45235,240,196,0,196,1
2020-08-25,Colusa,011,21464,455,430,0,430,5
2020-08-25,Contra Costa,013,1133247,14232,13181,48,13229,156
2020-08-25,Del Norte,015,27424,113,83,0,83,1
2020-08-25,El Dorado,017,186661,1005,928,7,935,2
2020-08-25,Fresno,019,978130,27291,23932,297,24229,250
2020-08-25,Glenn,021,27897,446,429,0,429,3
2020-08-25,Humboldt,023,135768,382,342,1,343,4
2020-08-25,Imperial,025,180216,11190,9381,7,9388,217
2020-08-25,Inyo,027,18085,175,144,3,147,1
2020-08-25,Kern,029,883053,29557,28416,219,28635,285
2020-08-25,Kings,031,150075,6203,5702,29,5731,59
2020-08-25,Lake,033,64148,344,304,0,304,2
2020-08-25,Lassen,035,31185,721,692,2,694,0
2020-08-25,Los Angeles,037,10098052,240050,233961,1149,235110,5612
2020-08-25,Madera,039,155013,3864,3446,24,3470,32
2020-08-25,Marin,041,260295,6144,5860,15,5875,56
2020-08-25,Mariposa,043,17540,73,67,0,67,2
2020-08-25,Mendocino,045,87422,619,571,0,571,10
2020-08-25,Merced,047,269075,7946,7693,8,7701,69
2020-08-25,Modoc,049,8938,8,5,0,5,0
2020-08-25,Mono,051,14174,163,129,3,132,1
2020-08-25,Monterey,053,433212,7933,7333,17,7350,51
2020-08-25,Napa,055,140530,1456,1374,5,1379,10
2020-08-25,Nevada,057,99092,448,430,13,443,2
2020-08-25,Orange,059,3164182,49788,45737,1130,46867,902
2020-08-25,Placer,061,380077,3049,2829,6,2835,31
2020-08-25,Plumas,063,18699,39,39,0,39,0
2020-08-25,Riverside,065,2383286,53088,50889,57,50946,981
2020-08-25,Sacramento,067,1510023,18079,16601,16,16617,265
2020-08-25,San Benito,069,59416,1082,973,0,973,3
2020-08-25,San Bernardino,071,2135413,48539,45544,299,45843,727
2020-08-25,San Diego,073,3302833,38863,36996,375,37371,665
2020-08-25,San Francisco,075,870044,9462,8848,9,8857,81
2020-08-25,San Joaquin,077,732212,18284,16795,34,16829,306
2020-08-25,San Luis Obispo,079,281455,3031,2731,12,2743,20
2020-08-25,San Mateo,081,765935,8391,7636,8,7644,120
2020-08-25,Santa Barbara,083,443738,8123,7854,67,7921,90
2020-08-25,Santa Clara,085,1922200,18064,16199,37,16236,194
2020-08-25,Santa Cruz,087,273765,1850,1708,16,1724,7
2020-08-25,Shasta,089,179085,607,511,3,514,9
2020-08-25,Sierra,091,2930,6,6,0,6,0
2020-08-25,Siskiyou,093,43540,132,109,8,117,0
2020-08-25,Solano,095,438530,5426,5114,36,5150,34
2020-08-25,Sonoma,097,501317,5784,5148,19,5167,56
2020-08-25,Stanislaus,099,539301,14996,13886,318,14204,182
2020-08-25,Sutter,101,95872,1350,1259,1,1260,9
2020-08-25,Tehama,103,63373,421,394,2,396,1
2020-08-25,Trinity,105,12862,44,10,6,16,0
2020-08-25,Tulare,107,460477,14437,13514,54,13568,224
2020-08-25,Tuolumne,109,53932,199,172,5,177,1
2020-08-25,Ventura,111,848112,11180,10313,81,10394,99
2020-08-25,Yolo,113,214977,2452,2254,4,2258,50
2020-08-25,Yuba,115,75493,850,775,3,778,1
2020-08-24,Alameda,001,1643700,18352,16913,120,17033,231
2020-08-24,Alpine,003,1148,2,2,0,2,0
2020-08-24,Amador,005,37829,271,227,0,227,13
2020-08-24,Butte,007,227075,2000,1649,43,1692,23
2020-08-24,Calaveras,009,45235,231,187,0,187,1
2020-08-24,Colusa,011,21464,451,425,0,425,5
2020-08-24,Contra Costa,013,1133247,14115,12906,46,12952,153
2020-08-24,Del Norte,015,27424,113,80,0,80,1
2020-08-24,El Dorado,017,186661,997,908,7,915,2
2020-08-24,Fresno,019,978130,27103,23618,290,23908,235
2020-08-24,Glenn,021,27897,444,421,0,421,2
2020-08-24,Humboldt,023,135768,378,340,1,341,4
2020-08-24,Imperial,025,180216,11157,9323,7,9330,210
2020-08-24,Inyo,027,18085,171,144,3,147,2
2020-08-24,Kern,029,883053,29459,28157,213,28370,277
2020-08-24,Kings,031,150075,6115,5652,29,5681,60
2020-08-24,Lake,033,64148,329,302,0,302,2
2020-08-24,Lassen,035,31185,721,693,2,695,0
2020-08-24,Los Angeles,037,10098052,238686,233036,1133,234169,5562
2020-08-24,Madera,039,155013,3836,3418,24,3442,32
2020-08-24,Marin,041,260295,6079,5834,15,5849,56
2020-08-24,Mariposa,043,17540,71,66,0,66,2
2020-08-24,Mendocino,045,87422,604,550,0,550,10
2020-08-24,Merced,047,269075,7868,7605,8,7613,69
2020-08-24,Modoc,049,8938,8,5,0,5,0
2020-08-24,Mono,051,14174,163,129,3,132,1
2020-08-24,Monterey,053,433212,7824,7212,16,7228,50
2020-08-24,Napa,055,140530,1443,1358,5,1363,10
2020-08-24,Nevada,057,99092,443,423,13,436,2
2020-08-24,Orange,059,3164182,49595,45536,1121,46657,887
2020-08-24,Placer,061,380077,3002,2793,6,2799,31
2020-08-24,Plumas,063,18699,39,37,0,37,0
2020-08-24,Riverside,065,2383286,52810,50496,57,50553,975
2020-08-24,Sacramento,067,1510023,17883,16318,15,16333,249
2020-08-24,San Benito,069,59416,1061,961,0,961,3
2020-08-24,San Bernardino,071,2135413,48276,45199,297,45496,720
2020-08-24,San Diego,073,3302833,38575,36729,347,37076,660
2020-08-24,San Francisco,075,870044,9379,8621,9,8630,81
2020-08-24,San Joaquin,077,732212,18143,16565,33,16598,305
2020-08-24,San Luis Obispo,079,281455,3003,2705,12,2717,20
2020-08-24,San Mateo,081,765935,8324,7502,8,7510,120
2020-08-24,Santa Barbara,083,443738,8082,7784,67,7851,90
2020-08-24,Santa Clara,085,1922200,17860,16049,37,16086,192
2020-08-24,Santa Cruz,087,273765,1830,1627,15,1642,6
2020-08-24,Shasta,089,179085,605,505,3,508,9
2020-08-24,Sierra,091,2930,6,6,0,6,0
2020-08-24,Siskiyou,093,43540,128,107,8,115,0
2020-08-24,Solano,095,438530,5377,4979,34,5013,32
2020-08-24,Sonoma,097,501317,5680,5071,19,5090,56
2020-08-24,Stanislaus,099,539301,14898,13521,304,13825,171
2020-08-24,Sutter,101,95872,1331,1219,1,1220,9
2020-08-24,Tehama,103,63373,416,388,2,390,1
2020-08-24,Trinity,105,12862,44,10,6,16,0
2020-08-24,Tulare,107,460477,14329,13360,53,13413,223
2020-08-24,Tuolumne,109,53932,198,170,5,175,1
2020-08-24,Ventura,111,848112,11100,10261,77,10338,99
2020-08-24,Yolo,113,214977,2418,2239,4,2243,47
2020-08-24,Yuba,115,75493,833,750,3,753,1
2020-08-23,Alameda,001,1643700,18129,16786,119,16905,231
2020-08-23,Alpine,003,1148,2,2,0,2,0
2020-08-23,Amador,005,37829,268,227,0,227,13
2020-08-23,Butte,007,227075,1885,1637,43,1680,23
2020-08-23,Calaveras,009,45235,222,187,0,187,1
2020-08-23,Colusa,011,21464,444,424,0,424,5
2020-08-23,Contra Costa,013,1133247,13953,12642,46,12688,153
2020-08-23,Del Norte,015,27424,113,80,0,80,1
2020-08-23,El Dorado,017,186661,984,901,7,908,2
2020-08-23,Fresno,019,978130,26898,23414,287,23701,235
2020-08-23,Glenn,021,27897,437,421,0,421,2
2020-08-23,Humboldt,023,135768,376,341,1,342,4
2020-08-23,Imperial,025,180216,11128,9243,7,9250,210
2020-08-23,Inyo,027,18085,168,144,3,147,2
2020-08-23,Kern,029,883053,29310,28028,208,28236,277
2020-08-23,Kings,031,150075,6072,5628,29,5657,60
2020-08-23,Lake,033,64148,325,299,0,299,2
2020-08-23,Lassen,035,31185,720,693,2,695,0
2020-08-23,Los Angeles,037,10098052,237086,231833,1066,232899,5549
2020-08-23,Madera,039,155013,3805,3401,23,3424,32
2020-08-23,Marin,041,260295,6042,5807,14,5821,50
2020-08-23,Mariposa,043,17540,71,66,0,66,2
2020-08-23,Mendocino,045,87422,600,550,0,550,10
2020-08-23,Merced,047,269075,7799,7574,7,7581,69
2020-08-23,Modoc,049,8938,7,5,0,5,0
2020-08-23,Mono,051,14174,163,129,3,132,1
2020-08-23,Monterey,053,433212,7734,7173,16,7189,50
2020-08-23,Napa,055,140530,1431,1348,5,1353,10
2020-08-23,Nevada,057,99092,438,421,13,434,2
2020-08-23,Orange,059,3164182,49357,45267,1109,46376,887
2020-08-23,Placer,061,380077,2963,2772,6,2778,31
2020-08-23,Plumas,063,18699,39,37,0,37,0
2020-08-23,Riverside,065,2383286,52540,50293,55,50348,955
2020-08-23,Sacramento,067,1510023,17660,16084,14,16098,243
2020-08-23,San Benito,069,59416,1048,938,0,938,3
2020-08-23,San Bernardino,071,2135413,48008,45010,287,45297,719
2020-08-23,San Diego,073,3302833,38254,36542,320,36862,660
2020-08-23,San Francisco,075,870044,9285,8564,8,8572,80
2020-08-23,San Joaquin,077,732212,18010,16069,32,16101,305
2020-08-23,San Luis Obispo,079,281455,2961,2679,12,2691,20
2020-08-23,San Mateo,081,765935,8229,7450,8,7458,120
2020-08-23,Santa Barbara,083,443738,8014,7725,67,7792,90
2020-08-23,Santa Clara,085,1922200,17664,15912,35,15947,191
2020-08-23,Santa Cruz,087,273765,1804,1627,15,1642,6
2020-08-23,Shasta,089,179085,600,501,3,504,9
2020-08-23,Sierra,091,2930,6,6,0,6,0
2020-08-23,Siskiyou,093,43540,123,107,8,115,0
2020-08-23,Solano,095,438530,5319,4977,32,5009,32
2020-08-23,Sonoma,097,501317,5592,5018,19,5037,56
2020-08-23,Stanislaus,099,539301,14763,13483,281,13764,171
2020-08-23,Sutter,101,95872,1309,1203,1,1204,9
2020-08-23,Tehama,103,63373,406,381,2,383,1
2020-08-23,Trinity,105,12862,44,10,6,16,0
2020-08-23,Tulare,107,460477,14197,13303,50,13353,223
2020-08-23,Tuolumne,109,53932,195,164,5,169,1
2020-08-23,Ventura,111,848112,10999,10126,73,10199,99
2020-08-23,Yolo,113,214977,2390,2210,4,2214,47
2020-08-23,Yuba,115,75493,812,750,3,753,1
2020-08-22,Alameda,001,1643700,18035,16648,118,16766,231
2020-08-22,Alpine,003,1148,2,2,0,2,0
2020-08-22,Amador,005,37829,267,224,0,224,13
2020-08-22,Butte,007,227075,1834,1618,43,1661,22
2020-08-22,Calaveras,009,45235,218,187,0,187,1
2020-08-22,Colusa,011,21464,440,419,0,419,5
2020-08-22,Contra Costa,013,1133247,13866,12522,46,12568,153
2020-08-22,Del Norte,015,27424,112,80,0,80,1
2020-08-22,El Dorado,017,186661,982,900,7,907,2
2020-08-22,Fresno,019,978130,26800,23197,286,23483,235
2020-08-22,Glenn,021,27897,436,421,0,421,2
2020-08-22,Humboldt,023,135768,366,334,1,335,4
2020-08-22,Imperial,025,180216,11120,9244,7,9251,210
2020-08-22,Inyo,027,18085,168,144,3,147,1
2020-08-22,Kern,029,883053,29256,27807,208,28015,277
2020-08-22,Kings,031,150075,6063,5447,29,5476,60
2020-08-22,Lake,033,64148,323,291,0,291,2
2020-08-22,Lassen,035,31185,720,693,2,695,0
2020-08-22,Los Angeles,037,10098052,236425,230858,1050,231908,5540
2020-08-22,Madera,039,155013,3786,3330,23,3353,32
2020-08-22,Marin,041,260295,6030,5789,14,5803,49
2020-08-22,Mariposa,043,17540,71,66,0,66,2
2020-08-22,Mendocino,045,87422,597,529,0,529,10
2020-08-22,Merced,047,269075,7771,7493,7,7500,69
2020-08-22,Modoc,049,8938,7,5,0,5,0
2020-08-22,Mono,051,14174,163,129,3,132,1
2020-08-22,Monterey,053,433212,7686,7081,16,7097,50
2020-08-22,Napa,055,140530,1426,1328,5,1333,11
2020-08-22,Nevada,057,99092,438,411,13,424,2
2020-08-22,Orange,059,3164182,49216,45131,1103,46234,885
2020-08-22,Placer,061,380077,2949,2734,6,2740,30
2020-08-22,Plumas,063,18699,39,37,0,37,0
2020-08-22,Riverside,065,2383286,52392,49944,54,49998,953
2020-08-22,Sacramento,067,1510023,17548,15516,14,15530,239
2020-08-22,San Benito,069,59416,1032,912,0,912,3
2020-08-22,San Bernardino,071,2135413,47879,44803,283,45086,719
2020-08-22,San Diego,073,3302833,38071,36205,309,36514,673
2020-08-22,San Francisco,075,870044,9225,8568,8,8576,80
2020-08-22,San Joaquin,077,732212,17954,16068,32,16100,305
2020-08-22,San Luis Obispo,079,281455,2935,2660,12,2672,20
2020-08-22,San Mateo,081,765935,8182,7361,8,7369,120
2020-08-22,Santa Barbara,083,443738,7988,7685,67,7752,90
2020-08-22,Santa Clara,085,1922200,17556,15590,35,15625,190
2020-08-22,Santa Cruz,087,273765,1788,1628,14,1642,6
2020-08-22,Shasta,089,179085,598,493,3,496,9
2020-08-22,Sierra,091,2930,6,6,0,6,0
2020-08-22,Siskiyou,093,43540,123,106,8,114,0
2020-08-22,Solano,095,438530,5289,4944,31,4975,32
2020-08-22,Sonoma,097,501317,5546,4891,19,4910,57
2020-08-22,Stanislaus,099,539301,14713,13380,264,13644,170
2020-08-22,Sutter,101,95872,1302,1189,1,1190,8
2020-08-22,Tehama,103,63373,405,368,2,370,1
2020-08-22,Trinity,105,12862,44,8,6,14,0
2020-08-22,Tulare,107,460477,14130,13196,50,13246,222
2020-08-22,Tuolumne,109,53932,193,162,5,167,1
2020-08-22,Ventura,111,848112,10944,9959,71,10030,99
2020-08-22,Yolo,113,214977,2374,2188,4,2192,47
2020-08-22,Yuba,115,75493,800,738,3,741,1
2020-08-21,Alameda,001,1643700,17943,16413,118,16531,232
2020-08-21,Alpine,003,1148,2,2,0,2,0
2020-08-21,Amador,005,37829,266,223,0,223,11
2020-08-21,Butte,007,227075,1795,1582,43,1625,19
2020-08-21,Calaveras,009,45235,218,182,0,182,1
2020-08-21,Colusa,011,21464,438,418,0,418,5
2020-08-21,Contra Costa,013,1133247,13776,12333,45,12378,149
2020-08-21,Del Norte,015,27424,112,78,0,78,1
2020-08-21,El Dorado,017,186661,978,885,7,892,2
2020-08-21,Fresno,019,978130,26630,22840,285,23125,232
2020-08-21,Glenn,021,27897,432,418,0,418,2
2020-08-21,Humboldt,023,135768,363,331,1,332,4
2020-08-21,Imperial,025,180216,11104,9166,7,9173,204
2020-08-21,Inyo,027,18085,168,144,3,147,1
2020-08-21,Kern,029,883053,29197,27567,206,27773,269
2020-08-21,Kings,031,150075,6041,5391,29,5420,60
2020-08-21,Lake,033,64148,321,281,0,281,2
2020-08-21,Lassen,035,31185,720,693,2,695,0
2020-08-21,Los Angeles,037,10098052,235550,229235,1030,230265,5494
2020-08-21,Madera,039,155013,3756,3271,23,3294,31
2020-08-21,Marin,041,260295,6010,5762,14,5776,49
2020-08-21,Mariposa,043,17540,71,66,0,66,2
2020-08-21,Mendocino,045,87422,587,505,0,505,10
2020-08-21,Merced,047,269075,7742,7357,7,7364,69
2020-08-21,Modoc,049,8938,7,5,0,5,0
2020-08-21,Mono,051,14174,163,128,3,131,1
2020-08-21,Monterey,053,433212,7614,6974,16,6990,49
2020-08-21,Napa,055,140530,1417,1317,5,1322,10
2020-08-21,Nevada,057,99092,437,406,13,419,2
2020-08-21,Orange,059,3164182,49075,44625,1094,45719,875
2020-08-21,Placer,061,380077,2933,2698,6,2704,30
2020-08-21,Plumas,063,18699,39,36,0,36,0
2020-08-21,Riverside,065,2383286,52197,49409,54,49463,932
2020-08-21,Sacramento,067,1510023,17425,15247,14,15261,237
2020-08-21,San Benito,069,59416,1022,891,0,891,3
2020-08-21,San Bernardino,071,2135413,47760,44249,279,44528,668
2020-08-21,San Diego,073,3302833,37867,35914,292,36206,652
2020-08-21,San Francisco,075,870044,9175,8375,8,8383,80
2020-08-21,San Joaquin,077,732212,17872,15888,30,15918,301
2020-08-21,San Luis Obispo,079,281455,2912,2640,12,2652,19
2020-08-21,San Mateo,081,765935,8125,7253,8,7261,120
2020-08-21,Santa Barbara,083,443738,7947,7645,67,7712,86
2020-08-21,Santa Clara,085,1922200,17405,15399,35,15434,190
2020-08-21,Santa Cruz,087,273765,1776,1617,14,1631,6
2020-08-21,Shasta,089,179085,598,486,3,489,9
2020-08-21,Sierra,091,2930,6,6,0,6,0
2020-08-21,Siskiyou,093,43540,123,103,6,109,0
2020-08-21,Solano,095,438530,5266,4891,30,4921,32
2020-08-21,Sonoma,097,501317,5476,4816,19,4835,57
2020-08-21,Stanislaus,099,539301,14644,13282,250,13532,161
2020-08-21,Sutter,101,95872,1289,1173,1,1174,8
2020-08-21,Tehama,103,63373,403,357,2,359,1
2020-08-21,Trinity,105,12862,44,8,6,14,0
2020-08-21,Tulare,107,460477,14059,13002,48,13050,217
2020-08-21,Tuolumne,109,53932,185,161,5,166,1
2020-08-21,Ventura,111,848112,10879,9865,69,9934,98
2020-08-21,Yolo,113,214977,2359,2164,4,2168,46
2020-08-21,Yuba,115,75493,796,717,3,720,1
2020-08-20,Alameda,001,1643700,17783,16174,118,16292,229
2020-08-20,Alpine,003,1148,2,2,0,2,0
2020-08-20,Amador,005,37829,264,222,0,222,11
2020-08-20,Butte,007,227075,1746,1549,42,1591,18
2020-08-20,Calaveras,009,45235,215,179,0,179,1
2020-08-20,Colusa,011,21464,436,415,0,415,5
2020-08-20,Contra Costa,013,1133247,13649,12108,44,12152,144
2020-08-20,Del Norte,015,27424,112,78,0,78,1
2020-08-20,El Dorado,017,186661,974,881,7,888,2
2020-08-20,Fresno,019,978130,26449,22535,280,22815,228
2020-08-20,Glenn,021,27897,427,414,0,414,2
2020-08-20,Humboldt,023,135768,358,318,1,319,4
2020-08-20,Imperial,025,180216,11085,9086,7,9093,196
2020-08-20,Inyo,027,18085,167,144,3,147,1
2020-08-20,Kern,029,883053,29029,27337,195,27532,267
2020-08-20,Kings,031,150075,6001,5347,28,5375,59
2020-08-20,Lake,033,64148,316,280,0,280,2
2020-08-20,Lassen,035,31185,719,693,2,695,0
2020-08-20,Los Angeles,037,10098052,234315,227492,1011,228503,5445
2020-08-20,Madera,039,155013,3730,3197,23,3220,31
2020-08-20,Marin,041,260295,5992,5745,14,5759,47
2020-08-20,Mariposa,043,17540,71,67,0,67,2
2020-08-20,Mendocino,045,87422,577,497,0,497,10
2020-08-20,Merced,047,269075,7668,7173,7,7180,68
2020-08-20,Modoc,049,8938,7,5,0,5,0
2020-08-20,Mono,051,14174,163,128,3,131,1
2020-08-20,Monterey,053,433212,7543,6892,16,6908,47
2020-08-20,Napa,055,140530,1411,1306,5,1311,10
2020-08-20,Nevada,057,99092,436,401,13,414,2
2020-08-20,Orange,059,3164182,48848,44299,1084,45383,849
2020-08-20,Placer,061,380077,2917,2681,6,2687,30
2020-08-20,Plumas,063,18699,39,36,0,36,0
2020-08-20,Riverside,065,2383286,51978,48953,53,49006,927
2020-08-20,Sacramento,067,1510023,17182,14992,14,15006,231
2020-08-20,San Benito,069,59416,1009,866,0,866,3
2020-08-20,San Bernardino,071,2135413,47504,43627,275,43902,665
2020-08-20,San Diego,073,3302833,37647,35610,274,35884,644
2020-08-20,San Francisco,075,870044,9089,8262,8,8270,72
2020-08-20,San Joaquin,077,732212,17781,15778,30,15808,297
2020-08-20,San Luis Obispo,079,281455,2892,2590,12,2602,19
2020-08-20,San Mateo,081,765935,8060,7188,8,7196,120
2020-08-20,Santa Barbara,083,443738,7909,7571,67,7638,81
2020-08-20,Santa Clara,085,1922200,17233,15162,35,15197,190
2020-08-20,Santa Cruz,087,273765,1763,1581,14,1595,6
2020-08-20,Shasta,089,179085,597,478,3,481,9
2020-08-20,Sierra,091,2930,6,6,0,6,0
2020-08-20,Siskiyou,093,43540,122,102,1,103,0
2020-08-20,Solano,095,438530,5221,4843,30,4873,31
2020-08-20,Sonoma,097,501317,5404,4737,19,4756,54
2020-08-20,Stanislaus,099,539301,14548,13120,241,13361,161
2020-08-20,Sutter,101,95872,1265,1158,1,1159,8
2020-08-20,Tehama,103,63373,398,350,2,352,1
2020-08-20,Trinity,105,12862,44,8,6,14,0
2020-08-20,Tulare,107,460477,13951,12907,47,12954,217
2020-08-20,Tuolumne,109,53932,181,159,5,164,1
2020-08-20,Ventura,111,848112,10766,9744,68,9812,93
2020-08-20,Yolo,113,214977,2337,2150,4,2154,47
2020-08-20,Yuba,115,75493,779,709,3,712,1
2020-08-19,Alameda,001,1643700,17625,15874,117,15991,226
2020-08-19,Alpine,003,1148,2,2,0,2,0
2020-08-19,Amador,005,37829,263,219,0,219,9
2020-08-19,Butte,007,227075,1703,1517,42,1559,16
2020-08-19,Calaveras,009,45235,213,177,0,177,1
2020-08-19,Colusa,011,21464,435,415,0,415,5
2020-08-19,Contra Costa,013,1133247,13536,11895,43,11938,142
2020-08-19,Del Norte,015,27424,112,78,0,78,1
2020-08-19,El Dorado,017,186661,968,870,7,877,2
2020-08-19,Fresno,019,978130,26260,22167,271,22438,221
2020-08-19,Glenn,021,27897,425,414,0,414,2
2020-08-19,Humboldt,023,135768,355,316,1,317,4
2020-08-19,Imperial,025,180216,11057,9041,7,9048,192
2020-08-19,Inyo,027,18085,165,140,3,143,1
2020-08-19,Kern,029,883053,28912,27142,191,27333,263
2020-08-19,Kings,031,150075,5828,5301,26,5327,59
2020-08-19,Lake,033,64148,313,277,0,277,2
2020-08-19,Lassen,035,31185,711,693,2,695,0
2020-08-19,Los Angeles,037,10098052,233037,226006,971,226977,5399
2020-08-19,Madera,039,155013,3696,3158,21,3179,30
2020-08-19,Marin,041,260295,5969,5723,13,5736,46
2020-08-19,Mariposa,043,17540,71,64,0,64,2
2020-08-19,Mendocino,045,87422,560,495,0,495,8
2020-08-19,Merced,047,269075,7541,7082,4,7086,66
2020-08-19,Modoc,049,8938,7,5,0,5,0
2020-08-19,Mono,051,14174,163,128,3,131,1
2020-08-19,Monterey,053,433212,7443,6693,16,6709,45
2020-08-19,Napa,055,140530,1405,1293,5,1298,10
2020-08-19,Nevada,057,99092,429,398,13,411,2
2020-08-19,Orange,059,3164182,48643,43938,1081,45019,829
2020-08-19,Placer,061,380077,2895,2659,6,2665,28
2020-08-19,Plumas,063,18699,39,36,0,36,0
2020-08-19,Riverside,065,2383286,51728,48741,53,48794,922
2020-08-19,Sacramento,067,1510023,17002,14764,14,14778,229
2020-08-19,San Benito,069,59416,992,853,0,853,3
2020-08-19,San Bernardino,071,2135413,47208,43224,269,43493,661
2020-08-19,San Diego,073,3302833,37397,35378,259,35637,638
2020-08-19,San Francisco,075,870044,9025,8236,8,8244,72
2020-08-19,San Joaquin,077,732212,17659,15677,29,15706,296
2020-08-19,San Luis Obispo,079,281455,2852,2553,12,2565,19
2020-08-19,San Mateo,081,765935,7991,7146,8,7154,119
2020-08-19,Santa Barbara,083,443738,7860,7499,67,7566,80
2020-08-19,Santa Clara,085,1922200,17088,14994,35,15029,189
2020-08-19,Santa Cruz,087,273765,1737,1554,14,1568,6
2020-08-19,Shasta,089,179085,593,475,3,478,9
2020-08-19,Sierra,091,2930,6,6,0,6,0
2020-08-19,Siskiyou,093,43540,121,103,1,104,0
2020-08-19,Solano,095,438530,5180,4807,30,4837,31
2020-08-19,Sonoma,097,501317,5324,4614,19,4633,54
2020-08-19,Stanislaus,099,539301,14445,13084,219,13303,160
2020-08-19,Sutter,101,95872,1231,1146,1,1147,8
2020-08-19,Tehama,103,63373,392,342,2,344,1
2020-08-19,Trinity,105,12862,43,8,6,14,0
2020-08-19,Tulare,107,460477,13853,12756,47,12803,217
2020-08-19,Tuolumne,109,53932,178,159,5,164,1
2020-08-19,Ventura,111,848112,10674,9587,66,9653,91
2020-08-19,Yolo,113,214977,2315,2126,4,2130,47
2020-08-19,Yuba,115,75493,767,701,3,704,1
2020-08-18,Alameda,001,1643700,17447,15627,115,15742,223
2020-08-18,Alpine,003,1148,2,2,0,2,0
2020-08-18,Amador,005,37829,262,215,0,215,9
2020-08-18,Butte,007,227075,1670,1491,42,1533,16
2020-08-18,Calaveras,009,45235,210,174,0,174,1
2020-08-18,Colusa,011,21464,434,415,0,415,5
2020-08-18,Contra Costa,013,1133247,13415,11689,41,11730,141
2020-08-18,Del Norte,015,27424,111,78,0,78,0
2020-08-18,El Dorado,017,186661,963,866,7,873,2
2020-08-18,Fresno,019,978130,26039,21798,265,22063,212
2020-08-18,Glenn,021,27897,425,407,0,407,2
2020-08-18,Humboldt,023,135768,353,315,1,316,4
2020-08-18,Imperial,025,180216,11023,8968,7,8975,189
2020-08-18,Inyo,027,18085,164,140,3,143,1
2020-08-18,Kern,029,883053,28759,26978,187,27165,263
2020-08-18,Kings,031,150075,5793,5269,25,5294,58
2020-08-18,Lake,033,64148,310,274,0,274,2
2020-08-18,Lassen,035,31185,711,693,2,695,0
2020-08-18,Los Angeles,037,10098052,231769,224218,935,225153,5339
2020-08-18,Madera,039,155013,3668,3125,21,3146,28
2020-08-18,Marin,041,260295,5939,5708,13,5721,47
2020-08-18,Mariposa,043,17540,71,61,0,61,2
2020-08-18,Mendocino,045,87422,551,468,0,468,8
2020-08-18,Merced,047,269075,7493,6940,4,6944,66
2020-08-18,Modoc,049,8938,7,5,0,5,0
2020-08-18,Mono,051,14174,162,129,3,132,1
2020-08-18,Monterey,053,433212,7351,6691,15,6706,44
2020-08-18,Napa,055,140530,1401,1274,5,1279,10
2020-08-18,Nevada,057,99092,422,389,13,402,2
2020-08-18,Orange,059,3164182,48418,43659,1067,44726,809
2020-08-18,Placer,061,380077,2869,2644,5,2649,28
2020-08-18,Plumas,063,18699,39,34,0,34,0
2020-08-18,Riverside,065,2383286,51396,48447,53,48500,917
2020-08-18,Sacramento,067,1510023,16772,14610,13,14623,222
2020-08-18,San Benito,069,59416,972,836,0,836,3
2020-08-18,San Bernardino,071,2135413,46927,42827,263,43090,648
2020-08-18,San Diego,073,3302833,37104,35164,227,35391,633
2020-08-18,San Francisco,075,870044,8940,8016,8,8024,72
2020-08-18,San Joaquin,077,732212,17545,15509,28,15537,290
2020-08-18,San Luis Obispo,079,281455,2827,2535,11,2546,18
2020-08-18,San Mateo,081,765935,7930,7074,8,7082,119
2020-08-18,Santa Barbara,083,443738,7818,7472,67,7539,81
2020-08-18,Santa Clara,085,1922200,16919,14786,34,14820,184
2020-08-18,Santa Cruz,087,273765,1724,1509,14,1523,6
2020-08-18,Shasta,089,179085,589,468,3,471,9
2020-08-18,Sierra,091,2930,6,6,0,6,0
2020-08-18,Siskiyou,093,43540,120,103,1,104,0
2020-08-18,Solano,095,438530,5153,4700,30,4730,31
2020-08-18,Sonoma,097,501317,5255,4506,19,4525,48
2020-08-18,Stanislaus,099,539301,14347,12935,203,13138,149
2020-08-18,Sutter,101,95872,1212,1126,1,1127,8
2020-08-18,Tehama,103,63373,382,333,2,335,1
2020-08-18,Trinity,105,12862,41,8,6,14,0
2020-08-18,Tulare,107,460477,13723,12637,44,12681,212
2020-08-18,Tuolumne,109,53932,175,159,5,164,1
2020-08-18,Ventura,111,848112,10584,9536,61,9597,89
2020-08-18,Yolo,113,214977,2293,2102,4,2106,47
2020-08-18,Yuba,115,75493,759,679,3,682,1
2020-08-17,Alameda,001,1643700,17254,15454,114,15568,221
2020-08-17,Alpine,003,1148,2,2,0,2,0
2020-08-17,Amador,005,37829,262,215,0,215,9
2020-08-17,Butte,007,227075,1625,1463,42,1505,15
2020-08-17,Calaveras,009,45235,206,167,0,167,1
2020-08-17,Colusa,011,21464,431,408,0,408,5
2020-08-17,Contra Costa,013,1133247,13278,11442,41,11483,141
2020-08-17,Del Norte,015,27424,107,77,0,77,0
2020-08-17,El Dorado,017,186661,960,846,7,853,2
2020-08-17,Fresno,019,978130,25832,21316,258,21574,211
2020-08-17,Glenn,021,27897,424,402,0,402,2
2020-08-17,Humboldt,023,135768,349,302,1,303,4
2020-08-17,Imperial,025,180216,10982,8897,7,8904,188
2020-08-17,Inyo,027,18085,156,124,3,127,1
2020-08-17,Kern,029,883053,28612,26773,177,26950,249
2020-08-17,Kings,031,150075,5755,5249,25,5274,58
2020-08-17,Lake,033,64148,305,270,0,270,2
2020-08-17,Lassen,035,31185,711,666,2,668,0
2020-08-17,Los Angeles,037,10098052,230250,223418,891,224309,5282
2020-08-17,Madera,039,155013,3625,3050,20,3070,26
2020-08-17,Marin,041,260295,5916,5683,12,5695,46
2020-08-17,Mariposa,043,17540,71,61,0,61,2
2020-08-17,Mendocino,045,87422,533,454,0,454,8
2020-08-17,Merced,047,269075,7398,6814,4,6818,66
2020-08-17,Modoc,049,8938,7,5,0,5,0
2020-08-17,Mono,051,14174,162,126,3,129,1
2020-08-17,Monterey,053,433212,7251,6553,15,6568,44
2020-08-17,Napa,055,140530,1380,1255,5,1260,10
2020-08-17,Nevada,057,99092,417,383,13,396,2
2020-08-17,Orange,059,3164182,48208,43621,1054,44675,804
2020-08-17,Placer,061,380077,2844,2609,5,2614,28
2020-08-17,Plumas,063,18699,39,33,0,33,0
2020-08-17,Riverside,065,2383286,51062,48062,51,48113,916
2020-08-17,Sacramento,067,1510023,16552,14333,13,14346,219
2020-08-17,San Benito,069,59416,957,822,0,822,2
2020-08-17,San Bernardino,071,2135413,46583,42005,254,42259,604
2020-08-17,San Diego,073,3302833,36838,34962,213,35175,626
2020-08-17,San Francisco,075,870044,8869,7600,8,7608,72
2020-08-17,San Joaquin,077,732212,17383,15323,27,15350,280
2020-08-17,San Luis Obispo,079,281455,2794,2527,11,2538,18
2020-08-17,San Mateo,081,765935,7873,6987,7,6994,118
2020-08-17,Santa Barbara,083,443738,7776,7438,67,7505,80
2020-08-17,Santa Clara,085,1922200,16694,14546,34,14580,183
2020-08-17,Santa Cruz,087,273765,1708,1453,13,1466,6
2020-08-17,Shasta,089,179085,583,467,3,470,9
2020-08-17,Sierra,091,2930,6,6,0,6,0
2020-08-17,Siskiyou,093,43540,119,103,0,103,0
2020-08-17,Solano,095,438530,5096,4479,30,4509,31
2020-08-17,Sonoma,097,501317,5167,4402,17,4419,48
2020-08-17,Stanislaus,099,539301,14222,12745,196,12941,148
2020-08-17,Sutter,101,95872,1196,1071,1,1072,8
2020-08-17,Tehama,103,63373,372,324,2,326,1
2020-08-17,Trinity,105,12862,41,8,6,14,0
2020-08-17,Tulare,107,460477,13611,12487,43,12530,210
2020-08-17,Tuolumne,109,53932,172,157,5,162,1
2020-08-17,Ventura,111,848112,10461,9490,56,9546,89
2020-08-17,Yolo,113,214977,2266,2083,4,2087,47
2020-08-17,Yuba,115,75493,744,647,3,650,1
2020-08-16,Alameda,001,1643700,16963,15338,114,15452,221
2020-08-16,Alpine,003,1148,2,2,0,2,0
2020-08-16,Amador,005,37829,259,215,0,215,9
2020-08-16,Butte,007,227075,1587,1432,42,1474,15
2020-08-16,Calaveras,009,45235,199,167,0,167,1
2020-08-16,Colusa,011,21464,429,407,0,407,5
2020-08-16,Contra Costa,013,1133247,13092,11255,41,11296,140
2020-08-16,Del Norte,015,27424,103,77,0,77,0
2020-08-16,El Dorado,017,186661,948,843,7,850,2
2020-08-16,Fresno,019,978130,25611,21010,253,21263,211
2020-08-16,Glenn,021,27897,422,400,0,400,2
2020-08-16,Humboldt,023,135768,347,301,1,302,4
2020-08-16,Imperial,025,180216,10938,8883,7,8890,188
2020-08-16,Inyo,027,18085,149,125,2,127,1
2020-08-16,Kern,029,883053,28413,26520,169,26689,249
2020-08-16,Kings,031,150075,5724,5146,25,5171,58
2020-08-16,Lake,033,64148,301,269,0,269,2
2020-08-16,Lassen,035,31185,711,666,2,668,0
2020-08-16,Los Angeles,037,10098052,228679,222236,862,223098,5263
2020-08-16,Madera,039,155013,3580,3013,20,3033,26
2020-08-16,Marin,041,260295,5890,5664,12,5676,46
2020-08-16,Mariposa,043,17540,71,61,0,61,2
2020-08-16,Mendocino,045,87422,525,451,0,451,8
2020-08-16,Merced,047,269075,7316,6744,4,6748,66
2020-08-16,Modoc,049,8938,7,5,0,5,0
2020-08-16,Mono,051,14174,162,126,3,129,1
2020-08-16,Monterey,053,433212,7153,6516,14,6530,44
2020-08-16,Napa,055,140530,1362,1241,3,1244,10
2020-08-16,Nevada,057,99092,408,379,13,392,2
2020-08-16,Orange,059,3164182,47958,43303,1043,44346,803
2020-08-16,Placer,061,380077,2815,2583,4,2587,28
2020-08-16,Plumas,063,18699,39,33,0,33,0
2020-08-16,Riverside,065,2383286,50731,47669,50,47719,910
2020-08-16,Sacramento,067,1510023,16312,14210,13,14223,219
2020-08-16,San Benito,069,59416,928,815,0,815,2
2020-08-16,San Bernardino,071,2135413,46160,41724,246,41970,603
2020-08-16,San Diego,073,3302833,36574,34680,198,34878,626
2020-08-16,San Francisco,075,870044,8782,7602,8,7610,72
2020-08-16,San Joaquin,077,732212,17182,15288,27,15315,280
2020-08-16,San Luis Obispo,079,281455,2765,2494,11,2505,17
2020-08-16,San Mateo,081,765935,7799,6942,7,6949,118
2020-08-16,Santa Barbara,083,443738,7727,7368,67,7435,79
2020-08-16,Santa Clara,085,1922200,16494,14329,34,14363,183
2020-08-16,Santa Cruz,087,273765,1681,1449,12,1461,6
2020-08-16,Shasta,089,179085,576,465,3,468,9
2020-08-16,Sierra,091,2930,6,6,0,6,0
2020-08-16,Siskiyou,093,43540,118,102,0,102,0
2020-08-16,Solano,095,438530,5036,4479,30,4509,31
2020-08-16,Sonoma,097,501317,5063,4329,17,4346,46
2020-08-16,Stanislaus,099,539301,14064,12668,186,12854,148
2020-08-16,Sutter,101,95872,1178,1071,1,1072,8
2020-08-16,Tehama,103,63373,363,318,2,320,1
2020-08-16,Trinity,105,12862,38,8,6,14,0
2020-08-16,Tulare,107,460477,13479,12334,40,12374,211
2020-08-16,Tuolumne,109,53932,172,156,5,161,1
2020-08-16,Ventura,111,848112,10352,9408,51,9459,89
2020-08-16,Yolo,113,214977,2247,2057,4,2061,47
2020-08-16,Yuba,115,75493,735,647,2,649,1
2020-08-15,Alameda,001,1643700,16886,15165,114,15279,221
2020-08-15,Alpine,003,1148,2,2,0,2,0
2020-08-15,Amador,005,37829,259,210,0,210,9
2020-08-15,Butte,007,227075,1565,1409,42,1451,15
2020-08-15,Calaveras,009,45235,197,167,0,167,1
2020-08-15,Colusa,011,21464,428,401,0,401,5
2020-08-15,Contra Costa,013,1133247,12996,11106,41,11147,138
2020-08-15,Del Norte,015,27424,103,77,0,77,0
2020-08-15,El Dorado,017,186661,943,838,7,845,2
2020-08-15,Fresno,019,978130,25495,20603,251,20854,211
2020-08-15,Glenn,021,27897,422,398,0,398,2
2020-08-15,Humboldt,023,135768,346,301,1,302,4
2020-08-15,Imperial,025,180216,10918,8794,7,8801,188
2020-08-15,Inyo,027,18085,149,123,2,125,1
2020-08-15,Kern,029,883053,28325,26338,169,26507,249
2020-08-15,Kings,031,150075,5706,5039,25,5064,56
2020-08-15,Lake,033,64148,299,268,0,268,2
2020-08-15,Lassen,035,31185,711,666,2,668,0
2020-08-15,Los Angeles,037,10098052,227928,221043,852,221895,5252
2020-08-15,Madera,039,155013,3530,2950,20,2970,26
2020-08-15,Marin,041,260295,5883,5628,12,5640,46
2020-08-15,Mariposa,043,17540,71,61,0,61,2
2020-08-15,Mendocino,045,87422,521,444,0,444,8
2020-08-15,Merced,047,269075,7282,6656,4,6660,66
2020-08-15,Modoc,049,8938,7,5,0,5,0
2020-08-15,Mono,051,14174,162,126,3,129,1
2020-08-15,Monterey,053,433212,7108,6162,14,6176,44
2020-08-15,Napa,055,140530,1352,1232,3,1235,10
2020-08-15,Nevada,057,99092,408,376,13,389,2
2020-08-15,Orange,059,3164182,47845,42811,1032,43843,801
2020-08-15,Placer,061,380077,2794,2551,4,2555,27
2020-08-15,Plumas,063,18699,39,33,0,33,0
2020-08-15,Riverside,065,2383286,50580,46720,50,46770,910
2020-08-15,Sacramento,067,1510023,16202,14018,13,14031,219
2020-08-15,San Benito,069,59416,915,805,0,805,2
2020-08-15,San Bernardino,071,2135413,46008,41231,244,41475,602
2020-08-15,San Diego,073,3302833,36408,34346,184,34530,639
2020-08-15,San Francisco,075,870044,8720,7601,8,7609,69
2020-08-15,San Joaquin,077,732212,17108,15113,27,15140,280
2020-08-15,San Luis Obispo,079,281455,2748,2461,11,2472,17
2020-08-15,San Mateo,081,765935,7762,6860,7,6867,118
2020-08-15,Santa Barbara,083,443738,7699,7338,67,7405,79
2020-08-15,Santa Clara,085,1922200,16398,14105,34,14139,183
2020-08-15,Santa Cruz,087,273765,1660,1449,12,1461,6
2020-08-15,Shasta,089,179085,573,458,3,461,9
2020-08-15,Sierra,091,2930,6,6,0,6,0
2020-08-15,Siskiyou,093,43540,117,100,0,100,0
2020-08-15,Solano,095,438530,5014,4477,30,4507,31
2020-08-15,Sonoma,097,501317,5008,4134,17,4151,45
2020-08-15,Stanislaus,099,539301,14000,12541,185,12726,149
2020-08-15,Sutter,101,95872,1167,1046,1,1047,8
2020-08-15,Tehama,103,63373,362,312,2,314,1
2020-08-15,Trinity,105,12862,36,6,6,12,0
2020-08-15,Tulare,107,460477,13440,12262,40,12302,211
2020-08-15,Tuolumne,109,53932,172,155,5,160,1
2020-08-15,Ventura,111,848112,10293,9379,49,9428,89
2020-08-15,Yolo,113,214977,2235,2031,4,2035,46
2020-08-15,Yuba,115,75493,731,623,2,625,1
2020-08-14,Alameda,001,1643700,16746,14909,114,15023,221
2020-08-14,Alpine,003,1148,2,2,0,2,0
2020-08-14,Amador,005,37829,259,209,0,209,9
2020-08-14,Butte,007,227075,1557,1384,42,1426,15
2020-08-14,Calaveras,009,45235,193,165,0,165,1
2020-08-14,Colusa,011,21464,426,399,0,399,5
2020-08-14,Contra Costa,013,1133247,12884,10893,41,10934,137
2020-08-14,Del Norte,015,27424,103,76,0,76,0
2020-08-14,El Dorado,017,186661,935,827,7,834,2
2020-08-14,Fresno,019,978130,25361,19900,251,20151,208
2020-08-14,Glenn,021,27897,420,395,0,395,2
2020-08-14,Humboldt,023,135768,340,294,1,295,4
2020-08-14,Imperial,025,180216,10894,8756,7,8763,185
2020-08-14,Inyo,027,18085,148,115,2,117,1
2020-08-14,Kern,029,883053,28221,25893,168,26061,249
2020-08-14,Kings,031,150075,5692,4953,25,4978,56
2020-08-14,Lake,033,64148,290,267,0,267,2
2020-08-14,Lassen,035,31185,711,665,2,667,0
2020-08-14,Los Angeles,037,10098052,226754,219083,836,219919,5222
2020-08-14,Madera,039,155013,3500,2876,20,2896,26
2020-08-14,Marin,041,260295,5872,5601,12,5613,46
2020-08-14,Mariposa,043,17540,70,61,0,61,2
2020-08-14,Mendocino,045,87422,512,432,0,432,8
2020-08-14,Merced,047,269075,7252,6466,4,6470,67
2020-08-14,Modoc,049,8938,7,5,0,5,0
2020-08-14,Mono,051,14174,162,126,3,129,1
2020-08-14,Monterey,053,433212,7057,6121,14,6135,41
2020-08-14,Napa,055,140530,1342,1230,3,1233,10
2020-08-14,Nevada,057,99092,404,377,13,390,2
2020-08-14,Orange,059,3164182,47695,42399,1020,43419,798
2020-08-14,Placer,061,380077,2775,2546,4,2550,26
2020-08-14,Plumas,063,18699,38,33,0,33,0
2020-08-14,Riverside,065,2383286,50350,46456,50,46506,891
2020-08-14,Sacramento,067,1510023,16053,13645,13,13658,212
2020-08-14,San Benito,069,59416,898,783,0,783,2
2020-08-14,San Bernardino,071,2135413,45821,40442,241,40683,594
2020-08-14,San Diego,073,3302833,36214,34067,177,34244,622
2020-08-14,San Francisco,075,870044,8662,7467,8,7475,69
2020-08-14,San Joaquin,077,732212,17008,14925,27,14952,276
2020-08-14,San Luis Obispo,079,281455,2733,2422,11,2433,17
2020-08-14,San Mateo,081,765935,7703,6655,7,6662,118
2020-08-14,Santa Barbara,083,443738,7649,7302,67,7369,77
2020-08-14,Santa Clara,085,1922200,16228,13785,33,13818,183
2020-08-14,Santa Cruz,087,273765,1638,1418,11,1429,6
2020-08-14,Shasta,089,179085,568,446,3,449,9
2020-08-14,Sierra,091,2930,6,5,0,5,0
2020-08-14,Siskiyou,093,43540,117,98,0,98,0
2020-08-14,Solano,095,438530,4993,4421,30,4451,31
2020-08-14,Sonoma,097,501317,4949,4087,14,4101,45
2020-08-14,Stanislaus,099,539301,13922,12379,181,12560,140
2020-08-14,Sutter,101,95872,1159,1039,1,1040,8
2020-08-14,Tehama,103,63373,357,305,2,307,1
2020-08-14,Trinity,105,12862,36,6,6,12,0
2020-08-14,Tulare,107,460477,13363,12009,40,12049,211
2020-08-14,Tuolumne,109,53932,171,155,5,160,1
2020-08-14,Ventura,111,848112,10218,9313,49,9362,89
2020-08-14,Yolo,113,214977,2221,1991,4,1995,45
2020-08-14,Yuba,115,75493,715,606,2,608,1
2020-08-13,Alameda,001,1643700,16465,14385,114,14499,218
2020-08-13,Alpine,003,1148,2,2,0,2,0
2020-08-13,Amador,005,37829,259,198,0,198,8
2020-08-13,Butte,007,227075,1533,1345,42,1387,15
2020-08-13,Calaveras,009,45235,191,162,0,162,1
2020-08-13,Colusa,011,21464,426,395,0,395,5
2020-08-13,Contra Costa,013,1133247,12730,10545,40,10585,136
2020-08-13,Del Norte,015,27424,102,74,0,74,0
2020-08-13,El Dorado,017,186661,930,803,7,810,2
2020-08-13,Fresno,019,978130,25134,19157,245,19402,201
2020-08-13,Glenn,021,27897,416,392,0,392,1
2020-08-13,Humboldt,023,135768,332,281,1,282,4
2020-08-13,Imperial,025,180216,10863,8640,7,8647,170
2020-08-13,Inyo,027,18085,144,97,2,99,1
2020-08-13,Kern,029,883053,28054,25472,165,25637,242
2020-08-13,Kings,031,150075,5657,4824,25,4849,52
2020-08-13,Lake,033,64148,285,263,0,263,2
2020-08-13,Lassen,035,31185,711,652,2,654,0
2020-08-13,Los Angeles,037,10098052,225374,216497,814,217311,5179
2020-08-13,Madera,039,155013,3456,2675,19,2694,25
2020-08-13,Marin,041,260295,5856,5503,12,5515,44
2020-08-13,Mariposa,043,17540,69,61,0,61,2
2020-08-13,Mendocino,045,87422,507,401,0,401,8
2020-08-13,Merced,047,269075,7135,5945,4,5949,63
2020-08-13,Modoc,049,8938,7,5,0,5,0
2020-08-13,Mono,051,14174,162,124,3,127,1
2020-08-13,Monterey,053,433212,6974,5925,14,5939,38
2020-08-13,Napa,055,140530,1333,1179,3,1182,10
2020-08-13,Nevada,057,99092,400,362,13,375,1
2020-08-13,Orange,059,3164182,47456,42019,1008,43027,773
2020-08-13,Placer,061,380077,2752,2460,4,2464,26
2020-08-13,Plumas,063,18699,38,32,0,32,0
2020-08-13,Riverside,065,2383286,50054,45327,50,45377,885
2020-08-13,Sacramento,067,1510023,15849,13237,13,13250,197
2020-08-13,San Benito,069,59416,869,757,0,757,2
2020-08-13,San Bernardino,071,2135413,45424,39395,234,39629,591
2020-08-13,San Diego,073,3302833,35978,33661,159,33820,627
2020-08-13,San Francisco,075,870044,8568,7277,8,7285,69
2020-08-13,San Joaquin,077,732212,16852,14537,26,14563,261
2020-08-13,San Luis Obispo,079,281455,2711,2283,11,2294,16
2020-08-13,San Mateo,081,765935,7641,6503,7,6510,117
2020-08-13,Santa Barbara,083,443738,7604,7129,66,7195,74
2020-08-13,Santa Clara,085,1922200,16006,13257,33,13290,182
2020-08-13,Santa Cruz,087,273765,1613,1383,11,1394,6
2020-08-13,Shasta,089,179085,563,428,3,431,9
2020-08-13,Sierra,091,2930,6,5,0,5,0
2020-08-13,Siskiyou,093,43540,117,95,0,95,0
2020-08-13,Solano,095,438530,4956,4305,30,4335,31
2020-08-13,Sonoma,097,501317,4875,3902,14,3916,45
2020-08-13,Stanislaus,099,539301,13793,11953,165,12118,136
2020-08-13,Sutter,101,95872,1138,992,1,993,8
2020-08-13,Tehama,103,63373,348,302,2,304,1
2020-08-13,Trinity,105,12862,35,6,6,12,0
2020-08-13,Tulare,107,460477,13219,11692,37,11729,210
2020-08-13,Tuolumne,109,53932,170,152,5,157,1
2020-08-13,Ventura,111,848112,10129,9114,49,9163,90
2020-08-13,Yolo,113,214977,2194,1938,4,1942,44
2020-08-13,Yuba,115,75493,699,568,2,570,1
2020-08-12,Alameda,001,1643700,16252,14214,114,14328,215
2020-08-12,Alpine,003,1148,2,2,0,2,0
2020-08-12,Amador,005,37829,256,197,0,197,8
2020-08-12,Butte,007,227075,1505,1317,42,1359,15
2020-08-12,Calaveras,009,45235,188,157,0,157,1
2020-08-12,Colusa,011,21464,421,394,0,394,5
2020-08-12,Contra Costa,013,1133247,12585,10304,39,10343,134
2020-08-12,Del Norte,015,27424,101,74,0,74,0
2020-08-12,El Dorado,017,186661,912,794,7,801,2
2020-08-12,Fresno,019,978130,24902,18690,239,18929,194
2020-08-12,Glenn,021,27897,413,388,0,388,1
2020-08-12,Humboldt,023,135768,325,281,1,282,4
2020-08-12,Imperial,025,180216,10840,8566,7,8573,167
2020-08-12,Inyo,027,18085,127,97,2,99,1
2020-08-12,Kern,029,883053,27862,25191,163,25354,232
2020-08-12,Kings,031,150075,5618,4736,25,4761,50
2020-08-12,Lake,033,64148,283,253,0,253,2
2020-08-12,Lassen,035,31185,710,651,2,653,0
2020-08-12,Los Angeles,037,10098052,223975,214542,798,215340,5119
2020-08-12,Madera,039,155013,3422,2681,17,2698,23
2020-08-12,Marin,041,260295,5834,5423,12,5435,44
2020-08-12,Mariposa,043,17540,69,61,0,61,2
2020-08-12,Mendocino,045,87422,488,386,0,386,9
2020-08-12,Merced,047,269075,7073,5777,4,5781,66
2020-08-12,Modoc,049,8938,7,5,0,5,0
2020-08-12,Mono,051,14174,161,124,3,127,1
2020-08-12,Monterey,053,433212,6870,5919,14,5933,38
2020-08-12,Napa,055,140530,1323,1161,3,1164,10
2020-08-12,Nevada,057,99092,395,357,13,370,1
2020-08-12,Orange,059,3164182,47205,41576,984,42560,754
2020-08-12,Placer,061,380077,2720,2417,4,2421,25
2020-08-12,Plumas,063,18699,38,31,0,31,0
2020-08-12,Riverside,065,2383286,49706,44747,50,44797,867
2020-08-12,Sacramento,067,1510023,15637,12528,13,12541,189
2020-08-12,San Benito,069,59416,856,751,0,751,2
2020-08-12,San Bernardino,071,2135413,45081,38811,225,39036,589
2020-08-12,San Diego,073,3302833,35769,33395,139,33534,608
2020-08-12,San Francisco,075,870044,8485,7194,8,7202,66
2020-08-12,San Joaquin,077,732212,16704,14154,26,14180,253
2020-08-12,San Luis Obispo,079,281455,2686,2263,11,2274,15
2020-08-12,San Mateo,081,765935,7562,6427,7,6434,117
2020-08-12,Santa Barbara,083,443738,7544,7049,64,7113,74
2020-08-12,Santa Clara,085,1922200,15831,13002,33,13035,182
2020-08-12,Santa Cruz,087,273765,1584,1382,10,1392,6
2020-08-12,Shasta,089,179085,559,417,3,420,9
2020-08-12,Sierra,091,2930,5,4,0,4,0
2020-08-12,Siskiyou,093,43540,116,90,0,90,0
2020-08-12,Solano,095,438530,4911,4258,30,4288,31
2020-08-12,Sonoma,097,501317,4801,3847,14,3861,47
2020-08-12,Stanislaus,099,539301,13653,11682,158,11840,136
2020-08-12,Sutter,101,95872,1114,987,1,988,7
2020-08-12,Tehama,103,63373,338,289,2,291,1
2020-08-12,Trinity,105,12862,34,6,6,12,0
2020-08-12,Tulare,107,460477,13091,11460,37,11497,211
2020-08-12,Tuolumne,109,53932,169,150,5,155,1
2020-08-12,Ventura,111,848112,10042,9005,49,9054,87
2020-08-12,Yolo,113,214977,2170,1921,4,1925,44
2020-08-12,Yuba,115,75493,677,549,1,550,1
2020-08-11,Alameda,001,1643700,15991,13960,111,14071,204
2020-08-11,Alpine,003,1148,2,2,0,2,0
2020-08-11,Amador,005,37829,250,187,0,187,3
2020-08-11,Butte,007,227075,1477,1296,42,1338,15
2020-08-11,Calaveras,009,45235,186,161,0,161,1
2020-08-11,Colusa,011,21464,416,390,0,390,5
2020-08-11,Contra Costa,013,1133247,12397,10012,37,10049,131
2020-08-11,Del Norte,015,27424,100,73,0,73,0
2020-08-11,El Dorado,017,186661,905,786,6,792,2
2020-08-11,Fresno,019,978130,24580,18344,236,18580,187
2020-08-11,Glenn,021,27897,411,380,0,380,1
2020-08-11,Humboldt,023,135768,320,283,1,284,4
2020-08-11,Imperial,025,180216,10785,8518,7,8525,165
2020-08-11,Inyo,027,18085,122,97,2,99,1
2020-08-11,Kern,029,883053,27527,25042,161,25203,230
2020-08-11,Kings,031,150075,5427,4696,25,4721,50
2020-08-11,Lake,033,64148,280,243,0,243,2
2020-08-11,Lassen,035,31185,704,605,2,607,0
2020-08-11,Los Angeles,037,10098052,222474,212421,775,213196,5065
2020-08-11,Madera,039,155013,3368,2673,17,2690,22
2020-08-11,Marin,041,260295,5807,5287,11,5298,44
2020-08-11,Mariposa,043,17540,68,60,0,60,2
2020-08-11,Mendocino,045,87422,478,385,0,385,9
2020-08-11,Merced,047,269075,6978,5322,3,5325,65
2020-08-11,Modoc,049,8938,7,5,0,5,0
2020-08-11,Mono,051,14174,161,124,3,127,1
2020-08-11,Monterey,053,433212,6761,5624,14,5638,36
2020-08-11,Napa,055,140530,1312,1143,2,1145,11
2020-08-11,Nevada,057,99092,392,358,13,371,1
2020-08-11,Orange,059,3164182,46984,41205,963,42168,742
2020-08-11,Placer,061,380077,2688,2393,4,2397,24
2020-08-11,Plumas,063,18699,38,31,0,31,0
2020-08-11,Riverside,065,2383286,49349,44237,50,44287,836
2020-08-11,Sacramento,067,1510023,15346,12298,13,12311,182
2020-08-11,San Benito,069,59416,844,750,0,750,2
2020-08-11,San Bernardino,071,2135413,44741,38467,218,38685,584
2020-08-11,San Diego,073,3302833,35502,33159,120,33279,602
2020-08-11,San Francisco,075,870044,8389,6988,8,6996,66
2020-08-11,San Joaquin,077,732212,16526,13997,21,14018,251
2020-08-11,San Luis Obispo,079,281455,2629,2234,11,2245,15
2020-08-11,San Mateo,081,765935,7488,6339,7,6346,117
2020-08-11,Santa Barbara,083,443738,7495,6942,64,7006,70
2020-08-11,Santa Clara,085,1922200,15610,12920,33,12953,183
2020-08-11,Santa Cruz,087,273765,1561,1352,10,1362,4
2020-08-11,Shasta,089,179085,555,416,3,419,9
2020-08-11,Sierra,091,2930,5,4,0,4,0
2020-08-11,Siskiyou,093,43540,116,90,0,90,0
2020-08-11,Solano,095,438530,4863,4206,29,4235,31
2020-08-11,Sonoma,097,501317,4706,3752,14,3766,45
2020-08-11,Stanislaus,099,539301,13549,11592,146,11738,128
2020-08-11,Sutter,101,95872,1092,964,1,965,7
2020-08-11,Tehama,103,63373,334,289,2,291,1
2020-08-11,Trinity,105,12862,34,5,6,11,0
2020-08-11,Tulare,107,460477,12966,11392,36,11428,201
2020-08-11,Tuolumne,109,53932,165,146,5,151,1
2020-08-11,Ventura,111,848112,9974,8953,48,9001,88
2020-08-11,Yolo,113,214977,2148,1912,4,1916,44
2020-08-11,Yuba,115,75493,666,540,1,541,1
2020-08-10,Alameda,001,1643700,15751,13420,109,13529,203
2020-08-10,Alpine,003,1148,2,2,0,2,0
2020-08-10,Amador,005,37829,249,172,0,172,2
2020-08-10,Butte,007,227075,1453,1174,40,1214,15
2020-08-10,Calaveras,009,45235,175,121,0,121,1
2020-08-10,Colusa,011,21464,414,387,0,387,4
2020-08-10,Contra Costa,013,1133247,12243,9454,35,9489,130
2020-08-10,Del Norte,015,27424,98,69,0,69,0
2020-08-10,El Dorado,017,186661,893,771,6,777,2
2020-08-10,Fresno,019,978130,24299,17978,236,18214,183
2020-08-10,Glenn,021,27897,408,381,0,381,1
2020-08-10,Humboldt,023,135768,314,277,1,278,4
2020-08-10,Imperial,025,180216,10741,8465,7,8472,165
2020-08-10,Inyo,027,18085,122,97,2,99,1
2020-08-10,Kern,029,883053,27301,24499,160,24659,215
2020-08-10,Kings,031,150075,5321,4588,25,4613,50
2020-08-10,Lake,033,64148,273,239,0,239,2
2020-08-10,Lassen,035,31185,704,588,2,590,0
2020-08-10,Los Angeles,037,10098052,220896,211035,757,211792,5003
2020-08-10,Madera,039,155013,3335,2365,17,2382,22
2020-08-10,Marin,041,260295,5762,5242,10,5252,44
2020-08-10,Mariposa,043,17540,68,57,0,57,2
2020-08-10,Mendocino,045,87422,454,364,0,364,1
2020-08-10,Merced,047,269075,6896,4913,3,4916,51
2020-08-10,Modoc,049,8938,7,5,0,5,0
2020-08-10,Mono,051,14174,161,123,3,126,1
2020-08-10,Monterey,053,433212,6651,5358,14,5372,34
2020-08-10,Napa,055,140530,1294,1084,2,1086,8
2020-08-10,Nevada,057,99092,384,356,13,369,1
2020-08-10,Orange,059,3164182,46714,40445,945,41390,721
2020-08-10,Placer,061,380077,2649,2298,4,2302,21
2020-08-10,Plumas,063,18699,38,27,0,27,0
2020-08-10,Riverside,065,2383286,48964,43296,49,43345,830
2020-08-10,Sacramento,067,1510023,15035,12059,13,12072,168
2020-08-10,San Benito,069,59416,831,743,0,743,2
2020-08-10,San Bernardino,071,2135413,44365,37367,209,37576,579
2020-08-10,San Diego,073,3302833,35236,32977,104,33081,594
2020-08-10,San Francisco,075,870044,8299,6816,7,6823,66
2020-08-10,San Joaquin,077,732212,16342,13308,21,13329,240
2020-08-10,San Luis Obispo,079,281455,2530,2208,11,2219,15
2020-08-10,San Mateo,081,765935,7411,6222,7,6229,117
2020-08-10,Santa Barbara,083,443738,7440,6869,64,6933,66
2020-08-10,Santa Clara,085,1922200,15350,12615,32,12647,182
2020-08-10,Santa Cruz,087,273765,1541,1239,9,1248,4
2020-08-10,Shasta,089,179085,551,384,3,387,9
2020-08-10,Sierra,091,2930,5,3,0,3,0
2020-08-10,Siskiyou,093,43540,113,88,0,88,0
2020-08-10,Solano,095,438530,4803,4101,29,4130,31
2020-08-10,Sonoma,097,501317,4537,3640,10,3650,42
2020-08-10,Stanislaus,099,539301,13366,10855,130,10985,106
2020-08-10,Sutter,101,95872,1067,865,1,866,7
2020-08-10,Tehama,103,63373,327,282,2,284,1
2020-08-10,Trinity,105,12862,31,5,6,11,0
2020-08-10,Tulare,107,460477,12793,10750,34,10784,194
2020-08-10,Tuolumne,109,53932,165,143,4,147,1
2020-08-10,Ventura,111,848112,9890,8851,47,8898,85
2020-08-10,Yolo,113,214977,2125,1840,4,1844,45
2020-08-10,Yuba,115,75493,649,527,1,528,1
2020-08-09,Alameda,001,1643700,15469,13241,107,13348,203
2020-08-09,Alpine,003,1148,2,2,0,2,0
2020-08-09,Amador,005,37829,244,153,0,153,2
2020-08-09,Butte,007,227075,1410,1155,40,1195,15
2020-08-09,Calaveras,009,45235,170,122,0,122,1
2020-08-09,Colusa,011,21464,410,371,0,371,4
2020-08-09,Contra Costa,013,1133247,12015,9214,34,9248,130
2020-08-09,Del Norte,015,27424,98,69,0,69,0
2020-08-09,El Dorado,017,186661,885,748,6,754,2
2020-08-09,Fresno,019,978130,23989,17846,232,18078,183
2020-08-09,Glenn,021,27897,406,354,0,354,1
2020-08-09,Humboldt,023,135768,308,279,1,280,4
2020-08-09,Imperial,025,180216,10698,8310,6,8316,165
2020-08-09,Inyo,027,18085,117,86,1,87,1
2020-08-09,Kern,029,883053,27045,23680,160,23840,215
2020-08-09,Kings,031,150075,5278,4446,24,4470,50
2020-08-09,Lake,033,64148,266,225,0,225,2
2020-08-09,Lassen,035,31185,698,589,2,591,0
2020-08-09,Los Angeles,037,10098052,218834,208810,735,209545,4984
2020-08-09,Madera,039,155013,3277,2322,13,2335,22
2020-08-09,Marin,041,260295,5719,5204,10,5214,44
2020-08-09,Mariposa,043,17540,66,56,0,56,2
2020-08-09,Mendocino,045,87422,444,283,0,283,1
2020-08-09,Merced,047,269075,6799,4735,2,4737,51
2020-08-09,Modoc,049,8938,7,4,0,4,0
2020-08-09,Mono,051,14174,160,113,3,116,1
2020-08-09,Monterey,053,433212,6527,5199,14,5213,34
2020-08-09,Napa,055,140530,1275,1062,2,1064,8
2020-08-09,Nevada,057,99092,376,332,13,345,1
2020-08-09,Orange,059,3164182,46415,39244,930,40174,722
2020-08-09,Placer,061,380077,2620,2211,4,2215,20
2020-08-09,Plumas,063,18699,38,27,0,27,0
2020-08-09,Riverside,065,2383286,48617,41894,49,41943,828
2020-08-09,Sacramento,067,1510023,14756,11301,13,11314,167
2020-08-09,San Benito,069,59416,812,687,0,687,2
2020-08-09,San Bernardino,071,2135413,43888,36092,209,36301,579
2020-08-09,San Diego,073,3302833,34945,32749,93,32842,594
2020-08-09,San Francisco,075,870044,8184,6820,7,6827,66
2020-08-09,San Joaquin,077,732212,16137,12933,20,12953,240
2020-08-09,San Luis Obispo,079,281455,2494,2124,11,2135,15
2020-08-09,San Mateo,081,765935,7316,6094,7,6101,117
2020-08-09,Santa Barbara,083,443738,7352,6669,64,6733,66
2020-08-09,Santa Clara,085,1922200,15080,11878,32,11910,181
2020-08-09,Santa Cruz,087,273765,1517,1246,9,1255,4
2020-08-09,Shasta,089,179085,547,361,3,364,9
2020-08-09,Sierra,091,2930,5,3,0,3,0
2020-08-09,Siskiyou,093,43540,112,74,0,74,0
2020-08-09,Solano,095,438530,4750,3954,28,3982,31
2020-08-09,Sonoma,097,501317,4401,3531,8,3539,41
2020-08-09,Stanislaus,099,539301,13158,10264,117,10381,106
2020-08-09,Sutter,101,95872,1033,857,1,858,7
2020-08-09,Tehama,103,63373,319,265,2,267,1
2020-08-09,Trinity,105,12862,31,5,6,11,0
2020-08-09,Tulare,107,460477,12603,10630,31,10661,194
2020-08-09,Tuolumne,109,53932,161,143,4,147,1
2020-08-09,Ventura,111,848112,9742,8633,46,8679,85
2020-08-09,Yolo,113,214977,2094,1765,4,1769,44
2020-08-09,Yuba,115,75493,629,442,1,443,1
2020-08-08,Alameda,001,1643700,15359,13087,107,13194,204
2020-08-08,Alpine,003,1148,2,2,0,2,0
2020-08-08,Amador,005,37829,244,139,0,139,2
2020-08-08,Butte,007,227075,1392,1140,40,1180,15
2020-08-08,Calaveras,009,45235,169,122,0,122,1
2020-08-08,Colusa,011,21464,409,368,0,368,4
2020-08-08,Contra Costa,013,1133247,11906,9104,34,9138,129
2020-08-08,Del Norte,015,27424,97,69,0,69,0
2020-08-08,El Dorado,017,186661,878,734,6,740,2
2020-08-08,Fresno,019,978130,23852,17538,230,17768,183
2020-08-08,Glenn,021,27897,406,344,0,344,1
2020-08-08,Humboldt,023,135768,305,277,1,278,4
2020-08-08,Imperial,025,180216,10683,8213,6,8219,165
2020-08-08,Inyo,027,18085,113,86,1,87,1
2020-08-08,Kern,029,883053,26931,22803,160,22963,215
2020-08-08,Kings,031,150075,5264,4367,24,4391,49
2020-08-08,Lake,033,64148,264,221,0,221,2
2020-08-08,Lassen,035,31185,698,589,2,591,0
2020-08-08,Los Angeles,037,10098052,217950,206971,724,207695,4974
2020-08-08,Madera,039,155013,3246,2275,13,2288,22
2020-08-08,Marin,041,260295,5699,5118,10,5128,44
2020-08-08,Mariposa,043,17540,65,55,0,55,2
2020-08-08,Mendocino,045,87422,442,264,0,264,1
2020-08-08,Merced,047,269075,6759,4570,2,4572,51
2020-08-08,Modoc,049,8938,7,4,0,4,0
2020-08-08,Mono,051,14174,160,113,3,116,1
2020-08-08,Monterey,053,433212,6469,5101,14,5115,33
2020-08-08,Napa,055,140530,1267,1062,2,1064,8
2020-08-08,Nevada,057,99092,374,325,13,338,1
2020-08-08,Orange,059,3164182,46285,38688,921,39609,718
2020-08-08,Placer,061,380077,2604,2153,4,2157,20
2020-08-08,Plumas,063,18699,38,27,0,27,0
2020-08-08,Riverside,065,2383286,48412,41412,49,41461,823
2020-08-08,Sacramento,067,1510023,14626,11144,13,11157,166
2020-08-08,San Benito,069,59416,804,684,0,684,2
2020-08-08,San Bernardino,071,2135413,43694,35691,208,35899,531
2020-08-08,San Diego,073,3302833,34756,32332,84,32416,593
2020-08-08,San Francisco,075,870044,8118,6820,7,6827,66
2020-08-08,San Joaquin,077,732212,16057,12559,19,12578,240
2020-08-08,San Luis Obispo,079,281455,2471,2081,11,2092,15
2020-08-08,San Mateo,081,765935,7258,6021,7,6028,117
2020-08-08,Santa Barbara,083,443738,7314,6598,64,6662,66
2020-08-08,Santa Clara,085,1922200,14928,11615,32,11647,181
2020-08-08,Santa Cruz,087,273765,1503,1247,9,1256,4
2020-08-08,Shasta,089,179085,545,343,3,346,9
2020-08-08,Sierra,091,2930,5,3,0,3,0
2020-08-08,Siskiyou,093,43540,112,73,0,73,0
2020-08-08,Solano,095,438530,4729,3889,27,3916,31
2020-08-08,Sonoma,097,501317,4370,3399,8,3407,41
2020-08-08,Stanislaus,099,539301,13083,9963,112,10075,105
2020-08-08,Sutter,101,95872,1023,830,1,831,7
2020-08-08,Tehama,103,63373,318,251,2,253,1
2020-08-08,Trinity,105,12862,31,5,6,11,0
2020-08-08,Tulare,107,460477,12528,10505,31,10536,192
2020-08-08,Tuolumne,109,53932,161,143,4,147,1
2020-08-08,Ventura,111,848112,9687,8462,45,8507,85
2020-08-08,Yolo,113,214977,2081,1725,4,1729,44
2020-08-08,Yuba,115,75493,620,430,1,431,1
2020-08-07,Alameda,001,1643700,15249,12805,107,12912,204
2020-08-07,Alpine,003,1148,2,2,0,2,0
2020-08-07,Amador,005,37829,242,125,0,125,2
2020-08-07,Butte,007,227075,1374,1092,40,1132,13
2020-08-07,Calaveras,009,45235,169,119,0,119,1
2020-08-07,Colusa,011,21464,408,358,0,358,4
2020-08-07,Contra Costa,013,1133247,11758,8810,34,8844,126
2020-08-07,Del Norte,015,27424,97,69,0,69,0
2020-08-07,El Dorado,017,186661,873,724,6,730,2
2020-08-07,Fresno,019,978130,23692,17290,230,17520,171
2020-08-07,Glenn,021,27897,405,339,0,339,1
2020-08-07,Humboldt,023,135768,301,274,1,275,4
2020-08-07,Imperial,025,180216,10658,8085,6,8091,164
2020-08-07,Inyo,027,18085,112,81,1,82,1
2020-08-07,Kern,029,883053,26805,22143,158,22301,206
2020-08-07,Kings,031,150075,5247,4315,24,4339,48
2020-08-07,Lake,033,64148,262,215,0,215,1
2020-08-07,Lassen,035,31185,697,588,2,590,0
2020-08-07,Los Angeles,037,10098052,216483,204406,713,205119,4924
2020-08-07,Madera,039,155013,3214,2245,13,2258,20
2020-08-07,Marin,041,260295,5670,5094,10,5104,43
2020-08-07,Mariposa,043,17540,65,53,0,53,2
2020-08-07,Mendocino,045,87422,428,262,0,262,1
2020-08-07,Merced,047,269075,6716,4358,2,4360,30
2020-08-07,Modoc,049,8938,7,4,0,4,0
2020-08-07,Mono,051,14174,160,112,3,115,1
2020-08-07,Monterey,053,433212,6394,5041,14,5055,33
2020-08-07,Napa,055,140530,1262,1055,2,1057,8
2020-08-07,Nevada,057,99092,371,324,13,337,1
2020-08-07,Orange,059,3164182,46074,38459,904,39363,701
2020-08-07,Placer,061,380077,2586,2078,4,2082,20
2020-08-07,Plumas,063,18699,38,25,0,25,0
2020-08-07,Riverside,065,2383286,48148,40902,48,40950,810
2020-08-07,Sacramento,067,1510023,14481,10798,13,10811,160
2020-08-07,San Benito,069,59416,798,647,0,647,2
2020-08-07,San Bernardino,071,2135413,43447,35200,207,35407,524
2020-08-07,San Diego,073,3302833,34571,31781,81,31862,586
2020-08-07,San Francisco,075,870044,8040,6765,7,6772,66
2020-08-07,San Joaquin,077,732212,15970,12392,19,12411,223
2020-08-07,San Luis Obispo,079,281455,2440,2050,11,2061,14
2020-08-07,San Mateo,081,765935,7198,5948,7,5955,117
2020-08-07,Santa Barbara,083,443738,7263,6509,64,6573,66
2020-08-07,Santa Clara,085,1922200,14729,11409,32,11441,180
2020-08-07,Santa Cruz,087,273765,1485,1234,9,1243,5
2020-08-07,Shasta,089,179085,540,342,3,345,9
2020-08-07,Sierra,091,2930,5,3,0,3,0
2020-08-07,Siskiyou,093,43540,109,73,0,73,0
2020-08-07,Solano,095,438530,4697,3844,26,3870,31
2020-08-07,Sonoma,097,501317,4304,3329,8,3337,34
2020-08-07,Stanislaus,099,539301,12961,9665,102,9767,98
2020-08-07,Sutter,101,95872,1019,807,1,808,6
2020-08-07,Tehama,103,63373,314,246,2,248,1
2020-08-07,Trinity,105,12862,30,5,6,11,0
2020-08-07,Tulare,107,460477,12451,10292,31,10323,195
2020-08-07,Tuolumne,109,53932,160,136,4,140,1
2020-08-07,Ventura,111,848112,9627,8356,43,8399,84
2020-08-07,Yolo,113,214977,2054,1689,4,1693,37
2020-08-07,Yuba,115,75493,615,413,1,414,1
2020-08-06,Alameda,001,1643700,15027,12474,106,12580,200
2020-08-06,Alpine,003,1148,2,2,0,2,0
2020-08-06,Amador,005,37829,228,125,0,125,0
2020-08-06,Butte,007,227075,1355,1060,40,1100,13
2020-08-06,Calaveras,009,45235,167,117,0,117,1
2020-08-06,Colusa,011,21464,405,358,0,358,3
2020-08-06,Contra Costa,013,1133247,11564,8583,33,8616,124
2020-08-06,Del Norte,015,27424,97,69,0,69,0
2020-08-06,El Dorado,017,186661,862,703,6,709,1
2020-08-06,Fresno,019,978130,23395,17031,223,17254,161
2020-08-06,Glenn,021,27897,400,332,0,332,1
2020-08-06,Humboldt,023,135768,296,266,1,267,4
2020-08-06,Imperial,025,180216,10615,8064,6,8070,163
2020-08-06,Inyo,027,18085,104,83,1,84,1
2020-08-06,Kern,029,883053,26569,21843,157,22000,197
2020-08-06,Kings,031,150075,5185,4264,23,4287,47
2020-08-06,Lake,033,64148,259,209,0,209,1
2020-08-06,Lassen,035,31185,695,588,2,590,0
2020-08-06,Los Angeles,037,10098052,214410,201372,697,202069,4874
2020-08-06,Madera,039,155013,3166,2240,12,2252,19
2020-08-06,Marin,041,260295,5638,5058,10,5068,43
2020-08-06,Mariposa,043,17540,64,52,0,52,2
2020-08-06,Mendocino,045,87422,414,260,0,260,1
2020-08-06,Merced,047,269075,6614,4235,2,4237,30
2020-08-06,Modoc,049,8938,7,4,0,4,0
2020-08-06,Mono,051,14174,159,111,3,114,1
2020-08-06,Monterey,053,433212,6285,5001,13,5014,33
2020-08-06,Napa,055,140530,1248,1032,2,1034,8
2020-08-06,Nevada,057,99092,366,321,13,334,1
2020-08-06,Orange,059,3164182,45782,38399,899,39298,694
2020-08-06,Placer,061,380077,2560,2045,4,2049,20
2020-08-06,Plumas,063,18699,37,25,0,25,0
2020-08-06,Riverside,065,2383286,47754,40269,48,40317,781
2020-08-06,Sacramento,067,1510023,14253,10548,13,10561,153
2020-08-06,San Benito,069,59416,790,626,0,626,2
2020-08-06,San Bernardino,071,2135413,43042,34819,205,35024,516
2020-08-06,San Diego,073,3302833,34304,31129,74,31203,583
2020-08-06,San Francisco,075,870044,7947,6737,6,6743,60
2020-08-06,San Joaquin,077,732212,15811,12269,19,12288,203
2020-08-06,San Luis Obispo,079,281455,2416,2000,10,2010,13
2020-08-06,San Mateo,081,765935,7098,5885,7,5892,117
2020-08-06,Santa Barbara,083,443738,7203,6620,64,6684,65
2020-08-06,Santa Clara,085,1922200,14500,11280,32,11312,178
2020-08-06,Santa Cruz,087,273765,1464,1215,9,1224,4
2020-08-06,Shasta,089,179085,531,343,3,346,9
2020-08-06,Sierra,091,2930,5,3,0,3,0
2020-08-06,Siskiyou,093,43540,109,73,0,73,0
2020-08-06,Solano,095,438530,4653,3784,26,3810,29
2020-08-06,Sonoma,097,501317,4240,3259,8,3267,33
2020-08-06,Stanislaus,099,539301,12811,9566,86,9652,98
2020-08-06,Sutter,101,95872,988,797,1,798,6
2020-08-06,Tehama,103,63373,311,242,2,244,1
2020-08-06,Trinity,105,12862,27,5,6,11,0
2020-08-06,Tulare,107,460477,12291,10169,31,10200,195
2020-08-06,Tuolumne,109,53932,159,136,4,140,1
2020-08-06,Ventura,111,848112,9512,8245,40,8285,80
2020-08-06,Yolo,113,214977,2030,1662,4,1666,36
2020-08-06,Yuba,115,75493,606,407,0,407,1
2020-08-05,Alameda,001,1643700,14811,12140,106,12246,193
2020-08-05,Alpine,003,1148,2,2,0,2,0
2020-08-05,Amador,005,37829,218,123,0,123,0
2020-08-05,Butte,007,227075,1322,1038,38,1076,13
2020-08-05,Calaveras,009,45235,164,116,0,116,1
2020-08-05,Colusa,011,21464,401,354,0,354,3
2020-08-05,Contra Costa,013,1133247,11395,8362,33,8395,122
2020-08-05,Del Norte,015,27424,96,69,0,69,0
2020-08-05,El Dorado,017,186661,854,692,6,698,1
2020-08-05,Fresno,019,978130,23151,16625,218,16843,159
2020-08-05,Glenn,021,27897,397,330,0,330,1
2020-08-05,Humboldt,023,135768,294,249,1,250,4
2020-08-05,Imperial,025,180216,10580,8036,6,8042,163
2020-08-05,Inyo,027,18085,102,62,1,63,1
2020-08-05,Kern,029,883053,26381,21540,152,21692,194
2020-08-05,Kings,031,150075,5140,4192,22,4214,47
2020-08-05,Lake,033,64148,252,209,0,209,1
2020-08-05,Lassen,035,31185,648,557,2,559,0
2020-08-05,Los Angeles,037,10098052,212489,198355,676,199031,4832
2020-08-05,Madera,039,155013,3124,2172,12,2184,19
2020-08-05,Marin,041,260295,5606,5036,10,5046,43
2020-08-05,Mariposa,043,17540,64,52,0,52,2
2020-08-05,Mendocino,045,87422,402,248,0,248,1
2020-08-05,Merced,047,269075,6479,4119,2,4121,30
2020-08-05,Modoc,049,8938,7,3,0,3,0
2020-08-05,Mono,051,14174,159,104,3,107,1
2020-08-05,Monterey,053,433212,6170,4936,13,4949,32
2020-08-05,Napa,055,140530,1236,1020,2,1022,8
2020-08-05,Nevada,057,99092,357,327,13,340,2
2020-08-05,Orange,059,3164182,45473,37907,891,38798,663
2020-08-05,Placer,061,380077,2519,1989,4,1993,18
2020-08-05,Plumas,063,18699,36,25,0,25,0
2020-08-05,Riverside,065,2383286,47360,39454,46,39500,761
2020-08-05,Sacramento,067,1510023,14035,10261,12,10273,151
2020-08-05,San Benito,069,59416,781,613,0,613,2
2020-08-05,San Bernardino,071,2135413,42580,34442,200,34642,504
2020-08-05,San Diego,073,3302833,34080,30866,58,30924,578
2020-08-05,San Francisco,075,870044,7854,6701,6,6707,60
2020-08-05,San Joaquin,077,732212,15650,12148,19,12167,199
2020-08-05,San Luis Obispo,079,281455,2392,1928,10,1938,13
2020-08-05,San Mateo,081,765935,7003,5695,7,5702,116
2020-08-05,Santa Barbara,083,443738,7143,6597,64,6661,63
2020-08-05,Santa Clara,085,1922200,14266,11074,32,11106,176
2020-08-05,Santa Cruz,087,273765,1444,1192,7,1199,4
2020-08-05,Shasta,089,179085,525,338,3,341,9
2020-08-05,Sierra,091,2930,5,3,0,3,0
2020-08-05,Siskiyou,093,43540,105,72,0,72,0
2020-08-05,Solano,095,438530,4602,3750,25,3775,29
2020-08-05,Sonoma,097,501317,4157,3173,8,3181,33
2020-08-05,Stanislaus,099,539301,12652,9408,81,9489,97
2020-08-05,Sutter,101,95872,977,780,1,781,6
2020-08-05,Tehama,103,63373,308,231,2,233,1
2020-08-05,Trinity,105,12862,27,5,6,11,0
2020-08-05,Tulare,107,460477,12150,9924,31,9955,192
2020-08-05,Tuolumne,109,53932,159,137,4,141,0
2020-08-05,Ventura,111,848112,9396,8162,36,8198,75
2020-08-05,Yolo,113,214977,2002,1634,4,1638,36
2020-08-05,Yuba,115,75493,589,400,0,400,1
2020-08-04,Alameda,001,1643700,14594,11983,105,12088,192
2020-08-04,Alpine,003,1148,2,2,0,2,0
2020-08-04,Amador,005,37829,203,123,0,123,0
2020-08-04,Butte,007,227075,1298,1011,37,1048,10
2020-08-04,Calaveras,009,45235,160,116,0,116,1
2020-08-04,Colusa,011,21464,396,354,0,354,3
2020-08-04,Contra Costa,013,1133247,11228,8210,33,8243,122
2020-08-04,Del Norte,015,27424,94,69,0,69,0
2020-08-04,El Dorado,017,186661,844,668,6,674,1
2020-08-04,Fresno,019,978130,22865,16272,211,16483,154
2020-08-04,Glenn,021,27897,396,325,0,325,1
2020-08-04,Humboldt,023,135768,284,241,1,242,4
2020-08-04,Imperial,025,180216,10543,7974,6,7980,163
2020-08-04,Inyo,027,18085,88,59,1,60,1
2020-08-04,Kern,029,883053,26098,21403,152,21555,190
2020-08-04,Kings,031,150075,5075,4163,22,4185,47
2020-08-04,Lake,033,64148,252,206,0,206,1
2020-08-04,Lassen,035,31185,645,556,2,558,0
2020-08-04,Los Angeles,037,10098052,210548,196014,650,196664,4764
2020-08-04,Madera,039,155013,3081,2161,8,2169,19
2020-08-04,Marin,041,260295,5575,5020,9,5029,43
2020-08-04,Mariposa,043,17540,64,51,0,51,2
2020-08-04,Mendocino,045,87422,377,248,0,248,1
2020-08-04,Merced,047,269075,6365,4085,2,4087,30
2020-08-04,Modoc,049,8938,7,3,0,3,0
2020-08-04,Mono,051,14174,158,104,2,106,1
2020-08-04,Monterey,053,433212,6056,4892,13,4905,32
2020-08-04,Napa,055,140530,1223,994,0,994,8
2020-08-04,Nevada,057,99092,356,322,13,335,2
2020-08-04,Orange,059,3164182,45097,37844,885,38729,659
2020-08-04,Placer,061,380077,2482,1964,4,1968,17
2020-08-04,Plumas,063,18699,36,25,0,25,0
2020-08-04,Riverside,065,2383286,46974,38991,45,39036,743
2020-08-04,Sacramento,067,1510023,13816,10205,12,10217,146
2020-08-04,San Benito,069,59416,765,608,0,608,2
2020-08-04,San Bernardino,071,2135413,42030,34215,195,34410,495
2020-08-04,San Diego,073,3302833,33787,30518,46,30564,568
2020-08-04,San Francisco,075,870044,7766,6568,6,6574,60
2020-08-04,San Joaquin,077,732212,15522,12087,16,12103,189
2020-08-04,San Luis Obispo,079,281455,2362,1886,10,1896,13
2020-08-04,San Mateo,081,765935,6897,5690,7,5697,116
2020-08-04,Santa Barbara,083,443738,7083,6591,64,6655,61
2020-08-04,Santa Clara,085,1922200,13964,10986,31,11017,175
2020-08-04,Santa Cruz,087,273765,1425,1202,7,1209,4
2020-08-04,Shasta,089,179085,519,335,3,338,9
2020-08-04,Sierra,091,2930,5,1,0,1,0
2020-08-04,Siskiyou,093,43540,103,71,0,71,0
2020-08-04,Solano,095,438530,4531,3690,25,3715,29
2020-08-04,Sonoma,097,501317,4090,3108,8,3116,33
2020-08-04,Stanislaus,099,539301,12483,9359,74,9433,97
2020-08-04,Sutter,101,95872,963,761,1,762,6
2020-08-04,Tehama,103,63373,301,226,2,228,1
2020-08-04,Trinity,105,12862,27,5,6,11,0
2020-08-04,Tulare,107,460477,11970,9866,31,9897,192
2020-08-04,Tuolumne,109,53932,158,127,4,131,0
2020-08-04,Ventura,111,848112,9282,8134,34,8168,75
2020-08-04,Yolo,113,214977,1976,1626,4,1630,37
2020-08-04,Yuba,115,75493,574,398,0,398,1
2020-08-03,Alameda,001,1643700,14414,11817,102,11919,189
2020-08-03,Alpine,003,1148,2,2,0,2,0
2020-08-03,Amador,005,37829,199,119,0,119,0
2020-08-03,Butte,007,227075,1252,989,34,1023,9
2020-08-03,Calaveras,009,45235,157,117,0,117,1
2020-08-03,Colusa,011,21464,392,336,0,336,2
2020-08-03,Contra Costa,013,1133247,11031,8069,30,8099,120
2020-08-03,Del Norte,015,27424,90,68,0,68,0
2020-08-03,El Dorado,017,186661,833,645,6,651,1
2020-08-03,Fresno,019,978130,22571,15945,205,16150,151
2020-08-03,Glenn,021,27897,389,316,0,316,1
2020-08-03,Humboldt,023,135768,277,234,1,235,4
2020-08-03,Imperial,025,180216,10488,7953,6,7959,161
2020-08-03,Inyo,027,18085,85,57,1,58,1
2020-08-03,Kern,029,883053,25731,21285,145,21430,176
2020-08-03,Kings,031,150075,4963,4107,21,4128,47
2020-08-03,Lake,033,64148,245,201,0,201,1
2020-08-03,Lassen,035,31185,645,555,2,557,0
2020-08-03,Los Angeles,037,10098052,208510,194103,622,194725,4706
2020-08-03,Madera,039,155013,3032,2143,7,2150,18
2020-08-03,Marin,041,260295,5528,5001,9,5010,43
2020-08-03,Mariposa,043,17540,63,52,0,52,2
2020-08-03,Mendocino,045,87422,354,248,0,248,1
2020-08-03,Merced,047,269075,6243,4028,2,4030,29
2020-08-03,Modoc,049,8938,7,2,0,2,0
2020-08-03,Mono,051,14174,158,104,2,106,1
2020-08-03,Monterey,053,433212,5905,4806,10,4816,28
2020-08-03,Napa,055,140530,1209,973,0,973,8
2020-08-03,Nevada,057,99092,352,315,13,328,2
2020-08-03,Orange,059,3164182,44703,37705,875,38580,651
2020-08-03,Placer,061,380077,2426,1947,3,1950,16
2020-08-03,Plumas,063,18699,36,25,0,25,0
2020-08-03,Riverside,065,2383286,46506,38642,45,38687,740
2020-08-03,Sacramento,067,1510023,13621,10143,12,10155,142
2020-08-03,San Benito,069,59416,753,603,0,603,2
2020-08-03,San Bernardino,071,2135413,41505,33979,189,34168,444
2020-08-03,San Diego,073,3302833,33473,30228,36,30264,565
2020-08-03,San Francisco,075,870044,7672,6319,6,6325,60
2020-08-03,San Joaquin,077,732212,15325,12007,15,12022,189
2020-08-03,San Luis Obispo,079,281455,2320,1863,8,1871,14
2020-08-03,San Mateo,081,765935,6816,5661,7,5668,115
2020-08-03,Santa Barbara,083,443738,7039,6580,64,6644,59
2020-08-03,Santa Clara,085,1922200,13687,10747,31,10778,172
2020-08-03,Santa Cruz,087,273765,1405,1154,7,1161,4
2020-08-03,Shasta,089,179085,512,322,3,325,9
2020-08-03,Sierra,091,2930,5,1,0,1,0
2020-08-03,Siskiyou,093,43540,99,67,0,67,0
2020-08-03,Solano,095,438530,4462,3610,24,3634,29
2020-08-03,Sonoma,097,501317,3989,3079,7,3086,33
2020-08-03,Stanislaus,099,539301,12274,9308,66,9374,96
2020-08-03,Sutter,101,95872,939,713,1,714,6
2020-08-03,Tehama,103,63373,293,225,2,227,1
2020-08-03,Trinity,105,12862,27,5,6,11,0
2020-08-03,Tulare,107,460477,11786,9703,31,9734,188
2020-08-03,Tuolumne,109,53932,158,123,4,127,0
2020-08-03,Ventura,111,848112,9191,8084,31,8115,74
2020-08-03,Yolo,113,214977,1941,1598,3,1601,37
2020-08-03,Yuba,115,75493,550,393,0,393,1
2020-08-02,Alameda,001,1643700,14168,11696,90,11786,188
2020-08-02,Alpine,003,1148,2,2,0,2,0
2020-08-02,Amador,005,37829,194,117,0,117,0
2020-08-02,Butte,007,227075,1217,987,33,1020,9
2020-08-02,Calaveras,009,45235,154,116,0,116,1
2020-08-02,Colusa,011,21464,387,335,0,335,2
2020-08-02,Contra Costa,013,1133247,10792,7995,30,8025,118
2020-08-02,Del Norte,015,27424,89,68,0,68,0
2020-08-02,El Dorado,017,186661,823,643,6,649,1
2020-08-02,Fresno,019,978130,22296,15759,199,15958,151
2020-08-02,Glenn,021,27897,388,315,0,315,1
2020-08-02,Humboldt,023,135768,272,232,1,233,4
2020-08-02,Imperial,025,180216,10425,7919,6,7925,157
2020-08-02,Inyo,027,18085,84,45,1,46,1
2020-08-02,Kern,029,883053,25433,21162,143,21305,176
2020-08-02,Kings,031,150075,4901,3964,20,3984,47
2020-08-02,Lake,033,64148,240,201,0,201,1
2020-08-02,Lassen,035,31185,645,555,2,557,0
2020-08-02,Los Angeles,037,10098052,206419,192480,604,193084,4698
2020-08-02,Madera,039,155013,2966,2123,5,2128,18
2020-08-02,Marin,041,260295,5493,4985,9,4994,43
2020-08-02,Mariposa,043,17540,61,52,0,52,2
2020-08-02,Mendocino,045,87422,344,247,0,247,1
2020-08-02,Merced,047,269075,6102,4011,2,4013,29
2020-08-02,Modoc,049,8938,7,2,0,2,0
2020-08-02,Mono,051,14174,151,104,2,106,1
2020-08-02,Monterey,053,433212,5779,4698,10,4708,28
2020-08-02,Napa,055,140530,1195,956,0,956,8
2020-08-02,Nevada,057,99092,349,314,13,327,2
2020-08-02,Orange,059,3164182,44322,37266,864,38130,651
2020-08-02,Placer,061,380077,2387,1920,3,1923,15
2020-08-02,Plumas,063,18699,36,25,0,25,0
2020-08-02,Riverside,065,2383286,46073,38507,44,38551,735
2020-08-02,Sacramento,067,1510023,13342,10099,12,10111,142
2020-08-02,San Benito,069,59416,739,599,0,599,2
2020-08-02,San Bernardino,071,2135413,40903,33643,185,33828,443
2020-08-02,San Diego,073,3302833,33133,29885,27,29912,565
2020-08-02,San Francisco,075,870044,7554,6297,6,6303,60
2020-08-02,San Joaquin,077,732212,15044,11937,13,11950,189
2020-08-02,San Luis Obispo,079,281455,2257,1821,8,1829,14
2020-08-02,San Mateo,081,765935,6701,5618,7,5625,115
2020-08-02,Santa Barbara,083,443738,6949,6532,64,6596,59
2020-08-02,Santa Clara,085,1922200,13467,10577,31,10608,172
2020-08-02,Santa Cruz,087,273765,1385,1162,7,1169,4
2020-08-02,Shasta,089,179085,508,318,3,321,9
2020-08-02,Sierra,091,2930,4,1,0,1,0
2020-08-02,Siskiyou,093,43540,99,65,0,65,0
2020-08-02,Solano,095,438530,4403,3609,24,3633,29
2020-08-02,Sonoma,097,501317,3904,3005,7,3012,33
2020-08-02,Stanislaus,099,539301,12059,9277,61,9338,96
2020-08-02,Sutter,101,95872,904,714,1,715,6
2020-08-02,Tehama,103,63373,287,222,2,224,1
2020-08-02,Trinity,105,12862,27,5,6,11,0
2020-08-02,Tulare,107,460477,11577,9593,31,9624,188
2020-08-02,Tuolumne,109,53932,155,123,4,127,0
2020-08-02,Ventura,111,848112,9044,8014,31,8045,73
2020-08-02,Yolo,113,214977,1916,1588,3,1591,37
2020-08-02,Yuba,115,75493,530,393,0,393,1
2020-08-01,Alameda,001,1643700,14056,11590,90,11680,188
2020-08-01,Alpine,003,1148,2,2,0,2,0
2020-08-01,Amador,005,37829,190,109,0,109,0
2020-08-01,Butte,007,227075,1203,976,33,1009,9
2020-08-01,Calaveras,009,45235,150,116,0,116,1
2020-08-01,Colusa,011,21464,386,327,0,327,2
2020-08-01,Contra Costa,013,1133247,10659,7867,29,7896,116
2020-08-01,Del Norte,015,27424,89,68,0,68,0
2020-08-01,El Dorado,017,186661,820,637,6,643,1
2020-08-01,Fresno,019,978130,22159,15448,199,15647,149
2020-08-01,Glenn,021,27897,387,311,0,311,1
2020-08-01,Humboldt,023,135768,271,232,1,233,4
2020-08-01,Imperial,025,180216,10389,7919,6,7925,156
2020-08-01,Inyo,027,18085,82,45,1,46,1
2020-08-01,Kern,029,883053,25275,20796,139,20935,176
2020-08-01,Kings,031,150075,4875,3948,20,3968,47
2020-08-01,Lake,033,64148,238,194,0,194,1
2020-08-01,Lassen,035,31185,644,555,2,557,0
2020-08-01,Los Angeles,037,10098052,205527,191023,577,191600,4674
2020-08-01,Madera,039,155013,2927,2103,5,2108,18
2020-08-01,Marin,041,260295,5478,4945,9,4954,43
2020-08-01,Mariposa,043,17540,61,50,0,50,2
2020-08-01,Mendocino,045,87422,337,243,0,243,1
2020-08-01,Merced,047,269075,6054,3972,2,3974,29
2020-08-01,Modoc,049,8938,7,2,0,2,0
2020-08-01,Mono,051,14174,150,104,2,106,1
2020-08-01,Monterey,053,433212,5712,4611,9,4620,28
2020-08-01,Napa,055,140530,1186,923,0,923,8
2020-08-01,Nevada,057,99092,345,305,13,318,2
2020-08-01,Orange,059,3164182,44095,36703,858,37561,648
2020-08-01,Placer,061,380077,2353,1891,3,1894,14
2020-08-01,Plumas,063,18699,35,25,0,25,0
2020-08-01,Riverside,065,2383286,45861,38216,42,38258,704
2020-08-01,Sacramento,067,1510023,13191,10044,12,10056,141
2020-08-01,San Benito,069,59416,728,579,0,579,2
2020-08-01,San Bernardino,071,2135413,40667,32947,184,33131,440
2020-08-01,San Diego,073,3302833,32916,29579,19,29598,565
2020-08-01,San Francisco,075,870044,7493,6296,6,6302,60
2020-08-01,San Joaquin,077,732212,14969,11807,12,11819,189
2020-08-01,San Luis Obispo,079,281455,2228,1798,8,1806,13
2020-08-01,San Mateo,081,765935,6647,5520,7,5527,115
2020-08-01,Santa Barbara,083,443738,6909,6465,64,6529,59
2020-08-01,Santa Clara,085,1922200,13316,10281,30,10311,171
2020-08-01,Santa Cruz,087,273765,1369,1164,7,1171,4
2020-08-01,Shasta,089,179085,503,312,3,315,9
2020-08-01,Sierra,091,2930,3,1,0,1,0
2020-08-01,Siskiyou,093,43540,99,64,0,64,0
2020-08-01,Solano,095,438530,4369,3591,23,3614,29
2020-08-01,Sonoma,097,501317,3858,2890,7,2897,29
2020-08-01,Stanislaus,099,539301,11941,9221,54,9275,96
2020-08-01,Sutter,101,95872,900,714,1,715,6
2020-08-01,Tehama,103,63373,284,220,2,222,1
2020-08-01,Trinity,105,12862,27,5,6,11,0
2020-08-01,Tulare,107,460477,11509,9520,31,9551,188
2020-08-01,Tuolumne,109,53932,155,123,4,127,0
2020-08-01,Ventura,111,848112,8998,7819,31,7850,73
2020-08-01,Yolo,113,214977,1906,1557,3,1560,37
2020-08-01,Yuba,115,75493,525,387,0,387,1
2020-07-31,Alameda,001,1643700,13927,11441,90,11531,187
2020-07-31,Alpine,003,1148,2,2,0,2,0
2020-07-31,Amador,005,37829,189,98,0,98,0
2020-07-31,Butte,007,227075,1180,925,33,958,7
2020-07-31,Calaveras,009,45235,150,112,0,112,1
2020-07-31,Colusa,011,21464,376,319,0,319,2
2020-07-31,Contra Costa,013,1133247,10512,7697,28,7725,113
2020-07-31,Del Norte,015,27424,88,68,0,68,0
2020-07-31,El Dorado,017,186661,809,616,6,622,1
2020-07-31,Fresno,019,978130,21938,15083,199,15282,133
2020-07-31,Glenn,021,27897,380,304,0,304,1
2020-07-31,Humboldt,023,135768,264,229,1,230,4
2020-07-31,Imperial,025,180216,10357,7886,5,7891,155
2020-07-31,Inyo,027,18085,72,45,1,46,1
2020-07-31,Kern,029,883053,25034,20061,135,20196,173
2020-07-31,Kings,031,150075,4847,3807,20,3827,45
2020-07-31,Lake,033,64148,237,191,0,191,1
2020-07-31,Lassen,035,31185,639,544,2,546,0
2020-07-31,Los Angeles,037,10098052,203928,188688,564,189252,4628
2020-07-31,Madera,039,155013,2880,2036,5,2041,19
2020-07-31,Marin,041,260295,5434,4885,6,4891,43
2020-07-31,Mariposa,043,17540,61,49,0,49,2
2020-07-31,Mendocino,045,87422,322,232,0,232,1
2020-07-31,Merced,047,269075,5971,3789,2,3791,30
2020-07-31,Modoc,049,8938,6,0,0,0,0
2020-07-31,Mono,051,14174,149,104,2,106,1
2020-07-31,Monterey,053,433212,5620,4493,9,4502,24
2020-07-31,Napa,055,140530,1174,897,0,897,7
2020-07-31,Nevada,057,99092,343,302,13,315,2
2020-07-31,Orange,059,3164182,43796,36196,841,37037,620
2020-07-31,Placer,061,380077,2328,1853,3,1856,14
2020-07-31,Plumas,063,18699,34,25,0,25,0
2020-07-31,Riverside,065,2383286,45471,37612,41,37653,694
2020-07-31,Sacramento,067,1510023,13013,9872,12,9884,132
2020-07-31,San Benito,069,59416,720,567,0,567,2
2020-07-31,San Bernardino,071,2135413,40337,32332,182,32514,434
2020-07-31,San Diego,073,3302833,32682,29050,11,29061,561
2020-07-31,San Francisco,075,870044,7393,6126,6,6132,60
2020-07-31,San Joaquin,077,732212,14829,11561,12,11573,177
2020-07-31,San Luis Obispo,079,281455,2159,1746,8,1754,12
2020-07-31,San Mateo,081,765935,6575,5416,7,5423,115
2020-07-31,Santa Barbara,083,443738,6842,6375,64,6439,58
2020-07-31,Santa Clara,085,1922200,13095,9863,30,9893,171
2020-07-31,Santa Cruz,087,273765,1346,1118,7,1125,4
2020-07-31,Shasta,089,179085,493,305,3,308,9
2020-07-31,Sierra,091,2930,3,1,0,1,0
2020-07-31,Siskiyou,093,43540,97,61,0,61,0
2020-07-31,Solano,095,438530,4321,3510,22,3532,29
2020-07-31,Sonoma,097,501317,3800,2745,7,2752,27
2020-07-31,Stanislaus,099,539301,11835,9061,49,9110,94
2020-07-31,Sutter,101,95872,895,714,1,715,6
2020-07-31,Tehama,103,63373,281,213,2,215,1
2020-07-31,Trinity,105,12862,27,5,6,11,0
2020-07-31,Tulare,107,460477,11388,9365,31,9396,184
2020-07-31,Tuolumne,109,53932,155,120,4,124,0
2020-07-31,Ventura,111,848112,8923,7521,31,7552,71
2020-07-31,Yolo,113,214977,1880,1522,3,1525,38
2020-07-31,Yuba,115,75493,516,369,0,369,1
2020-07-30,Alameda,001,1643700,13722,11303,52,11355,185
2020-07-30,Alpine,003,1148,2,2,0,2,0
2020-07-30,Amador,005,37829,171,97,0,97,0
2020-07-30,Butte,007,227075,1164,915,33,948,7
2020-07-30,Calaveras,009,45235,146,111,0,111,1
2020-07-30,Colusa,011,21464,373,315,0,315,2
2020-07-30,Contra Costa,013,1133247,10328,7615,27,7642,112
2020-07-30,Del Norte,015,27424,88,68,0,68,0
2020-07-30,El Dorado,017,186661,802,608,6,614,1
2020-07-30,Fresno,019,978130,21602,14793,193,14986,133
2020-07-30,Glenn,021,27897,373,297,0,297,1
2020-07-30,Humboldt,023,135768,262,228,1,229,4
2020-07-30,Imperial,025,180216,10298,7849,5,7854,151
2020-07-30,Inyo,027,18085,68,44,1,45,1
2020-07-30,Kern,029,883053,24741,19552,131,19683,171
2020-07-30,Kings,031,150075,4743,3785,20,3805,43
2020-07-30,Lake,033,64148,231,181,0,181,1
2020-07-30,Lassen,035,31185,636,544,2,546,0
2020-07-30,Los Angeles,037,10098052,201899,186177,534,186711,4564
2020-07-30,Madera,039,155013,2810,2007,5,2012,18
2020-07-30,Marin,041,260295,5392,4835,5,4840,39
2020-07-30,Mariposa,043,17540,61,49,0,49,1
2020-07-30,Mendocino,045,87422,315,232,0,232,1
2020-07-30,Merced,047,269075,5807,3695,2,3697,30
2020-07-30,Modoc,049,8938,6,0,0,0,0
2020-07-30,Mono,051,14174,148,104,2,106,1
2020-07-30,Monterey,053,433212,5508,4352,9,4361,24
2020-07-30,Napa,055,140530,1157,874,0,874,7
2020-07-30,Nevada,057,99092,338,292,13,305,2
2020-07-30,Orange,059,3164182,43381,36105,817,36922,607
2020-07-30,Placer,061,380077,2277,1821,3,1824,14
2020-07-30,Plumas,063,18699,33,25,0,25,0
2020-07-30,Riverside,065,2383286,44929,37308,41,37349,685
2020-07-30,Sacramento,067,1510023,12794,9704,12,9716,126
2020-07-30,San Benito,069,59416,707,558,0,558,2
2020-07-30,San Bernardino,071,2135413,39813,32010,182,32192,427
2020-07-30,San Diego,073,3302833,32335,28670,9,28679,558
2020-07-30,San Francisco,075,870044,7292,6107,6,6113,59
2020-07-30,San Joaquin,077,732212,14633,11435,12,11447,161
2020-07-30,San Luis Obispo,079,281455,2123,1703,8,1711,12
2020-07-30,San Mateo,081,765935,6480,5369,7,5376,115
2020-07-30,Santa Barbara,083,443738,6762,6273,64,6337,52
2020-07-30,Santa Clara,085,1922200,12862,9708,29,9737,170
2020-07-30,Santa Cruz,087,273765,1318,1087,7,1094,4
2020-07-30,Shasta,089,179085,489,306,3,309,8
2020-07-30,Sierra,091,2930,3,1,0,1,0
2020-07-30,Siskiyou,093,43540,96,60,0,60,0
2020-07-30,Solano,095,438530,4270,3463,22,3485,29
2020-07-30,Sonoma,097,501317,3729,2684,7,2691,25
2020-07-30,Stanislaus,099,539301,11622,8890,41,8931,94
2020-07-30,Sutter,101,95872,876,698,1,699,6
2020-07-30,Tehama,103,63373,278,208,2,210,1
2020-07-30,Trinity,105,12862,26,4,6,10,0
2020-07-30,Tulare,107,460477,11259,9167,31,9198,177
2020-07-30,Tuolumne,109,53932,154,119,4,123,0
2020-07-30,Ventura,111,848112,8811,7304,29,7333,69
2020-07-30,Yolo,113,214977,1860,1511,3,1514,37
2020-07-30,Yuba,115,75493,503,362,0,362,1
2020-07-29,Alameda,001,1643700,13501,11177,47,11224,180
2020-07-29,Alpine,003,1148,2,2,0,2,0
2020-07-29,Amador,005,37829,163,80,0,80,0
2020-07-29,Butte,007,227075,1138,889,31,920,7
2020-07-29,Calaveras,009,45235,139,107,0,107,1
2020-07-29,Colusa,011,21464,369,302,0,302,2
2020-07-29,Contra Costa,013,1133247,10124,7520,27,7547,108
2020-07-29,Del Norte,015,27424,88,68,0,68,0
2020-07-29,El Dorado,017,186661,792,588,6,594,1
2020-07-29,Fresno,019,978130,21311,14312,193,14505,125
2020-07-29,Glenn,021,27897,366,294,0,294,1
2020-07-29,Humboldt,023,135768,259,221,1,222,4
2020-07-29,Imperial,025,180216,10250,7825,5,7830,147
2020-07-29,Inyo,027,18085,63,44,1,45,1
2020-07-29,Kern,029,883053,24402,19073,128,19201,162
2020-07-29,Kings,031,150075,4695,3755,20,3775,43
2020-07-29,Lake,033,64148,229,179,0,179,1
2020-07-29,Lassen,035,31185,621,513,2,515,0
2020-07-29,Los Angeles,037,10098052,199873,183600,517,184117,4523
2020-07-29,Madera,039,155013,2756,1941,5,1946,18
2020-07-29,Marin,041,260295,5354,4747,5,4752,34
2020-07-29,Mariposa,043,17540,60,47,0,47,1
2020-07-29,Mendocino,045,87422,307,228,0,228,0
2020-07-29,Merced,047,269075,5667,3605,2,3607,25
2020-07-29,Modoc,049,8938,5,0,0,0,0
2020-07-29,Mono,051,14174,145,102,2,104,1
2020-07-29,Monterey,053,433212,5408,4252,9,4261,24
2020-07-29,Napa,055,140530,1129,866,0,866,7
2020-07-29,Nevada,057,99092,334,288,13,301,1
2020-07-29,Orange,059,3164182,42947,35339,806,36145,589
2020-07-29,Placer,061,380077,2245,1798,3,1801,14
2020-07-29,Plumas,063,18699,33,25,0,25,0
2020-07-29,Riverside,065,2383286,44338,36968,41,37009,678
2020-07-29,Sacramento,067,1510023,12548,9538,12,9550,122
2020-07-29,San Benito,069,59416,692,537,0,537,2
2020-07-29,San Bernardino,071,2135413,39324,31168,171,31339,417
2020-07-29,San Diego,073,3302833,32010,28289,8,28297,552
2020-07-29,San Francisco,075,870044,7198,6041,6,6047,56
2020-07-29,San Joaquin,077,732212,14384,11249,9,11258,154
2020-07-29,San Luis Obispo,079,281455,2102,1673,8,1681,11
2020-07-29,San Mateo,081,765935,6392,5305,7,5312,114
2020-07-29,Santa Barbara,083,443738,6695,6215,64,6279,31
2020-07-29,Santa Clara,085,1922200,12656,9567,29,9596,165
2020-07-29,Santa Cruz,087,273765,1294,1051,7,1058,4
2020-07-29,Shasta,089,179085,477,297,3,300,8
2020-07-29,Sierra,091,2930,2,1,0,1,0
2020-07-29,Siskiyou,093,43540,94,58,0,58,0
2020-07-29,Solano,095,438530,4216,3380,22,3402,29
2020-07-29,Sonoma,097,501317,3651,2598,7,2605,26
2020-07-29,Stanislaus,099,539301,11401,8745,35,8780,94
2020-07-29,Sutter,101,95872,848,678,1,679,6
2020-07-29,Tehama,103,63373,274,206,2,208,1
2020-07-29,Trinity,105,12862,26,4,6,10,0
2020-07-29,Tulare,107,460477,11088,9028,31,9059,156
2020-07-29,Tuolumne,109,53932,154,118,4,122,0
2020-07-29,Ventura,111,848112,8706,7161,29,7190,68
2020-07-29,Yolo,113,214977,1834,1488,3,1491,36
2020-07-29,Yuba,115,75493,487,350,0,350,1
2020-07-28,Alameda,001,1643700,13271,10875,46,10921,180
2020-07-28,Alpine,003,1148,2,2,0,2,0
2020-07-28,Amador,005,37829,153,77,0,77,0
2020-07-28,Butte,007,227075,1103,857,31,888,7
2020-07-28,Calaveras,009,45235,138,105,0,105,1
2020-07-28,Colusa,011,21464,363,290,0,290,2
2020-07-28,Contra Costa,013,1133247,9902,7426,27,7453,107
2020-07-28,Del Norte,015,27424,87,68,0,68,0
2020-07-28,El Dorado,017,186661,777,558,6,564,1
2020-07-28,Fresno,019,978130,20976,13933,187,14120,125
2020-07-28,Glenn,021,27897,364,289,0,289,1
2020-07-28,Humboldt,023,135768,258,218,1,219,4
2020-07-28,Imperial,025,180216,10214,7804,5,7809,145
2020-07-28,Inyo,027,18085,61,43,1,44,1
2020-07-28,Kern,029,883053,24039,18834,122,18956,155
2020-07-28,Kings,031,150075,4649,3721,20,3741,41
2020-07-28,Lake,033,64148,225,179,0,179,1
2020-07-28,Lassen,035,31185,615,508,2,510,0
2020-07-28,Los Angeles,037,10098052,197641,179107,496,179603,4435
2020-07-28,Madera,039,155013,2690,1889,5,1894,18
2020-07-28,Marin,041,260295,5285,4698,5,4703,23
2020-07-28,Mariposa,043,17540,58,45,0,45,1
2020-07-28,Mendocino,045,87422,296,222,0,222,0
2020-07-28,Merced,047,269075,5522,3446,2,3448,23
2020-07-28,Modoc,049,8938,4,0,0,0,0
2020-07-28,Mono,051,14174,144,102,2,104,1
2020-07-28,Monterey,053,433212,5288,4047,9,4056,22
2020-07-28,Napa,055,140530,1107,824,0,824,6
2020-07-28,Nevada,057,99092,329,278,13,291,1
2020-07-28,Orange,059,3164182,42489,34832,792,35624,582
2020-07-28,Placer,061,380077,2209,1759,3,1762,14
2020-07-28,Plumas,063,18699,33,22,0,22,0
2020-07-28,Riverside,065,2383286,43737,36458,41,36499,668
2020-07-28,Sacramento,067,1510023,12289,9429,11,9440,117
2020-07-28,San Benito,069,59416,682,503,0,503,2
2020-07-28,San Bernardino,071,2135413,38801,30493,167,30660,412
2020-07-28,San Diego,073,3302833,31660,28007,6,28013,547
2020-07-28,San Francisco,075,870044,7085,5888,6,5894,56
2020-07-28,San Joaquin,077,732212,14102,10958,6,10964,141
2020-07-28,San Luis Obispo,079,281455,2069,1636,8,1644,9
2020-07-28,San Mateo,081,765935,6319,5171,7,5178,114
2020-07-28,Santa Barbara,083,443738,6631,6110,62,6172,31
2020-07-28,Santa Clara,085,1922200,12422,9307,29,9336,165
2020-07-28,Santa Cruz,087,273765,1267,1018,7,1025,4
2020-07-28,Shasta,089,179085,465,275,3,278,8
2020-07-28,Sierra,091,2930,2,1,0,1,0
2020-07-28,Siskiyou,093,43540,90,57,0,57,0
2020-07-28,Solano,095,438530,4169,3292,21,3313,29
2020-07-28,Sonoma,097,501317,3576,2553,7,2560,20
2020-07-28,Stanislaus,099,539301,11179,8492,27,8519,92
2020-07-28,Sutter,101,95872,811,653,0,653,2
2020-07-28,Tehama,103,63373,269,199,2,201,1
2020-07-28,Trinity,105,12862,26,3,6,9,0
2020-07-28,Tulare,107,460477,10901,8787,31,8818,96
2020-07-28,Tuolumne,109,53932,153,116,4,120,0
2020-07-28,Ventura,111,848112,8580,7045,28,7073,68
2020-07-28,Yolo,113,214977,1806,1459,3,1462,36
2020-07-28,Yuba,115,75493,470,333,0,333,1
2020-07-27,Alameda,001,1643700,13043,10645,43,10688,176
2020-07-27,Alpine,003,1148,2,2,0,2,0
2020-07-27,Amador,005,37829,148,72,0,72,0
2020-07-27,Butte,007,227075,1076,843,31,874,7
2020-07-27,Calaveras,009,45235,134,103,0,103,1
2020-07-27,Colusa,011,21464,356,271,0,271,2
2020-07-27,Contra Costa,013,1133247,9679,7256,27,7283,104
2020-07-27,Del Norte,015,27424,86,67,0,67,0
2020-07-27,El Dorado,017,186661,765,548,6,554,1
2020-07-27,Fresno,019,978130,20627,13485,181,13666,117
2020-07-27,Glenn,021,27897,362,277,0,277,1
2020-07-27,Humboldt,023,135768,253,218,1,219,4
2020-07-27,Imperial,025,180216,10164,7789,5,7794,144
2020-07-27,Inyo,027,18085,61,43,1,44,1
2020-07-27,Kern,029,883053,23537,17994,116,18110,148
2020-07-27,Kings,031,150075,4400,3685,20,3705,39
2020-07-27,Lake,033,64148,221,176,0,176,1
2020-07-27,Lassen,035,31185,615,503,2,505,0
2020-07-27,Los Angeles,037,10098052,195214,176351,478,176829,4379
2020-07-27,Madera,039,155013,2625,1793,5,1798,17
2020-07-27,Marin,041,260295,5197,4669,5,4674,22
2020-07-27,Mariposa,043,17540,58,43,0,43,1
2020-07-27,Mendocino,045,87422,282,209,0,209,0
2020-07-27,Merced,047,269075,5382,3292,2,3294,23
2020-07-27,Modoc,049,8938,3,0,0,0,0
2020-07-27,Mono,051,14174,140,99,2,101,1
2020-07-27,Monterey,053,433212,5099,3960,9,3969,21
2020-07-27,Napa,055,140530,1092,769,0,769,6
2020-07-27,Nevada,057,99092,325,268,13,281,1
2020-07-27,Orange,059,3164182,42049,34649,776,35425,566
2020-07-27,Placer,061,380077,2159,1679,3,1682,12
2020-07-27,Plumas,063,18699,33,22,0,22,0
2020-07-27,Riverside,065,2383286,43058,35822,41,35863,667
2020-07-27,Sacramento,067,1510023,11996,9091,11,9102,114
2020-07-27,San Benito,069,59416,667,498,0,498,2
2020-07-27,San Bernardino,071,2135413,38209,29928,157,30085,401
2020-07-27,San Diego,073,3302833,31286,27509,5,27514,533
2020-07-27,San Francisco,075,870044,6998,5825,6,5831,55
2020-07-27,San Joaquin,077,732212,13814,10728,6,10734,129
2020-07-27,San Luis Obispo,079,281455,2023,1612,8,1620,9
2020-07-27,San Mateo,081,765935,6210,5108,7,5115,113
2020-07-27,Santa Barbara,083,443738,6552,6026,60,6086,30
2020-07-27,Santa Clara,085,1922200,12153,9157,28,9185,166
2020-07-27,Santa Cruz,087,273765,1243,984,7,991,4
2020-07-27,Shasta,089,179085,458,275,3,278,8
2020-07-27,Sierra,091,2930,2,1,0,1,0
2020-07-27,Siskiyou,093,43540,88,54,0,54,0
2020-07-27,Solano,095,438530,4102,3198,20,3218,29
2020-07-27,Sonoma,097,501317,3485,2504,7,2511,20
2020-07-27,Stanislaus,099,539301,10954,8288,19,8307,84
2020-07-27,Sutter,101,95872,785,620,0,620,2
2020-07-27,Tehama,103,63373,261,192,2,194,1
2020-07-27,Trinity,105,12862,26,3,6,9,0
2020-07-27,Tulare,107,460477,10683,8462,31,8493,172
2020-07-27,Tuolumne,109,53932,150,115,4,119,0
2020-07-27,Ventura,111,848112,8452,6998,27,7025,68
2020-07-27,Yolo,113,214977,1761,1439,3,1442,33
2020-07-27,Yuba,115,75493,450,328,0,328,1
2020-07-26,Alameda,001,1643700,12804,10489,42,10531,176
2020-07-26,Alpine,003,1148,2,2,0,2,0
2020-07-26,Amador,005,37829,142,67,0,67,0
2020-07-26,Butte,007,227075,1039,822,30,852,5
2020-07-26,Calaveras,009,45235,131,103,0,103,1
2020-07-26,Colusa,011,21464,347,270,0,270,2
2020-07-26,Contra Costa,013,1133247,9441,7095,27,7122,104
2020-07-26,Del Norte,015,27424,84,67,0,67,0
2020-07-26,El Dorado,017,186661,747,539,6,545,1
2020-07-26,Fresno,019,978130,20236,13209,173,13382,117
2020-07-26,Glenn,021,27897,354,265,0,265,1
2020-07-26,Humboldt,023,135768,247,214,1,215,4
2020-07-26,Imperial,025,180216,10092,7781,5,7786,144
2020-07-26,Inyo,027,18085,56,43,1,44,1
2020-07-26,Kern,029,883053,23012,17394,113,17507,148
2020-07-26,Kings,031,150075,4341,3591,20,3611,39
2020-07-26,Lake,033,64148,213,174,0,174,1
2020-07-26,Lassen,035,31185,574,503,2,505,0
2020-07-26,Los Angeles,037,10098052,192645,174322,460,174782,4364
2020-07-26,Madera,039,155013,2538,1744,5,1749,17
2020-07-26,Marin,041,260295,5151,4595,5,4600,22
2020-07-26,Mariposa,043,17540,56,43,0,43,1
2020-07-26,Mendocino,045,87422,273,206,0,206,0
2020-07-26,Merced,047,269075,5202,3251,2,3253,23
2020-07-26,Modoc,049,8938,3,0,0,0,0
2020-07-26,Mono,051,14174,136,82,2,84,1
2020-07-26,Monterey,053,433212,4933,3901,9,3910,21
2020-07-26,Napa,055,140530,1073,769,0,769,6
2020-07-26,Nevada,057,99092,322,261,13,274,1
2020-07-26,Orange,059,3164182,41524,34352,745,35097,564
2020-07-26,Placer,061,380077,2095,1628,3,1631,12
2020-07-26,Plumas,063,18699,33,22,0,22,0
2020-07-26,Riverside,065,2383286,42498,35636,41,35677,665
2020-07-26,Sacramento,067,1510023,11690,8972,11,8983,114
2020-07-26,San Benito,069,59416,655,495,0,495,2
2020-07-26,San Bernardino,071,2135413,37568,29545,149,29694,400
2020-07-26,San Diego,073,3302833,30890,26986,4,26990,533
2020-07-26,San Francisco,075,870044,6892,5823,6,5829,55
2020-07-26,San Joaquin,077,732212,13522,10637,6,10643,129
2020-07-26,San Luis Obispo,079,281455,1981,1565,8,1573,8
2020-07-26,San Mateo,081,765935,6105,5078,7,5085,113
2020-07-26,Santa Barbara,083,443738,6451,5939,60,5999,30
2020-07-26,Santa Clara,085,1922200,11924,8986,28,9014,166
2020-07-26,Santa Cruz,087,273765,1216,970,7,977,4
2020-07-26,Shasta,089,179085,451,265,3,268,8
2020-07-26,Sierra,091,2930,2,1,0,1,0
2020-07-26,Siskiyou,093,43540,86,54,0,54,0
2020-07-26,Solano,095,438530,4023,3197,18,3215,29
2020-07-26,Sonoma,097,501317,3396,2503,6,2509,20
2020-07-26,Stanislaus,099,539301,10691,8228,18,8246,84
2020-07-26,Sutter,101,95872,771,612,0,612,2
2020-07-26,Tehama,103,63373,254,175,2,177,1
2020-07-26,Trinity,105,12862,26,3,6,9,0
2020-07-26,Tulare,107,460477,10477,8392,31,8423,172
2020-07-26,Tuolumne,109,53932,145,113,4,117,0
2020-07-26,Ventura,111,848112,8245,6844,27,6871,67
2020-07-26,Yolo,113,214977,1730,1408,3,1411,33
2020-07-26,Yuba,115,75493,431,313,0,313,1
2020-07-25,Alameda,001,1643700,12707,10361,40,10401,176
2020-07-25,Alpine,003,1148,2,2,0,2,0
2020-07-25,Amador,005,37829,139,67,0,67,0
2020-07-25,Butte,007,227075,1030,810,30,840,5
2020-07-25,Calaveras,009,45235,128,103,0,103,1
2020-07-25,Colusa,011,21464,340,265,0,265,2
2020-07-25,Contra Costa,013,1133247,9298,6920,27,6947,104
2020-07-25,Del Norte,015,27424,84,67,0,67,0
2020-07-25,El Dorado,017,186661,736,528,6,534,1
2020-07-25,Fresno,019,978130,20049,12866,173,13039,117
2020-07-25,Glenn,021,27897,352,260,0,260,1
2020-07-25,Humboldt,023,135768,244,212,1,213,4
2020-07-25,Imperial,025,180216,10066,7727,5,7732,144
2020-07-25,Inyo,027,18085,55,43,1,44,1
2020-07-25,Kern,029,883053,22794,16910,112,17022,148
2020-07-25,Kings,031,150075,4324,3516,20,3536,39
2020-07-25,Lake,033,64148,211,173,0,173,1
2020-07-25,Lassen,035,31185,574,503,2,505,0
2020-07-25,Los Angeles,037,10098052,191510,172611,454,173065,4357
2020-07-25,Madera,039,155013,2506,1724,5,1729,17
2020-07-25,Marin,041,260295,5135,4562,5,4567,22
2020-07-25,Mariposa,043,17540,55,43,0,43,1
2020-07-25,Mendocino,045,87422,267,190,0,190,0
2020-07-25,Merced,047,269075,5123,3176,2,3178,23
2020-07-25,Modoc,049,8938,3,0,0,0,0
2020-07-25,Mono,051,14174,136,82,2,84,1
2020-07-25,Monterey,053,433212,4856,3805,9,3814,21
2020-07-25,Napa,055,140530,1060,746,0,746,6
2020-07-25,Nevada,057,99092,320,257,13,270,1
2020-07-25,Orange,059,3164182,41305,33978,724,34702,561
2020-07-25,Placer,061,380077,2079,1596,3,1599,12
2020-07-25,Plumas,063,18699,33,22,0,22,0
2020-07-25,Riverside,065,2383286,42229,34921,41,34962,655
2020-07-25,Sacramento,067,1510023,11544,8674,11,8685,113
2020-07-25,San Benito,069,59416,639,492,0,492,2
2020-07-25,San Bernardino,071,2135413,37290,29265,146,29411,394
2020-07-25,San Diego,073,3302833,30629,26703,3,26706,533
2020-07-25,San Francisco,075,870044,6834,5644,6,5650,55
2020-07-25,San Joaquin,077,732212,13396,10347,5,10352,129
2020-07-25,San Luis Obispo,079,281455,1961,1530,7,1537,8
2020-07-25,San Mateo,081,765935,6042,5023,7,5030,113
2020-07-25,Santa Barbara,083,443738,6416,5880,60,5940,30
2020-07-25,Santa Clara,085,1922200,11790,8767,28,8795,166
2020-07-25,Santa Cruz,087,273765,1199,939,7,946,4
2020-07-25,Shasta,089,179085,446,263,1,264,8
2020-07-25,Sierra,091,2930,2,1,0,1,0
2020-07-25,Siskiyou,093,43540,84,54,0,54,0
2020-07-25,Solano,095,438530,3983,3107,16,3123,29
2020-07-25,Sonoma,097,501317,3357,2412,6,2418,20
2020-07-25,Stanislaus,099,539301,10588,7994,14,8008,84
2020-07-25,Sutter,101,95872,752,603,0,603,2
2020-07-25,Tehama,103,63373,253,169,2,171,1
2020-07-25,Trinity,105,12862,26,3,6,9,0
2020-07-25,Tulare,107,460477,10377,8310,31,8341,172
2020-07-25,Tuolumne,109,53932,144,99,4,103,0
2020-07-25,Ventura,111,848112,8172,6662,27,6689,62
2020-07-25,Yolo,113,214977,1714,1357,3,1360,35
2020-07-25,Yuba,115,75493,425,312,0,312,1
2020-07-24,Alameda,001,1643700,12566,10216,37,10253,176
2020-07-24,Alpine,003,1148,2,2,0,2,0
2020-07-24,Amador,005,37829,137,66,0,66,0
2020-07-24,Butte,007,227075,1018,751,30,781,5
2020-07-24,Calaveras,009,45235,124,102,0,102,0
2020-07-24,Colusa,011,21464,337,255,0,255,2
2020-07-24,Contra Costa,013,1133247,9153,6814,27,6841,100
2020-07-24,Del Norte,015,27424,84,66,0,66,0
2020-07-24,El Dorado,017,186661,714,516,6,522,1
2020-07-24,Fresno,019,978130,19824,12564,173,12737,115
2020-07-24,Glenn,021,27897,349,251,0,251,1
2020-07-24,Humboldt,023,135768,241,210,1,211,4
2020-07-24,Imperial,025,180216,10044,7686,5,7691,141
2020-07-24,Inyo,027,18085,55,41,1,42,1
2020-07-24,Kern,029,883053,22553,16124,112,16236,143
2020-07-24,Kings,031,150075,4294,3471,20,3491,39
2020-07-24,Lake,033,64148,209,167,0,167,1
2020-07-24,Lassen,035,31185,574,503,2,505,0
2020-07-24,Los Angeles,037,10098052,189485,169078,443,169521,4302
2020-07-24,Madera,039,155013,2473,1679,5,1684,16
2020-07-24,Marin,041,260295,5108,4517,5,4522,22
2020-07-24,Mariposa,043,17540,55,41,0,41,1
2020-07-24,Mendocino,045,87422,260,188,0,188,0
2020-07-24,Merced,047,269075,5038,3100,2,3102,23
2020-07-24,Modoc,049,8938,3,0,0,0,0
2020-07-24,Mono,051,14174,135,82,2,84,1
2020-07-24,Monterey,053,433212,4784,3748,9,3757,21
2020-07-24,Napa,055,140530,1047,741,0,741,6
2020-07-24,Nevada,057,99092,317,255,13,268,1
2020-07-24,Orange,059,3164182,41018,33530,708,34238,557
2020-07-24,Placer,061,380077,2048,1551,3,1554,12
2020-07-24,Plumas,063,18699,33,22,0,22,0
2020-07-24,Riverside,065,2383286,41805,34513,40,34553,631
2020-07-24,Sacramento,067,1510023,11356,8570,11,8581,110
2020-07-24,San Benito,069,59416,632,485,0,485,2
2020-07-24,San Bernardino,071,2135413,36919,28990,141,29131,386
2020-07-24,San Diego,073,3302833,30329,26100,3,26103,524
2020-07-24,San Francisco,075,870044,6740,5611,6,5617,55
2020-07-24,San Joaquin,077,732212,13247,10190,5,10195,118
2020-07-24,San Luis Obispo,079,281455,1937,1476,7,1483,8
2020-07-24,San Mateo,081,765935,5979,4954,7,4961,112
2020-07-24,Santa Barbara,083,443738,6363,5776,58,5834,30
2020-07-24,Santa Clara,085,1922200,11625,8658,28,8686,165
2020-07-24,Santa Cruz,087,273765,1179,930,7,937,4
2020-07-24,Shasta,089,179085,438,262,1,263,8
2020-07-24,Sierra,091,2930,2,1,0,1,0
2020-07-24,Siskiyou,093,43540,84,53,0,53,0
2020-07-24,Solano,095,438530,3947,3062,13,3075,29
2020-07-24,Sonoma,097,501317,3305,2345,6,2351,20
2020-07-24,Stanislaus,099,539301,10416,7861,12,7873,82
2020-07-24,Sutter,101,95872,741,593,0,593,2
2020-07-24,Tehama,103,63373,245,170,2,172,1
2020-07-24,Trinity,105,12862,25,3,6,9,0
2020-07-24,Tulare,107,460477,10283,8167,29,8196,167
2020-07-24,Tuolumne,109,53932,140,99,4,103,0
2020-07-24,Ventura,111,848112,8087,6553,27,6580,60
2020-07-24,Yolo,113,214977,1700,1329,3,1332,35
2020-07-24,Yuba,115,75493,410,307,0,307,1
2020-07-23,Alameda,001,1643700,12323,9924,37,9961,171
2020-07-23,Alpine,003,1148,2,2,0,2,0
2020-07-23,Amador,005,37829,120,61,0,61,0
2020-07-23,Butte,007,227075,1003,726,29,755,5
2020-07-23,Calaveras,009,45235,117,102,0,102,0
2020-07-23,Colusa,011,21464,329,242,0,242,2
2020-07-23,Contra Costa,013,1133247,8954,6619,25,6644,98
2020-07-23,Del Norte,015,27424,84,66,0,66,0
2020-07-23,El Dorado,017,186661,703,491,6,497,1
2020-07-23,Fresno,019,978130,19468,12164,170,12334,112
2020-07-23,Glenn,021,27897,344,246,0,246,1
2020-07-23,Humboldt,023,135768,240,208,1,209,4
2020-07-23,Imperial,025,180216,9994,7604,5,7609,138
2020-07-23,Inyo,027,18085,53,38,1,39,1
2020-07-23,Kern,029,883053,22146,14491,108,14599,128
2020-07-23,Kings,031,150075,4182,3371,20,3391,39
2020-07-23,Lake,033,64148,200,160,0,160,1
2020-07-23,Lassen,035,31185,571,503,2,505,0
2020-07-23,Los Angeles,037,10098052,186936,167198,417,167615,4265
2020-07-23,Madera,039,155013,2407,1659,4,1663,13
2020-07-23,Marin,041,260295,5056,4423,5,4428,22
2020-07-23,Mariposa,043,17540,55,40,0,40,1
2020-07-23,Mendocino,045,87422,250,178,0,178,0
2020-07-23,Merced,047,269075,4881,2972,2,2974,22
2020-07-23,Modoc,049,8938,3,0,0,0,0
2020-07-23,Mono,051,14174,131,82,2,84,1
2020-07-23,Monterey,053,433212,4667,3655,9,3664,21
2020-07-23,Napa,055,140530,1023,713,0,713,5
2020-07-23,Nevada,057,99092,314,247,13,260,1
2020-07-23,Orange,059,3164182,40522,32863,678,33541,544
2020-07-23,Placer,061,380077,2004,1519,3,1522,12
2020-07-23,Plumas,063,18699,32,21,0,21,0
2020-07-23,Riverside,065,2383286,41200,33833,40,33873,630
2020-07-23,Sacramento,067,1510023,11123,8222,11,8233,108
2020-07-23,San Benito,069,59416,618,478,0,478,2
2020-07-23,San Bernardino,071,2135413,36400,28121,135,28256,369
2020-07-23,San Diego,073,3302833,29955,25109,3,25112,505
2020-07-23,San Francisco,075,870044,6639,5543,6,5549,55
2020-07-23,San Joaquin,077,732212,13028,9861,5,9866,111
2020-07-23,San Luis Obispo,079,281455,1908,1438,7,1445,7
2020-07-23,San Mateo,081,765935,5874,4895,7,4902,113
2020-07-23,Santa Barbara,083,443738,6290,5628,58,5686,30
2020-07-23,Santa Clara,085,1922200,11406,8458,28,8486,165
2020-07-23,Santa Cruz,087,273765,1143,887,7,894,3
2020-07-23,Shasta,089,179085,427,254,1,255,9
2020-07-23,Sierra,091,2930,2,1,0,1,0
2020-07-23,Siskiyou,093,43540,82,53,0,53,0
2020-07-23,Solano,095,438530,3883,2962,11,2973,29
2020-07-23,Sonoma,097,501317,3229,2289,6,2295,18
2020-07-23,Stanislaus,099,539301,10174,7603,12,7615,71
2020-07-23,Sutter,101,95872,708,570,0,570,2
2020-07-23,Tehama,103,63373,239,158,2,160,1
2020-07-23,Trinity,105,12862,24,3,6,9,0
2020-07-23,Tulare,107,460477,10094,7898,29,7927,168
2020-07-23,Tuolumne,109,53932,140,93,4,97,0
2020-07-23,Ventura,111,848112,7963,6303,27,6330,56
2020-07-23,Yolo,113,214977,1682,1279,3,1282,35
2020-07-23,Yuba,115,75493,390,297,0,297,1
2020-07-22,Alameda,001,1643700,12106,9678,36,9714,169
2020-07-22,Alpine,003,1148,2,2,0,2,0
2020-07-22,Amador,005,37829,118,58,0,58,0
2020-07-22,Butte,007,227075,967,694,29,723,5
2020-07-22,Calaveras,009,45235,117,98,0,98,0
2020-07-22,Colusa,011,21464,322,236,0,236,0
2020-07-22,Contra Costa,013,1133247,8728,6401,25,6426,98
2020-07-22,Del Norte,015,27424,84,66,0,66,0
2020-07-22,El Dorado,017,186661,690,466,6,472,1
2020-07-22,Fresno,019,978130,19104,11756,164,11920,110
2020-07-22,Glenn,021,27897,338,236,0,236,1
2020-07-22,Humboldt,023,135768,238,201,1,202,4
2020-07-22,Imperial,025,180216,9935,7533,5,7538,134
2020-07-22,Inyo,027,18085,49,38,1,39,1
2020-07-22,Kern,029,883053,21714,13513,100,13613,127
2020-07-22,Kings,031,150075,4126,3271,20,3291,38
2020-07-22,Lake,033,64148,197,160,0,160,1
2020-07-22,Lassen,035,31185,568,500,2,502,0
2020-07-22,Los Angeles,037,10098052,184285,165242,396,165638,4218
2020-07-22,Madera,039,155013,2332,1578,4,1582,10
2020-07-22,Marin,041,260295,5000,4373,5,4378,23
2020-07-22,Mariposa,043,17540,55,38,0,38,1
2020-07-22,Mendocino,045,87422,243,166,0,166,0
2020-07-22,Merced,047,269075,4755,2828,2,2830,15
2020-07-22,Modoc,049,8938,3,0,0,0,0
2020-07-22,Mono,051,14174,128,82,2,84,1
2020-07-22,Monterey,053,433212,4566,3533,9,3542,20
2020-07-22,Napa,055,140530,1001,687,0,687,5
2020-07-22,Nevada,057,99092,308,239,12,251,1
2020-07-22,Orange,059,3164182,40023,32047,669,32716,522
2020-07-22,Placer,061,380077,1948,1469,3,1472,12
2020-07-22,Plumas,063,18699,31,20,0,20,0
2020-07-22,Riverside,065,2383286,40564,33093,40,33133,612
2020-07-22,Sacramento,067,1510023,10861,8028,11,8039,106
2020-07-22,San Benito,069,59416,604,465,0,465,2
2020-07-22,San Bernardino,071,2135413,35878,26820,124,26944,348
2020-07-22,San Diego,073,3302833,29567,25109,2,25111,505
2020-07-22,San Francisco,075,870044,6535,5473,5,5478,53
2020-07-22,San Joaquin,077,732212,12750,9628,5,9633,102
2020-07-22,San Luis Obispo,079,281455,1862,1373,7,1380,7
2020-07-22,San Mateo,081,765935,5785,4796,7,4803,112
2020-07-22,Santa Barbara,083,443738,6206,5508,56,5564,29
2020-07-22,Santa Clara,085,1922200,11163,8266,28,8294,166
2020-07-22,Santa Cruz,087,273765,1119,866,7,873,3
2020-07-22,Shasta,089,179085,417,246,1,247,9
2020-07-22,Sierra,091,2930,1,1,0,1,0
2020-07-22,Siskiyou,093,43540,81,52,0,52,0
2020-07-22,Solano,095,438530,3822,2839,10,2849,29
2020-07-22,Sonoma,097,501317,3152,2255,6,2261,17
2020-07-22,Stanislaus,099,539301,10003,7401,12,7413,71
2020-07-22,Sutter,101,95872,684,551,0,551,2
2020-07-22,Tehama,103,63373,231,155,2,157,1
2020-07-22,Trinity,105,12862,23,3,6,9,0
2020-07-22,Tulare,107,460477,9861,7640,29,7669,167
2020-07-22,Tuolumne,109,53932,136,91,4,95,0
2020-07-22,Ventura,111,848112,7835,6223,25,6248,56
2020-07-22,Yolo,113,214977,1640,1233,3,1236,34
2020-07-22,Yuba,115,75493,375,288,0,288,1
2020-07-21,Alameda,001,1643700,11892,9390,36,9426,166
2020-07-21,Alpine,003,1148,2,2,0,2,0
2020-07-21,Amador,005,37829,113,55,0,55,0
2020-07-21,Butte,007,227075,922,659,28,687,5
2020-07-21,Calaveras,009,45235,111,96,0,96,0
2020-07-21,Colusa,011,21464,298,227,0,227,0
2020-07-21,Contra Costa,013,1133247,8486,6210,25,6235,98
2020-07-21,Del Norte,015,27424,84,66,0,66,0
2020-07-21,El Dorado,017,186661,682,440,6,446,1
2020-07-21,Fresno,019,978130,18704,11412,158,11570,107
2020-07-21,Glenn,021,27897,331,229,0,229,1
2020-07-21,Humboldt,023,135768,236,198,1,199,4
2020-07-21,Imperial,025,180216,9885,7458,5,7463,128
2020-07-21,Inyo,027,18085,48,38,1,39,1
2020-07-21,Kern,029,883053,21292,11998,94,12092,119
2020-07-21,Kings,031,150075,4061,3187,19,3206,38
2020-07-21,Lake,033,64148,197,157,0,157,1
2020-07-21,Lassen,035,31185,566,474,2,476,0
2020-07-21,Los Angeles,037,10098052,181295,162205,373,162578,4159
2020-07-21,Madera,039,155013,2267,1508,3,1511,10
2020-07-21,Marin,041,260295,4928,4318,5,4323,21
2020-07-21,Mariposa,043,17540,54,37,0,37,1
2020-07-21,Mendocino,045,87422,232,160,0,160,0
2020-07-21,Merced,047,269075,4576,2725,2,2727,15
2020-07-21,Modoc,049,8938,3,0,0,0,0
2020-07-21,Mono,051,14174,124,79,2,81,1
2020-07-21,Monterey,053,433212,4434,3404,8,3412,20
2020-07-21,Napa,055,140530,974,660,0,660,5
2020-07-21,Nevada,057,99092,306,228,10,238,1
2020-07-21,Orange,059,3164182,39527,31356,637,31993,515
2020-07-21,Placer,061,380077,1907,1413,3,1416,11
2020-07-21,Plumas,063,18699,31,19,0,19,0
2020-07-21,Riverside,065,2383286,39862,32231,40,32271,583
2020-07-21,Sacramento,067,1510023,10589,7789,10,7799,102
2020-07-21,San Benito,069,59416,593,444,0,444,2
2020-07-21,San Bernardino,071,2135413,35231,25323,117,25440,343
2020-07-21,San Diego,073,3302833,29118,24522,2,24524,487
2020-07-21,San Francisco,075,870044,6426,5377,5,5382,53
2020-07-21,San Joaquin,077,732212,12422,9150,5,9155,99
2020-07-21,San Luis Obispo,079,281455,1813,1338,7,1345,7
2020-07-21,San Mateo,081,765935,5693,4733,7,4740,111
2020-07-21,Santa Barbara,083,443738,6126,5422,55,5477,29
2020-07-21,Santa Clara,085,1922200,10900,7989,28,8017,164
2020-07-21,Santa Cruz,087,273765,1086,835,7,842,3
2020-07-21,Shasta,089,179085,409,241,1,242,9
2020-07-21,Sierra,091,2930,1,1,0,1,0
2020-07-21,Siskiyou,093,43540,81,48,0,48,0
2020-07-21,Solano,095,438530,3750,2727,10,2737,27
2020-07-21,Sonoma,097,501317,3095,2200,6,2206,17
2020-07-21,Stanislaus,099,539301,9741,6984,12,6996,69
2020-07-21,Sutter,101,95872,668,533,0,533,2
2020-07-21,Tehama,103,63373,221,150,2,152,1
2020-07-21,Trinity,105,12862,23,2,6,8,0
2020-07-21,Tulare,107,460477,9659,7447,29,7476,167
2020-07-21,Tuolumne,109,53932,134,75,4,79,0
2020-07-21,Ventura,111,848112,7703,6131,25,6156,55
2020-07-21,Yolo,113,214977,1586,1204,3,1207,34
2020-07-21,Yuba,115,75493,369,269,0,269,1
2020-07-20,Alameda,001,1643700,11637,9244,35,9279,162
2020-07-20,Alpine,003,1148,2,2,0,2,0
2020-07-20,Amador,005,37829,110,53,0,53,0
2020-07-20,Butte,007,227075,885,586,28,614,4
2020-07-20,Calaveras,009,45235,108,90,0,90,0
2020-07-20,Colusa,011,21464,287,217,0,217,0
2020-07-20,Contra Costa,013,1133247,8278,5823,25,5848,97
2020-07-20,Del Norte,015,27424,84,61,0,61,0
2020-07-20,El Dorado,017,186661,659,407,6,413,0
2020-07-20,Fresno,019,978130,18262,10891,157,11048,106
2020-07-20,Glenn,021,27897,323,225,0,225,1
2020-07-20,Humboldt,023,135768,229,194,1,195,4
2020-07-20,Imperial,025,180216,9844,7337,5,7342,124
2020-07-20,Inyo,027,18085,46,38,1,39,1
2020-07-20,Kern,029,883053,20782,10908,90,10998,118
2020-07-20,Kings,031,150075,4011,3093,19,3112,37
2020-07-20,Lake,033,64148,194,147,0,147,1
2020-07-20,Lassen,035,31185,564,474,2,476,0
2020-07-20,Los Angeles,037,10098052,178331,159202,346,159548,4108
2020-07-20,Madera,039,155013,2192,1433,3,1436,10
2020-07-20,Marin,041,260295,4845,4255,5,4260,21
2020-07-20,Mariposa,043,17540,53,36,0,36,1
2020-07-20,Mendocino,045,87422,219,153,0,153,0
2020-07-20,Merced,047,269075,4406,2584,2,2586,15
2020-07-20,Modoc,049,8938,3,0,0,0,0
2020-07-20,Mono,051,14174,118,78,2,80,1
2020-07-20,Monterey,053,433212,4328,3205,8,3213,19
2020-07-20,Napa,055,140530,939,632,0,632,5
2020-07-20,Nevada,057,99092,298,218,10,228,1
2020-07-20,Orange,059,3164182,38917,30337,607,30944,507
2020-07-20,Placer,061,380077,1856,1364,3,1367,11
2020-07-20,Plumas,063,18699,30,17,0,17,0
2020-07-20,Riverside,065,2383286,39030,31163,40,31203,581
2020-07-20,Sacramento,067,1510023,10261,7369,10,7379,99
2020-07-20,San Benito,069,59416,575,433,0,433,2
2020-07-20,San Bernardino,071,2135413,34423,24226,113,24339,338
2020-07-20,San Diego,073,3302833,28676,24137,2,24139,478
2020-07-20,San Francisco,075,870044,6305,5090,5,5095,53
2020-07-20,San Joaquin,077,732212,12066,8583,5,8588,97
2020-07-20,San Luis Obispo,079,281455,1771,1282,7,1289,6
2020-07-20,San Mateo,081,765935,5593,4609,7,4616,111
2020-07-20,Santa Barbara,083,443738,6016,5266,53,5319,29
2020-07-20,Santa Clara,085,1922200,10672,7711,27,7738,164
2020-07-20,Santa Cruz,087,273765,1054,758,7,765,3
2020-07-20,Shasta,089,179085,394,233,1,234,9
2020-07-20,Sierra,091,2930,1,1,0,1,0
2020-07-20,Siskiyou,093,43540,77,42,0,42,0
2020-07-20,Solano,095,438530,3667,2537,10,2547,26
2020-07-20,Sonoma,097,501317,2989,2148,6,2154,17
2020-07-20,Stanislaus,099,539301,9457,6835,12,6847,58
2020-07-20,Sutter,101,95872,635,507,0,507,2
2020-07-20,Tehama,103,63373,211,146,2,148,1
2020-07-20,Trinity,105,12862,23,2,6,8,0
2020-07-20,Tulare,107,460477,9425,6974,29,7003,166
2020-07-20,Tuolumne,109,53932,133,75,4,79,0
2020-07-20,Ventura,111,848112,7569,5912,25,5937,52
2020-07-20,Yolo,113,214977,1545,1155,3,1158,30
2020-07-20,Yuba,115,75493,349,258,0,258,1
2020-07-19,Alameda,001,1643700,11396,9227,29,9256,162
2020-07-19,Alpine,003,1148,2,2,0,2,0
2020-07-19,Amador,005,37829,103,51,0,51,0
2020-07-19,Butte,007,227075,860,555,24,579,4
2020-07-19,Calaveras,009,45235,106,89,0,89,0
2020-07-19,Colusa,011,21464,279,187,0,187,0
2020-07-19,Contra Costa,013,1133247,7987,5691,23,5714,95
2020-07-19,Del Norte,015,27424,83,61,0,61,0
2020-07-19,El Dorado,017,186661,641,385,6,391,0
2020-07-19,Fresno,019,978130,17738,10639,145,10784,106
2020-07-19,Glenn,021,27897,309,215,0,215,0
2020-07-19,Humboldt,023,135768,221,195,1,196,4
2020-07-19,Imperial,025,180216,9753,7280,5,7285,124
2020-07-19,Inyo,027,18085,42,38,1,39,1
2020-07-19,Kern,029,883053,20165,10094,82,10176,115
2020-07-19,Kings,031,150075,3925,3035,19,3054,37
2020-07-19,Lake,033,64148,189,144,0,144,1
2020-07-19,Lassen,035,31185,545,474,2,476,0
2020-07-19,Los Angeles,037,10098052,174885,156039,323,156362,4100
2020-07-19,Madera,039,155013,2115,1301,3,1304,10
2020-07-19,Marin,041,260295,4790,4172,5,4177,21
2020-07-19,Mariposa,043,17540,49,35,0,35,1
2020-07-19,Mendocino,045,87422,214,137,0,137,0
2020-07-19,Merced,047,269075,4199,2460,2,2462,15
2020-07-19,Modoc,049,8938,3,0,0,0,0
2020-07-19,Mono,051,14174,107,63,2,65,1
2020-07-19,Monterey,053,433212,4209,3079,8,3087,18
2020-07-19,Napa,055,140530,910,612,0,612,5
2020-07-19,Nevada,057,99092,292,210,10,220,1
2020-07-19,Orange,059,3164182,38353,29941,594,30535,505
2020-07-19,Placer,061,380077,1809,1246,3,1249,11
2020-07-19,Plumas,063,18699,30,17,0,17,0
2020-07-19,Riverside,065,2383286,38325,30340,40,30380,581
2020-07-19,Sacramento,067,1510023,9868,6985,10,6995,97
2020-07-19,San Benito,069,59416,559,412,0,412,2
2020-07-19,San Bernardino,071,2135413,33650,23928,101,24029,337
2020-07-19,San Diego,073,3302833,28175,23684,2,23686,478
2020-07-19,San Francisco,075,870044,6159,5094,5,5099,52
2020-07-19,San Joaquin,077,732212,11659,8308,5,8313,93
2020-07-19,San Luis Obispo,079,281455,1727,1262,7,1269,6
2020-07-19,San Mateo,081,765935,5489,4522,7,4529,110
2020-07-19,Santa Barbara,083,443738,5914,5145,50,5195,29
2020-07-19,Santa Clara,085,1922200,10428,7403,27,7430,164
2020-07-19,Santa Cruz,087,273765,1010,753,7,760,3
2020-07-19,Shasta,089,179085,381,218,1,219,9
2020-07-19,Sierra,091,2930,1,1,0,1,0
2020-07-19,Siskiyou,093,43540,75,42,0,42,0
2020-07-19,Solano,095,438530,3562,2551,10,2561,26
2020-07-19,Sonoma,097,501317,2889,2074,6,2080,17
2020-07-19,Stanislaus,099,539301,9161,6508,12,6520,58
2020-07-19,Sutter,101,95872,604,480,0,480,2
2020-07-19,Tehama,103,63373,207,138,2,140,1
2020-07-19,Trinity,105,12862,23,2,6,8,0
2020-07-19,Tulare,107,460477,9177,6856,29,6885,166
2020-07-19,Tuolumne,109,53932,128,75,4,79,0
2020-07-19,Ventura,111,848112,7379,5706,25,5731,52
2020-07-19,Yolo,113,214977,1505,1127,3,1130,30
2020-07-19,Yuba,115,75493,329,240,0,240,1
2020-07-18,Alameda,001,1643700,11259,9089,28,9117,162
2020-07-18,Alpine,003,1148,2,2,0,2,0
2020-07-18,Amador,005,37829,99,49,0,49,0
2020-07-18,Butte,007,227075,851,551,23,574,4
2020-07-18,Calaveras,009,45235,102,89,0,89,0
2020-07-18,Colusa,011,21464,274,182,0,182,0
2020-07-18,Contra Costa,013,1133247,7853,5617,23,5640,95
2020-07-18,Del Norte,015,27424,83,61,0,61,0
2020-07-18,El Dorado,017,186661,638,385,6,391,0
2020-07-18,Fresno,019,978130,17489,10381,143,10524,106
2020-07-18,Glenn,021,27897,303,212,0,212,0
2020-07-18,Humboldt,023,135768,218,189,1,190,4
2020-07-18,Imperial,025,180216,9723,7268,5,7273,124
2020-07-18,Inyo,027,18085,42,38,1,39,1
2020-07-18,Kern,029,883053,19862,9250,79,9329,114
2020-07-18,Kings,031,150075,3885,2996,18,3014,37
2020-07-18,Lake,033,64148,186,142,0,142,1
2020-07-18,Lassen,035,31185,544,474,2,476,0
2020-07-18,Los Angeles,037,10098052,173439,153265,313,153578,4088
2020-07-18,Madera,039,155013,2069,1260,3,1263,9
2020-07-18,Marin,041,260295,4761,4089,5,4094,21
2020-07-18,Mariposa,043,17540,49,35,0,35,1
2020-07-18,Mendocino,045,87422,208,137,0,137,0
2020-07-18,Merced,047,269075,4080,2424,2,2426,15
2020-07-18,Modoc,049,8938,3,0,0,0,0
2020-07-18,Mono,051,14174,105,54,2,56,1
2020-07-18,Monterey,053,433212,4141,3020,8,3028,17
2020-07-18,Napa,055,140530,899,609,0,609,5
2020-07-18,Nevada,057,99092,288,204,9,213,1
2020-07-18,Orange,059,3164182,38034,29603,574,30177,493
2020-07-18,Placer,061,380077,1786,1233,3,1236,11
2020-07-18,Plumas,063,18699,30,17,0,17,0
2020-07-18,Riverside,065,2383286,37971,30245,39,30284,581
2020-07-18,Sacramento,067,1510023,9623,6739,10,6749,95
2020-07-18,San Benito,069,59416,544,407,0,407,2
2020-07-18,San Bernardino,071,2135413,33190,23680,94,23774,336
2020-07-18,San Diego,073,3302833,27872,23116,2,23118,478
2020-07-18,San Francisco,075,870044,6057,5051,5,5056,52
2020-07-18,San Joaquin,077,732212,11446,8118,5,8123,93
2020-07-18,San Luis Obispo,079,281455,1692,1234,7,1241,6
2020-07-18,San Mateo,081,765935,5429,4488,7,4495,110
2020-07-18,Santa Barbara,083,443738,5854,5110,48,5158,29
2020-07-18,Santa Clara,085,1922200,10279,7255,26,7281,164
2020-07-18,Santa Cruz,087,273765,993,751,7,758,3
2020-07-18,Shasta,089,179085,372,216,1,217,9
2020-07-18,Sierra,091,2930,1,1,0,1,0
2020-07-18,Siskiyou,093,43540,71,42,0,42,0
2020-07-18,Solano,095,438530,3521,2503,10,2513,26
2020-07-18,Sonoma,097,501317,2838,2019,6,2025,15
2020-07-18,Stanislaus,099,539301,9026,6344,12,6356,58
2020-07-18,Sutter,101,95872,598,473,0,473,2
2020-07-18,Tehama,103,63373,202,136,2,138,1
2020-07-18,Trinity,105,12862,23,2,6,8,0
2020-07-18,Tulare,107,460477,9086,6810,28,6838,167
2020-07-18,Tuolumne,109,53932,125,75,4,79,0
2020-07-18,Ventura,111,848112,7297,5630,25,5655,52
2020-07-18,Yolo,113,214977,1477,1077,3,1080,30
2020-07-18,Yuba,115,75493,318,237,0,237,1
2020-07-17,Alameda,001,1643700,11118,8893,27,8920,160
2020-07-17,Alpine,003,1148,2,1,0,1,0
2020-07-17,Amador,005,37829,97,48,0,48,0
2020-07-17,Butte,007,227075,837,497,23,520,4
2020-07-17,Calaveras,009,45235,99,86,0,86,0
2020-07-17,Colusa,011,21464,272,146,0,146,0
2020-07-17,Contra Costa,013,1133247,7705,5483,23,5506,93
2020-07-17,Del Norte,015,27424,82,60,0,60,0
2020-07-17,El Dorado,017,186661,622,368,6,374,0
2020-07-17,Fresno,019,978130,17191,9954,143,10097,104
2020-07-17,Glenn,021,27897,296,203,0,203,0
2020-07-17,Humboldt,023,135768,217,185,1,186,4
2020-07-17,Imperial,025,180216,9701,7193,5,7198,120
2020-07-17,Inyo,027,18085,42,38,1,39,1
2020-07-17,Kern,029,883053,19542,8291,78,8369,113
2020-07-17,Kings,031,150075,3846,2978,18,2996,37
2020-07-17,Lake,033,64148,184,139,0,139,1
2020-07-17,Lassen,035,31185,525,391,2,393,0
2020-07-17,Los Angeles,037,10098052,171066,150481,300,150781,4052
2020-07-17,Madera,039,155013,2025,1214,3,1217,9
2020-07-17,Marin,041,260295,4724,3839,5,3844,21
2020-07-17,Mariposa,043,17540,47,35,0,35,1
2020-07-17,Mendocino,045,87422,200,126,0,126,0
2020-07-17,Merced,047,269075,4004,2328,2,2330,12
2020-07-17,Modoc,049,8938,2,0,0,0,0
2020-07-17,Mono,051,14174,100,54,2,56,1
2020-07-17,Monterey,053,433212,4012,2922,8,2930,18
2020-07-17,Napa,055,140530,885,598,0,598,5
2020-07-17,Nevada,057,99092,281,200,9,209,1
2020-07-17,Orange,059,3164182,37571,28962,541,29503,485
2020-07-17,Placer,061,380077,1757,1207,3,1210,11
2020-07-17,Plumas,063,18699,27,16,0,16,0
2020-07-17,Riverside,065,2383286,37371,29639,39,29678,580
2020-07-17,Sacramento,067,1510023,9379,6563,10,6573,95
2020-07-17,San Benito,069,59416,529,399,0,399,2
2020-07-17,San Bernardino,071,2135413,32671,23057,91,23148,322
2020-07-17,San Diego,073,3302833,27484,22491,2,22493,472
2020-07-17,San Francisco,075,870044,5963,4967,5,4972,52
2020-07-17,San Joaquin,077,732212,11202,7925,5,7930,86
2020-07-17,San Luis Obispo,079,281455,1655,1190,7,1197,6
2020-07-17,San Mateo,081,765935,5332,4407,7,4414,110
2020-07-17,Santa Barbara,083,443738,5782,5001,47,5048,29
2020-07-17,Santa Clara,085,1922200,10061,7080,26,7106,164
2020-07-17,Santa Cruz,087,273765,971,716,7,723,3
2020-07-17,Shasta,089,179085,360,213,1,214,8
2020-07-17,Sierra,091,2930,1,1,0,1,0
2020-07-17,Siskiyou,093,43540,70,40,0,40,0
2020-07-17,Solano,095,438530,3472,2452,10,2462,26
2020-07-17,Sonoma,097,501317,2789,1982,6,1988,15
2020-07-17,Stanislaus,099,539301,8852,6220,12,6232,56
2020-07-17,Sutter,101,95872,585,458,0,458,2
2020-07-17,Tehama,103,63373,198,128,2,130,1
2020-07-17,Trinity,105,12862,23,2,6,8,0
2020-07-17,Tulare,107,460477,8950,6671,28,6699,166
2020-07-17,Tuolumne,109,53932,124,73,4,77,0
2020-07-17,Ventura,111,848112,7214,5451,25,5476,51
2020-07-17,Yolo,113,214977,1453,1055,3,1058,30
2020-07-17,Yuba,115,75493,308,231,0,231,1
2020-07-16,Alameda,001,1643700,10884,8719,22,8741,153
2020-07-16,Alpine,003,1148,2,1,0,1,0
2020-07-16,Amador,005,37829,94,46,0,46,0
2020-07-16,Butte,007,227075,800,465,22,487,4
2020-07-16,Calaveras,009,45235,97,82,0,82,0
2020-07-16,Colusa,011,21464,263,140,0,140,0
2020-07-16,Contra Costa,013,1133247,7493,5338,17,5355,91
2020-07-16,Del Norte,015,27424,82,60,0,60,0
2020-07-16,El Dorado,017,186661,605,357,6,363,0
2020-07-16,Fresno,019,978130,16681,9481,134,9615,101
2020-07-16,Glenn,021,27897,287,190,0,190,0
2020-07-16,Humboldt,023,135768,215,184,1,185,4
2020-07-16,Imperial,025,180216,9607,7148,5,7153,113
2020-07-16,Inyo,027,18085,42,38,1,39,1
2020-07-16,Kern,029,883053,19020,7435,76,7511,112
2020-07-16,Kings,031,150075,3680,2937,18,2955,37
2020-07-16,Lake,033,64148,179,128,0,128,1
2020-07-16,Lassen,035,31185,524,355,2,357,0
2020-07-16,Los Angeles,037,10098052,167844,147759,275,148034,3994
2020-07-16,Madera,039,155013,1961,1192,3,1195,8
2020-07-16,Marin,041,260295,4651,3546,5,3551,21
2020-07-16,Mariposa,043,17540,45,34,0,34,1
2020-07-16,Mendocino,045,87422,195,121,0,121,0
2020-07-16,Merced,047,269075,3842,2228,2,2230,12
2020-07-16,Modoc,049,8938,1,0,0,0,0
2020-07-16,Mono,051,14174,97,53,2,55,1
2020-07-16,Monterey,053,433212,3907,2857,7,2864,18
2020-07-16,Napa,055,140530,856,581,0,581,5
2020-07-16,Nevada,057,99092,278,191,9,200,1
2020-07-16,Orange,059,3164182,36868,28525,505,29030,471
2020-07-16,Placer,061,380077,1709,1168,3,1171,11
2020-07-16,Plumas,063,18699,25,16,0,16,0
2020-07-16,Riverside,065,2383286,36624,28904,37,28941,577
2020-07-16,Sacramento,067,1510023,9066,6440,9,6449,91
2020-07-16,San Benito,069,59416,512,389,0,389,2
2020-07-16,San Bernardino,071,2135413,31810,22355,73,22428,321
2020-07-16,San Diego,073,3302833,26997,21857,2,21859,465
2020-07-16,San Francisco,075,870044,5822,4838,5,4843,52
2020-07-16,San Joaquin,077,732212,10839,7713,5,7718,82
2020-07-16,San Luis Obispo,079,281455,1611,1146,7,1153,6
2020-07-16,San Mateo,081,765935,5228,4336,7,4343,110
2020-07-16,Santa Barbara,083,443738,5687,4872,46,4918,28
2020-07-16,Santa Clara,085,1922200,9781,6990,24,7014,164
2020-07-16,Santa Cruz,087,273765,930,698,7,705,3
2020-07-16,Shasta,089,179085,345,208,1,209,7
2020-07-16,Sierra,091,2930,1,1,0,1,0
2020-07-16,Siskiyou,093,43540,67,39,0,39,0
2020-07-16,Solano,095,438530,3378,2372,10,2382,25
2020-07-16,Sonoma,097,501317,2699,1954,6,1960,14
2020-07-16,Stanislaus,099,539301,8569,6077,11,6088,56
2020-07-16,Sutter,101,95872,569,444,0,444,2
2020-07-16,Tehama,103,63373,188,126,2,128,1
2020-07-16,Trinity,105,12862,23,2,5,7,0
2020-07-16,Tulare,107,460477,8736,6467,27,6494,163
2020-07-16,Tuolumne,109,53932,117,71,4,75,0
2020-07-16,Ventura,111,848112,7052,5231,25,5256,50
2020-07-16,Yolo,113,214977,1411,1034,3,1037,29
2020-07-16,Yuba,115,75493,290,221,0,221,1
2020-07-15,Alameda,001,1643700,10679,8615,17,8632,153
2020-07-15,Alpine,003,1148,2,1,0,1,0
2020-07-15,Amador,005,37829,73,44,0,44,0
2020-07-15,Butte,007,227075,758,420,22,442,4
2020-07-15,Calaveras,009,45235,97,75,0,75,0
2020-07-15,Colusa,011,21464,258,135,0,135,0
2020-07-15,Contra Costa,013,1133247,7262,5246,17,5263,90
2020-07-15,Del Norte,015,27424,81,60,0,60,0
2020-07-15,El Dorado,017,186661,581,339,6,345,0
2020-07-15,Fresno,019,978130,16209,9124,128,9252,101
2020-07-15,Glenn,021,27897,278,184,0,184,0
2020-07-15,Humboldt,023,135768,213,181,1,182,4
2020-07-15,Imperial,025,180216,9540,7110,5,7115,110
2020-07-15,Inyo,027,18085,42,36,1,37,1
2020-07-15,Kern,029,883053,18400,7155,72,7227,108
2020-07-15,Kings,031,150075,3618,2906,18,2924,37
2020-07-15,Lake,033,64148,177,122,0,122,1
2020-07-15,Lassen,035,31185,520,319,2,321,0
2020-07-15,Los Angeles,037,10098052,164377,143343,260,143603,3946
2020-07-15,Madera,039,155013,1892,1147,3,1150,4
2020-07-15,Marin,041,260295,4596,3458,5,3463,21
2020-07-15,Mariposa,043,17540,45,34,0,34,1
2020-07-15,Mendocino,045,87422,192,119,0,119,0
2020-07-15,Merced,047,269075,3692,2156,2,2158,12
2020-07-15,Modoc,049,8938,1,0,0,0,0
2020-07-15,Mono,051,14174,95,52,2,54,1
2020-07-15,Monterey,053,433212,3795,2780,7,2787,18
2020-07-15,Napa,055,140530,830,573,0,573,5
2020-07-15,Nevada,057,99092,274,185,7,192,1
2020-07-15,Orange,059,3164182,36069,27718,471,28189,454
2020-07-15,Placer,061,380077,1651,1145,3,1148,11
2020-07-15,Plumas,063,18699,25,16,0,16,0
2020-07-15,Riverside,065,2383286,35842,28492,35,28527,568
2020-07-15,Sacramento,067,1510023,8686,6217,9,6226,91
2020-07-15,San Benito,069,59416,503,388,0,388,2
2020-07-15,San Bernardino,071,2135413,31020,21508,57,21565,317
2020-07-15,San Diego,073,3302833,26530,21448,2,21450,448
2020-07-15,San Francisco,075,870044,5708,4757,5,4762,50
2020-07-15,San Joaquin,077,732212,10408,7381,4,7385,75
2020-07-15,San Luis Obispo,079,281455,1568,1097,7,1104,6
2020-07-15,San Mateo,081,765935,5115,4258,7,4265,109
2020-07-15,Santa Barbara,083,443738,5573,4733,46,4779,28
2020-07-15,Santa Clara,085,1922200,9478,6900,24,6924,164
2020-07-15,Santa Cruz,087,273765,894,660,6,666,3
2020-07-15,Shasta,089,179085,336,193,1,194,7
2020-07-15,Sierra,091,2930,1,1,0,1,0
2020-07-15,Siskiyou,093,43540,66,38,0,38,0
2020-07-15,Solano,095,438530,3283,2343,10,2353,25
2020-07-15,Sonoma,097,501317,2601,1920,6,1926,14
2020-07-15,Stanislaus,099,539301,8272,5777,11,5788,56
2020-07-15,Sutter,101,95872,543,433,0,433,2
2020-07-15,Tehama,103,63373,180,126,2,128,1
2020-07-15,Trinity,105,12862,22,2,5,7,0
2020-07-15,Tulare,107,460477,8526,6320,26,6346,156
2020-07-15,Tuolumne,109,53932,110,68,4,72,0
2020-07-15,Ventura,111,848112,6875,5087,25,5112,50
2020-07-15,Yolo,113,214977,1378,1002,3,1005,27
2020-07-15,Yuba,115,75493,278,221,0,221,1
2020-07-14,Alameda,001,1643700,10338,8388,11,8399,151
2020-07-14,Alpine,003,1148,2,1,0,1,0
2020-07-14,Amador,005,37829,69,44,0,44,0
2020-07-14,Butte,007,227075,712,382,22,404,4
2020-07-14,Calaveras,009,45235,95,74,0,74,0
2020-07-14,Colusa,011,21464,248,128,0,128,0
2020-07-14,Contra Costa,013,1133247,7025,5110,15,5125,90
2020-07-14,Del Norte,015,27424,80,60,0,60,0
2020-07-14,El Dorado,017,186661,566,324,6,330,0
2020-07-14,Fresno,019,978130,15787,8941,123,9064,98
2020-07-14,Glenn,021,27897,268,177,0,177,0
2020-07-14,Humboldt,023,135768,210,175,1,176,4
2020-07-14,Imperial,025,180216,9414,7095,5,7100,109
2020-07-14,Inyo,027,18085,42,35,1,36,1
2020-07-14,Kern,029,883053,17641,6979,59,7038,107
2020-07-14,Kings,031,150075,3551,2867,17,2884,37
2020-07-14,Lake,033,64148,171,120,0,120,1
2020-07-14,Lassen,035,31185,503,263,2,265,0
2020-07-14,Los Angeles,037,10098052,161245,140632,231,140863,3900
2020-07-14,Madera,039,155013,1818,1118,3,1121,4
2020-07-14,Marin,041,260295,4482,3451,5,3456,21
2020-07-14,Mariposa,043,17540,41,32,0,32,1
2020-07-14,Mendocino,045,87422,184,110,0,110,0
2020-07-14,Merced,047,269075,3513,2084,2,2086,12
2020-07-14,Modoc,049,8938,1,0,0,0,0
2020-07-14,Mono,051,14174,85,48,2,50,1
2020-07-14,Monterey,053,433212,3682,2724,7,2731,18
2020-07-14,Napa,055,140530,774,557,0,557,4
2020-07-14,Nevada,057,99092,257,180,6,186,1
2020-07-14,Orange,059,3164182,35189,26915,423,27338,432
2020-07-14,Placer,061,380077,1593,1122,3,1125,11
2020-07-14,Plumas,063,18699,24,14,0,14,0
2020-07-14,Riverside,065,2383286,35085,27850,34,27884,547
2020-07-14,Sacramento,067,1510023,8332,5978,9,5987,87
2020-07-14,San Benito,069,59416,484,360,0,360,2
2020-07-14,San Bernardino,071,2135413,30168,20489,47,20536,316
2020-07-14,San Diego,073,3302833,25910,20887,2,20889,436
2020-07-14,San Francisco,075,870044,5557,4659,4,4663,50
2020-07-14,San Joaquin,077,732212,9981,7143,4,7147,75
2020-07-14,San Luis Obispo,079,281455,1530,1060,7,1067,5
2020-07-14,San Mateo,081,765935,5022,4173,7,4180,108
2020-07-14,Santa Barbara,083,443738,5449,4641,44,4685,28
2020-07-14,Santa Clara,085,1922200,9150,6686,21,6707,164
2020-07-14,Santa Cruz,087,273765,855,639,6,645,3
2020-07-14,Shasta,089,179085,327,190,1,191,7
2020-07-14,Sierra,091,2930,1,1,0,1,0
2020-07-14,Siskiyou,093,43540,65,38,0,38,0
2020-07-14,Solano,095,438530,3184,2266,9,2275,25
2020-07-14,Sonoma,097,501317,2508,1866,6,1872,14
2020-07-14,Stanislaus,099,539301,7897,5631,10,5641,53
2020-07-14,Sutter,101,95872,524,405,0,405,2
2020-07-14,Tehama,103,63373,168,123,2,125,1
2020-07-14,Trinity,105,12862,21,2,5,7,0
2020-07-14,Tulare,107,460477,8280,6199,26,6225,156
2020-07-14,Tuolumne,109,53932,105,68,4,72,0
2020-07-14,Ventura,111,848112,6714,4950,25,4975,50
2020-07-14,Yolo,113,214977,1331,966,3,969,27
2020-07-14,Yuba,115,75493,261,210,0,210,1
2020-07-13,Alameda,001,1643700,10028,8115,11,8126,148
2020-07-13,Alpine,003,1148,2,1,0,1,0
2020-07-13,Amador,005,37829,65,42,0,42,0
2020-07-13,Butte,007,227075,676,354,22,376,4
2020-07-13,Calaveras,009,45235,87,63,0,63,0
2020-07-13,Colusa,011,21464,242,116,0,116,0
2020-07-13,Contra Costa,013,1133247,6755,4882,13,4895,88
2020-07-13,Del Norte,015,27424,74,59,0,59,0
2020-07-13,El Dorado,017,186661,535,298,6,304,0
2020-07-13,Fresno,019,978130,15358,8666,118,8784,95
2020-07-13,Glenn,021,27897,261,168,0,168,0
2020-07-13,Humboldt,023,135768,205,174,1,175,4
2020-07-13,Imperial,025,180216,9327,7052,5,7057,109
2020-07-13,Inyo,027,18085,41,35,1,36,1
2020-07-13,Kern,029,883053,16956,6808,53,6861,107
2020-07-13,Kings,031,150075,3500,2824,17,2841,37
2020-07-13,Lake,033,64148,166,118,0,118,1
2020-07-13,Lassen,035,31185,498,237,2,239,0
2020-07-13,Los Angeles,037,10098052,158010,136368,217,136585,3829
2020-07-13,Madera,039,155013,1749,1059,3,1062,4
2020-07-13,Marin,041,260295,4378,3402,5,3407,21
2020-07-13,Mariposa,043,17540,40,31,0,31,1
2020-07-13,Mendocino,045,87422,180,87,0,87,0
2020-07-13,Merced,047,269075,3364,2007,2,2009,12
2020-07-13,Modoc,049,8938,1,0,0,0,0
2020-07-13,Mono,051,14174,81,47,1,48,1
2020-07-13,Monterey,053,433212,3559,2613,5,2618,18
2020-07-13,Napa,055,140530,738,534,0,534,4
2020-07-13,Nevada,057,99092,243,172,6,178,1
2020-07-13,Orange,059,3164182,34325,25978,391,26369,423
2020-07-13,Placer,061,380077,1548,1096,3,1099,11
2020-07-13,Plumas,063,18699,22,14,0,14,0
2020-07-13,Riverside,065,2383286,34158,27136,32,27168,545
2020-07-13,Sacramento,067,1510023,8035,5747,9,5756,85
2020-07-13,San Benito,069,59416,471,343,0,343,2
2020-07-13,San Bernardino,071,2135413,29293,19610,40,19650,313
2020-07-13,San Diego,073,3302833,25343,20348,2,20350,422
2020-07-13,San Francisco,075,870044,5430,4534,3,4537,50
2020-07-13,San Joaquin,077,732212,9566,6927,4,6931,71
2020-07-13,San Luis Obispo,079,281455,1499,989,7,996,5
2020-07-13,San Mateo,081,765935,4891,4057,7,4064,108
2020-07-13,Santa Barbara,083,443738,5335,4441,43,4484,28
2020-07-13,Santa Clara,085,1922200,8828,6488,20,6508,164
2020-07-13,Santa Cruz,087,273765,817,574,6,580,3
2020-07-13,Shasta,089,179085,316,185,1,186,6
2020-07-13,Sierra,091,2930,1,1,0,1,0
2020-07-13,Siskiyou,093,43540,61,37,0,37,0
2020-07-13,Solano,095,438530,3072,2046,9,2055,23
2020-07-13,Sonoma,097,501317,2397,1818,6,1824,14
2020-07-13,Stanislaus,099,539301,7594,5324,9,5333,53
2020-07-13,Sutter,101,95872,486,379,0,379,2
2020-07-13,Tehama,103,63373,155,112,2,114,1
2020-07-13,Trinity,105,12862,21,2,5,7,0
2020-07-13,Tulare,107,460477,8019,5930,24,5954,147
2020-07-13,Tuolumne,109,53932,97,56,4,60,0
2020-07-13,Ventura,111,848112,6524,4800,22,4822,50
2020-07-13,Yolo,113,214977,1285,941,3,944,27
2020-07-13,Yuba,115,75493,246,194,0,194,1
2020-07-12,Alameda,001,1643700,9758,8056,11,8067,148
2020-07-12,Alpine,003,1148,2,1,0,1,0
2020-07-12,Amador,005,37829,55,40,0,40,0
2020-07-12,Butte,007,227075,626,341,21,362,4
2020-07-12,Calaveras,009,45235,87,62,0,62,0
2020-07-12,Colusa,011,21464,208,116,0,116,0
2020-07-12,Contra Costa,013,1133247,6487,4708,11,4719,88
2020-07-12,Del Norte,015,27424,63,59,0,59,0
2020-07-12,El Dorado,017,186661,513,290,6,296,0
2020-07-12,Fresno,019,978130,14935,8407,113,8520,95
2020-07-12,Glenn,021,27897,248,166,0,166,0
2020-07-12,Humboldt,023,135768,201,174,1,175,4
2020-07-12,Imperial,025,180216,9212,6999,5,7004,109
2020-07-12,Inyo,027,18085,39,35,1,36,1
2020-07-12,Kern,029,883053,16213,6662,50,6712,105
2020-07-12,Kings,031,150075,3438,2779,17,2796,34
2020-07-12,Lake,033,64148,157,114,0,114,1
2020-07-12,Lassen,035,31185,491,237,2,239,0
2020-07-12,Los Angeles,037,10098052,154587,133830,188,134018,3816
2020-07-12,Madera,039,155013,1693,1025,3,1028,4
2020-07-12,Marin,041,260295,4302,3358,5,3363,21
2020-07-12,Mariposa,043,17540,39,31,0,31,1
2020-07-12,Mendocino,045,87422,161,88,0,88,0
2020-07-12,Merced,047,269075,3234,1908,2,1910,12
2020-07-12,Modoc,049,8938,1,0,0,0,0
2020-07-12,Mono,051,14174,71,45,1,46,1
2020-07-12,Monterey,053,433212,3444,2521,5,2526,18
2020-07-12,Napa,055,140530,707,519,0,519,4
2020-07-12,Nevada,057,99092,233,166,6,172,1
2020-07-12,Orange,059,3164182,33450,25399,382,25781,422
2020-07-12,Placer,061,380077,1491,1058,3,1061,11
2020-07-12,Plumas,063,18699,21,14,0,14,0
2020-07-12,Riverside,065,2383286,33400,26404,31,26435,542
2020-07-12,Sacramento,067,1510023,7723,5515,7,5522,85
2020-07-12,San Benito,069,59416,456,324,0,324,2
2020-07-12,San Bernardino,071,2135413,28381,19042,36,19078,312
2020-07-12,San Diego,073,3302833,24713,19929,2,19931,422
2020-07-12,San Francisco,075,870044,5281,4535,3,4538,50
2020-07-12,San Joaquin,077,732212,9203,6703,4,6707,71
2020-07-12,San Luis Obispo,079,281455,1452,972,7,979,5
2020-07-12,San Mateo,081,765935,4773,3988,7,3995,108
2020-07-12,Santa Barbara,083,443738,5205,4353,42,4395,28
2020-07-12,Santa Clara,085,1922200,8590,6252,19,6271,164
2020-07-12,Santa Cruz,087,273765,775,573,5,578,3
2020-07-12,Shasta,089,179085,310,173,1,174,6
2020-07-12,Sierra,091,2930,1,1,0,1,0
2020-07-12,Siskiyou,093,43540,59,36,0,36,0
2020-07-12,Solano,095,438530,2947,2037,9,2046,23
2020-07-12,Sonoma,097,501317,2303,1743,6,1749,13
2020-07-12,Stanislaus,099,539301,7290,5177,9,5186,53
2020-07-12,Sutter,101,95872,468,362,0,362,2
2020-07-12,Tehama,103,63373,148,111,2,113,1
2020-07-12,Trinity,105,12862,21,2,5,7,0
2020-07-12,Tulare,107,460477,7763,5864,23,5887,146
2020-07-12,Tuolumne,109,53932,90,52,4,56,0
2020-07-12,Ventura,111,848112,6308,4724,21,4745,50
2020-07-12,Yolo,113,214977,1244,889,3,892,27
2020-07-12,Yuba,115,75493,235,188,0,188,1
2020-07-11,Alameda,001,1643700,9655,7845,11,7856,148
2020-07-11,Alpine,003,1148,2,1,0,1,0
2020-07-11,Amador,005,37829,51,37,0,37,0
2020-07-11,Butte,007,227075,610,325,21,346,4
2020-07-11,Calaveras,009,45235,84,62,0,62,0
2020-07-11,Colusa,011,21464,203,110,0,110,0
2020-07-11,Contra Costa,013,1133247,6372,4650,11,4661,87
2020-07-11,Del Norte,015,27424,63,59,0,59,0
2020-07-11,El Dorado,017,186661,502,283,6,289,0
2020-07-11,Fresno,019,978130,14674,8086,110,8196,95
2020-07-11,Glenn,021,27897,240,161,0,161,0
2020-07-11,Humboldt,023,135768,200,174,1,175,4
2020-07-11,Imperial,025,180216,9173,6884,5,6889,109
2020-07-11,Inyo,027,18085,39,35,1,36,1
2020-07-11,Kern,029,883053,15856,6509,49,6558,103
2020-07-11,Kings,031,150075,3411,2753,17,2770,33
2020-07-11,Lake,033,64148,156,110,0,110,1
2020-07-11,Lassen,035,31185,490,237,2,239,0
2020-07-11,Los Angeles,037,10098052,152867,130479,178,130657,3802
2020-07-11,Madera,039,155013,1652,988,3,991,4
2020-07-11,Marin,041,260295,4274,3191,5,3196,21
2020-07-11,Mariposa,043,17540,39,31,0,31,1
2020-07-11,Mendocino,045,87422,157,88,0,88,0
2020-07-11,Merced,047,269075,3153,1851,2,1853,12
2020-07-11,Modoc,049,8938,1,0,0,0,0
2020-07-11,Mono,051,14174,68,45,1,46,1
2020-07-11,Monterey,053,433212,3355,2376,5,2381,18
2020-07-11,Napa,055,140530,695,509,0,509,4
2020-07-11,Nevada,057,99092,224,163,5,168,1
2020-07-11,Orange,059,3164182,33073,24430,368,24798,422
2020-07-11,Placer,061,380077,1457,1029,3,1032,11
2020-07-11,Plumas,063,18699,21,12,0,12,0
2020-07-11,Riverside,065,2383286,33009,25994,31,26025,538
2020-07-11,Sacramento,067,1510023,7549,5367,7,5374,84
2020-07-11,San Benito,069,59416,441,314,0,314,2
2020-07-11,San Bernardino,071,2135413,27944,18907,34,18941,310
2020-07-11,San Diego,073,3302833,24321,19371,2,19373,422
2020-07-11,San Francisco,075,870044,5185,4430,2,4432,50
2020-07-11,San Joaquin,077,732212,9025,6518,4,6522,72
2020-07-11,San Luis Obispo,079,281455,1404,930,7,937,4
2020-07-11,San Mateo,081,765935,4705,3956,7,3963,108
2020-07-11,Santa Barbara,083,443738,5136,4283,41,4324,28
2020-07-11,Santa Clara,085,1922200,8430,5959,19,5978,164
2020-07-11,Santa Cruz,087,273765,744,571,5,576,3
2020-07-11,Shasta,089,179085,303,168,1,169,6
2020-07-11,Sierra,091,2930,1,1,0,1,0
2020-07-11,Siskiyou,093,43540,59,36,0,36,0
2020-07-11,Solano,095,438530,2906,2034,9,2043,23
2020-07-11,Sonoma,097,501317,2265,1690,6,1696,13
2020-07-11,Stanislaus,099,539301,7150,4911,9,4920,51
2020-07-11,Sutter,101,95872,452,352,0,352,2
2020-07-11,Tehama,103,63373,146,111,2,113,1
2020-07-11,Trinity,105,12862,21,2,5,7,0
2020-07-11,Tulare,107,460477,7657,5780,23,5803,149
2020-07-11,Tuolumne,109,53932,87,50,4,54,0
2020-07-11,Ventura,111,848112,6212,4545,20,4565,49
2020-07-11,Yolo,113,214977,1215,833,3,836,27
2020-07-11,Yuba,115,75493,225,175,0,175,1
2020-07-10,Alameda,001,1643700,9498,7551,11,7562,147
2020-07-10,Alpine,003,1148,2,1,0,1,0
2020-07-10,Amador,005,37829,47,37,0,37,0
2020-07-10,Butte,007,227075,599,318,21,339,4
2020-07-10,Calaveras,009,45235,84,61,0,61,0
2020-07-10,Colusa,011,21464,197,103,0,103,0
2020-07-10,Contra Costa,013,1133247,6233,4482,11,4493,86
2020-07-10,Del Norte,015,27424,63,57,0,57,0
2020-07-10,El Dorado,017,186661,484,266,6,272,0
2020-07-10,Fresno,019,978130,14342,7760,107,7867,93
2020-07-10,Glenn,021,27897,235,157,0,157,0
2020-07-10,Humboldt,023,135768,199,168,1,169,4
2020-07-10,Imperial,025,180216,9128,6878,4,6882,98
2020-07-10,Inyo,027,18085,39,35,1,36,1
2020-07-10,Kern,029,883053,15424,6344,48,6392,102
2020-07-10,Kings,031,150075,3375,2707,17,2724,33
2020-07-10,Lake,033,64148,149,104,0,104,1
2020-07-10,Lassen,035,31185,489,235,2,237,0
2020-07-10,Los Angeles,037,10098052,150444,127503,172,127675,3750
2020-07-10,Madera,039,155013,1606,914,3,917,4
2020-07-10,Marin,041,260295,4211,3101,5,3106,21
2020-07-10,Mariposa,043,17540,38,31,0,31,1
2020-07-10,Mendocino,045,87422,149,88,0,88,0
2020-07-10,Merced,047,269075,3074,1802,2,1804,12
2020-07-10,Modoc,049,8938,1,0,0,0,0
2020-07-10,Mono,051,14174,67,45,1,46,1
2020-07-10,Monterey,053,433212,3277,2285,5,2290,18
2020-07-10,Napa,055,140530,684,496,0,496,4
2020-07-10,Nevada,057,99092,219,161,5,166,1
2020-07-10,Orange,059,3164182,32487,23692,365,24057,416
2020-07-10,Placer,061,380077,1415,1002,3,1005,11
2020-07-10,Plumas,063,18699,19,12,0,12,0
2020-07-10,Riverside,065,2383286,32491,25481,31,25512,533
2020-07-10,Sacramento,067,1510023,7294,5181,7,5188,81
2020-07-10,San Benito,069,59416,432,302,0,302,2
2020-07-10,San Bernardino,071,2135413,27420,18242,31,18273,308
2020-07-10,San Diego,073,3302833,23937,18862,2,18864,420
2020-07-10,San Francisco,075,870044,5094,4305,2,4307,50
2020-07-10,San Joaquin,077,732212,8792,6225,4,6229,67
2020-07-10,San Luis Obispo,079,281455,1366,891,7,898,4
2020-07-10,San Mateo,081,765935,4640,3844,7,3851,107
2020-07-10,Santa Barbara,083,443738,5039,4177,40,4217,28
2020-07-10,Santa Clara,085,1922200,8206,5819,19,5838,164
2020-07-10,Santa Cruz,087,273765,716,540,5,545,3
2020-07-10,Shasta,089,179085,299,158,1,159,6
2020-07-10,Sierra,091,2930,1,1,0,1,0
2020-07-10,Siskiyou,093,43540,59,31,0,31,0
2020-07-10,Solano,095,438530,2859,1950,9,1959,23
2020-07-10,Sonoma,097,501317,2218,1606,5,1611,13
2020-07-10,Stanislaus,099,539301,6980,4781,9,4790,46
2020-07-10,Sutter,101,95872,445,338,0,338,2
2020-07-10,Tehama,103,63373,145,107,2,109,1
2020-07-10,Trinity,105,12862,21,2,5,7,0
2020-07-10,Tulare,107,460477,7520,5677,23,5700,150
2020-07-10,Tuolumne,109,53932,86,49,4,53,0
2020-07-10,Ventura,111,848112,6098,4416,20,4436,48
2020-07-10,Yolo,113,214977,1191,794,3,797,27
2020-07-10,Yuba,115,75493,211,164,0,164,1
2020-07-09,Alameda,001,1643700,9268,7433,11,7444,146
2020-07-09,Alpine,003,1148,2,1,0,1,0
2020-07-09,Amador,005,37829,44,36,0,36,0
2020-07-09,Butte,007,227075,567,295,20,315,4
2020-07-09,Calaveras,009,45235,83,59,0,59,0
2020-07-09,Colusa,011,21464,189,97,0,97,0
2020-07-09,Contra Costa,013,1133247,5992,4388,11,4399,86
2020-07-09,Del Norte,015,27424,63,57,0,57,0
2020-07-09,El Dorado,017,186661,459,255,5,260,0
2020-07-09,Fresno,019,978130,13887,7385,104,7489,90
2020-07-09,Glenn,021,27897,225,150,0,150,0
2020-07-09,Humboldt,023,135768,196,166,1,167,4
2020-07-09,Imperial,025,180216,9030,6778,4,6782,87
2020-07-09,Inyo,027,18085,37,35,1,36,1
2020-07-09,Kern,029,883053,14778,6100,46,6146,95
2020-07-09,Kings,031,150075,3312,2686,17,2703,33
2020-07-09,Lake,033,64148,146,99,0,99,1
2020-07-09,Lassen,035,31185,433,221,2,223,0
2020-07-09,Los Angeles,037,10098052,147186,125062,149,125211,3698
2020-07-09,Madera,039,155013,1529,850,3,853,4
2020-07-09,Marin,041,260295,4061,2975,4,2979,20
2020-07-09,Mariposa,043,17540,38,32,0,32,1
2020-07-09,Mendocino,045,87422,145,88,0,88,0
2020-07-09,Merced,047,269075,2940,1728,2,1730,11
2020-07-09,Modoc,049,8938,1,0,0,0,0
2020-07-09,Mono,051,14174,63,45,1,46,1
2020-07-09,Monterey,053,433212,3152,2223,5,2228,17
2020-07-09,Napa,055,140530,667,468,0,468,4
2020-07-09,Nevada,057,99092,213,156,5,161,1
2020-07-09,Orange,059,3164182,31515,22960,347,23307,407
2020-07-09,Placer,061,380077,1373,982,3,985,11
2020-07-09,Plumas,063,18699,19,12,0,12,0
2020-07-09,Riverside,065,2383286,31598,24980,30,25010,529
2020-07-09,Sacramento,067,1510023,6967,4950,7,4957,81
2020-07-09,San Benito,069,59416,416,295,0,295,2
2020-07-09,San Bernardino,071,2135413,26550,17339,25,17364,307
2020-07-09,San Diego,073,3302833,23345,18404,2,18406,415
2020-07-09,San Francisco,075,870044,4962,4143,2,4145,50
2020-07-09,San Joaquin,077,732212,8433,6004,4,6008,66
2020-07-09,San Luis Obispo,079,281455,1325,869,7,876,3
2020-07-09,San Mateo,081,765935,4514,3792,7,3799,106
2020-07-09,Santa Barbara,083,443738,4907,4068,40,4108,28
2020-07-09,Santa Clara,085,1922200,7945,5638,19,5657,164
2020-07-09,Santa Cruz,087,273765,689,526,5,531,3
2020-07-09,Shasta,089,179085,293,155,1,156,5
2020-07-09,Sierra,091,2930,1,1,0,1,0
2020-07-09,Siskiyou,093,43540,55,31,0,31,0
2020-07-09,Solano,095,438530,2761,1892,9,1901,23
2020-07-09,Sonoma,097,501317,2132,1584,5,1589,13
2020-07-09,Stanislaus,099,539301,6665,4633,8,4641,46
2020-07-09,Sutter,101,95872,428,321,0,321,2
2020-07-09,Tehama,103,63373,140,102,2,104,1
2020-07-09,Trinity,105,12862,21,2,5,7,0
2020-07-09,Tulare,107,460477,7301,5501,22,5523,146
2020-07-09,Tuolumne,109,53932,85,47,4,51,0
2020-07-09,Ventura,111,848112,5930,4278,20,4298,47
2020-07-09,Yolo,113,214977,1143,764,3,767,27
2020-07-09,Yuba,115,75493,194,152,0,152,1
2020-07-08,Alameda,001,1643700,8978,7335,11,7346,142
2020-07-08,Alpine,003,1148,2,1,0,1,0
2020-07-08,Amador,005,37829,41,35,0,35,0
2020-07-08,Butte,007,227075,530,281,20,301,3
2020-07-08,Calaveras,009,45235,78,58,0,58,0
2020-07-08,Colusa,011,21464,176,90,0,90,0
2020-07-08,Contra Costa,013,1133247,5746,4268,9,4277,84
2020-07-08,Del Norte,015,27424,61,57,0,57,0
2020-07-08,El Dorado,017,186661,437,248,5,253,0
2020-07-08,Fresno,019,978130,13472,7102,95,7197,86
2020-07-08,Glenn,021,27897,214,146,0,146,0
2020-07-08,Humboldt,023,135768,193,162,1,163,4
2020-07-08,Imperial,025,180216,8943,6727,4,6731,76
2020-07-08,Inyo,027,18085,37,35,1,36,1
2020-07-08,Kern,029,883053,14200,5873,44,5917,91
2020-07-08,Kings,031,150075,3253,2629,14,2643,33
2020-07-08,Lake,033,64148,139,97,0,97,1
2020-07-08,Lassen,035,31185,337,221,2,223,0
2020-07-08,Los Angeles,037,10098052,143980,123462,121,123583,3650
2020-07-08,Madera,039,155013,1459,828,3,831,4
2020-07-08,Marin,041,260295,3962,2756,4,2760,17
2020-07-08,Mariposa,043,17540,38,31,0,31,1
2020-07-08,Mendocino,045,87422,132,84,0,84,0
2020-07-08,Merced,047,269075,2819,1578,2,1580,11
2020-07-08,Modoc,049,8938,1,0,0,0,0
2020-07-08,Mono,051,14174,60,45,0,45,1
2020-07-08,Monterey,053,433212,3034,2182,4,2186,17
2020-07-08,Napa,055,140530,645,468,0,468,4
2020-07-08,Nevada,057,99092,204,156,5,161,1
2020-07-08,Orange,059,3164182,30562,22088,342,22430,378
2020-07-08,Placer,061,380077,1326,948,3,951,11
2020-07-08,Plumas,063,18699,19,12,0,12,0
2020-07-08,Riverside,065,2383286,30634,24042,29,24071,508
2020-07-08,Sacramento,067,1510023,6678,4799,7,4806,80
2020-07-08,San Benito,069,59416,399,282,0,282,2
2020-07-08,San Bernardino,071,2135413,25696,16510,21,16531,296
2020-07-08,San Diego,073,3302833,22775,17844,2,17846,406
2020-07-08,San Francisco,075,870044,4873,4093,2,4095,50
2020-07-08,San Joaquin,077,732212,8090,5759,4,5763,61
2020-07-08,San Luis Obispo,079,281455,1273,825,7,832,2
2020-07-08,San Mateo,081,765935,4394,3733,7,3740,106
2020-07-08,Santa Barbara,083,443738,4788,3985,40,4025,28
2020-07-08,Santa Clara,085,1922200,7711,5510,19,5529,164
2020-07-08,Santa Cruz,087,273765,656,509,4,513,3
2020-07-08,Shasta,089,179085,284,148,1,149,6
2020-07-08,Sierra,091,2930,1,1,0,1,0
2020-07-08,Siskiyou,093,43540,55,31,0,31,0
2020-07-08,Solano,095,438530,2645,1821,9,1830,23
2020-07-08,Sonoma,097,501317,2056,1495,5,1500,9
2020-07-08,Stanislaus,099,539301,6365,4344,8,4352,46
2020-07-08,Sutter,101,95872,403,298,0,298,2
2020-07-08,Tehama,103,63373,134,100,2,102,1
2020-07-08,Trinity,105,12862,20,2,5,7,0
2020-07-08,Tulare,107,460477,7109,5307,17,5324,138
2020-07-08,Tuolumne,109,53932,81,42,4,46,0
2020-07-08,Ventura,111,848112,5765,4139,20,4159,47
2020-07-08,Yolo,113,214977,1099,727,3,730,26
2020-07-08,Yuba,115,75493,181,145,0,145,1
2020-07-07,Alameda,001,1643700,8658,7097,10,7107,141
2020-07-07,Alpine,003,1148,2,1,0,1,0
2020-07-07,Amador,005,37829,41,33,0,33,0
2020-07-07,Butte,007,227075,487,269,20,289,3
2020-07-07,Calaveras,009,45235,76,58,0,58,0
2020-07-07,Colusa,011,21464,143,84,0,84,0
2020-07-07,Contra Costa,013,1133247,5508,4131,8,4139,84
2020-07-07,Del Norte,015,27424,61,57,0,57,0
2020-07-07,El Dorado,017,186661,417,244,5,249,0
2020-07-07,Fresno,019,978130,13019,6738,95,6833,84
2020-07-07,Glenn,021,27897,205,145,0,145,0
2020-07-07,Humboldt,023,135768,190,150,1,151,4
2020-07-07,Imperial,025,180216,8845,6678,4,6682,51
2020-07-07,Inyo,027,18085,36,32,1,33,1
2020-07-07,Kern,029,883053,13501,5645,40,5685,88
2020-07-07,Kings,031,150075,3190,2623,13,2636,33
2020-07-07,Lake,033,64148,129,94,0,94,1
2020-07-07,Lassen,035,31185,266,219,2,221,0
2020-07-07,Los Angeles,037,10098052,140401,121026,114,121140,3588
2020-07-07,Madera,039,155013,1415,794,3,797,4
2020-07-07,Marin,041,260295,3870,2627,4,2631,17
2020-07-07,Mariposa,043,17540,38,31,0,31,1
2020-07-07,Mendocino,045,87422,124,82,0,82,0
2020-07-07,Merced,047,269075,2645,1531,2,1533,10
2020-07-07,Modoc,049,8938,1,0,0,0,0
2020-07-07,Mono,051,14174,59,42,0,42,1
2020-07-07,Monterey,053,433212,2891,2166,4,2170,17
2020-07-07,Napa,055,140530,626,459,0,459,4
2020-07-07,Nevada,057,99092,198,150,5,155,1
2020-07-07,Orange,059,3164182,29547,21741,329,22070,373
2020-07-07,Placer,061,380077,1285,930,3,933,11
2020-07-07,Plumas,063,18699,17,12,0,12,0
2020-07-07,Riverside,065,2383286,29619,23279,29,23308,499
2020-07-07,Sacramento,067,1510023,6336,4592,7,4599,76
2020-07-07,San Benito,069,59416,381,274,0,274,2
2020-07-07,San Bernardino,071,2135413,24826,16004,19,16023,277
2020-07-07,San Diego,073,3302833,22056,17580,2,17582,399
2020-07-07,San Francisco,075,870044,4781,4045,1,4046,50
2020-07-07,San Joaquin,077,732212,7748,5547,4,5551,59
2020-07-07,San Luis Obispo,079,281455,1212,795,7,802,2
2020-07-07,San Mateo,081,765935,4279,3691,7,3698,106
2020-07-07,Santa Barbara,083,443738,4660,3866,39,3905,27
2020-07-07,Santa Clara,085,1922200,7442,5438,19,5457,164
2020-07-07,Santa Cruz,087,273765,622,502,3,505,2
2020-07-07,Shasta,089,179085,271,144,1,145,6
2020-07-07,Sierra,091,2930,1,1,0,1,0
2020-07-07,Siskiyou,093,43540,54,30,0,30,0
2020-07-07,Solano,095,438530,2534,1776,8,1784,22
2020-07-07,Sonoma,097,501317,1986,1473,5,1478,8
2020-07-07,Stanislaus,099,539301,6027,4101,8,4109,46
2020-07-07,Sutter,101,95872,377,273,0,273,2
2020-07-07,Tehama,103,63373,125,95,2,97,1
2020-07-07,Trinity,105,12862,20,2,5,7,0
2020-07-07,Tulare,107,460477,6929,5189,16,5205,137
2020-07-07,Tuolumne,109,53932,75,40,4,44,0
2020-07-07,Ventura,111,848112,5596,3992,18,4010,46
2020-07-07,Yolo,113,214977,1031,706,3,709,26
2020-07-07,Yuba,115,75493,161,138,0,138,1
2020-07-06,Alameda,001,1643700,8423,6970,10,6980,141
2020-07-06,Alpine,003,1148,1,1,0,1,0
2020-07-06,Amador,005,37829,39,33,0,33,0
2020-07-06,Butte,007,227075,431,257,17,274,2
2020-07-06,Calaveras,009,45235,73,45,0,45,0
2020-07-06,Colusa,011,21464,134,80,0,80,0
2020-07-06,Contra Costa,013,1133247,5280,3901,7,3908,83
2020-07-06,Del Norte,015,27424,60,57,0,57,0
2020-07-06,El Dorado,017,186661,402,232,4,236,0
2020-07-06,Fresno,019,978130,12551,6364,89,6453,82
2020-07-06,Glenn,021,27897,197,129,0,129,0
2020-07-06,Humboldt,023,135768,188,148,1,149,3
2020-07-06,Imperial,025,180216,8727,6443,4,6447,47
2020-07-06,Inyo,027,18085,36,32,1,33,1
2020-07-06,Kern,029,883053,12695,5491,39,5530,82
2020-07-06,Kings,031,150075,3139,2583,9,2592,33
2020-07-06,Lake,033,64148,122,93,0,93,1
2020-07-06,Lassen,035,31185,264,219,2,221,0
2020-07-06,Los Angeles,037,10098052,136801,116707,101,116808,3541
2020-07-06,Madera,039,155013,1345,734,3,737,4
2020-07-06,Marin,041,260295,3630,2136,4,2140,17
2020-07-06,Mariposa,043,17540,36,31,0,31,1
2020-07-06,Mendocino,045,87422,107,72,0,72,0
2020-07-06,Merced,047,269075,2494,1396,2,1398,10
2020-07-06,Modoc,049,8938,1,0,0,0,0
2020-07-06,Mono,051,14174,58,40,0,40,1
2020-07-06,Monterey,053,433212,2802,2078,4,2082,15
2020-07-06,Napa,055,140530,608,454,0,454,4
2020-07-06,Nevada,057,99092,192,146,5,151,1
2020-07-06,Orange,059,3164182,28483,20167,292,20459,372
2020-07-06,Placer,061,380077,1222,904,3,907,11
2020-07-06,Plumas,063,18699,17,11,0,11,0
2020-07-06,Riverside,065,2383286,28564,22485,28,22513,477
2020-07-06,Sacramento,067,1510023,5985,4420,7,4427,71
2020-07-06,San Benito,069,59416,366,264,0,264,2
2020-07-06,San Bernardino,071,2135413,23972,15346,16,15362,272
2020-07-06,San Diego,073,3302833,21324,17002,2,17004,387
2020-07-06,San Francisco,075,870044,4660,3861,1,3862,50
2020-07-06,San Joaquin,077,732212,7377,5104,4,5108,57
2020-07-06,San Luis Obispo,079,281455,1154,751,7,758,2
2020-07-06,San Mateo,081,765935,4187,3650,6,3656,106
2020-07-06,Santa Barbara,083,443738,4523,3763,38,3801,27
2020-07-06,Santa Clara,085,1922200,7170,5369,19,5388,165
2020-07-06,Santa Cruz,087,273765,600,466,2,468,2
2020-07-06,Shasta,089,179085,261,143,1,144,6
2020-07-06,Sierra,091,2930,1,1,0,1,0
2020-07-06,Siskiyou,093,43540,50,30,0,30,0
2020-07-06,Solano,095,438530,2398,1668,8,1676,22
2020-07-06,Sonoma,097,501317,1922,1369,5,1374,8
2020-07-06,Stanislaus,099,539301,5625,3983,8,3991,46
2020-07-06,Sutter,101,95872,350,250,0,250,2
2020-07-06,Tehama,103,63373,122,95,2,97,1
2020-07-06,Trinity,105,12862,19,2,5,7,0
2020-07-06,Tulare,107,460477,6724,5039,14,5053,136
2020-07-06,Tuolumne,109,53932,72,30,4,34,0
2020-07-06,Ventura,111,848112,5403,3912,18,3930,44
2020-07-06,Yolo,113,214977,975,685,3,688,26
2020-07-06,Yuba,115,75493,147,124,0,124,1
2020-07-05,Alameda,001,1643700,8173,6861,10,6871,141
2020-07-05,Alpine,003,1148,1,1,0,1,0
2020-07-05,Amador,005,37829,37,31,0,31,0
2020-07-05,Butte,007,227075,396,248,17,265,2
2020-07-05,Calaveras,009,45235,69,45,0,45,0
2020-07-05,Colusa,011,21464,124,79,0,79,0
2020-07-05,Contra Costa,013,1133247,5033,3665,6,3671,80
2020-07-05,Del Norte,015,27424,60,57,0,57,0
2020-07-05,El Dorado,017,186661,384,227,4,231,0
2020-07-05,Fresno,019,978130,11985,6186,88,6274,82
2020-07-05,Glenn,021,27897,194,129,0,129,0
2020-07-05,Humboldt,023,135768,184,147,1,148,3
2020-07-05,Imperial,025,180216,8591,6441,4,6445,47
2020-07-05,Inyo,027,18085,35,32,1,33,1
2020-07-05,Kern,029,883053,11987,5351,39,5390,82
2020-07-05,Kings,031,150075,3056,2546,8,2554,31
2020-07-05,Lake,033,64148,122,92,0,92,1
2020-07-05,Lassen,035,31185,258,219,2,221,0
2020-07-05,Los Angeles,037,10098052,133570,115133,95,115228,3495
2020-07-05,Madera,039,155013,1268,564,3,567,4
2020-07-05,Marin,041,260295,3448,2080,4,2084,17
2020-07-05,Mariposa,043,17540,36,31,0,31,1
2020-07-05,Mendocino,045,87422,104,72,0,72,0
2020-07-05,Merced,047,269075,2351,1340,2,1342,10
2020-07-05,Modoc,049,8938,1,0,0,0,0
2020-07-05,Mono,051,14174,54,39,0,39,1
2020-07-05,Monterey,053,433212,2699,1994,4,1998,15
2020-07-05,Napa,055,140530,578,450,0,450,4
2020-07-05,Nevada,057,99092,186,141,5,146,1
2020-07-05,Orange,059,3164182,27542,19430,279,19709,372
2020-07-05,Placer,061,380077,1165,855,3,858,11
2020-07-05,Plumas,063,18699,16,11,0,11,0
2020-07-05,Riverside,065,2383286,27706,21511,28,21539,474
2020-07-05,Sacramento,067,1510023,5670,4265,6,4271,71
2020-07-05,San Benito,069,59416,348,258,0,258,2
2020-07-05,San Bernardino,071,2135413,23094,15026,16,15042,270
2020-07-05,San Diego,073,3302833,20633,16728,2,16730,387
2020-07-05,San Francisco,075,870044,4543,3861,1,3862,50
2020-07-05,San Joaquin,077,732212,7058,5015,4,5019,57
2020-07-05,San Luis Obispo,079,281455,1075,730,7,737,2
2020-07-05,San Mateo,081,765935,4077,3575,6,3581,106
2020-07-05,Santa Barbara,083,443738,4376,3671,35,3706,27
2020-07-05,Santa Clara,085,1922200,6874,5237,19,5256,162
2020-07-05,Santa Cruz,087,273765,582,467,0,467,2
2020-07-05,Shasta,089,179085,255,138,1,139,6
2020-07-05,Sierra,091,2930,1,1,0,1,0
2020-07-05,Siskiyou,093,43540,46,30,0,30,0
2020-07-05,Solano,095,438530,2277,1547,8,1555,22
2020-07-05,Sonoma,097,501317,1841,1369,5,1374,8
2020-07-05,Stanislaus,099,539301,5295,3777,7,3784,45
2020-07-05,Sutter,101,95872,322,241,0,241,2
2020-07-05,Tehama,103,63373,120,95,2,97,1
2020-07-05,Trinity,105,12862,19,2,5,7,0
2020-07-05,Tulare,107,460477,6465,4981,12,4993,135
2020-07-05,Tuolumne,109,53932,67,30,3,33,0
2020-07-05,Ventura,111,848112,5200,3866,18,3884,44
2020-07-05,Yolo,113,214977,935,644,3,647,26
2020-07-05,Yuba,115,75493,137,115,0,115,1
2020-07-04,Alameda,001,1643700,8061,6737,10,6747,141
2020-07-04,Alpine,003,1148,1,1,0,1,0
2020-07-04,Amador,005,37829,36,31,0,31,0
2020-07-04,Butte,007,227075,378,224,17,241,2
2020-07-04,Calaveras,009,45235,69,45,0,45,0
2020-07-04,Colusa,011,21464,123,76,0,76,0
2020-07-04,Contra Costa,013,1133247,4887,3583,6,3589,80
2020-07-04,Del Norte,015,27424,60,50,0,50,0
2020-07-04,El Dorado,017,186661,365,211,4,215,0
2020-07-04,Fresno,019,978130,11668,5999,86,6085,82
2020-07-04,Glenn,021,27897,187,128,0,128,0
2020-07-04,Humboldt,023,135768,177,144,1,145,3
2020-07-04,Imperial,025,180216,8542,6441,4,6445,47
2020-07-04,Inyo,027,18085,35,32,1,33,1
2020-07-04,Kern,029,883053,11683,5231,39,5270,81
2020-07-04,Kings,031,150075,3013,2509,8,2517,31
2020-07-04,Lake,033,64148,115,86,0,86,1
2020-07-04,Lassen,035,31185,258,219,2,221,0
2020-07-04,Los Angeles,037,10098052,131754,107256,84,107340,3462
2020-07-04,Madera,039,155013,1222,568,3,571,4
2020-07-04,Marin,041,260295,3419,1962,4,1966,17
2020-07-04,Mariposa,043,17540,36,28,0,28,1
2020-07-04,Mendocino,045,87422,104,72,0,72,0
2020-07-04,Merced,047,269075,2254,1252,2,1254,10
2020-07-04,Modoc,049,8938,1,0,0,0,0
2020-07-04,Mono,051,14174,54,37,0,37,1
2020-07-04,Monterey,053,433212,2619,1878,4,1882,15
2020-07-04,Napa,055,140530,569,426,0,426,4
2020-07-04,Nevada,057,99092,183,125,5,130,1
2020-07-04,Orange,059,3164182,27107,19247,266,19513,372
2020-07-04,Placer,061,380077,1130,796,3,799,11
2020-07-04,Plumas,063,18699,16,11,0,11,0
2020-07-04,Riverside,065,2383286,27340,21508,28,21536,474
2020-07-04,Sacramento,067,1510023,5499,4039,6,4045,71
2020-07-04,San Benito,069,59416,335,255,0,255,2
2020-07-04,San Bernardino,071,2135413,22668,14636,14,14650,270
2020-07-04,San Diego,073,3302833,20173,16166,2,16168,387
2020-07-04,San Francisco,075,870044,4451,3861,1,3862,50
2020-07-04,San Joaquin,077,732212,6846,4807,4,4811,57
2020-07-04,San Luis Obispo,079,281455,1035,699,7,706,2
2020-07-04,San Mateo,081,765935,4014,3532,6,3538,106
2020-07-04,Santa Barbara,083,443738,4301,3520,33,3553,27
2020-07-04,Santa Clara,085,1922200,6683,5045,18,5063,161
2020-07-04,Santa Cruz,087,273765,572,466,0,466,2
2020-07-04,Shasta,089,179085,252,135,1,136,6
2020-07-04,Sierra,091,2930,1,1,0,1,0
2020-07-04,Siskiyou,093,43540,39,30,0,30,0
2020-07-04,Solano,095,438530,2241,1548,8,1556,22
2020-07-04,Sonoma,097,501317,1815,1370,5,1375,8
2020-07-04,Stanislaus,099,539301,5137,3572,7,3579,44
2020-07-04,Sutter,101,95872,303,225,0,225,2
2020-07-04,Tehama,103,63373,117,92,2,94,1
2020-07-04,Trinity,105,12862,19,2,5,7,0
2020-07-04,Tulare,107,460477,6353,4802,12,4814,135
2020-07-04,Tuolumne,109,53932,63,30,3,33,0
2020-07-04,Ventura,111,848112,5076,3687,18,3705,44
2020-07-04,Yolo,113,214977,910,615,3,618,26
2020-07-04,Yuba,115,75493,130,102,0,102,1
2020-07-03,Alameda,001,1643700,7940,6486,10,6496,141
2020-07-03,Alpine,003,1148,1,1,0,1,0
2020-07-03,Amador,005,37829,36,25,0,25,0
2020-07-03,Butte,007,227075,366,212,17,229,2
2020-07-03,Calaveras,009,45235,69,44,0,44,0
2020-07-03,Colusa,011,21464,117,70,0,70,0
2020-07-03,Contra Costa,013,1133247,4751,3447,6,3453,78
2020-07-03,Del Norte,015,27424,60,50,0,50,0
2020-07-03,El Dorado,017,186661,353,201,4,205,0
2020-07-03,Fresno,019,978130,11363,5783,84,5867,81
2020-07-03,Glenn,021,27897,182,122,0,122,0
2020-07-03,Humboldt,023,135768,173,143,1,144,3
2020-07-03,Imperial,025,180216,8494,6345,4,6349,47
2020-07-03,Inyo,027,18085,35,32,1,33,1
2020-07-03,Kern,029,883053,11421,5213,39,5252,81
2020-07-03,Kings,031,150075,2977,2492,8,2500,31
2020-07-03,Lake,033,64148,108,83,0,83,0
2020-07-03,Lassen,035,31185,258,219,2,221,0
2020-07-03,Los Angeles,037,10098052,130241,107236,80,107316,3461
2020-07-03,Madera,039,155013,1178,565,3,568,4
2020-07-03,Marin,041,260295,3390,1776,4,1780,17
2020-07-03,Mariposa,043,17540,36,28,0,28,1
2020-07-03,Mendocino,045,87422,103,72,0,72,0
2020-07-03,Merced,047,269075,2188,1188,2,1190,10
2020-07-03,Modoc,049,8938,1,0,0,0,0
2020-07-03,Mono,051,14174,54,37,0,37,1
2020-07-03,Monterey,053,433212,2549,1804,4,1808,15
2020-07-03,Napa,055,140530,551,388,0,388,4
2020-07-03,Nevada,057,99092,182,125,5,130,1
2020-07-03,Orange,059,3164182,26716,18819,258,19077,366
2020-07-03,Placer,061,380077,1103,745,3,748,11
2020-07-03,Plumas,063,18699,16,11,0,11,0
2020-07-03,Riverside,065,2383286,27034,21171,28,21199,472
2020-07-03,Sacramento,067,1510023,5365,3711,6,3717,71
2020-07-03,San Benito,069,59416,328,243,0,243,2
2020-07-03,San Bernardino,071,2135413,22280,14040,14,14054,269
2020-07-03,San Diego,073,3302833,19718,15698,2,15700,387
2020-07-03,San Francisco,075,870044,4405,3781,1,3782,50
2020-07-03,San Joaquin,077,732212,6708,4416,3,4419,56
2020-07-03,San Luis Obispo,079,281455,1000,676,7,683,2
2020-07-03,San Mateo,081,765935,3957,3439,6,3445,106
2020-07-03,Santa Barbara,083,443738,4214,3406,32,3438,27
2020-07-03,Santa Clara,085,1922200,6571,4820,18,4838,161
2020-07-03,Santa Cruz,087,273765,558,436,0,436,2
2020-07-03,Shasta,089,179085,244,113,1,114,6
2020-07-03,Sierra,091,2930,1,1,0,1,0
2020-07-03,Siskiyou,093,43540,36,30,0,30,0
2020-07-03,Solano,095,438530,2197,1496,7,1503,22
2020-07-03,Sonoma,097,501317,1767,1282,5,1287,8
2020-07-03,Stanislaus,099,539301,5013,3021,7,3028,43
2020-07-03,Sutter,101,95872,293,205,0,205,2
2020-07-03,Tehama,103,63373,115,89,2,91,1
2020-07-03,Trinity,105,12862,19,2,5,7,0
2020-07-03,Tulare,107,460477,6238,4656,12,4668,134
2020-07-03,Tuolumne,109,53932,61,27,3,30,0
2020-07-03,Ventura,111,848112,4980,3536,18,3554,44
2020-07-03,Yolo,113,214977,876,586,3,589,25
2020-07-03,Yuba,115,75493,125,96,0,96,1
2020-07-02,Alameda,001,1643700,7814,6386,10,6396,139
2020-07-02,Alpine,003,1148,1,1,0,1,0
2020-07-02,Amador,005,37829,35,23,0,23,0
2020-07-02,Butte,007,227075,349,199,17,216,2
2020-07-02,Calaveras,009,45235,65,42,0,42,0
2020-07-02,Colusa,011,21464,109,60,0,60,0
2020-07-02,Contra Costa,013,1133247,4569,3347,6,3353,77
2020-07-02,Del Norte,015,27424,59,50,0,50,0
2020-07-02,El Dorado,017,186661,342,193,4,197,0
2020-07-02,Fresno,019,978130,10902,5402,83,5485,78
2020-07-02,Glenn,021,27897,176,114,0,114,0
2020-07-02,Humboldt,023,135768,169,138,1,139,3
2020-07-02,Imperial,025,180216,8393,6236,4,6240,47
2020-07-02,Inyo,027,18085,35,29,1,30,1
2020-07-02,Kern,029,883053,10886,5036,37,5073,78
2020-07-02,Kings,031,150075,2926,2419,8,2427,31
2020-07-02,Lake,033,64148,104,81,0,81,0
2020-07-02,Lassen,035,31185,256,218,2,220,0
2020-07-02,Los Angeles,037,10098052,128224,107144,57,107201,3458
2020-07-02,Madera,039,155013,1110,548,3,551,4
2020-07-02,Marin,041,260295,3304,1706,4,1710,17
2020-07-02,Mariposa,043,17540,35,28,0,28,1
2020-07-02,Mendocino,045,87422,99,71,0,71,0
2020-07-02,Merced,047,269075,2091,1122,2,1124,10
2020-07-02,Modoc,049,8938,1,0,0,0,0
2020-07-02,Mono,051,14174,54,37,0,37,1
2020-07-02,Monterey,053,433212,2489,1796,4,1800,15
2020-07-02,Napa,055,140530,534,352,0,352,4
2020-07-02,Nevada,057,99092,176,118,4,122,1
2020-07-02,Orange,059,3164182,25953,17056,245,17301,360
2020-07-02,Placer,061,380077,1079,740,3,743,11
2020-07-02,Plumas,063,18699,15,8,0,8,0
2020-07-02,Riverside,065,2383286,26460,20253,28,20281,458
2020-07-02,Sacramento,067,1510023,5138,3587,6,3593,70
2020-07-02,San Benito,069,59416,320,236,0,236,2
2020-07-02,San Bernardino,071,2135413,21744,13185,14,13199,260
2020-07-02,San Diego,073,3302833,19253,15208,2,15210,377
2020-07-02,San Francisco,075,870044,4310,3676,1,3677,50
2020-07-02,San Joaquin,077,732212,6361,4243,3,4246,56
2020-07-02,San Luis Obispo,079,281455,955,659,7,666,2
2020-07-02,San Mateo,081,765935,3877,3390,6,3396,107
2020-07-02,Santa Barbara,083,443738,4114,3385,30,3415,27
2020-07-02,Santa Clara,085,1922200,6444,4722,18,4740,160
2020-07-02,Santa Cruz,087,273765,535,414,0,414,2
2020-07-02,Shasta,089,179085,241,110,1,111,5
2020-07-02,Sierra,091,2930,1,1,0,1,0
2020-07-02,Siskiyou,093,43540,36,30,0,30,0
2020-07-02,Solano,095,438530,2114,1429,7,1436,21
2020-07-02,Sonoma,097,501317,1709,1244,5,1249,6
2020-07-02,Stanislaus,099,539301,4841,2850,7,2857,41
2020-07-02,Sutter,101,95872,282,195,0,195,2
2020-07-02,Tehama,103,63373,113,86,2,88,1
2020-07-02,Trinity,105,12862,19,2,5,7,0
2020-07-02,Tulare,107,460477,6071,4559,11,4570,132
2020-07-02,Tuolumne,109,53932,58,23,2,25,0
2020-07-02,Ventura,111,848112,4824,3394,18,3412,42
2020-07-02,Yolo,113,214977,844,554,3,557,24
2020-07-02,Yuba,115,75493,115,93,0,93,1
2020-07-01,Alameda,001,1643700,7596,6125,10,6135,137
2020-07-01,Alpine,003,1148,1,1,0,1,0
2020-07-01,Amador,005,37829,34,22,0,22,0
2020-07-01,Butte,007,227075,324,185,17,202,2
2020-07-01,Calaveras,009,45235,63,37,0,37,0
2020-07-01,Colusa,011,21464,103,53,0,53,0
2020-07-01,Contra Costa,013,1133247,4356,3259,6,3265,76
2020-07-01,Del Norte,015,27424,59,50,0,50,0
2020-07-01,El Dorado,017,186661,315,183,4,187,0
2020-07-01,Fresno,019,978130,10468,5111,80,5191,76
2020-07-01,Glenn,021,27897,170,110,0,110,0
2020-07-01,Humboldt,023,135768,164,134,0,134,3
2020-07-01,Imperial,025,180216,8296,6150,4,6154,46
2020-07-01,Inyo,027,18085,34,30,1,31,1
2020-07-01,Kern,029,883053,10252,4853,36,4889,78
2020-07-01,Kings,031,150075,2858,2360,8,2368,30
2020-07-01,Lake,033,64148,103,75,0,75,0
2020-07-01,Lassen,035,31185,255,217,2,219,0
2020-07-01,Los Angeles,037,10098052,125026,105325,48,105373,3408
2020-07-01,Madera,039,155013,1069,519,3,522,4
2020-07-01,Marin,041,260295,3147,1636,4,1640,17
2020-07-01,Mariposa,043,17540,35,29,0,29,1
2020-07-01,Mendocino,045,87422,95,70,0,70,0
2020-07-01,Merced,047,269075,1992,1052,2,1054,10
2020-07-01,Modoc,049,8938,1,0,0,0,0
2020-07-01,Mono,051,14174,51,37,0,37,1
2020-07-01,Monterey,053,433212,2381,1703,3,1706,15
2020-07-01,Napa,055,140530,511,347,0,347,4
2020-07-01,Nevada,057,99092,166,115,4,119,1
2020-07-01,Orange,059,3164182,25067,15662,224,15886,343
2020-07-01,Placer,061,380077,1032,713,3,716,11
2020-07-01,Plumas,063,18699,13,8,0,8,0
2020-07-01,Riverside,065,2383286,25617,19537,27,19564,457
2020-07-01,Sacramento,067,1510023,4883,3425,6,3431,64
2020-07-01,San Benito,069,59416,311,219,0,219,2
2020-07-01,San Bernardino,071,2135413,20850,12712,11,12723,253
2020-07-01,San Diego,073,3302833,18685,14624,2,14626,372
2020-07-01,San Francisco,075,870044,4217,3626,1,3627,50
2020-07-01,San Joaquin,077,732212,6003,3990,3,3993,54
2020-07-01,San Luis Obispo,079,281455,928,613,7,620,1
2020-07-01,San Mateo,081,765935,3815,3326,6,3332,84
2020-07-01,Santa Barbara,083,443738,3994,3268,29,3297,27
2020-07-01,Santa Clara,085,1922200,6258,4547,17,4564,159
2020-07-01,Santa Cruz,087,273765,511,398,0,398,2
2020-07-01,Shasta,089,179085,236,104,1,105,5
2020-07-01,Sierra,091,2930,1,1,0,1,0
2020-07-01,Siskiyou,093,43540,36,28,0,28,0
2020-07-01,Solano,095,438530,2022,1350,7,1357,21
2020-07-01,Sonoma,097,501317,1614,1178,5,1183,6
2020-07-01,Stanislaus,099,539301,4563,2619,7,2626,41
2020-07-01,Sutter,101,95872,269,188,0,188,2
2020-07-01,Tehama,103,63373,106,80,2,82,1
2020-07-01,Trinity,105,12862,19,2,4,6,0
2020-07-01,Tulare,107,460477,5894,4359,11,4370,128
2020-07-01,Tuolumne,109,53932,55,17,2,19,0
2020-07-01,Ventura,111,848112,4682,3224,16,3240,41
2020-07-01,Yolo,113,214977,793,526,3,529,24
2020-07-01,Yuba,115,75493,110,57,0,57,1
2020-06-30,Alameda,001,1643700,7349,5959,8,5967,137
2020-06-30,Alpine,003,1148,1,1,0,1,0
2020-06-30,Amador,005,37829,34,21,0,21,0
2020-06-30,Butte,007,227075,307,163,16,179,2
2020-06-30,Calaveras,009,45235,59,31,0,31,0
2020-06-30,Colusa,011,21464,94,33,0,33,0
2020-06-30,Contra Costa,013,1133247,4145,3140,6,3146,75
2020-06-30,Del Norte,015,27424,59,48,0,48,0
2020-06-30,El Dorado,017,186661,302,175,4,179,0
2020-06-30,Fresno,019,978130,10023,4826,75,4901,75
2020-06-30,Glenn,021,27897,165,96,0,96,0
2020-06-30,Humboldt,023,135768,160,132,0,132,3
2020-06-30,Imperial,025,180216,8197,5968,4,5972,45
2020-06-30,Inyo,027,18085,34,30,1,31,1
2020-06-30,Kern,029,883053,9605,4721,33,4754,75
2020-06-30,Kings,031,150075,2809,2315,5,2320,30
2020-06-30,Lake,033,64148,95,56,0,56,0
2020-06-30,Lassen,035,31185,248,215,2,217,0
2020-06-30,Los Angeles,037,10098052,121443,103640,45,103685,3378
2020-06-30,Madera,039,155013,1012,475,3,478,4
2020-06-30,Marin,041,260295,3076,1614,4,1618,17
2020-06-30,Mariposa,043,17540,34,27,0,27,1
2020-06-30,Mendocino,045,87422,90,65,0,65,0
2020-06-30,Merced,047,269075,1856,970,2,972,10
2020-06-30,Modoc,049,8938,1,0,0,0,0
2020-06-30,Mono,051,14174,49,36,0,36,1
2020-06-30,Monterey,053,433212,2284,1657,3,1660,15
2020-06-30,Napa,055,140530,486,342,0,342,4
2020-06-30,Nevada,057,99092,158,113,4,117,1
2020-06-30,Orange,059,3164182,24133,14354,214,14568,335
2020-06-30,Placer,061,380077,1005,667,3,670,11
2020-06-30,Plumas,063,18699,12,8,0,8,0
2020-06-30,Riverside,065,2383286,24899,18656,26,18682,449
2020-06-30,Sacramento,067,1510023,4594,3246,6,3252,64
2020-06-30,San Benito,069,59416,300,200,0,200,2
2020-06-30,San Bernardino,071,2135413,19868,12375,10,12385,249
2020-06-30,San Diego,073,3302833,17980,14150,2,14152,365
2020-06-30,San Francisco,075,870044,4112,3555,1,3556,50
2020-06-30,San Joaquin,077,732212,5629,3744,3,3747,52
2020-06-30,San Luis Obispo,079,281455,890,583,7,590,1
2020-06-30,San Mateo,081,765935,3737,3268,6,3274,84
2020-06-30,Santa Barbara,083,443738,3878,3102,29,3131,25
2020-06-30,Santa Clara,085,1922200,6055,4346,17,4363,157
2020-06-30,Santa Cruz,087,273765,485,379,0,379,2
2020-06-30,Shasta,089,179085,220,100,1,101,5
2020-06-30,Sierra,091,2930,1,1,0,1,0
2020-06-30,Siskiyou,093,43540,35,26,0,26,0
2020-06-30,Solano,095,438530,1930,1256,7,1263,21
2020-06-30,Sonoma,097,501317,1551,1122,5,1127,6
2020-06-30,Stanislaus,099,539301,4266,2578,7,2585,41
2020-06-30,Sutter,101,95872,246,168,0,168,2
2020-06-30,Tehama,103,63373,104,75,2,77,1
2020-06-30,Trinity,105,12862,19,2,4,6,0
2020-06-30,Tulare,107,460477,5685,4207,11,4218,117
2020-06-30,Tuolumne,109,53932,51,16,2,18,0
2020-06-30,Ventura,111,848112,4548,3030,16,3046,40
2020-06-30,Yolo,113,214977,755,515,3,518,24
2020-06-30,Yuba,115,75493,106,55,0,55,1
2020-06-29,Alameda,001,1643700,7141,5766,8,5774,135
2020-06-29,Alpine,003,1148,1,1,0,1,0
2020-06-29,Amador,005,37829,31,20,0,20,0
2020-06-29,Butte,007,227075,286,157,16,173,2
2020-06-29,Calaveras,009,45235,56,30,0,30,0
2020-06-29,Colusa,011,21464,89,17,0,17,0
2020-06-29,Contra Costa,013,1133247,3981,2976,5,2981,75
2020-06-29,Del Norte,015,27424,59,47,0,47,0
2020-06-29,El Dorado,017,186661,288,163,2,165,0
2020-06-29,Fresno,019,978130,9676,4531,73,4604,74
2020-06-29,Glenn,021,27897,156,77,0,77,0
2020-06-29,Humboldt,023,135768,159,128,0,128,3
2020-06-29,Imperial,025,180216,8067,5512,4,5516,45
2020-06-29,Inyo,027,18085,33,29,0,29,1
2020-06-29,Kern,029,883053,8942,4613,31,4644,73
2020-06-29,Kings,031,150075,2744,2280,5,2285,20
2020-06-29,Lake,033,64148,88,53,0,53,0
2020-06-29,Lassen,035,31185,240,77,2,79,0
2020-06-29,Los Angeles,037,10098052,118405,100846,39,100885,3337
2020-06-29,Madera,039,155013,955,422,3,425,4
2020-06-29,Marin,041,260295,3000,1517,4,1521,17
2020-06-29,Mariposa,043,17540,32,25,0,25,1
2020-06-29,Mendocino,045,87422,87,63,0,63,0
2020-06-29,Merced,047,269075,1750,848,2,850,10
2020-06-29,Modoc,049,8938,1,0,0,0,0
2020-06-29,Mono,051,14174,47,35,0,35,1
2020-06-29,Monterey,053,433212,2212,1614,3,1617,14
2020-06-29,Napa,055,140530,464,317,0,317,4
2020-06-29,Nevada,057,99092,155,107,3,110,1
2020-06-29,Orange,059,3164182,23141,13682,199,13881,324
2020-06-29,Placer,061,380077,969,628,3,631,11
2020-06-29,Plumas,063,18699,12,6,0,6,0
2020-06-29,Riverside,065,2383286,23865,17683,26,17709,432
2020-06-29,Sacramento,067,1510023,4307,2985,6,2991,62
2020-06-29,San Benito,069,59416,285,193,0,193,2
2020-06-29,San Bernardino,071,2135413,18905,11643,10,11653,245
2020-06-29,San Diego,073,3302833,17402,13834,2,13836,361
2020-06-29,San Francisco,075,870044,4035,3389,1,3390,50
2020-06-29,San Joaquin,077,732212,5271,3202,3,3205,52
2020-06-29,San Luis Obispo,079,281455,856,544,7,551,1
2020-06-29,San Mateo,081,765935,3683,3170,6,3176,84
2020-06-29,Santa Barbara,083,443738,3769,2933,28,2961,25
2020-06-29,Santa Clara,085,1922200,5885,4231,17,4248,157
2020-06-29,Santa Cruz,087,273765,467,348,0,348,2
2020-06-29,Shasta,089,179085,212,94,1,95,5
2020-06-29,Sierra,091,2930,1,1,0,1,0
2020-06-29,Siskiyou,093,43540,35,25,0,25,0
2020-06-29,Solano,095,438530,1827,1077,7,1084,21
2020-06-29,Sonoma,097,501317,1479,1103,5,1108,5
2020-06-29,Stanislaus,099,539301,4060,2400,6,2406,36
2020-06-29,Sutter,101,95872,224,152,0,152,2
2020-06-29,Tehama,103,63373,100,63,2,65,1
2020-06-29,Trinity,105,12862,18,2,4,6,0
2020-06-29,Tulare,107,460477,5531,3906,10,3916,117
2020-06-29,Tuolumne,109,53932,47,16,2,18,0
2020-06-29,Ventura,111,848112,4401,2794,16,2810,40
2020-06-29,Yolo,113,214977,722,483,3,486,24
2020-06-29,Yuba,115,75493,93,55,0,55,1
2020-06-28,Alameda,001,1643700,6880,5698,8,5706,135
2020-06-28,Alpine,003,1148,1,1,0,1,0
2020-06-28,Amador,005,37829,29,20,0,20,0
2020-06-28,Butte,007,227075,267,150,15,165,2
2020-06-28,Calaveras,009,45235,51,30,0,30,0
2020-06-28,Colusa,011,21464,74,17,0,17,0
2020-06-28,Contra Costa,013,1133247,3791,2803,4,2807,73
2020-06-28,Del Norte,015,27424,58,47,0,47,0
2020-06-28,El Dorado,017,186661,276,162,2,164,0
2020-06-28,Fresno,019,978130,9313,4365,73,4438,74
2020-06-28,Glenn,021,27897,148,77,0,77,0
2020-06-28,Humboldt,023,135768,156,127,0,127,3
2020-06-28,Imperial,025,180216,7877,5513,4,5517,45
2020-06-28,Inyo,027,18085,33,29,0,29,1
2020-06-28,Kern,029,883053,8391,4541,28,4569,72
2020-06-28,Kings,031,150075,2684,2234,5,2239,18
2020-06-28,Lake,033,64148,84,53,0,53,0
2020-06-28,Lassen,035,31185,240,77,2,79,0
2020-06-28,Los Angeles,037,10098052,115201,98003,35,98038,3316
2020-06-28,Madera,039,155013,907,424,3,427,4
2020-06-28,Marin,041,260295,2654,1473,4,1477,17
2020-06-28,Mariposa,043,17540,32,24,0,24,1
2020-06-28,Mendocino,045,87422,85,63,0,63,0
2020-06-28,Merced,047,269075,1636,814,2,816,10
2020-06-28,Modoc,049,8938,1,0,0,0,0
2020-06-28,Mono,051,14174,47,35,0,35,1
2020-06-28,Monterey,053,433212,2130,1560,3,1563,13
2020-06-28,Napa,055,140530,430,307,0,307,4
2020-06-28,Nevada,057,99092,144,102,3,105,1
2020-06-28,Orange,059,3164182,22164,13213,181,13394,324
2020-06-28,Placer,061,380077,930,618,3,621,11
2020-06-28,Plumas,063,18699,11,6,0,6,0
2020-06-28,Riverside,065,2383286,23036,16848,25,16873,432
2020-06-28,Sacramento,067,1510023,4079,2803,6,2809,63
2020-06-28,San Benito,069,59416,274,190,0,190,2
2020-06-28,San Bernardino,071,2135413,18153,11344,9,11353,245
2020-06-28,San Diego,073,3302833,16857,13333,2,13335,361
2020-06-28,San Francisco,075,870044,3957,3388,1,3389,50
2020-06-28,San Joaquin,077,732212,4934,3201,3,3204,52
2020-06-28,San Luis Obispo,079,281455,817,531,6,537,1
2020-06-28,San Mateo,081,765935,3606,3124,5,3129,84
2020-06-28,Santa Barbara,083,443738,3624,2872,28,2900,25
2020-06-28,Santa Clara,085,1922200,5723,4131,17,4148,156
2020-06-28,Santa Cruz,087,273765,444,349,0,349,2
2020-06-28,Shasta,089,179085,199,89,0,89,5
2020-06-28,Sierra,091,2930,1,1,0,1,0
2020-06-28,Siskiyou,093,43540,35,25,0,25,0
2020-06-28,Solano,095,438530,1752,1077,7,1084,21
2020-06-28,Sonoma,097,501317,1425,1084,5,1089,5
2020-06-28,Stanislaus,099,539301,3854,2376,6,2382,36
2020-06-28,Sutter,101,95872,198,145,0,145,2
2020-06-28,Tehama,103,63373,93,63,2,65,1
2020-06-28,Trinity,105,12862,17,2,4,6,0
2020-06-28,Tulare,107,460477,5363,3812,10,3822,117
2020-06-28,Tuolumne,109,53932,42,14,2,16,0
2020-06-28,Ventura,111,848112,4243,2650,16,2666,40
2020-06-28,Yolo,113,214977,687,468,3,471,24
2020-06-28,Yuba,115,75493,89,39,0,39,1
2020-06-27,Alameda,001,1643700,6784,5581,8,5589,135
2020-06-27,Alpine,003,1148,1,1,0,1,0
2020-06-27,Amador,005,37829,27,20,0,20,0
2020-06-27,Butte,007,227075,259,137,14,151,2
2020-06-27,Calaveras,009,45235,49,30,0,30,0
2020-06-27,Colusa,011,21464,68,17,0,17,0
2020-06-27,Contra Costa,013,1133247,3697,2717,3,2720,72
2020-06-27,Del Norte,015,27424,58,47,0,47,0
2020-06-27,El Dorado,017,186661,270,159,2,161,0
2020-06-27,Fresno,019,978130,9067,4238,73,4311,74
2020-06-27,Glenn,021,27897,144,77,0,77,0
2020-06-27,Humboldt,023,135768,154,127,0,127,3
2020-06-27,Imperial,025,180216,7816,5513,4,5517,45
2020-06-27,Inyo,027,18085,33,29,0,29,1
2020-06-27,Kern,029,883053,8128,4411,27,4438,70
2020-06-27,Kings,031,150075,2658,2187,5,2192,18
2020-06-27,Lake,033,64148,81,42,0,42,0
2020-06-27,Lassen,035,31185,240,33,2,35,0
2020-06-27,Los Angeles,037,10098052,113459,95341,32,95373,3291
2020-06-27,Madera,039,155013,864,427,2,429,4
2020-06-27,Marin,041,260295,2609,1423,4,1427,17
2020-06-27,Mariposa,043,17540,31,22,0,22,1
2020-06-27,Mendocino,045,87422,85,63,0,63,0
2020-06-27,Merced,047,269075,1577,807,1,808,10
2020-06-27,Modoc,049,8938,1,0,0,0,0
2020-06-27,Mono,051,14174,46,35,0,35,1
2020-06-27,Monterey,053,433212,2066,1455,3,1458,12
2020-06-27,Napa,055,140530,420,282,0,282,3
2020-06-27,Nevada,057,99092,140,102,2,104,1
2020-06-27,Orange,059,3164182,21653,12951,176,13127,320
2020-06-27,Placer,061,380077,909,584,3,587,10
2020-06-27,Plumas,063,18699,11,6,0,6,0
2020-06-27,Riverside,065,2383286,22646,16209,25,16234,432
2020-06-27,Sacramento,067,1510023,3962,2685,6,2691,63
2020-06-27,San Benito,069,59416,267,182,0,182,2
2020-06-27,San Bernardino,071,2135413,17778,11238,9,11247,243
2020-06-27,San Diego,073,3302833,16492,12836,2,12838,360
2020-06-27,San Francisco,075,870044,3902,3332,1,3333,49
2020-06-27,San Joaquin,077,732212,4768,2995,3,2998,52
2020-06-27,San Luis Obispo,079,281455,794,505,6,511,1
2020-06-27,San Mateo,081,765935,3549,3083,5,3088,83
2020-06-27,Santa Barbara,083,443738,3552,2799,28,2827,25
2020-06-27,Santa Clara,085,1922200,5617,4006,17,4023,157
2020-06-27,Santa Cruz,087,273765,437,347,0,347,2
2020-06-27,Shasta,089,179085,193,87,0,87,5
2020-06-27,Sierra,091,2930,1,1,0,1,0
2020-06-27,Siskiyou,093,43540,35,25,0,25,0
2020-06-27,Solano,095,438530,1719,1076,7,1083,21
2020-06-27,Sonoma,097,501317,1392,1004,5,1009,5
2020-06-27,Stanislaus,099,539301,3754,2164,6,2170,36
2020-06-27,Sutter,101,95872,191,141,0,141,2
2020-06-27,Tehama,103,63373,90,63,2,65,1
2020-06-27,Trinity,105,12862,17,2,4,6,0
2020-06-27,Tulare,107,460477,5266,3810,10,3820,117
2020-06-27,Tuolumne,109,53932,41,13,2,15,0
2020-06-27,Ventura,111,848112,4144,2471,16,2487,40
2020-06-27,Yolo,113,214977,663,432,3,435,24
2020-06-27,Yuba,115,75493,81,39,0,39,1
2020-06-26,Alameda,001,1643700,6698,5502,7,5509,132
2020-06-26,Alpine,003,1148,1,1,0,1,0
2020-06-26,Amador,005,37829,26,20,0,20,0
2020-06-26,Butte,007,227075,244,135,14,149,2
2020-06-26,Calaveras,009,45235,47,30,0,30,0
2020-06-26,Colusa,011,21464,63,17,0,17,0
2020-06-26,Contra Costa,013,1133247,3584,2676,3,2679,72
2020-06-26,Del Norte,015,27424,57,47,0,47,0
2020-06-26,El Dorado,017,186661,262,159,2,161,0
2020-06-26,Fresno,019,978130,8841,4166,73,4239,74
2020-06-26,Glenn,021,27897,137,71,0,71,0
2020-06-26,Humboldt,023,135768,152,126,0,126,3
2020-06-26,Imperial,025,180216,7753,5400,4,5404,44
2020-06-26,Inyo,027,18085,32,29,0,29,1
2020-06-26,Kern,029,883053,7798,4366,27,4393,70
2020-06-26,Kings,031,150075,2626,2176,4,2180,18
2020-06-26,Lake,033,64148,80,42,0,42,0
2020-06-26,Lassen,035,31185,239,30,2,32,0
2020-06-26,Los Angeles,037,10098052,111295,93328,32,93360,3275
2020-06-26,Madera,039,155013,832,409,2,411,4
2020-06-26,Marin,041,260295,2572,1406,4,1410,17
2020-06-26,Mariposa,043,17540,30,21,0,21,1
2020-06-26,Mendocino,045,87422,82,63,0,63,0
2020-06-26,Merced,047,269075,1531,797,1,798,10
2020-06-26,Modoc,049,8938,1,0,0,0,0
2020-06-26,Mono,051,14174,45,35,0,35,1
2020-06-26,Monterey,053,433212,2014,1449,3,1452,12
2020-06-26,Napa,055,140530,410,277,0,277,3
2020-06-26,Nevada,057,99092,136,101,1,102,1
2020-06-26,Orange,059,3164182,20977,12659,173,12832,320
2020-06-26,Placer,061,380077,880,584,3,587,10
2020-06-26,Plumas,063,18699,11,6,0,6,0
2020-06-26,Riverside,065,2383286,22183,15858,25,15883,430
2020-06-26,Sacramento,067,1510023,3797,2687,6,2693,63
2020-06-26,San Benito,069,59416,263,176,0,176,2
2020-06-26,San Bernardino,071,2135413,17400,11111,9,11120,243
2020-06-26,San Diego,073,3302833,16127,12402,2,12404,358
2020-06-26,San Francisco,075,870044,3847,3330,1,3331,49
2020-06-26,San Joaquin,077,732212,4554,2943,3,2946,52
2020-06-26,San Luis Obispo,079,281455,779,498,6,504,1
2020-06-26,San Mateo,081,765935,3497,3055,5,3060,83
2020-06-26,Santa Barbara,083,443738,3462,2784,26,2810,25
2020-06-26,Santa Clara,085,1922200,5517,3968,17,3985,156
2020-06-26,Santa Cruz,087,273765,430,344,0,344,2
2020-06-26,Shasta,089,179085,186,86,0,86,5
2020-06-26,Sierra,091,2930,1,1,0,1,0
2020-06-26,Siskiyou,093,43540,34,24,0,24,0
2020-06-26,Solano,095,438530,1677,1068,7,1075,21
2020-06-26,Sonoma,097,501317,1361,977,5,982,5
2020-06-26,Stanislaus,099,539301,3641,2157,6,2163,36
2020-06-26,Sutter,101,95872,184,138,0,138,2
2020-06-26,Tehama,103,63373,87,63,2,65,1
2020-06-26,Trinity,105,12862,17,2,4,6,0
2020-06-26,Tulare,107,460477,5177,3720,10,3730,117
2020-06-26,Tuolumne,109,53932,39,10,2,12,0
2020-06-26,Ventura,111,848112,4058,2444,16,2460,40
2020-06-26,Yolo,113,214977,640,418,3,421,24
2020-06-26,Yuba,115,75493,75,38,0,38,1
2020-06-25,Alameda,001,1643700,6509,5398,7,5405,130
2020-06-25,Alpine,003,1148,1,1,0,1,0
2020-06-25,Amador,005,37829,25,18,0,18,0
2020-06-25,Butte,007,227075,239,127,14,141,1
2020-06-25,Calaveras,009,45235,42,26,0,26,0
2020-06-25,Colusa,011,21464,53,14,0,14,0
2020-06-25,Contra Costa,013,1133247,3399,2591,3,2594,71
2020-06-25,Del Norte,015,27424,55,47,0,47,0
2020-06-25,El Dorado,017,186661,254,150,2,152,0
2020-06-25,Fresno,019,978130,8528,3938,72,4010,71
2020-06-25,Glenn,021,27897,132,59,0,59,0
2020-06-25,Humboldt,023,135768,151,121,0,121,3
2020-06-25,Imperial,025,180216,7624,5192,4,5196,44
2020-06-25,Inyo,027,18085,29,27,0,27,1
2020-06-25,Kern,029,883053,7374,4236,24,4260,69
2020-06-25,Kings,031,150075,2574,2110,4,2114,17
2020-06-25,Lake,033,64148,79,42,0,42,0
2020-06-25,Lassen,035,31185,233,13,2,15,0
2020-06-25,Los Angeles,037,10098052,108527,91524,32,91556,3239
2020-06-25,Madera,039,155013,788,380,2,382,4
2020-06-25,Marin,041,260295,2470,1321,4,1325,17
2020-06-25,Mariposa,043,17540,29,20,0,20,1
2020-06-25,Mendocino,045,87422,79,61,0,61,0
2020-06-25,Merced,047,269075,1443,747,1,748,10
2020-06-25,Modoc,049,8938,1,0,0,0,0
2020-06-25,Mono,051,14174,44,35,0,35,1
2020-06-25,Monterey,053,433212,1926,1426,3,1429,12
2020-06-25,Napa,055,140530,392,260,0,260,3
2020-06-25,Nevada,057,99092,128,92,1,93,1
2020-06-25,Orange,059,3164182,20053,12221,171,12392,311
2020-06-25,Placer,061,380077,826,574,3,577,10
2020-06-25,Plumas,063,18699,10,6,0,6,0
2020-06-25,Riverside,065,2383286,21428,15224,25,15249,427
2020-06-25,Sacramento,067,1510023,3574,2519,6,2525,62
2020-06-25,San Benito,069,59416,255,174,0,174,2
2020-06-25,San Bernardino,071,2135413,16649,10590,9,10599,242
2020-06-25,San Diego,073,3302833,15588,11963,2,11965,352
2020-06-25,San Francisco,075,870044,3781,3252,1,3253,48
2020-06-25,San Joaquin,077,732212,4282,2803,3,2806,50
2020-06-25,San Luis Obispo,079,281455,747,473,6,479,1
2020-06-25,San Mateo,081,765935,3429,2996,4,3000,82
2020-06-25,Santa Barbara,083,443738,3357,2622,25,2647,25
2020-06-25,Santa Clara,085,1922200,5367,3871,17,3888,156
2020-06-25,Santa Cruz,087,273765,418,335,0,335,2
2020-06-25,Shasta,089,179085,176,84,0,84,5
2020-06-25,Sierra,091,2930,1,1,0,1,0
2020-06-25,Siskiyou,093,43540,33,24,0,24,0
2020-06-25,Solano,095,438530,1624,1034,7,1041,21
2020-06-25,Sonoma,097,501317,1312,953,4,957,5
2020-06-25,Stanislaus,099,539301,3429,2130,6,2136,36
2020-06-25,Sutter,101,95872,172,126,0,126,2
2020-06-25,Tehama,103,63373,83,59,2,61,1
2020-06-25,Trinity,105,12862,17,2,4,6,0
2020-06-25,Tulare,107,460477,5046,3656,10,3666,117
2020-06-25,Tuolumne,109,53932,38,10,1,11,0
2020-06-25,Ventura,111,848112,3876,2346,15,2361,40
2020-06-25,Yolo,113,214977,611,397,3,400,24
2020-06-25,Yuba,115,75493,64,38,0,38,1
2020-06-24,Alameda,001,1643700,6347,5242,7,5249,123
2020-06-24,Alpine,003,1148,1,1,0,1,0
2020-06-24,Amador,005,37829,23,16,0,16,0
2020-06-24,Butte,007,227075,223,119,13,132,1
2020-06-24,Calaveras,009,45235,40,26,0,26,0
2020-06-24,Colusa,011,21464,44,11,0,11,0
2020-06-24,Contra Costa,013,1133247,3243,2520,3,2523,66
2020-06-24,Del Norte,015,27424,49,47,0,47,0
2020-06-24,El Dorado,017,186661,238,149,2,151,0
2020-06-24,Fresno,019,978130,8197,3765,72,3837,71
2020-06-24,Glenn,021,27897,124,54,0,54,0
2020-06-24,Humboldt,023,135768,151,117,0,117,3
2020-06-24,Imperial,025,180216,7506,5138,4,5142,38
2020-06-24,Inyo,027,18085,29,28,0,28,1
2020-06-24,Kern,029,883053,6981,4155,22,4177,67
2020-06-24,Kings,031,150075,2510,2063,4,2067,16
2020-06-24,Lake,033,64148,66,40,0,40,0
2020-06-24,Lassen,035,31185,232,9,2,11,0
2020-06-24,Los Angeles,037,10098052,105766,89566,32,89598,3186
2020-06-24,Madera,039,155013,766,373,2,375,4
2020-06-24,Marin,041,260295,2242,1261,4,1265,17
2020-06-24,Mariposa,043,17540,28,19,0,19,1
2020-06-24,Mendocino,045,87422,79,60,0,60,0
2020-06-24,Merced,047,269075,1355,696,1,697,8
2020-06-24,Modoc,049,8938,1,0,0,0,0
2020-06-24,Mono,051,14174,42,35,0,35,1
2020-06-24,Monterey,053,433212,1850,1407,3,1410,12
2020-06-24,Napa,055,140530,375,258,0,258,3
2020-06-24,Nevada,057,99092,122,92,1,93,1
2020-06-24,Orange,059,3164182,19055,11804,153,11957,303
2020-06-24,Placer,061,380077,787,548,3,551,10
2020-06-24,Plumas,063,18699,10,6,0,6,0
2020-06-24,Riverside,065,2383286,20580,14946,25,14971,410
2020-06-24,Sacramento,067,1510023,3370,2446,5,2451,62
2020-06-24,San Benito,069,59416,251,171,0,171,2
2020-06-24,San Bernardino,071,2135413,15835,10211,9,10220,239
2020-06-24,San Diego,073,3302833,15085,11628,2,11630,347
2020-06-24,San Francisco,075,870044,3718,3216,1,3217,48
2020-06-24,San Joaquin,077,732212,4061,2680,3,2683,49
2020-06-24,San Luis Obispo,079,281455,716,461,5,466,1
2020-06-24,San Mateo,081,765935,3372,2964,4,2968,82
2020-06-24,Santa Barbara,083,443738,3238,2569,23,2592,22
2020-06-24,Santa Clara,085,1922200,5236,3812,17,3829,155
2020-06-24,Santa Cruz,087,273765,406,329,0,329,2
2020-06-24,Shasta,089,179085,168,83,0,83,5
2020-06-24,Sierra,091,2930,1,1,0,1,0
2020-06-24,Siskiyou,093,43540,32,24,0,24,0
2020-06-24,Solano,095,438530,1535,979,6,985,21
2020-06-24,Sonoma,097,501317,1263,933,4,937,4
2020-06-24,Stanislaus,099,539301,3250,2039,6,2045,36
2020-06-24,Sutter,101,95872,159,118,0,118,2
2020-06-24,Tehama,103,63373,81,55,2,57,1
2020-06-24,Trinity,105,12862,16,2,3,5,0
2020-06-24,Tulare,107,460477,4891,3541,10,3551,116
2020-06-24,Tuolumne,109,53932,33,9,1,10,0
2020-06-24,Ventura,111,848112,3535,2314,15,2329,42
2020-06-24,Yolo,113,214977,576,376,3,379,24
2020-06-24,Yuba,115,75493,58,37,0,37,1
2020-06-23,Alameda,001,1643700,6167,5159,7,5166,121
2020-06-23,Alpine,003,1148,1,1,0,1,0
2020-06-23,Amador,005,37829,22,13,0,13,0
2020-06-23,Butte,007,227075,205,111,13,124,1
2020-06-23,Calaveras,009,45235,40,26,0,26,0
2020-06-23,Colusa,011,21464,40,7,0,7,0
2020-06-23,Contra Costa,013,1133247,3116,2453,3,2456,60
2020-06-23,Del Norte,015,27424,48,46,0,46,0
2020-06-23,El Dorado,017,186661,229,142,2,144,0
2020-06-23,Fresno,019,978130,7545,3569,70,3639,67
2020-06-23,Glenn,021,27897,120,47,0,47,0
2020-06-23,Humboldt,023,135768,151,110,0,110,3
2020-06-23,Imperial,025,180216,7342,5025,4,5029,38
2020-06-23,Inyo,027,18085,29,26,0,26,1
2020-06-23,Kern,029,883053,6614,4087,19,4106,64
2020-06-23,Kings,031,150075,2445,1727,4,1731,16
2020-06-23,Lake,033,64148,60,40,0,40,0
2020-06-23,Lassen,035,31185,228,9,2,11,0
2020-06-23,Los Angeles,037,10098052,102822,88433,31,88464,3152
2020-06-23,Madera,039,155013,727,369,2,371,4
2020-06-23,Marin,041,260295,1974,1139,4,1143,17
2020-06-23,Mariposa,043,17540,26,18,0,18,1
2020-06-23,Mendocino,045,87422,78,61,0,61,0
2020-06-23,Merced,047,269075,1258,656,1,657,8
2020-06-23,Modoc,049,8938,1,0,0,0,0
2020-06-23,Mono,051,14174,42,35,0,35,1
2020-06-23,Monterey,053,433212,1780,1346,3,1349,12
2020-06-23,Napa,055,140530,360,230,0,230,3
2020-06-23,Nevada,057,99092,116,81,1,82,1
2020-06-23,Orange,059,3164182,18083,11071,150,11221,278
2020-06-23,Placer,061,380077,761,525,3,528,10
2020-06-23,Plumas,063,18699,9,6,0,6,0
2020-06-23,Riverside,065,2383286,19561,14469,25,14494,406
2020-06-23,Sacramento,067,1510023,3191,2374,5,2379,62
2020-06-23,San Benito,069,59416,237,167,0,167,2
2020-06-23,San Bernardino,071,2135413,15053,9771,9,9780,229
2020-06-23,San Diego,073,3302833,14565,11296,2,11298,341
2020-06-23,San Francisco,075,870044,3645,3177,1,3178,48
2020-06-23,San Joaquin,077,732212,3802,2502,3,2505,48
2020-06-23,San Luis Obispo,079,281455,685,445,5,450,1
2020-06-23,San Mateo,081,765935,3307,2907,4,2911,81
2020-06-23,Santa Barbara,083,443738,3143,2498,23,2521,22
2020-06-23,Santa Clara,085,1922200,5091,3700,17,3717,155
2020-06-23,Santa Cruz,087,273765,396,313,0,313,2
2020-06-23,Shasta,089,179085,159,81,0,81,5
2020-06-23,Sierra,091,2930,1,1,0,1,0
2020-06-23,Siskiyou,093,43540,30,24,0,24,0
2020-06-23,Solano,095,438530,1478,941,5,946,21
2020-06-23,Sonoma,097,501317,1210,912,4,916,4
2020-06-23,Stanislaus,099,539301,3073,1850,6,1856,35
2020-06-23,Sutter,101,95872,149,112,0,112,2
2020-06-23,Tehama,103,63373,79,50,2,52,1
2020-06-23,Trinity,105,12862,16,2,3,5,0
2020-06-23,Tulare,107,460477,4769,3456,10,3466,111
2020-06-23,Tuolumne,109,53932,28,9,0,9,0
2020-06-23,Ventura,111,848112,3375,2209,14,2223,40
2020-06-23,Yolo,113,214977,549,350,0,350,24
2020-06-23,Yuba,115,75493,55,35,0,35,1
2020-06-22,Alameda,001,1643700,6016,4944,7,4951,121
2020-06-22,Alpine,003,1148,1,1,0,1,0
2020-06-22,Amador,005,37829,19,12,0,12,0
2020-06-22,Butte,007,227075,186,104,13,117,1
2020-06-22,Calaveras,009,45235,38,20,0,20,0
2020-06-22,Colusa,011,21464,37,7,0,7,0
2020-06-22,Contra Costa,013,1133247,2975,2363,3,2366,60
2020-06-22,Del Norte,015,27424,48,46,0,46,0
2020-06-22,El Dorado,017,186661,220,137,2,139,0
2020-06-22,Fresno,019,978130,7014,3425,70,3495,67
2020-06-22,Glenn,021,27897,111,40,0,40,0
2020-06-22,Humboldt,023,135768,148,110,0,110,3
2020-06-22,Imperial,025,180216,7185,4700,4,4704,38
2020-06-22,Inyo,027,18085,29,26,0,26,1
2020-06-22,Kern,029,883053,6262,3982,17,3999,60
2020-06-22,Kings,031,150075,2396,1513,4,1517,13
2020-06-22,Lake,033,64148,54,37,0,37,0
2020-06-22,Lassen,035,31185,118,7,2,9,0
2020-06-22,Los Angeles,037,10098052,99921,85925,30,85955,3117
2020-06-22,Madera,039,155013,702,333,2,335,4
2020-06-22,Marin,041,260295,1717,1029,4,1033,17
2020-06-22,Mariposa,043,17540,25,18,0,18,1
2020-06-22,Mendocino,045,87422,73,48,0,48,0
2020-06-22,Merced,047,269075,1171,619,1,620,8
2020-06-22,Modoc,049,8938,1,0,0,0,0
2020-06-22,Mono,051,14174,42,34,0,34,1
2020-06-22,Monterey,053,433212,1719,1293,3,1296,12
2020-06-22,Napa,055,140530,336,222,0,222,3
2020-06-22,Nevada,057,99092,111,79,1,80,1
2020-06-22,Orange,059,3164182,17149,10711,147,10858,275
2020-06-22,Placer,061,380077,735,512,3,515,9
2020-06-22,Plumas,063,18699,7,6,0,6,0
2020-06-22,Riverside,065,2383286,18589,13948,25,13973,403
2020-06-22,Sacramento,067,1510023,2975,2243,4,2247,62
2020-06-22,San Benito,069,59416,228,164,0,164,2
2020-06-22,San Bernardino,071,2135413,14280,9133,9,9142,229
2020-06-22,San Diego,073,3302833,14073,11098,2,11100,338
2020-06-22,San Francisco,075,870044,3552,3000,1,3001,47
2020-06-22,San Joaquin,077,732212,3554,2332,3,2335,48
2020-06-22,San Luis Obispo,079,281455,652,422,5,427,1
2020-06-22,San Mateo,081,765935,3233,2813,3,2816,81
2020-06-22,Santa Barbara,083,443738,3051,2447,23,2470,21
2020-06-22,Santa Clara,085,1922200,4929,3580,17,3597,155
2020-06-22,Santa Cruz,087,273765,383,290,0,290,3
2020-06-22,Shasta,089,179085,156,77,0,77,5
2020-06-22,Sierra,091,2930,1,1,0,1,0
2020-06-22,Siskiyou,093,43540,30,23,0,23,0
2020-06-22,Solano,095,438530,1400,784,4,788,21
2020-06-22,Sonoma,097,501317,1166,860,2,862,4
2020-06-22,Stanislaus,099,539301,2888,1784,6,1790,35
2020-06-22,Sutter,101,95872,140,100,0,100,2
2020-06-22,Tehama,103,63373,75,38,2,40,1
2020-06-22,Trinity,105,12862,16,2,3,5,0
2020-06-22,Tulare,107,460477,4632,3185,10,3195,111
2020-06-22,Tuolumne,109,53932,19,8,0,8,0
2020-06-22,Ventura,111,848112,3227,2065,14,2079,39
2020-06-22,Yolo,113,214977,523,333,0,333,24
2020-06-22,Yuba,115,75493,50,36,0,36,1
2020-06-21,Alameda,001,1643700,5822,4835,7,4842,121
2020-06-21,Alpine,003,1148,1,1,0,1,0
2020-06-21,Amador,005,37829,14,12,0,12,0
2020-06-21,Butte,007,227075,172,97,13,110,1
2020-06-21,Calaveras,009,45235,38,20,0,20,0
2020-06-21,Colusa,011,21464,29,7,0,7,0
2020-06-21,Contra Costa,013,1133247,2848,2282,3,2285,60
2020-06-21,Del Norte,015,27424,47,46,0,46,0
2020-06-21,El Dorado,017,186661,211,132,2,134,0
2020-06-21,Fresno,019,978130,6444,3296,68,3364,67
2020-06-21,Glenn,021,27897,102,40,0,40,0
2020-06-21,Humboldt,023,135768,143,108,0,108,3
2020-06-21,Imperial,025,180216,7002,4701,4,4705,38
2020-06-21,Inyo,027,18085,27,26,0,26,1
2020-06-21,Kern,029,883053,5970,3918,15,3933,60
2020-06-21,Kings,031,150075,2332,1334,4,1338,11
2020-06-21,Lake,033,64148,49,36,0,36,0
2020-06-21,Lassen,035,31185,25,7,2,9,0
2020-06-21,Los Angeles,037,10098052,97030,83383,29,83412,3101
2020-06-21,Madera,039,155013,668,319,2,321,4
2020-06-21,Marin,041,260295,1560,907,4,911,17
2020-06-21,Mariposa,043,17540,22,18,0,18,1
2020-06-21,Mendocino,045,87422,70,48,0,48,0
2020-06-21,Merced,047,269075,1076,577,1,578,8
2020-06-21,Modoc,049,8938,1,0,0,0,0
2020-06-21,Mono,051,14174,42,34,0,34,1
2020-06-21,Monterey,053,433212,1646,1227,3,1230,12
2020-06-21,Napa,055,140530,321,218,0,218,3
2020-06-21,Nevada,057,99092,108,79,1,80,1
2020-06-21,Orange,059,3164182,16315,10563,144,10707,275
2020-06-21,Placer,061,380077,695,498,3,501,9
2020-06-21,Plumas,063,18699,7,6,0,6,0
2020-06-21,Riverside,065,2383286,17882,13528,24,13552,402
2020-06-21,Sacramento,067,1510023,2774,2156,3,2159,62
2020-06-21,San Benito,069,59416,214,151,0,151,2
2020-06-21,San Bernardino,071,2135413,13505,8925,8,8933,229
2020-06-21,San Diego,073,3302833,13527,10796,2,10798,338
2020-06-21,San Francisco,075,870044,3446,3000,1,3001,47
2020-06-21,San Joaquin,077,732212,3318,2188,3,2191,48
2020-06-21,San Luis Obispo,079,281455,626,418,5,423,1
2020-06-21,San Mateo,081,765935,3175,2781,3,2784,81
2020-06-21,Santa Barbara,083,443738,2944,2430,22,2452,21
2020-06-21,Santa Clara,085,1922200,4792,3514,17,3531,154
2020-06-21,Santa Cruz,087,273765,373,290,0,290,3
2020-06-21,Shasta,089,179085,146,75,0,75,5
2020-06-21,Sierra,091,2930,1,1,0,1,0
2020-06-21,Siskiyou,093,43540,30,23,0,23,0
2020-06-21,Solano,095,438530,1300,783,4,787,21
2020-06-21,Sonoma,097,501317,1116,836,2,838,4
2020-06-21,Stanislaus,099,539301,2702,1688,6,1694,35
2020-06-21,Sutter,101,95872,132,96,0,96,2
2020-06-21,Tehama,103,63373,64,35,2,37,1
2020-06-21,Trinity,105,12862,15,2,3,5,0
2020-06-21,Tulare,107,460477,4463,3173,10,3183,111
2020-06-21,Tuolumne,109,53932,17,8,0,8,0
2020-06-21,Ventura,111,848112,3049,2021,14,2035,39
2020-06-21,Yolo,113,214977,491,323,0,323,24
2020-06-21,Yuba,115,75493,46,35,0,35,1
2020-06-20,Alameda,001,1643700,5760,4758,7,4765,119
2020-06-20,Alpine,003,1148,1,1,0,1,0
2020-06-20,Amador,005,37829,14,12,0,12,0
2020-06-20,Butte,007,227075,165,94,12,106,1
2020-06-20,Calaveras,009,45235,38,20,0,20,0
2020-06-20,Colusa,011,21464,26,7,0,7,0
2020-06-20,Contra Costa,013,1133247,2789,2231,3,2234,54
2020-06-20,Del Norte,015,27424,47,46,0,46,0
2020-06-20,El Dorado,017,186661,206,130,2,132,0
2020-06-20,Fresno,019,978130,6318,3222,65,3287,67
2020-06-20,Glenn,021,27897,97,40,0,40,0
2020-06-20,Humboldt,023,135768,143,108,0,108,3
2020-06-20,Imperial,025,180216,6922,4616,4,4620,37
2020-06-20,Inyo,027,18085,27,26,0,26,1
2020-06-20,Kern,029,883053,5805,3836,15,3851,59
2020-06-20,Kings,031,150075,2308,1331,4,1335,9
2020-06-20,Lake,033,64148,49,37,0,37,0
2020-06-20,Lassen,035,31185,24,7,2,9,0
2020-06-20,Los Angeles,037,10098052,95456,81604,28,81632,3093
2020-06-20,Madera,039,155013,635,321,2,323,4
2020-06-20,Marin,041,260295,1540,879,4,883,17
2020-06-20,Mariposa,043,17540,22,18,0,18,1
2020-06-20,Mendocino,045,87422,69,48,0,48,0
2020-06-20,Merced,047,269075,1038,566,1,567,8
2020-06-20,Modoc,049,8938,1,0,0,0,0
2020-06-20,Mono,051,14174,42,34,0,34,1
2020-06-20,Monterey,053,433212,1610,1181,3,1184,12
2020-06-20,Napa,055,140530,312,212,0,212,3
2020-06-20,Nevada,057,99092,105,73,1,74,1
2020-06-20,Orange,059,3164182,15965,10284,140,10424,273
2020-06-20,Placer,061,380077,670,483,3,486,9
2020-06-20,Plumas,063,18699,6,6,0,6,0
2020-06-20,Riverside,065,2383286,17582,13021,24,13045,402
2020-06-20,Sacramento,067,1510023,2703,2069,3,2072,63
2020-06-20,San Benito,069,59416,210,139,0,139,2
2020-06-20,San Bernardino,071,2135413,13141,8718,8,8726,229
2020-06-20,San Diego,073,3302833,13204,10486,2,10488,338
2020-06-20,San Francisco,075,870044,3402,2999,1,3000,47
2020-06-20,San Joaquin,077,732212,3236,2046,3,2049,48
2020-06-20,San Luis Obispo,079,281455,612,405,5,410,1
2020-06-20,San Mateo,081,765935,3127,2755,3,2758,81
2020-06-20,Santa Barbara,083,443738,2887,2358,21,2379,21
2020-06-20,Santa Clara,085,1922200,4718,3435,17,3452,154
2020-06-20,Santa Cruz,087,273765,371,287,0,287,3
2020-06-20,Shasta,089,179085,140,66,0,66,5
2020-06-20,Sierra,091,2930,1,1,0,1,0
2020-06-20,Siskiyou,093,43540,29,22,0,22,0
2020-06-20,Solano,095,438530,1276,784,4,788,21
2020-06-20,Sonoma,097,501317,1080,806,2,808,4
2020-06-20,Stanislaus,099,539301,2594,1598,6,1604,35
2020-06-20,Sutter,101,95872,130,89,0,89,2
2020-06-20,Tehama,103,63373,62,35,2,37,1
2020-06-20,Trinity,105,12862,15,2,3,5,0
2020-06-20,Tulare,107,460477,4390,3172,10,3182,111
2020-06-20,Tuolumne,109,53932,14,8,0,8,0
2020-06-20,Ventura,111,848112,2983,1946,14,1960,37
2020-06-20,Yolo,113,214977,475,309,0,309,24
2020-06-20,Yuba,115,75493,44,34,0,34,1
2020-06-19,Alameda,001,1643700,5687,4646,7,4653,119
2020-06-19,Alpine,003,1148,1,1,0,1,0
2020-06-19,Amador,005,37829,14,12,0,12,0
2020-06-19,Butte,007,227075,160,91,12,103,1
2020-06-19,Calaveras,009,45235,37,20,0,20,0
2020-06-19,Colusa,011,21464,24,7,0,7,0
2020-06-19,Contra Costa,013,1133247,2709,2106,3,2109,54
2020-06-19,Del Norte,015,27424,47,46,0,46,0
2020-06-19,El Dorado,017,186661,198,124,2,126,0
2020-06-19,Fresno,019,978130,6155,3109,64,3173,61
2020-06-19,Glenn,021,27897,91,40,0,40,0
2020-06-19,Humboldt,023,135768,141,106,0,106,3
2020-06-19,Imperial,025,180216,6830,4504,4,4508,36
2020-06-19,Inyo,027,18085,27,26,0,26,1
2020-06-19,Kern,029,883053,5582,3742,14,3756,57
2020-06-19,Kings,031,150075,2287,1285,4,1289,9
2020-06-19,Lake,033,64148,46,36,0,36,0
2020-06-19,Lassen,035,31185,23,7,2,9,0
2020-06-19,Los Angeles,037,10098052,93467,79572,27,79599,3047
2020-06-19,Madera,039,155013,616,300,2,302,4
2020-06-19,Marin,041,260295,1511,829,4,833,17
2020-06-19,Mariposa,043,17540,21,18,0,18,1
2020-06-19,Mendocino,045,87422,68,48,0,48,0
2020-06-19,Merced,047,269075,993,529,1,530,8
2020-06-19,Modoc,049,8938,1,0,0,0,0
2020-06-19,Mono,051,14174,42,34,0,34,1
2020-06-19,Monterey,053,433212,1581,1159,3,1162,12
2020-06-19,Napa,055,140530,302,209,0,209,3
2020-06-19,Nevada,057,99092,102,71,1,72,1
2020-06-19,Orange,059,3164182,15431,9972,133,10105,260
2020-06-19,Placer,061,380077,652,464,3,467,9
2020-06-19,Plumas,063,18699,6,5,0,5,0
2020-06-19,Riverside,065,2383286,17177,12710,24,12734,398
2020-06-19,Sacramento,067,1510023,2620,1976,3,1979,64
2020-06-19,San Benito,069,59416,209,136,0,136,2
2020-06-19,San Bernardino,071,2135413,12736,8454,7,8461,226
2020-06-19,San Diego,073,3302833,12841,10352,2,10354,332
2020-06-19,San Francisco,075,870044,3347,2968,1,2969,47
2020-06-19,San Joaquin,077,732212,3113,1969,3,1972,48
2020-06-19,San Luis Obispo,079,281455,596,392,5,397,1
2020-06-19,San Mateo,081,765935,3088,2713,3,2716,81
2020-06-19,Santa Barbara,083,443738,2814,2284,19,2303,21
2020-06-19,Santa Clara,085,1922200,4645,3376,17,3393,154
2020-06-19,Santa Cruz,087,273765,361,283,0,283,3
2020-06-19,Shasta,089,179085,137,58,0,58,5
2020-06-19,Sierra,091,2930,1,1,0,1,0
2020-06-19,Siskiyou,093,43540,29,21,0,21,0
2020-06-19,Solano,095,438530,1238,755,4,759,21
2020-06-19,Sonoma,097,501317,1053,803,2,805,4
2020-06-19,Stanislaus,099,539301,2484,1549,6,1555,35
2020-06-19,Sutter,101,95872,129,89,0,89,2
2020-06-19,Tehama,103,63373,61,35,2,37,1
2020-06-19,Trinity,105,12862,15,2,3,5,0
2020-06-19,Tulare,107,460477,4320,3053,10,3063,107
2020-06-19,Tuolumne,109,53932,13,8,0,8,0
2020-06-19,Ventura,111,848112,2899,1865,14,1879,37
2020-06-19,Yolo,113,214977,456,303,0,303,24
2020-06-19,Yuba,115,75493,43,33,0,33,1
2020-06-18,Alameda,001,1643700,5558,4589,7,4596,118
2020-06-18,Alpine,003,1148,1,1,0,1,0
2020-06-18,Amador,005,37829,13,12,0,12,0
2020-06-18,Butte,007,227075,155,88,12,100,1
2020-06-18,Calaveras,009,45235,37,20,0,20,0
2020-06-18,Colusa,011,21464,20,7,0,7,0
2020-06-18,Contra Costa,013,1133247,2602,2072,3,2075,53
2020-06-18,Del Norte,015,27424,47,46,0,46,0
2020-06-18,El Dorado,017,186661,194,121,2,123,0
2020-06-18,Fresno,019,978130,5889,2947,63,3010,57
2020-06-18,Glenn,021,27897,82,35,0,35,0
2020-06-18,Humboldt,023,135768,140,106,0,106,3
2020-06-18,Imperial,025,180216,6680,4366,4,4370,36
2020-06-18,Inyo,027,18085,26,25,0,25,1
2020-06-18,Kern,029,883053,5364,3634,14,3648,57
2020-06-18,Kings,031,150075,2228,1141,4,1145,8
2020-06-18,Lake,033,64148,45,36,0,36,0
2020-06-18,Lassen,035,31185,22,5,2,7,0
2020-06-18,Los Angeles,037,10098052,91197,78244,27,78271,3009
2020-06-18,Madera,039,155013,581,288,2,290,4
2020-06-18,Marin,041,260295,1448,819,4,823,17
2020-06-18,Mariposa,043,17540,19,18,0,18,1
2020-06-18,Mendocino,045,87422,64,45,0,45,0
2020-06-18,Merced,047,269075,942,486,1,487,7
2020-06-18,Modoc,049,8938,1,0,0,0,0
2020-06-18,Mono,051,14174,42,34,0,34,1
2020-06-18,Monterey,053,433212,1513,1127,3,1130,12
2020-06-18,Napa,055,140530,287,205,0,205,3
2020-06-18,Nevada,057,99092,98,68,1,69,1
2020-06-18,Orange,059,3164182,14776,9597,114,9711,255
2020-06-18,Placer,061,380077,629,457,3,460,9
2020-06-18,Plumas,063,18699,6,5,0,5,0
2020-06-18,Riverside,065,2383286,16560,12410,24,12434,392
2020-06-18,Sacramento,067,1510023,2504,1938,3,1941,63
2020-06-18,San Benito,069,59416,203,134,0,134,2
2020-06-18,San Bernardino,071,2135413,12096,8141,7,8148,226
2020-06-18,San Diego,073,3302833,12419,10094,2,10096,331
2020-06-18,San Francisco,075,870044,3298,2951,1,2952,47
2020-06-18,San Joaquin,077,732212,2961,1908,3,1911,47
2020-06-18,San Luis Obispo,079,281455,576,378,5,383,1
2020-06-18,San Mateo,081,765935,3049,2674,3,2677,78
2020-06-18,Santa Barbara,083,443738,2740,2201,19,2220,19
2020-06-18,Santa Clara,085,1922200,4542,3338,17,3355,152
2020-06-18,Santa Cruz,087,273765,344,275,0,275,3
2020-06-18,Shasta,089,179085,126,51,0,51,4
2020-06-18,Sierra,091,2930,1,1,0,1,0
2020-06-18,Siskiyou,093,43540,29,18,0,18,0
2020-06-18,Solano,095,438530,1200,735,4,739,21
2020-06-18,Sonoma,097,501317,1011,789,2,791,4
2020-06-18,Stanislaus,099,539301,2351,1495,6,1501,35
2020-06-18,Sutter,101,95872,125,85,0,85,2
2020-06-18,Tehama,103,63373,56,31,2,33,1
2020-06-18,Trinity,105,12862,15,2,3,5,0
2020-06-18,Tulare,107,460477,4197,3005,10,3015,107
2020-06-18,Tuolumne,109,53932,12,8,0,8,0
2020-06-18,Ventura,111,848112,2773,1781,14,1795,37
2020-06-18,Yolo,113,214977,423,294,0,294,24
2020-06-18,Yuba,115,75493,42,32,0,32,1
2020-06-17,Alameda,001,1643700,5435,4485,7,4492,117
2020-06-17,Alpine,003,1148,1,1,0,1,0
2020-06-17,Amador,005,37829,12,10,0,10,0
2020-06-17,Butte,007,227075,146,81,12,93,1
2020-06-17,Calaveras,009,45235,37,20,0,20,0
2020-06-17,Colusa,011,21464,19,7,0,7,0
2020-06-17,Contra Costa,013,1133247,2505,2020,3,2023,45
2020-06-17,Del Norte,015,27424,47,45,0,45,0
2020-06-17,El Dorado,017,186661,187,116,2,118,0
2020-06-17,Fresno,019,978130,5663,2801,61,2862,56
2020-06-17,Glenn,021,27897,75,31,0,31,0
2020-06-17,Humboldt,023,135768,138,105,0,105,3
2020-06-17,Imperial,025,180216,6506,4108,4,4112,36
2020-06-17,Inyo,027,18085,25,25,0,25,1
2020-06-17,Kern,029,883053,5163,3547,14,3561,56
2020-06-17,Kings,031,150075,2198,1097,4,1101,7
2020-06-17,Lake,033,64148,44,32,0,32,0
2020-06-17,Lassen,035,31185,18,5,2,7,0
2020-06-17,Los Angeles,037,10098052,88888,77166,26,77192,2973
2020-06-17,Madera,039,155013,559,258,2,260,4
2020-06-17,Marin,041,260295,1256,771,3,774,17
2020-06-17,Mariposa,043,17540,18,18,0,18,1
2020-06-17,Mendocino,045,87422,62,42,0,42,0
2020-06-17,Merced,047,269075,869,460,1,461,7
2020-06-17,Modoc,049,8938,1,0,0,0,0
2020-06-17,Mono,051,14174,42,34,0,34,1
2020-06-17,Monterey,053,433212,1461,1077,3,1080,12
2020-06-17,Napa,055,140530,272,202,0,202,3
2020-06-17,Nevada,057,99092,94,57,1,58,1
2020-06-17,Orange,059,3164182,14168,9278,108,9386,230
2020-06-17,Placer,061,380077,609,427,3,430,9
2020-06-17,Plumas,063,18699,6,5,0,5,0
2020-06-17,Riverside,065,2383286,15924,11859,24,11883,370
2020-06-17,Sacramento,067,1510023,2397,1889,3,1892,63
2020-06-17,San Benito,069,59416,198,116,0,116,2
2020-06-17,San Bernardino,071,2135413,11547,7670,7,7677,225
2020-06-17,San Diego,073,3302833,12040,9856,2,9858,327
2020-06-17,San Francisco,075,870044,3259,2906,1,2907,46
2020-06-17,San Joaquin,077,732212,2788,1825,3,1828,46
2020-06-17,San Luis Obispo,079,281455,557,362,5,367,1
2020-06-17,San Mateo,081,765935,3002,2649,3,2652,78
2020-06-17,Santa Barbara,083,443738,2668,2147,17,2164,19
2020-06-17,Santa Clara,085,1922200,4449,3264,16,3280,148
2020-06-17,Santa Cruz,087,273765,338,265,0,265,2
2020-06-17,Shasta,089,179085,124,51,0,51,4
2020-06-17,Sierra,091,2930,1,1,0,1,0
2020-06-17,Siskiyou,093,43540,28,16,0,16,0
2020-06-17,Solano,095,438530,1150,722,4,726,21
2020-06-17,Sonoma,097,501317,986,748,2,750,4
2020-06-17,Stanislaus,099,539301,2227,1387,6,1393,35
2020-06-17,Sutter,101,95872,119,79,0,79,2
2020-06-17,Tehama,103,63373,41,24,2,26,1
2020-06-17,Trinity,105,12862,14,2,3,5,0
2020-06-17,Tulare,107,460477,4087,2882,10,2892,106
2020-06-17,Tuolumne,109,53932,12,7,0,7,0
2020-06-17,Ventura,111,848112,2673,1729,14,1743,37
2020-06-17,Yolo,113,214977,403,277,0,277,24
2020-06-17,Yuba,115,75493,41,30,0,30,1
2020-06-16,Alameda,001,1643700,5317,4428,7,4435,113
2020-06-16,Alpine,003,1148,1,1,0,1,0
2020-06-16,Amador,005,37829,12,10,0,10,0
2020-06-16,Butte,007,227075,142,79,12,91,1
2020-06-16,Calaveras,009,45235,34,19,0,19,0
2020-06-16,Colusa,011,21464,16,7,0,7,0
2020-06-16,Contra Costa,013,1133247,2413,1971,2,1973,45
2020-06-16,Del Norte,015,27424,47,45,0,45,0
2020-06-16,El Dorado,017,186661,181,115,2,117,0
2020-06-16,Fresno,019,978130,5425,2731,59,2790,50
2020-06-16,Glenn,021,27897,71,30,0,30,0
2020-06-16,Humboldt,023,135768,135,105,0,105,3
2020-06-16,Imperial,025,180216,6347,3939,4,3943,36
2020-06-16,Inyo,027,18085,25,24,0,24,1
2020-06-16,Kern,029,883053,4939,3496,14,3510,55
2020-06-16,Kings,031,150075,2152,1044,4,1048,6
2020-06-16,Lake,033,64148,44,31,0,31,0
2020-06-16,Lassen,035,31185,15,5,2,7,0
2020-06-16,Los Angeles,037,10098052,86566,75051,26,75077,2942
2020-06-16,Madera,039,155013,533,239,2,241,3
2020-06-16,Marin,041,260295,1203,725,3,728,17
2020-06-16,Mariposa,043,17540,18,17,0,17,1
2020-06-16,Mendocino,045,87422,61,35,0,35,0
2020-06-16,Merced,047,269075,822,436,1,437,7
2020-06-16,Modoc,049,8938,1,0,0,0,0
2020-06-16,Mono,051,14174,42,34,0,34,1
2020-06-16,Monterey,053,433212,1413,1019,3,1022,12
2020-06-16,Napa,055,140530,257,196,0,196,3
2020-06-16,Nevada,057,99092,91,53,1,54,1
2020-06-16,Orange,059,3164182,13585,9163,102,9265,223
2020-06-16,Placer,061,380077,577,392,3,395,9
2020-06-16,Plumas,063,18699,6,5,0,5,0
2020-06-16,Riverside,065,2383286,15249,11638,24,11662,364
2020-06-16,Sacramento,067,1510023,2287,1825,3,1828,60
2020-06-16,San Benito,069,59416,190,110,0,110,2
2020-06-16,San Bernardino,071,2135413,11003,7463,7,7470,225
2020-06-16,San Diego,073,3302833,11678,9732,1,9733,323
2020-06-16,San Francisco,075,870044,3208,2893,1,2894,46
2020-06-16,San Joaquin,077,732212,2635,1718,3,1721,47
2020-06-16,San Luis Obispo,079,281455,533,343,5,348,1
2020-06-16,San Mateo,081,765935,2948,2618,3,2621,77
2020-06-16,Santa Barbara,083,443738,2601,2090,17,2107,16
2020-06-16,Santa Clara,085,1922200,4338,3228,15,3243,148
2020-06-16,Santa Cruz,087,273765,322,257,0,257,2
2020-06-16,Shasta,089,179085,115,51,0,51,4
2020-06-16,Sierra,091,2930,1,1,0,1,0
2020-06-16,Siskiyou,093,43540,27,15,0,15,0
2020-06-16,Solano,095,438530,1060,694,4,698,19
2020-06-16,Sonoma,097,501317,954,739,2,741,4
2020-06-16,Stanislaus,099,539301,2073,1278,6,1284,36
2020-06-16,Sutter,101,95872,112,73,0,73,2
2020-06-16,Tehama,103,63373,37,24,2,26,1
2020-06-16,Trinity,105,12862,14,2,3,5,0
2020-06-16,Tulare,107,460477,3969,2802,10,2812,96
2020-06-16,Tuolumne,109,53932,12,7,0,7,0
2020-06-16,Ventura,111,848112,2573,1676,14,1690,37
2020-06-16,Yolo,113,214977,380,262,0,262,24
2020-06-16,Yuba,115,75493,39,29,0,29,1
2020-06-15,Alameda,001,1643700,5190,4323,7,4330,112
2020-06-15,Alpine,003,1148,1,1,0,1,0
2020-06-15,Amador,005,37829,12,10,0,10,0
2020-06-15,Butte,007,227075,134,78,12,90,1
2020-06-15,Calaveras,009,45235,34,18,0,18,0
2020-06-15,Colusa,011,21464,14,7,0,7,0
2020-06-15,Contra Costa,013,1133247,2337,1918,2,1920,43
2020-06-15,Del Norte,015,27424,47,45,0,45,0
2020-06-15,El Dorado,017,186661,171,114,2,116,0
2020-06-15,Fresno,019,978130,5213,2616,58,2674,48
2020-06-15,Glenn,021,27897,66,21,0,21,0
2020-06-15,Humboldt,023,135768,133,105,0,105,3
2020-06-15,Imperial,025,180216,6172,3726,4,3730,36
2020-06-15,Inyo,027,18085,25,23,0,23,1
2020-06-15,Kern,029,883053,4716,3417,14,3431,55
2020-06-15,Kings,031,150075,2076,1022,4,1026,6
2020-06-15,Lake,033,64148,44,31,0,31,0
2020-06-15,Lassen,035,31185,15,5,2,7,0
2020-06-15,Los Angeles,037,10098052,84379,73705,26,73731,2908
2020-06-15,Madera,039,155013,511,203,2,205,3
2020-06-15,Marin,041,260295,1036,708,3,711,17
2020-06-15,Mariposa,043,17540,18,17,0,17,1
2020-06-15,Mendocino,045,87422,52,33,0,33,0
2020-06-15,Merced,047,269075,775,414,1,415,7
2020-06-15,Modoc,049,8938,1,0,0,0,0
2020-06-15,Mono,051,14174,42,34,0,34,1
2020-06-15,Monterey,053,433212,1347,998,3,1001,12
2020-06-15,Napa,055,140530,249,187,0,187,3
2020-06-15,Nevada,057,99092,85,52,1,53,1
2020-06-15,Orange,059,3164182,13017,8944,94,9038,212
2020-06-15,Placer,061,380077,555,386,3,389,9
2020-06-15,Plumas,063,18699,6,4,0,4,0
2020-06-15,Riverside,065,2383286,14631,11376,23,11399,364
2020-06-15,Sacramento,067,1510023,2171,1791,3,1794,60
2020-06-15,San Benito,069,59416,184,108,0,108,2
2020-06-15,San Bernardino,071,2135413,10500,7189,7,7196,224
2020-06-15,San Diego,073,3302833,11338,9612,1,9613,320
2020-06-15,San Francisco,075,870044,3164,2833,1,2834,45
2020-06-15,San Joaquin,077,732212,2499,1667,3,1670,43
2020-06-15,San Luis Obispo,079,281455,518,332,5,337,1
2020-06-15,San Mateo,081,765935,2901,2591,3,2594,75
2020-06-15,Santa Barbara,083,443738,2533,2054,17,2071,16
2020-06-15,Santa Clara,085,1922200,4238,3204,15,3219,148
2020-06-15,Santa Cruz,087,273765,311,254,0,254,2
2020-06-15,Shasta,089,179085,109,50,0,50,4
2020-06-15,Sierra,091,2930,1,1,0,1,0
2020-06-15,Siskiyou,093,43540,26,14,0,14,0
2020-06-15,Solano,095,438530,1000,638,4,642,19
2020-06-15,Sonoma,097,501317,925,726,2,728,4
2020-06-15,Stanislaus,099,539301,1956,1253,6,1259,35
2020-06-15,Sutter,101,95872,102,71,0,71,2
2020-06-15,Tehama,103,63373,37,17,2,19,1
2020-06-15,Trinity,105,12862,13,2,3,5,0
2020-06-15,Tulare,107,460477,3855,2662,10,2672,96
2020-06-15,Tuolumne,109,53932,11,7,0,7,0
2020-06-15,Ventura,111,848112,2492,1656,14,1670,37
2020-06-15,Yolo,113,214977,360,255,0,255,24
2020-06-15,Yuba,115,75493,39,28,0,28,1
2020-06-14,Alameda,001,1643700,5043,4271,7,4278,112
2020-06-14,Alpine,003,1148,1,1,0,1,0
2020-06-14,Amador,005,37829,12,10,0,10,0
2020-06-14,Butte,007,227075,126,78,12,90,1
2020-06-14,Calaveras,009,45235,33,18,0,18,0
2020-06-14,Colusa,011,21464,13,7,0,7,0
2020-06-14,Contra Costa,013,1133247,2269,1893,2,1895,43
2020-06-14,Del Norte,015,27424,47,45,0,45,0
2020-06-14,El Dorado,017,186661,167,110,2,112,0
2020-06-14,Fresno,019,978130,5028,2585,57,2642,48
2020-06-14,Glenn,021,27897,51,21,0,21,0
2020-06-14,Humboldt,023,135768,129,105,0,105,3
2020-06-14,Imperial,025,180216,5941,3730,4,3734,36
2020-06-14,Inyo,027,18085,24,23,0,23,1
2020-06-14,Kern,029,883053,4505,3328,14,3342,55
2020-06-14,Kings,031,150075,2025,1022,3,1025,6
2020-06-14,Lake,033,64148,41,31,0,31,0
2020-06-14,Lassen,035,31185,15,5,2,7,0
2020-06-14,Los Angeles,037,10098052,82059,72932,25,72957,2887
2020-06-14,Madera,039,155013,492,203,2,205,3
2020-06-14,Marin,041,260295,871,689,2,691,17
2020-06-14,Mariposa,043,17540,18,16,0,16,1
2020-06-14,Mendocino,045,87422,49,33,0,33,0
2020-06-14,Merced,047,269075,723,403,1,404,7
2020-06-14,Modoc,049,8938,1,0,0,0,0
2020-06-14,Mono,051,14174,42,34,0,34,1
2020-06-14,Monterey,053,433212,1286,949,3,952,12
2020-06-14,Napa,055,140530,227,181,0,181,3
2020-06-14,Nevada,057,99092,81,52,1,53,1
2020-06-14,Orange,059,3164182,12588,8744,90,8834,211
2020-06-14,Placer,061,380077,529,369,3,372,9
2020-06-14,Plumas,063,18699,5,4,0,4,0
2020-06-14,Riverside,065,2383286,14188,11218,23,11241,364
2020-06-14,Sacramento,067,1510023,2084,1750,3,1753,60
2020-06-14,San Benito,069,59416,173,104,0,104,2
2020-06-14,San Bernardino,071,2135413,9961,7015,7,7022,224
2020-06-14,San Diego,073,3302833,10963,9442,1,9443,319
2020-06-14,San Francisco,075,870044,3124,2834,1,2835,45
2020-06-14,San Joaquin,077,732212,2348,1603,3,1606,43
2020-06-14,San Luis Obispo,079,281455,503,330,5,335,1
2020-06-14,San Mateo,081,765935,2843,2571,3,2574,75
2020-06-14,Santa Barbara,083,443738,2456,2049,17,2066,17
2020-06-14,Santa Clara,085,1922200,4143,3178,15,3193,148
2020-06-14,Santa Cruz,087,273765,297,254,0,254,2
2020-06-14,Shasta,089,179085,103,48,0,48,4
2020-06-14,Sierra,091,2930,1,1,0,1,0
2020-06-14,Siskiyou,093,43540,25,13,0,13,0
2020-06-14,Solano,095,438530,951,638,4,642,19
2020-06-14,Sonoma,097,501317,897,724,2,726,4
2020-06-14,Stanislaus,099,539301,1807,1159,6,1165,35
2020-06-14,Sutter,101,95872,97,63,0,63,2
2020-06-14,Tehama,103,63373,34,17,2,19,1
2020-06-14,Trinity,105,12862,13,2,3,5,0
2020-06-14,Tulare,107,460477,3721,2646,10,2656,96
2020-06-14,Tuolumne,109,53932,11,7,0,7,0
2020-06-14,Ventura,111,848112,2393,1610,13,1623,37
2020-06-14,Yolo,113,214977,344,254,0,254,24
2020-06-14,Yuba,115,75493,38,28,0,28,1
2020-06-13,Alameda,001,1643700,4979,4196,7,4203,112
2020-06-13,Alpine,003,1148,1,1,0,1,0
2020-06-13,Amador,005,37829,11,10,0,10,0
2020-06-13,Butte,007,227075,117,72,12,84,1
2020-06-13,Calaveras,009,45235,31,18,0,18,0
2020-06-13,Colusa,011,21464,12,7,0,7,0
2020-06-13,Contra Costa,013,1133247,2233,1868,2,1870,43
2020-06-13,Del Norte,015,27424,47,45,0,45,0
2020-06-13,El Dorado,017,186661,163,110,2,112,0
2020-06-13,Fresno,019,978130,4930,2499,57,2556,48
2020-06-13,Glenn,021,27897,49,21,0,21,0
2020-06-13,Humboldt,023,135768,128,104,0,104,3
2020-06-13,Imperial,025,180216,5868,3646,4,3650,36
2020-06-13,Inyo,027,18085,24,23,0,23,1
2020-06-13,Kern,029,883053,4396,3239,14,3253,55
2020-06-13,Kings,031,150075,2005,1023,3,1026,6
2020-06-13,Lake,033,64148,40,29,0,29,0
2020-06-13,Lassen,035,31185,15,5,2,7,0
2020-06-13,Los Angeles,037,10098052,81018,71938,25,71963,2874
2020-06-13,Madera,039,155013,488,203,2,205,3
2020-06-13,Marin,041,260295,840,677,2,679,17
2020-06-13,Mariposa,043,17540,18,16,0,16,1
2020-06-13,Mendocino,045,87422,49,33,0,33,0
2020-06-13,Merced,047,269075,704,376,1,377,7
2020-06-13,Modoc,049,8938,1,0,0,0,0
2020-06-13,Mono,051,14174,42,35,0,35,1
2020-06-13,Monterey,053,433212,1248,900,3,903,11
2020-06-13,Napa,055,140530,224,171,0,171,3
2020-06-13,Nevada,057,99092,79,52,1,53,1
2020-06-13,Orange,059,3164182,12343,8581,87,8668,211
2020-06-13,Placer,061,380077,512,346,3,349,9
2020-06-13,Plumas,063,18699,5,4,0,4,0
2020-06-13,Riverside,065,2383286,13909,10931,23,10954,364
2020-06-13,Sacramento,067,1510023,2029,1713,3,1716,60
2020-06-13,San Benito,069,59416,166,99,0,99,2
2020-06-13,San Bernardino,071,2135413,9738,6885,7,6892,224
2020-06-13,San Diego,073,3302833,10791,9316,1,9317,319
2020-06-13,San Francisco,075,870044,3104,2834,1,2835,44
2020-06-13,San Joaquin,077,732212,2267,1461,3,1464,43
2020-06-13,San Luis Obispo,079,281455,492,326,5,331,1
2020-06-13,San Mateo,081,765935,2820,2551,3,2554,75
2020-06-13,Santa Barbara,083,443738,2398,1999,17,2016,15
2020-06-13,Santa Clara,085,1922200,4100,3141,15,3156,148
2020-06-13,Santa Cruz,087,273765,291,254,0,254,2
2020-06-13,Shasta,089,179085,101,48,0,48,4
2020-06-13,Sierra,091,2930,1,1,0,1,0
2020-06-13,Siskiyou,093,43540,25,13,0,13,0
2020-06-13,Solano,095,438530,923,637,4,641,19
2020-06-13,Sonoma,097,501317,882,711,2,713,4
2020-06-13,Stanislaus,099,539301,1750,1122,6,1128,33
2020-06-13,Sutter,101,95872,96,62,0,62,2
2020-06-13,Tehama,103,63373,33,17,2,19,1
2020-06-13,Trinity,105,12862,13,2,3,5,0
2020-06-13,Tulare,107,460477,3689,2626,10,2636,96
2020-06-13,Tuolumne,109,53932,10,7,0,7,0
2020-06-13,Ventura,111,848112,2347,1567,13,1580,37
2020-06-13,Yolo,113,214977,324,251,0,251,24
2020-06-13,Yuba,115,75493,38,28,0,28,1
2020-06-12,Alameda,001,1643700,4906,4167,7,4174,109
2020-06-12,Alpine,003,1148,1,1,0,1,0
2020-06-12,Amador,005,37829,11,10,0,10,0
2020-06-12,Butte,007,227075,113,71,11,82,1
2020-06-12,Calaveras,009,45235,28,18,0,18,0
2020-06-12,Colusa,011,21464,12,7,0,7,0
2020-06-12,Contra Costa,013,1133247,2196,1827,2,1829,43
2020-06-12,Del Norte,015,27424,47,45,0,45,0
2020-06-12,El Dorado,017,186661,163,110,2,112,0
2020-06-12,Fresno,019,978130,4792,2428,57,2485,47
2020-06-12,Glenn,021,27897,46,21,0,21,0
2020-06-12,Humboldt,023,135768,126,105,0,105,3
2020-06-12,Imperial,025,180216,5784,3543,4,3547,36
2020-06-12,Inyo,027,18085,24,23,0,23,1
2020-06-12,Kern,029,883053,4279,3152,14,3166,54
2020-06-12,Kings,031,150075,1992,987,3,990,6
2020-06-12,Lake,033,64148,39,29,0,29,0
2020-06-12,Lassen,035,31185,15,5,2,7,0
2020-06-12,Los Angeles,037,10098052,79612,70385,25,70410,2814
2020-06-12,Madera,039,155013,463,187,2,189,3
2020-06-12,Marin,041,260295,837,649,2,651,17
2020-06-12,Mariposa,043,17540,18,16,0,16,1
2020-06-12,Mendocino,045,87422,49,33,0,33,0
2020-06-12,Merced,047,269075,673,372,1,373,7
2020-06-12,Modoc,049,8938,1,0,0,0,0
2020-06-12,Mono,051,14174,39,35,0,35,1
2020-06-12,Monterey,053,433212,1207,864,2,866,11
2020-06-12,Napa,055,140530,221,162,0,162,3
2020-06-12,Nevada,057,99092,73,52,1,53,1
2020-06-12,Orange,059,3164182,12037,8440,86,8526,203
2020-06-12,Placer,061,380077,495,333,3,336,9
2020-06-12,Plumas,063,18699,5,4,0,4,0
2020-06-12,Riverside,065,2383286,13572,10616,23,10639,364
2020-06-12,Sacramento,067,1510023,1974,1702,3,1705,60
2020-06-12,San Benito,069,59416,159,96,0,96,2
2020-06-12,San Bernardino,071,2135413,9469,6707,7,6714,223
2020-06-12,San Diego,073,3302833,10621,9132,1,9133,313
2020-06-12,San Francisco,075,870044,3070,2823,1,2824,44
2020-06-12,San Joaquin,077,732212,2187,1406,3,1409,43
2020-06-12,San Luis Obispo,079,281455,476,321,5,326,1
2020-06-12,San Mateo,081,765935,2785,2533,3,2536,75
2020-06-12,Santa Barbara,083,443738,2344,1969,17,1986,14
2020-06-12,Santa Clara,085,1922200,4056,3099,15,3114,149
2020-06-12,Santa Cruz,087,273765,283,251,0,251,2
2020-06-12,Shasta,089,179085,94,48,0,48,5
2020-06-12,Sierra,091,2930,1,1,0,1,0
2020-06-12,Siskiyou,093,43540,25,13,0,13,0
2020-06-12,Solano,095,438530,909,620,4,624,19
2020-06-12,Sonoma,097,501317,863,696,2,698,4
2020-06-12,Stanislaus,099,539301,1691,1092,6,1098,33
2020-06-12,Sutter,101,95872,95,56,0,56,2
2020-06-12,Tehama,103,63373,32,13,2,15,1
2020-06-12,Trinity,105,12862,13,2,3,5,0
2020-06-12,Tulare,107,460477,3635,2552,10,2562,95
2020-06-12,Tuolumne,109,53932,10,7,0,7,0
2020-06-12,Ventura,111,848112,2295,1534,13,1547,35
2020-06-12,Yolo,113,214977,312,243,0,243,24
2020-06-12,Yuba,115,75493,36,27,0,27,1
2020-06-11,Alameda,001,1643700,4777,4073,6,4079,108
2020-06-11,Alpine,003,1148,1,1,0,1,0
2020-06-11,Amador,005,37829,10,10,0,10,0
2020-06-11,Butte,007,227075,107,72,11,83,1
2020-06-11,Calaveras,009,45235,27,16,0,16,0
2020-06-11,Colusa,011,21464,12,7,0,7,0
2020-06-11,Contra Costa,013,1133247,2143,1797,2,1799,43
2020-06-11,Del Norte,015,27424,47,45,0,45,0
2020-06-11,El Dorado,017,186661,155,109,2,111,0
2020-06-11,Fresno,019,978130,4639,2338,57,2395,45
2020-06-11,Glenn,021,27897,42,21,0,21,0
2020-06-11,Humboldt,023,135768,122,113,0,113,3
2020-06-11,Imperial,025,180216,5626,3463,4,3467,36
2020-06-11,Inyo,027,18085,22,23,0,23,1
2020-06-11,Kern,029,883053,4127,3047,12,3059,54
2020-06-11,Kings,031,150075,1959,963,3,966,6
2020-06-11,Lake,033,64148,39,28,0,28,0
2020-06-11,Lassen,035,31185,15,5,2,7,0
2020-06-11,Los Angeles,037,10098052,77946,68807,24,68831,2800
2020-06-11,Madera,039,155013,445,178,2,180,3
2020-06-11,Marin,041,260295,789,637,2,639,17
2020-06-11,Mariposa,043,17540,18,16,0,16,1
2020-06-11,Mendocino,045,87422,40,35,0,35,0
2020-06-11,Merced,047,269075,633,370,1,371,7
2020-06-11,Modoc,049,8938,1,0,0,0,0
2020-06-11,Mono,051,14174,39,35,0,35,1
2020-06-11,Monterey,053,433212,1160,813,2,815,11
2020-06-11,Napa,055,140530,212,162,0,162,3
2020-06-11,Nevada,057,99092,67,50,1,51,1
2020-06-11,Orange,059,3164182,11729,8304,85,8389,188
2020-06-11,Placer,061,380077,476,321,3,324,9
2020-06-11,Plumas,063,18699,5,4,0,4,0
2020-06-11,Riverside,065,2383286,13219,10014,23,10037,361
2020-06-11,Sacramento,067,1510023,1926,1669,3,1672,60
2020-06-11,San Benito,069,59416,153,94,0,94,2
2020-06-11,San Bernardino,071,2135413,9172,6509,7,6516,221
2020-06-11,San Diego,073,3302833,10391,9000,0,9000,308
2020-06-11,San Francisco,075,870044,3041,2766,1,2767,44
2020-06-11,San Joaquin,077,732212,2075,1351,3,1354,43
2020-06-11,San Luis Obispo,079,281455,462,307,5,312,1
2020-06-11,San Mateo,081,765935,2747,2499,3,2502,74
2020-06-11,Santa Barbara,083,443738,2283,1895,17,1912,14
2020-06-11,Santa Clara,085,1922200,3989,3049,15,3064,149
2020-06-11,Santa Cruz,087,273765,279,247,0,247,2
2020-06-11,Shasta,089,179085,87,47,0,47,5
2020-06-11,Sierra,091,2930,1,1,0,1,0
2020-06-11,Siskiyou,093,43540,25,14,0,14,0
2020-06-11,Solano,095,438530,883,616,4,620,19
2020-06-11,Sonoma,097,501317,841,682,2,684,4
2020-06-11,Stanislaus,099,539301,1600,1062,6,1068,30
2020-06-11,Sutter,101,95872,92,56,0,56,2
2020-06-11,Tehama,103,63373,27,10,2,12,1
2020-06-11,Trinity,105,12862,11,2,3,5,0
2020-06-11,Tulare,107,460477,3536,2473,10,2483,95
2020-06-11,Tuolumne,109,53932,10,7,0,7,0
2020-06-11,Ventura,111,848112,2218,1491,12,1503,34
2020-06-11,Yolo,113,214977,304,230,0,230,24
2020-06-11,Yuba,115,75493,36,27,0,27,1
2020-06-10,Alameda,001,1643700,4677,4027,6,4033,107
2020-06-10,Alpine,003,1148,1,1,0,1,0
2020-06-10,Amador,005,37829,10,10,0,10,0
2020-06-10,Butte,007,227075,103,71,11,82,1
2020-06-10,Calaveras,009,45235,27,16,0,16,0
2020-06-10,Colusa,011,21464,11,7,0,7,0
2020-06-10,Contra Costa,013,1133247,2099,1778,2,1780,43
2020-06-10,Del Norte,015,27424,47,45,0,45,0
2020-06-10,El Dorado,017,186661,152,109,2,111,0
2020-06-10,Fresno,019,978130,4462,2324,57,2381,45
2020-06-10,Glenn,021,27897,39,21,0,21,0
2020-06-10,Humboldt,023,135768,118,112,0,112,3
2020-06-10,Imperial,025,180216,5478,3454,4,3458,36
2020-06-10,Inyo,027,18085,22,23,0,23,1
2020-06-10,Kern,029,883053,4002,3000,11,3011,54
2020-06-10,Kings,031,150075,1913,952,2,954,6
2020-06-10,Lake,033,64148,39,28,0,28,0
2020-06-10,Lassen,035,31185,15,5,2,7,0
2020-06-10,Los Angeles,037,10098052,76431,67018,24,67042,2752
2020-06-10,Madera,039,155013,431,176,1,177,3
2020-06-10,Marin,041,260295,757,633,2,635,17
2020-06-10,Mariposa,043,17540,17,16,0,16,1
2020-06-10,Mendocino,045,87422,39,35,0,35,0
2020-06-10,Merced,047,269075,607,370,1,371,7
2020-06-10,Modoc,049,8938,1,0,0,0,0
2020-06-10,Mono,051,14174,39,35,0,35,1
2020-06-10,Monterey,053,433212,1106,791,2,793,11
2020-06-10,Napa,055,140530,209,159,0,159,3
2020-06-10,Nevada,057,99092,65,50,1,51,1
2020-06-10,Orange,059,3164182,11452,8222,81,8303,184
2020-06-10,Placer,061,380077,451,309,3,312,9
2020-06-10,Plumas,063,18699,5,4,0,4,0
2020-06-10,Riverside,065,2383286,12896,9857,23,9880,361
2020-06-10,Sacramento,067,1510023,1887,1643,2,1645,59
2020-06-10,San Benito,069,59416,144,94,0,94,2
2020-06-10,San Bernardino,071,2135413,8879,6438,7,6445,219
2020-06-10,San Diego,073,3302833,10227,8839,0,8839,305
2020-06-10,San Francisco,075,870044,3016,2774,1,2775,44
2020-06-10,San Joaquin,077,732212,1946,1282,3,1285,41
2020-06-10,San Luis Obispo,079,281455,442,306,5,311,1
2020-06-10,San Mateo,081,765935,2707,2492,3,2495,74
2020-06-10,Santa Barbara,083,443738,2227,1878,17,1895,13
2020-06-10,Santa Clara,085,1922200,3938,3032,15,3047,149
2020-06-10,Santa Cruz,087,273765,275,242,0,242,2
2020-06-10,Shasta,089,179085,82,45,0,45,5
2020-06-10,Sierra,091,2930,1,1,0,1,0
2020-06-10,Siskiyou,093,43540,25,14,0,14,0
2020-06-10,Solano,095,438530,847,608,4,612,19
2020-06-10,Sonoma,097,501317,823,673,2,675,4
2020-06-10,Stanislaus,099,539301,1510,1030,6,1036,29
2020-06-10,Sutter,101,95872,91,56,0,56,2
2020-06-10,Tehama,103,63373,25,10,2,12,1
2020-06-10,Trinity,105,12862,11,2,3,5,0
2020-06-10,Tulare,107,460477,3444,2455,10,2465,95
2020-06-10,Tuolumne,109,53932,10,7,0,7,0
2020-06-10,Ventura,111,848112,2172,1446,11,1457,34
2020-06-10,Yolo,113,214977,296,226,0,226,24
2020-06-10,Yuba,115,75493,35,27,0,27,1
2020-06-09,Alameda,001,1643700,4566,3963,6,3969,103
2020-06-09,Alpine,003,1148,1,1,0,1,0
2020-06-09,Amador,005,37829,10,10,0,10,0
2020-06-09,Butte,007,227075,102,70,10,80,1
2020-06-09,Calaveras,009,45235,27,16,0,16,0
2020-06-09,Colusa,011,21464,10,7,0,7,0
2020-06-09,Contra Costa,013,1133247,2058,1744,2,1746,42
2020-06-09,Del Norte,015,27424,47,45,0,45,0
2020-06-09,El Dorado,017,186661,142,108,2,110,0
2020-06-09,Fresno,019,978130,4311,2278,57,2335,43
2020-06-09,Glenn,021,27897,38,19,0,19,0
2020-06-09,Humboldt,023,135768,116,113,0,113,2
2020-06-09,Imperial,025,180216,5328,3067,4,3071,36
2020-06-09,Inyo,027,18085,22,22,0,22,1
2020-06-09,Kern,029,883053,3874,2920,11,2931,51
2020-06-09,Kings,031,150075,1881,934,2,936,6
2020-06-09,Lake,033,64148,39,28,0,28,0
2020-06-09,Lassen,035,31185,15,5,2,7,0
2020-06-09,Los Angeles,037,10098052,74773,65827,24,65851,2692
2020-06-09,Madera,039,155013,416,172,1,173,3
2020-06-09,Marin,041,260295,721,616,2,618,17
2020-06-09,Mariposa,043,17540,17,16,0,16,1
2020-06-09,Mendocino,045,87422,35,35,0,35,0
2020-06-09,Merced,047,269075,575,349,1,350,7
2020-06-09,Modoc,049,8938,1,0,0,0,0
2020-06-09,Mono,051,14174,39,35,0,35,1
2020-06-09,Monterey,053,433212,1065,772,2,774,11
2020-06-09,Napa,055,140530,199,156,0,156,3
2020-06-09,Nevada,057,99092,57,50,1,51,1
2020-06-09,Orange,059,3164182,11209,7991,79,8070,174
2020-06-09,Placer,061,380077,438,301,3,304,9
2020-06-09,Plumas,063,18699,5,4,0,4,0
2020-06-09,Riverside,065,2383286,12518,9511,23,9534,354
2020-06-09,Sacramento,067,1510023,1832,1625,2,1627,59
2020-06-09,San Benito,069,59416,138,95,0,95,2
2020-06-09,San Bernardino,071,2135413,8556,6268,6,6274,217
2020-06-09,San Diego,073,3302833,10042,8731,0,8731,301
2020-06-09,San Francisco,075,870044,2991,2749,1,2750,44
2020-06-09,San Joaquin,077,732212,1840,1240,3,1243,41
2020-06-09,San Luis Obispo,079,281455,429,301,4,305,1
2020-06-09,San Mateo,081,765935,2676,2463,3,2466,74
2020-06-09,Santa Barbara,083,443738,2171,1854,17,1871,13
2020-06-09,Santa Clara,085,1922200,3870,3006,14,3020,147
2020-06-09,Santa Cruz,087,273765,269,237,0,237,2
2020-06-09,Shasta,089,179085,78,44,0,44,4
2020-06-09,Sierra,091,2930,1,1,0,1,0
2020-06-09,Siskiyou,093,43540,20,10,0,10,0
2020-06-09,Solano,095,438530,812,596,4,600,18
2020-06-09,Sonoma,097,501317,800,661,2,663,4
2020-06-09,Stanislaus,099,539301,1409,993,6,999,25
2020-06-09,Sutter,101,95872,88,56,0,56,2
2020-06-09,Tehama,103,63373,25,9,2,11,1
2020-06-09,Trinity,105,12862,10,2,3,5,0
2020-06-09,Tulare,107,460477,3378,2393,10,2403,91
2020-06-09,Tuolumne,109,53932,10,8,0,8,0
2020-06-09,Ventura,111,848112,2106,1407,11,1418,34
2020-06-09,Yolo,113,214977,285,226,0,226,24
2020-06-09,Yuba,115,75493,34,27,0,27,1
2020-06-08,Alameda,001,1643700,4485,3937,6,3943,103
2020-06-08,Alpine,003,1148,1,1,0,1,0
2020-06-08,Amador,005,37829,10,10,0,10,0
2020-06-08,Butte,007,227075,98,68,10,78,1
2020-06-08,Calaveras,009,45235,27,16,0,16,0
2020-06-08,Colusa,011,21464,9,7,0,7,0
2020-06-08,Contra Costa,013,1133247,2015,1714,2,1716,41
2020-06-08,Del Norte,015,27424,47,45,0,45,0
2020-06-08,El Dorado,017,186661,138,107,1,108,0
2020-06-08,Fresno,019,978130,4189,2194,56,2250,42
2020-06-08,Glenn,021,27897,36,17,0,17,0
2020-06-08,Humboldt,023,135768,116,112,0,112,2
2020-06-08,Imperial,025,180216,5176,3051,4,3055,21
2020-06-08,Inyo,027,18085,22,22,0,22,1
2020-06-08,Kern,029,883053,3743,2853,10,2863,49
2020-06-08,Kings,031,150075,1805,892,2,894,6
2020-06-08,Lake,033,64148,39,28,0,28,0
2020-06-08,Lassen,035,31185,15,4,2,6,0
2020-06-08,Los Angeles,037,10098052,73312,64634,24,64658,2640
2020-06-08,Madera,039,155013,386,154,1,155,3
2020-06-08,Marin,041,260295,680,596,2,598,17
2020-06-08,Mariposa,043,17540,16,16,0,16,1
2020-06-08,Mendocino,045,87422,33,32,0,32,0
2020-06-08,Merced,047,269075,541,331,1,332,7
2020-06-08,Modoc,049,8938,1,0,0,0,0
2020-06-08,Mono,051,14174,39,35,0,35,1
2020-06-08,Monterey,053,433212,1014,751,2,753,10
2020-06-08,Napa,055,140530,183,151,0,151,3
2020-06-08,Nevada,057,99092,56,50,1,51,1
2020-06-08,Orange,059,3164182,10958,7786,77,7863,160
2020-06-08,Placer,061,380077,421,290,3,293,9
2020-06-08,Plumas,063,18699,5,4,0,4,0
2020-06-08,Riverside,065,2383286,12148,9246,23,9269,347
2020-06-08,Sacramento,067,1510023,1782,1591,2,1593,59
2020-06-08,San Benito,069,59416,131,93,0,93,2
2020-06-08,San Bernardino,071,2135413,8237,6122,6,6128,214
2020-06-08,San Diego,073,3302833,9885,8621,0,8621,296
2020-06-08,San Francisco,075,870044,2964,2715,1,2716,43
2020-06-08,San Joaquin,077,732212,1733,1198,3,1201,40
2020-06-08,San Luis Obispo,079,281455,423,300,4,304,1
2020-06-08,San Mateo,081,765935,2645,2431,2,2433,74
2020-06-08,Santa Barbara,083,443738,2116,1824,15,1839,13
2020-06-08,Santa Clara,085,1922200,3824,2971,14,2985,146
2020-06-08,Santa Cruz,087,273765,268,234,0,234,2
2020-06-08,Shasta,089,179085,74,43,0,43,4
2020-06-08,Sierra,091,2930,1,1,0,1,0
2020-06-08,Siskiyou,093,43540,20,8,0,8,0
2020-06-08,Solano,095,438530,785,560,4,564,19
2020-06-08,Sonoma,097,501317,784,654,2,656,4
2020-06-08,Stanislaus,099,539301,1326,956,6,962,28
2020-06-08,Sutter,101,95872,81,55,0,55,2
2020-06-08,Tehama,103,63373,19,8,2,10,1
2020-06-08,Trinity,105,12862,10,2,3,5,0
2020-06-08,Tulare,107,460477,3295,2301,10,2311,91
2020-06-08,Tuolumne,109,53932,9,8,0,8,0
2020-06-08,Ventura,111,848112,2048,1382,11,1393,30
2020-06-08,Yolo,113,214977,274,228,0,228,24
2020-06-08,Yuba,115,75493,32,27,0,27,1
2020-06-07,Alameda,001,1643700,4372,3866,6,3872,102
2020-06-07,Alpine,003,1148,1,1,0,1,0
2020-06-07,Amador,005,37829,10,10,0,10,0
2020-06-07,Butte,007,227075,96,64,8,72,1
2020-06-07,Calaveras,009,45235,25,16,0,16,0
2020-06-07,Colusa,011,21464,9,7,0,7,0
2020-06-07,Contra Costa,013,1133247,1964,1653,1,1654,38
2020-06-07,Del Norte,015,27424,45,45,0,45,0
2020-06-07,El Dorado,017,186661,138,104,1,105,0
2020-06-07,Fresno,019,978130,4059,2144,56,2200,41
2020-06-07,Glenn,021,27897,29,16,0,16,0
2020-06-07,Humboldt,023,135768,116,112,0,112,2
2020-06-07,Imperial,025,180216,5026,3048,4,3052,19
2020-06-07,Inyo,027,18085,22,21,0,21,1
2020-06-07,Kern,029,883053,3612,2771,10,2781,46
2020-06-07,Kings,031,150075,1756,882,2,884,6
2020-06-07,Lake,033,64148,36,28,0,28,0
2020-06-07,Lassen,035,31185,14,4,2,6,0
2020-06-07,Los Angeles,037,10098052,71603,63750,24,63774,2629
2020-06-07,Madera,039,155013,369,149,1,150,3
2020-06-07,Marin,041,260295,666,584,2,586,17
2020-06-07,Mariposa,043,17540,16,16,0,16,1
2020-06-07,Mendocino,045,87422,33,32,0,32,0
2020-06-07,Merced,047,269075,512,318,1,319,7
2020-06-07,Modoc,049,8938,1,0,0,0,0
2020-06-07,Mono,051,14174,39,35,0,35,1
2020-06-07,Monterey,053,433212,968,732,2,734,10
2020-06-07,Napa,055,140530,175,142,0,142,3
2020-06-07,Nevada,057,99092,55,50,1,51,1
2020-06-07,Orange,059,3164182,10700,7643,75,7718,158
2020-06-07,Placer,061,380077,400,273,2,275,9
2020-06-07,Plumas,063,18699,5,4,0,4,0
2020-06-07,Riverside,065,2383286,11852,9105,23,9128,344
2020-06-07,Sacramento,067,1510023,1734,1568,2,1570,59
2020-06-07,San Benito,069,59416,128,92,0,92,2
2020-06-07,San Bernardino,071,2135413,7951,6033,6,6039,214
2020-06-07,San Diego,073,3302833,9706,8478,0,8478,296
2020-06-07,San Francisco,075,870044,2920,2674,0,2674,43
2020-06-07,San Joaquin,077,732212,1632,1126,3,1129,37
2020-06-07,San Luis Obispo,079,281455,413,296,4,300,1
2020-06-07,San Mateo,081,765935,2618,2399,2,2401,73
2020-06-07,Santa Barbara,083,443738,2061,1818,15,1833,13
2020-06-07,Santa Clara,085,1922200,3772,2947,14,2961,146
2020-06-07,Santa Cruz,087,273765,260,230,0,230,2
2020-06-07,Shasta,089,179085,73,41,0,41,4
2020-06-07,Sierra,091,2930,1,1,0,1,0
2020-06-07,Siskiyou,093,43540,20,8,0,8,0
2020-06-07,Solano,095,438530,762,560,4,564,19
2020-06-07,Sonoma,097,501317,753,639,2,641,4
2020-06-07,Stanislaus,099,539301,1246,905,5,910,28
2020-06-07,Sutter,101,95872,73,55,0,55,2
2020-06-07,Tehama,103,63373,16,8,2,10,1
2020-06-07,Trinity,105,12862,8,2,3,5,0
2020-06-07,Tulare,107,460477,3173,2219,10,2229,90
2020-06-07,Tuolumne,109,53932,9,4,0,4,0
2020-06-07,Ventura,111,848112,1982,1337,11,1348,30
2020-06-07,Yolo,113,214977,264,224,0,224,24
2020-06-07,Yuba,115,75493,32,27,0,27,1
2020-06-06,Alameda,001,1643700,4326,3801,6,3807,102
2020-06-06,Alpine,003,1148,1,1,0,1,0
2020-06-06,Amador,005,37829,10,10,0,10,0
2020-06-06,Butte,007,227075,95,63,8,71,1
2020-06-06,Calaveras,009,45235,23,16,0,16,0
2020-06-06,Colusa,011,21464,9,7,0,7,0
2020-06-06,Contra Costa,013,1133247,1944,1619,1,1620,37
2020-06-06,Del Norte,015,27424,45,45,0,45,0
2020-06-06,El Dorado,017,186661,133,104,1,105,0
2020-06-06,Fresno,019,978130,4003,2117,56,2173,41
2020-06-06,Glenn,021,27897,27,16,0,16,0
2020-06-06,Humboldt,023,135768,116,112,0,112,2
2020-06-06,Imperial,025,180216,4951,3047,4,3051,19
2020-06-06,Inyo,027,18085,22,21,0,21,1
2020-06-06,Kern,029,883053,3541,2695,10,2705,46
2020-06-06,Kings,031,150075,1737,882,2,884,6
2020-06-06,Lake,033,64148,36,28,0,28,0
2020-06-06,Lassen,035,31185,14,4,2,6,0
2020-06-06,Los Angeles,037,10098052,70848,62269,24,62293,2607
2020-06-06,Madera,039,155013,360,149,1,150,3
2020-06-06,Marin,041,260295,661,556,2,558,17
2020-06-06,Mariposa,043,17540,16,16,0,16,1
2020-06-06,Mendocino,045,87422,33,32,0,32,0
2020-06-06,Merced,047,269075,510,315,1,316,7
2020-06-06,Modoc,049,8938,1,0,0,0,0
2020-06-06,Mono,051,14174,39,35,0,35,1
2020-06-06,Monterey,053,433212,944,679,2,681,10
2020-06-06,Napa,055,140530,169,136,0,136,3
2020-06-06,Nevada,057,99092,54,50,1,51,1
2020-06-06,Orange,059,3164182,10541,7576,74,7650,157
2020-06-06,Placer,061,380077,388,270,2,272,9
2020-06-06,Plumas,063,18699,5,4,0,4,0
2020-06-06,Riverside,065,2383286,11674,8935,23,8958,345
2020-06-06,Sacramento,067,1510023,1711,1533,2,1535,59
2020-06-06,San Benito,069,59416,118,92,0,92,2
2020-06-06,San Bernardino,071,2135413,7802,5946,6,5952,214
2020-06-06,San Diego,073,3302833,9585,8347,0,8347,296
2020-06-06,San Francisco,075,870044,2905,2674,0,2674,43
2020-06-06,San Joaquin,077,732212,1592,1076,3,1079,37
2020-06-06,San Luis Obispo,079,281455,407,295,4,299,1
2020-06-06,San Mateo,081,765935,2603,2342,2,2344,72
2020-06-06,Santa Barbara,083,443738,2022,1815,15,1830,13
2020-06-06,Santa Clara,085,1922200,3731,2934,14,2948,144
2020-06-06,Santa Cruz,087,273765,258,226,0,226,2
2020-06-06,Shasta,089,179085,73,40,0,40,4
2020-06-06,Sierra,091,2930,1,1,0,1,0
2020-06-06,Siskiyou,093,43540,18,8,0,8,0
2020-06-06,Solano,095,438530,747,560,4,564,19
2020-06-06,Sonoma,097,501317,741,622,2,624,4
2020-06-06,Stanislaus,099,539301,1212,858,5,863,27
2020-06-06,Sutter,101,95872,73,51,0,51,2
2020-06-06,Tehama,103,63373,15,8,2,10,1
2020-06-06,Trinity,105,12862,8,2,2,4,0
2020-06-06,Tulare,107,460477,3140,2213,10,2223,90
2020-06-06,Tuolumne,109,53932,9,4,0,4,0
2020-06-06,Ventura,111,848112,1958,1303,11,1314,30
2020-06-06,Yolo,113,214977,262,223,0,223,24
2020-06-06,Yuba,115,75493,32,27,0,27,1
2020-06-05,Alameda,001,1643700,4275,3734,6,3740,102
2020-06-05,Alpine,003,1148,1,1,0,1,0
2020-06-05,Amador,005,37829,10,10,0,10,0
2020-06-05,Butte,007,227075,92,61,8,69,1
2020-06-05,Calaveras,009,45235,22,16,0,16,0
2020-06-05,Colusa,011,21464,9,7,0,7,0
2020-06-05,Contra Costa,013,1133247,1929,1575,1,1576,37
2020-06-05,Del Norte,015,27424,45,45,0,45,0
2020-06-05,El Dorado,017,186661,131,101,1,102,0
2020-06-05,Fresno,019,978130,3939,2051,55,2106,38
2020-06-05,Glenn,021,27897,25,16,0,16,0
2020-06-05,Humboldt,023,135768,115,111,0,111,2
2020-06-05,Imperial,025,180216,4844,2778,4,2782,19
2020-06-05,Inyo,027,18085,22,21,0,21,1
2020-06-05,Kern,029,883053,3452,2624,10,2634,46
2020-06-05,Kings,031,150075,1722,865,2,867,6
2020-06-05,Lake,033,64148,35,28,0,28,0
2020-06-05,Lassen,035,31185,13,4,2,6,0
2020-06-05,Los Angeles,037,10098052,69697,60955,22,60977,2553
2020-06-05,Madera,039,155013,338,144,1,145,3
2020-06-05,Marin,041,260295,652,546,2,548,17
2020-06-05,Mariposa,043,17540,16,16,0,16,1
2020-06-05,Mendocino,045,87422,33,32,0,32,0
2020-06-05,Merced,047,269075,507,309,1,310,7
2020-06-05,Modoc,049,8938,1,0,0,0,0
2020-06-05,Mono,051,14174,39,35,0,35,1
2020-06-05,Monterey,053,433212,912,649,2,651,10
2020-06-05,Napa,055,140530,166,123,0,123,3
2020-06-05,Nevada,057,99092,54,50,1,51,1
2020-06-05,Orange,059,3164182,10346,7391,73,7464,153
2020-06-05,Placer,061,380077,378,265,2,267,9
2020-06-05,Plumas,063,18699,5,4,0,4,0
2020-06-05,Riverside,065,2383286,11415,8700,23,8723,345
2020-06-05,Sacramento,067,1510023,1689,1514,2,1516,59
2020-06-05,San Benito,069,59416,116,92,0,92,2
2020-06-05,San Bernardino,071,2135413,7620,5869,5,5874,212
2020-06-05,San Diego,073,3302833,9470,8182,0,8182,294
2020-06-05,San Francisco,075,870044,2887,2675,0,2675,43
2020-06-05,San Joaquin,077,732212,1513,1046,3,1049,36
2020-06-05,San Luis Obispo,079,281455,400,293,4,297,1
2020-06-05,San Mateo,081,765935,2578,2331,2,2333,72
2020-06-05,Santa Barbara,083,443738,1991,1795,15,1810,13
2020-06-05,Santa Clara,085,1922200,3696,2902,14,2916,144
2020-06-05,Santa Cruz,087,273765,255,222,0,222,2
2020-06-05,Shasta,089,179085,72,40,0,40,4
2020-06-05,Sierra,091,2930,1,1,0,1,0
2020-06-05,Siskiyou,093,43540,16,8,0,8,0
2020-06-05,Solano,095,438530,740,558,4,562,19
2020-06-05,Sonoma,097,501317,720,618,2,620,4
2020-06-05,Stanislaus,099,539301,1179,842,5,847,27
2020-06-05,Sutter,101,95872,73,49,0,49,2
2020-06-05,Tehama,103,63373,15,7,2,9,1
2020-06-05,Trinity,105,12862,8,1,2,3,0
2020-06-05,Tulare,107,460477,3091,2180,10,2190,90
2020-06-05,Tuolumne,109,53932,9,4,0,4,0
2020-06-05,Ventura,111,848112,1925,1274,11,1285,30
2020-06-05,Yolo,113,214977,261,216,0,216,24
2020-06-05,Yuba,115,75493,32,27,0,27,1
2020-06-04,Alameda,001,1643700,4176,3643,6,3649,99
2020-06-04,Alpine,003,1148,1,1,0,1,0
2020-06-04,Amador,005,37829,10,10,0,10,0
2020-06-04,Butte,007,227075,88,57,7,64,1
2020-06-04,Calaveras,009,45235,22,15,0,15,0
2020-06-04,Colusa,011,21464,9,7,0,7,0
2020-06-04,Contra Costa,013,1133247,1872,1551,1,1552,37
2020-06-04,Del Norte,015,27424,45,45,0,45,0
2020-06-04,El Dorado,017,186661,129,101,1,102,0
2020-06-04,Fresno,019,978130,3835,2007,54,2061,35
2020-06-04,Glenn,021,27897,22,16,0,16,0
2020-06-04,Humboldt,023,135768,115,109,0,109,2
2020-06-04,Imperial,025,180216,4662,2631,4,2635,19
2020-06-04,Inyo,027,18085,22,20,0,20,1
2020-06-04,Kern,029,883053,3336,2530,10,2540,46
2020-06-04,Kings,031,150075,1653,842,2,844,6
2020-06-04,Lake,033,64148,34,27,0,27,0
2020-06-04,Lassen,035,31185,11,4,2,6,0
2020-06-04,Los Angeles,037,10098052,68231,59596,22,59618,2515
2020-06-04,Madera,039,155013,330,127,1,128,3
2020-06-04,Marin,041,260295,630,533,2,535,14
2020-06-04,Mariposa,043,17540,16,16,0,16,1
2020-06-04,Mendocino,045,87422,33,29,0,29,0
2020-06-04,Merced,047,269075,497,304,1,305,7
2020-06-04,Modoc,049,8938,1,0,0,0,0
2020-06-04,Mono,051,14174,39,35,0,35,1
2020-06-04,Monterey,053,433212,877,621,1,622,10
2020-06-04,Napa,055,140530,162,117,0,117,3
2020-06-04,Nevada,057,99092,53,49,1,50,1
2020-06-04,Orange,059,3164182,10093,7192,72,7264,148
2020-06-04,Placer,061,380077,362,256,2,258,9
2020-06-04,Plumas,063,18699,4,4,0,4,0
2020-06-04,Riverside,065,2383286,11137,8473,23,8496,341
2020-06-04,Sacramento,067,1510023,1660,1492,2,1494,58
2020-06-04,San Benito,069,59416,114,88,0,88,2
2020-06-04,San Bernardino,071,2135413,7351,5726,5,5731,207
2020-06-04,San Diego,073,3302833,9307,7942,0,7942,288
2020-06-04,San Francisco,075,870044,2854,2636,0,2636,43
2020-06-04,San Joaquin,077,732212,1451,1016,3,1019,36
2020-06-04,San Luis Obispo,079,281455,389,288,4,292,1
2020-06-04,San Mateo,081,765935,2551,2284,2,2286,72
2020-06-04,Santa Barbara,083,443738,1960,1750,14,1764,13
2020-06-04,Santa Clara,085,1922200,3661,2871,14,2885,144
2020-06-04,Santa Cruz,087,273765,249,218,0,218,2
2020-06-04,Shasta,089,179085,66,40,0,40,4
2020-06-04,Sierra,091,2930,1,1,0,1,0
2020-06-04,Siskiyou,093,43540,15,8,0,8,0
2020-06-04,Solano,095,438530,723,551,4,555,19
2020-06-04,Sonoma,097,501317,701,591,1,592,4
2020-06-04,Stanislaus,099,539301,1103,806,5,811,28
2020-06-04,Sutter,101,95872,68,46,0,46,2
2020-06-04,Tehama,103,63373,14,6,1,7,1
2020-06-04,Trinity,105,12862,8,1,2,3,0
2020-06-04,Tulare,107,460477,2974,2086,10,2096,90
2020-06-04,Tuolumne,109,53932,8,4,0,4,0
2020-06-04,Ventura,111,848112,1881,1236,10,1246,30
2020-06-04,Yolo,113,214977,256,216,0,216,24
2020-06-04,Yuba,115,75493,31,27,0,27,1
2020-06-03,Alameda,001,1643700,4117,3589,5,3594,99
2020-06-03,Alpine,003,1148,1,1,0,1,0
2020-06-03,Amador,005,37829,10,10,0,10,0
2020-06-03,Butte,007,227075,86,53,7,60,1
2020-06-03,Calaveras,009,45235,21,15,0,15,0
2020-06-03,Colusa,011,21464,9,7,0,7,0
2020-06-03,Contra Costa,013,1133247,1824,1511,1,1512,37
2020-06-03,Del Norte,015,27424,45,39,0,39,0
2020-06-03,El Dorado,017,186661,126,90,1,91,0
2020-06-03,Fresno,019,978130,3736,1943,54,1997,35
2020-06-03,Glenn,021,27897,22,16,0,16,0
2020-06-03,Humboldt,023,135768,115,103,0,103,2
2020-06-03,Imperial,025,180216,4489,2540,4,2544,19
2020-06-03,Inyo,027,18085,22,20,0,20,1
2020-06-03,Kern,029,883053,3240,2452,9,2461,44
2020-06-03,Kings,031,150075,1592,744,2,746,6
2020-06-03,Lake,033,64148,32,26,0,26,0
2020-06-03,Lassen,035,31185,11,4,2,6,0
2020-06-03,Los Angeles,037,10098052,66632,58166,22,58188,2472
2020-06-03,Madera,039,155013,322,117,1,118,3
2020-06-03,Marin,041,260295,612,527,2,529,14
2020-06-03,Mariposa,043,17540,16,16,0,16,1
2020-06-03,Mendocino,045,87422,32,29,0,29,0
2020-06-03,Merced,047,269075,485,299,1,300,7
2020-06-03,Modoc,049,8938,1,0,0,0,0
2020-06-03,Mono,051,14174,39,35,0,35,1
2020-06-03,Monterey,053,433212,849,592,1,593,10
2020-06-03,Napa,055,140530,161,116,0,116,3
2020-06-03,Nevada,057,99092,52,43,1,44,1
2020-06-03,Orange,059,3164182,9867,6939,71,7010,145
2020-06-03,Placer,061,380077,342,243,2,245,9
2020-06-03,Plumas,063,18699,4,4,0,4,0
2020-06-03,Riverside,065,2383286,10863,8208,23,8231,335
2020-06-03,Sacramento,067,1510023,1631,1457,2,1459,58
2020-06-03,San Benito,069,59416,108,88,0,88,2
2020-06-03,San Bernardino,071,2135413,7128,5565,5,5570,203
2020-06-03,San Diego,073,3302833,9159,7800,0,7800,283
2020-06-03,San Francisco,075,870044,2823,2608,0,2608,43
2020-06-03,San Joaquin,077,732212,1386,1004,3,1007,35
2020-06-03,San Luis Obispo,079,281455,384,279,4,283,1
2020-06-03,San Mateo,081,765935,2523,2243,2,2245,71
2020-06-03,Santa Barbara,083,443738,1926,1722,13,1735,12
2020-06-03,Santa Clara,085,1922200,3619,2836,14,2850,144
2020-06-03,Santa Cruz,087,273765,243,217,0,217,2
2020-06-03,Shasta,089,179085,63,40,0,40,4
2020-06-03,Sierra,091,2930,1,1,0,1,0
2020-06-03,Siskiyou,093,43540,14,8,0,8,0
2020-06-03,Solano,095,438530,698,543,2,545,18
2020-06-03,Sonoma,097,501317,689,578,1,579,4
2020-06-03,Stanislaus,099,539301,1063,780,5,785,27
2020-06-03,Sutter,101,95872,60,45,0,45,2
2020-06-03,Tehama,103,63373,14,6,1,7,1
2020-06-03,Trinity,105,12862,8,1,2,3,0
2020-06-03,Tulare,107,460477,2905,2041,10,2051,88
2020-06-03,Tuolumne,109,53932,6,4,0,4,0
2020-06-03,Ventura,111,848112,1814,1202,10,1212,30
2020-06-03,Yolo,113,214977,252,213,0,213,24
2020-06-03,Yuba,115,75493,31,27,0,27,1
2020-06-02,Alameda,001,1643700,4041,3517,5,3522,99
2020-06-02,Alpine,003,1148,1,1,0,1,0
2020-06-02,Amador,005,37829,10,10,0,10,0
2020-06-02,Butte,007,227075,82,51,6,57,1
2020-06-02,Calaveras,009,45235,21,15,0,15,0
2020-06-02,Colusa,011,21464,9,7,0,7,0
2020-06-02,Contra Costa,013,1133247,1792,1505,1,1506,37
2020-06-02,Del Norte,015,27424,45,39,0,39,0
2020-06-02,El Dorado,017,186661,125,88,1,89,0
2020-06-02,Fresno,019,978130,3623,1917,54,1971,34
2020-06-02,Glenn,021,27897,21,16,0,16,0
2020-06-02,Humboldt,023,135768,115,101,0,101,2
2020-06-02,Imperial,025,180216,4296,2459,4,2463,19
2020-06-02,Inyo,027,18085,20,20,0,20,1
2020-06-02,Kern,029,883053,3141,2406,7,2413,41
2020-06-02,Kings,031,150075,1564,720,2,722,5
2020-06-02,Lake,033,64148,32,25,0,25,0
2020-06-02,Lassen,035,31185,10,4,2,6,0
2020-06-02,Los Angeles,037,10098052,65229,57144,22,57166,2430
2020-06-02,Madera,039,155013,301,110,1,111,2
2020-06-02,Marin,041,260295,585,509,2,511,14
2020-06-02,Mariposa,043,17540,16,16,0,16,1
2020-06-02,Mendocino,045,87422,32,29,0,29,0
2020-06-02,Merced,047,269075,469,297,1,298,6
2020-06-02,Modoc,049,8938,1,0,0,0,0
2020-06-02,Mono,051,14174,39,35,0,35,1
2020-06-02,Monterey,053,433212,819,582,1,583,10
2020-06-02,Napa,055,140530,152,116,0,116,3
2020-06-02,Nevada,057,99092,51,41,1,42,1
2020-06-02,Orange,059,3164182,9666,6790,70,6860,142
2020-06-02,Placer,061,380077,328,226,2,228,9
2020-06-02,Plumas,063,18699,4,4,0,4,0
2020-06-02,Riverside,065,2383286,10567,8091,22,8113,330
2020-06-02,Sacramento,067,1510023,1602,1428,2,1430,58
2020-06-02,San Benito,069,59416,107,86,0,86,2
2020-06-02,San Bernardino,071,2135413,6921,5438,5,5443,202
2020-06-02,San Diego,073,3302833,9013,7676,0,7676,276
2020-06-02,San Francisco,075,870044,2788,2554,0,2554,43
2020-06-02,San Joaquin,077,732212,1320,985,3,988,35
2020-06-02,San Luis Obispo,079,281455,379,275,4,279,1
2020-06-02,San Mateo,081,765935,2488,2203,2,2205,71
2020-06-02,Santa Barbara,083,443738,1886,1703,13,1716,12
2020-06-02,Santa Clara,085,1922200,3569,2819,14,2833,144
2020-06-02,Santa Cruz,087,273765,238,215,0,215,2
2020-06-02,Shasta,089,179085,62,38,0,38,4
2020-06-02,Sierra,091,2930,1,1,0,1,0
2020-06-02,Siskiyou,093,43540,13,8,0,8,0
2020-06-02,Solano,095,438530,683,537,1,538,18
2020-06-02,Sonoma,097,501317,678,571,1,572,4
2020-06-02,Stanislaus,099,539301,1004,772,5,777,27
2020-06-02,Sutter,101,95872,57,43,0,43,2
2020-06-02,Tehama,103,63373,14,6,1,7,1
2020-06-02,Trinity,105,12862,8,1,2,3,0
2020-06-02,Tulare,107,460477,2825,2012,10,2022,86
2020-06-02,Tuolumne,109,53932,6,4,0,4,0
2020-06-02,Ventura,111,848112,1761,1178,10,1188,30
2020-06-02,Yolo,113,214977,250,213,0,213,24
2020-06-02,Yuba,115,75493,31,27,0,27,1
2020-06-01,Alameda,001,1643700,3975,3460,5,3465,98
2020-06-01,Alpine,003,1148,1,1,0,1,0
2020-06-01,Amador,005,37829,10,10,0,10,0
2020-06-01,Butte,007,227075,81,50,5,55,1
2020-06-01,Calaveras,009,45235,21,15,0,15,0
2020-06-01,Colusa,011,21464,9,7,0,7,0
2020-06-01,Contra Costa,013,1133247,1756,1486,1,1487,37
2020-06-01,Del Norte,015,27424,45,38,0,38,0
2020-06-01,El Dorado,017,186661,123,88,1,89,0
2020-06-01,Fresno,019,978130,3527,1854,52,1906,33
2020-06-01,Glenn,021,27897,21,16,0,16,0
2020-06-01,Humboldt,023,135768,115,98,0,98,2
2020-06-01,Imperial,025,180216,4074,2366,4,2370,14
2020-06-01,Inyo,027,18085,20,20,0,20,1
2020-06-01,Kern,029,883053,3058,2366,7,2373,38
2020-06-01,Kings,031,150075,1296,703,2,705,4
2020-06-01,Lake,033,64148,32,22,0,22,0
2020-06-01,Lassen,035,31185,10,4,2,6,0
2020-06-01,Los Angeles,037,10098052,63756,55899,22,55921,2367
2020-06-01,Madera,039,155013,289,103,1,104,2
2020-06-01,Marin,041,260295,544,495,2,497,14
2020-06-01,Mariposa,043,17540,16,16,0,16,1
2020-06-01,Mendocino,045,87422,32,28,0,28,0
2020-06-01,Merced,047,269075,452,289,1,290,6
2020-06-01,Modoc,049,8938,1,0,0,0,0
2020-06-01,Mono,051,14174,39,35,0,35,1
2020-06-01,Monterey,053,433212,795,554,1,555,10
2020-06-01,Napa,055,140530,149,114,0,114,3
2020-06-01,Nevada,057,99092,51,41,1,42,1
2020-06-01,Orange,059,3164182,9469,6640,69,6709,135
2020-06-01,Placer,061,380077,316,218,2,220,9
2020-06-01,Plumas,063,18699,4,4,0,4,0
2020-06-01,Riverside,065,2383286,10115,7921,21,7942,322
2020-06-01,Sacramento,067,1510023,1563,1415,2,1417,58
2020-06-01,San Benito,069,59416,104,86,0,86,2
2020-06-01,San Bernardino,071,2135413,6715,5310,5,5315,202
2020-06-01,San Diego,073,3302833,8833,7556,0,7556,269
2020-06-01,San Francisco,075,870044,2751,2546,0,2546,43
2020-06-01,San Joaquin,077,732212,1255,957,3,960,35
2020-06-01,San Luis Obispo,079,281455,375,275,4,279,1
2020-06-01,San Mateo,081,765935,2458,2190,2,2192,71
2020-06-01,Santa Barbara,083,443738,1852,1671,12,1683,10
2020-06-01,Santa Clara,085,1922200,3531,2797,13,2810,142
2020-06-01,Santa Cruz,087,273765,234,215,0,215,2
2020-06-01,Shasta,089,179085,62,38,0,38,4
2020-06-01,Sierra,091,2930,1,1,0,1,0
2020-06-01,Siskiyou,093,43540,13,7,0,7,0
2020-06-01,Solano,095,438530,659,529,1,530,17
2020-06-01,Sonoma,097,501317,662,565,1,566,4
2020-06-01,Stanislaus,099,539301,967,758,5,763,27
2020-06-01,Sutter,101,95872,52,43,0,43,2
2020-06-01,Tehama,103,63373,11,5,1,6,1
2020-06-01,Trinity,105,12862,7,1,2,3,0
2020-06-01,Tulare,107,460477,2710,1976,10,1986,84
2020-06-01,Tuolumne,109,53932,5,4,0,4,0
2020-06-01,Ventura,111,848112,1708,1163,10,1173,29
2020-06-01,Yolo,113,214977,247,212,0,212,24
2020-06-01,Yuba,115,75493,30,26,0,26,1
2020-05-31,Alameda,001,1643700,3870,3362,5,3367,98
2020-05-31,Alpine,003,1148,1,1,0,1,0
2020-05-31,Amador,005,37829,10,10,0,10,0
2020-05-31,Butte,007,227075,79,51,5,56,0
2020-05-31,Calaveras,009,45235,18,15,0,15,0
2020-05-31,Colusa,011,21464,9,5,0,5,0
2020-05-31,Contra Costa,013,1133247,1722,1458,1,1459,37
2020-05-31,Del Norte,015,27424,45,37,0,37,0
2020-05-31,El Dorado,017,186661,119,88,1,89,0
2020-05-31,Fresno,019,978130,3363,1780,47,1827,31
2020-05-31,Glenn,021,27897,20,16,0,16,0
2020-05-31,Humboldt,023,135768,113,98,0,98,2
2020-05-31,Imperial,025,180216,3807,2197,4,2201,14
2020-05-31,Inyo,027,18085,20,20,0,20,1
2020-05-31,Kern,029,883053,2923,2300,7,2307,38
2020-05-31,Kings,031,150075,1260,703,2,705,3
2020-05-31,Lake,033,64148,32,19,0,19,0
2020-05-31,Lassen,035,31185,10,4,2,6,0
2020-05-31,Los Angeles,037,10098052,62461,54925,22,54947,2344
2020-05-31,Madera,039,155013,271,101,1,102,2
2020-05-31,Marin,041,260295,534,486,2,488,14
2020-05-31,Mariposa,043,17540,16,16,0,16,1
2020-05-31,Mendocino,045,87422,32,24,0,24,0
2020-05-31,Merced,047,269075,418,288,0,288,6
2020-05-31,Modoc,049,8938,0,0,0,0,0
2020-05-31,Mono,051,14174,39,34,0,34,1
2020-05-31,Monterey,053,433212,721,545,1,546,10
2020-05-31,Napa,055,140530,147,114,0,114,3
2020-05-31,Nevada,057,99092,50,41,1,42,1
2020-05-31,Orange,059,3164182,9258,6532,68,6600,135
2020-05-31,Placer,061,380077,294,215,2,217,9
2020-05-31,Plumas,063,18699,4,4,0,4,0
2020-05-31,Riverside,065,2383286,9859,7704,21,7725,321
2020-05-31,Sacramento,067,1510023,1532,1398,2,1400,57
2020-05-31,San Benito,069,59416,98,85,0,85,2
2020-05-31,San Bernardino,071,2135413,6447,5185,5,5190,198
2020-05-31,San Diego,073,3302833,8639,7483,0,7483,269
2020-05-31,San Francisco,075,870044,2715,2501,0,2501,43
2020-05-31,San Joaquin,077,732212,1190,888,3,891,34
2020-05-31,San Luis Obispo,079,281455,365,271,4,275,1
2020-05-31,San Mateo,081,765935,2412,2169,2,2171,71
2020-05-31,Santa Barbara,083,443738,1801,1662,11,1673,9
2020-05-31,Santa Clara,085,1922200,3487,2785,13,2798,142
2020-05-31,Santa Cruz,087,273765,231,210,0,210,2
2020-05-31,Shasta,089,179085,60,38,0,38,4
2020-05-31,Sierra,091,2930,1,1,0,1,0
2020-05-31,Siskiyou,093,43540,12,7,0,7,0
2020-05-31,Solano,095,438530,633,512,1,513,6
2020-05-31,Sonoma,097,501317,642,555,1,556,4
2020-05-31,Stanislaus,099,539301,913,738,5,743,27
2020-05-31,Sutter,101,95872,50,42,0,42,2
2020-05-31,Tehama,103,63373,10,4,1,5,1
2020-05-31,Trinity,105,12862,7,1,2,3,0
2020-05-31,Tulare,107,460477,2637,1884,10,1894,82
2020-05-31,Tuolumne,109,53932,5,4,0,4,0
2020-05-31,Ventura,111,848112,1647,1151,10,1161,30
2020-05-31,Yolo,113,214977,241,211,0,211,24
2020-05-31,Yuba,115,75493,30,26,0,26,1
2020-05-30,Alameda,001,1643700,3844,3304,5,3309,96
2020-05-30,Alpine,003,1148,1,1,0,1,0
2020-05-30,Amador,005,37829,10,10,0,10,0
2020-05-30,Butte,007,227075,78,44,5,49,0
2020-05-30,Calaveras,009,45235,17,15,0,15,0
2020-05-30,Colusa,011,21464,8,5,0,5,0
2020-05-30,Contra Costa,013,1133247,1706,1429,1,1430,37
2020-05-30,Del Norte,015,27424,45,37,0,37,0
2020-05-30,El Dorado,017,186661,118,86,1,87,0
2020-05-30,Fresno,019,978130,3302,1744,46,1790,31
2020-05-30,Glenn,021,27897,19,16,0,16,0
2020-05-30,Humboldt,023,135768,112,98,0,98,2
2020-05-30,Imperial,025,180216,3717,2091,4,2095,14
2020-05-30,Inyo,027,18085,20,20,0,20,1
2020-05-30,Kern,029,883053,2854,2217,7,2224,38
2020-05-30,Kings,031,150075,1246,703,2,705,3
2020-05-30,Lake,033,64148,31,18,0,18,0
2020-05-30,Lassen,035,31185,10,4,2,6,0
2020-05-30,Los Angeles,037,10098052,61926,53627,22,53649,2319
2020-05-30,Madera,039,155013,266,101,1,102,2
2020-05-30,Marin,041,260295,534,462,2,464,14
2020-05-30,Mariposa,043,17540,16,16,0,16,1
2020-05-30,Mendocino,045,87422,32,24,0,24,0
2020-05-30,Merced,047,269075,414,285,0,285,6
2020-05-30,Modoc,049,8938,0,0,0,0,0
2020-05-30,Mono,051,14174,39,34,0,34,1
2020-05-30,Monterey,053,433212,705,520,1,521,10
2020-05-30,Napa,055,140530,145,113,0,113,3
2020-05-30,Nevada,057,99092,50,41,1,42,1
2020-05-30,Orange,059,3164182,9101,6354,67,6421,134
2020-05-30,Placer,061,380077,286,199,1,200,9
2020-05-30,Plumas,063,18699,4,4,0,4,0
2020-05-30,Riverside,065,2383286,9715,7492,21,7513,316
2020-05-30,Sacramento,067,1510023,1521,1384,2,1386,57
2020-05-30,San Benito,069,59416,97,85,0,85,2
2020-05-30,San Bernardino,071,2135413,6338,5122,5,5127,198
2020-05-30,San Diego,073,3302833,8546,7387,0,7387,269
2020-05-30,San Francisco,075,870044,2690,2496,0,2496,41
2020-05-30,San Joaquin,077,732212,1152,888,3,891,34
2020-05-30,San Luis Obispo,079,281455,360,270,4,274,1
2020-05-30,San Mateo,081,765935,2388,2129,2,2131,71
2020-05-30,Santa Barbara,083,443738,1782,1660,11,1671,9
2020-05-30,Santa Clara,085,1922200,3471,2741,13,2754,141
2020-05-30,Santa Cruz,087,273765,231,206,0,206,2
2020-05-30,Shasta,089,179085,60,36,0,36,4
2020-05-30,Sierra,091,2930,1,1,0,1,0
2020-05-30,Siskiyou,093,43540,11,7,0,7,0
2020-05-30,Solano,095,438530,626,512,1,513,6
2020-05-30,Sonoma,097,501317,632,551,1,552,4
2020-05-30,Stanislaus,099,539301,896,712,5,717,27
2020-05-30,Sutter,101,95872,49,40,0,40,2
2020-05-30,Tehama,103,63373,10,4,1,5,1
2020-05-30,Trinity,105,12862,7,1,2,3,0
2020-05-30,Tulare,107,460477,2600,1879,10,1889,81
2020-05-30,Tuolumne,109,53932,5,4,0,4,0
2020-05-30,Ventura,111,848112,1630,1116,10,1126,30
2020-05-30,Yolo,113,214977,237,210,0,210,24
2020-05-30,Yuba,115,75493,30,25,0,25,1
2020-05-29,Alameda,001,1643700,3809,3209,5,3214,96
2020-05-29,Alpine,003,1148,1,1,0,1,0
2020-05-29,Amador,005,37829,10,10,0,10,0
2020-05-29,Butte,007,227075,73,41,5,46,0
2020-05-29,Calaveras,009,45235,17,15,0,15,0
2020-05-29,Colusa,011,21464,8,5,0,5,0
2020-05-29,Contra Costa,013,1133247,1690,1411,1,1412,37
2020-05-29,Del Norte,015,27424,45,37,0,37,0
2020-05-29,El Dorado,017,186661,117,85,1,86,0
2020-05-29,Fresno,019,978130,3252,1687,46,1733,31
2020-05-29,Glenn,021,27897,19,14,0,14,0
2020-05-29,Humboldt,023,135768,111,98,0,98,2
2020-05-29,Imperial,025,180216,3599,1607,4,1611,14
2020-05-29,Inyo,027,18085,20,20,0,20,1
2020-05-29,Kern,029,883053,2796,2128,7,2135,36
2020-05-29,Kings,031,150075,1235,693,2,695,3
2020-05-29,Lake,033,64148,30,17,0,17,0
2020-05-29,Lassen,035,31185,10,0,2,2,0
2020-05-29,Los Angeles,037,10098052,60970,51578,22,51600,2273
2020-05-29,Madera,039,155013,251,98,1,99,2
2020-05-29,Marin,041,260295,526,448,2,450,14
2020-05-29,Mariposa,043,17540,16,16,0,16,1
2020-05-29,Mendocino,045,87422,30,25,0,25,0
2020-05-29,Merced,047,269075,404,285,0,285,7
2020-05-29,Modoc,049,8938,0,0,0,0,0
2020-05-29,Mono,051,14174,38,34,0,34,1
2020-05-29,Monterey,053,433212,675,479,1,480,10
2020-05-29,Napa,055,140530,142,113,0,113,3
2020-05-29,Nevada,057,99092,50,41,1,42,1
2020-05-29,Orange,059,3164182,8915,6176,64,6240,133
2020-05-29,Placer,061,380077,264,199,1,200,9
2020-05-29,Plumas,063,18699,4,4,0,4,0
2020-05-29,Riverside,065,2383286,9529,7376,21,7397,313
2020-05-29,Sacramento,067,1510023,1498,1360,2,1362,57
2020-05-29,San Benito,069,59416,97,84,0,84,2
2020-05-29,San Bernardino,071,2135413,6230,4983,5,4988,196
2020-05-29,San Diego,073,3302833,8423,7242,0,7242,266
2020-05-29,San Francisco,075,870044,2666,2453,0,2453,41
2020-05-29,San Joaquin,077,732212,1115,855,3,858,34
2020-05-29,San Luis Obispo,079,281455,356,270,4,274,1
2020-05-29,San Mateo,081,765935,2372,2103,2,2105,71
2020-05-29,Santa Barbara,083,443738,1754,1656,11,1667,9
2020-05-29,Santa Clara,085,1922200,3443,2707,13,2720,141
2020-05-29,Santa Cruz,087,273765,228,203,0,203,2
2020-05-29,Shasta,089,179085,60,36,0,36,4
2020-05-29,Sierra,091,2930,1,1,0,1,0
2020-05-29,Siskiyou,093,43540,11,7,0,7,0
2020-05-29,Solano,095,438530,618,498,1,499,6
2020-05-29,Sonoma,097,501317,621,537,1,538,4
2020-05-29,Stanislaus,099,539301,866,698,5,703,27
2020-05-29,Sutter,101,95872,47,40,0,40,2
2020-05-29,Tehama,103,63373,9,4,1,5,1
2020-05-29,Trinity,105,12862,7,1,2,3,0
2020-05-29,Tulare,107,460477,2562,1852,10,1862,80
2020-05-29,Tuolumne,109,53932,5,4,0,4,0
2020-05-29,Ventura,111,848112,1606,1093,10,1103,29
2020-05-29,Yolo,113,214977,233,211,0,211,24
2020-05-29,Yuba,115,75493,29,25,0,25,1
2020-05-28,Alameda,001,1643700,3710,3083,5,3088,94
2020-05-28,Alpine,003,1148,1,1,0,1,0
2020-05-28,Amador,005,37829,10,10,0,10,0
2020-05-28,Butte,007,227075,72,40,5,45,0
2020-05-28,Calaveras,009,45235,16,15,0,15,0
2020-05-28,Colusa,011,21464,8,5,0,5,0
2020-05-28,Contra Costa,013,1133247,1651,1392,1,1393,37
2020-05-28,Del Norte,015,27424,45,37,0,37,0
2020-05-28,El Dorado,017,186661,114,82,1,83,0
2020-05-28,Fresno,019,978130,3171,1653,45,1698,31
2020-05-28,Glenn,021,27897,18,14,0,14,0
2020-05-28,Humboldt,023,135768,110,97,0,97,2
2020-05-28,Imperial,025,180216,3404,1430,4,1434,14
2020-05-28,Inyo,027,18085,20,20,0,20,1
2020-05-28,Kern,029,883053,2718,2069,7,2076,36
2020-05-28,Kings,031,150075,898,626,2,628,3
2020-05-28,Lake,033,64148,29,17,0,17,0
2020-05-28,Lassen,035,31185,10,0,2,2,0
2020-05-28,Los Angeles,037,10098052,59394,49861,22,49883,2222
2020-05-28,Madera,039,155013,233,93,1,94,2
2020-05-28,Marin,041,260295,501,443,2,445,14
2020-05-28,Mariposa,043,17540,16,16,0,16,1
2020-05-28,Mendocino,045,87422,28,24,0,24,0
2020-05-28,Merced,047,269075,394,283,0,283,7
2020-05-28,Modoc,049,8938,0,0,0,0,0
2020-05-28,Mono,051,14174,38,34,0,34,1
2020-05-28,Monterey,053,433212,643,471,1,472,10
2020-05-28,Napa,055,140530,139,113,0,113,3
2020-05-28,Nevada,057,99092,45,41,1,42,1
2020-05-28,Orange,059,3164182,8720,6045,64,6109,130
2020-05-28,Placer,061,380077,257,196,1,197,9
2020-05-28,Plumas,063,18699,4,4,0,4,0
2020-05-28,Riverside,065,2383286,9125,7240,20,7260,304
2020-05-28,Sacramento,067,1510023,1478,1339,2,1341,57
2020-05-28,San Benito,069,59416,96,82,0,82,2
2020-05-28,San Bernardino,071,2135413,6065,4831,5,4836,191
2020-05-28,San Diego,073,3302833,8266,7102,0,7102,260
2020-05-28,San Francisco,075,870044,2632,2417,0,2417,40
2020-05-28,San Joaquin,077,732212,1080,840,3,843,34
2020-05-28,San Luis Obispo,079,281455,353,267,4,271,1
2020-05-28,San Mateo,081,765935,2345,2070,2,2072,71
2020-05-28,Santa Barbara,083,443738,1726,1642,10,1652,9
2020-05-28,Santa Clara,085,1922200,3403,2698,13,2711,140
2020-05-28,Santa Cruz,087,273765,227,201,0,201,2
2020-05-28,Shasta,089,179085,58,36,0,36,4
2020-05-28,Sierra,091,2930,1,1,0,1,0
2020-05-28,Siskiyou,093,43540,9,6,0,6,0
2020-05-28,Solano,095,438530,601,489,1,490,6
2020-05-28,Sonoma,097,501317,599,529,1,530,4
2020-05-28,Stanislaus,099,539301,825,684,5,689,27
2020-05-28,Sutter,101,95872,47,40,0,40,2
2020-05-28,Tehama,103,63373,9,4,1,5,1
2020-05-28,Trinity,105,12862,6,1,2,3,0
2020-05-28,Tulare,107,460477,2526,1832,10,1842,79
2020-05-28,Tuolumne,109,53932,5,4,0,4,0
2020-05-28,Ventura,111,848112,1573,1083,10,1093,29
2020-05-28,Yolo,113,214977,230,206,0,206,22
2020-05-28,Yuba,115,75493,28,24,0,24,1
2020-05-27,Alameda,001,1643700,3627,3037,5,3042,94
2020-05-27,Alpine,003,1148,1,1,0,1,0
2020-05-27,Amador,005,37829,10,10,0,10,0
2020-05-27,Butte,007,227075,69,40,4,44,0
2020-05-27,Calaveras,009,45235,15,15,0,15,0
2020-05-27,Colusa,011,21464,8,5,0,5,0
2020-05-27,Contra Costa,013,1133247,1611,1373,1,1374,37
2020-05-27,Del Norte,015,27424,45,34,0,34,0
2020-05-27,El Dorado,017,186661,113,82,1,83,0
2020-05-27,Fresno,019,978130,3082,1620,45,1665,27
2020-05-27,Glenn,021,27897,18,14,0,14,0
2020-05-27,Humboldt,023,135768,110,86,0,86,2
2020-05-27,Imperial,025,180216,3224,1369,4,1373,14
2020-05-27,Inyo,027,18085,20,20,0,20,1
2020-05-27,Kern,029,883053,2653,1999,7,2006,37
2020-05-27,Kings,031,150075,871,586,2,588,3
2020-05-27,Lake,033,64148,29,13,0,13,0
2020-05-27,Lassen,035,31185,10,0,2,2,0
2020-05-27,Los Angeles,037,10098052,58023,48711,22,48733,2177
2020-05-27,Madera,039,155013,224,91,1,92,2
2020-05-27,Marin,041,260295,472,439,2,441,14
2020-05-27,Mariposa,043,17540,16,16,0,16,1
2020-05-27,Mendocino,045,87422,27,21,0,21,0
2020-05-27,Merced,047,269075,388,278,0,278,7
2020-05-27,Modoc,049,8938,0,0,0,0,0
2020-05-27,Mono,051,14174,38,34,0,34,1
2020-05-27,Monterey,053,433212,603,443,1,444,8
2020-05-27,Napa,055,140530,134,112,0,112,3
2020-05-27,Nevada,057,99092,44,41,1,42,1
2020-05-27,Orange,059,3164182,8565,5849,64,5913,121
2020-05-27,Placer,061,380077,238,196,0,196,9
2020-05-27,Plumas,063,18699,4,4,0,4,0
2020-05-27,Riverside,065,2383286,8746,7156,20,7176,299
2020-05-27,Sacramento,067,1510023,1450,1318,2,1320,50
2020-05-27,San Benito,069,59416,93,74,0,74,2
2020-05-27,San Bernardino,071,2135413,5881,4708,5,4713,183
2020-05-27,San Diego,073,3302833,8115,6985,0,6985,255
2020-05-27,San Francisco,075,870044,2603,2394,0,2394,40
2020-05-27,San Joaquin,077,732212,1039,825,3,828,34
2020-05-27,San Luis Obispo,079,281455,348,266,4,270,1
2020-05-27,San Mateo,081,765935,2305,2045,2,2047,71
2020-05-27,Santa Barbara,083,443738,1711,1629,10,1639,9
2020-05-27,Santa Clara,085,1922200,3370,2680,13,2693,140
2020-05-27,Santa Cruz,087,273765,223,202,0,202,2
2020-05-27,Shasta,089,179085,55,36,0,36,4
2020-05-27,Sierra,091,2930,1,1,0,1,0
2020-05-27,Siskiyou,093,43540,9,6,0,6,0
2020-05-27,Solano,095,438530,581,477,1,478,5
2020-05-27,Sonoma,097,501317,585,521,1,522,4
2020-05-27,Stanislaus,099,539301,800,675,5,680,27
2020-05-27,Sutter,101,95872,46,40,0,40,2
2020-05-27,Tehama,103,63373,9,3,1,4,1
2020-05-27,Trinity,105,12862,6,1,2,3,0
2020-05-27,Tulare,107,460477,2474,1817,10,1827,77
2020-05-27,Tuolumne,109,53932,5,4,0,4,0
2020-05-27,Ventura,111,848112,1548,1065,10,1075,28
2020-05-27,Yolo,113,214977,229,204,0,204,22
2020-05-27,Yuba,115,75493,28,24,0,24,1
2020-05-26,Alameda,001,1643700,3532,2956,5,2961,92
2020-05-26,Alpine,003,1148,1,1,0,1,0
2020-05-26,Amador,005,37829,10,10,0,10,0
2020-05-26,Butte,007,227075,67,37,3,40,0
2020-05-26,Calaveras,009,45235,15,13,0,13,0
2020-05-26,Colusa,011,21464,8,4,0,4,0
2020-05-26,Contra Costa,013,1133247,1575,1352,1,1353,37
2020-05-26,Del Norte,015,27424,44,30,0,30,0
2020-05-26,El Dorado,017,186661,109,79,1,80,0
2020-05-26,Fresno,019,978130,2995,1496,45,1541,22
2020-05-26,Glenn,021,27897,16,12,0,12,0
2020-05-26,Humboldt,023,135768,108,81,0,81,2
2020-05-26,Imperial,025,180216,3009,1369,4,1373,14
2020-05-26,Inyo,027,18085,20,20,0,20,1
2020-05-26,Kern,029,883053,2575,1890,7,1897,31
2020-05-26,Kings,031,150075,803,449,1,450,2
2020-05-26,Lake,033,64148,27,12,0,12,0
2020-05-26,Lassen,035,31185,9,0,2,2,0
2020-05-26,Los Angeles,037,10098052,56557,47760,22,47782,2121
2020-05-26,Madera,039,155013,209,83,1,84,2
2020-05-26,Marin,041,260295,460,424,2,426,14
2020-05-26,Mariposa,043,17540,16,16,0,16,1
2020-05-26,Mendocino,045,87422,25,20,0,20,0
2020-05-26,Merced,047,269075,377,266,0,266,7
2020-05-26,Modoc,049,8938,0,1,0,1,0
2020-05-26,Mono,051,14174,37,34,0,34,1
2020-05-26,Monterey,053,433212,575,424,1,425,8
2020-05-26,Napa,055,140530,129,109,0,109,3
2020-05-26,Nevada,057,99092,43,41,1,42,1
2020-05-26,Orange,059,3164182,8295,5651,63,5714,115
2020-05-26,Placer,061,380077,233,188,0,188,9
2020-05-26,Plumas,063,18699,4,4,0,4,0
2020-05-26,Riverside,065,2383286,8299,6917,20,6937,284
2020-05-26,Sacramento,067,1510023,1424,1298,2,1300,50
2020-05-26,San Benito,069,59416,88,69,0,69,2
2020-05-26,San Bernardino,071,2135413,5713,4430,5,4435,175
2020-05-26,San Diego,073,3302833,7972,6884,0,6884,249
2020-05-26,San Francisco,075,870044,2570,2363,0,2363,40
2020-05-26,San Joaquin,077,732212,992,760,3,763,33
2020-05-26,San Luis Obispo,079,281455,346,260,4,264,1
2020-05-26,San Mateo,081,765935,2267,1967,2,1969,71
2020-05-26,Santa Barbara,083,443738,1694,1590,9,1599,9
2020-05-26,Santa Clara,085,1922200,3338,2659,13,2672,139
2020-05-26,Santa Cruz,087,273765,221,197,0,197,2
2020-05-26,Shasta,089,179085,55,36,0,36,4
2020-05-26,Sierra,091,2930,1,1,0,1,0
2020-05-26,Siskiyou,093,43540,8,6,0,6,0
2020-05-26,Solano,095,438530,563,470,1,471,5
2020-05-26,Sonoma,097,501317,577,509,0,509,4
2020-05-26,Stanislaus,099,539301,780,663,5,668,27
2020-05-26,Sutter,101,95872,45,39,0,39,2
2020-05-26,Tehama,103,63373,8,2,1,3,1
2020-05-26,Trinity,105,12862,6,1,2,3,0
2020-05-26,Tulare,107,460477,2418,1768,10,1778,76
2020-05-26,Tuolumne,109,53932,5,2,0,2,0
2020-05-26,Ventura,111,848112,1511,1033,8,1041,27
2020-05-26,Yolo,113,214977,223,198,0,198,22
2020-05-26,Yuba,115,75493,27,24,0,24,1
2020-05-25,Alameda,001,1643700,3438,2900,5,2905,92
2020-05-25,Alpine,003,1148,1,1,0,1,0
2020-05-25,Amador,005,37829,10,10,0,10,0
2020-05-25,Butte,007,227075,64,37,3,40,0
2020-05-25,Calaveras,009,45235,15,13,0,13,0
2020-05-25,Colusa,011,21464,7,4,0,4,0
2020-05-25,Contra Costa,013,1133247,1543,1348,1,1349,37
2020-05-25,Del Norte,015,27424,44,20,0,20,0
2020-05-25,El Dorado,017,186661,101,78,1,79,0
2020-05-25,Fresno,019,978130,2892,1496,43,1539,22
2020-05-25,Glenn,021,27897,16,12,0,12,0
2020-05-25,Humboldt,023,135768,107,81,0,81,2
2020-05-25,Imperial,025,180216,2803,1369,4,1373,14
2020-05-25,Inyo,027,18085,19,20,0,20,1
2020-05-25,Kern,029,883053,2504,1890,7,1897,31
2020-05-25,Kings,031,150075,773,447,1,448,2
2020-05-25,Lake,033,64148,25,13,0,13,0
2020-05-25,Lassen,035,31185,9,0,2,2,0
2020-05-25,Los Angeles,037,10098052,54744,45952,21,45973,2094
2020-05-25,Madera,039,155013,196,83,1,84,2
2020-05-25,Marin,041,260295,442,415,2,417,14
2020-05-25,Mariposa,043,17540,16,15,0,15,1
2020-05-25,Mendocino,045,87422,22,19,0,19,0
2020-05-25,Merced,047,269075,371,262,0,262,6
2020-05-25,Modoc,049,8938,0,1,0,1,0
2020-05-25,Mono,051,14174,37,34,0,34,1
2020-05-25,Monterey,053,433212,545,418,1,419,8
2020-05-25,Napa,055,140530,129,107,0,107,3
2020-05-25,Nevada,057,99092,43,41,1,42,1
2020-05-25,Orange,059,3164182,8073,5601,62,5663,115
2020-05-25,Placer,061,380077,229,186,0,186,9
2020-05-25,Plumas,063,18699,4,4,0,4,0
2020-05-25,Riverside,065,2383286,8067,6900,20,6920,284
2020-05-25,Sacramento,067,1510023,1404,1290,1,1291,50
2020-05-25,San Benito,069,59416,87,70,0,70,2
2020-05-25,San Bernardino,071,2135413,5523,4393,4,4397,175
2020-05-25,San Diego,073,3302833,7796,6799,0,6799,249
2020-05-25,San Francisco,075,870044,2533,2358,0,2358,40
2020-05-25,San Joaquin,077,732212,966,760,3,763,33
2020-05-25,San Luis Obispo,079,281455,343,260,4,264,1
2020-05-25,San Mateo,081,765935,2230,1938,2,1940,71
2020-05-25,Santa Barbara,083,443738,1684,1590,9,1599,9
2020-05-25,Santa Clara,085,1922200,3305,2647,13,2660,139
2020-05-25,Santa Cruz,087,273765,219,191,0,191,2
2020-05-25,Shasta,089,179085,54,36,0,36,4
2020-05-25,Sierra,091,2930,1,1,0,1,0
2020-05-25,Siskiyou,093,43540,8,6,0,6,0
2020-05-25,Solano,095,438530,549,437,1,438,5
2020-05-25,Sonoma,097,501317,565,496,0,496,4
2020-05-25,Stanislaus,099,539301,750,651,5,656,27
2020-05-25,Sutter,101,95872,45,38,0,38,2
2020-05-25,Tehama,103,63373,7,2,1,3,1
2020-05-25,Trinity,105,12862,6,1,2,3,0
2020-05-25,Tulare,107,460477,2354,1747,10,1757,76
2020-05-25,Tuolumne,109,53932,5,2,0,2,0
2020-05-25,Ventura,111,848112,1470,1020,8,1028,27
2020-05-25,Yolo,113,214977,221,197,0,197,22
2020-05-25,Yuba,115,75493,26,24,0,24,1
2020-05-24,Alameda,001,1643700,3365,2830,5,2835,92
2020-05-24,Alpine,003,1148,1,1,0,1,0
2020-05-24,Amador,005,37829,10,9,0,9,0
2020-05-24,Butte,007,227075,62,35,3,38,0
2020-05-24,Calaveras,009,45235,15,13,0,13,0
2020-05-24,Colusa,011,21464,7,4,0,4,0
2020-05-24,Contra Costa,013,1133247,1515,1325,1,1326,37
2020-05-24,Del Norte,015,27424,43,16,0,16,0
2020-05-24,El Dorado,017,186661,100,76,1,77,0
2020-05-24,Fresno,019,978130,2825,1455,42,1497,22
2020-05-24,Glenn,021,27897,15,12,0,12,0
2020-05-24,Humboldt,023,135768,107,81,0,81,2
2020-05-24,Imperial,025,180216,2677,1369,4,1373,14
2020-05-24,Inyo,027,18085,19,20,0,20,1
2020-05-24,Kern,029,883053,2431,1861,6,1867,31
2020-05-24,Kings,031,150075,762,446,1,447,2
2020-05-24,Lake,033,64148,24,12,0,12,0
2020-05-24,Lassen,035,31185,8,0,2,2,0
2020-05-24,Los Angeles,037,10098052,53728,44954,21,44975,2085
2020-05-24,Madera,039,155013,190,83,1,84,2
2020-05-24,Marin,041,260295,440,401,2,403,14
2020-05-24,Mariposa,043,17540,16,15,0,15,1
2020-05-24,Mendocino,045,87422,21,19,0,19,0
2020-05-24,Merced,047,269075,370,258,0,258,6
2020-05-24,Modoc,049,8938,0,0,0,0,0
2020-05-24,Mono,051,14174,37,34,0,34,1
2020-05-24,Monterey,053,433212,517,405,1,406,8
2020-05-24,Napa,055,140530,127,104,0,104,3
2020-05-24,Nevada,057,99092,43,41,1,42,1
2020-05-24,Orange,059,3164182,7919,5439,61,5500,113
2020-05-24,Placer,061,380077,221,184,0,184,9
2020-05-24,Plumas,063,18699,4,4,0,4,0
2020-05-24,Riverside,065,2383286,7926,6571,20,6591,284
2020-05-24,Sacramento,067,1510023,1388,1283,1,1284,50
2020-05-24,San Benito,069,59416,86,67,0,67,2
2020-05-24,San Bernardino,071,2135413,5415,4262,4,4266,175
2020-05-24,San Diego,073,3302833,7653,6703,0,6703,249
2020-05-24,San Francisco,075,870044,2510,2318,0,2318,40
2020-05-24,San Joaquin,077,732212,947,760,3,763,33
2020-05-24,San Luis Obispo,079,281455,341,257,4,261,1
2020-05-24,San Mateo,081,765935,2195,1925,2,1927,71
2020-05-24,Santa Barbara,083,443738,1672,1573,9,1582,9
2020-05-24,Santa Clara,085,1922200,3285,2623,13,2636,139
2020-05-24,Santa Cruz,087,273765,216,185,0,185,2
2020-05-24,Shasta,089,179085,53,36,0,36,4
2020-05-24,Sierra,091,2930,1,1,0,1,0
2020-05-24,Siskiyou,093,43540,7,6,0,6,0
2020-05-24,Solano,095,438530,541,436,0,436,5
2020-05-24,Sonoma,097,501317,554,485,0,485,4
2020-05-24,Stanislaus,099,539301,730,634,5,639,27
2020-05-24,Sutter,101,95872,45,38,0,38,2
2020-05-24,Tehama,103,63373,5,2,1,3,1
2020-05-24,Trinity,105,12862,6,1,2,3,0
2020-05-24,Tulare,107,460477,2308,1684,10,1694,74
2020-05-24,Tuolumne,109,53932,5,2,0,2,0
2020-05-24,Ventura,111,848112,1458,982,8,990,27
2020-05-24,Yolo,113,214977,219,192,0,192,22
2020-05-24,Yuba,115,75493,26,24,0,24,1
2020-05-23,Alameda,001,1643700,3324,2783,5,2788,91
2020-05-23,Alpine,003,1148,1,1,0,1,0
2020-05-23,Amador,005,37829,10,9,0,9,0
2020-05-23,Butte,007,227075,61,34,3,37,0
2020-05-23,Calaveras,009,45235,15,13,0,13,0
2020-05-23,Colusa,011,21464,7,4,0,4,0
2020-05-23,Contra Costa,013,1133247,1504,1302,1,1303,36
2020-05-23,Del Norte,015,27424,43,10,0,10,0
2020-05-23,El Dorado,017,186661,100,74,1,75,0
2020-05-23,Fresno,019,978130,2805,1447,42,1489,21
2020-05-23,Glenn,021,27897,15,12,0,12,0
2020-05-23,Humboldt,023,135768,105,80,0,80,2
2020-05-23,Imperial,025,180216,2589,1283,4,1287,14
2020-05-23,Inyo,027,18085,19,20,0,20,1
2020-05-23,Kern,029,883053,2388,1806,6,1812,31
2020-05-23,Kings,031,150075,758,444,1,445,2
2020-05-23,Lake,033,64148,23,10,0,10,0
2020-05-23,Lassen,035,31185,8,0,2,2,0
2020-05-23,Los Angeles,037,10098052,53183,44029,21,44050,2069
2020-05-23,Madera,039,155013,186,83,1,84,2
2020-05-23,Marin,041,260295,440,393,1,394,14
2020-05-23,Mariposa,043,17540,16,15,0,15,1
2020-05-23,Mendocino,045,87422,21,13,0,13,0
2020-05-23,Merced,047,269075,365,247,0,247,6
2020-05-23,Modoc,049,8938,0,0,0,0,0
2020-05-23,Mono,051,14174,36,34,0,34,1
2020-05-23,Monterey,053,433212,503,397,1,398,8
2020-05-23,Napa,055,140530,123,101,0,101,3
2020-05-23,Nevada,057,99092,43,41,1,42,1
2020-05-23,Orange,059,3164182,7760,5313,60,5373,113
2020-05-23,Placer,061,380077,215,184,0,184,9
2020-05-23,Plumas,063,18699,4,4,0,4,0
2020-05-23,Riverside,065,2383286,7835,6460,20,6480,284
2020-05-23,Sacramento,067,1510023,1372,1275,1,1276,50
2020-05-23,San Benito,069,59416,81,67,0,67,2
2020-05-23,San Bernardino,071,2135413,5321,4172,4,4176,175
2020-05-23,San Diego,073,3302833,7562,6561,0,6561,249
2020-05-23,San Francisco,075,870044,2491,2312,0,2312,40
2020-05-23,San Joaquin,077,732212,932,759,3,762,33
2020-05-23,San Luis Obispo,079,281455,337,256,4,260,1
2020-05-23,San Mateo,081,765935,2167,1862,2,1864,71
2020-05-23,Santa Barbara,083,443738,1664,1566,9,1575,9
2020-05-23,Santa Clara,085,1922200,3271,2593,12,2605,139
2020-05-23,Santa Cruz,087,273765,214,177,0,177,2
2020-05-23,Shasta,089,179085,53,35,0,35,4
2020-05-23,Sierra,091,2930,1,1,0,1,0
2020-05-23,Siskiyou,093,43540,7,6,0,6,0
2020-05-23,Solano,095,438530,536,435,0,435,5
2020-05-23,Sonoma,097,501317,540,462,0,462,4
2020-05-23,Stanislaus,099,539301,722,625,5,630,27
2020-05-23,Sutter,101,95872,44,38,0,38,2
2020-05-23,Tehama,103,63373,5,2,1,3,1
2020-05-23,Trinity,105,12862,6,1,2,3,0
2020-05-23,Tulare,107,460477,2287,1682,10,1692,73
2020-05-23,Tuolumne,109,53932,5,2,0,2,0
2020-05-23,Ventura,111,848112,1438,961,8,969,27
2020-05-23,Yolo,113,214977,218,188,0,188,22
2020-05-23,Yuba,115,75493,26,24,0,24,1
2020-05-22,Alameda,001,1643700,3270,2722,5,2727,91
2020-05-22,Alpine,003,1148,1,1,0,1,0
2020-05-22,Amador,005,37829,10,9,0,9,0
2020-05-22,Butte,007,227075,59,34,3,37,0
2020-05-22,Calaveras,009,45235,15,13,0,13,0
2020-05-22,Colusa,011,21464,7,4,0,4,0
2020-05-22,Contra Costa,013,1133247,1492,1272,1,1273,36
2020-05-22,Del Norte,015,27424,41,9,0,9,0
2020-05-22,El Dorado,017,186661,97,74,1,75,0
2020-05-22,Fresno,019,978130,2746,1399,41,1440,20
2020-05-22,Glenn,021,27897,15,12,0,12,0
2020-05-22,Humboldt,023,135768,105,80,0,80,2
2020-05-22,Imperial,025,180216,2488,1214,4,1218,14
2020-05-22,Inyo,027,18085,19,20,0,20,1
2020-05-22,Kern,029,883053,2339,1749,6,1755,28
2020-05-22,Kings,031,150075,755,428,1,429,2
2020-05-22,Lake,033,64148,22,10,0,10,0
2020-05-22,Lassen,035,31185,6,0,2,2,0
2020-05-22,Los Angeles,037,10098052,52385,43025,21,43046,2027
2020-05-22,Madera,039,155013,182,82,1,83,2
2020-05-22,Marin,041,260295,436,372,1,373,14
2020-05-22,Mariposa,043,17540,16,15,0,15,1
2020-05-22,Mendocino,045,87422,20,13,0,13,0
2020-05-22,Merced,047,269075,359,233,0,233,6
2020-05-22,Modoc,049,8938,0,0,0,0,0
2020-05-22,Mono,051,14174,36,34,0,34,1
2020-05-22,Monterey,053,433212,492,372,1,373,8
2020-05-22,Napa,055,140530,121,97,0,97,3
2020-05-22,Nevada,057,99092,42,41,1,42,1
2020-05-22,Orange,059,3164182,7563,5144,58,5202,113
2020-05-22,Placer,061,380077,215,181,0,181,9
2020-05-22,Plumas,063,18699,4,4,0,4,0
2020-05-22,Riverside,065,2383286,7720,6351,20,6371,283
2020-05-22,Sacramento,067,1510023,1356,1262,1,1263,50
2020-05-22,San Benito,069,59416,80,64,0,64,2
2020-05-22,San Bernardino,071,2135413,5246,4107,4,4111,173
2020-05-22,San Diego,073,3302833,7476,6436,0,6436,242
2020-05-22,San Francisco,075,870044,2473,2251,0,2251,40
2020-05-22,San Joaquin,077,732212,919,747,3,750,33
2020-05-22,San Luis Obispo,079,281455,336,254,4,258,1
2020-05-22,San Mateo,081,765935,2148,1847,2,1849,71
2020-05-22,Santa Barbara,083,443738,1654,1554,9,1563,9
2020-05-22,Santa Clara,085,1922200,3251,2537,12,2549,139
2020-05-22,Santa Cruz,087,273765,211,171,0,171,2
2020-05-22,Shasta,089,179085,53,34,0,34,4
2020-05-22,Sierra,091,2930,1,0,0,0,0
2020-05-22,Siskiyou,093,43540,7,6,0,6,0
2020-05-22,Solano,095,438530,533,431,0,431,4
2020-05-22,Sonoma,097,501317,536,444,0,444,4
2020-05-22,Stanislaus,099,539301,712,616,5,621,27
2020-05-22,Sutter,101,95872,44,38,0,38,2
2020-05-22,Tehama,103,63373,5,2,0,2,1
2020-05-22,Trinity,105,12862,6,1,2,3,0
2020-05-22,Tulare,107,460477,2257,1662,10,1672,73
2020-05-22,Tuolumne,109,53932,5,2,0,2,0
2020-05-22,Ventura,111,848112,1420,937,8,945,27
2020-05-22,Yolo,113,214977,216,187,0,187,22
2020-05-22,Yuba,115,75493,26,24,0,24,1
2020-05-21,Alameda,001,1643700,3204,2606,5,2611,89
2020-05-21,Alpine,003,1148,1,1,0,1,0
2020-05-21,Amador,005,37829,10,9,0,9,0
2020-05-21,Butte,007,227075,58,31,3,34,0
2020-05-21,Calaveras,009,45235,15,13,0,13,0
2020-05-21,Colusa,011,21464,7,4,0,4,0
2020-05-21,Contra Costa,013,1133247,1456,1243,1,1244,36
2020-05-21,Del Norte,015,27424,38,9,0,9,0
2020-05-21,El Dorado,017,186661,95,67,1,68,0
2020-05-21,Fresno,019,978130,2656,1362,40,1402,20
2020-05-21,Glenn,021,27897,14,12,0,12,0
2020-05-21,Humboldt,023,135768,104,79,0,79,0
2020-05-21,Imperial,025,180216,2327,1096,4,1100,14
2020-05-21,Inyo,027,18085,19,20,0,20,1
2020-05-21,Kern,029,883053,2263,1684,5,1689,27
2020-05-21,Kings,031,150075,734,417,1,418,2
2020-05-21,Lake,033,64148,17,10,0,10,0
2020-05-21,Lassen,035,31185,6,0,2,2,0
2020-05-21,Los Angeles,037,10098052,51346,42063,21,42084,1996
2020-05-21,Madera,039,155013,179,82,1,83,2
2020-05-21,Marin,041,260295,425,359,1,360,14
2020-05-21,Mariposa,043,17540,16,15,0,15,1
2020-05-21,Mendocino,045,87422,20,12,0,12,0
2020-05-21,Merced,047,269075,351,226,0,226,6
2020-05-21,Modoc,049,8938,0,0,0,0,0
2020-05-21,Mono,051,14174,36,33,0,33,1
2020-05-21,Monterey,053,433212,481,363,1,364,8
2020-05-21,Napa,055,140530,119,96,0,96,3
2020-05-21,Nevada,057,99092,42,41,1,42,1
2020-05-21,Orange,059,3164182,7360,4975,58,5033,106
2020-05-21,Placer,061,380077,208,176,0,176,8
2020-05-21,Plumas,063,18699,4,4,0,4,0
2020-05-21,Riverside,065,2383286,7533,6245,20,6265,279
2020-05-21,Sacramento,067,1510023,1343,1258,1,1259,56
2020-05-21,San Benito,069,59416,77,61,0,61,2
2020-05-21,San Bernardino,071,2135413,5099,3950,4,3954,167
2020-05-21,San Diego,073,3302833,7340,6317,0,6317,241
2020-05-21,San Francisco,075,870044,2449,2248,0,2248,37
2020-05-21,San Joaquin,077,732212,883,730,3,733,33
2020-05-21,San Luis Obispo,079,281455,336,251,3,254,1
2020-05-21,San Mateo,081,765935,2112,1791,2,1793,74
2020-05-21,Santa Barbara,083,443738,1639,1541,9,1550,10
2020-05-21,Santa Clara,085,1922200,3229,2520,12,2532,138
2020-05-21,Santa Cruz,087,273765,203,164,0,164,3
2020-05-21,Shasta,089,179085,51,34,0,34,4
2020-05-21,Sierra,091,2930,1,0,0,0,0
2020-05-21,Siskiyou,093,43540,7,6,0,6,0
2020-05-21,Solano,095,438530,524,424,0,424,4
2020-05-21,Sonoma,097,501317,518,427,0,427,4
2020-05-21,Stanislaus,099,539301,700,602,5,607,27
2020-05-21,Sutter,101,95872,43,38,0,38,2
2020-05-21,Tehama,103,63373,4,2,0,2,1
2020-05-21,Trinity,105,12862,5,1,2,3,0
2020-05-21,Tulare,107,460477,2207,1606,8,1614,73
2020-05-21,Tuolumne,109,53932,3,2,0,2,0
2020-05-21,Ventura,111,848112,1371,907,8,915,30
2020-05-21,Yolo,113,214977,213,185,0,185,22
2020-05-21,Yuba,115,75493,26,24,0,24,1
2020-05-20,Alameda,001,1643700,3131,2554,5,2559,89
2020-05-20,Alpine,003,1148,1,1,0,1,0
2020-05-20,Amador,005,37829,10,9,0,9,0
2020-05-20,Butte,007,227075,55,30,3,33,0
2020-05-20,Calaveras,009,45235,15,13,0,13,0
2020-05-20,Colusa,011,21464,7,3,0,3,0
2020-05-20,Contra Costa,013,1133247,1426,1223,1,1224,33
2020-05-20,Del Norte,015,27424,31,9,0,9,0
2020-05-20,El Dorado,017,186661,94,67,1,68,0
2020-05-20,Fresno,019,978130,2583,1329,39,1368,17
2020-05-20,Glenn,021,27897,13,12,0,12,0
2020-05-20,Humboldt,023,135768,101,73,0,73,0
2020-05-20,Imperial,025,180216,2213,1047,4,1051,14
2020-05-20,Inyo,027,18085,19,20,0,20,1
2020-05-20,Kern,029,883053,2200,1639,4,1643,27
2020-05-20,Kings,031,150075,590,403,1,404,2
2020-05-20,Lake,033,64148,17,9,0,9,0
2020-05-20,Lassen,035,31185,5,0,2,2,0
2020-05-20,Los Angeles,037,10098052,50356,40932,21,40953,1955
2020-05-20,Madera,039,155013,177,82,1,83,2
2020-05-20,Marin,041,260295,398,348,1,349,14
2020-05-20,Mariposa,043,17540,16,15,0,15,1
2020-05-20,Mendocino,045,87422,20,12,0,12,0
2020-05-20,Merced,047,269075,346,225,0,225,6
2020-05-20,Modoc,049,8938,0,0,0,0,0
2020-05-20,Mono,051,14174,36,33,0,33,1
2020-05-20,Monterey,053,433212,467,356,1,357,8
2020-05-20,Napa,055,140530,112,93,0,93,3
2020-05-20,Nevada,057,99092,42,41,1,42,1
2020-05-20,Orange,059,3164182,7152,4866,56,4922,96
2020-05-20,Placer,061,380077,206,176,0,176,8
2020-05-20,Plumas,063,18699,4,4,0,4,0
2020-05-20,Riverside,065,2383286,7390,6090,20,6110,265
2020-05-20,Sacramento,067,1510023,1333,1244,1,1245,56
2020-05-20,San Benito,069,59416,76,61,0,61,2
2020-05-20,San Bernardino,071,2135413,4971,3771,4,3775,161
2020-05-20,San Diego,073,3302833,7223,6142,0,6142,230
2020-05-20,San Francisco,075,870044,2426,2199,0,2199,37
2020-05-20,San Joaquin,077,732212,847,713,3,716,33
2020-05-20,San Luis Obispo,079,281455,329,249,3,252,1
2020-05-20,San Mateo,081,765935,2059,1739,2,1741,74
2020-05-20,Santa Barbara,083,443738,1620,1524,9,1533,10
2020-05-20,Santa Clara,085,1922200,3208,2508,11,2519,138
2020-05-20,Santa Cruz,087,273765,200,163,0,163,3
2020-05-20,Shasta,089,179085,51,34,0,34,4
2020-05-20,Sierra,091,2930,1,0,0,0,0
2020-05-20,Siskiyou,093,43540,7,6,0,6,0
2020-05-20,Solano,095,438530,519,418,0,418,4
2020-05-20,Sonoma,097,501317,509,411,0,411,4
2020-05-20,Stanislaus,099,539301,684,584,4,588,25
2020-05-20,Sutter,101,95872,43,38,0,38,2
2020-05-20,Tehama,103,63373,4,2,0,2,1
2020-05-20,Trinity,105,12862,4,1,1,2,0
2020-05-20,Tulare,107,460477,2166,1585,8,1593,71
2020-05-20,Tuolumne,109,53932,3,2,0,2,0
2020-05-20,Ventura,111,848112,1335,879,8,887,29
2020-05-20,Yolo,113,214977,210,184,0,184,22
2020-05-20,Yuba,115,75493,26,23,0,23,1
2020-05-19,Alameda,001,1643700,3054,2493,3,2496,88
2020-05-19,Alpine,003,1148,1,1,0,1,0
2020-05-19,Amador,005,37829,10,9,0,9,0
2020-05-19,Butte,007,227075,53,25,3,28,0
2020-05-19,Calaveras,009,45235,15,13,0,13,0
2020-05-19,Colusa,011,21464,5,3,0,3,0
2020-05-19,Contra Costa,013,1133247,1402,1205,1,1206,33
2020-05-19,Del Norte,015,27424,28,8,0,8,0
2020-05-19,El Dorado,017,186661,91,67,0,67,0
2020-05-19,Fresno,019,978130,2470,1288,38,1326,15
2020-05-19,Glenn,021,27897,13,12,0,12,0
2020-05-19,Humboldt,023,135768,101,72,0,72,0
2020-05-19,Imperial,025,180216,2051,1012,4,1016,14
2020-05-19,Inyo,027,18085,19,20,0,20,1
2020-05-19,Kern,029,883053,2102,1601,4,1605,26
2020-05-19,Kings,031,150075,579,393,1,394,2
2020-05-19,Lake,033,64148,14,11,0,11,0
2020-05-19,Lassen,035,31185,5,0,2,2,0
2020-05-19,Los Angeles,037,10098052,49150,39670,21,39691,1906
2020-05-19,Madera,039,155013,173,80,1,81,2
2020-05-19,Marin,041,260295,374,340,1,341,14
2020-05-19,Mariposa,043,17540,16,15,0,15,1
2020-05-19,Mendocino,045,87422,20,12,0,12,0
2020-05-19,Merced,047,269075,338,222,0,222,5
2020-05-19,Modoc,049,8938,0,0,0,0,0
2020-05-19,Mono,051,14174,36,33,0,33,1
2020-05-19,Monterey,053,433212,455,350,1,351,8
2020-05-19,Napa,055,140530,111,93,0,93,3
2020-05-19,Nevada,057,99092,42,41,1,42,1
2020-05-19,Orange,059,3164182,6958,4746,54,4800,90
2020-05-19,Placer,061,380077,204,177,0,177,8
2020-05-19,Plumas,063,18699,4,5,0,5,0
2020-05-19,Riverside,065,2383286,7230,5963,19,5982,265
2020-05-19,Sacramento,067,1510023,1319,1239,1,1240,57
2020-05-19,San Benito,069,59416,74,59,0,59,2
2020-05-19,San Bernardino,071,2135413,4821,3656,4,3660,158
2020-05-19,San Diego,073,3302833,7079,6028,0,6028,222
2020-05-19,San Francisco,075,870044,2392,2186,0,2186,37
2020-05-19,San Joaquin,077,732212,825,705,3,708,33
2020-05-19,San Luis Obispo,079,281455,329,245,3,248,1
2020-05-19,San Mateo,081,765935,2018,1704,2,1706,71
2020-05-19,Santa Barbara,083,443738,1606,1521,9,1530,10
2020-05-19,Santa Clara,085,1922200,3158,2480,11,2491,138
2020-05-19,Santa Cruz,087,273765,189,161,0,161,3
2020-05-19,Shasta,089,179085,51,34,0,34,4
2020-05-19,Sierra,091,2930,0,0,0,0,0
2020-05-19,Siskiyou,093,43540,7,6,0,6,0
2020-05-19,Solano,095,438530,505,415,0,415,4
2020-05-19,Sonoma,097,501317,498,389,0,389,4
2020-05-19,Stanislaus,099,539301,670,582,4,586,25
2020-05-19,Sutter,101,95872,43,38,0,38,2
2020-05-19,Tehama,103,63373,4,2,0,2,1
2020-05-19,Trinity,105,12862,3,1,0,1,0
2020-05-19,Tulare,107,460477,2118,1551,8,1559,68
2020-05-19,Tuolumne,109,53932,3,2,0,2,0
2020-05-19,Ventura,111,848112,1294,861,7,868,28
2020-05-19,Yolo,113,214977,208,183,0,183,22
2020-05-19,Yuba,115,75493,26,23,0,23,1
2020-05-18,Alameda,001,1643700,2981,2442,3,2445,84
2020-05-18,Alpine,003,1148,1,1,0,1,0
2020-05-18,Amador,005,37829,10,8,0,8,0
2020-05-18,Butte,007,227075,51,24,3,27,0
2020-05-18,Calaveras,009,45235,15,13,0,13,0
2020-05-18,Colusa,011,21464,5,3,0,3,0
2020-05-18,Contra Costa,013,1133247,1371,1173,1,1174,33
2020-05-18,Del Norte,015,27424,23,8,0,8,0
2020-05-18,El Dorado,017,186661,89,67,0,67,0
2020-05-18,Fresno,019,978130,2394,1244,37,1281,14
2020-05-18,Glenn,021,27897,13,11,0,11,0
2020-05-18,Humboldt,023,135768,101,70,0,70,0
2020-05-18,Imperial,025,180216,1897,767,4,771,14
2020-05-18,Inyo,027,18085,19,20,0,20,1
2020-05-18,Kern,029,883053,2053,1566,4,1570,26
2020-05-18,Kings,031,150075,548,381,1,382,2
2020-05-18,Lake,033,64148,13,9,0,9,0
2020-05-18,Lassen,035,31185,5,0,2,2,0
2020-05-18,Los Angeles,037,10098052,48124,38477,21,38498,1825
2020-05-18,Madera,039,155013,167,74,1,75,2
2020-05-18,Marin,041,260295,361,329,1,330,14
2020-05-18,Mariposa,043,17540,16,15,0,15,1
2020-05-18,Mendocino,045,87422,15,12,0,12,0
2020-05-18,Merced,047,269075,329,217,0,217,5
2020-05-18,Modoc,049,8938,0,0,0,0,0
2020-05-18,Mono,051,14174,36,33,0,33,1
2020-05-18,Monterey,053,433212,444,345,1,346,8
2020-05-18,Napa,055,140530,107,92,0,92,3
2020-05-18,Nevada,057,99092,42,41,1,42,1
2020-05-18,Orange,059,3164182,6769,4558,52,4610,88
2020-05-18,Placer,061,380077,202,176,0,176,8
2020-05-18,Plumas,063,18699,4,5,0,5,0
2020-05-18,Riverside,065,2383286,7030,5873,18,5891,253
2020-05-18,Sacramento,067,1510023,1313,1233,0,1233,57
2020-05-18,San Benito,069,59416,72,59,0,59,2
2020-05-18,San Bernardino,071,2135413,4674,3558,4,3562,156
2020-05-18,San Diego,073,3302833,6946,5948,0,5948,211
2020-05-18,San Francisco,075,870044,2369,2183,0,2183,36
2020-05-18,San Joaquin,077,732212,813,697,3,700,33
2020-05-18,San Luis Obispo,079,281455,325,243,3,246,1
2020-05-18,San Mateo,081,765935,1980,1701,2,1703,68
2020-05-18,Santa Barbara,083,443738,1595,1501,9,1510,10
2020-05-18,Santa Clara,085,1922200,3125,2468,11,2479,137
2020-05-18,Santa Cruz,087,273765,187,160,0,160,3
2020-05-18,Shasta,089,179085,50,34,0,34,4
2020-05-18,Sierra,091,2930,0,0,0,0,0
2020-05-18,Siskiyou,093,43540,7,6,0,6,0
2020-05-18,Solano,095,438530,495,398,0,398,4
2020-05-18,Sonoma,097,501317,480,387,0,387,4
2020-05-18,Stanislaus,099,539301,658,572,4,576,25
2020-05-18,Sutter,101,95872,43,38,0,38,2
2020-05-18,Tehama,103,63373,4,2,0,2,1
2020-05-18,Trinity,105,12862,3,1,0,1,0
2020-05-18,Tulare,107,460477,2074,1491,8,1499,63
2020-05-18,Tuolumne,109,53932,3,2,0,2,0
2020-05-18,Ventura,111,848112,1271,850,6,856,27
2020-05-18,Yolo,113,214977,203,183,0,183,22
2020-05-18,Yuba,115,75493,26,23,0,23,1
2020-05-17,Alameda,001,1643700,2886,2389,3,2392,83
2020-05-17,Alpine,003,1148,1,1,0,1,0
2020-05-17,Amador,005,37829,10,8,0,8,0
2020-05-17,Butte,007,227075,50,23,3,26,0
2020-05-17,Calaveras,009,45235,15,13,0,13,0
2020-05-17,Colusa,011,21464,3,3,0,3,0
2020-05-17,Contra Costa,013,1133247,1332,1155,1,1156,33
2020-05-17,Del Norte,015,27424,23,7,0,7,0
2020-05-17,El Dorado,017,186661,89,65,0,65,0
2020-05-17,Fresno,019,978130,2289,1213,34,1247,14
2020-05-17,Glenn,021,27897,13,9,0,9,0
2020-05-17,Humboldt,023,135768,94,70,0,70,0
2020-05-17,Imperial,025,180216,1749,715,4,719,14
2020-05-17,Inyo,027,18085,19,20,0,20,1
2020-05-17,Kern,029,883053,1975,1546,3,1549,26
2020-05-17,Kings,031,150075,501,356,1,357,2
2020-05-17,Lake,033,64148,13,7,0,7,0
2020-05-17,Lassen,035,31185,5,0,2,2,0
2020-05-17,Los Angeles,037,10098052,46884,37996,21,38017,1807
2020-05-17,Madera,039,155013,165,69,1,70,2
2020-05-17,Marin,041,260295,350,315,1,316,14
2020-05-17,Mariposa,043,17540,15,15,0,15,1
2020-05-17,Mendocino,045,87422,14,10,0,10,0
2020-05-17,Merced,047,269075,319,214,0,214,5
2020-05-17,Modoc,049,8938,0,0,0,0,0
2020-05-17,Mono,051,14174,36,32,0,32,1
2020-05-17,Monterey,053,433212,424,342,1,343,8
2020-05-17,Napa,055,140530,104,89,0,89,3
2020-05-17,Nevada,057,99092,42,41,1,42,1
2020-05-17,Orange,059,3164182,6589,4466,51,4517,88
2020-05-17,Placer,061,380077,197,175,0,175,8
2020-05-17,Plumas,063,18699,4,4,0,4,0
2020-05-17,Riverside,065,2383286,6857,5776,18,5794,245
2020-05-17,Sacramento,067,1510023,1302,1224,0,1224,56
2020-05-17,San Benito,069,59416,71,59,0,59,2
2020-05-17,San Bernardino,071,2135413,4524,3467,4,3471,155
2020-05-17,San Diego,073,3302833,6814,5838,0,5838,209
2020-05-17,San Francisco,075,870044,2342,2132,0,2132,36
2020-05-17,San Joaquin,077,732212,783,688,3,691,32
2020-05-17,San Luis Obispo,079,281455,323,242,3,245,1
2020-05-17,San Mateo,081,765935,1943,1680,2,1682,68
2020-05-17,Santa Barbara,083,443738,1576,1457,9,1466,10
2020-05-17,Santa Clara,085,1922200,3087,2453,11,2464,135
2020-05-17,Santa Cruz,087,273765,176,155,0,155,3
2020-05-17,Shasta,089,179085,49,34,0,34,4
2020-05-17,Sierra,091,2930,0,0,0,0,0
2020-05-17,Siskiyou,093,43540,7,6,0,6,0
2020-05-17,Solano,095,438530,483,392,0,392,4
2020-05-17,Sonoma,097,501317,459,376,0,376,4
2020-05-17,Stanislaus,099,539301,647,566,4,570,25
2020-05-17,Sutter,101,95872,42,38,0,38,2
2020-05-17,Tehama,103,63373,3,2,0,2,1
2020-05-17,Trinity,105,12862,2,1,0,1,0
2020-05-17,Tulare,107,460477,1998,1430,7,1437,63
2020-05-17,Tuolumne,109,53932,3,2,0,2,0
2020-05-17,Ventura,111,848112,1226,838,6,844,27
2020-05-17,Yolo,113,214977,201,182,0,182,22
2020-05-17,Yuba,115,75493,26,21,0,21,1
2020-05-16,Alameda,001,1643700,2836,2327,3,2330,83
2020-05-16,Alpine,003,1148,1,1,0,1,0
2020-05-16,Amador,005,37829,10,8,0,8,0
2020-05-16,Butte,007,227075,45,22,3,25,0
2020-05-16,Calaveras,009,45235,15,13,0,13,0
2020-05-16,Colusa,011,21464,3,3,0,3,0
2020-05-16,Contra Costa,013,1133247,1314,1136,1,1137,33
2020-05-16,Del Norte,015,27424,19,4,0,4,0
2020-05-16,El Dorado,017,186661,89,65,0,65,0
2020-05-16,Fresno,019,978130,2233,1177,34,1211,14
2020-05-16,Glenn,021,27897,13,9,0,9,0
2020-05-16,Humboldt,023,135768,92,69,0,69,0
2020-05-16,Imperial,025,180216,1685,712,4,716,14
2020-05-16,Inyo,027,18085,19,20,0,20,1
2020-05-16,Kern,029,883053,1939,1509,3,1512,26
2020-05-16,Kings,031,150075,491,356,1,357,2
2020-05-16,Lake,033,64148,13,7,0,7,0
2020-05-16,Lassen,035,31185,4,0,2,2,0
2020-05-16,Los Angeles,037,10098052,46309,37352,21,37373,1778
2020-05-16,Madera,039,155013,163,70,1,71,2
2020-05-16,Marin,041,260295,346,297,1,298,14
2020-05-16,Mariposa,043,17540,15,15,0,15,1
2020-05-16,Mendocino,045,87422,14,10,0,10,0
2020-05-16,Merced,047,269075,317,201,0,201,5
2020-05-16,Modoc,049,8938,0,0,0,0,0
2020-05-16,Mono,051,14174,36,32,0,32,1
2020-05-16,Monterey,053,433212,409,329,1,330,8
2020-05-16,Napa,055,140530,104,86,0,86,3
2020-05-16,Nevada,057,99092,42,41,1,42,1
2020-05-16,Orange,059,3164182,6513,4396,50,4446,87
2020-05-16,Placer,061,380077,195,174,0,174,8
2020-05-16,Plumas,063,18699,4,4,0,4,0
2020-05-16,Riverside,065,2383286,6772,5633,18,5651,243
2020-05-16,Sacramento,067,1510023,1295,1209,0,1209,55
2020-05-16,San Benito,069,59416,66,58,0,58,2
2020-05-16,San Bernardino,071,2135413,4452,3362,4,3366,155
2020-05-16,San Diego,073,3302833,6728,5664,0,5664,209
2020-05-16,San Francisco,075,870044,2319,2094,0,2094,36
2020-05-16,San Joaquin,077,732212,775,668,3,671,32
2020-05-16,San Luis Obispo,079,281455,322,240,3,243,1
2020-05-16,San Mateo,081,765935,1928,1652,2,1654,68
2020-05-16,Santa Barbara,083,443738,1565,1422,9,1431,10
2020-05-16,Santa Clara,085,1922200,3069,2420,11,2431,135
2020-05-16,Santa Cruz,087,273765,173,154,0,154,3
2020-05-16,Shasta,089,179085,49,33,0,33,4
2020-05-16,Sierra,091,2930,0,0,0,0,0
2020-05-16,Siskiyou,093,43540,7,6,0,6,0
2020-05-16,Solano,095,438530,478,392,0,392,4
2020-05-16,Sonoma,097,501317,446,356,0,356,4
2020-05-16,Stanislaus,099,539301,638,546,4,550,24
2020-05-16,Sutter,101,95872,42,35,0,35,2
2020-05-16,Tehama,103,63373,3,2,0,2,1
2020-05-16,Trinity,105,12862,2,1,0,1,0
2020-05-16,Tulare,107,460477,1980,1426,7,1433,63
2020-05-16,Tuolumne,109,53932,3,2,0,2,0
2020-05-16,Ventura,111,848112,1200,813,6,819,25
2020-05-16,Yolo,113,214977,200,181,0,181,22
2020-05-16,Yuba,115,75493,26,21,0,21,1
2020-05-15,Alameda,001,1643700,2802,2289,3,2292,83
2020-05-15,Alpine,003,1148,1,1,0,1,0
2020-05-15,Amador,005,37829,10,8,0,8,0
2020-05-15,Butte,007,227075,43,22,3,25,0
2020-05-15,Calaveras,009,45235,14,13,0,13,0
2020-05-15,Colusa,011,21464,3,3,0,3,0
2020-05-15,Contra Costa,013,1133247,1296,1106,1,1107,33
2020-05-15,Del Norte,015,27424,14,4,0,4,0
2020-05-15,El Dorado,017,186661,89,64,0,64,0
2020-05-15,Fresno,019,978130,2167,1126,34,1160,14
2020-05-15,Glenn,021,27897,13,9,0,9,0
2020-05-15,Humboldt,023,135768,91,60,0,60,0
2020-05-15,Imperial,025,180216,1601,680,0,680,14
2020-05-15,Inyo,027,18085,19,20,0,20,1
2020-05-15,Kern,029,883053,1883,1472,3,1475,25
2020-05-15,Kings,031,150075,488,347,1,348,2
2020-05-15,Lake,033,64148,13,7,0,7,0
2020-05-15,Lassen,035,31185,4,0,2,2,0
2020-05-15,Los Angeles,037,10098052,45520,36317,21,36338,1734
2020-05-15,Madera,039,155013,162,71,1,72,2
2020-05-15,Marin,041,260295,338,295,1,296,14
2020-05-15,Mariposa,043,17540,15,15,0,15,1
2020-05-15,Mendocino,045,87422,14,10,0,10,0
2020-05-15,Merced,047,269075,313,191,0,191,5
2020-05-15,Modoc,049,8938,0,0,0,0,0
2020-05-15,Mono,051,14174,36,31,0,31,1
2020-05-15,Monterey,053,433212,403,321,1,322,8
2020-05-15,Napa,055,140530,104,83,0,83,3
2020-05-15,Nevada,057,99092,42,41,1,42,1
2020-05-15,Orange,059,3164182,6340,4281,50,4331,87
2020-05-15,Placer,061,380077,193,174,0,174,8
2020-05-15,Plumas,063,18699,4,4,0,4,0
2020-05-15,Riverside,065,2383286,6658,5496,18,5514,233
2020-05-15,Sacramento,067,1510023,1285,1203,0,1203,55
2020-05-15,San Benito,069,59416,63,57,0,57,2
2020-05-15,San Bernardino,071,2135413,4374,3225,4,3229,153
2020-05-15,San Diego,073,3302833,6621,5525,0,5525,208
2020-05-15,San Francisco,075,870044,2303,2062,0,2062,36
2020-05-15,San Joaquin,077,732212,769,656,3,659,32
2020-05-15,San Luis Obispo,079,281455,320,237,3,240,1
2020-05-15,San Mateo,081,765935,1906,1612,2,1614,68
2020-05-15,Santa Barbara,083,443738,1556,1409,8,1417,10
2020-05-15,Santa Clara,085,1922200,3026,2395,10,2405,135
2020-05-15,Santa Cruz,087,273765,172,146,0,146,3
2020-05-15,Shasta,089,179085,48,33,0,33,4
2020-05-15,Sierra,091,2930,0,0,0,0,0
2020-05-15,Siskiyou,093,43540,6,5,0,5,0
2020-05-15,Solano,095,438530,474,388,0,388,4
2020-05-15,Sonoma,097,501317,438,349,0,349,4
2020-05-15,Stanislaus,099,539301,631,540,4,544,23
2020-05-15,Sutter,101,95872,41,35,0,35,2
2020-05-15,Tehama,103,63373,3,1,0,1,1
2020-05-15,Trinity,105,12862,2,1,0,1,0
2020-05-15,Tulare,107,460477,1952,1356,7,1363,61
2020-05-15,Tuolumne,109,53932,3,2,0,2,0
2020-05-15,Ventura,111,848112,1182,789,5,794,25
2020-05-15,Yolo,113,214977,199,182,0,182,22
2020-05-15,Yuba,115,75493,26,21,0,21,1
2020-05-14,Alameda,001,1643700,2710,2255,3,2258,80
2020-05-14,Alpine,003,1148,1,1,0,1,0
2020-05-14,Amador,005,37829,10,8,0,8,0
2020-05-14,Butte,007,227075,41,22,3,25,0
2020-05-14,Calaveras,009,45235,14,13,0,13,0
2020-05-14,Colusa,011,21464,3,3,0,3,0
2020-05-14,Contra Costa,013,1133247,1269,1090,1,1091,32
2020-05-14,Del Norte,015,27424,14,4,0,4,0
2020-05-14,El Dorado,017,186661,80,59,0,59,0
2020-05-14,Fresno,019,978130,2107,1038,30,1068,12
2020-05-14,Glenn,021,27897,12,8,0,8,0
2020-05-14,Humboldt,023,135768,89,59,0,59,0
2020-05-14,Imperial,025,180216,1484,652,0,652,13
2020-05-14,Inyo,027,18085,19,20,0,20,1
2020-05-14,Kern,029,883053,1841,1430,3,1433,21
2020-05-14,Kings,031,150075,472,342,1,343,1
2020-05-14,Lake,033,64148,13,7,0,7,0
2020-05-14,Lassen,035,31185,4,0,2,2,0
2020-05-14,Los Angeles,037,10098052,44347,35427,21,35448,1693
2020-05-14,Madera,039,155013,153,69,1,70,2
2020-05-14,Marin,041,260295,320,283,1,284,14
2020-05-14,Mariposa,043,17540,15,15,0,15,0
2020-05-14,Mendocino,045,87422,13,10,0,10,0
2020-05-14,Merced,047,269075,303,182,0,182,3
2020-05-14,Modoc,049,8938,0,0,0,0,0
2020-05-14,Mono,051,14174,36,31,0,31,1
2020-05-14,Monterey,053,433212,393,317,1,318,7
2020-05-14,Napa,055,140530,102,83,0,83,3
2020-05-14,Nevada,057,99092,41,41,1,42,1
2020-05-14,Orange,059,3164182,6165,4163,48,4211,83
2020-05-14,Placer,061,380077,193,172,0,172,8
2020-05-14,Plumas,063,18699,4,4,0,4,0
2020-05-14,Riverside,065,2383286,6474,5339,18,5357,224
2020-05-14,Sacramento,067,1510023,1273,1181,0,1181,55
2020-05-14,San Benito,069,59416,61,56,0,56,2
2020-05-14,San Bernardino,071,2135413,4195,3149,4,3153,149
2020-05-14,San Diego,073,3302833,6486,5393,0,5393,200
2020-05-14,San Francisco,075,870044,2270,2029,0,2029,36
2020-05-14,San Joaquin,077,732212,754,643,3,646,31
2020-05-14,San Luis Obispo,079,281455,317,236,3,239,1
2020-05-14,San Mateo,081,765935,1874,1588,2,1590,67
2020-05-14,Santa Barbara,083,443738,1544,1395,8,1403,11
2020-05-14,Santa Clara,085,1922200,3003,2380,10,2390,134
2020-05-14,Santa Cruz,087,273765,170,145,0,145,3
2020-05-14,Shasta,089,179085,48,33,0,33,4
2020-05-14,Sierra,091,2930,0,0,0,0,0
2020-05-14,Siskiyou,093,43540,6,5,0,5,0
2020-05-14,Solano,095,438530,465,372,0,372,4
2020-05-14,Sonoma,097,501317,421,333,0,333,4
2020-05-14,Stanislaus,099,539301,612,533,4,537,23
2020-05-14,Sutter,101,95872,41,34,0,34,2
2020-05-14,Tehama,103,63373,3,1,0,1,1
2020-05-14,Trinity,105,12862,2,1,0,1,0
2020-05-14,Tulare,107,460477,1913,1317,7,1324,55
2020-05-14,Tuolumne,109,53932,3,2,0,2,0
2020-05-14,Ventura,111,848112,1151,760,5,765,25
2020-05-14,Yolo,113,214977,199,180,0,180,22
2020-05-14,Yuba,115,75493,26,21,0,21,1
2020-05-13,Alameda,001,1643700,2652,2181,3,2184,78
2020-05-13,Alpine,003,1148,1,1,0,1,0
2020-05-13,Amador,005,37829,10,8,0,8,0
2020-05-13,Butte,007,227075,41,21,3,24,0
2020-05-13,Calaveras,009,45235,14,13,0,13,0
2020-05-13,Colusa,011,21464,3,3,0,3,0
2020-05-13,Contra Costa,013,1133247,1247,1082,1,1083,32
2020-05-13,Del Norte,015,27424,13,4,0,4,0
2020-05-13,El Dorado,017,186661,79,58,0,58,0
2020-05-13,Fresno,019,978130,2009,993,30,1023,10
2020-05-13,Glenn,021,27897,11,6,0,6,0
2020-05-13,Humboldt,023,135768,83,58,0,58,0
2020-05-13,Imperial,025,180216,1413,610,0,610,11
2020-05-13,Inyo,027,18085,19,20,0,20,1
2020-05-13,Kern,029,883053,1795,1390,3,1393,19
2020-05-13,Kings,031,150075,458,314,1,315,1
2020-05-13,Lake,033,64148,13,7,0,7,0
2020-05-13,Lassen,035,31185,4,0,2,2,0
2020-05-13,Los Angeles,037,10098052,43035,34574,21,34595,1643
2020-05-13,Madera,039,155013,144,69,1,70,2
2020-05-13,Marin,041,260295,307,278,1,279,14
2020-05-13,Mariposa,043,17540,15,15,0,15,0
2020-05-13,Mendocino,045,87422,13,10,0,10,0
2020-05-13,Merced,047,269075,299,176,0,176,3
2020-05-13,Modoc,049,8938,0,0,0,0,0
2020-05-13,Mono,051,14174,35,31,0,31,1
2020-05-13,Monterey,053,433212,383,309,1,310,6
2020-05-13,Napa,055,140530,102,81,0,81,3
2020-05-13,Nevada,057,99092,41,41,1,42,1
2020-05-13,Orange,059,3164182,5919,4025,46,4071,79
2020-05-13,Placer,061,380077,192,170,0,170,8
2020-05-13,Plumas,063,18699,4,4,0,4,0
2020-05-13,Riverside,065,2383286,6351,5204,18,5222,216
2020-05-13,Sacramento,067,1510023,1258,1173,0,1173,53
2020-05-13,San Benito,069,59416,61,55,0,55,2
2020-05-13,San Bernardino,071,2135413,3939,3064,3,3067,140
2020-05-13,San Diego,073,3302833,6350,5280,0,5280,194
2020-05-13,San Francisco,075,870044,2242,2004,0,2004,35
2020-05-13,San Joaquin,077,732212,733,639,3,642,31
2020-05-13,San Luis Obispo,079,281455,315,231,3,234,1
2020-05-13,San Mateo,081,765935,1842,1550,2,1552,66
2020-05-13,Santa Barbara,083,443738,1533,1382,8,1390,10
2020-05-13,Santa Clara,085,1922200,2983,2370,10,2380,132
2020-05-13,Santa Cruz,087,273765,166,142,0,142,2
2020-05-13,Shasta,089,179085,48,32,0,32,4
2020-05-13,Sierra,091,2930,0,0,0,0,0
2020-05-13,Siskiyou,093,43540,6,5,0,5,0
2020-05-13,Solano,095,438530,452,368,0,368,4
2020-05-13,Sonoma,097,501317,411,330,0,330,4
2020-05-13,Stanislaus,099,539301,603,521,4,525,15
2020-05-13,Sutter,101,95872,41,33,0,33,2
2020-05-13,Tehama,103,63373,3,1,0,1,1
2020-05-13,Trinity,105,12862,2,2,0,2,0
2020-05-13,Tulare,107,460477,1880,1283,7,1290,54
2020-05-13,Tuolumne,109,53932,3,2,0,2,0
2020-05-13,Ventura,111,848112,1120,742,5,747,25
2020-05-13,Yolo,113,214977,197,178,0,178,22
2020-05-13,Yuba,115,75493,24,19,0,19,1
2020-05-12,Alameda,001,1643700,2588,2146,3,2149,74
2020-05-12,Alpine,003,1148,1,1,0,1,0
2020-05-12,Amador,005,37829,10,8,0,8,0
2020-05-12,Butte,007,227075,39,20,3,23,0
2020-05-12,Calaveras,009,45235,13,13,0,13,0
2020-05-12,Colusa,011,21464,3,3,0,3,0
2020-05-12,Contra Costa,013,1133247,1216,1067,1,1068,32
2020-05-12,Del Norte,015,27424,10,3,0,3,0
2020-05-12,El Dorado,017,186661,76,56,0,56,0
2020-05-12,Fresno,019,978130,1925,978,28,1006,9
2020-05-12,Glenn,021,27897,10,6,0,6,0
2020-05-12,Humboldt,023,135768,80,58,0,58,0
2020-05-12,Imperial,025,180216,1283,602,0,602,9
2020-05-12,Inyo,027,18085,19,20,0,20,1
2020-05-12,Kern,029,883053,1754,1363,3,1366,18
2020-05-12,Kings,031,150075,437,302,1,303,1
2020-05-12,Lake,033,64148,13,7,0,7,0
2020-05-12,Lassen,035,31185,4,0,2,2,0
2020-05-12,Los Angeles,037,10098052,42042,33281,20,33301,1601
2020-05-12,Madera,039,155013,138,69,1,70,2
2020-05-12,Marin,041,260295,302,274,1,275,14
2020-05-12,Mariposa,043,17540,15,15,0,15,0
2020-05-12,Mendocino,045,87422,13,10,0,10,0
2020-05-12,Merced,047,269075,286,175,0,175,3
2020-05-12,Modoc,049,8938,0,0,0,0,0
2020-05-12,Mono,051,14174,35,31,0,31,1
2020-05-12,Monterey,053,433212,376,298,1,299,6
2020-05-12,Napa,055,140530,100,80,0,80,3
2020-05-12,Nevada,057,99092,41,41,1,42,1
2020-05-12,Orange,059,3164182,5736,3843,44,3887,78
2020-05-12,Placer,061,380077,191,170,0,170,8
2020-05-12,Plumas,063,18699,4,4,0,4,0
2020-05-12,Riverside,065,2383286,6228,5134,18,5152,210
2020-05-12,Sacramento,067,1510023,1238,1166,0,1166,52
2020-05-12,San Benito,069,59416,61,55,0,55,2
2020-05-12,San Bernardino,071,2135413,3787,2997,3,3000,131
2020-05-12,San Diego,073,3302833,6206,3,0,3,0
2020-05-12,San Francisco,075,870044,2207,1981,0,1981,35
2020-05-12,San Joaquin,077,732212,718,625,3,628,30
2020-05-12,San Luis Obispo,079,281455,312,226,3,229,1
2020-05-12,San Mateo,081,765935,1816,1533,2,1535,66
2020-05-12,Santa Barbara,083,443738,1502,1377,8,1385,10
2020-05-12,Santa Clara,085,1922200,2952,2362,10,2372,131
2020-05-12,Santa Cruz,087,273765,164,141,0,141,2
2020-05-12,Shasta,089,179085,47,33,0,33,4
2020-05-12,Sierra,091,2930,0,0,0,0,0
2020-05-12,Siskiyou,093,43540,6,5,0,5,0
2020-05-12,Solano,095,438530,444,361,0,361,4
2020-05-12,Sonoma,097,501317,388,308,0,308,4
2020-05-12,Stanislaus,099,539301,596,515,4,519,15
2020-05-12,Sutter,101,95872,41,33,0,33,2
2020-05-12,Tehama,103,63373,3,1,0,1,1
2020-05-12,Trinity,105,12862,2,1,0,1,0
2020-05-12,Tulare,107,460477,1848,1261,7,1268,52
2020-05-12,Tuolumne,109,53932,3,2,0,2,0
2020-05-12,Ventura,111,848112,1064,718,5,723,20
2020-05-12,Yolo,113,214977,196,176,0,176,22
2020-05-12,Yuba,115,75493,24,19,0,19,1
2020-05-11,Alameda,001,1643700,2538,2103,3,2106,71
2020-05-11,Alpine,003,1148,1,1,0,1,0
2020-05-11,Amador,005,37829,10,8,0,8,0
2020-05-11,Butte,007,227075,38,19,3,22,0
2020-05-11,Calaveras,009,45235,13,13,0,13,0
2020-05-11,Colusa,011,21464,3,3,0,3,0
2020-05-11,Contra Costa,013,1133247,1202,1052,1,1053,32
2020-05-11,Del Norte,015,27424,8,3,0,3,0
2020-05-11,El Dorado,017,186661,76,55,0,55,0
2020-05-11,Fresno,019,978130,1834,937,27,964,8
2020-05-11,Glenn,021,27897,10,6,0,6,0
2020-05-11,Humboldt,023,135768,77,56,0,56,0
2020-05-11,Imperial,025,180216,1177,562,0,562,9
2020-05-11,Inyo,027,18085,19,20,0,20,1
2020-05-11,Kern,029,883053,1702,1331,3,1334,17
2020-05-11,Kings,031,150075,414,289,0,289,1
2020-05-11,Lake,033,64148,12,7,0,7,0
2020-05-11,Lassen,035,31185,4,0,2,2,0
2020-05-11,Los Angeles,037,10098052,40860,32279,20,32299,1553
2020-05-11,Madera,039,155013,129,68,1,69,2
2020-05-11,Marin,041,260295,293,271,1,272,14
2020-05-11,Mariposa,043,17540,15,15,0,15,0
2020-05-11,Mendocino,045,87422,13,10,0,10,0
2020-05-11,Merced,047,269075,269,158,0,158,3
2020-05-11,Modoc,049,8938,0,0,0,0,0
2020-05-11,Mono,051,14174,35,30,0,30,1
2020-05-11,Monterey,053,433212,373,286,1,287,6
2020-05-11,Napa,055,140530,94,79,0,79,2
2020-05-11,Nevada,057,99092,41,41,1,42,1
2020-05-11,Orange,059,3164182,5522,3699,38,3737,77
2020-05-11,Placer,061,380077,191,170,0,170,8
2020-05-11,Plumas,063,18699,4,4,0,4,0
2020-05-11,Riverside,065,2383286,6070,5082,17,5099,203
2020-05-11,Sacramento,067,1510023,1223,1160,0,1160,52
2020-05-11,San Benito,069,59416,59,52,0,52,2
2020-05-11,San Bernardino,071,2135413,3676,2945,3,2948,124
2020-05-11,San Diego,073,3302833,6053,5067,0,5067,175
2020-05-11,San Francisco,075,870044,2161,1974,0,1974,35
2020-05-11,San Joaquin,077,732212,708,620,3,623,30
2020-05-11,San Luis Obispo,079,281455,310,224,3,227,1
2020-05-11,San Mateo,081,765935,1790,1499,2,1501,66
2020-05-11,Santa Barbara,083,443738,1491,1372,7,1379,10
2020-05-11,Santa Clara,085,1922200,2935,2340,10,2350,129
2020-05-11,Santa Cruz,087,273765,161,140,0,140,2
2020-05-11,Shasta,089,179085,47,31,0,31,4
2020-05-11,Sierra,091,2930,0,0,0,0,0
2020-05-11,Siskiyou,093,43540,6,5,0,5,0
2020-05-11,Solano,095,438530,439,354,0,354,4
2020-05-11,Sonoma,097,501317,378,303,0,303,3
2020-05-11,Stanislaus,099,539301,586,507,4,511,14
2020-05-11,Sutter,101,95872,40,32,0,32,2
2020-05-11,Tehama,103,63373,3,1,0,1,1
2020-05-11,Trinity,105,12862,2,1,0,1,0
2020-05-11,Tulare,107,460477,1799,1203,7,1210,49
2020-05-11,Tuolumne,109,53932,3,2,0,2,0
2020-05-11,Ventura,111,848112,1003,698,4,702,19
2020-05-11,Yolo,113,214977,196,174,0,174,20
2020-05-11,Yuba,115,75493,24,18,0,18,1
2020-05-10,Alameda,001,1643700,2461,2047,3,2050,71
2020-05-10,Alpine,003,1148,1,1,0,1,0
2020-05-10,Amador,005,37829,10,8,0,8,0
2020-05-10,Butte,007,227075,33,18,3,21,0
2020-05-10,Calaveras,009,45235,13,13,0,13,0
2020-05-10,Colusa,011,21464,3,3,0,3,0
2020-05-10,Contra Costa,013,1133247,1188,1046,0,1046,31
2020-05-10,Del Norte,015,27424,7,3,0,3,0
2020-05-10,El Dorado,017,186661,76,55,0,55,0
2020-05-10,Fresno,019,978130,1749,894,27,921,8
2020-05-10,Glenn,021,27897,10,6,0,6,0
2020-05-10,Humboldt,023,135768,73,56,0,56,0
2020-05-10,Imperial,025,180216,1083,509,0,509,7
2020-05-10,Inyo,027,18085,19,20,0,20,1
2020-05-10,Kern,029,883053,1651,1300,2,1302,16
2020-05-10,Kings,031,150075,401,266,0,266,1
2020-05-10,Lake,033,64148,12,7,0,7,0
2020-05-10,Lassen,035,31185,4,0,2,2,0
2020-05-10,Los Angeles,037,10098052,39600,31711,20,31731,1514
2020-05-10,Madera,039,155013,127,65,1,66,2
2020-05-10,Marin,041,260295,285,267,1,268,14
2020-05-10,Mariposa,043,17540,15,15,0,15,0
2020-05-10,Mendocino,045,87422,12,10,0,10,0
2020-05-10,Merced,047,269075,253,154,0,154,3
2020-05-10,Modoc,049,8938,0,0,0,0,0
2020-05-10,Mono,051,14174,35,27,0,27,1
2020-05-10,Monterey,053,433212,359,282,1,283,6
2020-05-10,Napa,055,140530,88,79,0,79,2
2020-05-10,Nevada,057,99092,41,41,1,42,1
2020-05-10,Orange,059,3164182,5379,3627,38,3665,76
2020-05-10,Placer,061,380077,190,168,0,168,8
2020-05-10,Plumas,063,18699,4,4,0,4,0
2020-05-10,Riverside,065,2383286,5948,4951,17,4968,193
2020-05-10,Sacramento,067,1510023,1207,1152,0,1152,52
2020-05-10,San Benito,069,59416,59,52,0,52,2
2020-05-10,San Bernardino,071,2135413,3578,2910,3,2913,121
2020-05-10,San Diego,073,3302833,5901,4928,0,4928,175
2020-05-10,San Francisco,075,870044,2143,1953,0,1953,35
2020-05-10,San Joaquin,077,732212,693,611,3,614,29
2020-05-10,San Luis Obispo,079,281455,307,218,3,221,1
2020-05-10,San Mateo,081,765935,1768,1463,2,1465,65
2020-05-10,Santa Barbara,083,443738,1480,1323,7,1330,10
2020-05-10,Santa Clara,085,1922200,2908,2331,10,2341,129
2020-05-10,Santa Cruz,087,273765,160,139,0,139,2
2020-05-10,Shasta,089,179085,47,31,0,31,4
2020-05-10,Sierra,091,2930,0,0,0,0,0
2020-05-10,Siskiyou,093,43540,5,5,0,5,0
2020-05-10,Solano,095,438530,429,322,0,322,4
2020-05-10,Sonoma,097,501317,368,290,0,290,3
2020-05-10,Stanislaus,099,539301,579,498,4,502,14
2020-05-10,Sutter,101,95872,37,31,0,31,2
2020-05-10,Tehama,103,63373,3,1,0,1,1
2020-05-10,Trinity,105,12862,2,1,0,1,0
2020-05-10,Tulare,107,460477,1728,1143,7,1150,47
2020-05-10,Tuolumne,109,53932,3,2,0,2,0
2020-05-10,Ventura,111,848112,945,690,2,692,19
2020-05-10,Yolo,113,214977,196,173,0,173,20
2020-05-10,Yuba,115,75493,23,17,0,17,1
2020-05-09,Alameda,001,1643700,2418,2011,3,2014,71
2020-05-09,Alpine,003,1148,1,1,0,1,0
2020-05-09,Amador,005,37829,9,8,0,8,0
2020-05-09,Butte,007,227075,32,18,3,21,0
2020-05-09,Calaveras,009,45235,13,13,0,13,0
2020-05-09,Colusa,011,21464,3,3,0,3,0
2020-05-09,Contra Costa,013,1133247,1174,1039,0,1039,31
2020-05-09,Del Norte,015,27424,7,3,0,3,0
2020-05-09,El Dorado,017,186661,73,54,0,54,0
2020-05-09,Fresno,019,978130,1711,861,26,887,8
2020-05-09,Glenn,021,27897,9,6,0,6,0
2020-05-09,Humboldt,023,135768,71,55,0,55,0
2020-05-09,Imperial,025,180216,1026,474,0,474,7
2020-05-09,Inyo,027,18085,19,20,0,20,1
2020-05-09,Kern,029,883053,1615,1262,1,1263,15
2020-05-09,Kings,031,150075,396,264,0,264,1
2020-05-09,Lake,033,64148,12,7,0,7,0
2020-05-09,Lassen,035,31185,4,0,2,2,0
2020-05-09,Los Angeles,037,10098052,38978,31268,20,31288,1499
2020-05-09,Madera,039,155013,126,61,1,62,2
2020-05-09,Marin,041,260295,284,261,1,262,14
2020-05-09,Mariposa,043,17540,15,15,0,15,0
2020-05-09,Mendocino,045,87422,12,10,0,10,0
2020-05-09,Merced,047,269075,249,153,0,153,3
2020-05-09,Modoc,049,8938,0,0,0,0,0
2020-05-09,Mono,051,14174,35,27,0,27,1
2020-05-09,Monterey,053,433212,352,273,0,273,6
2020-05-09,Napa,055,140530,87,78,0,78,2
2020-05-09,Nevada,057,99092,41,41,1,42,1
2020-05-09,Orange,059,3164182,5296,3506,38,3544,75
2020-05-09,Placer,061,380077,189,168,0,168,8
2020-05-09,Plumas,063,18699,4,4,0,4,0
2020-05-09,Riverside,065,2383286,5853,4871,17,4888,183
2020-05-09,Sacramento,067,1510023,1203,1150,0,1150,52
2020-05-09,San Benito,069,59416,58,52,0,52,2
2020-05-09,San Bernardino,071,2135413,3522,2825,3,2828,121
2020-05-09,San Diego,073,3302833,5789,4778,0,4778,175
2020-05-09,San Francisco,075,870044,2128,1944,0,1944,34
2020-05-09,San Joaquin,077,732212,684,605,3,608,28
2020-05-09,San Luis Obispo,079,281455,303,213,3,216,1
2020-05-09,San Mateo,081,765935,1749,1453,2,1455,65
2020-05-09,Santa Barbara,083,443738,1472,1245,7,1252,10
2020-05-09,Santa Clara,085,1922200,2894,2317,10,2327,128
2020-05-09,Santa Cruz,087,273765,159,138,0,138,2
2020-05-09,Shasta,089,179085,47,31,0,31,4
2020-05-09,Sierra,091,2930,0,0,0,0,0
2020-05-09,Siskiyou,093,43540,5,5,0,5,0
2020-05-09,Solano,095,438530,423,321,0,321,4
2020-05-09,Sonoma,097,501317,364,288,0,288,3
2020-05-09,Stanislaus,099,539301,571,491,4,495,12
2020-05-09,Sutter,101,95872,37,31,0,31,2
2020-05-09,Tehama,103,63373,2,1,0,1,1
2020-05-09,Trinity,105,12862,2,1,0,1,0
2020-05-09,Tulare,107,460477,1700,1083,7,1090,47
2020-05-09,Tuolumne,109,53932,3,2,0,2,0
2020-05-09,Ventura,111,848112,924,679,2,681,19
2020-05-09,Yolo,113,214977,196,172,0,172,18
2020-05-09,Yuba,115,75493,23,17,0,17,1
2020-05-08,Alameda,001,1643700,2375,1955,3,1958,70
2020-05-08,Alpine,003,1148,1,1,0,1,0
2020-05-08,Amador,005,37829,9,8,0,8,0
2020-05-08,Butte,007,227075,32,18,3,21,0
2020-05-08,Calaveras,009,45235,13,13,0,13,0
2020-05-08,Colusa,011,21464,3,3,0,3,0
2020-05-08,Contra Costa,013,1133247,1162,1024,0,1024,29
2020-05-08,Del Norte,015,27424,7,3,0,3,0
2020-05-08,El Dorado,017,186661,72,54,0,54,0
2020-05-08,Fresno,019,978130,1669,838,24,862,8
2020-05-08,Glenn,021,27897,8,6,0,6,0
2020-05-08,Humboldt,023,135768,68,54,0,54,0
2020-05-08,Imperial,025,180216,981,467,0,467,7
2020-05-08,Inyo,027,18085,19,20,0,20,1
2020-05-08,Kern,029,883053,1584,1214,1,1215,13
2020-05-08,Kings,031,150075,387,236,0,236,1
2020-05-08,Lake,033,64148,12,7,0,7,0
2020-05-08,Lassen,035,31185,4,0,2,2,0
2020-05-08,Los Angeles,037,10098052,38244,30357,20,30377,1447
2020-05-08,Madera,039,155013,123,57,1,58,2
2020-05-08,Marin,041,260295,284,257,1,258,14
2020-05-08,Mariposa,043,17540,15,15,0,15,0
2020-05-08,Mendocino,045,87422,12,10,0,10,0
2020-05-08,Merced,047,269075,248,151,0,151,3
2020-05-08,Modoc,049,8938,0,0,0,0,0
2020-05-08,Mono,051,14174,32,27,0,27,1
2020-05-08,Monterey,053,433212,344,265,0,265,6
2020-05-08,Napa,055,140530,86,78,0,78,2
2020-05-08,Nevada,057,99092,41,41,1,42,1
2020-05-08,Orange,059,3164182,5149,3395,38,3433,72
2020-05-08,Placer,061,380077,187,166,0,166,8
2020-05-08,Plumas,063,18699,4,4,0,4,0
2020-05-08,Riverside,065,2383286,5753,4672,16,4688,181
2020-05-08,Sacramento,067,1510023,1198,1145,0,1145,51
2020-05-08,San Benito,069,59416,58,51,0,51,2
2020-05-08,San Bernardino,071,2135413,3474,2631,3,2634,119
2020-05-08,San Diego,073,3302833,5682,4664,0,4664,169
2020-05-08,San Francisco,075,870044,2110,1890,0,1890,33
2020-05-08,San Joaquin,077,732212,677,595,3,598,28
2020-05-08,San Luis Obispo,079,281455,300,210,3,213,1
2020-05-08,San Mateo,081,765935,1664,1423,2,1425,62
2020-05-08,Santa Barbara,083,443738,1463,1054,5,1059,8
2020-05-08,Santa Clara,085,1922200,2871,2285,10,2295,128
2020-05-08,Santa Cruz,087,273765,155,137,0,137,2
2020-05-08,Shasta,089,179085,47,31,0,31,4
2020-05-08,Sierra,091,2930,0,0,0,0,0
2020-05-08,Siskiyou,093,43540,5,5,0,5,0
2020-05-08,Solano,095,438530,418,314,0,314,4
2020-05-08,Sonoma,097,501317,359,285,0,285,3
2020-05-08,Stanislaus,099,539301,557,487,4,491,12
2020-05-08,Sutter,101,95872,37,30,0,30,2
2020-05-08,Tehama,103,63373,2,1,0,1,1
2020-05-08,Trinity,105,12862,2,0,0,0,0
2020-05-08,Tulare,107,460477,1655,1050,6,1056,43
2020-05-08,Tuolumne,109,53932,3,2,0,2,0
2020-05-08,Ventura,111,848112,906,665,2,667,19
2020-05-08,Yolo,113,214977,195,172,0,172,18
2020-05-08,Yuba,115,75493,22,16,0,16,1
2020-05-07,Alameda,001,1643700,2315,1914,3,1917,68
2020-05-07,Alpine,003,1148,1,1,0,1,0
2020-05-07,Amador,005,37829,9,8,0,8,0
2020-05-07,Butte,007,227075,32,19,3,22,0
2020-05-07,Calaveras,009,45235,13,13,0,13,0
2020-05-07,Colusa,011,21464,3,3,0,3,0
2020-05-07,Contra Costa,013,1133247,1148,1005,0,1005,29
2020-05-07,Del Norte,015,27424,6,3,0,3,0
2020-05-07,El Dorado,017,186661,71,54,0,54,0
2020-05-07,Fresno,019,978130,1583,812,23,835,8
2020-05-07,Glenn,021,27897,8,5,0,5,0
2020-05-07,Humboldt,023,135768,67,54,0,54,0
2020-05-07,Imperial,025,180216,918,442,0,442,6
2020-05-07,Inyo,027,18085,19,20,0,20,1
2020-05-07,Kern,029,883053,1540,1176,1,1177,13
2020-05-07,Kings,031,150075,364,219,0,219,1
2020-05-07,Lake,033,64148,11,7,0,7,0
2020-05-07,Lassen,035,31185,4,0,2,2,0
2020-05-07,Los Angeles,037,10098052,37123,29544,20,29564,1399
2020-05-07,Madera,039,155013,119,54,1,55,2
2020-05-07,Marin,041,260295,277,252,1,253,14
2020-05-07,Mariposa,043,17540,15,15,0,15,0
2020-05-07,Mendocino,045,87422,12,10,0,10,0
2020-05-07,Merced,047,269075,236,146,0,146,3
2020-05-07,Modoc,049,8938,0,0,0,0,0
2020-05-07,Mono,051,14174,32,26,0,26,1
2020-05-07,Monterey,053,433212,336,249,0,249,6
2020-05-07,Napa,055,140530,86,78,0,78,2
2020-05-07,Nevada,057,99092,41,41,1,42,1
2020-05-07,Orange,059,3164182,4964,3283,37,3320,69
2020-05-07,Placer,061,380077,187,165,0,165,8
2020-05-07,Plumas,063,18699,4,4,0,4,0
2020-05-07,Riverside,065,2383286,5637,4608,16,4624,170
2020-05-07,Sacramento,067,1510023,1192,1139,0,1139,50
2020-05-07,San Benito,069,59416,58,50,0,50,2
2020-05-07,San Bernardino,071,2135413,3382,2522,3,2525,115
2020-05-07,San Diego,073,3302833,5525,4431,0,4431,165
2020-05-07,San Francisco,075,870044,2079,1852,0,1852,33
2020-05-07,San Joaquin,077,732212,664,583,3,586,28
2020-05-07,San Luis Obispo,079,281455,289,209,3,212,1
2020-05-07,San Mateo,081,765935,1642,1398,2,1400,58
2020-05-07,Santa Barbara,083,443738,1436,720,4,724,8
2020-05-07,Santa Clara,085,1922200,2833,2281,10,2291,127
2020-05-07,Santa Cruz,087,273765,152,136,0,136,2
2020-05-07,Shasta,089,179085,46,31,0,31,4
2020-05-07,Sierra,091,2930,0,0,0,0,0
2020-05-07,Siskiyou,093,43540,5,5,0,5,0
2020-05-07,Solano,095,438530,412,307,0,307,4
2020-05-07,Sonoma,097,501317,347,282,0,282,3
2020-05-07,Stanislaus,099,539301,548,466,4,470,10
2020-05-07,Sutter,101,95872,37,29,0,29,2
2020-05-07,Tehama,103,63373,2,1,0,1,1
2020-05-07,Trinity,105,12862,2,0,0,0,0
2020-05-07,Tulare,107,460477,1587,1001,6,1007,41
2020-05-07,Tuolumne,109,53932,3,2,0,2,0
2020-05-07,Ventura,111,848112,882,647,1,648,19
2020-05-07,Yolo,113,214977,194,172,0,172,18
2020-05-07,Yuba,115,75493,22,16,0,16,1
2020-05-06,Alameda,001,1643700,2277,1864,3,1867,67
2020-05-06,Alpine,003,1148,1,1,0,1,0
2020-05-06,Amador,005,37829,9,8,0,8,0
2020-05-06,Butte,007,227075,31,19,3,22,0
2020-05-06,Calaveras,009,45235,13,13,0,13,0
2020-05-06,Colusa,011,21464,3,3,0,3,0
2020-05-06,Contra Costa,013,1133247,1127,990,0,990,29
2020-05-06,Del Norte,015,27424,6,3,0,3,0
2020-05-06,El Dorado,017,186661,69,53,0,53,0
2020-05-06,Fresno,019,978130,1520,773,21,794,8
2020-05-06,Glenn,021,27897,8,3,0,3,0
2020-05-06,Humboldt,023,135768,66,54,0,54,0
2020-05-06,Imperial,025,180216,850,399,0,399,6
2020-05-06,Inyo,027,18085,19,20,0,20,1
2020-05-06,Kern,029,883053,1484,1112,1,1113,12
2020-05-06,Kings,031,150075,346,208,0,208,1
2020-05-06,Lake,033,64148,11,7,0,7,0
2020-05-06,Lassen,035,31185,4,0,2,2,0
2020-05-06,Los Angeles,037,10098052,36118,28687,20,28707,1347
2020-05-06,Madera,039,155013,117,55,1,56,2
2020-05-06,Marin,041,260295,270,244,1,245,14
2020-05-06,Mariposa,043,17540,15,14,0,14,0
2020-05-06,Mendocino,045,87422,12,10,0,10,0
2020-05-06,Merced,047,269075,229,140,0,140,3
2020-05-06,Modoc,049,8938,0,0,0,0,0
2020-05-06,Mono,051,14174,32,26,0,26,1
2020-05-06,Monterey,053,433212,328,246,0,246,6
2020-05-06,Napa,055,140530,85,78,0,78,2
2020-05-06,Nevada,057,99092,41,41,1,42,1
2020-05-06,Orange,059,3164182,4780,3156,36,3192,66
2020-05-06,Placer,061,380077,184,164,0,164,8
2020-05-06,Plumas,063,18699,4,4,0,4,0
2020-05-06,Riverside,065,2383286,5493,4535,16,4551,163
2020-05-06,Sacramento,067,1510023,1186,1135,0,1135,49
2020-05-06,San Benito,069,59416,57,50,0,50,2
2020-05-06,San Bernardino,071,2135413,3260,2426,2,2428,110
2020-05-06,San Diego,073,3302833,5392,4321,0,4321,158
2020-05-06,San Francisco,075,870044,2054,1804,0,1804,32
2020-05-06,San Joaquin,077,732212,651,581,3,584,28
2020-05-06,San Luis Obispo,079,281455,285,207,3,210,1
2020-05-06,San Mateo,081,765935,1611,1348,2,1350,57
2020-05-06,Santa Barbara,083,443738,1395,565,3,568,8
2020-05-06,Santa Clara,085,1922200,2816,2270,9,2279,127
2020-05-06,Santa Cruz,087,273765,149,135,0,135,2
2020-05-06,Shasta,089,179085,45,31,0,31,4
2020-05-06,Sierra,091,2930,0,0,0,0,0
2020-05-06,Siskiyou,093,43540,5,5,0,5,0
2020-05-06,Solano,095,438530,402,300,0,300,4
2020-05-06,Sonoma,097,501317,331,269,0,269,3
2020-05-06,Stanislaus,099,539301,532,434,4,438,9
2020-05-06,Sutter,101,95872,37,29,0,29,2
2020-05-06,Tehama,103,63373,2,1,0,1,1
2020-05-06,Trinity,105,12862,2,0,0,0,0
2020-05-06,Tulare,107,460477,1539,963,6,969,40
2020-05-06,Tuolumne,109,53932,3,2,0,2,0
2020-05-06,Ventura,111,848112,855,619,1,620,19
2020-05-06,Yolo,113,214977,193,172,0,172,18
2020-05-06,Yuba,115,75493,22,15,0,15,1
2020-05-05,Alameda,001,1643700,2234,1819,3,1822,67
2020-05-05,Alpine,003,1148,1,1,0,1,0
2020-05-05,Amador,005,37829,9,8,0,8,0
2020-05-05,Butte,007,227075,30,19,3,22,0
2020-05-05,Calaveras,009,45235,13,13,0,13,0
2020-05-05,Colusa,011,21464,3,3,0,3,0
2020-05-05,Contra Costa,013,1133247,1109,976,0,976,29
2020-05-05,Del Norte,015,27424,6,3,0,3,0
2020-05-05,El Dorado,017,186661,67,54,0,54,0
2020-05-05,Fresno,019,978130,1447,726,19,745,8
2020-05-05,Glenn,021,27897,8,3,0,3,0
2020-05-05,Humboldt,023,135768,63,54,0,54,0
2020-05-05,Imperial,025,180216,795,389,0,389,6
2020-05-05,Inyo,027,18085,19,20,0,20,1
2020-05-05,Kern,029,883053,1432,1084,1,1085,11
2020-05-05,Kings,031,150075,328,187,0,187,1
2020-05-05,Lake,033,64148,10,7,0,7,0
2020-05-05,Lassen,035,31185,4,0,2,2,0
2020-05-05,Los Angeles,037,10098052,35051,27867,20,27887,1289
2020-05-05,Madera,039,155013,113,53,1,54,2
2020-05-05,Marin,041,260295,264,244,1,245,14
2020-05-05,Mariposa,043,17540,15,14,0,14,0
2020-05-05,Mendocino,045,87422,12,10,0,10,0
2020-05-05,Merced,047,269075,224,141,0,141,3
2020-05-05,Modoc,049,8938,0,0,0,0,0
2020-05-05,Mono,051,14174,32,25,0,25,1
2020-05-05,Monterey,053,433212,314,240,0,240,6
2020-05-05,Napa,055,140530,85,74,0,74,2
2020-05-05,Nevada,057,99092,41,41,1,42,1
2020-05-05,Orange,059,3164182,4656,3041,36,3077,63
2020-05-05,Placer,061,380077,184,162,0,162,8
2020-05-05,Plumas,063,18699,4,4,0,4,0
2020-05-05,Riverside,065,2383286,5383,4309,16,4325,161
2020-05-05,Sacramento,067,1510023,1179,1125,0,1125,48
2020-05-05,San Benito,069,59416,56,50,0,50,2
2020-05-05,San Bernardino,071,2135413,3167,2345,2,2347,104
2020-05-05,San Diego,073,3302833,5249,4162,0,4162,150
2020-05-05,San Francisco,075,870044,2019,1779,0,1779,31
2020-05-05,San Joaquin,077,732212,642,577,3,580,26
2020-05-05,San Luis Obispo,079,281455,283,203,3,206,1
2020-05-05,San Mateo,081,765935,1579,1335,2,1337,56
2020-05-05,Santa Barbara,083,443738,1174,541,3,544,7
2020-05-05,Santa Clara,085,1922200,2770,2249,8,2257,124
2020-05-05,Santa Cruz,087,273765,146,134,0,134,2
2020-05-05,Shasta,089,179085,44,31,0,31,4
2020-05-05,Sierra,091,2930,0,0,0,0,0
2020-05-05,Siskiyou,093,43540,5,5,0,5,0
2020-05-05,Solano,095,438530,386,299,0,299,4
2020-05-05,Sonoma,097,501317,328,263,0,263,3
2020-05-05,Stanislaus,099,539301,520,430,4,434,9
2020-05-05,Sutter,101,95872,36,29,0,29,2
2020-05-05,Tehama,103,63373,2,1,0,1,1
2020-05-05,Trinity,105,12862,2,0,0,0,0
2020-05-05,Tulare,107,460477,1441,869,6,875,40
2020-05-05,Tuolumne,109,53932,3,2,0,2,0
2020-05-05,Ventura,111,848112,831,607,1,608,19
2020-05-05,Yolo,113,214977,191,171,0,171,18
2020-05-05,Yuba,115,75493,22,15,0,15,1
2020-05-04,Alameda,001,1643700,2176,1762,2,1764,65
2020-05-04,Alpine,003,1148,1,1,0,1,0
2020-05-04,Amador,005,37829,8,8,0,8,0
2020-05-04,Butte,007,227075,29,16,2,18,0
2020-05-04,Calaveras,009,45235,13,13,0,13,0
2020-05-04,Colusa,011,21464,3,3,0,3,0
2020-05-04,Contra Costa,013,1133247,1091,949,0,949,28
2020-05-04,Del Norte,015,27424,5,3,0,3,0
2020-05-04,El Dorado,017,186661,66,51,0,51,0
2020-05-04,Fresno,019,978130,1377,680,18,698,8
2020-05-04,Glenn,021,27897,8,4,0,4,0
2020-05-04,Humboldt,023,135768,61,54,0,54,0
2020-05-04,Imperial,025,180216,744,351,0,351,6
2020-05-04,Inyo,027,18085,19,20,0,20,1
2020-05-04,Kern,029,883053,1390,1047,1,1048,8
2020-05-04,Kings,031,150075,311,153,0,153,1
2020-05-04,Lake,033,64148,9,7,0,7,0
2020-05-04,Lassen,035,31185,3,0,2,2,0
2020-05-04,Los Angeles,037,10098052,33767,26243,18,26261,1235
2020-05-04,Madera,039,155013,110,52,1,53,2
2020-05-04,Marin,041,260295,259,244,1,245,13
2020-05-04,Mariposa,043,17540,15,13,0,13,0
2020-05-04,Mendocino,045,87422,12,10,0,10,0
2020-05-04,Merced,047,269075,224,138,0,138,3
2020-05-04,Modoc,049,8938,0,0,0,0,0
2020-05-04,Mono,051,14174,32,25,0,25,1
2020-05-04,Monterey,053,433212,303,237,0,237,6
2020-05-04,Napa,055,140530,85,72,0,72,2
2020-05-04,Nevada,057,99092,41,41,1,42,1
2020-05-04,Orange,059,3164182,4518,2931,33,2964,57
2020-05-04,Placer,061,380077,182,162,0,162,8
2020-05-04,Plumas,063,18699,4,4,0,4,0
2020-05-04,Riverside,065,2383286,5289,4221,16,4237,147
2020-05-04,Sacramento,067,1510023,1169,1119,0,1119,44
2020-05-04,San Benito,069,59416,54,49,0,49,2
2020-05-04,San Bernardino,071,2135413,3027,2184,2,2186,99
2020-05-04,San Diego,073,3302833,5108,4022,0,4022,144
2020-05-04,San Francisco,075,870044,1981,1760,0,1760,31
2020-05-04,San Joaquin,077,732212,628,574,3,577,26
2020-05-04,San Luis Obispo,079,281455,280,202,3,205,1
2020-05-04,San Mateo,081,765935,1554,1313,2,1315,53
2020-05-04,Santa Barbara,083,443738,927,524,3,527,7
2020-05-04,Santa Clara,085,1922200,2755,2238,8,2246,119
2020-05-04,Santa Cruz,087,273765,145,133,0,133,2
2020-05-04,Shasta,089,179085,42,31,0,31,4
2020-05-04,Sierra,091,2930,0,0,0,0,0
2020-05-04,Siskiyou,093,43540,5,5,0,5,0
2020-05-04,Solano,095,438530,372,293,0,293,4
2020-05-04,Sonoma,097,501317,314,256,0,256,4
2020-05-04,Stanislaus,099,539301,514,422,4,426,8
2020-05-04,Sutter,101,95872,33,28,0,28,2
2020-05-04,Tehama,103,63373,2,1,0,1,1
2020-05-04,Trinity,105,12862,1,0,0,0,0
2020-05-04,Tulare,107,460477,1362,760,6,766,40
2020-05-04,Tuolumne,109,53932,3,3,0,3,0
2020-05-04,Ventura,111,848112,810,590,1,591,19
2020-05-04,Yolo,113,214977,190,171,0,171,18
2020-05-04,Yuba,115,75493,19,16,0,16,1
2020-05-03,Alameda,001,1643700,2118,1731,2,1733,64
2020-05-03,Alpine,003,1148,1,1,0,1,0
2020-05-03,Amador,005,37829,8,8,0,8,0
2020-05-03,Butte,007,227075,29,17,2,19,0
2020-05-03,Calaveras,009,45235,13,13,0,13,0
2020-05-03,Colusa,011,21464,3,3,0,3,0
2020-05-03,Contra Costa,013,1133247,1075,945,0,945,28
2020-05-03,Del Norte,015,27424,5,3,0,3,0
2020-05-03,El Dorado,017,186661,64,49,0,49,0
2020-05-03,Fresno,019,978130,1284,646,15,661,8
2020-05-03,Glenn,021,27897,7,5,0,5,0
2020-05-03,Humboldt,023,135768,60,54,0,54,0
2020-05-03,Imperial,025,180216,688,351,0,351,6
2020-05-03,Inyo,027,18085,19,20,0,20,1
2020-05-03,Kern,029,883053,1335,1025,1,1026,8
2020-05-03,Kings,031,150075,291,137,0,137,1
2020-05-03,Lake,033,64148,9,7,0,7,0
2020-05-03,Lassen,035,31185,3,0,2,2,0
2020-05-03,Los Angeles,037,10098052,32810,25708,17,25725,1210
2020-05-03,Madera,039,155013,103,46,1,47,2
2020-05-03,Marin,041,260295,254,243,1,244,13
2020-05-03,Mariposa,043,17540,15,13,0,13,0
2020-05-03,Mendocino,045,87422,12,10,0,10,0
2020-05-03,Merced,047,269075,217,134,0,134,3
2020-05-03,Modoc,049,8938,0,0,0,0,0
2020-05-03,Mono,051,14174,32,25,0,25,1
2020-05-03,Monterey,053,433212,294,235,0,235,6
2020-05-03,Napa,055,140530,85,72,0,72,2
2020-05-03,Nevada,057,99092,41,41,1,42,1
2020-05-03,Orange,059,3164182,4344,2859,32,2891,55
2020-05-03,Placer,061,380077,182,161,0,161,8
2020-05-03,Plumas,063,18699,4,4,0,4,0
2020-05-03,Riverside,065,2383286,5184,4034,16,4050,139
2020-05-03,Sacramento,067,1510023,1160,1109,0,1109,43
2020-05-03,San Benito,069,59416,54,49,0,49,2
2020-05-03,San Bernardino,071,2135413,2967,2123,2,2125,99
2020-05-03,San Diego,073,3302833,4971,3929,0,3929,142
2020-05-03,San Francisco,075,870044,1952,1692,0,1692,30
2020-05-03,San Joaquin,077,732212,621,570,3,573,26
2020-05-03,San Luis Obispo,079,281455,277,200,3,203,1
2020-05-03,San Mateo,081,765935,1526,1277,2,1279,53
2020-05-03,Santa Barbara,083,443738,568,512,3,515,7
2020-05-03,Santa Clara,085,1922200,2718,2235,8,2243,116
2020-05-03,Santa Cruz,087,273765,145,133,0,133,2
2020-05-03,Shasta,089,179085,40,31,0,31,4
2020-05-03,Sierra,091,2930,0,0,0,0,0
2020-05-03,Siskiyou,093,43540,5,5,0,5,0
2020-05-03,Solano,095,438530,362,266,0,266,4
2020-05-03,Sonoma,097,501317,305,254,0,254,4
2020-05-03,Stanislaus,099,539301,486,411,4,415,8
2020-05-03,Sutter,101,95872,31,28,0,28,2
2020-05-03,Tehama,103,63373,2,1,0,1,1
2020-05-03,Trinity,105,12862,1,0,0,0,0
2020-05-03,Tulare,107,460477,1283,736,6,742,40
2020-05-03,Tuolumne,109,53932,3,3,0,3,0
2020-05-03,Ventura,111,848112,776,583,1,584,19
2020-05-03,Yolo,113,214977,189,171,0,171,18
2020-05-03,Yuba,115,75493,19,16,0,16,1
2020-05-02,Alameda,001,1643700,2081,1678,2,1680,63
2020-05-02,Alpine,003,1148,1,1,0,1,0
2020-05-02,Amador,005,37829,8,8,0,8,0
2020-05-02,Butte,007,227075,29,17,2,19,0
2020-05-02,Calaveras,009,45235,13,13,0,13,0
2020-05-02,Colusa,011,21464,3,3,0,3,0
2020-05-02,Contra Costa,013,1133247,1057,929,0,929,28
2020-05-02,Del Norte,015,27424,5,3,0,3,0
2020-05-02,El Dorado,017,186661,64,47,0,47,0
2020-05-02,Fresno,019,978130,1259,629,14,643,8
2020-05-02,Glenn,021,27897,7,5,0,5,0
2020-05-02,Humboldt,023,135768,60,54,0,54,0
2020-05-02,Imperial,025,180216,661,345,0,345,6
2020-05-02,Inyo,027,18085,19,20,0,20,1
2020-05-02,Kern,029,883053,1309,1007,1,1008,8
2020-05-02,Kings,031,150075,288,120,0,120,1
2020-05-02,Lake,033,64148,9,7,0,7,0
2020-05-02,Lassen,035,31185,3,0,2,2,0
2020-05-02,Los Angeles,037,10098052,32280,24955,17,24972,1192
2020-05-02,Madera,039,155013,103,46,1,47,2
2020-05-02,Marin,041,260295,253,243,1,244,13
2020-05-02,Mariposa,043,17540,15,13,0,13,0
2020-05-02,Mendocino,045,87422,12,10,0,10,0
2020-05-02,Merced,047,269075,212,131,0,131,3
2020-05-02,Modoc,049,8938,0,0,0,0,0
2020-05-02,Mono,051,14174,32,25,0,25,1
2020-05-02,Monterey,053,433212,288,225,0,225,5
2020-05-02,Napa,055,140530,85,71,0,71,2
2020-05-02,Nevada,057,99092,41,41,1,42,1
2020-05-02,Orange,059,3164182,4230,2774,32,2806,52
2020-05-02,Placer,061,380077,180,150,0,150,8
2020-05-02,Plumas,063,18699,4,4,0,4,0
2020-05-02,Riverside,065,2383286,5118,3997,16,4013,137
2020-05-02,Sacramento,067,1510023,1157,1097,0,1097,43
2020-05-02,San Benito,069,59416,54,49,0,49,2
2020-05-02,San Bernardino,071,2135413,2928,2124,2,2126,99
2020-05-02,San Diego,073,3302833,4869,3844,0,3844,138
2020-05-02,San Francisco,075,870044,1929,1632,0,1632,29
2020-05-02,San Joaquin,077,732212,613,559,3,562,25
2020-05-02,San Luis Obispo,079,281455,271,193,3,196,1
2020-05-02,San Mateo,081,765935,1510,1272,2,1274,52
2020-05-02,Santa Barbara,083,443738,560,506,3,509,7
2020-05-02,Santa Clara,085,1922200,2708,2203,8,2211,115
2020-05-02,Santa Cruz,087,273765,144,131,0,131,2
2020-05-02,Shasta,089,179085,40,31,0,31,4
2020-05-02,Sierra,091,2930,0,0,0,0,0
2020-05-02,Siskiyou,093,43540,5,5,0,5,0
2020-05-02,Solano,095,438530,355,267,0,267,4
2020-05-02,Sonoma,097,501317,302,250,0,250,3
2020-05-02,Stanislaus,099,539301,478,388,4,392,8
2020-05-02,Sutter,101,95872,31,28,0,28,2
2020-05-02,Tehama,103,63373,2,1,0,1,1
2020-05-02,Trinity,105,12862,1,0,0,0,0
2020-05-02,Tulare,107,460477,1240,711,6,717,35
2020-05-02,Tuolumne,109,53932,3,3,0,3,0
2020-05-02,Ventura,111,848112,762,564,1,565,19
2020-05-02,Yolo,113,214977,189,169,0,169,17
2020-05-02,Yuba,115,75493,19,16,0,16,1
2020-05-01,Alameda,001,1643700,2043,1630,2,1632,63
2020-05-01,Alpine,003,1148,1,1,0,1,0
2020-05-01,Amador,005,37829,8,8,0,8,0
2020-05-01,Butte,007,227075,29,17,2,19,0
2020-05-01,Calaveras,009,45235,13,13,0,13,0
2020-05-01,Colusa,011,21464,3,3,0,3,0
2020-05-01,Contra Costa,013,1133247,1043,915,0,915,28
2020-05-01,Del Norte,015,27424,5,3,0,3,0
2020-05-01,El Dorado,017,186661,64,47,0,47,0
2020-05-01,Fresno,019,978130,1228,617,14,631,7
2020-05-01,Glenn,021,27897,7,4,0,4,0
2020-05-01,Humboldt,023,135768,60,54,0,54,0
2020-05-01,Imperial,025,180216,624,337,0,337,6
2020-05-01,Inyo,027,18085,19,20,0,20,1
2020-05-01,Kern,029,883053,1282,972,1,973,8
2020-05-01,Kings,031,150075,271,112,0,112,1
2020-05-01,Lake,033,64148,9,6,0,6,0
2020-05-01,Lassen,035,31185,3,0,2,2,0
2020-05-01,Los Angeles,037,10098052,31523,24306,17,24323,1155
2020-05-01,Madera,039,155013,99,46,1,47,2
2020-05-01,Marin,041,260295,253,242,1,243,13
2020-05-01,Mariposa,043,17540,15,10,0,10,0
2020-05-01,Mendocino,045,87422,12,11,0,11,0
2020-05-01,Merced,047,269075,209,131,0,131,3
2020-05-01,Modoc,049,8938,0,0,0,0,0
2020-05-01,Mono,051,14174,32,25,0,25,1
2020-05-01,Monterey,053,433212,284,222,0,222,5
2020-05-01,Napa,055,140530,85,69,0,69,2
2020-05-01,Nevada,057,99092,41,41,1,42,1
2020-05-01,Orange,059,3164182,4153,2660,30,2690,51
2020-05-01,Placer,061,380077,179,149,0,149,8
2020-05-01,Plumas,063,18699,4,4,0,4,0
2020-05-01,Riverside,065,2383286,5054,3893,16,3909,132
2020-05-01,Sacramento,067,1510023,1152,1081,0,1081,43
2020-05-01,San Benito,069,59416,54,49,0,49,2
2020-05-01,San Bernardino,071,2135413,2873,2084,2,2086,98
2020-05-01,San Diego,073,3302833,4778,3713,0,3713,134
2020-05-01,San Francisco,075,870044,1885,1552,0,1552,29
2020-05-01,San Joaquin,077,732212,609,554,3,557,25
2020-05-01,San Luis Obispo,079,281455,268,186,3,189,1
2020-05-01,San Mateo,081,765935,1488,1222,2,1224,52
2020-05-01,Santa Barbara,083,443738,554,499,2,501,7
2020-05-01,Santa Clara,085,1922200,2696,2176,8,2184,112
2020-05-01,Santa Cruz,087,273765,144,127,0,127,2
2020-05-01,Shasta,089,179085,40,31,0,31,4
2020-05-01,Sierra,091,2930,0,0,0,0,0
2020-05-01,Siskiyou,093,43540,5,5,0,5,0
2020-05-01,Solano,095,438530,347,266,0,266,4
2020-05-01,Sonoma,097,501317,299,242,0,242,3
2020-05-01,Stanislaus,099,539301,473,384,4,388,8
2020-05-01,Sutter,101,95872,31,28,0,28,2
2020-05-01,Tehama,103,63373,2,1,0,1,1
2020-05-01,Trinity,105,12862,1,0,0,0,0
2020-05-01,Tulare,107,460477,1196,685,6,691,32
2020-05-01,Tuolumne,109,53932,3,3,0,3,0
2020-05-01,Ventura,111,848112,749,556,1,557,18
2020-05-01,Yolo,113,214977,189,165,0,165,18
2020-05-01,Yuba,115,75493,19,16,0,16,1
2020-04-30,Alameda,001,1643700,1983,1599,2,1601,60
2020-04-30,Alpine,003,1148,1,1,0,1,0
2020-04-30,Amador,005,37829,8,8,0,8,0
2020-04-30,Butte,007,227075,29,16,2,18,0
2020-04-30,Calaveras,009,45235,13,13,0,13,0
2020-04-30,Colusa,011,21464,3,3,0,3,0
2020-04-30,Contra Costa,013,1133247,1021,900,0,900,25
2020-04-30,Del Norte,015,27424,4,3,0,3,0
2020-04-30,El Dorado,017,186661,64,44,0,44,0
2020-04-30,Fresno,019,978130,1163,562,11,573,7
2020-04-30,Glenn,021,27897,7,4,0,4,0
2020-04-30,Humboldt,023,135768,60,54,0,54,0
2020-04-30,Imperial,025,180216,578,322,0,322,6
2020-04-30,Inyo,027,18085,19,20,0,20,1
2020-04-30,Kern,029,883053,1250,941,1,942,8
2020-04-30,Kings,031,150075,259,87,0,87,1
2020-04-30,Lake,033,64148,9,6,0,6,0
2020-04-30,Lassen,035,31185,3,0,2,2,0
2020-04-30,Los Angeles,037,10098052,30514,23284,17,23301,1099
2020-04-30,Madera,039,155013,88,46,1,47,2
2020-04-30,Marin,041,260295,253,240,1,241,13
2020-04-30,Mariposa,043,17540,15,3,0,3,0
2020-04-30,Mendocino,045,87422,12,11,0,11,0
2020-04-30,Merced,047,269075,202,122,0,122,3
2020-04-30,Modoc,049,8938,0,0,0,0,0
2020-04-30,Mono,051,14174,31,25,0,25,1
2020-04-30,Monterey,053,433212,274,213,0,213,5
2020-04-30,Napa,055,140530,83,69,0,69,2
2020-04-30,Nevada,057,99092,41,41,1,42,1
2020-04-30,Orange,059,3164182,3931,2591,27,2618,46
2020-04-30,Placer,061,380077,178,148,0,148,8
2020-04-30,Plumas,063,18699,4,4,0,4,0
2020-04-30,Riverside,065,2383286,4954,3820,15,3835,124
2020-04-30,Sacramento,067,1510023,1146,1071,0,1071,43
2020-04-30,San Benito,069,59416,54,48,0,48,2
2020-04-30,San Bernardino,071,2135413,2671,2020,2,2022,96
2020-04-30,San Diego,073,3302833,4607,3566,0,3566,124
2020-04-30,San Francisco,075,870044,1851,1518,0,1518,26
2020-04-30,San Joaquin,077,732212,601,548,3,551,25
2020-04-30,San Luis Obispo,079,281455,265,182,3,185,1
2020-04-30,San Mateo,081,765935,1458,1194,2,1196,52
2020-04-30,Santa Barbara,083,443738,542,490,2,492,7
2020-04-30,Santa Clara,085,1922200,2656,2172,8,2180,111
2020-04-30,Santa Cruz,087,273765,143,126,0,126,2
2020-04-30,Shasta,089,179085,39,31,0,31,4
2020-04-30,Sierra,091,2930,0,0,0,0,0
2020-04-30,Siskiyou,093,43540,5,5,0,5,0
2020-04-30,Solano,095,438530,337,262,0,262,4
2020-04-30,Sonoma,097,501317,290,233,0,233,3
2020-04-30,Stanislaus,099,539301,466,378,4,382,7
2020-04-30,Sutter,101,95872,31,28,0,28,2
2020-04-30,Tehama,103,63373,1,1,0,1,1
2020-04-30,Trinity,105,12862,1,0,0,0,0
2020-04-30,Tulare,107,460477,1130,637,6,643,31
2020-04-30,Tuolumne,109,53932,3,3,0,3,0
2020-04-30,Ventura,111,848112,721,547,1,548,18
2020-04-30,Yolo,113,214977,188,164,0,164,16
2020-04-30,Yuba,115,75493,19,15,0,15,1
2020-04-29,Alameda,001,1643700,1925,1564,2,1566,60
2020-04-29,Alpine,003,1148,1,1,0,1,0
2020-04-29,Amador,005,37829,8,8,0,8,0
2020-04-29,Butte,007,227075,29,16,2,18,0
2020-04-29,Calaveras,009,45235,13,13,0,13,0
2020-04-29,Colusa,011,21464,3,3,0,3,0
2020-04-29,Contra Costa,013,1133247,1002,885,0,885,25
2020-04-29,Del Norte,015,27424,4,3,0,3,0
2020-04-29,El Dorado,017,186661,62,44,0,44,0
2020-04-29,Fresno,019,978130,1111,544,11,555,7
2020-04-29,Glenn,021,27897,7,4,0,4,0
2020-04-29,Humboldt,023,135768,60,53,0,53,0
2020-04-29,Imperial,025,180216,548,300,0,300,6
2020-04-29,Inyo,027,18085,19,20,0,20,1
2020-04-29,Kern,029,883053,1207,910,1,911,6
2020-04-29,Kings,031,150075,240,80,0,80,1
2020-04-29,Lake,033,64148,9,6,0,6,0
2020-04-29,Lassen,035,31185,3,0,2,2,0
2020-04-29,Los Angeles,037,10098052,29536,22560,16,22576,1043
2020-04-29,Madera,039,155013,86,45,1,46,2
2020-04-29,Marin,041,260295,250,234,1,235,13
2020-04-29,Mariposa,043,17540,15,1,0,1,0
2020-04-29,Mendocino,045,87422,12,11,0,11,0
2020-04-29,Merced,047,269075,195,116,0,116,3
2020-04-29,Modoc,049,8938,0,0,0,0,0
2020-04-29,Mono,051,14174,31,25,0,25,1
2020-04-29,Monterey,053,433212,266,204,0,204,5
2020-04-29,Napa,055,140530,81,68,0,68,2
2020-04-29,Nevada,057,99092,41,41,1,42,1
2020-04-29,Orange,059,3164182,3797,2421,26,2447,43
2020-04-29,Placer,061,380077,176,145,0,145,8
2020-04-29,Plumas,063,18699,4,4,0,4,0
2020-04-29,Riverside,065,2383286,4877,3700,15,3715,116
2020-04-29,Sacramento,067,1510023,1124,1055,0,1055,41
2020-04-29,San Benito,069,59416,54,48,0,48,2
2020-04-29,San Bernardino,071,2135413,2584,1975,1,1976,91
2020-04-29,San Diego,073,3302833,4465,3434,0,3434,120
2020-04-29,San Francisco,075,870044,1823,1489,0,1489,23
2020-04-29,San Joaquin,077,732212,593,540,3,543,25
2020-04-29,San Luis Obispo,079,281455,263,181,3,184,1
2020-04-29,San Mateo,081,765935,1432,1170,2,1172,50
2020-04-29,Santa Barbara,083,443738,529,477,2,479,7
2020-04-29,Santa Clara,085,1922200,2629,2147,8,2155,108
2020-04-29,Santa Cruz,087,273765,142,124,0,124,2
2020-04-29,Shasta,089,179085,38,31,0,31,4
2020-04-29,Sierra,091,2930,0,0,0,0,0
2020-04-29,Siskiyou,093,43540,5,5,0,5,0
2020-04-29,Solano,095,438530,313,252,0,252,3
2020-04-29,Sonoma,097,501317,282,230,0,230,2
2020-04-29,Stanislaus,099,539301,453,374,4,378,5
2020-04-29,Sutter,101,95872,31,28,0,28,2
2020-04-29,Tehama,103,63373,1,1,0,1,1
2020-04-29,Trinity,105,12862,1,0,0,0,0
2020-04-29,Tulare,107,460477,1057,615,5,620,30
2020-04-29,Tuolumne,109,53932,3,4,0,4,0
2020-04-29,Ventura,111,848112,697,530,1,531,18
2020-04-29,Yolo,113,214977,185,161,0,161,11
2020-04-29,Yuba,115,75493,19,15,0,15,1
2020-04-28,Alameda,001,1643700,1868,1525,2,1527,55
2020-04-28,Alpine,003,1148,1,1,0,1,0
2020-04-28,Amador,005,37829,8,8,0,8,0
2020-04-28,Butte,007,227075,29,16,2,18,0
2020-04-28,Calaveras,009,45235,13,13,0,13,0
2020-04-28,Colusa,011,21464,3,3,0,3,0
2020-04-28,Contra Costa,013,1133247,995,866,0,866,25
2020-04-28,Del Norte,015,27424,4,3,0,3,0
2020-04-28,El Dorado,017,186661,61,43,0,43,0
2020-04-28,Fresno,019,978130,1060,525,9,534,7
2020-04-28,Glenn,021,27897,5,4,0,4,0
2020-04-28,Humboldt,023,135768,59,53,0,53,0
2020-04-28,Imperial,025,180216,515,295,0,295,6
2020-04-28,Inyo,027,18085,19,20,0,20,1
2020-04-28,Kern,029,883053,1164,882,1,883,5
2020-04-28,Kings,031,150075,227,57,0,57,1
2020-04-28,Lake,033,64148,9,6,0,6,0
2020-04-28,Lassen,035,31185,3,0,2,2,0
2020-04-28,Los Angeles,037,10098052,28472,21029,16,21045,984
2020-04-28,Madera,039,155013,86,44,1,45,2
2020-04-28,Marin,041,260295,249,228,1,229,12
2020-04-28,Mariposa,043,17540,15,0,0,0,0
2020-04-28,Mendocino,045,87422,12,10,0,10,0
2020-04-28,Merced,047,269075,188,108,0,108,3
2020-04-28,Modoc,049,8938,0,0,0,0,0
2020-04-28,Mono,051,14174,31,25,0,25,1
2020-04-28,Monterey,053,433212,260,191,0,191,5
2020-04-28,Napa,055,140530,80,67,0,67,2
2020-04-28,Nevada,057,99092,41,41,1,42,1
2020-04-28,Orange,059,3164182,3634,2324,25,2349,42
2020-04-28,Placer,061,380077,166,143,0,143,8
2020-04-28,Plumas,063,18699,4,4,0,4,0
2020-04-28,Riverside,065,2383286,4782,3504,15,3519,113
2020-04-28,Sacramento,067,1510023,1109,1044,0,1044,41
2020-04-28,San Benito,069,59416,52,46,0,46,2
2020-04-28,San Bernardino,071,2135413,2507,1891,1,1892,89
2020-04-28,San Diego,073,3302833,4335,3316,0,3316,118
2020-04-28,San Francisco,075,870044,1788,1471,0,1471,23
2020-04-28,San Joaquin,077,732212,587,532,3,535,25
2020-04-28,San Luis Obispo,079,281455,255,172,3,175,1
2020-04-28,San Mateo,081,765935,1419,1129,2,1131,48
2020-04-28,Santa Barbara,083,443738,524,469,2,471,7
2020-04-28,Santa Clara,085,1922200,2595,2130,8,2138,106
2020-04-28,Santa Cruz,087,273765,142,123,0,123,2
2020-04-28,Shasta,089,179085,38,29,0,29,4
2020-04-28,Sierra,091,2930,0,0,0,0,0
2020-04-28,Siskiyou,093,43540,5,5,0,5,0
2020-04-28,Solano,095,438530,294,246,0,246,3
2020-04-28,Sonoma,097,501317,279,226,0,226,1
2020-04-28,Stanislaus,099,539301,437,330,4,334,5
2020-04-28,Sutter,101,95872,31,25,0,25,2
2020-04-28,Tehama,103,63373,1,1,0,1,1
2020-04-28,Trinity,105,12862,1,0,0,0,0
2020-04-28,Tulare,107,460477,960,579,5,584,30
2020-04-28,Tuolumne,109,53932,3,4,0,4,0
2020-04-28,Ventura,111,848112,677,517,1,518,17
2020-04-28,Yolo,113,214977,185,160,0,160,10
2020-04-28,Yuba,115,75493,19,15,0,15,1
2020-04-27,Alameda,001,1643700,1808,1494,2,1496,53
2020-04-27,Alpine,003,1148,1,1,0,1,0
2020-04-27,Amador,005,37829,8,8,0,8,0
2020-04-27,Butte,007,227075,28,16,2,18,0
2020-04-27,Calaveras,009,45235,13,13,0,13,0
2020-04-27,Colusa,011,21464,3,3,0,3,0
2020-04-27,Contra Costa,013,1133247,983,843,0,843,25
2020-04-27,Del Norte,015,27424,4,3,0,3,0
2020-04-27,El Dorado,017,186661,60,43,0,43,0
2020-04-27,Fresno,019,978130,958,504,8,512,7
2020-04-27,Glenn,021,27897,5,4,0,4,0
2020-04-27,Humboldt,023,135768,59,52,0,52,0
2020-04-27,Imperial,025,180216,485,290,0,290,6
2020-04-27,Inyo,027,18085,19,20,0,20,1
2020-04-27,Kern,029,883053,1125,865,1,866,4
2020-04-27,Kings,031,150075,204,48,0,48,1
2020-04-27,Lake,033,64148,8,6,0,6,0
2020-04-27,Lassen,035,31185,3,0,2,2,0
2020-04-27,Los Angeles,037,10098052,27452,20456,16,20472,931
2020-04-27,Madera,039,155013,84,42,1,43,2
2020-04-27,Marin,041,260295,244,227,1,228,12
2020-04-27,Mariposa,043,17540,14,0,0,0,0
2020-04-27,Mendocino,045,87422,12,10,0,10,0
2020-04-27,Merced,047,269075,185,108,0,108,3
2020-04-27,Modoc,049,8938,0,0,0,0,0
2020-04-27,Mono,051,14174,31,23,0,23,1
2020-04-27,Monterey,053,433212,253,185,0,185,4
2020-04-27,Napa,055,140530,77,64,0,64,2
2020-04-27,Nevada,057,99092,41,39,1,40,1
2020-04-27,Orange,059,3164182,3465,2198,25,2223,42
2020-04-27,Placer,061,380077,166,142,0,142,8
2020-04-27,Plumas,063,18699,4,4,0,4,0
2020-04-27,Riverside,065,2383286,4659,3381,15,3396,100
2020-04-27,Sacramento,067,1510023,1094,1035,0,1035,41
2020-04-27,San Benito,069,59416,50,45,0,45,2
2020-04-27,San Bernardino,071,2135413,2393,1742,1,1743,82
2020-04-27,San Diego,073,3302833,4209,3143,0,3143,113
2020-04-27,San Francisco,075,870044,1734,1453,0,1453,23
2020-04-27,San Joaquin,077,732212,581,522,3,525,25
2020-04-27,San Luis Obispo,079,281455,247,166,3,169,1
2020-04-27,San Mateo,081,765935,1397,1092,2,1094,46
2020-04-27,Santa Barbara,083,443738,516,466,2,468,7
2020-04-27,Santa Clara,085,1922200,2570,2104,7,2111,105
2020-04-27,Santa Cruz,087,273765,142,123,0,123,2
2020-04-27,Shasta,089,179085,38,29,0,29,4
2020-04-27,Sierra,091,2930,0,0,0,0,0
2020-04-27,Siskiyou,093,43540,5,5,0,5,0
2020-04-27,Solano,095,438530,294,222,0,222,3
2020-04-27,Sonoma,097,501317,270,220,0,220,1
2020-04-27,Stanislaus,099,539301,421,316,4,320,5
2020-04-27,Sutter,101,95872,29,26,0,26,2
2020-04-27,Tehama,103,63373,1,1,0,1,1
2020-04-27,Trinity,105,12862,1,0,0,0,0
2020-04-27,Tulare,107,460477,889,535,5,540,28
2020-04-27,Tuolumne,109,53932,3,3,0,3,0
2020-04-27,Ventura,111,848112,658,513,1,514,17
2020-04-27,Yolo,113,214977,182,160,0,160,9
2020-04-27,Yuba,115,75493,19,15,0,15,1
2020-04-26,Alameda,001,1643700,1747,1449,2,1451,52
2020-04-26,Alpine,003,1148,1,1,0,1,0
2020-04-26,Amador,005,37829,8,8,0,8,0
2020-04-26,Butte,007,227075,28,16,2,18,0
2020-04-26,Calaveras,009,45235,13,13,0,13,0
2020-04-26,Colusa,011,21464,3,3,0,3,0
2020-04-26,Contra Costa,013,1133247,967,830,0,830,25
2020-04-26,Del Norte,015,27424,3,3,0,3,0
2020-04-26,El Dorado,017,186661,58,41,0,41,0
2020-04-26,Fresno,019,978130,864,476,7,483,7
2020-04-26,Glenn,021,27897,5,4,0,4,0
2020-04-26,Humboldt,023,135768,59,53,0,53,0
2020-04-26,Imperial,025,180216,450,272,0,272,6
2020-04-26,Inyo,027,18085,19,20,0,20,1
2020-04-26,Kern,029,883053,1075,831,1,832,4
2020-04-26,Kings,031,150075,179,33,0,33,1
2020-04-26,Lake,033,64148,8,6,0,6,0
2020-04-26,Lassen,035,31185,3,0,2,2,0
2020-04-26,Los Angeles,037,10098052,26297,19570,16,19586,901
2020-04-26,Madera,039,155013,82,39,1,40,2
2020-04-26,Marin,041,260295,238,225,1,226,12
2020-04-26,Mariposa,043,17540,14,0,0,0,0
2020-04-26,Mendocino,045,87422,12,5,0,5,0
2020-04-26,Merced,047,269075,169,104,0,104,3
2020-04-26,Modoc,049,8938,0,0,0,0,0
2020-04-26,Mono,051,14174,31,23,0,23,1
2020-04-26,Monterey,053,433212,246,182,0,182,4
2020-04-26,Napa,055,140530,76,62,0,62,2
2020-04-26,Nevada,057,99092,41,37,1,38,1
2020-04-26,Orange,059,3164182,3300,2124,25,2149,40
2020-04-26,Placer,061,380077,165,141,0,141,8
2020-04-26,Plumas,063,18699,4,4,0,4,0
2020-04-26,Riverside,065,2383286,4516,3301,15,3316,95
2020-04-26,Sacramento,067,1510023,1085,1027,0,1027,41
2020-04-26,San Benito,069,59416,50,45,0,45,2
2020-04-26,San Bernardino,071,2135413,2297,1681,1,1682,82
2020-04-26,San Diego,073,3302833,4067,3045,0,3045,111
2020-04-26,San Francisco,075,870044,1695,1403,0,1403,23
2020-04-26,San Joaquin,077,732212,573,514,3,517,25
2020-04-26,San Luis Obispo,079,281455,244,165,3,168,1
2020-04-26,San Mateo,081,765935,1371,1070,2,1072,46
2020-04-26,Santa Barbara,083,443738,509,464,2,466,7
2020-04-26,Santa Clara,085,1922200,2547,2097,6,2103,102
2020-04-26,Santa Cruz,087,273765,142,116,0,116,2
2020-04-26,Shasta,089,179085,35,29,0,29,4
2020-04-26,Sierra,091,2930,0,0,0,0,0
2020-04-26,Siskiyou,093,43540,5,5,0,5,0
2020-04-26,Solano,095,438530,285,205,0,205,3
2020-04-26,Sonoma,097,501317,259,216,0,216,1
2020-04-26,Stanislaus,099,539301,406,294,4,298,4
2020-04-26,Sutter,101,95872,29,26,0,26,2
2020-04-26,Tehama,103,63373,1,1,0,1,1
2020-04-26,Trinity,105,12862,1,0,0,0,0
2020-04-26,Tulare,107,460477,830,497,5,502,28
2020-04-26,Tuolumne,109,53932,3,3,0,3,0
2020-04-26,Ventura,111,848112,640,509,1,510,17
2020-04-26,Yolo,113,214977,181,158,0,158,8
2020-04-26,Yuba,115,75493,18,15,0,15,1
2020-04-25,Alameda,001,1643700,1722,1396,2,1398,52
2020-04-25,Alpine,003,1148,1,1,0,1,0
2020-04-25,Amador,005,37829,8,8,0,8,0
2020-04-25,Butte,007,227075,27,16,2,18,0
2020-04-25,Calaveras,009,45235,13,12,0,12,0
2020-04-25,Colusa,011,21464,3,3,0,3,0
2020-04-25,Contra Costa,013,1133247,953,821,0,821,24
2020-04-25,Del Norte,015,27424,2,2,0,2,0
2020-04-25,El Dorado,017,186661,57,41,0,41,0
2020-04-25,Fresno,019,978130,832,459,6,465,7
2020-04-25,Glenn,021,27897,5,4,0,4,0
2020-04-25,Humboldt,023,135768,59,53,0,53,0
2020-04-25,Imperial,025,180216,433,232,0,232,6
2020-04-25,Inyo,027,18085,19,20,0,20,1
2020-04-25,Kern,029,883053,1044,802,1,803,4
2020-04-25,Kings,031,150075,167,33,0,33,1
2020-04-25,Lake,033,64148,6,6,0,6,0
2020-04-25,Lassen,035,31185,3,0,2,2,0
2020-04-25,Los Angeles,037,10098052,25664,19144,16,19160,881
2020-04-25,Madera,039,155013,79,39,1,40,2
2020-04-25,Marin,041,260295,238,215,1,216,12
2020-04-25,Mariposa,043,17540,14,0,0,0,0
2020-04-25,Mendocino,045,87422,11,5,0,5,0
2020-04-25,Merced,047,269075,167,103,0,103,3
2020-04-25,Modoc,049,8938,0,0,0,0,0
2020-04-25,Mono,051,14174,31,23,0,23,1
2020-04-25,Monterey,053,433212,244,173,0,173,4
2020-04-25,Napa,055,140530,76,60,0,60,2
2020-04-25,Nevada,057,99092,41,37,1,38,1
2020-04-25,Orange,059,3164182,3192,2047,25,2072,40
2020-04-25,Placer,061,380077,165,137,0,137,8
2020-04-25,Plumas,063,18699,4,4,0,4,0
2020-04-25,Riverside,065,2383286,4426,3037,15,3052,93
2020-04-25,Sacramento,067,1510023,1083,1015,0,1015,41
2020-04-25,San Benito,069,59416,50,45,0,45,2
2020-04-25,San Bernardino,071,2135413,2251,1675,1,1676,82
2020-04-25,San Diego,073,3302833,3966,2945,0,2945,111
2020-04-25,San Francisco,075,870044,1670,1341,0,1341,22
2020-04-25,San Joaquin,077,732212,566,497,3,500,24
2020-04-25,San Luis Obispo,079,281455,243,159,3,162,1
2020-04-25,San Mateo,081,765935,1353,1054,2,1056,46
2020-04-25,Santa Barbara,083,443738,502,457,2,459,7
2020-04-25,Santa Clara,085,1922200,2525,2045,5,2050,99
2020-04-25,Santa Cruz,087,273765,142,112,0,112,2
2020-04-25,Shasta,089,179085,35,29,0,29,4
2020-04-25,Sierra,091,2930,0,0,0,0,0
2020-04-25,Siskiyou,093,43540,5,5,0,5,0
2020-04-25,Solano,095,438530,281,203,0,203,3
2020-04-25,Sonoma,097,501317,254,199,0,199,1
2020-04-25,Stanislaus,099,539301,398,276,4,280,4
2020-04-25,Sutter,101,95872,29,24,0,24,2
2020-04-25,Tehama,103,63373,1,1,0,1,1
2020-04-25,Trinity,105,12862,0,0,0,0,0
2020-04-25,Tulare,107,460477,797,478,5,483,28
2020-04-25,Tuolumne,109,53932,3,2,0,2,0
2020-04-25,Ventura,111,848112,626,494,1,495,16
2020-04-25,Yolo,113,214977,181,157,0,157,8
2020-04-25,Yuba,115,75493,17,15,0,15,1
2020-04-24,Alameda,001,1643700,1691,1385,2,1387,50
2020-04-24,Alpine,003,1148,1,1,0,1,0
2020-04-24,Amador,005,37829,8,8,0,8,0
2020-04-24,Butte,007,227075,26,15,2,17,0
2020-04-24,Calaveras,009,45235,13,12,0,12,0
2020-04-24,Colusa,011,21464,3,3,0,3,0
2020-04-24,Contra Costa,013,1133247,944,806,0,806,23
2020-04-24,Del Norte,015,27424,2,2,0,2,0
2020-04-24,El Dorado,017,186661,56,41,0,41,0
2020-04-24,Fresno,019,978130,809,449,6,455,7
2020-04-24,Glenn,021,27897,5,4,0,4,0
2020-04-24,Humboldt,023,135768,59,53,0,53,0
2020-04-24,Imperial,025,180216,416,232,0,232,6
2020-04-24,Inyo,027,18085,19,20,0,20,0
2020-04-24,Kern,029,883053,1020,770,1,771,4
2020-04-24,Kings,031,150075,138,30,0,30,1
2020-04-24,Lake,033,64148,6,6,0,6,0
2020-04-24,Lassen,035,31185,3,0,2,2,0
2020-04-24,Los Angeles,037,10098052,24734,18553,16,18569,836
2020-04-24,Madera,039,155013,79,39,1,40,2
2020-04-24,Marin,041,260295,238,211,1,212,11
2020-04-24,Mariposa,043,17540,8,0,0,0,0
2020-04-24,Mendocino,045,87422,11,5,0,5,0
2020-04-24,Merced,047,269075,164,102,0,102,3
2020-04-24,Modoc,049,8938,0,0,0,0,0
2020-04-24,Mono,051,14174,30,23,0,23,1
2020-04-24,Monterey,053,433212,237,167,0,167,4
2020-04-24,Napa,055,140530,75,59,0,59,2
2020-04-24,Nevada,057,99092,41,36,1,37,1
2020-04-24,Orange,059,3164182,3085,1945,25,1970,39
2020-04-24,Placer,061,380077,163,137,0,137,8
2020-04-24,Plumas,063,18699,4,4,0,4,0
2020-04-24,Riverside,065,2383286,4345,3044,15,3059,87
2020-04-24,Sacramento,067,1510023,1077,1009,0,1009,41
2020-04-24,San Benito,069,59416,50,45,0,45,2
2020-04-24,San Bernardino,071,2135413,2216,1667,1,1668,80
2020-04-24,San Diego,073,3302833,3855,2828,0,2828,102
2020-04-24,San Francisco,075,870044,1612,1345,0,1345,22
2020-04-24,San Joaquin,077,732212,559,484,3,487,24
2020-04-24,San Luis Obispo,079,281455,240,151,3,154,1
2020-04-24,San Mateo,081,765935,1330,1004,2,1006,43
2020-04-24,Santa Barbara,083,443738,496,450,2,452,6
2020-04-24,Santa Clara,085,1922200,2483,2026,5,2031,98
2020-04-24,Santa Cruz,087,273765,138,111,0,111,2
2020-04-24,Shasta,089,179085,35,28,0,28,4
2020-04-24,Sierra,091,2930,0,0,0,0,0
2020-04-24,Siskiyou,093,43540,5,5,0,5,0
2020-04-24,Solano,095,438530,279,203,0,203,3
2020-04-24,Sonoma,097,501317,250,199,0,199,1
2020-04-24,Stanislaus,099,539301,395,273,4,277,4
2020-04-24,Sutter,101,95872,28,24,0,24,2
2020-04-24,Tehama,103,63373,1,1,0,1,1
2020-04-24,Trinity,105,12862,0,0,0,0,0
2020-04-24,Tulare,107,460477,769,459,5,464,27
2020-04-24,Tuolumne,109,53932,3,2,0,2,0
2020-04-24,Ventura,111,848112,616,489,1,490,16
2020-04-24,Yolo,113,214977,180,155,0,155,8
2020-04-24,Yuba,115,75493,16,15,0,15,1
2020-04-23,Alameda,001,1643700,1653,1336,2,1338,46
2020-04-23,Alpine,003,1148,1,1,0,1,0
2020-04-23,Amador,005,37829,8,8,0,8,0
2020-04-23,Butte,007,227075,26,15,2,17,0
2020-04-23,Calaveras,009,45235,13,12,0,12,0
2020-04-23,Colusa,011,21464,3,3,0,3,0
2020-04-23,Contra Costa,013,1133247,923,786,0,786,23
2020-04-23,Del Norte,015,27424,2,2,0,2,0
2020-04-23,El Dorado,017,186661,55,39,0,39,0
2020-04-23,Fresno,019,978130,771,426,6,432,7
2020-04-23,Glenn,021,27897,5,3,0,3,0
2020-04-23,Humboldt,023,135768,59,53,0,53,0
2020-04-23,Imperial,025,180216,395,181,0,181,4
2020-04-23,Inyo,027,18085,19,19,0,19,0
2020-04-23,Kern,029,883053,972,732,1,733,4
2020-04-23,Kings,031,150075,123,28,0,28,1
2020-04-23,Lake,033,64148,6,6,0,6,0
2020-04-23,Lassen,035,31185,3,0,2,2,0
2020-04-23,Los Angeles,037,10098052,23672,17548,15,17563,784
2020-04-23,Madera,039,155013,77,37,1,38,2
2020-04-23,Marin,041,260295,225,209,1,210,11
2020-04-23,Mariposa,043,17540,7,0,0,0,0
2020-04-23,Mendocino,045,87422,9,5,0,5,0
2020-04-23,Merced,047,269075,160,98,0,98,3
2020-04-23,Modoc,049,8938,0,0,0,0,0
2020-04-23,Mono,051,14174,30,23,0,23,1
2020-04-23,Monterey,053,433212,233,161,0,161,4
2020-04-23,Napa,055,140530,68,59,0,59,2
2020-04-23,Nevada,057,99092,41,36,1,37,1
2020-04-23,Orange,059,3164182,2906,1841,24,1865,37
2020-04-23,Placer,061,380077,160,136,0,136,8
2020-04-23,Plumas,063,18699,4,4,0,4,0
2020-04-23,Riverside,065,2383286,4231,2935,14,2949,78
2020-04-23,Sacramento,067,1510023,1065,978,0,978,41
2020-04-23,San Benito,069,59416,47,43,0,43,2
2020-04-23,San Bernardino,071,2135413,2151,1604,1,1605,79
2020-04-23,San Diego,073,3302833,3694,2645,0,2645,100
2020-04-23,San Francisco,075,870044,1587,1312,0,1312,21
2020-04-23,San Joaquin,077,732212,549,479,3,482,20
2020-04-23,San Luis Obispo,079,281455,236,146,3,149,1
2020-04-23,San Mateo,081,765935,1291,970,2,972,42
2020-04-23,Santa Barbara,083,443738,490,445,2,447,6
2020-04-23,Santa Clara,085,1922200,2448,1996,5,2001,95
2020-04-23,Santa Cruz,087,273765,137,110,0,110,2
2020-04-23,Shasta,089,179085,35,27,0,27,3
2020-04-23,Sierra,091,2930,0,0,0,0,0
2020-04-23,Siskiyou,093,43540,5,5,0,5,0
2020-04-23,Solano,095,438530,265,196,0,196,3
2020-04-23,Sonoma,097,501317,238,187,0,187,1
2020-04-23,Stanislaus,099,539301,391,254,4,258,4
2020-04-23,Sutter,101,95872,28,24,0,24,2
2020-04-23,Tehama,103,63373,1,1,0,1,1
2020-04-23,Trinity,105,12862,0,0,0,0,0
2020-04-23,Tulare,107,460477,740,440,5,445,25
2020-04-23,Tuolumne,109,53932,3,2,0,2,0
2020-04-23,Ventura,111,848112,602,479,1,480,16
2020-04-23,Yolo,113,214977,177,151,0,151,8
2020-04-23,Yuba,115,75493,16,15,0,15,1
2020-04-22,Alameda,001,1643700,1604,1275,2,1277,46
2020-04-22,Alpine,003,1148,1,1,0,1,0
2020-04-22,Amador,005,37829,8,7,0,7,0
2020-04-22,Butte,007,227075,25,15,2,17,0
2020-04-22,Calaveras,009,45235,13,12,0,12,0
2020-04-22,Colusa,011,21464,3,3,0,3,0
2020-04-22,Contra Costa,013,1133247,908,772,0,772,22
2020-04-22,Del Norte,015,27424,2,2,0,2,0
2020-04-22,El Dorado,017,186661,55,39,0,39,0
2020-04-22,Fresno,019,978130,731,388,6,394,7
2020-04-22,Glenn,021,27897,5,3,0,3,0
2020-04-22,Humboldt,023,135768,59,53,0,53,0
2020-04-22,Imperial,025,180216,384,170,0,170,3
2020-04-22,Inyo,027,18085,19,18,0,18,0
2020-04-22,Kern,029,883053,950,713,1,714,4
2020-04-22,Kings,031,150075,102,28,0,28,1
2020-04-22,Lake,033,64148,6,6,0,6,0
2020-04-22,Lassen,035,31185,3,0,2,2,0
2020-04-22,Los Angeles,037,10098052,22647,16400,15,16415,715
2020-04-22,Madera,039,155013,75,37,1,38,2
2020-04-22,Marin,041,260295,223,202,1,203,11
2020-04-22,Mariposa,043,17540,6,0,0,0,0
2020-04-22,Mendocino,045,87422,6,5,0,5,0
2020-04-22,Merced,047,269075,146,92,0,92,3
2020-04-22,Modoc,049,8938,0,0,0,0,0
2020-04-22,Mono,051,14174,29,23,0,23,1
2020-04-22,Monterey,053,433212,226,154,0,154,4
2020-04-22,Napa,055,140530,67,58,0,58,2
2020-04-22,Nevada,057,99092,41,36,1,37,1
2020-04-22,Orange,059,3164182,2812,1785,23,1808,36
2020-04-22,Placer,061,380077,158,133,0,133,8
2020-04-22,Plumas,063,18699,4,4,0,4,0
2020-04-22,Riverside,065,2383286,4127,2822,14,2836,76
2020-04-22,Sacramento,067,1510023,1060,959,0,959,36
2020-04-22,San Benito,069,59416,46,43,0,43,2
2020-04-22,San Bernardino,071,2135413,2088,1564,1,1565,74
2020-04-22,San Diego,073,3302833,3566,2493,0,2493,96
2020-04-22,San Francisco,075,870044,1550,1255,0,1255,21
2020-04-22,San Joaquin,077,732212,538,462,3,465,20
2020-04-22,San Luis Obispo,079,281455,227,142,3,145,1
2020-04-22,San Mateo,081,765935,1268,945,2,947,40
2020-04-22,Santa Barbara,083,443738,485,437,2,439,6
2020-04-22,Santa Clara,085,1922200,2432,1969,5,1974,95
2020-04-22,Santa Cruz,087,273765,133,106,0,106,2
2020-04-22,Shasta,089,179085,34,26,0,26,3
2020-04-22,Sierra,091,2930,0,0,0,0,0
2020-04-22,Siskiyou,093,43540,5,5,0,5,0
2020-04-22,Solano,095,438530,247,195,0,195,3
2020-04-22,Sonoma,097,501317,235,185,0,185,1
2020-04-22,Stanislaus,099,539301,334,247,4,251,4
2020-04-22,Sutter,101,95872,28,22,0,22,2
2020-04-22,Tehama,103,63373,1,1,0,1,1
2020-04-22,Trinity,105,12862,0,0,0,0,0
2020-04-22,Tulare,107,460477,706,425,5,430,23
2020-04-22,Tuolumne,109,53932,3,2,0,2,0
2020-04-22,Ventura,111,848112,591,465,1,466,15
2020-04-22,Yolo,113,214977,176,147,0,147,8
2020-04-22,Yuba,115,75493,16,15,0,15,1
2020-04-21,Alameda,001,1643700,1574,1234,2,1236,46
2020-04-21,Alpine,003,1148,1,1,0,1,0
2020-04-21,Amador,005,37829,8,7,0,7,0
2020-04-21,Butte,007,227075,24,15,2,17,0
2020-04-21,Calaveras,009,45235,12,12,0,12,0
2020-04-21,Colusa,011,21464,3,3,0,3,0
2020-04-21,Contra Costa,013,1133247,894,766,0,766,22
2020-04-21,Del Norte,015,27424,2,2,0,2,0
2020-04-21,El Dorado,017,186661,54,36,0,36,0
2020-04-21,Fresno,019,978130,697,372,6,378,7
2020-04-21,Glenn,021,27897,5,3,0,3,0
2020-04-21,Humboldt,023,135768,58,53,0,53,0
2020-04-21,Imperial,025,180216,364,165,0,165,2
2020-04-21,Inyo,027,18085,19,18,0,18,0
2020-04-21,Kern,029,883053,908,676,1,677,4
2020-04-21,Kings,031,150075,88,28,0,28,1
2020-04-21,Lake,033,64148,6,6,0,6,0
2020-04-21,Lassen,035,31185,3,0,2,2,0
2020-04-21,Los Angeles,037,10098052,21785,15096,15,15111,650
2020-04-21,Madera,039,155013,75,37,1,38,2
2020-04-21,Marin,041,260295,217,202,1,203,10
2020-04-21,Mariposa,043,17540,5,0,0,0,0
2020-04-21,Mendocino,045,87422,6,5,0,5,0
2020-04-21,Merced,047,269075,142,89,0,89,3
2020-04-21,Modoc,049,8938,0,0,0,0,0
2020-04-21,Mono,051,14174,29,23,0,23,1
2020-04-21,Monterey,053,433212,223,151,0,151,4
2020-04-21,Napa,055,140530,66,58,0,58,2
2020-04-21,Nevada,057,99092,41,36,1,37,1
2020-04-21,Orange,059,3164182,2689,1717,22,1739,36
2020-04-21,Placer,061,380077,156,133,0,133,8
2020-04-21,Plumas,063,18699,4,4,0,4,0
2020-04-21,Riverside,065,2383286,3995,2631,14,2645,68
2020-04-21,Sacramento,067,1510023,1050,941,0,941,33
2020-04-21,San Benito,069,59416,44,43,0,43,2
2020-04-21,San Bernardino,071,2135413,2028,1499,1,1500,71
2020-04-21,San Diego,073,3302833,3410,2436,0,2436,87
2020-04-21,San Francisco,075,870044,1520,1232,0,1232,20
2020-04-21,San Joaquin,077,732212,528,447,3,450,20
2020-04-21,San Luis Obispo,079,281455,219,134,3,137,1
2020-04-21,San Mateo,081,765935,1222,933,2,935,34
2020-04-21,Santa Barbara,083,443738,476,414,2,416,5
2020-04-21,Santa Clara,085,1922200,2382,1943,5,1948,91
2020-04-21,Santa Cruz,087,273765,131,104,0,104,2
2020-04-21,Shasta,089,179085,33,26,0,26,3
2020-04-21,Sierra,091,2930,0,0,0,0,0
2020-04-21,Siskiyou,093,43540,5,5,0,5,0
2020-04-21,Solano,095,438530,239,193,0,193,3
2020-04-21,Sonoma,097,501317,225,182,0,182,1
2020-04-21,Stanislaus,099,539301,315,235,4,239,4
2020-04-21,Sutter,101,95872,28,22,0,22,2
2020-04-21,Tehama,103,63373,1,1,0,1,1
2020-04-21,Trinity,105,12862,0,0,0,0,0
2020-04-21,Tulare,107,460477,669,410,5,415,23
2020-04-21,Tuolumne,109,53932,3,2,0,2,0
2020-04-21,Ventura,111,848112,579,455,1,456,14
2020-04-21,Yolo,113,214977,174,143,0,143,8
2020-04-21,Yuba,115,75493,16,15,0,15,1
2020-04-20,Alameda,001,1643700,1541,1181,2,1183,42
2020-04-20,Alpine,003,1148,1,1,0,1,0
2020-04-20,Amador,005,37829,8,7,0,7,0
2020-04-20,Butte,007,227075,24,15,2,17,0
2020-04-20,Calaveras,009,45235,12,12,0,12,0
2020-04-20,Colusa,011,21464,3,3,0,3,0
2020-04-20,Contra Costa,013,1133247,884,753,0,753,22
2020-04-20,Del Norte,015,27424,2,2,0,2,0
2020-04-20,El Dorado,017,186661,54,36,0,36,0
2020-04-20,Fresno,019,978130,679,356,6,362,7
2020-04-20,Glenn,021,27897,4,3,0,3,0
2020-04-20,Humboldt,023,135768,58,53,0,53,0
2020-04-20,Imperial,025,180216,345,149,0,149,2
2020-04-20,Inyo,027,18085,19,17,0,17,0
2020-04-20,Kern,029,883053,876,651,1,652,3
2020-04-20,Kings,031,150075,77,19,0,19,1
2020-04-20,Lake,033,64148,6,6,0,6,0
2020-04-20,Lassen,035,31185,3,0,2,2,0
2020-04-20,Los Angeles,037,10098052,20873,13787,15,13802,608
2020-04-20,Madera,039,155013,74,35,1,36,2
2020-04-20,Marin,041,260295,213,200,1,201,10
2020-04-20,Mariposa,043,17540,5,0,0,0,0
2020-04-20,Mendocino,045,87422,6,5,0,5,0
2020-04-20,Merced,047,269075,135,88,0,88,3
2020-04-20,Modoc,049,8938,0,0,0,0,0
2020-04-20,Mono,051,14174,29,23,0,23,1
2020-04-20,Monterey,053,433212,214,147,0,147,4
2020-04-20,Napa,055,140530,66,55,0,55,2
2020-04-20,Nevada,057,99092,41,34,1,35,1
2020-04-20,Orange,059,3164182,2605,1679,22,1701,33
2020-04-20,Placer,061,380077,155,132,0,132,8
2020-04-20,Plumas,063,18699,4,4,0,4,0
2020-04-20,Riverside,065,2383286,3870,2477,14,2491,61
2020-04-20,Sacramento,067,1510023,1040,924,0,924,32
2020-04-20,San Benito,069,59416,44,43,0,43,2
2020-04-20,San Bernardino,071,2135413,1941,1344,1,1345,63
2020-04-20,San Diego,073,3302833,3268,2327,0,2327,72
2020-04-20,San Francisco,075,870044,1488,1223,0,1223,19
2020-04-20,San Joaquin,077,732212,524,422,3,425,17
2020-04-20,San Luis Obispo,079,281455,205,132,3,135,1
2020-04-20,San Mateo,081,765935,1199,890,2,892,31
2020-04-20,Santa Barbara,083,443738,469,388,2,390,4
2020-04-20,Santa Clara,085,1922200,2351,1920,5,1925,84
2020-04-20,Santa Cruz,087,273765,129,102,0,102,2
2020-04-20,Shasta,089,179085,33,26,0,26,3
2020-04-20,Sierra,091,2930,0,0,0,0,0
2020-04-20,Siskiyou,093,43540,5,5,0,5,0
2020-04-20,Solano,095,438530,236,185,0,185,2
2020-04-20,Sonoma,097,501317,217,178,0,178,1
2020-04-20,Stanislaus,099,539301,301,228,4,232,3
2020-04-20,Sutter,101,95872,27,22,0,22,2
2020-04-20,Tehama,103,63373,1,1,0,1,1
2020-04-20,Trinity,105,12862,0,0,0,0,0
2020-04-20,Tulare,107,460477,659,401,5,406,20
2020-04-20,Tuolumne,109,53932,3,2,0,2,0
2020-04-20,Ventura,111,848112,565,426,1,427,13
2020-04-20,Yolo,113,214977,173,125,0,125,5
2020-04-20,Yuba,115,75493,16,15,0,15,1
2020-04-19,Alameda,001,1643700,1491,1134,2,1136,41
2020-04-19,Alpine,003,1148,1,1,0,1,0
2020-04-19,Amador,005,37829,7,7,0,7,0
2020-04-19,Butte,007,227075,23,15,2,17,0
2020-04-19,Calaveras,009,45235,12,12,0,12,0
2020-04-19,Colusa,011,21464,3,3,0,3,0
2020-04-19,Contra Costa,013,1133247,868,731,0,731,20
2020-04-19,Del Norte,015,27424,2,2,0,2,0
2020-04-19,El Dorado,017,186661,54,36,0,36,0
2020-04-19,Fresno,019,978130,643,326,6,332,7
2020-04-19,Glenn,021,27897,4,3,0,3,0
2020-04-19,Humboldt,023,135768,58,53,0,53,0
2020-04-19,Imperial,025,180216,318,144,0,144,2
2020-04-19,Inyo,027,18085,19,17,0,17,0
2020-04-19,Kern,029,883053,851,629,1,630,3
2020-04-19,Kings,031,150075,67,17,0,17,1
2020-04-19,Lake,033,64148,6,6,0,6,0
2020-04-19,Lassen,035,31185,3,0,2,2,0
2020-04-19,Los Angeles,037,10098052,19866,12299,15,12314,589
2020-04-19,Madera,039,155013,72,34,1,35,2
2020-04-19,Marin,041,260295,212,194,1,195,10
2020-04-19,Mariposa,043,17540,2,0,0,0,0
2020-04-19,Mendocino,045,87422,6,4,0,4,0
2020-04-19,Merced,047,269075,130,85,0,85,3
2020-04-19,Modoc,049,8938,0,0,0,0,0
2020-04-19,Mono,051,14174,29,23,0,23,1
2020-04-19,Monterey,053,433212,205,140,0,140,4
2020-04-19,Napa,055,140530,64,49,0,49,2
2020-04-19,Nevada,057,99092,40,34,1,35,1
2020-04-19,Orange,059,3164182,2508,1591,21,1612,32
2020-04-19,Placer,061,380077,154,131,0,131,8
2020-04-19,Plumas,063,18699,4,4,0,4,0
2020-04-19,Riverside,065,2383286,3727,2316,14,2330,56
2020-04-19,Sacramento,067,1510023,1013,912,0,912,32
2020-04-19,San Benito,069,59416,42,40,0,40,2
2020-04-19,San Bernardino,071,2135413,1878,1262,1,1263,58
2020-04-19,San Diego,073,3302833,3101,2270,0,2270,71
2020-04-19,San Francisco,075,870044,1455,1153,0,1153,19
2020-04-19,San Joaquin,077,732212,506,404,3,407,17
2020-04-19,San Luis Obispo,079,281455,200,132,3,135,1
2020-04-19,San Mateo,081,765935,1163,845,2,847,31
2020-04-19,Santa Barbara,083,443738,462,377,2,379,3
2020-04-19,Santa Clara,085,1922200,2306,1878,5,1883,81
2020-04-19,Santa Cruz,087,273765,126,98,0,98,2
2020-04-19,Shasta,089,179085,31,26,0,26,3
2020-04-19,Sierra,091,2930,0,0,0,0,0
2020-04-19,Siskiyou,093,43540,5,5,0,5,0
2020-04-19,Solano,095,438530,228,174,0,174,2
2020-04-19,Sonoma,097,501317,211,172,0,172,1
2020-04-19,Stanislaus,099,539301,293,221,4,225,3
2020-04-19,Sutter,101,95872,26,21,0,21,2
2020-04-19,Tehama,103,63373,1,1,0,1,1
2020-04-19,Trinity,105,12862,0,0,0,0,0
2020-04-19,Tulare,107,460477,613,391,5,396,17
2020-04-19,Tuolumne,109,53932,3,2,0,2,0
2020-04-19,Ventura,111,848112,557,418,1,419,13
2020-04-19,Yolo,113,214977,173,120,0,120,5
2020-04-19,Yuba,115,75493,16,15,0,15,1
2020-04-18,Alameda,001,1643700,1466,1085,2,1087,40
2020-04-18,Alpine,003,1148,1,1,0,1,0
2020-04-18,Amador,005,37829,7,7,0,7,0
2020-04-18,Butte,007,227075,22,15,2,17,0
2020-04-18,Calaveras,009,45235,12,12,0,12,0
2020-04-18,Colusa,011,21464,3,3,0,3,0
2020-04-18,Contra Costa,013,1133247,856,721,0,721,17
2020-04-18,Del Norte,015,27424,2,2,0,2,0
2020-04-18,El Dorado,017,186661,54,36,0,36,0
2020-04-18,Fresno,019,978130,622,319,6,325,7
2020-04-18,Glenn,021,27897,4,3,0,3,0
2020-04-18,Humboldt,023,135768,58,52,0,52,0
2020-04-18,Imperial,025,180216,309,137,0,137,2
2020-04-18,Inyo,027,18085,19,17,0,17,0
2020-04-18,Kern,029,883053,829,626,1,627,3
2020-04-18,Kings,031,150075,66,17,0,17,1
2020-04-18,Lake,033,64148,6,6,0,6,0
2020-04-18,Lassen,035,31185,3,0,2,2,0
2020-04-18,Los Angeles,037,10098052,19337,11984,15,11999,566
2020-04-18,Madera,039,155013,71,34,1,35,2
2020-04-18,Marin,041,260295,210,193,1,194,10
2020-04-18,Mariposa,043,17540,2,0,0,0,0
2020-04-18,Mendocino,045,87422,6,4,0,4,0
2020-04-18,Merced,047,269075,128,82,0,82,3
2020-04-18,Modoc,049,8938,0,0,0,0,0
2020-04-18,Mono,051,14174,29,22,0,22,1
2020-04-18,Monterey,053,433212,201,135,0,135,3
2020-04-18,Napa,055,140530,64,49,0,49,2
2020-04-18,Nevada,057,99092,39,34,1,35,1
2020-04-18,Orange,059,3164182,2444,1569,20,1589,32
2020-04-18,Placer,061,380077,152,130,0,130,8
2020-04-18,Plumas,063,18699,4,4,0,4,0
2020-04-18,Riverside,065,2383286,3652,2257,14,2271,56
2020-04-18,Sacramento,067,1510023,1001,901,0,901,32
2020-04-18,San Benito,069,59416,42,40,0,40,2
2020-04-18,San Bernardino,071,2135413,1833,1255,1,1256,58
2020-04-18,San Diego,073,3302833,2999,2215,0,2215,71
2020-04-18,San Francisco,075,870044,1416,1144,0,1144,19
2020-04-18,San Joaquin,077,732212,497,392,3,395,17
2020-04-18,San Luis Obispo,079,281455,196,129,3,132,1
2020-04-18,San Mateo,081,765935,1141,821,2,823,31
2020-04-18,Santa Barbara,083,443738,456,372,2,374,3
2020-04-18,Santa Clara,085,1922200,2273,1862,5,1867,79
2020-04-18,Santa Cruz,087,273765,124,96,0,96,2
2020-04-18,Shasta,089,179085,31,26,0,26,3
2020-04-18,Sierra,091,2930,0,0,0,0,0
2020-04-18,Siskiyou,093,43540,5,5,0,5,0
2020-04-18,Solano,095,438530,225,175,0,175,2
2020-04-18,Sonoma,097,501317,207,168,0,168,1
2020-04-18,Stanislaus,099,539301,285,216,4,220,3
2020-04-18,Sutter,101,95872,26,21,0,21,2
2020-04-18,Tehama,103,63373,1,1,0,1,1
2020-04-18,Trinity,105,12862,0,0,0,0,0
2020-04-18,Tulare,107,460477,602,385,5,390,17
2020-04-18,Tuolumne,109,53932,3,2,0,2,0
2020-04-18,Ventura,111,848112,549,416,1,417,13
2020-04-18,Yolo,113,214977,171,118,0,118,5
2020-04-18,Yuba,115,75493,16,14,0,14,1
2020-04-17,Alameda,001,1643700,1411,1043,1,1044,40
2020-04-17,Alpine,003,1148,1,1,0,1,0
2020-04-17,Amador,005,37829,7,7,0,7,0
2020-04-17,Butte,007,227075,22,15,2,17,0
2020-04-17,Calaveras,009,45235,12,11,0,11,0
2020-04-17,Colusa,011,21464,3,3,0,3,0
2020-04-17,Contra Costa,013,1133247,845,687,0,687,15
2020-04-17,Del Norte,015,27424,2,2,0,2,0
2020-04-17,El Dorado,017,186661,54,35,0,35,0
2020-04-17,Fresno,019,978130,600,315,6,321,7
2020-04-17,Glenn,021,27897,4,3,0,3,0
2020-04-17,Humboldt,023,135768,57,52,0,52,0
2020-04-17,Imperial,025,180216,300,135,0,135,2
2020-04-17,Inyo,027,18085,19,17,0,17,0
2020-04-17,Kern,029,883053,809,612,1,613,3
2020-04-17,Kings,031,150075,64,15,0,15,1
2020-04-17,Lake,033,64148,6,6,0,6,0
2020-04-17,Lassen,035,31185,3,0,2,2,0
2020-04-17,Los Angeles,037,10098052,18698,11354,15,11369,489
2020-04-17,Madera,039,155013,71,34,1,35,2
2020-04-17,Marin,041,260295,207,189,1,190,10
2020-04-17,Mariposa,043,17540,1,0,0,0,0
2020-04-17,Mendocino,045,87422,6,4,0,4,0
2020-04-17,Merced,047,269075,127,80,0,80,3
2020-04-17,Modoc,049,8938,0,0,0,0,0
2020-04-17,Mono,051,14174,29,22,0,22,1
2020-04-17,Monterey,053,433212,196,119,0,119,3
2020-04-17,Napa,055,140530,62,46,0,46,2
2020-04-17,Nevada,057,99092,38,34,1,35,1
2020-04-17,Orange,059,3164182,2393,1496,20,1516,31
2020-04-17,Placer,061,380077,152,130,0,130,8
2020-04-17,Plumas,063,18699,4,4,0,4,0
2020-04-17,Riverside,065,2383286,3525,2080,14,2094,50
2020-04-17,Sacramento,067,1510023,994,882,0,882,32
2020-04-17,San Benito,069,59416,42,38,0,38,2
2020-04-17,San Bernardino,071,2135413,1794,1229,1,1230,57
2020-04-17,San Diego,073,3302833,2909,2160,0,2160,70
2020-04-17,San Francisco,075,870044,1391,1090,0,1090,19
2020-04-17,San Joaquin,077,732212,486,356,3,359,17
2020-04-17,San Luis Obispo,079,281455,189,116,3,119,1
2020-04-17,San Mateo,081,765935,1125,768,2,770,31
2020-04-17,Santa Barbara,083,443738,451,349,2,351,3
2020-04-17,Santa Clara,085,1922200,2237,1834,5,1839,74
2020-04-17,Santa Cruz,087,273765,123,94,0,94,2
2020-04-17,Shasta,089,179085,31,26,0,26,3
2020-04-17,Sierra,091,2930,0,0,0,0,0
2020-04-17,Siskiyou,093,43540,5,5,0,5,0
2020-04-17,Solano,095,438530,224,173,0,173,2
2020-04-17,Sonoma,097,501317,204,167,0,167,1
2020-04-17,Stanislaus,099,539301,283,201,4,205,3
2020-04-17,Sutter,101,95872,26,20,0,20,2
2020-04-17,Tehama,103,63373,1,1,0,1,1
2020-04-17,Trinity,105,12862,0,0,0,0,0
2020-04-17,Tulare,107,460477,595,370,5,375,17
2020-04-17,Tuolumne,109,53932,3,2,0,2,0
2020-04-17,Ventura,111,848112,544,398,1,399,13
2020-04-17,Yolo,113,214977,170,117,0,117,5
2020-04-17,Yuba,115,75493,16,14,0,14,1
2020-04-16,Alameda,001,1643700,1378,981,1,982,39
2020-04-16,Alpine,003,1148,1,1,0,1,0
2020-04-16,Amador,005,37829,7,7,0,7,0
2020-04-16,Butte,007,227075,21,15,2,17,0
2020-04-16,Calaveras,009,45235,12,10,0,10,0
2020-04-16,Colusa,011,21464,3,3,0,3,0
2020-04-16,Contra Costa,013,1133247,831,675,0,675,14
2020-04-16,Del Norte,015,27424,2,2,0,2,0
2020-04-16,El Dorado,017,186661,53,34,0,34,0
2020-04-16,Fresno,019,978130,570,289,6,295,7
2020-04-16,Glenn,021,27897,4,3,0,3,0
2020-04-16,Humboldt,023,135768,57,47,0,47,0
2020-04-16,Imperial,025,180216,285,132,0,132,2
2020-04-16,Inyo,027,18085,17,17,0,17,0
2020-04-16,Kern,029,883053,782,587,1,588,3
2020-04-16,Kings,031,150075,60,12,0,12,1
2020-04-16,Lake,033,64148,6,6,0,6,0
2020-04-16,Lassen,035,31185,3,0,2,2,0
2020-04-16,Los Angeles,037,10098052,17805,10786,15,10801,447
2020-04-16,Madera,039,155013,69,34,1,35,2
2020-04-16,Marin,041,260295,203,170,1,171,10
2020-04-16,Mariposa,043,17540,1,1,0,1,0
2020-04-16,Mendocino,045,87422,6,4,0,4,0
2020-04-16,Merced,047,269075,121,76,0,76,3
2020-04-16,Modoc,049,8938,0,0,0,0,0
2020-04-16,Mono,051,14174,29,22,0,22,1
2020-04-16,Monterey,053,433212,193,116,0,116,3
2020-04-16,Napa,055,140530,59,44,0,44,2
2020-04-16,Nevada,057,99092,38,34,1,35,1
2020-04-16,Orange,059,3164182,2328,1439,19,1458,28
2020-04-16,Placer,061,380077,150,129,0,129,7
2020-04-16,Plumas,063,18699,4,4,0,4,0
2020-04-16,Riverside,065,2383286,3405,1913,14,1927,45
2020-04-16,Sacramento,067,1510023,986,865,0,865,32
2020-04-16,San Benito,069,59416,42,36,0,36,2
2020-04-16,San Bernardino,071,2135413,1713,1143,0,1143,54
2020-04-16,San Diego,073,3302833,2801,2089,0,2089,63
2020-04-16,San Francisco,075,870044,1347,1039,0,1039,16
2020-04-16,San Joaquin,077,732212,471,345,3,348,17
2020-04-16,San Luis Obispo,079,281455,185,113,3,116,1
2020-04-16,San Mateo,081,765935,1096,745,2,747,29
2020-04-16,Santa Barbara,083,443738,440,331,2,333,3
2020-04-16,Santa Clara,085,1922200,2200,1789,5,1794,70
2020-04-16,Santa Cruz,087,273765,121,90,0,90,2
2020-04-16,Shasta,089,179085,31,25,0,25,3
2020-04-16,Sierra,091,2930,0,0,0,0,0
2020-04-16,Siskiyou,093,43540,5,5,0,5,0
2020-04-16,Solano,095,438530,221,162,0,162,2
2020-04-16,Sonoma,097,501317,199,145,0,145,1
2020-04-16,Stanislaus,099,539301,280,185,4,189,3
2020-04-16,Sutter,101,95872,25,21,0,21,2
2020-04-16,Tehama,103,63373,1,1,0,1,1
2020-04-16,Trinity,105,12862,0,0,0,0,0
2020-04-16,Tulare,107,460477,578,305,5,310,16
2020-04-16,Tuolumne,109,53932,3,1,0,1,0
2020-04-16,Ventura,111,848112,532,384,1,385,13
2020-04-16,Yolo,113,214977,168,98,0,98,4
2020-04-16,Yuba,115,75493,15,14,0,14,1
2020-04-15,Alameda,001,1643700,1328,915,1,916,38
2020-04-15,Alpine,003,1148,1,1,0,1,0
2020-04-15,Amador,005,37829,7,7,0,7,0
2020-04-15,Butte,007,227075,21,14,2,16,0
2020-04-15,Calaveras,009,45235,11,9,0,9,0
2020-04-15,Colusa,011,21464,3,3,0,3,0
2020-04-15,Contra Costa,013,1133247,809,645,0,645,14
2020-04-15,Del Norte,015,27424,2,2,0,2,0
2020-04-15,El Dorado,017,186661,51,33,0,33,0
2020-04-15,Fresno,019,978130,544,264,6,270,7
2020-04-15,Glenn,021,27897,4,3,0,3,0
2020-04-15,Humboldt,023,135768,57,47,0,47,0
2020-04-15,Imperial,025,180216,259,115,0,115,2
2020-04-15,Inyo,027,18085,17,12,0,12,0
2020-04-15,Kern,029,883053,760,500,1,501,3
2020-04-15,Kings,031,150075,56,12,0,12,1
2020-04-15,Lake,033,64148,6,4,0,4,0
2020-04-15,Lassen,035,31185,3,0,2,2,0
2020-04-15,Los Angeles,037,10098052,16982,10416,15,10431,394
2020-04-15,Madera,039,155013,69,30,1,31,2
2020-04-15,Marin,041,260295,200,162,1,163,10
2020-04-15,Mariposa,043,17540,0,0,0,0,0
2020-04-15,Mendocino,045,87422,5,4,0,4,0
2020-04-15,Merced,047,269075,119,74,0,74,3
2020-04-15,Modoc,049,8938,0,0,0,0,0
2020-04-15,Mono,051,14174,29,22,0,22,1
2020-04-15,Monterey,053,433212,185,106,0,106,3
2020-04-15,Napa,055,140530,56,34,0,34,2
2020-04-15,Nevada,057,99092,37,34,1,35,1
2020-04-15,Orange,059,3164182,2225,1377,19,1396,24
2020-04-15,Placer,061,380077,149,123,0,123,6
2020-04-15,Plumas,063,18699,4,4,0,4,0
2020-04-15,Riverside,065,2383286,3210,1723,14,1737,42
2020-04-15,Sacramento,067,1510023,977,839,0,839,32
2020-04-15,San Benito,069,59416,42,34,0,34,2
2020-04-15,San Bernardino,071,2135413,1643,1063,0,1063,45
2020-04-15,San Diego,073,3302833,2713,2014,0,2014,60
2020-04-15,San Francisco,075,870044,1311,1006,0,1006,16
2020-04-15,San Joaquin,077,732212,463,329,3,332,17
2020-04-15,San Luis Obispo,079,281455,177,112,3,115,1
2020-04-15,San Mateo,081,765935,1047,707,2,709,28
2020-04-15,Santa Barbara,083,443738,424,317,2,319,2
2020-04-15,Santa Clara,085,1922200,2161,1692,5,1697,69
2020-04-15,Santa Cruz,087,273765,117,92,0,92,2
2020-04-15,Shasta,089,179085,31,25,0,25,3
2020-04-15,Sierra,091,2930,0,0,0,0,0
2020-04-15,Siskiyou,093,43540,5,5,0,5,0
2020-04-15,Solano,095,438530,216,153,0,153,2
2020-04-15,Sonoma,097,501317,197,140,0,140,1
2020-04-15,Stanislaus,099,539301,273,174,4,178,3
2020-04-15,Sutter,101,95872,25,19,0,19,2
2020-04-15,Tehama,103,63373,1,1,0,1,1
2020-04-15,Trinity,105,12862,0,0,0,0,0
2020-04-15,Tulare,107,460477,560,289,5,294,14
2020-04-15,Tuolumne,109,53932,3,1,0,1,0
2020-04-15,Ventura,111,848112,517,365,1,366,13
2020-04-15,Yolo,113,214977,161,93,0,93,3
2020-04-15,Yuba,115,75493,15,15,0,15,1
2020-04-14,Alameda,001,1643700,1283,843,1,844,30
2020-04-14,Alpine,003,1148,1,1,0,1,0
2020-04-14,Amador,005,37829,7,6,0,6,0
2020-04-14,Butte,007,227075,21,13,2,15,0
2020-04-14,Calaveras,009,45235,11,5,0,5,0
2020-04-14,Colusa,011,21464,3,3,0,3,0
2020-04-14,Contra Costa,013,1133247,797,617,0,617,12
2020-04-14,Del Norte,015,27424,2,2,0,2,0
2020-04-14,El Dorado,017,186661,51,30,0,30,0
2020-04-14,Fresno,019,978130,521,244,6,250,6
2020-04-14,Glenn,021,27897,4,3,0,3,0
2020-04-14,Humboldt,023,135768,57,44,0,44,0
2020-04-14,Imperial,025,180216,239,86,0,86,2
2020-04-14,Inyo,027,18085,17,12,0,12,0
2020-04-14,Kern,029,883053,736,453,1,454,3
2020-04-14,Kings,031,150075,55,12,0,12,1
2020-04-14,Lake,033,64148,6,3,0,3,0
2020-04-14,Lassen,035,31185,3,0,2,2,0
2020-04-14,Los Angeles,037,10098052,16088,9948,14,9962,357
2020-04-14,Madera,039,155013,68,29,1,30,2
2020-04-14,Marin,041,260295,196,147,1,148,9
2020-04-14,Mariposa,043,17540,0,0,0,0,0
2020-04-14,Mendocino,045,87422,5,4,0,4,0
2020-04-14,Merced,047,269075,112,61,0,61,3
2020-04-14,Modoc,049,8938,0,0,0,0,0
2020-04-14,Mono,051,14174,29,22,0,22,1
2020-04-14,Monterey,053,433212,180,98,0,98,3
2020-04-14,Napa,055,140530,56,33,0,33,2
2020-04-14,Nevada,057,99092,37,34,1,35,1
2020-04-14,Orange,059,3164182,2125,1362,19,1381,24
2020-04-14,Placer,061,380077,148,117,0,117,5
2020-04-14,Plumas,063,18699,4,3,0,3,0
2020-04-14,Riverside,065,2383286,3075,1467,14,1481,40
2020-04-14,Sacramento,067,1510023,968,737,0,737,29
2020-04-14,San Benito,069,59416,39,34,0,34,2
2020-04-14,San Bernardino,071,2135413,1588,933,0,933,37
2020-04-14,San Diego,073,3302833,2618,1932,0,1932,53
2020-04-14,San Francisco,075,870044,1257,968,0,968,14
2020-04-14,San Joaquin,077,732212,453,280,3,283,17
2020-04-14,San Luis Obispo,079,281455,174,109,3,112,1
2020-04-14,San Mateo,081,765935,1013,681,2,683,28
2020-04-14,Santa Barbara,083,443738,400,292,2,294,2
2020-04-14,Santa Clara,085,1922200,2128,1561,5,1566,63
2020-04-14,Santa Cruz,087,273765,109,84,0,84,2
2020-04-14,Shasta,089,179085,31,24,0,24,3
2020-04-14,Sierra,091,2930,0,0,0,0,0
2020-04-14,Siskiyou,093,43540,5,5,0,5,0
2020-04-14,Solano,095,438530,213,140,0,140,2
2020-04-14,Sonoma,097,501317,193,133,0,133,1
2020-04-14,Stanislaus,099,539301,260,136,4,140,3
2020-04-14,Sutter,101,95872,24,19,0,19,2
2020-04-14,Tehama,103,63373,1,1,0,1,1
2020-04-14,Trinity,105,12862,0,0,0,0,0
2020-04-14,Tulare,107,460477,536,228,5,233,12
2020-04-14,Tuolumne,109,53932,3,0,0,0,0
2020-04-14,Ventura,111,848112,504,328,1,329,11
2020-04-14,Yolo,113,214977,158,81,0,81,3
2020-04-14,Yuba,115,75493,14,14,0,14,1
2020-04-13,Alameda,001,1643700,1245,821,1,822,23
2020-04-13,Alpine,003,1148,1,1,0,1,0
2020-04-13,Amador,005,37829,7,6,0,6,0
2020-04-13,Butte,007,227075,20,13,2,15,0
2020-04-13,Calaveras,009,45235,10,5,0,5,0
2020-04-13,Colusa,011,21464,3,3,0,3,0
2020-04-13,Contra Costa,013,1133247,781,569,0,569,12
2020-04-13,Del Norte,015,27424,2,2,0,2,0
2020-04-13,El Dorado,017,186661,49,29,0,29,0
2020-04-13,Fresno,019,978130,499,205,5,210,4
2020-04-13,Glenn,021,27897,4,3,0,3,0
2020-04-13,Humboldt,023,135768,57,44,0,44,0
2020-04-13,Imperial,025,180216,221,82,0,82,2
2020-04-13,Inyo,027,18085,17,12,0,12,0
2020-04-13,Kern,029,883053,711,346,1,347,3
2020-04-13,Kings,031,150075,51,9,0,9,0
2020-04-13,Lake,033,64148,6,3,0,3,0
2020-04-13,Lassen,035,31185,3,0,2,2,0
2020-04-13,Los Angeles,037,10098052,15368,9367,14,9381,317
2020-04-13,Madera,039,155013,66,29,1,30,2
2020-04-13,Marin,041,260295,192,144,1,145,6
2020-04-13,Mariposa,043,17540,0,0,0,0,0
2020-04-13,Mendocino,045,87422,5,4,0,4,0
2020-04-13,Merced,047,269075,111,60,0,60,3
2020-04-13,Modoc,049,8938,0,0,0,0,0
2020-04-13,Mono,051,14174,29,21,0,21,1
2020-04-13,Monterey,053,433212,173,86,0,86,3
2020-04-13,Napa,055,140530,55,30,0,30,2
2020-04-13,Nevada,057,99092,37,24,1,25,1
2020-04-13,Orange,059,3164182,2053,1313,19,1332,21
2020-04-13,Placer,061,380077,147,116,0,116,5
2020-04-13,Plumas,063,18699,4,3,0,3,0
2020-04-13,Riverside,065,2383286,2934,1460,13,1473,35
2020-04-13,Sacramento,067,1510023,956,723,0,723,25
2020-04-13,San Benito,069,59416,38,33,0,33,2
2020-04-13,San Bernardino,071,2135413,1513,920,0,920,30
2020-04-13,San Diego,073,3302833,2535,1849,0,1849,47
2020-04-13,San Francisco,075,870044,1219,948,0,948,12
2020-04-13,San Joaquin,077,732212,438,255,3,258,16
2020-04-13,San Luis Obispo,079,281455,169,106,3,109,1
2020-04-13,San Mateo,081,765935,973,679,2,681,25
2020-04-13,Santa Barbara,083,443738,381,271,1,272,2
2020-04-13,Santa Clara,085,1922200,2082,1540,5,1545,58
2020-04-13,Santa Cruz,087,273765,103,82,0,82,1
2020-04-13,Shasta,089,179085,30,24,0,24,3
2020-04-13,Sierra,091,2930,0,0,0,0,0
2020-04-13,Siskiyou,093,43540,5,5,0,5,0
2020-04-13,Solano,095,438530,210,136,0,136,2
2020-04-13,Sonoma,097,501317,186,133,0,133,1
2020-04-13,Stanislaus,099,539301,254,130,4,134,1
2020-04-13,Sutter,101,95872,24,18,0,18,2
2020-04-13,Tehama,103,63373,1,1,0,1,0
2020-04-13,Trinity,105,12862,0,0,0,0,0
2020-04-13,Tulare,107,460477,500,185,5,190,11
2020-04-13,Tuolumne,109,53932,3,0,0,0,0
2020-04-13,Ventura,111,848112,483,309,0,309,9
2020-04-13,Yolo,113,214977,152,81,0,81,3
2020-04-13,Yuba,115,75493,14,13,0,13,1
2020-04-12,Alameda,001,1643700,1202,774,1,775,23
2020-04-12,Alpine,003,1148,1,1,0,1,0
2020-04-12,Amador,005,37829,7,6,0,6,0
2020-04-12,Butte,007,227075,20,13,2,15,0
2020-04-12,Calaveras,009,45235,10,5,0,5,0
2020-04-12,Colusa,011,21464,3,3,0,3,0
2020-04-12,Contra Costa,013,1133247,768,553,0,553,12
2020-04-12,Del Norte,015,27424,2,2,0,2,0
2020-04-12,El Dorado,017,186661,49,28,0,28,0
2020-04-12,Fresno,019,978130,470,205,5,210,4
2020-04-12,Glenn,021,27897,4,3,0,3,0
2020-04-12,Humboldt,023,135768,57,43,0,43,0
2020-04-12,Imperial,025,180216,198,78,0,78,2
2020-04-12,Inyo,027,18085,15,12,0,12,0
2020-04-12,Kern,029,883053,679,319,0,319,3
2020-04-12,Kings,031,150075,49,9,0,9,0
2020-04-12,Lake,033,64148,6,3,0,3,0
2020-04-12,Lassen,035,31185,3,0,2,2,0
2020-04-12,Los Angeles,037,10098052,14648,9133,14,9147,294
2020-04-12,Madera,039,155013,65,29,1,30,2
2020-04-12,Marin,041,260295,181,138,1,139,6
2020-04-12,Mariposa,043,17540,0,0,0,0,0
2020-04-12,Mendocino,045,87422,5,4,0,4,0
2020-04-12,Merced,047,269075,107,58,0,58,3
2020-04-12,Modoc,049,8938,0,0,0,0,0
2020-04-12,Mono,051,14174,29,20,0,20,1
2020-04-12,Monterey,053,433212,159,85,0,85,3
2020-04-12,Napa,055,140530,53,29,0,29,2
2020-04-12,Nevada,057,99092,37,24,1,25,1
2020-04-12,Orange,059,3164182,1993,1283,18,1301,21
2020-04-12,Placer,061,380077,146,114,0,114,4
2020-04-12,Plumas,063,18699,4,3,0,3,0
2020-04-12,Riverside,065,2383286,2752,1330,13,1343,34
2020-04-12,Sacramento,067,1510023,919,689,0,689,25
2020-04-12,San Benito,069,59416,36,33,0,33,2
2020-04-12,San Bernardino,071,2135413,1437,827,0,827,30
2020-04-12,San Diego,073,3302833,2445,1806,0,1806,45
2020-04-12,San Francisco,075,870044,1192,886,0,886,11
2020-04-12,San Joaquin,077,732212,420,246,3,249,15
2020-04-12,San Luis Obispo,079,281455,166,102,2,104,1
2020-04-12,San Mateo,081,765935,947,664,2,666,25
2020-04-12,Santa Barbara,083,443738,362,261,1,262,2
2020-04-12,Santa Clara,085,1922200,2054,1461,5,1466,53
2020-04-12,Santa Cruz,087,273765,102,80,0,80,1
2020-04-12,Shasta,089,179085,30,24,0,24,3
2020-04-12,Sierra,091,2930,0,0,0,0,0
2020-04-12,Siskiyou,093,43540,5,5,0,5,0
2020-04-12,Solano,095,438530,204,136,0,136,2
2020-04-12,Sonoma,097,501317,183,131,0,131,1
2020-04-12,Stanislaus,099,539301,246,117,4,121,1
2020-04-12,Sutter,101,95872,23,18,0,18,2
2020-04-12,Tehama,103,63373,1,1,0,1,0
2020-04-12,Trinity,105,12862,0,0,0,0,0
2020-04-12,Tulare,107,460477,488,166,5,171,11
2020-04-12,Tuolumne,109,53932,3,0,0,0,0
2020-04-12,Ventura,111,848112,473,306,0,306,9
2020-04-12,Yolo,113,214977,138,67,0,67,3
2020-04-12,Yuba,115,75493,14,13,0,13,1
2020-04-11,Alameda,001,1643700,1160,751,1,752,23
2020-04-11,Alpine,003,1148,1,1,0,1,0
2020-04-11,Amador,005,37829,7,6,0,6,0
2020-04-11,Butte,007,227075,20,13,2,15,0
2020-04-11,Calaveras,009,45235,10,5,0,5,0
2020-04-11,Colusa,011,21464,3,3,0,3,0
2020-04-11,Contra Costa,013,1133247,759,550,0,550,12
2020-04-11,Del Norte,015,27424,2,2,0,2,0
2020-04-11,El Dorado,017,186661,48,29,0,29,0
2020-04-11,Fresno,019,978130,460,201,5,206,4
2020-04-11,Glenn,021,27897,4,3,0,3,0
2020-04-11,Humboldt,023,135768,57,38,0,38,0
2020-04-11,Imperial,025,180216,188,78,0,78,2
2020-04-11,Inyo,027,18085,15,12,0,12,0
2020-04-11,Kern,029,883053,651,304,0,304,3
2020-04-11,Kings,031,150075,46,9,0,9,0
2020-04-11,Lake,033,64148,6,3,0,3,0
2020-04-11,Lassen,035,31185,3,0,2,2,0
2020-04-11,Los Angeles,037,10098052,14173,8823,14,8837,262
2020-04-11,Madera,039,155013,64,29,1,30,2
2020-04-11,Marin,041,260295,178,136,1,137,6
2020-04-11,Mariposa,043,17540,0,0,0,0,0
2020-04-11,Mendocino,045,87422,5,4,0,4,0
2020-04-11,Merced,047,269075,104,59,0,59,3
2020-04-11,Modoc,049,8938,0,0,0,0,0
2020-04-11,Mono,051,14174,29,20,0,20,1
2020-04-11,Monterey,053,433212,153,78,0,78,3
2020-04-11,Napa,055,140530,53,29,0,29,2
2020-04-11,Nevada,057,99092,37,24,1,25,1
2020-04-11,Orange,059,3164182,1931,1267,18,1285,21
2020-04-11,Placer,061,380077,146,113,0,113,4
2020-04-11,Plumas,063,18699,4,3,0,3,0
2020-04-11,Riverside,065,2383286,2673,1260,13,1273,33
2020-04-11,Sacramento,067,1510023,908,685,0,685,25
2020-04-11,San Benito,069,59416,36,33,0,33,2
2020-04-11,San Bernardino,071,2135413,1401,826,0,826,28
2020-04-11,San Diego,073,3302833,2379,1763,0,1763,45
2020-04-11,San Francisco,075,870044,1170,860,0,860,11
2020-04-11,San Joaquin,077,732212,415,244,3,247,15
2020-04-11,San Luis Obispo,079,281455,166,100,1,101,1
2020-04-11,San Mateo,081,765935,935,662,2,664,25
2020-04-11,Santa Barbara,083,443738,354,258,1,259,2
2020-04-11,Santa Clara,085,1922200,1995,1441,5,1446,51
2020-04-11,Santa Cruz,087,273765,102,79,0,79,1
2020-04-11,Shasta,089,179085,30,24,0,24,3
2020-04-11,Sierra,091,2930,0,0,0,0,0
2020-04-11,Siskiyou,093,43540,5,5,0,5,0
2020-04-11,Solano,095,438530,200,138,0,138,2
2020-04-11,Sonoma,097,501317,181,131,0,131,1
2020-04-11,Stanislaus,099,539301,238,119,3,122,1
2020-04-11,Sutter,101,95872,23,18,0,18,2
2020-04-11,Tehama,103,63373,1,1,0,1,0
2020-04-11,Trinity,105,12862,0,0,0,0,0
2020-04-11,Tulare,107,460477,466,168,5,173,10
2020-04-11,Tuolumne,109,53932,3,0,0,0,0
2020-04-11,Ventura,111,848112,463,304,0,304,9
2020-04-11,Yolo,113,214977,135,67,0,67,3
2020-04-11,Yuba,115,75493,14,13,0,13,1
2020-04-10,Alameda,001,1643700,1119,706,1,707,21
2020-04-10,Alpine,003,1148,1,1,0,1,0
2020-04-10,Amador,005,37829,7,5,0,5,0
2020-04-10,Butte,007,227075,20,13,2,15,0
2020-04-10,Calaveras,009,45235,10,5,0,5,0
2020-04-10,Colusa,011,21464,3,3,0,3,0
2020-04-10,Contra Costa,013,1133247,746,537,0,537,10
2020-04-10,Del Norte,015,27424,2,2,0,2,0
2020-04-10,El Dorado,017,186661,48,26,0,26,0
2020-04-10,Fresno,019,978130,453,186,4,190,3
2020-04-10,Glenn,021,27897,4,3,0,3,0
2020-04-10,Humboldt,023,135768,57,36,0,36,0
2020-04-10,Imperial,025,180216,181,70,0,70,2
2020-04-10,Inyo,027,18085,13,11,0,11,0
2020-04-10,Kern,029,883053,627,272,0,272,3
2020-04-10,Kings,031,150075,43,7,0,7,0
2020-04-10,Lake,033,64148,6,3,0,3,0
2020-04-10,Lassen,035,31185,3,0,2,2,0
2020-04-10,Los Angeles,037,10098052,13656,8384,13,8397,239
2020-04-10,Madera,039,155013,63,29,1,30,2
2020-04-10,Marin,041,260295,173,128,1,129,6
2020-04-10,Mariposa,043,17540,0,0,0,0,0
2020-04-10,Mendocino,045,87422,5,4,0,4,0
2020-04-10,Merced,047,269075,102,56,0,56,3
2020-04-10,Modoc,049,8938,0,0,0,0,0
2020-04-10,Mono,051,14174,29,20,0,20,1
2020-04-10,Monterey,053,433212,142,78,0,78,3
2020-04-10,Napa,055,140530,50,28,0,28,2
2020-04-10,Nevada,057,99092,37,23,1,24,1
2020-04-10,Orange,059,3164182,1884,1167,18,1185,21
2020-04-10,Placer,061,380077,145,112,0,112,4
2020-04-10,Plumas,063,18699,4,3,0,3,0
2020-04-10,Riverside,065,2383286,2607,1162,13,1175,30
2020-04-10,Sacramento,067,1510023,899,642,0,642,24
2020-04-10,San Benito,069,59416,36,32,0,32,2
2020-04-10,San Bernardino,071,2135413,1353,779,0,779,27
2020-04-10,San Diego,073,3302833,2319,1695,0,1695,44
2020-04-10,San Francisco,075,870044,1139,797,0,797,10
2020-04-10,San Joaquin,077,732212,403,234,3,237,14
2020-04-10,San Luis Obispo,079,281455,166,97,1,98,1
2020-04-10,San Mateo,081,765935,919,642,2,644,24
2020-04-10,Santa Barbara,083,443738,346,254,1,255,2
2020-04-10,Santa Clara,085,1922200,1943,1351,5,1356,50
2020-04-10,Santa Cruz,087,273765,101,75,0,75,1
2020-04-10,Shasta,089,179085,30,24,0,24,3
2020-04-10,Sierra,091,2930,0,0,0,0,0
2020-04-10,Siskiyou,093,43540,5,5,0,5,0
2020-04-10,Solano,095,438530,197,129,0,129,2
2020-04-10,Sonoma,097,501317,180,129,0,129,1
2020-04-10,Stanislaus,099,539301,231,101,3,104,0
2020-04-10,Sutter,101,95872,23,18,0,18,2
2020-04-10,Tehama,103,63373,1,1,0,1,0
2020-04-10,Trinity,105,12862,0,0,0,0,0
2020-04-10,Tulare,107,460477,424,163,5,168,10
2020-04-10,Tuolumne,109,53932,3,0,0,0,0
2020-04-10,Ventura,111,848112,454,290,0,290,9
2020-04-10,Yolo,113,214977,133,62,0,62,3
2020-04-10,Yuba,115,75493,14,13,0,13,1
2020-04-09,Alameda,001,1643700,1069,641,1,642,17
2020-04-09,Alpine,003,1148,1,1,0,1,0
2020-04-09,Amador,005,37829,7,2,0,2,0
2020-04-09,Butte,007,227075,20,12,2,14,0
2020-04-09,Calaveras,009,45235,10,5,0,5,0
2020-04-09,Colusa,011,21464,3,3,0,3,0
2020-04-09,Contra Costa,013,1133247,703,505,0,505,7
2020-04-09,Del Norte,015,27424,2,2,0,2,0
2020-04-09,El Dorado,017,186661,47,25,0,25,0
2020-04-09,Fresno,019,978130,428,165,4,169,3
2020-04-09,Glenn,021,27897,4,2,0,2,0
2020-04-09,Humboldt,023,135768,57,36,0,36,0
2020-04-09,Imperial,025,180216,160,67,0,67,2
2020-04-09,Inyo,027,18085,12,11,0,11,0
2020-04-09,Kern,029,883053,591,241,0,241,2
2020-04-09,Kings,031,150075,40,5,0,5,0
2020-04-09,Lake,033,64148,5,1,0,1,0
2020-04-09,Lassen,035,31185,3,0,2,2,0
2020-04-09,Los Angeles,037,10098052,13025,7919,13,7932,220
2020-04-09,Madera,039,155013,63,28,1,29,2
2020-04-09,Marin,041,260295,171,126,1,127,7
2020-04-09,Mariposa,043,17540,0,0,0,0,0
2020-04-09,Mendocino,045,87422,5,4,0,4,0
2020-04-09,Merced,047,269075,99,41,0,41,3
2020-04-09,Modoc,049,8938,0,0,0,0,0
2020-04-09,Mono,051,14174,29,19,0,19,1
2020-04-09,Monterey,053,433212,124,70,0,70,3
2020-04-09,Napa,055,140530,46,27,0,27,2
2020-04-09,Nevada,057,99092,36,23,1,24,1
2020-04-09,Orange,059,3164182,1810,1105,18,1123,19
2020-04-09,Placer,061,380077,144,107,0,107,4
2020-04-09,Plumas,063,18699,4,3,0,3,0
2020-04-09,Riverside,065,2383286,2464,1083,13,1096,29
2020-04-09,Sacramento,067,1510023,876,601,0,601,21
2020-04-09,San Benito,069,59416,36,32,0,32,2
2020-04-09,San Bernardino,071,2135413,1284,717,0,717,27
2020-04-09,San Diego,073,3302833,2223,1630,0,1630,40
2020-04-09,San Francisco,075,870044,1119,748,0,748,8
2020-04-09,San Joaquin,077,732212,382,223,3,226,14
2020-04-09,San Luis Obispo,079,281455,158,93,1,94,1
2020-04-09,San Mateo,081,765935,903,630,2,632,23
2020-04-09,Santa Barbara,083,443738,336,232,1,233,2
2020-04-09,Santa Clara,085,1922200,1873,1301,5,1306,49
2020-04-09,Santa Cruz,087,273765,101,73,0,73,1
2020-04-09,Shasta,089,179085,30,22,0,22,3
2020-04-09,Sierra,091,2930,0,0,0,0,0
2020-04-09,Siskiyou,093,43540,5,4,0,4,0
2020-04-09,Solano,095,438530,188,118,0,118,2
2020-04-09,Sonoma,097,501317,176,113,0,113,1
2020-04-09,Stanislaus,099,539301,219,93,3,96,0
2020-04-09,Sutter,101,95872,23,17,0,17,2
2020-04-09,Tehama,103,63373,1,1,0,1,0
2020-04-09,Trinity,105,12862,0,0,0,0,0
2020-04-09,Tulare,107,460477,395,147,5,152,9
2020-04-09,Tuolumne,109,53932,3,0,0,0,0
2020-04-09,Ventura,111,848112,435,273,0,273,9
2020-04-09,Yolo,113,214977,124,59,0,59,3
2020-04-09,Yuba,115,75493,14,13,0,13,0
2020-04-08,Alameda,001,1643700,1027,594,1,595,15
2020-04-08,Alpine,003,1148,1,1,0,1,0
2020-04-08,Amador,005,37829,7,2,0,2,0
2020-04-08,Butte,007,227075,19,11,2,13,0
2020-04-08,Calaveras,009,45235,10,5,0,5,0
2020-04-08,Colusa,011,21464,3,3,0,3,0
2020-04-08,Contra Costa,013,1133247,690,481,0,481,7
2020-04-08,Del Norte,015,27424,2,2,0,2,0
2020-04-08,El Dorado,017,186661,47,25,0,25,0
2020-04-08,Fresno,019,978130,408,151,4,155,3
2020-04-08,Glenn,021,27897,4,2,0,2,0
2020-04-08,Humboldt,023,135768,57,40,0,40,0
2020-04-08,Imperial,025,180216,149,59,0,59,2
2020-04-08,Inyo,027,18085,12,11,0,11,0
2020-04-08,Kern,029,883053,550,198,0,198,2
2020-04-08,Kings,031,150075,40,5,0,5,0
2020-04-08,Lake,033,64148,5,1,0,1,0
2020-04-08,Lassen,035,31185,3,0,2,2,0
2020-04-08,Los Angeles,037,10098052,12427,7505,13,7518,196
2020-04-08,Madera,039,155013,62,28,1,29,2
2020-04-08,Marin,041,260295,165,125,1,126,7
2020-04-08,Mariposa,043,17540,0,0,0,0,0
2020-04-08,Mendocino,045,87422,5,4,0,4,0
2020-04-08,Merced,047,269075,88,35,0,35,1
2020-04-08,Modoc,049,8938,0,0,0,0,0
2020-04-08,Mono,051,14174,29,19,0,19,1
2020-04-08,Monterey,053,433212,115,68,0,68,3
2020-04-08,Napa,055,140530,44,21,0,21,2
2020-04-08,Nevada,057,99092,36,21,1,22,1
2020-04-08,Orange,059,3164182,1747,1034,18,1052,19
2020-04-08,Placer,061,380077,144,102,0,102,4
2020-04-08,Plumas,063,18699,4,3,0,3,0
2020-04-08,Riverside,065,2383286,2307,974,13,987,28
2020-04-08,Sacramento,067,1510023,842,565,0,565,21
2020-04-08,San Benito,069,59416,36,31,0,31,2
2020-04-08,San Bernardino,071,2135413,1227,635,0,635,22
2020-04-08,San Diego,073,3302833,2149,1532,0,1532,36
2020-04-08,San Francisco,075,870044,1052,687,0,687,7
2020-04-08,San Joaquin,077,732212,365,211,3,214,12
2020-04-08,San Luis Obispo,079,281455,156,90,1,91,1
2020-04-08,San Mateo,081,765935,888,608,2,610,22
2020-04-08,Santa Barbara,083,443738,319,221,1,222,2
2020-04-08,Santa Clara,085,1922200,1828,1257,5,1262,47
2020-04-08,Santa Cruz,087,273765,100,69,0,69,1
2020-04-08,Shasta,089,179085,30,18,0,18,3
2020-04-08,Sierra,091,2930,0,0,0,0,0
2020-04-08,Siskiyou,093,43540,5,4,0,4,0
2020-04-08,Solano,095,438530,175,111,0,111,2
2020-04-08,Sonoma,097,501317,170,107,0,107,1
2020-04-08,Stanislaus,099,539301,203,86,3,89,0
2020-04-08,Sutter,101,95872,22,17,0,17,2
2020-04-08,Tehama,103,63373,1,1,0,1,0
2020-04-08,Trinity,105,12862,0,0,0,0,0
2020-04-08,Tulare,107,460477,364,145,5,150,6
2020-04-08,Tuolumne,109,53932,3,0,0,0,0
2020-04-08,Ventura,111,848112,426,263,0,263,7
2020-04-08,Yolo,113,214977,107,56,0,56,3
2020-04-08,Yuba,115,75493,14,10,0,10,0
2020-04-07,Alameda,001,1643700,992,560,1,561,14
2020-04-07,Alpine,003,1148,1,1,0,1,0
2020-04-07,Amador,005,37829,7,2,0,2,0
2020-04-07,Butte,007,227075,18,11,2,13,0
2020-04-07,Calaveras,009,45235,9,5,0,5,0
2020-04-07,Colusa,011,21464,3,2,0,2,0
2020-04-07,Contra Costa,013,1133247,670,471,0,471,7
2020-04-07,Del Norte,015,27424,2,2,0,2,0
2020-04-07,El Dorado,017,186661,46,22,0,22,0
2020-04-07,Fresno,019,978130,393,138,4,142,3
2020-04-07,Glenn,021,27897,4,2,0,2,0
2020-04-07,Humboldt,023,135768,56,40,0,40,0
2020-04-07,Imperial,025,180216,130,53,0,53,2
2020-04-07,Inyo,027,18085,12,11,0,11,0
2020-04-07,Kern,029,883053,507,134,0,134,2
2020-04-07,Kings,031,150075,37,5,0,5,0
2020-04-07,Lake,033,64148,4,1,0,1,0
2020-04-07,Lassen,035,31185,3,0,2,2,0
2020-04-07,Los Angeles,037,10098052,11776,6885,13,6898,170
2020-04-07,Madera,039,155013,60,28,0,28,2
2020-04-07,Marin,041,260295,163,122,1,123,7
2020-04-07,Mariposa,043,17540,0,0,0,0,0
2020-04-07,Mendocino,045,87422,5,4,0,4,0
2020-04-07,Merced,047,269075,80,27,0,27,1
2020-04-07,Modoc,049,8938,0,0,0,0,0
2020-04-07,Mono,051,14174,28,18,0,18,1
2020-04-07,Monterey,053,433212,106,63,0,63,2
2020-04-07,Napa,055,140530,42,18,0,18,2
2020-04-07,Nevada,057,99092,36,20,1,21,1
2020-04-07,Orange,059,3164182,1700,971,16,987,19
2020-04-07,Placer,061,380077,139,94,0,94,3
2020-04-07,Plumas,063,18699,4,3,0,3,0
2020-04-07,Riverside,065,2383286,2150,905,13,918,25
2020-04-07,Sacramento,067,1510023,812,513,0,513,18
2020-04-07,San Benito,069,59416,36,26,0,26,2
2020-04-07,San Bernardino,071,2135413,1160,554,0,554,19
2020-04-07,San Diego,073,3302833,2072,1456,0,1456,31
2020-04-07,San Francisco,075,870044,992,636,0,636,6
2020-04-07,San Joaquin,077,732212,347,198,3,201,12
2020-04-07,San Luis Obispo,079,281455,149,87,1,88,1
2020-04-07,San Mateo,081,765935,867,573,2,575,22
2020-04-07,Santa Barbara,083,443738,305,209,1,210,2
2020-04-07,Santa Clara,085,1922200,1759,1193,4,1197,46
2020-04-07,Santa Cruz,087,273765,100,67,0,67,1
2020-04-07,Shasta,089,179085,29,16,0,16,3
2020-04-07,Sierra,091,2930,0,0,0,0,0
2020-04-07,Siskiyou,093,43540,5,4,0,4,0
2020-04-07,Solano,095,438530,170,99,0,99,1
2020-04-07,Sonoma,097,501317,167,102,0,102,1
2020-04-07,Stanislaus,099,539301,186,83,3,86,0
2020-04-07,Sutter,101,95872,22,16,0,16,2
2020-04-07,Tehama,103,63373,1,1,0,1,0
2020-04-07,Trinity,105,12862,0,0,0,0,0
2020-04-07,Tulare,107,460477,335,144,5,149,5
2020-04-07,Tuolumne,109,53932,3,1,0,1,0
2020-04-07,Ventura,111,848112,409,247,0,247,6
2020-04-07,Yolo,113,214977,100,51,0,51,2
2020-04-07,Yuba,115,75493,14,10,0,10,0
2020-04-06,Alameda,001,1643700,961,527,1,528,13
2020-04-06,Alpine,003,1148,1,1,0,1,0
2020-04-06,Amador,005,37829,6,2,0,2,0
2020-04-06,Butte,007,227075,17,11,2,13,0
2020-04-06,Calaveras,009,45235,9,4,0,4,0
2020-04-06,Colusa,011,21464,3,1,0,1,0
2020-04-06,Contra Costa,013,1133247,645,447,0,447,7
2020-04-06,Del Norte,015,27424,2,2,0,2,0
2020-04-06,El Dorado,017,186661,44,23,0,23,0
2020-04-06,Fresno,019,978130,371,122,4,126,1
2020-04-06,Glenn,021,27897,4,2,0,2,0
2020-04-06,Humboldt,023,135768,55,37,0,37,0
2020-04-06,Imperial,025,180216,123,47,0,47,1
2020-04-06,Inyo,027,18085,11,11,0,11,0
2020-04-06,Kern,029,883053,470,117,0,117,2
2020-04-06,Kings,031,150075,37,3,0,3,0
2020-04-06,Lake,033,64148,4,1,0,1,0
2020-04-06,Lassen,035,31185,3,0,2,2,0
2020-04-06,Los Angeles,037,10098052,11046,6346,13,6359,145
2020-04-06,Madera,039,155013,58,29,0,29,2
2020-04-06,Marin,041,260295,160,119,1,120,7
2020-04-06,Mariposa,043,17540,0,0,0,0,0
2020-04-06,Mendocino,045,87422,5,4,0,4,0
2020-04-06,Merced,047,269075,74,25,0,25,1
2020-04-06,Modoc,049,8938,0,0,0,0,0
2020-04-06,Mono,051,14174,28,18,0,18,1
2020-04-06,Monterey,053,433212,101,62,0,62,2
2020-04-06,Napa,055,140530,42,18,0,18,2
2020-04-06,Nevada,057,99092,36,19,1,20,1
2020-04-06,Orange,059,3164182,1656,910,15,925,17
2020-04-06,Placer,061,380077,139,90,0,90,3
2020-04-06,Plumas,063,18699,4,2,0,2,0
2020-04-06,Riverside,065,2383286,2024,854,13,867,17
2020-04-06,Sacramento,067,1510023,782,448,0,448,15
2020-04-06,San Benito,069,59416,34,25,0,25,1
2020-04-06,San Bernardino,071,2135413,1101,550,0,550,13
2020-04-06,San Diego,073,3302833,1990,1406,0,1406,19
2020-04-06,San Francisco,075,870044,952,586,0,586,6
2020-04-06,San Joaquin,077,732212,332,191,3,194,10
2020-04-06,San Luis Obispo,079,281455,147,85,1,86,1
2020-04-06,San Mateo,081,765935,849,569,2,571,20
2020-04-06,Santa Barbara,083,443738,296,189,1,190,2
2020-04-06,Santa Clara,085,1922200,1706,1128,4,1132,43
2020-04-06,Santa Cruz,087,273765,98,65,0,65,1
2020-04-06,Shasta,089,179085,29,16,0,16,3
2020-04-06,Sierra,091,2930,0,0,0,0,0
2020-04-06,Siskiyou,093,43540,4,4,0,4,0
2020-04-06,Solano,095,438530,163,95,0,95,1
2020-04-06,Sonoma,097,501317,166,102,0,102,1
2020-04-06,Stanislaus,099,539301,170,72,3,75,0
2020-04-06,Sutter,101,95872,22,14,0,14,2
2020-04-06,Tehama,103,63373,1,1,0,1,0
2020-04-06,Trinity,105,12862,0,0,0,0,0
2020-04-06,Tulare,107,460477,319,126,5,131,5
2020-04-06,Tuolumne,109,53932,3,1,0,1,0
2020-04-06,Ventura,111,848112,391,234,0,234,6
2020-04-06,Yolo,113,214977,96,43,0,43,1
2020-04-06,Yuba,115,75493,14,8,0,8,0
2020-04-05,Alameda,001,1643700,919,475,1,476,12
2020-04-05,Alpine,003,1148,1,1,0,1,0
2020-04-05,Amador,005,37829,6,2,0,2,0
2020-04-05,Butte,007,227075,17,10,2,12,0
2020-04-05,Calaveras,009,45235,9,3,0,3,0
2020-04-05,Colusa,011,21464,3,1,0,1,0
2020-04-05,Contra Costa,013,1133247,628,415,0,415,6
2020-04-05,Del Norte,015,27424,2,1,0,1,0
2020-04-05,El Dorado,017,186661,42,19,0,19,0
2020-04-05,Fresno,019,978130,337,102,4,106,1
2020-04-05,Glenn,021,27897,4,2,0,2,0
2020-04-05,Humboldt,023,135768,55,29,0,29,0
2020-04-05,Imperial,025,180216,115,42,0,42,1
2020-04-05,Inyo,027,18085,11,10,0,10,0
2020-04-05,Kern,029,883053,415,109,0,109,2
2020-04-05,Kings,031,150075,36,4,0,4,0
2020-04-05,Lake,033,64148,4,0,0,0,0
2020-04-05,Lassen,035,31185,3,0,2,2,0
2020-04-05,Los Angeles,037,10098052,10479,5892,13,5905,130
2020-04-05,Madera,039,155013,57,27,0,27,2
2020-04-05,Marin,041,260295,160,113,1,114,6
2020-04-05,Mariposa,043,17540,0,0,0,0,0
2020-04-05,Mendocino,045,87422,5,4,0,4,0
2020-04-05,Merced,047,269075,67,16,0,16,0
2020-04-05,Modoc,049,8938,0,0,0,0,0
2020-04-05,Mono,051,14174,28,18,0,18,1
2020-04-05,Monterey,053,433212,94,61,0,61,2
2020-04-05,Napa,055,140530,40,15,0,15,2
2020-04-05,Nevada,057,99092,36,19,1,20,1
2020-04-05,Orange,059,3164182,1600,820,15,835,15
2020-04-05,Placer,061,380077,136,86,0,86,3
2020-04-05,Plumas,063,18699,3,2,0,2,0
2020-04-05,Riverside,065,2383286,1895,669,13,682,17
2020-04-05,Sacramento,067,1510023,751,393,0,393,11
2020-04-05,San Benito,069,59416,34,22,0,22,1
2020-04-05,San Bernardino,071,2135413,1028,375,0,375,13
2020-04-05,San Diego,073,3302833,1908,1328,0,1328,19
2020-04-05,San Francisco,075,870044,905,559,0,559,6
2020-04-05,San Joaquin,077,732212,317,179,3,182,10
2020-04-05,San Luis Obispo,079,281455,145,83,1,84,1
2020-04-05,San Mateo,081,765935,829,528,2,530,19
2020-04-05,Santa Barbara,083,443738,280,171,1,172,1
2020-04-05,Santa Clara,085,1922200,1659,1052,4,1056,42
2020-04-05,Santa Cruz,087,273765,98,59,0,59,1
2020-04-05,Shasta,089,179085,28,11,0,11,2
2020-04-05,Sierra,091,2930,0,0,0,0,0
2020-04-05,Siskiyou,093,43540,4,3,0,3,0
2020-04-05,Solano,095,438530,159,78,0,78,1
2020-04-05,Sonoma,097,501317,164,88,0,88,1
2020-04-05,Stanislaus,099,539301,156,51,3,54,0
2020-04-05,Sutter,101,95872,22,14,0,14,1
2020-04-05,Tehama,103,63373,1,1,0,1,0
2020-04-05,Trinity,105,12862,0,0,0,0,0
2020-04-05,Tulare,107,460477,282,81,5,86,4
2020-04-05,Tuolumne,109,53932,3,1,0,1,0
2020-04-05,Ventura,111,848112,377,196,0,196,6
2020-04-05,Yolo,113,214977,77,37,0,37,2
2020-04-05,Yuba,115,75493,14,7,0,7,0
2020-04-04,Alameda,001,1643700,896,468,1,469,12
2020-04-04,Alpine,003,1148,1,1,0,1,0
2020-04-04,Amador,005,37829,5,2,0,2,0
2020-04-04,Butte,007,227075,17,10,2,12,0
2020-04-04,Calaveras,009,45235,9,3,0,3,0
2020-04-04,Colusa,011,21464,3,1,0,1,0
2020-04-04,Contra Costa,013,1133247,620,382,0,382,5
2020-04-04,Del Norte,015,27424,2,1,0,1,0
2020-04-04,El Dorado,017,186661,42,19,0,19,0
2020-04-04,Fresno,019,978130,327,102,4,106,1
2020-04-04,Glenn,021,27897,4,2,0,2,0
2020-04-04,Humboldt,023,135768,55,29,0,29,0
2020-04-04,Imperial,025,180216,114,42,0,42,1
2020-04-04,Inyo,027,18085,11,10,0,10,0
2020-04-04,Kern,029,883053,385,103,0,103,2
2020-04-04,Kings,031,150075,36,3,0,3,0
2020-04-04,Lake,033,64148,4,0,0,0,0
2020-04-04,Lassen,035,31185,3,0,2,2,0
2020-04-04,Los Angeles,037,10098052,9864,5275,13,5288,117
2020-04-04,Madera,039,155013,55,27,0,27,2
2020-04-04,Marin,041,260295,158,111,0,111,6
2020-04-04,Mariposa,043,17540,0,0,0,0,0
2020-04-04,Mendocino,045,87422,5,4,0,4,0
2020-04-04,Merced,047,269075,64,11,0,11,0
2020-04-04,Modoc,049,8938,0,0,0,0,0
2020-04-04,Mono,051,14174,28,18,0,18,1
2020-04-04,Monterey,053,433212,91,61,0,61,2
2020-04-04,Napa,055,140530,40,15,0,15,2
2020-04-04,Nevada,057,99092,36,19,1,20,1
2020-04-04,Orange,059,3164182,1558,781,14,795,15
2020-04-04,Placer,061,380077,135,87,0,87,2
2020-04-04,Plumas,063,18699,3,2,0,2,0
2020-04-04,Riverside,065,2383286,1794,652,13,665,15
2020-04-04,Sacramento,067,1510023,733,393,0,393,11
2020-04-04,San Benito,069,59416,34,22,0,22,1
2020-04-04,San Bernardino,071,2135413,980,373,0,373,13
2020-04-04,San Diego,073,3302833,1860,1211,0,1211,18
2020-04-04,San Francisco,075,870044,867,537,0,537,6
2020-04-04,San Joaquin,077,732212,294,171,3,174,10
2020-04-04,San Luis Obispo,079,281455,145,82,1,83,0
2020-04-04,San Mateo,081,765935,817,520,2,522,17
2020-04-04,Santa Barbara,083,443738,271,167,1,168,1
2020-04-04,Santa Clara,085,1922200,1607,1045,4,1049,39
2020-04-04,Santa Cruz,087,273765,98,56,0,56,1
2020-04-04,Shasta,089,179085,27,11,0,11,2
2020-04-04,Sierra,091,2930,0,0,0,0,0
2020-04-04,Siskiyou,093,43540,4,3,0,3,0
2020-04-04,Solano,095,438530,154,79,0,79,1
2020-04-04,Sonoma,097,501317,161,88,0,88,1
2020-04-04,Stanislaus,099,539301,145,51,3,54,0
2020-04-04,Sutter,101,95872,22,14,0,14,1
2020-04-04,Tehama,103,63373,1,1,0,1,0
2020-04-04,Trinity,105,12862,0,0,0,0,0
2020-04-04,Tulare,107,460477,268,79,5,84,4
2020-04-04,Tuolumne,109,53932,3,1,0,1,0
2020-04-04,Ventura,111,848112,364,194,0,194,6
2020-04-04,Yolo,113,214977,75,40,0,40,2
2020-04-04,Yuba,115,75493,13,7,0,7,0
2020-04-03,Alameda,001,1643700,860,395,1,396,11
2020-04-03,Alpine,003,1148,1,1,0,1,0
2020-04-03,Amador,005,37829,5,2,0,2,0
2020-04-03,Butte,007,227075,17,8,2,10,0
2020-04-03,Calaveras,009,45235,9,3,0,3,0
2020-04-03,Colusa,011,21464,3,1,0,1,0
2020-04-03,Contra Costa,013,1133247,597,327,0,327,5
2020-04-03,Del Norte,015,27424,2,1,0,1,0
2020-04-03,El Dorado,017,186661,40,16,0,16,0
2020-04-03,Fresno,019,978130,315,98,4,102,1
2020-04-03,Glenn,021,27897,4,2,0,2,0
2020-04-03,Humboldt,023,135768,55,34,0,34,0
2020-04-03,Imperial,025,180216,105,35,0,35,0
2020-04-03,Inyo,027,18085,11,10,0,10,0
2020-04-03,Kern,029,883053,359,87,0,87,1
2020-04-03,Kings,031,150075,34,3,0,3,0
2020-04-03,Lake,033,64148,3,0,0,0,0
2020-04-03,Lassen,035,31185,3,0,2,2,0
2020-04-03,Los Angeles,037,10098052,9250,4566,13,4579,91
2020-04-03,Madera,039,155013,54,28,0,28,2
2020-04-03,Marin,041,260295,156,106,0,106,6
2020-04-03,Mariposa,043,17540,0,0,0,0,0
2020-04-03,Mendocino,045,87422,5,4,0,4,0
2020-04-03,Merced,047,269075,60,9,0,9,0
2020-04-03,Modoc,049,8938,0,0,0,0,0
2020-04-03,Mono,051,14174,28,18,0,18,1
2020-04-03,Monterey,053,433212,88,58,0,58,2
2020-04-03,Napa,055,140530,39,13,0,13,1
2020-04-03,Nevada,057,99092,36,19,1,20,1
2020-04-03,Orange,059,3164182,1519,713,14,727,13
2020-04-03,Placer,061,380077,131,76,0,76,2
2020-04-03,Plumas,063,18699,3,2,0,2,0
2020-04-03,Riverside,065,2383286,1713,540,13,553,14
2020-04-03,Sacramento,067,1510023,712,363,0,363,11
2020-04-03,San Benito,069,59416,34,22,0,22,1
2020-04-03,San Bernardino,071,2135413,935,356,0,356,11
2020-04-03,San Diego,073,3302833,1799,1114,0,1114,17
2020-04-03,San Francisco,075,870044,843,506,0,506,6
2020-04-03,San Joaquin,077,732212,282,162,3,165,10
2020-04-03,San Luis Obispo,079,281455,144,82,1,83,0
2020-04-03,San Mateo,081,765935,800,474,2,476,13
2020-04-03,Santa Barbara,083,443738,260,154,1,155,1
2020-04-03,Santa Clara,085,1922200,1571,983,4,987,39
2020-04-03,Santa Cruz,087,273765,98,52,0,52,1
2020-04-03,Shasta,089,179085,27,10,0,10,1
2020-04-03,Sierra,091,2930,0,0,0,0,0
2020-04-03,Siskiyou,093,43540,4,3,0,3,0
2020-04-03,Solano,095,438530,146,72,0,72,1
2020-04-03,Sonoma,097,501317,161,84,0,84,1
2020-04-03,Stanislaus,099,539301,139,48,3,51,0
2020-04-03,Sutter,101,95872,22,12,0,12,1
2020-04-03,Tehama,103,63373,1,1,0,1,0
2020-04-03,Trinity,105,12862,0,0,0,0,0
2020-04-03,Tulare,107,460477,254,73,5,78,3
2020-04-03,Tuolumne,109,53932,3,1,0,1,0
2020-04-03,Ventura,111,848112,354,186,0,186,6
2020-04-03,Yolo,113,214977,74,33,0,33,1
2020-04-03,Yuba,115,75493,13,6,0,6,0
2020-04-02,Alameda,001,1643700,809,345,1,346,10
2020-04-02,Alpine,003,1148,1,1,0,1,0
2020-04-02,Amador,005,37829,5,2,0,2,0
2020-04-02,Butte,007,227075,17,7,1,8,0
2020-04-02,Calaveras,009,45235,7,3,0,3,0
2020-04-02,Colusa,011,21464,3,1,0,1,0
2020-04-02,Contra Costa,013,1133247,567,297,0,297,3
2020-04-02,Del Norte,015,27424,2,0,0,0,0
2020-04-02,El Dorado,017,186661,38,16,0,16,0
2020-04-02,Fresno,019,978130,299,92,4,96,0
2020-04-02,Glenn,021,27897,3,2,0,2,0
2020-04-02,Humboldt,023,135768,51,23,0,23,0
2020-04-02,Imperial,025,180216,101,24,0,24,0
2020-04-02,Inyo,027,18085,10,8,0,8,0
2020-04-02,Kern,029,883053,332,74,0,74,0
2020-04-02,Kings,031,150075,34,3,0,3,0
2020-04-02,Lake,033,64148,3,0,0,0,0
2020-04-02,Lassen,035,31185,3,0,2,2,0
2020-04-02,Los Angeles,037,10098052,8418,4040,13,4053,79
2020-04-02,Madera,039,155013,52,25,0,25,1
2020-04-02,Marin,041,260295,150,102,0,102,1
2020-04-02,Mariposa,043,17540,0,0,0,0,0
2020-04-02,Mendocino,045,87422,5,4,0,4,0
2020-04-02,Merced,047,269075,55,9,0,9,0
2020-04-02,Modoc,049,8938,0,0,0,0,0
2020-04-02,Mono,051,14174,28,16,0,16,1
2020-04-02,Monterey,053,433212,86,50,0,50,2
2020-04-02,Napa,055,140530,39,13,0,13,0
2020-04-02,Nevada,057,99092,35,17,1,18,0
2020-04-02,Orange,059,3164182,1467,640,13,653,12
2020-04-02,Placer,061,380077,130,72,0,72,2
2020-04-02,Plumas,063,18699,3,1,0,1,0
2020-04-02,Riverside,065,2383286,1596,438,13,451,13
2020-04-02,Sacramento,067,1510023,694,322,0,322,9
2020-04-02,San Benito,069,59416,32,18,0,18,1
2020-04-02,San Bernardino,071,2135413,880,335,0,335,8
2020-04-02,San Diego,073,3302833,1732,968,0,968,16
2020-04-02,San Francisco,075,870044,817,473,0,473,6
2020-04-02,San Joaquin,077,732212,263,148,3,151,9
2020-04-02,San Luis Obispo,079,281455,139,79,1,80,0
2020-04-02,San Mateo,081,765935,779,423,2,425,13
2020-04-02,Santa Barbara,083,443738,249,125,1,126,1
2020-04-02,Santa Clara,085,1922200,1520,908,4,912,38
2020-04-02,Santa Cruz,087,273765,96,49,0,49,1
2020-04-02,Shasta,089,179085,26,7,0,7,1
2020-04-02,Sierra,091,2930,0,0,0,0,0
2020-04-02,Siskiyou,093,43540,4,3,0,3,0
2020-04-02,Solano,095,438530,136,65,0,65,0
2020-04-02,Sonoma,097,501317,157,76,0,76,1
2020-04-02,Stanislaus,099,539301,128,40,3,43,0
2020-04-02,Sutter,101,95872,21,10,0,10,1
2020-04-02,Tehama,103,63373,1,1,0,1,0
2020-04-02,Trinity,105,12862,0,0,0,0,0
2020-04-02,Tulare,107,460477,220,64,5,69,1
2020-04-02,Tuolumne,109,53932,3,1,0,1,0
2020-04-02,Ventura,111,848112,336,178,0,178,5
2020-04-02,Yolo,113,214977,72,29,0,29,1
2020-04-02,Yuba,115,75493,10,5,0,5,0
2020-04-01,Alameda,001,1643700,782,287,1,288,8
2020-04-01,Alpine,003,1148,1,1,0,1,0
2020-04-01,Amador,005,37829,5,1,0,1,0
2020-04-01,Butte,007,227075,17,6,1,7,0
2020-04-01,Calaveras,009,45235,6,3,0,3,0
2020-04-01,Colusa,011,21464,3,1,0,1,0
2020-04-01,Contra Costa,013,1133247,524,267,0,267,3
2020-04-01,Del Norte,015,27424,2,0,0,0,0
2020-04-01,El Dorado,017,186661,37,14,0,14,0
2020-04-01,Fresno,019,978130,277,75,3,78,0
2020-04-01,Glenn,021,27897,3,2,0,2,0
2020-04-01,Humboldt,023,135768,51,19,0,19,0
2020-04-01,Imperial,025,180216,95,25,0,25,0
2020-04-01,Inyo,027,18085,10,8,0,8,0
2020-04-01,Kern,029,883053,305,53,0,53,0
2020-04-01,Kings,031,150075,32,3,0,3,0
2020-04-01,Lake,033,64148,3,0,0,0,0
2020-04-01,Lassen,035,31185,3,0,2,2,0
2020-04-01,Los Angeles,037,10098052,7769,3502,13,3515,66
2020-04-01,Madera,039,155013,50,17,0,17,1
2020-04-01,Marin,041,260295,146,87,0,87,1
2020-04-01,Mariposa,043,17540,0,0,0,0,0
2020-04-01,Mendocino,045,87422,5,4,0,4,0
2020-04-01,Merced,047,269075,54,7,0,7,0
2020-04-01,Modoc,049,8938,0,0,0,0,0
2020-04-01,Mono,051,14174,28,12,0,12,1
2020-04-01,Monterey,053,433212,85,47,0,47,2
2020-04-01,Napa,055,140530,36,11,0,11,0
2020-04-01,Nevada,057,99092,35,15,1,16,0
2020-04-01,Orange,059,3164182,1415,579,13,592,11
2020-04-01,Placer,061,380077,128,52,0,52,2
2020-04-01,Plumas,063,18699,3,1,0,1,0
2020-04-01,Riverside,065,2383286,1428,306,12,318,11
2020-04-01,Sacramento,067,1510023,661,299,0,299,8
2020-04-01,San Benito,069,59416,29,14,0,14,1
2020-04-01,San Bernardino,071,2135413,831,245,0,245,5
2020-04-01,San Diego,073,3302833,1662,851,0,851,11
2020-04-01,San Francisco,075,870044,789,432,0,432,6
2020-04-01,San Joaquin,077,732212,251,132,3,135,8
2020-04-01,San Luis Obispo,079,281455,133,69,1,70,0
2020-04-01,San Mateo,081,765935,761,354,2,356,13
2020-04-01,Santa Barbara,083,443738,236,103,1,104,0
2020-04-01,Santa Clara,085,1922200,1478,805,4,809,33
2020-04-01,Santa Cruz,087,273765,91,44,0,44,1
2020-04-01,Shasta,089,179085,25,5,0,5,1
2020-04-01,Sierra,091,2930,0,0,0,0,0
2020-04-01,Siskiyou,093,43540,4,3,0,3,0
2020-04-01,Solano,095,438530,131,57,0,57,0
2020-04-01,Sonoma,097,501317,153,60,0,60,1
2020-04-01,Stanislaus,099,539301,117,29,3,32,0
2020-04-01,Sutter,101,95872,21,9,0,9,1
2020-04-01,Tehama,103,63373,1,0,0,0,0
2020-04-01,Trinity,105,12862,0,0,0,0,0
2020-04-01,Tulare,107,460477,182,43,5,48,1
2020-04-01,Tuolumne,109,53932,3,1,0,1,0
2020-04-01,Ventura,111,848112,323,154,0,154,5
2020-04-01,Yolo,113,214977,67,22,0,22,1
2020-04-01,Yuba,115,75493,9,5,0,5,0
2020-03-31,Alameda,001,1643700,716,269,1,270,7
2020-03-31,Alpine,003,1148,1,1,0,1,0
2020-03-31,Amador,005,37829,5,1,0,1,0
2020-03-31,Butte,007,227075,17,6,1,7,0
2020-03-31,Calaveras,009,45235,6,3,0,3,0
2020-03-31,Colusa,011,21464,3,1,0,1,0
2020-03-31,Contra Costa,013,1133247,499,246,0,246,3
2020-03-31,Del Norte,015,27424,1,0,0,0,0
2020-03-31,El Dorado,017,186661,33,14,0,14,0
2020-03-31,Fresno,019,978130,252,59,3,62,0
2020-03-31,Glenn,021,27897,3,2,0,2,0
2020-03-31,Humboldt,023,135768,51,18,0,18,0
2020-03-31,Imperial,025,180216,89,17,0,17,0
2020-03-31,Inyo,027,18085,10,8,0,8,0
2020-03-31,Kern,029,883053,281,47,0,47,0
2020-03-31,Kings,031,150075,30,2,0,2,0
2020-03-31,Lake,033,64148,1,0,0,0,0
2020-03-31,Lassen,035,31185,3,0,2,2,0
2020-03-31,Los Angeles,037,10098052,7107,3001,13,3014,53
2020-03-31,Madera,039,155013,49,17,0,17,1
2020-03-31,Marin,041,260295,137,85,0,85,1
2020-03-31,Mariposa,043,17540,0,0,0,0,0
2020-03-31,Mendocino,045,87422,5,4,0,4,0
2020-03-31,Merced,047,269075,45,6,0,6,0
2020-03-31,Modoc,049,8938,0,0,0,0,0
2020-03-31,Mono,051,14174,26,12,0,12,0
2020-03-31,Monterey,053,433212,83,43,0,43,2
2020-03-31,Napa,055,140530,35,9,0,9,0
2020-03-31,Nevada,057,99092,35,15,1,16,0
2020-03-31,Orange,059,3164182,1345,506,13,519,7
2020-03-31,Placer,061,380077,121,49,0,49,2
2020-03-31,Plumas,063,18699,1,0,0,0,0
2020-03-31,Riverside,065,2383286,1284,284,12,296,8
2020-03-31,Sacramento,067,1510023,609,271,0,271,8
2020-03-31,San Benito,069,59416,29,14,0,14,1
2020-03-31,San Bernardino,071,2135413,746,193,0,193,5
2020-03-31,San Diego,073,3302833,1580,736,0,736,9
2020-03-31,San Francisco,075,870044,754,404,0,404,5
2020-03-31,San Joaquin,077,732212,235,122,3,125,7
2020-03-31,San Luis Obispo,079,281455,129,67,1,68,0
2020-03-31,San Mateo,081,765935,742,297,2,299,12
2020-03-31,Santa Barbara,083,443738,221,89,1,90,0
2020-03-31,Santa Clara,085,1922200,1428,777,4,781,30
2020-03-31,Santa Cruz,087,273765,84,40,0,40,1
2020-03-31,Shasta,089,179085,22,5,0,5,1
2020-03-31,Sierra,091,2930,0,0,0,0,0
2020-03-31,Siskiyou,093,43540,4,3,0,3,0
2020-03-31,Solano,095,438530,117,56,0,56,0
2020-03-31,Sonoma,097,501317,148,58,0,58,1
2020-03-31,Stanislaus,099,539301,102,28,3,31,0
2020-03-31,Sutter,101,95872,21,8,0,8,0
2020-03-31,Tehama,103,63373,1,0,0,0,0
2020-03-31,Trinity,105,12862,0,0,0,0,0
2020-03-31,Tulare,107,460477,159,42,4,46,1
2020-03-31,Tuolumne,109,53932,3,1,0,1,0
2020-03-31,Ventura,111,848112,312,143,0,143,4
2020-03-31,Yolo,113,214977,60,21,0,21,1
2020-03-31,Yuba,115,75493,9,5,0,5,0
2020-03-30,Alameda,001,1643700,677,250,1,251,7
2020-03-30,Alpine,003,1148,1,1,0,1,0
2020-03-30,Amador,005,37829,5,1,0,1,0
2020-03-30,Butte,007,227075,15,5,1,6,0
2020-03-30,Calaveras,009,45235,6,3,0,3,0
2020-03-30,Colusa,011,21464,3,1,0,1,0
2020-03-30,Contra Costa,013,1133247,473,212,0,212,3
2020-03-30,Del Norte,015,27424,0,0,0,0,0
2020-03-30,El Dorado,017,186661,33,11,0,11,0
2020-03-30,Fresno,019,978130,227,46,3,49,0
2020-03-30,Glenn,021,27897,3,2,0,2,0
2020-03-30,Humboldt,023,135768,49,11,0,11,0
2020-03-30,Imperial,025,180216,86,9,0,9,0
2020-03-30,Inyo,027,18085,10,5,0,5,0
2020-03-30,Kern,029,883053,248,30,0,30,0
2020-03-30,Kings,031,150075,30,1,0,1,0
2020-03-30,Lake,033,64148,1,0,0,0,0
2020-03-30,Lassen,035,31185,3,0,1,1,0
2020-03-30,Los Angeles,037,10098052,6447,2467,13,2480,44
2020-03-30,Madera,039,155013,48,14,0,14,1
2020-03-30,Marin,041,260295,130,78,0,78,0
2020-03-30,Mariposa,043,17540,0,0,0,0,0
2020-03-30,Mendocino,045,87422,5,2,0,2,0
2020-03-30,Merced,047,269075,41,6,0,6,0
2020-03-30,Modoc,049,8938,0,0,0,0,0
2020-03-30,Mono,051,14174,26,11,0,11,0
2020-03-30,Monterey,053,433212,78,41,0,41,1
2020-03-30,Napa,055,140530,34,9,0,9,0
2020-03-30,Nevada,057,99092,34,14,1,15,0
2020-03-30,Orange,059,3164182,1280,418,13,431,5
2020-03-30,Placer,061,380077,118,44,0,44,2
2020-03-30,Plumas,063,18699,1,0,0,0,0
2020-03-30,Riverside,065,2383286,1203,204,12,216,7
2020-03-30,Sacramento,067,1510023,585,238,0,238,8
2020-03-30,San Benito,069,59416,29,11,0,11,1
2020-03-30,San Bernardino,071,2135413,702,145,0,145,4
2020-03-30,San Diego,073,3302833,1510,605,0,605,7
2020-03-30,San Francisco,075,870044,714,368,0,368,5
2020-03-30,San Joaquin,077,732212,228,112,3,115,5
2020-03-30,San Luis Obispo,079,281455,126,62,1,63,0
2020-03-30,San Mateo,081,765935,717,257,2,259,11
2020-03-30,Santa Barbara,083,443738,212,79,1,80,0
2020-03-30,Santa Clara,085,1922200,1397,745,3,748,31
2020-03-30,Santa Cruz,087,273765,81,36,0,36,1
2020-03-30,Shasta,089,179085,21,4,0,4,1
2020-03-30,Sierra,091,2930,0,0,0,0,0
2020-03-30,Siskiyou,093,43540,4,2,0,2,0
2020-03-30,Solano,095,438530,111,50,0,50,0
2020-03-30,Sonoma,097,501317,145,57,0,57,1
2020-03-30,Stanislaus,099,539301,95,28,3,31,0
2020-03-30,Sutter,101,95872,20,6,0,6,0
2020-03-30,Tehama,103,63373,1,0,0,0,0
2020-03-30,Trinity,105,12862,0,0,0,0,0
2020-03-30,Tulare,107,460477,147,40,3,43,1
2020-03-30,Tuolumne,109,53932,3,1,0,1,0
2020-03-30,Ventura,111,848112,301,118,0,118,2
2020-03-30,Yolo,113,214977,57,17,0,17,1
2020-03-30,Yuba,115,75493,8,5,0,5,0
2020-03-29,Alameda,001,1643700,643,207,1,208,6
2020-03-29,Alpine,003,1148,1,0,0,0,0
2020-03-29,Amador,005,37829,5,1,0,1,0
2020-03-29,Butte,007,227075,15,4,1,5,0
2020-03-29,Calaveras,009,45235,6,2,0,2,0
2020-03-29,Colusa,011,21464,3,1,0,1,0
2020-03-29,Contra Costa,013,1133247,443,187,0,187,3
2020-03-29,Del Norte,015,27424,0,0,0,0,0
2020-03-29,El Dorado,017,186661,32,9,0,9,0
2020-03-29,Fresno,019,978130,203,31,3,34,0
2020-03-29,Glenn,021,27897,2,1,0,1,0
2020-03-29,Humboldt,023,135768,46,9,0,9,0
2020-03-29,Imperial,025,180216,79,9,0,9,0
2020-03-29,Inyo,027,18085,9,0,0,0,0
2020-03-29,Kern,029,883053,230,20,0,20,0
2020-03-29,Kings,031,150075,27,1,0,1,0
2020-03-29,Lake,033,64148,0,0,0,0,0
2020-03-29,Lassen,035,31185,3,0,1,1,0
2020-03-29,Los Angeles,037,10098052,5798,2119,12,2131,37
2020-03-29,Madera,039,155013,43,11,0,11,1
2020-03-29,Marin,041,260295,125,60,0,60,0
2020-03-29,Mariposa,043,17540,0,0,0,0,0
2020-03-29,Mendocino,045,87422,5,2,0,2,0
2020-03-29,Merced,047,269075,38,4,0,4,0
2020-03-29,Modoc,049,8938,0,0,0,0,0
2020-03-29,Mono,051,14174,26,8,0,8,0
2020-03-29,Monterey,053,433212,73,36,0,36,1
2020-03-29,Napa,055,140530,32,5,0,5,0
2020-03-29,Nevada,057,99092,32,13,1,14,0
2020-03-29,Orange,059,3164182,1207,343,13,356,2
2020-03-29,Placer,061,380077,117,35,0,35,2
2020-03-29,Plumas,063,18699,1,0,0,0,0
2020-03-29,Riverside,065,2383286,1079,122,12,134,7
2020-03-29,Sacramento,067,1510023,545,217,0,217,7
2020-03-29,San Benito,069,59416,28,10,0,10,1
2020-03-29,San Bernardino,071,2135413,650,94,0,94,2
2020-03-29,San Diego,073,3302833,1438,521,0,521,7
2020-03-29,San Francisco,075,870044,670,333,0,333,5
2020-03-29,San Joaquin,077,732212,219,86,3,89,4
2020-03-29,San Luis Obispo,079,281455,119,55,0,55,0
2020-03-29,San Mateo,081,765935,692,234,2,236,12
2020-03-29,Santa Barbara,083,443738,204,52,1,53,0
2020-03-29,Santa Clara,085,1922200,1340,591,3,594,30
2020-03-29,Santa Cruz,087,273765,81,33,0,33,1
2020-03-29,Shasta,089,179085,20,4,0,4,1
2020-03-29,Sierra,091,2930,0,0,0,0,0
2020-03-29,Siskiyou,093,43540,4,2,0,2,0
2020-03-29,Solano,095,438530,103,48,0,48,0
2020-03-29,Sonoma,097,501317,143,35,0,35,1
2020-03-29,Stanislaus,099,539301,90,19,3,22,0
2020-03-29,Sutter,101,95872,17,6,0,6,0
2020-03-29,Tehama,103,63373,1,0,0,0,0
2020-03-29,Trinity,105,12862,0,0,0,0,0
2020-03-29,Tulare,107,460477,122,24,3,27,1
2020-03-29,Tuolumne,109,53932,2,1,0,1,0
2020-03-29,Ventura,111,848112,274,92,0,92,2
2020-03-29,Yolo,113,214977,52,13,0,13,1
2020-03-29,Yuba,115,75493,8,3,0,3,0
2020-03-28,Alameda,001,1643700,616,410,1,411,12
2020-03-28,Alpine,003,1148,1,0,0,0,0
2020-03-28,Amador,005,37829,5,2,0,2,0
2020-03-28,Butte,007,227075,15,8,1,9,0
2020-03-28,Calaveras,009,45235,6,4,0,4,0
2020-03-28,Colusa,011,21464,3,2,0,2,0
2020-03-28,Contra Costa,013,1133247,420,350,0,350,4
2020-03-28,Del Norte,015,27424,0,0,0,0,0
2020-03-28,El Dorado,017,186661,31,18,0,18,0
2020-03-28,Fresno,019,978130,193,62,3,65,0
2020-03-28,Glenn,021,27897,2,2,0,2,0
2020-03-28,Humboldt,023,135768,46,18,0,18,0
2020-03-28,Imperial,025,180216,74,18,0,18,0
2020-03-28,Inyo,027,18085,9,0,0,0,0
2020-03-28,Kern,029,883053,213,40,0,40,0
2020-03-28,Kings,031,150075,26,2,0,2,0
2020-03-28,Lake,033,64148,0,0,0,0,0
2020-03-28,Lassen,035,31185,3,0,1,1,0
2020-03-28,Los Angeles,037,10098052,5413,3600,11,3611,64
2020-03-28,Madera,039,155013,43,22,0,22,2
2020-03-28,Marin,041,260295,120,116,0,116,0
2020-03-28,Mariposa,043,17540,0,0,0,0,0
2020-03-28,Mendocino,045,87422,5,4,0,4,0
2020-03-28,Merced,047,269075,37,8,0,8,0
2020-03-28,Modoc,049,8938,0,0,0,0,0
2020-03-28,Mono,051,14174,24,12,0,12,0
2020-03-28,Monterey,053,433212,72,64,0,64,2
2020-03-28,Napa,055,140530,27,10,0,10,0
2020-03-28,Nevada,057,99092,32,22,1,23,0
2020-03-28,Orange,059,3164182,1171,656,13,669,4
2020-03-28,Placer,061,380077,112,70,0,70,2
2020-03-28,Plumas,063,18699,1,0,0,0,0
2020-03-28,Riverside,065,2383286,1011,242,12,254,14
2020-03-28,Sacramento,067,1510023,527,406,0,406,14
2020-03-28,San Benito,069,59416,28,20,0,20,2
2020-03-28,San Bernardino,071,2135413,603,162,0,162,4
2020-03-28,San Diego,073,3302833,1379,980,0,980,14
2020-03-28,San Francisco,075,870044,646,600,0,600,6
2020-03-28,San Joaquin,077,732212,212,166,3,169,8
2020-03-28,San Luis Obispo,079,281455,117,104,0,104,0
2020-03-28,San Mateo,081,765935,672,462,2,464,17
2020-03-28,Santa Barbara,083,443738,194,98,1,99,0
2020-03-28,Santa Clara,085,1922200,1321,1174,3,1177,54
2020-03-28,Santa Cruz,087,273765,80,62,0,62,0
2020-03-28,Shasta,089,179085,20,8,0,8,2
2020-03-28,Sierra,091,2930,0,0,0,0,0
2020-03-28,Siskiyou,093,43540,4,4,0,4,0
2020-03-28,Solano,095,438530,99,96,0,96,0
2020-03-28,Sonoma,097,501317,141,70,0,70,2
2020-03-28,Stanislaus,099,539301,85,34,3,37,0
2020-03-28,Sutter,101,95872,17,6,0,6,0
2020-03-28,Tehama,103,63373,1,0,0,0,0
2020-03-28,Trinity,105,12862,0,0,0,0,0
2020-03-28,Tulare,107,460477,114,46,3,49,0
2020-03-28,Tuolumne,109,53932,2,2,0,2,0
2020-03-28,Ventura,111,848112,270,178,0,178,4
2020-03-28,Yolo,113,214977,51,26,0,26,2
2020-03-28,Yuba,115,75493,8,6,0,6,0
2020-03-27,Alameda,001,1643700,597,185,1,186,4
2020-03-27,Alpine,003,1148,1,0,0,0,0
2020-03-27,Amador,005,37829,4,1,0,1,0
2020-03-27,Butte,007,227075,13,4,1,5,0
2020-03-27,Calaveras,009,45235,6,2,0,2,0
2020-03-27,Colusa,011,21464,3,0,0,0,0
2020-03-27,Contra Costa,013,1133247,399,161,0,161,2
2020-03-27,Del Norte,015,27424,0,0,0,0,0
2020-03-27,El Dorado,017,186661,29,9,0,9,0
2020-03-27,Fresno,019,978130,181,29,2,31,0
2020-03-27,Glenn,021,27897,2,0,0,0,0
2020-03-27,Humboldt,023,135768,42,9,0,9,0
2020-03-27,Imperial,025,180216,69,9,0,9,0
2020-03-27,Inyo,027,18085,9,0,0,0,0
2020-03-27,Kern,029,883053,200,20,0,20,0
2020-03-27,Kings,031,150075,25,0,0,0,0
2020-03-27,Lake,033,64148,0,0,0,0,0
2020-03-27,Lassen,035,31185,3,0,1,1,0
2020-03-27,Los Angeles,037,10098052,5005,1474,11,1485,26
2020-03-27,Madera,039,155013,41,10,0,10,1
2020-03-27,Marin,041,260295,115,58,0,58,0
2020-03-27,Mariposa,043,17540,0,0,0,0,0
2020-03-27,Mendocino,045,87422,5,2,0,2,0
2020-03-27,Merced,047,269075,35,3,0,3,0
2020-03-27,Modoc,049,8938,0,0,0,0,0
2020-03-27,Mono,051,14174,24,6,0,6,0
2020-03-27,Monterey,053,433212,69,26,0,26,1
2020-03-27,Napa,055,140530,27,5,0,5,0
2020-03-27,Nevada,057,99092,32,6,1,7,0
2020-03-27,Orange,059,3164182,1121,299,13,312,2
2020-03-27,Placer,061,380077,109,33,0,33,1
2020-03-27,Plumas,063,18699,0,0,0,0,0
2020-03-27,Riverside,065,2383286,955,121,12,133,7
2020-03-27,Sacramento,067,1510023,504,163,0,163,6
2020-03-27,San Benito,069,59416,27,9,0,9,1
2020-03-27,San Bernardino,071,2135413,513,77,0,77,2
2020-03-27,San Diego,073,3302833,1322,419,0,419,5
2020-03-27,San Francisco,075,870044,621,285,0,285,2
2020-03-27,San Joaquin,077,732212,201,73,3,76,3
2020-03-27,San Luis Obispo,079,281455,115,46,0,46,0
2020-03-27,San Mateo,081,765935,646,213,2,215,7
2020-03-27,Santa Barbara,083,443738,180,37,1,38,0
2020-03-27,Santa Clara,085,1922200,1283,557,3,560,25
2020-03-27,Santa Cruz,087,273765,79,31,0,31,0
2020-03-27,Shasta,089,179085,17,3,0,3,1
2020-03-27,Sierra,091,2930,0,0,0,0,0
2020-03-27,Siskiyou,093,43540,4,2,0,2,0
2020-03-27,Solano,095,438530,93,48,0,48,0
2020-03-27,Sonoma,097,501317,133,35,0,35,1
2020-03-27,Stanislaus,099,539301,83,16,3,19,0
2020-03-27,Sutter,101,95872,16,2,0,2,0
2020-03-27,Tehama,103,63373,1,0,0,0,0
2020-03-27,Trinity,105,12862,0,0,0,0,0
2020-03-27,Tulare,107,460477,106,15,3,18,0
2020-03-27,Tuolumne,109,53932,2,1,0,1,0
2020-03-27,Ventura,111,848112,261,80,0,80,2
2020-03-27,Yolo,113,214977,50,13,0,13,1
2020-03-27,Yuba,115,75493,7,3,0,3,0
2020-03-26,Alameda,001,1643700,557,172,1,173,4
2020-03-26,Alpine,003,1148,1,0,0,0,0
2020-03-26,Amador,005,37829,4,1,0,1,0
2020-03-26,Butte,007,227075,13,4,1,5,0
2020-03-26,Calaveras,009,45235,6,2,0,2,0
2020-03-26,Colusa,011,21464,3,0,0,0,0
2020-03-26,Contra Costa,013,1133247,388,147,0,147,2
2020-03-26,Del Norte,015,27424,0,0,0,0,0
2020-03-26,El Dorado,017,186661,27,7,0,7,0
2020-03-26,Fresno,019,978130,172,25,2,27,0
2020-03-26,Glenn,021,27897,2,0,0,0,0
2020-03-26,Humboldt,023,135768,38,8,0,8,0
2020-03-26,Imperial,025,180216,65,8,0,8,0
2020-03-26,Inyo,027,18085,8,0,0,0,0
2020-03-26,Kern,029,883053,184,20,0,20,0
2020-03-26,Kings,031,150075,25,0,0,0,0
2020-03-26,Lake,033,64148,0,0,0,0,0
2020-03-26,Lassen,035,31185,3,0,1,1,0
2020-03-26,Los Angeles,037,10098052,4598,1075,11,1086,19
2020-03-26,Madera,039,155013,39,8,0,8,0
2020-03-26,Marin,041,260295,106,56,0,56,0
2020-03-26,Mariposa,043,17540,0,0,0,0,0
2020-03-26,Mendocino,045,87422,4,1,0,1,0
2020-03-26,Merced,047,269075,32,1,0,1,0
2020-03-26,Modoc,049,8938,0,0,0,0,0
2020-03-26,Mono,051,14174,23,5,0,5,0
2020-03-26,Monterey,053,433212,66,25,0,25,1
2020-03-26,Napa,055,140530,26,5,0,5,0
2020-03-26,Nevada,057,99092,32,7,1,8,0
2020-03-26,Orange,059,3164182,1059,279,11,290,1
2020-03-26,Placer,061,380077,106,34,0,34,1
2020-03-26,Plumas,063,18699,0,0,0,0,0
2020-03-26,Riverside,065,2383286,884,118,12,130,7
2020-03-26,Sacramento,067,1510023,471,147,0,147,5
2020-03-26,San Benito,069,59416,27,8,0,8,1
2020-03-26,San Bernardino,071,2135413,447,57,0,57,1
2020-03-26,San Diego,073,3302833,1255,299,0,299,2
2020-03-26,San Francisco,075,870044,594,261,0,261,1
2020-03-26,San Joaquin,077,732212,190,69,3,72,3
2020-03-26,San Luis Obispo,079,281455,110,38,0,38,0
2020-03-26,San Mateo,081,765935,612,122,2,124,5
2020-03-26,Santa Barbara,083,443738,167,33,1,34,0
2020-03-26,Santa Clara,085,1922200,1238,487,2,489,20
2020-03-26,Santa Cruz,087,273765,75,30,0,30,0
2020-03-26,Shasta,089,179085,17,3,0,3,1
2020-03-26,Sierra,091,2930,0,0,0,0,0
2020-03-26,Siskiyou,093,43540,4,2,0,2,0
2020-03-26,Solano,095,438530,85,41,0,41,0
2020-03-26,Sonoma,097,501317,128,33,0,33,1
2020-03-26,Stanislaus,099,539301,81,15,3,18,0
2020-03-26,Sutter,101,95872,12,2,0,2,0
2020-03-26,Tehama,103,63373,1,0,0,0,0
2020-03-26,Trinity,105,12862,0,0,0,0,0
2020-03-26,Tulare,107,460477,97,15,3,18,0
2020-03-26,Tuolumne,109,53932,2,0,0,0,0
2020-03-26,Ventura,111,848112,245,70,0,70,1
2020-03-26,Yolo,113,214977,46,13,0,13,1
2020-03-26,Yuba,115,75493,7,3,0,3,0
2020-03-25,Alameda,001,1643700,536,134,1,135,3
2020-03-25,Alpine,003,1148,1,0,0,0,0
2020-03-25,Amador,005,37829,4,1,0,1,0
2020-03-25,Butte,007,227075,13,4,1,5,0
2020-03-25,Calaveras,009,45235,6,2,0,2,0
2020-03-25,Colusa,011,21464,2,0,0,0,0
2020-03-25,Contra Costa,013,1133247,374,131,0,131,1
2020-03-25,Del Norte,015,27424,0,0,0,0,0
2020-03-25,El Dorado,017,186661,27,5,0,5,0
2020-03-25,Fresno,019,978130,152,21,2,23,0
2020-03-25,Glenn,021,27897,2,0,0,0,0
2020-03-25,Humboldt,023,135768,35,3,0,3,0
2020-03-25,Imperial,025,180216,57,8,0,8,0
2020-03-25,Inyo,027,18085,5,0,0,0,0
2020-03-25,Kern,029,883053,164,13,0,13,0
2020-03-25,Kings,031,150075,23,0,0,0,0
2020-03-25,Lake,033,64148,0,0,0,0,0
2020-03-25,Lassen,035,31185,3,0,1,1,0
2020-03-25,Los Angeles,037,10098052,4198,725,11,736,10
2020-03-25,Madera,039,155013,37,6,0,6,0
2020-03-25,Marin,041,260295,100,47,0,47,0
2020-03-25,Mariposa,043,17540,0,0,0,0,0
2020-03-25,Mendocino,045,87422,3,1,0,1,0
2020-03-25,Merced,047,269075,29,0,0,0,0
2020-03-25,Modoc,049,8938,0,0,0,0,0
2020-03-25,Mono,051,14174,22,4,0,4,0
2020-03-25,Monterey,053,433212,63,23,0,23,1
2020-03-25,Napa,055,140530,26,5,0,5,0
2020-03-25,Nevada,057,99092,31,5,1,6,0
2020-03-25,Orange,059,3164182,1001,214,9,223,1
2020-03-25,Placer,061,380077,100,30,0,30,1
2020-03-25,Plumas,063,18699,0,1,0,1,0
2020-03-25,Riverside,065,2383286,813,87,12,99,5
2020-03-25,Sacramento,067,1510023,445,114,0,114,5
2020-03-25,San Benito,069,59416,26,4,0,4,1
2020-03-25,San Bernardino,071,2135413,408,46,0,46,1
2020-03-25,San Diego,073,3302833,1193,238,0,238,2
2020-03-25,San Francisco,075,870044,553,212,0,212,1
2020-03-25,San Joaquin,077,732212,177,64,3,67,2
2020-03-25,San Luis Obispo,079,281455,105,35,0,35,0
2020-03-25,San Mateo,081,765935,577,111,2,113,5
2020-03-25,Santa Barbara,083,443738,157,25,1,26,0
2020-03-25,Santa Clara,085,1922200,1194,452,2,454,20
2020-03-25,Santa Cruz,087,273765,72,26,0,26,0
2020-03-25,Shasta,089,179085,16,3,0,3,1
2020-03-25,Sierra,091,2930,0,0,0,0,0
2020-03-25,Siskiyou,093,43540,4,2,0,2,0
2020-03-25,Solano,095,438530,80,39,0,39,0
2020-03-25,Sonoma,097,501317,123,31,0,31,1
2020-03-25,Stanislaus,099,539301,74,14,3,17,0
2020-03-25,Sutter,101,95872,9,1,0,1,0
2020-03-25,Tehama,103,63373,1,0,0,0,0
2020-03-25,Trinity,105,12862,0,0,0,0,0
2020-03-25,Tulare,107,460477,87,11,3,14,0
2020-03-25,Tuolumne,109,53932,2,0,0,0,0
2020-03-25,Ventura,111,848112,229,53,0,53,1
2020-03-25,Yolo,113,214977,44,9,0,9,1
2020-03-25,Yuba,115,75493,7,2,0,2,0
2020-03-24,Alameda,001,1643700,504,96,1,97,2
2020-03-24,Alpine,003,1148,1,0,0,0,0
2020-03-24,Amador,005,37829,2,1,0,1,0
2020-03-24,Butte,007,227075,12,3,1,4,0
2020-03-24,Calaveras,009,45235,5,2,0,2,0
2020-03-24,Colusa,011,21464,2,0,0,0,0
2020-03-24,Contra Costa,013,1133247,361,108,0,108,1
2020-03-24,Del Norte,015,27424,0,0,0,0,0
2020-03-24,El Dorado,017,186661,27,3,0,3,0
2020-03-24,Fresno,019,978130,133,18,2,20,0
2020-03-24,Glenn,021,27897,2,0,0,0,0
2020-03-24,Humboldt,023,135768,33,2,0,2,0
2020-03-24,Imperial,025,180216,54,3,0,3,0
2020-03-24,Inyo,027,18085,5,0,0,0,0
2020-03-24,Kern,029,883053,144,5,0,5,0
2020-03-24,Kings,031,150075,22,0,0,0,0
2020-03-24,Lake,033,64148,0,0,0,0,0
2020-03-24,Lassen,035,31185,3,0,1,1,0
2020-03-24,Los Angeles,037,10098052,3754,633,11,644,7
2020-03-24,Madera,039,155013,36,6,0,6,0
2020-03-24,Marin,041,260295,89,44,0,44,0
2020-03-24,Mariposa,043,17540,0,0,0,0,0
2020-03-24,Mendocino,045,87422,3,1,0,1,0
2020-03-24,Merced,047,269075,26,0,0,0,0
2020-03-24,Modoc,049,8938,0,0,0,0,0
2020-03-24,Mono,051,14174,21,1,0,1,0
2020-03-24,Monterey,053,433212,59,23,0,23,1
2020-03-24,Napa,055,140530,23,2,0,2,0
2020-03-24,Nevada,057,99092,30,4,1,5,0
2020-03-24,Orange,059,3164182,939,166,9,175,0
2020-03-24,Placer,061,380077,93,22,0,22,1
2020-03-24,Plumas,063,18699,0,1,0,1,0
2020-03-24,Riverside,065,2383286,746,56,12,68,5
2020-03-24,Sacramento,067,1510023,426,93,0,93,4
2020-03-24,San Benito,069,59416,25,4,0,4,1
2020-03-24,San Bernardino,071,2135413,364,27,0,27,0
2020-03-24,San Diego,073,3302833,1126,231,0,231,2
2020-03-24,San Francisco,075,870044,521,181,0,181,1
2020-03-24,San Joaquin,077,732212,166,52,3,55,2
2020-03-24,San Luis Obispo,079,281455,102,32,0,32,0
2020-03-24,San Mateo,081,765935,536,100,2,102,2
2020-03-24,Santa Barbara,083,443738,151,20,1,21,0
2020-03-24,Santa Clara,085,1922200,1125,389,2,391,17
2020-03-24,Santa Cruz,087,273765,67,22,0,22,0
2020-03-24,Shasta,089,179085,15,3,0,3,0
2020-03-24,Sierra,091,2930,0,0,0,0,0
2020-03-24,Siskiyou,093,43540,4,2,0,2,0
2020-03-24,Solano,095,438530,78,34,0,34,0
2020-03-24,Sonoma,097,501317,116,27,0,27,1
2020-03-24,Stanislaus,099,539301,65,13,3,16,0
2020-03-24,Sutter,101,95872,9,0,0,0,0
2020-03-24,Tehama,103,63373,1,0,0,0,0
2020-03-24,Trinity,105,12862,0,0,0,0,0
2020-03-24,Tulare,107,460477,77,10,3,13,0
2020-03-24,Tuolumne,109,53932,2,0,0,0,0
2020-03-24,Ventura,111,848112,213,44,0,44,1
2020-03-24,Yolo,113,214977,40,8,0,8,0
2020-03-24,Yuba,115,75493,7,2,0,2,0
2020-03-23,Alameda,001,1643700,472,88,1,89,1
2020-03-23,Alpine,003,1148,1,0,0,0,0
2020-03-23,Amador,005,37829,2,1,0,1,0
2020-03-23,Butte,007,227075,12,2,0,2,0
2020-03-23,Calaveras,009,45235,5,2,0,2,0
2020-03-23,Colusa,011,21464,1,0,0,0,0
2020-03-23,Contra Costa,013,1133247,341,91,0,91,2
2020-03-23,Del Norte,015,27424,0,0,0,0,0
2020-03-23,El Dorado,017,186661,26,3,0,3,0
2020-03-23,Fresno,019,978130,123,10,2,12,0
2020-03-23,Glenn,021,27897,2,0,0,0,0
2020-03-23,Humboldt,023,135768,31,2,0,2,0
2020-03-23,Imperial,025,180216,50,2,0,2,0
2020-03-23,Inyo,027,18085,3,0,0,0,0
2020-03-23,Kern,029,883053,130,5,0,5,0
2020-03-23,Kings,031,150075,22,0,0,0,0
2020-03-23,Lake,033,64148,0,0,0,0,0
2020-03-23,Lassen,035,31185,3,0,1,1,0
2020-03-23,Los Angeles,037,10098052,3446,389,10,399,4
2020-03-23,Madera,039,155013,36,4,0,4,0
2020-03-23,Marin,041,260295,84,30,0,30,0
2020-03-23,Mariposa,043,17540,0,0,0,0,0
2020-03-23,Mendocino,045,87422,3,1,0,1,0
2020-03-23,Merced,047,269075,19,0,0,0,0
2020-03-23,Modoc,049,8938,0,0,0,0,0
2020-03-23,Mono,051,14174,19,1,0,1,0
2020-03-23,Monterey,053,433212,54,14,0,14,1
2020-03-23,Napa,055,140530,21,1,0,1,0
2020-03-23,Nevada,057,99092,27,2,1,3,0
2020-03-23,Orange,059,3164182,884,138,7,145,0
2020-03-23,Placer,061,380077,90,19,0,19,1
2020-03-23,Plumas,063,18699,0,0,0,0,0
2020-03-23,Riverside,065,2383286,703,39,12,51,5
2020-03-23,Sacramento,067,1510023,393,87,0,87,4
2020-03-23,San Benito,069,59416,24,4,0,4,1
2020-03-23,San Bernardino,071,2135413,334,17,0,17,0
2020-03-23,San Diego,073,3302833,1067,178,0,178,1
2020-03-23,San Francisco,075,870044,492,152,0,152,0
2020-03-23,San Joaquin,077,732212,154,37,3,40,2
2020-03-23,San Luis Obispo,079,281455,96,23,0,23,0
2020-03-23,San Mateo,081,765935,497,88,2,90,1
2020-03-23,Santa Barbara,083,443738,133,18,1,19,0
2020-03-23,Santa Clara,085,1922200,1076,336,2,338,13
2020-03-23,Santa Cruz,087,273765,65,21,0,21,0
2020-03-23,Shasta,089,179085,13,2,0,2,0
2020-03-23,Sierra,091,2930,0,0,0,0,0
2020-03-23,Siskiyou,093,43540,4,2,0,2,0
2020-03-23,Solano,095,438530,74,33,0,33,0
2020-03-23,Sonoma,097,501317,104,19,0,19,1
2020-03-23,Stanislaus,099,539301,57,10,3,13,0
2020-03-23,Sutter,101,95872,9,0,0,0,0
2020-03-23,Tehama,103,63373,1,0,0,0,0
2020-03-23,Trinity,105,12862,0,0,0,0,0
2020-03-23,Tulare,107,460477,68,9,3,12,0
2020-03-23,Tuolumne,109,53932,2,0,0,0,0
2020-03-23,Ventura,111,848112,196,30,0,30,0
2020-03-23,Yolo,113,214977,39,8,0,8,0
2020-03-23,Yuba,115,75493,7,2,0,2,0
2020-03-22,Alameda,001,1643700,433,72,1,73,1
2020-03-22,Alpine,003,1148,1,0,0,0,0
2020-03-22,Amador,005,37829,2,1,0,1,0
2020-03-22,Butte,007,227075,8,1,0,1,0
2020-03-22,Calaveras,009,45235,4,2,0,2,0
2020-03-22,Colusa,011,21464,1,0,0,0,0
2020-03-22,Contra Costa,013,1133247,314,79,0,79,1
2020-03-22,Del Norte,015,27424,0,0,0,0,0
2020-03-22,El Dorado,017,186661,24,1,0,1,0
2020-03-22,Fresno,019,978130,103,8,2,10,0
2020-03-22,Glenn,021,27897,2,0,0,0,0
2020-03-22,Humboldt,023,135768,28,1,0,1,0
2020-03-22,Imperial,025,180216,48,2,0,2,0
2020-03-22,Inyo,027,18085,1,0,0,0,0
2020-03-22,Kern,029,883053,114,3,0,3,0
2020-03-22,Kings,031,150075,19,0,0,0,0
2020-03-22,Lake,033,64148,0,0,0,0,0
2020-03-22,Lassen,035,31185,3,0,1,1,0
2020-03-22,Los Angeles,037,10098052,3116,384,10,394,3
2020-03-22,Madera,039,155013,33,4,0,4,0
2020-03-22,Marin,041,260295,74,30,0,30,0
2020-03-22,Mariposa,043,17540,0,0,0,0,0
2020-03-22,Mendocino,045,87422,3,1,0,1,0
2020-03-22,Merced,047,269075,16,0,0,0,0
2020-03-22,Modoc,049,8938,0,0,0,0,0
2020-03-22,Mono,051,14174,14,1,0,1,0
2020-03-22,Monterey,053,433212,51,14,0,14,1
2020-03-22,Napa,055,140530,17,1,0,1,0
2020-03-22,Nevada,057,99092,23,2,1,3,0
2020-03-22,Orange,059,3164182,811,102,4,106,0
2020-03-22,Placer,061,380077,88,18,0,18,1
2020-03-22,Plumas,063,18699,0,0,0,0,0
2020-03-22,Riverside,065,2383286,613,26,8,34,5
2020-03-22,Sacramento,067,1510023,361,82,0,82,4
2020-03-22,San Benito,069,59416,19,4,0,4,1
2020-03-22,San Bernardino,071,2135413,290,16,0,16,0
2020-03-22,San Diego,073,3302833,979,161,0,161,0
2020-03-22,San Francisco,075,870044,455,134,0,134,0
2020-03-22,San Joaquin,077,732212,140,30,3,33,2
2020-03-22,San Luis Obispo,079,281455,89,19,0,19,0
2020-03-22,San Mateo,081,765935,464,82,2,84,1
2020-03-22,Santa Barbara,083,443738,119,16,1,17,0
2020-03-22,Santa Clara,085,1922200,1012,284,2,286,13
2020-03-22,Santa Cruz,087,273765,64,19,0,19,0
2020-03-22,Shasta,089,179085,13,1,0,1,0
2020-03-22,Sierra,091,2930,0,0,0,0,0
2020-03-22,Siskiyou,093,43540,4,2,0,2,0
2020-03-22,Solano,095,438530,65,30,0,30,0
2020-03-22,Sonoma,097,501317,99,18,0,18,1
2020-03-22,Stanislaus,099,539301,51,8,3,11,0
2020-03-22,Sutter,101,95872,8,0,0,0,0
2020-03-22,Tehama,103,63373,0,0,0,0,0
2020-03-22,Trinity,105,12862,0,0,0,0,0
2020-03-22,Tulare,107,460477,62,5,3,8,0
2020-03-22,Tuolumne,109,53932,2,0,0,0,0
2020-03-22,Ventura,111,848112,174,26,0,26,0
2020-03-22,Yolo,113,214977,33,6,0,6,0
2020-03-22,Yuba,115,75493,7,2,0,2,0
2020-03-21,Alameda,001,1643700,409,62,1,63,0
2020-03-21,Alpine,003,1148,1,0,0,0,0
2020-03-21,Amador,005,37829,2,1,0,1,0
2020-03-21,Butte,007,227075,7,1,0,1,0
2020-03-21,Calaveras,009,45235,4,2,0,2,0
2020-03-21,Colusa,011,21464,1,0,0,0,0
2020-03-21,Contra Costa,013,1133247,303,62,0,62,1
2020-03-21,Del Norte,015,27424,0,0,0,0,0
2020-03-21,El Dorado,017,186661,21,1,0,1,0
2020-03-21,Fresno,019,978130,99,8,2,10,0
2020-03-21,Glenn,021,27897,2,0,0,0,0
2020-03-21,Humboldt,023,135768,25,1,0,1,0
2020-03-21,Imperial,025,180216,44,2,0,2,0
2020-03-21,Inyo,027,18085,1,0,0,0,0
2020-03-21,Kern,029,883053,108,3,0,3,0
2020-03-21,Kings,031,150075,19,0,0,0,0
2020-03-21,Lake,033,64148,0,0,0,0,0
2020-03-21,Lassen,035,31185,3,0,1,1,0
2020-03-21,Los Angeles,037,10098052,2839,322,10,332,2
2020-03-21,Madera,039,155013,33,4,0,4,0
2020-03-21,Marin,041,260295,69,30,0,30,0
2020-03-21,Mariposa,043,17540,0,0,0,0,0
2020-03-21,Mendocino,045,87422,3,1,0,1,0
2020-03-21,Merced,047,269075,12,0,0,0,0
2020-03-21,Modoc,049,8938,0,0,0,0,0
2020-03-21,Mono,051,14174,14,1,0,1,0
2020-03-21,Monterey,053,433212,48,8,0,8,1
2020-03-21,Napa,055,140530,17,0,0,0,0
2020-03-21,Nevada,057,99092,23,2,1,3,0
2020-03-21,Orange,059,3164182,762,85,4,89,0
2020-03-21,Placer,061,380077,78,11,0,11,1
2020-03-21,Plumas,063,18699,0,0,0,0,0
2020-03-21,Riverside,065,2383286,566,20,8,28,3
2020-03-21,Sacramento,067,1510023,334,66,0,66,3
2020-03-21,San Benito,069,59416,17,4,0,4,1
2020-03-21,San Bernardino,071,2135413,270,13,0,13,0
2020-03-21,San Diego,073,3302833,901,121,0,121,0
2020-03-21,San Francisco,075,870044,419,106,0,106,0
2020-03-21,San Joaquin,077,732212,131,26,3,29,2
2020-03-21,San Luis Obispo,079,281455,84,16,0,16,0
2020-03-21,San Mateo,081,765935,426,78,2,80,1
2020-03-21,Santa Barbara,083,443738,109,8,1,9,0
2020-03-21,Santa Clara,085,1922200,950,269,2,271,10
2020-03-21,Santa Cruz,087,273765,62,17,0,17,0
2020-03-21,Shasta,089,179085,12,1,0,1,0
2020-03-21,Sierra,091,2930,0,0,0,0,0
2020-03-21,Siskiyou,093,43540,4,0,0,0,0
2020-03-21,Solano,095,438530,63,30,0,30,0
2020-03-21,Sonoma,097,501317,98,15,0,15,1
2020-03-21,Stanislaus,099,539301,45,7,3,10,0
2020-03-21,Sutter,101,95872,7,0,0,0,0
2020-03-21,Tehama,103,63373,0,0,0,0,0
2020-03-21,Trinity,105,12862,0,0,0,0,0
2020-03-21,Tulare,107,460477,54,5,3,8,0
2020-03-21,Tuolumne,109,53932,2,0,0,0,0
2020-03-21,Ventura,111,848112,166,22,0,22,0
2020-03-21,Yolo,113,214977,33,6,0,6,0
2020-03-21,Yuba,115,75493,7,1,0,1,0
2020-03-20,Alameda,001,1643700,388,42,1,43,0
2020-03-20,Alpine,003,1148,1,0,0,0,0
2020-03-20,Amador,005,37829,1,0,0,0,0
2020-03-20,Butte,007,227075,7,0,0,0,0
2020-03-20,Calaveras,009,45235,4,2,0,2,0
2020-03-20,Colusa,011,21464,1,0,0,0,0
2020-03-20,Contra Costa,013,1133247,273,52,0,52,1
2020-03-20,Del Norte,015,27424,0,0,0,0,0
2020-03-20,El Dorado,017,186661,20,1,0,1,0
2020-03-20,Fresno,019,978130,96,7,2,9,0
2020-03-20,Glenn,021,27897,1,0,0,0,0
2020-03-20,Humboldt,023,135768,25,1,0,1,0
2020-03-20,Imperial,025,180216,43,2,0,2,0
2020-03-20,Inyo,027,18085,0,0,0,0,0
2020-03-20,Kern,029,883053,93,3,0,3,0
2020-03-20,Kings,031,150075,18,0,0,0,0
2020-03-20,Lake,033,64148,0,0,0,0,0
2020-03-20,Lassen,035,31185,3,0,1,1,0
2020-03-20,Los Angeles,037,10098052,2610,267,9,276,1
2020-03-20,Madera,039,155013,32,4,0,4,0
2020-03-20,Marin,041,260295,66,30,0,30,0
2020-03-20,Mariposa,043,17540,0,0,0,0,0
2020-03-20,Mendocino,045,87422,3,1,0,1,0
2020-03-20,Merced,047,269075,10,0,0,0,0
2020-03-20,Modoc,049,8938,0,0,0,0,0
2020-03-20,Mono,051,14174,14,0,0,0,0
2020-03-20,Monterey,053,433212,47,4,0,4,0
2020-03-20,Napa,055,140530,16,0,0,0,0
2020-03-20,Nevada,057,99092,20,2,1,3,0
2020-03-20,Orange,059,3164182,715,71,4,75,2
2020-03-20,Placer,061,380077,72,9,0,9,1
2020-03-20,Plumas,063,18699,0,0,0,0,0
2020-03-20,Riverside,065,2383286,507,19,8,27,3
2020-03-20,Sacramento,067,1510023,313,56,0,56,4
2020-03-20,San Benito,069,59416,17,4,0,4,1
2020-03-20,San Bernardino,071,2135413,243,9,0,9,0
2020-03-20,San Diego,073,3302833,849,98,0,98,0
2020-03-20,San Francisco,075,870044,387,87,0,87,0
2020-03-20,San Joaquin,077,732212,116,18,3,21,2
2020-03-20,San Luis Obispo,079,281455,80,11,0,11,0
2020-03-20,San Mateo,081,765935,396,71,2,73,1
2020-03-20,Santa Barbara,083,443738,97,7,1,8,0
2020-03-20,Santa Clara,085,1922200,914,246,2,248,8
2020-03-20,Santa Cruz,087,273765,60,13,0,13,0
2020-03-20,Shasta,089,179085,11,1,0,1,0
2020-03-20,Sierra,091,2930,0,0,0,0,0
2020-03-20,Siskiyou,093,43540,4,0,0,0,0
2020-03-20,Solano,095,438530,59,29,0,29,0
2020-03-20,Sonoma,097,501317,90,7,0,7,0
2020-03-20,Stanislaus,099,539301,39,7,3,10,0
2020-03-20,Sutter,101,95872,7,0,0,0,0
2020-03-20,Tehama,103,63373,0,0,0,0,0
2020-03-20,Trinity,105,12862,0,0,0,0,0
2020-03-20,Tulare,107,460477,50,4,3,7,0
2020-03-20,Tuolumne,109,53932,2,0,0,0,0
2020-03-20,Ventura,111,848112,156,18,0,18,0
2020-03-20,Yolo,113,214977,31,5,0,5,0
2020-03-20,Yuba,115,75493,6,0,0,0,0
2020-03-19,Alameda,001,1643700,352,36,1,37,0
2020-03-19,Alpine,003,1148,1,0,0,0,0
2020-03-19,Amador,005,37829,1,0,0,0,0
2020-03-19,Butte,007,227075,5,0,0,0,0
2020-03-19,Calaveras,009,45235,4,2,0,2,0
2020-03-19,Colusa,011,21464,0,0,0,0,0
2020-03-19,Contra Costa,013,1133247,257,46,0,46,0
2020-03-19,Del Norte,015,27424,0,0,0,0,0
2020-03-19,El Dorado,017,186661,18,0,0,0,0
2020-03-19,Fresno,019,978130,87,6,2,8,0
2020-03-19,Glenn,021,27897,1,0,0,0,0
2020-03-19,Humboldt,023,135768,23,1,0,1,0
2020-03-19,Imperial,025,180216,36,2,0,2,0
2020-03-19,Inyo,027,18085,0,0,0,0,0
2020-03-19,Kern,029,883053,81,3,0,3,0
2020-03-19,Kings,031,150075,14,0,0,0,0
2020-03-19,Lake,033,64148,0,0,0,0,0
2020-03-19,Lassen,035,31185,2,0,1,1,0
2020-03-19,Los Angeles,037,10098052,2319,233,9,242,0
2020-03-19,Madera,039,155013,31,3,0,3,0
2020-03-19,Marin,041,260295,63,19,0,19,0
2020-03-19,Mariposa,043,17540,0,0,0,0,0
2020-03-19,Mendocino,045,87422,2,1,0,1,0
2020-03-19,Merced,047,269075,9,0,0,0,0
2020-03-19,Modoc,049,8938,0,0,0,0,0
2020-03-19,Mono,051,14174,12,0,0,0,0
2020-03-19,Monterey,053,433212,39,3,0,3,0
2020-03-19,Napa,055,140530,14,0,0,0,0
2020-03-19,Nevada,057,99092,18,2,1,3,0
2020-03-19,Orange,059,3164182,634,59,4,63,0
2020-03-19,Placer,061,380077,64,8,0,8,1
2020-03-19,Plumas,063,18699,0,0,0,0,0
2020-03-19,Riverside,065,2383286,396,14,6,20,3
2020-03-19,Sacramento,067,1510023,280,52,0,52,3
2020-03-19,San Benito,069,59416,14,3,0,3,0
2020-03-19,San Bernardino,071,2135413,213,7,0,7,0
2020-03-19,San Diego,073,3302833,766,68,0,68,0
2020-03-19,San Francisco,075,870044,351,80,0,80,0
2020-03-19,San Joaquin,077,732212,102,15,3,18,2
2020-03-19,San Luis Obispo,079,281455,77,6,0,6,0
2020-03-19,San Mateo,081,765935,361,58,2,60,1
2020-03-19,Santa Barbara,083,443738,85,5,0,5,0
2020-03-19,Santa Clara,085,1922200,847,183,2,185,8
2020-03-19,Santa Cruz,087,273765,57,13,0,13,0
2020-03-19,Shasta,089,179085,10,1,0,1,0
2020-03-19,Sierra,091,2930,0,0,0,0,0
2020-03-19,Siskiyou,093,43540,3,0,0,0,0
2020-03-19,Solano,095,438530,55,26,0,26,0
2020-03-19,Sonoma,097,501317,87,8,0,8,0
2020-03-19,Stanislaus,099,539301,38,7,3,10,0
2020-03-19,Sutter,101,95872,7,0,0,0,0
2020-03-19,Tehama,103,63373,0,0,0,0,0
2020-03-19,Trinity,105,12862,0,0,0,0,0
2020-03-19,Tulare,107,460477,44,3,3,6,0
2020-03-19,Tuolumne,109,53932,2,0,0,0,0
2020-03-19,Ventura,111,848112,134,15,0,15,0
2020-03-19,Yolo,113,214977,27,5,0,5,0
2020-03-19,Yuba,115,75493,5,0,0,0,0
2020-03-18,Alameda,001,1643700,323,29,1,30,0
2020-03-18,Alpine,003,1148,1,0,0,0,0
2020-03-18,Amador,005,37829,1,0,0,0,0
2020-03-18,Butte,007,227075,4,0,0,0,0
2020-03-18,Calaveras,009,45235,4,2,0,2,0
2020-03-18,Colusa,011,21464,0,0,0,0,0
2020-03-18,Contra Costa,013,1133247,235,44,0,44,0
2020-03-18,Del Norte,015,27424,0,0,0,0,0
2020-03-18,El Dorado,017,186661,17,0,0,0,0
2020-03-18,Fresno,019,978130,78,3,1,4,0
2020-03-18,Glenn,021,27897,1,0,0,0,0
2020-03-18,Humboldt,023,135768,19,1,0,1,0
2020-03-18,Imperial,025,180216,30,2,0,2,0
2020-03-18,Inyo,027,18085,0,0,0,0,0
2020-03-18,Kern,029,883053,66,1,0,1,0
2020-03-18,Kings,031,150075,12,0,0,0,0
2020-03-18,Lake,033,64148,0,0,0,0,0
2020-03-18,Lassen,035,31185,1,0,1,1,0
2020-03-18,Los Angeles,037,10098052,2074,47,9,56,0
2020-03-18,Madera,039,155013,30,2,0,2,0
2020-03-18,Marin,041,260295,58,10,0,10,0
2020-03-18,Mariposa,043,17540,0,0,0,0,0
2020-03-18,Mendocino,045,87422,2,0,0,0,0
2020-03-18,Merced,047,269075,9,0,0,0,0
2020-03-18,Modoc,049,8938,0,0,0,0,0
2020-03-18,Mono,051,14174,11,0,0,0,0
2020-03-18,Monterey,053,433212,31,1,0,1,0
2020-03-18,Napa,055,140530,11,0,0,0,0
2020-03-18,Nevada,057,99092,16,2,1,3,0
2020-03-18,Orange,059,3164182,576,38,4,42,0
2020-03-18,Placer,061,380077,57,8,0,8,1
2020-03-18,Plumas,063,18699,0,0,0,0,0
2020-03-18,Riverside,065,2383286,333,11,5,16,2
2020-03-18,Sacramento,067,1510023,257,46,0,46,3
2020-03-18,San Benito,069,59416,13,3,0,3,0
2020-03-18,San Bernardino,071,2135413,191,3,0,3,0
2020-03-18,San Diego,073,3302833,681,40,0,40,0
2020-03-18,San Francisco,075,870044,332,65,0,65,0
2020-03-18,San Joaquin,077,732212,90,14,3,17,2
2020-03-18,San Luis Obispo,079,281455,70,5,0,5,0
2020-03-18,San Mateo,081,765935,340,57,2,59,1
2020-03-18,Santa Barbara,083,443738,77,2,0,2,0
2020-03-18,Santa Clara,085,1922200,796,151,2,153,6
2020-03-18,Santa Cruz,087,273765,55,11,0,11,0
2020-03-18,Shasta,089,179085,9,1,0,1,0
2020-03-18,Sierra,091,2930,0,0,0,0,0
2020-03-18,Siskiyou,093,43540,3,0,0,0,0
2020-03-18,Solano,095,438530,51,26,0,26,0
2020-03-18,Sonoma,097,501317,78,6,0,6,0
2020-03-18,Stanislaus,099,539301,34,5,2,7,0
2020-03-18,Sutter,101,95872,5,0,0,0,0
2020-03-18,Tehama,103,63373,0,0,0,0,0
2020-03-18,Trinity,105,12862,0,0,0,0,0
2020-03-18,Tulare,107,460477,34,3,3,6,0
2020-03-18,Tuolumne,109,53932,2,0,0,0,0
2020-03-18,Ventura,111,848112,115,11,0,11,0
2020-03-18,Yolo,113,214977,24,4,0,4,0
2020-03-18,Yuba,115,75493,4,0,0,0,0
2020-03-17,Alameda,001,1643700,291,19,0,19,0
2020-03-17,Alpine,003,1148,0,0,0,0,0
2020-03-17,Amador,005,37829,1,0,0,0,0
2020-03-17,Butte,007,227075,4,0,0,0,0
2020-03-17,Calaveras,009,45235,4,2,0,2,0
2020-03-17,Colusa,011,21464,0,0,0,0,0
2020-03-17,Contra Costa,013,1133247,213,37,0,37,0
2020-03-17,Del Norte,015,27424,0,0,0,0,0
2020-03-17,El Dorado,017,186661,16,0,0,0,0
2020-03-17,Fresno,019,978130,68,2,1,3,0
2020-03-17,Glenn,021,27897,1,0,0,0,0
2020-03-17,Humboldt,023,135768,17,1,0,1,0
2020-03-17,Imperial,025,180216,24,2,0,2,0
2020-03-17,Inyo,027,18085,0,0,0,0,0
2020-03-17,Kern,029,883053,52,0,0,0,0
2020-03-17,Kings,031,150075,9,0,0,0,0
2020-03-17,Lake,033,64148,0,0,0,0,0
2020-03-17,Lassen,035,31185,1,0,1,1,0
2020-03-17,Los Angeles,037,10098052,1865,41,9,50,0
2020-03-17,Madera,039,155013,22,2,0,2,0
2020-03-17,Marin,041,260295,51,4,0,4,0
2020-03-17,Mariposa,043,17540,0,0,0,0,0
2020-03-17,Mendocino,045,87422,2,0,0,0,0
2020-03-17,Merced,047,269075,9,0,0,0,0
2020-03-17,Modoc,049,8938,0,0,0,0,0
2020-03-17,Mono,051,14174,9,0,0,0,0
2020-03-17,Monterey,053,433212,29,0,0,0,0
2020-03-17,Napa,055,140530,8,0,0,0,0
2020-03-17,Nevada,057,99092,15,1,1,2,0
2020-03-17,Orange,059,3164182,498,24,3,27,0
2020-03-17,Placer,061,380077,47,7,0,7,1
2020-03-17,Plumas,063,18699,0,0,0,0,0
2020-03-17,Riverside,065,2383286,271,11,5,16,0
2020-03-17,Sacramento,067,1510023,237,36,0,36,1
2020-03-17,San Benito,069,59416,12,2,0,2,0
2020-03-17,San Bernardino,071,2135413,163,2,0,2,0
2020-03-17,San Diego,073,3302833,614,17,0,17,0
2020-03-17,San Francisco,075,870044,305,46,0,46,0
2020-03-17,San Joaquin,077,732212,84,11,3,14,0
2020-03-17,San Luis Obispo,079,281455,62,1,0,1,0
2020-03-17,San Mateo,081,765935,308,46,2,48,1
2020-03-17,Santa Barbara,083,443738,65,0,0,0,0
2020-03-17,Santa Clara,085,1922200,738,121,2,123,4
2020-03-17,Santa Cruz,087,273765,52,10,0,10,0
2020-03-17,Shasta,089,179085,5,1,0,1,0
2020-03-17,Sierra,091,2930,0,0,0,0,0
2020-03-17,Siskiyou,093,43540,3,0,0,0,0
2020-03-17,Solano,095,438530,48,27,0,27,0
2020-03-17,Sonoma,097,501317,70,4,0,4,0
2020-03-17,Stanislaus,099,539301,31,4,2,6,0
2020-03-17,Sutter,101,95872,5,0,0,0,0
2020-03-17,Tehama,103,63373,0,0,0,0,0
2020-03-17,Trinity,105,12862,0,0,0,0,0
2020-03-17,Tulare,107,460477,29,2,3,5,0
2020-03-17,Tuolumne,109,53932,2,0,0,0,0
2020-03-17,Ventura,111,848112,98,7,0,7,0
2020-03-17,Yolo,113,214977,20,2,0,2,0
2020-03-17,Yuba,115,75493,4,0,0,0,0
2020-03-16,Alameda,001,1643700,262,17,0,17,0
2020-03-16,Alpine,003,1148,0,0,0,0,0
2020-03-16,Amador,005,37829,1,0,0,0,0
2020-03-16,Butte,007,227075,3,0,0,0,0
2020-03-16,Calaveras,009,45235,4,2,0,2,0
2020-03-16,Colusa,011,21464,0,0,0,0,0
2020-03-16,Contra Costa,013,1133247,189,36,0,36,0
2020-03-16,Del Norte,015,27424,0,0,0,0,0
2020-03-16,El Dorado,017,186661,15,0,0,0,0
2020-03-16,Fresno,019,978130,53,2,1,3,0
2020-03-16,Glenn,021,27897,0,0,0,0,0
2020-03-16,Humboldt,023,135768,13,1,0,1,0
2020-03-16,Imperial,025,180216,19,2,0,2,0
2020-03-16,Inyo,027,18085,0,0,0,0,0
2020-03-16,Kern,029,883053,43,0,0,0,0
2020-03-16,Kings,031,150075,8,0,0,0,0
2020-03-16,Lake,033,64148,0,0,0,0,0
2020-03-16,Lassen,035,31185,1,0,0,0,0
2020-03-16,Los Angeles,037,10098052,1627,43,9,52,0
2020-03-16,Madera,039,155013,21,2,0,2,0
2020-03-16,Marin,041,260295,48,4,0,4,0
2020-03-16,Mariposa,043,17540,0,0,0,0,0
2020-03-16,Mendocino,045,87422,2,0,0,0,0
2020-03-16,Merced,047,269075,7,0,0,0,0
2020-03-16,Modoc,049,8938,0,0,0,0,0
2020-03-16,Mono,051,14174,7,0,0,0,0
2020-03-16,Monterey,053,433212,28,0,0,0,0
2020-03-16,Napa,055,140530,7,0,0,0,0
2020-03-16,Nevada,057,99092,11,1,1,2,0
2020-03-16,Orange,059,3164182,415,18,3,21,0
2020-03-16,Placer,061,380077,39,7,0,7,1
2020-03-16,Plumas,063,18699,0,0,0,0,0
2020-03-16,Riverside,065,2383286,235,10,5,15,0
2020-03-16,Sacramento,067,1510023,210,34,0,34,1
2020-03-16,San Benito,069,59416,8,2,0,2,0
2020-03-16,San Bernardino,071,2135413,143,1,0,1,0
2020-03-16,San Diego,073,3302833,523,17,0,17,0
2020-03-16,San Francisco,075,870044,267,40,0,40,0
2020-03-16,San Joaquin,077,732212,74,9,3,12,0
2020-03-16,San Luis Obispo,079,281455,55,1,0,1,0
2020-03-16,San Mateo,081,765935,269,42,2,44,1
2020-03-16,Santa Barbara,083,443738,55,0,0,0,0
2020-03-16,Santa Clara,085,1922200,658,115,1,116,2
2020-03-16,Santa Cruz,087,273765,45,9,0,9,0
2020-03-16,Shasta,089,179085,5,1,0,1,0
2020-03-16,Sierra,091,2930,0,0,0,0,0
2020-03-16,Siskiyou,093,43540,2,0,0,0,0
2020-03-16,Solano,095,438530,43,27,0,27,0
2020-03-16,Sonoma,097,501317,62,4,0,4,0
2020-03-16,Stanislaus,099,539301,27,2,2,4,0
2020-03-16,Sutter,101,95872,3,0,0,0,0
2020-03-16,Tehama,103,63373,0,0,0,0,0
2020-03-16,Trinity,105,12862,0,0,0,0,0
2020-03-16,Tulare,107,460477,25,2,3,5,0
2020-03-16,Tuolumne,109,53932,2,0,0,0,0
2020-03-16,Ventura,111,848112,88,7,0,7,0
2020-03-16,Yolo,113,214977,18,2,0,2,0
2020-03-16,Yuba,115,75493,3,0,0,0,0
2020-03-15,Alameda,001,1643700,215,17,0,17,0
2020-03-15,Alpine,003,1148,0,0,0,0,0
2020-03-15,Amador,005,37829,1,0,0,0,0
2020-03-15,Butte,007,227075,3,0,0,0,0
2020-03-15,Calaveras,009,45235,2,2,0,2,0
2020-03-15,Colusa,011,21464,0,0,0,0,0
2020-03-15,Contra Costa,013,1133247,164,34,0,34,0
2020-03-15,Del Norte,015,27424,0,0,0,0,0
2020-03-15,El Dorado,017,186661,14,0,0,0,0
2020-03-15,Fresno,019,978130,33,1,1,2,0
2020-03-15,Glenn,021,27897,0,0,0,0,0
2020-03-15,Humboldt,023,135768,11,1,0,1,0
2020-03-15,Imperial,025,180216,14,2,0,2,0
2020-03-15,Inyo,027,18085,0,0,0,0,0
2020-03-15,Kern,029,883053,37,0,0,0,0
2020-03-15,Kings,031,150075,8,0,0,0,0
2020-03-15,Lake,033,64148,0,0,0,0,0
2020-03-15,Lassen,035,31185,1,0,0,0,0
2020-03-15,Los Angeles,037,10098052,1379,41,9,50,0
2020-03-15,Madera,039,155013,20,2,0,2,0
2020-03-15,Marin,041,260295,41,3,0,3,0
2020-03-15,Mariposa,043,17540,0,0,0,0,0
2020-03-15,Mendocino,045,87422,2,0,0,0,0
2020-03-15,Merced,047,269075,4,0,0,0,0
2020-03-15,Modoc,049,8938,0,0,0,0,0
2020-03-15,Mono,051,14174,6,0,0,0,0
2020-03-15,Monterey,053,433212,21,0,0,0,0
2020-03-15,Napa,055,140530,7,0,0,0,0
2020-03-15,Nevada,057,99092,11,0,1,1,0
2020-03-15,Orange,059,3164182,347,16,1,17,0
2020-03-15,Placer,061,380077,33,7,0,7,1
2020-03-15,Plumas,063,18699,0,0,0,0,0
2020-03-15,Riverside,065,2383286,183,10,5,15,0
2020-03-15,Sacramento,067,1510023,174,30,0,30,1
2020-03-15,San Benito,069,59416,8,2,0,2,0
2020-03-15,San Bernardino,071,2135413,121,0,0,0,0
2020-03-15,San Diego,073,3302833,436,16,0,16,0
2020-03-15,San Francisco,075,870044,209,31,0,31,0
2020-03-15,San Joaquin,077,732212,63,6,3,9,0
2020-03-15,San Luis Obispo,079,281455,45,1,0,1,0
2020-03-15,San Mateo,081,765935,235,29,1,30,1
2020-03-15,Santa Barbara,083,443738,46,0,0,0,0
2020-03-15,Santa Clara,085,1922200,586,79,1,80,2
2020-03-15,Santa Cruz,087,273765,38,8,0,8,0
2020-03-15,Shasta,089,179085,5,1,0,1,0
2020-03-15,Sierra,091,2930,0,0,0,0,0
2020-03-15,Siskiyou,093,43540,2,0,0,0,0
2020-03-15,Solano,095,438530,42,26,0,26,0
2020-03-15,Sonoma,097,501317,53,4,0,4,0
2020-03-15,Stanislaus,099,539301,26,2,2,4,0
2020-03-15,Sutter,101,95872,2,0,0,0,0
2020-03-15,Tehama,103,63373,0,0,0,0,0
2020-03-15,Trinity,105,12862,0,0,0,0,0
2020-03-15,Tulare,107,460477,19,2,3,5,0
2020-03-15,Tuolumne,109,53932,1,0,0,0,0
2020-03-15,Ventura,111,848112,77,5,0,5,0
2020-03-15,Yolo,113,214977,15,2,0,2,0
2020-03-15,Yuba,115,75493,2,0,0,0,0
2020-03-14,Alameda,001,1643700,196,11,0,11,0
2020-03-14,Alpine,003,1148,0,0,0,0,0
2020-03-14,Amador,005,37829,1,0,0,0,0
2020-03-14,Butte,007,227075,2,0,0,0,0
2020-03-14,Calaveras,009,45235,2,2,0,2,0
2020-03-14,Colusa,011,21464,0,0,0,0,0
2020-03-14,Contra Costa,013,1133247,142,30,0,30,0
2020-03-14,Del Norte,015,27424,0,0,0,0,0
2020-03-14,El Dorado,017,186661,12,0,0,0,0
2020-03-14,Fresno,019,978130,25,1,1,2,0
2020-03-14,Glenn,021,27897,0,0,0,0,0
2020-03-14,Humboldt,023,135768,7,1,0,1,0
2020-03-14,Imperial,025,180216,10,2,0,2,0
2020-03-14,Inyo,027,18085,0,0,0,0,0
2020-03-14,Kern,029,883053,32,0,0,0,0
2020-03-14,Kings,031,150075,8,0,0,0,0
2020-03-14,Lake,033,64148,0,0,0,0,0
2020-03-14,Lassen,035,31185,1,0,0,0,0
2020-03-14,Los Angeles,037,10098052,1197,35,9,44,0
2020-03-14,Madera,039,155013,19,2,0,2,0
2020-03-14,Marin,041,260295,37,3,0,3,0
2020-03-14,Mariposa,043,17540,0,0,0,0,0
2020-03-14,Mendocino,045,87422,2,0,0,0,0
2020-03-14,Merced,047,269075,4,0,0,0,0
2020-03-14,Modoc,049,8938,0,0,0,0,0
2020-03-14,Mono,051,14174,5,0,0,0,0
2020-03-14,Monterey,053,433212,15,0,0,0,0
2020-03-14,Napa,055,140530,5,0,0,0,0
2020-03-14,Nevada,057,99092,8,0,1,1,0
2020-03-14,Orange,059,3164182,308,14,0,14,0
2020-03-14,Placer,061,380077,29,6,0,6,1
2020-03-14,Plumas,063,18699,0,0,0,0,0
2020-03-14,Riverside,065,2383286,163,10,5,15,0
2020-03-14,Sacramento,067,1510023,152,31,0,31,1
2020-03-14,San Benito,069,59416,8,2,0,2,0
2020-03-14,San Bernardino,071,2135413,102,0,0,0,0
2020-03-14,San Diego,073,3302833,361,10,0,10,0
2020-03-14,San Francisco,075,870044,188,29,0,29,0
2020-03-14,San Joaquin,077,732212,54,6,3,9,0
2020-03-14,San Luis Obispo,079,281455,40,0,0,0,0
2020-03-14,San Mateo,081,765935,212,27,1,28,0
2020-03-14,Santa Barbara,083,443738,37,0,0,0,0
2020-03-14,Santa Clara,085,1922200,531,62,1,63,2
2020-03-14,Santa Cruz,087,273765,33,8,0,8,0
2020-03-14,Shasta,089,179085,5,1,0,1,0
2020-03-14,Sierra,091,2930,0,0,0,0,0
2020-03-14,Siskiyou,093,43540,1,0,0,0,0
2020-03-14,Solano,095,438530,40,26,0,26,0
2020-03-14,Sonoma,097,501317,40,2,0,2,0
2020-03-14,Stanislaus,099,539301,22,2,2,4,0
2020-03-14,Sutter,101,95872,2,0,0,0,0
2020-03-14,Tehama,103,63373,0,0,0,0,0
2020-03-14,Trinity,105,12862,0,0,0,0,0
2020-03-14,Tulare,107,460477,17,2,2,4,0
2020-03-14,Tuolumne,109,53932,1,0,0,0,0
2020-03-14,Ventura,111,848112,68,5,0,5,0
2020-03-14,Yolo,113,214977,15,2,0,2,0
2020-03-14,Yuba,115,75493,1,0,0,0,0
2020-03-13,Alameda,001,1643700,177,12,0,12,0
2020-03-13,Alpine,003,1148,0,0,0,0,0
2020-03-13,Amador,005,37829,1,0,0,0,0
2020-03-13,Butte,007,227075,0,0,0,0,0
2020-03-13,Calaveras,009,45235,2,2,0,2,0
2020-03-13,Colusa,011,21464,0,0,0,0,0
2020-03-13,Contra Costa,013,1133247,128,22,0,22,0
2020-03-13,Del Norte,015,27424,0,0,0,0,0
2020-03-13,El Dorado,017,186661,11,0,0,0,0
2020-03-13,Fresno,019,978130,20,1,1,2,0
2020-03-13,Glenn,021,27897,0,0,0,0,0
2020-03-13,Humboldt,023,135768,7,1,0,1,0
2020-03-13,Imperial,025,180216,9,2,0,2,0
2020-03-13,Inyo,027,18085,0,0,0,0,0
2020-03-13,Kern,029,883053,27,0,0,0,0
2020-03-13,Kings,031,150075,7,0,0,0,0
2020-03-13,Lake,033,64148,0,0,0,0,0
2020-03-13,Lassen,035,31185,1,0,0,0,0
2020-03-13,Los Angeles,037,10098052,1040,30,7,37,0
2020-03-13,Madera,039,155013,18,1,0,1,0
2020-03-13,Marin,041,260295,34,3,0,3,0
2020-03-13,Mariposa,043,17540,0,0,0,0,0
2020-03-13,Mendocino,045,87422,2,0,0,0,0
2020-03-13,Merced,047,269075,2,0,0,0,0
2020-03-13,Modoc,049,8938,0,0,0,0,0
2020-03-13,Mono,051,14174,3,0,0,0,0
2020-03-13,Monterey,053,433212,10,0,0,0,0
2020-03-13,Napa,055,140530,3,0,0,0,0
2020-03-13,Nevada,057,99092,7,0,1,1,0
2020-03-13,Orange,059,3164182,268,10,0,10,0
2020-03-13,Placer,061,380077,27,6,0,6,1
2020-03-13,Plumas,063,18699,0,0,0,0,0
2020-03-13,Riverside,065,2383286,133,5,4,9,0
2020-03-13,Sacramento,067,1510023,130,18,0,18,1
2020-03-13,San Benito,069,59416,6,2,0,2,0
2020-03-13,San Bernardino,071,2135413,96,0,0,0,0
2020-03-13,San Diego,073,3302833,311,8,0,8,0
2020-03-13,San Francisco,075,870044,174,28,0,28,0
2020-03-13,San Joaquin,077,732212,50,6,3,9,0
2020-03-13,San Luis Obispo,079,281455,33,0,0,0,0
2020-03-13,San Mateo,081,765935,191,24,1,25,0
2020-03-13,Santa Barbara,083,443738,33,0,0,0,0
2020-03-13,Santa Clara,085,1922200,469,59,1,60,1
2020-03-13,Santa Cruz,087,273765,32,7,0,7,0
2020-03-13,Shasta,089,179085,3,1,0,1,0
2020-03-13,Sierra,091,2930,0,0,0,0,0
2020-03-13,Siskiyou,093,43540,0,0,0,0,0
2020-03-13,Solano,095,438530,39,26,0,26,0
2020-03-13,Sonoma,097,501317,39,2,0,2,0
2020-03-13,Stanislaus,099,539301,17,2,2,4,0
2020-03-13,Sutter,101,95872,2,0,0,0,0
2020-03-13,Tehama,103,63373,0,0,0,0,0
2020-03-13,Trinity,105,12862,0,0,0,0,0
2020-03-13,Tulare,107,460477,14,2,2,4,0
2020-03-13,Tuolumne,109,53932,1,0,0,0,0
2020-03-13,Ventura,111,848112,54,5,0,5,0
2020-03-13,Yolo,113,214977,14,1,0,1,0
2020-03-13,Yuba,115,75493,1,0,0,0,0
2020-03-12,Alameda,001,1643700,152,9,0,9,0
2020-03-12,Alpine,003,1148,0,0,0,0,0
2020-03-12,Amador,005,37829,1,0,0,0,0
2020-03-12,Butte,007,227075,0,0,0,0,0
2020-03-12,Calaveras,009,45235,2,2,0,2,0
2020-03-12,Colusa,011,21464,0,0,0,0,0
2020-03-12,Contra Costa,013,1133247,110,18,0,18,0
2020-03-12,Del Norte,015,27424,0,0,0,0,0
2020-03-12,El Dorado,017,186661,9,0,0,0,0
2020-03-12,Fresno,019,978130,12,1,1,2,0
2020-03-12,Glenn,021,27897,0,0,0,0,0
2020-03-12,Humboldt,023,135768,6,1,0,1,0
2020-03-12,Imperial,025,180216,8,2,0,2,0
2020-03-12,Inyo,027,18085,0,0,0,0,0
2020-03-12,Kern,029,883053,18,0,0,0,0
2020-03-12,Kings,031,150075,4,0,0,0,0
2020-03-12,Lake,033,64148,0,0,0,0,0
2020-03-12,Lassen,035,31185,1,0,0,0,0
2020-03-12,Los Angeles,037,10098052,876,30,7,37,0
2020-03-12,Madera,039,155013,15,1,0,1,0
2020-03-12,Marin,041,260295,24,1,0,1,0
2020-03-12,Mariposa,043,17540,0,0,0,0,0
2020-03-12,Mendocino,045,87422,2,0,0,0,0
2020-03-12,Merced,047,269075,2,0,0,0,0
2020-03-12,Modoc,049,8938,0,0,0,0,0
2020-03-12,Mono,051,14174,3,0,0,0,0
2020-03-12,Monterey,053,433212,8,0,0,0,0
2020-03-12,Napa,055,140530,3,0,0,0,0
2020-03-12,Nevada,057,99092,4,0,1,1,0
2020-03-12,Orange,059,3164182,231,7,0,7,0
2020-03-12,Placer,061,380077,23,6,0,6,1
2020-03-12,Plumas,063,18699,0,0,0,0,0
2020-03-12,Riverside,065,2383286,107,5,2,7,0
2020-03-12,Sacramento,067,1510023,106,17,0,17,1
2020-03-12,San Benito,069,59416,5,2,0,2,0
2020-03-12,San Bernardino,071,2135413,80,0,0,0,0
2020-03-12,San Diego,073,3302833,256,9,0,9,0
2020-03-12,San Francisco,075,870044,149,20,0,20,0
2020-03-12,San Joaquin,077,732212,44,3,3,6,1
2020-03-12,San Luis Obispo,079,281455,26,0,0,0,0
2020-03-12,San Mateo,081,765935,157,21,1,22,0
2020-03-12,Santa Barbara,083,443738,22,0,0,0,0
2020-03-12,Santa Clara,085,1922200,411,51,1,52,1
2020-03-12,Santa Cruz,087,273765,29,5,0,5,0
2020-03-12,Shasta,089,179085,2,1,0,1,0
2020-03-12,Sierra,091,2930,0,0,0,0,0
2020-03-12,Siskiyou,093,43540,0,0,0,0,0
2020-03-12,Solano,095,438530,34,26,0,26,0
2020-03-12,Sonoma,097,501317,34,2,0,2,0
2020-03-12,Stanislaus,099,539301,15,2,2,4,0
2020-03-12,Sutter,101,95872,0,0,0,0,0
2020-03-12,Tehama,103,63373,0,0,0,0,0
2020-03-12,Trinity,105,12862,0,0,0,0,0
2020-03-12,Tulare,107,460477,12,1,1,2,0
2020-03-12,Tuolumne,109,53932,1,0,0,0,0
2020-03-12,Ventura,111,848112,45,3,0,3,0
2020-03-12,Yolo,113,214977,13,1,0,1,0
2020-03-12,Yuba,115,75493,1,0,0,0,0
2020-03-11,Alameda,001,1643700,122,5,0,5,0
2020-03-11,Alpine,003,1148,0,0,0,0,0
2020-03-11,Amador,005,37829,1,0,0,0,0
2020-03-11,Butte,007,227075,0,0,0,0,0
2020-03-11,Calaveras,009,45235,2,2,0,2,0
2020-03-11,Colusa,011,21464,0,0,0,0,0
2020-03-11,Contra Costa,013,1133247,94,16,0,16,0
2020-03-11,Del Norte,015,27424,0,0,0,0,0
2020-03-11,El Dorado,017,186661,8,0,0,0,0
2020-03-11,Fresno,019,978130,9,1,1,2,0
2020-03-11,Glenn,021,27897,0,0,0,0,0
2020-03-11,Humboldt,023,135768,6,1,0,1,0
2020-03-11,Imperial,025,180216,6,0,0,0,0
2020-03-11,Inyo,027,18085,0,0,0,0,0
2020-03-11,Kern,029,883053,16,0,0,0,0
2020-03-11,Kings,031,150075,2,0,0,0,0
2020-03-11,Lake,033,64148,0,0,0,0,0
2020-03-11,Lassen,035,31185,1,0,0,0,0
2020-03-11,Los Angeles,037,10098052,703,21,7,28,0
2020-03-11,Madera,039,155013,12,1,0,1,0
2020-03-11,Marin,041,260295,17,1,0,1,0
2020-03-11,Mariposa,043,17540,0,0,0,0,0
2020-03-11,Mendocino,045,87422,1,0,0,0,0
2020-03-11,Merced,047,269075,2,0,0,0,0
2020-03-11,Modoc,049,8938,0,0,0,0,0
2020-03-11,Mono,051,14174,3,0,0,0,0
2020-03-11,Monterey,053,433212,7,0,0,0,0
2020-03-11,Napa,055,140530,2,0,0,0,0
2020-03-11,Nevada,057,99092,4,0,1,1,0
2020-03-11,Orange,059,3164182,202,6,0,6,0
2020-03-11,Placer,061,380077,18,6,0,6,1
2020-03-11,Plumas,063,18699,0,0,0,0,0
2020-03-11,Riverside,065,2383286,81,4,1,5,0
2020-03-11,Sacramento,067,1510023,88,9,0,9,1
2020-03-11,San Benito,069,59416,5,2,0,2,0
2020-03-11,San Bernardino,071,2135413,73,0,0,0,0
2020-03-11,San Diego,073,3302833,206,4,0,4,0
2020-03-11,San Francisco,075,870044,124,17,0,17,0
2020-03-11,San Joaquin,077,732212,33,1,3,4,0
2020-03-11,San Luis Obispo,079,281455,23,0,0,0,0
2020-03-11,San Mateo,081,765935,139,16,0,16,0
2020-03-11,Santa Barbara,083,443738,13,0,0,0,0
2020-03-11,Santa Clara,085,1922200,370,48,1,49,1
2020-03-11,Santa Cruz,087,273765,26,2,0,2,0
2020-03-11,Shasta,089,179085,2,1,0,1,0
2020-03-11,Sierra,091,2930,0,0,0,0,0
2020-03-11,Siskiyou,093,43540,0,0,0,0,0
2020-03-11,Solano,095,438530,29,26,0,26,0
2020-03-11,Sonoma,097,501317,30,2,0,2,0
2020-03-11,Stanislaus,099,539301,15,2,2,4,0
2020-03-11,Sutter,101,95872,0,0,0,0,0
2020-03-11,Tehama,103,63373,0,0,0,0,0
2020-03-11,Trinity,105,12862,0,0,0,0,0
2020-03-11,Tulare,107,460477,10,0,1,1,0
2020-03-11,Tuolumne,109,53932,1,0,0,0,0
2020-03-11,Ventura,111,848112,37,3,0,3,0
2020-03-11,Yolo,113,214977,9,1,0,1,0
2020-03-11,Yuba,115,75493,1,0,0,0,0
2020-03-10,Alameda,001,1643700,101,4,0,4,0
2020-03-10,Alpine,003,1148,0,0,0,0,0
2020-03-10,Amador,005,37829,1,0,0,0,0
2020-03-10,Butte,007,227075,0,0,0,0,0
2020-03-10,Calaveras,009,45235,2,2,0,2,0
2020-03-10,Colusa,011,21464,0,0,0,0,0
2020-03-10,Contra Costa,013,1133247,84,11,0,11,0
2020-03-10,Del Norte,015,27424,0,0,0,0,0
2020-03-10,El Dorado,017,186661,7,0,0,0,0
2020-03-10,Fresno,019,978130,7,1,1,2,0
2020-03-10,Glenn,021,27897,0,0,0,0,0
2020-03-10,Humboldt,023,135768,6,1,0,1,0
2020-03-10,Imperial,025,180216,5,0,0,0,0
2020-03-10,Inyo,027,18085,0,0,0,0,0
2020-03-10,Kern,029,883053,11,0,0,0,0
2020-03-10,Kings,031,150075,2,0,0,0,0
2020-03-10,Lake,033,64148,0,0,0,0,0
2020-03-10,Lassen,035,31185,1,0,0,0,0
2020-03-10,Los Angeles,037,10098052,567,20,7,27,0
2020-03-10,Madera,039,155013,7,1,0,1,0
2020-03-10,Marin,041,260295,16,1,0,1,0
2020-03-10,Mariposa,043,17540,0,0,0,0,0
2020-03-10,Mendocino,045,87422,0,0,0,0,0
2020-03-10,Merced,047,269075,2,0,0,0,0
2020-03-10,Modoc,049,8938,0,0,0,0,0
2020-03-10,Mono,051,14174,3,0,0,0,0
2020-03-10,Monterey,053,433212,5,0,0,0,0
2020-03-10,Napa,055,140530,2,0,0,0,0
2020-03-10,Nevada,057,99092,3,0,1,1,0
2020-03-10,Orange,059,3164182,182,5,0,5,1
2020-03-10,Placer,061,380077,14,7,0,7,1
2020-03-10,Plumas,063,18699,0,0,0,0,0
2020-03-10,Riverside,065,2383286,59,4,1,5,0
2020-03-10,Sacramento,067,1510023,79,8,0,8,0
2020-03-10,San Benito,069,59416,5,2,0,2,0
2020-03-10,San Bernardino,071,2135413,65,0,0,0,0
2020-03-10,San Diego,073,3302833,163,3,0,3,0
2020-03-10,San Francisco,075,870044,92,16,0,16,0
2020-03-10,San Joaquin,077,732212,30,1,3,4,0
2020-03-10,San Luis Obispo,079,281455,15,0,0,0,0
2020-03-10,San Mateo,081,765935,123,11,0,11,0
2020-03-10,Santa Barbara,083,443738,10,0,0,0,0
2020-03-10,Santa Clara,085,1922200,322,45,1,46,1
2020-03-10,Santa Cruz,087,273765,22,2,0,2,0
2020-03-10,Shasta,089,179085,2,1,0,1,0
2020-03-10,Sierra,091,2930,0,0,0,0,0
2020-03-10,Siskiyou,093,43540,0,0,0,0,0
2020-03-10,Solano,095,438530,27,26,0,26,0
2020-03-10,Sonoma,097,501317,27,2,0,2,0
2020-03-10,Stanislaus,099,539301,11,0,2,2,0
2020-03-10,Sutter,101,95872,0,0,0,0,0
2020-03-10,Tehama,103,63373,0,0,0,0,0
2020-03-10,Trinity,105,12862,0,0,0,0,0
2020-03-10,Tulare,107,460477,9,0,1,1,0
2020-03-10,Tuolumne,109,53932,1,0,0,0,0
2020-03-10,Ventura,111,848112,29,1,0,1,0
2020-03-10,Yolo,113,214977,6,2,0,2,0
2020-03-10,Yuba,115,75493,1,0,0,0,0
2020-03-09,Alameda,001,1643700,73,4,0,4,0
2020-03-09,Alpine,003,1148,0,0,0,0,0
2020-03-09,Amador,005,37829,0,0,0,0,0
2020-03-09,Butte,007,227075,0,0,0,0,0
2020-03-09,Calaveras,009,45235,2,0,0,0,0
2020-03-09,Colusa,011,21464,0,0,0,0,0
2020-03-09,Contra Costa,013,1133247,72,9,0,9,0
2020-03-09,Del Norte,015,27424,0,0,0,0,0
2020-03-09,El Dorado,017,186661,5,0,0,0,0
2020-03-09,Fresno,019,978130,7,1,1,2,0
2020-03-09,Glenn,021,27897,0,0,0,0,0
2020-03-09,Humboldt,023,135768,5,1,0,1,0
2020-03-09,Imperial,025,180216,5,0,0,0,0
2020-03-09,Inyo,027,18085,0,0,0,0,0
2020-03-09,Kern,029,883053,8,0,0,0,0
2020-03-09,Kings,031,150075,1,0,0,0,0
2020-03-09,Lake,033,64148,0,0,0,0,0
2020-03-09,Lassen,035,31185,1,0,0,0,0
2020-03-09,Los Angeles,037,10098052,463,17,6,23,0
2020-03-09,Madera,039,155013,7,1,0,1,0
2020-03-09,Marin,041,260295,15,1,0,1,0
2020-03-09,Mariposa,043,17540,0,0,0,0,0
2020-03-09,Mendocino,045,87422,0,0,0,0,0
2020-03-09,Merced,047,269075,2,0,0,0,0
2020-03-09,Modoc,049,8938,0,0,0,0,0
2020-03-09,Mono,051,14174,3,0,0,0,0
2020-03-09,Monterey,053,433212,3,0,0,0,0
2020-03-09,Napa,055,140530,2,0,0,0,0
2020-03-09,Nevada,057,99092,2,0,1,1,0
2020-03-09,Orange,059,3164182,154,4,0,4,0
2020-03-09,Placer,061,380077,12,7,0,7,1
2020-03-09,Plumas,063,18699,0,0,0,0,0
2020-03-09,Riverside,065,2383286,49,4,1,5,0
2020-03-09,Sacramento,067,1510023,75,8,0,8,0
2020-03-09,San Benito,069,59416,3,2,0,2,0
2020-03-09,San Bernardino,071,2135413,54,0,0,0,0
2020-03-09,San Diego,073,3302833,124,2,0,2,0
2020-03-09,San Francisco,075,870044,72,14,0,14,0
2020-03-09,San Joaquin,077,732212,21,0,3,3,0
2020-03-09,San Luis Obispo,079,281455,15,0,0,0,0
2020-03-09,San Mateo,081,765935,109,6,0,6,0
2020-03-09,Santa Barbara,083,443738,8,0,0,0,0
2020-03-09,Santa Clara,085,1922200,278,42,1,43,1
2020-03-09,Santa Cruz,087,273765,19,2,0,2,0
2020-03-09,Shasta,089,179085,2,1,0,1,0
2020-03-09,Sierra,091,2930,0,0,0,0,0
2020-03-09,Siskiyou,093,43540,0,0,0,0,0
2020-03-09,Solano,095,438530,25,26,0,26,0
2020-03-09,Sonoma,097,501317,22,2,0,2,0
2020-03-09,Stanislaus,099,539301,11,0,2,2,0
2020-03-09,Sutter,101,95872,0,0,0,0,0
2020-03-09,Tehama,103,63373,0,0,0,0,0
2020-03-09,Trinity,105,12862,0,0,0,0,0
2020-03-09,Tulare,107,460477,9,0,1,1,0
2020-03-09,Tuolumne,109,53932,1,0,0,0,0
2020-03-09,Ventura,111,848112,25,1,0,1,0
2020-03-09,Yolo,113,214977,5,2,0,2,0
2020-03-09,Yuba,115,75493,0,0,0,0,0
2020-03-08,Alameda,001,1643700,48,4,0,4,0
2020-03-08,Alpine,003,1148,0,0,0,0,0
2020-03-08,Amador,005,37829,0,0,0,0,0
2020-03-08,Butte,007,227075,0,0,0,0,0
2020-03-08,Calaveras,009,45235,2,0,0,0,0
2020-03-08,Colusa,011,21464,0,0,0,0,0
2020-03-08,Contra Costa,013,1133247,58,9,0,9,0
2020-03-08,Del Norte,015,27424,0,0,0,0,0
2020-03-08,El Dorado,017,186661,5,0,0,0,0
2020-03-08,Fresno,019,978130,5,1,1,2,0
2020-03-08,Glenn,021,27897,0,0,0,0,0
2020-03-08,Humboldt,023,135768,5,1,0,1,0
2020-03-08,Imperial,025,180216,5,0,0,0,0
2020-03-08,Inyo,027,18085,0,0,0,0,0
2020-03-08,Kern,029,883053,8,0,0,0,0
2020-03-08,Kings,031,150075,0,0,0,0,0
2020-03-08,Lake,033,64148,0,0,0,0,0
2020-03-08,Lassen,035,31185,0,0,0,0,0
2020-03-08,Los Angeles,037,10098052,368,14,6,20,0
2020-03-08,Madera,039,155013,7,1,0,1,0
2020-03-08,Marin,041,260295,13,1,0,1,0
2020-03-08,Mariposa,043,17540,0,0,0,0,0
2020-03-08,Mendocino,045,87422,0,0,0,0,0
2020-03-08,Merced,047,269075,2,0,0,0,0
2020-03-08,Modoc,049,8938,0,0,0,0,0
2020-03-08,Mono,051,14174,3,0,0,0,0
2020-03-08,Monterey,053,433212,3,0,0,0,0
2020-03-08,Napa,055,140530,2,0,0,0,0
2020-03-08,Nevada,057,99092,1,0,1,1,0
2020-03-08,Orange,059,3164182,129,4,0,4,0
2020-03-08,Placer,061,380077,11,7,0,7,1
2020-03-08,Plumas,063,18699,0,0,0,0,0
2020-03-08,Riverside,065,2383286,41,1,1,2,0
2020-03-08,Sacramento,067,1510023,65,5,0,5,0
2020-03-08,San Benito,069,59416,3,2,0,2,0
2020-03-08,San Bernardino,071,2135413,43,0,0,0,0
2020-03-08,San Diego,073,3302833,90,2,0,2,0
2020-03-08,San Francisco,075,870044,53,9,0,9,0
2020-03-08,San Joaquin,077,732212,18,0,3,3,0
2020-03-08,San Luis Obispo,079,281455,9,0,0,0,0
2020-03-08,San Mateo,081,765935,96,4,0,4,0
2020-03-08,Santa Barbara,083,443738,5,0,0,0,0
2020-03-08,Santa Clara,085,1922200,236,36,1,37,0
2020-03-08,Santa Cruz,087,273765,17,1,0,1,0
2020-03-08,Shasta,089,179085,2,0,0,0,0
2020-03-08,Sierra,091,2930,0,0,0,0,0
2020-03-08,Siskiyou,093,43540,0,0,0,0,0
2020-03-08,Solano,095,438530,24,26,0,26,0
2020-03-08,Sonoma,097,501317,17,2,0,2,0
2020-03-08,Stanislaus,099,539301,10,0,2,2,0
2020-03-08,Sutter,101,95872,0,0,0,0,0
2020-03-08,Tehama,103,63373,0,0,0,0,0
2020-03-08,Trinity,105,12862,0,0,0,0,0
2020-03-08,Tulare,107,460477,9,0,0,0,0
2020-03-08,Tuolumne,109,53932,1,0,0,0,0
2020-03-08,Ventura,111,848112,21,1,0,1,0
2020-03-08,Yolo,113,214977,2,2,0,2,0
2020-03-08,Yuba,115,75493,0,0,0,0,0
2020-03-07,Alameda,001,1643700,43,3,0,3,0
2020-03-07,Alpine,003,1148,0,0,0,0,0
2020-03-07,Amador,005,37829,0,0,0,0,0
2020-03-07,Butte,007,227075,0,0,0,0,0
2020-03-07,Calaveras,009,45235,2,0,0,0,0
2020-03-07,Colusa,011,21464,0,0,0,0,0
2020-03-07,Contra Costa,013,1133247,55,4,0,4,0
2020-03-07,Del Norte,015,27424,0,0,0,0,0
2020-03-07,El Dorado,017,186661,4,0,0,0,0
2020-03-07,Fresno,019,978130,4,1,1,2,0
2020-03-07,Glenn,021,27897,0,0,0,0,0
2020-03-07,Humboldt,023,135768,5,1,0,1,0
2020-03-07,Imperial,025,180216,4,0,0,0,0
2020-03-07,Inyo,027,18085,0,0,0,0,0
2020-03-07,Kern,029,883053,7,0,0,0,0
2020-03-07,Kings,031,150075,0,0,0,0,0
2020-03-07,Lake,033,64148,0,0,0,0,0
2020-03-07,Lassen,035,31185,0,0,0,0,0
2020-03-07,Los Angeles,037,10098052,317,14,6,20,0
2020-03-07,Madera,039,155013,6,1,0,1,0
2020-03-07,Marin,041,260295,11,0,0,0,0
2020-03-07,Mariposa,043,17540,0,0,0,0,0
2020-03-07,Mendocino,045,87422,0,0,0,0,0
2020-03-07,Merced,047,269075,2,0,0,0,0
2020-03-07,Modoc,049,8938,0,0,0,0,0
2020-03-07,Mono,051,14174,3,0,0,0,0
2020-03-07,Monterey,053,433212,3,0,0,0,0
2020-03-07,Napa,055,140530,1,0,0,0,0
2020-03-07,Nevada,057,99092,1,0,1,1,0
2020-03-07,Orange,059,3164182,121,4,0,4,0
2020-03-07,Placer,061,380077,11,6,0,6,1
2020-03-07,Plumas,063,18699,0,0,0,0,0
2020-03-07,Riverside,065,2383286,31,0,1,1,0
2020-03-07,Sacramento,067,1510023,52,4,0,4,0
2020-03-07,San Benito,069,59416,3,2,0,2,0
2020-03-07,San Bernardino,071,2135413,41,0,0,0,0
2020-03-07,San Diego,073,3302833,72,2,0,2,0
2020-03-07,San Francisco,075,870044,47,9,0,9,0
2020-03-07,San Joaquin,077,732212,16,0,3,3,0
2020-03-07,San Luis Obispo,079,281455,6,0,0,0,0
2020-03-07,San Mateo,081,765935,86,1,0,1,0
2020-03-07,Santa Barbara,083,443738,5,0,0,0,0
2020-03-07,Santa Clara,085,1922200,206,31,1,32,0
2020-03-07,Santa Cruz,087,273765,17,1,0,1,0
2020-03-07,Shasta,089,179085,2,0,0,0,0
2020-03-07,Sierra,091,2930,0,0,0,0,0
2020-03-07,Siskiyou,093,43540,0,0,0,0,0
2020-03-07,Solano,095,438530,23,25,0,25,0
2020-03-07,Sonoma,097,501317,13,2,0,2,0
2020-03-07,Stanislaus,099,539301,9,0,2,2,0
2020-03-07,Sutter,101,95872,0,0,0,0,0
2020-03-07,Tehama,103,63373,0,0,0,0,0
2020-03-07,Trinity,105,12862,0,0,0,0,0
2020-03-07,Tulare,107,460477,6,0,0,0,0
2020-03-07,Tuolumne,109,53932,1,0,0,0,0
2020-03-07,Ventura,111,848112,18,1,0,1,0
2020-03-07,Yolo,113,214977,2,2,0,2,0
2020-03-07,Yuba,115,75493,0,0,0,0,0
2020-03-06,Alameda,001,1643700,41,3,0,3,0
2020-03-06,Alpine,003,1148,0,0,0,0,0
2020-03-06,Amador,005,37829,0,0,0,0,0
2020-03-06,Butte,007,227075,0,0,0,0,0
2020-03-06,Calaveras,009,45235,2,0,0,0,0
2020-03-06,Colusa,011,21464,0,0,0,0,0
2020-03-06,Contra Costa,013,1133247,46,4,0,4,0
2020-03-06,Del Norte,015,27424,0,0,0,0,0
2020-03-06,El Dorado,017,186661,3,0,0,0,0
2020-03-06,Fresno,019,978130,3,0,1,1,0
2020-03-06,Glenn,021,27897,0,0,0,0,0
2020-03-06,Humboldt,023,135768,4,1,0,1,0
2020-03-06,Imperial,025,180216,3,0,0,0,0
2020-03-06,Inyo,027,18085,0,0,0,0,0
2020-03-06,Kern,029,883053,6,0,0,0,0
2020-03-06,Kings,031,150075,0,0,0,0,0
2020-03-06,Lake,033,64148,0,0,0,0,0
2020-03-06,Lassen,035,31185,0,0,0,0,0
2020-03-06,Los Angeles,037,10098052,274,13,6,19,0
2020-03-06,Madera,039,155013,5,0,0,0,0
2020-03-06,Marin,041,260295,10,0,0,0,0
2020-03-06,Mariposa,043,17540,0,0,0,0,0
2020-03-06,Mendocino,045,87422,0,0,0,0,0
2020-03-06,Merced,047,269075,2,0,0,0,0
2020-03-06,Modoc,049,8938,0,0,0,0,0
2020-03-06,Mono,051,14174,1,0,0,0,0
2020-03-06,Monterey,053,433212,3,0,0,0,0
2020-03-06,Napa,055,140530,1,0,0,0,0
2020-03-06,Nevada,057,99092,1,0,1,1,0
2020-03-06,Orange,059,3164182,95,4,0,4,0
2020-03-06,Placer,061,380077,10,5,0,5,1
2020-03-06,Plumas,063,18699,0,0,0,0,0
2020-03-06,Riverside,065,2383286,30,0,1,1,0
2020-03-06,Sacramento,067,1510023,43,2,0,2,0
2020-03-06,San Benito,069,59416,3,2,0,2,0
2020-03-06,San Bernardino,071,2135413,39,0,0,0,0
2020-03-06,San Diego,073,3302833,59,2,0,2,0
2020-03-06,San Francisco,075,870044,41,2,0,2,0
2020-03-06,San Joaquin,077,732212,13,0,3,3,0
2020-03-06,San Luis Obispo,079,281455,4,0,0,0,0
2020-03-06,San Mateo,081,765935,78,1,0,1,0
2020-03-06,Santa Barbara,083,443738,3,0,0,0,0
2020-03-06,Santa Clara,085,1922200,188,20,1,21,0
2020-03-06,Santa Cruz,087,273765,15,0,0,0,0
2020-03-06,Shasta,089,179085,2,0,0,0,0
2020-03-06,Sierra,091,2930,0,0,0,0,0
2020-03-06,Siskiyou,093,43540,0,0,0,0,0
2020-03-06,Solano,095,438530,22,25,0,25,0
2020-03-06,Sonoma,097,501317,13,2,0,2,0
2020-03-06,Stanislaus,099,539301,5,0,2,2,0
2020-03-06,Sutter,101,95872,0,0,0,0,0
2020-03-06,Tehama,103,63373,0,0,0,0,0
2020-03-06,Trinity,105,12862,0,0,0,0,0
2020-03-06,Tulare,107,460477,6,0,0,0,0
2020-03-06,Tuolumne,109,53932,1,0,0,0,0
2020-03-06,Ventura,111,848112,15,1,0,1,0
2020-03-06,Yolo,113,214977,2,1,0,1,0
2020-03-06,Yuba,115,75493,0,0,0,0,0
2020-03-05,Alameda,001,1643700,35,2,0,2,0
2020-03-05,Alpine,003,1148,0,0,0,0,0
2020-03-05,Amador,005,37829,0,0,0,0,0
2020-03-05,Butte,007,227075,0,0,0,0,0
2020-03-05,Calaveras,009,45235,2,0,0,0,0
2020-03-05,Colusa,011,21464,0,0,0,0,0
2020-03-05,Contra Costa,013,1133247,39,1,0,1,0
2020-03-05,Del Norte,015,27424,0,0,0,0,0
2020-03-05,El Dorado,017,186661,1,0,0,0,0
2020-03-05,Fresno,019,978130,3,0,1,1,0
2020-03-05,Glenn,021,27897,0,0,0,0,0
2020-03-05,Humboldt,023,135768,4,1,0,1,0
2020-03-05,Imperial,025,180216,2,0,0,0,0
2020-03-05,Inyo,027,18085,0,0,0,0,0
2020-03-05,Kern,029,883053,6,0,0,0,0
2020-03-05,Kings,031,150075,0,0,0,0,0
2020-03-05,Lake,033,64148,0,0,0,0,0
2020-03-05,Lassen,035,31185,0,0,0,0,0
2020-03-05,Los Angeles,037,10098052,227,11,6,17,0
2020-03-05,Madera,039,155013,5,0,0,0,0
2020-03-05,Marin,041,260295,10,0,0,0,0
2020-03-05,Mariposa,043,17540,0,0,0,0,0
2020-03-05,Mendocino,045,87422,0,0,0,0,0
2020-03-05,Merced,047,269075,2,0,0,0,0
2020-03-05,Modoc,049,8938,0,0,0,0,0
2020-03-05,Mono,051,14174,1,0,0,0,0
2020-03-05,Monterey,053,433212,3,0,0,0,0
2020-03-05,Napa,055,140530,1,0,0,0,0
2020-03-05,Nevada,057,99092,0,0,1,1,0
2020-03-05,Orange,059,3164182,80,3,0,3,0
2020-03-05,Placer,061,380077,10,2,0,2,1
2020-03-05,Plumas,063,18699,0,0,0,0,0
2020-03-05,Riverside,065,2383286,27,0,1,1,0
2020-03-05,Sacramento,067,1510023,37,2,0,2,0
2020-03-05,San Benito,069,59416,1,2,0,2,0
2020-03-05,San Bernardino,071,2135413,34,0,0,0,0
2020-03-05,San Diego,073,3302833,52,2,0,2,0
2020-03-05,San Francisco,075,870044,31,2,0,2,0
2020-03-05,San Joaquin,077,732212,10,0,3,3,0
2020-03-05,San Luis Obispo,079,281455,4,0,0,0,0
2020-03-05,San Mateo,081,765935,65,1,0,1,0
2020-03-05,Santa Barbara,083,443738,2,0,0,0,0
2020-03-05,Santa Clara,085,1922200,164,14,1,15,0
2020-03-05,Santa Cruz,087,273765,13,0,0,0,0
2020-03-05,Shasta,089,179085,2,0,0,0,0
2020-03-05,Sierra,091,2930,0,0,0,0,0
2020-03-05,Siskiyou,093,43540,0,0,0,0,0
2020-03-05,Solano,095,438530,22,24,0,24,0
2020-03-05,Sonoma,097,501317,12,2,0,2,0
2020-03-05,Stanislaus,099,539301,4,0,2,2,0
2020-03-05,Sutter,101,95872,0,0,0,0,0
2020-03-05,Tehama,103,63373,0,0,0,0,0
2020-03-05,Trinity,105,12862,0,0,0,0,0
2020-03-05,Tulare,107,460477,6,0,0,0,0
2020-03-05,Tuolumne,109,53932,1,0,0,0,0
2020-03-05,Ventura,111,848112,13,0,0,0,0
2020-03-05,Yolo,113,214977,2,0,0,0,0
2020-03-05,Yuba,115,75493,0,0,0,0,0
2020-03-04,Alameda,001,1643700,31,2,0,2,0
2020-03-04,Alpine,003,1148,0,0,0,0,0
2020-03-04,Amador,005,37829,0,0,0,0,0
2020-03-04,Butte,007,227075,0,0,0,0,0
2020-03-04,Calaveras,009,45235,0,0,0,0,0
2020-03-04,Colusa,011,21464,0,0,0,0,0
2020-03-04,Contra Costa,013,1133247,34,1,0,1,0
2020-03-04,Del Norte,015,27424,0,0,0,0,0
2020-03-04,El Dorado,017,186661,1,0,0,0,0
2020-03-04,Fresno,019,978130,3,0,1,1,0
2020-03-04,Glenn,021,27897,0,0,0,0,0
2020-03-04,Humboldt,023,135768,1,1,0,1,0
2020-03-04,Imperial,025,180216,2,0,0,0,0
2020-03-04,Inyo,027,18085,0,0,0,0,0
2020-03-04,Kern,029,883053,6,0,0,0,0
2020-03-04,Kings,031,150075,0,0,0,0,0
2020-03-04,Lake,033,64148,0,0,0,0,0
2020-03-04,Lassen,035,31185,0,0,0,0,0
2020-03-04,Los Angeles,037,10098052,191,7,6,13,0
2020-03-04,Madera,039,155013,5,0,0,0,0
2020-03-04,Marin,041,260295,10,0,0,0,0
2020-03-04,Mariposa,043,17540,0,0,0,0,0
2020-03-04,Mendocino,045,87422,0,0,0,0,0
2020-03-04,Merced,047,269075,2,0,0,0,0
2020-03-04,Modoc,049,8938,0,0,0,0,0
2020-03-04,Mono,051,14174,1,0,0,0,0
2020-03-04,Monterey,053,433212,3,0,0,0,0
2020-03-04,Napa,055,140530,1,0,0,0,0
2020-03-04,Nevada,057,99092,0,0,1,1,0
2020-03-04,Orange,059,3164182,77,3,0,3,0
2020-03-04,Placer,061,380077,9,2,0,2,1
2020-03-04,Plumas,063,18699,0,0,0,0,0
2020-03-04,Riverside,065,2383286,23,0,1,1,0
2020-03-04,Sacramento,067,1510023,32,1,0,1,0
2020-03-04,San Benito,069,59416,1,2,0,2,0
2020-03-04,San Bernardino,071,2135413,31,0,0,0,0
2020-03-04,San Diego,073,3302833,39,2,0,2,0
2020-03-04,San Francisco,075,870044,26,0,0,0,0
2020-03-04,San Joaquin,077,732212,9,0,3,3,0
2020-03-04,San Luis Obispo,079,281455,4,0,0,0,0
2020-03-04,San Mateo,081,765935,60,1,0,1,0
2020-03-04,Santa Barbara,083,443738,2,0,0,0,0
2020-03-04,Santa Clara,085,1922200,147,12,1,13,0
2020-03-04,Santa Cruz,087,273765,13,0,0,0,0
2020-03-04,Shasta,089,179085,2,0,0,0,0
2020-03-04,Sierra,091,2930,0,0,0,0,0
2020-03-04,Siskiyou,093,43540,0,0,0,0,0
2020-03-04,Solano,095,438530,21,24,0,24,0
2020-03-04,Sonoma,097,501317,11,2,0,2,0
2020-03-04,Stanislaus,099,539301,4,0,2,2,0
2020-03-04,Sutter,101,95872,0,0,0,0,0
2020-03-04,Tehama,103,63373,0,0,0,0,0
2020-03-04,Trinity,105,12862,0,0,0,0,0
2020-03-04,Tulare,107,460477,6,0,0,0,0
2020-03-04,Tuolumne,109,53932,0,0,0,0,0
2020-03-04,Ventura,111,848112,12,0,0,0,0
2020-03-04,Yolo,113,214977,2,0,0,0,0
2020-03-04,Yuba,115,75493,0,0,0,0,0
2020-03-03,Alameda,001,1643700,25,2,0,2,0
2020-03-03,Alpine,003,1148,0,0,0,0,0
2020-03-03,Amador,005,37829,0,0,0,0,0
2020-03-03,Butte,007,227075,0,0,0,0,0
2020-03-03,Calaveras,009,45235,0,0,0,0,0
2020-03-03,Colusa,011,21464,0,0,0,0,0
2020-03-03,Contra Costa,013,1133247,30,0,0,0,0
2020-03-03,Del Norte,015,27424,0,0,0,0,0
2020-03-03,El Dorado,017,186661,1,0,0,0,0
2020-03-03,Fresno,019,978130,2,0,1,1,0
2020-03-03,Glenn,021,27897,0,0,0,0,0
2020-03-03,Humboldt,023,135768,1,1,0,1,0
2020-03-03,Imperial,025,180216,2,0,0,0,0
2020-03-03,Inyo,027,18085,0,0,0,0,0
2020-03-03,Kern,029,883053,4,0,0,0,0
2020-03-03,Kings,031,150075,0,0,0,0,0
2020-03-03,Lake,033,64148,0,0,0,0,0
2020-03-03,Lassen,035,31185,0,0,0,0,0
2020-03-03,Los Angeles,037,10098052,172,5,6,11,0
2020-03-03,Madera,039,155013,4,0,0,0,0
2020-03-03,Marin,041,260295,6,0,0,0,0
2020-03-03,Mariposa,043,17540,0,0,0,0,0
2020-03-03,Mendocino,045,87422,0,0,0,0,0
2020-03-03,Merced,047,269075,2,0,0,0,0
2020-03-03,Modoc,049,8938,0,0,0,0,0
2020-03-03,Mono,051,14174,1,0,0,0,0
2020-03-03,Monterey,053,433212,2,0,0,0,0
2020-03-03,Napa,055,140530,1,0,0,0,0
2020-03-03,Nevada,057,99092,0,0,1,1,0
2020-03-03,Orange,059,3164182,69,1,0,1,0
2020-03-03,Placer,061,380077,8,2,0,2,0
2020-03-03,Plumas,063,18699,0,0,0,0,0
2020-03-03,Riverside,065,2383286,20,0,1,1,0
2020-03-03,Sacramento,067,1510023,31,1,0,1,0
2020-03-03,San Benito,069,59416,1,2,0,2,0
2020-03-03,San Bernardino,071,2135413,28,0,0,0,0
2020-03-03,San Diego,073,3302833,32,2,0,2,0
2020-03-03,San Francisco,075,870044,24,0,0,0,0
2020-03-03,San Joaquin,077,732212,8,0,3,3,0
2020-03-03,San Luis Obispo,079,281455,2,0,0,0,0
2020-03-03,San Mateo,081,765935,53,1,0,1,0
2020-03-03,Santa Barbara,083,443738,1,0,0,0,0
2020-03-03,Santa Clara,085,1922200,132,11,1,12,0
2020-03-03,Santa Cruz,087,273765,10,0,0,0,0
2020-03-03,Shasta,089,179085,2,0,0,0,0
2020-03-03,Sierra,091,2930,0,0,0,0,0
2020-03-03,Siskiyou,093,43540,0,0,0,0,0
2020-03-03,Solano,095,438530,20,24,0,24,0
2020-03-03,Sonoma,097,501317,11,1,0,1,0
2020-03-03,Stanislaus,099,539301,4,0,2,2,0
2020-03-03,Sutter,101,95872,0,0,0,0,0
2020-03-03,Tehama,103,63373,0,0,0,0,0
2020-03-03,Trinity,105,12862,0,0,0,0,0
2020-03-03,Tulare,107,460477,6,0,0,0,0
2020-03-03,Tuolumne,109,53932,0,0,0,0,0
2020-03-03,Ventura,111,848112,11,0,0,0,0
2020-03-03,Yolo,113,214977,1,0,0,0,0
2020-03-03,Yuba,115,75493,0,0,0,0,0
2020-03-02,Alameda,001,1643700,22,1,0,1,0
2020-03-02,Alpine,003,1148,0,0,0,0,0
2020-03-02,Amador,005,37829,0,0,0,0,0
2020-03-02,Butte,007,227075,0,0,0,0,0
2020-03-02,Calaveras,009,45235,0,0,0,0,0
2020-03-02,Colusa,011,21464,0,0,0,0,0
2020-03-02,Contra Costa,013,1133247,27,0,0,0,0
2020-03-02,Del Norte,015,27424,0,0,0,0,0
2020-03-02,El Dorado,017,186661,1,0,0,0,0
2020-03-02,Fresno,019,978130,2,0,1,1,0
2020-03-02,Glenn,021,27897,0,0,0,0,0
2020-03-02,Humboldt,023,135768,1,1,0,1,0
2020-03-02,Imperial,025,180216,2,0,0,0,0
2020-03-02,Inyo,027,18085,0,0,0,0,0
2020-03-02,Kern,029,883053,4,0,0,0,0
2020-03-02,Kings,031,150075,0,0,0,0,0
2020-03-02,Lake,033,64148,0,0,0,0,0
2020-03-02,Lassen,035,31185,0,0,0,0,0
2020-03-02,Los Angeles,037,10098052,157,1,6,7,0
2020-03-02,Madera,039,155013,4,0,0,0,0
2020-03-02,Marin,041,260295,6,0,0,0,0
2020-03-02,Mariposa,043,17540,0,0,0,0,0
2020-03-02,Mendocino,045,87422,0,0,0,0,0
2020-03-02,Merced,047,269075,1,0,0,0,0
2020-03-02,Modoc,049,8938,0,0,0,0,0
2020-03-02,Mono,051,14174,1,0,0,0,0
2020-03-02,Monterey,053,433212,2,0,0,0,0
2020-03-02,Napa,055,140530,1,0,0,0,0
2020-03-02,Nevada,057,99092,0,0,1,1,0
2020-03-02,Orange,059,3164182,64,1,0,1,0
2020-03-02,Placer,061,380077,8,1,0,1,0
2020-03-02,Plumas,063,18699,0,0,0,0,0
2020-03-02,Riverside,065,2383286,19,0,1,1,0
2020-03-02,Sacramento,067,1510023,25,1,0,1,0
2020-03-02,San Benito,069,59416,1,2,0,2,0
2020-03-02,San Bernardino,071,2135413,28,0,0,0,0
2020-03-02,San Diego,073,3302833,26,2,0,2,0
2020-03-02,San Francisco,075,870044,17,0,0,0,0
2020-03-02,San Joaquin,077,732212,7,0,3,3,0
2020-03-02,San Luis Obispo,079,281455,2,0,0,0,0
2020-03-02,San Mateo,081,765935,44,1,0,1,0
2020-03-02,Santa Barbara,083,443738,1,0,0,0,0
2020-03-02,Santa Clara,085,1922200,110,7,1,8,0
2020-03-02,Santa Cruz,087,273765,9,0,0,0,0
2020-03-02,Shasta,089,179085,2,0,0,0,0
2020-03-02,Sierra,091,2930,0,0,0,0,0
2020-03-02,Siskiyou,093,43540,0,0,0,0,0
2020-03-02,Solano,095,438530,19,24,0,24,0
2020-03-02,Sonoma,097,501317,10,1,0,1,0
2020-03-02,Stanislaus,099,539301,2,0,2,2,0
2020-03-02,Sutter,101,95872,0,0,0,0,0
2020-03-02,Tehama,103,63373,0,0,0,0,0
2020-03-02,Trinity,105,12862,0,0,0,0,0
2020-03-02,Tulare,107,460477,6,0,0,0,0
2020-03-02,Tuolumne,109,53932,0,0,0,0,0
2020-03-02,Ventura,111,848112,10,0,0,0,0
2020-03-02,Yolo,113,214977,1,0,0,0,0
2020-03-02,Yuba,115,75493,0,0,0,0,0
2020-03-01,Alameda,001,1643700,21,1,0,1,0
2020-03-01,Alpine,003,1148,0,0,0,0,0
2020-03-01,Amador,005,37829,0,0,0,0,0
2020-03-01,Butte,007,227075,0,0,0,0,0
2020-03-01,Calaveras,009,45235,0,0,0,0,0
2020-03-01,Colusa,011,21464,0,0,0,0,0
2020-03-01,Contra Costa,013,1133247,24,0,0,0,0
2020-03-01,Del Norte,015,27424,0,0,0,0,0
2020-03-01,El Dorado,017,186661,1,0,0,0,0
2020-03-01,Fresno,019,978130,1,0,1,1,0
2020-03-01,Glenn,021,27897,0,0,0,0,0
2020-03-01,Humboldt,023,135768,1,1,0,1,0
2020-03-01,Imperial,025,180216,2,0,0,0,0
2020-03-01,Inyo,027,18085,0,0,0,0,0
2020-03-01,Kern,029,883053,2,0,0,0,0
2020-03-01,Kings,031,150075,0,0,0,0,0
2020-03-01,Lake,033,64148,0,0,0,0,0
2020-03-01,Lassen,035,31185,0,0,0,0,0
2020-03-01,Los Angeles,037,10098052,138,1,6,7,0
2020-03-01,Madera,039,155013,2,0,0,0,0
2020-03-01,Marin,041,260295,5,0,0,0,0
2020-03-01,Mariposa,043,17540,0,0,0,0,0
2020-03-01,Mendocino,045,87422,0,0,0,0,0
2020-03-01,Merced,047,269075,1,0,0,0,0
2020-03-01,Modoc,049,8938,0,0,0,0,0
2020-03-01,Mono,051,14174,1,0,0,0,0
2020-03-01,Monterey,053,433212,1,0,0,0,0
2020-03-01,Napa,055,140530,1,0,0,0,0
2020-03-01,Nevada,057,99092,0,0,1,1,0
2020-03-01,Orange,059,3164182,61,1,0,1,0
2020-03-01,Placer,061,380077,8,0,0,0,0
2020-03-01,Plumas,063,18699,0,0,0,0,0
2020-03-01,Riverside,065,2383286,18,0,1,1,0
2020-03-01,Sacramento,067,1510023,21,1,0,1,0
2020-03-01,San Benito,069,59416,0,2,0,2,0
2020-03-01,San Bernardino,071,2135413,27,0,0,0,0
2020-03-01,San Diego,073,3302833,19,2,0,2,0
2020-03-01,San Francisco,075,870044,13,0,0,0,0
2020-03-01,San Joaquin,077,732212,7,0,3,3,0
2020-03-01,San Luis Obispo,079,281455,2,0,0,0,0
2020-03-01,San Mateo,081,765935,36,0,0,0,0
2020-03-01,Santa Barbara,083,443738,1,0,0,0,0
2020-03-01,Santa Clara,085,1922200,97,6,1,7,0
2020-03-01,Santa Cruz,087,273765,8,0,0,0,0
2020-03-01,Shasta,089,179085,2,0,0,0,0
2020-03-01,Sierra,091,2930,0,0,0,0,0
2020-03-01,Siskiyou,093,43540,0,0,0,0,0
2020-03-01,Solano,095,438530,19,24,0,24,0
2020-03-01,Sonoma,097,501317,9,0,0,0,0
2020-03-01,Stanislaus,099,539301,2,0,2,2,0
2020-03-01,Sutter,101,95872,0,0,0,0,0
2020-03-01,Tehama,103,63373,0,0,0,0,0
2020-03-01,Trinity,105,12862,0,0,0,0,0
2020-03-01,Tulare,107,460477,6,0,0,0,0
2020-03-01,Tuolumne,109,53932,0,0,0,0,0
2020-03-01,Ventura,111,848112,8,0,0,0,0
2020-03-01,Yolo,113,214977,1,0,0,0,0
2020-03-01,Yuba,115,75493,0,0,0,0,0
2020-02-29,Alameda,001,1643700,17,0,0,0,0
2020-02-29,Alpine,003,1148,0,0,0,0,0
2020-02-29,Amador,005,37829,0,0,0,0,0
2020-02-29,Butte,007,227075,0,0,0,0,0
2020-02-29,Calaveras,009,45235,0,0,0,0,0
2020-02-29,Colusa,011,21464,0,0,0,0,0
2020-02-29,Contra Costa,013,1133247,20,0,0,0,0
2020-02-29,Del Norte,015,27424,0,0,0,0,0
2020-02-29,El Dorado,017,186661,1,0,0,0,0
2020-02-29,Fresno,019,978130,1,0,0,0,0
2020-02-29,Glenn,021,27897,0,0,0,0,0
2020-02-29,Humboldt,023,135768,1,1,0,1,0
2020-02-29,Imperial,025,180216,1,0,0,0,0
2020-02-29,Inyo,027,18085,0,0,0,0,0
2020-02-29,Kern,029,883053,2,0,0,0,0
2020-02-29,Kings,031,150075,0,0,0,0,0
2020-02-29,Lake,033,64148,0,0,0,0,0
2020-02-29,Lassen,035,31185,0,0,0,0,0
2020-02-29,Los Angeles,037,10098052,110,1,6,7,0
2020-02-29,Madera,039,155013,2,0,0,0,0
2020-02-29,Marin,041,260295,4,0,0,0,0
2020-02-29,Mariposa,043,17540,0,0,0,0,0
2020-02-29,Mendocino,045,87422,0,0,0,0,0
2020-02-29,Merced,047,269075,1,0,0,0,0
2020-02-29,Modoc,049,8938,0,0,0,0,0
2020-02-29,Mono,051,14174,1,0,0,0,0
2020-02-29,Monterey,053,433212,1,0,0,0,0
2020-02-29,Napa,055,140530,1,0,0,0,0
2020-02-29,Nevada,057,99092,0,0,1,1,0
2020-02-29,Orange,059,3164182,56,1,0,1,0
2020-02-29,Placer,061,380077,7,0,0,0,0
2020-02-29,Plumas,063,18699,0,0,0,0,0
2020-02-29,Riverside,065,2383286,15,0,1,1,0
2020-02-29,Sacramento,067,1510023,16,1,0,1,0
2020-02-29,San Benito,069,59416,0,2,0,2,0
2020-02-29,San Bernardino,071,2135413,25,0,0,0,0
2020-02-29,San Diego,073,3302833,14,2,0,2,0
2020-02-29,San Francisco,075,870044,12,0,0,0,0
2020-02-29,San Joaquin,077,732212,6,0,3,3,0
2020-02-29,San Luis Obispo,079,281455,2,0,0,0,0
2020-02-29,San Mateo,081,765935,29,0,0,0,0
2020-02-29,Santa Barbara,083,443738,0,0,0,0,0
2020-02-29,Santa Clara,085,1922200,75,3,1,4,0
2020-02-29,Santa Cruz,087,273765,8,0,0,0,0
2020-02-29,Shasta,089,179085,2,0,0,0,0
2020-02-29,Sierra,091,2930,0,0,0,0,0
2020-02-29,Siskiyou,093,43540,0,0,0,0,0
2020-02-29,Solano,095,438530,18,23,0,23,0
2020-02-29,Sonoma,097,501317,6,0,0,0,0
2020-02-29,Stanislaus,099,539301,2,0,2,2,0
2020-02-29,Sutter,101,95872,0,0,0,0,0
2020-02-29,Tehama,103,63373,0,0,0,0,0
2020-02-29,Trinity,105,12862,0,0,0,0,0
2020-02-29,Tulare,107,460477,4,0,0,0,0
2020-02-29,Tuolumne,109,53932,0,0,0,0,0
2020-02-29,Ventura,111,848112,6,0,0,0,0
2020-02-29,Yolo,113,214977,1,0,0,0,0
2020-02-29,Yuba,115,75493,0,0,0,0,0
2020-02-28,Alameda,001,1643700,15,0,0,0,0
2020-02-28,Alpine,003,1148,0,0,0,0,0
2020-02-28,Amador,005,37829,0,0,0,0,0
2020-02-28,Butte,007,227075,0,0,0,0,0
2020-02-28,Calaveras,009,45235,0,0,0,0,0
2020-02-28,Colusa,011,21464,0,0,0,0,0
2020-02-28,Contra Costa,013,1133247,20,0,0,0,0
2020-02-28,Del Norte,015,27424,0,0,0,0,0
2020-02-28,El Dorado,017,186661,0,0,0,0,0
2020-02-28,Fresno,019,978130,1,0,0,0,0
2020-02-28,Glenn,021,27897,0,0,0,0,0
2020-02-28,Humboldt,023,135768,1,1,0,1,0
2020-02-28,Imperial,025,180216,1,0,0,0,0
2020-02-28,Inyo,027,18085,0,0,0,0,0
2020-02-28,Kern,029,883053,2,0,0,0,0
2020-02-28,Kings,031,150075,0,0,0,0,0
2020-02-28,Lake,033,64148,0,0,0,0,0
2020-02-28,Lassen,035,31185,0,0,0,0,0
2020-02-28,Los Angeles,037,10098052,102,1,6,7,0
2020-02-28,Madera,039,155013,2,0,0,0,0
2020-02-28,Marin,041,260295,2,0,0,0,0
2020-02-28,Mariposa,043,17540,0,0,0,0,0
2020-02-28,Mendocino,045,87422,0,0,0,0,0
2020-02-28,Merced,047,269075,1,0,0,0,0
2020-02-28,Modoc,049,8938,0,0,0,0,0
2020-02-28,Mono,051,14174,0,0,0,0,0
2020-02-28,Monterey,053,433212,1,0,0,0,0
2020-02-28,Napa,055,140530,1,0,0,0,0
2020-02-28,Nevada,057,99092,0,0,1,1,0
2020-02-28,Orange,059,3164182,54,1,0,1,0
2020-02-28,Placer,061,380077,7,0,0,0,0
2020-02-28,Plumas,063,18699,0,0,0,0,0
2020-02-28,Riverside,065,2383286,13,0,1,1,0
2020-02-28,Sacramento,067,1510023,10,1,0,1,0
2020-02-28,San Benito,069,59416,0,2,0,2,0
2020-02-28,San Bernardino,071,2135413,25,0,0,0,0
2020-02-28,San Diego,073,3302833,11,2,0,2,0
2020-02-28,San Francisco,075,870044,10,0,0,0,0
2020-02-28,San Joaquin,077,732212,6,0,3,3,0
2020-02-28,San Luis Obispo,079,281455,2,0,0,0,0
2020-02-28,San Mateo,081,765935,24,0,0,0,0
2020-02-28,Santa Barbara,083,443738,0,0,0,0,0
2020-02-28,Santa Clara,085,1922200,70,3,1,4,0
2020-02-28,Santa Cruz,087,273765,8,0,0,0,0
2020-02-28,Shasta,089,179085,2,0,0,0,0
2020-02-28,Sierra,091,2930,0,0,0,0,0
2020-02-28,Siskiyou,093,43540,0,0,0,0,0
2020-02-28,Solano,095,438530,17,23,0,23,0
2020-02-28,Sonoma,097,501317,6,0,0,0,0
2020-02-28,Stanislaus,099,539301,2,0,2,2,0
2020-02-28,Sutter,101,95872,0,0,0,0,0
2020-02-28,Tehama,103,63373,0,0,0,0,0
2020-02-28,Trinity,105,12862,0,0,0,0,0
2020-02-28,Tulare,107,460477,3,0,0,0,0
2020-02-28,Tuolumne,109,53932,0,0,0,0,0
2020-02-28,Ventura,111,848112,6,0,0,0,0
2020-02-28,Yolo,113,214977,1,0,0,0,0
2020-02-28,Yuba,115,75493,0,0,0,0,0
2020-02-27,Alameda,001,1643700,14,0,0,0,0
2020-02-27,Alpine,003,1148,0,0,0,0,0
2020-02-27,Amador,005,37829,0,0,0,0,0
2020-02-27,Butte,007,227075,0,0,0,0,0
2020-02-27,Calaveras,009,45235,0,0,0,0,0
2020-02-27,Colusa,011,21464,0,0,0,0,0
2020-02-27,Contra Costa,013,1133247,14,0,0,0,0
2020-02-27,Del Norte,015,27424,0,0,0,0,0
2020-02-27,El Dorado,017,186661,0,0,0,0,0
2020-02-27,Fresno,019,978130,1,0,0,0,0
2020-02-27,Glenn,021,27897,0,0,0,0,0
2020-02-27,Humboldt,023,135768,1,1,0,1,0
2020-02-27,Imperial,025,180216,1,0,0,0,0
2020-02-27,Inyo,027,18085,0,0,0,0,0
2020-02-27,Kern,029,883053,2,0,0,0,0
2020-02-27,Kings,031,150075,0,0,0,0,0
2020-02-27,Lake,033,64148,0,0,0,0,0
2020-02-27,Lassen,035,31185,0,0,0,0,0
2020-02-27,Los Angeles,037,10098052,94,1,6,7,0
2020-02-27,Madera,039,155013,2,0,0,0,0
2020-02-27,Marin,041,260295,1,0,0,0,0
2020-02-27,Mariposa,043,17540,0,0,0,0,0
2020-02-27,Mendocino,045,87422,0,0,0,0,0
2020-02-27,Merced,047,269075,1,0,0,0,0
2020-02-27,Modoc,049,8938,0,0,0,0,0
2020-02-27,Mono,051,14174,0,0,0,0,0
2020-02-27,Monterey,053,433212,1,0,0,0,0
2020-02-27,Napa,055,140530,1,0,0,0,0
2020-02-27,Nevada,057,99092,0,0,1,1,0
2020-02-27,Orange,059,3164182,48,1,0,1,0
2020-02-27,Placer,061,380077,6,0,0,0,0
2020-02-27,Plumas,063,18699,0,0,0,0,0
2020-02-27,Riverside,065,2383286,12,0,1,1,0
2020-02-27,Sacramento,067,1510023,10,1,0,1,0
2020-02-27,San Benito,069,59416,0,2,0,2,0
2020-02-27,San Bernardino,071,2135413,25,0,0,0,0
2020-02-27,San Diego,073,3302833,10,2,0,2,0
2020-02-27,San Francisco,075,870044,9,0,0,0,0
2020-02-27,San Joaquin,077,732212,5,0,3,3,0
2020-02-27,San Luis Obispo,079,281455,2,0,0,0,0
2020-02-27,San Mateo,081,765935,20,0,0,0,0
2020-02-27,Santa Barbara,083,443738,0,0,0,0,0
2020-02-27,Santa Clara,085,1922200,59,2,1,3,0
2020-02-27,Santa Cruz,087,273765,6,0,0,0,0
2020-02-27,Shasta,089,179085,0,0,0,0,0
2020-02-27,Sierra,091,2930,0,0,0,0,0
2020-02-27,Siskiyou,093,43540,0,0,0,0,0
2020-02-27,Solano,095,438530,17,23,0,23,0
2020-02-27,Sonoma,097,501317,5,0,0,0,0
2020-02-27,Stanislaus,099,539301,2,0,2,2,0
2020-02-27,Sutter,101,95872,0,0,0,0,0
2020-02-27,Tehama,103,63373,0,0,0,0,0
2020-02-27,Trinity,105,12862,0,0,0,0,0
2020-02-27,Tulare,107,460477,3,0,0,0,0
2020-02-27,Tuolumne,109,53932,0,0,0,0,0
2020-02-27,Ventura,111,848112,4,0,0,0,0
2020-02-27,Yolo,113,214977,1,0,0,0,0
2020-02-27,Yuba,115,75493,0,0,0,0,0
2020-02-26,Alameda,001,1643700,14,0,0,0,0
2020-02-26,Alpine,003,1148,0,0,0,0,0
2020-02-26,Amador,005,37829,0,0,0,0,0
2020-02-26,Butte,007,227075,0,0,0,0,0
2020-02-26,Calaveras,009,45235,0,0,0,0,0
2020-02-26,Colusa,011,21464,0,0,0,0,0
2020-02-26,Contra Costa,013,1133247,13,0,0,0,0
2020-02-26,Del Norte,015,27424,0,0,0,0,0
2020-02-26,El Dorado,017,186661,0,0,0,0,0
2020-02-26,Fresno,019,978130,1,0,0,0,0
2020-02-26,Glenn,021,27897,0,0,0,0,0
2020-02-26,Humboldt,023,135768,1,1,0,1,0
2020-02-26,Imperial,025,180216,1,0,0,0,0
2020-02-26,Inyo,027,18085,0,0,0,0,0
2020-02-26,Kern,029,883053,2,0,0,0,0
2020-02-26,Kings,031,150075,0,0,0,0,0
2020-02-26,Lake,033,64148,0,0,0,0,0
2020-02-26,Lassen,035,31185,0,0,0,0,0
2020-02-26,Los Angeles,037,10098052,88,1,6,7,0
2020-02-26,Madera,039,155013,2,0,0,0,0
2020-02-26,Marin,041,260295,1,0,0,0,0
2020-02-26,Mariposa,043,17540,0,0,0,0,0
2020-02-26,Mendocino,045,87422,0,0,0,0,0
2020-02-26,Merced,047,269075,1,0,0,0,0
2020-02-26,Modoc,049,8938,0,0,0,0,0
2020-02-26,Mono,051,14174,0,0,0,0,0
2020-02-26,Monterey,053,433212,1,0,0,0,0
2020-02-26,Napa,055,140530,0,0,0,0,0
2020-02-26,Nevada,057,99092,0,0,1,1,0
2020-02-26,Orange,059,3164182,47,1,0,1,0
2020-02-26,Placer,061,380077,5,0,0,0,0
2020-02-26,Plumas,063,18699,0,0,0,0,0
2020-02-26,Riverside,065,2383286,10,0,1,1,0
2020-02-26,Sacramento,067,1510023,10,1,0,1,0
2020-02-26,San Benito,069,59416,0,2,0,2,0
2020-02-26,San Bernardino,071,2135413,23,0,0,0,0
2020-02-26,San Diego,073,3302833,9,2,0,2,0
2020-02-26,San Francisco,075,870044,9,0,0,0,0
2020-02-26,San Joaquin,077,732212,5,0,3,3,0
2020-02-26,San Luis Obispo,079,281455,2,0,0,0,0
2020-02-26,San Mateo,081,765935,18,0,0,0,0
2020-02-26,Santa Barbara,083,443738,0,0,0,0,0
2020-02-26,Santa Clara,085,1922200,50,2,1,3,0
2020-02-26,Santa Cruz,087,273765,6,0,0,0,0
2020-02-26,Shasta,089,179085,0,0,0,0,0
2020-02-26,Sierra,091,2930,0,0,0,0,0
2020-02-26,Siskiyou,093,43540,0,0,0,0,0
2020-02-26,Solano,095,438530,17,23,0,23,0
2020-02-26,Sonoma,097,501317,5,0,0,0,0
2020-02-26,Stanislaus,099,539301,2,0,2,2,0
2020-02-26,Sutter,101,95872,0,0,0,0,0
2020-02-26,Tehama,103,63373,0,0,0,0,0
2020-02-26,Trinity,105,12862,0,0,0,0,0
2020-02-26,Tulare,107,460477,3,0,0,0,0
2020-02-26,Tuolumne,109,53932,0,0,0,0,0
2020-02-26,Ventura,111,848112,4,0,0,0,0
2020-02-26,Yolo,113,214977,1,0,0,0,0
2020-02-26,Yuba,115,75493,0,0,0,0,0
2020-02-25,Alameda,001,1643700,14,0,0,0,0
2020-02-25,Alpine,003,1148,0,0,0,0,0
2020-02-25,Amador,005,37829,0,0,0,0,0
2020-02-25,Butte,007,227075,0,0,0,0,0
2020-02-25,Calaveras,009,45235,0,0,0,0,0
2020-02-25,Colusa,011,21464,0,0,0,0,0
2020-02-25,Contra Costa,013,1133247,11,0,0,0,0
2020-02-25,Del Norte,015,27424,0,0,0,0,0
2020-02-25,El Dorado,017,186661,0,0,0,0,0
2020-02-25,Fresno,019,978130,1,0,0,0,0
2020-02-25,Glenn,021,27897,0,0,0,0,0
2020-02-25,Humboldt,023,135768,1,1,0,1,0
2020-02-25,Imperial,025,180216,1,0,0,0,0
2020-02-25,Inyo,027,18085,0,0,0,0,0
2020-02-25,Kern,029,883053,2,0,0,0,0
2020-02-25,Kings,031,150075,0,0,0,0,0
2020-02-25,Lake,033,64148,0,0,0,0,0
2020-02-25,Lassen,035,31185,0,0,0,0,0
2020-02-25,Los Angeles,037,10098052,76,1,6,7,0
2020-02-25,Madera,039,155013,2,0,0,0,0
2020-02-25,Marin,041,260295,1,0,0,0,0
2020-02-25,Mariposa,043,17540,0,0,0,0,0
2020-02-25,Mendocino,045,87422,0,0,0,0,0
2020-02-25,Merced,047,269075,0,0,0,0,0
2020-02-25,Modoc,049,8938,0,0,0,0,0
2020-02-25,Mono,051,14174,0,0,0,0,0
2020-02-25,Monterey,053,433212,1,0,0,0,0
2020-02-25,Napa,055,140530,0,0,0,0,0
2020-02-25,Nevada,057,99092,0,0,1,1,0
2020-02-25,Orange,059,3164182,46,1,0,1,0
2020-02-25,Placer,061,380077,5,0,0,0,0
2020-02-25,Plumas,063,18699,0,0,0,0,0
2020-02-25,Riverside,065,2383286,10,0,1,1,0
2020-02-25,Sacramento,067,1510023,8,1,0,1,0
2020-02-25,San Benito,069,59416,0,2,0,2,0
2020-02-25,San Bernardino,071,2135413,21,0,0,0,0
2020-02-25,San Diego,073,3302833,5,2,0,2,0
2020-02-25,San Francisco,075,870044,7,0,0,0,0
2020-02-25,San Joaquin,077,732212,5,0,2,2,0
2020-02-25,San Luis Obispo,079,281455,2,0,0,0,0
2020-02-25,San Mateo,081,765935,17,0,0,0,0
2020-02-25,Santa Barbara,083,443738,0,0,0,0,0
2020-02-25,Santa Clara,085,1922200,40,2,1,3,0
2020-02-25,Santa Cruz,087,273765,5,0,0,0,0
2020-02-25,Shasta,089,179085,0,0,0,0,0
2020-02-25,Sierra,091,2930,0,0,0,0,0
2020-02-25,Siskiyou,093,43540,0,0,0,0,0
2020-02-25,Solano,095,438530,16,21,0,21,0
2020-02-25,Sonoma,097,501317,5,0,0,0,0
2020-02-25,Stanislaus,099,539301,2,0,2,2,0
2020-02-25,Sutter,101,95872,0,0,0,0,0
2020-02-25,Tehama,103,63373,0,0,0,0,0
2020-02-25,Trinity,105,12862,0,0,0,0,0
2020-02-25,Tulare,107,460477,3,0,0,0,0
2020-02-25,Tuolumne,109,53932,0,0,0,0,0
2020-02-25,Ventura,111,848112,4,0,0,0,0
2020-02-25,Yolo,113,214977,1,0,0,0,0
2020-02-25,Yuba,115,75493,0,0,0,0,0
2020-02-24,Alameda,001,1643700,14,0,0,0,0
2020-02-24,Alpine,003,1148,0,0,0,0,0
2020-02-24,Amador,005,37829,0,0,0,0,0
2020-02-24,Butte,007,227075,0,0,0,0,0
2020-02-24,Calaveras,009,45235,0,0,0,0,0
2020-02-24,Colusa,011,21464,0,0,0,0,0
2020-02-24,Contra Costa,013,1133247,9,0,0,0,0
2020-02-24,Del Norte,015,27424,0,0,0,0,0
2020-02-24,El Dorado,017,186661,0,0,0,0,0
2020-02-24,Fresno,019,978130,1,0,0,0,0
2020-02-24,Glenn,021,27897,0,0,0,0,0
2020-02-24,Humboldt,023,135768,1,1,0,1,0
2020-02-24,Imperial,025,180216,1,0,0,0,0
2020-02-24,Inyo,027,18085,0,0,0,0,0
2020-02-24,Kern,029,883053,2,0,0,0,0
2020-02-24,Kings,031,150075,0,0,0,0,0
2020-02-24,Lake,033,64148,0,0,0,0,0
2020-02-24,Lassen,035,31185,0,0,0,0,0
2020-02-24,Los Angeles,037,10098052,70,1,6,7,0
2020-02-24,Madera,039,155013,1,0,0,0,0
2020-02-24,Marin,041,260295,1,0,0,0,0
2020-02-24,Mariposa,043,17540,0,0,0,0,0
2020-02-24,Mendocino,045,87422,0,0,0,0,0
2020-02-24,Merced,047,269075,0,0,0,0,0
2020-02-24,Modoc,049,8938,0,0,0,0,0
2020-02-24,Mono,051,14174,0,0,0,0,0
2020-02-24,Monterey,053,433212,1,0,0,0,0
2020-02-24,Napa,055,140530,0,0,0,0,0
2020-02-24,Nevada,057,99092,0,0,1,1,0
2020-02-24,Orange,059,3164182,44,1,0,1,0
2020-02-24,Placer,061,380077,3,0,0,0,0
2020-02-24,Plumas,063,18699,0,0,0,0,0
2020-02-24,Riverside,065,2383286,9,0,1,1,0
2020-02-24,Sacramento,067,1510023,7,1,0,1,0
2020-02-24,San Benito,069,59416,0,2,0,2,0
2020-02-24,San Bernardino,071,2135413,21,0,0,0,0
2020-02-24,San Diego,073,3302833,5,2,0,2,0
2020-02-24,San Francisco,075,870044,6,0,0,0,0
2020-02-24,San Joaquin,077,732212,5,0,1,1,0
2020-02-24,San Luis Obispo,079,281455,2,0,0,0,0
2020-02-24,San Mateo,081,765935,13,0,0,0,0
2020-02-24,Santa Barbara,083,443738,0,0,0,0,0
2020-02-24,Santa Clara,085,1922200,38,2,1,3,0
2020-02-24,Santa Cruz,087,273765,5,0,0,0,0
2020-02-24,Shasta,089,179085,0,0,0,0,0
2020-02-24,Sierra,091,2930,0,0,0,0,0
2020-02-24,Siskiyou,093,43540,0,0,0,0,0
2020-02-24,Solano,095,438530,13,15,0,15,0
2020-02-24,Sonoma,097,501317,5,0,0,0,0
2020-02-24,Stanislaus,099,539301,2,0,2,2,0
2020-02-24,Sutter,101,95872,0,0,0,0,0
2020-02-24,Tehama,103,63373,0,0,0,0,0
2020-02-24,Trinity,105,12862,0,0,0,0,0
2020-02-24,Tulare,107,460477,3,0,0,0,0
2020-02-24,Tuolumne,109,53932,0,0,0,0,0
2020-02-24,Ventura,111,848112,4,0,0,0,0
2020-02-24,Yolo,113,214977,1,0,0,0,0
2020-02-24,Yuba,115,75493,0,0,0,0,0
2020-02-23,Alameda,001,1643700,12,0,0,0,0
2020-02-23,Alpine,003,1148,0,0,0,0,0
2020-02-23,Amador,005,37829,0,0,0,0,0
2020-02-23,Butte,007,227075,0,0,0,0,0
2020-02-23,Calaveras,009,45235,0,0,0,0,0
2020-02-23,Colusa,011,21464,0,0,0,0,0
2020-02-23,Contra Costa,013,1133247,6,0,0,0,0
2020-02-23,Del Norte,015,27424,0,0,0,0,0
2020-02-23,El Dorado,017,186661,0,0,0,0,0
2020-02-23,Fresno,019,978130,1,0,0,0,0
2020-02-23,Glenn,021,27897,0,0,0,0,0
2020-02-23,Humboldt,023,135768,1,1,0,1,0
2020-02-23,Imperial,025,180216,1,0,0,0,0
2020-02-23,Inyo,027,18085,0,0,0,0,0
2020-02-23,Kern,029,883053,2,0,0,0,0
2020-02-23,Kings,031,150075,0,0,0,0,0
2020-02-23,Lake,033,64148,0,0,0,0,0
2020-02-23,Lassen,035,31185,0,0,0,0,0
2020-02-23,Los Angeles,037,10098052,62,1,6,7,0
2020-02-23,Madera,039,155013,1,0,0,0,0
2020-02-23,Marin,041,260295,1,0,0,0,0
2020-02-23,Mariposa,043,17540,0,0,0,0,0
2020-02-23,Mendocino,045,87422,0,0,0,0,0
2020-02-23,Merced,047,269075,0,0,0,0,0
2020-02-23,Modoc,049,8938,0,0,0,0,0
2020-02-23,Mono,051,14174,0,0,0,0,0
2020-02-23,Monterey,053,433212,1,0,0,0,0
2020-02-23,Napa,055,140530,0,0,0,0,0
2020-02-23,Nevada,057,99092,0,0,1,1,0
2020-02-23,Orange,059,3164182,44,1,0,1,0
2020-02-23,Placer,061,380077,3,0,0,0,0
2020-02-23,Plumas,063,18699,0,0,0,0,0
2020-02-23,Riverside,065,2383286,9,0,0,0,0
2020-02-23,Sacramento,067,1510023,6,1,0,1,0
2020-02-23,San Benito,069,59416,0,2,0,2,0
2020-02-23,San Bernardino,071,2135413,20,0,0,0,0
2020-02-23,San Diego,073,3302833,4,2,0,2,0
2020-02-23,San Francisco,075,870044,5,0,0,0,0
2020-02-23,San Joaquin,077,732212,4,0,1,1,0
2020-02-23,San Luis Obispo,079,281455,2,0,0,0,0
2020-02-23,San Mateo,081,765935,10,0,0,0,0
2020-02-23,Santa Barbara,083,443738,0,0,0,0,0
2020-02-23,Santa Clara,085,1922200,26,2,1,3,0
2020-02-23,Santa Cruz,087,273765,2,0,0,0,0
2020-02-23,Shasta,089,179085,0,0,0,0,0
2020-02-23,Sierra,091,2930,0,0,0,0,0
2020-02-23,Siskiyou,093,43540,0,0,0,0,0
2020-02-23,Solano,095,438530,11,15,0,15,0
2020-02-23,Sonoma,097,501317,5,0,0,0,0
2020-02-23,Stanislaus,099,539301,2,0,2,2,0
2020-02-23,Sutter,101,95872,0,0,0,0,0
2020-02-23,Tehama,103,63373,0,0,0,0,0
2020-02-23,Trinity,105,12862,0,0,0,0,0
2020-02-23,Tulare,107,460477,2,0,0,0,0
2020-02-23,Tuolumne,109,53932,0,0,0,0,0
2020-02-23,Ventura,111,848112,4,0,0,0,0
2020-02-23,Yolo,113,214977,1,0,0,0,0
2020-02-23,Yuba,115,75493,0,0,0,0,0
2020-02-22,Alameda,001,1643700,11,0,0,0,0
2020-02-22,Alpine,003,1148,0,0,0,0,0
2020-02-22,Amador,005,37829,0,0,0,0,0
2020-02-22,Butte,007,227075,0,0,0,0,0
2020-02-22,Calaveras,009,45235,0,0,0,0,0
2020-02-22,Colusa,011,21464,0,0,0,0,0
2020-02-22,Contra Costa,013,1133247,5,0,0,0,0
2020-02-22,Del Norte,015,27424,0,0,0,0,0
2020-02-22,El Dorado,017,186661,0,0,0,0,0
2020-02-22,Fresno,019,978130,1,0,0,0,0
2020-02-22,Glenn,021,27897,0,0,0,0,0
2020-02-22,Humboldt,023,135768,1,1,0,1,0
2020-02-22,Imperial,025,180216,0,0,0,0,0
2020-02-22,Inyo,027,18085,0,0,0,0,0
2020-02-22,Kern,029,883053,2,0,0,0,0
2020-02-22,Kings,031,150075,0,0,0,0,0
2020-02-22,Lake,033,64148,0,0,0,0,0
2020-02-22,Lassen,035,31185,0,0,0,0,0
2020-02-22,Los Angeles,037,10098052,60,1,6,7,0
2020-02-22,Madera,039,155013,0,0,0,0,0
2020-02-22,Marin,041,260295,1,0,0,0,0
2020-02-22,Mariposa,043,17540,0,0,0,0,0
2020-02-22,Mendocino,045,87422,0,0,0,0,0
2020-02-22,Merced,047,269075,0,0,0,0,0
2020-02-22,Modoc,049,8938,0,0,0,0,0
2020-02-22,Mono,051,14174,0,0,0,0,0
2020-02-22,Monterey,053,433212,1,0,0,0,0
2020-02-22,Napa,055,140530,0,0,0,0,0
2020-02-22,Nevada,057,99092,0,0,1,1,0
2020-02-22,Orange,059,3164182,43,1,0,1,0
2020-02-22,Placer,061,380077,3,0,0,0,0
2020-02-22,Plumas,063,18699,0,0,0,0,0
2020-02-22,Riverside,065,2383286,9,0,0,0,0
2020-02-22,Sacramento,067,1510023,6,1,0,1,0
2020-02-22,San Benito,069,59416,0,2,0,2,0
2020-02-22,San Bernardino,071,2135413,18,0,0,0,0
2020-02-22,San Diego,073,3302833,3,2,0,2,0
2020-02-22,San Francisco,075,870044,3,0,0,0,0
2020-02-22,San Joaquin,077,732212,4,0,1,1,0
2020-02-22,San Luis Obispo,079,281455,2,0,0,0,0
2020-02-22,San Mateo,081,765935,8,0,0,0,0
2020-02-22,Santa Barbara,083,443738,0,0,0,0,0
2020-02-22,Santa Clara,085,1922200,23,2,1,3,0
2020-02-22,Santa Cruz,087,273765,2,0,0,0,0
2020-02-22,Shasta,089,179085,0,0,0,0,0
2020-02-22,Sierra,091,2930,0,0,0,0,0
2020-02-22,Siskiyou,093,43540,0,0,0,0,0
2020-02-22,Solano,095,438530,11,11,0,11,0
2020-02-22,Sonoma,097,501317,4,0,0,0,0
2020-02-22,Stanislaus,099,539301,2,0,2,2,0
2020-02-22,Sutter,101,95872,0,0,0,0,0
2020-02-22,Tehama,103,63373,0,0,0,0,0
2020-02-22,Trinity,105,12862,0,0,0,0,0
2020-02-22,Tulare,107,460477,2,0,0,0,0
2020-02-22,Tuolumne,109,53932,0,0,0,0,0
2020-02-22,Ventura,111,848112,4,0,0,0,0
2020-02-22,Yolo,113,214977,0,0,0,0,0
2020-02-22,Yuba,115,75493,0,0,0,0,0
2020-02-21,Alameda,001,1643700,10,0,0,0,0
2020-02-21,Alpine,003,1148,0,0,0,0,0
2020-02-21,Amador,005,37829,0,0,0,0,0
2020-02-21,Butte,007,227075,0,0,0,0,0
2020-02-21,Calaveras,009,45235,0,0,0,0,0
2020-02-21,Colusa,011,21464,0,0,0,0,0
2020-02-21,Contra Costa,013,1133247,4,0,0,0,0
2020-02-21,Del Norte,015,27424,0,0,0,0,0
2020-02-21,El Dorado,017,186661,0,0,0,0,0
2020-02-21,Fresno,019,978130,1,0,0,0,0
2020-02-21,Glenn,021,27897,0,0,0,0,0
2020-02-21,Humboldt,023,135768,1,1,0,1,0
2020-02-21,Imperial,025,180216,0,0,0,0,0
2020-02-21,Inyo,027,18085,0,0,0,0,0
2020-02-21,Kern,029,883053,2,0,0,0,0
2020-02-21,Kings,031,150075,0,0,0,0,0
2020-02-21,Lake,033,64148,0,0,0,0,0
2020-02-21,Lassen,035,31185,0,0,0,0,0
2020-02-21,Los Angeles,037,10098052,56,1,6,7,0
2020-02-21,Madera,039,155013,0,0,0,0,0
2020-02-21,Marin,041,260295,1,0,0,0,0
2020-02-21,Mariposa,043,17540,0,0,0,0,0
2020-02-21,Mendocino,045,87422,0,0,0,0,0
2020-02-21,Merced,047,269075,0,0,0,0,0
2020-02-21,Modoc,049,8938,0,0,0,0,0
2020-02-21,Mono,051,14174,0,0,0,0,0
2020-02-21,Monterey,053,433212,1,0,0,0,0
2020-02-21,Napa,055,140530,0,0,0,0,0
2020-02-21,Nevada,057,99092,0,0,1,1,0
2020-02-21,Orange,059,3164182,41,1,0,1,0
2020-02-21,Placer,061,380077,2,0,0,0,0
2020-02-21,Plumas,063,18699,0,0,0,0,0
2020-02-21,Riverside,065,2383286,9,0,0,0,0
2020-02-21,Sacramento,067,1510023,5,1,0,1,0
2020-02-21,San Benito,069,59416,0,2,0,2,0
2020-02-21,San Bernardino,071,2135413,17,0,0,0,0
2020-02-21,San Diego,073,3302833,3,2,0,2,0
2020-02-21,San Francisco,075,870044,3,0,0,0,0
2020-02-21,San Joaquin,077,732212,2,0,1,1,0
2020-02-21,San Luis Obispo,079,281455,2,0,0,0,0
2020-02-21,San Mateo,081,765935,8,0,0,0,0
2020-02-21,Santa Barbara,083,443738,0,0,0,0,0
2020-02-21,Santa Clara,085,1922200,21,2,1,3,0
2020-02-21,Santa Cruz,087,273765,2,0,0,0,0
2020-02-21,Shasta,089,179085,0,0,0,0,0
2020-02-21,Sierra,091,2930,0,0,0,0,0
2020-02-21,Siskiyou,093,43540,0,0,0,0,0
2020-02-21,Solano,095,438530,10,11,0,11,0
2020-02-21,Sonoma,097,501317,3,0,0,0,0
2020-02-21,Stanislaus,099,539301,2,0,2,2,0
2020-02-21,Sutter,101,95872,0,0,0,0,0
2020-02-21,Tehama,103,63373,0,0,0,0,0
2020-02-21,Trinity,105,12862,0,0,0,0,0
2020-02-21,Tulare,107,460477,2,0,0,0,0
2020-02-21,Tuolumne,109,53932,0,0,0,0,0
2020-02-21,Ventura,111,848112,4,0,0,0,0
2020-02-21,Yolo,113,214977,0,0,0,0,0
2020-02-21,Yuba,115,75493,0,0,0,0,0
2020-02-20,Alameda,001,1643700,8,0,0,0,0
2020-02-20,Alpine,003,1148,0,0,0,0,0
2020-02-20,Amador,005,37829,0,0,0,0,0
2020-02-20,Butte,007,227075,0,0,0,0,0
2020-02-20,Calaveras,009,45235,0,0,0,0,0
2020-02-20,Colusa,011,21464,0,0,0,0,0
2020-02-20,Contra Costa,013,1133247,3,0,0,0,0
2020-02-20,Del Norte,015,27424,0,0,0,0,0
2020-02-20,El Dorado,017,186661,0,0,0,0,0
2020-02-20,Fresno,019,978130,1,0,0,0,0
2020-02-20,Glenn,021,27897,0,0,0,0,0
2020-02-20,Humboldt,023,135768,1,1,0,1,0
2020-02-20,Imperial,025,180216,0,0,0,0,0
2020-02-20,Inyo,027,18085,0,0,0,0,0
2020-02-20,Kern,029,883053,2,0,0,0,0
2020-02-20,Kings,031,150075,0,0,0,0,0
2020-02-20,Lake,033,64148,0,0,0,0,0
2020-02-20,Lassen,035,31185,0,0,0,0,0
2020-02-20,Los Angeles,037,10098052,55,1,5,6,0
2020-02-20,Madera,039,155013,0,0,0,0,0
2020-02-20,Marin,041,260295,0,0,0,0,0
2020-02-20,Mariposa,043,17540,0,0,0,0,0
2020-02-20,Mendocino,045,87422,0,0,0,0,0
2020-02-20,Merced,047,269075,0,0,0,0,0
2020-02-20,Modoc,049,8938,0,0,0,0,0
2020-02-20,Mono,051,14174,0,0,0,0,0
2020-02-20,Monterey,053,433212,1,0,0,0,0
2020-02-20,Napa,055,140530,0,0,0,0,0
2020-02-20,Nevada,057,99092,0,0,1,1,0
2020-02-20,Orange,059,3164182,41,1,0,1,0
2020-02-20,Placer,061,380077,2,0,0,0,0
2020-02-20,Plumas,063,18699,0,0,0,0,0
2020-02-20,Riverside,065,2383286,7,0,0,0,0
2020-02-20,Sacramento,067,1510023,2,1,0,1,0
2020-02-20,San Benito,069,59416,0,2,0,2,0
2020-02-20,San Bernardino,071,2135413,15,0,0,0,0
2020-02-20,San Diego,073,3302833,3,2,0,2,0
2020-02-20,San Francisco,075,870044,3,0,0,0,0
2020-02-20,San Joaquin,077,732212,2,0,1,1,0
2020-02-20,San Luis Obispo,079,281455,2,0,0,0,0
2020-02-20,San Mateo,081,765935,7,0,0,0,0
2020-02-20,Santa Barbara,083,443738,0,0,0,0,0
2020-02-20,Santa Clara,085,1922200,17,2,1,3,0
2020-02-20,Santa Cruz,087,273765,2,0,0,0,0
2020-02-20,Shasta,089,179085,0,0,0,0,0
2020-02-20,Sierra,091,2930,0,0,0,0,0
2020-02-20,Siskiyou,093,43540,0,0,0,0,0
2020-02-20,Solano,095,438530,8,7,0,7,0
2020-02-20,Sonoma,097,501317,2,0,0,0,0
2020-02-20,Stanislaus,099,539301,2,0,2,2,0
2020-02-20,Sutter,101,95872,0,0,0,0,0
2020-02-20,Tehama,103,63373,0,0,0,0,0
2020-02-20,Trinity,105,12862,0,0,0,0,0
2020-02-20,Tulare,107,460477,2,0,0,0,0
2020-02-20,Tuolumne,109,53932,0,0,0,0,0
2020-02-20,Ventura,111,848112,4,0,0,0,0
2020-02-20,Yolo,113,214977,0,0,0,0,0
2020-02-20,Yuba,115,75493,0,0,0,0,0
2020-02-19,Alameda,001,1643700,7,0,0,0,0
2020-02-19,Alpine,003,1148,0,0,0,0,0
2020-02-19,Amador,005,37829,0,0,0,0,0
2020-02-19,Butte,007,227075,0,0,0,0,0
2020-02-19,Calaveras,009,45235,0,0,0,0,0
2020-02-19,Colusa,011,21464,0,0,0,0,0
2020-02-19,Contra Costa,013,1133247,3,0,0,0,0
2020-02-19,Del Norte,015,27424,0,0,0,0,0
2020-02-19,El Dorado,017,186661,0,0,0,0,0
2020-02-19,Fresno,019,978130,1,0,0,0,0
2020-02-19,Glenn,021,27897,0,0,0,0,0
2020-02-19,Humboldt,023,135768,1,0,0,0,0
2020-02-19,Imperial,025,180216,0,0,0,0,0
2020-02-19,Inyo,027,18085,0,0,0,0,0
2020-02-19,Kern,029,883053,2,0,0,0,0
2020-02-19,Kings,031,150075,0,0,0,0,0
2020-02-19,Lake,033,64148,0,0,0,0,0
2020-02-19,Lassen,035,31185,0,0,0,0,0
2020-02-19,Los Angeles,037,10098052,53,1,5,6,0
2020-02-19,Madera,039,155013,0,0,0,0,0
2020-02-19,Marin,041,260295,0,0,0,0,0
2020-02-19,Mariposa,043,17540,0,0,0,0,0
2020-02-19,Mendocino,045,87422,0,0,0,0,0
2020-02-19,Merced,047,269075,0,0,0,0,0
2020-02-19,Modoc,049,8938,0,0,0,0,0
2020-02-19,Mono,051,14174,0,0,0,0,0
2020-02-19,Monterey,053,433212,1,0,0,0,0
2020-02-19,Napa,055,140530,0,0,0,0,0
2020-02-19,Nevada,057,99092,0,0,1,1,0
2020-02-19,Orange,059,3164182,40,1,0,1,0
2020-02-19,Placer,061,380077,2,0,0,0,0
2020-02-19,Plumas,063,18699,0,0,0,0,0
2020-02-19,Riverside,065,2383286,5,0,0,0,0
2020-02-19,Sacramento,067,1510023,2,0,0,0,0
2020-02-19,San Benito,069,59416,0,2,0,2,0
2020-02-19,San Bernardino,071,2135413,14,0,0,0,0
2020-02-19,San Diego,073,3302833,2,2,0,2,0
2020-02-19,San Francisco,075,870044,2,0,0,0,0
2020-02-19,San Joaquin,077,732212,2,0,1,1,0
2020-02-19,San Luis Obispo,079,281455,2,0,0,0,0
2020-02-19,San Mateo,081,765935,6,0,0,0,0
2020-02-19,Santa Barbara,083,443738,0,0,0,0,0
2020-02-19,Santa Clara,085,1922200,15,2,1,3,0
2020-02-19,Santa Cruz,087,273765,0,0,0,0,0
2020-02-19,Shasta,089,179085,0,0,0,0,0
2020-02-19,Sierra,091,2930,0,0,0,0,0
2020-02-19,Siskiyou,093,43540,0,0,0,0,0
2020-02-19,Solano,095,438530,5,7,0,7,0
2020-02-19,Sonoma,097,501317,2,0,0,0,0
2020-02-19,Stanislaus,099,539301,1,0,2,2,0
2020-02-19,Sutter,101,95872,0,0,0,0,0
2020-02-19,Tehama,103,63373,0,0,0,0,0
2020-02-19,Trinity,105,12862,0,0,0,0,0
2020-02-19,Tulare,107,460477,2,0,0,0,0
2020-02-19,Tuolumne,109,53932,0,0,0,0,0
2020-02-19,Ventura,111,848112,2,0,0,0,0
2020-02-19,Yolo,113,214977,0,0,0,0,0
2020-02-19,Yuba,115,75493,0,0,0,0,0
2020-02-18,Alameda,001,1643700,7,0,0,0,0
2020-02-18,Alpine,003,1148,0,0,0,0,0
2020-02-18,Amador,005,37829,0,0,0,0,0
2020-02-18,Butte,007,227075,0,0,0,0,0
2020-02-18,Calaveras,009,45235,0,0,0,0,0
2020-02-18,Colusa,011,21464,0,0,0,0,0
2020-02-18,Contra Costa,013,1133247,3,0,0,0,0
2020-02-18,Del Norte,015,27424,0,0,0,0,0
2020-02-18,El Dorado,017,186661,0,0,0,0,0
2020-02-18,Fresno,019,978130,0,0,0,0,0
2020-02-18,Glenn,021,27897,0,0,0,0,0
2020-02-18,Humboldt,023,135768,1,0,0,0,0
2020-02-18,Imperial,025,180216,0,0,0,0,0
2020-02-18,Inyo,027,18085,0,0,0,0,0
2020-02-18,Kern,029,883053,2,0,0,0,0
2020-02-18,Kings,031,150075,0,0,0,0,0
2020-02-18,Lake,033,64148,0,0,0,0,0
2020-02-18,Lassen,035,31185,0,0,0,0,0
2020-02-18,Los Angeles,037,10098052,50,1,4,5,0
2020-02-18,Madera,039,155013,0,0,0,0,0
2020-02-18,Marin,041,260295,0,0,0,0,0
2020-02-18,Mariposa,043,17540,0,0,0,0,0
2020-02-18,Mendocino,045,87422,0,0,0,0,0
2020-02-18,Merced,047,269075,0,0,0,0,0
2020-02-18,Modoc,049,8938,0,0,0,0,0
2020-02-18,Mono,051,14174,0,0,0,0,0
2020-02-18,Monterey,053,433212,1,0,0,0,0
2020-02-18,Napa,055,140530,0,0,0,0,0
2020-02-18,Nevada,057,99092,0,0,1,1,0
2020-02-18,Orange,059,3164182,39,1,0,1,0
2020-02-18,Placer,061,380077,0,0,0,0,0
2020-02-18,Plumas,063,18699,0,0,0,0,0
2020-02-18,Riverside,065,2383286,5,0,0,0,0
2020-02-18,Sacramento,067,1510023,2,0,0,0,0
2020-02-18,San Benito,069,59416,0,2,0,2,0
2020-02-18,San Bernardino,071,2135413,13,0,0,0,0
2020-02-18,San Diego,073,3302833,2,2,0,2,0
2020-02-18,San Francisco,075,870044,2,0,0,0,0
2020-02-18,San Joaquin,077,732212,1,0,1,1,0
2020-02-18,San Luis Obispo,079,281455,2,0,0,0,0
2020-02-18,San Mateo,081,765935,5,0,0,0,0
2020-02-18,Santa Barbara,083,443738,0,0,0,0,0
2020-02-18,Santa Clara,085,1922200,14,2,1,3,0
2020-02-18,Santa Cruz,087,273765,0,0,0,0,0
2020-02-18,Shasta,089,179085,0,0,0,0,0
2020-02-18,Sierra,091,2930,0,0,0,0,0
2020-02-18,Siskiyou,093,43540,0,0,0,0,0
2020-02-18,Solano,095,438530,5,7,0,7,0
2020-02-18,Sonoma,097,501317,1,0,0,0,0
2020-02-18,Stanislaus,099,539301,1,0,2,2,0
2020-02-18,Sutter,101,95872,0,0,0,0,0
2020-02-18,Tehama,103,63373,0,0,0,0,0
2020-02-18,Trinity,105,12862,0,0,0,0,0
2020-02-18,Tulare,107,460477,2,0,0,0,0
2020-02-18,Tuolumne,109,53932,0,0,0,0,0
2020-02-18,Ventura,111,848112,2,0,0,0,0
2020-02-18,Yolo,113,214977,0,0,0,0,0
2020-02-18,Yuba,115,75493,0,0,0,0,0
2020-02-17,Alameda,001,1643700,7,0,0,0,0
2020-02-17,Alpine,003,1148,0,0,0,0,0
2020-02-17,Amador,005,37829,0,0,0,0,0
2020-02-17,Butte,007,227075,0,0,0,0,0
2020-02-17,Calaveras,009,45235,0,0,0,0,0
2020-02-17,Colusa,011,21464,0,0,0,0,0
2020-02-17,Contra Costa,013,1133247,3,0,0,0,0
2020-02-17,Del Norte,015,27424,0,0,0,0,0
2020-02-17,El Dorado,017,186661,0,0,0,0,0
2020-02-17,Fresno,019,978130,0,0,0,0,0
2020-02-17,Glenn,021,27897,0,0,0,0,0
2020-02-17,Humboldt,023,135768,1,0,0,0,0
2020-02-17,Imperial,025,180216,0,0,0,0,0
2020-02-17,Inyo,027,18085,0,0,0,0,0
2020-02-17,Kern,029,883053,2,0,0,0,0
2020-02-17,Kings,031,150075,0,0,0,0,0
2020-02-17,Lake,033,64148,0,0,0,0,0
2020-02-17,Lassen,035,31185,0,0,0,0,0
2020-02-17,Los Angeles,037,10098052,47,1,4,5,0
2020-02-17,Madera,039,155013,0,0,0,0,0
2020-02-17,Marin,041,260295,0,0,0,0,0
2020-02-17,Mariposa,043,17540,0,0,0,0,0
2020-02-17,Mendocino,045,87422,0,0,0,0,0
2020-02-17,Merced,047,269075,0,0,0,0,0
2020-02-17,Modoc,049,8938,0,0,0,0,0
2020-02-17,Mono,051,14174,0,0,0,0,0
2020-02-17,Monterey,053,433212,1,0,0,0,0
2020-02-17,Napa,055,140530,0,0,0,0,0
2020-02-17,Nevada,057,99092,0,0,1,1,0
2020-02-17,Orange,059,3164182,39,1,0,1,0
2020-02-17,Placer,061,380077,0,0,0,0,0
2020-02-17,Plumas,063,18699,0,0,0,0,0
2020-02-17,Riverside,065,2383286,5,0,0,0,0
2020-02-17,Sacramento,067,1510023,2,0,0,0,0
2020-02-17,San Benito,069,59416,0,2,0,2,0
2020-02-17,San Bernardino,071,2135413,11,0,0,0,0
2020-02-17,San Diego,073,3302833,2,2,0,2,0
2020-02-17,San Francisco,075,870044,2,0,0,0,0
2020-02-17,San Joaquin,077,732212,1,0,1,1,0
2020-02-17,San Luis Obispo,079,281455,1,0,0,0,0
2020-02-17,San Mateo,081,765935,5,0,0,0,0
2020-02-17,Santa Barbara,083,443738,0,0,0,0,0
2020-02-17,Santa Clara,085,1922200,12,2,1,3,0
2020-02-17,Santa Cruz,087,273765,0,0,0,0,0
2020-02-17,Shasta,089,179085,0,0,0,0,0
2020-02-17,Sierra,091,2930,0,0,0,0,0
2020-02-17,Siskiyou,093,43540,0,0,0,0,0
2020-02-17,Solano,095,438530,3,5,0,5,0
2020-02-17,Sonoma,097,501317,1,0,0,0,0
2020-02-17,Stanislaus,099,539301,1,0,2,2,0
2020-02-17,Sutter,101,95872,0,0,0,0,0
2020-02-17,Tehama,103,63373,0,0,0,0,0
2020-02-17,Trinity,105,12862,0,0,0,0,0
2020-02-17,Tulare,107,460477,2,0,0,0,0
2020-02-17,Tuolumne,109,53932,0,0,0,0,0
2020-02-17,Ventura,111,848112,2,0,0,0,0
2020-02-17,Yolo,113,214977,0,0,0,0,0
2020-02-17,Yuba,115,75493,0,0,0,0,0
2020-02-16,Alameda,001,1643700,6,0,0,0,0
2020-02-16,Alpine,003,1148,0,0,0,0,0
2020-02-16,Amador,005,37829,0,0,0,0,0
2020-02-16,Butte,007,227075,0,0,0,0,0
2020-02-16,Calaveras,009,45235,0,0,0,0,0
2020-02-16,Colusa,011,21464,0,0,0,0,0
2020-02-16,Contra Costa,013,1133247,3,0,0,0,0
2020-02-16,Del Norte,015,27424,0,0,0,0,0
2020-02-16,El Dorado,017,186661,0,0,0,0,0
2020-02-16,Fresno,019,978130,0,0,0,0,0
2020-02-16,Glenn,021,27897,0,0,0,0,0
2020-02-16,Humboldt,023,135768,1,0,0,0,0
2020-02-16,Imperial,025,180216,0,0,0,0,0
2020-02-16,Inyo,027,18085,0,0,0,0,0
2020-02-16,Kern,029,883053,2,0,0,0,0
2020-02-16,Kings,031,150075,0,0,0,0,0
2020-02-16,Lake,033,64148,0,0,0,0,0
2020-02-16,Lassen,035,31185,0,0,0,0,0
2020-02-16,Los Angeles,037,10098052,42,1,4,5,0
2020-02-16,Madera,039,155013,0,0,0,0,0
2020-02-16,Marin,041,260295,0,0,0,0,0
2020-02-16,Mariposa,043,17540,0,0,0,0,0
2020-02-16,Mendocino,045,87422,0,0,0,0,0
2020-02-16,Merced,047,269075,0,0,0,0,0
2020-02-16,Modoc,049,8938,0,0,0,0,0
2020-02-16,Mono,051,14174,0,0,0,0,0
2020-02-16,Monterey,053,433212,1,0,0,0,0
2020-02-16,Napa,055,140530,0,0,0,0,0
2020-02-16,Nevada,057,99092,0,0,0,0,0
2020-02-16,Orange,059,3164182,38,1,0,1,0
2020-02-16,Placer,061,380077,0,0,0,0,0
2020-02-16,Plumas,063,18699,0,0,0,0,0
2020-02-16,Riverside,065,2383286,5,0,0,0,0
2020-02-16,Sacramento,067,1510023,2,0,0,0,0
2020-02-16,San Benito,069,59416,0,2,0,2,0
2020-02-16,San Bernardino,071,2135413,10,0,0,0,0
2020-02-16,San Diego,073,3302833,2,2,0,2,0
2020-02-16,San Francisco,075,870044,2,0,0,0,0
2020-02-16,San Joaquin,077,732212,1,0,1,1,0
2020-02-16,San Luis Obispo,079,281455,1,0,0,0,0
2020-02-16,San Mateo,081,765935,4,0,0,0,0
2020-02-16,Santa Barbara,083,443738,0,0,0,0,0
2020-02-16,Santa Clara,085,1922200,10,2,1,3,0
2020-02-16,Santa Cruz,087,273765,0,0,0,0,0
2020-02-16,Shasta,089,179085,0,0,0,0,0
2020-02-16,Sierra,091,2930,0,0,0,0,0
2020-02-16,Siskiyou,093,43540,0,0,0,0,0
2020-02-16,Solano,095,438530,1,0,0,0,0
2020-02-16,Sonoma,097,501317,1,0,0,0,0
2020-02-16,Stanislaus,099,539301,1,0,2,2,0
2020-02-16,Sutter,101,95872,0,0,0,0,0
2020-02-16,Tehama,103,63373,0,0,0,0,0
2020-02-16,Trinity,105,12862,0,0,0,0,0
2020-02-16,Tulare,107,460477,2,0,0,0,0
2020-02-16,Tuolumne,109,53932,0,0,0,0,0
2020-02-16,Ventura,111,848112,2,0,0,0,0
2020-02-16,Yolo,113,214977,0,0,0,0,0
2020-02-16,Yuba,115,75493,0,0,0,0,0
2020-02-15,Alameda,001,1643700,6,0,0,0,0
2020-02-15,Alpine,003,1148,0,0,0,0,0
2020-02-15,Amador,005,37829,0,0,0,0,0
2020-02-15,Butte,007,227075,0,0,0,0,0
2020-02-15,Calaveras,009,45235,0,0,0,0,0
2020-02-15,Colusa,011,21464,0,0,0,0,0
2020-02-15,Contra Costa,013,1133247,3,0,0,0,0
2020-02-15,Del Norte,015,27424,0,0,0,0,0
2020-02-15,El Dorado,017,186661,0,0,0,0,0
2020-02-15,Fresno,019,978130,0,0,0,0,0
2020-02-15,Glenn,021,27897,0,0,0,0,0
2020-02-15,Humboldt,023,135768,1,0,0,0,0
2020-02-15,Imperial,025,180216,0,0,0,0,0
2020-02-15,Inyo,027,18085,0,0,0,0,0
2020-02-15,Kern,029,883053,2,0,0,0,0
2020-02-15,Kings,031,150075,0,0,0,0,0
2020-02-15,Lake,033,64148,0,0,0,0,0
2020-02-15,Lassen,035,31185,0,0,0,0,0
2020-02-15,Los Angeles,037,10098052,39,1,4,5,0
2020-02-15,Madera,039,155013,0,0,0,0,0
2020-02-15,Marin,041,260295,0,0,0,0,0
2020-02-15,Mariposa,043,17540,0,0,0,0,0
2020-02-15,Mendocino,045,87422,0,0,0,0,0
2020-02-15,Merced,047,269075,0,0,0,0,0
2020-02-15,Modoc,049,8938,0,0,0,0,0
2020-02-15,Mono,051,14174,0,0,0,0,0
2020-02-15,Monterey,053,433212,1,0,0,0,0
2020-02-15,Napa,055,140530,0,0,0,0,0
2020-02-15,Nevada,057,99092,0,0,0,0,0
2020-02-15,Orange,059,3164182,37,1,0,1,0
2020-02-15,Placer,061,380077,0,0,0,0,0
2020-02-15,Plumas,063,18699,0,0,0,0,0
2020-02-15,Riverside,065,2383286,4,0,0,0,0
2020-02-15,Sacramento,067,1510023,2,0,0,0,0
2020-02-15,San Benito,069,59416,0,2,0,2,0
2020-02-15,San Bernardino,071,2135413,9,0,0,0,0
2020-02-15,San Diego,073,3302833,2,2,0,2,0
2020-02-15,San Francisco,075,870044,2,0,0,0,0
2020-02-15,San Joaquin,077,732212,1,0,1,1,0
2020-02-15,San Luis Obispo,079,281455,1,0,0,0,0
2020-02-15,San Mateo,081,765935,4,0,0,0,0
2020-02-15,Santa Barbara,083,443738,0,0,0,0,0
2020-02-15,Santa Clara,085,1922200,10,2,1,3,0
2020-02-15,Santa Cruz,087,273765,0,0,0,0,0
2020-02-15,Shasta,089,179085,0,0,0,0,0
2020-02-15,Sierra,091,2930,0,0,0,0,0
2020-02-15,Siskiyou,093,43540,0,0,0,0,0
2020-02-15,Solano,095,438530,1,0,0,0,0
2020-02-15,Sonoma,097,501317,0,0,0,0,0
2020-02-15,Stanislaus,099,539301,1,0,2,2,0
2020-02-15,Sutter,101,95872,0,0,0,0,0
2020-02-15,Tehama,103,63373,0,0,0,0,0
2020-02-15,Trinity,105,12862,0,0,0,0,0
2020-02-15,Tulare,107,460477,2,0,0,0,0
2020-02-15,Tuolumne,109,53932,0,0,0,0,0
2020-02-15,Ventura,111,848112,2,0,0,0,0
2020-02-15,Yolo,113,214977,0,0,0,0,0
2020-02-15,Yuba,115,75493,0,0,0,0,0
2020-02-14,Alameda,001,1643700,5,0,0,0,0
2020-02-14,Alpine,003,1148,0,0,0,0,0
2020-02-14,Amador,005,37829,0,0,0,0,0
2020-02-14,Butte,007,227075,0,0,0,0,0
2020-02-14,Calaveras,009,45235,0,0,0,0,0
2020-02-14,Colusa,011,21464,0,0,0,0,0
2020-02-14,Contra Costa,013,1133247,3,0,0,0,0
2020-02-14,Del Norte,015,27424,0,0,0,0,0
2020-02-14,El Dorado,017,186661,0,0,0,0,0
2020-02-14,Fresno,019,978130,0,0,0,0,0
2020-02-14,Glenn,021,27897,0,0,0,0,0
2020-02-14,Humboldt,023,135768,1,0,0,0,0
2020-02-14,Imperial,025,180216,0,0,0,0,0
2020-02-14,Inyo,027,18085,0,0,0,0,0
2020-02-14,Kern,029,883053,2,0,0,0,0
2020-02-14,Kings,031,150075,0,0,0,0,0
2020-02-14,Lake,033,64148,0,0,0,0,0
2020-02-14,Lassen,035,31185,0,0,0,0,0
2020-02-14,Los Angeles,037,10098052,34,1,4,5,0
2020-02-14,Madera,039,155013,0,0,0,0,0
2020-02-14,Marin,041,260295,0,0,0,0,0
2020-02-14,Mariposa,043,17540,0,0,0,0,0
2020-02-14,Mendocino,045,87422,0,0,0,0,0
2020-02-14,Merced,047,269075,0,0,0,0,0
2020-02-14,Modoc,049,8938,0,0,0,0,0
2020-02-14,Mono,051,14174,0,0,0,0,0
2020-02-14,Monterey,053,433212,1,0,0,0,0
2020-02-14,Napa,055,140530,0,0,0,0,0
2020-02-14,Nevada,057,99092,0,0,0,0,0
2020-02-14,Orange,059,3164182,37,1,0,1,0
2020-02-14,Placer,061,380077,0,0,0,0,0
2020-02-14,Plumas,063,18699,0,0,0,0,0
2020-02-14,Riverside,065,2383286,4,0,0,0,0
2020-02-14,Sacramento,067,1510023,1,0,0,0,0
2020-02-14,San Benito,069,59416,0,2,0,2,0
2020-02-14,San Bernardino,071,2135413,9,0,0,0,0
2020-02-14,San Diego,073,3302833,1,2,0,2,0
2020-02-14,San Francisco,075,870044,2,0,0,0,0
2020-02-14,San Joaquin,077,732212,1,0,1,1,0
2020-02-14,San Luis Obispo,079,281455,0,0,0,0,0
2020-02-14,San Mateo,081,765935,3,0,0,0,0
2020-02-14,Santa Barbara,083,443738,0,0,0,0,0
2020-02-14,Santa Clara,085,1922200,8,2,1,3,0
2020-02-14,Santa Cruz,087,273765,0,0,0,0,0
2020-02-14,Shasta,089,179085,0,0,0,0,0
2020-02-14,Sierra,091,2930,0,0,0,0,0
2020-02-14,Siskiyou,093,43540,0,0,0,0,0
2020-02-14,Solano,095,438530,1,0,0,0,0
2020-02-14,Sonoma,097,501317,0,0,0,0,0
2020-02-14,Stanislaus,099,539301,1,0,2,2,0
2020-02-14,Sutter,101,95872,0,0,0,0,0
2020-02-14,Tehama,103,63373,0,0,0,0,0
2020-02-14,Trinity,105,12862,0,0,0,0,0
2020-02-14,Tulare,107,460477,2,0,0,0,0
2020-02-14,Tuolumne,109,53932,0,0,0,0,0
2020-02-14,Ventura,111,848112,2,0,0,0,0
2020-02-14,Yolo,113,214977,0,0,0,0,0
2020-02-14,Yuba,115,75493,0,0,0,0,0
2020-02-13,Alameda,001,1643700,5,0,0,0,0
2020-02-13,Alpine,003,1148,0,0,0,0,0
2020-02-13,Amador,005,37829,0,0,0,0,0
2020-02-13,Butte,007,227075,0,0,0,0,0
2020-02-13,Calaveras,009,45235,0,0,0,0,0
2020-02-13,Colusa,011,21464,0,0,0,0,0
2020-02-13,Contra Costa,013,1133247,3,0,0,0,0
2020-02-13,Del Norte,015,27424,0,0,0,0,0
2020-02-13,El Dorado,017,186661,0,0,0,0,0
2020-02-13,Fresno,019,978130,0,0,0,0,0
2020-02-13,Glenn,021,27897,0,0,0,0,0
2020-02-13,Humboldt,023,135768,1,0,0,0,0
2020-02-13,Imperial,025,180216,0,0,0,0,0
2020-02-13,Inyo,027,18085,0,0,0,0,0
2020-02-13,Kern,029,883053,2,0,0,0,0
2020-02-13,Kings,031,150075,0,0,0,0,0
2020-02-13,Lake,033,64148,0,0,0,0,0
2020-02-13,Lassen,035,31185,0,0,0,0,0
2020-02-13,Los Angeles,037,10098052,31,1,3,4,0
2020-02-13,Madera,039,155013,0,0,0,0,0
2020-02-13,Marin,041,260295,0,0,0,0,0
2020-02-13,Mariposa,043,17540,0,0,0,0,0
2020-02-13,Mendocino,045,87422,0,0,0,0,0
2020-02-13,Merced,047,269075,0,0,0,0,0
2020-02-13,Modoc,049,8938,0,0,0,0,0
2020-02-13,Mono,051,14174,0,0,0,0,0
2020-02-13,Monterey,053,433212,1,0,0,0,0
2020-02-13,Napa,055,140530,0,0,0,0,0
2020-02-13,Nevada,057,99092,0,0,0,0,0
2020-02-13,Orange,059,3164182,36,1,0,1,0
2020-02-13,Placer,061,380077,0,0,0,0,0
2020-02-13,Plumas,063,18699,0,0,0,0,0
2020-02-13,Riverside,065,2383286,4,0,0,0,0
2020-02-13,Sacramento,067,1510023,1,0,0,0,0
2020-02-13,San Benito,069,59416,0,2,0,2,0
2020-02-13,San Bernardino,071,2135413,8,0,0,0,0
2020-02-13,San Diego,073,3302833,0,2,0,2,0
2020-02-13,San Francisco,075,870044,2,0,0,0,0
2020-02-13,San Joaquin,077,732212,1,0,1,1,0
2020-02-13,San Luis Obispo,079,281455,0,0,0,0,0
2020-02-13,San Mateo,081,765935,2,0,0,0,0
2020-02-13,Santa Barbara,083,443738,0,0,0,0,0
2020-02-13,Santa Clara,085,1922200,7,2,0,2,0
2020-02-13,Santa Cruz,087,273765,0,0,0,0,0
2020-02-13,Shasta,089,179085,0,0,0,0,0
2020-02-13,Sierra,091,2930,0,0,0,0,0
2020-02-13,Siskiyou,093,43540,0,0,0,0,0
2020-02-13,Solano,095,438530,0,0,0,0,0
2020-02-13,Sonoma,097,501317,0,0,0,0,0
2020-02-13,Stanislaus,099,539301,1,0,1,1,0
2020-02-13,Sutter,101,95872,0,0,0,0,0
2020-02-13,Tehama,103,63373,0,0,0,0,0
2020-02-13,Trinity,105,12862,0,0,0,0,0
2020-02-13,Tulare,107,460477,2,0,0,0,0
2020-02-13,Tuolumne,109,53932,0,0,0,0,0
2020-02-13,Ventura,111,848112,2,0,0,0,0
2020-02-13,Yolo,113,214977,0,0,0,0,0
2020-02-13,Yuba,115,75493,0,0,0,0,0
2020-02-12,Alameda,001,1643700,5,0,0,0,0
2020-02-12,Alpine,003,1148,0,0,0,0,0
2020-02-12,Amador,005,37829,0,0,0,0,0
2020-02-12,Butte,007,227075,0,0,0,0,0
2020-02-12,Calaveras,009,45235,0,0,0,0,0
2020-02-12,Colusa,011,21464,0,0,0,0,0
2020-02-12,Contra Costa,013,1133247,3,0,0,0,0
2020-02-12,Del Norte,015,27424,0,0,0,0,0
2020-02-12,El Dorado,017,186661,0,0,0,0,0
2020-02-12,Fresno,019,978130,0,0,0,0,0
2020-02-12,Glenn,021,27897,0,0,0,0,0
2020-02-12,Humboldt,023,135768,1,0,0,0,0
2020-02-12,Imperial,025,180216,0,0,0,0,0
2020-02-12,Inyo,027,18085,0,0,0,0,0
2020-02-12,Kern,029,883053,2,0,0,0,0
2020-02-12,Kings,031,150075,0,0,0,0,0
2020-02-12,Lake,033,64148,0,0,0,0,0
2020-02-12,Lassen,035,31185,0,0,0,0,0
2020-02-12,Los Angeles,037,10098052,30,1,3,4,0
2020-02-12,Madera,039,155013,0,0,0,0,0
2020-02-12,Marin,041,260295,0,0,0,0,0
2020-02-12,Mariposa,043,17540,0,0,0,0,0
2020-02-12,Mendocino,045,87422,0,0,0,0,0
2020-02-12,Merced,047,269075,0,0,0,0,0
2020-02-12,Modoc,049,8938,0,0,0,0,0
2020-02-12,Mono,051,14174,0,0,0,0,0
2020-02-12,Monterey,053,433212,1,0,0,0,0
2020-02-12,Napa,055,140530,0,0,0,0,0
2020-02-12,Nevada,057,99092,0,0,0,0,0
2020-02-12,Orange,059,3164182,36,1,0,1,0
2020-02-12,Placer,061,380077,0,0,0,0,0
2020-02-12,Plumas,063,18699,0,0,0,0,0
2020-02-12,Riverside,065,2383286,4,0,0,0,0
2020-02-12,Sacramento,067,1510023,1,0,0,0,0
2020-02-12,San Benito,069,59416,0,2,0,2,0
2020-02-12,San Bernardino,071,2135413,8,0,0,0,0
2020-02-12,San Diego,073,3302833,0,2,0,2,0
2020-02-12,San Francisco,075,870044,2,0,0,0,0
2020-02-12,San Joaquin,077,732212,1,0,1,1,0
2020-02-12,San Luis Obispo,079,281455,0,0,0,0,0
2020-02-12,San Mateo,081,765935,2,0,0,0,0
2020-02-12,Santa Barbara,083,443738,0,0,0,0,0
2020-02-12,Santa Clara,085,1922200,6,2,0,2,0
2020-02-12,Santa Cruz,087,273765,0,0,0,0,0
2020-02-12,Shasta,089,179085,0,0,0,0,0
2020-02-12,Sierra,091,2930,0,0,0,0,0
2020-02-12,Siskiyou,093,43540,0,0,0,0,0
2020-02-12,Solano,095,438530,0,0,0,0,0
2020-02-12,Sonoma,097,501317,0,0,0,0,0
2020-02-12,Stanislaus,099,539301,1,0,1,1,0
2020-02-12,Sutter,101,95872,0,0,0,0,0
2020-02-12,Tehama,103,63373,0,0,0,0,0
2020-02-12,Trinity,105,12862,0,0,0,0,0
2020-02-12,Tulare,107,460477,2,0,0,0,0
2020-02-12,Tuolumne,109,53932,0,0,0,0,0
2020-02-12,Ventura,111,848112,2,0,0,0,0
2020-02-12,Yolo,113,214977,0,0,0,0,0
2020-02-12,Yuba,115,75493,0,0,0,0,0
2020-02-11,Alameda,001,1643700,5,0,0,0,0
2020-02-11,Alpine,003,1148,0,0,0,0,0
2020-02-11,Amador,005,37829,0,0,0,0,0
2020-02-11,Butte,007,227075,0,0,0,0,0
2020-02-11,Calaveras,009,45235,0,0,0,0,0
2020-02-11,Colusa,011,21464,0,0,0,0,0
2020-02-11,Contra Costa,013,1133247,3,0,0,0,0
2020-02-11,Del Norte,015,27424,0,0,0,0,0
2020-02-11,El Dorado,017,186661,0,0,0,0,0
2020-02-11,Fresno,019,978130,0,0,0,0,0
2020-02-11,Glenn,021,27897,0,0,0,0,0
2020-02-11,Humboldt,023,135768,1,0,0,0,0
2020-02-11,Imperial,025,180216,0,0,0,0,0
2020-02-11,Inyo,027,18085,0,0,0,0,0
2020-02-11,Kern,029,883053,2,0,0,0,0
2020-02-11,Kings,031,150075,0,0,0,0,0
2020-02-11,Lake,033,64148,0,0,0,0,0
2020-02-11,Lassen,035,31185,0,0,0,0,0
2020-02-11,Los Angeles,037,10098052,30,1,3,4,0
2020-02-11,Madera,039,155013,0,0,0,0,0
2020-02-11,Marin,041,260295,0,0,0,0,0
2020-02-11,Mariposa,043,17540,0,0,0,0,0
2020-02-11,Mendocino,045,87422,0,0,0,0,0
2020-02-11,Merced,047,269075,0,0,0,0,0
2020-02-11,Modoc,049,8938,0,0,0,0,0
2020-02-11,Mono,051,14174,0,0,0,0,0
2020-02-11,Monterey,053,433212,1,0,0,0,0
2020-02-11,Napa,055,140530,0,0,0,0,0
2020-02-11,Nevada,057,99092,0,0,0,0,0
2020-02-11,Orange,059,3164182,35,1,0,1,0
2020-02-11,Placer,061,380077,0,0,0,0,0
2020-02-11,Plumas,063,18699,0,0,0,0,0
2020-02-11,Riverside,065,2383286,4,0,0,0,0
2020-02-11,Sacramento,067,1510023,1,0,0,0,0
2020-02-11,San Benito,069,59416,0,2,0,2,0
2020-02-11,San Bernardino,071,2135413,8,0,0,0,0
2020-02-11,San Diego,073,3302833,0,1,0,1,0
2020-02-11,San Francisco,075,870044,2,0,0,0,0
2020-02-11,San Joaquin,077,732212,0,0,1,1,0
2020-02-11,San Luis Obispo,079,281455,0,0,0,0,0
2020-02-11,San Mateo,081,765935,2,0,0,0,0
2020-02-11,Santa Barbara,083,443738,0,0,0,0,0
2020-02-11,Santa Clara,085,1922200,5,2,0,2,0
2020-02-11,Santa Cruz,087,273765,0,0,0,0,0
2020-02-11,Shasta,089,179085,0,0,0,0,0
2020-02-11,Sierra,091,2930,0,0,0,0,0
2020-02-11,Siskiyou,093,43540,0,0,0,0,0
2020-02-11,Solano,095,438530,0,0,0,0,0
2020-02-11,Sonoma,097,501317,0,0,0,0,0
2020-02-11,Stanislaus,099,539301,1,0,1,1,0
2020-02-11,Sutter,101,95872,0,0,0,0,0
2020-02-11,Tehama,103,63373,0,0,0,0,0
2020-02-11,Trinity,105,12862,0,0,0,0,0
2020-02-11,Tulare,107,460477,2,0,0,0,0
2020-02-11,Tuolumne,109,53932,0,0,0,0,0
2020-02-11,Ventura,111,848112,2,0,0,0,0
2020-02-11,Yolo,113,214977,0,0,0,0,0
2020-02-11,Yuba,115,75493,0,0,0,0,0
2020-02-10,Alameda,001,1643700,5,0,0,0,0
2020-02-10,Alpine,003,1148,0,0,0,0,0
2020-02-10,Amador,005,37829,0,0,0,0,0
2020-02-10,Butte,007,227075,0,0,0,0,0
2020-02-10,Calaveras,009,45235,0,0,0,0,0
2020-02-10,Colusa,011,21464,0,0,0,0,0
2020-02-10,Contra Costa,013,1133247,3,0,0,0,0
2020-02-10,Del Norte,015,27424,0,0,0,0,0
2020-02-10,El Dorado,017,186661,0,0,0,0,0
2020-02-10,Fresno,019,978130,0,0,0,0,0
2020-02-10,Glenn,021,27897,0,0,0,0,0
2020-02-10,Humboldt,023,135768,0,0,0,0,0
2020-02-10,Imperial,025,180216,0,0,0,0,0
2020-02-10,Inyo,027,18085,0,0,0,0,0
2020-02-10,Kern,029,883053,2,0,0,0,0
2020-02-10,Kings,031,150075,0,0,0,0,0
2020-02-10,Lake,033,64148,0,0,0,0,0
2020-02-10,Lassen,035,31185,0,0,0,0,0
2020-02-10,Los Angeles,037,10098052,28,1,3,4,0
2020-02-10,Madera,039,155013,0,0,0,0,0
2020-02-10,Marin,041,260295,0,0,0,0,0
2020-02-10,Mariposa,043,17540,0,0,0,0,0
2020-02-10,Mendocino,045,87422,0,0,0,0,0
2020-02-10,Merced,047,269075,0,0,0,0,0
2020-02-10,Modoc,049,8938,0,0,0,0,0
2020-02-10,Mono,051,14174,0,0,0,0,0
2020-02-10,Monterey,053,433212,1,0,0,0,0
2020-02-10,Napa,055,140530,0,0,0,0,0
2020-02-10,Nevada,057,99092,0,0,0,0,0
2020-02-10,Orange,059,3164182,35,1,0,1,0
2020-02-10,Placer,061,380077,0,0,0,0,0
2020-02-10,Plumas,063,18699,0,0,0,0,0
2020-02-10,Riverside,065,2383286,4,0,0,0,0
2020-02-10,Sacramento,067,1510023,1,0,0,0,0
2020-02-10,San Benito,069,59416,0,2,0,2,0
2020-02-10,San Bernardino,071,2135413,7,0,0,0,0
2020-02-10,San Diego,073,3302833,0,0,0,0,0
2020-02-10,San Francisco,075,870044,2,0,0,0,0
2020-02-10,San Joaquin,077,732212,0,0,1,1,0
2020-02-10,San Luis Obispo,079,281455,0,0,0,0,0
2020-02-10,San Mateo,081,765935,2,0,0,0,0
2020-02-10,Santa Barbara,083,443738,0,0,0,0,0
2020-02-10,Santa Clara,085,1922200,5,2,0,2,0
2020-02-10,Santa Cruz,087,273765,0,0,0,0,0
2020-02-10,Shasta,089,179085,0,0,0,0,0
2020-02-10,Sierra,091,2930,0,0,0,0,0
2020-02-10,Siskiyou,093,43540,0,0,0,0,0
2020-02-10,Solano,095,438530,0,0,0,0,0
2020-02-10,Sonoma,097,501317,0,0,0,0,0
2020-02-10,Stanislaus,099,539301,1,0,0,0,0
2020-02-10,Sutter,101,95872,0,0,0,0,0
2020-02-10,Tehama,103,63373,0,0,0,0,0
2020-02-10,Trinity,105,12862,0,0,0,0,0
2020-02-10,Tulare,107,460477,2,0,0,0,0
2020-02-10,Tuolumne,109,53932,0,0,0,0,0
2020-02-10,Ventura,111,848112,2,0,0,0,0
2020-02-10,Yolo,113,214977,0,0,0,0,0
2020-02-10,Yuba,115,75493,0,0,0,0,0
2020-02-09,Alameda,001,1643700,5,0,0,0,0
2020-02-09,Alpine,003,1148,0,0,0,0,0
2020-02-09,Amador,005,37829,0,0,0,0,0
2020-02-09,Butte,007,227075,0,0,0,0,0
2020-02-09,Calaveras,009,45235,0,0,0,0,0
2020-02-09,Colusa,011,21464,0,0,0,0,0
2020-02-09,Contra Costa,013,1133247,3,0,0,0,0
2020-02-09,Del Norte,015,27424,0,0,0,0,0
2020-02-09,El Dorado,017,186661,0,0,0,0,0
2020-02-09,Fresno,019,978130,0,0,0,0,0
2020-02-09,Glenn,021,27897,0,0,0,0,0
2020-02-09,Humboldt,023,135768,0,0,0,0,0
2020-02-09,Imperial,025,180216,0,0,0,0,0
2020-02-09,Inyo,027,18085,0,0,0,0,0
2020-02-09,Kern,029,883053,2,0,0,0,0
2020-02-09,Kings,031,150075,0,0,0,0,0
2020-02-09,Lake,033,64148,0,0,0,0,0
2020-02-09,Lassen,035,31185,0,0,0,0,0
2020-02-09,Los Angeles,037,10098052,27,1,3,4,0
2020-02-09,Madera,039,155013,0,0,0,0,0
2020-02-09,Marin,041,260295,0,0,0,0,0
2020-02-09,Mariposa,043,17540,0,0,0,0,0
2020-02-09,Mendocino,045,87422,0,0,0,0,0
2020-02-09,Merced,047,269075,0,0,0,0,0
2020-02-09,Modoc,049,8938,0,0,0,0,0
2020-02-09,Mono,051,14174,0,0,0,0,0
2020-02-09,Monterey,053,433212,1,0,0,0,0
2020-02-09,Napa,055,140530,0,0,0,0,0
2020-02-09,Nevada,057,99092,0,0,0,0,0
2020-02-09,Orange,059,3164182,35,1,0,1,0
2020-02-09,Placer,061,380077,0,0,0,0,0
2020-02-09,Plumas,063,18699,0,0,0,0,0
2020-02-09,Riverside,065,2383286,4,0,0,0,0
2020-02-09,Sacramento,067,1510023,0,0,0,0,0
2020-02-09,San Benito,069,59416,0,2,0,2,0
2020-02-09,San Bernardino,071,2135413,7,0,0,0,0
2020-02-09,San Diego,073,3302833,0,0,0,0,0
2020-02-09,San Francisco,075,870044,1,0,0,0,0
2020-02-09,San Joaquin,077,732212,0,0,1,1,0
2020-02-09,San Luis Obispo,079,281455,0,0,0,0,0
2020-02-09,San Mateo,081,765935,2,0,0,0,0
2020-02-09,Santa Barbara,083,443738,0,0,0,0,0
2020-02-09,Santa Clara,085,1922200,4,2,0,2,0
2020-02-09,Santa Cruz,087,273765,0,0,0,0,0
2020-02-09,Shasta,089,179085,0,0,0,0,0
2020-02-09,Sierra,091,2930,0,0,0,0,0
2020-02-09,Siskiyou,093,43540,0,0,0,0,0
2020-02-09,Solano,095,438530,0,0,0,0,0
2020-02-09,Sonoma,097,501317,0,0,0,0,0
2020-02-09,Stanislaus,099,539301,0,0,0,0,0
2020-02-09,Sutter,101,95872,0,0,0,0,0
2020-02-09,Tehama,103,63373,0,0,0,0,0
2020-02-09,Trinity,105,12862,0,0,0,0,0
2020-02-09,Tulare,107,460477,2,0,0,0,0
2020-02-09,Tuolumne,109,53932,0,0,0,0,0
2020-02-09,Ventura,111,848112,1,0,0,0,0
2020-02-09,Yolo,113,214977,0,0,0,0,0
2020-02-09,Yuba,115,75493,0,0,0,0,0
2020-02-08,Alameda,001,1643700,4,0,0,0,0
2020-02-08,Alpine,003,1148,0,0,0,0,0
2020-02-08,Amador,005,37829,0,0,0,0,0
2020-02-08,Butte,007,227075,0,0,0,0,0
2020-02-08,Calaveras,009,45235,0,0,0,0,0
2020-02-08,Colusa,011,21464,0,0,0,0,0
2020-02-08,Contra Costa,013,1133247,2,0,0,0,0
2020-02-08,Del Norte,015,27424,0,0,0,0,0
2020-02-08,El Dorado,017,186661,0,0,0,0,0
2020-02-08,Fresno,019,978130,0,0,0,0,0
2020-02-08,Glenn,021,27897,0,0,0,0,0
2020-02-08,Humboldt,023,135768,0,0,0,0,0
2020-02-08,Imperial,025,180216,0,0,0,0,0
2020-02-08,Inyo,027,18085,0,0,0,0,0
2020-02-08,Kern,029,883053,2,0,0,0,0
2020-02-08,Kings,031,150075,0,0,0,0,0
2020-02-08,Lake,033,64148,0,0,0,0,0
2020-02-08,Lassen,035,31185,0,0,0,0,0
2020-02-08,Los Angeles,037,10098052,24,1,1,2,0
2020-02-08,Madera,039,155013,0,0,0,0,0
2020-02-08,Marin,041,260295,0,0,0,0,0
2020-02-08,Mariposa,043,17540,0,0,0,0,0
2020-02-08,Mendocino,045,87422,0,0,0,0,0
2020-02-08,Merced,047,269075,0,0,0,0,0
2020-02-08,Modoc,049,8938,0,0,0,0,0
2020-02-08,Mono,051,14174,0,0,0,0,0
2020-02-08,Monterey,053,433212,1,0,0,0,0
2020-02-08,Napa,055,140530,0,0,0,0,0
2020-02-08,Nevada,057,99092,0,0,0,0,0
2020-02-08,Orange,059,3164182,35,1,0,1,0
2020-02-08,Placer,061,380077,0,0,0,0,0
2020-02-08,Plumas,063,18699,0,0,0,0,0
2020-02-08,Riverside,065,2383286,4,0,0,0,0
2020-02-08,Sacramento,067,1510023,0,0,0,0,0
2020-02-08,San Benito,069,59416,0,2,0,2,0
2020-02-08,San Bernardino,071,2135413,7,0,0,0,0
2020-02-08,San Diego,073,3302833,0,0,0,0,0
2020-02-08,San Francisco,075,870044,1,0,0,0,0
2020-02-08,San Joaquin,077,732212,0,0,1,1,0
2020-02-08,San Luis Obispo,079,281455,0,0,0,0,0
2020-02-08,San Mateo,081,765935,2,0,0,0,0
2020-02-08,Santa Barbara,083,443738,0,0,0,0,0
2020-02-08,Santa Clara,085,1922200,4,2,0,2,0
2020-02-08,Santa Cruz,087,273765,0,0,0,0,0
2020-02-08,Shasta,089,179085,0,0,0,0,0
2020-02-08,Sierra,091,2930,0,0,0,0,0
2020-02-08,Siskiyou,093,43540,0,0,0,0,0
2020-02-08,Solano,095,438530,0,0,0,0,0
2020-02-08,Sonoma,097,501317,0,0,0,0,0
2020-02-08,Stanislaus,099,539301,0,0,0,0,0
2020-02-08,Sutter,101,95872,0,0,0,0,0
2020-02-08,Tehama,103,63373,0,0,0,0,0
2020-02-08,Trinity,105,12862,0,0,0,0,0
2020-02-08,Tulare,107,460477,2,0,0,0,0
2020-02-08,Tuolumne,109,53932,0,0,0,0,0
2020-02-08,Ventura,111,848112,1,0,0,0,0
2020-02-08,Yolo,113,214977,0,0,0,0,0
2020-02-08,Yuba,115,75493,0,0,0,0,0
2020-02-07,Alameda,001,1643700,4,0,0,0,0
2020-02-07,Alpine,003,1148,0,0,0,0,0
2020-02-07,Amador,005,37829,0,0,0,0,0
2020-02-07,Butte,007,227075,0,0,0,0,0
2020-02-07,Calaveras,009,45235,0,0,0,0,0
2020-02-07,Colusa,011,21464,0,0,0,0,0
2020-02-07,Contra Costa,013,1133247,2,0,0,0,0
2020-02-07,Del Norte,015,27424,0,0,0,0,0
2020-02-07,El Dorado,017,186661,0,0,0,0,0
2020-02-07,Fresno,019,978130,0,0,0,0,0
2020-02-07,Glenn,021,27897,0,0,0,0,0
2020-02-07,Humboldt,023,135768,0,0,0,0,0
2020-02-07,Imperial,025,180216,0,0,0,0,0
2020-02-07,Inyo,027,18085,0,0,0,0,0
2020-02-07,Kern,029,883053,2,0,0,0,0
2020-02-07,Kings,031,150075,0,0,0,0,0
2020-02-07,Lake,033,64148,0,0,0,0,0
2020-02-07,Lassen,035,31185,0,0,0,0,0
2020-02-07,Los Angeles,037,10098052,23,1,0,1,0
2020-02-07,Madera,039,155013,0,0,0,0,0
2020-02-07,Marin,041,260295,0,0,0,0,0
2020-02-07,Mariposa,043,17540,0,0,0,0,0
2020-02-07,Mendocino,045,87422,0,0,0,0,0
2020-02-07,Merced,047,269075,0,0,0,0,0
2020-02-07,Modoc,049,8938,0,0,0,0,0
2020-02-07,Mono,051,14174,0,0,0,0,0
2020-02-07,Monterey,053,433212,1,0,0,0,0
2020-02-07,Napa,055,140530,0,0,0,0,0
2020-02-07,Nevada,057,99092,0,0,0,0,0
2020-02-07,Orange,059,3164182,33,1,0,1,0
2020-02-07,Placer,061,380077,0,0,0,0,0
2020-02-07,Plumas,063,18699,0,0,0,0,0
2020-02-07,Riverside,065,2383286,4,0,0,0,0
2020-02-07,Sacramento,067,1510023,0,0,0,0,0
2020-02-07,San Benito,069,59416,0,2,0,2,0
2020-02-07,San Bernardino,071,2135413,4,0,0,0,0
2020-02-07,San Diego,073,3302833,0,0,0,0,0
2020-02-07,San Francisco,075,870044,1,0,0,0,0
2020-02-07,San Joaquin,077,732212,0,0,1,1,0
2020-02-07,San Luis Obispo,079,281455,0,0,0,0,0
2020-02-07,San Mateo,081,765935,1,0,0,0,0
2020-02-07,Santa Barbara,083,443738,0,0,0,0,0
2020-02-07,Santa Clara,085,1922200,4,2,0,2,0
2020-02-07,Santa Cruz,087,273765,0,0,0,0,0
2020-02-07,Shasta,089,179085,0,0,0,0,0
2020-02-07,Sierra,091,2930,0,0,0,0,0
2020-02-07,Siskiyou,093,43540,0,0,0,0,0
2020-02-07,Solano,095,438530,0,0,0,0,0
2020-02-07,Sonoma,097,501317,0,0,0,0,0
2020-02-07,Stanislaus,099,539301,0,0,0,0,0
2020-02-07,Sutter,101,95872,0,0,0,0,0
2020-02-07,Tehama,103,63373,0,0,0,0,0
2020-02-07,Trinity,105,12862,0,0,0,0,0
2020-02-07,Tulare,107,460477,2,0,0,0,0
2020-02-07,Tuolumne,109,53932,0,0,0,0,0
2020-02-07,Ventura,111,848112,1,0,0,0,0
2020-02-07,Yolo,113,214977,0,0,0,0,0
2020-02-07,Yuba,115,75493,0,0,0,0,0
2020-02-06,Alameda,001,1643700,4,0,0,0,0
2020-02-06,Alpine,003,1148,0,0,0,0,0
2020-02-06,Amador,005,37829,0,0,0,0,0
2020-02-06,Butte,007,227075,0,0,0,0,0
2020-02-06,Calaveras,009,45235,0,0,0,0,0
2020-02-06,Colusa,011,21464,0,0,0,0,0
2020-02-06,Contra Costa,013,1133247,2,0,0,0,0
2020-02-06,Del Norte,015,27424,0,0,0,0,0
2020-02-06,El Dorado,017,186661,0,0,0,0,0
2020-02-06,Fresno,019,978130,0,0,0,0,0
2020-02-06,Glenn,021,27897,0,0,0,0,0
2020-02-06,Humboldt,023,135768,0,0,0,0,0
2020-02-06,Imperial,025,180216,0,0,0,0,0
2020-02-06,Inyo,027,18085,0,0,0,0,0
2020-02-06,Kern,029,883053,2,0,0,0,0
2020-02-06,Kings,031,150075,0,0,0,0,0
2020-02-06,Lake,033,64148,0,0,0,0,0
2020-02-06,Lassen,035,31185,0,0,0,0,0
2020-02-06,Los Angeles,037,10098052,22,1,0,1,0
2020-02-06,Madera,039,155013,0,0,0,0,0
2020-02-06,Marin,041,260295,0,0,0,0,0
2020-02-06,Mariposa,043,17540,0,0,0,0,0
2020-02-06,Mendocino,045,87422,0,0,0,0,0
2020-02-06,Merced,047,269075,0,0,0,0,0
2020-02-06,Modoc,049,8938,0,0,0,0,0
2020-02-06,Mono,051,14174,0,0,0,0,0
2020-02-06,Monterey,053,433212,1,0,0,0,0
2020-02-06,Napa,055,140530,0,0,0,0,0
2020-02-06,Nevada,057,99092,0,0,0,0,0
2020-02-06,Orange,059,3164182,3,1,0,1,0
2020-02-06,Placer,061,380077,0,0,0,0,0
2020-02-06,Plumas,063,18699,0,0,0,0,0
2020-02-06,Riverside,065,2383286,4,0,0,0,0
2020-02-06,Sacramento,067,1510023,0,0,0,0,0
2020-02-06,San Benito,069,59416,0,2,0,2,0
2020-02-06,San Bernardino,071,2135413,4,0,0,0,0
2020-02-06,San Diego,073,3302833,0,0,0,0,0
2020-02-06,San Francisco,075,870044,1,0,0,0,0
2020-02-06,San Joaquin,077,732212,0,0,1,1,0
2020-02-06,San Luis Obispo,079,281455,0,0,0,0,0
2020-02-06,San Mateo,081,765935,1,0,0,0,0
2020-02-06,Santa Barbara,083,443738,0,0,0,0,0
2020-02-06,Santa Clara,085,1922200,4,2,0,2,0
2020-02-06,Santa Cruz,087,273765,0,0,0,0,0
2020-02-06,Shasta,089,179085,0,0,0,0,0
2020-02-06,Sierra,091,2930,0,0,0,0,0
2020-02-06,Siskiyou,093,43540,0,0,0,0,0
2020-02-06,Solano,095,438530,0,0,0,0,0
2020-02-06,Sonoma,097,501317,0,0,0,0,0
2020-02-06,Stanislaus,099,539301,0,0,0,0,0
2020-02-06,Sutter,101,95872,0,0,0,0,0
2020-02-06,Tehama,103,63373,0,0,0,0,0
2020-02-06,Trinity,105,12862,0,0,0,0,0
2020-02-06,Tulare,107,460477,2,0,0,0,0
2020-02-06,Tuolumne,109,53932,0,0,0,0,0
2020-02-06,Ventura,111,848112,1,0,0,0,0
2020-02-06,Yolo,113,214977,0,0,0,0,0
2020-02-06,Yuba,115,75493,0,0,0,0,0
2020-02-05,Alameda,001,1643700,3,0,0,0,0
2020-02-05,Alpine,003,1148,0,0,0,0,0
2020-02-05,Amador,005,37829,0,0,0,0,0
2020-02-05,Butte,007,227075,0,0,0,0,0
2020-02-05,Calaveras,009,45235,0,0,0,0,0
2020-02-05,Colusa,011,21464,0,0,0,0,0
2020-02-05,Contra Costa,013,1133247,2,0,0,0,0
2020-02-05,Del Norte,015,27424,0,0,0,0,0
2020-02-05,El Dorado,017,186661,0,0,0,0,0
2020-02-05,Fresno,019,978130,0,0,0,0,0
2020-02-05,Glenn,021,27897,0,0,0,0,0
2020-02-05,Humboldt,023,135768,0,0,0,0,0
2020-02-05,Imperial,025,180216,0,0,0,0,0
2020-02-05,Inyo,027,18085,0,0,0,0,0
2020-02-05,Kern,029,883053,1,0,0,0,0
2020-02-05,Kings,031,150075,0,0,0,0,0
2020-02-05,Lake,033,64148,0,0,0,0,0
2020-02-05,Lassen,035,31185,0,0,0,0,0
2020-02-05,Los Angeles,037,10098052,22,1,0,1,0
2020-02-05,Madera,039,155013,0,0,0,0,0
2020-02-05,Marin,041,260295,0,0,0,0,0
2020-02-05,Mariposa,043,17540,0,0,0,0,0
2020-02-05,Mendocino,045,87422,0,0,0,0,0
2020-02-05,Merced,047,269075,0,0,0,0,0
2020-02-05,Modoc,049,8938,0,0,0,0,0
2020-02-05,Mono,051,14174,0,0,0,0,0
2020-02-05,Monterey,053,433212,1,0,0,0,0
2020-02-05,Napa,055,140530,0,0,0,0,0
2020-02-05,Nevada,057,99092,0,0,0,0,0
2020-02-05,Orange,059,3164182,2,1,0,1,0
2020-02-05,Placer,061,380077,0,0,0,0,0
2020-02-05,Plumas,063,18699,0,0,0,0,0
2020-02-05,Riverside,065,2383286,4,0,0,0,0
2020-02-05,Sacramento,067,1510023,0,0,0,0,0
2020-02-05,San Benito,069,59416,0,2,0,2,0
2020-02-05,San Bernardino,071,2135413,4,0,0,0,0
2020-02-05,San Diego,073,3302833,0,0,0,0,0
2020-02-05,San Francisco,075,870044,1,0,0,0,0
2020-02-05,San Joaquin,077,732212,0,0,1,1,0
2020-02-05,San Luis Obispo,079,281455,0,0,0,0,0
2020-02-05,San Mateo,081,765935,1,0,0,0,0
2020-02-05,Santa Barbara,083,443738,0,0,0,0,0
2020-02-05,Santa Clara,085,1922200,2,2,0,2,0
2020-02-05,Santa Cruz,087,273765,0,0,0,0,0
2020-02-05,Shasta,089,179085,0,0,0,0,0
2020-02-05,Sierra,091,2930,0,0,0,0,0
2020-02-05,Siskiyou,093,43540,0,0,0,0,0
2020-02-05,Solano,095,438530,0,0,0,0,0
2020-02-05,Sonoma,097,501317,0,0,0,0,0
2020-02-05,Stanislaus,099,539301,0,0,0,0,0
2020-02-05,Sutter,101,95872,0,0,0,0,0
2020-02-05,Tehama,103,63373,0,0,0,0,0
2020-02-05,Trinity,105,12862,0,0,0,0,0
2020-02-05,Tulare,107,460477,2,0,0,0,0
2020-02-05,Tuolumne,109,53932,0,0,0,0,0
2020-02-05,Ventura,111,848112,0,0,0,0,0
2020-02-05,Yolo,113,214977,0,0,0,0,0
2020-02-05,Yuba,115,75493,0,0,0,0,0
2020-02-04,Alameda,001,1643700,3,0,0,0,0
2020-02-04,Alpine,003,1148,0,0,0,0,0
2020-02-04,Amador,005,37829,0,0,0,0,0
2020-02-04,Butte,007,227075,0,0,0,0,0
2020-02-04,Calaveras,009,45235,0,0,0,0,0
2020-02-04,Colusa,011,21464,0,0,0,0,0
2020-02-04,Contra Costa,013,1133247,2,0,0,0,0
2020-02-04,Del Norte,015,27424,0,0,0,0,0
2020-02-04,El Dorado,017,186661,0,0,0,0,0
2020-02-04,Fresno,019,978130,0,0,0,0,0
2020-02-04,Glenn,021,27897,0,0,0,0,0
2020-02-04,Humboldt,023,135768,0,0,0,0,0
2020-02-04,Imperial,025,180216,0,0,0,0,0
2020-02-04,Inyo,027,18085,0,0,0,0,0
2020-02-04,Kern,029,883053,0,0,0,0,0
2020-02-04,Kings,031,150075,0,0,0,0,0
2020-02-04,Lake,033,64148,0,0,0,0,0
2020-02-04,Lassen,035,31185,0,0,0,0,0
2020-02-04,Los Angeles,037,10098052,22,1,0,1,0
2020-02-04,Madera,039,155013,0,0,0,0,0
2020-02-04,Marin,041,260295,0,0,0,0,0
2020-02-04,Mariposa,043,17540,0,0,0,0,0
2020-02-04,Mendocino,045,87422,0,0,0,0,0
2020-02-04,Merced,047,269075,0,0,0,0,0
2020-02-04,Modoc,049,8938,0,0,0,0,0
2020-02-04,Mono,051,14174,0,0,0,0,0
2020-02-04,Monterey,053,433212,1,0,0,0,0
2020-02-04,Napa,055,140530,0,0,0,0,0
2020-02-04,Nevada,057,99092,0,0,0,0,0
2020-02-04,Orange,059,3164182,2,1,0,1,0
2020-02-04,Placer,061,380077,0,0,0,0,0
2020-02-04,Plumas,063,18699,0,0,0,0,0
2020-02-04,Riverside,065,2383286,4,0,0,0,0
2020-02-04,Sacramento,067,1510023,0,0,0,0,0
2020-02-04,San Benito,069,59416,0,2,0,2,0
2020-02-04,San Bernardino,071,2135413,3,0,0,0,0
2020-02-04,San Diego,073,3302833,0,0,0,0,0
2020-02-04,San Francisco,075,870044,1,0,0,0,0
2020-02-04,San Joaquin,077,732212,0,0,1,1,0
2020-02-04,San Luis Obispo,079,281455,0,0,0,0,0
2020-02-04,San Mateo,081,765935,0,0,0,0,0
2020-02-04,Santa Barbara,083,443738,0,0,0,0,0
2020-02-04,Santa Clara,085,1922200,2,2,0,2,0
2020-02-04,Santa Cruz,087,273765,0,0,0,0,0
2020-02-04,Shasta,089,179085,0,0,0,0,0
2020-02-04,Sierra,091,2930,0,0,0,0,0
2020-02-04,Siskiyou,093,43540,0,0,0,0,0
2020-02-04,Solano,095,438530,0,0,0,0,0
2020-02-04,Sonoma,097,501317,0,0,0,0,0
2020-02-04,Stanislaus,099,539301,0,0,0,0,0
2020-02-04,Sutter,101,95872,0,0,0,0,0
2020-02-04,Tehama,103,63373,0,0,0,0,0
2020-02-04,Trinity,105,12862,0,0,0,0,0
2020-02-04,Tulare,107,460477,2,0,0,0,0
2020-02-04,Tuolumne,109,53932,0,0,0,0,0
2020-02-04,Ventura,111,848112,0,0,0,0,0
2020-02-04,Yolo,113,214977,0,0,0,0,0
2020-02-04,Yuba,115,75493,0,0,0,0,0
2020-02-03,Alameda,001,1643700,3,0,0,0,0
2020-02-03,Alpine,003,1148,0,0,0,0,0
2020-02-03,Amador,005,37829,0,0,0,0,0
2020-02-03,Butte,007,227075,0,0,0,0,0
2020-02-03,Calaveras,009,45235,0,0,0,0,0
2020-02-03,Colusa,011,21464,0,0,0,0,0
2020-02-03,Contra Costa,013,1133247,2,0,0,0,0
2020-02-03,Del Norte,015,27424,0,0,0,0,0
2020-02-03,El Dorado,017,186661,0,0,0,0,0
2020-02-03,Fresno,019,978130,0,0,0,0,0
2020-02-03,Glenn,021,27897,0,0,0,0,0
2020-02-03,Humboldt,023,135768,0,0,0,0,0
2020-02-03,Imperial,025,180216,0,0,0,0,0
2020-02-03,Inyo,027,18085,0,0,0,0,0
2020-02-03,Kern,029,883053,0,0,0,0,0
2020-02-03,Kings,031,150075,0,0,0,0,0
2020-02-03,Lake,033,64148,0,0,0,0,0
2020-02-03,Lassen,035,31185,0,0,0,0,0
2020-02-03,Los Angeles,037,10098052,21,1,0,1,0
2020-02-03,Madera,039,155013,0,0,0,0,0
2020-02-03,Marin,041,260295,0,0,0,0,0
2020-02-03,Mariposa,043,17540,0,0,0,0,0
2020-02-03,Mendocino,045,87422,0,0,0,0,0
2020-02-03,Merced,047,269075,0,0,0,0,0
2020-02-03,Modoc,049,8938,0,0,0,0,0
2020-02-03,Mono,051,14174,0,0,0,0,0
2020-02-03,Monterey,053,433212,1,0,0,0,0
2020-02-03,Napa,055,140530,0,0,0,0,0
2020-02-03,Nevada,057,99092,0,0,0,0,0
2020-02-03,Orange,059,3164182,1,1,0,1,0
2020-02-03,Placer,061,380077,0,0,0,0,0
2020-02-03,Plumas,063,18699,0,0,0,0,0
2020-02-03,Riverside,065,2383286,4,0,0,0,0
2020-02-03,Sacramento,067,1510023,0,0,0,0,0
2020-02-03,San Benito,069,59416,0,2,0,2,0
2020-02-03,San Bernardino,071,2135413,3,0,0,0,0
2020-02-03,San Diego,073,3302833,0,0,0,0,0
2020-02-03,San Francisco,075,870044,1,0,0,0,0
2020-02-03,San Joaquin,077,732212,0,0,1,1,0
2020-02-03,San Luis Obispo,079,281455,0,0,0,0,0
2020-02-03,San Mateo,081,765935,0,0,0,0,0
2020-02-03,Santa Barbara,083,443738,0,0,0,0,0
2020-02-03,Santa Clara,085,1922200,2,2,0,2,0
2020-02-03,Santa Cruz,087,273765,0,0,0,0,0
2020-02-03,Shasta,089,179085,0,0,0,0,0
2020-02-03,Sierra,091,2930,0,0,0,0,0
2020-02-03,Siskiyou,093,43540,0,0,0,0,0
2020-02-03,Solano,095,438530,0,0,0,0,0
2020-02-03,Sonoma,097,501317,0,0,0,0,0
2020-02-03,Stanislaus,099,539301,0,0,0,0,0
2020-02-03,Sutter,101,95872,0,0,0,0,0
2020-02-03,Tehama,103,63373,0,0,0,0,0
2020-02-03,Trinity,105,12862,0,0,0,0,0
2020-02-03,Tulare,107,460477,2,0,0,0,0
2020-02-03,Tuolumne,109,53932,0,0,0,0,0
2020-02-03,Ventura,111,848112,0,0,0,0,0
2020-02-03,Yolo,113,214977,0,0,0,0,0
2020-02-03,Yuba,115,75493,0,0,0,0,0
2020-02-02,Alameda,001,1643700,3,0,0,0,0
2020-02-02,Alpine,003,1148,0,0,0,0,0
2020-02-02,Amador,005,37829,0,0,0,0,0
2020-02-02,Butte,007,227075,0,0,0,0,0
2020-02-02,Calaveras,009,45235,0,0,0,0,0
2020-02-02,Colusa,011,21464,0,0,0,0,0
2020-02-02,Contra Costa,013,1133247,1,0,0,0,0
2020-02-02,Del Norte,015,27424,0,0,0,0,0
2020-02-02,El Dorado,017,186661,0,0,0,0,0
2020-02-02,Fresno,019,978130,0,0,0,0,0
2020-02-02,Glenn,021,27897,0,0,0,0,0
2020-02-02,Humboldt,023,135768,0,0,0,0,0
2020-02-02,Imperial,025,180216,0,0,0,0,0
2020-02-02,Inyo,027,18085,0,0,0,0,0
2020-02-02,Kern,029,883053,0,0,0,0,0
2020-02-02,Kings,031,150075,0,0,0,0,0
2020-02-02,Lake,033,64148,0,0,0,0,0
2020-02-02,Lassen,035,31185,0,0,0,0,0
2020-02-02,Los Angeles,037,10098052,17,1,0,1,0
2020-02-02,Madera,039,155013,0,0,0,0,0
2020-02-02,Marin,041,260295,0,0,0,0,0
2020-02-02,Mariposa,043,17540,0,0,0,0,0
2020-02-02,Mendocino,045,87422,0,0,0,0,0
2020-02-02,Merced,047,269075,0,0,0,0,0
2020-02-02,Modoc,049,8938,0,0,0,0,0
2020-02-02,Mono,051,14174,0,0,0,0,0
2020-02-02,Monterey,053,433212,1,0,0,0,0
2020-02-02,Napa,055,140530,0,0,0,0,0
2020-02-02,Nevada,057,99092,0,0,0,0,0
2020-02-02,Orange,059,3164182,1,1,0,1,0
2020-02-02,Placer,061,380077,0,0,0,0,0
2020-02-02,Plumas,063,18699,0,0,0,0,0
2020-02-02,Riverside,065,2383286,3,0,0,0,0
2020-02-02,Sacramento,067,1510023,0,0,0,0,0
2020-02-02,San Benito,069,59416,0,2,0,2,0
2020-02-02,San Bernardino,071,2135413,2,0,0,0,0
2020-02-02,San Diego,073,3302833,0,0,0,0,0
2020-02-02,San Francisco,075,870044,1,0,0,0,0
2020-02-02,San Joaquin,077,732212,0,0,1,1,0
2020-02-02,San Luis Obispo,079,281455,0,0,0,0,0
2020-02-02,San Mateo,081,765935,0,0,0,0,0
2020-02-02,Santa Barbara,083,443738,0,0,0,0,0
2020-02-02,Santa Clara,085,1922200,2,2,0,2,0
2020-02-02,Santa Cruz,087,273765,0,0,0,0,0
2020-02-02,Shasta,089,179085,0,0,0,0,0
2020-02-02,Sierra,091,2930,0,0,0,0,0
2020-02-02,Siskiyou,093,43540,0,0,0,0,0
2020-02-02,Solano,095,438530,0,0,0,0,0
2020-02-02,Sonoma,097,501317,0,0,0,0,0
2020-02-02,Stanislaus,099,539301,0,0,0,0,0
2020-02-02,Sutter,101,95872,0,0,0,0,0
2020-02-02,Tehama,103,63373,0,0,0,0,0
2020-02-02,Trinity,105,12862,0,0,0,0,0
2020-02-02,Tulare,107,460477,2,0,0,0,0
2020-02-02,Tuolumne,109,53932,0,0,0,0,0
2020-02-02,Ventura,111,848112,0,0,0,0,0
2020-02-02,Yolo,113,214977,0,0,0,0,0
2020-02-02,Yuba,115,75493,0,0,0,0,0
2020-02-01,Alameda,001,1643700,3,0,0,0,0
2020-02-01,Alpine,003,1148,0,0,0,0,0
2020-02-01,Amador,005,37829,0,0,0,0,0
2020-02-01,Butte,007,227075,0,0,0,0,0
2020-02-01,Calaveras,009,45235,0,0,0,0,0
2020-02-01,Colusa,011,21464,0,0,0,0,0
2020-02-01,Contra Costa,013,1133247,0,0,0,0,0
2020-02-01,Del Norte,015,27424,0,0,0,0,0
2020-02-01,El Dorado,017,186661,0,0,0,0,0
2020-02-01,Fresno,019,978130,0,0,0,0,0
2020-02-01,Glenn,021,27897,0,0,0,0,0
2020-02-01,Humboldt,023,135768,0,0,0,0,0
2020-02-01,Imperial,025,180216,0,0,0,0,0
2020-02-01,Inyo,027,18085,0,0,0,0,0
2020-02-01,Kern,029,883053,0,0,0,0,0
2020-02-01,Kings,031,150075,0,0,0,0,0
2020-02-01,Lake,033,64148,0,0,0,0,0
2020-02-01,Lassen,035,31185,0,0,0,0,0
2020-02-01,Los Angeles,037,10098052,13,1,0,1,0
2020-02-01,Madera,039,155013,0,0,0,0,0
2020-02-01,Marin,041,260295,0,0,0,0,0
2020-02-01,Mariposa,043,17540,0,0,0,0,0
2020-02-01,Mendocino,045,87422,0,0,0,0,0
2020-02-01,Merced,047,269075,0,0,0,0,0
2020-02-01,Modoc,049,8938,0,0,0,0,0
2020-02-01,Mono,051,14174,0,0,0,0,0
2020-02-01,Monterey,053,433212,0,0,0,0,0
2020-02-01,Napa,055,140530,0,0,0,0,0
2020-02-01,Nevada,057,99092,0,0,0,0,0
2020-02-01,Orange,059,3164182,1,1,0,1,0
2020-02-01,Placer,061,380077,0,0,0,0,0
2020-02-01,Plumas,063,18699,0,0,0,0,0
2020-02-01,Riverside,065,2383286,2,0,0,0,0
2020-02-01,Sacramento,067,1510023,0,0,0,0,0
2020-02-01,San Benito,069,59416,0,0,0,0,0
2020-02-01,San Bernardino,071,2135413,1,0,0,0,0
2020-02-01,San Diego,073,3302833,0,0,0,0,0
2020-02-01,San Francisco,075,870044,1,0,0,0,0
2020-02-01,San Joaquin,077,732212,0,0,1,1,0
2020-02-01,San Luis Obispo,079,281455,0,0,0,0,0
2020-02-01,San Mateo,081,765935,0,0,0,0,0
2020-02-01,Santa Barbara,083,443738,0,0,0,0,0
2020-02-01,Santa Clara,085,1922200,2,1,0,1,0
2020-02-01,Santa Cruz,087,273765,0,0,0,0,0
2020-02-01,Shasta,089,179085,0,0,0,0,0
2020-02-01,Sierra,091,2930,0,0,0,0,0
2020-02-01,Siskiyou,093,43540,0,0,0,0,0
2020-02-01,Solano,095,438530,0,0,0,0,0
2020-02-01,Sonoma,097,501317,0,0,0,0,0
2020-02-01,Stanislaus,099,539301,0,0,0,0,0
2020-02-01,Sutter,101,95872,0,0,0,0,0
2020-02-01,Tehama,103,63373,0,0,0,0,0
2020-02-01,Trinity,105,12862,0,0,0,0,0
2020-02-01,Tulare,107,460477,1,0,0,0,0
2020-02-01,Tuolumne,109,53932,0,0,0,0,0
2020-02-01,Ventura,111,848112,0,0,0,0,0
2020-02-01,Yolo,113,214977,0,0,0,0,0
2020-02-01,Yuba,115,75493,0,0,0,0,0
