date,county,fips,population,confirmed_cases,reported_cases,probable_cases,reported_and_probable_cases,reported_deaths
2021-11-14,Alameda,001,1643700,120621,120629,3005,123634,1461
2021-11-14,Alpine,003,1148,105,105,0,105,0
2021-11-14,Amador,005,37829,5631,5632,63,5695,66
2021-11-14,Butte,007,227075,21146,21146,3877,25023,296
2021-11-14,Calaveras,009,45235,4222,4222,64,4286,83
2021-11-14,Colusa,011,21464,2531,2532,660,3192,19
2021-11-14,Contra Costa,013,1133247,100188,100188,2305,102493,1038
2021-11-14,Del Norte,015,27424,3629,3629,50,3679,42
2021-11-14,El Dorado,017,186661,16212,16212,1752,17964,159
2021-11-14,Fresno,019,978130,141870,141869,12386,154255,2209
2021-11-14,Glenn,021,27897,3521,3521,1010,4531,34
2021-11-14,Humboldt,023,135768,9213,9215,621,9836,115
2021-11-14,Imperial,025,180216,34077,34078,3406,37484,766
2021-11-14,Inyo,027,18085,2441,2441,37,2478,42
2021-11-14,Kern,029,883053,128841,128842,23007,151849,1730
2021-11-14,Kings,031,150075,32543,32545,2116,34661,349
2021-11-14,Lake,033,64148,6777,6777,149,6926,109
2021-11-14,Lassen,035,31185,6911,6911,408,7319,47
2021-11-14,Los Angeles,037,10098052,1445112,1445284,57401,1502685,26667
2021-11-14,Madera,039,155013,23566,23566,2084,25650,287
2021-11-14,Marin,041,260295,17708,17712,474,18186,247
2021-11-14,Mariposa,043,17540,1337,1337,41,1378,6
2021-11-14,Mendocino,045,87422,7684,7684,589,8273,89
2021-11-14,Merced,047,269075,42510,42513,1845,44358,648
2021-11-14,Modoc,049,8938,538,538,192,730,5
2021-11-14,Mono,051,14174,1760,1760,19,1779,4
2021-11-14,Monterey,053,433212,48135,48135,3803,51938,609
2021-11-14,Napa,055,140530,13131,13132,117,13249,103
2021-11-14,Nevada,057,99092,9403,9408,327,9735,92
2021-11-14,Orange,059,3164182,308697,308699,15592,324291,5646
2021-11-14,Placer,061,380077,37570,37569,3818,41387,452
2021-11-14,Plumas,063,18699,1829,1829,49,1878,7
2021-11-14,Riverside,065,2383286,364439,364490,17249,381739,5199
2021-11-14,Sacramento,067,1510023,160758,160761,4999,165760,2295
2021-11-14,San Benito,069,59416,7505,7507,183,7690,77
2021-11-14,San Bernardino,071,2135413,356973,357014,11610,368624,5897
2021-11-14,San Diego,073,3302833,377633,377633,21844,399477,4280
2021-11-14,San Francisco,075,870044,53330,53338,2761,56099,667
2021-11-14,San Joaquin,077,732212,100511,100518,5566,106084,1799
2021-11-14,San Luis Obispo,079,281455,29634,29645,1289,30934,352
2021-11-14,San Mateo,081,765935,53973,53978,1642,55620,576
2021-11-14,Santa Barbara,083,443738,44842,44842,1707,46549,539
2021-11-14,Santa Clara,085,1922200,148139,148152,1430,149582,1913
2021-11-14,Santa Cruz,087,273765,20609,20609,1093,21702,223
2021-11-14,Shasta,089,179085,21771,21771,3730,25501,373
2021-11-14,Sierra,091,2930,189,189,23,212,0
2021-11-14,Siskiyou,093,43540,3302,3302,1362,4664,54
2021-11-14,Solano,095,438530,45849,45860,1247,47107,351
2021-11-14,Sonoma,097,501317,41967,41974,540,42514,401
2021-11-14,Stanislaus,099,539301,80055,80076,9069,89145,1174
2021-11-14,Sutter,101,95872,14026,14031,359,14390,181
2021-11-14,Tehama,103,63373,8607,8607,1539,10146,125
2021-11-14,Trinity,105,12862,754,754,191,945,17
2021-11-14,Tulare,107,460477,68773,68772,16002,84774,1037
2021-11-14,Tuolumne,109,53932,7439,7439,103,7542,90
2021-11-14,Ventura,111,848112,98549,98550,4455,103005,1183
2021-11-14,Yolo,113,214977,20040,20040,1199,21239,255
2021-11-14,Yuba,115,75493,10236,10238,352,10590,85
2021-11-13,Alameda,001,1643700,120621,120407,3005,123412,1454
2021-11-13,Alpine,003,1148,105,105,0,105,0
2021-11-13,Amador,005,37829,5631,5614,63,5677,66
2021-11-13,Butte,007,227075,21146,21104,3877,24981,296
2021-11-13,Calaveras,009,45235,4222,4203,64,4267,83
2021-11-13,Colusa,011,21464,2531,2522,660,3182,19
2021-11-13,Contra Costa,013,1133247,100188,100004,2305,102309,1028
2021-11-13,Del Norte,015,27424,3629,3629,50,3679,42
2021-11-13,El Dorado,017,186661,16212,16163,1752,17915,159
2021-11-13,Fresno,019,978130,141870,141452,12386,153838,2205
2021-11-13,Glenn,021,27897,3521,3514,1010,4524,34
2021-11-13,Humboldt,023,135768,9213,9177,621,9798,115
2021-11-13,Imperial,025,180216,34077,33990,3406,37396,766
2021-11-13,Inyo,027,18085,2441,2436,37,2473,42
2021-11-13,Kern,029,883053,128841,128472,23007,151479,1719
2021-11-13,Kings,031,150075,32543,32452,2116,34568,347
2021-11-13,Lake,033,64148,6777,6769,149,6918,109
2021-11-13,Lassen,035,31185,6911,6897,408,7305,47
2021-11-13,Los Angeles,037,10098052,1445112,1443088,57401,1500489,26649
2021-11-13,Madera,039,155013,23566,23462,2084,25546,287
2021-11-13,Marin,041,260295,17708,17684,474,18158,247
2021-11-13,Mariposa,043,17540,1337,1323,41,1364,6
2021-11-13,Mendocino,045,87422,7684,7652,589,8241,89
2021-11-13,Merced,047,269075,42510,42411,1845,44256,644
2021-11-13,Modoc,049,8938,538,536,192,728,5
2021-11-13,Mono,051,14174,1760,1750,19,1769,4
2021-11-13,Monterey,053,433212,48135,48087,3803,51890,609
2021-11-13,Napa,055,140530,13131,13110,117,13227,103
2021-11-13,Nevada,057,99092,9403,9369,327,9696,92
2021-11-13,Orange,059,3164182,308697,308211,15592,323803,5641
2021-11-13,Placer,061,380077,37570,37453,3818,41271,445
2021-11-13,Plumas,063,18699,1829,1828,49,1877,8
2021-11-13,Riverside,065,2383286,364439,363801,17249,381050,5187
2021-11-13,Sacramento,067,1510023,160758,160397,4999,165396,2291
2021-11-13,San Benito,069,59416,7505,7491,183,7674,77
2021-11-13,San Bernardino,071,2135413,356973,356325,11610,367935,5873
2021-11-13,San Diego,073,3302833,377633,377633,21844,399477,4280
2021-11-13,San Francisco,075,870044,53330,53195,2761,55956,667
2021-11-13,San Joaquin,077,732212,100511,100263,5566,105829,1799
2021-11-13,San Luis Obispo,079,281455,29634,29589,1289,30878,351
2021-11-13,San Mateo,081,765935,53973,53853,1642,55495,574
2021-11-13,Santa Barbara,083,443738,44842,44734,1707,46441,537
2021-11-13,Santa Clara,085,1922200,148139,147821,1430,149251,1905
2021-11-13,Santa Cruz,087,273765,20609,20565,1093,21658,223
2021-11-13,Shasta,089,179085,21771,21713,3730,25443,366
2021-11-13,Sierra,091,2930,189,188,23,211,0
2021-11-13,Siskiyou,093,43540,3302,3299,1362,4661,54
2021-11-13,Solano,095,438530,45849,45774,1247,47021,350
2021-11-13,Sonoma,097,501317,41967,41882,540,42422,399
2021-11-13,Stanislaus,099,539301,80055,79872,9069,88941,1174
2021-11-13,Sutter,101,95872,14026,14017,359,14376,181
2021-11-13,Tehama,103,63373,8607,8592,1539,10131,125
2021-11-13,Trinity,105,12862,754,749,191,940,17
2021-11-13,Tulare,107,460477,68773,68619,16002,84621,1033
2021-11-13,Tuolumne,109,53932,7439,7392,103,7495,90
2021-11-13,Ventura,111,848112,98549,98452,4455,102907,1183
2021-11-13,Yolo,113,214977,20040,20009,1199,21208,255
2021-11-13,Yuba,115,75493,10236,10218,352,10570,85
2021-11-12,Alameda,001,1643700,120615,120407,3005,123412,1454
2021-11-12,Alpine,003,1148,105,105,0,105,0
2021-11-12,Amador,005,37829,5627,5614,63,5677,66
2021-11-12,Butte,007,227075,21146,21104,3877,24981,296
2021-11-12,Calaveras,009,45235,4221,4203,64,4267,83
2021-11-12,Colusa,011,21464,2530,2522,660,3182,19
2021-11-12,Contra Costa,013,1133247,100183,100004,2305,102309,1028
2021-11-12,Del Norte,015,27424,3629,3629,50,3679,42
2021-11-12,El Dorado,017,186661,16209,16163,1752,17915,159
2021-11-12,Fresno,019,978130,141851,141452,12386,153838,2205
2021-11-12,Glenn,021,27897,3520,3514,1010,4524,34
2021-11-12,Humboldt,023,135768,9211,9177,621,9798,115
2021-11-12,Imperial,025,180216,34074,33990,3406,37396,766
2021-11-12,Inyo,027,18085,2440,2436,37,2473,42
2021-11-12,Kern,029,883053,128792,128472,23007,151479,1719
2021-11-12,Kings,031,150075,32539,32452,2116,34568,347
2021-11-12,Lake,033,64148,6777,6769,149,6918,109
2021-11-12,Lassen,035,31185,6911,6897,408,7305,47
2021-11-12,Los Angeles,037,10098052,1445079,1443088,57401,1500489,26649
2021-11-12,Madera,039,155013,23564,23462,2084,25546,287
2021-11-12,Marin,041,260295,17706,17684,474,18158,247
2021-11-12,Mariposa,043,17540,1336,1323,41,1364,6
2021-11-12,Mendocino,045,87422,7684,7652,589,8241,89
2021-11-12,Merced,047,269075,42507,42411,1845,44256,644
2021-11-12,Modoc,049,8938,538,536,192,728,5
2021-11-12,Mono,051,14174,1760,1750,19,1769,4
2021-11-12,Monterey,053,433212,48135,48087,3803,51890,609
2021-11-12,Napa,055,140530,13131,13110,117,13227,103
2021-11-12,Nevada,057,99092,9402,9369,327,9696,92
2021-11-12,Orange,059,3164182,308666,308211,15592,323803,5641
2021-11-12,Placer,061,380077,37565,37453,3818,41271,445
2021-11-12,Plumas,063,18699,1827,1828,49,1877,8
2021-11-12,Riverside,065,2383286,364429,363801,17249,381050,5187
2021-11-12,Sacramento,067,1510023,160745,160397,4999,165396,2291
2021-11-12,San Benito,069,59416,7505,7491,183,7674,77
2021-11-12,San Bernardino,071,2135413,356935,356325,11610,367935,5873
2021-11-12,San Diego,073,3302833,377633,377633,21844,399477,4280
2021-11-12,San Francisco,075,870044,53328,53195,2761,55956,667
2021-11-12,San Joaquin,077,732212,100503,100263,5566,105829,1799
2021-11-12,San Luis Obispo,079,281455,29630,29589,1289,30878,351
2021-11-12,San Mateo,081,765935,53971,53853,1642,55495,574
2021-11-12,Santa Barbara,083,443738,44829,44734,1707,46441,537
2021-11-12,Santa Clara,085,1922200,148130,147821,1430,149251,1905
2021-11-12,Santa Cruz,087,273765,20608,20565,1093,21658,223
2021-11-12,Shasta,089,179085,21771,21713,3730,25443,366
2021-11-12,Sierra,091,2930,189,188,23,211,0
2021-11-12,Siskiyou,093,43540,3302,3299,1362,4661,54
2021-11-12,Solano,095,438530,45847,45774,1247,47021,350
2021-11-12,Sonoma,097,501317,41965,41882,540,42422,399
2021-11-12,Stanislaus,099,539301,80040,79872,9069,88941,1174
2021-11-12,Sutter,101,95872,14025,14017,359,14376,181
2021-11-12,Tehama,103,63373,8607,8592,1539,10131,125
2021-11-12,Trinity,105,12862,754,749,191,940,17
2021-11-12,Tulare,107,460477,68761,68619,16002,84621,1033
2021-11-12,Tuolumne,109,53932,7430,7392,103,7495,90
2021-11-12,Ventura,111,848112,98545,98452,4455,102907,1183
2021-11-12,Yolo,113,214977,20040,20009,1199,21208,255
2021-11-12,Yuba,115,75493,10233,10218,352,10570,85
2021-11-11,Alameda,001,1643700,120539,120147,3005,123152,1453
2021-11-11,Alpine,003,1148,105,105,0,105,0
2021-11-11,Amador,005,37829,5622,5603,63,5666,66
2021-11-11,Butte,007,227075,21135,21047,3877,24924,293
2021-11-11,Calaveras,009,45235,4214,4179,64,4243,83
2021-11-11,Colusa,011,21464,2529,2518,660,3178,19
2021-11-11,Contra Costa,013,1133247,100131,99808,2305,102113,1028
2021-11-11,Del Norte,015,27424,3629,3622,50,3672,42
2021-11-11,El Dorado,017,186661,16183,16085,1752,17837,159
2021-11-11,Fresno,019,978130,141743,140833,12386,153219,2202
2021-11-11,Glenn,021,27897,3520,3503,1010,4513,34
2021-11-11,Humboldt,023,135768,9207,9125,621,9746,115
2021-11-11,Imperial,025,180216,34041,33844,3406,37250,766
2021-11-11,Inyo,027,18085,2439,2428,37,2465,42
2021-11-11,Kern,029,883053,128741,128023,23007,151030,1709
2021-11-11,Kings,031,150075,32523,32318,2116,34434,345
2021-11-11,Lake,033,64148,6775,6745,149,6894,107
2021-11-11,Lassen,035,31185,6910,6875,408,7283,47
2021-11-11,Los Angeles,037,10098052,1444499,1440436,57401,1497837,26614
2021-11-11,Madera,039,155013,23530,23316,2084,25400,287
2021-11-11,Marin,041,260295,17695,17639,474,18113,247
2021-11-11,Mariposa,043,17540,1335,1317,41,1358,6
2021-11-11,Mendocino,045,87422,7677,7612,589,8201,89
2021-11-11,Merced,047,269075,42492,42292,1845,44137,643
2021-11-11,Modoc,049,8938,538,536,192,728,5
2021-11-11,Mono,051,14174,1752,1743,19,1762,4
2021-11-11,Monterey,053,433212,48122,48008,3803,51811,609
2021-11-11,Napa,055,140530,13129,13075,117,13192,103
2021-11-11,Nevada,057,99092,9394,9308,327,9635,92
2021-11-11,Orange,059,3164182,308538,307674,15592,323266,5633
2021-11-11,Placer,061,380077,37539,37333,3818,41151,440
2021-11-11,Plumas,063,18699,1826,1814,49,1863,7
2021-11-11,Riverside,065,2383286,364221,362930,17249,380179,5175
2021-11-11,Sacramento,067,1510023,160647,159962,4999,164961,2289
2021-11-11,San Benito,069,59416,7500,7473,183,7656,76
2021-11-11,San Bernardino,071,2135413,356660,355413,11610,367023,5849
2021-11-11,San Diego,073,3302833,377633,376428,21844,398272,4272
2021-11-11,San Francisco,075,870044,53300,53063,2761,55824,666
2021-11-11,San Joaquin,077,732212,100463,99937,5566,105503,1799
2021-11-11,San Luis Obispo,079,281455,29620,29532,1289,30821,351
2021-11-11,San Mateo,081,765935,53934,53722,1642,55364,574
2021-11-11,Santa Barbara,083,443738,44805,44603,1707,46310,534
2021-11-11,Santa Clara,085,1922200,148009,147458,1430,148888,1901
2021-11-11,Santa Cruz,087,273765,20600,20479,1093,21572,222
2021-11-11,Shasta,089,179085,21768,21600,3730,25330,364
2021-11-11,Sierra,091,2930,188,186,23,209,0
2021-11-11,Siskiyou,093,43540,3302,3297,1362,4659,53
2021-11-11,Solano,095,438530,45826,45679,1247,46926,350
2021-11-11,Sonoma,097,501317,41935,41774,540,42314,395
2021-11-11,Stanislaus,099,539301,80006,79570,9069,88639,1166
2021-11-11,Sutter,101,95872,14022,13993,359,14352,181
2021-11-11,Tehama,103,63373,8605,8565,1539,10104,125
2021-11-11,Trinity,105,12862,754,748,191,939,17
2021-11-11,Tulare,107,460477,68728,68367,16002,84369,1028
2021-11-11,Tuolumne,109,53932,7420,7354,103,7457,90
2021-11-11,Ventura,111,848112,98509,98297,4455,102752,1182
2021-11-11,Yolo,113,214977,20034,19946,1199,21145,255
2021-11-11,Yuba,115,75493,10230,10191,352,10543,85
2021-11-10,Alameda,001,1643700,120459,120147,3005,123152,1453
2021-11-10,Alpine,003,1148,105,105,0,105,0
2021-11-10,Amador,005,37829,5619,5603,63,5666,66
2021-11-10,Butte,007,227075,21124,21047,3877,24924,293
2021-11-10,Calaveras,009,45235,4211,4179,64,4243,83
2021-11-10,Colusa,011,21464,2527,2518,660,3178,19
2021-11-10,Contra Costa,013,1133247,100060,99808,2305,102113,1028
2021-11-10,Del Norte,015,27424,3629,3622,50,3672,42
2021-11-10,El Dorado,017,186661,16168,16085,1752,17837,159
2021-11-10,Fresno,019,978130,141617,140833,12386,153219,2202
2021-11-10,Glenn,021,27897,3516,3503,1010,4513,34
2021-11-10,Humboldt,023,135768,9197,9125,621,9746,115
2021-11-10,Imperial,025,180216,33996,33844,3406,37250,766
2021-11-10,Inyo,027,18085,2437,2428,37,2465,42
2021-11-10,Kern,029,883053,128648,128023,23007,151030,1709
2021-11-10,Kings,031,150075,32508,32318,2116,34434,345
2021-11-10,Lake,033,64148,6770,6745,149,6894,107
2021-11-10,Lassen,035,31185,6907,6875,408,7283,47
2021-11-10,Los Angeles,037,10098052,1443701,1440436,57401,1497837,26614
2021-11-10,Madera,039,155013,23506,23316,2084,25400,287
2021-11-10,Marin,041,260295,17691,17639,474,18113,247
2021-11-10,Mariposa,043,17540,1333,1317,41,1358,6
2021-11-10,Mendocino,045,87422,7674,7612,589,8201,89
2021-11-10,Merced,047,269075,42476,42292,1845,44137,643
2021-11-10,Modoc,049,8938,538,536,192,728,5
2021-11-10,Mono,051,14174,1751,1743,19,1762,4
2021-11-10,Monterey,053,433212,48112,48008,3803,51811,609
2021-11-10,Napa,055,140530,13117,13075,117,13192,103
2021-11-10,Nevada,057,99092,9391,9308,327,9635,92
2021-11-10,Orange,059,3164182,308338,307674,15592,323266,5633
2021-11-10,Placer,061,380077,37501,37333,3818,41151,440
2021-11-10,Plumas,063,18699,1824,1814,49,1863,7
2021-11-10,Riverside,065,2383286,363963,362930,17249,380179,5175
2021-11-10,Sacramento,067,1510023,160526,159962,4999,164961,2289
2021-11-10,San Benito,069,59416,7491,7473,183,7656,76
2021-11-10,San Bernardino,071,2135413,356463,355413,11610,367023,5849
2021-11-10,San Diego,073,3302833,377602,376428,21844,398272,4272
2021-11-10,San Francisco,075,870044,53237,53063,2761,55824,666
2021-11-10,San Joaquin,077,732212,100364,99937,5566,105503,1799
2021-11-10,San Luis Obispo,079,281455,29615,29532,1289,30821,351
2021-11-10,San Mateo,081,765935,53898,53722,1642,55364,574
2021-11-10,Santa Barbara,083,443738,44787,44603,1707,46310,534
2021-11-10,Santa Clara,085,1922200,147919,147458,1430,148888,1901
2021-11-10,Santa Cruz,087,273765,20589,20479,1093,21572,222
2021-11-10,Shasta,089,179085,21740,21600,3730,25330,364
2021-11-10,Sierra,091,2930,188,186,23,209,0
2021-11-10,Siskiyou,093,43540,3302,3297,1362,4659,53
2021-11-10,Solano,095,438530,45798,45679,1247,46926,350
2021-11-10,Sonoma,097,501317,41904,41774,540,42314,395
2021-11-10,Stanislaus,099,539301,79930,79570,9069,88639,1166
2021-11-10,Sutter,101,95872,14017,13993,359,14352,181
2021-11-10,Tehama,103,63373,8603,8565,1539,10104,125
2021-11-10,Trinity,105,12862,754,748,191,939,17
2021-11-10,Tulare,107,460477,68683,68367,16002,84369,1028
2021-11-10,Tuolumne,109,53932,7414,7354,103,7457,90
2021-11-10,Ventura,111,848112,98479,98297,4455,102752,1182
2021-11-10,Yolo,113,214977,20021,19946,1199,21145,255
2021-11-10,Yuba,115,75493,10221,10191,352,10543,85
2021-11-09,Alameda,001,1643700,120343,120051,3005,123056,1450
2021-11-09,Alpine,003,1148,105,105,0,105,0
2021-11-09,Amador,005,37829,5614,5596,63,5659,66
2021-11-09,Butte,007,227075,21104,21022,3877,24899,291
2021-11-09,Calaveras,009,45235,4205,4174,64,4238,84
2021-11-09,Colusa,011,21464,2524,2517,660,3177,19
2021-11-09,Contra Costa,013,1133247,99973,99732,2305,102037,1028
2021-11-09,Del Norte,015,27424,3628,3620,50,3670,42
2021-11-09,El Dorado,017,186661,16145,16073,1752,17825,160
2021-11-09,Fresno,019,978130,141392,140666,12386,153052,2188
2021-11-09,Glenn,021,27897,3510,3499,1010,4509,34
2021-11-09,Humboldt,023,135768,9176,9112,621,9733,115
2021-11-09,Imperial,025,180216,33939,33751,3406,37157,766
2021-11-09,Inyo,027,18085,2434,2404,37,2441,42
2021-11-09,Kern,029,883053,128473,127901,23007,150908,1694
2021-11-09,Kings,031,150075,32462,32279,2116,34395,344
2021-11-09,Lake,033,64148,6763,6743,149,6892,106
2021-11-09,Lassen,035,31185,6897,6846,408,7254,47
2021-11-09,Los Angeles,037,10098052,1442580,1439125,57401,1496526,26581
2021-11-09,Madera,039,155013,23464,23285,2084,25369,287
2021-11-09,Marin,041,260295,17678,17630,474,18104,247
2021-11-09,Mariposa,043,17540,1326,1317,41,1358,5
2021-11-09,Mendocino,045,87422,7660,7598,589,8187,85
2021-11-09,Merced,047,269075,42433,42251,1845,44096,613
2021-11-09,Modoc,049,8938,538,536,192,728,5
2021-11-09,Mono,051,14174,1748,1738,19,1757,4
2021-11-09,Monterey,053,433212,48083,47975,3803,51778,609
2021-11-09,Napa,055,140530,13100,13051,117,13168,103
2021-11-09,Nevada,057,99092,9375,9288,327,9615,92
2021-11-09,Orange,059,3164182,308099,307412,15592,323004,5621
2021-11-09,Placer,061,380077,37464,37291,3818,41109,440
2021-11-09,Plumas,063,18699,1822,1802,49,1851,7
2021-11-09,Riverside,065,2383286,363594,362557,17249,379806,5160
2021-11-09,Sacramento,067,1510023,160342,159856,4999,164855,2286
2021-11-09,San Benito,069,59416,7482,7471,183,7654,76
2021-11-09,San Bernardino,071,2135413,356216,354972,11610,366582,5839
2021-11-09,San Diego,073,3302833,377382,375997,21844,397841,4272
2021-11-09,San Francisco,075,870044,53184,52996,2761,55757,666
2021-11-09,San Joaquin,077,732212,100218,99848,5566,105414,1794
2021-11-09,San Luis Obispo,079,281455,29586,29488,1289,30777,350
2021-11-09,San Mateo,081,765935,53855,53697,1642,55339,574
2021-11-09,Santa Barbara,083,443738,44723,44579,1707,46286,533
2021-11-09,Santa Clara,085,1922200,147804,147281,1430,148711,1901
2021-11-09,Santa Cruz,087,273765,20556,20463,1093,21556,222
2021-11-09,Shasta,089,179085,21700,21558,3730,25288,364
2021-11-09,Sierra,091,2930,188,186,23,209,0
2021-11-09,Siskiyou,093,43540,3302,3295,1362,4657,52
2021-11-09,Solano,095,438530,45755,45639,1247,46886,350
2021-11-09,Sonoma,097,501317,41852,41727,540,42267,395
2021-11-09,Stanislaus,099,539301,79844,79505,9069,88574,1165
2021-11-09,Sutter,101,95872,14004,13988,359,14347,180
2021-11-09,Tehama,103,63373,8590,8555,1539,10094,125
2021-11-09,Trinity,105,12862,753,746,191,937,17
2021-11-09,Tulare,107,460477,68590,68298,16002,84300,1024
2021-11-09,Tuolumne,109,53932,7400,7347,103,7450,90
2021-11-09,Ventura,111,848112,98423,98202,4455,102657,1182
2021-11-09,Yolo,113,214977,20003,19931,1199,21130,255
2021-11-09,Yuba,115,75493,10202,10175,352,10527,85
2021-11-08,Alameda,001,1643700,120229,119983,3005,122988,1447
2021-11-08,Alpine,003,1148,105,105,0,105,0
2021-11-08,Amador,005,37829,5611,5590,63,5653,66
2021-11-08,Butte,007,227075,21082,21000,3877,24877,288
2021-11-08,Calaveras,009,45235,4193,4166,64,4230,82
2021-11-08,Colusa,011,21464,2522,2514,656,3170,19
2021-11-08,Contra Costa,013,1133247,99895,99669,2305,101974,1028
2021-11-08,Del Norte,015,27424,3624,3619,50,3669,42
2021-11-08,El Dorado,017,186661,16124,16055,1751,17806,156
2021-11-08,Fresno,019,978130,141121,140466,12386,152852,2179
2021-11-08,Glenn,021,27897,3507,3496,1010,4506,34
2021-11-08,Humboldt,023,135768,9156,9095,618,9713,109
2021-11-08,Imperial,025,180216,33868,33690,3406,37096,766
2021-11-08,Inyo,027,18085,2431,2398,37,2435,41
2021-11-08,Kern,029,883053,128296,127722,23007,150729,1692
2021-11-08,Kings,031,150075,32426,32248,2114,34362,344
2021-11-08,Lake,033,64148,6761,6737,149,6886,106
2021-11-08,Lassen,035,31185,6882,6830,408,7238,46
2021-11-08,Los Angeles,037,10098052,1441430,1438322,57385,1495707,26575
2021-11-08,Madera,039,155013,23402,23253,2084,25337,287
2021-11-08,Marin,041,260295,17663,17617,472,18089,247
2021-11-08,Mariposa,043,17540,1320,1316,41,1357,5
2021-11-08,Mendocino,045,87422,7649,7581,589,8170,85
2021-11-08,Merced,047,269075,42360,42224,1840,44064,607
2021-11-08,Modoc,049,8938,537,529,192,721,5
2021-11-08,Mono,051,14174,1742,1739,19,1758,4
2021-11-08,Monterey,053,433212,48065,47942,3801,51743,602
2021-11-08,Napa,055,140530,13084,13045,117,13162,103
2021-11-08,Nevada,057,99092,9361,9278,327,9605,92
2021-11-08,Orange,059,3164182,307860,307156,15592,322748,5616
2021-11-08,Placer,061,380077,37425,37250,3818,41068,439
2021-11-08,Plumas,063,18699,1821,1788,49,1837,7
2021-11-08,Riverside,065,2383286,363216,362201,17244,379445,5152
2021-11-08,Sacramento,067,1510023,160158,159735,4999,164734,2275
2021-11-08,San Benito,069,59416,7480,7461,183,7644,75
2021-11-08,San Bernardino,071,2135413,355864,354741,11607,366348,5836
2021-11-08,San Diego,073,3302833,376953,375557,21822,397379,4259
2021-11-08,San Francisco,075,870044,53150,52942,2761,55703,666
2021-11-08,San Joaquin,077,732212,100122,99736,5565,105301,1794
2021-11-08,San Luis Obispo,079,281455,29543,29464,1289,30753,350
2021-11-08,San Mateo,081,765935,53794,53658,1642,55300,574
2021-11-08,Santa Barbara,083,443738,44681,44548,1707,46255,532
2021-11-08,Santa Clara,085,1922200,147634,147183,1430,148613,1899
2021-11-08,Santa Cruz,087,273765,20534,20435,1093,21528,222
2021-11-08,Shasta,089,179085,21657,21504,3728,25232,354
2021-11-08,Sierra,091,2930,187,183,23,206,0
2021-11-08,Siskiyou,093,43540,3299,3290,1356,4646,50
2021-11-08,Solano,095,438530,45721,45613,1247,46860,350
2021-11-08,Sonoma,097,501317,41795,41669,540,42209,395
2021-11-08,Stanislaus,099,539301,79714,79417,9061,88478,1150
2021-11-08,Sutter,101,95872,13999,13976,358,14334,180
2021-11-08,Tehama,103,63373,8581,8534,1539,10073,123
2021-11-08,Trinity,105,12862,753,743,191,934,13
2021-11-08,Tulare,107,460477,68485,68199,16002,84201,1020
2021-11-08,Tuolumne,109,53932,7388,7328,103,7431,90
2021-11-08,Ventura,111,848112,98342,98144,4455,102599,1182
2021-11-08,Yolo,113,214977,19968,19916,1199,21115,255
2021-11-08,Yuba,115,75493,10190,10172,351,10523,83
2021-11-07,Alameda,001,1643700,120122,119902,3000,122902,1444
2021-11-07,Alpine,003,1148,105,105,0,105,0
2021-11-07,Amador,005,37829,5607,5580,63,5643,66
2021-11-07,Butte,007,227075,21054,20969,3868,24837,288
2021-11-07,Calaveras,009,45235,4175,4158,61,4219,82
2021-11-07,Colusa,011,21464,2520,2511,655,3166,19
2021-11-07,Contra Costa,013,1133247,99802,99596,2303,101899,1028
2021-11-07,Del Norte,015,27424,3623,3617,50,3667,42
2021-11-07,El Dorado,017,186661,16090,16040,1748,17788,156
2021-11-07,Fresno,019,978130,140789,140263,12367,152630,2179
2021-11-07,Glenn,021,27897,3500,3493,1010,4503,34
2021-11-07,Humboldt,023,135768,9136,9074,612,9686,109
2021-11-07,Imperial,025,180216,33805,33674,3389,37063,766
2021-11-07,Inyo,027,18085,2419,2394,37,2431,41
2021-11-07,Kern,029,883053,128080,127583,22994,150577,1692
2021-11-07,Kings,031,150075,32348,32221,2107,34328,343
2021-11-07,Lake,033,64148,6749,6734,148,6882,106
2021-11-07,Lassen,035,31185,6875,6819,404,7223,46
2021-11-07,Los Angeles,037,10098052,1440212,1437314,57319,1494633,26573
2021-11-07,Madera,039,155013,23350,23225,2079,25304,287
2021-11-07,Marin,041,260295,17648,17594,468,18062,247
2021-11-07,Mariposa,043,17540,1318,1306,41,1347,5
2021-11-07,Mendocino,045,87422,7624,7567,582,8149,85
2021-11-07,Merced,047,269075,42287,42186,1821,44007,607
2021-11-07,Modoc,049,8938,533,528,191,719,5
2021-11-07,Mono,051,14174,1738,1739,19,1758,4
2021-11-07,Monterey,053,433212,48040,47924,3795,51719,602
2021-11-07,Napa,055,140530,13071,13041,117,13158,103
2021-11-07,Nevada,057,99092,9322,9254,326,9580,92
2021-11-07,Orange,059,3164182,307645,306954,15566,322520,5616
2021-11-07,Placer,061,380077,37363,37202,3814,41016,439
2021-11-07,Plumas,063,18699,1814,1787,46,1833,7
2021-11-07,Riverside,065,2383286,362815,361960,17227,379187,5152
2021-11-07,Sacramento,067,1510023,159934,159549,4952,164501,2277
2021-11-07,San Benito,069,59416,7467,7460,183,7643,75
2021-11-07,San Bernardino,071,2135413,355515,354488,11588,366076,5832
2021-11-07,San Diego,073,3302833,376507,375165,21798,396963,4250
2021-11-07,San Francisco,075,870044,53095,52868,2749,55617,666
2021-11-07,San Joaquin,077,732212,99957,99696,5557,105253,1794
2021-11-07,San Luis Obispo,079,281455,29487,29454,1282,30736,350
2021-11-07,San Mateo,081,765935,53746,53600,1642,55242,574
2021-11-07,Santa Barbara,083,443738,44633,44501,1707,46208,532
2021-11-07,Santa Clara,085,1922200,147476,147054,1423,148477,1898
2021-11-07,Santa Cruz,087,273765,20493,20397,1092,21489,222
2021-11-07,Shasta,089,179085,21605,21479,3718,25197,354
2021-11-07,Sierra,091,2930,186,183,23,206,0
2021-11-07,Siskiyou,093,43540,3297,3289,1353,4642,51
2021-11-07,Solano,095,438530,45685,45582,1244,46826,350
2021-11-07,Sonoma,097,501317,41761,41630,539,42169,395
2021-11-07,Stanislaus,099,539301,79583,79351,9044,88395,1150
2021-11-07,Sutter,101,95872,13990,13964,355,14319,180
2021-11-07,Tehama,103,63373,8563,8528,1538,10066,121
2021-11-07,Trinity,105,12862,752,742,191,933,13
2021-11-07,Tulare,107,460477,68352,68145,15953,84098,1020
2021-11-07,Tuolumne,109,53932,7375,7300,98,7398,90
2021-11-07,Ventura,111,848112,98240,98085,4449,102534,1182
2021-11-07,Yolo,113,214977,19948,19899,1198,21097,255
2021-11-07,Yuba,115,75493,10180,10162,346,10508,83
2021-11-06,Alameda,001,1643700,120078,119499,2991,122490,1436
2021-11-06,Alpine,003,1148,105,105,0,105,0
2021-11-06,Amador,005,37829,5604,5557,63,5620,66
2021-11-06,Butte,007,227075,21038,20796,3866,24662,288
2021-11-06,Calaveras,009,45235,4171,4105,61,4166,82
2021-11-06,Colusa,011,21464,2519,2501,654,3155,19
2021-11-06,Contra Costa,013,1133247,99757,99282,2300,101582,1025
2021-11-06,Del Norte,015,27424,3620,3607,50,3657,42
2021-11-06,El Dorado,017,186661,16083,15958,1747,17705,156
2021-11-06,Fresno,019,978130,140703,139249,12364,151613,2170
2021-11-06,Glenn,021,27897,3500,3479,1010,4489,33
2021-11-06,Humboldt,023,135768,9126,8972,612,9584,109
2021-11-06,Imperial,025,180216,33765,33471,3389,36860,766
2021-11-06,Inyo,027,18085,2414,2353,37,2390,41
2021-11-06,Kern,029,883053,127989,126848,22987,149835,1684
2021-11-06,Kings,031,150075,32325,32018,2104,34122,342
2021-11-06,Lake,033,64148,6748,6695,148,6843,106
2021-11-06,Lassen,035,31185,6871,6796,404,7200,46
2021-11-06,Los Angeles,037,10098052,1439639,1433081,57288,1490369,26533
2021-11-06,Madera,039,155013,23327,22994,2072,25066,287
2021-11-06,Marin,041,260295,17632,17520,466,17986,247
2021-11-06,Mariposa,043,17540,1318,1282,41,1323,5
2021-11-06,Mendocino,045,87422,7609,7486,582,8068,85
2021-11-06,Merced,047,269075,42272,41958,1816,43774,604
2021-11-06,Modoc,049,8938,533,523,191,714,5
2021-11-06,Mono,051,14174,1737,1725,19,1744,4
2021-11-06,Monterey,053,433212,48021,47830,3790,51620,602
2021-11-06,Napa,055,140530,13067,12950,117,13067,103
2021-11-06,Nevada,057,99092,9309,9169,326,9495,91
2021-11-06,Orange,059,3164182,307521,306049,15547,321596,5611
2021-11-06,Placer,061,380077,37339,36967,3811,40778,438
2021-11-06,Plumas,063,18699,1811,1755,46,1801,7
2021-11-06,Riverside,065,2383286,362588,360584,17224,377808,5138
2021-11-06,Sacramento,067,1510023,159862,158766,4943,163709,2263
2021-11-06,San Benito,069,59416,7461,7429,183,7612,75
2021-11-06,San Bernardino,071,2135413,355333,353142,11584,364726,5813
2021-11-06,San Diego,073,3302833,376275,373423,21790,395213,4246
2021-11-06,San Francisco,075,870044,53053,52556,2746,55302,666
2021-11-06,San Joaquin,077,732212,99911,99372,5554,104926,1782
2021-11-06,San Luis Obispo,079,281455,29474,29335,1278,30613,350
2021-11-06,San Mateo,081,765935,53730,53442,1637,55079,574
2021-11-06,Santa Barbara,083,443738,44603,44301,1706,46007,532
2021-11-06,Santa Clara,085,1922200,147358,146519,1421,147940,1894
2021-11-06,Santa Cruz,087,273765,20478,20311,1092,21403,222
2021-11-06,Shasta,089,179085,21592,21281,3717,24998,349
2021-11-06,Sierra,091,2930,186,181,23,204,0
2021-11-06,Siskiyou,093,43540,3297,3279,1353,4632,48
2021-11-06,Solano,095,438530,45663,45465,1244,46709,350
2021-11-06,Sonoma,097,501317,41722,41398,539,41937,395
2021-11-06,Stanislaus,099,539301,79526,78902,9042,87944,1193
2021-11-06,Sutter,101,95872,13986,13908,355,14263,180
2021-11-06,Tehama,103,63373,8553,8474,1538,10012,120
2021-11-06,Trinity,105,12862,751,732,191,923,11
2021-11-06,Tulare,107,460477,68320,67767,15935,83702,1010
2021-11-06,Tuolumne,109,53932,7368,7245,98,7343,90
2021-11-06,Ventura,111,848112,98179,97770,4447,102217,1180
2021-11-06,Yolo,113,214977,19934,19827,1194,21021,255
2021-11-06,Yuba,115,75493,10175,10107,346,10453,83
2021-11-05,Alameda,001,1643700,120018,119499,2990,122489,1436
2021-11-05,Alpine,003,1148,105,105,0,105,0
2021-11-05,Amador,005,37829,5600,5557,63,5620,66
2021-11-05,Butte,007,227075,21029,20796,3865,24661,288
2021-11-05,Calaveras,009,45235,4169,4105,61,4166,82
2021-11-05,Colusa,011,21464,2519,2501,654,3155,19
2021-11-05,Contra Costa,013,1133247,99702,99282,2299,101581,1025
2021-11-05,Del Norte,015,27424,3618,3607,50,3657,42
2021-11-05,El Dorado,017,186661,16077,15958,1745,17703,156
2021-11-05,Fresno,019,978130,140551,139249,12361,151610,2170
2021-11-05,Glenn,021,27897,3499,3479,1010,4489,33
2021-11-05,Humboldt,023,135768,9116,8972,612,9584,109
2021-11-05,Imperial,025,180216,33744,33471,3389,36860,766
2021-11-05,Inyo,027,18085,2409,2353,37,2390,41
2021-11-05,Kern,029,883053,127895,126848,22972,149820,1684
2021-11-05,Kings,031,150075,32305,32018,2104,34122,342
2021-11-05,Lake,033,64148,6745,6695,148,6843,106
2021-11-05,Lassen,035,31185,6869,6796,404,7200,46
2021-11-05,Los Angeles,037,10098052,1438985,1433081,57256,1490337,26533
2021-11-05,Madera,039,155013,23307,22994,2070,25064,287
2021-11-05,Marin,041,260295,17613,17520,466,17986,247
2021-11-05,Mariposa,043,17540,1315,1282,41,1323,5
2021-11-05,Mendocino,045,87422,7600,7486,582,8068,85
2021-11-05,Merced,047,269075,42255,41958,1816,43774,604
2021-11-05,Modoc,049,8938,533,523,191,714,5
2021-11-05,Mono,051,14174,1737,1725,19,1744,4
2021-11-05,Monterey,053,433212,48001,47830,3785,51615,602
2021-11-05,Napa,055,140530,13049,12950,117,13067,103
2021-11-05,Nevada,057,99092,9300,9169,326,9495,91
2021-11-05,Orange,059,3164182,307373,306049,15526,321575,5611
2021-11-05,Placer,061,380077,37317,36967,3803,40770,438
2021-11-05,Plumas,063,18699,1805,1755,46,1801,7
2021-11-05,Riverside,065,2383286,362334,360584,17213,377797,5138
2021-11-05,Sacramento,067,1510023,159753,158766,4930,163696,2263
2021-11-05,San Benito,069,59416,7459,7429,182,7611,75
2021-11-05,San Bernardino,071,2135413,355085,353142,11577,364719,5813
2021-11-05,San Diego,073,3302833,376004,373423,21783,395206,4246
2021-11-05,San Francisco,075,870044,53009,52556,2742,55298,666
2021-11-05,San Joaquin,077,732212,99864,99372,5544,104916,1782
2021-11-05,San Luis Obispo,079,281455,29465,29335,1278,30613,350
2021-11-05,San Mateo,081,765935,53696,53442,1635,55077,574
2021-11-05,Santa Barbara,083,443738,44567,44301,1706,46007,532
2021-11-05,Santa Clara,085,1922200,147241,146519,1419,147938,1894
2021-11-05,Santa Cruz,087,273765,20459,20311,1091,21402,222
2021-11-05,Shasta,089,179085,21572,21281,3712,24993,349
2021-11-05,Sierra,091,2930,186,181,23,204,0
2021-11-05,Siskiyou,093,43540,3297,3279,1351,4630,48
2021-11-05,Solano,095,438530,45631,45465,1243,46708,350
2021-11-05,Sonoma,097,501317,41695,41398,539,41937,395
2021-11-05,Stanislaus,099,539301,79477,78902,9038,87940,1193
2021-11-05,Sutter,101,95872,13978,13908,354,14262,180
2021-11-05,Tehama,103,63373,8547,8474,1537,10011,120
2021-11-05,Trinity,105,12862,751,732,191,923,11
2021-11-05,Tulare,107,460477,68275,67767,15905,83672,1010
2021-11-05,Tuolumne,109,53932,7357,7245,98,7343,90
2021-11-05,Ventura,111,848112,98139,97770,4445,102215,1180
2021-11-05,Yolo,113,214977,19926,19827,1194,21021,255
2021-11-05,Yuba,115,75493,10168,10107,345,10452,83
2021-11-04,Alameda,001,1643700,119932,119499,2985,122484,1436
2021-11-04,Alpine,003,1148,105,105,0,105,0
2021-11-04,Amador,005,37829,5595,5557,63,5620,66
2021-11-04,Butte,007,227075,20992,20796,3859,24655,288
2021-11-04,Calaveras,009,45235,4156,4105,59,4164,82
2021-11-04,Colusa,011,21464,2514,2501,654,3155,19
2021-11-04,Contra Costa,013,1133247,99622,99282,2294,101576,1025
2021-11-04,Del Norte,015,27424,3615,3607,50,3657,42
2021-11-04,El Dorado,017,186661,16062,15958,1744,17702,156
2021-11-04,Fresno,019,978130,140294,139249,12356,151605,2170
2021-11-04,Glenn,021,27897,3495,3479,1009,4488,33
2021-11-04,Humboldt,023,135768,9098,8972,610,9582,109
2021-11-04,Imperial,025,180216,33695,33471,3386,36857,766
2021-11-04,Inyo,027,18085,2403,2353,37,2390,41
2021-11-04,Kern,029,883053,127716,126848,22948,149796,1684
2021-11-04,Kings,031,150075,32230,32018,2099,34117,342
2021-11-04,Lake,033,64148,6739,6695,146,6841,106
2021-11-04,Lassen,035,31185,6860,6796,401,7197,46
2021-11-04,Los Angeles,037,10098052,1437829,1433081,57195,1490276,26533
2021-11-04,Madera,039,155013,23266,22994,2059,25053,287
2021-11-04,Marin,041,260295,17603,17520,465,17985,247
2021-11-04,Mariposa,043,17540,1308,1282,41,1323,5
2021-11-04,Mendocino,045,87422,7588,7486,577,8063,85
2021-11-04,Merced,047,269075,42207,41958,1813,43771,604
2021-11-04,Modoc,049,8938,532,523,191,714,5
2021-11-04,Mono,051,14174,1734,1725,19,1744,4
2021-11-04,Monterey,053,433212,47967,47830,3768,51598,602
2021-11-04,Napa,055,140530,13033,12950,116,13066,103
2021-11-04,Nevada,057,99092,9273,9169,322,9491,91
2021-11-04,Orange,059,3164182,307164,306049,15513,321562,5611
2021-11-04,Placer,061,380077,37261,36967,3794,40761,438
2021-11-04,Plumas,063,18699,1798,1755,44,1799,7
2021-11-04,Riverside,065,2383286,362017,360584,17207,377791,5138
2021-11-04,Sacramento,067,1510023,159535,158766,4906,163672,2263
2021-11-04,San Benito,069,59416,7453,7429,182,7611,75
2021-11-04,San Bernardino,071,2135413,354724,353142,11571,364713,5813
2021-11-04,San Diego,073,3302833,375573,373423,21771,395194,4246
2021-11-04,San Francisco,075,870044,52933,52556,2735,55291,666
2021-11-04,San Joaquin,077,732212,99756,99372,5531,104903,1782
2021-11-04,San Luis Obispo,079,281455,29435,29335,1276,30611,350
2021-11-04,San Mateo,081,765935,53647,53442,1622,55064,574
2021-11-04,Santa Barbara,083,443738,44518,44301,1706,46007,532
2021-11-04,Santa Clara,085,1922200,147102,146519,1419,147938,1894
2021-11-04,Santa Cruz,087,273765,20426,20311,1091,21402,222
2021-11-04,Shasta,089,179085,21516,21281,3705,24986,349
2021-11-04,Sierra,091,2930,184,181,23,204,0
2021-11-04,Siskiyou,093,43540,3293,3279,1346,4625,48
2021-11-04,Solano,095,438530,45595,45465,1243,46708,350
2021-11-04,Sonoma,097,501317,41639,41398,537,41935,395
2021-11-04,Stanislaus,099,539301,79360,78902,9030,87932,1193
2021-11-04,Sutter,101,95872,13967,13908,352,14260,180
2021-11-04,Tehama,103,63373,8538,8474,1533,10007,120
2021-11-04,Trinity,105,12862,750,732,191,923,11
2021-11-04,Tulare,107,460477,68171,67767,15867,83634,1010
2021-11-04,Tuolumne,109,53932,7342,7245,98,7343,90
2021-11-04,Ventura,111,848112,98049,97770,4440,102210,1180
2021-11-04,Yolo,113,214977,19904,19827,1192,21019,255
2021-11-04,Yuba,115,75493,10158,10107,344,10451,83
2021-11-03,Alameda,001,1643700,119804,119356,2981,122337,1428
2021-11-03,Alpine,003,1148,105,105,0,105,0
2021-11-03,Amador,005,37829,5589,5545,63,5608,66
2021-11-03,Butte,007,227075,20952,20769,3852,24621,284
2021-11-03,Calaveras,009,45235,4139,4087,58,4145,82
2021-11-03,Colusa,011,21464,2509,2499,654,3153,20
2021-11-03,Contra Costa,013,1133247,99529,99168,2288,101456,1025
2021-11-03,Del Norte,015,27424,3613,3600,49,3649,42
2021-11-03,El Dorado,017,186661,16040,15915,1740,17655,156
2021-11-03,Fresno,019,978130,139928,138873,12338,151211,2166
2021-11-03,Glenn,021,27897,3490,3470,1009,4479,33
2021-11-03,Humboldt,023,135768,9080,8949,606,9555,109
2021-11-03,Imperial,025,180216,33635,33402,3376,36778,766
2021-11-03,Inyo,027,18085,2384,2344,37,2381,41
2021-11-03,Kern,029,883053,127491,126523,22901,149424,1681
2021-11-03,Kings,031,150075,32182,31923,2090,34013,341
2021-11-03,Lake,033,64148,6731,6685,145,6830,106
2021-11-03,Lassen,035,31185,6852,6782,397,7179,46
2021-11-03,Los Angeles,037,10098052,1436576,1431209,57122,1488331,26517
2021-11-03,Madera,039,155013,23206,22893,2051,24944,287
2021-11-03,Marin,041,260295,17584,17491,463,17954,247
2021-11-03,Mariposa,043,17540,1299,1276,41,1317,5
2021-11-03,Mendocino,045,87422,7572,7457,568,8025,84
2021-11-03,Merced,047,269075,42142,41849,1800,43649,597
2021-11-03,Modoc,049,8938,532,521,189,710,5
2021-11-03,Mono,051,14174,1731,1719,19,1738,4
2021-11-03,Monterey,053,433212,47931,47794,3750,51544,601
2021-11-03,Napa,055,140530,13024,12937,114,13051,103
2021-11-03,Nevada,057,99092,9249,9131,322,9453,91
2021-11-03,Orange,059,3164182,306901,305661,15487,321148,5607
2021-11-03,Placer,061,380077,37197,36868,3789,40657,438
2021-11-03,Plumas,063,18699,1790,1739,44,1783,7
2021-11-03,Riverside,065,2383286,361609,360060,17202,377262,5131
2021-11-03,Sacramento,067,1510023,159325,158311,4888,163199,2259
2021-11-03,San Benito,069,59416,7445,7419,182,7601,75
2021-11-03,San Bernardino,071,2135413,354314,352225,11549,363774,5813
2021-11-03,San Diego,073,3302833,375108,372951,21743,394694,4241
2021-11-03,San Francisco,075,870044,52841,52493,2730,55223,663
2021-11-03,San Joaquin,077,732212,99644,99188,5513,104701,1776
2021-11-03,San Luis Obispo,079,281455,29396,29276,1271,30547,348
2021-11-03,San Mateo,081,765935,53590,53396,1613,55009,571
2021-11-03,Santa Barbara,083,443738,44465,44220,1703,45923,531
2021-11-03,Santa Clara,085,1922200,146938,146259,1416,147675,1897
2021-11-03,Santa Cruz,087,273765,20397,20275,1091,21366,222
2021-11-03,Shasta,089,179085,21474,21215,3700,24915,346
2021-11-03,Sierra,091,2930,183,180,23,203,0
2021-11-03,Siskiyou,093,43540,3289,3276,1344,4620,46
2021-11-03,Solano,095,438530,45571,45411,1241,46652,351
2021-11-03,Sonoma,097,501317,41575,41326,536,41862,395
2021-11-03,Stanislaus,099,539301,79236,78736,9020,87756,1193
2021-11-03,Sutter,101,95872,13954,13876,350,14226,179
2021-11-03,Tehama,103,63373,8523,8438,1533,9971,118
2021-11-03,Trinity,105,12862,749,730,191,921,11
2021-11-03,Tulare,107,460477,68064,67588,15822,83410,1007
2021-11-03,Tuolumne,109,53932,7326,7218,97,7315,90
2021-11-03,Ventura,111,848112,97944,97682,4436,102118,1178
2021-11-03,Yolo,113,214977,19888,19758,1183,20941,250
2021-11-03,Yuba,115,75493,10146,10092,344,10436,83
2021-11-02,Alameda,001,1643700,119675,119241,2975,122216,1425
2021-11-02,Alpine,003,1148,105,105,0,105,0
2021-11-02,Amador,005,37829,5585,5535,63,5598,66
2021-11-02,Butte,007,227075,20909,20744,3842,24586,282
2021-11-02,Calaveras,009,45235,4121,4075,57,4132,82
2021-11-02,Colusa,011,21464,2504,2497,653,3150,19
2021-11-02,Contra Costa,013,1133247,99433,99080,2279,101359,1025
2021-11-02,Del Norte,015,27424,3611,3596,49,3645,42
2021-11-02,El Dorado,017,186661,16018,15883,1737,17620,154
2021-11-02,Fresno,019,978130,139612,138644,12315,150959,2158
2021-11-02,Glenn,021,27897,3481,3469,1007,4476,33
2021-11-02,Humboldt,023,135768,9045,8937,600,9537,109
2021-11-02,Imperial,025,180216,33570,33371,3365,36736,766
2021-11-02,Inyo,027,18085,2377,2324,37,2361,41
2021-11-02,Kern,029,883053,127268,126311,22844,149155,1665
2021-11-02,Kings,031,150075,32130,31896,2085,33981,339
2021-11-02,Lake,033,64148,6726,6681,145,6826,106
2021-11-02,Lassen,035,31185,6842,6777,394,7171,45
2021-11-02,Los Angeles,037,10098052,1435197,1429601,57061,1486662,26496
2021-11-02,Madera,039,155013,23130,22837,2043,24880,287
2021-11-02,Marin,041,260295,17559,17482,462,17944,247
2021-11-02,Mariposa,043,17540,1290,1270,39,1309,5
2021-11-02,Mendocino,045,87422,7552,7447,558,8005,84
2021-11-02,Merced,047,269075,42080,41785,1791,43576,596
2021-11-02,Modoc,049,8938,532,520,188,708,5
2021-11-02,Mono,051,14174,1727,1718,19,1737,4
2021-11-02,Monterey,053,433212,47888,47775,3726,51501,599
2021-11-02,Napa,055,140530,13010,12930,114,13044,104
2021-11-02,Nevada,057,99092,9221,9122,321,9443,91
2021-11-02,Orange,059,3164182,306629,305369,15448,320817,5600
2021-11-02,Placer,061,380077,37124,36817,3778,40595,438
2021-11-02,Plumas,063,18699,1779,1721,43,1764,7
2021-11-02,Riverside,065,2383286,361229,359586,17185,376771,5116
2021-11-02,Sacramento,067,1510023,159088,158112,4859,162971,2250
2021-11-02,San Benito,069,59416,7429,7407,182,7589,75
2021-11-02,San Bernardino,071,2135413,353909,351832,11512,363344,5813
2021-11-02,San Diego,073,3302833,374572,372440,21711,394151,4232
2021-11-02,San Francisco,075,870044,52726,52450,2726,55176,663
2021-11-02,San Joaquin,077,732212,99515,99076,5498,104574,1772
2021-11-02,San Luis Obispo,079,281455,29366,29224,1266,30490,348
2021-11-02,San Mateo,081,765935,53534,53351,1602,54953,571
2021-11-02,Santa Barbara,083,443738,44412,44177,1699,45876,531
2021-11-02,Santa Clara,085,1922200,146758,146115,1409,147524,1896
2021-11-02,Santa Cruz,087,273765,20369,20266,1088,21354,222
2021-11-02,Shasta,089,179085,21426,21127,3691,24818,344
2021-11-02,Sierra,091,2930,183,180,22,202,0
2021-11-02,Siskiyou,093,43540,3288,3272,1340,4612,46
2021-11-02,Solano,095,438530,45540,45378,1236,46614,350
2021-11-02,Sonoma,097,501317,41508,41288,536,41824,395
2021-11-02,Stanislaus,099,539301,79091,78629,9002,87631,1193
2021-11-02,Sutter,101,95872,13934,13868,350,14218,179
2021-11-02,Tehama,103,63373,8507,8422,1528,9950,116
2021-11-02,Trinity,105,12862,749,729,191,920,11
2021-11-02,Tulare,107,460477,67955,67502,15772,83274,1002
2021-11-02,Tuolumne,109,53932,7307,7204,95,7299,90
2021-11-02,Ventura,111,848112,97837,97574,4432,102006,1178
2021-11-02,Yolo,113,214977,19857,19736,1180,20916,250
2021-11-02,Yuba,115,75493,10128,10080,342,10422,83
2021-11-01,Alameda,001,1643700,119548,119159,2973,122132,1421
2021-11-01,Alpine,003,1148,105,105,0,105,0
2021-11-01,Amador,005,37829,5582,5532,63,5595,64
2021-11-01,Butte,007,227075,20859,20710,3839,24549,281
2021-11-01,Calaveras,009,45235,4112,4059,56,4115,82
2021-11-01,Colusa,011,21464,2503,2494,650,3144,19
2021-11-01,Contra Costa,013,1133247,99316,99011,2267,101278,1025
2021-11-01,Del Norte,015,27424,3610,3594,49,3643,42
2021-11-01,El Dorado,017,186661,15996,15858,1731,17589,154
2021-11-01,Fresno,019,978130,139239,138421,12292,150713,2149
2021-11-01,Glenn,021,27897,3477,3461,1005,4466,33
2021-11-01,Humboldt,023,135768,9018,8929,596,9525,108
2021-11-01,Imperial,025,180216,33524,33342,3357,36699,766
2021-11-01,Inyo,027,18085,2365,2307,37,2344,41
2021-11-01,Kern,029,883053,127004,126092,22774,148866,1660
2021-11-01,Kings,031,150075,32080,31866,2081,33947,337
2021-11-01,Lake,033,64148,6718,6676,145,6821,106
2021-11-01,Lassen,035,31185,6828,6775,391,7166,42
2021-11-01,Los Angeles,037,10098052,1433875,1428891,56980,1485871,26483
2021-11-01,Madera,039,155013,23053,22801,2039,24840,283
2021-11-01,Marin,041,260295,17543,17460,462,17922,247
2021-11-01,Mariposa,043,17540,1284,1266,38,1304,5
2021-11-01,Mendocino,045,87422,7520,7422,541,7963,84
2021-11-01,Merced,047,269075,41997,41740,1788,43528,594
2021-11-01,Modoc,049,8938,529,520,187,707,5
2021-11-01,Mono,051,14174,1719,1714,19,1733,3
2021-11-01,Monterey,053,433212,47858,47756,3708,51464,597
2021-11-01,Napa,055,140530,12987,12916,113,13029,101
2021-11-01,Nevada,057,99092,9199,9108,320,9428,91
2021-11-01,Orange,059,3164182,306343,305192,15412,320604,5596
2021-11-01,Placer,061,380077,37047,36747,3767,40514,435
2021-11-01,Plumas,063,18699,1761,1719,41,1760,7
2021-11-01,Riverside,065,2383286,360777,359263,17167,376430,5115
2021-11-01,Sacramento,067,1510023,158820,157893,4833,162726,2239
2021-11-01,San Benito,069,59416,7419,7406,181,7587,73
2021-11-01,San Bernardino,071,2135413,353474,351620,11491,363111,5815
2021-11-01,San Diego,073,3302833,374032,372043,21701,393744,4232
2021-11-01,San Francisco,075,870044,52643,52418,2716,55134,661
2021-11-01,San Joaquin,077,732212,99364,98969,5491,104460,1772
2021-11-01,San Luis Obispo,079,281455,29330,29199,1262,30461,343
2021-11-01,San Mateo,081,765935,53469,53314,1598,54912,571
2021-11-01,Santa Barbara,083,443738,44345,44146,1693,45839,529
2021-11-01,Santa Clara,085,1922200,146577,145978,1406,147384,1907
2021-11-01,Santa Cruz,087,273765,20335,20238,1088,21326,221
2021-11-01,Shasta,089,179085,21377,21104,3684,24788,338
2021-11-01,Sierra,091,2930,183,180,22,202,0
2021-11-01,Siskiyou,093,43540,3282,3272,1336,4608,46
2021-11-01,Solano,095,438530,45496,45358,1235,46593,350
2021-11-01,Sonoma,097,501317,41438,41234,536,41770,395
2021-11-01,Stanislaus,099,539301,78970,78534,8983,87517,1193
2021-11-01,Sutter,101,95872,13911,13852,348,14200,179
2021-11-01,Tehama,103,63373,8482,8412,1524,9936,116
2021-11-01,Trinity,105,12862,747,727,191,918,11
2021-11-01,Tulare,107,460477,67823,67388,15725,83113,1002
2021-11-01,Tuolumne,109,53932,7291,7175,94,7269,90
2021-11-01,Ventura,111,848112,97764,97507,4427,101934,1178
2021-11-01,Yolo,113,214977,19837,19708,1172,20880,250
2021-11-01,Yuba,115,75493,10109,10066,339,10405,83
2021-10-31,Alameda,001,1643700,119420,119071,2971,122042,1419
2021-10-31,Alpine,003,1148,105,105,0,105,0
2021-10-31,Amador,005,37829,5570,5518,63,5581,64
2021-10-31,Butte,007,227075,20801,20689,3834,24523,281
2021-10-31,Calaveras,009,45235,4095,4052,55,4107,82
2021-10-31,Colusa,011,21464,2501,2493,649,3142,18
2021-10-31,Contra Costa,013,1133247,99197,98936,2264,101200,1025
2021-10-31,Del Norte,015,27424,3606,3591,49,3640,42
2021-10-31,El Dorado,017,186661,15957,15841,1729,17570,154
2021-10-31,Fresno,019,978130,138849,138165,12264,150429,2147
2021-10-31,Glenn,021,27897,3470,3459,1004,4463,33
2021-10-31,Humboldt,023,135768,8973,8919,590,9509,108
2021-10-31,Imperial,025,180216,33458,33334,3348,36682,766
2021-10-31,Inyo,027,18085,2346,2309,37,2346,41
2021-10-31,Kern,029,883053,126676,125917,22694,148611,1666
2021-10-31,Kings,031,150075,31996,31814,2069,33883,338
2021-10-31,Lake,033,64148,6710,6665,145,6810,106
2021-10-31,Lassen,035,31185,6814,6768,388,7156,42
2021-10-31,Los Angeles,037,10098052,1432392,1427933,56891,1484824,26474
2021-10-31,Madera,039,155013,22983,22744,2030,24774,283
2021-10-31,Marin,041,260295,17515,17443,462,17905,247
2021-10-31,Mariposa,043,17540,1280,1257,38,1295,5
2021-10-31,Mendocino,045,87422,7481,7403,524,7927,84
2021-10-31,Merced,047,269075,41910,41699,1769,43468,589
2021-10-31,Modoc,049,8938,526,517,187,704,5
2021-10-31,Mono,051,14174,1715,1711,19,1730,3
2021-10-31,Monterey,053,433212,47825,47744,3685,51429,596
2021-10-31,Napa,055,140530,12970,12906,111,13017,101
2021-10-31,Nevada,057,99092,9162,9084,314,9398,91
2021-10-31,Orange,059,3164182,306035,305032,15336,320368,5596
2021-10-31,Placer,061,380077,36953,36698,3754,40452,435
2021-10-31,Plumas,063,18699,1746,1716,39,1755,7
2021-10-31,Riverside,065,2383286,360253,359005,17158,376163,5104
2021-10-31,Sacramento,067,1510023,158484,157667,4816,162483,2243
2021-10-31,San Benito,069,59416,7409,7397,177,7574,73
2021-10-31,San Bernardino,071,2135413,352974,351411,11477,362888,5810
2021-10-31,San Diego,073,3302833,373520,371603,21676,393279,4218
2021-10-31,San Francisco,075,870044,52540,52370,2710,55080,661
2021-10-31,San Joaquin,077,732212,99211,98893,5476,104369,1772
2021-10-31,San Luis Obispo,079,281455,29280,29176,1261,30437,343
2021-10-31,San Mateo,081,765935,53422,53284,1591,54875,571
2021-10-31,Santa Barbara,083,443738,44280,44113,1688,45801,529
2021-10-31,Santa Clara,085,1922200,146373,145829,1392,147221,1908
2021-10-31,Santa Cruz,087,273765,20304,20218,1085,21303,221
2021-10-31,Shasta,089,179085,21296,21086,3670,24756,338
2021-10-31,Sierra,091,2930,183,180,22,202,0
2021-10-31,Siskiyou,093,43540,3280,3271,1335,4606,46
2021-10-31,Solano,095,438530,45454,45310,1230,46540,350
2021-10-31,Sonoma,097,501317,41372,41183,533,41716,395
2021-10-31,Stanislaus,099,539301,78788,78426,8969,87395,1193
2021-10-31,Sutter,101,95872,13894,13838,345,14183,179
2021-10-31,Tehama,103,63373,8450,8391,1520,9911,116
2021-10-31,Trinity,105,12862,747,724,191,915,11
2021-10-31,Tulare,107,460477,67639,67310,15636,82946,1002
2021-10-31,Tuolumne,109,53932,7265,7141,93,7234,90
2021-10-31,Ventura,111,848112,97656,97460,4421,101881,1178
2021-10-31,Yolo,113,214977,19797,19662,1163,20825,250
2021-10-31,Yuba,115,75493,10092,10051,328,10379,83
2021-10-30,Alameda,001,1643700,119368,118632,2968,121600,1419
2021-10-30,Alpine,003,1148,105,105,0,105,0
2021-10-30,Amador,005,37829,5561,5480,63,5543,64
2021-10-30,Butte,007,227075,20788,20516,3829,24345,277
2021-10-30,Calaveras,009,45235,4088,3992,55,4047,82
2021-10-30,Colusa,011,21464,2501,2484,648,3132,19
2021-10-30,Contra Costa,013,1133247,99136,98562,2263,100825,1024
2021-10-30,Del Norte,015,27424,3603,3574,49,3623,42
2021-10-30,El Dorado,017,186661,15944,15752,1727,17479,154
2021-10-30,Fresno,019,978130,138746,136901,12258,149159,2131
2021-10-30,Glenn,021,27897,3467,3442,1004,4446,33
2021-10-30,Humboldt,023,135768,8958,8871,588,9459,105
2021-10-30,Imperial,025,180216,33416,33156,3348,36504,766
2021-10-30,Inyo,027,18085,2343,2249,37,2286,41
2021-10-30,Kern,029,883053,126543,124892,22631,147523,1653
2021-10-30,Kings,031,150075,31960,31578,2065,33643,337
2021-10-30,Lake,033,64148,6707,6610,145,6755,106
2021-10-30,Lassen,035,31185,6810,6719,387,7106,42
2021-10-30,Los Angeles,037,10098052,1431727,1424257,56839,1481096,26625
2021-10-30,Madera,039,155013,22949,22524,2021,24545,283
2021-10-30,Marin,041,260295,17500,17380,461,17841,247
2021-10-30,Mariposa,043,17540,1277,1228,38,1266,5
2021-10-30,Mendocino,045,87422,7461,7338,522,7860,84
2021-10-30,Merced,047,269075,41871,41428,1768,43196,586
2021-10-30,Modoc,049,8938,526,513,186,699,5
2021-10-30,Mono,051,14174,1715,1684,19,1703,3
2021-10-30,Monterey,053,433212,47813,47649,3673,51322,588
2021-10-30,Napa,055,140530,12957,12863,110,12973,101
2021-10-30,Nevada,057,99092,9144,9015,314,9329,91
2021-10-30,Orange,059,3164182,305878,304120,15320,319440,5588
2021-10-30,Placer,061,380077,36914,36400,3747,40147,434
2021-10-30,Plumas,063,18699,1741,1695,39,1734,7
2021-10-30,Riverside,065,2383286,359988,357645,17148,374793,5088
2021-10-30,Sacramento,067,1510023,158337,157125,4805,161930,2233
2021-10-30,San Benito,069,59416,7402,7362,177,7539,71
2021-10-30,San Bernardino,071,2135413,352728,350076,11462,361538,5777
2021-10-30,San Diego,073,3302833,373185,370006,21655,391661,4213
2021-10-30,San Francisco,075,870044,52512,52161,2708,54869,661
2021-10-30,San Joaquin,077,732212,99159,98314,5476,103790,1768
2021-10-30,San Luis Obispo,079,281455,29260,29053,1261,30314,341
2021-10-30,San Mateo,081,765935,53389,53083,1587,54670,571
2021-10-30,Santa Barbara,083,443738,44245,43972,1687,45659,528
2021-10-30,Santa Clara,085,1922200,146269,145262,1388,146650,1903
2021-10-30,Santa Cruz,087,273765,20286,20134,1083,21217,221
2021-10-30,Shasta,089,179085,21257,20878,3665,24543,332
2021-10-30,Sierra,091,2930,183,175,22,197,0
2021-10-30,Siskiyou,093,43540,3279,3257,1332,4589,46
2021-10-30,Solano,095,438530,45434,45146,1230,46376,346
2021-10-30,Sonoma,097,501317,41337,40924,533,41457,393
2021-10-30,Stanislaus,099,539301,78724,77871,8963,86834,1191
2021-10-30,Sutter,101,95872,13882,13773,344,14117,178
2021-10-30,Tehama,103,63373,8442,8307,1517,9824,114
2021-10-30,Trinity,105,12862,746,708,190,898,11
2021-10-30,Tulare,107,460477,67584,66745,15589,82334,995
2021-10-30,Tuolumne,109,53932,7241,7050,92,7142,90
2021-10-30,Ventura,111,848112,97615,97182,4420,101602,1174
2021-10-30,Yolo,113,214977,19782,19568,1161,20729,250
2021-10-30,Yuba,115,75493,10083,9969,328,10297,82
2021-10-29,Alameda,001,1643700,119295,118632,2963,121595,1419
2021-10-29,Alpine,003,1148,105,105,0,105,0
2021-10-29,Amador,005,37829,5551,5480,63,5543,64
2021-10-29,Butte,007,227075,20768,20516,3821,24337,277
2021-10-29,Calaveras,009,45235,4081,3992,55,4047,82
2021-10-29,Colusa,011,21464,2501,2484,646,3130,19
2021-10-29,Contra Costa,013,1133247,99070,98562,2261,100823,1024
2021-10-29,Del Norte,015,27424,3596,3574,49,3623,42
2021-10-29,El Dorado,017,186661,15931,15752,1727,17479,154
2021-10-29,Fresno,019,978130,138555,136901,12247,149148,2131
2021-10-29,Glenn,021,27897,3465,3442,1003,4445,33
2021-10-29,Humboldt,023,135768,8952,8871,587,9458,105
2021-10-29,Imperial,025,180216,33391,33156,3345,36501,766
2021-10-29,Inyo,027,18085,2340,2249,37,2286,41
2021-10-29,Kern,029,883053,126398,124892,22561,147453,1653
2021-10-29,Kings,031,150075,31925,31578,2064,33642,337
2021-10-29,Lake,033,64148,6700,6610,144,6754,106
2021-10-29,Lassen,035,31185,6806,6719,382,7101,42
2021-10-29,Los Angeles,037,10098052,1430939,1424257,56790,1481047,26625
2021-10-29,Madera,039,155013,22908,22524,2020,24544,283
2021-10-29,Marin,041,260295,17483,17380,460,17840,247
2021-10-29,Mariposa,043,17540,1273,1228,38,1266,5
2021-10-29,Mendocino,045,87422,7453,7338,522,7860,84
2021-10-29,Merced,047,269075,41826,41428,1763,43191,586
2021-10-29,Modoc,049,8938,526,513,185,698,5
2021-10-29,Mono,051,14174,1711,1684,19,1703,3
2021-10-29,Monterey,053,433212,47798,47649,3662,51311,588
2021-10-29,Napa,055,140530,12937,12863,109,12972,101
2021-10-29,Nevada,057,99092,9133,9015,314,9329,91
2021-10-29,Orange,059,3164182,305677,304120,15306,319426,5588
2021-10-29,Placer,061,380077,36876,36400,3737,40137,434
2021-10-29,Plumas,063,18699,1736,1695,39,1734,7
2021-10-29,Riverside,065,2383286,359671,357645,17144,374789,5088
2021-10-29,Sacramento,067,1510023,158157,157125,4793,161918,2233
2021-10-29,San Benito,069,59416,7399,7362,177,7539,71
2021-10-29,San Bernardino,071,2135413,352459,350076,11451,361527,5777
2021-10-29,San Diego,073,3302833,372831,370006,21625,391631,4213
2021-10-29,San Francisco,075,870044,52454,52161,2701,54862,661
2021-10-29,San Joaquin,077,732212,99105,98314,5471,103785,1768
2021-10-29,San Luis Obispo,079,281455,29237,29053,1259,30312,341
2021-10-29,San Mateo,081,765935,53355,53083,1581,54664,571
2021-10-29,Santa Barbara,083,443738,44207,43972,1683,45655,528
2021-10-29,Santa Clara,085,1922200,146156,145262,1379,146641,1903
2021-10-29,Santa Cruz,087,273765,20280,20134,1082,21216,221
2021-10-29,Shasta,089,179085,21226,20878,3659,24537,332
2021-10-29,Sierra,091,2930,181,175,22,197,0
2021-10-29,Siskiyou,093,43540,3278,3257,1331,4588,46
2021-10-29,Solano,095,438530,45401,45146,1229,46375,346
2021-10-29,Sonoma,097,501317,41318,40924,533,41457,393
2021-10-29,Stanislaus,099,539301,78644,77871,8953,86824,1191
2021-10-29,Sutter,101,95872,13864,13773,344,14117,178
2021-10-29,Tehama,103,63373,8428,8307,1516,9823,114
2021-10-29,Trinity,105,12862,745,708,190,898,11
2021-10-29,Tulare,107,460477,67497,66745,15544,82289,995
2021-10-29,Tuolumne,109,53932,7228,7050,92,7142,90
2021-10-29,Ventura,111,848112,97564,97182,4418,101600,1174
2021-10-29,Yolo,113,214977,19764,19568,1158,20726,250
2021-10-29,Yuba,115,75493,10075,9969,324,10293,82
2021-10-28,Alameda,001,1643700,119179,118632,2955,121587,1419
2021-10-28,Alpine,003,1148,105,105,0,105,0
2021-10-28,Amador,005,37829,5538,5480,63,5543,64
2021-10-28,Butte,007,227075,20730,20516,3815,24331,277
2021-10-28,Calaveras,009,45235,4069,3992,55,4047,82
2021-10-28,Colusa,011,21464,2498,2484,645,3129,19
2021-10-28,Contra Costa,013,1133247,98942,98562,2254,100816,1024
2021-10-28,Del Norte,015,27424,3595,3574,49,3623,42
2021-10-28,El Dorado,017,186661,15908,15752,1723,17475,154
2021-10-28,Fresno,019,978130,138245,136901,12213,149114,2131
2021-10-28,Glenn,021,27897,3461,3442,1002,4444,33
2021-10-28,Humboldt,023,135768,8938,8871,581,9452,105
2021-10-28,Imperial,025,180216,33333,33156,3338,36494,766
2021-10-28,Inyo,027,18085,2323,2249,37,2286,41
2021-10-28,Kern,029,883053,126190,124892,22454,147346,1653
2021-10-28,Kings,031,150075,31859,31578,2057,33635,337
2021-10-28,Lake,033,64148,6692,6610,144,6754,106
2021-10-28,Lassen,035,31185,6800,6719,378,7097,42
2021-10-28,Los Angeles,037,10098052,1429852,1424257,56716,1480973,26625
2021-10-28,Madera,039,155013,22861,22524,2010,24534,283
2021-10-28,Marin,041,260295,17464,17380,457,17837,247
2021-10-28,Mariposa,043,17540,1268,1228,38,1266,5
2021-10-28,Mendocino,045,87422,7440,7338,511,7849,84
2021-10-28,Merced,047,269075,41749,41428,1750,43178,586
2021-10-28,Modoc,049,8938,526,513,185,698,5
2021-10-28,Mono,051,14174,1709,1684,19,1703,3
2021-10-28,Monterey,053,433212,47776,47649,3636,51285,588
2021-10-28,Napa,055,140530,12928,12863,108,12971,101
2021-10-28,Nevada,057,99092,9115,9015,314,9329,91
2021-10-28,Orange,059,3164182,305416,304120,15245,319365,5588
2021-10-28,Placer,061,380077,36801,36400,3728,40128,434
2021-10-28,Plumas,063,18699,1728,1695,39,1734,7
2021-10-28,Riverside,065,2383286,359280,357645,17118,374763,5088
2021-10-28,Sacramento,067,1510023,157894,157125,4778,161903,2233
2021-10-28,San Benito,069,59416,7392,7362,177,7539,71
2021-10-28,San Bernardino,071,2135413,352081,350076,11427,361503,5777
2021-10-28,San Diego,073,3302833,372386,370006,21607,391613,4213
2021-10-28,San Francisco,075,870044,52408,52161,2694,54855,661
2021-10-28,San Joaquin,077,732212,98983,98314,5468,103782,1768
2021-10-28,San Luis Obispo,079,281455,29210,29053,1256,30309,341
2021-10-28,San Mateo,081,765935,53317,53083,1575,54658,571
2021-10-28,Santa Barbara,083,443738,44169,43972,1681,45653,528
2021-10-28,Santa Clara,085,1922200,146001,145262,1373,146635,1903
2021-10-28,Santa Cruz,087,273765,20257,20134,1082,21216,221
2021-10-28,Shasta,089,179085,21166,20878,3651,24529,332
2021-10-28,Sierra,091,2930,180,175,22,197,0
2021-10-28,Siskiyou,093,43540,3277,3257,1331,4588,46
2021-10-28,Solano,095,438530,45361,45146,1228,46374,346
2021-10-28,Sonoma,097,501317,41256,40924,531,41455,393
2021-10-28,Stanislaus,099,539301,78500,77871,8939,86810,1191
2021-10-28,Sutter,101,95872,13851,13773,341,14114,178
2021-10-28,Tehama,103,63373,8393,8307,1512,9819,114
2021-10-28,Trinity,105,12862,742,708,189,897,11
2021-10-28,Tulare,107,460477,67374,66745,15484,82229,995
2021-10-28,Tuolumne,109,53932,7198,7050,92,7142,90
2021-10-28,Ventura,111,848112,97475,97182,4417,101599,1174
2021-10-28,Yolo,113,214977,19726,19568,1156,20724,250
2021-10-28,Yuba,115,75493,10046,9969,321,10290,82
2021-10-27,Alameda,001,1643700,119063,118487,2950,121437,1414
2021-10-27,Alpine,003,1148,105,105,0,105,0
2021-10-27,Amador,005,37829,5525,5470,62,5532,64
2021-10-27,Butte,007,227075,20686,20446,3803,24249,274
2021-10-27,Calaveras,009,45235,4052,3970,54,4024,82
2021-10-27,Colusa,011,21464,2497,2480,644,3124,18
2021-10-27,Contra Costa,013,1133247,98837,98442,2240,100682,1018
2021-10-27,Del Norte,015,27424,3589,3571,48,3619,42
2021-10-27,El Dorado,017,186661,15877,15723,1722,17445,154
2021-10-27,Fresno,019,978130,137850,136447,12179,148626,2128
2021-10-27,Glenn,021,27897,3456,3435,1001,4436,33
2021-10-27,Humboldt,023,135768,8924,8851,574,9425,105
2021-10-27,Imperial,025,180216,33295,33068,3334,36402,766
2021-10-27,Inyo,027,18085,2303,2236,37,2273,41
2021-10-27,Kern,029,883053,125960,124557,22351,146908,1647
2021-10-27,Kings,031,150075,31796,31437,2052,33489,335
2021-10-27,Lake,033,64148,6672,6589,144,6733,105
2021-10-27,Lassen,035,31185,6791,6706,376,7082,42
2021-10-27,Los Angeles,037,10098052,1428677,1422615,56654,1479269,26604
2021-10-27,Madera,039,155013,22787,22413,1987,24400,283
2021-10-27,Marin,041,260295,17450,17362,457,17819,247
2021-10-27,Mariposa,043,17540,1256,1228,38,1266,5
2021-10-27,Mendocino,045,87422,7428,7321,504,7825,84
2021-10-27,Merced,047,269075,41648,41310,1735,43045,583
2021-10-27,Modoc,049,8938,523,513,185,698,5
2021-10-27,Mono,051,14174,1707,1682,19,1701,3
2021-10-27,Monterey,053,433212,47744,47610,3610,51220,588
2021-10-27,Napa,055,140530,12915,12856,107,12963,101
2021-10-27,Nevada,057,99092,9099,8987,313,9300,90
2021-10-27,Orange,059,3164182,305120,303825,15197,319022,5584
2021-10-27,Placer,061,380077,36733,36296,3721,40017,434
2021-10-27,Plumas,063,18699,1720,1686,39,1725,7
2021-10-27,Riverside,065,2383286,358884,357152,17109,374261,5081
2021-10-27,Sacramento,067,1510023,157629,156830,4759,161589,2230
2021-10-27,San Benito,069,59416,7386,7337,177,7514,71
2021-10-27,San Bernardino,071,2135413,351680,349624,11407,361031,5770
2021-10-27,San Diego,073,3302833,371838,369579,21585,391164,4207
2021-10-27,San Francisco,075,870044,52358,52108,2690,54798,655
2021-10-27,San Joaquin,077,732212,98824,98168,5453,103621,1753
2021-10-27,San Luis Obispo,079,281455,29175,29002,1253,30255,341
2021-10-27,San Mateo,081,765935,53266,53032,1563,54595,571
2021-10-27,Santa Barbara,083,443738,44117,43901,1678,45579,527
2021-10-27,Santa Clara,085,1922200,145837,145081,1367,146448,1902
2021-10-27,Santa Cruz,087,273765,20229,20091,1081,21172,221
2021-10-27,Shasta,089,179085,21096,20813,3642,24455,331
2021-10-27,Sierra,091,2930,179,176,22,198,0
2021-10-27,Siskiyou,093,43540,3275,3256,1327,4583,46
2021-10-27,Solano,095,438530,45319,45089,1220,46309,346
2021-10-27,Sonoma,097,501317,41184,40829,530,41359,393
2021-10-27,Stanislaus,099,539301,78350,77687,8924,86611,1191
2021-10-27,Sutter,101,95872,13838,13754,341,14095,177
2021-10-27,Tehama,103,63373,8374,8265,1511,9776,113
2021-10-27,Trinity,105,12862,742,706,188,894,11
2021-10-27,Tulare,107,460477,67234,66568,15422,81990,991
2021-10-27,Tuolumne,109,53932,7172,7009,90,7099,90
2021-10-27,Ventura,111,848112,97386,97108,4412,101520,1172
2021-10-27,Yolo,113,214977,19698,19517,1149,20666,250
2021-10-27,Yuba,115,75493,10027,9945,319,10264,82
2021-10-26,Alameda,001,1643700,118927,118360,2945,121305,1407
2021-10-26,Alpine,003,1148,105,105,0,105,0
2021-10-26,Amador,005,37829,5518,5465,61,5526,64
2021-10-26,Butte,007,227075,20630,20387,3791,24178,274
2021-10-26,Calaveras,009,45235,4041,3966,54,4020,81
2021-10-26,Colusa,011,21464,2495,2478,643,3121,18
2021-10-26,Contra Costa,013,1133247,98720,98352,2228,100580,1017
2021-10-26,Del Norte,015,27424,3584,3563,48,3611,42
2021-10-26,El Dorado,017,186661,15853,15690,1718,17408,153
2021-10-26,Fresno,019,978130,137406,136211,12143,148354,2122
2021-10-26,Glenn,021,27897,3444,3431,999,4430,33
2021-10-26,Humboldt,023,135768,8907,8830,568,9398,105
2021-10-26,Imperial,025,180216,33238,33012,3329,36341,766
2021-10-26,Inyo,027,18085,2288,2200,37,2237,41
2021-10-26,Kern,029,883053,125636,124351,22243,146594,1645
2021-10-26,Kings,031,150075,31735,31382,2045,33427,336
2021-10-26,Lake,033,64148,6660,6584,144,6728,105
2021-10-26,Lassen,035,31185,6773,6689,374,7063,42
2021-10-26,Los Angeles,037,10098052,1427359,1421795,56582,1478377,26599
2021-10-26,Madera,039,155013,22695,22363,1976,24339,283
2021-10-26,Marin,041,260295,17433,17354,456,17810,244
2021-10-26,Mariposa,043,17540,1250,1225,37,1262,5
2021-10-26,Mendocino,045,87422,7400,7308,487,7795,83
2021-10-26,Merced,047,269075,41565,41267,1727,42994,583
2021-10-26,Modoc,049,8938,523,513,185,698,5
2021-10-26,Mono,051,14174,1699,1680,19,1699,3
2021-10-26,Monterey,053,433212,47711,47572,3595,51167,588
2021-10-26,Napa,055,140530,12903,12849,107,12956,101
2021-10-26,Nevada,057,99092,9067,8971,312,9283,90
2021-10-26,Orange,059,3164182,304860,303533,15164,318697,5580
2021-10-26,Placer,061,380077,36639,36245,3716,39961,434
2021-10-26,Plumas,063,18699,1711,1645,39,1684,7
2021-10-26,Riverside,065,2383286,358407,356775,17099,373874,5068
2021-10-26,Sacramento,067,1510023,157332,156643,4734,161377,2228
2021-10-26,San Benito,069,59416,7363,7325,177,7502,71
2021-10-26,San Bernardino,071,2135413,351269,349346,11391,360737,5764
2021-10-26,San Diego,073,3302833,371335,369043,21556,390599,4198
2021-10-26,San Francisco,075,870044,52283,52063,2687,54750,655
2021-10-26,San Joaquin,077,732212,98653,98036,5437,103473,1748
2021-10-26,San Luis Obispo,079,281455,29139,28928,1247,30175,337
2021-10-26,San Mateo,081,765935,53202,52974,1553,54527,571
2021-10-26,Santa Barbara,083,443738,44074,43835,1677,45512,525
2021-10-26,Santa Clara,085,1922200,145645,144932,1359,146291,1903
2021-10-26,Santa Cruz,087,273765,20197,20067,1080,21147,221
2021-10-26,Shasta,089,179085,21048,20725,3624,24349,330
2021-10-26,Sierra,091,2930,179,169,22,191,0
2021-10-26,Siskiyou,093,43540,3269,3254,1325,4579,46
2021-10-26,Solano,095,438530,45262,45044,1220,46264,344
2021-10-26,Sonoma,097,501317,41103,40794,530,41324,393
2021-10-26,Stanislaus,099,539301,78179,77552,8901,86453,1157
2021-10-26,Sutter,101,95872,13808,13739,340,14079,176
2021-10-26,Tehama,103,63373,8348,8247,1504,9751,112
2021-10-26,Trinity,105,12862,738,705,188,893,11
2021-10-26,Tulare,107,460477,67083,66476,15360,81836,991
2021-10-26,Tuolumne,109,53932,7147,6995,88,7083,90
2021-10-26,Ventura,111,848112,97279,97014,4407,101421,1170
2021-10-26,Yolo,113,214977,19672,19490,1147,20637,248
2021-10-26,Yuba,115,75493,10009,9927,314,10241,82
2021-10-25,Alameda,001,1643700,118786,118319,2940,121259,1404
2021-10-25,Alpine,003,1148,105,105,0,105,0
2021-10-25,Amador,005,37829,5504,5455,61,5516,64
2021-10-25,Butte,007,227075,20555,20331,3786,24117,273
2021-10-25,Calaveras,009,45235,4012,3942,53,3995,82
2021-10-25,Colusa,011,21464,2493,2471,641,3112,18
2021-10-25,Contra Costa,013,1133247,98610,98267,2223,100490,1017
2021-10-25,Del Norte,015,27424,3577,3562,48,3610,42
2021-10-25,El Dorado,017,186661,15820,15663,1717,17380,149
2021-10-25,Fresno,019,978130,136951,135974,12101,148075,2112
2021-10-25,Glenn,021,27897,3439,3421,998,4419,33
2021-10-25,Humboldt,023,135768,8885,8825,563,9388,105
2021-10-25,Imperial,025,180216,33180,32968,3317,36285,766
2021-10-25,Inyo,027,18085,2270,2183,37,2220,41
2021-10-25,Kern,029,883053,125305,124078,22103,146181,1649
2021-10-25,Kings,031,150075,31651,31329,2036,33365,335
2021-10-25,Lake,033,64148,6646,6571,144,6715,105
2021-10-25,Lassen,035,31185,6764,6688,372,7060,42
2021-10-25,Los Angeles,037,10098052,1426030,1421061,56516,1477577,26579
2021-10-25,Madera,039,155013,22642,22325,1967,24292,281
2021-10-25,Marin,041,260295,17411,17334,454,17788,244
2021-10-25,Mariposa,043,17540,1236,1220,36,1256,5
2021-10-25,Mendocino,045,87422,7370,7296,483,7779,82
2021-10-25,Merced,047,269075,41499,41207,1699,42906,583
2021-10-25,Modoc,049,8938,521,512,183,695,5
2021-10-25,Mono,051,14174,1683,1677,19,1696,3
2021-10-25,Monterey,053,433212,47684,47547,3591,51138,587
2021-10-25,Napa,055,140530,12890,12841,107,12948,100
2021-10-25,Nevada,057,99092,9044,8958,312,9270,90
2021-10-25,Orange,059,3164182,304574,303279,15129,318408,5574
2021-10-25,Placer,061,380077,36533,36153,3705,39858,431
2021-10-25,Plumas,063,18699,1700,1641,39,1680,7
2021-10-25,Riverside,065,2383286,357980,356381,17085,373466,5056
2021-10-25,Sacramento,067,1510023,157031,156516,4704,161220,2235
2021-10-25,San Benito,069,59416,7349,7314,176,7490,71
2021-10-25,San Bernardino,071,2135413,350781,349075,11380,360455,5748
2021-10-25,San Diego,073,3302833,370774,368386,21526,389912,4196
2021-10-25,San Francisco,075,870044,52210,52041,2677,54718,649
2021-10-25,San Joaquin,077,732212,98454,97980,5425,103405,1740
2021-10-25,San Luis Obispo,079,281455,29092,28907,1242,30149,336
2021-10-25,San Mateo,081,765935,53150,52927,1541,54468,571
2021-10-25,Santa Barbara,083,443738,44020,43775,1677,45452,525
2021-10-25,Santa Clara,085,1922200,145457,144895,1355,146250,1901
2021-10-25,Santa Cruz,087,273765,20167,20053,1079,21132,221
2021-10-25,Shasta,089,179085,20986,20666,3616,24282,326
2021-10-25,Sierra,091,2930,179,168,22,190,0
2021-10-25,Siskiyou,093,43540,3266,3248,1318,4566,46
2021-10-25,Solano,095,438530,45210,45022,1218,46240,344
2021-10-25,Sonoma,097,501317,41033,40746,528,41274,393
2021-10-25,Stanislaus,099,539301,77995,77452,8869,86321,1145
2021-10-25,Sutter,101,95872,13795,13721,337,14058,176
2021-10-25,Tehama,103,63373,8321,8224,1499,9723,111
2021-10-25,Trinity,105,12862,733,699,187,886,11
2021-10-25,Tulare,107,460477,66893,66357,15298,81655,986
2021-10-25,Tuolumne,109,53932,7113,6952,87,7039,90
2021-10-25,Ventura,111,848112,97186,96932,4403,101335,1167
2021-10-25,Yolo,113,214977,19624,19457,1144,20601,248
2021-10-25,Yuba,115,75493,9993,9924,310,10234,82
2021-10-24,Alameda,001,1643700,118657,117816,2935,120751,1397
2021-10-24,Alpine,003,1148,105,105,0,105,0
2021-10-24,Amador,005,37829,5499,5412,61,5473,64
2021-10-24,Butte,007,227075,20487,20101,3776,23877,273
2021-10-24,Calaveras,009,45235,3993,3865,52,3917,81
2021-10-24,Colusa,011,21464,2489,2458,638,3096,18
2021-10-24,Contra Costa,013,1133247,98496,97855,2214,100069,1008
2021-10-24,Del Norte,015,27424,3573,3540,48,3588,42
2021-10-24,El Dorado,017,186661,15785,15540,1712,17252,149
2021-10-24,Fresno,019,978130,136520,134466,12067,146533,2094
2021-10-24,Glenn,021,27897,3427,3399,997,4396,33
2021-10-24,Humboldt,023,135768,8868,8753,556,9309,105
2021-10-24,Imperial,025,180216,33110,32777,3310,36087,766
2021-10-24,Inyo,027,18085,2238,2108,37,2145,41
2021-10-24,Kern,029,883053,124981,122939,21985,144924,1636
2021-10-24,Kings,031,150075,31522,30942,2019,32961,325
2021-10-24,Lake,033,64148,6624,6501,144,6645,105
2021-10-24,Lassen,035,31185,6749,6632,371,7003,27
2021-10-24,Los Angeles,037,10098052,1424619,1415919,56449,1472368,26527
2021-10-24,Madera,039,155013,22569,22062,1955,24017,281
2021-10-24,Marin,041,260295,17395,17264,453,17717,244
2021-10-24,Mariposa,043,17540,1233,1184,36,1220,5
2021-10-24,Mendocino,045,87422,7346,7220,472,7692,82
2021-10-24,Merced,047,269075,41373,40808,1693,42501,581
2021-10-24,Modoc,049,8938,520,507,183,690,5
2021-10-24,Mono,051,14174,1681,1655,19,1674,3
2021-10-24,Monterey,053,433212,47643,47456,3572,51028,586
2021-10-24,Napa,055,140530,12879,12789,107,12896,100
2021-10-24,Nevada,057,99092,9019,8861,309,9170,90
2021-10-24,Orange,059,3164182,304239,302237,15097,317334,5546
2021-10-24,Placer,061,380077,36429,35822,3692,39514,426
2021-10-24,Plumas,063,18699,1690,1623,38,1661,7
2021-10-24,Riverside,065,2383286,357511,354688,17064,371752,5041
2021-10-24,Sacramento,067,1510023,156687,155125,4678,159803,2232
2021-10-24,San Benito,069,59416,7329,7280,176,7456,71
2021-10-24,San Bernardino,071,2135413,350240,347681,11367,359048,5688
2021-10-24,San Diego,073,3302833,370181,366085,21493,387578,4183
2021-10-24,San Francisco,075,870044,52149,51820,2670,54490,649
2021-10-24,San Joaquin,077,732212,98280,97440,5420,102860,1721
2021-10-24,San Luis Obispo,079,281455,29034,28755,1235,29990,333
2021-10-24,San Mateo,081,765935,53083,52719,1535,54254,571
2021-10-24,Santa Barbara,083,443738,43960,43552,1675,45227,523
2021-10-24,Santa Clara,085,1922200,145272,144276,1345,145621,1897
2021-10-24,Santa Cruz,087,273765,20130,19967,1078,21045,221
2021-10-24,Shasta,089,179085,20887,20386,3611,23997,321
2021-10-24,Sierra,091,2930,179,168,22,190,0
2021-10-24,Siskiyou,093,43540,3260,3231,1313,4544,46
2021-10-24,Solano,095,438530,45161,44861,1216,46077,341
2021-10-24,Sonoma,097,501317,40951,40476,528,41004,393
2021-10-24,Stanislaus,099,539301,77806,76812,8860,85672,1145
2021-10-24,Sutter,101,95872,13769,13616,334,13950,175
2021-10-24,Tehama,103,63373,8265,8105,1488,9593,110
2021-10-24,Trinity,105,12862,729,696,184,880,11
2021-10-24,Tulare,107,460477,66726,65585,15224,80809,978
2021-10-24,Tuolumne,109,53932,7073,6840,85,6925,90
2021-10-24,Ventura,111,848112,97085,96664,4401,101065,1167
2021-10-24,Yolo,113,214977,19571,19280,1141,20421,248
2021-10-24,Yuba,115,75493,9968,9838,309,10147,82
2021-10-23,Alameda,001,1643700,118574,117816,2931,120747,1397
2021-10-23,Alpine,003,1148,105,105,0,105,0
2021-10-23,Amador,005,37829,5492,5412,61,5473,64
2021-10-23,Butte,007,227075,20454,20101,3772,23873,273
2021-10-23,Calaveras,009,45235,3986,3865,51,3916,81
2021-10-23,Colusa,011,21464,2487,2458,638,3096,18
2021-10-23,Contra Costa,013,1133247,98446,97855,2211,100066,1008
2021-10-23,Del Norte,015,27424,3571,3540,48,3588,42
2021-10-23,El Dorado,017,186661,15760,15540,1710,17250,149
2021-10-23,Fresno,019,978130,136366,134466,12061,146527,2094
2021-10-23,Glenn,021,27897,3426,3399,997,4396,33
2021-10-23,Humboldt,023,135768,8852,8753,551,9304,105
2021-10-23,Imperial,025,180216,33062,32777,3306,36083,766
2021-10-23,Inyo,027,18085,2227,2108,37,2145,41
2021-10-23,Kern,029,883053,124820,122939,21897,144836,1636
2021-10-23,Kings,031,150075,31476,30942,2017,32959,325
2021-10-23,Lake,033,64148,6619,6501,144,6645,105
2021-10-23,Lassen,035,31185,6746,6632,369,7001,27
2021-10-23,Los Angeles,037,10098052,1423976,1415919,56391,1472310,26527
2021-10-23,Madera,039,155013,22520,22062,1947,24009,281
2021-10-23,Marin,041,260295,17378,17264,452,17716,244
2021-10-23,Mariposa,043,17540,1231,1184,36,1220,5
2021-10-23,Mendocino,045,87422,7341,7220,471,7691,82
2021-10-23,Merced,047,269075,41339,40808,1691,42499,581
2021-10-23,Modoc,049,8938,518,507,183,690,5
2021-10-23,Mono,051,14174,1680,1655,19,1674,3
2021-10-23,Monterey,053,433212,47627,47456,3566,51022,586
2021-10-23,Napa,055,140530,12875,12789,107,12896,100
2021-10-23,Nevada,057,99092,9008,8861,307,9168,90
2021-10-23,Orange,059,3164182,304056,302237,15080,317317,5546
2021-10-23,Placer,061,380077,36365,35822,3686,39508,426
2021-10-23,Plumas,063,18699,1689,1623,38,1661,7
2021-10-23,Riverside,065,2383286,357195,354688,17058,371746,5041
2021-10-23,Sacramento,067,1510023,156558,155125,4670,159795,2232
2021-10-23,San Benito,069,59416,7319,7280,176,7456,71
2021-10-23,San Bernardino,071,2135413,349978,347681,11361,359042,5688
2021-10-23,San Diego,073,3302833,369830,366085,21464,387549,4183
2021-10-23,San Francisco,075,870044,52116,51820,2667,54487,649
2021-10-23,San Joaquin,077,732212,98213,97440,5411,102851,1721
2021-10-23,San Luis Obispo,079,281455,28997,28755,1233,29988,333
2021-10-23,San Mateo,081,765935,53052,52719,1525,54244,571
2021-10-23,Santa Barbara,083,443738,43929,43552,1672,45224,523
2021-10-23,Santa Clara,085,1922200,145165,144276,1340,145616,1897
2021-10-23,Santa Cruz,087,273765,20118,19967,1078,21045,221
2021-10-23,Shasta,089,179085,20853,20386,3600,23986,321
2021-10-23,Sierra,091,2930,178,168,22,190,0
2021-10-23,Siskiyou,093,43540,3259,3231,1313,4544,46
2021-10-23,Solano,095,438530,45138,44861,1213,46074,341
2021-10-23,Sonoma,097,501317,40911,40476,528,41004,393
2021-10-23,Stanislaus,099,539301,77717,76812,8841,85653,1145
2021-10-23,Sutter,101,95872,13764,13616,333,13949,175
2021-10-23,Tehama,103,63373,8255,8105,1487,9592,110
2021-10-23,Trinity,105,12862,728,696,184,880,11
2021-10-23,Tulare,107,460477,66642,65585,15164,80749,978
2021-10-23,Tuolumne,109,53932,7053,6840,85,6925,90
2021-10-23,Ventura,111,848112,97027,96664,4400,101064,1167
2021-10-23,Yolo,113,214977,19552,19280,1138,20418,248
2021-10-23,Yuba,115,75493,9960,9838,309,10147,82
2021-10-22,Alameda,001,1643700,118490,117816,2927,120743,1397
2021-10-22,Alpine,003,1148,105,105,0,105,0
2021-10-22,Amador,005,37829,5481,5412,61,5473,64
2021-10-22,Butte,007,227075,20422,20101,3769,23870,273
2021-10-22,Calaveras,009,45235,3978,3865,51,3916,81
2021-10-22,Colusa,011,21464,2484,2458,638,3096,18
2021-10-22,Contra Costa,013,1133247,98355,97855,2209,100064,1008
2021-10-22,Del Norte,015,27424,3567,3540,48,3588,42
2021-10-22,El Dorado,017,186661,15748,15540,1708,17248,149
2021-10-22,Fresno,019,978130,136176,134466,12059,146525,2094
2021-10-22,Glenn,021,27897,3416,3399,997,4396,33
2021-10-22,Humboldt,023,135768,8840,8753,550,9303,105
2021-10-22,Imperial,025,180216,33021,32777,3305,36082,766
2021-10-22,Inyo,027,18085,2214,2108,37,2145,41
2021-10-22,Kern,029,883053,124640,122939,21829,144768,1636
2021-10-22,Kings,031,150075,31442,30942,2016,32958,325
2021-10-22,Lake,033,64148,6610,6501,144,6645,105
2021-10-22,Lassen,035,31185,6739,6632,366,6998,27
2021-10-22,Los Angeles,037,10098052,1423251,1415919,56331,1472250,26527
2021-10-22,Madera,039,155013,22471,22062,1937,23999,281
2021-10-22,Marin,041,260295,17366,17264,452,17716,244
2021-10-22,Mariposa,043,17540,1228,1184,36,1220,5
2021-10-22,Mendocino,045,87422,7327,7220,470,7690,82
2021-10-22,Merced,047,269075,41302,40808,1686,42494,581
2021-10-22,Modoc,049,8938,518,507,183,690,5
2021-10-22,Mono,051,14174,1680,1655,19,1674,3
2021-10-22,Monterey,053,433212,47606,47456,3552,51008,586
2021-10-22,Napa,055,140530,12869,12789,107,12896,100
2021-10-22,Nevada,057,99092,8991,8861,306,9167,90
2021-10-22,Orange,059,3164182,303841,302237,15061,317298,5546
2021-10-22,Placer,061,380077,36337,35822,3677,39499,426
2021-10-22,Plumas,063,18699,1683,1623,38,1661,7
2021-10-22,Riverside,065,2383286,356886,354688,17053,371741,5041
2021-10-22,Sacramento,067,1510023,156375,155125,4658,159783,2232
2021-10-22,San Benito,069,59416,7314,7280,176,7456,71
2021-10-22,San Bernardino,071,2135413,349657,347681,11346,359027,5688
2021-10-22,San Diego,073,3302833,369424,366085,21446,387531,4183
2021-10-22,San Francisco,075,870044,52084,51820,2660,54480,649
2021-10-22,San Joaquin,077,732212,98155,97440,5408,102848,1721
2021-10-22,San Luis Obispo,079,281455,28967,28755,1233,29988,333
2021-10-22,San Mateo,081,765935,53008,52719,1513,54232,571
2021-10-22,Santa Barbara,083,443738,43888,43552,1672,45224,523
2021-10-22,Santa Clara,085,1922200,145012,144276,1332,145608,1897
2021-10-22,Santa Cruz,087,273765,20096,19967,1078,21045,221
2021-10-22,Shasta,089,179085,20826,20386,3599,23985,321
2021-10-22,Sierra,091,2930,177,168,21,189,0
2021-10-22,Siskiyou,093,43540,3257,3231,1310,4541,46
2021-10-22,Solano,095,438530,45103,44861,1209,46070,341
2021-10-22,Sonoma,097,501317,40855,40476,528,41004,393
2021-10-22,Stanislaus,099,539301,77615,76812,8822,85634,1145
2021-10-22,Sutter,101,95872,13749,13616,333,13949,175
2021-10-22,Tehama,103,63373,8241,8105,1478,9583,110
2021-10-22,Trinity,105,12862,727,696,184,880,11
2021-10-22,Tulare,107,460477,66561,65585,15109,80694,978
2021-10-22,Tuolumne,109,53932,7018,6840,85,6925,90
2021-10-22,Ventura,111,848112,96975,96664,4394,101058,1167
2021-10-22,Yolo,113,214977,19526,19280,1135,20415,248
2021-10-22,Yuba,115,75493,9946,9838,307,10145,82
2021-10-21,Alameda,001,1643700,118376,117816,2923,120739,1397
2021-10-21,Alpine,003,1148,105,105,0,105,0
2021-10-21,Amador,005,37829,5473,5412,61,5473,64
2021-10-21,Butte,007,227075,20339,20101,3759,23860,273
2021-10-21,Calaveras,009,45235,3959,3865,51,3916,81
2021-10-21,Colusa,011,21464,2481,2458,632,3090,18
2021-10-21,Contra Costa,013,1133247,98242,97855,2203,100058,1008
2021-10-21,Del Norte,015,27424,3561,3540,47,3587,42
2021-10-21,El Dorado,017,186661,15721,15540,1701,17241,149
2021-10-21,Fresno,019,978130,135854,134466,12020,146486,2094
2021-10-21,Glenn,021,27897,3413,3399,993,4392,33
2021-10-21,Humboldt,023,135768,8826,8753,546,9299,105
2021-10-21,Imperial,025,180216,32969,32777,3300,36077,766
2021-10-21,Inyo,027,18085,2192,2108,37,2145,41
2021-10-21,Kern,029,883053,124399,122939,21716,144655,1636
2021-10-21,Kings,031,150075,31342,30942,2010,32952,325
2021-10-21,Lake,033,64148,6597,6501,144,6645,105
2021-10-21,Lassen,035,31185,6726,6632,362,6994,27
2021-10-21,Los Angeles,037,10098052,1422154,1415919,56280,1472199,26527
2021-10-21,Madera,039,155013,22412,22062,1928,23990,281
2021-10-21,Marin,041,260295,17349,17264,452,17716,244
2021-10-21,Mariposa,043,17540,1221,1184,35,1219,5
2021-10-21,Mendocino,045,87422,7309,7220,462,7682,82
2021-10-21,Merced,047,269075,41198,40808,1680,42488,581
2021-10-21,Modoc,049,8938,518,507,183,690,5
2021-10-21,Mono,051,14174,1671,1655,18,1673,3
2021-10-21,Monterey,053,433212,47579,47456,3535,50991,586
2021-10-21,Napa,055,140530,12857,12789,107,12896,100
2021-10-21,Nevada,057,99092,8966,8861,306,9167,90
2021-10-21,Orange,059,3164182,303573,302237,15036,317273,5546
2021-10-21,Placer,061,380077,36253,35822,3664,39486,426
2021-10-21,Plumas,063,18699,1669,1623,38,1661,7
2021-10-21,Riverside,065,2383286,356441,354688,17041,371729,5041
2021-10-21,Sacramento,067,1510023,156060,155125,4632,159757,2232
2021-10-21,San Benito,069,59416,7307,7280,174,7454,71
2021-10-21,San Bernardino,071,2135413,349283,347681,11312,358993,5688
2021-10-21,San Diego,073,3302833,368902,366085,21416,387501,4183
2021-10-21,San Francisco,075,870044,52031,51820,2657,54477,649
2021-10-21,San Joaquin,077,732212,98018,97440,5400,102840,1721
2021-10-21,San Luis Obispo,079,281455,28925,28755,1231,29986,333
2021-10-21,San Mateo,081,765935,52966,52719,1509,54228,571
2021-10-21,Santa Barbara,083,443738,43823,43552,1669,45221,523
2021-10-21,Santa Clara,085,1922200,144839,144276,1330,145606,1897
2021-10-21,Santa Cruz,087,273765,20072,19967,1078,21045,221
2021-10-21,Shasta,089,179085,20766,20386,3584,23970,321
2021-10-21,Sierra,091,2930,176,168,20,188,0
2021-10-21,Siskiyou,093,43540,3252,3231,1306,4537,46
2021-10-21,Solano,095,438530,45053,44861,1207,46068,341
2021-10-21,Sonoma,097,501317,40788,40476,527,41003,393
2021-10-21,Stanislaus,099,539301,77447,76812,8811,85623,1145
2021-10-21,Sutter,101,95872,13721,13616,329,13945,175
2021-10-21,Tehama,103,63373,8218,8105,1470,9575,110
2021-10-21,Trinity,105,12862,725,696,184,880,11
2021-10-21,Tulare,107,460477,66372,65585,15037,80622,978
2021-10-21,Tuolumne,109,53932,6981,6840,84,6924,90
2021-10-21,Ventura,111,848112,96883,96664,4393,101057,1167
2021-10-21,Yolo,113,214977,19481,19280,1133,20413,248
2021-10-21,Yuba,115,75493,9922,9838,306,10144,82
2021-10-20,Alameda,001,1643700,118259,117654,2921,120575,1390
2021-10-20,Alpine,003,1148,105,103,0,103,0
2021-10-20,Amador,005,37829,5465,5379,61,5440,64
2021-10-20,Butte,007,227075,20286,20021,3746,23767,270
2021-10-20,Calaveras,009,45235,3939,3844,50,3894,81
2021-10-20,Colusa,011,21464,2477,2454,631,3085,18
2021-10-20,Contra Costa,013,1133247,98130,97721,2197,99918,1008
2021-10-20,Del Norte,015,27424,3557,3536,47,3583,42
2021-10-20,El Dorado,017,186661,15691,15502,1697,17199,149
2021-10-20,Fresno,019,978130,135462,134025,11992,146017,2084
2021-10-20,Glenn,021,27897,3405,3382,991,4373,33
2021-10-20,Humboldt,023,135768,8805,8727,544,9271,105
2021-10-20,Imperial,025,180216,32898,32705,3291,35996,766
2021-10-20,Inyo,027,18085,2172,2077,36,2113,40
2021-10-20,Kern,029,883053,124107,122630,21594,144224,1623
2021-10-20,Kings,031,150075,31268,30805,2000,32805,322
2021-10-20,Lake,033,64148,6577,6475,144,6619,104
2021-10-20,Lassen,035,31185,6711,6622,362,6984,27
2021-10-20,Los Angeles,037,10098052,1421056,1414931,56200,1471131,26506
2021-10-20,Madera,039,155013,22344,21983,1920,23903,281
2021-10-20,Marin,041,260295,17328,17250,450,17700,244
2021-10-20,Mariposa,043,17540,1213,1174,35,1209,5
2021-10-20,Mendocino,045,87422,7281,7189,459,7648,82
2021-10-20,Merced,047,269075,41112,40685,1669,42354,581
2021-10-20,Modoc,049,8938,518,504,183,687,5
2021-10-20,Mono,051,14174,1670,1653,18,1671,3
2021-10-20,Monterey,053,433212,47556,47430,3521,50951,587
2021-10-20,Napa,055,140530,12845,12773,106,12879,100
2021-10-20,Nevada,057,99092,8939,8836,306,9142,90
2021-10-20,Orange,059,3164182,303291,301957,15021,316978,5534
2021-10-20,Placer,061,380077,36168,35729,3655,39384,425
2021-10-20,Plumas,063,18699,1662,1604,38,1642,7
2021-10-20,Riverside,065,2383286,356002,354311,17022,371333,5030
2021-10-20,Sacramento,067,1510023,155765,154822,4607,159429,2222
2021-10-20,San Benito,069,59416,7304,7275,172,7447,71
2021-10-20,San Bernardino,071,2135413,348903,347217,11281,358498,5663
2021-10-20,San Diego,073,3302833,368391,365698,21391,387089,4178
2021-10-20,San Francisco,075,870044,51985,51755,2652,54407,646
2021-10-20,San Joaquin,077,732212,97874,97246,5391,102637,1721
2021-10-20,San Luis Obispo,079,281455,28879,28727,1226,29953,332
2021-10-20,San Mateo,081,765935,52903,52663,1491,54154,571
2021-10-20,Santa Barbara,083,443738,43764,43489,1668,45157,523
2021-10-20,Santa Clara,085,1922200,144708,144124,1325,145449,1896
2021-10-20,Santa Cruz,087,273765,20059,19951,1078,21029,219
2021-10-20,Shasta,089,179085,20709,20313,3556,23869,320
2021-10-20,Sierra,091,2930,176,168,20,188,0
2021-10-20,Siskiyou,093,43540,3252,3224,1300,4524,46
2021-10-20,Solano,095,438530,45021,44819,1205,46024,341
2021-10-20,Sonoma,097,501317,40745,40404,527,40931,393
2021-10-20,Stanislaus,099,539301,77296,76631,8793,85424,1145
2021-10-20,Sutter,101,95872,13697,13592,326,13918,175
2021-10-20,Tehama,103,63373,8185,8081,1464,9545,110
2021-10-20,Trinity,105,12862,725,693,183,876,11
2021-10-20,Tulare,107,460477,66198,65413,14986,80399,967
2021-10-20,Tuolumne,109,53932,6960,6803,84,6887,89
2021-10-20,Ventura,111,848112,96792,96610,4390,101000,1166
2021-10-20,Yolo,113,214977,19438,19236,1132,20368,248
2021-10-20,Yuba,115,75493,9905,9808,303,10111,82
2021-10-19,Alameda,001,1643700,118149,117542,2915,120457,1383
2021-10-19,Alpine,003,1148,105,103,0,103,0
2021-10-19,Amador,005,37829,5449,5367,61,5428,64
2021-10-19,Butte,007,227075,20231,19974,3739,23713,268
2021-10-19,Calaveras,009,45235,3922,3826,49,3875,80
2021-10-19,Colusa,011,21464,2474,2447,629,3076,18
2021-10-19,Contra Costa,013,1133247,98040,97613,2191,99804,1004
2021-10-19,Del Norte,015,27424,3550,3531,47,3578,42
2021-10-19,El Dorado,017,186661,15667,15478,1692,17170,149
2021-10-19,Fresno,019,978130,135112,133813,11969,145782,2073
2021-10-19,Glenn,021,27897,3404,3380,987,4367,33
2021-10-19,Humboldt,023,135768,8781,8714,538,9252,105
2021-10-19,Imperial,025,180216,32831,32632,3287,35919,764
2021-10-19,Inyo,027,18085,2141,2045,36,2081,40
2021-10-19,Kern,029,883053,123794,122391,21468,143859,1613
2021-10-19,Kings,031,150075,31174,30757,1993,32750,322
2021-10-19,Lake,033,64148,6573,6465,144,6609,104
2021-10-19,Lassen,035,31185,6705,6612,357,6969,27
2021-10-19,Los Angeles,037,10098052,1419825,1413882,56118,1470000,26473
2021-10-19,Madera,039,155013,22281,21950,1911,23861,281
2021-10-19,Marin,041,260295,17315,17241,447,17688,244
2021-10-19,Mariposa,043,17540,1207,1171,33,1204,5
2021-10-19,Mendocino,045,87422,7265,7172,456,7628,82
2021-10-19,Merced,047,269075,40996,40628,1650,42278,580
2021-10-19,Modoc,049,8938,516,502,183,685,5
2021-10-19,Mono,051,14174,1666,1651,18,1669,3
2021-10-19,Monterey,053,433212,47527,47412,3501,50913,583
2021-10-19,Napa,055,140530,12838,12769,106,12875,100
2021-10-19,Nevada,057,99092,8917,8829,305,9134,90
2021-10-19,Orange,059,3164182,303040,301700,14993,316693,5527
2021-10-19,Placer,061,380077,36047,35663,3640,39303,422
2021-10-19,Plumas,063,18699,1644,1586,38,1624,8
2021-10-19,Riverside,065,2383286,355583,353891,17014,370905,5020
2021-10-19,Sacramento,067,1510023,155460,154570,4577,159147,2227
2021-10-19,San Benito,069,59416,7288,7264,172,7436,71
2021-10-19,San Bernardino,071,2135413,348506,346814,11251,358065,5627
2021-10-19,San Diego,073,3302833,367798,365285,21359,386644,4170
2021-10-19,San Francisco,075,870044,51928,51704,2649,54353,645
2021-10-19,San Joaquin,077,732212,97706,97105,5379,102484,1721
2021-10-19,San Luis Obispo,079,281455,28835,28670,1224,29894,332
2021-10-19,San Mateo,081,765935,52851,52617,1483,54100,571
2021-10-19,Santa Barbara,083,443738,43698,43413,1666,45079,522
2021-10-19,Santa Clara,085,1922200,144535,143989,1317,145306,1898
2021-10-19,Santa Cruz,087,273765,20036,19895,1076,20971,218
2021-10-19,Shasta,089,179085,20628,20209,3546,23755,319
2021-10-19,Sierra,091,2930,173,168,20,188,0
2021-10-19,Siskiyou,093,43540,3248,3216,1294,4510,46
2021-10-19,Solano,095,438530,44981,44782,1201,45983,341
2021-10-19,Sonoma,097,501317,40673,40379,526,40905,392
2021-10-19,Stanislaus,099,539301,77157,76526,8778,85304,1145
2021-10-19,Sutter,101,95872,13672,13569,325,13894,174
2021-10-19,Tehama,103,63373,8155,8057,1448,9505,108
2021-10-19,Trinity,105,12862,718,691,183,874,11
2021-10-19,Tulare,107,460477,66019,65253,14918,80171,958
2021-10-19,Tuolumne,109,53932,6932,6782,83,6865,89
2021-10-19,Ventura,111,848112,96713,96539,4387,100926,1166
2021-10-19,Yolo,113,214977,19395,19206,1127,20333,248
2021-10-19,Yuba,115,75493,9888,9796,301,10097,82
2021-10-18,Alameda,001,1643700,118016,117506,2905,120411,1381
2021-10-18,Alpine,003,1148,105,103,0,103,0
2021-10-18,Amador,005,37829,5438,5345,61,5406,64
2021-10-18,Butte,007,227075,20183,19921,3731,23652,265
2021-10-18,Calaveras,009,45235,3897,3819,48,3867,80
2021-10-18,Colusa,011,21464,2473,2444,627,3071,18
2021-10-18,Contra Costa,013,1133247,97930,97585,2188,99773,995
2021-10-18,Del Norte,015,27424,3543,3529,47,3576,41
2021-10-18,El Dorado,017,186661,15637,15452,1689,17141,149
2021-10-18,Fresno,019,978130,134746,133688,11940,145628,2063
2021-10-18,Glenn,021,27897,3397,3370,981,4351,32
2021-10-18,Humboldt,023,135768,8764,8699,529,9228,104
2021-10-18,Imperial,025,180216,32738,32558,3287,35845,764
2021-10-18,Inyo,027,18085,2123,2020,36,2056,40
2021-10-18,Kern,029,883053,123498,122231,21372,143603,1605
2021-10-18,Kings,031,150075,31058,30698,1980,32678,320
2021-10-18,Lake,033,64148,6554,6455,142,6597,104
2021-10-18,Lassen,035,31185,6685,6607,354,6961,26
2021-10-18,Los Angeles,037,10098052,1418596,1413291,56039,1469330,26446
2021-10-18,Madera,039,155013,22227,21909,1899,23808,277
2021-10-18,Marin,041,260295,17295,17232,444,17676,244
2021-10-18,Mariposa,043,17540,1198,1160,33,1193,5
2021-10-18,Mendocino,045,87422,7246,7156,447,7603,82
2021-10-18,Merced,047,269075,40879,40573,1640,42213,579
2021-10-18,Modoc,049,8938,516,498,183,681,5
2021-10-18,Mono,051,14174,1655,1648,17,1665,3
2021-10-18,Monterey,053,433212,47510,47389,3491,50880,583
2021-10-18,Napa,055,140530,12823,12762,106,12868,100
2021-10-18,Nevada,057,99092,8898,8816,305,9121,90
2021-10-18,Orange,059,3164182,302709,301573,14963,316536,5524
2021-10-18,Placer,061,380077,35973,35598,3636,39234,420
2021-10-18,Plumas,063,18699,1636,1579,38,1617,6
2021-10-18,Riverside,065,2383286,355167,353699,17000,370699,5008
2021-10-18,Sacramento,067,1510023,155155,154428,4543,158971,2203
2021-10-18,San Benito,069,59416,7276,7253,171,7424,71
2021-10-18,San Bernardino,071,2135413,348084,346742,11236,357978,5606
2021-10-18,San Diego,073,3302833,367241,364948,21317,386265,4169
2021-10-18,San Francisco,075,870044,51865,51671,2641,54312,644
2021-10-18,San Joaquin,077,732212,97541,97041,5369,102410,1721
2021-10-18,San Luis Obispo,079,281455,28796,28644,1221,29865,331
2021-10-18,San Mateo,081,765935,52789,52594,1481,54075,571
2021-10-18,Santa Barbara,083,443738,43641,43386,1664,45050,522
2021-10-18,Santa Clara,085,1922200,144382,143891,1308,145199,1895
2021-10-18,Santa Cruz,087,273765,20022,19876,1074,20950,218
2021-10-18,Shasta,089,179085,20541,20146,3536,23682,313
2021-10-18,Sierra,091,2930,173,166,20,186,0
2021-10-18,Siskiyou,093,43540,3245,3210,1286,4496,42
2021-10-18,Solano,095,438530,44936,44758,1199,45957,339
2021-10-18,Sonoma,097,501317,40611,40349,522,40871,392
2021-10-18,Stanislaus,099,539301,76994,76466,8764,85230,1145
2021-10-18,Sutter,101,95872,13638,13557,323,13880,172
2021-10-18,Tehama,103,63373,8118,8042,1436,9478,107
2021-10-18,Trinity,105,12862,717,688,183,871,11
2021-10-18,Tulare,107,460477,65845,65171,14853,80024,958
2021-10-18,Tuolumne,109,53932,6903,6755,83,6838,89
2021-10-18,Ventura,111,848112,96620,96506,4385,100891,1165
2021-10-18,Yolo,113,214977,19359,19197,1124,20321,248
2021-10-18,Yuba,115,75493,9862,9782,298,10080,82
2021-10-17,Alameda,001,1643700,117871,117423,2899,120322,1376
2021-10-17,Alpine,003,1148,105,103,0,103,0
2021-10-17,Amador,005,37829,5415,5341,61,5402,64
2021-10-17,Butte,007,227075,20094,19897,3722,23619,265
2021-10-17,Calaveras,009,45235,3881,3805,48,3853,80
2021-10-17,Colusa,011,21464,2468,2442,620,3062,18
2021-10-17,Contra Costa,013,1133247,97804,97485,2177,99662,995
2021-10-17,Del Norte,015,27424,3538,3526,47,3573,41
2021-10-17,El Dorado,017,186661,15580,15438,1682,17120,149
2021-10-17,Fresno,019,978130,134308,133429,11909,145338,2063
2021-10-17,Glenn,021,27897,3381,3364,979,4343,32
2021-10-17,Humboldt,023,135768,8744,8690,526,9216,104
2021-10-17,Imperial,025,180216,32658,32520,3281,35801,764
2021-10-17,Inyo,027,18085,2095,2000,36,2036,40
2021-10-17,Kern,029,883053,123151,122085,21272,143357,1603
2021-10-17,Kings,031,150075,30947,30636,1970,32606,315
2021-10-17,Lake,033,64148,6538,6437,141,6578,104
2021-10-17,Lassen,035,31185,6673,6605,349,6954,26
2021-10-17,Los Angeles,037,10098052,1417278,1412371,55959,1468330,26443
2021-10-17,Madera,039,155013,22166,21869,1890,23759,277
2021-10-17,Marin,041,260295,17274,17211,444,17655,243
2021-10-17,Mariposa,043,17540,1192,1150,33,1183,5
2021-10-17,Mendocino,045,87422,7219,7148,440,7588,82
2021-10-17,Merced,047,269075,40749,40531,1625,42156,579
2021-10-17,Modoc,049,8938,513,498,181,679,5
2021-10-17,Mono,051,14174,1654,1640,16,1656,3
2021-10-17,Monterey,053,433212,47478,47369,3469,50838,583
2021-10-17,Napa,055,140530,12808,12753,103,12856,100
2021-10-17,Nevada,057,99092,8881,8794,304,9098,90
2021-10-17,Orange,059,3164182,302402,301414,14936,316350,5524
2021-10-17,Placer,061,380077,35871,35559,3621,39180,420
2021-10-17,Plumas,063,18699,1613,1571,35,1606,6
2021-10-17,Riverside,065,2383286,354689,353500,16984,370484,5008
2021-10-17,Sacramento,067,1510023,154763,154080,4521,158601,2213
2021-10-17,San Benito,069,59416,7267,7250,170,7420,71
2021-10-17,San Bernardino,071,2135413,347659,346524,11216,357740,5597
2021-10-17,San Diego,073,3302833,366634,364675,21288,385963,4163
2021-10-17,San Francisco,075,870044,51792,51625,2632,54257,644
2021-10-17,San Joaquin,077,732212,97367,96950,5360,102310,1721
2021-10-17,San Luis Obispo,079,281455,28745,28604,1213,29817,331
2021-10-17,San Mateo,081,765935,52748,52541,1469,54010,571
2021-10-17,Santa Barbara,083,443738,43579,43344,1663,45007,522
2021-10-17,Santa Clara,085,1922200,144211,143768,1298,145066,1895
2021-10-17,Santa Cruz,087,273765,19994,19861,1072,20933,218
2021-10-17,Shasta,089,179085,20453,20116,3524,23640,312
2021-10-17,Sierra,091,2930,171,165,20,185,0
2021-10-17,Siskiyou,093,43540,3237,3204,1283,4487,42
2021-10-17,Solano,095,438530,44880,44722,1198,45920,340
2021-10-17,Sonoma,097,501317,40537,40306,521,40827,392
2021-10-17,Stanislaus,099,539301,76797,76354,8750,85104,1145
2021-10-17,Sutter,101,95872,13621,13543,321,13864,172
2021-10-17,Tehama,103,63373,8080,8015,1419,9434,107
2021-10-17,Trinity,105,12862,714,686,182,868,11
2021-10-17,Tulare,107,460477,65663,65057,14777,79834,958
2021-10-17,Tuolumne,109,53932,6868,6735,82,6817,89
2021-10-17,Ventura,111,848112,96526,96458,4382,100840,1165
2021-10-17,Yolo,113,214977,19319,19171,1115,20286,248
2021-10-17,Yuba,115,75493,9836,9771,296,10067,82
2021-10-16,Alameda,001,1643700,117785,117027,2898,119925,1365
2021-10-16,Alpine,003,1148,104,102,0,102,0
2021-10-16,Amador,005,37829,5408,5310,61,5371,64
2021-10-16,Butte,007,227075,20063,19612,3715,23327,260
2021-10-16,Calaveras,009,45235,3874,3771,48,3819,80
2021-10-16,Colusa,011,21464,2464,2431,618,3049,18
2021-10-16,Contra Costa,013,1133247,97715,97107,2174,99281,982
2021-10-16,Del Norte,015,27424,3535,3516,47,3563,41
2021-10-16,El Dorado,017,186661,15558,15315,1680,16995,149
2021-10-16,Fresno,019,978130,134167,132433,11901,144334,2051
2021-10-16,Glenn,021,27897,3379,3331,979,4310,26
2021-10-16,Humboldt,023,135768,8731,8621,521,9142,104
2021-10-16,Imperial,025,180216,32644,32368,3280,35648,764
2021-10-16,Inyo,027,18085,2081,1932,36,1968,39
2021-10-16,Kern,029,883053,122998,121354,21184,142538,1590
2021-10-16,Kings,031,150075,30899,30418,1967,32385,314
2021-10-16,Lake,033,64148,6527,6378,141,6519,104
2021-10-16,Lassen,035,31185,6665,6559,345,6904,26
2021-10-16,Los Angeles,037,10098052,1416634,1409418,55901,1465319,26398
2021-10-16,Madera,039,155013,22122,21707,1888,23595,277
2021-10-16,Marin,041,260295,17265,17148,444,17592,243
2021-10-16,Mariposa,043,17540,1190,1096,33,1129,5
2021-10-16,Mendocino,045,87422,7208,7099,440,7539,82
2021-10-16,Merced,047,269075,40719,40265,1624,41889,577
2021-10-16,Modoc,049,8938,510,492,181,673,5
2021-10-16,Mono,051,14174,1653,1628,16,1644,3
2021-10-16,Monterey,053,433212,47464,47293,3458,50751,582
2021-10-16,Napa,055,140530,12797,12706,103,12809,100
2021-10-16,Nevada,057,99092,8861,8739,304,9043,90
2021-10-16,Orange,059,3164182,302228,300722,14916,315638,5509
2021-10-16,Placer,061,380077,35788,35343,3614,38957,412
2021-10-16,Plumas,063,18699,1608,1542,34,1576,6
2021-10-16,Riverside,065,2383286,354423,352435,16972,369407,4990
2021-10-16,Sacramento,067,1510023,154562,153264,4516,157780,2192
2021-10-16,San Benito,069,59416,7254,7210,169,7379,71
2021-10-16,San Bernardino,071,2135413,347456,345418,11209,356627,5566
2021-10-16,San Diego,073,3302833,366315,363109,21272,384381,4151
2021-10-16,San Francisco,075,870044,51745,51436,2628,54064,645
2021-10-16,San Joaquin,077,732212,97299,96507,5357,101864,1708
2021-10-16,San Luis Obispo,079,281455,28719,28460,1212,29672,329
2021-10-16,San Mateo,081,765935,52706,52399,1463,53862,569
2021-10-16,Santa Barbara,083,443738,43543,43175,1662,44837,521
2021-10-16,Santa Clara,085,1922200,144110,143282,1290,144572,1890
2021-10-16,Santa Cruz,087,273765,19978,19794,1071,20865,218
2021-10-16,Shasta,089,179085,20403,19932,3513,23445,309
2021-10-16,Sierra,091,2930,169,160,20,180,0
2021-10-16,Siskiyou,093,43540,3235,3173,1277,4450,42
2021-10-16,Solano,095,438530,44855,44585,1194,45779,334
2021-10-16,Sonoma,097,501317,40497,40195,521,40716,390
2021-10-16,Stanislaus,099,539301,76711,75868,8741,84609,1142
2021-10-16,Sutter,101,95872,13602,13471,320,13791,169
2021-10-16,Tehama,103,63373,8066,7907,1414,9321,104
2021-10-16,Trinity,105,12862,714,679,182,861,11
2021-10-16,Tulare,107,460477,65531,64489,14742,79231,951
2021-10-16,Tuolumne,109,53932,6836,6666,82,6748,89
2021-10-16,Ventura,111,848112,96497,96181,4377,100558,1164
2021-10-16,Yolo,113,214977,19293,19078,1109,20187,247
2021-10-16,Yuba,115,75493,9813,9705,292,9997,82
2021-10-15,Alameda,001,1643700,117715,117027,2894,119921,1365
2021-10-15,Alpine,003,1148,104,102,0,102,0
2021-10-15,Amador,005,37829,5384,5310,61,5371,64
2021-10-15,Butte,007,227075,20028,19612,3708,23320,260
2021-10-15,Calaveras,009,45235,3868,3771,48,3819,80
2021-10-15,Colusa,011,21464,2462,2431,614,3045,18
2021-10-15,Contra Costa,013,1133247,97634,97107,2171,99278,982
2021-10-15,Del Norte,015,27424,3533,3516,47,3563,41
2021-10-15,El Dorado,017,186661,15538,15315,1675,16990,149
2021-10-15,Fresno,019,978130,133927,132433,11896,144329,2051
2021-10-15,Glenn,021,27897,3375,3331,978,4309,26
2021-10-15,Humboldt,023,135768,8722,8621,519,9140,104
2021-10-15,Imperial,025,180216,32597,32368,3277,35645,764
2021-10-15,Inyo,027,18085,2063,1932,36,1968,39
2021-10-15,Kern,029,883053,122863,121354,21110,142464,1590
2021-10-15,Kings,031,150075,30844,30418,1963,32381,314
2021-10-15,Lake,033,64148,6519,6378,141,6519,104
2021-10-15,Lassen,035,31185,6653,6559,344,6903,26
2021-10-15,Los Angeles,037,10098052,1415954,1409418,55854,1465272,26398
2021-10-15,Madera,039,155013,22077,21707,1882,23589,277
2021-10-15,Marin,041,260295,17254,17148,444,17592,243
2021-10-15,Mariposa,043,17540,1182,1096,33,1129,5
2021-10-15,Mendocino,045,87422,7193,7099,440,7539,82
2021-10-15,Merced,047,269075,40691,40265,1621,41886,577
2021-10-15,Modoc,049,8938,509,492,181,673,5
2021-10-15,Mono,051,14174,1652,1628,16,1644,3
2021-10-15,Monterey,053,433212,47444,47293,3454,50747,582
2021-10-15,Napa,055,140530,12793,12706,103,12809,100
2021-10-15,Nevada,057,99092,8847,8739,304,9043,90
2021-10-15,Orange,059,3164182,302065,300722,14903,315625,5509
2021-10-15,Placer,061,380077,35737,35343,3608,38951,412
2021-10-15,Plumas,063,18699,1600,1542,34,1576,6
2021-10-15,Riverside,065,2383286,354182,352435,16967,369402,4990
2021-10-15,Sacramento,067,1510023,154377,153264,4507,157771,2192
2021-10-15,San Benito,069,59416,7251,7210,169,7379,71
2021-10-15,San Bernardino,071,2135413,347222,345418,11207,356625,5566
2021-10-15,San Diego,073,3302833,365950,363109,21247,384356,4151
2021-10-15,San Francisco,075,870044,51707,51436,2621,54057,645
2021-10-15,San Joaquin,077,732212,97221,96507,5350,101857,1708
2021-10-15,San Luis Obispo,079,281455,28698,28460,1210,29670,329
2021-10-15,San Mateo,081,765935,52670,52399,1456,53855,569
2021-10-15,Santa Barbara,083,443738,43507,43175,1662,44837,521
2021-10-15,Santa Clara,085,1922200,143989,143282,1281,144563,1890
2021-10-15,Santa Cruz,087,273765,19967,19794,1071,20865,218
2021-10-15,Shasta,089,179085,20349,19932,3506,23438,309
2021-10-15,Sierra,091,2930,168,160,20,180,0
2021-10-15,Siskiyou,093,43540,3234,3173,1274,4447,42
2021-10-15,Solano,095,438530,44829,44585,1194,45779,334
2021-10-15,Sonoma,097,501317,40463,40195,520,40715,390
2021-10-15,Stanislaus,099,539301,76632,75868,8725,84593,1142
2021-10-15,Sutter,101,95872,13585,13471,318,13789,169
2021-10-15,Tehama,103,63373,8049,7907,1409,9316,104
2021-10-15,Trinity,105,12862,714,679,182,861,11
2021-10-15,Tulare,107,460477,65455,64489,14703,79192,951
2021-10-15,Tuolumne,109,53932,6814,6666,80,6746,89
2021-10-15,Ventura,111,848112,96456,96181,4373,100554,1164
2021-10-15,Yolo,113,214977,19280,19078,1105,20183,247
2021-10-15,Yuba,115,75493,9803,9705,291,9996,82
2021-10-14,Alameda,001,1643700,117609,117027,2888,119915,1365
2021-10-14,Alpine,003,1148,104,102,0,102,0
2021-10-14,Amador,005,37829,5374,5310,61,5371,64
2021-10-14,Butte,007,227075,19976,19612,3703,23315,260
2021-10-14,Calaveras,009,45235,3855,3771,47,3818,80
2021-10-14,Colusa,011,21464,2460,2431,612,3043,18
2021-10-14,Contra Costa,013,1133247,97502,97107,2165,99272,982
2021-10-14,Del Norte,015,27424,3527,3516,47,3563,41
2021-10-14,El Dorado,017,186661,15499,15315,1672,16987,149
2021-10-14,Fresno,019,978130,133653,132433,11875,144308,2051
2021-10-14,Glenn,021,27897,3372,3331,977,4308,26
2021-10-14,Humboldt,023,135768,8704,8621,516,9137,104
2021-10-14,Imperial,025,180216,32533,32368,3270,35638,764
2021-10-14,Inyo,027,18085,2044,1932,36,1968,39
2021-10-14,Kern,029,883053,122595,121354,21009,142363,1590
2021-10-14,Kings,031,150075,30778,30418,1955,32373,314
2021-10-14,Lake,033,64148,6498,6378,140,6518,104
2021-10-14,Lassen,035,31185,6647,6559,343,6902,26
2021-10-14,Los Angeles,037,10098052,1415006,1409418,55800,1465218,26398
2021-10-14,Madera,039,155013,22012,21707,1877,23584,277
2021-10-14,Marin,041,260295,17249,17148,442,17590,243
2021-10-14,Mariposa,043,17540,1170,1096,32,1128,5
2021-10-14,Mendocino,045,87422,7179,7099,439,7538,82
2021-10-14,Merced,047,269075,40608,40265,1607,41872,577
2021-10-14,Modoc,049,8938,509,492,181,673,5
2021-10-14,Mono,051,14174,1645,1628,16,1644,3
2021-10-14,Monterey,053,433212,47420,47293,3447,50740,582
2021-10-14,Napa,055,140530,12778,12706,103,12809,100
2021-10-14,Nevada,057,99092,8820,8739,302,9041,90
2021-10-14,Orange,059,3164182,301867,300722,14888,315610,5509
2021-10-14,Placer,061,380077,35671,35343,3594,38937,412
2021-10-14,Plumas,063,18699,1585,1542,34,1576,6
2021-10-14,Riverside,065,2383286,353784,352435,16958,369393,4990
2021-10-14,Sacramento,067,1510023,154123,153264,4484,157748,2192
2021-10-14,San Benito,069,59416,7240,7210,169,7379,71
2021-10-14,San Bernardino,071,2135413,346863,345418,11200,356618,5566
2021-10-14,San Diego,073,3302833,365508,363109,21219,384328,4151
2021-10-14,San Francisco,075,870044,51654,51436,2615,54051,645
2021-10-14,San Joaquin,077,732212,97092,96507,5340,101847,1708
2021-10-14,San Luis Obispo,079,281455,28655,28460,1206,29666,329
2021-10-14,San Mateo,081,765935,52625,52399,1452,53851,569
2021-10-14,Santa Barbara,083,443738,43451,43175,1657,44832,521
2021-10-14,Santa Clara,085,1922200,143853,143282,1276,144558,1890
2021-10-14,Santa Cruz,087,273765,19944,19794,1071,20865,218
2021-10-14,Shasta,089,179085,20290,19932,3494,23426,309
2021-10-14,Sierra,091,2930,168,160,20,180,0
2021-10-14,Siskiyou,093,43540,3231,3173,1266,4439,42
2021-10-14,Solano,095,438530,44780,44585,1188,45773,334
2021-10-14,Sonoma,097,501317,40413,40195,517,40712,390
2021-10-14,Stanislaus,099,539301,76486,75868,8712,84580,1142
2021-10-14,Sutter,101,95872,13565,13471,317,13788,169
2021-10-14,Tehama,103,63373,8013,7907,1400,9307,104
2021-10-14,Trinity,105,12862,713,679,181,860,11
2021-10-14,Tulare,107,460477,65277,64489,14656,79145,951
2021-10-14,Tuolumne,109,53932,6785,6666,79,6745,89
2021-10-14,Ventura,111,848112,96391,96181,4366,100547,1164
2021-10-14,Yolo,113,214977,19249,19078,1098,20176,247
2021-10-14,Yuba,115,75493,9789,9705,282,9987,82
2021-10-13,Alameda,001,1643700,117509,116914,2882,119796,1360
2021-10-13,Alpine,003,1148,104,102,0,102,0
2021-10-13,Amador,005,37829,5360,5305,61,5366,63
2021-10-13,Butte,007,227075,19903,19546,3699,23245,257
2021-10-13,Calaveras,009,45235,3834,3756,45,3801,79
2021-10-13,Colusa,011,21464,2453,2430,608,3038,18
2021-10-13,Contra Costa,013,1133247,97388,96975,2164,99139,969
2021-10-13,Del Norte,015,27424,3522,3512,47,3559,39
2021-10-13,El Dorado,017,186661,15477,15302,1667,16969,149
2021-10-13,Fresno,019,978130,133336,132055,11855,143910,2048
2021-10-13,Glenn,021,27897,3358,3327,974,4301,26
2021-10-13,Humboldt,023,135768,8695,8604,508,9112,102
2021-10-13,Imperial,025,180216,32477,32317,3267,35584,762
2021-10-13,Inyo,027,18085,2007,1907,36,1943,39
2021-10-13,Kern,029,883053,122355,120956,20918,141874,1586
2021-10-13,Kings,031,150075,30697,30246,1948,32194,312
2021-10-13,Lake,033,64148,6478,6371,140,6511,103
2021-10-13,Lassen,035,31185,6637,6535,337,6872,25
2021-10-13,Los Angeles,037,10098052,1413973,1408384,55743,1464127,26379
2021-10-13,Madera,039,155013,21957,21609,1861,23470,277
2021-10-13,Marin,041,260295,17225,17137,441,17578,243
2021-10-13,Mariposa,043,17540,1155,1090,32,1122,5
2021-10-13,Mendocino,045,87422,7164,7088,431,7519,82
2021-10-13,Merced,047,269075,40521,40164,1595,41759,577
2021-10-13,Modoc,049,8938,507,490,179,669,5
2021-10-13,Mono,051,14174,1643,1612,16,1628,3
2021-10-13,Monterey,053,433212,47403,47273,3438,50711,582
2021-10-13,Napa,055,140530,12768,12695,101,12796,100
2021-10-13,Nevada,057,99092,8798,8725,302,9027,90
2021-10-13,Orange,059,3164182,301669,300468,14872,315340,5503
2021-10-13,Placer,061,380077,35607,35254,3583,38837,412
2021-10-13,Plumas,063,18699,1568,1514,34,1548,6
2021-10-13,Riverside,065,2383286,353455,352044,16945,368989,4978
2021-10-13,Sacramento,067,1510023,153877,153141,4459,157600,2182
2021-10-13,San Benito,069,59416,7234,7196,168,7364,71
2021-10-13,San Bernardino,071,2135413,346543,344951,11183,356134,5562
2021-10-13,San Diego,073,3302833,365071,362564,21198,383762,4141
2021-10-13,San Francisco,075,870044,51613,51379,2610,53989,644
2021-10-13,San Joaquin,077,732212,96953,96343,5336,101679,1696
2021-10-13,San Luis Obispo,079,281455,28617,28397,1203,29600,330
2021-10-13,San Mateo,081,765935,52575,52352,1447,53799,569
2021-10-13,Santa Barbara,083,443738,43400,43109,1657,44766,518
2021-10-13,Santa Clara,085,1922200,143717,143064,1275,144339,1886
2021-10-13,Santa Cruz,087,273765,19918,19763,1070,20833,217
2021-10-13,Shasta,089,179085,20224,19802,3472,23274,307
2021-10-13,Sierra,091,2930,168,155,20,175,0
2021-10-13,Siskiyou,093,43540,3223,3173,1265,4438,42
2021-10-13,Solano,095,438530,44742,44558,1186,45744,334
2021-10-13,Sonoma,097,501317,40361,40122,517,40639,390
2021-10-13,Stanislaus,099,539301,76344,75698,8703,84401,1136
2021-10-13,Sutter,101,95872,13535,13458,315,13773,169
2021-10-13,Tehama,103,63373,7974,7849,1396,9245,103
2021-10-13,Trinity,105,12862,710,677,181,858,11
2021-10-13,Tulare,107,460477,65097,64297,14601,78898,945
2021-10-13,Tuolumne,109,53932,6771,6644,78,6722,89
2021-10-13,Ventura,111,848112,96317,96099,4360,100459,1162
2021-10-13,Yolo,113,214977,19219,19023,1095,20118,247
2021-10-13,Yuba,115,75493,9766,9690,266,9956,80
2021-10-12,Alameda,001,1643700,117408,116813,2877,119690,1357
2021-10-12,Alpine,003,1148,104,102,0,102,0
2021-10-12,Amador,005,37829,5350,5301,61,5362,63
2021-10-12,Butte,007,227075,19834,19506,3687,23193,256
2021-10-12,Calaveras,009,45235,3819,3750,45,3795,75
2021-10-12,Colusa,011,21464,2450,2428,606,3034,18
2021-10-12,Contra Costa,013,1133247,97276,96894,2154,99048,960
2021-10-12,Del Norte,015,27424,3517,3511,46,3557,39
2021-10-12,El Dorado,017,186661,15444,15287,1665,16952,148
2021-10-12,Fresno,019,978130,132987,131848,11829,143677,2042
2021-10-12,Glenn,021,27897,3349,3321,971,4292,26
2021-10-12,Humboldt,023,135768,8669,8587,501,9088,102
2021-10-12,Imperial,025,180216,32425,32267,3265,35532,762
2021-10-12,Inyo,027,18085,1975,1889,36,1925,39
2021-10-12,Kern,029,883053,122071,120826,20808,141634,1580
2021-10-12,Kings,031,150075,30625,30200,1937,32137,312
2021-10-12,Lake,033,64148,6463,6372,140,6512,97
2021-10-12,Lassen,035,31185,6628,6526,335,6861,25
2021-10-12,Los Angeles,037,10098052,1412922,1407462,55691,1463153,26362
2021-10-12,Madera,039,155013,21884,21574,1855,23429,277
2021-10-12,Marin,041,260295,17202,17126,441,17567,242
2021-10-12,Mariposa,043,17540,1141,1088,32,1120,5
2021-10-12,Mendocino,045,87422,7136,7077,429,7506,82
2021-10-12,Merced,047,269075,40442,40113,1590,41703,567
2021-10-12,Modoc,049,8938,502,485,178,663,5
2021-10-12,Mono,051,14174,1638,1608,16,1624,3
2021-10-12,Monterey,053,433212,47375,47254,3427,50681,582
2021-10-12,Napa,055,140530,12755,12671,101,12772,97
2021-10-12,Nevada,057,99092,8786,8720,301,9021,89
2021-10-12,Orange,059,3164182,301414,300256,14848,315104,5499
2021-10-12,Placer,061,380077,35546,35214,3575,38789,404
2021-10-12,Plumas,063,18699,1547,1488,33,1521,6
2021-10-12,Riverside,065,2383286,353130,351771,16931,368702,4973
2021-10-12,Sacramento,067,1510023,153585,152935,4426,157361,2170
2021-10-12,San Benito,069,59416,7220,7193,168,7361,71
2021-10-12,San Bernardino,071,2135413,346230,344788,11174,355962,5563
2021-10-12,San Diego,073,3302833,364546,362256,21168,383424,4137
2021-10-12,San Francisco,075,870044,51554,51301,2607,53908,643
2021-10-12,San Joaquin,077,732212,96816,96237,5331,101568,1690
2021-10-12,San Luis Obispo,079,281455,28570,28379,1202,29581,327
2021-10-12,San Mateo,081,765935,52528,52328,1443,53771,569
2021-10-12,Santa Barbara,083,443738,43340,43076,1657,44733,515
2021-10-12,Santa Clara,085,1922200,143567,142954,1273,144227,1882
2021-10-12,Santa Cruz,087,273765,19893,19757,1070,20827,218
2021-10-12,Shasta,089,179085,20154,19731,3450,23181,304
2021-10-12,Sierra,091,2930,168,153,20,173,0
2021-10-12,Siskiyou,093,43540,3213,3166,1258,4424,42
2021-10-12,Solano,095,438530,44699,44516,1182,45698,329
2021-10-12,Sonoma,097,501317,40318,40105,517,40622,390
2021-10-12,Stanislaus,099,539301,76194,75589,8688,84277,1126
2021-10-12,Sutter,101,95872,13512,13436,311,13747,168
2021-10-12,Tehama,103,63373,7945,7820,1392,9212,103
2021-10-12,Trinity,105,12862,707,676,181,857,11
2021-10-12,Tulare,107,460477,64922,64216,14541,78757,944
2021-10-12,Tuolumne,109,53932,6754,6637,77,6714,89
2021-10-12,Ventura,111,848112,96209,96022,4357,100379,1160
2021-10-12,Yolo,113,214977,19191,18987,1087,20074,247
2021-10-12,Yuba,115,75493,9751,9676,262,9938,70
2021-10-11,Alameda,001,1643700,117270,116759,2875,119634,1358
2021-10-11,Alpine,003,1148,103,102,0,102,0
2021-10-11,Amador,005,37829,5338,5286,61,5347,62
2021-10-11,Butte,007,227075,19776,19452,3681,23133,253
2021-10-11,Calaveras,009,45235,3798,3750,45,3795,75
2021-10-11,Colusa,011,21464,2446,2427,599,3026,18
2021-10-11,Contra Costa,013,1133247,97140,96832,2148,98980,960
2021-10-11,Del Norte,015,27424,3514,3510,42,3552,39
2021-10-11,El Dorado,017,186661,15416,15273,1661,16934,146
2021-10-11,Fresno,019,978130,132668,131703,11804,143507,2036
2021-10-11,Glenn,021,27897,3334,3308,970,4278,26
2021-10-11,Humboldt,023,135768,8644,8571,494,9065,101
2021-10-11,Imperial,025,180216,32375,32207,3260,35467,762
2021-10-11,Inyo,027,18085,1952,1862,35,1897,39
2021-10-11,Kern,029,883053,121838,120684,20711,141395,1575
2021-10-11,Kings,031,150075,30536,30180,1927,32107,309
2021-10-11,Lake,033,64148,6447,6361,136,6497,97
2021-10-11,Lassen,035,31185,6608,6499,332,6831,25
2021-10-11,Los Angeles,037,10098052,1411887,1406826,55636,1462462,26346
2021-10-11,Madera,039,155013,21826,21555,1841,23396,272
2021-10-11,Marin,041,260295,17184,17121,437,17558,242
2021-10-11,Mariposa,043,17540,1112,1083,32,1115,5
2021-10-11,Mendocino,045,87422,7120,7064,425,7489,82
2021-10-11,Merced,047,269075,40319,40064,1566,41630,566
2021-10-11,Modoc,049,8938,499,482,175,657,5
2021-10-11,Mono,051,14174,1624,1604,16,1620,3
2021-10-11,Monterey,053,433212,47347,47241,3421,50662,580
2021-10-11,Napa,055,140530,12732,12654,99,12753,96
2021-10-11,Nevada,057,99092,8765,8716,300,9016,90
2021-10-11,Orange,059,3164182,301187,299941,14821,314762,5499
2021-10-11,Placer,061,380077,35476,35173,3557,38730,404
2021-10-11,Plumas,063,18699,1528,1469,31,1500,6
2021-10-11,Riverside,065,2383286,352790,351444,16926,368370,4973
2021-10-11,Sacramento,067,1510023,153297,152681,4395,157076,2169
2021-10-11,San Benito,069,59416,7198,7184,166,7350,71
2021-10-11,San Bernardino,071,2135413,345852,344594,11166,355760,5549
2021-10-11,San Diego,073,3302833,364027,361712,21135,382847,4124
2021-10-11,San Francisco,075,870044,51484,51275,2601,53876,643
2021-10-11,San Joaquin,077,732212,96664,96152,5320,101472,1681
2021-10-11,San Luis Obispo,079,281455,28524,28355,1197,29552,327
2021-10-11,San Mateo,081,765935,52480,52298,1442,53740,569
2021-10-11,Santa Barbara,083,443738,43295,43018,1656,44674,515
2021-10-11,Santa Clara,085,1922200,143408,142836,1270,144106,1882
2021-10-11,Santa Cruz,087,273765,19868,19745,1069,20814,217
2021-10-11,Shasta,089,179085,20074,19662,3434,23096,295
2021-10-11,Sierra,091,2930,163,147,19,166,0
2021-10-11,Siskiyou,093,43540,3205,3159,1254,4413,42
2021-10-11,Solano,095,438530,44652,44474,1179,45653,329
2021-10-11,Sonoma,097,501317,40273,40067,517,40584,390
2021-10-11,Stanislaus,099,539301,76021,75478,8670,84148,1118
2021-10-11,Sutter,101,95872,13493,13427,309,13736,165
2021-10-11,Tehama,103,63373,7904,7795,1382,9177,102
2021-10-11,Trinity,105,12862,702,675,179,854,11
2021-10-11,Tulare,107,460477,64743,64094,14474,78568,942
2021-10-11,Tuolumne,109,53932,6718,6602,77,6679,89
2021-10-11,Ventura,111,848112,96107,95876,4349,100225,1160
2021-10-11,Yolo,113,214977,19145,18977,1084,20061,247
2021-10-11,Yuba,115,75493,9735,9657,249,9906,69
2021-10-10,Alameda,001,1643700,117151,116679,2870,119549,1358
2021-10-10,Alpine,003,1148,103,102,0,102,0
2021-10-10,Amador,005,37829,5323,5278,61,5339,62
2021-10-10,Butte,007,227075,19714,19430,3667,23097,253
2021-10-10,Calaveras,009,45235,3786,3747,45,3792,75
2021-10-10,Colusa,011,21464,2445,2425,598,3023,18
2021-10-10,Contra Costa,013,1133247,97041,96760,2142,98902,960
2021-10-10,Del Norte,015,27424,3510,3507,42,3549,39
2021-10-10,El Dorado,017,186661,15385,15250,1654,16904,146
2021-10-10,Fresno,019,978130,132347,131434,11783,143217,2035
2021-10-10,Glenn,021,27897,3332,3297,968,4265,26
2021-10-10,Humboldt,023,135768,8624,8554,490,9044,101
2021-10-10,Imperial,025,180216,32301,32167,3259,35426,762
2021-10-10,Inyo,027,18085,1931,1857,35,1892,39
2021-10-10,Kern,029,883053,121514,120552,20604,141156,1573
2021-10-10,Kings,031,150075,30449,30122,1917,32039,308
2021-10-10,Lake,033,64148,6431,6349,135,6484,97
2021-10-10,Lassen,035,31185,6588,6495,331,6826,26
2021-10-10,Los Angeles,037,10098052,1410730,1406034,55557,1461591,26338
2021-10-10,Madera,039,155013,21780,21486,1832,23318,272
2021-10-10,Marin,041,260295,17167,17112,437,17549,242
2021-10-10,Mariposa,043,17540,1110,1074,32,1106,5
2021-10-10,Mendocino,045,87422,7105,7060,417,7477,81
2021-10-10,Merced,047,269075,40238,40036,1548,41584,566
2021-10-10,Modoc,049,8938,499,482,175,657,5
2021-10-10,Mono,051,14174,1623,1596,16,1612,3
2021-10-10,Monterey,053,433212,47322,47228,3415,50643,580
2021-10-10,Napa,055,140530,12709,12641,99,12740,96
2021-10-10,Nevada,057,99092,8752,8689,300,8989,90
2021-10-10,Orange,059,3164182,300922,299787,14795,314582,5499
2021-10-10,Placer,061,380077,35384,35128,3545,38673,404
2021-10-10,Plumas,063,18699,1511,1468,29,1497,6
2021-10-10,Riverside,065,2383286,352419,351248,16907,368155,4973
2021-10-10,Sacramento,067,1510023,153033,152405,4378,156783,2178
2021-10-10,San Benito,069,59416,7194,7180,164,7344,71
2021-10-10,San Bernardino,071,2135413,345549,344423,11157,355580,5551
2021-10-10,San Diego,073,3302833,363510,361038,21079,382117,4113
2021-10-10,San Francisco,075,870044,51440,51216,2596,53812,643
2021-10-10,San Joaquin,077,732212,96494,96084,5302,101386,1681
2021-10-10,San Luis Obispo,079,281455,28485,28343,1197,29540,326
2021-10-10,San Mateo,081,765935,52439,52273,1441,53714,569
2021-10-10,Santa Barbara,083,443738,43256,42987,1654,44641,515
2021-10-10,Santa Clara,085,1922200,143244,142768,1263,144031,1881
2021-10-10,Santa Cruz,087,273765,19848,19727,1069,20796,217
2021-10-10,Shasta,089,179085,19989,19635,3422,23057,296
2021-10-10,Sierra,091,2930,161,147,19,166,0
2021-10-10,Siskiyou,093,43540,3192,3155,1246,4401,42
2021-10-10,Solano,095,438530,44596,44431,1179,45610,329
2021-10-10,Sonoma,097,501317,40221,40027,517,40544,390
2021-10-10,Stanislaus,099,539301,75843,75403,8658,84061,1118
2021-10-10,Sutter,101,95872,13470,13412,304,13716,165
2021-10-10,Tehama,103,63373,7867,7764,1372,9136,102
2021-10-10,Trinity,105,12862,701,669,178,847,11
2021-10-10,Tulare,107,460477,64574,63930,14423,78353,940
2021-10-10,Tuolumne,109,53932,6695,6580,76,6656,89
2021-10-10,Ventura,111,848112,96021,95829,4347,100176,1160
2021-10-10,Yolo,113,214977,19113,18952,1079,20031,247
2021-10-10,Yuba,115,75493,9718,9641,245,9886,69
2021-10-09,Alameda,001,1643700,117058,116253,2867,119120,1356
2021-10-09,Alpine,003,1148,102,102,0,102,0
2021-10-09,Amador,005,37829,5321,5237,60,5297,62
2021-10-09,Butte,007,227075,19684,19277,3664,22941,250
2021-10-09,Calaveras,009,45235,3781,3716,45,3761,75
2021-10-09,Colusa,011,21464,2441,2419,597,3016,18
2021-10-09,Contra Costa,013,1133247,96977,96378,2135,98513,958
2021-10-09,Del Norte,015,27424,3509,3495,42,3537,39
2021-10-09,El Dorado,017,186661,15366,15153,1651,16804,144
2021-10-09,Fresno,019,978130,132219,130508,11766,142274,2018
2021-10-09,Glenn,021,27897,3328,3277,967,4244,26
2021-10-09,Humboldt,023,135768,8611,8448,487,8935,97
2021-10-09,Imperial,025,180216,32267,31989,3257,35246,760
2021-10-09,Inyo,027,18085,1922,1808,35,1843,39
2021-10-09,Kern,029,883053,121377,119795,20575,140370,1559
2021-10-09,Kings,031,150075,30401,29894,1914,31808,308
2021-10-09,Lake,033,64148,6412,6283,133,6416,97
2021-10-09,Lassen,035,31185,6583,6442,330,6772,25
2021-10-09,Los Angeles,037,10098052,1410149,1402810,55516,1458326,26280
2021-10-09,Madera,039,155013,21747,21313,1820,23133,271
2021-10-09,Marin,041,260295,17161,17049,435,17484,242
2021-10-09,Mariposa,043,17540,1104,1042,31,1073,5
2021-10-09,Mendocino,045,87422,7098,7011,417,7428,82
2021-10-09,Merced,047,269075,40200,39784,1548,41332,565
2021-10-09,Modoc,049,8938,497,477,174,651,5
2021-10-09,Mono,051,14174,1623,1577,16,1593,3
2021-10-09,Monterey,053,433212,47310,47168,3411,50579,577
2021-10-09,Napa,055,140530,12705,12586,99,12685,96
2021-10-09,Nevada,057,99092,8742,8613,299,8912,90
2021-10-09,Orange,059,3164182,300743,299089,14776,313865,5457
2021-10-09,Placer,061,380077,35345,34877,3538,38415,393
2021-10-09,Plumas,063,18699,1502,1418,29,1447,6
2021-10-09,Riverside,065,2383286,352169,350082,16890,366972,4965
2021-10-09,Sacramento,067,1510023,152827,151566,4362,155928,2160
2021-10-09,San Benito,069,59416,7186,7123,164,7287,71
2021-10-09,San Bernardino,071,2135413,345368,343452,11154,354606,5556
2021-10-09,San Diego,073,3302833,363198,359909,21072,380981,4111
2021-10-09,San Francisco,075,870044,51395,50960,2589,53549,643
2021-10-09,San Joaquin,077,732212,96428,95606,5297,100903,1669
2021-10-09,San Luis Obispo,079,281455,28468,28197,1195,29392,324
2021-10-09,San Mateo,081,765935,52407,52121,1439,53560,569
2021-10-09,Santa Barbara,083,443738,43229,42735,1654,44389,514
2021-10-09,Santa Clara,085,1922200,143124,142298,1257,143555,1873
2021-10-09,Santa Cruz,087,273765,19839,19635,1068,20703,217
2021-10-09,Shasta,089,179085,19941,19437,3417,22854,290
2021-10-09,Sierra,091,2930,158,141,19,160,0
2021-10-09,Siskiyou,093,43540,3190,3124,1245,4369,42
2021-10-09,Solano,095,438530,44579,44265,1178,45443,329
2021-10-09,Sonoma,097,501317,40177,39848,517,40365,387
2021-10-09,Stanislaus,099,539301,75754,74899,8647,83546,1114
2021-10-09,Sutter,101,95872,13461,13314,302,13616,165
2021-10-09,Tehama,103,63373,7856,7670,1366,9036,99
2021-10-09,Trinity,105,12862,700,660,178,838,11
2021-10-09,Tulare,107,460477,64468,63398,14402,77800,932
2021-10-09,Tuolumne,109,53932,6676,6521,76,6597,89
2021-10-09,Ventura,111,848112,95965,95542,4344,99886,1158
2021-10-09,Yolo,113,214977,19093,18850,1076,19926,247
2021-10-09,Yuba,115,75493,9706,9551,243,9794,69
2021-10-08,Alameda,001,1643700,116977,116253,2862,119115,1356
2021-10-08,Alpine,003,1148,102,102,0,102,0
2021-10-08,Amador,005,37829,5308,5237,60,5297,62
2021-10-08,Butte,007,227075,19655,19277,3660,22937,250
2021-10-08,Calaveras,009,45235,3776,3716,45,3761,75
2021-10-08,Colusa,011,21464,2439,2419,597,3016,18
2021-10-08,Contra Costa,013,1133247,96933,96378,2130,98508,958
2021-10-08,Del Norte,015,27424,3508,3495,42,3537,39
2021-10-08,El Dorado,017,186661,15347,15153,1647,16800,144
2021-10-08,Fresno,019,978130,132026,130508,11750,142258,2018
2021-10-08,Glenn,021,27897,3318,3277,966,4243,26
2021-10-08,Humboldt,023,135768,8600,8448,484,8932,97
2021-10-08,Imperial,025,180216,32237,31989,3253,35242,760
2021-10-08,Inyo,027,18085,1904,1808,35,1843,39
2021-10-08,Kern,029,883053,121240,119795,20531,140326,1559
2021-10-08,Kings,031,150075,30307,29894,1913,31807,308
2021-10-08,Lake,033,64148,6403,6283,133,6416,97
2021-10-08,Lassen,035,31185,6570,6442,326,6768,25
2021-10-08,Los Angeles,037,10098052,1409495,1402810,55474,1458284,26280
2021-10-08,Madera,039,155013,21689,21313,1813,23126,271
2021-10-08,Marin,041,260295,17150,17049,434,17483,242
2021-10-08,Mariposa,043,17540,1097,1042,29,1071,5
2021-10-08,Mendocino,045,87422,7085,7011,417,7428,82
2021-10-08,Merced,047,269075,40170,39784,1545,41329,565
2021-10-08,Modoc,049,8938,495,477,174,651,5
2021-10-08,Mono,051,14174,1621,1577,16,1593,3
2021-10-08,Monterey,053,433212,47287,47168,3406,50574,577
2021-10-08,Napa,055,140530,12689,12586,99,12685,96
2021-10-08,Nevada,057,99092,8731,8613,299,8912,90
2021-10-08,Orange,059,3164182,300597,299089,14759,313848,5457
2021-10-08,Placer,061,380077,35307,34877,3530,38407,393
2021-10-08,Plumas,063,18699,1491,1418,29,1447,6
2021-10-08,Riverside,065,2383286,351899,350082,16879,366961,4965
2021-10-08,Sacramento,067,1510023,152661,151566,4350,155916,2160
2021-10-08,San Benito,069,59416,7182,7123,162,7285,71
2021-10-08,San Bernardino,071,2135413,345167,343452,11148,354600,5556
2021-10-08,San Diego,073,3302833,362866,359909,21049,380958,4111
2021-10-08,San Francisco,075,870044,51346,50960,2580,53540,643
2021-10-08,San Joaquin,077,732212,96360,95606,5290,100896,1669
2021-10-08,San Luis Obispo,079,281455,28441,28197,1194,29391,324
2021-10-08,San Mateo,081,765935,52382,52121,1438,53559,569
2021-10-08,Santa Barbara,083,443738,43194,42735,1652,44387,514
2021-10-08,Santa Clara,085,1922200,143015,142298,1252,143550,1873
2021-10-08,Santa Cruz,087,273765,19824,19635,1068,20703,217
2021-10-08,Shasta,089,179085,19899,19437,3411,22848,290
2021-10-08,Sierra,091,2930,156,141,17,158,0
2021-10-08,Siskiyou,093,43540,3182,3124,1244,4368,42
2021-10-08,Solano,095,438530,44542,44265,1177,45442,329
2021-10-08,Sonoma,097,501317,40143,39848,517,40365,387
2021-10-08,Stanislaus,099,539301,75685,74899,8639,83538,1114
2021-10-08,Sutter,101,95872,13448,13314,299,13613,165
2021-10-08,Tehama,103,63373,7840,7670,1362,9032,99
2021-10-08,Trinity,105,12862,699,660,178,838,11
2021-10-08,Tulare,107,460477,64351,63398,14368,77766,932
2021-10-08,Tuolumne,109,53932,6653,6521,76,6597,89
2021-10-08,Ventura,111,848112,95920,95542,4339,99881,1158
2021-10-08,Yolo,113,214977,19080,18850,1072,19922,247
2021-10-08,Yuba,115,75493,9685,9551,242,9793,69
2021-10-07,Alameda,001,1643700,116861,116253,2860,119113,1356
2021-10-07,Alpine,003,1148,102,102,0,102,0
2021-10-07,Amador,005,37829,5301,5237,60,5297,62
2021-10-07,Butte,007,227075,19605,19277,3649,22926,250
2021-10-07,Calaveras,009,45235,3765,3716,45,3761,75
2021-10-07,Colusa,011,21464,2437,2419,590,3009,18
2021-10-07,Contra Costa,013,1133247,96813,96378,2124,98502,958
2021-10-07,Del Norte,015,27424,3504,3495,42,3537,39
2021-10-07,El Dorado,017,186661,15312,15153,1643,16796,144
2021-10-07,Fresno,019,978130,131756,130508,11727,142235,2018
2021-10-07,Glenn,021,27897,3311,3277,963,4240,26
2021-10-07,Humboldt,023,135768,8575,8448,480,8928,97
2021-10-07,Imperial,025,180216,32164,31989,3240,35229,760
2021-10-07,Inyo,027,18085,1885,1808,35,1843,39
2021-10-07,Kern,029,883053,121013,119795,20462,140257,1559
2021-10-07,Kings,031,150075,30243,29894,1907,31801,308
2021-10-07,Lake,033,64148,6392,6283,133,6416,97
2021-10-07,Lassen,035,31185,6552,6442,324,6766,25
2021-10-07,Los Angeles,037,10098052,1408541,1402810,55427,1458237,26280
2021-10-07,Madera,039,155013,21616,21313,1800,23113,271
2021-10-07,Marin,041,260295,17132,17049,434,17483,242
2021-10-07,Mariposa,043,17540,1089,1042,29,1071,5
2021-10-07,Mendocino,045,87422,7075,7011,413,7424,82
2021-10-07,Merced,047,269075,40105,39784,1529,41313,565
2021-10-07,Modoc,049,8938,492,477,173,650,5
2021-10-07,Mono,051,14174,1613,1577,16,1593,3
2021-10-07,Monterey,053,433212,47267,47168,3393,50561,577
2021-10-07,Napa,055,140530,12674,12586,99,12685,96
2021-10-07,Nevada,057,99092,8703,8613,299,8912,90
2021-10-07,Orange,059,3164182,300375,299089,14746,313835,5457
2021-10-07,Placer,061,380077,35246,34877,3523,38400,393
2021-10-07,Plumas,063,18699,1473,1418,29,1447,6
2021-10-07,Riverside,065,2383286,351567,350082,16867,366949,4965
2021-10-07,Sacramento,067,1510023,152381,151566,4322,155888,2160
2021-10-07,San Benito,069,59416,7165,7123,160,7283,71
2021-10-07,San Bernardino,071,2135413,344895,343452,11142,354594,5556
2021-10-07,San Diego,073,3302833,362455,359909,21028,380937,4111
2021-10-07,San Francisco,075,870044,51276,50960,2577,53537,643
2021-10-07,San Joaquin,077,732212,96208,95606,5282,100888,1669
2021-10-07,San Luis Obispo,079,281455,28391,28197,1192,29389,324
2021-10-07,San Mateo,081,765935,52345,52121,1434,53555,569
2021-10-07,Santa Barbara,083,443738,43127,42735,1646,44381,514
2021-10-07,Santa Clara,085,1922200,142868,142298,1246,143544,1873
2021-10-07,Santa Cruz,087,273765,19804,19635,1067,20702,217
2021-10-07,Shasta,089,179085,19811,19437,3395,22832,290
2021-10-07,Sierra,091,2930,156,141,17,158,0
2021-10-07,Siskiyou,093,43540,3180,3124,1239,4363,42
2021-10-07,Solano,095,438530,44501,44265,1173,45438,329
2021-10-07,Sonoma,097,501317,40106,39848,515,40363,387
2021-10-07,Stanislaus,099,539301,75526,74899,8610,83509,1114
2021-10-07,Sutter,101,95872,13426,13314,296,13610,165
2021-10-07,Tehama,103,63373,7805,7670,1358,9028,99
2021-10-07,Trinity,105,12862,697,660,178,838,11
2021-10-07,Tulare,107,460477,64190,63398,14329,77727,932
2021-10-07,Tuolumne,109,53932,6631,6521,76,6597,89
2021-10-07,Ventura,111,848112,95838,95542,4336,99878,1158
2021-10-07,Yolo,113,214977,19047,18850,1067,19917,247
2021-10-07,Yuba,115,75493,9659,9551,235,9786,69
2021-10-06,Alameda,001,1643700,116727,116058,2854,118912,1353
2021-10-06,Alpine,003,1148,102,102,0,102,0
2021-10-06,Amador,005,37829,5298,5205,60,5265,62
2021-10-06,Butte,007,227075,19542,19208,3642,22850,247
2021-10-06,Calaveras,009,45235,3756,3669,45,3714,75
2021-10-06,Colusa,011,21464,2435,2414,583,2997,18
2021-10-06,Contra Costa,013,1133247,96686,96184,2120,98304,953
2021-10-06,Del Norte,015,27424,3502,3490,39,3529,39
2021-10-06,El Dorado,017,186661,15287,15078,1642,16720,140
2021-10-06,Fresno,019,978130,131472,130074,11702,141776,2008
2021-10-06,Glenn,021,27897,3301,3270,960,4230,26
2021-10-06,Humboldt,023,135768,8561,8416,473,8889,94
2021-10-06,Imperial,025,180216,32111,31930,3229,35159,760
2021-10-06,Inyo,027,18085,1870,1806,35,1841,39
2021-10-06,Kern,029,883053,120759,119491,20368,139859,1552
2021-10-06,Kings,031,150075,30180,29785,1897,31682,308
2021-10-06,Lake,033,64148,6378,6271,133,6404,97
2021-10-06,Lassen,035,31185,6534,6429,323,6752,25
2021-10-06,Los Angeles,037,10098052,1407588,1401675,55381,1457056,26252
2021-10-06,Madera,039,155013,21561,21230,1791,23021,269
2021-10-06,Marin,041,260295,17123,17042,433,17475,242
2021-10-06,Mariposa,043,17540,1082,1036,29,1065,5
2021-10-06,Mendocino,045,87422,7066,6986,412,7398,81
2021-10-06,Merced,047,269075,40025,39666,1520,41186,563
2021-10-06,Modoc,049,8938,492,477,171,648,5
2021-10-06,Mono,051,14174,1601,1568,16,1584,3
2021-10-06,Monterey,053,433212,47236,47136,3387,50523,577
2021-10-06,Napa,055,140530,12650,12552,98,12650,96
2021-10-06,Nevada,057,99092,8687,8582,298,8880,90
2021-10-06,Orange,059,3164182,300144,298785,14733,313518,5448
2021-10-06,Placer,061,380077,35197,34764,3516,38280,390
2021-10-06,Plumas,063,18699,1452,1383,29,1412,6
2021-10-06,Riverside,065,2383286,351212,349645,16846,366491,4953
2021-10-06,Sacramento,067,1510023,152129,151164,4290,155454,2141
2021-10-06,San Benito,069,59416,7150,7108,160,7268,69
2021-10-06,San Bernardino,071,2135413,344605,343022,11135,354157,5551
2021-10-06,San Diego,073,3302833,361957,359564,21000,380564,4104
2021-10-06,San Francisco,075,870044,51213,50894,2573,53467,641
2021-10-06,San Joaquin,077,732212,96074,95418,5270,100688,1658
2021-10-06,San Luis Obispo,079,281455,28343,28170,1186,29356,323
2021-10-06,San Mateo,081,765935,52300,52056,1424,53480,569
2021-10-06,Santa Barbara,083,443738,43044,42687,1644,44331,513
2021-10-06,Santa Clara,085,1922200,142720,142124,1241,143365,1872
2021-10-06,Santa Cruz,087,273765,19775,19604,1065,20669,217
2021-10-06,Shasta,089,179085,19739,19325,3383,22708,287
2021-10-06,Sierra,091,2930,154,138,17,155,0
2021-10-06,Siskiyou,093,43540,3171,3116,1232,4348,42
2021-10-06,Solano,095,438530,44468,44185,1172,45357,328
2021-10-06,Sonoma,097,501317,40056,39787,515,40302,383
2021-10-06,Stanislaus,099,539301,75384,74699,8599,83298,1114
2021-10-06,Sutter,101,95872,13406,13284,293,13577,164
2021-10-06,Tehama,103,63373,7766,7629,1351,8980,99
2021-10-06,Trinity,105,12862,694,656,178,834,11
2021-10-06,Tulare,107,460477,64017,63198,14273,77471,926
2021-10-06,Tuolumne,109,53932,6606,6486,76,6562,89
2021-10-06,Ventura,111,848112,95749,95449,4329,99778,1158
2021-10-06,Yolo,113,214977,19015,18815,1062,19877,247
2021-10-06,Yuba,115,75493,9635,9520,234,9754,69
2021-10-05,Alameda,001,1643700,116587,115968,2848,118816,1350
2021-10-05,Alpine,003,1148,102,102,0,102,0
2021-10-05,Amador,005,37829,5277,5194,59,5253,61
2021-10-05,Butte,007,227075,19494,19137,3632,22769,246
2021-10-05,Calaveras,009,45235,3740,3657,45,3702,73
2021-10-05,Colusa,011,21464,2428,2414,582,2996,18
2021-10-05,Contra Costa,013,1133247,96572,96108,2111,98219,941
2021-10-05,Del Norte,015,27424,3500,3485,38,3523,39
2021-10-05,El Dorado,017,186661,15247,15052,1639,16691,140
2021-10-05,Fresno,019,978130,131136,129957,11673,141630,1987
2021-10-05,Glenn,021,27897,3292,3270,956,4226,26
2021-10-05,Humboldt,023,135768,8529,8398,469,8867,94
2021-10-05,Imperial,025,180216,32063,31909,3224,35133,759
2021-10-05,Inyo,027,18085,1852,1800,35,1835,39
2021-10-05,Kern,029,883053,120493,119260,20267,139527,1540
2021-10-05,Kings,031,150075,30106,29749,1890,31639,301
2021-10-05,Lake,033,64148,6357,6264,132,6396,97
2021-10-05,Lassen,035,31185,6515,6417,321,6738,25
2021-10-05,Los Angeles,037,10098052,1406451,1400300,55328,1455628,26223
2021-10-05,Madera,039,155013,21503,21183,1779,22962,269
2021-10-05,Marin,041,260295,17111,17024,433,17457,242
2021-10-05,Mariposa,043,17540,1063,1033,26,1059,5
2021-10-05,Mendocino,045,87422,7048,6972,405,7377,79
2021-10-05,Merced,047,269075,39959,39608,1511,41119,562
2021-10-05,Modoc,049,8938,488,475,170,645,5
2021-10-05,Mono,051,14174,1595,1565,16,1581,3
2021-10-05,Monterey,053,433212,47223,47087,3373,50460,573
2021-10-05,Napa,055,140530,12626,12533,98,12631,96
2021-10-05,Nevada,057,99092,8657,8576,298,8874,90
2021-10-05,Orange,059,3164182,299870,298589,14701,313290,5441
2021-10-05,Placer,061,380077,35117,34728,3509,38237,382
2021-10-05,Plumas,063,18699,1426,1357,29,1386,6
2021-10-05,Riverside,065,2383286,350853,349365,16831,366196,4942
2021-10-05,Sacramento,067,1510023,151867,151111,4255,155366,2126
2021-10-05,San Benito,069,59416,7131,7103,158,7261,69
2021-10-05,San Bernardino,071,2135413,344275,342711,11128,353839,5557
2021-10-05,San Diego,073,3302833,361376,359194,20972,380166,4092
2021-10-05,San Francisco,075,870044,51122,50826,2567,53393,641
2021-10-05,San Joaquin,077,732212,95923,95276,5243,100519,1651
2021-10-05,San Luis Obispo,079,281455,28299,28113,1184,29297,324
2021-10-05,San Mateo,081,765935,52258,52008,1423,53431,569
2021-10-05,Santa Barbara,083,443738,42966,42595,1639,44234,511
2021-10-05,Santa Clara,085,1922200,142564,141971,1234,143205,1873
2021-10-05,Santa Cruz,087,273765,19734,19582,1064,20646,216
2021-10-05,Shasta,089,179085,19667,19285,3369,22654,286
2021-10-05,Sierra,091,2930,150,136,17,153,0
2021-10-05,Siskiyou,093,43540,3157,3107,1232,4339,42
2021-10-05,Solano,095,438530,44400,44149,1170,45319,325
2021-10-05,Sonoma,097,501317,40002,39756,510,40266,383
2021-10-05,Stanislaus,099,539301,75222,74599,8581,83180,1114
2021-10-05,Sutter,101,95872,13378,13270,292,13562,164
2021-10-05,Tehama,103,63373,7736,7607,1344,8951,98
2021-10-05,Trinity,105,12862,691,655,178,833,11
2021-10-05,Tulare,107,460477,63814,63093,14219,77312,920
2021-10-05,Tuolumne,109,53932,6591,6473,75,6548,89
2021-10-05,Ventura,111,848112,95644,95351,4328,99679,1155
2021-10-05,Yolo,113,214977,18981,18782,1056,19838,245
2021-10-05,Yuba,115,75493,9603,9504,231,9735,69
2021-10-04,Alameda,001,1643700,116430,115845,2844,118689,1347
2021-10-04,Alpine,003,1148,102,102,0,102,0
2021-10-04,Amador,005,37829,5267,5163,58,5221,61
2021-10-04,Butte,007,227075,19417,19081,3621,22702,245
2021-10-04,Calaveras,009,45235,3730,3641,45,3686,73
2021-10-04,Colusa,011,21464,2427,2414,581,2995,18
2021-10-04,Contra Costa,013,1133247,96432,95958,2106,98064,937
2021-10-04,Del Norte,015,27424,3498,3485,34,3519,39
2021-10-04,El Dorado,017,186661,15200,15031,1632,16663,138
2021-10-04,Fresno,019,978130,130831,129665,11655,141320,1978
2021-10-04,Glenn,021,27897,3286,3270,950,4220,26
2021-10-04,Humboldt,023,135768,8495,8355,461,8816,94
2021-10-04,Imperial,025,180216,32015,31866,3216,35082,757
2021-10-04,Inyo,027,18085,1840,1792,32,1824,39
2021-10-04,Kern,029,883053,120211,118984,20138,139122,1531
2021-10-04,Kings,031,150075,30015,29702,1886,31588,303
2021-10-04,Lake,033,64148,6345,6248,132,6380,97
2021-10-04,Lassen,035,31185,6499,6405,321,6726,25
2021-10-04,Los Angeles,037,10098052,1405346,1399604,55268,1454872,26186
2021-10-04,Madera,039,155013,21439,21126,1769,22895,266
2021-10-04,Marin,041,260295,17095,17008,432,17440,242
2021-10-04,Mariposa,043,17540,1051,1024,26,1050,5
2021-10-04,Mendocino,045,87422,7031,6947,401,7348,79
2021-10-04,Merced,047,269075,39845,39565,1494,41059,558
2021-10-04,Modoc,049,8938,485,473,170,643,5
2021-10-04,Mono,051,14174,1585,1561,16,1577,3
2021-10-04,Monterey,053,433212,47203,47058,3365,50423,571
2021-10-04,Napa,055,140530,12601,12506,98,12604,96
2021-10-04,Nevada,057,99092,8637,8563,298,8861,90
2021-10-04,Orange,059,3164182,299580,298165,14668,312833,5438
2021-10-04,Placer,061,380077,35032,34630,3481,38111,379
2021-10-04,Plumas,063,18699,1403,1329,29,1358,6
2021-10-04,Riverside,065,2383286,350473,348828,16821,365649,4923
2021-10-04,Sacramento,067,1510023,151544,150887,4228,155115,2115
2021-10-04,San Benito,069,59416,7119,7099,158,7257,69
2021-10-04,San Bernardino,071,2135413,343922,342418,11115,353533,5551
2021-10-04,San Diego,073,3302833,360800,358525,20940,379465,4090
2021-10-04,San Francisco,075,870044,51028,50798,2562,53360,638
2021-10-04,San Joaquin,077,732212,95726,95198,5222,100420,1649
2021-10-04,San Luis Obispo,079,281455,28255,28090,1178,29268,323
2021-10-04,San Mateo,081,765935,52206,51958,1415,53373,569
2021-10-04,Santa Barbara,083,443738,42886,42585,1638,44223,511
2021-10-04,Santa Clara,085,1922200,142423,141840,1228,143068,1869
2021-10-04,Santa Cruz,087,273765,19705,19559,1063,20622,216
2021-10-04,Shasta,089,179085,19563,19170,3356,22526,279
2021-10-04,Sierra,091,2930,143,136,16,152,0
2021-10-04,Siskiyou,093,43540,3148,3103,1217,4320,42
2021-10-04,Solano,095,438530,44344,44092,1168,45260,322
2021-10-04,Sonoma,097,501317,39940,39720,509,40229,381
2021-10-04,Stanislaus,099,539301,75069,74444,8562,83006,1106
2021-10-04,Sutter,101,95872,13350,13261,291,13552,164
2021-10-04,Tehama,103,63373,7698,7585,1338,8923,95
2021-10-04,Trinity,105,12862,690,649,177,826,11
2021-10-04,Tulare,107,460477,63626,62957,14150,77107,920
2021-10-04,Tuolumne,109,53932,6565,6442,75,6517,89
2021-10-04,Ventura,111,848112,95557,95170,4322,99492,1153
2021-10-04,Yolo,113,214977,18937,18761,1051,19812,242
2021-10-04,Yuba,115,75493,9564,9481,229,9710,68
2021-10-03,Alameda,001,1643700,116289,115751,2835,118586,1349
2021-10-03,Alpine,003,1148,102,102,0,102,0
2021-10-03,Amador,005,37829,5249,5160,56,5216,61
2021-10-03,Butte,007,227075,19343,19066,3605,22671,245
2021-10-03,Calaveras,009,45235,3713,3632,45,3677,73
2021-10-03,Colusa,011,21464,2426,2413,578,2991,18
2021-10-03,Contra Costa,013,1133247,96305,95890,2099,97989,937
2021-10-03,Del Norte,015,27424,3492,3483,33,3516,39
2021-10-03,El Dorado,017,186661,15143,15014,1625,16639,139
2021-10-03,Fresno,019,978130,130453,129365,11623,140988,1978
2021-10-03,Glenn,021,27897,3274,3266,942,4208,26
2021-10-03,Humboldt,023,135768,8450,8352,457,8809,94
2021-10-03,Imperial,025,180216,31948,31844,3209,35053,757
2021-10-03,Inyo,027,18085,1820,1788,31,1819,39
2021-10-03,Kern,029,883053,119906,118851,20014,138865,1535
2021-10-03,Kings,031,150075,29918,29623,1878,31501,300
2021-10-03,Lake,033,64148,6319,6239,132,6371,97
2021-10-03,Lassen,035,31185,6477,6400,319,6719,25
2021-10-03,Los Angeles,037,10098052,1404079,1398790,55212,1454002,26179
2021-10-03,Madera,039,155013,21367,21066,1760,22826,266
2021-10-03,Marin,041,260295,17072,16995,427,17422,242
2021-10-03,Mariposa,043,17540,1044,1011,26,1037,5
2021-10-03,Mendocino,045,87422,7010,6939,392,7331,79
2021-10-03,Merced,047,269075,39735,39516,1478,40994,558
2021-10-03,Modoc,049,8938,484,472,169,641,5
2021-10-03,Mono,051,14174,1574,1554,16,1570,3
2021-10-03,Monterey,053,433212,47183,47049,3349,50398,571
2021-10-03,Napa,055,140530,12573,12489,96,12585,96
2021-10-03,Nevada,057,99092,8602,8545,298,8843,90
2021-10-03,Orange,059,3164182,299299,298027,14651,312678,5447
2021-10-03,Placer,061,380077,34897,34596,3464,38060,379
2021-10-03,Plumas,063,18699,1378,1328,29,1357,6
2021-10-03,Riverside,065,2383286,350041,348593,16801,365394,4924
2021-10-03,Sacramento,067,1510023,151256,150664,4198,154862,2120
2021-10-03,San Benito,069,59416,7110,7095,158,7253,69
2021-10-03,San Bernardino,071,2135413,343518,342302,11106,353408,5555
2021-10-03,San Diego,073,3302833,360207,358153,20903,379056,4081
2021-10-03,San Francisco,075,870044,50943,50733,2556,53289,638
2021-10-03,San Joaquin,077,732212,95542,95133,5215,100348,1649
2021-10-03,San Luis Obispo,079,281455,28188,28065,1173,29238,325
2021-10-03,San Mateo,081,765935,52150,51923,1404,53327,569
2021-10-03,Santa Barbara,083,443738,42792,42550,1630,44180,511
2021-10-03,Santa Clara,085,1922200,142254,141737,1220,142957,1869
2021-10-03,Santa Cruz,087,273765,19666,19548,1060,20608,216
2021-10-03,Shasta,089,179085,19460,19132,3326,22458,279
2021-10-03,Sierra,091,2930,140,136,16,152,0
2021-10-03,Siskiyou,093,43540,3134,3096,1206,4302,42
2021-10-03,Solano,095,438530,44285,44051,1165,45216,322
2021-10-03,Sonoma,097,501317,39876,39679,509,40188,381
2021-10-03,Stanislaus,099,539301,74881,74366,8544,82910,1106
2021-10-03,Sutter,101,95872,13335,13248,287,13535,164
2021-10-03,Tehama,103,63373,7653,7564,1331,8895,94
2021-10-03,Trinity,105,12862,686,647,175,822,11
2021-10-03,Tulare,107,460477,63435,62860,14076,76936,924
2021-10-03,Tuolumne,109,53932,6536,6430,73,6503,89
2021-10-03,Ventura,111,848112,95446,95108,4319,99427,1153
2021-10-03,Yolo,113,214977,18905,18720,1044,19764,242
2021-10-03,Yuba,115,75493,9546,9462,228,9690,68
2021-10-02,Alameda,001,1643700,116187,115185,2831,118016,1343
2021-10-02,Alpine,003,1148,102,102,0,102,0
2021-10-02,Amador,005,37829,5240,5105,56,5161,61
2021-10-02,Butte,007,227075,19313,18911,3598,22509,243
2021-10-02,Calaveras,009,45235,3706,3585,45,3630,72
2021-10-02,Colusa,011,21464,2426,2403,575,2978,18
2021-10-02,Contra Costa,013,1133247,96234,95369,2095,97464,933
2021-10-02,Del Norte,015,27424,3487,3468,33,3501,39
2021-10-02,El Dorado,017,186661,15118,14887,1624,16511,136
2021-10-02,Fresno,019,978130,130284,128450,11612,140062,1964
2021-10-02,Glenn,021,27897,3274,3234,942,4176,26
2021-10-02,Humboldt,023,135768,8432,8244,456,8700,94
2021-10-02,Imperial,025,180216,31914,31674,3205,34879,757
2021-10-02,Inyo,027,18085,1811,1746,31,1777,39
2021-10-02,Kern,029,883053,119773,117962,19930,137892,1524
2021-10-02,Kings,031,150075,29868,29339,1875,31214,301
2021-10-02,Lake,033,64148,6310,6191,132,6323,97
2021-10-02,Lassen,035,31185,6472,6360,319,6679,25
2021-10-02,Los Angeles,037,10098052,1403471,1395070,55175,1450245,26126
2021-10-02,Madera,039,155013,21342,20931,1751,22682,266
2021-10-02,Marin,041,260295,17067,16936,424,17360,242
2021-10-02,Mariposa,043,17540,1043,967,26,993,5
2021-10-02,Mendocino,045,87422,7000,6869,392,7261,78
2021-10-02,Merced,047,269075,39710,39196,1475,40671,552
2021-10-02,Modoc,049,8938,482,468,169,637,5
2021-10-02,Mono,051,14174,1572,1540,16,1556,3
2021-10-02,Monterey,053,433212,47138,46964,3340,50304,571
2021-10-02,Napa,055,140530,12563,12433,96,12529,96
2021-10-02,Nevada,057,99092,8591,8474,297,8771,87
2021-10-02,Orange,059,3164182,299136,297307,14631,311938,5435
2021-10-02,Placer,061,380077,34829,34377,3455,37832,381
2021-10-02,Plumas,063,18699,1369,1298,29,1327,6
2021-10-02,Riverside,065,2383286,349802,347227,16790,364017,4895
2021-10-02,Sacramento,067,1510023,151083,149897,4189,154086,2099
2021-10-02,San Benito,069,59416,7103,7055,158,7213,69
2021-10-02,San Bernardino,071,2135413,343333,341212,11057,352269,5540
2021-10-02,San Diego,073,3302833,359889,356454,20879,377333,4078
2021-10-02,San Francisco,075,870044,50897,50393,2548,52941,634
2021-10-02,San Joaquin,077,732212,95478,94599,5209,99808,1646
2021-10-02,San Luis Obispo,079,281455,28165,27915,1173,29088,323
2021-10-02,San Mateo,081,765935,52111,51767,1399,53166,573
2021-10-02,Santa Barbara,083,443738,42752,42423,1630,44053,508
2021-10-02,Santa Clara,085,1922200,142142,141231,1216,142447,1862
2021-10-02,Santa Cruz,087,273765,19649,19461,1059,20520,214
2021-10-02,Shasta,089,179085,19414,18912,3320,22232,270
2021-10-02,Sierra,091,2930,139,131,16,147,0
2021-10-02,Siskiyou,093,43540,3133,3053,1203,4256,42
2021-10-02,Solano,095,438530,44240,43800,1164,44964,321
2021-10-02,Sonoma,097,501317,39842,39497,508,40005,382
2021-10-02,Stanislaus,099,539301,74794,73859,8532,82391,1099
2021-10-02,Sutter,101,95872,13326,13160,286,13446,160
2021-10-02,Tehama,103,63373,7640,7453,1331,8784,93
2021-10-02,Trinity,105,12862,683,625,175,800,10
2021-10-02,Tulare,107,460477,63360,62247,14049,76296,908
2021-10-02,Tuolumne,109,53932,6522,6369,73,6442,89
2021-10-02,Ventura,111,848112,95385,94854,4315,99169,1148
2021-10-02,Yolo,113,214977,18880,18640,1040,19680,242
2021-10-02,Yuba,115,75493,9527,9370,227,9597,66
2021-10-01,Alameda,001,1643700,116116,115185,2825,118010,1343
2021-10-01,Alpine,003,1148,102,102,0,102,0
2021-10-01,Amador,005,37829,5220,5105,56,5161,61
2021-10-01,Butte,007,227075,19272,18911,3592,22503,243
2021-10-01,Calaveras,009,45235,3696,3585,45,3630,72
2021-10-01,Colusa,011,21464,2424,2403,575,2978,18
2021-10-01,Contra Costa,013,1133247,96137,95369,2092,97461,933
2021-10-01,Del Norte,015,27424,3484,3468,32,3500,39
2021-10-01,El Dorado,017,186661,15101,14887,1620,16507,136
2021-10-01,Fresno,019,978130,130100,128450,11602,140052,1964
2021-10-01,Glenn,021,27897,3274,3234,940,4174,26
2021-10-01,Humboldt,023,135768,8416,8244,455,8699,94
2021-10-01,Imperial,025,180216,31895,31674,3197,34871,757
2021-10-01,Inyo,027,18085,1802,1746,31,1777,39
2021-10-01,Kern,029,883053,119624,117962,19868,137830,1524
2021-10-01,Kings,031,150075,29834,29339,1869,31208,301
2021-10-01,Lake,033,64148,6300,6191,132,6323,97
2021-10-01,Lassen,035,31185,6461,6360,317,6677,25
2021-10-01,Los Angeles,037,10098052,1402715,1395070,55128,1450198,26126
2021-10-01,Madera,039,155013,21293,20931,1741,22672,266
2021-10-01,Marin,041,260295,17052,16936,423,17359,242
2021-10-01,Mariposa,043,17540,1036,967,26,993,5
2021-10-01,Mendocino,045,87422,6988,6869,392,7261,78
2021-10-01,Merced,047,269075,39670,39196,1465,40661,552
2021-10-01,Modoc,049,8938,481,468,169,637,5
2021-10-01,Mono,051,14174,1570,1540,16,1556,3
2021-10-01,Monterey,053,433212,47119,46964,3335,50299,571
2021-10-01,Napa,055,140530,12553,12433,95,12528,96
2021-10-01,Nevada,057,99092,8577,8474,296,8770,87
2021-10-01,Orange,059,3164182,298951,297307,14614,311921,5435
2021-10-01,Placer,061,380077,34793,34377,3451,37828,381
2021-10-01,Plumas,063,18699,1363,1298,29,1327,6
2021-10-01,Riverside,065,2383286,349508,347227,16783,364010,4895
2021-10-01,Sacramento,067,1510023,150932,149897,4178,154075,2099
2021-10-01,San Benito,069,59416,7101,7055,156,7211,69
2021-10-01,San Bernardino,071,2135413,343135,341212,11054,352266,5540
2021-10-01,San Diego,073,3302833,359521,356454,20857,377311,4078
2021-10-01,San Francisco,075,870044,50854,50393,2546,52939,634
2021-10-01,San Joaquin,077,732212,95409,94599,5205,99804,1646
2021-10-01,San Luis Obispo,079,281455,28143,27915,1171,29086,323
2021-10-01,San Mateo,081,765935,52077,51767,1390,53157,573
2021-10-01,Santa Barbara,083,443738,42717,42423,1630,44053,508
2021-10-01,Santa Clara,085,1922200,142051,141231,1210,142441,1862
2021-10-01,Santa Cruz,087,273765,19629,19461,1058,20519,214
2021-10-01,Shasta,089,179085,19360,18912,3312,22224,270
2021-10-01,Sierra,091,2930,139,131,16,147,0
2021-10-01,Siskiyou,093,43540,3132,3053,1200,4253,42
2021-10-01,Solano,095,438530,44188,43800,1158,44958,321
2021-10-01,Sonoma,097,501317,39810,39497,507,40004,382
2021-10-01,Stanislaus,099,539301,74712,73859,8520,82379,1099
2021-10-01,Sutter,101,95872,13310,13160,284,13444,160
2021-10-01,Tehama,103,63373,7631,7453,1329,8782,93
2021-10-01,Trinity,105,12862,681,625,175,800,10
2021-10-01,Tulare,107,460477,63257,62247,14014,76261,908
2021-10-01,Tuolumne,109,53932,6505,6369,73,6442,89
2021-10-01,Ventura,111,848112,95327,94854,4308,99162,1148
2021-10-01,Yolo,113,214977,18856,18640,1037,19677,242
2021-10-01,Yuba,115,75493,9505,9370,227,9597,66
2021-09-30,Alameda,001,1643700,115975,115185,2821,118006,1343
2021-09-30,Alpine,003,1148,102,102,0,102,0
2021-09-30,Amador,005,37829,5208,5105,56,5161,61
2021-09-30,Butte,007,227075,19223,18911,3584,22495,243
2021-09-30,Calaveras,009,45235,3681,3585,45,3630,72
2021-09-30,Colusa,011,21464,2421,2403,574,2977,18
2021-09-30,Contra Costa,013,1133247,96034,95369,2087,97456,933
2021-09-30,Del Norte,015,27424,3480,3468,29,3497,39
2021-09-30,El Dorado,017,186661,15076,14887,1612,16499,136
2021-09-30,Fresno,019,978130,129825,128450,11572,140022,1964
2021-09-30,Glenn,021,27897,3263,3234,940,4174,26
2021-09-30,Humboldt,023,135768,8384,8244,451,8695,94
2021-09-30,Imperial,025,180216,31844,31674,3195,34869,757
2021-09-30,Inyo,027,18085,1792,1746,31,1777,39
2021-09-30,Kern,029,883053,119382,117962,19786,137748,1524
2021-09-30,Kings,031,150075,29746,29339,1865,31204,301
2021-09-30,Lake,033,64148,6283,6191,132,6323,97
2021-09-30,Lassen,035,31185,6449,6360,317,6677,25
2021-09-30,Los Angeles,037,10098052,1401512,1395070,55066,1450136,26126
2021-09-30,Madera,039,155013,21210,20931,1726,22657,266
2021-09-30,Marin,041,260295,17032,16936,422,17358,242
2021-09-30,Mariposa,043,17540,1014,967,26,993,5
2021-09-30,Mendocino,045,87422,6979,6869,383,7252,78
2021-09-30,Merced,047,269075,39573,39196,1462,40658,552
2021-09-30,Modoc,049,8938,481,468,168,636,5
2021-09-30,Mono,051,14174,1561,1540,16,1556,3
2021-09-30,Monterey,053,433212,47102,46964,3311,50275,571
2021-09-30,Napa,055,140530,12533,12433,95,12528,96
2021-09-30,Nevada,057,99092,8560,8474,296,8770,87
2021-09-30,Orange,059,3164182,298684,297307,14579,311886,5435
2021-09-30,Placer,061,380077,34740,34377,3430,37807,381
2021-09-30,Plumas,063,18699,1345,1298,29,1327,6
2021-09-30,Riverside,065,2383286,349076,347227,16760,363987,4895
2021-09-30,Sacramento,067,1510023,150678,149897,4150,154047,2099
2021-09-30,San Benito,069,59416,7095,7055,156,7211,69
2021-09-30,San Bernardino,071,2135413,342825,341212,11038,352250,5540
2021-09-30,San Diego,073,3302833,359028,356454,20829,377283,4078
2021-09-30,San Francisco,075,870044,50779,50393,2542,52935,634
2021-09-30,San Joaquin,077,732212,95282,94599,5197,99796,1646
2021-09-30,San Luis Obispo,079,281455,28096,27915,1168,29083,323
2021-09-30,San Mateo,081,765935,52033,51767,1385,53152,573
2021-09-30,Santa Barbara,083,443738,42664,42423,1629,44052,508
2021-09-30,Santa Clara,085,1922200,141906,141231,1206,142437,1862
2021-09-30,Santa Cruz,087,273765,19590,19461,1056,20517,214
2021-09-30,Shasta,089,179085,19298,18912,3297,22209,270
2021-09-30,Sierra,091,2930,138,131,16,147,0
2021-09-30,Siskiyou,093,43540,3124,3053,1195,4248,42
2021-09-30,Solano,095,438530,44140,43800,1155,44955,321
2021-09-30,Sonoma,097,501317,39761,39497,507,40004,382
2021-09-30,Stanislaus,099,539301,74554,73859,8501,82360,1099
2021-09-30,Sutter,101,95872,13289,13160,284,13444,160
2021-09-30,Tehama,103,63373,7591,7453,1318,8771,93
2021-09-30,Trinity,105,12862,677,625,175,800,10
2021-09-30,Tulare,107,460477,63092,62247,13951,76198,908
2021-09-30,Tuolumne,109,53932,6482,6369,73,6442,89
2021-09-30,Ventura,111,848112,95233,94854,4302,99156,1148
2021-09-30,Yolo,113,214977,18817,18640,1033,19673,242
2021-09-30,Yuba,115,75493,9482,9370,226,9596,66
2021-09-29,Alameda,001,1643700,115832,114998,2817,117815,1339
2021-09-29,Alpine,003,1148,102,101,0,101,0
2021-09-29,Amador,005,37829,5186,5058,56,5114,61
2021-09-29,Butte,007,227075,19169,18835,3577,22412,242
2021-09-29,Calaveras,009,45235,3663,3553,44,3597,72
2021-09-29,Colusa,011,21464,2419,2401,574,2975,18
2021-09-29,Contra Costa,013,1133247,95920,95213,2080,97293,929
2021-09-29,Del Norte,015,27424,3474,3467,29,3496,39
2021-09-29,El Dorado,017,186661,15047,14834,1605,16439,136
2021-09-29,Fresno,019,978130,129528,128068,11555,139623,1957
2021-09-29,Glenn,021,27897,3256,3213,938,4151,26
2021-09-29,Humboldt,023,135768,8361,8203,450,8653,94
2021-09-29,Imperial,025,180216,31777,31600,3190,34790,757
2021-09-29,Inyo,027,18085,1782,1740,30,1770,39
2021-09-29,Kern,029,883053,119148,117605,19710,137315,1513
2021-09-29,Kings,031,150075,29661,29195,1850,31045,299
2021-09-29,Lake,033,64148,6264,6164,132,6296,97
2021-09-29,Lassen,035,31185,6436,6347,317,6664,25
2021-09-29,Los Angeles,037,10098052,1400313,1393617,54992,1448609,26098
2021-09-29,Madera,039,155013,21165,20818,1711,22529,266
2021-09-29,Marin,041,260295,17014,16921,420,17341,242
2021-09-29,Mariposa,043,17540,1001,963,26,989,5
2021-09-29,Mendocino,045,87422,6967,6821,375,7196,78
2021-09-29,Merced,047,269075,39480,39026,1449,40475,552
2021-09-29,Modoc,049,8938,479,468,168,636,5
2021-09-29,Mono,051,14174,1560,1527,16,1543,3
2021-09-29,Monterey,053,433212,47073,46917,3291,50208,571
2021-09-29,Napa,055,140530,12513,12416,91,12507,96
2021-09-29,Nevada,057,99092,8547,8434,296,8730,87
2021-09-29,Orange,059,3164182,298423,296936,14545,311481,5429
2021-09-29,Placer,061,380077,34676,34271,3408,37679,379
2021-09-29,Plumas,063,18699,1327,1289,29,1318,6
2021-09-29,Riverside,065,2383286,348638,346558,16749,363307,4886
2021-09-29,Sacramento,067,1510023,150428,149686,4141,153827,2099
2021-09-29,San Benito,069,59416,7084,7039,156,7195,69
2021-09-29,San Bernardino,071,2135413,342505,340672,11025,351697,5539
2021-09-29,San Diego,073,3302833,358530,355899,20797,376696,4066
2021-09-29,San Francisco,075,870044,50694,50286,2539,52825,629
2021-09-29,San Joaquin,077,732212,95123,94356,5180,99536,1645
2021-09-29,San Luis Obispo,079,281455,28050,27800,1162,28962,323
2021-09-29,San Mateo,081,765935,51978,51673,1378,53051,573
2021-09-29,Santa Barbara,083,443738,42592,42328,1626,43954,507
2021-09-29,Santa Clara,085,1922200,141774,141036,1200,142236,1861
2021-09-29,Santa Cruz,087,273765,19573,19425,1054,20479,214
2021-09-29,Shasta,089,179085,19232,18805,3285,22090,271
2021-09-29,Sierra,091,2930,134,130,16,146,0
2021-09-29,Siskiyou,093,43540,3112,3043,1188,4231,42
2021-09-29,Solano,095,438530,44085,43724,1148,44872,321
2021-09-29,Sonoma,097,501317,39701,39426,505,39931,370
2021-09-29,Stanislaus,099,539301,74424,73634,8488,82122,1096
2021-09-29,Sutter,101,95872,13262,13135,281,13416,155
2021-09-29,Tehama,103,63373,7558,7409,1303,8712,88
2021-09-29,Trinity,105,12862,674,616,175,791,10
2021-09-29,Tulare,107,460477,62923,62046,13891,75937,908
2021-09-29,Tuolumne,109,53932,6465,6336,72,6408,89
2021-09-29,Ventura,111,848112,95145,94753,4298,99051,1144
2021-09-29,Yolo,113,214977,18785,18587,1028,19615,239
2021-09-29,Yuba,115,75493,9451,9351,222,9573,66
2021-09-28,Alameda,001,1643700,115675,114869,2810,117679,1333
2021-09-28,Alpine,003,1148,102,101,0,101,0
2021-09-28,Amador,005,37829,5164,5049,56,5105,61
2021-09-28,Butte,007,227075,19117,18764,3564,22328,241
2021-09-28,Calaveras,009,45235,3643,3530,44,3574,72
2021-09-28,Colusa,011,21464,2416,2399,572,2971,18
2021-09-28,Contra Costa,013,1133247,95779,95115,2075,97190,929
2021-09-28,Del Norte,015,27424,3472,3462,29,3491,39
2021-09-28,El Dorado,017,186661,15000,14793,1601,16394,133
2021-09-28,Fresno,019,978130,129182,127877,11527,139404,1948
2021-09-28,Glenn,021,27897,3250,3205,937,4142,26
2021-09-28,Humboldt,023,135768,8319,8159,447,8606,91
2021-09-28,Imperial,025,180216,31733,31543,3187,34730,757
2021-09-28,Inyo,027,18085,1768,1708,29,1737,39
2021-09-28,Kern,029,883053,118881,117420,19612,137032,1506
2021-09-28,Kings,031,150075,29564,29141,1840,30981,295
2021-09-28,Lake,033,64148,6249,6155,132,6287,95
2021-09-28,Lassen,035,31185,6431,6340,313,6653,25
2021-09-28,Los Angeles,037,10098052,1399028,1392445,54922,1447367,26068
2021-09-28,Madera,039,155013,21112,20764,1697,22461,266
2021-09-28,Marin,041,260295,16995,16887,418,17305,242
2021-09-28,Mariposa,043,17540,996,952,26,978,5
2021-09-28,Mendocino,045,87422,6946,6804,373,7177,78
2021-09-28,Merced,047,269075,39388,38953,1435,40388,551
2021-09-28,Modoc,049,8938,478,467,168,635,5
2021-09-28,Mono,051,14174,1550,1527,16,1543,3
2021-09-28,Monterey,053,433212,47042,46859,3276,50135,571
2021-09-28,Napa,055,140530,12497,12388,90,12478,96
2021-09-28,Nevada,057,99092,8524,8409,295,8704,84
2021-09-28,Orange,059,3164182,298177,296596,14519,311115,5421
2021-09-28,Placer,061,380077,34613,34187,3390,37577,370
2021-09-28,Plumas,063,18699,1316,1276,28,1304,6
2021-09-28,Riverside,065,2383286,348178,346096,16726,362822,4874
2021-09-28,Sacramento,067,1510023,150151,149310,4109,153419,2086
2021-09-28,San Benito,069,59416,7067,7028,155,7183,69
2021-09-28,San Bernardino,071,2135413,342156,340342,11006,351348,5540
2021-09-28,San Diego,073,3302833,357967,355373,20766,376139,4054
2021-09-28,San Francisco,075,870044,50597,50234,2533,52767,627
2021-09-28,San Joaquin,077,732212,94972,94194,5171,99365,1639
2021-09-28,San Luis Obispo,079,281455,28015,27755,1157,28912,321
2021-09-28,San Mateo,081,765935,51938,51620,1373,52993,571
2021-09-28,Santa Barbara,083,443738,42520,42226,1622,43848,506
2021-09-28,Santa Clara,085,1922200,141612,140886,1191,142077,1858
2021-09-28,Santa Cruz,087,273765,19532,19324,1053,20377,214
2021-09-28,Shasta,089,179085,19171,18701,3272,21973,267
2021-09-28,Sierra,091,2930,133,130,15,145,0
2021-09-28,Siskiyou,093,43540,3100,3032,1184,4216,42
2021-09-28,Solano,095,438530,44012,43652,1145,44797,316
2021-09-28,Sonoma,097,501317,39657,39395,504,39899,370
2021-09-28,Stanislaus,099,539301,74255,73528,8474,82002,1094
2021-09-28,Sutter,101,95872,13243,13102,277,13379,155
2021-09-28,Tehama,103,63373,7537,7382,1287,8669,88
2021-09-28,Trinity,105,12862,671,613,175,788,10
2021-09-28,Tulare,107,460477,62763,61916,13832,75748,905
2021-09-28,Tuolumne,109,53932,6439,6308,72,6380,89
2021-09-28,Ventura,111,848112,95027,94632,4295,98927,1143
2021-09-28,Yolo,113,214977,18759,18564,1025,19589,239
2021-09-28,Yuba,115,75493,9432,9323,221,9544,66
2021-09-27,Alameda,001,1643700,115489,114731,2801,117532,1327
2021-09-27,Alpine,003,1148,102,101,0,101,0
2021-09-27,Amador,005,37829,5150,5017,56,5073,59
2021-09-27,Butte,007,227075,19059,18687,3548,22235,239
2021-09-27,Calaveras,009,45235,3623,3514,43,3557,70
2021-09-27,Colusa,011,21464,2415,2393,571,2964,18
2021-09-27,Contra Costa,013,1133247,95648,94979,2066,97045,924
2021-09-27,Del Norte,015,27424,3470,3468,27,3495,37
2021-09-27,El Dorado,017,186661,14961,14764,1594,16358,132
2021-09-27,Fresno,019,978130,128863,127475,11496,138971,1942
2021-09-27,Glenn,021,27897,3236,3189,933,4122,26
2021-09-27,Humboldt,023,135768,8279,8118,447,8565,91
2021-09-27,Imperial,025,180216,31668,31491,3180,34671,756
2021-09-27,Inyo,027,18085,1756,1698,29,1727,39
2021-09-27,Kern,029,883053,118608,117064,19513,136577,1503
2021-09-27,Kings,031,150075,29467,28998,1828,30826,297
2021-09-27,Lake,033,64148,6228,6126,132,6258,95
2021-09-27,Lassen,035,31185,6416,6327,309,6636,25
2021-09-27,Los Angeles,037,10098052,1397701,1391538,54851,1446389,26040
2021-09-27,Madera,039,155013,21046,20691,1689,22380,262
2021-09-27,Marin,041,260295,16973,16861,418,17279,242
2021-09-27,Mariposa,043,17540,986,931,26,957,5
2021-09-27,Mendocino,045,87422,6921,6761,366,7127,74
2021-09-27,Merced,047,269075,39292,38840,1429,40269,548
2021-09-27,Modoc,049,8938,477,465,166,631,5
2021-09-27,Mono,051,14174,1535,1525,16,1541,3
2021-09-27,Monterey,053,433212,47003,46811,3263,50074,571
2021-09-27,Napa,055,140530,12473,12354,89,12443,95
2021-09-27,Nevada,057,99092,8501,8379,292,8671,84
2021-09-27,Orange,059,3164182,297873,296334,14489,310823,5409
2021-09-27,Placer,061,380077,34526,34087,3385,37472,370
2021-09-27,Plumas,063,18699,1306,1269,28,1297,6
2021-09-27,Riverside,065,2383286,347737,345529,16716,362245,4864
2021-09-27,Sacramento,067,1510023,149836,149096,4086,153182,2076
2021-09-27,San Benito,069,59416,7050,7017,155,7172,67
2021-09-27,San Bernardino,071,2135413,341747,339952,10983,350935,5544
2021-09-27,San Diego,073,3302833,357311,354755,20740,375495,4054
2021-09-27,San Francisco,075,870044,50513,50157,2530,52687,622
2021-09-27,San Joaquin,077,732212,94791,94085,5168,99253,1633
2021-09-27,San Luis Obispo,079,281455,27961,27674,1154,28828,320
2021-09-27,San Mateo,081,765935,51873,51552,1364,52916,571
2021-09-27,Santa Barbara,083,443738,42454,42012,1618,43630,505
2021-09-27,Santa Clara,085,1922200,141434,140802,1181,141983,1853
2021-09-27,Santa Cruz,087,273765,19509,19292,1052,20344,214
2021-09-27,Shasta,089,179085,19089,18599,3245,21844,267
2021-09-27,Sierra,091,2930,133,128,15,143,0
2021-09-27,Siskiyou,093,43540,3088,3015,1179,4194,42
2021-09-27,Solano,095,438530,43941,43582,1140,44722,314
2021-09-27,Sonoma,097,501317,39606,39347,504,39851,370
2021-09-27,Stanislaus,099,539301,74099,73370,8455,81825,1091
2021-09-27,Sutter,101,95872,13213,13082,273,13355,155
2021-09-27,Tehama,103,63373,7499,7345,1276,8621,88
2021-09-27,Trinity,105,12862,660,605,174,779,9
2021-09-27,Tulare,107,460477,62567,61708,13761,75469,904
2021-09-27,Tuolumne,109,53932,6421,6264,72,6336,89
2021-09-27,Ventura,111,848112,94905,94477,4291,98768,1138
2021-09-27,Yolo,113,214977,18728,18524,1024,19548,239
2021-09-27,Yuba,115,75493,9395,9292,217,9509,64
2021-09-26,Alameda,001,1643700,115294,114601,2795,117396,1326
2021-09-26,Alpine,003,1148,101,101,0,101,0
2021-09-26,Amador,005,37829,5118,5001,55,5056,59
2021-09-26,Butte,007,227075,18983,18634,3531,22165,238
2021-09-26,Calaveras,009,45235,3601,3505,43,3548,70
2021-09-26,Colusa,011,21464,2409,2392,568,2960,18
2021-09-26,Contra Costa,013,1133247,95477,94877,2053,96930,924
2021-09-26,Del Norte,015,27424,3464,3466,26,3492,37
2021-09-26,El Dorado,017,186661,14920,14738,1586,16324,132
2021-09-26,Fresno,019,978130,128511,127235,11461,138696,1939
2021-09-26,Glenn,021,27897,3223,3182,933,4115,26
2021-09-26,Humboldt,023,135768,8244,8098,446,8544,91
2021-09-26,Imperial,025,180216,31606,31462,3179,34641,756
2021-09-26,Inyo,027,18085,1741,1685,29,1714,39
2021-09-26,Kern,029,883053,118274,116927,19401,136328,1502
2021-09-26,Kings,031,150075,29366,28930,1816,30746,293
2021-09-26,Lake,033,64148,6211,6113,132,6245,95
2021-09-26,Lassen,035,31185,6406,6319,304,6623,25
2021-09-26,Los Angeles,037,10098052,1396227,1390577,54777,1445354,26035
2021-09-26,Madera,039,155013,20972,20629,1670,22299,262
2021-09-26,Marin,041,260295,16950,16860,418,17278,242
2021-09-26,Mariposa,043,17540,981,929,26,955,5
2021-09-26,Mendocino,045,87422,6888,6744,351,7095,74
2021-09-26,Merced,047,269075,39127,38717,1424,40141,548
2021-09-26,Modoc,049,8938,477,465,165,630,5
2021-09-26,Mono,051,14174,1533,1516,16,1532,3
2021-09-26,Monterey,053,433212,46957,46792,3249,50041,571
2021-09-26,Napa,055,140530,12449,12340,88,12428,95
2021-09-26,Nevada,057,99092,8471,8356,290,8646,84
2021-09-26,Orange,059,3164182,297547,296085,14460,310545,5409
2021-09-26,Placer,061,380077,34430,34043,3375,37418,370
2021-09-26,Plumas,063,18699,1288,1268,28,1296,6
2021-09-26,Riverside,065,2383286,347208,345257,16702,361959,4864
2021-09-26,Sacramento,067,1510023,149434,148745,4067,152812,2071
2021-09-26,San Benito,069,59416,7033,7012,154,7166,67
2021-09-26,San Bernardino,071,2135413,341292,339771,10969,350740,5545
2021-09-26,San Diego,073,3302833,356675,354414,20696,375110,4051
2021-09-26,San Francisco,075,870044,50390,50092,2519,52611,622
2021-09-26,San Joaquin,077,732212,94588,93935,5156,99091,1633
2021-09-26,San Luis Obispo,079,281455,27888,27624,1149,28773,319
2021-09-26,San Mateo,081,765935,51819,51496,1350,52846,571
2021-09-26,Santa Barbara,083,443738,42368,41946,1615,43561,505
2021-09-26,Santa Clara,085,1922200,141237,140667,1176,141843,1852
2021-09-26,Santa Cruz,087,273765,19484,19279,1052,20331,214
2021-09-26,Shasta,089,179085,18979,18566,3221,21787,266
2021-09-26,Sierra,091,2930,133,128,15,143,0
2021-09-26,Siskiyou,093,43540,3074,2998,1169,4167,42
2021-09-26,Solano,095,438530,43876,43537,1139,44676,314
2021-09-26,Sonoma,097,501317,39549,39302,504,39806,370
2021-09-26,Stanislaus,099,539301,73897,73243,8428,81671,1091
2021-09-26,Sutter,101,95872,13176,13045,272,13317,155
2021-09-26,Tehama,103,63373,7446,7323,1267,8590,88
2021-09-26,Trinity,105,12862,657,591,174,765,9
2021-09-26,Tulare,107,460477,62349,61560,13682,75242,904
2021-09-26,Tuolumne,109,53932,6393,6236,70,6306,89
2021-09-26,Ventura,111,848112,94793,94391,4285,98676,1138
2021-09-26,Yolo,113,214977,18693,18496,1016,19512,239
2021-09-26,Yuba,115,75493,9368,9275,217,9492,64
2021-09-25,Alameda,001,1643700,115218,114014,2791,116805,1324
2021-09-25,Alpine,003,1148,101,101,0,101,0
2021-09-25,Amador,005,37829,5105,4934,54,4988,59
2021-09-25,Butte,007,227075,18954,18396,3522,21918,236
2021-09-25,Calaveras,009,45235,3597,3461,43,3504,70
2021-09-25,Colusa,011,21464,2407,2387,566,2953,16
2021-09-25,Contra Costa,013,1133247,95406,94337,2049,96386,924
2021-09-25,Del Norte,015,27424,3463,3404,26,3430,35
2021-09-25,El Dorado,017,186661,14897,14641,1582,16223,130
2021-09-25,Fresno,019,978130,128368,126299,11450,137749,1927
2021-09-25,Glenn,021,27897,3221,3144,932,4076,25
2021-09-25,Humboldt,023,135768,8225,8014,444,8458,88
2021-09-25,Imperial,025,180216,31579,31280,3179,34459,755
2021-09-25,Inyo,027,18085,1733,1657,29,1686,39
2021-09-25,Kern,029,883053,118122,116021,19330,135351,1485
2021-09-25,Kings,031,150075,29315,28636,1813,30449,293
2021-09-25,Lake,033,64148,6206,6046,130,6176,92
2021-09-25,Lassen,035,31185,6394,6248,303,6551,25
2021-09-25,Los Angeles,037,10098052,1395518,1386417,54735,1441152,25964
2021-09-25,Madera,039,155013,20947,20432,1664,22096,262
2021-09-25,Marin,041,260295,16941,16802,416,17218,242
2021-09-25,Mariposa,043,17540,976,906,26,932,5
2021-09-25,Mendocino,045,87422,6869,6657,350,7007,74
2021-09-25,Merced,047,269075,39083,38393,1422,39815,546
2021-09-25,Modoc,049,8938,477,460,165,625,5
2021-09-25,Mono,051,14174,1532,1501,16,1517,3
2021-09-25,Monterey,053,433212,46932,46653,3242,49895,567
2021-09-25,Napa,055,140530,12430,12266,88,12354,95
2021-09-25,Nevada,057,99092,8454,8285,290,8575,84
2021-09-25,Orange,059,3164182,297374,294514,14442,308956,5374
2021-09-25,Placer,061,380077,34366,33764,3372,37136,367
2021-09-25,Plumas,063,18699,1285,1238,28,1266,6
2021-09-25,Riverside,065,2383286,346885,343463,16694,360157,4843
2021-09-25,Sacramento,067,1510023,149258,147728,4056,151784,2049
2021-09-25,San Benito,069,59416,7028,6965,154,7119,67
2021-09-25,San Bernardino,071,2135413,341057,338413,10955,349368,5540
2021-09-25,San Diego,073,3302833,356326,352017,20670,372687,4039
2021-09-25,San Francisco,075,870044,50346,49840,2518,52358,615
2021-09-25,San Joaquin,077,732212,94502,93273,5155,98428,1628
2021-09-25,San Luis Obispo,079,281455,27850,27447,1145,28592,318
2021-09-25,San Mateo,081,765935,51766,51266,1339,52605,568
2021-09-25,Santa Barbara,083,443738,42310,41728,1615,43343,505
2021-09-25,Santa Clara,085,1922200,141132,140023,1173,141196,1844
2021-09-25,Santa Cruz,087,273765,19468,19200,1050,20250,214
2021-09-25,Shasta,089,179085,18927,18256,3212,21468,262
2021-09-25,Sierra,091,2930,132,127,15,142,0
2021-09-25,Siskiyou,093,43540,3067,2956,1159,4115,41
2021-09-25,Solano,095,438530,43835,43331,1136,44467,312
2021-09-25,Sonoma,097,501317,39511,39112,504,39616,369
2021-09-25,Stanislaus,099,539301,73787,72628,8414,81042,1091
2021-09-25,Sutter,101,95872,13158,12976,269,13245,154
2021-09-25,Tehama,103,63373,7433,7200,1266,8466,86
2021-09-25,Trinity,105,12862,657,576,174,750,9
2021-09-25,Tulare,107,460477,62266,60909,13633,74542,898
2021-09-25,Tuolumne,109,53932,6383,6168,70,6238,89
2021-09-25,Ventura,111,848112,94729,94059,4281,98340,1129
2021-09-25,Yolo,113,214977,18671,18393,1015,19408,239
2021-09-25,Yuba,115,75493,9348,9191,217,9408,61
2021-09-24,Alameda,001,1643700,115115,114014,2786,116800,1324
2021-09-24,Alpine,003,1148,101,101,0,101,0
2021-09-24,Amador,005,37829,5075,4934,54,4988,59
2021-09-24,Butte,007,227075,18903,18396,3513,21909,236
2021-09-24,Calaveras,009,45235,3590,3461,42,3503,70
2021-09-24,Colusa,011,21464,2404,2387,565,2952,16
2021-09-24,Contra Costa,013,1133247,95298,94337,2045,96382,924
2021-09-24,Del Norte,015,27424,3460,3404,26,3430,35
2021-09-24,El Dorado,017,186661,14881,14641,1578,16219,130
2021-09-24,Fresno,019,978130,128168,126299,11439,137738,1927
2021-09-24,Glenn,021,27897,3216,3144,932,4076,25
2021-09-24,Humboldt,023,135768,8206,8014,441,8455,88
2021-09-24,Imperial,025,180216,31540,31280,3177,34457,755
2021-09-24,Inyo,027,18085,1724,1657,29,1686,39
2021-09-24,Kern,029,883053,117985,116021,19264,135285,1485
2021-09-24,Kings,031,150075,29274,28636,1808,30444,293
2021-09-24,Lake,033,64148,6198,6046,130,6176,92
2021-09-24,Lassen,035,31185,6386,6248,302,6550,25
2021-09-24,Los Angeles,037,10098052,1394644,1386417,54690,1441107,25964
2021-09-24,Madera,039,155013,20917,20432,1656,22088,262
2021-09-24,Marin,041,260295,16927,16802,415,17217,242
2021-09-24,Mariposa,043,17540,964,906,26,932,5
2021-09-24,Mendocino,045,87422,6856,6657,350,7007,74
2021-09-24,Merced,047,269075,39039,38393,1421,39814,546
2021-09-24,Modoc,049,8938,477,460,164,624,5
2021-09-24,Mono,051,14174,1529,1501,16,1517,3
2021-09-24,Monterey,053,433212,46917,46653,3230,49883,567
2021-09-24,Napa,055,140530,12411,12266,88,12354,95
2021-09-24,Nevada,057,99092,8440,8285,288,8573,84
2021-09-24,Orange,059,3164182,297172,294514,14424,308938,5374
2021-09-24,Placer,061,380077,34312,33764,3359,37123,367
2021-09-24,Plumas,063,18699,1281,1238,28,1266,6
2021-09-24,Riverside,065,2383286,346551,343463,16685,360148,4843
2021-09-24,Sacramento,067,1510023,149072,147728,4051,151779,2049
2021-09-24,San Benito,069,59416,7022,6965,154,7119,67
2021-09-24,San Bernardino,071,2135413,340793,338413,10946,349359,5540
2021-09-24,San Diego,073,3302833,355971,352017,20655,372672,4039
2021-09-24,San Francisco,075,870044,50284,49840,2508,52348,615
2021-09-24,San Joaquin,077,732212,94391,93273,5153,98426,1628
2021-09-24,San Luis Obispo,079,281455,27819,27447,1140,28587,318
2021-09-24,San Mateo,081,765935,51713,51266,1332,52598,568
2021-09-24,Santa Barbara,083,443738,42271,41728,1614,43342,505
2021-09-24,Santa Clara,085,1922200,141022,140023,1172,141195,1844
2021-09-24,Santa Cruz,087,273765,19445,19200,1049,20249,214
2021-09-24,Shasta,089,179085,18872,18256,3198,21454,262
2021-09-24,Sierra,091,2930,131,127,15,142,0
2021-09-24,Siskiyou,093,43540,3058,2956,1153,4109,41
2021-09-24,Solano,095,438530,43798,43331,1134,44465,312
2021-09-24,Sonoma,097,501317,39479,39112,504,39616,369
2021-09-24,Stanislaus,099,539301,73674,72628,8399,81027,1091
2021-09-24,Sutter,101,95872,13139,12976,268,13244,154
2021-09-24,Tehama,103,63373,7423,7200,1263,8463,86
2021-09-24,Trinity,105,12862,654,576,174,750,9
2021-09-24,Tulare,107,460477,62177,60909,13588,74497,898
2021-09-24,Tuolumne,109,53932,6354,6168,70,6238,89
2021-09-24,Ventura,111,848112,94651,94059,4275,98334,1129
2021-09-24,Yolo,113,214977,18639,18393,1012,19405,239
2021-09-24,Yuba,115,75493,9329,9191,217,9408,61
2021-09-23,Alameda,001,1643700,114961,114014,2781,116795,1324
2021-09-23,Alpine,003,1148,101,101,0,101,0
2021-09-23,Amador,005,37829,5062,4934,54,4988,59
2021-09-23,Butte,007,227075,18841,18396,3488,21884,236
2021-09-23,Calaveras,009,45235,3569,3461,42,3503,70
2021-09-23,Colusa,011,21464,2402,2387,563,2950,16
2021-09-23,Contra Costa,013,1133247,95158,94337,2037,96374,924
2021-09-23,Del Norte,015,27424,3451,3404,25,3429,35
2021-09-23,El Dorado,017,186661,14855,14641,1572,16213,130
2021-09-23,Fresno,019,978130,127873,126299,11427,137726,1927
2021-09-23,Glenn,021,27897,3201,3144,929,4073,25
2021-09-23,Humboldt,023,135768,8182,8014,439,8453,88
2021-09-23,Imperial,025,180216,31506,31280,3177,34457,755
2021-09-23,Inyo,027,18085,1710,1657,29,1686,39
2021-09-23,Kern,029,883053,117728,116021,19182,135203,1485
2021-09-23,Kings,031,150075,29171,28636,1798,30434,293
2021-09-23,Lake,033,64148,6188,6046,130,6176,92
2021-09-23,Lassen,035,31185,6377,6248,297,6545,25
2021-09-23,Los Angeles,037,10098052,1393457,1386417,54625,1441042,25964
2021-09-23,Madera,039,155013,20836,20432,1652,22084,262
2021-09-23,Marin,041,260295,16912,16802,414,17216,242
2021-09-23,Mariposa,043,17540,951,906,26,932,5
2021-09-23,Mendocino,045,87422,6835,6657,348,7005,74
2021-09-23,Merced,047,269075,38938,38393,1415,39808,546
2021-09-23,Modoc,049,8938,476,460,164,624,5
2021-09-23,Mono,051,14174,1527,1501,16,1517,3
2021-09-23,Monterey,053,433212,46878,46653,3210,49863,567
2021-09-23,Napa,055,140530,12394,12266,88,12354,95
2021-09-23,Nevada,057,99092,8413,8285,288,8573,84
2021-09-23,Orange,059,3164182,296874,294514,14402,308916,5374
2021-09-23,Placer,061,380077,34239,33764,3352,37116,367
2021-09-23,Plumas,063,18699,1263,1238,28,1266,6
2021-09-23,Riverside,065,2383286,346100,343463,16677,360140,4843
2021-09-23,Sacramento,067,1510023,148736,147728,4027,151755,2049
2021-09-23,San Benito,069,59416,7011,6965,154,7119,67
2021-09-23,San Bernardino,071,2135413,340437,338413,10930,349343,5540
2021-09-23,San Diego,073,3302833,355511,352017,20616,372633,4039
2021-09-23,San Francisco,075,870044,50213,49840,2504,52344,615
2021-09-23,San Joaquin,077,732212,94222,93273,5142,98415,1628
2021-09-23,San Luis Obispo,079,281455,27776,27447,1138,28585,318
2021-09-23,San Mateo,081,765935,51648,51266,1323,52589,568
2021-09-23,Santa Barbara,083,443738,42193,41728,1611,43339,505
2021-09-23,Santa Clara,085,1922200,140875,140023,1164,141187,1844
2021-09-23,Santa Cruz,087,273765,19414,19200,1049,20249,214
2021-09-23,Shasta,089,179085,18794,18256,3181,21437,262
2021-09-23,Sierra,091,2930,131,127,15,142,0
2021-09-23,Siskiyou,093,43540,3054,2956,1142,4098,41
2021-09-23,Solano,095,438530,43732,43331,1131,44462,312
2021-09-23,Sonoma,097,501317,39421,39112,501,39613,369
2021-09-23,Stanislaus,099,539301,73517,72628,8366,80994,1091
2021-09-23,Sutter,101,95872,13110,12976,268,13244,154
2021-09-23,Tehama,103,63373,7386,7200,1257,8457,86
2021-09-23,Trinity,105,12862,640,576,173,749,9
2021-09-23,Tulare,107,460477,62002,60909,13531,74440,898
2021-09-23,Tuolumne,109,53932,6329,6168,69,6237,89
2021-09-23,Ventura,111,848112,94550,94059,4267,98326,1129
2021-09-23,Yolo,113,214977,18610,18393,1007,19400,239
2021-09-23,Yuba,115,75493,9301,9191,216,9407,61
2021-09-22,Alameda,001,1643700,114806,113862,2777,116639,1322
2021-09-22,Alpine,003,1148,101,100,0,100,0
2021-09-22,Amador,005,37829,5046,4915,54,4969,59
2021-09-22,Butte,007,227075,18782,18337,3473,21810,235
2021-09-22,Calaveras,009,45235,3553,3448,42,3490,70
2021-09-22,Colusa,011,21464,2397,2384,562,2946,16
2021-09-22,Contra Costa,013,1133247,94977,94209,2027,96236,924
2021-09-22,Del Norte,015,27424,3440,3386,25,3411,35
2021-09-22,El Dorado,017,186661,14820,14605,1565,16170,127
2021-09-22,Fresno,019,978130,127619,126006,11416,137422,1908
2021-09-22,Glenn,021,27897,3195,3138,928,4066,25
2021-09-22,Humboldt,023,135768,8159,7998,431,8429,80
2021-09-22,Imperial,025,180216,31454,31243,3170,34413,755
2021-09-22,Inyo,027,18085,1700,1651,29,1680,39
2021-09-22,Kern,029,883053,117486,115757,19060,134817,1477
2021-09-22,Kings,031,150075,29088,28589,1792,30381,292
2021-09-22,Lake,033,64148,6175,6035,130,6165,93
2021-09-22,Lassen,035,31185,6357,6209,293,6502,25
2021-09-22,Los Angeles,037,10098052,1392138,1384719,54566,1439285,25930
2021-09-22,Madera,039,155013,20779,20382,1644,22026,262
2021-09-22,Marin,041,260295,16903,16782,411,17193,242
2021-09-22,Mariposa,043,17540,945,901,26,927,5
2021-09-22,Mendocino,045,87422,6808,6624,342,6966,70
2021-09-22,Merced,047,269075,38803,38305,1412,39717,541
2021-09-22,Modoc,049,8938,473,458,164,622,5
2021-09-22,Mono,051,14174,1518,1496,15,1511,3
2021-09-22,Monterey,053,433212,46834,46615,3197,49812,566
2021-09-22,Napa,055,140530,12371,12248,87,12335,95
2021-09-22,Nevada,057,99092,8391,8273,287,8560,84
2021-09-22,Orange,059,3164182,296601,294214,14388,308602,5366
2021-09-22,Placer,061,380077,34150,33661,3339,37000,367
2021-09-22,Plumas,063,18699,1248,1230,28,1258,6
2021-09-22,Riverside,065,2383286,345567,342946,16653,359599,4830
2021-09-22,Sacramento,067,1510023,148420,147533,3995,151528,2043
2021-09-22,San Benito,069,59416,7000,6961,152,7113,67
2021-09-22,San Bernardino,071,2135413,340042,337938,10923,348861,5528
2021-09-22,San Diego,073,3302833,355047,351132,20594,371726,4027
2021-09-22,San Francisco,075,870044,50129,49734,2499,52233,610
2021-09-22,San Joaquin,077,732212,93996,93010,5118,98128,1626
2021-09-22,San Luis Obispo,079,281455,27728,27398,1135,28533,315
2021-09-22,San Mateo,081,765935,51581,51197,1313,52510,568
2021-09-22,Santa Barbara,083,443738,42130,41678,1610,43288,504
2021-09-22,Santa Clara,085,1922200,140714,139803,1157,140960,1844
2021-09-22,Santa Cruz,087,273765,19375,19177,1049,20226,214
2021-09-22,Shasta,089,179085,18705,18153,3169,21322,260
2021-09-22,Sierra,091,2930,131,127,15,142,0
2021-09-22,Siskiyou,093,43540,3037,2947,1132,4079,41
2021-09-22,Solano,095,438530,43671,43269,1130,44399,312
2021-09-22,Sonoma,097,501317,39369,39063,500,39563,369
2021-09-22,Stanislaus,099,539301,73352,72355,8346,80701,1091
2021-09-22,Sutter,101,95872,13090,12960,265,13225,153
2021-09-22,Tehama,103,63373,7359,7173,1251,8424,86
2021-09-22,Trinity,105,12862,639,572,173,745,9
2021-09-22,Tulare,107,460477,61793,60776,13457,74233,896
2021-09-22,Tuolumne,109,53932,6308,6155,68,6223,89
2021-09-22,Ventura,111,848112,94447,93978,4260,98238,1122
2021-09-22,Yolo,113,214977,18571,18342,999,19341,239
2021-09-22,Yuba,115,75493,9272,9169,211,9380,61
2021-09-21,Alameda,001,1643700,114659,113765,2777,116542,1321
2021-09-21,Alpine,003,1148,101,100,0,100,0
2021-09-21,Amador,005,37829,5024,4897,54,4951,59
2021-09-21,Butte,007,227075,18687,18229,3433,21662,232
2021-09-21,Calaveras,009,45235,3535,3437,42,3479,70
2021-09-21,Colusa,011,21464,2394,2378,561,2939,16
2021-09-21,Contra Costa,013,1133247,94785,94101,2011,96112,924
2021-09-21,Del Norte,015,27424,3430,3378,25,3403,34
2021-09-21,El Dorado,017,186661,14790,14578,1558,16136,127
2021-09-21,Fresno,019,978130,127268,125789,11402,137191,1892
2021-09-21,Glenn,021,27897,3187,3134,920,4054,25
2021-09-21,Humboldt,023,135768,8127,7955,426,8381,80
2021-09-21,Imperial,025,180216,31395,31185,3169,34354,755
2021-09-21,Inyo,027,18085,1690,1646,29,1675,39
2021-09-21,Kern,029,883053,117195,115534,18945,134479,1467
2021-09-21,Kings,031,150075,29000,28545,1784,30329,291
2021-09-21,Lake,033,64148,6153,6013,130,6143,90
2021-09-21,Lassen,035,31185,6339,6159,289,6448,25
2021-09-21,Los Angeles,037,10098052,1390697,1383277,54508,1437785,25893
2021-09-21,Madera,039,155013,20718,20317,1632,21949,262
2021-09-21,Marin,041,260295,16888,16748,410,17158,242
2021-09-21,Mariposa,043,17540,940,894,25,919,5
2021-09-21,Mendocino,045,87422,6768,6580,331,6911,68
2021-09-21,Merced,047,269075,38674,38225,1408,39633,539
2021-09-21,Modoc,049,8938,470,458,164,622,5
2021-09-21,Mono,051,14174,1516,1495,13,1508,3
2021-09-21,Monterey,053,433212,46775,46583,3179,49762,565
2021-09-21,Napa,055,140530,12350,12238,87,12325,95
2021-09-21,Nevada,057,99092,8365,8259,284,8543,84
2021-09-21,Orange,059,3164182,296280,293898,14358,308256,5357
2021-09-21,Placer,061,380077,34049,33609,3328,36937,365
2021-09-21,Plumas,063,18699,1245,1225,28,1253,5
2021-09-21,Riverside,065,2383286,345005,342460,16627,359087,4817
2021-09-21,Sacramento,067,1510023,148037,147378,3962,151340,2027
2021-09-21,San Benito,069,59416,6989,6950,151,7101,67
2021-09-21,San Bernardino,071,2135413,339605,337387,10905,348292,5520
2021-09-21,San Diego,073,3302833,354431,350265,20569,370834,4021
2021-09-21,San Francisco,075,870044,50037,49653,2494,52147,609
2021-09-21,San Joaquin,077,732212,93763,92762,5106,97868,1621
2021-09-21,San Luis Obispo,079,281455,27671,27318,1131,28449,314
2021-09-21,San Mateo,081,765935,51519,51136,1305,52441,568
2021-09-21,Santa Barbara,083,443738,42063,41644,1605,43249,503
2021-09-21,Santa Clara,085,1922200,140503,139657,1153,140810,1843
2021-09-21,Santa Cruz,087,273765,19345,19140,1048,20188,212
2021-09-21,Shasta,089,179085,18578,18027,3146,21173,258
2021-09-21,Sierra,091,2930,131,127,15,142,0
2021-09-21,Siskiyou,093,43540,3025,2927,1117,4044,36
2021-09-21,Solano,095,438530,43601,43220,1130,44350,311
2021-09-21,Sonoma,097,501317,39317,39042,500,39542,369
2021-09-21,Stanislaus,099,539301,73167,72211,8324,80535,1091
2021-09-21,Sutter,101,95872,13067,12930,262,13192,153
2021-09-21,Tehama,103,63373,7312,7151,1247,8398,85
2021-09-21,Trinity,105,12862,628,572,171,743,9
2021-09-21,Tulare,107,460477,61578,60607,13396,74003,896
2021-09-21,Tuolumne,109,53932,6277,6139,68,6207,89
2021-09-21,Ventura,111,848112,94343,93818,4254,98072,1120
2021-09-21,Yolo,113,214977,18535,18313,995,19308,239
2021-09-21,Yuba,115,75493,9244,9135,211,9346,61
2021-09-20,Alameda,001,1643700,114480,113637,2773,116410,1320
2021-09-20,Alpine,003,1148,101,100,0,100,0
2021-09-20,Amador,005,37829,5006,4883,53,4936,59
2021-09-20,Butte,007,227075,18605,18135,3418,21553,231
2021-09-20,Calaveras,009,45235,3513,3395,41,3436,66
2021-09-20,Colusa,011,21464,2392,2376,558,2934,16
2021-09-20,Contra Costa,013,1133247,94637,93919,2004,95923,924
2021-09-20,Del Norte,015,27424,3422,3374,24,3398,34
2021-09-20,El Dorado,017,186661,14756,14545,1547,16092,127
2021-09-20,Fresno,019,978130,126857,125287,11384,136671,1889
2021-09-20,Glenn,021,27897,3176,3112,917,4029,25
2021-09-20,Humboldt,023,135768,8091,7938,421,8359,80
2021-09-20,Imperial,025,180216,31312,31146,3168,34314,755
2021-09-20,Inyo,027,18085,1682,1641,28,1669,39
2021-09-20,Kern,029,883053,116853,115271,18811,134082,1459
2021-09-20,Kings,031,150075,28912,28471,1778,30249,285
2021-09-20,Lake,033,64148,6139,5984,129,6113,87
2021-09-20,Lassen,035,31185,6310,6132,288,6420,25
2021-09-20,Los Angeles,037,10098052,1389200,1382206,54423,1436629,25858
2021-09-20,Madera,039,155013,20668,20203,1624,21827,257
2021-09-20,Marin,041,260295,16864,16732,408,17140,242
2021-09-20,Mariposa,043,17540,929,887,25,912,5
2021-09-20,Mendocino,045,87422,6734,6568,326,6894,67
2021-09-20,Merced,047,269075,38565,38144,1398,39542,536
2021-09-20,Modoc,049,8938,469,457,162,619,5
2021-09-20,Mono,051,14174,1511,1480,13,1493,3
2021-09-20,Monterey,053,433212,46741,46506,3153,49659,565
2021-09-20,Napa,055,140530,12325,12209,86,12295,95
2021-09-20,Nevada,057,99092,8345,8228,283,8511,84
2021-09-20,Orange,059,3164182,295939,293642,14335,307977,5354
2021-09-20,Placer,061,380077,33958,33531,3313,36844,364
2021-09-20,Plumas,063,18699,1239,1211,28,1239,5
2021-09-20,Riverside,065,2383286,344506,341961,16614,358575,4802
2021-09-20,Sacramento,067,1510023,147667,147016,3929,150945,2016
2021-09-20,San Benito,069,59416,6980,6947,150,7097,67
2021-09-20,San Bernardino,071,2135413,339213,337059,10890,347949,5507
2021-09-20,San Diego,073,3302833,353758,349579,20532,370111,4009
2021-09-20,San Francisco,075,870044,49936,49559,2488,52047,605
2021-09-20,San Joaquin,077,732212,93519,92614,5098,97712,1615
2021-09-20,San Luis Obispo,079,281455,27597,27259,1122,28381,313
2021-09-20,San Mateo,081,765935,51443,51100,1295,52395,567
2021-09-20,Santa Barbara,083,443738,41972,41589,1601,43190,500
2021-09-20,Santa Clara,085,1922200,140303,139578,1151,140729,1841
2021-09-20,Santa Cruz,087,273765,19313,19121,1048,20169,211
2021-09-20,Shasta,089,179085,18480,17893,3116,21009,258
2021-09-20,Sierra,091,2930,129,126,15,141,0
2021-09-20,Siskiyou,093,43540,3004,2902,1103,4005,35
2021-09-20,Solano,095,438530,43535,43152,1123,44275,312
2021-09-20,Sonoma,097,501317,39273,38991,500,39491,369
2021-09-20,Stanislaus,099,539301,72964,72031,8305,80336,1091
2021-09-20,Sutter,101,95872,13032,12896,257,13153,153
2021-09-20,Tehama,103,63373,7275,7121,1235,8356,84
2021-09-20,Trinity,105,12862,622,568,170,738,7
2021-09-20,Tulare,107,460477,61375,60302,13340,73642,896
2021-09-20,Tuolumne,109,53932,6252,6113,67,6180,89
2021-09-20,Ventura,111,848112,94232,93700,4248,97948,1120
2021-09-20,Yolo,113,214977,18491,18287,993,19280,239
2021-09-20,Yuba,115,75493,9208,9107,209,9316,61
2021-09-19,Alameda,001,1643700,114274,113446,2769,116215,1320
2021-09-19,Alpine,003,1148,100,100,0,100,0
2021-09-19,Amador,005,37829,4966,4875,52,4927,59
2021-09-19,Butte,007,227075,18512,18063,3392,21455,230
2021-09-19,Calaveras,009,45235,3488,3390,38,3428,66
2021-09-19,Colusa,011,21464,2390,2375,556,2931,16
2021-09-19,Contra Costa,013,1133247,94453,93788,1994,95782,924
2021-09-19,Del Norte,015,27424,3395,3344,23,3367,34
2021-09-19,El Dorado,017,186661,14703,14512,1541,16053,127
2021-09-19,Fresno,019,978130,126456,124985,11356,136341,1888
2021-09-19,Glenn,021,27897,3166,3102,912,4014,25
2021-09-19,Humboldt,023,135768,8046,7914,419,8333,80
2021-09-19,Imperial,025,180216,31243,31122,3165,34287,755
2021-09-19,Inyo,027,18085,1673,1639,28,1667,39
2021-09-19,Kern,029,883053,116542,115074,18704,133778,1459
2021-09-19,Kings,031,150075,28784,28416,1769,30185,284
2021-09-19,Lake,033,64148,6108,5962,129,6091,87
2021-09-19,Lassen,035,31185,6293,6129,282,6411,25
2021-09-19,Los Angeles,037,10098052,1387243,1381200,54317,1435517,25852
2021-09-19,Madera,039,155013,20590,20161,1612,21773,257
2021-09-19,Marin,041,260295,16835,16711,406,17117,242
2021-09-19,Mariposa,043,17540,921,881,25,906,5
2021-09-19,Mendocino,045,87422,6689,6538,320,6858,67
2021-09-19,Merced,047,269075,38408,38068,1390,39458,535
2021-09-19,Modoc,049,8938,466,457,160,617,5
2021-09-19,Mono,051,14174,1507,1480,13,1493,3
2021-09-19,Monterey,053,433212,46699,46486,3140,49626,565
2021-09-19,Napa,055,140530,12304,12190,84,12274,95
2021-09-19,Nevada,057,99092,8317,8203,281,8484,84
2021-09-19,Orange,059,3164182,295576,293258,14315,307573,5354
2021-09-19,Placer,061,380077,33846,33406,3295,36701,364
2021-09-19,Plumas,063,18699,1226,1211,28,1239,5
2021-09-19,Riverside,065,2383286,343914,341566,16604,358170,4804
2021-09-19,Sacramento,067,1510023,147307,146603,3883,150486,2012
2021-09-19,San Benito,069,59416,6961,6942,150,7092,67
2021-09-19,San Bernardino,071,2135413,338730,336688,10878,347566,5506
2021-09-19,San Diego,073,3302833,353044,349225,20496,369721,4006
2021-09-19,San Francisco,075,870044,49828,49458,2480,51938,605
2021-09-19,San Joaquin,077,732212,93224,92467,5087,97554,1615
2021-09-19,San Luis Obispo,079,281455,27496,27208,1113,28321,313
2021-09-19,San Mateo,081,765935,51359,51028,1280,52308,567
2021-09-19,Santa Barbara,083,443738,41872,41512,1601,43113,500
2021-09-19,Santa Clara,085,1922200,140121,139410,1146,140556,1841
2021-09-19,Santa Cruz,087,273765,19275,19096,1048,20144,211
2021-09-19,Shasta,089,179085,18366,17813,3081,20894,258
2021-09-19,Sierra,091,2930,128,126,15,141,0
2021-09-19,Siskiyou,093,43540,2979,2882,1094,3976,35
2021-09-19,Solano,095,438530,43450,43056,1118,44174,312
2021-09-19,Sonoma,097,501317,39202,38956,496,39452,369
2021-09-19,Stanislaus,099,539301,72719,71830,8282,80112,1091
2021-09-19,Sutter,101,95872,13005,12868,250,13118,153
2021-09-19,Tehama,103,63373,7215,7081,1223,8304,84
2021-09-19,Trinity,105,12862,611,562,168,730,7
2021-09-19,Tulare,107,460477,61118,60160,13246,73406,896
2021-09-19,Tuolumne,109,53932,6210,6097,67,6164,89
2021-09-19,Ventura,111,848112,94074,93491,4241,97732,1120
2021-09-19,Yolo,113,214977,18441,18238,987,19225,239
2021-09-19,Yuba,115,75493,9182,9087,208,9295,61
2021-09-18,Alameda,001,1643700,114176,113300,2768,116068,1320
2021-09-18,Alpine,003,1148,100,100,0,100,0
2021-09-18,Amador,005,37829,4956,4850,52,4902,59
2021-09-18,Butte,007,227075,18475,17961,3378,21339,230
2021-09-18,Calaveras,009,45235,3482,3361,37,3398,66
2021-09-18,Colusa,011,21464,2390,2373,555,2928,16
2021-09-18,Contra Costa,013,1133247,94363,93656,1991,95647,924
2021-09-18,Del Norte,015,27424,3387,3326,21,3347,34
2021-09-18,El Dorado,017,186661,14680,14472,1537,16009,127
2021-09-18,Fresno,019,978130,126314,124771,11342,136113,1889
2021-09-18,Glenn,021,27897,3161,3086,911,3997,25
2021-09-18,Humboldt,023,135768,8033,7881,417,8298,80
2021-09-18,Imperial,025,180216,31220,31096,3164,34260,755
2021-09-18,Inyo,027,18085,1667,1636,28,1664,39
2021-09-18,Kern,029,883053,116389,114781,18639,133420,1459
2021-09-18,Kings,031,150075,28736,28330,1764,30094,285
2021-09-18,Lake,033,64148,6091,5936,129,6065,87
2021-09-18,Lassen,035,31185,6283,6121,279,6400,25
2021-09-18,Los Angeles,037,10098052,1386486,1379880,54265,1434145,25849
2021-09-18,Madera,039,155013,20547,20126,1603,21729,257
2021-09-18,Marin,041,260295,16818,16685,405,17090,242
2021-09-18,Mariposa,043,17540,918,871,25,896,5
2021-09-18,Mendocino,045,87422,6668,6523,320,6843,67
2021-09-18,Merced,047,269075,38372,37977,1385,39362,535
2021-09-18,Modoc,049,8938,466,457,159,616,5
2021-09-18,Mono,051,14174,1505,1480,13,1493,3
2021-09-18,Monterey,053,433212,46667,46466,3131,49597,565
2021-09-18,Napa,055,140530,12292,12168,84,12252,95
2021-09-18,Nevada,057,99092,8300,8183,281,8464,84
2021-09-18,Orange,059,3164182,295382,293005,14301,307306,5354
2021-09-18,Placer,061,380077,33775,33309,3292,36601,364
2021-09-18,Plumas,063,18699,1226,1204,28,1232,5
2021-09-18,Riverside,065,2383286,343528,341136,16591,357727,4802
2021-09-18,Sacramento,067,1510023,147126,146162,3874,150036,2016
2021-09-18,San Benito,069,59416,6956,6937,150,7087,67
2021-09-18,San Bernardino,071,2135413,338462,336380,10865,347245,5501
2021-09-18,San Diego,073,3302833,352645,348848,20485,369333,4006
2021-09-18,San Francisco,075,870044,49766,49359,2474,51833,605
2021-09-18,San Joaquin,077,732212,93117,92242,5078,97320,1615
2021-09-18,San Luis Obispo,079,281455,27459,27181,1110,28291,313
2021-09-18,San Mateo,081,765935,51310,50961,1276,52237,567
2021-09-18,Santa Barbara,083,443738,41809,41465,1601,43066,500
2021-09-18,Santa Clara,085,1922200,140000,139233,1143,140376,1841
2021-09-18,Santa Cruz,087,273765,19255,19079,1048,20127,211
2021-09-18,Shasta,089,179085,18303,17777,3063,20840,258
2021-09-18,Sierra,091,2930,127,125,15,140,0
2021-09-18,Siskiyou,093,43540,2976,2875,1088,3963,35
2021-09-18,Solano,095,438530,43410,42966,1115,44081,312
2021-09-18,Sonoma,097,501317,39169,38891,494,39385,369
2021-09-18,Stanislaus,099,539301,72572,71587,8257,79844,1091
2021-09-18,Sutter,101,95872,12991,12829,250,13079,153
2021-09-18,Tehama,103,63373,7201,7055,1215,8270,84
2021-09-18,Trinity,105,12862,609,561,168,729,7
2021-09-18,Tulare,107,460477,61043,60003,13192,73195,896
2021-09-18,Tuolumne,109,53932,6195,6069,67,6136,89
2021-09-18,Ventura,111,848112,94006,93424,4236,97660,1120
2021-09-18,Yolo,113,214977,18414,18213,981,19194,239
2021-09-18,Yuba,115,75493,9168,9061,207,9268,61
2021-09-17,Alameda,001,1643700,114055,113070,2766,115836,1320
2021-09-17,Alpine,003,1148,100,99,0,99,0
2021-09-17,Amador,005,37829,4940,4835,51,4886,58
2021-09-17,Butte,007,227075,18424,17870,3369,21239,230
2021-09-17,Calaveras,009,45235,3470,3338,36,3374,66
2021-09-17,Colusa,011,21464,2389,2369,550,2919,16
2021-09-17,Contra Costa,013,1133247,94262,93485,1988,95473,924
2021-09-17,Del Norte,015,27424,3382,3311,19,3330,34
2021-09-17,El Dorado,017,186661,14661,14421,1535,15956,127
2021-09-17,Fresno,019,978130,126096,124296,11334,135630,1882
2021-09-17,Glenn,021,27897,3147,3072,909,3981,25
2021-09-17,Humboldt,023,135768,8012,7850,417,8267,80
2021-09-17,Imperial,025,180216,31193,31031,3163,34194,755
2021-09-17,Inyo,027,18085,1659,1634,28,1662,39
2021-09-17,Kern,029,883053,116198,114303,18542,132845,1456
2021-09-17,Kings,031,150075,28671,28240,1762,30002,281
2021-09-17,Lake,033,64148,6078,5915,129,6044,87
2021-09-17,Lassen,035,31185,6268,6080,277,6357,25
2021-09-17,Los Angeles,037,10098052,1385520,1377905,54194,1432099,25820
2021-09-17,Madera,039,155013,20495,20040,1594,21634,257
2021-09-17,Marin,041,260295,16805,16658,403,17061,242
2021-09-17,Mariposa,043,17540,916,869,25,894,5
2021-09-17,Mendocino,045,87422,6649,6498,320,6818,67
2021-09-17,Merced,047,269075,38333,37803,1384,39187,533
2021-09-17,Modoc,049,8938,466,456,159,615,5
2021-09-17,Mono,051,14174,1501,1457,13,1470,3
2021-09-17,Monterey,053,433212,46647,46421,3127,49548,564
2021-09-17,Napa,055,140530,12271,12153,84,12237,95
2021-09-17,Nevada,057,99092,8285,8157,281,8438,84
2021-09-17,Orange,059,3164182,295168,292685,14284,306969,5346
2021-09-17,Placer,061,380077,33713,33188,3281,36469,362
2021-09-17,Plumas,063,18699,1221,1192,27,1219,5
2021-09-17,Riverside,065,2383286,343124,340445,16581,357026,4792
2021-09-17,Sacramento,067,1510023,146927,145985,3862,149847,1999
2021-09-17,San Benito,069,59416,6953,6929,150,7079,67
2021-09-17,San Bernardino,071,2135413,338109,335810,10858,346668,5488
2021-09-17,San Diego,073,3302833,352214,348098,20467,368565,4002
2021-09-17,San Francisco,075,870044,49716,49249,2467,51716,605
2021-09-17,San Joaquin,077,732212,92982,91977,5071,97048,1610
2021-09-17,San Luis Obispo,079,281455,27426,27102,1099,28201,311
2021-09-17,San Mateo,081,765935,51261,50854,1270,52124,564
2021-09-17,Santa Barbara,083,443738,41747,41354,1601,42955,498
2021-09-17,Santa Clara,085,1922200,139853,138939,1142,140081,1838
2021-09-17,Santa Cruz,087,273765,19230,19039,1048,20087,211
2021-09-17,Shasta,089,179085,18232,17617,3050,20667,254
2021-09-17,Sierra,091,2930,127,124,15,139,0
2021-09-17,Siskiyou,093,43540,2962,2852,1087,3939,35
2021-09-17,Solano,095,438530,43348,42898,1111,44009,312
2021-09-17,Sonoma,097,501317,39131,38808,493,39301,369
2021-09-17,Stanislaus,099,539301,72466,71408,8239,79647,1091
2021-09-17,Sutter,101,95872,12974,12799,248,13047,153
2021-09-17,Tehama,103,63373,7180,7020,1205,8225,84
2021-09-17,Trinity,105,12862,604,556,167,723,7
2021-09-17,Tulare,107,460477,60927,59689,13157,72846,895
2021-09-17,Tuolumne,109,53932,6177,6047,66,6113,89
2021-09-17,Ventura,111,848112,93894,93273,4233,97506,1116
2021-09-17,Yolo,113,214977,18383,18177,977,19154,239
2021-09-17,Yuba,115,75493,9141,9019,206,9225,61
2021-09-16,Alameda,001,1643700,113878,112770,2763,115533,1318
2021-09-16,Alpine,003,1148,100,99,0,99,0
2021-09-16,Amador,005,37829,4920,4819,51,4870,58
2021-09-16,Butte,007,227075,18350,17750,3352,21102,230
2021-09-16,Calaveras,009,45235,3436,3313,36,3349,66
2021-09-16,Colusa,011,21464,2387,2363,548,2911,16
2021-09-16,Contra Costa,013,1133247,94094,93213,1978,95191,917
2021-09-16,Del Norte,015,27424,3364,3285,19,3304,34
2021-09-16,El Dorado,017,186661,14621,14372,1527,15899,127
2021-09-16,Fresno,019,978130,125742,123853,11295,135148,1868
2021-09-16,Glenn,021,27897,3135,3068,907,3975,24
2021-09-16,Humboldt,023,135768,7978,7809,407,8216,80
2021-09-16,Imperial,025,180216,31151,30966,3154,34120,753
2021-09-16,Inyo,027,18085,1657,1623,28,1651,39
2021-09-16,Kern,029,883053,115928,113828,18474,132302,1448
2021-09-16,Kings,031,150075,28585,28114,1753,29867,280
2021-09-16,Lake,033,64148,6054,5890,126,6016,87
2021-09-16,Lassen,035,31185,6234,6028,270,6298,25
2021-09-16,Los Angeles,037,10098052,1384140,1376277,54128,1430405,25796
2021-09-16,Madera,039,155013,20419,19974,1588,21562,257
2021-09-16,Marin,041,260295,16778,16625,402,17027,242
2021-09-16,Mariposa,043,17540,910,849,25,874,6
2021-09-16,Mendocino,045,87422,6617,6445,311,6756,67
2021-09-16,Merced,047,269075,38225,37675,1381,39056,532
2021-09-16,Modoc,049,8938,464,455,159,614,5
2021-09-16,Mono,051,14174,1492,1449,13,1462,3
2021-09-16,Monterey,053,433212,46600,46342,3113,49455,562
2021-09-16,Napa,055,140530,12246,12115,80,12195,95
2021-09-16,Nevada,057,99092,8257,8121,280,8401,84
2021-09-16,Orange,059,3164182,294829,292183,14264,306447,5340
2021-09-16,Placer,061,380077,33618,33037,3259,36296,354
2021-09-16,Plumas,063,18699,1211,1178,27,1205,5
2021-09-16,Riverside,065,2383286,342594,339770,16567,356337,4786
2021-09-16,Sacramento,067,1510023,146568,145754,3829,149583,1996
2021-09-16,San Benito,069,59416,6940,6913,149,7062,67
2021-09-16,San Bernardino,071,2135413,337687,335129,10852,345981,5474
2021-09-16,San Diego,073,3302833,351589,347472,20433,367905,3994
2021-09-16,San Francisco,075,870044,49632,49133,2457,51590,605
2021-09-16,San Joaquin,077,732212,92749,91650,5025,96675,1608
2021-09-16,San Luis Obispo,079,281455,27354,27044,1095,28139,310
2021-09-16,San Mateo,081,765935,51201,50773,1253,52026,564
2021-09-16,Santa Barbara,083,443738,41681,41272,1598,42870,497
2021-09-16,Santa Clara,085,1922200,139703,138685,1138,139823,1835
2021-09-16,Santa Cruz,087,273765,19202,19011,1048,20059,211
2021-09-16,Shasta,089,179085,18108,17438,3015,20453,251
2021-09-16,Sierra,091,2930,127,123,15,138,0
2021-09-16,Siskiyou,093,43540,2944,2819,1079,3898,35
2021-09-16,Solano,095,438530,43278,42792,1105,43897,312
2021-09-16,Sonoma,097,501317,39068,38707,492,39199,369
2021-09-16,Stanislaus,099,539301,72233,71105,8223,79328,1091
2021-09-16,Sutter,101,95872,12930,12729,242,12971,152
2021-09-16,Tehama,103,63373,7140,6953,1194,8147,83
2021-09-16,Trinity,105,12862,601,547,166,713,7
2021-09-16,Tulare,107,460477,60706,59459,13082,72541,894
2021-09-16,Tuolumne,109,53932,6157,5999,65,6064,89
2021-09-16,Ventura,111,848112,93755,93087,4231,97318,1110
2021-09-16,Yolo,113,214977,18351,18135,975,19110,239
2021-09-16,Yuba,115,75493,9107,8981,203,9184,61
2021-09-15,Alameda,001,1643700,113707,112498,2755,115253,1317
2021-09-15,Alpine,003,1148,100,99,0,99,0
2021-09-15,Amador,005,37829,4912,4792,51,4843,58
2021-09-15,Butte,007,227075,18252,17664,3332,20996,228
2021-09-15,Calaveras,009,45235,3403,3293,34,3327,66
2021-09-15,Colusa,011,21464,2385,2352,545,2897,16
2021-09-15,Contra Costa,013,1133247,93914,92989,1966,94955,913
2021-09-15,Del Norte,015,27424,3351,3271,17,3288,34
2021-09-15,El Dorado,017,186661,14596,14309,1519,15828,127
2021-09-15,Fresno,019,978130,125364,123370,11260,134630,1867
2021-09-15,Glenn,021,27897,3122,3051,903,3954,20
2021-09-15,Humboldt,023,135768,7943,7754,402,8156,52
2021-09-15,Imperial,025,180216,31097,30891,3151,34042,753
2021-09-15,Inyo,027,18085,1653,1614,28,1642,39
2021-09-15,Kern,029,883053,115581,113546,18373,131919,1434
2021-09-15,Kings,031,150075,28506,27991,1743,29734,279
2021-09-15,Lake,033,64148,6022,5852,125,5977,85
2021-09-15,Lassen,035,31185,6174,6018,265,6283,25
2021-09-15,Los Angeles,037,10098052,1382649,1374307,54054,1428361,25767
2021-09-15,Madera,039,155013,20345,19880,1582,21462,257
2021-09-15,Marin,041,260295,16743,16592,397,16989,242
2021-09-15,Mariposa,043,17540,899,843,25,868,5
2021-09-15,Mendocino,045,87422,6587,6399,306,6705,66
2021-09-15,Merced,047,269075,38115,37508,1379,38887,529
2021-09-15,Modoc,049,8938,464,454,159,613,5
2021-09-15,Mono,051,14174,1488,1445,13,1458,3
2021-09-15,Monterey,053,433212,46535,46317,3096,49413,562
2021-09-15,Napa,055,140530,12225,12082,80,12162,95
2021-09-15,Nevada,057,99092,8235,8081,277,8358,84
2021-09-15,Orange,059,3164182,294505,291834,14249,306083,5328
2021-09-15,Placer,061,380077,33506,32860,3237,36097,352
2021-09-15,Plumas,063,18699,1202,1164,26,1190,5
2021-09-15,Riverside,065,2383286,342013,339077,16543,355620,4769
2021-09-15,Sacramento,067,1510023,146143,145202,3795,148997,1981
2021-09-15,San Benito,069,59416,6937,6902,149,7051,67
2021-09-15,San Bernardino,071,2135413,337229,334556,10838,345394,5470
2021-09-15,San Diego,073,3302833,350960,346933,20407,367340,3983
2021-09-15,San Francisco,075,870044,49523,48999,2451,51450,605
2021-09-15,San Joaquin,077,732212,92474,91322,4982,96304,1607
2021-09-15,San Luis Obispo,079,281455,27271,26943,1089,28032,306
2021-09-15,San Mateo,081,765935,51123,50691,1247,51938,564
2021-09-15,Santa Barbara,083,443738,41581,41077,1594,42671,497
2021-09-15,Santa Clara,085,1922200,139530,138410,1133,139543,1833
2021-09-15,Santa Cruz,087,273765,19164,18984,1046,20030,210
2021-09-15,Shasta,089,179085,17999,17317,2992,20309,250
2021-09-15,Sierra,091,2930,127,123,15,138,0
2021-09-15,Siskiyou,093,43540,2925,2804,1047,3851,35
2021-09-15,Solano,095,438530,43206,42682,1100,43782,312
2021-09-15,Sonoma,097,501317,39010,38629,492,39121,369
2021-09-15,Stanislaus,099,539301,72013,70852,8202,79054,1091
2021-09-15,Sutter,101,95872,12897,12699,237,12936,151
2021-09-15,Tehama,103,63373,7097,6894,1184,8078,79
2021-09-15,Trinity,105,12862,599,541,164,705,7
2021-09-15,Tulare,107,460477,60450,59149,13018,72167,890
2021-09-15,Tuolumne,109,53932,6131,5969,65,6034,89
2021-09-15,Ventura,111,848112,93615,92960,4226,97186,1109
2021-09-15,Yolo,113,214977,18318,18064,967,19031,239
2021-09-15,Yuba,115,75493,9073,8953,203,9156,61
2021-09-14,Alameda,001,1643700,113501,112329,2749,115078,1316
2021-09-14,Alpine,003,1148,100,98,0,98,0
2021-09-14,Amador,005,37829,4892,4790,51,4841,57
2021-09-14,Butte,007,227075,18120,17516,3308,20824,226
2021-09-14,Calaveras,009,45235,3380,3280,31,3311,66
2021-09-14,Colusa,011,21464,2381,2344,541,2885,16
2021-09-14,Contra Costa,013,1133247,93716,92822,1957,94779,908
2021-09-14,Del Norte,015,27424,3335,3252,16,3268,32
2021-09-14,El Dorado,017,186661,14544,14247,1511,15758,123
2021-09-14,Fresno,019,978130,124891,123151,11221,134372,1856
2021-09-14,Glenn,021,27897,3102,3045,898,3943,20
2021-09-14,Humboldt,023,135768,7909,7717,397,8114,52
2021-09-14,Imperial,025,180216,31045,30845,3148,33993,752
2021-09-14,Inyo,027,18085,1644,1605,28,1633,39
2021-09-14,Kern,029,883053,115203,113250,18247,131497,1428
2021-09-14,Kings,031,150075,28432,27955,1733,29688,278
2021-09-14,Lake,033,64148,5990,5845,125,5970,83
2021-09-14,Lassen,035,31185,6160,5977,260,6237,25
2021-09-14,Los Angeles,037,10098052,1380820,1372831,53969,1426800,25729
2021-09-14,Madera,039,155013,20263,19800,1575,21375,254
2021-09-14,Marin,041,260295,16716,16584,395,16979,242
2021-09-14,Mariposa,043,17540,888,834,24,858,5
2021-09-14,Mendocino,045,87422,6552,6372,294,6666,65
2021-09-14,Merced,047,269075,37964,37430,1376,38806,526
2021-09-14,Modoc,049,8938,463,453,159,612,5
2021-09-14,Mono,051,14174,1476,1440,13,1453,4
2021-09-14,Monterey,053,433212,46505,46224,3071,49295,558
2021-09-14,Napa,055,140530,12192,12070,79,12149,91
2021-09-14,Nevada,057,99092,8201,8056,277,8333,83
2021-09-14,Orange,059,3164182,294123,291423,14228,305651,5319
2021-09-14,Placer,061,380077,33378,32735,3216,35951,350
2021-09-14,Plumas,063,18699,1196,1148,26,1174,5
2021-09-14,Riverside,065,2383286,341372,338534,16512,355046,4748
2021-09-14,Sacramento,067,1510023,145781,145051,3743,148794,1977
2021-09-14,San Benito,069,59416,6928,6887,148,7035,64
2021-09-14,San Bernardino,071,2135413,336734,333968,10813,344781,5465
2021-09-14,San Diego,073,3302833,350289,346204,20362,366566,3966
2021-09-14,San Francisco,075,870044,49401,48998,2436,51434,603
2021-09-14,San Joaquin,077,732212,92237,91128,4978,96106,1596
2021-09-14,San Luis Obispo,079,281455,27199,26845,1084,27929,304
2021-09-14,San Mateo,081,765935,51033,50602,1235,51837,564
2021-09-14,Santa Barbara,083,443738,41487,40783,1585,42368,495
2021-09-14,Santa Clara,085,1922200,139300,138321,1129,139450,1828
2021-09-14,Santa Cruz,087,273765,19124,18965,1044,20009,210
2021-09-14,Shasta,089,179085,17868,17152,2972,20124,246
2021-09-14,Sierra,091,2930,127,123,15,138,0
2021-09-14,Siskiyou,093,43540,2900,2756,1030,3786,35
2021-09-14,Solano,095,438530,43124,42599,1097,43696,307
2021-09-14,Sonoma,097,501317,38942,38595,488,39083,369
2021-09-14,Stanislaus,099,539301,71755,70697,8176,78873,1091
2021-09-14,Sutter,101,95872,12855,12670,230,12900,149
2021-09-14,Tehama,103,63373,7044,6859,1173,8032,80
2021-09-14,Trinity,105,12862,593,538,163,701,7
2021-09-14,Tulare,107,460477,60201,58961,12948,71909,888
2021-09-14,Tuolumne,109,53932,6110,5951,64,6015,89
2021-09-14,Ventura,111,848112,93436,92841,4209,97050,1107
2021-09-14,Yolo,113,214977,18274,18039,962,19001,239
2021-09-14,Yuba,115,75493,9037,8928,203,9131,61
2021-09-13,Alameda,001,1643700,113284,112159,2744,114903,1309
2021-09-13,Alpine,003,1148,99,98,0,98,0
2021-09-13,Amador,005,37829,4874,4761,51,4812,56
2021-09-13,Butte,007,227075,17996,17393,3283,20676,225
2021-09-13,Calaveras,009,45235,3350,3253,29,3282,65
2021-09-13,Colusa,011,21464,2371,2346,536,2882,16
2021-09-13,Contra Costa,013,1133247,93469,92658,1952,94610,908
2021-09-13,Del Norte,015,27424,3300,3232,16,3248,28
2021-09-13,El Dorado,017,186661,14485,14194,1502,15696,119
2021-09-13,Fresno,019,978130,124425,122650,11176,133826,1853
2021-09-13,Glenn,021,27897,3095,3026,889,3915,20
2021-09-13,Humboldt,023,135768,7878,7659,394,8053,52
2021-09-13,Imperial,025,180216,30993,30802,3145,33947,751
2021-09-13,Inyo,027,18085,1637,1602,28,1630,39
2021-09-13,Kern,029,883053,114822,112930,18120,131050,1424
2021-09-13,Kings,031,150075,28322,27858,1721,29579,275
2021-09-13,Lake,033,64148,5968,5809,125,5934,82
2021-09-13,Lassen,035,31185,6124,5953,259,6212,25
2021-09-13,Los Angeles,037,10098052,1378968,1371423,53900,1425323,25703
2021-09-13,Madera,039,155013,20192,19735,1568,21303,252
2021-09-13,Marin,041,260295,16681,16557,394,16951,242
2021-09-13,Mariposa,043,17540,874,825,24,849,5
2021-09-13,Mendocino,045,87422,6519,6323,284,6607,61
2021-09-13,Merced,047,269075,37821,37291,1372,38663,521
2021-09-13,Modoc,049,8938,462,451,159,610,5
2021-09-13,Mono,051,14174,1470,1435,13,1448,3
2021-09-13,Monterey,053,433212,46424,46188,3049,49237,558
2021-09-13,Napa,055,140530,12174,12039,79,12118,91
2021-09-13,Nevada,057,99092,8175,8021,275,8296,83
2021-09-13,Orange,059,3164182,293701,291128,14215,305343,5312
2021-09-13,Placer,061,380077,33214,32617,3199,35816,343
2021-09-13,Plumas,063,18699,1184,1142,26,1168,5
2021-09-13,Riverside,065,2383286,340729,337876,16494,354370,4731
2021-09-13,Sacramento,067,1510023,145294,144537,3710,148247,1956
2021-09-13,San Benito,069,59416,6913,6867,147,7014,64
2021-09-13,San Bernardino,071,2135413,336247,333613,10789,344402,5441
2021-09-13,San Diego,073,3302833,349499,345647,20312,365959,3961
2021-09-13,San Francisco,075,870044,49273,48914,2429,51343,603
2021-09-13,San Joaquin,077,732212,91953,90966,4943,95909,1581
2021-09-13,San Luis Obispo,079,281455,27102,26805,1081,27886,300
2021-09-13,San Mateo,081,765935,50954,50525,1221,51746,564
2021-09-13,Santa Barbara,083,443738,41370,40661,1578,42239,494
2021-09-13,Santa Clara,085,1922200,139060,138152,1124,139276,1820
2021-09-13,Santa Cruz,087,273765,19084,18917,1043,19960,210
2021-09-13,Shasta,089,179085,17741,17033,2931,19964,243
2021-09-13,Sierra,091,2930,127,123,15,138,0
2021-09-13,Siskiyou,093,43540,2885,2745,1018,3763,35
2021-09-13,Solano,095,438530,43025,42501,1093,43594,306
2021-09-13,Sonoma,097,501317,38875,38513,485,38998,368
2021-09-13,Stanislaus,099,539301,71505,70477,8136,78613,1091
2021-09-13,Sutter,101,95872,12797,12624,226,12850,145
2021-09-13,Tehama,103,63373,6979,6803,1161,7964,79
2021-09-13,Trinity,105,12862,591,533,161,694,7
2021-09-13,Tulare,107,460477,59917,58768,12881,71649,887
2021-09-13,Tuolumne,109,53932,6079,5909,64,5973,89
2021-09-13,Ventura,111,848112,93285,92679,4201,96880,1107
2021-09-13,Yolo,113,214977,18233,17974,957,18931,239
2021-09-13,Yuba,115,75493,8992,8884,202,9086,61
2021-09-12,Alameda,001,1643700,113022,111961,2740,114701,1309
2021-09-12,Alpine,003,1148,99,98,0,98,0
2021-09-12,Amador,005,37829,4853,4752,51,4803,56
2021-09-12,Butte,007,227075,17853,17257,3238,20495,221
2021-09-12,Calaveras,009,45235,3318,3236,25,3261,65
2021-09-12,Colusa,011,21464,2368,2344,535,2879,16
2021-09-12,Contra Costa,013,1133247,93201,92498,1940,94438,908
2021-09-12,Del Norte,015,27424,3267,3200,16,3216,28
2021-09-12,El Dorado,017,186661,14413,14167,1485,15652,119
2021-09-12,Fresno,019,978130,123911,122407,11136,133543,1853
2021-09-12,Glenn,021,27897,3075,3016,882,3898,20
2021-09-12,Humboldt,023,135768,7808,7636,383,8019,52
2021-09-12,Imperial,025,180216,30931,30790,3139,33929,751
2021-09-12,Inyo,027,18085,1627,1596,28,1624,39
2021-09-12,Kern,029,883053,114414,112602,17957,130559,1424
2021-09-12,Kings,031,150075,28212,27764,1704,29468,274
2021-09-12,Lake,033,64148,5928,5781,123,5904,82
2021-09-12,Lassen,035,31185,6087,5943,248,6191,25
2021-09-12,Los Angeles,037,10098052,1376924,1365968,53819,1419787,25630
2021-09-12,Madera,039,155013,20105,19691,1558,21249,252
2021-09-12,Marin,041,260295,16658,16526,394,16920,242
2021-09-12,Mariposa,043,17540,863,811,24,835,5
2021-09-12,Mendocino,045,87422,6478,6283,276,6559,61
2021-09-12,Merced,047,269075,37655,37172,1361,38533,521
2021-09-12,Modoc,049,8938,462,451,158,609,5
2021-09-12,Mono,051,14174,1460,1431,13,1444,3
2021-09-12,Monterey,053,433212,46344,46167,3021,49188,558
2021-09-12,Napa,055,140530,12144,12011,79,12090,91
2021-09-12,Nevada,057,99092,8136,7987,272,8259,83
2021-09-12,Orange,059,3164182,293246,290718,14191,304909,5312
2021-09-12,Placer,061,380077,33067,32520,3173,35693,343
2021-09-12,Plumas,063,18699,1164,1138,26,1164,5
2021-09-12,Riverside,065,2383286,340045,337332,16461,353793,4731
2021-09-12,Sacramento,067,1510023,144792,144030,3668,147698,1959
2021-09-12,San Benito,069,59416,6894,6852,146,6998,64
2021-09-12,San Bernardino,071,2135413,335640,333049,10775,343824,5439
2021-09-12,San Diego,073,3302833,348674,345058,20240,365298,3942
2021-09-12,San Francisco,075,870044,49162,48819,2421,51240,603
2021-09-12,San Joaquin,077,732212,91625,90730,4927,95657,1581
2021-09-12,San Luis Obispo,079,281455,26985,26729,1068,27797,299
2021-09-12,San Mateo,081,765935,50857,50432,1207,51639,564
2021-09-12,Santa Barbara,083,443738,41264,40600,1571,42171,494
2021-09-12,Santa Clara,085,1922200,138812,137899,1120,139019,1820
2021-09-12,Santa Cruz,087,273765,19052,18892,1042,19934,210
2021-09-12,Shasta,089,179085,17579,16957,2872,19829,243
2021-09-12,Sierra,091,2930,127,123,15,138,0
2021-09-12,Siskiyou,093,43540,2858,2730,1003,3733,35
2021-09-12,Solano,095,438530,42921,42409,1088,43497,306
2021-09-12,Sonoma,097,501317,38800,38456,483,38939,368
2021-09-12,Stanislaus,099,539301,71208,70184,8098,78282,1091
2021-09-12,Sutter,101,95872,12755,12589,220,12809,145
2021-09-12,Tehama,103,63373,6916,6732,1147,7879,79
2021-09-12,Trinity,105,12862,587,529,159,688,7
2021-09-12,Tulare,107,460477,59561,58582,12816,71398,887
2021-09-12,Tuolumne,109,53932,6046,5888,64,5952,89
2021-09-12,Ventura,111,848112,93168,92496,4195,96691,1107
2021-09-12,Yolo,113,214977,18168,17943,949,18892,239
2021-09-12,Yuba,115,75493,8955,8842,202,9044,61
2021-09-11,Alameda,001,1643700,112896,111715,2738,114453,1309
2021-09-11,Alpine,003,1148,99,98,0,98,0
2021-09-11,Amador,005,37829,4840,4728,50,4778,56
2021-09-11,Butte,007,227075,17773,17218,3209,20427,221
2021-09-11,Calaveras,009,45235,3315,3208,24,3232,65
2021-09-11,Colusa,011,21464,2367,2338,532,2870,16
2021-09-11,Contra Costa,013,1133247,93082,92269,1935,94204,908
2021-09-11,Del Norte,015,27424,3252,3184,16,3200,28
2021-09-11,El Dorado,017,186661,14394,14117,1478,15595,119
2021-09-11,Fresno,019,978130,123733,122224,11113,133337,1853
2021-09-11,Glenn,021,27897,3071,3007,880,3887,20
2021-09-11,Humboldt,023,135768,7786,7615,380,7995,52
2021-09-11,Imperial,025,180216,30906,30760,3135,33895,751
2021-09-11,Inyo,027,18085,1624,1590,28,1618,39
2021-09-11,Kern,029,883053,114169,112205,17836,130041,1424
2021-09-11,Kings,031,150075,28163,27631,1698,29329,275
2021-09-11,Lake,033,64148,5908,5761,123,5884,82
2021-09-11,Lassen,035,31185,6072,5930,244,6174,25
2021-09-11,Los Angeles,037,10098052,1375963,1365831,53753,1419584,25630
2021-09-11,Madera,039,155013,20052,19648,1552,21200,252
2021-09-11,Marin,041,260295,16630,16496,393,16889,242
2021-09-11,Mariposa,043,17540,858,799,24,823,5
2021-09-11,Mendocino,045,87422,6454,6257,276,6533,61
2021-09-11,Merced,047,269075,37603,37042,1358,38400,521
2021-09-11,Modoc,049,8938,462,449,158,607,5
2021-09-11,Mono,051,14174,1456,1431,13,1444,3
2021-09-11,Monterey,053,433212,46313,46140,3013,49153,558
2021-09-11,Napa,055,140530,12121,11991,79,12070,91
2021-09-11,Nevada,057,99092,8121,7967,272,8239,83
2021-09-11,Orange,059,3164182,292949,290429,14174,304603,5306
2021-09-11,Placer,061,380077,32983,32414,3162,35576,344
2021-09-11,Plumas,063,18699,1161,1112,25,1137,5
2021-09-11,Riverside,065,2383286,339608,336585,16447,353032,4731
2021-09-11,Sacramento,067,1510023,144496,143557,3654,147211,1955
2021-09-11,San Benito,069,59416,6881,6844,146,6990,64
2021-09-11,San Bernardino,071,2135413,335296,332512,10763,343275,5430
2021-09-11,San Diego,073,3302833,348184,344355,20217,364572,3942
2021-09-11,San Francisco,075,870044,49106,48660,2415,51075,603
2021-09-11,San Joaquin,077,732212,91485,90482,4924,95406,1581
2021-09-11,San Luis Obispo,079,281455,26939,26651,1067,27718,299
2021-09-11,San Mateo,081,765935,50793,50341,1205,51546,564
2021-09-11,Santa Barbara,083,443738,41191,40451,1571,42022,494
2021-09-11,Santa Clara,085,1922200,138664,137659,1117,138776,1820
2021-09-11,Santa Cruz,087,273765,19023,18865,1042,19907,210
2021-09-11,Shasta,089,179085,17489,16877,2850,19727,243
2021-09-11,Sierra,091,2930,127,123,15,138,0
2021-09-11,Siskiyou,093,43540,2841,2717,1000,3717,35
2021-09-11,Solano,095,438530,42870,42344,1085,43429,306
2021-09-11,Sonoma,097,501317,38754,38399,481,38880,368
2021-09-11,Stanislaus,099,539301,71084,69974,8082,78056,1091
2021-09-11,Sutter,101,95872,12729,12538,217,12755,145
2021-09-11,Tehama,103,63373,6898,6703,1142,7845,79
2021-09-11,Trinity,105,12862,580,526,159,685,7
2021-09-11,Tulare,107,460477,59449,58321,12768,71089,889
2021-09-11,Tuolumne,109,53932,6027,5879,61,5940,89
2021-09-11,Ventura,111,848112,93089,92328,4190,96518,1107
2021-09-11,Yolo,113,214977,18144,17906,944,18850,239
2021-09-11,Yuba,115,75493,8930,8813,202,9015,61
2021-09-10,Alameda,001,1643700,112705,111386,2737,114123,1306
2021-09-10,Alpine,003,1148,98,97,0,97,0
2021-09-10,Amador,005,37829,4828,4706,50,4756,56
2021-09-10,Butte,007,227075,17698,17051,3194,20245,222
2021-09-10,Calaveras,009,45235,3309,3183,24,3207,65
2021-09-10,Colusa,011,21464,2363,2327,529,2856,16
2021-09-10,Contra Costa,013,1133247,92963,92024,1933,93957,908
2021-09-10,Del Norte,015,27424,3237,3128,15,3143,28
2021-09-10,El Dorado,017,186661,14363,14051,1473,15524,119
2021-09-10,Fresno,019,978130,123411,121659,11095,132754,1846
2021-09-10,Glenn,021,27897,3066,2977,880,3857,20
2021-09-10,Humboldt,023,135768,7753,7543,376,7919,52
2021-09-10,Imperial,025,180216,30882,30716,3133,33849,751
2021-09-10,Inyo,027,18085,1620,1590,28,1618,39
2021-09-10,Kern,029,883053,113915,111832,17717,129549,1419
2021-09-10,Kings,031,150075,28089,27473,1690,29163,274
2021-09-10,Lake,033,64148,5892,5713,121,5834,79
2021-09-10,Lassen,035,31185,6064,5914,241,6155,25
2021-09-10,Los Angeles,037,10098052,1374758,1365709,53685,1419394,25630
2021-09-10,Madera,039,155013,20006,19520,1548,21068,252
2021-09-10,Marin,041,260295,16611,16458,390,16848,242
2021-09-10,Mariposa,043,17540,853,795,24,819,5
2021-09-10,Mendocino,045,87422,6423,6184,275,6459,61
2021-09-10,Merced,047,269075,37551,36884,1357,38241,521
2021-09-10,Modoc,049,8938,462,448,158,606,5
2021-09-10,Mono,051,14174,1453,1422,13,1435,3
2021-09-10,Monterey,053,433212,46285,46084,2994,49078,557
2021-09-10,Napa,055,140530,12097,11948,79,12027,90
2021-09-10,Nevada,057,99092,8103,7932,271,8203,83
2021-09-10,Orange,059,3164182,292647,290022,14165,304187,5302
2021-09-10,Placer,061,380077,32883,32264,3148,35412,343
2021-09-10,Plumas,063,18699,1158,1111,25,1136,5
2021-09-10,Riverside,065,2383286,339134,335988,16440,352428,4720
2021-09-10,Sacramento,067,1510023,144150,143244,3645,146889,1950
2021-09-10,San Benito,069,59416,6877,6824,146,6970,64
2021-09-10,San Bernardino,071,2135413,334876,331894,10753,342647,5422
2021-09-10,San Diego,073,3302833,347623,343173,20175,363348,3941
2021-09-10,San Francisco,075,870044,49029,48518,2406,50924,602
2021-09-10,San Joaquin,077,732212,91309,90208,4917,95125,1573
2021-09-10,San Luis Obispo,079,281455,26906,26526,1065,27591,299
2021-09-10,San Mateo,081,765935,50736,50251,1199,51450,564
2021-09-10,Santa Barbara,083,443738,41138,40321,1568,41889,492
2021-09-10,Santa Clara,085,1922200,138485,137337,1116,138453,1817
2021-09-10,Santa Cruz,087,273765,19004,18785,1041,19826,210
2021-09-10,Shasta,089,179085,17394,16667,2822,19489,242
2021-09-10,Sierra,091,2930,127,117,15,132,0
2021-09-10,Siskiyou,093,43540,2829,2702,996,3698,35
2021-09-10,Solano,095,438530,42797,42230,1077,43307,305
2021-09-10,Sonoma,097,501317,38697,38271,480,38751,368
2021-09-10,Stanislaus,099,539301,70925,69617,8059,77676,1091
2021-09-10,Sutter,101,95872,12695,12468,217,12685,145
2021-09-10,Tehama,103,63373,6867,6652,1137,7789,77
2021-09-10,Trinity,105,12862,576,524,159,683,7
2021-09-10,Tulare,107,460477,59304,57930,12722,70652,883
2021-09-10,Tuolumne,109,53932,6009,5842,60,5902,89
2021-09-10,Ventura,111,848112,93002,92145,4185,96330,1104
2021-09-10,Yolo,113,214977,18120,17825,939,18764,239
2021-09-10,Yuba,115,75493,8912,8760,201,8961,62
2021-09-09,Alameda,001,1643700,112490,111014,2729,113743,1306
2021-09-09,Alpine,003,1148,98,94,0,94,0
2021-09-09,Amador,005,37829,4807,4698,49,4747,56
2021-09-09,Butte,007,227075,17553,16874,3168,20042,221
2021-09-09,Calaveras,009,45235,3275,3165,24,3189,65
2021-09-09,Colusa,011,21464,2356,2321,527,2848,16
2021-09-09,Contra Costa,013,1133247,92754,91687,1928,93615,904
2021-09-09,Del Norte,015,27424,3214,3102,15,3117,28
2021-09-09,El Dorado,017,186661,14306,13970,1463,15433,119
2021-09-09,Fresno,019,978130,122938,121040,11065,132105,1838
2021-09-09,Glenn,021,27897,3053,2947,873,3820,20
2021-09-09,Humboldt,023,135768,7704,7471,369,7840,52
2021-09-09,Imperial,025,180216,30845,30661,3130,33791,751
2021-09-09,Inyo,027,18085,1613,1586,28,1614,39
2021-09-09,Kern,029,883053,113565,111390,17557,128947,1414
2021-09-09,Kings,031,150075,27988,27282,1679,28961,273
2021-09-09,Lake,033,64148,5868,5638,119,5757,79
2021-09-09,Lassen,035,31185,6014,5860,235,6095,25
2021-09-09,Los Angeles,037,10098052,1372903,1363735,53608,1417343,25583
2021-09-09,Madera,039,155013,19933,19401,1536,20937,252
2021-09-09,Marin,041,260295,16587,16416,387,16803,242
2021-09-09,Mariposa,043,17540,840,779,23,802,5
2021-09-09,Mendocino,045,87422,6391,6089,266,6355,61
2021-09-09,Merced,047,269075,37398,36634,1344,37978,516
2021-09-09,Modoc,049,8938,462,448,158,606,5
2021-09-09,Mono,051,14174,1447,1420,13,1433,3
2021-09-09,Monterey,053,433212,46244,45991,2970,48961,556
2021-09-09,Napa,055,140530,12066,11878,79,11957,90
2021-09-09,Nevada,057,99092,8065,7855,271,8126,82
2021-09-09,Orange,059,3164182,292244,289109,14138,303247,5299
2021-09-09,Placer,061,380077,32765,32048,3132,35180,342
2021-09-09,Plumas,063,18699,1147,1098,24,1122,5
2021-09-09,Riverside,065,2383286,338496,334774,16422,351196,4701
2021-09-09,Sacramento,067,1510023,143669,142728,3597,146325,1929
2021-09-09,San Benito,069,59416,6867,6820,145,6965,64
2021-09-09,San Bernardino,071,2135413,334315,331040,10741,341781,5417
2021-09-09,San Diego,073,3302833,346895,342149,20118,362267,3929
2021-09-09,San Francisco,075,870044,48919,48404,2393,50797,597
2021-09-09,San Joaquin,077,732212,91038,89874,4883,94757,1570
2021-09-09,San Luis Obispo,079,281455,26824,26472,1062,27534,296
2021-09-09,San Mateo,081,765935,50624,50143,1187,51330,561
2021-09-09,Santa Barbara,083,443738,41033,40180,1563,41743,490
2021-09-09,Santa Clara,085,1922200,138267,137017,1112,138129,1816
2021-09-09,Santa Cruz,087,273765,18958,18728,1041,19769,210
2021-09-09,Shasta,089,179085,17248,16401,2779,19180,238
2021-09-09,Sierra,091,2930,127,115,15,130,0
2021-09-09,Siskiyou,093,43540,2806,2683,982,3665,35
2021-09-09,Solano,095,438530,42689,42081,1073,43154,303
2021-09-09,Sonoma,097,501317,38630,38171,479,38650,360
2021-09-09,Stanislaus,099,539301,70639,69178,8027,77205,1074
2021-09-09,Sutter,101,95872,12640,12396,215,12611,144
2021-09-09,Tehama,103,63373,6814,6554,1131,7685,75
2021-09-09,Trinity,105,12862,570,523,157,680,6
2021-09-09,Tulare,107,460477,59059,57564,12662,70226,879
2021-09-09,Tuolumne,109,53932,5981,5802,59,5861,89
2021-09-09,Ventura,111,848112,92859,91610,4176,95786,1098
2021-09-09,Yolo,113,214977,18064,17724,936,18660,239
2021-09-09,Yuba,115,75493,8866,8707,198,8905,55
2021-09-08,Alameda,001,1643700,112236,110781,2725,113506,1305
2021-09-08,Alpine,003,1148,98,94,0,94,0
2021-09-08,Amador,005,37829,4795,4693,49,4742,56
2021-09-08,Butte,007,227075,17420,16775,3150,19925,220
2021-09-08,Calaveras,009,45235,3256,3157,24,3181,63
2021-09-08,Colusa,011,21464,2354,2308,525,2833,16
2021-09-08,Contra Costa,013,1133247,92484,91471,1923,93394,900
2021-09-08,Del Norte,015,27424,3190,3085,15,3100,25
2021-09-08,El Dorado,017,186661,14227,13928,1441,15369,119
2021-09-08,Fresno,019,978130,122447,120644,11016,131660,1831
2021-09-08,Glenn,021,27897,3034,2942,861,3803,20
2021-09-08,Humboldt,023,135768,7661,7438,360,7798,52
2021-09-08,Imperial,025,180216,30812,30609,3117,33726,751
2021-09-08,Inyo,027,18085,1602,1580,28,1608,39
2021-09-08,Kern,029,883053,113170,110933,17416,128349,1409
2021-09-08,Kings,031,150075,27859,27235,1664,28899,267
2021-09-08,Lake,033,64148,5838,5618,117,5735,79
2021-09-08,Lassen,035,31185,5996,5848,227,6075,25
2021-09-08,Los Angeles,037,10098052,1370842,1362029,53517,1415546,25533
2021-09-08,Madera,039,155013,19873,19352,1523,20875,252
2021-09-08,Marin,041,260295,16559,16386,386,16772,242
2021-09-08,Mariposa,043,17540,828,777,22,799,5
2021-09-08,Mendocino,045,87422,6346,6069,257,6326,61
2021-09-08,Merced,047,269075,37238,36500,1331,37831,516
2021-09-08,Modoc,049,8938,462,448,158,606,5
2021-09-08,Mono,051,14174,1444,1418,13,1431,3
2021-09-08,Monterey,053,433212,46204,45959,2952,48911,554
2021-09-08,Napa,055,140530,12031,11842,77,11919,90
2021-09-08,Nevada,057,99092,8029,7843,270,8113,82
2021-09-08,Orange,059,3164182,291844,288511,14119,302630,5290
2021-09-08,Placer,061,380077,32628,31852,3115,34967,337
2021-09-08,Plumas,063,18699,1143,1072,23,1095,5
2021-09-08,Riverside,065,2383286,337739,334037,16394,350431,4683
2021-09-08,Sacramento,067,1510023,143191,142448,3546,145994,1921
2021-09-08,San Benito,069,59416,6850,6800,144,6944,64
2021-09-08,San Bernardino,071,2135413,333715,330279,10724,341003,5411
2021-09-08,San Diego,073,3302833,345959,341437,20072,361509,3926
2021-09-08,San Francisco,075,870044,48779,48263,2390,50653,589
2021-09-08,San Joaquin,077,732212,90764,89631,4850,94481,1561
2021-09-08,San Luis Obispo,079,281455,26731,26303,1057,27360,294
2021-09-08,San Mateo,081,765935,50527,50051,1184,51235,561
2021-09-08,Santa Barbara,083,443738,40923,40000,1558,41558,490
2021-09-08,Santa Clara,085,1922200,138047,136836,1106,137942,1810
2021-09-08,Santa Cruz,087,273765,18921,18699,1041,19740,210
2021-09-08,Shasta,089,179085,17093,16227,2735,18962,234
2021-09-08,Sierra,091,2930,127,113,15,128,0
2021-09-08,Siskiyou,093,43540,2774,2643,971,3614,35
2021-09-08,Solano,095,438530,42599,41971,1070,43041,302
2021-09-08,Sonoma,097,501317,38548,38075,478,38553,360
2021-09-08,Stanislaus,099,539301,70394,68945,7990,76935,1074
2021-09-08,Sutter,101,95872,12575,12349,212,12561,144
2021-09-08,Tehama,103,63373,6748,6520,1114,7634,75
2021-09-08,Trinity,105,12862,567,520,153,673,6
2021-09-08,Tulare,107,460477,58734,57425,12605,70030,876
2021-09-08,Tuolumne,109,53932,5948,5783,57,5840,89
2021-09-08,Ventura,111,848112,92709,91345,4158,95503,1096
2021-09-08,Yolo,113,214977,17983,17680,931,18611,239
2021-09-08,Yuba,115,75493,8824,8675,196,8871,55
2021-09-07,Alameda,001,1643700,111934,110550,2718,113268,1301
2021-09-07,Alpine,003,1148,97,94,0,94,0
2021-09-07,Amador,005,37829,4768,4679,49,4728,53
2021-09-07,Butte,007,227075,17264,16723,3117,19840,220
2021-09-07,Calaveras,009,45235,3214,3140,22,3162,63
2021-09-07,Colusa,011,21464,2343,2306,524,2830,16
2021-09-07,Contra Costa,013,1133247,92224,91167,1917,93084,891
2021-09-07,Del Norte,015,27424,3177,3081,15,3096,24
2021-09-07,El Dorado,017,186661,14156,13892,1425,15317,119
2021-09-07,Fresno,019,978130,121900,120268,10963,131231,1828
2021-09-07,Glenn,021,27897,3014,2937,853,3790,20
2021-09-07,Humboldt,023,135768,7603,7397,343,7740,52
2021-09-07,Imperial,025,180216,30773,30584,3109,33693,751
2021-09-07,Inyo,027,18085,1596,1579,27,1606,39
2021-09-07,Kern,029,883053,112740,110674,17251,127925,1408
2021-09-07,Kings,031,150075,27734,27169,1646,28815,267
2021-09-07,Lake,033,64148,5796,5597,109,5706,78
2021-09-07,Lassen,035,31185,5978,5842,221,6063,21
2021-09-07,Los Angeles,037,10098052,1368626,1360407,53418,1413825,25486
2021-09-07,Madera,039,155013,19786,19316,1517,20833,249
2021-09-07,Marin,041,260295,16521,16363,386,16749,242
2021-09-07,Mariposa,043,17540,813,771,22,793,5
2021-09-07,Mendocino,045,87422,6290,6036,246,6282,61
2021-09-07,Merced,047,269075,37064,36400,1326,37726,513
2021-09-07,Modoc,049,8938,460,449,158,607,5
2021-09-07,Mono,051,14174,1435,1416,13,1429,3
2021-09-07,Monterey,053,433212,46138,45911,2921,48832,543
2021-09-07,Napa,055,140530,11990,11814,77,11891,90
2021-09-07,Nevada,057,99092,8001,7829,270,8099,82
2021-09-07,Orange,059,3164182,291417,288225,14092,302317,5274
2021-09-07,Placer,061,380077,32475,31710,3086,34796,337
2021-09-07,Plumas,063,18699,1126,1071,23,1094,5
2021-09-07,Riverside,065,2383286,336952,333390,16375,349765,4666
2021-09-07,Sacramento,067,1510023,142653,142364,3499,145863,1905
2021-09-07,San Benito,069,59416,6832,6786,144,6930,64
2021-09-07,San Bernardino,071,2135413,332976,329962,10696,340658,5407
2021-09-07,San Diego,073,3302833,344951,340709,20008,360717,3922
2021-09-07,San Francisco,075,870044,48642,48175,2382,50557,589
2021-09-07,San Joaquin,077,732212,90433,89468,4836,94304,1548
2021-09-07,San Luis Obispo,079,281455,26613,26253,1048,27301,287
2021-09-07,San Mateo,081,765935,50439,49913,1178,51091,561
2021-09-07,Santa Barbara,083,443738,40798,39957,1553,41510,489
2021-09-07,Santa Clara,085,1922200,137770,136631,1099,137730,1807
2021-09-07,Santa Cruz,087,273765,18872,18669,1038,19707,210
2021-09-07,Shasta,089,179085,16938,16096,2681,18777,226
2021-09-07,Sierra,091,2930,127,111,15,126,0
2021-09-07,Siskiyou,093,43540,2749,2607,953,3560,34
2021-09-07,Solano,095,438530,42479,41862,1066,42928,300
2021-09-07,Sonoma,097,501317,38464,38013,475,38488,358
2021-09-07,Stanislaus,099,539301,70107,68831,7967,76798,1074
2021-09-07,Sutter,101,95872,12501,12310,206,12516,138
2021-09-07,Tehama,103,63373,6697,6482,1094,7576,74
2021-09-07,Trinity,105,12862,562,517,153,670,6
2021-09-07,Tulare,107,460477,58383,57228,12523,69751,874
2021-09-07,Tuolumne,109,53932,5911,5759,57,5816,88
2021-09-07,Ventura,111,848112,92499,91246,4148,95394,1093
2021-09-07,Yolo,113,214977,17914,17653,926,18579,235
2021-09-07,Yuba,115,75493,8781,8642,191,8833,55
2021-09-06,Alameda,001,1643700,111626,110357,2709,113066,1301
2021-09-06,Alpine,003,1148,95,94,0,94,0
2021-09-06,Amador,005,37829,4752,4648,48,4696,53
2021-09-06,Butte,007,227075,17072,16588,3073,19661,218
2021-09-06,Calaveras,009,45235,3196,3122,22,3144,63
2021-09-06,Colusa,011,21464,2336,2306,519,2825,16
2021-09-06,Contra Costa,013,1133247,91930,90971,1907,92878,891
2021-09-06,Del Norte,015,27424,3137,3037,14,3051,24
2021-09-06,El Dorado,017,186661,14087,13848,1409,15257,119
2021-09-06,Fresno,019,978130,121332,119738,10904,130642,1828
2021-09-06,Glenn,021,27897,2981,2912,838,3750,20
2021-09-06,Humboldt,023,135768,7528,7320,325,7645,52
2021-09-06,Imperial,025,180216,30710,30576,3104,33680,751
2021-09-06,Inyo,027,18085,1590,1578,11,1589,39
2021-09-06,Kern,029,883053,112233,110347,17060,127407,1408
2021-09-06,Kings,031,150075,27594,27094,1628,28722,264
2021-09-06,Lake,033,64148,5733,5548,102,5650,78
2021-09-06,Lassen,035,31185,5952,5822,210,6032,21
2021-09-06,Los Angeles,037,10098052,1366259,1359348,53298,1412646,25477
2021-09-06,Madera,039,155013,19683,19191,1498,20689,249
2021-09-06,Marin,041,260295,16481,16356,386,16742,242
2021-09-06,Mariposa,043,17540,801,764,22,786,5
2021-09-06,Mendocino,045,87422,6223,5984,232,6216,61
2021-09-06,Merced,047,269075,36850,36300,1317,37617,513
2021-09-06,Modoc,049,8938,457,449,158,607,5
2021-09-06,Mono,051,14174,1432,1416,13,1429,3
2021-09-06,Monterey,053,433212,46074,45833,2876,48709,541
2021-09-06,Napa,055,140530,11947,11792,76,11868,90
2021-09-06,Nevada,057,99092,7953,7748,268,8016,82
2021-09-06,Orange,059,3164182,290925,287948,14039,301987,5274
2021-09-06,Placer,061,380077,32298,31595,3046,34641,337
2021-09-06,Plumas,063,18699,1101,1068,21,1089,5
2021-09-06,Riverside,065,2383286,336136,333052,16354,349406,4666
2021-09-06,Sacramento,067,1510023,142012,141730,3427,145157,1905
2021-09-06,San Benito,069,59416,6809,6777,141,6918,64
2021-09-06,San Bernardino,071,2135413,332093,329693,10665,340358,5398
2021-09-06,San Diego,073,3302833,343936,340222,19912,360134,3922
2021-09-06,San Francisco,075,870044,48508,48120,2376,50496,589
2021-09-06,San Joaquin,077,732212,90094,89293,4815,94108,1548
2021-09-06,San Luis Obispo,079,281455,26485,26183,1045,27228,286
2021-09-06,San Mateo,081,765935,50328,49859,1161,51020,561
2021-09-06,Santa Barbara,083,443738,40669,39876,1544,41420,489
2021-09-06,Santa Clara,085,1922200,137485,136458,1096,137554,1807
2021-09-06,Santa Cruz,087,273765,18820,18615,1035,19650,210
2021-09-06,Shasta,089,179085,16760,15985,2626,18611,226
2021-09-06,Sierra,091,2930,127,109,15,124,0
2021-09-06,Siskiyou,093,43540,2706,2595,919,3514,34
2021-09-06,Solano,095,438530,42340,41774,1060,42834,300
2021-09-06,Sonoma,097,501317,38348,37929,474,38403,358
2021-09-06,Stanislaus,099,539301,69733,68596,7919,76515,1074
2021-09-06,Sutter,101,95872,12439,12238,197,12435,138
2021-09-06,Tehama,103,63373,6635,6413,1068,7481,74
2021-09-06,Trinity,105,12862,559,515,151,666,6
2021-09-06,Tulare,107,460477,58029,57068,12442,69510,874
2021-09-06,Tuolumne,109,53932,5876,5697,57,5754,88
2021-09-06,Ventura,111,848112,92325,91132,4138,95270,1093
2021-09-06,Yolo,113,214977,17832,17576,920,18496,235
2021-09-06,Yuba,115,75493,8731,8584,187,8771,55
2021-09-05,Alameda,001,1643700,111436,110173,2706,112879,1301
2021-09-05,Alpine,003,1148,95,94,0,94,0
2021-09-05,Amador,005,37829,4740,4642,48,4690,53
2021-09-05,Butte,007,227075,16982,16504,3045,19549,218
2021-09-05,Calaveras,009,45235,3189,3106,22,3128,63
2021-09-05,Colusa,011,21464,2328,2305,517,2822,16
2021-09-05,Contra Costa,013,1133247,91746,90862,1901,92763,891
2021-09-05,Del Norte,015,27424,3117,3023,14,3037,24
2021-09-05,El Dorado,017,186661,14058,13827,1395,15222,119
2021-09-05,Fresno,019,978130,121034,119384,10870,130254,1828
2021-09-05,Glenn,021,27897,2973,2899,835,3734,20
2021-09-05,Humboldt,023,135768,7495,7312,322,7634,52
2021-09-05,Imperial,025,180216,30681,30548,3102,33650,751
2021-09-05,Inyo,027,18085,1587,1572,11,1583,39
2021-09-05,Kern,029,883053,111937,110073,16895,126968,1408
2021-09-05,Kings,031,150075,27517,26989,1624,28613,264
2021-09-05,Lake,033,64148,5713,5525,102,5627,78
2021-09-05,Lassen,035,31185,5931,5820,206,6026,21
2021-09-05,Los Angeles,037,10098052,1364980,1357748,53221,1410969,25465
2021-09-05,Madera,039,155013,19640,19155,1489,20644,249
2021-09-05,Marin,041,260295,16462,16342,385,16727,242
2021-09-05,Mariposa,043,17540,797,761,22,783,5
2021-09-05,Mendocino,045,87422,6189,5965,232,6197,61
2021-09-05,Merced,047,269075,36774,36243,1316,37559,513
2021-09-05,Modoc,049,8938,457,447,158,605,5
2021-09-05,Mono,051,14174,1432,1416,13,1429,3
2021-09-05,Monterey,053,433212,46050,45795,2863,48658,540
2021-09-05,Napa,055,140530,11922,11770,76,11846,90
2021-09-05,Nevada,057,99092,7931,7722,267,7989,82
2021-09-05,Orange,059,3164182,290639,287614,14024,301638,5274
2021-09-05,Placer,061,380077,32170,31487,3032,34519,337
2021-09-05,Plumas,063,18699,1096,1067,21,1088,5
2021-09-05,Riverside,065,2383286,335685,332604,16343,348947,4654
2021-09-05,Sacramento,067,1510023,141578,141276,3405,144681,1905
2021-09-05,San Benito,069,59416,6808,6764,141,6905,64
2021-09-05,San Bernardino,071,2135413,331710,329062,10650,339712,5392
2021-09-05,San Diego,073,3302833,343378,339427,19876,359303,3914
2021-09-05,San Francisco,075,870044,48431,48035,2371,50406,589
2021-09-05,San Joaquin,077,732212,89932,89121,4802,93923,1548
2021-09-05,San Luis Obispo,079,281455,26437,26098,1044,27142,285
2021-09-05,San Mateo,081,765935,50264,49809,1155,50964,561
2021-09-05,Santa Barbara,083,443738,40602,39762,1542,41304,489
2021-09-05,Santa Clara,085,1922200,137279,136146,1094,137240,1807
2021-09-05,Santa Cruz,087,273765,18800,18588,1033,19621,210
2021-09-05,Shasta,089,179085,16678,15960,2600,18560,226
2021-09-05,Sierra,091,2930,126,109,15,124,0
2021-09-05,Siskiyou,093,43540,2690,2585,904,3489,34
2021-09-05,Solano,095,438530,42247,41687,1055,42742,300
2021-09-05,Sonoma,097,501317,38267,37881,473,38354,358
2021-09-05,Stanislaus,099,539301,69584,68434,7895,76329,1074
2021-09-05,Sutter,101,95872,12409,12179,191,12370,138
2021-09-05,Tehama,103,63373,6611,6400,1062,7462,74
2021-09-05,Trinity,105,12862,552,505,150,655,6
2021-09-05,Tulare,107,460477,57862,56915,12397,69312,874
2021-09-05,Tuolumne,109,53932,5864,5688,57,5745,88
2021-09-05,Ventura,111,848112,92190,91004,4134,95138,1093
2021-09-05,Yolo,113,214977,17796,17557,914,18471,235
2021-09-05,Yuba,115,75493,8706,8521,185,8706,55
2021-09-04,Alameda,001,1643700,111312,109944,2699,112643,1301
2021-09-04,Alpine,003,1148,95,94,0,94,0
2021-09-04,Amador,005,37829,4722,4637,47,4684,53
2021-09-04,Butte,007,227075,16925,16403,3029,19432,218
2021-09-04,Calaveras,009,45235,3178,3087,21,3108,63
2021-09-04,Colusa,011,21464,2326,2301,517,2818,16
2021-09-04,Contra Costa,013,1133247,91634,90623,1898,92521,891
2021-09-04,Del Norte,015,27424,3106,2984,14,2998,24
2021-09-04,El Dorado,017,186661,14032,13782,1387,15169,119
2021-09-04,Fresno,019,978130,120843,119033,10854,129887,1828
2021-09-04,Glenn,021,27897,2968,2878,831,3709,20
2021-09-04,Humboldt,023,135768,7464,7298,316,7614,52
2021-09-04,Imperial,025,180216,30658,30526,3100,33626,751
2021-09-04,Inyo,027,18085,1585,1571,11,1582,39
2021-09-04,Kern,029,883053,111693,109751,16764,126515,1408
2021-09-04,Kings,031,150075,27429,26896,1618,28514,263
2021-09-04,Lake,033,64148,5695,5507,102,5609,78
2021-09-04,Lassen,035,31185,5916,5814,198,6012,21
2021-09-04,Los Angeles,037,10098052,1364038,1355634,53159,1408793,25454
2021-09-04,Madera,039,155013,19607,19112,1483,20595,249
2021-09-04,Marin,041,260295,16446,16319,384,16703,242
2021-09-04,Mariposa,043,17540,792,759,22,781,5
2021-09-04,Mendocino,045,87422,6153,5933,232,6165,61
2021-09-04,Merced,047,269075,36729,36083,1313,37396,513
2021-09-04,Modoc,049,8938,457,447,158,605,5
2021-09-04,Mono,051,14174,1432,1417,13,1430,3
2021-09-04,Monterey,053,433212,46028,45756,2850,48606,540
2021-09-04,Napa,055,140530,11897,11760,74,11834,90
2021-09-04,Nevada,057,99092,7916,7691,266,7957,82
2021-09-04,Orange,059,3164182,290377,287244,14004,301248,5274
2021-09-04,Placer,061,380077,32063,31374,3014,34388,337
2021-09-04,Plumas,063,18699,1091,1067,21,1088,5
2021-09-04,Riverside,065,2383286,335215,331958,16331,348289,4654
2021-09-04,Sacramento,067,1510023,141289,140735,3396,144131,1896
2021-09-04,San Benito,069,59416,6799,6758,141,6899,64
2021-09-04,San Bernardino,071,2135413,331379,328425,10637,339062,5393
2021-09-04,San Diego,073,3302833,342944,338748,19854,358602,3914
2021-09-04,San Francisco,075,870044,48360,47937,2358,50295,589
2021-09-04,San Joaquin,077,732212,89820,88846,4795,93641,1548
2021-09-04,San Luis Obispo,079,281455,26406,26020,1044,27064,285
2021-09-04,San Mateo,081,765935,50216,49721,1146,50867,560
2021-09-04,Santa Barbara,083,443738,40536,39667,1540,41207,489
2021-09-04,Santa Clara,085,1922200,137094,135845,1091,136936,1806
2021-09-04,Santa Cruz,087,273765,18782,18579,1029,19608,210
2021-09-04,Shasta,089,179085,16601,15924,2574,18498,226
2021-09-04,Sierra,091,2930,124,108,15,123,0
2021-09-04,Siskiyou,093,43540,2665,2563,892,3455,34
2021-09-04,Solano,095,438530,42174,41614,1053,42667,300
2021-09-04,Sonoma,097,501317,38234,37809,473,38282,358
2021-09-04,Stanislaus,099,539301,69426,68210,7871,76081,1074
2021-09-04,Sutter,101,95872,12368,12137,190,12327,138
2021-09-04,Tehama,103,63373,6585,6367,1045,7412,74
2021-09-04,Trinity,105,12862,550,497,150,647,6
2021-09-04,Tulare,107,460477,57756,56719,12354,69073,874
2021-09-04,Tuolumne,109,53932,5846,5667,55,5722,88
2021-09-04,Ventura,111,848112,92055,90904,4131,95035,1090
2021-09-04,Yolo,113,214977,17762,17522,910,18432,235
2021-09-04,Yuba,115,75493,8678,8475,184,8659,55
2021-09-03,Alameda,001,1643700,111170,109636,2698,112334,1301
2021-09-03,Alpine,003,1148,95,94,0,94,0
2021-09-03,Amador,005,37829,4700,4614,47,4661,53
2021-09-03,Butte,007,227075,16835,16259,3004,19263,215
2021-09-03,Calaveras,009,45235,3168,3069,21,3090,63
2021-09-03,Colusa,011,21464,2321,2295,516,2811,16
2021-09-03,Contra Costa,013,1133247,91483,90299,1895,92194,886
2021-09-03,Del Norte,015,27424,3078,2943,13,2956,24
2021-09-03,El Dorado,017,186661,13999,13710,1383,15093,119
2021-09-03,Fresno,019,978130,120513,118508,10839,129347,1822
2021-09-03,Glenn,021,27897,2962,2867,824,3691,20
2021-09-03,Humboldt,023,135768,7440,7194,311,7505,52
2021-09-03,Imperial,025,180216,30635,30475,3095,33570,751
2021-09-03,Inyo,027,18085,1580,1567,11,1578,39
2021-09-03,Kern,029,883053,111480,109296,16648,125944,1407
2021-09-03,Kings,031,150075,27347,26753,1613,28366,263
2021-09-03,Lake,033,64148,5675,5479,100,5579,78
2021-09-03,Lassen,035,31185,5899,5789,193,5982,21
2021-09-03,Los Angeles,037,10098052,1362712,1351185,53092,1404277,25384
2021-09-03,Madera,039,155013,19525,19021,1475,20496,247
2021-09-03,Marin,041,260295,16424,16293,383,16676,242
2021-09-03,Mariposa,043,17540,784,753,22,775,5
2021-09-03,Mendocino,045,87422,6118,5891,231,6122,61
2021-09-03,Merced,047,269075,36675,35941,1304,37245,512
2021-09-03,Modoc,049,8938,457,445,158,603,5
2021-09-03,Mono,051,14174,1431,1410,13,1423,3
2021-09-03,Monterey,053,433212,46001,45707,2835,48542,540
2021-09-03,Napa,055,140530,11876,11733,74,11807,89
2021-09-03,Nevada,057,99092,7885,7632,265,7897,82
2021-09-03,Orange,059,3164182,290053,286818,13976,300794,5253
2021-09-03,Placer,061,380077,31959,31238,2989,34227,335
2021-09-03,Plumas,063,18699,1084,1057,21,1078,5
2021-09-03,Riverside,065,2383286,334683,331011,16315,347326,4653
2021-09-03,Sacramento,067,1510023,140923,139982,3377,143359,1886
2021-09-03,San Benito,069,59416,6793,6746,141,6887,64
2021-09-03,San Bernardino,071,2135413,330972,327599,10627,338226,5381
2021-09-03,San Diego,073,3302833,342321,337627,19823,357450,3911
2021-09-03,San Francisco,075,870044,48287,47822,2349,50171,589
2021-09-03,San Joaquin,077,732212,89670,88366,4789,93155,1540
2021-09-03,San Luis Obispo,079,281455,26332,25917,1042,26959,283
2021-09-03,San Mateo,081,765935,50135,49617,1131,50748,560
2021-09-03,Santa Barbara,083,443738,40470,39507,1537,41044,489
2021-09-03,Santa Clara,085,1922200,136889,135522,1087,136609,1801
2021-09-03,Santa Cruz,087,273765,18757,18532,1029,19561,210
2021-09-03,Shasta,089,179085,16527,15778,2549,18327,226
2021-09-03,Sierra,091,2930,122,105,15,120,0
2021-09-03,Siskiyou,093,43540,2653,2529,878,3407,34
2021-09-03,Solano,095,438530,42099,41457,1050,42507,300
2021-09-03,Sonoma,097,501317,38172,37699,473,38172,358
2021-09-03,Stanislaus,099,539301,69250,67887,7844,75731,1074
2021-09-03,Sutter,101,95872,12329,12073,189,12262,139
2021-09-03,Tehama,103,63373,6547,6334,1037,7371,72
2021-09-03,Trinity,105,12862,549,490,145,635,6
2021-09-03,Tulare,107,460477,57628,56401,12301,68702,872
2021-09-03,Tuolumne,109,53932,5804,5630,55,5685,88
2021-09-03,Ventura,111,848112,91921,90742,4127,94869,1088
2021-09-03,Yolo,113,214977,17739,17446,904,18350,235
2021-09-03,Yuba,115,75493,8647,8412,183,8595,55
2021-09-02,Alameda,001,1643700,110914,109377,2694,112071,1301
2021-09-02,Alpine,003,1148,94,92,0,92,0
2021-09-02,Amador,005,37829,4684,4606,47,4653,53
2021-09-02,Butte,007,227075,16711,16154,2984,19138,215
2021-09-02,Calaveras,009,45235,3157,3042,20,3062,62
2021-09-02,Colusa,011,21464,2318,2290,514,2804,16
2021-09-02,Contra Costa,013,1133247,91303,90038,1887,91925,886
2021-09-02,Del Norte,015,27424,3048,2891,13,2904,24
2021-09-02,El Dorado,017,186661,13941,13641,1355,14996,119
2021-09-02,Fresno,019,978130,120028,117974,10802,128776,1804
2021-09-02,Glenn,021,27897,2939,2855,819,3674,20
2021-09-02,Humboldt,023,135768,7393,7141,299,7440,52
2021-09-02,Imperial,025,180216,30591,30449,3091,33540,751
2021-09-02,Inyo,027,18085,1575,1564,10,1574,39
2021-09-02,Kern,029,883053,111070,108930,16500,125430,1404
2021-09-02,Kings,031,150075,27256,26638,1603,28241,263
2021-09-02,Lake,033,64148,5645,5432,95,5527,78
2021-09-02,Lassen,035,31185,5885,5747,186,5933,21
2021-09-02,Los Angeles,037,10098052,1360860,1351105,52998,1404103,25382
2021-09-02,Madera,039,155013,19434,18937,1459,20396,247
2021-09-02,Marin,041,260295,16411,16244,381,16625,242
2021-09-02,Mariposa,043,17540,778,745,19,764,5
2021-09-02,Mendocino,045,87422,6077,5848,228,6076,61
2021-09-02,Merced,047,269075,36514,35820,1297,37117,508
2021-09-02,Modoc,049,8938,457,437,158,595,5
2021-09-02,Mono,051,14174,1431,1409,13,1422,3
2021-09-02,Monterey,053,433212,45949,45648,2808,48456,539
2021-09-02,Napa,055,140530,11847,11684,74,11758,88
2021-09-02,Nevada,057,99092,7833,7575,264,7839,82
2021-09-02,Orange,059,3164182,289597,286326,13944,300270,5240
2021-09-02,Placer,061,380077,31822,31067,2959,34026,330
2021-09-02,Plumas,063,18699,1072,1045,20,1065,5
2021-09-02,Riverside,065,2383286,333971,330190,16289,346479,4644
2021-09-02,Sacramento,067,1510023,140343,139274,3337,142611,1882
2021-09-02,San Benito,069,59416,6788,6734,140,6874,64
2021-09-02,San Bernardino,071,2135413,330363,326940,10552,337492,5369
2021-09-02,San Diego,073,3302833,341356,336382,19771,356153,3909
2021-09-02,San Francisco,075,870044,48180,47674,2343,50017,587
2021-09-02,San Joaquin,077,732212,89386,88056,4766,92822,1540
2021-09-02,San Luis Obispo,079,281455,26249,25851,1037,26888,283
2021-09-02,San Mateo,081,765935,50044,49490,1118,50608,558
2021-09-02,Santa Barbara,083,443738,40380,39386,1523,40909,486
2021-09-02,Santa Clara,085,1922200,136589,135216,1082,136298,1799
2021-09-02,Santa Cruz,087,273765,18724,18473,1027,19500,210
2021-09-02,Shasta,089,179085,16389,15670,2518,18188,224
2021-09-02,Sierra,091,2930,122,105,15,120,0
2021-09-02,Siskiyou,093,43540,2634,2513,848,3361,34
2021-09-02,Solano,095,438530,41993,41293,1047,42340,294
2021-09-02,Sonoma,097,501317,38094,37558,473,38031,352
2021-09-02,Stanislaus,099,539301,68992,67576,7822,75398,1074
2021-09-02,Sutter,101,95872,12259,11995,185,12180,138
2021-09-02,Tehama,103,63373,6488,6265,1018,7283,72
2021-09-02,Trinity,105,12862,545,484,143,627,6
2021-09-02,Tulare,107,460477,57402,56105,12246,68351,872
2021-09-02,Tuolumne,109,53932,5749,5578,55,5633,88
2021-09-02,Ventura,111,848112,91739,90610,4123,94733,1084
2021-09-02,Yolo,113,214977,17670,17357,893,18250,235
2021-09-02,Yuba,115,75493,8588,8363,183,8546,55
2021-09-01,Alameda,001,1643700,110644,109075,2689,111764,1299
2021-09-01,Alpine,003,1148,94,92,0,92,0
2021-09-01,Amador,005,37829,4668,4599,46,4645,53
2021-09-01,Butte,007,227075,16598,16046,2958,19004,215
2021-09-01,Calaveras,009,45235,3142,3023,20,3043,59
2021-09-01,Colusa,011,21464,2313,2281,514,2795,16
2021-09-01,Contra Costa,013,1133247,91076,89834,1876,91710,877
2021-09-01,Del Norte,015,27424,3016,2860,13,2873,24
2021-09-01,El Dorado,017,186661,13886,13577,1327,14904,119
2021-09-01,Fresno,019,978130,119541,117492,10751,128243,1800
2021-09-01,Glenn,021,27897,2912,2846,809,3655,20
2021-09-01,Humboldt,023,135768,7345,7090,292,7382,52
2021-09-01,Imperial,025,180216,30554,30393,3087,33480,750
2021-09-01,Inyo,027,18085,1572,1561,8,1569,39
2021-09-01,Kern,029,883053,110648,108449,16356,124805,1400
2021-09-01,Kings,031,150075,27143,26443,1591,28034,263
2021-09-01,Lake,033,64148,5603,5396,90,5486,77
2021-09-01,Lassen,035,31185,5863,5731,182,5913,21
2021-09-01,Los Angeles,037,10098052,1358646,1348589,52886,1401475,25341
2021-09-01,Madera,039,155013,19356,18852,1445,20297,247
2021-09-01,Marin,041,260295,16390,16224,376,16600,240
2021-09-01,Mariposa,043,17540,770,735,19,754,5
2021-09-01,Mendocino,045,87422,6037,5821,223,6044,59
2021-09-01,Merced,047,269075,36337,35686,1288,36974,500
2021-09-01,Modoc,049,8938,451,436,156,592,5
2021-09-01,Mono,051,14174,1431,1400,13,1413,3
2021-09-01,Monterey,053,433212,45880,45590,2782,48372,539
2021-09-01,Napa,055,140530,11816,11653,74,11727,88
2021-09-01,Nevada,057,99092,7780,7508,263,7771,82
2021-09-01,Orange,059,3164182,289128,285840,13906,299746,5233
2021-09-01,Placer,061,380077,31669,30902,2945,33847,330
2021-09-01,Plumas,063,18699,1066,1033,20,1053,5
2021-09-01,Riverside,065,2383286,333158,329388,16256,345644,4634
2021-09-01,Sacramento,067,1510023,139733,138499,3291,141790,1875
2021-09-01,San Benito,069,59416,6771,6716,140,6856,64
2021-09-01,San Bernardino,071,2135413,329720,326250,10521,336771,5364
2021-09-01,San Diego,073,3302833,340317,335302,19722,355024,3908
2021-09-01,San Francisco,075,870044,48074,47538,2333,49871,584
2021-09-01,San Joaquin,077,732212,89066,87640,4746,92386,1540
2021-09-01,San Luis Obispo,079,281455,26153,25691,1032,26723,283
2021-09-01,San Mateo,081,765935,49938,49394,1104,50498,558
2021-09-01,Santa Barbara,083,443738,40263,39263,1506,40769,483
2021-09-01,Santa Clara,085,1922200,136328,134855,1077,135932,1796
2021-09-01,Santa Cruz,087,273765,18677,18453,1025,19478,210
2021-09-01,Shasta,089,179085,16257,15552,2475,18027,221
2021-09-01,Sierra,091,2930,121,98,15,113,0
2021-09-01,Siskiyou,093,43540,2606,2482,826,3308,34
2021-09-01,Solano,095,438530,41849,41194,1042,42236,293
2021-09-01,Sonoma,097,501317,37999,37454,472,37926,352
2021-09-01,Stanislaus,099,539301,68701,67287,7792,75079,1075
2021-09-01,Sutter,101,95872,12195,11945,178,12123,136
2021-09-01,Tehama,103,63373,6454,6228,1001,7229,72
2021-09-01,Trinity,105,12862,544,482,140,622,5
2021-09-01,Tulare,107,460477,57121,55768,12209,67977,870
2021-09-01,Tuolumne,109,53932,5709,5553,55,5608,88
2021-09-01,Ventura,111,848112,91525,90471,4107,94578,1089
2021-09-01,Yolo,113,214977,17616,17264,886,18150,235
2021-09-01,Yuba,115,75493,8526,8308,183,8491,55
2021-08-31,Alameda,001,1643700,110334,108837,2682,111519,1297
2021-08-31,Alpine,003,1148,92,92,0,92,0
2021-08-31,Amador,005,37829,4647,4555,46,4601,53
2021-08-31,Butte,007,227075,16460,15896,2918,18814,216
2021-08-31,Calaveras,009,45235,3104,3008,20,3028,59
2021-08-31,Colusa,011,21464,2312,2275,512,2787,16
2021-08-31,Contra Costa,013,1133247,90783,89546,1864,91410,871
2021-08-31,Del Norte,015,27424,2979,2830,13,2843,19
2021-08-31,El Dorado,017,186661,13816,13539,1309,14848,119
2021-08-31,Fresno,019,978130,118971,117155,10685,127840,1801
2021-08-31,Glenn,021,27897,2896,2829,795,3624,20
2021-08-31,Humboldt,023,135768,7269,7030,278,7308,52
2021-08-31,Imperial,025,180216,30518,30348,3079,33427,750
2021-08-31,Inyo,027,18085,1568,1550,8,1558,39
2021-08-31,Kern,029,883053,110148,108151,16173,124324,1393
2021-08-31,Kings,031,150075,27003,26405,1576,27981,260
2021-08-31,Lake,033,64148,5560,5359,87,5446,74
2021-08-31,Lassen,035,31185,5837,5702,179,5881,21
2021-08-31,Los Angeles,037,10098052,1356150,1346686,52804,1399490,25303
2021-08-31,Madera,039,155013,19265,18811,1429,20240,247
2021-08-31,Marin,041,260295,16361,16215,373,16588,240
2021-08-31,Mariposa,043,17540,762,732,19,751,5
2021-08-31,Mendocino,045,87422,5997,5777,221,5998,59
2021-08-31,Merced,047,269075,36168,35512,1283,36795,498
2021-08-31,Modoc,049,8938,450,436,156,592,5
2021-08-31,Mono,051,14174,1415,1398,13,1411,3
2021-08-31,Monterey,053,433212,45816,45550,2749,48299,539
2021-08-31,Napa,055,140530,11769,11618,74,11692,88
2021-08-31,Nevada,057,99092,7714,7460,263,7723,82
2021-08-31,Orange,059,3164182,288532,285310,13870,299180,5229
2021-08-31,Placer,061,380077,31483,30745,2906,33651,325
2021-08-31,Plumas,063,18699,1063,1018,19,1037,5
2021-08-31,Riverside,065,2383286,332186,328556,16223,344779,4627
2021-08-31,Sacramento,067,1510023,139064,137879,3251,141130,1863
2021-08-31,San Benito,069,59416,6759,6694,138,6832,64
2021-08-31,San Bernardino,071,2135413,328981,325446,10502,335948,5350
2021-08-31,San Diego,073,3302833,339049,334377,19674,354051,3888
2021-08-31,San Francisco,075,870044,47935,47440,2310,49750,581
2021-08-31,San Joaquin,077,732212,88623,87365,4731,92096,1540
2021-08-31,San Luis Obispo,079,281455,26029,25518,1028,26546,282
2021-08-31,San Mateo,081,765935,49833,49299,1097,50396,556
2021-08-31,Santa Barbara,083,443738,40117,39091,1498,40589,481
2021-08-31,Santa Clara,085,1922200,135980,134637,1073,135710,1793
2021-08-31,Santa Cruz,087,273765,18636,18419,1022,19441,210
2021-08-31,Shasta,089,179085,16104,15368,2447,17815,220
2021-08-31,Sierra,091,2930,118,95,15,110,0
2021-08-31,Siskiyou,093,43540,2588,2435,811,3246,33
2021-08-31,Solano,095,438530,41717,41067,1035,42102,289
2021-08-31,Sonoma,097,501317,37905,37379,471,37850,352
2021-08-31,Stanislaus,099,539301,68336,67004,7758,74762,1075
2021-08-31,Sutter,101,95872,12128,11901,174,12075,136
2021-08-31,Tehama,103,63373,6395,6169,971,7140,72
2021-08-31,Trinity,105,12862,538,480,140,620,3
2021-08-31,Tulare,107,460477,56788,55567,12136,67703,870
2021-08-31,Tuolumne,109,53932,5673,5516,55,5571,88
2021-08-31,Ventura,111,848112,91309,90292,4093,94385,1081
2021-08-31,Yolo,113,214977,17536,17205,877,18082,234
2021-08-31,Yuba,115,75493,8473,8253,183,8436,54
2021-08-30,Alameda,001,1643700,110005,107734,2671,110405,1296
2021-08-30,Alpine,003,1148,92,92,0,92,0
2021-08-30,Amador,005,37829,4636,4507,46,4553,53
2021-08-30,Butte,007,227075,16309,15719,2885,18604,214
2021-08-30,Calaveras,009,45235,3085,2975,20,2995,59
2021-08-30,Colusa,011,21464,2303,2271,508,2779,16
2021-08-30,Contra Costa,013,1133247,90526,87679,1853,89532,872
2021-08-30,Del Norte,015,27424,2937,2796,12,2808,11
2021-08-30,El Dorado,017,186661,13747,13217,1292,14509,119
2021-08-30,Fresno,019,978130,118409,115867,10625,126492,1790
2021-08-30,Glenn,021,27897,2885,2804,792,3596,20
2021-08-30,Humboldt,023,135768,7215,6930,271,7201,52
2021-08-30,Imperial,025,180216,30480,30311,3074,33385,750
2021-08-30,Inyo,027,18085,1563,1544,8,1552,39
2021-08-30,Kern,029,883053,109674,107615,16003,123618,1389
2021-08-30,Kings,031,150075,26888,26236,1560,27796,259
2021-08-30,Lake,033,64148,5526,5323,83,5406,74
2021-08-30,Lassen,035,31185,5815,5667,173,5840,21
2021-08-30,Los Angeles,037,10098052,1353709,1344949,52713,1397662,25269
2021-08-30,Madera,039,155013,19184,18622,1412,20034,247
2021-08-30,Marin,041,260295,16330,16160,373,16533,240
2021-08-30,Mariposa,043,17540,756,715,18,733,5
2021-08-30,Mendocino,045,87422,5964,5721,217,5938,55
2021-08-30,Merced,047,269075,36038,35335,1281,36616,497
2021-08-30,Modoc,049,8938,448,436,155,591,5
2021-08-30,Mono,051,14174,1415,1390,13,1403,3
2021-08-30,Monterey,053,433212,45763,45463,2723,48186,539
2021-08-30,Napa,055,140530,11719,11579,72,11651,87
2021-08-30,Nevada,057,99092,7655,7356,261,7617,82
2021-08-30,Orange,059,3164182,287960,284750,13818,298568,5223
2021-08-30,Placer,061,380077,31324,29825,2881,32706,319
2021-08-30,Plumas,063,18699,1047,998,19,1017,5
2021-08-30,Riverside,065,2383286,331289,327593,16192,343785,4623
2021-08-30,Sacramento,067,1510023,138412,134571,3201,137772,1847
2021-08-30,San Benito,069,59416,6750,6663,138,6801,64
2021-08-30,San Bernardino,071,2135413,328303,324870,10472,335342,5348
2021-08-30,San Diego,073,3302833,337769,333011,19603,352614,3885
2021-08-30,San Francisco,075,870044,47799,46966,2292,49258,581
2021-08-30,San Joaquin,077,732212,88295,86203,4713,90916,1528
2021-08-30,San Luis Obispo,079,281455,25905,25422,1021,26443,280
2021-08-30,San Mateo,081,765935,49717,48839,1080,49919,554
2021-08-30,Santa Barbara,083,443738,39970,38998,1492,40490,481
2021-08-30,Santa Clara,085,1922200,135657,133281,1065,134346,1789
2021-08-30,Santa Cruz,087,273765,18581,18326,1018,19344,210
2021-08-30,Shasta,089,179085,15974,15238,2403,17641,217
2021-08-30,Sierra,091,2930,116,91,15,106,0
2021-08-30,Siskiyou,093,43540,2575,2411,800,3211,33
2021-08-30,Solano,095,438530,41577,39986,1031,41017,290
2021-08-30,Sonoma,097,501317,37802,36764,471,37235,352
2021-08-30,Stanislaus,099,539301,67993,66173,7729,73902,1074
2021-08-30,Sutter,101,95872,12057,11791,167,11958,136
2021-08-30,Tehama,103,63373,6317,6085,945,7030,71
2021-08-30,Trinity,105,12862,528,468,137,605,3
2021-08-30,Tulare,107,460477,56476,55140,12057,67197,870
2021-08-30,Tuolumne,109,53932,5627,5492,55,5547,74
2021-08-30,Ventura,111,848112,91093,90149,4082,94231,1082
2021-08-30,Yolo,113,214977,17473,17071,873,17944,231
2021-08-30,Yuba,115,75493,8400,8129,182,8311,54
2021-08-29,Alameda,001,1643700,109667,107494,2656,110150,1296
2021-08-29,Alpine,003,1148,92,92,0,92,0
2021-08-29,Amador,005,37829,4622,4501,46,4547,53
2021-08-29,Butte,007,227075,16144,15602,2846,18448,214
2021-08-29,Calaveras,009,45235,3050,2970,20,2990,59
2021-08-29,Colusa,011,21464,2293,2260,502,2762,16
2021-08-29,Contra Costa,013,1133247,90229,87439,1849,89288,872
2021-08-29,Del Norte,015,27424,2895,2752,12,2764,11
2021-08-29,El Dorado,017,186661,13692,13166,1281,14447,119
2021-08-29,Fresno,019,978130,117819,115502,10578,126080,1790
2021-08-29,Glenn,021,27897,2869,2778,786,3564,20
2021-08-29,Humboldt,023,135768,7171,6922,256,7178,52
2021-08-29,Imperial,025,180216,30419,30293,3064,33357,750
2021-08-29,Inyo,027,18085,1553,1543,7,1550,39
2021-08-29,Kern,029,883053,109232,107324,15828,123152,1389
2021-08-29,Kings,031,150075,26736,26143,1545,27688,259
2021-08-29,Lake,033,64148,5486,5293,73,5366,74
2021-08-29,Lassen,035,31185,5792,5666,169,5835,21
2021-08-29,Los Angeles,037,10098052,1350965,1342541,52596,1395137,25263
2021-08-29,Madera,039,155013,19098,18594,1396,19990,247
2021-08-29,Marin,041,260295,16300,16134,370,16504,240
2021-08-29,Mariposa,043,17540,750,709,17,726,5
2021-08-29,Mendocino,045,87422,5908,5689,204,5893,55
2021-08-29,Merced,047,269075,35800,35250,1269,36519,497
2021-08-29,Modoc,049,8938,445,436,155,591,5
2021-08-29,Mono,051,14174,1409,1387,13,1400,3
2021-08-29,Monterey,053,433212,45680,45424,2678,48102,539
2021-08-29,Napa,055,140530,11688,11552,72,11624,87
2021-08-29,Nevada,057,99092,7599,7294,260,7554,82
2021-08-29,Orange,059,3164182,287350,284432,13777,298209,5223
2021-08-29,Placer,061,380077,31152,29674,2840,32514,319
2021-08-29,Plumas,063,18699,1038,996,19,1015,5
2021-08-29,Riverside,065,2383286,330433,326987,16169,343156,4623
2021-08-29,Sacramento,067,1510023,137674,133981,3150,137131,1843
2021-08-29,San Benito,069,59416,6723,6646,138,6784,64
2021-08-29,San Bernardino,071,2135413,327516,324266,10438,334704,5347
2021-08-29,San Diego,073,3302833,336658,332014,19511,351525,3880
2021-08-29,San Francisco,075,870044,47668,46885,2275,49160,581
2021-08-29,San Joaquin,077,732212,87851,85922,4696,90618,1528
2021-08-29,San Luis Obispo,079,281455,25709,25288,1016,26304,280
2021-08-29,San Mateo,081,765935,49610,48737,1070,49807,554
2021-08-29,Santa Barbara,083,443738,39805,38900,1488,40388,481
2021-08-29,Santa Clara,085,1922200,135306,132979,1060,134039,1789
2021-08-29,Santa Cruz,087,273765,18534,18285,1016,19301,210
2021-08-29,Shasta,089,179085,15821,15198,2376,17574,217
2021-08-29,Sierra,091,2930,114,91,15,106,0
2021-08-29,Siskiyou,093,43540,2530,2407,779,3186,33
2021-08-29,Solano,095,438530,41431,39887,1026,40913,290
2021-08-29,Sonoma,097,501317,37666,36650,467,37117,352
2021-08-29,Stanislaus,099,539301,67646,65956,7695,73651,1074
2021-08-29,Sutter,101,95872,11999,11719,160,11879,136
2021-08-29,Tehama,103,63373,6248,6040,921,6961,71
2021-08-29,Trinity,105,12862,525,468,133,601,3
2021-08-29,Tulare,107,460477,56141,54974,11972,66946,870
2021-08-29,Tuolumne,109,53932,5602,5478,54,5532,74
2021-08-29,Ventura,111,848112,90837,90114,4073,94187,1082
2021-08-29,Yolo,113,214977,17374,17015,861,17876,231
2021-08-29,Yuba,115,75493,8336,8042,182,8224,54
2021-08-28,Alameda,001,1643700,109507,107007,2647,109654,1296
2021-08-28,Alpine,003,1148,92,92,0,92,0
2021-08-28,Amador,005,37829,4603,4484,46,4530,53
2021-08-28,Butte,007,227075,16086,15487,2817,18304,214
2021-08-28,Calaveras,009,45235,3042,2926,20,2946,59
2021-08-28,Colusa,011,21464,2289,2252,500,2752,16
2021-08-28,Contra Costa,013,1133247,90018,86938,1846,88784,872
2021-08-28,Del Norte,015,27424,2869,2734,11,2745,11
2021-08-28,El Dorado,017,186661,13652,13089,1275,14364,119
2021-08-28,Fresno,019,978130,117579,115079,10554,125633,1792
2021-08-28,Glenn,021,27897,2862,2773,779,3552,20
2021-08-28,Humboldt,023,135768,7136,6887,251,7138,52
2021-08-28,Imperial,025,180216,30393,30260,3060,33320,750
2021-08-28,Inyo,027,18085,1551,1539,7,1546,39
2021-08-28,Kern,029,883053,108997,107012,15682,122694,1389
2021-08-28,Kings,031,150075,26669,26059,1542,27601,257
2021-08-28,Lake,033,64148,5463,5267,69,5336,74
2021-08-28,Lassen,035,31185,5777,5665,168,5833,21
2021-08-28,Los Angeles,037,10098052,1349764,1337097,52519,1389616,25234
2021-08-28,Madera,039,155013,19048,18553,1381,19934,247
2021-08-28,Marin,041,260295,16285,16106,370,16476,240
2021-08-28,Mariposa,043,17540,748,704,17,721,5
2021-08-28,Mendocino,045,87422,5883,5658,204,5862,55
2021-08-28,Merced,047,269075,35749,35108,1265,36373,497
2021-08-28,Modoc,049,8938,445,436,154,590,5
2021-08-28,Mono,051,14174,1406,1385,13,1398,3
2021-08-28,Monterey,053,433212,45644,45394,2667,48061,539
2021-08-28,Napa,055,140530,11665,11512,71,11583,88
2021-08-28,Nevada,057,99092,7575,7238,258,7496,82
2021-08-28,Orange,059,3164182,286993,283953,13747,297700,5222
2021-08-28,Placer,061,380077,31041,29428,2827,32255,319
2021-08-28,Plumas,063,18699,1032,991,19,1010,5
2021-08-28,Riverside,065,2383286,329845,326222,16158,342380,4623
2021-08-28,Sacramento,067,1510023,137279,132985,3134,136119,1844
2021-08-28,San Benito,069,59416,6716,6636,138,6774,64
2021-08-28,San Bernardino,071,2135413,327071,323672,10429,334101,5348
2021-08-28,San Diego,073,3302833,336075,331330,19477,350807,3880
2021-08-28,San Francisco,075,870044,47594,46654,2268,48922,581
2021-08-28,San Joaquin,077,732212,87686,85481,4690,90171,1527
2021-08-28,San Luis Obispo,079,281455,25643,25138,1011,26149,280
2021-08-28,San Mateo,081,765935,49540,48575,1062,49637,554
2021-08-28,Santa Barbara,083,443738,39733,38780,1487,40267,481
2021-08-28,Santa Clara,085,1922200,135099,132488,1058,133546,1789
2021-08-28,Santa Cruz,087,273765,18517,18240,1013,19253,210
2021-08-28,Shasta,089,179085,15717,15147,2357,17504,217
2021-08-28,Sierra,091,2930,110,91,15,106,0
2021-08-28,Siskiyou,093,43540,2523,2402,767,3169,33
2021-08-28,Solano,095,438530,41382,39610,1025,40635,290
2021-08-28,Sonoma,097,501317,37593,36466,465,36931,352
2021-08-28,Stanislaus,099,539301,67485,65670,7677,73347,1074
2021-08-28,Sutter,101,95872,11978,11669,159,11828,136
2021-08-28,Tehama,103,63373,6223,6004,908,6912,71
2021-08-28,Trinity,105,12862,521,463,132,595,3
2021-08-28,Tulare,107,460477,56013,54746,11926,66672,870
2021-08-28,Tuolumne,109,53932,5586,5469,54,5523,74
2021-08-28,Ventura,111,848112,90719,89934,4071,94005,1081
2021-08-28,Yolo,113,214977,17339,16907,853,17760,231
2021-08-28,Yuba,115,75493,8303,7985,181,8166,55
2021-08-27,Alameda,001,1643700,109302,106622,2644,109266,1296
2021-08-27,Alpine,003,1148,92,92,0,92,0
2021-08-27,Amador,005,37829,4587,4458,45,4503,53
2021-08-27,Butte,007,227075,16007,15277,2797,18074,214
2021-08-27,Calaveras,009,45235,3028,2903,20,2923,59
2021-08-27,Colusa,011,21464,2283,2240,498,2738,16
2021-08-27,Contra Costa,013,1133247,89822,86386,1844,88230,872
2021-08-27,Del Norte,015,27424,2837,2695,11,2706,11
2021-08-27,El Dorado,017,186661,13613,12968,1271,14239,119
2021-08-27,Fresno,019,978130,117145,114481,10539,125020,1774
2021-08-27,Glenn,021,27897,2847,2754,770,3524,20
2021-08-27,Humboldt,023,135768,7104,6782,247,7029,52
2021-08-27,Imperial,025,180216,30373,30201,3057,33258,750
2021-08-27,Inyo,027,18085,1550,1529,7,1536,39
2021-08-27,Kern,029,883053,108704,106570,15571,122141,1385
2021-08-27,Kings,031,150075,26590,25957,1540,27497,257
2021-08-27,Lake,033,64148,5439,5228,67,5295,74
2021-08-27,Lassen,035,31185,5761,5646,163,5809,21
2021-08-27,Los Angeles,037,10098052,1348252,1337006,52452,1389458,25230
2021-08-27,Madera,039,155013,18992,18476,1368,19844,247
2021-08-27,Marin,041,260295,16269,16055,368,16423,240
2021-08-27,Mariposa,043,17540,742,690,17,707,5
2021-08-27,Mendocino,045,87422,5852,5602,203,5805,55
2021-08-27,Merced,047,269075,35695,34906,1261,36167,495
2021-08-27,Modoc,049,8938,445,434,154,588,5
2021-08-27,Mono,051,14174,1397,1385,13,1398,3
2021-08-27,Monterey,053,433212,45605,45337,2650,47987,539
2021-08-27,Napa,055,140530,11631,11460,71,11531,87
2021-08-27,Nevada,057,99092,7535,7169,256,7425,82
2021-08-27,Orange,059,3164182,286635,283407,13713,297120,5206
2021-08-27,Placer,061,380077,30911,29157,2806,31963,320
2021-08-27,Plumas,063,18699,1026,984,19,1003,5
2021-08-27,Riverside,065,2383286,329329,325379,16144,341523,4622
2021-08-27,Sacramento,067,1510023,136843,131921,3121,135042,1838
2021-08-27,San Benito,069,59416,6710,6622,138,6760,64
2021-08-27,San Bernardino,071,2135413,326547,322893,10411,333304,5342
2021-08-27,San Diego,073,3302833,335290,330162,19423,349585,3877
2021-08-27,San Francisco,075,870044,47521,46456,2247,48703,581
2021-08-27,San Joaquin,077,732212,87504,84949,4676,89625,1524
2021-08-27,San Luis Obispo,079,281455,25595,24952,1008,25960,280
2021-08-27,San Mateo,081,765935,49468,48424,1054,49478,553
2021-08-27,Santa Barbara,083,443738,39642,38675,1484,40159,480
2021-08-27,Santa Clara,085,1922200,134870,132011,1055,133066,1783
2021-08-27,Santa Cruz,087,273765,18478,18163,1009,19172,210
2021-08-27,Shasta,089,179085,15636,14996,2341,17337,217
2021-08-27,Sierra,091,2930,109,91,15,106,0
2021-08-27,Siskiyou,093,43540,2508,2358,753,3111,33
2021-08-27,Solano,095,438530,41293,39347,1021,40368,287
2021-08-27,Sonoma,097,501317,37521,36326,464,36790,342
2021-08-27,Stanislaus,099,539301,67276,65167,7646,72813,1061
2021-08-27,Sutter,101,95872,11932,11590,157,11747,135
2021-08-27,Tehama,103,63373,6190,5964,893,6857,71
2021-08-27,Trinity,105,12862,521,458,131,589,3
2021-08-27,Tulare,107,460477,55877,54443,11880,66323,870
2021-08-27,Tuolumne,109,53932,5554,5438,54,5492,74
2021-08-27,Ventura,111,848112,90591,89774,4066,93840,1076
2021-08-27,Yolo,113,214977,17299,16805,848,17653,231
2021-08-27,Yuba,115,75493,8246,7926,181,8107,54
2021-08-26,Alameda,001,1643700,109025,106146,2633,108779,1296
2021-08-26,Alpine,003,1148,92,92,0,92,0
2021-08-26,Amador,005,37829,4572,4442,44,4486,53
2021-08-26,Butte,007,227075,15873,15159,2761,17920,214
2021-08-26,Calaveras,009,45235,3019,2873,20,2893,59
2021-08-26,Colusa,011,21464,2277,2234,494,2728,16
2021-08-26,Contra Costa,013,1133247,89464,85808,1837,87645,866
2021-08-26,Del Norte,015,27424,2801,2625,11,2636,8
2021-08-26,El Dorado,017,186661,13546,12863,1256,14119,118
2021-08-26,Fresno,019,978130,116645,113854,10501,124355,1770
2021-08-26,Glenn,021,27897,2829,2740,762,3502,20
2021-08-26,Humboldt,023,135768,7046,6695,237,6932,53
2021-08-26,Imperial,025,180216,30324,30121,3049,33170,748
2021-08-26,Inyo,027,18085,1540,1521,6,1527,39
2021-08-26,Kern,029,883053,108279,106051,15423,121474,1380
2021-08-26,Kings,031,150075,26467,25838,1532,27370,260
2021-08-26,Lake,033,64148,5393,5196,64,5260,74
2021-08-26,Lassen,035,31185,5749,5626,161,5787,21
2021-08-26,Los Angeles,037,10098052,1346009,1334372,52350,1386722,25199
2021-08-26,Madera,039,155013,18922,18393,1356,19749,247
2021-08-26,Marin,041,260295,16240,15983,365,16348,240
2021-08-26,Mariposa,043,17540,732,677,17,694,5
2021-08-26,Mendocino,045,87422,5816,5533,198,5731,55
2021-08-26,Merced,047,269075,35528,34755,1246,36001,495
2021-08-26,Modoc,049,8938,445,433,154,587,5
2021-08-26,Mono,051,14174,1395,1385,13,1398,3
2021-08-26,Monterey,053,433212,45550,45265,2622,47887,539
2021-08-26,Napa,055,140530,11609,11394,70,11464,87
2021-08-26,Nevada,057,99092,7477,7086,254,7340,80
2021-08-26,Orange,059,3164182,286147,282814,13694,296508,5200
2021-08-26,Placer,061,380077,30739,28898,2780,31678,319
2021-08-26,Plumas,063,18699,1019,971,18,989,5
2021-08-26,Riverside,065,2383286,328538,324486,16123,340609,4615
2021-08-26,Sacramento,067,1510023,136313,130977,3077,134054,1827
2021-08-26,San Benito,069,59416,6701,6604,138,6742,64
2021-08-26,San Bernardino,071,2135413,325892,322100,10388,332488,5339
2021-08-26,San Diego,073,3302833,334262,328276,19358,347634,3869
2021-08-26,San Francisco,075,870044,47400,46288,2237,48525,581
2021-08-26,San Joaquin,077,732212,87129,84429,4658,89087,1513
2021-08-26,San Luis Obispo,079,281455,25447,24831,1002,25833,278
2021-08-26,San Mateo,081,765935,49347,48263,1045,49308,553
2021-08-26,Santa Barbara,083,443738,39559,38566,1483,40049,479
2021-08-26,Santa Clara,085,1922200,134545,131443,1050,132493,1782
2021-08-26,Santa Cruz,087,273765,18418,18072,1007,19079,210
2021-08-26,Shasta,089,179085,15513,14891,2313,17204,217
2021-08-26,Sierra,091,2930,107,90,15,105,0
2021-08-26,Siskiyou,093,43540,2487,2342,738,3080,33
2021-08-26,Solano,095,438530,41147,39027,1013,40040,286
2021-08-26,Sonoma,097,501317,37432,36102,464,36566,337
2021-08-26,Stanislaus,099,539301,66959,64785,7621,72406,1061
2021-08-26,Sutter,101,95872,11872,11499,154,11653,135
2021-08-26,Tehama,103,63373,6132,5913,880,6793,68
2021-08-26,Trinity,105,12862,516,450,129,579,3
2021-08-26,Tulare,107,460477,55622,54157,11827,65984,870
2021-08-26,Tuolumne,109,53932,5534,5387,54,5441,74
2021-08-26,Ventura,111,848112,90406,89595,4057,93652,1080
2021-08-26,Yolo,113,214977,17233,16727,837,17564,231
2021-08-26,Yuba,115,75493,8173,7834,179,8013,54
2021-08-25,Alameda,001,1643700,108700,105636,2625,108261,1296
2021-08-25,Alpine,003,1148,92,92,0,92,0
2021-08-25,Amador,005,37829,4557,4415,44,4459,53
2021-08-25,Butte,007,227075,15769,15039,2720,17759,214
2021-08-25,Calaveras,009,45235,2999,2851,20,2871,59
2021-08-25,Colusa,011,21464,2271,2227,485,2712,16
2021-08-25,Contra Costa,013,1133247,89083,85322,1831,87153,863
2021-08-25,Del Norte,015,27424,2757,2573,11,2584,8
2021-08-25,El Dorado,017,186661,13486,12787,1240,14027,118
2021-08-25,Fresno,019,978130,116109,113384,10460,123844,1761
2021-08-25,Glenn,021,27897,2808,2728,750,3478,20
2021-08-25,Humboldt,023,135768,6981,6653,227,6880,52
2021-08-25,Imperial,025,180216,30287,30085,3044,33129,748
2021-08-25,Inyo,027,18085,1536,1518,6,1524,39
2021-08-25,Kern,029,883053,107850,105687,15264,120951,1379
2021-08-25,Kings,031,150075,26360,25676,1525,27201,258
2021-08-25,Lake,033,64148,5363,5163,61,5224,74
2021-08-25,Lassen,035,31185,5732,5583,160,5743,21
2021-08-25,Los Angeles,037,10098052,1343420,1331400,52262,1383662,25170
2021-08-25,Madera,039,155013,18858,18311,1339,19650,247
2021-08-25,Marin,041,260295,16218,15938,359,16297,240
2021-08-25,Mariposa,043,17540,726,676,17,693,5
2021-08-25,Mendocino,045,87422,5780,5486,193,5679,53
2021-08-25,Merced,047,269075,35390,34600,1241,35841,492
2021-08-25,Modoc,049,8938,445,433,154,587,5
2021-08-25,Mono,051,14174,1391,1382,13,1395,3
2021-08-25,Monterey,053,433212,45488,45196,2595,47791,539
2021-08-25,Napa,055,140530,11575,11348,69,11417,87
2021-08-25,Nevada,057,99092,7411,7000,253,7253,77
2021-08-25,Orange,059,3164182,285628,282061,13663,295724,5193
2021-08-25,Placer,061,380077,30568,28740,2748,31488,319
2021-08-25,Plumas,063,18699,1003,962,18,980,5
2021-08-25,Riverside,065,2383286,327697,323548,16101,339649,4610
2021-08-25,Sacramento,067,1510023,135630,130046,3036,133082,1827
2021-08-25,San Benito,069,59416,6680,6587,137,6724,64
2021-08-25,San Bernardino,071,2135413,325200,321228,10367,331595,5337
2021-08-25,San Diego,073,3302833,332984,327166,19285,346451,3859
2021-08-25,San Francisco,075,870044,47255,46107,2227,48334,578
2021-08-25,San Joaquin,077,732212,86751,84002,4645,88647,1510
2021-08-25,San Luis Obispo,079,281455,25255,24607,999,25606,276
2021-08-25,San Mateo,081,765935,49238,48153,1027,49180,553
2021-08-25,Santa Barbara,083,443738,39428,38450,1483,39933,479
2021-08-25,Santa Clara,085,1922200,134175,130995,1047,132042,1783
2021-08-25,Santa Cruz,087,273765,18357,17987,1004,18991,210
2021-08-25,Shasta,089,179085,15385,14752,2279,17031,217
2021-08-25,Sierra,091,2930,104,90,15,105,0
2021-08-25,Siskiyou,093,43540,2442,2322,719,3041,33
2021-08-25,Solano,095,438530,40984,38848,1002,39850,286
2021-08-25,Sonoma,097,501317,37308,35986,461,36447,336
2021-08-25,Stanislaus,099,539301,66667,64441,7587,72028,1061
2021-08-25,Sutter,101,95872,11804,11451,150,11601,134
2021-08-25,Tehama,103,63373,6073,5861,863,6724,68
2021-08-25,Trinity,105,12862,510,450,128,578,3
2021-08-25,Tulare,107,460477,55338,53877,11758,65635,866
2021-08-25,Tuolumne,109,53932,5508,5354,54,5408,74
2021-08-25,Ventura,111,848112,90223,89379,4043,93422,1068
2021-08-25,Yolo,113,214977,17168,16667,827,17494,231
2021-08-25,Yuba,115,75493,8107,7771,178,7949,54
2021-08-24,Alameda,001,1643700,108364,105319,2614,107933,1296
2021-08-24,Alpine,003,1148,92,92,0,92,0
2021-08-24,Amador,005,37829,4538,4380,44,4424,50
2021-08-24,Butte,007,227075,15616,14964,2685,17649,214
2021-08-24,Calaveras,009,45235,2958,2811,20,2831,59
2021-08-24,Colusa,011,21464,2263,2221,481,2702,16
2021-08-24,Contra Costa,013,1133247,88724,84963,1825,86788,857
2021-08-24,Del Norte,015,27424,2730,2543,11,2554,8
2021-08-24,El Dorado,017,186661,13410,12732,1224,13956,118
2021-08-24,Fresno,019,978130,115504,113024,10414,123438,1761
2021-08-24,Glenn,021,27897,2794,2717,742,3459,20
2021-08-24,Humboldt,023,135768,6919,6585,213,6798,52
2021-08-24,Imperial,025,180216,30226,30045,3038,33083,748
2021-08-24,Inyo,027,18085,1531,1512,6,1518,39
2021-08-24,Kern,029,883053,107390,105399,15093,120492,1375
2021-08-24,Kings,031,150075,26240,25629,1509,27138,258
2021-08-24,Lake,033,64148,5328,5135,61,5196,72
2021-08-24,Lassen,035,31185,5716,5576,158,5734,21
2021-08-24,Los Angeles,037,10098052,1340571,1328777,52159,1380936,25135
2021-08-24,Madera,039,155013,18784,18251,1322,19573,247
2021-08-24,Marin,041,260295,16182,15900,355,16255,240
2021-08-24,Mariposa,043,17540,719,670,17,687,5
2021-08-24,Mendocino,045,87422,5736,5416,186,5602,52
2021-08-24,Merced,047,269075,35221,34490,1232,35722,491
2021-08-24,Modoc,049,8938,445,432,154,586,5
2021-08-24,Mono,051,14174,1389,1382,13,1395,3
2021-08-24,Monterey,053,433212,45436,45126,2564,47690,539
2021-08-24,Napa,055,140530,11543,11299,67,11366,85
2021-08-24,Nevada,057,99092,7343,6981,249,7230,77
2021-08-24,Orange,059,3164182,285027,281461,13638,295099,5187
2021-08-24,Placer,061,380077,30364,28618,2706,31324,318
2021-08-24,Plumas,063,18699,993,953,18,971,5
2021-08-24,Riverside,065,2383286,326825,322620,16069,338689,4605
2021-08-24,Sacramento,067,1510023,134950,129542,2983,132525,1812
2021-08-24,San Benito,069,59416,6667,6576,137,6713,64
2021-08-24,San Bernardino,071,2135413,324447,320300,10336,330636,5328
2021-08-24,San Diego,073,3302833,331520,325823,19189,345012,3851
2021-08-24,San Francisco,075,870044,47087,46010,2208,48218,574
2021-08-24,San Joaquin,077,732212,86312,83684,4610,88294,1508
2021-08-24,San Luis Obispo,079,281455,25080,24443,988,25431,274
2021-08-24,San Mateo,081,765935,49101,48050,1014,49064,553
2021-08-24,Santa Barbara,083,443738,39299,38307,1482,39789,478
2021-08-24,Santa Clara,085,1922200,133750,130763,1042,131805,1779
2021-08-24,Santa Cruz,087,273765,18284,17928,997,18925,209
2021-08-24,Shasta,089,179085,15277,14664,2247,16911,217
2021-08-24,Sierra,091,2930,101,90,15,105,0
2021-08-24,Siskiyou,093,43540,2421,2294,704,2998,33
2021-08-24,Solano,095,438530,40778,38724,990,39714,283
2021-08-24,Sonoma,097,501317,37180,35849,459,36308,336
2021-08-24,Stanislaus,099,539301,66310,64195,7542,71737,1058
2021-08-24,Sutter,101,95872,11737,11384,147,11531,134
2021-08-24,Tehama,103,63373,6027,5826,848,6674,67
2021-08-24,Trinity,105,12862,500,446,120,566,3
2021-08-24,Tulare,107,460477,54985,53702,11668,65370,856
2021-08-24,Tuolumne,109,53932,5477,5287,54,5341,74
2021-08-24,Ventura,111,848112,90039,89167,4032,93199,1068
2021-08-24,Yolo,113,214977,17093,16492,814,17306,231
2021-08-24,Yuba,115,75493,8023,7723,176,7899,54
2021-08-23,Alameda,001,1643700,107961,104922,2602,107524,1294
2021-08-23,Alpine,003,1148,92,91,0,91,0
2021-08-23,Amador,005,37829,4524,4369,44,4413,50
2021-08-23,Butte,007,227075,15470,14847,2651,17498,211
2021-08-23,Calaveras,009,45235,2923,2803,20,2823,59
2021-08-23,Colusa,011,21464,2259,2206,478,2684,16
2021-08-23,Contra Costa,013,1133247,88346,84651,1819,86470,857
2021-08-23,Del Norte,015,27424,2684,2499,11,2510,8
2021-08-23,El Dorado,017,186661,13307,12684,1202,13886,118
2021-08-23,Fresno,019,978130,114945,112445,10372,122817,1759
2021-08-23,Glenn,021,27897,2776,2696,735,3431,20
2021-08-23,Humboldt,023,135768,6846,6498,197,6695,52
2021-08-23,Imperial,025,180216,30175,30011,3035,33046,748
2021-08-23,Inyo,027,18085,1524,1509,6,1515,39
2021-08-23,Kern,029,883053,106938,104995,14935,119930,1375
2021-08-23,Kings,031,150075,26109,25465,1502,26967,257
2021-08-23,Lake,033,64148,5289,5099,59,5158,69
2021-08-23,Lassen,035,31185,5704,5562,158,5720,21
2021-08-23,Los Angeles,037,10098052,1337630,1326412,52029,1378441,25096
2021-08-23,Madera,039,155013,18697,18155,1309,19464,246
2021-08-23,Marin,041,260295,16134,15856,351,16207,240
2021-08-23,Mariposa,043,17540,709,645,17,662,5
2021-08-23,Mendocino,045,87422,5669,5374,179,5553,51
2021-08-23,Merced,047,269075,35038,34322,1227,35549,488
2021-08-23,Modoc,049,8938,442,431,153,584,6
2021-08-23,Mono,051,14174,1387,1384,13,1397,3
2021-08-23,Monterey,053,433212,45359,45047,2531,47578,538
2021-08-23,Napa,055,140530,11505,11257,67,11324,85
2021-08-23,Nevada,057,99092,7264,6930,247,7177,77
2021-08-23,Orange,059,3164182,284394,280891,13602,294493,5181
2021-08-23,Placer,061,380077,30167,28540,2668,31208,314
2021-08-23,Plumas,063,18699,983,934,18,952,5
2021-08-23,Riverside,065,2383286,325912,321650,16043,337693,4598
2021-08-23,Sacramento,067,1510023,134166,128969,2911,131880,1807
2021-08-23,San Benito,069,59416,6649,6562,135,6697,64
2021-08-23,San Bernardino,071,2135413,323646,319577,10295,329872,5324
2021-08-23,San Diego,073,3302833,330063,324536,19086,343622,3848
2021-08-23,San Francisco,075,870044,46940,45945,2192,48137,573
2021-08-23,San Joaquin,077,732212,85888,83466,4579,88045,1499
2021-08-23,San Luis Obispo,079,281455,24898,24317,986,25303,274
2021-08-23,San Mateo,081,765935,48969,47935,1004,48939,553
2021-08-23,Santa Barbara,083,443738,39122,38181,1480,39661,478
2021-08-23,Santa Clara,085,1922200,133353,130489,1037,131526,1778
2021-08-23,Santa Cruz,087,273765,18228,17871,994,18865,209
2021-08-23,Shasta,089,179085,15152,14537,2207,16744,216
2021-08-23,Sierra,091,2930,101,90,15,105,0
2021-08-23,Siskiyou,093,43540,2400,2274,683,2957,33
2021-08-23,Solano,095,438530,40631,38612,982,39594,283
2021-08-23,Sonoma,097,501317,37061,35769,457,36226,336
2021-08-23,Stanislaus,099,539301,65958,63922,7503,71425,1058
2021-08-23,Sutter,101,95872,11648,11314,139,11453,133
2021-08-23,Tehama,103,63373,5973,5805,830,6635,67
2021-08-23,Trinity,105,12862,497,435,117,552,3
2021-08-23,Tulare,107,460477,54680,53370,11594,64964,856
2021-08-23,Tuolumne,109,53932,5434,5240,54,5294,73
2021-08-23,Ventura,111,848112,89821,88960,4020,92980,1063
2021-08-23,Yolo,113,214977,17006,16445,798,17243,226
2021-08-23,Yuba,115,75493,7952,7653,174,7827,54
2021-08-22,Alameda,001,1643700,107519,104539,2563,107102,1294
2021-08-22,Alpine,003,1148,92,91,0,91,0
2021-08-22,Amador,005,37829,4495,4349,44,4393,50
2021-08-22,Butte,007,227075,15332,14791,2613,17404,211
2021-08-22,Calaveras,009,45235,2882,2771,20,2791,59
2021-08-22,Colusa,011,21464,2251,2201,472,2673,16
2021-08-22,Contra Costa,013,1133247,87807,84371,1804,86175,857
2021-08-22,Del Norte,015,27424,2629,2455,11,2466,8
2021-08-22,El Dorado,017,186661,13202,12629,1182,13811,118
2021-08-22,Fresno,019,978130,114347,112057,10314,122371,1759
2021-08-22,Glenn,021,27897,2755,2678,720,3398,20
2021-08-22,Humboldt,023,135768,6769,6483,178,6661,52
2021-08-22,Imperial,025,180216,30117,29993,3031,33024,748
2021-08-22,Inyo,027,18085,1518,1505,6,1511,39
2021-08-22,Kern,029,883053,106415,104691,14777,119468,1375
2021-08-22,Kings,031,150075,25952,25391,1483,26874,257
2021-08-22,Lake,033,64148,5243,5069,56,5125,69
2021-08-22,Lassen,035,31185,5672,5556,153,5709,21
2021-08-22,Los Angeles,037,10098052,1334338,1324151,51895,1376046,25089
2021-08-22,Madera,039,155013,18578,18120,1298,19418,246
2021-08-22,Marin,041,260295,16082,15822,343,16165,240
2021-08-22,Mariposa,043,17540,699,638,15,653,5
2021-08-22,Mendocino,045,87422,5611,5336,179,5515,51
2021-08-22,Merced,047,269075,34835,34234,1218,35452,488
2021-08-22,Modoc,049,8938,441,431,153,584,6
2021-08-22,Mono,051,14174,1386,1378,13,1391,3
2021-08-22,Monterey,053,433212,45272,45017,2505,47522,538
2021-08-22,Napa,055,140530,11460,11231,67,11298,85
2021-08-22,Nevada,057,99092,7190,6864,245,7109,77
2021-08-22,Orange,059,3164182,283707,280390,13556,293946,5181
2021-08-22,Placer,061,380077,29957,28395,2630,31025,314
2021-08-22,Plumas,063,18699,960,923,17,940,5
2021-08-22,Riverside,065,2383286,324891,320836,15992,336828,4594
2021-08-22,Sacramento,067,1510023,133393,128231,2865,131096,1802
2021-08-22,San Benito,069,59416,6632,6550,135,6685,64
2021-08-22,San Bernardino,071,2135413,322679,318839,10259,329098,5324
2021-08-22,San Diego,073,3302833,328736,323591,18981,342572,3848
2021-08-22,San Francisco,075,870044,46781,45831,2174,48005,573
2021-08-22,San Joaquin,077,732212,85435,83121,4553,87674,1498
2021-08-22,San Luis Obispo,079,281455,24693,24250,979,25229,274
2021-08-22,San Mateo,081,765935,48827,47821,968,48789,553
2021-08-22,Santa Barbara,083,443738,38942,38099,1471,39570,478
2021-08-22,Santa Clara,085,1922200,132935,130189,1030,131219,1778
2021-08-22,Santa Cruz,087,273765,18167,17823,989,18812,209
2021-08-22,Shasta,089,179085,15013,14478,2171,16649,216
2021-08-22,Sierra,091,2930,101,87,15,102,0
2021-08-22,Siskiyou,093,43540,2371,2261,665,2926,33
2021-08-22,Solano,095,438530,40438,38489,969,39458,283
2021-08-22,Sonoma,097,501317,36905,35676,454,36130,336
2021-08-22,Stanislaus,099,539301,65597,63683,7428,71111,1058
2021-08-22,Sutter,101,95872,11566,11251,135,11386,133
2021-08-22,Tehama,103,63373,5928,5791,810,6601,67
2021-08-22,Trinity,105,12862,490,433,115,548,3
2021-08-22,Tulare,107,460477,54362,53220,11506,64726,856
2021-08-22,Tuolumne,109,53932,5392,5214,54,5268,73
2021-08-22,Ventura,111,848112,89612,88791,4003,92794,1063
2021-08-22,Yolo,113,214977,16905,16374,788,17162,226
2021-08-22,Yuba,115,75493,7879,7626,173,7799,54
2021-08-21,Alameda,001,1643700,107325,104281,2554,106835,1294
2021-08-21,Alpine,003,1148,92,91,0,91,0
2021-08-21,Amador,005,37829,4485,4338,42,4380,50
2021-08-21,Butte,007,227075,15264,14714,2591,17305,211
2021-08-21,Calaveras,009,45235,2869,2744,20,2764,59
2021-08-21,Colusa,011,21464,2246,2192,467,2659,16
2021-08-21,Contra Costa,013,1133247,87552,84136,1798,85934,857
2021-08-21,Del Norte,015,27424,2607,2409,11,2420,8
2021-08-21,El Dorado,017,186661,13158,12590,1178,13768,118
2021-08-21,Fresno,019,978130,114152,111765,10305,122070,1759
2021-08-21,Glenn,021,27897,2745,2654,713,3367,20
2021-08-21,Humboldt,023,135768,6733,6446,170,6616,52
2021-08-21,Imperial,025,180216,30074,29976,3028,33004,748
2021-08-21,Inyo,027,18085,1515,1500,6,1506,39
2021-08-21,Kern,029,883053,106159,104443,14651,119094,1375
2021-08-21,Kings,031,150075,25881,25313,1478,26791,257
2021-08-21,Lake,033,64148,5223,5055,54,5109,69
2021-08-21,Lassen,035,31185,5658,5553,153,5706,21
2021-08-21,Los Angeles,037,10098052,1333057,1321308,51804,1373112,25080
2021-08-21,Madera,039,155013,18541,18067,1292,19359,246
2021-08-21,Marin,041,260295,16048,15775,341,16116,240
2021-08-21,Mariposa,043,17540,689,634,15,649,5
2021-08-21,Mendocino,045,87422,5566,5307,178,5485,51
2021-08-21,Merced,047,269075,34731,34148,1213,35361,488
2021-08-21,Modoc,049,8938,441,430,153,583,6
2021-08-21,Mono,051,14174,1386,1378,13,1391,3
2021-08-21,Monterey,053,433212,45234,44969,2490,47459,538
2021-08-21,Napa,055,140530,11425,11211,67,11278,85
2021-08-21,Nevada,057,99092,7146,6810,244,7054,77
2021-08-21,Orange,059,3164182,283262,279855,13524,293379,5181
2021-08-21,Placer,061,380077,29820,28289,2605,30894,314
2021-08-21,Plumas,063,18699,957,916,16,932,5
2021-08-21,Riverside,065,2383286,324312,320086,15978,336064,4594
2021-08-21,Sacramento,067,1510023,132892,127751,2853,130604,1809
2021-08-21,San Benito,069,59416,6622,6542,134,6676,64
2021-08-21,San Bernardino,071,2135413,322229,318293,10239,328532,5324
2021-08-21,San Diego,073,3302833,328070,322620,18941,341561,3848
2021-08-21,San Francisco,075,870044,46687,45637,2159,47796,573
2021-08-21,San Joaquin,077,732212,85223,82825,4547,87372,1498
2021-08-21,San Luis Obispo,079,281455,24638,24169,979,25148,273
2021-08-21,San Mateo,081,765935,48736,47685,962,48647,553
2021-08-21,Santa Barbara,083,443738,38862,37951,1467,39418,478
2021-08-21,Santa Clara,085,1922200,132670,129911,1026,130937,1778
2021-08-21,Santa Cruz,087,273765,18130,17763,984,18747,209
2021-08-21,Shasta,089,179085,14939,14417,2157,16574,217
2021-08-21,Sierra,091,2930,96,85,15,100,0
2021-08-21,Siskiyou,093,43540,2358,2246,653,2899,33
2021-08-21,Solano,095,438530,40330,38423,959,39382,281
2021-08-21,Sonoma,097,501317,36819,35582,453,36035,336
2021-08-21,Stanislaus,099,539301,65405,63512,7409,70921,1058
2021-08-21,Sutter,101,95872,11522,11204,133,11337,133
2021-08-21,Tehama,103,63373,5903,5757,803,6560,67
2021-08-21,Trinity,105,12862,485,431,113,544,3
2021-08-21,Tulare,107,460477,54218,53045,11461,64506,857
2021-08-21,Tuolumne,109,53932,5361,5193,54,5247,73
2021-08-21,Ventura,111,848112,89467,88558,3988,92546,1063
2021-08-21,Yolo,113,214977,16858,16322,782,17104,226
2021-08-21,Yuba,115,75493,7833,7580,172,7752,54
2021-08-20,Alameda,001,1643700,107087,103812,2545,106357,1294
2021-08-20,Alpine,003,1148,92,91,0,91,0
2021-08-20,Amador,005,37829,4459,4323,42,4365,50
2021-08-20,Butte,007,227075,15192,14617,2569,17186,211
2021-08-20,Calaveras,009,45235,2854,2717,20,2737,59
2021-08-20,Colusa,011,21464,2241,2178,465,2643,16
2021-08-20,Contra Costa,013,1133247,87279,83721,1791,85512,857
2021-08-20,Del Norte,015,27424,2575,2316,11,2327,8
2021-08-20,El Dorado,017,186661,13119,12495,1170,13665,118
2021-08-20,Fresno,019,978130,113802,111315,10286,121601,1759
2021-08-20,Glenn,021,27897,2738,2642,708,3350,20
2021-08-20,Humboldt,023,135768,6682,6349,165,6514,52
2021-08-20,Imperial,025,180216,30051,29934,3028,32962,747
2021-08-20,Inyo,027,18085,1509,1495,6,1501,39
2021-08-20,Kern,029,883053,105877,104048,14519,118567,1373
2021-08-20,Kings,031,150075,25817,25241,1475,26716,256
2021-08-20,Lake,033,64148,5208,5024,51,5075,69
2021-08-20,Lassen,035,31185,5638,5539,153,5692,21
2021-08-20,Los Angeles,037,10098052,1331193,1317541,51703,1369244,25049
2021-08-20,Madera,039,155013,18494,18018,1276,19294,246
2021-08-20,Marin,041,260295,16030,15727,337,16064,240
2021-08-20,Mariposa,043,17540,684,630,15,645,5
2021-08-20,Mendocino,045,87422,5521,5241,176,5417,51
2021-08-20,Merced,047,269075,34665,34035,1206,35241,486
2021-08-20,Modoc,049,8938,441,429,153,582,6
2021-08-20,Mono,051,14174,1385,1368,13,1381,3
2021-08-20,Monterey,053,433212,45204,44890,2476,47366,538
2021-08-20,Napa,055,140530,11393,11152,67,11219,83
2021-08-20,Nevada,057,99092,7105,6753,237,6990,77
2021-08-20,Orange,059,3164182,282820,279193,13502,292695,5179
2021-08-20,Placer,061,380077,29722,28156,2577,30733,313
2021-08-20,Plumas,063,18699,950,908,16,924,5
2021-08-20,Riverside,065,2383286,323617,319072,15947,335019,4594
2021-08-20,Sacramento,067,1510023,132419,127226,2835,130061,1797
2021-08-20,San Benito,069,59416,6608,6508,134,6642,64
2021-08-20,San Bernardino,071,2135413,321616,317372,10210,327582,5322
2021-08-20,San Diego,073,3302833,327166,321102,18873,339975,3846
2021-08-20,San Francisco,075,870044,46596,45432,2139,47571,573
2021-08-20,San Joaquin,077,732212,84995,82419,4536,86955,1496
2021-08-20,San Luis Obispo,079,281455,24560,23986,975,24961,273
2021-08-20,San Mateo,081,765935,48628,47561,951,48512,551
2021-08-20,Santa Barbara,083,443738,38779,37794,1461,39255,477
2021-08-20,Santa Clara,085,1922200,132389,129510,1021,130531,1774
2021-08-20,Santa Cruz,087,273765,18090,17701,981,18682,209
2021-08-20,Shasta,089,179085,14860,14277,2138,16415,215
2021-08-20,Sierra,091,2930,94,83,15,98,0
2021-08-20,Siskiyou,093,43540,2342,2226,648,2874,33
2021-08-20,Solano,095,438530,40190,38214,948,39162,277
2021-08-20,Sonoma,097,501317,36750,35416,452,35868,336
2021-08-20,Stanislaus,099,539301,65203,63219,7387,70606,1047
2021-08-20,Sutter,101,95872,11466,11136,132,11268,133
2021-08-20,Tehama,103,63373,5887,5730,791,6521,66
2021-08-20,Trinity,105,12862,485,422,112,534,3
2021-08-20,Tulare,107,460477,54086,52855,11417,64272,856
2021-08-20,Tuolumne,109,53932,5337,5153,53,5206,73
2021-08-20,Ventura,111,848112,89301,88285,3985,92270,1061
2021-08-20,Yolo,113,214977,16805,16236,776,17012,225
2021-08-20,Yuba,115,75493,7793,7523,172,7695,54
2021-08-19,Alameda,001,1643700,106642,103276,2520,105796,1294
2021-08-19,Alpine,003,1148,92,91,0,91,0
2021-08-19,Amador,005,37829,4452,4317,41,4358,50
2021-08-19,Butte,007,227075,15059,14518,2539,17057,211
2021-08-19,Calaveras,009,45235,2835,2673,20,2693,59
2021-08-19,Colusa,011,21464,2232,2167,461,2628,16
2021-08-19,Contra Costa,013,1133247,86844,83296,1777,85073,852
2021-08-19,Del Norte,015,27424,2527,2257,11,2268,8
2021-08-19,El Dorado,017,186661,13034,12410,1149,13559,118
2021-08-19,Fresno,019,978130,113365,110947,10241,121188,1759
2021-08-19,Glenn,021,27897,2719,2629,701,3330,20
2021-08-19,Humboldt,023,135768,6621,6246,159,6405,52
2021-08-19,Imperial,025,180216,30005,29865,3022,32887,747
2021-08-19,Inyo,027,18085,1502,1494,6,1500,39
2021-08-19,Kern,029,883053,105483,103731,14375,118106,1371
2021-08-19,Kings,031,150075,25687,25128,1462,26590,256
2021-08-19,Lake,033,64148,5178,4991,47,5038,69
2021-08-19,Lassen,035,31185,5620,5520,152,5672,21
2021-08-19,Los Angeles,037,10098052,1328231,1314453,51558,1366011,25020
2021-08-19,Madera,039,155013,18430,17947,1264,19211,246
2021-08-19,Marin,041,260295,15997,15672,333,16005,240
2021-08-19,Mariposa,043,17540,670,618,15,633,5
2021-08-19,Mendocino,045,87422,5488,5167,174,5341,51
2021-08-19,Merced,047,269075,34530,33851,1192,35043,486
2021-08-19,Modoc,049,8938,441,427,153,580,6
2021-08-19,Mono,051,14174,1381,1349,13,1362,3
2021-08-19,Monterey,053,433212,45141,44821,2456,47277,538
2021-08-19,Napa,055,140530,11341,11104,67,11171,83
2021-08-19,Nevada,057,99092,7041,6695,235,6930,77
2021-08-19,Orange,059,3164182,282190,278562,13450,292012,5172
2021-08-19,Placer,061,380077,29540,27953,2559,30512,313
2021-08-19,Plumas,063,18699,940,896,16,912,5
2021-08-19,Riverside,065,2383286,322592,318056,15915,333971,4589
2021-08-19,Sacramento,067,1510023,131725,126720,2798,129518,1801
2021-08-19,San Benito,069,59416,6590,6493,132,6625,64
2021-08-19,San Bernardino,071,2135413,320796,316398,10187,326585,5318
2021-08-19,San Diego,073,3302833,325902,319582,18783,338365,3839
2021-08-19,San Francisco,075,870044,46439,45220,2121,47341,571
2021-08-19,San Joaquin,077,732212,84555,82047,4503,86550,1491
2021-08-19,San Luis Obispo,079,281455,24420,23878,968,24846,271
2021-08-19,San Mateo,081,765935,48495,47431,941,48372,551
2021-08-19,Santa Barbara,083,443738,38635,37693,1457,39150,477
2021-08-19,Santa Clara,085,1922200,131999,129133,1014,130147,1774
2021-08-19,Santa Cruz,087,273765,18027,17644,974,18618,209
2021-08-19,Shasta,089,179085,14736,14200,2115,16315,214
2021-08-19,Sierra,091,2930,90,83,15,98,0
2021-08-19,Siskiyou,093,43540,2328,2218,635,2853,33
2021-08-19,Solano,095,438530,40038,38025,937,38962,273
2021-08-19,Sonoma,097,501317,36662,35233,451,35684,336
2021-08-19,Stanislaus,099,539301,64847,62928,7339,70267,1047
2021-08-19,Sutter,101,95872,11384,11057,130,11187,133
2021-08-19,Tehama,103,63373,5851,5683,763,6446,66
2021-08-19,Trinity,105,12862,481,414,110,524,3
2021-08-19,Tulare,107,460477,53855,52685,11353,64038,856
2021-08-19,Tuolumne,109,53932,5301,5112,52,5164,64
2021-08-19,Ventura,111,848112,89099,88073,3970,92043,1060
2021-08-19,Yolo,113,214977,16720,16153,768,16921,225
2021-08-19,Yuba,115,75493,7741,7458,171,7629,51
2021-08-18,Alameda,001,1643700,106240,102696,2491,105187,1294
2021-08-18,Alpine,003,1148,91,91,0,91,0
2021-08-18,Amador,005,37829,4435,4279,40,4319,50
2021-08-18,Butte,007,227075,14949,14426,2513,16939,208
2021-08-18,Calaveras,009,45235,2793,2643,19,2662,59
2021-08-18,Colusa,011,21464,2225,2160,457,2617,16
2021-08-18,Contra Costa,013,1133247,86350,82767,1771,84538,851
2021-08-18,Del Norte,015,27424,2470,2219,11,2230,8
2021-08-18,El Dorado,017,186661,12943,12306,1134,13440,118
2021-08-18,Fresno,019,978130,112913,110523,10197,120720,1759
2021-08-18,Glenn,021,27897,2692,2623,694,3317,20
2021-08-18,Humboldt,023,135768,6550,6195,153,6348,52
2021-08-18,Imperial,025,180216,29973,29821,3019,32840,746
2021-08-18,Inyo,027,18085,1499,1494,6,1500,39
2021-08-18,Kern,029,883053,105135,103440,14278,117718,1370
2021-08-18,Kings,031,150075,25577,24984,1455,26439,256
2021-08-18,Lake,033,64148,5137,4957,46,5003,69
2021-08-18,Lassen,035,31185,5601,5506,151,5657,21
2021-08-18,Los Angeles,037,10098052,1325100,1311477,51423,1362900,24984
2021-08-18,Madera,039,155013,18370,17871,1257,19128,246
2021-08-18,Marin,041,260295,15959,15610,330,15940,240
2021-08-18,Mariposa,043,17540,657,615,15,630,5
2021-08-18,Mendocino,045,87422,5437,5129,171,5300,51
2021-08-18,Merced,047,269075,34365,33708,1182,34890,484
2021-08-18,Modoc,049,8938,441,427,152,579,6
2021-08-18,Mono,051,14174,1378,1344,13,1357,3
2021-08-18,Monterey,053,433212,45071,44735,2426,47161,532
2021-08-18,Napa,055,140530,11303,11060,66,11126,83
2021-08-18,Nevada,057,99092,6975,6633,235,6868,76
2021-08-18,Orange,059,3164182,281549,277795,13394,291189,5168
2021-08-18,Placer,061,380077,29316,27741,2529,30270,312
2021-08-18,Plumas,063,18699,931,874,16,890,5
2021-08-18,Riverside,065,2383286,321593,317107,15880,332987,4585
2021-08-18,Sacramento,067,1510023,130961,125599,2763,128362,1781
2021-08-18,San Benito,069,59416,6579,6481,131,6612,64
2021-08-18,San Bernardino,071,2135413,319996,315477,10168,325645,5304
2021-08-18,San Diego,073,3302833,324562,318152,18717,336869,3834
2021-08-18,San Francisco,075,870044,46242,44957,2105,47062,568
2021-08-18,San Joaquin,077,732212,84110,81601,4481,86082,1491
2021-08-18,San Luis Obispo,079,281455,24272,23726,957,24683,270
2021-08-18,San Mateo,081,765935,48336,47255,929,48184,551
2021-08-18,Santa Barbara,083,443738,38504,37599,1450,39049,475
2021-08-18,Santa Clara,085,1922200,131636,128563,1010,129573,1773
2021-08-18,Santa Cruz,087,273765,17973,17566,969,18535,209
2021-08-18,Shasta,089,179085,14637,14087,2096,16183,213
2021-08-18,Sierra,091,2930,89,83,15,98,0
2021-08-18,Siskiyou,093,43540,2299,2204,623,2827,33
2021-08-18,Solano,095,438530,39835,37812,925,38737,271
2021-08-18,Sonoma,097,501317,36518,35063,450,35513,333
2021-08-18,Stanislaus,099,539301,64498,62613,7300,69913,1047
2021-08-18,Sutter,101,95872,11312,11004,125,11129,130
2021-08-18,Tehama,103,63373,5815,5653,753,6406,66
2021-08-18,Trinity,105,12862,474,409,108,517,3
2021-08-18,Tulare,107,460477,53615,52486,11283,63769,856
2021-08-18,Tuolumne,109,53932,5265,5081,50,5131,64
2021-08-18,Ventura,111,848112,88868,87835,3959,91794,1055
2021-08-18,Yolo,113,214977,16638,16047,748,16795,225
2021-08-18,Yuba,115,75493,7676,7391,171,7562,51
2021-08-17,Alameda,001,1643700,105824,102379,2475,104854,1290
2021-08-17,Alpine,003,1148,91,91,0,91,0
2021-08-17,Amador,005,37829,4406,4266,40,4306,50
2021-08-17,Butte,007,227075,14844,14357,2477,16834,206
2021-08-17,Calaveras,009,45235,2752,2624,19,2643,59
2021-08-17,Colusa,011,21464,2216,2156,453,2609,16
2021-08-17,Contra Costa,013,1133247,85903,82482,1761,84243,848
2021-08-17,Del Norte,015,27424,2418,2188,11,2199,8
2021-08-17,El Dorado,017,186661,12856,12242,1119,13361,118
2021-08-17,Fresno,019,978130,112435,110263,10143,120406,1755
2021-08-17,Glenn,021,27897,2678,2608,686,3294,20
2021-08-17,Humboldt,023,135768,6473,6155,150,6305,52
2021-08-17,Imperial,025,180216,29922,29768,3015,32783,746
2021-08-17,Inyo,027,18085,1496,1492,6,1498,39
2021-08-17,Kern,029,883053,104742,103048,14151,117199,1367
2021-08-17,Kings,031,150075,25470,24930,1444,26374,254
2021-08-17,Lake,033,64148,5094,4930,40,4970,68
2021-08-17,Lassen,035,31185,5584,5499,149,5648,21
2021-08-17,Los Angeles,037,10098052,1321572,1307999,51286,1359285,24952
2021-08-17,Madera,039,155013,18296,17838,1237,19075,246
2021-08-17,Marin,041,260295,15904,15570,330,15900,240
2021-08-17,Mariposa,043,17540,649,609,14,623,5
2021-08-17,Mendocino,045,87422,5382,5097,171,5268,51
2021-08-17,Merced,047,269075,34217,33508,1170,34678,482
2021-08-17,Modoc,049,8938,438,424,150,574,6
2021-08-17,Mono,051,14174,1372,1341,13,1354,3
2021-08-17,Monterey,053,433212,44994,44672,2410,47082,528
2021-08-17,Napa,055,140530,11262,11007,65,11072,83
2021-08-17,Nevada,057,99092,6901,6605,233,6838,75
2021-08-17,Orange,059,3164182,280914,277121,13358,290479,5164
2021-08-17,Placer,061,380077,29103,27634,2499,30133,312
2021-08-17,Plumas,063,18699,920,860,16,876,5
2021-08-17,Riverside,065,2383286,320578,316051,15841,331892,4582
2021-08-17,Sacramento,067,1510023,130173,125151,2720,127871,1774
2021-08-17,San Benito,069,59416,6560,6470,131,6601,64
2021-08-17,San Bernardino,071,2135413,319061,314402,10123,324525,5302
2021-08-17,San Diego,073,3302833,322946,317058,18621,335679,3824
2021-08-17,San Francisco,075,870044,46047,44820,2094,46914,567
2021-08-17,San Joaquin,077,732212,83642,81300,4462,85762,1489
2021-08-17,San Luis Obispo,079,281455,24114,23556,954,24510,268
2021-08-17,San Mateo,081,765935,48193,47127,911,48038,551
2021-08-17,Santa Barbara,083,443738,38348,37478,1443,38921,475
2021-08-17,Santa Clara,085,1922200,131234,128354,1005,129359,1773
2021-08-17,Santa Cruz,087,273765,17887,17528,967,18495,209
2021-08-17,Shasta,089,179085,14509,14012,2078,16090,214
2021-08-17,Sierra,091,2930,88,82,15,97,0
2021-08-17,Siskiyou,093,43540,2284,2183,609,2792,33
2021-08-17,Solano,095,438530,39622,37662,915,38577,269
2021-08-17,Sonoma,097,501317,36369,34943,446,35389,333
2021-08-17,Stanislaus,099,539301,64147,62385,7241,69626,1047
2021-08-17,Sutter,101,95872,11240,10973,125,11098,130
2021-08-17,Tehama,103,63373,5782,5612,731,6343,66
2021-08-17,Trinity,105,12862,469,406,105,511,3
2021-08-17,Tulare,107,460477,53347,52362,11215,63577,856
2021-08-17,Tuolumne,109,53932,5222,5042,49,5091,64
2021-08-17,Ventura,111,848112,88628,87601,3937,91538,1053
2021-08-17,Yolo,113,214977,16549,15975,733,16708,225
2021-08-17,Yuba,115,75493,7606,7355,171,7526,51
2021-08-16,Alameda,001,1643700,105327,102052,2463,104515,1287
2021-08-16,Alpine,003,1148,91,91,0,91,0
2021-08-16,Amador,005,37829,4396,4235,40,4275,50
2021-08-16,Butte,007,227075,14726,14283,2444,16727,206
2021-08-16,Calaveras,009,45235,2691,2609,19,2628,57
2021-08-16,Colusa,011,21464,2205,2147,449,2596,16
2021-08-16,Contra Costa,013,1133247,85364,82070,1751,83821,848
2021-08-16,Del Norte,015,27424,2347,2125,11,2136,8
2021-08-16,El Dorado,017,186661,12755,12139,1105,13244,118
2021-08-16,Fresno,019,978130,111936,109623,10098,119721,1753
2021-08-16,Glenn,021,27897,2659,2593,680,3273,20
2021-08-16,Humboldt,023,135768,6403,6064,127,6191,52
2021-08-16,Imperial,025,180216,29884,29737,3000,32737,746
2021-08-16,Inyo,027,18085,1493,1490,6,1496,39
2021-08-16,Kern,029,883053,104371,102690,14027,116717,1367
2021-08-16,Kings,031,150075,25368,24817,1434,26251,254
2021-08-16,Lake,033,64148,5067,4898,39,4937,68
2021-08-16,Lassen,035,31185,5567,5481,141,5622,21
2021-08-16,Los Angeles,037,10098052,1318188,1305330,51132,1356462,24923
2021-08-16,Madera,039,155013,18221,17756,1218,18974,246
2021-08-16,Marin,041,260295,15845,15497,329,15826,239
2021-08-16,Mariposa,043,17540,632,597,14,611,5
2021-08-16,Mendocino,045,87422,5326,5037,169,5206,49
2021-08-16,Merced,047,269075,34010,33364,1164,34528,481
2021-08-16,Modoc,049,8938,436,421,149,570,5
2021-08-16,Mono,051,14174,1363,1339,13,1352,3
2021-08-16,Monterey,053,433212,44932,44595,2382,46977,527
2021-08-16,Napa,055,140530,11233,10946,65,11011,83
2021-08-16,Nevada,057,99092,6845,6535,232,6767,74
2021-08-16,Orange,059,3164182,280124,275985,13309,289294,5161
2021-08-16,Placer,061,380077,28922,27384,2465,29849,306
2021-08-16,Plumas,063,18699,910,851,16,867,5
2021-08-16,Riverside,065,2383286,319489,314774,15805,330579,4582
2021-08-16,Sacramento,067,1510023,129371,124554,2677,127231,1762
2021-08-16,San Benito,069,59416,6536,6452,131,6583,64
2021-08-16,San Bernardino,071,2135413,318102,313617,10095,323712,5301
2021-08-16,San Diego,073,3302833,321343,315348,18485,333833,3824
2021-08-16,San Francisco,075,870044,45851,44681,2077,46758,567
2021-08-16,San Joaquin,077,732212,83144,81087,4444,85531,1488
2021-08-16,San Luis Obispo,079,281455,23965,23452,945,24397,265
2021-08-16,San Mateo,081,765935,48030,47024,890,47914,548
2021-08-16,Santa Barbara,083,443738,38181,37358,1438,38796,475
2021-08-16,Santa Clara,085,1922200,130772,127978,999,128977,1773
2021-08-16,Santa Cruz,087,273765,17826,17491,960,18451,209
2021-08-16,Shasta,089,179085,14419,13862,2060,15922,211
2021-08-16,Sierra,091,2930,85,82,15,97,0
2021-08-16,Siskiyou,093,43540,2267,2169,589,2758,33
2021-08-16,Solano,095,438530,39350,37436,901,38337,263
2021-08-16,Sonoma,097,501317,36198,34844,444,35288,333
2021-08-16,Stanislaus,099,539301,63785,62033,7189,69222,1039
2021-08-16,Sutter,101,95872,11171,10902,124,11026,130
2021-08-16,Tehama,103,63373,5718,5565,726,6291,66
2021-08-16,Trinity,105,12862,463,400,104,504,3
2021-08-16,Tulare,107,460477,53106,52162,11141,63303,856
2021-08-16,Tuolumne,109,53932,5183,4984,48,5032,64
2021-08-16,Ventura,111,848112,88377,86954,3919,90873,1052
2021-08-16,Yolo,113,214977,16450,15922,725,16647,225
2021-08-16,Yuba,115,75493,7522,7314,170,7484,51
2021-08-15,Alameda,001,1643700,104836,101660,2447,104107,1287
2021-08-15,Alpine,003,1148,91,91,0,91,0
2021-08-15,Amador,005,37829,4369,4231,40,4271,49
2021-08-15,Butte,007,227075,14600,14263,2420,16683,206
2021-08-15,Calaveras,009,45235,2644,2599,19,2618,57
2021-08-15,Colusa,011,21464,2193,2140,439,2579,16
2021-08-15,Contra Costa,013,1133247,84884,81781,1734,83515,848
2021-08-15,Del Norte,015,27424,2280,2060,11,2071,8
2021-08-15,El Dorado,017,186661,12620,12057,1088,13145,118
2021-08-15,Fresno,019,978130,111463,109382,10039,119421,1753
2021-08-15,Glenn,021,27897,2635,2592,668,3260,20
2021-08-15,Humboldt,023,135768,6330,6024,120,6144,52
2021-08-15,Imperial,025,180216,29820,29711,2993,32704,746
2021-08-15,Inyo,027,18085,1492,1489,6,1495,39
2021-08-15,Kern,029,883053,103929,102524,13912,116436,1367
2021-08-15,Kings,031,150075,25218,24736,1424,26160,254
2021-08-15,Lake,033,64148,5008,4886,38,4924,68
2021-08-15,Lassen,035,31185,5551,5482,139,5621,21
2021-08-15,Los Angeles,037,10098052,1314668,1302882,50955,1353837,24918
2021-08-15,Madera,039,155013,18133,17714,1206,18920,246
2021-08-15,Marin,041,260295,15786,15461,327,15788,239
2021-08-15,Mariposa,043,17540,625,591,14,605,5
2021-08-15,Mendocino,045,87422,5269,5022,163,5185,49
2021-08-15,Merced,047,269075,33766,33305,1153,34458,481
2021-08-15,Modoc,049,8938,434,421,149,570,5
2021-08-15,Mono,051,14174,1355,1334,13,1347,3
2021-08-15,Monterey,053,433212,44820,44567,2350,46917,527
2021-08-15,Napa,055,140530,11178,10919,65,10984,83
2021-08-15,Nevada,057,99092,6761,6486,232,6718,74
2021-08-15,Orange,059,3164182,279349,275447,13270,288717,5161
2021-08-15,Placer,061,380077,28698,27220,2416,29636,306
2021-08-15,Plumas,063,18699,899,850,16,866,5
2021-08-15,Riverside,065,2383286,318353,314133,15773,329906,4582
2021-08-15,Sacramento,067,1510023,128563,123924,2644,126568,1761
2021-08-15,San Benito,069,59416,6518,6446,130,6576,64
2021-08-15,San Bernardino,071,2135413,317026,313120,10063,323183,5301
2021-08-15,San Diego,073,3302833,319861,314247,18370,332617,3824
2021-08-15,San Francisco,075,870044,45629,44531,2054,46585,567
2021-08-15,San Joaquin,077,732212,82660,80832,4415,85247,1488
2021-08-15,San Luis Obispo,079,281455,23769,23404,935,24339,265
2021-08-15,San Mateo,081,765935,47868,46897,868,47765,548
2021-08-15,Santa Barbara,083,443738,38012,37276,1431,38707,475
2021-08-15,Santa Clara,085,1922200,130339,127715,993,128708,1773
2021-08-15,Santa Cruz,087,273765,17757,17440,952,18392,209
2021-08-15,Shasta,089,179085,14316,13835,2034,15869,211
2021-08-15,Sierra,091,2930,84,82,14,96,0
2021-08-15,Siskiyou,093,43540,2246,2169,575,2744,33
2021-08-15,Solano,095,438530,39111,37320,890,38210,263
2021-08-15,Sonoma,097,501317,36003,34706,436,35142,333
2021-08-15,Stanislaus,099,539301,63395,61795,7112,68907,1039
2021-08-15,Sutter,101,95872,11080,10863,124,10987,130
2021-08-15,Tehama,103,63373,5669,5550,720,6270,66
2021-08-15,Trinity,105,12862,460,400,102,502,3
2021-08-15,Tulare,107,460477,52850,52046,11080,63126,856
2021-08-15,Tuolumne,109,53932,5145,4934,46,4980,64
2021-08-15,Ventura,111,848112,88068,86797,3904,90701,1052
2021-08-15,Yolo,113,214977,16356,15873,714,16587,225
2021-08-15,Yuba,115,75493,7445,7265,169,7434,51
2021-08-14,Alameda,001,1643700,104620,101305,2443,103748,1287
2021-08-14,Alpine,003,1148,91,91,0,91,0
2021-08-14,Amador,005,37829,4351,4206,40,4246,49
2021-08-14,Butte,007,227075,14563,14192,2404,16596,206
2021-08-14,Calaveras,009,45235,2639,2579,19,2598,57
2021-08-14,Colusa,011,21464,2183,2134,435,2569,16
2021-08-14,Contra Costa,013,1133247,84635,81458,1726,83184,848
2021-08-14,Del Norte,015,27424,2253,2015,11,2026,8
2021-08-14,El Dorado,017,186661,12584,12019,1079,13098,118
2021-08-14,Fresno,019,978130,111304,109056,10017,119073,1753
2021-08-14,Glenn,021,27897,2624,2583,666,3249,20
2021-08-14,Humboldt,023,135768,6276,5998,116,6114,52
2021-08-14,Imperial,025,180216,29792,29671,2993,32664,746
2021-08-14,Inyo,027,18085,1490,1487,6,1493,39
2021-08-14,Kern,029,883053,103735,102306,13815,116121,1367
2021-08-14,Kings,031,150075,25124,24647,1415,26062,254
2021-08-14,Lake,033,64148,4991,4850,37,4887,68
2021-08-14,Lassen,035,31185,5544,5475,138,5613,21
2021-08-14,Los Angeles,037,10098052,1312910,1299346,50815,1350161,24911
2021-08-14,Madera,039,155013,18086,17691,1202,18893,246
2021-08-14,Marin,041,260295,15752,15441,326,15767,239
2021-08-14,Mariposa,043,17540,621,584,14,598,5
2021-08-14,Mendocino,045,87422,5233,4977,160,5137,49
2021-08-14,Merced,047,269075,33702,33234,1147,34381,481
2021-08-14,Modoc,049,8938,434,421,149,570,5
2021-08-14,Mono,051,14174,1353,1332,13,1345,3
2021-08-14,Monterey,053,433212,44781,44514,2342,46856,527
2021-08-14,Napa,055,140530,11148,10878,64,10942,83
2021-08-14,Nevada,057,99092,6726,6419,231,6650,74
2021-08-14,Orange,059,3164182,278916,274732,13242,287974,5161
2021-08-14,Placer,061,380077,28552,27115,2391,29506,306
2021-08-14,Plumas,063,18699,890,849,16,865,5
2021-08-14,Riverside,065,2383286,317641,313264,15751,329015,4582
2021-08-14,Sacramento,067,1510023,128076,123438,2626,126064,1758
2021-08-14,San Benito,069,59416,6505,6428,130,6558,64
2021-08-14,San Bernardino,071,2135413,316475,312142,10042,322184,5301
2021-08-14,San Diego,073,3302833,319189,313589,18302,331891,3824
2021-08-14,San Francisco,075,870044,45503,44353,2033,46386,567
2021-08-14,San Joaquin,077,732212,82444,80585,4400,84985,1488
2021-08-14,San Luis Obispo,079,281455,23710,23328,932,24260,265
2021-08-14,San Mateo,081,765935,47761,46792,856,47648,548
2021-08-14,Santa Barbara,083,443738,37919,37118,1427,38545,475
2021-08-14,Santa Clara,085,1922200,130059,127432,990,128422,1772
2021-08-14,Santa Cruz,087,273765,17718,17384,951,18335,209
2021-08-14,Shasta,089,179085,14239,13813,2013,15826,211
2021-08-14,Sierra,091,2930,84,81,14,95,0
2021-08-14,Siskiyou,093,43540,2236,2160,565,2725,33
2021-08-14,Solano,095,438530,39024,37237,878,38115,263
2021-08-14,Sonoma,097,501317,35880,34606,434,35040,333
2021-08-14,Stanislaus,099,539301,63206,61564,7067,68631,1039
2021-08-14,Sutter,101,95872,11035,10808,123,10931,130
2021-08-14,Tehama,103,63373,5645,5530,716,6246,66
2021-08-14,Trinity,105,12862,455,399,102,501,3
2021-08-14,Tulare,107,460477,52715,51951,11034,62985,856
2021-08-14,Tuolumne,109,53932,5110,4924,46,4970,64
2021-08-14,Ventura,111,848112,87913,86569,3884,90453,1052
2021-08-14,Yolo,113,214977,16311,15815,704,16519,225
2021-08-14,Yuba,115,75493,7396,7223,169,7392,51
2021-08-13,Alameda,001,1643700,104321,100930,2434,103364,1284
2021-08-13,Alpine,003,1148,91,91,0,91,0
2021-08-13,Amador,005,37829,4323,4169,40,4209,49
2021-08-13,Butte,007,227075,14492,14100,2388,16488,206
2021-08-13,Calaveras,009,45235,2630,2564,19,2583,57
2021-08-13,Colusa,011,21464,2176,2123,430,2553,16
2021-08-13,Contra Costa,013,1133247,84323,81046,1718,82764,848
2021-08-13,Del Norte,015,27424,2212,1973,11,1984,8
2021-08-13,El Dorado,017,186661,12545,11951,1066,13017,118
2021-08-13,Fresno,019,978130,111017,108638,9996,118634,1753
2021-08-13,Glenn,021,27897,2613,2574,664,3238,20
2021-08-13,Humboldt,023,135768,6229,5882,113,5995,52
2021-08-13,Imperial,025,180216,29764,29654,2992,32646,745
2021-08-13,Inyo,027,18085,1489,1484,6,1490,39
2021-08-13,Kern,029,883053,103526,102029,13706,115735,1364
2021-08-13,Kings,031,150075,25040,24531,1407,25938,253
2021-08-13,Lake,033,64148,4968,4811,36,4847,68
2021-08-13,Lassen,035,31185,5536,5455,137,5592,21
2021-08-13,Los Angeles,037,10098052,1310607,1295406,50679,1346085,24891
2021-08-13,Madera,039,155013,18037,17614,1195,18809,246
2021-08-13,Marin,041,260295,15722,15380,326,15706,239
2021-08-13,Mariposa,043,17540,615,577,14,591,5
2021-08-13,Mendocino,045,87422,5186,4924,158,5082,49
2021-08-13,Merced,047,269075,33654,33111,1142,34253,480
2021-08-13,Modoc,049,8938,433,421,148,569,5
2021-08-13,Mono,051,14174,1350,1331,13,1344,3
2021-08-13,Monterey,053,433212,44728,44450,2334,46784,527
2021-08-13,Napa,055,140530,11112,10830,64,10894,83
2021-08-13,Nevada,057,99092,6685,6356,230,6586,74
2021-08-13,Orange,059,3164182,278421,274004,13193,287197,5159
2021-08-13,Placer,061,380077,28452,26987,2362,29349,306
2021-08-13,Plumas,063,18699,876,842,16,858,5
2021-08-13,Riverside,065,2383286,316905,312408,15726,328134,4581
2021-08-13,Sacramento,067,1510023,127612,122868,2597,125465,1758
2021-08-13,San Benito,069,59416,6499,6422,128,6550,64
2021-08-13,San Bernardino,071,2135413,315809,311378,10023,321401,5301
2021-08-13,San Diego,073,3302833,318143,312293,18222,330515,3821
2021-08-13,San Francisco,075,870044,45367,44196,2008,46204,567
2021-08-13,San Joaquin,077,732212,82229,80232,4385,84617,1481
2021-08-13,San Luis Obispo,079,281455,23649,23226,929,24155,265
2021-08-13,San Mateo,081,765935,47653,46660,847,47507,548
2021-08-13,Santa Barbara,083,443738,37836,37023,1423,38446,474
2021-08-13,Santa Clara,085,1922200,129771,126958,985,127943,1769
2021-08-13,Santa Cruz,087,273765,17679,17332,944,18276,209
2021-08-13,Shasta,089,179085,14174,13698,1999,15697,211
2021-08-13,Sierra,091,2930,83,81,14,95,0
2021-08-13,Siskiyou,093,43540,2227,2147,561,2708,33
2021-08-13,Solano,095,438530,38893,37104,870,37974,264
2021-08-13,Sonoma,097,501317,35775,34464,434,34898,333
2021-08-13,Stanislaus,099,539301,63024,61294,7025,68319,1039
2021-08-13,Sutter,101,95872,10991,10751,122,10873,130
2021-08-13,Tehama,103,63373,5621,5496,714,6210,66
2021-08-13,Trinity,105,12862,452,392,102,494,3
2021-08-13,Tulare,107,460477,52610,51770,10958,62728,856
2021-08-13,Tuolumne,109,53932,5077,4899,45,4944,64
2021-08-13,Ventura,111,848112,87751,86368,3870,90238,1052
2021-08-13,Yolo,113,214977,16258,15761,694,16455,225
2021-08-13,Yuba,115,75493,7359,7184,169,7353,51
2021-08-12,Alameda,001,1643700,103825,100472,2420,102892,1284
2021-08-12,Alpine,003,1148,91,91,0,91,0
2021-08-12,Amador,005,37829,4293,4161,39,4200,49
2021-08-12,Butte,007,227075,14415,14006,2369,16375,206
2021-08-12,Calaveras,009,45235,2610,2531,19,2550,57
2021-08-12,Colusa,011,21464,2171,2111,429,2540,17
2021-08-12,Contra Costa,013,1133247,83843,80738,1708,82446,846
2021-08-12,Del Norte,015,27424,2140,1923,11,1934,8
2021-08-12,El Dorado,017,186661,12430,11880,1058,12938,118
2021-08-12,Fresno,019,978130,110600,108193,9938,118131,1753
2021-08-12,Glenn,021,27897,2605,2559,657,3216,20
2021-08-12,Humboldt,023,135768,6159,5845,109,5954,52
2021-08-12,Imperial,025,180216,29707,29585,2986,32571,745
2021-08-12,Inyo,027,18085,1487,1483,6,1489,39
2021-08-12,Kern,029,883053,103242,101698,13623,115321,1364
2021-08-12,Kings,031,150075,24941,24423,1397,25820,252
2021-08-12,Lake,033,64148,4943,4774,35,4809,68
2021-08-12,Lassen,035,31185,5514,5428,136,5564,21
2021-08-12,Los Angeles,037,10098052,1307433,1291875,50541,1342416,24874
2021-08-12,Madera,039,155013,17973,17564,1187,18751,246
2021-08-12,Marin,041,260295,15673,15277,322,15599,239
2021-08-12,Mariposa,043,17540,606,568,13,581,5
2021-08-12,Mendocino,045,87422,5156,4873,152,5025,49
2021-08-12,Merced,047,269075,33530,32960,1135,34095,480
2021-08-12,Modoc,049,8938,432,423,148,571,5
2021-08-12,Mono,051,14174,1346,1325,13,1338,3
2021-08-12,Monterey,053,433212,44663,44383,2306,46689,527
2021-08-12,Napa,055,140530,11063,10780,63,10843,83
2021-08-12,Nevada,057,99092,6624,6283,230,6513,74
2021-08-12,Orange,059,3164182,277744,273167,13135,286302,5158
2021-08-12,Placer,061,380077,28249,26856,2338,29194,306
2021-08-12,Plumas,063,18699,868,829,16,845,5
2021-08-12,Riverside,065,2383286,315900,311304,15692,326996,4575
2021-08-12,Sacramento,067,1510023,126843,122222,2565,124787,1758
2021-08-12,San Benito,069,59416,6483,6398,125,6523,64
2021-08-12,San Bernardino,071,2135413,314936,310420,9992,320412,5297
2021-08-12,San Diego,073,3302833,316766,310596,18137,328733,3821
2021-08-12,San Francisco,075,870044,45163,43774,1991,45765,564
2021-08-12,San Joaquin,077,732212,81837,79945,4361,84306,1479
2021-08-12,San Luis Obispo,079,281455,23551,23101,915,24016,264
2021-08-12,San Mateo,081,765935,47521,46435,833,47268,548
2021-08-12,Santa Barbara,083,443738,37702,36881,1412,38293,473
2021-08-12,Santa Clara,085,1922200,129320,126614,979,127593,1769
2021-08-12,Santa Cruz,087,273765,17616,17261,942,18203,209
2021-08-12,Shasta,089,179085,14087,13621,1973,15594,211
2021-08-12,Sierra,091,2930,83,81,14,95,0
2021-08-12,Siskiyou,093,43540,2220,2134,551,2685,33
2021-08-12,Solano,095,438530,38668,36980,862,37842,262
2021-08-12,Sonoma,097,501317,35627,34299,431,34730,333
2021-08-12,Stanislaus,099,539301,62749,61026,6965,67991,1039
2021-08-12,Sutter,101,95872,10930,10695,120,10815,130
2021-08-12,Tehama,103,63373,5593,5462,704,6166,66
2021-08-12,Trinity,105,12862,448,386,101,487,3
2021-08-12,Tulare,107,460477,52466,51632,10906,62538,856
2021-08-12,Tuolumne,109,53932,5030,4845,43,4888,64
2021-08-12,Ventura,111,848112,87517,86106,3846,89952,1052
2021-08-12,Yolo,113,214977,16187,15686,681,16367,224
2021-08-12,Yuba,115,75493,7311,7128,168,7296,51
2021-08-11,Alameda,001,1643700,103291,100040,2415,102455,1281
2021-08-11,Alpine,003,1148,91,91,0,91,0
2021-08-11,Amador,005,37829,4269,4127,39,4166,49
2021-08-11,Butte,007,227075,14311,13905,2344,16249,206
2021-08-11,Calaveras,009,45235,2587,2505,19,2524,57
2021-08-11,Colusa,011,21464,2161,2101,427,2528,16
2021-08-11,Contra Costa,013,1133247,83347,80275,1694,81969,843
2021-08-11,Del Norte,015,27424,2082,1893,11,1904,8
2021-08-11,El Dorado,017,186661,12317,11799,1046,12845,119
2021-08-11,Fresno,019,978130,110143,107773,9895,117668,1751
2021-08-11,Glenn,021,27897,2597,2547,650,3197,20
2021-08-11,Humboldt,023,135768,6112,5765,108,5873,52
2021-08-11,Imperial,025,180216,29664,29565,2982,32547,745
2021-08-11,Inyo,027,18085,1487,1483,6,1489,39
2021-08-11,Kern,029,883053,102930,101448,13510,114958,1363
2021-08-11,Kings,031,150075,24828,24304,1388,25692,250
2021-08-11,Lake,033,64148,4906,4713,34,4747,68
2021-08-11,Lassen,035,31185,5505,5408,134,5542,21
2021-08-11,Los Angeles,037,10098052,1304139,1288238,50347,1338585,24851
2021-08-11,Madera,039,155013,17923,17511,1176,18687,245
2021-08-11,Marin,041,260295,15624,15235,322,15557,239
2021-08-11,Mariposa,043,17540,596,554,12,566,5
2021-08-11,Mendocino,045,87422,5087,4796,144,4940,49
2021-08-11,Merced,047,269075,33397,32802,1130,33932,479
2021-08-11,Modoc,049,8938,432,421,148,569,5
2021-08-11,Mono,051,14174,1342,1320,13,1333,3
2021-08-11,Monterey,053,433212,44573,44314,2279,46593,527
2021-08-11,Napa,055,140530,11022,10732,63,10795,83
2021-08-11,Nevada,057,99092,6570,6172,227,6399,74
2021-08-11,Orange,059,3164182,276899,272212,13097,285309,5155
2021-08-11,Placer,061,380077,28037,26687,2312,28999,305
2021-08-11,Plumas,063,18699,861,824,16,840,5
2021-08-11,Riverside,065,2383286,314917,310265,15648,325913,4570
2021-08-11,Sacramento,067,1510023,126048,121603,2521,124124,1757
2021-08-11,San Benito,069,59416,6470,6381,125,6506,64
2021-08-11,San Bernardino,071,2135413,314045,309498,9970,319468,5296
2021-08-11,San Diego,073,3302833,315283,309406,18038,327444,3818
2021-08-11,San Francisco,075,870044,44942,43555,1981,45536,564
2021-08-11,San Joaquin,077,732212,81435,79641,4337,83978,1478
2021-08-11,San Luis Obispo,079,281455,23448,22920,908,23828,264
2021-08-11,San Mateo,081,765935,47366,46300,819,47119,548
2021-08-11,Santa Barbara,083,443738,37541,36699,1402,38101,472
2021-08-11,Santa Clara,085,1922200,128841,126301,970,127271,1769
2021-08-11,Santa Cruz,087,273765,17550,17191,939,18130,209
2021-08-11,Shasta,089,179085,14014,13546,1957,15503,211
2021-08-11,Sierra,091,2930,82,81,14,95,0
2021-08-11,Siskiyou,093,43540,2206,2124,544,2668,33
2021-08-11,Solano,095,438530,38441,36862,848,37710,262
2021-08-11,Sonoma,097,501317,35451,34188,426,34614,333
2021-08-11,Stanislaus,099,539301,62406,60767,6934,67701,1037
2021-08-11,Sutter,101,95872,10859,10628,120,10748,130
2021-08-11,Tehama,103,63373,5564,5410,687,6097,66
2021-08-11,Trinity,105,12862,446,385,101,486,3
2021-08-11,Tulare,107,460477,52300,51464,10858,62322,854
2021-08-11,Tuolumne,109,53932,4998,4794,43,4837,64
2021-08-11,Ventura,111,848112,87267,85863,3824,89687,1051
2021-08-11,Yolo,113,214977,16113,15593,667,16260,218
2021-08-11,Yuba,115,75493,7252,7063,167,7230,53
2021-08-10,Alameda,001,1643700,102806,99771,2406,102177,1281
2021-08-10,Alpine,003,1148,91,91,0,91,0
2021-08-10,Amador,005,37829,4253,4093,39,4132,49
2021-08-10,Butte,007,227075,14226,13853,2322,16175,205
2021-08-10,Calaveras,009,45235,2564,2491,17,2508,57
2021-08-10,Colusa,011,21464,2148,2088,418,2506,16
2021-08-10,Contra Costa,013,1133247,82809,80018,1684,81702,840
2021-08-10,Del Norte,015,27424,2039,1870,11,1881,8
2021-08-10,El Dorado,017,186661,12218,11734,1036,12770,117
2021-08-10,Fresno,019,978130,109693,107616,9842,117458,1747
2021-08-10,Glenn,021,27897,2584,2538,643,3181,20
2021-08-10,Humboldt,023,135768,6058,5718,105,5823,52
2021-08-10,Imperial,025,180216,29628,29522,2976,32498,745
2021-08-10,Inyo,027,18085,1487,1482,6,1488,39
2021-08-10,Kern,029,883053,102607,101254,13408,114662,1359
2021-08-10,Kings,031,150075,24700,24252,1372,25624,251
2021-08-10,Lake,033,64148,4866,4700,33,4733,67
2021-08-10,Lassen,035,31185,5487,5401,134,5535,21
2021-08-10,Los Angeles,037,10098052,1300424,1285140,50176,1335316,24821
2021-08-10,Madera,039,155013,17851,17481,1166,18647,245
2021-08-10,Marin,041,260295,15577,15194,322,15516,239
2021-08-10,Mariposa,043,17540,583,550,12,562,5
2021-08-10,Mendocino,045,87422,5042,4775,141,4916,49
2021-08-10,Merced,047,269075,33249,32721,1122,33843,477
2021-08-10,Modoc,049,8938,431,421,148,569,5
2021-08-10,Mono,051,14174,1337,1320,13,1333,3
2021-08-10,Monterey,053,433212,44523,44259,2253,46512,527
2021-08-10,Napa,055,140530,10966,10703,62,10765,83
2021-08-10,Nevada,057,99092,6504,6151,226,6377,73
2021-08-10,Orange,059,3164182,276018,271688,13048,284736,5155
2021-08-10,Placer,061,380077,27816,26561,2269,28830,305
2021-08-10,Plumas,063,18699,852,816,16,832,5
2021-08-10,Riverside,065,2383286,313806,309529,15622,325151,4564
2021-08-10,Sacramento,067,1510023,125193,121159,2492,123651,1755
2021-08-10,San Benito,069,59416,6456,6371,125,6496,64
2021-08-10,San Bernardino,071,2135413,313123,308672,9953,318625,5295
2021-08-10,San Diego,073,3302833,313623,308288,17961,326249,3815
2021-08-10,San Francisco,075,870044,44703,43389,1952,45341,564
2021-08-10,San Joaquin,077,732212,81039,79391,4321,83712,1478
2021-08-10,San Luis Obispo,079,281455,23322,22776,906,23682,264
2021-08-10,San Mateo,081,765935,47207,46184,801,46985,548
2021-08-10,Santa Barbara,083,443738,37377,36574,1395,37969,472
2021-08-10,Santa Clara,085,1922200,128381,126019,961,126980,1770
2021-08-10,Santa Cruz,087,273765,17467,17142,937,18079,209
2021-08-10,Shasta,089,179085,13937,13461,1932,15393,211
2021-08-10,Sierra,091,2930,82,76,14,90,0
2021-08-10,Siskiyou,093,43540,2198,2088,536,2624,33
2021-08-10,Solano,095,438530,38205,36767,839,37606,262
2021-08-10,Sonoma,097,501317,35306,34054,423,34477,333
2021-08-10,Stanislaus,099,539301,62057,60605,6897,67502,1037
2021-08-10,Sutter,101,95872,10794,10569,120,10689,130
2021-08-10,Tehama,103,63373,5535,5392,682,6074,66
2021-08-10,Trinity,105,12862,446,384,101,485,3
2021-08-10,Tulare,107,460477,52138,51390,10806,62196,854
2021-08-10,Tuolumne,109,53932,4970,4780,41,4821,64
2021-08-10,Ventura,111,848112,86981,85714,3803,89517,1051
2021-08-10,Yolo,113,214977,16027,15568,655,16223,218
2021-08-10,Yuba,115,75493,7202,7028,167,7195,50
2021-08-09,Alameda,001,1643700,102246,99496,2402,101898,1276
2021-08-09,Alpine,003,1148,91,91,0,91,0
2021-08-09,Amador,005,37829,4227,4078,39,4117,48
2021-08-09,Butte,007,227075,14132,13813,2290,16103,205
2021-08-09,Calaveras,009,45235,2535,2472,17,2489,57
2021-08-09,Colusa,011,21464,2138,2075,410,2485,16
2021-08-09,Contra Costa,013,1133247,82265,79740,1673,81413,840
2021-08-09,Del Norte,015,27424,1971,1848,11,1859,8
2021-08-09,El Dorado,017,186661,12110,11672,1022,12694,117
2021-08-09,Fresno,019,978130,109201,107310,9806,117116,1747
2021-08-09,Glenn,021,27897,2573,2532,633,3165,20
2021-08-09,Humboldt,023,135768,5968,5632,103,5735,52
2021-08-09,Imperial,025,180216,29584,29512,2972,32484,745
2021-08-09,Inyo,027,18085,1487,1481,6,1487,39
2021-08-09,Kern,029,883053,102298,101069,13320,114389,1359
2021-08-09,Kings,031,150075,24594,24155,1356,25511,250
2021-08-09,Lake,033,64148,4831,4670,31,4701,66
2021-08-09,Lassen,035,31185,5465,5393,133,5526,21
2021-08-09,Los Angeles,037,10098052,1296432,1282891,49979,1332870,24798
2021-08-09,Madera,039,155013,17792,17429,1147,18576,245
2021-08-09,Marin,041,260295,15524,15154,321,15475,239
2021-08-09,Mariposa,043,17540,570,545,12,557,5
2021-08-09,Mendocino,045,87422,4991,4732,133,4865,49
2021-08-09,Merced,047,269075,33103,32666,1115,33781,477
2021-08-09,Modoc,049,8938,431,419,148,567,5
2021-08-09,Mono,051,14174,1334,1337,13,1350,3
2021-08-09,Monterey,053,433212,44459,44190,2228,46418,527
2021-08-09,Napa,055,140530,10919,10679,62,10741,83
2021-08-09,Nevada,057,99092,6434,6088,225,6313,73
2021-08-09,Orange,059,3164182,274987,271036,12996,284032,5153
2021-08-09,Placer,061,380077,27596,26457,2237,28694,305
2021-08-09,Plumas,063,18699,835,803,16,819,5
2021-08-09,Riverside,065,2383286,312729,308678,15602,324280,4562
2021-08-09,Sacramento,067,1510023,124358,120812,2468,123280,1748
2021-08-09,San Benito,069,59416,6436,6359,123,6482,63
2021-08-09,San Bernardino,071,2135413,312141,308038,9930,317968,5295
2021-08-09,San Diego,073,3302833,311955,306855,17867,324722,3811
2021-08-09,San Francisco,075,870044,44464,43261,1932,45193,564
2021-08-09,San Joaquin,077,732212,80657,79198,4303,83501,1469
2021-08-09,San Luis Obispo,079,281455,23185,22695,897,23592,264
2021-08-09,San Mateo,081,765935,47052,46040,780,46820,548
2021-08-09,Santa Barbara,083,443738,37194,36474,1388,37862,470
2021-08-09,Santa Clara,085,1922200,127877,125791,950,126741,2187
2021-08-09,Santa Cruz,087,273765,17406,17082,937,18019,209
2021-08-09,Shasta,089,179085,13820,13397,1921,15318,210
2021-08-09,Sierra,091,2930,81,75,14,89,0
2021-08-09,Siskiyou,093,43540,2187,2047,518,2565,32
2021-08-09,Solano,095,438530,37940,36653,836,37489,262
2021-08-09,Sonoma,097,501317,35125,33933,421,34354,333
2021-08-09,Stanislaus,099,539301,61778,60410,6844,67254,1037
2021-08-09,Sutter,101,95872,10746,10525,117,10642,129
2021-08-09,Tehama,103,63373,5492,5373,680,6053,66
2021-08-09,Trinity,105,12862,444,378,100,478,3
2021-08-09,Tulare,107,460477,51981,51274,10740,62014,854
2021-08-09,Tuolumne,109,53932,4928,4745,41,4786,64
2021-08-09,Ventura,111,848112,86711,85514,3793,89307,1047
2021-08-09,Yolo,113,214977,15948,15521,634,16155,218
2021-08-09,Yuba,115,75493,7145,6994,167,7161,50
2021-08-08,Alameda,001,1643700,101687,99135,2394,101529,1276
2021-08-08,Alpine,003,1148,91,91,0,91,0
2021-08-08,Amador,005,37829,4193,4057,38,4095,48
2021-08-08,Butte,007,227075,14046,13791,2271,16062,205
2021-08-08,Calaveras,009,45235,2502,2462,17,2479,57
2021-08-08,Colusa,011,21464,2121,2070,403,2473,16
2021-08-08,Contra Costa,013,1133247,81742,79454,1666,81120,840
2021-08-08,Del Norte,015,27424,1925,1810,11,1821,8
2021-08-08,El Dorado,017,186661,11992,11631,1011,12642,117
2021-08-08,Fresno,019,978130,108763,107078,9773,116851,1747
2021-08-08,Glenn,021,27897,2563,2527,628,3155,20
2021-08-08,Humboldt,023,135768,5877,5571,103,5674,52
2021-08-08,Imperial,025,180216,29560,29485,2962,32447,745
2021-08-08,Inyo,027,18085,1487,1481,6,1487,39
2021-08-08,Kern,029,883053,101979,100909,13207,114116,1359
2021-08-08,Kings,031,150075,24480,24095,1347,25442,250
2021-08-08,Lake,033,64148,4782,4636,30,4666,66
2021-08-08,Lassen,035,31185,5450,5391,132,5523,21
2021-08-08,Los Angeles,037,10098052,1292203,1279982,49788,1329770,24793
2021-08-08,Madera,039,155013,17716,17398,1130,18528,245
2021-08-08,Marin,041,260295,15471,15124,319,15443,239
2021-08-08,Mariposa,043,17540,566,538,12,550,5
2021-08-08,Mendocino,045,87422,4929,4702,119,4821,49
2021-08-08,Merced,047,269075,32957,32634,1104,33738,477
2021-08-08,Modoc,049,8938,430,419,147,566,5
2021-08-08,Mono,051,14174,1330,1336,13,1349,3
2021-08-08,Monterey,053,433212,44398,44171,2207,46378,527
2021-08-08,Napa,055,140530,10883,10668,62,10730,83
2021-08-08,Nevada,057,99092,6349,6009,223,6232,73
2021-08-08,Orange,059,3164182,274080,270532,12956,283488,5153
2021-08-08,Placer,061,380077,27390,26332,2194,28526,305
2021-08-08,Plumas,063,18699,826,803,16,819,5
2021-08-08,Riverside,065,2383286,311611,308042,15577,323619,4562
2021-08-08,Sacramento,067,1510023,123526,120109,2456,122565,1744
2021-08-08,San Benito,069,59416,6419,6350,122,6472,63
2021-08-08,San Bernardino,071,2135413,310995,307378,9900,317278,5295
2021-08-08,San Diego,073,3302833,310606,305983,17773,323756,3811
2021-08-08,San Francisco,075,870044,44211,43098,1905,45003,564
2021-08-08,San Joaquin,077,732212,80209,79002,4287,83289,1469
2021-08-08,San Luis Obispo,079,281455,23011,22668,889,23557,263
2021-08-08,San Mateo,081,765935,46873,45927,765,46692,548
2021-08-08,Santa Barbara,083,443738,37018,36417,1381,37798,470
2021-08-08,Santa Clara,085,1922200,127428,125553,944,126497,2187
2021-08-08,Santa Cruz,087,273765,17332,17035,931,17966,209
2021-08-08,Shasta,089,179085,13735,13381,1910,15291,210
2021-08-08,Sierra,091,2930,81,74,14,88,0
2021-08-08,Siskiyou,093,43540,2171,2041,513,2554,32
2021-08-08,Solano,095,438530,37710,36551,834,37385,262
2021-08-08,Sonoma,097,501317,34879,33805,420,34225,333
2021-08-08,Stanislaus,099,539301,61436,60269,6798,67067,1037
2021-08-08,Sutter,101,95872,10685,10481,116,10597,129
2021-08-08,Tehama,103,63373,5454,5359,677,6036,66
2021-08-08,Trinity,105,12862,439,378,100,478,3
2021-08-08,Tulare,107,460477,51801,51220,10680,61900,854
2021-08-08,Tuolumne,109,53932,4889,4731,41,4772,64
2021-08-08,Ventura,111,848112,86421,85382,3783,89165,1047
2021-08-08,Yolo,113,214977,15855,15477,627,16104,218
2021-08-08,Yuba,115,75493,7106,6967,167,7134,50
2021-08-07,Alameda,001,1643700,101438,98812,2389,101201,1276
2021-08-07,Alpine,003,1148,91,91,0,91,0
2021-08-07,Amador,005,37829,4176,4041,37,4078,48
2021-08-07,Butte,007,227075,13995,13714,2259,15973,205
2021-08-07,Calaveras,009,45235,2492,2446,17,2463,57
2021-08-07,Colusa,011,21464,2116,2067,394,2461,16
2021-08-07,Contra Costa,013,1133247,81447,79168,1662,80830,840
2021-08-07,Del Norte,015,27424,1893,1791,11,1802,8
2021-08-07,El Dorado,017,186661,11942,11575,1001,12576,117
2021-08-07,Fresno,019,978130,108563,106861,9751,116612,1747
2021-08-07,Glenn,021,27897,2557,2515,626,3141,20
2021-08-07,Humboldt,023,135768,5827,5510,100,5610,52
2021-08-07,Imperial,025,180216,29541,29470,2962,32432,745
2021-08-07,Inyo,027,18085,1485,1476,6,1482,39
2021-08-07,Kern,029,883053,101823,100693,13151,113844,1359
2021-08-07,Kings,031,150075,24422,24048,1341,25389,250
2021-08-07,Lake,033,64148,4761,4613,30,4643,66
2021-08-07,Lassen,035,31185,5446,5386,132,5518,21
2021-08-07,Los Angeles,037,10098052,1290209,1276853,49630,1326483,24786
2021-08-07,Madera,039,155013,17684,17366,1124,18490,245
2021-08-07,Marin,041,260295,15438,15085,317,15402,239
2021-08-07,Mariposa,043,17540,563,530,12,542,5
2021-08-07,Mendocino,045,87422,4892,4690,117,4807,49
2021-08-07,Merced,047,269075,32893,32569,1102,33671,477
2021-08-07,Modoc,049,8938,430,419,147,566,5
2021-08-07,Mono,051,14174,1328,1329,13,1342,3
2021-08-07,Monterey,053,433212,44350,44124,2198,46322,527
2021-08-07,Napa,055,140530,10862,10658,61,10719,83
2021-08-07,Nevada,057,99092,6299,5967,221,6188,73
2021-08-07,Orange,059,3164182,273498,269900,12924,282824,5153
2021-08-07,Placer,061,380077,27208,26244,2185,28429,305
2021-08-07,Plumas,063,18699,822,801,16,817,5
2021-08-07,Riverside,065,2383286,310941,307326,15568,322894,4562
2021-08-07,Sacramento,067,1510023,123023,119636,2451,122087,1744
2021-08-07,San Benito,069,59416,6409,6332,122,6454,63
2021-08-07,San Bernardino,071,2135413,310406,306663,9882,316545,5295
2021-08-07,San Diego,073,3302833,309854,304974,17735,322709,3811
2021-08-07,San Francisco,075,870044,44051,42926,1878,44804,564
2021-08-07,San Joaquin,077,732212,80045,78769,4273,83042,1469
2021-08-07,San Luis Obispo,079,281455,22945,22579,888,23467,263
2021-08-07,San Mateo,081,765935,46757,45804,754,46558,548
2021-08-07,Santa Barbara,083,443738,36922,36303,1375,37678,470
2021-08-07,Santa Clara,085,1922200,127156,125196,939,126135,2188
2021-08-07,Santa Cruz,087,273765,17290,16994,929,17923,209
2021-08-07,Shasta,089,179085,13680,13361,1902,15263,210
2021-08-07,Sierra,091,2930,81,74,14,88,0
2021-08-07,Siskiyou,093,43540,2159,2039,511,2550,32
2021-08-07,Solano,095,438530,37594,36458,826,37284,262
2021-08-07,Sonoma,097,501317,34757,33716,420,34136,333
2021-08-07,Stanislaus,099,539301,61249,60093,6774,66867,1037
2021-08-07,Sutter,101,95872,10648,10447,116,10563,129
2021-08-07,Tehama,103,63373,5444,5343,672,6015,66
2021-08-07,Trinity,105,12862,435,377,99,476,3
2021-08-07,Tulare,107,460477,51715,51133,10642,61775,854
2021-08-07,Tuolumne,109,53932,4859,4721,41,4762,64
2021-08-07,Ventura,111,848112,86243,85232,3767,88999,1047
2021-08-07,Yolo,113,214977,15812,15423,619,16042,218
2021-08-07,Yuba,115,75493,7082,6937,165,7102,50
2021-08-06,Alameda,001,1643700,101107,98487,2382,100869,1275
2021-08-06,Alpine,003,1148,91,91,0,91,0
2021-08-06,Amador,005,37829,4155,4002,37,4039,48
2021-08-06,Butte,007,227075,13947,13626,2247,15873,205
2021-08-06,Calaveras,009,45235,2482,2419,17,2436,57
2021-08-06,Colusa,011,21464,2110,2045,388,2433,16
2021-08-06,Contra Costa,013,1133247,81153,78796,1656,80452,840
2021-08-06,Del Norte,015,27424,1868,1755,11,1766,8
2021-08-06,El Dorado,017,186661,11893,11498,989,12487,117
2021-08-06,Fresno,019,978130,108303,106542,9725,116267,1747
2021-08-06,Glenn,021,27897,2542,2504,624,3128,20
2021-08-06,Humboldt,023,135768,5776,5421,97,5518,52
2021-08-06,Imperial,025,180216,29530,29404,2958,32362,745
2021-08-06,Inyo,027,18085,1482,1471,6,1477,39
2021-08-06,Kern,029,883053,101646,100427,13065,113492,1359
2021-08-06,Kings,031,150075,24365,23974,1337,25311,250
2021-08-06,Lake,033,64148,4738,4557,30,4587,66
2021-08-06,Lassen,035,31185,5426,5368,130,5498,21
2021-08-06,Los Angeles,037,10098052,1287733,1273081,49477,1322558,24772
2021-08-06,Madera,039,155013,17646,17324,1115,18439,245
2021-08-06,Marin,041,260295,15405,15051,317,15368,239
2021-08-06,Mariposa,043,17540,554,511,12,523,5
2021-08-06,Mendocino,045,87422,4851,4649,116,4765,49
2021-08-06,Merced,047,269075,32833,32456,1099,33555,477
2021-08-06,Modoc,049,8938,430,419,147,566,5
2021-08-06,Mono,051,14174,1326,1328,13,1341,3
2021-08-06,Monterey,053,433212,44292,44058,2175,46233,527
2021-08-06,Napa,055,140530,10835,10620,61,10681,83
2021-08-06,Nevada,057,99092,6243,5874,221,6095,73
2021-08-06,Orange,059,3164182,272936,269077,12907,281984,5151
2021-08-06,Placer,061,380077,27085,26086,2162,28248,305
2021-08-06,Plumas,063,18699,813,795,16,811,5
2021-08-06,Riverside,065,2383286,310231,306304,15557,321861,4562
2021-08-06,Sacramento,067,1510023,122542,119169,2431,121600,1740
2021-08-06,San Benito,069,59416,6392,6315,122,6437,63
2021-08-06,San Bernardino,071,2135413,309707,305806,9873,315679,5286
2021-08-06,San Diego,073,3302833,308823,303691,17685,321376,3810
2021-08-06,San Francisco,075,870044,43899,42659,1855,44514,565
2021-08-06,San Joaquin,077,732212,79898,78405,4260,82665,1469
2021-08-06,San Luis Obispo,079,281455,22879,22472,883,23355,263
2021-08-06,San Mateo,081,765935,46616,45665,739,46404,548
2021-08-06,Santa Barbara,083,443738,36833,36208,1370,37578,470
2021-08-06,Santa Clara,085,1922200,126865,124767,934,125701,2185
2021-08-06,Santa Cruz,087,273765,17248,16924,925,17849,207
2021-08-06,Shasta,089,179085,13614,13284,1896,15180,210
2021-08-06,Sierra,091,2930,81,73,14,87,0
2021-08-06,Siskiyou,093,43540,2149,2030,507,2537,32
2021-08-06,Solano,095,438530,37485,36351,817,37168,262
2021-08-06,Sonoma,097,501317,34670,33594,419,34013,333
2021-08-06,Stanislaus,099,539301,61097,59854,6752,66606,1037
2021-08-06,Sutter,101,95872,10605,10391,116,10507,128
2021-08-06,Tehama,103,63373,5421,5325,671,5996,66
2021-08-06,Trinity,105,12862,434,371,98,469,3
2021-08-06,Tulare,107,460477,51616,51018,10594,61612,854
2021-08-06,Tuolumne,109,53932,4832,4674,41,4715,64
2021-08-06,Ventura,111,848112,86074,85046,3755,88801,1047
2021-08-06,Yolo,113,214977,15760,15299,612,15911,218
2021-08-06,Yuba,115,75493,7059,6904,165,7069,50
2021-08-05,Alameda,001,1643700,100614,98052,2377,100429,1275
2021-08-05,Alpine,003,1148,91,91,0,91,0
2021-08-05,Amador,005,37829,4135,3992,37,4029,48
2021-08-05,Butte,007,227075,13892,13564,2225,15789,206
2021-08-05,Calaveras,009,45235,2464,2397,17,2414,57
2021-08-05,Colusa,011,21464,2098,2036,384,2420,16
2021-08-05,Contra Costa,013,1133247,80726,78514,1648,80162,840
2021-08-05,Del Norte,015,27424,1841,1731,11,1742,8
2021-08-05,El Dorado,017,186661,11808,11408,978,12386,117
2021-08-05,Fresno,019,978130,107934,106219,9689,115908,1747
2021-08-05,Glenn,021,27897,2537,2494,621,3115,20
2021-08-05,Humboldt,023,135768,5702,5328,96,5424,52
2021-08-05,Imperial,025,180216,29499,29383,2954,32337,745
2021-08-05,Inyo,027,18085,1478,1468,6,1474,38
2021-08-05,Kern,029,883053,101424,100091,12980,113071,1358
2021-08-05,Kings,031,150075,24281,23906,1332,25238,249
2021-08-05,Lake,033,64148,4699,4490,28,4518,66
2021-08-05,Lassen,035,31185,5418,5344,130,5474,21
2021-08-05,Los Angeles,037,10098052,1284531,1269445,49346,1318791,24756
2021-08-05,Madera,039,155013,17606,17301,1107,18408,245
2021-08-05,Marin,041,260295,15361,15005,313,15318,239
2021-08-05,Mariposa,043,17540,543,504,11,515,5
2021-08-05,Mendocino,045,87422,4808,4597,107,4704,49
2021-08-05,Merced,047,269075,32766,32381,1088,33469,477
2021-08-05,Modoc,049,8938,429,418,147,565,5
2021-08-05,Mono,051,14174,1316,1309,13,1322,3
2021-08-05,Monterey,053,433212,44240,43992,2154,46146,527
2021-08-05,Napa,055,140530,10799,10591,59,10650,83
2021-08-05,Nevada,057,99092,6162,5778,218,5996,73
2021-08-05,Orange,059,3164182,272161,268329,12882,281211,5149
2021-08-05,Placer,061,380077,26889,25965,2133,28098,305
2021-08-05,Plumas,063,18699,807,787,15,802,5
2021-08-05,Riverside,065,2383286,309316,305415,15528,320943,4562
2021-08-05,Sacramento,067,1510023,121836,118590,2420,121010,1739
2021-08-05,San Benito,069,59416,6374,6305,122,6427,63
2021-08-05,San Bernardino,071,2135413,308874,304956,9852,314808,5284
2021-08-05,San Diego,073,3302833,307547,302220,17608,319828,3806
2021-08-05,San Francisco,075,870044,43693,42301,1842,44143,564
2021-08-05,San Joaquin,077,732212,79538,78151,4244,82395,1468
2021-08-05,San Luis Obispo,079,281455,22766,22362,878,23240,263
2021-08-05,San Mateo,081,765935,46455,45554,726,46280,548
2021-08-05,Santa Barbara,083,443738,36728,36112,1367,37479,470
2021-08-05,Santa Clara,085,1922200,126531,124490,933,125423,2185
2021-08-05,Santa Cruz,087,273765,17205,16867,922,17789,207
2021-08-05,Shasta,089,179085,13557,13217,1887,15104,210
2021-08-05,Sierra,091,2930,76,73,14,87,0
2021-08-05,Siskiyou,093,43540,2128,2024,497,2521,32
2021-08-05,Solano,095,438530,37311,36250,810,37060,262
2021-08-05,Sonoma,097,501317,34534,33455,418,33873,330
2021-08-05,Stanislaus,099,539301,60851,59692,6713,66405,1037
2021-08-05,Sutter,101,95872,10550,10349,116,10465,127
2021-08-05,Tehama,103,63373,5403,5305,667,5972,66
2021-08-05,Trinity,105,12862,428,367,98,465,3
2021-08-05,Tulare,107,460477,51501,50889,10535,61424,854
2021-08-05,Tuolumne,109,53932,4802,4619,41,4660,64
2021-08-05,Ventura,111,848112,85824,84837,3741,88578,1047
2021-08-05,Yolo,113,214977,15695,15250,601,15851,218
2021-08-05,Yuba,115,75493,7016,6872,163,7035,50
2021-08-04,Alameda,001,1643700,100110,97477,2366,99843,1274
2021-08-04,Alpine,003,1148,91,91,0,91,0
2021-08-04,Amador,005,37829,4105,3962,36,3998,48
2021-08-04,Butte,007,227075,13827,13509,2207,15716,205
2021-08-04,Calaveras,009,45235,2441,2374,17,2391,57
2021-08-04,Colusa,011,21464,2086,2025,378,2403,16
2021-08-04,Contra Costa,013,1133247,80211,77966,1642,79608,840
2021-08-04,Del Norte,015,27424,1818,1701,11,1712,8
2021-08-04,El Dorado,017,186661,11729,11319,967,12286,117
2021-08-04,Fresno,019,978130,107570,105899,9652,115551,1747
2021-08-04,Glenn,021,27897,2530,2487,621,3108,20
2021-08-04,Humboldt,023,135768,5626,5271,95,5366,52
2021-08-04,Imperial,025,180216,29451,29375,2952,32327,745
2021-08-04,Inyo,027,18085,1477,1465,6,1471,38
2021-08-04,Kern,029,883053,101174,99868,12895,112763,1358
2021-08-04,Kings,031,150075,24211,23840,1324,25164,250
2021-08-04,Lake,033,64148,4668,4423,22,4445,65
2021-08-04,Lassen,035,31185,5409,5340,130,5470,21
2021-08-04,Los Angeles,037,10098052,1281066,1265788,49182,1314970,24737
2021-08-04,Madera,039,155013,17571,17251,1100,18351,245
2021-08-04,Marin,041,260295,15314,14950,312,15262,239
2021-08-04,Mariposa,043,17540,528,497,11,508,5
2021-08-04,Mendocino,045,87422,4784,4560,103,4663,49
2021-08-04,Merced,047,269075,32628,32274,1085,33359,476
2021-08-04,Modoc,049,8938,429,416,147,563,5
2021-08-04,Mono,051,14174,1313,1307,13,1320,3
2021-08-04,Monterey,053,433212,44181,43926,2137,46063,526
2021-08-04,Napa,055,140530,10761,10544,59,10603,82
2021-08-04,Nevada,057,99092,6097,5702,217,5919,73
2021-08-04,Orange,059,3164182,271298,267199,12841,280040,5146
2021-08-04,Placer,061,380077,26674,25688,2113,27801,305
2021-08-04,Plumas,063,18699,800,784,15,799,5
2021-08-04,Riverside,065,2383286,308391,304272,15502,319774,4562
2021-08-04,Sacramento,067,1510023,121080,117882,2391,120273,1736
2021-08-04,San Benito,069,59416,6359,6300,122,6422,63
2021-08-04,San Bernardino,071,2135413,308021,304164,9834,313998,5285
2021-08-04,San Diego,073,3302833,306029,301100,17547,318647,3805
2021-08-04,San Francisco,075,870044,43443,41913,1825,43738,562
2021-08-04,San Joaquin,077,732212,79184,77846,4232,82078,1466
2021-08-04,San Luis Obispo,079,281455,22659,22245,872,23117,262
2021-08-04,San Mateo,081,765935,46291,45392,718,46110,548
2021-08-04,Santa Barbara,083,443738,36601,36013,1358,37371,470
2021-08-04,Santa Clara,085,1922200,126139,124127,926,125053,2183
2021-08-04,Santa Cruz,087,273765,17143,16820,915,17735,208
2021-08-04,Shasta,089,179085,13505,13134,1876,15010,211
2021-08-04,Sierra,091,2930,76,73,14,87,0
2021-08-04,Siskiyou,093,43540,2108,2010,492,2502,32
2021-08-04,Solano,095,438530,37115,36025,801,36826,262
2021-08-04,Sonoma,097,501317,34363,33311,416,33727,330
2021-08-04,Stanislaus,099,539301,60611,59396,6684,66080,1037
2021-08-04,Sutter,101,95872,10513,10294,116,10410,127
2021-08-04,Tehama,103,63373,5377,5281,663,5944,66
2021-08-04,Trinity,105,12862,426,362,95,457,3
2021-08-04,Tulare,107,460477,51393,50797,10489,61286,855
2021-08-04,Tuolumne,109,53932,4777,4584,41,4625,64
2021-08-04,Ventura,111,848112,85568,84406,3718,88124,1047
2021-08-04,Yolo,113,214977,15617,15189,588,15777,215
2021-08-04,Yuba,115,75493,6976,6827,161,6988,50
2021-08-03,Alameda,001,1643700,99651,97275,2361,99636,1270
2021-08-03,Alpine,003,1148,91,91,0,91,0
2021-08-03,Amador,005,37829,4069,3953,36,3989,48
2021-08-03,Butte,007,227075,13762,13468,2192,15660,205
2021-08-03,Calaveras,009,45235,2417,2356,17,2373,57
2021-08-03,Colusa,011,21464,2073,2023,372,2395,16
2021-08-03,Contra Costa,013,1133247,79728,77739,1636,79375,836
2021-08-03,Del Norte,015,27424,1787,1691,10,1701,8
2021-08-03,El Dorado,017,186661,11639,11255,958,12213,117
2021-08-03,Fresno,019,978130,107211,105732,9620,115352,1746
2021-08-03,Glenn,021,27897,2523,2481,618,3099,20
2021-08-03,Humboldt,023,135768,5561,5199,90,5289,52
2021-08-03,Imperial,025,180216,29429,29333,2945,32278,745
2021-08-03,Inyo,027,18085,1474,1459,6,1465,38
2021-08-03,Kern,029,883053,100913,99708,12816,112524,1358
2021-08-03,Kings,031,150075,24122,23780,1317,25097,249
2021-08-03,Lake,033,64148,4612,4408,18,4426,66
2021-08-03,Lassen,035,31185,5399,5341,130,5471,21
2021-08-03,Los Angeles,037,10098052,1277348,1262678,49003,1311681,24721
2021-08-03,Madera,039,155013,17532,17220,1084,18304,245
2021-08-03,Marin,041,260295,15265,14906,309,15215,243
2021-08-03,Mariposa,043,17540,517,495,11,506,5
2021-08-03,Mendocino,045,87422,4735,4546,101,4647,49
2021-08-03,Merced,047,269075,32545,32197,1083,33280,476
2021-08-03,Modoc,049,8938,429,416,147,563,5
2021-08-03,Mono,051,14174,1307,1303,13,1316,3
2021-08-03,Monterey,053,433212,44121,43872,2121,45993,525
2021-08-03,Napa,055,140530,10718,10527,58,10585,82
2021-08-03,Nevada,057,99092,6016,5685,216,5901,73
2021-08-03,Orange,059,3164182,270560,266649,12810,279459,5146
2021-08-03,Placer,061,380077,26476,25624,2088,27712,305
2021-08-03,Plumas,063,18699,794,779,15,794,5
2021-08-03,Riverside,065,2383286,307469,303499,15475,318974,4562
2021-08-03,Sacramento,067,1510023,120345,117591,2369,119960,1732
2021-08-03,San Benito,069,59416,6343,6284,121,6405,63
2021-08-03,San Bernardino,071,2135413,307104,303386,9813,313199,5265
2021-08-03,San Diego,073,3302833,304580,300189,17447,317636,3803
2021-08-03,San Francisco,075,870044,43164,41758,1800,43558,562
2021-08-03,San Joaquin,077,732212,78836,77615,4213,81828,1461
2021-08-03,San Luis Obispo,079,281455,22524,22166,866,23032,264
2021-08-03,San Mateo,081,765935,46111,45255,698,45953,548
2021-08-03,Santa Barbara,083,443738,36482,35912,1352,37264,469
2021-08-03,Santa Clara,085,1922200,125718,123914,920,124834,2183
2021-08-03,Santa Cruz,087,273765,17076,16778,912,17690,207
2021-08-03,Shasta,089,179085,13431,13091,1865,14956,211
2021-08-03,Sierra,091,2930,76,72,14,86,0
2021-08-03,Siskiyou,093,43540,2097,1998,487,2485,32
2021-08-03,Solano,095,438530,36905,35953,789,36742,261
2021-08-03,Sonoma,097,501317,34180,33243,415,33658,330
2021-08-03,Stanislaus,099,539301,60379,59282,6665,65947,1037
2021-08-03,Sutter,101,95872,10473,10263,115,10378,127
2021-08-03,Tehama,103,63373,5352,5269,658,5927,66
2021-08-03,Trinity,105,12862,422,361,92,453,3
2021-08-03,Tulare,107,460477,51298,50729,10442,61171,854
2021-08-03,Tuolumne,109,53932,4742,4563,41,4604,64
2021-08-03,Ventura,111,848112,85328,84270,3695,87965,1046
2021-08-03,Yolo,113,214977,15526,15149,574,15723,215
2021-08-03,Yuba,115,75493,6940,6781,159,6940,50
2021-08-02,Alameda,001,1643700,99093,96954,2356,99310,1270
2021-08-02,Alpine,003,1148,91,91,0,91,0
2021-08-02,Amador,005,37829,4049,3927,36,3963,48
2021-08-02,Butte,007,227075,13685,13442,2173,15615,205
2021-08-02,Calaveras,009,45235,2387,2347,17,2364,57
2021-08-02,Colusa,011,21464,2061,2019,369,2388,16
2021-08-02,Contra Costa,013,1133247,79221,77516,1621,79137,836
2021-08-02,Del Norte,015,27424,1759,1653,10,1663,8
2021-08-02,El Dorado,017,186661,11535,11226,944,12170,116
2021-08-02,Fresno,019,978130,106869,105471,9583,115054,1744
2021-08-02,Glenn,021,27897,2515,2477,616,3093,20
2021-08-02,Humboldt,023,135768,5476,5161,88,5249,52
2021-08-02,Imperial,025,180216,29396,29302,2942,32244,743
2021-08-02,Inyo,027,18085,1468,1455,6,1461,38
2021-08-02,Kern,029,883053,100658,99556,12721,112277,1357
2021-08-02,Kings,031,150075,24053,23722,1310,25032,249
2021-08-02,Lake,033,64148,4570,4375,18,4393,66
2021-08-02,Lassen,035,31185,5376,5338,128,5466,21
2021-08-02,Los Angeles,037,10098052,1273640,1260807,48789,1309596,24705
2021-08-02,Madera,039,155013,17490,17158,1070,18228,245
2021-08-02,Marin,041,260295,15222,14859,307,15166,239
2021-08-02,Mariposa,043,17540,508,490,11,501,5
2021-08-02,Mendocino,045,87422,4695,4512,98,4610,49
2021-08-02,Merced,047,269075,32447,32163,1079,33242,474
2021-08-02,Modoc,049,8938,429,415,147,562,5
2021-08-02,Mono,051,14174,1303,1296,13,1309,3
2021-08-02,Monterey,053,433212,44063,43842,2111,45953,525
2021-08-02,Napa,055,140530,10675,10490,55,10545,82
2021-08-02,Nevada,057,99092,5945,5611,215,5826,73
2021-08-02,Orange,059,3164182,269651,266050,12764,278814,5146
2021-08-02,Placer,061,380077,26330,25516,2052,27568,306
2021-08-02,Plumas,063,18699,787,762,15,777,5
2021-08-02,Riverside,065,2383286,306534,302756,15459,318215,4562
2021-08-02,Sacramento,067,1510023,119647,117183,2348,119531,1728
2021-08-02,San Benito,069,59416,6324,6276,120,6396,63
2021-08-02,San Bernardino,071,2135413,306230,303000,9778,312778,5253
2021-08-02,San Diego,073,3302833,303088,299021,17378,316399,3798
2021-08-02,San Francisco,075,870044,42873,41553,1772,43325,562
2021-08-02,San Joaquin,077,732212,78497,77447,4186,81633,1461
2021-08-02,San Luis Obispo,079,281455,22431,22093,861,22954,261
2021-08-02,San Mateo,081,765935,45945,45154,675,45829,548
2021-08-02,Santa Barbara,083,443738,36344,35851,1346,37197,469
2021-08-02,Santa Clara,085,1922200,125248,123655,912,124567,2183
2021-08-02,Santa Cruz,087,273765,17019,16746,908,17654,207
2021-08-02,Shasta,089,179085,13368,13049,1851,14900,212
2021-08-02,Sierra,091,2930,76,71,14,85,0
2021-08-02,Siskiyou,093,43540,2086,1992,473,2465,31
2021-08-02,Solano,095,438530,36662,35852,780,36632,260
2021-08-02,Sonoma,097,501317,33953,33132,410,33542,330
2021-08-02,Stanislaus,099,539301,60146,59160,6646,65806,1037
2021-08-02,Sutter,101,95872,10427,10220,115,10335,127
2021-08-02,Tehama,103,63373,5328,5260,654,5914,66
2021-08-02,Trinity,105,12862,417,359,91,450,3
2021-08-02,Tulare,107,460477,51197,50640,10368,61008,854
2021-08-02,Tuolumne,109,53932,4676,4524,41,4565,64
2021-08-02,Ventura,111,848112,85144,84143,3672,87815,1044
2021-08-02,Yolo,113,214977,15427,15072,555,15627,215
2021-08-02,Yuba,115,75493,6898,6743,156,6899,50
2021-08-01,Alameda,001,1643700,98556,96775,2351,99126,1270
2021-08-01,Alpine,003,1148,91,91,0,91,0
2021-08-01,Amador,005,37829,4012,3923,35,3958,48
2021-08-01,Butte,007,227075,13604,13406,2156,15562,205
2021-08-01,Calaveras,009,45235,2362,2341,17,2358,57
2021-08-01,Colusa,011,21464,2050,2014,367,2381,16
2021-08-01,Contra Costa,013,1133247,78785,77360,1613,78973,836
2021-08-01,Del Norte,015,27424,1729,1642,10,1652,8
2021-08-01,El Dorado,017,186661,11434,11189,934,12123,116
2021-08-01,Fresno,019,978130,106543,105339,9537,114876,1744
2021-08-01,Glenn,021,27897,2509,2476,614,3090,20
2021-08-01,Humboldt,023,135768,5400,5118,84,5202,52
2021-08-01,Imperial,025,180216,29361,29297,2938,32235,743
2021-08-01,Inyo,027,18085,1466,1454,6,1460,38
2021-08-01,Kern,029,883053,100383,99396,12644,112040,1357
2021-08-01,Kings,031,150075,23965,23700,1304,25004,249
2021-08-01,Lake,033,64148,4491,4356,18,4374,66
2021-08-01,Lassen,035,31185,5363,5336,126,5462,21
2021-08-01,Los Angeles,037,10098052,1269972,1258461,48558,1307019,24700
2021-08-01,Madera,039,155013,17433,17146,1065,18211,245
2021-08-01,Marin,041,260295,15145,14844,306,15150,239
2021-08-01,Mariposa,043,17540,501,482,11,493,5
2021-08-01,Mendocino,045,87422,4649,4476,94,4570,49
2021-08-01,Merced,047,269075,32358,32144,1071,33215,474
2021-08-01,Modoc,049,8938,428,413,147,560,5
2021-08-01,Mono,051,14174,1300,1294,13,1307,3
2021-08-01,Monterey,053,433212,44017,43808,2096,45904,525
2021-08-01,Napa,055,140530,10629,10473,53,10526,82
2021-08-01,Nevada,057,99092,5861,5561,214,5775,73
2021-08-01,Orange,059,3164182,268853,265467,12720,278187,5146
2021-08-01,Placer,061,380077,26115,25464,2022,27486,306
2021-08-01,Plumas,063,18699,781,761,15,776,5
2021-08-01,Riverside,065,2383286,305606,302256,15440,317696,4562
2021-08-01,Sacramento,067,1510023,118916,116923,2331,119254,1727
2021-08-01,San Benito,069,59416,6307,6271,120,6391,63
2021-08-01,San Bernardino,071,2135413,305297,302542,9767,312309,5248
2021-08-01,San Diego,073,3302833,301893,298002,17320,315322,3798
2021-08-01,San Francisco,075,870044,42537,41432,1758,43190,562
2021-08-01,San Joaquin,077,732212,78131,77338,4160,81498,1461
2021-08-01,San Luis Obispo,079,281455,22328,22083,856,22939,261
2021-08-01,San Mateo,081,765935,45773,45036,659,45695,548
2021-08-01,Santa Barbara,083,443738,36225,35809,1342,37151,469
2021-08-01,Santa Clara,085,1922200,124838,123511,903,124414,2183
2021-08-01,Santa Cruz,087,273765,16943,16709,898,17607,207
2021-08-01,Shasta,089,179085,13297,13036,1842,14878,212
2021-08-01,Sierra,091,2930,74,71,14,85,0
2021-08-01,Siskiyou,093,43540,2080,1989,467,2456,31
2021-08-01,Solano,095,438530,36443,35800,773,36573,260
2021-08-01,Sonoma,097,501317,33761,33076,407,33483,330
2021-08-01,Stanislaus,099,539301,59905,59078,6613,65691,1037
2021-08-01,Sutter,101,95872,10372,10198,112,10310,127
2021-08-01,Tehama,103,63373,5312,5252,649,5901,66
2021-08-01,Trinity,105,12862,414,359,90,449,3
2021-08-01,Tulare,107,460477,51041,50600,10304,60904,854
2021-08-01,Tuolumne,109,53932,4638,4489,41,4530,64
2021-08-01,Ventura,111,848112,84915,84040,3657,87697,1044
2021-08-01,Yolo,113,214977,15356,15042,545,15587,215
2021-08-01,Yuba,115,75493,6860,6721,155,6876,50
2021-07-31,Alameda,001,1643700,98236,95279,2345,97624,1265
2021-07-31,Alpine,003,1148,91,89,0,89,0
2021-07-31,Amador,005,37829,3992,3877,35,3912,48
2021-07-31,Butte,007,227075,13572,13235,2135,15370,205
2021-07-31,Calaveras,009,45235,2355,2294,17,2311,57
2021-07-31,Colusa,011,21464,2044,2006,365,2371,16
2021-07-31,Contra Costa,013,1133247,78506,75866,1611,77477,832
2021-07-31,Del Norte,015,27424,1706,1576,10,1586,8
2021-07-31,El Dorado,017,186661,11381,11017,928,11945,116
2021-07-31,Fresno,019,978130,106385,104639,9522,114161,1744
2021-07-31,Glenn,021,27897,2504,2465,610,3075,20
2021-07-31,Humboldt,023,135768,5345,4978,83,5061,52
2021-07-31,Imperial,025,180216,29344,29164,2935,32099,743
2021-07-31,Inyo,027,18085,1463,1442,6,1448,38
2021-07-31,Kern,029,883053,100220,98903,12583,111486,1357
2021-07-31,Kings,031,150075,23913,23548,1299,24847,248
2021-07-31,Lake,033,64148,4467,4238,17,4255,66
2021-07-31,Lassen,035,31185,5357,5320,126,5446,21
2021-07-31,Los Angeles,037,10098052,1267791,1248545,48405,1296950,24691
2021-07-31,Madera,039,155013,17400,17058,1059,18117,245
2021-07-31,Marin,041,260295,15101,14701,305,15006,239
2021-07-31,Mariposa,043,17540,492,470,11,481,5
2021-07-31,Mendocino,045,87422,4624,4400,91,4491,49
2021-07-31,Merced,047,269075,32311,31959,1065,33024,474
2021-07-31,Modoc,049,8938,428,413,147,560,5
2021-07-31,Mono,051,14174,1299,1287,13,1300,3
2021-07-31,Monterey,053,433212,43980,43720,2087,45807,525
2021-07-31,Napa,055,140530,10609,10401,52,10453,82
2021-07-31,Nevada,057,99092,5822,5373,213,5586,72
2021-07-31,Orange,059,3164182,268283,263446,12698,276144,5144
2021-07-31,Placer,061,380077,25982,25104,2015,27119,306
2021-07-31,Plumas,063,18699,778,743,15,758,5
2021-07-31,Riverside,065,2383286,304990,300315,15431,315746,4554
2021-07-31,Sacramento,067,1510023,118506,115259,2325,117584,1720
2021-07-31,San Benito,069,59416,6296,6251,120,6371,63
2021-07-31,San Bernardino,071,2135413,304728,300726,9764,310490,5240
2021-07-31,San Diego,073,3302833,301216,295054,17283,312337,3798
2021-07-31,San Francisco,075,870044,42318,40412,1732,42144,562
2021-07-31,San Joaquin,077,732212,77966,76575,4148,80723,1443
2021-07-31,San Luis Obispo,079,281455,22273,21922,854,22776,260
2021-07-31,San Mateo,081,765935,45624,44622,647,45269,548
2021-07-31,Santa Barbara,083,443738,36145,35531,1340,36871,467
2021-07-31,Santa Clara,085,1922200,124582,122614,901,123515,2099
2021-07-31,Santa Cruz,087,273765,16904,16576,897,17473,207
2021-07-31,Shasta,089,179085,13261,12918,1834,14752,212
2021-07-31,Sierra,091,2930,74,68,14,82,0
2021-07-31,Siskiyou,093,43540,2071,1976,461,2437,31
2021-07-31,Solano,095,438530,36344,35340,767,36107,263
2021-07-31,Sonoma,097,501317,33636,32601,407,33008,329
2021-07-31,Stanislaus,099,539301,59746,58586,6592,65178,1035
2021-07-31,Sutter,101,95872,10337,10068,111,10179,127
2021-07-31,Tehama,103,63373,5297,5216,646,5862,66
2021-07-31,Trinity,105,12862,413,354,89,443,3
2021-07-31,Tulare,107,460477,50958,50409,10246,60655,854
2021-07-31,Tuolumne,109,53932,4599,4362,41,4403,64
2021-07-31,Ventura,111,848112,84755,83509,3640,87149,1044
2021-07-31,Yolo,113,214977,15308,14863,533,15396,215
2021-07-31,Yuba,115,75493,6837,6615,151,6766,50
2021-07-30,Alameda,001,1643700,97904,95279,2341,97620,1265
2021-07-30,Alpine,003,1148,91,89,0,89,0
2021-07-30,Amador,005,37829,3969,3877,35,3912,48
2021-07-30,Butte,007,227075,13517,13235,2122,15357,205
2021-07-30,Calaveras,009,45235,2350,2294,17,2311,57
2021-07-30,Colusa,011,21464,2040,2006,363,2369,16
2021-07-30,Contra Costa,013,1133247,78264,75866,1607,77473,832
2021-07-30,Del Norte,015,27424,1688,1576,10,1586,8
2021-07-30,El Dorado,017,186661,11349,11017,921,11938,116
2021-07-30,Fresno,019,978130,106190,104639,9510,114149,1744
2021-07-30,Glenn,021,27897,2499,2465,609,3074,20
2021-07-30,Humboldt,023,135768,5281,4978,80,5058,52
2021-07-30,Imperial,025,180216,29330,29164,2932,32096,743
2021-07-30,Inyo,027,18085,1462,1442,6,1448,38
2021-07-30,Kern,029,883053,100096,98903,12534,111437,1357
2021-07-30,Kings,031,150075,23872,23548,1295,24843,248
2021-07-30,Lake,033,64148,4439,4238,17,4255,66
2021-07-30,Lassen,035,31185,5353,5320,126,5446,21
2021-07-30,Los Angeles,037,10098052,1265481,1248545,48249,1296794,24691
2021-07-30,Madera,039,155013,17358,17058,1056,18114,245
2021-07-30,Marin,041,260295,15067,14701,305,15006,239
2021-07-30,Mariposa,043,17540,489,470,11,481,5
2021-07-30,Mendocino,045,87422,4594,4400,90,4490,49
2021-07-30,Merced,047,269075,32271,31959,1060,33019,474
2021-07-30,Modoc,049,8938,426,413,147,560,5
2021-07-30,Mono,051,14174,1293,1287,13,1300,3
2021-07-30,Monterey,053,433212,43948,43720,2077,45797,525
2021-07-30,Napa,055,140530,10587,10401,51,10452,82
2021-07-30,Nevada,057,99092,5765,5373,213,5586,72
2021-07-30,Orange,059,3164182,267657,263446,12669,276115,5144
2021-07-30,Placer,061,380077,25893,25104,1997,27101,306
2021-07-30,Plumas,063,18699,773,743,15,758,5
2021-07-30,Riverside,065,2383286,304353,300315,15420,315735,4554
2021-07-30,Sacramento,067,1510023,118055,115259,2321,117580,1720
2021-07-30,San Benito,069,59416,6289,6251,120,6371,63
2021-07-30,San Bernardino,071,2135413,304217,300726,9758,310484,5240
2021-07-30,San Diego,073,3302833,300444,295054,17225,312279,3798
2021-07-30,San Francisco,075,870044,42105,40412,1716,42128,562
2021-07-30,San Joaquin,077,732212,77813,76575,4142,80717,1443
2021-07-30,San Luis Obispo,079,281455,22237,21922,850,22772,260
2021-07-30,San Mateo,081,765935,45503,44622,631,45253,548
2021-07-30,Santa Barbara,083,443738,36077,35531,1334,36865,467
2021-07-30,Santa Clara,085,1922200,124357,122614,899,123513,2099
2021-07-30,Santa Cruz,087,273765,16878,16576,895,17471,207
2021-07-30,Shasta,089,179085,13214,12918,1834,14752,212
2021-07-30,Sierra,091,2930,73,68,14,82,0
2021-07-30,Siskiyou,093,43540,2062,1976,460,2436,31
2021-07-30,Solano,095,438530,36254,35340,751,36091,263
2021-07-30,Sonoma,097,501317,33542,32601,407,33008,329
2021-07-30,Stanislaus,099,539301,59601,58586,6572,65158,1035
2021-07-30,Sutter,101,95872,10301,10068,111,10179,127
2021-07-30,Tehama,103,63373,5286,5216,646,5862,66
2021-07-30,Trinity,105,12862,413,354,89,443,3
2021-07-30,Tulare,107,460477,50915,50409,10209,60618,854
2021-07-30,Tuolumne,109,53932,4581,4362,41,4403,64
2021-07-30,Ventura,111,848112,84593,83509,3623,87132,1044
2021-07-30,Yolo,113,214977,15247,14863,529,15392,215
2021-07-30,Yuba,115,75493,6801,6615,150,6765,50
2021-07-29,Alameda,001,1643700,97478,95279,2336,97615,1265
2021-07-29,Alpine,003,1148,91,89,0,89,0
2021-07-29,Amador,005,37829,3950,3877,35,3912,48
2021-07-29,Butte,007,227075,13469,13235,2114,15349,205
2021-07-29,Calaveras,009,45235,2330,2294,17,2311,57
2021-07-29,Colusa,011,21464,2033,2006,363,2369,16
2021-07-29,Contra Costa,013,1133247,77826,75866,1603,77469,832
2021-07-29,Del Norte,015,27424,1664,1576,10,1586,8
2021-07-29,El Dorado,017,186661,11284,11017,909,11926,116
2021-07-29,Fresno,019,978130,105928,104639,9483,114122,1744
2021-07-29,Glenn,021,27897,2489,2465,608,3073,20
2021-07-29,Humboldt,023,135768,5220,4978,78,5056,52
2021-07-29,Imperial,025,180216,29284,29164,2930,32094,743
2021-07-29,Inyo,027,18085,1458,1442,6,1448,38
2021-07-29,Kern,029,883053,99889,98903,12456,111359,1357
2021-07-29,Kings,031,150075,23828,23548,1290,24838,248
2021-07-29,Lake,033,64148,4404,4238,17,4255,66
2021-07-29,Lassen,035,31185,5345,5320,123,5443,21
2021-07-29,Los Angeles,037,10098052,1262408,1248545,48057,1296602,24691
2021-07-29,Madera,039,155013,17313,17058,1051,18109,245
2021-07-29,Marin,041,260295,15024,14701,305,15006,239
2021-07-29,Mariposa,043,17540,485,470,11,481,5
2021-07-29,Mendocino,045,87422,4571,4400,88,4488,49
2021-07-29,Merced,047,269075,32216,31959,1060,33019,474
2021-07-29,Modoc,049,8938,426,413,147,560,5
2021-07-29,Mono,051,14174,1291,1287,13,1300,3
2021-07-29,Monterey,053,433212,43899,43720,2066,45786,525
2021-07-29,Napa,055,140530,10555,10401,49,10450,82
2021-07-29,Nevada,057,99092,5713,5373,212,5585,72
2021-07-29,Orange,059,3164182,266952,263446,12636,276082,5144
2021-07-29,Placer,061,380077,25771,25104,1981,27085,306
2021-07-29,Plumas,063,18699,765,743,15,758,5
2021-07-29,Riverside,065,2383286,303649,300315,15396,315711,4554
2021-07-29,Sacramento,067,1510023,117500,115259,2307,117566,1720
2021-07-29,San Benito,069,59416,6278,6251,120,6371,63
2021-07-29,San Bernardino,071,2135413,303582,300726,9748,310474,5240
2021-07-29,San Diego,073,3302833,299383,295054,17165,312219,3798
2021-07-29,San Francisco,075,870044,41861,40412,1692,42104,562
2021-07-29,San Joaquin,077,732212,77558,76575,4134,80709,1443
2021-07-29,San Luis Obispo,079,281455,22183,21922,848,22770,260
2021-07-29,San Mateo,081,765935,45376,44622,621,45243,548
2021-07-29,Santa Barbara,083,443738,35993,35531,1332,36863,467
2021-07-29,Santa Clara,085,1922200,124060,122614,895,123509,2099
2021-07-29,Santa Cruz,087,273765,16825,16576,893,17469,207
2021-07-29,Shasta,089,179085,13160,12918,1825,14743,212
2021-07-29,Sierra,091,2930,73,68,14,82,0
2021-07-29,Siskiyou,093,43540,2057,1976,458,2434,31
2021-07-29,Solano,095,438530,36099,35340,741,36081,263
2021-07-29,Sonoma,097,501317,33368,32601,405,33006,329
2021-07-29,Stanislaus,099,539301,59427,58586,6554,65140,1035
2021-07-29,Sutter,101,95872,10255,10068,110,10178,127
2021-07-29,Tehama,103,63373,5274,5216,640,5856,66
2021-07-29,Trinity,105,12862,411,354,88,442,3
2021-07-29,Tulare,107,460477,50827,50409,10167,60576,854
2021-07-29,Tuolumne,109,53932,4543,4362,40,4402,64
2021-07-29,Ventura,111,848112,84425,83509,3616,87125,1044
2021-07-29,Yolo,113,214977,15179,14863,516,15379,215
2021-07-29,Yuba,115,75493,6753,6615,147,6762,50
2021-07-28,Alameda,001,1643700,97016,94965,2329,97294,1262
2021-07-28,Alpine,003,1148,91,89,0,89,0
2021-07-28,Amador,005,37829,3936,3870,35,3905,48
2021-07-28,Butte,007,227075,13413,13184,2101,15285,205
2021-07-28,Calaveras,009,45235,2315,2289,17,2306,57
2021-07-28,Colusa,011,21464,2029,2001,362,2363,16
2021-07-28,Contra Costa,013,1133247,77343,75487,1595,77082,832
2021-07-28,Del Norte,015,27424,1633,1545,10,1555,8
2021-07-28,El Dorado,017,186661,11235,10967,899,11866,116
2021-07-28,Fresno,019,978130,105682,104458,9463,113921,1744
2021-07-28,Glenn,021,27897,2485,2464,605,3069,20
2021-07-28,Humboldt,023,135768,5169,4946,77,5023,52
2021-07-28,Imperial,025,180216,29237,29096,2930,32026,743
2021-07-28,Inyo,027,18085,1452,1439,5,1444,38
2021-07-28,Kern,029,883053,99734,98781,12408,111189,1352
2021-07-28,Kings,031,150075,23764,23503,1280,24783,248
2021-07-28,Lake,033,64148,4358,4191,15,4206,65
2021-07-28,Lassen,035,31185,5337,5318,123,5441,21
2021-07-28,Los Angeles,037,10098052,1259257,1245485,47882,1293367,24673
2021-07-28,Madera,039,155013,17272,17024,1045,18069,245
2021-07-28,Marin,041,260295,14969,14652,305,14957,239
2021-07-28,Mariposa,043,17540,478,469,11,480,5
2021-07-28,Mendocino,045,87422,4543,4377,88,4465,49
2021-07-28,Merced,047,269075,32152,31886,1056,32942,474
2021-07-28,Modoc,049,8938,424,413,147,560,5
2021-07-28,Mono,051,14174,1291,1286,13,1299,3
2021-07-28,Monterey,053,433212,43852,43668,2056,45724,524
2021-07-28,Napa,055,140530,10515,10376,47,10423,82
2021-07-28,Nevada,057,99092,5658,5320,212,5532,72
2021-07-28,Orange,059,3164182,266163,262735,12604,275339,5143
2021-07-28,Placer,061,380077,25624,24978,1965,26943,306
2021-07-28,Plumas,063,18699,760,754,15,769,5
2021-07-28,Riverside,065,2383286,302881,299611,15376,314987,4554
2021-07-28,Sacramento,067,1510023,116847,114665,2285,116950,1714
2021-07-28,San Benito,069,59416,6267,6236,120,6356,63
2021-07-28,San Bernardino,071,2135413,302955,300121,9735,309856,5236
2021-07-28,San Diego,073,3302833,298100,294176,17099,311275,3798
2021-07-28,San Francisco,075,870044,41527,40144,1665,41809,561
2021-07-28,San Joaquin,077,732212,77309,76312,4103,80415,1443
2021-07-28,San Luis Obispo,079,281455,22123,21865,847,22712,260
2021-07-28,San Mateo,081,765935,45227,44477,611,45088,547
2021-07-28,Santa Barbara,083,443738,35917,35431,1327,36758,467
2021-07-28,Santa Clara,085,1922200,123799,122345,893,123238,2099
2021-07-28,Santa Cruz,087,273765,16787,16551,892,17443,207
2021-07-28,Shasta,089,179085,13115,12882,1814,14696,212
2021-07-28,Sierra,091,2930,69,67,14,81,0
2021-07-28,Siskiyou,093,43540,2048,1971,455,2426,31
2021-07-28,Solano,095,438530,35930,35204,733,35937,262
2021-07-28,Sonoma,097,501317,33225,32434,402,32836,328
2021-07-28,Stanislaus,099,539301,59229,58427,6541,64968,1035
2021-07-28,Sutter,101,95872,10223,10033,109,10142,126
2021-07-28,Tehama,103,63373,5262,5209,637,5846,66
2021-07-28,Trinity,105,12862,410,352,88,440,3
2021-07-28,Tulare,107,460477,50739,50363,10118,60481,854
2021-07-28,Tuolumne,109,53932,4504,4313,40,4353,64
2021-07-28,Ventura,111,848112,84230,83360,3600,86960,1043
2021-07-28,Yolo,113,214977,15108,14801,509,15310,215
2021-07-28,Yuba,115,75493,6720,6591,146,6737,51
2021-07-27,Alameda,001,1643700,96611,94682,2320,97002,1256
2021-07-27,Alpine,003,1148,91,89,0,89,0
2021-07-27,Amador,005,37829,3920,3861,35,3896,48
2021-07-27,Butte,007,227075,13365,13127,2090,15217,205
2021-07-27,Calaveras,009,45235,2304,2280,17,2297,57
2021-07-27,Colusa,011,21464,2021,1999,361,2360,16
2021-07-27,Contra Costa,013,1133247,76854,75227,1591,76818,830
2021-07-27,Del Norte,015,27424,1613,1538,10,1548,8
2021-07-27,El Dorado,017,186661,11175,10941,889,11830,116
2021-07-27,Fresno,019,978130,105391,104288,9438,113726,1746
2021-07-27,Glenn,021,27897,2477,2460,603,3063,20
2021-07-27,Humboldt,023,135768,5115,4925,76,5001,52
2021-07-27,Imperial,025,180216,29192,29048,2929,31977,743
2021-07-27,Inyo,027,18085,1450,1430,5,1435,38
2021-07-27,Kern,029,883053,99565,98724,12350,111074,1352
2021-07-27,Kings,031,150075,23708,23463,1269,24732,248
2021-07-27,Lake,033,64148,4319,4157,15,4172,65
2021-07-27,Lassen,035,31185,5331,5315,123,5438,21
2021-07-27,Los Angeles,037,10098052,1255831,1243336,47705,1291041,24658
2021-07-27,Madera,039,155013,17220,16998,1039,18037,245
2021-07-27,Marin,041,260295,14921,14631,302,14933,239
2021-07-27,Mariposa,043,17540,475,468,11,479,5
2021-07-27,Mendocino,045,87422,4519,4371,88,4459,49
2021-07-27,Merced,047,269075,32086,31825,1052,32877,473
2021-07-27,Modoc,049,8938,423,413,147,560,5
2021-07-27,Mono,051,14174,1287,1288,13,1301,3
2021-07-27,Monterey,053,433212,43812,43646,2045,45691,523
2021-07-27,Napa,055,140530,10485,10354,47,10401,82
2021-07-27,Nevada,057,99092,5580,5305,210,5515,72
2021-07-27,Orange,059,3164182,265424,262193,12579,274772,5143
2021-07-27,Placer,061,380077,25465,24916,1939,26855,306
2021-07-27,Plumas,063,18699,757,752,15,767,5
2021-07-27,Riverside,065,2383286,302150,299160,15357,314517,4554
2021-07-27,Sacramento,067,1510023,116244,114413,2275,116688,1710
2021-07-27,San Benito,069,59416,6258,6229,120,6349,63
2021-07-27,San Bernardino,071,2135413,302247,299593,9713,309306,5236
2021-07-27,San Diego,073,3302833,297007,293408,17026,310434,3798
2021-07-27,San Francisco,075,870044,41169,39939,1645,41584,561
2021-07-27,San Joaquin,077,732212,77049,76166,4082,80248,1442
2021-07-27,San Luis Obispo,079,281455,22068,21803,838,22641,260
2021-07-27,San Mateo,081,765935,45075,44378,606,44984,547
2021-07-27,Santa Barbara,083,443738,35818,35355,1325,36680,467
2021-07-27,Santa Clara,085,1922200,123506,122154,891,123045,2099
2021-07-27,Santa Cruz,087,273765,16741,16523,891,17414,207
2021-07-27,Shasta,089,179085,13065,12846,1801,14647,212
2021-07-27,Sierra,091,2930,69,65,14,79,0
2021-07-27,Siskiyou,093,43540,2043,1964,452,2416,31
2021-07-27,Solano,095,438530,35804,35093,723,35816,261
2021-07-27,Sonoma,097,501317,33078,32367,400,32767,328
2021-07-27,Stanislaus,099,539301,59058,58333,6526,64859,1033
2021-07-27,Sutter,101,95872,10182,9998,109,10107,115
2021-07-27,Tehama,103,63373,5241,5192,635,5827,66
2021-07-27,Trinity,105,12862,409,351,88,439,3
2021-07-27,Tulare,107,460477,50673,50324,10086,60410,854
2021-07-27,Tuolumne,109,53932,4452,4282,40,4322,64
2021-07-27,Ventura,111,848112,84024,83189,3587,86776,1043
2021-07-27,Yolo,113,214977,15034,14759,503,15262,215
2021-07-27,Yuba,115,75493,6698,6564,144,6708,51
2021-07-26,Alameda,001,1643700,96159,94436,2312,96748,1259
2021-07-26,Alpine,003,1148,91,89,0,89,0
2021-07-26,Amador,005,37829,3910,3854,35,3889,48
2021-07-26,Butte,007,227075,13312,13082,2077,15159,203
2021-07-26,Calaveras,009,45235,2299,2276,17,2293,57
2021-07-26,Colusa,011,21464,2014,1996,359,2355,16
2021-07-26,Contra Costa,013,1133247,76354,74854,1584,76438,830
2021-07-26,Del Norte,015,27424,1593,1530,10,1540,8
2021-07-26,El Dorado,017,186661,11111,10899,886,11785,116
2021-07-26,Fresno,019,978130,105189,104143,9415,113558,1742
2021-07-26,Glenn,021,27897,2475,2461,602,3063,20
2021-07-26,Humboldt,023,135768,5076,4906,74,4980,52
2021-07-26,Imperial,025,180216,29152,29034,2929,31963,743
2021-07-26,Inyo,027,18085,1445,1429,5,1434,38
2021-07-26,Kern,029,883053,99399,98633,12285,110918,1351
2021-07-26,Kings,031,150075,23659,23426,1265,24691,247
2021-07-26,Lake,033,64148,4298,4133,15,4148,65
2021-07-26,Lassen,035,31185,5326,5314,123,5437,21
2021-07-26,Los Angeles,037,10098052,1252520,1241527,47532,1289059,24647
2021-07-26,Madera,039,155013,17193,16971,1030,18001,245
2021-07-26,Marin,041,260295,14864,14579,301,14880,239
2021-07-26,Mariposa,043,17540,474,467,11,478,5
2021-07-26,Mendocino,045,87422,4499,4354,88,4442,49
2021-07-26,Merced,047,269075,32002,31774,1050,32824,473
2021-07-26,Modoc,049,8938,423,413,147,560,5
2021-07-26,Mono,051,14174,1285,1286,13,1299,3
2021-07-26,Monterey,053,433212,43769,43595,2031,45626,521
2021-07-26,Napa,055,140530,10462,10332,47,10379,82
2021-07-26,Nevada,057,99092,5493,5280,210,5490,72
2021-07-26,Orange,059,3164182,264790,261803,12558,274361,5142
2021-07-26,Placer,061,380077,25331,24842,1918,26760,304
2021-07-26,Plumas,063,18699,753,750,15,765,5
2021-07-26,Riverside,065,2383286,301458,298626,15341,313967,4553
2021-07-26,Sacramento,067,1510023,115647,113986,2257,116243,1705
2021-07-26,San Benito,069,59416,6252,6222,120,6342,63
2021-07-26,San Bernardino,071,2135413,301630,299238,9699,308937,5237
2021-07-26,San Diego,073,3302833,295894,292688,16952,309640,3793
2021-07-26,San Francisco,075,870044,40816,39800,1615,41415,561
2021-07-26,San Joaquin,077,732212,76814,76033,4078,80111,1440
2021-07-26,San Luis Obispo,079,281455,22019,21752,835,22587,260
2021-07-26,San Mateo,081,765935,44929,44297,595,44892,547
2021-07-26,Santa Barbara,083,443738,35746,35311,1313,36624,467
2021-07-26,Santa Clara,085,1922200,123194,121978,882,122860,2099
2021-07-26,Santa Cruz,087,273765,16702,16493,888,17381,207
2021-07-26,Shasta,089,179085,13016,12819,1788,14607,211
2021-07-26,Sierra,091,2930,68,65,14,79,0
2021-07-26,Siskiyou,093,43540,2040,1962,450,2412,31
2021-07-26,Solano,095,438530,35655,34990,715,35705,259
2021-07-26,Sonoma,097,501317,32942,32283,398,32681,328
2021-07-26,Stanislaus,099,539301,58912,58219,6511,64730,1033
2021-07-26,Sutter,101,95872,10142,9963,106,10069,115
2021-07-26,Tehama,103,63373,5231,5183,631,5814,66
2021-07-26,Trinity,105,12862,409,351,87,438,3
2021-07-26,Tulare,107,460477,50610,50265,10052,60317,854
2021-07-26,Tuolumne,109,53932,4422,4271,40,4311,64
2021-07-26,Ventura,111,848112,83852,83072,3571,86643,1041
2021-07-26,Yolo,113,214977,14974,14727,490,15217,215
2021-07-26,Yuba,115,75493,6664,6538,142,6680,51
2021-07-25,Alameda,001,1643700,95671,94146,2306,96452,1259
2021-07-25,Alpine,003,1148,89,89,0,89,0
2021-07-25,Amador,005,37829,3895,3848,35,3883,48
2021-07-25,Butte,007,227075,13273,13074,2066,15140,203
2021-07-25,Calaveras,009,45235,2288,2275,17,2292,57
2021-07-25,Colusa,011,21464,2005,1996,355,2351,16
2021-07-25,Contra Costa,013,1133247,75869,74634,1570,76204,830
2021-07-25,Del Norte,015,27424,1573,1526,10,1536,8
2021-07-25,El Dorado,017,186661,11053,10878,883,11761,116
2021-07-25,Fresno,019,978130,104948,104019,9399,113418,1742
2021-07-25,Glenn,021,27897,2466,2461,600,3061,20
2021-07-25,Humboldt,023,135768,5017,4892,72,4964,52
2021-07-25,Imperial,025,180216,29116,29037,2929,31966,743
2021-07-25,Inyo,027,18085,1440,1427,5,1432,38
2021-07-25,Kern,029,883053,99227,98503,12213,110716,1351
2021-07-25,Kings,031,150075,23606,23396,1261,24657,247
2021-07-25,Lake,033,64148,4245,4109,14,4123,65
2021-07-25,Lassen,035,31185,5322,5314,123,5437,21
2021-07-25,Los Angeles,037,10098052,1249134,1239596,47353,1286949,24643
2021-07-25,Madera,039,155013,17156,16947,1023,17970,245
2021-07-25,Marin,041,260295,14813,14558,298,14856,239
2021-07-25,Mariposa,043,17540,471,465,11,476,5
2021-07-25,Mendocino,045,87422,4469,4335,86,4421,49
2021-07-25,Merced,047,269075,31930,31760,1049,32809,473
2021-07-25,Modoc,049,8938,423,413,147,560,5
2021-07-25,Mono,051,14174,1283,1286,13,1299,3
2021-07-25,Monterey,053,433212,43730,43590,2023,45613,521
2021-07-25,Napa,055,140530,10425,10316,46,10362,82
2021-07-25,Nevada,057,99092,5428,5256,207,5463,72
2021-07-25,Orange,059,3164182,264087,261351,12533,273884,5142
2021-07-25,Placer,061,380077,25210,24755,1897,26652,304
2021-07-25,Plumas,063,18699,751,750,15,765,5
2021-07-25,Riverside,065,2383286,300692,298181,15325,313506,4553
2021-07-25,Sacramento,067,1510023,115101,113611,2240,115851,1704
2021-07-25,San Benito,069,59416,6245,6217,120,6337,63
2021-07-25,San Bernardino,071,2135413,300981,298982,9693,308675,5237
2021-07-25,San Diego,073,3302833,294822,290626,16883,307509,3793
2021-07-25,San Francisco,075,870044,40479,39663,1588,41251,561
2021-07-25,San Joaquin,077,732212,76560,75926,4058,79984,1440
2021-07-25,San Luis Obispo,079,281455,21948,21741,832,22573,260
2021-07-25,San Mateo,081,765935,44766,44189,589,44778,547
2021-07-25,Santa Barbara,083,443738,35669,35261,1310,36571,467
2021-07-25,Santa Clara,085,1922200,122864,121800,876,122676,2099
2021-07-25,Santa Cruz,087,273765,16655,16474,887,17361,207
2021-07-25,Shasta,089,179085,12969,12815,1783,14598,211
2021-07-25,Sierra,091,2930,68,65,14,79,0
2021-07-25,Siskiyou,093,43540,2032,1963,447,2410,31
2021-07-25,Solano,095,438530,35469,34863,712,35575,259
2021-07-25,Sonoma,097,501317,32816,32202,395,32597,328
2021-07-25,Stanislaus,099,539301,58745,58154,6506,64660,1033
2021-07-25,Sutter,101,95872,10088,9937,104,10041,115
2021-07-25,Tehama,103,63373,5215,5181,630,5811,66
2021-07-25,Trinity,105,12862,407,351,85,436,3
2021-07-25,Tulare,107,460477,50534,50221,10013,60234,854
2021-07-25,Tuolumne,109,53932,4370,4267,40,4307,64
2021-07-25,Ventura,111,848112,83638,82986,3549,86535,1041
2021-07-25,Yolo,113,214977,14914,14693,475,15168,215
2021-07-25,Yuba,115,75493,6631,6519,142,6661,51
2021-07-24,Alameda,001,1643700,95393,93170,2300,95470,1259
2021-07-24,Alpine,003,1148,89,89,0,89,0
2021-07-24,Amador,005,37829,3886,3816,35,3851,48
2021-07-24,Butte,007,227075,13244,12982,2064,15046,203
2021-07-24,Calaveras,009,45235,2284,2267,17,2284,57
2021-07-24,Colusa,011,21464,2004,1992,353,2345,16
2021-07-24,Contra Costa,013,1133247,75644,73682,1567,75249,830
2021-07-24,Del Norte,015,27424,1562,1497,10,1507,8
2021-07-24,El Dorado,017,186661,11019,10773,880,11653,116
2021-07-24,Fresno,019,978130,104830,103637,9390,113027,1736
2021-07-24,Glenn,021,27897,2465,2457,600,3057,20
2021-07-24,Humboldt,023,135768,4983,4780,71,4851,52
2021-07-24,Imperial,025,180216,29096,28996,2929,31925,742
2021-07-24,Inyo,027,18085,1437,1424,5,1429,38
2021-07-24,Kern,029,883053,99148,98261,12191,110452,1350
2021-07-24,Kings,031,150075,23575,23304,1258,24562,246
2021-07-24,Lake,033,64148,4222,3963,14,3977,64
2021-07-24,Lassen,035,31185,5321,5311,123,5434,21
2021-07-24,Los Angeles,037,10098052,1247375,1232164,47231,1279395,24623
2021-07-24,Madera,039,155013,17132,16885,1021,17906,245
2021-07-24,Marin,041,260295,14775,14454,298,14752,238
2021-07-24,Mariposa,043,17540,471,453,11,464,5
2021-07-24,Mendocino,045,87422,4444,4293,86,4379,49
2021-07-24,Merced,047,269075,31908,31661,1048,32709,473
2021-07-24,Modoc,049,8938,423,413,147,560,5
2021-07-24,Mono,051,14174,1281,1284,13,1297,3
2021-07-24,Monterey,053,433212,43705,43525,2016,45541,521
2021-07-24,Napa,055,140530,10409,10230,46,10276,81
2021-07-24,Nevada,057,99092,5395,5183,207,5390,72
2021-07-24,Orange,059,3164182,263623,259973,12520,272493,5141
2021-07-24,Placer,061,380077,25127,24530,1892,26422,303
2021-07-24,Plumas,063,18699,750,737,15,752,4
2021-07-24,Riverside,065,2383286,300224,296912,15315,312227,4552
2021-07-24,Sacramento,067,1510023,114785,112438,2235,114673,1698
2021-07-24,San Benito,069,59416,6241,6200,119,6319,63
2021-07-24,San Bernardino,071,2135413,300591,297899,9684,307583,5236
2021-07-24,San Diego,073,3302833,294356,289368,16856,306224,3788
2021-07-24,San Francisco,075,870044,40317,38954,1571,40525,561
2021-07-24,San Joaquin,077,732212,76433,75461,4047,79508,1436
2021-07-24,San Luis Obispo,079,281455,21917,21616,830,22446,260
2021-07-24,San Mateo,081,765935,44648,43880,583,44463,542
2021-07-24,Santa Barbara,083,443738,35611,35071,1305,36376,465
2021-07-24,Santa Clara,085,1922200,122652,121092,875,121967,2099
2021-07-24,Santa Cruz,087,273765,16633,16416,887,17303,207
2021-07-24,Shasta,089,179085,12941,12759,1780,14539,211
2021-07-24,Sierra,091,2930,67,64,14,78,0
2021-07-24,Siskiyou,093,43540,2032,1951,447,2398,31
2021-07-24,Solano,095,438530,35377,34499,703,35202,259
2021-07-24,Sonoma,097,501317,32692,31928,393,32321,327
2021-07-24,Stanislaus,099,539301,58653,57879,6493,64372,1030
2021-07-24,Sutter,101,95872,10061,9890,104,9994,115
2021-07-24,Tehama,103,63373,5208,5166,628,5794,65
2021-07-24,Trinity,105,12862,407,345,85,430,3
2021-07-24,Tulare,107,460477,50491,50104,9995,60099,854
2021-07-24,Tuolumne,109,53932,4344,4216,40,4256,64
2021-07-24,Ventura,111,848112,83511,82687,3532,86219,1041
2021-07-24,Yolo,113,214977,14877,14557,472,15029,214
2021-07-24,Yuba,115,75493,6612,6449,142,6591,51
2021-07-23,Alameda,001,1643700,95138,93170,2294,95464,1259
2021-07-23,Alpine,003,1148,89,89,0,89,0
2021-07-23,Amador,005,37829,3879,3816,35,3851,48
2021-07-23,Butte,007,227075,13215,12982,2056,15038,203
2021-07-23,Calaveras,009,45235,2282,2267,17,2284,57
2021-07-23,Colusa,011,21464,2003,1992,353,2345,16
2021-07-23,Contra Costa,013,1133247,75387,73682,1557,75239,830
2021-07-23,Del Norte,015,27424,1554,1497,10,1507,8
2021-07-23,El Dorado,017,186661,10990,10773,876,11649,116
2021-07-23,Fresno,019,978130,104700,103637,9380,113017,1736
2021-07-23,Glenn,021,27897,2463,2457,597,3054,20
2021-07-23,Humboldt,023,135768,4963,4780,69,4849,52
2021-07-23,Imperial,025,180216,29084,28996,2929,31925,742
2021-07-23,Inyo,027,18085,1434,1424,5,1429,38
2021-07-23,Kern,029,883053,99065,98261,12165,110426,1350
2021-07-23,Kings,031,150075,23544,23304,1255,24559,246
2021-07-23,Lake,033,64148,4192,3963,14,3977,64
2021-07-23,Lassen,035,31185,5319,5311,123,5434,21
2021-07-23,Los Angeles,037,10098052,1245457,1232164,47143,1279307,24623
2021-07-23,Madera,039,155013,17102,16885,1016,17901,245
2021-07-23,Marin,041,260295,14738,14454,296,14750,238
2021-07-23,Mariposa,043,17540,468,453,11,464,5
2021-07-23,Mendocino,045,87422,4431,4293,86,4379,49
2021-07-23,Merced,047,269075,31882,31661,1048,32709,473
2021-07-23,Modoc,049,8938,423,413,147,560,5
2021-07-23,Mono,051,14174,1280,1284,13,1297,3
2021-07-23,Monterey,053,433212,43680,43525,2016,45541,521
2021-07-23,Napa,055,140530,10388,10230,46,10276,81
2021-07-23,Nevada,057,99092,5350,5183,207,5390,72
2021-07-23,Orange,059,3164182,263170,259973,12498,272471,5141
2021-07-23,Placer,061,380077,25047,24530,1875,26405,303
2021-07-23,Plumas,063,18699,748,737,15,752,4
2021-07-23,Riverside,065,2383286,299759,296912,15303,312215,4552
2021-07-23,Sacramento,067,1510023,114429,112438,2233,114671,1698
2021-07-23,San Benito,069,59416,6235,6200,119,6319,63
2021-07-23,San Bernardino,071,2135413,300207,297899,9675,307574,5236
2021-07-23,San Diego,073,3302833,293758,289368,16808,306176,3788
2021-07-23,San Francisco,075,870044,40135,38954,1556,40510,561
2021-07-23,San Joaquin,077,732212,76333,75461,4032,79493,1436
2021-07-23,San Luis Obispo,079,281455,21880,21616,829,22445,260
2021-07-23,San Mateo,081,765935,44542,43880,578,44458,542
2021-07-23,Santa Barbara,083,443738,35547,35071,1304,36375,465
2021-07-23,Santa Clara,085,1922200,122434,121092,871,121963,2099
2021-07-23,Santa Cruz,087,273765,16609,16416,886,17302,207
2021-07-23,Shasta,089,179085,12914,12759,1777,14536,211
2021-07-23,Sierra,091,2930,67,64,14,78,0
2021-07-23,Siskiyou,093,43540,2030,1951,447,2398,31
2021-07-23,Solano,095,438530,35284,34499,699,35198,259
2021-07-23,Sonoma,097,501317,32599,31928,392,32320,327
2021-07-23,Stanislaus,099,539301,58572,57879,6483,64362,1030
2021-07-23,Sutter,101,95872,10032,9890,104,9994,115
2021-07-23,Tehama,103,63373,5199,5166,628,5794,65
2021-07-23,Trinity,105,12862,406,345,84,429,3
2021-07-23,Tulare,107,460477,50446,50104,9969,60073,854
2021-07-23,Tuolumne,109,53932,4322,4216,40,4256,64
2021-07-23,Ventura,111,848112,83349,82687,3514,86201,1041
2021-07-23,Yolo,113,214977,14838,14557,465,15022,214
2021-07-23,Yuba,115,75493,6586,6449,141,6590,51
2021-07-22,Alameda,001,1643700,94775,93170,2288,95458,1259
2021-07-22,Alpine,003,1148,89,89,0,89,0
2021-07-22,Amador,005,37829,3870,3816,35,3851,48
2021-07-22,Butte,007,227075,13181,12982,2047,15029,203
2021-07-22,Calaveras,009,45235,2279,2267,17,2284,57
2021-07-22,Colusa,011,21464,2001,1992,351,2343,16
2021-07-22,Contra Costa,013,1133247,75051,73682,1553,75235,830
2021-07-22,Del Norte,015,27424,1538,1497,10,1507,8
2021-07-22,El Dorado,017,186661,10956,10773,868,11641,116
2021-07-22,Fresno,019,978130,104570,103637,9370,113007,1736
2021-07-22,Glenn,021,27897,2460,2457,596,3053,20
2021-07-22,Humboldt,023,135768,4932,4780,66,4846,52
2021-07-22,Imperial,025,180216,29054,28996,2929,31925,742
2021-07-22,Inyo,027,18085,1432,1424,5,1429,38
2021-07-22,Kern,029,883053,98953,98261,12120,110381,1350
2021-07-22,Kings,031,150075,23505,23304,1253,24557,246
2021-07-22,Lake,033,64148,4141,3963,14,3977,64
2021-07-22,Lassen,035,31185,5316,5311,123,5434,21
2021-07-22,Los Angeles,037,10098052,1243069,1232164,46980,1279144,24623
2021-07-22,Madera,039,155013,17067,16885,1014,17899,245
2021-07-22,Marin,041,260295,14697,14454,295,14749,238
2021-07-22,Mariposa,043,17540,461,453,11,464,5
2021-07-22,Mendocino,045,87422,4418,4293,85,4378,49
2021-07-22,Merced,047,269075,31840,31661,1046,32707,473
2021-07-22,Modoc,049,8938,423,413,147,560,5
2021-07-22,Mono,051,14174,1279,1284,13,1297,3
2021-07-22,Monterey,053,433212,43651,43525,2010,45535,521
2021-07-22,Napa,055,140530,10370,10230,46,10276,81
2021-07-22,Nevada,057,99092,5324,5183,206,5389,72
2021-07-22,Orange,059,3164182,262617,259973,12489,272462,5141
2021-07-22,Placer,061,380077,24953,24530,1863,26393,303
2021-07-22,Plumas,063,18699,747,737,15,752,4
2021-07-22,Riverside,065,2383286,299250,296912,15282,312194,4552
2021-07-22,Sacramento,067,1510023,113997,112438,2224,114662,1698
2021-07-22,San Benito,069,59416,6227,6200,119,6319,63
2021-07-22,San Bernardino,071,2135413,299810,297899,9659,307558,5236
2021-07-22,San Diego,073,3302833,293042,289368,16748,306116,3788
2021-07-22,San Francisco,075,870044,39922,38954,1543,40497,561
2021-07-22,San Joaquin,077,732212,76191,75461,4018,79479,1436
2021-07-22,San Luis Obispo,079,281455,21844,21616,825,22441,260
2021-07-22,San Mateo,081,765935,44430,43880,573,44453,542
2021-07-22,Santa Barbara,083,443738,35486,35071,1302,36373,465
2021-07-22,Santa Clara,085,1922200,122192,121092,868,121960,2099
2021-07-22,Santa Cruz,087,273765,16572,16416,886,17302,207
2021-07-22,Shasta,089,179085,12890,12759,1773,14532,211
2021-07-22,Sierra,091,2930,65,64,14,78,0
2021-07-22,Siskiyou,093,43540,2027,1951,447,2398,31
2021-07-22,Solano,095,438530,35135,34499,692,35191,259
2021-07-22,Sonoma,097,501317,32489,31928,390,32318,327
2021-07-22,Stanislaus,099,539301,58444,57879,6471,64350,1030
2021-07-22,Sutter,101,95872,10011,9890,104,9994,115
2021-07-22,Tehama,103,63373,5193,5166,628,5794,65
2021-07-22,Trinity,105,12862,405,345,84,429,3
2021-07-22,Tulare,107,460477,50403,50104,9941,60045,854
2021-07-22,Tuolumne,109,53932,4310,4216,40,4256,64
2021-07-22,Ventura,111,848112,83214,82687,3501,86188,1041
2021-07-22,Yolo,113,214977,14800,14557,464,15021,214
2021-07-22,Yuba,115,75493,6556,6449,138,6587,51
2021-07-21,Alameda,001,1643700,94448,92840,2284,95124,1256
2021-07-21,Alpine,003,1148,89,89,0,89,0
2021-07-21,Amador,005,37829,3857,3813,35,3848,48
2021-07-21,Butte,007,227075,13140,12939,2042,14981,203
2021-07-21,Calaveras,009,45235,2278,2257,17,2274,57
2021-07-21,Colusa,011,21464,1997,1988,350,2338,16
2021-07-21,Contra Costa,013,1133247,74786,73320,1544,74864,827
2021-07-21,Del Norte,015,27424,1528,1492,10,1502,8
2021-07-21,El Dorado,017,186661,10921,10742,864,11606,116
2021-07-21,Fresno,019,978130,104425,103504,9360,112864,1736
2021-07-21,Glenn,021,27897,2458,2455,595,3050,20
2021-07-21,Humboldt,023,135768,4900,4763,64,4827,52
2021-07-21,Imperial,025,180216,29042,28964,2926,31890,742
2021-07-21,Inyo,027,18085,1432,1423,5,1428,38
2021-07-21,Kern,029,883053,98837,98152,12077,110229,1350
2021-07-21,Kings,031,150075,23477,23270,1249,24519,246
2021-07-21,Lake,033,64148,4076,3896,14,3910,64
2021-07-21,Lassen,035,31185,5313,5310,123,5433,21
2021-07-21,Los Angeles,037,10098052,1240597,1229598,46854,1276452,24609
2021-07-21,Madera,039,155013,17047,16858,1011,17869,245
2021-07-21,Marin,041,260295,14647,14427,295,14722,238
2021-07-21,Mariposa,043,17540,457,449,11,460,5
2021-07-21,Mendocino,045,87422,4400,4274,85,4359,49
2021-07-21,Merced,047,269075,31801,31607,1041,32648,473
2021-07-21,Modoc,049,8938,423,413,147,560,5
2021-07-21,Mono,051,14174,1276,1282,13,1295,3
2021-07-21,Monterey,053,433212,43621,43502,2006,45508,515
2021-07-21,Napa,055,140530,10345,10209,46,10255,81
2021-07-21,Nevada,057,99092,5289,5152,206,5358,72
2021-07-21,Orange,059,3164182,262069,259615,12457,272072,5139
2021-07-21,Placer,061,380077,24844,24441,1852,26293,303
2021-07-21,Plumas,063,18699,747,736,15,751,4
2021-07-21,Riverside,065,2383286,298738,296419,15265,311684,4552
2021-07-21,Sacramento,067,1510023,113584,112043,2213,114256,1696
2021-07-21,San Benito,069,59416,6217,6196,119,6315,63
2021-07-21,San Bernardino,071,2135413,299365,297519,9651,307170,5230
2021-07-21,San Diego,073,3302833,292196,288682,16684,305366,3787
2021-07-21,San Francisco,075,870044,39698,38699,1538,40237,559
2021-07-21,San Joaquin,077,732212,76002,75288,4006,79294,1434
2021-07-21,San Luis Obispo,079,281455,21808,21579,822,22401,260
2021-07-21,San Mateo,081,765935,44338,43755,569,44324,542
2021-07-21,Santa Barbara,083,443738,35429,34998,1284,36282,465
2021-07-21,Santa Clara,085,1922200,121982,120838,866,121704,2099
2021-07-21,Santa Cruz,087,273765,16538,16407,886,17293,207
2021-07-21,Shasta,089,179085,12857,12751,1770,14521,211
2021-07-21,Sierra,091,2930,65,64,14,78,0
2021-07-21,Siskiyou,093,43540,2025,1943,445,2388,31
2021-07-21,Solano,095,438530,34980,34374,687,35061,258
2021-07-21,Sonoma,097,501317,32373,31789,390,32179,327
2021-07-21,Stanislaus,099,539301,58342,57774,6462,64236,1028
2021-07-21,Sutter,101,95872,9987,9862,104,9966,113
2021-07-21,Tehama,103,63373,5189,5161,628,5789,65
2021-07-21,Trinity,105,12862,404,345,83,428,3
2021-07-21,Tulare,107,460477,50344,50066,9914,59980,854
2021-07-21,Tuolumne,109,53932,4273,4156,40,4196,64
2021-07-21,Ventura,111,848112,83092,82573,3489,86062,1041
2021-07-21,Yolo,113,214977,14759,14525,463,14988,213
2021-07-21,Yuba,115,75493,6528,6425,138,6563,52
2021-07-20,Alameda,001,1643700,94069,92625,2271,94896,1256
2021-07-20,Alpine,003,1148,89,89,0,89,0
2021-07-20,Amador,005,37829,3846,3807,35,3842,48
2021-07-20,Butte,007,227075,13103,12916,2037,14953,203
2021-07-20,Calaveras,009,45235,2275,2249,17,2266,57
2021-07-20,Colusa,011,21464,1997,1985,350,2335,16
2021-07-20,Contra Costa,013,1133247,74501,73143,1525,74668,825
2021-07-20,Del Norte,015,27424,1518,1490,10,1500,8
2021-07-20,El Dorado,017,186661,10881,10727,859,11586,116
2021-07-20,Fresno,019,978130,104289,103438,9340,112778,1736
2021-07-20,Glenn,021,27897,2458,2453,595,3048,20
2021-07-20,Humboldt,023,135768,4855,4735,62,4797,52
2021-07-20,Imperial,025,180216,29022,28933,2926,31859,742
2021-07-20,Inyo,027,18085,1428,1420,5,1425,36
2021-07-20,Kern,029,883053,98729,98082,12048,110130,1350
2021-07-20,Kings,031,150075,23436,23254,1245,24499,246
2021-07-20,Lake,033,64148,4051,3871,14,3885,64
2021-07-20,Lassen,035,31185,5313,5306,123,5429,21
2021-07-20,Los Angeles,037,10098052,1237825,1227404,46695,1274099,24603
2021-07-20,Madera,039,155013,17026,16856,1007,17863,245
2021-07-20,Marin,041,260295,14612,14396,292,14688,234
2021-07-20,Mariposa,043,17540,456,448,11,459,5
2021-07-20,Mendocino,045,87422,4383,4259,85,4344,49
2021-07-20,Merced,047,269075,31763,31578,1034,32612,473
2021-07-20,Modoc,049,8938,423,413,147,560,5
2021-07-20,Mono,051,14174,1272,1281,13,1294,3
2021-07-20,Monterey,053,433212,43590,43481,2003,45484,515
2021-07-20,Napa,055,140530,10322,10191,46,10237,81
2021-07-20,Nevada,057,99092,5270,5148,205,5353,72
2021-07-20,Orange,059,3164182,261520,259303,12426,271729,5139
2021-07-20,Placer,061,380077,24754,24408,1826,26234,303
2021-07-20,Plumas,063,18699,745,736,15,751,4
2021-07-20,Riverside,065,2383286,298204,296118,15251,311369,4543
2021-07-20,Sacramento,067,1510023,113144,111796,2183,113979,1695
2021-07-20,San Benito,069,59416,6210,6196,119,6315,63
2021-07-20,San Bernardino,071,2135413,298953,297222,9626,306848,5231
2021-07-20,San Diego,073,3302833,291279,288209,16587,304796,3786
2021-07-20,San Francisco,075,870044,39441,38536,1527,40063,558
2021-07-20,San Joaquin,077,732212,75830,75198,3993,79191,1433
2021-07-20,San Luis Obispo,079,281455,21763,21556,821,22377,259
2021-07-20,San Mateo,081,765935,44222,43670,567,44237,542
2021-07-20,Santa Barbara,083,443738,35359,34935,1277,36212,462
2021-07-20,Santa Clara,085,1922200,121725,120704,864,121568,2098
2021-07-20,Santa Cruz,087,273765,16509,16399,886,17285,207
2021-07-20,Shasta,089,179085,12831,12734,1765,14499,211
2021-07-20,Sierra,091,2930,65,64,14,78,0
2021-07-20,Siskiyou,093,43540,2021,1931,444,2375,31
2021-07-20,Solano,095,438530,34853,34337,680,35017,258
2021-07-20,Sonoma,097,501317,32254,31763,389,32152,326
2021-07-20,Stanislaus,099,539301,58226,57706,6456,64162,1028
2021-07-20,Sutter,101,95872,9961,9854,101,9955,114
2021-07-20,Tehama,103,63373,5187,5153,628,5781,65
2021-07-20,Trinity,105,12862,402,344,82,426,3
2021-07-20,Tulare,107,460477,50303,50047,9896,59943,854
2021-07-20,Tuolumne,109,53932,4254,4156,40,4196,64
2021-07-20,Ventura,111,848112,82939,82504,3472,85976,1041
2021-07-20,Yolo,113,214977,14696,14495,460,14955,213
2021-07-20,Yuba,115,75493,6503,6393,135,6528,52
2021-07-19,Alameda,001,1643700,93697,92357,2255,94612,1256
2021-07-19,Alpine,003,1148,89,89,0,89,0
2021-07-19,Amador,005,37829,3842,3802,35,3837,48
2021-07-19,Butte,007,227075,13060,12901,2031,14932,202
2021-07-19,Calaveras,009,45235,2274,2245,17,2262,57
2021-07-19,Colusa,011,21464,1995,1981,349,2330,16
2021-07-19,Contra Costa,013,1133247,74191,72935,1504,74439,825
2021-07-19,Del Norte,015,27424,1506,1484,10,1494,8
2021-07-19,El Dorado,017,186661,10851,10703,851,11554,114
2021-07-19,Fresno,019,978130,104163,103350,9323,112673,1731
2021-07-19,Glenn,021,27897,2458,2452,594,3046,20
2021-07-19,Humboldt,023,135768,4825,4719,60,4779,52
2021-07-19,Imperial,025,180216,28995,28888,2926,31814,742
2021-07-19,Inyo,027,18085,1427,1417,5,1422,36
2021-07-19,Kern,029,883053,98619,97999,12012,110011,1349
2021-07-19,Kings,031,150075,23404,23221,1239,24460,246
2021-07-19,Lake,033,64148,4015,3848,14,3862,64
2021-07-19,Lassen,035,31185,5312,5305,123,5428,21
2021-07-19,Los Angeles,037,10098052,1235247,1225946,46506,1272452,24600
2021-07-19,Madera,039,155013,17003,16846,1004,17850,244
2021-07-19,Marin,041,260295,14577,14369,289,14658,234
2021-07-19,Mariposa,043,17540,450,447,11,458,5
2021-07-19,Mendocino,045,87422,4365,4251,85,4336,49
2021-07-19,Merced,047,269075,31699,31565,1027,32592,472
2021-07-19,Modoc,049,8938,422,413,147,560,5
2021-07-19,Mono,051,14174,1270,1280,13,1293,3
2021-07-19,Monterey,053,433212,43567,43436,2002,45438,515
2021-07-19,Napa,055,140530,10297,10180,44,10224,81
2021-07-19,Nevada,057,99092,5242,5133,204,5337,72
2021-07-19,Orange,059,3164182,261005,258927,12393,271320,5138
2021-07-19,Placer,061,380077,24655,24359,1804,26163,303
2021-07-19,Plumas,063,18699,745,730,15,745,4
2021-07-19,Riverside,065,2383286,297715,295736,15213,310949,4543
2021-07-19,Sacramento,067,1510023,112781,111470,2158,113628,1696
2021-07-19,San Benito,069,59416,6207,6193,119,6312,63
2021-07-19,San Bernardino,071,2135413,298583,296929,9607,306536,5235
2021-07-19,San Diego,073,3302833,290391,287695,16486,304181,3786
2021-07-19,San Francisco,075,870044,39172,38463,1513,39976,560
2021-07-19,San Joaquin,077,732212,75664,75086,3987,79073,1431
2021-07-19,San Luis Obispo,079,281455,21718,21531,817,22348,259
2021-07-19,San Mateo,081,765935,44077,43563,558,44121,542
2021-07-19,Santa Barbara,083,443738,35287,34904,1274,36178,461
2021-07-19,Santa Clara,085,1922200,121467,120554,863,121417,2098
2021-07-19,Santa Cruz,087,273765,16493,16387,886,17273,207
2021-07-19,Shasta,089,179085,12813,12723,1763,14486,209
2021-07-19,Sierra,091,2930,64,64,14,78,0
2021-07-19,Siskiyou,093,43540,2016,1927,442,2369,31
2021-07-19,Solano,095,438530,34683,34262,669,34931,261
2021-07-19,Sonoma,097,501317,32132,31713,388,32101,325
2021-07-19,Stanislaus,099,539301,58125,57644,6445,64089,1027
2021-07-19,Sutter,101,95872,9945,9834,101,9935,114
2021-07-19,Tehama,103,63373,5180,5152,626,5778,65
2021-07-19,Trinity,105,12862,402,344,81,425,3
2021-07-19,Tulare,107,460477,50258,49994,9878,59872,855
2021-07-19,Tuolumne,109,53932,4244,4151,40,4191,64
2021-07-19,Ventura,111,848112,82843,82409,3450,85859,1041
2021-07-19,Yolo,113,214977,14665,14439,458,14897,213
2021-07-19,Yuba,115,75493,6479,6370,135,6505,52
2021-07-18,Alameda,001,1643700,93345,92162,2241,94403,1256
2021-07-18,Alpine,003,1148,89,89,0,89,0
2021-07-18,Amador,005,37829,3831,3799,35,3834,48
2021-07-18,Butte,007,227075,13019,12888,2025,14913,202
2021-07-18,Calaveras,009,45235,2273,2243,17,2260,57
2021-07-18,Colusa,011,21464,1995,1981,348,2329,16
2021-07-18,Contra Costa,013,1133247,73876,72849,1486,74335,825
2021-07-18,Del Norte,015,27424,1497,1482,10,1492,8
2021-07-18,El Dorado,017,186661,10813,10687,843,11530,114
2021-07-18,Fresno,019,978130,104011,103298,9304,112602,1731
2021-07-18,Glenn,021,27897,2457,2452,593,3045,20
2021-07-18,Humboldt,023,135768,4789,4714,60,4774,52
2021-07-18,Imperial,025,180216,28959,28877,2925,31802,742
2021-07-18,Inyo,027,18085,1423,1417,5,1422,36
2021-07-18,Kern,029,883053,98493,97963,11970,109933,1349
2021-07-18,Kings,031,150075,23383,23203,1235,24438,246
2021-07-18,Lake,033,64148,3979,3825,14,3839,64
2021-07-18,Lassen,035,31185,5312,5305,123,5428,21
2021-07-18,Los Angeles,037,10098052,1232584,1224691,46323,1271014,24598
2021-07-18,Madera,039,155013,16978,16838,1000,17838,244
2021-07-18,Marin,041,260295,14541,14358,287,14645,234
2021-07-18,Mariposa,043,17540,449,447,11,458,5
2021-07-18,Mendocino,045,87422,4345,4246,85,4331,49
2021-07-18,Merced,047,269075,31668,31537,1025,32562,471
2021-07-18,Modoc,049,8938,422,413,147,560,5
2021-07-18,Mono,051,14174,1269,1280,13,1293,3
2021-07-18,Monterey,053,433212,43549,43422,1993,45415,515
2021-07-18,Napa,055,140530,10280,10174,41,10215,81
2021-07-18,Nevada,057,99092,5216,5124,204,5328,72
2021-07-18,Orange,059,3164182,260522,258724,12363,271087,5138
2021-07-18,Placer,061,380077,24590,24313,1777,26090,303
2021-07-18,Plumas,063,18699,745,730,15,745,4
2021-07-18,Riverside,065,2383286,297225,295522,15172,310694,4543
2021-07-18,Sacramento,067,1510023,112351,111255,2127,113382,1696
2021-07-18,San Benito,069,59416,6199,6191,119,6310,63
2021-07-18,San Bernardino,071,2135413,298112,296739,9591,306330,5233
2021-07-18,San Diego,073,3302833,289576,286287,16403,302690,3786
2021-07-18,San Francisco,075,870044,38941,38367,1501,39868,560
2021-07-18,San Joaquin,077,732212,75490,74997,3974,78971,1431
2021-07-18,San Luis Obispo,079,281455,21682,21527,814,22341,259
2021-07-18,San Mateo,081,765935,43963,43506,552,44058,542
2021-07-18,Santa Barbara,083,443738,35222,34880,1272,36152,461
2021-07-18,Santa Clara,085,1922200,121254,120438,855,121293,2098
2021-07-18,Santa Cruz,087,273765,16461,16372,885,17257,207
2021-07-18,Shasta,089,179085,12788,12714,1759,14473,209
2021-07-18,Sierra,091,2930,64,64,14,78,0
2021-07-18,Siskiyou,093,43540,2010,1927,437,2364,31
2021-07-18,Solano,095,438530,34564,34215,665,34880,261
2021-07-18,Sonoma,097,501317,32027,31675,387,32062,325
2021-07-18,Stanislaus,099,539301,58014,57600,6420,64020,1028
2021-07-18,Sutter,101,95872,9913,9826,100,9926,114
2021-07-18,Tehama,103,63373,5177,5150,625,5775,65
2021-07-18,Trinity,105,12862,402,344,81,425,3
2021-07-18,Tulare,107,460477,50206,49985,9855,59840,855
2021-07-18,Tuolumne,109,53932,4226,4149,40,4189,64
2021-07-18,Ventura,111,848112,82731,82361,3424,85785,1041
2021-07-18,Yolo,113,214977,14607,14425,452,14877,213
2021-07-18,Yuba,115,75493,6438,6357,135,6492,52
2021-07-17,Alameda,001,1643700,93123,91346,2229,93575,1255
2021-07-17,Alpine,003,1148,89,89,0,89,0
2021-07-17,Amador,005,37829,3822,3785,35,3820,48
2021-07-17,Butte,007,227075,13005,12824,2020,14844,202
2021-07-17,Calaveras,009,45235,2267,2237,17,2254,57
2021-07-17,Colusa,011,21464,1992,1976,348,2324,16
2021-07-17,Contra Costa,013,1133247,73696,72254,1472,73726,824
2021-07-17,Del Norte,015,27424,1489,1475,10,1485,8
2021-07-17,El Dorado,017,186661,10786,10622,839,11461,114
2021-07-17,Fresno,019,978130,103939,103055,9291,112346,1730
2021-07-17,Glenn,021,27897,2456,2451,593,3044,20
2021-07-17,Humboldt,023,135768,4776,4654,59,4713,52
2021-07-17,Imperial,025,180216,28943,28840,2925,31765,742
2021-07-17,Inyo,027,18085,1423,1416,5,1421,36
2021-07-17,Kern,029,883053,98437,97796,11933,109729,1348
2021-07-17,Kings,031,150075,23362,23163,1234,24397,246
2021-07-17,Lake,033,64148,3954,3760,14,3774,64
2021-07-17,Lassen,035,31185,5312,5302,123,5425,21
2021-07-17,Los Angeles,037,10098052,1231081,1219733,46174,1265907,24582
2021-07-17,Madera,039,155013,16970,16804,1000,17804,240
2021-07-17,Marin,041,260295,14523,14297,285,14582,234
2021-07-17,Mariposa,043,17540,449,445,11,456,5
2021-07-17,Mendocino,045,87422,4333,4209,85,4294,49
2021-07-17,Merced,047,269075,31647,31451,1021,32472,471
2021-07-17,Modoc,049,8938,422,412,147,559,5
2021-07-17,Mono,051,14174,1267,1277,13,1290,3
2021-07-17,Monterey,053,433212,43527,43367,1987,45354,515
2021-07-17,Napa,055,140530,10264,10129,41,10170,81
2021-07-17,Nevada,057,99092,5201,5066,204,5270,72
2021-07-17,Orange,059,3164182,260214,257805,12323,270128,5136
2021-07-17,Placer,061,380077,24523,24169,1763,25932,303
2021-07-17,Plumas,063,18699,740,721,15,736,4
2021-07-17,Riverside,065,2383286,296918,294751,15140,309891,4542
2021-07-17,Sacramento,067,1510023,112116,110432,2105,112537,1694
2021-07-17,San Benito,069,59416,6193,6181,119,6300,63
2021-07-17,San Bernardino,071,2135413,297883,296048,9572,305620,5218
2021-07-17,San Diego,073,3302833,289170,285698,16336,302034,3786
2021-07-17,San Francisco,075,870044,38820,37978,1497,39475,560
2021-07-17,San Joaquin,077,732212,75404,74695,3966,78661,1430
2021-07-17,San Luis Obispo,079,281455,21655,21462,814,22276,258
2021-07-17,San Mateo,081,765935,43893,43324,550,43874,542
2021-07-17,Santa Barbara,083,443738,35182,34769,1269,36038,461
2021-07-17,Santa Clara,085,1922200,121082,119980,852,120832,2097
2021-07-17,Santa Cruz,087,273765,16454,16337,885,17222,207
2021-07-17,Shasta,089,179085,12773,12683,1754,14437,210
2021-07-17,Sierra,091,2930,64,62,14,76,0
2021-07-17,Siskiyou,093,43540,2005,1922,434,2356,29
2021-07-17,Solano,095,438530,34500,34015,657,34672,263
2021-07-17,Sonoma,097,501317,31960,31536,386,31922,322
2021-07-17,Stanislaus,099,539301,57936,57400,6406,63806,1028
2021-07-17,Sutter,101,95872,9903,9778,100,9878,114
2021-07-17,Tehama,103,63373,5174,5145,625,5770,64
2021-07-17,Trinity,105,12862,401,341,81,422,3
2021-07-17,Tulare,107,460477,50185,49937,9843,59780,854
2021-07-17,Tuolumne,109,53932,4216,4131,40,4171,64
2021-07-17,Ventura,111,848112,82664,82125,3412,85537,1041
2021-07-17,Yolo,113,214977,14577,14356,444,14800,213
2021-07-17,Yuba,115,75493,6427,6309,135,6444,52
2021-07-16,Alameda,001,1643700,92888,91346,2217,93563,1255
2021-07-16,Alpine,003,1148,89,89,0,89,0
2021-07-16,Amador,005,37829,3819,3785,35,3820,48
2021-07-16,Butte,007,227075,12980,12824,2017,14841,202
2021-07-16,Calaveras,009,45235,2267,2237,17,2254,57
2021-07-16,Colusa,011,21464,1990,1976,347,2323,16
2021-07-16,Contra Costa,013,1133247,73509,72254,1467,73721,824
2021-07-16,Del Norte,015,27424,1487,1475,10,1485,8
2021-07-16,El Dorado,017,186661,10767,10622,838,11460,114
2021-07-16,Fresno,019,978130,103887,103055,9272,112327,1730
2021-07-16,Glenn,021,27897,2456,2451,593,3044,20
2021-07-16,Humboldt,023,135768,4754,4654,59,4713,52
2021-07-16,Imperial,025,180216,28931,28840,2925,31765,742
2021-07-16,Inyo,027,18085,1421,1416,5,1421,36
2021-07-16,Kern,029,883053,98375,97796,11892,109688,1348
2021-07-16,Kings,031,150075,23339,23163,1231,24394,246
2021-07-16,Lake,033,64148,3927,3760,14,3774,64
2021-07-16,Lassen,035,31185,5311,5302,123,5425,21
2021-07-16,Los Angeles,037,10098052,1229593,1219733,46026,1265759,24582
2021-07-16,Madera,039,155013,16952,16804,1000,17804,240
2021-07-16,Marin,041,260295,14499,14297,282,14579,234
2021-07-16,Mariposa,043,17540,449,445,11,456,5
2021-07-16,Mendocino,045,87422,4324,4209,84,4293,49
2021-07-16,Merced,047,269075,31625,31451,1019,32470,471
2021-07-16,Modoc,049,8938,422,412,147,559,5
2021-07-16,Mono,051,14174,1266,1277,13,1290,3
2021-07-16,Monterey,053,433212,43505,43367,1986,45353,515
2021-07-16,Napa,055,140530,10240,10129,40,10169,81
2021-07-16,Nevada,057,99092,5191,5066,204,5270,72
2021-07-16,Orange,059,3164182,259941,257805,12283,270088,5136
2021-07-16,Placer,061,380077,24470,24169,1758,25927,303
2021-07-16,Plumas,063,18699,739,721,15,736,4
2021-07-16,Riverside,065,2383286,296642,294751,15114,309865,4542
2021-07-16,Sacramento,067,1510023,111900,110432,2092,112524,1694
2021-07-16,San Benito,069,59416,6191,6181,119,6300,63
2021-07-16,San Bernardino,071,2135413,297605,296048,9555,305603,5218
2021-07-16,San Diego,073,3302833,288724,285698,16289,301987,3786
2021-07-16,San Francisco,075,870044,38703,37978,1492,39470,560
2021-07-16,San Joaquin,077,732212,75310,74695,3963,78658,1430
2021-07-16,San Luis Obispo,079,281455,21638,21462,814,22276,258
2021-07-16,San Mateo,081,765935,43841,43324,548,43872,542
2021-07-16,Santa Barbara,083,443738,35144,34769,1269,36038,461
2021-07-16,Santa Clara,085,1922200,120934,119980,844,120824,2097
2021-07-16,Santa Cruz,087,273765,16441,16337,885,17222,207
2021-07-16,Shasta,089,179085,12763,12683,1753,14436,210
2021-07-16,Sierra,091,2930,64,62,14,76,0
2021-07-16,Siskiyou,093,43540,2003,1922,432,2354,29
2021-07-16,Solano,095,438530,34436,34015,649,34664,263
2021-07-16,Sonoma,097,501317,31908,31536,383,31919,322
2021-07-16,Stanislaus,099,539301,57888,57400,6394,63794,1028
2021-07-16,Sutter,101,95872,9891,9778,100,9878,114
2021-07-16,Tehama,103,63373,5172,5145,625,5770,64
2021-07-16,Trinity,105,12862,401,341,80,421,3
2021-07-16,Tulare,107,460477,50161,49937,9833,59770,854
2021-07-16,Tuolumne,109,53932,4210,4131,40,4171,64
2021-07-16,Ventura,111,848112,82600,82125,3405,85530,1041
2021-07-16,Yolo,113,214977,14551,14356,440,14796,213
2021-07-16,Yuba,115,75493,6405,6309,134,6443,52
2021-07-15,Alameda,001,1643700,92592,91346,2208,93554,1255
2021-07-15,Alpine,003,1148,89,89,0,89,0
2021-07-15,Amador,005,37829,3816,3785,35,3820,48
2021-07-15,Butte,007,227075,12954,12824,2015,14839,202
2021-07-15,Calaveras,009,45235,2265,2237,17,2254,57
2021-07-15,Colusa,011,21464,1989,1976,346,2322,16
2021-07-15,Contra Costa,013,1133247,73296,72254,1459,73713,824
2021-07-15,Del Norte,015,27424,1484,1475,10,1485,8
2021-07-15,El Dorado,017,186661,10740,10622,836,11458,114
2021-07-15,Fresno,019,978130,103791,103055,9251,112306,1730
2021-07-15,Glenn,021,27897,2456,2451,593,3044,20
2021-07-15,Humboldt,023,135768,4736,4654,58,4712,52
2021-07-15,Imperial,025,180216,28908,28840,2925,31765,742
2021-07-15,Inyo,027,18085,1421,1416,5,1421,36
2021-07-15,Kern,029,883053,98305,97796,11864,109660,1348
2021-07-15,Kings,031,150075,23302,23163,1228,24391,246
2021-07-15,Lake,033,64148,3888,3760,14,3774,64
2021-07-15,Lassen,035,31185,5310,5302,123,5425,21
2021-07-15,Los Angeles,037,10098052,1227626,1219733,45861,1265594,24582
2021-07-15,Madera,039,155013,16930,16804,996,17800,240
2021-07-15,Marin,041,260295,14475,14297,282,14579,234
2021-07-15,Mariposa,043,17540,449,445,11,456,5
2021-07-15,Mendocino,045,87422,4316,4209,83,4292,49
2021-07-15,Merced,047,269075,31595,31451,1019,32470,471
2021-07-15,Modoc,049,8938,422,412,147,559,5
2021-07-15,Mono,051,14174,1266,1277,13,1290,3
2021-07-15,Monterey,053,433212,43476,43367,1983,45350,515
2021-07-15,Napa,055,140530,10215,10129,39,10168,81
2021-07-15,Nevada,057,99092,5173,5066,203,5269,72
2021-07-15,Orange,059,3164182,259589,257805,12251,270056,5136
2021-07-15,Placer,061,380077,24411,24169,1741,25910,303
2021-07-15,Plumas,063,18699,738,721,15,736,4
2021-07-15,Riverside,065,2383286,296322,294751,15098,309849,4542
2021-07-15,Sacramento,067,1510023,111596,110432,2075,112507,1694
2021-07-15,San Benito,069,59416,6189,6181,119,6300,63
2021-07-15,San Bernardino,071,2135413,297293,296048,9540,305588,5218
2021-07-15,San Diego,073,3302833,288092,285698,16212,301910,3786
2021-07-15,San Francisco,075,870044,38552,37978,1483,39461,560
2021-07-15,San Joaquin,077,732212,75194,74695,3958,78653,1430
2021-07-15,San Luis Obispo,079,281455,21605,21462,814,22276,258
2021-07-15,San Mateo,081,765935,43737,43324,544,43868,542
2021-07-15,Santa Barbara,083,443738,35091,34769,1268,36037,461
2021-07-15,Santa Clara,085,1922200,120812,119980,841,120821,2097
2021-07-15,Santa Cruz,087,273765,16428,16337,885,17222,207
2021-07-15,Shasta,089,179085,12755,12683,1748,14431,210
2021-07-15,Sierra,091,2930,64,62,14,76,0
2021-07-15,Siskiyou,093,43540,2002,1922,432,2354,29
2021-07-15,Solano,095,438530,34362,34015,643,34658,263
2021-07-15,Sonoma,097,501317,31846,31536,383,31919,322
2021-07-15,Stanislaus,099,539301,57820,57400,6381,63781,1028
2021-07-15,Sutter,101,95872,9871,9778,100,9878,114
2021-07-15,Tehama,103,63373,5166,5145,624,5769,64
2021-07-15,Trinity,105,12862,401,341,80,421,3
2021-07-15,Tulare,107,460477,50140,49937,9816,59753,854
2021-07-15,Tuolumne,109,53932,4198,4131,40,4171,64
2021-07-15,Ventura,111,848112,82523,82125,3400,85525,1041
2021-07-15,Yolo,113,214977,14524,14356,439,14795,213
2021-07-15,Yuba,115,75493,6390,6309,134,6443,52
2021-07-14,Alameda,001,1643700,92333,91092,2189,93281,1255
2021-07-14,Alpine,003,1148,89,89,0,89,0
2021-07-14,Amador,005,37829,3808,3784,35,3819,48
2021-07-14,Butte,007,227075,12927,12813,2008,14821,202
2021-07-14,Calaveras,009,45235,2257,2234,17,2251,57
2021-07-14,Colusa,011,21464,1986,1974,346,2320,16
2021-07-14,Contra Costa,013,1133247,73071,72091,1446,73537,823
2021-07-14,Del Norte,015,27424,1483,1472,10,1482,8
2021-07-14,El Dorado,017,186661,10714,10598,833,11431,114
2021-07-14,Fresno,019,978130,103712,102966,9240,112206,1728
2021-07-14,Glenn,021,27897,2456,2449,593,3042,20
2021-07-14,Humboldt,023,135768,4713,4644,56,4700,52
2021-07-14,Imperial,025,180216,28879,28822,2925,31747,742
2021-07-14,Inyo,027,18085,1420,1415,5,1420,36
2021-07-14,Kern,029,883053,98242,97736,11838,109574,1346
2021-07-14,Kings,031,150075,23289,23142,1228,24370,246
2021-07-14,Lake,033,64148,3855,3739,14,3753,63
2021-07-14,Lassen,035,31185,5309,5298,123,5421,21
2021-07-14,Los Angeles,037,10098052,1225624,1218265,45713,1263978,24578
2021-07-14,Madera,039,155013,16918,16786,994,17780,240
2021-07-14,Marin,041,260295,14441,14269,280,14549,233
2021-07-14,Mariposa,043,17540,447,445,11,456,5
2021-07-14,Mendocino,045,87422,4303,4193,83,4276,49
2021-07-14,Merced,047,269075,31558,31412,1016,32428,471
2021-07-14,Modoc,049,8938,422,412,147,559,4
2021-07-14,Mono,051,14174,1266,1278,13,1291,3
2021-07-14,Monterey,053,433212,43452,43347,1981,45328,504
2021-07-14,Napa,055,140530,10193,10121,39,10160,81
2021-07-14,Nevada,057,99092,5154,5058,203,5261,72
2021-07-14,Orange,059,3164182,259272,257558,12222,269780,5137
2021-07-14,Placer,061,380077,24360,24125,1729,25854,303
2021-07-14,Plumas,063,18699,731,719,15,734,4
2021-07-14,Riverside,065,2383286,295997,294511,15081,309592,4542
2021-07-14,Sacramento,067,1510023,111271,110193,2051,112244,1688
2021-07-14,San Benito,069,59416,6186,6177,119,6296,63
2021-07-14,San Bernardino,071,2135413,296989,295820,9525,305345,5193
2021-07-14,San Diego,073,3302833,287525,285269,16130,301399,3786
2021-07-14,San Francisco,075,870044,38413,37836,1476,39312,559
2021-07-14,San Joaquin,077,732212,75103,74599,3949,78548,1416
2021-07-14,San Luis Obispo,079,281455,21583,21444,812,22256,258
2021-07-14,San Mateo,081,765935,43640,43249,540,43789,542
2021-07-14,Santa Barbara,083,443738,35051,34719,1266,35985,461
2021-07-14,Santa Clara,085,1922200,120662,119844,838,120682,2098
2021-07-14,Santa Cruz,087,273765,16414,16326,885,17211,207
2021-07-14,Shasta,089,179085,12735,12669,1745,14414,209
2021-07-14,Sierra,091,2930,64,62,14,76,0
2021-07-14,Siskiyou,093,43540,1995,1922,429,2351,29
2021-07-14,Solano,095,438530,34290,33948,643,34591,268
2021-07-14,Sonoma,097,501317,31794,31470,383,31853,322
2021-07-14,Stanislaus,099,539301,57745,57340,6369,63709,1028
2021-07-14,Sutter,101,95872,9848,9766,100,9866,114
2021-07-14,Tehama,103,63373,5164,5142,624,5766,64
2021-07-14,Trinity,105,12862,401,341,80,421,3
2021-07-14,Tulare,107,460477,50124,49908,9801,59709,853
2021-07-14,Tuolumne,109,53932,4195,4128,39,4167,64
2021-07-14,Ventura,111,848112,82430,82041,3388,85429,1040
2021-07-14,Yolo,113,214977,14491,14332,436,14768,213
2021-07-14,Yuba,115,75493,6372,6294,134,6428,52
2021-07-13,Alameda,001,1643700,92065,90874,2178,93052,1255
2021-07-13,Alpine,003,1148,89,89,0,89,0
2021-07-13,Amador,005,37829,3801,3783,35,3818,48
2021-07-13,Butte,007,227075,12914,12802,2006,14808,202
2021-07-13,Calaveras,009,45235,2253,2230,17,2247,57
2021-07-13,Colusa,011,21464,1984,1972,342,2314,16
2021-07-13,Contra Costa,013,1133247,72847,71963,1437,73400,823
2021-07-13,Del Norte,015,27424,1481,1471,10,1481,8
2021-07-13,El Dorado,017,186661,10696,10581,830,11411,114
2021-07-13,Fresno,019,978130,103636,102909,9231,112140,1727
2021-07-13,Glenn,021,27897,2454,2448,593,3041,20
2021-07-13,Humboldt,023,135768,4698,4634,56,4690,51
2021-07-13,Imperial,025,180216,28868,28792,2925,31717,741
2021-07-13,Inyo,027,18085,1419,1415,5,1420,36
2021-07-13,Kern,029,883053,98154,97698,11798,109496,1346
2021-07-13,Kings,031,150075,23271,23132,1228,24360,246
2021-07-13,Lake,033,64148,3828,3719,13,3732,63
2021-07-13,Lassen,035,31185,5307,5292,123,5415,21
2021-07-13,Los Angeles,037,10098052,1223787,1217184,45539,1262723,24569
2021-07-13,Madera,039,155013,16909,16773,990,17763,240
2021-07-13,Marin,041,260295,14412,14254,279,14533,233
2021-07-13,Mariposa,043,17540,446,443,11,454,5
2021-07-13,Mendocino,045,87422,4296,4185,83,4268,49
2021-07-13,Merced,047,269075,31537,31379,1013,32392,471
2021-07-13,Modoc,049,8938,422,411,147,558,4
2021-07-13,Mono,051,14174,1265,1277,13,1290,3
2021-07-13,Monterey,053,433212,43434,43333,1977,45310,504
2021-07-13,Napa,055,140530,10172,10118,39,10157,81
2021-07-13,Nevada,057,99092,5129,5053,203,5256,72
2021-07-13,Orange,059,3164182,258940,257339,12192,269531,5136
2021-07-13,Placer,061,380077,24314,24091,1716,25807,303
2021-07-13,Plumas,063,18699,730,716,15,731,4
2021-07-13,Riverside,065,2383286,295675,294302,15054,309356,4541
2021-07-13,Sacramento,067,1510023,110963,109990,2029,112019,1687
2021-07-13,San Benito,069,59416,6184,6173,119,6292,63
2021-07-13,San Bernardino,071,2135413,296712,295596,9503,305099,5183
2021-07-13,San Diego,073,3302833,286983,284997,16051,301048,3785
2021-07-13,San Francisco,075,870044,38269,37725,1469,39194,559
2021-07-13,San Joaquin,077,732212,74987,74500,3945,78445,1417
2021-07-13,San Luis Obispo,079,281455,21557,21423,809,22232,258
2021-07-13,San Mateo,081,765935,43572,43180,539,43719,542
2021-07-13,Santa Barbara,083,443738,35002,34679,1263,35942,461
2021-07-13,Santa Clara,085,1922200,120507,119727,834,120561,2098
2021-07-13,Santa Cruz,087,273765,16405,16315,883,17198,207
2021-07-13,Shasta,089,179085,12722,12659,1738,14397,209
2021-07-13,Sierra,091,2930,64,62,14,76,0
2021-07-13,Siskiyou,093,43540,1994,1916,427,2343,29
2021-07-13,Solano,095,438530,34228,33918,637,34555,268
2021-07-13,Sonoma,097,501317,31735,31431,383,31814,322
2021-07-13,Stanislaus,099,539301,57677,57282,6355,63637,1028
2021-07-13,Sutter,101,95872,9830,9752,99,9851,114
2021-07-13,Tehama,103,63373,5157,5144,624,5768,64
2021-07-13,Trinity,105,12862,401,341,79,420,3
2021-07-13,Tulare,107,460477,50100,49891,9785,59676,853
2021-07-13,Tuolumne,109,53932,4187,4122,38,4160,64
2021-07-13,Ventura,111,848112,82347,81982,3362,85344,1040
2021-07-13,Yolo,113,214977,14463,14320,429,14749,213
2021-07-13,Yuba,115,75493,6356,6279,134,6413,52
2021-07-12,Alameda,001,1643700,91808,90720,2170,92890,1254
2021-07-12,Alpine,003,1148,89,89,0,89,0
2021-07-12,Amador,005,37829,3794,3781,35,3816,47
2021-07-12,Butte,007,227075,12894,12796,2004,14800,202
2021-07-12,Calaveras,009,45235,2250,2228,17,2245,57
2021-07-12,Colusa,011,21464,1980,1971,341,2312,16
2021-07-12,Contra Costa,013,1133247,72645,71833,1432,73265,823
2021-07-12,Del Norte,015,27424,1478,1469,10,1479,8
2021-07-12,El Dorado,017,186661,10667,10569,828,11397,114
2021-07-12,Fresno,019,978130,103543,102853,9219,112072,1728
2021-07-12,Glenn,021,27897,2454,2446,593,3039,20
2021-07-12,Humboldt,023,135768,4682,4621,56,4677,51
2021-07-12,Imperial,025,180216,28838,28789,2925,31714,741
2021-07-12,Inyo,027,18085,1419,1415,5,1420,36
2021-07-12,Kern,029,883053,98085,97660,11773,109433,1346
2021-07-12,Kings,031,150075,23251,23124,1226,24350,246
2021-07-12,Lake,033,64148,3807,3706,13,3719,63
2021-07-12,Lassen,035,31185,5306,5292,123,5415,21
2021-07-12,Los Angeles,037,10098052,1222013,1216230,45394,1261624,24559
2021-07-12,Madera,039,155013,16898,16772,990,17762,240
2021-07-12,Marin,041,260295,14387,14238,278,14516,233
2021-07-12,Mariposa,043,17540,446,442,11,453,5
2021-07-12,Mendocino,045,87422,4285,4175,83,4258,49
2021-07-12,Merced,047,269075,31506,31374,1012,32386,471
2021-07-12,Modoc,049,8938,421,411,147,558,4
2021-07-12,Mono,051,14174,1263,1275,13,1288,3
2021-07-12,Monterey,053,433212,43413,43315,1973,45288,504
2021-07-12,Napa,055,140530,10154,10104,38,10142,81
2021-07-12,Nevada,057,99092,5106,5046,203,5249,72
2021-07-12,Orange,059,3164182,258588,257171,12167,269338,5136
2021-07-12,Placer,061,380077,24264,24052,1710,25762,302
2021-07-12,Plumas,063,18699,730,716,15,731,4
2021-07-12,Riverside,065,2383286,295367,294108,15024,309132,4541
2021-07-12,Sacramento,067,1510023,110747,109849,2003,111852,1685
2021-07-12,San Benito,069,59416,6181,6166,119,6285,63
2021-07-12,San Bernardino,071,2135413,296444,295447,9489,304936,5171
2021-07-12,San Diego,073,3302833,286519,284648,15975,300623,3785
2021-07-12,San Francisco,075,870044,38122,37656,1465,39121,559
2021-07-12,San Joaquin,077,732212,74892,74424,3935,78359,1415
2021-07-12,San Luis Obispo,079,281455,21538,21408,808,22216,258
2021-07-12,San Mateo,081,765935,43479,43138,532,43670,542
2021-07-12,Santa Barbara,083,443738,34960,34664,1261,35925,461
2021-07-12,Santa Clara,085,1922200,120343,119634,831,120465,2098
2021-07-12,Santa Cruz,087,273765,16380,16310,882,17192,207
2021-07-12,Shasta,089,179085,12714,12648,1735,14383,208
2021-07-12,Sierra,091,2930,64,62,14,76,0
2021-07-12,Siskiyou,093,43540,1989,1916,422,2338,29
2021-07-12,Solano,095,438530,34142,33859,628,34487,268
2021-07-12,Sonoma,097,501317,31687,31377,382,31759,322
2021-07-12,Stanislaus,099,539301,57604,57243,6348,63591,1028
2021-07-12,Sutter,101,95872,9813,9736,98,9834,114
2021-07-12,Tehama,103,63373,5152,5138,623,5761,63
2021-07-12,Trinity,105,12862,397,340,77,417,3
2021-07-12,Tulare,107,460477,50073,49882,9771,59653,853
2021-07-12,Tuolumne,109,53932,4183,4116,38,4154,64
2021-07-12,Ventura,111,848112,82247,81919,3340,85259,1040
2021-07-12,Yolo,113,214977,14434,14303,425,14728,213
2021-07-12,Yuba,115,75493,6341,6266,134,6400,52
2021-07-11,Alameda,001,1643700,91480,90597,2155,92752,1254
2021-07-11,Alpine,003,1148,89,89,0,89,0
2021-07-11,Amador,005,37829,3792,3779,35,3814,47
2021-07-11,Butte,007,227075,12873,12794,1997,14791,202
2021-07-11,Calaveras,009,45235,2242,2226,16,2242,57
2021-07-11,Colusa,011,21464,1980,1971,340,2311,16
2021-07-11,Contra Costa,013,1133247,72435,71744,1425,73169,823
2021-07-11,Del Norte,015,27424,1474,1467,9,1476,8
2021-07-11,El Dorado,017,186661,10638,10554,826,11380,114
2021-07-11,Fresno,019,978130,103448,102813,9200,112013,1728
2021-07-11,Glenn,021,27897,2453,2446,593,3039,20
2021-07-11,Humboldt,023,135768,4669,4611,55,4666,51
2021-07-11,Imperial,025,180216,28820,28787,2924,31711,741
2021-07-11,Inyo,027,18085,1417,1415,5,1420,36
2021-07-11,Kern,029,883053,98012,97637,11757,109394,1346
2021-07-11,Kings,031,150075,23220,23116,1223,24339,246
2021-07-11,Lake,033,64148,3776,3699,13,3712,63
2021-07-11,Lassen,035,31185,5303,5291,123,5414,21
2021-07-11,Los Angeles,037,10098052,1220274,1215182,45231,1260413,24558
2021-07-11,Madera,039,155013,16880,16766,989,17755,240
2021-07-11,Marin,041,260295,14361,14231,278,14509,233
2021-07-11,Mariposa,043,17540,445,442,11,453,5
2021-07-11,Mendocino,045,87422,4265,4167,83,4250,49
2021-07-11,Merced,047,269075,31482,31366,1007,32373,471
2021-07-11,Modoc,049,8938,420,411,147,558,4
2021-07-11,Mono,051,14174,1263,1275,13,1288,3
2021-07-11,Monterey,053,433212,43395,43307,1968,45275,504
2021-07-11,Napa,055,140530,10150,10100,38,10138,81
2021-07-11,Nevada,057,99092,5095,5035,202,5237,72
2021-07-11,Orange,059,3164182,258277,257009,12138,269147,5136
2021-07-11,Placer,061,380077,24207,24017,1698,25715,302
2021-07-11,Plumas,063,18699,730,716,15,731,4
2021-07-11,Riverside,065,2383286,295104,293969,15006,308975,4541
2021-07-11,Sacramento,067,1510023,110469,109696,1993,111689,1685
2021-07-11,San Benito,069,59416,6176,6163,119,6282,63
2021-07-11,San Bernardino,071,2135413,296139,295342,9465,304807,5167
2021-07-11,San Diego,073,3302833,286106,283819,15890,299709,3784
2021-07-11,San Francisco,075,870044,37994,37596,1459,39055,559
2021-07-11,San Joaquin,077,732212,74777,74376,3918,78294,1415
2021-07-11,San Luis Obispo,079,281455,21504,21403,807,22210,258
2021-07-11,San Mateo,081,765935,43399,43107,525,43632,542
2021-07-11,Santa Barbara,083,443738,34914,34646,1261,35907,461
2021-07-11,Santa Clara,085,1922200,120189,119549,830,120379,2098
2021-07-11,Santa Cruz,087,273765,16364,16303,882,17185,207
2021-07-11,Shasta,089,179085,12697,12647,1733,14380,208
2021-07-11,Sierra,091,2930,64,62,14,76,0
2021-07-11,Siskiyou,093,43540,1985,1915,420,2335,29
2021-07-11,Solano,095,438530,34064,33837,624,34461,268
2021-07-11,Sonoma,097,501317,31605,31352,382,31734,322
2021-07-11,Stanislaus,099,539301,57531,57230,6336,63566,1028
2021-07-11,Sutter,101,95872,9799,9728,98,9826,114
2021-07-11,Tehama,103,63373,5149,5138,623,5761,63
2021-07-11,Trinity,105,12862,396,340,77,417,3
2021-07-11,Tulare,107,460477,50049,49877,9751,59628,853
2021-07-11,Tuolumne,109,53932,4177,4116,38,4154,64
2021-07-11,Ventura,111,848112,82175,81875,3320,85195,1040
2021-07-11,Yolo,113,214977,14410,14285,417,14702,213
2021-07-11,Yuba,115,75493,6330,6260,134,6394,52
2021-07-10,Alameda,001,1643700,91330,90090,2152,92242,1252
2021-07-10,Alpine,003,1148,89,89,0,89,0
2021-07-10,Amador,005,37829,3786,3773,35,3808,47
2021-07-10,Butte,007,227075,12862,12764,1994,14758,202
2021-07-10,Calaveras,009,45235,2241,2214,16,2230,57
2021-07-10,Colusa,011,21464,1978,1969,340,2309,16
2021-07-10,Contra Costa,013,1133247,72336,71376,1424,72800,821
2021-07-10,Del Norte,015,27424,1472,1451,9,1460,8
2021-07-10,El Dorado,017,186661,10622,10508,822,11330,114
2021-07-10,Fresno,019,978130,103415,102675,9193,111868,1730
2021-07-10,Glenn,021,27897,2450,2440,592,3032,20
2021-07-10,Humboldt,023,135768,4660,4574,55,4629,51
2021-07-10,Imperial,025,180216,28807,28729,2924,31653,741
2021-07-10,Inyo,027,18085,1416,1415,5,1420,36
2021-07-10,Kern,029,883053,97973,97538,11739,109277,1346
2021-07-10,Kings,031,150075,23213,23090,1222,24312,246
2021-07-10,Lake,033,64148,3759,3667,13,3680,63
2021-07-10,Lassen,035,31185,5303,5290,123,5413,21
2021-07-10,Los Angeles,037,10098052,1219259,1212043,45126,1257169,24542
2021-07-10,Madera,039,155013,16874,16744,986,17730,241
2021-07-10,Marin,041,260295,14347,14194,278,14472,233
2021-07-10,Mariposa,043,17540,445,442,11,453,5
2021-07-10,Mendocino,045,87422,4258,4153,82,4235,49
2021-07-10,Merced,047,269075,31469,31328,1007,32335,470
2021-07-10,Modoc,049,8938,420,410,147,557,4
2021-07-10,Mono,051,14174,1263,1275,13,1288,3
2021-07-10,Monterey,053,433212,43381,43251,1966,45217,499
2021-07-10,Napa,055,140530,10138,10077,38,10115,81
2021-07-10,Nevada,057,99092,5086,5000,202,5202,72
2021-07-10,Orange,059,3164182,258104,256438,12122,268560,5135
2021-07-10,Placer,061,380077,24178,23916,1688,25604,302
2021-07-10,Plumas,063,18699,729,717,15,732,4
2021-07-10,Riverside,065,2383286,294918,293474,14992,308466,4541
2021-07-10,Sacramento,067,1510023,110320,109091,1988,111079,1682
2021-07-10,San Benito,069,59416,6171,6141,119,6260,63
2021-07-10,San Bernardino,071,2135413,295951,294932,9453,304385,5117
2021-07-10,San Diego,073,3302833,285816,283577,15837,299414,3783
2021-07-10,San Francisco,075,870044,37911,37338,1454,38792,559
2021-07-10,San Joaquin,077,732212,74720,74150,3912,78062,1412
2021-07-10,San Luis Obispo,079,281455,21493,21375,806,22181,258
2021-07-10,San Mateo,081,765935,43349,42948,523,43471,542
2021-07-10,Santa Barbara,083,443738,34888,34595,1261,35856,460
2021-07-10,Santa Clara,085,1922200,120086,119330,827,120157,2094
2021-07-10,Santa Cruz,087,273765,16357,16286,882,17168,207
2021-07-10,Shasta,089,179085,12684,12623,1728,14351,206
2021-07-10,Sierra,091,2930,64,61,14,75,0
2021-07-10,Siskiyou,093,43540,1983,1909,417,2326,29
2021-07-10,Solano,095,438530,34024,33678,618,34296,268
2021-07-10,Sonoma,097,501317,31554,31231,382,31613,317
2021-07-10,Stanislaus,099,539301,57490,57104,6326,63430,1026
2021-07-10,Sutter,101,95872,9786,9692,98,9790,114
2021-07-10,Tehama,103,63373,5146,5131,623,5754,63
2021-07-10,Trinity,105,12862,396,341,77,418,3
2021-07-10,Tulare,107,460477,50039,49850,9745,59595,853
2021-07-10,Tuolumne,109,53932,4175,4114,38,4152,64
2021-07-10,Ventura,111,848112,82130,81713,3302,85015,1039
2021-07-10,Yolo,113,214977,14389,14250,414,14664,213
2021-07-10,Yuba,115,75493,6320,6238,134,6372,52
2021-07-09,Alameda,001,1643700,91178,90090,2146,92236,1252
2021-07-09,Alpine,003,1148,89,89,0,89,0
2021-07-09,Amador,005,37829,3785,3773,35,3808,47
2021-07-09,Butte,007,227075,12851,12764,1992,14756,202
2021-07-09,Calaveras,009,45235,2239,2214,16,2230,57
2021-07-09,Colusa,011,21464,1977,1969,340,2309,16
2021-07-09,Contra Costa,013,1133247,72211,71376,1423,72799,821
2021-07-09,Del Norte,015,27424,1468,1451,9,1460,8
2021-07-09,El Dorado,017,186661,10607,10508,821,11329,114
2021-07-09,Fresno,019,978130,103359,102675,9186,111861,1730
2021-07-09,Glenn,021,27897,2449,2440,590,3030,20
2021-07-09,Humboldt,023,135768,4641,4574,55,4629,51
2021-07-09,Imperial,025,180216,28799,28729,2923,31652,741
2021-07-09,Inyo,027,18085,1415,1415,5,1420,36
2021-07-09,Kern,029,883053,97935,97538,11727,109265,1346
2021-07-09,Kings,031,150075,23203,23090,1221,24311,246
2021-07-09,Lake,033,64148,3745,3667,13,3680,63
2021-07-09,Lassen,035,31185,5301,5290,122,5412,21
2021-07-09,Los Angeles,037,10098052,1218260,1212043,45049,1257092,24542
2021-07-09,Madera,039,155013,16865,16744,985,17729,241
2021-07-09,Marin,041,260295,14327,14194,276,14470,233
2021-07-09,Mariposa,043,17540,445,442,11,453,5
2021-07-09,Mendocino,045,87422,4251,4153,82,4235,49
2021-07-09,Merced,047,269075,31454,31328,1007,32335,470
2021-07-09,Modoc,049,8938,420,410,147,557,4
2021-07-09,Mono,051,14174,1263,1275,13,1288,3
2021-07-09,Monterey,053,433212,43372,43251,1966,45217,499
2021-07-09,Napa,055,140530,10131,10077,38,10115,81
2021-07-09,Nevada,057,99092,5077,5000,202,5202,72
2021-07-09,Orange,059,3164182,257900,256438,12107,268545,5135
2021-07-09,Placer,061,380077,24156,23916,1682,25598,302
2021-07-09,Plumas,063,18699,727,717,15,732,4
2021-07-09,Riverside,065,2383286,294731,293474,14978,308452,4541
2021-07-09,Sacramento,067,1510023,110167,109091,1980,111071,1682
2021-07-09,San Benito,069,59416,6169,6141,119,6260,63
2021-07-09,San Bernardino,071,2135413,295800,294932,9446,304378,5117
2021-07-09,San Diego,073,3302833,285530,283577,15789,299366,3783
2021-07-09,San Francisco,075,870044,37832,37338,1447,38785,559
2021-07-09,San Joaquin,077,732212,74648,74150,3904,78054,1412
2021-07-09,San Luis Obispo,079,281455,21481,21375,806,22181,258
2021-07-09,San Mateo,081,765935,43303,42948,519,43467,542
2021-07-09,Santa Barbara,083,443738,34868,34595,1260,35855,460
2021-07-09,Santa Clara,085,1922200,119975,119330,827,120157,2094
2021-07-09,Santa Cruz,087,273765,16354,16286,882,17168,207
2021-07-09,Shasta,089,179085,12678,12623,1723,14346,206
2021-07-09,Sierra,091,2930,64,61,14,75,0
2021-07-09,Siskiyou,093,43540,1981,1909,416,2325,29
2021-07-09,Solano,095,438530,33989,33678,614,34292,268
2021-07-09,Sonoma,097,501317,31518,31231,382,31613,317
2021-07-09,Stanislaus,099,539301,57448,57104,6324,63428,1026
2021-07-09,Sutter,101,95872,9777,9692,98,9790,114
2021-07-09,Tehama,103,63373,5144,5131,623,5754,63
2021-07-09,Trinity,105,12862,395,341,74,415,3
2021-07-09,Tulare,107,460477,50026,49850,9739,59589,853
2021-07-09,Tuolumne,109,53932,4172,4114,38,4152,64
2021-07-09,Ventura,111,848112,82075,81713,3293,85006,1039
2021-07-09,Yolo,113,214977,14374,14250,410,14660,213
2021-07-09,Yuba,115,75493,6307,6238,134,6372,52
2021-07-08,Alameda,001,1643700,90968,90090,2141,92231,1252
2021-07-08,Alpine,003,1148,89,89,0,89,0
2021-07-08,Amador,005,37829,3783,3773,35,3808,47
2021-07-08,Butte,007,227075,12838,12764,1989,14753,202
2021-07-08,Calaveras,009,45235,2234,2214,15,2229,57
2021-07-08,Colusa,011,21464,1977,1969,340,2309,16
2021-07-08,Contra Costa,013,1133247,72083,71376,1418,72794,821
2021-07-08,Del Norte,015,27424,1466,1451,9,1460,8
2021-07-08,El Dorado,017,186661,10590,10508,816,11324,114
2021-07-08,Fresno,019,978130,103299,102675,9174,111849,1730
2021-07-08,Glenn,021,27897,2449,2440,590,3030,20
2021-07-08,Humboldt,023,135768,4626,4574,54,4628,51
2021-07-08,Imperial,025,180216,28786,28729,2922,31651,741
2021-07-08,Inyo,027,18085,1415,1415,5,1420,36
2021-07-08,Kern,029,883053,97891,97538,11709,109247,1346
2021-07-08,Kings,031,150075,23194,23090,1221,24311,246
2021-07-08,Lake,033,64148,3731,3667,13,3680,63
2021-07-08,Lassen,035,31185,5298,5290,122,5412,21
2021-07-08,Los Angeles,037,10098052,1217053,1212043,44951,1256994,24542
2021-07-08,Madera,039,155013,16850,16744,985,17729,241
2021-07-08,Marin,041,260295,14312,14194,276,14470,233
2021-07-08,Mariposa,043,17540,444,442,11,453,5
2021-07-08,Mendocino,045,87422,4248,4153,82,4235,49
2021-07-08,Merced,047,269075,31440,31328,1005,32333,470
2021-07-08,Modoc,049,8938,420,410,147,557,4
2021-07-08,Mono,051,14174,1263,1275,13,1288,3
2021-07-08,Monterey,053,433212,43352,43251,1960,45211,499
2021-07-08,Napa,055,140530,10127,10077,38,10115,81
2021-07-08,Nevada,057,99092,5071,5000,202,5202,72
2021-07-08,Orange,059,3164182,257706,256438,12086,268524,5135
2021-07-08,Placer,061,380077,24117,23916,1674,25590,302
2021-07-08,Plumas,063,18699,726,717,15,732,4
2021-07-08,Riverside,065,2383286,294530,293474,14962,308436,4541
2021-07-08,Sacramento,067,1510023,109948,109091,1973,111064,1682
2021-07-08,San Benito,069,59416,6166,6141,119,6260,63
2021-07-08,San Bernardino,071,2135413,295626,294932,9437,304369,5117
2021-07-08,San Diego,073,3302833,285202,283577,15741,299318,3783
2021-07-08,San Francisco,075,870044,37753,37338,1442,38780,559
2021-07-08,San Joaquin,077,732212,74560,74150,3893,78043,1412
2021-07-08,San Luis Obispo,079,281455,21469,21375,803,22178,258
2021-07-08,San Mateo,081,765935,43253,42948,518,43466,542
2021-07-08,Santa Barbara,083,443738,34842,34595,1258,35853,460
2021-07-08,Santa Clara,085,1922200,119882,119330,826,120156,2094
2021-07-08,Santa Cruz,087,273765,16348,16286,882,17168,207
2021-07-08,Shasta,089,179085,12672,12623,1719,14342,206
2021-07-08,Sierra,091,2930,64,61,14,75,0
2021-07-08,Siskiyou,093,43540,1976,1909,413,2322,29
2021-07-08,Solano,095,438530,33937,33678,606,34284,268
2021-07-08,Sonoma,097,501317,31487,31231,381,31612,317
2021-07-08,Stanislaus,099,539301,57414,57104,6319,63423,1026
2021-07-08,Sutter,101,95872,9762,9692,96,9788,114
2021-07-08,Tehama,103,63373,5141,5131,622,5753,63
2021-07-08,Trinity,105,12862,395,341,74,415,3
2021-07-08,Tulare,107,460477,50009,49850,9730,59580,853
2021-07-08,Tuolumne,109,53932,4170,4114,38,4152,64
2021-07-08,Ventura,111,848112,82011,81713,3276,84989,1039
2021-07-08,Yolo,113,214977,14356,14250,408,14658,213
2021-07-08,Yuba,115,75493,6299,6238,134,6372,52
2021-07-07,Alameda,001,1643700,90784,89995,2135,92130,1253
2021-07-07,Alpine,003,1148,89,89,0,89,0
2021-07-07,Amador,005,37829,3778,3770,35,3805,47
2021-07-07,Butte,007,227075,12825,12750,1984,14734,202
2021-07-07,Calaveras,009,45235,2230,2212,15,2227,57
2021-07-07,Colusa,011,21464,1973,1969,340,2309,16
2021-07-07,Contra Costa,013,1133247,71938,71308,1416,72724,821
2021-07-07,Del Norte,015,27424,1461,1446,9,1455,8
2021-07-07,El Dorado,017,186661,10570,10494,814,11308,114
2021-07-07,Fresno,019,978130,103249,102639,9167,111806,1729
2021-07-07,Glenn,021,27897,2449,2441,590,3031,20
2021-07-07,Humboldt,023,135768,4612,4566,54,4620,51
2021-07-07,Imperial,025,180216,28779,28701,2922,31623,740
2021-07-07,Inyo,027,18085,1414,1415,5,1420,36
2021-07-07,Kern,029,883053,97849,97507,11693,109200,1348
2021-07-07,Kings,031,150075,23181,23085,1218,24303,245
2021-07-07,Lake,033,64148,3712,3660,13,3673,63
2021-07-07,Lassen,035,31185,5298,5286,122,5408,21
2021-07-07,Los Angeles,037,10098052,1215883,1211316,44840,1256156,24531
2021-07-07,Madera,039,155013,16840,16733,983,17716,241
2021-07-07,Marin,041,260295,14293,14183,275,14458,233
2021-07-07,Mariposa,043,17540,442,442,11,453,5
2021-07-07,Mendocino,045,87422,4239,4145,82,4227,49
2021-07-07,Merced,047,269075,31425,31317,1005,32322,470
2021-07-07,Modoc,049,8938,420,410,147,557,4
2021-07-07,Mono,051,14174,1262,1274,13,1287,3
2021-07-07,Monterey,053,433212,43328,43233,1958,45191,494
2021-07-07,Napa,055,140530,10116,10078,38,10116,81
2021-07-07,Nevada,057,99092,5064,4996,202,5198,72
2021-07-07,Orange,059,3164182,257479,256301,12063,268364,5132
2021-07-07,Placer,061,380077,24081,23901,1664,25565,302
2021-07-07,Plumas,063,18699,726,710,15,725,4
2021-07-07,Riverside,065,2383286,294316,293331,14951,308282,4538
2021-07-07,Sacramento,067,1510023,109759,108954,1965,110919,1682
2021-07-07,San Benito,069,59416,6161,6137,119,6256,63
2021-07-07,San Bernardino,071,2135413,295458,294787,9430,304217,5087
2021-07-07,San Diego,073,3302833,284884,283377,15701,299078,3782
2021-07-07,San Francisco,075,870044,37661,37284,1439,38723,558
2021-07-07,San Joaquin,077,732212,74484,74095,3877,77972,1410
2021-07-07,San Luis Obispo,079,281455,21460,21360,801,22161,258
2021-07-07,San Mateo,081,765935,43198,42908,515,43423,542
2021-07-07,Santa Barbara,083,443738,34816,34582,1258,35840,460
2021-07-07,Santa Clara,085,1922200,119784,119250,825,120075,2094
2021-07-07,Santa Cruz,087,273765,16339,16279,881,17160,207
2021-07-07,Shasta,089,179085,12664,12613,1716,14329,206
2021-07-07,Sierra,091,2930,64,60,14,74,0
2021-07-07,Siskiyou,093,43540,1970,1908,409,2317,29
2021-07-07,Solano,095,438530,33889,33659,599,34258,268
2021-07-07,Sonoma,097,501317,31440,31172,381,31553,316
2021-07-07,Stanislaus,099,539301,57369,57102,6314,63416,1028
2021-07-07,Sutter,101,95872,9752,9683,96,9779,114
2021-07-07,Tehama,103,63373,5140,5129,622,5751,63
2021-07-07,Trinity,105,12862,395,341,74,415,3
2021-07-07,Tulare,107,460477,50005,49835,9721,59556,853
2021-07-07,Tuolumne,109,53932,4166,4115,37,4152,64
2021-07-07,Ventura,111,848112,81968,81608,3261,84869,1036
2021-07-07,Yolo,113,214977,14346,14236,405,14641,213
2021-07-07,Yuba,115,75493,6283,6233,134,6367,51
2021-07-06,Alameda,001,1643700,90589,89918,2126,92044,1253
2021-07-06,Alpine,003,1148,89,89,0,89,0
2021-07-06,Amador,005,37829,3777,3768,34,3802,47
2021-07-06,Butte,007,227075,12812,12744,1981,14725,201
2021-07-06,Calaveras,009,45235,2230,2211,15,2226,55
2021-07-06,Colusa,011,21464,1972,1967,337,2304,16
2021-07-06,Contra Costa,013,1133247,71809,71262,1414,72676,820
2021-07-06,Del Norte,015,27424,1457,1445,9,1454,8
2021-07-06,El Dorado,017,186661,10552,10484,813,11297,113
2021-07-06,Fresno,019,978130,103197,102616,9156,111772,1727
2021-07-06,Glenn,021,27897,2448,2438,590,3028,20
2021-07-06,Humboldt,023,135768,4598,4565,53,4618,49
2021-07-06,Imperial,025,180216,28764,28693,2920,31613,739
2021-07-06,Inyo,027,18085,1414,1412,5,1417,36
2021-07-06,Kern,029,883053,97808,97491,11682,109173,1346
2021-07-06,Kings,031,150075,23173,23077,1217,24294,245
2021-07-06,Lake,033,64148,3702,3659,13,3672,63
2021-07-06,Lassen,035,31185,5297,5288,121,5409,21
2021-07-06,Los Angeles,037,10098052,1214674,1210965,44740,1255705,24525
2021-07-06,Madera,039,155013,16829,16730,983,17713,241
2021-07-06,Marin,041,260295,14279,14181,275,14456,233
2021-07-06,Mariposa,043,17540,442,442,11,453,5
2021-07-06,Mendocino,045,87422,4232,4143,82,4225,49
2021-07-06,Merced,047,269075,31408,31317,1004,32321,470
2021-07-06,Modoc,049,8938,420,411,147,558,4
2021-07-06,Mono,051,14174,1260,1274,13,1287,3
2021-07-06,Monterey,053,433212,43306,43224,1957,45181,494
2021-07-06,Napa,055,140530,10105,10081,38,10119,81
2021-07-06,Nevada,057,99092,5055,4988,202,5190,72
2021-07-06,Orange,059,3164182,257237,256227,12046,268273,5129
2021-07-06,Placer,061,380077,24040,23876,1658,25534,302
2021-07-06,Plumas,063,18699,725,708,15,723,4
2021-07-06,Riverside,065,2383286,294110,293227,14933,308160,4539
2021-07-06,Sacramento,067,1510023,109548,108850,1957,110807,1679
2021-07-06,San Benito,069,59416,6157,6137,119,6256,63
2021-07-06,San Bernardino,071,2135413,295283,294712,9417,304129,5056
2021-07-06,San Diego,073,3302833,284529,283278,15642,298920,3782
2021-07-06,San Francisco,075,870044,37545,37251,1436,38687,558
2021-07-06,San Joaquin,077,732212,74415,74019,3865,77884,1410
2021-07-06,San Luis Obispo,079,281455,21443,21354,800,22154,257
2021-07-06,San Mateo,081,765935,43123,42895,515,43410,541
2021-07-06,Santa Barbara,083,443738,34798,34572,1256,35828,460
2021-07-06,Santa Clara,085,1922200,119666,119194,822,120016,2095
2021-07-06,Santa Cruz,087,273765,16334,16274,880,17154,207
2021-07-06,Shasta,089,179085,12654,12606,1714,14320,205
2021-07-06,Sierra,091,2930,63,60,14,74,0
2021-07-06,Siskiyou,093,43540,1967,1905,405,2310,29
2021-07-06,Solano,095,438530,33839,33619,596,34215,268
2021-07-06,Sonoma,097,501317,31376,31130,380,31510,316
2021-07-06,Stanislaus,099,539301,57307,57120,6302,63422,1029
2021-07-06,Sutter,101,95872,9743,9674,95,9769,114
2021-07-06,Tehama,103,63373,5137,5126,621,5747,63
2021-07-06,Trinity,105,12862,395,341,74,415,3
2021-07-06,Tulare,107,460477,49990,49826,9710,59536,853
2021-07-06,Tuolumne,109,53932,4164,4113,37,4150,64
2021-07-06,Ventura,111,848112,81928,81534,3235,84769,1033
2021-07-06,Yolo,113,214977,14325,14227,400,14627,213
2021-07-06,Yuba,115,75493,6272,6231,134,6365,51
2021-07-05,Alameda,001,1643700,90412,89892,2120,92012,1253
2021-07-05,Alpine,003,1148,89,89,0,89,0
2021-07-05,Amador,005,37829,3775,3768,34,3802,47
2021-07-05,Butte,007,227075,12804,12740,1971,14711,201
2021-07-05,Calaveras,009,45235,2228,2211,15,2226,55
2021-07-05,Colusa,011,21464,1970,1966,336,2302,16
2021-07-05,Contra Costa,013,1133247,71683,71235,1414,72649,820
2021-07-05,Del Norte,015,27424,1453,1446,9,1455,8
2021-07-05,El Dorado,017,186661,10527,10481,813,11294,113
2021-07-05,Fresno,019,978130,103140,102592,9138,111730,1727
2021-07-05,Glenn,021,27897,2445,2438,589,3027,20
2021-07-05,Humboldt,023,135768,4584,4563,53,4616,49
2021-07-05,Imperial,025,180216,28746,28689,2920,31609,739
2021-07-05,Inyo,027,18085,1414,1412,5,1417,36
2021-07-05,Kern,029,883053,97760,97479,11661,109140,1346
2021-07-05,Kings,031,150075,23165,23065,1214,24279,245
2021-07-05,Lake,033,64148,3684,3645,13,3658,63
2021-07-05,Lassen,035,31185,5294,5288,120,5408,21
2021-07-05,Los Angeles,037,10098052,1213493,1210653,44634,1255287,24522
2021-07-05,Madera,039,155013,16818,16722,982,17704,241
2021-07-05,Marin,041,260295,14257,14178,275,14453,233
2021-07-05,Mariposa,043,17540,442,441,11,452,5
2021-07-05,Mendocino,045,87422,4227,4139,82,4221,49
2021-07-05,Merced,047,269075,31388,31312,1004,32316,470
2021-07-05,Modoc,049,8938,420,410,147,557,4
2021-07-05,Mono,051,14174,1260,1273,13,1286,3
2021-07-05,Monterey,053,433212,43286,43218,1952,45170,494
2021-07-05,Napa,055,140530,10099,10074,38,10112,81
2021-07-05,Nevada,057,99092,5037,4980,201,5181,72
2021-07-05,Orange,059,3164182,257036,256173,12027,268200,5129
2021-07-05,Placer,061,380077,23993,23867,1650,25517,302
2021-07-05,Plumas,063,18699,724,708,15,723,4
2021-07-05,Riverside,065,2383286,293917,293193,14920,308113,4539
2021-07-05,Sacramento,067,1510023,109366,108758,1948,110706,1679
2021-07-05,San Benito,069,59416,6150,6137,119,6256,63
2021-07-05,San Bernardino,071,2135413,295122,294647,9410,304057,5037
2021-07-05,San Diego,073,3302833,284169,282834,15597,298431,3782
2021-07-05,San Francisco,075,870044,37458,37237,1431,38668,558
2021-07-05,San Joaquin,077,732212,74345,73999,3859,77858,1410
2021-07-05,San Luis Obispo,079,281455,21430,21351,799,22150,257
2021-07-05,San Mateo,081,765935,43071,42876,512,43388,541
2021-07-05,Santa Barbara,083,443738,34778,34569,1256,35825,460
2021-07-05,Santa Clara,085,1922200,119562,119184,820,120004,2095
2021-07-05,Santa Cruz,087,273765,16324,16273,879,17152,208
2021-07-05,Shasta,089,179085,12645,12603,1712,14315,205
2021-07-05,Sierra,091,2930,63,60,14,74,0
2021-07-05,Siskiyou,093,43540,1966,1904,403,2307,29
2021-07-05,Solano,095,438530,33770,33612,590,34202,268
2021-07-05,Sonoma,097,501317,31323,31116,380,31496,316
2021-07-05,Stanislaus,099,539301,57271,57109,6292,63401,1029
2021-07-05,Sutter,101,95872,9731,9667,95,9762,114
2021-07-05,Tehama,103,63373,5136,5125,621,5746,63
2021-07-05,Trinity,105,12862,394,341,73,414,3
2021-07-05,Tulare,107,460477,49972,49818,9707,59525,853
2021-07-05,Tuolumne,109,53932,4160,4112,37,4149,64
2021-07-05,Ventura,111,848112,81879,81519,3214,84733,1033
2021-07-05,Yolo,113,214977,14307,14225,391,14616,213
2021-07-05,Yuba,115,75493,6264,6223,134,6357,51
2021-07-04,Alameda,001,1643700,90245,89683,2116,91799,1253
2021-07-04,Alpine,003,1148,89,89,0,89,0
2021-07-04,Amador,005,37829,3774,3758,34,3792,46
2021-07-04,Butte,007,227075,12794,12684,1971,14655,201
2021-07-04,Calaveras,009,45235,2228,2200,15,2215,55
2021-07-04,Colusa,011,21464,1970,1969,336,2305,15
2021-07-04,Contra Costa,013,1133247,71577,70941,1409,72350,818
2021-07-04,Del Norte,015,27424,1450,1439,9,1448,8
2021-07-04,El Dorado,017,186661,10518,10433,812,11245,113
2021-07-04,Fresno,019,978130,103096,102512,9119,111631,1727
2021-07-04,Glenn,021,27897,2443,2442,588,3030,20
2021-07-04,Humboldt,023,135768,4576,4530,53,4583,49
2021-07-04,Imperial,025,180216,28740,28661,2920,31581,739
2021-07-04,Inyo,027,18085,1414,1412,5,1417,35
2021-07-04,Kern,029,883053,97742,97421,11651,109072,1347
2021-07-04,Kings,031,150075,23158,23051,1214,24265,245
2021-07-04,Lake,033,64148,3674,3623,13,3636,62
2021-07-04,Lassen,035,31185,5293,5277,120,5397,20
2021-07-04,Los Angeles,037,10098052,1212648,1208705,44541,1253246,24506
2021-07-04,Madera,039,155013,16806,16696,980,17676,240
2021-07-04,Marin,041,260295,14242,14143,275,14418,233
2021-07-04,Mariposa,043,17540,442,441,11,452,5
2021-07-04,Mendocino,045,87422,4217,4122,82,4204,49
2021-07-04,Merced,047,269075,31377,31297,1004,32301,469
2021-07-04,Modoc,049,8938,420,410,147,557,4
2021-07-04,Mono,051,14174,1260,1275,13,1288,3
2021-07-04,Monterey,053,433212,43270,43212,1951,45163,492
2021-07-04,Napa,055,140530,10091,10045,37,10082,81
2021-07-04,Nevada,057,99092,5028,4966,201,5167,72
2021-07-04,Orange,059,3164182,256861,255823,12006,267829,5126
2021-07-04,Placer,061,380077,23956,23764,1643,25407,299
2021-07-04,Plumas,063,18699,724,707,15,722,4
2021-07-04,Riverside,065,2383286,293759,293260,14912,308172,4536
2021-07-04,Sacramento,067,1510023,109197,108257,1942,110199,1676
2021-07-04,San Benito,069,59416,6143,6108,119,6227,63
2021-07-04,San Bernardino,071,2135413,294955,294294,9403,303697,5003
2021-07-04,San Diego,073,3302833,283945,282692,15559,298251,3780
2021-07-04,San Francisco,075,870044,37402,37107,1425,38532,558
2021-07-04,San Joaquin,077,732212,74279,73841,3851,77692,1409
2021-07-04,San Luis Obispo,079,281455,21424,21330,798,22128,256
2021-07-04,San Mateo,081,765935,43037,42691,512,43203,541
2021-07-04,Santa Barbara,083,443738,34756,34526,1255,35781,456
2021-07-04,Santa Clara,085,1922200,119472,118966,819,119785,2090
2021-07-04,Santa Cruz,087,273765,16313,16254,879,17133,208
2021-07-04,Shasta,089,179085,12641,12582,1711,14293,204
2021-07-04,Sierra,091,2930,62,60,14,74,0
2021-07-04,Siskiyou,093,43540,1962,1899,402,2301,29
2021-07-04,Solano,095,438530,33729,33486,588,34074,268
2021-07-04,Sonoma,097,501317,31293,31000,379,31379,316
2021-07-04,Stanislaus,099,539301,57248,57018,6286,63304,1018
2021-07-04,Sutter,101,95872,9720,9644,95,9739,114
2021-07-04,Tehama,103,63373,5132,5124,621,5745,63
2021-07-04,Trinity,105,12862,393,341,73,414,3
2021-07-04,Tulare,107,460477,49962,49789,9704,59493,853
2021-07-04,Tuolumne,109,53932,4152,4113,37,4150,64
2021-07-04,Ventura,111,848112,81822,81425,3203,84628,1033
2021-07-04,Yolo,113,214977,14287,14188,388,14576,213
2021-07-04,Yuba,115,75493,6256,6197,134,6331,51
2021-07-03,Alameda,001,1643700,90161,89683,2108,91791,1253
2021-07-03,Alpine,003,1148,89,89,0,89,0
2021-07-03,Amador,005,37829,3774,3758,34,3792,46
2021-07-03,Butte,007,227075,12790,12684,1970,14654,201
2021-07-03,Calaveras,009,45235,2227,2200,15,2215,55
2021-07-03,Colusa,011,21464,1970,1969,335,2304,15
2021-07-03,Contra Costa,013,1133247,71518,70941,1406,72347,818
2021-07-03,Del Norte,015,27424,1447,1439,9,1448,8
2021-07-03,El Dorado,017,186661,10511,10433,810,11243,113
2021-07-03,Fresno,019,978130,103071,102512,9110,111622,1727
2021-07-03,Glenn,021,27897,2443,2442,588,3030,20
2021-07-03,Humboldt,023,135768,4571,4530,53,4583,49
2021-07-03,Imperial,025,180216,28730,28661,2920,31581,739
2021-07-03,Inyo,027,18085,1414,1412,5,1417,35
2021-07-03,Kern,029,883053,97722,97421,11643,109064,1347
2021-07-03,Kings,031,150075,23158,23051,1213,24264,245
2021-07-03,Lake,033,64148,3664,3623,13,3636,62
2021-07-03,Lassen,035,31185,5292,5277,120,5397,20
2021-07-03,Los Angeles,037,10098052,1212222,1208705,44511,1253216,24506
2021-07-03,Madera,039,155013,16797,16696,977,17673,240
2021-07-03,Marin,041,260295,14238,14143,275,14418,233
2021-07-03,Mariposa,043,17540,442,441,11,452,5
2021-07-03,Mendocino,045,87422,4216,4122,82,4204,49
2021-07-03,Merced,047,269075,31364,31297,1003,32300,469
2021-07-03,Modoc,049,8938,419,410,147,557,4
2021-07-03,Mono,051,14174,1259,1275,13,1288,3
2021-07-03,Monterey,053,433212,43258,43212,1948,45160,492
2021-07-03,Napa,055,140530,10086,10045,37,10082,81
2021-07-03,Nevada,057,99092,5014,4966,201,5167,72
2021-07-03,Orange,059,3164182,256777,255823,11999,267822,5126
2021-07-03,Placer,061,380077,23937,23764,1640,25404,299
2021-07-03,Plumas,063,18699,724,707,15,722,4
2021-07-03,Riverside,065,2383286,293667,293260,14908,308168,4536
2021-07-03,Sacramento,067,1510023,109123,108257,1939,110196,1676
2021-07-03,San Benito,069,59416,6136,6108,119,6227,63
2021-07-03,San Bernardino,071,2135413,294865,294294,9400,303694,5003
2021-07-03,San Diego,073,3302833,283814,282692,15540,298232,3780
2021-07-03,San Francisco,075,870044,37361,37107,1422,38529,558
2021-07-03,San Joaquin,077,732212,74244,73841,3845,77686,1409
2021-07-03,San Luis Obispo,079,281455,21412,21330,798,22128,256
2021-07-03,San Mateo,081,765935,43012,42691,511,43202,541
2021-07-03,Santa Barbara,083,443738,34747,34526,1254,35780,456
2021-07-03,Santa Clara,085,1922200,119425,118966,819,119785,2090
2021-07-03,Santa Cruz,087,273765,16306,16254,879,17133,208
2021-07-03,Shasta,089,179085,12637,12582,1709,14291,204
2021-07-03,Sierra,091,2930,62,60,14,74,0
2021-07-03,Siskiyou,093,43540,1961,1899,401,2300,29
2021-07-03,Solano,095,438530,33687,33486,588,34074,268
2021-07-03,Sonoma,097,501317,31259,31000,379,31379,316
2021-07-03,Stanislaus,099,539301,57234,57018,6278,63296,1018
2021-07-03,Sutter,101,95872,9710,9644,95,9739,114
2021-07-03,Tehama,103,63373,5130,5124,621,5745,63
2021-07-03,Trinity,105,12862,393,341,73,414,3
2021-07-03,Tulare,107,460477,49956,49789,9698,59487,853
2021-07-03,Tuolumne,109,53932,4151,4113,37,4150,64
2021-07-03,Ventura,111,848112,81792,81425,3195,84620,1033
2021-07-03,Yolo,113,214977,14277,14188,385,14573,213
2021-07-03,Yuba,115,75493,6250,6197,134,6331,51
2021-07-02,Alameda,001,1643700,90079,89683,2107,91790,1253
2021-07-02,Alpine,003,1148,89,89,0,89,0
2021-07-02,Amador,005,37829,3772,3758,34,3792,46
2021-07-02,Butte,007,227075,12783,12684,1970,14654,201
2021-07-02,Calaveras,009,45235,2226,2200,15,2215,55
2021-07-02,Colusa,011,21464,1969,1969,334,2303,15
2021-07-02,Contra Costa,013,1133247,71449,70941,1402,72343,818
2021-07-02,Del Norte,015,27424,1447,1439,9,1448,8
2021-07-02,El Dorado,017,186661,10503,10433,810,11243,113
2021-07-02,Fresno,019,978130,103042,102512,9104,111616,1727
2021-07-02,Glenn,021,27897,2442,2442,587,3029,20
2021-07-02,Humboldt,023,135768,4568,4530,52,4582,49
2021-07-02,Imperial,025,180216,28724,28661,2919,31580,739
2021-07-02,Inyo,027,18085,1414,1412,5,1417,35
2021-07-02,Kern,029,883053,97704,97421,11634,109055,1347
2021-07-02,Kings,031,150075,23148,23051,1213,24264,245
2021-07-02,Lake,033,64148,3658,3623,13,3636,62
2021-07-02,Lassen,035,31185,5292,5277,120,5397,20
2021-07-02,Los Angeles,037,10098052,1211748,1208705,44472,1253177,24506
2021-07-02,Madera,039,155013,16788,16696,976,17672,240
2021-07-02,Marin,041,260295,14233,14143,275,14418,233
2021-07-02,Mariposa,043,17540,442,441,11,452,5
2021-07-02,Mendocino,045,87422,4212,4122,81,4203,49
2021-07-02,Merced,047,269075,31355,31297,1003,32300,469
2021-07-02,Modoc,049,8938,419,410,147,557,4
2021-07-02,Mono,051,14174,1258,1275,13,1288,3
2021-07-02,Monterey,053,433212,43250,43212,1947,45159,492
2021-07-02,Napa,055,140530,10081,10045,37,10082,81
2021-07-02,Nevada,057,99092,5005,4966,201,5167,72
2021-07-02,Orange,059,3164182,256664,255823,11992,267815,5126
2021-07-02,Placer,061,380077,23920,23764,1633,25397,299
2021-07-02,Plumas,063,18699,724,707,15,722,4
2021-07-02,Riverside,065,2383286,293570,293260,14903,308163,4536
2021-07-02,Sacramento,067,1510023,109045,108257,1938,110195,1676
2021-07-02,San Benito,069,59416,6133,6108,119,6227,63
2021-07-02,San Bernardino,071,2135413,294779,294294,9398,303692,5003
2021-07-02,San Diego,073,3302833,283669,282692,15514,298206,3780
2021-07-02,San Francisco,075,870044,37313,37107,1420,38527,558
2021-07-02,San Joaquin,077,732212,74212,73841,3839,77680,1409
2021-07-02,San Luis Obispo,079,281455,21406,21330,797,22127,256
2021-07-02,San Mateo,081,765935,42976,42691,511,43202,541
2021-07-02,Santa Barbara,083,443738,34738,34526,1254,35780,456
2021-07-02,Santa Clara,085,1922200,119347,118966,819,119785,2090
2021-07-02,Santa Cruz,087,273765,16302,16254,879,17133,208
2021-07-02,Shasta,089,179085,12633,12582,1709,14291,204
2021-07-02,Sierra,091,2930,61,60,14,74,0
2021-07-02,Siskiyou,093,43540,1958,1899,400,2299,29
2021-07-02,Solano,095,438530,33662,33486,588,34074,268
2021-07-02,Sonoma,097,501317,31236,31000,379,31379,316
2021-07-02,Stanislaus,099,539301,57212,57018,6277,63295,1018
2021-07-02,Sutter,101,95872,9705,9644,95,9739,114
2021-07-02,Tehama,103,63373,5128,5124,619,5743,63
2021-07-02,Trinity,105,12862,393,341,73,414,3
2021-07-02,Tulare,107,460477,49946,49789,9690,59479,853
2021-07-02,Tuolumne,109,53932,4148,4113,37,4150,64
2021-07-02,Ventura,111,848112,81749,81425,3187,84612,1033
2021-07-02,Yolo,113,214977,14262,14188,383,14571,213
2021-07-02,Yuba,115,75493,6242,6197,134,6331,51
2021-07-01,Alameda,001,1643700,89974,89683,2105,91788,1253
2021-07-01,Alpine,003,1148,89,89,0,89,0
2021-07-01,Amador,005,37829,3771,3758,34,3792,46
2021-07-01,Butte,007,227075,12771,12684,1968,14652,201
2021-07-01,Calaveras,009,45235,2224,2200,15,2215,55
2021-07-01,Colusa,011,21464,1969,1969,332,2301,15
2021-07-01,Contra Costa,013,1133247,71378,70941,1401,72342,818
2021-07-01,Del Norte,015,27424,1446,1439,9,1448,8
2021-07-01,El Dorado,017,186661,10491,10433,810,11243,113
2021-07-01,Fresno,019,978130,103003,102512,9099,111611,1727
2021-07-01,Glenn,021,27897,2442,2442,587,3029,20
2021-07-01,Humboldt,023,135768,4566,4530,52,4582,49
2021-07-01,Imperial,025,180216,28707,28661,2919,31580,739
2021-07-01,Inyo,027,18085,1414,1412,5,1417,35
2021-07-01,Kern,029,883053,97678,97421,11623,109044,1347
2021-07-01,Kings,031,150075,23134,23051,1213,24264,245
2021-07-01,Lake,033,64148,3655,3623,13,3636,62
2021-07-01,Lassen,035,31185,5290,5277,120,5397,20
2021-07-01,Los Angeles,037,10098052,1211151,1208705,44416,1253121,24506
2021-07-01,Madera,039,155013,16779,16696,975,17671,240
2021-07-01,Marin,041,260295,14229,14143,275,14418,233
2021-07-01,Mariposa,043,17540,442,441,11,452,5
2021-07-01,Mendocino,045,87422,4208,4122,80,4202,49
2021-07-01,Merced,047,269075,31349,31297,1003,32300,469
2021-07-01,Modoc,049,8938,419,410,147,557,4
2021-07-01,Mono,051,14174,1257,1275,13,1288,3
2021-07-01,Monterey,053,433212,43242,43212,1943,45155,492
2021-07-01,Napa,055,140530,10074,10045,37,10082,81
2021-07-01,Nevada,057,99092,5000,4966,201,5167,72
2021-07-01,Orange,059,3164182,256546,255823,11972,267795,5126
2021-07-01,Placer,061,380077,23902,23764,1630,25394,299
2021-07-01,Plumas,063,18699,721,707,13,720,4
2021-07-01,Riverside,065,2383286,293461,293260,14895,308155,4536
2021-07-01,Sacramento,067,1510023,108920,108257,1931,110188,1676
2021-07-01,San Benito,069,59416,6129,6108,119,6227,63
2021-07-01,San Bernardino,071,2135413,294660,294294,9392,303686,5003
2021-07-01,San Diego,073,3302833,283491,282692,15477,298169,3780
2021-07-01,San Francisco,075,870044,37277,37107,1418,38525,558
2021-07-01,San Joaquin,077,732212,74161,73841,3835,77676,1409
2021-07-01,San Luis Obispo,079,281455,21391,21330,796,22126,256
2021-07-01,San Mateo,081,765935,42948,42691,510,43201,541
2021-07-01,Santa Barbara,083,443738,34727,34526,1254,35780,456
2021-07-01,Santa Clara,085,1922200,119298,118966,819,119785,2090
2021-07-01,Santa Cruz,087,273765,16298,16254,878,17132,208
2021-07-01,Shasta,089,179085,12625,12582,1708,14290,204
2021-07-01,Sierra,091,2930,61,60,14,74,0
2021-07-01,Siskiyou,093,43540,1958,1899,400,2299,29
2021-07-01,Solano,095,438530,33621,33486,587,34073,268
2021-07-01,Sonoma,097,501317,31191,31000,379,31379,316
2021-07-01,Stanislaus,099,539301,57189,57018,6273,63291,1018
2021-07-01,Sutter,101,95872,9696,9644,95,9739,114
2021-07-01,Tehama,103,63373,5128,5124,618,5742,63
2021-07-01,Trinity,105,12862,393,341,73,414,3
2021-07-01,Tulare,107,460477,49937,49789,9683,59472,853
2021-07-01,Tuolumne,109,53932,4141,4113,37,4150,64
2021-07-01,Ventura,111,848112,81718,81425,3176,84601,1033
2021-07-01,Yolo,113,214977,14247,14188,381,14569,213
2021-07-01,Yuba,115,75493,6235,6197,134,6331,51
2021-06-30,Alameda,001,1643700,89889,89597,2101,91698,1256
2021-06-30,Alpine,003,1148,89,89,0,89,0
2021-06-30,Amador,005,37829,3769,3756,34,3790,46
2021-06-30,Butte,007,227075,12764,12676,1959,14635,201
2021-06-30,Calaveras,009,45235,2219,2198,15,2213,55
2021-06-30,Colusa,011,21464,1967,1967,329,2296,15
2021-06-30,Contra Costa,013,1133247,71314,70869,1398,72267,818
2021-06-30,Del Norte,015,27424,1441,1435,9,1444,8
2021-06-30,El Dorado,017,186661,10472,10420,810,11230,113
2021-06-30,Fresno,019,978130,102967,102490,9096,111586,1727
2021-06-30,Glenn,021,27897,2440,2440,587,3027,20
2021-06-30,Humboldt,023,135768,4550,4522,50,4572,49
2021-06-30,Imperial,025,180216,28699,28651,2919,31570,739
2021-06-30,Inyo,027,18085,1414,1409,5,1414,35
2021-06-30,Kern,029,883053,97639,97267,11611,108878,1348
2021-06-30,Kings,031,150075,23129,23038,1212,24250,245
2021-06-30,Lake,033,64148,3642,3601,13,3614,56
2021-06-30,Lassen,035,31185,5285,5269,120,5389,20
2021-06-30,Los Angeles,037,10098052,1210483,1208246,44371,1252617,24499
2021-06-30,Madera,039,155013,16772,16688,973,17661,240
2021-06-30,Marin,041,260295,14221,14133,273,14406,232
2021-06-30,Mariposa,043,17540,441,441,11,452,5
2021-06-30,Mendocino,045,87422,4198,4115,80,4195,49
2021-06-30,Merced,047,269075,31339,31286,1003,32289,469
2021-06-30,Modoc,049,8938,419,410,147,557,4
2021-06-30,Mono,051,14174,1257,1275,13,1288,3
2021-06-30,Monterey,053,433212,43237,43209,1941,45150,492
2021-06-30,Napa,055,140530,10066,10039,37,10076,81
2021-06-30,Nevada,057,99092,4989,4958,201,5159,72
2021-06-30,Orange,059,3164182,256418,255764,11962,267726,5125
2021-06-30,Placer,061,380077,23879,23721,1626,25347,299
2021-06-30,Plumas,063,18699,721,705,13,718,4
2021-06-30,Riverside,065,2383286,293349,293280,14883,308163,4535
2021-06-30,Sacramento,067,1510023,108782,108137,1926,110063,1676
2021-06-30,San Benito,069,59416,6125,6105,119,6224,63
2021-06-30,San Bernardino,071,2135413,294500,294211,9387,303598,4975
2021-06-30,San Diego,073,3302833,283355,282583,15449,298032,3780
2021-06-30,San Francisco,075,870044,37228,37065,1413,38478,558
2021-06-30,San Joaquin,077,732212,74100,73777,3833,77610,1409
2021-06-30,San Luis Obispo,079,281455,21378,21326,795,22121,256
2021-06-30,San Mateo,081,765935,42911,42599,509,43108,537
2021-06-30,Santa Barbara,083,443738,34711,34521,1254,35775,456
2021-06-30,Santa Clara,085,1922200,119251,118930,816,119746,2090
2021-06-30,Santa Cruz,087,273765,16292,16250,878,17128,208
2021-06-30,Shasta,089,179085,12619,12564,1708,14272,204
2021-06-30,Sierra,091,2930,61,60,14,74,0
2021-06-30,Siskiyou,093,43540,1956,1900,397,2297,29
2021-06-30,Solano,095,438530,33583,33453,585,34038,268
2021-06-30,Sonoma,097,501317,31161,30947,379,31326,316
2021-06-30,Stanislaus,099,539301,57167,56997,6272,63269,1018
2021-06-30,Sutter,101,95872,9686,9638,95,9733,114
2021-06-30,Tehama,103,63373,5126,5124,618,5742,63
2021-06-30,Trinity,105,12862,393,341,73,414,3
2021-06-30,Tulare,107,460477,49926,49764,9672,59436,853
2021-06-30,Tuolumne,109,53932,4138,4112,37,4149,64
2021-06-30,Ventura,111,848112,81675,81392,3171,84563,1032
2021-06-30,Yolo,113,214977,14241,14178,378,14556,213
2021-06-30,Yuba,115,75493,6227,6191,134,6325,51
2021-06-29,Alameda,001,1643700,89785,89519,2100,91619,1257
2021-06-29,Alpine,003,1148,89,89,0,89,0
2021-06-29,Amador,005,37829,3765,3754,34,3788,46
2021-06-29,Butte,007,227075,12756,12669,1959,14628,201
2021-06-29,Calaveras,009,45235,2213,2198,15,2213,55
2021-06-29,Colusa,011,21464,1965,1967,329,2296,15
2021-06-29,Contra Costa,013,1133247,71240,70775,1398,72173,817
2021-06-29,Del Norte,015,27424,1440,1435,9,1444,8
2021-06-29,El Dorado,017,186661,10459,10403,806,11209,113
2021-06-29,Fresno,019,978130,102934,102464,9093,111557,1725
2021-06-29,Glenn,021,27897,2439,2439,587,3026,20
2021-06-29,Humboldt,023,135768,4546,4514,49,4563,49
2021-06-29,Imperial,025,180216,28690,28645,2918,31563,737
2021-06-29,Inyo,027,18085,1414,1408,5,1413,35
2021-06-29,Kern,029,883053,97618,97173,11605,108778,1347
2021-06-29,Kings,031,150075,23120,23035,1211,24246,245
2021-06-29,Lake,033,64148,3636,3594,13,3607,56
2021-06-29,Lassen,035,31185,5278,5268,120,5388,20
2021-06-29,Los Angeles,037,10098052,1209880,1207895,44336,1252231,24498
2021-06-29,Madera,039,155013,16768,16680,972,17652,240
2021-06-29,Marin,041,260295,14209,14127,273,14400,232
2021-06-29,Mariposa,043,17540,441,441,11,452,5
2021-06-29,Mendocino,045,87422,4195,4107,79,4186,49
2021-06-29,Merced,047,269075,31327,31277,1003,32280,469
2021-06-29,Modoc,049,8938,418,408,147,555,3
2021-06-29,Mono,051,14174,1257,1275,13,1288,3
2021-06-29,Monterey,053,433212,43227,43196,1939,45135,471
2021-06-29,Napa,055,140530,10060,10033,37,10070,81
2021-06-29,Nevada,057,99092,4982,4952,201,5153,72
2021-06-29,Orange,059,3164182,256320,255686,11947,267633,5124
2021-06-29,Placer,061,380077,23859,23693,1624,25317,299
2021-06-29,Plumas,063,18699,721,704,13,717,4
2021-06-29,Riverside,065,2383286,293250,292962,14876,307838,4524
2021-06-29,Sacramento,067,1510023,108630,108067,1923,109990,1677
2021-06-29,San Benito,069,59416,6114,6099,119,6218,63
2021-06-29,San Bernardino,071,2135413,294392,294118,9385,303503,4940
2021-06-29,San Diego,073,3302833,283201,282499,15422,297921,3780
2021-06-29,San Francisco,075,870044,37190,37041,1410,38451,558
2021-06-29,San Joaquin,077,732212,74052,73724,3830,77554,1409
2021-06-29,San Luis Obispo,079,281455,21368,21324,794,22118,256
2021-06-29,San Mateo,081,765935,42879,42540,507,43047,540
2021-06-29,Santa Barbara,083,443738,34701,34507,1253,35760,455
2021-06-29,Santa Clara,085,1922200,119196,118893,815,119708,2090
2021-06-29,Santa Cruz,087,273765,16286,16249,878,17127,208
2021-06-29,Shasta,089,179085,12607,12564,1707,14271,204
2021-06-29,Sierra,091,2930,61,59,14,73,0
2021-06-29,Siskiyou,093,43540,1953,1897,393,2290,29
2021-06-29,Solano,095,438530,33550,33440,583,34023,268
2021-06-29,Sonoma,097,501317,31119,30950,377,31327,316
2021-06-29,Stanislaus,099,539301,57139,56980,6265,63245,1018
2021-06-29,Sutter,101,95872,9675,9634,95,9729,114
2021-06-29,Tehama,103,63373,5126,5124,618,5742,63
2021-06-29,Trinity,105,12862,393,341,73,414,3
2021-06-29,Tulare,107,460477,49913,49751,9667,59418,852
2021-06-29,Tuolumne,109,53932,4136,4111,37,4148,64
2021-06-29,Ventura,111,848112,81637,81363,3165,84528,1032
2021-06-29,Yolo,113,214977,14229,14171,377,14548,213
2021-06-29,Yuba,115,75493,6217,6188,134,6322,51
2021-06-28,Alameda,001,1643700,89692,89638,2098,91736,1259
2021-06-28,Alpine,003,1148,89,89,0,89,0
2021-06-28,Amador,005,37829,3764,3753,34,3787,46
2021-06-28,Butte,007,227075,12747,12697,1957,14654,198
2021-06-28,Calaveras,009,45235,2210,2203,15,2218,55
2021-06-28,Colusa,011,21464,1963,1974,329,2303,15
2021-06-28,Contra Costa,013,1133247,71166,70807,1396,72203,816
2021-06-28,Del Norte,015,27424,1440,1436,9,1445,8
2021-06-28,El Dorado,017,186661,10449,10422,802,11224,115
2021-06-28,Fresno,019,978130,102904,103121,9091,112212,1727
2021-06-28,Glenn,021,27897,2439,2439,587,3026,20
2021-06-28,Humboldt,023,135768,4539,4520,48,4568,49
2021-06-28,Imperial,025,180216,28682,28981,2917,31898,741
2021-06-28,Inyo,027,18085,1411,1407,5,1412,35
2021-06-28,Kern,029,883053,97599,97252,11600,108852,1348
2021-06-28,Kings,031,150075,23114,23134,1211,24345,246
2021-06-28,Lake,033,64148,3628,3591,13,3604,56
2021-06-28,Lassen,035,31185,5276,5268,120,5388,20
2021-06-28,Los Angeles,037,10098052,1209365,1207714,44298,1252012,24496
2021-06-28,Madera,039,155013,16758,16683,971,17654,240
2021-06-28,Marin,041,260295,14194,14186,273,14459,232
2021-06-28,Mariposa,043,17540,441,440,11,451,5
2021-06-28,Mendocino,045,87422,4186,4102,78,4180,49
2021-06-28,Merced,047,269075,31315,31277,1003,32280,469
2021-06-28,Modoc,049,8938,418,411,146,557,3
2021-06-28,Mono,051,14174,1257,1276,13,1289,3
2021-06-28,Monterey,053,433212,43223,43202,1938,45140,462
2021-06-28,Napa,055,140530,10051,10050,36,10086,81
2021-06-28,Nevada,057,99092,4978,4951,201,5152,72
2021-06-28,Orange,059,3164182,256231,255755,11933,267688,5123
2021-06-28,Placer,061,380077,23839,23756,1619,25375,299
2021-06-28,Plumas,063,18699,719,704,13,717,4
2021-06-28,Riverside,065,2383286,293125,292647,14863,307510,4507
2021-06-28,Sacramento,067,1510023,108498,108342,1918,110260,1675
2021-06-28,San Benito,069,59416,6112,6101,119,6220,63
2021-06-28,San Bernardino,071,2135413,294291,294151,9380,303531,4928
2021-06-28,San Diego,073,3302833,283038,282417,15393,297810,3780
2021-06-28,San Francisco,075,870044,37154,37372,1408,38780,559
2021-06-28,San Joaquin,077,732212,74004,73973,3825,77798,1411
2021-06-28,San Luis Obispo,079,281455,21364,21340,793,22133,256
2021-06-28,San Mateo,081,765935,42846,42927,506,43433,540
2021-06-28,Santa Barbara,083,443738,34694,34534,1251,35785,455
2021-06-28,Santa Clara,085,1922200,119132,120377,814,121191,2103
2021-06-28,Santa Cruz,087,273765,16281,16245,878,17123,208
2021-06-28,Shasta,089,179085,12603,12642,1705,14347,203
2021-06-28,Sierra,091,2930,61,58,14,72,0
2021-06-28,Siskiyou,093,43540,1952,1896,393,2289,29
2021-06-28,Solano,095,438530,33514,33524,581,34105,267
2021-06-28,Sonoma,097,501317,31082,31137,376,31513,315
2021-06-28,Stanislaus,099,539301,57120,57047,6261,63308,1018
2021-06-28,Sutter,101,95872,9671,9682,95,9777,114
2021-06-28,Tehama,103,63373,5124,5122,618,5740,63
2021-06-28,Trinity,105,12862,393,341,73,414,3
2021-06-28,Tulare,107,460477,49904,49751,9662,59413,850
2021-06-28,Tuolumne,109,53932,4129,4121,37,4158,64
2021-06-28,Ventura,111,848112,81580,81393,3160,84553,1032
2021-06-28,Yolo,113,214977,14220,14199,374,14573,213
2021-06-28,Yuba,115,75493,6212,6207,134,6341,51
2021-06-27,Alameda,001,1643700,89606,89611,2094,91705,1259
2021-06-27,Alpine,003,1148,89,89,0,89,0
2021-06-27,Amador,005,37829,3763,3752,34,3786,46
2021-06-27,Butte,007,227075,12738,12696,1956,14652,198
2021-06-27,Calaveras,009,45235,2209,2203,15,2218,55
2021-06-27,Colusa,011,21464,1963,1974,329,2303,15
2021-06-27,Contra Costa,013,1133247,71080,70762,1392,72154,816
2021-06-27,Del Norte,015,27424,1437,1436,9,1445,8
2021-06-27,El Dorado,017,186661,10437,10418,799,11217,115
2021-06-27,Fresno,019,978130,102875,103110,9089,112199,1727
2021-06-27,Glenn,021,27897,2438,2439,586,3025,20
2021-06-27,Humboldt,023,135768,4527,4513,45,4558,49
2021-06-27,Imperial,025,180216,28668,28987,2917,31904,741
2021-06-27,Inyo,027,18085,1411,1407,5,1412,35
2021-06-27,Kern,029,883053,97573,97249,11593,108842,1348
2021-06-27,Kings,031,150075,23104,23132,1211,24343,246
2021-06-27,Lake,033,64148,3621,3581,13,3594,56
2021-06-27,Lassen,035,31185,5275,5265,120,5385,20
2021-06-27,Los Angeles,037,10098052,1208821,1207461,44258,1251719,24493
2021-06-27,Madera,039,155013,16750,16680,971,17651,240
2021-06-27,Marin,041,260295,14185,14182,273,14455,232
2021-06-27,Mariposa,043,17540,441,440,11,451,5
2021-06-27,Mendocino,045,87422,4179,4100,78,4178,49
2021-06-27,Merced,047,269075,31303,31266,1003,32269,469
2021-06-27,Modoc,049,8938,418,411,146,557,3
2021-06-27,Mono,051,14174,1257,1279,13,1292,3
2021-06-27,Monterey,053,433212,43210,43199,1938,45137,462
2021-06-27,Napa,055,140530,10045,10046,36,10082,81
2021-06-27,Nevada,057,99092,4972,4946,201,5147,72
2021-06-27,Orange,059,3164182,256118,255710,11922,267632,5123
2021-06-27,Placer,061,380077,23806,23731,1616,25347,299
2021-06-27,Plumas,063,18699,719,704,13,717,4
2021-06-27,Riverside,065,2383286,293022,292641,14857,307498,4507
2021-06-27,Sacramento,067,1510023,108364,108279,1914,110193,1675
2021-06-27,San Benito,069,59416,6106,6101,119,6220,63
2021-06-27,San Bernardino,071,2135413,294180,294115,9378,303493,4927
2021-06-27,San Diego,073,3302833,282898,282359,15367,297726,3780
2021-06-27,San Francisco,075,870044,37117,37360,1407,38767,559
2021-06-27,San Joaquin,077,732212,73968,73960,3823,77783,1411
2021-06-27,San Luis Obispo,079,281455,21357,21340,792,22132,256
2021-06-27,San Mateo,081,765935,42817,42925,503,43428,539
2021-06-27,Santa Barbara,083,443738,34680,34533,1248,35781,455
2021-06-27,Santa Clara,085,1922200,119081,120352,812,121164,2103
2021-06-27,Santa Cruz,087,273765,16272,16241,878,17119,208
2021-06-27,Shasta,089,179085,12597,12640,1704,14344,203
2021-06-27,Sierra,091,2930,61,58,14,72,0
2021-06-27,Siskiyou,093,43540,1950,1896,392,2288,29
2021-06-27,Solano,095,438530,33486,33516,581,34097,267
2021-06-27,Sonoma,097,501317,31044,31129,376,31505,315
2021-06-27,Stanislaus,099,539301,57073,57021,6258,63279,1018
2021-06-27,Sutter,101,95872,9665,9678,95,9773,114
2021-06-27,Tehama,103,63373,5120,5122,618,5740,63
2021-06-27,Trinity,105,12862,393,341,72,413,3
2021-06-27,Tulare,107,460477,49891,49749,9655,59404,850
2021-06-27,Tuolumne,109,53932,4127,4121,37,4158,64
2021-06-27,Ventura,111,848112,81546,81361,3151,84512,1032
2021-06-27,Yolo,113,214977,14205,14194,370,14564,213
2021-06-27,Yuba,115,75493,6206,6205,134,6339,51
2021-06-26,Alameda,001,1643700,89549,89560,2092,91652,1259
2021-06-26,Alpine,003,1148,89,89,0,89,0
2021-06-26,Amador,005,37829,3763,3748,34,3782,46
2021-06-26,Butte,007,227075,12734,12693,1953,14646,198
2021-06-26,Calaveras,009,45235,2207,2202,15,2217,55
2021-06-26,Colusa,011,21464,1963,1973,329,2302,15
2021-06-26,Contra Costa,013,1133247,71037,70712,1391,72103,816
2021-06-26,Del Norte,015,27424,1436,1432,9,1441,8
2021-06-26,El Dorado,017,186661,10429,10414,798,11212,115
2021-06-26,Fresno,019,978130,102855,103091,9087,112178,1727
2021-06-26,Glenn,021,27897,2436,2441,586,3027,20
2021-06-26,Humboldt,023,135768,4524,4509,45,4554,49
2021-06-26,Imperial,025,180216,28664,28970,2917,31887,741
2021-06-26,Inyo,027,18085,1411,1407,5,1412,35
2021-06-26,Kern,029,883053,97547,97239,11584,108823,1348
2021-06-26,Kings,031,150075,23100,23128,1210,24338,246
2021-06-26,Lake,033,64148,3610,3576,13,3589,56
2021-06-26,Lassen,035,31185,5272,5263,120,5383,20
2021-06-26,Los Angeles,037,10098052,1208519,1207198,44222,1251420,24490
2021-06-26,Madera,039,155013,16743,16679,970,17649,240
2021-06-26,Marin,041,260295,14176,14180,273,14453,232
2021-06-26,Mariposa,043,17540,441,440,11,451,5
2021-06-26,Mendocino,045,87422,4177,4096,78,4174,49
2021-06-26,Merced,047,269075,31297,31259,1002,32261,469
2021-06-26,Modoc,049,8938,418,411,146,557,3
2021-06-26,Mono,051,14174,1257,1279,13,1292,3
2021-06-26,Monterey,053,433212,43207,43192,1938,45130,462
2021-06-26,Napa,055,140530,10039,10043,36,10079,81
2021-06-26,Nevada,057,99092,4967,4939,201,5140,72
2021-06-26,Orange,059,3164182,256042,255640,11915,267555,5123
2021-06-26,Placer,061,380077,23792,23702,1614,25316,299
2021-06-26,Plumas,063,18699,719,704,13,717,4
2021-06-26,Riverside,065,2383286,292965,292480,14851,307331,4505
2021-06-26,Sacramento,067,1510023,108293,108179,1912,110091,1675
2021-06-26,San Benito,069,59416,6102,6100,119,6219,63
2021-06-26,San Bernardino,071,2135413,294086,294034,9373,303407,4928
2021-06-26,San Diego,073,3302833,282813,282263,15349,297612,3780
2021-06-26,San Francisco,075,870044,37085,37348,1406,38754,559
2021-06-26,San Joaquin,077,732212,73939,73928,3822,77750,1411
2021-06-26,San Luis Obispo,079,281455,21356,21330,791,22121,256
2021-06-26,San Mateo,081,765935,42796,42898,503,43401,539
2021-06-26,Santa Barbara,083,443738,34671,34525,1248,35773,455
2021-06-26,Santa Clara,085,1922200,119048,120321,812,121133,2103
2021-06-26,Santa Cruz,087,273765,16269,16239,878,17117,208
2021-06-26,Shasta,089,179085,12593,12635,1700,14335,203
2021-06-26,Sierra,091,2930,61,58,14,72,0
2021-06-26,Siskiyou,093,43540,1949,1896,391,2287,29
2021-06-26,Solano,095,438530,33468,33489,579,34068,267
2021-06-26,Sonoma,097,501317,31018,31088,376,31464,315
2021-06-26,Stanislaus,099,539301,57053,57006,6256,63262,1018
2021-06-26,Sutter,101,95872,9664,9669,95,9764,114
2021-06-26,Tehama,103,63373,5120,5119,618,5737,63
2021-06-26,Trinity,105,12862,393,341,72,413,3
2021-06-26,Tulare,107,460477,49885,49745,9655,59400,850
2021-06-26,Tuolumne,109,53932,4127,4121,37,4158,64
2021-06-26,Ventura,111,848112,81522,81352,3150,84502,1032
2021-06-26,Yolo,113,214977,14196,14184,370,14554,213
2021-06-26,Yuba,115,75493,6203,6200,134,6334,51
2021-06-25,Alameda,001,1643700,89483,89453,2089,91542,1271
2021-06-25,Alpine,003,1148,89,89,0,89,0
2021-06-25,Amador,005,37829,3762,3746,34,3780,46
2021-06-25,Butte,007,227075,12729,12682,1950,14632,198
2021-06-25,Calaveras,009,45235,2206,2201,15,2216,55
2021-06-25,Colusa,011,21464,1963,1972,329,2301,15
2021-06-25,Contra Costa,013,1133247,71001,70659,1391,72050,815
2021-06-25,Del Norte,015,27424,1436,1426,9,1435,8
2021-06-25,El Dorado,017,186661,10421,10406,795,11201,115
2021-06-25,Fresno,019,978130,102838,103073,9083,112156,1727
2021-06-25,Glenn,021,27897,2436,2441,586,3027,20
2021-06-25,Humboldt,023,135768,4518,4503,43,4546,49
2021-06-25,Imperial,025,180216,28661,28968,2917,31885,740
2021-06-25,Inyo,027,18085,1410,1406,5,1411,35
2021-06-25,Kern,029,883053,97528,97182,11580,108762,1347
2021-06-25,Kings,031,150075,23094,23118,1210,24328,246
2021-06-25,Lake,033,64148,3604,3571,13,3584,56
2021-06-25,Lassen,035,31185,5271,5259,120,5379,20
2021-06-25,Los Angeles,037,10098052,1208243,1206909,44204,1251113,24483
2021-06-25,Madera,039,155013,16740,16670,970,17640,240
2021-06-25,Marin,041,260295,14173,14179,273,14452,232
2021-06-25,Mariposa,043,17540,441,440,11,451,5
2021-06-25,Mendocino,045,87422,4174,4089,78,4167,49
2021-06-25,Merced,047,269075,31289,31256,1002,32258,467
2021-06-25,Modoc,049,8938,418,411,146,557,3
2021-06-25,Mono,051,14174,1257,1279,13,1292,3
2021-06-25,Monterey,053,433212,43202,43184,1937,45121,462
2021-06-25,Napa,055,140530,10034,10037,36,10073,81
2021-06-25,Nevada,057,99092,4964,4932,201,5133,72
2021-06-25,Orange,059,3164182,255972,255574,11912,267486,5119
2021-06-25,Placer,061,380077,23773,23672,1613,25285,299
2021-06-25,Plumas,063,18699,719,702,12,714,4
2021-06-25,Riverside,065,2383286,292898,291663,14845,306508,4490
2021-06-25,Sacramento,067,1510023,108221,108034,1909,109943,1673
2021-06-25,San Benito,069,59416,6098,6098,119,6217,63
2021-06-25,San Bernardino,071,2135413,294031,293941,9371,303312,4911
2021-06-25,San Diego,073,3302833,282753,282157,15336,297493,3779
2021-06-25,San Francisco,075,870044,37062,37338,1405,38743,559
2021-06-25,San Joaquin,077,732212,73906,73860,3820,77680,1410
2021-06-25,San Luis Obispo,079,281455,21353,21325,790,22115,256
2021-06-25,San Mateo,081,765935,42778,42849,503,43352,537
2021-06-25,Santa Barbara,083,443738,34663,34518,1247,35765,454
2021-06-25,Santa Clara,085,1922200,119028,120272,812,121084,2103
2021-06-25,Santa Cruz,087,273765,16266,16230,876,17106,208
2021-06-25,Shasta,089,179085,12583,12633,1699,14332,202
2021-06-25,Sierra,091,2930,61,58,14,72,0
2021-06-25,Siskiyou,093,43540,1948,1894,391,2285,29
2021-06-25,Solano,095,438530,33448,33449,579,34028,267
2021-06-25,Sonoma,097,501317,30995,31043,376,31419,314
2021-06-25,Stanislaus,099,539301,57034,56973,6249,63222,1018
2021-06-25,Sutter,101,95872,9657,9664,95,9759,114
2021-06-25,Tehama,103,63373,5119,5119,618,5737,63
2021-06-25,Trinity,105,12862,393,338,72,410,3
2021-06-25,Tulare,107,460477,49879,49731,9651,59382,850
2021-06-25,Tuolumne,109,53932,4126,4121,37,4158,64
2021-06-25,Ventura,111,848112,81493,81342,3144,84486,1032
2021-06-25,Yolo,113,214977,14190,14172,370,14542,213
2021-06-25,Yuba,115,75493,6199,6195,134,6329,51
2021-06-24,Alameda,001,1643700,89412,89358,2085,91443,1268
2021-06-24,Alpine,003,1148,89,89,0,89,0
2021-06-24,Amador,005,37829,3758,3745,34,3779,46
2021-06-24,Butte,007,227075,12723,12673,1948,14621,198
2021-06-24,Calaveras,009,45235,2203,2202,15,2217,55
2021-06-24,Colusa,011,21464,1962,1972,329,2301,15
2021-06-24,Contra Costa,013,1133247,70942,70590,1391,71981,813
2021-06-24,Del Norte,015,27424,1435,1421,9,1430,8
2021-06-24,El Dorado,017,186661,10414,10402,795,11197,115
2021-06-24,Fresno,019,978130,102818,103061,9080,112141,1727
2021-06-24,Glenn,021,27897,2435,2439,586,3025,20
2021-06-24,Humboldt,023,135768,4513,4493,43,4536,49
2021-06-24,Imperial,025,180216,28658,28981,2917,31898,740
2021-06-24,Inyo,027,18085,1409,1406,5,1411,35
2021-06-24,Kern,029,883053,97509,97129,11567,108696,1346
2021-06-24,Kings,031,150075,23090,23114,1208,24322,246
2021-06-24,Lake,033,64148,3598,3571,13,3584,56
2021-06-24,Lassen,035,31185,5270,5258,120,5378,20
2021-06-24,Los Angeles,037,10098052,1207920,1206590,44180,1250770,24480
2021-06-24,Madera,039,155013,16729,16662,970,17632,240
2021-06-24,Marin,041,260295,14169,14180,273,14453,232
2021-06-24,Mariposa,043,17540,441,440,11,451,5
2021-06-24,Mendocino,045,87422,4166,4085,78,4163,49
2021-06-24,Merced,047,269075,31278,31248,1002,32250,466
2021-06-24,Modoc,049,8938,418,411,146,557,3
2021-06-24,Mono,051,14174,1257,1276,13,1289,3
2021-06-24,Monterey,053,433212,43195,43180,1937,45117,451
2021-06-24,Napa,055,140530,10032,10036,36,10072,80
2021-06-24,Nevada,057,99092,4962,4927,201,5128,72
2021-06-24,Orange,059,3164182,255908,255520,11904,267424,5117
2021-06-24,Placer,061,380077,23748,23659,1611,25270,299
2021-06-24,Plumas,063,18699,718,702,12,714,4
2021-06-24,Riverside,065,2383286,292818,291067,14834,305901,4473
2021-06-24,Sacramento,067,1510023,108133,107965,1907,109872,1672
2021-06-24,San Benito,069,59416,6095,6098,119,6217,63
2021-06-24,San Bernardino,071,2135413,293964,293895,9366,303261,4898
2021-06-24,San Diego,073,3302833,282648,282053,15324,297377,3778
2021-06-24,San Francisco,075,870044,37040,37320,1403,38723,559
2021-06-24,San Joaquin,077,732212,73858,73814,3820,77634,1408
2021-06-24,San Luis Obispo,079,281455,21347,21326,790,22116,256
2021-06-24,San Mateo,081,765935,42752,42814,502,43316,542
2021-06-24,Santa Barbara,083,443738,34657,34512,1246,35758,454
2021-06-24,Santa Clara,085,1922200,118998,120274,811,121085,2103
2021-06-24,Santa Cruz,087,273765,16265,16227,876,17103,208
2021-06-24,Shasta,089,179085,12578,12629,1695,14324,202
2021-06-24,Sierra,091,2930,61,58,14,72,0
2021-06-24,Siskiyou,093,43540,1948,1892,391,2283,28
2021-06-24,Solano,095,438530,33426,33432,577,34009,267
2021-06-24,Sonoma,097,501317,30966,31020,376,31396,314
2021-06-24,Stanislaus,099,539301,57002,56946,6249,63195,1018
2021-06-24,Sutter,101,95872,9650,9660,95,9755,113
2021-06-24,Tehama,103,63373,5116,5115,618,5733,63
2021-06-24,Trinity,105,12862,392,338,72,410,3
2021-06-24,Tulare,107,460477,49869,49730,9648,59378,850
2021-06-24,Tuolumne,109,53932,4124,4120,37,4157,64
2021-06-24,Ventura,111,848112,81465,81332,3143,84475,1032
2021-06-24,Yolo,113,214977,14182,14169,366,14535,213
2021-06-24,Yuba,115,75493,6194,6195,134,6329,51
2021-06-23,Alameda,001,1643700,89340,89338,2084,91422,1266
2021-06-23,Alpine,003,1148,89,88,0,88,0
2021-06-23,Amador,005,37829,3756,3743,34,3777,46
2021-06-23,Butte,007,227075,12716,12666,1948,14614,198
2021-06-23,Calaveras,009,45235,2202,2199,15,2214,55
2021-06-23,Colusa,011,21464,1961,1972,329,2301,15
2021-06-23,Contra Costa,013,1133247,70877,70526,1390,71916,813
2021-06-23,Del Norte,015,27424,1431,1418,9,1427,8
2021-06-23,El Dorado,017,186661,10405,10395,792,11187,115
2021-06-23,Fresno,019,978130,102789,103020,9078,112098,1724
2021-06-23,Glenn,021,27897,2435,2437,585,3022,20
2021-06-23,Humboldt,023,135768,4504,4490,43,4533,48
2021-06-23,Imperial,025,180216,28651,28908,2917,31825,740
2021-06-23,Inyo,027,18085,1409,1406,5,1411,35
2021-06-23,Kern,029,883053,97482,97078,11553,108631,1345
2021-06-23,Kings,031,150075,23083,23105,1206,24311,245
2021-06-23,Lake,033,64148,3589,3566,13,3579,53
2021-06-23,Lassen,035,31185,5267,5257,120,5377,20
2021-06-23,Los Angeles,037,10098052,1207584,1206358,44169,1250527,24472
2021-06-23,Madera,039,155013,16723,16660,970,17630,240
2021-06-23,Marin,041,260295,14163,14177,273,14450,230
2021-06-23,Mariposa,043,17540,441,439,11,450,5
2021-06-23,Mendocino,045,87422,4162,4078,78,4156,49
2021-06-23,Merced,047,269075,31269,31260,1002,32262,465
2021-06-23,Modoc,049,8938,416,407,146,553,3
2021-06-23,Mono,051,14174,1257,1279,13,1292,3
2021-06-23,Monterey,053,433212,43186,43166,1937,45103,439
2021-06-23,Napa,055,140530,10023,10032,36,10068,80
2021-06-23,Nevada,057,99092,4959,4924,201,5125,72
2021-06-23,Orange,059,3164182,255843,255479,11896,267375,5116
2021-06-23,Placer,061,380077,23719,23630,1605,25235,299
2021-06-23,Plumas,063,18699,717,701,12,713,4
2021-06-23,Riverside,065,2383286,292735,290343,14832,305175,4462
2021-06-23,Sacramento,067,1510023,108041,107868,1902,109770,1671
2021-06-23,San Benito,069,59416,6091,6097,119,6216,63
2021-06-23,San Bernardino,071,2135413,293885,293816,9361,303177,4886
2021-06-23,San Diego,073,3302833,282548,281937,15303,297240,3777
2021-06-23,San Francisco,075,870044,37016,37304,1402,38706,559
2021-06-23,San Joaquin,077,732212,73819,73764,3818,77582,1405
2021-06-23,San Luis Obispo,079,281455,21343,21323,789,22112,257
2021-06-23,San Mateo,081,765935,42736,42756,502,43258,542
2021-06-23,Santa Barbara,083,443738,34647,34505,1246,35751,454
2021-06-23,Santa Clara,085,1922200,118969,120233,811,121044,2098
2021-06-23,Santa Cruz,087,273765,16261,16215,876,17091,209
2021-06-23,Shasta,089,179085,12571,12604,1693,14297,202
2021-06-23,Sierra,091,2930,61,57,14,71,0
2021-06-23,Siskiyou,093,43540,1946,1892,391,2283,28
2021-06-23,Solano,095,438530,33382,33408,577,33985,267
2021-06-23,Sonoma,097,501317,30926,30959,374,31333,314
2021-06-23,Stanislaus,099,539301,56969,56926,6248,63174,1017
2021-06-23,Sutter,101,95872,9644,9653,95,9748,113
2021-06-23,Tehama,103,63373,5116,5119,617,5736,63
2021-06-23,Trinity,105,12862,392,338,72,410,3
2021-06-23,Tulare,107,460477,49863,49711,9643,59354,850
2021-06-23,Tuolumne,109,53932,4121,4120,37,4157,64
2021-06-23,Ventura,111,848112,81442,81312,3140,84452,1032
2021-06-23,Yolo,113,214977,14172,14161,366,14527,212
2021-06-23,Yuba,115,75493,6191,6190,134,6324,51
2021-06-22,Alameda,001,1643700,89272,89308,2084,91392,1263
2021-06-22,Alpine,003,1148,89,88,0,88,0
2021-06-22,Amador,005,37829,3753,3743,34,3777,46
2021-06-22,Butte,007,227075,12712,12662,1946,14608,198
2021-06-22,Calaveras,009,45235,2201,2198,15,2213,55
2021-06-22,Colusa,011,21464,1960,1971,329,2300,15
2021-06-22,Contra Costa,013,1133247,70821,70480,1389,71869,813
2021-06-22,Del Norte,015,27424,1428,1417,9,1426,8
2021-06-22,El Dorado,017,186661,10400,10380,791,11171,113
2021-06-22,Fresno,019,978130,102770,102996,9074,112070,1724
2021-06-22,Glenn,021,27897,2434,2435,583,3018,19
2021-06-22,Humboldt,023,135768,4494,4483,43,4526,42
2021-06-22,Imperial,025,180216,28646,28880,2917,31797,740
2021-06-22,Inyo,027,18085,1409,1405,5,1410,35
2021-06-22,Kern,029,883053,97469,97013,11549,108562,1342
2021-06-22,Kings,031,150075,23075,23098,1205,24303,245
2021-06-22,Lake,033,64148,3587,3564,13,3577,45
2021-06-22,Lassen,035,31185,5262,5254,120,5374,20
2021-06-22,Los Angeles,037,10098052,1207271,1206146,44157,1250303,24461
2021-06-22,Madera,039,155013,16718,16652,970,17622,240
2021-06-22,Marin,041,260295,14161,14174,273,14447,230
2021-06-22,Mariposa,043,17540,441,439,11,450,5
2021-06-22,Mendocino,045,87422,4156,4072,78,4150,49
2021-06-22,Merced,047,269075,31258,31267,1002,32269,464
2021-06-22,Modoc,049,8938,414,405,145,550,3
2021-06-22,Mono,051,14174,1257,1277,13,1290,3
2021-06-22,Monterey,053,433212,43183,43162,1936,45098,427
2021-06-22,Napa,055,140530,10018,10029,36,10065,80
2021-06-22,Nevada,057,99092,4953,4923,201,5124,72
2021-06-22,Orange,059,3164182,255776,255452,11885,267337,5114
2021-06-22,Placer,061,380077,23697,23603,1605,25208,299
2021-06-22,Plumas,063,18699,717,697,12,709,4
2021-06-22,Riverside,065,2383286,292674,289839,14828,304667,4456
2021-06-22,Sacramento,067,1510023,107940,107801,1897,109698,1670
2021-06-22,San Benito,069,59416,6090,6098,119,6217,63
2021-06-22,San Bernardino,071,2135413,293807,293770,9355,303125,4873
2021-06-22,San Diego,073,3302833,282444,281867,15280,297147,3771
2021-06-22,San Francisco,075,870044,37002,37287,1402,38689,556
2021-06-22,San Joaquin,077,732212,73789,73723,3817,77540,1405
2021-06-22,San Luis Obispo,079,281455,21340,21321,788,22109,257
2021-06-22,San Mateo,081,765935,42722,42725,496,43221,542
2021-06-22,Santa Barbara,083,443738,34636,34500,1245,35745,454
2021-06-22,Santa Clara,085,1922200,118937,120194,811,121005,2095
2021-06-22,Santa Cruz,087,273765,16256,16218,876,17094,209
2021-06-22,Shasta,089,179085,12561,12616,1689,14305,202
2021-06-22,Sierra,091,2930,60,57,14,71,0
2021-06-22,Siskiyou,093,43540,1946,1892,391,2283,28
2021-06-22,Solano,095,438530,33364,33397,576,33973,267
2021-06-22,Sonoma,097,501317,30886,30933,374,31307,314
2021-06-22,Stanislaus,099,539301,56949,56915,6246,63161,1017
2021-06-22,Sutter,101,95872,9637,9649,95,9744,113
2021-06-22,Tehama,103,63373,5114,5118,616,5734,63
2021-06-22,Trinity,105,12862,390,337,72,409,3
2021-06-22,Tulare,107,460477,49855,49706,9638,59344,850
2021-06-22,Tuolumne,109,53932,4119,4119,37,4156,64
2021-06-22,Ventura,111,848112,81428,81300,3139,84439,1032
2021-06-22,Yolo,113,214977,14167,14157,364,14521,212
2021-06-22,Yuba,115,75493,6187,6181,134,6315,51
2021-06-21,Alameda,001,1643700,89212,89281,2083,91364,1262
2021-06-21,Alpine,003,1148,89,88,0,88,0
2021-06-21,Amador,005,37829,3747,3742,34,3776,46
2021-06-21,Butte,007,227075,12706,12668,1944,14612,195
2021-06-21,Calaveras,009,45235,2200,2194,15,2209,55
2021-06-21,Colusa,011,21464,1959,1970,328,2298,15
2021-06-21,Contra Costa,013,1133247,70750,70439,1387,71826,813
2021-06-21,Del Norte,015,27424,1424,1416,9,1425,8
2021-06-21,El Dorado,017,186661,10394,10375,790,11165,113
2021-06-21,Fresno,019,978130,102751,102971,9071,112042,1724
2021-06-21,Glenn,021,27897,2433,2433,583,3016,19
2021-06-21,Humboldt,023,135768,4485,4478,42,4520,42
2021-06-21,Imperial,025,180216,28642,28855,2917,31772,740
2021-06-21,Inyo,027,18085,1408,1405,5,1410,35
2021-06-21,Kern,029,883053,97440,96995,11540,108535,1342
2021-06-21,Kings,031,150075,23068,23091,1202,24293,245
2021-06-21,Lake,033,64148,3581,3563,13,3576,45
2021-06-21,Lassen,035,31185,5260,5233,120,5353,19
2021-06-21,Los Angeles,037,10098052,1206984,1205994,44132,1250126,24459
2021-06-21,Madera,039,155013,16709,16647,969,17616,240
2021-06-21,Marin,041,260295,14157,14173,273,14446,230
2021-06-21,Mariposa,043,17540,441,439,11,450,5
2021-06-21,Mendocino,045,87422,4153,4085,78,4163,49
2021-06-21,Merced,047,269075,31248,31264,1001,32265,465
2021-06-21,Modoc,049,8938,414,405,145,550,3
2021-06-21,Mono,051,14174,1257,1277,13,1290,3
2021-06-21,Monterey,053,433212,43180,43157,1936,45093,427
2021-06-21,Napa,055,140530,10014,10028,36,10064,80
2021-06-21,Nevada,057,99092,4949,4921,201,5122,72
2021-06-21,Orange,059,3164182,255706,255400,11877,267277,5113
2021-06-21,Placer,061,380077,23672,23577,1605,25182,298
2021-06-21,Plumas,063,18699,715,697,12,709,4
2021-06-21,Riverside,065,2383286,292600,289797,14823,304620,4456
2021-06-21,Sacramento,067,1510023,107829,107757,1896,109653,1669
2021-06-21,San Benito,069,59416,6086,6098,119,6217,63
2021-06-21,San Bernardino,071,2135413,293722,293736,9350,303086,4850
2021-06-21,San Diego,073,3302833,282338,281811,15260,297071,3771
2021-06-21,San Francisco,075,870044,36986,37275,1401,38676,556
2021-06-21,San Joaquin,077,732212,73748,73687,3816,77503,1405
2021-06-21,San Luis Obispo,079,281455,21331,21316,788,22104,257
2021-06-21,San Mateo,081,765935,42705,42685,495,43180,542
2021-06-21,Santa Barbara,083,443738,34631,34492,1245,35737,455
2021-06-21,Santa Clara,085,1922200,118904,120192,810,121002,2093
2021-06-21,Santa Cruz,087,273765,16254,16212,876,17088,208
2021-06-21,Shasta,089,179085,12548,12617,1686,14303,201
2021-06-21,Sierra,091,2930,60,57,14,71,0
2021-06-21,Siskiyou,093,43540,1946,1892,391,2283,27
2021-06-21,Solano,095,438530,33341,33383,574,33957,266
2021-06-21,Sonoma,097,501317,30864,30912,374,31286,314
2021-06-21,Stanislaus,099,539301,56919,56891,6241,63132,1017
2021-06-21,Sutter,101,95872,9636,9649,95,9744,113
2021-06-21,Tehama,103,63373,5114,5115,615,5730,63
2021-06-21,Trinity,105,12862,390,337,72,409,3
2021-06-21,Tulare,107,460477,49845,49689,9633,59322,849
2021-06-21,Tuolumne,109,53932,4115,4119,37,4156,63
2021-06-21,Ventura,111,848112,81400,81291,3135,84426,1031
2021-06-21,Yolo,113,214977,14161,14165,364,14529,212
2021-06-21,Yuba,115,75493,6186,6172,134,6306,51
2021-06-20,Alameda,001,1643700,89149,89255,2083,91338,1263
2021-06-20,Alpine,003,1148,89,88,0,88,0
2021-06-20,Amador,005,37829,3744,3740,34,3774,46
2021-06-20,Butte,007,227075,12699,12668,1943,14611,194
2021-06-20,Calaveras,009,45235,2198,2193,15,2208,55
2021-06-20,Colusa,011,21464,1959,1970,328,2298,15
2021-06-20,Contra Costa,013,1133247,70694,70401,1385,71786,813
2021-06-20,Del Norte,015,27424,1420,1416,9,1425,8
2021-06-20,El Dorado,017,186661,10380,10372,788,11160,113
2021-06-20,Fresno,019,978130,102711,102947,9067,112014,1724
2021-06-20,Glenn,021,27897,2433,2434,583,3017,19
2021-06-20,Humboldt,023,135768,4479,4472,42,4514,42
2021-06-20,Imperial,025,180216,28633,28855,2917,31772,740
2021-06-20,Inyo,027,18085,1407,1405,5,1410,35
2021-06-20,Kern,029,883053,97419,96985,11529,108514,1342
2021-06-20,Kings,031,150075,23063,23088,1200,24288,245
2021-06-20,Lake,033,64148,3579,3563,13,3576,45
2021-06-20,Lassen,035,31185,5257,5230,120,5350,19
2021-06-20,Los Angeles,037,10098052,1206688,1205874,44122,1249996,24456
2021-06-20,Madera,039,155013,16701,16638,967,17605,240
2021-06-20,Marin,041,260295,14154,14166,273,14439,230
2021-06-20,Mariposa,043,17540,439,439,11,450,5
2021-06-20,Mendocino,045,87422,4146,4080,78,4158,49
2021-06-20,Merced,047,269075,31235,31265,1001,32266,465
2021-06-20,Modoc,049,8938,414,405,145,550,3
2021-06-20,Mono,051,14174,1257,1275,13,1288,3
2021-06-20,Monterey,053,433212,43171,43156,1935,45091,427
2021-06-20,Napa,055,140530,10007,10026,35,10061,80
2021-06-20,Nevada,057,99092,4942,4919,201,5120,72
2021-06-20,Orange,059,3164182,255644,255377,11865,267242,5113
2021-06-20,Placer,061,380077,23639,23562,1601,25163,298
2021-06-20,Plumas,063,18699,714,697,12,709,4
2021-06-20,Riverside,065,2383286,292524,289770,14813,304583,4456
2021-06-20,Sacramento,067,1510023,107719,107700,1893,109593,1669
2021-06-20,San Benito,069,59416,6086,6098,119,6217,63
2021-06-20,San Bernardino,071,2135413,293622,293713,9346,303059,4845
2021-06-20,San Diego,073,3302833,282232,281750,15238,296988,3771
2021-06-20,San Francisco,075,870044,36964,37269,1401,38670,556
2021-06-20,San Joaquin,077,732212,73705,73676,3808,77484,1405
2021-06-20,San Luis Obispo,079,281455,21329,21313,788,22101,257
2021-06-20,San Mateo,081,765935,42676,42681,495,43176,542
2021-06-20,Santa Barbara,083,443738,34622,34487,1245,35732,455
2021-06-20,Santa Clara,085,1922200,118869,120163,810,120973,2093
2021-06-20,Santa Cruz,087,273765,16247,16210,876,17086,208
2021-06-20,Shasta,089,179085,12543,12617,1684,14301,201
2021-06-20,Sierra,091,2930,60,57,14,71,0
2021-06-20,Siskiyou,093,43540,1945,1891,391,2282,27
2021-06-20,Solano,095,438530,33319,33361,572,33933,266
2021-06-20,Sonoma,097,501317,30818,30884,370,31254,314
2021-06-20,Stanislaus,099,539301,56885,56868,6240,63108,1017
2021-06-20,Sutter,101,95872,9633,9645,95,9740,113
2021-06-20,Tehama,103,63373,5110,5115,615,5730,63
2021-06-20,Trinity,105,12862,390,337,72,409,3
2021-06-20,Tulare,107,460477,49836,49685,9631,59316,849
2021-06-20,Tuolumne,109,53932,4112,4117,37,4154,63
2021-06-20,Ventura,111,848112,81384,81282,3133,84415,1031
2021-06-20,Yolo,113,214977,14154,14160,364,14524,212
2021-06-20,Yuba,115,75493,6179,6167,134,6301,51
2021-06-19,Alameda,001,1643700,89116,89202,2083,91285,1263
2021-06-19,Alpine,003,1148,89,88,0,88,0
2021-06-19,Amador,005,37829,3742,3739,34,3773,46
2021-06-19,Butte,007,227075,12695,12659,1943,14602,194
2021-06-19,Calaveras,009,45235,2198,2192,15,2207,55
2021-06-19,Colusa,011,21464,1959,1969,328,2297,15
2021-06-19,Contra Costa,013,1133247,70663,70334,1384,71718,813
2021-06-19,Del Norte,015,27424,1419,1416,9,1425,8
2021-06-19,El Dorado,017,186661,10379,10363,787,11150,113
2021-06-19,Fresno,019,978130,102698,102922,9064,111986,1724
2021-06-19,Glenn,021,27897,2432,2434,582,3016,19
2021-06-19,Humboldt,023,135768,4468,4463,42,4505,42
2021-06-19,Imperial,025,180216,28632,28813,2917,31730,740
2021-06-19,Inyo,027,18085,1407,1405,5,1410,35
2021-06-19,Kern,029,883053,97403,96966,11525,108491,1342
2021-06-19,Kings,031,150075,23060,23086,1200,24286,245
2021-06-19,Lake,033,64148,3575,3563,13,3576,45
2021-06-19,Lassen,035,31185,5256,5225,120,5345,19
2021-06-19,Los Angeles,037,10098052,1206491,1205602,44107,1249709,24454
2021-06-19,Madera,039,155013,16699,16632,967,17599,240
2021-06-19,Marin,041,260295,14146,14152,273,14425,230
2021-06-19,Mariposa,043,17540,439,439,11,450,5
2021-06-19,Mendocino,045,87422,4140,4077,78,4155,49
2021-06-19,Merced,047,269075,31233,31256,1001,32257,465
2021-06-19,Modoc,049,8938,413,402,145,547,3
2021-06-19,Mono,051,14174,1257,1275,13,1288,3
2021-06-19,Monterey,053,433212,43165,43153,1935,45088,427
2021-06-19,Napa,055,140530,10003,10025,35,10060,80
2021-06-19,Nevada,057,99092,4937,4910,201,5111,72
2021-06-19,Orange,059,3164182,255599,255329,11861,267190,5112
2021-06-19,Placer,061,380077,23623,23537,1598,25135,298
2021-06-19,Plumas,063,18699,713,697,12,709,4
2021-06-19,Riverside,065,2383286,292478,289720,14813,304533,4456
2021-06-19,Sacramento,067,1510023,107673,107631,1890,109521,1669
2021-06-19,San Benito,069,59416,6085,6098,119,6217,63
2021-06-19,San Bernardino,071,2135413,293578,293673,9343,303016,4844
2021-06-19,San Diego,073,3302833,282172,281682,15224,296906,3771
2021-06-19,San Francisco,075,870044,36952,37256,1400,38656,556
2021-06-19,San Joaquin,077,732212,73689,73652,3804,77456,1405
2021-06-19,San Luis Obispo,079,281455,21327,21308,788,22096,257
2021-06-19,San Mateo,081,765935,42658,42646,493,43139,542
2021-06-19,Santa Barbara,083,443738,34620,34472,1245,35717,455
2021-06-19,Santa Clara,085,1922200,118846,120110,809,120919,2093
2021-06-19,Santa Cruz,087,273765,16243,16206,876,17082,208
2021-06-19,Shasta,089,179085,12541,12615,1683,14298,201
2021-06-19,Sierra,091,2930,60,57,14,71,0
2021-06-19,Siskiyou,093,43540,1945,1891,390,2281,27
2021-06-19,Solano,095,438530,33309,33341,571,33912,266
2021-06-19,Sonoma,097,501317,30777,30841,369,31210,314
2021-06-19,Stanislaus,099,539301,56866,56847,6237,63084,1017
2021-06-19,Sutter,101,95872,9630,9645,95,9740,113
2021-06-19,Tehama,103,63373,5109,5115,615,5730,63
2021-06-19,Trinity,105,12862,390,337,72,409,3
2021-06-19,Tulare,107,460477,49829,49681,9626,59307,849
2021-06-19,Tuolumne,109,53932,4112,4117,37,4154,63
2021-06-19,Ventura,111,848112,81371,81270,3132,84402,1031
2021-06-19,Yolo,113,214977,14150,14156,363,14519,212
2021-06-19,Yuba,115,75493,6178,6157,134,6291,51
2021-06-18,Alameda,001,1643700,89079,89123,2083,91206,1263
2021-06-18,Alpine,003,1148,89,88,0,88,0
2021-06-18,Amador,005,37829,3742,3739,34,3773,46
2021-06-18,Butte,007,227075,12692,12653,1940,14593,194
2021-06-18,Calaveras,009,45235,2198,2191,15,2206,55
2021-06-18,Colusa,011,21464,1958,1969,328,2297,15
2021-06-18,Contra Costa,013,1133247,70621,70271,1382,71653,813
2021-06-18,Del Norte,015,27424,1419,1415,9,1424,8
2021-06-18,El Dorado,017,186661,10376,10348,785,11133,113
2021-06-18,Fresno,019,978130,102682,102894,9062,111956,1722
2021-06-18,Glenn,021,27897,2431,2430,582,3012,19
2021-06-18,Humboldt,023,135768,4460,4450,42,4492,42
2021-06-18,Imperial,025,180216,28630,28809,2917,31726,740
2021-06-18,Inyo,027,18085,1407,1405,5,1410,35
2021-06-18,Kern,029,883053,97392,96948,11519,108467,1341
2021-06-18,Kings,031,150075,23055,23082,1200,24282,245
2021-06-18,Lake,033,64148,3571,3563,13,3576,45
2021-06-18,Lassen,035,31185,5255,5224,120,5344,19
2021-06-18,Los Angeles,037,10098052,1206336,1205472,44089,1249561,24451
2021-06-18,Madera,039,155013,16693,16625,967,17592,241
2021-06-18,Marin,041,260295,14143,14147,273,14420,230
2021-06-18,Mariposa,043,17540,439,439,11,450,5
2021-06-18,Mendocino,045,87422,4135,4068,78,4146,49
2021-06-18,Merced,047,269075,31231,31262,1001,32263,464
2021-06-18,Modoc,049,8938,413,402,145,547,3
2021-06-18,Mono,051,14174,1256,1275,12,1287,3
2021-06-18,Monterey,053,433212,43162,43148,1935,45083,427
2021-06-18,Napa,055,140530,9999,10021,35,10056,80
2021-06-18,Nevada,057,99092,4929,4903,201,5104,72
2021-06-18,Orange,059,3164182,255563,255274,11858,267132,5108
2021-06-18,Placer,061,380077,23614,23500,1595,25095,298
2021-06-18,Plumas,063,18699,713,697,12,709,4
2021-06-18,Riverside,065,2383286,292430,289676,14812,304488,4457
2021-06-18,Sacramento,067,1510023,107625,107570,1890,109460,1669
2021-06-18,San Benito,069,59416,6084,6097,119,6216,63
2021-06-18,San Bernardino,071,2135413,293534,293629,9338,302967,4826
2021-06-18,San Diego,073,3302833,282096,281608,15213,296821,3771
2021-06-18,San Francisco,075,870044,36943,37246,1400,38646,556
2021-06-18,San Joaquin,077,732212,73671,73623,3802,77425,1403
2021-06-18,San Luis Obispo,079,281455,21323,21301,787,22088,257
2021-06-18,San Mateo,081,765935,42647,42630,492,43122,542
2021-06-18,Santa Barbara,083,443738,34610,34469,1245,35714,455
2021-06-18,Santa Clara,085,1922200,118825,120081,808,120889,2093
2021-06-18,Santa Cruz,087,273765,16239,16202,876,17078,208
2021-06-18,Shasta,089,179085,12537,12607,1681,14288,201
2021-06-18,Sierra,091,2930,59,57,14,71,0
2021-06-18,Siskiyou,093,43540,1945,1890,390,2280,27
2021-06-18,Solano,095,438530,33295,33323,571,33894,266
2021-06-18,Sonoma,097,501317,30760,30816,367,31183,313
2021-06-18,Stanislaus,099,539301,56851,56803,6235,63038,1012
2021-06-18,Sutter,101,95872,9627,9643,95,9738,113
2021-06-18,Tehama,103,63373,5107,5114,615,5729,63
2021-06-18,Trinity,105,12862,390,337,71,408,3
2021-06-18,Tulare,107,460477,49827,49664,9619,59283,849
2021-06-18,Tuolumne,109,53932,4110,4116,37,4153,63
2021-06-18,Ventura,111,848112,81361,81256,3127,84383,1031
2021-06-18,Yolo,113,214977,14147,14148,361,14509,212
2021-06-18,Yuba,115,75493,6172,6150,134,6284,51
2021-06-17,Alameda,001,1643700,89033,89087,2083,91170,1262
2021-06-17,Alpine,003,1148,89,88,0,88,0
2021-06-17,Amador,005,37829,3740,3731,34,3765,46
2021-06-17,Butte,007,227075,12682,12644,1939,14583,194
2021-06-17,Calaveras,009,45235,2197,2189,15,2204,55
2021-06-17,Colusa,011,21464,1957,1969,328,2297,15
2021-06-17,Contra Costa,013,1133247,70582,70190,1379,71569,810
2021-06-17,Del Norte,015,27424,1417,1413,9,1422,8
2021-06-17,El Dorado,017,186661,10366,10341,785,11126,113
2021-06-17,Fresno,019,978130,102656,102867,9058,111925,1722
2021-06-17,Glenn,021,27897,2431,2430,582,3012,19
2021-06-17,Humboldt,023,135768,4451,4438,42,4480,42
2021-06-17,Imperial,025,180216,28622,28801,2917,31718,741
2021-06-17,Inyo,027,18085,1407,1405,5,1410,35
2021-06-17,Kern,029,883053,97378,96840,11512,108352,1340
2021-06-17,Kings,031,150075,23051,23078,1199,24277,245
2021-06-17,Lake,033,64148,3568,3563,9,3572,45
2021-06-17,Lassen,035,31185,5251,5223,120,5343,19
2021-06-17,Los Angeles,037,10098052,1206126,1205301,44059,1249360,24444
2021-06-17,Madera,039,155013,16688,16618,967,17585,241
2021-06-17,Marin,041,260295,14143,14141,273,14414,229
2021-06-17,Mariposa,043,17540,439,439,11,450,5
2021-06-17,Mendocino,045,87422,4128,4054,78,4132,49
2021-06-17,Merced,047,269075,31226,31262,1001,32263,464
2021-06-17,Modoc,049,8938,412,401,145,546,3
2021-06-17,Mono,051,14174,1255,1275,12,1287,3
2021-06-17,Monterey,053,433212,43155,43140,1935,45075,416
2021-06-17,Napa,055,140530,9999,10014,35,10049,80
2021-06-17,Nevada,057,99092,4925,4898,201,5099,72
2021-06-17,Orange,059,3164182,255519,255240,11846,267086,5109
2021-06-17,Placer,061,380077,23598,23461,1593,25054,298
2021-06-17,Plumas,063,18699,712,697,12,709,4
2021-06-17,Riverside,065,2383286,292377,289627,14809,304436,4458
2021-06-17,Sacramento,067,1510023,107561,107492,1888,109380,1666
2021-06-17,San Benito,069,59416,6084,6097,119,6216,63
2021-06-17,San Bernardino,071,2135413,293494,293560,9338,302898,4811
2021-06-17,San Diego,073,3302833,282019,281531,15199,296730,3771
2021-06-17,San Francisco,075,870044,36932,37243,1399,38642,556
2021-06-17,San Joaquin,077,732212,73648,73560,3797,77357,1403
2021-06-17,San Luis Obispo,079,281455,21321,21297,787,22084,257
2021-06-17,San Mateo,081,765935,42641,42615,492,43107,542
2021-06-17,Santa Barbara,083,443738,34604,34466,1245,35711,453
2021-06-17,Santa Clara,085,1922200,118800,120032,807,120839,2093
2021-06-17,Santa Cruz,087,273765,16235,16197,876,17073,208
2021-06-17,Shasta,089,179085,12529,12597,1681,14278,201
2021-06-17,Sierra,091,2930,59,56,14,70,0
2021-06-17,Siskiyou,093,43540,1944,1889,390,2279,27
2021-06-17,Solano,095,438530,33274,33296,570,33866,266
2021-06-17,Sonoma,097,501317,30729,30793,367,31160,323
2021-06-17,Stanislaus,099,539301,56820,56752,6229,62981,1012
2021-06-17,Sutter,101,95872,9624,9629,95,9724,113
2021-06-17,Tehama,103,63373,5106,5112,613,5725,63
2021-06-17,Trinity,105,12862,389,337,71,408,3
2021-06-17,Tulare,107,460477,49822,49649,9611,59260,849
2021-06-17,Tuolumne,109,53932,4109,4116,37,4153,63
2021-06-17,Ventura,111,848112,81352,81248,3124,84372,1030
2021-06-17,Yolo,113,214977,14139,14141,361,14502,212
2021-06-17,Yuba,115,75493,6163,6140,134,6274,51
2021-06-16,Alameda,001,1643700,88982,89045,2079,91124,1265
2021-06-16,Alpine,003,1148,89,88,0,88,0
2021-06-16,Amador,005,37829,3739,3730,34,3764,46
2021-06-16,Butte,007,227075,12680,12635,1937,14572,194
2021-06-16,Calaveras,009,45235,2195,2188,15,2203,55
2021-06-16,Colusa,011,21464,1957,1967,328,2295,15
2021-06-16,Contra Costa,013,1133247,70530,70136,1378,71514,810
2021-06-16,Del Norte,015,27424,1414,1413,9,1422,8
2021-06-16,El Dorado,017,186661,10360,10334,784,11118,113
2021-06-16,Fresno,019,978130,102626,102842,9054,111896,1722
2021-06-16,Glenn,021,27897,2431,2430,582,3012,19
2021-06-16,Humboldt,023,135768,4442,4427,41,4468,42
2021-06-16,Imperial,025,180216,28619,28796,2917,31713,741
2021-06-16,Inyo,027,18085,1406,1405,5,1410,35
2021-06-16,Kern,029,883053,97357,96789,11503,108292,1339
2021-06-16,Kings,031,150075,23050,23072,1198,24270,245
2021-06-16,Lake,033,64148,3568,3562,9,3571,45
2021-06-16,Lassen,035,31185,5248,5216,120,5336,19
2021-06-16,Los Angeles,037,10098052,1205903,1205102,44047,1249149,24439
2021-06-16,Madera,039,155013,16684,16603,967,17570,240
2021-06-16,Marin,041,260295,14141,14137,273,14410,229
2021-06-16,Mariposa,043,17540,439,437,11,448,5
2021-06-16,Mendocino,045,87422,4120,4041,78,4119,49
2021-06-16,Merced,047,269075,31218,31250,1001,32251,463
2021-06-16,Modoc,049,8938,411,383,144,527,3
2021-06-16,Mono,051,14174,1255,1275,12,1287,3
2021-06-16,Monterey,053,433212,43152,43122,1935,45057,416
2021-06-16,Napa,055,140530,9995,10011,35,10046,80
2021-06-16,Nevada,057,99092,4920,4894,201,5095,72
2021-06-16,Orange,059,3164182,255470,255188,11839,267027,5109
2021-06-16,Placer,061,380077,23589,23425,1589,25014,298
2021-06-16,Plumas,063,18699,712,697,12,709,4
2021-06-16,Riverside,065,2383286,292317,289539,14807,304346,4457
2021-06-16,Sacramento,067,1510023,107491,107422,1884,109306,1665
2021-06-16,San Benito,069,59416,6084,6090,119,6209,63
2021-06-16,San Bernardino,071,2135413,293445,293499,9336,302835,4797
2021-06-16,San Diego,073,3302833,281941,281423,15186,296609,3770
2021-06-16,San Francisco,075,870044,36919,37222,1397,38619,555
2021-06-16,San Joaquin,077,732212,73611,73530,3793,77323,1399
2021-06-16,San Luis Obispo,079,281455,21316,21294,787,22081,257
2021-06-16,San Mateo,081,765935,42625,42601,492,43093,542
2021-06-16,Santa Barbara,083,443738,34598,34459,1245,35704,460
2021-06-16,Santa Clara,085,1922200,118768,119982,807,120789,2087
2021-06-16,Santa Cruz,087,273765,16232,16187,876,17063,208
2021-06-16,Shasta,089,179085,12524,12592,1680,14272,200
2021-06-16,Sierra,091,2930,59,56,14,70,0
2021-06-16,Siskiyou,093,43540,1943,1886,390,2276,26
2021-06-16,Solano,095,438530,33246,33276,570,33846,266
2021-06-16,Sonoma,097,501317,30693,30741,367,31108,323
2021-06-16,Stanislaus,099,539301,56789,56738,6227,62965,984
2021-06-16,Sutter,101,95872,9620,9620,95,9715,113
2021-06-16,Tehama,103,63373,5104,5106,613,5719,63
2021-06-16,Trinity,105,12862,388,332,71,403,3
2021-06-16,Tulare,107,460477,49817,49578,9607,59185,849
2021-06-16,Tuolumne,109,53932,4109,4110,37,4147,63
2021-06-16,Ventura,111,848112,81338,81229,3122,84351,1029
2021-06-16,Yolo,113,214977,14130,14135,360,14495,212
2021-06-16,Yuba,115,75493,6153,6134,134,6268,51
2021-06-15,Alameda,001,1643700,88940,89008,2079,91087,1262
2021-06-15,Alpine,003,1148,89,88,0,88,0
2021-06-15,Amador,005,37829,3736,3723,34,3757,46
2021-06-15,Butte,007,227075,12672,12620,1936,14556,194
2021-06-15,Calaveras,009,45235,2194,2188,15,2203,55
2021-06-15,Colusa,011,21464,1957,1967,326,2293,15
2021-06-15,Contra Costa,013,1133247,70468,70101,1378,71479,810
2021-06-15,Del Norte,015,27424,1413,1411,9,1420,8
2021-06-15,El Dorado,017,186661,10351,10330,784,11114,113
2021-06-15,Fresno,019,978130,102595,102828,9053,111881,1722
2021-06-15,Glenn,021,27897,2430,2426,582,3008,19
2021-06-15,Humboldt,023,135768,4433,4414,40,4454,42
2021-06-15,Imperial,025,180216,28613,28789,2917,31706,741
2021-06-15,Inyo,027,18085,1406,1405,5,1410,35
2021-06-15,Kern,029,883053,97329,96782,11494,108276,1338
2021-06-15,Kings,031,150075,23044,23070,1196,24266,245
2021-06-15,Lake,033,64148,3567,3559,9,3568,45
2021-06-15,Lassen,035,31185,5247,5211,120,5331,19
2021-06-15,Los Angeles,037,10098052,1205675,1204926,44038,1248964,24435
2021-06-15,Madera,039,155013,16677,16600,966,17566,240
2021-06-15,Marin,041,260295,14133,14135,273,14408,229
2021-06-15,Mariposa,043,17540,439,437,11,448,5
2021-06-15,Mendocino,045,87422,4113,4034,78,4112,49
2021-06-15,Merced,047,269075,31212,31244,1001,32245,461
2021-06-15,Modoc,049,8938,410,383,144,527,3
2021-06-15,Mono,051,14174,1255,1275,12,1287,3
2021-06-15,Monterey,053,433212,43146,43118,1935,45053,416
2021-06-15,Napa,055,140530,9993,10010,35,10045,80
2021-06-15,Nevada,057,99092,4917,4888,201,5089,72
2021-06-15,Orange,059,3164182,255433,255127,11830,266957,5105
2021-06-15,Placer,061,380077,23567,23396,1588,24984,298
2021-06-15,Plumas,063,18699,711,697,12,709,4
2021-06-15,Riverside,065,2383286,292260,289508,14803,304311,4455
2021-06-15,Sacramento,067,1510023,107416,107370,1877,109247,1662
2021-06-15,San Benito,069,59416,6083,6089,119,6208,63
2021-06-15,San Bernardino,071,2135413,293395,293463,9331,302794,4790
2021-06-15,San Diego,073,3302833,281857,281375,15171,296546,3770
2021-06-15,San Francisco,075,870044,36910,37210,1396,38606,555
2021-06-15,San Joaquin,077,732212,73572,73494,3789,77283,1399
2021-06-15,San Luis Obispo,079,281455,21311,21293,786,22079,257
2021-06-15,San Mateo,081,765935,42612,42593,492,43085,543
2021-06-15,Santa Barbara,083,443738,34593,34451,1245,35696,460
2021-06-15,Santa Clara,085,1922200,118730,119963,807,120770,2086
2021-06-15,Santa Cruz,087,273765,16225,16180,876,17056,208
2021-06-15,Shasta,089,179085,12518,12583,1680,14263,201
2021-06-15,Sierra,091,2930,58,55,14,69,0
2021-06-15,Siskiyou,093,43540,1942,1887,390,2277,26
2021-06-15,Solano,095,438530,33227,33264,570,33834,266
2021-06-15,Sonoma,097,501317,30654,30707,366,31073,323
2021-06-15,Stanislaus,099,539301,56760,56724,6224,62948,979
2021-06-15,Sutter,101,95872,9611,9616,95,9711,113
2021-06-15,Tehama,103,63373,5102,5102,613,5715,63
2021-06-15,Trinity,105,12862,387,332,71,403,3
2021-06-15,Tulare,107,460477,49811,49561,9603,59164,848
2021-06-15,Tuolumne,109,53932,4109,4111,37,4148,63
2021-06-15,Ventura,111,848112,81327,81215,3119,84334,1029
2021-06-15,Yolo,113,214977,14126,14127,358,14485,212
2021-06-15,Yuba,115,75493,6142,6130,134,6264,51
2021-06-14,Alameda,001,1643700,88890,88966,2078,91044,1264
2021-06-14,Alpine,003,1148,89,88,0,88,0
2021-06-14,Amador,005,37829,3735,3722,34,3756,46
2021-06-14,Butte,007,227075,12661,12613,1932,14545,194
2021-06-14,Calaveras,009,45235,2192,2190,15,2205,55
2021-06-14,Colusa,011,21464,1956,1966,326,2292,15
2021-06-14,Contra Costa,013,1133247,70415,70069,1376,71445,810
2021-06-14,Del Norte,015,27424,1413,1411,9,1420,8
2021-06-14,El Dorado,017,186661,10342,10327,783,11110,113
2021-06-14,Fresno,019,978130,102573,102812,9052,111864,1719
2021-06-14,Glenn,021,27897,2430,2426,582,3008,19
2021-06-14,Humboldt,023,135768,4425,4407,39,4446,42
2021-06-14,Imperial,025,180216,28601,28836,2917,31753,741
2021-06-14,Inyo,027,18085,1405,1405,5,1410,35
2021-06-14,Kern,029,883053,97310,96760,11483,108243,1337
2021-06-14,Kings,031,150075,23042,23071,1194,24265,245
2021-06-14,Lake,033,64148,3566,3557,9,3566,45
2021-06-14,Lassen,035,31185,5244,5209,119,5328,19
2021-06-14,Los Angeles,037,10098052,1205443,1204748,44028,1248776,24434
2021-06-14,Madera,039,155013,16671,16597,965,17562,240
2021-06-14,Marin,041,260295,14131,14133,273,14406,229
2021-06-14,Mariposa,043,17540,438,437,11,448,5
2021-06-14,Mendocino,045,87422,4107,4028,78,4106,49
2021-06-14,Merced,047,269075,31203,31241,1000,32241,461
2021-06-14,Modoc,049,8938,401,382,142,524,3
2021-06-14,Mono,051,14174,1255,1275,12,1287,3
2021-06-14,Monterey,053,433212,43143,43110,1935,45045,415
2021-06-14,Napa,055,140530,9989,10000,35,10035,80
2021-06-14,Nevada,057,99092,4910,4885,201,5086,72
2021-06-14,Orange,059,3164182,255395,255069,11826,266895,5103
2021-06-14,Placer,061,380077,23542,23379,1587,24966,298
2021-06-14,Plumas,063,18699,711,696,12,708,4
2021-06-14,Riverside,065,2383286,292209,289476,14801,304277,4453
2021-06-14,Sacramento,067,1510023,107364,107334,1871,109205,1661
2021-06-14,San Benito,069,59416,6083,6087,119,6206,63
2021-06-14,San Bernardino,071,2135413,293338,293446,9327,302773,4790
2021-06-14,San Diego,073,3302833,281752,281314,15151,296465,3770
2021-06-14,San Francisco,075,870044,36897,37206,1396,38602,555
2021-06-14,San Joaquin,077,732212,73543,73453,3789,77242,1398
2021-06-14,San Luis Obispo,079,281455,21309,21302,786,22088,256
2021-06-14,San Mateo,081,765935,42598,42619,491,43110,543
2021-06-14,Santa Barbara,083,443738,34590,34449,1245,35694,460
2021-06-14,Santa Clara,085,1922200,118699,119957,806,120763,2085
2021-06-14,Santa Cruz,087,273765,16223,16175,876,17051,208
2021-06-14,Shasta,089,179085,12508,12561,1677,14238,201
2021-06-14,Sierra,091,2930,57,55,14,69,0
2021-06-14,Siskiyou,093,43540,1942,1886,390,2276,26
2021-06-14,Solano,095,438530,33209,33243,569,33812,266
2021-06-14,Sonoma,097,501317,30622,30679,365,31044,323
2021-06-14,Stanislaus,099,539301,56723,56689,6223,62912,975
2021-06-14,Sutter,101,95872,9608,9607,95,9702,112
2021-06-14,Tehama,103,63373,5100,5102,613,5715,63
2021-06-14,Trinity,105,12862,387,332,71,403,3
2021-06-14,Tulare,107,460477,49807,49538,9599,59137,848
2021-06-14,Tuolumne,109,53932,4106,4108,37,4145,63
2021-06-14,Ventura,111,848112,81317,81209,3119,84328,1028
2021-06-14,Yolo,113,214977,14118,14123,358,14481,212
2021-06-14,Yuba,115,75493,6135,6127,134,6261,50
2021-06-13,Alameda,001,1643700,88834,88947,2076,91023,1264
2021-06-13,Alpine,003,1148,88,88,0,88,0
2021-06-13,Amador,005,37829,3731,3721,34,3755,46
2021-06-13,Butte,007,227075,12650,12586,1929,14515,194
2021-06-13,Calaveras,009,45235,2192,2189,15,2204,55
2021-06-13,Colusa,011,21464,1956,1965,325,2290,15
2021-06-13,Contra Costa,013,1133247,70361,70040,1374,71414,810
2021-06-13,Del Norte,015,27424,1411,1412,9,1421,8
2021-06-13,El Dorado,017,186661,10333,10324,783,11107,113
2021-06-13,Fresno,019,978130,102543,102795,9047,111842,1719
2021-06-13,Glenn,021,27897,2429,2425,580,3005,19
2021-06-13,Humboldt,023,135768,4412,4401,39,4440,42
2021-06-13,Imperial,025,180216,28592,28800,2917,31717,741
2021-06-13,Inyo,027,18085,1405,1405,5,1410,35
2021-06-13,Kern,029,883053,97287,96743,11470,108213,1337
2021-06-13,Kings,031,150075,23037,23069,1193,24262,245
2021-06-13,Lake,033,64148,3566,3556,9,3565,45
2021-06-13,Lassen,035,31185,5239,5209,119,5328,19
2021-06-13,Los Angeles,037,10098052,1205183,1204614,44015,1248629,24433
2021-06-13,Madera,039,155013,16657,16590,965,17555,240
2021-06-13,Marin,041,260295,14125,14126,273,14399,229
2021-06-13,Mariposa,043,17540,438,434,11,445,5
2021-06-13,Mendocino,045,87422,4100,4026,78,4104,49
2021-06-13,Merced,047,269075,31196,31240,1000,32240,461
2021-06-13,Modoc,049,8938,399,382,140,522,3
2021-06-13,Mono,051,14174,1255,1275,12,1287,3
2021-06-13,Monterey,053,433212,43135,43108,1935,45043,415
2021-06-13,Napa,055,140530,9983,9995,35,10030,80
2021-06-13,Nevada,057,99092,4905,4883,201,5084,72
2021-06-13,Orange,059,3164182,255342,255043,11824,266867,5103
2021-06-13,Placer,061,380077,23516,23365,1585,24950,295
2021-06-13,Plumas,063,18699,710,696,12,708,4
2021-06-13,Riverside,065,2383286,292142,289447,14798,304245,4453
2021-06-13,Sacramento,067,1510023,107288,107289,1868,109157,1658
2021-06-13,San Benito,069,59416,6083,6086,119,6205,63
2021-06-13,San Bernardino,071,2135413,293289,293416,9321,302737,4788
2021-06-13,San Diego,073,3302833,281673,281268,15135,296403,3770
2021-06-13,San Francisco,075,870044,36886,37197,1396,38593,555
2021-06-13,San Joaquin,077,732212,73512,73438,3787,77225,1398
2021-06-13,San Luis Obispo,079,281455,21303,21298,785,22083,256
2021-06-13,San Mateo,081,765935,42584,42611,491,43102,542
2021-06-13,Santa Barbara,083,443738,34579,34449,1244,35693,460
2021-06-13,Santa Clara,085,1922200,118675,119946,806,120752,2085
2021-06-13,Santa Cruz,087,273765,16216,16172,876,17048,208
2021-06-13,Shasta,089,179085,12499,12560,1676,14236,201
2021-06-13,Sierra,091,2930,57,55,14,69,0
2021-06-13,Siskiyou,093,43540,1941,1885,390,2275,26
2021-06-13,Solano,095,438530,33187,33234,569,33803,266
2021-06-13,Sonoma,097,501317,30587,30663,363,31026,323
2021-06-13,Stanislaus,099,539301,56696,56671,6222,62893,975
2021-06-13,Sutter,101,95872,9601,9603,95,9698,112
2021-06-13,Tehama,103,63373,5098,5100,613,5713,63
2021-06-13,Trinity,105,12862,386,332,71,403,3
2021-06-13,Tulare,107,460477,49798,49537,9594,59131,848
2021-06-13,Tuolumne,109,53932,4104,4107,36,4143,63
2021-06-13,Ventura,111,848112,81303,81201,3119,84320,1028
2021-06-13,Yolo,113,214977,14111,14120,356,14476,212
2021-06-13,Yuba,115,75493,6128,6125,134,6259,50
2021-06-12,Alameda,001,1643700,88805,88901,2076,90977,1271
2021-06-12,Alpine,003,1148,88,88,0,88,0
2021-06-12,Amador,005,37829,3730,3721,34,3755,46
2021-06-12,Butte,007,227075,12646,12576,1929,14505,194
2021-06-12,Calaveras,009,45235,2192,2189,15,2204,55
2021-06-12,Colusa,011,21464,1956,1965,325,2290,15
2021-06-12,Contra Costa,013,1133247,70330,69989,1371,71360,810
2021-06-12,Del Norte,015,27424,1411,1412,9,1421,8
2021-06-12,El Dorado,017,186661,10328,10320,782,11102,113
2021-06-12,Fresno,019,978130,102533,102783,9046,111829,1720
2021-06-12,Glenn,021,27897,2427,2425,580,3005,19
2021-06-12,Humboldt,023,135768,4404,4396,39,4435,42
2021-06-12,Imperial,025,180216,28589,28799,2917,31716,741
2021-06-12,Inyo,027,18085,1405,1405,5,1410,35
2021-06-12,Kern,029,883053,97272,96731,11466,108197,1337
2021-06-12,Kings,031,150075,23035,23067,1193,24260,245
2021-06-12,Lake,033,64148,3565,3552,9,3561,45
2021-06-12,Lassen,035,31185,5239,5208,119,5327,19
2021-06-12,Los Angeles,037,10098052,1205047,1204439,44007,1248446,24434
2021-06-12,Madera,039,155013,16653,16586,965,17551,240
2021-06-12,Marin,041,260295,14122,14121,273,14394,229
2021-06-12,Mariposa,043,17540,438,434,11,445,5
2021-06-12,Mendocino,045,87422,4097,4024,78,4102,49
2021-06-12,Merced,047,269075,31193,31236,1000,32236,461
2021-06-12,Modoc,049,8938,398,382,140,522,3
2021-06-12,Mono,051,14174,1255,1275,12,1287,3
2021-06-12,Monterey,053,433212,43130,43103,1935,45038,415
2021-06-12,Napa,055,140530,9979,9986,35,10021,80
2021-06-12,Nevada,057,99092,4899,4878,201,5079,72
2021-06-12,Orange,059,3164182,255313,255004,11822,266826,5103
2021-06-12,Placer,061,380077,23497,23345,1585,24930,295
2021-06-12,Plumas,063,18699,710,696,12,708,4
2021-06-12,Riverside,065,2383286,292100,289413,14795,304208,4453
2021-06-12,Sacramento,067,1510023,107228,107199,1865,109064,1658
2021-06-12,San Benito,069,59416,6081,6083,119,6202,63
2021-06-12,San Bernardino,071,2135413,293255,293375,9319,302694,4788
2021-06-12,San Diego,073,3302833,281616,281203,15126,296329,3770
2021-06-12,San Francisco,075,870044,36876,37189,1396,38585,555
2021-06-12,San Joaquin,077,732212,73493,73413,3786,77199,1398
2021-06-12,San Luis Obispo,079,281455,21300,21293,785,22078,256
2021-06-12,San Mateo,081,765935,42579,42604,491,43095,542
2021-06-12,Santa Barbara,083,443738,34575,34450,1244,35694,460
2021-06-12,Santa Clara,085,1922200,118635,119894,806,120700,2085
2021-06-12,Santa Cruz,087,273765,16208,16170,876,17046,208
2021-06-12,Shasta,089,179085,12496,12556,1675,14231,201
2021-06-12,Sierra,091,2930,57,55,14,69,0
2021-06-12,Siskiyou,093,43540,1940,1884,390,2274,25
2021-06-12,Solano,095,438530,33178,33219,569,33788,266
2021-06-12,Sonoma,097,501317,30559,30647,362,31009,323
2021-06-12,Stanislaus,099,539301,56679,56649,6221,62870,974
2021-06-12,Sutter,101,95872,9597,9603,95,9698,112
2021-06-12,Tehama,103,63373,5098,5099,612,5711,63
2021-06-12,Trinity,105,12862,386,332,71,403,3
2021-06-12,Tulare,107,460477,49793,49533,9587,59120,848
2021-06-12,Tuolumne,109,53932,4103,4105,36,4141,63
2021-06-12,Ventura,111,848112,81291,81197,3119,84316,1028
2021-06-12,Yolo,113,214977,14108,14118,354,14472,212
2021-06-12,Yuba,115,75493,6123,6120,134,6254,50
2021-06-11,Alameda,001,1643700,88777,88844,2076,90920,1278
2021-06-11,Alpine,003,1148,88,88,0,88,0
2021-06-11,Amador,005,37829,3730,3710,34,3744,46
2021-06-11,Butte,007,227075,12642,12576,1927,14503,194
2021-06-11,Calaveras,009,45235,2192,2188,15,2203,55
2021-06-11,Colusa,011,21464,1955,1964,325,2289,15
2021-06-11,Contra Costa,013,1133247,70297,69940,1369,71309,808
2021-06-11,Del Norte,015,27424,1411,1409,9,1418,8
2021-06-11,El Dorado,017,186661,10325,10316,782,11098,113
2021-06-11,Fresno,019,978130,102515,102770,9045,111815,1720
2021-06-11,Glenn,021,27897,2427,2425,580,3005,19
2021-06-11,Humboldt,023,135768,4400,4389,39,4428,42
2021-06-11,Imperial,025,180216,28584,28793,2917,31710,741
2021-06-11,Inyo,027,18085,1405,1405,5,1410,35
2021-06-11,Kern,029,883053,97260,96718,11462,108180,1340
2021-06-11,Kings,031,150075,23031,23069,1192,24261,245
2021-06-11,Lake,033,64148,3564,3550,9,3559,45
2021-06-11,Lassen,035,31185,5238,5204,119,5323,18
2021-06-11,Los Angeles,037,10098052,1204901,1204259,43993,1248252,24434
2021-06-11,Madera,039,155013,16650,16582,965,17547,240
2021-06-11,Marin,041,260295,14119,14116,273,14389,229
2021-06-11,Mariposa,043,17540,438,434,11,445,5
2021-06-11,Mendocino,045,87422,4094,4022,78,4100,49
2021-06-11,Merced,047,269075,31188,31231,1000,32231,461
2021-06-11,Modoc,049,8938,398,382,139,521,3
2021-06-11,Mono,051,14174,1255,1274,12,1286,3
2021-06-11,Monterey,053,433212,43126,43097,1935,45032,415
2021-06-11,Napa,055,140530,9976,9977,35,10012,80
2021-06-11,Nevada,057,99092,4897,4873,201,5074,72
2021-06-11,Orange,059,3164182,255287,254975,11818,266793,5101
2021-06-11,Placer,061,380077,23492,23330,1585,24915,294
2021-06-11,Plumas,063,18699,710,696,12,708,4
2021-06-11,Riverside,065,2383286,292062,289376,14792,304168,4451
2021-06-11,Sacramento,067,1510023,107168,107119,1864,108983,1659
2021-06-11,San Benito,069,59416,6080,6082,119,6201,63
2021-06-11,San Bernardino,071,2135413,293219,293335,9315,302650,4788
2021-06-11,San Diego,073,3302833,281576,281144,15119,296263,3768
2021-06-11,San Francisco,075,870044,36871,37177,1396,38573,555
2021-06-11,San Joaquin,077,732212,73476,73347,3783,77130,1397
2021-06-11,San Luis Obispo,079,281455,21299,21288,785,22073,256
2021-06-11,San Mateo,081,765935,42565,42585,491,43076,542
2021-06-11,Santa Barbara,083,443738,34572,34438,1244,35682,460
2021-06-11,Santa Clara,085,1922200,118616,119860,806,120666,2083
2021-06-11,Santa Cruz,087,273765,16200,16164,876,17040,208
2021-06-11,Shasta,089,179085,12488,12550,1673,14223,201
2021-06-11,Sierra,091,2930,57,55,14,69,0
2021-06-11,Siskiyou,093,43540,1939,1882,390,2272,25
2021-06-11,Solano,095,438530,33158,33179,568,33747,266
2021-06-11,Sonoma,097,501317,30541,30624,362,30986,323
2021-06-11,Stanislaus,099,539301,56653,56617,6217,62834,974
2021-06-11,Sutter,101,95872,9594,9600,94,9694,112
2021-06-11,Tehama,103,63373,5097,5099,612,5711,63
2021-06-11,Trinity,105,12862,386,331,71,402,3
2021-06-11,Tulare,107,460477,49787,49516,9586,59102,848
2021-06-11,Tuolumne,109,53932,4100,4104,36,4140,63
2021-06-11,Ventura,111,848112,81281,81189,3119,84308,1026
2021-06-11,Yolo,113,214977,14101,14111,350,14461,212
2021-06-11,Yuba,115,75493,6119,6113,134,6247,50
2021-06-10,Alameda,001,1643700,88732,88806,2075,90881,1275
2021-06-10,Alpine,003,1148,88,88,0,88,0
2021-06-10,Amador,005,37829,3726,3709,34,3743,46
2021-06-10,Butte,007,227075,12625,12565,1927,14492,194
2021-06-10,Calaveras,009,45235,2192,2188,15,2203,55
2021-06-10,Colusa,011,21464,1953,1964,325,2289,15
2021-06-10,Contra Costa,013,1133247,70243,69876,1369,71245,807
2021-06-10,Del Norte,015,27424,1411,1405,9,1414,8
2021-06-10,El Dorado,017,186661,10318,10314,778,11092,113
2021-06-10,Fresno,019,978130,102490,102724,9044,111768,1717
2021-06-10,Glenn,021,27897,2427,2425,580,3005,19
2021-06-10,Humboldt,023,135768,4392,4384,39,4423,42
2021-06-10,Imperial,025,180216,28578,28779,2917,31696,739
2021-06-10,Inyo,027,18085,1405,1405,5,1410,35
2021-06-10,Kern,029,883053,97246,96706,11457,108163,1336
2021-06-10,Kings,031,150075,23030,23067,1192,24259,245
2021-06-10,Lake,033,64148,3559,3550,9,3559,45
2021-06-10,Lassen,035,31185,5236,5201,119,5320,18
2021-06-10,Los Angeles,037,10098052,1204738,1204110,43976,1248086,24440
2021-06-10,Madera,039,155013,16643,16581,965,17546,240
2021-06-10,Marin,041,260295,14116,14118,273,14391,229
2021-06-10,Mariposa,043,17540,436,434,11,445,5
2021-06-10,Mendocino,045,87422,4089,4016,78,4094,48
2021-06-10,Merced,047,269075,31180,31231,997,32228,461
2021-06-10,Modoc,049,8938,397,381,139,520,3
2021-06-10,Mono,051,14174,1254,1274,12,1286,3
2021-06-10,Monterey,053,433212,43120,43090,1935,45025,415
2021-06-10,Napa,055,140530,9975,9974,35,10009,80
2021-06-10,Nevada,057,99092,4892,4866,201,5067,72
2021-06-10,Orange,059,3164182,255259,254950,11811,266761,5097
2021-06-10,Placer,061,380077,23479,23296,1585,24881,293
2021-06-10,Plumas,063,18699,710,696,12,708,4
2021-06-10,Riverside,065,2383286,292021,289335,14787,304122,4450
2021-06-10,Sacramento,067,1510023,107106,107049,1864,108913,1658
2021-06-10,San Benito,069,59416,6080,6079,119,6198,63
2021-06-10,San Bernardino,071,2135413,293178,293281,9311,302592,4782
2021-06-10,San Diego,073,3302833,281518,281052,15102,296154,3766
2021-06-10,San Francisco,075,870044,36861,37159,1394,38553,552
2021-06-10,San Joaquin,077,732212,73442,73276,3782,77058,1393
2021-06-10,San Luis Obispo,079,281455,21296,21280,785,22065,256
2021-06-10,San Mateo,081,765935,42558,42562,491,43053,666
2021-06-10,Santa Barbara,083,443738,34568,34434,1244,35678,460
2021-06-10,Santa Clara,085,1922200,118581,119832,805,120637,2075
2021-06-10,Santa Cruz,087,273765,16199,16159,876,17035,208
2021-06-10,Shasta,089,179085,12478,12536,1672,14208,201
2021-06-10,Sierra,091,2930,56,55,14,69,0
2021-06-10,Siskiyou,093,43540,1939,1881,390,2271,25
2021-06-10,Solano,095,438530,33141,33150,567,33717,265
2021-06-10,Sonoma,097,501317,30505,30571,360,30931,323
2021-06-10,Stanislaus,099,539301,56632,56588,6213,62801,974
2021-06-10,Sutter,101,95872,9587,9594,94,9688,112
2021-06-10,Tehama,103,63373,5097,5096,612,5708,63
2021-06-10,Trinity,105,12862,386,331,71,402,3
2021-06-10,Tulare,107,460477,49779,49503,9586,59089,848
2021-06-10,Tuolumne,109,53932,4100,4100,36,4136,63
2021-06-10,Ventura,111,848112,81270,81172,3118,84290,1026
2021-06-10,Yolo,113,214977,14098,14107,350,14457,212
2021-06-10,Yuba,115,75493,6115,6112,134,6246,50
2021-06-09,Alameda,001,1643700,88686,88762,2073,90835,1271
2021-06-09,Alpine,003,1148,88,88,0,88,0
2021-06-09,Amador,005,37829,3722,3706,34,3740,46
2021-06-09,Butte,007,227075,12619,12555,1925,14480,194
2021-06-09,Calaveras,009,45235,2190,2184,15,2199,55
2021-06-09,Colusa,011,21464,1953,1962,324,2286,15
2021-06-09,Contra Costa,013,1133247,70206,69829,1368,71197,803
2021-06-09,Del Norte,015,27424,1408,1403,9,1412,8
2021-06-09,El Dorado,017,186661,10315,10312,777,11089,113
2021-06-09,Fresno,019,978130,102471,102690,9039,111729,1717
2021-06-09,Glenn,021,27897,2426,2424,580,3004,19
2021-06-09,Humboldt,023,135768,4387,4379,38,4417,42
2021-06-09,Imperial,025,180216,28575,28754,2917,31671,739
2021-06-09,Inyo,027,18085,1405,1405,5,1410,35
2021-06-09,Kern,029,883053,97233,96697,11447,108144,1328
2021-06-09,Kings,031,150075,23028,23061,1192,24253,245
2021-06-09,Lake,033,64148,3556,3541,9,3550,45
2021-06-09,Lassen,035,31185,5235,5200,119,5319,18
2021-06-09,Los Angeles,037,10098052,1204554,1203955,43965,1247920,24432
2021-06-09,Madera,039,155013,16638,16580,965,17545,240
2021-06-09,Marin,041,260295,14111,14114,273,14387,229
2021-06-09,Mariposa,043,17540,436,434,11,445,5
2021-06-09,Mendocino,045,87422,4083,4008,78,4086,47
2021-06-09,Merced,047,269075,31176,31225,997,32222,461
2021-06-09,Modoc,049,8938,395,377,138,515,3
2021-06-09,Mono,051,14174,1254,1274,12,1286,3
2021-06-09,Monterey,053,433212,43113,43082,1935,45017,415
2021-06-09,Napa,055,140530,9969,9971,35,10006,80
2021-06-09,Nevada,057,99092,4882,4863,200,5063,72
2021-06-09,Orange,059,3164182,255215,254893,11807,266700,5080
2021-06-09,Placer,061,380077,23460,23237,1585,24822,293
2021-06-09,Plumas,063,18699,709,697,12,709,4
2021-06-09,Riverside,065,2383286,291977,289299,14785,304084,4450
2021-06-09,Sacramento,067,1510023,107044,106971,1861,108832,1657
2021-06-09,San Benito,069,59416,6076,6078,119,6197,63
2021-06-09,San Bernardino,071,2135413,293137,293222,9311,302533,4782
2021-06-09,San Diego,073,3302833,281453,280941,15090,296031,3765
2021-06-09,San Francisco,075,870044,36848,37143,1393,38536,552
2021-06-09,San Joaquin,077,732212,73417,73232,3781,77013,1392
2021-06-09,San Luis Obispo,079,281455,21295,21259,785,22044,256
2021-06-09,San Mateo,081,765935,42542,42502,490,42992,666
2021-06-09,Santa Barbara,083,443738,34557,34422,1244,35666,460
2021-06-09,Santa Clara,085,1922200,118543,119793,804,120597,2068
2021-06-09,Santa Cruz,087,273765,16196,16155,876,17031,208
2021-06-09,Shasta,089,179085,12468,12521,1670,14191,201
2021-06-09,Sierra,091,2930,55,55,14,69,0
2021-06-09,Siskiyou,093,43540,1938,1871,390,2261,25
2021-06-09,Solano,095,438530,33125,33137,566,33703,264
2021-06-09,Sonoma,097,501317,30483,30540,360,30900,323
2021-06-09,Stanislaus,099,539301,56612,56560,6210,62770,974
2021-06-09,Sutter,101,95872,9578,9586,93,9679,111
2021-06-09,Tehama,103,63373,5096,5093,612,5705,63
2021-06-09,Trinity,105,12862,385,331,71,402,3
2021-06-09,Tulare,107,460477,49775,49496,9584,59080,847
2021-06-09,Tuolumne,109,53932,4097,4100,36,4136,63
2021-06-09,Ventura,111,848112,81260,81154,3117,84271,1026
2021-06-09,Yolo,113,214977,14096,14102,349,14451,212
2021-06-09,Yuba,115,75493,6111,6109,134,6243,50
2021-06-08,Alameda,001,1643700,88638,88731,2073,90804,1267
2021-06-08,Alpine,003,1148,88,88,0,88,0
2021-06-08,Amador,005,37829,3721,3704,34,3738,46
2021-06-08,Butte,007,227075,12613,12540,1922,14462,194
2021-06-08,Calaveras,009,45235,2189,2181,15,2196,55
2021-06-08,Colusa,011,21464,1953,1961,324,2285,15
2021-06-08,Contra Costa,013,1133247,70157,69762,1367,71129,803
2021-06-08,Del Norte,015,27424,1406,1402,9,1411,8
2021-06-08,El Dorado,017,186661,10310,10306,775,11081,113
2021-06-08,Fresno,019,978130,102446,102680,9037,111717,1717
2021-06-08,Glenn,021,27897,2425,2423,580,3003,19
2021-06-08,Humboldt,023,135768,4382,4363,38,4401,42
2021-06-08,Imperial,025,180216,28566,28752,2917,31669,738
2021-06-08,Inyo,027,18085,1405,1405,5,1410,35
2021-06-08,Kern,029,883053,97214,96671,11440,108111,1325
2021-06-08,Kings,031,150075,23027,23036,1192,24228,245
2021-06-08,Lake,033,64148,3555,3540,9,3549,45
2021-06-08,Lassen,035,31185,5235,5200,119,5319,18
2021-06-08,Los Angeles,037,10098052,1204361,1203794,43953,1247747,24426
2021-06-08,Madera,039,155013,16632,16579,964,17543,240
2021-06-08,Marin,041,260295,14109,14111,272,14383,229
2021-06-08,Mariposa,043,17540,436,434,11,445,5
2021-06-08,Mendocino,045,87422,4076,4002,78,4080,47
2021-06-08,Merced,047,269075,31168,31225,997,32222,461
2021-06-08,Modoc,049,8938,389,377,137,514,3
2021-06-08,Mono,051,14174,1254,1274,12,1286,3
2021-06-08,Monterey,053,433212,43107,43078,1934,45012,415
2021-06-08,Napa,055,140530,9965,9962,35,9997,80
2021-06-08,Nevada,057,99092,4877,4861,200,5061,72
2021-06-08,Orange,059,3164182,255175,254852,11800,266652,5078
2021-06-08,Placer,061,380077,23442,23209,1581,24790,293
2021-06-08,Plumas,063,18699,709,692,12,704,4
2021-06-08,Riverside,065,2383286,291943,289268,14776,304044,4452
2021-06-08,Sacramento,067,1510023,106982,106901,1858,108759,1654
2021-06-08,San Benito,069,59416,6074,6076,119,6195,63
2021-06-08,San Bernardino,071,2135413,293089,293186,9307,302493,4778
2021-06-08,San Diego,073,3302833,281391,280879,15081,295960,3764
2021-06-08,San Francisco,075,870044,36833,37134,1392,38526,552
2021-06-08,San Joaquin,077,732212,73373,73186,3776,76962,1390
2021-06-08,San Luis Obispo,079,281455,21289,21251,784,22035,255
2021-06-08,San Mateo,081,765935,42530,42488,490,42978,663
2021-06-08,Santa Barbara,083,443738,34553,34418,1244,35662,459
2021-06-08,Santa Clara,085,1922200,118524,119770,803,120573,2068
2021-06-08,Santa Cruz,087,273765,16193,16160,876,17036,208
2021-06-08,Shasta,089,179085,12453,12498,1670,14168,201
2021-06-08,Sierra,091,2930,55,55,14,69,0
2021-06-08,Siskiyou,093,43540,1936,1870,388,2258,21
2021-06-08,Solano,095,438530,33104,33130,566,33696,259
2021-06-08,Sonoma,097,501317,30456,30523,358,30881,323
2021-06-08,Stanislaus,099,539301,56585,56548,6208,62756,973
2021-06-08,Sutter,101,95872,9575,9581,93,9674,111
2021-06-08,Tehama,103,63373,5093,5093,612,5705,63
2021-06-08,Trinity,105,12862,385,330,70,400,3
2021-06-08,Tulare,107,460477,49764,49485,9578,59063,847
2021-06-08,Tuolumne,109,53932,4094,4099,36,4135,63
2021-06-08,Ventura,111,848112,81244,81142,3116,84258,1026
2021-06-08,Yolo,113,214977,14091,14099,348,14447,212
2021-06-08,Yuba,115,75493,6109,6103,134,6237,50
2021-06-07,Alameda,001,1643700,88580,88688,2073,90761,1267
2021-06-07,Alpine,003,1148,88,88,0,88,0
2021-06-07,Amador,005,37829,3711,3697,34,3731,46
2021-06-07,Butte,007,227075,12606,12533,1921,14454,194
2021-06-07,Calaveras,009,45235,2188,2181,15,2196,55
2021-06-07,Colusa,011,21464,1952,1960,324,2284,15
2021-06-07,Contra Costa,013,1133247,70101,69718,1366,71084,817
2021-06-07,Del Norte,015,27424,1406,1401,9,1410,8
2021-06-07,El Dorado,017,186661,10305,10305,775,11080,113
2021-06-07,Fresno,019,978130,102417,102659,9030,111689,1717
2021-06-07,Glenn,021,27897,2425,2423,580,3003,19
2021-06-07,Humboldt,023,135768,4374,4354,38,4392,42
2021-06-07,Imperial,025,180216,28564,28754,2917,31671,738
2021-06-07,Inyo,027,18085,1405,1404,5,1409,35
2021-06-07,Kern,029,883053,97198,96645,11433,108078,1324
2021-06-07,Kings,031,150075,23023,23023,1192,24215,244
2021-06-07,Lake,033,64148,3553,3540,9,3549,45
2021-06-07,Lassen,035,31185,5230,5198,119,5317,18
2021-06-07,Los Angeles,037,10098052,1204140,1203664,43938,1247602,24413
2021-06-07,Madera,039,155013,16625,16572,964,17536,240
2021-06-07,Marin,041,260295,14105,14108,271,14379,229
2021-06-07,Mariposa,043,17540,436,434,11,445,5
2021-06-07,Mendocino,045,87422,4070,3998,78,4076,47
2021-06-07,Merced,047,269075,31156,31212,996,32208,459
2021-06-07,Modoc,049,8938,388,375,134,509,3
2021-06-07,Mono,051,14174,1254,1275,12,1287,3
2021-06-07,Monterey,053,433212,43100,43077,1934,45011,415
2021-06-07,Napa,055,140530,9957,9962,35,9997,80
2021-06-07,Nevada,057,99092,4875,4860,200,5060,72
2021-06-07,Orange,059,3164182,255135,254808,11793,266601,5073
2021-06-07,Placer,061,380077,23423,23176,1579,24755,293
2021-06-07,Plumas,063,18699,709,692,12,704,4
2021-06-07,Riverside,065,2383286,291900,289232,14773,304005,4451
2021-06-07,Sacramento,067,1510023,106906,106841,1854,108695,1655
2021-06-07,San Benito,069,59416,6073,6074,119,6193,63
2021-06-07,San Bernardino,071,2135413,293051,293129,9306,302435,4775
2021-06-07,San Diego,073,3302833,281309,280808,15068,295876,3764
2021-06-07,San Francisco,075,870044,36817,37122,1392,38514,552
2021-06-07,San Joaquin,077,732212,73328,73130,3769,76899,1388
2021-06-07,San Luis Obispo,079,281455,21276,21252,784,22036,255
2021-06-07,San Mateo,081,765935,42514,42479,490,42969,664
2021-06-07,Santa Barbara,083,443738,34547,34407,1244,35651,459
2021-06-07,Santa Clara,085,1922200,118497,119743,803,120546,2066
2021-06-07,Santa Cruz,087,273765,16191,16159,876,17035,208
2021-06-07,Shasta,089,179085,12439,12483,1665,14148,200
2021-06-07,Sierra,091,2930,55,55,14,69,0
2021-06-07,Siskiyou,093,43540,1936,1869,388,2257,21
2021-06-07,Solano,095,438530,33082,33124,565,33689,258
2021-06-07,Sonoma,097,501317,30420,30504,357,30861,323
2021-06-07,Stanislaus,099,539301,56552,56521,6205,62726,972
2021-06-07,Sutter,101,95872,9571,9571,93,9664,111
2021-06-07,Tehama,103,63373,5089,5092,612,5704,63
2021-06-07,Trinity,105,12862,385,329,70,399,3
2021-06-07,Tulare,107,460477,49758,49471,9578,59049,847
2021-06-07,Tuolumne,109,53932,4093,4098,36,4134,63
2021-06-07,Ventura,111,848112,81227,81137,3115,84252,1025
2021-06-07,Yolo,113,214977,14086,14097,347,14444,211
2021-06-07,Yuba,115,75493,6107,6099,131,6230,49
2021-06-06,Alameda,001,1643700,88541,88636,2072,90708,1267
2021-06-06,Alpine,003,1148,88,88,0,88,0
2021-06-06,Amador,005,37829,3708,3696,34,3730,46
2021-06-06,Butte,007,227075,12595,12527,1920,14447,194
2021-06-06,Calaveras,009,45235,2187,2181,15,2196,55
2021-06-06,Colusa,011,21464,1950,1959,324,2283,15
2021-06-06,Contra Costa,013,1133247,70036,69659,1364,71023,817
2021-06-06,Del Norte,015,27424,1401,1401,8,1409,8
2021-06-06,El Dorado,017,186661,10298,10294,775,11069,113
2021-06-06,Fresno,019,978130,102384,102642,9027,111669,1717
2021-06-06,Glenn,021,27897,2424,2423,580,3003,19
2021-06-06,Humboldt,023,135768,4363,4353,38,4391,42
2021-06-06,Imperial,025,180216,28558,28762,2917,31679,738
2021-06-06,Inyo,027,18085,1404,1404,5,1409,35
2021-06-06,Kern,029,883053,97180,96623,11426,108049,1324
2021-06-06,Kings,031,150075,23017,23021,1192,24213,244
2021-06-06,Lake,033,64148,3553,3535,9,3544,45
2021-06-06,Lassen,035,31185,5228,5191,119,5310,18
2021-06-06,Los Angeles,037,10098052,1203943,1203539,43926,1247465,24410
2021-06-06,Madera,039,155013,16619,16567,964,17531,240
2021-06-06,Marin,041,260295,14099,14106,270,14376,229
2021-06-06,Mariposa,043,17540,435,435,11,446,5
2021-06-06,Mendocino,045,87422,4066,3993,78,4071,47
2021-06-06,Merced,047,269075,31149,31215,996,32211,459
2021-06-06,Modoc,049,8938,388,375,133,508,3
2021-06-06,Mono,051,14174,1254,1275,12,1287,3
2021-06-06,Monterey,053,433212,43095,43078,1934,45012,415
2021-06-06,Napa,055,140530,9951,9963,35,9998,80
2021-06-06,Nevada,057,99092,4868,4854,199,5053,72
2021-06-06,Orange,059,3164182,255101,254782,11788,266570,5073
2021-06-06,Placer,061,380077,23398,23156,1576,24732,293
2021-06-06,Plumas,063,18699,709,692,12,704,4
2021-06-06,Riverside,065,2383286,291866,289201,14768,303969,4451
2021-06-06,Sacramento,067,1510023,106820,106749,1853,108602,1655
2021-06-06,San Benito,069,59416,6067,6074,119,6193,63
2021-06-06,San Bernardino,071,2135413,292999,293117,9297,302414,4773
2021-06-06,San Diego,073,3302833,281229,280743,15051,295794,3764
2021-06-06,San Francisco,075,870044,36805,37118,1391,38509,552
2021-06-06,San Joaquin,077,732212,73296,73105,3765,76870,1388
2021-06-06,San Luis Obispo,079,281455,21273,21246,784,22030,255
2021-06-06,San Mateo,081,765935,42497,42457,490,42947,664
2021-06-06,Santa Barbara,083,443738,34543,34403,1243,35646,459
2021-06-06,Santa Clara,085,1922200,118475,119711,803,120514,2066
2021-06-06,Santa Cruz,087,273765,16190,16158,876,17034,208
2021-06-06,Shasta,089,179085,12424,12478,1661,14139,200
2021-06-06,Sierra,091,2930,55,55,14,69,0
2021-06-06,Siskiyou,093,43540,1933,1869,388,2257,21
2021-06-06,Solano,095,438530,33055,33093,565,33658,258
2021-06-06,Sonoma,097,501317,30389,30478,356,30834,323
2021-06-06,Stanislaus,099,539301,56510,56486,6202,62688,972
2021-06-06,Sutter,101,95872,9564,9567,93,9660,111
2021-06-06,Tehama,103,63373,5085,5092,611,5703,63
2021-06-06,Trinity,105,12862,385,328,70,398,3
2021-06-06,Tulare,107,460477,49751,49466,9572,59038,847
2021-06-06,Tuolumne,109,53932,4091,4097,36,4133,63
2021-06-06,Ventura,111,848112,81216,81130,3112,84242,1025
2021-06-06,Yolo,113,214977,14078,14089,346,14435,210
2021-06-06,Yuba,115,75493,6099,6096,131,6227,49
2021-06-05,Alameda,001,1643700,88510,88612,2071,90683,1268
2021-06-05,Alpine,003,1148,88,88,0,88,0
2021-06-05,Amador,005,37829,3708,3694,34,3728,46
2021-06-05,Butte,007,227075,12589,12514,1919,14433,194
2021-06-05,Calaveras,009,45235,2187,2181,15,2196,55
2021-06-05,Colusa,011,21464,1950,1959,324,2283,15
2021-06-05,Contra Costa,013,1133247,70007,69601,1364,70965,817
2021-06-05,Del Norte,015,27424,1401,1400,8,1408,8
2021-06-05,El Dorado,017,186661,10296,10288,774,11062,113
2021-06-05,Fresno,019,978130,102375,102626,9027,111653,1717
2021-06-05,Glenn,021,27897,2423,2423,580,3003,19
2021-06-05,Humboldt,023,135768,4358,4346,38,4384,42
2021-06-05,Imperial,025,180216,28555,28764,2917,31681,738
2021-06-05,Inyo,027,18085,1404,1405,5,1410,35
2021-06-05,Kern,029,883053,97168,96597,11421,108018,1324
2021-06-05,Kings,031,150075,23014,23017,1192,24209,244
2021-06-05,Lake,033,64148,3550,3534,9,3543,45
2021-06-05,Lassen,035,31185,5227,5191,119,5310,18
2021-06-05,Los Angeles,037,10098052,1203817,1203338,43916,1247254,24411
2021-06-05,Madera,039,155013,16615,16563,964,17527,240
2021-06-05,Marin,041,260295,14097,14101,270,14371,229
2021-06-05,Mariposa,043,17540,435,435,11,446,5
2021-06-05,Mendocino,045,87422,4063,3989,78,4067,47
2021-06-05,Merced,047,269075,31146,31212,996,32208,459
2021-06-05,Modoc,049,8938,388,375,132,507,3
2021-06-05,Mono,051,14174,1254,1274,12,1286,3
2021-06-05,Monterey,053,433212,43091,43071,1933,45004,415
2021-06-05,Napa,055,140530,9946,9960,35,9995,80
2021-06-05,Nevada,057,99092,4866,4849,199,5048,72
2021-06-05,Orange,059,3164182,255077,254752,11785,266537,5069
2021-06-05,Placer,061,380077,23383,23133,1575,24708,293
2021-06-05,Plumas,063,18699,709,692,12,704,4
2021-06-05,Riverside,065,2383286,291831,289157,14764,303921,4451
2021-06-05,Sacramento,067,1510023,106768,106688,1850,108538,1655
2021-06-05,San Benito,069,59416,6065,6074,119,6193,63
2021-06-05,San Bernardino,071,2135413,292966,293081,9295,302376,4772
2021-06-05,San Diego,073,3302833,281188,280676,15038,295714,3764
2021-06-05,San Francisco,075,870044,36796,37111,1391,38502,552
2021-06-05,San Joaquin,077,732212,73280,73078,3758,76836,1388
2021-06-05,San Luis Obispo,079,281455,21270,21236,784,22020,255
2021-06-05,San Mateo,081,765935,42487,42433,490,42923,664
2021-06-05,Santa Barbara,083,443738,34540,34399,1242,35641,459
2021-06-05,Santa Clara,085,1922200,118453,119676,801,120477,2066
2021-06-05,Santa Cruz,087,273765,16190,16154,876,17030,208
2021-06-05,Shasta,089,179085,12415,12472,1660,14132,200
2021-06-05,Sierra,091,2930,55,55,14,69,0
2021-06-05,Siskiyou,093,43540,1933,1867,388,2255,21
2021-06-05,Solano,095,438530,33040,33074,565,33639,257
2021-06-05,Sonoma,097,501317,30362,30450,354,30804,323
2021-06-05,Stanislaus,099,539301,56489,56463,6200,62663,973
2021-06-05,Sutter,101,95872,9561,9559,93,9652,111
2021-06-05,Tehama,103,63373,5084,5092,610,5702,63
2021-06-05,Trinity,105,12862,385,328,70,398,3
2021-06-05,Tulare,107,460477,49745,49463,9572,59035,847
2021-06-05,Tuolumne,109,53932,4089,4098,36,4134,63
2021-06-05,Ventura,111,848112,81207,81119,3110,84229,1025
2021-06-05,Yolo,113,214977,14076,14088,346,14434,210
2021-06-05,Yuba,115,75493,6098,6087,131,6218,49
2021-06-04,Alameda,001,1643700,88483,88585,2069,90654,1263
2021-06-04,Alpine,003,1148,88,88,0,88,0
2021-06-04,Amador,005,37829,3708,3690,34,3724,46
2021-06-04,Butte,007,227075,12578,12494,1916,14410,193
2021-06-04,Calaveras,009,45235,2187,2179,15,2194,55
2021-06-04,Colusa,011,21464,1950,1959,324,2283,15
2021-06-04,Contra Costa,013,1133247,69972,69540,1361,70901,816
2021-06-04,Del Norte,015,27424,1401,1398,8,1406,8
2021-06-04,El Dorado,017,186661,10292,10284,772,11056,112
2021-06-04,Fresno,019,978130,102359,102601,9027,111628,1712
2021-06-04,Glenn,021,27897,2423,2423,579,3002,19
2021-06-04,Humboldt,023,135768,4353,4327,38,4365,42
2021-06-04,Imperial,025,180216,28551,28753,2917,31670,738
2021-06-04,Inyo,027,18085,1404,1404,5,1409,35
2021-06-04,Kern,029,883053,97150,96573,11419,107992,1327
2021-06-04,Kings,031,150075,23014,23002,1192,24194,244
2021-06-04,Lake,033,64148,3548,3528,9,3537,45
2021-06-04,Lassen,035,31185,5227,5180,119,5299,18
2021-06-04,Los Angeles,037,10098052,1203696,1203106,43906,1247012,24400
2021-06-04,Madera,039,155013,16613,16557,964,17521,240
2021-06-04,Marin,041,260295,14096,14099,269,14368,229
2021-06-04,Mariposa,043,17540,435,435,11,446,5
2021-06-04,Mendocino,045,87422,4054,3983,78,4061,47
2021-06-04,Merced,047,269075,31141,31204,995,32199,459
2021-06-04,Modoc,049,8938,386,375,132,507,3
2021-06-04,Mono,051,14174,1254,1275,12,1287,3
2021-06-04,Monterey,053,433212,43087,43068,1933,45001,415
2021-06-04,Napa,055,140530,9942,9958,35,9993,80
2021-06-04,Nevada,057,99092,4862,4844,199,5043,72
2021-06-04,Orange,059,3164182,255041,254730,11782,266512,5059
2021-06-04,Placer,061,380077,23368,23110,1574,24684,293
2021-06-04,Plumas,063,18699,709,691,12,703,4
2021-06-04,Riverside,065,2383286,291805,289098,14760,303858,4452
2021-06-04,Sacramento,067,1510023,106715,106616,1848,108464,1654
2021-06-04,San Benito,069,59416,6063,6073,119,6192,63
2021-06-04,San Bernardino,071,2135413,292943,293056,9293,302349,4768
2021-06-04,San Diego,073,3302833,281146,280556,15031,295587,3763
2021-06-04,San Francisco,075,870044,36791,37079,1390,38469,551
2021-06-04,San Joaquin,077,732212,73261,73039,3756,76795,1388
2021-06-04,San Luis Obispo,079,281455,21267,21234,783,22017,255
2021-06-04,San Mateo,081,765935,42475,42413,490,42903,478
2021-06-04,Santa Barbara,083,443738,34534,34402,1241,35643,459
2021-06-04,Santa Clara,085,1922200,118424,119619,801,120420,2065
2021-06-04,Santa Cruz,087,273765,16188,16150,876,17026,207
2021-06-04,Shasta,089,179085,12409,12458,1655,14113,200
2021-06-04,Sierra,091,2930,55,55,14,69,0
2021-06-04,Siskiyou,093,43540,1932,1865,388,2253,21
2021-06-04,Solano,095,438530,33029,33058,565,33623,256
2021-06-04,Sonoma,097,501317,30341,30411,354,30765,323
2021-06-04,Stanislaus,099,539301,56466,56442,6197,62639,973
2021-06-04,Sutter,101,95872,9556,9554,93,9647,111
2021-06-04,Tehama,103,63373,5079,5090,610,5700,63
2021-06-04,Trinity,105,12862,385,328,70,398,3
2021-06-04,Tulare,107,460477,49736,49452,9570,59022,847
2021-06-04,Tuolumne,109,53932,4088,4095,36,4131,63
2021-06-04,Ventura,111,848112,81200,81104,3108,84212,1023
2021-06-04,Yolo,113,214977,14074,14083,346,14429,210
2021-06-04,Yuba,115,75493,6095,6084,131,6215,49
2021-06-03,Alameda,001,1643700,88445,88555,2066,90621,1257
2021-06-03,Alpine,003,1148,88,88,0,88,0
2021-06-03,Amador,005,37829,3700,3688,34,3722,46
2021-06-03,Butte,007,227075,12574,12478,1915,14393,193
2021-06-03,Calaveras,009,45235,2187,2179,15,2194,55
2021-06-03,Colusa,011,21464,1950,1957,324,2281,15
2021-06-03,Contra Costa,013,1133247,69918,69500,1356,70856,816
2021-06-03,Del Norte,015,27424,1399,1397,8,1405,8
2021-06-03,El Dorado,017,186661,10286,10284,769,11053,112
2021-06-03,Fresno,019,978130,102343,102566,9027,111593,1709
2021-06-03,Glenn,021,27897,2423,2421,579,3000,19
2021-06-03,Humboldt,023,135768,4345,4314,38,4352,42
2021-06-03,Imperial,025,180216,28539,28737,2917,31654,738
2021-06-03,Inyo,027,18085,1404,1404,5,1409,35
2021-06-03,Kern,029,883053,97123,96507,11405,107912,1326
2021-06-03,Kings,031,150075,23010,22982,1192,24174,244
2021-06-03,Lake,033,64148,3546,3526,9,3535,45
2021-06-03,Lassen,035,31185,5218,5177,119,5296,12
2021-06-03,Los Angeles,037,10098052,1203522,1202923,43898,1246821,24386
2021-06-03,Madera,039,155013,16607,16554,964,17518,240
2021-06-03,Marin,041,260295,14091,14095,269,14364,230
2021-06-03,Mariposa,043,17540,435,435,11,446,5
2021-06-03,Mendocino,045,87422,4047,3978,78,4056,47
2021-06-03,Merced,047,269075,31138,31199,995,32194,459
2021-06-03,Modoc,049,8938,385,376,131,507,3
2021-06-03,Mono,051,14174,1254,1275,12,1287,3
2021-06-03,Monterey,053,433212,43084,43063,1933,44996,415
2021-06-03,Napa,055,140530,9935,9957,35,9992,81
2021-06-03,Nevada,057,99092,4858,4837,199,5036,72
2021-06-03,Orange,059,3164182,255013,254676,11772,266448,5056
2021-06-03,Placer,061,380077,23359,23100,1573,24673,293
2021-06-03,Plumas,063,18699,709,691,12,703,4
2021-06-03,Riverside,065,2383286,291751,289035,14756,303791,4447
2021-06-03,Sacramento,067,1510023,106637,106526,1846,108372,1654
2021-06-03,San Benito,069,59416,6063,6073,119,6192,63
2021-06-03,San Bernardino,071,2135413,292913,293021,9292,302313,4762
2021-06-03,San Diego,073,3302833,281083,280430,15021,295451,3761
2021-06-03,San Francisco,075,870044,36785,37072,1390,38462,551
2021-06-03,San Joaquin,077,732212,73233,72989,3752,76741,1388
2021-06-03,San Luis Obispo,079,281455,21262,21224,783,22007,255
2021-06-03,San Mateo,081,765935,42462,42396,490,42886,467
2021-06-03,Santa Barbara,083,443738,34531,34391,1241,35632,459
2021-06-03,Santa Clara,085,1922200,118402,119592,799,120391,2058
2021-06-03,Santa Cruz,087,273765,16186,16144,876,17020,207
2021-06-03,Shasta,089,179085,12394,12441,1652,14093,199
2021-06-03,Sierra,091,2930,55,55,14,69,0
2021-06-03,Siskiyou,093,43540,1932,1862,387,2249,21
2021-06-03,Solano,095,438530,33015,33019,565,33584,256
2021-06-03,Sonoma,097,501317,30319,30383,353,30736,322
2021-06-03,Stanislaus,099,539301,56435,56401,6190,62591,973
2021-06-03,Sutter,101,95872,9547,9539,93,9632,111
2021-06-03,Tehama,103,63373,5079,5087,610,5697,63
2021-06-03,Trinity,105,12862,385,328,70,398,3
2021-06-03,Tulare,107,460477,49733,49442,9566,59008,848
2021-06-03,Tuolumne,109,53932,4086,4095,36,4131,63
2021-06-03,Ventura,111,848112,81188,81078,3106,84184,1023
2021-06-03,Yolo,113,214977,14070,14078,343,14421,210
2021-06-03,Yuba,115,75493,6088,6077,131,6208,49
2021-06-02,Alameda,001,1643700,88400,88525,2064,90589,1254
2021-06-02,Alpine,003,1148,88,88,0,88,0
2021-06-02,Amador,005,37829,3698,3687,34,3721,46
2021-06-02,Butte,007,227075,12554,12432,1912,14344,193
2021-06-02,Calaveras,009,45235,2185,2174,14,2188,55
2021-06-02,Colusa,011,21464,1949,1957,324,2281,15
2021-06-02,Contra Costa,013,1133247,69867,69455,1354,70809,814
2021-06-02,Del Norte,015,27424,1397,1395,8,1403,8
2021-06-02,El Dorado,017,186661,10282,10275,769,11044,110
2021-06-02,Fresno,019,978130,102319,102547,9024,111571,1707
2021-06-02,Glenn,021,27897,2423,2421,579,3000,19
2021-06-02,Humboldt,023,135768,4330,4302,38,4340,42
2021-06-02,Imperial,025,180216,28534,28737,2915,31652,738
2021-06-02,Inyo,027,18085,1403,1403,5,1408,35
2021-06-02,Kern,029,883053,97097,96481,11396,107877,1326
2021-06-02,Kings,031,150075,23008,22981,1192,24173,244
2021-06-02,Lake,033,64148,3541,3522,9,3531,45
2021-06-02,Lassen,035,31185,5217,5177,119,5296,6
2021-06-02,Los Angeles,037,10098052,1203321,1202760,43889,1246649,24375
2021-06-02,Madera,039,155013,16599,16550,964,17514,240
2021-06-02,Marin,041,260295,14089,14091,269,14360,229
2021-06-02,Mariposa,043,17540,435,434,11,445,5
2021-06-02,Mendocino,045,87422,4041,3970,78,4048,47
2021-06-02,Merced,047,269075,31125,31195,994,32189,458
2021-06-02,Modoc,049,8938,384,375,130,505,3
2021-06-02,Mono,051,14174,1254,1275,12,1287,3
2021-06-02,Monterey,053,433212,43082,43056,1933,44989,380
2021-06-02,Napa,055,140530,9934,9953,35,9988,82
2021-06-02,Nevada,057,99092,4855,4833,199,5032,72
2021-06-02,Orange,059,3164182,254968,254637,11768,266405,5055
2021-06-02,Placer,061,380077,23338,23058,1571,24629,293
2021-06-02,Plumas,063,18699,709,690,12,702,4
2021-06-02,Riverside,065,2383286,291696,289012,14746,303758,4445
2021-06-02,Sacramento,067,1510023,106573,106435,1839,108274,1649
2021-06-02,San Benito,069,59416,6062,6073,119,6192,63
2021-06-02,San Bernardino,071,2135413,292865,293004,9287,302291,4760
2021-06-02,San Diego,073,3302833,281003,280347,15000,295347,3760
2021-06-02,San Francisco,075,870044,36765,37050,1389,38439,550
2021-06-02,San Joaquin,077,732212,73202,72893,3749,76642,1387
2021-06-02,San Luis Obispo,079,281455,21255,21214,782,21996,255
2021-06-02,San Mateo,081,765935,42452,42383,489,42872,464
2021-06-02,Santa Barbara,083,443738,34525,34381,1241,35622,456
2021-06-02,Santa Clara,085,1922200,118374,119553,798,120351,2058
2021-06-02,Santa Cruz,087,273765,16183,16144,876,17020,207
2021-06-02,Shasta,089,179085,12376,12426,1647,14073,199
2021-06-02,Sierra,091,2930,55,55,14,69,0
2021-06-02,Siskiyou,093,43540,1932,1861,385,2246,21
2021-06-02,Solano,095,438530,33003,33007,564,33571,256
2021-06-02,Sonoma,097,501317,30300,30359,348,30707,322
2021-06-02,Stanislaus,099,539301,56406,56377,6185,62562,973
2021-06-02,Sutter,101,95872,9544,9533,93,9626,111
2021-06-02,Tehama,103,63373,5076,5081,610,5691,63
2021-06-02,Trinity,105,12862,383,328,70,398,3
2021-06-02,Tulare,107,460477,49725,49434,9562,58996,846
2021-06-02,Tuolumne,109,53932,4086,4095,36,4131,63
2021-06-02,Ventura,111,848112,81163,81033,3106,84139,1020
2021-06-02,Yolo,113,214977,14067,14074,342,14416,210
2021-06-02,Yuba,115,75493,6082,6072,131,6203,48
2021-06-01,Alameda,001,1643700,88367,88472,2062,90534,1253
2021-06-01,Alpine,003,1148,88,88,0,88,0
2021-06-01,Amador,005,37829,3696,3687,34,3721,46
2021-06-01,Butte,007,227075,12540,12427,1911,14338,193
2021-06-01,Calaveras,009,45235,2183,2173,14,2187,55
2021-06-01,Colusa,011,21464,1948,1955,323,2278,15
2021-06-01,Contra Costa,013,1133247,69810,69404,1354,70758,813
2021-06-01,Del Norte,015,27424,1396,1394,8,1402,8
2021-06-01,El Dorado,017,186661,10276,10271,769,11040,110
2021-06-01,Fresno,019,978130,102294,102534,9021,111555,1706
2021-06-01,Glenn,021,27897,2423,2422,579,3001,18
2021-06-01,Humboldt,023,135768,4320,4299,38,4337,42
2021-06-01,Imperial,025,180216,28530,28722,2914,31636,736
2021-06-01,Inyo,027,18085,1403,1403,5,1408,35
2021-06-01,Kern,029,883053,97070,96477,11388,107865,1319
2021-06-01,Kings,031,150075,23004,22977,1192,24169,244
2021-06-01,Lake,033,64148,3540,3523,9,3532,45
2021-06-01,Lassen,035,31185,5210,5172,119,5291,6
2021-06-01,Los Angeles,037,10098052,1203088,1202673,43876,1246549,24367
2021-06-01,Madera,039,155013,16590,16549,963,17512,240
2021-06-01,Marin,041,260295,14087,14081,269,14350,229
2021-06-01,Mariposa,043,17540,435,431,11,442,5
2021-06-01,Mendocino,045,87422,4034,3966,78,4044,47
2021-06-01,Merced,047,269075,31116,31195,994,32189,456
2021-06-01,Modoc,049,8938,382,375,130,505,3
2021-06-01,Mono,051,14174,1254,1275,12,1287,3
2021-06-01,Monterey,053,433212,43076,43051,1933,44984,379
2021-06-01,Napa,055,140530,9932,9949,35,9984,82
2021-06-01,Nevada,057,99092,4850,4825,199,5024,72
2021-06-01,Orange,059,3164182,254933,254603,11760,266363,5051
2021-06-01,Placer,061,380077,23308,23021,1569,24590,293
2021-06-01,Plumas,063,18699,708,690,12,702,4
2021-06-01,Riverside,065,2383286,291645,288996,14740,303736,4442
2021-06-01,Sacramento,067,1510023,106501,106330,1837,108167,1644
2021-06-01,San Benito,069,59416,6061,6073,118,6191,63
2021-06-01,San Bernardino,071,2135413,292842,292990,9286,302276,4758
2021-06-01,San Diego,073,3302833,280899,280305,14984,295289,3756
2021-06-01,San Francisco,075,870044,36749,37031,1389,38420,550
2021-06-01,San Joaquin,077,732212,73170,72858,3747,76605,1383
2021-06-01,San Luis Obispo,079,281455,21250,21217,782,21999,256
2021-06-01,San Mateo,081,765935,42435,42383,488,42871,462
2021-06-01,Santa Barbara,083,443738,34521,34374,1241,35615,456
2021-06-01,Santa Clara,085,1922200,118346,119528,798,120326,2057
2021-06-01,Santa Cruz,087,273765,16179,16143,875,17018,207
2021-06-01,Shasta,089,179085,12367,12409,1642,14051,199
2021-06-01,Sierra,091,2930,55,55,14,69,0
2021-06-01,Siskiyou,093,43540,1925,1860,384,2244,21
2021-06-01,Solano,095,438530,32978,32974,563,33537,256
2021-06-01,Sonoma,097,501317,30261,30324,347,30671,322
2021-06-01,Stanislaus,099,539301,56382,56348,6183,62531,973
2021-06-01,Sutter,101,95872,9537,9528,93,9621,111
2021-06-01,Tehama,103,63373,5074,5079,610,5689,63
2021-06-01,Trinity,105,12862,382,328,69,397,3
2021-06-01,Tulare,107,460477,49717,49419,9558,58977,845
2021-06-01,Tuolumne,109,53932,4086,4094,36,4130,63
2021-06-01,Ventura,111,848112,81147,81018,3105,84123,1021
2021-06-01,Yolo,113,214977,14062,14067,341,14408,210
2021-06-01,Yuba,115,75493,6078,6067,131,6198,48
2021-05-31,Alameda,001,1643700,88330,88458,2058,90516,1253
2021-05-31,Alpine,003,1148,88,88,0,88,0
2021-05-31,Amador,005,37829,3690,3687,34,3721,46
2021-05-31,Butte,007,227075,12527,12429,1911,14340,193
2021-05-31,Calaveras,009,45235,2182,2171,14,2185,55
2021-05-31,Colusa,011,21464,1948,1956,322,2278,15
2021-05-31,Contra Costa,013,1133247,69773,69390,1352,70742,813
2021-05-31,Del Norte,015,27424,1393,1394,8,1402,8
2021-05-31,El Dorado,017,186661,10270,10271,767,11038,110
2021-05-31,Fresno,019,978130,102258,102507,9020,111527,1706
2021-05-31,Glenn,021,27897,2422,2422,578,3000,18
2021-05-31,Humboldt,023,135768,4308,4295,38,4333,42
2021-05-31,Imperial,025,180216,28524,28732,2911,31643,736
2021-05-31,Inyo,027,18085,1402,1403,5,1408,35
2021-05-31,Kern,029,883053,97034,96457,11379,107836,1319
2021-05-31,Kings,031,150075,23000,22977,1192,24169,244
2021-05-31,Lake,033,64148,3535,3523,9,3532,45
2021-05-31,Lassen,035,31185,5208,5172,118,5290,6
2021-05-31,Los Angeles,037,10098052,1202847,1202567,43868,1246435,24364
2021-05-31,Madera,039,155013,16589,16543,962,17505,240
2021-05-31,Marin,041,260295,14085,14080,268,14348,229
2021-05-31,Mariposa,043,17540,435,430,11,441,5
2021-05-31,Mendocino,045,87422,4025,3961,78,4039,47
2021-05-31,Merced,047,269075,31111,31194,994,32188,456
2021-05-31,Modoc,049,8938,381,374,130,504,3
2021-05-31,Mono,051,14174,1254,1275,12,1287,3
2021-05-31,Monterey,053,433212,43072,43051,1933,44984,379
2021-05-31,Napa,055,140530,9925,9948,35,9983,82
2021-05-31,Nevada,057,99092,4840,4823,198,5021,72
2021-05-31,Orange,059,3164182,254906,254572,11753,266325,5051
2021-05-31,Placer,061,380077,23282,23019,1564,24583,293
2021-05-31,Plumas,063,18699,707,690,12,702,4
2021-05-31,Riverside,065,2383286,291588,288970,14728,303698,4442
2021-05-31,Sacramento,067,1510023,106405,106278,1831,108109,1644
2021-05-31,San Benito,069,59416,6061,6072,118,6190,63
2021-05-31,San Bernardino,071,2135413,292794,292973,9285,302258,4758
2021-05-31,San Diego,073,3302833,280795,280254,14972,295226,3756
2021-05-31,San Francisco,075,870044,36734,37022,1388,38410,550
2021-05-31,San Joaquin,077,732212,73123,72856,3740,76596,1383
2021-05-31,San Luis Obispo,079,281455,21242,21215,782,21997,256
2021-05-31,San Mateo,081,765935,42419,42389,488,42877,442
2021-05-31,Santa Barbara,083,443738,34508,34369,1239,35608,456
2021-05-31,Santa Clara,085,1922200,118302,119515,798,120313,2057
2021-05-31,Santa Cruz,087,273765,16176,16139,875,17014,207
2021-05-31,Shasta,089,179085,12351,12408,1639,14047,199
2021-05-31,Sierra,091,2930,55,55,14,69,0
2021-05-31,Siskiyou,093,43540,1924,1856,383,2239,21
2021-05-31,Solano,095,438530,32927,32973,563,33536,256
2021-05-31,Sonoma,097,501317,30218,30314,347,30661,322
2021-05-31,Stanislaus,099,539301,56332,56335,6180,62515,973
2021-05-31,Sutter,101,95872,9518,9523,93,9616,111
2021-05-31,Tehama,103,63373,5072,5076,609,5685,63
2021-05-31,Trinity,105,12862,382,328,69,397,3
2021-05-31,Tulare,107,460477,49706,49404,9553,58957,845
2021-05-31,Tuolumne,109,53932,4084,4095,36,4131,63
2021-05-31,Ventura,111,848112,81132,81017,3102,84119,1021
2021-05-31,Yolo,113,214977,14058,14064,341,14405,210
2021-05-31,Yuba,115,75493,6072,6063,128,6191,48
2021-05-30,Alameda,001,1643700,88305,88429,2058,90487,1253
2021-05-30,Alpine,003,1148,88,88,0,88,0
2021-05-30,Amador,005,37829,3686,3685,34,3719,46
2021-05-30,Butte,007,227075,12517,12427,1909,14336,190
2021-05-30,Calaveras,009,45235,2178,2166,14,2180,55
2021-05-30,Colusa,011,21464,1948,1954,322,2276,15
2021-05-30,Contra Costa,013,1133247,69739,69381,1350,70731,813
2021-05-30,Del Norte,015,27424,1392,1393,8,1401,8
2021-05-30,El Dorado,017,186661,10267,10271,767,11038,110
2021-05-30,Fresno,019,978130,102241,102499,9016,111515,1706
2021-05-30,Glenn,021,27897,2422,2422,577,2999,18
2021-05-30,Humboldt,023,135768,4299,4291,38,4329,42
2021-05-30,Imperial,025,180216,28519,28732,2910,31642,736
2021-05-30,Inyo,027,18085,1402,1403,5,1408,35
2021-05-30,Kern,029,883053,97018,96443,11376,107819,1319
2021-05-30,Kings,031,150075,22999,22974,1191,24165,244
2021-05-30,Lake,033,64148,3535,3517,9,3526,45
2021-05-30,Lassen,035,31185,5206,5171,118,5289,6
2021-05-30,Los Angeles,037,10098052,1202743,1202425,43861,1246286,24360
2021-05-30,Madera,039,155013,16585,16538,962,17500,240
2021-05-30,Marin,041,260295,14081,14083,267,14350,229
2021-05-30,Mariposa,043,17540,435,430,11,441,5
2021-05-30,Mendocino,045,87422,4018,3955,78,4033,47
2021-05-30,Merced,047,269075,31107,31189,993,32182,456
2021-05-30,Modoc,049,8938,381,374,130,504,3
2021-05-30,Mono,051,14174,1254,1275,12,1287,3
2021-05-30,Monterey,053,433212,43069,43049,1933,44982,379
2021-05-30,Napa,055,140530,9924,9948,35,9983,82
2021-05-30,Nevada,057,99092,4834,4818,198,5016,72
2021-05-30,Orange,059,3164182,254882,254559,11752,266311,5051
2021-05-30,Placer,061,380077,23276,23016,1564,24580,293
2021-05-30,Plumas,063,18699,705,690,12,702,4
2021-05-30,Riverside,065,2383286,291567,288961,14726,303687,4442
2021-05-30,Sacramento,067,1510023,106360,106252,1829,108081,1644
2021-05-30,San Benito,069,59416,6061,6072,118,6190,63
2021-05-30,San Bernardino,071,2135413,292768,292981,9284,302265,4758
2021-05-30,San Diego,073,3302833,280739,280209,14967,295176,3756
2021-05-30,San Francisco,075,870044,36716,37016,1387,38403,550
2021-05-30,San Joaquin,077,732212,73106,72853,3739,76592,1383
2021-05-30,San Luis Obispo,079,281455,21234,21211,781,21992,256
2021-05-30,San Mateo,081,765935,42411,42386,488,42874,439
2021-05-30,Santa Barbara,083,443738,34504,34369,1238,35607,456
2021-05-30,Santa Clara,085,1922200,118280,119510,794,120304,2057
2021-05-30,Santa Cruz,087,273765,16174,16140,875,17015,207
2021-05-30,Shasta,089,179085,12349,12408,1636,14044,199
2021-05-30,Sierra,091,2930,55,55,14,69,0
2021-05-30,Siskiyou,093,43540,1924,1856,383,2239,21
2021-05-30,Solano,095,438530,32916,32952,562,33514,256
2021-05-30,Sonoma,097,501317,30202,30310,345,30655,322
2021-05-30,Stanislaus,099,539301,56313,56323,6179,62502,973
2021-05-30,Sutter,101,95872,9517,9519,92,9611,111
2021-05-30,Tehama,103,63373,5072,5073,609,5682,63
2021-05-30,Trinity,105,12862,382,328,69,397,3
2021-05-30,Tulare,107,460477,49699,49397,9544,58941,845
2021-05-30,Tuolumne,109,53932,4084,4094,36,4130,63
2021-05-30,Ventura,111,848112,81129,81012,3100,84112,1021
2021-05-30,Yolo,113,214977,14053,14059,340,14399,210
2021-05-30,Yuba,115,75493,6065,6063,127,6190,48
2021-05-29,Alameda,001,1643700,88282,88433,2056,90489,1253
2021-05-29,Alpine,003,1148,88,88,0,88,0
2021-05-29,Amador,005,37829,3685,3683,34,3717,46
2021-05-29,Butte,007,227075,12511,12425,1909,14334,190
2021-05-29,Calaveras,009,45235,2177,2166,14,2180,55
2021-05-29,Colusa,011,21464,1945,1954,322,2276,15
2021-05-29,Contra Costa,013,1133247,69706,69351,1350,70701,813
2021-05-29,Del Norte,015,27424,1392,1391,8,1399,8
2021-05-29,El Dorado,017,186661,10266,10269,765,11034,110
2021-05-29,Fresno,019,978130,102229,102470,9013,111483,1706
2021-05-29,Glenn,021,27897,2422,2422,576,2998,18
2021-05-29,Humboldt,023,135768,4293,4283,38,4321,42
2021-05-29,Imperial,025,180216,28516,28729,2909,31638,736
2021-05-29,Inyo,027,18085,1402,1404,5,1409,35
2021-05-29,Kern,029,883053,97008,96424,11362,107786,1319
2021-05-29,Kings,031,150075,22998,22970,1190,24160,244
2021-05-29,Lake,033,64148,3535,3515,9,3524,45
2021-05-29,Lassen,035,31185,5206,5171,118,5289,6
2021-05-29,Los Angeles,037,10098052,1202620,1202264,43858,1246122,24359
2021-05-29,Madera,039,155013,16583,16535,962,17497,240
2021-05-29,Marin,041,260295,14077,14071,266,14337,229
2021-05-29,Mariposa,043,17540,434,428,11,439,5
2021-05-29,Mendocino,045,87422,4012,3952,78,4030,47
2021-05-29,Merced,047,269075,31095,31187,993,32180,456
2021-05-29,Modoc,049,8938,381,374,130,504,3
2021-05-29,Mono,051,14174,1254,1275,12,1287,3
2021-05-29,Monterey,053,433212,43067,43042,1933,44975,379
2021-05-29,Napa,055,140530,9921,9948,35,9983,82
2021-05-29,Nevada,057,99092,4833,4816,198,5014,72
2021-05-29,Orange,059,3164182,254860,254537,11742,266279,5049
2021-05-29,Placer,061,380077,23261,23009,1563,24572,293
2021-05-29,Plumas,063,18699,705,689,12,701,4
2021-05-29,Riverside,065,2383286,291547,288908,14725,303633,4442
2021-05-29,Sacramento,067,1510023,106330,106218,1828,108046,1643
2021-05-29,San Benito,069,59416,6060,6072,118,6190,63
2021-05-29,San Bernardino,071,2135413,292736,292961,9283,302244,4757
2021-05-29,San Diego,073,3302833,280680,280151,14962,295113,3756
2021-05-29,San Francisco,075,870044,36707,37008,1387,38395,550
2021-05-29,San Joaquin,077,732212,73090,72827,3737,76564,1383
2021-05-29,San Luis Obispo,079,281455,21232,21201,781,21982,256
2021-05-29,San Mateo,081,765935,42404,42375,487,42862,439
2021-05-29,Santa Barbara,083,443738,34500,34367,1238,35605,456
2021-05-29,Santa Clara,085,1922200,118256,119498,793,120291,2056
2021-05-29,Santa Cruz,087,273765,16173,16137,875,17012,207
2021-05-29,Shasta,089,179085,12341,12401,1635,14036,199
2021-05-29,Sierra,091,2930,55,55,14,69,0
2021-05-29,Siskiyou,093,43540,1919,1856,383,2239,21
2021-05-29,Solano,095,438530,32907,32917,562,33479,256
2021-05-29,Sonoma,097,501317,30179,30298,344,30642,322
2021-05-29,Stanislaus,099,539301,56293,56305,6177,62482,974
2021-05-29,Sutter,101,95872,9513,9516,92,9608,111
2021-05-29,Tehama,103,63373,5071,5070,609,5679,63
2021-05-29,Trinity,105,12862,382,328,69,397,3
2021-05-29,Tulare,107,460477,49689,49392,9540,58932,845
2021-05-29,Tuolumne,109,53932,4084,4093,36,4129,63
2021-05-29,Ventura,111,848112,81121,81008,3100,84108,1021
2021-05-29,Yolo,113,214977,14052,14055,340,14395,210
2021-05-29,Yuba,115,75493,6065,6059,127,6186,48
2021-05-28,Alameda,001,1643700,88258,88391,2052,90443,1261
2021-05-28,Alpine,003,1148,88,88,0,88,0
2021-05-28,Amador,005,37829,3685,3680,34,3714,46
2021-05-28,Butte,007,227075,12508,12407,1908,14315,190
2021-05-28,Calaveras,009,45235,2176,2165,14,2179,55
2021-05-28,Colusa,011,21464,1945,1954,320,2274,15
2021-05-28,Contra Costa,013,1133247,69670,69290,1349,70639,813
2021-05-28,Del Norte,015,27424,1391,1390,8,1398,8
2021-05-28,El Dorado,017,186661,10263,10265,765,11030,110
2021-05-28,Fresno,019,978130,102214,102437,9013,111450,1705
2021-05-28,Glenn,021,27897,2422,2419,576,2995,18
2021-05-28,Humboldt,023,135768,4287,4265,38,4303,42
2021-05-28,Imperial,025,180216,28513,28722,2909,31631,736
2021-05-28,Inyo,027,18085,1402,1404,5,1409,35
2021-05-28,Kern,029,883053,96991,96396,11354,107750,1320
2021-05-28,Kings,031,150075,22996,22962,1190,24152,244
2021-05-28,Lake,033,64148,3533,3515,9,3524,45
2021-05-28,Lassen,035,31185,5206,5169,118,5287,6
2021-05-28,Los Angeles,037,10098052,1202512,1202103,43846,1245949,24357
2021-05-28,Madera,039,155013,16581,16530,962,17492,240
2021-05-28,Marin,041,260295,14076,14063,265,14328,229
2021-05-28,Mariposa,043,17540,434,428,11,439,5
2021-05-28,Mendocino,045,87422,4007,3947,78,4025,47
2021-05-28,Merced,047,269075,31092,31176,993,32169,455
2021-05-28,Modoc,049,8938,381,374,130,504,3
2021-05-28,Mono,051,14174,1254,1274,12,1286,3
2021-05-28,Monterey,053,433212,43066,43036,1933,44969,379
2021-05-28,Napa,055,140530,9921,9941,35,9976,82
2021-05-28,Nevada,057,99092,4831,4813,198,5011,71
2021-05-28,Orange,059,3164182,254842,254494,11740,266234,5047
2021-05-28,Placer,061,380077,23251,22987,1561,24548,293
2021-05-28,Plumas,063,18699,703,688,12,700,4
2021-05-28,Riverside,065,2383286,291525,288872,14723,303595,4442
2021-05-28,Sacramento,067,1510023,106274,106131,1827,107958,1642
2021-05-28,San Benito,069,59416,6060,6074,118,6192,63
2021-05-28,San Bernardino,071,2135413,292713,292905,9283,302188,4757
2021-05-28,San Diego,073,3302833,280618,280043,14951,294994,3756
2021-05-28,San Francisco,075,870044,36701,36987,1387,38374,546
2021-05-28,San Joaquin,077,732212,73060,72793,3735,76528,1383
2021-05-28,San Luis Obispo,079,281455,21228,21190,779,21969,256
2021-05-28,San Mateo,081,765935,42398,42364,487,42851,439
2021-05-28,Santa Barbara,083,443738,34499,34371,1237,35608,455
2021-05-28,Santa Clara,085,1922200,118232,119462,793,120255,2056
2021-05-28,Santa Cruz,087,273765,16172,16129,875,17004,207
2021-05-28,Shasta,089,179085,12332,12383,1633,14016,198
2021-05-28,Sierra,091,2930,55,54,14,68,0
2021-05-28,Siskiyou,093,43540,1917,1850,383,2233,19
2021-05-28,Solano,095,438530,32892,32892,562,33454,256
2021-05-28,Sonoma,097,501317,30160,30270,344,30614,321
2021-05-28,Stanislaus,099,539301,56270,56278,6174,62452,974
2021-05-28,Sutter,101,95872,9509,9511,92,9603,111
2021-05-28,Tehama,103,63373,5065,5064,609,5673,63
2021-05-28,Trinity,105,12862,382,328,69,397,3
2021-05-28,Tulare,107,460477,49684,49375,9530,58905,846
2021-05-28,Tuolumne,109,53932,4084,4090,36,4126,63
2021-05-28,Ventura,111,848112,81110,80985,3099,84084,1021
2021-05-28,Yolo,113,214977,14048,14050,339,14389,210
2021-05-28,Yuba,115,75493,6063,6050,126,6176,48
2021-05-27,Alameda,001,1643700,88222,88342,2051,90393,1274
2021-05-27,Alpine,003,1148,88,88,0,88,0
2021-05-27,Amador,005,37829,3683,3680,34,3714,46
2021-05-27,Butte,007,227075,12502,12401,1907,14308,190
2021-05-27,Calaveras,009,45235,2175,2163,14,2177,55
2021-05-27,Colusa,011,21464,1942,1952,320,2272,15
2021-05-27,Contra Costa,013,1133247,69628,69245,1347,70592,813
2021-05-27,Del Norte,015,27424,1391,1388,8,1396,8
2021-05-27,El Dorado,017,186661,10262,10248,765,11013,112
2021-05-27,Fresno,019,978130,102198,102413,9010,111423,1704
2021-05-27,Glenn,021,27897,2422,2415,576,2991,18
2021-05-27,Humboldt,023,135768,4279,4260,38,4298,42
2021-05-27,Imperial,025,180216,28502,28728,2909,31637,736
2021-05-27,Inyo,027,18085,1402,1404,5,1409,35
2021-05-27,Kern,029,883053,96975,96364,11346,107710,1322
2021-05-27,Kings,031,150075,22993,22953,1190,24143,245
2021-05-27,Lake,033,64148,3528,3509,9,3518,45
2021-05-27,Lassen,035,31185,5205,5170,117,5287,6
2021-05-27,Los Angeles,037,10098052,1202351,1201927,43830,1245757,24348
2021-05-27,Madera,039,155013,16572,16527,962,17489,240
2021-05-27,Marin,041,260295,14072,14061,265,14326,229
2021-05-27,Mariposa,043,17540,432,427,11,438,5
2021-05-27,Mendocino,045,87422,4001,3945,78,4023,47
2021-05-27,Merced,047,269075,31080,31161,993,32154,455
2021-05-27,Modoc,049,8938,380,374,130,504,3
2021-05-27,Mono,051,14174,1254,1276,12,1288,3
2021-05-27,Monterey,053,433212,43060,43032,1933,44965,379
2021-05-27,Napa,055,140530,9920,9934,35,9969,82
2021-05-27,Nevada,057,99092,4827,4807,196,5003,71
2021-05-27,Orange,059,3164182,254806,254438,11735,266173,5059
2021-05-27,Placer,061,380077,23242,22966,1561,24527,293
2021-05-27,Plumas,063,18699,703,687,12,699,4
2021-05-27,Riverside,065,2383286,291490,288835,14718,303553,4443
2021-05-27,Sacramento,067,1510023,106199,106015,1825,107840,1642
2021-05-27,San Benito,069,59416,6059,6074,118,6192,63
2021-05-27,San Bernardino,071,2135413,292676,292755,9281,302036,4756
2021-05-27,San Diego,073,3302833,280544,279960,14937,294897,3756
2021-05-27,San Francisco,075,870044,36696,36980,1383,38363,546
2021-05-27,San Joaquin,077,732212,73028,72714,3731,76445,1388
2021-05-27,San Luis Obispo,079,281455,21225,21171,779,21950,256
2021-05-27,San Mateo,081,765935,42389,42345,487,42832,436
2021-05-27,Santa Barbara,083,443738,34495,34355,1237,35592,456
2021-05-27,Santa Clara,085,1922200,118213,119452,793,120245,2053
2021-05-27,Santa Cruz,087,273765,16169,16134,875,17009,207
2021-05-27,Shasta,089,179085,12321,12380,1633,14013,202
2021-05-27,Sierra,091,2930,55,54,14,68,0
2021-05-27,Siskiyou,093,43540,1914,1846,383,2229,18
2021-05-27,Solano,095,438530,32851,32855,561,33416,257
2021-05-27,Sonoma,097,501317,30133,30253,340,30593,321
2021-05-27,Stanislaus,099,539301,56242,56207,6173,62380,974
2021-05-27,Sutter,101,95872,9505,9501,92,9593,111
2021-05-27,Tehama,103,63373,5062,5064,608,5672,63
2021-05-27,Trinity,105,12862,382,328,69,397,3
2021-05-27,Tulare,107,460477,49670,49366,9521,58887,840
2021-05-27,Tuolumne,109,53932,4083,4090,36,4126,66
2021-05-27,Ventura,111,848112,81097,80965,3096,84061,1023
2021-05-27,Yolo,113,214977,14045,14036,338,14374,213
2021-05-27,Yuba,115,75493,6058,6040,125,6165,48
2021-05-26,Alameda,001,1643700,88193,88297,2051,90348,1266
2021-05-26,Alpine,003,1148,88,88,0,88,0
2021-05-26,Amador,005,37829,3683,3679,34,3713,46
2021-05-26,Butte,007,227075,12493,12332,1906,14238,190
2021-05-26,Calaveras,009,45235,2173,2154,14,2168,55
2021-05-26,Colusa,011,21464,1941,1952,320,2272,15
2021-05-26,Contra Costa,013,1133247,69591,69210,1347,70557,812
2021-05-26,Del Norte,015,27424,1391,1386,7,1393,8
2021-05-26,El Dorado,017,186661,10258,10242,764,11006,112
2021-05-26,Fresno,019,978130,102166,102374,9005,111379,1702
2021-05-26,Glenn,021,27897,2421,2415,576,2991,18
2021-05-26,Humboldt,023,135768,4274,4246,38,4284,42
2021-05-26,Imperial,025,180216,28497,28712,2907,31619,734
2021-05-26,Inyo,027,18085,1402,1403,5,1408,36
2021-05-26,Kern,029,883053,96950,96343,11339,107682,1320
2021-05-26,Kings,031,150075,22989,22950,1189,24139,245
2021-05-26,Lake,033,64148,3527,3508,9,3517,45
2021-05-26,Lassen,035,31185,5204,5164,117,5281,6
2021-05-26,Los Angeles,037,10098052,1202187,1198100,43812,1241912,24221
2021-05-26,Madera,039,155013,16569,16520,962,17482,240
2021-05-26,Marin,041,260295,14069,14061,264,14325,227
2021-05-26,Mariposa,043,17540,432,427,11,438,5
2021-05-26,Mendocino,045,87422,3995,3938,78,4016,47
2021-05-26,Merced,047,269075,31071,31139,993,32132,455
2021-05-26,Modoc,049,8938,380,371,129,500,3
2021-05-26,Mono,051,14174,1254,1274,12,1286,3
2021-05-26,Monterey,053,433212,43054,43018,1932,44950,379
2021-05-26,Napa,055,140530,9913,9932,33,9965,82
2021-05-26,Nevada,057,99092,4822,4803,196,4999,70
2021-05-26,Orange,059,3164182,254771,254368,11731,266099,5058
2021-05-26,Placer,061,380077,23218,22940,1561,24501,293
2021-05-26,Plumas,063,18699,702,685,12,697,4
2021-05-26,Riverside,065,2383286,291444,288782,14711,303493,4443
2021-05-26,Sacramento,067,1510023,106113,105919,1821,107740,1637
2021-05-26,San Benito,069,59416,6059,6074,118,6192,63
2021-05-26,San Bernardino,071,2135413,292641,292662,9280,301942,4755
2021-05-26,San Diego,073,3302833,280469,279859,14927,294786,3755
2021-05-26,San Francisco,075,870044,36684,36954,1383,38337,546
2021-05-26,San Joaquin,077,732212,72987,72681,3728,76409,1388
2021-05-26,San Luis Obispo,079,281455,21220,21163,779,21942,256
2021-05-26,San Mateo,081,765935,42380,42331,486,42817,436
2021-05-26,Santa Barbara,083,443738,34486,34348,1237,35585,459
2021-05-26,Santa Clara,085,1922200,118186,119421,792,120213,2031
2021-05-26,Santa Cruz,087,273765,16168,16139,875,17014,207
2021-05-26,Shasta,089,179085,12307,12357,1630,13987,202
2021-05-26,Sierra,091,2930,55,54,14,68,0
2021-05-26,Siskiyou,093,43540,1912,1847,381,2228,18
2021-05-26,Solano,095,438530,32815,32831,561,33392,257
2021-05-26,Sonoma,097,501317,30107,30230,340,30570,321
2021-05-26,Stanislaus,099,539301,56219,56193,6170,62363,974
2021-05-26,Sutter,101,95872,9500,9495,92,9587,112
2021-05-26,Tehama,103,63373,5061,5054,605,5659,63
2021-05-26,Trinity,105,12862,382,328,69,397,3
2021-05-26,Tulare,107,460477,49663,49352,9517,58869,839
2021-05-26,Tuolumne,109,53932,4079,4088,35,4123,66
2021-05-26,Ventura,111,848112,81074,80944,3094,84038,1023
2021-05-26,Yolo,113,214977,14042,14025,338,14363,213
2021-05-26,Yuba,115,75493,6053,6036,125,6161,49
2021-05-25,Alameda,001,1643700,88164,88237,2051,90288,1263
2021-05-25,Alpine,003,1148,88,88,0,88,0
2021-05-25,Amador,005,37829,3678,3676,34,3710,46
2021-05-25,Butte,007,227075,12482,12295,1905,14200,189
2021-05-25,Calaveras,009,45235,2171,2148,14,2162,55
2021-05-25,Colusa,011,21464,1940,1949,320,2269,15
2021-05-25,Contra Costa,013,1133247,69538,69167,1342,70509,809
2021-05-25,Del Norte,015,27424,1391,1385,7,1392,8
2021-05-25,El Dorado,017,186661,10251,10240,763,11003,112
2021-05-25,Fresno,019,978130,102144,102329,9005,111334,1701
2021-05-25,Glenn,021,27897,2420,2414,575,2989,17
2021-05-25,Humboldt,023,135768,4267,4231,36,4267,42
2021-05-25,Imperial,025,180216,28490,28586,2907,31493,735
2021-05-25,Inyo,027,18085,1402,1402,5,1407,36
2021-05-25,Kern,029,883053,96919,96319,11325,107644,1319
2021-05-25,Kings,031,150075,22983,22944,1188,24132,245
2021-05-25,Lake,033,64148,3526,3508,9,3517,44
2021-05-25,Lassen,035,31185,5200,5164,117,5281,6
2021-05-25,Los Angeles,037,10098052,1202013,1197940,43793,1241733,24212
2021-05-25,Madera,039,155013,16564,16519,961,17480,240
2021-05-25,Marin,041,260295,14063,14053,264,14317,227
2021-05-25,Mariposa,043,17540,431,427,11,438,5
2021-05-25,Mendocino,045,87422,3990,3928,78,4006,47
2021-05-25,Merced,047,269075,31050,31132,993,32125,455
2021-05-25,Modoc,049,8938,379,367,129,496,3
2021-05-25,Mono,051,14174,1254,1274,12,1286,3
2021-05-25,Monterey,053,433212,43050,43012,1931,44943,379
2021-05-25,Napa,055,140530,9911,9926,33,9959,82
2021-05-25,Nevada,057,99092,4816,4795,196,4991,70
2021-05-25,Orange,059,3164182,254742,254321,11730,266051,5057
2021-05-25,Placer,061,380077,23207,22920,1559,24479,292
2021-05-25,Plumas,063,18699,702,684,12,696,4
2021-05-25,Riverside,065,2383286,291405,288725,14708,303433,4443
2021-05-25,Sacramento,067,1510023,106033,105828,1817,107645,1633
2021-05-25,San Benito,069,59416,6059,6073,118,6191,63
2021-05-25,San Bernardino,071,2135413,292582,292485,9279,301764,4755
2021-05-25,San Diego,073,3302833,280390,279786,14922,294708,3753
2021-05-25,San Francisco,075,870044,36661,36939,1383,38322,546
2021-05-25,San Joaquin,077,732212,72947,72628,3724,76352,1387
2021-05-25,San Luis Obispo,079,281455,21217,21153,779,21932,256
2021-05-25,San Mateo,081,765935,42370,42268,486,42754,435
2021-05-25,Santa Barbara,083,443738,34483,34337,1237,35574,459
2021-05-25,Santa Clara,085,1922200,118161,119393,791,120184,2032
2021-05-25,Santa Cruz,087,273765,16163,16141,875,17016,207
2021-05-25,Shasta,089,179085,12297,12328,1627,13955,202
2021-05-25,Sierra,091,2930,54,54,14,68,0
2021-05-25,Siskiyou,093,43540,1911,1845,380,2225,18
2021-05-25,Solano,095,438530,32797,32817,560,33377,256
2021-05-25,Sonoma,097,501317,30078,30207,339,30546,321
2021-05-25,Stanislaus,099,539301,56182,56168,6168,62336,974
2021-05-25,Sutter,101,95872,9496,9495,92,9587,112
2021-05-25,Tehama,103,63373,5059,5048,604,5652,63
2021-05-25,Trinity,105,12862,382,328,68,396,3
2021-05-25,Tulare,107,460477,49653,49326,9509,58835,838
2021-05-25,Tuolumne,109,53932,4079,4084,35,4119,66
2021-05-25,Ventura,111,848112,81056,80905,3094,83999,1022
2021-05-25,Yolo,113,214977,14035,14018,336,14354,213
2021-05-25,Yuba,115,75493,6046,6028,125,6153,49
2021-05-24,Alameda,001,1643700,88102,88182,2050,90232,1263
2021-05-24,Alpine,003,1148,88,88,0,88,0
2021-05-24,Amador,005,37829,3676,3675,34,3709,46
2021-05-24,Butte,007,227075,12469,12279,1902,14181,189
2021-05-24,Calaveras,009,45235,2170,2146,14,2160,54
2021-05-24,Colusa,011,21464,1940,1949,320,2269,15
2021-05-24,Contra Costa,013,1133247,69499,69107,1338,70445,809
2021-05-24,Del Norte,015,27424,1390,1384,7,1391,8
2021-05-24,El Dorado,017,186661,10241,10227,762,10989,112
2021-05-24,Fresno,019,978130,102104,102289,9003,111292,1698
2021-05-24,Glenn,021,27897,2420,2413,575,2988,17
2021-05-24,Humboldt,023,135768,4260,4225,36,4261,42
2021-05-24,Imperial,025,180216,28488,28575,2907,31482,735
2021-05-24,Inyo,027,18085,1402,1402,5,1407,36
2021-05-24,Kern,029,883053,96892,96296,11320,107616,1319
2021-05-24,Kings,031,150075,22979,22940,1188,24128,246
2021-05-24,Lake,033,64148,3524,3506,9,3515,43
2021-05-24,Lassen,035,31185,5196,5163,117,5280,6
2021-05-24,Los Angeles,037,10098052,1201841,1197782,43778,1241560,24201
2021-05-24,Madera,039,155013,16561,16513,960,17473,239
2021-05-24,Marin,041,260295,14061,14051,264,14315,227
2021-05-24,Mariposa,043,17540,430,427,11,438,5
2021-05-24,Mendocino,045,87422,3988,3919,78,3997,47
2021-05-24,Merced,047,269075,31040,31128,992,32120,455
2021-05-24,Modoc,049,8938,379,366,128,494,3
2021-05-24,Mono,051,14174,1254,1270,12,1282,3
2021-05-24,Monterey,053,433212,43045,43005,1930,44935,379
2021-05-24,Napa,055,140530,9911,9924,33,9957,82
2021-05-24,Nevada,057,99092,4813,4790,196,4986,70
2021-05-24,Orange,059,3164182,254708,254287,11720,266007,5056
2021-05-24,Placer,061,380077,23188,22895,1558,24453,292
2021-05-24,Plumas,063,18699,701,683,12,695,4
2021-05-24,Riverside,065,2383286,291352,288669,14697,303366,4442
2021-05-24,Sacramento,067,1510023,105918,105716,1816,107532,1632
2021-05-24,San Benito,069,59416,6059,6072,118,6190,63
2021-05-24,San Bernardino,071,2135413,292544,292343,9278,301621,4747
2021-05-24,San Diego,073,3302833,280281,279715,14912,294627,3749
2021-05-24,San Francisco,075,870044,36642,36934,1382,38316,547
2021-05-24,San Joaquin,077,732212,72915,72586,3723,76309,1371
2021-05-24,San Luis Obispo,079,281455,21199,21146,778,21924,256
2021-05-24,San Mateo,081,765935,42360,42249,486,42735,433
2021-05-24,Santa Barbara,083,443738,34478,34322,1237,35559,459
2021-05-24,Santa Clara,085,1922200,118129,119358,791,120149,2030
2021-05-24,Santa Cruz,087,273765,16158,16135,875,17010,207
2021-05-24,Shasta,089,179085,12281,12315,1624,13939,201
2021-05-24,Sierra,091,2930,54,54,14,68,0
2021-05-24,Siskiyou,093,43540,1908,1840,380,2220,17
2021-05-24,Solano,095,438530,32773,32792,559,33351,254
2021-05-24,Sonoma,097,501317,30063,30187,339,30526,321
2021-05-24,Stanislaus,099,539301,56148,56128,6164,62292,974
2021-05-24,Sutter,101,95872,9490,9486,92,9578,113
2021-05-24,Tehama,103,63373,5056,5043,602,5645,63
2021-05-24,Trinity,105,12862,382,328,68,396,3
2021-05-24,Tulare,107,460477,49646,49318,9505,58823,838
2021-05-24,Tuolumne,109,53932,4079,4083,35,4118,65
2021-05-24,Ventura,111,848112,81043,80876,3092,83968,1022
2021-05-24,Yolo,113,214977,14018,14012,333,14345,213
2021-05-24,Yuba,115,75493,6037,6022,125,6147,49
2021-05-23,Alameda,001,1643700,88031,88157,2047,90204,1263
2021-05-23,Alpine,003,1148,88,88,0,88,0
2021-05-23,Amador,005,37829,3675,3673,34,3707,46
2021-05-23,Butte,007,227075,12455,12271,1901,14172,189
2021-05-23,Calaveras,009,45235,2160,2144,14,2158,54
2021-05-23,Colusa,011,21464,1940,1949,318,2267,15
2021-05-23,Contra Costa,013,1133247,69454,69075,1336,70411,809
2021-05-23,Del Norte,015,27424,1386,1383,7,1390,8
2021-05-23,El Dorado,017,186661,10235,10222,762,10984,112
2021-05-23,Fresno,019,978130,102060,102270,8998,111268,1698
2021-05-23,Glenn,021,27897,2418,2413,575,2988,17
2021-05-23,Humboldt,023,135768,4242,4216,36,4252,42
2021-05-23,Imperial,025,180216,28482,28569,2906,31475,735
2021-05-23,Inyo,027,18085,1402,1402,5,1407,36
2021-05-23,Kern,029,883053,96870,96282,11311,107593,1319
2021-05-23,Kings,031,150075,22966,22939,1186,24125,246
2021-05-23,Lake,033,64148,3521,3504,9,3513,43
2021-05-23,Lassen,035,31185,5192,5163,116,5279,6
2021-05-23,Los Angeles,037,10098052,1201659,1197633,43764,1241397,24197
2021-05-23,Madera,039,155013,16556,16504,959,17463,239
2021-05-23,Marin,041,260295,14052,14048,264,14312,227
2021-05-23,Mariposa,043,17540,430,427,11,438,5
2021-05-23,Mendocino,045,87422,3982,3913,77,3990,47
2021-05-23,Merced,047,269075,31030,31118,992,32110,455
2021-05-23,Modoc,049,8938,375,366,128,494,3
2021-05-23,Mono,051,14174,1253,1270,12,1282,3
2021-05-23,Monterey,053,433212,43035,43003,1930,44933,379
2021-05-23,Napa,055,140530,9907,9923,33,9956,82
2021-05-23,Nevada,057,99092,4803,4790,196,4986,70
2021-05-23,Orange,059,3164182,254670,254277,11713,265990,5050
2021-05-23,Placer,061,380077,23168,22888,1558,24446,292
2021-05-23,Plumas,063,18699,700,683,12,695,4
2021-05-23,Riverside,065,2383286,291285,288641,14693,303334,4442
2021-05-23,Sacramento,067,1510023,105802,105663,1814,107477,1632
2021-05-23,San Benito,069,59416,6058,6072,118,6190,63
2021-05-23,San Bernardino,071,2135413,292494,292327,9276,301603,4747
2021-05-23,San Diego,073,3302833,280191,279690,14901,294591,3751
2021-05-23,San Francisco,075,870044,36631,36927,1381,38308,547
2021-05-23,San Joaquin,077,732212,72866,72571,3721,76292,1371
2021-05-23,San Luis Obispo,079,281455,21189,21141,777,21918,256
2021-05-23,San Mateo,081,765935,42343,42248,486,42734,433
2021-05-23,Santa Barbara,083,443738,34471,34319,1237,35556,459
2021-05-23,Santa Clara,085,1922200,118105,119333,791,120124,2030
2021-05-23,Santa Cruz,087,273765,16155,16130,875,17005,207
2021-05-23,Shasta,089,179085,12264,12313,1620,13933,201
2021-05-23,Sierra,091,2930,54,54,14,68,0
2021-05-23,Siskiyou,093,43540,1903,1826,373,2199,17
2021-05-23,Solano,095,438530,32755,32780,558,33338,254
2021-05-23,Sonoma,097,501317,30034,30168,338,30506,321
2021-05-23,Stanislaus,099,539301,56098,56104,6161,62265,974
2021-05-23,Sutter,101,95872,9481,9479,92,9571,113
2021-05-23,Tehama,103,63373,5049,5041,600,5641,63
2021-05-23,Trinity,105,12862,382,328,68,396,3
2021-05-23,Tulare,107,460477,49632,49310,9501,58811,838
2021-05-23,Tuolumne,109,53932,4076,4081,35,4116,65
2021-05-23,Ventura,111,848112,81013,80872,3091,83963,1022
2021-05-23,Yolo,113,214977,14006,14004,330,14334,213
2021-05-23,Yuba,115,75493,6032,6017,125,6142,49
2021-05-22,Alameda,001,1643700,88006,88101,2046,90147,1263
2021-05-22,Alpine,003,1148,88,88,0,88,0
2021-05-22,Amador,005,37829,3674,3672,34,3706,46
2021-05-22,Butte,007,227075,12443,12265,1900,14165,189
2021-05-22,Calaveras,009,45235,2158,2141,14,2155,54
2021-05-22,Colusa,011,21464,1936,1949,317,2266,15
2021-05-22,Contra Costa,013,1133247,69421,69004,1335,70339,809
2021-05-22,Del Norte,015,27424,1385,1381,7,1388,8
2021-05-22,El Dorado,017,186661,10230,10215,762,10977,112
2021-05-22,Fresno,019,978130,102046,102238,8996,111234,1698
2021-05-22,Glenn,021,27897,2418,2412,575,2987,17
2021-05-22,Humboldt,023,135768,4233,4194,35,4229,42
2021-05-22,Imperial,025,180216,28473,28574,2906,31480,735
2021-05-22,Inyo,027,18085,1402,1402,5,1407,36
2021-05-22,Kern,029,883053,96858,96260,11304,107564,1319
2021-05-22,Kings,031,150075,22966,22936,1186,24122,246
2021-05-22,Lake,033,64148,3518,3502,9,3511,43
2021-05-22,Lassen,035,31185,5192,5163,116,5279,6
2021-05-22,Los Angeles,037,10098052,1201554,1197454,43755,1241209,24192
2021-05-22,Madera,039,155013,16553,16503,959,17462,239
2021-05-22,Marin,041,260295,14049,14043,264,14307,227
2021-05-22,Mariposa,043,17540,430,427,11,438,5
2021-05-22,Mendocino,045,87422,3976,3908,77,3985,47
2021-05-22,Merced,047,269075,31020,31099,992,32091,455
2021-05-22,Modoc,049,8938,375,366,128,494,3
2021-05-22,Mono,051,14174,1251,1270,12,1282,3
2021-05-22,Monterey,053,433212,43029,42998,1930,44928,379
2021-05-22,Napa,055,140530,9905,9918,33,9951,82
2021-05-22,Nevada,057,99092,4796,4787,195,4982,70
2021-05-22,Orange,059,3164182,254649,254238,11707,265945,5048
2021-05-22,Placer,061,380077,23154,22865,1557,24422,292
2021-05-22,Plumas,063,18699,699,683,12,695,4
2021-05-22,Riverside,065,2383286,291255,288580,14692,303272,4442
2021-05-22,Sacramento,067,1510023,105727,105551,1811,107362,1632
2021-05-22,San Benito,069,59416,6058,6071,118,6189,63
2021-05-22,San Bernardino,071,2135413,292469,292292,9276,301568,4747
2021-05-22,San Diego,073,3302833,280132,279614,14893,294507,3751
2021-05-22,San Francisco,075,870044,36621,36906,1379,38285,547
2021-05-22,San Joaquin,077,732212,72844,72528,3718,76246,1371
2021-05-22,San Luis Obispo,079,281455,21181,21134,776,21910,256
2021-05-22,San Mateo,081,765935,42333,42218,486,42704,433
2021-05-22,Santa Barbara,083,443738,34467,34313,1236,35549,459
2021-05-22,Santa Clara,085,1922200,118082,119292,791,120083,2030
2021-05-22,Santa Cruz,087,273765,16155,16125,875,17000,207
2021-05-22,Shasta,089,179085,12258,12307,1617,13924,201
2021-05-22,Sierra,091,2930,54,54,14,68,0
2021-05-22,Siskiyou,093,43540,1902,1824,372,2196,17
2021-05-22,Solano,095,438530,32742,32753,558,33311,254
2021-05-22,Sonoma,097,501317,30021,30154,338,30492,321
2021-05-22,Stanislaus,099,539301,56073,56069,6159,62228,974
2021-05-22,Sutter,101,95872,9476,9476,92,9568,113
2021-05-22,Tehama,103,63373,5048,5036,600,5636,63
2021-05-22,Trinity,105,12862,382,328,68,396,3
2021-05-22,Tulare,107,460477,49626,49299,9496,58795,838
2021-05-22,Tuolumne,109,53932,4076,4078,35,4113,65
2021-05-22,Ventura,111,848112,81009,80859,3091,83950,1022
2021-05-22,Yolo,113,214977,14004,13997,330,14327,213
2021-05-22,Yuba,115,75493,6029,6010,125,6135,49
2021-05-21,Alameda,001,1643700,87979,88041,2045,90086,1263
2021-05-21,Alpine,003,1148,88,88,0,88,0
2021-05-21,Amador,005,37829,3671,3672,34,3706,46
2021-05-21,Butte,007,227075,12436,12236,1898,14134,188
2021-05-21,Calaveras,009,45235,2156,2138,14,2152,54
2021-05-21,Colusa,011,21464,1936,1947,317,2264,15
2021-05-21,Contra Costa,013,1133247,69378,68965,1334,70299,810
2021-05-21,Del Norte,015,27424,1384,1376,7,1383,8
2021-05-21,El Dorado,017,186661,10226,10204,762,10966,112
2021-05-21,Fresno,019,978130,102018,102189,8994,111183,1698
2021-05-21,Glenn,021,27897,2418,2408,575,2983,17
2021-05-21,Humboldt,023,135768,4226,4175,35,4210,42
2021-05-21,Imperial,025,180216,28466,28572,2905,31477,732
2021-05-21,Inyo,027,18085,1402,1402,5,1407,36
2021-05-21,Kern,029,883053,96844,96233,11297,107530,1318
2021-05-21,Kings,031,150075,22966,22927,1186,24113,246
2021-05-21,Lake,033,64148,3516,3500,9,3509,43
2021-05-21,Lassen,035,31185,5191,5161,116,5277,6
2021-05-21,Los Angeles,037,10098052,1201444,1197263,43746,1241009,24180
2021-05-21,Madera,039,155013,16552,16500,958,17458,238
2021-05-21,Marin,041,260295,14044,14042,264,14306,227
2021-05-21,Mariposa,043,17540,429,427,11,438,5
2021-05-21,Mendocino,045,87422,3970,3897,77,3974,47
2021-05-21,Merced,047,269075,31012,31076,992,32068,455
2021-05-21,Modoc,049,8938,375,365,128,493,3
2021-05-21,Mono,051,14174,1251,1269,12,1281,3
2021-05-21,Monterey,053,433212,43027,42995,1930,44925,379
2021-05-21,Napa,055,140530,9901,9913,33,9946,82
2021-05-21,Nevada,057,99092,4795,4779,195,4974,70
2021-05-21,Orange,059,3164182,254630,254171,11704,265875,5042
2021-05-21,Placer,061,380077,23146,22853,1557,24410,292
2021-05-21,Plumas,063,18699,699,683,11,694,4
2021-05-21,Riverside,065,2383286,291228,288499,14685,303184,4442
2021-05-21,Sacramento,067,1510023,105660,105476,1808,107284,1632
2021-05-21,San Benito,069,59416,6058,6068,118,6186,63
2021-05-21,San Bernardino,071,2135413,292438,292205,9273,301478,4744
2021-05-21,San Diego,073,3302833,280061,279554,14883,294437,3748
2021-05-21,San Francisco,075,870044,36615,36879,1379,38258,546
2021-05-21,San Joaquin,077,732212,72825,72467,3716,76183,1371
2021-05-21,San Luis Obispo,079,281455,21175,21128,773,21901,256
2021-05-21,San Mateo,081,765935,42320,42163,485,42648,432
2021-05-21,Santa Barbara,083,443738,34462,34302,1236,35538,459
2021-05-21,Santa Clara,085,1922200,118055,119247,791,120038,2029
2021-05-21,Santa Cruz,087,273765,16151,16120,875,16995,207
2021-05-21,Shasta,089,179085,12241,12289,1615,13904,201
2021-05-21,Sierra,091,2930,54,54,14,68,0
2021-05-21,Siskiyou,093,43540,1901,1815,372,2187,16
2021-05-21,Solano,095,438530,32727,32742,558,33300,254
2021-05-21,Sonoma,097,501317,30008,30126,338,30464,321
2021-05-21,Stanislaus,099,539301,56041,56036,6157,62193,975
2021-05-21,Sutter,101,95872,9474,9470,92,9562,113
2021-05-21,Tehama,103,63373,5042,5030,600,5630,63
2021-05-21,Trinity,105,12862,382,329,67,396,3
2021-05-21,Tulare,107,460477,49621,49271,9494,58765,838
2021-05-21,Tuolumne,109,53932,4074,4079,35,4114,65
2021-05-21,Ventura,111,848112,81001,80821,3088,83909,1021
2021-05-21,Yolo,113,214977,13997,13983,330,14313,213
2021-05-21,Yuba,115,75493,6023,6006,125,6131,49
2021-05-20,Alameda,001,1643700,87932,87975,2044,90019,1264
2021-05-20,Alpine,003,1148,88,88,0,88,0
2021-05-20,Amador,005,37829,3670,3671,34,3705,46
2021-05-20,Butte,007,227075,12429,12220,1895,14115,188
2021-05-20,Calaveras,009,45235,2152,2138,14,2152,54
2021-05-20,Colusa,011,21464,1935,1946,315,2261,15
2021-05-20,Contra Costa,013,1133247,69333,68913,1332,70245,809
2021-05-20,Del Norte,015,27424,1384,1373,7,1380,8
2021-05-20,El Dorado,017,186661,10217,10188,762,10950,112
2021-05-20,Fresno,019,978130,101997,102135,8992,111127,1696
2021-05-20,Glenn,021,27897,2415,2406,575,2981,17
2021-05-20,Humboldt,023,135768,4209,4162,35,4197,42
2021-05-20,Imperial,025,180216,28461,28551,2905,31456,732
2021-05-20,Inyo,027,18085,1402,1402,5,1407,36
2021-05-20,Kern,029,883053,96823,96204,11290,107494,1317
2021-05-20,Kings,031,150075,22964,22922,1186,24108,246
2021-05-20,Lake,033,64148,3513,3500,9,3509,43
2021-05-20,Lassen,035,31185,5189,5160,115,5275,6
2021-05-20,Los Angeles,037,10098052,1201290,1197073,43735,1240808,24168
2021-05-20,Madera,039,155013,16546,16499,956,17455,238
2021-05-20,Marin,041,260295,14040,14036,263,14299,227
2021-05-20,Mariposa,043,17540,429,426,11,437,5
2021-05-20,Mendocino,045,87422,3963,3897,77,3974,47
2021-05-20,Merced,047,269075,30999,31046,991,32037,454
2021-05-20,Modoc,049,8938,375,365,128,493,3
2021-05-20,Mono,051,14174,1250,1269,12,1281,3
2021-05-20,Monterey,053,433212,43021,42984,1929,44913,379
2021-05-20,Napa,055,140530,9898,9913,33,9946,82
2021-05-20,Nevada,057,99092,4794,4775,195,4970,70
2021-05-20,Orange,059,3164182,254586,254127,11701,265828,5038
2021-05-20,Placer,061,380077,23134,22823,1555,24378,292
2021-05-20,Plumas,063,18699,697,682,11,693,4
2021-05-20,Riverside,065,2383286,291183,288453,14680,303133,4442
2021-05-20,Sacramento,067,1510023,105565,105414,1804,107218,1629
2021-05-20,San Benito,069,59416,6057,6067,118,6185,63
2021-05-20,San Bernardino,071,2135413,292392,292153,9272,301425,4728
2021-05-20,San Diego,073,3302833,279973,279490,14871,294361,3749
2021-05-20,San Francisco,075,870044,36606,36860,1379,38239,546
2021-05-20,San Joaquin,077,732212,72787,72388,3714,76102,1371
2021-05-20,San Luis Obispo,079,281455,21163,21095,771,21866,256
2021-05-20,San Mateo,081,765935,42306,42152,483,42635,432
2021-05-20,Santa Barbara,083,443738,34458,34293,1236,35529,459
2021-05-20,Santa Clara,085,1922200,118034,119222,791,120013,2029
2021-05-20,Santa Cruz,087,273765,16146,16119,875,16994,207
2021-05-20,Shasta,089,179085,12229,12266,1611,13877,200
2021-05-20,Sierra,091,2930,54,54,14,68,0
2021-05-20,Siskiyou,093,43540,1894,1811,371,2182,16
2021-05-20,Solano,095,438530,32712,32725,558,33283,253
2021-05-20,Sonoma,097,501317,29991,30107,337,30444,321
2021-05-20,Stanislaus,099,539301,56010,55979,6155,62134,970
2021-05-20,Sutter,101,95872,9470,9467,92,9559,113
2021-05-20,Tehama,103,63373,5040,5029,600,5629,63
2021-05-20,Trinity,105,12862,382,329,66,395,3
2021-05-20,Tulare,107,460477,49610,49217,9491,58708,837
2021-05-20,Tuolumne,109,53932,4073,4077,35,4112,65
2021-05-20,Ventura,111,848112,80990,80800,3088,83888,1019
2021-05-20,Yolo,113,214977,13992,13973,330,14303,211
2021-05-20,Yuba,115,75493,6014,6002,125,6127,49
2021-05-19,Alameda,001,1643700,87891,87889,2042,89931,1260
2021-05-19,Alpine,003,1148,88,88,0,88,0
2021-05-19,Amador,005,37829,3670,3669,34,3703,46
2021-05-19,Butte,007,227075,12419,12198,1895,14093,188
2021-05-19,Calaveras,009,45235,2148,2132,14,2146,54
2021-05-19,Colusa,011,21464,1935,1945,313,2258,15
2021-05-19,Contra Costa,013,1133247,69286,68836,1332,70168,808
2021-05-19,Del Norte,015,27424,1382,1371,7,1378,8
2021-05-19,El Dorado,017,186661,10212,10179,761,10940,112
2021-05-19,Fresno,019,978130,101968,102085,8988,111073,1693
2021-05-19,Glenn,021,27897,2415,2404,575,2979,17
2021-05-19,Humboldt,023,135768,4199,4143,35,4178,42
2021-05-19,Imperial,025,180216,28452,28550,2905,31455,732
2021-05-19,Inyo,027,18085,1402,1402,5,1407,36
2021-05-19,Kern,029,883053,96796,96173,11282,107455,1316
2021-05-19,Kings,031,150075,22958,22919,1186,24105,246
2021-05-19,Lake,033,64148,3513,3497,9,3506,43
2021-05-19,Lassen,035,31185,5188,5157,115,5272,6
2021-05-19,Los Angeles,037,10098052,1201097,1196856,43720,1240576,24143
2021-05-19,Madera,039,155013,16543,16496,956,17452,238
2021-05-19,Marin,041,260295,14036,14033,261,14294,227
2021-05-19,Mariposa,043,17540,429,425,11,436,5
2021-05-19,Mendocino,045,87422,3959,3886,77,3963,47
2021-05-19,Merced,047,269075,30983,31044,991,32035,452
2021-05-19,Modoc,049,8938,375,364,126,490,3
2021-05-19,Mono,051,14174,1250,1266,12,1278,3
2021-05-19,Monterey,053,433212,43016,42973,1928,44901,379
2021-05-19,Napa,055,140530,9895,9906,33,9939,82
2021-05-19,Nevada,057,99092,4792,4769,195,4964,70
2021-05-19,Orange,059,3164182,254549,254087,11691,265778,5035
2021-05-19,Placer,061,380077,23116,22784,1549,24333,291
2021-05-19,Plumas,063,18699,697,682,11,693,4
2021-05-19,Riverside,065,2383286,291138,288398,14678,303076,4442
2021-05-19,Sacramento,067,1510023,105488,105225,1803,107028,1629
2021-05-19,San Benito,069,59416,6056,6064,118,6182,63
2021-05-19,San Bernardino,071,2135413,292348,292078,9269,301347,4725
2021-05-19,San Diego,073,3302833,279889,279345,14850,294195,3746
2021-05-19,San Francisco,075,870044,36593,36835,1378,38213,546
2021-05-19,San Joaquin,077,732212,72744,72338,3709,76047,1369
2021-05-19,San Luis Obispo,079,281455,21155,21085,770,21855,256
2021-05-19,San Mateo,081,765935,42299,42126,483,42609,429
2021-05-19,Santa Barbara,083,443738,34450,34292,1236,35528,459
2021-05-19,Santa Clara,085,1922200,117995,119176,790,119966,2015
2021-05-19,Santa Cruz,087,273765,16142,16121,874,16995,207
2021-05-19,Shasta,089,179085,12211,12233,1607,13840,200
2021-05-19,Sierra,091,2930,54,54,14,68,0
2021-05-19,Siskiyou,093,43540,1891,1803,370,2173,16
2021-05-19,Solano,095,438530,32685,32678,556,33234,253
2021-05-19,Sonoma,097,501317,29976,30080,337,30417,321
2021-05-19,Stanislaus,099,539301,55988,55912,6150,62062,967
2021-05-19,Sutter,101,95872,9463,9459,91,9550,113
2021-05-19,Tehama,103,63373,5032,5026,597,5623,63
2021-05-19,Trinity,105,12862,382,329,66,395,3
2021-05-19,Tulare,107,460477,49598,49163,9486,58649,837
2021-05-19,Tuolumne,109,53932,4073,4074,35,4109,64
2021-05-19,Ventura,111,848112,80974,80747,3087,83834,1019
2021-05-19,Yolo,113,214977,13986,13961,329,14290,211
2021-05-19,Yuba,115,75493,6010,5993,125,6118,49
2021-05-18,Alameda,001,1643700,87818,87816,2042,89858,1254
2021-05-18,Alpine,003,1148,88,88,0,88,0
2021-05-18,Amador,005,37829,3670,3669,34,3703,46
2021-05-18,Butte,007,227075,12407,12164,1892,14056,191
2021-05-18,Calaveras,009,45235,2144,2131,14,2145,54
2021-05-18,Colusa,011,21464,1935,1943,313,2256,14
2021-05-18,Contra Costa,013,1133247,69229,68750,1331,70081,808
2021-05-18,Del Norte,015,27424,1379,1371,7,1378,8
2021-05-18,El Dorado,017,186661,10201,10169,760,10929,112
2021-05-18,Fresno,019,978130,101932,102056,8985,111041,1690
2021-05-18,Glenn,021,27897,2409,2403,574,2977,17
2021-05-18,Humboldt,023,135768,4181,4132,35,4167,42
2021-05-18,Imperial,025,180216,28446,28538,2903,31441,730
2021-05-18,Inyo,027,18085,1402,1401,5,1406,36
2021-05-18,Kern,029,883053,96762,96128,11268,107396,1315
2021-05-18,Kings,031,150075,22952,22916,1186,24102,247
2021-05-18,Lake,033,64148,3511,3495,9,3504,43
2021-05-18,Lassen,035,31185,5187,5157,114,5271,6
2021-05-18,Los Angeles,037,10098052,1200920,1196668,43707,1240375,24133
2021-05-18,Madera,039,155013,16532,16491,956,17447,238
2021-05-18,Marin,041,260295,14033,14026,261,14287,227
2021-05-18,Mariposa,043,17540,429,424,11,435,5
2021-05-18,Mendocino,045,87422,3948,3877,76,3953,47
2021-05-18,Merced,047,269075,30965,31036,991,32027,452
2021-05-18,Modoc,049,8938,374,364,126,490,3
2021-05-18,Mono,051,14174,1249,1265,12,1277,3
2021-05-18,Monterey,053,433212,43010,43001,1928,44929,379
2021-05-18,Napa,055,140530,9895,9905,33,9938,82
2021-05-18,Nevada,057,99092,4785,4762,195,4957,70
2021-05-18,Orange,059,3164182,254509,254041,11681,265722,5031
2021-05-18,Placer,061,380077,23083,22726,1545,24271,291
2021-05-18,Plumas,063,18699,697,682,11,693,4
2021-05-18,Riverside,065,2383286,291086,288354,14671,303025,4438
2021-05-18,Sacramento,067,1510023,105387,105083,1801,106884,1629
2021-05-18,San Benito,069,59416,6055,6065,118,6183,63
2021-05-18,San Bernardino,071,2135413,292297,292014,9264,301278,4722
2021-05-18,San Diego,073,3302833,279781,279254,14841,294095,3742
2021-05-18,San Francisco,075,870044,36573,36818,1378,38196,546
2021-05-18,San Joaquin,077,732212,72698,72282,3705,75987,1368
2021-05-18,San Luis Obispo,079,281455,21145,21080,768,21848,256
2021-05-18,San Mateo,081,765935,42287,42099,482,42581,428
2021-05-18,Santa Barbara,083,443738,34441,34278,1236,35514,459
2021-05-18,Santa Clara,085,1922200,117968,119171,790,119961,2014
2021-05-18,Santa Cruz,087,273765,16134,16137,874,17011,207
2021-05-18,Shasta,089,179085,12193,12197,1601,13798,200
2021-05-18,Sierra,091,2930,54,54,14,68,0
2021-05-18,Siskiyou,093,43540,1890,1799,370,2169,16
2021-05-18,Solano,095,438530,32660,32644,556,33200,253
2021-05-18,Sonoma,097,501317,29956,30054,336,30390,321
2021-05-18,Stanislaus,099,539301,55950,55860,6150,62010,959
2021-05-18,Sutter,101,95872,9455,9453,91,9544,113
2021-05-18,Tehama,103,63373,5028,5020,594,5614,63
2021-05-18,Trinity,105,12862,382,329,65,394,3
2021-05-18,Tulare,107,460477,49590,49142,9481,58623,836
2021-05-18,Tuolumne,109,53932,4071,4073,35,4108,64
2021-05-18,Ventura,111,848112,80959,80726,3084,83810,1017
2021-05-18,Yolo,113,214977,13979,13951,328,14279,211
2021-05-18,Yuba,115,75493,6006,5989,124,6113,49
2021-05-17,Alameda,001,1643700,87766,87766,2039,89805,1253
2021-05-17,Alpine,003,1148,88,88,0,88,0
2021-05-17,Amador,005,37829,3667,3668,34,3702,46
2021-05-17,Butte,007,227075,12399,12144,1892,14036,192
2021-05-17,Calaveras,009,45235,2144,2131,14,2145,53
2021-05-17,Colusa,011,21464,1935,1943,313,2256,14
2021-05-17,Contra Costa,013,1133247,69174,68720,1330,70050,805
2021-05-17,Del Norte,015,27424,1374,1369,7,1376,8
2021-05-17,El Dorado,017,186661,10184,10163,760,10923,112
2021-05-17,Fresno,019,978130,101889,102013,8978,110991,1690
2021-05-17,Glenn,021,27897,2409,2401,574,2975,17
2021-05-17,Humboldt,023,135768,4170,4112,35,4147,42
2021-05-17,Imperial,025,180216,28441,28533,2900,31433,729
2021-05-17,Inyo,027,18085,1402,1401,5,1406,36
2021-05-17,Kern,029,883053,96733,96095,11251,107346,1315
2021-05-17,Kings,031,150075,22949,22918,1186,24104,246
2021-05-17,Lake,033,64148,3506,3489,9,3498,43
2021-05-17,Lassen,035,31185,5184,5156,113,5269,6
2021-05-17,Los Angeles,037,10098052,1200747,1196556,43701,1240257,24123
2021-05-17,Madera,039,155013,16527,16486,956,17442,238
2021-05-17,Marin,041,260295,14027,14021,261,14282,227
2021-05-17,Mariposa,043,17540,428,423,11,434,5
2021-05-17,Mendocino,045,87422,3939,3868,76,3944,46
2021-05-17,Merced,047,269075,30950,31031,991,32022,450
2021-05-17,Modoc,049,8938,373,362,126,488,3
2021-05-17,Mono,051,14174,1245,1265,12,1277,3
2021-05-17,Monterey,053,433212,43003,42995,1928,44923,379
2021-05-17,Napa,055,140530,9894,9894,33,9927,82
2021-05-17,Nevada,057,99092,4781,4761,194,4955,70
2021-05-17,Orange,059,3164182,254464,253993,11674,265667,5031
2021-05-17,Placer,061,380077,23058,22706,1538,24244,289
2021-05-17,Plumas,063,18699,697,682,11,693,4
2021-05-17,Riverside,065,2383286,291021,288304,14667,302971,4433
2021-05-17,Sacramento,067,1510023,105281,105035,1799,106834,1629
2021-05-17,San Benito,069,59416,6052,6067,118,6185,63
2021-05-17,San Bernardino,071,2135413,292249,291989,9257,301246,4724
2021-05-17,San Diego,073,3302833,279649,279146,14819,293965,3742
2021-05-17,San Francisco,075,870044,36561,36816,1376,38192,546
2021-05-17,San Joaquin,077,732212,72660,72234,3702,75936,1359
2021-05-17,San Luis Obispo,079,281455,21136,21079,766,21845,256
2021-05-17,San Mateo,081,765935,42259,42083,482,42565,428
2021-05-17,Santa Barbara,083,443738,34434,34275,1236,35511,459
2021-05-17,Santa Clara,085,1922200,117931,119116,788,119904,2015
2021-05-17,Santa Cruz,087,273765,16131,16151,874,17025,206
2021-05-17,Shasta,089,179085,12171,12163,1600,13763,200
2021-05-17,Sierra,091,2930,54,54,14,68,0
2021-05-17,Siskiyou,093,43540,1881,1795,367,2162,15
2021-05-17,Solano,095,438530,32642,32627,556,33183,253
2021-05-17,Sonoma,097,501317,29933,30043,335,30378,321
2021-05-17,Stanislaus,099,539301,55899,55839,6143,61982,951
2021-05-17,Sutter,101,95872,9448,9447,91,9538,113
2021-05-17,Tehama,103,63373,5025,5016,593,5609,63
2021-05-17,Trinity,105,12862,382,328,65,393,3
2021-05-17,Tulare,107,460477,49568,49107,9474,58581,836
2021-05-17,Tuolumne,109,53932,4071,4071,35,4106,64
2021-05-17,Ventura,111,848112,80939,80699,3084,83783,1017
2021-05-17,Yolo,113,214977,13973,13941,328,14269,211
2021-05-17,Yuba,115,75493,5998,5987,124,6111,49
2021-05-16,Alameda,001,1643700,87703,87743,2039,89782,1253
2021-05-16,Alpine,003,1148,88,88,0,88,0
2021-05-16,Amador,005,37829,3666,3667,34,3701,46
2021-05-16,Butte,007,227075,12385,12140,1892,14032,192
2021-05-16,Calaveras,009,45235,2142,2129,14,2143,53
2021-05-16,Colusa,011,21464,1933,1943,313,2256,14
2021-05-16,Contra Costa,013,1133247,69106,68694,1327,70021,805
2021-05-16,Del Norte,015,27424,1371,1365,7,1372,8
2021-05-16,El Dorado,017,186661,10168,10159,759,10918,112
2021-05-16,Fresno,019,978130,101845,101987,8972,110959,1690
2021-05-16,Glenn,021,27897,2409,2401,573,2974,17
2021-05-16,Humboldt,023,135768,4155,4104,35,4139,42
2021-05-16,Imperial,025,180216,28430,28516,2899,31415,729
2021-05-16,Inyo,027,18085,1402,1401,5,1406,36
2021-05-16,Kern,029,883053,96700,96083,11230,107313,1315
2021-05-16,Kings,031,150075,22945,22918,1183,24101,246
2021-05-16,Lake,033,64148,3503,3489,9,3498,43
2021-05-16,Lassen,035,31185,5183,5156,113,5269,6
2021-05-16,Los Angeles,037,10098052,1200528,1196397,43684,1240081,24120
2021-05-16,Madera,039,155013,16522,16483,953,17436,238
2021-05-16,Marin,041,260295,14024,14015,261,14276,227
2021-05-16,Mariposa,043,17540,428,423,11,434,5
2021-05-16,Mendocino,045,87422,3929,3863,76,3939,46
2021-05-16,Merced,047,269075,30927,31023,991,32014,450
2021-05-16,Modoc,049,8938,373,362,126,488,3
2021-05-16,Mono,051,14174,1245,1265,12,1277,3
2021-05-16,Monterey,053,433212,42998,42991,1928,44919,379
2021-05-16,Napa,055,140530,9891,9891,33,9924,82
2021-05-16,Nevada,057,99092,4777,4755,194,4949,70
2021-05-16,Orange,059,3164182,254431,253962,11671,265633,5031
2021-05-16,Placer,061,380077,23026,22696,1532,24228,289
2021-05-16,Plumas,063,18699,696,682,11,693,4
2021-05-16,Riverside,065,2383286,290949,288259,14657,302916,4433
2021-05-16,Sacramento,067,1510023,105167,105013,1797,106810,1628
2021-05-16,San Benito,069,59416,6051,6067,117,6184,63
2021-05-16,San Bernardino,071,2135413,292175,291940,9255,301195,4724
2021-05-16,San Diego,073,3302833,279531,279099,14806,293905,3742
2021-05-16,San Francisco,075,870044,36540,36808,1375,38183,546
2021-05-16,San Joaquin,077,732212,72612,72218,3697,75915,1359
2021-05-16,San Luis Obispo,079,281455,21129,21072,765,21837,256
2021-05-16,San Mateo,081,765935,42248,42063,481,42544,428
2021-05-16,Santa Barbara,083,443738,34427,34270,1236,35506,459
2021-05-16,Santa Clara,085,1922200,117902,119098,787,119885,2015
2021-05-16,Santa Cruz,087,273765,16129,16143,874,17017,206
2021-05-16,Shasta,089,179085,12155,12156,1596,13752,200
2021-05-16,Sierra,091,2930,54,54,14,68,0
2021-05-16,Siskiyou,093,43540,1877,1790,366,2156,15
2021-05-16,Solano,095,438530,32608,32619,554,33173,253
2021-05-16,Sonoma,097,501317,29914,30033,335,30368,321
2021-05-16,Stanislaus,099,539301,55844,55814,6131,61945,951
2021-05-16,Sutter,101,95872,9441,9445,91,9536,113
2021-05-16,Tehama,103,63373,5021,5013,592,5605,63
2021-05-16,Trinity,105,12862,382,328,65,393,3
2021-05-16,Tulare,107,460477,49551,49091,9471,58562,837
2021-05-16,Tuolumne,109,53932,4067,4070,35,4105,64
2021-05-16,Ventura,111,848112,80908,80689,3084,83773,1017
2021-05-16,Yolo,113,214977,13958,13938,328,14266,211
2021-05-16,Yuba,115,75493,5995,5987,124,6111,49
2021-05-15,Alameda,001,1643700,87677,87677,2038,89715,1252
2021-05-15,Alpine,003,1148,88,88,0,88,0
2021-05-15,Amador,005,37829,3666,3666,34,3700,46
2021-05-15,Butte,007,227075,12378,12095,1891,13986,192
2021-05-15,Calaveras,009,45235,2141,2126,14,2140,53
2021-05-15,Colusa,011,21464,1933,1941,311,2252,14
2021-05-15,Contra Costa,013,1133247,69060,68658,1327,69985,805
2021-05-15,Del Norte,015,27424,1366,1359,7,1366,8
2021-05-15,El Dorado,017,186661,10156,10156,758,10914,112
2021-05-15,Fresno,019,978130,101809,101957,8969,110926,1690
2021-05-15,Glenn,021,27897,2409,2400,573,2973,17
2021-05-15,Humboldt,023,135768,4145,4080,35,4115,42
2021-05-15,Imperial,025,180216,28427,28504,2898,31402,729
2021-05-15,Inyo,027,18085,1402,1402,5,1407,36
2021-05-15,Kern,029,883053,96687,96061,11214,107275,1315
2021-05-15,Kings,031,150075,22944,22913,1183,24096,246
2021-05-15,Lake,033,64148,3502,3485,9,3494,43
2021-05-15,Lassen,035,31185,5180,5156,112,5268,6
2021-05-15,Los Angeles,037,10098052,1200407,1196255,43670,1239925,24115
2021-05-15,Madera,039,155013,16519,16482,953,17435,238
2021-05-15,Marin,041,260295,14020,14012,261,14273,227
2021-05-15,Mariposa,043,17540,428,423,11,434,5
2021-05-15,Mendocino,045,87422,3926,3861,76,3937,46
2021-05-15,Merced,047,269075,30906,31012,991,32003,450
2021-05-15,Modoc,049,8938,373,362,126,488,3
2021-05-15,Mono,051,14174,1245,1265,12,1277,3
2021-05-15,Monterey,053,433212,42994,42982,1928,44910,379
2021-05-15,Napa,055,140530,9888,9887,33,9920,82
2021-05-15,Nevada,057,99092,4776,4755,194,4949,70
2021-05-15,Orange,059,3164182,254404,253919,11664,265583,5030
2021-05-15,Placer,061,380077,23005,22688,1532,24220,289
2021-05-15,Plumas,063,18699,696,681,11,692,4
2021-05-15,Riverside,065,2383286,290907,288203,14652,302855,4433
2021-05-15,Sacramento,067,1510023,105095,104929,1794,106723,1628
2021-05-15,San Benito,069,59416,6051,6066,117,6183,63
2021-05-15,San Bernardino,071,2135413,292133,291892,9253,301145,4724
2021-05-15,San Diego,073,3302833,279460,278991,14791,293782,3737
2021-05-15,San Francisco,075,870044,36524,36795,1373,38168,546
2021-05-15,San Joaquin,077,732212,72586,72197,3695,75892,1359
2021-05-15,San Luis Obispo,079,281455,21126,21061,764,21825,256
2021-05-15,San Mateo,081,765935,42232,42059,481,42540,428
2021-05-15,Santa Barbara,083,443738,34420,34259,1236,35495,459
2021-05-15,Santa Clara,085,1922200,117882,119060,787,119847,2016
2021-05-15,Santa Cruz,087,273765,16125,16137,874,17011,206
2021-05-15,Shasta,089,179085,12143,12152,1593,13745,200
2021-05-15,Sierra,091,2930,54,54,14,68,0
2021-05-15,Siskiyou,093,43540,1871,1788,364,2152,15
2021-05-15,Solano,095,438530,32599,32604,553,33157,253
2021-05-15,Sonoma,097,501317,29895,30020,335,30355,321
2021-05-15,Stanislaus,099,539301,55812,55795,6124,61919,952
2021-05-15,Sutter,101,95872,9439,9436,91,9527,113
2021-05-15,Tehama,103,63373,5017,5012,590,5602,63
2021-05-15,Trinity,105,12862,382,328,65,393,3
2021-05-15,Tulare,107,460477,49542,49080,9466,58546,837
2021-05-15,Tuolumne,109,53932,4065,4064,35,4099,63
2021-05-15,Ventura,111,848112,80897,80662,3084,83746,1017
2021-05-15,Yolo,113,214977,13951,13932,327,14259,211
2021-05-15,Yuba,115,75493,5992,5979,124,6103,49
2021-05-14,Alameda,001,1643700,87643,87621,2036,89657,1249
2021-05-14,Alpine,003,1148,88,88,0,88,0
2021-05-14,Amador,005,37829,3666,3665,34,3699,46
2021-05-14,Butte,007,227075,12369,12076,1888,13964,192
2021-05-14,Calaveras,009,45235,2137,2121,14,2135,53
2021-05-14,Colusa,011,21464,1932,1940,310,2250,14
2021-05-14,Contra Costa,013,1133247,69018,68589,1325,69914,806
2021-05-14,Del Norte,015,27424,1366,1355,7,1362,8
2021-05-14,El Dorado,017,186661,10149,10143,757,10900,113
2021-05-14,Fresno,019,978130,101780,101917,8963,110880,1688
2021-05-14,Glenn,021,27897,2408,2398,573,2971,17
2021-05-14,Humboldt,023,135768,4137,4050,35,4085,37
2021-05-14,Imperial,025,180216,28420,28485,2897,31382,728
2021-05-14,Inyo,027,18085,1402,1400,5,1405,36
2021-05-14,Kern,029,883053,96657,96033,11205,107238,1311
2021-05-14,Kings,031,150075,22943,22910,1183,24093,246
2021-05-14,Lake,033,64148,3498,3483,9,3492,43
2021-05-14,Lassen,035,31185,5180,5154,112,5266,6
2021-05-14,Los Angeles,037,10098052,1200274,1196038,43665,1239703,24101
2021-05-14,Madera,039,155013,16516,16474,953,17427,238
2021-05-14,Marin,041,260295,14016,14010,261,14271,227
2021-05-14,Mariposa,043,17540,428,422,11,433,5
2021-05-14,Mendocino,045,87422,3924,3855,76,3931,46
2021-05-14,Merced,047,269075,30896,31010,991,32001,450
2021-05-14,Modoc,049,8938,373,362,126,488,3
2021-05-14,Mono,051,14174,1244,1265,12,1277,3
2021-05-14,Monterey,053,433212,42989,42973,1928,44901,380
2021-05-14,Napa,055,140530,9885,9883,33,9916,82
2021-05-14,Nevada,057,99092,4771,4745,194,4939,70
2021-05-14,Orange,059,3164182,254371,253855,11657,265512,5028
2021-05-14,Placer,061,380077,22986,22660,1526,24186,287
2021-05-14,Plumas,063,18699,695,680,11,691,4
2021-05-14,Riverside,065,2383286,290857,288140,14649,302789,4433
2021-05-14,Sacramento,067,1510023,105006,104828,1793,106621,1627
2021-05-14,San Benito,069,59416,6051,6064,117,6181,63
2021-05-14,San Bernardino,071,2135413,292085,291834,9253,301087,4721
2021-05-14,San Diego,073,3302833,279388,278853,14779,293632,3732
2021-05-14,San Francisco,075,870044,36515,36771,1369,38140,545
2021-05-14,San Joaquin,077,732212,72553,72160,3688,75848,1359
2021-05-14,San Luis Obispo,079,281455,21123,21051,763,21814,256
2021-05-14,San Mateo,081,765935,42221,42041,481,42522,428
2021-05-14,Santa Barbara,083,443738,34410,34243,1236,35479,456
2021-05-14,Santa Clara,085,1922200,117853,119006,787,119793,2014
2021-05-14,Santa Cruz,087,273765,16120,16130,874,17004,207
2021-05-14,Shasta,089,179085,12137,12130,1588,13718,200
2021-05-14,Sierra,091,2930,54,54,14,68,0
2021-05-14,Siskiyou,093,43540,1864,1779,363,2142,14
2021-05-14,Solano,095,438530,32579,32585,552,33137,252
2021-05-14,Sonoma,097,501317,29877,30007,335,30342,321
2021-05-14,Stanislaus,099,539301,55776,55752,6118,61870,950
2021-05-14,Sutter,101,95872,9430,9433,89,9522,113
2021-05-14,Tehama,103,63373,5010,5005,590,5595,63
2021-05-14,Trinity,105,12862,382,328,65,393,3
2021-05-14,Tulare,107,460477,49526,49060,9460,58520,836
2021-05-14,Tuolumne,109,53932,4065,4060,35,4095,63
2021-05-14,Ventura,111,848112,80883,80628,3084,83712,1014
2021-05-14,Yolo,113,214977,13946,13922,323,14245,210
2021-05-14,Yuba,115,75493,5988,5970,124,6094,47
2021-05-13,Alameda,001,1643700,87598,87557,2035,89592,1250
2021-05-13,Alpine,003,1148,88,88,0,88,0
2021-05-13,Amador,005,37829,3666,3662,34,3696,46
2021-05-13,Butte,007,227075,12356,12051,1887,13938,196
2021-05-13,Calaveras,009,45235,2137,2120,14,2134,53
2021-05-13,Colusa,011,21464,1931,1939,306,2245,14
2021-05-13,Contra Costa,013,1133247,68970,68522,1324,69846,806
2021-05-13,Del Norte,015,27424,1364,1354,7,1361,8
2021-05-13,El Dorado,017,186661,10147,10133,757,10890,112
2021-05-13,Fresno,019,978130,101751,101862,8962,110824,1687
2021-05-13,Glenn,021,27897,2407,2395,573,2968,17
2021-05-13,Humboldt,023,135768,4119,4027,35,4062,37
2021-05-13,Imperial,025,180216,28405,28468,2895,31363,729
2021-05-13,Inyo,027,18085,1402,1400,5,1405,36
2021-05-13,Kern,029,883053,96634,95996,11186,107182,1311
2021-05-13,Kings,031,150075,22942,22904,1183,24087,246
2021-05-13,Lake,033,64148,3496,3479,9,3488,43
2021-05-13,Lassen,035,31185,5180,5152,111,5263,6
2021-05-13,Los Angeles,037,10098052,1200085,1195504,43651,1239155,24083
2021-05-13,Madera,039,155013,16508,16467,953,17420,238
2021-05-13,Marin,041,260295,14011,14004,259,14263,227
2021-05-13,Mariposa,043,17540,428,422,11,433,5
2021-05-13,Mendocino,045,87422,3920,3846,76,3922,46
2021-05-13,Merced,047,269075,30888,30989,991,31980,450
2021-05-13,Modoc,049,8938,373,362,126,488,3
2021-05-13,Mono,051,14174,1244,1265,12,1277,3
2021-05-13,Monterey,053,433212,42975,42966,1927,44893,380
2021-05-13,Napa,055,140530,9878,9877,33,9910,82
2021-05-13,Nevada,057,99092,4767,4743,193,4936,70
2021-05-13,Orange,059,3164182,254328,253778,11655,265433,5026
2021-05-13,Placer,061,380077,22962,22668,1519,24187,288
2021-05-13,Plumas,063,18699,695,680,11,691,4
2021-05-13,Riverside,065,2383286,290797,288067,14646,302713,4433
2021-05-13,Sacramento,067,1510023,104921,104711,1790,106501,1626
2021-05-13,San Benito,069,59416,6049,6062,117,6179,63
2021-05-13,San Bernardino,071,2135413,292020,291765,9253,301018,4722
2021-05-13,San Diego,073,3302833,279274,278592,14762,293354,3729
2021-05-13,San Francisco,075,870044,36491,36741,1367,38108,544
2021-05-13,San Joaquin,077,732212,72511,72096,3684,75780,1357
2021-05-13,San Luis Obispo,079,281455,21108,21043,762,21805,255
2021-05-13,San Mateo,081,765935,42204,42059,481,42540,426
2021-05-13,Santa Barbara,083,443738,34398,34242,1236,35478,456
2021-05-13,Santa Clara,085,1922200,117826,118952,787,119739,2013
2021-05-13,Santa Cruz,087,273765,16114,16129,874,17003,208
2021-05-13,Shasta,089,179085,12117,12111,1584,13695,200
2021-05-13,Sierra,091,2930,54,54,14,68,0
2021-05-13,Siskiyou,093,43540,1857,1769,360,2129,14
2021-05-13,Solano,095,438530,32566,32548,550,33098,252
2021-05-13,Sonoma,097,501317,29852,29991,335,30326,321
2021-05-13,Stanislaus,099,539301,55739,55678,6112,61790,949
2021-05-13,Sutter,101,95872,9426,9431,87,9518,112
2021-05-13,Tehama,103,63373,5005,4997,590,5587,63
2021-05-13,Trinity,105,12862,382,327,64,391,3
2021-05-13,Tulare,107,460477,49501,49032,9451,58483,837
2021-05-13,Tuolumne,109,53932,4064,4059,35,4094,63
2021-05-13,Ventura,111,848112,80853,80615,3083,83698,1012
2021-05-13,Yolo,113,214977,13937,13914,321,14235,210
2021-05-13,Yuba,115,75493,5979,5962,124,6086,47
2021-05-12,Alameda,001,1643700,87564,87482,2033,89515,1261
2021-05-12,Alpine,003,1148,88,88,0,88,0
2021-05-12,Amador,005,37829,3666,3658,34,3692,46
2021-05-12,Butte,007,227075,12346,12026,1887,13913,199
2021-05-12,Calaveras,009,45235,2134,2119,14,2133,53
2021-05-12,Colusa,011,21464,1929,1939,305,2244,14
2021-05-12,Contra Costa,013,1133247,68911,68462,1318,69780,805
2021-05-12,Del Norte,015,27424,1362,1352,7,1359,8
2021-05-12,El Dorado,017,186661,10138,10123,757,10880,112
2021-05-12,Fresno,019,978130,101703,101838,8951,110789,1688
2021-05-12,Glenn,021,27897,2404,2391,573,2964,17
2021-05-12,Humboldt,023,135768,4091,3982,35,4017,37
2021-05-12,Imperial,025,180216,28387,28443,2892,31335,726
2021-05-12,Inyo,027,18085,1402,1400,5,1405,36
2021-05-12,Kern,029,883053,96598,95955,11179,107134,1310
2021-05-12,Kings,031,150075,22940,22896,1183,24079,246
2021-05-12,Lake,033,64148,3494,3476,9,3485,43
2021-05-12,Lassen,035,31185,5178,5151,111,5262,6
2021-05-12,Los Angeles,037,10098052,1199905,1195318,43634,1238952,24067
2021-05-12,Madera,039,155013,16503,16462,952,17414,238
2021-05-12,Marin,041,260295,14006,13997,259,14256,227
2021-05-12,Mariposa,043,17540,428,422,11,433,5
2021-05-12,Mendocino,045,87422,3910,3836,76,3912,46
2021-05-12,Merced,047,269075,30872,30941,991,31932,450
2021-05-12,Modoc,049,8938,372,362,126,488,3
2021-05-12,Mono,051,14174,1244,1265,12,1277,3
2021-05-12,Monterey,053,433212,42963,42950,1926,44876,380
2021-05-12,Napa,055,140530,9872,9870,33,9903,82
2021-05-12,Nevada,057,99092,4763,4738,193,4931,70
2021-05-12,Orange,059,3164182,254277,253587,11652,265239,5024
2021-05-12,Placer,061,380077,22944,22652,1512,24164,288
2021-05-12,Plumas,063,18699,695,681,11,692,4
2021-05-12,Riverside,065,2383286,290728,287830,14641,302471,4431
2021-05-12,Sacramento,067,1510023,104825,104592,1789,106381,1621
2021-05-12,San Benito,069,59416,6049,6062,117,6179,63
2021-05-12,San Bernardino,071,2135413,291975,291505,9248,300753,4715
2021-05-12,San Diego,073,3302833,279170,278402,14741,293143,3729
2021-05-12,San Francisco,075,870044,36472,36720,1366,38086,544
2021-05-12,San Joaquin,077,732212,72457,72043,3680,75723,1356
2021-05-12,San Luis Obispo,079,281455,21098,21021,762,21783,255
2021-05-12,San Mateo,081,765935,42195,42038,479,42517,426
2021-05-12,Santa Barbara,083,443738,34391,34218,1236,35454,456
2021-05-12,Santa Clara,085,1922200,117783,118897,787,119684,2005
2021-05-12,Santa Cruz,087,273765,16108,16123,874,16997,207
2021-05-12,Shasta,089,179085,12097,12092,1582,13674,200
2021-05-12,Sierra,091,2930,54,54,14,68,0
2021-05-12,Siskiyou,093,43540,1853,1760,358,2118,13
2021-05-12,Solano,095,438530,32542,32519,550,33069,252
2021-05-12,Sonoma,097,501317,29840,29976,335,30311,320
2021-05-12,Stanislaus,099,539301,55700,55632,6103,61735,919
2021-05-12,Sutter,101,95872,9423,9427,87,9514,112
2021-05-12,Tehama,103,63373,5001,4989,590,5579,62
2021-05-12,Trinity,105,12862,382,327,64,391,3
2021-05-12,Tulare,107,460477,49485,49001,9443,58444,838
2021-05-12,Tuolumne,109,53932,4063,4056,35,4091,63
2021-05-12,Ventura,111,848112,80834,80577,3083,83660,1010
2021-05-12,Yolo,113,214977,13930,13910,320,14230,210
2021-05-12,Yuba,115,75493,5976,5956,124,6080,47
2021-05-11,Alameda,001,1643700,87500,87413,2029,89442,1290
2021-05-11,Alpine,003,1148,88,88,0,88,0
2021-05-11,Amador,005,37829,3664,3657,34,3691,46
2021-05-11,Butte,007,227075,12331,12008,1884,13892,199
2021-05-11,Calaveras,009,45235,2134,2118,14,2132,52
2021-05-11,Colusa,011,21464,1928,1939,305,2244,14
2021-05-11,Contra Costa,013,1133247,68851,68406,1317,69723,806
2021-05-11,Del Norte,015,27424,1360,1347,7,1354,8
2021-05-11,El Dorado,017,186661,10132,10108,756,10864,112
2021-05-11,Fresno,019,978130,101658,101792,8945,110737,1686
2021-05-11,Glenn,021,27897,2403,2387,572,2959,17
2021-05-11,Humboldt,023,135768,4070,3964,34,3998,37
2021-05-11,Imperial,025,180216,28379,28413,2888,31301,722
2021-05-11,Inyo,027,18085,1401,1402,5,1407,36
2021-05-11,Kern,029,883053,96572,95938,11165,107103,1310
2021-05-11,Kings,031,150075,22932,22887,1183,24070,246
2021-05-11,Lake,033,64148,3494,3473,9,3482,43
2021-05-11,Lassen,035,31185,5176,5148,111,5259,6
2021-05-11,Los Angeles,037,10098052,1199670,1195100,43621,1238721,24048
2021-05-11,Madera,039,155013,16499,16459,952,17411,238
2021-05-11,Marin,041,260295,13999,13987,259,14246,227
2021-05-11,Mariposa,043,17540,428,421,11,432,5
2021-05-11,Mendocino,045,87422,3902,3821,76,3897,46
2021-05-11,Merced,047,269075,30863,30893,991,31884,449
2021-05-11,Modoc,049,8938,372,362,125,487,3
2021-05-11,Mono,051,14174,1244,1265,12,1277,3
2021-05-11,Monterey,053,433212,42955,42934,1925,44859,380
2021-05-11,Napa,055,140530,9865,9870,33,9903,81
2021-05-11,Nevada,057,99092,4759,4737,193,4930,70
2021-05-11,Orange,059,3164182,254214,253545,11644,265189,5017
2021-05-11,Placer,061,380077,22923,22615,1508,24123,287
2021-05-11,Plumas,063,18699,693,679,11,690,4
2021-05-11,Riverside,065,2383286,290668,287757,14636,302393,4429
2021-05-11,Sacramento,067,1510023,104726,104496,1786,106282,1616
2021-05-11,San Benito,069,59416,6046,6058,117,6175,63
2021-05-11,San Bernardino,071,2135413,291915,291421,9246,300667,4707
2021-05-11,San Diego,073,3302833,279035,278308,14722,293030,3725
2021-05-11,San Francisco,075,870044,36452,36707,1366,38073,543
2021-05-11,San Joaquin,077,732212,72409,71999,3677,75676,1356
2021-05-11,San Luis Obispo,079,281455,21091,21008,760,21768,255
2021-05-11,San Mateo,081,765935,42176,41985,478,42463,425
2021-05-11,Santa Barbara,083,443738,34382,34207,1236,35443,456
2021-05-11,Santa Clara,085,1922200,117737,118857,786,119643,2005
2021-05-11,Santa Cruz,087,273765,16104,16113,874,16987,206
2021-05-11,Shasta,089,179085,12074,12050,1576,13626,200
2021-05-11,Sierra,091,2930,54,54,14,68,0
2021-05-11,Siskiyou,093,43540,1844,1756,356,2112,13
2021-05-11,Solano,095,438530,32525,32499,548,33047,250
2021-05-11,Sonoma,097,501317,29825,29966,335,30301,318
2021-05-11,Stanislaus,099,539301,55651,55589,6099,61688,909
2021-05-11,Sutter,101,95872,9416,9417,87,9504,112
2021-05-11,Tehama,103,63373,4997,4985,589,5574,62
2021-05-11,Trinity,105,12862,382,327,63,390,3
2021-05-11,Tulare,107,460477,49459,48974,9428,58402,837
2021-05-11,Tuolumne,109,53932,4062,4056,35,4091,63
2021-05-11,Ventura,111,848112,80810,80544,3080,83624,1008
2021-05-11,Yolo,113,214977,13917,13902,317,14219,210
2021-05-11,Yuba,115,75493,5967,5950,124,6074,46
2021-05-10,Alameda,001,1643700,87429,87366,2028,89394,1284
2021-05-10,Alpine,003,1148,88,88,0,88,0
2021-05-10,Amador,005,37829,3663,3657,34,3691,46
2021-05-10,Butte,007,227075,12316,11993,1878,13871,199
2021-05-10,Calaveras,009,45235,2127,2118,14,2132,52
2021-05-10,Colusa,011,21464,1928,1939,305,2244,14
2021-05-10,Contra Costa,013,1133247,68788,68357,1317,69674,806
2021-05-10,Del Norte,015,27424,1357,1339,7,1346,8
2021-05-10,El Dorado,017,186661,10118,10093,756,10849,113
2021-05-10,Fresno,019,978130,101627,101755,8939,110694,1682
2021-05-10,Glenn,021,27897,2402,2384,570,2954,17
2021-05-10,Humboldt,023,135768,4040,3961,34,3995,36
2021-05-10,Imperial,025,180216,28365,28397,2884,31281,722
2021-05-10,Inyo,027,18085,1401,1401,5,1406,36
2021-05-10,Kern,029,883053,96529,95920,11151,107071,1310
2021-05-10,Kings,031,150075,22921,22884,1182,24066,246
2021-05-10,Lake,033,64148,3486,3471,9,3480,43
2021-05-10,Lassen,035,31185,5172,5148,111,5259,5
2021-05-10,Los Angeles,037,10098052,1199416,1194976,43603,1238579,24030
2021-05-10,Madera,039,155013,16489,16450,952,17402,238
2021-05-10,Marin,041,260295,13996,13981,259,14240,228
2021-05-10,Mariposa,043,17540,427,420,11,431,5
2021-05-10,Mendocino,045,87422,3896,3818,76,3894,46
2021-05-10,Merced,047,269075,30853,30880,991,31871,448
2021-05-10,Modoc,049,8938,372,361,125,486,3
2021-05-10,Mono,051,14174,1244,1265,12,1277,3
2021-05-10,Monterey,053,433212,42949,42927,1920,44847,380
2021-05-10,Napa,055,140530,9863,9860,33,9893,81
2021-05-10,Nevada,057,99092,4752,4735,193,4928,70
2021-05-10,Orange,059,3164182,254162,253484,11638,265122,5008
2021-05-10,Placer,061,380077,22902,22590,1505,24095,286
2021-05-10,Plumas,063,18699,692,679,11,690,4
2021-05-10,Riverside,065,2383286,290602,287689,14630,302319,4427
2021-05-10,Sacramento,067,1510023,104615,104378,1781,106159,1613
2021-05-10,San Benito,069,59416,6045,6058,117,6175,63
2021-05-10,San Bernardino,071,2135413,291864,291360,9245,300605,4707
2021-05-10,San Diego,073,3302833,278870,278183,14695,292878,3725
2021-05-10,San Francisco,075,870044,36433,36683,1366,38049,543
2021-05-10,San Joaquin,077,732212,72372,71954,3662,75616,1356
2021-05-10,San Luis Obispo,079,281455,21073,20993,759,21752,256
2021-05-10,San Mateo,081,765935,42158,41926,478,42404,424
2021-05-10,Santa Barbara,083,443738,34375,34201,1236,35437,456
2021-05-10,Santa Clara,085,1922200,117679,118822,785,119607,2003
2021-05-10,Santa Cruz,087,273765,16098,16114,874,16988,206
2021-05-10,Shasta,089,179085,12060,12036,1572,13608,200
2021-05-10,Sierra,091,2930,54,54,14,68,0
2021-05-10,Siskiyou,093,43540,1834,1752,354,2106,13
2021-05-10,Solano,095,438530,32505,32466,546,33012,250
2021-05-10,Sonoma,097,501317,29810,29955,334,30289,318
2021-05-10,Stanislaus,099,539301,55576,55541,6093,61634,898
2021-05-10,Sutter,101,95872,9410,9412,87,9499,111
2021-05-10,Tehama,103,63373,4993,4980,589,5569,62
2021-05-10,Trinity,105,12862,382,327,61,388,3
2021-05-10,Tulare,107,460477,49435,48956,9422,58378,837
2021-05-10,Tuolumne,109,53932,4058,4054,35,4089,63
2021-05-10,Ventura,111,848112,80794,80501,3078,83579,1008
2021-05-10,Yolo,113,214977,13905,13898,315,14213,209
2021-05-10,Yuba,115,75493,5965,5942,124,6066,46
2021-05-09,Alameda,001,1643700,87358,87292,2025,89317,1284
2021-05-09,Alpine,003,1148,88,88,0,88,0
2021-05-09,Amador,005,37829,3661,3655,34,3689,46
2021-05-09,Butte,007,227075,12297,11985,1874,13859,199
2021-05-09,Calaveras,009,45235,2126,2116,14,2130,52
2021-05-09,Colusa,011,21464,1927,1940,305,2245,14
2021-05-09,Contra Costa,013,1133247,68724,68302,1315,69617,806
2021-05-09,Del Norte,015,27424,1350,1338,7,1345,8
2021-05-09,El Dorado,017,186661,10104,10089,753,10842,113
2021-05-09,Fresno,019,978130,101589,101729,8930,110659,1682
2021-05-09,Glenn,021,27897,2395,2382,567,2949,17
2021-05-09,Humboldt,023,135768,4020,3950,34,3984,36
2021-05-09,Imperial,025,180216,28342,28388,2877,31265,722
2021-05-09,Inyo,027,18085,1401,1401,4,1405,36
2021-05-09,Kern,029,883053,96501,95903,11140,107043,1310
2021-05-09,Kings,031,150075,22912,22878,1182,24060,246
2021-05-09,Lake,033,64148,3482,3471,9,3480,43
2021-05-09,Lassen,035,31185,5170,5147,111,5258,5
2021-05-09,Los Angeles,037,10098052,1199157,1194820,43588,1238408,24026
2021-05-09,Madera,039,155013,16480,16444,946,17390,238
2021-05-09,Marin,041,260295,13985,13979,258,14237,228
2021-05-09,Mariposa,043,17540,424,420,11,431,5
2021-05-09,Mendocino,045,87422,3886,3814,76,3890,46
2021-05-09,Merced,047,269075,30830,30883,991,31874,448
2021-05-09,Modoc,049,8938,372,360,125,485,3
2021-05-09,Mono,051,14174,1244,1264,12,1276,3
2021-05-09,Monterey,053,433212,42932,42918,1920,44838,380
2021-05-09,Napa,055,140530,9852,9857,33,9890,81
2021-05-09,Nevada,057,99092,4745,4727,193,4920,70
2021-05-09,Orange,059,3164182,254109,253451,11630,265081,5008
2021-05-09,Placer,061,380077,22876,22566,1502,24068,286
2021-05-09,Plumas,063,18699,691,679,11,690,4
2021-05-09,Riverside,065,2383286,290524,287644,14624,302268,4427
2021-05-09,Sacramento,067,1510023,104468,104309,1774,106083,1612
2021-05-09,San Benito,069,59416,6043,6056,117,6173,63
2021-05-09,San Bernardino,071,2135413,291783,291337,9239,300576,4707
2021-05-09,San Diego,073,3302833,278703,277950,14673,292623,3725
2021-05-09,San Francisco,075,870044,36407,36669,1364,38033,543
2021-05-09,San Joaquin,077,732212,72328,71927,3661,75588,1356
2021-05-09,San Luis Obispo,079,281455,21063,20999,759,21758,256
2021-05-09,San Mateo,081,765935,42129,41903,478,42381,424
2021-05-09,Santa Barbara,083,443738,34362,34196,1235,35431,456
2021-05-09,Santa Clara,085,1922200,117625,118798,784,119582,2003
2021-05-09,Santa Cruz,087,273765,16092,16094,874,16968,206
2021-05-09,Shasta,089,179085,12030,12034,1567,13601,200
2021-05-09,Sierra,091,2930,54,54,14,68,0
2021-05-09,Siskiyou,093,43540,1828,1741,351,2092,13
2021-05-09,Solano,095,438530,32466,32434,543,32977,250
2021-05-09,Sonoma,097,501317,29795,29953,333,30286,318
2021-05-09,Stanislaus,099,539301,55509,55511,6089,61600,898
2021-05-09,Sutter,101,95872,9404,9413,87,9500,111
2021-05-09,Tehama,103,63373,4988,4979,589,5568,62
2021-05-09,Trinity,105,12862,382,327,61,388,3
2021-05-09,Tulare,107,460477,49408,48948,9417,58365,837
2021-05-09,Tuolumne,109,53932,4057,4053,35,4088,63
2021-05-09,Ventura,111,848112,80779,80487,3077,83564,1008
2021-05-09,Yolo,113,214977,13894,13897,314,14211,209
2021-05-09,Yuba,115,75493,5959,5934,124,6058,46
2021-05-08,Alameda,001,1643700,87316,87213,2021,89234,1284
2021-05-08,Alpine,003,1148,88,88,0,88,0
2021-05-08,Amador,005,37829,3659,3652,34,3686,46
2021-05-08,Butte,007,227075,12285,11962,1873,13835,199
2021-05-08,Calaveras,009,45235,2125,2114,14,2128,52
2021-05-08,Colusa,011,21464,1927,1939,305,2244,14
2021-05-08,Contra Costa,013,1133247,68691,68223,1313,69536,803
2021-05-08,Del Norte,015,27424,1347,1335,7,1342,8
2021-05-08,El Dorado,017,186661,10090,10079,753,10832,113
2021-05-08,Fresno,019,978130,101554,101676,8925,110601,1682
2021-05-08,Glenn,021,27897,2393,2382,565,2947,17
2021-05-08,Humboldt,023,135768,4004,3939,34,3973,36
2021-05-08,Imperial,025,180216,28334,28373,2877,31250,721
2021-05-08,Inyo,027,18085,1401,1402,4,1406,36
2021-05-08,Kern,029,883053,96477,95880,11127,107007,1310
2021-05-08,Kings,031,150075,22909,22872,1181,24053,246
2021-05-08,Lake,033,64148,3481,3470,9,3479,43
2021-05-08,Lassen,035,31185,5169,5145,111,5256,5
2021-05-08,Los Angeles,037,10098052,1199010,1194584,43572,1238156,24022
2021-05-08,Madera,039,155013,16476,16442,946,17388,238
2021-05-08,Marin,041,260295,13982,13974,257,14231,228
2021-05-08,Mariposa,043,17540,424,420,11,431,5
2021-05-08,Mendocino,045,87422,3881,3810,75,3885,46
2021-05-08,Merced,047,269075,30821,30876,991,31867,448
2021-05-08,Modoc,049,8938,372,360,124,484,3
2021-05-08,Mono,051,14174,1244,1262,12,1274,3
2021-05-08,Monterey,053,433212,42927,42914,1919,44833,380
2021-05-08,Napa,055,140530,9845,9853,33,9886,81
2021-05-08,Nevada,057,99092,4742,4716,193,4909,70
2021-05-08,Orange,059,3164182,254073,253412,11627,265039,5006
2021-05-08,Placer,061,380077,22858,22547,1500,24047,286
2021-05-08,Plumas,063,18699,690,679,11,690,4
2021-05-08,Riverside,065,2383286,290482,287574,14622,302196,4427
2021-05-08,Sacramento,067,1510023,104384,104208,1770,105978,1610
2021-05-08,San Benito,069,59416,6042,6048,117,6165,63
2021-05-08,San Bernardino,071,2135413,291739,291296,9239,300535,4707
2021-05-08,San Diego,073,3302833,278619,277760,14655,292415,3725
2021-05-08,San Francisco,075,870044,36384,36642,1364,38006,543
2021-05-08,San Joaquin,077,732212,72299,71869,3652,75521,1356
2021-05-08,San Luis Obispo,079,281455,21052,20992,759,21751,256
2021-05-08,San Mateo,081,765935,42118,41871,478,42349,424
2021-05-08,Santa Barbara,083,443738,34349,34185,1235,35420,456
2021-05-08,Santa Clara,085,1922200,117594,118751,784,119535,2003
2021-05-08,Santa Cruz,087,273765,16089,16089,874,16963,206
2021-05-08,Shasta,089,179085,12020,12030,1563,13593,200
2021-05-08,Sierra,091,2930,54,54,14,68,0
2021-05-08,Siskiyou,093,43540,1827,1741,347,2088,13
2021-05-08,Solano,095,438530,32441,32395,541,32936,249
2021-05-08,Sonoma,097,501317,29782,29942,333,30275,318
2021-05-08,Stanislaus,099,539301,55476,55467,6085,61552,898
2021-05-08,Sutter,101,95872,9401,9413,87,9500,111
2021-05-08,Tehama,103,63373,4986,4977,589,5566,62
2021-05-08,Trinity,105,12862,382,327,61,388,3
2021-05-08,Tulare,107,460477,49394,48929,9407,58336,837
2021-05-08,Tuolumne,109,53932,4056,4050,35,4085,63
2021-05-08,Ventura,111,848112,80768,80481,3074,83555,1008
2021-05-08,Yolo,113,214977,13891,13894,313,14207,209
2021-05-08,Yuba,115,75493,5951,5928,124,6052,46
2021-05-07,Alameda,001,1643700,87265,87128,2020,89148,1280
2021-05-07,Alpine,003,1148,88,88,0,88,0
2021-05-07,Amador,005,37829,3656,3651,34,3685,46
2021-05-07,Butte,007,227075,12267,11943,1868,13811,199
2021-05-07,Calaveras,009,45235,2123,2114,14,2128,52
2021-05-07,Colusa,011,21464,1927,1937,305,2242,14
2021-05-07,Contra Costa,013,1133247,68645,68156,1311,69467,804
2021-05-07,Del Norte,015,27424,1342,1329,7,1336,8
2021-05-07,El Dorado,017,186661,10077,10065,751,10816,112
2021-05-07,Fresno,019,978130,101522,101625,8924,110549,1684
2021-05-07,Glenn,021,27897,2390,2381,564,2945,17
2021-05-07,Humboldt,023,135768,3989,3919,34,3953,36
2021-05-07,Imperial,025,180216,28326,28352,2876,31228,721
2021-05-07,Inyo,027,18085,1401,1402,4,1406,36
2021-05-07,Kern,029,883053,96464,95839,11115,106954,1308
2021-05-07,Kings,031,150075,22908,22857,1180,24037,246
2021-05-07,Lake,033,64148,3479,3467,9,3476,43
2021-05-07,Lassen,035,31185,5168,5144,110,5254,5
2021-05-07,Los Angeles,037,10098052,1198839,1194294,43562,1237856,24008
2021-05-07,Madera,039,155013,16471,16439,946,17385,238
2021-05-07,Marin,041,260295,13978,13968,257,14225,228
2021-05-07,Mariposa,043,17540,423,419,11,430,5
2021-05-07,Mendocino,045,87422,3875,3805,75,3880,46
2021-05-07,Merced,047,269075,30818,30862,991,31853,446
2021-05-07,Modoc,049,8938,372,360,124,484,3
2021-05-07,Mono,051,14174,1243,1261,12,1273,3
2021-05-07,Monterey,053,433212,42921,42909,1917,44826,380
2021-05-07,Napa,055,140530,9844,9849,33,9882,81
2021-05-07,Nevada,057,99092,4738,4704,193,4897,70
2021-05-07,Orange,059,3164182,254036,253338,11617,264955,5000
2021-05-07,Placer,061,380077,22839,22524,1497,24021,286
2021-05-07,Plumas,063,18699,690,678,11,689,4
2021-05-07,Riverside,065,2383286,290425,287479,14621,302100,4426
2021-05-07,Sacramento,067,1510023,104311,104068,1765,105833,1609
2021-05-07,San Benito,069,59416,6041,6048,117,6165,63
2021-05-07,San Bernardino,071,2135413,291696,291185,9234,300419,4697
2021-05-07,San Diego,073,3302833,278535,277534,14640,292174,3718
2021-05-07,San Francisco,075,870044,36371,36616,1363,37979,543
2021-05-07,San Joaquin,077,732212,72259,71804,3650,75454,1351
2021-05-07,San Luis Obispo,079,281455,21045,20979,759,21738,256
2021-05-07,San Mateo,081,765935,42102,41844,478,42322,424
2021-05-07,Santa Barbara,083,443738,34339,34166,1235,35401,453
2021-05-07,Santa Clara,085,1922200,117561,118691,783,119474,2002
2021-05-07,Santa Cruz,087,273765,16086,16074,874,16948,206
2021-05-07,Shasta,089,179085,11998,12005,1561,13566,200
2021-05-07,Sierra,091,2930,54,54,14,68,0
2021-05-07,Siskiyou,093,43540,1824,1723,347,2070,13
2021-05-07,Solano,095,438530,32414,32352,539,32891,249
2021-05-07,Sonoma,097,501317,29764,29925,331,30256,318
2021-05-07,Stanislaus,099,539301,55435,55407,6079,61486,896
2021-05-07,Sutter,101,95872,9401,9407,86,9493,111
2021-05-07,Tehama,103,63373,4979,4974,589,5563,57
2021-05-07,Trinity,105,12862,382,327,61,388,3
2021-05-07,Tulare,107,460477,49377,48913,9402,58315,837
2021-05-07,Tuolumne,109,53932,4054,4048,35,4083,63
2021-05-07,Ventura,111,848112,80744,80444,3074,83518,1008
2021-05-07,Yolo,113,214977,13886,13875,312,14187,209
2021-05-07,Yuba,115,75493,5941,5910,124,6034,46
2021-05-06,Alameda,001,1643700,87187,87028,2016,89044,1278
2021-05-06,Alpine,003,1148,88,88,0,88,0
2021-05-06,Amador,005,37829,3654,3650,34,3684,46
2021-05-06,Butte,007,227075,12247,11929,1863,13792,198
2021-05-06,Calaveras,009,45235,2122,2111,14,2125,52
2021-05-06,Colusa,011,21464,1927,1935,305,2240,14
2021-05-06,Contra Costa,013,1133247,68590,68076,1308,69384,802
2021-05-06,Del Norte,015,27424,1334,1324,7,1331,6
2021-05-06,El Dorado,017,186661,10070,10048,751,10799,112
2021-05-06,Fresno,019,978130,101481,101536,8918,110454,1680
2021-05-06,Glenn,021,27897,2389,2380,563,2943,17
2021-05-06,Humboldt,023,135768,3965,3898,33,3931,36
2021-05-06,Imperial,025,180216,28315,28311,2875,31186,720
2021-05-06,Inyo,027,18085,1401,1401,4,1405,36
2021-05-06,Kern,029,883053,96439,95801,11098,106899,1307
2021-05-06,Kings,031,150075,22901,22848,1179,24027,246
2021-05-06,Lake,033,64148,3478,3465,9,3474,43
2021-05-06,Lassen,035,31185,5167,5143,110,5253,1
2021-05-06,Los Angeles,037,10098052,1198599,1193954,43545,1237499,23991
2021-05-06,Madera,039,155013,16463,16430,946,17376,238
2021-05-06,Marin,041,260295,13974,13956,257,14213,228
2021-05-06,Mariposa,043,17540,422,419,11,430,5
2021-05-06,Mendocino,045,87422,3864,3802,75,3877,46
2021-05-06,Merced,047,269075,30803,30863,990,31853,444
2021-05-06,Modoc,049,8938,372,360,124,484,3
2021-05-06,Mono,051,14174,1241,1261,12,1273,3
2021-05-06,Monterey,053,433212,42906,42899,1917,44816,379
2021-05-06,Napa,055,140530,9838,9843,33,9876,81
2021-05-06,Nevada,057,99092,4737,4687,193,4880,70
2021-05-06,Orange,059,3164182,253968,253286,11610,264896,4991
2021-05-06,Placer,061,380077,22817,22493,1497,23990,286
2021-05-06,Plumas,063,18699,690,678,11,689,4
2021-05-06,Riverside,065,2383286,290352,287399,14616,302015,4422
2021-05-06,Sacramento,067,1510023,104195,103956,1762,105718,1609
2021-05-06,San Benito,069,59416,6040,6045,117,6162,63
2021-05-06,San Bernardino,071,2135413,291625,291085,9233,300318,4683
2021-05-06,San Diego,073,3302833,278411,277324,14617,291941,3716
2021-05-06,San Francisco,075,870044,36356,36599,1363,37962,543
2021-05-06,San Joaquin,077,732212,72204,71729,3647,75376,1350
2021-05-06,San Luis Obispo,079,281455,21033,20965,757,21722,256
2021-05-06,San Mateo,081,765935,42084,41802,477,42279,424
2021-05-06,Santa Barbara,083,443738,34326,34152,1235,35387,453
2021-05-06,Santa Clara,085,1922200,117520,118591,783,119374,2001
2021-05-06,Santa Cruz,087,273765,16079,16050,874,16924,206
2021-05-06,Shasta,089,179085,11976,11983,1555,13538,199
2021-05-06,Sierra,091,2930,54,54,14,68,0
2021-05-06,Siskiyou,093,43540,1815,1711,345,2056,12
2021-05-06,Solano,095,438530,32388,32320,531,32851,249
2021-05-06,Sonoma,097,501317,29756,29911,331,30242,318
2021-05-06,Stanislaus,099,539301,55379,55323,6076,61399,834
2021-05-06,Sutter,101,95872,9395,9396,86,9482,111
2021-05-06,Tehama,103,63373,4974,4970,589,5559,53
2021-05-06,Trinity,105,12862,382,327,61,388,3
2021-05-06,Tulare,107,460477,49354,48890,9387,58277,836
2021-05-06,Tuolumne,109,53932,4050,4047,35,4082,63
2021-05-06,Ventura,111,848112,80713,80411,3071,83482,1005
2021-05-06,Yolo,113,214977,13878,13871,308,14179,209
2021-05-06,Yuba,115,75493,5929,5901,124,6025,46
2021-05-05,Alameda,001,1643700,87126,86950,2014,88964,1278
2021-05-05,Alpine,003,1148,88,88,0,88,0
2021-05-05,Amador,005,37829,3651,3650,34,3684,46
2021-05-05,Butte,007,227075,12229,11907,1860,13767,198
2021-05-05,Calaveras,009,45235,2118,2103,14,2117,52
2021-05-05,Colusa,011,21464,1926,1933,305,2238,14
2021-05-05,Contra Costa,013,1133247,68525,67997,1303,69300,803
2021-05-05,Del Norte,015,27424,1331,1317,7,1324,6
2021-05-05,El Dorado,017,186661,10059,10020,750,10770,111
2021-05-05,Fresno,019,978130,101432,101491,8909,110400,1680
2021-05-05,Glenn,021,27897,2386,2380,562,2942,17
2021-05-05,Humboldt,023,135768,3946,3886,32,3918,36
2021-05-05,Imperial,025,180216,28274,28295,2868,31163,720
2021-05-05,Inyo,027,18085,1400,1401,4,1405,36
2021-05-05,Kern,029,883053,96395,95753,11094,106847,1304
2021-05-05,Kings,031,150075,22895,22840,1178,24018,246
2021-05-05,Lake,033,64148,3475,3458,9,3467,43
2021-05-05,Lassen,035,31185,5167,5143,109,5252,1
2021-05-05,Los Angeles,037,10098052,1198334,1193608,43532,1237140,23977
2021-05-05,Madera,039,155013,16461,16423,946,17369,235
2021-05-05,Marin,041,260295,13966,13950,256,14206,228
2021-05-05,Mariposa,043,17540,422,418,11,429,5
2021-05-05,Mendocino,045,87422,3860,3799,75,3874,46
2021-05-05,Merced,047,269075,30782,30844,990,31834,444
2021-05-05,Modoc,049,8938,371,361,123,484,3
2021-05-05,Mono,051,14174,1241,1260,12,1272,3
2021-05-05,Monterey,053,433212,42893,42870,1914,44784,379
2021-05-05,Napa,055,140530,9832,9833,33,9866,81
2021-05-05,Nevada,057,99092,4734,4666,193,4859,70
2021-05-05,Orange,059,3164182,253913,253237,11605,264842,4978
2021-05-05,Placer,061,380077,22785,22362,1493,23855,287
2021-05-05,Plumas,063,18699,690,677,11,688,4
2021-05-05,Riverside,065,2383286,290263,287353,14606,301959,4414
2021-05-05,Sacramento,067,1510023,104107,103476,1757,105233,1607
2021-05-05,San Benito,069,59416,6031,6046,117,6163,63
2021-05-05,San Bernardino,071,2135413,291552,291008,9229,300237,4677
2021-05-05,San Diego,073,3302833,278273,277098,14597,291695,3716
2021-05-05,San Francisco,075,870044,36341,36577,1362,37939,543
2021-05-05,San Joaquin,077,732212,72152,71638,3644,75282,1345
2021-05-05,San Luis Obispo,079,281455,21025,20958,757,21715,256
2021-05-05,San Mateo,081,765935,42053,41755,476,42231,415
2021-05-05,Santa Barbara,083,443738,34312,34139,1234,35373,453
2021-05-05,Santa Clara,085,1922200,117490,118482,779,119261,1992
2021-05-05,Santa Cruz,087,273765,16073,16013,874,16887,207
2021-05-05,Shasta,089,179085,11960,11939,1551,13490,200
2021-05-05,Sierra,091,2930,54,54,14,68,0
2021-05-05,Siskiyou,093,43540,1798,1706,337,2043,11
2021-05-05,Solano,095,438530,32353,32250,529,32779,249
2021-05-05,Sonoma,097,501317,29743,29879,331,30210,318
2021-05-05,Stanislaus,099,539301,55321,55231,6074,61305,807
2021-05-05,Sutter,101,95872,9389,9387,86,9473,111
2021-05-05,Tehama,103,63373,4971,4968,589,5557,53
2021-05-05,Trinity,105,12862,382,326,61,387,3
2021-05-05,Tulare,107,460477,49332,48875,9378,58253,835
2021-05-05,Tuolumne,109,53932,4047,4040,35,4075,63
2021-05-05,Ventura,111,848112,80684,80372,3067,83439,1005
2021-05-05,Yolo,113,214977,13874,13846,306,14152,209
2021-05-05,Yuba,115,75493,5919,5895,123,6018,44
2021-05-04,Alameda,001,1643700,87034,86894,2014,88908,1277
2021-05-04,Alpine,003,1148,88,88,0,88,0
2021-05-04,Amador,005,37829,3651,3650,34,3684,46
2021-05-04,Butte,007,227075,12205,11883,1858,13741,198
2021-05-04,Calaveras,009,45235,2113,2100,14,2114,52
2021-05-04,Colusa,011,21464,1925,1933,305,2238,14
2021-05-04,Contra Costa,013,1133247,68447,67931,1299,69230,799
2021-05-04,Del Norte,015,27424,1331,1314,7,1321,6
2021-05-04,El Dorado,017,186661,10048,10009,746,10755,110
2021-05-04,Fresno,019,978130,101378,101451,8902,110353,1677
2021-05-04,Glenn,021,27897,2383,2379,559,2938,17
2021-05-04,Humboldt,023,135768,3920,3877,32,3909,36
2021-05-04,Imperial,025,180216,28254,28276,2864,31140,720
2021-05-04,Inyo,027,18085,1400,1399,4,1403,36
2021-05-04,Kern,029,883053,96361,95720,11076,106796,1301
2021-05-04,Kings,031,150075,22881,22822,1175,23997,246
2021-05-04,Lake,033,64148,3474,3454,9,3463,43
2021-05-04,Lassen,035,31185,5166,5142,109,5251,1
2021-05-04,Los Angeles,037,10098052,1198045,1193453,43520,1236973,23957
2021-05-04,Madera,039,155013,16460,16418,946,17364,235
2021-05-04,Marin,041,260295,13959,13935,256,14191,228
2021-05-04,Mariposa,043,17540,422,418,11,429,5
2021-05-04,Mendocino,045,87422,3855,3794,75,3869,46
2021-05-04,Merced,047,269075,30765,30829,990,31819,444
2021-05-04,Modoc,049,8938,370,360,122,482,3
2021-05-04,Mono,051,14174,1241,1260,12,1272,3
2021-05-04,Monterey,053,433212,42881,42845,1913,44758,380
2021-05-04,Napa,055,140530,9823,9824,33,9857,81
2021-05-04,Nevada,057,99092,4727,4656,193,4849,70
2021-05-04,Orange,059,3164182,253846,253177,11595,264772,4977
2021-05-04,Placer,061,380077,22756,22326,1490,23816,287
2021-05-04,Plumas,063,18699,689,675,11,686,4
2021-05-04,Riverside,065,2383286,290180,287285,14599,301884,4411
2021-05-04,Sacramento,067,1510023,103978,103383,1752,105135,1604
2021-05-04,San Benito,069,59416,6030,6039,117,6156,63
2021-05-04,San Bernardino,071,2135413,291474,290934,9222,300156,4668
2021-05-04,San Diego,073,3302833,278107,276879,14580,291459,3713
2021-05-04,San Francisco,075,870044,36323,36550,1362,37912,541
2021-05-04,San Joaquin,077,732212,72091,71582,3640,75222,1342
2021-05-04,San Luis Obispo,079,281455,21020,20923,755,21678,255
2021-05-04,San Mateo,081,765935,42027,41708,476,42184,415
2021-05-04,Santa Barbara,083,443738,34296,34131,1234,35365,453
2021-05-04,Santa Clara,085,1922200,117427,118431,778,119209,1988
2021-05-04,Santa Cruz,087,273765,16067,16005,874,16879,207
2021-05-04,Shasta,089,179085,11940,11923,1545,13468,198
2021-05-04,Sierra,091,2930,54,54,14,68,0
2021-05-04,Siskiyou,093,43540,1791,1694,335,2029,11
2021-05-04,Solano,095,438530,32312,32220,527,32747,249
2021-05-04,Sonoma,097,501317,29723,29867,330,30197,318
2021-05-04,Stanislaus,099,539301,55266,55165,6071,61236,807
2021-05-04,Sutter,101,95872,9384,9375,86,9461,111
2021-05-04,Tehama,103,63373,4969,4959,588,5547,53
2021-05-04,Trinity,105,12862,382,326,61,387,3
2021-05-04,Tulare,107,460477,49306,48857,9368,58225,835
2021-05-04,Tuolumne,109,53932,4045,4041,35,4076,61
2021-05-04,Ventura,111,848112,80655,80351,3065,83416,1005
2021-05-04,Yolo,113,214977,13861,13820,304,14124,208
2021-05-04,Yuba,115,75493,5913,5891,123,6014,44
2021-05-03,Alameda,001,1643700,86957,86845,2008,88853,1272
2021-05-03,Alpine,003,1148,88,88,0,88,0
2021-05-03,Amador,005,37829,3651,3651,34,3685,46
2021-05-03,Butte,007,227075,12195,11864,1855,13719,198
2021-05-03,Calaveras,009,45235,2112,2099,14,2113,50
2021-05-03,Colusa,011,21464,1924,1931,303,2234,14
2021-05-03,Contra Costa,013,1133247,68388,67895,1295,69190,799
2021-05-03,Del Norte,015,27424,1326,1306,6,1312,6
2021-05-03,El Dorado,017,186661,10030,9984,741,10725,110
2021-05-03,Fresno,019,978130,101325,101405,8891,110296,1678
2021-05-03,Glenn,021,27897,2383,2375,558,2933,17
2021-05-03,Humboldt,023,135768,3905,3865,32,3897,36
2021-05-03,Imperial,025,180216,28232,28280,2861,31141,720
2021-05-03,Inyo,027,18085,1399,1398,4,1402,36
2021-05-03,Kern,029,883053,96325,95693,11063,106756,1299
2021-05-03,Kings,031,150075,22872,22821,1175,23996,246
2021-05-03,Lake,033,64148,3472,3446,9,3455,43
2021-05-03,Lassen,035,31185,5165,5142,109,5251,1
2021-05-03,Los Angeles,037,10098052,1197781,1193261,43491,1236752,23942
2021-05-03,Madera,039,155013,16456,16414,945,17359,235
2021-05-03,Marin,041,260295,13953,13927,256,14183,228
2021-05-03,Mariposa,043,17540,422,418,11,429,5
2021-05-03,Mendocino,045,87422,3848,3792,75,3867,46
2021-05-03,Merced,047,269075,30754,30814,988,31802,444
2021-05-03,Modoc,049,8938,370,360,122,482,3
2021-05-03,Mono,051,14174,1241,1259,12,1271,3
2021-05-03,Monterey,053,433212,42871,42837,1911,44748,380
2021-05-03,Napa,055,140530,9818,9815,33,9848,81
2021-05-03,Nevada,057,99092,4719,4650,193,4843,70
2021-05-03,Orange,059,3164182,253787,253107,11586,264693,4968
2021-05-03,Placer,061,380077,22725,22289,1484,23773,287
2021-05-03,Plumas,063,18699,688,675,11,686,4
2021-05-03,Riverside,065,2383286,290108,287233,14598,301831,4412
2021-05-03,Sacramento,067,1510023,103826,103303,1742,105045,1602
2021-05-03,San Benito,069,59416,6029,6038,117,6155,63
2021-05-03,San Bernardino,071,2135413,291406,290886,9219,300105,4659
2021-05-03,San Diego,073,3302833,277944,276693,14555,291248,3712
2021-05-03,San Francisco,075,870044,36298,36538,1361,37899,541
2021-05-03,San Joaquin,077,732212,72040,71504,3637,75141,1325
2021-05-03,San Luis Obispo,079,281455,21004,20915,752,21667,254
2021-05-03,San Mateo,081,765935,42004,41689,475,42164,413
2021-05-03,Santa Barbara,083,443738,34284,34119,1234,35353,453
2021-05-03,Santa Clara,085,1922200,117373,118373,777,119150,1988
2021-05-03,Santa Cruz,087,273765,16064,16000,874,16874,207
2021-05-03,Shasta,089,179085,11917,11890,1540,13430,197
2021-05-03,Sierra,091,2930,54,54,14,68,0
2021-05-03,Siskiyou,093,43540,1785,1683,329,2012,11
2021-05-03,Solano,095,438530,32271,32201,526,32727,249
2021-05-03,Sonoma,097,501317,29711,29855,327,30182,318
2021-05-03,Stanislaus,099,539301,55202,55116,6060,61176,774
2021-05-03,Sutter,101,95872,9372,9370,86,9456,111
2021-05-03,Tehama,103,63373,4960,4952,588,5540,53
2021-05-03,Trinity,105,12862,382,326,61,387,3
2021-05-03,Tulare,107,460477,49289,48844,9358,58202,835
2021-05-03,Tuolumne,109,53932,4044,4038,35,4073,61
2021-05-03,Ventura,111,848112,80633,80291,3065,83356,1005
2021-05-03,Yolo,113,214977,13848,13809,302,14111,208
2021-05-03,Yuba,115,75493,5908,5880,123,6003,44
2021-05-02,Alameda,001,1643700,86872,86784,2007,88791,1272
2021-05-02,Alpine,003,1148,88,88,0,88,0
2021-05-02,Amador,005,37829,3651,3650,34,3684,46
2021-05-02,Butte,007,227075,12171,11859,1852,13711,198
2021-05-02,Calaveras,009,45235,2108,2098,14,2112,50
2021-05-02,Colusa,011,21464,1923,1931,302,2233,14
2021-05-02,Contra Costa,013,1133247,68302,67843,1292,69135,800
2021-05-02,Del Norte,015,27424,1319,1305,6,1311,6
2021-05-02,El Dorado,017,186661,10015,9962,740,10702,110
2021-05-02,Fresno,019,978130,101254,101372,8882,110254,1678
2021-05-02,Glenn,021,27897,2382,2374,556,2930,17
2021-05-02,Humboldt,023,135768,3893,3858,31,3889,36
2021-05-02,Imperial,025,180216,28198,28275,2852,31127,721
2021-05-02,Inyo,027,18085,1397,1398,4,1402,36
2021-05-02,Kern,029,883053,96267,95668,11056,106724,1299
2021-05-02,Kings,031,150075,22854,22816,1174,23990,246
2021-05-02,Lake,033,64148,3470,3443,9,3452,43
2021-05-02,Lassen,035,31185,5164,5142,108,5250,1
2021-05-02,Los Angeles,037,10098052,1197436,1193056,43467,1236523,23943
2021-05-02,Madera,039,155013,16450,16410,945,17355,235
2021-05-02,Marin,041,260295,13943,13917,256,14173,228
2021-05-02,Mariposa,043,17540,422,419,11,430,5
2021-05-02,Mendocino,045,87422,3843,3787,75,3862,46
2021-05-02,Merced,047,269075,30732,30793,986,31779,444
2021-05-02,Modoc,049,8938,369,360,122,482,3
2021-05-02,Mono,051,14174,1240,1259,12,1271,3
2021-05-02,Monterey,053,433212,42858,42837,1909,44746,380
2021-05-02,Napa,055,140530,9814,9805,33,9838,81
2021-05-02,Nevada,057,99092,4703,4635,193,4828,70
2021-05-02,Orange,059,3164182,253712,253025,11573,264598,4968
2021-05-02,Placer,061,380077,22696,22264,1481,23745,287
2021-05-02,Plumas,063,18699,688,675,11,686,4
2021-05-02,Riverside,065,2383286,290009,287197,14588,301785,4412
2021-05-02,Sacramento,067,1510023,103692,103153,1735,104888,1602
2021-05-02,San Benito,069,59416,6024,6037,117,6154,63
2021-05-02,San Bernardino,071,2135413,291307,290859,9217,300076,4655
2021-05-02,San Diego,073,3302833,277748,276521,14528,291049,3712
2021-05-02,San Francisco,075,870044,36272,36522,1361,37883,541
2021-05-02,San Joaquin,077,732212,71976,71447,3630,75077,1325
2021-05-02,San Luis Obispo,079,281455,20984,20910,751,21661,254
2021-05-02,San Mateo,081,765935,41988,41656,474,42130,412
2021-05-02,Santa Barbara,083,443738,34270,34106,1234,35340,453
2021-05-02,Santa Clara,085,1922200,117299,118321,777,119098,1988
2021-05-02,Santa Cruz,087,273765,16059,15995,873,16868,207
2021-05-02,Shasta,089,179085,11901,11885,1532,13417,197
2021-05-02,Sierra,091,2930,54,54,14,68,0
2021-05-02,Siskiyou,093,43540,1774,1661,328,1989,11
2021-05-02,Solano,095,438530,32232,32151,522,32673,249
2021-05-02,Sonoma,097,501317,29688,29842,327,30169,318
2021-05-02,Stanislaus,099,539301,55129,55057,6053,61110,774
2021-05-02,Sutter,101,95872,9365,9363,86,9449,111
2021-05-02,Tehama,103,63373,4955,4950,586,5536,53
2021-05-02,Trinity,105,12862,382,326,61,387,3
2021-05-02,Tulare,107,460477,49271,48834,9350,58184,835
2021-05-02,Tuolumne,109,53932,4041,4038,35,4073,61
2021-05-02,Ventura,111,848112,80596,80284,3064,83348,1005
2021-05-02,Yolo,113,214977,13836,13799,301,14100,208
2021-05-02,Yuba,115,75493,5898,5879,123,6002,44
2021-05-01,Alameda,001,1643700,86828,86704,2004,88708,1270
2021-05-01,Alpine,003,1148,88,88,0,88,0
2021-05-01,Amador,005,37829,3651,3650,34,3684,46
2021-05-01,Butte,007,227075,12157,11845,1847,13692,198
2021-05-01,Calaveras,009,45235,2106,2096,14,2110,50
2021-05-01,Colusa,011,21464,1922,1931,302,2233,14
2021-05-01,Contra Costa,013,1133247,68250,67779,1289,69068,800
2021-05-01,Del Norte,015,27424,1318,1292,6,1298,6
2021-05-01,El Dorado,017,186661,10001,9944,738,10682,110
2021-05-01,Fresno,019,978130,101209,101326,8876,110202,1678
2021-05-01,Glenn,021,27897,2379,2369,555,2924,17
2021-05-01,Humboldt,023,135768,3879,3845,31,3876,36
2021-05-01,Imperial,025,180216,28191,28262,2852,31114,721
2021-05-01,Inyo,027,18085,1397,1397,4,1401,36
2021-05-01,Kern,029,883053,96240,95645,11044,106689,1299
2021-05-01,Kings,031,150075,22852,22797,1172,23969,246
2021-05-01,Lake,033,64148,3468,3441,9,3450,43
2021-05-01,Lassen,035,31185,5162,5142,108,5250,1
2021-05-01,Los Angeles,037,10098052,1197269,1192781,43452,1236233,23946
2021-05-01,Madera,039,155013,16446,16408,945,17353,235
2021-05-01,Marin,041,260295,13936,13902,256,14158,228
2021-05-01,Mariposa,043,17540,422,418,11,429,5
2021-05-01,Mendocino,045,87422,3841,3782,75,3857,46
2021-05-01,Merced,047,269075,30714,30771,986,31757,444
2021-05-01,Modoc,049,8938,369,361,122,483,3
2021-05-01,Mono,051,14174,1240,1258,12,1270,3
2021-05-01,Monterey,053,433212,42852,42828,1909,44737,379
2021-05-01,Napa,055,140530,9811,9800,33,9833,81
2021-05-01,Nevada,057,99092,4698,4625,193,4818,70
2021-05-01,Orange,059,3164182,253669,252969,11562,264531,4964
2021-05-01,Placer,061,380077,22670,22240,1479,23719,287
2021-05-01,Plumas,063,18699,687,675,11,686,4
2021-05-01,Riverside,065,2383286,289970,287129,14586,301715,4412
2021-05-01,Sacramento,067,1510023,103611,103043,1734,104777,1602
2021-05-01,San Benito,069,59416,6021,6030,117,6147,63
2021-05-01,San Bernardino,071,2135413,291265,290802,9216,300018,4652
2021-05-01,San Diego,073,3302833,277624,276367,14507,290874,3706
2021-05-01,San Francisco,075,870044,36257,36496,1361,37857,541
2021-05-01,San Joaquin,077,732212,71928,71389,3628,75017,1325
2021-05-01,San Luis Obispo,079,281455,20979,20896,751,21647,254
2021-05-01,San Mateo,081,765935,41959,41617,473,42090,411
2021-05-01,Santa Barbara,083,443738,34265,34085,1233,35318,453
2021-05-01,Santa Clara,085,1922200,117248,118265,775,119040,1988
2021-05-01,Santa Cruz,087,273765,16056,15984,873,16857,207
2021-05-01,Shasta,089,179085,11881,11878,1524,13402,197
2021-05-01,Sierra,091,2930,54,53,14,67,0
2021-05-01,Siskiyou,093,43540,1766,1653,327,1980,11
2021-05-01,Solano,095,438530,32202,32124,514,32638,249
2021-05-01,Sonoma,097,501317,29685,29835,327,30162,318
2021-05-01,Stanislaus,099,539301,55094,55005,6047,61052,774
2021-05-01,Sutter,101,95872,9362,9358,86,9444,110
2021-05-01,Tehama,103,63373,4954,4950,585,5535,53
2021-05-01,Trinity,105,12862,382,326,60,386,3
2021-05-01,Tulare,107,460477,49264,48818,9344,58162,835
2021-05-01,Tuolumne,109,53932,4035,4035,35,4070,61
2021-05-01,Ventura,111,848112,80578,80268,3064,83332,1005
2021-05-01,Yolo,113,214977,13829,13784,299,14083,208
2021-05-01,Yuba,115,75493,5896,5875,123,5998,44
2021-04-30,Alameda,001,1643700,86766,86602,2001,88603,1268
2021-04-30,Alpine,003,1148,88,88,0,88,0
2021-04-30,Amador,005,37829,3649,3650,34,3684,46
2021-04-30,Butte,007,227075,12138,11812,1843,13655,197
2021-04-30,Calaveras,009,45235,2105,2087,14,2101,50
2021-04-30,Colusa,011,21464,1922,1931,301,2232,14
2021-04-30,Contra Costa,013,1133247,68202,67684,1286,68970,800
2021-04-30,Del Norte,015,27424,1306,1276,6,1282,6
2021-04-30,El Dorado,017,186661,9987,9906,738,10644,110
2021-04-30,Fresno,019,978130,101163,101263,8872,110135,1670
2021-04-30,Glenn,021,27897,2378,2369,555,2924,17
2021-04-30,Humboldt,023,135768,3866,3834,31,3865,36
2021-04-30,Imperial,025,180216,28182,28244,2849,31093,721
2021-04-30,Inyo,027,18085,1397,1397,4,1401,36
2021-04-30,Kern,029,883053,96224,95605,11039,106644,1298
2021-04-30,Kings,031,150075,22849,22793,1171,23964,246
2021-04-30,Lake,033,64148,3464,3440,9,3449,43
2021-04-30,Lassen,035,31185,5161,5140,108,5248,1
2021-04-30,Los Angeles,037,10098052,1197062,1192393,43438,1235831,23919
2021-04-30,Madera,039,155013,16440,16395,945,17340,235
2021-04-30,Marin,041,260295,13928,13895,254,14149,228
2021-04-30,Mariposa,043,17540,422,417,11,428,5
2021-04-30,Mendocino,045,87422,3837,3777,75,3852,46
2021-04-30,Merced,047,269075,30701,30740,985,31725,444
2021-04-30,Modoc,049,8938,368,360,122,482,3
2021-04-30,Mono,051,14174,1240,1258,12,1270,3
2021-04-30,Monterey,053,433212,42838,42810,1908,44718,379
2021-04-30,Napa,055,140530,9807,9792,33,9825,81
2021-04-30,Nevada,057,99092,4690,4608,193,4801,70
2021-04-30,Orange,059,3164182,253614,252883,11556,264439,4956
2021-04-30,Placer,061,380077,22651,22190,1475,23665,287
2021-04-30,Plumas,063,18699,687,677,11,688,4
2021-04-30,Riverside,065,2383286,289916,287030,14579,301609,4412
2021-04-30,Sacramento,067,1510023,103510,102864,1730,104594,1596
2021-04-30,San Benito,069,59416,6017,6024,116,6140,63
2021-04-30,San Bernardino,071,2135413,291204,290704,9215,299919,4640
2021-04-30,San Diego,073,3302833,277530,276157,14496,290653,3702
2021-04-30,San Francisco,075,870044,36246,36453,1360,37813,538
2021-04-30,San Joaquin,077,732212,71877,71311,3625,74936,1306
2021-04-30,San Luis Obispo,079,281455,20973,20884,751,21635,255
2021-04-30,San Mateo,081,765935,41944,41583,472,42055,380
2021-04-30,Santa Barbara,083,443738,34252,34061,1233,35294,451
2021-04-30,Santa Clara,085,1922200,117190,118170,771,118941,1988
2021-04-30,Santa Cruz,087,273765,16051,15975,873,16848,207
2021-04-30,Shasta,089,179085,11860,11848,1521,13369,197
2021-04-30,Sierra,091,2930,54,53,14,67,0
2021-04-30,Siskiyou,093,43540,1755,1628,324,1952,11
2021-04-30,Solano,095,438530,32170,32050,511,32561,249
2021-04-30,Sonoma,097,501317,29675,29816,325,30141,318
2021-04-30,Stanislaus,099,539301,55043,54938,6044,60982,774
2021-04-30,Sutter,101,95872,9360,9353,86,9439,110
2021-04-30,Tehama,103,63373,4952,4944,585,5529,53
2021-04-30,Trinity,105,12862,382,326,60,386,3
2021-04-30,Tulare,107,460477,49255,48797,9327,58124,836
2021-04-30,Tuolumne,109,53932,4034,4033,35,4068,61
2021-04-30,Ventura,111,848112,80538,80232,3059,83291,1004
2021-04-30,Yolo,113,214977,13816,13756,299,14055,208
2021-04-30,Yuba,115,75493,5888,5870,123,5993,44
2021-04-29,Alameda,001,1643700,86701,86490,1998,88488,1263
2021-04-29,Alpine,003,1148,88,88,0,88,0
2021-04-29,Amador,005,37829,3649,3649,34,3683,46
2021-04-29,Butte,007,227075,12123,11787,1841,13628,196
2021-04-29,Calaveras,009,45235,2102,2082,14,2096,50
2021-04-29,Colusa,011,21464,1922,1929,301,2230,14
2021-04-29,Contra Costa,013,1133247,68147,67606,1283,68889,795
2021-04-29,Del Norte,015,27424,1302,1271,6,1277,6
2021-04-29,El Dorado,017,186661,9967,9884,735,10619,107
2021-04-29,Fresno,019,978130,101109,101189,8861,110050,1667
2021-04-29,Glenn,021,27897,2375,2369,555,2924,17
2021-04-29,Humboldt,023,135768,3852,3815,31,3846,36
2021-04-29,Imperial,025,180216,28170,28235,2848,31083,720
2021-04-29,Inyo,027,18085,1397,1396,4,1400,36
2021-04-29,Kern,029,883053,96191,95547,11035,106582,1295
2021-04-29,Kings,031,150075,22839,22777,1166,23943,245
2021-04-29,Lake,033,64148,3456,3438,9,3447,43
2021-04-29,Lassen,035,31185,5161,5140,108,5248,1
2021-04-29,Los Angeles,037,10098052,1196787,1192068,43417,1235485,23899
2021-04-29,Madera,039,155013,16435,16383,944,17327,235
2021-04-29,Marin,041,260295,13924,13884,246,14130,228
2021-04-29,Mariposa,043,17540,421,416,11,427,5
2021-04-29,Mendocino,045,87422,3831,3774,75,3849,46
2021-04-29,Merced,047,269075,30681,30706,985,31691,444
2021-04-29,Modoc,049,8938,368,360,122,482,3
2021-04-29,Mono,051,14174,1238,1259,12,1271,3
2021-04-29,Monterey,053,433212,42822,42797,1907,44704,379
2021-04-29,Napa,055,140530,9793,9789,33,9822,81
2021-04-29,Nevada,057,99092,4679,4590,193,4783,70
2021-04-29,Orange,059,3164182,253545,252823,11541,264364,4934
2021-04-29,Placer,061,380077,22626,22161,1473,23634,286
2021-04-29,Plumas,063,18699,686,676,11,687,4
2021-04-29,Riverside,065,2383286,289849,286947,14576,301523,4409
2021-04-29,Sacramento,067,1510023,103377,102686,1720,104406,1593
2021-04-29,San Benito,069,59416,6016,6023,116,6139,63
2021-04-29,San Bernardino,071,2135413,291132,290606,9210,299816,4609
2021-04-29,San Diego,073,3302833,277381,275961,14479,290440,3700
2021-04-29,San Francisco,075,870044,36220,36412,1360,37772,537
2021-04-29,San Joaquin,077,732212,71811,71225,3620,74845,1301
2021-04-29,San Luis Obispo,079,281455,20962,20876,751,21627,255
2021-04-29,San Mateo,081,765935,41916,41538,471,42009,358
2021-04-29,Santa Barbara,083,443738,34236,34039,1231,35270,448
2021-04-29,Santa Clara,085,1922200,117135,118082,769,118851,1984
2021-04-29,Santa Cruz,087,273765,16045,15961,873,16834,205
2021-04-29,Shasta,089,179085,11830,11836,1512,13348,193
2021-04-29,Sierra,091,2930,54,53,14,67,0
2021-04-29,Siskiyou,093,43540,1746,1615,321,1936,11
2021-04-29,Solano,095,438530,32130,32002,506,32508,248
2021-04-29,Sonoma,097,501317,29660,29785,322,30107,318
2021-04-29,Stanislaus,099,539301,54976,54836,6039,60875,774
2021-04-29,Sutter,101,95872,9353,9346,86,9432,110
2021-04-29,Tehama,103,63373,4944,4939,585,5524,53
2021-04-29,Trinity,105,12862,382,326,60,386,3
2021-04-29,Tulare,107,460477,49239,48785,9314,58099,832
2021-04-29,Tuolumne,109,53932,4033,4030,35,4065,58
2021-04-29,Ventura,111,848112,80504,80188,3057,83245,1002
2021-04-29,Yolo,113,214977,13796,13745,298,14043,205
2021-04-29,Yuba,115,75493,5878,5865,123,5988,44
2021-04-28,Alameda,001,1643700,86629,86390,1994,88384,1260
2021-04-28,Alpine,003,1148,88,88,0,88,0
2021-04-28,Amador,005,37829,3649,3646,34,3680,46
2021-04-28,Butte,007,227075,12103,11762,1836,13598,196
2021-04-28,Calaveras,009,45235,2098,2078,13,2091,50
2021-04-28,Colusa,011,21464,1919,1927,300,2227,14
2021-04-28,Contra Costa,013,1133247,68087,67539,1282,68821,795
2021-04-28,Del Norte,015,27424,1294,1267,6,1273,6
2021-04-28,El Dorado,017,186661,9943,9873,735,10608,107
2021-04-28,Fresno,019,978130,101062,101161,8850,110011,1666
2021-04-28,Glenn,021,27897,2372,2368,555,2923,17
2021-04-28,Humboldt,023,135768,3836,3796,31,3827,36
2021-04-28,Imperial,025,180216,28156,28177,2847,31024,720
2021-04-28,Inyo,027,18085,1397,1396,3,1399,36
2021-04-28,Kern,029,883053,96161,95494,11026,106520,1295
2021-04-28,Kings,031,150075,22828,22767,1163,23930,245
2021-04-28,Lake,033,64148,3453,3433,9,3442,43
2021-04-28,Lassen,035,31185,5161,5138,108,5246,1
2021-04-28,Los Angeles,037,10098052,1196491,1191729,43391,1235120,23858
2021-04-28,Madera,039,155013,16431,16372,944,17316,235
2021-04-28,Marin,041,260295,13913,13866,246,14112,227
2021-04-28,Mariposa,043,17540,418,415,11,426,5
2021-04-28,Mendocino,045,87422,3825,3770,73,3843,46
2021-04-28,Merced,047,269075,30662,30649,985,31634,443
2021-04-28,Modoc,049,8938,368,360,122,482,3
2021-04-28,Mono,051,14174,1238,1258,12,1270,3
2021-04-28,Monterey,053,433212,42817,42776,1907,44683,379
2021-04-28,Napa,055,140530,9782,9777,33,9810,81
2021-04-28,Nevada,057,99092,4660,4570,193,4763,70
2021-04-28,Orange,059,3164182,253467,252747,11526,264273,4931
2021-04-28,Placer,061,380077,22599,22115,1472,23587,285
2021-04-28,Plumas,063,18699,686,676,11,687,4
2021-04-28,Riverside,065,2383286,289793,286868,14571,301439,4407
2021-04-28,Sacramento,067,1510023,103256,102613,1716,104329,1591
2021-04-28,San Benito,069,59416,6014,6021,116,6137,63
2021-04-28,San Bernardino,071,2135413,291057,290548,9199,299747,4582
2021-04-28,San Diego,073,3302833,277226,275821,14465,290286,3698
2021-04-28,San Francisco,075,870044,36191,36382,1359,37741,534
2021-04-28,San Joaquin,077,732212,71731,71171,3612,74783,1301
2021-04-28,San Luis Obispo,079,281455,20954,20851,751,21602,255
2021-04-28,San Mateo,081,765935,41891,41498,469,41967,358
2021-04-28,Santa Barbara,083,443738,34222,34003,1231,35234,448
2021-04-28,Santa Clara,085,1922200,117066,117997,766,118763,1969
2021-04-28,Santa Cruz,087,273765,16041,15943,872,16815,205
2021-04-28,Shasta,089,179085,11815,11815,1504,13319,192
2021-04-28,Sierra,091,2930,54,51,14,65,0
2021-04-28,Siskiyou,093,43540,1733,1603,319,1922,11
2021-04-28,Solano,095,438530,32098,31982,502,32484,248
2021-04-28,Sonoma,097,501317,29646,29773,318,30091,318
2021-04-28,Stanislaus,099,539301,54921,54745,6035,60780,774
2021-04-28,Sutter,101,95872,9348,9343,86,9429,110
2021-04-28,Tehama,103,63373,4938,4930,584,5514,53
2021-04-28,Trinity,105,12862,382,326,60,386,3
2021-04-28,Tulare,107,460477,49222,48754,9298,58052,832
2021-04-28,Tuolumne,109,53932,4030,4029,35,4064,58
2021-04-28,Ventura,111,848112,80469,80172,3055,83227,1000
2021-04-28,Yolo,113,214977,13781,13721,297,14018,205
2021-04-28,Yuba,115,75493,5872,5857,123,5980,44
2021-04-27,Alameda,001,1643700,86530,86301,1989,88290,1260
2021-04-27,Alpine,003,1148,88,88,0,88,0
2021-04-27,Amador,005,37829,3649,3645,34,3679,46
2021-04-27,Butte,007,227075,12078,11738,1830,13568,196
2021-04-27,Calaveras,009,45235,2095,2076,13,2089,50
2021-04-27,Colusa,011,21464,1918,1926,300,2226,14
2021-04-27,Contra Costa,013,1133247,68018,67470,1278,68748,791
2021-04-27,Del Norte,015,27424,1282,1266,6,1272,6
2021-04-27,El Dorado,017,186661,9914,9866,732,10598,106
2021-04-27,Fresno,019,978130,100999,101138,8838,109976,1663
2021-04-27,Glenn,021,27897,2372,2368,555,2923,17
2021-04-27,Humboldt,023,135768,3824,3780,31,3811,35
2021-04-27,Imperial,025,180216,28140,28149,2841,30990,720
2021-04-27,Inyo,027,18085,1397,1396,3,1399,36
2021-04-27,Kern,029,883053,96106,95466,11013,106479,1295
2021-04-27,Kings,031,150075,22814,22759,1160,23919,244
2021-04-27,Lake,033,64148,3452,3431,9,3440,43
2021-04-27,Lassen,035,31185,5161,5137,108,5245,1
2021-04-27,Los Angeles,037,10098052,1196172,1191504,43360,1234864,23825
2021-04-27,Madera,039,155013,16424,16365,944,17309,235
2021-04-27,Marin,041,260295,13892,13855,245,14100,227
2021-04-27,Mariposa,043,17540,417,413,11,424,5
2021-04-27,Mendocino,045,87422,3821,3765,73,3838,46
2021-04-27,Merced,047,269075,30622,30620,985,31605,443
2021-04-27,Modoc,049,8938,367,360,122,482,3
2021-04-27,Mono,051,14174,1238,1257,12,1269,3
2021-04-27,Monterey,053,433212,42799,42752,1904,44656,379
2021-04-27,Napa,055,140530,9775,9774,33,9807,81
2021-04-27,Nevada,057,99092,4645,4557,193,4750,70
2021-04-27,Orange,059,3164182,253399,252667,11520,264187,4925
2021-04-27,Placer,061,380077,22568,22050,1469,23519,285
2021-04-27,Plumas,063,18699,685,675,11,686,4
2021-04-27,Riverside,065,2383286,289720,286820,14566,301386,4405
2021-04-27,Sacramento,067,1510023,103128,102595,1706,104301,1589
2021-04-27,San Benito,069,59416,6009,6016,116,6132,63
2021-04-27,San Bernardino,071,2135413,290989,290461,9194,299655,4575
2021-04-27,San Diego,073,3302833,277070,275685,14445,290130,3692
2021-04-27,San Francisco,075,870044,36163,36358,1358,37716,533
2021-04-27,San Joaquin,077,732212,71678,71104,3606,74710,1301
2021-04-27,San Luis Obispo,079,281455,20947,20841,751,21592,255
2021-04-27,San Mateo,081,765935,41856,41474,468,41942,358
2021-04-27,Santa Barbara,083,443738,34198,33973,1230,35203,448
2021-04-27,Santa Clara,085,1922200,117016,117945,765,118710,1969
2021-04-27,Santa Cruz,087,273765,16034,15905,871,16776,205
2021-04-27,Shasta,089,179085,11788,11802,1497,13299,192
2021-04-27,Sierra,091,2930,54,51,14,65,0
2021-04-27,Siskiyou,093,43540,1718,1597,318,1915,11
2021-04-27,Solano,095,438530,32050,31964,501,32465,248
2021-04-27,Sonoma,097,501317,29628,29761,317,30078,318
2021-04-27,Stanislaus,099,539301,54851,54695,6027,60722,752
2021-04-27,Sutter,101,95872,9343,9342,86,9428,110
2021-04-27,Tehama,103,63373,4935,4922,580,5502,53
2021-04-27,Trinity,105,12862,382,326,60,386,3
2021-04-27,Tulare,107,460477,49206,48744,9288,58032,832
2021-04-27,Tuolumne,109,53932,4027,4028,35,4063,58
2021-04-27,Ventura,111,848112,80440,80152,3053,83205,1000
2021-04-27,Yolo,113,214977,13768,13697,295,13992,205
2021-04-27,Yuba,115,75493,5872,5853,123,5976,44
2021-04-26,Alameda,001,1643700,86440,86230,1985,88215,1256
2021-04-26,Alpine,003,1148,88,88,0,88,0
2021-04-26,Amador,005,37829,3648,3645,34,3679,46
2021-04-26,Butte,007,227075,12054,11720,1826,13546,196
2021-04-26,Calaveras,009,45235,2086,2074,13,2087,50
2021-04-26,Colusa,011,21464,1918,1925,299,2224,14
2021-04-26,Contra Costa,013,1133247,67950,67392,1274,68666,789
2021-04-26,Del Norte,015,27424,1273,1263,6,1269,6
2021-04-26,El Dorado,017,186661,9893,9849,731,10580,106
2021-04-26,Fresno,019,978130,100944,101099,8825,109924,1662
2021-04-26,Glenn,021,27897,2370,2367,555,2922,17
2021-04-26,Humboldt,023,135768,3814,3764,30,3794,35
2021-04-26,Imperial,025,180216,28127,28148,2838,30986,720
2021-04-26,Inyo,027,18085,1396,1396,3,1399,36
2021-04-26,Kern,029,883053,96080,95429,11006,106435,1295
2021-04-26,Kings,031,150075,22811,22756,1157,23913,244
2021-04-26,Lake,033,64148,3447,3428,9,3437,43
2021-04-26,Lassen,035,31185,5161,5138,108,5246,1
2021-04-26,Los Angeles,037,10098052,1195849,1191253,43339,1234592,23802
2021-04-26,Madera,039,155013,16412,16353,943,17296,231
2021-04-26,Marin,041,260295,13877,13849,245,14094,227
2021-04-26,Mariposa,043,17540,416,410,11,421,5
2021-04-26,Mendocino,045,87422,3819,3757,73,3830,46
2021-04-26,Merced,047,269075,30605,30611,982,31593,443
2021-04-26,Modoc,049,8938,367,360,122,482,3
2021-04-26,Mono,051,14174,1238,1258,12,1270,3
2021-04-26,Monterey,053,433212,42783,42740,1903,44643,379
2021-04-26,Napa,055,140530,9763,9769,33,9802,79
2021-04-26,Nevada,057,99092,4624,4548,193,4741,70
2021-04-26,Orange,059,3164182,253314,252592,11509,264101,4919
2021-04-26,Placer,061,380077,22539,22032,1464,23496,285
2021-04-26,Plumas,063,18699,685,670,11,681,4
2021-04-26,Riverside,065,2383286,289660,286724,14557,301281,4401
2021-04-26,Sacramento,067,1510023,102957,102459,1692,104151,1587
2021-04-26,San Benito,069,59416,6007,6013,116,6129,63
2021-04-26,San Bernardino,071,2135413,290939,290394,9192,299586,4572
2021-04-26,San Diego,073,3302833,276896,275541,14417,289958,3692
2021-04-26,San Francisco,075,870044,36136,36330,1356,37686,532
2021-04-26,San Joaquin,077,732212,71612,71050,3598,74648,1301
2021-04-26,San Luis Obispo,079,281455,20939,20830,750,21580,255
2021-04-26,San Mateo,081,765935,41826,41457,468,41925,357
2021-04-26,Santa Barbara,083,443738,34167,33948,1230,35178,448
2021-04-26,Santa Clara,085,1922200,116917,117874,761,118635,1968
2021-04-26,Santa Cruz,087,273765,16025,15877,871,16748,205
2021-04-26,Shasta,089,179085,11771,11787,1490,13277,192
2021-04-26,Sierra,091,2930,53,51,14,65,0
2021-04-26,Siskiyou,093,43540,1708,1592,314,1906,11
2021-04-26,Solano,095,438530,32005,31913,499,32412,247
2021-04-26,Sonoma,097,501317,29605,29755,315,30070,318
2021-04-26,Stanislaus,099,539301,54761,54638,6021,60659,744
2021-04-26,Sutter,101,95872,9338,9328,86,9414,110
2021-04-26,Tehama,103,63373,4930,4920,577,5497,53
2021-04-26,Trinity,105,12862,382,326,60,386,3
2021-04-26,Tulare,107,460477,49186,48735,9279,58014,831
2021-04-26,Tuolumne,109,53932,4026,4024,35,4059,58
2021-04-26,Ventura,111,848112,80415,80137,3050,83187,999
2021-04-26,Yolo,113,214977,13748,13684,292,13976,205
2021-04-26,Yuba,115,75493,5870,5851,123,5974,44
2021-04-25,Alameda,001,1643700,86333,86162,1978,88140,1256
2021-04-25,Alpine,003,1148,88,87,0,87,0
2021-04-25,Amador,005,37829,3647,3643,34,3677,46
2021-04-25,Butte,007,227075,12025,11709,1819,13528,196
2021-04-25,Calaveras,009,45235,2080,2072,12,2084,50
2021-04-25,Colusa,011,21464,1917,1924,299,2223,14
2021-04-25,Contra Costa,013,1133247,67858,67316,1273,68589,789
2021-04-25,Del Norte,015,27424,1267,1259,6,1265,6
2021-04-25,El Dorado,017,186661,9877,9837,729,10566,106
2021-04-25,Fresno,019,978130,100886,101061,8812,109873,1662
2021-04-25,Glenn,021,27897,2370,2366,555,2921,17
2021-04-25,Humboldt,023,135768,3801,3751,30,3781,35
2021-04-25,Imperial,025,180216,28102,28136,2834,30970,720
2021-04-25,Inyo,027,18085,1396,1396,3,1399,36
2021-04-25,Kern,029,883053,96016,95398,10992,106390,1295
2021-04-25,Kings,031,150075,22797,22755,1155,23910,244
2021-04-25,Lake,033,64148,3445,3427,9,3436,43
2021-04-25,Lassen,035,31185,5159,5138,108,5246,1
2021-04-25,Los Angeles,037,10098052,1195518,1190970,43317,1234287,23799
2021-04-25,Madera,039,155013,16400,16346,943,17289,231
2021-04-25,Marin,041,260295,13868,13852,245,14097,227
2021-04-25,Mariposa,043,17540,416,410,11,421,5
2021-04-25,Mendocino,045,87422,3812,3757,73,3830,46
2021-04-25,Merced,047,269075,30570,30586,982,31568,443
2021-04-25,Modoc,049,8938,367,360,122,482,3
2021-04-25,Mono,051,14174,1238,1257,12,1269,3
2021-04-25,Monterey,053,433212,42770,42737,1901,44638,379
2021-04-25,Napa,055,140530,9758,9762,33,9795,79
2021-04-25,Nevada,057,99092,4612,4536,193,4729,70
2021-04-25,Orange,059,3164182,253236,252531,11502,264033,4919
2021-04-25,Placer,061,380077,22492,22011,1456,23467,285
2021-04-25,Plumas,063,18699,684,670,11,681,4
2021-04-25,Riverside,065,2383286,289567,286651,14551,301202,4401
2021-04-25,Sacramento,067,1510023,102789,102319,1682,104001,1587
2021-04-25,San Benito,069,59416,6005,6014,115,6129,63
2021-04-25,San Bernardino,071,2135413,290864,290357,9184,299541,4571
2021-04-25,San Diego,073,3302833,276683,275412,14384,289796,3692
2021-04-25,San Francisco,075,870044,36106,36310,1356,37666,532
2021-04-25,San Joaquin,077,732212,71517,70987,3588,74575,1301
2021-04-25,San Luis Obispo,079,281455,20920,20820,748,21568,255
2021-04-25,San Mateo,081,765935,41791,41465,467,41932,356
2021-04-25,Santa Barbara,083,443738,34141,33931,1230,35161,448
2021-04-25,Santa Clara,085,1922200,116838,117778,759,118537,1968
2021-04-25,Santa Cruz,087,273765,16019,15868,869,16737,205
2021-04-25,Shasta,089,179085,11748,11784,1485,13269,192
2021-04-25,Sierra,091,2930,53,51,14,65,0
2021-04-25,Siskiyou,093,43540,1697,1580,312,1892,11
2021-04-25,Solano,095,438530,31958,31864,491,32355,247
2021-04-25,Sonoma,097,501317,29587,29756,315,30071,318
2021-04-25,Stanislaus,099,539301,54666,54543,6012,60555,744
2021-04-25,Sutter,101,95872,9332,9326,86,9412,110
2021-04-25,Tehama,103,63373,4926,4916,575,5491,53
2021-04-25,Trinity,105,12862,382,326,60,386,3
2021-04-25,Tulare,107,460477,49171,48728,9265,57993,831
2021-04-25,Tuolumne,109,53932,4024,4022,35,4057,58
2021-04-25,Ventura,111,848112,80391,80110,3050,83160,999
2021-04-25,Yolo,113,214977,13726,13667,290,13957,205
2021-04-25,Yuba,115,75493,5867,5849,122,5971,44
2021-04-24,Alameda,001,1643700,86279,86016,1976,87992,1257
2021-04-24,Alpine,003,1148,88,86,0,86,0
2021-04-24,Amador,005,37829,3646,3640,34,3674,46
2021-04-24,Butte,007,227075,12009,11678,1817,13495,196
2021-04-24,Calaveras,009,45235,2077,2067,12,2079,50
2021-04-24,Colusa,011,21464,1916,1921,299,2220,14
2021-04-24,Contra Costa,013,1133247,67789,67222,1271,68493,789
2021-04-24,Del Norte,015,27424,1262,1255,6,1261,6
2021-04-24,El Dorado,017,186661,9866,9814,728,10542,106
2021-04-24,Fresno,019,978130,100855,100991,8806,109797,1662
2021-04-24,Glenn,021,27897,2370,2363,555,2918,17
2021-04-24,Humboldt,023,135768,3787,3722,30,3752,35
2021-04-24,Imperial,025,180216,28095,28124,2833,30957,720
2021-04-24,Inyo,027,18085,1395,1396,3,1399,36
2021-04-24,Kern,029,883053,95998,95365,10981,106346,1295
2021-04-24,Kings,031,150075,22794,22749,1155,23904,244
2021-04-24,Lake,033,64148,3444,3426,9,3435,43
2021-04-24,Lassen,035,31185,5158,5137,108,5245,1
2021-04-24,Los Angeles,037,10098052,1195296,1190603,43297,1233900,23802
2021-04-24,Madera,039,155013,16397,16338,943,17281,231
2021-04-24,Marin,041,260295,13860,13847,245,14092,227
2021-04-24,Mariposa,043,17540,416,409,11,420,5
2021-04-24,Mendocino,045,87422,3810,3754,72,3826,46
2021-04-24,Merced,047,269075,30550,30559,982,31541,443
2021-04-24,Modoc,049,8938,367,360,122,482,3
2021-04-24,Mono,051,14174,1238,1256,12,1268,3
2021-04-24,Monterey,053,433212,42758,42727,1900,44627,379
2021-04-24,Napa,055,140530,9752,9756,33,9789,79
2021-04-24,Nevada,057,99092,4605,4522,193,4715,70
2021-04-24,Orange,059,3164182,253192,252441,11497,263938,4910
2021-04-24,Placer,061,380077,22480,21983,1455,23438,285
2021-04-24,Plumas,063,18699,683,670,11,681,4
2021-04-24,Riverside,065,2383286,289499,286552,14547,301099,4400
2021-04-24,Sacramento,067,1510023,102706,102179,1675,103854,1587
2021-04-24,San Benito,069,59416,6003,6007,115,6122,63
2021-04-24,San Bernardino,071,2135413,290816,290264,9182,299446,4568
2021-04-24,San Diego,073,3302833,276579,275252,14364,289616,3688
2021-04-24,San Francisco,075,870044,36077,36285,1352,37637,532
2021-04-24,San Joaquin,077,732212,71474,70911,3584,74495,1301
2021-04-24,San Luis Obispo,079,281455,20910,20797,747,21544,255
2021-04-24,San Mateo,081,765935,41778,41424,465,41889,355
2021-04-24,Santa Barbara,083,443738,34126,33911,1229,35140,448
2021-04-24,Santa Clara,085,1922200,116783,117674,757,118431,1968
2021-04-24,Santa Cruz,087,273765,16011,15840,869,16709,205
2021-04-24,Shasta,089,179085,11730,11770,1482,13252,192
2021-04-24,Sierra,091,2930,53,51,14,65,0
2021-04-24,Siskiyou,093,43540,1687,1574,311,1885,11
2021-04-24,Solano,095,438530,31935,31821,489,32310,247
2021-04-24,Sonoma,097,501317,29585,29739,315,30054,318
2021-04-24,Stanislaus,099,539301,54617,54455,6009,60464,744
2021-04-24,Sutter,101,95872,9329,9316,86,9402,110
2021-04-24,Tehama,103,63373,4921,4907,575,5482,53
2021-04-24,Trinity,105,12862,382,326,60,386,3
2021-04-24,Tulare,107,460477,49160,48705,9255,57960,830
2021-04-24,Tuolumne,109,53932,4020,4020,35,4055,58
2021-04-24,Ventura,111,848112,80378,80097,3048,83145,999
2021-04-24,Yolo,113,214977,13715,13653,290,13943,205
2021-04-24,Yuba,115,75493,5865,5837,122,5959,44
2021-04-23,Alameda,001,1643700,86208,85935,1974,87909,1256
2021-04-23,Alpine,003,1148,87,86,0,86,0
2021-04-23,Amador,005,37829,3645,3637,34,3671,46
2021-04-23,Butte,007,227075,11988,11672,1812,13484,196
2021-04-23,Calaveras,009,45235,2075,2064,12,2076,50
2021-04-23,Colusa,011,21464,1915,1921,299,2220,14
2021-04-23,Contra Costa,013,1133247,67735,67164,1267,68431,785
2021-04-23,Del Norte,015,27424,1261,1254,6,1260,6
2021-04-23,El Dorado,017,186661,9849,9788,725,10513,106
2021-04-23,Fresno,019,978130,100815,100928,8799,109727,1662
2021-04-23,Glenn,021,27897,2370,2361,554,2915,17
2021-04-23,Humboldt,023,135768,3776,3698,30,3728,35
2021-04-23,Imperial,025,180216,28080,28108,2832,30940,720
2021-04-23,Inyo,027,18085,1395,1395,3,1398,36
2021-04-23,Kern,029,883053,95973,95330,10976,106306,1295
2021-04-23,Kings,031,150075,22791,22735,1155,23890,244
2021-04-23,Lake,033,64148,3442,3425,9,3434,43
2021-04-23,Lassen,035,31185,5158,5141,108,5249,1
2021-04-23,Los Angeles,037,10098052,1195034,1190264,43271,1233535,23785
2021-04-23,Madera,039,155013,16388,16328,943,17271,231
2021-04-23,Marin,041,260295,13855,13838,245,14083,227
2021-04-23,Mariposa,043,17540,415,405,11,416,5
2021-04-23,Mendocino,045,87422,3808,3745,71,3816,46
2021-04-23,Merced,047,269075,30532,30530,982,31512,443
2021-04-23,Modoc,049,8938,367,360,122,482,3
2021-04-23,Mono,051,14174,1236,1256,12,1268,3
2021-04-23,Monterey,053,433212,42752,42722,1900,44622,377
2021-04-23,Napa,055,140530,9746,9752,33,9785,79
2021-04-23,Nevada,057,99092,4596,4510,193,4703,70
2021-04-23,Orange,059,3164182,253149,252399,11490,263889,4904
2021-04-23,Placer,061,380077,22457,21959,1454,23413,282
2021-04-23,Plumas,063,18699,682,670,11,681,4
2021-04-23,Riverside,065,2383286,289442,286456,14542,300998,4399
2021-04-23,Sacramento,067,1510023,102619,102041,1672,103713,1586
2021-04-23,San Benito,069,59416,6001,6005,115,6120,63
2021-04-23,San Bernardino,071,2135413,290766,290189,9180,299369,4568
2021-04-23,San Diego,073,3302833,276440,275097,14341,289438,3684
2021-04-23,San Francisco,075,870044,36060,36252,1351,37603,532
2021-04-23,San Joaquin,077,732212,71418,70840,3581,74421,1295
2021-04-23,San Luis Obispo,079,281455,20901,20781,746,21527,255
2021-04-23,San Mateo,081,765935,41751,41386,465,41851,355
2021-04-23,Santa Barbara,083,443738,34116,33895,1227,35122,447
2021-04-23,Santa Clara,085,1922200,116722,117593,756,118349,1965
2021-04-23,Santa Cruz,087,273765,16004,15802,869,16671,205
2021-04-23,Shasta,089,179085,11723,11759,1481,13240,192
2021-04-23,Sierra,091,2930,53,51,14,65,0
2021-04-23,Siskiyou,093,43540,1675,1567,309,1876,11
2021-04-23,Solano,095,438530,31903,31784,485,32269,247
2021-04-23,Sonoma,097,501317,29572,29727,315,30042,318
2021-04-23,Stanislaus,099,539301,54554,54391,6001,60392,744
2021-04-23,Sutter,101,95872,9327,9312,86,9398,110
2021-04-23,Tehama,103,63373,4918,4906,575,5481,53
2021-04-23,Trinity,105,12862,382,326,60,386,3
2021-04-23,Tulare,107,460477,49143,48694,9247,57941,829
2021-04-23,Tuolumne,109,53932,4019,4020,35,4055,58
2021-04-23,Ventura,111,848112,80359,80095,3048,83143,996
2021-04-23,Yolo,113,214977,13704,13647,289,13936,205
2021-04-23,Yuba,115,75493,5862,5828,122,5950,44
2021-04-22,Alameda,001,1643700,86116,85829,1973,87802,1253
2021-04-22,Alpine,003,1148,87,86,0,86,0
2021-04-22,Amador,005,37829,3644,3633,34,3667,46
2021-04-22,Butte,007,227075,11974,11656,1809,13465,196
2021-04-22,Calaveras,009,45235,2073,2059,12,2071,50
2021-04-22,Colusa,011,21464,1913,1920,297,2217,14
2021-04-22,Contra Costa,013,1133247,67664,67029,1261,68290,782
2021-04-22,Del Norte,015,27424,1256,1252,6,1258,6
2021-04-22,El Dorado,017,186661,9838,9773,722,10495,106
2021-04-22,Fresno,019,978130,100771,100864,8788,109652,1657
2021-04-22,Glenn,021,27897,2369,2361,554,2915,17
2021-04-22,Humboldt,023,135768,3767,3680,30,3710,35
2021-04-22,Imperial,025,180216,28058,28096,2829,30925,720
2021-04-22,Inyo,027,18085,1394,1394,3,1397,36
2021-04-22,Kern,029,883053,95930,95292,10961,106253,1299
2021-04-22,Kings,031,150075,22781,22725,1155,23880,243
2021-04-22,Lake,033,64148,3440,3423,9,3432,43
2021-04-22,Lassen,035,31185,5158,5155,108,5263,1
2021-04-22,Los Angeles,037,10098052,1194717,1189878,43248,1233126,23762
2021-04-22,Madera,039,155013,16369,16316,943,17259,231
2021-04-22,Marin,041,260295,13847,13832,245,14077,227
2021-04-22,Mariposa,043,17540,414,403,11,414,5
2021-04-22,Mendocino,045,87422,3802,3729,71,3800,46
2021-04-22,Merced,047,269075,30497,30490,981,31471,443
2021-04-22,Modoc,049,8938,367,360,122,482,3
2021-04-22,Mono,051,14174,1236,1254,12,1266,3
2021-04-22,Monterey,053,433212,42745,42708,1898,44606,377
2021-04-22,Napa,055,140530,9736,9734,33,9767,79
2021-04-22,Nevada,057,99092,4587,4504,191,4695,70
2021-04-22,Orange,059,3164182,253078,252307,11478,263785,4898
2021-04-22,Placer,061,380077,22428,21916,1450,23366,282
2021-04-22,Plumas,063,18699,681,670,11,681,4
2021-04-22,Riverside,065,2383286,289349,286362,14533,300895,4398
2021-04-22,Sacramento,067,1510023,102471,101870,1662,103532,1585
2021-04-22,San Benito,069,59416,5997,5998,115,6113,63
2021-04-22,San Bernardino,071,2135413,290696,290125,9172,299297,4571
2021-04-22,San Diego,073,3302833,276274,275913,14319,290232,3684
2021-04-22,San Francisco,075,870044,36038,36218,1348,37566,532
2021-04-22,San Joaquin,077,732212,71359,70751,3575,74326,1295
2021-04-22,San Luis Obispo,079,281455,20887,20761,746,21507,255
2021-04-22,San Mateo,081,765935,41724,41345,463,41808,355
2021-04-22,Santa Barbara,083,443738,34093,33870,1226,35096,446
2021-04-22,Santa Clara,085,1922200,116634,117457,752,118209,1954
2021-04-22,Santa Cruz,087,273765,16001,15737,868,16605,205
2021-04-22,Shasta,089,179085,11708,11738,1478,13216,192
2021-04-22,Sierra,091,2930,53,51,14,65,0
2021-04-22,Siskiyou,093,43540,1671,1564,308,1872,11
2021-04-22,Solano,095,438530,31857,31731,482,32213,247
2021-04-22,Sonoma,097,501317,29557,29705,311,30016,318
2021-04-22,Stanislaus,099,539301,54481,54313,5995,60308,744
2021-04-22,Sutter,101,95872,9323,9302,86,9388,110
2021-04-22,Tehama,103,63373,4912,4896,571,5467,53
2021-04-22,Trinity,105,12862,382,326,60,386,3
2021-04-22,Tulare,107,460477,49124,48669,9237,57906,828
2021-04-22,Tuolumne,109,53932,4015,4020,35,4055,58
2021-04-22,Ventura,111,848112,80334,80073,3046,83119,996
2021-04-22,Yolo,113,214977,13683,13616,289,13905,205
2021-04-22,Yuba,115,75493,5851,5825,122,5947,44
2021-04-21,Alameda,001,1643700,86035,85762,1971,87733,1249
2021-04-21,Alpine,003,1148,87,86,0,86,0
2021-04-21,Amador,005,37829,3641,3632,34,3666,46
2021-04-21,Butte,007,227075,11954,11643,1807,13450,196
2021-04-21,Calaveras,009,45235,2062,2057,12,2069,50
2021-04-21,Colusa,011,21464,1911,1920,296,2216,14
2021-04-21,Contra Costa,013,1133247,67598,66981,1260,68241,782
2021-04-21,Del Norte,015,27424,1252,1252,6,1258,6
2021-04-21,El Dorado,017,186661,9821,9760,720,10480,106
2021-04-21,Fresno,019,978130,100715,100838,8782,109620,1654
2021-04-21,Glenn,021,27897,2368,2361,554,2915,17
2021-04-21,Humboldt,023,135768,3747,3642,30,3672,35
2021-04-21,Imperial,025,180216,28046,28052,2828,30880,719
2021-04-21,Inyo,027,18085,1394,1392,3,1395,36
2021-04-21,Kern,029,883053,95884,95257,10951,106208,1297
2021-04-21,Kings,031,150075,22774,22713,1154,23867,243
2021-04-21,Lake,033,64148,3437,3421,9,3430,43
2021-04-21,Lassen,035,31185,5157,5156,108,5264,1
2021-04-21,Los Angeles,037,10098052,1194381,1189530,43224,1232754,23729
2021-04-21,Madera,039,155013,16364,16309,943,17252,231
2021-04-21,Marin,041,260295,13832,13822,245,14067,227
2021-04-21,Mariposa,043,17540,413,402,11,413,5
2021-04-21,Mendocino,045,87422,3800,3729,71,3800,46
2021-04-21,Merced,047,269075,30476,30471,980,31451,442
2021-04-21,Modoc,049,8938,367,360,122,482,3
2021-04-21,Mono,051,14174,1236,1254,12,1266,3
2021-04-21,Monterey,053,433212,42730,42699,1896,44595,377
2021-04-21,Napa,055,140530,9730,9727,33,9760,79
2021-04-21,Nevada,057,99092,4573,4499,191,4690,70
2021-04-21,Orange,059,3164182,253003,252243,11465,263708,4889
2021-04-21,Placer,061,380077,22397,21896,1445,23341,282
2021-04-21,Plumas,063,18699,681,670,11,681,4
2021-04-21,Riverside,065,2383286,289257,286299,14526,300825,4388
2021-04-21,Sacramento,067,1510023,102344,101803,1656,103459,1579
2021-04-21,San Benito,069,59416,5994,5998,115,6113,63
2021-04-21,San Bernardino,071,2135413,290622,290049,9170,299219,4572
2021-04-21,San Diego,073,3302833,276066,275632,14281,289913,3681
2021-04-21,San Francisco,075,870044,36018,36194,1347,37541,529
2021-04-21,San Joaquin,077,732212,71305,70687,3564,74251,1295
2021-04-21,San Luis Obispo,079,281455,20872,20724,745,21469,255
2021-04-21,San Mateo,081,765935,41692,41318,462,41780,355
2021-04-21,Santa Barbara,083,443738,34074,33830,1225,35055,445
2021-04-21,Santa Clara,085,1922200,116558,117318,746,118064,1946
2021-04-21,Santa Cruz,087,273765,15992,15698,868,16566,204
2021-04-21,Shasta,089,179085,11689,11722,1476,13198,192
2021-04-21,Sierra,091,2930,53,51,14,65,0
2021-04-21,Siskiyou,093,43540,1664,1557,308,1865,11
2021-04-21,Solano,095,438530,31818,31712,481,32193,244
2021-04-21,Sonoma,097,501317,29545,29697,309,30006,318
2021-04-21,Stanislaus,099,539301,54420,54290,5989,60279,742
2021-04-21,Sutter,101,95872,9315,9297,86,9383,110
2021-04-21,Tehama,103,63373,4905,4893,570,5463,53
2021-04-21,Trinity,105,12862,382,326,60,386,3
2021-04-21,Tulare,107,460477,49109,48653,9224,57877,828
2021-04-21,Tuolumne,109,53932,4012,4019,35,4054,58
2021-04-21,Ventura,111,848112,80302,80039,3043,83082,996
2021-04-21,Yolo,113,214977,13663,13606,288,13894,200
2021-04-21,Yuba,115,75493,5844,5822,121,5943,44
2021-04-20,Alameda,001,1643700,85941,85652,1969,87621,1248
2021-04-20,Alpine,003,1148,86,85,0,85,0
2021-04-20,Amador,005,37829,3640,3631,34,3665,46
2021-04-20,Butte,007,227075,11935,11619,1805,13424,196
2021-04-20,Calaveras,009,45235,2060,2053,12,2065,50
2021-04-20,Colusa,011,21464,1911,1915,295,2210,14
2021-04-20,Contra Costa,013,1133247,67514,66889,1257,68146,782
2021-04-20,Del Norte,015,27424,1251,1250,6,1256,6
2021-04-20,El Dorado,017,186661,9793,9743,718,10461,106
2021-04-20,Fresno,019,978130,100657,100768,8772,109540,1650
2021-04-20,Glenn,021,27897,2366,2359,553,2912,17
2021-04-20,Humboldt,023,135768,3726,3612,30,3642,35
2021-04-20,Imperial,025,180216,28027,28024,2825,30849,719
2021-04-20,Inyo,027,18085,1394,1393,3,1396,36
2021-04-20,Kern,029,883053,95848,95223,10934,106157,1295
2021-04-20,Kings,031,150075,22768,22693,1151,23844,243
2021-04-20,Lake,033,64148,3435,3418,9,3427,43
2021-04-20,Lassen,035,31185,5157,5155,108,5263,1
2021-04-20,Los Angeles,037,10098052,1194038,1189256,43194,1232450,23694
2021-04-20,Madera,039,155013,16358,16301,943,17244,231
2021-04-20,Marin,041,260295,13818,13807,245,14052,227
2021-04-20,Mariposa,043,17540,412,402,11,413,5
2021-04-20,Mendocino,045,87422,3799,3726,71,3797,46
2021-04-20,Merced,047,269075,30448,30439,980,31419,441
2021-04-20,Modoc,049,8938,367,359,122,481,3
2021-04-20,Mono,051,14174,1235,1254,12,1266,3
2021-04-20,Monterey,053,433212,42719,42663,1893,44556,363
2021-04-20,Napa,055,140530,9726,9711,33,9744,79
2021-04-20,Nevada,057,99092,4556,4485,190,4675,70
2021-04-20,Orange,059,3164182,252914,252134,11453,263587,4887
2021-04-20,Placer,061,380077,22363,21846,1441,23287,282
2021-04-20,Plumas,063,18699,680,670,11,681,4
2021-04-20,Riverside,065,2383286,289164,286194,14520,300714,4388
2021-04-20,Sacramento,067,1510023,102206,101629,1648,103277,1574
2021-04-20,San Benito,069,59416,5991,5988,115,6103,63
2021-04-20,San Bernardino,071,2135413,290543,289905,9167,299072,4569
2021-04-20,San Diego,073,3302833,275836,275369,14248,289617,3674
2021-04-20,San Francisco,075,870044,35999,36117,1346,37463,529
2021-04-20,San Joaquin,077,732212,71232,70590,3555,74145,1289
2021-04-20,San Luis Obispo,079,281455,20849,20691,737,21428,254
2021-04-20,San Mateo,081,765935,41661,41251,462,41713,355
2021-04-20,Santa Barbara,083,443738,34056,33803,1225,35028,445
2021-04-20,Santa Clara,085,1922200,116461,117228,741,117969,1944
2021-04-20,Santa Cruz,087,273765,15980,15647,868,16515,204
2021-04-20,Shasta,089,179085,11673,11677,1473,13150,189
2021-04-20,Sierra,091,2930,53,51,14,65,0
2021-04-20,Siskiyou,093,43540,1656,1551,307,1858,10
2021-04-20,Solano,095,438530,31763,31673,477,32150,243
2021-04-20,Sonoma,097,501317,29536,29676,307,29983,311
2021-04-20,Stanislaus,099,539301,54355,54236,5976,60212,735
2021-04-20,Sutter,101,95872,9311,9279,86,9365,109
2021-04-20,Tehama,103,63373,4900,4887,569,5456,52
2021-04-20,Trinity,105,12862,382,326,60,386,3
2021-04-20,Tulare,107,460477,49089,48650,9213,57863,831
2021-04-20,Tuolumne,109,53932,4012,4014,35,4049,58
2021-04-20,Ventura,111,848112,80274,80018,3041,83059,995
2021-04-20,Yolo,113,214977,13644,13581,286,13867,200
2021-04-20,Yuba,115,75493,5834,5814,121,5935,44
2021-04-19,Alameda,001,1643700,85819,85583,1966,87549,1247
2021-04-19,Alpine,003,1148,86,85,0,85,0
2021-04-19,Amador,005,37829,3639,3629,34,3663,46
2021-04-19,Butte,007,227075,11916,11601,1800,13401,196
2021-04-19,Calaveras,009,45235,2057,2050,12,2062,50
2021-04-19,Colusa,011,21464,1911,1913,294,2207,14
2021-04-19,Contra Costa,013,1133247,67437,66833,1254,68087,782
2021-04-19,Del Norte,015,27424,1249,1247,6,1253,6
2021-04-19,El Dorado,017,186661,9777,9726,713,10439,106
2021-04-19,Fresno,019,978130,100589,100702,8760,109462,1646
2021-04-19,Glenn,021,27897,2366,2358,552,2910,17
2021-04-19,Humboldt,023,135768,3706,3602,28,3630,35
2021-04-19,Imperial,025,180216,28006,27995,2825,30820,719
2021-04-19,Inyo,027,18085,1394,1392,3,1395,36
2021-04-19,Kern,029,883053,95818,95162,10919,106081,1290
2021-04-19,Kings,031,150075,22752,22688,1151,23839,243
2021-04-19,Lake,033,64148,3434,3416,9,3425,43
2021-04-19,Lassen,035,31185,5156,5156,108,5264,1
2021-04-19,Los Angeles,037,10098052,1193662,1188945,43167,1232112,23666
2021-04-19,Madera,039,155013,16347,16289,942,17231,231
2021-04-19,Marin,041,260295,13807,13804,244,14048,226
2021-04-19,Mariposa,043,17540,411,401,11,412,5
2021-04-19,Mendocino,045,87422,3797,3722,71,3793,46
2021-04-19,Merced,047,269075,30419,30422,979,31401,441
2021-04-19,Modoc,049,8938,367,359,122,481,3
2021-04-19,Mono,051,14174,1234,1254,12,1266,3
2021-04-19,Monterey,053,433212,42706,42642,1888,44530,356
2021-04-19,Napa,055,140530,9718,9680,33,9713,79
2021-04-19,Nevada,057,99092,4540,4477,190,4667,70
2021-04-19,Orange,059,3164182,252796,252013,11439,263452,4883
2021-04-19,Placer,061,380077,22340,21814,1437,23251,282
2021-04-19,Plumas,063,18699,680,665,11,676,4
2021-04-19,Riverside,065,2383286,289072,286087,14510,300597,4371
2021-04-19,Sacramento,067,1510023,102072,101482,1636,103118,1572
2021-04-19,San Benito,069,59416,5983,5989,115,6104,63
2021-04-19,San Bernardino,071,2135413,290459,289738,9161,298899,4561
2021-04-19,San Diego,073,3302833,275588,275113,14215,289328,3674
2021-04-19,San Francisco,075,870044,35964,36094,1343,37437,529
2021-04-19,San Joaquin,077,732212,71153,70514,3547,74061,1289
2021-04-19,San Luis Obispo,079,281455,20823,20669,731,21400,254
2021-04-19,San Mateo,081,765935,41628,41226,461,41687,355
2021-04-19,Santa Barbara,083,443738,34042,33786,1225,35011,446
2021-04-19,Santa Clara,085,1922200,116350,117099,737,117836,1944
2021-04-19,Santa Cruz,087,273765,15968,15600,868,16468,204
2021-04-19,Shasta,089,179085,11658,11662,1465,13127,189
2021-04-19,Sierra,091,2930,53,51,14,65,0
2021-04-19,Siskiyou,093,43540,1646,1544,307,1851,10
2021-04-19,Solano,095,438530,31725,31643,472,32115,239
2021-04-19,Sonoma,097,501317,29517,29667,307,29974,311
2021-04-19,Stanislaus,099,539301,54279,54179,5972,60151,728
2021-04-19,Sutter,101,95872,9300,9269,86,9355,109
2021-04-19,Tehama,103,63373,4895,4878,569,5447,52
2021-04-19,Trinity,105,12862,382,326,60,386,3
2021-04-19,Tulare,107,460477,49073,48630,9200,57830,831
2021-04-19,Tuolumne,109,53932,4011,4010,35,4045,58
2021-04-19,Ventura,111,848112,80248,80000,3039,83039,996
2021-04-19,Yolo,113,214977,13632,13572,283,13855,200
2021-04-19,Yuba,115,75493,5827,5804,120,5924,44
2021-04-18,Alameda,001,1643700,85705,85481,1958,87439,1247
2021-04-18,Alpine,003,1148,86,85,0,85,0
2021-04-18,Amador,005,37829,3636,3627,34,3661,46
2021-04-18,Butte,007,227075,11898,11591,1795,13386,196
2021-04-18,Calaveras,009,45235,2053,2047,12,2059,50
2021-04-18,Colusa,011,21464,1907,1912,293,2205,14
2021-04-18,Contra Costa,013,1133247,67333,66750,1249,67999,782
2021-04-18,Del Norte,015,27424,1249,1240,6,1246,6
2021-04-18,El Dorado,017,186661,9754,9710,711,10421,106
2021-04-18,Fresno,019,978130,100532,100621,8754,109375,1646
2021-04-18,Glenn,021,27897,2361,2358,552,2910,17
2021-04-18,Humboldt,023,135768,3678,3590,28,3618,35
2021-04-18,Imperial,025,180216,27991,27991,2820,30811,719
2021-04-18,Inyo,027,18085,1393,1392,3,1395,36
2021-04-18,Kern,029,883053,95783,95129,10902,106031,1290
2021-04-18,Kings,031,150075,22743,22685,1151,23836,243
2021-04-18,Lake,033,64148,3433,3413,9,3422,43
2021-04-18,Lassen,035,31185,5153,5156,108,5264,1
2021-04-18,Los Angeles,037,10098052,1193211,1188620,43140,1231760,23648
2021-04-18,Madera,039,155013,16336,16277,941,17218,231
2021-04-18,Marin,041,260295,13800,13801,243,14044,226
2021-04-18,Mariposa,043,17540,410,400,10,410,5
2021-04-18,Mendocino,045,87422,3794,3722,71,3793,46
2021-04-18,Merced,047,269075,30382,30405,977,31382,441
2021-04-18,Modoc,049,8938,367,359,122,481,3
2021-04-18,Mono,051,14174,1234,1254,12,1266,3
2021-04-18,Monterey,053,433212,42694,42638,1887,44525,356
2021-04-18,Napa,055,140530,9702,9674,33,9707,79
2021-04-18,Nevada,057,99092,4525,4464,190,4654,70
2021-04-18,Orange,059,3164182,252681,251940,11431,263371,4883
2021-04-18,Placer,061,380077,22297,21783,1430,23213,282
2021-04-18,Plumas,063,18699,679,665,11,676,4
2021-04-18,Riverside,065,2383286,288983,286043,14505,300548,4371
2021-04-18,Sacramento,067,1510023,101897,101354,1630,102984,1572
2021-04-18,San Benito,069,59416,5981,5989,115,6104,63
2021-04-18,San Bernardino,071,2135413,290366,289691,9152,298843,4556
2021-04-18,San Diego,073,3302833,275309,274961,14180,289141,3674
2021-04-18,San Francisco,075,870044,35929,36073,1339,37412,525
2021-04-18,San Joaquin,077,732212,71072,70466,3538,74004,1289
2021-04-18,San Luis Obispo,079,281455,20802,20656,724,21380,254
2021-04-18,San Mateo,081,765935,41599,41201,460,41661,352
2021-04-18,Santa Barbara,083,443738,34008,33769,1224,34993,446
2021-04-18,Santa Clara,085,1922200,116222,116996,722,117718,1944
2021-04-18,Santa Cruz,087,273765,15958,15580,867,16447,204
2021-04-18,Shasta,089,179085,11637,11658,1462,13120,189
2021-04-18,Sierra,091,2930,53,51,14,65,0
2021-04-18,Siskiyou,093,43540,1635,1538,305,1843,10
2021-04-18,Solano,095,438530,31675,31606,471,32077,239
2021-04-18,Sonoma,097,501317,29501,29660,305,29965,311
2021-04-18,Stanislaus,099,539301,54199,54132,5963,60095,728
2021-04-18,Sutter,101,95872,9286,9261,86,9347,109
2021-04-18,Tehama,103,63373,4886,4877,568,5445,52
2021-04-18,Trinity,105,12862,382,326,60,386,3
2021-04-18,Tulare,107,460477,49061,48618,9194,57812,829
2021-04-18,Tuolumne,109,53932,4010,4008,34,4042,58
2021-04-18,Ventura,111,848112,80218,79984,3035,83019,996
2021-04-18,Yolo,113,214977,13620,13562,281,13843,200
2021-04-18,Yuba,115,75493,5820,5804,120,5924,44
2021-04-17,Alameda,001,1643700,85632,85367,1954,87321,1247
2021-04-17,Alpine,003,1148,86,85,0,85,0
2021-04-17,Amador,005,37829,3634,3625,34,3659,46
2021-04-17,Butte,007,227075,11878,11573,1791,13364,196
2021-04-17,Calaveras,009,45235,2050,2045,12,2057,50
2021-04-17,Colusa,011,21464,1907,1912,293,2205,14
2021-04-17,Contra Costa,013,1133247,67285,66657,1241,67898,782
2021-04-17,Del Norte,015,27424,1249,1238,6,1244,6
2021-04-17,El Dorado,017,186661,9739,9692,708,10400,106
2021-04-17,Fresno,019,978130,100500,100562,8747,109309,1646
2021-04-17,Glenn,021,27897,2361,2357,552,2909,17
2021-04-17,Humboldt,023,135768,3655,3579,28,3607,35
2021-04-17,Imperial,025,180216,27980,27987,2819,30806,719
2021-04-17,Inyo,027,18085,1390,1392,3,1395,36
2021-04-17,Kern,029,883053,95765,95102,10898,106000,1290
2021-04-17,Kings,031,150075,22738,22678,1150,23828,243
2021-04-17,Lake,033,64148,3432,3409,9,3418,43
2021-04-17,Lassen,035,31185,5153,5154,108,5262,1
2021-04-17,Los Angeles,037,10098052,1192956,1188262,43107,1231369,23653
2021-04-17,Madera,039,155013,16332,16260,940,17200,231
2021-04-17,Marin,041,260295,13796,13797,242,14039,226
2021-04-17,Mariposa,043,17540,409,398,10,408,5
2021-04-17,Mendocino,045,87422,3791,3721,71,3792,46
2021-04-17,Merced,047,269075,30367,30392,975,31367,441
2021-04-17,Modoc,049,8938,367,357,122,479,3
2021-04-17,Mono,051,14174,1234,1253,12,1265,3
2021-04-17,Monterey,053,433212,42685,42630,1885,44515,356
2021-04-17,Napa,055,140530,9698,9666,33,9699,79
2021-04-17,Nevada,057,99092,4517,4457,190,4647,70
2021-04-17,Orange,059,3164182,252612,251873,11419,263292,4878
2021-04-17,Placer,061,380077,22274,21736,1425,23161,282
2021-04-17,Plumas,063,18699,678,666,11,677,4
2021-04-17,Riverside,065,2383286,288914,285963,14497,300460,4371
2021-04-17,Sacramento,067,1510023,101788,101172,1618,102790,1572
2021-04-17,San Benito,069,59416,5975,5986,115,6101,63
2021-04-17,San Bernardino,071,2135413,290311,289624,9149,298773,4555
2021-04-17,San Diego,073,3302833,275162,274812,14146,288958,3674
2021-04-17,San Francisco,075,870044,35908,36032,1336,37368,523
2021-04-17,San Joaquin,077,732212,71033,70372,3527,73899,1288
2021-04-17,San Luis Obispo,079,281455,20791,20642,719,21361,254
2021-04-17,San Mateo,081,765935,41576,41157,460,41617,352
2021-04-17,Santa Barbara,083,443738,33977,33738,1222,34960,446
2021-04-17,Santa Clara,085,1922200,116131,116887,719,117606,1944
2021-04-17,Santa Cruz,087,273765,15952,15571,867,16438,204
2021-04-17,Shasta,089,179085,11622,11647,1461,13108,189
2021-04-17,Sierra,091,2930,53,51,14,65,0
2021-04-17,Siskiyou,093,43540,1630,1539,304,1843,10
2021-04-17,Solano,095,438530,31644,31541,468,32009,239
2021-04-17,Sonoma,097,501317,29494,29637,305,29942,311
2021-04-17,Stanislaus,099,539301,54162,54058,5958,60016,728
2021-04-17,Sutter,101,95872,9280,9252,86,9338,109
2021-04-17,Tehama,103,63373,4880,4875,567,5442,52
2021-04-17,Trinity,105,12862,382,326,60,386,3
2021-04-17,Tulare,107,460477,49049,48603,9190,57793,829
2021-04-17,Tuolumne,109,53932,4008,4005,34,4039,58
2021-04-17,Ventura,111,848112,80198,79964,3035,82999,996
2021-04-17,Yolo,113,214977,13610,13580,281,13861,200
2021-04-17,Yuba,115,75493,5815,5802,119,5921,44
2021-04-16,Alameda,001,1643700,85552,85243,1952,87195,1245
2021-04-16,Alpine,003,1148,86,85,0,85,0
2021-04-16,Amador,005,37829,3629,3621,34,3655,46
2021-04-16,Butte,007,227075,11866,11549,1789,13338,196
2021-04-16,Calaveras,009,45235,2048,2042,12,2054,50
2021-04-16,Colusa,011,21464,1905,1911,293,2204,14
2021-04-16,Contra Costa,013,1133247,67230,66569,1238,67807,782
2021-04-16,Del Norte,015,27424,1248,1237,6,1243,6
2021-04-16,El Dorado,017,186661,9719,9665,704,10369,106
2021-04-16,Fresno,019,978130,100451,100500,8740,109240,1643
2021-04-16,Glenn,021,27897,2361,2355,552,2907,17
2021-04-16,Humboldt,023,135768,3634,3570,27,3597,35
2021-04-16,Imperial,025,180216,27970,27962,2818,30780,719
2021-04-16,Inyo,027,18085,1390,1392,3,1395,36
2021-04-16,Kern,029,883053,95736,95066,10895,105961,1288
2021-04-16,Kings,031,150075,22735,22667,1148,23815,243
2021-04-16,Lake,033,64148,3426,3406,9,3415,43
2021-04-16,Lassen,035,31185,5152,5155,108,5263,1
2021-04-16,Los Angeles,037,10098052,1192658,1187818,43068,1230886,23627
2021-04-16,Madera,039,155013,16327,16250,938,17188,231
2021-04-16,Marin,041,260295,13793,13788,242,14030,226
2021-04-16,Mariposa,043,17540,408,396,9,405,5
2021-04-16,Mendocino,045,87422,3789,3719,71,3790,46
2021-04-16,Merced,047,269075,30352,30355,975,31330,438
2021-04-16,Modoc,049,8938,367,355,122,477,3
2021-04-16,Mono,051,14174,1234,1253,12,1265,3
2021-04-16,Monterey,053,433212,42674,42620,1883,44503,351
2021-04-16,Napa,055,140530,9690,9653,33,9686,79
2021-04-16,Nevada,057,99092,4508,4443,190,4633,70
2021-04-16,Orange,059,3164182,252549,251770,11410,263180,4873
2021-04-16,Placer,061,380077,22247,21680,1419,23099,282
2021-04-16,Plumas,063,18699,677,665,11,676,4
2021-04-16,Riverside,065,2383286,288838,285818,14495,300313,4369
2021-04-16,Sacramento,067,1510023,101692,100993,1613,102606,1572
2021-04-16,San Benito,069,59416,5973,5982,115,6097,63
2021-04-16,San Bernardino,071,2135413,290264,289424,9147,298571,4550
2021-04-16,San Diego,073,3302833,275008,274567,14128,288695,3662
2021-04-16,San Francisco,075,870044,35883,35993,1332,37325,517
2021-04-16,San Joaquin,077,732212,70967,70280,3518,73798,1288
2021-04-16,San Luis Obispo,079,281455,20779,20623,718,21341,253
2021-04-16,San Mateo,081,765935,41547,41107,459,41566,352
2021-04-16,Santa Barbara,083,443738,33959,33703,1222,34925,446
2021-04-16,Santa Clara,085,1922200,116031,116693,716,117409,1941
2021-04-16,Santa Cruz,087,273765,15950,15539,867,16406,204
2021-04-16,Shasta,089,179085,11610,11623,1459,13082,189
2021-04-16,Sierra,091,2930,53,51,14,65,0
2021-04-16,Siskiyou,093,43540,1626,1530,302,1832,10
2021-04-16,Solano,095,438530,31605,31470,465,31935,239
2021-04-16,Sonoma,097,501317,29483,29617,305,29922,311
2021-04-16,Stanislaus,099,539301,54114,53983,5956,59939,728
2021-04-16,Sutter,101,95872,9274,9247,86,9333,109
2021-04-16,Tehama,103,63373,4879,4866,567,5433,52
2021-04-16,Trinity,105,12862,382,326,60,386,3
2021-04-16,Tulare,107,460477,49038,48583,9187,57770,830
2021-04-16,Tuolumne,109,53932,4005,4005,34,4039,58
2021-04-16,Ventura,111,848112,80173,79942,3030,82972,994
2021-04-16,Yolo,113,214977,13597,13559,279,13838,198
2021-04-16,Yuba,115,75493,5812,5795,118,5913,44
2021-04-15,Alameda,001,1643700,85446,85089,1950,87039,1246
2021-04-15,Alpine,003,1148,86,85,0,85,0
2021-04-15,Amador,005,37829,3628,3616,34,3650,46
2021-04-15,Butte,007,227075,11851,11529,1785,13314,196
2021-04-15,Calaveras,009,45235,2047,2039,12,2051,50
2021-04-15,Colusa,011,21464,1903,1909,292,2201,14
2021-04-15,Contra Costa,013,1133247,67156,66480,1234,67714,781
2021-04-15,Del Norte,015,27424,1241,1235,6,1241,6
2021-04-15,El Dorado,017,186661,9706,9639,702,10341,106
2021-04-15,Fresno,019,978130,100392,100431,8733,109164,1642
2021-04-15,Glenn,021,27897,2361,2354,552,2906,17
2021-04-15,Humboldt,023,135768,3612,3561,27,3588,35
2021-04-15,Imperial,025,180216,27942,27920,2815,30735,718
2021-04-15,Inyo,027,18085,1390,1393,3,1396,36
2021-04-15,Kern,029,883053,95704,94989,10880,105869,1289
2021-04-15,Kings,031,150075,22721,22648,1148,23796,242
2021-04-15,Lake,033,64148,3425,3399,9,3408,43
2021-04-15,Lassen,035,31185,5151,5152,108,5260,1
2021-04-15,Los Angeles,037,10098052,1192265,1187274,43028,1230302,23598
2021-04-15,Madera,039,155013,16312,16234,938,17172,231
2021-04-15,Marin,041,260295,13789,13783,241,14024,226
2021-04-15,Mariposa,043,17540,406,395,9,404,5
2021-04-15,Mendocino,045,87422,3788,3714,71,3785,46
2021-04-15,Merced,047,269075,30326,30325,974,31299,437
2021-04-15,Modoc,049,8938,367,355,122,477,3
2021-04-15,Mono,051,14174,1233,1253,12,1265,3
2021-04-15,Monterey,053,433212,42664,42604,1881,44485,347
2021-04-15,Napa,055,140530,9682,9645,33,9678,79
2021-04-15,Nevada,057,99092,4496,4434,189,4623,70
2021-04-15,Orange,059,3164182,252454,251679,11397,263076,4857
2021-04-15,Placer,061,380077,22218,21614,1412,23026,281
2021-04-15,Plumas,063,18699,675,665,11,676,4
2021-04-15,Riverside,065,2383286,288738,285698,14488,300186,4363
2021-04-15,Sacramento,067,1510023,101562,100782,1599,102381,1570
2021-04-15,San Benito,069,59416,5970,5969,114,6083,63
2021-04-15,San Bernardino,071,2135413,290177,289288,9139,298427,4544
2021-04-15,San Diego,073,3302833,274762,274250,14069,288319,3653
2021-04-15,San Francisco,075,870044,35865,35947,1329,37276,510
2021-04-15,San Joaquin,077,732212,70886,70189,3510,73699,1288
2021-04-15,San Luis Obispo,079,281455,20763,20591,715,21306,253
2021-04-15,San Mateo,081,765935,41508,41050,458,41508,352
2021-04-15,Santa Barbara,083,443738,33941,33672,1218,34890,446
2021-04-15,Santa Clara,085,1922200,115925,116602,712,117314,1927
2021-04-15,Santa Cruz,087,273765,15940,15509,867,16376,203
2021-04-15,Shasta,089,179085,11596,11597,1455,13052,191
2021-04-15,Sierra,091,2930,53,51,14,65,0
2021-04-15,Siskiyou,093,43540,1620,1524,302,1826,10
2021-04-15,Solano,095,438530,31567,31394,464,31858,239
2021-04-15,Sonoma,097,501317,29469,29587,305,29892,311
2021-04-15,Stanislaus,099,539301,54060,53918,5948,59866,728
2021-04-15,Sutter,101,95872,9267,9237,86,9323,109
2021-04-15,Tehama,103,63373,4877,4854,566,5420,52
2021-04-15,Trinity,105,12862,382,326,60,386,3
2021-04-15,Tulare,107,460477,49017,48556,9187,57743,829
2021-04-15,Tuolumne,109,53932,4005,4003,34,4037,57
2021-04-15,Ventura,111,848112,80154,79917,3028,82945,989
2021-04-15,Yolo,113,214977,13578,13547,277,13824,198
2021-04-15,Yuba,115,75493,5809,5788,118,5906,44
2021-04-14,Alameda,001,1643700,85348,85009,1949,86958,1247
2021-04-14,Alpine,003,1148,86,85,0,85,0
2021-04-14,Amador,005,37829,3627,3613,34,3647,46
2021-04-14,Butte,007,227075,11838,11513,1784,13297,196
2021-04-14,Calaveras,009,45235,2045,2037,12,2049,50
2021-04-14,Colusa,011,21464,1903,1905,292,2197,14
2021-04-14,Contra Costa,013,1133247,67070,66400,1228,67628,781
2021-04-14,Del Norte,015,27424,1241,1228,6,1234,6
2021-04-14,El Dorado,017,186661,9691,9625,697,10322,106
2021-04-14,Fresno,019,978130,100335,100376,8720,109096,1640
2021-04-14,Glenn,021,27897,2361,2353,552,2905,17
2021-04-14,Humboldt,023,135768,3591,3551,26,3577,35
2021-04-14,Imperial,025,180216,27921,27907,2812,30719,718
2021-04-14,Inyo,027,18085,1390,1392,3,1395,36
2021-04-14,Kern,029,883053,95679,94947,10873,105820,1287
2021-04-14,Kings,031,150075,22712,22641,1146,23787,243
2021-04-14,Lake,033,64148,3420,3396,9,3405,43
2021-04-14,Lassen,035,31185,5150,5151,108,5259,1
2021-04-14,Los Angeles,037,10098052,1191870,1186821,42979,1229800,23579
2021-04-14,Madera,039,155013,16303,16218,938,17156,231
2021-04-14,Marin,041,260295,13787,13768,240,14008,226
2021-04-14,Mariposa,043,17540,405,394,9,403,5
2021-04-14,Mendocino,045,87422,3783,3711,71,3782,46
2021-04-14,Merced,047,269075,30308,30296,974,31270,436
2021-04-14,Modoc,049,8938,367,355,122,477,3
2021-04-14,Mono,051,14174,1233,1252,12,1264,3
2021-04-14,Monterey,053,433212,42648,42595,1877,44472,347
2021-04-14,Napa,055,140530,9671,9643,33,9676,79
2021-04-14,Nevada,057,99092,4489,4421,189,4610,70
2021-04-14,Orange,059,3164182,252348,251568,11377,262945,4849
2021-04-14,Placer,061,380077,22185,21575,1411,22986,280
2021-04-14,Plumas,063,18699,675,665,11,676,4
2021-04-14,Riverside,065,2383286,288630,285583,14482,300065,4358
2021-04-14,Sacramento,067,1510023,101387,100645,1585,102230,1570
2021-04-14,San Benito,069,59416,5968,5960,114,6074,62
2021-04-14,San Bernardino,071,2135413,290110,289078,9136,298214,4523
2021-04-14,San Diego,073,3302833,274551,273969,14040,288009,3648
2021-04-14,San Francisco,075,870044,35827,35898,1328,37226,510
2021-04-14,San Joaquin,077,732212,70816,70095,3504,73599,1288
2021-04-14,San Luis Obispo,079,281455,20740,20561,705,21266,253
2021-04-14,San Mateo,081,765935,41468,40982,455,41437,352
2021-04-14,Santa Barbara,083,443738,33912,33650,1218,34868,445
2021-04-14,Santa Clara,085,1922200,115808,116488,709,117197,1922
2021-04-14,Santa Cruz,087,273765,15930,15481,867,16348,203
2021-04-14,Shasta,089,179085,11570,11581,1453,13034,190
2021-04-14,Sierra,091,2930,53,51,14,65,0
2021-04-14,Siskiyou,093,43540,1612,1518,301,1819,10
2021-04-14,Solano,095,438530,31515,31357,456,31813,239
2021-04-14,Sonoma,097,501317,29461,29572,303,29875,311
2021-04-14,Stanislaus,099,539301,53989,53836,5939,59775,727
2021-04-14,Sutter,101,95872,9259,9230,86,9316,106
2021-04-14,Tehama,103,63373,4872,4853,564,5417,52
2021-04-14,Trinity,105,12862,382,326,60,386,3
2021-04-14,Tulare,107,460477,48991,48527,9184,57711,827
2021-04-14,Tuolumne,109,53932,4004,3997,34,4031,57
2021-04-14,Ventura,111,848112,80118,79891,3026,82917,986
2021-04-14,Yolo,113,214977,13562,13530,275,13805,198
2021-04-14,Yuba,115,75493,5807,5778,118,5896,44
2021-04-13,Alameda,001,1643700,85242,84921,1944,86865,1239
2021-04-13,Alpine,003,1148,86,85,0,85,0
2021-04-13,Amador,005,37829,3624,3609,34,3643,46
2021-04-13,Butte,007,227075,11820,11497,1781,13278,196
2021-04-13,Calaveras,009,45235,2042,2035,12,2047,50
2021-04-13,Colusa,011,21464,1901,1905,290,2195,14
2021-04-13,Contra Costa,013,1133247,66980,66304,1228,67532,778
2021-04-13,Del Norte,015,27424,1236,1221,6,1227,6
2021-04-13,El Dorado,017,186661,9665,9609,695,10304,106
2021-04-13,Fresno,019,978130,100255,100357,8714,109071,1636
2021-04-13,Glenn,021,27897,2360,2351,552,2903,17
2021-04-13,Humboldt,023,135768,3574,3540,26,3566,35
2021-04-13,Imperial,025,180216,27903,27887,2803,30690,718
2021-04-13,Inyo,027,18085,1390,1391,3,1394,36
2021-04-13,Kern,029,883053,95635,94908,10861,105769,1285
2021-04-13,Kings,031,150075,22696,22636,1145,23781,243
2021-04-13,Lake,033,64148,3417,3390,9,3399,43
2021-04-13,Lassen,035,31185,5149,5147,108,5255,1
2021-04-13,Los Angeles,037,10098052,1191420,1186482,42933,1229415,23526
2021-04-13,Madera,039,155013,16293,16207,936,17143,231
2021-04-13,Marin,041,260295,13779,13760,239,13999,224
2021-04-13,Mariposa,043,17540,404,394,6,400,5
2021-04-13,Mendocino,045,87422,3777,3702,71,3773,46
2021-04-13,Merced,047,269075,30277,30276,972,31248,435
2021-04-13,Modoc,049,8938,367,355,122,477,3
2021-04-13,Mono,051,14174,1233,1251,12,1263,3
2021-04-13,Monterey,053,433212,42637,42577,1877,44454,347
2021-04-13,Napa,055,140530,9661,9627,33,9660,79
2021-04-13,Nevada,057,99092,4477,4415,189,4604,69
2021-04-13,Orange,059,3164182,252252,251491,11359,262850,4836
2021-04-13,Placer,061,380077,22148,21534,1408,22942,280
2021-04-13,Plumas,063,18699,674,665,11,676,4
2021-04-13,Riverside,065,2383286,288513,285505,14475,299980,4348
2021-04-13,Sacramento,067,1510023,101213,100551,1580,102131,1569
2021-04-13,San Benito,069,59416,5965,5946,114,6060,62
2021-04-13,San Bernardino,071,2135413,289995,288929,9130,298059,4521
2021-04-13,San Diego,073,3302833,274297,273709,14005,287714,3623
2021-04-13,San Francisco,075,870044,35791,35869,1324,37193,506
2021-04-13,San Joaquin,077,732212,70708,70034,3496,73530,1288
2021-04-13,San Luis Obispo,079,281455,20713,20536,695,21231,253
2021-04-13,San Mateo,081,765935,41423,40955,455,41410,353
2021-04-13,Santa Barbara,083,443738,33890,33613,1215,34828,444
2021-04-13,Santa Clara,085,1922200,115679,116363,707,117070,1923
2021-04-13,Santa Cruz,087,273765,15923,15449,867,16316,203
2021-04-13,Shasta,089,179085,11550,11536,1450,12986,189
2021-04-13,Sierra,091,2930,53,51,14,65,0
2021-04-13,Siskiyou,093,43540,1604,1511,297,1808,10
2021-04-13,Solano,095,438530,31467,31335,452,31787,239
2021-04-13,Sonoma,097,501317,29453,29544,302,29846,311
2021-04-13,Stanislaus,099,539301,53917,53797,5929,59726,722
2021-04-13,Sutter,101,95872,9255,9226,86,9312,106
2021-04-13,Tehama,103,63373,4865,4850,561,5411,52
2021-04-13,Trinity,105,12862,382,326,60,386,3
2021-04-13,Tulare,107,460477,48979,48511,9180,57691,825
2021-04-13,Tuolumne,109,53932,4002,3995,34,4029,57
2021-04-13,Ventura,111,848112,80086,79854,3024,82878,986
2021-04-13,Yolo,113,214977,13550,13516,274,13790,198
2021-04-13,Yuba,115,75493,5798,5776,118,5894,44
2021-04-12,Alameda,001,1643700,85139,84817,1942,86759,1238
2021-04-12,Alpine,003,1148,86,85,0,85,0
2021-04-12,Amador,005,37829,3623,3607,34,3641,46
2021-04-12,Butte,007,227075,11805,11488,1777,13265,193
2021-04-12,Calaveras,009,45235,2040,2033,12,2045,50
2021-04-12,Colusa,011,21464,1899,1904,288,2192,14
2021-04-12,Contra Costa,013,1133247,66899,66176,1228,67404,777
2021-04-12,Del Norte,015,27424,1233,1216,6,1222,6
2021-04-12,El Dorado,017,186661,9648,9588,693,10281,106
2021-04-12,Fresno,019,978130,100194,100277,8690,108967,1633
2021-04-12,Glenn,021,27897,2359,2349,552,2901,17
2021-04-12,Humboldt,023,135768,3560,3533,25,3558,35
2021-04-12,Imperial,025,180216,27873,27851,2798,30649,717
2021-04-12,Inyo,027,18085,1390,1390,3,1393,36
2021-04-12,Kern,029,883053,95600,94861,10849,105710,1283
2021-04-12,Kings,031,150075,22688,22621,1144,23765,241
2021-04-12,Lake,033,64148,3413,3380,9,3389,43
2021-04-12,Lassen,035,31185,5148,5147,108,5255,1
2021-04-12,Los Angeles,037,10098052,1190925,1186145,42891,1229036,23505
2021-04-12,Madera,039,155013,16282,16174,933,17107,231
2021-04-12,Marin,041,260295,13767,13751,236,13987,224
2021-04-12,Mariposa,043,17540,403,394,6,400,5
2021-04-12,Mendocino,045,87422,3776,3699,71,3770,46
2021-04-12,Merced,047,269075,30245,30261,970,31231,435
2021-04-12,Modoc,049,8938,365,352,122,474,3
2021-04-12,Mono,051,14174,1233,1251,12,1263,3
2021-04-12,Monterey,053,433212,42623,42555,1875,44430,346
2021-04-12,Napa,055,140530,9647,9603,33,9636,80
2021-04-12,Nevada,057,99092,4466,4408,189,4597,69
2021-04-12,Orange,059,3164182,252166,251350,11338,262688,4826
2021-04-12,Placer,061,380077,22100,21475,1403,22878,278
2021-04-12,Plumas,063,18699,672,666,11,677,4
2021-04-12,Riverside,065,2383286,288406,285361,14469,299830,4336
2021-04-12,Sacramento,067,1510023,101038,100394,1575,101969,1566
2021-04-12,San Benito,069,59416,5957,5942,113,6055,62
2021-04-12,San Bernardino,071,2135413,289888,288736,9118,297854,4493
2021-04-12,San Diego,073,3302833,274038,273431,13976,287407,3621
2021-04-12,San Francisco,075,870044,35758,35841,1322,37163,506
2021-04-12,San Joaquin,077,732212,70637,69968,3487,73455,1288
2021-04-12,San Luis Obispo,079,281455,20669,20515,681,21196,253
2021-04-12,San Mateo,081,765935,41381,40920,451,41371,353
2021-04-12,Santa Barbara,083,443738,33859,33606,1215,34821,444
2021-04-12,Santa Clara,085,1922200,115551,116252,705,116957,1923
2021-04-12,Santa Cruz,087,273765,15904,15406,867,16273,203
2021-04-12,Shasta,089,179085,11533,11509,1446,12955,189
2021-04-12,Sierra,091,2930,53,51,14,65,0
2021-04-12,Siskiyou,093,43540,1593,1511,295,1806,7
2021-04-12,Solano,095,438530,31426,31305,449,31754,238
2021-04-12,Sonoma,097,501317,29425,29500,302,29802,310
2021-04-12,Stanislaus,099,539301,53852,53722,5922,59644,707
2021-04-12,Sutter,101,95872,9244,9221,86,9307,106
2021-04-12,Tehama,103,63373,4856,4834,557,5391,52
2021-04-12,Trinity,105,12862,382,324,60,384,3
2021-04-12,Tulare,107,460477,48959,48495,9170,57665,824
2021-04-12,Tuolumne,109,53932,3998,3993,34,4027,57
2021-04-12,Ventura,111,848112,80053,79818,3022,82840,985
2021-04-12,Yolo,113,214977,13536,13510,273,13783,198
2021-04-12,Yuba,115,75493,5792,5773,118,5891,43
2021-04-11,Alameda,001,1643700,85002,84756,1937,86693,1238
2021-04-11,Alpine,003,1148,86,85,0,85,0
2021-04-11,Amador,005,37829,3621,3605,34,3639,46
2021-04-11,Butte,007,227075,11770,11487,1774,13261,193
2021-04-11,Calaveras,009,45235,2035,2036,12,2048,50
2021-04-11,Colusa,011,21464,1898,1904,287,2191,14
2021-04-11,Contra Costa,013,1133247,66790,66107,1225,67332,777
2021-04-11,Del Norte,015,27424,1227,1214,6,1220,6
2021-04-11,El Dorado,017,186661,9634,9575,690,10265,106
2021-04-11,Fresno,019,978130,100128,100230,8678,108908,1633
2021-04-11,Glenn,021,27897,2355,2348,551,2899,17
2021-04-11,Humboldt,023,135768,3551,3523,25,3548,35
2021-04-11,Imperial,025,180216,27849,27841,2796,30637,717
2021-04-11,Inyo,027,18085,1390,1390,3,1393,36
2021-04-11,Kern,029,883053,95541,94830,10840,105670,1283
2021-04-11,Kings,031,150075,22679,22618,1141,23759,241
2021-04-11,Lake,033,64148,3409,3377,9,3386,43
2021-04-11,Lassen,035,31185,5144,5147,108,5255,1
2021-04-11,Los Angeles,037,10098052,1190416,1185757,42847,1228604,23503
2021-04-11,Madera,039,155013,16264,16166,931,17097,231
2021-04-11,Marin,041,260295,13761,13741,234,13975,226
2021-04-11,Mariposa,043,17540,403,394,6,400,5
2021-04-11,Mendocino,045,87422,3774,3696,71,3767,46
2021-04-11,Merced,047,269075,30207,30249,969,31218,435
2021-04-11,Modoc,049,8938,364,352,120,472,3
2021-04-11,Mono,051,14174,1232,1250,12,1262,3
2021-04-11,Monterey,053,433212,42616,42547,1868,44415,346
2021-04-11,Napa,055,140530,9636,9592,33,9625,80
2021-04-11,Nevada,057,99092,4452,4394,189,4583,69
2021-04-11,Orange,059,3164182,252041,251233,11325,262558,4826
2021-04-11,Placer,061,380077,22043,21458,1398,22856,278
2021-04-11,Plumas,063,18699,672,666,11,677,4
2021-04-11,Riverside,065,2383286,288278,285269,14458,299727,4336
2021-04-11,Sacramento,067,1510023,100869,100296,1562,101858,1566
2021-04-11,San Benito,069,59416,5949,5941,112,6053,62
2021-04-11,San Bernardino,071,2135413,289777,288686,9111,297797,4492
2021-04-11,San Diego,073,3302833,273741,273287,13918,287205,3621
2021-04-11,San Francisco,075,870044,35722,35815,1319,37134,498
2021-04-11,San Joaquin,077,732212,70549,69939,3476,73415,1288
2021-04-11,San Luis Obispo,079,281455,20643,20501,678,21179,253
2021-04-11,San Mateo,081,765935,41323,40901,450,41351,353
2021-04-11,Santa Barbara,083,443738,33825,33591,1214,34805,444
2021-04-11,Santa Clara,085,1922200,115416,116161,702,116863,1923
2021-04-11,Santa Cruz,087,273765,15892,15382,867,16249,203
2021-04-11,Shasta,089,179085,11489,11504,1445,12949,189
2021-04-11,Sierra,091,2930,53,51,14,65,0
2021-04-11,Siskiyou,093,43540,1587,1509,291,1800,7
2021-04-11,Solano,095,438530,31374,31268,445,31713,238
2021-04-11,Sonoma,097,501317,29399,29496,298,29794,310
2021-04-11,Stanislaus,099,539301,53770,53683,5912,59595,707
2021-04-11,Sutter,101,95872,9235,9222,86,9308,106
2021-04-11,Tehama,103,63373,4853,4832,555,5387,52
2021-04-11,Trinity,105,12862,382,324,60,384,3
2021-04-11,Tulare,107,460477,48945,48479,9163,57642,824
2021-04-11,Tuolumne,109,53932,3996,3993,34,4027,57
2021-04-11,Ventura,111,848112,80007,79800,3015,82815,985
2021-04-11,Yolo,113,214977,13515,13496,271,13767,198
2021-04-11,Yuba,115,75493,5782,5768,118,5886,43
2021-04-10,Alameda,001,1643700,84937,84626,1937,86563,1238
2021-04-10,Alpine,003,1148,86,85,0,85,0
2021-04-10,Amador,005,37829,3619,3603,34,3637,46
2021-04-10,Butte,007,227075,11759,11482,1773,13255,193
2021-04-10,Calaveras,009,45235,2035,2032,12,2044,50
2021-04-10,Colusa,011,21464,1898,1902,287,2189,14
2021-04-10,Contra Costa,013,1133247,66729,66001,1222,67223,778
2021-04-10,Del Norte,015,27424,1224,1212,6,1218,6
2021-04-10,El Dorado,017,186661,9622,9549,687,10236,106
2021-04-10,Fresno,019,978130,100095,100135,8671,108806,1633
2021-04-10,Glenn,021,27897,2355,2343,551,2894,17
2021-04-10,Humboldt,023,135768,3541,3508,25,3533,35
2021-04-10,Imperial,025,180216,27835,27816,2796,30612,717
2021-04-10,Inyo,027,18085,1390,1387,3,1390,36
2021-04-10,Kern,029,883053,95527,94802,10834,105636,1284
2021-04-10,Kings,031,150075,22675,22614,1139,23753,241
2021-04-10,Lake,033,64148,3404,3368,9,3377,43
2021-04-10,Lassen,035,31185,5144,5146,107,5253,1
2021-04-10,Los Angeles,037,10098052,1190146,1185246,42827,1228073,23493
2021-04-10,Madera,039,155013,16256,16143,930,17073,231
2021-04-10,Marin,041,260295,13756,13731,234,13965,226
2021-04-10,Mariposa,043,17540,400,393,6,399,5
2021-04-10,Mendocino,045,87422,3772,3696,71,3767,46
2021-04-10,Merced,047,269075,30187,30225,968,31193,435
2021-04-10,Modoc,049,8938,364,352,120,472,3
2021-04-10,Mono,051,14174,1232,1249,12,1261,3
2021-04-10,Monterey,053,433212,42605,42527,1867,44394,346
2021-04-10,Napa,055,140530,9629,9569,33,9602,79
2021-04-10,Nevada,057,99092,4445,4379,189,4568,69
2021-04-10,Orange,059,3164182,251948,251139,11317,262456,4818
2021-04-10,Placer,061,380077,22012,21402,1392,22794,278
2021-04-10,Plumas,063,18699,672,666,11,677,4
2021-04-10,Riverside,065,2383286,288199,285082,14450,299532,4336
2021-04-10,Sacramento,067,1510023,100767,100048,1560,101608,1566
2021-04-10,San Benito,069,59416,5938,5932,111,6043,62
2021-04-10,San Bernardino,071,2135413,289713,288590,9104,297694,4489
2021-04-10,San Diego,073,3302833,273525,273058,13899,286957,3613
2021-04-10,San Francisco,075,870044,35692,35774,1315,37089,498
2021-04-10,San Joaquin,077,732212,70514,69852,3466,73318,1288
2021-04-10,San Luis Obispo,079,281455,20628,20461,676,21137,253
2021-04-10,San Mateo,081,765935,41290,40878,450,41328,350
2021-04-10,Santa Barbara,083,443738,33797,33541,1212,34753,444
2021-04-10,Santa Clara,085,1922200,115320,116015,701,116716,1923
2021-04-10,Santa Cruz,087,273765,15886,15360,867,16227,203
2021-04-10,Shasta,089,179085,11481,11492,1441,12933,189
2021-04-10,Sierra,091,2930,53,51,14,65,0
2021-04-10,Siskiyou,093,43540,1584,1512,291,1803,7
2021-04-10,Solano,095,438530,31340,31218,441,31659,238
2021-04-10,Sonoma,097,501317,29384,29469,297,29766,310
2021-04-10,Stanislaus,099,539301,53736,53596,5905,59501,707
2021-04-10,Sutter,101,95872,9233,9214,86,9300,106
2021-04-10,Tehama,103,63373,4851,4820,553,5373,52
2021-04-10,Trinity,105,12862,382,324,60,384,3
2021-04-10,Tulare,107,460477,48936,48470,9157,57627,824
2021-04-10,Tuolumne,109,53932,3993,3991,34,4025,57
2021-04-10,Ventura,111,848112,79979,79758,3013,82771,985
2021-04-10,Yolo,113,214977,13506,13494,270,13764,198
2021-04-10,Yuba,115,75493,5779,5757,117,5874,43
2021-04-09,Alameda,001,1643700,84864,84404,1929,86333,1237
2021-04-09,Alpine,003,1148,86,85,0,85,0
2021-04-09,Amador,005,37829,3618,3600,34,3634,46
2021-04-09,Butte,007,227075,11749,11454,1772,13226,193
2021-04-09,Calaveras,009,45235,2034,2028,12,2040,50
2021-04-09,Colusa,011,21464,1898,1898,287,2185,14
2021-04-09,Contra Costa,013,1133247,66636,65857,1216,67073,777
2021-04-09,Del Norte,015,27424,1223,1207,6,1213,6
2021-04-09,El Dorado,017,186661,9599,9528,683,10211,106
2021-04-09,Fresno,019,978130,100061,100027,8666,108693,1630
2021-04-09,Glenn,021,27897,2355,2337,551,2888,17
2021-04-09,Humboldt,023,135768,3531,3496,25,3521,35
2021-04-09,Imperial,025,180216,27820,27764,2794,30558,717
2021-04-09,Inyo,027,18085,1389,1386,3,1389,36
2021-04-09,Kern,029,883053,95489,94675,10832,105507,1282
2021-04-09,Kings,031,150075,22666,22595,1136,23731,242
2021-04-09,Lake,033,64148,3400,3362,9,3371,43
2021-04-09,Lassen,035,31185,5144,5140,107,5247,1
2021-04-09,Los Angeles,037,10098052,1189779,1184501,42795,1227296,23458
2021-04-09,Madera,039,155013,16253,16118,930,17048,231
2021-04-09,Marin,041,260295,13749,13721,234,13955,226
2021-04-09,Mariposa,043,17540,400,393,6,399,5
2021-04-09,Mendocino,045,87422,3770,3693,71,3764,46
2021-04-09,Merced,047,269075,30158,30179,967,31146,435
2021-04-09,Modoc,049,8938,363,352,120,472,3
2021-04-09,Mono,051,14174,1232,1247,12,1259,3
2021-04-09,Monterey,053,433212,42596,42481,1863,44344,344
2021-04-09,Napa,055,140530,9610,9574,33,9607,80
2021-04-09,Nevada,057,99092,4437,4373,189,4562,69
2021-04-09,Orange,059,3164182,251874,250852,11312,262164,4813
2021-04-09,Placer,061,380077,21981,21327,1384,22711,278
2021-04-09,Plumas,063,18699,671,666,11,677,4
2021-04-09,Riverside,065,2383286,288116,284562,14444,299006,4325
2021-04-09,Sacramento,067,1510023,100614,99722,1552,101274,1564
2021-04-09,San Benito,069,59416,5933,5925,110,6035,62
2021-04-09,San Bernardino,071,2135413,289644,288000,9101,297101,4467
2021-04-09,San Diego,073,3302833,273327,272697,13857,286554,3600
2021-04-09,San Francisco,075,870044,35650,35716,1310,37026,497
2021-04-09,San Joaquin,077,732212,70451,69675,3454,73129,1281
2021-04-09,San Luis Obispo,079,281455,20615,20427,675,21102,252
2021-04-09,San Mateo,081,765935,41254,40800,449,41249,350
2021-04-09,Santa Barbara,083,443738,33774,33424,1209,34633,444
2021-04-09,Santa Clara,085,1922200,115236,115749,699,116448,1923
2021-04-09,Santa Cruz,087,273765,15881,15331,867,16198,203
2021-04-09,Shasta,089,179085,11471,11478,1438,12916,188
2021-04-09,Sierra,091,2930,53,51,14,65,0
2021-04-09,Siskiyou,093,43540,1581,1510,290,1800,7
2021-04-09,Solano,095,438530,31307,31166,436,31602,238
2021-04-09,Sonoma,097,501317,29371,29433,297,29730,310
2021-04-09,Stanislaus,099,539301,53681,53504,5896,59400,705
2021-04-09,Sutter,101,95872,9226,9201,86,9287,106
2021-04-09,Tehama,103,63373,4845,4806,553,5359,52
2021-04-09,Trinity,105,12862,381,324,60,384,3
2021-04-09,Tulare,107,460477,48932,48430,9151,57581,824
2021-04-09,Tuolumne,109,53932,3992,3986,34,4020,57
2021-04-09,Ventura,111,848112,79951,79698,3013,82711,987
2021-04-09,Yolo,113,214977,13495,13478,268,13746,198
2021-04-09,Yuba,115,75493,5772,5754,117,5871,43
2021-04-08,Alameda,001,1643700,84762,84213,1925,86138,1232
2021-04-08,Alpine,003,1148,86,85,0,85,0
2021-04-08,Amador,005,37829,3614,3595,34,3629,46
2021-04-08,Butte,007,227075,11738,11414,1771,13185,193
2021-04-08,Calaveras,009,45235,2032,2027,12,2039,50
2021-04-08,Colusa,011,21464,1897,1897,287,2184,14
2021-04-08,Contra Costa,013,1133247,66527,65706,1213,66919,775
2021-04-08,Del Norte,015,27424,1217,1201,6,1207,6
2021-04-08,El Dorado,017,186661,9583,9513,677,10190,106
2021-04-08,Fresno,019,978130,99998,99935,8659,108594,1627
2021-04-08,Glenn,021,27897,2353,2337,551,2888,17
2021-04-08,Humboldt,023,135768,3521,3486,25,3511,35
2021-04-08,Imperial,025,180216,27793,27744,2791,30535,713
2021-04-08,Inyo,027,18085,1388,1386,3,1389,36
2021-04-08,Kern,029,883053,95444,94493,10819,105312,1281
2021-04-08,Kings,031,150075,22660,22589,1133,23722,243
2021-04-08,Lake,033,64148,3393,3360,9,3369,43
2021-04-08,Lassen,035,31185,5143,5136,107,5243,1
2021-04-08,Los Angeles,037,10098052,1189281,1184443,42756,1227199,23416
2021-04-08,Madera,039,155013,16241,16103,930,17033,231
2021-04-08,Marin,041,260295,13742,13704,234,13938,226
2021-04-08,Mariposa,043,17540,399,393,6,399,5
2021-04-08,Mendocino,045,87422,3768,3690,71,3761,45
2021-04-08,Merced,047,269075,30136,30163,967,31130,430
2021-04-08,Modoc,049,8938,363,352,120,472,3
2021-04-08,Mono,051,14174,1230,1247,12,1259,3
2021-04-08,Monterey,053,433212,42575,42437,1858,44295,342
2021-04-08,Napa,055,140530,9593,9569,33,9602,80
2021-04-08,Nevada,057,99092,4426,4367,189,4556,69
2021-04-08,Orange,059,3164182,251767,250529,11296,261825,4797
2021-04-08,Placer,061,380077,21940,21258,1375,22633,277
2021-04-08,Plumas,063,18699,671,665,11,676,4
2021-04-08,Riverside,065,2383286,288005,283853,14439,298292,4296
2021-04-08,Sacramento,067,1510023,100475,99319,1540,100859,1561
2021-04-08,San Benito,069,59416,5930,5914,108,6022,62
2021-04-08,San Bernardino,071,2135413,289546,287190,9098,296288,4445
2021-04-08,San Diego,073,3302833,273098,272495,13821,286316,3592
2021-04-08,San Francisco,075,870044,35627,35657,1309,36966,494
2021-04-08,San Joaquin,077,732212,70381,69479,3448,72927,1279
2021-04-08,San Luis Obispo,079,281455,20596,20402,672,21074,252
2021-04-08,San Mateo,081,765935,41214,40749,449,41198,350
2021-04-08,Santa Barbara,083,443738,33750,33309,1208,34517,444
2021-04-08,Santa Clara,085,1922200,115130,115487,698,116185,1905
2021-04-08,Santa Cruz,087,273765,15875,15296,867,16163,203
2021-04-08,Shasta,089,179085,11461,11466,1434,12900,186
2021-04-08,Sierra,091,2930,53,51,14,65,0
2021-04-08,Siskiyou,093,43540,1578,1511,290,1801,7
2021-04-08,Solano,095,438530,31258,31120,436,31556,238
2021-04-08,Sonoma,097,501317,29351,29410,296,29706,310
2021-04-08,Stanislaus,099,539301,53603,53401,5886,59287,706
2021-04-08,Sutter,101,95872,9222,9195,86,9281,106
2021-04-08,Tehama,103,63373,4841,4802,553,5355,52
2021-04-08,Trinity,105,12862,381,324,60,384,3
2021-04-08,Tulare,107,460477,48919,48409,9140,57549,821
2021-04-08,Tuolumne,109,53932,3992,3986,34,4020,57
2021-04-08,Ventura,111,848112,79914,79626,3009,82635,986
2021-04-08,Yolo,113,214977,13486,13468,267,13735,198
2021-04-08,Yuba,115,75493,5768,5743,117,5860,43
2021-04-07,Alameda,001,1643700,84679,84130,1921,86051,1224
2021-04-07,Alpine,003,1148,86,85,0,85,0
2021-04-07,Amador,005,37829,3611,3590,34,3624,46
2021-04-07,Butte,007,227075,11734,11405,1768,13173,193
2021-04-07,Calaveras,009,45235,2028,2022,12,2034,50
2021-04-07,Colusa,011,21464,1893,1894,286,2180,14
2021-04-07,Contra Costa,013,1133247,66441,65619,1212,66831,775
2021-04-07,Del Norte,015,27424,1215,1198,6,1204,6
2021-04-07,El Dorado,017,186661,9562,9500,672,10172,106
2021-04-07,Fresno,019,978130,99933,99865,8649,108514,1627
2021-04-07,Glenn,021,27897,2350,2337,550,2887,17
2021-04-07,Humboldt,023,135768,3509,3484,25,3509,35
2021-04-07,Imperial,025,180216,27769,27704,2785,30489,713
2021-04-07,Inyo,027,18085,1387,1386,3,1389,36
2021-04-07,Kern,029,883053,95408,94456,10804,105260,1275
2021-04-07,Kings,031,150075,22658,22589,1133,23722,243
2021-04-07,Lake,033,64148,3391,3358,9,3367,43
2021-04-07,Lassen,035,31185,5143,5137,107,5244,1
2021-04-07,Los Angeles,037,10098052,1188849,1183862,42731,1226593,23372
2021-04-07,Madera,039,155013,16222,16090,929,17019,231
2021-04-07,Marin,041,260295,13731,13688,232,13920,225
2021-04-07,Mariposa,043,17540,398,391,6,397,5
2021-04-07,Mendocino,045,87422,3767,3691,71,3762,45
2021-04-07,Merced,047,269075,30112,30132,963,31095,430
2021-04-07,Modoc,049,8938,363,351,120,471,3
2021-04-07,Mono,051,14174,1230,1246,12,1258,3
2021-04-07,Monterey,053,433212,42557,42427,1857,44284,341
2021-04-07,Napa,055,140530,9579,9556,33,9589,80
2021-04-07,Nevada,057,99092,4420,4364,189,4553,69
2021-04-07,Orange,059,3164182,251645,250378,11272,261650,4778
2021-04-07,Placer,061,380077,21895,21227,1367,22594,276
2021-04-07,Plumas,063,18699,671,665,11,676,4
2021-04-07,Riverside,065,2383286,287895,283749,14429,298178,4285
2021-04-07,Sacramento,067,1510023,100307,99202,1534,100736,1544
2021-04-07,San Benito,069,59416,5925,5912,107,6019,62
2021-04-07,San Bernardino,071,2135413,289427,286978,9093,296071,4433
2021-04-07,San Diego,073,3302833,272873,272195,13792,285987,3588
2021-04-07,San Francisco,075,870044,35587,35618,1305,36923,493
2021-04-07,San Joaquin,077,732212,70312,69375,3443,72818,1278
2021-04-07,San Luis Obispo,079,281455,20570,20373,669,21042,252
2021-04-07,San Mateo,081,765935,41170,40693,449,41142,350
2021-04-07,Santa Barbara,083,443738,33725,33289,1205,34494,444
2021-04-07,Santa Clara,085,1922200,115000,115311,696,116007,1900
2021-04-07,Santa Cruz,087,273765,15865,15275,866,16141,203
2021-04-07,Shasta,089,179085,11449,11456,1429,12885,184
2021-04-07,Sierra,091,2930,53,51,14,65,0
2021-04-07,Siskiyou,093,43540,1572,1512,289,1801,7
2021-04-07,Solano,095,438530,31208,31097,435,31532,238
2021-04-07,Sonoma,097,501317,29333,29394,295,29689,310
2021-04-07,Stanislaus,099,539301,53535,53344,5876,59220,686
2021-04-07,Sutter,101,95872,9219,9188,86,9274,106
2021-04-07,Tehama,103,63373,4833,4802,550,5352,52
2021-04-07,Trinity,105,12862,381,322,60,382,3
2021-04-07,Tulare,107,460477,48906,48386,9128,57514,820
2021-04-07,Tuolumne,109,53932,3990,3982,34,4016,57
2021-04-07,Ventura,111,848112,79880,79595,3007,82602,986
2021-04-07,Yolo,113,214977,13470,13450,265,13715,198
2021-04-07,Yuba,115,75493,5764,5737,117,5854,43
2021-04-06,Alameda,001,1643700,84567,84091,1916,86007,1223
2021-04-06,Alpine,003,1148,86,85,0,85,0
2021-04-06,Amador,005,37829,3610,3587,34,3621,45
2021-04-06,Butte,007,227075,11719,11396,1767,13163,193
2021-04-06,Calaveras,009,45235,2025,2021,12,2033,50
2021-04-06,Colusa,011,21464,1891,1894,284,2178,14
2021-04-06,Contra Costa,013,1133247,66364,65575,1211,66786,774
2021-04-06,Del Norte,015,27424,1210,1197,6,1203,6
2021-04-06,El Dorado,017,186661,9532,9489,670,10159,106
2021-04-06,Fresno,019,978130,99869,99814,8643,108457,1626
2021-04-06,Glenn,021,27897,2349,2335,550,2885,17
2021-04-06,Humboldt,023,135768,3500,3477,25,3502,35
2021-04-06,Imperial,025,180216,27736,27661,2775,30436,713
2021-04-06,Inyo,027,18085,1387,1379,3,1382,36
2021-04-06,Kern,029,883053,95364,94422,10798,105220,1259
2021-04-06,Kings,031,150075,22652,22587,1133,23720,240
2021-04-06,Lake,033,64148,3388,3358,9,3367,43
2021-04-06,Lassen,035,31185,5141,5137,107,5244,1
2021-04-06,Los Angeles,037,10098052,1188344,1183499,42686,1226185,23323
2021-04-06,Madera,039,155013,16203,16085,924,17009,230
2021-04-06,Marin,041,260295,13722,13675,229,13904,224
2021-04-06,Mariposa,043,17540,398,390,6,396,5
2021-04-06,Mendocino,045,87422,3765,3686,71,3757,45
2021-04-06,Merced,047,269075,30083,30100,958,31058,430
2021-04-06,Modoc,049,8938,362,351,120,471,3
2021-04-06,Mono,051,14174,1230,1246,12,1258,3
2021-04-06,Monterey,053,433212,42548,42412,1856,44268,341
2021-04-06,Napa,055,140530,9560,9509,33,9542,78
2021-04-06,Nevada,057,99092,4410,4356,187,4543,69
2021-04-06,Orange,059,3164182,251538,250304,11257,261561,4771
2021-04-06,Placer,061,380077,21848,21184,1364,22548,276
2021-04-06,Plumas,063,18699,671,665,11,676,4
2021-04-06,Riverside,065,2383286,287718,283622,14418,298040,4264
2021-04-06,Sacramento,067,1510023,100099,99110,1525,100635,1537
2021-04-06,San Benito,069,59416,5916,5907,107,6014,62
2021-04-06,San Bernardino,071,2135413,289316,286792,9083,295875,4428
2021-04-06,San Diego,073,3302833,272611,271867,13764,285631,3585
2021-04-06,San Francisco,075,870044,35544,35572,1305,36877,488
2021-04-06,San Joaquin,077,732212,70229,69316,3430,72746,1278
2021-04-06,San Luis Obispo,079,281455,20549,20350,665,21015,252
2021-04-06,San Mateo,081,765935,41122,40649,448,41097,350
2021-04-06,Santa Barbara,083,443738,33707,33257,1204,34461,443
2021-04-06,Santa Clara,085,1922200,114830,115184,694,115878,1900
2021-04-06,Santa Cruz,087,273765,15855,15252,866,16118,203
2021-04-06,Shasta,089,179085,11428,11443,1427,12870,184
2021-04-06,Sierra,091,2930,53,51,14,65,0
2021-04-06,Siskiyou,093,43540,1568,1510,286,1796,7
2021-04-06,Solano,095,438530,31161,31078,434,31512,237
2021-04-06,Sonoma,097,501317,29308,29386,293,29679,311
2021-04-06,Stanislaus,099,539301,53478,53304,5870,59174,686
2021-04-06,Sutter,101,95872,9209,9179,86,9265,106
2021-04-06,Tehama,103,63373,4824,4798,550,5348,52
2021-04-06,Trinity,105,12862,381,321,60,381,3
2021-04-06,Tulare,107,460477,48863,48372,9124,57496,819
2021-04-06,Tuolumne,109,53932,3990,3981,34,4015,57
2021-04-06,Ventura,111,848112,79843,79556,3005,82561,983
2021-04-06,Yolo,113,214977,13457,13443,264,13707,198
2021-04-06,Yuba,115,75493,5760,5733,116,5849,43
2021-04-05,Alameda,001,1643700,84449,84007,1911,85918,1219
2021-04-05,Alpine,003,1148,86,85,0,85,0
2021-04-05,Amador,005,37829,3607,3584,34,3618,45
2021-04-05,Butte,007,227075,11704,11384,1765,13149,193
2021-04-05,Calaveras,009,45235,2021,2019,12,2031,50
2021-04-05,Colusa,011,21464,1891,1894,283,2177,14
2021-04-05,Contra Costa,013,1133247,66298,65457,1209,66666,774
2021-04-05,Del Norte,015,27424,1208,1189,6,1195,6
2021-04-05,El Dorado,017,186661,9517,9463,670,10133,106
2021-04-05,Fresno,019,978130,99782,99755,8634,108389,1622
2021-04-05,Glenn,021,27897,2348,2335,550,2885,17
2021-04-05,Humboldt,023,135768,3491,3475,25,3500,35
2021-04-05,Imperial,025,180216,27705,27604,2769,30373,710
2021-04-05,Inyo,027,18085,1384,1377,3,1380,36
2021-04-05,Kern,029,883053,95310,94401,10772,105173,1249
2021-04-05,Kings,031,150075,22648,22580,1133,23713,239
2021-04-05,Lake,033,64148,3380,3359,9,3368,43
2021-04-05,Lassen,035,31185,5141,5138,106,5244,1
2021-04-05,Los Angeles,037,10098052,1187812,1183200,42634,1225834,23302
2021-04-05,Madera,039,155013,16189,16065,923,16988,230
2021-04-05,Marin,041,260295,13708,13666,225,13891,221
2021-04-05,Mariposa,043,17540,398,390,6,396,5
2021-04-05,Mendocino,045,87422,3763,3687,71,3758,45
2021-04-05,Merced,047,269075,30056,30068,957,31025,427
2021-04-05,Modoc,049,8938,360,346,120,466,3
2021-04-05,Mono,051,14174,1230,1246,12,1258,3
2021-04-05,Monterey,053,433212,42535,42396,1852,44248,341
2021-04-05,Napa,055,140530,9537,9492,33,9525,78
2021-04-05,Nevada,057,99092,4399,4346,187,4533,69
2021-04-05,Orange,059,3164182,251424,250177,11233,261410,4759
2021-04-05,Placer,061,380077,21802,21133,1356,22489,276
2021-04-05,Plumas,063,18699,671,666,11,677,4
2021-04-05,Riverside,065,2383286,287586,283549,14406,297955,4237
2021-04-05,Sacramento,067,1510023,99937,98908,1517,100425,1533
2021-04-05,San Benito,069,59416,5910,5904,107,6011,61
2021-04-05,San Bernardino,071,2135413,289205,286597,9080,295677,4425
2021-04-05,San Diego,073,3302833,272363,271655,13723,285378,3583
2021-04-05,San Francisco,075,870044,35513,35538,1305,36843,488
2021-04-05,San Joaquin,077,732212,70142,69214,3420,72634,1268
2021-04-05,San Luis Obispo,079,281455,20512,20333,665,20998,252
2021-04-05,San Mateo,081,765935,41079,40609,447,41056,350
2021-04-05,Santa Barbara,083,443738,33674,33235,1204,34439,443
2021-04-05,Santa Clara,085,1922200,114665,115091,691,115782,1893
2021-04-05,Santa Cruz,087,273765,15848,15228,866,16094,201
2021-04-05,Shasta,089,179085,11409,11435,1422,12857,184
2021-04-05,Sierra,091,2930,53,50,14,64,0
2021-04-05,Siskiyou,093,43540,1565,1509,284,1793,7
2021-04-05,Solano,095,438530,31121,31026,432,31458,237
2021-04-05,Sonoma,097,501317,29276,29361,291,29652,311
2021-04-05,Stanislaus,099,539301,53398,53238,5867,59105,686
2021-04-05,Sutter,101,95872,9202,9169,86,9255,106
2021-04-05,Tehama,103,63373,4818,4794,550,5344,52
2021-04-05,Trinity,105,12862,380,321,60,381,3
2021-04-05,Tulare,107,460477,48851,48356,9117,57473,818
2021-04-05,Tuolumne,109,53932,3989,3980,34,4014,57
2021-04-05,Ventura,111,848112,79813,79549,3001,82550,983
2021-04-05,Yolo,113,214977,13443,13427,263,13690,198
2021-04-05,Yuba,115,75493,5755,5728,115,5843,43
2021-04-04,Alameda,001,1643700,84330,83951,1906,85857,1219
2021-04-04,Alpine,003,1148,86,85,0,85,0
2021-04-04,Amador,005,37829,3601,3582,34,3616,45
2021-04-04,Butte,007,227075,11689,11375,1764,13139,193
2021-04-04,Calaveras,009,45235,2017,2020,12,2032,50
2021-04-04,Colusa,011,21464,1890,1893,283,2176,14
2021-04-04,Contra Costa,013,1133247,66192,65408,1204,66612,774
2021-04-04,Del Norte,015,27424,1200,1186,6,1192,6
2021-04-04,El Dorado,017,186661,9498,9455,666,10121,106
2021-04-04,Fresno,019,978130,99708,99702,8621,108323,1622
2021-04-04,Glenn,021,27897,2345,2335,549,2884,17
2021-04-04,Humboldt,023,135768,3480,3472,25,3497,35
2021-04-04,Imperial,025,180216,27649,27588,2767,30355,710
2021-04-04,Inyo,027,18085,1380,1377,3,1380,36
2021-04-04,Kern,029,883053,95269,94388,10748,105136,1247
2021-04-04,Kings,031,150075,22646,22580,1132,23712,239
2021-04-04,Lake,033,64148,3374,3355,8,3363,43
2021-04-04,Lassen,035,31185,5140,5138,106,5244,1
2021-04-04,Los Angeles,037,10098052,1187273,1182872,42586,1225458,23301
2021-04-04,Madera,039,155013,16163,16052,919,16971,230
2021-04-04,Marin,041,260295,13695,13663,224,13887,221
2021-04-04,Mariposa,043,17540,398,390,6,396,5
2021-04-04,Mendocino,045,87422,3760,3684,71,3755,45
2021-04-04,Merced,047,269075,30013,30048,954,31002,427
2021-04-04,Modoc,049,8938,360,346,120,466,3
2021-04-04,Mono,051,14174,1229,1245,12,1257,3
2021-04-04,Monterey,053,433212,42518,42391,1851,44242,341
2021-04-04,Napa,055,140530,9525,9486,33,9519,78
2021-04-04,Nevada,057,99092,4387,4337,186,4523,69
2021-04-04,Orange,059,3164182,251288,250117,11218,261335,4759
2021-04-04,Placer,061,380077,21758,21104,1337,22441,276
2021-04-04,Plumas,063,18699,671,666,11,677,4
2021-04-04,Riverside,065,2383286,287463,283537,14402,297939,4237
2021-04-04,Sacramento,067,1510023,99737,98821,1509,100330,1531
2021-04-04,San Benito,069,59416,5900,5901,103,6004,61
2021-04-04,San Bernardino,071,2135413,289064,286561,9072,295633,4423
2021-04-04,San Diego,073,3302833,272052,271528,13681,285209,3583
2021-04-04,San Francisco,075,870044,35459,35525,1302,36827,488
2021-04-04,San Joaquin,077,732212,70041,69147,3408,72555,1268
2021-04-04,San Luis Obispo,079,281455,20480,20328,657,20985,252
2021-04-04,San Mateo,081,765935,41036,40587,444,41031,350
2021-04-04,Santa Barbara,083,443738,33638,33213,1204,34417,443
2021-04-04,Santa Clara,085,1922200,114499,114976,684,115660,1893
2021-04-04,Santa Cruz,087,273765,15839,15219,866,16085,201
2021-04-04,Shasta,089,179085,11383,11433,1421,12854,184
2021-04-04,Sierra,091,2930,53,50,14,64,0
2021-04-04,Siskiyou,093,43540,1562,1509,280,1789,7
2021-04-04,Solano,095,438530,31074,31002,430,31432,237
2021-04-04,Sonoma,097,501317,29244,29340,289,29629,311
2021-04-04,Stanislaus,099,539301,53305,53181,5859,59040,686
2021-04-04,Sutter,101,95872,9195,9164,86,9250,106
2021-04-04,Tehama,103,63373,4806,4792,549,5341,52
2021-04-04,Trinity,105,12862,378,321,60,381,3
2021-04-04,Tulare,107,460477,48836,48343,9109,57452,818
2021-04-04,Tuolumne,109,53932,3981,3980,34,4014,57
2021-04-04,Ventura,111,848112,79770,79526,3000,82526,983
2021-04-04,Yolo,113,214977,13422,13425,262,13687,198
2021-04-04,Yuba,115,75493,5748,5722,115,5837,43
2021-04-03,Alameda,001,1643700,84262,83861,1904,85765,1218
2021-04-03,Alpine,003,1148,86,85,0,85,0
2021-04-03,Amador,005,37829,3598,3577,34,3611,45
2021-04-03,Butte,007,227075,11685,11359,1760,13119,193
2021-04-03,Calaveras,009,45235,2015,2019,12,2031,50
2021-04-03,Colusa,011,21464,1890,1891,283,2174,14
2021-04-03,Contra Costa,013,1133247,66120,65338,1204,66542,774
2021-04-03,Del Norte,015,27424,1195,1183,6,1189,6
2021-04-03,El Dorado,017,186661,9489,9448,665,10113,106
2021-04-03,Fresno,019,978130,99651,99602,8616,108218,1622
2021-04-03,Glenn,021,27897,2345,2334,548,2882,17
2021-04-03,Humboldt,023,135768,3478,3467,25,3492,35
2021-04-03,Imperial,025,180216,27634,27572,2763,30335,710
2021-04-03,Inyo,027,18085,1379,1376,3,1379,36
2021-04-03,Kern,029,883053,95246,94369,10730,105099,1243
2021-04-03,Kings,031,150075,22644,22580,1132,23712,239
2021-04-03,Lake,033,64148,3373,3350,8,3358,43
2021-04-03,Lassen,035,31185,5139,5136,106,5242,1
2021-04-03,Los Angeles,037,10098052,1186975,1182402,42567,1224969,23301
2021-04-03,Madera,039,155013,16154,16051,917,16968,230
2021-04-03,Marin,041,260295,13687,13658,223,13881,221
2021-04-03,Mariposa,043,17540,398,390,5,395,5
2021-04-03,Mendocino,045,87422,3759,3684,71,3755,45
2021-04-03,Merced,047,269075,29998,30031,954,30985,427
2021-04-03,Modoc,049,8938,360,346,120,466,3
2021-04-03,Mono,051,14174,1229,1245,12,1257,3
2021-04-03,Monterey,053,433212,42505,42376,1849,44225,341
2021-04-03,Napa,055,140530,9516,9473,33,9506,78
2021-04-03,Nevada,057,99092,4383,4323,186,4509,69
2021-04-03,Orange,059,3164182,251209,249982,11199,261181,4755
2021-04-03,Placer,061,380077,21727,21060,1333,22393,276
2021-04-03,Plumas,063,18699,671,666,11,677,4
2021-04-03,Riverside,065,2383286,287386,283423,14399,297822,4237
2021-04-03,Sacramento,067,1510023,99629,98660,1503,100163,1531
2021-04-03,San Benito,069,59416,5897,5893,102,5995,61
2021-04-03,San Bernardino,071,2135413,288999,286473,9066,295539,4422
2021-04-03,San Diego,073,3302833,271883,271335,13664,284999,3571
2021-04-03,San Francisco,075,870044,35441,35488,1300,36788,489
2021-04-03,San Joaquin,077,732212,70000,69100,3392,72492,1268
2021-04-03,San Luis Obispo,079,281455,20461,20301,657,20958,252
2021-04-03,San Mateo,081,765935,41011,40560,444,41004,350
2021-04-03,Santa Barbara,083,443738,33612,33172,1203,34375,443
2021-04-03,Santa Clara,085,1922200,114390,114865,682,115547,1893
2021-04-03,Santa Cruz,087,273765,15832,15205,866,16071,201
2021-04-03,Shasta,089,179085,11375,11418,1421,12839,184
2021-04-03,Sierra,091,2930,53,50,14,64,0
2021-04-03,Siskiyou,093,43540,1561,1509,280,1789,7
2021-04-03,Solano,095,438530,31053,30970,427,31397,237
2021-04-03,Sonoma,097,501317,29228,29315,288,29603,311
2021-04-03,Stanislaus,099,539301,53270,53137,5853,58990,686
2021-04-03,Sutter,101,95872,9189,9158,86,9244,106
2021-04-03,Tehama,103,63373,4799,4788,549,5337,52
2021-04-03,Trinity,105,12862,378,321,60,381,3
2021-04-03,Tulare,107,460477,48826,48327,9105,57432,818
2021-04-03,Tuolumne,109,53932,3981,3980,34,4014,57
2021-04-03,Ventura,111,848112,79749,79489,2998,82487,983
2021-04-03,Yolo,113,214977,13416,13414,262,13676,198
2021-04-03,Yuba,115,75493,5742,5716,115,5831,43
2021-04-02,Alameda,001,1643700,84189,83776,1899,85675,1217
2021-04-02,Alpine,003,1148,86,85,0,85,0
2021-04-02,Amador,005,37829,3594,3573,33,3606,45
2021-04-02,Butte,007,227075,11677,11350,1760,13110,193
2021-04-02,Calaveras,009,45235,2015,2010,12,2022,50
2021-04-02,Colusa,011,21464,1890,1891,283,2174,14
2021-04-02,Contra Costa,013,1133247,66056,65299,1203,66502,774
2021-04-02,Del Norte,015,27424,1192,1174,6,1180,6
2021-04-02,El Dorado,017,186661,9476,9437,662,10099,106
2021-04-02,Fresno,019,978130,99597,99551,8605,108156,1620
2021-04-02,Glenn,021,27897,2345,2331,548,2879,17
2021-04-02,Humboldt,023,135768,3474,3465,25,3490,35
2021-04-02,Imperial,025,180216,27623,27553,2755,30308,710
2021-04-02,Inyo,027,18085,1379,1377,3,1380,36
2021-04-02,Kern,029,883053,95229,94348,10726,105074,1233
2021-04-02,Kings,031,150075,22644,22571,1129,23700,239
2021-04-02,Lake,033,64148,3371,3348,8,3356,43
2021-04-02,Lassen,035,31185,5139,5134,106,5240,1
2021-04-02,Los Angeles,037,10098052,1186666,1181682,42543,1224225,23264
2021-04-02,Madera,039,155013,16145,16036,916,16952,230
2021-04-02,Marin,041,260295,13679,13649,223,13872,221
2021-04-02,Mariposa,043,17540,396,390,5,395,5
2021-04-02,Mendocino,045,87422,3756,3682,71,3753,45
2021-04-02,Merced,047,269075,29974,29998,954,30952,426
2021-04-02,Modoc,049,8938,357,346,120,466,3
2021-04-02,Mono,051,14174,1229,1246,12,1258,3
2021-04-02,Monterey,053,433212,42495,42359,1846,44205,341
2021-04-02,Napa,055,140530,9501,9453,33,9486,78
2021-04-02,Nevada,057,99092,4379,4323,186,4509,69
2021-04-02,Orange,059,3164182,251113,249891,11185,261076,4748
2021-04-02,Placer,061,380077,21692,21035,1326,22361,275
2021-04-02,Plumas,063,18699,671,666,11,677,4
2021-04-02,Riverside,065,2383286,287302,283328,14391,297719,4213
2021-04-02,Sacramento,067,1510023,99522,98648,1496,100144,1527
2021-04-02,San Benito,069,59416,5895,5888,100,5988,61
2021-04-02,San Bernardino,071,2135413,288926,286308,9062,295370,4417
2021-04-02,San Diego,073,3302833,271696,271036,13638,284674,3568
2021-04-02,San Francisco,075,870044,35407,35451,1297,36748,488
2021-04-02,San Joaquin,077,732212,69936,68996,3376,72372,1268
2021-04-02,San Luis Obispo,079,281455,20444,20271,656,20927,252
2021-04-02,San Mateo,081,765935,40969,40514,444,40958,350
2021-04-02,Santa Barbara,083,443738,33584,33145,1203,34348,443
2021-04-02,Santa Clara,085,1922200,114279,114777,680,115457,1882
2021-04-02,Santa Cruz,087,273765,15824,15216,866,16082,202
2021-04-02,Shasta,089,179085,11370,11377,1413,12790,181
2021-04-02,Sierra,091,2930,53,50,14,64,0
2021-04-02,Siskiyou,093,43540,1561,1508,279,1787,7
2021-04-02,Solano,095,438530,31024,30951,424,31375,237
2021-04-02,Sonoma,097,501317,29207,29288,287,29575,311
2021-04-02,Stanislaus,099,539301,53226,53073,5846,58919,687
2021-04-02,Sutter,101,95872,9181,9131,86,9217,106
2021-04-02,Tehama,103,63373,4792,4775,548,5323,52
2021-04-02,Trinity,105,12862,378,320,60,380,3
2021-04-02,Tulare,107,460477,48820,48306,9099,57405,818
2021-04-02,Tuolumne,109,53932,3978,3980,34,4014,57
2021-04-02,Ventura,111,848112,79721,79434,2996,82430,982
2021-04-02,Yolo,113,214977,13406,13381,262,13643,197
2021-04-02,Yuba,115,75493,5739,5709,115,5824,44
2021-04-01,Alameda,001,1643700,84107,83574,1894,85468,1216
2021-04-01,Alpine,003,1148,86,85,0,85,0
2021-04-01,Amador,005,37829,3590,3558,33,3591,45
2021-04-01,Butte,007,227075,11659,11328,1758,13086,193
2021-04-01,Calaveras,009,45235,2014,2006,12,2018,50
2021-04-01,Colusa,011,21464,1887,1890,283,2173,14
2021-04-01,Contra Costa,013,1133247,65996,65176,1201,66377,771
2021-04-01,Del Norte,015,27424,1187,1138,6,1144,6
2021-04-01,El Dorado,017,186661,9467,9393,658,10051,106
2021-04-01,Fresno,019,978130,99545,99317,8597,107914,1616
2021-04-01,Glenn,021,27897,2345,2322,547,2869,17
2021-04-01,Humboldt,023,135768,3470,3464,25,3489,35
2021-04-01,Imperial,025,180216,27593,27520,2749,30269,710
2021-04-01,Inyo,027,18085,1378,1374,3,1377,36
2021-04-01,Kern,029,883053,95195,94244,10712,104956,1233
2021-04-01,Kings,031,150075,22637,22560,1128,23688,239
2021-04-01,Lake,033,64148,3366,3337,8,3345,43
2021-04-01,Lassen,035,31185,5138,5132,106,5238,1
2021-04-01,Los Angeles,037,10098052,1186179,1181101,42516,1223617,23220
2021-04-01,Madera,039,155013,16129,16023,916,16939,230
2021-04-01,Marin,041,260295,13669,13635,223,13858,221
2021-04-01,Mariposa,043,17540,394,389,5,394,5
2021-04-01,Mendocino,045,87422,3756,3680,71,3751,45
2021-04-01,Merced,047,269075,29940,29820,954,30774,425
2021-04-01,Modoc,049,8938,356,346,120,466,3
2021-04-01,Mono,051,14174,1229,1245,12,1257,3
2021-04-01,Monterey,053,433212,42487,42324,1844,44168,339
2021-04-01,Napa,055,140530,9489,9410,33,9443,78
2021-04-01,Nevada,057,99092,4369,4288,185,4473,68
2021-04-01,Orange,059,3164182,250994,249617,11167,260784,4742
2021-04-01,Placer,061,380077,21653,20909,1314,22223,274
2021-04-01,Plumas,063,18699,671,664,11,675,4
2021-04-01,Riverside,065,2383286,287200,283128,14389,297517,4193
2021-04-01,Sacramento,067,1510023,99379,97952,1482,99434,1521
2021-04-01,San Benito,069,59416,5887,5878,99,5977,61
2021-04-01,San Bernardino,071,2135413,288810,286086,9053,295139,4404
2021-04-01,San Diego,073,3302833,271472,270540,13607,284147,3555
2021-04-01,San Francisco,075,870044,35387,35386,1293,36679,488
2021-04-01,San Joaquin,077,732212,69854,68802,3368,72170,1262
2021-04-01,San Luis Obispo,079,281455,20416,20235,655,20890,252
2021-04-01,San Mateo,081,765935,40928,40454,444,40898,350
2021-04-01,Santa Barbara,083,443738,33539,33096,1198,34294,443
2021-04-01,Santa Clara,085,1922200,114166,114606,679,115285,1874
2021-04-01,Santa Cruz,087,273765,15809,15271,866,16137,202
2021-04-01,Shasta,089,179085,11355,11355,1407,12762,181
2021-04-01,Sierra,091,2930,53,50,14,64,0
2021-04-01,Siskiyou,093,43540,1559,1507,278,1785,7
2021-04-01,Solano,095,438530,30991,30850,421,31271,237
2021-04-01,Sonoma,097,501317,29176,29241,280,29521,311
2021-04-01,Stanislaus,099,539301,53163,52825,5840,58665,687
2021-04-01,Sutter,101,95872,9169,9105,86,9191,106
2021-04-01,Tehama,103,63373,4786,4764,545,5309,52
2021-04-01,Trinity,105,12862,378,319,60,379,3
2021-04-01,Tulare,107,460477,48797,48279,9089,57368,817
2021-04-01,Tuolumne,109,53932,3977,3978,34,4012,57
2021-04-01,Ventura,111,848112,79697,79369,2995,82364,977
2021-04-01,Yolo,113,214977,13393,13342,262,13604,197
2021-04-01,Yuba,115,75493,5734,5694,115,5809,44
2021-03-31,Alameda,001,1643700,84025,83475,1889,85364,1215
2021-03-31,Alpine,003,1148,86,85,0,85,0
2021-03-31,Amador,005,37829,3587,3556,33,3589,45
2021-03-31,Butte,007,227075,11649,11321,1755,13076,193
2021-03-31,Calaveras,009,45235,2010,2005,12,2017,50
2021-03-31,Colusa,011,21464,1887,1890,283,2173,14
2021-03-31,Contra Costa,013,1133247,65911,65109,1200,66309,769
2021-03-31,Del Norte,015,27424,1178,1129,6,1135,6
2021-03-31,El Dorado,017,186661,9450,9390,658,10048,106
2021-03-31,Fresno,019,978130,99455,99240,8581,107821,1616
2021-03-31,Glenn,021,27897,2340,2318,545,2863,17
2021-03-31,Humboldt,023,135768,3464,3460,25,3485,35
2021-03-31,Imperial,025,180216,27573,27506,2748,30254,710
2021-03-31,Inyo,027,18085,1375,1373,3,1376,35
2021-03-31,Kern,029,883053,95154,94205,10703,104908,1229
2021-03-31,Kings,031,150075,22634,22540,1128,23668,239
2021-03-31,Lake,033,64148,3362,3332,8,3340,43
2021-03-31,Lassen,035,31185,5134,5132,106,5238,1
2021-03-31,Los Angeles,037,10098052,1185718,1180538,42474,1223012,23171
2021-03-31,Madera,039,155013,16115,16015,914,16929,229
2021-03-31,Marin,041,260295,13658,13624,223,13847,221
2021-03-31,Mariposa,043,17540,394,389,5,394,5
2021-03-31,Mendocino,045,87422,3750,3675,71,3746,45
2021-03-31,Merced,047,269075,29911,29780,954,30734,423
2021-03-31,Modoc,049,8938,356,346,120,466,3
2021-03-31,Mono,051,14174,1229,1245,12,1257,3
2021-03-31,Monterey,053,433212,42470,42309,1842,44151,338
2021-03-31,Napa,055,140530,9471,9401,33,9434,78
2021-03-31,Nevada,057,99092,4363,4283,185,4468,68
2021-03-31,Orange,059,3164182,250883,249518,11152,260670,4731
2021-03-31,Placer,061,380077,21604,20885,1306,22191,271
2021-03-31,Plumas,063,18699,670,663,11,674,4
2021-03-31,Riverside,065,2383286,287101,283006,14378,297384,4171
2021-03-31,Sacramento,067,1510023,99204,97760,1474,99234,1519
2021-03-31,San Benito,069,59416,5877,5875,99,5974,61
2021-03-31,San Bernardino,071,2135413,288715,285916,9050,294966,4356
2021-03-31,San Diego,073,3302833,271241,270288,13572,283860,3555
2021-03-31,San Francisco,075,870044,35343,35347,1291,36638,474
2021-03-31,San Joaquin,077,732212,69766,68685,3351,72036,1259
2021-03-31,San Luis Obispo,079,281455,20395,20215,654,20869,251
2021-03-31,San Mateo,081,765935,40898,40423,444,40867,350
2021-03-31,Santa Barbara,083,443738,33508,33052,1196,34248,443
2021-03-31,Santa Clara,085,1922200,114039,114499,679,115178,1874
2021-03-31,Santa Cruz,087,273765,15797,15295,865,16160,201
2021-03-31,Shasta,089,179085,11343,11327,1399,12726,179
2021-03-31,Sierra,091,2930,53,50,14,64,0
2021-03-31,Siskiyou,093,43540,1558,1505,278,1783,7
2021-03-31,Solano,095,438530,30945,30824,420,31244,235
2021-03-31,Sonoma,097,501317,29149,29216,280,29496,311
2021-03-31,Stanislaus,099,539301,53095,52782,5828,58610,687
2021-03-31,Sutter,101,95872,9158,9111,86,9197,106
2021-03-31,Tehama,103,63373,4781,4762,542,5304,52
2021-03-31,Trinity,105,12862,378,319,60,379,3
2021-03-31,Tulare,107,460477,48778,48261,9072,57333,816
2021-03-31,Tuolumne,109,53932,3977,3976,34,4010,57
2021-03-31,Ventura,111,848112,79665,79326,2991,82317,969
2021-03-31,Yolo,113,214977,13375,13359,261,13620,197
2021-03-31,Yuba,115,75493,5727,5686,115,5801,44
2021-03-30,Alameda,001,1643700,83925,83395,1886,85281,1211
2021-03-30,Alpine,003,1148,86,85,0,85,0
2021-03-30,Amador,005,37829,3584,3551,33,3584,45
2021-03-30,Butte,007,227075,11636,11296,1752,13048,193
2021-03-30,Calaveras,009,45235,2006,1997,12,2009,50
2021-03-30,Colusa,011,21464,1886,1890,282,2172,14
2021-03-30,Contra Costa,013,1133247,65823,65041,1198,66239,767
2021-03-30,Del Norte,015,27424,1170,1118,5,1123,6
2021-03-30,El Dorado,017,186661,9431,9381,655,10036,105
2021-03-30,Fresno,019,978130,99392,99156,8569,107725,1609
2021-03-30,Glenn,021,27897,2339,2310,544,2854,17
2021-03-30,Humboldt,023,135768,3461,3461,25,3486,35
2021-03-30,Imperial,025,180216,27544,27471,2746,30217,706
2021-03-30,Inyo,027,18085,1375,1374,3,1377,35
2021-03-30,Kern,029,883053,95113,94151,10694,104845,1221
2021-03-30,Kings,031,150075,22630,22530,1126,23656,238
2021-03-30,Lake,033,64148,3356,3330,8,3338,43
2021-03-30,Lassen,035,31185,5134,5132,106,5238,1
2021-03-30,Los Angeles,037,10098052,1185228,1180044,42449,1222493,23136
2021-03-30,Madera,039,155013,16105,16003,910,16913,229
2021-03-30,Marin,041,260295,13649,13611,215,13826,221
2021-03-30,Mariposa,043,17540,394,388,5,393,5
2021-03-30,Mendocino,045,87422,3748,3670,71,3741,45
2021-03-30,Merced,047,269075,29875,29731,954,30685,423
2021-03-30,Modoc,049,8938,355,346,120,466,3
2021-03-30,Mono,051,14174,1228,1245,12,1257,3
2021-03-30,Monterey,053,433212,42444,42308,1839,44147,338
2021-03-30,Napa,055,140530,9456,9391,33,9424,78
2021-03-30,Nevada,057,99092,4351,4266,184,4450,68
2021-03-30,Orange,059,3164182,250755,249412,11124,260536,4727
2021-03-30,Placer,061,380077,21564,20866,1299,22165,271
2021-03-30,Plumas,063,18699,670,661,11,672,4
2021-03-30,Riverside,065,2383286,286983,282930,14368,297298,4154
2021-03-30,Sacramento,067,1510023,99067,97718,1470,99188,1516
2021-03-30,San Benito,069,59416,5871,5870,99,5969,61
2021-03-30,San Bernardino,071,2135413,288608,285758,9041,294799,4343
2021-03-30,San Diego,073,3302833,271004,269998,13534,283532,3555
2021-03-30,San Francisco,075,870044,35293,35325,1290,36615,474
2021-03-30,San Joaquin,077,732212,69679,68613,3340,71953,1232
2021-03-30,San Luis Obispo,079,281455,20375,20194,654,20848,251
2021-03-30,San Mateo,081,765935,40853,40377,444,40821,349
2021-03-30,Santa Barbara,083,443738,33483,33016,1196,34212,441
2021-03-30,Santa Clara,085,1922200,113917,114413,678,115091,1873
2021-03-30,Santa Cruz,087,273765,15791,15278,865,16143,201
2021-03-30,Shasta,089,179085,11335,11316,1398,12714,184
2021-03-30,Sierra,091,2930,53,50,14,64,0
2021-03-30,Siskiyou,093,43540,1557,1501,278,1779,7
2021-03-30,Solano,095,438530,30916,30802,419,31221,232
2021-03-30,Sonoma,097,501317,29118,29198,280,29478,311
2021-03-30,Stanislaus,099,539301,53017,52690,5820,58510,677
2021-03-30,Sutter,101,95872,9154,9107,85,9192,106
2021-03-30,Tehama,103,63373,4772,4748,541,5289,52
2021-03-30,Trinity,105,12862,378,316,60,376,3
2021-03-30,Tulare,107,460477,48765,48249,9062,57311,815
2021-03-30,Tuolumne,109,53932,3972,3972,34,4006,57
2021-03-30,Ventura,111,848112,79621,79282,2988,82270,958
2021-03-30,Yolo,113,214977,13362,13353,261,13614,195
2021-03-30,Yuba,115,75493,5716,5679,109,5788,42
2021-03-29,Alameda,001,1643700,83824,83338,1885,85223,1211
2021-03-29,Alpine,003,1148,86,85,0,85,0
2021-03-29,Amador,005,37829,3578,3549,33,3582,45
2021-03-29,Butte,007,227075,11627,11291,1749,13040,191
2021-03-29,Calaveras,009,45235,2002,1998,12,2010,50
2021-03-29,Colusa,011,21464,1886,1889,281,2170,14
2021-03-29,Contra Costa,013,1133247,65755,64971,1197,66168,767
2021-03-29,Del Norte,015,27424,1165,1116,4,1120,6
2021-03-29,El Dorado,017,186661,9411,9374,649,10023,105
2021-03-29,Fresno,019,978130,99309,99085,8557,107642,1606
2021-03-29,Glenn,021,27897,2333,2310,544,2854,17
2021-03-29,Humboldt,023,135768,3456,3459,25,3484,34
2021-03-29,Imperial,025,180216,27524,27442,2742,30184,704
2021-03-29,Inyo,027,18085,1375,1372,3,1375,35
2021-03-29,Kern,029,883053,95065,94098,10674,104772,1220
2021-03-29,Kings,031,150075,22618,22522,1125,23647,238
2021-03-29,Lake,033,64148,3353,3325,8,3333,43
2021-03-29,Lassen,035,31185,5134,5131,106,5237,1
2021-03-29,Los Angeles,037,10098052,1184737,1179736,42408,1222144,23108
2021-03-29,Madera,039,155013,16085,15987,908,16895,210
2021-03-29,Marin,041,260295,13637,13600,211,13811,220
2021-03-29,Mariposa,043,17540,393,388,5,393,5
2021-03-29,Mendocino,045,87422,3745,3667,71,3738,45
2021-03-29,Merced,047,269075,29851,29699,954,30653,422
2021-03-29,Modoc,049,8938,354,344,120,464,3
2021-03-29,Mono,051,14174,1227,1243,12,1255,3
2021-03-29,Monterey,053,433212,42428,42305,1834,44139,337
2021-03-29,Napa,055,140530,9440,9379,33,9412,78
2021-03-29,Nevada,057,99092,4344,4258,184,4442,68
2021-03-29,Orange,059,3164182,250643,249295,11112,260407,4713
2021-03-29,Placer,061,380077,21529,20827,1292,22119,267
2021-03-29,Plumas,063,18699,669,660,11,671,4
2021-03-29,Riverside,065,2383286,286894,282867,14366,297233,4133
2021-03-29,Sacramento,067,1510023,98874,97577,1462,99039,1514
2021-03-29,San Benito,069,59416,5864,5865,99,5964,61
2021-03-29,San Bernardino,071,2135413,288510,285615,9037,294652,4335
2021-03-29,San Diego,073,3302833,270738,269771,13508,283279,3547
2021-03-29,San Francisco,075,870044,35259,35291,1286,36577,474
2021-03-29,San Joaquin,077,732212,69594,68537,3326,71863,1211
2021-03-29,San Luis Obispo,079,281455,20340,20176,652,20828,250
2021-03-29,San Mateo,081,765935,40811,40357,443,40800,348
2021-03-29,Santa Barbara,083,443738,33449,32983,1195,34178,439
2021-03-29,Santa Clara,085,1922200,113811,114335,673,115008,1871
2021-03-29,Santa Cruz,087,273765,15780,15249,864,16113,201
2021-03-29,Shasta,089,179085,11317,11313,1396,12709,183
2021-03-29,Sierra,091,2930,53,50,14,64,0
2021-03-29,Siskiyou,093,43540,1556,1497,277,1774,6
2021-03-29,Solano,095,438530,30877,30762,417,31179,232
2021-03-29,Sonoma,097,501317,29095,29184,277,29461,310
2021-03-29,Stanislaus,099,539301,52933,52614,5812,58426,677
2021-03-29,Sutter,101,95872,9147,9105,85,9190,106
2021-03-29,Tehama,103,63373,4764,4742,540,5282,52
2021-03-29,Trinity,105,12862,378,314,60,374,3
2021-03-29,Tulare,107,460477,48738,48226,9051,57277,815
2021-03-29,Tuolumne,109,53932,3970,3969,34,4003,57
2021-03-29,Ventura,111,848112,79580,79252,2987,82239,956
2021-03-29,Yolo,113,214977,13344,13346,261,13607,195
2021-03-29,Yuba,115,75493,5709,5671,108,5779,42
2021-03-28,Alameda,001,1643700,83702,83239,1883,85122,1212
2021-03-28,Alpine,003,1148,86,85,0,85,0
2021-03-28,Amador,005,37829,3574,3541,33,3574,45
2021-03-28,Butte,007,227075,11614,11285,1747,13032,191
2021-03-28,Calaveras,009,45235,1999,1995,12,2007,50
2021-03-28,Colusa,011,21464,1885,1889,281,2170,14
2021-03-28,Contra Costa,013,1133247,65681,64878,1193,66071,767
2021-03-28,Del Norte,015,27424,1158,1107,2,1109,6
2021-03-28,El Dorado,017,186661,9396,9371,647,10018,105
2021-03-28,Fresno,019,978130,99227,99004,8545,107549,1606
2021-03-28,Glenn,021,27897,2330,2309,542,2851,17
2021-03-28,Humboldt,023,135768,3453,3452,24,3476,34
2021-03-28,Imperial,025,180216,27497,27426,2739,30165,704
2021-03-28,Inyo,027,18085,1374,1372,3,1375,35
2021-03-28,Kern,029,883053,95021,94084,10662,104746,1219
2021-03-28,Kings,031,150075,22614,22514,1121,23635,238
2021-03-28,Lake,033,64148,3348,3320,8,3328,43
2021-03-28,Lassen,035,31185,5134,5131,105,5236,1
2021-03-28,Los Angeles,037,10098052,1184188,1179316,42346,1221662,23101
2021-03-28,Madera,039,155013,16070,15973,907,16880,210
2021-03-28,Marin,041,260295,13624,13594,209,13803,221
2021-03-28,Mariposa,043,17540,393,388,5,393,5
2021-03-28,Mendocino,045,87422,3743,3666,71,3737,45
2021-03-28,Merced,047,269075,29794,29679,954,30633,422
2021-03-28,Modoc,049,8938,354,344,120,464,3
2021-03-28,Mono,051,14174,1226,1242,12,1254,3
2021-03-28,Monterey,053,433212,42405,42294,1830,44124,337
2021-03-28,Napa,055,140530,9426,9368,33,9401,78
2021-03-28,Nevada,057,99092,4330,4239,184,4423,68
2021-03-28,Orange,059,3164182,250490,249238,11101,260339,4713
2021-03-28,Placer,061,380077,21486,20796,1285,22081,267
2021-03-28,Plumas,063,18699,667,657,11,668,4
2021-03-28,Riverside,065,2383286,286792,282811,14358,297169,4132
2021-03-28,Sacramento,067,1510023,98700,97425,1456,98881,1514
2021-03-28,San Benito,069,59416,5859,5862,99,5961,61
2021-03-28,San Bernardino,071,2135413,288392,285570,9027,294597,4332
2021-03-28,San Diego,073,3302833,270465,269476,13480,282956,3547
2021-03-28,San Francisco,075,870044,35212,35286,1282,36568,474
2021-03-28,San Joaquin,077,732212,69469,68459,3306,71765,1211
2021-03-28,San Luis Obispo,079,281455,20305,20172,649,20821,250
2021-03-28,San Mateo,081,765935,40766,40305,442,40747,348
2021-03-28,Santa Barbara,083,443738,33410,32953,1194,34147,439
2021-03-28,Santa Clara,085,1922200,113712,114232,669,114901,1871
2021-03-28,Santa Cruz,087,273765,15766,15238,863,16101,201
2021-03-28,Shasta,089,179085,11291,11308,1385,12693,183
2021-03-28,Sierra,091,2930,53,50,14,64,0
2021-03-28,Siskiyou,093,43540,1556,1497,276,1773,6
2021-03-28,Solano,095,438530,30840,30719,415,31134,232
2021-03-28,Sonoma,097,501317,29060,29161,274,29435,310
2021-03-28,Stanislaus,099,539301,52846,52567,5797,58364,678
2021-03-28,Sutter,101,95872,9138,9094,85,9179,106
2021-03-28,Tehama,103,63373,4754,4740,536,5276,52
2021-03-28,Trinity,105,12862,376,314,59,373,3
2021-03-28,Tulare,107,460477,48709,48218,9045,57263,815
2021-03-28,Tuolumne,109,53932,3968,3969,33,4002,57
2021-03-28,Ventura,111,848112,79528,79222,2982,82204,956
2021-03-28,Yolo,113,214977,13326,13325,260,13585,194
2021-03-28,Yuba,115,75493,5705,5662,108,5770,42
2021-03-27,Alameda,001,1643700,83630,83169,1879,85048,1211
2021-03-27,Alpine,003,1148,86,85,0,85,0
2021-03-27,Amador,005,37829,3569,3538,33,3571,45
2021-03-27,Butte,007,227075,11607,11278,1746,13024,191
2021-03-27,Calaveras,009,45235,1999,1992,12,2004,50
2021-03-27,Colusa,011,21464,1885,1889,281,2170,14
2021-03-27,Contra Costa,013,1133247,65612,64804,1190,65994,767
2021-03-27,Del Norte,015,27424,1148,1104,2,1106,6
2021-03-27,El Dorado,017,186661,9382,9367,647,10014,105
2021-03-27,Fresno,019,978130,99175,98901,8540,107441,1606
2021-03-27,Glenn,021,27897,2329,2308,542,2850,17
2021-03-27,Humboldt,023,135768,3448,3442,24,3466,34
2021-03-27,Imperial,025,180216,27485,27406,2736,30142,704
2021-03-27,Inyo,027,18085,1372,1372,3,1375,35
2021-03-27,Kern,029,883053,95003,94041,10648,104689,1217
2021-03-27,Kings,031,150075,22611,22502,1121,23623,238
2021-03-27,Lake,033,64148,3346,3317,8,3325,43
2021-03-27,Lassen,035,31185,5134,5129,105,5234,1
2021-03-27,Los Angeles,037,10098052,1183875,1178831,42317,1221148,23103
2021-03-27,Madera,039,155013,16063,15968,905,16873,210
2021-03-27,Marin,041,260295,13619,13579,209,13788,222
2021-03-27,Mariposa,043,17540,393,386,5,391,5
2021-03-27,Mendocino,045,87422,3742,3666,71,3737,45
2021-03-27,Merced,047,269075,29761,29647,952,30599,422
2021-03-27,Modoc,049,8938,354,344,120,464,3
2021-03-27,Mono,051,14174,1224,1241,12,1253,3
2021-03-27,Monterey,053,433212,42395,42271,1830,44101,337
2021-03-27,Napa,055,140530,9414,9360,33,9393,78
2021-03-27,Nevada,057,99092,4320,4231,184,4415,68
2021-03-27,Orange,059,3164182,250396,249160,11085,260245,4698
2021-03-27,Placer,061,380077,21466,20717,1278,21995,267
2021-03-27,Plumas,063,18699,666,655,11,666,4
2021-03-27,Riverside,065,2383286,286730,282707,14350,297057,4132
2021-03-27,Sacramento,067,1510023,98610,97247,1454,98701,1513
2021-03-27,San Benito,069,59416,5857,5862,97,5959,61
2021-03-27,San Bernardino,071,2135413,288330,285480,9025,294505,4325
2021-03-27,San Diego,073,3302833,270295,269271,13458,282729,3540
2021-03-27,San Francisco,075,870044,35188,35244,1280,36524,474
2021-03-27,San Joaquin,077,732212,69409,68365,3297,71662,1211
2021-03-27,San Luis Obispo,079,281455,20294,20153,646,20799,250
2021-03-27,San Mateo,081,765935,40743,40264,442,40706,348
2021-03-27,Santa Barbara,083,443738,33387,32921,1194,34115,439
2021-03-27,Santa Clara,085,1922200,113615,114124,667,114791,1871
2021-03-27,Santa Cruz,087,273765,15760,15215,863,16078,201
2021-03-27,Shasta,089,179085,11280,11288,1383,12671,183
2021-03-27,Sierra,091,2930,53,50,14,64,0
2021-03-27,Siskiyou,093,43540,1556,1497,276,1773,6
2021-03-27,Solano,095,438530,30812,30669,414,31083,232
2021-03-27,Sonoma,097,501317,29045,29133,272,29405,310
2021-03-27,Stanislaus,099,539301,52782,52497,5789,58286,678
2021-03-27,Sutter,101,95872,9130,9093,85,9178,106
2021-03-27,Tehama,103,63373,4748,4738,534,5272,52
2021-03-27,Trinity,105,12862,376,313,59,372,3
2021-03-27,Tulare,107,460477,48693,48203,9037,57240,813
2021-03-27,Tuolumne,109,53932,3965,3968,33,4001,57
2021-03-27,Ventura,111,848112,79501,79184,2980,82164,956
2021-03-27,Yolo,113,214977,13321,13317,259,13576,194
2021-03-27,Yuba,115,75493,5703,5657,108,5765,42
2021-03-26,Alameda,001,1643700,83568,83043,1877,84920,1208
2021-03-26,Alpine,003,1148,86,85,0,85,0
2021-03-26,Amador,005,37829,3564,3532,33,3565,45
2021-03-26,Butte,007,227075,11597,11278,1746,13024,191
2021-03-26,Calaveras,009,45235,1998,1989,12,2001,50
2021-03-26,Colusa,011,21464,1885,1889,281,2170,14
2021-03-26,Contra Costa,013,1133247,65552,64699,1188,65887,761
2021-03-26,Del Norte,015,27424,1145,1101,2,1103,6
2021-03-26,El Dorado,017,186661,9377,9353,647,10000,105
2021-03-26,Fresno,019,978130,99115,98731,8528,107259,1601
2021-03-26,Glenn,021,27897,2329,2307,541,2848,17
2021-03-26,Humboldt,023,135768,3446,3431,24,3455,34
2021-03-26,Imperial,025,180216,27461,27374,2736,30110,701
2021-03-26,Inyo,027,18085,1371,1369,3,1372,35
2021-03-26,Kern,029,883053,94977,93949,10642,104591,1211
2021-03-26,Kings,031,150075,22603,22493,1119,23612,239
2021-03-26,Lake,033,64148,3345,3314,8,3322,43
2021-03-26,Lassen,035,31185,5133,5131,105,5236,1
2021-03-26,Los Angeles,037,10098052,1183540,1178213,42302,1220515,23080
2021-03-26,Madera,039,155013,16053,15952,905,16857,210
2021-03-26,Marin,041,260295,13613,13553,204,13757,221
2021-03-26,Mariposa,043,17540,393,386,5,391,5
2021-03-26,Mendocino,045,87422,3741,3664,71,3735,45
2021-03-26,Merced,047,269075,29738,29613,950,30563,419
2021-03-26,Modoc,049,8938,354,344,120,464,3
2021-03-26,Mono,051,14174,1223,1236,12,1248,3
2021-03-26,Monterey,053,433212,42382,42241,1826,44067,338
2021-03-26,Napa,055,140530,9404,9349,33,9382,78
2021-03-26,Nevada,057,99092,4300,4222,184,4406,83
2021-03-26,Orange,059,3164182,250333,248995,11071,260066,4671
2021-03-26,Placer,061,380077,21440,20679,1276,21955,259
2021-03-26,Plumas,063,18699,665,654,11,665,4
2021-03-26,Riverside,065,2383286,286652,282602,14344,296946,4109
2021-03-26,Sacramento,067,1510023,98510,97040,1449,98489,1509
2021-03-26,San Benito,069,59416,5854,5855,97,5952,61
2021-03-26,San Bernardino,071,2135413,288275,285313,9022,294335,4288
2021-03-26,San Diego,073,3302833,270117,269045,13432,282477,3525
2021-03-26,San Francisco,075,870044,35163,35186,1280,36466,472
2021-03-26,San Joaquin,077,732212,69347,68249,3292,71541,1202
2021-03-26,San Luis Obispo,079,281455,20281,20118,646,20764,250
2021-03-26,San Mateo,081,765935,40708,40199,442,40641,348
2021-03-26,Santa Barbara,083,443738,33357,32895,1194,34089,439
2021-03-26,Santa Clara,085,1922200,113517,113959,666,114625,1868
2021-03-26,Santa Cruz,087,273765,15746,15199,862,16061,201
2021-03-26,Shasta,089,179085,11271,11276,1377,12653,182
2021-03-26,Sierra,091,2930,53,50,14,64,0
2021-03-26,Siskiyou,093,43540,1556,1493,275,1768,6
2021-03-26,Solano,095,438530,30787,30640,414,31054,205
2021-03-26,Sonoma,097,501317,29029,29101,269,29370,310
2021-03-26,Stanislaus,099,539301,52714,52420,5785,58205,678
2021-03-26,Sutter,101,95872,9128,9082,85,9167,104
2021-03-26,Tehama,103,63373,4747,4722,533,5255,51
2021-03-26,Trinity,105,12862,376,311,59,370,3
2021-03-26,Tulare,107,460477,48679,48179,9028,57207,813
2021-03-26,Tuolumne,109,53932,3964,3965,33,3998,57
2021-03-26,Ventura,111,848112,79468,79122,2978,82100,953
2021-03-26,Yolo,113,214977,13313,13299,257,13556,194
2021-03-26,Yuba,115,75493,5693,5653,108,5761,42
2021-03-25,Alameda,001,1643700,83470,82945,1875,84820,1206
2021-03-25,Alpine,003,1148,86,84,0,84,0
2021-03-25,Amador,005,37829,3562,3530,33,3563,45
2021-03-25,Butte,007,227075,11587,11270,1746,13016,188
2021-03-25,Calaveras,009,45235,1993,1982,12,1994,50
2021-03-25,Colusa,011,21464,1885,1888,281,2169,14
2021-03-25,Contra Costa,013,1133247,65485,64606,1184,65790,757
2021-03-25,Del Norte,015,27424,1139,1095,2,1097,6
2021-03-25,El Dorado,017,186661,9367,9331,647,9978,105
2021-03-25,Fresno,019,978130,98999,98602,8513,107115,1593
2021-03-25,Glenn,021,27897,2328,2302,540,2842,17
2021-03-25,Humboldt,023,135768,3441,3423,24,3447,34
2021-03-25,Imperial,025,180216,27445,27352,2735,30087,699
2021-03-25,Inyo,027,18085,1371,1369,3,1372,35
2021-03-25,Kern,029,883053,94945,93857,10637,104494,1206
2021-03-25,Kings,031,150075,22593,22472,1119,23591,237
2021-03-25,Lake,033,64148,3340,3312,8,3320,43
2021-03-25,Lassen,035,31185,5133,5129,105,5234,1
2021-03-25,Los Angeles,037,10098052,1183113,1177490,42264,1219754,23051
2021-03-25,Madera,039,155013,16034,15937,903,16840,210
2021-03-25,Marin,041,260295,13604,13538,201,13739,219
2021-03-25,Mariposa,043,17540,393,386,5,391,5
2021-03-25,Mendocino,045,87422,3740,3664,71,3735,45
2021-03-25,Merced,047,269075,29704,29576,941,30517,416
2021-03-25,Modoc,049,8938,354,343,120,463,3
2021-03-25,Mono,051,14174,1223,1235,12,1247,3
2021-03-25,Monterey,053,433212,42361,42220,1821,44041,336
2021-03-25,Napa,055,140530,9385,9321,33,9354,78
2021-03-25,Nevada,057,99092,4282,4202,182,4384,84
2021-03-25,Orange,059,3164182,250220,248871,11050,259921,4655
2021-03-25,Placer,061,380077,21401,20639,1269,21908,252
2021-03-25,Plumas,063,18699,665,654,11,665,4
2021-03-25,Riverside,065,2383286,286555,282492,14333,296825,4078
2021-03-25,Sacramento,067,1510023,98366,96823,1446,98269,1505
2021-03-25,San Benito,069,59416,5851,5850,97,5947,61
2021-03-25,San Bernardino,071,2135413,288194,285134,9017,294151,4222
2021-03-25,San Diego,073,3302833,269890,268623,13401,282024,3520
2021-03-25,San Francisco,075,870044,35124,35154,1278,36432,468
2021-03-25,San Joaquin,077,732212,69251,68089,3243,71332,1196
2021-03-25,San Luis Obispo,079,281455,20264,20076,645,20721,250
2021-03-25,San Mateo,081,765935,40668,40147,442,40589,348
2021-03-25,Santa Barbara,083,443738,33330,32857,1194,34051,439
2021-03-25,Santa Clara,085,1922200,113414,113877,664,114541,1868
2021-03-25,Santa Cruz,087,273765,15725,15170,862,16032,201
2021-03-25,Shasta,089,179085,11254,11262,1375,12637,181
2021-03-25,Sierra,091,2930,53,50,14,64,0
2021-03-25,Siskiyou,093,43540,1554,1491,274,1765,6
2021-03-25,Solano,095,438530,30727,30583,412,30995,193
2021-03-25,Sonoma,097,501317,28995,29060,265,29325,310
2021-03-25,Stanislaus,099,539301,52647,52321,5778,58099,678
2021-03-25,Sutter,101,95872,9119,9069,85,9154,104
2021-03-25,Tehama,103,63373,4745,4719,532,5251,52
2021-03-25,Trinity,105,12862,376,310,59,369,3
2021-03-25,Tulare,107,460477,48654,48148,9015,57163,811
2021-03-25,Tuolumne,109,53932,3963,3962,33,3995,57
2021-03-25,Ventura,111,848112,79428,79045,2974,82019,952
2021-03-25,Yolo,113,214977,13306,13287,257,13544,194
2021-03-25,Yuba,115,75493,5687,5647,102,5749,42
2021-03-24,Alameda,001,1643700,83375,82871,1872,84743,1199
2021-03-24,Alpine,003,1148,86,84,0,84,0
2021-03-24,Amador,005,37829,3556,3529,33,3562,45
2021-03-24,Butte,007,227075,11577,11252,1742,12994,187
2021-03-24,Calaveras,009,45235,1989,1975,12,1987,50
2021-03-24,Colusa,011,21464,1885,1886,280,2166,14
2021-03-24,Contra Costa,013,1133247,65405,64539,1183,65722,755
2021-03-24,Del Norte,015,27424,1134,1087,2,1089,6
2021-03-24,El Dorado,017,186661,9361,9319,646,9965,105
2021-03-24,Fresno,019,978130,98910,98437,8498,106935,1585
2021-03-24,Glenn,021,27897,2327,2297,539,2836,17
2021-03-24,Humboldt,023,135768,3438,3414,24,3438,34
2021-03-24,Imperial,025,180216,27436,27325,2735,30060,699
2021-03-24,Inyo,027,18085,1371,1368,3,1371,35
2021-03-24,Kern,029,883053,94897,93800,10628,104428,1198
2021-03-24,Kings,031,150075,22578,22456,1117,23573,237
2021-03-24,Lake,033,64148,3336,3307,8,3315,43
2021-03-24,Lassen,035,31185,5131,5130,104,5234,1
2021-03-24,Los Angeles,037,10098052,1182641,1177015,42227,1219242,22993
2021-03-24,Madera,039,155013,16025,15918,902,16820,210
2021-03-24,Marin,041,260295,13591,13526,199,13725,219
2021-03-24,Mariposa,043,17540,393,384,5,389,5
2021-03-24,Mendocino,045,87422,3737,3660,71,3731,45
2021-03-24,Merced,047,269075,29663,29525,941,30466,415
2021-03-24,Modoc,049,8938,353,341,120,461,3
2021-03-24,Mono,051,14174,1222,1243,12,1255,3
2021-03-24,Monterey,053,433212,42339,42201,1818,44019,335
2021-03-24,Napa,055,140530,9365,9310,33,9343,78
2021-03-24,Nevada,057,99092,4268,4191,181,4372,85
2021-03-24,Orange,059,3164182,250104,248775,11031,259806,4638
2021-03-24,Placer,061,380077,21371,20606,1261,21867,250
2021-03-24,Plumas,063,18699,663,652,11,663,4
2021-03-24,Riverside,065,2383286,286472,282410,14331,296741,4058
2021-03-24,Sacramento,067,1510023,98193,96628,1434,98062,1500
2021-03-24,San Benito,069,59416,5850,5847,97,5944,61
2021-03-24,San Bernardino,071,2135413,288109,284983,9015,293998,4170
2021-03-24,San Diego,073,3302833,269675,268413,13373,281786,3509
2021-03-24,San Francisco,075,870044,35096,35103,1275,36378,462
2021-03-24,San Joaquin,077,732212,69180,67978,3231,71209,1196
2021-03-24,San Luis Obispo,079,281455,20234,20021,644,20665,250
2021-03-24,San Mateo,081,765935,40618,40083,442,40525,348
2021-03-24,Santa Barbara,083,443738,33303,32810,1194,34004,438
2021-03-24,Santa Clara,085,1922200,113300,113757,660,114417,1851
2021-03-24,Santa Cruz,087,273765,15712,15138,860,15998,202
2021-03-24,Shasta,089,179085,11235,11243,1373,12616,181
2021-03-24,Sierra,091,2930,53,50,14,64,0
2021-03-24,Siskiyou,093,43540,1552,1490,274,1764,6
2021-03-24,Solano,095,438530,30690,30552,411,30963,178
2021-03-24,Sonoma,097,501317,28976,29034,260,29294,310
2021-03-24,Stanislaus,099,539301,52571,52259,5770,58029,677
2021-03-24,Sutter,101,95872,9103,9049,85,9134,104
2021-03-24,Tehama,103,63373,4739,4719,531,5250,49
2021-03-24,Trinity,105,12862,375,310,59,369,3
2021-03-24,Tulare,107,460477,48644,48109,9002,57111,808
2021-03-24,Tuolumne,109,53932,3962,3961,33,3994,57
2021-03-24,Ventura,111,848112,79376,78993,2967,81960,944
2021-03-24,Yolo,113,214977,13295,13269,257,13526,194
2021-03-24,Yuba,115,75493,5681,5634,99,5733,42
2021-03-23,Alameda,001,1643700,83272,82799,1868,84667,1190
2021-03-23,Alpine,003,1148,86,84,0,84,0
2021-03-23,Amador,005,37829,3550,3524,33,3557,45
2021-03-23,Butte,007,227075,11566,11227,1741,12968,187
2021-03-23,Calaveras,009,45235,1989,1971,12,1983,50
2021-03-23,Colusa,011,21464,1883,1885,279,2164,14
2021-03-23,Contra Costa,013,1133247,65306,64491,1182,65673,750
2021-03-23,Del Norte,015,27424,1129,1082,2,1084,6
2021-03-23,El Dorado,017,186661,9351,9318,644,9962,105
2021-03-23,Fresno,019,978130,98799,98362,8473,106835,1575
2021-03-23,Glenn,021,27897,2322,2293,537,2830,17
2021-03-23,Humboldt,023,135768,3429,3405,24,3429,34
2021-03-23,Imperial,025,180216,27428,27320,2735,30055,699
2021-03-23,Inyo,027,18085,1369,1364,3,1367,35
2021-03-23,Kern,029,883053,94790,93728,10621,104349,1191
2021-03-23,Kings,031,150075,22567,22439,1115,23554,237
2021-03-23,Lake,033,64148,3334,3294,8,3302,43
2021-03-23,Lassen,035,31185,5131,5130,104,5234,1
2021-03-23,Los Angeles,037,10098052,1182128,1176572,42187,1218759,22904
2021-03-23,Madera,039,155013,16009,15908,901,16809,210
2021-03-23,Marin,041,260295,13568,13514,197,13711,221
2021-03-23,Mariposa,043,17540,392,384,5,389,5
2021-03-23,Mendocino,045,87422,3735,3652,71,3723,45
2021-03-23,Merced,047,269075,29631,29485,941,30426,415
2021-03-23,Modoc,049,8938,352,342,120,462,3
2021-03-23,Mono,051,14174,1221,1263,12,1275,3
2021-03-23,Monterey,053,433212,42328,42180,1816,43996,335
2021-03-23,Napa,055,140530,9340,9299,33,9332,78
2021-03-23,Nevada,057,99092,4249,4179,180,4359,89
2021-03-23,Orange,059,3164182,249978,248661,11012,259673,4626
2021-03-23,Placer,061,380077,21337,20567,1257,21824,248
2021-03-23,Plumas,063,18699,663,652,11,663,4
2021-03-23,Riverside,065,2383286,286378,282317,14323,296640,4035
2021-03-23,Sacramento,067,1510023,98002,96521,1429,97950,1496
2021-03-23,San Benito,069,59416,5845,5845,96,5941,61
2021-03-23,San Bernardino,071,2135413,288027,284875,9007,293882,4134
2021-03-23,San Diego,073,3302833,269430,268156,13341,281497,3498
2021-03-23,San Francisco,075,870044,35039,35071,1268,36339,462
2021-03-23,San Joaquin,077,732212,69083,67903,3213,71116,1182
2021-03-23,San Luis Obispo,079,281455,20194,20009,643,20652,250
2021-03-23,San Mateo,081,765935,40561,40032,441,40473,348
2021-03-23,Santa Barbara,083,443738,33265,32771,1193,33964,438
2021-03-23,Santa Clara,085,1922200,113183,113645,657,114302,1848
2021-03-23,Santa Cruz,087,273765,15697,15106,860,15966,201
2021-03-23,Shasta,089,179085,11222,11234,1372,12606,175
2021-03-23,Sierra,091,2930,53,50,14,64,0
2021-03-23,Siskiyou,093,43540,1547,1485,272,1757,6
2021-03-23,Solano,095,438530,30649,30524,410,30934,178
2021-03-23,Sonoma,097,501317,28940,29020,258,29278,310
2021-03-23,Stanislaus,099,539301,52471,52148,5762,57910,677
2021-03-23,Sutter,101,95872,9095,9039,85,9124,104
2021-03-23,Tehama,103,63373,4728,4707,530,5237,46
2021-03-23,Trinity,105,12862,375,310,59,369,3
2021-03-23,Tulare,107,460477,48617,48095,8985,57080,808
2021-03-23,Tuolumne,109,53932,3959,3957,33,3990,57
2021-03-23,Ventura,111,848112,79315,78930,2964,81894,932
2021-03-23,Yolo,113,214977,13284,13255,257,13512,194
2021-03-23,Yuba,115,75493,5676,5628,99,5727,42
2021-03-22,Alameda,001,1643700,83180,82748,1862,84610,1189
2021-03-22,Alpine,003,1148,85,83,0,83,0
2021-03-22,Amador,005,37829,3542,3522,33,3555,44
2021-03-22,Butte,007,227075,11557,11211,1739,12950,185
2021-03-22,Calaveras,009,45235,1986,1963,12,1975,49
2021-03-22,Colusa,011,21464,1882,1885,278,2163,13
2021-03-22,Contra Costa,013,1133247,65211,64432,1180,65612,740
2021-03-22,Del Norte,015,27424,1123,1082,2,1084,6
2021-03-22,El Dorado,017,186661,9335,9310,641,9951,105
2021-03-22,Fresno,019,978130,98703,98276,8459,106735,1556
2021-03-22,Glenn,021,27897,2314,2291,537,2828,17
2021-03-22,Humboldt,023,135768,3424,3403,24,3427,34
2021-03-22,Imperial,025,180216,27413,27302,2731,30033,699
2021-03-22,Inyo,027,18085,1366,1363,3,1366,35
2021-03-22,Kern,029,883053,94720,93675,10604,104279,1178
2021-03-22,Kings,031,150075,22554,22433,1110,23543,236
2021-03-22,Lake,033,64148,3333,3290,8,3298,43
2021-03-22,Lassen,035,31185,5129,5129,104,5233,1
2021-03-22,Los Angeles,037,10098052,1181623,1176205,42152,1218357,22843
2021-03-22,Madera,039,155013,15994,15904,901,16805,210
2021-03-22,Marin,041,260295,13559,13501,196,13697,221
2021-03-22,Mariposa,043,17540,391,381,5,386,5
2021-03-22,Mendocino,045,87422,3733,3653,71,3724,45
2021-03-22,Merced,047,269075,29588,29468,938,30406,413
2021-03-22,Modoc,049,8938,350,342,120,462,3
2021-03-22,Mono,051,14174,1216,1263,12,1275,3
2021-03-22,Monterey,053,433212,42311,42161,1814,43975,335
2021-03-22,Napa,055,140530,9329,9288,33,9321,77
2021-03-22,Nevada,057,99092,4239,4174,175,4349,89
2021-03-22,Orange,059,3164182,249828,248517,10977,259494,4599
2021-03-22,Placer,061,380077,21301,20543,1252,21795,242
2021-03-22,Plumas,063,18699,663,652,11,663,4
2021-03-22,Riverside,065,2383286,286285,282242,14312,296554,4009
2021-03-22,Sacramento,067,1510023,97824,96385,1419,97804,1493
2021-03-22,San Benito,069,59416,5842,5844,95,5939,61
2021-03-22,San Bernardino,071,2135413,287940,284771,8994,293765,4107
2021-03-22,San Diego,073,3302833,269219,267913,13321,281234,3494
2021-03-22,San Francisco,075,870044,34997,35040,1264,36304,462
2021-03-22,San Joaquin,077,732212,68992,67815,3194,71009,1182
2021-03-22,San Luis Obispo,079,281455,20170,20000,642,20642,250
2021-03-22,San Mateo,081,765935,40511,40024,439,40463,348
2021-03-22,Santa Barbara,083,443738,33220,32756,1190,33946,437
2021-03-22,Santa Clara,085,1922200,113064,113575,657,114232,1845
2021-03-22,Santa Cruz,087,273765,15685,15077,859,15936,201
2021-03-22,Shasta,089,179085,11208,11218,1371,12589,150
2021-03-22,Sierra,091,2930,53,50,14,64,0
2021-03-22,Siskiyou,093,43540,1546,1487,271,1758,5
2021-03-22,Solano,095,438530,30610,30490,406,30896,171
2021-03-22,Sonoma,097,501317,28911,29010,254,29264,310
2021-03-22,Stanislaus,099,539301,52387,52083,5757,57840,677
2021-03-22,Sutter,101,95872,9082,9024,85,9109,104
2021-03-22,Tehama,103,63373,4720,4704,530,5234,45
2021-03-22,Trinity,105,12862,375,310,59,369,3
2021-03-22,Tulare,107,460477,48602,48074,8964,57038,807
2021-03-22,Tuolumne,109,53932,3956,3954,33,3987,57
2021-03-22,Ventura,111,848112,79267,78890,2961,81851,927
2021-03-22,Yolo,113,214977,13272,13243,256,13499,190
2021-03-22,Yuba,115,75493,5665,5627,97,5724,42
2021-03-21,Alameda,001,1643700,83092,82684,1859,84543,1187
2021-03-21,Alpine,003,1148,85,83,0,83,0
2021-03-21,Amador,005,37829,3538,3519,33,3552,44
2021-03-21,Butte,007,227075,11541,11208,1733,12941,185
2021-03-21,Calaveras,009,45235,1983,1962,12,1974,49
2021-03-21,Colusa,011,21464,1882,1885,278,2163,13
2021-03-21,Contra Costa,013,1133247,65129,64382,1176,65558,740
2021-03-21,Del Norte,015,27424,1108,1076,2,1078,6
2021-03-21,El Dorado,017,186661,9325,9302,636,9938,105
2021-03-21,Fresno,019,978130,98591,98211,8435,106646,1556
2021-03-21,Glenn,021,27897,2311,2288,536,2824,17
2021-03-21,Humboldt,023,135768,3419,3402,24,3426,34
2021-03-21,Imperial,025,180216,27396,27267,2722,29989,699
2021-03-21,Inyo,027,18085,1366,1363,3,1366,35
2021-03-21,Kern,029,883053,94656,93649,10593,104242,1170
2021-03-21,Kings,031,150075,22537,22422,1109,23531,236
2021-03-21,Lake,033,64148,3329,3286,8,3294,43
2021-03-21,Lassen,035,31185,5129,5129,104,5233,1
2021-03-21,Los Angeles,037,10098052,1181100,1175684,42101,1217785,22834
2021-03-21,Madera,039,155013,15975,15895,899,16794,210
2021-03-21,Marin,041,260295,13543,13495,195,13690,220
2021-03-21,Mariposa,043,17540,391,381,5,386,5
2021-03-21,Mendocino,045,87422,3730,3651,71,3722,45
2021-03-21,Merced,047,269075,29528,29446,932,30378,413
2021-03-21,Modoc,049,8938,350,341,120,461,3
2021-03-21,Mono,051,14174,1211,1263,12,1275,3
2021-03-21,Monterey,053,433212,42286,42153,1811,43964,335
2021-03-21,Napa,055,140530,9309,9282,33,9315,77
2021-03-21,Nevada,057,99092,4226,4169,175,4344,89
2021-03-21,Orange,059,3164182,249696,248442,10949,259391,4598
2021-03-21,Placer,061,380077,21265,20520,1244,21764,242
2021-03-21,Plumas,063,18699,663,653,11,664,4
2021-03-21,Riverside,065,2383286,286180,282187,14300,296487,4009
2021-03-21,Sacramento,067,1510023,97630,96269,1411,97680,1489
2021-03-21,San Benito,069,59416,5836,5842,95,5937,61
2021-03-21,San Bernardino,071,2135413,287852,284732,8988,293720,4094
2021-03-21,San Diego,073,3302833,268959,267724,13295,281019,3494
2021-03-21,San Francisco,075,870044,34950,35012,1257,36269,460
2021-03-21,San Joaquin,077,732212,68870,67729,3176,70905,1182
2021-03-21,San Luis Obispo,079,281455,20138,19979,640,20619,250
2021-03-21,San Mateo,081,765935,40466,39988,438,40426,344
2021-03-21,Santa Barbara,083,443738,33181,32743,1188,33931,437
2021-03-21,Santa Clara,085,1922200,112935,113487,654,114141,1840
2021-03-21,Santa Cruz,087,273765,15678,15064,859,15923,199
2021-03-21,Shasta,089,179085,11188,11215,1370,12585,150
2021-03-21,Sierra,091,2930,53,50,14,64,0
2021-03-21,Siskiyou,093,43540,1546,1486,270,1756,5
2021-03-21,Solano,095,438530,30570,30474,403,30877,171
2021-03-21,Sonoma,097,501317,28882,28986,253,29239,310
2021-03-21,Stanislaus,099,539301,52297,52014,5756,57770,677
2021-03-21,Sutter,101,95872,9069,9021,85,9106,104
2021-03-21,Tehama,103,63373,4716,4701,530,5231,45
2021-03-21,Trinity,105,12862,373,310,59,369,3
2021-03-21,Tulare,107,460477,48586,48060,8952,57012,807
2021-03-21,Tuolumne,109,53932,3954,3953,33,3986,57
2021-03-21,Ventura,111,848112,79203,78863,2956,81819,927
2021-03-21,Yolo,113,214977,13251,13235,256,13491,190
2021-03-21,Yuba,115,75493,5655,5624,97,5721,42
2021-03-20,Alameda,001,1643700,83023,82614,1857,84471,1178
2021-03-20,Alpine,003,1148,85,83,0,83,0
2021-03-20,Amador,005,37829,3536,3518,33,3551,44
2021-03-20,Butte,007,227075,11535,11199,1731,12930,185
2021-03-20,Calaveras,009,45235,1979,1961,12,1973,49
2021-03-20,Colusa,011,21464,1882,1883,278,2161,12
2021-03-20,Contra Costa,013,1133247,65069,64313,1176,65489,713
2021-03-20,Del Norte,015,27424,1107,1075,2,1077,6
2021-03-20,El Dorado,017,186661,9319,9290,636,9926,105
2021-03-20,Fresno,019,978130,98531,98112,8428,106540,1532
2021-03-20,Glenn,021,27897,2310,2288,534,2822,17
2021-03-20,Humboldt,023,135768,3412,3399,24,3423,33
2021-03-20,Imperial,025,180216,27390,27239,2720,29959,695
2021-03-20,Inyo,027,18085,1366,1362,3,1365,35
2021-03-20,Kern,029,883053,94627,93606,10588,104194,1155
2021-03-20,Kings,031,150075,22532,22415,1108,23523,236
2021-03-20,Lake,033,64148,3325,3280,8,3288,43
2021-03-20,Lassen,035,31185,5129,5128,104,5232,1
2021-03-20,Los Angeles,037,10098052,1180804,1175290,42073,1217363,22810
2021-03-20,Madera,039,155013,15967,15891,898,16789,210
2021-03-20,Marin,041,260295,13531,13470,191,13661,220
2021-03-20,Mariposa,043,17540,390,381,5,386,5
2021-03-20,Mendocino,045,87422,3729,3639,71,3710,43
2021-03-20,Merced,047,269075,29497,29411,929,30340,412
2021-03-20,Modoc,049,8938,349,341,120,461,3
2021-03-20,Mono,051,14174,1211,1256,12,1268,3
2021-03-20,Monterey,053,433212,42277,42146,1810,43956,334
2021-03-20,Napa,055,140530,9301,9274,33,9307,77
2021-03-20,Nevada,057,99092,4215,4164,174,4338,89
2021-03-20,Orange,059,3164182,249615,248348,10936,259284,4522
2021-03-20,Placer,061,380077,21243,20505,1242,21747,242
2021-03-20,Plumas,063,18699,660,652,11,663,4
2021-03-20,Riverside,065,2383286,286107,282081,14296,296377,4000
2021-03-20,Sacramento,067,1510023,97520,96126,1407,97533,1488
2021-03-20,San Benito,069,59416,5832,5840,95,5935,61
2021-03-20,San Bernardino,071,2135413,287787,284690,8984,293674,3965
2021-03-20,San Diego,073,3302833,268788,267532,13288,280820,3493
2021-03-20,San Francisco,075,870044,34927,34968,1250,36218,453
2021-03-20,San Joaquin,077,732212,68829,67662,3169,70831,1161
2021-03-20,San Luis Obispo,079,281455,20122,19951,634,20585,250
2021-03-20,San Mateo,081,765935,40432,39958,437,40395,344
2021-03-20,Santa Barbara,083,443738,33157,32723,1187,33910,434
2021-03-20,Santa Clara,085,1922200,112843,113384,653,114037,1799
2021-03-20,Santa Cruz,087,273765,15662,15053,859,15912,199
2021-03-20,Shasta,089,179085,11182,11211,1370,12581,147
2021-03-20,Sierra,091,2930,53,50,14,64,0
2021-03-20,Siskiyou,093,43540,1546,1483,270,1753,5
2021-03-20,Solano,095,438530,30540,30439,403,30842,170
2021-03-20,Sonoma,097,501317,28867,28962,252,29214,309
2021-03-20,Stanislaus,099,539301,52242,51925,5748,57673,673
2021-03-20,Sutter,101,95872,9061,9014,85,9099,103
2021-03-20,Tehama,103,63373,4711,4696,528,5224,33
2021-03-20,Trinity,105,12862,372,310,59,369,3
2021-03-20,Tulare,107,460477,48571,48030,8935,56965,804
2021-03-20,Tuolumne,109,53932,3951,3950,33,3983,57
2021-03-20,Ventura,111,848112,79166,78818,2954,81772,922
2021-03-20,Yolo,113,214977,13247,13226,256,13482,190
2021-03-20,Yuba,115,75493,5652,5621,96,5717,42
2021-03-19,Alameda,001,1643700,82950,82499,1855,84354,1187
2021-03-19,Alpine,003,1148,84,82,0,82,0
2021-03-19,Amador,005,37829,3533,3515,33,3548,44
2021-03-19,Butte,007,227075,11526,11191,1728,12919,185
2021-03-19,Calaveras,009,45235,1978,1957,12,1969,49
2021-03-19,Colusa,011,21464,1881,1883,278,2161,12
2021-03-19,Contra Costa,013,1133247,65010,64195,1173,65368,737
2021-03-19,Del Norte,015,27424,1101,1071,0,1071,6
2021-03-19,El Dorado,017,186661,9310,9274,636,9910,105
2021-03-19,Fresno,019,978130,98449,97969,8413,106382,1527
2021-03-19,Glenn,021,27897,2310,2282,534,2816,17
2021-03-19,Humboldt,023,135768,3403,3388,24,3412,33
2021-03-19,Imperial,025,180216,27379,27218,2715,29933,695
2021-03-19,Inyo,027,18085,1364,1356,3,1359,35
2021-03-19,Kern,029,883053,94594,93534,10575,104109,1152
2021-03-19,Kings,031,150075,22523,22369,1105,23474,235
2021-03-19,Lake,033,64148,3319,3262,8,3270,43
2021-03-19,Lassen,035,31185,5129,5126,104,5230,1
2021-03-19,Los Angeles,037,10098052,1180469,1174818,42057,1216875,22752
2021-03-19,Madera,039,155013,15960,15877,897,16774,210
2021-03-19,Marin,041,260295,13519,13441,191,13632,220
2021-03-19,Mariposa,043,17540,389,380,5,385,5
2021-03-19,Mendocino,045,87422,3728,3639,71,3710,45
2021-03-19,Merced,047,269075,29468,29376,928,30304,412
2021-03-19,Modoc,049,8938,349,341,120,461,3
2021-03-19,Mono,051,14174,1209,1244,12,1256,3
2021-03-19,Monterey,053,433212,42268,42125,1808,43933,335
2021-03-19,Napa,055,140530,9289,9256,33,9289,77
2021-03-19,Nevada,057,99092,4204,4156,174,4330,88
2021-03-19,Orange,059,3164182,249516,248146,10923,259069,4501
2021-03-19,Placer,061,380077,21225,20451,1240,21691,242
2021-03-19,Plumas,063,18699,660,650,11,661,4
2021-03-19,Riverside,065,2383286,286025,281937,14291,296228,3989
2021-03-19,Sacramento,067,1510023,97418,95934,1404,97338,1486
2021-03-19,San Benito,069,59416,5832,5845,95,5940,61
2021-03-19,San Bernardino,071,2135413,287716,284501,8982,293483,4017
2021-03-19,San Diego,073,3302833,268653,267173,13278,280451,3491
2021-03-19,San Francisco,075,870044,34881,34936,1247,36183,461
2021-03-19,San Joaquin,077,732212,68759,67515,3155,70670,1180
2021-03-19,San Luis Obispo,079,281455,20102,19913,632,20545,249
2021-03-19,San Mateo,081,765935,40408,39893,437,40330,344
2021-03-19,Santa Barbara,083,443738,33128,32685,1186,33871,435
2021-03-19,Santa Clara,085,1922200,112769,113232,652,113884,1797
2021-03-19,Santa Cruz,087,273765,15655,15026,859,15885,199
2021-03-19,Shasta,089,179085,11175,11104,1368,12472,103
2021-03-19,Sierra,091,2930,52,49,14,63,0
2021-03-19,Siskiyou,093,43540,1546,1480,269,1749,5
2021-03-19,Solano,095,438530,30510,30395,401,30796,172
2021-03-19,Sonoma,097,501317,28846,28932,250,29182,292
2021-03-19,Stanislaus,099,539301,52184,51755,5745,57500,679
2021-03-19,Sutter,101,95872,9059,9005,85,9090,103
2021-03-19,Tehama,103,63373,4703,4685,528,5213,33
2021-03-19,Trinity,105,12862,372,310,59,369,3
2021-03-19,Tulare,107,460477,48548,47989,8912,56901,805
2021-03-19,Tuolumne,109,53932,3948,3946,33,3979,57
2021-03-19,Ventura,111,848112,79128,78753,2949,81702,920
2021-03-19,Yolo,113,214977,13239,13197,256,13453,189
2021-03-19,Yuba,115,75493,5649,5615,95,5710,42
2021-03-18,Alameda,001,1643700,82866,82419,1852,84271,1189
2021-03-18,Alpine,003,1148,84,82,0,82,0
2021-03-18,Amador,005,37829,3529,3513,33,3546,44
2021-03-18,Butte,007,227075,11515,11179,1726,12905,185
2021-03-18,Calaveras,009,45235,1976,1954,12,1966,49
2021-03-18,Colusa,011,21464,1881,1882,278,2160,12
2021-03-18,Contra Costa,013,1133247,64937,64103,1170,65273,739
2021-03-18,Del Norte,015,27424,1092,1059,0,1059,6
2021-03-18,El Dorado,017,186661,9297,9261,635,9896,105
2021-03-18,Fresno,019,978130,98354,97856,8398,106254,1527
2021-03-18,Glenn,021,27897,2306,2275,533,2808,17
2021-03-18,Humboldt,023,135768,3395,3381,24,3405,34
2021-03-18,Imperial,025,180216,27363,27190,2709,29899,695
2021-03-18,Inyo,027,18085,1361,1354,3,1357,35
2021-03-18,Kern,029,883053,94537,93458,10561,104019,1158
2021-03-18,Kings,031,150075,22516,22354,1104,23458,235
2021-03-18,Lake,033,64148,3316,3260,8,3268,43
2021-03-18,Lassen,035,31185,5128,5126,104,5230,1
2021-03-18,Los Angeles,037,10098052,1180040,1174205,42026,1216231,22689
2021-03-18,Madera,039,155013,15948,15860,895,16755,211
2021-03-18,Marin,041,260295,13501,13435,190,13625,219
2021-03-18,Mariposa,043,17540,387,380,5,385,5
2021-03-18,Mendocino,045,87422,3718,3630,71,3701,45
2021-03-18,Merced,047,269075,29433,29317,928,30245,410
2021-03-18,Modoc,049,8938,349,341,120,461,3
2021-03-18,Mono,051,14174,1205,1215,12,1227,3
2021-03-18,Monterey,053,433212,42254,42105,1808,43913,335
2021-03-18,Napa,055,140530,9280,9243,33,9276,77
2021-03-18,Nevada,057,99092,4197,4154,174,4328,74
2021-03-18,Orange,059,3164182,249413,248050,10910,258960,4514
2021-03-18,Placer,061,380077,21193,20421,1237,21658,243
2021-03-18,Plumas,063,18699,658,648,11,659,4
2021-03-18,Riverside,065,2383286,285946,281789,14284,296073,3957
2021-03-18,Sacramento,067,1510023,97270,95819,1400,97219,1481
2021-03-18,San Benito,069,59416,5830,5842,95,5937,61
2021-03-18,San Bernardino,071,2135413,287637,284294,8952,293246,4076
2021-03-18,San Diego,073,3302833,268501,266752,13268,280020,3478
2021-03-18,San Francisco,075,870044,34843,34904,1246,36150,461
2021-03-18,San Joaquin,077,732212,68659,67301,3143,70444,1169
2021-03-18,San Luis Obispo,079,281455,20073,19894,631,20525,249
2021-03-18,San Mateo,081,765935,40367,39874,437,40311,344
2021-03-18,Santa Barbara,083,443738,33086,32640,1186,33826,434
2021-03-18,Santa Clara,085,1922200,112652,113119,648,113767,1808
2021-03-18,Santa Cruz,087,273765,15645,14998,859,15857,198
2021-03-18,Shasta,089,179085,11161,11059,1366,12425,100
2021-03-18,Sierra,091,2930,52,49,14,63,0
2021-03-18,Siskiyou,093,43540,1543,1480,268,1748,5
2021-03-18,Solano,095,438530,30468,30352,398,30750,172
2021-03-18,Sonoma,097,501317,28824,28915,248,29163,292
2021-03-18,Stanislaus,099,539301,52112,51615,5741,57356,682
2021-03-18,Sutter,101,95872,9047,8999,85,9084,103
2021-03-18,Tehama,103,63373,4697,4683,527,5210,35
2021-03-18,Trinity,105,12862,372,310,59,369,3
2021-03-18,Tulare,107,460477,48529,47964,8897,56861,805
2021-03-18,Tuolumne,109,53932,3948,3942,33,3975,57
2021-03-18,Ventura,111,848112,79072,78697,2949,81646,918
2021-03-18,Yolo,113,214977,13226,13183,256,13439,191
2021-03-18,Yuba,115,75493,5645,5612,95,5707,42
2021-03-17,Alameda,001,1643700,82790,82353,1847,84200,1185
2021-03-17,Alpine,003,1148,84,82,0,82,0
2021-03-17,Amador,005,37829,3527,3511,33,3544,44
2021-03-17,Butte,007,227075,11506,11170,1724,12894,185
2021-03-17,Calaveras,009,45235,1975,1946,12,1958,49
2021-03-17,Colusa,011,21464,1880,1882,278,2160,12
2021-03-17,Contra Costa,013,1133247,64867,64026,1169,65195,737
2021-03-17,Del Norte,015,27424,1088,1053,0,1053,6
2021-03-17,El Dorado,017,186661,9287,9252,635,9887,105
2021-03-17,Fresno,019,978130,98244,97727,8379,106106,1507
2021-03-17,Glenn,021,27897,2299,2269,532,2801,17
2021-03-17,Humboldt,023,135768,3387,3365,24,3389,33
2021-03-17,Imperial,025,180216,27346,27168,2707,29875,691
2021-03-17,Inyo,027,18085,1359,1351,3,1354,35
2021-03-17,Kern,029,883053,94481,93392,10548,103940,1149
2021-03-17,Kings,031,150075,22500,22336,1103,23439,233
2021-03-17,Lake,033,64148,3309,3251,8,3259,43
2021-03-17,Lassen,035,31185,5127,5125,104,5229,1
2021-03-17,Los Angeles,037,10098052,1179591,1173416,41992,1215408,22602
2021-03-17,Madera,039,155013,15941,15835,894,16729,214
2021-03-17,Marin,041,260295,13483,13428,189,13617,218
2021-03-17,Mariposa,043,17540,387,379,5,384,5
2021-03-17,Mendocino,045,87422,3714,3625,71,3696,44
2021-03-17,Merced,047,269075,29405,29250,924,30174,408
2021-03-17,Modoc,049,8938,349,341,120,461,3
2021-03-17,Mono,051,14174,1203,1212,12,1224,3
2021-03-17,Monterey,053,433212,42235,42061,1805,43866,334
2021-03-17,Napa,055,140530,9265,9219,33,9252,76
2021-03-17,Nevada,057,99092,4187,4145,174,4319,74
2021-03-17,Orange,059,3164182,249295,247943,10882,258825,4502
2021-03-17,Placer,061,380077,21166,20369,1235,21604,243
2021-03-17,Plumas,063,18699,657,645,11,656,4
2021-03-17,Riverside,065,2383286,285834,281649,14276,295925,3925
2021-03-17,Sacramento,067,1510023,97143,95650,1394,97044,1477
2021-03-17,San Benito,069,59416,5827,5841,95,5936,61
2021-03-17,San Bernardino,071,2135413,287522,284170,8946,293116,4049
2021-03-17,San Diego,073,3302833,268290,266313,13250,279563,3470
2021-03-17,San Francisco,075,870044,34808,34873,1245,36118,457
2021-03-17,San Joaquin,077,732212,68577,67093,3127,70220,1164
2021-03-17,San Luis Obispo,079,281455,20050,19858,627,20485,249
2021-03-17,San Mateo,081,765935,40337,39838,436,40274,344
2021-03-17,Santa Barbara,083,443738,33066,32585,1185,33770,433
2021-03-17,Santa Clara,085,1922200,112559,112983,647,113630,1805
2021-03-17,Santa Cruz,087,273765,15637,14967,859,15826,199
2021-03-17,Shasta,089,179085,11156,11045,1363,12408,100
2021-03-17,Sierra,091,2930,52,49,14,63,0
2021-03-17,Siskiyou,093,43540,1542,1479,266,1745,5
2021-03-17,Solano,095,438530,30442,30320,396,30716,171
2021-03-17,Sonoma,097,501317,28800,28877,247,29124,292
2021-03-17,Stanislaus,099,539301,52039,51524,5734,57258,682
2021-03-17,Sutter,101,95872,9037,8982,85,9067,103
2021-03-17,Tehama,103,63373,4691,4670,527,5197,34
2021-03-17,Trinity,105,12862,372,308,59,367,3
2021-03-17,Tulare,107,460477,48509,47929,8887,56816,805
2021-03-17,Tuolumne,109,53932,3945,3938,33,3971,57
2021-03-17,Ventura,111,848112,79017,78648,2946,81594,916
2021-03-17,Yolo,113,214977,13211,13169,255,13424,190
2021-03-17,Yuba,115,75493,5642,5603,95,5698,42
2021-03-16,Alameda,001,1643700,82675,82259,1845,84104,1177
2021-03-16,Alpine,003,1148,84,82,0,82,0
2021-03-16,Amador,005,37829,3525,3510,33,3543,44
2021-03-16,Butte,007,227075,11494,11154,1723,12877,184
2021-03-16,Calaveras,009,45235,1970,1945,12,1957,49
2021-03-16,Colusa,011,21464,1879,1882,278,2160,12
2021-03-16,Contra Costa,013,1133247,64786,63951,1165,65116,736
2021-03-16,Del Norte,015,27424,1080,1048,0,1048,6
2021-03-16,El Dorado,017,186661,9271,9249,635,9884,105
2021-03-16,Fresno,019,978130,98111,97638,8354,105992,1498
2021-03-16,Glenn,021,27897,2291,2267,528,2795,17
2021-03-16,Humboldt,023,135768,3383,3351,24,3375,33
2021-03-16,Imperial,025,180216,27335,27143,2705,29848,689
2021-03-16,Inyo,027,18085,1358,1346,3,1349,35
2021-03-16,Kern,029,883053,94416,93340,10532,103872,1144
2021-03-16,Kings,031,150075,22464,22320,1102,23422,233
2021-03-16,Lake,033,64148,3301,3246,8,3254,43
2021-03-16,Lassen,035,31185,5126,5126,104,5230,1
2021-03-16,Los Angeles,037,10098052,1179062,1172676,41952,1214628,22527
2021-03-16,Madera,039,155013,15925,15822,892,16714,214
2021-03-16,Marin,041,260295,13465,13419,189,13608,218
2021-03-16,Mariposa,043,17540,384,379,5,384,5
2021-03-16,Mendocino,045,87422,3709,3623,71,3694,44
2021-03-16,Merced,047,269075,29352,29198,923,30121,407
2021-03-16,Modoc,049,8938,349,341,120,461,3
2021-03-16,Mono,051,14174,1202,1207,12,1219,3
2021-03-16,Monterey,053,433212,42216,42023,1805,43828,334
2021-03-16,Napa,055,140530,9255,9209,33,9242,75
2021-03-16,Nevada,057,99092,4178,4132,173,4305,67
2021-03-16,Orange,059,3164182,249160,247843,10862,258705,4479
2021-03-16,Placer,061,380077,21133,20339,1230,21569,240
2021-03-16,Plumas,063,18699,656,643,11,654,4
2021-03-16,Riverside,065,2383286,285728,281540,14263,295803,3893
2021-03-16,Sacramento,067,1510023,97000,95522,1390,96912,1466
2021-03-16,San Benito,069,59416,5822,5831,95,5926,61
2021-03-16,San Bernardino,071,2135413,287393,283980,8938,292918,4032
2021-03-16,San Diego,073,3302833,268058,265903,13237,279140,3462
2021-03-16,San Francisco,075,870044,34779,34833,1240,36073,456
2021-03-16,San Joaquin,077,732212,68475,66856,3114,69970,1163
2021-03-16,San Luis Obispo,079,281455,20021,19832,625,20457,248
2021-03-16,San Mateo,081,765935,40303,39806,435,40241,344
2021-03-16,Santa Barbara,083,443738,33034,32556,1184,33740,433
2021-03-16,Santa Clara,085,1922200,112441,112845,644,113489,1797
2021-03-16,Santa Cruz,087,273765,15631,14926,859,15785,199
2021-03-16,Shasta,089,179085,11140,11035,1360,12395,100
2021-03-16,Sierra,091,2930,51,49,14,63,0
2021-03-16,Siskiyou,093,43540,1538,1477,266,1743,5
2021-03-16,Solano,095,438530,30408,30298,395,30693,171
2021-03-16,Sonoma,097,501317,28768,28850,245,29095,291
2021-03-16,Stanislaus,099,539301,51959,51410,5727,57137,683
2021-03-16,Sutter,101,95872,9029,8970,85,9055,102
2021-03-16,Tehama,103,63373,4687,4660,526,5186,34
2021-03-16,Trinity,105,12862,372,308,58,366,3
2021-03-16,Tulare,107,460477,48461,47895,8879,56774,803
2021-03-16,Tuolumne,109,53932,3942,3938,33,3971,57
2021-03-16,Ventura,111,848112,78950,78671,2939,81610,916
2021-03-16,Yolo,113,214977,13196,13162,255,13417,190
2021-03-16,Yuba,115,75493,5639,5596,94,5690,42
2021-03-15,Alameda,001,1643700,82587,82159,1845,84004,1167
2021-03-15,Alpine,003,1148,84,82,0,82,0
2021-03-15,Amador,005,37829,3524,3506,33,3539,44
2021-03-15,Butte,007,227075,11481,11141,1719,12860,185
2021-03-15,Calaveras,009,45235,1966,1941,12,1953,49
2021-03-15,Colusa,011,21464,1879,1883,278,2161,12
2021-03-15,Contra Costa,013,1133247,64724,63847,1164,65011,732
2021-03-15,Del Norte,015,27424,1077,1048,0,1048,6
2021-03-15,El Dorado,017,186661,9265,9235,634,9869,103
2021-03-15,Fresno,019,978130,97985,97520,8338,105858,1496
2021-03-15,Glenn,021,27897,2286,2261,525,2786,15
2021-03-15,Humboldt,023,135768,3377,3337,24,3361,32
2021-03-15,Imperial,025,180216,27314,27122,2703,29825,684
2021-03-15,Inyo,027,18085,1358,1346,3,1349,35
2021-03-15,Kern,029,883053,94356,93266,10525,103791,1141
2021-03-15,Kings,031,150075,22447,22294,1097,23391,233
2021-03-15,Lake,033,64148,3289,3237,8,3245,43
2021-03-15,Lassen,035,31185,5126,5125,104,5229,1
2021-03-15,Los Angeles,037,10098052,1178503,1172445,41911,1214356,22477
2021-03-15,Madera,039,155013,15914,15806,890,16696,214
2021-03-15,Marin,041,260295,13459,13408,188,13596,218
2021-03-15,Mariposa,043,17540,384,376,5,381,5
2021-03-15,Mendocino,045,87422,3705,3615,71,3686,44
2021-03-15,Merced,047,269075,29312,29169,922,30091,407
2021-03-15,Modoc,049,8938,349,340,120,460,3
2021-03-15,Mono,051,14174,1201,1206,12,1218,3
2021-03-15,Monterey,053,433212,42188,42011,1802,43813,333
2021-03-15,Napa,055,140530,9244,9196,33,9229,75
2021-03-15,Nevada,057,99092,4173,4123,172,4295,66
2021-03-15,Orange,059,3164182,249048,247697,10842,258539,4481
2021-03-15,Placer,061,380077,21110,20308,1230,21538,238
2021-03-15,Plumas,063,18699,656,642,11,653,4
2021-03-15,Riverside,065,2383286,285585,281367,14251,295618,3856
2021-03-15,Sacramento,067,1510023,96847,95414,1384,96798,1463
2021-03-15,San Benito,069,59416,5819,5831,95,5926,61
2021-03-15,San Bernardino,071,2135413,287300,283815,8930,292745,4004
2021-03-15,San Diego,073,3302833,267808,265646,13221,278867,3452
2021-03-15,San Francisco,075,870044,34743,34820,1236,36056,456
2021-03-15,San Joaquin,077,732212,68371,66622,3101,69723,1140
2021-03-15,San Luis Obispo,079,281455,19991,19813,620,20433,247
2021-03-15,San Mateo,081,765935,40249,39765,435,40200,344
2021-03-15,Santa Barbara,083,443738,33012,32529,1181,33710,431
2021-03-15,Santa Clara,085,1922200,112340,112729,642,113371,1798
2021-03-15,Santa Cruz,087,273765,15625,14899,857,15756,200
2021-03-15,Shasta,089,179085,11124,11019,1355,12374,92
2021-03-15,Sierra,091,2930,51,49,14,63,0
2021-03-15,Siskiyou,093,43540,1538,1475,266,1741,5
2021-03-15,Solano,095,438530,30379,30258,394,30652,171
2021-03-15,Sonoma,097,501317,28750,28814,242,29056,285
2021-03-15,Stanislaus,099,539301,51881,51357,5720,57077,683
2021-03-15,Sutter,101,95872,9023,8962,85,9047,102
2021-03-15,Tehama,103,63373,4677,4650,525,5175,34
2021-03-15,Trinity,105,12862,372,308,58,366,3
2021-03-15,Tulare,107,460477,48431,47857,8864,56721,800
2021-03-15,Tuolumne,109,53932,3940,3937,32,3969,57
2021-03-15,Ventura,111,848112,78896,78626,2938,81564,910
2021-03-15,Yolo,113,214977,13177,13131,253,13384,190
2021-03-15,Yuba,115,75493,5634,5585,93,5678,42
2021-03-14,Alameda,001,1643700,82501,82116,1842,83958,1168
2021-03-14,Alpine,003,1148,84,82,0,82,0
2021-03-14,Amador,005,37829,3519,3504,33,3537,44
2021-03-14,Butte,007,227075,11468,11140,1715,12855,185
2021-03-14,Calaveras,009,45235,1962,1939,12,1951,49
2021-03-14,Colusa,011,21464,1879,1883,278,2161,12
2021-03-14,Contra Costa,013,1133247,64620,63808,1162,64970,731
2021-03-14,Del Norte,015,27424,1063,1048,0,1048,6
2021-03-14,El Dorado,017,186661,9255,9231,634,9865,103
2021-03-14,Fresno,019,978130,97878,97461,8319,105780,1496
2021-03-14,Glenn,021,27897,2281,2260,522,2782,15
2021-03-14,Humboldt,023,135768,3363,3335,24,3359,32
2021-03-14,Imperial,025,180216,27296,27122,2699,29821,685
2021-03-14,Inyo,027,18085,1354,1346,3,1349,35
2021-03-14,Kern,029,883053,94275,93252,10505,103757,1141
2021-03-14,Kings,031,150075,22429,22292,1094,23386,232
2021-03-14,Lake,033,64148,3284,3237,8,3245,43
2021-03-14,Lassen,035,31185,5124,5125,104,5229,1
2021-03-14,Los Angeles,037,10098052,1177936,1172100,41872,1213972,22476
2021-03-14,Madera,039,155013,15889,15804,890,16694,214
2021-03-14,Marin,041,260295,13443,13405,186,13591,218
2021-03-14,Mariposa,043,17540,382,376,5,381,5
2021-03-14,Mendocino,045,87422,3700,3613,71,3684,44
2021-03-14,Merced,047,269075,29244,29149,918,30067,407
2021-03-14,Modoc,049,8938,349,340,120,460,3
2021-03-14,Mono,051,14174,1195,1206,12,1218,3
2021-03-14,Monterey,053,433212,42166,42007,1798,43805,333
2021-03-14,Napa,055,140530,9226,9194,33,9227,75
2021-03-14,Nevada,057,99092,4167,4122,170,4292,66
2021-03-14,Orange,059,3164182,248914,247656,10820,258476,4460
2021-03-14,Placer,061,380077,21076,20288,1222,21510,238
2021-03-14,Plumas,063,18699,654,642,11,653,4
2021-03-14,Riverside,065,2383286,285433,281332,14242,295574,3845
2021-03-14,Sacramento,067,1510023,96669,95343,1379,96722,1462
2021-03-14,San Benito,069,59416,5810,5829,95,5924,61
2021-03-14,San Bernardino,071,2135413,287176,283791,8919,292710,3996
2021-03-14,San Diego,073,3302833,267573,265468,13208,278676,3452
2021-03-14,San Francisco,075,870044,34705,34810,1232,36042,455
2021-03-14,San Joaquin,077,732212,68243,66563,3084,69647,1140
2021-03-14,San Luis Obispo,079,281455,19963,19806,618,20424,247
2021-03-14,San Mateo,081,765935,40210,39744,435,40179,342
2021-03-14,Santa Barbara,083,443738,32968,32514,1179,33693,431
2021-03-14,Santa Clara,085,1922200,112212,112648,641,113289,1796
2021-03-14,Santa Cruz,087,273765,15608,14887,855,15742,200
2021-03-14,Shasta,089,179085,11108,11019,1348,12367,92
2021-03-14,Sierra,091,2930,51,49,14,63,0
2021-03-14,Siskiyou,093,43540,1534,1473,265,1738,5
2021-03-14,Solano,095,438530,30347,30230,389,30619,171
2021-03-14,Sonoma,097,501317,28716,28798,238,29036,284
2021-03-14,Stanislaus,099,539301,51761,51306,5711,57017,690
2021-03-14,Sutter,101,95872,9007,8958,85,9043,102
2021-03-14,Tehama,103,63373,4665,4650,524,5174,34
2021-03-14,Trinity,105,12862,371,308,57,365,3
2021-03-14,Tulare,107,460477,48398,47845,8843,56688,800
2021-03-14,Tuolumne,109,53932,3938,3937,32,3969,57
2021-03-14,Ventura,111,848112,78843,78611,2932,81543,910
2021-03-14,Yolo,113,214977,13155,13128,249,13377,189
2021-03-14,Yuba,115,75493,5624,5583,93,5676,42
2021-03-13,Alameda,001,1643700,82441,82010,1842,83852,1168
2021-03-13,Alpine,003,1148,84,82,0,82,0
2021-03-13,Amador,005,37829,3516,3504,33,3537,44
2021-03-13,Butte,007,227075,11459,11131,1714,12845,185
2021-03-13,Calaveras,009,45235,1958,1939,12,1951,49
2021-03-13,Colusa,011,21464,1879,1882,278,2160,12
2021-03-13,Contra Costa,013,1133247,64560,63689,1162,64851,731
2021-03-13,Del Norte,015,27424,1059,1041,0,1041,6
2021-03-13,El Dorado,017,186661,9247,9221,634,9855,103
2021-03-13,Fresno,019,978130,97819,97324,8299,105623,1495
2021-03-13,Glenn,021,27897,2280,2260,521,2781,15
2021-03-13,Humboldt,023,135768,3356,3325,24,3349,32
2021-03-13,Imperial,025,180216,27291,27099,2694,29793,677
2021-03-13,Inyo,027,18085,1353,1344,3,1347,35
2021-03-13,Kern,029,883053,94236,93197,10498,103695,1140
2021-03-13,Kings,031,150075,22413,22265,1093,23358,232
2021-03-13,Lake,033,64148,3277,3234,7,3241,43
2021-03-13,Lassen,035,31185,5124,5125,104,5229,1
2021-03-13,Los Angeles,037,10098052,1177621,1171505,41828,1213333,22451
2021-03-13,Madera,039,155013,15877,15780,890,16670,214
2021-03-13,Marin,041,260295,13437,13391,184,13575,218
2021-03-13,Mariposa,043,17540,381,376,5,381,5
2021-03-13,Mendocino,045,87422,3696,3611,71,3682,44
2021-03-13,Merced,047,269075,29213,29106,918,30024,406
2021-03-13,Modoc,049,8938,349,340,119,459,3
2021-03-13,Mono,051,14174,1195,1207,12,1219,3
2021-03-13,Monterey,053,433212,42156,41989,1796,43785,332
2021-03-13,Napa,055,140530,9220,9190,33,9223,75
2021-03-13,Nevada,057,99092,4160,4111,169,4280,66
2021-03-13,Orange,059,3164182,248834,247514,10804,258318,4423
2021-03-13,Placer,061,380077,21055,20238,1219,21457,239
2021-03-13,Plumas,063,18699,652,642,11,653,4
2021-03-13,Riverside,065,2383286,285346,281191,14234,295425,3848
2021-03-13,Sacramento,067,1510023,96583,95192,1377,96569,1461
2021-03-13,San Benito,069,59416,5807,5823,95,5918,61
2021-03-13,San Bernardino,071,2135413,287123,283727,8913,292640,3972
2021-03-13,San Diego,073,3302833,267418,265270,13194,278464,3444
2021-03-13,San Francisco,075,870044,34688,34784,1223,36007,455
2021-03-13,San Joaquin,077,732212,68187,66480,3062,69542,1141
2021-03-13,San Luis Obispo,079,281455,19945,19789,617,20406,247
2021-03-13,San Mateo,081,765935,40183,39689,434,40123,341
2021-03-13,Santa Barbara,083,443738,32943,32486,1178,33664,431
2021-03-13,Santa Clara,085,1922200,112127,112531,640,113171,1790
2021-03-13,Santa Cruz,087,273765,15601,14875,855,15730,199
2021-03-13,Shasta,089,179085,11100,11021,1345,12366,108
2021-03-13,Sierra,091,2930,50,49,14,63,0
2021-03-13,Siskiyou,093,43540,1533,1470,265,1735,5
2021-03-13,Solano,095,438530,30330,30198,389,30587,171
2021-03-13,Sonoma,097,501317,28696,28762,234,28996,285
2021-03-13,Stanislaus,099,539301,51711,51257,5706,56963,695
2021-03-13,Sutter,101,95872,9000,8948,85,9033,102
2021-03-13,Tehama,103,63373,4663,4647,524,5171,33
2021-03-13,Trinity,105,12862,371,306,57,363,3
2021-03-13,Tulare,107,460477,48373,47818,8834,56652,798
2021-03-13,Tuolumne,109,53932,3935,3937,32,3969,57
2021-03-13,Ventura,111,848112,78794,78693,2932,81625,906
2021-03-13,Yolo,113,214977,13147,13087,248,13335,189
2021-03-13,Yuba,115,75493,5623,5577,93,5670,42
2021-03-12,Alameda,001,1643700,82362,81898,1841,83739,1164
2021-03-12,Alpine,003,1148,84,82,0,82,0
2021-03-12,Amador,005,37829,3513,3503,33,3536,44
2021-03-12,Butte,007,227075,11449,11126,1712,12838,184
2021-03-12,Calaveras,009,45235,1956,1916,12,1928,49
2021-03-12,Colusa,011,21464,1879,1883,278,2161,12
2021-03-12,Contra Costa,013,1133247,64485,63583,1161,64744,728
2021-03-12,Del Norte,015,27424,1053,1033,0,1033,6
2021-03-12,El Dorado,017,186661,9238,9219,634,9853,103
2021-03-12,Fresno,019,978130,97723,97185,8287,105472,1489
2021-03-12,Glenn,021,27897,2279,2258,520,2778,15
2021-03-12,Humboldt,023,135768,3351,3315,24,3339,32
2021-03-12,Imperial,025,180216,27280,27071,2692,29763,677
2021-03-12,Inyo,027,18085,1351,1339,3,1342,35
2021-03-12,Kern,029,883053,94201,93142,10482,103624,1132
2021-03-12,Kings,031,150075,22394,22233,1093,23326,232
2021-03-12,Lake,033,64148,3271,3226,6,3232,43
2021-03-12,Lassen,035,31185,5124,5125,103,5228,1
2021-03-12,Los Angeles,037,10098052,1177224,1170860,41811,1212671,22409
2021-03-12,Madera,039,155013,15865,15761,887,16648,214
2021-03-12,Marin,041,260295,13430,13375,184,13559,218
2021-03-12,Mariposa,043,17540,379,376,5,381,5
2021-03-12,Mendocino,045,87422,3693,3605,71,3676,43
2021-03-12,Merced,047,269075,29182,29064,918,29982,403
2021-03-12,Modoc,049,8938,349,340,119,459,3
2021-03-12,Mono,051,14174,1194,1206,12,1218,3
2021-03-12,Monterey,053,433212,42142,41964,1791,43755,329
2021-03-12,Napa,055,140530,9211,9180,33,9213,75
2021-03-12,Nevada,057,99092,4150,4101,169,4270,66
2021-03-12,Orange,059,3164182,248742,247388,10793,258181,4401
2021-03-12,Placer,061,380077,21022,20210,1214,21424,239
2021-03-12,Plumas,063,18699,651,641,11,652,4
2021-03-12,Riverside,065,2383286,285248,281037,14226,295263,3854
2021-03-12,Sacramento,067,1510023,96459,95061,1370,96431,1460
2021-03-12,San Benito,069,59416,5804,5817,95,5912,61
2021-03-12,San Bernardino,071,2135413,287065,283558,8908,292466,3917
2021-03-12,San Diego,073,3302833,267255,264886,13186,278072,3434
2021-03-12,San Francisco,075,870044,34667,34758,1220,35978,452
2021-03-12,San Joaquin,077,732212,68117,66482,3052,69534,1144
2021-03-12,San Luis Obispo,079,281455,19931,19769,615,20384,247
2021-03-12,San Mateo,081,765935,40147,39638,432,40070,341
2021-03-12,Santa Barbara,083,443738,32920,32457,1175,33632,429
2021-03-12,Santa Clara,085,1922200,112033,112396,639,113035,1766
2021-03-12,Santa Cruz,087,273765,15589,14846,853,15699,195
2021-03-12,Shasta,089,179085,11092,11143,1343,12486,153
2021-03-12,Sierra,091,2930,50,49,14,63,0
2021-03-12,Siskiyou,093,43540,1533,1468,264,1732,5
2021-03-12,Solano,095,438530,30311,30180,388,30568,171
2021-03-12,Sonoma,097,501317,28669,28714,234,28948,285
2021-03-12,Stanislaus,099,539301,51653,51146,5699,56845,701
2021-03-12,Sutter,101,95872,8994,8940,85,9025,101
2021-03-12,Tehama,103,63373,4659,4638,523,5161,33
2021-03-12,Trinity,105,12862,370,306,56,362,3
2021-03-12,Tulare,107,460477,48349,47772,8827,56599,798
2021-03-12,Tuolumne,109,53932,3934,3936,32,3968,57
2021-03-12,Ventura,111,848112,78751,78698,2928,81626,899
2021-03-12,Yolo,113,214977,13137,13061,241,13302,189
2021-03-12,Yuba,115,75493,5616,5563,92,5655,42
2021-03-11,Alameda,001,1643700,82269,81809,1836,83645,1164
2021-03-11,Alpine,003,1148,84,78,0,78,0
2021-03-11,Amador,005,37829,3512,3498,33,3531,42
2021-03-11,Butte,007,227075,11438,11110,1710,12820,185
2021-03-11,Calaveras,009,45235,1953,1915,12,1927,49
2021-03-11,Colusa,011,21464,1879,1883,278,2161,12
2021-03-11,Contra Costa,013,1133247,64412,63469,1159,64628,728
2021-03-11,Del Norte,015,27424,1048,1027,0,1027,6
2021-03-11,El Dorado,017,186661,9224,9211,634,9845,101
2021-03-11,Fresno,019,978130,97608,97026,8259,105285,1481
2021-03-11,Glenn,021,27897,2276,2255,520,2775,15
2021-03-11,Humboldt,023,135768,3334,3302,24,3326,32
2021-03-11,Imperial,025,180216,27272,27045,2688,29733,675
2021-03-11,Inyo,027,18085,1346,1335,3,1338,35
2021-03-11,Kern,029,883053,94146,93052,10443,103495,1121
2021-03-11,Kings,031,150075,22379,22183,1090,23273,230
2021-03-11,Lake,033,64148,3267,3214,6,3220,42
2021-03-11,Lassen,035,31185,5123,5124,103,5227,1
2021-03-11,Los Angeles,037,10098052,1176695,1170111,41777,1211888,22316
2021-03-11,Madera,039,155013,15854,15725,885,16610,214
2021-03-11,Marin,041,260295,13418,13356,183,13539,217
2021-03-11,Mariposa,043,17540,379,376,5,381,5
2021-03-11,Mendocino,045,87422,3686,3604,71,3675,42
2021-03-11,Merced,047,269075,29133,29001,917,29918,401
2021-03-11,Modoc,049,8938,349,340,119,459,3
2021-03-11,Mono,051,14174,1193,1206,12,1218,3
2021-03-11,Monterey,053,433212,42119,41936,1785,43721,329
2021-03-11,Napa,055,140530,9198,9173,33,9206,75
2021-03-11,Nevada,057,99092,4138,4085,167,4252,66
2021-03-11,Orange,059,3164182,248604,247217,10776,257993,4373
2021-03-11,Placer,061,380077,20979,20178,1210,21388,239
2021-03-11,Plumas,063,18699,650,640,11,651,4
2021-03-11,Riverside,065,2383286,285083,280881,14213,295094,3842
2021-03-11,Sacramento,067,1510023,96319,94912,1367,96279,1455
2021-03-11,San Benito,069,59416,5801,5816,95,5911,61
2021-03-11,San Bernardino,071,2135413,286969,283312,8902,292214,3869
2021-03-11,San Diego,073,3302833,267091,264524,13170,277694,3422
2021-03-11,San Francisco,075,870044,34631,34722,1214,35936,452
2021-03-11,San Joaquin,077,732212,68005,66522,3044,69566,1157
2021-03-11,San Luis Obispo,079,281455,19906,19748,614,20362,247
2021-03-11,San Mateo,081,765935,40110,39590,431,40021,341
2021-03-11,Santa Barbara,083,443738,32893,32408,1172,33580,430
2021-03-11,Santa Clara,085,1922200,111903,112246,636,112882,1765
2021-03-11,Santa Cruz,087,273765,15577,14812,852,15664,193
2021-03-11,Shasta,089,179085,11082,11139,1338,12477,158
2021-03-11,Sierra,091,2930,50,48,14,62,0
2021-03-11,Siskiyou,093,43540,1530,1466,264,1730,5
2021-03-11,Solano,095,438530,30284,30138,387,30525,171
2021-03-11,Sonoma,097,501317,28640,28677,234,28911,285
2021-03-11,Stanislaus,099,539301,51569,51038,5691,56729,707
2021-03-11,Sutter,101,95872,8988,8933,85,9018,101
2021-03-11,Tehama,103,63373,4650,4632,522,5154,33
2021-03-11,Trinity,105,12862,369,304,55,359,3
2021-03-11,Tulare,107,460477,48313,47709,8815,56524,797
2021-03-11,Tuolumne,109,53932,3932,3934,32,3966,57
2021-03-11,Ventura,111,848112,78701,78697,2924,81621,889
2021-03-11,Yolo,113,214977,13119,13041,239,13280,190
2021-03-11,Yuba,115,75493,5612,5553,92,5645,42
2021-03-10,Alameda,001,1643700,82161,81701,1830,83531,1160
2021-03-10,Alpine,003,1148,83,78,0,78,0
2021-03-10,Amador,005,37829,3510,3496,33,3529,42
2021-03-10,Butte,007,227075,11428,11096,1710,12806,185
2021-03-10,Calaveras,009,45235,1949,1913,12,1925,48
2021-03-10,Colusa,011,21464,1879,1882,278,2160,12
2021-03-10,Contra Costa,013,1133247,64313,63372,1155,64527,725
2021-03-10,Del Norte,015,27424,1046,1020,0,1020,5
2021-03-10,El Dorado,017,186661,9212,9203,634,9837,100
2021-03-10,Fresno,019,978130,97503,96866,8242,105108,1471
2021-03-10,Glenn,021,27897,2273,2253,518,2771,15
2021-03-10,Humboldt,023,135768,3324,3296,23,3319,32
2021-03-10,Imperial,025,180216,27257,27051,2688,29739,675
2021-03-10,Inyo,027,18085,1346,1328,3,1331,35
2021-03-10,Kern,029,883053,94080,92965,10420,103385,1102
2021-03-10,Kings,031,150075,22360,22166,1088,23254,226
2021-03-10,Lake,033,64148,3257,3207,6,3213,42
2021-03-10,Lassen,035,31185,5123,5120,103,5223,1
2021-03-10,Los Angeles,037,10098052,1176152,1169079,41747,1210826,22199
2021-03-10,Madera,039,155013,15833,15705,882,16587,212
2021-03-10,Marin,041,260295,13408,13348,182,13530,216
2021-03-10,Mariposa,043,17540,379,376,5,381,5
2021-03-10,Mendocino,045,87422,3681,3602,71,3673,42
2021-03-10,Merced,047,269075,29096,28927,915,29842,401
2021-03-10,Modoc,049,8938,348,338,119,457,3
2021-03-10,Mono,051,14174,1190,1204,12,1216,3
2021-03-10,Monterey,053,433212,42097,41920,1781,43701,329
2021-03-10,Napa,055,140530,9189,9165,33,9198,75
2021-03-10,Nevada,057,99092,4134,4074,167,4241,66
2021-03-10,Orange,059,3164182,248460,247075,10756,257831,4342
2021-03-10,Placer,061,380077,20944,20144,1204,21348,239
2021-03-10,Plumas,063,18699,649,639,11,650,4
2021-03-10,Riverside,065,2383286,284946,280708,14199,294907,3822
2021-03-10,Sacramento,067,1510023,96189,94796,1361,96157,1452
2021-03-10,San Benito,069,59416,5792,5811,95,5906,61
2021-03-10,San Bernardino,071,2135413,286880,283140,8895,292035,3841
2021-03-10,San Diego,073,3302833,266870,264094,13158,277252,3413
2021-03-10,San Francisco,075,870044,34597,34688,1205,35893,450
2021-03-10,San Joaquin,077,732212,67904,66483,3026,69509,1156
2021-03-10,San Luis Obispo,079,281455,19882,19710,610,20320,247
2021-03-10,San Mateo,081,765935,40086,39571,431,40002,338
2021-03-10,Santa Barbara,083,443738,32866,32356,1169,33525,429
2021-03-10,Santa Clara,085,1922200,111797,112103,632,112735,1759
2021-03-10,Santa Cruz,087,273765,15562,14790,851,15641,192
2021-03-10,Shasta,089,179085,11072,11125,1335,12460,155
2021-03-10,Sierra,091,2930,50,48,14,62,0
2021-03-10,Siskiyou,093,43540,1528,1458,264,1722,5
2021-03-10,Solano,095,438530,30254,30111,386,30497,170
2021-03-10,Sonoma,097,501317,28605,28638,233,28871,286
2021-03-10,Stanislaus,099,539301,51480,50968,5677,56645,706
2021-03-10,Sutter,101,95872,8977,8918,85,9003,101
2021-03-10,Tehama,103,63373,4640,4623,522,5145,33
2021-03-10,Trinity,105,12862,369,304,55,359,3
2021-03-10,Tulare,107,460477,48265,47659,8796,56455,793
2021-03-10,Tuolumne,109,53932,3931,3931,32,3963,57
2021-03-10,Ventura,111,848112,78624,78609,2922,81531,878
2021-03-10,Yolo,113,214977,13096,13021,238,13259,189
2021-03-10,Yuba,115,75493,5598,5545,91,5636,42
2021-03-09,Alameda,001,1643700,82076,81618,1830,83448,1151
2021-03-09,Alpine,003,1148,83,78,0,78,0
2021-03-09,Amador,005,37829,3508,3494,33,3527,42
2021-03-09,Butte,007,227075,11415,11092,1708,12800,185
2021-03-09,Calaveras,009,45235,1947,1913,12,1925,48
2021-03-09,Colusa,011,21464,1879,1880,278,2158,11
2021-03-09,Contra Costa,013,1133247,64220,63314,1153,64467,723
2021-03-09,Del Norte,015,27424,1038,1017,0,1017,5
2021-03-09,El Dorado,017,186661,9205,9198,634,9832,98
2021-03-09,Fresno,019,978130,97384,96744,8216,104960,1463
2021-03-09,Glenn,021,27897,2269,2251,516,2767,15
2021-03-09,Humboldt,023,135768,3312,3288,22,3310,32
2021-03-09,Imperial,025,180216,27248,27045,2684,29729,675
2021-03-09,Inyo,027,18085,1344,1324,3,1327,35
2021-03-09,Kern,029,883053,94001,92924,10402,103326,1088
2021-03-09,Kings,031,150075,22335,22143,1086,23229,226
2021-03-09,Lake,033,64148,3251,3202,6,3208,42
2021-03-09,Lassen,035,31185,5123,5120,103,5223,1
2021-03-09,Los Angeles,037,10098052,1175560,1167967,41711,1209678,22080
2021-03-09,Madera,039,155013,15822,15701,880,16581,211
2021-03-09,Marin,041,260295,13390,13335,180,13515,214
2021-03-09,Mariposa,043,17540,379,376,5,381,5
2021-03-09,Mendocino,045,87422,3677,3595,71,3666,42
2021-03-09,Merced,047,269075,29035,28876,914,29790,399
2021-03-09,Modoc,049,8938,348,338,118,456,3
2021-03-09,Mono,051,14174,1189,1203,12,1215,3
2021-03-09,Monterey,053,433212,42079,41894,1772,43666,329
2021-03-09,Napa,055,140530,9175,9155,33,9188,75
2021-03-09,Nevada,057,99092,4126,4062,167,4229,66
2021-03-09,Orange,059,3164182,248318,246989,10735,257724,4310
2021-03-09,Placer,061,380077,20902,20122,1200,21322,239
2021-03-09,Plumas,063,18699,646,639,11,650,4
2021-03-09,Riverside,065,2383286,284818,280562,14193,294755,3821
2021-03-09,Sacramento,067,1510023,96022,94720,1355,96075,1442
2021-03-09,San Benito,069,59416,5788,5800,95,5895,61
2021-03-09,San Bernardino,071,2135413,286766,282971,8888,291859,3823
2021-03-09,San Diego,073,3302833,266637,263745,13137,276882,3405
2021-03-09,San Francisco,075,870044,34567,34654,1201,35855,450
2021-03-09,San Joaquin,077,732212,67776,66383,3016,69399,1150
2021-03-09,San Luis Obispo,079,281455,19864,19672,603,20275,245
2021-03-09,San Mateo,081,765935,40039,39535,429,39964,336
2021-03-09,Santa Barbara,083,443738,32825,32314,1167,33481,428
2021-03-09,Santa Clara,085,1922200,111686,111963,627,112590,1756
2021-03-09,Santa Cruz,087,273765,15541,14764,849,15613,188
2021-03-09,Shasta,089,179085,11066,11113,1329,12442,155
2021-03-09,Sierra,091,2930,50,48,14,62,0
2021-03-09,Siskiyou,093,43540,1524,1447,262,1709,5
2021-03-09,Solano,095,438530,30218,30090,384,30474,169
2021-03-09,Sonoma,097,501317,28555,28601,230,28831,284
2021-03-09,Stanislaus,099,539301,51386,50884,5668,56552,703
2021-03-09,Sutter,101,95872,8964,8914,85,8999,101
2021-03-09,Tehama,103,63373,4632,4620,521,5141,33
2021-03-09,Trinity,105,12862,369,304,55,359,3
2021-03-09,Tulare,107,460477,48239,47637,8773,56410,792
2021-03-09,Tuolumne,109,53932,3929,3929,32,3961,56
2021-03-09,Ventura,111,848112,78554,78526,2919,81445,863
2021-03-09,Yolo,113,214977,13085,13015,237,13252,189
2021-03-09,Yuba,115,75493,5591,5539,91,5630,42
2021-03-08,Alameda,001,1643700,81962,81543,1829,83372,1142
2021-03-08,Alpine,003,1148,83,78,0,78,0
2021-03-08,Amador,005,37829,3505,3490,33,3523,42
2021-03-08,Butte,007,227075,11400,11082,1707,12789,185
2021-03-08,Calaveras,009,45235,1946,1909,12,1921,48
2021-03-08,Colusa,011,21464,1879,1877,278,2155,11
2021-03-08,Contra Costa,013,1133247,64127,63240,1153,64393,719
2021-03-08,Del Norte,015,27424,1033,1012,0,1012,5
2021-03-08,El Dorado,017,186661,9202,9188,633,9821,97
2021-03-08,Fresno,019,978130,97289,96665,8192,104857,1442
2021-03-08,Glenn,021,27897,2268,2249,516,2765,15
2021-03-08,Humboldt,023,135768,3298,3278,22,3300,31
2021-03-08,Imperial,025,180216,27241,27033,2681,29714,663
2021-03-08,Inyo,027,18085,1342,1320,3,1323,35
2021-03-08,Kern,029,883053,93934,92857,10381,103238,1087
2021-03-08,Kings,031,150075,22314,22130,1084,23214,226
2021-03-08,Lake,033,64148,3239,3195,6,3201,42
2021-03-08,Lassen,035,31185,5123,5119,103,5222,1
2021-03-08,Los Angeles,037,10098052,1174946,1163409,41677,1205086,21868
2021-03-08,Madera,039,155013,15812,15691,878,16569,211
2021-03-08,Marin,041,260295,13370,13328,178,13506,214
2021-03-08,Mariposa,043,17540,379,376,5,381,5
2021-03-08,Mendocino,045,87422,3675,3590,70,3660,42
2021-03-08,Merced,047,269075,28974,28841,913,29754,398
2021-03-08,Modoc,049,8938,348,338,118,456,3
2021-03-08,Mono,051,14174,1188,1200,12,1212,3
2021-03-08,Monterey,053,433212,42058,41863,1771,43634,328
2021-03-08,Napa,055,140530,9172,9146,33,9179,75
2021-03-08,Nevada,057,99092,4118,4059,167,4226,66
2021-03-08,Orange,059,3164182,248147,246900,10703,257603,4243
2021-03-08,Placer,061,380077,20867,20102,1189,21291,239
2021-03-08,Plumas,063,18699,645,635,11,646,4
2021-03-08,Riverside,065,2383286,284678,280463,14184,294647,3783
2021-03-08,Sacramento,067,1510023,95851,94654,1350,96004,1438
2021-03-08,San Benito,069,59416,5785,5797,95,5892,61
2021-03-08,San Bernardino,071,2135413,286660,282894,8880,291774,3811
2021-03-08,San Diego,073,3302833,266396,263272,13122,276394,3390
2021-03-08,San Francisco,075,870044,34540,34634,1197,35831,446
2021-03-08,San Joaquin,077,732212,67661,66307,3007,69314,1139
2021-03-08,San Luis Obispo,079,281455,19824,19656,599,20255,245
2021-03-08,San Mateo,081,765935,39990,39492,427,39919,335
2021-03-08,Santa Barbara,083,443738,32793,32293,1167,33460,427
2021-03-08,Santa Clara,085,1922200,111559,111882,625,112507,1756
2021-03-08,Santa Cruz,087,273765,15521,14729,849,15578,188
2021-03-08,Shasta,089,179085,11058,11088,1324,12412,155
2021-03-08,Sierra,091,2930,50,48,14,62,0
2021-03-08,Siskiyou,093,43540,1523,1440,262,1702,5
2021-03-08,Solano,095,438530,30178,30068,382,30450,169
2021-03-08,Sonoma,097,501317,28511,28571,229,28800,284
2021-03-08,Stanislaus,099,539301,51306,50825,5663,56488,690
2021-03-08,Sutter,101,95872,8961,8905,85,8990,100
2021-03-08,Tehama,103,63373,4629,4615,520,5135,33
2021-03-08,Trinity,105,12862,368,302,55,357,3
2021-03-08,Tulare,107,460477,48201,47587,8746,56333,791
2021-03-08,Tuolumne,109,53932,3928,3921,32,3953,56
2021-03-08,Ventura,111,848112,78483,78526,2911,81437,852
2021-03-08,Yolo,113,214977,13062,13000,236,13236,189
2021-03-08,Yuba,115,75493,5581,5530,91,5621,42
2021-03-07,Alameda,001,1643700,81843,81413,1828,83241,1145
2021-03-07,Alpine,003,1148,83,78,0,78,0
2021-03-07,Amador,005,37829,3502,3489,33,3522,42
2021-03-07,Butte,007,227075,11385,11075,1706,12781,185
2021-03-07,Calaveras,009,45235,1945,1906,12,1918,48
2021-03-07,Colusa,011,21464,1878,1876,278,2154,11
2021-03-07,Contra Costa,013,1133247,64030,63148,1150,64298,719
2021-03-07,Del Norte,015,27424,1028,1010,0,1010,5
2021-03-07,El Dorado,017,186661,9200,9184,632,9816,97
2021-03-07,Fresno,019,978130,97115,96549,8167,104716,1442
2021-03-07,Glenn,021,27897,2266,2244,516,2760,15
2021-03-07,Humboldt,023,135768,3288,3274,22,3296,31
2021-03-07,Imperial,025,180216,27232,27019,2679,29698,658
2021-03-07,Inyo,027,18085,1339,1320,3,1323,35
2021-03-07,Kern,029,883053,93848,92746,10350,103096,1086
2021-03-07,Kings,031,150075,22294,22103,1082,23185,224
2021-03-07,Lake,033,64148,3233,3192,6,3198,42
2021-03-07,Lassen,035,31185,5122,5119,103,5222,1
2021-03-07,Los Angeles,037,10098052,1174227,1162749,41637,1204386,21857
2021-03-07,Madera,039,155013,15793,15675,878,16553,211
2021-03-07,Marin,041,260295,13362,13313,176,13489,214
2021-03-07,Mariposa,043,17540,378,376,5,381,5
2021-03-07,Mendocino,045,87422,3672,3581,70,3651,42
2021-03-07,Merced,047,269075,28902,28829,909,29738,399
2021-03-07,Modoc,049,8938,348,338,118,456,3
2021-03-07,Mono,051,14174,1186,1199,12,1211,3
2021-03-07,Monterey,053,433212,42037,41858,1768,43626,328
2021-03-07,Napa,055,140530,9162,9137,33,9170,75
2021-03-07,Nevada,057,99092,4104,4052,166,4218,66
2021-03-07,Orange,059,3164182,247958,246771,10675,257446,4218
2021-03-07,Placer,061,380077,20828,20070,1185,21255,239
2021-03-07,Plumas,063,18699,644,635,11,646,4
2021-03-07,Riverside,065,2383286,284533,280379,14174,294553,3779
2021-03-07,Sacramento,067,1510023,95674,94513,1342,95855,1437
2021-03-07,San Benito,069,59416,5778,5795,95,5890,61
2021-03-07,San Bernardino,071,2135413,286510,282860,8874,291734,3810
2021-03-07,San Diego,073,3302833,266114,262965,13098,276063,3390
2021-03-07,San Francisco,075,870044,34506,34594,1192,35786,445
2021-03-07,San Joaquin,077,732212,67526,66252,2993,69245,1139
2021-03-07,San Luis Obispo,079,281455,19786,19614,597,20211,245
2021-03-07,San Mateo,081,765935,39950,39436,424,39860,329
2021-03-07,Santa Barbara,083,443738,32746,32218,1166,33384,425
2021-03-07,Santa Clara,085,1922200,111413,111745,621,112366,1752
2021-03-07,Santa Cruz,087,273765,15499,14715,848,15563,189
2021-03-07,Shasta,089,179085,11045,11083,1316,12399,156
2021-03-07,Sierra,091,2930,49,48,14,62,0
2021-03-07,Siskiyou,093,43540,1520,1435,258,1693,5
2021-03-07,Solano,095,438530,30141,30027,382,30409,169
2021-03-07,Sonoma,097,501317,28462,28533,227,28760,284
2021-03-07,Stanislaus,099,539301,51174,50783,5645,56428,699
2021-03-07,Sutter,101,95872,8951,8900,85,8985,100
2021-03-07,Tehama,103,63373,4619,4614,517,5131,33
2021-03-07,Trinity,105,12862,368,302,55,357,3
2021-03-07,Tulare,107,460477,48144,47569,8713,56282,790
2021-03-07,Tuolumne,109,53932,3927,3922,32,3954,56
2021-03-07,Ventura,111,848112,78385,78487,2907,81394,851
2021-03-07,Yolo,113,214977,13043,12988,236,13224,189
2021-03-07,Yuba,115,75493,5577,5516,91,5607,42
2021-03-06,Alameda,001,1643700,81789,81310,1827,83137,1143
2021-03-06,Alpine,003,1148,83,78,0,78,0
2021-03-06,Amador,005,37829,3498,3487,33,3520,42
2021-03-06,Butte,007,227075,11382,11065,1705,12770,185
2021-03-06,Calaveras,009,45235,1941,1904,12,1916,48
2021-03-06,Colusa,011,21464,1876,1874,278,2152,11
2021-03-06,Contra Costa,013,1133247,63969,63040,1146,64186,719
2021-03-06,Del Norte,015,27424,1023,1000,0,1000,5
2021-03-06,El Dorado,017,186661,9196,9166,632,9798,97
2021-03-06,Fresno,019,978130,97024,96366,8152,104518,1440
2021-03-06,Glenn,021,27897,2266,2241,516,2757,15
2021-03-06,Humboldt,023,135768,3278,3260,22,3282,31
2021-03-06,Imperial,025,180216,27228,27009,2674,29683,658
2021-03-06,Inyo,027,18085,1336,1312,3,1315,35
2021-03-06,Kern,029,883053,93802,92684,10329,103013,1082
2021-03-06,Kings,031,150075,22277,22094,1082,23176,224
2021-03-06,Lake,033,64148,3231,3189,6,3195,42
2021-03-06,Lassen,035,31185,5122,5119,103,5222,1
2021-03-06,Los Angeles,037,10098052,1173795,1161745,41605,1203350,21843
2021-03-06,Madera,039,155013,15784,15646,876,16522,211
2021-03-06,Marin,041,260295,13353,13289,176,13465,213
2021-03-06,Mariposa,043,17540,378,376,5,381,5
2021-03-06,Mendocino,045,87422,3670,3579,70,3649,42
2021-03-06,Merced,047,269075,28860,28771,909,29680,399
2021-03-06,Modoc,049,8938,347,338,118,456,3
2021-03-06,Mono,051,14174,1185,1198,12,1210,3
2021-03-06,Monterey,053,433212,42032,41838,1765,43603,327
2021-03-06,Napa,055,140530,9154,9129,33,9162,75
2021-03-06,Nevada,057,99092,4098,4044,166,4210,66
2021-03-06,Orange,059,3164182,247867,246634,10661,257295,4165
2021-03-06,Placer,061,380077,20805,20030,1183,21213,239
2021-03-06,Plumas,063,18699,644,634,11,645,4
2021-03-06,Riverside,065,2383286,284442,280225,14165,294390,3781
2021-03-06,Sacramento,067,1510023,95585,94332,1333,95665,1436
2021-03-06,San Benito,069,59416,5773,5793,95,5888,61
2021-03-06,San Bernardino,071,2135413,286426,282737,8872,291609,3791
2021-03-06,San Diego,073,3302833,265927,262778,13081,275859,3385
2021-03-06,San Francisco,075,870044,34476,34560,1187,35747,435
2021-03-06,San Joaquin,077,732212,67452,66162,2982,69144,1138
2021-03-06,San Luis Obispo,079,281455,19767,19592,594,20186,245
2021-03-06,San Mateo,081,765935,39926,39384,424,39808,329
2021-03-06,Santa Barbara,083,443738,32715,32176,1165,33341,424
2021-03-06,Santa Clara,085,1922200,111317,111570,619,112189,1749
2021-03-06,Santa Cruz,087,273765,15488,14701,848,15549,188
2021-03-06,Shasta,089,179085,11036,11076,1314,12390,158
2021-03-06,Sierra,091,2930,49,48,14,62,0
2021-03-06,Siskiyou,093,43540,1518,1432,258,1690,5
2021-03-06,Solano,095,438530,30112,30000,381,30381,169
2021-03-06,Sonoma,097,501317,28439,28484,225,28709,284
2021-03-06,Stanislaus,099,539301,51105,50691,5638,56329,711
2021-03-06,Sutter,101,95872,8945,8887,85,8972,100
2021-03-06,Tehama,103,63373,4619,4610,515,5125,33
2021-03-06,Trinity,105,12862,368,302,55,357,3
2021-03-06,Tulare,107,460477,48113,47515,8683,56198,789
2021-03-06,Tuolumne,109,53932,3925,3920,32,3952,56
2021-03-06,Ventura,111,848112,78330,78439,2906,81345,848
2021-03-06,Yolo,113,214977,13037,12951,236,13187,189
2021-03-06,Yuba,115,75493,5568,5504,91,5595,42
2021-03-05,Alameda,001,1643700,81702,81215,1825,83040,1141
2021-03-05,Alpine,003,1148,83,78,0,78,0
2021-03-05,Amador,005,37829,3497,3484,33,3517,42
2021-03-05,Butte,007,227075,11371,11050,1704,12754,185
2021-03-05,Calaveras,009,45235,1937,1902,12,1914,48
2021-03-05,Colusa,011,21464,1876,1874,278,2152,11
2021-03-05,Contra Costa,013,1133247,63889,62886,1143,64029,711
2021-03-05,Del Norte,015,27424,1019,995,0,995,5
2021-03-05,El Dorado,017,186661,9191,9150,631,9781,97
2021-03-05,Fresno,019,978130,96918,96184,8131,104315,1432
2021-03-05,Glenn,021,27897,2261,2241,516,2757,15
2021-03-05,Humboldt,023,135768,3271,3234,22,3256,31
2021-03-05,Imperial,025,180216,27218,26970,2665,29635,651
2021-03-05,Inyo,027,18085,1332,1309,3,1312,35
2021-03-05,Kern,029,883053,93764,92601,10315,102916,1076
2021-03-05,Kings,031,150075,22260,22063,1080,23143,224
2021-03-05,Lake,033,64148,3229,3185,6,3191,42
2021-03-05,Lassen,035,31185,5122,5117,101,5218,1
2021-03-05,Los Angeles,037,10098052,1173310,1160688,41571,1202259,21745
2021-03-05,Madera,039,155013,15774,15624,874,16498,211
2021-03-05,Marin,041,260295,13340,13275,175,13450,215
2021-03-05,Mariposa,043,17540,378,375,5,380,4
2021-03-05,Mendocino,045,87422,3667,3577,70,3647,42
2021-03-05,Merced,047,269075,28826,28734,908,29642,399
2021-03-05,Modoc,049,8938,347,337,118,455,3
2021-03-05,Mono,051,14174,1184,1197,12,1209,3
2021-03-05,Monterey,053,433212,42019,41802,1765,43567,325
2021-03-05,Napa,055,140530,9146,9109,33,9142,75
2021-03-05,Nevada,057,99092,4094,4033,166,4199,66
2021-03-05,Orange,059,3164182,247753,246489,10648,257137,4108
2021-03-05,Placer,061,380077,20779,19973,1179,21152,239
2021-03-05,Plumas,063,18699,644,635,11,646,4
2021-03-05,Riverside,065,2383286,284332,280075,14159,294234,3781
2021-03-05,Sacramento,067,1510023,95489,94182,1326,95508,1430
2021-03-05,San Benito,069,59416,5770,5790,95,5885,61
2021-03-05,San Bernardino,071,2135413,286333,282640,8868,291508,3774
2021-03-05,San Diego,073,3302833,265695,262357,13064,275421,3371
2021-03-05,San Francisco,075,870044,34436,34526,1183,35709,430
2021-03-05,San Joaquin,077,732212,67374,66041,2971,69012,1133
2021-03-05,San Luis Obispo,079,281455,19745,19557,592,20149,244
2021-03-05,San Mateo,081,765935,39894,39305,424,39729,326
2021-03-05,Santa Barbara,083,443738,32680,32139,1160,33299,424
2021-03-05,Santa Clara,085,1922200,111221,111384,619,112003,1745
2021-03-05,Santa Cruz,087,273765,15477,14694,848,15542,188
2021-03-05,Shasta,089,179085,11024,11062,1308,12370,148
2021-03-05,Sierra,091,2930,49,48,14,62,0
2021-03-05,Siskiyou,093,43540,1514,1429,257,1686,5
2021-03-05,Solano,095,438530,30095,29951,379,30330,168
2021-03-05,Sonoma,097,501317,28413,28417,225,28642,279
2021-03-05,Stanislaus,099,539301,51054,50606,5628,56234,721
2021-03-05,Sutter,101,95872,8938,8876,85,8961,100
2021-03-05,Tehama,103,63373,4610,4606,515,5121,33
2021-03-05,Trinity,105,12862,368,302,55,357,3
2021-03-05,Tulare,107,460477,48086,47469,8662,56131,789
2021-03-05,Tuolumne,109,53932,3923,3917,32,3949,56
2021-03-05,Ventura,111,848112,78263,78368,2904,81272,839
2021-03-05,Yolo,113,214977,13025,12920,235,13155,188
2021-03-05,Yuba,115,75493,5556,5496,91,5587,42
2021-03-04,Alameda,001,1643700,81590,81115,1825,82940,1136
2021-03-04,Alpine,003,1148,83,78,0,78,0
2021-03-04,Amador,005,37829,3496,3480,33,3513,42
2021-03-04,Butte,007,227075,11364,11033,1703,12736,185
2021-03-04,Calaveras,009,45235,1936,1896,12,1908,48
2021-03-04,Colusa,011,21464,1874,1873,273,2146,11
2021-03-04,Contra Costa,013,1133247,63791,62789,1140,63929,708
2021-03-04,Del Norte,015,27424,1011,989,0,989,5
2021-03-04,El Dorado,017,186661,9176,9133,631,9764,97
2021-03-04,Fresno,019,978130,96757,96023,8113,104136,1422
2021-03-04,Glenn,021,27897,2257,2236,513,2749,15
2021-03-04,Humboldt,023,135768,3258,3212,22,3234,31
2021-03-04,Imperial,025,180216,27207,26946,2661,29607,646
2021-03-04,Inyo,027,18085,1329,1300,3,1303,35
2021-03-04,Kern,029,883053,93677,92525,10295,102820,1070
2021-03-04,Kings,031,150075,22235,22025,1077,23102,224
2021-03-04,Lake,033,64148,3221,3181,6,3187,42
2021-03-04,Lassen,035,31185,5122,5116,101,5217,1
2021-03-04,Los Angeles,037,10098052,1172702,1159405,41521,1200926,21610
2021-03-04,Madera,039,155013,15740,15596,870,16466,208
2021-03-04,Marin,041,260295,13323,13240,172,13412,215
2021-03-04,Mariposa,043,17540,378,376,5,381,4
2021-03-04,Mendocino,045,87422,3664,3569,70,3639,42
2021-03-04,Merced,047,269075,28776,28671,906,29577,396
2021-03-04,Modoc,049,8938,346,336,118,454,3
2021-03-04,Mono,051,14174,1184,1197,12,1209,3
2021-03-04,Monterey,053,433212,41999,41771,1762,43533,325
2021-03-04,Napa,055,140530,9138,9094,33,9127,74
2021-03-04,Nevada,057,99092,4084,4020,166,4186,66
2021-03-04,Orange,059,3164182,247598,246354,10630,256984,4096
2021-03-04,Placer,061,380077,20747,19900,1173,21073,239
2021-03-04,Plumas,063,18699,644,634,11,645,4
2021-03-04,Riverside,065,2383286,284206,279871,14146,294017,3766
2021-03-04,Sacramento,067,1510023,95354,93982,1323,95305,1426
2021-03-04,San Benito,069,59416,5770,5781,95,5876,61
2021-03-04,San Bernardino,071,2135413,286203,282407,8864,291271,3757
2021-03-04,San Diego,073,3302833,265436,261858,13020,274878,3359
2021-03-04,San Francisco,075,870044,34402,34480,1180,35660,426
2021-03-04,San Joaquin,077,732212,67281,65931,2961,68892,1129
2021-03-04,San Luis Obispo,079,281455,19707,19520,590,20110,243
2021-03-04,San Mateo,081,765935,39850,39225,423,39648,322
2021-03-04,Santa Barbara,083,443738,32643,32090,1159,33249,423
2021-03-04,Santa Clara,085,1922200,111088,111194,616,111810,1723
2021-03-04,Santa Cruz,087,273765,15458,14669,848,15517,186
2021-03-04,Shasta,089,179085,11021,11050,1299,12349,150
2021-03-04,Sierra,091,2930,49,48,14,62,0
2021-03-04,Siskiyou,093,43540,1508,1427,257,1684,5
2021-03-04,Solano,095,438530,30068,29905,378,30283,168
2021-03-04,Sonoma,097,501317,28358,28379,224,28603,279
2021-03-04,Stanislaus,099,539301,50965,50521,5620,56141,731
2021-03-04,Sutter,101,95872,8926,8849,85,8934,100
2021-03-04,Tehama,103,63373,4604,4604,515,5119,33
2021-03-04,Trinity,105,12862,368,302,55,357,3
2021-03-04,Tulare,107,460477,48042,47398,8636,56034,784
2021-03-04,Tuolumne,109,53932,3917,3916,32,3948,56
2021-03-04,Ventura,111,848112,78176,78184,2902,81086,831
2021-03-04,Yolo,113,214977,13005,12895,235,13130,189
2021-03-04,Yuba,115,75493,5544,5483,91,5574,41
2021-03-03,Alameda,001,1643700,81470,80972,1823,82795,1127
2021-03-03,Alpine,003,1148,83,77,0,77,0
2021-03-03,Amador,005,37829,3494,3478,32,3510,42
2021-03-03,Butte,007,227075,11357,11014,1702,12716,184
2021-03-03,Calaveras,009,45235,1933,1893,12,1905,48
2021-03-03,Colusa,011,21464,1873,1873,273,2146,11
2021-03-03,Contra Costa,013,1133247,63693,62668,1137,63805,708
2021-03-03,Del Norte,015,27424,1008,988,0,988,5
2021-03-03,El Dorado,017,186661,9166,9121,631,9752,97
2021-03-03,Fresno,019,978130,96613,95893,8095,103988,1415
2021-03-03,Glenn,021,27897,2257,2233,513,2746,15
2021-03-03,Humboldt,023,135768,3246,3196,22,3218,30
2021-03-03,Imperial,025,180216,27190,26939,2656,29595,640
2021-03-03,Inyo,027,18085,1321,1294,3,1297,35
2021-03-03,Kern,029,883053,93602,92434,10277,102711,1063
2021-03-03,Kings,031,150075,22219,22009,1076,23085,223
2021-03-03,Lake,033,64148,3214,3175,6,3181,40
2021-03-03,Lassen,035,31185,5122,5115,101,5216,1
2021-03-03,Los Angeles,037,10098052,1172065,1157911,41478,1199389,21500
2021-03-03,Madera,039,155013,15721,15553,864,16417,203
2021-03-03,Marin,041,260295,13310,13216,172,13388,214
2021-03-03,Mariposa,043,17540,377,376,5,381,4
2021-03-03,Mendocino,045,87422,3656,3564,70,3634,42
2021-03-03,Merced,047,269075,28724,28625,906,29531,393
2021-03-03,Modoc,049,8938,346,333,117,450,3
2021-03-03,Mono,051,14174,1184,1191,12,1203,3
2021-03-03,Monterey,053,433212,41966,41731,1759,43490,325
2021-03-03,Napa,055,140530,9130,9090,33,9123,72
2021-03-03,Nevada,057,99092,4074,4009,166,4175,66
2021-03-03,Orange,059,3164182,247454,246120,10614,256734,4072
2021-03-03,Placer,061,380077,20721,19851,1170,21021,239
2021-03-03,Plumas,063,18699,643,631,11,642,4
2021-03-03,Riverside,065,2383286,284077,279626,14141,293767,3735
2021-03-03,Sacramento,067,1510023,95193,93819,1314,95133,1419
2021-03-03,San Benito,069,59416,5769,5774,95,5869,61
2021-03-03,San Bernardino,071,2135413,286062,282138,8857,290995,3664
2021-03-03,San Diego,073,3302833,265174,261350,12989,274339,3342
2021-03-03,San Francisco,075,870044,34371,34443,1177,35620,426
2021-03-03,San Joaquin,077,732212,67170,65855,2954,68809,1115
2021-03-03,San Luis Obispo,079,281455,19682,19479,586,20065,241
2021-03-03,San Mateo,081,765935,39804,39189,422,39611,319
2021-03-03,Santa Barbara,083,443738,32606,32027,1159,33186,421
2021-03-03,Santa Clara,085,1922200,110933,110991,614,111605,1720
2021-03-03,Santa Cruz,087,273765,15447,14645,848,15493,185
2021-03-03,Shasta,089,179085,11011,11023,1292,12315,150
2021-03-03,Sierra,091,2930,49,48,14,62,0
2021-03-03,Siskiyou,093,43540,1506,1424,257,1681,5
2021-03-03,Solano,095,438530,30032,29866,377,30243,167
2021-03-03,Sonoma,097,501317,28319,28307,223,28530,279
2021-03-03,Stanislaus,099,539301,50888,50438,5612,56050,730
2021-03-03,Sutter,101,95872,8917,8840,85,8925,99
2021-03-03,Tehama,103,63373,4601,4601,515,5116,32
2021-03-03,Trinity,105,12862,368,302,55,357,3
2021-03-03,Tulare,107,460477,47992,47348,8605,55953,778
2021-03-03,Tuolumne,109,53932,3915,3914,31,3945,56
2021-03-03,Ventura,111,848112,78093,78057,2896,80953,822
2021-03-03,Yolo,113,214977,12992,12890,235,13125,189
2021-03-03,Yuba,115,75493,5531,5479,91,5570,41
2021-03-02,Alameda,001,1643700,81352,80904,1821,82725,1116
2021-03-02,Alpine,003,1148,83,77,0,77,0
2021-03-02,Amador,005,37829,3492,3474,32,3506,42
2021-03-02,Butte,007,227075,11347,11007,1700,12707,182
2021-03-02,Calaveras,009,45235,1927,1890,12,1902,48
2021-03-02,Colusa,011,21464,1873,1872,272,2144,11
2021-03-02,Contra Costa,013,1133247,63582,62557,1132,63689,694
2021-03-02,Del Norte,015,27424,1001,983,0,983,5
2021-03-02,El Dorado,017,186661,9158,9116,631,9747,98
2021-03-02,Fresno,019,978130,96469,95785,8067,103852,1410
2021-03-02,Glenn,021,27897,2251,2232,512,2744,15
2021-03-02,Humboldt,023,135768,3227,3184,22,3206,30
2021-03-02,Imperial,025,180216,27180,26926,2654,29580,637
2021-03-02,Inyo,027,18085,1317,1292,3,1295,35
2021-03-02,Kern,029,883053,93497,92313,10248,102561,1046
2021-03-02,Kings,031,150075,22167,21999,1074,23073,217
2021-03-02,Lake,033,64148,3208,3169,6,3175,40
2021-03-02,Lassen,035,31185,5117,5115,100,5215,1
2021-03-02,Los Angeles,037,10098052,1171427,1156826,41430,1198256,21395
2021-03-02,Madera,039,155013,15701,15523,861,16384,194
2021-03-02,Marin,041,260295,13287,13186,171,13357,214
2021-03-02,Mariposa,043,17540,377,376,5,381,4
2021-03-02,Mendocino,045,87422,3653,3562,69,3631,41
2021-03-02,Merced,047,269075,28667,28598,906,29504,389
2021-03-02,Modoc,049,8938,346,332,117,449,3
2021-03-02,Mono,051,14174,1183,1191,12,1203,3
2021-03-02,Monterey,053,433212,41939,41716,1757,43473,325
2021-03-02,Napa,055,140530,9118,9080,33,9113,71
2021-03-02,Nevada,057,99092,4065,3983,164,4147,66
2021-03-02,Orange,059,3164182,247308,246004,10598,256602,4037
2021-03-02,Placer,061,380077,20667,19828,1167,20995,239
2021-03-02,Plumas,063,18699,641,628,11,639,4
2021-03-02,Riverside,065,2383286,283911,279486,14133,293619,3721
2021-03-02,Sacramento,067,1510023,95026,93690,1313,95003,1411
2021-03-02,San Benito,069,59416,5762,5770,95,5865,60
2021-03-02,San Bernardino,071,2135413,285930,281919,8850,290769,3604
2021-03-02,San Diego,073,3302833,264930,260998,12967,273965,3317
2021-03-02,San Francisco,075,870044,34330,34387,1173,35560,424
2021-03-02,San Joaquin,077,732212,67063,65769,2934,68703,1111
2021-03-02,San Luis Obispo,079,281455,19650,19452,585,20037,241
2021-03-02,San Mateo,081,765935,39752,39148,421,39569,317
2021-03-02,Santa Barbara,083,443738,32558,31964,1155,33119,416
2021-03-02,Santa Clara,085,1922200,110755,110832,613,111445,1706
2021-03-02,Santa Cruz,087,273765,15433,14611,846,15457,185
2021-03-02,Shasta,089,179085,10997,11012,1281,12293,149
2021-03-02,Sierra,091,2930,49,48,14,62,0
2021-03-02,Siskiyou,093,43540,1502,1412,255,1667,5
2021-03-02,Solano,095,438530,29999,29827,375,30202,167
2021-03-02,Sonoma,097,501317,28264,28261,223,28484,279
2021-03-02,Stanislaus,099,539301,50801,50359,5598,55957,724
2021-03-02,Sutter,101,95872,8908,8832,85,8917,99
2021-03-02,Tehama,103,63373,4599,4597,515,5112,32
2021-03-02,Trinity,105,12862,368,301,55,356,3
2021-03-02,Tulare,107,460477,47935,47326,8580,55906,783
2021-03-02,Tuolumne,109,53932,3911,3908,31,3939,53
2021-03-02,Ventura,111,848112,78002,77952,2892,80844,780
2021-03-02,Yolo,113,214977,12975,12867,235,13102,189
2021-03-02,Yuba,115,75493,5523,5475,91,5566,41
2021-03-01,Alameda,001,1643700,81226,80805,1819,82624,1105
2021-03-01,Alpine,003,1148,81,77,0,77,0
2021-03-01,Amador,005,37829,3489,3469,32,3501,42
2021-03-01,Butte,007,227075,11331,10981,1695,12676,180
2021-03-01,Calaveras,009,45235,1921,1885,12,1897,46
2021-03-01,Colusa,011,21464,1872,1871,272,2143,11
2021-03-01,Contra Costa,013,1133247,63473,62458,1131,63589,694
2021-03-01,Del Norte,015,27424,996,982,0,982,5
2021-03-01,El Dorado,017,186661,9134,9085,631,9716,98
2021-03-01,Fresno,019,978130,96332,95677,8045,103722,1405
2021-03-01,Glenn,021,27897,2246,2232,511,2743,15
2021-03-01,Humboldt,023,135768,3208,3179,22,3201,30
2021-03-01,Imperial,025,180216,27170,26913,2646,29559,636
2021-03-01,Inyo,027,18085,1314,1285,3,1288,35
2021-03-01,Kern,029,883053,93410,92219,10221,102440,1041
2021-03-01,Kings,031,150075,22150,21988,1068,23056,217
2021-03-01,Lake,033,64148,3203,3164,6,3170,40
2021-03-01,Lassen,035,31185,5115,5111,100,5211,1
2021-03-01,Los Angeles,037,10098052,1170777,1155984,41385,1197369,21293
2021-03-01,Madera,039,155013,15672,15505,850,16355,194
2021-03-01,Marin,041,260295,13261,13161,170,13331,214
2021-03-01,Mariposa,043,17540,377,375,5,380,4
2021-03-01,Mendocino,045,87422,3646,3561,69,3630,41
2021-03-01,Merced,047,269075,28622,28575,902,29477,385
2021-03-01,Modoc,049,8938,343,331,116,447,3
2021-03-01,Mono,051,14174,1182,1192,12,1204,3
2021-03-01,Monterey,053,433212,41914,41697,1755,43452,324
2021-03-01,Napa,055,140530,9109,9056,33,9089,70
2021-03-01,Nevada,057,99092,4046,3979,164,4143,66
2021-03-01,Orange,059,3164182,247117,245852,10583,256435,3976
2021-03-01,Placer,061,380077,20629,19803,1164,20967,239
2021-03-01,Plumas,063,18699,641,628,11,639,4
2021-03-01,Riverside,065,2383286,283696,279323,14125,293448,3680
2021-03-01,Sacramento,067,1510023,94881,93546,1311,94857,1401
2021-03-01,San Benito,069,59416,5757,5772,95,5867,57
2021-03-01,San Bernardino,071,2135413,285786,281685,8846,290531,3603
2021-03-01,San Diego,073,3302833,264615,260622,12934,273556,3303
2021-03-01,San Francisco,075,870044,34286,34318,1165,35483,424
2021-03-01,San Joaquin,077,732212,66956,65699,2921,68620,1097
2021-03-01,San Luis Obispo,079,281455,19628,19429,583,20012,239
2021-03-01,San Mateo,081,765935,39700,39096,420,39516,314
2021-03-01,Santa Barbara,083,443738,32516,31909,1154,33063,413
2021-03-01,Santa Clara,085,1922200,110597,110684,610,111294,1704
2021-03-01,Santa Cruz,087,273765,15414,14575,845,15420,185
2021-03-01,Shasta,089,179085,10985,10990,1278,12268,149
2021-03-01,Sierra,091,2930,49,48,14,62,0
2021-03-01,Siskiyou,093,43540,1498,1408,253,1661,5
2021-03-01,Solano,095,438530,29956,29779,374,30153,166
2021-03-01,Sonoma,097,501317,28216,28222,221,28443,278
2021-03-01,Stanislaus,099,539301,50727,50293,5591,55884,722
2021-03-01,Sutter,101,95872,8896,8825,85,8910,99
2021-03-01,Tehama,103,63373,4595,4595,515,5110,32
2021-03-01,Trinity,105,12862,368,298,54,352,3
2021-03-01,Tulare,107,460477,47898,47275,8545,55820,781
2021-03-01,Tuolumne,109,53932,3908,3907,31,3938,53
2021-03-01,Ventura,111,848112,77920,77849,2891,80740,775
2021-03-01,Yolo,113,214977,12958,12854,233,13087,188
2021-03-01,Yuba,115,75493,5511,5466,91,5557,41
2021-02-28,Alameda,001,1643700,81103,80727,1817,82544,1105
2021-02-28,Alpine,003,1148,81,77,0,77,0
2021-02-28,Amador,005,37829,3484,3466,31,3497,42
2021-02-28,Butte,007,227075,11316,10970,1695,12665,180
2021-02-28,Calaveras,009,45235,1915,1881,12,1893,46
2021-02-28,Colusa,011,21464,1872,1871,271,2142,11
2021-02-28,Contra Costa,013,1133247,63346,62386,1126,63512,694
2021-02-28,Del Norte,015,27424,994,981,0,981,5
2021-02-28,El Dorado,017,186661,9123,9082,631,9713,98
2021-02-28,Fresno,019,978130,96153,95548,8010,103558,1405
2021-02-28,Glenn,021,27897,2244,2230,509,2739,15
2021-02-28,Humboldt,023,135768,3185,3179,22,3201,30
2021-02-28,Imperial,025,180216,27144,26909,2639,29548,636
2021-02-28,Inyo,027,18085,1309,1282,3,1285,35
2021-02-28,Kern,029,883053,93296,92169,10199,102368,1012
2021-02-28,Kings,031,150075,22129,21967,1067,23034,217
2021-02-28,Lake,033,64148,3198,3164,6,3170,40
2021-02-28,Lassen,035,31185,5114,5106,100,5206,1
2021-02-28,Los Angeles,037,10098052,1170000,1155141,41321,1196462,21261
2021-02-28,Madera,039,155013,15630,15496,847,16343,199
2021-02-28,Marin,041,260295,13238,13152,168,13320,214
2021-02-28,Mariposa,043,17540,377,374,5,379,4
2021-02-28,Mendocino,045,87422,3640,3558,69,3627,41
2021-02-28,Merced,047,269075,28559,28546,901,29447,384
2021-02-28,Modoc,049,8938,343,331,116,447,3
2021-02-28,Mono,051,14174,1179,1192,12,1204,3
2021-02-28,Monterey,053,433212,41882,41683,1754,43437,323
2021-02-28,Napa,055,140530,9090,9053,33,9086,70
2021-02-28,Nevada,057,99092,4033,3972,164,4136,66
2021-02-28,Orange,059,3164182,246918,245706,10575,256281,3970
2021-02-28,Placer,061,380077,20582,19775,1162,20937,239
2021-02-28,Plumas,063,18699,641,628,11,639,4
2021-02-28,Riverside,065,2383286,283476,279214,14114,293328,3661
2021-02-28,Sacramento,067,1510023,94697,93463,1306,94769,1398
2021-02-28,San Benito,069,59416,5746,5772,95,5867,57
2021-02-28,San Bernardino,071,2135413,285650,281620,8833,290453,3595
2021-02-28,San Diego,073,3302833,264319,260353,12900,273253,3303
2021-02-28,San Francisco,075,870044,34245,34291,1158,35449,417
2021-02-28,San Joaquin,077,732212,66848,65662,2912,68574,1097
2021-02-28,San Luis Obispo,079,281455,19593,19422,580,20002,237
2021-02-28,San Mateo,081,765935,39647,39059,419,39478,314
2021-02-28,Santa Barbara,083,443738,32464,31877,1154,33031,413
2021-02-28,Santa Clara,085,1922200,110399,110556,607,111163,1704
2021-02-28,Santa Cruz,087,273765,15385,14571,842,15413,185
2021-02-28,Shasta,089,179085,10964,10990,1274,12264,149
2021-02-28,Sierra,091,2930,49,48,14,62,0
2021-02-28,Siskiyou,093,43540,1490,1408,252,1660,5
2021-02-28,Solano,095,438530,29900,29758,369,30127,166
2021-02-28,Sonoma,097,501317,28153,28193,220,28413,279
2021-02-28,Stanislaus,099,539301,50637,50228,5577,55805,728
2021-02-28,Sutter,101,95872,8881,8825,85,8910,99
2021-02-28,Tehama,103,63373,4588,4590,515,5105,32
2021-02-28,Trinity,105,12862,368,298,54,352,3
2021-02-28,Tulare,107,460477,47836,47258,8514,55772,780
2021-02-28,Tuolumne,109,53932,3903,3905,31,3936,53
2021-02-28,Ventura,111,848112,77809,77749,2888,80637,775
2021-02-28,Yolo,113,214977,12936,12851,233,13084,188
2021-02-28,Yuba,115,75493,5501,5461,91,5552,41
2021-02-27,Alameda,001,1643700,81029,80565,1815,82380,1108
2021-02-27,Alpine,003,1148,81,77,0,77,0
2021-02-27,Amador,005,37829,3482,3463,31,3494,42
2021-02-27,Butte,007,227075,11304,10962,1695,12657,180
2021-02-27,Calaveras,009,45235,1913,1875,12,1887,46
2021-02-27,Colusa,011,21464,1871,1869,271,2140,11
2021-02-27,Contra Costa,013,1133247,63275,62248,1123,63371,693
2021-02-27,Del Norte,015,27424,992,978,0,978,5
2021-02-27,El Dorado,017,186661,9119,9072,631,9703,98
2021-02-27,Fresno,019,978130,96080,95393,7996,103389,1400
2021-02-27,Glenn,021,27897,2244,2225,508,2733,15
2021-02-27,Humboldt,023,135768,3179,3167,22,3189,30
2021-02-27,Imperial,025,180216,27136,26903,2638,29541,633
2021-02-27,Inyo,027,18085,1306,1275,3,1278,35
2021-02-27,Kern,029,883053,93235,92053,10184,102237,996
2021-02-27,Kings,031,150075,22119,21955,1064,23019,216
2021-02-27,Lake,033,64148,3195,3156,6,3162,40
2021-02-27,Lassen,035,31185,5114,5106,100,5206,1
2021-02-27,Los Angeles,037,10098052,1169508,1154275,41291,1195566,21158
2021-02-27,Madera,039,155013,15613,15467,846,16313,199
2021-02-27,Marin,041,260295,13214,13134,168,13302,214
2021-02-27,Mariposa,043,17540,377,374,5,379,4
2021-02-27,Mendocino,045,87422,3637,3555,69,3624,41
2021-02-27,Merced,047,269075,28518,28501,892,29393,384
2021-02-27,Modoc,049,8938,343,331,115,446,3
2021-02-27,Mono,051,14174,1177,1191,12,1203,3
2021-02-27,Monterey,053,433212,41873,41665,1754,43419,322
2021-02-27,Napa,055,140530,9079,9038,33,9071,71
2021-02-27,Nevada,057,99092,4027,3960,164,4124,66
2021-02-27,Orange,059,3164182,246792,245542,10563,256105,3960
2021-02-27,Placer,061,380077,20546,19726,1159,20885,239
2021-02-27,Plumas,063,18699,641,628,11,639,4
2021-02-27,Riverside,065,2383286,283367,279048,14104,293152,3663
2021-02-27,Sacramento,067,1510023,94615,93281,1295,94576,1396
2021-02-27,San Benito,069,59416,5745,5767,94,5861,57
2021-02-27,San Bernardino,071,2135413,285571,281471,8826,290297,3527
2021-02-27,San Diego,073,3302833,264130,260091,12862,272953,3284
2021-02-27,San Francisco,075,870044,34212,34260,1155,35415,413
2021-02-27,San Joaquin,077,732212,66802,65578,2910,68488,1100
2021-02-27,San Luis Obispo,079,281455,19572,19411,579,19990,237
2021-02-27,San Mateo,081,765935,39606,38998,418,39416,313
2021-02-27,Santa Barbara,083,443738,32430,31805,1153,32958,411
2021-02-27,Santa Clara,085,1922200,110252,110361,605,110966,1703
2021-02-27,Santa Cruz,087,273765,15376,14552,841,15393,185
2021-02-27,Shasta,089,179085,10958,10985,1270,12255,149
2021-02-27,Sierra,091,2930,49,48,14,62,0
2021-02-27,Siskiyou,093,43540,1488,1407,251,1658,5
2021-02-27,Solano,095,438530,29872,29718,368,30086,165
2021-02-27,Sonoma,097,501317,28109,28141,214,28355,281
2021-02-27,Stanislaus,099,539301,50583,50147,5567,55714,733
2021-02-27,Sutter,101,95872,8876,8820,85,8905,99
2021-02-27,Tehama,103,63373,4585,4584,515,5099,32
2021-02-27,Trinity,105,12862,368,298,54,352,3
2021-02-27,Tulare,107,460477,47800,47209,8487,55696,770
2021-02-27,Tuolumne,109,53932,3900,3899,31,3930,53
2021-02-27,Ventura,111,848112,77737,77623,2885,80508,771
2021-02-27,Yolo,113,214977,12924,12834,233,13067,188
2021-02-27,Yuba,115,75493,5498,5450,91,5541,39
2021-02-26,Alameda,001,1643700,80933,80387,1810,82197,1106
2021-02-26,Alpine,003,1148,81,77,0,77,0
2021-02-26,Amador,005,37829,3476,3457,31,3488,42
2021-02-26,Butte,007,227075,11294,10941,1694,12635,180
2021-02-26,Calaveras,009,45235,1912,1873,12,1885,46
2021-02-26,Colusa,011,21464,1871,1865,271,2136,11
2021-02-26,Contra Costa,013,1133247,63193,62114,1123,63237,685
2021-02-26,Del Norte,015,27424,988,968,0,968,5
2021-02-26,El Dorado,017,186661,9114,9038,629,9667,98
2021-02-26,Fresno,019,978130,95977,95202,7988,103190,1391
2021-02-26,Glenn,021,27897,2241,2220,508,2728,15
2021-02-26,Humboldt,023,135768,3173,3152,22,3174,30
2021-02-26,Imperial,025,180216,27128,26888,2636,29524,631
2021-02-26,Inyo,027,18085,1304,1271,3,1274,34
2021-02-26,Kern,029,883053,93156,91884,10168,102052,997
2021-02-26,Kings,031,150075,22103,21917,1061,22978,216
2021-02-26,Lake,033,64148,3190,3153,6,3159,40
2021-02-26,Lassen,035,31185,5114,5102,100,5202,1
2021-02-26,Los Angeles,037,10098052,1168940,1153131,41228,1194359,21070
2021-02-26,Madera,039,155013,15597,15436,844,16280,199
2021-02-26,Marin,041,260295,13200,13091,168,13259,214
2021-02-26,Mariposa,043,17540,377,375,5,380,4
2021-02-26,Mendocino,045,87422,3632,3549,69,3618,41
2021-02-26,Merced,047,269075,28486,28455,891,29346,382
2021-02-26,Modoc,049,8938,342,330,115,445,3
2021-02-26,Mono,051,14174,1175,1191,12,1203,3
2021-02-26,Monterey,053,433212,41847,41607,1754,43361,322
2021-02-26,Napa,055,140530,9073,9014,33,9047,70
2021-02-26,Nevada,057,99092,4016,3952,164,4116,66
2021-02-26,Orange,059,3164182,246652,245278,10553,255831,3918
2021-02-26,Placer,061,380077,20520,19712,1153,20865,239
2021-02-26,Plumas,063,18699,641,628,11,639,4
2021-02-26,Riverside,065,2383286,283223,278772,14098,292870,3653
2021-02-26,Sacramento,067,1510023,94492,93180,1292,94472,1390
2021-02-26,San Benito,069,59416,5744,5759,94,5853,57
2021-02-26,San Bernardino,071,2135413,285472,281132,8824,289956,3461
2021-02-26,San Diego,073,3302833,263903,259641,12841,272482,3271
2021-02-26,San Francisco,075,870044,34182,34213,1150,35363,413
2021-02-26,San Joaquin,077,732212,66721,65492,2904,68396,1070
2021-02-26,San Luis Obispo,079,281455,19556,19359,577,19936,234
2021-02-26,San Mateo,081,765935,39560,38922,418,39340,313
2021-02-26,Santa Barbara,083,443738,32387,31724,1152,32876,410
2021-02-26,Santa Clara,085,1922200,110122,110168,603,110771,1700
2021-02-26,Santa Cruz,087,273765,15364,14528,840,15368,185
2021-02-26,Shasta,089,179085,10952,10972,1260,12232,149
2021-02-26,Sierra,091,2930,49,47,14,61,0
2021-02-26,Siskiyou,093,43540,1488,1401,251,1652,5
2021-02-26,Solano,095,438530,29838,29651,367,30018,165
2021-02-26,Sonoma,097,501317,28080,28063,213,28276,280
2021-02-26,Stanislaus,099,539301,50527,50054,5559,55613,737
2021-02-26,Sutter,101,95872,8867,8806,85,8891,99
2021-02-26,Tehama,103,63373,4583,4581,515,5096,32
2021-02-26,Trinity,105,12862,367,298,54,352,3
2021-02-26,Tulare,107,460477,47765,47135,8456,55591,770
2021-02-26,Tuolumne,109,53932,3899,3896,31,3927,53
2021-02-26,Ventura,111,848112,77637,77534,2883,80417,765
2021-02-26,Yolo,113,214977,12917,12816,233,13049,188
2021-02-26,Yuba,115,75493,5493,5438,91,5529,39
2021-02-25,Alameda,001,1643700,80812,80181,1809,81990,1093
2021-02-25,Alpine,003,1148,81,77,0,77,0
2021-02-25,Amador,005,37829,3473,3448,31,3479,41
2021-02-25,Butte,007,227075,11273,10922,1689,12611,178
2021-02-25,Calaveras,009,45235,1904,1868,12,1880,46
2021-02-25,Colusa,011,21464,1868,1863,270,2133,11
2021-02-25,Contra Costa,013,1133247,63091,61910,1123,63033,686
2021-02-25,Del Norte,015,27424,978,966,0,966,5
2021-02-25,El Dorado,017,186661,9098,9012,629,9641,98
2021-02-25,Fresno,019,978130,95834,95015,7966,102981,1377
2021-02-25,Glenn,021,27897,2238,2219,507,2726,15
2021-02-25,Humboldt,023,135768,3166,3129,21,3150,30
2021-02-25,Imperial,025,180216,27122,26855,2632,29487,628
2021-02-25,Inyo,027,18085,1298,1264,3,1267,33
2021-02-25,Kern,029,883053,93041,91735,10142,101877,992
2021-02-25,Kings,031,150075,22094,21900,1058,22958,216
2021-02-25,Lake,033,64148,3181,3141,6,3147,40
2021-02-25,Lassen,035,31185,5113,5097,99,5196,1
2021-02-25,Los Angeles,037,10098052,1168203,1151846,41168,1193014,20931
2021-02-25,Madera,039,155013,15562,15414,840,16254,194
2021-02-25,Marin,041,260295,13176,13067,168,13235,214
2021-02-25,Mariposa,043,17540,377,375,5,380,4
2021-02-25,Mendocino,045,87422,3627,3542,69,3611,41
2021-02-25,Merced,047,269075,28436,28383,890,29273,382
2021-02-25,Modoc,049,8938,342,329,115,444,3
2021-02-25,Mono,051,14174,1174,1190,12,1202,3
2021-02-25,Monterey,053,433212,41822,41564,1749,43313,321
2021-02-25,Napa,055,140530,9047,8998,33,9031,70
2021-02-25,Nevada,057,99092,3999,3940,163,4103,66
2021-02-25,Orange,059,3164182,246478,245000,10543,255543,3882
2021-02-25,Placer,061,380077,20479,19661,1151,20812,239
2021-02-25,Plumas,063,18699,641,626,11,637,4
2021-02-25,Riverside,065,2383286,283038,278544,14074,292618,3646
2021-02-25,Sacramento,067,1510023,94335,92961,1279,94240,1386
2021-02-25,San Benito,069,59416,5739,5752,94,5846,58
2021-02-25,San Bernardino,071,2135413,285341,280946,8814,289760,3409
2021-02-25,San Diego,073,3302833,263608,258979,12811,271790,3260
2021-02-25,San Francisco,075,870044,34140,34138,1147,35285,408
2021-02-25,San Joaquin,077,732212,66638,65389,2892,68281,1047
2021-02-25,San Luis Obispo,079,281455,19535,19335,575,19910,234
2021-02-25,San Mateo,081,765935,39514,38872,418,39290,300
2021-02-25,Santa Barbara,083,443738,32311,31631,1151,32782,408
2021-02-25,Santa Clara,085,1922200,109958,109923,602,110525,1677
2021-02-25,Santa Cruz,087,273765,15346,14492,838,15330,185
2021-02-25,Shasta,089,179085,10940,10947,1255,12202,148
2021-02-25,Sierra,091,2930,49,47,14,61,0
2021-02-25,Siskiyou,093,43540,1484,1390,248,1638,4
2021-02-25,Solano,095,438530,29806,29616,367,29983,161
2021-02-25,Sonoma,097,501317,28026,28004,210,28214,278
2021-02-25,Stanislaus,099,539301,50438,49964,5548,55512,738
2021-02-25,Sutter,101,95872,8853,8789,84,8873,99
2021-02-25,Tehama,103,63373,4579,4578,513,5091,32
2021-02-25,Trinity,105,12862,367,297,54,351,3
2021-02-25,Tulare,107,460477,47717,47052,8428,55480,765
2021-02-25,Tuolumne,109,53932,3896,3894,31,3925,53
2021-02-25,Ventura,111,848112,77532,77395,2877,80272,751
2021-02-25,Yolo,113,214977,12900,12787,233,13020,188
2021-02-25,Yuba,115,75493,5485,5429,91,5520,39
2021-02-24,Alameda,001,1643700,80689,80070,1805,81875,1082
2021-02-24,Alpine,003,1148,80,77,0,77,0
2021-02-24,Amador,005,37829,3468,3444,31,3475,41
2021-02-24,Butte,007,227075,11261,10915,1685,12600,178
2021-02-24,Calaveras,009,45235,1901,1864,12,1876,31
2021-02-24,Colusa,011,21464,1866,1863,270,2133,11
2021-02-24,Contra Costa,013,1133247,62983,61776,1123,62899,663
2021-02-24,Del Norte,015,27424,977,960,0,960,5
2021-02-24,El Dorado,017,186661,9086,8993,629,9622,98
2021-02-24,Fresno,019,978130,95688,94794,7949,102743,1369
2021-02-24,Glenn,021,27897,2236,2210,507,2717,14
2021-02-24,Humboldt,023,135768,3154,3123,21,3144,29
2021-02-24,Imperial,025,180216,27107,26843,2628,29471,596
2021-02-24,Inyo,027,18085,1293,1253,3,1256,32
2021-02-24,Kern,029,883053,92908,91525,10126,101651,992
2021-02-24,Kings,031,150075,22071,21871,1054,22925,216
2021-02-24,Lake,033,64148,3174,3134,6,3140,40
2021-02-24,Lassen,035,31185,5109,5095,98,5193,1
2021-02-24,Los Angeles,037,10098052,1167449,1150322,41118,1191440,20817
2021-02-24,Madera,039,155013,15535,15390,840,16230,194
2021-02-24,Marin,041,260295,13153,13044,167,13211,214
2021-02-24,Mariposa,043,17540,377,374,5,379,4
2021-02-24,Mendocino,045,87422,3620,3540,69,3609,41
2021-02-24,Merced,047,269075,28397,28295,887,29182,383
2021-02-24,Modoc,049,8938,341,329,115,444,3
2021-02-24,Mono,051,14174,1172,1189,12,1201,3
2021-02-24,Monterey,053,433212,41796,41495,1747,43242,320
2021-02-24,Napa,055,140530,9030,8976,32,9008,70
2021-02-24,Nevada,057,99092,3989,3927,163,4090,66
2021-02-24,Orange,059,3164182,246263,244743,10529,255272,3835
2021-02-24,Placer,061,380077,20441,19648,1145,20793,239
2021-02-24,Plumas,063,18699,639,626,11,637,4
2021-02-24,Riverside,065,2383286,282817,278293,14064,292357,3603
2021-02-24,Sacramento,067,1510023,94181,92742,1274,94016,1375
2021-02-24,San Benito,069,59416,5738,5743,94,5837,57
2021-02-24,San Bernardino,071,2135413,285191,280583,8810,289393,3360
2021-02-24,San Diego,073,3302833,263315,258460,12795,271255,3230
2021-02-24,San Francisco,075,870044,34095,34061,1143,35204,406
2021-02-24,San Joaquin,077,732212,66528,65274,2889,68163,1019
2021-02-24,San Luis Obispo,079,281455,19512,19309,573,19882,233
2021-02-24,San Mateo,081,765935,39477,38763,417,39180,300
2021-02-24,Santa Barbara,083,443738,32260,31563,1148,32711,405
2021-02-24,Santa Clara,085,1922200,109806,109671,601,110272,1674
2021-02-24,Santa Cruz,087,273765,15325,14458,838,15296,185
2021-02-24,Shasta,089,179085,10925,10922,1252,12174,148
2021-02-24,Sierra,091,2930,49,47,14,61,0
2021-02-24,Siskiyou,093,43540,1477,1385,244,1629,4
2021-02-24,Solano,095,438530,29767,29577,364,29941,158
2021-02-24,Sonoma,097,501317,27961,27954,206,28160,278
2021-02-24,Stanislaus,099,539301,50369,49851,5539,55390,732
2021-02-24,Sutter,101,95872,8843,8778,84,8862,99
2021-02-24,Tehama,103,63373,4575,4566,513,5079,31
2021-02-24,Trinity,105,12862,367,294,53,347,3
2021-02-24,Tulare,107,460477,47663,46976,8398,55374,759
2021-02-24,Tuolumne,109,53932,3893,3887,31,3918,53
2021-02-24,Ventura,111,848112,77425,77238,2875,80113,718
2021-02-24,Yolo,113,214977,12887,12760,229,12989,188
2021-02-24,Yuba,115,75493,5474,5425,89,5514,39
2021-02-23,Alameda,001,1643700,80551,79948,1801,81749,1070
2021-02-23,Alpine,003,1148,79,77,0,77,0
2021-02-23,Amador,005,37829,3466,3440,31,3471,41
2021-02-23,Butte,007,227075,11246,10887,1681,12568,176
2021-02-23,Calaveras,009,45235,1900,1863,12,1875,21
2021-02-23,Colusa,011,21464,1863,1862,270,2132,11
2021-02-23,Contra Costa,013,1133247,62849,61613,1121,62734,661
2021-02-23,Del Norte,015,27424,975,953,0,953,3
2021-02-23,El Dorado,017,186661,9073,8969,629,9598,96
2021-02-23,Fresno,019,978130,95527,94741,7935,102676,1356
2021-02-23,Glenn,021,27897,2234,2209,507,2716,14
2021-02-23,Humboldt,023,135768,3137,3108,21,3129,29
2021-02-23,Imperial,025,180216,27087,26816,2623,29439,591
2021-02-23,Inyo,027,18085,1289,1250,3,1253,32
2021-02-23,Kern,029,883053,92771,91390,10097,101487,982
2021-02-23,Kings,031,150075,22056,21839,1050,22889,216
2021-02-23,Lake,033,64148,3166,3121,6,3127,40
2021-02-23,Lassen,035,31185,5106,5092,98,5190,1
2021-02-23,Los Angeles,037,10098052,1166587,1148965,41061,1190026,19887
2021-02-23,Madera,039,155013,15521,15352,834,16186,193
2021-02-23,Marin,041,260295,13133,13015,166,13181,214
2021-02-23,Mariposa,043,17540,377,374,5,379,4
2021-02-23,Mendocino,045,87422,3618,3540,68,3608,41
2021-02-23,Merced,047,269075,28309,28209,886,29095,381
2021-02-23,Modoc,049,8938,340,328,114,442,3
2021-02-23,Mono,051,14174,1172,1189,12,1201,3
2021-02-23,Monterey,053,433212,41755,41439,1741,43180,317
2021-02-23,Napa,055,140530,9019,8967,32,8999,70
2021-02-23,Nevada,057,99092,3981,3912,163,4075,66
2021-02-23,Orange,059,3164182,246067,244566,10512,255078,3843
2021-02-23,Placer,061,380077,20415,19608,1141,20749,238
2021-02-23,Plumas,063,18699,638,626,11,637,4
2021-02-23,Riverside,065,2383286,282585,278075,14051,292126,3599
2021-02-23,Sacramento,067,1510023,94024,92632,1268,93900,1370
2021-02-23,San Benito,069,59416,5732,5731,93,5824,57
2021-02-23,San Bernardino,071,2135413,285003,280279,8803,289082,3283
2021-02-23,San Diego,073,3302833,262940,257802,12764,270566,3218
2021-02-23,San Francisco,075,870044,34046,33994,1142,35136,405
2021-02-23,San Joaquin,077,732212,66430,65141,2881,68022,1004
2021-02-23,San Luis Obispo,079,281455,19483,19233,572,19805,230
2021-02-23,San Mateo,081,765935,39416,38662,417,39079,299
2021-02-23,Santa Barbara,083,443738,32207,31483,1146,32629,402
2021-02-23,Santa Clara,085,1922200,109610,109449,597,110046,1661
2021-02-23,Santa Cruz,087,273765,15298,14435,834,15269,178
2021-02-23,Shasta,089,179085,10913,10903,1248,12151,146
2021-02-23,Sierra,091,2930,49,47,14,61,0
2021-02-23,Siskiyou,093,43540,1472,1380,242,1622,4
2021-02-23,Solano,095,438530,29727,29545,361,29906,154
2021-02-23,Sonoma,097,501317,27918,27882,203,28085,278
2021-02-23,Stanislaus,099,539301,50293,49749,5521,55270,722
2021-02-23,Sutter,101,95872,8830,8766,84,8850,98
2021-02-23,Tehama,103,63373,4571,4556,512,5068,30
2021-02-23,Trinity,105,12862,367,292,52,344,3
2021-02-23,Tulare,107,460477,47584,46937,8362,55299,757
2021-02-23,Tuolumne,109,53932,3889,3864,31,3895,53
2021-02-23,Ventura,111,848112,77309,77093,2866,79959,689
2021-02-23,Yolo,113,214977,12858,12729,229,12958,188
2021-02-23,Yuba,115,75493,5461,5417,88,5505,38
2021-02-22,Alameda,001,1643700,80399,79796,1798,81594,1062
2021-02-22,Alpine,003,1148,79,77,0,77,0
2021-02-22,Amador,005,37829,3461,3438,31,3469,39
2021-02-22,Butte,007,227075,11234,10855,1675,12530,176
2021-02-22,Calaveras,009,45235,1897,1862,12,1874,21
2021-02-22,Colusa,011,21464,1863,1860,270,2130,11
2021-02-22,Contra Costa,013,1133247,62714,61478,1119,62597,661
2021-02-22,Del Norte,015,27424,974,948,0,948,3
2021-02-22,El Dorado,017,186661,9056,8940,629,9569,96
2021-02-22,Fresno,019,978130,95367,94584,7917,102501,1351
2021-02-22,Glenn,021,27897,2228,2207,505,2712,14
2021-02-22,Humboldt,023,135768,3125,3095,21,3116,29
2021-02-22,Imperial,025,180216,27064,26778,2615,29393,590
2021-02-22,Inyo,027,18085,1284,1248,3,1251,32
2021-02-22,Kern,029,883053,92655,91201,10074,101275,982
2021-02-22,Kings,031,150075,22035,21801,1047,22848,214
2021-02-22,Lake,033,64148,3160,3107,6,3113,40
2021-02-22,Lassen,035,31185,5106,5088,97,5185,1
2021-02-22,Los Angeles,037,10098052,1165716,1147541,41003,1188544,19730
2021-02-22,Madera,039,155013,15496,15325,830,16155,193
2021-02-22,Marin,041,260295,13109,12991,163,13154,213
2021-02-22,Mariposa,043,17540,376,374,5,379,4
2021-02-22,Mendocino,045,87422,3612,3535,68,3603,41
2021-02-22,Merced,047,269075,28241,28166,884,29050,379
2021-02-22,Modoc,049,8938,340,329,114,443,3
2021-02-22,Mono,051,14174,1168,1189,12,1201,3
2021-02-22,Monterey,053,433212,41704,41397,1734,43131,311
2021-02-22,Napa,055,140530,8992,8950,32,8982,69
2021-02-22,Nevada,057,99092,3972,3900,161,4061,66
2021-02-22,Orange,059,3164182,245831,244118,10494,254612,3843
2021-02-22,Placer,061,380077,20379,19587,1133,20720,238
2021-02-22,Plumas,063,18699,638,625,11,636,4
2021-02-22,Riverside,065,2383286,282326,277730,14042,291772,3567
2021-02-22,Sacramento,067,1510023,93858,92476,1258,93734,1359
2021-02-22,San Benito,069,59416,5730,5723,93,5816,57
2021-02-22,San Bernardino,071,2135413,284822,279984,8790,288774,3259
2021-02-22,San Diego,073,3302833,262531,257348,12730,270078,3189
2021-02-22,San Francisco,075,870044,33987,33947,1136,35083,405
2021-02-22,San Joaquin,077,732212,66329,65060,2868,67928,1001
2021-02-22,San Luis Obispo,079,281455,19446,19198,570,19768,229
2021-02-22,San Mateo,081,765935,39359,38542,414,38956,282
2021-02-22,Santa Barbara,083,443738,32142,31421,1143,32564,399
2021-02-22,Santa Clara,085,1922200,109399,109213,585,109798,1655
2021-02-22,Santa Cruz,087,273765,15272,14417,834,15251,176
2021-02-22,Shasta,089,179085,10898,10872,1243,12115,145
2021-02-22,Sierra,091,2930,49,47,14,61,0
2021-02-22,Siskiyou,093,43540,1466,1373,241,1614,4
2021-02-22,Solano,095,438530,29688,29508,360,29868,150
2021-02-22,Sonoma,097,501317,27873,27845,202,28047,278
2021-02-22,Stanislaus,099,539301,50189,49630,5500,55130,722
2021-02-22,Sutter,101,95872,8822,8698,84,8782,98
2021-02-22,Tehama,103,63373,4562,4550,512,5062,30
2021-02-22,Trinity,105,12862,367,287,51,338,3
2021-02-22,Tulare,107,460477,47523,46879,8329,55208,751
2021-02-22,Tuolumne,109,53932,3885,3856,31,3887,53
2021-02-22,Ventura,111,848112,77182,76947,2860,79807,677
2021-02-22,Yolo,113,214977,12832,12689,228,12917,183
2021-02-22,Yuba,115,75493,5458,5404,87,5491,38
2021-02-21,Alameda,001,1643700,80201,79649,1793,81442,1061
2021-02-21,Alpine,003,1148,79,77,0,77,0
2021-02-21,Amador,005,37829,3453,3435,31,3466,39
2021-02-21,Butte,007,227075,11211,10855,1673,12528,176
2021-02-21,Calaveras,009,45235,1896,1860,12,1872,21
2021-02-21,Colusa,011,21464,1862,1860,266,2126,11
2021-02-21,Contra Costa,013,1133247,62549,61364,1116,62480,661
2021-02-21,Del Norte,015,27424,968,942,0,942,3
2021-02-21,El Dorado,017,186661,9038,8927,628,9555,96
2021-02-21,Fresno,019,978130,95227,94374,7898,102272,1349
2021-02-21,Glenn,021,27897,2226,2201,503,2704,14
2021-02-21,Humboldt,023,135768,3113,3096,21,3117,29
2021-02-21,Imperial,025,180216,27045,26779,2611,29390,590
2021-02-21,Inyo,027,18085,1278,1232,3,1235,32
2021-02-21,Kern,029,883053,92530,91141,10035,101176,980
2021-02-21,Kings,031,150075,22001,21784,1044,22828,213
2021-02-21,Lake,033,64148,3152,3100,6,3106,40
2021-02-21,Lassen,035,31185,5098,5077,97,5174,1
2021-02-21,Los Angeles,037,10098052,1164689,1146756,40948,1187704,19711
2021-02-21,Madera,039,155013,15464,15298,827,16125,192
2021-02-21,Marin,041,260295,13079,12968,163,13131,212
2021-02-21,Mariposa,043,17540,376,373,5,378,4
2021-02-21,Mendocino,045,87422,3607,3535,68,3603,41
2021-02-21,Merced,047,269075,28151,28106,872,28978,379
2021-02-21,Modoc,049,8938,337,329,114,443,3
2021-02-21,Mono,051,14174,1168,1189,12,1201,3
2021-02-21,Monterey,053,433212,41649,41373,1723,43096,309
2021-02-21,Napa,055,140530,8977,8929,32,8961,69
2021-02-21,Nevada,057,99092,3959,3895,161,4056,66
2021-02-21,Orange,059,3164182,245534,243985,10474,254459,3801
2021-02-21,Placer,061,380077,20343,19553,1129,20682,238
2021-02-21,Plumas,063,18699,638,625,11,636,4
2021-02-21,Riverside,065,2383286,282095,277555,14029,291584,3564
2021-02-21,Sacramento,067,1510023,93648,92288,1244,93532,1354
2021-02-21,San Benito,069,59416,5720,5716,90,5806,57
2021-02-21,San Bernardino,071,2135413,284576,279870,8776,288646,3247
2021-02-21,San Diego,073,3302833,262097,257027,12684,269711,3190
2021-02-21,San Francisco,075,870044,33922,33891,1132,35023,405
2021-02-21,San Joaquin,077,732212,66180,64997,2855,67852,1001
2021-02-21,San Luis Obispo,079,281455,19414,19178,568,19746,229
2021-02-21,San Mateo,081,765935,39298,38448,410,38858,282
2021-02-21,Santa Barbara,083,443738,32080,31374,1140,32514,399
2021-02-21,Santa Clara,085,1922200,109174,108992,575,109567,1654
2021-02-21,Santa Cruz,087,273765,15248,14401,833,15234,176
2021-02-21,Shasta,089,179085,10883,10867,1238,12105,145
2021-02-21,Sierra,091,2930,49,47,14,61,0
2021-02-21,Siskiyou,093,43540,1460,1371,241,1612,4
2021-02-21,Solano,095,438530,29631,29471,359,29830,150
2021-02-21,Sonoma,097,501317,27808,27793,194,27987,278
2021-02-21,Stanislaus,099,539301,50065,49527,5483,55010,726
2021-02-21,Sutter,101,95872,8804,8687,83,8770,97
2021-02-21,Tehama,103,63373,4550,4547,512,5059,30
2021-02-21,Trinity,105,12862,365,286,51,337,3
2021-02-21,Tulare,107,460477,47456,46830,8292,55122,749
2021-02-21,Tuolumne,109,53932,3871,3828,31,3859,53
2021-02-21,Ventura,111,848112,77034,76862,2846,79708,677
2021-02-21,Yolo,113,214977,12801,12670,228,12898,183
2021-02-21,Yuba,115,75493,5450,5396,86,5482,38
2021-02-20,Alameda,001,1643700,80108,79496,1789,81285,1055
2021-02-20,Alpine,003,1148,79,77,0,77,0
2021-02-20,Amador,005,37829,3451,3432,31,3463,39
2021-02-20,Butte,007,227075,11203,10838,1671,12509,176
2021-02-20,Calaveras,009,45235,1895,1858,12,1870,21
2021-02-20,Colusa,011,21464,1861,1858,266,2124,11
2021-02-20,Contra Costa,013,1133247,62460,61205,1114,62319,663
2021-02-20,Del Norte,015,27424,964,937,0,937,3
2021-02-20,El Dorado,017,186661,9027,8911,628,9539,96
2021-02-20,Fresno,019,978130,95144,94234,7880,102114,1341
2021-02-20,Glenn,021,27897,2223,2199,502,2701,14
2021-02-20,Humboldt,023,135768,3105,3073,21,3094,29
2021-02-20,Imperial,025,180216,27037,26771,2611,29382,590
2021-02-20,Inyo,027,18085,1274,1226,3,1229,32
2021-02-20,Kern,029,883053,92459,91025,10001,101026,968
2021-02-20,Kings,031,150075,21983,21773,1043,22816,212
2021-02-20,Lake,033,64148,3145,3089,6,3095,40
2021-02-20,Lassen,035,31185,5096,5067,97,5164,1
2021-02-20,Los Angeles,037,10098052,1164127,1145594,40904,1186498,19630
2021-02-20,Madera,039,155013,15444,15274,826,16100,191
2021-02-20,Marin,041,260295,13058,12945,161,13106,211
2021-02-20,Mariposa,043,17540,376,372,5,377,4
2021-02-20,Mendocino,045,87422,3605,3533,68,3601,40
2021-02-20,Merced,047,269075,28106,28066,870,28936,379
2021-02-20,Modoc,049,8938,337,328,114,442,3
2021-02-20,Mono,051,14174,1167,1187,12,1199,3
2021-02-20,Monterey,053,433212,41629,41313,1721,43034,309
2021-02-20,Napa,055,140530,8968,8910,32,8942,69
2021-02-20,Nevada,057,99092,3949,3887,160,4047,66
2021-02-20,Orange,059,3164182,245368,243761,10458,254219,3755
2021-02-20,Placer,061,380077,20303,19509,1125,20634,236
2021-02-20,Plumas,063,18699,638,626,11,637,4
2021-02-20,Riverside,065,2383286,281944,277267,14017,291284,3559
2021-02-20,Sacramento,067,1510023,93524,92057,1242,93299,1352
2021-02-20,San Benito,069,59416,5708,5709,90,5799,57
2021-02-20,San Bernardino,071,2135413,284475,279608,8771,288379,3203
2021-02-20,San Diego,073,3302833,261855,256510,12655,269165,3188
2021-02-20,San Francisco,075,870044,33880,33820,1123,34943,399
2021-02-20,San Joaquin,077,732212,66108,64916,2850,67766,1001
2021-02-20,San Luis Obispo,079,281455,19391,19138,566,19704,229
2021-02-20,San Mateo,081,765935,39254,38371,409,38780,282
2021-02-20,Santa Barbara,083,443738,32046,31289,1138,32427,396
2021-02-20,Santa Clara,085,1922200,108998,108728,572,109300,1649
2021-02-20,Santa Cruz,087,273765,15237,14378,831,15209,176
2021-02-20,Shasta,089,179085,10869,10850,1233,12083,146
2021-02-20,Sierra,091,2930,49,47,14,61,0
2021-02-20,Siskiyou,093,43540,1457,1366,241,1607,4
2021-02-20,Solano,095,438530,29616,29440,357,29797,150
2021-02-20,Sonoma,097,501317,27779,27703,192,27895,278
2021-02-20,Stanislaus,099,539301,50010,49445,5470,54915,733
2021-02-20,Sutter,101,95872,8798,8681,83,8764,97
2021-02-20,Tehama,103,63373,4549,4545,512,5057,30
2021-02-20,Trinity,105,12862,364,285,50,335,3
2021-02-20,Tulare,107,460477,47420,46769,8270,55039,739
2021-02-20,Tuolumne,109,53932,3866,3823,31,3854,53
2021-02-20,Ventura,111,848112,76938,76757,2843,79600,671
2021-02-20,Yolo,113,214977,12787,12639,227,12866,183
2021-02-20,Yuba,115,75493,5447,5386,86,5472,38
2021-02-19,Alameda,001,1643700,80001,79318,1785,81103,1047
2021-02-19,Alpine,003,1148,79,77,0,77,0
2021-02-19,Amador,005,37829,3447,3427,31,3458,39
2021-02-19,Butte,007,227075,11193,10823,1666,12489,176
2021-02-19,Calaveras,009,45235,1894,1856,12,1868,21
2021-02-19,Colusa,011,21464,1861,1858,266,2124,11
2021-02-19,Contra Costa,013,1133247,62352,61017,1112,62129,651
2021-02-19,Del Norte,015,27424,959,932,0,932,2
2021-02-19,El Dorado,017,186661,9018,8882,627,9509,96
2021-02-19,Fresno,019,978130,95016,93973,7861,101834,1330
2021-02-19,Glenn,021,27897,2218,2199,501,2700,14
2021-02-19,Humboldt,023,135768,3093,3037,21,3058,29
2021-02-19,Imperial,025,180216,27032,26751,2608,29359,589
2021-02-19,Inyo,027,18085,1269,1212,3,1215,32
2021-02-19,Kern,029,883053,92390,90807,9958,100765,963
2021-02-19,Kings,031,150075,21969,21724,1040,22764,211
2021-02-19,Lake,033,64148,3139,3078,6,3084,40
2021-02-19,Lassen,035,31185,5095,5057,97,5154,1
2021-02-19,Los Angeles,037,10098052,1163382,1143828,40861,1184689,19498
2021-02-19,Madera,039,155013,15427,15222,824,16046,188
2021-02-19,Marin,041,260295,13034,12919,159,13078,210
2021-02-19,Mariposa,043,17540,376,371,5,376,4
2021-02-19,Mendocino,045,87422,3603,3526,68,3594,39
2021-02-19,Merced,047,269075,28075,27985,867,28852,376
2021-02-19,Modoc,049,8938,337,328,114,442,3
2021-02-19,Mono,051,14174,1167,1186,12,1198,3
2021-02-19,Monterey,053,433212,41600,41209,1717,42926,309
2021-02-19,Napa,055,140530,8957,8899,32,8931,69
2021-02-19,Nevada,057,99092,3943,3863,160,4023,66
2021-02-19,Orange,059,3164182,245188,243397,10444,253841,3715
2021-02-19,Placer,061,380077,20281,19457,1125,20582,236
2021-02-19,Plumas,063,18699,636,624,11,635,4
2021-02-19,Riverside,065,2383286,281773,276941,14000,290941,3541
2021-02-19,Sacramento,067,1510023,93403,91815,1238,93053,1351
2021-02-19,San Benito,069,59416,5703,5699,90,5789,57
2021-02-19,San Bernardino,071,2135413,284349,279209,8765,287974,3117
2021-02-19,San Diego,073,3302833,261565,255799,12632,268431,3169
2021-02-19,San Francisco,075,870044,33832,33746,1117,34863,387
2021-02-19,San Joaquin,077,732212,66037,64774,2841,67615,988
2021-02-19,San Luis Obispo,079,281455,19361,19061,564,19625,230
2021-02-19,San Mateo,081,765935,39196,38256,407,38663,282
2021-02-19,Santa Barbara,083,443738,31982,31204,1137,32341,392
2021-02-19,Santa Clara,085,1922200,108785,108400,570,108970,1634
2021-02-19,Santa Cruz,087,273765,15222,14354,831,15185,176
2021-02-19,Shasta,089,179085,10857,10833,1230,12063,140
2021-02-19,Sierra,091,2930,49,47,14,61,0
2021-02-19,Siskiyou,093,43540,1453,1363,239,1602,4
2021-02-19,Solano,095,438530,29585,29383,356,29739,150
2021-02-19,Sonoma,097,501317,27731,27595,190,27785,280
2021-02-19,Stanislaus,099,539301,49949,49282,5454,54736,739
2021-02-19,Sutter,101,95872,8788,8665,83,8748,96
2021-02-19,Tehama,103,63373,4547,4535,512,5047,30
2021-02-19,Trinity,105,12862,363,282,47,329,3
2021-02-19,Tulare,107,460477,47376,46662,8242,54904,736
2021-02-19,Tuolumne,109,53932,3860,3817,30,3847,52
2021-02-19,Ventura,111,848112,76858,76582,2840,79422,667
2021-02-19,Yolo,113,214977,12771,12606,227,12833,183
2021-02-19,Yuba,115,75493,5437,5376,86,5462,38
2021-02-18,Alameda,001,1643700,79854,79111,1778,80889,1012
2021-02-18,Alpine,003,1148,79,77,0,77,0
2021-02-18,Amador,005,37829,3443,3417,30,3447,38
2021-02-18,Butte,007,227075,11175,10791,1663,12454,175
2021-02-18,Calaveras,009,45235,1889,1873,12,1885,21
2021-02-18,Colusa,011,21464,1859,1856,264,2120,11
2021-02-18,Contra Costa,013,1133247,62241,60868,1111,61979,640
2021-02-18,Del Norte,015,27424,954,929,0,929,2
2021-02-18,El Dorado,017,186661,9004,8850,626,9476,94
2021-02-18,Fresno,019,978130,94847,93734,7834,101568,1323
2021-02-18,Glenn,021,27897,2212,2195,501,2696,14
2021-02-18,Humboldt,023,135768,3081,3023,21,3044,29
2021-02-18,Imperial,025,180216,27006,26731,2603,29334,591
2021-02-18,Inyo,027,18085,1265,1213,2,1215,32
2021-02-18,Kern,029,883053,92233,90655,9928,100583,961
2021-02-18,Kings,031,150075,21948,21648,1038,22686,211
2021-02-18,Lake,033,64148,3131,3066,6,3072,40
2021-02-18,Lassen,035,31185,5086,5052,97,5149,1
2021-02-18,Los Angeles,037,10098052,1162427,1141930,40792,1182722,19358
2021-02-18,Madera,039,155013,15406,15175,819,15994,188
2021-02-18,Marin,041,260295,13020,12895,159,13054,209
2021-02-18,Mariposa,043,17540,375,369,5,374,4
2021-02-18,Mendocino,045,87422,3600,3519,67,3586,39
2021-02-18,Merced,047,269075,28025,27870,861,28731,372
2021-02-18,Modoc,049,8938,335,327,113,440,3
2021-02-18,Mono,051,14174,1167,1182,12,1194,3
2021-02-18,Monterey,053,433212,41537,41091,1708,42799,307
2021-02-18,Napa,055,140530,8940,8877,32,8909,68
2021-02-18,Nevada,057,99092,3934,3836,159,3995,66
2021-02-18,Orange,059,3164182,244970,243098,10425,253523,3673
2021-02-18,Placer,061,380077,20254,19429,1124,20553,232
2021-02-18,Plumas,063,18699,636,624,11,635,4
2021-02-18,Riverside,065,2383286,281494,276595,13979,290574,3510
2021-02-18,Sacramento,067,1510023,93242,91476,1232,92708,1334
2021-02-18,San Benito,069,59416,5700,5697,89,5786,58
2021-02-18,San Bernardino,071,2135413,284139,278887,8750,287637,3066
2021-02-18,San Diego,073,3302833,261212,254987,12609,267596,3135
2021-02-18,San Francisco,075,870044,33774,33650,1114,34764,386
2021-02-18,San Joaquin,077,732212,65952,64634,2830,67464,982
2021-02-18,San Luis Obispo,079,281455,19319,18987,561,19548,230
2021-02-18,San Mateo,081,765935,39134,38185,403,38588,282
2021-02-18,Santa Barbara,083,443738,31903,31054,1129,32183,387
2021-02-18,Santa Clara,085,1922200,108559,108210,567,108777,1605
2021-02-18,Santa Cruz,087,273765,15196,14314,831,15145,176
2021-02-18,Shasta,089,179085,10837,10811,1227,12038,139
2021-02-18,Sierra,091,2930,48,47,14,61,0
2021-02-18,Siskiyou,093,43540,1448,1359,238,1597,4
2021-02-18,Solano,095,438530,29558,29349,355,29704,150
2021-02-18,Sonoma,097,501317,27663,27512,189,27701,281
2021-02-18,Stanislaus,099,539301,49852,49150,5439,54589,738
2021-02-18,Sutter,101,95872,8780,8654,83,8737,96
2021-02-18,Tehama,103,63373,4544,4528,511,5039,30
2021-02-18,Trinity,105,12862,362,282,47,329,3
2021-02-18,Tulare,107,460477,47317,46591,8200,54791,728
2021-02-18,Tuolumne,109,53932,3823,3811,30,3841,52
2021-02-18,Ventura,111,848112,76727,76442,2830,79272,659
2021-02-18,Yolo,113,214977,12744,12549,224,12773,183
2021-02-18,Yuba,115,75493,5420,5358,86,5444,38
2021-02-17,Alameda,001,1643700,79693,78895,1776,80671,1002
2021-02-17,Alpine,003,1148,79,77,0,77,0
2021-02-17,Amador,005,37829,3439,3415,30,3445,38
2021-02-17,Butte,007,227075,11157,10770,1660,12430,174
2021-02-17,Calaveras,009,45235,1889,1876,12,1888,21
2021-02-17,Colusa,011,21464,1856,1854,264,2118,10
2021-02-17,Contra Costa,013,1133247,62100,60723,1108,61831,635
2021-02-17,Del Norte,015,27424,948,920,0,920,2
2021-02-17,El Dorado,017,186661,8992,8847,626,9473,94
2021-02-17,Fresno,019,978130,94709,93555,7807,101362,1307
2021-02-17,Glenn,021,27897,2212,2189,500,2689,14
2021-02-17,Humboldt,023,135768,3066,3006,21,3027,29
2021-02-17,Imperial,025,180216,26991,26726,2601,29327,580
2021-02-17,Inyo,027,18085,1257,1197,2,1199,32
2021-02-17,Kern,029,883053,92114,90454,9881,100335,962
2021-02-17,Kings,031,150075,21911,21617,1034,22651,211
2021-02-17,Lake,033,64148,3120,3057,2,3059,38
2021-02-17,Lassen,035,31185,5081,5052,96,5148,1
2021-02-17,Los Angeles,037,10098052,1161381,1139786,40725,1180511,19213
2021-02-17,Madera,039,155013,15380,15135,810,15945,177
2021-02-17,Marin,041,260295,12994,12881,159,13040,207
2021-02-17,Mariposa,043,17540,375,368,4,372,4
2021-02-17,Mendocino,045,87422,3598,3494,66,3560,39
2021-02-17,Merced,047,269075,27971,27824,852,28676,372
2021-02-17,Modoc,049,8938,335,327,113,440,3
2021-02-17,Mono,051,14174,1167,1180,12,1192,3
2021-02-17,Monterey,053,433212,41483,41014,1696,42710,304
2021-02-17,Napa,055,140530,8926,8865,32,8897,68
2021-02-17,Nevada,057,99092,3915,3822,156,3978,52
2021-02-17,Orange,059,3164182,244704,242716,10391,253107,3626
2021-02-17,Placer,061,380077,20221,19405,1120,20525,230
2021-02-17,Plumas,063,18699,635,623,11,634,4
2021-02-17,Riverside,065,2383286,281219,276289,13956,290245,3491
2021-02-17,Sacramento,067,1510023,93085,91309,1225,92534,1326
2021-02-17,San Benito,069,59416,5694,5661,89,5750,57
2021-02-17,San Bernardino,071,2135413,283935,278461,8730,287191,3020
2021-02-17,San Diego,073,3302833,260836,254177,12588,266765,3099
2021-02-17,San Francisco,075,870044,33697,33558,1109,34667,379
2021-02-17,San Joaquin,077,732212,65852,64556,2823,67379,979
2021-02-17,San Luis Obispo,079,281455,19274,18964,561,19525,230
2021-02-17,San Mateo,081,765935,39069,38124,401,38525,282
2021-02-17,Santa Barbara,083,443738,31836,30927,1128,32055,384
2021-02-17,Santa Clara,085,1922200,108327,107949,565,108514,1592
2021-02-17,Santa Cruz,087,273765,15163,14268,828,15096,174
2021-02-17,Shasta,089,179085,10817,10770,1226,11996,139
2021-02-17,Sierra,091,2930,48,47,14,61,0
2021-02-17,Siskiyou,093,43540,1442,1352,235,1587,4
2021-02-17,Solano,095,438530,29503,29288,355,29643,149
2021-02-17,Sonoma,097,501317,27589,27408,184,27592,281
2021-02-17,Stanislaus,099,539301,49743,49050,5422,54472,730
2021-02-17,Sutter,101,95872,8770,8681,83,8764,95
2021-02-17,Tehama,103,63373,4540,4511,510,5021,30
2021-02-17,Trinity,105,12862,362,277,45,322,3
2021-02-17,Tulare,107,460477,47256,46495,8169,54664,726
2021-02-17,Tuolumne,109,53932,3814,3806,30,3836,49
2021-02-17,Ventura,111,848112,76602,76234,2823,79057,646
2021-02-17,Yolo,113,214977,12727,12506,222,12728,182
2021-02-17,Yuba,115,75493,5411,5345,86,5431,38
2021-02-16,Alameda,001,1643700,79519,78756,1772,80528,997
2021-02-16,Alpine,003,1148,79,76,0,76,0
2021-02-16,Amador,005,37829,3432,3413,30,3443,39
2021-02-16,Butte,007,227075,11130,10748,1657,12405,164
2021-02-16,Calaveras,009,45235,1887,1872,12,1884,21
2021-02-16,Colusa,011,21464,1853,1852,262,2114,10
2021-02-16,Contra Costa,013,1133247,61952,60564,1103,61667,631
2021-02-16,Del Norte,015,27424,940,913,0,913,2
2021-02-16,El Dorado,017,186661,8982,8836,625,9461,94
2021-02-16,Fresno,019,978130,94547,93363,7776,101139,1293
2021-02-16,Glenn,021,27897,2203,2189,495,2684,14
2021-02-16,Humboldt,023,135768,3042,2994,21,3015,29
2021-02-16,Imperial,025,180216,26978,26711,2597,29308,580
2021-02-16,Inyo,027,18085,1249,1191,2,1193,32
2021-02-16,Kern,029,883053,91982,90267,9848,100115,959
2021-02-16,Kings,031,150075,21865,21583,1030,22613,206
2021-02-16,Lake,033,64148,3111,3041,2,3043,38
2021-02-16,Lassen,035,31185,5069,5047,96,5143,1
2021-02-16,Los Angeles,037,10098052,1160137,1138262,40661,1178923,19044
2021-02-16,Madera,039,155013,15341,15120,806,15926,172
2021-02-16,Marin,041,260295,12970,12832,159,12991,205
2021-02-16,Mariposa,043,17540,375,367,4,371,4
2021-02-16,Mendocino,045,87422,3594,3489,66,3555,39
2021-02-16,Merced,047,269075,27899,27724,845,28569,368
2021-02-16,Modoc,049,8938,335,326,113,439,3
2021-02-16,Mono,051,14174,1167,1180,12,1192,3
2021-02-16,Monterey,053,433212,41409,40962,1687,42649,303
2021-02-16,Napa,055,140530,8913,8854,32,8886,66
2021-02-16,Nevada,057,99092,3902,3774,155,3929,47
2021-02-16,Orange,059,3164182,244382,242382,10375,252757,3612
2021-02-16,Placer,061,380077,20189,19367,1117,20484,230
2021-02-16,Plumas,063,18699,635,619,11,630,4
2021-02-16,Riverside,065,2383286,280918,275954,13933,289887,3471
2021-02-16,Sacramento,067,1510023,92832,91246,1218,92464,1305
2021-02-16,San Benito,069,59416,5686,5659,88,5747,56
2021-02-16,San Bernardino,071,2135413,283712,277947,8719,286666,2978
2021-02-16,San Diego,073,3302833,260374,253638,12550,266188,3042
2021-02-16,San Francisco,075,870044,33626,33491,1104,34595,373
2021-02-16,San Joaquin,077,732212,65732,64448,2819,67267,979
2021-02-16,San Luis Obispo,079,281455,19229,18925,558,19483,229
2021-02-16,San Mateo,081,765935,39010,38041,399,38440,277
2021-02-16,Santa Barbara,083,443738,31763,30865,1124,31989,378
2021-02-16,Santa Clara,085,1922200,108074,107754,562,108316,1591
2021-02-16,Santa Cruz,087,273765,15144,14256,826,15082,174
2021-02-16,Shasta,089,179085,10801,10736,1224,11960,139
2021-02-16,Sierra,091,2930,48,47,14,61,0
2021-02-16,Siskiyou,093,43540,1438,1351,235,1586,4
2021-02-16,Solano,095,438530,29463,29246,354,29600,148
2021-02-16,Sonoma,097,501317,27527,27380,178,27558,279
2021-02-16,Stanislaus,099,539301,49625,48927,5405,54332,716
2021-02-16,Sutter,101,95872,8747,8671,83,8754,95
2021-02-16,Tehama,103,63373,4531,4501,509,5010,30
2021-02-16,Trinity,105,12862,358,275,45,320,3
2021-02-16,Tulare,107,460477,47192,46444,8123,54567,716
2021-02-16,Tuolumne,109,53932,3812,3796,30,3826,49
2021-02-16,Ventura,111,848112,76457,76043,2819,78862,631
2021-02-16,Yolo,113,214977,12696,12457,222,12679,175
2021-02-16,Yuba,115,75493,5404,5332,85,5417,38
2021-02-15,Alameda,001,1643700,79319,78647,1761,80408,996
2021-02-15,Alpine,003,1148,79,76,0,76,0
2021-02-15,Amador,005,37829,3428,3409,30,3439,39
2021-02-15,Butte,007,227075,11112,10723,1653,12376,155
2021-02-15,Calaveras,009,45235,1884,1871,12,1883,21
2021-02-15,Colusa,011,21464,1853,1849,258,2107,10
2021-02-15,Contra Costa,013,1133247,61777,60444,1096,61540,631
2021-02-15,Del Norte,015,27424,936,913,0,913,2
2021-02-15,El Dorado,017,186661,8965,8816,625,9441,94
2021-02-15,Fresno,019,978130,94348,93231,7738,100969,1288
2021-02-15,Glenn,021,27897,2200,2185,492,2677,14
2021-02-15,Humboldt,023,135768,3035,2997,21,3018,29
2021-02-15,Imperial,025,180216,26960,26700,2592,29292,580
2021-02-15,Inyo,027,18085,1230,1184,2,1186,32
2021-02-15,Kern,029,883053,91838,90181,9815,99996,959
2021-02-15,Kings,031,150075,21820,21574,1026,22600,205
2021-02-15,Lake,033,64148,3097,3030,1,3031,38
2021-02-15,Lassen,035,31185,5067,5047,95,5142,1
2021-02-15,Los Angeles,037,10098052,1158749,1137164,40597,1177761,18925
2021-02-15,Madera,039,155013,15310,15108,805,15913,106
2021-02-15,Marin,041,260295,12950,12810,156,12966,203
2021-02-15,Mariposa,043,17540,373,367,4,371,4
2021-02-15,Mendocino,045,87422,3582,3481,66,3547,39
2021-02-15,Merced,047,269075,27824,27656,838,28494,368
2021-02-15,Modoc,049,8938,335,326,113,439,3
2021-02-15,Mono,051,14174,1164,1178,12,1190,3
2021-02-15,Monterey,053,433212,41348,40911,1673,42584,302
2021-02-15,Napa,055,140530,8899,8837,32,8869,57
2021-02-15,Nevada,057,99092,3885,3767,154,3921,47
2021-02-15,Orange,059,3164182,244063,242176,10348,252524,3586
2021-02-15,Placer,061,380077,20163,19361,1116,20477,230
2021-02-15,Plumas,063,18699,635,620,11,631,4
2021-02-15,Riverside,065,2383286,280572,275771,13918,289689,3468
2021-02-15,Sacramento,067,1510023,92505,91091,1213,92304,1304
2021-02-15,San Benito,069,59416,5677,5649,88,5737,56
2021-02-15,San Bernardino,071,2135413,283457,277869,8711,286580,2945
2021-02-15,San Diego,073,3302833,259862,252940,12518,265458,3037
2021-02-15,San Francisco,075,870044,33553,33454,1096,34550,373
2021-02-15,San Joaquin,077,732212,65567,64382,2812,67194,979
2021-02-15,San Luis Obispo,079,281455,19176,18891,556,19447,227
2021-02-15,San Mateo,081,765935,38933,37969,396,38365,277
2021-02-15,Santa Barbara,083,443738,31662,30810,1121,31931,378
2021-02-15,Santa Clara,085,1922200,107840,107630,560,108190,1588
2021-02-15,Santa Cruz,087,273765,15112,14239,823,15062,175
2021-02-15,Shasta,089,179085,10781,10730,1219,11949,139
2021-02-15,Sierra,091,2930,48,47,14,61,0
2021-02-15,Siskiyou,093,43540,1430,1345,234,1579,4
2021-02-15,Solano,095,438530,29408,29225,354,29579,148
2021-02-15,Sonoma,097,501317,27441,27359,174,27533,276
2021-02-15,Stanislaus,099,539301,49501,48808,5391,54199,716
2021-02-15,Sutter,101,95872,8732,8652,83,8735,95
2021-02-15,Tehama,103,63373,4520,4492,507,4999,30
2021-02-15,Trinity,105,12862,357,274,45,319,3
2021-02-15,Tulare,107,460477,47118,46344,8083,54427,715
2021-02-15,Tuolumne,109,53932,3802,3794,30,3824,49
2021-02-15,Ventura,111,848112,76301,75889,2816,78705,629
2021-02-15,Yolo,113,214977,12660,12412,215,12627,175
2021-02-15,Yuba,115,75493,5387,5320,84,5404,38
2021-02-14,Alameda,001,1643700,79162,78442,1760,80202,995
2021-02-14,Alpine,003,1148,79,76,0,76,0
2021-02-14,Amador,005,37829,3423,3398,30,3428,39
2021-02-14,Butte,007,227075,11088,10717,1648,12365,155
2021-02-14,Calaveras,009,45235,1881,1866,12,1878,21
2021-02-14,Colusa,011,21464,1849,1845,255,2100,10
2021-02-14,Contra Costa,013,1133247,61629,60272,1093,61365,631
2021-02-14,Del Norte,015,27424,932,911,0,911,2
2021-02-14,El Dorado,017,186661,8935,8790,623,9413,94
2021-02-14,Fresno,019,978130,94179,93065,7713,100778,1287
2021-02-14,Glenn,021,27897,2198,2184,492,2676,14
2021-02-14,Humboldt,023,135768,3022,2992,21,3013,29
2021-02-14,Imperial,025,180216,26952,26696,2591,29287,580
2021-02-14,Inyo,027,18085,1224,1177,2,1179,32
2021-02-14,Kern,029,883053,91680,90038,9760,99798,959
2021-02-14,Kings,031,150075,21794,21538,1024,22562,205
2021-02-14,Lake,033,64148,3088,3030,1,3031,38
2021-02-14,Lassen,035,31185,5063,5037,95,5132,1
2021-02-14,Los Angeles,037,10098052,1157411,1135450,40509,1175959,18898
2021-02-14,Madera,039,155013,15278,15089,801,15890,106
2021-02-14,Marin,041,260295,12926,12784,156,12940,201
2021-02-14,Mariposa,043,17540,373,365,4,369,4
2021-02-14,Mendocino,045,87422,3577,3475,66,3541,39
2021-02-14,Merced,047,269075,27747,27601,832,28433,368
2021-02-14,Modoc,049,8938,335,326,113,439,3
2021-02-14,Mono,051,14174,1163,1180,12,1192,3
2021-02-14,Monterey,053,433212,41298,40842,1669,42511,302
2021-02-14,Napa,055,140530,8879,8826,32,8858,57
2021-02-14,Nevada,057,99092,3869,3761,154,3915,47
2021-02-14,Orange,059,3164182,243756,241859,10327,252186,3564
2021-02-14,Placer,061,380077,20124,19313,1111,20424,230
2021-02-14,Plumas,063,18699,634,620,11,631,4
2021-02-14,Riverside,065,2383286,280258,275518,13897,289415,3471
2021-02-14,Sacramento,067,1510023,92298,90856,1209,92065,1304
2021-02-14,San Benito,069,59416,5669,5641,87,5728,56
2021-02-14,San Bernardino,071,2135413,283140,277664,8692,286356,2929
2021-02-14,San Diego,073,3302833,259370,252247,12470,264717,3037
2021-02-14,San Francisco,075,870044,33481,33374,1086,34460,372
2021-02-14,San Joaquin,077,732212,65468,64243,2798,67041,979
2021-02-14,San Luis Obispo,079,281455,19138,18868,553,19421,225
2021-02-14,San Mateo,081,765935,38849,37859,396,38255,277
2021-02-14,Santa Barbara,083,443738,31570,30744,1117,31861,377
2021-02-14,Santa Clara,085,1922200,107640,107412,556,107968,1582
2021-02-14,Santa Cruz,087,273765,15084,14225,818,15043,175
2021-02-14,Shasta,089,179085,10751,10720,1213,11933,139
2021-02-14,Sierra,091,2930,48,47,14,61,0
2021-02-14,Siskiyou,093,43540,1426,1340,234,1574,4
2021-02-14,Solano,095,438530,29370,29150,350,29500,148
2021-02-14,Sonoma,097,501317,27364,27266,172,27438,276
2021-02-14,Stanislaus,099,539301,49395,48672,5375,54047,716
2021-02-14,Sutter,101,95872,8709,8642,83,8725,95
2021-02-14,Tehama,103,63373,4512,4490,505,4995,30
2021-02-14,Trinity,105,12862,357,272,45,317,3
2021-02-14,Tulare,107,460477,47043,46263,8028,54291,715
2021-02-14,Tuolumne,109,53932,3801,3764,30,3794,49
2021-02-14,Ventura,111,848112,76126,75742,2805,78547,629
2021-02-14,Yolo,113,214977,12631,12399,214,12613,175
2021-02-14,Yuba,115,75493,5377,5314,84,5398,38
2021-02-13,Alameda,001,1643700,79044,78246,1757,80003,995
2021-02-13,Alpine,003,1148,79,76,0,76,0
2021-02-13,Amador,005,37829,3420,3387,30,3417,38
2021-02-13,Butte,007,227075,11072,10699,1647,12346,155
2021-02-13,Calaveras,009,45235,1877,1863,12,1875,21
2021-02-13,Colusa,011,21464,1849,1837,255,2092,10
2021-02-13,Contra Costa,013,1133247,61509,60100,1093,61193,629
2021-02-13,Del Norte,015,27424,930,908,0,908,2
2021-02-13,El Dorado,017,186661,8924,8758,622,9380,93
2021-02-13,Fresno,019,978130,94067,92807,7689,100496,1287
2021-02-13,Glenn,021,27897,2197,2182,492,2674,14
2021-02-13,Humboldt,023,135768,3009,2974,20,2994,29
2021-02-13,Imperial,025,180216,26945,26680,2589,29269,580
2021-02-13,Inyo,027,18085,1220,1168,2,1170,32
2021-02-13,Kern,029,883053,91591,89915,9735,99650,957
2021-02-13,Kings,031,150075,21779,21513,1022,22535,205
2021-02-13,Lake,033,64148,3082,3025,1,3026,37
2021-02-13,Lassen,035,31185,5060,5028,95,5123,1
2021-02-13,Los Angeles,037,10098052,1156554,1133752,40459,1174211,18822
2021-02-13,Madera,039,155013,15269,15053,796,15849,106
2021-02-13,Marin,041,260295,12905,12757,156,12913,201
2021-02-13,Mariposa,043,17540,373,365,4,369,4
2021-02-13,Mendocino,045,87422,3567,3466,66,3532,38
2021-02-13,Merced,047,269075,27703,27541,829,28370,368
2021-02-13,Modoc,049,8938,335,325,113,438,3
2021-02-13,Mono,051,14174,1163,1176,12,1188,3
2021-02-13,Monterey,053,433212,41267,40731,1667,42398,301
2021-02-13,Napa,055,140530,8870,8809,32,8841,57
2021-02-13,Nevada,057,99092,3860,3742,153,3895,47
2021-02-13,Orange,059,3164182,243552,241545,10306,251851,3520
2021-02-13,Placer,061,380077,20104,19214,1111,20325,230
2021-02-13,Plumas,063,18699,634,616,11,627,4
2021-02-13,Riverside,065,2383286,280030,275276,13887,289163,3462
2021-02-13,Sacramento,067,1510023,92131,90401,1206,91607,1302
2021-02-13,San Benito,069,59416,5655,5633,87,5720,56
2021-02-13,San Bernardino,071,2135413,282988,277405,8680,286085,2899
2021-02-13,San Diego,073,3302833,259040,251679,12458,264137,3009
2021-02-13,San Francisco,075,870044,33432,33291,1075,34366,364
2021-02-13,San Joaquin,077,732212,65400,64105,2788,66893,977
2021-02-13,San Luis Obispo,079,281455,19110,18803,547,19350,225
2021-02-13,San Mateo,081,765935,38796,37745,396,38141,277
2021-02-13,Santa Barbara,083,443738,31519,30594,1115,31709,374
2021-02-13,Santa Clara,085,1922200,107455,107125,552,107677,1570
2021-02-13,Santa Cruz,087,273765,15057,14198,817,15015,173
2021-02-13,Shasta,089,179085,10739,10713,1208,11921,139
2021-02-13,Sierra,091,2930,48,47,14,61,0
2021-02-13,Siskiyou,093,43540,1423,1336,234,1570,4
2021-02-13,Solano,095,438530,29334,29084,350,29434,148
2021-02-13,Sonoma,097,501317,27318,27157,170,27327,276
2021-02-13,Stanislaus,099,539301,49326,48568,5369,53937,697
2021-02-13,Sutter,101,95872,8697,8626,83,8709,94
2021-02-13,Tehama,103,63373,4503,4484,504,4988,30
2021-02-13,Trinity,105,12862,356,272,44,316,3
2021-02-13,Tulare,107,460477,46999,46162,7991,54153,709
2021-02-13,Tuolumne,109,53932,3800,3752,30,3782,49
2021-02-13,Ventura,111,848112,75989,75481,2799,78280,618
2021-02-13,Yolo,113,214977,12619,12374,213,12587,175
2021-02-13,Yuba,115,75493,5369,5289,84,5373,38
2021-02-12,Alameda,001,1643700,78909,77958,1751,79709,974
2021-02-12,Alpine,003,1148,79,76,0,76,0
2021-02-12,Amador,005,37829,3416,3381,30,3411,38
2021-02-12,Butte,007,227075,11057,10655,1640,12295,155
2021-02-12,Calaveras,009,45235,1874,1860,12,1872,21
2021-02-12,Colusa,011,21464,1849,1836,255,2091,10
2021-02-12,Contra Costa,013,1133247,61359,59878,1089,60967,620
2021-02-12,Del Norte,015,27424,920,901,0,901,2
2021-02-12,El Dorado,017,186661,8908,8725,619,9344,92
2021-02-12,Fresno,019,978130,93914,92520,7668,100188,1273
2021-02-12,Glenn,021,27897,2194,2175,492,2667,14
2021-02-12,Humboldt,023,135768,3001,2961,20,2981,29
2021-02-12,Imperial,025,180216,26936,26646,2587,29233,585
2021-02-12,Inyo,027,18085,1214,1156,2,1158,32
2021-02-12,Kern,029,883053,91481,89532,9699,99231,949
2021-02-12,Kings,031,150075,21748,21462,1016,22478,202
2021-02-12,Lake,033,64148,3078,3012,1,3013,36
2021-02-12,Lassen,035,31185,5058,5015,95,5110,1
2021-02-12,Los Angeles,037,10098052,1155351,1131185,40388,1171573,18637
2021-02-12,Madera,039,155013,15242,15022,793,15815,106
2021-02-12,Marin,041,260295,12879,12720,156,12876,200
2021-02-12,Mariposa,043,17540,372,365,4,369,4
2021-02-12,Mendocino,045,87422,3565,3447,66,3513,38
2021-02-12,Merced,047,269075,27652,27453,826,28279,367
2021-02-12,Modoc,049,8938,335,324,113,437,3
2021-02-12,Mono,051,14174,1162,1172,12,1184,3
2021-02-12,Monterey,053,433212,41220,40633,1658,42291,297
2021-02-12,Napa,055,140530,8858,8785,32,8817,55
2021-02-12,Nevada,057,99092,3855,3728,153,3881,47
2021-02-12,Orange,059,3164182,243314,241075,10290,251365,3505
2021-02-12,Placer,061,380077,20063,19174,1106,20280,230
2021-02-12,Plumas,063,18699,633,614,11,625,4
2021-02-12,Riverside,065,2383286,279756,274792,13869,288661,3438
2021-02-12,Sacramento,067,1510023,91926,90252,1205,91457,1295
2021-02-12,San Benito,069,59416,5639,5622,86,5708,56
2021-02-12,San Bernardino,071,2135413,282795,276890,8668,285558,2827
2021-02-12,San Diego,073,3302833,258658,250788,12432,263220,2979
2021-02-12,San Francisco,075,870044,33372,33179,1071,34250,359
2021-02-12,San Joaquin,077,732212,65306,63966,2780,66746,975
2021-02-12,San Luis Obispo,079,281455,19069,18687,546,19233,224
2021-02-12,San Mateo,081,765935,38724,37560,396,37956,254
2021-02-12,Santa Barbara,083,443738,31448,30454,1110,31564,372
2021-02-12,Santa Clara,085,1922200,107286,106759,549,107308,1543
2021-02-12,Santa Cruz,087,273765,15037,14147,817,14964,170
2021-02-12,Shasta,089,179085,10721,10693,1198,11891,142
2021-02-12,Sierra,091,2930,47,45,14,59,0
2021-02-12,Siskiyou,093,43540,1419,1324,231,1555,4
2021-02-12,Solano,095,438530,29302,28996,347,29343,147
2021-02-12,Sonoma,097,501317,27263,27064,166,27230,275
2021-02-12,Stanislaus,099,539301,49243,48418,5344,53762,697
2021-02-12,Sutter,101,95872,8683,8609,83,8692,93
2021-02-12,Tehama,103,63373,4495,4470,503,4973,27
2021-02-12,Trinity,105,12862,356,269,44,313,3
2021-02-12,Tulare,107,460477,46921,46016,7964,53980,710
2021-02-12,Tuolumne,109,53932,3798,3736,29,3765,49
2021-02-12,Ventura,111,848112,75822,75210,2791,78001,605
2021-02-12,Yolo,113,214977,12599,12340,213,12553,175
2021-02-12,Yuba,115,75493,5361,5274,84,5358,38
2021-02-11,Alameda,001,1643700,78681,77564,1746,79310,960
2021-02-11,Alpine,003,1148,78,76,0,76,0
2021-02-11,Amador,005,37829,3412,3368,30,3398,35
2021-02-11,Butte,007,227075,11033,10624,1638,12262,155
2021-02-11,Calaveras,009,45235,1871,1856,12,1868,21
2021-02-11,Colusa,011,21464,1844,1823,253,2076,10
2021-02-11,Contra Costa,013,1133247,61192,59633,1085,60718,605
2021-02-11,Del Norte,015,27424,915,894,0,894,2
2021-02-11,El Dorado,017,186661,8887,8698,619,9317,92
2021-02-11,Fresno,019,978130,93760,92168,7642,99810,1255
2021-02-11,Glenn,021,27897,2192,2166,490,2656,14
2021-02-11,Humboldt,023,135768,2988,2954,19,2973,29
2021-02-11,Imperial,025,180216,26913,26545,2585,29130,578
2021-02-11,Inyo,027,18085,1205,1144,2,1146,32
2021-02-11,Kern,029,883053,91294,89224,9652,98876,941
2021-02-11,Kings,031,150075,21718,21373,1013,22386,202
2021-02-11,Lake,033,64148,3068,3002,1,3003,36
2021-02-11,Lassen,035,31185,5047,5004,92,5096,1
2021-02-11,Los Angeles,037,10098052,1153725,1128437,40316,1168753,18500
2021-02-11,Madera,039,155013,15221,14984,791,15775,106
2021-02-11,Marin,041,260295,12842,12682,156,12838,200
2021-02-11,Mariposa,043,17540,372,361,4,365,4
2021-02-11,Mendocino,045,87422,3558,3420,66,3486,38
2021-02-11,Merced,047,269075,27587,27325,822,28147,363
2021-02-11,Modoc,049,8938,334,317,113,430,3
2021-02-11,Mono,051,14174,1158,1173,12,1185,3
2021-02-11,Monterey,053,433212,41112,40469,1651,42120,295
2021-02-11,Napa,055,140530,8837,8777,32,8809,55
2021-02-11,Nevada,057,99092,3839,3720,153,3873,47
2021-02-11,Orange,059,3164182,242950,240590,10266,250856,3476
2021-02-11,Placer,061,380077,20023,19118,1105,20223,224
2021-02-11,Plumas,063,18699,632,592,11,603,4
2021-02-11,Riverside,065,2383286,279391,274313,13854,288167,3394
2021-02-11,Sacramento,067,1510023,91684,89988,1199,91187,1286
2021-02-11,San Benito,069,59416,5630,5609,86,5695,56
2021-02-11,San Bernardino,071,2135413,282479,276349,8654,285003,2774
2021-02-11,San Diego,073,3302833,258107,249971,12398,262369,2955
2021-02-11,San Francisco,075,870044,33289,33076,1059,34135,356
2021-02-11,San Joaquin,077,732212,65136,63719,2769,66488,971
2021-02-11,San Luis Obispo,079,281455,19004,18615,542,19157,219
2021-02-11,San Mateo,081,765935,38634,37439,393,37832,253
2021-02-11,Santa Barbara,083,443738,31355,30375,1105,31480,370
2021-02-11,Santa Clara,085,1922200,107030,106392,543,106935,1507
2021-02-11,Santa Cruz,087,273765,15015,14088,811,14899,165
2021-02-11,Shasta,089,179085,10697,10672,1194,11866,140
2021-02-11,Sierra,091,2930,47,45,14,59,0
2021-02-11,Siskiyou,093,43540,1404,1320,231,1551,4
2021-02-11,Solano,095,438530,29250,28885,347,29232,138
2021-02-11,Sonoma,097,501317,27180,26971,163,27134,272
2021-02-11,Stanislaus,099,539301,49099,48205,5333,53538,697
2021-02-11,Sutter,101,95872,8669,8590,82,8672,93
2021-02-11,Tehama,103,63373,4489,4463,503,4966,26
2021-02-11,Trinity,105,12862,356,269,44,313,3
2021-02-11,Tulare,107,460477,46829,45897,7919,53816,706
2021-02-11,Tuolumne,109,53932,3761,3716,29,3745,48
2021-02-11,Ventura,111,848112,75621,74959,2782,77741,590
2021-02-11,Yolo,113,214977,12576,12303,211,12514,173
2021-02-11,Yuba,115,75493,5347,5261,82,5343,38
2021-02-10,Alameda,001,1643700,78477,77344,1744,79088,944
2021-02-10,Alpine,003,1148,78,76,0,76,0
2021-02-10,Amador,005,37829,3400,3348,30,3378,35
2021-02-10,Butte,007,227075,11007,10594,1637,12231,155
2021-02-10,Calaveras,009,45235,1869,1850,12,1862,21
2021-02-10,Colusa,011,21464,1837,1815,251,2066,10
2021-02-10,Contra Costa,013,1133247,61020,59488,1083,60571,590
2021-02-10,Del Norte,015,27424,909,888,0,888,2
2021-02-10,El Dorado,017,186661,8857,8682,615,9297,87
2021-02-10,Fresno,019,978130,93587,91876,7616,99492,1247
2021-02-10,Glenn,021,27897,2190,2160,488,2648,14
2021-02-10,Humboldt,023,135768,2980,2924,19,2943,29
2021-02-10,Imperial,025,180216,26873,26522,2582,29104,578
2021-02-10,Inyo,027,18085,1193,1138,2,1140,30
2021-02-10,Kern,029,883053,91090,88933,9595,98528,926
2021-02-10,Kings,031,150075,21676,21294,1009,22303,197
2021-02-10,Lake,033,64148,3055,2975,1,2976,36
2021-02-10,Lassen,035,31185,5043,4993,92,5085,1
2021-02-10,Los Angeles,037,10098052,1151987,1125437,40182,1165619,18338
2021-02-10,Madera,039,155013,15183,14925,789,15714,105
2021-02-10,Marin,041,260295,12805,12651,156,12807,199
2021-02-10,Mariposa,043,17540,370,360,4,364,4
2021-02-10,Mendocino,045,87422,3543,3395,66,3461,38
2021-02-10,Merced,047,269075,27505,27246,811,28057,359
2021-02-10,Modoc,049,8938,333,315,111,426,3
2021-02-10,Mono,051,14174,1154,1170,12,1182,3
2021-02-10,Monterey,053,433212,41033,40366,1637,42003,288
2021-02-10,Napa,055,140530,8818,8769,32,8801,55
2021-02-10,Nevada,057,99092,3824,3693,151,3844,47
2021-02-10,Orange,059,3164182,242532,239974,10234,250208,3439
2021-02-10,Placer,061,380077,19984,19062,1100,20162,220
2021-02-10,Plumas,063,18699,629,589,11,600,2
2021-02-10,Riverside,065,2383286,278978,273721,13844,287565,3374
2021-02-10,Sacramento,067,1510023,91435,89653,1194,90847,1275
2021-02-10,San Benito,069,59416,5616,5591,86,5677,55
2021-02-10,San Bernardino,071,2135413,282120,275616,8637,284253,2696
2021-02-10,San Diego,073,3302833,257526,248858,12360,261218,2904
2021-02-10,San Francisco,075,870044,33207,32955,1056,34011,351
2021-02-10,San Joaquin,077,732212,64995,63484,2755,66239,954
2021-02-10,San Luis Obispo,079,281455,18925,18549,540,19089,216
2021-02-10,San Mateo,081,765935,38544,37323,393,37716,245
2021-02-10,Santa Barbara,083,443738,31266,30216,1100,31316,359
2021-02-10,Santa Clara,085,1922200,106792,106048,540,106588,1489
2021-02-10,Santa Cruz,087,273765,14980,14007,808,14815,165
2021-02-10,Shasta,089,179085,10673,10645,1191,11836,142
2021-02-10,Sierra,091,2930,47,45,14,59,0
2021-02-10,Siskiyou,093,43540,1399,1314,230,1544,4
2021-02-10,Solano,095,438530,29176,28835,345,29180,137
2021-02-10,Sonoma,097,501317,27088,26881,161,27042,271
2021-02-10,Stanislaus,099,539301,48985,48016,5315,53331,696
2021-02-10,Sutter,101,95872,8652,8571,82,8653,93
2021-02-10,Tehama,103,63373,4481,4445,503,4948,23
2021-02-10,Trinity,105,12862,354,268,44,312,3
2021-02-10,Tulare,107,460477,46714,45782,7879,53661,696
2021-02-10,Tuolumne,109,53932,3753,3691,29,3720,48
2021-02-10,Ventura,111,848112,75395,74651,2764,77415,580
2021-02-10,Yolo,113,214977,12550,12276,210,12486,174
2021-02-10,Yuba,115,75493,5329,5241,82,5323,38
2021-02-09,Alameda,001,1643700,78212,77018,1741,78759,936
2021-02-09,Alpine,003,1148,78,76,0,76,0
2021-02-09,Amador,005,37829,3392,3347,30,3377,35
2021-02-09,Butte,007,227075,10980,10563,1635,12198,153
2021-02-09,Calaveras,009,45235,1864,1847,12,1859,21
2021-02-09,Colusa,011,21464,1828,1812,246,2058,10
2021-02-09,Contra Costa,013,1133247,60832,59307,1077,60384,583
2021-02-09,Del Norte,015,27424,903,886,0,886,2
2021-02-09,El Dorado,017,186661,8831,8663,614,9277,87
2021-02-09,Fresno,019,978130,93352,91730,7582,99312,1211
2021-02-09,Glenn,021,27897,2186,2156,487,2643,14
2021-02-09,Humboldt,023,135768,2972,2904,19,2923,29
2021-02-09,Imperial,025,180216,26845,26509,2579,29088,568
2021-02-09,Inyo,027,18085,1185,1137,2,1139,30
2021-02-09,Kern,029,883053,90843,88684,9547,98231,920
2021-02-09,Kings,031,150075,21635,21275,1007,22282,196
2021-02-09,Lake,033,64148,3044,2955,1,2956,36
2021-02-09,Lassen,035,31185,5036,4983,92,5075,1
2021-02-09,Los Angeles,037,10098052,1150025,1122745,40092,1162837,18198
2021-02-09,Madera,039,155013,15163,14912,786,15698,105
2021-02-09,Marin,041,260295,12772,12623,155,12778,197
2021-02-09,Mariposa,043,17540,368,355,4,359,4
2021-02-09,Mendocino,045,87422,3525,3369,66,3435,38
2021-02-09,Merced,047,269075,27407,27166,806,27972,354
2021-02-09,Modoc,049,8938,332,316,111,427,3
2021-02-09,Mono,051,14174,1153,1167,12,1179,3
2021-02-09,Monterey,053,433212,40924,40279,1626,41905,285
2021-02-09,Napa,055,140530,8805,8749,32,8781,55
2021-02-09,Nevada,057,99092,3808,3687,151,3838,44
2021-02-09,Orange,059,3164182,242117,239169,10201,249370,3406
2021-02-09,Placer,061,380077,19920,19008,1093,20101,220
2021-02-09,Plumas,063,18699,629,584,11,595,2
2021-02-09,Riverside,065,2383286,278491,273465,13829,287294,3334
2021-02-09,Sacramento,067,1510023,91126,89378,1191,90569,1265
2021-02-09,San Benito,069,59416,5604,5566,85,5651,54
2021-02-09,San Bernardino,071,2135413,281747,274998,8623,283621,2613
2021-02-09,San Diego,073,3302833,256870,248048,12316,260364,2853
2021-02-09,San Francisco,075,870044,33128,32782,1046,33828,349
2021-02-09,San Joaquin,077,732212,64821,63341,2750,66091,937
2021-02-09,San Luis Obispo,079,281455,18866,18489,539,19028,216
2021-02-09,San Mateo,081,765935,38414,37227,392,37619,235
2021-02-09,Santa Barbara,083,443738,31156,30118,1093,31211,351
2021-02-09,Santa Clara,085,1922200,106485,105762,537,106299,1463
2021-02-09,Santa Cruz,087,273765,14930,13958,803,14761,162
2021-02-09,Shasta,089,179085,10647,10595,1189,11784,139
2021-02-09,Sierra,091,2930,47,44,14,58,0
2021-02-09,Siskiyou,093,43540,1392,1306,227,1533,4
2021-02-09,Solano,095,438530,29100,28769,341,29110,131
2021-02-09,Sonoma,097,501317,26998,26826,159,26985,267
2021-02-09,Stanislaus,099,539301,48824,47906,5299,53205,679
2021-02-09,Sutter,101,95872,8635,8541,82,8623,92
2021-02-09,Tehama,103,63373,4474,4416,501,4917,22
2021-02-09,Trinity,105,12862,354,266,44,310,3
2021-02-09,Tulare,107,460477,46583,45704,7821,53525,686
2021-02-09,Tuolumne,109,53932,3733,3673,29,3702,48
2021-02-09,Ventura,111,848112,75145,74333,2756,77089,567
2021-02-09,Yolo,113,214977,12507,12220,209,12429,174
2021-02-09,Yuba,115,75493,5320,5235,82,5317,35
2021-02-08,Alameda,001,1643700,77945,76735,1736,78471,924
2021-02-08,Alpine,003,1148,78,73,0,73,0
2021-02-08,Amador,005,37829,3385,3344,29,3373,33
2021-02-08,Butte,007,227075,10958,10524,1632,12156,152
2021-02-08,Calaveras,009,45235,1861,1840,12,1852,21
2021-02-08,Colusa,011,21464,1820,1802,242,2044,10
2021-02-08,Contra Costa,013,1133247,60624,59039,1075,60114,567
2021-02-08,Del Norte,015,27424,900,885,0,885,2
2021-02-08,El Dorado,017,186661,8800,8627,612,9239,86
2021-02-08,Fresno,019,978130,93144,91430,7554,98984,1207
2021-02-08,Glenn,021,27897,2179,2148,485,2633,14
2021-02-08,Humboldt,023,135768,2964,2902,19,2921,29
2021-02-08,Imperial,025,180216,26826,26526,2577,29103,567
2021-02-08,Inyo,027,18085,1172,1126,2,1128,30
2021-02-08,Kern,029,883053,90628,88380,9488,97868,920
2021-02-08,Kings,031,150075,21573,21232,1004,22236,195
2021-02-08,Lake,033,64148,3025,2949,1,2950,36
2021-02-08,Lassen,035,31185,5023,4976,92,5068,1
2021-02-08,Los Angeles,037,10098052,1147937,1120179,39969,1160148,17977
2021-02-08,Madera,039,155013,15126,14887,779,15666,93
2021-02-08,Marin,041,260295,12743,12591,155,12746,194
2021-02-08,Mariposa,043,17540,368,355,4,359,4
2021-02-08,Mendocino,045,87422,3511,3355,66,3421,38
2021-02-08,Merced,047,269075,27323,27082,801,27883,346
2021-02-08,Modoc,049,8938,330,318,111,429,3
2021-02-08,Mono,051,14174,1153,1165,12,1177,3
2021-02-08,Monterey,053,433212,40801,40186,1607,41793,283
2021-02-08,Napa,055,140530,8790,8719,32,8751,55
2021-02-08,Nevada,057,99092,3796,3671,151,3822,44
2021-02-08,Orange,059,3164182,241649,238715,10177,248892,3361
2021-02-08,Placer,061,380077,19877,18944,1086,20030,211
2021-02-08,Plumas,063,18699,628,584,11,595,2
2021-02-08,Riverside,065,2383286,277932,272904,13805,286709,3301
2021-02-08,Sacramento,067,1510023,90839,89267,1188,90455,1247
2021-02-08,San Benito,069,59416,5599,5553,84,5637,52
2021-02-08,San Bernardino,071,2135413,281347,274661,8617,283278,2587
2021-02-08,San Diego,073,3302833,256128,247259,12275,259534,2821
2021-02-08,San Francisco,075,870044,33034,32679,1038,33717,348
2021-02-08,San Joaquin,077,732212,64660,63148,2740,65888,929
2021-02-08,San Luis Obispo,079,281455,18809,18421,534,18955,214
2021-02-08,San Mateo,081,765935,38305,37084,392,37476,232
2021-02-08,Santa Barbara,083,443738,31043,29978,1086,31064,340
2021-02-08,Santa Clara,085,1922200,106160,105413,529,105942,1456
2021-02-08,Santa Cruz,087,273765,14891,13921,796,14717,161
2021-02-08,Shasta,089,179085,10621,10574,1183,11757,137
2021-02-08,Sierra,091,2930,47,44,14,58,0
2021-02-08,Siskiyou,093,43540,1389,1303,227,1530,4
2021-02-08,Solano,095,438530,29037,28644,339,28983,130
2021-02-08,Sonoma,097,501317,26908,26760,158,26918,259
2021-02-08,Stanislaus,099,539301,48672,47704,5270,52974,679
2021-02-08,Sutter,101,95872,8616,8526,82,8608,92
2021-02-08,Tehama,103,63373,4459,4403,499,4902,22
2021-02-08,Trinity,105,12862,352,266,44,310,3
2021-02-08,Tulare,107,460477,46477,45617,7780,53397,673
2021-02-08,Tuolumne,109,53932,3725,3647,29,3676,48
2021-02-08,Ventura,111,848112,74888,74068,2750,76818,565
2021-02-08,Yolo,113,214977,12475,12169,208,12377,162
2021-02-08,Yuba,115,75493,5304,5215,82,5297,35
2021-02-07,Alameda,001,1643700,77642,76500,1727,78227,924
2021-02-07,Alpine,003,1148,75,72,0,72,0
2021-02-07,Amador,005,37829,3364,3343,29,3372,33
2021-02-07,Butte,007,227075,10925,10513,1622,12135,152
2021-02-07,Calaveras,009,45235,1856,1837,12,1849,21
2021-02-07,Colusa,011,21464,1809,1795,240,2035,10
2021-02-07,Contra Costa,013,1133247,60387,58836,1069,59905,566
2021-02-07,Del Norte,015,27424,896,881,0,881,2
2021-02-07,El Dorado,017,186661,8771,8596,610,9206,86
2021-02-07,Fresno,019,978130,92916,91184,7514,98698,1207
2021-02-07,Glenn,021,27897,2175,2141,481,2622,14
2021-02-07,Humboldt,023,135768,2943,2895,19,2914,28
2021-02-07,Imperial,025,180216,26800,26518,2570,29088,567
2021-02-07,Inyo,027,18085,1161,1124,2,1126,27
2021-02-07,Kern,029,883053,90383,88146,9431,97577,920
2021-02-07,Kings,031,150075,21513,21180,1001,22181,192
2021-02-07,Lake,033,64148,3009,2940,1,2941,36
2021-02-07,Lassen,035,31185,5012,4973,92,5065,1
2021-02-07,Los Angeles,037,10098052,1145192,1117551,39835,1157386,17889
2021-02-07,Madera,039,155013,15092,14850,775,15625,93
2021-02-07,Marin,041,260295,12709,12571,153,12724,194
2021-02-07,Mariposa,043,17540,367,355,4,359,4
2021-02-07,Mendocino,045,87422,3494,3348,66,3414,38
2021-02-07,Merced,047,269075,27212,26977,789,27766,346
2021-02-07,Modoc,049,8938,330,317,107,424,3
2021-02-07,Mono,051,14174,1150,1165,12,1177,3
2021-02-07,Monterey,053,433212,40665,40113,1586,41699,283
2021-02-07,Napa,055,140530,8767,8701,32,8733,55
2021-02-07,Nevada,057,99092,3785,3643,151,3794,44
2021-02-07,Orange,059,3164182,241051,238155,10145,248300,3336
2021-02-07,Placer,061,380077,19829,18903,1072,19975,211
2021-02-07,Plumas,063,18699,628,584,11,595,2
2021-02-07,Riverside,065,2383286,277420,272301,13782,286083,3267
2021-02-07,Sacramento,067,1510023,90510,88919,1179,90098,1246
2021-02-07,San Benito,069,59416,5580,5548,83,5631,52
2021-02-07,San Bernardino,071,2135413,280762,274316,8594,282910,2587
2021-02-07,San Diego,073,3302833,255342,246561,12211,258772,2821
2021-02-07,San Francisco,075,870044,32914,32609,1026,33635,348
2021-02-07,San Joaquin,077,732212,64389,63051,2724,65775,929
2021-02-07,San Luis Obispo,079,281455,18737,18349,527,18876,214
2021-02-07,San Mateo,081,765935,38171,36984,390,37374,232
2021-02-07,Santa Barbara,083,443738,30907,29815,1075,30890,340
2021-02-07,Santa Clara,085,1922200,105820,105118,519,105637,1450
2021-02-07,Santa Cruz,087,273765,14837,13887,792,14679,161
2021-02-07,Shasta,089,179085,10601,10570,1175,11745,137
2021-02-07,Sierra,091,2930,47,43,14,57,0
2021-02-07,Siskiyou,093,43540,1382,1295,225,1520,4
2021-02-07,Solano,095,438530,28927,28567,338,28905,130
2021-02-07,Sonoma,097,501317,26802,26684,154,26838,257
2021-02-07,Stanislaus,099,539301,48481,47551,5238,52789,679
2021-02-07,Sutter,101,95872,8589,8515,82,8597,92
2021-02-07,Tehama,103,63373,4445,4396,497,4893,22
2021-02-07,Trinity,105,12862,349,264,42,306,3
2021-02-07,Tulare,107,460477,46356,45520,7700,53220,671
2021-02-07,Tuolumne,109,53932,3701,3619,28,3647,48
2021-02-07,Ventura,111,848112,74580,73759,2737,76496,561
2021-02-07,Yolo,113,214977,12430,12135,208,12343,162
2021-02-07,Yuba,115,75493,5289,5198,80,5278,35
2021-02-06,Alameda,001,1643700,77484,76170,1716,77886,922
2021-02-06,Alpine,003,1148,75,72,0,72,0
2021-02-06,Amador,005,37829,3358,3306,29,3335,33
2021-02-06,Butte,007,227075,10908,10480,1618,12098,150
2021-02-06,Calaveras,009,45235,1854,1832,12,1844,21
2021-02-06,Colusa,011,21464,1807,1791,239,2030,10
2021-02-06,Contra Costa,013,1133247,60241,58567,1063,59630,566
2021-02-06,Del Norte,015,27424,892,879,0,879,2
2021-02-06,El Dorado,017,186661,8764,8575,606,9181,86
2021-02-06,Fresno,019,978130,92804,90944,7492,98436,1207
2021-02-06,Glenn,021,27897,2174,2136,479,2615,14
2021-02-06,Humboldt,023,135768,2932,2880,19,2899,28
2021-02-06,Imperial,025,180216,26790,26514,2569,29083,567
2021-02-06,Inyo,027,18085,1158,1113,2,1115,27
2021-02-06,Kern,029,883053,90232,87919,9384,97303,912
2021-02-06,Kings,031,150075,21483,21156,1001,22157,190
2021-02-06,Lake,033,64148,3004,2920,1,2921,34
2021-02-06,Lassen,035,31185,5008,4964,91,5055,1
2021-02-06,Los Angeles,037,10098052,1143844,1114718,39733,1154451,17793
2021-02-06,Madera,039,155013,15071,14807,773,15580,93
2021-02-06,Marin,041,260295,12690,12531,152,12683,194
2021-02-06,Mariposa,043,17540,366,355,3,358,4
2021-02-06,Mendocino,045,87422,3476,3316,65,3381,38
2021-02-06,Merced,047,269075,27127,26881,781,27662,346
2021-02-06,Modoc,049,8938,330,313,107,420,3
2021-02-06,Mono,051,14174,1149,1159,12,1171,3
2021-02-06,Monterey,053,433212,40609,39995,1578,41573,282
2021-02-06,Napa,055,140530,8754,8639,32,8671,55
2021-02-06,Nevada,057,99092,3773,3624,151,3775,43
2021-02-06,Orange,059,3164182,240690,237391,10109,247500,3293
2021-02-06,Placer,061,380077,19792,18836,1069,19905,211
2021-02-06,Plumas,063,18699,628,584,11,595,2
2021-02-06,Riverside,065,2383286,277061,271741,13762,285503,3243
2021-02-06,Sacramento,067,1510023,90293,88532,1170,89702,1237
2021-02-06,San Benito,069,59416,5562,5516,83,5599,52
2021-02-06,San Bernardino,071,2135413,280458,273718,8571,282289,2564
2021-02-06,San Diego,073,3302833,254846,245331,12176,257507,2812
2021-02-06,San Francisco,075,870044,32841,32437,1015,33452,346
2021-02-06,San Joaquin,077,732212,64312,62840,2711,65551,906
2021-02-06,San Luis Obispo,079,281455,18695,18284,523,18807,214
2021-02-06,San Mateo,081,765935,38103,36824,387,37211,232
2021-02-06,Santa Barbara,083,443738,30832,29645,1073,30718,337
2021-02-06,Santa Clara,085,1922200,105599,104639,514,105153,1439
2021-02-06,Santa Cruz,087,273765,14806,13845,788,14633,161
2021-02-06,Shasta,089,179085,10590,10561,1173,11734,137
2021-02-06,Sierra,091,2930,47,43,14,57,0
2021-02-06,Siskiyou,093,43540,1379,1289,224,1513,4
2021-02-06,Solano,095,438530,28891,28446,337,28783,129
2021-02-06,Sonoma,097,501317,26766,26564,152,26716,257
2021-02-06,Stanislaus,099,539301,48383,47325,5222,52547,679
2021-02-06,Sutter,101,95872,8581,8485,82,8567,92
2021-02-06,Tehama,103,63373,4438,4380,495,4875,22
2021-02-06,Trinity,105,12862,349,263,42,305,3
2021-02-06,Tulare,107,460477,46291,45349,7650,52999,664
2021-02-06,Tuolumne,109,53932,3694,3612,28,3640,48
2021-02-06,Ventura,111,848112,74400,73431,2731,76162,552
2021-02-06,Yolo,113,214977,12407,12061,208,12269,161
2021-02-06,Yuba,115,75493,5279,5177,79,5256,35
2021-02-05,Alameda,001,1643700,77258,75716,1713,77429,916
2021-02-05,Alpine,003,1148,75,72,0,72,0
2021-02-05,Amador,005,37829,3353,3299,28,3327,33
2021-02-05,Butte,007,227075,10890,10421,1612,12033,150
2021-02-05,Calaveras,009,45235,1851,1818,12,1830,21
2021-02-05,Colusa,011,21464,1803,1785,239,2024,10
2021-02-05,Contra Costa,013,1133247,60080,58195,1061,59256,560
2021-02-05,Del Norte,015,27424,891,874,0,874,2
2021-02-05,El Dorado,017,186661,8744,8527,604,9131,86
2021-02-05,Fresno,019,978130,92602,90513,7471,97984,1194
2021-02-05,Glenn,021,27897,2168,2122,474,2596,14
2021-02-05,Humboldt,023,135768,2922,2857,19,2876,28
2021-02-05,Imperial,025,180216,26771,26474,2569,29043,557
2021-02-05,Inyo,027,18085,1154,1104,2,1106,27
2021-02-05,Kern,029,883053,90063,87470,9317,96787,906
2021-02-05,Kings,031,150075,21446,21021,997,22018,190
2021-02-05,Lake,033,64148,2992,2906,1,2907,33
2021-02-05,Lassen,035,31185,5004,4936,91,5027,1
2021-02-05,Los Angeles,037,10098052,1141756,1110384,39591,1149975,17608
2021-02-05,Madera,039,155013,15037,14752,768,15520,95
2021-02-05,Marin,041,260295,12655,12479,152,12631,193
2021-02-05,Mariposa,043,17540,366,352,3,355,4
2021-02-05,Mendocino,045,87422,3462,3272,65,3337,38
2021-02-05,Merced,047,269075,27067,26760,780,27540,345
2021-02-05,Modoc,049,8938,330,312,107,419,3
2021-02-05,Mono,051,14174,1148,1157,12,1169,3
2021-02-05,Monterey,053,433212,40545,39840,1567,41407,281
2021-02-05,Napa,055,140530,8740,8598,32,8630,55
2021-02-05,Nevada,057,99092,3770,3607,151,3758,43
2021-02-05,Orange,059,3164182,240268,236335,10080,246415,3260
2021-02-05,Placer,061,380077,19757,18756,1067,19823,211
2021-02-05,Plumas,063,18699,626,578,11,589,2
2021-02-05,Riverside,065,2383286,276655,270666,13743,284409,3235
2021-02-05,Sacramento,067,1510023,90113,87992,1163,89155,1231
2021-02-05,San Benito,069,59416,5551,5502,83,5585,51
2021-02-05,San Bernardino,071,2135413,280120,272938,8552,281490,2495
2021-02-05,San Diego,073,3302833,254270,244066,12141,256207,2777
2021-02-05,San Francisco,075,870044,32752,32229,1003,33232,337
2021-02-05,San Joaquin,077,732212,64164,62565,2703,65268,902
2021-02-05,San Luis Obispo,079,281455,18634,18152,519,18671,213
2021-02-05,San Mateo,081,765935,38018,36582,386,36968,227
2021-02-05,Santa Barbara,083,443738,30739,29455,1058,30513,334
2021-02-05,Santa Clara,085,1922200,105351,104112,512,104624,1421
2021-02-05,Santa Cruz,087,273765,14785,13776,786,14562,161
2021-02-05,Shasta,089,179085,10574,10507,1166,11673,136
2021-02-05,Sierra,091,2930,47,42,14,56,0
2021-02-05,Siskiyou,093,43540,1372,1276,222,1498,4
2021-02-05,Solano,095,438530,28841,28283,337,28620,127
2021-02-05,Sonoma,097,501317,26697,26423,149,26572,252
2021-02-05,Stanislaus,099,539301,48241,47024,5204,52228,678
2021-02-05,Sutter,101,95872,8561,8443,82,8525,92
2021-02-05,Tehama,103,63373,4430,4355,495,4850,22
2021-02-05,Trinity,105,12862,348,260,42,302,3
2021-02-05,Tulare,107,460477,46215,45138,7599,52737,663
2021-02-05,Tuolumne,109,53932,3668,3595,28,3623,45
2021-02-05,Ventura,111,848112,74155,72953,2720,75673,546
2021-02-05,Yolo,113,214977,12388,12025,203,12228,162
2021-02-05,Yuba,115,75493,5262,5145,79,5224,35
2021-02-04,Alameda,001,1643700,76973,75422,1707,77129,899
2021-02-04,Alpine,003,1148,74,72,0,72,0
2021-02-04,Amador,005,37829,3350,3288,28,3316,33
2021-02-04,Butte,007,227075,10858,10386,1602,11988,147
2021-02-04,Calaveras,009,45235,1850,1808,12,1820,21
2021-02-04,Colusa,011,21464,1799,1777,237,2014,10
2021-02-04,Contra Costa,013,1133247,59890,57991,1057,59048,550
2021-02-04,Del Norte,015,27424,885,870,0,870,2
2021-02-04,El Dorado,017,186661,8718,8490,601,9091,86
2021-02-04,Fresno,019,978130,92388,90126,7444,97570,1114
2021-02-04,Glenn,021,27897,2164,2102,474,2576,14
2021-02-04,Humboldt,023,135768,2912,2827,19,2846,28
2021-02-04,Imperial,025,180216,26725,26411,2566,28977,556
2021-02-04,Inyo,027,18085,1142,1084,2,1086,27
2021-02-04,Kern,029,883053,89791,87156,9238,96394,898
2021-02-04,Kings,031,150075,21396,20918,989,21907,187
2021-02-04,Lake,033,64148,2980,2882,1,2883,34
2021-02-04,Lassen,035,31185,5001,4927,91,5018,1
2021-02-04,Los Angeles,037,10098052,1138969,1106323,39460,1145783,17396
2021-02-04,Madera,039,155013,15008,14706,764,15470,95
2021-02-04,Marin,041,260295,12619,12431,152,12583,192
2021-02-04,Mariposa,043,17540,366,348,3,351,4
2021-02-04,Mendocino,045,87422,3444,3240,63,3303,38
2021-02-04,Merced,047,269075,26974,26629,777,27406,345
2021-02-04,Modoc,049,8938,330,309,107,416,3
2021-02-04,Mono,051,14174,1146,1153,12,1165,3
2021-02-04,Monterey,053,433212,40437,39619,1549,41168,279
2021-02-04,Napa,055,140530,8711,8573,32,8605,55
2021-02-04,Nevada,057,99092,3750,3590,150,3740,37
2021-02-04,Orange,059,3164182,239626,235677,10038,245715,3238
2021-02-04,Placer,061,380077,19697,18711,1058,19769,210
2021-02-04,Plumas,063,18699,623,562,11,573,2
2021-02-04,Riverside,065,2383286,275916,269851,13703,283554,3230
2021-02-04,Sacramento,067,1510023,89813,87658,1151,88809,1222
2021-02-04,San Benito,069,59416,5537,5488,82,5570,51
2021-02-04,San Bernardino,071,2135413,279572,272223,8532,280755,2409
2021-02-04,San Diego,073,3302833,253482,242613,12075,254688,2738
2021-02-04,San Francisco,075,870044,32639,32116,994,33110,326
2021-02-04,San Joaquin,077,732212,63938,62374,2695,65069,883
2021-02-04,San Luis Obispo,079,281455,18568,18058,516,18574,211
2021-02-04,San Mateo,081,765935,37898,36437,383,36820,226
2021-02-04,Santa Barbara,083,443738,30607,29344,1040,30384,322
2021-02-04,Santa Clara,085,1922200,105002,103781,509,104290,1404
2021-02-04,Santa Cruz,087,273765,14752,13713,778,14491,156
2021-02-04,Shasta,089,179085,10547,10466,1161,11627,131
2021-02-04,Sierra,091,2930,47,42,14,56,0
2021-02-04,Siskiyou,093,43540,1363,1273,222,1495,4
2021-02-04,Solano,095,438530,28738,28192,336,28528,120
2021-02-04,Sonoma,097,501317,26615,26276,145,26421,249
2021-02-04,Stanislaus,099,539301,48080,46822,5182,52004,678
2021-02-04,Sutter,101,95872,8541,8401,82,8483,92
2021-02-04,Tehama,103,63373,4414,4327,495,4822,21
2021-02-04,Trinity,105,12862,347,260,41,301,3
2021-02-04,Tulare,107,460477,46091,44983,7532,52515,656
2021-02-04,Tuolumne,109,53932,3628,3585,28,3613,45
2021-02-04,Ventura,111,848112,73823,72595,2707,75302,537
2021-02-04,Yolo,113,214977,12354,11982,202,12184,161
2021-02-04,Yuba,115,75493,5236,5135,79,5214,34
2021-02-03,Alameda,001,1643700,76639,74968,1703,76671,880
2021-02-03,Alpine,003,1148,74,72,0,72,0
2021-02-03,Amador,005,37829,3346,3281,28,3309,33
2021-02-03,Butte,007,227075,10822,10355,1595,11950,144
2021-02-03,Calaveras,009,45235,1838,1799,11,1810,21
2021-02-03,Colusa,011,21464,1794,1773,236,2009,10
2021-02-03,Contra Costa,013,1133247,59651,57762,1045,58807,537
2021-02-03,Del Norte,015,27424,880,869,0,869,2
2021-02-03,El Dorado,017,186661,8698,8428,600,9028,86
2021-02-03,Fresno,019,978130,92169,89748,7404,97152,1015
2021-02-03,Glenn,021,27897,2155,2098,472,2570,14
2021-02-03,Humboldt,023,135768,2902,2800,19,2819,27
2021-02-03,Imperial,025,180216,26691,26363,2560,28923,547
2021-02-03,Inyo,027,18085,1132,1071,2,1073,27
2021-02-03,Kern,029,883053,89549,86771,9197,95968,877
2021-02-03,Kings,031,150075,21337,20831,985,21816,172
2021-02-03,Lake,033,64148,2963,2869,1,2870,33
2021-02-03,Lassen,035,31185,4990,4910,91,5001,1
2021-02-03,Los Angeles,037,10098052,1135905,1101890,39327,1141217,17163
2021-02-03,Madera,039,155013,14970,14605,762,15367,94
2021-02-03,Marin,041,260295,12585,12406,152,12558,190
2021-02-03,Mariposa,043,17540,365,347,3,350,4
2021-02-03,Mendocino,045,87422,3418,3236,62,3298,38
2021-02-03,Merced,047,269075,26858,26520,772,27292,343
2021-02-03,Modoc,049,8938,329,308,107,415,3
2021-02-03,Mono,051,14174,1139,1146,12,1158,3
2021-02-03,Monterey,053,433212,40309,39500,1531,41031,279
2021-02-03,Napa,055,140530,8676,8534,32,8566,54
2021-02-03,Nevada,057,99092,3736,3572,150,3722,35
2021-02-03,Orange,059,3164182,238883,234738,10006,244744,3189
2021-02-03,Placer,061,380077,19641,18646,1056,19702,210
2021-02-03,Plumas,063,18699,623,559,11,570,2
2021-02-03,Riverside,065,2383286,275192,269019,13671,282690,3195
2021-02-03,Sacramento,067,1510023,89491,87415,1146,88561,1212
2021-02-03,San Benito,069,59416,5519,5463,79,5542,51
2021-02-03,San Bernardino,071,2135413,279091,271477,8507,279984,2308
2021-02-03,San Diego,073,3302833,252581,241015,12028,253043,2683
2021-02-03,San Francisco,075,870044,32509,31983,989,32972,325
2021-02-03,San Joaquin,077,732212,63713,61976,2684,64660,880
2021-02-03,San Luis Obispo,079,281455,18491,17922,513,18435,206
2021-02-03,San Mateo,081,765935,37760,36227,379,36606,225
2021-02-03,Santa Barbara,083,443738,30461,29121,1030,30151,315
2021-02-03,Santa Clara,085,1922200,104687,103278,505,103783,1364
2021-02-03,Santa Cruz,087,273765,14698,13611,770,14381,154
2021-02-03,Shasta,089,179085,10504,10422,1156,11578,130
2021-02-03,Sierra,091,2930,47,42,14,56,0
2021-02-03,Siskiyou,093,43540,1352,1268,221,1489,4
2021-02-03,Solano,095,438530,28616,28057,336,28393,119
2021-02-03,Sonoma,097,501317,26530,26155,144,26299,248
2021-02-03,Stanislaus,099,539301,47906,46598,5162,51760,662
2021-02-03,Sutter,101,95872,8516,8379,82,8461,90
2021-02-03,Tehama,103,63373,4392,4309,492,4801,21
2021-02-03,Trinity,105,12862,347,260,40,300,3
2021-02-03,Tulare,107,460477,45924,44838,7471,52309,640
2021-02-03,Tuolumne,109,53932,3617,3568,28,3596,45
2021-02-03,Ventura,111,848112,73487,72124,2695,74819,526
2021-02-03,Yolo,113,214977,12330,11933,201,12134,161
2021-02-03,Yuba,115,75493,5218,5124,79,5203,34
2021-02-02,Alameda,001,1643700,76294,74642,1688,76330,869
2021-02-02,Alpine,003,1148,74,72,0,72,0
2021-02-02,Amador,005,37829,3315,3275,28,3303,33
2021-02-02,Butte,007,227075,10795,10307,1587,11894,141
2021-02-02,Calaveras,009,45235,1828,1786,11,1797,21
2021-02-02,Colusa,011,21464,1786,1769,231,2000,9
2021-02-02,Contra Costa,013,1133247,59372,57551,1040,58591,536
2021-02-02,Del Norte,015,27424,874,868,0,868,2
2021-02-02,El Dorado,017,186661,8658,8405,600,9005,84
2021-02-02,Fresno,019,978130,91868,89542,7369,96911,1009
2021-02-02,Glenn,021,27897,2144,2090,468,2558,14
2021-02-02,Humboldt,023,135768,2891,2784,19,2803,25
2021-02-02,Imperial,025,180216,26640,26317,2555,28872,535
2021-02-02,Inyo,027,18085,1129,1074,2,1076,27
2021-02-02,Kern,029,883053,89248,86485,9120,95605,867
2021-02-02,Kings,031,150075,21260,20785,976,21761,172
2021-02-02,Lake,033,64148,2943,2857,1,2858,33
2021-02-02,Lassen,035,31185,4983,4908,91,4999,1
2021-02-02,Los Angeles,037,10098052,1132537,1097573,39157,1136730,16913
2021-02-02,Madera,039,155013,14920,14595,757,15352,94
2021-02-02,Marin,041,260295,12556,12367,152,12519,189
2021-02-02,Mariposa,043,17540,362,345,3,348,4
2021-02-02,Mendocino,045,87422,3385,3210,62,3272,38
2021-02-02,Merced,047,269075,26762,26427,764,27191,340
2021-02-02,Modoc,049,8938,324,306,107,413,3
2021-02-02,Mono,051,14174,1137,1147,12,1159,3
2021-02-02,Monterey,053,433212,40174,39371,1517,40888,278
2021-02-02,Napa,055,140530,8647,8505,32,8537,53
2021-02-02,Nevada,057,99092,3721,3548,150,3698,20
2021-02-02,Orange,059,3164182,238085,233783,9970,243753,3152
2021-02-02,Placer,061,380077,19582,18615,1052,19667,205
2021-02-02,Plumas,063,18699,623,560,11,571,2
2021-02-02,Riverside,065,2383286,274356,267901,13637,281538,3169
2021-02-02,Sacramento,067,1510023,89203,87107,1135,88242,1202
2021-02-02,San Benito,069,59416,5505,5444,78,5522,50
2021-02-02,San Bernardino,071,2135413,278420,270486,8475,278961,2244
2021-02-02,San Diego,073,3302833,251544,240047,11942,251989,2629
2021-02-02,San Francisco,075,870044,32353,31788,978,32766,324
2021-02-02,San Joaquin,077,732212,63494,61708,2669,64377,878
2021-02-02,San Luis Obispo,079,281455,18397,17811,511,18322,201
2021-02-02,San Mateo,081,765935,37596,36004,373,36377,225
2021-02-02,Santa Barbara,083,443738,30292,28951,1023,29974,304
2021-02-02,Santa Clara,085,1922200,104224,102872,500,103372,1349
2021-02-02,Santa Cruz,087,273765,14639,13572,766,14338,150
2021-02-02,Shasta,089,179085,10479,10371,1144,11515,128
2021-02-02,Sierra,091,2930,47,42,14,56,0
2021-02-02,Siskiyou,093,43540,1345,1252,218,1470,4
2021-02-02,Solano,095,438530,28520,27963,332,28295,118
2021-02-02,Sonoma,097,501317,26413,26054,144,26198,247
2021-02-02,Stanislaus,099,539301,47687,46306,5129,51435,641
2021-02-02,Sutter,101,95872,8493,8340,82,8422,89
2021-02-02,Tehama,103,63373,4379,4289,490,4779,21
2021-02-02,Trinity,105,12862,347,260,40,300,3
2021-02-02,Tulare,107,460477,45770,44720,7403,52123,625
2021-02-02,Tuolumne,109,53932,3605,3548,28,3576,39
2021-02-02,Ventura,111,848112,73069,71557,2685,74242,514
2021-02-02,Yolo,113,214977,12283,11886,194,12080,158
2021-02-02,Yuba,115,75493,5200,5111,79,5190,34
2021-02-01,Alameda,001,1643700,75939,74374,1682,76056,858
2021-02-01,Alpine,003,1148,74,72,0,72,0
2021-02-01,Amador,005,37829,3304,3234,28,3262,32
2021-02-01,Butte,007,227075,10753,10263,1583,11846,141
2021-02-01,Calaveras,009,45235,1820,1785,11,1796,21
2021-02-01,Colusa,011,21464,1781,1763,222,1985,9
2021-02-01,Contra Costa,013,1133247,59127,57324,1039,58363,531
2021-02-01,Del Norte,015,27424,871,865,0,865,2
2021-02-01,El Dorado,017,186661,8619,8337,600,8937,83
2021-02-01,Fresno,019,978130,91539,89272,7331,96603,994
2021-02-01,Glenn,021,27897,2129,2086,460,2546,14
2021-02-01,Humboldt,023,135768,2869,2773,18,2791,25
2021-02-01,Imperial,025,180216,26597,26224,2553,28777,530
2021-02-01,Inyo,027,18085,1119,1072,2,1074,27
2021-02-01,Kern,029,883053,88853,86170,9049,95219,862
2021-02-01,Kings,031,150075,21170,20746,967,21713,172
2021-02-01,Lake,033,64148,2927,2843,1,2844,33
2021-02-01,Lassen,035,31185,4963,4907,91,4998,1
2021-02-01,Los Angeles,037,10098052,1128731,1094341,38979,1133320,16695
2021-02-01,Madera,039,155013,14885,14572,754,15326,94
2021-02-01,Marin,041,260295,12518,12341,151,12492,188
2021-02-01,Mariposa,043,17540,360,344,3,347,4
2021-02-01,Mendocino,045,87422,3352,3192,62,3254,37
2021-02-01,Merced,047,269075,26636,26282,755,27037,337
2021-02-01,Modoc,049,8938,318,303,103,406,1
2021-02-01,Mono,051,14174,1134,1145,12,1157,3
2021-02-01,Monterey,053,433212,39993,39196,1495,40691,278
2021-02-01,Napa,055,140530,8615,8449,32,8481,52
2021-02-01,Nevada,057,99092,3704,3535,149,3684,20
2021-02-01,Orange,059,3164182,237175,233155,9924,243079,3100
2021-02-01,Placer,061,380077,19514,18574,1045,19619,204
2021-02-01,Plumas,063,18699,621,554,11,565,2
2021-02-01,Riverside,065,2383286,273448,267025,13599,280624,3092
2021-02-01,Sacramento,067,1510023,88803,86856,1123,87979,1193
2021-02-01,San Benito,069,59416,5487,5432,78,5510,48
2021-02-01,San Bernardino,071,2135413,277729,270012,8433,278445,2172
2021-02-01,San Diego,073,3302833,250322,239121,11866,250987,2619
2021-02-01,San Francisco,075,870044,32220,31703,966,32669,324
2021-02-01,San Joaquin,077,732212,63290,61542,2658,64200,877
2021-02-01,San Luis Obispo,079,281455,18279,17690,503,18193,199
2021-02-01,San Mateo,081,765935,37447,35843,373,36216,220
2021-02-01,Santa Barbara,083,443738,30123,28837,1015,29852,297
2021-02-01,Santa Clara,085,1922200,103809,102462,499,102961,1343
2021-02-01,Santa Cruz,087,273765,14586,13524,764,14288,149
2021-02-01,Shasta,089,179085,10454,10329,1138,11467,112
2021-02-01,Sierra,091,2930,47,42,14,56,0
2021-02-01,Siskiyou,093,43540,1338,1238,215,1453,4
2021-02-01,Solano,095,438530,28415,27844,331,28175,117
2021-02-01,Sonoma,097,501317,26324,26011,143,26154,243
2021-02-01,Stanislaus,099,539301,47429,46112,5101,51213,642
2021-02-01,Sutter,101,95872,8453,8313,82,8395,89
2021-02-01,Tehama,103,63373,4355,4263,490,4753,21
2021-02-01,Trinity,105,12862,345,260,40,300,3
2021-02-01,Tulare,107,460477,45626,44569,7321,51890,618
2021-02-01,Tuolumne,109,53932,3597,3534,28,3562,39
2021-02-01,Ventura,111,848112,72662,71104,2669,73773,502
2021-02-01,Yolo,113,214977,12239,11824,186,12010,151
2021-02-01,Yuba,115,75493,5187,5084,78,5162,33
2021-01-31,Alameda,001,1643700,75511,73979,1674,75653,857
2021-01-31,Alpine,003,1148,74,72,0,72,0
2021-01-31,Amador,005,37829,3294,3212,26,3238,32
2021-01-31,Butte,007,227075,10711,10215,1572,11787,140
2021-01-31,Calaveras,009,45235,1797,1778,11,1789,21
2021-01-31,Colusa,011,21464,1774,1754,217,1971,9
2021-01-31,Contra Costa,013,1133247,58796,57079,1039,58118,531
2021-01-31,Del Norte,015,27424,869,865,0,865,2
2021-01-31,El Dorado,017,186661,8583,8317,597,8914,83
2021-01-31,Fresno,019,978130,91226,88852,7279,96131,994
2021-01-31,Glenn,021,27897,2118,2083,459,2542,14
2021-01-31,Humboldt,023,135768,2853,2767,18,2785,25
2021-01-31,Imperial,025,180216,26526,26206,2543,28749,530
2021-01-31,Inyo,027,18085,1106,1072,2,1074,27
2021-01-31,Kern,029,883053,88359,85872,8960,94832,861
2021-01-31,Kings,031,150075,21087,20709,954,21663,172
2021-01-31,Lake,033,64148,2906,2826,1,2827,33
2021-01-31,Lassen,035,31185,4947,4900,91,4991,1
2021-01-31,Los Angeles,037,10098052,1124128,1090304,38766,1129070,16609
2021-01-31,Madera,039,155013,14831,14496,746,15242,94
2021-01-31,Marin,041,260295,12471,12297,147,12444,185
2021-01-31,Mariposa,043,17540,358,344,3,347,4
2021-01-31,Mendocino,045,87422,3329,3181,61,3242,37
2021-01-31,Merced,047,269075,26492,26222,750,26972,337
2021-01-31,Modoc,049,8938,315,304,101,405,1
2021-01-31,Mono,051,14174,1131,1146,12,1158,3
2021-01-31,Monterey,053,433212,39814,39035,1467,40502,278
2021-01-31,Napa,055,140530,8573,8404,32,8436,52
2021-01-31,Nevada,057,99092,3682,3518,147,3665,20
2021-01-31,Orange,059,3164182,236161,232347,9883,242230,3053
2021-01-31,Placer,061,380077,19441,18506,1033,19539,204
2021-01-31,Plumas,063,18699,620,554,11,565,2
2021-01-31,Riverside,065,2383286,272478,266145,13551,279696,3074
2021-01-31,Sacramento,067,1510023,88363,86560,1107,87667,1186
2021-01-31,San Benito,069,59416,5465,5425,76,5501,48
2021-01-31,San Bernardino,071,2135413,276690,269533,8400,277933,2156
2021-01-31,San Diego,073,3302833,249009,238039,11752,249791,2619
2021-01-31,San Francisco,075,870044,32033,31563,954,32517,323
2021-01-31,San Joaquin,077,732212,62886,61379,2648,64027,877
2021-01-31,San Luis Obispo,079,281455,18145,17615,498,18113,199
2021-01-31,San Mateo,081,765935,37256,35659,370,36029,219
2021-01-31,Santa Barbara,083,443738,29884,28570,1006,29576,297
2021-01-31,Santa Clara,085,1922200,103260,101986,490,102476,1330
2021-01-31,Santa Cruz,087,273765,14491,13469,750,14219,149
2021-01-31,Shasta,089,179085,10409,10313,1129,11442,112
2021-01-31,Sierra,091,2930,46,43,14,57,0
2021-01-31,Siskiyou,093,43540,1328,1238,215,1453,4
2021-01-31,Solano,095,438530,28285,27678,331,28009,118
2021-01-31,Sonoma,097,501317,26223,25925,142,26067,243
2021-01-31,Stanislaus,099,539301,47146,45971,5060,51031,642
2021-01-31,Sutter,101,95872,8408,8289,82,8371,89
2021-01-31,Tehama,103,63373,4335,4256,489,4745,21
2021-01-31,Trinity,105,12862,343,260,40,300,3
2021-01-31,Tulare,107,460477,45459,44440,7239,51679,618
2021-01-31,Tuolumne,109,53932,3558,3519,28,3547,39
2021-01-31,Ventura,111,848112,72067,70635,2656,73291,502
2021-01-31,Yolo,113,214977,12178,11771,180,11951,151
2021-01-31,Yuba,115,75493,5167,5071,77,5148,33
2021-01-30,Alameda,001,1643700,75307,73622,1669,75291,850
2021-01-30,Alpine,003,1148,74,72,0,72,0
2021-01-30,Amador,005,37829,3290,3181,26,3207,32
2021-01-30,Butte,007,227075,10676,10177,1563,11740,139
2021-01-30,Calaveras,009,45235,1783,1763,11,1774,21
2021-01-30,Colusa,011,21464,1772,1748,217,1965,9
2021-01-30,Contra Costa,013,1133247,58611,56763,1035,57798,531
2021-01-30,Del Norte,015,27424,868,865,0,865,2
2021-01-30,El Dorado,017,186661,8563,8299,596,8895,83
2021-01-30,Fresno,019,978130,91048,88476,7259,95735,964
2021-01-30,Glenn,021,27897,2115,2074,457,2531,14
2021-01-30,Humboldt,023,135768,2842,2742,18,2760,24
2021-01-30,Imperial,025,180216,26505,26160,2542,28702,530
2021-01-30,Inyo,027,18085,1102,1068,2,1070,27
2021-01-30,Kern,029,883053,88158,85572,8894,94466,848
2021-01-30,Kings,031,150075,21017,20605,948,21553,169
2021-01-30,Lake,033,64148,2900,2809,1,2810,33
2021-01-30,Lassen,035,31185,4944,4890,91,4981,1
2021-01-30,Los Angeles,037,10098052,1121764,1084763,38619,1123382,16484
2021-01-30,Madera,039,155013,14789,14443,741,15184,94
2021-01-30,Marin,041,260295,12443,12225,146,12371,185
2021-01-30,Mariposa,043,17540,356,344,3,347,4
2021-01-30,Mendocino,045,87422,3315,3153,60,3213,36
2021-01-30,Merced,047,269075,26417,26078,749,26827,335
2021-01-30,Modoc,049,8938,315,303,101,404,1
2021-01-30,Mono,051,14174,1131,1143,12,1155,3
2021-01-30,Monterey,053,433212,39753,38847,1464,40311,277
2021-01-30,Napa,055,140530,8557,8342,32,8374,52
2021-01-30,Nevada,057,99092,3663,3499,147,3646,20
2021-01-30,Orange,059,3164182,235617,231358,9844,241202,3013
2021-01-30,Placer,061,380077,19390,18430,1027,19457,205
2021-01-30,Plumas,063,18699,618,554,11,565,2
2021-01-30,Riverside,065,2383286,271888,265137,13518,278655,3061
2021-01-30,Sacramento,067,1510023,88171,86388,1101,87489,1184
2021-01-30,San Benito,069,59416,5447,5401,75,5476,48
2021-01-30,San Bernardino,071,2135413,276277,268660,8381,277041,2122
2021-01-30,San Diego,073,3302833,248251,236765,11710,248475,2603
2021-01-30,San Francisco,075,870044,31933,31427,950,32377,316
2021-01-30,San Joaquin,077,732212,62752,61120,2638,63758,864
2021-01-30,San Luis Obispo,079,281455,18067,17522,495,18017,198
2021-01-30,San Mateo,081,765935,37117,35451,369,35820,219
2021-01-30,Santa Barbara,083,443738,29743,28342,1002,29344,296
2021-01-30,Santa Clara,085,1922200,102910,101471,487,101958,1307
2021-01-30,Santa Cruz,087,273765,14451,13383,749,14132,149
2021-01-30,Shasta,089,179085,10391,10283,1125,11408,112
2021-01-30,Sierra,091,2930,46,43,14,57,0
2021-01-30,Siskiyou,093,43540,1326,1236,213,1449,4
2021-01-30,Solano,095,438530,28202,27511,329,27840,118
2021-01-30,Sonoma,097,501317,26173,25810,139,25949,243
2021-01-30,Stanislaus,099,539301,47017,45697,5036,50733,642
2021-01-30,Sutter,101,95872,8392,8226,82,8308,87
2021-01-30,Tehama,103,63373,4321,4229,488,4717,21
2021-01-30,Trinity,105,12862,343,259,40,299,3
2021-01-30,Tulare,107,460477,45325,44203,7201,51404,615
2021-01-30,Tuolumne,109,53932,3554,3508,28,3536,36
2021-01-30,Ventura,111,848112,71756,69931,2639,72570,493
2021-01-30,Yolo,113,214977,12165,11698,178,11876,151
2021-01-30,Yuba,115,75493,5157,5042,76,5118,33
2021-01-29,Alameda,001,1643700,75029,73210,1662,74872,841
2021-01-29,Alpine,003,1148,74,72,0,72,0
2021-01-29,Amador,005,37829,3278,3134,25,3159,32
2021-01-29,Butte,007,227075,10645,10122,1553,11675,138
2021-01-29,Calaveras,009,45235,1776,1757,11,1768,21
2021-01-29,Colusa,011,21464,1768,1734,216,1950,8
2021-01-29,Contra Costa,013,1133247,58437,56318,1033,57351,529
2021-01-29,Del Norte,015,27424,867,865,0,865,2
2021-01-29,El Dorado,017,186661,8546,8231,595,8826,83
2021-01-29,Fresno,019,978130,90835,87936,7220,95156,962
2021-01-29,Glenn,021,27897,2110,2061,456,2517,14
2021-01-29,Humboldt,023,135768,2829,2707,18,2725,24
2021-01-29,Imperial,025,180216,26490,26045,2539,28584,521
2021-01-29,Inyo,027,18085,1090,1048,2,1050,27
2021-01-29,Kern,029,883053,87933,85044,8841,93885,836
2021-01-29,Kings,031,150075,20978,20466,943,21409,169
2021-01-29,Lake,033,64148,2891,2792,1,2793,32
2021-01-29,Lassen,035,31185,4941,4874,91,4965,1
2021-01-29,Los Angeles,037,10098052,1118300,1078329,38462,1116791,16190
2021-01-29,Madera,039,155013,14738,14377,741,15118,94
2021-01-29,Marin,041,260295,12400,12145,145,12290,185
2021-01-29,Mariposa,043,17540,355,342,3,345,4
2021-01-29,Mendocino,045,87422,3306,3131,59,3190,36
2021-01-29,Merced,047,269075,26342,25865,745,26610,334
2021-01-29,Modoc,049,8938,314,297,101,398,1
2021-01-29,Mono,051,14174,1129,1139,12,1151,3
2021-01-29,Monterey,053,433212,39632,38539,1455,39994,277
2021-01-29,Napa,055,140530,8525,8276,32,8308,52
2021-01-29,Nevada,057,99092,3654,3487,146,3633,20
2021-01-29,Orange,059,3164182,234937,229917,9805,239722,2967
2021-01-29,Placer,061,380077,19335,18367,1023,19390,203
2021-01-29,Plumas,063,18699,617,548,11,559,2
2021-01-29,Riverside,065,2383286,271097,263504,13483,276987,3008
2021-01-29,Sacramento,067,1510023,87916,86320,1097,87417,1169
2021-01-29,San Benito,069,59416,5439,5386,75,5461,48
2021-01-29,San Bernardino,071,2135413,275763,267490,8339,275829,2095
2021-01-29,San Diego,073,3302833,247310,234637,11631,246268,2571
2021-01-29,San Francisco,075,870044,31793,31294,941,32235,307
2021-01-29,San Joaquin,077,732212,62604,60899,2623,63522,858
2021-01-29,San Luis Obispo,079,281455,18007,17440,490,17930,193
2021-01-29,San Mateo,081,765935,36984,35223,366,35589,218
2021-01-29,Santa Barbara,083,443738,29613,28105,996,29101,291
2021-01-29,Santa Clara,085,1922200,102545,101010,485,101495,1273
2021-01-29,Santa Cruz,087,273765,14398,13311,746,14057,148
2021-01-29,Shasta,089,179085,10374,10220,1121,11341,112
2021-01-29,Sierra,091,2930,46,43,14,57,0
2021-01-29,Siskiyou,093,43540,1325,1227,213,1440,4
2021-01-29,Solano,095,438530,28116,27352,326,27678,116
2021-01-29,Sonoma,097,501317,26110,25710,138,25848,243
2021-01-29,Stanislaus,099,539301,46868,45466,5016,50482,642
2021-01-29,Sutter,101,95872,8373,8181,82,8263,87
2021-01-29,Tehama,103,63373,4308,4191,486,4677,20
2021-01-29,Trinity,105,12862,343,260,40,300,3
2021-01-29,Tulare,107,460477,45220,43925,7159,51084,606
2021-01-29,Tuolumne,109,53932,3544,3483,28,3511,36
2021-01-29,Ventura,111,848112,71332,69511,2625,72136,484
2021-01-29,Yolo,113,214977,12128,11612,177,11789,151
2021-01-29,Yuba,115,75493,5141,5018,76,5094,32
2021-01-28,Alameda,001,1643700,74592,72758,1654,74412,833
2021-01-28,Alpine,003,1148,74,72,0,72,0
2021-01-28,Amador,005,37829,3241,3124,25,3149,31
2021-01-28,Butte,007,227075,10605,10037,1542,11579,138
2021-01-28,Calaveras,009,45235,1762,1747,10,1757,21
2021-01-28,Colusa,011,21464,1761,1731,212,1943,8
2021-01-28,Contra Costa,013,1133247,58193,55999,1023,57022,525
2021-01-28,Del Norte,015,27424,866,862,0,862,2
2021-01-28,El Dorado,017,186661,8533,8198,590,8788,79
2021-01-28,Fresno,019,978130,90548,87401,7169,94570,949
2021-01-28,Glenn,021,27897,2105,2043,447,2490,14
2021-01-28,Humboldt,023,135768,2812,2686,18,2704,24
2021-01-28,Imperial,025,180216,26446,25984,2532,28516,517
2021-01-28,Inyo,027,18085,1085,1039,2,1041,27
2021-01-28,Kern,029,883053,87605,84708,8754,93462,817
2021-01-28,Kings,031,150075,20919,20328,938,21266,167
2021-01-28,Lake,033,64148,2876,2772,1,2773,32
2021-01-28,Lassen,035,31185,4935,4865,91,4956,1
2021-01-28,Los Angeles,037,10098052,1114418,1072412,38262,1110674,15967
2021-01-28,Madera,039,155013,14682,14301,737,15038,94
2021-01-28,Marin,041,260295,12347,12079,144,12223,183
2021-01-28,Mariposa,043,17540,355,334,3,337,4
2021-01-28,Mendocino,045,87422,3289,3110,59,3169,36
2021-01-28,Merced,047,269075,26217,25620,737,26357,328
2021-01-28,Modoc,049,8938,313,297,101,398,0
2021-01-28,Mono,051,14174,1127,1131,12,1143,3
2021-01-28,Monterey,053,433212,39429,38312,1437,39749,274
2021-01-28,Napa,055,140530,8477,8233,32,8265,50
2021-01-28,Nevada,057,99092,3639,3452,145,3597,19
2021-01-28,Orange,059,3164182,233960,228636,9773,238409,2860
2021-01-28,Placer,061,380077,19265,18246,1020,19266,198
2021-01-28,Plumas,063,18699,616,547,11,558,2
2021-01-28,Riverside,065,2383286,270334,262342,13433,275775,2981
2021-01-28,Sacramento,067,1510023,87554,85698,1086,86784,1149
2021-01-28,San Benito,069,59416,5421,5344,74,5418,47
2021-01-28,San Bernardino,071,2135413,275069,266456,8317,274773,2057
2021-01-28,San Diego,073,3302833,246161,232967,11542,244509,2534
2021-01-28,San Francisco,075,870044,31655,31193,925,32118,290
2021-01-28,San Joaquin,077,732212,62339,60627,2607,63234,854
2021-01-28,San Luis Obispo,079,281455,17908,17279,488,17767,189
2021-01-28,San Mateo,081,765935,36815,34931,350,35281,218
2021-01-28,Santa Barbara,083,443738,29394,27674,983,28657,284
2021-01-28,Santa Clara,085,1922200,102081,100470,482,100952,1219
2021-01-28,Santa Cruz,087,273765,14309,13188,740,13928,145
2021-01-28,Shasta,089,179085,10340,10176,1113,11289,110
2021-01-28,Sierra,091,2930,46,43,14,57,0
2021-01-28,Siskiyou,093,43540,1318,1218,211,1429,4
2021-01-28,Solano,095,438530,27956,27163,325,27488,114
2021-01-28,Sonoma,097,501317,26016,25564,138,25702,236
2021-01-28,Stanislaus,099,539301,46651,45162,4991,50153,640
2021-01-28,Sutter,101,95872,8325,8136,82,8218,85
2021-01-28,Tehama,103,63373,4289,4163,483,4646,20
2021-01-28,Trinity,105,12862,341,260,40,300,3
2021-01-28,Tulare,107,460477,45064,43742,7078,50820,595
2021-01-28,Tuolumne,109,53932,3530,3472,28,3500,32
2021-01-28,Ventura,111,848112,70822,68896,2606,71502,475
2021-01-28,Yolo,113,214977,12086,11500,172,11672,151
2021-01-28,Yuba,115,75493,5125,4994,75,5069,32
2021-01-27,Alameda,001,1643700,74160,72188,1645,73833,815
2021-01-27,Alpine,003,1148,74,72,0,72,0
2021-01-27,Amador,005,37829,3225,3116,25,3141,31
2021-01-27,Butte,007,227075,10566,9988,1530,11518,138
2021-01-27,Calaveras,009,45235,1753,1737,10,1747,21
2021-01-27,Colusa,011,21464,1755,1724,210,1934,8
2021-01-27,Contra Costa,013,1133247,57894,55578,1020,56598,507
2021-01-27,Del Norte,015,27424,865,859,0,859,2
2021-01-27,El Dorado,017,186661,8507,8141,589,8730,76
2021-01-27,Fresno,019,978130,90254,86886,7127,94013,938
2021-01-27,Glenn,021,27897,2101,2042,446,2488,14
2021-01-27,Humboldt,023,135768,2790,2630,18,2648,24
2021-01-27,Imperial,025,180216,26392,25861,2519,28380,504
2021-01-27,Inyo,027,18085,1081,1023,2,1025,27
2021-01-27,Kern,029,883053,87293,84244,8684,92928,809
2021-01-27,Kings,031,150075,20813,20211,930,21141,167
2021-01-27,Lake,033,64148,2856,2750,1,2751,32
2021-01-27,Lassen,035,31185,4929,4851,91,4942,1
2021-01-27,Los Angeles,037,10098052,1109658,1066569,38044,1104613,15757
2021-01-27,Madera,039,155013,14642,14194,732,14926,86
2021-01-27,Marin,041,260295,12310,12028,143,12171,180
2021-01-27,Mariposa,043,17540,355,333,3,336,4
2021-01-27,Mendocino,045,87422,3269,3095,59,3154,36
2021-01-27,Merced,047,269075,26058,25439,726,26165,315
2021-01-27,Modoc,049,8938,313,297,98,395,0
2021-01-27,Mono,051,14174,1125,1131,12,1143,3
2021-01-27,Monterey,053,433212,39227,38139,1418,39557,268
2021-01-27,Napa,055,140530,8405,8187,32,8219,46
2021-01-27,Nevada,057,99092,3617,3431,145,3576,18
2021-01-27,Orange,059,3164182,232838,227110,9718,236828,2832
2021-01-27,Placer,061,380077,19191,18106,1009,19115,198
2021-01-27,Plumas,063,18699,616,544,11,555,2
2021-01-27,Riverside,065,2383286,269163,260796,13380,274176,2931
2021-01-27,Sacramento,067,1510023,87194,85428,1075,86503,1142
2021-01-27,San Benito,069,59416,5406,5284,74,5358,47
2021-01-27,San Bernardino,071,2135413,274219,265153,8287,273440,2019
2021-01-27,San Diego,073,3302833,244832,231478,11437,242915,2465
2021-01-27,San Francisco,075,870044,31513,31082,918,32000,287
2021-01-27,San Joaquin,077,732212,62070,60131,2583,62714,853
2021-01-27,San Luis Obispo,079,281455,17801,17119,484,17603,188
2021-01-27,San Mateo,081,765935,36662,34619,346,34965,216
2021-01-27,Santa Barbara,083,443738,29220,27435,977,28412,282
2021-01-27,Santa Clara,085,1922200,101677,99732,478,100210,1184
2021-01-27,Santa Cruz,087,273765,14239,13111,737,13848,143
2021-01-27,Shasta,089,179085,10306,10106,1107,11213,105
2021-01-27,Sierra,091,2930,46,44,14,58,0
2021-01-27,Siskiyou,093,43540,1312,1214,208,1422,4
2021-01-27,Solano,095,438530,27779,26982,318,27300,112
2021-01-27,Sonoma,097,501317,25918,25361,138,25499,237
2021-01-27,Stanislaus,099,539301,46466,44874,4963,49837,624
2021-01-27,Sutter,101,95872,8282,8093,82,8175,83
2021-01-27,Tehama,103,63373,4264,4133,479,4612,20
2021-01-27,Trinity,105,12862,341,260,40,300,3
2021-01-27,Tulare,107,460477,44879,43462,7003,50465,583
2021-01-27,Tuolumne,109,53932,3520,3464,28,3492,32
2021-01-27,Ventura,111,848112,70349,68291,2581,70872,468
2021-01-27,Yolo,113,214977,12039,11427,168,11595,151
2021-01-27,Yuba,115,75493,5109,4968,75,5043,32
2021-01-26,Alameda,001,1643700,73777,71851,1627,73478,789
2021-01-26,Alpine,003,1148,74,72,0,72,0
2021-01-26,Amador,005,37829,3214,3113,25,3138,31
2021-01-26,Butte,007,227075,10524,9943,1524,11467,136
2021-01-26,Calaveras,009,45235,1744,1723,10,1733,21
2021-01-26,Colusa,011,21464,1748,1719,207,1926,8
2021-01-26,Contra Costa,013,1133247,57613,55337,1012,56349,491
2021-01-26,Del Norte,015,27424,864,856,0,856,2
2021-01-26,El Dorado,017,186661,8482,8115,586,8701,71
2021-01-26,Fresno,019,978130,89898,86673,7082,93755,923
2021-01-26,Glenn,021,27897,2091,2034,442,2476,13
2021-01-26,Humboldt,023,135768,2768,2612,17,2629,24
2021-01-26,Imperial,025,180216,26322,25812,2504,28316,498
2021-01-26,Inyo,027,18085,1074,1018,2,1020,27
2021-01-26,Kern,029,883053,86868,83868,8605,92473,790
2021-01-26,Kings,031,150075,20755,20156,925,21081,159
2021-01-26,Lake,033,64148,2847,2748,1,2749,32
2021-01-26,Lassen,035,31185,4923,4844,91,4935,1
2021-01-26,Los Angeles,037,10098052,1104411,1060492,37827,1098319,15458
2021-01-26,Madera,039,155013,14585,14130,726,14856,86
2021-01-26,Marin,041,260295,12265,11993,141,12134,179
2021-01-26,Mariposa,043,17540,353,332,3,335,3
2021-01-26,Mendocino,045,87422,3243,3076,58,3134,36
2021-01-26,Merced,047,269075,25918,25359,719,26078,309
2021-01-26,Modoc,049,8938,306,291,97,388,0
2021-01-26,Mono,051,14174,1124,1120,12,1132,3
2021-01-26,Monterey,053,433212,39029,37963,1397,39360,255
2021-01-26,Napa,055,140530,8348,8145,32,8177,43
2021-01-26,Nevada,057,99092,3610,3410,144,3554,18
2021-01-26,Orange,059,3164182,231711,225987,9673,235660,2760
2021-01-26,Placer,061,380077,19118,18016,1007,19023,193
2021-01-26,Plumas,063,18699,614,536,11,547,2
2021-01-26,Riverside,065,2383286,267832,259399,13318,272717,2898
2021-01-26,Sacramento,067,1510023,86836,85062,1068,86130,1127
2021-01-26,San Benito,069,59416,5392,5251,73,5324,45
2021-01-26,San Bernardino,071,2135413,273231,263736,8242,271978,1970
2021-01-26,San Diego,073,3302833,243341,230063,11336,241399,2421
2021-01-26,San Francisco,075,870044,31383,30874,897,31771,286
2021-01-26,San Joaquin,077,732212,61816,59889,2566,62455,847
2021-01-26,San Luis Obispo,079,281455,17720,17016,481,17497,186
2021-01-26,San Mateo,081,765935,36467,34441,335,34776,213
2021-01-26,Santa Barbara,083,443738,29048,27321,965,28286,273
2021-01-26,Santa Clara,085,1922200,101200,99215,473,99688,1171
2021-01-26,Santa Cruz,087,273765,14174,13045,731,13776,134
2021-01-26,Shasta,089,179085,10271,10036,1099,11135,103
2021-01-26,Sierra,091,2930,46,43,14,57,0
2021-01-26,Siskiyou,093,43540,1298,1208,206,1414,4
2021-01-26,Solano,095,438530,27623,26858,312,27170,110
2021-01-26,Sonoma,097,501317,25797,25273,136,25409,236
2021-01-26,Stanislaus,099,539301,46283,44703,4920,49623,599
2021-01-26,Sutter,101,95872,8240,8067,82,8149,83
2021-01-26,Tehama,103,63373,4233,4115,479,4594,20
2021-01-26,Trinity,105,12862,341,260,40,300,3
2021-01-26,Tulare,107,460477,44678,43394,6931,50325,579
2021-01-26,Tuolumne,109,53932,3510,3451,28,3479,30
2021-01-26,Ventura,111,848112,69818,67526,2554,70080,448
2021-01-26,Yolo,113,214977,11994,11361,165,11526,148
2021-01-26,Yuba,115,75493,5084,4944,73,5017,31
2021-01-25,Alameda,001,1643700,73337,71255,1617,72872,780
2021-01-25,Alpine,003,1148,74,72,0,72,0
2021-01-25,Amador,005,37829,3174,3074,25,3099,30
2021-01-25,Butte,007,227075,10458,9865,1516,11381,133
2021-01-25,Calaveras,009,45235,1729,1713,10,1723,21
2021-01-25,Colusa,011,21464,1736,1709,203,1912,8
2021-01-25,Contra Costa,013,1133247,57251,54989,1005,55994,488
2021-01-25,Del Norte,015,27424,863,855,0,855,2
2021-01-25,El Dorado,017,186661,8458,8060,586,8646,66
2021-01-25,Fresno,019,978130,89529,86336,7049,93385,913
2021-01-25,Glenn,021,27897,2080,2028,442,2470,13
2021-01-25,Humboldt,023,135768,2734,2587,17,2604,24
2021-01-25,Imperial,025,180216,26272,25745,2495,28240,491
2021-01-25,Inyo,027,18085,1068,1015,2,1017,27
2021-01-25,Kern,029,883053,86476,83401,8513,91914,787
2021-01-25,Kings,031,150075,20635,20067,921,20988,159
2021-01-25,Lake,033,64148,2828,2729,1,2730,32
2021-01-25,Lassen,035,31185,4897,4835,91,4926,1
2021-01-25,Los Angeles,037,10098052,1098489,1055181,37593,1092774,15163
2021-01-25,Madera,039,155013,14531,14068,721,14789,86
2021-01-25,Marin,041,260295,12212,11923,137,12060,177
2021-01-25,Mariposa,043,17540,350,331,3,334,3
2021-01-25,Mendocino,045,87422,3232,3054,58,3112,35
2021-01-25,Merced,047,269075,25779,25181,710,25891,305
2021-01-25,Modoc,049,8938,305,288,93,381,0
2021-01-25,Mono,051,14174,1121,1114,11,1125,3
2021-01-25,Monterey,053,433212,38772,37726,1376,39102,255
2021-01-25,Napa,055,140530,8314,8057,31,8088,43
2021-01-25,Nevada,057,99092,3596,3365,144,3509,18
2021-01-25,Orange,059,3164182,230510,225105,9632,234737,2696
2021-01-25,Placer,061,380077,19025,17936,992,18928,193
2021-01-25,Plumas,063,18699,611,533,11,544,2
2021-01-25,Riverside,065,2383286,266153,258082,13263,271345,2789
2021-01-25,Sacramento,067,1510023,86391,84653,1060,85713,1118
2021-01-25,San Benito,069,59416,5355,5238,72,5310,43
2021-01-25,San Bernardino,071,2135413,272282,263174,8205,271379,1947
2021-01-25,San Diego,073,3302833,241732,228630,11265,239895,2375
2021-01-25,San Francisco,075,870044,31235,30734,874,31608,288
2021-01-25,San Joaquin,077,732212,61522,59291,2536,61827,838
2021-01-25,San Luis Obispo,079,281455,17585,16868,476,17344,179
2021-01-25,San Mateo,081,765935,36233,34187,328,34515,213
2021-01-25,Santa Barbara,083,443738,28818,27065,954,28019,269
2021-01-25,Santa Clara,085,1922200,100628,98647,465,99112,1143
2021-01-25,Santa Cruz,087,273765,14087,12973,725,13698,133
2021-01-25,Shasta,089,179085,10230,9991,1088,11079,103
2021-01-25,Sierra,091,2930,46,42,14,56,0
2021-01-25,Siskiyou,093,43540,1290,1205,203,1408,4
2021-01-25,Solano,095,438530,27454,26648,311,26959,109
2021-01-25,Sonoma,097,501317,25686,25160,134,25294,233
2021-01-25,Stanislaus,099,539301,46040,44293,4877,49170,599
2021-01-25,Sutter,101,95872,8197,8023,82,8105,83
2021-01-25,Tehama,103,63373,4205,4082,475,4557,20
2021-01-25,Trinity,105,12862,341,262,40,302,3
2021-01-25,Tulare,107,460477,44464,43124,6824,49948,578
2021-01-25,Tuolumne,109,53932,3501,3422,28,3450,29
2021-01-25,Ventura,111,848112,69175,66910,2536,69446,439
2021-01-25,Yolo,113,214977,11907,11276,163,11439,140
2021-01-25,Yuba,115,75493,5060,4900,71,4971,31
2021-01-24,Alameda,001,1643700,72830,70823,1605,72428,780
2021-01-24,Alpine,003,1148,74,72,0,72,0
2021-01-24,Amador,005,37829,3141,3054,25,3079,30
2021-01-24,Butte,007,227075,10374,9820,1497,11317,133
2021-01-24,Calaveras,009,45235,1716,1704,10,1714,21
2021-01-24,Colusa,011,21464,1725,1689,197,1886,8
2021-01-24,Contra Costa,013,1133247,56862,54694,992,55686,488
2021-01-24,Del Norte,015,27424,858,855,0,855,2
2021-01-24,El Dorado,017,186661,8424,8003,582,8585,66
2021-01-24,Fresno,019,978130,89092,85808,7009,92817,911
2021-01-24,Glenn,021,27897,2073,2026,440,2466,13
2021-01-24,Humboldt,023,135768,2695,2562,17,2579,24
2021-01-24,Imperial,025,180216,26178,25707,2466,28173,488
2021-01-24,Inyo,027,18085,1052,1007,2,1009,27
2021-01-24,Kern,029,883053,86037,83125,8400,91525,785
2021-01-24,Kings,031,150075,20509,19988,903,20891,159
2021-01-24,Lake,033,64148,2810,2724,0,2724,32
2021-01-24,Lassen,035,31185,4886,4828,88,4916,1
2021-01-24,Los Angeles,037,10098052,1092130,1048757,37273,1086030,15119
2021-01-24,Madera,039,155013,14439,14000,715,14715,86
2021-01-24,Marin,041,260295,12146,11872,135,12007,177
2021-01-24,Mariposa,043,17540,346,322,3,325,3
2021-01-24,Mendocino,045,87422,3211,3037,57,3094,33
2021-01-24,Merced,047,269075,25566,25047,702,25749,305
2021-01-24,Modoc,049,8938,305,285,93,378,0
2021-01-24,Mono,051,14174,1114,1113,11,1124,3
2021-01-24,Monterey,053,433212,38500,37527,1343,38870,254
2021-01-24,Napa,055,140530,8272,8005,31,8036,43
2021-01-24,Nevada,057,99092,3554,3349,142,3491,18
2021-01-24,Orange,059,3164182,229082,223853,9566,233419,2632
2021-01-24,Placer,061,380077,18914,17839,971,18810,193
2021-01-24,Plumas,063,18699,608,532,11,543,2
2021-01-24,Riverside,065,2383286,264553,256767,13184,269951,2761
2021-01-24,Sacramento,067,1510023,85819,84110,1053,85163,1112
2021-01-24,San Benito,069,59416,5313,5223,69,5292,43
2021-01-24,San Bernardino,071,2135413,270963,262370,8147,270517,1935
2021-01-24,San Diego,073,3302833,240042,227193,11133,238326,2375
2021-01-24,San Francisco,075,870044,31046,30559,851,31410,275
2021-01-24,San Joaquin,077,732212,61098,59021,2520,61541,838
2021-01-24,San Luis Obispo,079,281455,17464,16758,473,17231,179
2021-01-24,San Mateo,081,765935,35989,33956,323,34279,213
2021-01-24,Santa Barbara,083,443738,28506,26735,944,27679,269
2021-01-24,Santa Clara,085,1922200,99976,98103,461,98564,1109
2021-01-24,Santa Cruz,087,273765,14002,12905,716,13621,133
2021-01-24,Shasta,089,179085,10159,9978,1079,11057,103
2021-01-24,Sierra,091,2930,45,42,14,56,0
2021-01-24,Siskiyou,093,43540,1283,1195,203,1398,4
2021-01-24,Solano,095,438530,27266,26515,307,26822,109
2021-01-24,Sonoma,097,501317,25496,25045,133,25178,233
2021-01-24,Stanislaus,099,539301,45730,44031,4818,48849,599
2021-01-24,Sutter,101,95872,8129,7980,81,8061,83
2021-01-24,Tehama,103,63373,4165,4062,467,4529,20
2021-01-24,Trinity,105,12862,341,262,40,302,3
2021-01-24,Tulare,107,460477,44251,43006,6726,49732,577
2021-01-24,Tuolumne,109,53932,3491,3416,28,3444,29
2021-01-24,Ventura,111,848112,68459,66347,2511,68858,439
2021-01-24,Yolo,113,214977,11822,11210,159,11369,140
2021-01-24,Yuba,115,75493,5020,4875,70,4945,31
2021-01-23,Alameda,001,1643700,72587,70080,1596,71676,780
2021-01-23,Alpine,003,1148,74,72,0,72,0
2021-01-23,Amador,005,37829,3138,3049,25,3074,30
2021-01-23,Butte,007,227075,10344,9757,1492,11249,133
2021-01-23,Calaveras,009,45235,1714,1695,10,1705,21
2021-01-23,Colusa,011,21464,1721,1672,196,1868,8
2021-01-23,Contra Costa,013,1133247,56651,54162,984,55146,487
2021-01-23,Del Norte,015,27424,857,855,0,855,2
2021-01-23,El Dorado,017,186661,8408,7984,580,8564,66
2021-01-23,Fresno,019,978130,88909,85274,6978,92252,910
2021-01-23,Glenn,021,27897,2070,2015,436,2451,13
2021-01-23,Humboldt,023,135768,2676,2493,16,2509,23
2021-01-23,Imperial,025,180216,26147,25581,2457,28038,487
2021-01-23,Inyo,027,18085,1043,987,2,989,27
2021-01-23,Kern,029,883053,85795,82602,8324,90926,783
2021-01-23,Kings,031,150075,20465,19904,901,20805,159
2021-01-23,Lake,033,64148,2802,2673,0,2673,32
2021-01-23,Lassen,035,31185,4885,4816,85,4901,1
2021-01-23,Los Angeles,037,10098052,1088932,1040961,37104,1078065,15034
2021-01-23,Madera,039,155013,14403,13858,713,14571,86
2021-01-23,Marin,041,260295,12090,11796,133,11929,177
2021-01-23,Mariposa,043,17540,346,323,3,326,3
2021-01-23,Mendocino,045,87422,3197,2991,57,3048,32
2021-01-23,Merced,047,269075,25474,24787,688,25475,303
2021-01-23,Modoc,049,8938,305,285,93,378,0
2021-01-23,Mono,051,14174,1112,1111,11,1122,3
2021-01-23,Monterey,053,433212,38418,37165,1338,38503,253
2021-01-23,Napa,055,140530,8247,7893,31,7924,43
2021-01-23,Nevada,057,99092,3543,3332,141,3473,18
2021-01-23,Orange,059,3164182,228315,221722,9523,231245,2618
2021-01-23,Placer,061,380077,18865,17617,966,18583,193
2021-01-23,Plumas,063,18699,607,528,11,539,2
2021-01-23,Riverside,065,2383286,263680,253636,13128,266764,2733
2021-01-23,Sacramento,067,1510023,85591,83408,1050,84458,1108
2021-01-23,San Benito,069,59416,5289,5166,68,5234,43
2021-01-23,San Bernardino,071,2135413,270421,260381,8113,268494,1922
2021-01-23,San Diego,073,3302833,238984,225556,11061,236617,2344
2021-01-23,San Francisco,075,870044,30941,30308,821,31129,268
2021-01-23,San Joaquin,077,732212,60976,58164,2508,60672,836
2021-01-23,San Luis Obispo,079,281455,17401,16652,470,17122,176
2021-01-23,San Mateo,081,765935,35812,33696,312,34008,213
2021-01-23,Santa Barbara,083,443738,28325,26234,935,27169,264
2021-01-23,Santa Clara,085,1922200,99621,97189,460,97649,1086
2021-01-23,Santa Cruz,087,273765,13944,12771,713,13484,127
2021-01-23,Shasta,089,179085,10129,9951,1078,11029,103
2021-01-23,Sierra,091,2930,45,41,14,55,0
2021-01-23,Siskiyou,093,43540,1273,1190,202,1392,4
2021-01-23,Solano,095,438530,27172,26261,305,26566,107
2021-01-23,Sonoma,097,501317,25420,24790,133,24923,232
2021-01-23,Stanislaus,099,539301,45568,43723,4788,48511,599
2021-01-23,Sutter,101,95872,8111,7943,80,8023,80
2021-01-23,Tehama,103,63373,4146,4006,466,4472,20
2021-01-23,Trinity,105,12862,341,262,40,302,3
2021-01-23,Tulare,107,460477,44103,42661,6661,49322,575
2021-01-23,Tuolumne,109,53932,3484,3407,28,3435,29
2021-01-23,Ventura,111,848112,68013,65581,2486,68067,438
2021-01-23,Yolo,113,214977,11780,11087,155,11242,141
2021-01-23,Yuba,115,75493,5009,4831,68,4899,30
2021-01-22,Alameda,001,1643700,72261,69693,1590,71283,751
2021-01-22,Alpine,003,1148,74,71,0,71,0
2021-01-22,Amador,005,37829,3133,3042,25,3067,30
2021-01-22,Butte,007,227075,10295,9711,1479,11190,133
2021-01-22,Calaveras,009,45235,1707,1672,10,1682,21
2021-01-22,Colusa,011,21464,1719,1668,196,1864,7
2021-01-22,Contra Costa,013,1133247,56411,53887,978,54865,485
2021-01-22,Del Norte,015,27424,856,852,0,852,2
2021-01-22,El Dorado,017,186661,8375,7877,577,8454,64
2021-01-22,Fresno,019,978130,88572,84744,6947,91691,892
2021-01-22,Glenn,021,27897,2066,1985,431,2416,13
2021-01-22,Humboldt,023,135768,2652,2452,16,2468,23
2021-01-22,Imperial,025,180216,26112,25562,2442,28004,474
2021-01-22,Inyo,027,18085,1032,961,2,963,26
2021-01-22,Kern,029,883053,85499,82101,8249,90350,771
2021-01-22,Kings,031,150075,20389,19760,897,20657,159
2021-01-22,Lake,033,64148,2790,2681,0,2681,32
2021-01-22,Lassen,035,31185,4877,4765,84,4849,1
2021-01-22,Los Angeles,037,10098052,1084501,1031177,36903,1068080,14777
2021-01-22,Madera,039,155013,14342,13781,712,14493,86
2021-01-22,Marin,041,260295,12053,11769,131,11900,177
2021-01-22,Mariposa,043,17540,346,323,3,326,3
2021-01-22,Mendocino,045,87422,3172,2994,56,3050,32
2021-01-22,Merced,047,269075,25351,24616,680,25296,290
2021-01-22,Modoc,049,8938,305,285,93,378,0
2021-01-22,Mono,051,14174,1112,1108,11,1119,3
2021-01-22,Monterey,053,433212,38264,36909,1332,38241,253
2021-01-22,Napa,055,140530,8201,7828,31,7859,40
2021-01-22,Nevada,057,99092,3518,3296,140,3436,18
2021-01-22,Orange,059,3164182,227368,220384,9474,229858,2542
2021-01-22,Placer,061,380077,18810,17636,951,18587,193
2021-01-22,Plumas,063,18699,605,522,11,533,2
2021-01-22,Riverside,065,2383286,262557,252440,13060,265500,2710
2021-01-22,Sacramento,067,1510023,85267,82861,1042,83903,1094
2021-01-22,San Benito,069,59416,5264,5143,68,5211,43
2021-01-22,San Bernardino,071,2135413,269599,259121,8078,267199,1849
2021-01-22,San Diego,073,3302833,237745,222576,10996,233572,2301
2021-01-22,San Francisco,075,870044,30830,30027,800,30827,266
2021-01-22,San Joaquin,077,732212,60794,58485,2495,60980,812
2021-01-22,San Luis Obispo,079,281455,17312,16336,467,16803,172
2021-01-22,San Mateo,081,765935,35592,33401,309,33710,211
2021-01-22,Santa Barbara,083,443738,28125,25989,924,26913,256
2021-01-22,Santa Clara,085,1922200,99181,96435,457,96892,1062
2021-01-22,Santa Cruz,087,273765,13887,12687,708,13395,123
2021-01-22,Shasta,089,179085,10110,9866,1076,10942,103
2021-01-22,Sierra,091,2930,45,40,14,54,0
2021-01-22,Siskiyou,093,43540,1269,1182,200,1382,4
2021-01-22,Solano,095,438530,27083,26048,303,26351,107
2021-01-22,Sonoma,097,501317,25341,24659,133,24792,232
2021-01-22,Stanislaus,099,539301,45413,43489,4751,48240,599
2021-01-22,Sutter,101,95872,8085,7878,80,7958,80
2021-01-22,Tehama,103,63373,4127,3993,465,4458,19
2021-01-22,Trinity,105,12862,340,263,40,303,3
2021-01-22,Tulare,107,460477,43926,42307,6588,48895,573
2021-01-22,Tuolumne,109,53932,3455,3379,28,3407,29
2021-01-22,Ventura,111,848112,67507,64404,2469,66873,426
2021-01-22,Yolo,113,214977,11746,11014,147,11161,141
2021-01-22,Yuba,115,75493,4985,4789,66,4855,29
2021-01-21,Alameda,001,1643700,71820,69314,1573,70887,739
2021-01-21,Alpine,003,1148,74,71,0,71,0
2021-01-21,Amador,005,37829,3111,3038,25,3063,29
2021-01-21,Butte,007,227075,10224,9643,1472,11115,130
2021-01-21,Calaveras,009,45235,1698,1647,10,1657,21
2021-01-21,Colusa,011,21464,1712,1662,193,1855,7
2021-01-21,Contra Costa,013,1133247,55998,53595,964,54559,478
2021-01-21,Del Norte,015,27424,854,850,0,850,2
2021-01-21,El Dorado,017,186661,8326,7823,574,8397,58
2021-01-21,Fresno,019,978130,88168,84137,6907,91044,889
2021-01-21,Glenn,021,27897,2057,1964,427,2391,13
2021-01-21,Humboldt,023,135768,2630,2423,16,2439,23
2021-01-21,Imperial,025,180216,26022,25509,2425,27934,463
2021-01-21,Inyo,027,18085,1023,946,2,948,26
2021-01-21,Kern,029,883053,85086,81328,8128,89456,769
2021-01-21,Kings,031,150075,20319,19633,878,20511,158
2021-01-21,Lake,033,64148,2774,2669,0,2669,32
2021-01-21,Lassen,035,31185,4871,4763,84,4847,1
2021-01-21,Los Angeles,037,10098052,1077869,1023055,36566,1059621,14537
2021-01-21,Madera,039,155013,14275,13664,704,14368,86
2021-01-21,Marin,041,260295,11997,11732,129,11861,173
2021-01-21,Mariposa,043,17540,342,322,3,325,3
2021-01-21,Mendocino,045,87422,3149,2967,54,3021,32
2021-01-21,Merced,047,269075,25196,24426,674,25100,245
2021-01-21,Modoc,049,8938,302,284,92,376,0
2021-01-21,Mono,051,14174,1107,1104,11,1115,3
2021-01-21,Monterey,053,433212,37984,36149,1321,37470,253
2021-01-21,Napa,055,140530,8137,7774,31,7805,40
2021-01-21,Nevada,057,99092,3489,3274,139,3413,18
2021-01-21,Orange,059,3164182,225992,218867,9417,228284,2540
2021-01-21,Placer,061,380077,18727,17553,947,18500,190
2021-01-21,Plumas,063,18699,601,518,11,529,2
2021-01-21,Riverside,065,2383286,260843,251007,12978,263985,2676
2021-01-21,Sacramento,067,1510023,84789,82303,1022,83325,1084
2021-01-21,San Benito,069,59416,5231,5100,62,5162,43
2021-01-21,San Bernardino,071,2135413,268250,257754,8010,265764,1832
2021-01-21,San Diego,073,3302833,235970,219729,10889,230618,2222
2021-01-21,San Francisco,075,870044,30654,29801,766,30567,266
2021-01-21,San Joaquin,077,732212,60485,58270,2474,60744,806
2021-01-21,San Luis Obispo,079,281455,17226,16153,459,16612,169
2021-01-21,San Mateo,081,765935,35345,33156,295,33451,210
2021-01-21,Santa Barbara,083,443738,27842,25654,910,26564,253
2021-01-21,Santa Clara,085,1922200,98560,96028,449,96477,1062
2021-01-21,Santa Cruz,087,273765,13803,12548,698,13246,119
2021-01-21,Shasta,089,179085,10068,9795,1059,10854,98
2021-01-21,Sierra,091,2930,45,40,14,54,0
2021-01-21,Siskiyou,093,43540,1266,1178,197,1375,4
2021-01-21,Solano,095,438530,26902,25885,299,26184,106
2021-01-21,Sonoma,097,501317,25199,24440,131,24571,230
2021-01-21,Stanislaus,099,539301,45109,43223,4705,47928,599
2021-01-21,Sutter,101,95872,8051,7822,80,7902,80
2021-01-21,Tehama,103,63373,4092,3938,465,4403,19
2021-01-21,Trinity,105,12862,340,261,40,301,3
2021-01-21,Tulare,107,460477,43721,42082,6506,48588,569
2021-01-21,Tuolumne,109,53932,3445,3365,28,3393,29
2021-01-21,Ventura,111,848112,66815,63995,2447,66442,420
2021-01-21,Yolo,113,214977,11655,10940,139,11079,141
2021-01-21,Yuba,115,75493,4954,4757,65,4822,29
2021-01-20,Alameda,001,1643700,71301,68785,1558,70343,702
2021-01-20,Alpine,003,1148,74,71,0,71,0
2021-01-20,Amador,005,37829,3080,3036,25,3061,29
2021-01-20,Butte,007,227075,10168,9582,1461,11043,130
2021-01-20,Calaveras,009,45235,1678,1637,9,1646,21
2021-01-20,Colusa,011,21464,1696,1630,188,1818,7
2021-01-20,Contra Costa,013,1133247,55543,53108,958,54066,461
2021-01-20,Del Norte,015,27424,853,848,0,848,2
2021-01-20,El Dorado,017,186661,8280,7785,570,8355,53
2021-01-20,Fresno,019,978130,87747,83591,6854,90445,872
2021-01-20,Glenn,021,27897,2039,1955,424,2379,13
2021-01-20,Humboldt,023,135768,2587,2390,16,2406,22
2021-01-20,Imperial,025,180216,25954,25380,2387,27767,461
2021-01-20,Inyo,027,18085,1013,901,2,903,26
2021-01-20,Kern,029,883053,84636,80701,8021,88722,754
2021-01-20,Kings,031,150075,20230,19522,869,20391,146
2021-01-20,Lake,033,64148,2751,2646,0,2646,31
2021-01-20,Lassen,035,31185,4863,4758,82,4840,1
2021-01-20,Los Angeles,037,10098052,1070401,1015608,36271,1051879,14299
2021-01-20,Madera,039,155013,14210,13585,699,14284,86
2021-01-20,Marin,041,260295,11943,11684,127,11811,171
2021-01-20,Mariposa,043,17540,340,322,3,325,3
2021-01-20,Mendocino,045,87422,3134,2957,54,3011,32
2021-01-20,Merced,047,269075,25022,24220,653,24873,243
2021-01-20,Modoc,049,8938,301,282,92,374,0
2021-01-20,Mono,051,14174,1100,1105,10,1115,3
2021-01-20,Monterey,053,433212,37668,35960,1298,37258,249
2021-01-20,Napa,055,140530,8068,7731,30,7761,40
2021-01-20,Nevada,057,99092,3457,3238,139,3377,18
2021-01-20,Orange,059,3164182,224455,216893,9351,226244,2500
2021-01-20,Placer,061,380077,18623,17455,928,18383,186
2021-01-20,Plumas,063,18699,599,512,11,523,2
2021-01-20,Riverside,065,2383286,258835,248686,12890,261576,2615
2021-01-20,Sacramento,067,1510023,84229,81687,1011,82698,1072
2021-01-20,San Benito,069,59416,5201,5036,61,5097,35
2021-01-20,San Bernardino,071,2135413,266892,255921,7957,263878,1801
2021-01-20,San Diego,073,3302833,234117,218553,10787,229340,2174
2021-01-20,San Francisco,075,870044,30458,29665,745,30410,262
2021-01-20,San Joaquin,077,732212,60082,58025,2465,60490,783
2021-01-20,San Luis Obispo,079,281455,17045,15936,450,16386,164
2021-01-20,San Mateo,081,765935,35121,32929,294,33223,210
2021-01-20,Santa Barbara,083,443738,27528,25312,897,26209,248
2021-01-20,Santa Clara,085,1922200,97879,94995,448,95443,1040
2021-01-20,Santa Cruz,087,273765,13697,12460,684,13144,107
2021-01-20,Shasta,089,179085,10016,9697,1048,10745,98
2021-01-20,Sierra,091,2930,45,40,14,54,0
2021-01-20,Siskiyou,093,43540,1260,1163,196,1359,4
2021-01-20,Solano,095,438530,26708,25659,295,25954,106
2021-01-20,Sonoma,097,501317,25051,24262,129,24391,223
2021-01-20,Stanislaus,099,539301,44820,42955,4658,47613,585
2021-01-20,Sutter,101,95872,7999,7772,78,7850,80
2021-01-20,Tehama,103,63373,4067,3892,464,4356,19
2021-01-20,Trinity,105,12862,340,260,40,300,3
2021-01-20,Tulare,107,460477,43469,41799,6407,48206,559
2021-01-20,Tuolumne,109,53932,3431,3355,27,3382,29
2021-01-20,Ventura,111,848112,65859,63413,2418,65831,395
2021-01-20,Yolo,113,214977,11584,10852,136,10988,141
2021-01-20,Yuba,115,75493,4927,4729,65,4794,29
2021-01-19,Alameda,001,1643700,70636,68434,1548,69982,680
2021-01-19,Alpine,003,1148,74,71,0,71,0
2021-01-19,Amador,005,37829,3071,3024,25,3049,28
2021-01-19,Butte,007,227075,10103,9528,1447,10975,129
2021-01-19,Calaveras,009,45235,1661,1621,8,1629,21
2021-01-19,Colusa,011,21464,1674,1617,180,1797,7
2021-01-19,Contra Costa,013,1133247,55047,52730,945,53675,448
2021-01-19,Del Norte,015,27424,852,843,0,843,2
2021-01-19,El Dorado,017,186661,8219,7743,562,8305,47
2021-01-19,Fresno,019,978130,87230,83200,6802,90002,857
2021-01-19,Glenn,021,27897,2028,1948,418,2366,13
2021-01-19,Humboldt,023,135768,2563,2359,13,2372,22
2021-01-19,Imperial,025,180216,25875,25333,2369,27702,452
2021-01-19,Inyo,027,18085,1006,891,2,893,26
2021-01-19,Kern,029,883053,84049,80272,7914,88186,742
2021-01-19,Kings,031,150075,20091,19375,857,20232,143
2021-01-19,Lake,033,64148,2737,2625,0,2625,31
2021-01-19,Lassen,035,31185,4856,4753,82,4835,1
2021-01-19,Los Angeles,037,10098052,1061760,1010375,35985,1046360,14014
2021-01-19,Madera,039,155013,14093,13528,691,14219,86
2021-01-19,Marin,041,260295,11885,11654,123,11777,169
2021-01-19,Mariposa,043,17540,340,322,3,325,3
2021-01-19,Mendocino,045,87422,3117,2930,54,2984,32
2021-01-19,Merced,047,269075,24808,24108,647,24755,242
2021-01-19,Modoc,049,8938,300,281,92,373,0
2021-01-19,Mono,051,14174,1099,1106,10,1116,3
2021-01-19,Monterey,053,433212,37341,35840,1274,37114,248
2021-01-19,Napa,055,140530,8009,7672,30,7702,38
2021-01-19,Nevada,057,99092,3439,3216,137,3353,18
2021-01-19,Orange,059,3164182,222718,215244,9282,224526,2468
2021-01-19,Placer,061,380077,18522,17348,918,18266,182
2021-01-19,Plumas,063,18699,592,509,11,520,2
2021-01-19,Riverside,065,2383286,256777,246248,12811,259059,2585
2021-01-19,Sacramento,067,1510023,83693,81183,991,82174,1053
2021-01-19,San Benito,069,59416,5155,4988,60,5048,35
2021-01-19,San Bernardino,071,2135413,265135,253651,7897,261548,1777
2021-01-19,San Diego,073,3302833,231698,216833,10690,227523,2109
2021-01-19,San Francisco,075,870044,30241,29502,712,30214,261
2021-01-19,San Joaquin,077,732212,59700,57655,2450,60105,782
2021-01-19,San Luis Obispo,079,281455,16782,15855,447,16302,161
2021-01-19,San Mateo,081,765935,34837,32730,282,33012,208
2021-01-19,Santa Barbara,083,443738,27148,24991,878,25869,236
2021-01-19,Santa Clara,085,1922200,97094,94483,446,94929,1010
2021-01-19,Santa Cruz,087,273765,13582,12410,674,13084,106
2021-01-19,Shasta,089,179085,9980,9614,1038,10652,93
2021-01-19,Sierra,091,2930,45,40,12,52,0
2021-01-19,Siskiyou,093,43540,1252,1149,195,1344,4
2021-01-19,Solano,095,438530,26461,25520,295,25815,106
2021-01-19,Sonoma,097,501317,24876,24133,127,24260,223
2021-01-19,Stanislaus,099,539301,44470,42723,4600,47323,561
2021-01-19,Sutter,101,95872,7948,7709,72,7781,80
2021-01-19,Tehama,103,63373,4033,3876,462,4338,19
2021-01-19,Trinity,105,12862,339,260,40,300,3
2021-01-19,Tulare,107,460477,43195,41559,6305,47864,549
2021-01-19,Tuolumne,109,53932,3404,3328,27,3355,29
2021-01-19,Ventura,111,848112,65182,62656,2391,65047,383
2021-01-19,Yolo,113,214977,11501,10789,136,10925,134
2021-01-19,Yuba,115,75493,4893,4695,64,4759,29
2021-01-18,Alameda,001,1643700,69956,67938,1530,69468,680
2021-01-18,Alpine,003,1148,74,71,0,71,0
2021-01-18,Amador,005,37829,3057,3016,25,3041,28
2021-01-18,Butte,007,227075,10015,9474,1434,10908,129
2021-01-18,Calaveras,009,45235,1639,1617,7,1624,21
2021-01-18,Colusa,011,21464,1657,1608,175,1783,7
2021-01-18,Contra Costa,013,1133247,54527,52323,937,53260,448
2021-01-18,Del Norte,015,27424,851,840,0,840,2
2021-01-18,El Dorado,017,186661,8150,7707,560,8267,47
2021-01-18,Fresno,019,978130,86621,82485,6733,89218,857
2021-01-18,Glenn,021,27897,2011,1935,414,2349,13
2021-01-18,Humboldt,023,135768,2525,2343,13,2356,22
2021-01-18,Imperial,025,180216,25807,25317,2342,27659,452
2021-01-18,Inyo,027,18085,994,872,2,874,26
2021-01-18,Kern,029,883053,83410,79930,7821,87751,740
2021-01-18,Kings,031,150075,19923,19267,844,20111,141
2021-01-18,Lake,033,64148,2719,2591,0,2591,30
2021-01-18,Lassen,035,31185,4820,4749,81,4830,1
2021-01-18,Los Angeles,037,10098052,1052286,1002614,35685,1038299,13828
2021-01-18,Madera,039,155013,13978,13443,683,14126,85
2021-01-18,Marin,041,260295,11835,11607,121,11728,165
2021-01-18,Mariposa,043,17540,337,320,2,322,3
2021-01-18,Mendocino,045,87422,3094,2919,54,2973,31
2021-01-18,Merced,047,269075,24564,23927,630,24557,242
2021-01-18,Modoc,049,8938,297,281,89,370,0
2021-01-18,Mono,051,14174,1096,1101,10,1111,3
2021-01-18,Monterey,053,433212,36868,35549,1256,36805,247
2021-01-18,Napa,055,140530,7935,7601,30,7631,38
2021-01-18,Nevada,057,99092,3401,3199,136,3335,17
2021-01-18,Orange,059,3164182,220810,213866,9222,223088,2405
2021-01-18,Placer,061,380077,18405,17263,908,18171,182
2021-01-18,Plumas,063,18699,588,506,11,517,2
2021-01-18,Riverside,065,2383286,254502,244151,12719,256870,2568
2021-01-18,Sacramento,067,1510023,83011,80546,975,81521,1046
2021-01-18,San Benito,069,59416,5104,4963,58,5021,35
2021-01-18,San Bernardino,071,2135413,263341,252808,7838,260646,1775
2021-01-18,San Diego,073,3302833,229056,214335,10561,224896,2103
2021-01-18,San Francisco,075,870044,30035,29321,688,30009,259
2021-01-18,San Joaquin,077,732212,59178,57405,2427,59832,782
2021-01-18,San Luis Obispo,079,281455,16595,15742,437,16179,158
2021-01-18,San Mateo,081,765935,34521,32515,263,32778,208
2021-01-18,Santa Barbara,083,443738,26775,24638,864,25502,235
2021-01-18,Santa Clara,085,1922200,96195,93688,442,94130,992
2021-01-18,Santa Cruz,087,273765,13450,12298,661,12959,106
2021-01-18,Shasta,089,179085,9942,9600,1026,10626,92
2021-01-18,Sierra,091,2930,44,40,12,52,0
2021-01-18,Siskiyou,093,43540,1240,1144,193,1337,4
2021-01-18,Solano,095,438530,26175,25344,290,25634,105
2021-01-18,Sonoma,097,501317,24610,24068,126,24194,223
2021-01-18,Stanislaus,099,539301,44111,42413,4550,46963,562
2021-01-18,Sutter,101,95872,7891,7680,69,7749,78
2021-01-18,Tehama,103,63373,3985,3854,455,4309,19
2021-01-18,Trinity,105,12862,339,260,40,300,3
2021-01-18,Tulare,107,460477,42909,41196,6186,47382,549
2021-01-18,Tuolumne,109,53932,3381,3318,26,3344,28
2021-01-18,Ventura,111,848112,64753,61859,2368,64227,379
2021-01-18,Yolo,113,214977,11368,10620,133,10753,134
2021-01-18,Yuba,115,75493,4865,4671,62,4733,29
2021-01-17,Alameda,001,1643700,69383,67375,1510,68885,676
2021-01-17,Alpine,003,1148,74,71,0,71,0
2021-01-17,Amador,005,37829,3050,3001,25,3026,28
2021-01-17,Butte,007,227075,9943,9411,1412,10823,129
2021-01-17,Calaveras,009,45235,1626,1608,7,1615,21
2021-01-17,Colusa,011,21464,1644,1588,169,1757,7
2021-01-17,Contra Costa,013,1133247,54035,51932,930,52862,447
2021-01-17,Del Norte,015,27424,851,838,0,838,2
2021-01-17,El Dorado,017,186661,8094,7659,547,8206,47
2021-01-17,Fresno,019,978130,86067,82039,6656,88695,857
2021-01-17,Glenn,021,27897,1999,1924,409,2333,9
2021-01-17,Humboldt,023,135768,2487,2322,11,2333,22
2021-01-17,Imperial,025,180216,25737,25253,2297,27550,451
2021-01-17,Inyo,027,18085,988,864,2,866,26
2021-01-17,Kern,029,883053,82862,79489,7735,87224,738
2021-01-17,Kings,031,150075,19787,19201,830,20031,131
2021-01-17,Lake,033,64148,2701,2572,0,2572,30
2021-01-17,Lassen,035,31185,4812,4740,80,4820,1
2021-01-17,Los Angeles,037,10098052,1045688,993028,35257,1028285,13741
2021-01-17,Madera,039,155013,13886,13328,677,14005,85
2021-01-17,Marin,041,260295,11782,11552,119,11671,164
2021-01-17,Mariposa,043,17540,337,319,2,321,3
2021-01-17,Mendocino,045,87422,3066,2912,53,2965,31
2021-01-17,Merced,047,269075,24347,23800,617,24417,242
2021-01-17,Modoc,049,8938,296,279,89,368,0
2021-01-17,Mono,051,14174,1090,1091,9,1100,3
2021-01-17,Monterey,053,433212,36636,35340,1231,36571,244
2021-01-17,Napa,055,140530,7879,7521,30,7551,38
2021-01-17,Nevada,057,99092,3376,3176,134,3310,17
2021-01-17,Orange,059,3164182,218814,212389,9143,221532,2359
2021-01-17,Placer,061,380077,18285,17194,892,18086,181
2021-01-17,Plumas,063,18699,587,505,10,515,2
2021-01-17,Riverside,065,2383286,252415,242206,12594,254800,2534
2021-01-17,Sacramento,067,1510023,82408,80154,961,81115,1045
2021-01-17,San Benito,069,59416,5066,4941,58,4999,35
2021-01-17,San Bernardino,071,2135413,261209,251487,7748,259235,1775
2021-01-17,San Diego,073,3302833,226863,211785,10455,222240,2103
2021-01-17,San Francisco,075,870044,29846,29139,649,29788,255
2021-01-17,San Joaquin,077,732212,58812,57094,2411,59505,780
2021-01-17,San Luis Obispo,079,281455,16473,15658,428,16086,157
2021-01-17,San Mateo,081,765935,34269,32186,238,32424,208
2021-01-17,Santa Barbara,083,443738,26328,24401,848,25249,235
2021-01-17,Santa Clara,085,1922200,95437,92752,439,93191,976
2021-01-17,Santa Cruz,087,273765,13338,12196,658,12854,106
2021-01-17,Shasta,089,179085,9884,9588,1018,10606,92
2021-01-17,Sierra,091,2930,44,38,11,49,0
2021-01-17,Siskiyou,093,43540,1233,1136,190,1326,4
2021-01-17,Solano,095,438530,25944,25216,288,25504,105
2021-01-17,Sonoma,097,501317,24452,23871,126,23997,223
2021-01-17,Stanislaus,099,539301,43794,42221,4498,46719,562
2021-01-17,Sutter,101,95872,7828,7604,67,7671,77
2021-01-17,Tehama,103,63373,3956,3837,450,4287,18
2021-01-17,Trinity,105,12862,339,261,40,301,3
2021-01-17,Tulare,107,460477,42624,41016,6058,47074,549
2021-01-17,Tuolumne,109,53932,3364,3287,26,3313,27
2021-01-17,Ventura,111,848112,63910,61257,2321,63578,376
2021-01-17,Yolo,113,214977,11267,10519,132,10651,134
2021-01-17,Yuba,115,75493,4814,4640,60,4700,28
2021-01-16,Alameda,001,1643700,69075,66583,1496,68079,673
2021-01-16,Alpine,003,1148,74,71,0,71,0
2021-01-16,Amador,005,37829,3047,2986,25,3011,28
2021-01-16,Butte,007,227075,9913,9359,1392,10751,129
2021-01-16,Calaveras,009,45235,1612,1596,7,1603,21
2021-01-16,Colusa,011,21464,1632,1578,169,1747,7
2021-01-16,Contra Costa,013,1133247,53776,51363,921,52284,443
2021-01-16,Del Norte,015,27424,846,833,0,833,2
2021-01-16,El Dorado,017,186661,8072,7575,546,8121,47
2021-01-16,Fresno,019,978130,85796,81294,6603,87897,846
2021-01-16,Glenn,021,27897,1995,1894,405,2299,9
2021-01-16,Humboldt,023,135768,2467,2294,9,2303,22
2021-01-16,Imperial,025,180216,25704,25140,2289,27429,451
2021-01-16,Inyo,027,18085,984,845,2,847,25
2021-01-16,Kern,029,883053,82498,78865,7680,86545,733
2021-01-16,Kings,031,150075,19731,19072,827,19899,131
2021-01-16,Lake,033,64148,2692,2504,0,2504,30
2021-01-16,Lassen,035,31185,4802,4719,80,4799,1
2021-01-16,Los Angeles,037,10098052,1041623,982684,35008,1017692,13654
2021-01-16,Madera,039,155013,13822,13193,673,13866,85
2021-01-16,Marin,041,260295,11739,11482,119,11601,164
2021-01-16,Mariposa,043,17540,336,317,2,319,3
2021-01-16,Mendocino,045,87422,3052,2890,51,2941,31
2021-01-16,Merced,047,269075,24258,23478,605,24083,242
2021-01-16,Modoc,049,8938,296,278,89,367,0
2021-01-16,Mono,051,14174,1089,1079,9,1088,3
2021-01-16,Monterey,053,433212,36538,34972,1213,36185,243
2021-01-16,Napa,055,140530,7840,7356,30,7386,39
2021-01-16,Nevada,057,99092,3343,3144,134,3278,17
2021-01-16,Orange,059,3164182,217779,210111,9083,219194,2312
2021-01-16,Placer,061,380077,18226,16995,890,17885,177
2021-01-16,Plumas,063,18699,585,502,10,512,2
2021-01-16,Riverside,065,2383286,251067,239412,12472,251884,2506
2021-01-16,Sacramento,067,1510023,82032,79122,943,80065,1033
2021-01-16,San Benito,069,59416,5030,4875,58,4933,35
2021-01-16,San Bernardino,071,2135413,260446,249401,7682,257083,1755
2021-01-16,San Diego,073,3302833,225568,209895,10360,220255,2065
2021-01-16,San Francisco,075,870044,29720,28853,617,29470,244
2021-01-16,San Joaquin,077,732212,58571,56642,2378,59020,776
2021-01-16,San Luis Obispo,079,281455,16373,15466,426,15892,152
2021-01-16,San Mateo,081,765935,34104,31805,232,32037,208
2021-01-16,Santa Barbara,083,443738,26134,24088,840,24928,229
2021-01-16,Santa Clara,085,1922200,94974,91584,432,92016,954
2021-01-16,Santa Cruz,087,273765,13279,12026,656,12682,106
2021-01-16,Shasta,089,179085,9851,9547,1014,10561,92
2021-01-16,Sierra,091,2930,43,38,11,49,0
2021-01-16,Siskiyou,093,43540,1228,1124,190,1314,4
2021-01-16,Solano,095,438530,25839,24732,281,25013,103
2021-01-16,Sonoma,097,501317,24366,23607,125,23732,223
2021-01-16,Stanislaus,099,539301,43605,41809,4448,46257,562
2021-01-16,Sutter,101,95872,7796,7560,67,7627,76
2021-01-16,Tehama,103,63373,3943,3783,450,4233,18
2021-01-16,Trinity,105,12862,339,261,40,301,3
2021-01-16,Tulare,107,460477,42438,40655,5982,46637,542
2021-01-16,Tuolumne,109,53932,3357,3269,26,3295,27
2021-01-16,Ventura,111,848112,63358,60368,2291,62659,369
2021-01-16,Yolo,113,214977,11218,10406,131,10537,134
2021-01-16,Yuba,115,75493,4783,4602,60,4662,27
2021-01-15,Alameda,001,1643700,68654,65416,1486,66902,672
2021-01-15,Alpine,003,1148,74,71,0,71,0
2021-01-15,Amador,005,37829,3040,2953,25,2978,28
2021-01-15,Butte,007,227075,9875,9233,1374,10607,129
2021-01-15,Calaveras,009,45235,1605,1538,7,1545,21
2021-01-15,Colusa,011,21464,1621,1541,165,1706,7
2021-01-15,Contra Costa,013,1133247,53449,50408,914,51322,428
2021-01-15,Del Norte,015,27424,842,828,0,828,2
2021-01-15,El Dorado,017,186661,8024,7439,537,7976,47
2021-01-15,Fresno,019,978130,85258,79950,6569,86519,832
2021-01-15,Glenn,021,27897,1990,1824,403,2227,9
2021-01-15,Humboldt,023,135768,2440,2218,8,2226,22
2021-01-15,Imperial,025,180216,25670,24944,2283,27227,446
2021-01-15,Inyo,027,18085,966,814,2,816,25
2021-01-15,Kern,029,883053,82089,77873,7615,85488,719
2021-01-15,Kings,031,150075,19624,18661,819,19480,131
2021-01-15,Lake,033,64148,2664,2434,0,2434,28
2021-01-15,Lassen,035,31185,4791,4693,78,4771,1
2021-01-15,Los Angeles,037,10098052,1034610,968979,34705,1003684,13404
2021-01-15,Madera,039,155013,13733,12883,670,13553,85
2021-01-15,Marin,041,260295,11689,11310,119,11429,160
2021-01-15,Mariposa,043,17540,334,307,2,309,3
2021-01-15,Mendocino,045,87422,3041,2835,51,2886,31
2021-01-15,Merced,047,269075,24145,23060,601,23661,239
2021-01-15,Modoc,049,8938,296,278,87,365,0
2021-01-15,Mono,051,14174,1086,1057,9,1066,3
2021-01-15,Monterey,053,433212,36328,34460,1153,35613,243
2021-01-15,Napa,055,140530,7778,7231,30,7261,38
2021-01-15,Nevada,057,99092,3330,3099,130,3229,17
2021-01-15,Orange,059,3164182,216416,207129,9030,216159,2254
2021-01-15,Placer,061,380077,18125,16712,880,17592,173
2021-01-15,Plumas,063,18699,582,499,10,509,2
2021-01-15,Riverside,065,2383286,249235,235235,12392,247627,2458
2021-01-15,Sacramento,067,1510023,81615,80279,935,81214,1023
2021-01-15,San Benito,069,59416,4986,4766,56,4822,35
2021-01-15,San Bernardino,071,2135413,259295,246182,7624,253806,1726
2021-01-15,San Diego,073,3302833,223820,206868,10295,217163,2037
2021-01-15,San Francisco,075,870044,29550,28574,595,29169,242
2021-01-15,San Joaquin,077,732212,58341,55885,2363,58248,748
2021-01-15,San Luis Obispo,079,281455,16239,15129,421,15550,148
2021-01-15,San Mateo,081,765935,33859,31291,228,31519,208
2021-01-15,Santa Barbara,083,443738,25859,23487,828,24315,226
2021-01-15,Santa Clara,085,1922200,94324,90103,427,90530,942
2021-01-15,Santa Cruz,087,273765,13170,11776,641,12417,105
2021-01-15,Shasta,089,179085,9812,9459,1006,10465,91
2021-01-15,Sierra,091,2930,42,36,10,46,0
2021-01-15,Siskiyou,093,43540,1224,1119,189,1308,4
2021-01-15,Solano,095,438530,25690,24222,278,24500,103
2021-01-15,Sonoma,097,501317,24234,23204,124,23328,222
2021-01-15,Stanislaus,099,539301,43362,41178,4410,45588,562
2021-01-15,Sutter,101,95872,7749,7484,66,7550,75
2021-01-15,Tehama,103,63373,3922,3714,449,4163,17
2021-01-15,Trinity,105,12862,339,262,40,302,3
2021-01-15,Tulare,107,460477,42187,39951,5897,45848,535
2021-01-15,Tuolumne,109,53932,3341,3231,26,3257,27
2021-01-15,Ventura,111,848112,62614,59061,2257,61318,353
2021-01-15,Yolo,113,214977,11160,10240,130,10370,134
2021-01-15,Yuba,115,75493,4762,4549,60,4609,27
2021-01-14,Alameda,001,1643700,68022,64364,1471,65835,686
2021-01-14,Alpine,003,1148,74,71,0,71,0
2021-01-14,Amador,005,37829,3034,2940,25,2965,28
2021-01-14,Butte,007,227075,9791,9127,1352,10479,129
2021-01-14,Calaveras,009,45235,1588,1513,7,1520,21
2021-01-14,Colusa,011,21464,1606,1535,162,1697,7
2021-01-14,Contra Costa,013,1133247,52893,49545,899,50444,415
2021-01-14,Del Norte,015,27424,836,821,0,821,2
2021-01-14,El Dorado,017,186661,7951,7321,528,7849,45
2021-01-14,Fresno,019,978130,84625,79033,6494,85527,814
2021-01-14,Glenn,021,27897,1977,1798,398,2196,9
2021-01-14,Humboldt,023,135768,2397,2169,8,2177,22
2021-01-14,Imperial,025,180216,25564,24882,2244,27126,447
2021-01-14,Inyo,027,18085,959,790,2,792,25
2021-01-14,Kern,029,883053,81424,77070,7511,84581,705
2021-01-14,Kings,031,150075,19495,18405,813,19218,108
2021-01-14,Lake,033,64148,2622,2378,0,2378,27
2021-01-14,Lassen,035,31185,4781,4673,76,4749,1
2021-01-14,Los Angeles,037,10098052,1024633,954652,34305,988957,13147
2021-01-14,Madera,039,155013,13616,12742,659,13401,85
2021-01-14,Marin,041,260295,11614,11155,118,11273,159
2021-01-14,Mariposa,043,17540,331,302,2,304,3
2021-01-14,Mendocino,045,87422,3027,2801,49,2850,31
2021-01-14,Merced,047,269075,23917,22780,591,23371,239
2021-01-14,Modoc,049,8938,296,273,87,360,0
2021-01-14,Mono,051,14174,1078,1020,9,1029,3
2021-01-14,Monterey,053,433212,35919,34105,1134,35239,242
2021-01-14,Napa,055,140530,7693,7117,30,7147,38
2021-01-14,Nevada,057,99092,3303,3075,128,3203,17
2021-01-14,Orange,059,3164182,214498,204442,8939,213381,2162
2021-01-14,Placer,061,380077,17964,16488,872,17360,169
2021-01-14,Plumas,063,18699,574,496,10,506,2
2021-01-14,Riverside,065,2383286,246618,231684,12288,243972,2357
2021-01-14,Sacramento,067,1510023,80980,79137,910,80047,1007
2021-01-14,San Benito,069,59416,4952,4678,55,4733,35
2021-01-14,San Bernardino,071,2135413,257336,243379,7548,250927,1750
2021-01-14,San Diego,073,3302833,221430,204173,10175,214348,2005
2021-01-14,San Francisco,075,870044,29308,28200,542,28742,238
2021-01-14,San Joaquin,077,732212,57828,55058,2348,57406,739
2021-01-14,San Luis Obispo,079,281455,16080,14851,411,15262,146
2021-01-14,San Mateo,081,765935,33491,30694,219,30913,208
2021-01-14,Santa Barbara,083,443738,25452,23126,801,23927,219
2021-01-14,Santa Clara,085,1922200,93434,88505,420,88925,910
2021-01-14,Santa Cruz,087,273765,13023,11583,625,12208,109
2021-01-14,Shasta,089,179085,9764,9334,989,10323,90
2021-01-14,Sierra,091,2930,42,35,9,44,0
2021-01-14,Siskiyou,093,43540,1213,1108,186,1294,3
2021-01-14,Solano,095,438530,25429,23782,274,24056,103
2021-01-14,Sonoma,097,501317,23996,22910,124,23034,202
2021-01-14,Stanislaus,099,539301,43043,40597,4368,44965,574
2021-01-14,Sutter,101,95872,7690,7416,63,7479,74
2021-01-14,Tehama,103,63373,3892,3664,445,4109,17
2021-01-14,Trinity,105,12862,339,261,39,300,3
2021-01-14,Tulare,107,460477,41806,39565,5784,45349,533
2021-01-14,Tuolumne,109,53932,3320,3215,26,3241,28
2021-01-14,Ventura,111,848112,61742,57941,2219,60160,347
2021-01-14,Yolo,113,214977,11049,10097,124,10221,135
2021-01-14,Yuba,115,75493,4730,4496,60,4556,27
2021-01-13,Alameda,001,1643700,67277,63568,1452,65020,690
2021-01-13,Alpine,003,1148,74,71,0,71,0
2021-01-13,Amador,005,37829,3020,2914,25,2939,26
2021-01-13,Butte,007,227075,9712,9013,1337,10350,126
2021-01-13,Calaveras,009,45235,1566,1493,7,1500,21
2021-01-13,Colusa,011,21464,1594,1524,157,1681,7
2021-01-13,Contra Costa,013,1133247,52317,48877,885,49762,403
2021-01-13,Del Norte,015,27424,832,820,0,820,2
2021-01-13,El Dorado,017,186661,7858,7247,520,7767,43
2021-01-13,Fresno,019,978130,83917,78278,6441,84719,804
2021-01-13,Glenn,021,27897,1963,1792,390,2182,9
2021-01-13,Humboldt,023,135768,2365,2114,8,2122,22
2021-01-13,Imperial,025,180216,25440,24717,2211,26928,463
2021-01-13,Inyo,027,18085,947,785,2,787,25
2021-01-13,Kern,029,883053,80760,76049,7420,83469,704
2021-01-13,Kings,031,150075,19330,18121,787,18908,108
2021-01-13,Lake,033,64148,2577,2305,0,2305,27
2021-01-13,Lassen,035,31185,4774,4663,75,4738,1
2021-01-13,Los Angeles,037,10098052,1013901,937985,33874,971859,12873
2021-01-13,Madera,039,155013,13492,12570,653,13223,85
2021-01-13,Marin,041,260295,11557,11039,118,11157,161
2021-01-13,Mariposa,043,17540,329,304,2,306,3
2021-01-13,Mendocino,045,87422,3007,2790,49,2839,31
2021-01-13,Merced,047,269075,23677,22497,579,23076,241
2021-01-13,Modoc,049,8938,295,274,84,358,0
2021-01-13,Mono,051,14174,1074,1017,9,1026,3
2021-01-13,Monterey,053,433212,35503,33748,1109,34857,241
2021-01-13,Napa,055,140530,7579,7028,30,7058,36
2021-01-13,Nevada,057,99092,3280,3037,124,3161,17
2021-01-13,Orange,059,3164182,212422,201158,8870,210028,2172
2021-01-13,Placer,061,380077,17837,16272,858,17130,172
2021-01-13,Plumas,063,18699,572,490,10,500,2
2021-01-13,Riverside,065,2383286,243496,228192,12163,240355,2278
2021-01-13,Sacramento,067,1510023,80323,78268,903,79171,996
2021-01-13,San Benito,069,59416,4897,4583,54,4637,35
2021-01-13,San Bernardino,071,2135413,254964,240191,7472,247663,1759
2021-01-13,San Diego,073,3302833,218817,201578,10072,211650,1952
2021-01-13,San Francisco,075,870044,29069,27863,518,28381,238
2021-01-13,San Joaquin,077,732212,57203,54373,2316,56689,738
2021-01-13,San Luis Obispo,079,281455,15927,14625,400,15025,140
2021-01-13,San Mateo,081,765935,33149,30195,217,30412,207
2021-01-13,Santa Barbara,083,443738,25022,22714,775,23489,216
2021-01-13,Santa Clara,085,1922200,92459,87187,417,87604,911
2021-01-13,Santa Cruz,087,273765,12850,11423,611,12034,110
2021-01-13,Shasta,089,179085,9701,9180,974,10154,93
2021-01-13,Sierra,091,2930,42,33,9,42,0
2021-01-13,Siskiyou,093,43540,1207,1102,182,1284,3
2021-01-13,Solano,095,438530,25150,23503,273,23776,105
2021-01-13,Sonoma,097,501317,23748,22610,123,22733,206
2021-01-13,Stanislaus,099,539301,42646,40167,4312,44479,574
2021-01-13,Sutter,101,95872,7644,7350,62,7412,73
2021-01-13,Tehama,103,63373,3843,3589,440,4029,17
2021-01-13,Trinity,105,12862,339,260,39,299,3
2021-01-13,Tulare,107,460477,41399,39129,5677,44806,522
2021-01-13,Tuolumne,109,53932,3306,3196,26,3222,28
2021-01-13,Ventura,111,848112,60729,56453,2181,58634,338
2021-01-13,Yolo,113,214977,10948,9933,120,10053,135
2021-01-13,Yuba,115,75493,4688,4448,57,4505,27
2021-01-12,Alameda,001,1643700,66466,62642,1432,64074,677
2021-01-12,Alpine,003,1148,74,71,0,71,0
2021-01-12,Amador,005,37829,3003,2897,25,2922,26
2021-01-12,Butte,007,227075,9628,8883,1316,10199,124
2021-01-12,Calaveras,009,45235,1529,1475,7,1482,21
2021-01-12,Colusa,011,21464,1582,1510,153,1663,7
2021-01-12,Contra Costa,013,1133247,51671,48242,869,49111,399
2021-01-12,Del Norte,015,27424,828,816,0,816,2
2021-01-12,El Dorado,017,186661,7775,7156,509,7665,41
2021-01-12,Fresno,019,978130,83052,77651,6371,84022,796
2021-01-12,Glenn,021,27897,1935,1781,384,2165,9
2021-01-12,Humboldt,023,135768,2311,2077,7,2084,22
2021-01-12,Imperial,025,180216,25353,24566,2168,26734,457
2021-01-12,Inyo,027,18085,930,773,2,775,25
2021-01-12,Kern,029,883053,80058,75320,7317,82637,689
2021-01-12,Kings,031,150075,19122,18072,774,18846,108
2021-01-12,Lake,033,64148,2529,2260,0,2260,27
2021-01-12,Lassen,035,31185,4752,4659,73,4732,1
2021-01-12,Los Angeles,037,10098052,1002282,926295,33448,959743,12610
2021-01-12,Madera,039,155013,13351,12485,645,13130,85
2021-01-12,Marin,041,260295,11448,10960,118,11078,157
2021-01-12,Mariposa,043,17540,327,302,2,304,3
2021-01-12,Mendocino,045,87422,2987,2762,45,2807,31
2021-01-12,Merced,047,269075,23427,22172,556,22728,239
2021-01-12,Modoc,049,8938,293,274,84,358,0
2021-01-12,Mono,051,14174,1065,1008,9,1017,3
2021-01-12,Monterey,053,433212,35004,33381,1087,34468,240
2021-01-12,Napa,055,140530,7496,6936,30,6966,36
2021-01-12,Nevada,057,99092,3252,3014,122,3136,17
2021-01-12,Orange,059,3164182,210134,198260,8781,207041,2142
2021-01-12,Placer,061,380077,17658,16087,852,16939,163
2021-01-12,Plumas,063,18699,566,483,10,493,2
2021-01-12,Riverside,065,2383286,240379,225580,12018,237598,2266
2021-01-12,Sacramento,067,1510023,79582,77201,894,78095,985
2021-01-12,San Benito,069,59416,4830,4515,54,4569,35
2021-01-12,San Bernardino,071,2135413,252395,237008,7398,244406,1739
2021-01-12,San Diego,073,3302833,215907,198317,9954,208271,1898
2021-01-12,San Francisco,075,870044,28793,27531,482,28013,238
2021-01-12,San Joaquin,077,732212,56554,53630,2285,55915,725
2021-01-12,San Luis Obispo,079,281455,15681,14367,392,14759,132
2021-01-12,San Mateo,081,765935,32758,29747,205,29952,206
2021-01-12,Santa Barbara,083,443738,24613,22182,747,22929,209
2021-01-12,Santa Clara,085,1922200,91399,86075,408,86483,904
2021-01-12,Santa Cruz,087,273765,12635,11267,594,11861,110
2021-01-12,Shasta,089,179085,9628,9086,961,10047,84
2021-01-12,Sierra,091,2930,40,33,8,41,0
2021-01-12,Siskiyou,093,43540,1197,1091,176,1267,3
2021-01-12,Solano,095,438530,24847,23160,268,23428,102
2021-01-12,Sonoma,097,501317,23444,22403,123,22526,205
2021-01-12,Stanislaus,099,539301,42195,39615,4276,43891,571
2021-01-12,Sutter,101,95872,7581,7276,61,7337,73
2021-01-12,Tehama,103,63373,3808,3567,436,4003,17
2021-01-12,Trinity,105,12862,339,258,39,297,3
2021-01-12,Tulare,107,460477,40948,38797,5554,44351,509
2021-01-12,Tuolumne,109,53932,3272,3178,26,3204,28
2021-01-12,Ventura,111,848112,59757,55342,2148,57490,324
2021-01-12,Yolo,113,214977,10812,9857,109,9966,133
2021-01-12,Yuba,115,75493,4648,4389,57,4446,27
2021-01-11,Alameda,001,1643700,65614,61949,1414,63363,652
2021-01-11,Alpine,003,1148,74,70,0,70,0
2021-01-11,Amador,005,37829,2989,2867,25,2892,24
2021-01-11,Butte,007,227075,9515,8757,1298,10055,119
2021-01-11,Calaveras,009,45235,1510,1460,7,1467,21
2021-01-11,Colusa,011,21464,1564,1494,149,1643,7
2021-01-11,Contra Costa,013,1133247,50997,47728,859,48587,398
2021-01-11,Del Norte,015,27424,824,810,0,810,2
2021-01-11,El Dorado,017,186661,7682,6987,500,7487,36
2021-01-11,Fresno,019,978130,82176,76581,6291,82872,775
2021-01-11,Glenn,021,27897,1906,1763,375,2138,9
2021-01-11,Humboldt,023,135768,2271,2069,7,2076,22
2021-01-11,Imperial,025,180216,25239,24418,2132,26550,453
2021-01-11,Inyo,027,18085,912,763,2,765,25
2021-01-11,Kern,029,883053,79206,74489,7213,81702,682
2021-01-11,Kings,031,150075,18858,17909,766,18675,108
2021-01-11,Lake,033,64148,2479,2205,0,2205,26
2021-01-11,Lassen,035,31185,4729,4647,72,4719,1
2021-01-11,Los Angeles,037,10098052,989130,914434,32955,947389,12304
2021-01-11,Madera,039,155013,13218,12366,634,13000,85
2021-01-11,Marin,041,260295,11352,10814,115,10929,156
2021-01-11,Mariposa,043,17540,320,296,2,298,3
2021-01-11,Mendocino,045,87422,2960,2728,45,2773,31
2021-01-11,Merced,047,269075,23103,21884,542,22426,238
2021-01-11,Modoc,049,8938,292,271,83,354,0
2021-01-11,Mono,051,14174,1059,1006,9,1015,3
2021-01-11,Monterey,053,433212,34469,32858,1023,33881,239
2021-01-11,Napa,055,140530,7394,6822,30,6852,36
2021-01-11,Nevada,057,99092,3225,2980,122,3102,17
2021-01-11,Orange,059,3164182,207570,196340,8678,205018,2113
2021-01-11,Placer,061,380077,17478,15919,839,16758,163
2021-01-11,Plumas,063,18699,562,477,10,487,2
2021-01-11,Riverside,065,2383286,236884,222907,11861,234768,2222
2021-01-11,Sacramento,067,1510023,78656,76009,877,76886,974
2021-01-11,San Benito,069,59416,4753,4482,47,4529,34
2021-01-11,San Bernardino,071,2135413,249571,235543,7296,242839,1739
2021-01-11,San Diego,073,3302833,212642,194793,9794,204587,1857
2021-01-11,San Francisco,075,870044,28522,27264,458,27722,238
2021-01-11,San Joaquin,077,732212,55942,53002,2255,55257,725
2021-01-11,San Luis Obispo,079,281455,15311,14213,384,14597,126
2021-01-11,San Mateo,081,765935,32317,29355,192,29547,206
2021-01-11,Santa Barbara,083,443738,24176,21740,730,22470,200
2021-01-11,Santa Clara,085,1922200,90200,84851,399,85250,877
2021-01-11,Santa Cruz,087,273765,12458,11093,567,11660,106
2021-01-11,Shasta,089,179085,9530,8977,947,9924,81
2021-01-11,Sierra,091,2930,39,33,8,41,0
2021-01-11,Siskiyou,093,43540,1189,1087,173,1260,3
2021-01-11,Solano,095,438530,24526,22893,263,23156,101
2021-01-11,Sonoma,097,501317,23197,22191,123,22314,205
2021-01-11,Stanislaus,099,539301,41706,39149,4222,43371,571
2021-01-11,Sutter,101,95872,7524,7204,60,7264,71
2021-01-11,Tehama,103,63373,3744,3524,413,3937,17
2021-01-11,Trinity,105,12862,339,256,39,295,2
2021-01-11,Tulare,107,460477,40548,38380,5463,43843,497
2021-01-11,Tuolumne,109,53932,3261,3165,26,3191,27
2021-01-11,Ventura,111,848112,58622,54202,2122,56324,320
2021-01-11,Yolo,113,214977,10598,9699,107,9806,129
2021-01-11,Yuba,115,75493,4609,4349,50,4399,27
2021-01-10,Alameda,001,1643700,64643,61111,1385,62496,650
2021-01-10,Alpine,003,1148,74,70,0,70,0
2021-01-10,Amador,005,37829,2965,2861,25,2886,24
2021-01-10,Butte,007,227075,9398,8665,1271,9936,119
2021-01-10,Calaveras,009,45235,1485,1449,7,1456,21
2021-01-10,Colusa,011,21464,1540,1478,147,1625,7
2021-01-10,Contra Costa,013,1133247,50212,47109,841,47950,398
2021-01-10,Del Norte,015,27424,821,809,0,809,2
2021-01-10,El Dorado,017,186661,7595,6904,482,7386,36
2021-01-10,Fresno,019,978130,81364,75621,6169,81790,775
2021-01-10,Glenn,021,27897,1882,1746,367,2113,9
2021-01-10,Humboldt,023,135768,2210,2049,7,2056,22
2021-01-10,Imperial,025,180216,25079,24233,2077,26310,453
2021-01-10,Inyo,027,18085,884,748,2,750,25
2021-01-10,Kern,029,883053,78382,73712,7078,80790,679
2021-01-10,Kings,031,150075,18640,17812,758,18570,108
2021-01-10,Lake,033,64148,2428,2174,0,2174,26
2021-01-10,Lassen,035,31185,4707,4642,71,4713,1
2021-01-10,Los Angeles,037,10098052,974599,901783,32296,934079,12170
2021-01-10,Madera,039,155013,13031,12179,619,12798,85
2021-01-10,Marin,041,260295,11233,10737,113,10850,155
2021-01-10,Mariposa,043,17540,320,291,2,293,3
2021-01-10,Mendocino,045,87422,2929,2706,42,2748,31
2021-01-10,Merced,047,269075,22828,21691,532,22223,238
2021-01-10,Modoc,049,8938,292,271,81,352,0
2021-01-10,Mono,051,14174,1042,965,9,974,3
2021-01-10,Monterey,053,433212,34030,32571,991,33562,237
2021-01-10,Napa,055,140530,7290,6687,28,6715,36
2021-01-10,Nevada,057,99092,3206,2959,118,3077,17
2021-01-10,Orange,059,3164182,204817,193766,8556,202322,2104
2021-01-10,Placer,061,380077,17302,15779,817,16596,163
2021-01-10,Plumas,063,18699,552,477,10,487,2
2021-01-10,Riverside,065,2383286,233543,219486,11668,231154,2216
2021-01-10,Sacramento,067,1510023,77697,75394,847,76241,965
2021-01-10,San Benito,069,59416,4659,4434,46,4480,34
2021-01-10,San Bernardino,071,2135413,245969,232171,7193,239364,1736
2021-01-10,San Diego,073,3302833,208988,191886,9628,201514,1857
2021-01-10,San Francisco,075,870044,28141,27054,422,27476,238
2021-01-10,San Joaquin,077,732212,55080,52535,2222,54757,725
2021-01-10,San Luis Obispo,079,281455,14983,13968,370,14338,122
2021-01-10,San Mateo,081,765935,31828,28972,177,29149,206
2021-01-10,Santa Barbara,083,443738,23634,21290,705,21995,200
2021-01-10,Santa Clara,085,1922200,89023,83779,388,84167,858
2021-01-10,Santa Cruz,087,273765,12247,10951,543,11494,106
2021-01-10,Shasta,089,179085,9420,8936,930,9866,81
2021-01-10,Sierra,091,2930,38,32,8,40,0
2021-01-10,Siskiyou,093,43540,1183,1075,170,1245,3
2021-01-10,Solano,095,438530,24126,22621,260,22881,101
2021-01-10,Sonoma,097,501317,22922,21925,123,22048,204
2021-01-10,Stanislaus,099,539301,41146,38809,4139,42948,571
2021-01-10,Sutter,101,95872,7463,7133,57,7190,71
2021-01-10,Tehama,103,63373,3672,3504,400,3904,17
2021-01-10,Trinity,105,12862,339,253,38,291,2
2021-01-10,Tulare,107,460477,40136,38012,5326,43338,497
2021-01-10,Tuolumne,109,53932,3227,3143,25,3168,27
2021-01-10,Ventura,111,848112,57355,53095,2076,55171,319
2021-01-10,Yolo,113,214977,10450,9610,106,9716,129
2021-01-10,Yuba,115,75493,4557,4300,47,4347,27
2021-01-09,Alameda,001,1643700,64137,60125,1367,61492,649
2021-01-09,Alpine,003,1148,74,70,0,70,0
2021-01-09,Amador,005,37829,2958,2809,25,2834,24
2021-01-09,Butte,007,227075,9317,8552,1247,9799,118
2021-01-09,Calaveras,009,45235,1475,1425,7,1432,21
2021-01-09,Colusa,011,21464,1534,1468,146,1614,7
2021-01-09,Contra Costa,013,1133247,49866,46406,826,47232,393
2021-01-09,Del Norte,015,27424,819,802,0,802,2
2021-01-09,El Dorado,017,186661,7563,6800,479,7279,36
2021-01-09,Fresno,019,978130,80957,74816,6127,80943,773
2021-01-09,Glenn,021,27897,1867,1707,362,2069,9
2021-01-09,Humboldt,023,135768,2192,2026,7,2033,22
2021-01-09,Imperial,025,180216,25012,24028,2062,26090,448
2021-01-09,Inyo,027,18085,874,734,2,736,25
2021-01-09,Kern,029,883053,77924,73015,6997,80012,677
2021-01-09,Kings,031,150075,18545,17679,754,18433,108
2021-01-09,Lake,033,64148,2394,2144,0,2144,26
2021-01-09,Lassen,035,31185,4695,4613,70,4683,1
2021-01-09,Los Angeles,037,10098052,969076,887949,31835,919784,12011
2021-01-09,Madera,039,155013,12946,12063,614,12677,85
2021-01-09,Marin,041,260295,11169,10634,112,10746,154
2021-01-09,Mariposa,043,17540,317,287,2,289,3
2021-01-09,Mendocino,045,87422,2911,2664,42,2706,31
2021-01-09,Merced,047,269075,22687,21357,522,21879,237
2021-01-09,Modoc,049,8938,292,271,80,351,0
2021-01-09,Mono,051,14174,1037,964,9,973,3
2021-01-09,Monterey,053,433212,33887,31948,982,32930,235
2021-01-09,Napa,055,140530,7220,6594,25,6619,36
2021-01-09,Nevada,057,99092,3184,2932,115,3047,17
2021-01-09,Orange,059,3164182,203319,191004,8464,199468,2034
2021-01-09,Placer,061,380077,17202,15609,815,16424,162
2021-01-09,Plumas,063,18699,550,477,10,487,2
2021-01-09,Riverside,065,2383286,231840,216076,11520,227596,2201
2021-01-09,Sacramento,067,1510023,77172,74482,842,75324,953
2021-01-09,San Benito,069,59416,4610,4335,46,4381,34
2021-01-09,San Bernardino,071,2135413,244790,228857,7123,235980,1714
2021-01-09,San Diego,073,3302833,207296,188598,9508,198106,1824
2021-01-09,San Francisco,075,870044,27967,26708,377,27085,235
2021-01-09,San Joaquin,077,732212,54734,51927,2201,54128,724
2021-01-09,San Luis Obispo,079,281455,14860,13647,359,14006,121
2021-01-09,San Mateo,081,765935,31531,28512,170,28682,205
2021-01-09,Santa Barbara,083,443738,23426,20971,696,21667,197
2021-01-09,Santa Clara,085,1922200,88181,82269,376,82645,808
2021-01-09,Santa Cruz,087,273765,12151,10717,538,11255,107
2021-01-09,Shasta,089,179085,9387,8893,926,9819,81
2021-01-09,Sierra,091,2930,36,32,8,40,0
2021-01-09,Siskiyou,093,43540,1179,1062,166,1228,3
2021-01-09,Solano,095,438530,23971,22226,259,22485,101
2021-01-09,Sonoma,097,501317,22801,21393,123,21516,202
2021-01-09,Stanislaus,099,539301,40854,38403,4097,42500,567
2021-01-09,Sutter,101,95872,7427,7072,56,7128,69
2021-01-09,Tehama,103,63373,3643,3451,388,3839,15
2021-01-09,Trinity,105,12862,339,252,38,290,2
2021-01-09,Tulare,107,460477,39894,37684,5252,42936,496
2021-01-09,Tuolumne,109,53932,3219,3117,24,3141,26
2021-01-09,Ventura,111,848112,56528,51988,2049,54037,306
2021-01-09,Yolo,113,214977,10379,9524,103,9627,129
2021-01-09,Yuba,115,75493,4529,4265,47,4312,27
2021-01-08,Alameda,001,1643700,63600,59172,1356,60528,646
2021-01-08,Alpine,003,1148,74,70,0,70,0
2021-01-08,Amador,005,37829,2951,2792,25,2817,24
2021-01-08,Butte,007,227075,9258,8430,1231,9661,115
2021-01-08,Calaveras,009,45235,1462,1385,7,1392,21
2021-01-08,Colusa,011,21464,1521,1448,145,1593,7
2021-01-08,Contra Costa,013,1133247,49339,45667,822,46489,381
2021-01-08,Del Norte,015,27424,817,795,0,795,2
2021-01-08,El Dorado,017,186661,7493,6690,467,7157,36
2021-01-08,Fresno,019,978130,80143,73689,6064,79753,771
2021-01-08,Glenn,021,27897,1851,1680,358,2038,9
2021-01-08,Humboldt,023,135768,2168,1988,7,1995,22
2021-01-08,Imperial,025,180216,24945,23751,2047,25798,446
2021-01-08,Inyo,027,18085,860,682,2,684,24
2021-01-08,Kern,029,883053,77364,71978,6924,78902,674
2021-01-08,Kings,031,150075,18417,17441,749,18190,108
2021-01-08,Lake,033,64148,2367,2098,0,2098,26
2021-01-08,Lassen,035,31185,4687,4598,68,4666,1
2021-01-08,Los Angeles,037,10098052,958321,871188,31380,902568,11796
2021-01-08,Madera,039,155013,12795,11846,605,12451,85
2021-01-08,Marin,041,260295,11074,10531,111,10642,153
2021-01-08,Mariposa,043,17540,316,273,2,275,3
2021-01-08,Mendocino,045,87422,2892,2634,39,2673,31
2021-01-08,Merced,047,269075,22492,20862,517,21379,236
2021-01-08,Modoc,049,8938,292,266,80,346,0
2021-01-08,Mono,051,14174,1027,951,9,960,3
2021-01-08,Monterey,053,433212,33621,31543,969,32512,224
2021-01-08,Napa,055,140530,7150,6544,25,6569,32
2021-01-08,Nevada,057,99092,3162,2888,115,3003,17
2021-01-08,Orange,059,3164182,201327,186608,8377,194985,1991
2021-01-08,Placer,061,380077,17075,15401,808,16209,161
2021-01-08,Plumas,063,18699,544,465,10,475,2
2021-01-08,Riverside,065,2383286,229481,212122,11382,223504,2184
2021-01-08,Sacramento,067,1510023,76592,73245,836,74081,939
2021-01-08,San Benito,069,59416,4572,4225,45,4270,33
2021-01-08,San Bernardino,071,2135413,242905,224267,7050,231317,1703
2021-01-08,San Diego,073,3302833,204762,185060,9414,194474,1771
2021-01-08,San Francisco,075,870044,27720,26378,352,26730,207
2021-01-08,San Joaquin,077,732212,54396,50990,2170,53160,710
2021-01-08,San Luis Obispo,079,281455,14727,13286,345,13631,119
2021-01-08,San Mateo,081,765935,31181,28072,167,28239,204
2021-01-08,Santa Barbara,083,443738,23148,20461,687,21148,189
2021-01-08,Santa Clara,085,1922200,87157,80561,373,80934,789
2021-01-08,Santa Cruz,087,273765,12012,10486,528,11014,106
2021-01-08,Shasta,089,179085,9337,8772,911,9683,81
2021-01-08,Sierra,091,2930,36,31,8,39,0
2021-01-08,Siskiyou,093,43540,1176,1027,165,1192,3
2021-01-08,Solano,095,438530,23803,21832,259,22091,100
2021-01-08,Sonoma,097,501317,22663,21178,123,21301,201
2021-01-08,Stanislaus,099,539301,40555,37858,4060,41918,566
2021-01-08,Sutter,101,95872,7377,6982,56,7038,68
2021-01-08,Tehama,103,63373,3620,3406,383,3789,15
2021-01-08,Trinity,105,12862,339,247,38,285,2
2021-01-08,Tulare,107,460477,39630,36946,5135,42081,491
2021-01-08,Tuolumne,109,53932,3210,3099,24,3123,19
2021-01-08,Ventura,111,848112,55664,50553,2024,52577,294
2021-01-08,Yolo,113,214977,10291,9391,99,9490,129
2021-01-08,Yuba,115,75493,4487,4195,46,4241,26
2021-01-07,Alameda,001,1643700,62673,57921,1328,59249,632
2021-01-07,Alpine,003,1148,72,70,0,70,0
2021-01-07,Amador,005,37829,2938,2740,24,2764,24
2021-01-07,Butte,007,227075,9162,8278,1202,9480,112
2021-01-07,Calaveras,009,45235,1445,1342,6,1348,21
2021-01-07,Colusa,011,21464,1509,1420,138,1558,7
2021-01-07,Contra Costa,013,1133247,48562,44756,805,45561,376
2021-01-07,Del Norte,015,27424,815,791,0,791,2
2021-01-07,El Dorado,017,186661,7394,6545,453,6998,36
2021-01-07,Fresno,019,978130,79190,72557,5958,78515,765
2021-01-07,Glenn,021,27897,1835,1639,349,1988,9
2021-01-07,Humboldt,023,135768,2141,1954,7,1961,22
2021-01-07,Imperial,025,180216,24752,23608,1995,25603,431
2021-01-07,Inyo,027,18085,847,656,2,658,20
2021-01-07,Kern,029,883053,76510,70953,6771,77724,660
2021-01-07,Kings,031,150075,18289,17238,740,17978,108
2021-01-07,Lake,033,64148,2312,2054,0,2054,26
2021-01-07,Lassen,035,31185,4682,4581,66,4647,1
2021-01-07,Los Angeles,037,10098052,943465,853187,30817,884004,11480
2021-01-07,Madera,039,155013,12639,11644,593,12237,76
2021-01-07,Marin,041,260295,10983,10364,109,10473,153
2021-01-07,Mariposa,043,17540,314,264,2,266,3
2021-01-07,Mendocino,045,87422,2837,2585,35,2620,30
2021-01-07,Merced,047,269075,22171,20510,502,21012,234
2021-01-07,Modoc,049,8938,292,265,80,345,0
2021-01-07,Mono,051,14174,1016,905,9,914,3
2021-01-07,Monterey,053,433212,33092,30903,947,31850,222
2021-01-07,Napa,055,140530,7040,6408,25,6433,32
2021-01-07,Nevada,057,99092,3128,2847,110,2957,17
2021-01-07,Orange,059,3164182,198494,181922,8273,190195,1974
2021-01-07,Placer,061,380077,16892,15155,778,15933,144
2021-01-07,Plumas,063,18699,542,454,10,464,2
2021-01-07,Riverside,065,2383286,226150,208177,11192,219369,2156
2021-01-07,Sacramento,067,1510023,75689,72342,815,73157,919
2021-01-07,San Benito,069,59416,4510,4112,41,4153,33
2021-01-07,San Bernardino,071,2135413,239372,219691,6965,226656,1666
2021-01-07,San Diego,073,3302833,201458,180510,9235,189745,1738
2021-01-07,San Francisco,075,870044,27386,25885,335,26220,202
2021-01-07,San Joaquin,077,732212,53711,50156,2138,52294,689
2021-01-07,San Luis Obispo,079,281455,14488,12810,332,13142,118
2021-01-07,San Mateo,081,765935,30670,27494,163,27657,201
2021-01-07,Santa Barbara,083,443738,22730,19931,673,20604,187
2021-01-07,Santa Clara,085,1922200,85938,78808,369,79177,775
2021-01-07,Santa Cruz,087,273765,11803,10228,521,10749,104
2021-01-07,Shasta,089,179085,9250,8612,903,9515,81
2021-01-07,Sierra,091,2930,36,31,8,39,0
2021-01-07,Siskiyou,093,43540,1171,1010,163,1173,3
2021-01-07,Solano,095,438530,23410,21384,255,21639,100
2021-01-07,Sonoma,097,501317,22401,20857,122,20979,200
2021-01-07,Stanislaus,099,539301,40129,37296,4008,41304,553
2021-01-07,Sutter,101,95872,7318,6890,55,6945,65
2021-01-07,Tehama,103,63373,3596,3330,376,3706,15
2021-01-07,Trinity,105,12862,339,247,38,285,2
2021-01-07,Tulare,107,460477,39227,36397,4991,41388,482
2021-01-07,Tuolumne,109,53932,3190,3068,23,3091,14
2021-01-07,Ventura,111,848112,54504,49083,1995,51078,288
2021-01-07,Yolo,113,214977,10153,9207,97,9304,128
2021-01-07,Yuba,115,75493,4445,4128,46,4174,25
2021-01-06,Alameda,001,1643700,61824,57081,1298,58379,616
2021-01-06,Alpine,003,1148,72,70,0,70,0
2021-01-06,Amador,005,37829,2917,2717,23,2740,24
2021-01-06,Butte,007,227075,9050,8147,1183,9330,110
2021-01-06,Calaveras,009,45235,1420,1321,6,1327,21
2021-01-06,Colusa,011,21464,1489,1385,132,1517,7
2021-01-06,Contra Costa,013,1133247,47760,44054,787,44841,358
2021-01-06,Del Norte,015,27424,809,780,0,780,2
2021-01-06,El Dorado,017,186661,7283,6397,440,6837,35
2021-01-06,Fresno,019,978130,78351,71404,5855,77259,752
2021-01-06,Glenn,021,27897,1811,1622,343,1965,9
2021-01-06,Humboldt,023,135768,2115,1912,7,1919,22
2021-01-06,Imperial,025,180216,24499,23400,1953,25353,431
2021-01-06,Inyo,027,18085,831,630,2,632,20
2021-01-06,Kern,029,883053,75570,69893,6635,76528,646
2021-01-06,Kings,031,150075,18095,17019,717,17736,108
2021-01-06,Lake,033,64148,2274,2033,0,2033,26
2021-01-06,Lassen,035,31185,4670,4560,62,4622,1
2021-01-06,Los Angeles,037,10098052,927576,835052,30091,865143,11285
2021-01-06,Madera,039,155013,12505,11407,587,11994,67
2021-01-06,Marin,041,260295,10856,10282,108,10390,153
2021-01-06,Mariposa,043,17540,311,259,2,261,3
2021-01-06,Mendocino,045,87422,2807,2561,35,2596,30
2021-01-06,Merced,047,269075,21828,20258,486,20744,232
2021-01-06,Modoc,049,8938,292,263,80,343,0
2021-01-06,Mono,051,14174,985,905,9,914,3
2021-01-06,Monterey,053,433212,32502,30387,910,31297,222
2021-01-06,Napa,055,140530,6910,6342,25,6367,32
2021-01-06,Nevada,057,99092,3108,2805,110,2915,15
2021-01-06,Orange,059,3164182,195048,177686,8129,185815,1935
2021-01-06,Placer,061,380077,16707,14940,759,15699,134
2021-01-06,Plumas,063,18699,534,445,10,455,2
2021-01-06,Riverside,065,2383286,222143,203714,10973,214687,2121
2021-01-06,Sacramento,067,1510023,74668,71572,798,72370,909
2021-01-06,San Benito,069,59416,4433,4031,40,4071,32
2021-01-06,San Bernardino,071,2135413,235667,215286,6849,222135,1634
2021-01-06,San Diego,073,3302833,197963,176660,9066,185726,1691
2021-01-06,San Francisco,075,870044,27015,25424,325,25749,199
2021-01-06,San Joaquin,077,732212,52950,49286,2095,51381,673
2021-01-06,San Luis Obispo,079,281455,14096,12305,325,12630,115
2021-01-06,San Mateo,081,765935,30247,27050,160,27210,200
2021-01-06,Santa Barbara,083,443738,22250,19453,661,20114,177
2021-01-06,Santa Clara,085,1922200,84536,77485,362,77847,746
2021-01-06,Santa Cruz,087,273765,11585,9954,501,10455,97
2021-01-06,Shasta,089,179085,9179,8482,896,9378,78
2021-01-06,Sierra,091,2930,35,31,8,39,0
2021-01-06,Siskiyou,093,43540,1159,998,159,1157,3
2021-01-06,Solano,095,438530,23023,21102,252,21354,99
2021-01-06,Sonoma,097,501317,22096,20558,122,20680,196
2021-01-06,Stanislaus,099,539301,39533,36751,3945,40696,553
2021-01-06,Sutter,101,95872,7236,6839,54,6893,59
2021-01-06,Tehama,103,63373,3569,3306,370,3676,15
2021-01-06,Trinity,105,12862,339,246,38,284,2
2021-01-06,Tulare,107,460477,38665,35882,4880,40762,465
2021-01-06,Tuolumne,109,53932,3170,3008,23,3031,14
2021-01-06,Ventura,111,848112,53260,47428,1970,49398,280
2021-01-06,Yolo,113,214977,9992,9083,94,9177,127
2021-01-06,Yuba,115,75493,4398,4097,46,4143,25
2021-01-05,Alameda,001,1643700,60696,56432,1262,57694,602
2021-01-05,Alpine,003,1148,72,70,0,70,0
2021-01-05,Amador,005,37829,2877,2695,23,2718,24
2021-01-05,Butte,007,227075,8911,8008,1156,9164,107
2021-01-05,Calaveras,009,45235,1371,1292,6,1298,21
2021-01-05,Colusa,011,21464,1464,1376,126,1502,7
2021-01-05,Contra Costa,013,1133247,46877,43442,776,44218,353
2021-01-05,Del Norte,015,27424,802,770,0,770,2
2021-01-05,El Dorado,017,186661,7165,6270,419,6689,32
2021-01-05,Fresno,019,978130,77131,70971,5760,76731,741
2021-01-05,Glenn,021,27897,1786,1608,331,1939,9
2021-01-05,Humboldt,023,135768,2078,1884,7,1891,22
2021-01-05,Imperial,025,180216,24335,23165,1905,25070,421
2021-01-05,Inyo,027,18085,817,627,2,629,20
2021-01-05,Kern,029,883053,74499,68257,6489,74746,624
2021-01-05,Kings,031,150075,17897,16860,693,17553,108
2021-01-05,Lake,033,64148,2226,2015,0,2015,25
2021-01-05,Lassen,035,31185,4656,4554,58,4612,1
2021-01-05,Los Angeles,037,10098052,908907,823783,29397,853180,11028
2021-01-05,Madera,039,155013,12329,11359,574,11933,67
2021-01-05,Marin,041,260295,10706,10214,106,10320,151
2021-01-05,Mariposa,043,17540,305,257,2,259,3
2021-01-05,Mendocino,045,87422,2772,2501,35,2536,30
2021-01-05,Merced,047,269075,21478,20051,473,20524,230
2021-01-05,Modoc,049,8938,292,254,80,334,0
2021-01-05,Mono,051,14174,979,896,9,905,3
2021-01-05,Monterey,053,433212,31930,30045,872,30917,213
2021-01-05,Napa,055,140530,6823,6264,25,6289,29
2021-01-05,Nevada,057,99092,3080,2781,109,2890,15
2021-01-05,Orange,059,3164182,191409,174869,7930,182799,1918
2021-01-05,Placer,061,380077,16477,14723,735,15458,133
2021-01-05,Plumas,063,18699,527,428,10,438,2
2021-01-05,Riverside,065,2383286,218029,200439,10770,211209,2069
2021-01-05,Sacramento,067,1510023,73744,70677,770,71447,888
2021-01-05,San Benito,069,59416,4331,3961,38,3999,28
2021-01-05,San Bernardino,071,2135413,231741,212522,6732,219254,1615
2021-01-05,San Diego,073,3302833,193827,172845,8857,181702,1654
2021-01-05,San Francisco,075,870044,26649,24989,306,25295,196
2021-01-05,San Joaquin,077,732212,52077,48969,2052,51021,663
2021-01-05,San Luis Obispo,079,281455,13697,12027,315,12342,106
2021-01-05,San Mateo,081,765935,29762,26486,158,26644,198
2021-01-05,Santa Barbara,083,443738,21817,19063,650,19713,172
2021-01-05,Santa Clara,085,1922200,83002,76355,348,76703,729
2021-01-05,Santa Cruz,087,273765,11313,9753,476,10229,93
2021-01-05,Shasta,089,179085,9073,8345,876,9221,73
2021-01-05,Sierra,091,2930,35,31,8,39,0
2021-01-05,Siskiyou,093,43540,1147,985,157,1142,3
2021-01-05,Solano,095,438530,22617,20860,247,21107,97
2021-01-05,Sonoma,097,501317,21732,20247,121,20368,194
2021-01-05,Stanislaus,099,539301,38990,36363,3897,40260,553
2021-01-05,Sutter,101,95872,7137,6769,53,6822,59
2021-01-05,Tehama,103,63373,3512,3255,365,3620,9
2021-01-05,Trinity,105,12862,339,246,38,284,2
2021-01-05,Tulare,107,460477,38051,35585,4738,40323,455
2021-01-05,Tuolumne,109,53932,3146,2996,18,3014,13
2021-01-05,Ventura,111,848112,52013,46456,1947,48403,264
2021-01-05,Yolo,113,214977,9818,8980,93,9073,127
2021-01-05,Yuba,115,75493,4340,4053,45,4098,21
2021-01-04,Alameda,001,1643700,59442,55899,1228,57127,583
2021-01-04,Alpine,003,1148,72,68,0,68,0
2021-01-04,Amador,005,37829,2837,2596,23,2619,24
2021-01-04,Butte,007,227075,8753,7893,1132,9025,105
2021-01-04,Calaveras,009,45235,1330,1276,5,1281,21
2021-01-04,Colusa,011,21464,1439,1368,112,1480,7
2021-01-04,Contra Costa,013,1133247,46026,43019,750,43769,353
2021-01-04,Del Norte,015,27424,793,770,0,770,2
2021-01-04,El Dorado,017,186661,7031,6152,403,6555,27
2021-01-04,Fresno,019,978130,75870,69871,5659,75530,726
2021-01-04,Glenn,021,27897,1755,1590,323,1913,9
2021-01-04,Humboldt,023,135768,2042,1845,7,1852,22
2021-01-04,Imperial,025,180216,24184,23035,1850,24885,420
2021-01-04,Inyo,027,18085,790,623,2,625,20
2021-01-04,Kern,029,883053,73424,67418,6283,73701,623
2021-01-04,Kings,031,150075,17626,16801,666,17467,108
2021-01-04,Lake,033,64148,2184,1984,0,1984,25
2021-01-04,Lassen,035,31185,4634,4550,57,4607,1
2021-01-04,Los Angeles,037,10098052,888883,813022,28481,841503,10790
2021-01-04,Madera,039,155013,12108,11204,552,11756,67
2021-01-04,Marin,041,260295,10571,10115,103,10218,151
2021-01-04,Mariposa,043,17540,299,253,2,255,3
2021-01-04,Mendocino,045,87422,2732,2460,31,2491,28
2021-01-04,Merced,047,269075,21064,19804,454,20258,230
2021-01-04,Modoc,049,8938,276,250,78,328,0
2021-01-04,Mono,051,14174,968,895,9,904,3
2021-01-04,Monterey,053,433212,31277,29659,849,30508,212
2021-01-04,Napa,055,140530,6682,6187,25,6212,29
2021-01-04,Nevada,057,99092,3043,2765,104,2869,15
2021-01-04,Orange,059,3164182,187526,172458,7798,180256,1918
2021-01-04,Placer,061,380077,16203,14622,721,15343,133
2021-01-04,Plumas,063,18699,517,419,10,429,1
2021-01-04,Riverside,065,2383286,213535,196809,10554,207363,2066
2021-01-04,Sacramento,067,1510023,72681,70164,760,70924,870
2021-01-04,San Benito,069,59416,4218,3914,38,3952,28
2021-01-04,San Bernardino,071,2135413,227534,210868,6567,217435,1615
2021-01-04,San Diego,073,3302833,189259,171031,8663,179694,1598
2021-01-04,San Francisco,075,870044,26264,24753,299,25052,191
2021-01-04,San Joaquin,077,732212,51178,48644,2010,50654,661
2021-01-04,San Luis Obispo,079,281455,13207,11945,307,12252,96
2021-01-04,San Mateo,081,765935,29200,26150,153,26303,198
2021-01-04,Santa Barbara,083,443738,21301,18735,617,19352,165
2021-01-04,Santa Clara,085,1922200,81250,75297,341,75638,727
2021-01-04,Santa Cruz,087,273765,11026,9680,459,10139,85
2021-01-04,Shasta,089,179085,8968,8224,860,9084,72
2021-01-04,Sierra,091,2930,34,30,8,38,0
2021-01-04,Siskiyou,093,43540,1131,980,152,1132,3
2021-01-04,Solano,095,438530,22112,20588,240,20828,97
2021-01-04,Sonoma,097,501317,21389,20210,120,20330,194
2021-01-04,Stanislaus,099,539301,38427,36141,3839,39980,553
2021-01-04,Sutter,101,95872,7039,6712,52,6764,56
2021-01-04,Tehama,103,63373,3439,3190,359,3549,9
2021-01-04,Trinity,105,12862,336,245,38,283,2
2021-01-04,Tulare,107,460477,37493,35060,4631,39691,455
2021-01-04,Tuolumne,109,53932,3121,2987,18,3005,13
2021-01-04,Ventura,111,848112,50512,45014,1928,46942,255
2021-01-04,Yolo,113,214977,9622,8834,87,8921,121
2021-01-04,Yuba,115,75493,4281,4023,45,4068,21
2021-01-03,Alameda,001,1643700,58209,55082,1197,56279,580
2021-01-03,Alpine,003,1148,70,68,0,68,0
2021-01-03,Amador,005,37829,2773,2565,23,2588,24
2021-01-03,Butte,007,227075,8563,7837,1077,8914,105
2021-01-03,Calaveras,009,45235,1294,1249,3,1252,21
2021-01-03,Colusa,011,21464,1410,1337,106,1443,7
2021-01-03,Contra Costa,013,1133247,45134,42432,725,43157,352
2021-01-03,Del Norte,015,27424,781,768,0,768,2
2021-01-03,El Dorado,017,186661,6903,6034,386,6420,27
2021-01-03,Fresno,019,978130,74727,69326,5533,74859,719
2021-01-03,Glenn,021,27897,1730,1581,312,1893,9
2021-01-03,Humboldt,023,135768,2005,1833,7,1840,21
2021-01-03,Imperial,025,180216,23932,22951,1764,24715,419
2021-01-03,Inyo,027,18085,773,615,2,617,20
2021-01-03,Kern,029,883053,72172,66895,6100,72995,609
2021-01-03,Kings,031,150075,17359,16593,632,17225,108
2021-01-03,Lake,033,64148,2131,1976,0,1976,24
2021-01-03,Lassen,035,31185,4601,4531,56,4587,1
2021-01-03,Los Angeles,037,10098052,866977,792168,27375,819543,10633
2021-01-03,Madera,039,155013,11883,11152,528,11680,67
2021-01-03,Marin,041,260295,10422,10034,98,10132,150
2021-01-03,Mariposa,043,17540,292,248,2,250,3
2021-01-03,Mendocino,045,87422,2692,2445,30,2475,24
2021-01-03,Merced,047,269075,20595,19600,427,20027,230
2021-01-03,Modoc,049,8938,272,245,77,322,0
2021-01-03,Mono,051,14174,943,893,9,902,3
2021-01-03,Monterey,053,433212,30687,29357,812,30169,191
2021-01-03,Napa,055,140530,6581,6094,25,6119,29
2021-01-03,Nevada,057,99092,2984,2742,101,2843,15
2021-01-03,Orange,059,3164182,183353,169881,7602,177483,1919
2021-01-03,Placer,061,380077,15956,14319,696,15015,133
2021-01-03,Plumas,063,18699,504,416,10,426,1
2021-01-03,Riverside,065,2383286,208773,195048,10274,205322,2005
2021-01-03,Sacramento,067,1510023,71477,68558,739,69297,859
2021-01-03,San Benito,069,59416,4118,3882,37,3919,28
2021-01-03,San Bernardino,071,2135413,222250,208294,6387,214681,1592
2021-01-03,San Diego,073,3302833,184004,168018,8440,176458,1592
2021-01-03,San Francisco,075,870044,25766,24588,281,24869,193
2021-01-03,San Joaquin,077,732212,50077,47899,1947,49846,661
2021-01-03,San Luis Obispo,079,281455,12738,11636,297,11933,95
2021-01-03,San Mateo,081,765935,28608,25770,147,25917,196
2021-01-03,Santa Barbara,083,443738,20584,18267,600,18867,164
2021-01-03,Santa Clara,085,1922200,79697,74534,335,74869,720
2021-01-03,Santa Cruz,087,273765,10726,9528,440,9968,84
2021-01-03,Shasta,089,179085,8842,8192,818,9010,72
2021-01-03,Sierra,091,2930,34,30,8,38,0
2021-01-03,Siskiyou,093,43540,1098,976,143,1119,3
2021-01-03,Solano,095,438530,21579,20105,235,20340,97
2021-01-03,Sonoma,097,501317,20999,19982,116,20098,193
2021-01-03,Stanislaus,099,539301,37739,35762,3756,39518,553
2021-01-03,Sutter,101,95872,6941,6664,51,6715,53
2021-01-03,Tehama,103,63373,3379,3176,350,3526,9
2021-01-03,Trinity,105,12862,333,243,37,280,2
2021-01-03,Tulare,107,460477,36939,34747,4484,39231,455
2021-01-03,Tuolumne,109,53932,3059,2978,15,2993,13
2021-01-03,Ventura,111,848112,48688,43748,1910,45658,254
2021-01-03,Yolo,113,214977,9462,8674,83,8757,121
2021-01-03,Yuba,115,75493,4227,3966,44,4010,20
2021-01-02,Alameda,001,1643700,57591,54518,1167,55685,581
2021-01-02,Alpine,003,1148,70,68,0,68,0
2021-01-02,Amador,005,37829,2754,2540,23,2563,24
2021-01-02,Butte,007,227075,8456,7750,1056,8806,105
2021-01-02,Calaveras,009,45235,1275,1230,3,1233,21
2021-01-02,Colusa,011,21464,1400,1332,105,1437,7
2021-01-02,Contra Costa,013,1133247,44612,41993,713,42706,352
2021-01-02,Del Norte,015,27424,779,764,0,764,2
2021-01-02,El Dorado,017,186661,6848,5959,382,6341,27
2021-01-02,Fresno,019,978130,74193,68740,5417,74157,717
2021-01-02,Glenn,021,27897,1715,1546,310,1856,9
2021-01-02,Humboldt,023,135768,1981,1815,7,1822,21
2021-01-02,Imperial,025,180216,23854,22867,1724,24591,420
2021-01-02,Inyo,027,18085,760,609,2,611,20
2021-01-02,Kern,029,883053,71456,66457,5990,72447,610
2021-01-02,Kings,031,150075,17267,16515,628,17143,108
2021-01-02,Lake,033,64148,2095,1925,0,1925,24
2021-01-02,Lassen,035,31185,4590,4457,55,4512,1
2021-01-02,Los Angeles,037,10098052,858709,791892,26636,818528,10633
2021-01-02,Madera,039,155013,11774,11039,516,11555,67
2021-01-02,Marin,041,260295,10377,9924,95,10019,151
2021-01-02,Mariposa,043,17540,285,243,2,245,3
2021-01-02,Mendocino,045,87422,2650,2428,29,2457,24
2021-01-02,Merced,047,269075,20453,19395,411,19806,230
2021-01-02,Modoc,049,8938,271,245,77,322,0
2021-01-02,Mono,051,14174,933,884,9,893,3
2021-01-02,Monterey,053,433212,30480,28991,801,29792,191
2021-01-02,Napa,055,140530,6522,5994,25,6019,29
2021-01-02,Nevada,057,99092,2957,2706,97,2803,15
2021-01-02,Orange,059,3164182,181171,168457,7448,175905,1918
2021-01-02,Placer,061,380077,15782,14182,686,14868,133
2021-01-02,Plumas,063,18699,501,413,10,423,1
2021-01-02,Riverside,065,2383286,206235,192069,10037,202106,2008
2021-01-02,Sacramento,067,1510023,70837,67810,724,68534,858
2021-01-02,San Benito,069,59416,4038,3829,37,3866,28
2021-01-02,San Bernardino,071,2135413,220637,206939,6253,213192,1597
2021-01-02,San Diego,073,3302833,181412,164498,8251,172749,1592
2021-01-02,San Francisco,075,870044,25507,24414,274,24688,194
2021-01-02,San Joaquin,077,732212,49713,47310,1915,49225,662
2021-01-02,San Luis Obispo,079,281455,12604,11467,292,11759,95
2021-01-02,San Mateo,081,765935,28272,25483,139,25622,196
2021-01-02,Santa Barbara,083,443738,20299,18135,597,18732,164
2021-01-02,Santa Clara,085,1922200,78529,73662,328,73990,720
2021-01-02,Santa Cruz,087,273765,10575,9340,431,9771,85
2021-01-02,Shasta,089,179085,8776,8154,806,8960,72
2021-01-02,Sierra,091,2930,34,28,8,36,0
2021-01-02,Siskiyou,093,43540,1087,949,141,1090,3
2021-01-02,Solano,095,438530,21382,19805,225,20030,97
2021-01-02,Sonoma,097,501317,20841,19761,116,19877,194
2021-01-02,Stanislaus,099,539301,37426,35431,3687,39118,553
2021-01-02,Sutter,101,95872,6886,6621,51,6672,53
2021-01-02,Tehama,103,63373,3354,3146,346,3492,9
2021-01-02,Trinity,105,12862,330,243,37,280,2
2021-01-02,Tulare,107,460477,36622,34479,4414,38893,455
2021-01-02,Tuolumne,109,53932,3045,2942,13,2955,13
2021-01-02,Ventura,111,848112,47537,43397,1875,45272,254
2021-01-02,Yolo,113,214977,9368,8571,81,8652,122
2021-01-02,Yuba,115,75493,4189,3930,43,3973,21
2021-01-01,Alameda,001,1643700,56938,53518,1150,54668,579
2021-01-01,Alpine,003,1148,70,68,0,68,0
2021-01-01,Amador,005,37829,2728,2513,21,2534,24
2021-01-01,Butte,007,227075,8355,7589,1031,8620,105
2021-01-01,Calaveras,009,45235,1260,1186,3,1189,21
2021-01-01,Colusa,011,21464,1391,1314,103,1417,7
2021-01-01,Contra Costa,013,1133247,44138,41412,691,42103,351
2021-01-01,Del Norte,015,27424,773,758,0,758,2
2021-01-01,El Dorado,017,186661,6759,5832,371,6203,27
2021-01-01,Fresno,019,978130,73124,67484,5329,72813,717
2021-01-01,Glenn,021,27897,1699,1520,307,1827,9
2021-01-01,Humboldt,023,135768,1943,1783,7,1790,21
2021-01-01,Imperial,025,180216,23770,22715,1672,24387,418
2021-01-01,Inyo,027,18085,736,606,2,608,20
2021-01-01,Kern,029,883053,70634,65571,5878,71449,609
2021-01-01,Kings,031,150075,17084,16358,622,16980,108
2021-01-01,Lake,033,64148,2065,1888,0,1888,24
2021-01-01,Lassen,035,31185,4584,4377,55,4432,1
2021-01-01,Los Angeles,037,10098052,844589,775578,25906,801484,10515
2021-01-01,Madera,039,155013,11615,10752,507,11259,66
2021-01-01,Marin,041,260295,10271,9821,95,9916,148
2021-01-01,Mariposa,043,17540,277,236,2,238,3
2021-01-01,Mendocino,045,87422,2596,2400,29,2429,24
2021-01-01,Merced,047,269075,20269,19118,395,19513,229
2021-01-01,Modoc,049,8938,271,241,77,318,0
2021-01-01,Mono,051,14174,915,884,9,893,3
2021-01-01,Monterey,053,433212,30250,28465,793,29258,191
2021-01-01,Napa,055,140530,6436,5899,25,5924,28
2021-01-01,Nevada,057,99092,2933,2663,97,2760,15
2021-01-01,Orange,059,3164182,178385,165440,7297,172737,1893
2021-01-01,Placer,061,380077,15618,13987,668,14655,133
2021-01-01,Plumas,063,18699,496,412,10,422,1
2021-01-01,Riverside,065,2383286,203174,188674,9764,198438,1990
2021-01-01,Sacramento,067,1510023,70239,66956,706,67662,848
2021-01-01,San Benito,069,59416,4002,3773,37,3810,28
2021-01-01,San Bernardino,071,2135413,217819,203651,6114,209765,1590
2021-01-01,San Diego,073,3302833,178351,160071,8076,168147,1592
2021-01-01,San Francisco,075,870044,25234,24145,262,24407,187
2021-01-01,San Joaquin,077,732212,49432,46640,1867,48507,657
2021-01-01,San Luis Obispo,079,281455,12381,11160,284,11444,94
2021-01-01,San Mateo,081,765935,27824,25041,135,25176,194
2021-01-01,Santa Barbara,083,443738,19980,17759,587,18346,164
2021-01-01,Santa Clara,085,1922200,77262,71904,323,72227,680
2021-01-01,Santa Cruz,087,273765,10397,9146,419,9565,84
2021-01-01,Shasta,089,179085,8694,8102,789,8891,72
2021-01-01,Sierra,091,2930,34,26,8,34,0
2021-01-01,Siskiyou,093,43540,1073,944,136,1080,3
2021-01-01,Solano,095,438530,21170,19393,223,19616,97
2021-01-01,Sonoma,097,501317,20651,19513,116,19629,189
2021-01-01,Stanislaus,099,539301,37150,34978,3619,38597,553
2021-01-01,Sutter,101,95872,6830,6553,50,6603,52
2021-01-01,Tehama,103,63373,3298,3079,337,3416,9
2021-01-01,Trinity,105,12862,330,243,37,280,2
2021-01-01,Tulare,107,460477,36218,33994,4312,38306,454
2021-01-01,Tuolumne,109,53932,3029,2909,13,2922,13
2021-01-01,Ventura,111,848112,46044,42026,1847,43873,253
2021-01-01,Yolo,113,214977,9257,8461,78,8539,120
2021-01-01,Yuba,115,75493,4133,3845,42,3887,19
2020-12-31,Alameda,001,1643700,56412,52475,1118,53593,579
2020-12-31,Alpine,003,1148,70,66,0,66,0
2020-12-31,Amador,005,37829,2714,2493,21,2514,24
2020-12-31,Butte,007,227075,8281,7405,1012,8417,105
2020-12-31,Calaveras,009,45235,1249,1161,3,1164,21
2020-12-31,Colusa,011,21464,1383,1301,100,1401,7
2020-12-31,Contra Costa,013,1133247,43766,40512,676,41188,336
2020-12-31,Del Norte,015,27424,772,748,0,748,2
2020-12-31,El Dorado,017,186661,6707,5662,362,6024,26
2020-12-31,Fresno,019,978130,72700,66442,5265,71707,711
2020-12-31,Glenn,021,27897,1679,1484,302,1786,9
2020-12-31,Humboldt,023,135768,1926,1713,7,1720,21
2020-12-31,Imperial,025,180216,23706,22494,1656,24150,417
2020-12-31,Inyo,027,18085,728,591,2,593,20
2020-12-31,Kern,029,883053,70169,64904,5783,70687,609
2020-12-31,Kings,031,150075,17009,16077,614,16691,108
2020-12-31,Lake,033,64148,2053,1848,0,1848,23
2020-12-31,Lassen,035,31185,4578,4340,54,4394,1
2020-12-31,Los Angeles,037,10098052,839314,755844,25412,781256,10320
2020-12-31,Madera,039,155013,11548,10609,496,11105,64
2020-12-31,Marin,041,260295,10231,9731,94,9825,148
2020-12-31,Mariposa,043,17540,275,217,2,219,3
2020-12-31,Mendocino,045,87422,2581,2367,25,2392,24
2020-12-31,Merced,047,269075,20182,18808,385,19193,226
2020-12-31,Modoc,049,8938,271,238,77,315,0
2020-12-31,Mono,051,14174,908,868,9,877,3
2020-12-31,Monterey,053,433212,30059,27720,781,28501,188
2020-12-31,Napa,055,140530,6373,5801,25,5826,28
2020-12-31,Nevada,057,99092,2910,2619,95,2714,15
2020-12-31,Orange,059,3164182,176506,161586,7161,168747,1866
2020-12-31,Placer,061,380077,15468,13708,665,14373,126
2020-12-31,Plumas,063,18699,491,401,9,410,1
2020-12-31,Riverside,065,2383286,201618,184193,9624,193817,1958
2020-12-31,Sacramento,067,1510023,69722,65817,694,66511,830
2020-12-31,San Benito,069,59416,3980,3673,37,3710,28
2020-12-31,San Bernardino,071,2135413,216261,199115,6041,205156,1586
2020-12-31,San Diego,073,3302833,176589,155593,7983,163576,1534
2020-12-31,San Francisco,075,870044,25009,23740,254,23994,183
2020-12-31,San Joaquin,077,732212,49128,45764,1826,47590,646
2020-12-31,San Luis Obispo,079,281455,12271,10846,284,11130,89
2020-12-31,San Mateo,081,765935,27494,24570,129,24699,192
2020-12-31,Santa Barbara,083,443738,19738,17434,580,18014,161
2020-12-31,Santa Clara,085,1922200,76496,70032,318,70350,665
2020-12-31,Santa Cruz,087,273765,10281,8909,406,9315,84
2020-12-31,Shasta,089,179085,8629,7996,779,8775,69
2020-12-31,Sierra,091,2930,34,26,8,34,0
2020-12-31,Siskiyou,093,43540,1057,940,133,1073,3
2020-12-31,Solano,095,438530,20942,18942,222,19164,97
2020-12-31,Sonoma,097,501317,20534,19129,115,19244,188
2020-12-31,Stanislaus,099,539301,36855,34398,3564,37962,552
2020-12-31,Sutter,101,95872,6800,6432,49,6481,51
2020-12-31,Tehama,103,63373,3269,3036,336,3372,9
2020-12-31,Trinity,105,12862,329,241,37,278,2
2020-12-31,Tulare,107,460477,36057,33412,4258,37670,446
2020-12-31,Tuolumne,109,53932,3021,2902,13,2915,12
2020-12-31,Ventura,111,848112,45537,40854,1829,42683,251
2020-12-31,Yolo,113,214977,9173,8295,77,8372,117
2020-12-31,Yuba,115,75493,4095,3799,41,3840,18
2020-12-30,Alameda,001,1643700,55650,50158,1067,51225,573
2020-12-30,Alpine,003,1148,70,66,0,66,0
2020-12-30,Amador,005,37829,2694,2418,20,2438,24
2020-12-30,Butte,007,227075,8121,7140,995,8135,103
2020-12-30,Calaveras,009,45235,1224,1135,3,1138,21
2020-12-30,Colusa,011,21464,1367,1289,94,1383,7
2020-12-30,Contra Costa,013,1133247,43184,39601,664,40265,337
2020-12-30,Del Norte,015,27424,767,726,0,726,2
2020-12-30,El Dorado,017,186661,6608,5595,350,5945,27
2020-12-30,Fresno,019,978130,71859,65566,5101,70667,711
2020-12-30,Glenn,021,27897,1650,1471,289,1760,9
2020-12-30,Humboldt,023,135768,1892,1654,7,1661,22
2020-12-30,Imperial,025,180216,23539,22098,1578,23676,412
2020-12-30,Inyo,027,18085,721,572,2,574,20
2020-12-30,Kern,029,883053,69448,63292,5632,68924,604
2020-12-30,Kings,031,150075,16890,15862,606,16468,108
2020-12-30,Lake,033,64148,2030,1731,0,1731,23
2020-12-30,Lassen,035,31185,4569,4300,54,4354,1
2020-12-30,Los Angeles,037,10098052,828488,741907,24682,766589,10046
2020-12-30,Madera,039,155013,11439,10249,485,10734,65
2020-12-30,Marin,041,260295,10143,9569,87,9656,148
2020-12-30,Mariposa,043,17540,271,214,2,216,3
2020-12-30,Mendocino,045,87422,2563,2291,22,2313,24
2020-12-30,Merced,047,269075,19890,18519,375,18894,225
2020-12-30,Modoc,049,8938,268,234,77,311,0
2020-12-30,Mono,051,14174,905,868,9,877,3
2020-12-30,Monterey,053,433212,29451,26977,758,27735,186
2020-12-30,Napa,055,140530,6267,5754,25,5779,28
2020-12-30,Nevada,057,99092,2875,2595,93,2688,15
2020-12-30,Orange,059,3164182,173849,153951,6967,160918,1863
2020-12-30,Placer,061,380077,15214,13540,653,14193,127
2020-12-30,Plumas,063,18699,486,397,9,406,1
2020-12-30,Riverside,065,2383286,198700,176402,9429,185831,1919
2020-12-30,Sacramento,067,1510023,68858,64119,676,64795,847
2020-12-30,San Benito,069,59416,3899,3464,33,3497,29
2020-12-30,San Bernardino,071,2135413,213685,192648,5952,198600,1591
2020-12-30,San Diego,073,3302833,172957,152510,7808,160318,1472
2020-12-30,San Francisco,075,870044,24718,23099,248,23347,182
2020-12-30,San Joaquin,077,732212,48441,44465,1784,46249,634
2020-12-30,San Luis Obispo,079,281455,12003,10542,276,10818,89
2020-12-30,San Mateo,081,765935,27062,24150,125,24275,190
2020-12-30,Santa Barbara,083,443738,19347,16895,556,17451,161
2020-12-30,Santa Clara,085,1922200,75229,67218,314,67532,661
2020-12-30,Santa Cruz,087,273765,10087,8787,396,9183,86
2020-12-30,Shasta,089,179085,8517,7818,765,8583,69
2020-12-30,Sierra,091,2930,34,25,8,33,0
2020-12-30,Siskiyou,093,43540,1050,913,123,1036,3
2020-12-30,Solano,095,438530,20546,18300,219,18519,96
2020-12-30,Sonoma,097,501317,20275,18947,115,19062,191
2020-12-30,Stanislaus,099,539301,36376,33730,3489,37219,526
2020-12-30,Sutter,101,95872,6739,6328,48,6376,51
2020-12-30,Tehama,103,63373,3225,2969,332,3301,9
2020-12-30,Trinity,105,12862,328,231,37,268,2
2020-12-30,Tulare,107,460477,35506,32413,4193,36606,430
2020-12-30,Tuolumne,109,53932,3008,2772,11,2783,12
2020-12-30,Ventura,111,848112,44249,39039,1804,40843,251
2020-12-30,Yolo,113,214977,9066,8067,74,8141,117
2020-12-30,Yuba,115,75493,4026,3612,41,3653,18
2020-12-29,Alameda,001,1643700,54592,50946,1031,51977,552
2020-12-29,Alpine,003,1148,70,65,0,65,0
2020-12-29,Amador,005,37829,2642,2388,19,2407,23
2020-12-29,Butte,007,227075,7950,7178,971,8149,98
2020-12-29,Calaveras,009,45235,1179,1111,2,1113,21
2020-12-29,Colusa,011,21464,1346,1272,89,1361,7
2020-12-29,Contra Costa,013,1133247,42381,39225,633,39858,325
2020-12-29,Del Norte,015,27424,760,724,0,724,2
2020-12-29,El Dorado,017,186661,6480,5551,335,5886,22
2020-12-29,Fresno,019,978130,70490,65149,4940,70089,688
2020-12-29,Glenn,021,27897,1616,1454,282,1736,9
2020-12-29,Humboldt,023,135768,1846,1616,7,1623,19
2020-12-29,Imperial,025,180216,23331,22105,1488,23593,407
2020-12-29,Inyo,027,18085,704,571,2,573,19
2020-12-29,Kern,029,883053,68289,63096,5454,68550,589
2020-12-29,Kings,031,150075,16721,15777,594,16371,108
2020-12-29,Lake,033,64148,1998,1805,0,1805,22
2020-12-29,Lassen,035,31185,4554,4288,54,4342,1
2020-12-29,Los Angeles,037,10098052,808365,731907,23777,755684,9786
2020-12-29,Madera,039,155013,11125,10251,469,10720,64
2020-12-29,Marin,041,260295,9991,9595,84,9679,146
2020-12-29,Mariposa,043,17540,263,212,2,214,3
2020-12-29,Mendocino,045,87422,2520,2249,21,2270,24
2020-12-29,Merced,047,269075,19540,18464,360,18824,221
2020-12-29,Modoc,049,8938,265,232,77,309,0
2020-12-29,Mono,051,14174,896,868,9,877,3
2020-12-29,Monterey,053,433212,28815,26894,730,27624,185
2020-12-29,Napa,055,140530,6147,5663,25,5688,28
2020-12-29,Nevada,057,99092,2827,2550,92,2642,15
2020-12-29,Orange,059,3164182,170060,154411,6793,161204,1839
2020-12-29,Placer,061,380077,14979,13392,630,14022,126
2020-12-29,Plumas,063,18699,477,395,9,404,1
2020-12-29,Riverside,065,2383286,194135,177624,9163,186787,1904
2020-12-29,Sacramento,067,1510023,67814,65078,661,65739,820
2020-12-29,San Benito,069,59416,3780,3474,32,3506,25
2020-12-29,San Bernardino,071,2135413,208866,190476,5812,196288,1557
2020-12-29,San Diego,073,3302833,168735,150062,7577,157639,1435
2020-12-29,San Francisco,075,870044,24381,22996,239,23235,178
2020-12-29,San Joaquin,077,732212,47526,44699,1727,46426,622
2020-12-29,San Luis Obispo,079,281455,11709,10387,268,10655,80
2020-12-29,San Mateo,081,765935,26519,23773,112,23885,189
2020-12-29,Santa Barbara,083,443738,18885,16797,530,17327,155
2020-12-29,Santa Clara,085,1922200,73683,67581,311,67892,621
2020-12-29,Santa Cruz,087,273765,9817,8492,387,8879,84
2020-12-29,Shasta,089,179085,8412,7782,750,8532,65
2020-12-29,Sierra,091,2930,32,24,7,31,0
2020-12-29,Siskiyou,093,43540,1035,926,121,1047,3
2020-12-29,Solano,095,438530,20165,18412,214,18626,96
2020-12-29,Sonoma,097,501317,19938,18790,113,18903,187
2020-12-29,Stanislaus,099,539301,35878,33775,3424,37199,508
2020-12-29,Sutter,101,95872,6671,6302,48,6350,50
2020-12-29,Tehama,103,63373,3158,2962,317,3279,9
2020-12-29,Trinity,105,12862,328,241,37,278,2
2020-12-29,Tulare,107,460477,34848,32545,4061,36606,419
2020-12-29,Tuolumne,109,53932,2966,2797,11,2808,12
2020-12-29,Ventura,111,848112,42997,38669,1776,40445,235
2020-12-29,Yolo,113,214977,8937,8124,72,8196,111
2020-12-29,Yuba,115,75493,3946,3723,41,3764,18
2020-12-28,Alameda,001,1643700,53556,50405,1009,51414,551
2020-12-28,Alpine,003,1148,69,65,0,65,0
2020-12-28,Amador,005,37829,2572,2255,19,2274,23
2020-12-28,Butte,007,227075,7784,7053,941,7994,86
2020-12-28,Calaveras,009,45235,1157,1102,2,1104,21
2020-12-28,Colusa,011,21464,1322,1255,74,1329,7
2020-12-28,Contra Costa,013,1133247,41450,38872,606,39478,324
2020-12-28,Del Norte,015,27424,750,718,0,718,2
2020-12-28,El Dorado,017,186661,6323,5441,323,5764,18
2020-12-28,Fresno,019,978130,69224,64274,4783,69057,679
2020-12-28,Glenn,021,27897,1582,1435,270,1705,9
2020-12-28,Humboldt,023,135768,1811,1579,7,1586,19
2020-12-28,Imperial,025,180216,23070,22003,1411,23414,405
2020-12-28,Inyo,027,18085,697,569,2,571,19
2020-12-28,Kern,029,883053,67227,62392,5246,67638,579
2020-12-28,Kings,031,150075,16505,15733,576,16309,108
2020-12-28,Lake,033,64148,1956,1785,0,1785,22
2020-12-28,Lassen,035,31185,4447,4284,53,4337,1
2020-12-28,Los Angeles,037,10098052,786096,720699,22926,743625,9544
2020-12-28,Madera,039,155013,10951,10123,446,10569,64
2020-12-28,Marin,041,260295,9882,9546,77,9623,145
2020-12-28,Mariposa,043,17540,239,211,2,213,3
2020-12-28,Mendocino,045,87422,2485,2214,21,2235,23
2020-12-28,Merced,047,269075,19219,18245,342,18587,213
2020-12-28,Modoc,049,8938,260,220,76,296,0
2020-12-28,Mono,051,14174,892,848,9,857,3
2020-12-28,Monterey,053,433212,27982,26529,717,27246,182
2020-12-28,Napa,055,140530,6038,5576,25,5601,26
2020-12-28,Nevada,057,99092,2780,2532,87,2619,15
2020-12-28,Orange,059,3164182,165958,152089,6610,158699,1839
2020-12-28,Placer,061,380077,14637,13234,602,13836,126
2020-12-28,Plumas,063,18699,473,391,9,400,0
2020-12-28,Riverside,065,2383286,189280,174029,8855,182884,1855
2020-12-28,Sacramento,067,1510023,66584,64322,636,64958,813
2020-12-28,San Benito,069,59416,3709,3429,31,3460,24
2020-12-28,San Bernardino,071,2135413,203778,188919,5690,194609,1552
2020-12-28,San Diego,073,3302833,163997,147528,7393,154921,1404
2020-12-28,San Francisco,075,870044,24020,22726,233,22959,178
2020-12-28,San Joaquin,077,732212,46591,44172,1695,45867,618
2020-12-28,San Luis Obispo,079,281455,11359,10260,263,10523,76
2020-12-28,San Mateo,081,765935,26046,23467,109,23576,189
2020-12-28,Santa Barbara,083,443738,18427,16579,516,17095,155
2020-12-28,Santa Clara,085,1922200,72194,66418,304,66722,619
2020-12-28,Santa Cruz,087,273765,9549,8310,377,8687,81
2020-12-28,Shasta,089,179085,8293,7688,737,8425,65
2020-12-28,Sierra,091,2930,29,24,7,31,0
2020-12-28,Siskiyou,093,43540,1020,915,115,1030,3
2020-12-28,Solano,095,438530,19591,18171,208,18379,96
2020-12-28,Sonoma,097,501317,19592,18667,111,18778,185
2020-12-28,Stanislaus,099,539301,35333,33473,3358,36831,507
2020-12-28,Sutter,101,95872,6588,6253,48,6301,49
2020-12-28,Tehama,103,63373,3105,2934,308,3242,9
2020-12-28,Trinity,105,12862,326,240,37,277,2
2020-12-28,Tulare,107,460477,34166,32010,3949,35959,404
2020-12-28,Tuolumne,109,53932,2950,2777,11,2788,12
2020-12-28,Ventura,111,848112,41330,37151,1726,38877,230
2020-12-28,Yolo,113,214977,8782,8031,71,8102,111
2020-12-28,Yuba,115,75493,3883,3679,40,3719,18
2020-12-27,Alameda,001,1643700,52320,49764,980,50744,551
2020-12-27,Alpine,003,1148,67,65,0,65,0
2020-12-27,Amador,005,37829,2451,2218,19,2237,23
2020-12-27,Butte,007,227075,7630,7016,904,7920,86
2020-12-27,Calaveras,009,45235,1111,1097,2,1099,21
2020-12-27,Colusa,011,21464,1297,1253,71,1324,7
2020-12-27,Contra Costa,013,1133247,40529,38428,576,39004,324
2020-12-27,Del Norte,015,27424,727,712,0,712,2
2020-12-27,El Dorado,017,186661,6110,5388,297,5685,18
2020-12-27,Fresno,019,978130,67982,63811,4568,68379,679
2020-12-27,Glenn,021,27897,1556,1434,255,1689,9
2020-12-27,Humboldt,023,135768,1768,1575,7,1582,17
2020-12-27,Imperial,025,180216,22786,21934,1292,23226,405
2020-12-27,Inyo,027,18085,675,565,2,567,18
2020-12-27,Kern,029,883053,65956,61914,5074,66988,568
2020-12-27,Kings,031,150075,16269,15593,540,16133,108
2020-12-27,Lake,033,64148,1902,1769,0,1769,22
2020-12-27,Lassen,035,31185,4370,4230,46,4276,1
2020-12-27,Los Angeles,037,10098052,764693,707260,21981,729241,9476
2020-12-27,Madera,039,155013,10693,10005,436,10441,64
2020-12-27,Marin,041,260295,9760,9477,71,9548,144
2020-12-27,Mariposa,043,17540,232,208,2,210,3
2020-12-27,Mendocino,045,87422,2437,2209,21,2230,23
2020-12-27,Merced,047,269075,18851,18075,326,18401,213
2020-12-27,Modoc,049,8938,251,221,72,293,0
2020-12-27,Mono,051,14174,873,849,9,858,3
2020-12-27,Monterey,053,433212,27441,26322,700,27022,181
2020-12-27,Napa,055,140530,5903,5496,25,5521,26
2020-12-27,Nevada,057,99092,2744,2519,87,2606,15
2020-12-27,Orange,059,3164182,161571,149276,6415,155691,1839
2020-12-27,Placer,061,380077,14345,13017,569,13586,126
2020-12-27,Plumas,063,18699,467,390,9,399,0
2020-12-27,Riverside,065,2383286,184415,171995,8537,180532,1836
2020-12-27,Sacramento,067,1510023,65384,63416,610,64026,811
2020-12-27,San Benito,069,59416,3623,3394,31,3425,24
2020-12-27,San Bernardino,071,2135413,198722,186776,5543,192319,1551
2020-12-27,San Diego,073,3302833,159593,145777,7206,152983,1402
2020-12-27,San Francisco,075,870044,23671,22514,224,22738,178
2020-12-27,San Joaquin,077,732212,45554,43529,1642,45171,618
2020-12-27,San Luis Obispo,079,281455,10952,10154,258,10412,76
2020-12-27,San Mateo,081,765935,25480,23136,105,23241,187
2020-12-27,Santa Barbara,083,443738,17909,16364,487,16851,155
2020-12-27,Santa Clara,085,1922200,70574,65288,298,65586,619
2020-12-27,Santa Cruz,087,273765,9281,8234,368,8602,81
2020-12-27,Shasta,089,179085,8170,7671,713,8384,65
2020-12-27,Sierra,091,2930,29,24,6,30,0
2020-12-27,Siskiyou,093,43540,1009,914,110,1024,3
2020-12-27,Solano,095,438530,19098,17840,202,18042,96
2020-12-27,Sonoma,097,501317,19303,18487,110,18597,185
2020-12-27,Stanislaus,099,539301,34733,33076,3262,36338,506
2020-12-27,Sutter,101,95872,6506,6218,46,6264,48
2020-12-27,Tehama,103,63373,3034,2922,291,3213,9
2020-12-27,Trinity,105,12862,322,240,35,275,2
2020-12-27,Tulare,107,460477,33572,31864,3827,35691,400
2020-12-27,Tuolumne,109,53932,2843,2750,9,2759,12
2020-12-27,Ventura,111,848112,40270,36661,1671,38332,230
2020-12-27,Yolo,113,214977,8591,7919,65,7984,111
2020-12-27,Yuba,115,75493,3820,3665,38,3703,18
2020-12-26,Alameda,001,1643700,51712,49084,967,50051,551
2020-12-26,Alpine,003,1148,67,65,0,65,0
2020-12-26,Amador,005,37829,2437,2189,19,2208,23
2020-12-26,Butte,007,227075,7536,6968,882,7850,86
2020-12-26,Calaveras,009,45235,1105,1084,2,1086,21
2020-12-26,Colusa,011,21464,1287,1240,71,1311,7
2020-12-26,Contra Costa,013,1133247,40067,38008,562,38570,324
2020-12-26,Del Norte,015,27424,721,709,0,709,2
2020-12-26,El Dorado,017,186661,6055,5279,293,5572,18
2020-12-26,Fresno,019,978130,67515,63080,4503,67583,679
2020-12-26,Glenn,021,27897,1535,1413,249,1662,9
2020-12-26,Humboldt,023,135768,1730,1545,7,1552,17
2020-12-26,Imperial,025,180216,22697,21734,1239,22973,405
2020-12-26,Inyo,027,18085,662,554,2,556,18
2020-12-26,Kern,029,883053,65293,61174,4914,66088,564
2020-12-26,Kings,031,150075,16151,15517,535,16052,108
2020-12-26,Lake,033,64148,1859,1710,0,1710,22
2020-12-26,Lassen,035,31185,4349,3981,46,4027,1
2020-12-26,Los Angeles,037,10098052,756190,694149,21442,715591,9424
2020-12-26,Madera,039,155013,10619,9908,422,10330,64
2020-12-26,Marin,041,260295,9725,9413,70,9483,143
2020-12-26,Mariposa,043,17540,231,206,2,208,3
2020-12-26,Mendocino,045,87422,2391,2194,21,2215,23
2020-12-26,Merced,047,269075,18693,17890,321,18211,213
2020-12-26,Modoc,049,8938,248,222,72,294,0
2020-12-26,Mono,051,14174,867,850,9,859,3
2020-12-26,Monterey,053,433212,27308,26010,691,26701,182
2020-12-26,Napa,055,140530,5845,5427,25,5452,26
2020-12-26,Nevada,057,99092,2716,2480,87,2567,15
2020-12-26,Orange,059,3164182,159378,147304,6318,153622,1838
2020-12-26,Placer,061,380077,14178,12816,553,13369,122
2020-12-26,Plumas,063,18699,464,381,9,390,0
2020-12-26,Riverside,065,2383286,181946,169360,8371,177731,1834
2020-12-26,Sacramento,067,1510023,64761,62435,600,63035,807
2020-12-26,San Benito,069,59416,3550,3330,31,3361,24
2020-12-26,San Bernardino,071,2135413,197082,185111,5455,190566,1551
2020-12-26,San Diego,073,3302833,157071,142644,7058,149702,1402
2020-12-26,San Francisco,075,870044,23437,22319,223,22542,177
2020-12-26,San Joaquin,077,732212,45168,42887,1593,44480,618
2020-12-26,San Luis Obispo,079,281455,10866,9945,252,10197,76
2020-12-26,San Mateo,081,765935,25142,22908,99,23007,187
2020-12-26,Santa Barbara,083,443738,17672,16159,481,16640,155
2020-12-26,Santa Clara,085,1922200,69512,64185,295,64480,618
2020-12-26,Santa Cruz,087,273765,9157,8113,358,8471,81
2020-12-26,Shasta,089,179085,8111,7641,700,8341,65
2020-12-26,Sierra,091,2930,29,24,6,30,0
2020-12-26,Siskiyou,093,43540,1003,909,105,1014,2
2020-12-26,Solano,095,438530,18858,17528,202,17730,96
2020-12-26,Sonoma,097,501317,19102,18261,108,18369,184
2020-12-26,Stanislaus,099,539301,34443,32678,3211,35889,505
2020-12-26,Sutter,101,95872,6447,6121,46,6167,48
2020-12-26,Tehama,103,63373,3007,2884,286,3170,9
2020-12-26,Trinity,105,12862,321,237,34,271,2
2020-12-26,Tulare,107,460477,33275,31665,3773,35438,398
2020-12-26,Tuolumne,109,53932,2832,2703,9,2712,12
2020-12-26,Ventura,111,848112,39308,36064,1636,37700,230
2020-12-26,Yolo,113,214977,8489,7785,62,7847,111
2020-12-26,Yuba,115,75493,3793,3599,38,3637,18
2020-12-25,Alameda,001,1643700,51152,48365,952,49317,542
2020-12-25,Alpine,003,1148,67,64,0,64,0
2020-12-25,Amador,005,37829,2394,2172,19,2191,23
2020-12-25,Butte,007,227075,7439,6873,861,7734,85
2020-12-25,Calaveras,009,45235,1102,1062,2,1064,21
2020-12-25,Colusa,011,21464,1275,1219,70,1289,7
2020-12-25,Contra Costa,013,1133247,39596,37480,535,38015,324
2020-12-25,Del Norte,015,27424,718,692,0,692,2
2020-12-25,El Dorado,017,186661,5991,5170,278,5448,16
2020-12-25,Fresno,019,978130,66657,62251,4415,66666,679
2020-12-25,Glenn,021,27897,1520,1390,241,1631,9
2020-12-25,Humboldt,023,135768,1692,1532,7,1539,16
2020-12-25,Imperial,025,180216,22607,21646,1227,22873,405
2020-12-25,Inyo,027,18085,653,546,2,548,18
2020-12-25,Kern,029,883053,64570,60417,4762,65179,562
2020-12-25,Kings,031,150075,16041,15460,530,15990,108
2020-12-25,Lake,033,64148,1839,1669,0,1669,20
2020-12-25,Lassen,035,31185,4334,3926,46,3972,1
2020-12-25,Los Angeles,037,10098052,742584,665600,20732,686332,9292
2020-12-25,Madera,039,155013,10449,9770,414,10184,64
2020-12-25,Marin,041,260295,9675,9375,67,9442,143
2020-12-25,Mariposa,043,17540,225,203,2,205,3
2020-12-25,Mendocino,045,87422,2349,2176,21,2197,23
2020-12-25,Merced,047,269075,18533,17726,314,18040,213
2020-12-25,Modoc,049,8938,247,221,72,293,0
2020-12-25,Mono,051,14174,865,843,9,852,3
2020-12-25,Monterey,053,433212,27037,25788,682,26470,182
2020-12-25,Napa,055,140530,5765,5351,25,5376,26
2020-12-25,Nevada,057,99092,2690,2458,85,2543,15
2020-12-25,Orange,059,3164182,156700,144542,6119,150661,1814
2020-12-25,Placer,061,380077,13997,12660,530,13190,122
2020-12-25,Plumas,063,18699,457,381,9,390,0
2020-12-25,Riverside,065,2383286,178675,166690,8043,174733,1825
2020-12-25,Sacramento,067,1510023,64069,61630,573,62203,796
2020-12-25,San Benito,069,59416,3512,3281,29,3310,24
2020-12-25,San Bernardino,071,2135413,194445,181812,5334,187146,1546
2020-12-25,San Diego,073,3302833,154591,139958,6881,146839,1402
2020-12-25,San Francisco,075,870044,23161,22130,218,22348,175
2020-12-25,San Joaquin,077,732212,44864,42089,1535,43624,614
2020-12-25,San Luis Obispo,079,281455,10683,9749,245,9994,76
2020-12-25,San Mateo,081,765935,24819,22568,96,22664,187
2020-12-25,Santa Barbara,083,443738,17448,15936,473,16409,155
2020-12-25,Santa Clara,085,1922200,68397,63173,286,63459,612
2020-12-25,Santa Cruz,087,273765,9016,8018,334,8352,81
2020-12-25,Shasta,089,179085,8038,7612,677,8289,65
2020-12-25,Sierra,091,2930,29,24,5,29,0
2020-12-25,Siskiyou,093,43540,997,905,102,1007,2
2020-12-25,Solano,095,438530,18688,17280,200,17480,96
2020-12-25,Sonoma,097,501317,18925,18035,106,18141,184
2020-12-25,Stanislaus,099,539301,34153,32290,3162,35452,498
2020-12-25,Sutter,101,95872,6388,6051,45,6096,47
2020-12-25,Tehama,103,63373,2962,2839,272,3111,9
2020-12-25,Trinity,105,12862,318,236,34,270,2
2020-12-25,Tulare,107,460477,32892,31323,3705,35028,398
2020-12-25,Tuolumne,109,53932,2813,2674,9,2683,12
2020-12-25,Ventura,111,848112,38154,35514,1585,37099,230
2020-12-25,Yolo,113,214977,8392,7700,60,7760,111
2020-12-25,Yuba,115,75493,3758,3549,37,3586,17
2020-12-24,Alameda,001,1643700,50818,47527,931,48458,541
2020-12-24,Alpine,003,1148,67,64,0,64,0
2020-12-24,Amador,005,37829,2382,2145,19,2164,23
2020-12-24,Butte,007,227075,7401,6716,846,7562,84
2020-12-24,Calaveras,009,45235,1099,1032,2,1034,21
2020-12-24,Colusa,011,21464,1270,1188,69,1257,7
2020-12-24,Contra Costa,013,1133247,39352,36623,523,37146,311
2020-12-24,Del Norte,015,27424,718,678,0,678,2
2020-12-24,El Dorado,017,186661,5965,5042,270,5312,16
2020-12-24,Fresno,019,978130,66434,61435,4401,65836,663
2020-12-24,Glenn,021,27897,1509,1363,233,1596,9
2020-12-24,Humboldt,023,135768,1669,1516,7,1523,16
2020-12-24,Imperial,025,180216,22558,21545,1218,22763,402
2020-12-24,Inyo,027,18085,651,532,2,534,17
2020-12-24,Kern,029,883053,64283,59601,4749,64350,556
2020-12-24,Kings,031,150075,16001,15211,529,15740,108
2020-12-24,Lake,033,64148,1824,1629,0,1629,20
2020-12-24,Lassen,035,31185,4321,3894,46,3940,1
2020-12-24,Los Angeles,037,10098052,738439,664840,20462,685302,9288
2020-12-24,Madera,039,155013,10411,9547,407,9954,63
2020-12-24,Marin,041,260295,9642,9287,67,9354,143
2020-12-24,Mariposa,043,17540,221,197,2,199,3
2020-12-24,Mendocino,045,87422,2339,2150,21,2171,23
2020-12-24,Merced,047,269075,18462,17485,310,17795,212
2020-12-24,Modoc,049,8938,247,220,71,291,0
2020-12-24,Mono,051,14174,863,817,9,826,3
2020-12-24,Monterey,053,433212,26932,25131,675,25806,180
2020-12-24,Napa,055,140530,5711,5265,25,5290,26
2020-12-24,Nevada,057,99092,2666,2429,85,2514,15
2020-12-24,Orange,059,3164182,155223,141205,6067,147272,1775
2020-12-24,Placer,061,380077,13919,12457,523,12980,121
2020-12-24,Plumas,063,18699,454,376,9,385,0
2020-12-24,Riverside,065,2383286,177752,162435,8004,170439,1816
2020-12-24,Sacramento,067,1510023,63795,60596,571,61167,788
2020-12-24,San Benito,069,59416,3482,3183,29,3212,24
2020-12-24,San Bernardino,071,2135413,193436,176866,5299,182165,1533
2020-12-24,San Diego,073,3302833,153509,136952,6849,143801,1382
2020-12-24,San Francisco,075,870044,22994,21830,215,22045,175
2020-12-24,San Joaquin,077,732212,44704,41324,1516,42840,611
2020-12-24,San Luis Obispo,079,281455,10614,9504,243,9747,77
2020-12-24,San Mateo,081,765935,24622,22093,96,22189,186
2020-12-24,Santa Barbara,083,443738,17344,15644,465,16109,153
2020-12-24,Santa Clara,085,1922200,67795,61742,279,62021,591
2020-12-24,Santa Cruz,087,273765,8945,7856,322,8178,82
2020-12-24,Shasta,089,179085,7998,7540,659,8199,65
2020-12-24,Sierra,091,2930,27,23,2,25,0
2020-12-24,Siskiyou,093,43540,993,900,95,995,2
2020-12-24,Solano,095,438530,18547,16872,195,17067,96
2020-12-24,Sonoma,097,501317,18827,17710,106,17816,183
2020-12-24,Stanislaus,099,539301,33959,31848,3137,34985,498
2020-12-24,Sutter,101,95872,6347,5960,44,6004,47
2020-12-24,Tehama,103,63373,2946,2779,271,3050,9
2020-12-24,Trinity,105,12862,317,235,34,269,2
2020-12-24,Tulare,107,460477,32777,30827,3678,34505,390
2020-12-24,Tuolumne,109,53932,2805,2653,9,2662,12
2020-12-24,Ventura,111,848112,37876,34400,1578,35978,224
2020-12-24,Yolo,113,214977,8351,7566,60,7626,113
2020-12-24,Yuba,115,75493,3733,3483,37,3520,16
2020-12-23,Alameda,001,1643700,50252,46753,903,47656,537
2020-12-23,Alpine,003,1148,67,64,0,64,0
2020-12-23,Amador,005,37829,2314,2108,18,2126,23
2020-12-23,Butte,007,227075,7315,6588,818,7406,84
2020-12-23,Calaveras,009,45235,1091,1002,1,1003,21
2020-12-23,Colusa,011,21464,1259,1167,69,1236,7
2020-12-23,Contra Costa,013,1133247,38954,36190,509,36699,311
2020-12-23,Del Norte,015,27424,711,670,0,670,2
2020-12-23,El Dorado,017,186661,5891,4967,261,5228,14
2020-12-23,Fresno,019,978130,65828,60488,4333,64821,654
2020-12-23,Glenn,021,27897,1495,1349,229,1578,9
2020-12-23,Humboldt,023,135768,1644,1458,7,1465,16
2020-12-23,Imperial,025,180216,22464,21323,1188,22511,399
2020-12-23,Inyo,027,18085,639,517,2,519,17
2020-12-23,Kern,029,883053,63771,58656,4650,63306,549
2020-12-23,Kings,031,150075,15923,14923,526,15449,105
2020-12-23,Lake,033,64148,1810,1595,0,1595,20
2020-12-23,Lassen,035,31185,4311,3865,43,3908,1
2020-12-23,Los Angeles,037,10098052,729456,651958,19890,671848,9146
2020-12-23,Madera,039,155013,10254,9371,393,9764,63
2020-12-23,Marin,041,260295,9584,9199,64,9263,142
2020-12-23,Mariposa,043,17540,219,194,2,196,3
2020-12-23,Mendocino,045,87422,2327,2121,21,2142,23
2020-12-23,Merced,047,269075,18306,17250,303,17553,203
2020-12-23,Modoc,049,8938,243,197,70,267,0
2020-12-23,Mono,051,14174,861,814,9,823,3
2020-12-23,Monterey,053,433212,26634,24856,669,25525,176
2020-12-23,Napa,055,140530,5643,5172,25,5197,25
2020-12-23,Nevada,057,99092,2621,2406,84,2490,15
2020-12-23,Orange,059,3164182,152779,138050,5895,143945,1771
2020-12-23,Placer,061,380077,13720,12213,515,12728,111
2020-12-23,Plumas,063,18699,447,369,9,378,0
2020-12-23,Riverside,065,2383286,175504,158110,7836,165946,1790
2020-12-23,Sacramento,067,1510023,63148,59661,556,60217,779
2020-12-23,San Benito,069,59416,3427,3073,27,3100,24
2020-12-23,San Bernardino,071,2135413,191406,172888,5230,178118,1509
2020-12-23,San Diego,073,3302833,151087,134695,6712,141407,1350
2020-12-23,San Francisco,075,870044,22771,21498,212,21710,174
2020-12-23,San Joaquin,077,732212,44180,35664,1474,37138,602
2020-12-23,San Luis Obispo,079,281455,10473,9267,237,9504,74
2020-12-23,San Mateo,081,765935,24319,21780,94,21874,186
2020-12-23,Santa Barbara,083,443738,17137,15399,435,15834,152
2020-12-23,Santa Clara,085,1922200,66890,60455,274,60729,579
2020-12-23,Santa Cruz,087,273765,8785,7637,304,7941,75
2020-12-23,Shasta,089,179085,7925,7487,652,8139,66
2020-12-23,Sierra,091,2930,27,23,0,23,0
2020-12-23,Siskiyou,093,43540,973,891,92,983,2
2020-12-23,Solano,095,438530,18340,16626,190,16816,95
2020-12-23,Sonoma,097,501317,18623,17397,106,17503,182
2020-12-23,Stanislaus,099,539301,33617,31492,3081,34573,499
2020-12-23,Sutter,101,95872,6281,5871,44,5915,46
2020-12-23,Tehama,103,63373,2926,2737,267,3004,9
2020-12-23,Trinity,105,12862,317,234,34,268,2
2020-12-23,Tulare,107,460477,32483,30315,3636,33951,385
2020-12-23,Tuolumne,109,53932,2765,2540,9,2549,12
2020-12-23,Ventura,111,848112,37487,33377,1544,34921,216
2020-12-23,Yolo,113,214977,8273,7508,58,7566,112
2020-12-23,Yuba,115,75493,3682,3438,36,3474,14
2020-12-22,Alameda,001,1643700,49366,45751,870,46621,534
2020-12-22,Alpine,003,1148,67,64,0,64,0
2020-12-22,Amador,005,37829,2303,1839,18,1857,23
2020-12-22,Butte,007,227075,7188,6467,801,7268,85
2020-12-22,Calaveras,009,45235,1064,988,0,988,21
2020-12-22,Colusa,011,21464,1236,1150,65,1215,7
2020-12-22,Contra Costa,013,1133247,38331,35681,496,36177,301
2020-12-22,Del Norte,015,27424,705,666,0,666,2
2020-12-22,El Dorado,017,186661,5770,4885,247,5132,12
2020-12-22,Fresno,019,978130,64801,59640,4220,63860,640
2020-12-22,Glenn,021,27897,1472,1337,218,1555,9
2020-12-22,Humboldt,023,135768,1610,1440,7,1447,16
2020-12-22,Imperial,025,180216,22276,21128,1144,22272,398
2020-12-22,Inyo,027,18085,618,506,2,508,17
2020-12-22,Kern,029,883053,62826,57816,4504,62320,547
2020-12-22,Kings,031,150075,15784,14855,519,15374,102
2020-12-22,Lake,033,64148,1786,1569,0,1569,20
2020-12-22,Lassen,035,31185,4169,3848,41,3889,1
2020-12-22,Los Angeles,037,10098052,712272,635931,19160,655091,9013
2020-12-22,Madera,039,155013,10136,9187,377,9564,63
2020-12-22,Marin,041,260295,9521,9115,63,9178,142
2020-12-22,Mariposa,043,17540,216,194,2,196,3
2020-12-22,Mendocino,045,87422,2294,2092,21,2113,23
2020-12-22,Merced,047,269075,18061,17012,299,17311,201
2020-12-22,Modoc,049,8938,235,182,69,251,0
2020-12-22,Mono,051,14174,851,786,9,795,3
2020-12-22,Monterey,053,433212,25971,24152,648,24800,176
2020-12-22,Napa,055,140530,5556,5059,25,5084,23
2020-12-22,Nevada,057,99092,2594,2367,83,2450,14
2020-12-22,Orange,059,3164182,149443,134850,5719,140569,1774
2020-12-22,Placer,061,380077,13493,11943,494,12437,105
2020-12-22,Plumas,063,18699,441,360,9,369,0
2020-12-22,Riverside,065,2383286,171712,155059,7554,162613,1777
2020-12-22,Sacramento,067,1510023,62222,57966,536,58502,772
2020-12-22,San Benito,069,59416,3350,2998,27,3025,24
2020-12-22,San Bernardino,071,2135413,186843,169266,5076,174342,1500
2020-12-22,San Diego,073,3302833,147735,132097,6551,138648,1311
2020-12-22,San Francisco,075,870044,22502,21232,208,21440,174
2020-12-22,San Joaquin,077,732212,43427,39423,1426,40849,592
2020-12-22,San Luis Obispo,079,281455,10130,9174,232,9406,69
2020-12-22,San Mateo,081,765935,23991,21382,78,21460,186
2020-12-22,Santa Barbara,083,443738,16876,15189,425,15614,150
2020-12-22,Santa Clara,085,1922200,65725,59192,267,59459,569
2020-12-22,Santa Cruz,087,273765,8607,7471,277,7748,72
2020-12-22,Shasta,089,179085,7846,7371,635,8006,64
2020-12-22,Sierra,091,2930,27,23,0,23,0
2020-12-22,Siskiyou,093,43540,968,880,89,969,2
2020-12-22,Solano,095,438530,17936,16229,187,16416,95
2020-12-22,Sonoma,097,501317,18305,17216,106,17322,180
2020-12-22,Stanislaus,099,539301,33240,30914,3006,33920,499
2020-12-22,Sutter,101,95872,6220,5791,43,5834,46
2020-12-22,Tehama,103,63373,2879,2688,259,2947,9
2020-12-22,Trinity,105,12862,317,231,34,265,2
2020-12-22,Tulare,107,460477,32021,30025,3564,33589,377
2020-12-22,Tuolumne,109,53932,2710,2526,9,2535,12
2020-12-22,Ventura,111,848112,36726,32488,1497,33985,213
2020-12-22,Yolo,113,214977,8160,7388,57,7445,113
2020-12-22,Yuba,115,75493,3632,3379,36,3415,14
2020-12-21,Alameda,001,1643700,48467,44756,842,45598,518
2020-12-21,Alpine,003,1148,66,64,0,64,0
2020-12-21,Amador,005,37829,2226,1815,18,1833,23
2020-12-21,Butte,007,227075,7033,6335,777,7112,81
2020-12-21,Calaveras,009,45235,1034,963,0,963,21
2020-12-21,Colusa,011,21464,1209,1135,60,1195,7
2020-12-21,Contra Costa,013,1133247,37584,35207,459,35666,300
2020-12-21,Del Norte,015,27424,694,660,0,660,2
2020-12-21,El Dorado,017,186661,5624,4805,233,5038,10
2020-12-21,Fresno,019,978130,63655,58568,4068,62636,634
2020-12-21,Glenn,021,27897,1440,1323,210,1533,9
2020-12-21,Humboldt,023,135768,1586,1419,7,1426,16
2020-12-21,Imperial,025,180216,22007,20994,1100,22094,395
2020-12-21,Inyo,027,18085,597,482,2,484,17
2020-12-21,Kern,029,883053,61937,56836,4364,61200,541
2020-12-21,Kings,031,150075,15535,14760,503,15263,100
2020-12-21,Lake,033,64148,1732,1538,0,1538,20
2020-12-21,Lassen,035,31185,4009,3798,39,3837,1
2020-12-21,Los Angeles,037,10098052,693273,624129,18441,642570,8918
2020-12-21,Madera,039,155013,9942,9069,357,9426,63
2020-12-21,Marin,041,260295,9451,9035,63,9098,142
2020-12-21,Mariposa,043,17540,211,186,2,188,3
2020-12-21,Mendocino,045,87422,2264,2066,20,2086,23
2020-12-21,Merced,047,269075,17814,16710,282,16992,198
2020-12-21,Modoc,049,8938,221,181,68,249,0
2020-12-21,Mono,051,14174,839,781,9,790,3
2020-12-21,Monterey,053,433212,25439,23673,634,24307,174
2020-12-21,Napa,055,140530,5468,4952,25,4977,23
2020-12-21,Nevada,057,99092,2561,2337,83,2420,13
2020-12-21,Orange,059,3164182,146042,130444,5560,136004,1772
2020-12-21,Placer,061,380077,13271,11715,474,12189,105
2020-12-21,Plumas,063,18699,437,353,9,362,0
2020-12-21,Riverside,065,2383286,167513,151713,7210,158923,1743
2020-12-21,Sacramento,067,1510023,61202,57064,519,57583,759
2020-12-21,San Benito,069,59416,3281,2921,27,2948,22
2020-12-21,San Bernardino,071,2135413,182075,165086,4902,169988,1476
2020-12-21,San Diego,073,3302833,144289,129716,6385,136101,1284
2020-12-21,San Francisco,075,870044,22220,21086,204,21290,174
2020-12-21,San Joaquin,077,732212,42632,38811,1373,40184,586
2020-12-21,San Luis Obispo,079,281455,9942,9006,227,9233,64
2020-12-21,San Mateo,081,765935,23586,21035,74,21109,185
2020-12-21,Santa Barbara,083,443738,16605,14988,420,15408,149
2020-12-21,Santa Clara,085,1922200,64533,57699,255,57954,570
2020-12-21,Santa Cruz,087,273765,8394,7315,263,7578,69
2020-12-21,Shasta,089,179085,7781,7299,625,7924,64
2020-12-21,Sierra,091,2930,24,23,0,23,0
2020-12-21,Siskiyou,093,43540,960,878,88,966,2
2020-12-21,Solano,095,438530,17465,15878,182,16060,95
2020-12-21,Sonoma,097,501317,18030,17075,102,17177,176
2020-12-21,Stanislaus,099,539301,32784,30437,2931,33368,499
2020-12-21,Sutter,101,95872,6124,5708,43,5751,46
2020-12-21,Tehama,103,63373,2812,2656,251,2907,9
2020-12-21,Trinity,105,12862,315,226,33,259,2
2020-12-21,Tulare,107,460477,31534,29482,3470,32952,373
2020-12-21,Tuolumne,109,53932,2685,2423,7,2430,12
2020-12-21,Ventura,111,848112,35645,31759,1460,33219,212
2020-12-21,Yolo,113,214977,8014,7266,53,7319,109
2020-12-21,Yuba,115,75493,3573,3329,36,3365,14
2020-12-20,Alameda,001,1643700,47584,44004,819,44823,516
2020-12-20,Alpine,003,1148,66,64,0,64,0
2020-12-20,Amador,005,37829,2168,1771,17,1788,23
2020-12-20,Butte,007,227075,6888,6228,740,6968,81
2020-12-20,Calaveras,009,45235,1010,926,0,926,21
2020-12-20,Colusa,011,21464,1182,1121,52,1173,7
2020-12-20,Contra Costa,013,1133247,36998,34798,440,35238,301
2020-12-20,Del Norte,015,27424,672,652,0,652,2
2020-12-20,El Dorado,017,186661,5497,4697,224,4921,10
2020-12-20,Fresno,019,978130,62673,57616,3925,61541,634
2020-12-20,Glenn,021,27897,1431,1295,203,1498,9
2020-12-20,Humboldt,023,135768,1549,1386,6,1392,15
2020-12-20,Imperial,025,180216,21765,20882,993,21875,395
2020-12-20,Inyo,027,18085,583,476,2,478,17
2020-12-20,Kern,029,883053,60840,55983,4205,60188,540
2020-12-20,Kings,031,150075,15317,14629,483,15112,100
2020-12-20,Lake,033,64148,1686,1463,0,1463,20
2020-12-20,Lassen,035,31185,3955,3669,37,3706,1
2020-12-20,Los Angeles,037,10098052,675280,612975,17662,630637,8862
2020-12-20,Madera,039,155013,9732,8871,348,9219,63
2020-12-20,Marin,041,260295,9354,8948,59,9007,142
2020-12-20,Mariposa,043,17540,210,179,2,181,3
2020-12-20,Mendocino,045,87422,2239,2033,20,2053,23
2020-12-20,Merced,047,269075,17497,16435,275,16710,198
2020-12-20,Modoc,049,8938,221,181,66,247,0
2020-12-20,Mono,051,14174,818,774,9,783,3
2020-12-20,Monterey,053,433212,24965,23250,590,23840,173
2020-12-20,Napa,055,140530,5346,4865,23,4888,23
2020-12-20,Nevada,057,99092,2515,2289,77,2366,13
2020-12-20,Orange,059,3164182,142554,128780,5407,134187,1763
2020-12-20,Placer,061,380077,13048,11496,455,11951,105
2020-12-20,Plumas,063,18699,429,347,9,356,0
2020-12-20,Riverside,065,2383286,163324,148714,6909,155623,1742
2020-12-20,Sacramento,067,1510023,60206,56017,500,56517,755
2020-12-20,San Benito,069,59416,3209,2885,26,2911,21
2020-12-20,San Bernardino,071,2135413,177117,162810,4738,167548,1458
2020-12-20,San Diego,073,3302833,140576,126465,6215,132680,1280
2020-12-20,San Francisco,075,870044,21905,20937,200,21137,174
2020-12-20,San Joaquin,077,732212,41796,38268,1308,39576,587
2020-12-20,San Luis Obispo,079,281455,9649,8881,220,9101,63
2020-12-20,San Mateo,081,765935,23150,20764,70,20834,185
2020-12-20,Santa Barbara,083,443738,16290,14817,399,15216,148
2020-12-20,Santa Clara,085,1922200,63132,56860,249,57109,566
2020-12-20,Santa Cruz,087,273765,8189,7178,250,7428,69
2020-12-20,Shasta,089,179085,7666,7256,611,7867,64
2020-12-20,Sierra,091,2930,24,22,0,22,0
2020-12-20,Siskiyou,093,43540,950,870,87,957,2
2020-12-20,Solano,095,438530,17087,15533,171,15704,95
2020-12-20,Sonoma,097,501317,17755,16802,101,16903,175
2020-12-20,Stanislaus,099,539301,32263,29995,2827,32822,498
2020-12-20,Sutter,101,95872,6037,5601,43,5644,43
2020-12-20,Tehama,103,63373,2764,2602,231,2833,9
2020-12-20,Trinity,105,12862,310,221,32,253,2
2020-12-20,Tulare,107,460477,31020,29078,3369,32447,373
2020-12-20,Tuolumne,109,53932,2573,2152,6,2158,12
2020-12-20,Ventura,111,848112,34942,31335,1425,32760,210
2020-12-20,Yolo,113,214977,7860,7121,50,7171,109
2020-12-20,Yuba,115,75493,3525,3254,34,3288,12
2020-12-19,Alameda,001,1643700,47140,43109,812,43921,516
2020-12-19,Alpine,003,1148,66,64,0,64,0
2020-12-19,Amador,005,37829,2144,1754,17,1771,23
2020-12-19,Butte,007,227075,6788,6118,716,6834,81
2020-12-19,Calaveras,009,45235,993,900,0,900,21
2020-12-19,Colusa,011,21464,1174,1096,50,1146,7
2020-12-19,Contra Costa,013,1133247,36688,34321,424,34745,301
2020-12-19,Del Norte,015,27424,670,641,0,641,2
2020-12-19,El Dorado,017,186661,5431,4588,215,4803,10
2020-12-19,Fresno,019,978130,62352,55428,3855,59283,634
2020-12-19,Glenn,021,27897,1396,1286,202,1488,9
2020-12-19,Humboldt,023,135768,1532,1357,6,1363,15
2020-12-19,Imperial,025,180216,21678,20711,942,21653,395
2020-12-19,Inyo,027,18085,576,475,2,477,17
2020-12-19,Kern,029,883053,60359,55118,4093,59211,540
2020-12-19,Kings,031,150075,15238,14474,481,14955,100
2020-12-19,Lake,033,64148,1652,1438,0,1438,20
2020-12-19,Lassen,035,31185,3927,3595,37,3632,1
2020-12-19,Los Angeles,037,10098052,668245,599888,17106,616994,8804
2020-12-19,Madera,039,155013,9641,8717,336,9053,63
2020-12-19,Marin,041,260295,9315,8864,59,8923,142
2020-12-19,Mariposa,043,17540,208,177,2,179,3
2020-12-19,Mendocino,045,87422,2214,2008,20,2028,23
2020-12-19,Merced,047,269075,17359,16230,266,16496,198
2020-12-19,Modoc,049,8938,218,181,66,247,0
2020-12-19,Mono,051,14174,814,766,9,775,3
2020-12-19,Monterey,053,433212,24854,22799,584,23383,172
2020-12-19,Napa,055,140530,5284,4772,23,4795,23
2020-12-19,Nevada,057,99092,2493,2260,77,2337,13
2020-12-19,Orange,059,3164182,140638,125574,5250,130824,1733
2020-12-19,Placer,061,380077,12899,11246,449,11695,105
2020-12-19,Plumas,063,18699,426,343,9,352,0
2020-12-19,Riverside,065,2383286,161358,146703,6666,153369,1737
2020-12-19,Sacramento,067,1510023,59675,55169,485,55654,746
2020-12-19,San Benito,069,59416,3163,2820,25,2845,21
2020-12-19,San Bernardino,071,2135413,175569,159883,4626,164509,1433
2020-12-19,San Diego,073,3302833,138810,122972,6076,129048,1280
2020-12-19,San Francisco,075,870044,21754,20643,199,20842,174
2020-12-19,San Joaquin,077,732212,41398,37340,1253,38593,586
2020-12-19,San Luis Obispo,079,281455,9579,8788,217,9005,63
2020-12-19,San Mateo,081,765935,22940,20393,63,20456,182
2020-12-19,Santa Barbara,083,443738,16135,14667,391,15058,148
2020-12-19,Santa Clara,085,1922200,62323,55540,244,55784,558
2020-12-19,Santa Cruz,087,273765,8087,7054,244,7298,68
2020-12-19,Shasta,089,179085,7613,7221,599,7820,63
2020-12-19,Sierra,091,2930,24,23,0,23,0
2020-12-19,Siskiyou,093,43540,947,853,86,939,2
2020-12-19,Solano,095,438530,16921,15204,167,15371,95
2020-12-19,Sonoma,097,501317,17647,16553,101,16654,175
2020-12-19,Stanislaus,099,539301,31945,29555,2754,32309,498
2020-12-19,Sutter,101,95872,5979,5506,43,5549,41
2020-12-19,Tehama,103,63373,2713,2574,228,2802,9
2020-12-19,Trinity,105,12862,310,219,32,251,2
2020-12-19,Tulare,107,460477,30802,28734,3300,32034,375
2020-12-19,Tuolumne,109,53932,2560,2107,6,2113,12
2020-12-19,Ventura,111,848112,34662,30843,1395,32238,209
2020-12-19,Yolo,113,214977,7791,7025,49,7074,109
2020-12-19,Yuba,115,75493,3493,3168,34,3202,11
2020-12-18,Alameda,001,1643700,46603,42196,795,42991,515
2020-12-18,Alpine,003,1148,66,64,0,64,0
2020-12-18,Amador,005,37829,2127,1727,15,1742,20
2020-12-18,Butte,007,227075,6704,5891,689,6580,81
2020-12-18,Calaveras,009,45235,983,870,0,870,21
2020-12-18,Colusa,011,21464,1165,1068,50,1118,7
2020-12-18,Contra Costa,013,1133247,36407,33610,410,34020,300
2020-12-18,Del Norte,015,27424,665,627,0,627,2
2020-12-18,El Dorado,017,186661,5370,4494,204,4698,10
2020-12-18,Fresno,019,978130,61527,52643,3791,56434,613
2020-12-18,Glenn,021,27897,1380,1264,196,1460,9
2020-12-18,Humboldt,023,135768,1517,1331,6,1337,15
2020-12-18,Imperial,025,180216,21600,20430,895,21325,393
2020-12-18,Inyo,027,18085,556,454,2,456,17
2020-12-18,Kern,029,883053,59702,54220,4007,58227,533
2020-12-18,Kings,031,150075,15112,14284,475,14759,98
2020-12-18,Lake,033,64148,1641,1397,0,1397,20
2020-12-18,Lassen,035,31185,3919,3486,37,3523,1
2020-12-18,Los Angeles,037,10098052,656169,586413,16583,602996,8744
2020-12-18,Madera,039,155013,9539,8609,331,8940,63
2020-12-18,Marin,041,260295,9232,8799,59,8858,142
2020-12-18,Mariposa,043,17540,205,176,2,178,3
2020-12-18,Mendocino,045,87422,2196,1977,20,1997,24
2020-12-18,Merced,047,269075,17278,15956,263,16219,195
2020-12-18,Modoc,049,8938,218,179,66,245,0
2020-12-18,Mono,051,14174,808,731,9,740,3
2020-12-18,Monterey,053,433212,24562,22336,578,22914,165
2020-12-18,Napa,055,140530,5236,4688,23,4711,23
2020-12-18,Nevada,057,99092,2476,2220,76,2296,13
2020-12-18,Orange,059,3164182,138209,121681,5091,126772,1725
2020-12-18,Placer,061,380077,12735,10995,440,11435,104
2020-12-18,Plumas,063,18699,420,336,9,345,0
2020-12-18,Riverside,065,2383286,158535,142375,6391,148766,1733
2020-12-18,Sacramento,067,1510023,59051,53980,467,54447,736
2020-12-18,San Benito,069,59416,3115,2744,25,2769,21
2020-12-18,San Bernardino,071,2135413,173275,154272,4490,158762,1430
2020-12-18,San Diego,073,3302833,136636,120463,5936,126399,1253
2020-12-18,San Francisco,075,870044,21587,20315,193,20508,173
2020-12-18,San Joaquin,077,732212,41042,36484,1219,37703,559
2020-12-18,San Luis Obispo,079,281455,9480,8598,212,8810,62
2020-12-18,San Mateo,081,765935,22625,19971,59,20030,182
2020-12-18,Santa Barbara,083,443738,15995,14361,378,14739,148
2020-12-18,Santa Clara,085,1922200,61456,53992,231,54223,539
2020-12-18,Santa Cruz,087,273765,7972,6838,236,7074,68
2020-12-18,Shasta,089,179085,7577,7114,587,7701,62
2020-12-18,Sierra,091,2930,24,23,0,23,0
2020-12-18,Siskiyou,093,43540,945,840,86,926,2
2020-12-18,Solano,095,438530,16769,14667,163,14830,95
2020-12-18,Sonoma,097,501317,17527,16261,101,16362,173
2020-12-18,Stanislaus,099,539301,31675,28967,2715,31682,490
2020-12-18,Sutter,101,95872,5895,5399,43,5442,39
2020-12-18,Tehama,103,63373,2696,2523,219,2742,9
2020-12-18,Trinity,105,12862,309,215,32,247,2
2020-12-18,Tulare,107,460477,30536,28322,3214,31536,370
2020-12-18,Tuolumne,109,53932,2549,2067,6,2073,12
2020-12-18,Ventura,111,848112,34161,29907,1351,31258,209
2020-12-18,Yolo,113,214977,7723,6901,48,6949,109
2020-12-18,Yuba,115,75493,3435,3097,34,3131,11
2020-12-17,Alameda,001,1643700,45802,41548,762,42310,508
2020-12-17,Alpine,003,1148,66,64,0,64,0
2020-12-17,Amador,005,37829,2079,1703,13,1716,19
2020-12-17,Butte,007,227075,6580,5746,669,6415,78
2020-12-17,Calaveras,009,45235,960,848,0,848,21
2020-12-17,Colusa,011,21464,1154,1053,48,1101,7
2020-12-17,Contra Costa,013,1133247,35886,33006,375,33381,293
2020-12-17,Del Norte,015,27424,660,583,0,583,1
2020-12-17,El Dorado,017,186661,5226,4327,191,4518,9
2020-12-17,Fresno,019,978130,60669,49918,3662,53580,597
2020-12-17,Glenn,021,27897,1356,1244,189,1433,9
2020-12-17,Humboldt,023,135768,1484,1322,6,1328,14
2020-12-17,Imperial,025,180216,21441,20208,818,21026,391
2020-12-17,Inyo,027,18085,538,450,2,452,16
2020-12-17,Kern,029,883053,58753,53683,3866,57549,526
2020-12-17,Kings,031,150075,15013,14057,459,14516,98
2020-12-17,Lake,033,64148,1616,1374,0,1374,20
2020-12-17,Lassen,035,31185,3883,3417,37,3454,1
2020-12-17,Los Angeles,037,10098052,640594,571093,15994,587087,8657
2020-12-17,Madera,039,155013,9423,8465,326,8791,62
2020-12-17,Marin,041,260295,9175,8721,56,8777,142
2020-12-17,Mariposa,043,17540,201,172,2,174,3
2020-12-17,Mendocino,045,87422,2162,1942,20,1962,23
2020-12-17,Merced,047,269075,17015,15648,255,15903,192
2020-12-17,Modoc,049,8938,215,179,66,245,0
2020-12-17,Mono,051,14174,799,718,9,727,3
2020-12-17,Monterey,053,433212,24043,21951,563,22514,163
2020-12-17,Napa,055,140530,5124,4612,23,4635,23
2020-12-17,Nevada,057,99092,2435,2173,73,2246,13
2020-12-17,Orange,059,3164182,134841,118367,4955,123322,1725
2020-12-17,Placer,061,380077,12462,10756,426,11182,99
2020-12-17,Plumas,063,18699,411,324,9,333,0
2020-12-17,Riverside,065,2383286,154681,139325,6167,145492,1696
2020-12-17,Sacramento,067,1510023,58147,53189,444,53633,721
2020-12-17,San Benito,069,59416,3046,2645,24,2669,20
2020-12-17,San Bernardino,071,2135413,169357,149838,4363,154201,1425
2020-12-17,San Diego,073,3302833,133842,116852,5781,122633,1239
2020-12-17,San Francisco,075,870044,21298,19939,188,20127,170
2020-12-17,San Joaquin,077,732212,40314,35894,1181,37075,554
2020-12-17,San Luis Obispo,079,281455,9360,8365,210,8575,59
2020-12-17,San Mateo,081,765935,22252,19647,59,19706,181
2020-12-17,Santa Barbara,083,443738,15762,14207,371,14578,147
2020-12-17,Santa Clara,085,1922200,60288,52559,224,52783,527
2020-12-17,Santa Cruz,087,273765,7817,6687,221,6908,64
2020-12-17,Shasta,089,179085,7499,7000,568,7568,62
2020-12-17,Sierra,091,2930,23,23,0,23,0
2020-12-17,Siskiyou,093,43540,938,827,85,912,2
2020-12-17,Solano,095,438530,16462,14361,161,14522,96
2020-12-17,Sonoma,097,501317,17255,15993,100,16093,171
2020-12-17,Stanislaus,099,539301,31252,28582,2654,31236,489
2020-12-17,Sutter,101,95872,5796,5309,42,5351,39
2020-12-17,Tehama,103,63373,2648,2480,213,2693,9
2020-12-17,Trinity,105,12862,305,213,32,245,2
2020-12-17,Tulare,107,460477,30142,27852,3133,30985,358
2020-12-17,Tuolumne,109,53932,2238,1992,6,1998,11
2020-12-17,Ventura,111,848112,33553,29404,1313,30717,208
2020-12-17,Yolo,113,214977,7599,6800,47,6847,105
2020-12-17,Yuba,115,75493,3376,3035,32,3067,12
2020-12-16,Alameda,001,1643700,44949,40751,734,41485,497
2020-12-16,Alpine,003,1148,66,64,0,64,0
2020-12-16,Amador,005,37829,2032,1693,12,1705,19
2020-12-16,Butte,007,227075,6391,5659,639,6298,76
2020-12-16,Calaveras,009,45235,925,821,0,821,21
2020-12-16,Colusa,011,21464,1141,1038,43,1081,7
2020-12-16,Contra Costa,013,1133247,35329,32429,353,32782,293
2020-12-16,Del Norte,015,27424,658,575,0,575,1
2020-12-16,El Dorado,017,186661,5105,4237,180,4417,9
2020-12-16,Fresno,019,978130,59715,49173,3558,52731,584
2020-12-16,Glenn,021,27897,1338,1236,178,1414,9
2020-12-16,Humboldt,023,135768,1452,1308,5,1313,12
2020-12-16,Imperial,025,180216,21262,19980,746,20726,388
2020-12-16,Inyo,027,18085,525,444,2,446,16
2020-12-16,Kern,029,883053,57880,52896,3729,56625,522
2020-12-16,Kings,031,150075,14834,13734,441,14175,99
2020-12-16,Lake,033,64148,1576,1363,0,1363,20
2020-12-16,Lassen,035,31185,3850,3396,36,3432,1
2020-12-16,Los Angeles,037,10098052,624133,557907,15289,573196,8561
2020-12-16,Madera,039,155013,9298,8278,318,8596,62
2020-12-16,Marin,041,260295,9105,8641,56,8697,142
2020-12-16,Mariposa,043,17540,198,175,2,177,3
2020-12-16,Mendocino,045,87422,2127,1929,20,1949,23
2020-12-16,Merced,047,269075,16729,15443,251,15694,190
2020-12-16,Modoc,049,8938,212,178,66,244,0
2020-12-16,Mono,051,14174,782,702,9,711,3
2020-12-16,Monterey,053,433212,23486,21107,552,21659,163
2020-12-16,Napa,055,140530,5026,4544,23,4567,23
2020-12-16,Nevada,057,99092,2399,2149,71,2220,13
2020-12-16,Orange,059,3164182,131377,115260,4775,120035,1712
2020-12-16,Placer,061,380077,12225,10554,404,10958,96
2020-12-16,Plumas,063,18699,402,319,9,328,0
2020-12-16,Riverside,065,2383286,150568,135751,5910,141661,1664
2020-12-16,Sacramento,067,1510023,57176,52166,418,52584,715
2020-12-16,San Benito,069,59416,2956,2582,24,2606,20
2020-12-16,San Bernardino,071,2135413,164755,143565,4224,147789,1403
2020-12-16,San Diego,073,3302833,130741,114248,5628,119876,1217
2020-12-16,San Francisco,075,870044,21040,19624,187,19811,170
2020-12-16,San Joaquin,077,732212,39490,35010,1140,36150,547
2020-12-16,San Luis Obispo,079,281455,9165,8252,201,8453,58
2020-12-16,San Mateo,081,765935,21926,19292,55,19347,179
2020-12-16,Santa Barbara,083,443738,15520,13966,358,14324,144
2020-12-16,Santa Clara,085,1922200,59049,51502,221,51723,523
2020-12-16,Santa Cruz,087,273765,7632,6536,209,6745,63
2020-12-16,Shasta,089,179085,7427,6914,546,7460,62
2020-12-16,Sierra,091,2930,23,23,0,23,0
2020-12-16,Siskiyou,093,43540,930,818,85,903,2
2020-12-16,Solano,095,438530,15997,14157,156,14313,96
2020-12-16,Sonoma,097,501317,16999,15768,100,15868,170
2020-12-16,Stanislaus,099,539301,30749,28279,2580,30859,489
2020-12-16,Sutter,101,95872,5716,5223,42,5265,39
2020-12-16,Tehama,103,63373,2617,2441,187,2628,9
2020-12-16,Trinity,105,12862,299,212,32,244,2
2020-12-16,Tulare,107,460477,29729,27500,3027,30527,352
2020-12-16,Tuolumne,109,53932,2192,1941,6,1947,11
2020-12-16,Ventura,111,848112,32781,28566,1268,29834,203
2020-12-16,Yolo,113,214977,7470,6649,46,6695,103
2020-12-16,Yuba,115,75493,3290,2980,31,3011,11
2020-12-15,Alameda,001,1643700,44092,40026,711,40737,492
2020-12-15,Alpine,003,1148,66,64,0,64,0
2020-12-15,Amador,005,37829,1919,1669,10,1679,19
2020-12-15,Butte,007,227075,6255,5565,607,6172,75
2020-12-15,Calaveras,009,45235,893,799,0,799,21
2020-12-15,Colusa,011,21464,1128,1026,42,1068,7
2020-12-15,Contra Costa,013,1133247,34676,31423,337,31760,281
2020-12-15,Del Norte,015,27424,647,564,0,564,1
2020-12-15,El Dorado,017,186661,4999,4113,164,4277,9
2020-12-15,Fresno,019,978130,58349,47316,3419,50735,574
2020-12-15,Glenn,021,27897,1325,1207,161,1368,9
2020-12-15,Humboldt,023,135768,1432,1276,5,1281,12
2020-12-15,Imperial,025,180216,21044,19756,664,20420,380
2020-12-15,Inyo,027,18085,512,394,1,395,16
2020-12-15,Kern,029,883053,56868,52002,3624,55626,511
2020-12-15,Kings,031,150075,14670,13652,422,14074,97
2020-12-15,Lake,033,64148,1551,1341,0,1341,21
2020-12-15,Lassen,035,31185,3678,3378,35,3413,1
2020-12-15,Los Angeles,037,10098052,607830,536258,14614,550872,8429
2020-12-15,Madera,039,155013,9142,8118,309,8427,60
2020-12-15,Marin,041,260295,8998,8528,54,8582,141
2020-12-15,Mariposa,043,17540,194,171,2,173,3
2020-12-15,Mendocino,045,87422,2100,1883,20,1903,24
2020-12-15,Merced,047,269075,16426,15120,247,15367,190
2020-12-15,Modoc,049,8938,210,179,66,245,0
2020-12-15,Mono,051,14174,766,702,9,711,3
2020-12-15,Monterey,053,433212,22887,19905,489,20394,161
2020-12-15,Napa,055,140530,4922,4440,23,4463,23
2020-12-15,Nevada,057,99092,2366,2117,69,2186,11
2020-12-15,Orange,059,3164182,127724,112893,4618,117511,1689
2020-12-15,Placer,061,380077,11997,10301,382,10683,95
2020-12-15,Plumas,063,18699,397,313,9,322,0
2020-12-15,Riverside,065,2383286,146519,131822,5622,137444,1624
2020-12-15,Sacramento,067,1510023,56163,51076,405,51481,703
2020-12-15,San Benito,069,59416,2876,2520,23,2543,19
2020-12-15,San Bernardino,071,2135413,160314,137548,4058,141606,1351
2020-12-15,San Diego,073,3302833,127180,111441,5465,116906,1194
2020-12-15,San Francisco,075,870044,20731,19283,184,19467,171
2020-12-15,San Joaquin,077,732212,38566,33849,1103,34952,537
2020-12-15,San Luis Obispo,079,281455,9056,8074,198,8272,55
2020-12-15,San Mateo,081,765935,21515,18907,53,18960,178
2020-12-15,Santa Barbara,083,443738,15300,13782,349,14131,144
2020-12-15,Santa Clara,085,1922200,57615,50311,217,50528,505
2020-12-15,Santa Cruz,087,273765,7448,6361,193,6554,59
2020-12-15,Shasta,089,179085,7370,6794,520,7314,54
2020-12-15,Sierra,091,2930,23,23,0,23,0
2020-12-15,Siskiyou,093,43540,921,812,84,896,2
2020-12-15,Solano,095,438530,15648,13796,156,13952,95
2020-12-15,Sonoma,097,501317,16777,15406,100,15506,167
2020-12-15,Stanislaus,099,539301,30240,27823,2493,30316,485
2020-12-15,Sutter,101,95872,5619,5080,41,5121,36
2020-12-15,Tehama,103,63373,2580,2392,182,2574,9
2020-12-15,Trinity,105,12862,293,213,30,243,1
2020-12-15,Tulare,107,460477,29234,27026,2936,29962,342
2020-12-15,Tuolumne,109,53932,2161,1874,6,1880,8
2020-12-15,Ventura,111,848112,32160,27936,1220,29156,201
2020-12-15,Yolo,113,214977,7347,6531,44,6575,104
2020-12-15,Yuba,115,75493,3196,2891,30,2921,11
2020-12-14,Alameda,001,1643700,43199,39252,691,39943,487
2020-12-14,Alpine,003,1148,66,63,0,63,0
2020-12-14,Amador,005,37829,1847,1609,10,1619,19
2020-12-14,Butte,007,227075,6087,5202,590,5792,75
2020-12-14,Calaveras,009,45235,855,718,0,718,21
2020-12-14,Colusa,011,21464,1104,949,41,990,7
2020-12-14,Contra Costa,013,1133247,33978,30594,322,30916,281
2020-12-14,Del Norte,015,27424,641,560,0,560,1
2020-12-14,El Dorado,017,186661,4843,4018,148,4166,9
2020-12-14,Fresno,019,978130,57330,44726,3233,47959,560
2020-12-14,Glenn,021,27897,1299,1186,153,1339,9
2020-12-14,Humboldt,023,135768,1419,1256,5,1261,9
2020-12-14,Imperial,025,180216,20808,19608,582,20190,379
2020-12-14,Inyo,027,18085,498,382,1,383,16
2020-12-14,Kern,029,883053,55836,50538,3498,54036,510
2020-12-14,Kings,031,150075,14487,13491,393,13884,97
2020-12-14,Lake,033,64148,1500,1301,0,1301,21
2020-12-14,Lassen,035,31185,3579,2905,32,2937,1
2020-12-14,Los Angeles,037,10098052,590277,524668,13947,538615,8340
2020-12-14,Madera,039,155013,8870,8011,300,8311,60
2020-12-14,Marin,041,260295,8913,8475,52,8527,141
2020-12-14,Mariposa,043,17540,193,171,2,173,3
2020-12-14,Mendocino,045,87422,2079,1845,20,1865,24
2020-12-14,Merced,047,269075,16024,14572,233,14805,189
2020-12-14,Modoc,049,8938,204,180,64,244,0
2020-12-14,Mono,051,14174,758,685,9,694,3
2020-12-14,Monterey,053,433212,22369,19154,482,19636,155
2020-12-14,Napa,055,140530,4829,4289,23,4312,22
2020-12-14,Nevada,057,99092,2327,2070,66,2136,11
2020-12-14,Orange,059,3164182,123852,108602,4477,113079,1688
2020-12-14,Placer,061,380077,11717,9551,371,9922,95
2020-12-14,Plumas,063,18699,385,309,9,318,0
2020-12-14,Riverside,065,2383286,142406,123715,5352,129067,1588
2020-12-14,Sacramento,067,1510023,55057,50304,379,50683,691
2020-12-14,San Benito,069,59416,2809,2467,22,2489,19
2020-12-14,San Bernardino,071,2135413,155893,129151,3920,133071,1347
2020-12-14,San Diego,073,3302833,123449,109578,5281,114859,1162
2020-12-14,San Francisco,075,870044,20356,18904,182,19086,171
2020-12-14,San Joaquin,077,732212,37726,32522,1054,33576,534
2020-12-14,San Luis Obispo,079,281455,8809,7791,192,7983,52
2020-12-14,San Mateo,081,765935,21015,18361,51,18412,178
2020-12-14,Santa Barbara,083,443738,15031,13587,342,13929,144
2020-12-14,Santa Clara,085,1922200,56055,49180,205,49385,502
2020-12-14,Santa Cruz,087,273765,7262,6049,177,6226,54
2020-12-14,Shasta,089,179085,7282,6665,502,7167,54
2020-12-14,Sierra,091,2930,23,21,0,21,0
2020-12-14,Siskiyou,093,43540,898,764,78,842,2
2020-12-14,Solano,095,438530,15284,13352,154,13506,93
2020-12-14,Sonoma,097,501317,16470,14807,99,14906,167
2020-12-14,Stanislaus,099,539301,29708,27311,2442,29753,485
2020-12-14,Sutter,101,95872,5509,5001,34,5035,35
2020-12-14,Tehama,103,63373,2533,2344,179,2523,9
2020-12-14,Trinity,105,12862,290,205,28,233,1
2020-12-14,Tulare,107,460477,28762,25735,2839,28574,341
2020-12-14,Tuolumne,109,53932,2104,1647,6,1653,8
2020-12-14,Ventura,111,848112,31240,27436,1157,28593,202
2020-12-14,Yolo,113,214977,7186,6389,43,6432,95
2020-12-14,Yuba,115,75493,3134,2851,30,2881,11
2020-12-13,Alameda,001,1643700,42008,38064,664,38728,486
2020-12-13,Alpine,003,1148,66,63,0,63,0
2020-12-13,Amador,005,37829,1791,1457,9,1466,19
2020-12-13,Butte,007,227075,5939,5103,545,5648,75
2020-12-13,Calaveras,009,45235,819,710,0,710,21
2020-12-13,Colusa,011,21464,1088,945,37,982,7
2020-12-13,Contra Costa,013,1133247,33250,29667,314,29981,281
2020-12-13,Del Norte,015,27424,588,542,0,542,1
2020-12-13,El Dorado,017,186661,4744,3770,136,3906,9
2020-12-13,Fresno,019,978130,56228,44114,3065,47179,559
2020-12-13,Glenn,021,27897,1286,1171,142,1313,9
2020-12-13,Humboldt,023,135768,1396,1238,4,1242,9
2020-12-13,Imperial,025,180216,20524,19472,442,19914,379
2020-12-13,Inyo,027,18085,477,380,1,381,16
2020-12-13,Kern,029,883053,54815,49051,3337,52388,510
2020-12-13,Kings,031,150075,14210,13357,372,13729,97
2020-12-13,Lake,033,64148,1457,1271,0,1271,21
2020-12-13,Lassen,035,31185,3472,2867,27,2894,1
2020-12-13,Los Angeles,037,10098052,572749,517472,13199,530671,8294
2020-12-13,Madera,039,155013,8686,7909,285,8194,60
2020-12-13,Marin,041,260295,8792,8409,52,8461,141
2020-12-13,Mariposa,043,17540,189,167,2,169,3
2020-12-13,Mendocino,045,87422,2045,1793,20,1813,24
2020-12-13,Merced,047,269075,15675,14384,230,14614,189
2020-12-13,Modoc,049,8938,192,179,58,237,0
2020-12-13,Mono,051,14174,742,675,9,684,3
2020-12-13,Monterey,053,433212,21947,18913,466,19379,153
2020-12-13,Napa,055,140530,4723,4194,23,4217,22
2020-12-13,Nevada,057,99092,2276,2030,64,2094,11
2020-12-13,Orange,059,3164182,119938,104768,4291,109059,1688
2020-12-13,Placer,061,380077,11407,9405,353,9758,95
2020-12-13,Plumas,063,18699,379,291,9,300,0
2020-12-13,Riverside,065,2383286,138292,119691,5074,124765,1581
2020-12-13,Sacramento,067,1510023,53792,49480,348,49828,682
2020-12-13,San Benito,069,59416,2737,2408,21,2429,19
2020-12-13,San Bernardino,071,2135413,151011,126718,3749,130467,1333
2020-12-13,San Diego,073,3302833,119854,107372,5112,112484,1162
2020-12-13,San Francisco,075,870044,20012,18686,172,18858,167
2020-12-13,San Joaquin,077,732212,36924,32170,1012,33182,534
2020-12-13,San Luis Obispo,079,281455,8617,7625,184,7809,52
2020-12-13,San Mateo,081,765935,20525,18090,45,18135,177
2020-12-13,Santa Barbara,083,443738,14767,13249,325,13574,144
2020-12-13,Santa Clara,085,1922200,54630,47920,196,48116,499
2020-12-13,Santa Cruz,087,273765,7014,5986,166,6152,54
2020-12-13,Shasta,089,179085,7208,6647,476,7123,54
2020-12-13,Sierra,091,2930,23,21,0,21,0
2020-12-13,Siskiyou,093,43540,886,762,73,835,2
2020-12-13,Solano,095,438530,14845,13276,151,13427,93
2020-12-13,Sonoma,097,501317,16155,14495,98,14593,167
2020-12-13,Stanislaus,099,539301,29148,26569,2375,28944,485
2020-12-13,Sutter,101,95872,5382,4798,29,4827,34
2020-12-13,Tehama,103,63373,2489,2325,163,2488,9
2020-12-13,Trinity,105,12862,286,204,27,231,1
2020-12-13,Tulare,107,460477,28271,25496,2745,28241,340
2020-12-13,Tuolumne,109,53932,2041,1611,6,1617,8
2020-12-13,Ventura,111,848112,30241,26588,1091,27679,202
2020-12-13,Yolo,113,214977,7004,6265,36,6301,95
2020-12-13,Yuba,115,75493,3069,2754,27,2781,11
2020-12-12,Alameda,001,1643700,41573,37027,643,37670,486
2020-12-12,Alpine,003,1148,66,63,0,63,0
2020-12-12,Amador,005,37829,1763,1236,8,1244,19
2020-12-12,Butte,007,227075,5867,4972,531,5503,73
2020-12-12,Calaveras,009,45235,809,708,0,708,21
2020-12-12,Colusa,011,21464,1068,945,35,980,7
2020-12-12,Contra Costa,013,1133247,32907,29506,304,29810,281
2020-12-12,Del Norte,015,27424,580,529,0,529,1
2020-12-12,El Dorado,017,186661,4669,3706,118,3824,9
2020-12-12,Fresno,019,978130,55878,43756,3004,46760,559
2020-12-12,Glenn,021,27897,1278,1143,138,1281,8
2020-12-12,Humboldt,023,135768,1377,1208,4,1212,9
2020-12-12,Imperial,025,180216,20442,18947,382,19329,379
2020-12-12,Inyo,027,18085,473,380,1,381,16
2020-12-12,Kern,029,883053,54300,48194,3245,51439,507
2020-12-12,Kings,031,150075,14123,13205,367,13572,96
2020-12-12,Lake,033,64148,1441,1232,0,1232,21
2020-12-12,Lassen,035,31185,3450,2866,23,2889,1
2020-12-12,Los Angeles,037,10098052,566002,504317,12663,516980,8269
2020-12-12,Madera,039,155013,8563,7765,282,8047,59
2020-12-12,Marin,041,260295,8737,8363,51,8414,141
2020-12-12,Mariposa,043,17540,188,164,2,166,3
2020-12-12,Mendocino,045,87422,2009,1771,20,1791,24
2020-12-12,Merced,047,269075,15585,14181,226,14407,188
2020-12-12,Modoc,049,8938,191,169,55,224,0
2020-12-12,Mono,051,14174,735,640,9,649,3
2020-12-12,Monterey,053,433212,21836,18596,437,19033,151
2020-12-12,Napa,055,140530,4679,4113,23,4136,22
2020-12-12,Nevada,057,99092,2258,1981,62,2043,10
2020-12-12,Orange,059,3164182,118066,100468,4133,104601,1674
2020-12-12,Placer,061,380077,11244,9390,347,9737,95
2020-12-12,Plumas,063,18699,373,291,9,300,0
2020-12-12,Riverside,065,2383286,136246,118335,4856,123191,1579
2020-12-12,Sacramento,067,1510023,53212,48319,333,48652,673
2020-12-12,San Benito,069,59416,2681,2355,21,2376,19
2020-12-12,San Bernardino,071,2135413,149393,125741,3638,129379,1321
2020-12-12,San Diego,073,3302833,118234,104958,5015,109973,1151
2020-12-12,San Francisco,075,870044,19823,18413,168,18581,167
2020-12-12,San Joaquin,077,732212,36599,32200,979,33179,534
2020-12-12,San Luis Obispo,079,281455,8522,7462,175,7637,50
2020-12-12,San Mateo,081,765935,20304,17574,44,17618,177
2020-12-12,Santa Barbara,083,443738,14615,13174,317,13491,144
2020-12-12,Santa Clara,085,1922200,53675,45892,193,46085,498
2020-12-12,Santa Cruz,087,273765,6915,5905,156,6061,54
2020-12-12,Shasta,089,179085,7173,6551,458,7009,54
2020-12-12,Sierra,091,2930,23,21,0,21,0
2020-12-12,Siskiyou,093,43540,884,762,70,832,2
2020-12-12,Solano,095,438530,14648,12748,144,12892,93
2020-12-12,Sonoma,097,501317,16035,14466,98,14564,166
2020-12-12,Stanislaus,099,539301,28847,26246,2318,28564,483
2020-12-12,Sutter,101,95872,5320,4717,29,4746,32
2020-12-12,Tehama,103,63373,2473,2252,157,2409,9
2020-12-12,Trinity,105,12862,284,204,25,229,1
2020-12-12,Tulare,107,460477,28010,25333,2685,28018,341
2020-12-12,Tuolumne,109,53932,1998,1536,6,1542,8
2020-12-12,Ventura,111,848112,29797,25955,1058,27013,202
2020-12-12,Yolo,113,214977,6922,6116,34,6150,95
2020-12-12,Yuba,115,75493,3042,2692,26,2718,10
2020-12-11,Alameda,001,1643700,41004,36281,631,36912,482
2020-12-11,Alpine,003,1148,66,63,0,63,0
2020-12-11,Amador,005,37829,1747,1213,8,1221,19
2020-12-11,Butte,007,227075,5796,4941,510,5451,73
2020-12-11,Calaveras,009,45235,793,697,0,697,21
2020-12-11,Colusa,011,21464,1058,923,33,956,7
2020-12-11,Contra Costa,013,1133247,32478,29036,300,29336,282
2020-12-11,Del Norte,015,27424,574,505,0,505,1
2020-12-11,El Dorado,017,186661,4588,3669,103,3772,9
2020-12-11,Fresno,019,978130,54869,43071,2937,46008,550
2020-12-11,Glenn,021,27897,1262,1135,133,1268,8
2020-12-11,Humboldt,023,135768,1359,1190,4,1194,9
2020-12-11,Imperial,025,180216,20355,18599,335,18934,377
2020-12-11,Inyo,027,18085,461,372,1,373,16
2020-12-11,Kern,029,883053,53627,47664,3179,50843,502
2020-12-11,Kings,031,150075,13980,13118,361,13479,94
2020-12-11,Lake,033,64148,1429,1205,0,1205,21
2020-12-11,Lassen,035,31185,3438,2790,22,2812,1
2020-12-11,Los Angeles,037,10098052,554244,493592,12232,505824,8198
2020-12-11,Madera,039,155013,8473,7648,272,7920,59
2020-12-11,Marin,041,260295,8641,8317,50,8367,141
2020-12-11,Mariposa,043,17540,187,164,2,166,3
2020-12-11,Mendocino,045,87422,1986,1769,20,1789,24
2020-12-11,Merced,047,269075,15466,14038,218,14256,186
2020-12-11,Modoc,049,8938,191,168,54,222,0
2020-12-11,Mono,051,14174,726,631,9,640,3
2020-12-11,Monterey,053,433212,21535,18421,432,18853,150
2020-12-11,Napa,055,140530,4623,4054,23,4077,22
2020-12-11,Nevada,057,99092,2241,1959,59,2018,10
2020-12-11,Orange,059,3164182,115766,98357,4027,102384,1656
2020-12-11,Placer,061,380077,11082,8904,331,9235,93
2020-12-11,Plumas,063,18699,365,286,9,295,0
2020-12-11,Riverside,065,2383286,133194,115329,4624,119953,1573
2020-12-11,Sacramento,067,1510023,52551,47468,324,47792,669
2020-12-11,San Benito,069,59416,2630,2319,21,2340,19
2020-12-11,San Bernardino,071,2135413,146713,123092,3515,126607,1313
2020-12-11,San Diego,073,3302833,116277,102468,4932,107400,1137
2020-12-11,San Francisco,075,870044,19593,18246,167,18413,165
2020-12-11,San Joaquin,077,732212,36256,32044,950,32994,534
2020-12-11,San Luis Obispo,079,281455,8362,7415,172,7587,49
2020-12-11,San Mateo,081,765935,20032,17240,33,17273,177
2020-12-11,Santa Barbara,083,443738,14473,12997,309,13306,144
2020-12-11,Santa Clara,085,1922200,52668,45101,183,45284,494
2020-12-11,Santa Cruz,087,273765,6803,5764,145,5909,50
2020-12-11,Shasta,089,179085,7128,6459,451,6910,54
2020-12-11,Sierra,091,2930,23,19,0,19,0
2020-12-11,Siskiyou,093,43540,877,753,67,820,2
2020-12-11,Solano,095,438530,14462,12554,140,12694,92
2020-12-11,Sonoma,097,501317,15869,14298,95,14393,166
2020-12-11,Stanislaus,099,539301,28580,25928,2272,28200,464
2020-12-11,Sutter,101,95872,5256,4600,28,4628,30
2020-12-11,Tehama,103,63373,2444,2232,153,2385,9
2020-12-11,Trinity,105,12862,282,204,24,228,1
2020-12-11,Tulare,107,460477,27654,24953,2635,27588,338
2020-12-11,Tuolumne,109,53932,1983,1510,6,1516,8
2020-12-11,Ventura,111,848112,29192,24999,1035,26034,202
2020-12-11,Yolo,113,214977,6816,6006,32,6038,95
2020-12-11,Yuba,115,75493,2981,2649,25,2674,10
2020-12-10,Alameda,001,1643700,40234,35686,609,36295,477
2020-12-10,Alpine,003,1148,66,63,0,63,0
2020-12-10,Amador,005,37829,1690,1191,8,1199,18
2020-12-10,Butte,007,227075,5680,4863,483,5346,72
2020-12-10,Calaveras,009,45235,775,684,0,684,21
2020-12-10,Colusa,011,21464,1035,909,28,937,7
2020-12-10,Contra Costa,013,1133247,31796,28413,294,28707,276
2020-12-10,Del Norte,015,27424,565,501,0,501,1
2020-12-10,El Dorado,017,186661,4470,3557,98,3655,9
2020-12-10,Fresno,019,978130,53892,42461,2790,45251,540
2020-12-10,Glenn,021,27897,1242,1126,124,1250,8
2020-12-10,Humboldt,023,135768,1339,1140,4,1144,9
2020-12-10,Imperial,025,180216,20140,18333,254,18587,370
2020-12-10,Inyo,027,18085,440,365,1,366,15
2020-12-10,Kern,029,883053,52647,47176,3009,50185,499
2020-12-10,Kings,031,150075,13829,12993,355,13348,92
2020-12-10,Lake,033,64148,1388,1167,0,1167,21
2020-12-10,Lassen,035,31185,3416,2764,18,2782,0
2020-12-10,Los Angeles,037,10098052,540333,480354,11676,492030,8149
2020-12-10,Madera,039,155013,8368,7445,257,7702,59
2020-12-10,Marin,041,260295,8596,8245,49,8294,140
2020-12-10,Mariposa,043,17540,186,160,2,162,3
2020-12-10,Mendocino,045,87422,1960,1748,17,1765,24
2020-12-10,Merced,047,269075,15220,13756,215,13971,186
2020-12-10,Modoc,049,8938,186,165,52,217,0
2020-12-10,Mono,051,14174,720,601,9,610,3
2020-12-10,Monterey,053,433212,21058,18266,422,18688,145
2020-12-10,Napa,055,140530,4537,3974,22,3996,22
2020-12-10,Nevada,057,99092,2204,1919,59,1978,10
2020-12-10,Orange,059,3164182,112682,95297,3854,99151,1651
2020-12-10,Placer,061,380077,10829,8906,312,9218,90
2020-12-10,Plumas,063,18699,354,281,9,290,0
2020-12-10,Riverside,065,2383286,129522,112794,4345,117139,1552
2020-12-10,Sacramento,067,1510023,51654,46471,303,46774,664
2020-12-10,San Benito,069,59416,2571,2268,20,2288,19
2020-12-10,San Bernardino,071,2135413,142506,120186,3325,123511,1306
2020-12-10,San Diego,073,3302833,113753,99601,4783,104384,1114
2020-12-10,San Francisco,075,870044,19279,17945,159,18104,164
2020-12-10,San Joaquin,077,732212,35624,31228,919,32147,534
2020-12-10,San Luis Obispo,079,281455,8199,7245,161,7406,49
2020-12-10,San Mateo,081,765935,19589,16701,23,16724,177
2020-12-10,Santa Barbara,083,443738,14297,12788,299,13087,143
2020-12-10,Santa Clara,085,1922200,51531,43939,167,44106,491
2020-12-10,Santa Cruz,087,273765,6630,5645,131,5776,48
2020-12-10,Shasta,089,179085,7060,6312,425,6737,53
2020-12-10,Sierra,091,2930,23,18,0,18,0
2020-12-10,Siskiyou,093,43540,867,712,66,778,2
2020-12-10,Solano,095,438530,14095,12017,134,12151,90
2020-12-10,Sonoma,097,501317,15614,14282,94,14376,167
2020-12-10,Stanislaus,099,539301,28113,25582,2202,27784,464
2020-12-10,Sutter,101,95872,5125,4528,26,4554,27
2020-12-10,Tehama,103,63373,2396,2190,143,2333,9
2020-12-10,Trinity,105,12862,279,202,23,225,1
2020-12-10,Tulare,107,460477,27206,24506,2569,27075,337
2020-12-10,Tuolumne,109,53932,1724,1451,6,1457,8
2020-12-10,Ventura,111,848112,28340,24075,991,25066,202
2020-12-10,Yolo,113,214977,6696,5896,31,5927,95
2020-12-10,Yuba,115,75493,2917,2604,24,2628,10
2020-12-09,Alameda,001,1643700,39390,35047,587,35634,470
2020-12-09,Alpine,003,1148,66,58,0,58,0
2020-12-09,Amador,005,37829,1647,1121,8,1129,19
2020-12-09,Butte,007,227075,5539,4733,460,5193,70
2020-12-09,Calaveras,009,45235,748,670,0,670,21
2020-12-09,Colusa,011,21464,1020,896,27,923,7
2020-12-09,Contra Costa,013,1133247,31092,28308,282,28590,273
2020-12-09,Del Norte,015,27424,551,481,0,481,2
2020-12-09,El Dorado,017,186661,4334,3449,90,3539,8
2020-12-09,Fresno,019,978130,52896,41954,2631,44585,533
2020-12-09,Glenn,021,27897,1228,1107,118,1225,8
2020-12-09,Humboldt,023,135768,1307,1086,4,1090,10
2020-12-09,Imperial,025,180216,19883,17757,216,17973,368
2020-12-09,Inyo,027,18085,427,356,1,357,15
2020-12-09,Kern,029,883053,51492,46379,2861,49240,494
2020-12-09,Kings,031,150075,13684,12716,346,13062,92
2020-12-09,Lake,033,64148,1361,1158,0,1158,20
2020-12-09,Lassen,035,31185,3347,2331,16,2347,0
2020-12-09,Los Angeles,037,10098052,526911,467971,11102,479073,8075
2020-12-09,Madera,039,155013,8256,7216,252,7468,59
2020-12-09,Marin,041,260295,8537,8182,48,8230,138
2020-12-09,Mariposa,043,17540,184,154,2,156,3
2020-12-09,Mendocino,045,87422,1934,1703,16,1719,24
2020-12-09,Merced,047,269075,14982,13588,207,13795,183
2020-12-09,Modoc,049,8938,181,146,43,189,0
2020-12-09,Mono,051,14174,705,601,9,610,3
2020-12-09,Monterey,053,433212,20663,17891,413,18304,143
2020-12-09,Napa,055,140530,4452,3858,21,3879,21
2020-12-09,Nevada,057,99092,2151,1864,59,1923,10
2020-12-09,Orange,059,3164182,109598,93763,3680,97443,1629
2020-12-09,Placer,061,380077,10566,8588,298,8886,85
2020-12-09,Plumas,063,18699,346,271,9,280,0
2020-12-09,Riverside,065,2383286,125838,110376,4133,114509,1543
2020-12-09,Sacramento,067,1510023,50593,45284,276,45560,659
2020-12-09,San Benito,069,59416,2492,2217,17,2234,19
2020-12-09,San Bernardino,071,2135413,138244,114516,3117,117633,1305
2020-12-09,San Diego,073,3302833,110776,97551,4645,102196,1103
2020-12-09,San Francisco,075,870044,18977,17628,158,17786,163
2020-12-09,San Joaquin,077,732212,34802,30539,894,31433,531
2020-12-09,San Luis Obispo,079,281455,7981,7105,153,7258,47
2020-12-09,San Mateo,081,765935,19137,16422,22,16444,175
2020-12-09,Santa Barbara,083,443738,14096,12630,290,12920,142
2020-12-09,Santa Clara,085,1922200,50387,42912,151,43063,489
2020-12-09,Santa Cruz,087,273765,6472,5527,115,5642,47
2020-12-09,Shasta,089,179085,6995,6105,411,6516,52
2020-12-09,Sierra,091,2930,23,18,0,18,0
2020-12-09,Siskiyou,093,43540,856,713,65,778,2
2020-12-09,Solano,095,438530,13749,11862,125,11987,90
2020-12-09,Sonoma,097,501317,15358,13994,91,14085,164
2020-12-09,Stanislaus,099,539301,27615,25157,2140,27297,463
2020-12-09,Sutter,101,95872,5012,4418,22,4440,24
2020-12-09,Tehama,103,63373,2361,2102,139,2241,9
2020-12-09,Trinity,105,12862,271,199,22,221,0
2020-12-09,Tulare,107,460477,26610,24124,2486,26610,334
2020-12-09,Tuolumne,109,53932,1683,1319,6,1325,8
2020-12-09,Ventura,111,848112,27480,23830,947,24777,201
2020-12-09,Yolo,113,214977,6569,5760,29,5789,95
2020-12-09,Yuba,115,75493,2849,2513,23,2536,10
2020-12-08,Alameda,001,1643700,38494,34373,570,34943,469
2020-12-08,Alpine,003,1148,65,53,0,53,0
2020-12-08,Amador,005,37829,1361,1043,8,1051,17
2020-12-08,Butte,007,227075,5383,4651,416,5067,70
2020-12-08,Calaveras,009,45235,723,657,0,657,21
2020-12-08,Colusa,011,21464,1003,875,26,901,6
2020-12-08,Contra Costa,013,1133247,30391,27926,265,28191,270
2020-12-08,Del Norte,015,27424,536,465,0,465,2
2020-12-08,El Dorado,017,186661,4210,3296,77,3373,8
2020-12-08,Fresno,019,978130,51642,41574,2462,44036,529
2020-12-08,Glenn,021,27897,1208,1094,110,1204,8
2020-12-08,Humboldt,023,135768,1281,1059,4,1063,10
2020-12-08,Imperial,025,180216,19366,17568,207,17775,363
2020-12-08,Inyo,027,18085,404,333,1,334,15
2020-12-08,Kern,029,883053,50201,45116,2702,47818,487
2020-12-08,Kings,031,150075,13532,12623,336,12959,90
2020-12-08,Lake,033,64148,1320,1127,0,1127,20
2020-12-08,Lassen,035,31185,3191,2165,16,2181,0
2020-12-08,Los Angeles,037,10098052,514265,459738,10600,470338,8004
2020-12-08,Madera,039,155013,8124,7082,238,7320,59
2020-12-08,Marin,041,260295,8455,8099,47,8146,137
2020-12-08,Mariposa,043,17540,180,150,2,152,2
2020-12-08,Mendocino,045,87422,1892,1666,16,1682,23
2020-12-08,Merced,047,269075,14674,13380,206,13586,181
2020-12-08,Modoc,049,8938,173,138,40,178,0
2020-12-08,Mono,051,14174,687,597,9,606,3
2020-12-08,Monterey,053,433212,20096,17752,406,18158,134
2020-12-08,Napa,055,140530,4364,3778,20,3798,22
2020-12-08,Nevada,057,99092,2097,1809,56,1865,11
2020-12-08,Orange,059,3164182,106391,91406,3507,94913,1629
2020-12-08,Placer,061,380077,10298,8224,292,8516,82
2020-12-08,Plumas,063,18699,336,258,9,267,0
2020-12-08,Riverside,065,2383286,122500,107620,3944,111564,1514
2020-12-08,Sacramento,067,1510023,49532,44635,258,44893,649
2020-12-08,San Benito,069,59416,2436,2180,17,2197,18
2020-12-08,San Bernardino,071,2135413,133903,110676,2987,113663,1301
2020-12-08,San Diego,073,3302833,107406,95447,4488,99935,1088
2020-12-08,San Francisco,075,870044,18668,17384,154,17538,162
2020-12-08,San Joaquin,077,732212,33910,30225,861,31086,530
2020-12-08,San Luis Obispo,079,281455,7852,6903,142,7045,45
2020-12-08,San Mateo,081,765935,18739,16305,22,16327,175
2020-12-08,Santa Barbara,083,443738,13912,12516,280,12796,141
2020-12-08,Santa Clara,085,1922200,49081,41309,140,41449,484
2020-12-08,Santa Cruz,087,273765,6295,5374,111,5485,45
2020-12-08,Shasta,089,179085,6886,5946,403,6349,50
2020-12-08,Sierra,091,2930,22,18,0,18,0
2020-12-08,Siskiyou,093,43540,842,704,63,767,2
2020-12-08,Solano,095,438530,13346,11669,123,11792,89
2020-12-08,Sonoma,097,501317,15097,13601,90,13691,164
2020-12-08,Stanislaus,099,539301,27130,24793,2075,26868,461
2020-12-08,Sutter,101,95872,4914,4342,21,4363,24
2020-12-08,Tehama,103,63373,2278,2057,131,2188,9
2020-12-08,Trinity,105,12862,266,198,21,219,0
2020-12-08,Tulare,107,460477,26014,23607,2420,26027,330
2020-12-08,Tuolumne,109,53932,1654,1264,6,1270,7
2020-12-08,Ventura,111,848112,26818,23665,903,24568,195
2020-12-08,Yolo,113,214977,6438,5560,29,5589,90
2020-12-08,Yuba,115,75493,2773,2477,23,2500,10
2020-12-07,Alameda,001,1643700,37633,33887,534,34421,466
2020-12-07,Alpine,003,1148,64,53,0,53,0
2020-12-07,Amador,005,37829,1286,993,7,1000,17
2020-12-07,Butte,007,227075,5247,4604,394,4998,67
2020-12-07,Calaveras,009,45235,691,606,0,606,21
2020-12-07,Colusa,011,21464,978,825,24,849,6
2020-12-07,Contra Costa,013,1133247,29778,27307,252,27559,270
2020-12-07,Del Norte,015,27424,524,424,0,424,2
2020-12-07,El Dorado,017,186661,4030,3275,70,3345,8
2020-12-07,Fresno,019,978130,50175,41098,2334,43432,526
2020-12-07,Glenn,021,27897,1189,1085,104,1189,8
2020-12-07,Humboldt,023,135768,1246,1023,4,1027,9
2020-12-07,Imperial,025,180216,18946,17234,195,17429,364
2020-12-07,Inyo,027,18085,389,333,1,334,15
2020-12-07,Kern,029,883053,49182,44409,2557,46966,486
2020-12-07,Kings,031,150075,13392,12412,323,12735,90
2020-12-07,Lake,033,64148,1291,1090,0,1090,20
2020-12-07,Lassen,035,31185,3094,2167,16,2183,0
2020-12-07,Los Angeles,037,10098052,500646,451052,10133,461185,7937
2020-12-07,Madera,039,155013,7860,6935,232,7167,59
2020-12-07,Marin,041,260295,8398,8049,46,8095,136
2020-12-07,Mariposa,043,17540,177,146,2,148,2
2020-12-07,Mendocino,045,87422,1857,1638,14,1652,23
2020-12-07,Merced,047,269075,14314,13250,196,13446,179
2020-12-07,Modoc,049,8938,166,128,37,165,0
2020-12-07,Mono,051,14174,677,590,9,599,3
2020-12-07,Monterey,053,433212,19615,17746,394,18140,132
2020-12-07,Napa,055,140530,4273,3684,20,3704,21
2020-12-07,Nevada,057,99092,2048,1777,55,1832,11
2020-12-07,Orange,059,3164182,103133,89793,3389,93182,1628
2020-12-07,Placer,061,380077,9975,7911,278,8189,82
2020-12-07,Plumas,063,18699,325,256,5,261,0
2020-12-07,Riverside,065,2383286,119313,102363,3751,106114,1491
2020-12-07,Sacramento,067,1510023,48435,43419,240,43659,638
2020-12-07,San Benito,069,59416,2385,2165,16,2181,18
2020-12-07,San Bernardino,071,2135413,129966,108161,2858,111019,1295
2020-12-07,San Diego,073,3302833,104618,94171,4307,98478,1062
2020-12-07,San Francisco,075,870044,18378,17220,146,17366,161
2020-12-07,San Joaquin,077,732212,33035,28188,834,29022,530
2020-12-07,San Luis Obispo,079,281455,7670,6782,135,6917,45
2020-12-07,San Mateo,081,765935,18299,16029,21,16050,175
2020-12-07,Santa Barbara,083,443738,13670,12362,269,12631,141
2020-12-07,Santa Clara,085,1922200,47699,40621,130,40751,484
2020-12-07,Santa Cruz,087,273765,6131,5152,104,5256,41
2020-12-07,Shasta,089,179085,6763,5742,388,6130,50
2020-12-07,Sierra,091,2930,20,18,0,18,0
2020-12-07,Siskiyou,093,43540,816,652,62,714,2
2020-12-07,Solano,095,438530,13007,11354,119,11473,89
2020-12-07,Sonoma,097,501317,14810,13376,90,13466,164
2020-12-07,Stanislaus,099,539301,26577,24479,2021,26500,454
2020-12-07,Sutter,101,95872,4773,4106,21,4127,24
2020-12-07,Tehama,103,63373,2226,2030,125,2155,9
2020-12-07,Trinity,105,12862,263,194,21,215,0
2020-12-07,Tulare,107,460477,25492,22760,2358,25118,328
2020-12-07,Tuolumne,109,53932,1571,1256,5,1261,7
2020-12-07,Ventura,111,848112,26234,23354,866,24220,191
2020-12-07,Yolo,113,214977,6276,5537,28,5565,90
2020-12-07,Yuba,115,75493,2704,2428,21,2449,10
2020-12-06,Alameda,001,1643700,36661,33477,511,33988,465
2020-12-06,Alpine,003,1148,60,53,0,53,0
2020-12-06,Amador,005,37829,1223,952,6,958,17
2020-12-06,Butte,007,227075,5097,4527,358,4885,67
2020-12-06,Calaveras,009,45235,672,606,0,606,21
2020-12-06,Colusa,011,21464,961,824,21,845,6
2020-12-06,Contra Costa,013,1133247,29172,26566,244,26810,270
2020-12-06,Del Norte,015,27424,487,414,0,414,2
2020-12-06,El Dorado,017,186661,3893,3086,65,3151,8
2020-12-06,Fresno,019,978130,49228,40869,2215,43084,526
2020-12-06,Glenn,021,27897,1179,1067,100,1167,8
2020-12-06,Humboldt,023,135768,1221,1004,4,1008,9
2020-12-06,Imperial,025,180216,18634,16922,185,17107,364
2020-12-06,Inyo,027,18085,376,333,1,334,15
2020-12-06,Kern,029,883053,48199,43899,2378,46277,486
2020-12-06,Kings,031,150075,13123,12056,305,12361,90
2020-12-06,Lake,033,64148,1252,1075,0,1075,20
2020-12-06,Lassen,035,31185,2990,2168,14,2182,0
2020-12-06,Los Angeles,037,10098052,487115,443230,9660,452890,7910
2020-12-06,Madera,039,155013,7689,6826,224,7050,59
2020-12-06,Marin,041,260295,8318,8013,44,8057,136
2020-12-06,Mariposa,043,17540,176,144,2,146,2
2020-12-06,Mendocino,045,87422,1816,1614,14,1628,23
2020-12-06,Merced,047,269075,13979,12928,187,13115,179
2020-12-06,Modoc,049,8938,153,125,29,154,0
2020-12-06,Mono,051,14174,654,586,8,594,3
2020-12-06,Monterey,053,433212,18997,17426,384,17810,130
2020-12-06,Napa,055,140530,4161,3644,20,3664,21
2020-12-06,Nevada,057,99092,1989,1710,52,1762,10
2020-12-06,Orange,059,3164182,100074,87737,3254,90991,1627
2020-12-06,Placer,061,380077,9699,7837,256,8093,82
2020-12-06,Plumas,063,18699,312,254,4,258,0
2020-12-06,Riverside,065,2383286,116238,100088,3516,103604,1482
2020-12-06,Sacramento,067,1510023,47195,42808,225,43033,638
2020-12-06,San Benito,069,59416,2348,2135,16,2151,18
2020-12-06,San Bernardino,071,2135413,125838,106927,2694,109621,1286
2020-12-06,San Diego,073,3302833,101588,92173,4153,96326,1062
2020-12-06,San Francisco,075,870044,18056,17107,138,17245,161
2020-12-06,San Joaquin,077,732212,32205,28188,805,28993,530
2020-12-06,San Luis Obispo,079,281455,7503,6723,131,6854,45
2020-12-06,San Mateo,081,765935,17795,15855,18,15873,175
2020-12-06,Santa Barbara,083,443738,13440,12252,261,12513,141
2020-12-06,Santa Clara,085,1922200,46325,39112,124,39236,482
2020-12-06,Santa Cruz,087,273765,5959,5069,98,5167,40
2020-12-06,Shasta,089,179085,6622,5743,366,6109,49
2020-12-06,Sierra,091,2930,20,17,0,17,0
2020-12-06,Siskiyou,093,43540,798,652,60,712,2
2020-12-06,Solano,095,438530,12719,11354,109,11463,88
2020-12-06,Sonoma,097,501317,14520,13238,89,13327,164
2020-12-06,Stanislaus,099,539301,26025,24036,1955,25991,454
2020-12-06,Sutter,101,95872,4659,4009,20,4029,21
2020-12-06,Tehama,103,63373,2170,1982,115,2097,9
2020-12-06,Trinity,105,12862,257,181,19,200,0
2020-12-06,Tulare,107,460477,24974,22756,2286,25042,327
2020-12-06,Tuolumne,109,53932,1474,1210,5,1215,7
2020-12-06,Ventura,111,848112,25691,23035,839,23874,191
2020-12-06,Yolo,113,214977,6116,5465,23,5488,90
2020-12-06,Yuba,115,75493,2660,2340,20,2360,10
2020-12-05,Alameda,001,1643700,36303,32781,500,33281,465
2020-12-05,Alpine,003,1148,59,53,0,53,0
2020-12-05,Amador,005,37829,1199,847,6,853,17
2020-12-05,Butte,007,227075,5028,4455,339,4794,66
2020-12-05,Calaveras,009,45235,661,606,0,606,21
2020-12-05,Colusa,011,21464,944,825,18,843,6
2020-12-05,Contra Costa,013,1133247,28879,26217,237,26454,270
2020-12-05,Del Norte,015,27424,481,408,0,408,2
2020-12-05,El Dorado,017,186661,3829,3061,60,3121,8
2020-12-05,Fresno,019,978130,48908,40568,2159,42727,525
2020-12-05,Glenn,021,27897,1166,1056,94,1150,8
2020-12-05,Humboldt,023,135768,1188,979,4,983,9
2020-12-05,Imperial,025,180216,18472,16544,183,16727,362
2020-12-05,Inyo,027,18085,371,332,1,333,15
2020-12-05,Kern,029,883053,47740,43332,2287,45619,484
2020-12-05,Kings,031,150075,13044,11898,302,12200,90
2020-12-05,Lake,033,64148,1227,1069,0,1069,20
2020-12-05,Lassen,035,31185,2799,2168,12,2180,0
2020-12-05,Los Angeles,037,10098052,481344,433120,9318,442438,7888
2020-12-05,Madera,039,155013,7600,6619,217,6836,59
2020-12-05,Marin,041,260295,8292,7961,44,8005,136
2020-12-05,Mariposa,043,17540,171,143,2,145,2
2020-12-05,Mendocino,045,87422,1777,1585,14,1599,23
2020-12-05,Merced,047,269075,13874,12747,176,12923,180
2020-12-05,Modoc,049,8938,153,118,28,146,0
2020-12-05,Mono,051,14174,649,554,8,562,3
2020-12-05,Monterey,053,433212,18851,17077,380,17457,127
2020-12-05,Napa,055,140530,4091,3565,20,3585,21
2020-12-05,Nevada,057,99092,1975,1642,50,1692,10
2020-12-05,Orange,059,3164182,98616,85735,3158,88893,1612
2020-12-05,Placer,061,380077,9579,7811,247,8058,78
2020-12-05,Plumas,063,18699,305,246,1,247,0
2020-12-05,Riverside,065,2383286,114639,98612,3327,101939,1477
2020-12-05,Sacramento,067,1510023,46528,41878,210,42088,625
2020-12-05,San Benito,069,59416,2307,2073,16,2089,18
2020-12-05,San Bernardino,071,2135413,124322,105382,2556,107938,1283
2020-12-05,San Diego,073,3302833,100239,90470,4072,94542,1055
2020-12-05,San Francisco,075,870044,17872,16786,134,16920,161
2020-12-05,San Joaquin,077,732212,31946,28105,770,28875,523
2020-12-05,San Luis Obispo,079,281455,7436,6623,128,6751,44
2020-12-05,San Mateo,081,765935,17538,15512,18,15530,175
2020-12-05,Santa Barbara,083,443738,13340,12107,255,12362,141
2020-12-05,Santa Clara,085,1922200,45590,38339,119,38458,474
2020-12-05,Santa Cruz,087,273765,5885,4997,96,5093,40
2020-12-05,Shasta,089,179085,6561,5653,355,6008,49
2020-12-05,Sierra,091,2930,20,17,0,17,0
2020-12-05,Siskiyou,093,43540,790,649,59,708,2
2020-12-05,Solano,095,438530,12550,11351,107,11458,87
2020-12-05,Sonoma,097,501317,14424,13137,89,13226,164
2020-12-05,Stanislaus,099,539301,25719,23662,1919,25581,454
2020-12-05,Sutter,101,95872,4592,3937,20,3957,20
2020-12-05,Tehama,103,63373,2156,1926,113,2039,9
2020-12-05,Trinity,105,12862,256,177,19,196,0
2020-12-05,Tulare,107,460477,24764,22660,2224,24884,324
2020-12-05,Tuolumne,109,53932,1418,1180,5,1185,7
2020-12-05,Ventura,111,848112,25323,22710,823,23533,191
2020-12-05,Yolo,113,214977,6038,5351,22,5373,90
2020-12-05,Yuba,115,75493,2624,2275,20,2295,10
2020-12-04,Alameda,001,1643700,35753,31871,487,32358,465
2020-12-04,Alpine,003,1148,59,53,0,53,0
2020-12-04,Amador,005,37829,1185,766,3,769,16
2020-12-04,Butte,007,227075,4957,4336,317,4653,65
2020-12-04,Calaveras,009,45235,656,585,0,585,21
2020-12-04,Colusa,011,21464,930,790,17,807,6
2020-12-04,Contra Costa,013,1133247,28538,25705,225,25930,264
2020-12-04,Del Norte,015,27424,470,401,0,401,2
2020-12-04,El Dorado,017,186661,3741,2933,57,2990,7
2020-12-04,Fresno,019,978130,48200,40108,2090,42198,522
2020-12-04,Glenn,021,27897,1160,1017,86,1103,8
2020-12-04,Humboldt,023,135768,1170,960,4,964,9
2020-12-04,Imperial,025,180216,18229,16484,183,16667,362
2020-12-04,Inyo,027,18085,363,324,1,325,15
2020-12-04,Kern,029,883053,47192,42497,2181,44678,485
2020-12-04,Kings,031,150075,12951,11767,296,12063,88
2020-12-04,Lake,033,64148,1199,1018,0,1018,20
2020-12-04,Lassen,035,31185,2792,2167,10,2177,0
2020-12-04,Los Angeles,037,10098052,472760,424164,9006,433170,7845
2020-12-04,Madera,039,155013,7511,6479,214,6693,58
2020-12-04,Marin,041,260295,8242,7896,42,7938,136
2020-12-04,Mariposa,043,17540,171,136,2,138,2
2020-12-04,Mendocino,045,87422,1758,1563,13,1576,23
2020-12-04,Merced,047,269075,13759,12474,168,12642,177
2020-12-04,Modoc,049,8938,153,115,28,143,0
2020-12-04,Mono,051,14174,644,549,8,557,3
2020-12-04,Monterey,053,433212,18646,16737,371,17108,127
2020-12-04,Napa,055,140530,4038,3432,20,3452,19
2020-12-04,Nevada,057,99092,1950,1560,47,1607,10
2020-12-04,Orange,059,3164182,96699,83738,3089,86827,1597
2020-12-04,Placer,061,380077,9449,7461,233,7694,76
2020-12-04,Plumas,063,18699,298,232,0,232,0
2020-12-04,Riverside,065,2383286,112448,95255,3164,98419,1475
2020-12-04,Sacramento,067,1510023,45763,41061,193,41254,618
2020-12-04,San Benito,069,59416,2279,2006,16,2022,17
2020-12-04,San Bernardino,071,2135413,122055,102418,2444,104862,1290
2020-12-04,San Diego,073,3302833,98757,88183,3986,92169,1047
2020-12-04,San Francisco,075,870044,17683,16499,133,16632,161
2020-12-04,San Joaquin,077,732212,31510,27806,732,28538,522
2020-12-04,San Luis Obispo,079,281455,7351,6473,125,6598,42
2020-12-04,San Mateo,081,765935,17250,15112,17,15129,173
2020-12-04,Santa Barbara,083,443738,13234,11947,247,12194,141
2020-12-04,Santa Clara,085,1922200,44672,37465,113,37578,468
2020-12-04,Santa Cruz,087,273765,5800,4985,94,5079,32
2020-12-04,Shasta,089,179085,6473,5439,345,5784,49
2020-12-04,Sierra,091,2930,19,17,0,17,0
2020-12-04,Siskiyou,093,43540,783,639,56,695,2
2020-12-04,Solano,095,438530,12404,11037,104,11141,87
2020-12-04,Sonoma,097,501317,14276,12962,88,13050,164
2020-12-04,Stanislaus,099,539301,25453,23206,1873,25079,448
2020-12-04,Sutter,101,95872,4520,3791,15,3806,20
2020-12-04,Tehama,103,63373,2117,1876,107,1983,9
2020-12-04,Trinity,105,12862,254,172,19,191,0
2020-12-04,Tulare,107,460477,24483,22273,2149,24422,322
2020-12-04,Tuolumne,109,53932,1387,1134,5,1139,7
2020-12-04,Ventura,111,848112,24947,22024,805,22829,189
2020-12-04,Yolo,113,214977,5964,5294,21,5315,87
2020-12-04,Yuba,115,75493,2581,2225,19,2244,10
2020-12-03,Alameda,001,1643700,34995,31184,468,31652,465
2020-12-03,Alpine,003,1148,58,53,0,53,0
2020-12-03,Amador,005,37829,1134,653,3,656,16
2020-12-03,Butte,007,227075,4863,4305,296,4601,65
2020-12-03,Calaveras,009,45235,637,572,0,572,21
2020-12-03,Colusa,011,21464,917,774,17,791,6
2020-12-03,Contra Costa,013,1133247,28040,25464,217,25681,265
2020-12-03,Del Norte,015,27424,466,388,0,388,2
2020-12-03,El Dorado,017,186661,3615,2740,55,2795,6
2020-12-03,Fresno,019,978130,47453,39680,2015,41695,516
2020-12-03,Glenn,021,27897,1143,997,77,1074,8
2020-12-03,Humboldt,023,135768,1140,923,4,927,9
2020-12-03,Imperial,025,180216,18024,16436,172,16608,359
2020-12-03,Inyo,027,18085,360,321,1,322,15
2020-12-03,Kern,029,883053,46351,42062,2075,44137,483
2020-12-03,Kings,031,150075,12852,11658,283,11941,87
2020-12-03,Lake,033,64148,1185,991,0,991,20
2020-12-03,Lassen,035,31185,2752,2128,9,2137,0
2020-12-03,Los Angeles,037,10098052,462691,415805,8623,424428,7787
2020-12-03,Madera,039,155013,7390,6398,210,6608,58
2020-12-03,Marin,041,260295,8183,7861,38,7899,136
2020-12-03,Mariposa,043,17540,167,132,2,134,2
2020-12-03,Mendocino,045,87422,1742,1547,9,1556,23
2020-12-03,Merced,047,269075,13514,12310,160,12470,177
2020-12-03,Modoc,049,8938,151,114,28,142,0
2020-12-03,Mono,051,14174,623,527,8,535,3
2020-12-03,Monterey,053,433212,18184,16218,360,16578,125
2020-12-03,Napa,055,140530,3925,3360,20,3380,19
2020-12-03,Nevada,057,99092,1873,1472,46,1518,10
2020-12-03,Orange,059,3164182,94185,82187,3016,85203,1591
2020-12-03,Placer,061,380077,9252,7270,217,7487,73
2020-12-03,Plumas,063,18699,284,223,0,223,0
2020-12-03,Riverside,065,2383286,109702,92489,2990,95479,1461
2020-12-03,Sacramento,067,1510023,44708,40280,180,40460,614
2020-12-03,San Benito,069,59416,2235,1967,16,1983,16
2020-12-03,San Bernardino,071,2135413,118737,100787,2355,103142,1283
2020-12-03,San Diego,073,3302833,96949,86144,3868,90012,1040
2020-12-03,San Francisco,075,870044,17461,16236,132,16368,161
2020-12-03,San Joaquin,077,732212,30790,27239,683,27922,522
2020-12-03,San Luis Obispo,079,281455,7183,6388,124,6512,42
2020-12-03,San Mateo,081,765935,16899,14909,16,14925,173
2020-12-03,Santa Barbara,083,443738,13106,11829,241,12070,141
2020-12-03,Santa Clara,085,1922200,43476,36621,107,36728,465
2020-12-03,Santa Cruz,087,273765,5658,4850,90,4940,28
2020-12-03,Shasta,089,179085,6364,5330,338,5668,48
2020-12-03,Sierra,091,2930,19,17,0,17,0
2020-12-03,Siskiyou,093,43540,768,629,53,682,2
2020-12-03,Solano,095,438530,12193,10857,101,10958,87
2020-12-03,Sonoma,097,501317,14033,12772,87,12859,164
2020-12-03,Stanislaus,099,539301,25048,22821,1820,24641,447
2020-12-03,Sutter,101,95872,4437,3727,14,3741,20
2020-12-03,Tehama,103,63373,2066,1832,97,1929,9
2020-12-03,Trinity,105,12862,252,166,19,185,0
2020-12-03,Tulare,107,460477,24088,21993,2053,24046,321
2020-12-03,Tuolumne,109,53932,1346,1105,5,1110,7
2020-12-03,Ventura,111,848112,24244,21555,790,22345,187
2020-12-03,Yolo,113,214977,5826,5069,21,5090,87
2020-12-03,Yuba,115,75493,2512,2182,17,2199,10
2020-12-02,Alameda,001,1643700,34373,30697,456,31153,463
2020-12-02,Alpine,003,1148,57,52,0,52,0
2020-12-02,Amador,005,37829,1062,585,3,588,16
2020-12-02,Butte,007,227075,4741,4243,286,4529,65
2020-12-02,Calaveras,009,45235,621,553,0,553,21
2020-12-02,Colusa,011,21464,901,756,16,772,6
2020-12-02,Contra Costa,013,1133247,27583,25147,204,25351,264
2020-12-02,Del Norte,015,27424,452,384,0,384,2
2020-12-02,El Dorado,017,186661,3515,2638,49,2687,5
2020-12-02,Fresno,019,978130,46708,39324,1905,41229,507
2020-12-02,Glenn,021,27897,1126,995,69,1064,7
2020-12-02,Humboldt,023,135768,1114,899,4,903,9
2020-12-02,Imperial,025,180216,17600,16360,163,16523,356
2020-12-02,Inyo,027,18085,353,314,1,315,15
2020-12-02,Kern,029,883053,45461,41660,1970,43630,479
2020-12-02,Kings,031,150075,12499,11531,269,11800,86
2020-12-02,Lake,033,64148,1156,971,0,971,20
2020-12-02,Lassen,035,31185,2693,2115,9,2124,0
2020-12-02,Los Angeles,037,10098052,452677,408289,8265,416554,7739
2020-12-02,Madera,039,155013,7267,6370,202,6572,57
2020-12-02,Marin,041,260295,8137,7819,36,7855,136
2020-12-02,Mariposa,043,17540,164,131,2,133,2
2020-12-02,Mendocino,045,87422,1709,1524,9,1533,23
2020-12-02,Merced,047,269075,13272,12168,153,12321,173
2020-12-02,Modoc,049,8938,148,113,28,141,0
2020-12-02,Mono,051,14174,614,520,8,528,3
2020-12-02,Monterey,053,433212,17707,16064,321,16385,121
2020-12-02,Napa,055,140530,3822,3298,19,3317,19
2020-12-02,Nevada,057,99092,1811,1430,45,1475,9
2020-12-02,Orange,059,3164182,91993,81046,2935,83981,1569
2020-12-02,Placer,061,380077,9017,6941,202,7143,73
2020-12-02,Plumas,063,18699,271,218,0,218,0
2020-12-02,Riverside,065,2383286,106989,90089,2801,92890,1451
2020-12-02,Sacramento,067,1510023,43678,39334,169,39503,597
2020-12-02,San Benito,069,59416,2171,1921,16,1937,16
2020-12-02,San Bernardino,071,2135413,115184,98567,2237,100804,1240
2020-12-02,San Diego,073,3302833,95035,84640,3754,88394,1035
2020-12-02,San Francisco,075,870044,17223,16058,130,16188,157
2020-12-02,San Joaquin,077,732212,30169,26740,659,27399,519
2020-12-02,San Luis Obispo,079,281455,7085,6324,121,6445,42
2020-12-02,San Mateo,081,765935,16537,14757,15,14772,170
2020-12-02,Santa Barbara,083,443738,12955,11705,228,11933,140
2020-12-02,Santa Clara,085,1922200,42360,35878,106,35984,458
2020-12-02,Santa Cruz,087,273765,5526,4766,87,4853,27
2020-12-02,Shasta,089,179085,6240,5188,321,5509,47
2020-12-02,Sierra,091,2930,19,17,0,17,0
2020-12-02,Siskiyou,093,43540,752,624,51,675,1
2020-12-02,Solano,095,438530,11948,10701,96,10797,87
2020-12-02,Sonoma,097,501317,13793,12635,86,12721,163
2020-12-02,Stanislaus,099,539301,24553,22615,1760,24375,448
2020-12-02,Sutter,101,95872,4276,3604,14,3618,18
2020-12-02,Tehama,103,63373,2023,1800,82,1882,9
2020-12-02,Trinity,105,12862,245,165,19,184,0
2020-12-02,Tulare,107,460477,23712,21789,1967,23756,321
2020-12-02,Tuolumne,109,53932,1306,1076,5,1081,7
2020-12-02,Ventura,111,848112,23835,21208,772,21980,186
2020-12-02,Yolo,113,214977,5715,5053,20,5073,87
2020-12-02,Yuba,115,75493,2435,2119,16,2135,10
2020-12-01,Alameda,001,1643700,33686,30252,444,30696,460
2020-12-01,Alpine,003,1148,57,41,0,41,0
2020-12-01,Amador,005,37829,915,575,2,577,16
2020-12-01,Butte,007,227075,4637,4177,270,4447,65
2020-12-01,Calaveras,009,45235,603,544,0,544,21
2020-12-01,Colusa,011,21464,884,747,16,763,6
2020-12-01,Contra Costa,013,1133247,27010,24788,196,24984,264
2020-12-01,Del Norte,015,27424,424,357,0,357,2
2020-12-01,El Dorado,017,186661,3370,2542,44,2586,4
2020-12-01,Fresno,019,978130,45810,39004,1821,40825,505
2020-12-01,Glenn,021,27897,1105,989,65,1054,7
2020-12-01,Humboldt,023,135768,1083,886,4,890,9
2020-12-01,Imperial,025,180216,17287,16278,160,16438,356
2020-12-01,Inyo,027,18085,346,304,1,305,15
2020-12-01,Kern,029,883053,44662,41345,1834,43179,478
2020-12-01,Kings,031,150075,12186,11415,253,11668,86
2020-12-01,Lake,033,64148,1138,969,0,969,19
2020-12-01,Lassen,035,31185,2527,2047,8,2055,0
2020-12-01,Los Angeles,037,10098052,442338,403266,7923,411189,7704
2020-12-01,Madera,039,155013,7151,6270,193,6463,57
2020-12-01,Marin,041,260295,8067,7787,35,7822,136
2020-12-01,Mariposa,043,17540,159,128,2,130,2
2020-12-01,Mendocino,045,87422,1675,1497,9,1506,23
2020-12-01,Merced,047,269075,13029,12032,144,12176,172
2020-12-01,Modoc,049,8938,143,113,24,137,0
2020-12-01,Mono,051,14174,604,520,8,528,3
2020-12-01,Monterey,053,433212,17200,15835,311,16146,121
2020-12-01,Napa,055,140530,3738,3124,18,3142,19
2020-12-01,Nevada,057,99092,1749,1411,44,1455,9
2020-12-01,Orange,059,3164182,89899,79468,2844,82312,1567
2020-12-01,Placer,061,380077,8692,6794,195,6989,72
2020-12-01,Plumas,063,18699,259,201,0,201,0
2020-12-01,Riverside,065,2383286,104193,88530,2633,91163,1448
2020-12-01,Sacramento,067,1510023,42629,38966,164,39130,589
2020-12-01,San Benito,069,59416,2116,1888,16,1904,15
2020-12-01,San Bernardino,071,2135413,111717,95854,2107,97961,1220
2020-12-01,San Diego,073,3302833,92778,83423,3644,87067,1019
2020-12-01,San Francisco,075,870044,16942,15797,126,15923,157
2020-12-01,San Joaquin,077,732212,29368,26432,637,27069,514
2020-12-01,San Luis Obispo,079,281455,6945,6264,116,6380,40
2020-12-01,San Mateo,081,765935,16212,14495,15,14510,170
2020-12-01,Santa Barbara,083,443738,12815,11611,218,11829,140
2020-12-01,Santa Clara,085,1922200,41104,35397,101,35498,452
2020-12-01,Santa Cruz,087,273765,5370,4638,79,4717,27
2020-12-01,Shasta,089,179085,6112,5077,299,5376,47
2020-12-01,Sierra,091,2930,19,17,0,17,0
2020-12-01,Siskiyou,093,43540,738,608,47,655,1
2020-12-01,Solano,095,438530,11690,10604,90,10694,87
2020-12-01,Sonoma,097,501317,13588,12491,83,12574,163
2020-12-01,Stanislaus,099,539301,24098,22351,1702,24053,447
2020-12-01,Sutter,101,95872,4135,3538,14,3552,17
2020-12-01,Tehama,103,63373,1964,1773,71,1844,9
2020-12-01,Trinity,105,12862,234,165,18,183,0
2020-12-01,Tulare,107,460477,23259,21645,1893,23538,319
2020-12-01,Tuolumne,109,53932,1270,1052,2,1054,7
2020-12-01,Ventura,111,848112,23222,20604,750,21354,186
2020-12-01,Yolo,113,214977,5575,4928,20,4948,86
2020-12-01,Yuba,115,75493,2369,2088,15,2103,10
2020-11-30,Alameda,001,1643700,32871,29972,426,30398,457
2020-11-30,Alpine,003,1148,55,41,0,41,0
2020-11-30,Amador,005,37829,874,559,2,561,16
2020-11-30,Butte,007,227075,4521,4148,253,4401,65
2020-11-30,Calaveras,009,45235,580,478,0,478,21
2020-11-30,Colusa,011,21464,857,737,12,749,6
2020-11-30,Contra Costa,013,1133247,26434,24365,192,24557,264
2020-11-30,Del Norte,015,27424,401,339,0,339,2
2020-11-30,El Dorado,017,186661,3196,2488,39,2527,4
2020-11-30,Fresno,019,978130,44704,38712,1701,40413,500
2020-11-30,Glenn,021,27897,1082,954,60,1014,5
2020-11-30,Humboldt,023,135768,1036,870,4,874,9
2020-11-30,Imperial,025,180216,17035,16212,135,16347,356
2020-11-30,Inyo,027,18085,341,304,1,305,15
2020-11-30,Kern,029,883053,43905,40941,1691,42632,473
2020-11-30,Kings,031,150075,12040,11346,236,11582,85
2020-11-30,Lake,033,64148,1107,939,0,939,18
2020-11-30,Lassen,035,31185,2434,1793,8,1801,0
2020-11-30,Los Angeles,037,10098052,431693,396202,7575,403777,7658
2020-11-30,Madera,039,155013,6983,6210,179,6389,57
2020-11-30,Marin,041,260295,8025,7764,34,7798,136
2020-11-30,Mariposa,043,17540,152,123,2,125,2
2020-11-30,Mendocino,045,87422,1648,1482,9,1491,23
2020-11-30,Merced,047,269075,12755,11913,133,12046,172
2020-11-30,Modoc,049,8938,133,113,24,137,0
2020-11-30,Mono,051,14174,582,519,8,527,3
2020-11-30,Monterey,053,433212,16771,15837,303,16140,119
2020-11-30,Napa,055,140530,3639,3091,17,3108,18
2020-11-30,Nevada,057,99092,1662,1347,41,1388,9
2020-11-30,Orange,059,3164182,87792,78711,2745,81456,1568
2020-11-30,Placer,061,380077,8395,6575,182,6757,72
2020-11-30,Plumas,063,18699,248,192,0,192,0
2020-11-30,Riverside,065,2383286,101207,87722,2478,90200,1446
2020-11-30,Sacramento,067,1510023,41551,37834,156,37990,586
2020-11-30,San Benito,069,59416,2067,1875,15,1890,15
2020-11-30,San Bernardino,071,2135413,107992,92704,1988,94692,1220
2020-11-30,San Diego,073,3302833,90418,82045,3517,85562,997
2020-11-30,San Francisco,075,870044,16644,15638,123,15761,157
2020-11-30,San Joaquin,077,732212,28663,25742,610,26352,509
2020-11-30,San Luis Obispo,079,281455,6810,6224,114,6338,36
2020-11-30,San Mateo,081,765935,15851,14276,15,14291,170
2020-11-30,Santa Barbara,083,443738,12637,11572,211,11783,140
2020-11-30,Santa Clara,085,1922200,39897,35019,100,35119,451
2020-11-30,Santa Cruz,087,273765,5231,4558,75,4633,26
2020-11-30,Shasta,089,179085,5971,4933,265,5198,44
2020-11-30,Sierra,091,2930,19,16,0,16,0
2020-11-30,Siskiyou,093,43540,729,605,43,648,1
2020-11-30,Solano,095,438530,11428,10392,85,10477,87
2020-11-30,Sonoma,097,501317,13342,12232,79,12311,163
2020-11-30,Stanislaus,099,539301,23640,22110,1656,23766,446
2020-11-30,Sutter,101,95872,3979,3430,13,3443,16
2020-11-30,Tehama,103,63373,1916,1724,65,1789,9
2020-11-30,Trinity,105,12862,228,162,18,180,0
2020-11-30,Tulare,107,460477,22875,20833,1796,22629,319
2020-11-30,Tuolumne,109,53932,1225,1027,2,1029,7
2020-11-30,Ventura,111,848112,22463,20308,734,21042,180
2020-11-30,Yolo,113,214977,5463,4894,20,4914,81
2020-11-30,Yuba,115,75493,2308,2028,13,2041,10
2020-11-29,Alameda,001,1643700,32087,29918,404,30322,457
2020-11-29,Alpine,003,1148,52,41,0,41,0
2020-11-29,Amador,005,37829,723,548,2,550,16
2020-11-29,Butte,007,227075,4423,4008,231,4239,65
2020-11-29,Calaveras,009,45235,548,478,0,478,21
2020-11-29,Colusa,011,21464,828,723,8,731,6
2020-11-29,Contra Costa,013,1133247,25931,24165,186,24351,264
2020-11-29,Del Norte,015,27424,395,339,0,339,2
2020-11-29,El Dorado,017,186661,3066,2447,38,2485,4
2020-11-29,Fresno,019,978130,43756,38568,1625,40193,500
2020-11-29,Glenn,021,27897,1059,951,58,1009,4
2020-11-29,Humboldt,023,135768,1007,856,4,860,9
2020-11-29,Imperial,025,180216,16808,16138,107,16245,356
2020-11-29,Inyo,027,18085,326,289,1,290,15
2020-11-29,Kern,029,883053,43148,40596,1540,42136,473
2020-11-29,Kings,031,150075,11892,11247,216,11463,85
2020-11-29,Lake,033,64148,1083,927,0,927,18
2020-11-29,Lassen,035,31185,2331,1793,8,1801,0
2020-11-29,Los Angeles,037,10098052,421326,391162,7255,398417,7642
2020-11-29,Madera,039,155013,6840,6184,173,6357,57
2020-11-29,Marin,041,260295,7959,7739,32,7771,135
2020-11-29,Mariposa,043,17540,148,123,2,125,2
2020-11-29,Mendocino,045,87422,1614,1473,9,1482,23
2020-11-29,Merced,047,269075,12516,11773,124,11897,172
2020-11-29,Modoc,049,8938,129,105,22,127,0
2020-11-29,Mono,051,14174,559,515,8,523,3
2020-11-29,Monterey,053,433212,16460,15621,296,15917,119
2020-11-29,Napa,055,140530,3534,3090,16,3106,18
2020-11-29,Nevada,057,99092,1581,1311,39,1350,9
2020-11-29,Orange,059,3164182,85774,78057,2696,80753,1567
2020-11-29,Placer,061,380077,8106,6535,168,6703,72
2020-11-29,Plumas,063,18699,243,191,0,191,0
2020-11-29,Riverside,065,2383286,98826,87383,2319,89702,1442
2020-11-29,Sacramento,067,1510023,40475,37415,148,37563,585
2020-11-29,San Benito,069,59416,2023,1860,15,1875,15
2020-11-29,San Bernardino,071,2135413,104654,92052,1870,93922,1223
2020-11-29,San Diego,073,3302833,88007,81086,3364,84450,997
2020-11-29,San Francisco,075,870044,16364,15571,116,15687,153
2020-11-29,San Joaquin,077,732212,27922,25740,604,26344,509
2020-11-29,San Luis Obispo,079,281455,6688,6145,114,6259,36
2020-11-29,San Mateo,081,765935,15517,14177,15,14192,169
2020-11-29,Santa Barbara,083,443738,12483,11520,207,11727,140
2020-11-29,Santa Clara,085,1922200,38691,34234,94,34328,451
2020-11-29,Santa Cruz,087,273765,5072,4490,73,4563,26
2020-11-29,Shasta,089,179085,5799,4935,234,5169,43
2020-11-29,Sierra,091,2930,19,16,0,16,0
2020-11-29,Siskiyou,093,43540,706,590,41,631,1
2020-11-29,Solano,095,438530,11196,10393,81,10474,87
2020-11-29,Sonoma,097,501317,13089,12052,75,12127,163
2020-11-29,Stanislaus,099,539301,23147,21701,1616,23317,446
2020-11-29,Sutter,101,95872,3862,3297,13,3310,16
2020-11-29,Tehama,103,63373,1865,1710,49,1759,9
2020-11-29,Trinity,105,12862,225,159,17,176,0
2020-11-29,Tulare,107,460477,22516,20793,1711,22504,319
2020-11-29,Tuolumne,109,53932,1189,988,2,990,7
2020-11-29,Ventura,111,848112,21779,19952,721,20673,179
2020-11-29,Yolo,113,214977,5325,4830,19,4849,80
2020-11-29,Yuba,115,75493,2252,1959,13,1972,10
2020-11-28,Alameda,001,1643700,31778,29368,399,29767,456
2020-11-28,Alpine,003,1148,52,41,0,41,0
2020-11-28,Amador,005,37829,646,536,2,538,16
2020-11-28,Butte,007,227075,4365,3894,227,4121,65
2020-11-28,Calaveras,009,45235,544,478,0,478,21
2020-11-28,Colusa,011,21464,819,711,6,717,6
2020-11-28,Contra Costa,013,1133247,25598,23798,182,23980,264
2020-11-28,Del Norte,015,27424,385,328,0,328,2
2020-11-28,El Dorado,017,186661,2998,2415,32,2447,4
2020-11-28,Fresno,019,978130,43412,38288,1584,39872,500
2020-11-28,Glenn,021,27897,1048,925,54,979,4
2020-11-28,Humboldt,023,135768,972,844,4,848,9
2020-11-28,Imperial,025,180216,16744,16019,105,16124,356
2020-11-28,Inyo,027,18085,318,289,1,290,15
2020-11-28,Kern,029,883053,42787,40255,1451,41706,473
2020-11-28,Kings,031,150075,11828,11070,207,11277,85
2020-11-28,Lake,033,64148,1068,920,0,920,18
2020-11-28,Lassen,035,31185,2264,1714,8,1722,0
2020-11-28,Los Angeles,037,10098052,416419,386194,7093,393287,7625
2020-11-28,Madera,039,155013,6738,6119,166,6285,57
2020-11-28,Marin,041,260295,7929,7696,28,7724,135
2020-11-28,Mariposa,043,17540,145,120,2,122,2
2020-11-28,Mendocino,045,87422,1583,1458,9,1467,22
2020-11-28,Merced,047,269075,12418,11688,118,11806,172
2020-11-28,Modoc,049,8938,126,103,22,125,0
2020-11-28,Mono,051,14174,553,505,8,513,3
2020-11-28,Monterey,053,433212,16294,15328,292,15620,118
2020-11-28,Napa,055,140530,3483,3033,15,3048,18
2020-11-28,Nevada,057,99092,1553,1272,37,1309,9
2020-11-28,Orange,059,3164182,84678,76882,2648,79530,1568
2020-11-28,Placer,061,380077,7946,6497,165,6662,70
2020-11-28,Plumas,063,18699,236,188,0,188,0
2020-11-28,Riverside,065,2383286,97424,86854,2212,89066,1440
2020-11-28,Sacramento,067,1510023,39897,36905,144,37049,580
2020-11-28,San Benito,069,59416,1977,1835,15,1850,15
2020-11-28,San Bernardino,071,2135413,103261,91183,1766,92949,1224
2020-11-28,San Diego,073,3302833,86754,80020,3280,83300,997
2020-11-28,San Francisco,075,870044,16187,15450,108,15558,153
2020-11-28,San Joaquin,077,732212,27726,25742,589,26331,509
2020-11-28,San Luis Obispo,079,281455,6618,6106,110,6216,36
2020-11-28,San Mateo,081,765935,15327,14040,15,14055,169
2020-11-28,Santa Barbara,083,443738,12381,11481,202,11683,140
2020-11-28,Santa Clara,085,1922200,37946,33701,92,33793,449
2020-11-28,Santa Cruz,087,273765,4995,4426,73,4499,26
2020-11-28,Shasta,089,179085,5721,4882,227,5109,43
2020-11-28,Sierra,091,2930,19,16,0,16,0
2020-11-28,Siskiyou,093,43540,696,558,38,596,1
2020-11-28,Solano,095,438530,11077,10252,79,10331,87
2020-11-28,Sonoma,097,501317,12986,12008,65,12073,162
2020-11-28,Stanislaus,099,539301,22912,21574,1578,23152,446
2020-11-28,Sutter,101,95872,3778,3244,13,3257,15
2020-11-28,Tehama,103,63373,1849,1678,45,1723,9
2020-11-28,Trinity,105,12862,223,157,15,172,0
2020-11-28,Tulare,107,460477,22327,20701,1663,22364,319
2020-11-28,Tuolumne,109,53932,1167,976,2,978,7
2020-11-28,Ventura,111,848112,21481,19510,711,20221,179
2020-11-28,Yolo,113,214977,5251,4739,17,4756,80
2020-11-28,Yuba,115,75493,2199,1912,13,1925,10
2020-11-27,Alameda,001,1643700,31340,29064,388,29452,450
2020-11-27,Alpine,003,1148,52,41,0,41,0
2020-11-27,Amador,005,37829,599,498,1,499,16
2020-11-27,Butte,007,227075,4324,3894,221,4115,65
2020-11-27,Calaveras,009,45235,535,478,0,478,21
2020-11-27,Colusa,011,21464,802,694,4,698,6
2020-11-27,Contra Costa,013,1133247,25339,23463,176,23639,264
2020-11-27,Del Norte,015,27424,379,307,0,307,2
2020-11-27,El Dorado,017,186661,2926,2238,29,2267,4
2020-11-27,Fresno,019,978130,43006,37994,1524,39518,500
2020-11-27,Glenn,021,27897,1035,891,49,940,4
2020-11-27,Humboldt,023,135768,953,795,3,798,9
2020-11-27,Imperial,025,180216,16676,15960,96,16056,356
2020-11-27,Inyo,027,18085,312,289,1,290,15
2020-11-27,Kern,029,883053,42369,39707,1375,41082,473
2020-11-27,Kings,031,150075,11742,10667,189,10856,85
2020-11-27,Lake,033,64148,1032,909,0,909,18
2020-11-27,Lassen,035,31185,2252,1714,8,1722,0
2020-11-27,Los Angeles,037,10098052,409925,382740,6926,389666,7606
2020-11-27,Madera,039,155013,6666,6050,160,6210,57
2020-11-27,Marin,041,260295,7886,7660,28,7688,135
2020-11-27,Mariposa,043,17540,143,118,2,120,2
2020-11-27,Mendocino,045,87422,1568,1387,8,1395,22
2020-11-27,Merced,047,269075,12312,11550,111,11661,172
2020-11-27,Modoc,049,8938,125,100,22,122,0
2020-11-27,Mono,051,14174,549,498,8,506,3
2020-11-27,Monterey,053,433212,16127,14753,292,15045,113
2020-11-27,Napa,055,140530,3443,2988,15,3003,18
2020-11-27,Nevada,057,99092,1523,1184,35,1219,9
2020-11-27,Orange,059,3164182,83392,75151,2608,77759,1568
2020-11-27,Placer,061,380077,7786,6283,155,6438,68
2020-11-27,Plumas,063,18699,233,188,0,188,0
2020-11-27,Riverside,065,2383286,95823,85769,2051,87820,1440
2020-11-27,Sacramento,067,1510023,39274,36579,140,36719,579
2020-11-27,San Benito,069,59416,1943,1805,14,1819,15
2020-11-27,San Bernardino,071,2135413,101754,90254,1681,91935,1224
2020-11-27,San Diego,073,3302833,85561,78161,3192,81353,996
2020-11-27,San Francisco,075,870044,16031,15377,106,15483,153
2020-11-27,San Joaquin,077,732212,27506,25741,568,26309,509
2020-11-27,San Luis Obispo,079,281455,6535,6039,107,6146,36
2020-11-27,San Mateo,081,765935,15125,13872,14,13886,169
2020-11-27,Santa Barbara,083,443738,12288,11340,199,11539,140
2020-11-27,Santa Clara,085,1922200,37271,32935,85,33020,449
2020-11-27,Santa Cruz,087,273765,4924,4358,71,4429,26
2020-11-27,Shasta,089,179085,5644,4710,214,4924,43
2020-11-27,Sierra,091,2930,18,16,0,16,0
2020-11-27,Siskiyou,093,43540,681,554,35,589,1
2020-11-27,Solano,095,438530,10958,10044,76,10120,87
2020-11-27,Sonoma,097,501317,12854,11924,63,11987,162
2020-11-27,Stanislaus,099,539301,22686,21185,1547,22732,446
2020-11-27,Sutter,101,95872,3712,3101,12,3113,15
2020-11-27,Tehama,103,63373,1821,1649,41,1690,9
2020-11-27,Trinity,105,12862,219,151,15,166,0
2020-11-27,Tulare,107,460477,22141,20634,1604,22238,319
2020-11-27,Tuolumne,109,53932,1135,881,2,883,7
2020-11-27,Ventura,111,848112,21159,19379,689,20068,179
2020-11-27,Yolo,113,214977,5202,4737,17,4754,79
2020-11-27,Yuba,115,75493,2170,1864,12,1876,10
2020-11-26,Alameda,001,1643700,30928,28797,369,29166,447
2020-11-26,Alpine,003,1148,52,41,0,41,0
2020-11-26,Amador,005,37829,591,488,1,489,16
2020-11-26,Butte,007,227075,4261,3894,215,4109,65
2020-11-26,Calaveras,009,45235,507,478,0,478,21
2020-11-26,Colusa,011,21464,788,694,4,698,6
2020-11-26,Contra Costa,013,1133247,25004,23468,170,23638,264
2020-11-26,Del Norte,015,27424,368,307,0,307,2
2020-11-26,El Dorado,017,186661,2845,2217,27,2244,4
2020-11-26,Fresno,019,978130,42604,37724,1477,39201,500
2020-11-26,Glenn,021,27897,1020,892,46,938,4
2020-11-26,Humboldt,023,135768,931,795,2,797,9
2020-11-26,Imperial,025,180216,16568,15722,91,15813,355
2020-11-26,Inyo,027,18085,311,289,1,290,15
2020-11-26,Kern,029,883053,41931,39123,1303,40426,471
2020-11-26,Kings,031,150075,11687,10475,176,10651,85
2020-11-26,Lake,033,64148,1019,890,0,890,18
2020-11-26,Lassen,035,31185,2237,1714,8,1722,0
2020-11-26,Los Angeles,037,10098052,404791,378340,6676,385016,7581
2020-11-26,Madera,039,155013,6592,6003,154,6157,57
2020-11-26,Marin,041,260295,7849,7610,28,7638,135
2020-11-26,Mariposa,043,17540,138,116,2,118,2
2020-11-26,Mendocino,045,87422,1554,1387,6,1393,22
2020-11-26,Merced,047,269075,12164,11440,109,11549,172
2020-11-26,Modoc,049,8938,123,100,22,122,0
2020-11-26,Mono,051,14174,541,485,8,493,2
2020-11-26,Monterey,053,433212,15891,14750,284,15034,113
2020-11-26,Napa,055,140530,3379,2988,15,3003,18
2020-11-26,Nevada,057,99092,1477,1184,35,1219,9
2020-11-26,Orange,059,3164182,82031,74264,2541,76805,1563
2020-11-26,Placer,061,380077,7620,6278,146,6424,68
2020-11-26,Plumas,063,18699,225,188,0,188,0
2020-11-26,Riverside,065,2383286,94233,85774,1918,87692,1440
2020-11-26,Sacramento,067,1510023,38632,35854,132,35986,580
2020-11-26,San Benito,069,59416,1916,1769,14,1783,15
2020-11-26,San Bernardino,071,2135413,100112,89727,1585,91312,1223
2020-11-26,San Diego,073,3302833,83951,76359,3088,79447,996
2020-11-26,San Francisco,075,870044,15894,15156,103,15259,153
2020-11-26,San Joaquin,077,732212,27253,25738,554,26292,509
2020-11-26,San Luis Obispo,079,281455,6442,5964,104,6068,36
2020-11-26,San Mateo,081,765935,14938,13715,12,13727,169
2020-11-26,Santa Barbara,083,443738,12207,11277,198,11475,139
2020-11-26,Santa Clara,085,1922200,36630,32411,76,32487,446
2020-11-26,Santa Cruz,087,273765,4794,4269,65,4334,26
2020-11-26,Shasta,089,179085,5563,4712,202,4914,43
2020-11-26,Sierra,091,2930,18,15,0,15,0
2020-11-26,Siskiyou,093,43540,671,526,34,560,1
2020-11-26,Solano,095,438530,10815,9941,74,10015,87
2020-11-26,Sonoma,097,501317,12706,11922,61,11983,162
2020-11-26,Stanislaus,099,539301,22458,21186,1503,22689,445
2020-11-26,Sutter,101,95872,3618,3101,11,3112,15
2020-11-26,Tehama,103,63373,1780,1612,37,1649,9
2020-11-26,Trinity,105,12862,215,139,15,154,0
2020-11-26,Tulare,107,460477,21907,20649,1535,22184,319
2020-11-26,Tuolumne,109,53932,1107,871,2,873,7
2020-11-26,Ventura,111,848112,20663,19058,674,19732,179
2020-11-26,Yolo,113,214977,5115,4566,17,4583,76
2020-11-26,Yuba,115,75493,2112,1865,10,1875,10
2020-11-25,Alameda,001,1643700,30712,28378,361,28739,447
2020-11-25,Alpine,003,1148,52,41,0,41,0
2020-11-25,Amador,005,37829,581,484,1,485,16
2020-11-25,Butte,007,227075,4231,3848,212,4060,64
2020-11-25,Calaveras,009,45235,504,475,0,475,21
2020-11-25,Colusa,011,21464,771,693,4,697,6
2020-11-25,Contra Costa,013,1133247,24849,23307,169,23476,263
2020-11-25,Del Norte,015,27424,367,304,0,304,2
2020-11-25,El Dorado,017,186661,2809,2154,27,2181,4
2020-11-25,Fresno,019,978130,42372,37349,1455,38804,494
2020-11-25,Glenn,021,27897,1003,891,44,935,4
2020-11-25,Humboldt,023,135768,923,777,2,779,9
2020-11-25,Imperial,025,180216,16498,15640,89,15729,355
2020-11-25,Inyo,027,18085,309,289,1,290,15
2020-11-25,Kern,029,883053,41775,38878,1284,40162,467
2020-11-25,Kings,031,150075,11652,10417,172,10589,85
2020-11-25,Lake,033,64148,1002,878,0,878,18
2020-11-25,Lassen,035,31185,2194,1701,8,1709,0
2020-11-25,Los Angeles,037,10098052,401772,373919,6564,380483,7545
2020-11-25,Madera,039,155013,6570,5989,151,6140,57
2020-11-25,Marin,041,260295,7822,7601,27,7628,135
2020-11-25,Mariposa,043,17540,137,114,2,116,2
2020-11-25,Mendocino,045,87422,1535,1373,6,1379,22
2020-11-25,Merced,047,269075,12106,11346,109,11455,172
2020-11-25,Modoc,049,8938,123,96,22,118,0
2020-11-25,Mono,051,14174,536,487,8,495,2
2020-11-25,Monterey,053,433212,15774,14695,282,14977,113
2020-11-25,Napa,055,140530,3346,2945,15,2960,17
2020-11-25,Nevada,057,99092,1459,1170,33,1203,9
2020-11-25,Orange,059,3164182,81279,73014,2521,75535,1551
2020-11-25,Placer,061,380077,7544,6221,145,6366,68
2020-11-25,Plumas,063,18699,220,183,0,183,0
2020-11-25,Riverside,065,2383286,93696,85077,1896,86973,1438
2020-11-25,Sacramento,067,1510023,38296,35687,129,35816,574
2020-11-25,San Benito,069,59416,1894,1764,14,1778,15
2020-11-25,San Bernardino,071,2135413,99274,88469,1555,90024,1225
2020-11-25,San Diego,073,3302833,83298,75307,3051,78358,988
2020-11-25,San Francisco,075,870044,15789,15053,101,15154,153
2020-11-25,San Joaquin,077,732212,27128,25556,541,26097,515
2020-11-25,San Luis Obispo,079,281455,6399,5913,103,6016,34
2020-11-25,San Mateo,081,765935,14823,13614,12,13626,170
2020-11-25,Santa Barbara,083,443738,12157,11183,198,11381,138
2020-11-25,Santa Clara,085,1922200,36182,32032,75,32107,442
2020-11-25,Santa Cruz,087,273765,4743,4202,63,4265,25
2020-11-25,Shasta,089,179085,5517,4588,195,4783,43
2020-11-25,Sierra,091,2930,18,15,0,15,0
2020-11-25,Siskiyou,093,43540,664,499,34,533,1
2020-11-25,Solano,095,438530,10710,9832,73,9905,87
2020-11-25,Sonoma,097,501317,12643,11775,60,11835,162
2020-11-25,Stanislaus,099,539301,22329,21022,1474,22496,445
2020-11-25,Sutter,101,95872,3574,3064,11,3075,14
2020-11-25,Tehama,103,63373,1768,1587,32,1619,9
2020-11-25,Trinity,105,12862,213,135,15,150,0
2020-11-25,Tulare,107,460477,21817,20528,1503,22031,318
2020-11-25,Tuolumne,109,53932,1090,842,2,844,7
2020-11-25,Ventura,111,848112,20570,18914,668,19582,179
2020-11-25,Yolo,113,214977,5079,4527,17,4544,76
2020-11-25,Yuba,115,75493,2086,1840,10,1850,10
2020-11-24,Alameda,001,1643700,30234,28030,350,28380,444
2020-11-24,Alpine,003,1148,52,41,0,41,0
2020-11-24,Amador,005,37829,556,470,1,471,16
2020-11-24,Butte,007,227075,4145,3798,204,4002,63
2020-11-24,Calaveras,009,45235,497,466,0,466,21
2020-11-24,Colusa,011,21464,753,682,4,686,6
2020-11-24,Contra Costa,013,1133247,24496,23072,163,23235,259
2020-11-24,Del Norte,015,27424,357,298,0,298,2
2020-11-24,El Dorado,017,186661,2704,2005,26,2031,4
2020-11-24,Fresno,019,978130,41970,37021,1376,38397,493
2020-11-24,Glenn,021,27897,985,883,40,923,4
2020-11-24,Humboldt,023,135768,904,774,2,776,9
2020-11-24,Imperial,025,180216,16396,15600,82,15682,355
2020-11-24,Inyo,027,18085,308,282,1,283,15
2020-11-24,Kern,029,883053,41303,38551,1205,39756,465
2020-11-24,Kings,031,150075,11385,10338,159,10497,85
2020-11-24,Lake,033,64148,986,872,0,872,18
2020-11-24,Lassen,035,31185,2172,1657,8,1665,0
2020-11-24,Los Angeles,037,10098052,395470,370008,6323,376331,7501
2020-11-24,Madera,039,155013,6487,5881,144,6025,57
2020-11-24,Marin,041,260295,7775,7591,27,7618,135
2020-11-24,Mariposa,043,17540,127,114,1,115,2
2020-11-24,Mendocino,045,87422,1513,1346,5,1351,22
2020-11-24,Merced,047,269075,11917,11268,104,11372,171
2020-11-24,Modoc,049,8938,119,91,22,113,0
2020-11-24,Mono,051,14174,532,483,8,491,2
2020-11-24,Monterey,053,433212,15516,14354,270,14624,113
2020-11-24,Napa,055,140530,3280,2904,15,2919,17
2020-11-24,Nevada,057,99092,1396,1156,30,1186,9
2020-11-24,Orange,059,3164182,79837,71975,2436,74411,1547
2020-11-24,Placer,061,380077,7363,6147,138,6285,67
2020-11-24,Plumas,063,18699,217,180,0,180,0
2020-11-24,Riverside,065,2383286,91946,83685,1763,85448,1420
2020-11-24,Sacramento,067,1510023,37616,35097,122,35219,568
2020-11-24,San Benito,069,59416,1863,1740,13,1753,15
2020-11-24,San Bernardino,071,2135413,96945,86645,1448,88093,1226
2020-11-24,San Diego,073,3302833,81892,74363,2980,77343,984
2020-11-24,San Francisco,075,870044,15594,14874,98,14972,153
2020-11-24,San Joaquin,077,732212,26814,25318,510,25828,517
2020-11-24,San Luis Obispo,079,281455,6336,5805,102,5907,34
2020-11-24,San Mateo,081,765935,14614,13558,11,13569,170
2020-11-24,Santa Barbara,083,443738,12051,11154,196,11350,138
2020-11-24,Santa Clara,085,1922200,35395,31564,71,31635,438
2020-11-24,Santa Cruz,087,273765,4631,4132,62,4194,25
2020-11-24,Shasta,089,179085,5417,4410,176,4586,43
2020-11-24,Sierra,091,2930,18,15,0,15,0
2020-11-24,Siskiyou,093,43540,646,473,31,504,1
2020-11-24,Solano,095,438530,10539,9716,72,9788,86
2020-11-24,Sonoma,097,501317,12463,11644,57,11701,162
2020-11-24,Stanislaus,099,539301,22088,20830,1430,22260,438
2020-11-24,Sutter,101,95872,3469,2974,11,2985,14
2020-11-24,Tehama,103,63373,1718,1565,27,1592,9
2020-11-24,Trinity,105,12862,207,129,15,144,0
2020-11-24,Tulare,107,460477,21571,20319,1437,21756,315
2020-11-24,Tuolumne,109,53932,1061,832,2,834,7
2020-11-24,Ventura,111,848112,20189,18637,656,19293,179
2020-11-24,Yolo,113,214977,4995,4420,17,4437,76
2020-11-24,Yuba,115,75493,2035,1804,8,1812,10
2020-11-23,Alameda,001,1643700,29821,27718,337,28055,444
2020-11-23,Alpine,003,1148,50,41,0,41,0
2020-11-23,Amador,005,37829,515,457,1,458,16
2020-11-23,Butte,007,227075,4081,3765,198,3963,61
2020-11-23,Calaveras,009,45235,480,434,0,434,21
2020-11-23,Colusa,011,21464,739,662,4,666,6
2020-11-23,Contra Costa,013,1133247,24225,22674,157,22831,260
2020-11-23,Del Norte,015,27424,335,296,0,296,2
2020-11-23,El Dorado,017,186661,2584,2005,25,2030,4
2020-11-23,Fresno,019,978130,41524,36688,1314,38002,488
2020-11-23,Glenn,021,27897,959,853,40,893,4
2020-11-23,Humboldt,023,135768,891,746,2,748,9
2020-11-23,Imperial,025,180216,16226,15104,76,15180,355
2020-11-23,Inyo,027,18085,301,279,1,280,15
2020-11-23,Kern,029,883053,40792,38245,1140,39385,463
2020-11-23,Kings,031,150075,10966,10204,151,10355,85
2020-11-23,Lake,033,64148,963,840,0,840,18
2020-11-23,Lassen,035,31185,2092,1271,7,1278,0
2020-11-23,Los Angeles,037,10098052,389389,366374,6065,372439,7447
2020-11-23,Madera,039,155013,6362,5787,139,5926,56
2020-11-23,Marin,041,260295,7733,7543,27,7570,135
2020-11-23,Mariposa,043,17540,126,97,1,98,2
2020-11-23,Mendocino,045,87422,1483,1330,5,1335,22
2020-11-23,Merced,047,269075,11729,11148,101,11249,169
2020-11-23,Modoc,049,8938,105,91,21,112,0
2020-11-23,Mono,051,14174,519,480,8,488,2
2020-11-23,Monterey,053,433212,15238,14265,263,14528,112
2020-11-23,Napa,055,140530,3214,2811,14,2825,17
2020-11-23,Nevada,057,99092,1307,1087,30,1117,9
2020-11-23,Orange,059,3164182,78434,71074,2388,73462,1546
2020-11-23,Placer,061,380077,7159,5999,137,6136,66
2020-11-23,Plumas,063,18699,213,172,0,172,0
2020-11-23,Riverside,065,2383286,90167,82175,1701,83876,1415
2020-11-23,Sacramento,067,1510023,37050,34141,114,34255,556
2020-11-23,San Benito,069,59416,1835,1729,12,1741,15
2020-11-23,San Bernardino,071,2135413,94840,84387,1384,85771,1224
2020-11-23,San Diego,073,3302833,80430,72817,2892,75709,968
2020-11-23,San Francisco,075,870044,15435,14646,96,14742,153
2020-11-23,San Joaquin,077,732212,26465,24622,506,25128,517
2020-11-23,San Luis Obispo,079,281455,6254,5772,100,5872,34
2020-11-23,San Mateo,081,765935,14422,13364,11,13375,170
2020-11-23,Santa Barbara,083,443738,11943,10944,192,11136,137
2020-11-23,Santa Clara,085,1922200,34745,31064,67,31131,435
2020-11-23,Santa Cruz,087,273765,4522,4003,57,4060,25
2020-11-23,Shasta,089,179085,5300,4100,163,4263,43
2020-11-23,Sierra,091,2930,17,15,0,15,0
2020-11-23,Siskiyou,093,43540,619,460,30,490,0
2020-11-23,Solano,095,438530,10382,9394,69,9463,86
2020-11-23,Sonoma,097,501317,12290,11507,53,11560,160
2020-11-23,Stanislaus,099,539301,21797,20487,1397,21884,436
2020-11-23,Sutter,101,95872,3331,2840,10,2850,14
2020-11-23,Tehama,103,63373,1670,1526,24,1550,9
2020-11-23,Trinity,105,12862,201,120,13,133,0
2020-11-23,Tulare,107,460477,21284,19818,1363,21181,315
2020-11-23,Tuolumne,109,53932,1021,774,2,776,7
2020-11-23,Ventura,111,848112,19814,18480,644,19124,179
2020-11-23,Yolo,113,214977,4915,4265,16,4281,75
2020-11-23,Yuba,115,75493,1968,1702,8,1710,10
2020-11-22,Alameda,001,1643700,29387,27472,325,27797,444
2020-11-22,Alpine,003,1148,47,41,0,41,0
2020-11-22,Amador,005,37829,503,450,1,451,16
2020-11-22,Butte,007,227075,4032,3712,188,3900,61
2020-11-22,Calaveras,009,45235,468,434,0,434,21
2020-11-22,Colusa,011,21464,721,642,3,645,6
2020-11-22,Contra Costa,013,1133247,23920,22407,152,22559,260
2020-11-22,Del Norte,015,27424,311,271,0,271,2
2020-11-22,El Dorado,017,186661,2474,1917,22,1939,4
2020-11-22,Fresno,019,978130,41043,36315,1255,37570,488
2020-11-22,Glenn,021,27897,939,832,34,866,4
2020-11-22,Humboldt,023,135768,875,729,2,731,9
2020-11-22,Imperial,025,180216,16021,15109,30,15139,355
2020-11-22,Inyo,027,18085,294,279,1,280,15
2020-11-22,Kern,029,883053,40215,37904,1103,39007,463
2020-11-22,Kings,031,150075,10865,10035,142,10177,85
2020-11-22,Lake,033,64148,941,834,0,834,18
2020-11-22,Lassen,035,31185,1927,1211,6,1217,0
2020-11-22,Los Angeles,037,10098052,383119,360341,5804,366145,7438
2020-11-22,Madera,039,155013,6282,5745,128,5873,56
2020-11-22,Marin,041,260295,7698,7506,26,7532,135
2020-11-22,Mariposa,043,17540,125,95,1,96,2
2020-11-22,Mendocino,045,87422,1459,1285,3,1288,22
2020-11-22,Merced,047,269075,11580,10939,101,11040,169
2020-11-22,Modoc,049,8938,104,87,19,106,0
2020-11-22,Mono,051,14174,504,481,8,489,2
2020-11-22,Monterey,053,433212,14997,13887,257,14144,111
2020-11-22,Napa,055,140530,3133,2778,14,2792,17
2020-11-22,Nevada,057,99092,1249,1052,30,1082,9
2020-11-22,Orange,059,3164182,77024,69913,2348,72261,1546
2020-11-22,Placer,061,380077,6938,5880,126,6006,66
2020-11-22,Plumas,063,18699,200,172,0,172,0
2020-11-22,Riverside,065,2383286,88580,81565,1636,83201,1409
2020-11-22,Sacramento,067,1510023,36319,33421,101,33522,555
2020-11-22,San Benito,069,59416,1806,1704,12,1716,15
2020-11-22,San Bernardino,071,2135413,92500,83505,1308,84813,1224
2020-11-22,San Diego,073,3302833,78694,71649,2817,74466,968
2020-11-22,San Francisco,075,870044,15264,14515,95,14610,153
2020-11-22,San Joaquin,077,732212,26169,24619,493,25112,517
2020-11-22,San Luis Obispo,079,281455,6152,5664,99,5763,34
2020-11-22,San Mateo,081,765935,14218,13228,11,13239,170
2020-11-22,Santa Barbara,083,443738,11808,10946,186,11132,137
2020-11-22,Santa Clara,085,1922200,34068,30633,65,30698,434
2020-11-22,Santa Cruz,087,273765,4440,3896,50,3946,25
2020-11-22,Shasta,089,179085,5143,4100,144,4244,43
2020-11-22,Sierra,091,2930,17,13,0,13,0
2020-11-22,Siskiyou,093,43540,587,411,30,441,0
2020-11-22,Solano,095,438530,10212,9363,65,9428,86
2020-11-22,Sonoma,097,501317,12132,11415,51,11466,159
2020-11-22,Stanislaus,099,539301,21473,20223,1363,21586,436
2020-11-22,Sutter,101,95872,3213,2677,10,2687,13
2020-11-22,Tehama,103,63373,1636,1457,19,1476,9
2020-11-22,Trinity,105,12862,196,114,13,127,0
2020-11-22,Tulare,107,460477,21036,19818,1290,21108,314
2020-11-22,Tuolumne,109,53932,995,689,2,691,7
2020-11-22,Ventura,111,848112,19453,18105,632,18737,179
2020-11-22,Yolo,113,214977,4815,4206,16,4222,75
2020-11-22,Yuba,115,75493,1915,1672,8,1680,10
2020-11-21,Alameda,001,1643700,29203,27424,323,27747,444
2020-11-21,Alpine,003,1148,47,41,0,41,0
2020-11-21,Amador,005,37829,489,450,1,451,16
2020-11-21,Butte,007,227075,3984,3664,185,3849,61
2020-11-21,Calaveras,009,45235,462,434,0,434,21
2020-11-21,Colusa,011,21464,712,642,3,645,6
2020-11-21,Contra Costa,013,1133247,23766,22338,150,22488,260
2020-11-21,Del Norte,015,27424,306,271,0,271,2
2020-11-21,El Dorado,017,186661,2425,1900,21,1921,4
2020-11-21,Fresno,019,978130,40788,35973,1222,37195,482
2020-11-21,Glenn,021,27897,934,829,32,861,4
2020-11-21,Humboldt,023,135768,865,728,2,730,9
2020-11-21,Imperial,025,180216,15944,15053,30,15083,355
2020-11-21,Inyo,027,18085,292,283,1,284,15
2020-11-21,Kern,029,883053,39965,37403,1065,38468,463
2020-11-21,Kings,031,150075,10817,10019,138,10157,85
2020-11-21,Lake,033,64148,928,832,0,832,18
2020-11-21,Lassen,035,31185,1859,1211,6,1217,0
2020-11-21,Los Angeles,037,10098052,379955,357754,5651,363405,7428
2020-11-21,Madera,039,155013,6245,5706,128,5834,56
2020-11-21,Marin,041,260295,7675,7488,25,7513,134
2020-11-21,Mariposa,043,17540,125,92,1,93,2
2020-11-21,Mendocino,045,87422,1428,1282,3,1285,22
2020-11-21,Merced,047,269075,11519,10849,100,10949,169
2020-11-21,Modoc,049,8938,100,87,18,105,0
2020-11-21,Mono,051,14174,499,469,8,477,2
2020-11-21,Monterey,053,433212,14899,13886,251,14137,110
2020-11-21,Napa,055,140530,3099,2757,14,2771,17
2020-11-21,Nevada,057,99092,1237,1018,29,1047,9
2020-11-21,Orange,059,3164182,76221,69021,2317,71338,1543
2020-11-21,Placer,061,380077,6828,5778,123,5901,65
2020-11-21,Plumas,063,18699,195,172,0,172,0
2020-11-21,Riverside,065,2383286,87808,80676,1587,82263,1407
2020-11-21,Sacramento,067,1510023,35924,33133,93,33226,548
2020-11-21,San Benito,069,59416,1787,1691,12,1703,15
2020-11-21,San Bernardino,071,2135413,91629,83206,1227,84433,1222
2020-11-21,San Diego,073,3302833,77915,70711,2762,73473,966
2020-11-21,San Francisco,075,870044,15161,14445,94,14539,153
2020-11-21,San Joaquin,077,732212,26037,24620,477,25097,517
2020-11-21,San Luis Obispo,079,281455,6100,5618,96,5714,34
2020-11-21,San Mateo,081,765935,14116,13138,11,13149,170
2020-11-21,Santa Barbara,083,443738,11757,10922,183,11105,137
2020-11-21,Santa Clara,085,1922200,33684,30377,62,30439,433
2020-11-21,Santa Cruz,087,273765,4384,3898,49,3947,25
2020-11-21,Shasta,089,179085,5070,4095,141,4236,42
2020-11-21,Sierra,091,2930,17,13,0,13,0
2020-11-21,Siskiyou,093,43540,571,403,30,433,0
2020-11-21,Solano,095,438530,10123,9290,61,9351,86
2020-11-21,Sonoma,097,501317,12057,11394,49,11443,158
2020-11-21,Stanislaus,099,539301,21330,20111,1338,21449,435
2020-11-21,Sutter,101,95872,3153,2615,9,2624,13
2020-11-21,Tehama,103,63373,1616,1435,18,1453,9
2020-11-21,Trinity,105,12862,193,110,12,122,0
2020-11-21,Tulare,107,460477,20910,19752,1256,21008,313
2020-11-21,Tuolumne,109,53932,976,690,2,692,7
2020-11-21,Ventura,111,848112,19290,18040,622,18662,177
2020-11-21,Yolo,113,214977,4739,4147,15,4162,75
2020-11-21,Yuba,115,75493,1883,1643,8,1651,10
2020-11-20,Alameda,001,1643700,28991,27221,315,27536,444
2020-11-20,Alpine,003,1148,47,20,0,20,0
2020-11-20,Amador,005,37829,485,446,1,447,16
2020-11-20,Butte,007,227075,3952,3618,181,3799,60
2020-11-20,Calaveras,009,45235,450,424,0,424,21
2020-11-20,Colusa,011,21464,704,631,2,633,6
2020-11-20,Contra Costa,013,1133247,23580,22116,145,22261,260
2020-11-20,Del Norte,015,27424,302,264,0,264,2
2020-11-20,El Dorado,017,186661,2330,1868,19,1887,4
2020-11-20,Fresno,019,978130,40497,35635,1189,36824,480
2020-11-20,Glenn,021,27897,922,826,30,856,4
2020-11-20,Humboldt,023,135768,856,714,1,715,9
2020-11-20,Imperial,025,180216,15882,14864,26,14890,353
2020-11-20,Inyo,027,18085,290,262,1,263,15
2020-11-20,Kern,029,883053,39673,37143,1039,38182,462
2020-11-20,Kings,031,150075,10770,9903,136,10039,85
2020-11-20,Lake,033,64148,919,820,0,820,18
2020-11-20,Lassen,035,31185,1774,1212,5,1217,0
2020-11-20,Los Angeles,037,10098052,376076,353554,5484,359038,7398
2020-11-20,Madera,039,155013,6153,5635,126,5761,54
2020-11-20,Marin,041,260295,7651,7467,24,7491,134
2020-11-20,Mariposa,043,17540,117,89,1,90,2
2020-11-20,Mendocino,045,87422,1408,1269,3,1272,22
2020-11-20,Merced,047,269075,11433,10729,100,10829,167
2020-11-20,Modoc,049,8938,100,83,18,101,0
2020-11-20,Mono,051,14174,497,469,8,477,2
2020-11-20,Monterey,053,433212,14774,13738,242,13980,110
2020-11-20,Napa,055,140530,3069,2718,14,2732,17
2020-11-20,Nevada,057,99092,1219,990,28,1018,9
2020-11-20,Orange,059,3164182,75389,68212,2276,70488,1532
2020-11-20,Placer,061,380077,6697,5687,107,5794,66
2020-11-20,Plumas,063,18699,193,163,0,163,0
2020-11-20,Riverside,065,2383286,86801,79613,1519,81132,1405
2020-11-20,Sacramento,067,1510023,35549,32832,83,32915,549
2020-11-20,San Benito,069,59416,1775,1668,12,1680,15
2020-11-20,San Bernardino,071,2135413,90266,81203,1143,82346,1220
2020-11-20,San Diego,073,3302833,76917,69233,2680,71913,960
2020-11-20,San Francisco,075,870044,15057,14327,93,14420,153
2020-11-20,San Joaquin,077,732212,25885,24460,463,24923,515
2020-11-20,San Luis Obispo,079,281455,6046,5524,93,5617,34
2020-11-20,San Mateo,081,765935,13983,12980,10,12990,169
2020-11-20,Santa Barbara,083,443738,11700,10825,177,11002,136
2020-11-20,Santa Clara,085,1922200,33263,30002,56,30058,431
2020-11-20,Santa Cruz,087,273765,4317,3815,49,3864,25
2020-11-20,Shasta,089,179085,4996,3861,136,3997,42
2020-11-20,Sierra,091,2930,17,12,0,12,0
2020-11-20,Siskiyou,093,43540,558,387,29,416,0
2020-11-20,Solano,095,438530,10032,9216,58,9274,85
2020-11-20,Sonoma,097,501317,11973,11316,48,11364,158
2020-11-20,Stanislaus,099,539301,21176,19889,1311,21200,433
2020-11-20,Sutter,101,95872,3103,2580,9,2589,13
2020-11-20,Tehama,103,63373,1602,1410,14,1424,9
2020-11-20,Trinity,105,12862,192,102,12,114,0
2020-11-20,Tulare,107,460477,20779,19568,1215,20783,311
2020-11-20,Tuolumne,109,53932,937,662,2,664,7
2020-11-20,Ventura,111,848112,19123,17741,594,18335,175
2020-11-20,Yolo,113,214977,4661,4081,14,4095,74
2020-11-20,Yuba,115,75493,1855,1611,8,1619,10
2020-11-19,Alameda,001,1643700,28646,26971,306,27277,441
2020-11-19,Alpine,003,1148,44,20,0,20,0
2020-11-19,Amador,005,37829,481,436,1,437,16
2020-11-19,Butte,007,227075,3903,3576,174,3750,60
2020-11-19,Calaveras,009,45235,440,417,0,417,21
2020-11-19,Colusa,011,21464,686,621,2,623,6
2020-11-19,Contra Costa,013,1133247,23309,21886,142,22028,259
2020-11-19,Del Norte,015,27424,294,251,0,251,2
2020-11-19,El Dorado,017,186661,2256,1825,18,1843,4
2020-11-19,Fresno,019,978130,40052,35278,1129,36407,478
2020-11-19,Glenn,021,27897,900,806,29,835,4
2020-11-19,Humboldt,023,135768,836,693,1,694,9
2020-11-19,Imperial,025,180216,15672,14507,26,14533,349
2020-11-19,Inyo,027,18085,288,262,1,263,15
2020-11-19,Kern,029,883053,39254,36779,995,37774,459
2020-11-19,Kings,031,150075,10623,9763,128,9891,85
2020-11-19,Lake,033,64148,905,809,0,809,18
2020-11-19,Lassen,035,31185,1657,1201,3,1204,0
2020-11-19,Los Angeles,037,10098052,371068,349493,5306,354799,7365
2020-11-19,Madera,039,155013,6081,5540,119,5659,54
2020-11-19,Marin,041,260295,7620,7451,24,7475,134
2020-11-19,Mariposa,043,17540,110,88,0,88,2
2020-11-19,Mendocino,045,87422,1387,1237,3,1240,23
2020-11-19,Merced,047,269075,11292,10634,94,10728,167
2020-11-19,Modoc,049,8938,97,82,18,100,0
2020-11-19,Mono,051,14174,489,468,8,476,2
2020-11-19,Monterey,053,433212,14559,13369,231,13600,108
2020-11-19,Napa,055,140530,3015,2641,14,2655,17
2020-11-19,Nevada,057,99092,1178,945,27,972,9
2020-11-19,Orange,059,3164182,74127,66998,2229,69227,1530
2020-11-19,Placer,061,380077,6507,5612,106,5718,65
2020-11-19,Plumas,063,18699,188,158,0,158,0
2020-11-19,Riverside,065,2383286,85331,78535,1447,79982,1402
2020-11-19,Sacramento,067,1510023,35036,32367,81,32448,546
2020-11-19,San Benito,069,59416,1752,1643,12,1655,15
2020-11-19,San Bernardino,071,2135413,88375,79244,1059,80303,1215
2020-11-19,San Diego,073,3302833,75669,68142,2576,70718,952
2020-11-19,San Francisco,075,870044,14900,14178,87,14265,153
2020-11-19,San Joaquin,077,732212,25566,24270,451,24721,516
2020-11-19,San Luis Obispo,079,281455,5970,5410,90,5500,34
2020-11-19,San Mateo,081,765935,13845,12714,10,12724,169
2020-11-19,Santa Barbara,083,443738,11620,10741,174,10915,136
2020-11-19,Santa Clara,085,1922200,32704,29630,55,29685,424
2020-11-19,Santa Cruz,087,273765,4226,3679,47,3726,25
2020-11-19,Shasta,089,179085,4859,3685,125,3810,42
2020-11-19,Sierra,091,2930,17,11,0,11,0
2020-11-19,Siskiyou,093,43540,533,360,28,388,0
2020-11-19,Solano,095,438530,9895,9093,54,9147,84
2020-11-19,Sonoma,097,501317,11803,11205,46,11251,156
2020-11-19,Stanislaus,099,539301,20935,19736,1269,21005,433
2020-11-19,Sutter,101,95872,3006,2509,9,2518,13
2020-11-19,Tehama,103,63373,1569,1373,11,1384,9
2020-11-19,Trinity,105,12862,186,97,12,109,0
2020-11-19,Tulare,107,460477,20558,19384,1148,20532,304
2020-11-19,Tuolumne,109,53932,905,602,2,604,7
2020-11-19,Ventura,111,848112,18770,17300,581,17881,174
2020-11-19,Yolo,113,214977,4566,3973,14,3987,72
2020-11-19,Yuba,115,75493,1815,1568,8,1576,10
2020-11-18,Alameda,001,1643700,28384,26610,301,26911,440
2020-11-18,Alpine,003,1148,43,16,0,16,0
2020-11-18,Amador,005,37829,476,430,1,431,16
2020-11-18,Butte,007,227075,3850,3537,161,3698,59
2020-11-18,Calaveras,009,45235,434,409,0,409,21
2020-11-18,Colusa,011,21464,673,611,2,613,6
2020-11-18,Contra Costa,013,1133247,23042,21685,138,21823,258
2020-11-18,Del Norte,015,27424,280,240,0,240,2
2020-11-18,El Dorado,017,186661,2169,1799,17,1816,4
2020-11-18,Fresno,019,978130,39615,34997,1075,36072,474
2020-11-18,Glenn,021,27897,884,803,27,830,4
2020-11-18,Humboldt,023,135768,822,690,1,691,9
2020-11-18,Imperial,025,180216,15450,14428,26,14454,348
2020-11-18,Inyo,027,18085,286,262,1,263,15
2020-11-18,Kern,029,883053,38868,36537,942,37479,456
2020-11-18,Kings,031,150075,10475,9696,125,9821,85
2020-11-18,Lake,033,64148,892,802,0,802,18
2020-11-18,Lassen,035,31185,1557,1124,3,1127,0
2020-11-18,Los Angeles,037,10098052,366211,344675,5113,349788,7338
2020-11-18,Madera,039,155013,5994,5519,107,5626,54
2020-11-18,Marin,041,260295,7596,7435,24,7459,134
2020-11-18,Mariposa,043,17540,107,88,0,88,2
2020-11-18,Mendocino,045,87422,1367,1237,3,1240,23
2020-11-18,Merced,047,269075,11177,10536,92,10628,166
2020-11-18,Modoc,049,8938,94,77,18,95,0
2020-11-18,Mono,051,14174,484,468,8,476,2
2020-11-18,Monterey,053,433212,14367,13340,216,13556,108
2020-11-18,Napa,055,140530,2968,2607,14,2621,17
2020-11-18,Nevada,057,99092,1139,933,25,958,9
2020-11-18,Orange,059,3164182,73034,66381,2204,68585,1521
2020-11-18,Placer,061,380077,6331,5543,101,5644,64
2020-11-18,Plumas,063,18699,183,143,0,143,0
2020-11-18,Riverside,065,2383286,83867,77739,1345,79084,1387
2020-11-18,Sacramento,067,1510023,34411,31816,73,31889,541
2020-11-18,San Benito,069,59416,1727,1632,11,1643,15
2020-11-18,San Bernardino,071,2135413,86620,77400,976,78376,1206
2020-11-18,San Diego,073,3302833,74377,67243,2516,69759,945
2020-11-18,San Francisco,075,870044,14756,14057,85,14142,153
2020-11-18,San Joaquin,077,732212,25299,24146,436,24582,517
2020-11-18,San Luis Obispo,079,281455,5895,5322,89,5411,34
2020-11-18,San Mateo,081,765935,13692,12631,9,12640,169
2020-11-18,Santa Barbara,083,443738,11541,10684,167,10851,136
2020-11-18,Santa Clara,085,1922200,32239,29285,50,29335,421
2020-11-18,Santa Cruz,087,273765,4134,3618,45,3663,25
2020-11-18,Shasta,089,179085,4723,3547,121,3668,42
2020-11-18,Sierra,091,2930,17,11,0,11,0
2020-11-18,Siskiyou,093,43540,501,351,27,378,0
2020-11-18,Solano,095,438530,9763,8994,52,9046,84
2020-11-18,Sonoma,097,501317,11696,11129,43,11172,155
2020-11-18,Stanislaus,099,539301,20692,19609,1244,20853,431
2020-11-18,Sutter,101,95872,2888,2442,9,2451,13
2020-11-18,Tehama,103,63373,1530,1338,11,1349,8
2020-11-18,Trinity,105,12862,175,95,12,107,0
2020-11-18,Tulare,107,460477,20352,19286,1093,20379,306
2020-11-18,Tuolumne,109,53932,869,590,2,592,7
2020-11-18,Ventura,111,848112,18445,17169,566,17735,173
2020-11-18,Yolo,113,214977,4492,3929,14,3943,71
2020-11-18,Yuba,115,75493,1761,1540,8,1548,10
2020-11-17,Alameda,001,1643700,28060,26425,291,26716,439
2020-11-17,Alpine,003,1148,41,12,0,12,0
2020-11-17,Amador,005,37829,465,423,1,424,16
2020-11-17,Butte,007,227075,3808,3500,151,3651,59
2020-11-17,Calaveras,009,45235,419,405,0,405,21
2020-11-17,Colusa,011,21464,662,606,1,607,6
2020-11-17,Contra Costa,013,1133247,22769,21557,133,21690,256
2020-11-17,Del Norte,015,27424,275,233,0,233,2
2020-11-17,El Dorado,017,186661,2110,1758,17,1775,4
2020-11-17,Fresno,019,978130,39019,34765,1015,35780,472
2020-11-17,Glenn,021,27897,873,795,26,821,4
2020-11-17,Humboldt,023,135768,800,685,1,686,9
2020-11-17,Imperial,025,180216,15214,14204,25,14229,346
2020-11-17,Inyo,027,18085,285,263,1,264,15
2020-11-17,Kern,029,883053,38418,36164,888,37052,455
2020-11-17,Kings,031,150075,10402,9653,118,9771,85
2020-11-17,Lake,033,64148,872,792,0,792,18
2020-11-17,Lassen,035,31185,1478,1124,3,1127,0
2020-11-17,Los Angeles,037,10098052,361274,340933,4945,345878,7302
2020-11-17,Madera,039,155013,5905,5485,100,5585,54
2020-11-17,Marin,041,260295,7564,7404,23,7427,134
2020-11-17,Mariposa,043,17540,104,87,0,87,2
2020-11-17,Mendocino,045,87422,1346,1216,3,1219,23
2020-11-17,Merced,047,269075,11033,10457,86,10543,162
2020-11-17,Modoc,049,8938,88,71,17,88,0
2020-11-17,Mono,051,14174,479,459,8,467,2
2020-11-17,Monterey,053,433212,14139,13220,206,13426,108
2020-11-17,Napa,055,140530,2914,2568,14,2582,17
2020-11-17,Nevada,057,99092,1098,918,24,942,9
2020-11-17,Orange,059,3164182,71887,65757,2173,67930,1519
2020-11-17,Placer,061,380077,6169,5435,95,5530,63
2020-11-17,Plumas,063,18699,175,142,0,142,0
2020-11-17,Riverside,065,2383286,82490,77079,1252,78331,1379
2020-11-17,Sacramento,067,1510023,33811,31341,69,31410,538
2020-11-17,San Benito,069,59416,1712,1611,4,1615,15
2020-11-17,San Bernardino,071,2135413,84809,76134,884,77018,1188
2020-11-17,San Diego,073,3302833,73125,66321,2460,68781,933
2020-11-17,San Francisco,075,870044,14590,13952,84,14036,153
2020-11-17,San Joaquin,077,732212,25027,23997,417,24414,516
2020-11-17,San Luis Obispo,079,281455,5800,5235,89,5324,34
2020-11-17,San Mateo,081,765935,13530,12491,8,12499,169
2020-11-17,Santa Barbara,083,443738,11454,10597,161,10758,136
2020-11-17,Santa Clara,085,1922200,31691,29013,49,29062,419
2020-11-17,Santa Cruz,087,273765,4050,3548,42,3590,25
2020-11-17,Shasta,089,179085,4563,3457,108,3565,40
2020-11-17,Sierra,091,2930,15,11,0,11,0
2020-11-17,Siskiyou,093,43540,453,333,26,359,0
2020-11-17,Solano,095,438530,9618,8905,51,8956,84
2020-11-17,Sonoma,097,501317,11562,11084,41,11125,155
2020-11-17,Stanislaus,099,539301,20469,19466,1215,20681,425
2020-11-17,Sutter,101,95872,2805,2370,8,2378,12
2020-11-17,Tehama,103,63373,1480,1290,11,1301,7
2020-11-17,Trinity,105,12862,160,83,12,95,0
2020-11-17,Tulare,107,460477,20134,19176,1027,20203,305
2020-11-17,Tuolumne,109,53932,831,568,2,570,7
2020-11-17,Ventura,111,848112,18172,16797,547,17344,173
2020-11-17,Yolo,113,214977,4315,3887,13,3900,70
2020-11-17,Yuba,115,75493,1713,1519,8,1527,10
2020-11-16,Alameda,001,1643700,27713,26063,286,26349,436
2020-11-16,Alpine,003,1148,38,12,0,12,0
2020-11-16,Amador,005,37829,457,414,1,415,16
2020-11-16,Butte,007,227075,3769,3490,142,3632,58
2020-11-16,Calaveras,009,45235,412,402,0,402,21
2020-11-16,Colusa,011,21464,653,601,1,602,6
2020-11-16,Contra Costa,013,1133247,22502,21386,128,21514,256
2020-11-16,Del Norte,015,27424,268,225,0,225,2
2020-11-16,El Dorado,017,186661,2049,1694,15,1709,4
2020-11-16,Fresno,019,978130,38534,34593,958,35551,471
2020-11-16,Glenn,021,27897,861,786,25,811,4
2020-11-16,Humboldt,023,135768,782,660,1,661,9
2020-11-16,Imperial,025,180216,14967,14111,25,14136,346
2020-11-16,Inyo,027,18085,282,263,1,264,15
2020-11-16,Kern,029,883053,38026,36049,844,36893,455
2020-11-16,Kings,031,150075,10136,9569,114,9683,85
2020-11-16,Lake,033,64148,860,784,0,784,18
2020-11-16,Lassen,035,31185,1297,1124,3,1127,0
2020-11-16,Los Angeles,037,10098052,356547,338778,4754,343532,7277
2020-11-16,Madera,039,155013,5819,5433,93,5526,54
2020-11-16,Marin,041,260295,7535,7359,23,7382,134
2020-11-16,Mariposa,043,17540,101,86,0,86,2
2020-11-16,Mendocino,045,87422,1321,1209,3,1212,23
2020-11-16,Merced,047,269075,10895,10399,82,10481,162
2020-11-16,Modoc,049,8938,86,71,17,88,0
2020-11-16,Mono,051,14174,477,453,8,461,2
2020-11-16,Monterey,053,433212,13896,13089,193,13282,107
2020-11-16,Napa,055,140530,2838,2536,14,2550,17
2020-11-16,Nevada,057,99092,1055,889,22,911,9
2020-11-16,Orange,059,3164182,70790,65396,2158,67554,1519
2020-11-16,Placer,061,380077,6049,5387,86,5473,63
2020-11-16,Plumas,063,18699,168,127,0,127,0
2020-11-16,Riverside,065,2383286,81122,76449,1184,77633,1379
2020-11-16,Sacramento,067,1510023,33173,30954,62,31016,534
2020-11-16,San Benito,069,59416,1694,1603,3,1606,15
2020-11-16,San Bernardino,071,2135413,82985,74401,812,75213,1186
2020-11-16,San Diego,073,3302833,71817,65603,2388,67991,926
2020-11-16,San Francisco,075,870044,14431,13847,81,13928,153
2020-11-16,San Joaquin,077,732212,24740,23515,407,23922,513
2020-11-16,San Luis Obispo,079,281455,5696,5161,84,5245,34
2020-11-16,San Mateo,081,765935,13370,12398,8,12406,169
2020-11-16,Santa Barbara,083,443738,11390,10565,157,10722,135
2020-11-16,Santa Clara,085,1922200,31124,28673,47,28720,419
2020-11-16,Santa Cruz,087,273765,3977,3520,42,3562,25
2020-11-16,Shasta,089,179085,4413,3284,103,3387,37
2020-11-16,Sierra,091,2930,15,11,0,11,0
2020-11-16,Siskiyou,093,43540,426,294,26,320,0
2020-11-16,Solano,095,438530,9420,8827,51,8878,84
2020-11-16,Sonoma,097,501317,11471,10961,40,11001,155
2020-11-16,Stanislaus,099,539301,20233,19333,1187,20520,425
2020-11-16,Sutter,101,95872,2698,2322,8,2330,12
2020-11-16,Tehama,103,63373,1435,1261,7,1268,7
2020-11-16,Trinity,105,12862,152,67,12,79,0
2020-11-16,Tulare,107,460477,19958,18891,970,19861,305
2020-11-16,Tuolumne,109,53932,795,543,2,545,7
2020-11-16,Ventura,111,848112,17834,16691,539,17230,172
2020-11-16,Yolo,113,214977,4218,3858,13,3871,70
2020-11-16,Yuba,115,75493,1677,1500,7,1507,10
2020-11-15,Alameda,001,1643700,27393,25879,280,26159,436
2020-11-15,Alpine,003,1148,36,12,0,12,0
2020-11-15,Amador,005,37829,445,409,1,410,16
2020-11-15,Butte,007,227075,3716,3452,132,3584,58
2020-11-15,Calaveras,009,45235,399,386,0,386,21
2020-11-15,Colusa,011,21464,644,601,1,602,6
2020-11-15,Contra Costa,013,1133247,22203,21179,127,21306,256
2020-11-15,Del Norte,015,27424,252,224,0,224,2
2020-11-15,El Dorado,017,186661,1987,1683,14,1697,4
2020-11-15,Fresno,019,978130,38026,34297,918,35215,471
2020-11-15,Glenn,021,27897,849,783,24,807,4
2020-11-15,Humboldt,023,135768,754,653,1,654,9
2020-11-15,Imperial,025,180216,14730,13940,25,13965,346
2020-11-15,Inyo,027,18085,272,263,1,264,15
2020-11-15,Kern,029,883053,37623,35911,807,36718,455
2020-11-15,Kings,031,150075,9943,9533,110,9643,85
2020-11-15,Lake,033,64148,851,777,0,777,17
2020-11-15,Lassen,035,31185,1250,1124,3,1127,0
2020-11-15,Los Angeles,037,10098052,351516,336035,4573,340608,7271
2020-11-15,Madera,039,155013,5722,5391,87,5478,54
2020-11-15,Marin,041,260295,7509,7347,23,7370,133
2020-11-15,Mariposa,043,17540,98,86,0,86,2
2020-11-15,Mendocino,045,87422,1302,1197,3,1200,22
2020-11-15,Merced,047,269075,10761,10350,82,10432,162
2020-11-15,Modoc,049,8938,85,68,17,85,0
2020-11-15,Mono,051,14174,475,453,8,461,2
2020-11-15,Monterey,053,433212,13699,12999,180,13179,107
2020-11-15,Napa,055,140530,2779,2509,12,2521,17
2020-11-15,Nevada,057,99092,1000,859,22,881,9
2020-11-15,Orange,059,3164182,69752,65008,2139,67147,1519
2020-11-15,Placer,061,380077,5895,5330,78,5408,63
2020-11-15,Plumas,063,18699,162,127,0,127,0
2020-11-15,Riverside,065,2383286,79803,75531,1123,76654,1374
2020-11-15,Sacramento,067,1510023,32547,30601,58,30659,534
2020-11-15,San Benito,069,59416,1669,1589,2,1591,15
2020-11-15,San Bernardino,071,2135413,80842,73769,730,74499,1185
2020-11-15,San Diego,073,3302833,70318,64770,2331,67101,926
2020-11-15,San Francisco,075,870044,14254,13757,80,13837,153
2020-11-15,San Joaquin,077,732212,24531,23516,391,23907,513
2020-11-15,San Luis Obispo,079,281455,5573,5120,81,5201,34
2020-11-15,San Mateo,081,765935,13193,12348,8,12356,169
2020-11-15,Santa Barbara,083,443738,11295,10516,155,10671,135
2020-11-15,Santa Clara,085,1922200,30670,28289,46,28335,418
2020-11-15,Santa Cruz,087,273765,3839,3439,41,3480,25
2020-11-15,Shasta,089,179085,4239,3290,94,3384,37
2020-11-15,Sierra,091,2930,15,11,0,11,0
2020-11-15,Siskiyou,093,43540,407,294,26,320,0
2020-11-15,Solano,095,438530,9259,8713,48,8761,84
2020-11-15,Sonoma,097,501317,11351,10833,39,10872,154
2020-11-15,Stanislaus,099,539301,19962,19228,1160,20388,425
2020-11-15,Sutter,101,95872,2609,2230,8,2238,12
2020-11-15,Tehama,103,63373,1384,1222,6,1228,7
2020-11-15,Trinity,105,12862,143,67,10,77,0
2020-11-15,Tulare,107,460477,19741,18891,915,19806,305
2020-11-15,Tuolumne,109,53932,754,486,2,488,7
2020-11-15,Ventura,111,848112,17560,16564,531,17095,172
2020-11-15,Yolo,113,214977,4115,3819,12,3831,67
2020-11-15,Yuba,115,75493,1636,1470,6,1476,10
2020-11-14,Alameda,001,1643700,27127,25714,277,25991,435
2020-11-14,Alpine,003,1148,36,12,0,12,0
2020-11-14,Amador,005,37829,436,404,0,404,16
2020-11-14,Butte,007,227075,3680,3434,118,3552,58
2020-11-14,Calaveras,009,45235,398,386,0,386,21
2020-11-14,Colusa,011,21464,632,601,1,602,6
2020-11-14,Contra Costa,013,1133247,22064,20975,120,21095,256
2020-11-14,Del Norte,015,27424,246,219,0,219,2
2020-11-14,El Dorado,017,186661,1943,1648,14,1662,4
2020-11-14,Fresno,019,978130,37776,33969,883,34852,471
2020-11-14,Glenn,021,27897,840,772,21,793,3
2020-11-14,Humboldt,023,135768,739,643,1,644,9
2020-11-14,Imperial,025,180216,14637,13932,24,13956,346
2020-11-14,Inyo,027,18085,271,263,1,264,15
2020-11-14,Kern,029,883053,37413,35626,788,36414,454
2020-11-14,Kings,031,150075,9908,9490,107,9597,85
2020-11-14,Lake,033,64148,842,773,0,773,17
2020-11-14,Lassen,035,31185,1236,833,3,836,0
2020-11-14,Los Angeles,037,10098052,348816,333021,4459,337480,7269
2020-11-14,Madera,039,155013,5692,5371,85,5456,54
2020-11-14,Marin,041,260295,7493,7325,23,7348,133
2020-11-14,Mariposa,043,17540,97,86,0,86,2
2020-11-14,Mendocino,045,87422,1286,1181,3,1184,22
2020-11-14,Merced,047,269075,10705,10286,80,10366,161
2020-11-14,Modoc,049,8938,84,64,16,80,0
2020-11-14,Mono,051,14174,475,453,8,461,2
2020-11-14,Monterey,053,433212,13603,12854,170,13024,105
2020-11-14,Napa,055,140530,2745,2473,12,2485,17
2020-11-14,Nevada,057,99092,984,835,22,857,9
2020-11-14,Orange,059,3164182,69132,64340,2126,66466,1517
2020-11-14,Placer,061,380077,5819,5215,72,5287,63
2020-11-14,Plumas,063,18699,157,128,0,128,0
2020-11-14,Riverside,065,2383286,79065,74910,1082,75992,1373
2020-11-14,Sacramento,067,1510023,32222,30298,57,30355,532
2020-11-14,San Benito,069,59416,1654,1573,2,1575,15
2020-11-14,San Bernardino,071,2135413,79910,72868,697,73565,1184
2020-11-14,San Diego,073,3302833,69553,63715,2279,65994,926
2020-11-14,San Francisco,075,870044,14167,13661,79,13740,153
2020-11-14,San Joaquin,077,732212,24440,23516,383,23899,511
2020-11-14,San Luis Obispo,079,281455,5510,5073,75,5148,34
2020-11-14,San Mateo,081,765935,13085,12293,8,12301,169
2020-11-14,Santa Barbara,083,443738,11241,10482,153,10635,135
2020-11-14,Santa Clara,085,1922200,30385,27962,44,28006,416
2020-11-14,Santa Cruz,087,273765,3784,3402,41,3443,25
2020-11-14,Shasta,089,179085,4154,3195,92,3287,37
2020-11-14,Sierra,091,2930,15,11,0,11,0
2020-11-14,Siskiyou,093,43540,394,292,26,318,0
2020-11-14,Solano,095,438530,9179,8655,47,8702,84
2020-11-14,Sonoma,097,501317,11298,10769,39,10808,154
2020-11-14,Stanislaus,099,539301,19820,19068,1138,20206,424
2020-11-14,Sutter,101,95872,2565,2182,8,2190,12
2020-11-14,Tehama,103,63373,1363,1206,5,1211,7
2020-11-14,Trinity,105,12862,138,67,10,77,0
2020-11-14,Tulare,107,460477,19647,18853,886,19739,305
2020-11-14,Tuolumne,109,53932,726,448,2,450,7
2020-11-14,Ventura,111,848112,17415,16297,519,16816,172
2020-11-14,Yolo,113,214977,4073,3765,10,3775,65
2020-11-14,Yuba,115,75493,1607,1453,6,1459,10
2020-11-13,Alameda,001,1643700,26911,25515,272,25787,434
2020-11-13,Alpine,003,1148,36,12,0,12,0
2020-11-13,Amador,005,37829,433,397,0,397,16
2020-11-13,Butte,007,227075,3656,3402,109,3511,58
2020-11-13,Calaveras,009,45235,394,378,0,378,21
2020-11-13,Colusa,011,21464,624,598,1,599,6
2020-11-13,Contra Costa,013,1133247,21892,20799,120,20919,256
2020-11-13,Del Norte,015,27424,244,208,0,208,2
2020-11-13,El Dorado,017,186661,1898,1611,13,1624,4
2020-11-13,Fresno,019,978130,37529,33693,869,34562,470
2020-11-13,Glenn,021,27897,826,755,17,772,3
2020-11-13,Humboldt,023,135768,724,638,1,639,9
2020-11-13,Imperial,025,180216,14567,13790,23,13813,341
2020-11-13,Inyo,027,18085,270,262,1,263,15
2020-11-13,Kern,029,883053,37212,35431,771,36202,453
2020-11-13,Kings,031,150075,9849,9428,106,9534,85
2020-11-13,Lake,033,64148,836,770,0,770,17
2020-11-13,Lassen,035,31185,1227,832,3,835,0
2020-11-13,Los Angeles,037,10098052,345698,329364,4345,333709,7248
2020-11-13,Madera,039,155013,5652,5340,84,5424,54
2020-11-13,Marin,041,260295,7480,7307,22,7329,133
2020-11-13,Mariposa,043,17540,95,86,0,86,2
2020-11-13,Mendocino,045,87422,1274,1173,3,1176,22
2020-11-13,Merced,047,269075,10650,10185,77,10262,159
2020-11-13,Modoc,049,8938,84,63,14,77,0
2020-11-13,Mono,051,14174,475,448,7,455,2
2020-11-13,Monterey,053,433212,13408,12681,158,12839,104
2020-11-13,Napa,055,140530,2706,2440,12,2452,17
2020-11-13,Nevada,057,99092,965,798,22,820,9
2020-11-13,Orange,059,3164182,68532,63804,2106,65910,1514
2020-11-13,Placer,061,380077,5714,5122,66,5188,63
2020-11-13,Plumas,063,18699,151,125,0,125,0
2020-11-13,Riverside,065,2383286,78328,74138,1053,75191,1372
2020-11-13,Sacramento,067,1510023,31904,29787,52,29839,524
2020-11-13,San Benito,069,59416,1642,1553,1,1554,15
2020-11-13,San Bernardino,071,2135413,78864,71895,675,72570,1184
2020-11-13,San Diego,073,3302833,68706,62978,2241,65219,921
2020-11-13,San Francisco,075,870044,14074,13516,77,13593,146
2020-11-13,San Joaquin,077,732212,24345,23314,376,23690,510
2020-11-13,San Luis Obispo,079,281455,5443,4960,72,5032,34
2020-11-13,San Mateo,081,765935,12992,12182,8,12190,169
2020-11-13,Santa Barbara,083,443738,11189,10405,151,10556,134
2020-11-13,Santa Clara,085,1922200,30058,27609,42,27651,415
2020-11-13,Santa Cruz,087,273765,3711,3343,41,3384,25
2020-11-13,Shasta,089,179085,4069,2983,88,3071,37
2020-11-13,Sierra,091,2930,15,11,0,11,0
2020-11-13,Siskiyou,093,43540,389,280,25,305,0
2020-11-13,Solano,095,438530,9088,8525,47,8572,84
2020-11-13,Sonoma,097,501317,11237,10685,37,10722,151
2020-11-13,Stanislaus,099,539301,19697,18936,1108,20044,422
2020-11-13,Sutter,101,95872,2519,2121,7,2128,12
2020-11-13,Tehama,103,63373,1335,1167,5,1172,7
2020-11-13,Trinity,105,12862,136,64,10,74,0
2020-11-13,Tulare,107,460477,19525,18714,843,19557,305
2020-11-13,Tuolumne,109,53932,693,427,2,429,7
2020-11-13,Ventura,111,848112,17270,16172,504,16676,171
2020-11-13,Yolo,113,214977,4022,3716,10,3726,65
2020-11-13,Yuba,115,75493,1580,1435,6,1441,10
2020-11-12,Alameda,001,1643700,26644,25345,272,25617,432
2020-11-12,Alpine,003,1148,35,12,0,12,0
2020-11-12,Amador,005,37829,432,392,0,392,16
2020-11-12,Butte,007,227075,3607,3347,106,3453,58
2020-11-12,Calaveras,009,45235,389,373,0,373,21
2020-11-12,Colusa,011,21464,619,591,1,592,6
2020-11-12,Contra Costa,013,1133247,21684,20619,118,20737,255
2020-11-12,Del Norte,015,27424,237,203,0,203,2
2020-11-12,El Dorado,017,186661,1852,1573,9,1582,4
2020-11-12,Fresno,019,978130,37184,33459,826,34285,468
2020-11-12,Glenn,021,27897,807,727,17,744,3
2020-11-12,Humboldt,023,135768,711,625,1,626,9
2020-11-12,Imperial,025,180216,14402,13619,23,13642,341
2020-11-12,Inyo,027,18085,269,255,1,256,15
2020-11-12,Kern,029,883053,36948,35207,754,35961,451
2020-11-12,Kings,031,150075,9783,9335,104,9439,85
2020-11-12,Lake,033,64148,827,764,0,764,17
2020-11-12,Lassen,035,31185,1158,832,2,834,0
2020-11-12,Los Angeles,037,10098052,341962,327001,4242,331243,7223
2020-11-12,Madera,039,155013,5617,5273,79,5352,54
2020-11-12,Marin,041,260295,7451,7268,22,7290,133
2020-11-12,Mariposa,043,17540,93,84,0,84,2
2020-11-12,Mendocino,045,87422,1255,1142,3,1145,22
2020-11-12,Merced,047,269075,10536,10107,74,10181,158
2020-11-12,Modoc,049,8938,84,63,14,77,0
2020-11-12,Mono,051,14174,474,442,7,449,2
2020-11-12,Monterey,053,433212,13287,12489,144,12633,100
2020-11-12,Napa,055,140530,2644,2398,12,2410,16
2020-11-12,Nevada,057,99092,942,780,21,801,9
2020-11-12,Orange,059,3164182,67787,63232,2086,65318,1514
2020-11-12,Placer,061,380077,5604,5044,56,5100,62
2020-11-12,Plumas,063,18699,147,121,0,121,0
2020-11-12,Riverside,065,2383286,77402,73381,1008,74389,1362
2020-11-12,Sacramento,067,1510023,31413,29459,45,29504,520
2020-11-12,San Benito,069,59416,1622,1525,1,1526,15
2020-11-12,San Bernardino,071,2135413,77499,70758,636,71394,1183
2020-11-12,San Diego,073,3302833,67727,62336,2190,64526,918
2020-11-12,San Francisco,075,870044,13975,13289,76,13365,146
2020-11-12,San Joaquin,077,732212,24151,23002,355,23357,509
2020-11-12,San Luis Obispo,079,281455,5379,4898,71,4969,33
2020-11-12,San Mateo,081,765935,12869,12086,7,12093,169
2020-11-12,Santa Barbara,083,443738,11127,10325,145,10470,134
2020-11-12,Santa Clara,085,1922200,29683,27261,41,27302,414
2020-11-12,Santa Cruz,087,273765,3628,3317,39,3356,25
2020-11-12,Shasta,089,179085,3931,2825,77,2902,37
2020-11-12,Sierra,091,2930,15,11,0,11,0
2020-11-12,Siskiyou,093,43540,372,275,20,295,0
2020-11-12,Solano,095,438530,8988,8417,46,8463,85
2020-11-12,Sonoma,097,501317,11135,10602,36,10638,151
2020-11-12,Stanislaus,099,539301,19531,18787,1077,19864,422
2020-11-12,Sutter,101,95872,2435,2075,7,2082,12
2020-11-12,Tehama,103,63373,1308,1117,5,1122,7
2020-11-12,Trinity,105,12862,129,62,10,72,0
2020-11-12,Tulare,107,460477,19413,18545,806,19351,305
2020-11-12,Tuolumne,109,53932,654,353,2,355,7
2020-11-12,Ventura,111,848112,17021,16013,497,16510,158
2020-11-12,Yolo,113,214977,3978,3646,10,3656,63
2020-11-12,Yuba,115,75493,1545,1410,6,1416,10
2020-11-11,Alameda,001,1643700,26402,25140,270,25410,429
2020-11-11,Alpine,003,1148,30,12,0,12,0
2020-11-11,Amador,005,37829,425,389,0,389,16
2020-11-11,Butte,007,227075,3582,3348,92,3440,58
2020-11-11,Calaveras,009,45235,379,373,0,373,21
2020-11-11,Colusa,011,21464,613,591,1,592,6
2020-11-11,Contra Costa,013,1133247,21465,20452,116,20568,255
2020-11-11,Del Norte,015,27424,230,203,0,203,2
2020-11-11,El Dorado,017,186661,1806,1564,8,1572,4
2020-11-11,Fresno,019,978130,36865,33287,792,34079,468
2020-11-11,Glenn,021,27897,791,722,16,738,3
2020-11-11,Humboldt,023,135768,697,623,1,624,9
2020-11-11,Imperial,025,180216,14231,13623,21,13644,340
2020-11-11,Inyo,027,18085,267,255,1,256,15
2020-11-11,Kern,029,883053,36675,35014,736,35750,449
2020-11-11,Kings,031,150075,9677,9263,101,9364,85
2020-11-11,Lake,033,64148,817,763,0,763,17
2020-11-11,Lassen,035,31185,1133,831,2,833,0
2020-11-11,Los Angeles,037,10098052,338606,324567,4149,328716,7220
2020-11-11,Madera,039,155013,5583,5248,76,5324,54
2020-11-11,Marin,041,260295,7428,7268,22,7290,133
2020-11-11,Mariposa,043,17540,93,84,0,84,2
2020-11-11,Mendocino,045,87422,1243,1142,3,1145,22
2020-11-11,Merced,047,269075,10465,10074,72,10146,157
2020-11-11,Modoc,049,8938,80,62,13,75,0
2020-11-11,Mono,051,14174,472,443,7,450,2
2020-11-11,Monterey,053,433212,13145,12417,140,12557,100
2020-11-11,Napa,055,140530,2595,2365,9,2374,15
2020-11-11,Nevada,057,99092,900,741,21,762,9
2020-11-11,Orange,059,3164182,67150,62929,2063,64992,1506
2020-11-11,Placer,061,380077,5521,4981,48,5029,60
2020-11-11,Plumas,063,18699,145,111,0,111,0
2020-11-11,Riverside,065,2383286,76501,72953,959,73912,1361
2020-11-11,Sacramento,067,1510023,30956,28968,43,29011,520
2020-11-11,San Benito,069,59416,1608,1512,1,1513,15
2020-11-11,San Bernardino,071,2135413,76215,70374,607,70981,1182
2020-11-11,San Diego,073,3302833,66792,61746,2129,63875,918
2020-11-11,San Francisco,075,870044,13867,13287,74,13361,146
2020-11-11,San Joaquin,077,732212,23992,23001,349,23350,509
2020-11-11,San Luis Obispo,079,281455,5304,4832,68,4900,33
2020-11-11,San Mateo,081,765935,12754,12008,7,12015,169
2020-11-11,Santa Barbara,083,443738,11062,10278,145,10423,134
2020-11-11,Santa Clara,085,1922200,29329,27075,40,27115,413
2020-11-11,Santa Cruz,087,273765,3560,3247,39,3286,25
2020-11-11,Shasta,089,179085,3808,2766,67,2833,36
2020-11-11,Sierra,091,2930,13,11,0,11,0
2020-11-11,Siskiyou,093,43540,341,261,17,278,0
2020-11-11,Solano,095,438530,8871,8353,43,8396,85
2020-11-11,Sonoma,097,501317,11061,10498,36,10534,150
2020-11-11,Stanislaus,099,539301,19394,18671,1045,19716,422
2020-11-11,Sutter,101,95872,2387,2049,6,2055,12
2020-11-11,Tehama,103,63373,1266,1105,4,1109,7
2020-11-11,Trinity,105,12862,120,62,10,72,0
2020-11-11,Tulare,107,460477,19283,18500,775,19275,305
2020-11-11,Tuolumne,109,53932,598,354,2,356,7
2020-11-11,Ventura,111,848112,16806,15801,483,16284,158
2020-11-11,Yolo,113,214977,3927,3606,10,3616,63
2020-11-11,Yuba,115,75493,1530,1400,6,1406,10
2020-11-10,Alameda,001,1643700,26172,25008,267,25275,424
2020-11-10,Alpine,003,1148,30,9,0,9,0
2020-11-10,Amador,005,37829,419,384,0,384,16
2020-11-10,Butte,007,227075,3546,3327,88,3415,58
2020-11-10,Calaveras,009,45235,374,367,0,367,21
2020-11-10,Colusa,011,21464,606,590,1,591,6
2020-11-10,Contra Costa,013,1133247,21259,20326,113,20439,255
2020-11-10,Del Norte,015,27424,224,196,0,196,2
2020-11-10,El Dorado,017,186661,1745,1551,8,1559,4
2020-11-10,Fresno,019,978130,36597,33024,754,33778,465
2020-11-10,Glenn,021,27897,783,719,12,731,3
2020-11-10,Humboldt,023,135768,680,610,1,611,9
2020-11-10,Imperial,025,180216,14101,13570,21,13591,338
2020-11-10,Inyo,027,18085,266,252,1,253,14
2020-11-10,Kern,029,883053,36398,34858,717,35575,448
2020-11-10,Kings,031,150075,9630,9236,94,9330,85
2020-11-10,Lake,033,64148,807,762,0,762,16
2020-11-10,Lassen,035,31185,1118,830,2,832,0
2020-11-10,Los Angeles,037,10098052,335361,322569,4029,326598,7205
2020-11-10,Madera,039,155013,5541,5229,70,5299,54
2020-11-10,Marin,041,260295,7409,7259,22,7281,133
2020-11-10,Mariposa,043,17540,91,84,0,84,2
2020-11-10,Mendocino,045,87422,1235,1137,3,1140,22
2020-11-10,Merced,047,269075,10403,9992,66,10058,157
2020-11-10,Modoc,049,8938,78,61,13,74,0
2020-11-10,Mono,051,14174,470,443,7,450,2
2020-11-10,Monterey,053,433212,13007,12335,132,12467,100
2020-11-10,Napa,055,140530,2557,2341,7,2348,15
2020-11-10,Nevada,057,99092,884,734,21,755,9
2020-11-10,Orange,059,3164182,66601,62597,2052,64649,1504
2020-11-10,Placer,061,380077,5441,4902,47,4949,60
2020-11-10,Plumas,063,18699,141,108,0,108,0
2020-11-10,Riverside,065,2383286,75860,72316,933,73249,1359
2020-11-10,Sacramento,067,1510023,30548,28677,40,28717,519
2020-11-10,San Benito,069,59416,1593,1508,1,1509,15
2020-11-10,San Bernardino,071,2135413,75046,69666,572,70238,1182
2020-11-10,San Diego,073,3302833,65901,61085,2092,63177,915
2020-11-10,San Francisco,075,870044,13750,13210,74,13284,146
2020-11-10,San Joaquin,077,732212,23828,22865,342,23207,508
2020-11-10,San Luis Obispo,079,281455,5242,4780,64,4844,33
2020-11-10,San Mateo,081,765935,12653,11939,7,11946,169
2020-11-10,Santa Barbara,083,443738,10995,10252,141,10393,134
2020-11-10,Santa Clara,085,1922200,28988,26917,38,26955,409
2020-11-10,Santa Cruz,087,273765,3496,3221,39,3260,25
2020-11-10,Shasta,089,179085,3666,2686,59,2745,36
2020-11-10,Sierra,091,2930,12,10,0,10,0
2020-11-10,Siskiyou,093,43540,325,263,16,279,0
2020-11-10,Solano,095,438530,8773,8299,43,8342,85
2020-11-10,Sonoma,097,501317,10974,10414,36,10450,150
2020-11-10,Stanislaus,099,539301,19260,18592,1021,19613,420
2020-11-10,Sutter,101,95872,2292,2035,5,2040,12
2020-11-10,Tehama,103,63373,1240,1099,3,1102,7
2020-11-10,Trinity,105,12862,111,62,9,71,0
2020-11-10,Tulare,107,460477,19169,18430,751,19181,305
2020-11-10,Tuolumne,109,53932,550,353,2,355,7
2020-11-10,Ventura,111,848112,16623,15625,481,16106,158
2020-11-10,Yolo,113,214977,3865,3573,10,3583,63
2020-11-10,Yuba,115,75493,1507,1392,6,1398,10
2020-11-09,Alameda,001,1643700,25923,24899,263,25162,424
2020-11-09,Alpine,003,1148,28,6,0,6,0
2020-11-09,Amador,005,37829,410,380,0,380,16
2020-11-09,Butte,007,227075,3501,3301,79,3380,57
2020-11-09,Calaveras,009,45235,370,360,0,360,21
2020-11-09,Colusa,011,21464,600,583,1,584,6
2020-11-09,Contra Costa,013,1133247,21086,20193,111,20304,255
2020-11-09,Del Norte,015,27424,218,195,0,195,2
2020-11-09,El Dorado,017,186661,1704,1515,8,1523,4
2020-11-09,Fresno,019,978130,36288,32755,710,33465,465
2020-11-09,Glenn,021,27897,777,714,9,723,3
2020-11-09,Humboldt,023,135768,667,607,1,608,9
2020-11-09,Imperial,025,180216,13984,13508,20,13528,338
2020-11-09,Inyo,027,18085,266,252,1,253,14
2020-11-09,Kern,029,883053,36170,34764,678,35442,448
2020-11-09,Kings,031,150075,9560,9141,92,9233,84
2020-11-09,Lake,033,64148,798,755,0,755,16
2020-11-09,Lassen,035,31185,1022,799,2,801,0
2020-11-09,Los Angeles,037,10098052,332270,320370,3949,324319,7180
2020-11-09,Madera,039,155013,5495,5209,67,5276,54
2020-11-09,Marin,041,260295,7383,7237,21,7258,131
2020-11-09,Mariposa,043,17540,91,84,0,84,2
2020-11-09,Mendocino,045,87422,1223,1132,3,1135,22
2020-11-09,Merced,047,269075,10300,9922,63,9985,157
2020-11-09,Modoc,049,8938,74,54,12,66,0
2020-11-09,Mono,051,14174,467,352,7,359,2
2020-11-09,Monterey,053,433212,12861,12148,124,12272,98
2020-11-09,Napa,055,140530,2514,2309,7,2316,15
2020-11-09,Nevada,057,99092,847,729,20,749,9
2020-11-09,Orange,059,3164182,65961,62335,2040,64375,1501
2020-11-09,Placer,061,380077,5357,4843,35,4878,60
2020-11-09,Plumas,063,18699,134,102,0,102,0
2020-11-09,Riverside,065,2383286,75079,72059,899,72958,1346
2020-11-09,Sacramento,067,1510023,30076,28200,40,28240,516
2020-11-09,San Benito,069,59416,1584,1506,1,1507,15
2020-11-09,San Bernardino,071,2135413,73995,69015,528,69543,1182
2020-11-09,San Diego,073,3302833,65046,60572,2052,62624,908
2020-11-09,San Francisco,075,870044,13631,12984,71,13055,146
2020-11-09,San Joaquin,077,732212,23663,22512,337,22849,505
2020-11-09,San Luis Obispo,079,281455,5158,4746,61,4807,32
2020-11-09,San Mateo,081,765935,12546,11857,7,11864,169
2020-11-09,Santa Barbara,083,443738,10938,10214,135,10349,134
2020-11-09,Santa Clara,085,1922200,28593,26693,38,26731,409
2020-11-09,Santa Cruz,087,273765,3438,3194,39,3233,25
2020-11-09,Shasta,089,179085,3511,2581,50,2631,36
2020-11-09,Sierra,091,2930,10,10,0,10,0
2020-11-09,Siskiyou,093,43540,314,257,14,271,0
2020-11-09,Solano,095,438530,8657,8254,42,8296,85
2020-11-09,Sonoma,097,501317,10866,10310,36,10346,150
2020-11-09,Stanislaus,099,539301,19109,18482,1002,19484,418
2020-11-09,Sutter,101,95872,2224,2010,4,2014,12
2020-11-09,Tehama,103,63373,1204,1071,2,1073,7
2020-11-09,Trinity,105,12862,106,46,9,55,0
2020-11-09,Tulare,107,460477,19049,18272,719,18991,304
2020-11-09,Tuolumne,109,53932,496,346,2,348,7
2020-11-09,Ventura,111,848112,16421,15568,478,16046,156
2020-11-09,Yolo,113,214977,3805,3522,9,3531,62
2020-11-09,Yuba,115,75493,1474,1380,6,1386,10
2020-11-08,Alameda,001,1643700,25695,24731,263,24994,424
2020-11-08,Alpine,003,1148,25,6,0,6,0
2020-11-08,Amador,005,37829,403,376,0,376,16
2020-11-08,Butte,007,227075,3463,3285,73,3358,57
2020-11-08,Calaveras,009,45235,368,360,0,360,21
2020-11-08,Colusa,011,21464,597,583,1,584,6
2020-11-08,Contra Costa,013,1133247,20915,20031,109,20140,254
2020-11-08,Del Norte,015,27424,210,195,0,195,2
2020-11-08,El Dorado,017,186661,1666,1502,8,1510,4
2020-11-08,Fresno,019,978130,35955,32619,671,33290,465
2020-11-08,Glenn,021,27897,771,707,8,715,3
2020-11-08,Humboldt,023,135768,651,605,1,606,9
2020-11-08,Imperial,025,180216,13868,13428,20,13448,338
2020-11-08,Inyo,027,18085,262,252,1,253,14
2020-11-08,Kern,029,883053,35952,34644,660,35304,448
2020-11-08,Kings,031,150075,9427,9026,89,9115,84
2020-11-08,Lake,033,64148,790,754,0,754,16
2020-11-08,Lassen,035,31185,874,799,2,801,0
2020-11-08,Los Angeles,037,10098052,329150,318960,3875,322835,7176
2020-11-08,Madera,039,155013,5427,5196,64,5260,54
2020-11-08,Marin,041,260295,7363,7227,21,7248,131
2020-11-08,Mariposa,043,17540,91,83,0,83,2
2020-11-08,Mendocino,045,87422,1214,1129,3,1132,22
2020-11-08,Merced,047,269075,10225,9885,61,9946,157
2020-11-08,Modoc,049,8938,70,54,12,66,0
2020-11-08,Mono,051,14174,461,352,7,359,2
2020-11-08,Monterey,053,433212,12717,12122,112,12234,98
2020-11-08,Napa,055,140530,2474,2274,7,2281,15
2020-11-08,Nevada,057,99092,831,715,20,735,9
2020-11-08,Orange,059,3164182,65374,62034,2026,64060,1501
2020-11-08,Placer,061,380077,5256,4800,30,4830,60
2020-11-08,Plumas,063,18699,129,102,0,102,0
2020-11-08,Riverside,065,2383286,74427,71442,856,72298,1345
2020-11-08,Sacramento,067,1510023,29517,28059,36,28095,515
2020-11-08,San Benito,069,59416,1569,1496,1,1497,15
2020-11-08,San Bernardino,071,2135413,72753,68412,482,68894,1182
2020-11-08,San Diego,073,3302833,64201,60199,2008,62207,908
2020-11-08,San Francisco,075,870044,13500,12985,66,13051,146
2020-11-08,San Joaquin,077,732212,23471,22514,332,22846,505
2020-11-08,San Luis Obispo,079,281455,5092,4698,56,4754,32
2020-11-08,San Mateo,081,765935,12427,11783,7,11790,169
2020-11-08,Santa Barbara,083,443738,10868,10180,133,10313,134
2020-11-08,Santa Clara,085,1922200,28219,26442,37,26479,410
2020-11-08,Santa Cruz,087,273765,3381,3134,39,3173,25
2020-11-08,Shasta,089,179085,3375,2582,44,2626,36
2020-11-08,Sierra,091,2930,10,7,0,7,0
2020-11-08,Siskiyou,093,43540,302,246,13,259,0
2020-11-08,Solano,095,438530,8536,8132,41,8173,85
2020-11-08,Sonoma,097,501317,10759,10229,36,10265,149
2020-11-08,Stanislaus,099,539301,18937,18413,979,19392,418
2020-11-08,Sutter,101,95872,2167,1980,4,1984,12
2020-11-08,Tehama,103,63373,1180,1054,2,1056,7
2020-11-08,Trinity,105,12862,103,46,9,55,0
2020-11-08,Tulare,107,460477,18908,18272,686,18958,304
2020-11-08,Tuolumne,109,53932,469,341,2,343,7
2020-11-08,Ventura,111,848112,16226,15504,470,15974,156
2020-11-08,Yolo,113,214977,3742,3492,9,3501,61
2020-11-08,Yuba,115,75493,1453,1369,6,1375,10
2020-11-07,Alameda,001,1643700,25585,24578,261,24839,424
2020-11-07,Alpine,003,1148,25,6,0,6,0
2020-11-07,Amador,005,37829,400,375,0,375,16
2020-11-07,Butte,007,227075,3451,3277,68,3345,57
2020-11-07,Calaveras,009,45235,366,360,0,360,21
2020-11-07,Colusa,011,21464,597,583,1,584,6
2020-11-07,Contra Costa,013,1133247,20813,19943,108,20051,254
2020-11-07,Del Norte,015,27424,206,194,0,194,2
2020-11-07,El Dorado,017,186661,1641,1495,7,1502,4
2020-11-07,Fresno,019,978130,35802,32497,649,33146,465
2020-11-07,Glenn,021,27897,763,707,8,715,3
2020-11-07,Humboldt,023,135768,640,590,1,591,9
2020-11-07,Imperial,025,180216,13810,13388,19,13407,338
2020-11-07,Inyo,027,18085,260,252,1,253,14
2020-11-07,Kern,029,883053,35798,34513,649,35162,448
2020-11-07,Kings,031,150075,9394,9005,83,9088,84
2020-11-07,Lake,033,64148,786,751,0,751,16
2020-11-07,Lassen,035,31185,858,799,2,801,0
2020-11-07,Los Angeles,037,10098052,327649,316756,3800,320556,7174
2020-11-07,Madera,039,155013,5405,5177,62,5239,54
2020-11-07,Marin,041,260295,7352,7215,21,7236,131
2020-11-07,Mariposa,043,17540,91,81,0,81,2
2020-11-07,Mendocino,045,87422,1204,1118,3,1121,22
2020-11-07,Merced,047,269075,10193,9855,57,9912,157
2020-11-07,Modoc,049,8938,70,51,12,63,0
2020-11-07,Mono,051,14174,458,352,7,359,2
2020-11-07,Monterey,053,433212,12648,12030,108,12138,98
2020-11-07,Napa,055,140530,2444,2260,6,2266,15
2020-11-07,Nevada,057,99092,815,710,20,730,9
2020-11-07,Orange,059,3164182,65088,62038,2019,64057,1505
2020-11-07,Placer,061,380077,5194,4745,30,4775,60
2020-11-07,Plumas,063,18699,127,94,0,94,0
2020-11-07,Riverside,065,2383286,74034,71153,826,71979,1345
2020-11-07,Sacramento,067,1510023,29267,27773,36,27809,515
2020-11-07,San Benito,069,59416,1557,1489,1,1490,15
2020-11-07,San Bernardino,071,2135413,72238,67935,471,68406,1182
2020-11-07,San Diego,073,3302833,63689,59682,1976,61658,909
2020-11-07,San Francisco,075,870044,13439,12980,65,13045,146
2020-11-07,San Joaquin,077,732212,23363,22517,325,22842,505
2020-11-07,San Luis Obispo,079,281455,5043,4668,53,4721,32
2020-11-07,San Mateo,081,765935,12364,11711,7,11718,169
2020-11-07,Santa Barbara,083,443738,10826,10157,131,10288,134
2020-11-07,Santa Clara,085,1922200,28014,26244,36,26280,410
2020-11-07,Santa Cruz,087,273765,3343,3130,39,3169,25
2020-11-07,Shasta,089,179085,3306,2547,42,2589,36
2020-11-07,Sierra,091,2930,10,7,0,7,0
2020-11-07,Siskiyou,093,43540,298,241,13,254,0
2020-11-07,Solano,095,438530,8484,8066,41,8107,85
2020-11-07,Sonoma,097,501317,10713,10200,36,10236,149
2020-11-07,Stanislaus,099,539301,18829,18386,961,19347,418
2020-11-07,Sutter,101,95872,2127,1973,4,1977,12
2020-11-07,Tehama,103,63373,1156,1043,2,1045,7
2020-11-07,Trinity,105,12862,103,42,8,50,0
2020-11-07,Tulare,107,460477,18853,18229,668,18897,304
2020-11-07,Tuolumne,109,53932,458,327,2,329,7
2020-11-07,Ventura,111,848112,16166,15364,465,15829,156
2020-11-07,Yolo,113,214977,3711,3486,9,3495,61
2020-11-07,Yuba,115,75493,1438,1349,6,1355,10
2020-11-06,Alameda,001,1643700,25453,24389,259,24648,420
2020-11-06,Alpine,003,1148,25,6,0,6,0
2020-11-06,Amador,005,37829,398,369,0,369,16
2020-11-06,Butte,007,227075,3426,3254,60,3314,57
2020-11-06,Calaveras,009,45235,365,359,0,359,21
2020-11-06,Colusa,011,21464,595,580,1,581,6
2020-11-06,Contra Costa,013,1133247,20664,19744,108,19852,252
2020-11-06,Del Norte,015,27424,203,194,0,194,2
2020-11-06,El Dorado,017,186661,1615,1475,7,1482,4
2020-11-06,Fresno,019,978130,35614,32278,632,32910,460
2020-11-06,Glenn,021,27897,757,707,7,714,3
2020-11-06,Humboldt,023,135768,637,587,1,588,9
2020-11-06,Imperial,025,180216,13757,13230,19,13249,338
2020-11-06,Inyo,027,18085,258,246,1,247,14
2020-11-06,Kern,029,883053,35635,34360,630,34990,443
2020-11-06,Kings,031,150075,9371,8883,80,8963,83
2020-11-06,Lake,033,64148,785,741,0,741,16
2020-11-06,Lassen,035,31185,850,794,2,796,0
2020-11-06,Los Angeles,037,10098052,325681,314356,3744,318100,7160
2020-11-06,Madera,039,155013,5389,5136,61,5197,54
2020-11-06,Marin,041,260295,7331,7184,21,7205,131
2020-11-06,Mariposa,043,17540,90,79,0,79,2
2020-11-06,Mendocino,045,87422,1199,1113,3,1116,22
2020-11-06,Merced,047,269075,10154,9778,53,9831,157
2020-11-06,Modoc,049,8938,70,48,12,60,0
2020-11-06,Mono,051,14174,453,308,7,315,1
2020-11-06,Monterey,053,433212,12531,11914,107,12021,96
2020-11-06,Napa,055,140530,2419,2189,6,2195,15
2020-11-06,Nevada,057,99092,802,692,19,711,9
2020-11-06,Orange,059,3164182,64785,61049,2009,63058,1494
2020-11-06,Placer,061,380077,5119,4680,30,4710,60
2020-11-06,Plumas,063,18699,122,90,0,90,0
2020-11-06,Riverside,065,2383286,73587,70409,782,71191,1341
2020-11-06,Sacramento,067,1510023,28975,27489,34,27523,514
2020-11-06,San Benito,069,59416,1548,1479,1,1480,15
2020-11-06,San Bernardino,071,2135413,71643,66740,450,67190,1179
2020-11-06,San Diego,073,3302833,63166,59143,1944,61087,907
2020-11-06,San Francisco,075,870044,13370,12825,63,12888,146
2020-11-06,San Joaquin,077,732212,23277,22424,315,22739,502
2020-11-06,San Luis Obispo,079,281455,4979,4531,47,4578,32
2020-11-06,San Mateo,081,765935,12289,11587,7,11594,168
2020-11-06,Santa Barbara,083,443738,10790,10118,126,10244,133
2020-11-06,Santa Clara,085,1922200,27771,25831,36,25867,402
2020-11-06,Santa Cruz,087,273765,3306,3063,39,3102,25
2020-11-06,Shasta,089,179085,3234,2475,40,2515,35
2020-11-06,Sierra,091,2930,9,7,0,7,0
2020-11-06,Siskiyou,093,43540,285,237,12,249,0
2020-11-06,Solano,095,438530,8419,7959,41,8000,85
2020-11-06,Sonoma,097,501317,10663,10142,36,10178,149
2020-11-06,Stanislaus,099,539301,18741,18250,952,19202,417
2020-11-06,Sutter,101,95872,2100,1937,2,1939,12
2020-11-06,Tehama,103,63373,1135,1024,2,1026,6
2020-11-06,Trinity,105,12862,100,41,8,49,0
2020-11-06,Tulare,107,460477,18791,18136,641,18777,300
2020-11-06,Tuolumne,109,53932,437,316,2,318,5
2020-11-06,Ventura,111,848112,16080,15222,462,15684,154
2020-11-06,Yolo,113,214977,3682,3420,9,3429,62
2020-11-06,Yuba,115,75493,1425,1335,6,1341,10
2020-11-05,Alameda,001,1643700,25275,24270,259,24529,420
2020-11-05,Alpine,003,1148,25,6,0,6,0
2020-11-05,Amador,005,37829,395,363,0,363,16
2020-11-05,Butte,007,227075,3403,3239,54,3293,57
2020-11-05,Calaveras,009,45235,358,333,0,333,19
2020-11-05,Colusa,011,21464,591,574,1,575,6
2020-11-05,Contra Costa,013,1133247,20482,19656,106,19762,252
2020-11-05,Del Norte,015,27424,201,192,0,192,2
2020-11-05,El Dorado,017,186661,1591,1466,7,1473,4
2020-11-05,Fresno,019,978130,35377,32056,609,32665,460
2020-11-05,Glenn,021,27897,737,702,7,709,3
2020-11-05,Humboldt,023,135768,626,581,1,582,9
2020-11-05,Imperial,025,180216,13665,13178,18,13196,337
2020-11-05,Inyo,027,18085,258,247,1,248,14
2020-11-05,Kern,029,883053,35435,34232,616,34848,443
2020-11-05,Kings,031,150075,9216,8846,77,8923,83
2020-11-05,Lake,033,64148,781,739,0,739,16
2020-11-05,Lassen,035,31185,819,782,2,784,0
2020-11-05,Los Angeles,037,10098052,323329,312381,3688,316069,7146
2020-11-05,Madera,039,155013,5350,5129,58,5187,54
2020-11-05,Marin,041,260295,7309,7171,21,7192,131
2020-11-05,Mariposa,043,17540,89,79,0,79,2
2020-11-05,Mendocino,045,87422,1187,1112,3,1115,22
2020-11-05,Merced,047,269075,10095,9753,48,9801,155
2020-11-05,Modoc,049,8938,69,47,11,58,0
2020-11-05,Mono,051,14174,451,307,7,314,1
2020-11-05,Monterey,053,433212,12423,11784,103,11887,96
2020-11-05,Napa,055,140530,2392,2158,6,2164,15
2020-11-05,Nevada,057,99092,780,687,18,705,9
2020-11-05,Orange,059,3164182,64339,60740,1999,62739,1484
2020-11-05,Placer,061,380077,5052,4627,25,4652,60
2020-11-05,Plumas,063,18699,114,90,0,90,0
2020-11-05,Riverside,065,2383286,72877,70094,722,70816,1338
2020-11-05,Sacramento,067,1510023,28593,27232,33,27265,512
2020-11-05,San Benito,069,59416,1533,1477,1,1478,15
2020-11-05,San Bernardino,071,2135413,70818,66407,435,66842,1174
2020-11-05,San Diego,073,3302833,62540,58659,1918,60577,904
2020-11-05,San Francisco,075,870044,13258,12726,62,12788,146
2020-11-05,San Joaquin,077,732212,23114,22318,310,22628,502
2020-11-05,San Luis Obispo,079,281455,4911,4459,45,4504,32
2020-11-05,San Mateo,081,765935,12195,11535,7,11542,168
2020-11-05,Santa Barbara,083,443738,10745,10080,122,10202,133
2020-11-05,Santa Clara,085,1922200,27503,25651,36,25687,402
2020-11-05,Santa Cruz,087,273765,3268,3023,39,3062,25
2020-11-05,Shasta,089,179085,3144,2401,39,2440,34
2020-11-05,Sierra,091,2930,9,6,0,6,0
2020-11-05,Siskiyou,093,43540,274,228,12,240,0
2020-11-05,Solano,095,438530,8336,7842,41,7883,85
2020-11-05,Sonoma,097,501317,10551,10064,35,10099,145
2020-11-05,Stanislaus,099,539301,18627,18194,939,19133,417
2020-11-05,Sutter,101,95872,2068,1925,2,1927,12
2020-11-05,Tehama,103,63373,1113,1015,2,1017,6
2020-11-05,Trinity,105,12862,86,41,8,49,0
2020-11-05,Tulare,107,460477,18707,18049,609,18658,301
2020-11-05,Tuolumne,109,53932,408,312,2,314,5
2020-11-05,Ventura,111,848112,15914,15113,451,15564,155
2020-11-05,Yolo,113,214977,3632,3391,9,3400,61
2020-11-05,Yuba,115,75493,1407,1322,6,1328,10
2020-11-04,Alameda,001,1643700,25097,24172,257,24429,418
2020-11-04,Alpine,003,1148,21,5,0,5,0
2020-11-04,Amador,005,37829,392,362,0,362,16
2020-11-04,Butte,007,227075,3377,3218,51,3269,57
2020-11-04,Calaveras,009,45235,355,290,0,290,19
2020-11-04,Colusa,011,21464,589,571,1,572,6
2020-11-04,Contra Costa,013,1133247,20316,19472,102,19574,251
2020-11-04,Del Norte,015,27424,197,188,0,188,2
2020-11-04,El Dorado,017,186661,1576,1448,4,1452,4
2020-11-04,Fresno,019,978130,35147,31952,580,32532,457
2020-11-04,Glenn,021,27897,733,701,6,707,3
2020-11-04,Humboldt,023,135768,617,571,1,572,9
2020-11-04,Imperial,025,180216,13567,13087,18,13105,335
2020-11-04,Inyo,027,18085,257,247,1,248,14
2020-11-04,Kern,029,883053,35281,34027,604,34631,439
2020-11-04,Kings,031,150075,9182,8817,75,8892,83
2020-11-04,Lake,033,64148,774,735,0,735,16
2020-11-04,Lassen,035,31185,814,781,2,783,0
2020-11-04,Los Angeles,037,10098052,321028,310456,3599,314055,7124
2020-11-04,Madera,039,155013,5330,5083,54,5137,54
2020-11-04,Marin,041,260295,7297,7157,21,7178,131
2020-11-04,Mariposa,043,17540,89,79,0,79,2
2020-11-04,Mendocino,045,87422,1169,1089,3,1092,22
2020-11-04,Merced,047,269075,10045,9717,46,9763,153
2020-11-04,Modoc,049,8938,59,47,11,58,0
2020-11-04,Mono,051,14174,448,237,6,243,1
2020-11-04,Monterey,053,433212,12219,11743,96,11839,96
2020-11-04,Napa,055,140530,2338,2133,6,2139,15
2020-11-04,Nevada,057,99092,761,675,18,693,9
2020-11-04,Orange,059,3164182,63906,60463,1975,62438,1483
2020-11-04,Placer,061,380077,4973,4526,22,4548,60
2020-11-04,Plumas,063,18699,112,88,0,88,0
2020-11-04,Riverside,065,2383286,72262,69562,661,70223,1335
2020-11-04,Sacramento,067,1510023,28242,27005,32,27037,510
2020-11-04,San Benito,069,59416,1518,1464,1,1465,15
2020-11-04,San Bernardino,071,2135413,70023,65891,410,66301,1169
2020-11-04,San Diego,073,3302833,61895,58126,1892,60018,904
2020-11-04,San Francisco,075,870044,13174,12649,59,12708,146
2020-11-04,San Joaquin,077,732212,22977,22197,297,22494,500
2020-11-04,San Luis Obispo,079,281455,4844,4389,43,4432,32
2020-11-04,San Mateo,081,765935,12100,11456,7,11463,168
2020-11-04,Santa Barbara,083,443738,10707,10026,121,10147,132
2020-11-04,Santa Clara,085,1922200,27240,25487,36,25523,393
2020-11-04,Santa Cruz,087,273765,3231,2997,39,3036,25
2020-11-04,Shasta,089,179085,3013,2321,34,2355,34
2020-11-04,Sierra,091,2930,9,6,0,6,0
2020-11-04,Siskiyou,093,43540,265,222,12,234,0
2020-11-04,Solano,095,438530,8237,7733,41,7774,85
2020-11-04,Sonoma,097,501317,10457,9965,35,10000,142
2020-11-04,Stanislaus,099,539301,18511,18114,923,19037,416
2020-11-04,Sutter,101,95872,2034,1916,2,1918,12
2020-11-04,Tehama,103,63373,1089,997,2,999,6
2020-11-04,Trinity,105,12862,84,37,8,45,0
2020-11-04,Tulare,107,460477,18599,17952,581,18533,298
2020-11-04,Tuolumne,109,53932,386,310,2,312,5
2020-11-04,Ventura,111,848112,15774,14936,447,15383,155
2020-11-04,Yolo,113,214977,3591,3361,9,3370,62
2020-11-04,Yuba,115,75493,1386,1312,6,1318,10
2020-11-03,Alameda,001,1643700,24913,24055,255,24310,418
2020-11-03,Alpine,003,1148,20,4,0,4,0
2020-11-03,Amador,005,37829,387,361,0,361,16
2020-11-03,Butte,007,227075,3354,3211,45,3256,57
2020-11-03,Calaveras,009,45235,351,287,0,287,19
2020-11-03,Colusa,011,21464,584,572,1,573,6
2020-11-03,Contra Costa,013,1133247,20161,19416,102,19518,250
2020-11-03,Del Norte,015,27424,196,187,0,187,2
2020-11-03,El Dorado,017,186661,1554,1445,3,1448,4
2020-11-03,Fresno,019,978130,34881,31856,556,32412,457
2020-11-03,Glenn,021,27897,727,698,6,704,3
2020-11-03,Humboldt,023,135768,611,570,1,571,8
2020-11-03,Imperial,025,180216,13478,13044,17,13061,335
2020-11-03,Inyo,027,18085,256,244,1,245,14
2020-11-03,Kern,029,883053,35091,33957,592,34549,439
2020-11-03,Kings,031,150075,9019,8783,70,8853,83
2020-11-03,Lake,033,64148,764,732,0,732,16
2020-11-03,Lassen,035,31185,805,782,2,784,0
2020-11-03,Los Angeles,037,10098052,318578,308812,3524,312336,7104
2020-11-03,Madera,039,155013,5293,5058,53,5111,54
2020-11-03,Marin,041,260295,7277,7147,20,7167,131
2020-11-03,Mariposa,043,17540,88,79,0,79,2
2020-11-03,Mendocino,045,87422,1154,1084,3,1087,22
2020-11-03,Merced,047,269075,9992,9713,45,9758,153
2020-11-03,Modoc,049,8938,57,47,9,56,0
2020-11-03,Mono,051,14174,444,210,6,216,1
2020-11-03,Monterey,053,433212,12150,11703,89,11792,94
2020-11-03,Napa,055,140530,2302,2130,6,2136,15
2020-11-03,Nevada,057,99092,741,670,17,687,9
2020-11-03,Orange,059,3164182,63478,60283,1964,62247,1477
2020-11-03,Placer,061,380077,4899,4514,22,4536,60
2020-11-03,Plumas,063,18699,109,86,0,86,0
2020-11-03,Riverside,065,2383286,71646,69300,633,69933,1325
2020-11-03,Sacramento,067,1510023,27862,26841,31,26872,510
2020-11-03,San Benito,069,59416,1508,1463,1,1464,15
2020-11-03,San Bernardino,071,2135413,69215,65320,401,65721,1159
2020-11-03,San Diego,073,3302833,61219,57722,1848,59570,901
2020-11-03,San Francisco,075,870044,13051,12585,58,12643,146
2020-11-03,San Joaquin,077,732212,22843,22109,291,22400,500
2020-11-03,San Luis Obispo,079,281455,4761,4371,41,4412,32
2020-11-03,San Mateo,081,765935,12005,11406,7,11413,162
2020-11-03,Santa Barbara,083,443738,10653,10008,115,10123,132
2020-11-03,Santa Clara,085,1922200,26966,25386,35,25421,393
2020-11-03,Santa Cruz,087,273765,3181,2980,38,3018,25
2020-11-03,Shasta,089,179085,2918,2288,28,2316,33
2020-11-03,Sierra,091,2930,7,6,0,6,0
2020-11-03,Siskiyou,093,43540,261,219,11,230,0
2020-11-03,Solano,095,438530,8154,7691,41,7732,85
2020-11-03,Sonoma,097,501317,10355,9906,35,9941,142
2020-11-03,Stanislaus,099,539301,18392,18080,910,18990,416
2020-11-03,Sutter,101,95872,2001,1914,2,1916,12
2020-11-03,Tehama,103,63373,1068,988,2,990,6
2020-11-03,Trinity,105,12862,78,36,7,43,0
2020-11-03,Tulare,107,460477,18496,17890,553,18443,297
2020-11-03,Tuolumne,109,53932,363,302,2,304,5
2020-11-03,Ventura,111,848112,15647,14816,440,15256,155
2020-11-03,Yolo,113,214977,3540,3343,9,3352,61
2020-11-03,Yuba,115,75493,1373,1295,6,1301,10
2020-11-02,Alameda,001,1643700,24717,23991,252,24243,419
2020-11-02,Alpine,003,1148,17,4,0,4,0
2020-11-02,Amador,005,37829,379,357,0,357,16
2020-11-02,Butte,007,227075,3334,3198,42,3240,57
2020-11-02,Calaveras,009,45235,351,282,0,282,18
2020-11-02,Colusa,011,21464,579,571,1,572,6
2020-11-02,Contra Costa,013,1133247,20007,19339,101,19440,250
2020-11-02,Del Norte,015,27424,193,175,0,175,2
2020-11-02,El Dorado,017,186661,1530,1405,3,1408,4
2020-11-02,Fresno,019,978130,34614,31738,539,32277,451
2020-11-02,Glenn,021,27897,721,692,5,697,3
2020-11-02,Humboldt,023,135768,602,569,1,570,8
2020-11-02,Imperial,025,180216,13398,13004,16,13020,334
2020-11-02,Inyo,027,18085,253,243,1,244,14
2020-11-02,Kern,029,883053,34934,33834,582,34416,437
2020-11-02,Kings,031,150075,8989,8654,67,8721,82
2020-11-02,Lake,033,64148,758,728,0,728,17
2020-11-02,Lassen,035,31185,797,782,2,784,0
2020-11-02,Los Angeles,037,10098052,316235,307620,3443,311063,7079
2020-11-02,Madera,039,155013,5263,5033,52,5085,54
2020-11-02,Marin,041,260295,7259,7132,19,7151,125
2020-11-02,Mariposa,043,17540,88,79,0,79,2
2020-11-02,Mendocino,045,87422,1140,1076,3,1079,21
2020-11-02,Merced,047,269075,9930,9664,39,9703,152
2020-11-02,Modoc,049,8938,54,45,5,50,0
2020-11-02,Mono,051,14174,442,211,6,217,1
2020-11-02,Monterey,053,433212,12043,11602,86,11688,93
2020-11-02,Napa,055,140530,2260,2081,6,2087,15
2020-11-02,Nevada,057,99092,725,656,17,673,9
2020-11-02,Orange,059,3164182,63075,59996,1945,61941,1474
2020-11-02,Placer,061,380077,4830,4461,20,4481,60
2020-11-02,Plumas,063,18699,101,86,0,86,0
2020-11-02,Riverside,065,2383286,71015,68833,592,69425,1321
2020-11-02,Sacramento,067,1510023,27520,26676,29,26705,508
2020-11-02,San Benito,069,59416,1496,1459,1,1460,15
2020-11-02,San Bernardino,071,2135413,68360,64629,391,65020,1157
2020-11-02,San Diego,073,3302833,60496,57429,1803,59232,891
2020-11-02,San Francisco,075,870044,12954,12436,57,12493,145
2020-11-02,San Joaquin,077,732212,22704,21919,282,22201,500
2020-11-02,San Luis Obispo,079,281455,4660,4303,38,4341,31
2020-11-02,San Mateo,081,765935,11896,11328,7,11335,161
2020-11-02,Santa Barbara,083,443738,10612,9985,110,10095,130
2020-11-02,Santa Clara,085,1922200,26678,25222,35,25257,387
2020-11-02,Santa Cruz,087,273765,3139,2943,38,2981,25
2020-11-02,Shasta,089,179085,2813,2174,24,2198,33
2020-11-02,Sierra,091,2930,7,6,0,6,0
2020-11-02,Siskiyou,093,43540,251,216,11,227,0
2020-11-02,Solano,095,438530,8036,7665,41,7706,84
2020-11-02,Sonoma,097,501317,10271,9796,34,9830,140
2020-11-02,Stanislaus,099,539301,18296,18005,901,18906,412
2020-11-02,Sutter,101,95872,1977,1895,2,1897,12
2020-11-02,Tehama,103,63373,1045,971,2,973,6
2020-11-02,Trinity,105,12862,73,30,7,37,0
2020-11-02,Tulare,107,460477,18404,17774,531,18305,299
2020-11-02,Tuolumne,109,53932,343,302,2,304,5
2020-11-02,Ventura,111,848112,15512,14767,420,15187,156
2020-11-02,Yolo,113,214977,3491,3318,9,3327,61
2020-11-02,Yuba,115,75493,1360,1280,6,1286,10
2020-11-01,Alameda,001,1643700,24555,23892,250,24142,419
2020-11-01,Alpine,003,1148,11,4,0,4,0
2020-11-01,Amador,005,37829,376,352,0,352,16
2020-11-01,Butte,007,227075,3311,3185,40,3225,57
2020-11-01,Calaveras,009,45235,350,282,0,282,18
2020-11-01,Colusa,011,21464,577,567,1,568,6
2020-11-01,Contra Costa,013,1133247,19833,19246,100,19346,250
2020-11-01,Del Norte,015,27424,189,175,0,175,2
2020-11-01,El Dorado,017,186661,1514,1394,3,1397,4
2020-11-01,Fresno,019,978130,34360,31613,521,32134,451
2020-11-01,Glenn,021,27897,712,688,3,691,3
2020-11-01,Humboldt,023,135768,594,568,1,569,8
2020-11-01,Imperial,025,180216,13307,12969,14,12983,334
2020-11-01,Inyo,027,18085,251,241,1,242,14
2020-11-01,Kern,029,883053,34754,33760,474,34234,437
2020-11-01,Kings,031,150075,8951,8641,66,8707,82
2020-11-01,Lake,033,64148,752,727,0,727,17
2020-11-01,Lassen,035,31185,797,782,2,784,0
2020-11-01,Los Angeles,037,10098052,313675,306217,3344,309561,7077
2020-11-01,Madera,039,155013,5215,5019,50,5069,54
2020-11-01,Marin,041,260295,7242,7124,19,7143,125
2020-11-01,Mariposa,043,17540,84,79,0,79,2
2020-11-01,Mendocino,045,87422,1127,1074,3,1077,21
2020-11-01,Merced,047,269075,9869,9626,39,9665,152
2020-11-01,Modoc,049,8938,53,45,5,50,0
2020-11-01,Mono,051,14174,412,211,5,216,1
2020-11-01,Monterey,053,433212,11935,11587,83,11670,93
2020-11-01,Napa,055,140530,2226,2067,6,2073,15
2020-11-01,Nevada,057,99092,709,646,16,662,9
2020-11-01,Orange,059,3164182,62673,59733,1917,61650,1475
2020-11-01,Placer,061,380077,4765,4422,19,4441,58
2020-11-01,Plumas,063,18699,96,86,0,86,0
2020-11-01,Riverside,065,2383286,70386,68493,556,69049,1319
2020-11-01,Sacramento,067,1510023,27200,26442,29,26471,508
2020-11-01,San Benito,069,59416,1481,1451,1,1452,15
2020-11-01,San Bernardino,071,2135413,67519,64339,370,64709,1157
2020-11-01,San Diego,073,3302833,59808,57122,1763,58885,891
2020-11-01,San Francisco,075,870044,12832,12436,52,12488,145
2020-11-01,San Joaquin,077,732212,22576,21919,275,22194,500
2020-11-01,San Luis Obispo,079,281455,4580,4303,37,4340,31
2020-11-01,San Mateo,081,765935,11816,11280,7,11287,160
2020-11-01,Santa Barbara,083,443738,10561,9969,94,10063,130
2020-11-01,Santa Clara,085,1922200,26400,25090,35,25125,386
2020-11-01,Santa Cruz,087,273765,3086,2921,38,2959,25
2020-11-01,Shasta,089,179085,2677,2172,23,2195,33
2020-11-01,Sierra,091,2930,7,6,0,6,0
2020-11-01,Siskiyou,093,43540,246,205,11,216,0
2020-11-01,Solano,095,438530,7946,7591,41,7632,84
2020-11-01,Sonoma,097,501317,10179,9688,34,9722,140
2020-11-01,Stanislaus,099,539301,18195,17961,881,18842,412
2020-11-01,Sutter,101,95872,1951,1888,1,1889,12
2020-11-01,Tehama,103,63373,1028,965,2,967,5
2020-11-01,Trinity,105,12862,71,30,6,36,0
2020-11-01,Tulare,107,460477,18292,17774,500,18274,299
2020-11-01,Tuolumne,109,53932,321,295,2,297,5
2020-11-01,Ventura,111,848112,15366,14686,385,15071,156
2020-11-01,Yolo,113,214977,3442,3303,9,3312,60
2020-11-01,Yuba,115,75493,1343,1273,6,1279,10
2020-10-31,Alameda,001,1643700,24440,23780,246,24026,416
2020-10-31,Alpine,003,1148,11,4,0,4,0
2020-10-31,Amador,005,37829,372,347,0,347,16
2020-10-31,Butte,007,227075,3298,3172,38,3210,57
2020-10-31,Calaveras,009,45235,350,280,0,280,18
2020-10-31,Colusa,011,21464,575,555,1,556,6
2020-10-31,Contra Costa,013,1133247,19727,19161,100,19261,249
2020-10-31,Del Norte,015,27424,188,175,0,175,2
2020-10-31,El Dorado,017,186661,1505,1390,3,1393,4
2020-10-31,Fresno,019,978130,34224,31558,517,32075,451
2020-10-31,Glenn,021,27897,710,678,3,681,3
2020-10-31,Humboldt,023,135768,591,561,1,562,8
2020-10-31,Imperial,025,180216,13265,12912,14,12926,334
2020-10-31,Inyo,027,18085,250,241,1,242,14
2020-10-31,Kern,029,883053,34651,33666,464,34130,437
2020-10-31,Kings,031,150075,8930,8612,64,8676,82
2020-10-31,Lake,033,64148,748,724,0,724,16
2020-10-31,Lassen,035,31185,792,782,2,784,0
2020-10-31,Los Angeles,037,10098052,312306,304704,3299,308003,7073
2020-10-31,Madera,039,155013,5197,5013,47,5060,54
2020-10-31,Marin,041,260295,7226,7112,19,7131,125
2020-10-31,Mariposa,043,17540,84,79,0,79,2
2020-10-31,Mendocino,045,87422,1119,1066,3,1069,21
2020-10-31,Merced,047,269075,9836,9597,38,9635,151
2020-10-31,Modoc,049,8938,52,34,4,38,0
2020-10-31,Mono,051,14174,263,194,4,198,1
2020-10-31,Monterey,053,433212,11867,11539,79,11618,93
2020-10-31,Napa,055,140530,2207,2040,6,2046,15
2020-10-31,Nevada,057,99092,691,644,16,660,9
2020-10-31,Orange,059,3164182,62414,59488,1899,61387,1473
2020-10-31,Placer,061,380077,4715,4374,18,4392,58
2020-10-31,Plumas,063,18699,95,85,0,85,0
2020-10-31,Riverside,065,2383286,70030,68178,533,68711,1319
2020-10-31,Sacramento,067,1510023,27001,26316,27,26343,507
2020-10-31,San Benito,069,59416,1474,1448,1,1449,15
2020-10-31,San Bernardino,071,2135413,67094,64016,360,64376,1157
2020-10-31,San Diego,073,3302833,59355,56769,1735,58504,891
2020-10-31,San Francisco,075,870044,12758,12438,51,12489,145
2020-10-31,San Joaquin,077,732212,22501,21918,266,22184,500
2020-10-31,San Luis Obispo,079,281455,4511,4285,34,4319,31
2020-10-31,San Mateo,081,765935,11764,11253,7,11260,160
2020-10-31,Santa Barbara,083,443738,10533,9957,86,10043,130
2020-10-31,Santa Clara,085,1922200,26232,24957,35,24992,379
2020-10-31,Santa Cruz,087,273765,3051,2895,37,2932,25
2020-10-31,Shasta,089,179085,2627,2122,22,2144,33
2020-10-31,Sierra,091,2930,7,6,0,6,0
2020-10-31,Siskiyou,093,43540,244,200,11,211,0
2020-10-31,Solano,095,438530,7882,7545,41,7586,84
2020-10-31,Sonoma,097,501317,10126,9648,34,9682,140
2020-10-31,Stanislaus,099,539301,18133,17920,864,18784,412
2020-10-31,Sutter,101,95872,1942,1876,1,1877,12
2020-10-31,Tehama,103,63373,1018,953,2,955,5
2020-10-31,Trinity,105,12862,68,30,6,36,0
2020-10-31,Tulare,107,460477,18243,17758,492,18250,299
2020-10-31,Tuolumne,109,53932,315,290,2,292,5
2020-10-31,Ventura,111,848112,15283,14635,366,15001,155
2020-10-31,Yolo,113,214977,3407,3290,9,3299,60
2020-10-31,Yuba,115,75493,1327,1260,5,1265,10
2020-10-30,Alameda,001,1643700,24361,23676,243,23919,401
2020-10-30,Alpine,003,1148,11,4,0,4,0
2020-10-30,Amador,005,37829,372,344,0,344,16
2020-10-30,Butte,007,227075,3293,3160,38,3198,57
2020-10-30,Calaveras,009,45235,349,279,0,279,18
2020-10-30,Colusa,011,21464,573,554,1,555,6
2020-10-30,Contra Costa,013,1133247,19655,19074,100,19174,249
2020-10-30,Del Norte,015,27424,187,175,0,175,2
2020-10-30,El Dorado,017,186661,1492,1386,3,1389,4
2020-10-30,Fresno,019,978130,34103,31409,509,31918,446
2020-10-30,Glenn,021,27897,704,674,2,676,3
2020-10-30,Humboldt,023,135768,590,561,1,562,7
2020-10-30,Imperial,025,180216,13224,12853,14,12867,334
2020-10-30,Inyo,027,18085,249,241,1,242,14
2020-10-30,Kern,029,883053,34558,33583,463,34046,437
2020-10-30,Kings,031,150075,8920,8564,62,8626,82
2020-10-30,Lake,033,64148,748,720,0,720,16
2020-10-30,Lassen,035,31185,786,777,2,779,0
2020-10-30,Los Angeles,037,10098052,310873,303425,3260,306685,7060
2020-10-30,Madera,039,155013,5185,4991,45,5036,54
2020-10-30,Marin,041,260295,7206,7097,19,7116,125
2020-10-30,Mariposa,043,17540,84,78,0,78,2
2020-10-30,Mendocino,045,87422,1117,1062,3,1065,21
2020-10-30,Merced,047,269075,9804,9539,38,9577,150
2020-10-30,Modoc,049,8938,51,34,3,37,0
2020-10-30,Mono,051,14174,262,193,4,197,1
2020-10-30,Monterey,053,433212,11805,11491,73,11564,92
2020-10-30,Napa,055,140530,2189,2028,6,2034,15
2020-10-30,Nevada,057,99092,685,634,16,650,9
2020-10-30,Orange,059,3164182,62173,59334,1886,61220,1469
2020-10-30,Placer,061,380077,4668,4335,18,4353,58
2020-10-30,Plumas,063,18699,92,80,0,80,0
2020-10-30,Riverside,065,2383286,69689,67752,513,68265,1317
2020-10-30,Sacramento,067,1510023,26853,26147,27,26174,505
2020-10-30,San Benito,069,59416,1468,1440,1,1441,15
2020-10-30,San Bernardino,071,2135413,66678,63512,358,63870,1156
2020-10-30,San Diego,073,3302833,58950,56387,1713,58100,888
2020-10-30,San Francisco,075,870044,12703,12384,51,12435,145
2020-10-30,San Joaquin,077,732212,22435,21849,259,22108,500
2020-10-30,San Luis Obispo,079,281455,4468,4256,34,4290,31
2020-10-30,San Mateo,081,765935,11705,11207,7,11214,159
2020-10-30,Santa Barbara,083,443738,10510,9937,86,10023,128
2020-10-30,Santa Clara,085,1922200,26083,24811,35,24846,378
2020-10-30,Santa Cruz,087,273765,3033,2874,37,2911,25
2020-10-30,Shasta,089,179085,2583,2048,21,2069,32
2020-10-30,Sierra,091,2930,7,6,0,6,0
2020-10-30,Siskiyou,093,43540,244,192,11,203,0
2020-10-30,Solano,095,438530,7821,7497,41,7538,84
2020-10-30,Sonoma,097,501317,10052,9602,33,9635,140
2020-10-30,Stanislaus,099,539301,18086,17861,847,18708,410
2020-10-30,Sutter,101,95872,1929,1860,1,1861,12
2020-10-30,Tehama,103,63373,1014,932,2,934,5
2020-10-30,Trinity,105,12862,68,29,6,35,0
2020-10-30,Tulare,107,460477,18200,17682,474,18156,299
2020-10-30,Tuolumne,109,53932,308,286,2,288,4
2020-10-30,Ventura,111,848112,15212,14578,351,14929,154
2020-10-30,Yolo,113,214977,3390,3263,9,3272,60
2020-10-30,Yuba,115,75493,1319,1256,5,1261,10
2020-10-29,Alameda,001,1643700,24198,23530,242,23772,401
2020-10-29,Alpine,003,1148,8,4,0,4,0
2020-10-29,Amador,005,37829,368,338,0,338,16
2020-10-29,Butte,007,227075,3275,3143,37,3180,57
2020-10-29,Calaveras,009,45235,347,278,0,278,13
2020-10-29,Colusa,011,21464,569,552,1,553,6
2020-10-29,Contra Costa,013,1133247,19556,18933,99,19032,249
2020-10-29,Del Norte,015,27424,185,174,0,174,2
2020-10-29,El Dorado,017,186661,1470,1370,3,1373,4
2020-10-29,Fresno,019,978130,33948,31321,501,31822,445
2020-10-29,Glenn,021,27897,702,673,2,675,3
2020-10-29,Humboldt,023,135768,585,559,1,560,7
2020-10-29,Imperial,025,180216,13180,12769,14,12783,334
2020-10-29,Inyo,027,18085,247,238,1,239,14
2020-10-29,Kern,029,883053,34456,33460,458,33918,437
2020-10-29,Kings,031,150075,8766,8502,61,8563,82
2020-10-29,Lake,033,64148,745,702,0,702,16
2020-10-29,Lassen,035,31185,785,772,2,774,0
2020-10-29,Los Angeles,037,10098052,309253,302246,3207,305453,7046
2020-10-29,Madera,039,155013,5156,4970,43,5013,53
2020-10-29,Marin,041,260295,7192,7083,19,7102,125
2020-10-29,Mariposa,043,17540,82,78,0,78,2
2020-10-29,Mendocino,045,87422,1111,1058,3,1061,21
2020-10-29,Merced,047,269075,9751,9496,38,9534,150
2020-10-29,Modoc,049,8938,49,31,3,34,0
2020-10-29,Mono,051,14174,255,176,4,180,1
2020-10-29,Monterey,053,433212,11724,11425,71,11496,92
2020-10-29,Napa,055,140530,2165,2009,6,2015,15
2020-10-29,Nevada,057,99092,678,632,16,648,9
2020-10-29,Orange,059,3164182,61905,59046,1866,60912,1464
2020-10-29,Placer,061,380077,4623,4270,16,4286,58
2020-10-29,Plumas,063,18699,90,69,0,69,0
2020-10-29,Riverside,065,2383286,69312,67268,484,67752,1304
2020-10-29,Sacramento,067,1510023,26641,25978,26,26004,507
2020-10-29,San Benito,069,59416,1463,1431,1,1432,15
2020-10-29,San Bernardino,071,2135413,66110,62968,348,63316,1150
2020-10-29,San Diego,073,3302833,58486,55916,1684,57600,885
2020-10-29,San Francisco,075,870044,12624,12312,51,12363,145
2020-10-29,San Joaquin,077,732212,22352,21736,246,21982,498
2020-10-29,San Luis Obispo,079,281455,4438,4223,32,4255,31
2020-10-29,San Mateo,081,765935,11659,11145,7,11152,157
2020-10-29,Santa Barbara,083,443738,10477,9902,84,9986,128
2020-10-29,Santa Clara,085,1922200,25931,24614,35,24649,377
2020-10-29,Santa Cruz,087,273765,3008,2850,37,2887,24
2020-10-29,Shasta,089,179085,2520,2008,21,2029,32
2020-10-29,Sierra,091,2930,6,6,0,6,0
2020-10-29,Siskiyou,093,43540,228,185,11,196,0
2020-10-29,Solano,095,438530,7758,7453,41,7494,78
2020-10-29,Sonoma,097,501317,9988,9533,33,9566,140
2020-10-29,Stanislaus,099,539301,18033,17790,825,18615,410
2020-10-29,Sutter,101,95872,1921,1852,1,1853,12
2020-10-29,Tehama,103,63373,996,925,2,927,5
2020-10-29,Trinity,105,12862,63,28,6,34,0
2020-10-29,Tulare,107,460477,18123,17627,454,18081,299
2020-10-29,Tuolumne,109,53932,303,279,2,281,4
2020-10-29,Ventura,111,848112,15122,14486,346,14832,154
2020-10-29,Yolo,113,214977,3361,3246,9,3255,60
2020-10-29,Yuba,115,75493,1308,1248,5,1253,10
2020-10-28,Alameda,001,1643700,24098,23468,241,23709,400
2020-10-28,Alpine,003,1148,7,4,0,4,0
2020-10-28,Amador,005,37829,365,337,0,337,16
2020-10-28,Butte,007,227075,3259,3134,34,3168,56
2020-10-28,Calaveras,009,45235,346,278,0,278,13
2020-10-28,Colusa,011,21464,566,551,1,552,6
2020-10-28,Contra Costa,013,1133247,19469,18828,98,18926,246
2020-10-28,Del Norte,015,27424,182,173,0,173,2
2020-10-28,El Dorado,017,186661,1458,1363,3,1366,4
2020-10-28,Fresno,019,978130,33829,31195,495,31690,444
2020-10-28,Glenn,021,27897,698,673,2,675,3
2020-10-28,Humboldt,023,135768,581,559,1,560,7
2020-10-28,Imperial,025,180216,13131,12730,14,12744,333
2020-10-28,Inyo,027,18085,247,238,1,239,14
2020-10-28,Kern,029,883053,34354,33424,439,33863,436
2020-10-28,Kings,031,150075,8744,8486,60,8546,82
2020-10-28,Lake,033,64148,742,700,0,700,15
2020-10-28,Lassen,035,31185,781,771,2,773,0
2020-10-28,Los Angeles,037,10098052,307795,300726,3165,303891,7031
2020-10-28,Madera,039,155013,5140,4954,42,4996,53
2020-10-28,Marin,041,260295,7181,7079,19,7098,126
2020-10-28,Mariposa,043,17540,82,78,0,78,2
2020-10-28,Mendocino,045,87422,1110,1037,3,1040,20
2020-10-28,Merced,047,269075,9725,9480,37,9517,150
2020-10-28,Modoc,049,8938,48,31,2,33,0
2020-10-28,Mono,051,14174,237,176,4,180,1
2020-10-28,Monterey,053,433212,11666,11330,69,11399,89
2020-10-28,Napa,055,140530,2139,1998,5,2003,15
2020-10-28,Nevada,057,99092,670,629,16,645,9
2020-10-28,Orange,059,3164182,61642,58801,1849,60650,1459
2020-10-28,Placer,061,380077,4567,4236,16,4252,57
2020-10-28,Plumas,063,18699,89,67,0,67,0
2020-10-28,Riverside,065,2383286,68914,67003,460,67463,1302
2020-10-28,Sacramento,067,1510023,26445,25838,25,25863,506
2020-10-28,San Benito,069,59416,1455,1429,1,1430,15
2020-10-28,San Bernardino,071,2135413,65651,62778,340,63118,1154
2020-10-28,San Diego,073,3302833,58103,55556,1655,57211,881
2020-10-28,San Francisco,075,870044,12566,12261,50,12311,145
2020-10-28,San Joaquin,077,732212,22269,21707,234,21941,498
2020-10-28,San Luis Obispo,079,281455,4397,4197,29,4226,31
2020-10-28,San Mateo,081,765935,11595,11101,7,11108,157
2020-10-28,Santa Barbara,083,443738,10453,9872,82,9954,127
2020-10-28,Santa Clara,085,1922200,25787,24503,35,24538,375
2020-10-28,Santa Cruz,087,273765,2977,2836,37,2873,24
2020-10-28,Shasta,089,179085,2440,1996,20,2016,31
2020-10-28,Sierra,091,2930,6,6,0,6,0
2020-10-28,Siskiyou,093,43540,225,182,10,192,0
2020-10-28,Solano,095,438530,7699,7362,41,7403,77
2020-10-28,Sonoma,097,501317,9897,9457,28,9485,140
2020-10-28,Stanislaus,099,539301,17968,17765,816,18581,409
2020-10-28,Sutter,101,95872,1912,1840,1,1841,12
2020-10-28,Tehama,103,63373,985,921,2,923,5
2020-10-28,Trinity,105,12862,58,28,6,34,0
2020-10-28,Tulare,107,460477,18067,17569,436,18005,297
2020-10-28,Tuolumne,109,53932,300,277,2,279,4
2020-10-28,Ventura,111,848112,15049,14409,337,14746,153
2020-10-28,Yolo,113,214977,3337,3230,9,3239,60
2020-10-28,Yuba,115,75493,1296,1245,5,1250,10
2020-10-27,Alameda,001,1643700,23986,23365,238,23603,400
2020-10-27,Alpine,003,1148,7,3,0,3,0
2020-10-27,Amador,005,37829,362,335,0,335,16
2020-10-27,Butte,007,227075,3243,3107,31,3138,56
2020-10-27,Calaveras,009,45235,344,277,0,277,13
2020-10-27,Colusa,011,21464,561,549,1,550,6
2020-10-27,Contra Costa,013,1133247,19364,18766,98,18864,246
2020-10-27,Del Norte,015,27424,179,173,0,173,2
2020-10-27,El Dorado,017,186661,1445,1351,3,1354,4
2020-10-27,Fresno,019,978130,33712,31096,490,31586,442
2020-10-27,Glenn,021,27897,696,667,1,668,3
2020-10-27,Humboldt,023,135768,578,559,1,560,7
2020-10-27,Imperial,025,180216,13082,12680,14,12694,333
2020-10-27,Inyo,027,18085,247,231,1,232,14
2020-10-27,Kern,029,883053,34237,33328,435,33763,436
2020-10-27,Kings,031,150075,8713,8411,60,8471,83
2020-10-27,Lake,033,64148,739,700,0,700,15
2020-10-27,Lassen,035,31185,779,764,2,766,0
2020-10-27,Los Angeles,037,10098052,306415,299438,3134,302572,7008
2020-10-27,Madera,039,155013,5110,4942,41,4983,53
2020-10-27,Marin,041,260295,7165,7070,19,7089,126
2020-10-27,Mariposa,043,17540,81,78,0,78,2
2020-10-27,Mendocino,045,87422,1103,1033,2,1035,20
2020-10-27,Merced,047,269075,9685,9449,37,9486,150
2020-10-27,Modoc,049,8938,46,31,2,33,0
2020-10-27,Mono,051,14174,223,169,4,173,1
2020-10-27,Monterey,053,433212,11610,11261,67,11328,88
2020-10-27,Napa,055,140530,2123,1979,5,1984,15
2020-10-27,Nevada,057,99092,664,622,16,638,8
2020-10-27,Orange,059,3164182,61372,58550,1832,60382,1448
2020-10-27,Placer,061,380077,4519,4197,14,4211,57
2020-10-27,Plumas,063,18699,86,63,0,63,0
2020-10-27,Riverside,065,2383286,68561,66699,415,67114,1299
2020-10-27,Sacramento,067,1510023,26258,25701,24,25725,501
2020-10-27,San Benito,069,59416,1450,1428,1,1429,15
2020-10-27,San Bernardino,071,2135413,65189,62357,327,62684,1154
2020-10-27,San Diego,073,3302833,57630,55226,1632,56858,877
2020-10-27,San Francisco,075,870044,12492,12218,49,12267,140
2020-10-27,San Joaquin,077,732212,22178,21637,225,21862,496
2020-10-27,San Luis Obispo,079,281455,4370,4148,25,4173,31
2020-10-27,San Mateo,081,765935,11546,11074,7,11081,156
2020-10-27,Santa Barbara,083,443738,10424,9874,81,9955,125
2020-10-27,Santa Clara,085,1922200,25645,24368,35,24403,367
2020-10-27,Santa Cruz,087,273765,2947,2815,36,2851,24
2020-10-27,Shasta,089,179085,2353,1962,20,1982,29
2020-10-27,Sierra,091,2930,6,6,0,6,0
2020-10-27,Siskiyou,093,43540,216,181,10,191,0
2020-10-27,Solano,095,438530,7630,7298,41,7339,77
2020-10-27,Sonoma,097,501317,9830,9389,28,9417,140
2020-10-27,Stanislaus,099,539301,17901,17720,808,18528,408
2020-10-27,Sutter,101,95872,1899,1832,1,1833,12
2020-10-27,Tehama,103,63373,971,913,2,915,5
2020-10-27,Trinity,105,12862,55,28,6,34,0
2020-10-27,Tulare,107,460477,18004,17520,413,17933,296
2020-10-27,Tuolumne,109,53932,296,275,2,277,4
2020-10-27,Ventura,111,848112,14966,14347,330,14677,153
2020-10-27,Yolo,113,214977,3323,3216,9,3225,58
2020-10-27,Yuba,115,75493,1283,1235,5,1240,10
2020-10-26,Alameda,001,1643700,23874,23284,237,23521,398
2020-10-26,Alpine,003,1148,5,3,0,3,0
2020-10-26,Amador,005,37829,358,331,0,331,16
2020-10-26,Butte,007,227075,3231,3095,29,3124,56
2020-10-26,Calaveras,009,45235,340,274,0,274,13
2020-10-26,Colusa,011,21464,559,548,1,549,6
2020-10-26,Contra Costa,013,1133247,19268,18718,97,18815,245
2020-10-26,Del Norte,015,27424,179,171,0,171,2
2020-10-26,El Dorado,017,186661,1431,1336,3,1339,4
2020-10-26,Fresno,019,978130,33600,30969,483,31452,441
2020-10-26,Glenn,021,27897,689,660,1,661,3
2020-10-26,Humboldt,023,135768,570,554,1,555,7
2020-10-26,Imperial,025,180216,13028,12654,11,12665,333
2020-10-26,Inyo,027,18085,247,226,1,227,14
2020-10-26,Kern,029,883053,34153,33233,430,33663,432
2020-10-26,Kings,031,150075,8691,8264,58,8322,82
2020-10-26,Lake,033,64148,737,697,0,697,15
2020-10-26,Lassen,035,31185,776,764,2,766,0
2020-10-26,Los Angeles,037,10098052,304989,297961,3091,301052,6979
2020-10-26,Madera,039,155013,5089,4922,40,4962,53
2020-10-26,Marin,041,260295,7159,7064,18,7082,104
2020-10-26,Mariposa,043,17540,81,77,0,77,2
2020-10-26,Mendocino,045,87422,1095,1026,2,1028,20
2020-10-26,Merced,047,269075,9638,9375,36,9411,150
2020-10-26,Modoc,049,8938,44,28,0,28,0
2020-10-26,Mono,051,14174,217,167,4,171,1
2020-10-26,Monterey,053,433212,11560,11207,63,11270,87
2020-10-26,Napa,055,140530,2091,1966,5,1971,14
2020-10-26,Nevada,057,99092,657,618,16,634,8
2020-10-26,Orange,059,3164182,61169,58377,1812,60189,1442
2020-10-26,Placer,061,380077,4476,4161,13,4174,57
2020-10-26,Plumas,063,18699,84,63,0,63,0
2020-10-26,Riverside,065,2383286,68107,66475,391,66866,1294
2020-10-26,Sacramento,067,1510023,26076,25555,22,25577,496
2020-10-26,San Benito,069,59416,1442,1424,1,1425,15
2020-10-26,San Bernardino,071,2135413,64718,61871,324,62195,1153
2020-10-26,San Diego,073,3302833,57239,54957,1594,56551,870
2020-10-26,San Francisco,075,870044,12432,12072,49,12121,138
2020-10-26,San Joaquin,077,732212,22095,21459,219,21678,495
2020-10-26,San Luis Obispo,079,281455,4345,4133,25,4158,31
2020-10-26,San Mateo,081,765935,11502,11037,7,11044,156
2020-10-26,Santa Barbara,083,443738,10401,9827,81,9908,122
2020-10-26,Santa Clara,085,1922200,25455,24258,34,24292,365
2020-10-26,Santa Cruz,087,273765,2921,2808,36,2844,24
2020-10-26,Shasta,089,179085,2300,1889,20,1909,29
2020-10-26,Sierra,091,2930,6,6,0,6,0
2020-10-26,Siskiyou,093,43540,208,179,10,189,0
2020-10-26,Solano,095,438530,7550,7271,41,7312,62
2020-10-26,Sonoma,097,501317,9750,9315,28,9343,140
2020-10-26,Stanislaus,099,539301,17851,17666,798,18464,400
2020-10-26,Sutter,101,95872,1891,1817,1,1818,12
2020-10-26,Tehama,103,63373,951,892,2,894,5
2020-10-26,Trinity,105,12862,54,26,6,32,0
2020-10-26,Tulare,107,460477,17927,17432,390,17822,296
2020-10-26,Tuolumne,109,53932,287,271,2,273,4
2020-10-26,Ventura,111,848112,14896,14330,327,14657,154
2020-10-26,Yolo,113,214977,3303,3206,9,3215,58
2020-10-26,Yuba,115,75493,1267,1226,5,1231,10
2020-10-25,Alameda,001,1643700,23768,23192,237,23429,398
2020-10-25,Alpine,003,1148,4,3,0,3,0
2020-10-25,Amador,005,37829,347,330,0,330,16
2020-10-25,Butte,007,227075,3212,3087,29,3116,56
2020-10-25,Calaveras,009,45235,339,274,0,274,13
2020-10-25,Colusa,011,21464,555,548,1,549,6
2020-10-25,Contra Costa,013,1133247,19167,18640,97,18737,245
2020-10-25,Del Norte,015,27424,175,171,0,171,2
2020-10-25,El Dorado,017,186661,1416,1328,3,1331,4
2020-10-25,Fresno,019,978130,33471,30858,471,31329,441
2020-10-25,Glenn,021,27897,686,652,1,653,3
2020-10-25,Humboldt,023,135768,567,554,1,555,7
2020-10-25,Imperial,025,180216,12978,12572,11,12583,333
2020-10-25,Inyo,027,18085,244,226,1,227,14
2020-10-25,Kern,029,883053,34046,33185,426,33611,432
2020-10-25,Kings,031,150075,8658,8246,56,8302,82
2020-10-25,Lake,033,64148,720,695,0,695,15
2020-10-25,Lassen,035,31185,773,764,2,766,0
2020-10-25,Los Angeles,037,10098052,303430,297110,3051,300161,6973
2020-10-25,Madera,039,155013,5059,4909,35,4944,53
2020-10-25,Marin,041,260295,7149,7052,18,7070,102
2020-10-25,Mariposa,043,17540,81,77,0,77,2
2020-10-25,Mendocino,045,87422,1088,1024,2,1026,20
2020-10-25,Merced,047,269075,9573,9352,34,9386,150
2020-10-25,Modoc,049,8938,39,28,0,28,0
2020-10-25,Mono,051,14174,209,167,4,171,1
2020-10-25,Monterey,053,433212,11477,11182,58,11240,87
2020-10-25,Napa,055,140530,2061,1962,5,1967,14
2020-10-25,Nevada,057,99092,649,616,16,632,8
2020-10-25,Orange,059,3164182,60880,58185,1802,59987,1443
2020-10-25,Placer,061,380077,4424,4140,13,4153,57
2020-10-25,Plumas,063,18699,84,63,0,63,0
2020-10-25,Riverside,065,2383286,67655,66192,375,66567,1289
2020-10-25,Sacramento,067,1510023,25860,25445,19,25464,496
2020-10-25,San Benito,069,59416,1435,1423,1,1424,15
2020-10-25,San Bernardino,071,2135413,64179,61551,312,61863,1153
2020-10-25,San Diego,073,3302833,56776,54599,1562,56161,870
2020-10-25,San Francisco,075,870044,12359,12072,49,12121,137
2020-10-25,San Joaquin,077,732212,21988,21459,210,21669,495
2020-10-25,San Luis Obispo,079,281455,4303,4126,23,4149,31
2020-10-25,San Mateo,081,765935,11457,10987,7,10994,156
2020-10-25,Santa Barbara,083,443738,10381,9814,81,9895,122
2020-10-25,Santa Clara,085,1922200,25268,24087,34,24121,365
2020-10-25,Santa Cruz,087,273765,2894,2789,36,2825,24
2020-10-25,Shasta,089,179085,2236,1889,20,1909,29
2020-10-25,Sierra,091,2930,6,6,0,6,0
2020-10-25,Siskiyou,093,43540,205,176,10,186,0
2020-10-25,Solano,095,438530,7473,7197,41,7238,60
2020-10-25,Sonoma,097,501317,9657,9235,27,9262,140
2020-10-25,Stanislaus,099,539301,17794,17641,788,18429,400
2020-10-25,Sutter,101,95872,1873,1811,1,1812,12
2020-10-25,Tehama,103,63373,934,880,2,882,5
2020-10-25,Trinity,105,12862,50,26,6,32,0
2020-10-25,Tulare,107,460477,17855,17431,380,17811,296
2020-10-25,Tuolumne,109,53932,282,271,2,273,4
2020-10-25,Ventura,111,848112,14803,14300,321,14621,154
2020-10-25,Yolo,113,214977,3282,3190,9,3199,58
2020-10-25,Yuba,115,75493,1259,1219,5,1224,10
2020-10-24,Alameda,001,1643700,23698,23099,234,23333,398
2020-10-24,Alpine,003,1148,4,3,0,3,0
2020-10-24,Amador,005,37829,346,328,0,328,16
2020-10-24,Butte,007,227075,3203,3078,29,3107,56
2020-10-24,Calaveras,009,45235,337,274,0,274,13
2020-10-24,Colusa,011,21464,550,548,1,549,6
2020-10-24,Contra Costa,013,1133247,19100,18567,97,18664,244
2020-10-24,Del Norte,015,27424,174,171,0,171,2
2020-10-24,El Dorado,017,186661,1400,1317,3,1320,4
2020-10-24,Fresno,019,978130,33410,30752,467,31219,441
2020-10-24,Glenn,021,27897,683,650,1,651,3
2020-10-24,Humboldt,023,135768,565,553,1,554,7
2020-10-24,Imperial,025,180216,12951,12469,11,12480,333
2020-10-24,Inyo,027,18085,244,226,1,227,14
2020-10-24,Kern,029,883053,33988,33105,421,33526,432
2020-10-24,Kings,031,150075,8648,8228,55,8283,82
2020-10-24,Lake,033,64148,715,696,0,696,15
2020-10-24,Lassen,035,31185,772,764,2,766,0
2020-10-24,Los Angeles,037,10098052,302613,296323,3027,299350,6969
2020-10-24,Madera,039,155013,5046,4898,34,4932,53
2020-10-24,Marin,041,260295,7140,7042,18,7060,102
2020-10-24,Mariposa,043,17540,81,77,0,77,2
2020-10-24,Mendocino,045,87422,1076,1022,2,1024,20
2020-10-24,Merced,047,269075,9549,9351,34,9385,150
2020-10-24,Modoc,049,8938,38,28,0,28,0
2020-10-24,Mono,051,14174,195,167,4,171,1
2020-10-24,Monterey,053,433212,11410,11153,57,11210,87
2020-10-24,Napa,055,140530,2044,1957,5,1962,14
2020-10-24,Nevada,057,99092,645,608,16,624,8
2020-10-24,Orange,059,3164182,60727,57928,1791,59719,1441
2020-10-24,Placer,061,380077,4394,4093,13,4106,57
2020-10-24,Plumas,063,18699,78,63,0,63,0
2020-10-24,Riverside,065,2383286,67446,65902,361,66263,1288
2020-10-24,Sacramento,067,1510023,25779,25372,19,25391,496
2020-10-24,San Benito,069,59416,1430,1417,1,1418,15
2020-10-24,San Bernardino,071,2135413,63939,61351,303,61654,1153
2020-10-24,San Diego,073,3302833,56499,54330,1549,55879,868
2020-10-24,San Francisco,075,870044,12301,12073,48,12121,137
2020-10-24,San Joaquin,077,732212,21936,21458,205,21663,495
2020-10-24,San Luis Obispo,079,281455,4278,4119,22,4141,31
2020-10-24,San Mateo,081,765935,11418,10942,7,10949,155
2020-10-24,Santa Barbara,083,443738,10364,9781,81,9862,122
2020-10-24,Santa Clara,085,1922200,25181,23978,34,24012,365
2020-10-24,Santa Cruz,087,273765,2875,2775,36,2811,24
2020-10-24,Shasta,089,179085,2191,1878,20,1898,29
2020-10-24,Sierra,091,2930,6,6,0,6,0
2020-10-24,Siskiyou,093,43540,204,174,10,184,0
2020-10-24,Solano,095,438530,7420,7189,41,7230,60
2020-10-24,Sonoma,097,501317,9623,9179,27,9206,140
2020-10-24,Stanislaus,099,539301,17750,17574,772,18346,400
2020-10-24,Sutter,101,95872,1864,1804,1,1805,12
2020-10-24,Tehama,103,63373,926,872,2,874,5
2020-10-24,Trinity,105,12862,50,25,6,31,0
2020-10-24,Tulare,107,460477,17833,17406,368,17774,295
2020-10-24,Tuolumne,109,53932,279,269,2,271,4
2020-10-24,Ventura,111,848112,14750,14240,320,14560,154
2020-10-24,Yolo,113,214977,3271,3164,9,3173,57
2020-10-24,Yuba,115,75493,1256,1210,5,1215,10
2020-10-23,Alameda,001,1643700,23626,23047,232,23279,393
2020-10-23,Alpine,003,1148,4,3,0,3,0
2020-10-23,Amador,005,37829,345,324,0,324,16
2020-10-23,Butte,007,227075,3194,3059,29,3088,55
2020-10-23,Calaveras,009,45235,336,273,0,273,13
2020-10-23,Colusa,011,21464,550,547,1,548,6
2020-10-23,Contra Costa,013,1133247,19029,18483,96,18579,244
2020-10-23,Del Norte,015,27424,174,171,0,171,2
2020-10-23,El Dorado,017,186661,1391,1310,3,1313,4
2020-10-23,Fresno,019,978130,33343,30590,463,31053,441
2020-10-23,Glenn,021,27897,680,644,1,645,3
2020-10-23,Humboldt,023,135768,563,553,1,554,7
2020-10-23,Imperial,025,180216,12920,12398,11,12409,333
2020-10-23,Inyo,027,18085,243,226,1,227,14
2020-10-23,Kern,029,883053,33920,33077,416,33493,431
2020-10-23,Kings,031,150075,8639,8218,55,8273,82
2020-10-23,Lake,033,64148,713,689,0,689,15
2020-10-23,Lassen,035,31185,771,764,2,766,0
2020-10-23,Los Angeles,037,10098052,301534,294287,2996,297283,6956
2020-10-23,Madera,039,155013,5041,4888,34,4922,53
2020-10-23,Marin,041,260295,7127,7029,18,7047,102
2020-10-23,Mariposa,043,17540,81,77,0,77,2
2020-10-23,Mendocino,045,87422,1073,1019,2,1021,20
2020-10-23,Merced,047,269075,9535,9327,34,9361,149
2020-10-23,Modoc,049,8938,38,28,0,28,0
2020-10-23,Mono,051,14174,194,159,4,163,1
2020-10-23,Monterey,053,433212,11363,11099,53,11152,86
2020-10-23,Napa,055,140530,2036,1942,5,1947,14
2020-10-23,Nevada,057,99092,642,604,16,620,8
2020-10-23,Orange,059,3164182,60556,57595,1776,59371,1430
2020-10-23,Placer,061,380077,4348,4073,13,4086,57
2020-10-23,Plumas,063,18699,75,63,0,63,0
2020-10-23,Riverside,065,2383286,67207,65512,353,65865,1279
2020-10-23,Sacramento,067,1510023,25674,25224,19,25243,496
2020-10-23,San Benito,069,59416,1428,1412,1,1413,15
2020-10-23,San Bernardino,071,2135413,63655,60854,290,61144,1150
2020-10-23,San Diego,073,3302833,56193,53944,1522,55466,867
2020-10-23,San Francisco,075,870044,12270,12015,48,12063,137
2020-10-23,San Joaquin,077,732212,21880,21361,199,21560,495
2020-10-23,San Luis Obispo,079,281455,4252,4102,22,4124,31
2020-10-23,San Mateo,081,765935,11369,10872,7,10879,155
2020-10-23,Santa Barbara,083,443738,10348,9751,81,9832,121
2020-10-23,Santa Clara,085,1922200,25079,23822,34,23856,364
2020-10-23,Santa Cruz,087,273765,2861,2757,36,2793,24
2020-10-23,Shasta,089,179085,2155,1846,19,1865,29
2020-10-23,Sierra,091,2930,6,6,0,6,0
2020-10-23,Siskiyou,093,43540,200,172,10,182,0
2020-10-23,Solano,095,438530,7389,7174,41,7215,59
2020-10-23,Sonoma,097,501317,9567,9112,27,9139,139
2020-10-23,Stanislaus,099,539301,17713,17496,764,18260,395
2020-10-23,Sutter,101,95872,1857,1797,1,1798,12
2020-10-23,Tehama,103,63373,917,862,2,864,5
2020-10-23,Trinity,105,12862,50,26,6,32,0
2020-10-23,Tulare,107,460477,17788,17334,356,17690,295
2020-10-23,Tuolumne,109,53932,277,254,2,256,4
2020-10-23,Ventura,111,848112,14721,14192,320,14512,155
2020-10-23,Yolo,113,214977,3258,3140,9,3149,57
2020-10-23,Yuba,115,75493,1252,1206,5,1211,10
2020-10-22,Alameda,001,1643700,23524,22915,232,23147,393
2020-10-22,Alpine,003,1148,4,3,0,3,0
2020-10-22,Amador,005,37829,341,317,0,317,16
2020-10-22,Butte,007,227075,3184,3046,27,3073,55
2020-10-22,Calaveras,009,45235,333,273,0,273,13
2020-10-22,Colusa,011,21464,550,547,1,548,6
2020-10-22,Contra Costa,013,1133247,18957,18393,96,18489,243
2020-10-22,Del Norte,015,27424,173,168,0,168,2
2020-10-22,El Dorado,017,186661,1381,1308,3,1311,4
2020-10-22,Fresno,019,978130,33234,30471,455,30926,438
2020-10-22,Glenn,021,27897,673,643,1,644,3
2020-10-22,Humboldt,023,135768,562,548,1,549,7
2020-10-22,Imperial,025,180216,12867,12311,11,12322,333
2020-10-22,Inyo,027,18085,240,220,1,221,14
2020-10-22,Kern,029,883053,33839,32991,413,33404,431
2020-10-22,Kings,031,150075,8388,8201,55,8256,82
2020-10-22,Lake,033,64148,709,678,0,678,15
2020-10-22,Lassen,035,31185,768,764,2,766,0
2020-10-22,Los Angeles,037,10098052,300160,291599,2936,294535,6935
2020-10-22,Madera,039,155013,5020,4847,34,4881,52
2020-10-22,Marin,041,260295,7121,7014,18,7032,102
2020-10-22,Mariposa,043,17540,81,77,0,77,2
2020-10-22,Mendocino,045,87422,1068,1016,2,1018,20
2020-10-22,Merced,047,269075,9507,9323,34,9357,149
2020-10-22,Modoc,049,8938,34,26,0,26,0
2020-10-22,Mono,051,14174,189,156,4,160,1
2020-10-22,Monterey,053,433212,11304,11059,50,11109,84
2020-10-22,Napa,055,140530,2021,1928,5,1933,14
2020-10-22,Nevada,057,99092,636,600,16,616,8
2020-10-22,Orange,059,3164182,60342,57418,1759,59177,1422
2020-10-22,Placer,061,380077,4299,4036,13,4049,57
2020-10-22,Plumas,063,18699,72,62,0,62,0
2020-10-22,Riverside,065,2383286,66873,65104,333,65437,1279
2020-10-22,Sacramento,067,1510023,25535,25054,19,25073,492
2020-10-22,San Benito,069,59416,1424,1403,1,1404,15
2020-10-22,San Bernardino,071,2135413,63255,60402,275,60677,1149
2020-10-22,San Diego,073,3302833,55808,53514,1503,55017,866
2020-10-22,San Francisco,075,870044,12212,11991,46,12037,137
2020-10-22,San Joaquin,077,732212,21807,21282,193,21475,495
2020-10-22,San Luis Obispo,079,281455,4236,4081,22,4103,31
2020-10-22,San Mateo,081,765935,11313,10796,7,10803,155
2020-10-22,Santa Barbara,083,443738,10314,9710,79,9789,120
2020-10-22,Santa Clara,085,1922200,24924,23621,34,23655,363
2020-10-22,Santa Cruz,087,273765,2843,2738,35,2773,24
2020-10-22,Shasta,089,179085,2109,1799,19,1818,29
2020-10-22,Sierra,091,2930,6,6,0,6,0
2020-10-22,Siskiyou,093,43540,200,169,10,179,0
2020-10-22,Solano,095,438530,7343,7116,41,7157,59
2020-10-22,Sonoma,097,501317,9501,9052,26,9078,139
2020-10-22,Stanislaus,099,539301,17660,17440,751,18191,395
2020-10-22,Sutter,101,95872,1843,1794,1,1795,12
2020-10-22,Tehama,103,63373,906,852,2,854,5
2020-10-22,Trinity,105,12862,49,26,6,32,0
2020-10-22,Tulare,107,460477,17722,17265,343,17608,293
2020-10-22,Tuolumne,109,53932,275,252,2,254,4
2020-10-22,Ventura,111,848112,14674,14124,318,14442,154
2020-10-22,Yolo,113,214977,3246,3116,9,3125,58
2020-10-22,Yuba,115,75493,1245,1199,5,1204,10
2020-10-21,Alameda,001,1643700,23436,22853,230,23083,392
2020-10-21,Alpine,003,1148,4,3,0,3,0
2020-10-21,Amador,005,37829,336,313,0,313,16
2020-10-21,Butte,007,227075,3172,3041,27,3068,55
2020-10-21,Calaveras,009,45235,332,272,0,272,13
2020-10-21,Colusa,011,21464,550,546,1,547,6
2020-10-21,Contra Costa,013,1133247,18883,18299,96,18395,243
2020-10-21,Del Norte,015,27424,173,169,0,169,2
2020-10-21,El Dorado,017,186661,1369,1305,2,1307,4
2020-10-21,Fresno,019,978130,33138,30328,453,30781,433
2020-10-21,Glenn,021,27897,668,640,1,641,3
2020-10-21,Humboldt,023,135768,561,548,1,549,7
2020-10-21,Imperial,025,180216,12810,12210,11,12221,331
2020-10-21,Inyo,027,18085,236,220,1,221,14
2020-10-21,Kern,029,883053,33765,32956,411,33367,430
2020-10-21,Kings,031,150075,8361,8186,55,8241,80
2020-10-21,Lake,033,64148,708,676,0,676,15
2020-10-21,Lassen,035,31185,767,764,2,766,0
2020-10-21,Los Angeles,037,10098052,298822,288096,2893,290989,6923
2020-10-21,Madera,039,155013,4995,4831,34,4865,52
2020-10-21,Marin,041,260295,7112,7002,18,7020,102
2020-10-21,Mariposa,043,17540,81,77,0,77,2
2020-10-21,Mendocino,045,87422,1066,1011,2,1013,21
2020-10-21,Merced,047,269075,9483,9319,32,9351,149
2020-10-21,Modoc,049,8938,33,26,0,26,0
2020-10-21,Mono,051,14174,187,156,4,160,1
2020-10-21,Monterey,053,433212,11266,11005,49,11054,83
2020-10-21,Napa,055,140530,2005,1918,5,1923,13
2020-10-21,Nevada,057,99092,630,597,16,613,8
2020-10-21,Orange,059,3164182,60130,57189,1748,58937,1409
2020-10-21,Placer,061,380077,4262,4007,13,4020,56
2020-10-21,Plumas,063,18699,69,58,0,58,0
2020-10-21,Riverside,065,2383286,66579,64778,307,65085,1278
2020-10-21,Sacramento,067,1510023,25343,24908,19,24927,490
2020-10-21,San Benito,069,59416,1423,1401,1,1402,14
2020-10-21,San Bernardino,071,2135413,62848,59948,268,60216,1141
2020-10-21,San Diego,073,3302833,55456,53279,1475,54754,863
2020-10-21,San Francisco,075,870044,12163,11976,45,12021,137
2020-10-21,San Joaquin,077,732212,21731,21201,187,21388,495
2020-10-21,San Luis Obispo,079,281455,4222,4055,20,4075,31
2020-10-21,San Mateo,081,765935,11264,10730,7,10737,155
2020-10-21,Santa Barbara,083,443738,10296,9681,78,9759,121
2020-10-21,Santa Clara,085,1922200,24799,23537,34,23571,361
2020-10-21,Santa Cruz,087,273765,2820,2729,35,2764,24
2020-10-21,Shasta,089,179085,2072,1777,19,1796,27
2020-10-21,Sierra,091,2930,6,6,0,6,0
2020-10-21,Siskiyou,093,43540,196,169,10,179,0
2020-10-21,Solano,095,438530,7298,7088,41,7129,59
2020-10-21,Sonoma,097,501317,9421,8987,26,9013,138
2020-10-21,Stanislaus,099,539301,17611,17419,742,18161,392
2020-10-21,Sutter,101,95872,1828,1786,1,1787,12
2020-10-21,Tehama,103,63373,890,824,2,826,5
2020-10-21,Trinity,105,12862,46,25,6,31,0
2020-10-21,Tulare,107,460477,17686,17204,329,17533,292
2020-10-21,Tuolumne,109,53932,274,251,2,253,4
2020-10-21,Ventura,111,848112,14611,14050,315,14365,153
2020-10-21,Yolo,113,214977,3227,3095,9,3104,58
2020-10-21,Yuba,115,75493,1236,1194,5,1199,10
2020-10-20,Alameda,001,1643700,23333,22750,226,22976,391
2020-10-20,Alpine,003,1148,4,3,0,3,0
2020-10-20,Amador,005,37829,335,313,0,313,16
2020-10-20,Butte,007,227075,3160,3027,27,3054,56
2020-10-20,Calaveras,009,45235,331,273,0,273,13
2020-10-20,Colusa,011,21464,547,546,1,547,6
2020-10-20,Contra Costa,013,1133247,18791,18246,96,18342,241
2020-10-20,Del Norte,015,27424,172,169,0,169,2
2020-10-20,El Dorado,017,186661,1363,1295,2,1297,4
2020-10-20,Fresno,019,978130,33035,30220,447,30667,431
2020-10-20,Glenn,021,27897,663,638,1,639,3
2020-10-20,Humboldt,023,135768,557,545,1,546,7
2020-10-20,Imperial,025,180216,12741,12114,11,12125,330
2020-10-20,Inyo,027,18085,236,218,1,219,14
2020-10-20,Kern,029,883053,33690,32889,398,33287,429
2020-10-20,Kings,031,150075,8343,8178,54,8232,80
2020-10-20,Lake,033,64148,706,675,0,675,15
2020-10-20,Lassen,035,31185,766,757,2,759,0
2020-10-20,Los Angeles,037,10098052,297333,287727,2840,290567,6891
2020-10-20,Madera,039,155013,4978,4823,34,4857,52
2020-10-20,Marin,041,260295,7097,6994,18,7012,101
2020-10-20,Mariposa,043,17540,80,77,0,77,2
2020-10-20,Mendocino,045,87422,1064,1004,2,1006,21
2020-10-20,Merced,047,269075,9461,9323,32,9355,149
2020-10-20,Modoc,049,8938,32,26,0,26,0
2020-10-20,Mono,051,14174,187,156,4,160,1
2020-10-20,Monterey,053,433212,11223,10942,46,10988,81
2020-10-20,Napa,055,140530,1986,1912,5,1917,13
2020-10-20,Nevada,057,99092,620,596,16,612,8
2020-10-20,Orange,059,3164182,59866,56914,1738,58652,1397
2020-10-20,Placer,061,380077,4224,3997,13,4010,56
2020-10-20,Plumas,063,18699,66,53,0,53,0
2020-10-20,Riverside,065,2383286,66198,64452,295,64747,1275
2020-10-20,Sacramento,067,1510023,25216,24767,18,24785,485
2020-10-20,San Benito,069,59416,1420,1398,1,1399,14
2020-10-20,San Bernardino,071,2135413,62470,59571,263,59834,1109
2020-10-20,San Diego,073,3302833,55120,53004,1455,54459,857
2020-10-20,San Francisco,075,870044,12116,12013,44,12057,126
2020-10-20,San Joaquin,077,732212,21653,21173,176,21349,490
2020-10-20,San Luis Obispo,079,281455,4204,4043,19,4062,31
2020-10-20,San Mateo,081,765935,11218,10659,7,10666,155
2020-10-20,Santa Barbara,083,443738,10267,9664,76,9740,121
2020-10-20,Santa Clara,085,1922200,24662,23406,34,23440,358
2020-10-20,Santa Cruz,087,273765,2797,2710,35,2745,23
2020-10-20,Shasta,089,179085,2049,1747,19,1766,20
2020-10-20,Sierra,091,2930,6,6,0,6,0
2020-10-20,Siskiyou,093,43540,188,168,10,178,0
2020-10-20,Solano,095,438530,7249,7044,41,7085,57
2020-10-20,Sonoma,097,501317,9358,8904,24,8928,135
2020-10-20,Stanislaus,099,539301,17557,17367,738,18105,393
2020-10-20,Sutter,101,95872,1819,1783,1,1784,12
2020-10-20,Tehama,103,63373,875,813,2,815,5
2020-10-20,Trinity,105,12862,45,25,6,31,0
2020-10-20,Tulare,107,460477,17620,17156,323,17479,289
2020-10-20,Tuolumne,109,53932,272,250,2,252,4
2020-10-20,Ventura,111,848112,14547,13980,313,14293,152
2020-10-20,Yolo,113,214977,3204,3083,9,3092,56
2020-10-20,Yuba,115,75493,1226,1191,5,1196,10
2020-10-19,Alameda,001,1643700,23224,22647,225,22872,392
2020-10-19,Alpine,003,1148,4,3,0,3,0
2020-10-19,Amador,005,37829,329,313,0,313,16
2020-10-19,Butte,007,227075,3149,3026,27,3053,55
2020-10-19,Calaveras,009,45235,330,268,0,268,13
2020-10-19,Colusa,011,21464,547,544,1,545,6
2020-10-19,Contra Costa,013,1133247,18693,18173,96,18269,239
2020-10-19,Del Norte,015,27424,169,167,0,167,2
2020-10-19,El Dorado,017,186661,1342,1287,2,1289,4
2020-10-19,Fresno,019,978130,32927,30152,441,30593,431
2020-10-19,Glenn,021,27897,658,635,0,635,3
2020-10-19,Humboldt,023,135768,557,543,1,544,7
2020-10-19,Imperial,025,180216,12687,12036,10,12046,330
2020-10-19,Inyo,027,18085,235,218,1,219,14
2020-10-19,Kern,029,883053,33615,32840,395,33235,428
2020-10-19,Kings,031,150075,8325,8173,54,8227,80
2020-10-19,Lake,033,64148,703,673,0,673,15
2020-10-19,Lassen,035,31185,765,757,2,759,0
2020-10-19,Los Angeles,037,10098052,295848,287119,2800,289919,6858
2020-10-19,Madera,039,155013,4963,4787,34,4821,52
2020-10-19,Marin,041,260295,7079,6981,18,6999,100
2020-10-19,Mariposa,043,17540,80,77,0,77,2
2020-10-19,Mendocino,045,87422,1059,1001,2,1003,21
2020-10-19,Merced,047,269075,9437,9305,27,9332,148
2020-10-19,Modoc,049,8938,31,26,0,26,0
2020-10-19,Mono,051,14174,182,156,4,160,1
2020-10-19,Monterey,053,433212,11162,10907,46,10953,80
2020-10-19,Napa,055,140530,1972,1892,5,1897,12
2020-10-19,Nevada,057,99092,617,590,16,606,8
2020-10-19,Orange,059,3164182,59580,56652,1724,58376,1396
2020-10-19,Placer,061,380077,4176,3962,13,3975,49
2020-10-19,Plumas,063,18699,64,52,0,52,0
2020-10-19,Riverside,065,2383286,65768,64016,278,64294,1272
2020-10-19,Sacramento,067,1510023,25077,24542,18,24560,483
2020-10-19,San Benito,069,59416,1413,1395,1,1396,14
2020-10-19,San Bernardino,071,2135413,62021,59265,253,59518,1100
2020-10-19,San Diego,073,3302833,54734,52739,1429,54168,853
2020-10-19,San Francisco,075,870044,12072,11879,44,11923,126
2020-10-19,San Joaquin,077,732212,21578,20930,168,21098,489
2020-10-19,San Luis Obispo,079,281455,4188,4016,19,4035,31
2020-10-19,San Mateo,081,765935,11172,10568,7,10575,154
2020-10-19,Santa Barbara,083,443738,10232,9632,76,9708,121
2020-10-19,Santa Clara,085,1922200,24511,23301,34,23335,352
2020-10-19,Santa Cruz,087,273765,2780,2705,35,2740,19
2020-10-19,Shasta,089,179085,2005,1709,18,1727,20
2020-10-19,Sierra,091,2930,6,6,0,6,0
2020-10-19,Siskiyou,093,43540,181,167,10,177,0
2020-10-19,Solano,095,438530,7208,7003,41,7044,57
2020-10-19,Sonoma,097,501317,9271,8830,24,8854,135
2020-10-19,Stanislaus,099,539301,17505,17342,728,18070,390
2020-10-19,Sutter,101,95872,1814,1773,1,1774,12
2020-10-19,Tehama,103,63373,872,793,2,795,5
2020-10-19,Trinity,105,12862,43,23,6,29,0
2020-10-19,Tulare,107,460477,17571,17047,315,17362,291
2020-10-19,Tuolumne,109,53932,270,247,2,249,4
2020-10-19,Ventura,111,848112,14481,13930,310,14240,152
2020-10-19,Yolo,113,214977,3191,3069,9,3078,56
2020-10-19,Yuba,115,75493,1219,1183,5,1188,10
2020-10-18,Alameda,001,1643700,23120,22546,224,22770,392
2020-10-18,Alpine,003,1148,4,3,0,3,0
2020-10-18,Amador,005,37829,317,313,0,313,16
2020-10-18,Butte,007,227075,3136,3019,27,3046,55
2020-10-18,Calaveras,009,45235,329,267,0,267,13
2020-10-18,Colusa,011,21464,545,544,1,545,6
2020-10-18,Contra Costa,013,1133247,18594,18120,96,18216,237
2020-10-18,Del Norte,015,27424,169,167,0,167,2
2020-10-18,El Dorado,017,186661,1333,1283,2,1285,4
2020-10-18,Fresno,019,978130,32803,30051,433,30484,430
2020-10-18,Glenn,021,27897,656,634,0,634,3
2020-10-18,Humboldt,023,135768,554,540,1,541,7
2020-10-18,Imperial,025,180216,12625,11987,9,11996,330
2020-10-18,Inyo,027,18085,232,215,1,216,14
2020-10-18,Kern,029,883053,33542,32799,388,33187,428
2020-10-18,Kings,031,150075,8310,8159,54,8213,80
2020-10-18,Lake,033,64148,696,670,0,670,15
2020-10-18,Lassen,035,31185,765,757,2,759,0
2020-10-18,Los Angeles,037,10098052,294144,286187,2752,288939,6857
2020-10-18,Madera,039,155013,4938,4770,33,4803,52
2020-10-18,Marin,041,260295,7058,6969,18,6987,99
2020-10-18,Mariposa,043,17540,80,77,0,77,2
2020-10-18,Mendocino,045,87422,1057,988,2,990,21
2020-10-18,Merced,047,269075,9402,9292,27,9319,148
2020-10-18,Modoc,049,8938,30,26,0,26,0
2020-10-18,Mono,051,14174,177,155,4,159,1
2020-10-18,Monterey,053,433212,11110,10872,46,10918,80
2020-10-18,Napa,055,140530,1959,1882,5,1887,12
2020-10-18,Nevada,057,99092,611,582,16,598,8
2020-10-18,Orange,059,3164182,59282,56394,1707,58101,1396
2020-10-18,Placer,061,380077,4128,3938,13,3951,49
2020-10-18,Plumas,063,18699,62,52,0,52,0
2020-10-18,Riverside,065,2383286,65458,63765,255,64020,1270
2020-10-18,Sacramento,067,1510023,24922,24425,18,24443,482
2020-10-18,San Benito,069,59416,1406,1395,1,1396,14
2020-10-18,San Bernardino,071,2135413,61522,58893,245,59138,1098
2020-10-18,San Diego,073,3302833,54345,52359,1408,53767,853
2020-10-18,San Francisco,075,870044,12033,11878,44,11922,126
2020-10-18,San Joaquin,077,732212,21496,20931,155,21086,489
2020-10-18,San Luis Obispo,079,281455,4157,4009,17,4026,31
2020-10-18,San Mateo,081,765935,11113,10503,7,10510,154
2020-10-18,Santa Barbara,083,443738,10193,9608,75,9683,121
2020-10-18,Santa Clara,085,1922200,24337,23169,34,23203,352
2020-10-18,Santa Cruz,087,273765,2766,2692,35,2727,19
2020-10-18,Shasta,089,179085,1980,1708,18,1726,20
2020-10-18,Sierra,091,2930,6,6,0,6,0
2020-10-18,Siskiyou,093,43540,181,167,10,177,0
2020-10-18,Solano,095,438530,7161,6962,41,7003,57
2020-10-18,Sonoma,097,501317,9195,8781,22,8803,134
2020-10-18,Stanislaus,099,539301,17449,17290,719,18009,390
2020-10-18,Sutter,101,95872,1805,1764,1,1765,12
2020-10-18,Tehama,103,63373,840,774,2,776,5
2020-10-18,Trinity,105,12862,43,20,6,26,0
2020-10-18,Tulare,107,460477,17479,17048,305,17353,290
2020-10-18,Tuolumne,109,53932,265,245,2,247,4
2020-10-18,Ventura,111,848112,14402,13901,309,14210,151
2020-10-18,Yolo,113,214977,3152,3059,9,3068,55
2020-10-18,Yuba,115,75493,1208,1176,5,1181,10
2020-10-17,Alameda,001,1643700,23074,22394,222,22616,398
2020-10-17,Alpine,003,1148,4,3,0,3,0
2020-10-17,Amador,005,37829,315,309,0,309,16
2020-10-17,Butte,007,227075,3128,3012,25,3037,55
2020-10-17,Calaveras,009,45235,329,267,0,267,13
2020-10-17,Colusa,011,21464,544,544,1,545,6
2020-10-17,Contra Costa,013,1133247,18541,18005,96,18101,237
2020-10-17,Del Norte,015,27424,169,167,0,167,2
2020-10-17,El Dorado,017,186661,1329,1277,2,1279,4
2020-10-17,Fresno,019,978130,32749,29911,431,30342,430
2020-10-17,Glenn,021,27897,653,633,0,633,3
2020-10-17,Humboldt,023,135768,551,535,1,536,7
2020-10-17,Imperial,025,180216,12597,11962,9,11971,330
2020-10-17,Inyo,027,18085,227,212,1,213,14
2020-10-17,Kern,029,883053,33491,32710,385,33095,428
2020-10-17,Kings,031,150075,8304,8151,53,8204,80
2020-10-17,Lake,033,64148,693,663,0,663,15
2020-10-17,Lassen,035,31185,765,757,2,759,0
2020-10-17,Los Angeles,037,10098052,293392,285858,2724,288582,6844
2020-10-17,Madera,039,155013,4932,4759,33,4792,53
2020-10-17,Marin,041,260295,7055,6958,18,6976,99
2020-10-17,Mariposa,043,17540,79,77,0,77,2
2020-10-17,Mendocino,045,87422,1050,977,2,979,21
2020-10-17,Merced,047,269075,9388,9275,27,9302,148
2020-10-17,Modoc,049,8938,30,26,0,26,0
2020-10-17,Mono,051,14174,176,155,4,159,1
2020-10-17,Monterey,053,433212,11070,10807,45,10852,80
2020-10-17,Napa,055,140530,1952,1866,5,1871,12
2020-10-17,Nevada,057,99092,610,580,16,596,8
2020-10-17,Orange,059,3164182,59142,56197,1698,57895,1396
2020-10-17,Placer,061,380077,4101,3898,13,3911,49
2020-10-17,Plumas,063,18699,62,52,0,52,0
2020-10-17,Riverside,065,2383286,65261,63171,244,63415,1270
2020-10-17,Sacramento,067,1510023,24838,24304,18,24322,482
2020-10-17,San Benito,069,59416,1402,1389,1,1390,14
2020-10-17,San Bernardino,071,2135413,61252,58415,240,58655,1097
2020-10-17,San Diego,073,3302833,54120,51986,1397,53383,853
2020-10-17,San Francisco,075,870044,12005,11877,43,11920,126
2020-10-17,San Joaquin,077,732212,21442,20932,149,21081,489
2020-10-17,San Luis Obispo,079,281455,4142,3979,17,3996,31
2020-10-17,San Mateo,081,765935,11085,10423,7,10430,153
2020-10-17,Santa Barbara,083,443738,10174,9588,73,9661,121
2020-10-17,Santa Clara,085,1922200,24248,22997,34,23031,349
2020-10-17,Santa Cruz,087,273765,2752,2680,35,2715,19
2020-10-17,Shasta,089,179085,1954,1679,18,1697,20
2020-10-17,Sierra,091,2930,6,6,0,6,0
2020-10-17,Siskiyou,093,43540,180,167,10,177,0
2020-10-17,Solano,095,438530,7135,6929,41,6970,57
2020-10-17,Sonoma,097,501317,9152,8725,22,8747,134
2020-10-17,Stanislaus,099,539301,17410,17232,709,17941,390
2020-10-17,Sutter,101,95872,1803,1762,1,1763,12
2020-10-17,Tehama,103,63373,824,764,2,766,5
2020-10-17,Trinity,105,12862,43,20,6,26,0
2020-10-17,Tulare,107,460477,17449,16995,296,17291,290
2020-10-17,Tuolumne,109,53932,265,241,2,243,4
2020-10-17,Ventura,111,848112,14357,13845,306,14151,151
2020-10-17,Yolo,113,214977,3137,3045,7,3052,55
2020-10-17,Yuba,115,75493,1203,1164,5,1169,10
2020-10-16,Alameda,001,1643700,23020,22315,222,22537,397
2020-10-16,Alpine,003,1148,4,3,0,3,0
2020-10-16,Amador,005,37829,315,309,0,309,16
2020-10-16,Butte,007,227075,3117,3004,25,3029,54
2020-10-16,Calaveras,009,45235,329,267,0,267,13
2020-10-16,Colusa,011,21464,543,544,1,545,6
2020-10-16,Contra Costa,013,1133247,18488,17956,96,18052,237
2020-10-16,Del Norte,015,27424,169,166,0,166,2
2020-10-16,El Dorado,017,186661,1323,1273,2,1275,4
2020-10-16,Fresno,019,978130,32674,29796,429,30225,427
2020-10-16,Glenn,021,27897,648,632,0,632,3
2020-10-16,Humboldt,023,135768,551,533,1,534,7
2020-10-16,Imperial,025,180216,12557,11885,9,11894,330
2020-10-16,Inyo,027,18085,223,212,1,213,14
2020-10-16,Kern,029,883053,33448,32660,383,33043,428
2020-10-16,Kings,031,150075,8295,8146,52,8198,80
2020-10-16,Lake,033,64148,691,644,0,644,14
2020-10-16,Lassen,035,31185,765,757,2,759,0
2020-10-16,Los Angeles,037,10098052,292331,284988,2701,287689,6835
2020-10-16,Madera,039,155013,4920,4736,32,4768,53
2020-10-16,Marin,041,260295,7045,6933,18,6951,99
2020-10-16,Mariposa,043,17540,79,76,0,76,2
2020-10-16,Mendocino,045,87422,1043,974,2,976,21
2020-10-16,Merced,047,269075,9371,9246,27,9273,148
2020-10-16,Modoc,049,8938,30,26,0,26,0
2020-10-16,Mono,051,14174,174,155,4,159,1
2020-10-16,Monterey,053,433212,11036,10727,45,10772,79
2020-10-16,Napa,055,140530,1943,1855,5,1860,12
2020-10-16,Nevada,057,99092,608,579,16,595,8
2020-10-16,Orange,059,3164182,58966,56091,1691,57782,1388
2020-10-16,Placer,061,380077,4081,3864,13,3877,49
2020-10-16,Plumas,063,18699,61,52,0,52,0
2020-10-16,Riverside,065,2383286,65036,62986,243,63229,1267
2020-10-16,Sacramento,067,1510023,24744,24144,18,24162,479
2020-10-16,San Benito,069,59416,1399,1388,1,1389,14
2020-10-16,San Bernardino,071,2135413,60983,58233,240,58473,1069
2020-10-16,San Diego,073,3302833,53879,51785,1383,53168,850
2020-10-16,San Francisco,075,870044,11983,11840,42,11882,126
2020-10-16,San Joaquin,077,732212,21397,20910,148,21058,489
2020-10-16,San Luis Obispo,079,281455,4128,3952,17,3969,32
2020-10-16,San Mateo,081,765935,11060,10405,7,10412,153
2020-10-16,Santa Barbara,083,443738,10156,9549,73,9622,119
2020-10-16,Santa Clara,085,1922200,24162,22920,34,22954,345
2020-10-16,Santa Cruz,087,273765,2739,2666,35,2701,20
2020-10-16,Shasta,089,179085,1932,1660,18,1678,20
2020-10-16,Sierra,091,2930,6,6,0,6,0
2020-10-16,Siskiyou,093,43540,178,167,10,177,0
2020-10-16,Solano,095,438530,7112,6879,41,6920,55
2020-10-16,Sonoma,097,501317,9096,8652,22,8674,133
2020-10-16,Stanislaus,099,539301,17377,17201,700,17901,366
2020-10-16,Sutter,101,95872,1795,1756,1,1757,12
2020-10-16,Tehama,103,63373,823,737,2,739,3
2020-10-16,Trinity,105,12862,43,20,6,26,0
2020-10-16,Tulare,107,460477,17417,16965,288,17253,290
2020-10-16,Tuolumne,109,53932,262,237,2,239,4
2020-10-16,Ventura,111,848112,14314,13805,301,14106,152
2020-10-16,Yolo,113,214977,3128,3030,7,3037,55
2020-10-16,Yuba,115,75493,1203,1155,5,1160,10
2020-10-15,Alameda,001,1643700,22952,22267,221,22488,390
2020-10-15,Alpine,003,1148,4,3,0,3,0
2020-10-15,Amador,005,37829,315,309,0,309,16
2020-10-15,Butte,007,227075,3105,3000,24,3024,54
2020-10-15,Calaveras,009,45235,328,267,0,267,13
2020-10-15,Colusa,011,21464,542,543,1,544,6
2020-10-15,Contra Costa,013,1133247,18421,17893,95,17988,237
2020-10-15,Del Norte,015,27424,169,164,0,164,2
2020-10-15,El Dorado,017,186661,1318,1265,2,1267,4
2020-10-15,Fresno,019,978130,32580,29727,427,30154,425
2020-10-15,Glenn,021,27897,643,632,0,632,3
2020-10-15,Humboldt,023,135768,547,531,1,532,7
2020-10-15,Imperial,025,180216,12516,11820,8,11828,330
2020-10-15,Inyo,027,18085,223,210,1,211,14
2020-10-15,Kern,029,883053,33368,32593,380,32973,427
2020-10-15,Kings,031,150075,8280,8134,52,8186,80
2020-10-15,Lake,033,64148,689,642,0,642,14
2020-10-15,Lassen,035,31185,764,752,2,754,0
2020-10-15,Los Angeles,037,10098052,291054,284019,2662,286681,6807
2020-10-15,Madera,039,155013,4908,4723,31,4754,50
2020-10-15,Marin,041,260295,7037,6912,18,6930,99
2020-10-15,Mariposa,043,17540,79,76,0,76,2
2020-10-15,Mendocino,045,87422,1038,963,2,965,21
2020-10-15,Merced,047,269075,9344,9213,27,9240,147
2020-10-15,Modoc,049,8938,30,26,0,26,0
2020-10-15,Mono,051,14174,174,155,4,159,1
2020-10-15,Monterey,053,433212,10969,10677,44,10721,79
2020-10-15,Napa,055,140530,1930,1842,5,1847,12
2020-10-15,Nevada,057,99092,604,575,16,591,8
2020-10-15,Orange,059,3164182,58750,55952,1679,57631,1379
2020-10-15,Placer,061,380077,4053,3848,13,3861,48
2020-10-15,Plumas,063,18699,58,52,0,52,0
2020-10-15,Riverside,065,2383286,64705,62819,240,63059,1266
2020-10-15,Sacramento,067,1510023,24626,24068,18,24086,474
2020-10-15,San Benito,069,59416,1396,1384,1,1385,14
2020-10-15,San Bernardino,071,2135413,60646,58068,238,58306,1067
2020-10-15,San Diego,073,3302833,53595,51472,1367,52839,847
2020-10-15,San Francisco,075,870044,11955,11808,39,11847,126
2020-10-15,San Joaquin,077,732212,21324,20880,142,21022,487
2020-10-15,San Luis Obispo,079,281455,4113,3934,17,3951,32
2020-10-15,San Mateo,081,765935,11020,10340,7,10347,152
2020-10-15,Santa Barbara,083,443738,10132,9526,72,9598,117
2020-10-15,Santa Clara,085,1922200,24045,22808,34,22842,343
2020-10-15,Santa Cruz,087,273765,2725,2656,35,2691,13
2020-10-15,Shasta,089,179085,1921,1635,18,1653,20
2020-10-15,Sierra,091,2930,6,6,0,6,0
2020-10-15,Siskiyou,093,43540,174,166,10,176,0
2020-10-15,Solano,095,438530,7073,6830,41,6871,55
2020-10-15,Sonoma,097,501317,9004,8571,22,8593,133
2020-10-15,Stanislaus,099,539301,17339,17151,686,17837,366
2020-10-15,Sutter,101,95872,1792,1752,1,1753,12
2020-10-15,Tehama,103,63373,796,726,2,728,3
2020-10-15,Trinity,105,12862,43,20,6,26,0
2020-10-15,Tulare,107,460477,17357,16918,272,17190,289
2020-10-15,Tuolumne,109,53932,260,236,2,238,4
2020-10-15,Ventura,111,848112,14258,13750,296,14046,152
2020-10-15,Yolo,113,214977,3108,3014,7,3021,55
2020-10-15,Yuba,115,75493,1196,1151,5,1156,10
2020-10-14,Alameda,001,1643700,22855,22227,220,22447,398
2020-10-14,Alpine,003,1148,4,3,0,3,0
2020-10-14,Amador,005,37829,313,308,0,308,16
2020-10-14,Butte,007,227075,3097,2995,24,3019,54
2020-10-14,Calaveras,009,45235,328,266,0,266,12
2020-10-14,Colusa,011,21464,542,543,1,544,6
2020-10-14,Contra Costa,013,1133247,18364,17820,93,17913,236
2020-10-14,Del Norte,015,27424,168,163,0,163,2
2020-10-14,El Dorado,017,186661,1312,1264,2,1266,4
2020-10-14,Fresno,019,978130,32468,29650,422,30072,424
2020-10-14,Glenn,021,27897,642,629,0,629,3
2020-10-14,Humboldt,023,135768,544,531,1,532,7
2020-10-14,Imperial,025,180216,12479,11765,7,11772,330
2020-10-14,Inyo,027,18085,222,209,1,210,14
2020-10-14,Kern,029,883053,33294,32528,377,32905,425
2020-10-14,Kings,031,150075,8263,8118,51,8169,80
2020-10-14,Lake,033,64148,688,642,0,642,14
2020-10-14,Lassen,035,31185,762,752,2,754,0
2020-10-14,Los Angeles,037,10098052,289743,282918,2615,285533,6786
2020-10-14,Madera,039,155013,4893,4713,30,4743,50
2020-10-14,Marin,041,260295,7031,6907,18,6925,99
2020-10-14,Mariposa,043,17540,78,76,0,76,2
2020-10-14,Mendocino,045,87422,1032,955,2,957,21
2020-10-14,Merced,047,269075,9319,9201,25,9226,147
2020-10-14,Modoc,049,8938,30,27,0,27,0
2020-10-14,Mono,051,14174,174,155,4,159,1
2020-10-14,Monterey,053,433212,10918,10616,44,10660,78
2020-10-14,Napa,055,140530,1913,1837,5,1842,12
2020-10-14,Nevada,057,99092,602,573,16,589,7
2020-10-14,Orange,059,3164182,58539,55756,1668,57424,1348
2020-10-14,Placer,061,380077,4030,3829,13,3842,48
2020-10-14,Plumas,063,18699,54,52,0,52,0
2020-10-14,Riverside,065,2383286,64422,62607,239,62846,1261
2020-10-14,Sacramento,067,1510023,24483,24013,18,24031,472
2020-10-14,San Benito,069,59416,1394,1381,0,1381,14
2020-10-14,San Bernardino,071,2135413,60320,57774,235,58009,1063
2020-10-14,San Diego,073,3302833,53277,51329,1343,52672,844
2020-10-14,San Francisco,075,870044,11923,11783,38,11821,123
2020-10-14,San Joaquin,077,732212,21245,20845,128,20973,487
2020-10-14,San Luis Obispo,079,281455,4090,3901,16,3917,32
2020-10-14,San Mateo,081,765935,10969,10309,7,10316,132
2020-10-14,Santa Barbara,083,443738,10097,9509,72,9581,117
2020-10-14,Santa Clara,085,1922200,23897,22735,34,22769,343
2020-10-14,Santa Cruz,087,273765,2715,2618,35,2653,13
2020-10-14,Shasta,089,179085,1883,1553,18,1571,20
2020-10-14,Sierra,091,2930,6,6,0,6,0
2020-10-14,Siskiyou,093,43540,174,166,10,176,0
2020-10-14,Solano,095,438530,7017,6786,41,6827,55
2020-10-14,Sonoma,097,501317,8951,8514,22,8536,133
2020-10-14,Stanislaus,099,539301,17294,17105,683,17788,365
2020-10-14,Sutter,101,95872,1783,1747,1,1748,12
2020-10-14,Tehama,103,63373,785,721,2,723,3
2020-10-14,Trinity,105,12862,42,20,6,26,0
2020-10-14,Tulare,107,460477,17295,16863,259,17122,287
2020-10-14,Tuolumne,109,53932,259,236,2,238,4
2020-10-14,Ventura,111,848112,14205,13697,292,13989,152
2020-10-14,Yolo,113,214977,3090,3007,7,3014,55
2020-10-14,Yuba,115,75493,1188,1147,5,1152,10
2020-10-13,Alameda,001,1643700,22751,22185,218,22403,389
2020-10-13,Alpine,003,1148,4,3,0,3,0
2020-10-13,Amador,005,37829,311,306,0,306,16
2020-10-13,Butte,007,227075,3088,2992,24,3016,54
2020-10-13,Calaveras,009,45235,324,262,0,262,12
2020-10-13,Colusa,011,21464,542,541,1,542,6
2020-10-13,Contra Costa,013,1133247,18306,17783,93,17876,234
2020-10-13,Del Norte,015,27424,168,163,0,163,2
2020-10-13,El Dorado,017,186661,1303,1262,2,1264,4
2020-10-13,Fresno,019,978130,32348,29579,418,29997,424
2020-10-13,Glenn,021,27897,641,629,0,629,3
2020-10-13,Humboldt,023,135768,542,523,1,524,7
2020-10-13,Imperial,025,180216,12444,11727,7,11734,327
2020-10-13,Inyo,027,18085,219,207,1,208,14
2020-10-13,Kern,029,883053,33220,32497,375,32872,419
2020-10-13,Kings,031,150075,8254,8111,51,8162,80
2020-10-13,Lake,033,64148,685,639,0,639,12
2020-10-13,Lassen,035,31185,760,752,2,754,0
2020-10-13,Los Angeles,037,10098052,288468,281716,2572,284288,6767
2020-10-13,Madera,039,155013,4875,4700,30,4730,50
2020-10-13,Marin,041,260295,7009,6900,18,6918,97
2020-10-13,Mariposa,043,17540,78,76,0,76,2
2020-10-13,Mendocino,045,87422,1023,950,2,952,21
2020-10-13,Merced,047,269075,9302,9181,25,9206,146
2020-10-13,Modoc,049,8938,29,28,0,28,0
2020-10-13,Mono,051,14174,174,155,3,158,1
2020-10-13,Monterey,053,433212,10857,10574,43,10617,78
2020-10-13,Napa,055,140530,1904,1825,5,1830,12
2020-10-13,Nevada,057,99092,596,572,16,588,7
2020-10-13,Orange,059,3164182,58327,55515,1654,57169,1326
2020-10-13,Placer,061,380077,3993,3825,13,3838,48
2020-10-13,Plumas,063,18699,52,51,0,51,0
2020-10-13,Riverside,065,2383286,64103,62279,237,62516,1254
2020-10-13,Sacramento,067,1510023,24406,23930,18,23948,466
2020-10-13,San Benito,069,59416,1386,1380,0,1380,14
2020-10-13,San Bernardino,071,2135413,59981,57411,233,57644,1061
2020-10-13,San Diego,073,3302833,52985,51026,1326,52352,840
2020-10-13,San Francisco,075,870044,11888,11659,38,11697,122
2020-10-13,San Joaquin,077,732212,21183,20822,124,20946,481
2020-10-13,San Luis Obispo,079,281455,4079,3892,15,3907,32
2020-10-13,San Mateo,081,765935,10926,10286,7,10293,130
2020-10-13,Santa Barbara,083,443738,10066,9489,72,9561,117
2020-10-13,Santa Clara,085,1922200,23771,22678,34,22712,343
2020-10-13,Santa Cruz,087,273765,2697,2603,35,2638,13
2020-10-13,Shasta,089,179085,1859,1606,18,1624,20
2020-10-13,Sierra,091,2930,6,6,0,6,0
2020-10-13,Siskiyou,093,43540,173,163,10,173,0
2020-10-13,Solano,095,438530,6982,6761,41,6802,55
2020-10-13,Sonoma,097,501317,8868,8456,22,8478,133
2020-10-13,Stanislaus,099,539301,17249,17082,678,17760,362
2020-10-13,Sutter,101,95872,1774,1748,1,1749,12
2020-10-13,Tehama,103,63373,777,717,2,719,3
2020-10-13,Trinity,105,12862,38,19,5,24,0
2020-10-13,Tulare,107,460477,17236,16822,251,17073,286
2020-10-13,Tuolumne,109,53932,257,235,2,237,4
2020-10-13,Ventura,111,848112,14152,13645,287,13932,151
2020-10-13,Yolo,113,214977,3082,2983,6,2989,55
2020-10-13,Yuba,115,75493,1183,1143,5,1148,10
2020-10-12,Alameda,001,1643700,22672,22126,217,22343,389
2020-10-12,Alpine,003,1148,4,3,0,3,0
2020-10-12,Amador,005,37829,310,305,0,305,16
2020-10-12,Butte,007,227075,3082,2975,24,2999,54
2020-10-12,Calaveras,009,45235,324,262,0,262,12
2020-10-12,Colusa,011,21464,542,541,1,542,6
2020-10-12,Contra Costa,013,1133247,18231,17728,93,17821,233
2020-10-12,Del Norte,015,27424,168,161,0,161,2
2020-10-12,El Dorado,017,186661,1300,1254,2,1256,4
2020-10-12,Fresno,019,978130,32215,29523,414,29937,421
2020-10-12,Glenn,021,27897,640,626,0,626,3
2020-10-12,Humboldt,023,135768,539,522,1,523,7
2020-10-12,Imperial,025,180216,12405,11689,7,11696,328
2020-10-12,Inyo,027,18085,216,201,1,202,14
2020-10-12,Kern,029,883053,33127,32425,372,32797,419
2020-10-12,Kings,031,150075,8248,8106,50,8156,80
2020-10-12,Lake,033,64148,679,633,0,633,12
2020-10-12,Lassen,035,31185,760,752,2,754,0
2020-10-12,Los Angeles,037,10098052,287255,280961,2541,283502,6747
2020-10-12,Madera,039,155013,4856,4689,30,4719,50
2020-10-12,Marin,041,260295,6992,6886,18,6904,97
2020-10-12,Mariposa,043,17540,78,76,0,76,2
2020-10-12,Mendocino,045,87422,1017,947,2,949,21
2020-10-12,Merced,047,269075,9281,9141,25,9166,146
2020-10-12,Modoc,049,8938,29,27,0,27,0
2020-10-12,Mono,051,14174,174,154,3,157,1
2020-10-12,Monterey,053,433212,10791,10473,43,10516,77
2020-10-12,Napa,055,140530,1896,1819,5,1824,11
2020-10-12,Nevada,057,99092,592,570,16,586,7
2020-10-12,Orange,059,3164182,58097,55373,1644,57017,1326
2020-10-12,Placer,061,380077,3960,3808,12,3820,48
2020-10-12,Plumas,063,18699,52,51,0,51,0
2020-10-12,Riverside,065,2383286,63791,62279,234,62513,1254
2020-10-12,Sacramento,067,1510023,24300,23807,18,23825,466
2020-10-12,San Benito,069,59416,1383,1376,0,1376,13
2020-10-12,San Bernardino,071,2135413,59611,57235,232,57467,1061
2020-10-12,San Diego,073,3302833,52695,50748,1299,52047,826
2020-10-12,San Francisco,075,870044,11856,11659,38,11697,122
2020-10-12,San Joaquin,077,732212,21120,20701,118,20819,480
2020-10-12,San Luis Obispo,079,281455,4055,3874,15,3889,32
2020-10-12,San Mateo,081,765935,10878,10262,7,10269,130
2020-10-12,Santa Barbara,083,443738,10029,9462,72,9534,117
2020-10-12,Santa Clara,085,1922200,23656,22578,34,22612,343
2020-10-12,Santa Cruz,087,273765,2680,2590,35,2625,13
2020-10-12,Shasta,089,179085,1834,1515,18,1533,20
2020-10-12,Sierra,091,2930,6,6,0,6,0
2020-10-12,Siskiyou,093,43540,172,162,10,172,0
2020-10-12,Solano,095,438530,6943,6742,41,6783,55
2020-10-12,Sonoma,097,501317,8797,8377,22,8399,133
2020-10-12,Stanislaus,099,539301,17200,17051,669,17720,361
2020-10-12,Sutter,101,95872,1766,1741,1,1742,12
2020-10-12,Tehama,103,63373,761,708,2,710,3
2020-10-12,Trinity,105,12862,37,19,5,24,0
2020-10-12,Tulare,107,460477,17184,16742,244,16986,286
2020-10-12,Tuolumne,109,53932,252,234,2,236,4
2020-10-12,Ventura,111,848112,14090,13617,283,13900,151
2020-10-12,Yolo,113,214977,3067,2964,6,2970,55
2020-10-12,Yuba,115,75493,1172,1141,5,1146,10
2020-10-11,Alameda,001,1643700,22583,22057,213,22270,392
2020-10-11,Alpine,003,1148,4,3,0,3,0
2020-10-11,Amador,005,37829,308,305,0,305,16
2020-10-11,Butte,007,227075,3074,2967,23,2990,54
2020-10-11,Calaveras,009,45235,322,262,0,262,12
2020-10-11,Colusa,011,21464,540,541,1,542,6
2020-10-11,Contra Costa,013,1133247,18149,17678,93,17771,233
2020-10-11,Del Norte,015,27424,166,161,0,161,2
2020-10-11,El Dorado,017,186661,1291,1242,2,1244,4
2020-10-11,Fresno,019,978130,32078,29419,407,29826,421
2020-10-11,Glenn,021,27897,638,625,0,625,3
2020-10-11,Humboldt,023,135768,538,521,1,522,7
2020-10-11,Imperial,025,180216,12345,11614,7,11621,328
2020-10-11,Inyo,027,18085,212,201,1,202,14
2020-10-11,Kern,029,883053,33040,32399,365,32764,418
2020-10-11,Kings,031,150075,8231,8094,49,8143,80
2020-10-11,Lake,033,64148,666,631,0,631,12
2020-10-11,Lassen,035,31185,759,752,2,754,0
2020-10-11,Los Angeles,037,10098052,285818,280190,2499,282689,6745
2020-10-11,Madera,039,155013,4828,4680,29,4709,50
2020-10-11,Marin,041,260295,6983,6870,18,6888,97
2020-10-11,Mariposa,043,17540,78,76,0,76,2
2020-10-11,Mendocino,045,87422,1010,944,2,946,21
2020-10-11,Merced,047,269075,9263,9124,25,9149,146
2020-10-11,Modoc,049,8938,29,27,0,27,0
2020-10-11,Mono,051,14174,174,154,3,157,1
2020-10-11,Monterey,053,433212,10740,10445,41,10486,77
2020-10-11,Napa,055,140530,1880,1811,5,1816,11
2020-10-11,Nevada,057,99092,590,569,16,585,7
2020-10-11,Orange,059,3164182,57868,55202,1637,56839,1326
2020-10-11,Placer,061,380077,3939,3787,12,3799,48
2020-10-11,Plumas,063,18699,52,51,0,51,0
2020-10-11,Riverside,065,2383286,63502,62112,230,62342,1254
2020-10-11,Sacramento,067,1510023,24158,23778,18,23796,466
2020-10-11,San Benito,069,59416,1382,1374,0,1374,13
2020-10-11,San Bernardino,071,2135413,59158,56997,228,57225,1061
2020-10-11,San Diego,073,3302833,52346,50553,1277,51830,826
2020-10-11,San Francisco,075,870044,11813,11659,38,11697,122
2020-10-11,San Joaquin,077,732212,21045,20700,108,20808,480
2020-10-11,San Luis Obispo,079,281455,4038,3874,14,3888,32
2020-10-11,San Mateo,081,765935,10847,10240,7,10247,130
2020-10-11,Santa Barbara,083,443738,9999,9440,71,9511,117
2020-10-11,Santa Clara,085,1922200,23513,22487,33,22520,336
2020-10-11,Santa Cruz,087,273765,2666,2578,35,2613,13
2020-10-11,Shasta,089,179085,1804,1515,17,1532,20
2020-10-11,Sierra,091,2930,6,6,0,6,0
2020-10-11,Siskiyou,093,43540,171,162,10,172,0
2020-10-11,Solano,095,438530,6889,6685,41,6726,53
2020-10-11,Sonoma,097,501317,8740,8319,22,8341,133
2020-10-11,Stanislaus,099,539301,17137,17007,652,17659,360
2020-10-11,Sutter,101,95872,1763,1742,1,1743,12
2020-10-11,Tehama,103,63373,737,702,2,704,3
2020-10-11,Trinity,105,12862,37,19,5,24,0
2020-10-11,Tulare,107,460477,17121,16741,236,16977,286
2020-10-11,Tuolumne,109,53932,248,234,2,236,4
2020-10-11,Ventura,111,848112,14029,13604,278,13882,151
2020-10-11,Yolo,113,214977,3037,2952,6,2958,55
2020-10-11,Yuba,115,75493,1160,1137,5,1142,10
2020-10-10,Alameda,001,1643700,22533,21979,212,22191,398
2020-10-10,Alpine,003,1148,4,3,0,3,0
2020-10-10,Amador,005,37829,307,304,0,304,16
2020-10-10,Butte,007,227075,3069,2962,22,2984,54
2020-10-10,Calaveras,009,45235,321,262,0,262,12
2020-10-10,Colusa,011,21464,540,541,1,542,6
2020-10-10,Contra Costa,013,1133247,18113,17566,92,17658,233
2020-10-10,Del Norte,015,27424,166,161,0,161,2
2020-10-10,El Dorado,017,186661,1289,1240,2,1242,4
2020-10-10,Fresno,019,978130,32015,29286,405,29691,421
2020-10-10,Glenn,021,27897,638,623,0,623,3
2020-10-10,Humboldt,023,135768,535,518,1,519,7
2020-10-10,Imperial,025,180216,12330,11591,7,11598,327
2020-10-10,Inyo,027,18085,209,201,1,202,14
2020-10-10,Kern,029,883053,33003,32338,365,32703,418
2020-10-10,Kings,031,150075,8227,8078,49,8127,80
2020-10-10,Lake,033,64148,665,630,0,630,11
2020-10-10,Lassen,035,31185,759,752,2,754,0
2020-10-10,Los Angeles,037,10098052,285098,279213,2465,281678,6743
2020-10-10,Madera,039,155013,4815,4662,29,4691,50
2020-10-10,Marin,041,260295,6974,6852,18,6870,97
2020-10-10,Mariposa,043,17540,78,76,0,76,2
2020-10-10,Mendocino,045,87422,1003,935,2,937,21
2020-10-10,Merced,047,269075,9257,9105,24,9129,146
2020-10-10,Modoc,049,8938,29,27,0,27,0
2020-10-10,Mono,051,14174,174,154,3,157,1
2020-10-10,Monterey,053,433212,10707,10410,41,10451,75
2020-10-10,Napa,055,140530,1873,1804,5,1809,11
2020-10-10,Nevada,057,99092,587,564,16,580,6
2020-10-10,Orange,059,3164182,57747,54965,1632,56597,1324
2020-10-10,Placer,061,380077,3922,3757,12,3769,48
2020-10-10,Plumas,063,18699,52,51,0,51,0
2020-10-10,Riverside,065,2383286,63299,61845,227,62072,1254
2020-10-10,Sacramento,067,1510023,24091,23689,18,23707,466
2020-10-10,San Benito,069,59416,1380,1370,0,1370,13
2020-10-10,San Bernardino,071,2135413,58996,56683,227,56910,1061
2020-10-10,San Diego,073,3302833,52116,50145,1259,51404,825
2020-10-10,San Francisco,075,870044,11792,11663,38,11701,122
2020-10-10,San Joaquin,077,732212,21017,20700,104,20804,481
2020-10-10,San Luis Obispo,079,281455,4018,3832,14,3846,32
2020-10-10,San Mateo,081,765935,10810,10218,7,10225,130
2020-10-10,Santa Barbara,083,443738,9988,9417,71,9488,116
2020-10-10,Santa Clara,085,1922200,23421,22354,33,22387,330
2020-10-10,Santa Cruz,087,273765,2652,2572,35,2607,13
2020-10-10,Shasta,089,179085,1787,1473,17,1490,20
2020-10-10,Sierra,091,2930,6,6,0,6,0
2020-10-10,Siskiyou,093,43540,171,161,10,171,0
2020-10-10,Solano,095,438530,6863,6655,41,6696,53
2020-10-10,Sonoma,097,501317,8720,8235,22,8257,133
2020-10-10,Stanislaus,099,539301,17102,16960,644,17604,360
2020-10-10,Sutter,101,95872,1760,1735,1,1736,12
2020-10-10,Tehama,103,63373,730,693,2,695,3
2020-10-10,Trinity,105,12862,37,19,5,24,0
2020-10-10,Tulare,107,460477,17087,16709,231,16940,286
2020-10-10,Tuolumne,109,53932,248,233,2,235,4
2020-10-10,Ventura,111,848112,14004,13520,278,13798,151
2020-10-10,Yolo,113,214977,3028,2939,6,2945,55
2020-10-10,Yuba,115,75493,1158,1134,5,1139,10
2020-10-09,Alameda,001,1643700,22485,21924,212,22136,399
2020-10-09,Alpine,003,1148,4,3,0,3,0
2020-10-09,Amador,005,37829,307,303,0,303,16
2020-10-09,Butte,007,227075,3066,2956,22,2978,51
2020-10-09,Calaveras,009,45235,319,262,0,262,11
2020-10-09,Colusa,011,21464,540,541,1,542,6
2020-10-09,Contra Costa,013,1133247,18063,17487,92,17579,229
2020-10-09,Del Norte,015,27424,165,161,0,161,2
2020-10-09,El Dorado,017,186661,1285,1234,2,1236,4
2020-10-09,Fresno,019,978130,31942,29208,403,29611,417
2020-10-09,Glenn,021,27897,633,617,0,617,3
2020-10-09,Humboldt,023,135768,533,516,1,517,7
2020-10-09,Imperial,025,180216,12303,11516,7,11523,330
2020-10-09,Inyo,027,18085,206,200,1,201,14
2020-10-09,Kern,029,883053,32960,32237,363,32600,417
2020-10-09,Kings,031,150075,8220,7993,47,8040,80
2020-10-09,Lake,033,64148,655,610,0,610,11
2020-10-09,Lassen,035,31185,759,751,2,753,0
2020-10-09,Los Angeles,037,10098052,283964,278039,2440,280479,6715
2020-10-09,Madera,039,155013,4805,4646,29,4675,50
2020-10-09,Marin,041,260295,6960,6838,18,6856,96
2020-10-09,Mariposa,043,17540,78,76,0,76,2
2020-10-09,Mendocino,045,87422,993,933,2,935,20
2020-10-09,Merced,047,269075,9243,9095,24,9119,145
2020-10-09,Modoc,049,8938,29,27,0,27,0
2020-10-09,Mono,051,14174,174,154,3,157,1
2020-10-09,Monterey,053,433212,10673,10369,41,10410,75
2020-10-09,Napa,055,140530,1863,1795,5,1800,11
2020-10-09,Nevada,057,99092,582,561,16,577,6
2020-10-09,Orange,059,3164182,57578,54746,1626,56372,1305
2020-10-09,Placer,061,380077,3909,3737,12,3749,48
2020-10-09,Plumas,063,18699,52,50,0,50,0
2020-10-09,Riverside,065,2383286,63063,61529,226,61755,1252
2020-10-09,Sacramento,067,1510023,24021,23606,18,23624,457
2020-10-09,San Benito,069,59416,1375,1367,0,1367,13
2020-10-09,San Bernardino,071,2135413,58756,56434,226,56660,1057
2020-10-09,San Diego,073,3302833,51840,49825,1248,51073,821
2020-10-09,San Francisco,075,870044,11762,11620,38,11658,120
2020-10-09,San Joaquin,077,732212,20988,20648,94,20742,481
2020-10-09,San Luis Obispo,079,281455,3999,3810,14,3824,32
2020-10-09,San Mateo,081,765935,10782,10140,7,10147,130
2020-10-09,Santa Barbara,083,443738,9960,9396,71,9467,116
2020-10-09,Santa Clara,085,1922200,23319,22251,32,22283,328
2020-10-09,Santa Cruz,087,273765,2643,2555,35,2590,13
2020-10-09,Shasta,089,179085,1760,1353,16,1369,20
2020-10-09,Sierra,091,2930,6,6,0,6,0
2020-10-09,Siskiyou,093,43540,169,156,10,166,0
2020-10-09,Solano,095,438530,6824,6614,41,6655,53
2020-10-09,Sonoma,097,501317,8666,8133,22,8155,133
2020-10-09,Stanislaus,099,539301,17079,16904,635,17539,362
2020-10-09,Sutter,101,95872,1756,1732,1,1733,12
2020-10-09,Tehama,103,63373,724,682,2,684,3
2020-10-09,Trinity,105,12862,37,25,5,30,0
2020-10-09,Tulare,107,460477,17047,16644,222,16866,286
2020-10-09,Tuolumne,109,53932,245,230,2,232,4
2020-10-09,Ventura,111,848112,13968,13469,275,13744,151
2020-10-09,Yolo,113,214977,3021,2928,6,2934,55
2020-10-09,Yuba,115,75493,1157,1129,5,1134,10
2020-10-08,Alameda,001,1643700,22405,21826,211,22037,395
2020-10-08,Alpine,003,1148,4,3,0,3,0
2020-10-08,Amador,005,37829,306,302,0,302,16
2020-10-08,Butte,007,227075,3056,2935,22,2957,51
2020-10-08,Calaveras,009,45235,318,262,0,262,11
2020-10-08,Colusa,011,21464,540,539,1,540,6
2020-10-08,Contra Costa,013,1133247,18003,17418,91,17509,228
2020-10-08,Del Norte,015,27424,165,151,0,151,2
2020-10-08,El Dorado,017,186661,1284,1230,2,1232,4
2020-10-08,Fresno,019,978130,31837,29111,403,29514,416
2020-10-08,Glenn,021,27897,630,616,0,616,3
2020-10-08,Humboldt,023,135768,529,515,1,516,7
2020-10-08,Imperial,025,180216,12264,11405,7,11412,330
2020-10-08,Inyo,027,18085,203,199,1,200,14
2020-10-08,Kern,029,883053,32902,32169,358,32527,411
2020-10-08,Kings,031,150075,8214,7968,47,8015,80
2020-10-08,Lake,033,64148,650,604,0,604,11
2020-10-08,Lassen,035,31185,754,751,2,753,0
2020-10-08,Los Angeles,037,10098052,282767,276763,2399,279162,6699
2020-10-08,Madera,039,155013,4786,4637,29,4666,50
2020-10-08,Marin,041,260295,6946,6810,18,6828,96
2020-10-08,Mariposa,043,17540,78,76,0,76,2
2020-10-08,Mendocino,045,87422,988,930,2,932,20
2020-10-08,Merced,047,269075,9223,9069,24,9093,144
2020-10-08,Modoc,049,8938,29,27,0,27,0
2020-10-08,Mono,051,14174,174,153,3,156,1
2020-10-08,Monterey,053,433212,10606,10343,41,10384,75
2020-10-08,Napa,055,140530,1848,1779,5,1784,11
2020-10-08,Nevada,057,99092,579,556,16,572,6
2020-10-08,Orange,059,3164182,57384,54523,1614,56137,1293
2020-10-08,Placer,061,380077,3891,3715,12,3727,48
2020-10-08,Plumas,063,18699,52,50,0,50,0
2020-10-08,Riverside,065,2383286,62795,61105,224,61329,1244
2020-10-08,Sacramento,067,1510023,23913,23482,18,23500,454
2020-10-08,San Benito,069,59416,1370,1367,0,1367,13
2020-10-08,San Bernardino,071,2135413,58393,56152,225,56377,1048
2020-10-08,San Diego,073,3302833,51560,49468,1216,50684,819
2020-10-08,San Francisco,075,870044,11725,11608,38,11646,115
2020-10-08,San Joaquin,077,732212,20937,20576,89,20665,478
2020-10-08,San Luis Obispo,079,281455,3983,3785,14,3799,32
2020-10-08,San Mateo,081,765935,10750,10044,7,10051,130
2020-10-08,Santa Barbara,083,443738,9930,9374,71,9445,116
2020-10-08,Santa Clara,085,1922200,23217,22095,32,22127,323
2020-10-08,Santa Cruz,087,273765,2631,2535,35,2570,13
2020-10-08,Shasta,089,179085,1726,1305,16,1321,20
2020-10-08,Sierra,091,2930,6,6,0,6,0
2020-10-08,Siskiyou,093,43540,169,156,10,166,0
2020-10-08,Solano,095,438530,6800,6556,41,6597,53
2020-10-08,Sonoma,097,501317,8600,8063,22,8085,132
2020-10-08,Stanislaus,099,539301,17033,16821,627,17448,360
2020-10-08,Sutter,101,95872,1756,1725,1,1726,12
2020-10-08,Tehama,103,63373,715,676,2,678,3
2020-10-08,Trinity,105,12862,37,25,5,30,0
2020-10-08,Tulare,107,460477,16986,16573,213,16786,283
2020-10-08,Tuolumne,109,53932,244,230,2,232,4
2020-10-08,Ventura,111,848112,13921,13399,272,13671,151
2020-10-08,Yolo,113,214977,3004,2914,6,2920,55
2020-10-08,Yuba,115,75493,1152,1126,5,1131,10
2020-10-07,Alameda,001,1643700,22328,21736,211,21947,395
2020-10-07,Alpine,003,1148,4,3,0,3,0
2020-10-07,Amador,005,37829,306,302,0,302,16
2020-10-07,Butte,007,227075,3044,2927,22,2949,47
2020-10-07,Calaveras,009,45235,316,262,0,262,11
2020-10-07,Colusa,011,21464,539,539,0,539,6
2020-10-07,Contra Costa,013,1133247,17932,17346,90,17436,225
2020-10-07,Del Norte,015,27424,164,149,0,149,2
2020-10-07,El Dorado,017,186661,1276,1219,2,1221,4
2020-10-07,Fresno,019,978130,31715,29069,398,29467,413
2020-10-07,Glenn,021,27897,630,615,0,615,3
2020-10-07,Humboldt,023,135768,526,512,1,513,7
2020-10-07,Imperial,025,180216,12227,11289,7,11296,330
2020-10-07,Inyo,027,18085,203,199,1,200,14
2020-10-07,Kern,029,883053,32829,32068,357,32425,410
2020-10-07,Kings,031,150075,8199,7948,47,7995,80
2020-10-07,Lake,033,64148,649,599,0,599,11
2020-10-07,Lassen,035,31185,754,751,2,753,0
2020-10-07,Los Angeles,037,10098052,281591,275559,2361,277920,6681
2020-10-07,Madera,039,155013,4766,4618,29,4647,50
2020-10-07,Marin,041,260295,6919,6790,18,6808,95
2020-10-07,Mariposa,043,17540,78,75,0,75,2
2020-10-07,Mendocino,045,87422,982,927,2,929,19
2020-10-07,Merced,047,269075,9186,9045,23,9068,144
2020-10-07,Modoc,049,8938,29,27,0,27,0
2020-10-07,Mono,051,14174,173,153,2,155,1
2020-10-07,Monterey,053,433212,10547,10272,41,10313,75
2020-10-07,Napa,055,140530,1835,1774,5,1779,11
2020-10-07,Nevada,057,99092,575,552,16,568,6
2020-10-07,Orange,059,3164182,57165,54332,1604,55936,1277
2020-10-07,Placer,061,380077,3875,3693,12,3705,48
2020-10-07,Plumas,063,18699,52,50,0,50,0
2020-10-07,Riverside,065,2383286,62448,60857,220,61077,1241
2020-10-07,Sacramento,067,1510023,23816,23380,18,23398,452
2020-10-07,San Benito,069,59416,1367,1363,0,1363,13
2020-10-07,San Bernardino,071,2135413,58045,55738,224,55962,1043
2020-10-07,San Diego,073,3302833,51244,49177,1192,50369,813
2020-10-07,San Francisco,075,870044,11690,11551,38,11589,115
2020-10-07,San Joaquin,077,732212,20885,20527,81,20608,478
2020-10-07,San Luis Obispo,079,281455,3953,3749,14,3763,32
2020-10-07,San Mateo,081,765935,10708,9980,7,9987,130
2020-10-07,Santa Barbara,083,443738,9902,9350,70,9420,116
2020-10-07,Santa Clara,085,1922200,23090,21993,32,22025,320
2020-10-07,Santa Cruz,087,273765,2619,2518,35,2553,14
2020-10-07,Shasta,089,179085,1683,1268,16,1284,20
2020-10-07,Sierra,091,2930,6,6,0,6,0
2020-10-07,Siskiyou,093,43540,167,154,10,164,0
2020-10-07,Solano,095,438530,6765,6526,41,6567,53
2020-10-07,Sonoma,097,501317,8523,7993,21,8014,130
2020-10-07,Stanislaus,099,539301,16998,16786,621,17407,357
2020-10-07,Sutter,101,95872,1752,1723,1,1724,12
2020-10-07,Tehama,103,63373,706,666,2,668,3
2020-10-07,Trinity,105,12862,35,25,5,30,0
2020-10-07,Tulare,107,460477,16944,16483,204,16687,282
2020-10-07,Tuolumne,109,53932,244,227,2,229,3
2020-10-07,Ventura,111,848112,13871,13333,266,13599,150
2020-10-07,Yolo,113,214977,2978,2904,6,2910,55
2020-10-07,Yuba,115,75493,1146,1120,5,1125,10
2020-10-06,Alameda,001,1643700,22238,21698,209,21907,385
2020-10-06,Alpine,003,1148,4,3,0,3,0
2020-10-06,Amador,005,37829,304,301,0,301,16
2020-10-06,Butte,007,227075,3037,2925,22,2947,47
2020-10-06,Calaveras,009,45235,316,261,0,261,11
2020-10-06,Colusa,011,21464,538,538,0,538,6
2020-10-06,Contra Costa,013,1133247,17853,17295,90,17385,219
2020-10-06,Del Norte,015,27424,164,144,0,144,2
2020-10-06,El Dorado,017,186661,1272,1211,2,1213,4
2020-10-06,Fresno,019,978130,31573,29022,395,29417,412
2020-10-06,Glenn,021,27897,627,604,0,604,3
2020-10-06,Humboldt,023,135768,523,508,1,509,7
2020-10-06,Imperial,025,180216,12189,11196,7,11203,327
2020-10-06,Inyo,027,18085,201,198,1,199,14
2020-10-06,Kern,029,883053,32752,32006,355,32361,407
2020-10-06,Kings,031,150075,8183,7943,47,7990,81
2020-10-06,Lake,033,64148,643,596,0,596,11
2020-10-06,Lassen,035,31185,754,743,2,745,0
2020-10-06,Los Angeles,037,10098052,280358,274115,2308,276423,6657
2020-10-06,Madera,039,155013,4754,4608,29,4637,50
2020-10-06,Marin,041,260295,6905,6766,18,6784,91
2020-10-06,Mariposa,043,17540,78,75,0,75,2
2020-10-06,Mendocino,045,87422,975,920,2,922,19
2020-10-06,Merced,047,269075,9150,9034,22,9056,143
2020-10-06,Modoc,049,8938,29,26,0,26,0
2020-10-06,Mono,051,14174,173,153,2,155,1
2020-10-06,Monterey,053,433212,10491,10235,40,10275,72
2020-10-06,Napa,055,140530,1829,1770,5,1775,11
2020-10-06,Nevada,057,99092,573,551,16,567,6
2020-10-06,Orange,059,3164182,56950,54203,1596,55799,1273
2020-10-06,Placer,061,380077,3853,3680,12,3692,48
2020-10-06,Plumas,063,18699,52,49,0,49,0
2020-10-06,Riverside,065,2383286,62184,60593,217,60810,1238
2020-10-06,Sacramento,067,1510023,23729,23322,18,23340,442
2020-10-06,San Benito,069,59416,1366,1358,0,1358,12
2020-10-06,San Bernardino,071,2135413,57730,55416,222,55638,1040
2020-10-06,San Diego,073,3302833,50907,48823,1175,49998,806
2020-10-06,San Francisco,075,870044,11664,11513,37,11550,115
2020-10-06,San Joaquin,077,732212,20845,20481,78,20559,477
2020-10-06,San Luis Obispo,079,281455,3918,3723,14,3737,32
2020-10-06,San Mateo,081,765935,10675,9934,7,9941,129
2020-10-06,Santa Barbara,083,443738,9873,9331,69,9400,116
2020-10-06,Santa Clara,085,1922200,22995,21914,32,21946,320
2020-10-06,Santa Cruz,087,273765,2597,2510,35,2545,12
2020-10-06,Shasta,089,179085,1643,1242,16,1258,18
2020-10-06,Sierra,091,2930,6,6,0,6,0
2020-10-06,Siskiyou,093,43540,167,154,10,164,0
2020-10-06,Solano,095,438530,6719,6506,41,6547,52
2020-10-06,Sonoma,097,501317,8431,7895,21,7916,130
2020-10-06,Stanislaus,099,539301,16953,16759,615,17374,354
2020-10-06,Sutter,101,95872,1750,1722,1,1723,12
2020-10-06,Tehama,103,63373,697,660,2,662,3
2020-10-06,Trinity,105,12862,35,25,5,30,0
2020-10-06,Tulare,107,460477,16902,16456,195,16651,280
2020-10-06,Tuolumne,109,53932,243,227,2,229,2
2020-10-06,Ventura,111,848112,13804,13242,261,13503,150
2020-10-06,Yolo,113,214977,2964,2899,6,2905,56
2020-10-06,Yuba,115,75493,1145,1114,5,1119,10
2020-10-05,Alameda,001,1643700,22150,21637,206,21843,383
2020-10-05,Alpine,003,1148,4,2,0,2,0
2020-10-05,Amador,005,37829,304,299,0,299,16
2020-10-05,Butte,007,227075,3027,2910,22,2932,46
2020-10-05,Calaveras,009,45235,316,259,0,259,11
2020-10-05,Colusa,011,21464,538,537,0,537,6
2020-10-05,Contra Costa,013,1133247,17776,17250,90,17340,216
2020-10-05,Del Norte,015,27424,161,142,0,142,2
2020-10-05,El Dorado,017,186661,1268,1202,2,1204,4
2020-10-05,Fresno,019,978130,31456,29136,395,29531,408
2020-10-05,Glenn,021,27897,625,603,0,603,3
2020-10-05,Humboldt,023,135768,522,506,1,507,6
2020-10-05,Imperial,025,180216,12150,11169,7,11176,327
2020-10-05,Inyo,027,18085,201,197,1,198,14
2020-10-05,Kern,029,883053,32672,31933,351,32284,404
2020-10-05,Kings,031,150075,8086,7932,47,7979,80
2020-10-05,Lake,033,64148,639,592,0,592,10
2020-10-05,Lassen,035,31185,753,743,2,745,0
2020-10-05,Los Angeles,037,10098052,279278,273200,2264,275464,6632
2020-10-05,Madera,039,155013,4746,4598,27,4625,50
2020-10-05,Marin,041,260295,6888,6751,18,6769,91
2020-10-05,Mariposa,043,17540,78,75,0,75,2
2020-10-05,Mendocino,045,87422,967,913,2,915,19
2020-10-05,Merced,047,269075,9131,9021,21,9042,143
2020-10-05,Modoc,049,8938,29,26,0,26,0
2020-10-05,Mono,051,14174,173,152,2,154,1
2020-10-05,Monterey,053,433212,10444,10187,40,10227,72
2020-10-05,Napa,055,140530,1819,1760,5,1765,11
2020-10-05,Nevada,057,99092,570,550,15,565,6
2020-10-05,Orange,059,3164182,56736,54103,1581,55684,1271
2020-10-05,Placer,061,380077,3827,3670,12,3682,46
2020-10-05,Plumas,063,18699,51,49,0,49,0
2020-10-05,Riverside,065,2383286,61865,60454,213,60667,1232
2020-10-05,Sacramento,067,1510023,23625,23207,18,23225,438
2020-10-05,San Benito,069,59416,1363,1356,0,1356,12
2020-10-05,San Bernardino,071,2135413,57423,55100,222,55322,1031
2020-10-05,San Diego,073,3302833,50571,48662,1151,49813,803
2020-10-05,San Francisco,075,870044,11625,11476,34,11510,110
2020-10-05,San Joaquin,077,732212,20774,20319,75,20394,476
2020-10-05,San Luis Obispo,079,281455,3892,3710,14,3724,32
2020-10-05,San Mateo,081,765935,10648,9896,7,9903,128
2020-10-05,Santa Barbara,083,443738,9851,9309,69,9378,116
2020-10-05,Santa Clara,085,1922200,22880,21861,32,21893,319
2020-10-05,Santa Cruz,087,273765,2585,2492,35,2527,9
2020-10-05,Shasta,089,179085,1610,1158,16,1174,18
2020-10-05,Sierra,091,2930,6,6,0,6,0
2020-10-05,Siskiyou,093,43540,167,153,10,163,0
2020-10-05,Solano,095,438530,6680,6475,41,6516,52
2020-10-05,Sonoma,097,501317,8339,7817,21,7838,130
2020-10-05,Stanislaus,099,539301,16918,16730,608,17338,351
2020-10-05,Sutter,101,95872,1742,1719,1,1720,12
2020-10-05,Tehama,103,63373,689,642,2,644,3
2020-10-05,Trinity,105,12862,35,22,5,27,0
2020-10-05,Tulare,107,460477,16844,16343,191,16534,278
2020-10-05,Tuolumne,109,53932,240,226,2,228,2
2020-10-05,Ventura,111,848112,13736,13224,240,13464,149
2020-10-05,Yolo,113,214977,2945,2889,6,2895,56
2020-10-05,Yuba,115,75493,1132,1108,5,1113,9
2020-10-04,Alameda,001,1643700,22054,21597,206,21803,383
2020-10-04,Alpine,003,1148,4,2,0,2,0
2020-10-04,Amador,005,37829,302,297,0,297,16
2020-10-04,Butte,007,227075,3013,2903,22,2925,46
2020-10-04,Calaveras,009,45235,316,259,0,259,11
2020-10-04,Colusa,011,21464,537,537,0,537,6
2020-10-04,Contra Costa,013,1133247,17711,17192,90,17282,214
2020-10-04,Del Norte,015,27424,157,142,0,142,2
2020-10-04,El Dorado,017,186661,1264,1196,2,1198,4
2020-10-04,Fresno,019,978130,31333,29065,395,29460,408
2020-10-04,Glenn,021,27897,623,601,0,601,3
2020-10-04,Humboldt,023,135768,521,506,1,507,6
2020-10-04,Imperial,025,180216,12110,11127,7,11134,327
2020-10-04,Inyo,027,18085,198,195,1,196,14
2020-10-04,Kern,029,883053,32598,31906,349,32255,404
2020-10-04,Kings,031,150075,8071,7919,47,7966,80
2020-10-04,Lake,033,64148,625,589,0,589,10
2020-10-04,Lassen,035,31185,753,743,2,745,0
2020-10-04,Los Angeles,037,10098052,277895,272822,2213,275035,6625
2020-10-04,Madera,039,155013,4730,4587,27,4614,50
2020-10-04,Marin,041,260295,6868,6741,18,6759,91
2020-10-04,Mariposa,043,17540,78,75,0,75,2
2020-10-04,Mendocino,045,87422,954,905,2,907,18
2020-10-04,Merced,047,269075,9106,9006,21,9027,140
2020-10-04,Modoc,049,8938,29,26,0,26,0
2020-10-04,Mono,051,14174,172,152,1,153,1
2020-10-04,Monterey,053,433212,10403,10141,39,10180,72
2020-10-04,Napa,055,140530,1807,1759,5,1764,11
2020-10-04,Nevada,057,99092,566,547,14,561,6
2020-10-04,Orange,059,3164182,56500,53966,1572,55538,1270
2020-10-04,Placer,061,380077,3806,3664,12,3676,46
2020-10-04,Plumas,063,18699,51,49,0,49,0
2020-10-04,Riverside,065,2383286,61579,60251,208,60459,1226
2020-10-04,Sacramento,067,1510023,23513,23162,18,23180,438
2020-10-04,San Benito,069,59416,1363,1355,0,1355,12
2020-10-04,San Bernardino,071,2135413,56979,55100,221,55321,1031
2020-10-04,San Diego,073,3302833,50205,48438,1125,49563,803
2020-10-04,San Francisco,075,870044,11593,11474,32,11506,110
2020-10-04,San Joaquin,077,732212,20697,20320,69,20389,476
2020-10-04,San Luis Obispo,079,281455,3867,3688,14,3702,31
2020-10-04,San Mateo,081,765935,10587,9858,7,9865,128
2020-10-04,Santa Barbara,083,443738,9825,9276,67,9343,116
2020-10-04,Santa Clara,085,1922200,22744,21780,32,21812,316
2020-10-04,Santa Cruz,087,273765,2569,2483,35,2518,9
2020-10-04,Shasta,089,179085,1512,1158,15,1173,18
2020-10-04,Sierra,091,2930,6,6,0,6,0
2020-10-04,Siskiyou,093,43540,167,153,10,163,0
2020-10-04,Solano,095,438530,6629,6445,41,6486,52
2020-10-04,Sonoma,097,501317,8251,7794,21,7815,129
2020-10-04,Stanislaus,099,539301,16868,16711,599,17310,351
2020-10-04,Sutter,101,95872,1737,1711,1,1712,11
2020-10-04,Tehama,103,63373,674,637,2,639,3
2020-10-04,Trinity,105,12862,35,21,5,26,0
2020-10-04,Tulare,107,460477,16769,16343,179,16522,278
2020-10-04,Tuolumne,109,53932,238,226,2,228,2
2020-10-04,Ventura,111,848112,13654,13197,223,13420,149
2020-10-04,Yolo,113,214977,2934,2875,6,2881,56
2020-10-04,Yuba,115,75493,1128,1103,5,1108,9
2020-10-03,Alameda,001,1643700,22008,21510,205,21715,386
2020-10-03,Alpine,003,1148,4,2,0,2,0
2020-10-03,Amador,005,37829,301,296,0,296,16
2020-10-03,Butte,007,227075,3007,2894,22,2916,46
2020-10-03,Calaveras,009,45235,316,259,0,259,11
2020-10-03,Colusa,011,21464,536,537,0,537,6
2020-10-03,Contra Costa,013,1133247,17661,17087,88,17175,213
2020-10-03,Del Norte,015,27424,153,142,0,142,2
2020-10-03,El Dorado,017,186661,1257,1188,2,1190,4
2020-10-03,Fresno,019,978130,31273,28975,394,29369,408
2020-10-03,Glenn,021,27897,621,601,0,601,3
2020-10-03,Humboldt,023,135768,520,504,1,505,6
2020-10-03,Imperial,025,180216,12087,11090,7,11097,327
2020-10-03,Inyo,027,18085,198,194,1,195,14
2020-10-03,Kern,029,883053,32547,31864,346,32210,403
2020-10-03,Kings,031,150075,8067,7887,47,7934,80
2020-10-03,Lake,033,64148,615,588,0,588,10
2020-10-03,Lassen,035,31185,753,743,2,745,0
2020-10-03,Los Angeles,037,10098052,277190,271869,2183,274052,6620
2020-10-03,Madera,039,155013,4713,4565,27,4592,50
2020-10-03,Marin,041,260295,6862,6728,18,6746,91
2020-10-03,Mariposa,043,17540,78,75,0,75,2
2020-10-03,Mendocino,045,87422,952,898,2,900,18
2020-10-03,Merced,047,269075,9093,8986,21,9007,139
2020-10-03,Modoc,049,8938,29,26,0,26,0
2020-10-03,Mono,051,14174,171,152,1,153,1
2020-10-03,Monterey,053,433212,10369,10092,36,10128,72
2020-10-03,Napa,055,140530,1803,1752,5,1757,11
2020-10-03,Nevada,057,99092,564,544,14,558,6
2020-10-03,Orange,059,3164182,56383,53573,1567,55140,1268
2020-10-03,Placer,061,380077,3795,3648,12,3660,47
2020-10-03,Plumas,063,18699,51,48,0,48,0
2020-10-03,Riverside,065,2383286,61424,59991,207,60198,1226
2020-10-03,Sacramento,067,1510023,23462,23076,18,23094,437
2020-10-03,San Benito,069,59416,1363,1351,0,1351,12
2020-10-03,San Bernardino,071,2135413,56807,55004,218,55222,1031
2020-10-03,San Diego,073,3302833,49974,48202,1108,49310,798
2020-10-03,San Francisco,075,870044,11568,11475,30,11505,110
2020-10-03,San Joaquin,077,732212,20671,20322,69,20391,476
2020-10-03,San Luis Obispo,079,281455,3843,3670,14,3684,31
2020-10-03,San Mateo,081,765935,10561,9822,6,9828,128
2020-10-03,Santa Barbara,083,443738,9812,9256,67,9323,116
2020-10-03,Santa Clara,085,1922200,22664,21672,32,21704,309
2020-10-03,Santa Cruz,087,273765,2561,2476,35,2511,9
2020-10-03,Shasta,089,179085,1484,1117,14,1131,18
2020-10-03,Sierra,091,2930,6,6,0,6,0
2020-10-03,Siskiyou,093,43540,167,152,10,162,0
2020-10-03,Solano,095,438530,6603,6419,41,6460,52
2020-10-03,Sonoma,097,501317,8208,7747,21,7768,129
2020-10-03,Stanislaus,099,539301,16835,16645,595,17240,351
2020-10-03,Sutter,101,95872,1733,1705,1,1706,11
2020-10-03,Tehama,103,63373,668,630,2,632,3
2020-10-03,Trinity,105,12862,35,15,5,20,0
2020-10-03,Tulare,107,460477,16727,16322,174,16496,278
2020-10-03,Tuolumne,109,53932,237,224,2,226,2
2020-10-03,Ventura,111,848112,13615,13150,219,13369,148
2020-10-03,Yolo,113,214977,2927,2863,6,2869,56
2020-10-03,Yuba,115,75493,1120,1097,5,1102,8
2020-10-02,Alameda,001,1643700,21954,21404,204,21608,382
2020-10-02,Alpine,003,1148,4,2,0,2,0
2020-10-02,Amador,005,37829,300,296,0,296,16
2020-10-02,Butte,007,227075,2997,2879,22,2901,46
2020-10-02,Calaveras,009,45235,315,259,0,259,11
2020-10-02,Colusa,011,21464,535,537,0,537,6
2020-10-02,Contra Costa,013,1133247,17618,17002,87,17089,213
2020-10-02,Del Norte,015,27424,152,141,0,141,2
2020-10-02,El Dorado,017,186661,1250,1168,2,1170,4
2020-10-02,Fresno,019,978130,31190,28855,394,29249,403
2020-10-02,Glenn,021,27897,616,594,0,594,3
2020-10-02,Humboldt,023,135768,519,503,1,504,6
2020-10-02,Imperial,025,180216,12065,11024,7,11031,327
2020-10-02,Inyo,027,18085,196,191,1,192,14
2020-10-02,Kern,029,883053,32495,31790,344,32134,399
2020-10-02,Kings,031,150075,8058,7716,47,7763,79
2020-10-02,Lake,033,64148,609,579,0,579,10
2020-10-02,Lassen,035,31185,753,742,2,744,0
2020-10-02,Los Angeles,037,10098052,276288,270935,2154,273089,6602
2020-10-02,Madera,039,155013,4704,4537,27,4564,49
2020-10-02,Marin,041,260295,6845,6717,18,6735,91
2020-10-02,Mariposa,043,17540,78,75,0,75,2
2020-10-02,Mendocino,045,87422,948,883,2,885,18
2020-10-02,Merced,047,269075,9083,8961,21,8982,139
2020-10-02,Modoc,049,8938,29,26,0,26,0
2020-10-02,Mono,051,14174,171,150,1,151,1
2020-10-02,Monterey,053,433212,10335,9997,36,10033,71
2020-10-02,Napa,055,140530,1797,1737,5,1742,11
2020-10-02,Nevada,057,99092,561,543,14,557,6
2020-10-02,Orange,059,3164182,56252,53299,1560,54859,1262
2020-10-02,Placer,061,380077,3775,3612,12,3624,46
2020-10-02,Plumas,063,18699,51,48,0,48,0
2020-10-02,Riverside,065,2383286,61203,59673,204,59877,1223
2020-10-02,Sacramento,067,1510023,23397,22818,18,22836,436
2020-10-02,San Benito,069,59416,1359,1347,0,1347,12
2020-10-02,San Bernardino,071,2135413,56620,54613,218,54831,1028
2020-10-02,San Diego,073,3302833,49722,47793,1092,48885,794
2020-10-02,San Francisco,075,870044,11545,11398,30,11428,110
2020-10-02,San Joaquin,077,732212,20638,20235,67,20302,474
2020-10-02,San Luis Obispo,079,281455,3820,3654,14,3668,31
2020-10-02,San Mateo,081,765935,10520,9745,6,9751,128
2020-10-02,Santa Barbara,083,443738,9790,9234,67,9301,116
2020-10-02,Santa Clara,085,1922200,22583,21545,32,21577,305
2020-10-02,Santa Cruz,087,273765,2544,2463,35,2498,9
2020-10-02,Shasta,089,179085,1449,1046,14,1060,18
2020-10-02,Sierra,091,2930,6,6,0,6,0
2020-10-02,Siskiyou,093,43540,167,151,10,161,0
2020-10-02,Solano,095,438530,6573,6385,41,6426,52
2020-10-02,Sonoma,097,501317,8151,7662,21,7683,125
2020-10-02,Stanislaus,099,539301,16794,16609,586,17195,349
2020-10-02,Sutter,101,95872,1732,1693,1,1694,11
2020-10-02,Tehama,103,63373,663,619,2,621,3
2020-10-02,Trinity,105,12862,35,15,5,20,0
2020-10-02,Tulare,107,460477,16687,16245,167,16412,278
2020-10-02,Tuolumne,109,53932,235,225,2,227,2
2020-10-02,Ventura,111,848112,13578,13120,213,13333,146
2020-10-02,Yolo,113,214977,2922,2845,6,2851,55
2020-10-02,Yuba,115,75493,1118,1090,5,1095,8
2020-10-01,Alameda,001,1643700,21894,21349,200,21549,383
2020-10-01,Alpine,003,1148,4,2,0,2,0
2020-10-01,Amador,005,37829,300,294,0,294,16
2020-10-01,Butte,007,227075,2989,2865,22,2887,45
2020-10-01,Calaveras,009,45235,315,257,0,257,11
2020-10-01,Colusa,011,21464,535,536,0,536,6
2020-10-01,Contra Costa,013,1133247,17556,16898,87,16985,211
2020-10-01,Del Norte,015,27424,147,140,0,140,2
2020-10-01,El Dorado,017,186661,1246,1162,1,1163,4
2020-10-01,Fresno,019,978130,31110,28796,392,29188,397
2020-10-01,Glenn,021,27897,612,593,0,593,3
2020-10-01,Humboldt,023,135768,519,499,1,500,6
2020-10-01,Imperial,025,180216,12022,10928,7,10935,325
2020-10-01,Inyo,027,18085,196,191,1,192,14
2020-10-01,Kern,029,883053,32432,31678,339,32017,399
2020-10-01,Kings,031,150075,8047,7688,44,7732,79
2020-10-01,Lake,033,64148,603,572,0,572,11
2020-10-01,Lassen,035,31185,750,742,2,744,0
2020-10-01,Los Angeles,037,10098052,275247,271513,2117,273630,6621
2020-10-01,Madera,039,155013,4681,4508,27,4535,48
2020-10-01,Marin,041,260295,6831,6710,18,6728,92
2020-10-01,Mariposa,043,17540,78,76,0,76,2
2020-10-01,Mendocino,045,87422,943,874,2,876,19
2020-10-01,Merced,047,269075,9055,8942,21,8963,138
2020-10-01,Modoc,049,8938,29,26,0,26,0
2020-10-01,Mono,051,14174,169,150,1,151,1
2020-10-01,Monterey,053,433212,10259,9958,36,9994,71
2020-10-01,Napa,055,140530,1789,1729,5,1734,11
2020-10-01,Nevada,057,99092,560,543,14,557,6
2020-10-01,Orange,059,3164182,56087,53088,1547,54635,1257
2020-10-01,Placer,061,380077,3747,3599,12,3611,45
2020-10-01,Plumas,063,18699,51,48,0,48,0
2020-10-01,Riverside,065,2383286,60953,59293,197,59490,1223
2020-10-01,Sacramento,067,1510023,23285,22714,17,22731,433
2020-10-01,San Benito,069,59416,1357,1346,0,1346,12
2020-10-01,San Bernardino,071,2135413,56326,54350,215,54565,1021
2020-10-01,San Diego,073,3302833,49440,47487,1072,48559,792
2020-10-01,San Francisco,075,870044,11514,11284,28,11312,110
2020-10-01,San Joaquin,077,732212,20590,20204,64,20268,471
2020-10-01,San Luis Obispo,079,281455,3793,3625,14,3639,31
2020-10-01,San Mateo,081,765935,10475,9681,6,9687,128
2020-10-01,Santa Barbara,083,443738,9748,9215,67,9282,118
2020-10-01,Santa Clara,085,1922200,22482,21398,32,21430,305
2020-10-01,Santa Cruz,087,273765,2529,2418,35,2453,10
2020-10-01,Shasta,089,179085,1398,991,14,1005,18
2020-10-01,Sierra,091,2930,6,6,0,6,0
2020-10-01,Siskiyou,093,43540,164,150,10,160,0
2020-10-01,Solano,095,438530,6535,6352,41,6393,52
2020-10-01,Sonoma,097,501317,8084,7569,21,7590,125
2020-10-01,Stanislaus,099,539301,16761,16555,580,17135,346
2020-10-01,Sutter,101,95872,1727,1684,1,1685,11
2020-10-01,Tehama,103,63373,653,606,2,608,3
2020-10-01,Trinity,105,12862,35,15,5,20,0
2020-10-01,Tulare,107,460477,16614,16182,164,16346,275
2020-10-01,Tuolumne,109,53932,235,223,2,225,2
2020-10-01,Ventura,111,848112,13529,13057,197,13254,146
2020-10-01,Yolo,113,214977,2904,2833,6,2839,55
2020-10-01,Yuba,115,75493,1114,1082,5,1087,8
2020-09-30,Alameda,001,1643700,21816,21271,196,21467,380
2020-09-30,Alpine,003,1148,4,2,0,2,0
2020-09-30,Amador,005,37829,300,294,0,294,16
2020-09-30,Butte,007,227075,2981,2858,22,2880,44
2020-09-30,Calaveras,009,45235,314,258,0,258,11
2020-09-30,Colusa,011,21464,534,534,0,534,6
2020-09-30,Contra Costa,013,1133247,17487,16819,87,16906,211
2020-09-30,Del Norte,015,27424,146,140,0,140,2
2020-09-30,El Dorado,017,186661,1234,1157,1,1158,4
2020-09-30,Fresno,019,978130,31019,28706,389,29095,395
2020-09-30,Glenn,021,27897,607,592,0,592,3
2020-09-30,Humboldt,023,135768,517,497,1,498,6
2020-09-30,Imperial,025,180216,11997,10868,7,10875,287
2020-09-30,Inyo,027,18085,196,189,0,189,14
2020-09-30,Kern,029,883053,32357,31601,338,31939,398
2020-09-30,Kings,031,150075,8018,7685,44,7729,79
2020-09-30,Lake,033,64148,597,567,0,567,10
2020-09-30,Lassen,035,31185,747,742,2,744,0
2020-09-30,Los Angeles,037,10098052,274009,270260,2083,272343,6568
2020-09-30,Madera,039,155013,4672,4477,27,4504,47
2020-09-30,Marin,041,260295,6807,6700,17,6717,91
2020-09-30,Mariposa,043,17540,78,76,0,76,2
2020-09-30,Mendocino,045,87422,937,867,2,869,17
2020-09-30,Merced,047,269075,9035,8926,21,8947,136
2020-09-30,Modoc,049,8938,29,26,0,26,0
2020-09-30,Mono,051,14174,169,150,1,151,1
2020-09-30,Monterey,053,433212,10209,9898,35,9933,70
2020-09-30,Napa,055,140530,1775,1728,5,1733,11
2020-09-30,Nevada,057,99092,558,540,14,554,6
2020-09-30,Orange,059,3164182,55895,52916,1531,54447,1251
2020-09-30,Placer,061,380077,3726,3585,12,3597,43
2020-09-30,Plumas,063,18699,51,48,0,48,0
2020-09-30,Riverside,065,2383286,60600,59074,192,59266,1220
2020-09-30,Sacramento,067,1510023,23182,22613,17,22630,429
2020-09-30,San Benito,069,59416,1354,1342,0,1342,12
2020-09-30,San Bernardino,071,2135413,56048,53988,215,54203,1018
2020-09-30,San Diego,073,3302833,49137,47182,1051,48233,783
2020-09-30,San Francisco,075,870044,11484,11247,28,11275,106
2020-09-30,San Joaquin,077,732212,20507,20150,62,20212,461
2020-09-30,San Luis Obispo,079,281455,3768,3597,14,3611,31
2020-09-30,San Mateo,081,765935,10433,9634,6,9640,128
2020-09-30,Santa Barbara,083,443738,9723,9186,67,9253,115
2020-09-30,Santa Clara,085,1922200,22377,21318,32,21350,302
2020-09-30,Santa Cruz,087,273765,2516,2405,35,2440,10
2020-09-30,Shasta,089,179085,1342,976,13,989,17
2020-09-30,Sierra,091,2930,6,6,0,6,0
2020-09-30,Siskiyou,093,43540,162,150,10,160,0
2020-09-30,Solano,095,438530,6493,6315,41,6356,51
2020-09-30,Sonoma,097,501317,7995,7494,21,7515,125
2020-09-30,Stanislaus,099,539301,16714,16531,574,17105,343
2020-09-30,Sutter,101,95872,1711,1680,1,1681,10
2020-09-30,Tehama,103,63373,647,594,2,596,3
2020-09-30,Trinity,105,12862,32,15,5,20,0
2020-09-30,Tulare,107,460477,16548,16117,157,16274,274
2020-09-30,Tuolumne,109,53932,233,224,2,226,2
2020-09-30,Ventura,111,848112,13494,12968,181,13149,145
2020-09-30,Yolo,113,214977,2891,2822,6,2828,55
2020-09-30,Yuba,115,75493,1111,1075,5,1080,8
2020-09-29,Alameda,001,1643700,21739,21241,192,21433,374
2020-09-29,Alpine,003,1148,4,2,0,2,0
2020-09-29,Amador,005,37829,298,294,0,294,16
2020-09-29,Butte,007,227075,2967,2848,22,2870,44
2020-09-29,Calaveras,009,45235,312,261,0,261,11
2020-09-29,Colusa,011,21464,534,534,0,534,6
2020-09-29,Contra Costa,013,1133247,17432,16716,85,16801,209
2020-09-29,Del Norte,015,27424,142,142,0,142,2
2020-09-29,El Dorado,017,186661,1225,1151,1,1152,4
2020-09-29,Fresno,019,978130,30924,28621,388,29009,394
2020-09-29,Glenn,021,27897,603,589,0,589,3
2020-09-29,Humboldt,023,135768,515,497,1,498,6
2020-09-29,Imperial,025,180216,11963,10811,7,10818,283
2020-09-29,Inyo,027,18085,195,188,0,188,14
2020-09-29,Kern,029,883053,32302,31534,337,31871,397
2020-09-29,Kings,031,150075,7962,7681,44,7725,78
2020-09-29,Lake,033,64148,595,566,0,566,11
2020-09-29,Lassen,035,31185,747,741,2,743,0
2020-09-29,Los Angeles,037,10098052,272791,269246,2053,271299,6545
2020-09-29,Madera,039,155013,4648,4453,27,4480,47
2020-09-29,Marin,041,260295,6786,6692,17,6709,91
2020-09-29,Mariposa,043,17540,78,74,0,74,2
2020-09-29,Mendocino,045,87422,927,854,2,856,17
2020-09-29,Merced,047,269075,9022,8892,19,8911,136
2020-09-29,Modoc,049,8938,29,26,0,26,0
2020-09-29,Mono,051,14174,169,149,1,150,1
2020-09-29,Monterey,053,433212,10154,9826,33,9859,70
2020-09-29,Napa,055,140530,1772,1727,5,1732,11
2020-09-29,Nevada,057,99092,553,539,14,553,6
2020-09-29,Orange,059,3164182,55708,52755,1520,54275,1231
2020-09-29,Placer,061,380077,3705,3570,12,3582,42
2020-09-29,Plumas,063,18699,51,48,0,48,0
2020-09-29,Riverside,065,2383286,60271,58863,183,59046,1208
2020-09-29,Sacramento,067,1510023,23061,22547,17,22564,425
2020-09-29,San Benito,069,59416,1349,1341,0,1341,12
2020-09-29,San Bernardino,071,2135413,55740,53753,214,53967,1012
2020-09-29,San Diego,073,3302833,48861,46987,1027,48014,781
2020-09-29,San Francisco,075,870044,11448,11142,28,11170,104
2020-09-29,San Joaquin,077,732212,20442,20094,60,20154,454
2020-09-29,San Luis Obispo,079,281455,3748,3581,14,3595,31
2020-09-29,San Mateo,081,765935,10386,9619,6,9625,127
2020-09-29,Santa Barbara,083,443738,9703,9149,66,9215,114
2020-09-29,Santa Clara,085,1922200,22243,21233,31,21264,302
2020-09-29,Santa Cruz,087,273765,2501,2383,34,2417,10
2020-09-29,Shasta,089,179085,1281,943,13,956,17
2020-09-29,Sierra,091,2930,6,6,0,6,0
2020-09-29,Siskiyou,093,43540,156,150,10,160,0
2020-09-29,Solano,095,438530,6459,6303,41,6344,51
2020-09-29,Sonoma,097,501317,7923,7426,21,7447,125
2020-09-29,Stanislaus,099,539301,16684,16505,568,17073,341
2020-09-29,Sutter,101,95872,1705,1677,1,1678,10
2020-09-29,Tehama,103,63373,629,585,2,587,2
2020-09-29,Trinity,105,12862,32,16,5,21,0
2020-09-29,Tulare,107,460477,16485,16055,148,16203,270
2020-09-29,Tuolumne,109,53932,233,224,2,226,2
2020-09-29,Ventura,111,848112,13439,12875,178,13053,145
2020-09-29,Yolo,113,214977,2878,2818,6,2824,55
2020-09-29,Yuba,115,75493,1109,1071,5,1076,8
2020-09-28,Alameda,001,1643700,21654,21133,192,21325,370
2020-09-28,Alpine,003,1148,4,2,0,2,0
2020-09-28,Amador,005,37829,296,294,0,294,16
2020-09-28,Butte,007,227075,2952,2837,22,2859,44
2020-09-28,Calaveras,009,45235,312,257,0,257,11
2020-09-28,Colusa,011,21464,533,531,0,531,6
2020-09-28,Contra Costa,013,1133247,17367,16653,85,16738,195
2020-09-28,Del Norte,015,27424,142,138,0,138,2
2020-09-28,El Dorado,017,186661,1218,1144,1,1145,4
2020-09-28,Fresno,019,978130,30842,28517,380,28897,389
2020-09-28,Glenn,021,27897,601,585,0,585,3
2020-09-28,Humboldt,023,135768,509,495,1,496,6
2020-09-28,Imperial,025,180216,11929,10777,7,10784,283
2020-09-28,Inyo,027,18085,194,188,0,188,14
2020-09-28,Kern,029,883053,32237,31481,333,31814,395
2020-09-28,Kings,031,150075,7821,7661,42,7703,78
2020-09-28,Lake,033,64148,591,559,0,559,10
2020-09-28,Lassen,035,31185,746,737,2,739,0
2020-09-28,Los Angeles,037,10098052,271678,268404,2022,270426,6508
2020-09-28,Madera,039,155013,4627,4438,27,4465,47
2020-09-28,Marin,041,260295,6770,6676,17,6693,91
2020-09-28,Mariposa,043,17540,78,74,0,74,2
2020-09-28,Mendocino,045,87422,912,850,2,852,17
2020-09-28,Merced,047,269075,8994,8869,19,8888,136
2020-09-28,Modoc,049,8938,29,26,0,26,0
2020-09-28,Mono,051,14174,169,148,1,149,1
2020-09-28,Monterey,053,433212,10090,9780,31,9811,69
2020-09-28,Napa,055,140530,1760,1705,5,1710,11
2020-09-28,Nevada,057,99092,545,538,14,552,6
2020-09-28,Orange,059,3164182,55503,52633,1511,54144,1196
2020-09-28,Placer,061,380077,3684,3572,12,3584,42
2020-09-28,Plumas,063,18699,50,48,0,48,0
2020-09-28,Riverside,065,2383286,59972,58570,174,58744,1198
2020-09-28,Sacramento,067,1510023,22913,22392,17,22409,423
2020-09-28,San Benito,069,59416,1346,1336,0,1336,11
2020-09-28,San Bernardino,071,2135413,55395,53501,214,53715,988
2020-09-28,San Diego,073,3302833,48543,46736,1007,47743,776
2020-09-28,San Francisco,075,870044,11414,11114,28,11142,100
2020-09-28,San Joaquin,077,732212,20393,19982,59,20041,448
2020-09-28,San Luis Obispo,079,281455,3727,3567,14,3581,31
2020-09-28,San Mateo,081,765935,10335,9582,6,9588,127
2020-09-28,Santa Barbara,083,443738,9685,9121,66,9187,114
2020-09-28,Santa Clara,085,1922200,22127,21180,31,21211,271
2020-09-28,Santa Cruz,087,273765,2491,2359,34,2393,9
2020-09-28,Shasta,089,179085,1227,883,10,893,17
2020-09-28,Sierra,091,2930,6,6,0,6,0
2020-09-28,Siskiyou,093,43540,156,149,10,159,0
2020-09-28,Solano,095,438530,6423,6254,41,6295,51
2020-09-28,Sonoma,097,501317,7847,7369,21,7390,125
2020-09-28,Stanislaus,099,539301,16644,16467,561,17028,336
2020-09-28,Sutter,101,95872,1698,1676,1,1677,10
2020-09-28,Tehama,103,63373,621,579,2,581,2
2020-09-28,Trinity,105,12862,32,16,5,21,0
2020-09-28,Tulare,107,460477,16433,15918,142,16060,270
2020-09-28,Tuolumne,109,53932,233,225,2,227,2
2020-09-28,Ventura,111,848112,13363,12812,171,12983,139
2020-09-28,Yolo,113,214977,2861,2809,6,2815,55
2020-09-28,Yuba,115,75493,1106,1062,5,1067,7
2020-09-27,Alameda,001,1643700,21574,21077,187,21264,370
2020-09-27,Alpine,003,1148,4,2,0,2,0
2020-09-27,Amador,005,37829,296,291,0,291,16
2020-09-27,Butte,007,227075,2941,2833,21,2854,44
2020-09-27,Calaveras,009,45235,311,257,0,257,11
2020-09-27,Colusa,011,21464,532,531,0,531,6
2020-09-27,Contra Costa,013,1133247,17265,16596,84,16680,195
2020-09-27,Del Norte,015,27424,142,138,0,138,2
2020-09-27,El Dorado,017,186661,1203,1130,1,1131,4
2020-09-27,Fresno,019,978130,30737,28441,379,28820,389
2020-09-27,Glenn,021,27897,597,576,0,576,3
2020-09-27,Humboldt,023,135768,507,492,1,493,6
2020-09-27,Imperial,025,180216,11895,10743,7,10750,283
2020-09-27,Inyo,027,18085,192,188,0,188,14
2020-09-27,Kern,029,883053,32118,31462,330,31792,395
2020-09-27,Kings,031,150075,7801,7641,42,7683,78
2020-09-27,Lake,033,64148,587,555,0,555,10
2020-09-27,Lassen,035,31185,746,737,2,739,0
2020-09-27,Los Angeles,037,10098052,270503,267754,2000,269754,6507
2020-09-27,Madera,039,155013,4598,4416,27,4443,47
2020-09-27,Marin,041,260295,6760,6663,17,6680,91
2020-09-27,Mariposa,043,17540,78,74,0,74,2
2020-09-27,Mendocino,045,87422,906,846,2,848,17
2020-09-27,Merced,047,269075,8960,8853,19,8872,136
2020-09-27,Modoc,049,8938,29,26,0,26,0
2020-09-27,Mono,051,14174,169,148,1,149,1
2020-09-27,Monterey,053,433212,10030,9724,30,9754,69
2020-09-27,Napa,055,140530,1755,1690,5,1695,11
2020-09-27,Nevada,057,99092,544,537,14,551,6
2020-09-27,Orange,059,3164182,55229,52458,1502,53960,1195
2020-09-27,Placer,061,380077,3671,3562,12,3574,42
2020-09-27,Plumas,063,18699,50,48,0,48,0
2020-09-27,Riverside,065,2383286,59676,58509,166,58675,1191
2020-09-27,Sacramento,067,1510023,22816,22356,16,22372,422
2020-09-27,San Benito,069,59416,1346,1331,0,1331,11
2020-09-27,San Bernardino,071,2135413,54959,53127,214,53341,988
2020-09-27,San Diego,073,3302833,48199,46612,990,47602,776
2020-09-27,San Francisco,075,870044,11362,11114,28,11142,100
2020-09-27,San Joaquin,077,732212,20333,19981,59,20040,448
2020-09-27,San Luis Obispo,079,281455,3706,3562,14,3576,31
2020-09-27,San Mateo,081,765935,10267,9566,6,9572,127
2020-09-27,Santa Barbara,083,443738,9664,9090,65,9155,114
2020-09-27,Santa Clara,085,1922200,22018,21091,31,21122,271
2020-09-27,Santa Cruz,087,273765,2469,2359,34,2393,9
2020-09-27,Shasta,089,179085,1184,883,9,892,17
2020-09-27,Sierra,091,2930,6,6,0,6,0
2020-09-27,Siskiyou,093,43540,155,149,10,159,0
2020-09-27,Solano,095,438530,6388,6211,41,6252,51
2020-09-27,Sonoma,097,501317,7766,7336,21,7357,124
2020-09-27,Stanislaus,099,539301,16594,16448,554,17002,336
2020-09-27,Sutter,101,95872,1691,1672,1,1673,10
2020-09-27,Tehama,103,63373,604,573,2,575,2
2020-09-27,Trinity,105,12862,32,16,5,21,0
2020-09-27,Tulare,107,460477,16357,15918,132,16050,270
2020-09-27,Tuolumne,109,53932,232,224,2,226,2
2020-09-27,Ventura,111,848112,13278,12775,162,12937,139
2020-09-27,Yolo,113,214977,2847,2796,6,2802,55
2020-09-27,Yuba,115,75493,1096,1059,5,1064,7
2020-09-26,Alameda,001,1643700,21516,21019,186,21205,370
2020-09-26,Alpine,003,1148,4,2,0,2,0
2020-09-26,Amador,005,37829,295,291,0,291,16
2020-09-26,Butte,007,227075,2933,2827,21,2848,44
2020-09-26,Calaveras,009,45235,311,257,0,257,11
2020-09-26,Colusa,011,21464,532,529,0,529,6
2020-09-26,Contra Costa,013,1133247,17223,16508,84,16592,194
2020-09-26,Del Norte,015,27424,142,138,0,138,2
2020-09-26,El Dorado,017,186661,1198,1127,1,1128,4
2020-09-26,Fresno,019,978130,30670,28336,379,28715,389
2020-09-26,Glenn,021,27897,597,576,0,576,3
2020-09-26,Humboldt,023,135768,507,491,1,492,6
2020-09-26,Imperial,025,180216,11878,10721,7,10728,283
2020-09-26,Inyo,027,18085,191,187,0,187,14
2020-09-26,Kern,029,883053,32067,31410,330,31740,394
2020-09-26,Kings,031,150075,7789,7537,42,7579,78
2020-09-26,Lake,033,64148,584,549,0,549,10
2020-09-26,Lassen,035,31185,746,737,2,739,0
2020-09-26,Los Angeles,037,10098052,269869,266931,1983,268914,6497
2020-09-26,Madera,039,155013,4582,4410,27,4437,47
2020-09-26,Marin,041,260295,6747,6641,17,6658,91
2020-09-26,Mariposa,043,17540,77,74,0,74,2
2020-09-26,Mendocino,045,87422,901,836,2,838,17
2020-09-26,Merced,047,269075,8948,8841,18,8859,136
2020-09-26,Modoc,049,8938,29,26,0,26,0
2020-09-26,Mono,051,14174,169,148,1,149,1
2020-09-26,Monterey,053,433212,10003,9651,30,9681,68
2020-09-26,Napa,055,140530,1753,1681,5,1686,11
2020-09-26,Nevada,057,99092,544,534,14,548,6
2020-09-26,Orange,059,3164182,55089,52203,1496,53699,1194
2020-09-26,Placer,061,380077,3658,3551,12,3563,42
2020-09-26,Plumas,063,18699,49,48,0,48,0
2020-09-26,Riverside,065,2383286,59541,58076,164,58240,1190
2020-09-26,Sacramento,067,1510023,22760,22269,16,22285,421
2020-09-26,San Benito,069,59416,1344,1325,0,1325,11
2020-09-26,San Bernardino,071,2135413,54825,53122,214,53336,988
2020-09-26,San Diego,073,3302833,47994,46333,976,47309,775
2020-09-26,San Francisco,075,870044,11334,11113,28,11141,100
2020-09-26,San Joaquin,077,732212,20297,19982,57,20039,449
2020-09-26,San Luis Obispo,079,281455,3689,3546,14,3560,31
2020-09-26,San Mateo,081,765935,10233,9509,6,9515,127
2020-09-26,Santa Barbara,083,443738,9653,9061,65,9126,114
2020-09-26,Santa Clara,085,1922200,21947,20967,30,20997,270
2020-09-26,Santa Cruz,087,273765,2461,2336,34,2370,9
2020-09-26,Shasta,089,179085,1134,856,8,864,17
2020-09-26,Sierra,091,2930,6,6,0,6,0
2020-09-26,Siskiyou,093,43540,154,149,10,159,0
2020-09-26,Solano,095,438530,6369,6209,41,6250,51
2020-09-26,Sonoma,097,501317,7741,7285,20,7305,124
2020-09-26,Stanislaus,099,539301,16569,16421,545,16966,336
2020-09-26,Sutter,101,95872,1686,1662,1,1663,10
2020-09-26,Tehama,103,63373,592,560,2,562,2
2020-09-26,Trinity,105,12862,30,16,5,21,0
2020-09-26,Tulare,107,460477,16332,15881,130,16011,270
2020-09-26,Tuolumne,109,53932,232,223,2,225,2
2020-09-26,Ventura,111,848112,13246,12729,160,12889,137
2020-09-26,Yolo,113,214977,2845,2789,6,2795,55
2020-09-26,Yuba,115,75493,1092,1056,5,1061,7
2020-09-25,Alameda,001,1643700,21462,20911,186,21097,367
2020-09-25,Alpine,003,1148,4,2,0,2,0
2020-09-25,Amador,005,37829,295,289,0,289,16
2020-09-25,Butte,007,227075,2928,2819,21,2840,43
2020-09-25,Calaveras,009,45235,311,257,0,257,11
2020-09-25,Colusa,011,21464,532,528,0,528,6
2020-09-25,Contra Costa,013,1133247,17164,16401,84,16485,194
2020-09-25,Del Norte,015,27424,142,138,0,138,2
2020-09-25,El Dorado,017,186661,1194,1104,1,1105,4
2020-09-25,Fresno,019,978130,30611,28199,378,28577,385
2020-09-25,Glenn,021,27897,595,570,0,570,3
2020-09-25,Humboldt,023,135768,506,489,1,490,5
2020-09-25,Imperial,025,180216,11860,10681,7,10688,283
2020-09-25,Inyo,027,18085,189,187,0,187,14
2020-09-25,Kern,029,883053,32014,31333,328,31661,393
2020-09-25,Kings,031,150075,7784,7450,42,7492,77
2020-09-25,Lake,033,64148,583,539,0,539,9
2020-09-25,Lassen,035,31185,746,737,2,739,0
2020-09-25,Los Angeles,037,10098052,269081,265713,1969,267682,6483
2020-09-25,Madera,039,155013,4563,4369,27,4396,48
2020-09-25,Marin,041,260295,6744,6622,17,6639,90
2020-09-25,Mariposa,043,17540,77,74,0,74,2
2020-09-25,Mendocino,045,87422,886,819,2,821,17
2020-09-25,Merced,047,269075,8932,8830,18,8848,135
2020-09-25,Modoc,049,8938,29,26,0,26,0
2020-09-25,Mono,051,14174,169,149,1,150,1
2020-09-25,Monterey,053,433212,9951,9581,30,9611,68
2020-09-25,Napa,055,140530,1751,1669,5,1674,11
2020-09-25,Nevada,057,99092,542,529,14,543,6
2020-09-25,Orange,059,3164182,54962,52031,1487,53518,1184
2020-09-25,Placer,061,380077,3647,3527,12,3539,41
2020-09-25,Plumas,063,18699,49,48,0,48,0
2020-09-25,Riverside,065,2383286,59365,57783,159,57942,1183
2020-09-25,Sacramento,067,1510023,22683,22132,16,22148,418
2020-09-25,San Benito,069,59416,1343,1318,0,1318,11
2020-09-25,San Bernardino,071,2135413,54671,52814,214,53028,987
2020-09-25,San Diego,073,3302833,47792,46003,960,46963,775
2020-09-25,San Francisco,075,870044,11300,11066,27,11093,100
2020-09-25,San Joaquin,077,732212,20245,19909,57,19966,449
2020-09-25,San Luis Obispo,079,281455,3679,3512,14,3526,31
2020-09-25,San Mateo,081,765935,10197,9447,6,9453,127
2020-09-25,Santa Barbara,083,443738,9629,9026,65,9091,114
2020-09-25,Santa Clara,085,1922200,21884,20812,29,20841,265
2020-09-25,Santa Cruz,087,273765,2449,2309,33,2342,9
2020-09-25,Shasta,089,179085,1100,806,8,814,16
2020-09-25,Sierra,091,2930,6,6,0,6,0
2020-09-25,Siskiyou,093,43540,154,149,10,159,0
2020-09-25,Solano,095,438530,6353,6179,41,6220,50
2020-09-25,Sonoma,097,501317,7701,7202,20,7222,124
2020-09-25,Stanislaus,099,539301,16551,16381,543,16924,326
2020-09-25,Sutter,101,95872,1683,1655,1,1656,10
2020-09-25,Tehama,103,63373,584,546,2,548,2
2020-09-25,Trinity,105,12862,30,15,5,20,0
2020-09-25,Tulare,107,460477,16293,15815,127,15942,267
2020-09-25,Tuolumne,109,53932,232,223,2,225,2
2020-09-25,Ventura,111,848112,13204,12664,157,12821,137
2020-09-25,Yolo,113,214977,2837,2784,6,2790,55
2020-09-25,Yuba,115,75493,1087,1049,5,1054,5
2020-09-24,Alameda,001,1643700,21387,20838,183,21021,364
2020-09-24,Alpine,003,1148,4,2,0,2,0
2020-09-24,Amador,005,37829,295,288,0,288,16
2020-09-24,Butte,007,227075,2917,2803,21,2824,43
2020-09-24,Calaveras,009,45235,311,258,0,258,11
2020-09-24,Colusa,011,21464,532,523,0,523,6
2020-09-24,Contra Costa,013,1133247,17082,16252,84,16336,192
2020-09-24,Del Norte,015,27424,138,137,0,137,2
2020-09-24,El Dorado,017,186661,1185,1093,1,1094,4
2020-09-24,Fresno,019,978130,30506,28106,374,28480,375
2020-09-24,Glenn,021,27897,591,567,0,567,3
2020-09-24,Humboldt,023,135768,503,482,1,483,5
2020-09-24,Imperial,025,180216,11836,10622,7,10629,283
2020-09-24,Inyo,027,18085,189,187,0,187,13
2020-09-24,Kern,029,883053,31951,31273,326,31599,388
2020-09-24,Kings,031,150075,7768,7428,42,7470,76
2020-09-24,Lake,033,64148,574,531,0,531,9
2020-09-24,Lassen,035,31185,745,737,2,739,0
2020-09-24,Los Angeles,037,10098052,268036,264374,1950,266324,6452
2020-09-24,Madera,039,155013,4544,4344,27,4371,48
2020-09-24,Marin,041,260295,6716,6588,17,6605,85
2020-09-24,Mariposa,043,17540,77,74,0,74,2
2020-09-24,Mendocino,045,87422,882,810,2,812,17
2020-09-24,Merced,047,269075,8903,8813,17,8830,135
2020-09-24,Modoc,049,8938,29,24,0,24,0
2020-09-24,Mono,051,14174,169,149,1,150,1
2020-09-24,Monterey,053,433212,9885,9544,27,9571,67
2020-09-24,Napa,055,140530,1739,1661,5,1666,11
2020-09-24,Nevada,057,99092,541,527,14,541,6
2020-09-24,Orange,059,3164182,54754,51749,1469,53218,1164
2020-09-24,Placer,061,380077,3632,3514,12,3526,41
2020-09-24,Plumas,063,18699,49,48,0,48,0
2020-09-24,Riverside,065,2383286,59097,57491,153,57644,1172
2020-09-24,Sacramento,067,1510023,22556,21985,16,22001,417
2020-09-24,San Benito,069,59416,1341,1308,0,1308,11
2020-09-24,San Bernardino,071,2135413,54336,52455,214,52669,988
2020-09-24,San Diego,073,3302833,47523,45598,945,46543,773
2020-09-24,San Francisco,075,870044,11253,10992,27,11019,99
2020-09-24,San Joaquin,077,732212,20208,19851,56,19907,444
2020-09-24,San Luis Obispo,079,281455,3663,3480,14,3494,31
2020-09-24,San Mateo,081,765935,10149,9376,6,9382,127
2020-09-24,Santa Barbara,083,443738,9578,8988,64,9052,114
2020-09-24,Santa Clara,085,1922200,21796,20689,29,20718,262
2020-09-24,Santa Cruz,087,273765,2429,2300,31,2331,9
2020-09-24,Shasta,089,179085,1063,773,5,778,14
2020-09-24,Sierra,091,2930,6,6,0,6,0
2020-09-24,Siskiyou,093,43540,154,149,10,159,0
2020-09-24,Solano,095,438530,6320,6137,41,6178,49
2020-09-24,Sonoma,097,501317,7620,7163,20,7183,122
2020-09-24,Stanislaus,099,539301,16514,16326,538,16864,326
2020-09-24,Sutter,101,95872,1680,1646,1,1647,10
2020-09-24,Tehama,103,63373,581,540,2,542,2
2020-09-24,Trinity,105,12862,30,15,5,20,0
2020-09-24,Tulare,107,460477,16228,15754,126,15880,267
2020-09-24,Tuolumne,109,53932,232,224,2,226,2
2020-09-24,Ventura,111,848112,13122,12617,156,12773,138
2020-09-24,Yolo,113,214977,2830,2776,6,2782,55
2020-09-24,Yuba,115,75493,1082,1042,5,1047,5
2020-09-23,Alameda,001,1643700,21319,20718,181,20899,361
2020-09-23,Alpine,003,1148,4,2,0,2,0
2020-09-23,Amador,005,37829,294,288,0,288,16
2020-09-23,Butte,007,227075,2909,2790,21,2811,43
2020-09-23,Calaveras,009,45235,310,258,0,258,11
2020-09-23,Colusa,011,21464,531,521,0,521,6
2020-09-23,Contra Costa,013,1133247,17018,16167,83,16250,192
2020-09-23,Del Norte,015,27424,136,137,0,137,2
2020-09-23,El Dorado,017,186661,1171,1088,1,1089,4
2020-09-23,Fresno,019,978130,30412,28019,371,28390,371
2020-09-23,Glenn,021,27897,584,561,0,561,3
2020-09-23,Humboldt,023,135768,499,477,1,478,5
2020-09-23,Imperial,025,180216,11810,10587,7,10594,284
2020-09-23,Inyo,027,18085,188,177,0,177,13
2020-09-23,Kern,029,883053,31907,31172,324,31496,387
2020-09-23,Kings,031,150075,7746,7406,42,7448,76
2020-09-23,Lake,033,64148,569,519,0,519,9
2020-09-23,Lassen,035,31185,745,736,2,738,0
2020-09-23,Los Angeles,037,10098052,266996,263318,1920,265238,6421
2020-09-23,Madera,039,155013,4529,4311,27,4338,48
2020-09-23,Marin,041,260295,6697,6567,17,6584,85
2020-09-23,Mariposa,043,17540,77,74,0,74,2
2020-09-23,Mendocino,045,87422,881,801,1,802,17
2020-09-23,Merced,047,269075,8882,8785,16,8801,134
2020-09-23,Modoc,049,8938,29,24,0,24,0
2020-09-23,Mono,051,14174,169,149,1,150,1
2020-09-23,Monterey,053,433212,9816,9452,27,9479,67
2020-09-23,Napa,055,140530,1730,1653,5,1658,11
2020-09-23,Nevada,057,99092,540,523,14,537,6
2020-09-23,Orange,059,3164182,54526,51658,1461,53119,1155
2020-09-23,Placer,061,380077,3620,3506,12,3518,41
2020-09-23,Plumas,063,18699,49,48,0,48,0
2020-09-23,Riverside,065,2383286,58794,57257,150,57407,1165
2020-09-23,Sacramento,067,1510023,22479,21821,16,21837,415
2020-09-23,San Benito,069,59416,1335,1305,0,1305,10
2020-09-23,San Bernardino,071,2135413,54042,52132,212,52344,973
2020-09-23,San Diego,073,3302833,47247,45427,926,46353,767
2020-09-23,San Francisco,075,870044,11204,10926,27,10953,95
2020-09-23,San Joaquin,077,732212,20155,19785,56,19841,439
2020-09-23,San Luis Obispo,079,281455,3645,3447,14,3461,31
2020-09-23,San Mateo,081,765935,10109,9351,6,9357,127
2020-09-23,Santa Barbara,083,443738,9550,8952,64,9016,112
2020-09-23,Santa Clara,085,1922200,21686,20575,26,20601,260
2020-09-23,Santa Cruz,087,273765,2410,2283,31,2314,9
2020-09-23,Shasta,089,179085,1024,756,4,760,14
2020-09-23,Sierra,091,2930,6,6,0,6,0
2020-09-23,Siskiyou,093,43540,154,149,10,159,0
2020-09-23,Solano,095,438530,6295,6123,41,6164,50
2020-09-23,Sonoma,097,501317,7544,7091,20,7111,122
2020-09-23,Stanislaus,099,539301,16484,16271,535,16806,317
2020-09-23,Sutter,101,95872,1676,1646,1,1647,10
2020-09-23,Tehama,103,63373,575,533,2,535,2
2020-09-23,Trinity,105,12862,29,15,5,20,0
2020-09-23,Tulare,107,460477,16163,15664,125,15789,266
2020-09-23,Tuolumne,109,53932,232,223,2,225,2
2020-09-23,Ventura,111,848112,13067,12591,153,12744,137
2020-09-23,Yolo,113,214977,2812,2766,6,2772,55
2020-09-23,Yuba,115,75493,1080,1038,5,1043,5
2020-09-22,Alameda,001,1643700,21239,20607,179,20786,355
2020-09-22,Alpine,003,1148,3,2,0,2,0
2020-09-22,Amador,005,37829,293,287,0,287,16
2020-09-22,Butte,007,227075,2904,2776,21,2797,43
2020-09-22,Calaveras,009,45235,310,258,0,258,11
2020-09-22,Colusa,011,21464,529,518,0,518,6
2020-09-22,Contra Costa,013,1133247,16928,16090,83,16173,190
2020-09-22,Del Norte,015,27424,136,137,0,137,2
2020-09-22,El Dorado,017,186661,1152,1076,1,1077,4
2020-09-22,Fresno,019,978130,30318,27944,368,28312,369
2020-09-22,Glenn,021,27897,581,560,0,560,3
2020-09-22,Humboldt,023,135768,498,476,1,477,5
2020-09-22,Imperial,025,180216,11781,10529,7,10536,284
2020-09-22,Inyo,027,18085,188,177,0,177,13
2020-09-22,Kern,029,883053,31839,31110,317,31427,383
2020-09-22,Kings,031,150075,7689,7395,41,7436,76
2020-09-22,Lake,033,64148,561,516,0,516,9
2020-09-22,Lassen,035,31185,744,736,2,738,0
2020-09-22,Los Angeles,037,10098052,265920,262117,1891,264008,6394
2020-09-22,Madera,039,155013,4513,4303,27,4330,47
2020-09-22,Marin,041,260295,6683,6561,17,6578,84
2020-09-22,Mariposa,043,17540,77,74,0,74,2
2020-09-22,Mendocino,045,87422,861,794,1,795,18
2020-09-22,Merced,047,269075,8852,8769,16,8785,132
2020-09-22,Modoc,049,8938,29,24,0,24,0
2020-09-22,Mono,051,14174,168,149,1,150,1
2020-09-22,Monterey,053,433212,9758,9393,27,9420,67
2020-09-22,Napa,055,140530,1713,1652,5,1657,11
2020-09-22,Nevada,057,99092,540,523,14,537,6
2020-09-22,Orange,059,3164182,54276,51528,1453,52981,1132
2020-09-22,Placer,061,380077,3607,3492,12,3504,40
2020-09-22,Plumas,063,18699,49,48,0,48,0
2020-09-22,Riverside,065,2383286,58308,57066,146,57212,1162
2020-09-22,Sacramento,067,1510023,22359,21745,16,21761,410
2020-09-22,San Benito,069,59416,1330,1305,0,1305,10
2020-09-22,San Bernardino,071,2135413,53769,51899,212,52111,971
2020-09-22,San Diego,073,3302833,46940,45149,907,46056,765
2020-09-22,San Francisco,075,870044,11160,10893,26,10919,95
2020-09-22,San Joaquin,077,732212,20108,19755,55,19810,426
2020-09-22,San Luis Obispo,079,281455,3628,3420,14,3434,31
2020-09-22,San Mateo,081,765935,10071,9291,6,9297,127
2020-09-22,Santa Barbara,083,443738,9520,8927,63,8990,111
2020-09-22,Santa Clara,085,1922200,21568,20514,26,20540,253
2020-09-22,Santa Cruz,087,273765,2386,2264,31,2295,8
2020-09-22,Shasta,089,179085,989,723,4,727,14
2020-09-22,Sierra,091,2930,6,6,0,6,0
2020-09-22,Siskiyou,093,43540,154,149,10,159,0
2020-09-22,Solano,095,438530,6264,6107,41,6148,48
2020-09-22,Sonoma,097,501317,7465,7068,19,7087,117
2020-09-22,Stanislaus,099,539301,16461,16231,528,16759,316
2020-09-22,Sutter,101,95872,1670,1638,1,1639,10
2020-09-22,Tehama,103,63373,567,529,2,531,2
2020-09-22,Trinity,105,12862,29,15,5,20,0
2020-09-22,Tulare,107,460477,16097,15616,121,15737,263
2020-09-22,Tuolumne,109,53932,231,224,2,226,1
2020-09-22,Ventura,111,848112,13016,12507,149,12656,136
2020-09-22,Yolo,113,214977,2805,2763,6,2769,54
2020-09-22,Yuba,115,75493,1071,1035,5,1040,5
2020-09-21,Alameda,001,1643700,21160,20501,178,20679,343
2020-09-21,Alpine,003,1148,3,2,0,2,0
2020-09-21,Amador,005,37829,291,286,0,286,16
2020-09-21,Butte,007,227075,2890,2769,21,2790,41
2020-09-21,Calaveras,009,45235,308,256,0,256,10
2020-09-21,Colusa,011,21464,528,517,0,517,6
2020-09-21,Contra Costa,013,1133247,16840,16008,83,16091,189
2020-09-21,Del Norte,015,27424,136,132,0,132,2
2020-09-21,El Dorado,017,186661,1143,1074,1,1075,4
2020-09-21,Fresno,019,978130,30216,27843,361,28204,362
2020-09-21,Glenn,021,27897,577,556,0,556,3
2020-09-21,Humboldt,023,135768,494,473,1,474,5
2020-09-21,Imperial,025,180216,11750,10521,7,10528,284
2020-09-21,Inyo,027,18085,187,177,0,177,12
2020-09-21,Kern,029,883053,31767,31031,315,31346,379
2020-09-21,Kings,031,150075,7577,7297,39,7336,76
2020-09-21,Lake,033,64148,556,508,0,508,8
2020-09-21,Lassen,035,31185,742,735,2,737,0
2020-09-21,Los Angeles,037,10098052,264835,261418,1846,263264,6360
2020-09-21,Madera,039,155013,4502,4275,26,4301,47
2020-09-21,Marin,041,260295,6672,6538,16,6554,84
2020-09-21,Mariposa,043,17540,76,74,0,74,2
2020-09-21,Mendocino,045,87422,846,778,0,778,18
2020-09-21,Merced,047,269075,8833,8749,14,8763,128
2020-09-21,Modoc,049,8938,29,22,0,22,0
2020-09-21,Mono,051,14174,168,147,1,148,1
2020-09-21,Monterey,053,433212,9694,9331,24,9355,66
2020-09-21,Napa,055,140530,1702,1641,5,1646,11
2020-09-21,Nevada,057,99092,538,515,14,529,6
2020-09-21,Orange,059,3164182,54056,51363,1445,52808,1110
2020-09-21,Placer,061,380077,3596,3473,12,3485,40
2020-09-21,Plumas,063,18699,49,47,0,47,0
2020-09-21,Riverside,065,2383286,58035,57001,138,57139,1153
2020-09-21,Sacramento,067,1510023,22178,21568,16,21584,404
2020-09-21,San Benito,069,59416,1328,1298,0,1298,10
2020-09-21,San Bernardino,071,2135413,53483,51654,212,51866,970
2020-09-21,San Diego,073,3302833,46657,44927,886,45813,760
2020-09-21,San Francisco,075,870044,11112,10743,26,10769,95
2020-09-21,San Joaquin,077,732212,20050,19579,55,19634,423
2020-09-21,San Luis Obispo,079,281455,3601,3406,14,3420,27
2020-09-21,San Mateo,081,765935,10019,9239,6,9245,127
2020-09-21,Santa Barbara,083,443738,9492,8911,63,8974,110
2020-09-21,Santa Clara,085,1922200,21467,20432,26,20458,252
2020-09-21,Santa Cruz,087,273765,2369,2257,29,2286,8
2020-09-21,Shasta,089,179085,939,696,4,700,14
2020-09-21,Sierra,091,2930,6,6,0,6,0
2020-09-21,Siskiyou,093,43540,154,146,10,156,0
2020-09-21,Solano,095,438530,6240,6019,41,6060,46
2020-09-21,Sonoma,097,501317,7389,7017,19,7036,117
2020-09-21,Stanislaus,099,539301,16431,16186,528,16714,310
2020-09-21,Sutter,101,95872,1663,1634,1,1635,10
2020-09-21,Tehama,103,63373,548,513,2,515,2
2020-09-21,Trinity,105,12862,29,15,5,20,0
2020-09-21,Tulare,107,460477,16023,15528,112,15640,260
2020-09-21,Tuolumne,109,53932,231,221,2,223,1
2020-09-21,Ventura,111,848112,12934,12477,143,12620,133
2020-09-21,Yolo,113,214977,2799,2752,6,2758,54
2020-09-21,Yuba,115,75493,1067,1033,5,1038,1
2020-09-20,Alameda,001,1643700,21060,20425,175,20600,343
2020-09-20,Alpine,003,1148,3,2,0,2,0
2020-09-20,Amador,005,37829,290,286,0,286,16
2020-09-20,Butte,007,227075,2878,2764,21,2785,39
2020-09-20,Calaveras,009,45235,304,256,0,256,10
2020-09-20,Colusa,011,21464,526,510,0,510,6
2020-09-20,Contra Costa,013,1133247,16706,15917,82,15999,189
2020-09-20,Del Norte,015,27424,134,132,0,132,2
2020-09-20,El Dorado,017,186661,1128,1073,1,1074,4
2020-09-20,Fresno,019,978130,30102,27769,355,28124,362
2020-09-20,Glenn,021,27897,573,550,0,550,3
2020-09-20,Humboldt,023,135768,494,472,1,473,5
2020-09-20,Imperial,025,180216,11723,10496,6,10502,284
2020-09-20,Inyo,027,18085,187,177,0,177,12
2020-09-20,Kern,029,883053,31684,30992,311,31303,379
2020-09-20,Kings,031,150075,7530,7159,38,7197,76
2020-09-20,Lake,033,64148,544,492,0,492,8
2020-09-20,Lassen,035,31185,742,735,2,737,0
2020-09-20,Los Angeles,037,10098052,263602,260770,1817,262587,6347
2020-09-20,Madera,039,155013,4482,4257,26,4283,47
2020-09-20,Marin,041,260295,6646,6533,16,6549,83
2020-09-20,Mariposa,043,17540,76,74,0,74,2
2020-09-20,Mendocino,045,87422,834,765,0,765,18
2020-09-20,Merced,047,269075,8806,8745,14,8759,128
2020-09-20,Modoc,049,8938,27,22,0,22,0
2020-09-20,Mono,051,14174,167,147,1,148,1
2020-09-20,Monterey,053,433212,9616,9312,24,9336,65
2020-09-20,Napa,055,140530,1693,1626,5,1631,11
2020-09-20,Nevada,057,99092,535,511,14,525,6
2020-09-20,Orange,059,3164182,53817,51233,1433,52666,1110
2020-09-20,Placer,061,380077,3581,3452,12,3464,40
2020-09-20,Plumas,063,18699,49,47,0,47,0
2020-09-20,Riverside,065,2383286,57835,56783,132,56915,1147
2020-09-20,Sacramento,067,1510023,21991,21394,15,21409,401
2020-09-20,San Benito,069,59416,1317,1291,0,1291,9
2020-09-20,San Bernardino,071,2135413,53162,51559,210,51769,970
2020-09-20,San Diego,073,3302833,46284,44579,857,45436,760
2020-09-20,San Francisco,075,870044,11058,10743,26,10769,95
2020-09-20,San Joaquin,077,732212,19986,19578,47,19625,423
2020-09-20,San Luis Obispo,079,281455,3573,3393,14,3407,27
2020-09-20,San Mateo,081,765935,9952,9198,6,9204,127
2020-09-20,Santa Barbara,083,443738,9458,8880,62,8942,110
2020-09-20,Santa Clara,085,1922200,21347,20330,25,20355,252
2020-09-20,Santa Cruz,087,273765,2349,2199,29,2228,8
2020-09-20,Shasta,089,179085,898,696,3,699,14
2020-09-20,Sierra,091,2930,6,6,0,6,0
2020-09-20,Siskiyou,093,43540,154,146,10,156,0
2020-09-20,Solano,095,438530,6196,6020,41,6061,46
2020-09-20,Sonoma,097,501317,7285,6954,19,6973,117
2020-09-20,Stanislaus,099,539301,16400,16159,521,16680,310
2020-09-20,Sutter,101,95872,1657,1624,1,1625,10
2020-09-20,Tehama,103,63373,535,509,2,511,2
2020-09-20,Trinity,105,12862,29,15,5,20,0
2020-09-20,Tulare,107,460477,15938,15528,106,15634,260
2020-09-20,Tuolumne,109,53932,231,221,2,223,1
2020-09-20,Ventura,111,848112,12869,12406,139,12545,133
2020-09-20,Yolo,113,214977,2791,2745,6,2751,54
2020-09-20,Yuba,115,75493,1060,1029,5,1034,1
2020-09-19,Alameda,001,1643700,21009,20349,172,20521,343
2020-09-19,Alpine,003,1148,3,2,0,2,0
2020-09-19,Amador,005,37829,290,285,0,285,16
2020-09-19,Butte,007,227075,2872,2748,21,2769,38
2020-09-19,Calaveras,009,45235,304,256,0,256,10
2020-09-19,Colusa,011,21464,526,507,0,507,6
2020-09-19,Contra Costa,013,1133247,16643,15783,82,15865,186
2020-09-19,Del Norte,015,27424,133,132,0,132,2
2020-09-19,El Dorado,017,186661,1122,1068,0,1068,4
2020-09-19,Fresno,019,978130,30029,27668,355,28023,362
2020-09-19,Glenn,021,27897,570,547,0,547,3
2020-09-19,Humboldt,023,135768,493,471,1,472,5
2020-09-19,Imperial,025,180216,11708,10496,6,10502,284
2020-09-19,Inyo,027,18085,187,177,0,177,12
2020-09-19,Kern,029,883053,31630,30886,308,31194,379
2020-09-19,Kings,031,150075,7524,7130,38,7168,76
2020-09-19,Lake,033,64148,544,465,0,465,8
2020-09-19,Lassen,035,31185,742,731,2,733,0
2020-09-19,Los Angeles,037,10098052,262979,259801,1801,261602,6325
2020-09-19,Madera,039,155013,4459,4237,26,4263,47
2020-09-19,Marin,041,260295,6639,6513,15,6528,81
2020-09-19,Mariposa,043,17540,76,74,0,74,2
2020-09-19,Mendocino,045,87422,831,750,0,750,18
2020-09-19,Merced,047,269075,8795,8717,13,8730,128
2020-09-19,Modoc,049,8938,27,22,0,22,0
2020-09-19,Mono,051,14174,167,147,1,148,1
2020-09-19,Monterey,053,433212,9574,9237,24,9261,65
2020-09-19,Napa,055,140530,1685,1614,5,1619,11
2020-09-19,Nevada,057,99092,533,505,14,519,6
2020-09-19,Orange,059,3164182,53688,50999,1426,52425,1105
2020-09-19,Placer,061,380077,3573,3412,12,3424,40
2020-09-19,Plumas,063,18699,49,47,0,47,0
2020-09-19,Riverside,065,2383286,57711,56562,131,56693,1147
2020-09-19,Sacramento,067,1510023,21937,21297,15,21312,396
2020-09-19,San Benito,069,59416,1313,1276,0,1276,9
2020-09-19,San Bernardino,071,2135413,53006,51353,207,51560,971
2020-09-19,San Diego,073,3302833,46056,44295,834,45129,773
2020-09-19,San Francisco,075,870044,11025,10741,26,10767,95
2020-09-19,San Joaquin,077,732212,19949,19580,47,19627,424
2020-09-19,San Luis Obispo,079,281455,3552,3369,14,3383,27
2020-09-19,San Mateo,081,765935,9921,9158,6,9164,127
2020-09-19,Santa Barbara,083,443738,9437,8862,62,8924,106
2020-09-19,Santa Clara,085,1922200,21258,20170,25,20195,251
2020-09-19,Santa Cruz,087,273765,2335,2198,29,2227,8
2020-09-19,Shasta,089,179085,871,687,3,690,14
2020-09-19,Sierra,091,2930,6,6,0,6,0
2020-09-19,Siskiyou,093,43540,154,146,10,156,0
2020-09-19,Solano,095,438530,6180,5998,41,6039,46
2020-09-19,Sonoma,097,501317,7252,6905,19,6924,117
2020-09-19,Stanislaus,099,539301,16360,16109,514,16623,313
2020-09-19,Sutter,101,95872,1656,1602,1,1603,10
2020-09-19,Tehama,103,63373,530,498,2,500,2
2020-09-19,Trinity,105,12862,29,15,5,20,0
2020-09-19,Tulare,107,460477,15889,15485,103,15588,260
2020-09-19,Tuolumne,109,53932,231,217,2,219,1
2020-09-19,Ventura,111,848112,12837,12328,139,12467,133
2020-09-19,Yolo,113,214977,2783,2739,6,2745,54
2020-09-19,Yuba,115,75493,1053,1023,5,1028,1
2020-09-18,Alameda,001,1643700,20944,20222,166,20388,341
2020-09-18,Alpine,003,1148,3,2,0,2,0
2020-09-18,Amador,005,37829,290,285,0,285,16
2020-09-18,Butte,007,227075,2870,2738,21,2759,37
2020-09-18,Calaveras,009,45235,304,255,0,255,9
2020-09-18,Colusa,011,21464,526,504,0,504,6
2020-09-18,Contra Costa,013,1133247,16558,15667,82,15749,185
2020-09-18,Del Norte,015,27424,133,131,0,131,2
2020-09-18,El Dorado,017,186661,1109,1063,0,1063,4
2020-09-18,Fresno,019,978130,29964,27560,355,27915,359
2020-09-18,Glenn,021,27897,567,541,0,541,3
2020-09-18,Humboldt,023,135768,490,470,1,471,5
2020-09-18,Imperial,025,180216,11693,10460,6,10466,283
2020-09-18,Inyo,027,18085,187,177,0,177,12
2020-09-18,Kern,029,883053,31572,30742,305,31047,373
2020-09-18,Kings,031,150075,7514,7062,38,7100,74
2020-09-18,Lake,033,64148,538,458,0,458,8
2020-09-18,Lassen,035,31185,741,731,2,733,0
2020-09-18,Los Angeles,037,10098052,262205,258488,1781,260269,6324
2020-09-18,Madera,039,155013,4447,4211,26,4237,45
2020-09-18,Marin,041,260295,6624,6475,15,6490,81
2020-09-18,Mariposa,043,17540,76,74,0,74,2
2020-09-18,Mendocino,045,87422,823,739,0,739,18
2020-09-18,Merced,047,269075,8783,8691,12,8703,127
2020-09-18,Modoc,049,8938,27,22,0,22,0
2020-09-18,Mono,051,14174,165,147,1,148,1
2020-09-18,Monterey,053,433212,9532,9183,24,9207,64
2020-09-18,Napa,055,140530,1679,1604,5,1609,11
2020-09-18,Nevada,057,99092,530,504,14,518,6
2020-09-18,Orange,059,3164182,53541,50733,1414,52147,1107
2020-09-18,Placer,061,380077,3562,3389,12,3401,40
2020-09-18,Plumas,063,18699,49,45,0,45,0
2020-09-18,Riverside,065,2383286,57591,56248,127,56375,1143
2020-09-18,Sacramento,067,1510023,21854,21105,15,21120,391
2020-09-18,San Benito,069,59416,1305,1257,0,1257,8
2020-09-18,San Bernardino,071,2135413,52863,51106,205,51311,970
2020-09-18,San Diego,073,3302833,45806,44009,829,44838,757
2020-09-18,San Francisco,075,870044,10987,10644,25,10669,95
2020-09-18,San Joaquin,077,732212,19906,19531,45,19576,423
2020-09-18,San Luis Obispo,079,281455,3528,3328,14,3342,27
2020-09-18,San Mateo,081,765935,9881,9062,6,9068,127
2020-09-18,Santa Barbara,083,443738,9415,8824,62,8886,107
2020-09-18,Santa Clara,085,1922200,21161,20058,25,20083,252
2020-09-18,Santa Cruz,087,273765,2314,2180,28,2208,8
2020-09-18,Shasta,089,179085,836,668,3,671,14
2020-09-18,Sierra,091,2930,6,6,0,6,0
2020-09-18,Siskiyou,093,43540,153,146,10,156,0
2020-09-18,Solano,095,438530,6164,5961,41,6002,46
2020-09-18,Sonoma,097,501317,7204,6856,19,6875,114
2020-09-18,Stanislaus,099,539301,16332,16042,508,16550,277
2020-09-18,Sutter,101,95872,1648,1586,1,1587,10
2020-09-18,Tehama,103,63373,530,490,2,492,2
2020-09-18,Trinity,105,12862,29,15,4,19,0
2020-09-18,Tulare,107,460477,15856,15435,99,15534,259
2020-09-18,Tuolumne,109,53932,230,216,2,218,1
2020-09-18,Ventura,111,848112,12776,12236,135,12371,133
2020-09-18,Yolo,113,214977,2777,2732,6,2738,54
2020-09-18,Yuba,115,75493,1049,1020,5,1025,1
2020-09-17,Alameda,001,1643700,20846,20146,166,20312,339
2020-09-17,Alpine,003,1148,3,2,0,2,0
2020-09-17,Amador,005,37829,288,284,0,284,16
2020-09-17,Butte,007,227075,2852,2720,21,2741,38
2020-09-17,Calaveras,009,45235,304,254,0,254,9
2020-09-17,Colusa,011,21464,524,499,0,499,6
2020-09-17,Contra Costa,013,1133247,16468,15576,82,15658,184
2020-09-17,Del Norte,015,27424,133,131,0,131,2
2020-09-17,El Dorado,017,186661,1100,1057,0,1057,4
2020-09-17,Fresno,019,978130,29855,27487,350,27837,355
2020-09-17,Glenn,021,27897,566,541,0,541,3
2020-09-17,Humboldt,023,135768,484,466,1,467,5
2020-09-17,Imperial,025,180216,11676,10436,6,10442,281
2020-09-17,Inyo,027,18085,187,176,0,176,12
2020-09-17,Kern,029,883053,31511,30627,298,30925,372
2020-09-17,Kings,031,150075,7443,7015,38,7053,72
2020-09-17,Lake,033,64148,528,433,0,433,8
2020-09-17,Lassen,035,31185,739,731,2,733,0
2020-09-17,Los Angeles,037,10098052,261262,257246,1766,259012,6318
2020-09-17,Madera,039,155013,4413,4152,26,4178,45
2020-09-17,Marin,041,260295,6603,6457,15,6472,81
2020-09-17,Mariposa,043,17540,75,74,0,74,2
2020-09-17,Mendocino,045,87422,812,737,0,737,18
2020-09-17,Merced,047,269075,8764,8671,12,8683,119
2020-09-17,Modoc,049,8938,27,22,0,22,0
2020-09-17,Mono,051,14174,165,147,1,148,1
2020-09-17,Monterey,053,433212,9470,9113,23,9136,62
2020-09-17,Napa,055,140530,1668,1592,5,1597,11
2020-09-17,Nevada,057,99092,528,494,14,508,6
2020-09-17,Orange,059,3164182,53362,50537,1400,51937,1098
2020-09-17,Placer,061,380077,3542,3368,12,3380,40
2020-09-17,Plumas,063,18699,49,45,0,45,0
2020-09-17,Riverside,065,2383286,57366,56007,124,56131,1134
2020-09-17,Sacramento,067,1510023,21619,20895,15,20910,385
2020-09-17,San Benito,069,59416,1302,1252,0,1252,8
2020-09-17,San Bernardino,071,2135413,52662,50770,205,50975,904
2020-09-17,San Diego,073,3302833,45527,43621,817,44438,754
2020-09-17,San Francisco,075,870044,10892,10564,25,10589,95
2020-09-17,San Joaquin,077,732212,19847,19439,45,19484,416
2020-09-17,San Luis Obispo,079,281455,3501,3299,14,3313,27
2020-09-17,San Mateo,081,765935,9839,8984,6,8990,127
2020-09-17,Santa Barbara,083,443738,9391,8779,62,8841,107
2020-09-17,Santa Clara,085,1922200,21046,19825,25,19850,254
2020-09-17,Santa Cruz,087,273765,2298,2155,28,2183,7
2020-09-17,Shasta,089,179085,797,660,3,663,12
2020-09-17,Sierra,091,2930,6,6,0,6,0
2020-09-17,Siskiyou,093,43540,153,146,10,156,0
2020-09-17,Solano,095,438530,6141,5915,41,5956,44
2020-09-17,Sonoma,097,501317,7140,6754,19,6773,114
2020-09-17,Stanislaus,099,539301,16299,15984,504,16488,277
2020-09-17,Sutter,101,95872,1643,1572,1,1573,10
2020-09-17,Tehama,103,63373,516,487,2,489,2
2020-09-17,Trinity,105,12862,29,15,4,19,0
2020-09-17,Tulare,107,460477,15803,15344,97,15441,258
2020-09-17,Tuolumne,109,53932,229,214,2,216,1
2020-09-17,Ventura,111,848112,12691,12167,131,12298,130
2020-09-17,Yolo,113,214977,2768,2724,6,2730,53
2020-09-17,Yuba,115,75493,1045,1015,5,1020,1
2020-09-16,Alameda,001,1643700,20750,20009,164,20173,333
2020-09-16,Alpine,003,1148,3,2,0,2,0
2020-09-16,Amador,005,37829,288,284,0,284,16
2020-09-16,Butte,007,227075,2842,2704,21,2725,38
2020-09-16,Calaveras,009,45235,304,254,0,254,9
2020-09-16,Colusa,011,21464,522,497,0,497,6
2020-09-16,Contra Costa,013,1133247,16382,15473,82,15555,183
2020-09-16,Del Norte,015,27424,133,131,0,131,2
2020-09-16,El Dorado,017,186661,1092,1049,0,1049,4
2020-09-16,Fresno,019,978130,29749,27381,348,27729,343
2020-09-16,Glenn,021,27897,564,539,0,539,3
2020-09-16,Humboldt,023,135768,483,455,1,456,4
2020-09-16,Imperial,025,180216,11653,10401,6,10407,277
2020-09-16,Inyo,027,18085,186,176,0,176,12
2020-09-16,Kern,029,883053,31451,30570,297,30867,371
2020-09-16,Kings,031,150075,7418,7002,36,7038,71
2020-09-16,Lake,033,64148,517,417,0,417,6
2020-09-16,Lassen,035,31185,738,730,2,732,0
2020-09-16,Los Angeles,037,10098052,260265,256101,1747,257848,6299
2020-09-16,Madera,039,155013,4390,4138,26,4164,45
2020-09-16,Marin,041,260295,6575,6430,15,6445,77
2020-09-16,Mariposa,043,17540,75,74,0,74,2
2020-09-16,Mendocino,045,87422,803,727,0,727,18
2020-09-16,Merced,047,269075,8743,8646,12,8658,118
2020-09-16,Modoc,049,8938,27,22,0,22,0
2020-09-16,Mono,051,14174,165,147,1,148,1
2020-09-16,Monterey,053,433212,9416,8997,23,9020,62
2020-09-16,Napa,055,140530,1654,1587,5,1592,11
2020-09-16,Nevada,057,99092,523,495,13,508,6
2020-09-16,Orange,059,3164182,53162,50414,1391,51805,1096
2020-09-16,Placer,061,380077,3524,3351,12,3363,39
2020-09-16,Plumas,063,18699,49,45,0,45,0
2020-09-16,Riverside,065,2383286,57171,55811,116,55927,1127
2020-09-16,Sacramento,067,1510023,21525,20610,15,20625,377
2020-09-16,San Benito,069,59416,1294,1244,0,1244,8
2020-09-16,San Bernardino,071,2135413,52436,50509,205,50714,907
2020-09-16,San Diego,073,3302833,45235,43447,796,44243,748
2020-09-16,San Francisco,075,870044,10845,10502,25,10527,90
2020-09-16,San Joaquin,077,732212,19793,19377,44,19421,409
2020-09-16,San Luis Obispo,079,281455,3472,3285,14,3299,28
2020-09-16,San Mateo,081,765935,9774,8944,6,8950,127
2020-09-16,Santa Barbara,083,443738,9359,8764,62,8826,107
2020-09-16,Santa Clara,085,1922200,20927,19684,25,19709,253
2020-09-16,Santa Cruz,087,273765,2257,2089,27,2116,7
2020-09-16,Shasta,089,179085,771,635,3,638,11
2020-09-16,Sierra,091,2930,6,6,0,6,0
2020-09-16,Siskiyou,093,43540,152,145,10,155,0
2020-09-16,Solano,095,438530,6111,5899,41,5940,44
2020-09-16,Sonoma,097,501317,7079,6731,19,6750,104
2020-09-16,Stanislaus,099,539301,16251,15897,496,16393,263
2020-09-16,Sutter,101,95872,1630,1567,1,1568,10
2020-09-16,Tehama,103,63373,508,485,2,487,2
2020-09-16,Trinity,105,12862,29,15,4,19,0
2020-09-16,Tulare,107,460477,15761,15314,89,15403,258
2020-09-16,Tuolumne,109,53932,228,210,2,212,1
2020-09-16,Ventura,111,848112,12623,12073,130,12203,130
2020-09-16,Yolo,113,214977,2761,2709,6,2715,53
2020-09-16,Yuba,115,75493,1043,1000,5,1005,1
2020-09-15,Alameda,001,1643700,20643,19931,161,20092,327
2020-09-15,Alpine,003,1148,3,2,0,2,0
2020-09-15,Amador,005,37829,287,282,0,282,16
2020-09-15,Butte,007,227075,2829,2695,19,2714,38
2020-09-15,Calaveras,009,45235,304,248,0,248,5
2020-09-15,Colusa,011,21464,516,497,0,497,6
2020-09-15,Contra Costa,013,1133247,16279,15423,81,15504,180
2020-09-15,Del Norte,015,27424,133,129,0,129,2
2020-09-15,El Dorado,017,186661,1087,1046,0,1046,4
2020-09-15,Fresno,019,978130,29643,27312,343,27655,343
2020-09-15,Glenn,021,27897,563,531,0,531,3
2020-09-15,Humboldt,023,135768,481,456,1,457,4
2020-09-15,Imperial,025,180216,11628,10376,6,10382,277
2020-09-15,Inyo,027,18085,186,176,0,176,12
2020-09-15,Kern,029,883053,31338,30429,294,30723,368
2020-09-15,Kings,031,150075,7260,6977,36,7013,70
2020-09-15,Lake,033,64148,503,416,0,416,4
2020-09-15,Lassen,035,31185,734,719,2,721,0
2020-09-15,Los Angeles,037,10098052,259153,255048,1722,256770,6269
2020-09-15,Madera,039,155013,4371,4122,26,4148,45
2020-09-15,Marin,041,260295,6544,6423,15,6438,77
2020-09-15,Mariposa,043,17540,75,74,0,74,2
2020-09-15,Mendocino,045,87422,785,724,0,724,18
2020-09-15,Merced,047,269075,8713,8633,12,8645,114
2020-09-15,Modoc,049,8938,26,21,0,21,0
2020-09-15,Mono,051,14174,165,147,1,148,1
2020-09-15,Monterey,053,433212,9367,8943,23,8966,62
2020-09-15,Napa,055,140530,1640,1580,5,1585,11
2020-09-15,Nevada,057,99092,518,494,13,507,6
2020-09-15,Orange,059,3164182,52980,50294,1376,51670,1088
2020-09-15,Placer,061,380077,3500,3331,12,3343,38
2020-09-15,Plumas,063,18699,49,44,0,44,0
2020-09-15,Riverside,065,2383286,56878,55569,106,55675,1118
2020-09-15,Sacramento,067,1510023,21383,20487,15,20502,372
2020-09-15,San Benito,069,59416,1287,1237,0,1237,7
2020-09-15,San Bernardino,071,2135413,52220,50333,204,50537,904
2020-09-15,San Diego,073,3302833,44917,43183,775,43958,742
2020-09-15,San Francisco,075,870044,10787,10414,25,10439,90
2020-09-15,San Joaquin,077,732212,19741,19313,44,19357,401
2020-09-15,San Luis Obispo,079,281455,3451,3262,14,3276,28
2020-09-15,San Mateo,081,765935,9704,8895,6,8901,127
2020-09-15,Santa Barbara,083,443738,9334,8724,61,8785,104
2020-09-15,Santa Clara,085,1922200,20791,19610,25,19635,252
2020-09-15,Santa Cruz,087,273765,2231,2079,26,2105,7
2020-09-15,Shasta,089,179085,759,627,3,630,11
2020-09-15,Sierra,091,2930,6,6,0,6,0
2020-09-15,Siskiyou,093,43540,152,143,10,153,0
2020-09-15,Solano,095,438530,6077,5878,41,5919,45
2020-09-15,Sonoma,097,501317,7040,6701,19,6720,104
2020-09-15,Stanislaus,099,539301,16203,15880,494,16374,260
2020-09-15,Sutter,101,95872,1618,1556,1,1557,10
2020-09-15,Tehama,103,63373,496,484,2,486,2
2020-09-15,Trinity,105,12862,29,15,4,19,0
2020-09-15,Tulare,107,460477,15684,15203,87,15290,254
2020-09-15,Tuolumne,109,53932,228,209,2,211,1
2020-09-15,Ventura,111,848112,12571,11932,129,12061,128
2020-09-15,Yolo,113,214977,2757,2708,6,2714,53
2020-09-15,Yuba,115,75493,1037,991,4,995,1
2020-09-14,Alameda,001,1643700,20516,19851,160,20011,306
2020-09-14,Alpine,003,1148,3,2,0,2,0
2020-09-14,Amador,005,37829,285,281,0,281,16
2020-09-14,Butte,007,227075,2812,2642,19,2661,37
2020-09-14,Calaveras,009,45235,304,244,0,244,3
2020-09-14,Colusa,011,21464,515,486,0,486,6
2020-09-14,Contra Costa,013,1133247,16154,15354,80,15434,174
2020-09-14,Del Norte,015,27424,130,116,0,116,2
2020-09-14,El Dorado,017,186661,1083,1039,0,1039,3
2020-09-14,Fresno,019,978130,29558,27232,340,27572,344
2020-09-14,Glenn,021,27897,555,521,0,521,3
2020-09-14,Humboldt,023,135768,478,437,1,438,4
2020-09-14,Imperial,025,180216,11608,10340,6,10346,273
2020-09-14,Inyo,027,18085,186,176,0,176,12
2020-09-14,Kern,029,883053,31251,30344,291,30635,368
2020-09-14,Kings,031,150075,7178,6950,36,6986,70
2020-09-14,Lake,033,64148,483,407,0,407,4
2020-09-14,Lassen,035,31185,734,719,2,721,0
2020-09-14,Los Angeles,037,10098052,258124,254622,1693,256315,6226
2020-09-14,Madera,039,155013,4357,4104,26,4130,45
2020-09-14,Marin,041,260295,6523,6409,15,6424,70
2020-09-14,Mariposa,043,17540,75,74,0,74,2
2020-09-14,Mendocino,045,87422,768,710,0,710,17
2020-09-14,Merced,047,269075,8694,8593,12,8605,112
2020-09-14,Modoc,049,8938,26,21,0,21,0
2020-09-14,Mono,051,14174,165,147,1,148,1
2020-09-14,Monterey,053,433212,9296,8845,22,8867,61
2020-09-14,Napa,055,140530,1623,1576,5,1581,11
2020-09-14,Nevada,057,99092,513,489,13,502,6
2020-09-14,Orange,059,3164182,52821,50149,1360,51509,1079
2020-09-14,Placer,061,380077,3479,3302,12,3314,38
2020-09-14,Plumas,063,18699,48,42,0,42,0
2020-09-14,Riverside,065,2383286,56659,55488,100,55588,1113
2020-09-14,Sacramento,067,1510023,21188,20377,14,20391,367
2020-09-14,San Benito,069,59416,1272,1233,0,1233,7
2020-09-14,San Bernardino,071,2135413,51996,50163,203,50366,895
2020-09-14,San Diego,073,3302833,44606,42889,755,43644,734
2020-09-14,San Francisco,075,870044,10721,10255,23,10278,90
2020-09-14,San Joaquin,077,732212,19667,19111,43,19154,397
2020-09-14,San Luis Obispo,079,281455,3426,3248,14,3262,25
2020-09-14,San Mateo,081,765935,9642,8847,6,8853,127
2020-09-14,Santa Barbara,083,443738,9308,8692,61,8753,104
2020-09-14,Santa Clara,085,1922200,20604,19545,25,19570,247
2020-09-14,Santa Cruz,087,273765,2211,2016,23,2039,7
2020-09-14,Shasta,089,179085,737,584,3,587,10
2020-09-14,Sierra,091,2930,6,6,0,6,0
2020-09-14,Siskiyou,093,43540,151,143,10,153,0
2020-09-14,Solano,095,438530,6042,5834,41,5875,44
2020-09-14,Sonoma,097,501317,6977,6630,19,6649,102
2020-09-14,Stanislaus,099,539301,16158,15812,491,16303,253
2020-09-14,Sutter,101,95872,1607,1549,1,1550,10
2020-09-14,Tehama,103,63373,493,475,2,477,1
2020-09-14,Trinity,105,12862,28,14,4,18,0
2020-09-14,Tulare,107,460477,15615,15096,81,15177,254
2020-09-14,Tuolumne,109,53932,227,208,2,210,1
2020-09-14,Ventura,111,848112,12470,11903,126,12029,125
2020-09-14,Yolo,113,214977,2746,2687,6,2693,53
2020-09-14,Yuba,115,75493,1029,977,4,981,1
2020-09-13,Alameda,001,1643700,20410,19815,157,19972,306
2020-09-13,Alpine,003,1148,3,2,0,2,0
2020-09-13,Amador,005,37829,282,279,0,279,16
2020-09-13,Butte,007,227075,2790,2640,19,2659,37
2020-09-13,Calaveras,009,45235,303,246,0,246,3
2020-09-13,Colusa,011,21464,511,486,0,486,6
2020-09-13,Contra Costa,013,1133247,16048,15284,79,15363,172
2020-09-13,Del Norte,015,27424,127,116,0,116,1
2020-09-13,El Dorado,017,186661,1078,1035,0,1035,2
2020-09-13,Fresno,019,978130,29451,27196,331,27527,345
2020-09-13,Glenn,021,27897,551,517,0,517,3
2020-09-13,Humboldt,023,135768,478,434,1,435,4
2020-09-13,Imperial,025,180216,11571,10304,6,10310,273
2020-09-13,Inyo,027,18085,186,176,0,176,12
2020-09-13,Kern,029,883053,31158,30277,284,30561,368
2020-09-13,Kings,031,150075,7159,6937,36,6973,70
2020-09-13,Lake,033,64148,464,397,0,397,4
2020-09-13,Lassen,035,31185,731,719,2,721,0
2020-09-13,Los Angeles,037,10098052,256976,253950,1677,255627,6203
2020-09-13,Madera,039,155013,4300,4090,26,4116,45
2020-09-13,Marin,041,260295,6502,6395,15,6410,70
2020-09-13,Mariposa,043,17540,75,74,0,74,2
2020-09-13,Mendocino,045,87422,761,707,0,707,17
2020-09-13,Merced,047,269075,8660,8575,12,8587,112
2020-09-13,Modoc,049,8938,26,21,0,21,0
2020-09-13,Mono,051,14174,165,147,1,148,1
2020-09-13,Monterey,053,433212,9214,8826,21,8847,61
2020-09-13,Napa,055,140530,1616,1563,5,1568,11
2020-09-13,Nevada,057,99092,505,486,13,499,6
2020-09-13,Orange,059,3164182,52608,50061,1353,51414,1075
2020-09-13,Placer,061,380077,3449,3291,12,3303,38
2020-09-13,Plumas,063,18699,48,42,0,42,0
2020-09-13,Riverside,065,2383286,56450,55235,89,55324,1108
2020-09-13,Sacramento,067,1510023,20841,20279,14,20293,367
2020-09-13,San Benito,069,59416,1264,1217,0,1217,7
2020-09-13,San Bernardino,071,2135413,51711,49968,203,50171,895
2020-09-13,San Diego,073,3302833,44281,42681,720,43401,734
2020-09-13,San Francisco,075,870044,10643,10254,23,10277,90
2020-09-13,San Joaquin,077,732212,19595,19110,42,19152,396
2020-09-13,San Luis Obispo,079,281455,3390,3240,14,3254,24
2020-09-13,San Mateo,081,765935,9581,8811,6,8817,127
2020-09-13,Santa Barbara,083,443738,9271,8690,61,8751,104
2020-09-13,Santa Clara,085,1922200,20469,19456,24,19480,245
2020-09-13,Santa Cruz,087,273765,2178,2016,21,2037,7
2020-09-13,Shasta,089,179085,725,583,3,586,10
2020-09-13,Sierra,091,2930,6,6,0,6,0
2020-09-13,Siskiyou,093,43540,151,143,9,152,0
2020-09-13,Solano,095,438530,5996,5810,41,5851,43
2020-09-13,Sonoma,097,501317,6912,6592,19,6611,95
2020-09-13,Stanislaus,099,539301,16095,15759,479,16238,253
2020-09-13,Sutter,101,95872,1595,1539,1,1540,10
2020-09-13,Tehama,103,63373,489,476,2,478,1
2020-09-13,Trinity,105,12862,28,14,4,18,0
2020-09-13,Tulare,107,460477,15543,15098,80,15178,254
2020-09-13,Tuolumne,109,53932,224,208,2,210,1
2020-09-13,Ventura,111,848112,12365,11855,125,11980,123
2020-09-13,Yolo,113,214977,2734,2675,6,2681,53
2020-09-13,Yuba,115,75493,1024,967,4,971,1
2020-09-12,Alameda,001,1643700,20351,19758,157,19915,307
2020-09-12,Alpine,003,1148,3,2,0,2,0
2020-09-12,Amador,005,37829,281,278,0,278,16
2020-09-12,Butte,007,227075,2783,2629,18,2647,37
2020-09-12,Calaveras,009,45235,301,246,0,246,3
2020-09-12,Colusa,011,21464,507,486,0,486,6
2020-09-12,Contra Costa,013,1133247,15975,15135,78,15213,174
2020-09-12,Del Norte,015,27424,126,116,0,116,1
2020-09-12,El Dorado,017,186661,1071,1034,0,1034,2
2020-09-12,Fresno,019,978130,29381,27076,330,27406,345
2020-09-12,Glenn,021,27897,550,517,0,517,3
2020-09-12,Humboldt,023,135768,477,430,1,431,4
2020-09-12,Imperial,025,180216,11559,10305,6,10311,273
2020-09-12,Inyo,027,18085,186,177,0,177,12
2020-09-12,Kern,029,883053,31092,30202,284,30486,368
2020-09-12,Kings,031,150075,7149,6895,36,6931,70
2020-09-12,Lake,033,64148,458,393,0,393,4
2020-09-12,Lassen,035,31185,731,719,2,721,0
2020-09-12,Los Angeles,037,10098052,256417,253156,1656,254812,6193
2020-09-12,Madera,039,155013,4289,4058,26,4084,43
2020-09-12,Marin,041,260295,6493,6393,15,6408,69
2020-09-12,Mariposa,043,17540,75,72,0,72,2
2020-09-12,Mendocino,045,87422,758,700,0,700,17
2020-09-12,Merced,047,269075,8651,8533,12,8545,112
2020-09-12,Modoc,049,8938,25,21,0,21,0
2020-09-12,Mono,051,14174,165,147,1,148,1
2020-09-12,Monterey,053,433212,9178,8743,21,8764,61
2020-09-12,Napa,055,140530,1613,1556,5,1561,11
2020-09-12,Nevada,057,99092,504,482,13,495,6
2020-09-12,Orange,059,3164182,52494,49895,1349,51244,1078
2020-09-12,Placer,061,380077,3432,3280,12,3292,38
2020-09-12,Plumas,063,18699,48,42,0,42,0
2020-09-12,Riverside,065,2383286,56323,55058,84,55142,1108
2020-09-12,Sacramento,067,1510023,20773,20184,14,20198,367
2020-09-12,San Benito,069,59416,1261,1208,0,1208,7
2020-09-12,San Bernardino,071,2135413,51620,49945,202,50147,896
2020-09-12,San Diego,073,3302833,44087,42416,711,43127,747
2020-09-12,San Francisco,075,870044,10598,10257,23,10280,90
2020-09-12,San Joaquin,077,732212,19567,19108,42,19150,396
2020-09-12,San Luis Obispo,079,281455,3364,3220,14,3234,24
2020-09-12,San Mateo,081,765935,9536,8759,6,8765,127
2020-09-12,Santa Barbara,083,443738,9256,8642,61,8703,104
2020-09-12,Santa Clara,085,1922200,20385,19330,24,19354,237
2020-09-12,Santa Cruz,087,273765,2166,2016,21,2037,7
2020-09-12,Shasta,089,179085,713,569,3,572,10
2020-09-12,Sierra,091,2930,6,6,0,6,0
2020-09-12,Siskiyou,093,43540,151,141,9,150,0
2020-09-12,Solano,095,438530,5972,5772,41,5813,43
2020-09-12,Sonoma,097,501317,6888,6531,19,6550,95
2020-09-12,Stanislaus,099,539301,16063,15675,476,16151,253
2020-09-12,Sutter,101,95872,1589,1529,1,1530,10
2020-09-12,Tehama,103,63373,486,471,2,473,1
2020-09-12,Trinity,105,12862,28,15,4,19,0
2020-09-12,Tulare,107,460477,15498,15018,79,15097,254
2020-09-12,Tuolumne,109,53932,224,208,2,210,1
2020-09-12,Ventura,111,848112,12314,11759,123,11882,123
2020-09-12,Yolo,113,214977,2727,2646,6,2652,53
2020-09-12,Yuba,115,75493,1020,963,4,967,1
2020-09-11,Alameda,001,1643700,20296,19625,156,19781,298
2020-09-11,Alpine,003,1148,3,2,0,2,0
2020-09-11,Amador,005,37829,281,277,0,277,16
2020-09-11,Butte,007,227075,2772,2605,18,2623,37
2020-09-11,Calaveras,009,45235,300,242,0,242,1
2020-09-11,Colusa,011,21464,506,484,0,484,6
2020-09-11,Contra Costa,013,1133247,15922,15001,75,15076,173
2020-09-11,Del Norte,015,27424,126,115,0,115,1
2020-09-11,El Dorado,017,186661,1068,1024,0,1024,2
2020-09-11,Fresno,019,978130,29301,26917,329,27246,344
2020-09-11,Glenn,021,27897,545,515,0,515,3
2020-09-11,Humboldt,023,135768,475,426,1,427,4
2020-09-11,Imperial,025,180216,11541,10286,6,10292,273
2020-09-11,Inyo,027,18085,186,176,0,176,12
2020-09-11,Kern,029,883053,31025,30059,283,30342,365
2020-09-11,Kings,031,150075,7132,6770,36,6806,70
2020-09-11,Lake,033,64148,451,382,0,382,4
2020-09-11,Lassen,035,31185,731,719,2,721,0
2020-09-11,Los Angeles,037,10098052,255736,252057,1645,253702,6172
2020-09-11,Madera,039,155013,4270,4018,26,4044,43
2020-09-11,Marin,041,260295,6490,6364,15,6379,69
2020-09-11,Mariposa,043,17540,75,72,0,72,2
2020-09-11,Mendocino,045,87422,747,700,0,700,17
2020-09-11,Merced,047,269075,8630,8489,12,8501,109
2020-09-11,Modoc,049,8938,25,21,0,21,0
2020-09-11,Mono,051,14174,165,145,1,146,1
2020-09-11,Monterey,053,433212,9130,8595,21,8616,61
2020-09-11,Napa,055,140530,1602,1543,5,1548,11
2020-09-11,Nevada,057,99092,497,483,13,496,6
2020-09-11,Orange,059,3164182,52367,49755,1336,51091,1068
2020-09-11,Placer,061,380077,3417,3254,12,3266,37
2020-09-11,Plumas,063,18699,48,42,0,42,0
2020-09-11,Riverside,065,2383286,56190,54717,81,54798,1099
2020-09-11,Sacramento,067,1510023,20687,20012,14,20026,358
2020-09-11,San Benito,069,59416,1251,1202,0,1202,7
2020-09-11,San Bernardino,071,2135413,51520,49682,202,49884,871
2020-09-11,San Diego,073,3302833,43867,41971,705,42676,730
2020-09-11,San Francisco,075,870044,10550,10133,22,10155,89
2020-09-11,San Joaquin,077,732212,19520,19019,42,19061,391
2020-09-11,San Luis Obispo,079,281455,3346,3190,14,3204,24
2020-09-11,San Mateo,081,765935,9494,8611,6,8617,127
2020-09-11,Santa Barbara,083,443738,9222,8592,60,8652,103
2020-09-11,Santa Clara,085,1922200,20296,19065,24,19089,234
2020-09-11,Santa Cruz,087,273765,2149,1997,21,2018,7
2020-09-11,Shasta,089,179085,703,568,3,571,10
2020-09-11,Sierra,091,2930,6,6,0,6,0
2020-09-11,Siskiyou,093,43540,150,139,9,148,0
2020-09-11,Solano,095,438530,5955,5742,41,5783,42
2020-09-11,Sonoma,097,501317,6843,6469,19,6488,91
2020-09-11,Stanislaus,099,539301,16025,15613,473,16086,253
2020-09-11,Sutter,101,95872,1579,1505,1,1506,11
2020-09-11,Tehama,103,63373,483,466,2,468,1
2020-09-11,Trinity,105,12862,28,16,4,20,0
2020-09-11,Tulare,107,460477,15467,14932,77,15009,251
2020-09-11,Tuolumne,109,53932,224,208,2,210,1
2020-09-11,Ventura,111,848112,12260,11700,121,11821,123
2020-09-11,Yolo,113,214977,2716,2632,6,2638,53
2020-09-11,Yuba,115,75493,1012,946,4,950,1
2020-09-10,Alameda,001,1643700,20222,19509,156,19665,292
2020-09-10,Alpine,003,1148,3,2,0,2,0
2020-09-10,Amador,005,37829,280,277,0,277,16
2020-09-10,Butte,007,227075,2755,2590,18,2608,37
2020-09-10,Calaveras,009,45235,300,244,0,244,1
2020-09-10,Colusa,011,21464,504,482,0,482,6
2020-09-10,Contra Costa,013,1133247,15852,14909,75,14984,172
2020-09-10,Del Norte,015,27424,125,112,0,112,1
2020-09-10,El Dorado,017,186661,1065,1020,0,1020,2
2020-09-10,Fresno,019,978130,29180,26783,329,27112,338
2020-09-10,Glenn,021,27897,535,511,0,511,3
2020-09-10,Humboldt,023,135768,464,422,1,423,4
2020-09-10,Imperial,025,180216,11525,10251,6,10257,270
2020-09-10,Inyo,027,18085,185,176,0,176,11
2020-09-10,Kern,029,883053,30942,29988,279,30267,363
2020-09-10,Kings,031,150075,7102,6739,36,6775,70
2020-09-10,Lake,033,64148,444,377,0,377,4
2020-09-10,Lassen,035,31185,730,716,2,718,0
2020-09-10,Los Angeles,037,10098052,254755,251003,1623,252626,6132
2020-09-10,Madera,039,155013,4252,3979,26,4005,43
2020-09-10,Marin,041,260295,6479,6344,15,6359,68
2020-09-10,Mariposa,043,17540,75,72,0,72,2
2020-09-10,Mendocino,045,87422,737,697,0,697,16
2020-09-10,Merced,047,269075,8584,8461,12,8473,109
2020-09-10,Modoc,049,8938,25,21,0,21,0
2020-09-10,Mono,051,14174,165,145,1,146,1
2020-09-10,Monterey,053,433212,9060,8570,21,8591,59
2020-09-10,Napa,055,140530,1596,1536,5,1541,11
2020-09-10,Nevada,057,99092,493,478,13,491,6
2020-09-10,Orange,059,3164182,52204,49617,1329,50946,1057
2020-09-10,Placer,061,380077,3398,3233,12,3245,37
2020-09-10,Plumas,063,18699,48,42,0,42,0
2020-09-10,Riverside,065,2383286,55872,54417,78,54495,1091
2020-09-10,Sacramento,067,1510023,20565,19618,12,19630,354
2020-09-10,San Benito,069,59416,1245,1201,0,1201,5
2020-09-10,San Bernardino,071,2135413,51331,49467,200,49667,867
2020-09-10,San Diego,073,3302833,43601,41610,678,42288,725
2020-09-10,San Francisco,075,870044,10473,10082,22,10104,89
2020-09-10,San Joaquin,077,732212,19467,18854,42,18896,389
2020-09-10,San Luis Obispo,079,281455,3333,3161,14,3175,24
2020-09-10,San Mateo,081,765935,9448,8529,6,8535,125
2020-09-10,Santa Barbara,083,443738,9178,8552,60,8612,100
2020-09-10,Santa Clara,085,1922200,20182,18870,24,18894,231
2020-09-10,Santa Cruz,087,273765,2134,1986,19,2005,7
2020-09-10,Shasta,089,179085,692,566,3,569,10
2020-09-10,Sierra,091,2930,6,6,0,6,0
2020-09-10,Siskiyou,093,43540,150,137,9,146,0
2020-09-10,Solano,095,438530,5915,5696,41,5737,42
2020-09-10,Sonoma,097,501317,6794,6424,19,6443,91
2020-09-10,Stanislaus,099,539301,15971,15509,468,15977,243
2020-09-10,Sutter,101,95872,1567,1494,1,1495,11
2020-09-10,Tehama,103,63373,476,466,2,468,1
2020-09-10,Trinity,105,12862,28,15,4,19,0
2020-09-10,Tulare,107,460477,15412,14860,74,14934,250
2020-09-10,Tuolumne,109,53932,223,205,2,207,1
2020-09-10,Ventura,111,848112,12167,11600,114,11714,122
2020-09-10,Yolo,113,214977,2711,2612,6,2618,53
2020-09-10,Yuba,115,75493,1006,941,4,945,1
2020-09-09,Alameda,001,1643700,20143,19399,155,19554,289
2020-09-09,Alpine,003,1148,3,2,0,2,0
2020-09-09,Amador,005,37829,279,276,0,276,16
2020-09-09,Butte,007,227075,2738,2561,18,2579,37
2020-09-09,Calaveras,009,45235,300,242,0,242,1
2020-09-09,Colusa,011,21464,499,479,0,479,6
2020-09-09,Contra Costa,013,1133247,15766,14816,75,14891,171
2020-09-09,Del Norte,015,27424,121,109,0,109,1
2020-09-09,El Dorado,017,186661,1064,1020,0,1020,2
2020-09-09,Fresno,019,978130,29077,26724,324,27048,329
2020-09-09,Glenn,021,27897,532,508,0,508,3
2020-09-09,Humboldt,023,135768,462,420,1,421,4
2020-09-09,Imperial,025,180216,11504,10233,6,10239,268
2020-09-09,Inyo,027,18085,184,173,0,173,2
2020-09-09,Kern,029,883053,30843,29925,276,30201,355
2020-09-09,Kings,031,150075,7084,6721,36,6757,72
2020-09-09,Lake,033,64148,436,371,0,371,4
2020-09-09,Lassen,035,31185,729,714,2,716,0
2020-09-09,Los Angeles,037,10098052,253871,249876,1604,251480,6091
2020-09-09,Madera,039,155013,4226,3926,26,3952,43
2020-09-09,Marin,041,260295,6460,6321,15,6336,68
2020-09-09,Mariposa,043,17540,74,72,0,72,2
2020-09-09,Mendocino,045,87422,729,695,0,695,16
2020-09-09,Merced,047,269075,8558,8441,12,8453,107
2020-09-09,Modoc,049,8938,24,20,0,20,0
2020-09-09,Mono,051,14174,165,145,1,146,1
2020-09-09,Monterey,053,433212,8988,8527,21,8548,59
2020-09-09,Napa,055,140530,1586,1531,5,1536,11
2020-09-09,Nevada,057,99092,489,476,13,489,6
2020-09-09,Orange,059,3164182,52025,49394,1321,50715,1054
2020-09-09,Placer,061,380077,3378,3222,12,3234,36
2020-09-09,Plumas,063,18699,46,42,0,42,0
2020-09-09,Riverside,065,2383286,55643,54320,75,54395,1081
2020-09-09,Sacramento,067,1510023,20459,19474,12,19486,347
2020-09-09,San Benito,069,59416,1241,1199,0,1199,5
2020-09-09,San Bernardino,071,2135413,51134,49264,200,49464,866
2020-09-09,San Diego,073,3302833,43312,41326,666,41992,721
2020-09-09,San Francisco,075,870044,10423,9996,21,10017,86
2020-09-09,San Joaquin,077,732212,19403,18799,41,18840,388
2020-09-09,San Luis Obispo,079,281455,3315,3131,14,3145,24
2020-09-09,San Mateo,081,765935,9387,8478,6,8484,125
2020-09-09,Santa Barbara,083,443738,9135,8528,60,8588,97
2020-09-09,Santa Clara,085,1922200,20050,18759,24,18783,228
2020-09-09,Santa Cruz,087,273765,2111,1967,19,1986,7
2020-09-09,Shasta,089,179085,680,562,3,565,10
2020-09-09,Sierra,091,2930,6,6,0,6,0
2020-09-09,Siskiyou,093,43540,148,137,9,146,0
2020-09-09,Solano,095,438530,5883,5680,41,5721,36
2020-09-09,Sonoma,097,501317,6727,6397,19,6416,92
2020-09-09,Stanislaus,099,539301,15933,15469,455,15924,243
2020-09-09,Sutter,101,95872,1559,1487,1,1488,11
2020-09-09,Tehama,103,63373,473,462,2,464,1
2020-09-09,Trinity,105,12862,28,14,4,18,0
2020-09-09,Tulare,107,460477,15363,14787,69,14856,249
2020-09-09,Tuolumne,109,53932,222,204,2,206,1
2020-09-09,Ventura,111,848112,12079,11497,111,11608,121
2020-09-09,Yolo,113,214977,2700,2604,6,2610,53
2020-09-09,Yuba,115,75493,1001,936,4,940,1
2020-09-08,Alameda,001,1643700,20035,19293,155,19448,288
2020-09-08,Alpine,003,1148,3,2,0,2,0
2020-09-08,Amador,005,37829,279,276,0,276,16
2020-09-08,Butte,007,227075,2720,2453,18,2471,36
2020-09-08,Calaveras,009,45235,298,233,0,233,1
2020-09-08,Colusa,011,21464,497,475,0,475,6
2020-09-08,Contra Costa,013,1133247,15638,14740,72,14812,171
2020-09-08,Del Norte,015,27424,121,109,0,109,2
2020-09-08,El Dorado,017,186661,1061,1011,0,1011,2
2020-09-08,Fresno,019,978130,28958,26640,320,26960,329
2020-09-08,Glenn,021,27897,528,492,0,492,3
2020-09-08,Humboldt,023,135768,460,420,1,421,4
2020-09-08,Imperial,025,180216,11488,10198,6,10204,267
2020-09-08,Inyo,027,18085,184,169,0,169,2
2020-09-08,Kern,029,883053,30757,29850,274,30124,351
2020-09-08,Kings,031,150075,7046,6658,36,6694,72
2020-09-08,Lake,033,64148,426,370,0,370,4
2020-09-08,Lassen,035,31185,729,710,2,712,0
2020-09-08,Los Angeles,037,10098052,252936,249217,1576,250793,6034
2020-09-08,Madera,039,155013,4202,3904,26,3930,43
2020-09-08,Marin,041,260295,6429,6313,15,6328,68
2020-09-08,Mariposa,043,17540,74,72,0,72,2
2020-09-08,Mendocino,045,87422,722,690,0,690,16
2020-09-08,Merced,047,269075,8535,8381,12,8393,104
2020-09-08,Modoc,049,8938,24,20,0,20,0
2020-09-08,Mono,051,14174,165,145,1,146,1
2020-09-08,Monterey,053,433212,8903,8491,21,8512,59
2020-09-08,Napa,055,140530,1582,1518,5,1523,11
2020-09-08,Nevada,057,99092,489,470,13,483,6
2020-09-08,Orange,059,3164182,51884,49214,1317,50531,1044
2020-09-08,Placer,061,380077,3364,3205,12,3217,36
2020-09-08,Plumas,063,18699,46,42,0,42,0
2020-09-08,Riverside,065,2383286,55431,54168,72,54240,1069
2020-09-08,Sacramento,067,1510023,20225,19411,12,19423,347
2020-09-08,San Benito,069,59416,1234,1188,0,1188,5
2020-09-08,San Bernardino,071,2135413,50945,49034,199,49233,856
2020-09-08,San Diego,073,3302833,42996,41079,654,41733,709
2020-09-08,San Francisco,075,870044,10350,9821,21,9842,86
2020-09-08,San Joaquin,077,732212,19325,18550,41,18591,388
2020-09-08,San Luis Obispo,079,281455,3301,3120,14,3134,23
2020-09-08,San Mateo,081,765935,9311,8460,6,8466,125
2020-09-08,Santa Barbara,083,443738,9101,8488,59,8547,96
2020-09-08,Santa Clara,085,1922200,19873,18645,24,18669,228
2020-09-08,Santa Cruz,087,273765,2083,1903,19,1922,7
2020-09-08,Shasta,089,179085,672,556,3,559,10
2020-09-08,Sierra,091,2930,6,6,0,6,0
2020-09-08,Siskiyou,093,43540,146,136,9,145,0
2020-09-08,Solano,095,438530,5846,5654,41,5695,36
2020-09-08,Sonoma,097,501317,6658,6356,19,6375,92
2020-09-08,Stanislaus,099,539301,15869,15415,443,15858,238
2020-09-08,Sutter,101,95872,1544,1473,1,1474,11
2020-09-08,Tehama,103,63373,469,458,2,460,1
2020-09-08,Trinity,105,12862,27,13,4,17,0
2020-09-08,Tulare,107,460477,15283,14635,68,14703,249
2020-09-08,Tuolumne,109,53932,221,197,2,199,1
2020-09-08,Ventura,111,848112,12011,11475,109,11584,118
2020-09-08,Yolo,113,214977,2690,2580,6,2586,53
2020-09-08,Yuba,115,75493,989,923,4,927,1
2020-09-07,Alameda,001,1643700,19914,19188,150,19338,281
2020-09-07,Alpine,003,1148,3,2,0,2,0
2020-09-07,Amador,005,37829,279,276,0,276,16
2020-09-07,Butte,007,227075,2687,2450,17,2467,30
2020-09-07,Calaveras,009,45235,288,234,0,234,1
2020-09-07,Colusa,011,21464,496,475,0,475,6
2020-09-07,Contra Costa,013,1133247,15525,14637,69,14706,172
2020-09-07,Del Norte,015,27424,121,109,0,109,2
2020-09-07,El Dorado,017,186661,1050,1011,0,1011,2
2020-09-07,Fresno,019,978130,28865,26565,316,26881,329
2020-09-07,Glenn,021,27897,523,488,0,488,3
2020-09-07,Humboldt,023,135768,451,416,1,417,4
2020-09-07,Imperial,025,180216,11457,10199,6,10205,267
2020-09-07,Inyo,027,18085,184,169,0,169,2
2020-09-07,Kern,029,883053,30636,29790,269,30059,348
2020-09-07,Kings,031,150075,6922,6630,36,6666,72
2020-09-07,Lake,033,64148,403,367,0,367,2
2020-09-07,Lassen,035,31185,729,709,2,711,0
2020-09-07,Los Angeles,037,10098052,251891,248804,1553,250357,6030
2020-09-07,Madera,039,155013,4171,3889,26,3915,43
2020-09-07,Marin,041,260295,6399,6296,15,6311,67
2020-09-07,Mariposa,043,17540,74,72,0,72,2
2020-09-07,Mendocino,045,87422,714,687,0,687,16
2020-09-07,Merced,047,269075,8488,8381,12,8393,104
2020-09-07,Modoc,049,8938,23,20,0,20,0
2020-09-07,Mono,051,14174,165,145,1,146,1
2020-09-07,Monterey,053,433212,8824,8463,21,8484,57
2020-09-07,Napa,055,140530,1570,1514,5,1519,11
2020-09-07,Nevada,057,99092,487,469,13,482,6
2020-09-07,Orange,059,3164182,51713,49132,1313,50445,1042
2020-09-07,Placer,061,380077,3333,3188,11,3199,36
2020-09-07,Plumas,063,18699,45,42,0,42,0
2020-09-07,Riverside,065,2383286,55156,54178,66,54244,1069
2020-09-07,Sacramento,067,1510023,19982,19292,12,19304,345
2020-09-07,San Benito,069,59416,1228,1180,0,1180,4
2020-09-07,San Bernardino,071,2135413,50721,49043,197,49240,821
2020-09-07,San Diego,073,3302833,42596,40868,627,41495,708
2020-09-07,San Francisco,075,870044,10300,9813,20,9833,85
2020-09-07,San Joaquin,077,732212,19244,18552,39,18591,386
2020-09-07,San Luis Obispo,079,281455,3264,3116,14,3130,23
2020-09-07,San Mateo,081,765935,9229,8409,6,8415,125
2020-09-07,Santa Barbara,083,443738,9059,8479,59,8538,95
2020-09-07,Santa Clara,085,1922200,19715,18596,23,18619,226
2020-09-07,Santa Cruz,087,273765,2055,1902,19,1921,7
2020-09-07,Shasta,089,179085,662,556,3,559,10
2020-09-07,Sierra,091,2930,6,6,0,6,0
2020-09-07,Siskiyou,093,43540,145,133,9,142,0
2020-09-07,Solano,095,438530,5781,5640,41,5681,36
2020-09-07,Sonoma,097,501317,6591,6268,19,6287,85
2020-09-07,Stanislaus,099,539301,15804,15343,430,15773,236
2020-09-07,Sutter,101,95872,1527,1468,1,1469,11
2020-09-07,Tehama,103,63373,466,453,2,455,1
2020-09-07,Trinity,105,12862,27,13,4,17,0
2020-09-07,Tulare,107,460477,15177,14637,66,14703,249
2020-09-07,Tuolumne,109,53932,220,196,2,198,1
2020-09-07,Ventura,111,848112,11918,11463,107,11570,118
2020-09-07,Yolo,113,214977,2673,2565,5,2570,53
2020-09-07,Yuba,115,75493,973,923,3,926,1
2020-09-06,Alameda,001,1643700,19856,19029,148,19177,281
2020-09-06,Alpine,003,1148,3,2,0,2,0
2020-09-06,Amador,005,37829,277,275,0,275,16
2020-09-06,Butte,007,227075,2678,2446,17,2463,30
2020-09-06,Calaveras,009,45235,288,235,0,235,1
2020-09-06,Colusa,011,21464,492,475,0,475,6
2020-09-06,Contra Costa,013,1133247,15445,14565,68,14633,171
2020-09-06,Del Norte,015,27424,121,109,0,109,2
2020-09-06,El Dorado,017,186661,1048,1008,0,1008,2
2020-09-06,Fresno,019,978130,28801,26471,314,26785,329
2020-09-06,Glenn,021,27897,517,474,0,474,3
2020-09-06,Humboldt,023,135768,448,404,1,405,4
2020-09-06,Imperial,025,180216,11440,10152,6,10158,267
2020-09-06,Inyo,027,18085,184,169,0,169,2
2020-09-06,Kern,029,883053,30581,29699,265,29964,348
2020-09-06,Kings,031,150075,6902,6561,35,6596,72
2020-09-06,Lake,033,64148,400,362,0,362,2
2020-09-06,Lassen,035,31185,729,709,2,711,0
2020-09-06,Los Angeles,037,10098052,251263,248316,1537,249853,6004
2020-09-06,Madera,039,155013,4127,3867,26,3893,42
2020-09-06,Marin,041,260295,6387,6276,15,6291,67
2020-09-06,Mariposa,043,17540,74,72,0,72,2
2020-09-06,Mendocino,045,87422,713,672,0,672,16
2020-09-06,Merced,047,269075,8468,8327,12,8339,104
2020-09-06,Modoc,049,8938,23,20,0,20,0
2020-09-06,Mono,051,14174,164,145,1,146,1
2020-09-06,Monterey,053,433212,8785,8403,20,8423,56
2020-09-06,Napa,055,140530,1566,1501,3,1504,11
2020-09-06,Nevada,057,99092,487,467,13,480,6
2020-09-06,Orange,059,3164182,51600,48931,1308,50239,1042
2020-09-06,Placer,061,380077,3316,3169,11,3180,36
2020-09-06,Plumas,063,18699,44,42,0,42,0
2020-09-06,Riverside,065,2383286,55040,53970,64,54034,1069
2020-09-06,Sacramento,067,1510023,19887,19128,12,19140,340
2020-09-06,San Benito,069,59416,1226,1178,0,1178,4
2020-09-06,San Bernardino,071,2135413,50612,48923,197,49120,823
2020-09-06,San Diego,073,3302833,42348,40652,621,41273,707
2020-09-06,San Francisco,075,870044,10226,9813,20,9833,85
2020-09-06,San Joaquin,077,732212,19195,18558,39,18597,386
2020-09-06,San Luis Obispo,079,281455,3253,3101,14,3115,23
2020-09-06,San Mateo,081,765935,9176,8387,6,8393,125
2020-09-06,Santa Barbara,083,443738,9030,8434,59,8493,95
2020-09-06,Santa Clara,085,1922200,19614,18495,23,18518,207
2020-09-06,Santa Cruz,087,273765,2048,1902,19,1921,7
2020-09-06,Shasta,089,179085,656,550,3,553,10
2020-09-06,Sierra,091,2930,6,6,0,6,0
2020-09-06,Siskiyou,093,43540,145,132,9,141,0
2020-09-06,Solano,095,438530,5755,5619,41,5660,37
2020-09-06,Sonoma,097,501317,6562,6212,19,6231,85
2020-09-06,Stanislaus,099,539301,15761,15288,425,15713,236
2020-09-06,Sutter,101,95872,1514,1451,1,1452,11
2020-09-06,Tehama,103,63373,465,455,2,457,1
2020-09-06,Trinity,105,12862,26,13,4,17,0
2020-09-06,Tulare,107,460477,15134,14636,65,14701,249
2020-09-06,Tuolumne,109,53932,217,194,2,196,1
2020-09-06,Ventura,111,848112,11876,11315,106,11421,118
2020-09-06,Yolo,113,214977,2660,2556,5,2561,53
2020-09-06,Yuba,115,75493,965,913,3,916,1
2020-09-05,Alameda,001,1643700,19809,18973,146,19119,279
2020-09-05,Alpine,003,1148,3,2,0,2,0
2020-09-05,Amador,005,37829,277,274,0,274,16
2020-09-05,Butte,007,227075,2662,2406,16,2422,30
2020-09-05,Calaveras,009,45235,288,237,0,237,1
2020-09-05,Colusa,011,21464,488,472,0,472,6
2020-09-05,Contra Costa,013,1133247,15369,14456,66,14522,173
2020-09-05,Del Norte,015,27424,121,109,0,109,2
2020-09-05,El Dorado,017,186661,1048,1007,0,1007,2
2020-09-05,Fresno,019,978130,28733,26325,314,26639,331
2020-09-05,Glenn,021,27897,516,474,0,474,3
2020-09-05,Humboldt,023,135768,446,402,1,403,4
2020-09-05,Imperial,025,180216,11423,10151,6,10157,268
2020-09-05,Inyo,027,18085,184,169,0,169,2
2020-09-05,Kern,029,883053,30521,29645,261,29906,347
2020-09-05,Kings,031,150075,6893,6518,35,6553,66
2020-09-05,Lake,033,64148,397,359,0,359,2
2020-09-05,Lassen,035,31185,729,709,2,711,0
2020-09-05,Los Angeles,037,10098052,250729,247572,1524,249096,6001
2020-09-05,Madera,039,155013,4086,3851,26,3877,42
2020-09-05,Marin,041,260295,6380,6259,15,6274,66
2020-09-05,Mariposa,043,17540,74,72,0,72,2
2020-09-05,Mendocino,045,87422,712,658,0,658,16
2020-09-05,Merced,047,269075,8436,8297,10,8307,104
2020-09-05,Modoc,049,8938,23,19,0,19,0
2020-09-05,Mono,051,14174,164,145,1,146,1
2020-09-05,Monterey,053,433212,8755,8301,20,8321,56
2020-09-05,Napa,055,140530,1560,1484,3,1487,11
2020-09-05,Nevada,057,99092,484,461,13,474,6
2020-09-05,Orange,059,3164182,51498,48726,1303,50029,1039
2020-09-05,Placer,061,380077,3306,3141,11,3152,35
2020-09-05,Plumas,063,18699,44,42,0,42,0
2020-09-05,Riverside,065,2383286,54934,53780,64,53844,1066
2020-09-05,Sacramento,067,1510023,19797,18955,12,18967,339
2020-09-05,San Benito,069,59416,1224,1153,0,1153,4
2020-09-05,San Bernardino,071,2135413,50537,48800,196,48996,825
2020-09-05,San Diego,073,3302833,42156,40344,609,40953,717
2020-09-05,San Francisco,075,870044,10193,9812,19,9831,85
2020-09-05,San Joaquin,077,732212,19167,18557,39,18596,386
2020-09-05,San Luis Obispo,079,281455,3243,3083,14,3097,23
2020-09-05,San Mateo,081,765935,9131,8352,6,8358,124
2020-09-05,Santa Barbara,083,443738,9013,8404,59,8463,96
2020-09-05,Santa Clara,085,1922200,19529,18311,23,18334,207
2020-09-05,Santa Cruz,087,273765,2040,1904,19,1923,7
2020-09-05,Shasta,089,179085,655,544,3,547,10
2020-09-05,Sierra,091,2930,6,6,0,6,0
2020-09-05,Siskiyou,093,43540,144,131,9,140,0
2020-09-05,Solano,095,438530,5743,5579,41,5620,37
2020-09-05,Sonoma,097,501317,6529,6149,19,6168,85
2020-09-05,Stanislaus,099,539301,15713,15198,421,15619,236
2020-09-05,Sutter,101,95872,1507,1445,1,1446,11
2020-09-05,Tehama,103,63373,464,447,2,449,1
2020-09-05,Trinity,105,12862,26,13,4,17,0
2020-09-05,Tulare,107,460477,15078,14576,63,14639,249
2020-09-05,Tuolumne,109,53932,217,194,2,196,1
2020-09-05,Ventura,111,848112,11834,11254,106,11360,118
2020-09-05,Yolo,113,214977,2650,2534,5,2539,53
2020-09-05,Yuba,115,75493,959,902,3,905,1
2020-09-04,Alameda,001,1643700,19741,18843,144,18987,276
2020-09-04,Alpine,003,1148,3,2,0,2,0
2020-09-04,Amador,005,37829,276,274,0,274,16
2020-09-04,Butte,007,227075,2639,2325,16,2341,28
2020-09-04,Calaveras,009,45235,286,237,0,237,1
2020-09-04,Colusa,011,21464,486,467,0,467,6
2020-09-04,Contra Costa,013,1133247,15289,14355,65,14420,164
2020-09-04,Del Norte,015,27424,121,109,0,109,2
2020-09-04,El Dorado,017,186661,1044,992,0,992,2
2020-09-04,Fresno,019,978130,28628,26147,313,26460,321
2020-09-04,Glenn,021,27897,508,463,0,463,3
2020-09-04,Humboldt,023,135768,441,390,1,391,4
2020-09-04,Imperial,025,180216,11414,10136,6,10142,267
2020-09-04,Inyo,027,18085,184,169,0,169,2
2020-09-04,Kern,029,883053,30453,29526,258,29784,345
2020-09-04,Kings,031,150075,6880,6259,35,6294,66
2020-09-04,Lake,033,64148,397,347,0,347,2
2020-09-04,Lassen,035,31185,729,708,2,710,0
2020-09-04,Los Angeles,037,10098052,250158,246396,1503,247899,5977
2020-09-04,Madera,039,155013,4073,3838,26,3864,42
2020-09-04,Marin,041,260295,6368,6251,15,6266,66
2020-09-04,Mariposa,043,17540,74,72,0,72,2
2020-09-04,Mendocino,045,87422,710,646,0,646,16
2020-09-04,Merced,047,269075,8416,8214,10,8224,104
2020-09-04,Modoc,049,8938,23,15,0,15,0
2020-09-04,Mono,051,14174,164,145,1,146,1
2020-09-04,Monterey,053,433212,8710,8208,20,8228,56
2020-09-04,Napa,055,140530,1551,1475,3,1478,11
2020-09-04,Nevada,057,99092,481,455,13,468,6
2020-09-04,Orange,059,3164182,51374,48488,1296,49784,1031
2020-09-04,Placer,061,380077,3294,3101,11,3112,35
2020-09-04,Plumas,063,18699,44,42,0,42,0
2020-09-04,Riverside,065,2383286,54821,53606,59,53665,1066
2020-09-04,Sacramento,067,1510023,19709,18765,12,18777,337
2020-09-04,San Benito,069,59416,1215,1137,0,1137,4
2020-09-04,San Bernardino,071,2135413,50445,48497,195,48692,800
2020-09-04,San Diego,073,3302833,41926,39901,600,40501,701
2020-09-04,San Francisco,075,870044,10153,9694,18,9712,85
2020-09-04,San Joaquin,077,732212,19113,18438,39,18477,376
2020-09-04,San Luis Obispo,079,281455,3228,3049,13,3062,21
2020-09-04,San Mateo,081,765935,9087,8275,6,8281,122
2020-09-04,Santa Barbara,083,443738,8982,8340,59,8399,96
2020-09-04,Santa Clara,085,1922200,19421,18074,23,18097,209
2020-09-04,Santa Cruz,087,273765,2023,1896,18,1914,7
2020-09-04,Shasta,089,179085,652,536,3,539,10
2020-09-04,Sierra,091,2930,6,6,0,6,0
2020-09-04,Siskiyou,093,43540,144,129,9,138,0
2020-09-04,Solano,095,438530,5730,5552,41,5593,37
2020-09-04,Sonoma,097,501317,6464,6050,19,6069,85
2020-09-04,Stanislaus,099,539301,15678,15074,412,15486,233
2020-09-04,Sutter,101,95872,1491,1425,1,1426,11
2020-09-04,Tehama,103,63373,460,442,2,444,1
2020-09-04,Trinity,105,12862,26,13,4,17,0
2020-09-04,Tulare,107,460477,15050,14501,59,14560,247
2020-09-04,Tuolumne,109,53932,217,193,2,195,1
2020-09-04,Ventura,111,848112,11792,11171,106,11277,114
2020-09-04,Yolo,113,214977,2636,2495,5,2500,53
2020-09-04,Yuba,115,75493,954,884,3,887,1
2020-09-03,Alameda,001,1643700,19638,18687,144,18831,275
2020-09-03,Alpine,003,1148,3,2,0,2,0
2020-09-03,Amador,005,37829,276,274,0,274,16
2020-09-03,Butte,007,227075,2594,2274,16,2290,27
2020-09-03,Calaveras,009,45235,285,238,0,238,1
2020-09-03,Colusa,011,21464,484,464,0,464,6
2020-09-03,Contra Costa,013,1133247,15182,14206,62,14268,159
2020-09-03,Del Norte,015,27424,118,109,0,109,2
2020-09-03,El Dorado,017,186661,1040,983,0,983,2
2020-09-03,Fresno,019,978130,28510,25978,307,26285,313
2020-09-03,Glenn,021,27897,504,460,0,460,3
2020-09-03,Humboldt,023,135768,436,390,1,391,4
2020-09-03,Imperial,025,180216,11394,10083,6,10089,255
2020-09-03,Inyo,027,18085,182,171,0,171,3
2020-09-03,Kern,029,883053,30361,29426,243,29669,340
2020-09-03,Kings,031,150075,6800,6200,35,6235,64
2020-09-03,Lake,033,64148,388,347,0,347,2
2020-09-03,Lassen,035,31185,729,707,2,709,0
2020-09-03,Los Angeles,037,10098052,249282,245026,1481,246507,5931
2020-09-03,Madera,039,155013,4054,3780,26,3806,43
2020-09-03,Marin,041,260295,6349,6175,15,6190,66
2020-09-03,Mariposa,043,17540,74,71,0,71,2
2020-09-03,Mendocino,045,87422,701,638,0,638,16
2020-09-03,Merced,047,269075,8374,8136,10,8146,105
2020-09-03,Modoc,049,8938,23,14,0,14,0
2020-09-03,Mono,051,14174,163,144,1,145,1
2020-09-03,Monterey,053,433212,8656,8128,20,8148,56
2020-09-03,Napa,055,140530,1544,1466,3,1469,10
2020-09-03,Nevada,057,99092,478,453,13,466,6
2020-09-03,Orange,059,3164182,51187,48226,1280,49506,1009
2020-09-03,Placer,061,380077,3276,3069,11,3080,34
2020-09-03,Plumas,063,18699,44,39,0,39,0
2020-09-03,Riverside,065,2383286,54641,53341,55,53396,1052
2020-09-03,Sacramento,067,1510023,19581,18553,11,18564,328
2020-09-03,San Benito,069,59416,1204,1121,0,1121,4
2020-09-03,San Bernardino,071,2135413,50280,48165,195,48360,800
2020-09-03,San Diego,073,3302833,41612,39448,584,40032,700
2020-09-03,San Francisco,075,870044,10087,9636,16,9652,84
2020-09-03,San Joaquin,077,732212,19036,18331,39,18370,371
2020-09-03,San Luis Obispo,079,281455,3211,3023,13,3036,21
2020-09-03,San Mateo,081,765935,9013,8211,6,8217,122
2020-09-03,Santa Barbara,083,443738,8935,8277,59,8336,96
2020-09-03,Santa Clara,085,1922200,19242,17879,23,17902,208
2020-09-03,Santa Cruz,087,273765,2008,1870,18,1888,7
2020-09-03,Shasta,089,179085,647,535,3,538,10
2020-09-03,Sierra,091,2930,6,6,0,6,0
2020-09-03,Siskiyou,093,43540,144,128,9,137,0
2020-09-03,Solano,095,438530,5710,5499,40,5539,36
2020-09-03,Sonoma,097,501317,6402,5997,19,6016,62
2020-09-03,Stanislaus,099,539301,15626,14985,408,15393,217
2020-09-03,Sutter,101,95872,1481,1412,1,1413,11
2020-09-03,Tehama,103,63373,456,436,2,438,1
2020-09-03,Trinity,105,12862,25,13,4,17,0
2020-09-03,Tulare,107,460477,14984,14408,58,14466,244
2020-09-03,Tuolumne,109,53932,217,193,2,195,1
2020-09-03,Ventura,111,848112,11675,11109,103,11212,112
2020-09-03,Yolo,113,214977,2620,2475,5,2480,53
2020-09-03,Yuba,115,75493,947,867,3,870,1
2020-09-02,Alameda,001,1643700,19518,18522,141,18663,260
2020-09-02,Alpine,003,1148,3,2,0,2,0
2020-09-02,Amador,005,37829,276,245,0,245,14
2020-09-02,Butte,007,227075,2548,2241,16,2257,27
2020-09-02,Calaveras,009,45235,284,235,0,235,1
2020-09-02,Colusa,011,21464,480,460,0,460,6
2020-09-02,Contra Costa,013,1133247,15094,14097,59,14156,159
2020-09-02,Del Norte,015,27424,117,109,0,109,2
2020-09-02,El Dorado,017,186661,1036,975,0,975,2
2020-09-02,Fresno,019,978130,28363,25785,304,26089,292
2020-09-02,Glenn,021,27897,499,457,0,457,3
2020-09-02,Humboldt,023,135768,433,381,1,382,4
2020-09-02,Imperial,025,180216,11378,9832,6,9838,255
2020-09-02,Inyo,027,18085,182,171,0,171,3
2020-09-02,Kern,029,883053,30269,29288,237,29525,335
2020-09-02,Kings,031,150075,6715,6142,35,6177,64
2020-09-02,Lake,033,64148,384,342,0,342,2
2020-09-02,Lassen,035,31185,727,706,2,708,0
2020-09-02,Los Angeles,037,10098052,248339,243999,1454,245453,5887
2020-09-02,Madera,039,155013,4034,3735,26,3761,41
2020-09-02,Marin,041,260295,6334,6131,15,6146,66
2020-09-02,Mariposa,043,17540,74,71,0,71,2
2020-09-02,Mendocino,045,87422,691,636,0,636,15
2020-09-02,Merced,047,269075,8343,8097,9,8106,103
2020-09-02,Modoc,049,8938,22,11,0,11,0
2020-09-02,Mono,051,14174,163,145,1,146,1
2020-09-02,Monterey,053,433212,8592,8070,20,8090,56
2020-09-02,Napa,055,140530,1532,1454,3,1457,10
2020-09-02,Nevada,057,99092,472,452,12,464,6
2020-09-02,Orange,059,3164182,51005,47871,1270,49141,994
2020-09-02,Placer,061,380077,3251,3047,10,3057,33
2020-09-02,Plumas,063,18699,44,39,0,39,0
2020-09-02,Riverside,065,2383286,54439,52923,52,52975,1032
2020-09-02,Sacramento,067,1510023,19348,18355,11,18366,316
2020-09-02,San Benito,069,59416,1191,1107,0,1107,4
2020-09-02,San Bernardino,071,2135413,50117,47766,193,47959,794
2020-09-02,San Diego,073,3302833,41292,39123,570,39693,695
2020-09-02,San Francisco,075,870044,10018,9587,16,9603,84
2020-09-02,San Joaquin,077,732212,18955,18194,38,18232,352
2020-09-02,San Luis Obispo,079,281455,3185,3002,12,3014,21
2020-09-02,San Mateo,081,765935,8956,8148,6,8154,122
2020-09-02,Santa Barbara,083,443738,8880,8206,58,8264,94
2020-09-02,Santa Clara,085,1922200,19089,17673,23,17696,206
2020-09-02,Santa Cruz,087,273765,1985,1850,18,1868,7
2020-09-02,Shasta,089,179085,646,531,3,534,10
2020-09-02,Sierra,091,2930,6,6,0,6,0
2020-09-02,Siskiyou,093,43540,143,127,9,136,0
2020-09-02,Solano,095,438530,5682,5463,40,5503,36
2020-09-02,Sonoma,097,501317,6340,5846,19,5865,62
2020-09-02,Stanislaus,099,539301,15556,14854,401,15255,220
2020-09-02,Sutter,101,95872,1466,1401,1,1402,10
2020-09-02,Tehama,103,63373,453,429,2,431,1
2020-09-02,Trinity,105,12862,25,13,4,17,0
2020-09-02,Tulare,107,460477,14917,14298,57,14355,244
2020-09-02,Tuolumne,109,53932,217,190,2,192,1
2020-09-02,Ventura,111,848112,11587,11031,102,11133,111
2020-09-02,Yolo,113,214977,2599,2449,5,2454,54
2020-09-02,Yuba,115,75493,940,856,3,859,1
2020-09-01,Alameda,001,1643700,19378,18382,138,18520,248
2020-09-01,Alpine,003,1148,3,2,0,2,0
2020-09-01,Amador,005,37829,275,244,0,244,13
2020-09-01,Butte,007,227075,2491,2146,16,2162,26
2020-09-01,Calaveras,009,45235,276,228,0,228,1
2020-09-01,Colusa,011,21464,476,454,0,454,6
2020-09-01,Contra Costa,013,1133247,15000,13998,57,14055,158
2020-09-01,Del Norte,015,27424,116,108,0,108,2
2020-09-01,El Dorado,017,186661,1028,972,0,972,2
2020-09-01,Fresno,019,978130,28219,25542,300,25842,290
2020-09-01,Glenn,021,27897,492,449,0,449,3
2020-09-01,Humboldt,023,135768,427,378,1,379,4
2020-09-01,Imperial,025,180216,11352,9782,6,9788,250
2020-09-01,Inyo,027,18085,182,171,0,171,3
2020-09-01,Kern,029,883053,30179,29162,232,29394,332
2020-09-01,Kings,031,150075,6684,6088,35,6123,62
2020-09-01,Lake,033,64148,381,341,0,341,2
2020-09-01,Lassen,035,31185,724,706,2,708,0
2020-09-01,Los Angeles,037,10098052,247234,242633,1427,244060,5832
2020-09-01,Madera,039,155013,4005,3703,25,3728,41
2020-09-01,Marin,041,260295,6319,6102,15,6117,67
2020-09-01,Mariposa,043,17540,73,72,0,72,2
2020-09-01,Mendocino,045,87422,676,626,0,626,15
2020-09-01,Merced,047,269075,8290,8046,8,8054,103
2020-09-01,Modoc,049,8938,20,10,0,10,0
2020-09-01,Mono,051,14174,163,145,1,146,1
2020-09-01,Monterey,053,433212,8484,7926,20,7946,56
2020-09-01,Napa,055,140530,1517,1446,3,1449,10
2020-09-01,Nevada,057,99092,466,450,12,462,6
2020-09-01,Orange,059,3164182,50839,47671,1251,48922,976
2020-09-01,Placer,061,380077,3229,3013,10,3023,33
2020-09-01,Plumas,063,18699,44,39,0,39,0
2020-09-01,Riverside,065,2383286,54220,52785,51,52836,1027
2020-09-01,Sacramento,067,1510023,19165,18217,10,18227,305
2020-09-01,San Benito,069,59416,1179,1089,0,1089,4
2020-09-01,San Bernardino,071,2135413,49910,47371,193,47564,786
2020-09-01,San Diego,073,3302833,40934,38873,532,39405,688
2020-09-01,San Francisco,075,870044,9949,9492,16,9508,83
2020-09-01,San Joaquin,077,732212,18873,17915,37,17952,341
2020-09-01,San Luis Obispo,079,281455,3159,2970,12,2982,21
2020-09-01,San Mateo,081,765935,8876,8132,6,8138,122
2020-09-01,Santa Barbara,083,443738,8830,8142,57,8199,93
2020-09-01,Santa Clara,085,1922200,18911,17319,23,17342,204
2020-09-01,Santa Cruz,087,273765,1961,1752,18,1770,7
2020-09-01,Shasta,089,179085,638,527,3,530,9
2020-09-01,Sierra,091,2930,6,6,0,6,0
2020-09-01,Siskiyou,093,43540,140,128,8,136,0
2020-09-01,Solano,095,438530,5656,5438,40,5478,34
2020-09-01,Sonoma,097,501317,6250,5733,19,5752,60
2020-09-01,Stanislaus,099,539301,15481,14784,391,15175,212
2020-09-01,Sutter,101,95872,1455,1389,1,1390,10
2020-09-01,Tehama,103,63373,449,422,2,424,1
2020-09-01,Trinity,105,12862,25,13,4,17,0
2020-09-01,Tulare,107,460477,14835,14156,57,14213,241
2020-09-01,Tuolumne,109,53932,211,183,2,185,1
2020-09-01,Ventura,111,848112,11513,10899,96,10995,108
2020-09-01,Yolo,113,214977,2582,2440,5,2445,51
2020-09-01,Yuba,115,75493,931,841,3,844,1
2020-08-31,Alameda,001,1643700,19234,18148,138,18286,248
2020-08-31,Alpine,003,1148,3,2,0,2,0
2020-08-31,Amador,005,37829,275,243,0,243,13
2020-08-31,Butte,007,227075,2427,2069,16,2085,26
2020-08-31,Calaveras,009,45235,271,212,0,212,1
2020-08-31,Colusa,011,21464,475,443,0,443,6
2020-08-31,Contra Costa,013,1133247,14873,13902,54,13956,153
2020-08-31,Del Norte,015,27424,116,108,0,108,2
2020-08-31,El Dorado,017,186661,1021,965,0,965,2
2020-08-31,Fresno,019,978130,27999,25185,294,25479,290
2020-08-31,Glenn,021,27897,480,437,0,437,3
2020-08-31,Humboldt,023,135768,425,374,1,375,4
2020-08-31,Imperial,025,180216,11321,9759,6,9765,250
2020-08-31,Inyo,027,18085,181,160,0,160,3
2020-08-31,Kern,029,883053,30081,29067,231,29298,318
2020-08-31,Kings,031,150075,6416,6037,35,6072,62
2020-08-31,Lake,033,64148,365,341,0,341,2
2020-08-31,Lassen,035,31185,721,706,2,708,0
2020-08-31,Los Angeles,037,10098052,246122,241793,1399,243192,5787
2020-08-31,Madera,039,155013,3982,3662,24,3686,35
2020-08-31,Marin,041,260295,6283,6074,15,6089,67
2020-08-31,Mariposa,043,17540,73,69,0,69,2
2020-08-31,Mendocino,045,87422,664,618,0,618,15
2020-08-31,Merced,047,269075,8228,7991,8,7999,79
2020-08-31,Modoc,049,8938,18,10,0,10,0
2020-08-31,Mono,051,14174,163,145,1,146,1
2020-08-31,Monterey,053,433212,8377,7839,20,7859,56
2020-08-31,Napa,055,140530,1509,1434,3,1437,10
2020-08-31,Nevada,057,99092,464,447,12,459,6
2020-08-31,Orange,059,3164182,50641,47392,1222,48614,965
2020-08-31,Placer,061,380077,3178,2989,10,2999,33
2020-08-31,Plumas,063,18699,43,39,0,39,0
2020-08-31,Riverside,065,2383286,54000,52508,49,52557,1020
2020-08-31,Sacramento,067,1510023,18930,17999,10,18009,303
2020-08-31,San Benito,069,59416,1163,1080,0,1080,4
2020-08-31,San Bernardino,071,2135413,49700,47370,192,47562,755
2020-08-31,San Diego,073,3302833,40567,38606,499,39105,682
2020-08-31,San Francisco,075,870044,9870,9293,13,9306,83
2020-08-31,San Joaquin,077,732212,18786,17807,36,17843,338
2020-08-31,San Luis Obispo,079,281455,3136,2951,11,2962,21
2020-08-31,San Mateo,081,765935,8806,8065,6,8071,122
2020-08-31,Santa Barbara,083,443738,8783,8124,57,8181,94
2020-08-31,Santa Clara,085,1922200,18722,17211,23,17234,202
2020-08-31,Santa Cruz,087,273765,1936,1742,18,1760,7
2020-08-31,Shasta,089,179085,633,528,3,531,9
2020-08-31,Sierra,091,2930,6,6,0,6,0
2020-08-31,Siskiyou,093,43540,139,127,8,135,0
2020-08-31,Solano,095,438530,5624,5302,39,5341,34
2020-08-31,Sonoma,097,501317,6175,5650,19,5669,60
2020-08-31,Stanislaus,099,539301,15408,14685,381,15066,213
2020-08-31,Sutter,101,95872,1440,1365,1,1366,10
2020-08-31,Tehama,103,63373,446,421,2,423,1
2020-08-31,Trinity,105,12862,25,13,4,17,0
2020-08-31,Tulare,107,460477,14748,13985,56,14041,237
2020-08-31,Tuolumne,109,53932,211,178,2,180,1
2020-08-31,Ventura,111,848112,11430,10866,95,10961,108
2020-08-31,Yolo,113,214977,2564,2423,5,2428,51
2020-08-31,Yuba,115,75493,917,830,3,833,1
2020-08-30,Alameda,001,1643700,19110,18099,135,18234,248
2020-08-30,Alpine,003,1148,3,2,0,2,0
2020-08-30,Amador,005,37829,274,240,0,240,13
2020-08-30,Butte,007,227075,2347,1988,16,2004,26
2020-08-30,Calaveras,009,45235,262,211,0,211,1
2020-08-30,Colusa,011,21464,474,440,0,440,6
2020-08-30,Contra Costa,013,1133247,14734,13780,54,13834,150
2020-08-30,Del Norte,015,27424,115,108,0,108,2
2020-08-30,El Dorado,017,186661,1011,962,0,962,2
2020-08-30,Fresno,019,978130,27874,24963,293,25256,291
2020-08-30,Glenn,021,27897,473,437,0,437,3
2020-08-30,Humboldt,023,135768,414,362,1,363,4
2020-08-30,Imperial,025,180216,11302,9703,6,9709,250
2020-08-30,Inyo,027,18085,181,160,0,160,3
2020-08-30,Kern,029,883053,29988,28987,231,29218,317
2020-08-30,Kings,031,150075,6370,6000,35,6035,62
2020-08-30,Lake,033,64148,360,334,0,334,2
2020-08-30,Lassen,035,31185,719,706,2,708,0
2020-08-30,Los Angeles,037,10098052,244969,240775,1365,242140,5772
2020-08-30,Madera,039,155013,3953,3626,24,3650,33
2020-08-30,Marin,041,260295,6253,6060,15,6075,66
2020-08-30,Mariposa,043,17540,73,69,0,69,2
2020-08-30,Mendocino,045,87422,658,611,0,611,13
2020-08-30,Merced,047,269075,8153,7960,8,7968,79
2020-08-30,Modoc,049,8938,13,10,0,10,0
2020-08-30,Mono,051,14174,163,145,1,146,1
2020-08-30,Monterey,053,433212,8294,7816,20,7836,54
2020-08-30,Napa,055,140530,1497,1423,3,1426,10
2020-08-30,Nevada,057,99092,461,445,12,457,6
2020-08-30,Orange,059,3164182,50447,47283,1206,48489,965
2020-08-30,Placer,061,380077,3145,2961,10,2971,32
2020-08-30,Plumas,063,18699,42,39,0,39,0
2020-08-30,Riverside,065,2383286,53821,52227,47,52274,1017
2020-08-30,Sacramento,067,1510023,18752,17751,10,17761,300
2020-08-30,San Benito,069,59416,1153,1071,0,1071,4
2020-08-30,San Bernardino,071,2135413,49444,47201,192,47393,755
2020-08-30,San Diego,073,3302833,40169,38302,478,38780,682
2020-08-30,San Francisco,075,870044,9772,9294,10,9304,83
2020-08-30,San Joaquin,077,732212,18669,17637,35,17672,338
2020-08-30,San Luis Obispo,079,281455,3111,2934,11,2945,21
2020-08-30,San Mateo,081,765935,8729,8013,5,8018,122
2020-08-30,Santa Barbara,083,443738,8723,8088,57,8145,93
2020-08-30,Santa Clara,085,1922200,18546,17045,23,17068,202
2020-08-30,Santa Cruz,087,273765,1910,1743,18,1761,7
2020-08-30,Shasta,089,179085,630,525,3,528,9
2020-08-30,Sierra,091,2930,6,6,0,6,0
2020-08-30,Siskiyou,093,43540,137,125,8,133,0
2020-08-30,Solano,095,438530,5580,5303,39,5342,34
2020-08-30,Sonoma,097,501317,6117,5590,19,5609,60
2020-08-30,Stanislaus,099,539301,15337,14580,372,14952,209
2020-08-30,Sutter,101,95872,1418,1351,1,1352,10
2020-08-30,Tehama,103,63373,437,419,2,421,1
2020-08-30,Trinity,105,12862,25,13,4,17,0
2020-08-30,Tulare,107,460477,14653,13985,55,14040,236
2020-08-30,Tuolumne,109,53932,207,178,2,180,1
2020-08-30,Ventura,111,848112,11318,10775,90,10865,108
2020-08-30,Yolo,113,214977,2536,2391,4,2395,51
2020-08-30,Yuba,115,75493,903,832,3,835,1
2020-08-29,Alameda,001,1643700,19043,17888,135,18023,250
2020-08-29,Alpine,003,1148,3,2,0,2,0
2020-08-29,Amador,005,37829,274,239,0,239,13
2020-08-29,Butte,007,227075,2316,1948,16,1964,26
2020-08-29,Calaveras,009,45235,258,211,0,211,1
2020-08-29,Colusa,011,21464,471,440,0,440,6
2020-08-29,Contra Costa,013,1133247,14661,13663,53,13716,159
2020-08-29,Del Norte,015,27424,115,108,0,108,1
2020-08-29,El Dorado,017,186661,1008,958,0,958,2
2020-08-29,Fresno,019,978130,27819,24821,293,25114,291
2020-08-29,Glenn,021,27897,467,437,0,437,3
2020-08-29,Humboldt,023,135768,411,363,1,364,4
2020-08-29,Imperial,025,180216,11287,9698,6,9704,250
2020-08-29,Inyo,027,18085,181,160,0,160,3
2020-08-29,Kern,029,883053,29947,28947,230,29177,317
2020-08-29,Kings,031,150075,6355,5906,35,5941,62
2020-08-29,Lake,033,64148,359,329,0,329,2
2020-08-29,Lassen,035,31185,719,706,2,708,0
2020-08-29,Los Angeles,037,10098052,244317,239815,1352,241167,5762
2020-08-29,Madera,039,155013,3944,3605,23,3628,33
2020-08-29,Marin,041,260295,6241,6007,15,6022,64
2020-08-29,Mariposa,043,17540,73,69,0,69,2
2020-08-29,Mendocino,045,87422,653,596,0,596,13
2020-08-29,Merced,047,269075,8123,7867,8,7875,79
2020-08-29,Modoc,049,8938,13,9,0,9,0
2020-08-29,Mono,051,14174,163,145,1,146,1
2020-08-29,Monterey,053,433212,8249,7680,20,7700,53
2020-08-29,Napa,055,140530,1494,1413,3,1416,10
2020-08-29,Nevada,057,99092,461,442,12,454,5
2020-08-29,Orange,059,3164182,50341,47007,1195,48202,960
2020-08-29,Placer,061,380077,3129,2935,10,2945,32
2020-08-29,Plumas,063,18699,41,39,0,39,0
2020-08-29,Riverside,065,2383286,53710,51918,45,51963,1016
2020-08-29,Sacramento,067,1510023,18680,17588,10,17598,291
2020-08-29,San Benito,069,59416,1144,1045,0,1045,4
2020-08-29,San Bernardino,071,2135413,49330,46849,192,47041,755
2020-08-29,San Diego,073,3302833,39903,38049,460,38509,694
2020-08-29,San Francisco,075,870044,9744,9291,9,9300,83
2020-08-29,San Joaquin,077,732212,18625,17493,35,17528,335
2020-08-29,San Luis Obispo,079,281455,3087,2917,11,2928,21
2020-08-29,San Mateo,081,765935,8687,7928,5,7933,122
2020-08-29,Santa Barbara,083,443738,8697,8052,56,8108,93
2020-08-29,Santa Clara,085,1922200,18449,16898,22,16920,202
2020-08-29,Santa Cruz,087,273765,1898,1746,18,1764,7
2020-08-29,Shasta,089,179085,622,522,3,525,9
2020-08-29,Sierra,091,2930,6,6,0,6,0
2020-08-29,Siskiyou,093,43540,137,121,8,129,0
2020-08-29,Solano,095,438530,5559,5303,39,5342,34
2020-08-29,Sonoma,097,501317,6083,5537,19,5556,60
2020-08-29,Stanislaus,099,539301,15288,14479,362,14841,208
2020-08-29,Sutter,101,95872,1413,1333,1,1334,9
2020-08-29,Tehama,103,63373,436,417,2,419,1
2020-08-29,Trinity,105,12862,25,11,4,15,0
2020-08-29,Tulare,107,460477,14615,13890,54,13944,236
2020-08-29,Tuolumne,109,53932,207,178,2,180,1
2020-08-29,Ventura,111,848112,11278,10705,90,10795,108
2020-08-29,Yolo,113,214977,2518,2357,4,2361,51
2020-08-29,Yuba,115,75493,894,822,3,825,1
2020-08-28,Alameda,001,1643700,18960,17729,134,17863,237
2020-08-28,Alpine,003,1148,3,2,0,2,0
2020-08-28,Amador,005,37829,274,234,0,234,13
2020-08-28,Butte,007,227075,2286,1886,16,1902,25
2020-08-28,Calaveras,009,45235,256,207,0,207,1
2020-08-28,Colusa,011,21464,470,441,0,441,6
2020-08-28,Contra Costa,013,1133247,14590,13522,52,13574,158
2020-08-28,Del Norte,015,27424,115,107,0,107,1
2020-08-28,El Dorado,017,186661,1002,949,0,949,2
2020-08-28,Fresno,019,978130,27685,24612,293,24905,282
2020-08-28,Glenn,021,27897,460,429,0,429,3
2020-08-28,Humboldt,023,135768,407,362,1,363,4
2020-08-28,Imperial,025,180216,11273,9656,6,9662,241
2020-08-28,Inyo,027,18085,180,160,0,160,2
2020-08-28,Kern,029,883053,29899,28744,230,28974,306
2020-08-28,Kings,031,150075,6348,5829,34,5863,62
2020-08-28,Lake,033,64148,354,320,0,320,2
2020-08-28,Lassen,035,31185,719,704,2,706,0
2020-08-28,Los Angeles,037,10098052,243508,238544,1327,239871,5740
2020-08-28,Madera,039,155013,3925,3552,23,3575,33
2020-08-28,Marin,041,260295,6219,5991,15,6006,63
2020-08-28,Mariposa,043,17540,73,67,0,67,2
2020-08-28,Mendocino,045,87422,648,588,0,588,11
2020-08-28,Merced,047,269075,8093,7803,8,7811,77
2020-08-28,Modoc,049,8938,13,6,0,6,0
2020-08-28,Mono,051,14174,163,145,1,146,1
2020-08-28,Monterey,053,433212,8192,7591,20,7611,53
2020-08-28,Napa,055,140530,1486,1403,3,1406,10
2020-08-28,Nevada,057,99092,460,438,12,450,5
2020-08-28,Orange,059,3164182,50241,46696,1180,47876,942
2020-08-28,Placer,061,380077,3118,2891,10,2901,32
2020-08-28,Plumas,063,18699,41,39,0,39,0
2020-08-28,Riverside,065,2383286,53579,51510,42,51552,1008
2020-08-28,Sacramento,067,1510023,18583,17119,10,17129,283
2020-08-28,San Benito,069,59416,1128,1016,0,1016,3
2020-08-28,San Bernardino,071,2135413,49213,46553,191,46744,754
2020-08-28,San Diego,073,3302833,39673,37786,445,38231,676
2020-08-28,San Francisco,075,870044,9690,9135,9,9144,83
2020-08-28,San Joaquin,077,732212,18572,17114,34,17148,314
2020-08-28,San Luis Obispo,079,281455,3070,2849,11,2860,20
2020-08-28,San Mateo,081,765935,8640,7783,5,7788,121
2020-08-28,Santa Barbara,083,443738,8663,8001,56,8057,92
2020-08-28,Santa Clara,085,1922200,18318,16696,22,16718,201
2020-08-28,Santa Cruz,087,273765,1886,1747,18,1765,7
2020-08-28,Shasta,089,179085,618,516,3,519,9
2020-08-28,Sierra,091,2930,6,6,0,6,0
2020-08-28,Siskiyou,093,43540,135,119,8,127,0
2020-08-28,Solano,095,438530,5540,5219,39,5258,34
2020-08-28,Sonoma,097,501317,6048,5425,18,5443,58
2020-08-28,Stanislaus,099,539301,15246,14176,358,14534,190
2020-08-28,Sutter,101,95872,1403,1308,1,1309,9
2020-08-28,Tehama,103,63373,431,410,2,412,1
2020-08-28,Trinity,105,12862,25,11,4,15,0
2020-08-28,Tulare,107,460477,14569,13776,54,13830,236
2020-08-28,Tuolumne,109,53932,207,176,2,178,1
2020-08-28,Ventura,111,848112,11242,10606,88,10694,103
2020-08-28,Yolo,113,214977,2509,2323,4,2327,51
2020-08-28,Yuba,115,75493,885,810,3,813,1
2020-08-27,Alameda,001,1643700,18816,17584,131,17715,234
2020-08-27,Alpine,003,1148,3,2,0,2,0
2020-08-27,Amador,005,37829,273,233,0,233,13
2020-08-27,Butte,007,227075,2220,1803,15,1818,25
2020-08-27,Calaveras,009,45235,250,204,0,204,1
2020-08-27,Colusa,011,21464,468,438,0,438,6
2020-08-27,Contra Costa,013,1133247,14490,13379,51,13430,158
2020-08-27,Del Norte,015,27424,115,107,0,107,1
2020-08-27,El Dorado,017,186661,998,942,0,942,2
2020-08-27,Fresno,019,978130,27504,24367,289,24656,272
2020-08-27,Glenn,021,27897,452,429,0,429,3
2020-08-27,Humboldt,023,135768,399,358,1,359,4
2020-08-27,Imperial,025,180216,11246,9608,6,9614,235
2020-08-27,Inyo,027,18085,180,157,0,157,2
2020-08-27,Kern,029,883053,29827,28635,221,28856,294
2020-08-27,Kings,031,150075,6326,5759,34,5793,62
2020-08-27,Lake,033,64148,352,314,0,314,2
2020-08-27,Lassen,035,31185,719,703,2,705,0
2020-08-27,Los Angeles,037,10098052,242503,237103,1309,238412,5704
2020-08-27,Madera,039,155013,3899,3465,23,3488,33
2020-08-27,Marin,041,260295,6195,5929,15,5944,62
2020-08-27,Mariposa,043,17540,73,67,0,67,2
2020-08-27,Mendocino,045,87422,639,581,0,581,10
2020-08-27,Merced,047,269075,8049,7765,8,7773,75
2020-08-27,Modoc,049,8938,11,5,0,5,0
2020-08-27,Mono,051,14174,163,145,1,146,1
2020-08-27,Monterey,053,433212,8098,7501,20,7521,52
2020-08-27,Napa,055,140530,1480,1397,3,1400,10
2020-08-27,Nevada,057,99092,457,435,12,447,5
2020-08-27,Orange,059,3164182,50084,46449,1169,47618,935
2020-08-27,Placer,061,380077,3087,2869,10,2879,32
2020-08-27,Plumas,063,18699,40,39,0,39,0
2020-08-27,Riverside,065,2383286,53372,51306,39,51345,999
2020-08-27,Sacramento,067,1510023,18385,16875,10,16885,281
2020-08-27,San Benito,069,59416,1112,987,0,987,3
2020-08-27,San Bernardino,071,2135413,48987,46345,189,46534,751
2020-08-27,San Diego,073,3302833,39402,37501,425,37926,673
2020-08-27,San Francisco,075,870044,9624,9014,9,9023,83
2020-08-27,San Joaquin,077,732212,18492,16989,34,17023,314
2020-08-27,San Luis Obispo,079,281455,3045,2808,11,2819,20
2020-08-27,San Mateo,081,765935,8531,7728,5,7733,121
2020-08-27,Santa Barbara,083,443738,8625,7934,56,7990,92
2020-08-27,Santa Clara,085,1922200,18135,16495,22,16517,199
2020-08-27,Santa Cruz,087,273765,1869,1734,18,1752,7
2020-08-27,Shasta,089,179085,612,512,3,515,9
2020-08-27,Sierra,091,2930,6,6,0,6,0
2020-08-27,Siskiyou,093,43540,135,118,8,126,0
2020-08-27,Solano,095,438530,5502,5167,39,5206,34
2020-08-27,Sonoma,097,501317,5936,5357,18,5375,58
2020-08-27,Stanislaus,099,539301,15166,14080,354,14434,186
2020-08-27,Sutter,101,95872,1383,1296,1,1297,9
2020-08-27,Tehama,103,63373,426,398,2,400,1
2020-08-27,Trinity,105,12862,25,11,4,15,0
2020-08-27,Tulare,107,460477,14477,13666,53,13719,231
2020-08-27,Tuolumne,109,53932,202,174,2,176,1
2020-08-27,Ventura,111,848112,11179,10483,84,10567,102
2020-08-27,Yolo,113,214977,2485,2293,4,2297,51
2020-08-27,Yuba,115,75493,874,807,3,810,1
2020-08-26,Alameda,001,1643700,18655,17373,131,17504,233
2020-08-26,Alpine,003,1148,3,2,0,2,0
2020-08-26,Amador,005,37829,273,229,0,229,13
2020-08-26,Butte,007,227075,2153,1765,13,1778,25
2020-08-26,Calaveras,009,45235,242,201,0,201,1
2020-08-26,Colusa,011,21464,462,433,0,433,5
2020-08-26,Contra Costa,013,1133247,14352,13248,51,13299,157
2020-08-26,Del Norte,015,27424,114,86,0,86,1
2020-08-26,El Dorado,017,186661,996,938,0,938,2
2020-08-26,Fresno,019,978130,27356,24071,287,24358,255
2020-08-26,Glenn,021,27897,450,429,0,429,3
2020-08-26,Humboldt,023,135768,387,357,1,358,4
2020-08-26,Imperial,025,180216,11224,9453,6,9459,227
2020-08-26,Inyo,027,18085,177,157,0,157,2
2020-08-26,Kern,029,883053,29689,28507,217,28724,286
2020-08-26,Kings,031,150075,6306,5720,34,5754,62
2020-08-26,Lake,033,64148,348,308,0,308,2
2020-08-26,Lassen,035,31185,719,702,2,704,0
2020-08-26,Los Angeles,037,10098052,241469,235499,1276,236775,5665
2020-08-26,Madera,039,155013,3870,3458,23,3481,32
2020-08-26,Marin,041,260295,6178,5887,15,5902,56
2020-08-26,Mariposa,043,17540,73,68,0,68,2
2020-08-26,Mendocino,045,87422,628,581,0,581,10
2020-08-26,Merced,047,269075,8016,7720,8,7728,74
2020-08-26,Modoc,049,8938,8,5,0,5,0
2020-08-26,Mono,051,14174,163,141,1,142,1
2020-08-26,Monterey,053,433212,8005,7439,20,7459,51
2020-08-26,Napa,055,140530,1467,1382,3,1385,10
2020-08-26,Nevada,057,99092,454,432,12,444,2
2020-08-26,Orange,059,3164182,49900,46157,1154,47311,905
2020-08-26,Placer,061,380077,3065,2846,8,2854,32
2020-08-26,Plumas,063,18699,39,39,0,39,0
2020-08-26,Riverside,065,2383286,53130,51138,39,51177,987
2020-08-26,Sacramento,067,1510023,18222,16708,10,16718,271
2020-08-26,San Benito,069,59416,1097,978,0,978,3
2020-08-26,San Bernardino,071,2135413,48778,45840,187,46027,743
2020-08-26,San Diego,073,3302833,39064,37224,398,37622,668
2020-08-26,San Francisco,075,870044,9549,8938,9,8947,81
2020-08-26,San Joaquin,077,732212,18403,16845,33,16878,309
2020-08-26,San Luis Obispo,079,281455,3017,2761,11,2772,20
2020-08-26,San Mateo,081,765935,8464,7655,5,7660,121
2020-08-26,Santa Barbara,083,443738,8592,7904,56,7960,90
2020-08-26,Santa Clara,085,1922200,17958,16283,22,16305,198
2020-08-26,Santa Cruz,087,273765,1858,1726,18,1744,7
2020-08-26,Shasta,089,179085,607,511,3,514,9
2020-08-26,Sierra,091,2930,6,6,0,6,0
2020-08-26,Siskiyou,093,43540,132,109,8,117,0
2020-08-26,Solano,095,438530,5478,5131,38,5169,34
2020-08-26,Sonoma,097,501317,5862,5283,18,5301,58
2020-08-26,Stanislaus,099,539301,15089,13964,348,14312,186
2020-08-26,Sutter,101,95872,1365,1275,1,1276,9
2020-08-26,Tehama,103,63373,423,396,2,398,1
2020-08-26,Trinity,105,12862,25,10,4,14,0
2020-08-26,Tulare,107,460477,14410,13568,53,13621,232
2020-08-26,Tuolumne,109,53932,201,172,2,174,1
2020-08-26,Ventura,111,848112,11108,10412,77,10489,100
2020-08-26,Yolo,113,214977,2462,2279,4,2283,49
2020-08-26,Yuba,115,75493,859,779,3,782,1
2020-08-25,Alameda,001,1643700,18498,17278,131,17409,232
2020-08-25,Alpine,003,1148,3,2,0,2,0
2020-08-25,Amador,005,37829,273,227,0,227,13
2020-08-25,Butte,007,227075,2086,1718,13,1731,24
2020-08-25,Calaveras,009,45235,240,196,0,196,1
2020-08-25,Colusa,011,21464,455,430,0,430,5
2020-08-25,Contra Costa,013,1133247,14214,13181,50,13231,156
2020-08-25,Del Norte,015,27424,113,83,0,83,1
2020-08-25,El Dorado,017,186661,993,928,0,928,2
2020-08-25,Fresno,019,978130,27167,23932,286,24218,250
2020-08-25,Glenn,021,27897,447,429,0,429,3
2020-08-25,Humboldt,023,135768,382,342,1,343,4
2020-08-25,Imperial,025,180216,11196,9381,6,9387,217
2020-08-25,Inyo,027,18085,175,144,0,144,1
2020-08-25,Kern,029,883053,29552,28416,217,28633,285
2020-08-25,Kings,031,150075,6149,5702,34,5736,59
2020-08-25,Lake,033,64148,343,304,0,304,2
2020-08-25,Lassen,035,31185,718,692,2,694,0
2020-08-25,Los Angeles,037,10098052,240144,233961,1223,235184,5612
2020-08-25,Madera,039,155013,3855,3446,22,3468,32
2020-08-25,Marin,041,260295,6140,5860,15,5875,56
2020-08-25,Mariposa,043,17540,73,67,0,67,2
2020-08-25,Mendocino,045,87422,620,571,0,571,10
2020-08-25,Merced,047,269075,7949,7693,7,7700,69
2020-08-25,Modoc,049,8938,8,5,0,5,0
2020-08-25,Mono,051,14174,163,129,1,130,1
2020-08-25,Monterey,053,433212,7925,7333,20,7353,51
2020-08-25,Napa,055,140530,1460,1374,3,1377,10
2020-08-25,Nevada,057,99092,451,430,12,442,2
2020-08-25,Orange,059,3164182,49706,45737,1137,46874,902
2020-08-25,Placer,061,380077,3046,2829,5,2834,31
2020-08-25,Plumas,063,18699,39,39,0,39,0
2020-08-25,Riverside,065,2383286,52901,50889,39,50928,981
2020-08-25,Sacramento,067,1510023,18069,16601,10,16611,265
2020-08-25,San Benito,069,59416,1081,973,0,973,3
2020-08-25,San Bernardino,071,2135413,48543,45544,185,45729,727
2020-08-25,San Diego,073,3302833,38785,36996,376,37372,665
2020-08-25,San Francisco,075,870044,9472,8848,9,8857,81
2020-08-25,San Joaquin,077,732212,18276,16795,33,16828,306
2020-08-25,San Luis Obispo,079,281455,2959,2731,10,2741,20
2020-08-25,San Mateo,081,765935,8404,7636,5,7641,120
2020-08-25,Santa Barbara,083,443738,8540,7854,56,7910,90
2020-08-25,Santa Clara,085,1922200,17786,16199,22,16221,194
2020-08-25,Santa Cruz,087,273765,1839,1708,18,1726,7
2020-08-25,Shasta,089,179085,603,511,3,514,9
2020-08-25,Sierra,091,2930,6,6,0,6,0
2020-08-25,Siskiyou,093,43540,131,109,8,117,0
2020-08-25,Solano,095,438530,5417,5114,38,5152,34
2020-08-25,Sonoma,097,501317,5777,5148,18,5166,56
2020-08-25,Stanislaus,099,539301,14981,13886,337,14223,182
2020-08-25,Sutter,101,95872,1348,1259,1,1260,9
2020-08-25,Tehama,103,63373,420,394,2,396,1
2020-08-25,Trinity,105,12862,23,10,4,14,0
2020-08-25,Tulare,107,460477,14307,13514,52,13566,224
2020-08-25,Tuolumne,109,53932,199,172,2,174,1
2020-08-25,Ventura,111,848112,11023,10313,72,10385,99
2020-08-25,Yolo,113,214977,2449,2254,4,2258,50
2020-08-25,Yuba,115,75493,849,775,3,778,1
2020-08-24,Alameda,001,1643700,18304,16913,130,17043,231
2020-08-24,Alpine,003,1148,3,2,0,2,0
2020-08-24,Amador,005,37829,271,227,0,227,13
2020-08-24,Butte,007,227075,2002,1649,13,1662,23
2020-08-24,Calaveras,009,45235,230,187,0,187,1
2020-08-24,Colusa,011,21464,451,425,0,425,5
2020-08-24,Contra Costa,013,1133247,14099,12906,48,12954,153
2020-08-24,Del Norte,015,27424,113,80,0,80,1
2020-08-24,El Dorado,017,186661,985,908,0,908,2
2020-08-24,Fresno,019,978130,26982,23618,279,23897,235
2020-08-24,Glenn,021,27897,445,421,0,421,2
2020-08-24,Humboldt,023,135768,378,340,1,341,4
2020-08-24,Imperial,025,180216,11162,9323,6,9329,210
2020-08-24,Inyo,027,18085,171,144,0,144,2
2020-08-24,Kern,029,883053,29455,28157,211,28368,277
2020-08-24,Kings,031,150075,6061,5652,34,5686,60
2020-08-24,Lake,033,64148,329,302,0,302,2
2020-08-24,Lassen,035,31185,718,693,2,695,0
2020-08-24,Los Angeles,037,10098052,238781,233036,1201,234237,5562
2020-08-24,Madera,039,155013,3828,3418,22,3440,32
2020-08-24,Marin,041,260295,6077,5834,15,5849,56
2020-08-24,Mariposa,043,17540,71,66,0,66,2
2020-08-24,Mendocino,045,87422,605,550,0,550,10
2020-08-24,Merced,047,269075,7871,7605,7,7612,69
2020-08-24,Modoc,049,8938,8,5,0,5,0
2020-08-24,Mono,051,14174,163,129,1,130,1
2020-08-24,Monterey,053,433212,7816,7212,19,7231,50
2020-08-24,Napa,055,140530,1447,1358,3,1361,10
2020-08-24,Nevada,057,99092,446,423,12,435,2
2020-08-24,Orange,059,3164182,49515,45536,1126,46662,887
2020-08-24,Placer,061,380077,3000,2793,5,2798,31
2020-08-24,Plumas,063,18699,39,37,0,37,0
2020-08-24,Riverside,065,2383286,52624,50496,39,50535,975
2020-08-24,Sacramento,067,1510023,17872,16318,10,16328,249
2020-08-24,San Benito,069,59416,1060,961,0,961,3
2020-08-24,San Bernardino,071,2135413,48279,45199,183,45382,720
2020-08-24,San Diego,073,3302833,38497,36729,348,37077,660
2020-08-24,San Francisco,075,870044,9389,8621,9,8630,81
2020-08-24,San Joaquin,077,732212,18135,16565,32,16597,305
2020-08-24,San Luis Obispo,079,281455,2931,2705,10,2715,20
2020-08-24,San Mateo,081,765935,8337,7502,5,7507,120
2020-08-24,Santa Barbara,083,443738,8499,7784,56,7840,90
2020-08-24,Santa Clara,085,1922200,17582,16049,22,16071,192
2020-08-24,Santa Cruz,087,273765,1819,1627,17,1644,6
2020-08-24,Shasta,089,179085,601,505,3,508,9
2020-08-24,Sierra,091,2930,6,6,0,6,0
2020-08-24,Siskiyou,093,43540,127,107,8,115,0
2020-08-24,Solano,095,438530,5368,4979,36,5015,32
2020-08-24,Sonoma,097,501317,5675,5071,18,5089,56
2020-08-24,Stanislaus,099,539301,14883,13521,322,13843,171
2020-08-24,Sutter,101,95872,1329,1219,1,1220,9
2020-08-24,Tehama,103,63373,415,388,2,390,1
2020-08-24,Trinity,105,12862,23,10,4,14,0
2020-08-24,Tulare,107,460477,14200,13360,51,13411,223
2020-08-24,Tuolumne,109,53932,198,170,2,172,1
2020-08-24,Ventura,111,848112,10943,10261,69,10330,99
2020-08-24,Yolo,113,214977,2414,2239,4,2243,47
2020-08-24,Yuba,115,75493,832,750,3,753,1
2020-08-23,Alameda,001,1643700,18081,16786,130,16916,231
2020-08-23,Alpine,003,1148,3,2,0,2,0
2020-08-23,Amador,005,37829,268,227,0,227,13
2020-08-23,Butte,007,227075,1888,1637,13,1650,23
2020-08-23,Calaveras,009,45235,220,187,0,187,1
2020-08-23,Colusa,011,21464,444,424,0,424,5
2020-08-23,Contra Costa,013,1133247,13939,12642,48,12690,153
2020-08-23,Del Norte,015,27424,113,80,0,80,1
2020-08-23,El Dorado,017,186661,972,901,0,901,2
2020-08-23,Fresno,019,978130,26780,23414,274,23688,235
2020-08-23,Glenn,021,27897,438,421,0,421,2
2020-08-23,Humboldt,023,135768,376,341,1,342,4
2020-08-23,Imperial,025,180216,11134,9243,6,9249,210
2020-08-23,Inyo,027,18085,168,144,0,144,2
2020-08-23,Kern,029,883053,29306,28028,206,28234,277
2020-08-23,Kings,031,150075,6019,5628,34,5662,60
2020-08-23,Lake,033,64148,325,299,0,299,2
2020-08-23,Lassen,035,31185,717,693,2,695,0
2020-08-23,Los Angeles,037,10098052,237183,231833,1124,232957,5549
2020-08-23,Madera,039,155013,3796,3401,21,3422,32
2020-08-23,Marin,041,260295,6038,5807,14,5821,50
2020-08-23,Mariposa,043,17540,71,66,0,66,2
2020-08-23,Mendocino,045,87422,601,550,0,550,10
2020-08-23,Merced,047,269075,7802,7574,6,7580,69
2020-08-23,Modoc,049,8938,7,5,0,5,0
2020-08-23,Mono,051,14174,163,129,1,130,1
2020-08-23,Monterey,053,433212,7726,7173,19,7192,50
2020-08-23,Napa,055,140530,1435,1348,3,1351,10
2020-08-23,Nevada,057,99092,441,421,12,433,2
2020-08-23,Orange,059,3164182,49278,45267,1113,46380,887
2020-08-23,Placer,061,380077,2961,2772,5,2777,31
2020-08-23,Plumas,063,18699,39,37,0,37,0
2020-08-23,Riverside,065,2383286,52355,50293,37,50330,955
2020-08-23,Sacramento,067,1510023,17648,16084,9,16093,243
2020-08-23,San Benito,069,59416,1047,938,0,938,3
2020-08-23,San Bernardino,071,2135413,48010,45010,180,45190,719
2020-08-23,San Diego,073,3302833,38176,36542,321,36863,660
2020-08-23,San Francisco,075,870044,9294,8564,8,8572,80
2020-08-23,San Joaquin,077,732212,18002,16069,31,16100,305
2020-08-23,San Luis Obispo,079,281455,2889,2679,10,2689,20
2020-08-23,San Mateo,081,765935,8242,7450,5,7455,120
2020-08-23,Santa Barbara,083,443738,8431,7725,56,7781,90
2020-08-23,Santa Clara,085,1922200,17388,15912,20,15932,191
2020-08-23,Santa Cruz,087,273765,1793,1627,17,1644,6
2020-08-23,Shasta,089,179085,596,501,3,504,9
2020-08-23,Sierra,091,2930,6,6,0,6,0
2020-08-23,Siskiyou,093,43540,122,107,8,115,0
2020-08-23,Solano,095,438530,5310,4977,34,5011,32
2020-08-23,Sonoma,097,501317,5587,5018,18,5036,56
2020-08-23,Stanislaus,099,539301,14749,13483,298,13781,171
2020-08-23,Sutter,101,95872,1307,1203,1,1204,9
2020-08-23,Tehama,103,63373,405,381,2,383,1
2020-08-23,Trinity,105,12862,23,10,4,14,0
2020-08-23,Tulare,107,460477,14070,13303,47,13350,223
2020-08-23,Tuolumne,109,53932,194,164,2,166,1
2020-08-23,Ventura,111,848112,10843,10126,64,10190,99
2020-08-23,Yolo,113,214977,2386,2210,4,2214,47
2020-08-23,Yuba,115,75493,811,750,3,753,1
2020-08-22,Alameda,001,1643700,17987,16648,129,16777,231
2020-08-22,Alpine,003,1148,3,2,0,2,0
2020-08-22,Amador,005,37829,267,224,0,224,13
2020-08-22,Butte,007,227075,1837,1618,13,1631,22
2020-08-22,Calaveras,009,45235,217,187,0,187,1
2020-08-22,Colusa,011,21464,440,419,0,419,5
2020-08-22,Contra Costa,013,1133247,13852,12522,48,12570,153
2020-08-22,Del Norte,015,27424,112,80,0,80,1
2020-08-22,El Dorado,017,186661,970,900,0,900,2
2020-08-22,Fresno,019,978130,26683,23197,273,23470,235
2020-08-22,Glenn,021,27897,437,421,0,421,2
2020-08-22,Humboldt,023,135768,366,334,1,335,4
2020-08-22,Imperial,025,180216,11126,9244,6,9250,210
2020-08-22,Inyo,027,18085,168,144,0,144,1
2020-08-22,Kern,029,883053,29252,27807,206,28013,277
2020-08-22,Kings,031,150075,6010,5447,34,5481,60
2020-08-22,Lake,033,64148,323,291,0,291,2
2020-08-22,Lassen,035,31185,717,693,2,695,0
2020-08-22,Los Angeles,037,10098052,236526,230858,1105,231963,5540
2020-08-22,Madera,039,155013,3777,3330,21,3351,32
2020-08-22,Marin,041,260295,6026,5789,14,5803,49
2020-08-22,Mariposa,043,17540,71,66,0,66,2
2020-08-22,Mendocino,045,87422,598,529,0,529,10
2020-08-22,Merced,047,269075,7774,7493,6,7499,69
2020-08-22,Modoc,049,8938,7,5,0,5,0
2020-08-22,Mono,051,14174,163,129,1,130,1
2020-08-22,Monterey,053,433212,7678,7081,19,7100,50
2020-08-22,Napa,055,140530,1430,1328,3,1331,11
2020-08-22,Nevada,057,99092,441,411,12,423,2
2020-08-22,Orange,059,3164182,49136,45131,1107,46238,885
2020-08-22,Placer,061,380077,2947,2734,5,2739,30
2020-08-22,Plumas,063,18699,39,37,0,37,0
2020-08-22,Riverside,065,2383286,52206,49944,36,49980,953
2020-08-22,Sacramento,067,1510023,17536,15516,9,15525,239
2020-08-22,San Benito,069,59416,1031,912,0,912,3
2020-08-22,San Bernardino,071,2135413,47881,44803,177,44980,719
2020-08-22,San Diego,073,3302833,37994,36205,310,36515,673
2020-08-22,San Francisco,075,870044,9234,8568,8,8576,80
2020-08-22,San Joaquin,077,732212,17946,16068,31,16099,305
2020-08-22,San Luis Obispo,079,281455,2864,2660,10,2670,20
2020-08-22,San Mateo,081,765935,8195,7361,5,7366,120
2020-08-22,Santa Barbara,083,443738,8405,7685,56,7741,90
2020-08-22,Santa Clara,085,1922200,17281,15590,20,15610,190
2020-08-22,Santa Cruz,087,273765,1777,1628,16,1644,6
2020-08-22,Shasta,089,179085,594,493,3,496,9
2020-08-22,Sierra,091,2930,6,6,0,6,0
2020-08-22,Siskiyou,093,43540,122,106,8,114,0
2020-08-22,Solano,095,438530,5280,4944,33,4977,32
2020-08-22,Sonoma,097,501317,5541,4891,18,4909,57
2020-08-22,Stanislaus,099,539301,14701,13380,279,13659,170
2020-08-22,Sutter,101,95872,1300,1189,1,1190,8
2020-08-22,Tehama,103,63373,404,368,2,370,1
2020-08-22,Trinity,105,12862,23,8,4,12,0
2020-08-22,Tulare,107,460477,14003,13196,47,13243,222
2020-08-22,Tuolumne,109,53932,192,162,2,164,1
2020-08-22,Ventura,111,848112,10788,9959,62,10021,99
2020-08-22,Yolo,113,214977,2370,2188,4,2192,47
2020-08-22,Yuba,115,75493,799,738,3,741,1
2020-08-21,Alameda,001,1643700,17896,16413,129,16542,232
2020-08-21,Alpine,003,1148,3,2,0,2,0
2020-08-21,Amador,005,37829,266,223,0,223,11
2020-08-21,Butte,007,227075,1798,1582,13,1595,19
2020-08-21,Calaveras,009,45235,217,182,0,182,1
2020-08-21,Colusa,011,21464,438,418,0,418,5
2020-08-21,Contra Costa,013,1133247,13762,12333,47,12380,149
2020-08-21,Del Norte,015,27424,112,78,0,78,1
2020-08-21,El Dorado,017,186661,966,885,0,885,2
2020-08-21,Fresno,019,978130,26513,22840,272,23112,232
2020-08-21,Glenn,021,27897,433,418,0,418,2
2020-08-21,Humboldt,023,135768,363,331,1,332,4
2020-08-21,Imperial,025,180216,11110,9166,6,9172,204
2020-08-21,Inyo,027,18085,168,144,0,144,1
2020-08-21,Kern,029,883053,29193,27567,204,27771,269
2020-08-21,Kings,031,150075,5988,5391,34,5425,60
2020-08-21,Lake,033,64148,321,281,0,281,2
2020-08-21,Lassen,035,31185,717,693,2,695,0
2020-08-21,Los Angeles,037,10098052,235650,229235,1083,230318,5494
2020-08-21,Madera,039,155013,3747,3271,21,3292,31
2020-08-21,Marin,041,260295,6006,5762,14,5776,49
2020-08-21,Mariposa,043,17540,71,66,0,66,2
2020-08-21,Mendocino,045,87422,588,505,0,505,10
2020-08-21,Merced,047,269075,7745,7357,6,7363,69
2020-08-21,Modoc,049,8938,7,5,0,5,0
2020-08-21,Mono,051,14174,163,128,1,129,1
2020-08-21,Monterey,053,433212,7606,6974,19,6993,49
2020-08-21,Napa,055,140530,1421,1317,3,1320,10
2020-08-21,Nevada,057,99092,440,406,12,418,2
2020-08-21,Orange,059,3164182,48995,44625,1098,45723,875
2020-08-21,Placer,061,380077,2931,2698,4,2702,30
2020-08-21,Plumas,063,18699,39,36,0,36,0
2020-08-21,Riverside,065,2383286,52013,49409,36,49445,932
2020-08-21,Sacramento,067,1510023,17413,15247,9,15256,237
2020-08-21,San Benito,069,59416,1021,891,0,891,3
2020-08-21,San Bernardino,071,2135413,47761,44249,173,44422,668
2020-08-21,San Diego,073,3302833,37790,35914,293,36207,652
2020-08-21,San Francisco,075,870044,9184,8375,8,8383,80
2020-08-21,San Joaquin,077,732212,17863,15888,29,15917,301
2020-08-21,San Luis Obispo,079,281455,2841,2640,10,2650,19
2020-08-21,San Mateo,081,765935,8137,7253,5,7258,120
2020-08-21,Santa Barbara,083,443738,8364,7645,56,7701,86
2020-08-21,Santa Clara,085,1922200,17129,15399,20,15419,190
2020-08-21,Santa Cruz,087,273765,1765,1617,16,1633,6
2020-08-21,Shasta,089,179085,594,486,3,489,9
2020-08-21,Sierra,091,2930,6,6,0,6,0
2020-08-21,Siskiyou,093,43540,122,103,6,109,0
2020-08-21,Solano,095,438530,5257,4891,32,4923,32
2020-08-21,Sonoma,097,501317,5471,4816,18,4834,57
2020-08-21,Stanislaus,099,539301,14632,13282,264,13546,161
2020-08-21,Sutter,101,95872,1287,1173,1,1174,8
2020-08-21,Tehama,103,63373,402,357,2,359,1
2020-08-21,Trinity,105,12862,23,8,4,12,0
2020-08-21,Tulare,107,460477,13931,13002,46,13048,217
2020-08-21,Tuolumne,109,53932,184,161,2,163,1
2020-08-21,Ventura,111,848112,10724,9865,60,9925,98
2020-08-21,Yolo,113,214977,2355,2164,4,2168,46
2020-08-21,Yuba,115,75493,795,717,3,720,1
2020-08-20,Alameda,001,1643700,17737,16174,129,16303,229
2020-08-20,Alpine,003,1148,3,2,0,2,0
2020-08-20,Amador,005,37829,264,222,0,222,11
2020-08-20,Butte,007,227075,1747,1549,13,1562,18
2020-08-20,Calaveras,009,45235,214,179,0,179,1
2020-08-20,Colusa,011,21464,436,415,0,415,5
2020-08-20,Contra Costa,013,1133247,13634,12108,46,12154,144
2020-08-20,Del Norte,015,27424,112,78,0,78,1
2020-08-20,El Dorado,017,186661,962,881,0,881,2
2020-08-20,Fresno,019,978130,26331,22535,267,22802,228
2020-08-20,Glenn,021,27897,428,414,0,414,2
2020-08-20,Humboldt,023,135768,358,318,1,319,4
2020-08-20,Imperial,025,180216,11091,9086,6,9092,196
2020-08-20,Inyo,027,18085,167,144,0,144,1
2020-08-20,Kern,029,883053,29025,27337,193,27530,267
2020-08-20,Kings,031,150075,5948,5347,33,5380,59
2020-08-20,Lake,033,64148,316,280,0,280,2
2020-08-20,Lassen,035,31185,716,693,2,695,0
2020-08-20,Los Angeles,037,10098052,234415,227492,1064,228556,5445
2020-08-20,Madera,039,155013,3721,3197,21,3218,31
2020-08-20,Marin,041,260295,5988,5745,14,5759,47
2020-08-20,Mariposa,043,17540,71,67,0,67,2
2020-08-20,Mendocino,045,87422,577,497,0,497,10
2020-08-20,Merced,047,269075,7670,7173,6,7179,68
2020-08-20,Modoc,049,8938,7,5,0,5,0
2020-08-20,Mono,051,14174,163,128,1,129,1
2020-08-20,Monterey,053,433212,7535,6892,19,6911,47
2020-08-20,Napa,055,140530,1413,1306,3,1309,10
2020-08-20,Nevada,057,99092,439,401,12,413,2
2020-08-20,Orange,059,3164182,48768,44299,1087,45386,849
2020-08-20,Placer,061,380077,2915,2681,4,2685,30
2020-08-20,Plumas,063,18699,39,36,0,36,0
2020-08-20,Riverside,065,2383286,51796,48953,35,48988,927
2020-08-20,Sacramento,067,1510023,17171,14992,9,15001,231
2020-08-20,San Benito,069,59416,1008,866,0,866,3
2020-08-20,San Bernardino,071,2135413,47504,43627,169,43796,665
2020-08-20,San Diego,073,3302833,37570,35610,275,35885,644
2020-08-20,San Francisco,075,870044,9098,8262,8,8270,72
2020-08-20,San Joaquin,077,732212,17770,15778,29,15807,297
2020-08-20,San Luis Obispo,079,281455,2821,2590,10,2600,19
2020-08-20,San Mateo,081,765935,8071,7188,5,7193,120
2020-08-20,Santa Barbara,083,443738,8326,7571,56,7627,81
2020-08-20,Santa Clara,085,1922200,16957,15162,20,15182,190
2020-08-20,Santa Cruz,087,273765,1752,1581,16,1597,6
2020-08-20,Shasta,089,179085,593,478,3,481,9
2020-08-20,Sierra,091,2930,6,6,0,6,0
2020-08-20,Siskiyou,093,43540,121,102,1,103,0
2020-08-20,Solano,095,438530,5213,4843,32,4875,31
2020-08-20,Sonoma,097,501317,5399,4737,18,4755,54
2020-08-20,Stanislaus,099,539301,14536,13120,255,13375,161
2020-08-20,Sutter,101,95872,1263,1158,1,1159,8
2020-08-20,Tehama,103,63373,396,350,2,352,1
2020-08-20,Trinity,105,12862,23,8,4,12,0
2020-08-20,Tulare,107,460477,13823,12907,45,12952,217
2020-08-20,Tuolumne,109,53932,180,159,2,161,1
2020-08-20,Ventura,111,848112,10611,9744,59,9803,93
2020-08-20,Yolo,113,214977,2333,2150,4,2154,47
2020-08-20,Yuba,115,75493,778,709,3,712,1
2020-08-19,Alameda,001,1643700,17579,15874,128,16002,226
2020-08-19,Alpine,003,1148,3,2,0,2,0
2020-08-19,Amador,005,37829,263,219,0,219,9
2020-08-19,Butte,007,227075,1704,1517,13,1530,16
2020-08-19,Calaveras,009,45235,211,177,0,177,1
2020-08-19,Colusa,011,21464,435,415,0,415,5
2020-08-19,Contra Costa,013,1133247,13522,11895,44,11939,142
2020-08-19,Del Norte,015,27424,112,78,0,78,1
2020-08-19,El Dorado,017,186661,956,870,0,870,2
2020-08-19,Fresno,019,978130,26141,22167,259,22426,221
2020-08-19,Glenn,021,27897,426,414,0,414,2
2020-08-19,Humboldt,023,135768,355,316,1,317,4
2020-08-19,Imperial,025,180216,11063,9041,6,9047,192
2020-08-19,Inyo,027,18085,165,140,0,140,1
2020-08-19,Kern,029,883053,28908,27142,189,27331,263
2020-08-19,Kings,031,150075,5776,5301,31,5332,59
2020-08-19,Lake,033,64148,313,277,0,277,2
2020-08-19,Lassen,035,31185,708,693,2,695,0
2020-08-19,Los Angeles,037,10098052,233133,226006,1024,227030,5399
2020-08-19,Madera,039,155013,3687,3158,19,3177,30
2020-08-19,Marin,041,260295,5964,5723,13,5736,46
2020-08-19,Mariposa,043,17540,71,64,0,64,2
2020-08-19,Mendocino,045,87422,561,495,0,495,8
2020-08-19,Merced,047,269075,7543,7082,3,7085,66
2020-08-19,Modoc,049,8938,7,5,0,5,0
2020-08-19,Mono,051,14174,163,128,1,129,1
2020-08-19,Monterey,053,433212,7433,6693,19,6712,45
2020-08-19,Napa,055,140530,1408,1293,3,1296,10
2020-08-19,Nevada,057,99092,432,398,12,410,2
2020-08-19,Orange,059,3164182,48563,43938,1083,45021,829
2020-08-19,Placer,061,380077,2892,2659,4,2663,28
2020-08-19,Plumas,063,18699,39,36,0,36,0
2020-08-19,Riverside,065,2383286,51548,48741,34,48775,922
2020-08-19,Sacramento,067,1510023,16990,14764,9,14773,229
2020-08-19,San Benito,069,59416,991,853,0,853,3
2020-08-19,San Bernardino,071,2135413,47205,43224,162,43386,661
2020-08-19,San Diego,073,3302833,37321,35378,260,35638,638
2020-08-19,San Francisco,075,870044,9033,8236,8,8244,72
2020-08-19,San Joaquin,077,732212,17643,15677,28,15705,296
2020-08-19,San Luis Obispo,079,281455,2782,2553,10,2563,19
2020-08-19,San Mateo,081,765935,8003,7146,5,7151,119
2020-08-19,Santa Barbara,083,443738,8277,7499,56,7555,80
2020-08-19,Santa Clara,085,1922200,16812,14994,20,15014,189
2020-08-19,Santa Cruz,087,273765,1726,1554,16,1570,6
2020-08-19,Shasta,089,179085,589,475,3,478,9
2020-08-19,Sierra,091,2930,6,6,0,6,0
2020-08-19,Siskiyou,093,43540,120,103,1,104,0
2020-08-19,Solano,095,438530,5172,4807,32,4839,31
2020-08-19,Sonoma,097,501317,5320,4614,18,4632,54
2020-08-19,Stanislaus,099,539301,14433,13084,233,13317,160
2020-08-19,Sutter,101,95872,1229,1146,1,1147,8
2020-08-19,Tehama,103,63373,390,342,2,344,1
2020-08-19,Trinity,105,12862,22,8,4,12,0
2020-08-19,Tulare,107,460477,13725,12756,45,12801,217
2020-08-19,Tuolumne,109,53932,177,159,2,161,1
2020-08-19,Ventura,111,848112,10519,9587,57,9644,91
2020-08-19,Yolo,113,214977,2310,2126,4,2130,47
2020-08-19,Yuba,115,75493,766,701,3,704,1
2020-08-18,Alameda,001,1643700,17403,15627,125,15752,223
2020-08-18,Alpine,003,1148,3,2,0,2,0
2020-08-18,Amador,005,37829,262,215,0,215,9
2020-08-18,Butte,007,227075,1671,1491,13,1504,16
2020-08-18,Calaveras,009,45235,207,174,0,174,1
2020-08-18,Colusa,011,21464,434,415,0,415,5
2020-08-18,Contra Costa,013,1133247,13402,11689,42,11731,141
2020-08-18,Del Norte,015,27424,111,78,0,78,0
2020-08-18,El Dorado,017,186661,951,866,0,866,2
2020-08-18,Fresno,019,978130,25922,21798,253,22051,212
2020-08-18,Glenn,021,27897,426,407,0,407,2
2020-08-18,Humboldt,023,135768,353,315,1,316,4
2020-08-18,Imperial,025,180216,11029,8968,6,8974,189
2020-08-18,Inyo,027,18085,164,140,0,140,1
2020-08-18,Kern,029,883053,28756,26978,184,27162,263
2020-08-18,Kings,031,150075,5748,5269,30,5299,58
2020-08-18,Lake,033,64148,310,274,0,274,2
2020-08-18,Lassen,035,31185,708,693,2,695,0
2020-08-18,Los Angeles,037,10098052,231854,224218,985,225203,5339
2020-08-18,Madera,039,155013,3659,3125,19,3144,28
2020-08-18,Marin,041,260295,5934,5708,13,5721,47
2020-08-18,Mariposa,043,17540,71,61,0,61,2
2020-08-18,Mendocino,045,87422,552,468,0,468,8
2020-08-18,Merced,047,269075,7495,6940,3,6943,66
2020-08-18,Modoc,049,8938,7,5,0,5,0
2020-08-18,Mono,051,14174,162,129,1,130,1
2020-08-18,Monterey,053,433212,7342,6691,18,6709,44
2020-08-18,Napa,055,140530,1405,1274,3,1277,10
2020-08-18,Nevada,057,99092,425,389,12,401,2
2020-08-18,Orange,059,3164182,48338,43659,1067,44726,809
2020-08-18,Placer,061,380077,2866,2644,3,2647,28
2020-08-18,Plumas,063,18699,39,34,0,34,0
2020-08-18,Riverside,065,2383286,51219,48447,34,48481,917
2020-08-18,Sacramento,067,1510023,16761,14610,8,14618,222
2020-08-18,San Benito,069,59416,971,836,0,836,3
2020-08-18,San Bernardino,071,2135413,46924,42827,156,42983,648
2020-08-18,San Diego,073,3302833,37029,35164,227,35391,633
2020-08-18,San Francisco,075,870044,8948,8016,8,8024,72
2020-08-18,San Joaquin,077,732212,17526,15509,27,15536,290
2020-08-18,San Luis Obispo,079,281455,2758,2535,9,2544,18
2020-08-18,San Mateo,081,765935,7941,7074,5,7079,119
2020-08-18,Santa Barbara,083,443738,8235,7472,56,7528,81
2020-08-18,Santa Clara,085,1922200,16639,14786,19,14805,184
2020-08-18,Santa Cruz,087,273765,1713,1509,16,1525,6
2020-08-18,Shasta,089,179085,585,468,3,471,9
2020-08-18,Sierra,091,2930,6,6,0,6,0
2020-08-18,Siskiyou,093,43540,119,103,1,104,0
2020-08-18,Solano,095,438530,5145,4700,32,4732,31
2020-08-18,Sonoma,097,501317,5251,4506,18,4524,48
2020-08-18,Stanislaus,099,539301,14335,12935,217,13152,149
2020-08-18,Sutter,101,95872,1210,1126,1,1127,8
2020-08-18,Tehama,103,63373,380,333,2,335,1
2020-08-18,Trinity,105,12862,21,8,4,12,0
2020-08-18,Tulare,107,460477,13593,12637,42,12679,212
2020-08-18,Tuolumne,109,53932,174,159,2,161,1
2020-08-18,Ventura,111,848112,10429,9536,52,9588,89
2020-08-18,Yolo,113,214977,2287,2102,4,2106,47
2020-08-18,Yuba,115,75493,758,679,3,682,1
2020-08-17,Alameda,001,1643700,17211,15454,123,15577,221
2020-08-17,Alpine,003,1148,3,2,0,2,0
2020-08-17,Amador,005,37829,262,215,0,215,9
2020-08-17,Butte,007,227075,1626,1463,13,1476,15
2020-08-17,Calaveras,009,45235,203,167,0,167,1
2020-08-17,Colusa,011,21464,431,408,0,408,5
2020-08-17,Contra Costa,013,1133247,13264,11442,42,11484,141
2020-08-17,Del Norte,015,27424,107,77,0,77,0
2020-08-17,El Dorado,017,186661,948,846,0,846,2
2020-08-17,Fresno,019,978130,25715,21316,246,21562,211
2020-08-17,Glenn,021,27897,425,402,0,402,2
2020-08-17,Humboldt,023,135768,349,302,1,303,4
2020-08-17,Imperial,025,180216,10988,8897,6,8903,188
2020-08-17,Inyo,027,18085,156,124,0,124,1
2020-08-17,Kern,029,883053,28608,26773,173,26946,249
2020-08-17,Kings,031,150075,5710,5249,30,5279,58
2020-08-17,Lake,033,64148,305,270,0,270,2
2020-08-17,Lassen,035,31185,708,666,2,668,0
2020-08-17,Los Angeles,037,10098052,230338,223418,934,224352,5282
2020-08-17,Madera,039,155013,3616,3050,18,3068,26
2020-08-17,Marin,041,260295,5911,5683,12,5695,46
2020-08-17,Mariposa,043,17540,71,61,0,61,2
2020-08-17,Mendocino,045,87422,534,454,0,454,8
2020-08-17,Merced,047,269075,7400,6814,3,6817,66
2020-08-17,Modoc,049,8938,7,5,0,5,0
2020-08-17,Mono,051,14174,162,126,1,127,1
2020-08-17,Monterey,053,433212,7243,6553,18,6571,44
2020-08-17,Napa,055,140530,1384,1255,3,1258,10
2020-08-17,Nevada,057,99092,420,383,12,395,2
2020-08-17,Orange,059,3164182,48128,43621,1055,44676,804
2020-08-17,Placer,061,380077,2841,2609,3,2612,28
2020-08-17,Plumas,063,18699,39,33,0,33,0
2020-08-17,Riverside,065,2383286,50889,48062,32,48094,916
2020-08-17,Sacramento,067,1510023,16541,14333,8,14341,219
2020-08-17,San Benito,069,59416,956,822,0,822,2
2020-08-17,San Bernardino,071,2135413,46581,42005,147,42152,604
2020-08-17,San Diego,073,3302833,36763,34962,213,35175,626
2020-08-17,San Francisco,075,870044,8876,7600,8,7608,72
2020-08-17,San Joaquin,077,732212,17362,15323,26,15349,280
2020-08-17,San Luis Obispo,079,281455,2725,2527,9,2536,18
2020-08-17,San Mateo,081,765935,7884,6987,4,6991,118
2020-08-17,Santa Barbara,083,443738,8193,7438,56,7494,80
2020-08-17,Santa Clara,085,1922200,16419,14546,19,14565,183
2020-08-17,Santa Cruz,087,273765,1697,1453,15,1468,6
2020-08-17,Shasta,089,179085,579,467,3,470,9
2020-08-17,Sierra,091,2930,6,6,0,6,0
2020-08-17,Siskiyou,093,43540,118,103,0,103,0
2020-08-17,Solano,095,438530,5088,4479,32,4511,31
2020-08-17,Sonoma,097,501317,5162,4402,16,4418,48
2020-08-17,Stanislaus,099,539301,14210,12745,210,12955,148
2020-08-17,Sutter,101,95872,1194,1071,1,1072,8
2020-08-17,Tehama,103,63373,371,324,2,326,1
2020-08-17,Trinity,105,12862,21,8,4,12,0
2020-08-17,Tulare,107,460477,13480,12487,41,12528,210
2020-08-17,Tuolumne,109,53932,171,157,2,159,1
2020-08-17,Ventura,111,848112,10307,9490,47,9537,89
2020-08-17,Yolo,113,214977,2260,2083,4,2087,47
2020-08-17,Yuba,115,75493,743,647,3,650,1
2020-08-16,Alameda,001,1643700,16921,15338,123,15461,221
2020-08-16,Alpine,003,1148,3,2,0,2,0
2020-08-16,Amador,005,37829,259,215,0,215,9
2020-08-16,Butte,007,227075,1588,1432,13,1445,15
2020-08-16,Calaveras,009,45235,196,167,0,167,1
2020-08-16,Colusa,011,21464,429,407,0,407,5
2020-08-16,Contra Costa,013,1133247,13078,11255,42,11297,140
2020-08-16,Del Norte,015,27424,103,77,0,77,0
2020-08-16,El Dorado,017,186661,936,843,0,843,2
2020-08-16,Fresno,019,978130,25496,21010,241,21251,211
2020-08-16,Glenn,021,27897,423,400,0,400,2
2020-08-16,Humboldt,023,135768,347,301,1,302,4
2020-08-16,Imperial,025,180216,10944,8883,6,8889,188
2020-08-16,Inyo,027,18085,149,125,0,125,1
2020-08-16,Kern,029,883053,28408,26520,165,26685,249
2020-08-16,Kings,031,150075,5679,5146,30,5176,58
2020-08-16,Lake,033,64148,301,269,0,269,2
2020-08-16,Lassen,035,31185,708,666,2,668,0
2020-08-16,Los Angeles,037,10098052,228771,222236,903,223139,5263
2020-08-16,Madera,039,155013,3571,3013,18,3031,26
2020-08-16,Marin,041,260295,5885,5664,12,5676,46
2020-08-16,Mariposa,043,17540,71,61,0,61,2
2020-08-16,Mendocino,045,87422,526,451,0,451,8
2020-08-16,Merced,047,269075,7318,6744,3,6747,66
2020-08-16,Modoc,049,8938,7,5,0,5,0
2020-08-16,Mono,051,14174,162,126,1,127,1
2020-08-16,Monterey,053,433212,7145,6516,17,6533,44
2020-08-16,Napa,055,140530,1366,1241,2,1243,10
2020-08-16,Nevada,057,99092,409,379,12,391,2
2020-08-16,Orange,059,3164182,47878,43303,1044,44347,803
2020-08-16,Placer,061,380077,2812,2583,2,2585,28
2020-08-16,Plumas,063,18699,39,33,0,33,0
2020-08-16,Riverside,065,2383286,50558,47669,32,47701,910
2020-08-16,Sacramento,067,1510023,16301,14210,8,14218,219
2020-08-16,San Benito,069,59416,927,815,0,815,2
2020-08-16,San Bernardino,071,2135413,46158,41724,138,41862,603
2020-08-16,San Diego,073,3302833,36500,34680,197,34877,626
2020-08-16,San Francisco,075,870044,8788,7602,8,7610,72
2020-08-16,San Joaquin,077,732212,17160,15288,26,15314,280
2020-08-16,San Luis Obispo,079,281455,2696,2494,9,2503,17
2020-08-16,San Mateo,081,765935,7808,6942,4,6946,118
2020-08-16,Santa Barbara,083,443738,8144,7368,56,7424,79
2020-08-16,Santa Clara,085,1922200,16221,14329,19,14348,183
2020-08-16,Santa Cruz,087,273765,1670,1449,14,1463,6
2020-08-16,Shasta,089,179085,572,465,3,468,9
2020-08-16,Sierra,091,2930,6,6,0,6,0
2020-08-16,Siskiyou,093,43540,117,102,0,102,0
2020-08-16,Solano,095,438530,5028,4479,32,4511,31
2020-08-16,Sonoma,097,501317,5058,4329,16,4345,46
2020-08-16,Stanislaus,099,539301,14055,12668,197,12865,148
2020-08-16,Sutter,101,95872,1176,1071,1,1072,8
2020-08-16,Tehama,103,63373,362,318,2,320,1
2020-08-16,Trinity,105,12862,20,8,4,12,0
2020-08-16,Tulare,107,460477,13348,12334,37,12371,211
2020-08-16,Tuolumne,109,53932,171,156,2,158,1
2020-08-16,Ventura,111,848112,10198,9408,42,9450,89
2020-08-16,Yolo,113,214977,2241,2057,4,2061,47
2020-08-16,Yuba,115,75493,734,647,2,649,1
2020-08-15,Alameda,001,1643700,16844,15165,123,15288,221
2020-08-15,Alpine,003,1148,3,2,0,2,0
2020-08-15,Amador,005,37829,259,210,0,210,9
2020-08-15,Butte,007,227075,1566,1409,13,1422,15
2020-08-15,Calaveras,009,45235,194,167,0,167,1
2020-08-15,Colusa,011,21464,428,401,0,401,5
2020-08-15,Contra Costa,013,1133247,12982,11106,42,11148,138
2020-08-15,Del Norte,015,27424,103,77,0,77,0
2020-08-15,El Dorado,017,186661,931,838,0,838,2
2020-08-15,Fresno,019,978130,25380,20603,239,20842,211
2020-08-15,Glenn,021,27897,423,398,0,398,2
2020-08-15,Humboldt,023,135768,346,301,1,302,4
2020-08-15,Imperial,025,180216,10924,8794,6,8800,188
2020-08-15,Inyo,027,18085,149,123,0,123,1
2020-08-15,Kern,029,883053,28320,26338,165,26503,249
2020-08-15,Kings,031,150075,5661,5039,30,5069,56
2020-08-15,Lake,033,64148,299,268,0,268,2
2020-08-15,Lassen,035,31185,708,666,2,668,0
2020-08-15,Los Angeles,037,10098052,228019,221043,894,221937,5252
2020-08-15,Madera,039,155013,3521,2950,18,2968,26
2020-08-15,Marin,041,260295,5878,5628,12,5640,46
2020-08-15,Mariposa,043,17540,71,61,0,61,2
2020-08-15,Mendocino,045,87422,522,444,0,444,8
2020-08-15,Merced,047,269075,7284,6656,3,6659,66
2020-08-15,Modoc,049,8938,7,5,0,5,0
2020-08-15,Mono,051,14174,162,126,1,127,1
2020-08-15,Monterey,053,433212,7100,6162,17,6179,44
2020-08-15,Napa,055,140530,1356,1232,2,1234,10
2020-08-15,Nevada,057,99092,409,376,12,388,2
2020-08-15,Orange,059,3164182,47765,42811,1033,43844,801
2020-08-15,Placer,061,380077,2790,2551,2,2553,27
2020-08-15,Plumas,063,18699,39,33,0,33,0
2020-08-15,Riverside,065,2383286,50407,46720,32,46752,910
2020-08-15,Sacramento,067,1510023,16191,14018,8,14026,219
2020-08-15,San Benito,069,59416,914,805,0,805,2
2020-08-15,San Bernardino,071,2135413,46006,41231,136,41367,602
2020-08-15,San Diego,073,3302833,36334,34346,183,34529,639
2020-08-15,San Francisco,075,870044,8724,7601,8,7609,69
2020-08-15,San Joaquin,077,732212,17087,15113,26,15139,280
2020-08-15,San Luis Obispo,079,281455,2679,2461,9,2470,17
2020-08-15,San Mateo,081,765935,7771,6860,4,6864,118
2020-08-15,Santa Barbara,083,443738,8116,7338,56,7394,79
2020-08-15,Santa Clara,085,1922200,16125,14105,19,14124,183
2020-08-15,Santa Cruz,087,273765,1649,1449,14,1463,6
2020-08-15,Shasta,089,179085,569,458,3,461,9
2020-08-15,Sierra,091,2930,6,6,0,6,0
2020-08-15,Siskiyou,093,43540,116,100,0,100,0
2020-08-15,Solano,095,438530,5006,4477,32,4509,31
2020-08-15,Sonoma,097,501317,5003,4134,16,4150,45
2020-08-15,Stanislaus,099,539301,13992,12541,195,12736,149
2020-08-15,Sutter,101,95872,1165,1046,1,1047,8
2020-08-15,Tehama,103,63373,361,312,2,314,1
2020-08-15,Trinity,105,12862,18,6,4,10,0
2020-08-15,Tulare,107,460477,13310,12262,37,12299,211
2020-08-15,Tuolumne,109,53932,171,155,2,157,1
2020-08-15,Ventura,111,848112,10140,9379,40,9419,89
2020-08-15,Yolo,113,214977,2229,2031,4,2035,46
2020-08-15,Yuba,115,75493,730,623,2,625,1
2020-08-14,Alameda,001,1643700,16705,14909,123,15032,221
2020-08-14,Alpine,003,1148,3,2,0,2,0
2020-08-14,Amador,005,37829,259,209,0,209,9
2020-08-14,Butte,007,227075,1557,1384,13,1397,15
2020-08-14,Calaveras,009,45235,190,165,0,165,1
2020-08-14,Colusa,011,21464,426,399,0,399,5
2020-08-14,Contra Costa,013,1133247,12870,10893,42,10935,137
2020-08-14,Del Norte,015,27424,103,76,0,76,0
2020-08-14,El Dorado,017,186661,923,827,0,827,2
2020-08-14,Fresno,019,978130,25246,19900,239,20139,208
2020-08-14,Glenn,021,27897,421,395,0,395,2
2020-08-14,Humboldt,023,135768,340,294,1,295,4
2020-08-14,Imperial,025,180216,10900,8756,6,8762,185
2020-08-14,Inyo,027,18085,148,115,0,115,1
2020-08-14,Kern,029,883053,28216,25893,164,26057,249
2020-08-14,Kings,031,150075,5647,4953,30,4983,56
2020-08-14,Lake,033,64148,290,267,0,267,2
2020-08-14,Lassen,035,31185,708,665,2,667,0
2020-08-14,Los Angeles,037,10098052,226856,219083,876,219959,5222
2020-08-14,Madera,039,155013,3491,2876,18,2894,26
2020-08-14,Marin,041,260295,5867,5601,12,5613,46
2020-08-14,Mariposa,043,17540,70,61,0,61,2
2020-08-14,Mendocino,045,87422,513,432,0,432,8
2020-08-14,Merced,047,269075,7254,6466,3,6469,67
2020-08-14,Modoc,049,8938,7,5,0,5,0
2020-08-14,Mono,051,14174,162,126,1,127,1
2020-08-14,Monterey,053,433212,7049,6121,17,6138,41
2020-08-14,Napa,055,140530,1346,1230,2,1232,10
2020-08-14,Nevada,057,99092,405,377,12,389,2
2020-08-14,Orange,059,3164182,47616,42399,1019,43418,798
2020-08-14,Placer,061,380077,2771,2546,2,2548,26
2020-08-14,Plumas,063,18699,38,33,0,33,0
2020-08-14,Riverside,065,2383286,50178,46456,32,46488,891
2020-08-14,Sacramento,067,1510023,16041,13645,8,13653,212
2020-08-14,San Benito,069,59416,897,783,0,783,2
2020-08-14,San Bernardino,071,2135413,45820,40442,132,40574,594
2020-08-14,San Diego,073,3302833,36140,34067,176,34243,622
2020-08-14,San Francisco,075,870044,8665,7467,8,7475,69
2020-08-14,San Joaquin,077,732212,16988,14925,26,14951,276
2020-08-14,San Luis Obispo,079,281455,2664,2422,9,2431,17
2020-08-14,San Mateo,081,765935,7712,6655,4,6659,118
2020-08-14,Santa Barbara,083,443738,8066,7302,56,7358,77
2020-08-14,Santa Clara,085,1922200,15959,13785,18,13803,183
2020-08-14,Santa Cruz,087,273765,1627,1418,13,1431,6
2020-08-14,Shasta,089,179085,564,446,3,449,9
2020-08-14,Sierra,091,2930,6,5,0,5,0
2020-08-14,Siskiyou,093,43540,116,98,0,98,0
2020-08-14,Solano,095,438530,4985,4421,32,4453,31
2020-08-14,Sonoma,097,501317,4944,4087,13,4100,45
2020-08-14,Stanislaus,099,539301,13915,12379,191,12570,140
2020-08-14,Sutter,101,95872,1157,1039,1,1040,8
2020-08-14,Tehama,103,63373,357,305,2,307,1
2020-08-14,Trinity,105,12862,18,6,4,10,0
2020-08-14,Tulare,107,460477,13233,12009,37,12046,211
2020-08-14,Tuolumne,109,53932,170,155,2,157,1
2020-08-14,Ventura,111,848112,10065,9313,40,9353,89
2020-08-14,Yolo,113,214977,2215,1991,4,1995,45
2020-08-14,Yuba,115,75493,714,606,2,608,1
2020-08-13,Alameda,001,1643700,16431,14385,123,14508,218
2020-08-13,Alpine,003,1148,3,2,0,2,0
2020-08-13,Amador,005,37829,259,198,0,198,8
2020-08-13,Butte,007,227075,1532,1345,13,1358,15
2020-08-13,Calaveras,009,45235,188,162,0,162,1
2020-08-13,Colusa,011,21464,426,395,0,395,5
2020-08-13,Contra Costa,013,1133247,12716,10545,41,10586,136
2020-08-13,Del Norte,015,27424,102,74,0,74,0
2020-08-13,El Dorado,017,186661,918,803,0,803,2
2020-08-13,Fresno,019,978130,25022,19157,232,19389,201
2020-08-13,Glenn,021,27897,417,392,0,392,1
2020-08-13,Humboldt,023,135768,332,281,1,282,4
2020-08-13,Imperial,025,180216,10869,8640,6,8646,170
2020-08-13,Inyo,027,18085,144,97,0,97,1
2020-08-13,Kern,029,883053,28049,25472,161,25633,242
2020-08-13,Kings,031,150075,5613,4824,30,4854,52
2020-08-13,Lake,033,64148,285,263,0,263,2
2020-08-13,Lassen,035,31185,708,652,2,654,0
2020-08-13,Los Angeles,037,10098052,225456,216497,854,217351,5179
2020-08-13,Madera,039,155013,3448,2675,17,2692,25
2020-08-13,Marin,041,260295,5851,5503,12,5515,44
2020-08-13,Mariposa,043,17540,69,61,0,61,2
2020-08-13,Mendocino,045,87422,508,401,0,401,8
2020-08-13,Merced,047,269075,7136,5945,3,5948,63
2020-08-13,Modoc,049,8938,7,5,0,5,0
2020-08-13,Mono,051,14174,162,124,1,125,1
2020-08-13,Monterey,053,433212,6966,5925,17,5942,38
2020-08-13,Napa,055,140530,1337,1179,2,1181,10
2020-08-13,Nevada,057,99092,401,362,12,374,1
2020-08-13,Orange,059,3164182,47377,42019,1007,43026,773
2020-08-13,Placer,061,380077,2750,2460,2,2462,26
2020-08-13,Plumas,063,18699,38,32,0,32,0
2020-08-13,Riverside,065,2383286,49884,45327,32,45359,885
2020-08-13,Sacramento,067,1510023,15839,13237,8,13245,197
2020-08-13,San Benito,069,59416,868,757,0,757,2
2020-08-13,San Bernardino,071,2135413,45426,39395,127,39522,591
2020-08-13,San Diego,073,3302833,35904,33661,158,33819,627
2020-08-13,San Francisco,075,870044,8571,7277,8,7285,69
2020-08-13,San Joaquin,077,732212,16834,14537,25,14562,261
2020-08-13,San Luis Obispo,079,281455,2643,2283,9,2292,16
2020-08-13,San Mateo,081,765935,7650,6503,4,6507,117
2020-08-13,Santa Barbara,083,443738,8021,7129,55,7184,74
2020-08-13,Santa Clara,085,1922200,15736,13257,18,13275,182
2020-08-13,Santa Cruz,087,273765,1602,1383,13,1396,6
2020-08-13,Shasta,089,179085,560,428,3,431,9
2020-08-13,Sierra,091,2930,6,5,0,5,0
2020-08-13,Siskiyou,093,43540,116,95,0,95,0
2020-08-13,Solano,095,438530,4948,4305,32,4337,31
2020-08-13,Sonoma,097,501317,4870,3902,13,3915,45
2020-08-13,Stanislaus,099,539301,13785,11953,175,12128,136
2020-08-13,Sutter,101,95872,1136,992,1,993,8
2020-08-13,Tehama,103,63373,348,302,2,304,1
2020-08-13,Trinity,105,12862,17,6,4,10,0
2020-08-13,Tulare,107,460477,13090,11692,34,11726,210
2020-08-13,Tuolumne,109,53932,169,152,2,154,1
2020-08-13,Ventura,111,848112,9976,9114,40,9154,90
2020-08-13,Yolo,113,214977,2188,1938,4,1942,44
2020-08-13,Yuba,115,75493,698,568,2,570,1
2020-08-12,Alameda,001,1643700,16218,14214,123,14337,215
2020-08-12,Alpine,003,1148,3,2,0,2,0
2020-08-12,Amador,005,37829,256,197,0,197,8
2020-08-12,Butte,007,227075,1504,1317,13,1330,15
2020-08-12,Calaveras,009,45235,185,157,0,157,1
2020-08-12,Colusa,011,21464,421,394,0,394,5
2020-08-12,Contra Costa,013,1133247,12572,10304,39,10343,134
2020-08-12,Del Norte,015,27424,101,74,0,74,0
2020-08-12,El Dorado,017,186661,900,794,0,794,2
2020-08-12,Fresno,019,978130,24792,18690,226,18916,194
2020-08-12,Glenn,021,27897,414,388,0,388,1
2020-08-12,Humboldt,023,135768,325,281,1,282,4
2020-08-12,Imperial,025,180216,10847,8566,6,8572,167
2020-08-12,Inyo,027,18085,127,97,0,97,1
2020-08-12,Kern,029,883053,27858,25191,159,25350,232
2020-08-12,Kings,031,150075,5574,4736,30,4766,50
2020-08-12,Lake,033,64148,283,253,0,253,2
2020-08-12,Lassen,035,31185,707,651,2,653,0
2020-08-12,Los Angeles,037,10098052,224000,214542,838,215380,5119
2020-08-12,Madera,039,155013,3414,2681,15,2696,23
2020-08-12,Marin,041,260295,5829,5423,12,5435,44
2020-08-12,Mariposa,043,17540,69,61,0,61,2
2020-08-12,Mendocino,045,87422,489,386,0,386,9
2020-08-12,Merced,047,269075,7074,5777,3,5780,66
2020-08-12,Modoc,049,8938,7,5,0,5,0
2020-08-12,Mono,051,14174,161,124,1,125,1
2020-08-12,Monterey,053,433212,6862,5919,17,5936,38
2020-08-12,Napa,055,140530,1327,1161,2,1163,10
2020-08-12,Nevada,057,99092,396,357,12,369,1
2020-08-12,Orange,059,3164182,47126,41576,982,42558,754
2020-08-12,Placer,061,380077,2717,2417,2,2419,25
2020-08-12,Plumas,063,18699,38,31,0,31,0
2020-08-12,Riverside,065,2383286,49535,44747,32,44779,867
2020-08-12,Sacramento,067,1510023,15627,12528,8,12536,189
2020-08-12,San Benito,069,59416,855,751,0,751,2
2020-08-12,San Bernardino,071,2135413,45084,38811,121,38932,589
2020-08-12,San Diego,073,3302833,35695,33395,138,33533,608
2020-08-12,San Francisco,075,870044,8487,7194,8,7202,66
2020-08-12,San Joaquin,077,732212,16691,14154,25,14179,253
2020-08-12,San Luis Obispo,079,281455,2618,2263,9,2272,15
2020-08-12,San Mateo,081,765935,7572,6427,4,6431,117
2020-08-12,Santa Barbara,083,443738,7961,7049,53,7102,74
2020-08-12,Santa Clara,085,1922200,15560,13002,18,13020,182
2020-08-12,Santa Cruz,087,273765,1573,1382,12,1394,6
2020-08-12,Shasta,089,179085,556,417,3,420,9
2020-08-12,Sierra,091,2930,5,4,0,4,0
2020-08-12,Siskiyou,093,43540,115,90,0,90,0
2020-08-12,Solano,095,438530,4903,4258,32,4290,31
2020-08-12,Sonoma,097,501317,4796,3847,13,3860,47
2020-08-12,Stanislaus,099,539301,13647,11682,166,11848,136
2020-08-12,Sutter,101,95872,1112,987,1,988,7
2020-08-12,Tehama,103,63373,338,289,2,291,1
2020-08-12,Trinity,105,12862,16,6,4,10,0
2020-08-12,Tulare,107,460477,12962,11460,34,11494,211
2020-08-12,Tuolumne,109,53932,168,150,2,152,1
2020-08-12,Ventura,111,848112,9891,9005,39,9044,87
2020-08-12,Yolo,113,214977,2164,1921,4,1925,44
2020-08-12,Yuba,115,75493,676,549,1,550,1
2020-08-11,Alameda,001,1643700,15960,13960,120,14080,204
2020-08-11,Alpine,003,1148,3,2,0,2,0
2020-08-11,Amador,005,37829,250,187,0,187,3
2020-08-11,Butte,007,227075,1477,1296,13,1309,15
2020-08-11,Calaveras,009,45235,183,161,0,161,1
2020-08-11,Colusa,011,21464,416,390,0,390,5
2020-08-11,Contra Costa,013,1133247,12383,10012,37,10049,131
2020-08-11,Del Norte,015,27424,100,73,0,73,0
2020-08-11,El Dorado,017,186661,893,786,0,786,2
2020-08-11,Fresno,019,978130,24471,18344,223,18567,187
2020-08-11,Glenn,021,27897,412,380,0,380,1
2020-08-11,Humboldt,023,135768,320,283,1,284,4
2020-08-11,Imperial,025,180216,10791,8518,6,8524,165
2020-08-11,Inyo,027,18085,122,97,0,97,1
2020-08-11,Kern,029,883053,27524,25042,156,25198,230
2020-08-11,Kings,031,150075,5388,4696,30,4726,50
2020-08-11,Lake,033,64148,280,243,0,243,2
2020-08-11,Lassen,035,31185,701,605,2,607,0
2020-08-11,Los Angeles,037,10098052,222499,212421,813,213234,5065
2020-08-11,Madera,039,155013,3360,2673,15,2688,22
2020-08-11,Marin,041,260295,5801,5287,11,5298,44
2020-08-11,Mariposa,043,17540,68,60,0,60,2
2020-08-11,Mendocino,045,87422,479,385,0,385,9
2020-08-11,Merced,047,269075,6979,5322,2,5324,65
2020-08-11,Modoc,049,8938,7,5,0,5,0
2020-08-11,Mono,051,14174,161,124,1,125,1
2020-08-11,Monterey,053,433212,6754,5624,17,5641,36
2020-08-11,Napa,055,140530,1316,1143,1,1144,11
2020-08-11,Nevada,057,99092,393,358,12,370,1
2020-08-11,Orange,059,3164182,46906,41205,959,42164,742
2020-08-11,Placer,061,380077,2685,2393,2,2395,24
2020-08-11,Plumas,063,18699,38,31,0,31,0
2020-08-11,Riverside,065,2383286,49176,44237,32,44269,836
2020-08-11,Sacramento,067,1510023,15336,12298,7,12305,182
2020-08-11,San Benito,069,59416,843,750,0,750,2
2020-08-11,San Bernardino,071,2135413,44743,38467,115,38582,584
2020-08-11,San Diego,073,3302833,35428,33159,119,33278,602
2020-08-11,San Francisco,075,870044,8391,6988,8,6996,66
2020-08-11,San Joaquin,077,732212,16514,13997,20,14017,251
2020-08-11,San Luis Obispo,079,281455,2561,2234,9,2243,15
2020-08-11,San Mateo,081,765935,7497,6339,4,6343,117
2020-08-11,Santa Barbara,083,443738,7911,6942,53,6995,70
2020-08-11,Santa Clara,085,1922200,15339,12920,18,12938,183
2020-08-11,Santa Cruz,087,273765,1550,1352,12,1364,4
2020-08-11,Shasta,089,179085,552,416,3,419,9
2020-08-11,Sierra,091,2930,5,4,0,4,0
2020-08-11,Siskiyou,093,43540,115,90,0,90,0
2020-08-11,Solano,095,438530,4855,4206,31,4237,31
2020-08-11,Sonoma,097,501317,4702,3752,13,3765,45
2020-08-11,Stanislaus,099,539301,13543,11592,154,11746,128
2020-08-11,Sutter,101,95872,1090,964,1,965,7
2020-08-11,Tehama,103,63373,334,289,2,291,1
2020-08-11,Trinity,105,12862,16,5,4,9,0
2020-08-11,Tulare,107,460477,12837,11392,33,11425,201
2020-08-11,Tuolumne,109,53932,164,146,2,148,1
2020-08-11,Ventura,111,848112,9823,8953,38,8991,88
2020-08-11,Yolo,113,214977,2142,1912,4,1916,44
2020-08-11,Yuba,115,75493,665,540,1,541,1
2020-08-10,Alameda,001,1643700,15718,13420,119,13539,203
2020-08-10,Alpine,003,1148,3,2,0,2,0
2020-08-10,Amador,005,37829,249,172,0,172,2
2020-08-10,Butte,007,227075,1453,1174,12,1186,15
2020-08-10,Calaveras,009,45235,173,121,0,121,1
2020-08-10,Colusa,011,21464,414,387,0,387,4
2020-08-10,Contra Costa,013,1133247,12230,9454,35,9489,130
2020-08-10,Del Norte,015,27424,98,69,0,69,0
2020-08-10,El Dorado,017,186661,881,771,0,771,2
2020-08-10,Fresno,019,978130,24190,17978,222,18200,183
2020-08-10,Glenn,021,27897,409,381,0,381,1
2020-08-10,Humboldt,023,135768,314,277,1,278,4
2020-08-10,Imperial,025,180216,10747,8465,6,8471,165
2020-08-10,Inyo,027,18085,122,97,0,97,1
2020-08-10,Kern,029,883053,27298,24499,155,24654,215
2020-08-10,Kings,031,150075,5282,4588,30,4618,50
2020-08-10,Lake,033,64148,273,239,0,239,2
2020-08-10,Lassen,035,31185,701,588,2,590,0
2020-08-10,Los Angeles,037,10098052,220914,211035,795,211830,5003
2020-08-10,Madera,039,155013,3327,2365,14,2379,22
2020-08-10,Marin,041,260295,5756,5242,10,5252,44
2020-08-10,Mariposa,043,17540,68,57,0,57,2
2020-08-10,Mendocino,045,87422,455,364,0,364,1
2020-08-10,Merced,047,269075,6898,4913,2,4915,51
2020-08-10,Modoc,049,8938,7,5,0,5,0
2020-08-10,Mono,051,14174,161,123,1,124,1
2020-08-10,Monterey,053,433212,6644,5358,17,5375,34
2020-08-10,Napa,055,140530,1298,1084,1,1085,8
2020-08-10,Nevada,057,99092,385,356,12,368,1
2020-08-10,Orange,059,3164182,46638,40445,941,41386,721
2020-08-10,Placer,061,380077,2646,2298,2,2300,21
2020-08-10,Plumas,063,18699,38,27,0,27,0
2020-08-10,Riverside,065,2383286,48790,43296,31,43327,830
2020-08-10,Sacramento,067,1510023,15025,12059,7,12066,168
2020-08-10,San Benito,069,59416,830,743,0,743,2
2020-08-10,San Bernardino,071,2135413,44366,37367,106,37473,579
2020-08-10,San Diego,073,3302833,35162,32977,103,33080,594
2020-08-10,San Francisco,075,870044,8301,6816,7,6823,66
2020-08-10,San Joaquin,077,732212,16332,13308,20,13328,240
2020-08-10,San Luis Obispo,079,281455,2462,2208,9,2217,15
2020-08-10,San Mateo,081,765935,7420,6222,4,6226,117
2020-08-10,Santa Barbara,083,443738,7856,6869,53,6922,66
2020-08-10,Santa Clara,085,1922200,15079,12615,18,12633,182
2020-08-10,Santa Cruz,087,273765,1530,1239,11,1250,4
2020-08-10,Shasta,089,179085,548,384,3,387,9
2020-08-10,Sierra,091,2930,5,3,0,3,0
2020-08-10,Siskiyou,093,43540,112,88,0,88,0
2020-08-10,Solano,095,438530,4795,4101,31,4132,31
2020-08-10,Sonoma,097,501317,4533,3640,9,3649,42
2020-08-10,Stanislaus,099,539301,13361,10855,137,10992,106
2020-08-10,Sutter,101,95872,1065,865,1,866,7
2020-08-10,Tehama,103,63373,327,282,2,284,1
2020-08-10,Trinity,105,12862,14,5,4,9,0
2020-08-10,Tulare,107,460477,12664,10750,31,10781,194
2020-08-10,Tuolumne,109,53932,164,143,1,144,1
2020-08-10,Ventura,111,848112,9739,8851,37,8888,85
2020-08-10,Yolo,113,214977,2119,1840,4,1844,45
2020-08-10,Yuba,115,75493,648,527,1,528,1
2020-08-09,Alameda,001,1643700,15439,13241,117,13358,203
2020-08-09,Alpine,003,1148,3,2,0,2,0
2020-08-09,Amador,005,37829,244,153,0,153,2
2020-08-09,Butte,007,227075,1409,1155,12,1167,15
2020-08-09,Calaveras,009,45235,168,122,0,122,1
2020-08-09,Colusa,011,21464,410,371,0,371,4
2020-08-09,Contra Costa,013,1133247,12003,9214,33,9247,130
2020-08-09,Del Norte,015,27424,98,69,0,69,0
2020-08-09,El Dorado,017,186661,873,748,0,748,2
2020-08-09,Fresno,019,978130,23882,17846,218,18064,183
2020-08-09,Glenn,021,27897,407,354,0,354,1
2020-08-09,Humboldt,023,135768,308,279,1,280,4
2020-08-09,Imperial,025,180216,10703,8310,5,8315,165
2020-08-09,Inyo,027,18085,117,86,0,86,1
2020-08-09,Kern,029,883053,27042,23680,155,23835,215
2020-08-09,Kings,031,150075,5239,4446,29,4475,50
2020-08-09,Lake,033,64148,266,225,0,225,2
2020-08-09,Lassen,035,31185,695,589,2,591,0
2020-08-09,Los Angeles,037,10098052,218848,208810,772,209582,4984
2020-08-09,Madera,039,155013,3268,2322,10,2332,22
2020-08-09,Marin,041,260295,5713,5204,10,5214,44
2020-08-09,Mariposa,043,17540,66,56,0,56,2
2020-08-09,Mendocino,045,87422,445,283,0,283,1
2020-08-09,Merced,047,269075,6800,4735,1,4736,51
2020-08-09,Modoc,049,8938,7,4,0,4,0
2020-08-09,Mono,051,14174,160,113,1,114,1
2020-08-09,Monterey,053,433212,6520,5199,17,5216,34
2020-08-09,Napa,055,140530,1279,1062,1,1063,8
2020-08-09,Nevada,057,99092,377,332,12,344,1
2020-08-09,Orange,059,3164182,46339,39244,926,40170,722
2020-08-09,Placer,061,380077,2618,2211,2,2213,20
2020-08-09,Plumas,063,18699,38,27,0,27,0
2020-08-09,Riverside,065,2383286,48446,41894,30,41924,828
2020-08-09,Sacramento,067,1510023,14745,11301,7,11308,167
2020-08-09,San Benito,069,59416,811,687,0,687,2
2020-08-09,San Bernardino,071,2135413,43891,36092,106,36198,579
2020-08-09,San Diego,073,3302833,34871,32749,92,32841,594
2020-08-09,San Francisco,075,870044,8186,6820,7,6827,66
2020-08-09,San Joaquin,077,732212,16127,12933,19,12952,240
2020-08-09,San Luis Obispo,079,281455,2426,2124,9,2133,15
2020-08-09,San Mateo,081,765935,7325,6094,4,6098,117
2020-08-09,Santa Barbara,083,443738,7769,6669,53,6722,66
2020-08-09,Santa Clara,085,1922200,14809,11878,18,11896,181
2020-08-09,Santa Cruz,087,273765,1506,1246,11,1257,4
2020-08-09,Shasta,089,179085,544,361,3,364,9
2020-08-09,Sierra,091,2930,5,3,0,3,0
2020-08-09,Siskiyou,093,43540,111,74,0,74,0
2020-08-09,Solano,095,438530,4742,3954,30,3984,31
2020-08-09,Sonoma,097,501317,4397,3531,7,3538,41
2020-08-09,Stanislaus,099,539301,13153,10264,124,10388,106
2020-08-09,Sutter,101,95872,1031,857,1,858,7
2020-08-09,Tehama,103,63373,319,265,2,267,1
2020-08-09,Trinity,105,12862,14,5,4,9,0
2020-08-09,Tulare,107,460477,12472,10630,28,10658,194
2020-08-09,Tuolumne,109,53932,161,143,1,144,1
2020-08-09,Ventura,111,848112,9592,8633,36,8669,85
2020-08-09,Yolo,113,214977,2088,1765,4,1769,44
2020-08-09,Yuba,115,75493,628,442,1,443,1
2020-08-08,Alameda,001,1643700,15329,13087,117,13204,204
2020-08-08,Alpine,003,1148,3,2,0,2,0
2020-08-08,Amador,005,37829,244,139,0,139,2
2020-08-08,Butte,007,227075,1391,1140,12,1152,15
2020-08-08,Calaveras,009,45235,167,122,0,122,1
2020-08-08,Colusa,011,21464,409,368,0,368,4
2020-08-08,Contra Costa,013,1133247,11894,9104,33,9137,129
2020-08-08,Del Norte,015,27424,97,69,0,69,0
2020-08-08,El Dorado,017,186661,866,734,0,734,2
2020-08-08,Fresno,019,978130,23746,17538,216,17754,183
2020-08-08,Glenn,021,27897,407,344,0,344,1
2020-08-08,Humboldt,023,135768,305,277,1,278,4
2020-08-08,Imperial,025,180216,10688,8213,5,8218,165
2020-08-08,Inyo,027,18085,113,86,0,86,1
2020-08-08,Kern,029,883053,26928,22803,155,22958,215
2020-08-08,Kings,031,150075,5225,4367,29,4396,49
2020-08-08,Lake,033,64148,264,221,0,221,2
2020-08-08,Lassen,035,31185,695,589,2,591,0
2020-08-08,Los Angeles,037,10098052,217960,206971,761,207732,4974
2020-08-08,Madera,039,155013,3237,2275,10,2285,22
2020-08-08,Marin,041,260295,5693,5118,10,5128,44
2020-08-08,Mariposa,043,17540,65,55,0,55,2
2020-08-08,Mendocino,045,87422,443,264,0,264,1
2020-08-08,Merced,047,269075,6760,4570,1,4571,51
2020-08-08,Modoc,049,8938,7,4,0,4,0
2020-08-08,Mono,051,14174,160,113,1,114,1
2020-08-08,Monterey,053,433212,6462,5101,17,5118,33
2020-08-08,Napa,055,140530,1271,1062,1,1063,8
2020-08-08,Nevada,057,99092,375,325,12,337,1
2020-08-08,Orange,059,3164182,46213,38688,917,39605,718
2020-08-08,Placer,061,380077,2601,2153,2,2155,20
2020-08-08,Plumas,063,18699,38,27,0,27,0
2020-08-08,Riverside,065,2383286,48242,41412,30,41442,823
2020-08-08,Sacramento,067,1510023,14616,11144,7,11151,166
2020-08-08,San Benito,069,59416,803,684,0,684,2
2020-08-08,San Bernardino,071,2135413,43695,35691,105,35796,531
2020-08-08,San Diego,073,3302833,34682,32332,83,32415,593
2020-08-08,San Francisco,075,870044,8120,6820,7,6827,66
2020-08-08,San Joaquin,077,732212,16046,12559,18,12577,240
2020-08-08,San Luis Obispo,079,281455,2403,2081,9,2090,15
2020-08-08,San Mateo,081,765935,7266,6021,4,6025,117
2020-08-08,Santa Barbara,083,443738,7731,6598,53,6651,66
2020-08-08,Santa Clara,085,1922200,14657,11615,18,11633,181
2020-08-08,Santa Cruz,087,273765,1492,1247,11,1258,4
2020-08-08,Shasta,089,179085,542,343,3,346,9
2020-08-08,Sierra,091,2930,5,3,0,3,0
2020-08-08,Siskiyou,093,43540,111,73,0,73,0
2020-08-08,Solano,095,438530,4721,3889,29,3918,31
2020-08-08,Sonoma,097,501317,4365,3399,7,3406,41
2020-08-08,Stanislaus,099,539301,13078,9963,118,10081,105
2020-08-08,Sutter,101,95872,1021,830,1,831,7
2020-08-08,Tehama,103,63373,318,251,2,253,1
2020-08-08,Trinity,105,12862,14,5,4,9,0
2020-08-08,Tulare,107,460477,12396,10505,28,10533,192
2020-08-08,Tuolumne,109,53932,161,143,1,144,1
2020-08-08,Ventura,111,848112,9538,8462,35,8497,85
2020-08-08,Yolo,113,214977,2075,1725,4,1729,44
2020-08-08,Yuba,115,75493,619,430,1,431,1
2020-08-07,Alameda,001,1643700,15220,12805,117,12922,204
2020-08-07,Alpine,003,1148,3,2,0,2,0
2020-08-07,Amador,005,37829,242,125,0,125,2
2020-08-07,Butte,007,227075,1373,1092,12,1104,13
2020-08-07,Calaveras,009,45235,167,119,0,119,1
2020-08-07,Colusa,011,21464,408,358,0,358,4
2020-08-07,Contra Costa,013,1133247,11745,8810,33,8843,126
2020-08-07,Del Norte,015,27424,97,69,0,69,0
2020-08-07,El Dorado,017,186661,861,724,0,724,2
2020-08-07,Fresno,019,978130,23586,17290,216,17506,171
2020-08-07,Glenn,021,27897,406,339,0,339,1
2020-08-07,Humboldt,023,135768,301,274,1,275,4
2020-08-07,Imperial,025,180216,10663,8085,5,8090,164
2020-08-07,Inyo,027,18085,112,81,0,81,1
2020-08-07,Kern,029,883053,26802,22143,152,22295,206
2020-08-07,Kings,031,150075,5208,4315,29,4344,48
2020-08-07,Lake,033,64148,262,215,0,215,1
2020-08-07,Lassen,035,31185,694,588,2,590,0
2020-08-07,Los Angeles,037,10098052,216502,204406,749,205155,4924
2020-08-07,Madera,039,155013,3205,2245,10,2255,20
2020-08-07,Marin,041,260295,5664,5094,10,5104,43
2020-08-07,Mariposa,043,17540,65,53,0,53,2
2020-08-07,Mendocino,045,87422,429,262,0,262,1
2020-08-07,Merced,047,269075,6717,4358,1,4359,30
2020-08-07,Modoc,049,8938,7,4,0,4,0
2020-08-07,Mono,051,14174,160,112,1,113,1
2020-08-07,Monterey,053,433212,6387,5041,17,5058,33
2020-08-07,Napa,055,140530,1266,1055,1,1056,8
2020-08-07,Nevada,057,99092,372,324,12,336,1
2020-08-07,Orange,059,3164182,46001,38459,900,39359,701
2020-08-07,Placer,061,380077,2584,2078,2,2080,20
2020-08-07,Plumas,063,18699,38,25,0,25,0
2020-08-07,Riverside,065,2383286,47978,40902,29,40931,810
2020-08-07,Sacramento,067,1510023,14471,10798,7,10805,160
2020-08-07,San Benito,069,59416,797,647,0,647,2
2020-08-07,San Bernardino,071,2135413,43449,35200,104,35304,524
2020-08-07,San Diego,073,3302833,34497,31781,80,31861,586
2020-08-07,San Francisco,075,870044,8042,6765,7,6772,66
2020-08-07,San Joaquin,077,732212,15962,12392,18,12410,223
2020-08-07,San Luis Obispo,079,281455,2372,2050,9,2059,14
2020-08-07,San Mateo,081,765935,7207,5948,4,5952,117
2020-08-07,Santa Barbara,083,443738,7680,6509,53,6562,66
2020-08-07,Santa Clara,085,1922200,14458,11409,18,11427,180
2020-08-07,Santa Cruz,087,273765,1474,1234,11,1245,5
2020-08-07,Shasta,089,179085,537,342,3,345,9
2020-08-07,Sierra,091,2930,5,3,0,3,0
2020-08-07,Siskiyou,093,43540,108,73,0,73,0
2020-08-07,Solano,095,438530,4689,3844,28,3872,31
2020-08-07,Sonoma,097,501317,4301,3329,7,3336,34
2020-08-07,Stanislaus,099,539301,12957,9665,107,9772,98
2020-08-07,Sutter,101,95872,1017,807,1,808,6
2020-08-07,Tehama,103,63373,314,246,2,248,1
2020-08-07,Trinity,105,12862,13,5,4,9,0
2020-08-07,Tulare,107,460477,12319,10292,28,10320,195
2020-08-07,Tuolumne,109,53932,160,136,1,137,1
2020-08-07,Ventura,111,848112,9478,8356,33,8389,84
2020-08-07,Yolo,113,214977,2049,1689,4,1693,37
2020-08-07,Yuba,115,75493,614,413,1,414,1
2020-08-06,Alameda,001,1643700,14998,12474,116,12590,200
2020-08-06,Alpine,003,1148,3,2,0,2,0
2020-08-06,Amador,005,37829,228,125,0,125,0
2020-08-06,Butte,007,227075,1354,1060,12,1072,13
2020-08-06,Calaveras,009,45235,165,117,0,117,1
2020-08-06,Colusa,011,21464,405,358,0,358,3
2020-08-06,Contra Costa,013,1133247,11551,8583,32,8615,124
2020-08-06,Del Norte,015,27424,97,69,0,69,0
2020-08-06,El Dorado,017,186661,850,703,0,703,1
2020-08-06,Fresno,019,978130,23291,17031,208,17239,161
2020-08-06,Glenn,021,27897,401,332,0,332,1
2020-08-06,Humboldt,023,135768,296,266,1,267,4
2020-08-06,Imperial,025,180216,10620,8064,5,8069,163
2020-08-06,Inyo,027,18085,104,83,0,83,1
2020-08-06,Kern,029,883053,26566,21843,151,21994,197
2020-08-06,Kings,031,150075,5148,4264,27,4291,47
2020-08-06,Lake,033,64148,259,209,0,209,1
2020-08-06,Lassen,035,31185,692,588,2,590,0
2020-08-06,Los Angeles,037,10098052,214422,201372,732,202104,4874
2020-08-06,Madera,039,155013,3157,2240,9,2249,19
2020-08-06,Marin,041,260295,5632,5058,10,5068,43
2020-08-06,Mariposa,043,17540,64,52,0,52,2
2020-08-06,Mendocino,045,87422,415,260,0,260,1
2020-08-06,Merced,047,269075,6616,4235,1,4236,30
2020-08-06,Modoc,049,8938,7,4,0,4,0
2020-08-06,Mono,051,14174,159,111,1,112,1
2020-08-06,Monterey,053,433212,6278,5001,16,5017,33
2020-08-06,Napa,055,140530,1252,1032,1,1033,8
2020-08-06,Nevada,057,99092,367,321,12,333,1
2020-08-06,Orange,059,3164182,45709,38399,895,39294,694
2020-08-06,Placer,061,380077,2557,2045,2,2047,20
2020-08-06,Plumas,063,18699,37,25,0,25,0
2020-08-06,Riverside,065,2383286,47583,40269,29,40298,781
2020-08-06,Sacramento,067,1510023,14242,10548,7,10555,153
2020-08-06,San Benito,069,59416,789,626,0,626,2
2020-08-06,San Bernardino,071,2135413,43046,34819,101,34920,516
2020-08-06,San Diego,073,3302833,34230,31129,73,31202,583
2020-08-06,San Francisco,075,870044,7949,6737,6,6743,60
2020-08-06,San Joaquin,077,732212,15803,12269,18,12287,203
2020-08-06,San Luis Obispo,079,281455,2348,2000,9,2009,13
2020-08-06,San Mateo,081,765935,7107,5885,4,5889,117
2020-08-06,Santa Barbara,083,443738,7620,6620,53,6673,65
2020-08-06,Santa Clara,085,1922200,14229,11280,18,11298,178
2020-08-06,Santa Cruz,087,273765,1453,1215,11,1226,4
2020-08-06,Shasta,089,179085,528,343,3,346,9
2020-08-06,Sierra,091,2930,5,3,0,3,0
2020-08-06,Siskiyou,093,43540,108,73,0,73,0
2020-08-06,Solano,095,438530,4646,3784,28,3812,29
2020-08-06,Sonoma,097,501317,4237,3259,7,3266,33
2020-08-06,Stanislaus,099,539301,12808,9566,90,9656,98
2020-08-06,Sutter,101,95872,986,797,1,798,6
2020-08-06,Tehama,103,63373,311,242,2,244,1
2020-08-06,Trinity,105,12862,11,5,4,9,0
2020-08-06,Tulare,107,460477,12160,10169,28,10197,195
2020-08-06,Tuolumne,109,53932,159,136,1,137,1
2020-08-06,Ventura,111,848112,9367,8245,30,8275,80
2020-08-06,Yolo,113,214977,2025,1662,4,1666,36
2020-08-06,Yuba,115,75493,605,407,0,407,1
2020-08-05,Alameda,001,1643700,14785,12140,115,12255,193
2020-08-05,Alpine,003,1148,3,2,0,2,0
2020-08-05,Amador,005,37829,218,123,0,123,0
2020-08-05,Butte,007,227075,1320,1038,12,1050,13
2020-08-05,Calaveras,009,45235,162,116,0,116,1
2020-08-05,Colusa,011,21464,401,354,0,354,3
2020-08-05,Contra Costa,013,1133247,11387,8362,32,8394,122
2020-08-05,Del Norte,015,27424,96,69,0,69,0
2020-08-05,El Dorado,017,186661,842,692,0,692,1
2020-08-05,Fresno,019,978130,23049,16625,201,16826,159
2020-08-05,Glenn,021,27897,398,330,0,330,1
2020-08-05,Humboldt,023,135768,294,249,1,250,4
2020-08-05,Imperial,025,180216,10585,8036,5,8041,163
2020-08-05,Inyo,027,18085,102,62,0,62,1
2020-08-05,Kern,029,883053,26378,21540,146,21686,194
2020-08-05,Kings,031,150075,5103,4192,25,4217,47
2020-08-05,Lake,033,64148,252,209,0,209,1
2020-08-05,Lassen,035,31185,645,557,2,559,0
2020-08-05,Los Angeles,037,10098052,212504,198355,711,199066,4832
2020-08-05,Madera,039,155013,3115,2172,9,2181,19
2020-08-05,Marin,041,260295,5600,5036,10,5046,43
2020-08-05,Mariposa,043,17540,64,52,0,52,2
2020-08-05,Mendocino,045,87422,403,248,0,248,1
2020-08-05,Merced,047,269075,6481,4119,1,4120,30
2020-08-05,Modoc,049,8938,7,3,0,3,0
2020-08-05,Mono,051,14174,159,104,1,105,1
2020-08-05,Monterey,053,433212,6163,4936,16,4952,32
2020-08-05,Napa,055,140530,1240,1020,1,1021,8
2020-08-05,Nevada,057,99092,358,327,12,339,2
2020-08-05,Orange,059,3164182,45400,37907,888,38795,663
2020-08-05,Placer,061,380077,2516,1989,2,1991,18
2020-08-05,Plumas,063,18699,36,25,0,25,0
2020-08-05,Riverside,065,2383286,47192,39454,27,39481,761
2020-08-05,Sacramento,067,1510023,14023,10261,6,10267,151
2020-08-05,San Benito,069,59416,780,613,0,613,2
2020-08-05,San Bernardino,071,2135413,42583,34442,96,34538,504
2020-08-05,San Diego,073,3302833,34006,30866,57,30923,578
2020-08-05,San Francisco,075,870044,7856,6701,6,6707,60
2020-08-05,San Joaquin,077,732212,15640,12148,18,12166,199
2020-08-05,San Luis Obispo,079,281455,2325,1928,9,1937,13
2020-08-05,San Mateo,081,765935,7011,5695,4,5699,116
2020-08-05,Santa Barbara,083,443738,7559,6597,53,6650,63
2020-08-05,Santa Clara,085,1922200,13994,11074,18,11092,176
2020-08-05,Santa Cruz,087,273765,1433,1192,9,1201,4
2020-08-05,Shasta,089,179085,522,338,3,341,9
2020-08-05,Sierra,091,2930,5,3,0,3,0
2020-08-05,Siskiyou,093,43540,104,72,0,72,0
2020-08-05,Solano,095,438530,4595,3750,27,3777,29
2020-08-05,Sonoma,097,501317,4155,3173,7,3180,33
2020-08-05,Stanislaus,099,539301,12649,9408,85,9493,97
2020-08-05,Sutter,101,95872,975,780,1,781,6
2020-08-05,Tehama,103,63373,308,231,2,233,1
2020-08-05,Trinity,105,12862,11,5,4,9,0
2020-08-05,Tulare,107,460477,12020,9924,28,9952,192
2020-08-05,Tuolumne,109,53932,159,137,1,138,0
2020-08-05,Ventura,111,848112,9259,8162,27,8189,75
2020-08-05,Yolo,113,214977,1997,1634,4,1638,36
2020-08-05,Yuba,115,75493,588,400,0,400,1
2020-08-04,Alameda,001,1643700,14568,11983,114,12097,192
2020-08-04,Alpine,003,1148,3,2,0,2,0
2020-08-04,Amador,005,37829,203,123,0,123,0
2020-08-04,Butte,007,227075,1296,1011,12,1023,10
2020-08-04,Calaveras,009,45235,158,116,0,116,1
2020-08-04,Colusa,011,21464,396,354,0,354,3
2020-08-04,Contra Costa,013,1133247,11221,8210,32,8242,122
2020-08-04,Del Norte,015,27424,94,69,0,69,0
2020-08-04,El Dorado,017,186661,832,668,0,668,1
2020-08-04,Fresno,019,978130,22765,16272,193,16465,154
2020-08-04,Glenn,021,27897,397,325,0,325,1
2020-08-04,Humboldt,023,135768,284,241,1,242,4
2020-08-04,Imperial,025,180216,10548,7974,5,7979,163
2020-08-04,Inyo,027,18085,88,59,0,59,1
2020-08-04,Kern,029,883053,26094,21403,146,21549,190
2020-08-04,Kings,031,150075,5041,4163,25,4188,47
2020-08-04,Lake,033,64148,252,206,0,206,1
2020-08-04,Lassen,035,31185,642,556,2,558,0
2020-08-04,Los Angeles,037,10098052,210543,196014,680,196694,4764
2020-08-04,Madera,039,155013,3072,2161,4,2165,19
2020-08-04,Marin,041,260295,5569,5020,9,5029,43
2020-08-04,Mariposa,043,17540,64,51,0,51,2
2020-08-04,Mendocino,045,87422,378,248,0,248,1
2020-08-04,Merced,047,269075,6367,4085,1,4086,30
2020-08-04,Modoc,049,8938,7,3,0,3,0
2020-08-04,Mono,051,14174,158,104,0,104,1
2020-08-04,Monterey,053,433212,6049,4892,16,4908,32
2020-08-04,Napa,055,140530,1227,994,0,994,8
2020-08-04,Nevada,057,99092,357,322,12,334,2
2020-08-04,Orange,059,3164182,45026,37844,883,38727,659
2020-08-04,Placer,061,380077,2477,1964,2,1966,17
2020-08-04,Plumas,063,18699,36,25,0,25,0
2020-08-04,Riverside,065,2383286,46807,38991,26,39017,743
2020-08-04,Sacramento,067,1510023,13806,10205,6,10211,146
2020-08-04,San Benito,069,59416,764,608,0,608,2
2020-08-04,San Bernardino,071,2135413,42037,34215,92,34307,495
2020-08-04,San Diego,073,3302833,33713,30518,45,30563,568
2020-08-04,San Francisco,075,870044,7769,6568,6,6574,60
2020-08-04,San Joaquin,077,732212,15511,12087,15,12102,189
2020-08-04,San Luis Obispo,079,281455,2295,1886,9,1895,13
2020-08-04,San Mateo,081,765935,6905,5690,4,5694,116
2020-08-04,Santa Barbara,083,443738,7499,6591,53,6644,61
2020-08-04,Santa Clara,085,1922200,13694,10986,18,11004,175
2020-08-04,Santa Cruz,087,273765,1414,1202,9,1211,4
2020-08-04,Shasta,089,179085,516,335,3,338,9
2020-08-04,Sierra,091,2930,5,1,0,1,0
2020-08-04,Siskiyou,093,43540,102,71,0,71,0
2020-08-04,Solano,095,438530,4524,3690,27,3717,29
2020-08-04,Sonoma,097,501317,4088,3108,7,3115,33
2020-08-04,Stanislaus,099,539301,12480,9359,77,9436,97
2020-08-04,Sutter,101,95872,961,761,1,762,6
2020-08-04,Tehama,103,63373,301,226,2,228,1
2020-08-04,Trinity,105,12862,11,5,4,9,0
2020-08-04,Tulare,107,460477,11840,9866,28,9894,192
2020-08-04,Tuolumne,109,53932,158,127,1,128,0
2020-08-04,Ventura,111,848112,9150,8134,25,8159,75
2020-08-04,Yolo,113,214977,1971,1626,4,1630,37
2020-08-04,Yuba,115,75493,573,398,0,398,1
2020-08-03,Alameda,001,1643700,14385,11817,110,11927,189
2020-08-03,Alpine,003,1148,3,2,0,2,0
2020-08-03,Amador,005,37829,199,119,0,119,0
2020-08-03,Butte,007,227075,1250,989,11,1000,9
2020-08-03,Calaveras,009,45235,155,117,0,117,1
2020-08-03,Colusa,011,21464,392,336,0,336,2
2020-08-03,Contra Costa,013,1133247,11025,8069,28,8097,120
2020-08-03,Del Norte,015,27424,90,68,0,68,0
2020-08-03,El Dorado,017,186661,821,645,0,645,1
2020-08-03,Fresno,019,978130,22471,15945,187,16132,151
2020-08-03,Glenn,021,27897,390,316,0,316,1
2020-08-03,Humboldt,023,135768,277,234,1,235,4
2020-08-03,Imperial,025,180216,10494,7953,5,7958,161
2020-08-03,Inyo,027,18085,85,57,0,57,1
2020-08-03,Kern,029,883053,25727,21285,139,21424,176
2020-08-03,Kings,031,150075,4929,4107,25,4132,47
2020-08-03,Lake,033,64148,245,201,0,201,1
2020-08-03,Lassen,035,31185,642,555,2,557,0
2020-08-03,Los Angeles,037,10098052,208500,194103,649,194752,4706
2020-08-03,Madera,039,155013,3023,2143,3,2146,18
2020-08-03,Marin,041,260295,5522,5001,9,5010,43
2020-08-03,Mariposa,043,17540,63,52,0,52,2
2020-08-03,Mendocino,045,87422,355,248,0,248,1
2020-08-03,Merced,047,269075,6245,4028,1,4029,29
2020-08-03,Modoc,049,8938,7,2,0,2,0
2020-08-03,Mono,051,14174,158,104,0,104,1
2020-08-03,Monterey,053,433212,5898,4806,13,4819,28
2020-08-03,Napa,055,140530,1212,973,0,973,8
2020-08-03,Nevada,057,99092,352,315,12,327,2
2020-08-03,Orange,059,3164182,44631,37705,874,38579,651
2020-08-03,Placer,061,380077,2422,1947,1,1948,16
2020-08-03,Plumas,063,18699,36,25,0,25,0
2020-08-03,Riverside,065,2383286,46339,38642,26,38668,740
2020-08-03,Sacramento,067,1510023,13612,10143,6,10149,142
2020-08-03,San Benito,069,59416,752,603,0,603,2
2020-08-03,San Bernardino,071,2135413,41510,33979,89,34068,444
2020-08-03,San Diego,073,3302833,33400,30228,35,30263,565
2020-08-03,San Francisco,075,870044,7675,6319,6,6325,60
2020-08-03,San Joaquin,077,732212,15313,12007,14,12021,189
2020-08-03,San Luis Obispo,079,281455,2253,1863,6,1869,14
2020-08-03,San Mateo,081,765935,6824,5661,4,5665,115
2020-08-03,Santa Barbara,083,443738,7455,6580,53,6633,59
2020-08-03,Santa Clara,085,1922200,13418,10747,18,10765,172
2020-08-03,Santa Cruz,087,273765,1394,1154,9,1163,4
2020-08-03,Shasta,089,179085,509,322,3,325,9
2020-08-03,Sierra,091,2930,5,1,0,1,0
2020-08-03,Siskiyou,093,43540,98,67,0,67,0
2020-08-03,Solano,095,438530,4455,3610,26,3636,29
2020-08-03,Sonoma,097,501317,3989,3079,6,3085,33
2020-08-03,Stanislaus,099,539301,12273,9308,69,9377,96
2020-08-03,Sutter,101,95872,937,713,1,714,6
2020-08-03,Tehama,103,63373,293,225,2,227,1
2020-08-03,Trinity,105,12862,11,5,4,9,0
2020-08-03,Tulare,107,460477,11656,9703,28,9731,188
2020-08-03,Tuolumne,109,53932,158,123,1,124,0
2020-08-03,Ventura,111,848112,9064,8084,23,8107,74
2020-08-03,Yolo,113,214977,1936,1598,3,1601,37
2020-08-03,Yuba,115,75493,549,393,0,393,1
2020-08-02,Alameda,001,1643700,14141,11696,96,11792,188
2020-08-02,Alpine,003,1148,3,2,0,2,0
2020-08-02,Amador,005,37829,194,117,0,117,0
2020-08-02,Butte,007,227075,1215,987,11,998,9
2020-08-02,Calaveras,009,45235,152,116,0,116,1
2020-08-02,Colusa,011,21464,387,335,0,335,2
2020-08-02,Contra Costa,013,1133247,10787,7995,28,8023,118
2020-08-02,Del Norte,015,27424,89,68,0,68,0
2020-08-02,El Dorado,017,186661,811,643,0,643,1
2020-08-02,Fresno,019,978130,22196,15759,180,15939,151
2020-08-02,Glenn,021,27897,389,315,0,315,1
2020-08-02,Humboldt,023,135768,272,232,1,233,4
2020-08-02,Imperial,025,180216,10431,7919,5,7924,157
2020-08-02,Inyo,027,18085,84,45,0,45,1
2020-08-02,Kern,029,883053,25429,21162,137,21299,176
2020-08-02,Kings,031,150075,4867,3964,24,3988,47
2020-08-02,Lake,033,64148,240,201,0,201,1
2020-08-02,Lassen,035,31185,642,555,2,557,0
2020-08-02,Los Angeles,037,10098052,206401,192480,631,193111,4698
2020-08-02,Madera,039,155013,2957,2123,1,2124,18
2020-08-02,Marin,041,260295,5487,4985,9,4994,43
2020-08-02,Mariposa,043,17540,61,52,0,52,2
2020-08-02,Mendocino,045,87422,345,247,0,247,1
2020-08-02,Merced,047,269075,6104,4011,1,4012,29
2020-08-02,Modoc,049,8938,7,2,0,2,0
2020-08-02,Mono,051,14174,151,104,0,104,1
2020-08-02,Monterey,053,433212,5773,4698,13,4711,28
2020-08-02,Napa,055,140530,1197,956,0,956,8
2020-08-02,Nevada,057,99092,349,314,12,326,2
2020-08-02,Orange,059,3164182,44250,37266,863,38129,651
2020-08-02,Placer,061,380077,2382,1920,1,1921,15
2020-08-02,Plumas,063,18699,36,25,0,25,0
2020-08-02,Riverside,065,2383286,45906,38507,26,38533,735
2020-08-02,Sacramento,067,1510023,13333,10099,6,10105,142
2020-08-02,San Benito,069,59416,738,599,0,599,2
2020-08-02,San Bernardino,071,2135413,40910,33643,89,33732,443
2020-08-02,San Diego,073,3302833,33061,29885,26,29911,565
2020-08-02,San Francisco,075,870044,7557,6297,6,6303,60
2020-08-02,San Joaquin,077,732212,15027,11937,12,11949,189
2020-08-02,San Luis Obispo,079,281455,2191,1821,6,1827,14
2020-08-02,San Mateo,081,765935,6709,5618,4,5622,115
2020-08-02,Santa Barbara,083,443738,7364,6532,53,6585,59
2020-08-02,Santa Clara,085,1922200,13200,10577,18,10595,172
2020-08-02,Santa Cruz,087,273765,1374,1162,9,1171,4
2020-08-02,Shasta,089,179085,505,318,3,321,9
2020-08-02,Sierra,091,2930,4,1,0,1,0
2020-08-02,Siskiyou,093,43540,98,65,0,65,0
2020-08-02,Solano,095,438530,4396,3609,26,3635,29
2020-08-02,Sonoma,097,501317,3905,3005,6,3011,33
2020-08-02,Stanislaus,099,539301,12058,9277,63,9340,96
2020-08-02,Sutter,101,95872,902,714,1,715,6
2020-08-02,Tehama,103,63373,287,222,2,224,1
2020-08-02,Trinity,105,12862,11,5,4,9,0
2020-08-02,Tulare,107,460477,11447,9593,28,9621,188
2020-08-02,Tuolumne,109,53932,155,123,1,124,0
2020-08-02,Ventura,111,848112,8922,8014,23,8037,73
2020-08-02,Yolo,113,214977,1911,1588,3,1591,37
2020-08-02,Yuba,115,75493,529,393,0,393,1
2020-08-01,Alameda,001,1643700,14029,11590,96,11686,188
2020-08-01,Alpine,003,1148,3,2,0,2,0
2020-08-01,Amador,005,37829,190,109,0,109,0
2020-08-01,Butte,007,227075,1201,976,11,987,9
2020-08-01,Calaveras,009,45235,148,116,0,116,1
2020-08-01,Colusa,011,21464,386,327,0,327,2
2020-08-01,Contra Costa,013,1133247,10654,7867,27,7894,116
2020-08-01,Del Norte,015,27424,89,68,0,68,0
2020-08-01,El Dorado,017,186661,808,637,0,637,1
2020-08-01,Fresno,019,978130,22059,15448,180,15628,149
2020-08-01,Glenn,021,27897,388,311,0,311,1
2020-08-01,Humboldt,023,135768,271,232,1,233,4
2020-08-01,Imperial,025,180216,10395,7919,5,7924,156
2020-08-01,Inyo,027,18085,82,45,0,45,1
2020-08-01,Kern,029,883053,25269,20796,133,20929,176
2020-08-01,Kings,031,150075,4841,3948,24,3972,47
2020-08-01,Lake,033,64148,238,194,0,194,1
2020-08-01,Lassen,035,31185,641,555,2,557,0
2020-08-01,Los Angeles,037,10098052,205511,191023,603,191626,4674
2020-08-01,Madera,039,155013,2918,2103,1,2104,18
2020-08-01,Marin,041,260295,5473,4945,8,4953,43
2020-08-01,Mariposa,043,17540,61,50,0,50,2
2020-08-01,Mendocino,045,87422,338,243,0,243,1
2020-08-01,Merced,047,269075,6056,3972,1,3973,29
2020-08-01,Modoc,049,8938,7,2,0,2,0
2020-08-01,Mono,051,14174,150,104,0,104,1
2020-08-01,Monterey,053,433212,5706,4611,12,4623,28
2020-08-01,Napa,055,140530,1188,923,0,923,8
2020-08-01,Nevada,057,99092,345,305,12,317,2
2020-08-01,Orange,059,3164182,44023,36703,857,37560,648
2020-08-01,Placer,061,380077,2349,1891,1,1892,14
2020-08-01,Plumas,063,18699,35,25,0,25,0
2020-08-01,Riverside,065,2383286,45694,38216,24,38240,704
2020-08-01,Sacramento,067,1510023,13183,10044,6,10050,141
2020-08-01,San Benito,069,59416,727,579,0,579,2
2020-08-01,San Bernardino,071,2135413,40674,32947,88,33035,440
2020-08-01,San Diego,073,3302833,32844,29579,18,29597,565
2020-08-01,San Francisco,075,870044,7495,6296,6,6302,60
2020-08-01,San Joaquin,077,732212,14955,11807,11,11818,189
2020-08-01,San Luis Obispo,079,281455,2164,1798,6,1804,13
2020-08-01,San Mateo,081,765935,6655,5520,4,5524,115
2020-08-01,Santa Barbara,083,443738,7324,6465,53,6518,59
2020-08-01,Santa Clara,085,1922200,13049,10281,18,10299,171
2020-08-01,Santa Cruz,087,273765,1358,1164,9,1173,4
2020-08-01,Shasta,089,179085,500,312,3,315,9
2020-08-01,Sierra,091,2930,3,1,0,1,0
2020-08-01,Siskiyou,093,43540,98,64,0,64,0
2020-08-01,Solano,095,438530,4362,3591,25,3616,29
2020-08-01,Sonoma,097,501317,3859,2890,6,2896,29
2020-08-01,Stanislaus,099,539301,11940,9221,55,9276,96
2020-08-01,Sutter,101,95872,898,714,1,715,6
2020-08-01,Tehama,103,63373,284,220,2,222,1
2020-08-01,Trinity,105,12862,11,5,4,9,0
2020-08-01,Tulare,107,460477,11379,9520,28,9548,188
2020-08-01,Tuolumne,109,53932,155,123,1,124,0
2020-08-01,Ventura,111,848112,8876,7819,23,7842,73
2020-08-01,Yolo,113,214977,1901,1557,3,1560,37
2020-08-01,Yuba,115,75493,524,387,0,387,1
2020-07-31,Alameda,001,1643700,13898,11441,96,11537,187
2020-07-31,Alpine,003,1148,3,2,0,2,0
2020-07-31,Amador,005,37829,189,98,0,98,0
2020-07-31,Butte,007,227075,1178,925,11,936,7
2020-07-31,Calaveras,009,45235,148,112,0,112,1
2020-07-31,Colusa,011,21464,376,319,0,319,2
2020-07-31,Contra Costa,013,1133247,10506,7697,26,7723,113
2020-07-31,Del Norte,015,27424,88,68,0,68,0
2020-07-31,El Dorado,017,186661,797,616,0,616,1
2020-07-31,Fresno,019,978130,21840,15083,180,15263,133
2020-07-31,Glenn,021,27897,381,304,0,304,1
2020-07-31,Humboldt,023,135768,264,229,1,230,4
2020-07-31,Imperial,025,180216,10363,7886,5,7891,155
2020-07-31,Inyo,027,18085,72,45,0,45,1
2020-07-31,Kern,029,883053,25028,20061,128,20189,173
2020-07-31,Kings,031,150075,4813,3807,24,3831,45
2020-07-31,Lake,033,64148,237,191,0,191,1
2020-07-31,Lassen,035,31185,636,544,2,546,0
2020-07-31,Los Angeles,037,10098052,203903,188688,590,189278,4628
2020-07-31,Madera,039,155013,2871,2036,1,2037,19
2020-07-31,Marin,041,260295,5429,4885,5,4890,43
2020-07-31,Mariposa,043,17540,61,49,0,49,2
2020-07-31,Mendocino,045,87422,323,232,0,232,1
2020-07-31,Merced,047,269075,5973,3789,1,3790,30
2020-07-31,Modoc,049,8938,6,0,0,0,0
2020-07-31,Mono,051,14174,149,104,0,104,1
2020-07-31,Monterey,053,433212,5614,4493,12,4505,24
2020-07-31,Napa,055,140530,1176,897,0,897,7
2020-07-31,Nevada,057,99092,343,302,12,314,2
2020-07-31,Orange,059,3164182,43723,36196,841,37037,620
2020-07-31,Placer,061,380077,2325,1853,1,1854,14
2020-07-31,Plumas,063,18699,34,25,0,25,0
2020-07-31,Riverside,065,2383286,45304,37612,23,37635,694
2020-07-31,Sacramento,067,1510023,13004,9872,6,9878,132
2020-07-31,San Benito,069,59416,719,567,0,567,2
2020-07-31,San Bernardino,071,2135413,40345,32332,86,32418,434
2020-07-31,San Diego,073,3302833,32610,29050,10,29060,561
2020-07-31,San Francisco,075,870044,7396,6126,6,6132,60
2020-07-31,San Joaquin,077,732212,14819,11561,11,11572,177
2020-07-31,San Luis Obispo,079,281455,2094,1746,6,1752,12
2020-07-31,San Mateo,081,765935,6583,5416,4,5420,115
2020-07-31,Santa Barbara,083,443738,7257,6375,53,6428,58
2020-07-31,Santa Clara,085,1922200,12828,9863,18,9881,171
2020-07-31,Santa Cruz,087,273765,1335,1118,9,1127,4
2020-07-31,Shasta,089,179085,490,305,3,308,9
2020-07-31,Sierra,091,2930,3,1,0,1,0
2020-07-31,Siskiyou,093,43540,96,61,0,61,0
2020-07-31,Solano,095,438530,4315,3510,24,3534,29
2020-07-31,Sonoma,097,501317,3801,2745,6,2751,27
2020-07-31,Stanislaus,099,539301,11833,9061,50,9111,94
2020-07-31,Sutter,101,95872,893,714,1,715,6
2020-07-31,Tehama,103,63373,281,213,2,215,1
2020-07-31,Trinity,105,12862,11,5,4,9,0
2020-07-31,Tulare,107,460477,11258,9365,28,9393,184
2020-07-31,Tuolumne,109,53932,155,120,1,121,0
2020-07-31,Ventura,111,848112,8801,7521,23,7544,71
2020-07-31,Yolo,113,214977,1875,1522,3,1525,38
2020-07-31,Yuba,115,75493,515,369,0,369,1
2020-07-30,Alameda,001,1643700,13699,11303,53,11356,185
2020-07-30,Alpine,003,1148,3,2,0,2,0
2020-07-30,Amador,005,37829,171,97,0,97,0
2020-07-30,Butte,007,227075,1162,915,11,926,7
2020-07-30,Calaveras,009,45235,144,111,0,111,1
2020-07-30,Colusa,011,21464,373,315,0,315,2
2020-07-30,Contra Costa,013,1133247,10321,7615,25,7640,112
2020-07-30,Del Norte,015,27424,88,68,0,68,0
2020-07-30,El Dorado,017,186661,790,608,0,608,1
2020-07-30,Fresno,019,978130,21505,14793,174,14967,133
2020-07-30,Glenn,021,27897,374,297,0,297,1
2020-07-30,Humboldt,023,135768,262,228,1,229,4
2020-07-30,Imperial,025,180216,10304,7849,5,7854,151
2020-07-30,Inyo,027,18085,68,44,0,44,1
2020-07-30,Kern,029,883053,24735,19552,124,19676,171
2020-07-30,Kings,031,150075,4709,3785,24,3809,43
2020-07-30,Lake,033,64148,231,181,0,181,1
2020-07-30,Lassen,035,31185,633,544,2,546,0
2020-07-30,Los Angeles,037,10098052,201868,186177,557,186734,4564
2020-07-30,Madera,039,155013,2801,2007,1,2008,18
2020-07-30,Marin,041,260295,5387,4835,4,4839,39
2020-07-30,Mariposa,043,17540,61,49,0,49,1
2020-07-30,Mendocino,045,87422,316,232,0,232,1
2020-07-30,Merced,047,269075,5808,3695,1,3696,30
2020-07-30,Modoc,049,8938,6,0,0,0,0
2020-07-30,Mono,051,14174,148,104,0,104,1
2020-07-30,Monterey,053,433212,5502,4352,12,4364,24
2020-07-30,Napa,055,140530,1159,874,0,874,7
2020-07-30,Nevada,057,99092,338,292,12,304,2
2020-07-30,Orange,059,3164182,43309,36105,816,36921,607
2020-07-30,Placer,061,380077,2271,1821,1,1822,14
2020-07-30,Plumas,063,18699,33,25,0,25,0
2020-07-30,Riverside,065,2383286,44763,37308,23,37331,685
2020-07-30,Sacramento,067,1510023,12785,9704,6,9710,126
2020-07-30,San Benito,069,59416,706,558,0,558,2
2020-07-30,San Bernardino,071,2135413,39821,32010,86,32096,427
2020-07-30,San Diego,073,3302833,32263,28670,8,28678,558
2020-07-30,San Francisco,075,870044,7296,6107,6,6113,59
2020-07-30,San Joaquin,077,732212,14624,11435,11,11446,161
2020-07-30,San Luis Obispo,079,281455,2059,1703,6,1709,12
2020-07-30,San Mateo,081,765935,6488,5369,4,5373,115
2020-07-30,Santa Barbara,083,443738,7177,6273,53,6326,52
2020-07-30,Santa Clara,085,1922200,12590,9708,17,9725,170
2020-07-30,Santa Cruz,087,273765,1308,1087,9,1096,4
2020-07-30,Shasta,089,179085,486,306,3,309,8
2020-07-30,Sierra,091,2930,3,1,0,1,0
2020-07-30,Siskiyou,093,43540,95,60,0,60,0
2020-07-30,Solano,095,438530,4264,3463,24,3487,29
2020-07-30,Sonoma,097,501317,3729,2684,6,2690,25
2020-07-30,Stanislaus,099,539301,11620,8890,42,8932,94
2020-07-30,Sutter,101,95872,874,698,1,699,6
2020-07-30,Tehama,103,63373,278,208,2,210,1
2020-07-30,Trinity,105,12862,11,4,4,8,0
2020-07-30,Tulare,107,460477,11129,9167,28,9195,177
2020-07-30,Tuolumne,109,53932,154,119,1,120,0
2020-07-30,Ventura,111,848112,8689,7304,21,7325,69
2020-07-30,Yolo,113,214977,1854,1511,3,1514,37
2020-07-30,Yuba,115,75493,502,362,0,362,1
2020-07-29,Alameda,001,1643700,13480,11177,48,11225,180
2020-07-29,Alpine,003,1148,3,2,0,2,0
2020-07-29,Amador,005,37829,163,80,0,80,0
2020-07-29,Butte,007,227075,1136,889,9,898,7
2020-07-29,Calaveras,009,45235,138,107,0,107,1
2020-07-29,Colusa,011,21464,369,302,0,302,2
2020-07-29,Contra Costa,013,1133247,10118,7520,25,7545,108
2020-07-29,Del Norte,015,27424,88,68,0,68,0
2020-07-29,El Dorado,017,186661,780,588,0,588,1
2020-07-29,Fresno,019,978130,21214,14312,174,14486,125
2020-07-29,Glenn,021,27897,367,294,0,294,1
2020-07-29,Humboldt,023,135768,259,221,1,222,4
2020-07-29,Imperial,025,180216,10256,7825,5,7830,147
2020-07-29,Inyo,027,18085,63,44,0,44,1
2020-07-29,Kern,029,883053,24397,19073,121,19194,162
2020-07-29,Kings,031,150075,4661,3755,24,3779,43
2020-07-29,Lake,033,64148,229,179,0,179,1
2020-07-29,Lassen,035,31185,618,513,2,515,0
2020-07-29,Los Angeles,037,10098052,199833,183600,540,184140,4523
2020-07-29,Madera,039,155013,2747,1941,1,1942,18
2020-07-29,Marin,041,260295,5349,4747,4,4751,34
2020-07-29,Mariposa,043,17540,60,47,0,47,1
2020-07-29,Mendocino,045,87422,308,228,0,228,0
2020-07-29,Merced,047,269075,5668,3605,1,3606,25
2020-07-29,Modoc,049,8938,5,0,0,0,0
2020-07-29,Mono,051,14174,145,102,0,102,1
2020-07-29,Monterey,053,433212,5403,4252,12,4264,24
2020-07-29,Napa,055,140530,1131,866,0,866,7
2020-07-29,Nevada,057,99092,334,288,12,300,1
2020-07-29,Orange,059,3164182,42875,35339,804,36143,589
2020-07-29,Placer,061,380077,2239,1798,1,1799,14
2020-07-29,Plumas,063,18699,33,25,0,25,0
2020-07-29,Riverside,065,2383286,44172,36968,23,36991,678
2020-07-29,Sacramento,067,1510023,12539,9538,6,9544,122
2020-07-29,San Benito,069,59416,691,537,0,537,2
2020-07-29,San Bernardino,071,2135413,39332,31168,81,31249,417
2020-07-29,San Diego,073,3302833,31938,28289,7,28296,552
2020-07-29,San Francisco,075,870044,7202,6041,6,6047,56
2020-07-29,San Joaquin,077,732212,14376,11249,8,11257,154
2020-07-29,San Luis Obispo,079,281455,2039,1673,6,1679,11
2020-07-29,San Mateo,081,765935,6400,5305,4,5309,114
2020-07-29,Santa Barbara,083,443738,7107,6215,53,6268,31
2020-07-29,Santa Clara,085,1922200,12382,9567,17,9584,165
2020-07-29,Santa Cruz,087,273765,1284,1051,9,1060,4
2020-07-29,Shasta,089,179085,474,297,3,300,8
2020-07-29,Sierra,091,2930,2,1,0,1,0
2020-07-29,Siskiyou,093,43540,93,58,0,58,0
2020-07-29,Solano,095,438530,4210,3380,24,3404,29
2020-07-29,Sonoma,097,501317,3652,2598,6,2604,26
2020-07-29,Stanislaus,099,539301,11399,8745,36,8781,94
2020-07-29,Sutter,101,95872,846,678,1,679,6
2020-07-29,Tehama,103,63373,274,206,2,208,1
2020-07-29,Trinity,105,12862,11,4,4,8,0
2020-07-29,Tulare,107,460477,10958,9028,28,9056,156
2020-07-29,Tuolumne,109,53932,154,118,1,119,0
2020-07-29,Ventura,111,848112,8584,7161,21,7182,68
2020-07-29,Yolo,113,214977,1828,1488,3,1491,36
2020-07-29,Yuba,115,75493,486,350,0,350,1
2020-07-28,Alameda,001,1643700,13255,10875,47,10922,180
2020-07-28,Alpine,003,1148,3,2,0,2,0
2020-07-28,Amador,005,37829,153,77,0,77,0
2020-07-28,Butte,007,227075,1101,857,9,866,7
2020-07-28,Calaveras,009,45235,137,105,0,105,1
2020-07-28,Colusa,011,21464,363,290,0,290,2
2020-07-28,Contra Costa,013,1133247,9896,7426,25,7451,107
2020-07-28,Del Norte,015,27424,87,68,0,68,0
2020-07-28,El Dorado,017,186661,765,558,0,558,1
2020-07-28,Fresno,019,978130,20880,13933,168,14101,125
2020-07-28,Glenn,021,27897,365,289,0,289,1
2020-07-28,Humboldt,023,135768,258,218,1,219,4
2020-07-28,Imperial,025,180216,10220,7804,5,7809,145
2020-07-28,Inyo,027,18085,61,43,0,43,1
2020-07-28,Kern,029,883053,24034,18834,115,18949,155
2020-07-28,Kings,031,150075,4615,3721,24,3745,41
2020-07-28,Lake,033,64148,225,179,0,179,1
2020-07-28,Lassen,035,31185,612,508,2,510,0
2020-07-28,Los Angeles,037,10098052,197599,179107,518,179625,4435
2020-07-28,Madera,039,155013,2681,1889,1,1890,18
2020-07-28,Marin,041,260295,5280,4698,4,4702,23
2020-07-28,Mariposa,043,17540,58,45,0,45,1
2020-07-28,Mendocino,045,87422,297,222,0,222,0
2020-07-28,Merced,047,269075,5523,3446,1,3447,23
2020-07-28,Modoc,049,8938,4,0,0,0,0
2020-07-28,Mono,051,14174,144,102,0,102,1
2020-07-28,Monterey,053,433212,5282,4047,12,4059,22
2020-07-28,Napa,055,140530,1109,824,0,824,6
2020-07-28,Nevada,057,99092,329,278,12,290,1
2020-07-28,Orange,059,3164182,42417,34832,790,35622,582
2020-07-28,Placer,061,380077,2206,1759,1,1760,14
2020-07-28,Plumas,063,18699,33,22,0,22,0
2020-07-28,Riverside,065,2383286,43573,36458,23,36481,668
2020-07-28,Sacramento,067,1510023,12281,9429,6,9435,117
2020-07-28,San Benito,069,59416,681,503,0,503,2
2020-07-28,San Bernardino,071,2135413,38811,30493,80,30573,412
2020-07-28,San Diego,073,3302833,31588,28007,5,28012,547
2020-07-28,San Francisco,075,870044,7089,5888,6,5894,56
2020-07-28,San Joaquin,077,732212,14093,10958,6,10964,141
2020-07-28,San Luis Obispo,079,281455,2008,1636,6,1642,9
2020-07-28,San Mateo,081,765935,6326,5171,4,5175,114
2020-07-28,Santa Barbara,083,443738,7044,6110,51,6161,31
2020-07-28,Santa Clara,085,1922200,12147,9307,17,9324,165
2020-07-28,Santa Cruz,087,273765,1257,1018,9,1027,4
2020-07-28,Shasta,089,179085,462,275,3,278,8
2020-07-28,Sierra,091,2930,2,1,0,1,0
2020-07-28,Siskiyou,093,43540,89,57,0,57,0
2020-07-28,Solano,095,438530,4163,3292,23,3315,29
2020-07-28,Sonoma,097,501317,3579,2553,6,2559,20
2020-07-28,Stanislaus,099,539301,11179,8492,27,8519,92
2020-07-28,Sutter,101,95872,809,653,0,653,2
2020-07-28,Tehama,103,63373,269,199,2,201,1
2020-07-28,Trinity,105,12862,11,3,4,7,0
2020-07-28,Tulare,107,460477,10771,8787,28,8815,96
2020-07-28,Tuolumne,109,53932,153,116,1,117,0
2020-07-28,Ventura,111,848112,8458,7045,20,7065,68
2020-07-28,Yolo,113,214977,1800,1459,3,1462,36
2020-07-28,Yuba,115,75493,469,333,0,333,1
2020-07-27,Alameda,001,1643700,13028,10645,44,10689,176
2020-07-27,Alpine,003,1148,3,2,0,2,0
2020-07-27,Amador,005,37829,148,72,0,72,0
2020-07-27,Butte,007,227075,1074,843,9,852,7
2020-07-27,Calaveras,009,45235,133,103,0,103,1
2020-07-27,Colusa,011,21464,356,271,0,271,2
2020-07-27,Contra Costa,013,1133247,9674,7256,25,7281,104
2020-07-27,Del Norte,015,27424,86,67,0,67,0
2020-07-27,El Dorado,017,186661,753,548,0,548,1
2020-07-27,Fresno,019,978130,20534,13485,162,13647,117
2020-07-27,Glenn,021,27897,363,277,0,277,1
2020-07-27,Humboldt,023,135768,253,218,1,219,4
2020-07-27,Imperial,025,180216,10170,7789,5,7794,144
2020-07-27,Inyo,027,18085,61,43,0,43,1
2020-07-27,Kern,029,883053,23532,17994,109,18103,148
2020-07-27,Kings,031,150075,4366,3685,24,3709,39
2020-07-27,Lake,033,64148,221,176,0,176,1
2020-07-27,Lassen,035,31185,612,503,2,505,0
2020-07-27,Los Angeles,037,10098052,195147,176351,497,176848,4379
2020-07-27,Madera,039,155013,2616,1793,1,1794,17
2020-07-27,Marin,041,260295,5192,4669,4,4673,22
2020-07-27,Mariposa,043,17540,58,43,0,43,1
2020-07-27,Mendocino,045,87422,284,209,0,209,0
2020-07-27,Merced,047,269075,5383,3292,1,3293,23
2020-07-27,Modoc,049,8938,3,0,0,0,0
2020-07-27,Mono,051,14174,140,99,0,99,1
2020-07-27,Monterey,053,433212,5092,3960,12,3972,21
2020-07-27,Napa,055,140530,1094,769,0,769,6
2020-07-27,Nevada,057,99092,325,268,12,280,1
2020-07-27,Orange,059,3164182,41977,34649,774,35423,566
2020-07-27,Placer,061,380077,2156,1679,1,1680,12
2020-07-27,Plumas,063,18699,33,22,0,22,0
2020-07-27,Riverside,065,2383286,42895,35822,23,35845,667
2020-07-27,Sacramento,067,1510023,11989,9091,6,9097,114
2020-07-27,San Benito,069,59416,666,498,0,498,2
2020-07-27,San Bernardino,071,2135413,38220,29928,77,30005,401
2020-07-27,San Diego,073,3302833,31214,27509,4,27513,533
2020-07-27,San Francisco,075,870044,7002,5825,6,5831,55
2020-07-27,San Joaquin,077,732212,13802,10728,6,10734,129
2020-07-27,San Luis Obispo,079,281455,1963,1612,6,1618,9
2020-07-27,San Mateo,081,765935,6217,5108,4,5112,113
2020-07-27,Santa Barbara,083,443738,6963,6026,49,6075,30
2020-07-27,Santa Clara,085,1922200,11880,9157,16,9173,166
2020-07-27,Santa Cruz,087,273765,1235,984,9,993,4
2020-07-27,Shasta,089,179085,455,275,3,278,8
2020-07-27,Sierra,091,2930,2,1,0,1,0
2020-07-27,Siskiyou,093,43540,87,54,0,54,0
2020-07-27,Solano,095,438530,4096,3198,22,3220,29
2020-07-27,Sonoma,097,501317,3488,2504,6,2510,20
2020-07-27,Stanislaus,099,539301,10952,8288,19,8307,84
2020-07-27,Sutter,101,95872,783,620,0,620,2
2020-07-27,Tehama,103,63373,261,192,2,194,1
2020-07-27,Trinity,105,12862,11,3,4,7,0
2020-07-27,Tulare,107,460477,10553,8462,28,8490,172
2020-07-27,Tuolumne,109,53932,150,115,1,116,0
2020-07-27,Ventura,111,848112,8330,6998,20,7018,68
2020-07-27,Yolo,113,214977,1755,1439,3,1442,33
2020-07-27,Yuba,115,75493,449,328,0,328,1
2020-07-26,Alameda,001,1643700,12790,10489,44,10533,176
2020-07-26,Alpine,003,1148,3,2,0,2,0
2020-07-26,Amador,005,37829,142,67,0,67,0
2020-07-26,Butte,007,227075,1037,822,9,831,5
2020-07-26,Calaveras,009,45235,130,103,0,103,1
2020-07-26,Colusa,011,21464,347,270,0,270,2
2020-07-26,Contra Costa,013,1133247,9437,7095,25,7120,104
2020-07-26,Del Norte,015,27424,84,67,0,67,0
2020-07-26,El Dorado,017,186661,735,539,0,539,1
2020-07-26,Fresno,019,978130,20143,13209,154,13363,117
2020-07-26,Glenn,021,27897,355,265,0,265,1
2020-07-26,Humboldt,023,135768,247,214,1,215,4
2020-07-26,Imperial,025,180216,10097,7781,5,7786,144
2020-07-26,Inyo,027,18085,56,43,0,43,1
2020-07-26,Kern,029,883053,23008,17394,106,17500,148
2020-07-26,Kings,031,150075,4307,3591,24,3615,39
2020-07-26,Lake,033,64148,213,174,0,174,1
2020-07-26,Lassen,035,31185,571,503,2,505,0
2020-07-26,Los Angeles,037,10098052,192574,174322,477,174799,4364
2020-07-26,Madera,039,155013,2529,1744,1,1745,17
2020-07-26,Marin,041,260295,5146,4595,4,4599,22
2020-07-26,Mariposa,043,17540,56,43,0,43,1
2020-07-26,Mendocino,045,87422,275,206,0,206,0
2020-07-26,Merced,047,269075,5203,3251,1,3252,23
2020-07-26,Modoc,049,8938,3,0,0,0,0
2020-07-26,Mono,051,14174,136,82,0,82,1
2020-07-26,Monterey,053,433212,4926,3901,12,3913,21
2020-07-26,Napa,055,140530,1075,769,0,769,6
2020-07-26,Nevada,057,99092,322,261,12,273,1
2020-07-26,Orange,059,3164182,41452,34352,743,35095,564
2020-07-26,Placer,061,380077,2088,1628,1,1629,12
2020-07-26,Plumas,063,18699,33,22,0,22,0
2020-07-26,Riverside,065,2383286,42336,35636,23,35659,665
2020-07-26,Sacramento,067,1510023,11685,8972,6,8978,114
2020-07-26,San Benito,069,59416,654,495,0,495,2
2020-07-26,San Bernardino,071,2135413,37583,29545,72,29617,400
2020-07-26,San Diego,073,3302833,30819,26986,3,26989,533
2020-07-26,San Francisco,075,870044,6894,5823,6,5829,55
2020-07-26,San Joaquin,077,732212,13510,10637,6,10643,129
2020-07-26,San Luis Obispo,079,281455,1920,1565,6,1571,8
2020-07-26,San Mateo,081,765935,6111,5078,4,5082,113
2020-07-26,Santa Barbara,083,443738,6861,5939,49,5988,30
2020-07-26,Santa Clara,085,1922200,11651,8986,16,9002,166
2020-07-26,Santa Cruz,087,273765,1208,970,9,979,4
2020-07-26,Shasta,089,179085,448,265,3,268,8
2020-07-26,Sierra,091,2930,2,1,0,1,0
2020-07-26,Siskiyou,093,43540,85,54,0,54,0
2020-07-26,Solano,095,438530,4016,3197,20,3217,29
2020-07-26,Sonoma,097,501317,3399,2503,5,2508,20
2020-07-26,Stanislaus,099,539301,10692,8228,17,8245,84
2020-07-26,Sutter,101,95872,769,612,0,612,2
2020-07-26,Tehama,103,63373,254,175,2,177,1
2020-07-26,Trinity,105,12862,11,3,4,7,0
2020-07-26,Tulare,107,460477,10346,8392,28,8420,172
2020-07-26,Tuolumne,109,53932,145,113,1,114,0
2020-07-26,Ventura,111,848112,8124,6844,20,6864,67
2020-07-26,Yolo,113,214977,1724,1408,3,1411,33
2020-07-26,Yuba,115,75493,430,313,0,313,1
2020-07-25,Alameda,001,1643700,12693,10361,42,10403,176
2020-07-25,Alpine,003,1148,3,2,0,2,0
2020-07-25,Amador,005,37829,139,67,0,67,0
2020-07-25,Butte,007,227075,1028,810,9,819,5
2020-07-25,Calaveras,009,45235,126,103,0,103,1
2020-07-25,Colusa,011,21464,340,265,0,265,2
2020-07-25,Contra Costa,013,1133247,9292,6920,25,6945,104
2020-07-25,Del Norte,015,27424,84,67,0,67,0
2020-07-25,El Dorado,017,186661,724,528,0,528,1
2020-07-25,Fresno,019,978130,19957,12866,154,13020,117
2020-07-25,Glenn,021,27897,353,260,0,260,1
2020-07-25,Humboldt,023,135768,244,212,1,213,4
2020-07-25,Imperial,025,180216,10071,7727,5,7732,144
2020-07-25,Inyo,027,18085,55,43,0,43,1
2020-07-25,Kern,029,883053,22790,16910,105,17015,148
2020-07-25,Kings,031,150075,4290,3516,24,3540,39
2020-07-25,Lake,033,64148,211,173,0,173,1
2020-07-25,Lassen,035,31185,571,503,2,505,0
2020-07-25,Los Angeles,037,10098052,191443,172611,469,173080,4357
2020-07-25,Madera,039,155013,2497,1724,1,1725,17
2020-07-25,Marin,041,260295,5130,4562,4,4566,22
2020-07-25,Mariposa,043,17540,55,43,0,43,1
2020-07-25,Mendocino,045,87422,269,190,0,190,0
2020-07-25,Merced,047,269075,5124,3176,1,3177,23
2020-07-25,Modoc,049,8938,3,0,0,0,0
2020-07-25,Mono,051,14174,136,82,0,82,1
2020-07-25,Monterey,053,433212,4849,3805,12,3817,21
2020-07-25,Napa,055,140530,1062,746,0,746,6
2020-07-25,Nevada,057,99092,320,257,12,269,1
2020-07-25,Orange,059,3164182,41232,33978,721,34699,561
2020-07-25,Placer,061,380077,2071,1596,1,1597,12
2020-07-25,Plumas,063,18699,33,22,0,22,0
2020-07-25,Riverside,065,2383286,42068,34921,23,34944,655
2020-07-25,Sacramento,067,1510023,11539,8674,6,8680,113
2020-07-25,San Benito,069,59416,638,492,0,492,2
2020-07-25,San Bernardino,071,2135413,37304,29265,72,29337,394
2020-07-25,San Diego,073,3302833,30558,26703,3,26706,533
2020-07-25,San Francisco,075,870044,6836,5644,6,5650,55
2020-07-25,San Joaquin,077,732212,13384,10347,6,10353,129
2020-07-25,San Luis Obispo,079,281455,1900,1530,5,1535,8
2020-07-25,San Mateo,081,765935,6048,5023,4,5027,113
2020-07-25,Santa Barbara,083,443738,6826,5880,49,5929,30
2020-07-25,Santa Clara,085,1922200,11517,8767,16,8783,166
2020-07-25,Santa Cruz,087,273765,1191,939,9,948,4
2020-07-25,Shasta,089,179085,443,263,1,264,8
2020-07-25,Sierra,091,2930,2,1,0,1,0
2020-07-25,Siskiyou,093,43540,83,54,0,54,0
2020-07-25,Solano,095,438530,3976,3107,18,3125,29
2020-07-25,Sonoma,097,501317,3360,2412,5,2417,20
2020-07-25,Stanislaus,099,539301,10589,7994,14,8008,84
2020-07-25,Sutter,101,95872,750,603,0,603,2
2020-07-25,Tehama,103,63373,253,169,2,171,1
2020-07-25,Trinity,105,12862,11,3,4,7,0
2020-07-25,Tulare,107,460477,10246,8310,28,8338,172
2020-07-25,Tuolumne,109,53932,144,99,1,100,0
2020-07-25,Ventura,111,848112,8051,6662,20,6682,62
2020-07-25,Yolo,113,214977,1709,1357,3,1360,35
2020-07-25,Yuba,115,75493,424,312,0,312,1
2020-07-24,Alameda,001,1643700,12551,10216,39,10255,176
2020-07-24,Alpine,003,1148,3,2,0,2,0
2020-07-24,Amador,005,37829,137,66,0,66,0
2020-07-24,Butte,007,227075,1016,751,9,760,5
2020-07-24,Calaveras,009,45235,122,102,0,102,0
2020-07-24,Colusa,011,21464,337,255,0,255,2
2020-07-24,Contra Costa,013,1133247,9146,6814,25,6839,100
2020-07-24,Del Norte,015,27424,84,66,0,66,0
2020-07-24,El Dorado,017,186661,702,516,0,516,1
2020-07-24,Fresno,019,978130,19731,12564,154,12718,115
2020-07-24,Glenn,021,27897,350,251,0,251,1
2020-07-24,Humboldt,023,135768,241,210,1,211,4
2020-07-24,Imperial,025,180216,10049,7686,5,7691,141
2020-07-24,Inyo,027,18085,55,41,0,41,1
2020-07-24,Kern,029,883053,22549,16124,105,16229,143
2020-07-24,Kings,031,150075,4261,3471,24,3495,39
2020-07-24,Lake,033,64148,209,167,0,167,1
2020-07-24,Lassen,035,31185,571,503,2,505,0
2020-07-24,Los Angeles,037,10098052,189424,169078,456,169534,4302
2020-07-24,Madera,039,155013,2464,1679,1,1680,16
2020-07-24,Marin,041,260295,5103,4517,4,4521,22
2020-07-24,Mariposa,043,17540,55,41,0,41,1
2020-07-24,Mendocino,045,87422,262,188,0,188,0
2020-07-24,Merced,047,269075,5039,3100,1,3101,23
2020-07-24,Modoc,049,8938,3,0,0,0,0
2020-07-24,Mono,051,14174,135,82,0,82,1
2020-07-24,Monterey,053,433212,4777,3748,12,3760,21
2020-07-24,Napa,055,140530,1049,741,0,741,6
2020-07-24,Nevada,057,99092,317,255,12,267,1
2020-07-24,Orange,059,3164182,40945,33530,704,34234,557
2020-07-24,Placer,061,380077,2041,1551,1,1552,12
2020-07-24,Plumas,063,18699,33,22,0,22,0
2020-07-24,Riverside,065,2383286,41645,34513,22,34535,631
2020-07-24,Sacramento,067,1510023,11351,8570,6,8576,110
2020-07-24,San Benito,069,59416,631,485,0,485,2
2020-07-24,San Bernardino,071,2135413,36932,28990,70,29060,386
2020-07-24,San Diego,073,3302833,30258,26100,3,26103,524
2020-07-24,San Francisco,075,870044,6742,5611,6,5617,55
2020-07-24,San Joaquin,077,732212,13236,10190,6,10196,118
2020-07-24,San Luis Obispo,079,281455,1876,1476,5,1481,8
2020-07-24,San Mateo,081,765935,5985,4954,4,4958,112
2020-07-24,Santa Barbara,083,443738,6772,5776,47,5823,30
2020-07-24,Santa Clara,085,1922200,11353,8658,16,8674,165
2020-07-24,Santa Cruz,087,273765,1171,930,9,939,4
2020-07-24,Shasta,089,179085,435,262,1,263,8
2020-07-24,Sierra,091,2930,2,1,0,1,0
2020-07-24,Siskiyou,093,43540,83,53,0,53,0
2020-07-24,Solano,095,438530,3940,3062,15,3077,29
2020-07-24,Sonoma,097,501317,3307,2345,5,2350,20
2020-07-24,Stanislaus,099,539301,10417,7861,11,7872,82
2020-07-24,Sutter,101,95872,739,593,0,593,2
2020-07-24,Tehama,103,63373,245,170,2,172,1
2020-07-24,Trinity,105,12862,10,3,4,7,0
2020-07-24,Tulare,107,460477,10152,8167,26,8193,167
2020-07-24,Tuolumne,109,53932,138,99,1,100,0
2020-07-24,Ventura,111,848112,7966,6553,20,6573,60
2020-07-24,Yolo,113,214977,1695,1329,3,1332,35
2020-07-24,Yuba,115,75493,409,307,0,307,1
2020-07-23,Alameda,001,1643700,12312,9924,39,9963,171
2020-07-23,Alpine,003,1148,3,2,0,2,0
2020-07-23,Amador,005,37829,120,61,0,61,0
2020-07-23,Butte,007,227075,1001,726,9,735,5
2020-07-23,Calaveras,009,45235,115,102,0,102,0
2020-07-23,Colusa,011,21464,329,242,0,242,2
2020-07-23,Contra Costa,013,1133247,8945,6619,23,6642,98
2020-07-23,Del Norte,015,27424,84,66,0,66,0
2020-07-23,El Dorado,017,186661,691,491,0,491,1
2020-07-23,Fresno,019,978130,19375,12164,151,12315,112
2020-07-23,Glenn,021,27897,345,246,0,246,1
2020-07-23,Humboldt,023,135768,240,208,1,209,4
2020-07-23,Imperial,025,180216,9999,7604,5,7609,138
2020-07-23,Inyo,027,18085,53,38,0,38,1
2020-07-23,Kern,029,883053,22142,14491,101,14592,128
2020-07-23,Kings,031,150075,4153,3371,24,3395,39
2020-07-23,Lake,033,64148,200,160,0,160,1
2020-07-23,Lassen,035,31185,568,503,2,505,0
2020-07-23,Los Angeles,037,10098052,186876,167198,429,167627,4265
2020-07-23,Madera,039,155013,2398,1659,1,1660,13
2020-07-23,Marin,041,260295,5051,4423,4,4427,22
2020-07-23,Mariposa,043,17540,55,40,0,40,1
2020-07-23,Mendocino,045,87422,252,178,0,178,0
2020-07-23,Merced,047,269075,4883,2972,1,2973,22
2020-07-23,Modoc,049,8938,3,0,0,0,0
2020-07-23,Mono,051,14174,131,82,0,82,1
2020-07-23,Monterey,053,433212,4660,3655,12,3667,21
2020-07-23,Napa,055,140530,1025,713,0,713,5
2020-07-23,Nevada,057,99092,314,247,12,259,1
2020-07-23,Orange,059,3164182,40449,32863,673,33536,544
2020-07-23,Placer,061,380077,1997,1519,1,1520,12
2020-07-23,Plumas,063,18699,32,21,0,21,0
2020-07-23,Riverside,065,2383286,41040,33833,22,33855,630
2020-07-23,Sacramento,067,1510023,11121,8222,6,8228,108
2020-07-23,San Benito,069,59416,616,478,0,478,2
2020-07-23,San Bernardino,071,2135413,36413,28121,66,28187,369
2020-07-23,San Diego,073,3302833,29884,25109,3,25112,505
2020-07-23,San Francisco,075,870044,6640,5543,6,5549,55
2020-07-23,San Joaquin,077,732212,13017,9861,6,9867,111
2020-07-23,San Luis Obispo,079,281455,1849,1438,5,1443,7
2020-07-23,San Mateo,081,765935,5880,4895,4,4899,113
2020-07-23,Santa Barbara,083,443738,6698,5628,47,5675,30
2020-07-23,Santa Clara,085,1922200,11135,8458,16,8474,165
2020-07-23,Santa Cruz,087,273765,1135,887,9,896,3
2020-07-23,Shasta,089,179085,424,254,1,255,9
2020-07-23,Sierra,091,2930,2,1,0,1,0
2020-07-23,Siskiyou,093,43540,81,53,0,53,0
2020-07-23,Solano,095,438530,3876,2962,13,2975,29
2020-07-23,Sonoma,097,501317,3231,2289,5,2294,18
2020-07-23,Stanislaus,099,539301,10175,7603,11,7614,71
2020-07-23,Sutter,101,95872,706,570,0,570,2
2020-07-23,Tehama,103,63373,239,158,2,160,1
2020-07-23,Trinity,105,12862,9,3,4,7,0
2020-07-23,Tulare,107,460477,9963,7898,26,7924,168
2020-07-23,Tuolumne,109,53932,138,93,1,94,0
2020-07-23,Ventura,111,848112,7842,6303,20,6323,56
2020-07-23,Yolo,113,214977,1677,1279,3,1282,35
2020-07-23,Yuba,115,75493,389,297,0,297,1
2020-07-22,Alameda,001,1643700,12093,9678,38,9716,169
2020-07-22,Alpine,003,1148,3,2,0,2,0
2020-07-22,Amador,005,37829,118,58,0,58,0
2020-07-22,Butte,007,227075,966,694,8,702,5
2020-07-22,Calaveras,009,45235,115,98,0,98,0
2020-07-22,Colusa,011,21464,322,236,0,236,0
2020-07-22,Contra Costa,013,1133247,8719,6401,23,6424,98
2020-07-22,Del Norte,015,27424,84,66,0,66,0
2020-07-22,El Dorado,017,186661,678,466,0,466,1
2020-07-22,Fresno,019,978130,19015,11756,145,11901,110
2020-07-22,Glenn,021,27897,339,236,0,236,1
2020-07-22,Humboldt,023,135768,238,201,1,202,4
2020-07-22,Imperial,025,180216,9940,7533,5,7538,134
2020-07-22,Inyo,027,18085,49,38,0,38,1
2020-07-22,Kern,029,883053,21709,13513,94,13607,127
2020-07-22,Kings,031,150075,4099,3271,24,3295,38
2020-07-22,Lake,033,64148,197,160,0,160,1
2020-07-22,Lassen,035,31185,565,500,2,502,0
2020-07-22,Los Angeles,037,10098052,184216,165242,406,165648,4218
2020-07-22,Madera,039,155013,2323,1578,1,1579,10
2020-07-22,Marin,041,260295,4995,4373,4,4377,23
2020-07-22,Mariposa,043,17540,55,38,0,38,1
2020-07-22,Mendocino,045,87422,245,166,0,166,0
2020-07-22,Merced,047,269075,4756,2828,1,2829,15
2020-07-22,Modoc,049,8938,3,0,0,0,0
2020-07-22,Mono,051,14174,128,82,0,82,1
2020-07-22,Monterey,053,433212,4559,3533,12,3545,20
2020-07-22,Napa,055,140530,1003,687,0,687,5
2020-07-22,Nevada,057,99092,308,239,11,250,1
2020-07-22,Orange,059,3164182,39950,32047,664,32711,522
2020-07-22,Placer,061,380077,1940,1469,1,1470,12
2020-07-22,Plumas,063,18699,31,20,0,20,0
2020-07-22,Riverside,065,2383286,40406,33093,22,33115,612
2020-07-22,Sacramento,067,1510023,10857,8028,5,8033,106
2020-07-22,San Benito,069,59416,602,465,0,465,2
2020-07-22,San Bernardino,071,2135413,35893,26820,61,26881,348
2020-07-22,San Diego,073,3302833,29496,25109,2,25111,505
2020-07-22,San Francisco,075,870044,6536,5473,5,5478,53
2020-07-22,San Joaquin,077,732212,12741,9628,6,9634,102
2020-07-22,San Luis Obispo,079,281455,1805,1373,5,1378,7
2020-07-22,San Mateo,081,765935,5791,4796,4,4800,112
2020-07-22,Santa Barbara,083,443738,6611,5508,45,5553,29
2020-07-22,Santa Clara,085,1922200,10890,8266,16,8282,166
2020-07-22,Santa Cruz,087,273765,1112,866,9,875,3
2020-07-22,Shasta,089,179085,414,246,1,247,9
2020-07-22,Sierra,091,2930,1,1,0,1,0
2020-07-22,Siskiyou,093,43540,80,52,0,52,0
2020-07-22,Solano,095,438530,3815,2839,12,2851,29
2020-07-22,Sonoma,097,501317,3154,2255,5,2260,17
2020-07-22,Stanislaus,099,539301,10004,7401,11,7412,71
2020-07-22,Sutter,101,95872,682,551,0,551,2
2020-07-22,Tehama,103,63373,231,155,2,157,1
2020-07-22,Trinity,105,12862,9,3,4,7,0
2020-07-22,Tulare,107,460477,9730,7640,26,7666,167
2020-07-22,Tuolumne,109,53932,134,91,1,92,0
2020-07-22,Ventura,111,848112,7715,6223,18,6241,56
2020-07-22,Yolo,113,214977,1634,1233,3,1236,34
2020-07-22,Yuba,115,75493,374,288,0,288,1
2020-07-21,Alameda,001,1643700,11879,9390,38,9428,166
2020-07-21,Alpine,003,1148,3,2,0,2,0
2020-07-21,Amador,005,37829,113,55,0,55,0
2020-07-21,Butte,007,227075,921,659,7,666,5
2020-07-21,Calaveras,009,45235,110,96,0,96,0
2020-07-21,Colusa,011,21464,298,227,0,227,0
2020-07-21,Contra Costa,013,1133247,8478,6210,23,6233,98
2020-07-21,Del Norte,015,27424,84,66,0,66,0
2020-07-21,El Dorado,017,186661,670,440,0,440,1
2020-07-21,Fresno,019,978130,18616,11412,139,11551,107
2020-07-21,Glenn,021,27897,332,229,0,229,1
2020-07-21,Humboldt,023,135768,236,198,1,199,4
2020-07-21,Imperial,025,180216,9891,7458,5,7463,128
2020-07-21,Inyo,027,18085,48,38,0,38,1
2020-07-21,Kern,029,883053,21287,11998,88,12086,119
2020-07-21,Kings,031,150075,4035,3187,24,3211,38
2020-07-21,Lake,033,64148,197,157,0,157,1
2020-07-21,Lassen,035,31185,563,474,2,476,0
2020-07-21,Los Angeles,037,10098052,181214,162205,384,162589,4159
2020-07-21,Madera,039,155013,2258,1508,1,1509,10
2020-07-21,Marin,041,260295,4923,4318,4,4322,21
2020-07-21,Mariposa,043,17540,54,37,0,37,1
2020-07-21,Mendocino,045,87422,234,160,0,160,0
2020-07-21,Merced,047,269075,4577,2725,1,2726,15
2020-07-21,Modoc,049,8938,3,0,0,0,0
2020-07-21,Mono,051,14174,124,79,0,79,1
2020-07-21,Monterey,053,433212,4427,3404,11,3415,20
2020-07-21,Napa,055,140530,976,660,0,660,5
2020-07-21,Nevada,057,99092,306,228,9,237,1
2020-07-21,Orange,059,3164182,39454,31356,630,31986,515
2020-07-21,Placer,061,380077,1900,1413,1,1414,11
2020-07-21,Plumas,063,18699,31,19,0,19,0
2020-07-21,Riverside,065,2383286,39705,32231,22,32253,583
2020-07-21,Sacramento,067,1510023,10585,7789,4,7793,102
2020-07-21,San Benito,069,59416,591,444,0,444,2
2020-07-21,San Bernardino,071,2135413,35246,25323,57,25380,343
2020-07-21,San Diego,073,3302833,29047,24522,2,24524,487
2020-07-21,San Francisco,075,870044,6427,5377,5,5382,53
2020-07-21,San Joaquin,077,732212,12416,9150,6,9156,99
2020-07-21,San Luis Obispo,079,281455,1757,1338,5,1343,7
2020-07-21,San Mateo,081,765935,5699,4733,4,4737,111
2020-07-21,Santa Barbara,083,443738,6529,5422,44,5466,29
2020-07-21,Santa Clara,085,1922200,10627,7989,16,8005,164
2020-07-21,Santa Cruz,087,273765,1079,835,9,844,3
2020-07-21,Shasta,089,179085,406,241,1,242,9
2020-07-21,Sierra,091,2930,1,1,0,1,0
2020-07-21,Siskiyou,093,43540,80,48,0,48,0
2020-07-21,Solano,095,438530,3742,2727,12,2739,27
2020-07-21,Sonoma,097,501317,3097,2200,5,2205,17
2020-07-21,Stanislaus,099,539301,9741,6984,11,6995,69
2020-07-21,Sutter,101,95872,666,533,0,533,2
2020-07-21,Tehama,103,63373,221,150,2,152,1
2020-07-21,Trinity,105,12862,9,2,4,6,0
2020-07-21,Tulare,107,460477,9527,7447,26,7473,167
2020-07-21,Tuolumne,109,53932,132,75,1,76,0
2020-07-21,Ventura,111,848112,7583,6131,18,6149,55
2020-07-21,Yolo,113,214977,1581,1204,3,1207,34
2020-07-21,Yuba,115,75493,368,269,0,269,1
2020-07-20,Alameda,001,1643700,11624,9244,37,9281,162
2020-07-20,Alpine,003,1148,3,2,0,2,0
2020-07-20,Amador,005,37829,110,53,0,53,0
2020-07-20,Butte,007,227075,883,586,7,593,4
2020-07-20,Calaveras,009,45235,107,90,0,90,0
2020-07-20,Colusa,011,21464,287,217,0,217,0
2020-07-20,Contra Costa,013,1133247,8270,5823,23,5846,97
2020-07-20,Del Norte,015,27424,84,61,0,61,0
2020-07-20,El Dorado,017,186661,647,407,0,407,0
2020-07-20,Fresno,019,978130,18175,10891,138,11029,106
2020-07-20,Glenn,021,27897,324,225,0,225,1
2020-07-20,Humboldt,023,135768,229,194,1,195,4
2020-07-20,Imperial,025,180216,9851,7337,5,7342,124
2020-07-20,Inyo,027,18085,46,38,0,38,1
2020-07-20,Kern,029,883053,20777,10908,84,10992,118
2020-07-20,Kings,031,150075,3986,3093,24,3117,37
2020-07-20,Lake,033,64148,194,147,0,147,1
2020-07-20,Lassen,035,31185,561,474,2,476,0
2020-07-20,Los Angeles,037,10098052,178243,159202,356,159558,4108
2020-07-20,Madera,039,155013,2183,1433,1,1434,10
2020-07-20,Marin,041,260295,4842,4255,4,4259,21
2020-07-20,Mariposa,043,17540,53,36,0,36,1
2020-07-20,Mendocino,045,87422,221,153,0,153,0
2020-07-20,Merced,047,269075,4407,2584,1,2585,15
2020-07-20,Modoc,049,8938,3,0,0,0,0
2020-07-20,Mono,051,14174,118,78,0,78,1
2020-07-20,Monterey,053,433212,4321,3205,11,3216,19
2020-07-20,Napa,055,140530,939,632,0,632,5
2020-07-20,Nevada,057,99092,298,218,9,227,1
2020-07-20,Orange,059,3164182,38847,30337,599,30936,507
2020-07-20,Placer,061,380077,1852,1364,1,1365,11
2020-07-20,Plumas,063,18699,30,17,0,17,0
2020-07-20,Riverside,065,2383286,38877,31163,22,31185,581
2020-07-20,Sacramento,067,1510023,10259,7369,4,7373,99
2020-07-20,San Benito,069,59416,573,433,0,433,2
2020-07-20,San Bernardino,071,2135413,34436,24226,56,24282,338
2020-07-20,San Diego,073,3302833,28605,24137,2,24139,478
2020-07-20,San Francisco,075,870044,6306,5090,5,5095,53
2020-07-20,San Joaquin,077,732212,12059,8583,6,8589,97
2020-07-20,San Luis Obispo,079,281455,1717,1282,5,1287,6
2020-07-20,San Mateo,081,765935,5598,4609,4,4613,111
2020-07-20,Santa Barbara,083,443738,6405,5266,42,5308,29
2020-07-20,Santa Clara,085,1922200,10399,7711,15,7726,164
2020-07-20,Santa Cruz,087,273765,1047,758,9,767,3
2020-07-20,Shasta,089,179085,391,233,1,234,9
2020-07-20,Sierra,091,2930,1,1,0,1,0
2020-07-20,Siskiyou,093,43540,76,42,0,42,0
2020-07-20,Solano,095,438530,3659,2537,12,2549,26
2020-07-20,Sonoma,097,501317,2990,2148,5,2153,17
2020-07-20,Stanislaus,099,539301,9458,6835,11,6846,58
2020-07-20,Sutter,101,95872,633,507,0,507,2
2020-07-20,Tehama,103,63373,211,146,2,148,1
2020-07-20,Trinity,105,12862,9,2,4,6,0
2020-07-20,Tulare,107,460477,9293,6974,26,7000,166
2020-07-20,Tuolumne,109,53932,131,75,1,76,0
2020-07-20,Ventura,111,848112,7450,5912,18,5930,52
2020-07-20,Yolo,113,214977,1541,1155,3,1158,30
2020-07-20,Yuba,115,75493,348,258,0,258,1
2020-07-19,Alameda,001,1643700,11386,9227,31,9258,162
2020-07-19,Alpine,003,1148,3,2,0,2,0
2020-07-19,Amador,005,37829,103,51,0,51,0
2020-07-19,Butte,007,227075,858,555,7,562,4
2020-07-19,Calaveras,009,45235,105,89,0,89,0
2020-07-19,Colusa,011,21464,279,187,0,187,0
2020-07-19,Contra Costa,013,1133247,7979,5691,21,5712,95
2020-07-19,Del Norte,015,27424,83,61,0,61,0
2020-07-19,El Dorado,017,186661,629,385,0,385,0
2020-07-19,Fresno,019,978130,17654,10639,126,10765,106
2020-07-19,Glenn,021,27897,310,215,0,215,0
2020-07-19,Humboldt,023,135768,221,195,1,196,4
2020-07-19,Imperial,025,180216,9760,7280,5,7285,124
2020-07-19,Inyo,027,18085,42,38,0,38,1
2020-07-19,Kern,029,883053,20160,10094,77,10171,115
2020-07-19,Kings,031,150075,3900,3035,24,3059,37
2020-07-19,Lake,033,64148,189,144,0,144,1
2020-07-19,Lassen,035,31185,542,474,2,476,0
2020-07-19,Los Angeles,037,10098052,174800,156039,333,156372,4100
2020-07-19,Madera,039,155013,2106,1301,1,1302,10
2020-07-19,Marin,041,260295,4787,4172,4,4176,21
2020-07-19,Mariposa,043,17540,49,35,0,35,1
2020-07-19,Mendocino,045,87422,216,137,0,137,0
2020-07-19,Merced,047,269075,4200,2460,1,2461,15
2020-07-19,Modoc,049,8938,3,0,0,0,0
2020-07-19,Mono,051,14174,107,63,0,63,1
2020-07-19,Monterey,053,433212,4201,3079,11,3090,18
2020-07-19,Napa,055,140530,910,612,0,612,5
2020-07-19,Nevada,057,99092,292,210,9,219,1
2020-07-19,Orange,059,3164182,38284,29941,586,30527,505
2020-07-19,Placer,061,380077,1804,1246,1,1247,11
2020-07-19,Plumas,063,18699,30,17,0,17,0
2020-07-19,Riverside,065,2383286,38173,30340,22,30362,581
2020-07-19,Sacramento,067,1510023,9865,6985,4,6989,97
2020-07-19,San Benito,069,59416,557,412,0,412,2
2020-07-19,San Bernardino,071,2135413,33665,23928,51,23979,337
2020-07-19,San Diego,073,3302833,28105,23684,2,23686,478
2020-07-19,San Francisco,075,870044,6159,5094,5,5099,52
2020-07-19,San Joaquin,077,732212,11654,8308,6,8314,93
2020-07-19,San Luis Obispo,079,281455,1673,1262,4,1266,6
2020-07-19,San Mateo,081,765935,5491,4522,4,4526,110
2020-07-19,Santa Barbara,083,443738,6300,5145,39,5184,29
2020-07-19,Santa Clara,085,1922200,10155,7403,15,7418,164
2020-07-19,Santa Cruz,087,273765,1003,753,9,762,3
2020-07-19,Shasta,089,179085,378,218,1,219,9
2020-07-19,Sierra,091,2930,1,1,0,1,0
2020-07-19,Siskiyou,093,43540,74,42,0,42,0
2020-07-19,Solano,095,438530,3555,2551,12,2563,26
2020-07-19,Sonoma,097,501317,2889,2074,5,2079,17
2020-07-19,Stanislaus,099,539301,9162,6508,11,6519,58
2020-07-19,Sutter,101,95872,602,480,0,480,2
2020-07-19,Tehama,103,63373,207,138,2,140,1
2020-07-19,Trinity,105,12862,9,2,4,6,0
2020-07-19,Tulare,107,460477,9044,6856,26,6882,166
2020-07-19,Tuolumne,109,53932,126,75,1,76,0
2020-07-19,Ventura,111,848112,7260,5706,18,5724,52
2020-07-19,Yolo,113,214977,1501,1127,3,1130,30
2020-07-19,Yuba,115,75493,328,240,0,240,1
2020-07-18,Alameda,001,1643700,11250,9089,29,9118,162
2020-07-18,Alpine,003,1148,3,2,0,2,0
2020-07-18,Amador,005,37829,99,49,0,49,0
2020-07-18,Butte,007,227075,849,551,7,558,4
2020-07-18,Calaveras,009,45235,101,89,0,89,0
2020-07-18,Colusa,011,21464,274,182,0,182,0
2020-07-18,Contra Costa,013,1133247,7844,5617,21,5638,95
2020-07-18,Del Norte,015,27424,83,61,0,61,0
2020-07-18,El Dorado,017,186661,626,385,0,385,0
2020-07-18,Fresno,019,978130,17405,10381,124,10505,106
2020-07-18,Glenn,021,27897,304,212,0,212,0
2020-07-18,Humboldt,023,135768,218,189,1,190,4
2020-07-18,Imperial,025,180216,9729,7268,5,7273,124
2020-07-18,Inyo,027,18085,42,38,0,38,1
2020-07-18,Kern,029,883053,19857,9250,74,9324,114
2020-07-18,Kings,031,150075,3862,2996,23,3019,37
2020-07-18,Lake,033,64148,186,142,0,142,1
2020-07-18,Lassen,035,31185,541,474,2,476,0
2020-07-18,Los Angeles,037,10098052,173354,153265,318,153583,4088
2020-07-18,Madera,039,155013,2060,1260,1,1261,9
2020-07-18,Marin,041,260295,4758,4089,4,4093,21
2020-07-18,Mariposa,043,17540,49,35,0,35,1
2020-07-18,Mendocino,045,87422,209,137,0,137,0
2020-07-18,Merced,047,269075,4081,2424,1,2425,15
2020-07-18,Modoc,049,8938,3,0,0,0,0
2020-07-18,Mono,051,14174,105,54,0,54,1
2020-07-18,Monterey,053,433212,4134,3020,11,3031,17
2020-07-18,Napa,055,140530,899,609,0,609,5
2020-07-18,Nevada,057,99092,288,204,8,212,1
2020-07-18,Orange,059,3164182,37965,29603,564,30167,493
2020-07-18,Placer,061,380077,1780,1233,1,1234,11
2020-07-18,Plumas,063,18699,30,17,0,17,0
2020-07-18,Riverside,065,2383286,37821,30245,21,30266,581
2020-07-18,Sacramento,067,1510023,9620,6739,4,6743,95
2020-07-18,San Benito,069,59416,542,407,0,407,2
2020-07-18,San Bernardino,071,2135413,33206,23680,47,23727,336
2020-07-18,San Diego,073,3302833,27802,23116,2,23118,478
2020-07-18,San Francisco,075,870044,6057,5051,5,5056,52
2020-07-18,San Joaquin,077,732212,11442,8118,6,8124,93
2020-07-18,San Luis Obispo,079,281455,1640,1234,4,1238,6
2020-07-18,San Mateo,081,765935,5431,4488,4,4492,110
2020-07-18,Santa Barbara,083,443738,6240,5110,37,5147,29
2020-07-18,Santa Clara,085,1922200,10005,7255,14,7269,164
2020-07-18,Santa Cruz,087,273765,986,751,9,760,3
2020-07-18,Shasta,089,179085,369,216,1,217,9
2020-07-18,Sierra,091,2930,1,1,0,1,0
2020-07-18,Siskiyou,093,43540,70,42,0,42,0
2020-07-18,Solano,095,438530,3514,2503,12,2515,26
2020-07-18,Sonoma,097,501317,2838,2019,5,2024,15
2020-07-18,Stanislaus,099,539301,9027,6344,11,6355,58
2020-07-18,Sutter,101,95872,596,473,0,473,2
2020-07-18,Tehama,103,63373,202,136,2,138,1
2020-07-18,Trinity,105,12862,9,2,4,6,0
2020-07-18,Tulare,107,460477,8953,6810,25,6835,167
2020-07-18,Tuolumne,109,53932,123,75,1,76,0
2020-07-18,Ventura,111,848112,7178,5630,18,5648,52
2020-07-18,Yolo,113,214977,1473,1077,3,1080,30
2020-07-18,Yuba,115,75493,317,237,0,237,1
2020-07-17,Alameda,001,1643700,11110,8893,28,8921,160
2020-07-17,Alpine,003,1148,3,1,0,1,0
2020-07-17,Amador,005,37829,97,48,0,48,0
2020-07-17,Butte,007,227075,835,497,7,504,4
2020-07-17,Calaveras,009,45235,99,86,0,86,0
2020-07-17,Colusa,011,21464,272,146,0,146,0
2020-07-17,Contra Costa,013,1133247,7696,5483,21,5504,93
2020-07-17,Del Norte,015,27424,82,60,0,60,0
2020-07-17,El Dorado,017,186661,610,368,0,368,0
2020-07-17,Fresno,019,978130,17107,9954,124,10078,104
2020-07-17,Glenn,021,27897,297,203,0,203,0
2020-07-17,Humboldt,023,135768,217,185,1,186,4
2020-07-17,Imperial,025,180216,9707,7193,5,7198,120
2020-07-17,Inyo,027,18085,42,38,0,38,1
2020-07-17,Kern,029,883053,19537,8291,72,8363,113
2020-07-17,Kings,031,150075,3824,2978,23,3001,37
2020-07-17,Lake,033,64148,184,139,0,139,1
2020-07-17,Lassen,035,31185,522,391,2,393,0
2020-07-17,Los Angeles,037,10098052,170983,150481,305,150786,4052
2020-07-17,Madera,039,155013,2016,1214,1,1215,9
2020-07-17,Marin,041,260295,4721,3839,4,3843,21
2020-07-17,Mariposa,043,17540,47,35,0,35,1
2020-07-17,Mendocino,045,87422,201,126,0,126,0
2020-07-17,Merced,047,269075,4005,2328,1,2329,12
2020-07-17,Modoc,049,8938,2,0,0,0,0
2020-07-17,Mono,051,14174,100,54,0,54,1
2020-07-17,Monterey,053,433212,4005,2922,11,2933,18
2020-07-17,Napa,055,140530,885,598,0,598,5
2020-07-17,Nevada,057,99092,281,200,8,208,1
2020-07-17,Orange,059,3164182,37503,28962,530,29492,485
2020-07-17,Placer,061,380077,1752,1207,1,1208,11
2020-07-17,Plumas,063,18699,27,16,0,16,0
2020-07-17,Riverside,065,2383286,37222,29639,21,29660,580
2020-07-17,Sacramento,067,1510023,9376,6563,4,6567,95
2020-07-17,San Benito,069,59416,527,399,0,399,2
2020-07-17,San Bernardino,071,2135413,32687,23057,44,23101,322
2020-07-17,San Diego,073,3302833,27414,22491,2,22493,472
2020-07-17,San Francisco,075,870044,5963,4967,5,4972,52
2020-07-17,San Joaquin,077,732212,11197,7925,6,7931,86
2020-07-17,San Luis Obispo,079,281455,1604,1190,4,1194,6
2020-07-17,San Mateo,081,765935,5335,4407,4,4411,110
2020-07-17,Santa Barbara,083,443738,6167,5001,36,5037,29
2020-07-17,Santa Clara,085,1922200,9788,7080,14,7094,164
2020-07-17,Santa Cruz,087,273765,964,716,9,725,3
2020-07-17,Shasta,089,179085,357,213,1,214,8
2020-07-17,Sierra,091,2930,1,1,0,1,0
2020-07-17,Siskiyou,093,43540,69,40,0,40,0
2020-07-17,Solano,095,438530,3465,2452,12,2464,26
2020-07-17,Sonoma,097,501317,2790,1982,5,1987,15
2020-07-17,Stanislaus,099,539301,8853,6220,11,6231,56
2020-07-17,Sutter,101,95872,583,458,0,458,2
2020-07-17,Tehama,103,63373,198,128,2,130,1
2020-07-17,Trinity,105,12862,9,2,4,6,0
2020-07-17,Tulare,107,460477,8817,6671,25,6696,166
2020-07-17,Tuolumne,109,53932,122,73,1,74,0
2020-07-17,Ventura,111,848112,7095,5451,18,5469,51
2020-07-17,Yolo,113,214977,1449,1055,3,1058,30
2020-07-17,Yuba,115,75493,307,231,0,231,1
2020-07-16,Alameda,001,1643700,10876,8719,22,8741,153
2020-07-16,Alpine,003,1148,3,1,0,1,0
2020-07-16,Amador,005,37829,94,46,0,46,0
2020-07-16,Butte,007,227075,798,465,6,471,4
2020-07-16,Calaveras,009,45235,97,82,0,82,0
2020-07-16,Colusa,011,21464,263,140,0,140,0
2020-07-16,Contra Costa,013,1133247,7484,5338,15,5353,91
2020-07-16,Del Norte,015,27424,82,60,0,60,0
2020-07-16,El Dorado,017,186661,593,357,0,357,0
2020-07-16,Fresno,019,978130,16596,9481,115,9596,101
2020-07-16,Glenn,021,27897,288,190,0,190,0
2020-07-16,Humboldt,023,135768,215,184,1,185,4
2020-07-16,Imperial,025,180216,9612,7148,5,7153,113
2020-07-16,Inyo,027,18085,42,38,0,38,1
2020-07-16,Kern,029,883053,19015,7435,70,7505,112
2020-07-16,Kings,031,150075,3658,2937,23,2960,37
2020-07-16,Lake,033,64148,179,128,0,128,1
2020-07-16,Lassen,035,31185,521,355,2,357,0
2020-07-16,Los Angeles,037,10098052,167736,147759,281,148040,3994
2020-07-16,Madera,039,155013,1952,1192,1,1193,8
2020-07-16,Marin,041,260295,4649,3546,4,3550,21
2020-07-16,Mariposa,043,17540,45,34,0,34,1
2020-07-16,Mendocino,045,87422,196,121,0,121,0
2020-07-16,Merced,047,269075,3843,2228,1,2229,12
2020-07-16,Modoc,049,8938,1,0,0,0,0
2020-07-16,Mono,051,14174,97,53,0,53,1
2020-07-16,Monterey,053,433212,3900,2857,10,2867,18
2020-07-16,Napa,055,140530,856,581,0,581,5
2020-07-16,Nevada,057,99092,278,191,8,199,1
2020-07-16,Orange,059,3164182,36802,28525,492,29017,471
2020-07-16,Placer,061,380077,1702,1168,1,1169,11
2020-07-16,Plumas,063,18699,25,16,0,16,0
2020-07-16,Riverside,065,2383286,36477,28904,20,28924,577
2020-07-16,Sacramento,067,1510023,9063,6440,4,6444,91
2020-07-16,San Benito,069,59416,510,389,0,389,2
2020-07-16,San Bernardino,071,2135413,31824,22355,37,22392,321
2020-07-16,San Diego,073,3302833,26927,21857,2,21859,465
2020-07-16,San Francisco,075,870044,5822,4838,5,4843,52
2020-07-16,San Joaquin,077,732212,10834,7713,6,7719,82
2020-07-16,San Luis Obispo,079,281455,1560,1146,4,1150,6
2020-07-16,San Mateo,081,765935,5231,4336,4,4340,110
2020-07-16,Santa Barbara,083,443738,6071,4872,35,4907,28
2020-07-16,Santa Clara,085,1922200,9508,6990,12,7002,164
2020-07-16,Santa Cruz,087,273765,923,698,9,707,3
2020-07-16,Shasta,089,179085,342,208,1,209,7
2020-07-16,Sierra,091,2930,1,1,0,1,0
2020-07-16,Siskiyou,093,43540,66,39,0,39,0
2020-07-16,Solano,095,438530,3371,2372,12,2384,25
2020-07-16,Sonoma,097,501317,2699,1954,5,1959,14
2020-07-16,Stanislaus,099,539301,8571,6077,10,6087,56
2020-07-16,Sutter,101,95872,567,444,0,444,2
2020-07-16,Tehama,103,63373,188,126,2,128,1
2020-07-16,Trinity,105,12862,9,2,3,5,0
2020-07-16,Tulare,107,460477,8601,6467,24,6491,163
2020-07-16,Tuolumne,109,53932,117,71,1,72,0
2020-07-16,Ventura,111,848112,6933,5231,18,5249,50
2020-07-16,Yolo,113,214977,1407,1034,3,1037,29
2020-07-16,Yuba,115,75493,289,221,0,221,1
2020-07-15,Alameda,001,1643700,10674,8615,16,8631,153
2020-07-15,Alpine,003,1148,3,1,0,1,0
2020-07-15,Amador,005,37829,73,44,0,44,0
2020-07-15,Butte,007,227075,756,420,6,426,4
2020-07-15,Calaveras,009,45235,97,75,0,75,0
2020-07-15,Colusa,011,21464,258,135,0,135,0
2020-07-15,Contra Costa,013,1133247,7253,5246,15,5261,90
2020-07-15,Del Norte,015,27424,81,60,0,60,0
2020-07-15,El Dorado,017,186661,569,339,0,339,0
2020-07-15,Fresno,019,978130,16123,9124,108,9232,101
2020-07-15,Glenn,021,27897,279,184,0,184,0
2020-07-15,Humboldt,023,135768,213,181,1,182,4
2020-07-15,Imperial,025,180216,9545,7110,5,7115,110
2020-07-15,Inyo,027,18085,42,36,0,36,1
2020-07-15,Kern,029,883053,18395,7155,67,7222,108
2020-07-15,Kings,031,150075,3596,2906,23,2929,37
2020-07-15,Lake,033,64148,177,122,0,122,1
2020-07-15,Lassen,035,31185,517,319,2,321,0
2020-07-15,Los Angeles,037,10098052,164270,143343,266,143609,3946
2020-07-15,Madera,039,155013,1883,1147,1,1148,4
2020-07-15,Marin,041,260295,4594,3458,4,3462,21
2020-07-15,Mariposa,043,17540,45,34,0,34,1
2020-07-15,Mendocino,045,87422,193,119,0,119,0
2020-07-15,Merced,047,269075,3693,2156,1,2157,12
2020-07-15,Modoc,049,8938,1,0,0,0,0
2020-07-15,Mono,051,14174,95,52,0,52,1
2020-07-15,Monterey,053,433212,3789,2780,10,2790,18
2020-07-15,Napa,055,140530,830,573,0,573,5
2020-07-15,Nevada,057,99092,274,185,6,191,1
2020-07-15,Orange,059,3164182,36001,27718,457,28175,454
2020-07-15,Placer,061,380077,1646,1145,1,1146,11
2020-07-15,Plumas,063,18699,25,16,0,16,0
2020-07-15,Riverside,065,2383286,35698,28492,18,28510,568
2020-07-15,Sacramento,067,1510023,8682,6217,4,6221,91
2020-07-15,San Benito,069,59416,501,388,0,388,2
2020-07-15,San Bernardino,071,2135413,31035,21508,36,21544,317
2020-07-15,San Diego,073,3302833,26460,21448,2,21450,448
2020-07-15,San Francisco,075,870044,5708,4757,5,4762,50
2020-07-15,San Joaquin,077,732212,10402,7381,5,7386,75
2020-07-15,San Luis Obispo,079,281455,1517,1097,4,1101,6
2020-07-15,San Mateo,081,765935,5118,4258,4,4262,109
2020-07-15,Santa Barbara,083,443738,5955,4733,35,4768,28
2020-07-15,Santa Clara,085,1922200,9205,6900,12,6912,164
2020-07-15,Santa Cruz,087,273765,887,660,8,668,3
2020-07-15,Shasta,089,179085,333,193,1,194,7
2020-07-15,Sierra,091,2930,1,1,0,1,0
2020-07-15,Siskiyou,093,43540,65,38,0,38,0
2020-07-15,Solano,095,438530,3277,2343,12,2355,25
2020-07-15,Sonoma,097,501317,2601,1920,5,1925,14
2020-07-15,Stanislaus,099,539301,8274,5777,10,5787,56
2020-07-15,Sutter,101,95872,541,433,0,433,2
2020-07-15,Tehama,103,63373,180,126,2,128,1
2020-07-15,Trinity,105,12862,8,2,3,5,0
2020-07-15,Tulare,107,460477,8388,6320,23,6343,156
2020-07-15,Tuolumne,109,53932,110,68,1,69,0
2020-07-15,Ventura,111,848112,6756,5087,18,5105,50
2020-07-15,Yolo,113,214977,1374,1002,3,1005,27
2020-07-15,Yuba,115,75493,277,221,0,221,1
2020-07-14,Alameda,001,1643700,10332,8388,10,8398,151
2020-07-14,Alpine,003,1148,3,1,0,1,0
2020-07-14,Amador,005,37829,69,44,0,44,0
2020-07-14,Butte,007,227075,710,382,6,388,4
2020-07-14,Calaveras,009,45235,95,74,0,74,0
2020-07-14,Colusa,011,21464,248,128,0,128,0
2020-07-14,Contra Costa,013,1133247,7017,5110,13,5123,90
2020-07-14,Del Norte,015,27424,80,60,0,60,0
2020-07-14,El Dorado,017,186661,554,324,0,324,0
2020-07-14,Fresno,019,978130,15703,8941,104,9045,98
2020-07-14,Glenn,021,27897,269,177,0,177,0
2020-07-14,Humboldt,023,135768,210,175,1,176,4
2020-07-14,Imperial,025,180216,9418,7095,5,7100,109
2020-07-14,Inyo,027,18085,42,35,0,35,1
2020-07-14,Kern,029,883053,17636,6979,54,7033,107
2020-07-14,Kings,031,150075,3529,2867,22,2889,37
2020-07-14,Lake,033,64148,171,120,0,120,1
2020-07-14,Lassen,035,31185,500,263,2,265,0
2020-07-14,Los Angeles,037,10098052,161133,140632,236,140868,3900
2020-07-14,Madera,039,155013,1809,1118,1,1119,4
2020-07-14,Marin,041,260295,4480,3451,4,3455,21
2020-07-14,Mariposa,043,17540,41,32,0,32,1
2020-07-14,Mendocino,045,87422,185,110,0,110,0
2020-07-14,Merced,047,269075,3514,2084,1,2085,12
2020-07-14,Modoc,049,8938,1,0,0,0,0
2020-07-14,Mono,051,14174,85,48,0,48,1
2020-07-14,Monterey,053,433212,3675,2724,10,2734,18
2020-07-14,Napa,055,140530,774,557,0,557,4
2020-07-14,Nevada,057,99092,257,180,5,185,1
2020-07-14,Orange,059,3164182,35122,26915,410,27325,432
2020-07-14,Placer,061,380077,1589,1122,1,1123,11
2020-07-14,Plumas,063,18699,24,14,0,14,0
2020-07-14,Riverside,065,2383286,34943,27850,17,27867,547
2020-07-14,Sacramento,067,1510023,8328,5978,4,5982,87
2020-07-14,San Benito,069,59416,482,360,0,360,2
2020-07-14,San Bernardino,071,2135413,30184,20489,34,20523,316
2020-07-14,San Diego,073,3302833,25841,20887,2,20889,436
2020-07-14,San Francisco,075,870044,5558,4659,4,4663,50
2020-07-14,San Joaquin,077,732212,9975,7143,5,7148,75
2020-07-14,San Luis Obispo,079,281455,1479,1060,4,1064,5
2020-07-14,San Mateo,081,765935,5025,4173,4,4177,108
2020-07-14,Santa Barbara,083,443738,5831,4641,33,4674,28
2020-07-14,Santa Clara,085,1922200,8878,6686,9,6695,164
2020-07-14,Santa Cruz,087,273765,848,639,8,647,3
2020-07-14,Shasta,089,179085,324,190,1,191,7
2020-07-14,Sierra,091,2930,1,1,0,1,0
2020-07-14,Siskiyou,093,43540,64,38,0,38,0
2020-07-14,Solano,095,438530,3177,2266,10,2276,25
2020-07-14,Sonoma,097,501317,2509,1866,5,1871,14
2020-07-14,Stanislaus,099,539301,7900,5631,9,5640,53
2020-07-14,Sutter,101,95872,522,405,0,405,2
2020-07-14,Tehama,103,63373,168,123,2,125,1
2020-07-14,Trinity,105,12862,8,2,3,5,0
2020-07-14,Tulare,107,460477,8142,6199,23,6222,156
2020-07-14,Tuolumne,109,53932,105,68,1,69,0
2020-07-14,Ventura,111,848112,6595,4950,18,4968,50
2020-07-14,Yolo,113,214977,1326,966,3,969,27
2020-07-14,Yuba,115,75493,260,210,0,210,1
2020-07-13,Alameda,001,1643700,10024,8115,10,8125,148
2020-07-13,Alpine,003,1148,3,1,0,1,0
2020-07-13,Amador,005,37829,65,42,0,42,0
2020-07-13,Butte,007,227075,674,354,6,360,4
2020-07-13,Calaveras,009,45235,86,63,0,63,0
2020-07-13,Colusa,011,21464,242,116,0,116,0
2020-07-13,Contra Costa,013,1133247,6743,4882,11,4893,88
2020-07-13,Del Norte,015,27424,74,59,0,59,0
2020-07-13,El Dorado,017,186661,523,298,0,298,0
2020-07-13,Fresno,019,978130,15276,8666,100,8766,95
2020-07-13,Glenn,021,27897,262,168,0,168,0
2020-07-13,Humboldt,023,135768,205,174,1,175,4
2020-07-13,Imperial,025,180216,9333,7052,5,7057,109
2020-07-13,Inyo,027,18085,41,35,0,35,1
2020-07-13,Kern,029,883053,16951,6808,50,6858,107
2020-07-13,Kings,031,150075,3478,2824,22,2846,37
2020-07-13,Lake,033,64148,166,118,0,118,1
2020-07-13,Lassen,035,31185,495,237,2,239,0
2020-07-13,Los Angeles,037,10098052,157896,136368,222,136590,3829
2020-07-13,Madera,039,155013,1740,1059,1,1060,4
2020-07-13,Marin,041,260295,4377,3402,4,3406,21
2020-07-13,Mariposa,043,17540,40,31,0,31,1
2020-07-13,Mendocino,045,87422,181,87,0,87,0
2020-07-13,Merced,047,269075,3365,2007,1,2008,12
2020-07-13,Modoc,049,8938,1,0,0,0,0
2020-07-13,Mono,051,14174,81,47,0,47,1
2020-07-13,Monterey,053,433212,3552,2613,7,2620,18
2020-07-13,Napa,055,140530,738,534,0,534,4
2020-07-13,Nevada,057,99092,243,172,5,177,1
2020-07-13,Orange,059,3164182,34260,25978,378,26356,423
2020-07-13,Placer,061,380077,1542,1096,1,1097,11
2020-07-13,Plumas,063,18699,22,14,0,14,0
2020-07-13,Riverside,065,2383286,34017,27136,15,27151,545
2020-07-13,Sacramento,067,1510023,8031,5747,4,5751,85
2020-07-13,San Benito,069,59416,469,343,0,343,2
2020-07-13,San Bernardino,071,2135413,29308,19610,28,19638,313
2020-07-13,San Diego,073,3302833,25274,20348,2,20350,422
2020-07-13,San Francisco,075,870044,5430,4534,3,4537,50
2020-07-13,San Joaquin,077,732212,9558,6927,5,6932,71
2020-07-13,San Luis Obispo,079,281455,1448,989,4,993,5
2020-07-13,San Mateo,081,765935,4894,4057,4,4061,108
2020-07-13,Santa Barbara,083,443738,5717,4441,32,4473,28
2020-07-13,Santa Clara,085,1922200,8555,6488,8,6496,164
2020-07-13,Santa Cruz,087,273765,810,574,8,582,3
2020-07-13,Shasta,089,179085,313,185,1,186,6
2020-07-13,Sierra,091,2930,1,1,0,1,0
2020-07-13,Siskiyou,093,43540,60,37,0,37,0
2020-07-13,Solano,095,438530,3065,2046,10,2056,23
2020-07-13,Sonoma,097,501317,2398,1818,5,1823,14
2020-07-13,Stanislaus,099,539301,7597,5324,7,5331,53
2020-07-13,Sutter,101,95872,484,379,0,379,2
2020-07-13,Tehama,103,63373,155,112,2,114,1
2020-07-13,Trinity,105,12862,8,2,3,5,0
2020-07-13,Tulare,107,460477,7881,5930,21,5951,147
2020-07-13,Tuolumne,109,53932,97,56,1,57,0
2020-07-13,Ventura,111,848112,6405,4800,15,4815,50
2020-07-13,Yolo,113,214977,1281,941,3,944,27
2020-07-13,Yuba,115,75493,245,194,0,194,1
2020-07-12,Alameda,001,1643700,9753,8056,10,8066,148
2020-07-12,Alpine,003,1148,3,1,0,1,0
2020-07-12,Amador,005,37829,55,40,0,40,0
2020-07-12,Butte,007,227075,624,341,6,347,4
2020-07-12,Calaveras,009,45235,86,62,0,62,0
2020-07-12,Colusa,011,21464,208,116,0,116,0
2020-07-12,Contra Costa,013,1133247,6471,4708,9,4717,88
2020-07-12,Del Norte,015,27424,63,59,0,59,0
2020-07-12,El Dorado,017,186661,501,290,0,290,0
2020-07-12,Fresno,019,978130,14851,8407,97,8504,95
2020-07-12,Glenn,021,27897,249,166,0,166,0
2020-07-12,Humboldt,023,135768,201,174,1,175,4
2020-07-12,Imperial,025,180216,9213,6999,5,7004,109
2020-07-12,Inyo,027,18085,39,35,0,35,1
2020-07-12,Kern,029,883053,16207,6662,47,6709,105
2020-07-12,Kings,031,150075,3416,2779,22,2801,34
2020-07-12,Lake,033,64148,157,114,0,114,1
2020-07-12,Lassen,035,31185,488,237,2,239,0
2020-07-12,Los Angeles,037,10098052,154475,133830,193,134023,3816
2020-07-12,Madera,039,155013,1685,1025,1,1026,4
2020-07-12,Marin,041,260295,4300,3358,4,3362,21
2020-07-12,Mariposa,043,17540,39,31,0,31,1
2020-07-12,Mendocino,045,87422,162,88,0,88,0
2020-07-12,Merced,047,269075,3235,1908,1,1909,12
2020-07-12,Modoc,049,8938,1,0,0,0,0
2020-07-12,Mono,051,14174,71,45,0,45,1
2020-07-12,Monterey,053,433212,3437,2521,7,2528,18
2020-07-12,Napa,055,140530,706,519,0,519,4
2020-07-12,Nevada,057,99092,233,166,5,171,1
2020-07-12,Orange,059,3164182,33386,25399,369,25768,422
2020-07-12,Placer,061,380077,1485,1058,1,1059,11
2020-07-12,Plumas,063,18699,21,14,0,14,0
2020-07-12,Riverside,065,2383286,33259,26404,15,26419,542
2020-07-12,Sacramento,067,1510023,7719,5515,3,5518,85
2020-07-12,San Benito,069,59416,454,324,0,324,2
2020-07-12,San Bernardino,071,2135413,28397,19042,23,19065,312
2020-07-12,San Diego,073,3302833,24646,19929,2,19931,422
2020-07-12,San Francisco,075,870044,5281,4535,3,4538,50
2020-07-12,San Joaquin,077,732212,9196,6703,5,6708,71
2020-07-12,San Luis Obispo,079,281455,1401,972,4,976,5
2020-07-12,San Mateo,081,765935,4776,3988,4,3992,108
2020-07-12,Santa Barbara,083,443738,5587,4353,31,4384,28
2020-07-12,Santa Clara,085,1922200,8317,6252,8,6260,164
2020-07-12,Santa Cruz,087,273765,768,573,6,579,3
2020-07-12,Shasta,089,179085,307,173,1,174,6
2020-07-12,Sierra,091,2930,1,1,0,1,0
2020-07-12,Siskiyou,093,43540,58,36,0,36,0
2020-07-12,Solano,095,438530,2940,2037,10,2047,23
2020-07-12,Sonoma,097,501317,2303,1743,5,1748,13
2020-07-12,Stanislaus,099,539301,7293,5177,7,5184,53
2020-07-12,Sutter,101,95872,466,362,0,362,2
2020-07-12,Tehama,103,63373,148,111,2,113,1
2020-07-12,Trinity,105,12862,8,2,3,5,0
2020-07-12,Tulare,107,460477,7626,5864,20,5884,146
2020-07-12,Tuolumne,109,53932,89,52,1,53,0
2020-07-12,Ventura,111,848112,6189,4724,14,4738,50
2020-07-12,Yolo,113,214977,1240,889,3,892,27
2020-07-12,Yuba,115,75493,234,188,0,188,1
2020-07-11,Alameda,001,1643700,9651,7845,10,7855,148
2020-07-11,Alpine,003,1148,3,1,0,1,0
2020-07-11,Amador,005,37829,51,37,0,37,0
2020-07-11,Butte,007,227075,608,325,6,331,4
2020-07-11,Calaveras,009,45235,83,62,0,62,0
2020-07-11,Colusa,011,21464,203,110,0,110,0
2020-07-11,Contra Costa,013,1133247,6354,4650,9,4659,87
2020-07-11,Del Norte,015,27424,63,59,0,59,0
2020-07-11,El Dorado,017,186661,490,283,0,283,0
2020-07-11,Fresno,019,978130,14591,8086,95,8181,95
2020-07-11,Glenn,021,27897,241,161,0,161,0
2020-07-11,Humboldt,023,135768,200,174,1,175,4
2020-07-11,Imperial,025,180216,9174,6884,5,6889,109
2020-07-11,Inyo,027,18085,39,35,0,35,1
2020-07-11,Kern,029,883053,15850,6509,46,6555,103
2020-07-11,Kings,031,150075,3389,2753,22,2775,33
2020-07-11,Lake,033,64148,156,110,0,110,1
2020-07-11,Lassen,035,31185,487,237,2,239,0
2020-07-11,Los Angeles,037,10098052,152757,130479,183,130662,3802
2020-07-11,Madera,039,155013,1644,988,1,989,4
2020-07-11,Marin,041,260295,4272,3191,4,3195,21
2020-07-11,Mariposa,043,17540,39,31,0,31,1
2020-07-11,Mendocino,045,87422,158,88,0,88,0
2020-07-11,Merced,047,269075,3154,1851,1,1852,12
2020-07-11,Modoc,049,8938,1,0,0,0,0
2020-07-11,Mono,051,14174,68,45,0,45,1
2020-07-11,Monterey,053,433212,3348,2376,6,2382,18
2020-07-11,Napa,055,140530,694,509,0,509,4
2020-07-11,Nevada,057,99092,224,163,4,167,1
2020-07-11,Orange,059,3164182,33009,24430,355,24785,422
2020-07-11,Placer,061,380077,1450,1029,1,1030,11
2020-07-11,Plumas,063,18699,21,12,0,12,0
2020-07-11,Riverside,065,2383286,32867,25994,15,26009,538
2020-07-11,Sacramento,067,1510023,7545,5367,3,5370,84
2020-07-11,San Benito,069,59416,439,314,0,314,2
2020-07-11,San Bernardino,071,2135413,27960,18907,21,18928,310
2020-07-11,San Diego,073,3302833,24261,19371,2,19373,422
2020-07-11,San Francisco,075,870044,5185,4430,2,4432,50
2020-07-11,San Joaquin,077,732212,9018,6518,5,6523,72
2020-07-11,San Luis Obispo,079,281455,1353,930,4,934,4
2020-07-11,San Mateo,081,765935,4708,3956,4,3960,108
2020-07-11,Santa Barbara,083,443738,5518,4283,30,4313,28
2020-07-11,Santa Clara,085,1922200,8157,5959,8,5967,164
2020-07-11,Santa Cruz,087,273765,737,571,6,577,3
2020-07-11,Shasta,089,179085,300,168,1,169,6
2020-07-11,Sierra,091,2930,1,1,0,1,0
2020-07-11,Siskiyou,093,43540,58,36,0,36,0
2020-07-11,Solano,095,438530,2899,2034,10,2044,23
2020-07-11,Sonoma,097,501317,2266,1690,5,1695,13
2020-07-11,Stanislaus,099,539301,7152,4911,7,4918,51
2020-07-11,Sutter,101,95872,450,352,0,352,2
2020-07-11,Tehama,103,63373,146,111,2,113,1
2020-07-11,Trinity,105,12862,8,2,3,5,0
2020-07-11,Tulare,107,460477,7520,5780,20,5800,149
2020-07-11,Tuolumne,109,53932,87,50,1,51,0
2020-07-11,Ventura,111,848112,6093,4545,13,4558,49
2020-07-11,Yolo,113,214977,1210,833,3,836,27
2020-07-11,Yuba,115,75493,224,175,0,175,1
2020-07-10,Alameda,001,1643700,9494,7551,10,7561,147
2020-07-10,Alpine,003,1148,3,1,0,1,0
2020-07-10,Amador,005,37829,47,37,0,37,0
2020-07-10,Butte,007,227075,597,318,6,324,4
2020-07-10,Calaveras,009,45235,83,61,0,61,0
2020-07-10,Colusa,011,21464,197,103,0,103,0
2020-07-10,Contra Costa,013,1133247,6211,4482,9,4491,86
2020-07-10,Del Norte,015,27424,63,57,0,57,0
2020-07-10,El Dorado,017,186661,472,266,0,266,0
2020-07-10,Fresno,019,978130,14259,7760,92,7852,93
2020-07-10,Glenn,021,27897,236,157,0,157,0
2020-07-10,Humboldt,023,135768,199,168,1,169,4
2020-07-10,Imperial,025,180216,9129,6878,5,6883,98
2020-07-10,Inyo,027,18085,39,35,0,35,1
2020-07-10,Kern,029,883053,15417,6344,45,6389,102
2020-07-10,Kings,031,150075,3354,2707,22,2729,33
2020-07-10,Lake,033,64148,149,104,0,104,1
2020-07-10,Lassen,035,31185,486,235,2,237,0
2020-07-10,Los Angeles,037,10098052,150338,127503,177,127680,3750
2020-07-10,Madera,039,155013,1598,914,1,915,4
2020-07-10,Marin,041,260295,4209,3101,4,3105,21
2020-07-10,Mariposa,043,17540,38,31,0,31,1
2020-07-10,Mendocino,045,87422,150,88,0,88,0
2020-07-10,Merced,047,269075,3075,1802,1,1803,12
2020-07-10,Modoc,049,8938,1,0,0,0,0
2020-07-10,Mono,051,14174,67,45,0,45,1
2020-07-10,Monterey,053,433212,3269,2285,6,2291,18
2020-07-10,Napa,055,140530,683,496,0,496,4
2020-07-10,Nevada,057,99092,219,161,4,165,1
2020-07-10,Orange,059,3164182,32422,23692,351,24043,416
2020-07-10,Placer,061,380077,1409,1002,1,1003,11
2020-07-10,Plumas,063,18699,19,12,0,12,0
2020-07-10,Riverside,065,2383286,32349,25481,15,25496,533
2020-07-10,Sacramento,067,1510023,7290,5181,3,5184,81
2020-07-10,San Benito,069,59416,430,302,0,302,2
2020-07-10,San Bernardino,071,2135413,27434,18242,21,18263,308
2020-07-10,San Diego,073,3302833,23880,18862,2,18864,420
2020-07-10,San Francisco,075,870044,5094,4305,2,4307,50
2020-07-10,San Joaquin,077,732212,8785,6225,5,6230,67
2020-07-10,San Luis Obispo,079,281455,1315,891,4,895,4
2020-07-10,San Mateo,081,765935,4643,3844,4,3848,107
2020-07-10,Santa Barbara,083,443738,5421,4177,29,4206,28
2020-07-10,Santa Clara,085,1922200,7933,5819,8,5827,164
2020-07-10,Santa Cruz,087,273765,710,540,6,546,3
2020-07-10,Shasta,089,179085,296,158,1,159,6
2020-07-10,Sierra,091,2930,1,1,0,1,0
2020-07-10,Siskiyou,093,43540,58,31,0,31,0
2020-07-10,Solano,095,438530,2852,1950,10,1960,23
2020-07-10,Sonoma,097,501317,2219,1606,4,1610,13
2020-07-10,Stanislaus,099,539301,6982,4781,7,4788,46
2020-07-10,Sutter,101,95872,443,338,0,338,2
2020-07-10,Tehama,103,63373,145,107,2,109,1
2020-07-10,Trinity,105,12862,8,2,3,5,0
2020-07-10,Tulare,107,460477,7383,5677,20,5697,150
2020-07-10,Tuolumne,109,53932,86,49,1,50,0
2020-07-10,Ventura,111,848112,5981,4416,13,4429,48
2020-07-10,Yolo,113,214977,1186,794,3,797,27
2020-07-10,Yuba,115,75493,210,164,0,164,1
2020-07-09,Alameda,001,1643700,9258,7433,10,7443,146
2020-07-09,Alpine,003,1148,3,1,0,1,0
2020-07-09,Amador,005,37829,44,36,0,36,0
2020-07-09,Butte,007,227075,566,295,6,301,4
2020-07-09,Calaveras,009,45235,82,59,0,59,0
2020-07-09,Colusa,011,21464,189,97,0,97,0
2020-07-09,Contra Costa,013,1133247,5967,4388,9,4397,86
2020-07-09,Del Norte,015,27424,63,57,0,57,0
2020-07-09,El Dorado,017,186661,448,255,0,255,0
2020-07-09,Fresno,019,978130,13803,7385,90,7475,90
2020-07-09,Glenn,021,27897,226,150,0,150,0
2020-07-09,Humboldt,023,135768,196,166,1,167,4
2020-07-09,Imperial,025,180216,9034,6778,5,6783,87
2020-07-09,Inyo,027,18085,37,35,0,35,1
2020-07-09,Kern,029,883053,14772,6100,43,6143,95
2020-07-09,Kings,031,150075,3291,2686,21,2707,33
2020-07-09,Lake,033,64148,146,99,0,99,1
2020-07-09,Lassen,035,31185,430,221,2,223,0
2020-07-09,Los Angeles,037,10098052,147072,125062,150,125212,3698
2020-07-09,Madera,039,155013,1521,850,1,851,4
2020-07-09,Marin,041,260295,4057,2975,4,2979,20
2020-07-09,Mariposa,043,17540,38,32,0,32,1
2020-07-09,Mendocino,045,87422,146,88,0,88,0
2020-07-09,Merced,047,269075,2942,1728,1,1729,11
2020-07-09,Modoc,049,8938,1,0,0,0,0
2020-07-09,Mono,051,14174,63,45,0,45,1
2020-07-09,Monterey,053,433212,3144,2223,6,2229,17
2020-07-09,Napa,055,140530,666,468,0,468,4
2020-07-09,Nevada,057,99092,213,156,4,160,1
2020-07-09,Orange,059,3164182,31453,22960,333,23293,407
2020-07-09,Placer,061,380077,1364,982,1,983,11
2020-07-09,Plumas,063,18699,19,12,0,12,0
2020-07-09,Riverside,065,2383286,31455,24980,15,24995,529
2020-07-09,Sacramento,067,1510023,6963,4950,3,4953,81
2020-07-09,San Benito,069,59416,414,295,0,295,2
2020-07-09,San Bernardino,071,2135413,26563,17339,20,17359,307
2020-07-09,San Diego,073,3302833,23288,18404,2,18406,415
2020-07-09,San Francisco,075,870044,4962,4143,2,4145,50
2020-07-09,San Joaquin,077,732212,8426,6004,5,6009,66
2020-07-09,San Luis Obispo,079,281455,1276,869,4,873,3
2020-07-09,San Mateo,081,765935,4516,3792,4,3796,106
2020-07-09,Santa Barbara,083,443738,5288,4068,29,4097,28
2020-07-09,Santa Clara,085,1922200,7676,5638,8,5646,164
2020-07-09,Santa Cruz,087,273765,683,526,6,532,3
2020-07-09,Shasta,089,179085,290,155,1,156,5
2020-07-09,Sierra,091,2930,1,1,0,1,0
2020-07-09,Siskiyou,093,43540,54,31,0,31,0
2020-07-09,Solano,095,438530,2754,1892,10,1902,23
2020-07-09,Sonoma,097,501317,2133,1584,4,1588,13
2020-07-09,Stanislaus,099,539301,6666,4633,6,4639,46
2020-07-09,Sutter,101,95872,426,321,0,321,2
2020-07-09,Tehama,103,63373,140,102,2,104,1
2020-07-09,Trinity,105,12862,8,2,3,5,0
2020-07-09,Tulare,107,460477,7166,5501,17,5518,146
2020-07-09,Tuolumne,109,53932,85,47,1,48,0
2020-07-09,Ventura,111,848112,5813,4278,13,4291,47
2020-07-09,Yolo,113,214977,1139,764,3,767,27
2020-07-09,Yuba,115,75493,193,152,0,152,1
2020-07-08,Alameda,001,1643700,8966,7335,10,7345,142
2020-07-08,Alpine,003,1148,3,1,0,1,0
2020-07-08,Amador,005,37829,41,35,0,35,0
2020-07-08,Butte,007,227075,529,281,6,287,3
2020-07-08,Calaveras,009,45235,76,58,0,58,0
2020-07-08,Colusa,011,21464,176,90,0,90,0
2020-07-08,Contra Costa,013,1133247,5721,4268,7,4275,84
2020-07-08,Del Norte,015,27424,61,57,0,57,0
2020-07-08,El Dorado,017,186661,427,248,0,248,0
2020-07-08,Fresno,019,978130,13388,7102,84,7186,86
2020-07-08,Glenn,021,27897,215,146,0,146,0
2020-07-08,Humboldt,023,135768,193,162,1,163,4
2020-07-08,Imperial,025,180216,8946,6727,5,6732,76
2020-07-08,Inyo,027,18085,37,35,0,35,1
2020-07-08,Kern,029,883053,14194,5873,42,5915,91
2020-07-08,Kings,031,150075,3231,2629,19,2648,33
2020-07-08,Lake,033,64148,139,97,0,97,1
2020-07-08,Lassen,035,31185,334,221,2,223,0
2020-07-08,Los Angeles,037,10098052,143861,123462,121,123583,3650
2020-07-08,Madera,039,155013,1451,828,1,829,4
2020-07-08,Marin,041,260295,3958,2756,4,2760,17
2020-07-08,Mariposa,043,17540,38,31,0,31,1
2020-07-08,Mendocino,045,87422,133,84,0,84,0
2020-07-08,Merced,047,269075,2823,1578,1,1579,11
2020-07-08,Modoc,049,8938,1,0,0,0,0
2020-07-08,Mono,051,14174,60,45,0,45,1
2020-07-08,Monterey,053,433212,3026,2182,5,2187,17
2020-07-08,Napa,055,140530,643,468,0,468,4
2020-07-08,Nevada,057,99092,204,156,4,160,1
2020-07-08,Orange,059,3164182,30501,22088,328,22416,378
2020-07-08,Placer,061,380077,1319,948,1,949,11
2020-07-08,Plumas,063,18699,19,12,0,12,0
2020-07-08,Riverside,065,2383286,30491,24042,14,24056,508
2020-07-08,Sacramento,067,1510023,6675,4799,3,4802,80
2020-07-08,San Benito,069,59416,398,282,0,282,2
2020-07-08,San Bernardino,071,2135413,25713,16510,19,16529,296
2020-07-08,San Diego,073,3302833,22721,17844,2,17846,406
2020-07-08,San Francisco,075,870044,4873,4093,2,4095,50
2020-07-08,San Joaquin,077,732212,8084,5759,5,5764,61
2020-07-08,San Luis Obispo,079,281455,1225,825,4,829,2
2020-07-08,San Mateo,081,765935,4395,3733,4,3737,106
2020-07-08,Santa Barbara,083,443738,5169,3985,29,4014,28
2020-07-08,Santa Clara,085,1922200,7443,5510,8,5518,164
2020-07-08,Santa Cruz,087,273765,650,509,5,514,3
2020-07-08,Shasta,089,179085,281,148,1,149,6
2020-07-08,Sierra,091,2930,1,1,0,1,0
2020-07-08,Siskiyou,093,43540,54,31,0,31,0
2020-07-08,Solano,095,438530,2638,1821,10,1831,23
2020-07-08,Sonoma,097,501317,2058,1495,4,1499,9
2020-07-08,Stanislaus,099,539301,6366,4344,6,4350,46
2020-07-08,Sutter,101,95872,401,298,0,298,2
2020-07-08,Tehama,103,63373,134,100,2,102,1
2020-07-08,Trinity,105,12862,7,2,3,5,0
2020-07-08,Tulare,107,460477,6974,5307,12,5319,138
2020-07-08,Tuolumne,109,53932,81,42,1,43,0
2020-07-08,Ventura,111,848112,5648,4139,13,4152,47
2020-07-08,Yolo,113,214977,1096,727,3,730,26
2020-07-08,Yuba,115,75493,180,145,0,145,1
2020-07-07,Alameda,001,1643700,8647,7097,9,7106,141
2020-07-07,Alpine,003,1148,3,1,0,1,0
2020-07-07,Amador,005,37829,41,33,0,33,0
2020-07-07,Butte,007,227075,485,269,6,275,3
2020-07-07,Calaveras,009,45235,74,58,0,58,0
2020-07-07,Colusa,011,21464,143,84,0,84,0
2020-07-07,Contra Costa,013,1133247,5483,4131,6,4137,84
2020-07-07,Del Norte,015,27424,61,57,0,57,0
2020-07-07,El Dorado,017,186661,407,244,0,244,0
2020-07-07,Fresno,019,978130,12935,6738,84,6822,84
2020-07-07,Glenn,021,27897,206,145,0,145,0
2020-07-07,Humboldt,023,135768,190,150,1,151,4
2020-07-07,Imperial,025,180216,8847,6678,5,6683,51
2020-07-07,Inyo,027,18085,36,32,0,32,1
2020-07-07,Kern,029,883053,13495,5645,38,5683,88
2020-07-07,Kings,031,150075,3170,2623,15,2638,33
2020-07-07,Lake,033,64148,129,94,0,94,1
2020-07-07,Lassen,035,31185,263,219,2,221,0
2020-07-07,Los Angeles,037,10098052,140291,121026,112,121138,3588
2020-07-07,Madera,039,155013,1407,794,1,795,4
2020-07-07,Marin,041,260295,3869,2627,4,2631,17
2020-07-07,Mariposa,043,17540,38,31,0,31,1
2020-07-07,Mendocino,045,87422,125,82,0,82,0
2020-07-07,Merced,047,269075,2649,1531,1,1532,10
2020-07-07,Modoc,049,8938,1,0,0,0,0
2020-07-07,Mono,051,14174,59,42,0,42,1
2020-07-07,Monterey,053,433212,2883,2166,5,2171,17
2020-07-07,Napa,055,140530,624,459,0,459,4
2020-07-07,Nevada,057,99092,198,150,4,154,1
2020-07-07,Orange,059,3164182,29490,21741,314,22055,373
2020-07-07,Placer,061,380077,1278,930,1,931,11
2020-07-07,Plumas,063,18699,17,12,0,12,0
2020-07-07,Riverside,065,2383286,29477,23279,14,23293,499
2020-07-07,Sacramento,067,1510023,6333,4592,3,4595,76
2020-07-07,San Benito,069,59416,380,274,0,274,2
2020-07-07,San Bernardino,071,2135413,24844,16004,17,16021,277
2020-07-07,San Diego,073,3302833,22007,17580,2,17582,399
2020-07-07,San Francisco,075,870044,4781,4045,1,4046,50
2020-07-07,San Joaquin,077,732212,7742,5547,5,5552,59
2020-07-07,San Luis Obispo,079,281455,1164,795,4,799,2
2020-07-07,San Mateo,081,765935,4280,3691,4,3695,106
2020-07-07,Santa Barbara,083,443738,5041,3866,28,3894,27
2020-07-07,Santa Clara,085,1922200,7173,5438,8,5446,164
2020-07-07,Santa Cruz,087,273765,616,502,4,506,2
2020-07-07,Shasta,089,179085,268,144,1,145,6
2020-07-07,Sierra,091,2930,1,1,0,1,0
2020-07-07,Siskiyou,093,43540,53,30,0,30,0
2020-07-07,Solano,095,438530,2527,1776,9,1785,22
2020-07-07,Sonoma,097,501317,1987,1473,4,1477,8
2020-07-07,Stanislaus,099,539301,6027,4101,6,4107,46
2020-07-07,Sutter,101,95872,375,273,0,273,2
2020-07-07,Tehama,103,63373,125,95,2,97,1
2020-07-07,Trinity,105,12862,7,2,3,5,0
2020-07-07,Tulare,107,460477,6796,5189,10,5199,137
2020-07-07,Tuolumne,109,53932,75,40,1,41,0
2020-07-07,Ventura,111,848112,5479,3992,11,4003,46
2020-07-07,Yolo,113,214977,1028,706,3,709,26
2020-07-07,Yuba,115,75493,160,138,0,138,1
2020-07-06,Alameda,001,1643700,8409,6970,9,6979,141
2020-07-06,Alpine,003,1148,2,1,0,1,0
2020-07-06,Amador,005,37829,39,33,0,33,0
2020-07-06,Butte,007,227075,429,257,6,263,2
2020-07-06,Calaveras,009,45235,71,45,0,45,0
2020-07-06,Colusa,011,21464,134,80,0,80,0
2020-07-06,Contra Costa,013,1133247,5253,3901,5,3906,83
2020-07-06,Del Norte,015,27424,60,57,0,57,0
2020-07-06,El Dorado,017,186661,392,232,0,232,0
2020-07-06,Fresno,019,978130,12468,6364,77,6441,82
2020-07-06,Glenn,021,27897,198,129,0,129,0
2020-07-06,Humboldt,023,135768,188,148,1,149,3
2020-07-06,Imperial,025,180216,8728,6443,5,6448,47
2020-07-06,Inyo,027,18085,36,32,0,32,1
2020-07-06,Kern,029,883053,12689,5491,36,5527,82
2020-07-06,Kings,031,150075,3121,2583,9,2592,33
2020-07-06,Lake,033,64148,122,93,0,93,1
2020-07-06,Lassen,035,31185,261,219,2,221,0
2020-07-06,Los Angeles,037,10098052,136678,116707,98,116805,3541
2020-07-06,Madera,039,155013,1337,734,1,735,4
2020-07-06,Marin,041,260295,3629,2136,4,2140,17
2020-07-06,Mariposa,043,17540,36,31,0,31,1
2020-07-06,Mendocino,045,87422,108,72,0,72,0
2020-07-06,Merced,047,269075,2498,1396,1,1397,10
2020-07-06,Modoc,049,8938,1,0,0,0,0
2020-07-06,Mono,051,14174,58,40,0,40,1
2020-07-06,Monterey,053,433212,2795,2078,5,2083,15
2020-07-06,Napa,055,140530,606,454,0,454,4
2020-07-06,Nevada,057,99092,192,146,4,150,1
2020-07-06,Orange,059,3164182,28432,20167,276,20443,372
2020-07-06,Placer,061,380077,1217,904,1,905,11
2020-07-06,Plumas,063,18699,17,11,0,11,0
2020-07-06,Riverside,065,2383286,28428,22485,13,22498,477
2020-07-06,Sacramento,067,1510023,5982,4420,3,4423,71
2020-07-06,San Benito,069,59416,365,264,0,264,2
2020-07-06,San Bernardino,071,2135413,23989,15346,13,15359,272
2020-07-06,San Diego,073,3302833,21294,17002,2,17004,387
2020-07-06,San Francisco,075,870044,4660,3861,1,3862,50
2020-07-06,San Joaquin,077,732212,7372,5104,5,5109,57
2020-07-06,San Luis Obispo,079,281455,1107,751,4,755,2
2020-07-06,San Mateo,081,765935,4188,3650,4,3654,106
2020-07-06,Santa Barbara,083,443738,4904,3763,27,3790,27
2020-07-06,Santa Clara,085,1922200,6903,5369,8,5377,165
2020-07-06,Santa Cruz,087,273765,594,466,3,469,2
2020-07-06,Shasta,089,179085,258,143,1,144,6
2020-07-06,Sierra,091,2930,1,1,0,1,0
2020-07-06,Siskiyou,093,43540,49,30,0,30,0
2020-07-06,Solano,095,438530,2394,1668,9,1677,22
2020-07-06,Sonoma,097,501317,1923,1369,4,1373,8
2020-07-06,Stanislaus,099,539301,5625,3983,6,3989,46
2020-07-06,Sutter,101,95872,348,250,0,250,2
2020-07-06,Tehama,103,63373,122,95,2,97,1
2020-07-06,Trinity,105,12862,6,2,3,5,0
2020-07-06,Tulare,107,460477,6591,5039,8,5047,136
2020-07-06,Tuolumne,109,53932,72,30,1,31,0
2020-07-06,Ventura,111,848112,5286,3912,11,3923,44
2020-07-06,Yolo,113,214977,972,685,3,688,26
2020-07-06,Yuba,115,75493,146,124,0,124,1
2020-07-05,Alameda,001,1643700,8157,6861,9,6870,141
2020-07-05,Alpine,003,1148,2,1,0,1,0
2020-07-05,Amador,005,37829,37,31,0,31,0
2020-07-05,Butte,007,227075,394,248,6,254,2
2020-07-05,Calaveras,009,45235,69,45,0,45,0
2020-07-05,Colusa,011,21464,124,79,0,79,0
2020-07-05,Contra Costa,013,1133247,5013,3665,4,3669,80
2020-07-05,Del Norte,015,27424,60,57,0,57,0
2020-07-05,El Dorado,017,186661,374,227,0,227,0
2020-07-05,Fresno,019,978130,11903,6186,75,6261,82
2020-07-05,Glenn,021,27897,195,129,0,129,0
2020-07-05,Humboldt,023,135768,184,147,1,148,3
2020-07-05,Imperial,025,180216,8594,6441,5,6446,47
2020-07-05,Inyo,027,18085,35,32,0,32,1
2020-07-05,Kern,029,883053,11979,5351,36,5387,82
2020-07-05,Kings,031,150075,3038,2546,8,2554,31
2020-07-05,Lake,033,64148,122,92,0,92,1
2020-07-05,Lassen,035,31185,255,219,2,221,0
2020-07-05,Los Angeles,037,10098052,133458,115133,92,115225,3495
2020-07-05,Madera,039,155013,1258,564,1,565,4
2020-07-05,Marin,041,260295,3446,2080,4,2084,17
2020-07-05,Mariposa,043,17540,36,31,0,31,1
2020-07-05,Mendocino,045,87422,105,72,0,72,0
2020-07-05,Merced,047,269075,2353,1340,1,1341,10
2020-07-05,Modoc,049,8938,1,0,0,0,0
2020-07-05,Mono,051,14174,54,39,0,39,1
2020-07-05,Monterey,053,433212,2692,1994,5,1999,15
2020-07-05,Napa,055,140530,576,450,0,450,4
2020-07-05,Nevada,057,99092,186,141,4,145,1
2020-07-05,Orange,059,3164182,27491,19430,261,19691,372
2020-07-05,Placer,061,380077,1161,855,1,856,11
2020-07-05,Plumas,063,18699,16,11,0,11,0
2020-07-05,Riverside,065,2383286,27571,21511,13,21524,474
2020-07-05,Sacramento,067,1510023,5667,4265,2,4267,71
2020-07-05,San Benito,069,59416,346,258,0,258,2
2020-07-05,San Bernardino,071,2135413,23111,15026,13,15039,270
2020-07-05,San Diego,073,3302833,20606,16728,2,16730,387
2020-07-05,San Francisco,075,870044,4542,3861,1,3862,50
2020-07-05,San Joaquin,077,732212,7053,5015,5,5020,57
2020-07-05,San Luis Obispo,079,281455,1027,730,4,734,2
2020-07-05,San Mateo,081,765935,4077,3575,4,3579,106
2020-07-05,Santa Barbara,083,443738,4757,3671,24,3695,27
2020-07-05,Santa Clara,085,1922200,6614,5237,8,5245,162
2020-07-05,Santa Cruz,087,273765,576,467,1,468,2
2020-07-05,Shasta,089,179085,252,138,1,139,6
2020-07-05,Sierra,091,2930,1,1,0,1,0
2020-07-05,Siskiyou,093,43540,45,30,0,30,0
2020-07-05,Solano,095,438530,2274,1547,9,1556,22
2020-07-05,Sonoma,097,501317,1842,1369,4,1373,8
2020-07-05,Stanislaus,099,539301,5294,3777,6,3783,45
2020-07-05,Sutter,101,95872,320,241,0,241,2
2020-07-05,Tehama,103,63373,120,95,2,97,1
2020-07-05,Trinity,105,12862,6,2,3,5,0
2020-07-05,Tulare,107,460477,6332,4981,6,4987,135
2020-07-05,Tuolumne,109,53932,67,30,1,31,0
2020-07-05,Ventura,111,848112,5083,3866,11,3877,44
2020-07-05,Yolo,113,214977,932,644,3,647,26
2020-07-05,Yuba,115,75493,136,115,0,115,1
2020-07-04,Alameda,001,1643700,8045,6737,9,6746,141
2020-07-04,Alpine,003,1148,2,1,0,1,0
2020-07-04,Amador,005,37829,36,31,0,31,0
2020-07-04,Butte,007,227075,376,224,6,230,2
2020-07-04,Calaveras,009,45235,69,45,0,45,0
2020-07-04,Colusa,011,21464,123,76,0,76,0
2020-07-04,Contra Costa,013,1133247,4866,3583,4,3587,80
2020-07-04,Del Norte,015,27424,60,50,0,50,0
2020-07-04,El Dorado,017,186661,354,211,0,211,0
2020-07-04,Fresno,019,978130,11587,5999,73,6072,82
2020-07-04,Glenn,021,27897,188,128,0,128,0
2020-07-04,Humboldt,023,135768,177,144,1,145,3
2020-07-04,Imperial,025,180216,8546,6441,5,6446,47
2020-07-04,Inyo,027,18085,35,32,0,32,1
2020-07-04,Kern,029,883053,11675,5231,36,5267,81
2020-07-04,Kings,031,150075,2995,2509,8,2517,31
2020-07-04,Lake,033,64148,115,86,0,86,1
2020-07-04,Lassen,035,31185,255,219,2,221,0
2020-07-04,Los Angeles,037,10098052,131642,107256,81,107337,3462
2020-07-04,Madera,039,155013,1212,568,1,569,4
2020-07-04,Marin,041,260295,3417,1962,4,1966,17
2020-07-04,Mariposa,043,17540,36,28,0,28,1
2020-07-04,Mendocino,045,87422,105,72,0,72,0
2020-07-04,Merced,047,269075,2250,1252,1,1253,10
2020-07-04,Modoc,049,8938,1,0,0,0,0
2020-07-04,Mono,051,14174,54,37,0,37,1
2020-07-04,Monterey,053,433212,2612,1878,5,1883,15
2020-07-04,Napa,055,140530,567,426,0,426,4
2020-07-04,Nevada,057,99092,183,125,4,129,1
2020-07-04,Orange,059,3164182,27059,19247,246,19493,372
2020-07-04,Placer,061,380077,1126,796,1,797,11
2020-07-04,Plumas,063,18699,16,11,0,11,0
2020-07-04,Riverside,065,2383286,27203,21508,13,21521,474
2020-07-04,Sacramento,067,1510023,5496,4039,2,4041,71
2020-07-04,San Benito,069,59416,333,255,0,255,2
2020-07-04,San Bernardino,071,2135413,22684,14636,13,14649,270
2020-07-04,San Diego,073,3302833,20146,16166,2,16168,387
2020-07-04,San Francisco,075,870044,4450,3861,1,3862,50
2020-07-04,San Joaquin,077,732212,6840,4807,5,4812,57
2020-07-04,San Luis Obispo,079,281455,987,699,4,703,2
2020-07-04,San Mateo,081,765935,4014,3532,4,3536,106
2020-07-04,Santa Barbara,083,443738,4682,3520,22,3542,27
2020-07-04,Santa Clara,085,1922200,6422,5045,8,5053,161
2020-07-04,Santa Cruz,087,273765,566,466,1,467,2
2020-07-04,Shasta,089,179085,249,135,1,136,6
2020-07-04,Sierra,091,2930,1,1,0,1,0
2020-07-04,Siskiyou,093,43540,38,30,0,30,0
2020-07-04,Solano,095,438530,2238,1548,9,1557,22
2020-07-04,Sonoma,097,501317,1816,1370,4,1374,8
2020-07-04,Stanislaus,099,539301,5136,3572,6,3578,44
2020-07-04,Sutter,101,95872,301,225,0,225,2
2020-07-04,Tehama,103,63373,117,92,2,94,1
2020-07-04,Trinity,105,12862,6,2,3,5,0
2020-07-04,Tulare,107,460477,6220,4802,5,4807,135
2020-07-04,Tuolumne,109,53932,63,30,1,31,0
2020-07-04,Ventura,111,848112,4959,3687,11,3698,44
2020-07-04,Yolo,113,214977,907,615,3,618,26
2020-07-04,Yuba,115,75493,129,102,0,102,1
2020-07-03,Alameda,001,1643700,7924,6486,9,6495,141
2020-07-03,Alpine,003,1148,2,1,0,1,0
2020-07-03,Amador,005,37829,36,25,0,25,0
2020-07-03,Butte,007,227075,364,212,6,218,2
2020-07-03,Calaveras,009,45235,69,44,0,44,0
2020-07-03,Colusa,011,21464,117,70,0,70,0
2020-07-03,Contra Costa,013,1133247,4732,3447,4,3451,78
2020-07-03,Del Norte,015,27424,60,50,0,50,0
2020-07-03,El Dorado,017,186661,342,201,0,201,0
2020-07-03,Fresno,019,978130,11282,5783,71,5854,81
2020-07-03,Glenn,021,27897,183,122,0,122,0
2020-07-03,Humboldt,023,135768,173,143,1,144,3
2020-07-03,Imperial,025,180216,8498,6345,5,6350,47
2020-07-03,Inyo,027,18085,35,32,0,32,1
2020-07-03,Kern,029,883053,11414,5213,36,5249,81
2020-07-03,Kings,031,150075,2959,2492,8,2500,31
2020-07-03,Lake,033,64148,108,83,0,83,0
2020-07-03,Lassen,035,31185,255,219,2,221,0
2020-07-03,Los Angeles,037,10098052,130125,107236,77,107313,3461
2020-07-03,Madera,039,155013,1167,565,1,566,4
2020-07-03,Marin,041,260295,3388,1776,4,1780,17
2020-07-03,Mariposa,043,17540,36,28,0,28,1
2020-07-03,Mendocino,045,87422,104,72,0,72,0
2020-07-03,Merced,047,269075,2184,1188,1,1189,10
2020-07-03,Modoc,049,8938,1,0,0,0,0
2020-07-03,Mono,051,14174,54,37,0,37,1
2020-07-03,Monterey,053,433212,2541,1804,5,1809,15
2020-07-03,Napa,055,140530,549,388,0,388,4
2020-07-03,Nevada,057,99092,182,125,4,129,1
2020-07-03,Orange,059,3164182,26668,18819,237,19056,366
2020-07-03,Placer,061,380077,1099,745,1,746,11
2020-07-03,Plumas,063,18699,16,11,0,11,0
2020-07-03,Riverside,065,2383286,26897,21171,13,21184,472
2020-07-03,Sacramento,067,1510023,5362,3711,2,3713,71
2020-07-03,San Benito,069,59416,326,243,0,243,2
2020-07-03,San Bernardino,071,2135413,22295,14040,13,14053,269
2020-07-03,San Diego,073,3302833,19690,15698,2,15700,387
2020-07-03,San Francisco,075,870044,4403,3781,1,3782,50
2020-07-03,San Joaquin,077,732212,6702,4416,4,4420,56
2020-07-03,San Luis Obispo,079,281455,952,676,4,680,2
2020-07-03,San Mateo,081,765935,3957,3439,4,3443,106
2020-07-03,Santa Barbara,083,443738,4595,3406,21,3427,27
2020-07-03,Santa Clara,085,1922200,6311,4820,8,4828,161
2020-07-03,Santa Cruz,087,273765,553,436,1,437,2
2020-07-03,Shasta,089,179085,241,113,1,114,6
2020-07-03,Sierra,091,2930,1,1,0,1,0
2020-07-03,Siskiyou,093,43540,35,30,0,30,0
2020-07-03,Solano,095,438530,2194,1496,8,1504,22
2020-07-03,Sonoma,097,501317,1768,1282,4,1286,8
2020-07-03,Stanislaus,099,539301,5011,3021,6,3027,43
2020-07-03,Sutter,101,95872,291,205,0,205,2
2020-07-03,Tehama,103,63373,115,89,2,91,1
2020-07-03,Trinity,105,12862,6,2,3,5,0
2020-07-03,Tulare,107,460477,6105,4656,5,4661,134
2020-07-03,Tuolumne,109,53932,61,27,1,28,0
2020-07-03,Ventura,111,848112,4863,3536,11,3547,44
2020-07-03,Yolo,113,214977,873,586,3,589,25
2020-07-03,Yuba,115,75493,124,96,0,96,1
2020-07-02,Alameda,001,1643700,7798,6386,9,6395,139
2020-07-02,Alpine,003,1148,2,1,0,1,0
2020-07-02,Amador,005,37829,35,23,0,23,0
2020-07-02,Butte,007,227075,347,199,6,205,2
2020-07-02,Calaveras,009,45235,65,42,0,42,0
2020-07-02,Colusa,011,21464,109,60,0,60,0
2020-07-02,Contra Costa,013,1133247,4549,3347,4,3351,77
2020-07-02,Del Norte,015,27424,59,50,0,50,0
2020-07-02,El Dorado,017,186661,331,193,0,193,0
2020-07-02,Fresno,019,978130,10824,5402,70,5472,78
2020-07-02,Glenn,021,27897,177,114,0,114,0
2020-07-02,Humboldt,023,135768,169,138,1,139,3
2020-07-02,Imperial,025,180216,8395,6236,5,6241,47
2020-07-02,Inyo,027,18085,35,29,0,29,1
2020-07-02,Kern,029,883053,10878,5036,34,5070,78
2020-07-02,Kings,031,150075,2909,2419,8,2427,31
2020-07-02,Lake,033,64148,104,81,0,81,0
2020-07-02,Lassen,035,31185,253,218,2,220,0
2020-07-02,Los Angeles,037,10098052,128107,107144,53,107197,3458
2020-07-02,Madera,039,155013,1099,548,1,549,4
2020-07-02,Marin,041,260295,3303,1706,4,1710,17
2020-07-02,Mariposa,043,17540,35,28,0,28,1
2020-07-02,Mendocino,045,87422,100,71,0,71,0
2020-07-02,Merced,047,269075,2087,1122,1,1123,10
2020-07-02,Modoc,049,8938,1,0,0,0,0
2020-07-02,Mono,051,14174,54,37,0,37,1
2020-07-02,Monterey,053,433212,2481,1796,5,1801,15
2020-07-02,Napa,055,140530,532,352,0,352,4
2020-07-02,Nevada,057,99092,176,118,4,122,1
2020-07-02,Orange,059,3164182,25903,17056,224,17280,360
2020-07-02,Placer,061,380077,1074,740,1,741,11
2020-07-02,Plumas,063,18699,15,8,0,8,0
2020-07-02,Riverside,065,2383286,26326,20253,13,20266,458
2020-07-02,Sacramento,067,1510023,5135,3587,2,3589,70
2020-07-02,San Benito,069,59416,318,236,0,236,2
2020-07-02,San Bernardino,071,2135413,21758,13185,13,13198,260
2020-07-02,San Diego,073,3302833,19228,15208,2,15210,377
2020-07-02,San Francisco,075,870044,4308,3676,1,3677,50
2020-07-02,San Joaquin,077,732212,6355,4243,4,4247,56
2020-07-02,San Luis Obispo,079,281455,907,659,4,663,2
2020-07-02,San Mateo,081,765935,3876,3390,4,3394,107
2020-07-02,Santa Barbara,083,443738,4495,3385,19,3404,27
2020-07-02,Santa Clara,085,1922200,6185,4722,8,4730,160
2020-07-02,Santa Cruz,087,273765,530,414,1,415,2
2020-07-02,Shasta,089,179085,238,110,1,111,5
2020-07-02,Sierra,091,2930,1,1,0,1,0
2020-07-02,Siskiyou,093,43540,35,30,0,30,0
2020-07-02,Solano,095,438530,2111,1429,8,1437,21
2020-07-02,Sonoma,097,501317,1710,1244,4,1248,6
2020-07-02,Stanislaus,099,539301,4839,2850,6,2856,41
2020-07-02,Sutter,101,95872,279,195,0,195,2
2020-07-02,Tehama,103,63373,113,86,2,88,1
2020-07-02,Trinity,105,12862,6,2,3,5,0
2020-07-02,Tulare,107,460477,5939,4559,4,4563,132
2020-07-02,Tuolumne,109,53932,58,23,1,24,0
2020-07-02,Ventura,111,848112,4707,3394,11,3405,42
2020-07-02,Yolo,113,214977,841,554,3,557,24
2020-07-02,Yuba,115,75493,114,93,0,93,1
2020-07-01,Alameda,001,1643700,7577,6125,9,6134,137
2020-07-01,Alpine,003,1148,2,1,0,1,0
2020-07-01,Amador,005,37829,34,22,0,22,0
2020-07-01,Butte,007,227075,322,185,6,191,2
2020-07-01,Calaveras,009,45235,63,37,0,37,0
2020-07-01,Colusa,011,21464,103,53,0,53,0
2020-07-01,Contra Costa,013,1133247,4337,3259,4,3263,76
2020-07-01,Del Norte,015,27424,59,50,0,50,0
2020-07-01,El Dorado,017,186661,304,183,0,183,0
2020-07-01,Fresno,019,978130,10391,5111,67,5178,76
2020-07-01,Glenn,021,27897,170,110,0,110,0
2020-07-01,Humboldt,023,135768,164,134,0,134,3
2020-07-01,Imperial,025,180216,8297,6150,5,6155,46
2020-07-01,Inyo,027,18085,34,30,0,30,1
2020-07-01,Kern,029,883053,10247,4853,31,4884,78
2020-07-01,Kings,031,150075,2841,2360,8,2368,30
2020-07-01,Lake,033,64148,103,75,0,75,0
2020-07-01,Lassen,035,31185,252,217,2,219,0
2020-07-01,Los Angeles,037,10098052,124903,105325,42,105367,3408
2020-07-01,Madera,039,155013,1058,519,1,520,4
2020-07-01,Marin,041,260295,3146,1636,4,1640,17
2020-07-01,Mariposa,043,17540,35,29,0,29,1
2020-07-01,Mendocino,045,87422,96,70,0,70,0
2020-07-01,Merced,047,269075,1987,1052,1,1053,10
2020-07-01,Modoc,049,8938,1,0,0,0,0
2020-07-01,Mono,051,14174,51,37,0,37,1
2020-07-01,Monterey,053,433212,2374,1703,5,1708,15
2020-07-01,Napa,055,140530,509,347,0,347,4
2020-07-01,Nevada,057,99092,166,115,4,119,1
2020-07-01,Orange,059,3164182,25019,15662,202,15864,343
2020-07-01,Placer,061,380077,1025,713,1,714,11
2020-07-01,Plumas,063,18699,13,8,0,8,0
2020-07-01,Riverside,065,2383286,25485,19537,12,19549,457
2020-07-01,Sacramento,067,1510023,4880,3425,2,3427,64
2020-07-01,San Benito,069,59416,309,219,0,219,2
2020-07-01,San Bernardino,071,2135413,20859,12712,11,12723,253
2020-07-01,San Diego,073,3302833,18670,14624,2,14626,372
2020-07-01,San Francisco,075,870044,4215,3626,1,3627,50
2020-07-01,San Joaquin,077,732212,5996,3990,4,3994,54
2020-07-01,San Luis Obispo,079,281455,881,613,4,617,1
2020-07-01,San Mateo,081,765935,3814,3326,4,3330,84
2020-07-01,Santa Barbara,083,443738,4375,3268,18,3286,27
2020-07-01,Santa Clara,085,1922200,6000,4547,7,4554,159
2020-07-01,Santa Cruz,087,273765,509,398,0,398,2
2020-07-01,Shasta,089,179085,233,104,1,105,5
2020-07-01,Sierra,091,2930,1,1,0,1,0
2020-07-01,Siskiyou,093,43540,35,28,0,28,0
2020-07-01,Solano,095,438530,2022,1350,8,1358,21
2020-07-01,Sonoma,097,501317,1614,1178,4,1182,6
2020-07-01,Stanislaus,099,539301,4559,2619,6,2625,41
2020-07-01,Sutter,101,95872,266,188,0,188,2
2020-07-01,Tehama,103,63373,106,80,2,82,1
2020-07-01,Trinity,105,12862,6,2,2,4,0
2020-07-01,Tulare,107,460477,5760,4359,4,4363,128
2020-07-01,Tuolumne,109,53932,55,17,1,18,0
2020-07-01,Ventura,111,848112,4564,3224,9,3233,41
2020-07-01,Yolo,113,214977,791,526,3,529,24
2020-07-01,Yuba,115,75493,109,57,0,57,1
2020-06-30,Alameda,001,1643700,7328,5959,7,5966,137
2020-06-30,Alpine,003,1148,2,1,0,1,0
2020-06-30,Amador,005,37829,34,21,0,21,0
2020-06-30,Butte,007,227075,305,163,6,169,2
2020-06-30,Calaveras,009,45235,58,31,0,31,0
2020-06-30,Colusa,011,21464,94,33,0,33,0
2020-06-30,Contra Costa,013,1133247,4131,3140,4,3144,75
2020-06-30,Del Norte,015,27424,59,48,0,48,0
2020-06-30,El Dorado,017,186661,291,175,0,175,0
2020-06-30,Fresno,019,978130,9943,4826,63,4889,75
2020-06-30,Glenn,021,27897,165,96,0,96,0
2020-06-30,Humboldt,023,135768,160,132,0,132,3
2020-06-30,Imperial,025,180216,8200,5968,5,5973,45
2020-06-30,Inyo,027,18085,34,30,0,30,1
2020-06-30,Kern,029,883053,9599,4721,27,4748,75
2020-06-30,Kings,031,150075,2792,2315,5,2320,30
2020-06-30,Lake,033,64148,95,56,0,56,0
2020-06-30,Lassen,035,31185,245,215,2,217,0
2020-06-30,Los Angeles,037,10098052,121310,103640,39,103679,3378
2020-06-30,Madera,039,155013,1001,475,1,476,4
2020-06-30,Marin,041,260295,3075,1614,4,1618,17
2020-06-30,Mariposa,043,17540,34,27,0,27,1
2020-06-30,Mendocino,045,87422,91,65,0,65,0
2020-06-30,Merced,047,269075,1850,970,1,971,10
2020-06-30,Modoc,049,8938,1,0,0,0,0
2020-06-30,Mono,051,14174,49,36,0,36,1
2020-06-30,Monterey,053,433212,2276,1657,5,1662,15
2020-06-30,Napa,055,140530,484,342,0,342,4
2020-06-30,Nevada,057,99092,158,113,4,117,1
2020-06-30,Orange,059,3164182,24089,14354,192,14546,335
2020-06-30,Placer,061,380077,999,667,1,668,11
2020-06-30,Plumas,063,18699,12,8,0,8,0
2020-06-30,Riverside,065,2383286,24768,18656,12,18668,449
2020-06-30,Sacramento,067,1510023,4591,3246,2,3248,64
2020-06-30,San Benito,069,59416,298,200,0,200,2
2020-06-30,San Bernardino,071,2135413,19875,12375,11,12386,249
2020-06-30,San Diego,073,3302833,17967,14150,2,14152,365
2020-06-30,San Francisco,075,870044,4109,3555,1,3556,50
2020-06-30,San Joaquin,077,732212,5622,3744,4,3748,52
2020-06-30,San Luis Obispo,079,281455,845,583,4,587,1
2020-06-30,San Mateo,081,765935,3736,3268,4,3272,84
2020-06-30,Santa Barbara,083,443738,4258,3102,18,3120,25
2020-06-30,Santa Clara,085,1922200,5800,4346,7,4353,157
2020-06-30,Santa Cruz,087,273765,484,379,0,379,2
2020-06-30,Shasta,089,179085,217,100,1,101,5
2020-06-30,Sierra,091,2930,1,1,0,1,0
2020-06-30,Siskiyou,093,43540,34,26,0,26,0
2020-06-30,Solano,095,438530,1930,1256,8,1264,21
2020-06-30,Sonoma,097,501317,1549,1122,4,1126,6
2020-06-30,Stanislaus,099,539301,4261,2578,6,2584,41
2020-06-30,Sutter,101,95872,243,168,0,168,2
2020-06-30,Tehama,103,63373,104,75,2,77,1
2020-06-30,Trinity,105,12862,6,2,2,4,0
2020-06-30,Tulare,107,460477,5553,4207,4,4211,117
2020-06-30,Tuolumne,109,53932,51,16,1,17,0
2020-06-30,Ventura,111,848112,4430,3030,9,3039,40
2020-06-30,Yolo,113,214977,753,515,3,518,24
2020-06-30,Yuba,115,75493,105,55,0,55,1
2020-06-29,Alameda,001,1643700,7118,5766,7,5773,135
2020-06-29,Alpine,003,1148,2,1,0,1,0
2020-06-29,Amador,005,37829,31,20,0,20,0
2020-06-29,Butte,007,227075,284,157,6,163,2
2020-06-29,Calaveras,009,45235,56,30,0,30,0
2020-06-29,Colusa,011,21464,89,17,0,17,0
2020-06-29,Contra Costa,013,1133247,3968,2976,3,2979,75
2020-06-29,Del Norte,015,27424,59,47,0,47,0
2020-06-29,El Dorado,017,186661,277,163,0,163,0
2020-06-29,Fresno,019,978130,9595,4531,62,4593,74
2020-06-29,Glenn,021,27897,156,77,0,77,0
2020-06-29,Humboldt,023,135768,159,128,0,128,3
2020-06-29,Imperial,025,180216,8069,5512,5,5517,45
2020-06-29,Inyo,027,18085,33,29,0,29,1
2020-06-29,Kern,029,883053,8936,4613,25,4638,73
2020-06-29,Kings,031,150075,2728,2280,5,2285,20
2020-06-29,Lake,033,64148,88,53,0,53,0
2020-06-29,Lassen,035,31185,237,77,2,79,0
2020-06-29,Los Angeles,037,10098052,118263,100846,33,100879,3337
2020-06-29,Madera,039,155013,944,422,1,423,4
2020-06-29,Marin,041,260295,2999,1517,4,1521,17
2020-06-29,Mariposa,043,17540,32,25,0,25,1
2020-06-29,Mendocino,045,87422,88,63,0,63,0
2020-06-29,Merced,047,269075,1744,848,1,849,10
2020-06-29,Modoc,049,8938,1,0,0,0,0
2020-06-29,Mono,051,14174,47,35,0,35,1
2020-06-29,Monterey,053,433212,2204,1614,5,1619,14
2020-06-29,Napa,055,140530,463,317,0,317,4
2020-06-29,Nevada,057,99092,155,107,3,110,1
2020-06-29,Orange,059,3164182,23098,13682,176,13858,324
2020-06-29,Placer,061,380077,960,628,1,629,11
2020-06-29,Plumas,063,18699,12,6,0,6,0
2020-06-29,Riverside,065,2383286,23735,17683,12,17695,432
2020-06-29,Sacramento,067,1510023,4304,2985,2,2987,62
2020-06-29,San Benito,069,59416,283,193,0,193,2
2020-06-29,San Bernardino,071,2135413,18914,11643,11,11654,245
2020-06-29,San Diego,073,3302833,17391,13834,2,13836,361
2020-06-29,San Francisco,075,870044,4032,3389,1,3390,50
2020-06-29,San Joaquin,077,732212,5264,3202,4,3206,52
2020-06-29,San Luis Obispo,079,281455,811,544,4,548,1
2020-06-29,San Mateo,081,765935,3682,3170,4,3174,84
2020-06-29,Santa Barbara,083,443738,4148,2933,17,2950,25
2020-06-29,Santa Clara,085,1922200,5628,4231,7,4238,157
2020-06-29,Santa Cruz,087,273765,466,348,0,348,2
2020-06-29,Shasta,089,179085,209,94,1,95,5
2020-06-29,Sierra,091,2930,1,1,0,1,0
2020-06-29,Siskiyou,093,43540,34,25,0,25,0
2020-06-29,Solano,095,438530,1828,1077,8,1085,21
2020-06-29,Sonoma,097,501317,1477,1103,4,1107,5
2020-06-29,Stanislaus,099,539301,4055,2400,5,2405,36
2020-06-29,Sutter,101,95872,221,152,0,152,2
2020-06-29,Tehama,103,63373,100,63,2,65,1
2020-06-29,Trinity,105,12862,6,2,2,4,0
2020-06-29,Tulare,107,460477,5399,3906,4,3910,117
2020-06-29,Tuolumne,109,53932,47,16,1,17,0
2020-06-29,Ventura,111,848112,4283,2794,9,2803,40
2020-06-29,Yolo,113,214977,720,483,3,486,24
2020-06-29,Yuba,115,75493,92,55,0,55,1
2020-06-28,Alameda,001,1643700,6859,5698,7,5705,135
2020-06-28,Alpine,003,1148,2,1,0,1,0
2020-06-28,Amador,005,37829,29,20,0,20,0
2020-06-28,Butte,007,227075,265,150,6,156,2
2020-06-28,Calaveras,009,45235,51,30,0,30,0
2020-06-28,Colusa,011,21464,74,17,0,17,0
2020-06-28,Contra Costa,013,1133247,3778,2803,3,2806,73
2020-06-28,Del Norte,015,27424,58,47,0,47,0
2020-06-28,El Dorado,017,186661,265,162,0,162,0
2020-06-28,Fresno,019,978130,9234,4365,62,4427,74
2020-06-28,Glenn,021,27897,148,77,0,77,0
2020-06-28,Humboldt,023,135768,156,127,0,127,3
2020-06-28,Imperial,025,180216,7880,5513,5,5518,45
2020-06-28,Inyo,027,18085,33,29,0,29,1
2020-06-28,Kern,029,883053,8383,4541,23,4564,72
2020-06-28,Kings,031,150075,2669,2234,5,2239,18
2020-06-28,Lake,033,64148,84,53,0,53,0
2020-06-28,Lassen,035,31185,237,77,2,79,0
2020-06-28,Los Angeles,037,10098052,115058,98003,29,98032,3316
2020-06-28,Madera,039,155013,896,424,1,425,4
2020-06-28,Marin,041,260295,2653,1473,4,1477,17
2020-06-28,Mariposa,043,17540,32,24,0,24,1
2020-06-28,Mendocino,045,87422,86,63,0,63,0
2020-06-28,Merced,047,269075,1631,814,1,815,10
2020-06-28,Modoc,049,8938,1,0,0,0,0
2020-06-28,Mono,051,14174,47,35,0,35,1
2020-06-28,Monterey,053,433212,2122,1560,5,1565,13
2020-06-28,Napa,055,140530,429,307,0,307,4
2020-06-28,Nevada,057,99092,144,102,3,105,1
2020-06-28,Orange,059,3164182,22123,13213,158,13371,324
2020-06-28,Placer,061,380077,920,618,1,619,11
2020-06-28,Plumas,063,18699,11,6,0,6,0
2020-06-28,Riverside,065,2383286,22908,16848,11,16859,432
2020-06-28,Sacramento,067,1510023,4076,2803,2,2805,63
2020-06-28,San Benito,069,59416,272,190,0,190,2
2020-06-28,San Bernardino,071,2135413,18159,11344,10,11354,245
2020-06-28,San Diego,073,3302833,16846,13333,2,13335,361
2020-06-28,San Francisco,075,870044,3953,3388,1,3389,50
2020-06-28,San Joaquin,077,732212,4929,3201,4,3205,52
2020-06-28,San Luis Obispo,079,281455,772,531,4,535,1
2020-06-28,San Mateo,081,765935,3604,3124,4,3128,84
2020-06-28,Santa Barbara,083,443738,4003,2872,17,2889,25
2020-06-28,Santa Clara,085,1922200,5468,4131,7,4138,156
2020-06-28,Santa Cruz,087,273765,443,349,0,349,2
2020-06-28,Shasta,089,179085,196,89,0,89,5
2020-06-28,Sierra,091,2930,1,1,0,1,0
2020-06-28,Siskiyou,093,43540,34,25,0,25,0
2020-06-28,Solano,095,438530,1753,1077,8,1085,21
2020-06-28,Sonoma,097,501317,1423,1084,4,1088,5
2020-06-28,Stanislaus,099,539301,3849,2376,5,2381,36
2020-06-28,Sutter,101,95872,195,145,0,145,2
2020-06-28,Tehama,103,63373,93,63,2,65,1
2020-06-28,Trinity,105,12862,6,2,2,4,0
2020-06-28,Tulare,107,460477,5234,3812,4,3816,117
2020-06-28,Tuolumne,109,53932,42,14,1,15,0
2020-06-28,Ventura,111,848112,4125,2650,9,2659,40
2020-06-28,Yolo,113,214977,685,468,3,471,24
2020-06-28,Yuba,115,75493,88,39,0,39,1
2020-06-27,Alameda,001,1643700,6764,5581,7,5588,135
2020-06-27,Alpine,003,1148,2,1,0,1,0
2020-06-27,Amador,005,37829,27,20,0,20,0
2020-06-27,Butte,007,227075,257,137,6,143,2
2020-06-27,Calaveras,009,45235,49,30,0,30,0
2020-06-27,Colusa,011,21464,68,17,0,17,0
2020-06-27,Contra Costa,013,1133247,3683,2717,2,2719,72
2020-06-27,Del Norte,015,27424,58,47,0,47,0
2020-06-27,El Dorado,017,186661,259,159,0,159,0
2020-06-27,Fresno,019,978130,8988,4238,62,4300,74
2020-06-27,Glenn,021,27897,144,77,0,77,0
2020-06-27,Humboldt,023,135768,154,127,0,127,3
2020-06-27,Imperial,025,180216,7818,5513,5,5518,45
2020-06-27,Inyo,027,18085,33,29,0,29,1
2020-06-27,Kern,029,883053,8120,4411,22,4433,70
2020-06-27,Kings,031,150075,2643,2187,5,2192,18
2020-06-27,Lake,033,64148,81,42,0,42,0
2020-06-27,Lassen,035,31185,237,33,2,35,0
2020-06-27,Los Angeles,037,10098052,113317,95341,26,95367,3291
2020-06-27,Madera,039,155013,853,427,0,427,4
2020-06-27,Marin,041,260295,2608,1423,4,1427,17
2020-06-27,Mariposa,043,17540,31,22,0,22,1
2020-06-27,Mendocino,045,87422,86,63,0,63,0
2020-06-27,Merced,047,269075,1573,807,0,807,10
2020-06-27,Modoc,049,8938,1,0,0,0,0
2020-06-27,Mono,051,14174,46,35,0,35,1
2020-06-27,Monterey,053,433212,2058,1455,5,1460,12
2020-06-27,Napa,055,140530,419,282,0,282,3
2020-06-27,Nevada,057,99092,140,102,2,104,1
2020-06-27,Orange,059,3164182,21613,12951,153,13104,320
2020-06-27,Placer,061,380077,899,584,1,585,10
2020-06-27,Plumas,063,18699,11,6,0,6,0
2020-06-27,Riverside,065,2383286,22518,16209,11,16220,432
2020-06-27,Sacramento,067,1510023,3959,2685,2,2687,63
2020-06-27,San Benito,069,59416,265,182,0,182,2
2020-06-27,San Bernardino,071,2135413,17781,11238,10,11248,243
2020-06-27,San Diego,073,3302833,16481,12836,2,12838,360
2020-06-27,San Francisco,075,870044,3898,3332,1,3333,49
2020-06-27,San Joaquin,077,732212,4764,2995,4,2999,52
2020-06-27,San Luis Obispo,079,281455,748,505,4,509,1
2020-06-27,San Mateo,081,765935,3547,3083,4,3087,83
2020-06-27,Santa Barbara,083,443738,3931,2799,17,2816,25
2020-06-27,Santa Clara,085,1922200,5363,4006,7,4013,157
2020-06-27,Santa Cruz,087,273765,436,347,0,347,2
2020-06-27,Shasta,089,179085,191,87,0,87,5
2020-06-27,Sierra,091,2930,1,1,0,1,0
2020-06-27,Siskiyou,093,43540,34,25,0,25,0
2020-06-27,Solano,095,438530,1720,1076,8,1084,21
2020-06-27,Sonoma,097,501317,1392,1004,4,1008,5
2020-06-27,Stanislaus,099,539301,3749,2164,5,2169,36
2020-06-27,Sutter,101,95872,188,141,0,141,2
2020-06-27,Tehama,103,63373,90,63,2,65,1
2020-06-27,Trinity,105,12862,6,2,2,4,0
2020-06-27,Tulare,107,460477,5138,3810,4,3814,117
2020-06-27,Tuolumne,109,53932,41,13,1,14,0
2020-06-27,Ventura,111,848112,4026,2471,9,2480,40
2020-06-27,Yolo,113,214977,660,432,3,435,24
2020-06-27,Yuba,115,75493,80,39,0,39,1
2020-06-26,Alameda,001,1643700,6678,5502,6,5508,132
2020-06-26,Alpine,003,1148,2,1,0,1,0
2020-06-26,Amador,005,37829,26,20,0,20,0
2020-06-26,Butte,007,227075,242,135,6,141,2
2020-06-26,Calaveras,009,45235,47,30,0,30,0
2020-06-26,Colusa,011,21464,63,17,0,17,0
2020-06-26,Contra Costa,013,1133247,3570,2676,2,2678,72
2020-06-26,Del Norte,015,27424,57,47,0,47,0
2020-06-26,El Dorado,017,186661,251,159,0,159,0
2020-06-26,Fresno,019,978130,8762,4166,62,4228,74
2020-06-26,Glenn,021,27897,137,71,0,71,0
2020-06-26,Humboldt,023,135768,152,126,0,126,3
2020-06-26,Imperial,025,180216,7754,5400,5,5405,44
2020-06-26,Inyo,027,18085,32,29,0,29,1
2020-06-26,Kern,029,883053,7788,4366,22,4388,70
2020-06-26,Kings,031,150075,2611,2176,4,2180,18
2020-06-26,Lake,033,64148,80,42,0,42,0
2020-06-26,Lassen,035,31185,236,30,2,32,0
2020-06-26,Los Angeles,037,10098052,111152,93328,26,93354,3275
2020-06-26,Madera,039,155013,821,409,0,409,4
2020-06-26,Marin,041,260295,2572,1406,4,1410,17
2020-06-26,Mariposa,043,17540,30,21,0,21,1
2020-06-26,Mendocino,045,87422,83,63,0,63,0
2020-06-26,Merced,047,269075,1527,797,0,797,10
2020-06-26,Modoc,049,8938,1,0,0,0,0
2020-06-26,Mono,051,14174,45,35,0,35,1
2020-06-26,Monterey,053,433212,2006,1449,5,1454,12
2020-06-26,Napa,055,140530,409,277,0,277,3
2020-06-26,Nevada,057,99092,136,101,1,102,1
2020-06-26,Orange,059,3164182,20937,12659,150,12809,320
2020-06-26,Placer,061,380077,872,584,1,585,10
2020-06-26,Plumas,063,18699,11,6,0,6,0
2020-06-26,Riverside,065,2383286,22056,15858,11,15869,430
2020-06-26,Sacramento,067,1510023,3794,2687,2,2689,63
2020-06-26,San Benito,069,59416,261,176,0,176,2
2020-06-26,San Bernardino,071,2135413,17404,11111,10,11121,243
2020-06-26,San Diego,073,3302833,16116,12402,2,12404,358
2020-06-26,San Francisco,075,870044,3842,3330,1,3331,49
2020-06-26,San Joaquin,077,732212,4550,2943,4,2947,52
2020-06-26,San Luis Obispo,079,281455,733,498,4,502,1
2020-06-26,San Mateo,081,765935,3495,3055,4,3059,83
2020-06-26,Santa Barbara,083,443738,3841,2784,15,2799,25
2020-06-26,Santa Clara,085,1922200,5262,3968,7,3975,156
2020-06-26,Santa Cruz,087,273765,429,344,0,344,2
2020-06-26,Shasta,089,179085,184,86,0,86,5
2020-06-26,Sierra,091,2930,1,1,0,1,0
2020-06-26,Siskiyou,093,43540,33,24,0,24,0
2020-06-26,Solano,095,438530,1678,1068,8,1076,21
2020-06-26,Sonoma,097,501317,1360,977,4,981,5
2020-06-26,Stanislaus,099,539301,3636,2157,5,2162,36
2020-06-26,Sutter,101,95872,181,138,0,138,2
2020-06-26,Tehama,103,63373,87,63,2,65,1
2020-06-26,Trinity,105,12862,6,2,2,4,0
2020-06-26,Tulare,107,460477,5049,3720,4,3724,117
2020-06-26,Tuolumne,109,53932,39,10,1,11,0
2020-06-26,Ventura,111,848112,3940,2444,9,2453,40
2020-06-26,Yolo,113,214977,636,418,3,421,24
2020-06-26,Yuba,115,75493,74,38,0,38,1
2020-06-25,Alameda,001,1643700,6487,5398,6,5404,130
2020-06-25,Alpine,003,1148,2,1,0,1,0
2020-06-25,Amador,005,37829,25,18,0,18,0
2020-06-25,Butte,007,227075,237,127,6,133,1
2020-06-25,Calaveras,009,45235,42,26,0,26,0
2020-06-25,Colusa,011,21464,53,14,0,14,0
2020-06-25,Contra Costa,013,1133247,3385,2591,2,2593,71
2020-06-25,Del Norte,015,27424,55,47,0,47,0
2020-06-25,El Dorado,017,186661,243,150,0,150,0
2020-06-25,Fresno,019,978130,8449,3938,61,3999,71
2020-06-25,Glenn,021,27897,132,59,0,59,0
2020-06-25,Humboldt,023,135768,151,121,0,121,3
2020-06-25,Imperial,025,180216,7626,5192,5,5197,44
2020-06-25,Inyo,027,18085,29,27,0,27,1
2020-06-25,Kern,029,883053,7363,4236,19,4255,69
2020-06-25,Kings,031,150075,2559,2110,4,2114,17
2020-06-25,Lake,033,64148,79,42,0,42,0
2020-06-25,Lassen,035,31185,230,13,2,15,0
2020-06-25,Los Angeles,037,10098052,108384,91524,26,91550,3239
2020-06-25,Madera,039,155013,777,380,0,380,4
2020-06-25,Marin,041,260295,2470,1321,4,1325,17
2020-06-25,Mariposa,043,17540,29,20,0,20,1
2020-06-25,Mendocino,045,87422,80,61,0,61,0
2020-06-25,Merced,047,269075,1440,747,0,747,10
2020-06-25,Modoc,049,8938,1,0,0,0,0
2020-06-25,Mono,051,14174,44,35,0,35,1
2020-06-25,Monterey,053,433212,1918,1426,4,1430,12
2020-06-25,Napa,055,140530,391,260,0,260,3
2020-06-25,Nevada,057,99092,128,92,1,93,1
2020-06-25,Orange,059,3164182,20013,12221,148,12369,311
2020-06-25,Placer,061,380077,822,574,1,575,10
2020-06-25,Plumas,063,18699,10,6,0,6,0
2020-06-25,Riverside,065,2383286,21301,15224,11,15235,427
2020-06-25,Sacramento,067,1510023,3571,2519,2,2521,62
2020-06-25,San Benito,069,59416,253,174,0,174,2
2020-06-25,San Bernardino,071,2135413,16652,10590,10,10600,242
2020-06-25,San Diego,073,3302833,15577,11963,2,11965,352
2020-06-25,San Francisco,075,870044,3777,3252,1,3253,48
2020-06-25,San Joaquin,077,732212,4278,2803,4,2807,50
2020-06-25,San Luis Obispo,079,281455,701,473,4,477,1
2020-06-25,San Mateo,081,765935,3427,2996,4,3000,82
2020-06-25,Santa Barbara,083,443738,3735,2622,14,2636,25
2020-06-25,Santa Clara,085,1922200,5114,3871,7,3878,156
2020-06-25,Santa Cruz,087,273765,417,335,0,335,2
2020-06-25,Shasta,089,179085,174,84,0,84,5
2020-06-25,Sierra,091,2930,1,1,0,1,0
2020-06-25,Siskiyou,093,43540,32,24,0,24,0
2020-06-25,Solano,095,438530,1625,1034,8,1042,21
2020-06-25,Sonoma,097,501317,1313,953,3,956,5
2020-06-25,Stanislaus,099,539301,3424,2130,5,2135,36
2020-06-25,Sutter,101,95872,169,126,0,126,2
2020-06-25,Tehama,103,63373,83,59,2,61,1
2020-06-25,Trinity,105,12862,6,2,2,4,0
2020-06-25,Tulare,107,460477,4919,3656,4,3660,117
2020-06-25,Tuolumne,109,53932,38,10,1,11,0
2020-06-25,Ventura,111,848112,3758,2346,8,2354,40
2020-06-25,Yolo,113,214977,606,397,3,400,24
2020-06-25,Yuba,115,75493,63,38,0,38,1
2020-06-24,Alameda,001,1643700,6325,5242,6,5248,123
2020-06-24,Alpine,003,1148,2,1,0,1,0
2020-06-24,Amador,005,37829,23,16,0,16,0
2020-06-24,Butte,007,227075,220,119,6,125,1
2020-06-24,Calaveras,009,45235,40,26,0,26,0
2020-06-24,Colusa,011,21464,44,11,0,11,0
2020-06-24,Contra Costa,013,1133247,3230,2520,2,2522,66
2020-06-24,Del Norte,015,27424,49,47,0,47,0
2020-06-24,El Dorado,017,186661,227,149,0,149,0
2020-06-24,Fresno,019,978130,8118,3765,61,3826,71
2020-06-24,Glenn,021,27897,124,54,0,54,0
2020-06-24,Humboldt,023,135768,151,117,0,117,3
2020-06-24,Imperial,025,180216,7508,5138,5,5143,38
2020-06-24,Inyo,027,18085,29,28,0,28,1
2020-06-24,Kern,029,883053,6970,4155,17,4172,67
2020-06-24,Kings,031,150075,2497,2063,4,2067,16
2020-06-24,Lake,033,64148,66,40,0,40,0
2020-06-24,Lassen,035,31185,229,9,2,11,0
2020-06-24,Los Angeles,037,10098052,105625,89566,26,89592,3186
2020-06-24,Madera,039,155013,755,373,0,373,4
2020-06-24,Marin,041,260295,2242,1261,4,1265,17
2020-06-24,Mariposa,043,17540,28,19,0,19,1
2020-06-24,Mendocino,045,87422,80,60,0,60,0
2020-06-24,Merced,047,269075,1354,696,0,696,8
2020-06-24,Modoc,049,8938,1,0,0,0,0
2020-06-24,Mono,051,14174,42,35,0,35,1
2020-06-24,Monterey,053,433212,1841,1407,4,1411,12
2020-06-24,Napa,055,140530,373,258,0,258,3
2020-06-24,Nevada,057,99092,122,92,1,93,1
2020-06-24,Orange,059,3164182,19019,11804,130,11934,303
2020-06-24,Placer,061,380077,783,548,1,549,10
2020-06-24,Plumas,063,18699,10,6,0,6,0
2020-06-24,Riverside,065,2383286,20455,14946,11,14957,410
2020-06-24,Sacramento,067,1510023,3366,2446,2,2448,62
2020-06-24,San Benito,069,59416,249,171,0,171,2
2020-06-24,San Bernardino,071,2135413,15841,10211,9,10220,239
2020-06-24,San Diego,073,3302833,15077,11628,2,11630,347
2020-06-24,San Francisco,075,870044,3714,3216,1,3217,48
2020-06-24,San Joaquin,077,732212,4057,2680,4,2684,49
2020-06-24,San Luis Obispo,079,281455,669,461,3,464,1
2020-06-24,San Mateo,081,765935,3370,2964,4,2968,82
2020-06-24,Santa Barbara,083,443738,3615,2569,12,2581,22
2020-06-24,Santa Clara,085,1922200,4983,3812,7,3819,155
2020-06-24,Santa Cruz,087,273765,405,329,0,329,2
2020-06-24,Shasta,089,179085,166,83,0,83,5
2020-06-24,Sierra,091,2930,1,1,0,1,0
2020-06-24,Siskiyou,093,43540,31,24,0,24,0
2020-06-24,Solano,095,438530,1535,979,7,986,21
2020-06-24,Sonoma,097,501317,1264,933,3,936,4
2020-06-24,Stanislaus,099,539301,3245,2039,5,2044,36
2020-06-24,Sutter,101,95872,156,118,0,118,2
2020-06-24,Tehama,103,63373,81,55,2,57,1
2020-06-24,Trinity,105,12862,6,2,2,4,0
2020-06-24,Tulare,107,460477,4767,3541,4,3545,116
2020-06-24,Tuolumne,109,53932,33,9,1,10,0
2020-06-24,Ventura,111,848112,3417,2314,8,2322,42
2020-06-24,Yolo,113,214977,571,376,3,379,24
2020-06-24,Yuba,115,75493,57,37,0,37,1
2020-06-23,Alameda,001,1643700,6144,5159,6,5165,121
2020-06-23,Alpine,003,1148,2,1,0,1,0
2020-06-23,Amador,005,37829,22,13,0,13,0
2020-06-23,Butte,007,227075,202,111,6,117,1
2020-06-23,Calaveras,009,45235,40,26,0,26,0
2020-06-23,Colusa,011,21464,40,7,0,7,0
2020-06-23,Contra Costa,013,1133247,3104,2453,2,2455,60
2020-06-23,Del Norte,015,27424,48,46,0,46,0
2020-06-23,El Dorado,017,186661,218,142,0,142,0
2020-06-23,Fresno,019,978130,7468,3569,59,3628,67
2020-06-23,Glenn,021,27897,120,47,0,47,0
2020-06-23,Humboldt,023,135768,151,110,0,110,3
2020-06-23,Imperial,025,180216,7345,5025,5,5030,38
2020-06-23,Inyo,027,18085,29,26,0,26,1
2020-06-23,Kern,029,883053,6602,4087,14,4101,64
2020-06-23,Kings,031,150075,2432,1727,4,1731,16
2020-06-23,Lake,033,64148,60,40,0,40,0
2020-06-23,Lassen,035,31185,225,9,2,11,0
2020-06-23,Los Angeles,037,10098052,102687,88433,24,88457,3152
2020-06-23,Madera,039,155013,716,369,0,369,4
2020-06-23,Marin,041,260295,1974,1139,4,1143,17
2020-06-23,Mariposa,043,17540,26,18,0,18,1
2020-06-23,Mendocino,045,87422,79,61,0,61,0
2020-06-23,Merced,047,269075,1257,656,0,656,8
2020-06-23,Modoc,049,8938,1,0,0,0,0
2020-06-23,Mono,051,14174,42,35,0,35,1
2020-06-23,Monterey,053,433212,1771,1346,4,1350,12
2020-06-23,Napa,055,140530,358,230,0,230,3
2020-06-23,Nevada,057,99092,116,81,1,82,1
2020-06-23,Orange,059,3164182,18049,11071,127,11198,278
2020-06-23,Placer,061,380077,755,525,1,526,10
2020-06-23,Plumas,063,18699,9,6,0,6,0
2020-06-23,Riverside,065,2383286,19436,14469,11,14480,406
2020-06-23,Sacramento,067,1510023,3187,2374,2,2376,62
2020-06-23,San Benito,069,59416,235,167,0,167,2
2020-06-23,San Bernardino,071,2135413,15057,9771,9,9780,229
2020-06-23,San Diego,073,3302833,14557,11296,2,11298,341
2020-06-23,San Francisco,075,870044,3641,3177,1,3178,48
2020-06-23,San Joaquin,077,732212,3798,2502,4,2506,48
2020-06-23,San Luis Obispo,079,281455,638,445,3,448,1
2020-06-23,San Mateo,081,765935,3305,2907,4,2911,81
2020-06-23,Santa Barbara,083,443738,3519,2498,12,2510,22
2020-06-23,Santa Clara,085,1922200,4837,3700,7,3707,155
2020-06-23,Santa Cruz,087,273765,395,313,0,313,2
2020-06-23,Shasta,089,179085,157,81,0,81,5
2020-06-23,Sierra,091,2930,1,1,0,1,0
2020-06-23,Siskiyou,093,43540,29,24,0,24,0
2020-06-23,Solano,095,438530,1478,941,6,947,21
2020-06-23,Sonoma,097,501317,1211,912,3,915,4
2020-06-23,Stanislaus,099,539301,3069,1850,5,1855,35
2020-06-23,Sutter,101,95872,146,112,0,112,2
2020-06-23,Tehama,103,63373,79,50,2,52,1
2020-06-23,Trinity,105,12862,6,2,2,4,0
2020-06-23,Tulare,107,460477,4645,3456,4,3460,111
2020-06-23,Tuolumne,109,53932,28,9,1,10,0
2020-06-23,Ventura,111,848112,3257,2209,7,2216,40
2020-06-23,Yolo,113,214977,545,350,0,350,24
2020-06-23,Yuba,115,75493,54,35,0,35,1
2020-06-22,Alameda,001,1643700,5993,4944,6,4950,121
2020-06-22,Alpine,003,1148,2,1,0,1,0
2020-06-22,Amador,005,37829,19,12,0,12,0
2020-06-22,Butte,007,227075,183,104,6,110,1
2020-06-22,Calaveras,009,45235,38,20,0,20,0
2020-06-22,Colusa,011,21464,37,7,0,7,0
2020-06-22,Contra Costa,013,1133247,2962,2363,2,2365,60
2020-06-22,Del Norte,015,27424,48,46,0,46,0
2020-06-22,El Dorado,017,186661,209,137,0,137,0
2020-06-22,Fresno,019,978130,6936,3425,59,3484,67
2020-06-22,Glenn,021,27897,111,40,0,40,0
2020-06-22,Humboldt,023,135768,148,110,0,110,3
2020-06-22,Imperial,025,180216,7189,4700,5,4705,38
2020-06-22,Inyo,027,18085,29,26,0,26,1
2020-06-22,Kern,029,883053,6250,3982,12,3994,60
2020-06-22,Kings,031,150075,2384,1513,4,1517,13
2020-06-22,Lake,033,64148,54,37,0,37,0
2020-06-22,Lassen,035,31185,115,7,2,9,0
2020-06-22,Los Angeles,037,10098052,99790,85925,23,85948,3117
2020-06-22,Madera,039,155013,691,333,0,333,4
2020-06-22,Marin,041,260295,1717,1029,4,1033,17
2020-06-22,Mariposa,043,17540,25,18,0,18,1
2020-06-22,Mendocino,045,87422,74,48,0,48,0
2020-06-22,Merced,047,269075,1168,619,0,619,8
2020-06-22,Modoc,049,8938,1,0,0,0,0
2020-06-22,Mono,051,14174,42,34,0,34,1
2020-06-22,Monterey,053,433212,1710,1293,4,1297,12
2020-06-22,Napa,055,140530,334,222,0,222,3
2020-06-22,Nevada,057,99092,111,79,1,80,1
2020-06-22,Orange,059,3164182,17119,10711,124,10835,275
2020-06-22,Placer,061,380077,730,512,1,513,9
2020-06-22,Plumas,063,18699,7,6,0,6,0
2020-06-22,Riverside,065,2383286,18464,13948,11,13959,403
2020-06-22,Sacramento,067,1510023,2971,2243,2,2245,62
2020-06-22,San Benito,069,59416,226,164,0,164,2
2020-06-22,San Bernardino,071,2135413,14281,9133,9,9142,229
2020-06-22,San Diego,073,3302833,14066,11098,2,11100,338
2020-06-22,San Francisco,075,870044,3548,3000,1,3001,47
2020-06-22,San Joaquin,077,732212,3551,2332,4,2336,48
2020-06-22,San Luis Obispo,079,281455,606,422,3,425,1
2020-06-22,San Mateo,081,765935,3232,2813,4,2817,81
2020-06-22,Santa Barbara,083,443738,3427,2447,12,2459,21
2020-06-22,Santa Clara,085,1922200,4677,3580,7,3587,155
2020-06-22,Santa Cruz,087,273765,382,290,0,290,3
2020-06-22,Shasta,089,179085,154,77,0,77,5
2020-06-22,Sierra,091,2930,1,1,0,1,0
2020-06-22,Siskiyou,093,43540,29,23,0,23,0
2020-06-22,Solano,095,438530,1400,784,5,789,21
2020-06-22,Sonoma,097,501317,1166,860,1,861,4
2020-06-22,Stanislaus,099,539301,2884,1784,5,1789,35
2020-06-22,Sutter,101,95872,137,100,0,100,2
2020-06-22,Tehama,103,63373,75,38,2,40,1
2020-06-22,Trinity,105,12862,6,2,2,4,0
2020-06-22,Tulare,107,460477,4508,3185,4,3189,111
2020-06-22,Tuolumne,109,53932,19,8,1,9,0
2020-06-22,Ventura,111,848112,3108,2065,7,2072,39
2020-06-22,Yolo,113,214977,518,333,0,333,24
2020-06-22,Yuba,115,75493,49,36,0,36,1
2020-06-21,Alameda,001,1643700,5797,4835,6,4841,121
2020-06-21,Alpine,003,1148,2,1,0,1,0
2020-06-21,Amador,005,37829,14,12,0,12,0
2020-06-21,Butte,007,227075,169,97,6,103,1
2020-06-21,Calaveras,009,45235,38,20,0,20,0
2020-06-21,Colusa,011,21464,29,7,0,7,0
2020-06-21,Contra Costa,013,1133247,2836,2282,2,2284,60
2020-06-21,Del Norte,015,27424,47,46,0,46,0
2020-06-21,El Dorado,017,186661,200,132,0,132,0
2020-06-21,Fresno,019,978130,6366,3296,58,3354,67
2020-06-21,Glenn,021,27897,102,40,0,40,0
2020-06-21,Humboldt,023,135768,143,108,0,108,3
2020-06-21,Imperial,025,180216,7006,4701,5,4706,38
2020-06-21,Inyo,027,18085,27,26,0,26,1
2020-06-21,Kern,029,883053,5958,3918,11,3929,60
2020-06-21,Kings,031,150075,2321,1334,4,1338,11
2020-06-21,Lake,033,64148,49,36,0,36,0
2020-06-21,Lassen,035,31185,22,7,2,9,0
2020-06-21,Los Angeles,037,10098052,96909,83383,23,83406,3101
2020-06-21,Madera,039,155013,657,319,0,319,4
2020-06-21,Marin,041,260295,1560,907,4,911,17
2020-06-21,Mariposa,043,17540,22,18,0,18,1
2020-06-21,Mendocino,045,87422,71,48,0,48,0
2020-06-21,Merced,047,269075,1073,577,0,577,8
2020-06-21,Modoc,049,8938,1,0,0,0,0
2020-06-21,Mono,051,14174,42,34,0,34,1
2020-06-21,Monterey,053,433212,1637,1227,4,1231,12
2020-06-21,Napa,055,140530,319,218,0,218,3
2020-06-21,Nevada,057,99092,108,79,1,80,1
2020-06-21,Orange,059,3164182,16277,10563,120,10683,275
2020-06-21,Placer,061,380077,691,498,1,499,9
2020-06-21,Plumas,063,18699,7,6,0,6,0
2020-06-21,Riverside,065,2383286,17759,13528,10,13538,402
2020-06-21,Sacramento,067,1510023,2770,2156,2,2158,62
2020-06-21,San Benito,069,59416,212,151,0,151,2
2020-06-21,San Bernardino,071,2135413,13504,8925,8,8933,229
2020-06-21,San Diego,073,3302833,13521,10796,2,10798,338
2020-06-21,San Francisco,075,870044,3442,3000,1,3001,47
2020-06-21,San Joaquin,077,732212,3315,2188,4,2192,48
2020-06-21,San Luis Obispo,079,281455,581,418,3,421,1
2020-06-21,San Mateo,081,765935,3174,2781,4,2785,81
2020-06-21,Santa Barbara,083,443738,3320,2430,11,2441,21
2020-06-21,Santa Clara,085,1922200,4539,3514,7,3521,154
2020-06-21,Santa Cruz,087,273765,372,290,0,290,3
2020-06-21,Shasta,089,179085,144,75,0,75,5
2020-06-21,Sierra,091,2930,1,1,0,1,0
2020-06-21,Siskiyou,093,43540,29,23,0,23,0
2020-06-21,Solano,095,438530,1300,783,4,787,21
2020-06-21,Sonoma,097,501317,1116,836,1,837,4
2020-06-21,Stanislaus,099,539301,2698,1688,5,1693,35
2020-06-21,Sutter,101,95872,129,96,0,96,2
2020-06-21,Tehama,103,63373,64,35,2,37,1
2020-06-21,Trinity,105,12862,6,2,2,4,0
2020-06-21,Tulare,107,460477,4340,3173,4,3177,111
2020-06-21,Tuolumne,109,53932,17,8,1,9,0
2020-06-21,Ventura,111,848112,2930,2021,7,2028,39
2020-06-21,Yolo,113,214977,486,323,0,323,24
2020-06-21,Yuba,115,75493,45,35,0,35,1
2020-06-20,Alameda,001,1643700,5735,4758,6,4764,119
2020-06-20,Alpine,003,1148,2,1,0,1,0
2020-06-20,Amador,005,37829,14,12,0,12,0
2020-06-20,Butte,007,227075,162,94,6,100,1
2020-06-20,Calaveras,009,45235,38,20,0,20,0
2020-06-20,Colusa,011,21464,26,7,0,7,0
2020-06-20,Contra Costa,013,1133247,2777,2231,2,2233,54
2020-06-20,Del Norte,015,27424,47,46,0,46,0
2020-06-20,El Dorado,017,186661,195,130,0,130,0
2020-06-20,Fresno,019,978130,6241,3222,56,3278,67
2020-06-20,Glenn,021,27897,97,40,0,40,0
2020-06-20,Humboldt,023,135768,143,108,0,108,3
2020-06-20,Imperial,025,180216,6925,4616,5,4621,37
2020-06-20,Inyo,027,18085,27,26,0,26,1
2020-06-20,Kern,029,883053,5793,3836,11,3847,59
2020-06-20,Kings,031,150075,2297,1331,4,1335,9
2020-06-20,Lake,033,64148,49,37,0,37,0
2020-06-20,Lassen,035,31185,21,7,2,9,0
2020-06-20,Los Angeles,037,10098052,95337,81604,22,81626,3093
2020-06-20,Madera,039,155013,624,321,0,321,4
2020-06-20,Marin,041,260295,1540,879,4,883,17
2020-06-20,Mariposa,043,17540,22,18,0,18,1
2020-06-20,Mendocino,045,87422,70,48,0,48,0
2020-06-20,Merced,047,269075,1033,566,0,566,8
2020-06-20,Modoc,049,8938,1,0,0,0,0
2020-06-20,Mono,051,14174,42,34,0,34,1
2020-06-20,Monterey,053,433212,1601,1181,4,1185,12
2020-06-20,Napa,055,140530,310,212,0,212,3
2020-06-20,Nevada,057,99092,105,73,1,74,1
2020-06-20,Orange,059,3164182,15929,10284,116,10400,273
2020-06-20,Placer,061,380077,667,483,1,484,9
2020-06-20,Plumas,063,18699,6,6,0,6,0
2020-06-20,Riverside,065,2383286,17460,13021,10,13031,402
2020-06-20,Sacramento,067,1510023,2699,2069,2,2071,63
2020-06-20,San Benito,069,59416,208,139,0,139,2
2020-06-20,San Bernardino,071,2135413,13142,8718,8,8726,229
2020-06-20,San Diego,073,3302833,13198,10486,2,10488,338
2020-06-20,San Francisco,075,870044,3399,2999,1,3000,47
2020-06-20,San Joaquin,077,732212,3232,2046,4,2050,48
2020-06-20,San Luis Obispo,079,281455,568,405,3,408,1
2020-06-20,San Mateo,081,765935,3126,2755,4,2759,81
2020-06-20,Santa Barbara,083,443738,3264,2358,10,2368,21
2020-06-20,Santa Clara,085,1922200,4466,3435,7,3442,154
2020-06-20,Santa Cruz,087,273765,370,287,0,287,3
2020-06-20,Shasta,089,179085,138,66,0,66,5
2020-06-20,Sierra,091,2930,1,1,0,1,0
2020-06-20,Siskiyou,093,43540,28,22,0,22,0
2020-06-20,Solano,095,438530,1276,784,4,788,21
2020-06-20,Sonoma,097,501317,1080,806,1,807,4
2020-06-20,Stanislaus,099,539301,2590,1598,5,1603,35
2020-06-20,Sutter,101,95872,127,89,0,89,2
2020-06-20,Tehama,103,63373,62,35,2,37,1
2020-06-20,Trinity,105,12862,6,2,2,4,0
2020-06-20,Tulare,107,460477,4267,3172,4,3176,111
2020-06-20,Tuolumne,109,53932,14,8,1,9,0
2020-06-20,Ventura,111,848112,2865,1946,7,1953,37
2020-06-20,Yolo,113,214977,470,309,0,309,24
2020-06-20,Yuba,115,75493,43,34,0,34,1
2020-06-19,Alameda,001,1643700,5664,4646,6,4652,119
2020-06-19,Alpine,003,1148,2,1,0,1,0
2020-06-19,Amador,005,37829,14,12,0,12,0
2020-06-19,Butte,007,227075,157,91,6,97,1
2020-06-19,Calaveras,009,45235,37,20,0,20,0
2020-06-19,Colusa,011,21464,24,7,0,7,0
2020-06-19,Contra Costa,013,1133247,2698,2106,2,2108,54
2020-06-19,Del Norte,015,27424,47,46,0,46,0
2020-06-19,El Dorado,017,186661,186,124,0,124,0
2020-06-19,Fresno,019,978130,6079,3109,54,3163,61
2020-06-19,Glenn,021,27897,91,40,0,40,0
2020-06-19,Humboldt,023,135768,141,106,0,106,3
2020-06-19,Imperial,025,180216,6834,4504,5,4509,36
2020-06-19,Inyo,027,18085,27,26,0,26,1
2020-06-19,Kern,029,883053,5570,3742,10,3752,57
2020-06-19,Kings,031,150075,2276,1285,4,1289,9
2020-06-19,Lake,033,64148,46,36,0,36,0
2020-06-19,Lassen,035,31185,20,7,2,9,0
2020-06-19,Los Angeles,037,10098052,93357,79572,22,79594,3047
2020-06-19,Madera,039,155013,605,300,0,300,4
2020-06-19,Marin,041,260295,1511,829,4,833,17
2020-06-19,Mariposa,043,17540,21,18,0,18,1
2020-06-19,Mendocino,045,87422,69,48,0,48,0
2020-06-19,Merced,047,269075,988,529,0,529,8
2020-06-19,Modoc,049,8938,1,0,0,0,0
2020-06-19,Mono,051,14174,42,34,0,34,1
2020-06-19,Monterey,053,433212,1572,1159,4,1163,12
2020-06-19,Napa,055,140530,300,209,0,209,3
2020-06-19,Nevada,057,99092,102,71,1,72,1
2020-06-19,Orange,059,3164182,15404,9972,108,10080,260
2020-06-19,Placer,061,380077,649,464,1,465,9
2020-06-19,Plumas,063,18699,6,5,0,5,0
2020-06-19,Riverside,065,2383286,17055,12710,10,12720,398
2020-06-19,Sacramento,067,1510023,2616,1976,2,1978,64
2020-06-19,San Benito,069,59416,207,136,0,136,2
2020-06-19,San Bernardino,071,2135413,12736,8454,7,8461,226
2020-06-19,San Diego,073,3302833,12835,10352,2,10354,332
2020-06-19,San Francisco,075,870044,3344,2968,1,2969,47
2020-06-19,San Joaquin,077,732212,3109,1969,4,1973,48
2020-06-19,San Luis Obispo,079,281455,553,392,3,395,1
2020-06-19,San Mateo,081,765935,3087,2713,4,2717,81
2020-06-19,Santa Barbara,083,443738,3191,2284,8,2292,21
2020-06-19,Santa Clara,085,1922200,4391,3376,7,3383,154
2020-06-19,Santa Cruz,087,273765,360,283,0,283,3
2020-06-19,Shasta,089,179085,134,58,0,58,5
2020-06-19,Sierra,091,2930,1,1,0,1,0
2020-06-19,Siskiyou,093,43540,28,21,0,21,0
2020-06-19,Solano,095,438530,1238,755,4,759,21
2020-06-19,Sonoma,097,501317,1053,803,1,804,4
2020-06-19,Stanislaus,099,539301,2480,1549,5,1554,35
2020-06-19,Sutter,101,95872,126,89,0,89,2
2020-06-19,Tehama,103,63373,61,35,2,37,1
2020-06-19,Trinity,105,12862,6,2,2,4,0
2020-06-19,Tulare,107,460477,4195,3053,4,3057,107
2020-06-19,Tuolumne,109,53932,13,8,1,9,0
2020-06-19,Ventura,111,848112,2781,1865,7,1872,37
2020-06-19,Yolo,113,214977,451,303,0,303,24
2020-06-19,Yuba,115,75493,42,33,0,33,1
2020-06-18,Alameda,001,1643700,5535,4589,6,4595,118
2020-06-18,Alpine,003,1148,2,1,0,1,0
2020-06-18,Amador,005,37829,13,12,0,12,0
2020-06-18,Butte,007,227075,152,88,6,94,1
2020-06-18,Calaveras,009,45235,37,20,0,20,0
2020-06-18,Colusa,011,21464,20,7,0,7,0
2020-06-18,Contra Costa,013,1133247,2592,2072,2,2074,53
2020-06-18,Del Norte,015,27424,47,46,0,46,0
2020-06-18,El Dorado,017,186661,182,121,0,121,0
2020-06-18,Fresno,019,978130,5812,2947,53,3000,57
2020-06-18,Glenn,021,27897,82,35,0,35,0
2020-06-18,Humboldt,023,135768,140,106,0,106,3
2020-06-18,Imperial,025,180216,6685,4366,5,4371,36
2020-06-18,Inyo,027,18085,26,25,0,25,1
2020-06-18,Kern,029,883053,5352,3634,10,3644,57
2020-06-18,Kings,031,150075,2217,1141,4,1145,8
2020-06-18,Lake,033,64148,45,36,0,36,0
2020-06-18,Lassen,035,31185,19,5,2,7,0
2020-06-18,Los Angeles,037,10098052,91090,78244,22,78266,3009
2020-06-18,Madera,039,155013,570,288,0,288,4
2020-06-18,Marin,041,260295,1448,819,4,823,17
2020-06-18,Mariposa,043,17540,19,18,0,18,1
2020-06-18,Mendocino,045,87422,65,45,0,45,0
2020-06-18,Merced,047,269075,935,486,0,486,7
2020-06-18,Modoc,049,8938,1,0,0,0,0
2020-06-18,Mono,051,14174,42,34,0,34,1
2020-06-18,Monterey,053,433212,1505,1127,4,1131,12
2020-06-18,Napa,055,140530,285,205,0,205,3
2020-06-18,Nevada,057,99092,98,68,1,69,1
2020-06-18,Orange,059,3164182,14747,9597,90,9687,255
2020-06-18,Placer,061,380077,627,457,1,458,9
2020-06-18,Plumas,063,18699,6,5,0,5,0
2020-06-18,Riverside,065,2383286,16442,12410,10,12420,392
2020-06-18,Sacramento,067,1510023,2500,1938,2,1940,63
2020-06-18,San Benito,069,59416,201,134,0,134,2
2020-06-18,San Bernardino,071,2135413,12097,8141,7,8148,226
2020-06-18,San Diego,073,3302833,12413,10094,2,10096,331
2020-06-18,San Francisco,075,870044,3295,2951,1,2952,47
2020-06-18,San Joaquin,077,732212,2957,1908,4,1912,47
2020-06-18,San Luis Obispo,079,281455,534,378,3,381,1
2020-06-18,San Mateo,081,765935,3048,2674,4,2678,78
2020-06-18,Santa Barbara,083,443738,3117,2201,8,2209,19
2020-06-18,Santa Clara,085,1922200,4290,3338,7,3345,152
2020-06-18,Santa Cruz,087,273765,343,275,0,275,3
2020-06-18,Shasta,089,179085,123,51,0,51,4
2020-06-18,Sierra,091,2930,1,1,0,1,0
2020-06-18,Siskiyou,093,43540,28,18,0,18,0
2020-06-18,Solano,095,438530,1200,735,4,739,21
2020-06-18,Sonoma,097,501317,1011,789,1,790,4
2020-06-18,Stanislaus,099,539301,2346,1495,5,1500,35
2020-06-18,Sutter,101,95872,122,85,0,85,2
2020-06-18,Tehama,103,63373,56,31,2,33,1
2020-06-18,Trinity,105,12862,6,2,2,4,0
2020-06-18,Tulare,107,460477,4075,3005,4,3009,107
2020-06-18,Tuolumne,109,53932,12,8,1,9,0
2020-06-18,Ventura,111,848112,2655,1781,7,1788,37
2020-06-18,Yolo,113,214977,418,294,0,294,24
2020-06-18,Yuba,115,75493,41,32,0,32,1
2020-06-17,Alameda,001,1643700,5412,4485,6,4491,117
2020-06-17,Alpine,003,1148,2,1,0,1,0
2020-06-17,Amador,005,37829,12,10,0,10,0
2020-06-17,Butte,007,227075,143,81,6,87,1
2020-06-17,Calaveras,009,45235,37,20,0,20,0
2020-06-17,Colusa,011,21464,19,7,0,7,0
2020-06-17,Contra Costa,013,1133247,2495,2020,2,2022,45
2020-06-17,Del Norte,015,27424,47,45,0,45,0
2020-06-17,El Dorado,017,186661,175,116,0,116,0
2020-06-17,Fresno,019,978130,5588,2801,50,2851,56
2020-06-17,Glenn,021,27897,75,31,0,31,0
2020-06-17,Humboldt,023,135768,138,105,0,105,3
2020-06-17,Imperial,025,180216,6513,4108,5,4113,36
2020-06-17,Inyo,027,18085,25,25,0,25,1
2020-06-17,Kern,029,883053,5151,3547,10,3557,56
2020-06-17,Kings,031,150075,2187,1097,4,1101,7
2020-06-17,Lake,033,64148,44,32,0,32,0
2020-06-17,Lassen,035,31185,15,5,2,7,0
2020-06-17,Los Angeles,037,10098052,88783,77166,22,77188,2973
2020-06-17,Madera,039,155013,548,258,0,258,4
2020-06-17,Marin,041,260295,1256,771,3,774,17
2020-06-17,Mariposa,043,17540,18,18,0,18,1
2020-06-17,Mendocino,045,87422,63,42,0,42,0
2020-06-17,Merced,047,269075,863,460,0,460,7
2020-06-17,Modoc,049,8938,1,0,0,0,0
2020-06-17,Mono,051,14174,42,34,0,34,1
2020-06-17,Monterey,053,433212,1453,1077,4,1081,12
2020-06-17,Napa,055,140530,270,202,0,202,3
2020-06-17,Nevada,057,99092,94,57,1,58,1
2020-06-17,Orange,059,3164182,14144,9278,85,9363,230
2020-06-17,Placer,061,380077,605,427,1,428,9
2020-06-17,Plumas,063,18699,6,5,0,5,0
2020-06-17,Riverside,065,2383286,15809,11859,10,11869,370
2020-06-17,Sacramento,067,1510023,2393,1889,2,1891,63
2020-06-17,San Benito,069,59416,196,116,0,116,2
2020-06-17,San Bernardino,071,2135413,11545,7670,7,7677,225
2020-06-17,San Diego,073,3302833,12034,9856,2,9858,327
2020-06-17,San Francisco,075,870044,3256,2906,1,2907,46
2020-06-17,San Joaquin,077,732212,2785,1825,4,1829,46
2020-06-17,San Luis Obispo,079,281455,517,362,3,365,1
2020-06-17,San Mateo,081,765935,3001,2649,4,2653,78
2020-06-17,Santa Barbara,083,443738,3044,2147,6,2153,19
2020-06-17,Santa Clara,085,1922200,4199,3264,6,3270,148
2020-06-17,Santa Cruz,087,273765,337,265,0,265,2
2020-06-17,Shasta,089,179085,121,51,0,51,4
2020-06-17,Sierra,091,2930,1,1,0,1,0
2020-06-17,Siskiyou,093,43540,27,16,0,16,0
2020-06-17,Solano,095,438530,1150,722,4,726,21
2020-06-17,Sonoma,097,501317,986,748,1,749,4
2020-06-17,Stanislaus,099,539301,2223,1387,5,1392,35
2020-06-17,Sutter,101,95872,116,79,0,79,2
2020-06-17,Tehama,103,63373,41,24,2,26,1
2020-06-17,Trinity,105,12862,6,2,2,4,0
2020-06-17,Tulare,107,460477,3966,2882,4,2886,106
2020-06-17,Tuolumne,109,53932,12,7,1,8,0
2020-06-17,Ventura,111,848112,2555,1729,7,1736,37
2020-06-17,Yolo,113,214977,398,277,0,277,24
2020-06-17,Yuba,115,75493,40,30,0,30,1
2020-06-16,Alameda,001,1643700,5296,4428,6,4434,113
2020-06-16,Alpine,003,1148,2,1,0,1,0
2020-06-16,Amador,005,37829,12,10,0,10,0
2020-06-16,Butte,007,227075,139,79,6,85,1
2020-06-16,Calaveras,009,45235,34,19,0,19,0
2020-06-16,Colusa,011,21464,16,7,0,7,0
2020-06-16,Contra Costa,013,1133247,2404,1971,1,1972,45
2020-06-16,Del Norte,015,27424,47,45,0,45,0
2020-06-16,El Dorado,017,186661,169,115,0,115,0
2020-06-16,Fresno,019,978130,5351,2731,49,2780,50
2020-06-16,Glenn,021,27897,71,30,0,30,0
2020-06-16,Humboldt,023,135768,135,105,0,105,3
2020-06-16,Imperial,025,180216,6354,3939,5,3944,36
2020-06-16,Inyo,027,18085,25,24,0,24,1
2020-06-16,Kern,029,883053,4927,3496,10,3506,55
2020-06-16,Kings,031,150075,2141,1044,4,1048,6
2020-06-16,Lake,033,64148,44,31,0,31,0
2020-06-16,Lassen,035,31185,12,5,2,7,0
2020-06-16,Los Angeles,037,10098052,86461,75051,22,75073,2942
2020-06-16,Madera,039,155013,522,239,0,239,3
2020-06-16,Marin,041,260295,1203,725,3,728,17
2020-06-16,Mariposa,043,17540,18,17,0,17,1
2020-06-16,Mendocino,045,87422,62,35,0,35,0
2020-06-16,Merced,047,269075,815,436,0,436,7
2020-06-16,Modoc,049,8938,1,0,0,0,0
2020-06-16,Mono,051,14174,42,34,0,34,1
2020-06-16,Monterey,053,433212,1405,1019,4,1023,12
2020-06-16,Napa,055,140530,255,196,0,196,3
2020-06-16,Nevada,057,99092,91,53,1,54,1
2020-06-16,Orange,059,3164182,13561,9163,83,9246,223
2020-06-16,Placer,061,380077,571,392,1,393,9
2020-06-16,Plumas,063,18699,6,5,0,5,0
2020-06-16,Riverside,065,2383286,15134,11638,10,11648,364
2020-06-16,Sacramento,067,1510023,2284,1825,2,1827,60
2020-06-16,San Benito,069,59416,188,110,0,110,2
2020-06-16,San Bernardino,071,2135413,11002,7463,7,7470,225
2020-06-16,San Diego,073,3302833,11672,9732,1,9733,323
2020-06-16,San Francisco,075,870044,3205,2893,1,2894,46
2020-06-16,San Joaquin,077,732212,2633,1718,4,1722,47
2020-06-16,San Luis Obispo,079,281455,494,343,3,346,1
2020-06-16,San Mateo,081,765935,2947,2618,4,2622,77
2020-06-16,Santa Barbara,083,443738,2977,2090,6,2096,16
2020-06-16,Santa Clara,085,1922200,4092,3228,5,3233,148
2020-06-16,Santa Cruz,087,273765,321,257,0,257,2
2020-06-16,Shasta,089,179085,112,51,0,51,4
2020-06-16,Sierra,091,2930,1,1,0,1,0
2020-06-16,Siskiyou,093,43540,26,15,0,15,0
2020-06-16,Solano,095,438530,1060,694,4,698,19
2020-06-16,Sonoma,097,501317,954,739,1,740,4
2020-06-16,Stanislaus,099,539301,2070,1278,5,1283,36
2020-06-16,Sutter,101,95872,109,73,0,73,2
2020-06-16,Tehama,103,63373,37,24,2,26,1
2020-06-16,Trinity,105,12862,6,2,2,4,0
2020-06-16,Tulare,107,460477,3848,2802,4,2806,96
2020-06-16,Tuolumne,109,53932,12,7,1,8,0
2020-06-16,Ventura,111,848112,2454,1676,7,1683,37
2020-06-16,Yolo,113,214977,374,262,0,262,24
2020-06-16,Yuba,115,75493,39,29,0,29,1
2020-06-15,Alameda,001,1643700,5171,4323,6,4329,112
2020-06-15,Alpine,003,1148,2,1,0,1,0
2020-06-15,Amador,005,37829,12,10,0,10,0
2020-06-15,Butte,007,227075,131,78,6,84,1
2020-06-15,Calaveras,009,45235,34,18,0,18,0
2020-06-15,Colusa,011,21464,14,7,0,7,0
2020-06-15,Contra Costa,013,1133247,2327,1918,1,1919,43
2020-06-15,Del Norte,015,27424,47,45,0,45,0
2020-06-15,El Dorado,017,186661,159,114,0,114,0
2020-06-15,Fresno,019,978130,5139,2616,48,2664,48
2020-06-15,Glenn,021,27897,66,21,0,21,0
2020-06-15,Humboldt,023,135768,133,105,0,105,3
2020-06-15,Imperial,025,180216,6179,3726,5,3731,36
2020-06-15,Inyo,027,18085,25,23,0,23,1
2020-06-15,Kern,029,883053,4703,3417,10,3427,55
2020-06-15,Kings,031,150075,2064,1022,4,1026,6
2020-06-15,Lake,033,64148,44,31,0,31,0
2020-06-15,Lassen,035,31185,12,5,2,7,0
2020-06-15,Los Angeles,037,10098052,84272,73705,22,73727,2908
2020-06-15,Madera,039,155013,500,203,0,203,3
2020-06-15,Marin,041,260295,1036,708,3,711,17
2020-06-15,Mariposa,043,17540,18,17,0,17,1
2020-06-15,Mendocino,045,87422,53,33,0,33,0
2020-06-15,Merced,047,269075,769,414,0,414,7
2020-06-15,Modoc,049,8938,1,0,0,0,0
2020-06-15,Mono,051,14174,42,34,0,34,1
2020-06-15,Monterey,053,433212,1339,998,4,1002,12
2020-06-15,Napa,055,140530,247,187,0,187,3
2020-06-15,Nevada,057,99092,85,52,1,53,1
2020-06-15,Orange,059,3164182,12995,8944,76,9020,212
2020-06-15,Placer,061,380077,550,386,1,387,9
2020-06-15,Plumas,063,18699,6,4,0,4,0
2020-06-15,Riverside,065,2383286,14513,11376,10,11386,364
2020-06-15,Sacramento,067,1510023,2168,1791,2,1793,60
2020-06-15,San Benito,069,59416,182,108,0,108,2
2020-06-15,San Bernardino,071,2135413,10498,7189,7,7196,224
2020-06-15,San Diego,073,3302833,11332,9612,1,9613,320
2020-06-15,San Francisco,075,870044,3161,2833,1,2834,45
2020-06-15,San Joaquin,077,732212,2497,1667,4,1671,43
2020-06-15,San Luis Obispo,079,281455,480,332,3,335,1
2020-06-15,San Mateo,081,765935,2900,2591,4,2595,75
2020-06-15,Santa Barbara,083,443738,2909,2054,6,2060,16
2020-06-15,Santa Clara,085,1922200,3992,3204,5,3209,148
2020-06-15,Santa Cruz,087,273765,310,254,0,254,2
2020-06-15,Shasta,089,179085,106,50,0,50,4
2020-06-15,Sierra,091,2930,1,1,0,1,0
2020-06-15,Siskiyou,093,43540,25,14,0,14,0
2020-06-15,Solano,095,438530,1000,638,4,642,19
2020-06-15,Sonoma,097,501317,925,726,1,727,4
2020-06-15,Stanislaus,099,539301,1953,1253,5,1258,35
2020-06-15,Sutter,101,95872,99,71,0,71,2
2020-06-15,Tehama,103,63373,37,17,2,19,1
2020-06-15,Trinity,105,12862,5,2,2,4,0
2020-06-15,Tulare,107,460477,3734,2662,4,2666,96
2020-06-15,Tuolumne,109,53932,11,7,1,8,0
2020-06-15,Ventura,111,848112,2373,1656,7,1663,37
2020-06-15,Yolo,113,214977,354,255,0,255,24
2020-06-15,Yuba,115,75493,39,28,0,28,1
2020-06-14,Alameda,001,1643700,5026,4271,6,4277,112
2020-06-14,Alpine,003,1148,2,1,0,1,0
2020-06-14,Amador,005,37829,12,10,0,10,0
2020-06-14,Butte,007,227075,123,78,6,84,1
2020-06-14,Calaveras,009,45235,33,18,0,18,0
2020-06-14,Colusa,011,21464,13,7,0,7,0
2020-06-14,Contra Costa,013,1133247,2258,1893,1,1894,43
2020-06-14,Del Norte,015,27424,47,45,0,45,0
2020-06-14,El Dorado,017,186661,155,110,0,110,0
2020-06-14,Fresno,019,978130,4954,2585,47,2632,48
2020-06-14,Glenn,021,27897,51,21,0,21,0
2020-06-14,Humboldt,023,135768,129,105,0,105,3
2020-06-14,Imperial,025,180216,5947,3730,5,3735,36
2020-06-14,Inyo,027,18085,24,23,0,23,1
2020-06-14,Kern,029,883053,4492,3328,10,3338,55
2020-06-14,Kings,031,150075,2013,1022,4,1026,6
2020-06-14,Lake,033,64148,41,31,0,31,0
2020-06-14,Lassen,035,31185,12,5,2,7,0
2020-06-14,Los Angeles,037,10098052,81946,72932,22,72954,2887
2020-06-14,Madera,039,155013,482,203,0,203,3
2020-06-14,Marin,041,260295,871,689,2,691,17
2020-06-14,Mariposa,043,17540,18,16,0,16,1
2020-06-14,Mendocino,045,87422,50,33,0,33,0
2020-06-14,Merced,047,269075,718,403,0,403,7
2020-06-14,Modoc,049,8938,1,0,0,0,0
2020-06-14,Mono,051,14174,42,34,0,34,1
2020-06-14,Monterey,053,433212,1278,949,4,953,12
2020-06-14,Napa,055,140530,225,181,0,181,3
2020-06-14,Nevada,057,99092,81,52,1,53,1
2020-06-14,Orange,059,3164182,12569,8744,72,8816,211
2020-06-14,Placer,061,380077,524,369,1,370,9
2020-06-14,Plumas,063,18699,5,4,0,4,0
2020-06-14,Riverside,065,2383286,14070,11218,10,11228,364
2020-06-14,Sacramento,067,1510023,2081,1750,2,1752,60
2020-06-14,San Benito,069,59416,171,104,0,104,2
2020-06-14,San Bernardino,071,2135413,9957,7015,7,7022,224
2020-06-14,San Diego,073,3302833,10957,9442,1,9443,319
2020-06-14,San Francisco,075,870044,3121,2834,1,2835,45
2020-06-14,San Joaquin,077,732212,2346,1603,4,1607,43
2020-06-14,San Luis Obispo,079,281455,465,330,3,333,1
2020-06-14,San Mateo,081,765935,2843,2571,4,2575,75
2020-06-14,Santa Barbara,083,443738,2832,2049,6,2055,17
2020-06-14,Santa Clara,085,1922200,3899,3178,5,3183,148
2020-06-14,Santa Cruz,087,273765,296,254,0,254,2
2020-06-14,Shasta,089,179085,100,48,0,48,4
2020-06-14,Sierra,091,2930,1,1,0,1,0
2020-06-14,Siskiyou,093,43540,24,13,0,13,0
2020-06-14,Solano,095,438530,951,638,4,642,19
2020-06-14,Sonoma,097,501317,897,724,1,725,4
2020-06-14,Stanislaus,099,539301,1805,1159,5,1164,35
2020-06-14,Sutter,101,95872,94,63,0,63,2
2020-06-14,Tehama,103,63373,34,17,2,19,1
2020-06-14,Trinity,105,12862,5,2,2,4,0
2020-06-14,Tulare,107,460477,3602,2646,4,2650,96
2020-06-14,Tuolumne,109,53932,11,7,1,8,0
2020-06-14,Ventura,111,848112,2275,1610,6,1616,37
2020-06-14,Yolo,113,214977,338,254,0,254,24
2020-06-14,Yuba,115,75493,38,28,0,28,1
2020-06-13,Alameda,001,1643700,4963,4196,6,4202,112
2020-06-13,Alpine,003,1148,2,1,0,1,0
2020-06-13,Amador,005,37829,11,10,0,10,0
2020-06-13,Butte,007,227075,114,72,6,78,1
2020-06-13,Calaveras,009,45235,31,18,0,18,0
2020-06-13,Colusa,011,21464,12,7,0,7,0
2020-06-13,Contra Costa,013,1133247,2222,1868,1,1869,43
2020-06-13,Del Norte,015,27424,47,45,0,45,0
2020-06-13,El Dorado,017,186661,151,110,0,110,0
2020-06-13,Fresno,019,978130,4856,2499,47,2546,48
2020-06-13,Glenn,021,27897,49,21,0,21,0
2020-06-13,Humboldt,023,135768,128,104,0,104,3
2020-06-13,Imperial,025,180216,5874,3646,5,3651,36
2020-06-13,Inyo,027,18085,24,23,0,23,1
2020-06-13,Kern,029,883053,4383,3239,10,3249,55
2020-06-13,Kings,031,150075,1993,1023,4,1027,6
2020-06-13,Lake,033,64148,40,29,0,29,0
2020-06-13,Lassen,035,31185,12,5,2,7,0
2020-06-13,Los Angeles,037,10098052,80908,71938,21,71959,2874
2020-06-13,Madera,039,155013,478,203,0,203,3
2020-06-13,Marin,041,260295,840,677,2,679,17
2020-06-13,Mariposa,043,17540,18,16,0,16,1
2020-06-13,Mendocino,045,87422,50,33,0,33,0
2020-06-13,Merced,047,269075,700,376,0,376,7
2020-06-13,Modoc,049,8938,1,0,0,0,0
2020-06-13,Mono,051,14174,42,35,0,35,1
2020-06-13,Monterey,053,433212,1240,900,4,904,11
2020-06-13,Napa,055,140530,222,171,0,171,3
2020-06-13,Nevada,057,99092,79,52,1,53,1
2020-06-13,Orange,059,3164182,12326,8581,68,8649,211
2020-06-13,Placer,061,380077,507,346,1,347,9
2020-06-13,Plumas,063,18699,5,4,0,4,0
2020-06-13,Riverside,065,2383286,13790,10931,10,10941,364
2020-06-13,Sacramento,067,1510023,2027,1713,2,1715,60
2020-06-13,San Benito,069,59416,164,99,0,99,2
2020-06-13,San Bernardino,071,2135413,9732,6885,7,6892,224
2020-06-13,San Diego,073,3302833,10785,9316,1,9317,319
2020-06-13,San Francisco,075,870044,3101,2834,1,2835,44
2020-06-13,San Joaquin,077,732212,2265,1461,4,1465,43
2020-06-13,San Luis Obispo,079,281455,454,326,3,329,1
2020-06-13,San Mateo,081,765935,2820,2551,4,2555,75
2020-06-13,Santa Barbara,083,443738,2774,1999,6,2005,15
2020-06-13,Santa Clara,085,1922200,3857,3141,5,3146,148
2020-06-13,Santa Cruz,087,273765,290,254,0,254,2
2020-06-13,Shasta,089,179085,98,48,0,48,4
2020-06-13,Sierra,091,2930,1,1,0,1,0
2020-06-13,Siskiyou,093,43540,24,13,0,13,0
2020-06-13,Solano,095,438530,923,637,4,641,19
2020-06-13,Sonoma,097,501317,882,711,1,712,4
2020-06-13,Stanislaus,099,539301,1748,1122,5,1127,33
2020-06-13,Sutter,101,95872,93,62,0,62,2
2020-06-13,Tehama,103,63373,33,17,2,19,1
2020-06-13,Trinity,105,12862,5,2,2,4,0
2020-06-13,Tulare,107,460477,3570,2626,4,2630,96
2020-06-13,Tuolumne,109,53932,10,7,1,8,0
2020-06-13,Ventura,111,848112,2229,1567,6,1573,37
2020-06-13,Yolo,113,214977,317,251,0,251,24
2020-06-13,Yuba,115,75493,38,28,0,28,1
2020-06-12,Alameda,001,1643700,4890,4167,6,4173,109
2020-06-12,Alpine,003,1148,2,1,0,1,0
2020-06-12,Amador,005,37829,11,10,0,10,0
2020-06-12,Butte,007,227075,110,71,6,77,1
2020-06-12,Calaveras,009,45235,28,18,0,18,0
2020-06-12,Colusa,011,21464,12,7,0,7,0
2020-06-12,Contra Costa,013,1133247,2185,1827,1,1828,43
2020-06-12,Del Norte,015,27424,47,45,0,45,0
2020-06-12,El Dorado,017,186661,151,110,0,110,0
2020-06-12,Fresno,019,978130,4720,2428,47,2475,47
2020-06-12,Glenn,021,27897,46,21,0,21,0
2020-06-12,Humboldt,023,135768,126,105,0,105,3
2020-06-12,Imperial,025,180216,5790,3543,5,3548,36
2020-06-12,Inyo,027,18085,24,23,0,23,1
2020-06-12,Kern,029,883053,4266,3152,10,3162,54
2020-06-12,Kings,031,150075,1980,987,4,991,6
2020-06-12,Lake,033,64148,39,29,0,29,0
2020-06-12,Lassen,035,31185,12,5,2,7,0
2020-06-12,Los Angeles,037,10098052,79501,70385,21,70406,2814
2020-06-12,Madera,039,155013,453,187,0,187,3
2020-06-12,Marin,041,260295,837,649,2,651,17
2020-06-12,Mariposa,043,17540,18,16,0,16,1
2020-06-12,Mendocino,045,87422,50,33,0,33,0
2020-06-12,Merced,047,269075,665,372,0,372,7
2020-06-12,Modoc,049,8938,1,0,0,0,0
2020-06-12,Mono,051,14174,39,35,0,35,1
2020-06-12,Monterey,053,433212,1199,864,3,867,11
2020-06-12,Napa,055,140530,219,162,0,162,3
2020-06-12,Nevada,057,99092,73,52,1,53,1
2020-06-12,Orange,059,3164182,12021,8440,67,8507,203
2020-06-12,Placer,061,380077,491,333,1,334,9
2020-06-12,Plumas,063,18699,5,4,0,4,0
2020-06-12,Riverside,065,2383286,13453,10616,10,10626,364
2020-06-12,Sacramento,067,1510023,1972,1702,2,1704,60
2020-06-12,San Benito,069,59416,157,96,0,96,2
2020-06-12,San Bernardino,071,2135413,9464,6707,7,6714,223
2020-06-12,San Diego,073,3302833,10615,9132,1,9133,313
2020-06-12,San Francisco,075,870044,3067,2823,1,2824,44
2020-06-12,San Joaquin,077,732212,2185,1406,4,1410,43
2020-06-12,San Luis Obispo,079,281455,438,321,3,324,1
2020-06-12,San Mateo,081,765935,2785,2533,4,2537,75
2020-06-12,Santa Barbara,083,443738,2720,1969,6,1975,14
2020-06-12,Santa Clara,085,1922200,3815,3099,5,3104,149
2020-06-12,Santa Cruz,087,273765,282,251,0,251,2
2020-06-12,Shasta,089,179085,91,48,0,48,5
2020-06-12,Sierra,091,2930,1,1,0,1,0
2020-06-12,Siskiyou,093,43540,24,13,0,13,0
2020-06-12,Solano,095,438530,909,620,4,624,19
2020-06-12,Sonoma,097,501317,863,696,1,697,4
2020-06-12,Stanislaus,099,539301,1689,1092,5,1097,33
2020-06-12,Sutter,101,95872,92,56,0,56,2
2020-06-12,Tehama,103,63373,32,13,2,15,1
2020-06-12,Trinity,105,12862,5,2,2,4,0
2020-06-12,Tulare,107,460477,3516,2552,4,2556,95
2020-06-12,Tuolumne,109,53932,10,7,1,8,0
2020-06-12,Ventura,111,848112,2177,1534,6,1540,35
2020-06-12,Yolo,113,214977,305,243,0,243,24
2020-06-12,Yuba,115,75493,36,27,0,27,1
2020-06-11,Alameda,001,1643700,4760,4073,5,4078,108
2020-06-11,Alpine,003,1148,2,1,0,1,0
2020-06-11,Amador,005,37829,10,10,0,10,0
2020-06-11,Butte,007,227075,104,72,6,78,1
2020-06-11,Calaveras,009,45235,27,16,0,16,0
2020-06-11,Colusa,011,21464,12,7,0,7,0
2020-06-11,Contra Costa,013,1133247,2132,1797,1,1798,43
2020-06-11,Del Norte,015,27424,47,45,0,45,0
2020-06-11,El Dorado,017,186661,143,109,0,109,0
2020-06-11,Fresno,019,978130,4565,2338,47,2385,45
2020-06-11,Glenn,021,27897,42,21,0,21,0
2020-06-11,Humboldt,023,135768,122,113,0,113,3
2020-06-11,Imperial,025,180216,5634,3463,5,3468,36
2020-06-11,Inyo,027,18085,22,23,0,23,1
2020-06-11,Kern,029,883053,4114,3047,8,3055,54
2020-06-11,Kings,031,150075,1947,963,4,967,6
2020-06-11,Lake,033,64148,39,28,0,28,0
2020-06-11,Lassen,035,31185,12,5,2,7,0
2020-06-11,Los Angeles,037,10098052,77834,68807,20,68827,2800
2020-06-11,Madera,039,155013,435,178,0,178,3
2020-06-11,Marin,041,260295,789,637,2,639,17
2020-06-11,Mariposa,043,17540,18,16,0,16,1
2020-06-11,Mendocino,045,87422,41,35,0,35,0
2020-06-11,Merced,047,269075,625,370,0,370,7
2020-06-11,Modoc,049,8938,1,0,0,0,0
2020-06-11,Mono,051,14174,39,35,0,35,1
2020-06-11,Monterey,053,433212,1152,813,3,816,11
2020-06-11,Napa,055,140530,210,162,0,162,3
2020-06-11,Nevada,057,99092,67,50,1,51,1
2020-06-11,Orange,059,3164182,11713,8304,66,8370,188
2020-06-11,Placer,061,380077,471,321,1,322,9
2020-06-11,Plumas,063,18699,5,4,0,4,0
2020-06-11,Riverside,065,2383286,13101,10014,10,10024,361
2020-06-11,Sacramento,067,1510023,1924,1669,2,1671,60
2020-06-11,San Benito,069,59416,151,94,0,94,2
2020-06-11,San Bernardino,071,2135413,9167,6509,6,6515,221
2020-06-11,San Diego,073,3302833,10385,9000,0,9000,308
2020-06-11,San Francisco,075,870044,3038,2766,1,2767,44
2020-06-11,San Joaquin,077,732212,2073,1351,4,1355,43
2020-06-11,San Luis Obispo,079,281455,424,307,3,310,1
2020-06-11,San Mateo,081,765935,2747,2499,4,2503,74
2020-06-11,Santa Barbara,083,443738,2655,1895,6,1901,14
2020-06-11,Santa Clara,085,1922200,3749,3049,5,3054,149
2020-06-11,Santa Cruz,087,273765,278,247,0,247,2
2020-06-11,Shasta,089,179085,84,47,0,47,5
2020-06-11,Sierra,091,2930,1,1,0,1,0
2020-06-11,Siskiyou,093,43540,24,14,0,14,0
2020-06-11,Solano,095,438530,883,616,4,620,19
2020-06-11,Sonoma,097,501317,840,682,1,683,4
2020-06-11,Stanislaus,099,539301,1598,1062,5,1067,30
2020-06-11,Sutter,101,95872,89,56,0,56,2
2020-06-11,Tehama,103,63373,27,10,2,12,1
2020-06-11,Trinity,105,12862,4,2,2,4,0
2020-06-11,Tulare,107,460477,3417,2473,4,2477,95
2020-06-11,Tuolumne,109,53932,10,7,1,8,0
2020-06-11,Ventura,111,848112,2100,1491,6,1497,34
2020-06-11,Yolo,113,214977,297,230,0,230,24
2020-06-11,Yuba,115,75493,36,27,0,27,1
2020-06-10,Alameda,001,1643700,4660,4027,4,4031,107
2020-06-10,Alpine,003,1148,2,1,0,1,0
2020-06-10,Amador,005,37829,10,10,0,10,0
2020-06-10,Butte,007,227075,101,71,6,77,1
2020-06-10,Calaveras,009,45235,27,16,0,16,0
2020-06-10,Colusa,011,21464,11,7,0,7,0
2020-06-10,Contra Costa,013,1133247,2088,1778,1,1779,43
2020-06-10,Del Norte,015,27424,47,45,0,45,0
2020-06-10,El Dorado,017,186661,140,109,0,109,0
2020-06-10,Fresno,019,978130,4389,2324,47,2371,45
2020-06-10,Glenn,021,27897,39,21,0,21,0
2020-06-10,Humboldt,023,135768,118,112,0,112,3
2020-06-10,Imperial,025,180216,5486,3454,5,3459,36
2020-06-10,Inyo,027,18085,22,23,0,23,1
2020-06-10,Kern,029,883053,3989,3000,8,3008,54
2020-06-10,Kings,031,150075,1900,952,3,955,6
2020-06-10,Lake,033,64148,39,28,0,28,0
2020-06-10,Lassen,035,31185,12,5,2,7,0
2020-06-10,Los Angeles,037,10098052,76313,67018,20,67038,2752
2020-06-10,Madera,039,155013,421,176,0,176,3
2020-06-10,Marin,041,260295,757,633,2,635,17
2020-06-10,Mariposa,043,17540,17,16,0,16,1
2020-06-10,Mendocino,045,87422,40,35,0,35,0
2020-06-10,Merced,047,269075,592,370,0,370,7
2020-06-10,Modoc,049,8938,1,0,0,0,0
2020-06-10,Mono,051,14174,39,35,0,35,1
2020-06-10,Monterey,053,433212,1098,791,3,794,11
2020-06-10,Napa,055,140530,207,159,0,159,3
2020-06-10,Nevada,057,99092,65,50,1,51,1
2020-06-10,Orange,059,3164182,11437,8222,63,8285,184
2020-06-10,Placer,061,380077,445,309,1,310,9
2020-06-10,Plumas,063,18699,5,4,0,4,0
2020-06-10,Riverside,065,2383286,12778,9857,10,9867,361
2020-06-10,Sacramento,067,1510023,1885,1643,2,1645,59
2020-06-10,San Benito,069,59416,142,94,0,94,2
2020-06-10,San Bernardino,071,2135413,8875,6438,6,6444,219
2020-06-10,San Diego,073,3302833,10221,8839,0,8839,305
2020-06-10,San Francisco,075,870044,3013,2774,1,2775,44
2020-06-10,San Joaquin,077,732212,1944,1282,4,1286,41
2020-06-10,San Luis Obispo,079,281455,405,306,3,309,1
2020-06-10,San Mateo,081,765935,2706,2492,4,2496,74
2020-06-10,Santa Barbara,083,443738,2599,1878,6,1884,13
2020-06-10,Santa Clara,085,1922200,3698,3032,5,3037,149
2020-06-10,Santa Cruz,087,273765,274,242,0,242,2
2020-06-10,Shasta,089,179085,79,45,0,45,5
2020-06-10,Sierra,091,2930,1,1,0,1,0
2020-06-10,Siskiyou,093,43540,24,14,0,14,0
2020-06-10,Solano,095,438530,847,608,4,612,19
2020-06-10,Sonoma,097,501317,822,673,1,674,4
2020-06-10,Stanislaus,099,539301,1508,1030,5,1035,29
2020-06-10,Sutter,101,95872,88,56,0,56,2
2020-06-10,Tehama,103,63373,25,10,2,12,1
2020-06-10,Trinity,105,12862,4,2,2,4,0
2020-06-10,Tulare,107,460477,3325,2455,4,2459,95
2020-06-10,Tuolumne,109,53932,10,7,1,8,0
2020-06-10,Ventura,111,848112,2054,1446,5,1451,34
2020-06-10,Yolo,113,214977,289,226,0,226,24
2020-06-10,Yuba,115,75493,35,27,0,27,1
2020-06-09,Alameda,001,1643700,4550,3963,4,3967,103
2020-06-09,Alpine,003,1148,2,1,0,1,0
2020-06-09,Amador,005,37829,10,10,0,10,0
2020-06-09,Butte,007,227075,100,70,6,76,1
2020-06-09,Calaveras,009,45235,27,16,0,16,0
2020-06-09,Colusa,011,21464,10,7,0,7,0
2020-06-09,Contra Costa,013,1133247,2047,1744,1,1745,42
2020-06-09,Del Norte,015,27424,47,45,0,45,0
2020-06-09,El Dorado,017,186661,134,108,0,108,0
2020-06-09,Fresno,019,978130,4237,2278,47,2325,43
2020-06-09,Glenn,021,27897,38,19,0,19,0
2020-06-09,Humboldt,023,135768,116,113,0,113,2
2020-06-09,Imperial,025,180216,5334,3067,5,3072,36
2020-06-09,Inyo,027,18085,22,22,0,22,1
2020-06-09,Kern,029,883053,3861,2920,8,2928,51
2020-06-09,Kings,031,150075,1868,934,3,937,6
2020-06-09,Lake,033,64148,39,28,0,28,0
2020-06-09,Lassen,035,31185,12,5,2,7,0
2020-06-09,Los Angeles,037,10098052,74656,65827,20,65847,2692
2020-06-09,Madera,039,155013,406,172,0,172,3
2020-06-09,Marin,041,260295,721,616,2,618,17
2020-06-09,Mariposa,043,17540,17,16,0,16,1
2020-06-09,Mendocino,045,87422,36,35,0,35,0
2020-06-09,Merced,047,269075,563,349,0,349,7
2020-06-09,Modoc,049,8938,1,0,0,0,0
2020-06-09,Mono,051,14174,39,35,0,35,1
2020-06-09,Monterey,053,433212,1057,772,3,775,11
2020-06-09,Napa,055,140530,197,156,0,156,3
2020-06-09,Nevada,057,99092,57,50,1,51,1
2020-06-09,Orange,059,3164182,11196,7991,61,8052,174
2020-06-09,Placer,061,380077,432,301,1,302,9
2020-06-09,Plumas,063,18699,5,4,0,4,0
2020-06-09,Riverside,065,2383286,12400,9511,10,9521,354
2020-06-09,Sacramento,067,1510023,1831,1625,2,1627,59
2020-06-09,San Benito,069,59416,136,95,0,95,2
2020-06-09,San Bernardino,071,2135413,8551,6268,5,6273,217
2020-06-09,San Diego,073,3302833,10036,8731,0,8731,301
2020-06-09,San Francisco,075,870044,2988,2749,1,2750,44
2020-06-09,San Joaquin,077,732212,1838,1240,4,1244,41
2020-06-09,San Luis Obispo,079,281455,392,301,2,303,1
2020-06-09,San Mateo,081,765935,2675,2463,4,2467,74
2020-06-09,Santa Barbara,083,443738,2537,1854,6,1860,13
2020-06-09,Santa Clara,085,1922200,3631,3006,5,3011,147
2020-06-09,Santa Cruz,087,273765,268,237,0,237,2
2020-06-09,Shasta,089,179085,75,44,0,44,4
2020-06-09,Sierra,091,2930,1,1,0,1,0
2020-06-09,Siskiyou,093,43540,19,10,0,10,0
2020-06-09,Solano,095,438530,812,596,4,600,18
2020-06-09,Sonoma,097,501317,799,661,1,662,4
2020-06-09,Stanislaus,099,539301,1407,993,5,998,25
2020-06-09,Sutter,101,95872,85,56,0,56,2
2020-06-09,Tehama,103,63373,25,9,2,11,1
2020-06-09,Trinity,105,12862,4,2,2,4,0
2020-06-09,Tulare,107,460477,3259,2393,4,2397,91
2020-06-09,Tuolumne,109,53932,10,8,1,9,0
2020-06-09,Ventura,111,848112,1988,1407,5,1412,34
2020-06-09,Yolo,113,214977,278,226,0,226,24
2020-06-09,Yuba,115,75493,34,27,0,27,1
2020-06-08,Alameda,001,1643700,4470,3937,4,3941,103
2020-06-08,Alpine,003,1148,2,1,0,1,0
2020-06-08,Amador,005,37829,10,10,0,10,0
2020-06-08,Butte,007,227075,96,68,6,74,1
2020-06-08,Calaveras,009,45235,27,16,0,16,0
2020-06-08,Colusa,011,21464,9,7,0,7,0
2020-06-08,Contra Costa,013,1133247,2004,1714,1,1715,41
2020-06-08,Del Norte,015,27424,47,45,0,45,0
2020-06-08,El Dorado,017,186661,130,107,0,107,0
2020-06-08,Fresno,019,978130,4112,2194,46,2240,42
2020-06-08,Glenn,021,27897,36,17,0,17,0
2020-06-08,Humboldt,023,135768,116,112,0,112,2
2020-06-08,Imperial,025,180216,5182,3051,5,3056,21
2020-06-08,Inyo,027,18085,22,22,0,22,1
2020-06-08,Kern,029,883053,3730,2853,8,2861,49
2020-06-08,Kings,031,150075,1792,892,3,895,6
2020-06-08,Lake,033,64148,39,28,0,28,0
2020-06-08,Lassen,035,31185,12,4,2,6,0
2020-06-08,Los Angeles,037,10098052,73193,64634,20,64654,2640
2020-06-08,Madera,039,155013,376,154,0,154,3
2020-06-08,Marin,041,260295,680,596,2,598,17
2020-06-08,Mariposa,043,17540,16,16,0,16,1
2020-06-08,Mendocino,045,87422,34,32,0,32,0
2020-06-08,Merced,047,269075,529,331,0,331,7
2020-06-08,Modoc,049,8938,1,0,0,0,0
2020-06-08,Mono,051,14174,39,35,0,35,1
2020-06-08,Monterey,053,433212,1006,751,2,753,10
2020-06-08,Napa,055,140530,181,151,0,151,3
2020-06-08,Nevada,057,99092,56,50,1,51,1
2020-06-08,Orange,059,3164182,10943,7786,60,7846,160
2020-06-08,Placer,061,380077,415,290,1,291,9
2020-06-08,Plumas,063,18699,5,4,0,4,0
2020-06-08,Riverside,065,2383286,12031,9246,10,9256,347
2020-06-08,Sacramento,067,1510023,1781,1591,2,1593,59
2020-06-08,San Benito,069,59416,129,93,0,93,2
2020-06-08,San Bernardino,071,2135413,8230,6122,5,6127,214
2020-06-08,San Diego,073,3302833,9879,8621,0,8621,296
2020-06-08,San Francisco,075,870044,2961,2715,1,2716,43
2020-06-08,San Joaquin,077,732212,1731,1198,4,1202,40
2020-06-08,San Luis Obispo,079,281455,386,300,2,302,1
2020-06-08,San Mateo,081,765935,2644,2431,3,2434,74
2020-06-08,Santa Barbara,083,443738,2474,1824,6,1830,13
2020-06-08,Santa Clara,085,1922200,3586,2971,5,2976,146
2020-06-08,Santa Cruz,087,273765,267,234,0,234,2
2020-06-08,Shasta,089,179085,71,43,0,43,4
2020-06-08,Sierra,091,2930,1,1,0,1,0
2020-06-08,Siskiyou,093,43540,19,8,0,8,0
2020-06-08,Solano,095,438530,785,560,4,564,19
2020-06-08,Sonoma,097,501317,783,654,1,655,4
2020-06-08,Stanislaus,099,539301,1325,956,5,961,28
2020-06-08,Sutter,101,95872,78,55,0,55,2
2020-06-08,Tehama,103,63373,19,8,2,10,1
2020-06-08,Trinity,105,12862,4,2,2,4,0
2020-06-08,Tulare,107,460477,3176,2301,4,2305,91
2020-06-08,Tuolumne,109,53932,9,8,1,9,0
2020-06-08,Ventura,111,848112,1930,1382,5,1387,30
2020-06-08,Yolo,113,214977,267,228,0,228,24
2020-06-08,Yuba,115,75493,32,27,0,27,1
2020-06-07,Alameda,001,1643700,4357,3866,4,3870,102
2020-06-07,Alpine,003,1148,2,1,0,1,0
2020-06-07,Amador,005,37829,10,10,0,10,0
2020-06-07,Butte,007,227075,94,64,5,69,1
2020-06-07,Calaveras,009,45235,25,16,0,16,0
2020-06-07,Colusa,011,21464,9,7,0,7,0
2020-06-07,Contra Costa,013,1133247,1953,1653,0,1653,38
2020-06-07,Del Norte,015,27424,45,45,0,45,0
2020-06-07,El Dorado,017,186661,130,104,0,104,0
2020-06-07,Fresno,019,978130,3982,2144,46,2190,41
2020-06-07,Glenn,021,27897,29,16,0,16,0
2020-06-07,Humboldt,023,135768,116,112,0,112,2
2020-06-07,Imperial,025,180216,5031,3048,5,3053,19
2020-06-07,Inyo,027,18085,22,21,0,21,1
2020-06-07,Kern,029,883053,3600,2771,8,2779,46
2020-06-07,Kings,031,150075,1743,882,3,885,6
2020-06-07,Lake,033,64148,36,28,0,28,0
2020-06-07,Lassen,035,31185,11,4,2,6,0
2020-06-07,Los Angeles,037,10098052,71491,63750,20,63770,2629
2020-06-07,Madera,039,155013,359,149,0,149,3
2020-06-07,Marin,041,260295,666,584,2,586,17
2020-06-07,Mariposa,043,17540,16,16,0,16,1
2020-06-07,Mendocino,045,87422,34,32,0,32,0
2020-06-07,Merced,047,269075,496,318,0,318,7
2020-06-07,Modoc,049,8938,1,0,0,0,0
2020-06-07,Mono,051,14174,39,35,0,35,1
2020-06-07,Monterey,053,433212,959,732,2,734,10
2020-06-07,Napa,055,140530,173,142,0,142,3
2020-06-07,Nevada,057,99092,55,50,1,51,1
2020-06-07,Orange,059,3164182,10686,7643,58,7701,158
2020-06-07,Placer,061,380077,392,273,1,274,9
2020-06-07,Plumas,063,18699,5,4,0,4,0
2020-06-07,Riverside,065,2383286,11735,9105,10,9115,344
2020-06-07,Sacramento,067,1510023,1733,1568,2,1570,59
2020-06-07,San Benito,069,59416,126,92,0,92,2
2020-06-07,San Bernardino,071,2135413,7945,6033,5,6038,214
2020-06-07,San Diego,073,3302833,9700,8478,0,8478,296
2020-06-07,San Francisco,075,870044,2917,2674,0,2674,43
2020-06-07,San Joaquin,077,732212,1630,1126,4,1130,37
2020-06-07,San Luis Obispo,079,281455,376,296,2,298,1
2020-06-07,San Mateo,081,765935,2617,2399,3,2402,73
2020-06-07,Santa Barbara,083,443738,2413,1818,6,1824,13
2020-06-07,Santa Clara,085,1922200,3535,2947,5,2952,146
2020-06-07,Santa Cruz,087,273765,259,230,0,230,2
2020-06-07,Shasta,089,179085,70,41,0,41,4
2020-06-07,Sierra,091,2930,1,1,0,1,0
2020-06-07,Siskiyou,093,43540,19,8,0,8,0
2020-06-07,Solano,095,438530,762,560,4,564,19
2020-06-07,Sonoma,097,501317,752,639,1,640,4
2020-06-07,Stanislaus,099,539301,1245,905,5,910,28
2020-06-07,Sutter,101,95872,70,55,0,55,2
2020-06-07,Tehama,103,63373,16,8,2,10,1
2020-06-07,Trinity,105,12862,3,2,2,4,0
2020-06-07,Tulare,107,460477,3054,2219,4,2223,90
2020-06-07,Tuolumne,109,53932,9,4,1,5,0
2020-06-07,Ventura,111,848112,1865,1337,5,1342,30
2020-06-07,Yolo,113,214977,257,224,0,224,24
2020-06-07,Yuba,115,75493,32,27,0,27,1
2020-06-06,Alameda,001,1643700,4312,3801,4,3805,102
2020-06-06,Alpine,003,1148,2,1,0,1,0
2020-06-06,Amador,005,37829,10,10,0,10,0
2020-06-06,Butte,007,227075,93,63,5,68,1
2020-06-06,Calaveras,009,45235,23,16,0,16,0
2020-06-06,Colusa,011,21464,9,7,0,7,0
2020-06-06,Contra Costa,013,1133247,1932,1619,0,1619,37
2020-06-06,Del Norte,015,27424,45,45,0,45,0
2020-06-06,El Dorado,017,186661,127,104,0,104,0
2020-06-06,Fresno,019,978130,3928,2117,46,2163,41
2020-06-06,Glenn,021,27897,27,16,0,16,0
2020-06-06,Humboldt,023,135768,116,112,0,112,2
2020-06-06,Imperial,025,180216,4955,3047,5,3052,19
2020-06-06,Inyo,027,18085,22,21,0,21,1
2020-06-06,Kern,029,883053,3530,2695,8,2703,46
2020-06-06,Kings,031,150075,1724,882,3,885,6
2020-06-06,Lake,033,64148,36,28,0,28,0
2020-06-06,Lassen,035,31185,11,4,2,6,0
2020-06-06,Los Angeles,037,10098052,70745,62269,20,62289,2607
2020-06-06,Madera,039,155013,350,149,0,149,3
2020-06-06,Marin,041,260295,661,556,2,558,17
2020-06-06,Mariposa,043,17540,16,16,0,16,1
2020-06-06,Mendocino,045,87422,34,32,0,32,0
2020-06-06,Merced,047,269075,494,315,0,315,7
2020-06-06,Modoc,049,8938,1,0,0,0,0
2020-06-06,Mono,051,14174,39,35,0,35,1
2020-06-06,Monterey,053,433212,935,679,2,681,10
2020-06-06,Napa,055,140530,167,136,0,136,3
2020-06-06,Nevada,057,99092,54,50,1,51,1
2020-06-06,Orange,059,3164182,10527,7576,57,7633,157
2020-06-06,Placer,061,380077,380,270,1,271,9
2020-06-06,Plumas,063,18699,5,4,0,4,0
2020-06-06,Riverside,065,2383286,11556,8935,10,8945,345
2020-06-06,Sacramento,067,1510023,1710,1533,2,1535,59
2020-06-06,San Benito,069,59416,116,92,0,92,2
2020-06-06,San Bernardino,071,2135413,7797,5946,5,5951,214
2020-06-06,San Diego,073,3302833,9579,8347,0,8347,296
2020-06-06,San Francisco,075,870044,2902,2674,0,2674,43
2020-06-06,San Joaquin,077,732212,1590,1076,4,1080,37
2020-06-06,San Luis Obispo,079,281455,370,295,2,297,1
2020-06-06,San Mateo,081,765935,2602,2342,3,2345,72
2020-06-06,Santa Barbara,083,443738,2373,1815,6,1821,13
2020-06-06,Santa Clara,085,1922200,3494,2934,5,2939,144
2020-06-06,Santa Cruz,087,273765,257,226,0,226,2
2020-06-06,Shasta,089,179085,70,40,0,40,4
2020-06-06,Sierra,091,2930,1,1,0,1,0
2020-06-06,Siskiyou,093,43540,17,8,0,8,0
2020-06-06,Solano,095,438530,747,560,4,564,19
2020-06-06,Sonoma,097,501317,740,622,1,623,4
2020-06-06,Stanislaus,099,539301,1211,858,5,863,27
2020-06-06,Sutter,101,95872,70,51,0,51,2
2020-06-06,Tehama,103,63373,15,8,2,10,1
2020-06-06,Trinity,105,12862,3,2,1,3,0
2020-06-06,Tulare,107,460477,3021,2213,4,2217,90
2020-06-06,Tuolumne,109,53932,9,4,1,5,0
2020-06-06,Ventura,111,848112,1841,1303,5,1308,30
2020-06-06,Yolo,113,214977,255,223,0,223,24
2020-06-06,Yuba,115,75493,32,27,0,27,1
2020-06-05,Alameda,001,1643700,4261,3734,4,3738,102
2020-06-05,Alpine,003,1148,2,1,0,1,0
2020-06-05,Amador,005,37829,10,10,0,10,0
2020-06-05,Butte,007,227075,90,61,5,66,1
2020-06-05,Calaveras,009,45235,22,16,0,16,0
2020-06-05,Colusa,011,21464,9,7,0,7,0
2020-06-05,Contra Costa,013,1133247,1917,1575,0,1575,37
2020-06-05,Del Norte,015,27424,45,45,0,45,0
2020-06-05,El Dorado,017,186661,126,101,0,101,0
2020-06-05,Fresno,019,978130,3864,2051,45,2096,38
2020-06-05,Glenn,021,27897,25,16,0,16,0
2020-06-05,Humboldt,023,135768,115,111,0,111,2
2020-06-05,Imperial,025,180216,4849,2778,5,2783,19
2020-06-05,Inyo,027,18085,22,21,0,21,1
2020-06-05,Kern,029,883053,3441,2624,8,2632,46
2020-06-05,Kings,031,150075,1709,865,3,868,6
2020-06-05,Lake,033,64148,35,28,0,28,0
2020-06-05,Lassen,035,31185,10,4,2,6,0
2020-06-05,Los Angeles,037,10098052,69598,60955,20,60975,2553
2020-06-05,Madera,039,155013,328,144,0,144,3
2020-06-05,Marin,041,260295,652,546,2,548,17
2020-06-05,Mariposa,043,17540,16,16,0,16,1
2020-06-05,Mendocino,045,87422,34,32,0,32,0
2020-06-05,Merced,047,269075,492,309,0,309,7
2020-06-05,Modoc,049,8938,1,0,0,0,0
2020-06-05,Mono,051,14174,39,35,0,35,1
2020-06-05,Monterey,053,433212,903,649,2,651,10
2020-06-05,Napa,055,140530,164,123,0,123,3
2020-06-05,Nevada,057,99092,54,50,1,51,1
2020-06-05,Orange,059,3164182,10332,7391,55,7446,153
2020-06-05,Placer,061,380077,370,265,1,266,9
2020-06-05,Plumas,063,18699,5,4,0,4,0
2020-06-05,Riverside,065,2383286,11296,8700,10,8710,345
2020-06-05,Sacramento,067,1510023,1688,1514,2,1516,59
2020-06-05,San Benito,069,59416,114,92,0,92,2
2020-06-05,San Bernardino,071,2135413,7614,5869,4,5873,212
2020-06-05,San Diego,073,3302833,9464,8182,0,8182,294
2020-06-05,San Francisco,075,870044,2884,2675,0,2675,43
2020-06-05,San Joaquin,077,732212,1511,1046,4,1050,36
2020-06-05,San Luis Obispo,079,281455,363,293,2,295,1
2020-06-05,San Mateo,081,765935,2577,2331,3,2334,72
2020-06-05,Santa Barbara,083,443738,2337,1795,6,1801,13
2020-06-05,Santa Clara,085,1922200,3469,2902,5,2907,144
2020-06-05,Santa Cruz,087,273765,254,222,0,222,2
2020-06-05,Shasta,089,179085,69,40,0,40,4
2020-06-05,Sierra,091,2930,1,1,0,1,0
2020-06-05,Siskiyou,093,43540,15,8,0,8,0
2020-06-05,Solano,095,438530,740,558,4,562,19
2020-06-05,Sonoma,097,501317,719,618,1,619,4
2020-06-05,Stanislaus,099,539301,1178,842,5,847,27
2020-06-05,Sutter,101,95872,70,49,0,49,2
2020-06-05,Tehama,103,63373,15,7,2,9,1
2020-06-05,Trinity,105,12862,3,1,1,2,0
2020-06-05,Tulare,107,460477,2972,2180,4,2184,90
2020-06-05,Tuolumne,109,53932,9,4,1,5,0
2020-06-05,Ventura,111,848112,1808,1274,5,1279,30
2020-06-05,Yolo,113,214977,254,216,0,216,24
2020-06-05,Yuba,115,75493,32,27,0,27,1
2020-06-04,Alameda,001,1643700,4162,3643,4,3647,99
2020-06-04,Alpine,003,1148,2,1,0,1,0
2020-06-04,Amador,005,37829,10,10,0,10,0
2020-06-04,Butte,007,227075,86,57,4,61,1
2020-06-04,Calaveras,009,45235,22,15,0,15,0
2020-06-04,Colusa,011,21464,9,7,0,7,0
2020-06-04,Contra Costa,013,1133247,1859,1551,0,1551,37
2020-06-04,Del Norte,015,27424,45,45,0,45,0
2020-06-04,El Dorado,017,186661,124,101,0,101,0
2020-06-04,Fresno,019,978130,3758,2007,45,2052,35
2020-06-04,Glenn,021,27897,22,16,0,16,0
2020-06-04,Humboldt,023,135768,115,109,0,109,2
2020-06-04,Imperial,025,180216,4666,2631,5,2636,19
2020-06-04,Inyo,027,18085,22,20,0,20,1
2020-06-04,Kern,029,883053,3325,2530,8,2538,46
2020-06-04,Kings,031,150075,1639,842,3,845,6
2020-06-04,Lake,033,64148,34,27,0,27,0
2020-06-04,Lassen,035,31185,8,4,2,6,0
2020-06-04,Los Angeles,037,10098052,68130,59596,20,59616,2515
2020-06-04,Madera,039,155013,320,127,0,127,3
2020-06-04,Marin,041,260295,630,533,2,535,14
2020-06-04,Mariposa,043,17540,16,16,0,16,1
2020-06-04,Mendocino,045,87422,34,29,0,29,0
2020-06-04,Merced,047,269075,472,304,0,304,7
2020-06-04,Modoc,049,8938,1,0,0,0,0
2020-06-04,Mono,051,14174,39,35,0,35,1
2020-06-04,Monterey,053,433212,868,621,1,622,10
2020-06-04,Napa,055,140530,160,117,0,117,3
2020-06-04,Nevada,057,99092,53,49,1,50,1
2020-06-04,Orange,059,3164182,10080,7192,54,7246,148
2020-06-04,Placer,061,380077,353,256,1,257,9
2020-06-04,Plumas,063,18699,4,4,0,4,0
2020-06-04,Riverside,065,2383286,11018,8473,10,8483,341
2020-06-04,Sacramento,067,1510023,1661,1492,2,1494,58
2020-06-04,San Benito,069,59416,112,88,0,88,2
2020-06-04,San Bernardino,071,2135413,7346,5726,4,5730,207
2020-06-04,San Diego,073,3302833,9301,7942,0,7942,288
2020-06-04,San Francisco,075,870044,2851,2636,0,2636,43
2020-06-04,San Joaquin,077,732212,1449,1016,4,1020,36
2020-06-04,San Luis Obispo,079,281455,355,288,2,290,1
2020-06-04,San Mateo,081,765935,2551,2284,3,2287,72
2020-06-04,Santa Barbara,083,443738,2297,1750,6,1756,13
2020-06-04,Santa Clara,085,1922200,3437,2871,5,2876,144
2020-06-04,Santa Cruz,087,273765,248,218,0,218,2
2020-06-04,Shasta,089,179085,63,40,0,40,4
2020-06-04,Sierra,091,2930,1,1,0,1,0
2020-06-04,Siskiyou,093,43540,14,8,0,8,0
2020-06-04,Solano,095,438530,723,551,4,555,19
2020-06-04,Sonoma,097,501317,700,591,1,592,4
2020-06-04,Stanislaus,099,539301,1102,806,5,811,28
2020-06-04,Sutter,101,95872,65,46,0,46,2
2020-06-04,Tehama,103,63373,14,6,1,7,1
2020-06-04,Trinity,105,12862,3,1,1,2,0
2020-06-04,Tulare,107,460477,2856,2086,4,2090,90
2020-06-04,Tuolumne,109,53932,8,4,1,5,0
2020-06-04,Ventura,111,848112,1765,1236,5,1241,30
2020-06-04,Yolo,113,214977,249,216,0,216,24
2020-06-04,Yuba,115,75493,31,27,0,27,1
2020-06-03,Alameda,001,1643700,4103,3589,3,3592,99
2020-06-03,Alpine,003,1148,2,1,0,1,0
2020-06-03,Amador,005,37829,10,10,0,10,0
2020-06-03,Butte,007,227075,84,53,4,57,1
2020-06-03,Calaveras,009,45235,21,15,0,15,0
2020-06-03,Colusa,011,21464,9,7,0,7,0
2020-06-03,Contra Costa,013,1133247,1811,1511,0,1511,37
2020-06-03,Del Norte,015,27424,45,39,0,39,0
2020-06-03,El Dorado,017,186661,121,90,0,90,0
2020-06-03,Fresno,019,978130,3661,1943,45,1988,35
2020-06-03,Glenn,021,27897,22,16,0,16,0
2020-06-03,Humboldt,023,135768,115,103,0,103,2
2020-06-03,Imperial,025,180216,4494,2540,5,2545,19
2020-06-03,Inyo,027,18085,22,20,0,20,1
2020-06-03,Kern,029,883053,3229,2452,8,2460,44
2020-06-03,Kings,031,150075,1574,744,3,747,6
2020-06-03,Lake,033,64148,32,26,0,26,0
2020-06-03,Lassen,035,31185,8,4,2,6,0
2020-06-03,Los Angeles,037,10098052,66523,58166,20,58186,2472
2020-06-03,Madera,039,155013,312,117,0,117,3
2020-06-03,Marin,041,260295,612,527,2,529,14
2020-06-03,Mariposa,043,17540,16,16,0,16,1
2020-06-03,Mendocino,045,87422,33,29,0,29,0
2020-06-03,Merced,047,269075,458,299,0,299,7
2020-06-03,Modoc,049,8938,1,0,0,0,0
2020-06-03,Mono,051,14174,39,35,0,35,1
2020-06-03,Monterey,053,433212,840,592,1,593,10
2020-06-03,Napa,055,140530,159,116,0,116,3
2020-06-03,Nevada,057,99092,52,43,1,44,1
2020-06-03,Orange,059,3164182,9852,6939,53,6992,145
2020-06-03,Placer,061,380077,335,243,1,244,9
2020-06-03,Plumas,063,18699,4,4,0,4,0
2020-06-03,Riverside,065,2383286,10743,8208,10,8218,335
2020-06-03,Sacramento,067,1510023,1631,1457,2,1459,58
2020-06-03,San Benito,069,59416,106,88,0,88,2
2020-06-03,San Bernardino,071,2135413,7123,5565,4,5569,203
2020-06-03,San Diego,073,3302833,9153,7800,0,7800,283
2020-06-03,San Francisco,075,870044,2820,2608,0,2608,43
2020-06-03,San Joaquin,077,732212,1384,1004,4,1008,35
2020-06-03,San Luis Obispo,079,281455,350,279,2,281,1
2020-06-03,San Mateo,081,765935,2523,2243,3,2246,71
2020-06-03,Santa Barbara,083,443738,2254,1722,6,1728,12
2020-06-03,Santa Clara,085,1922200,3397,2836,5,2841,144
2020-06-03,Santa Cruz,087,273765,242,217,0,217,2
2020-06-03,Shasta,089,179085,60,40,0,40,4
2020-06-03,Sierra,091,2930,1,1,0,1,0
2020-06-03,Siskiyou,093,43540,13,8,0,8,0
2020-06-03,Solano,095,438530,698,543,2,545,18
2020-06-03,Sonoma,097,501317,688,578,1,579,4
2020-06-03,Stanislaus,099,539301,1062,780,5,785,27
2020-06-03,Sutter,101,95872,57,45,0,45,2
2020-06-03,Tehama,103,63373,14,6,1,7,1
2020-06-03,Trinity,105,12862,3,1,1,2,0
2020-06-03,Tulare,107,460477,2787,2041,4,2045,88
2020-06-03,Tuolumne,109,53932,6,4,1,5,0
2020-06-03,Ventura,111,848112,1701,1202,5,1207,30
2020-06-03,Yolo,113,214977,245,213,0,213,24
2020-06-03,Yuba,115,75493,31,27,0,27,1
2020-06-02,Alameda,001,1643700,4027,3517,3,3520,99
2020-06-02,Alpine,003,1148,2,1,0,1,0
2020-06-02,Amador,005,37829,10,10,0,10,0
2020-06-02,Butte,007,227075,80,51,3,54,1
2020-06-02,Calaveras,009,45235,21,15,0,15,0
2020-06-02,Colusa,011,21464,9,7,0,7,0
2020-06-02,Contra Costa,013,1133247,1779,1505,0,1505,37
2020-06-02,Del Norte,015,27424,45,39,0,39,0
2020-06-02,El Dorado,017,186661,120,88,0,88,0
2020-06-02,Fresno,019,978130,3549,1917,45,1962,34
2020-06-02,Glenn,021,27897,21,16,0,16,0
2020-06-02,Humboldt,023,135768,115,101,0,101,2
2020-06-02,Imperial,025,180216,4301,2459,5,2464,19
2020-06-02,Inyo,027,18085,20,20,0,20,1
2020-06-02,Kern,029,883053,3130,2406,6,2412,41
2020-06-02,Kings,031,150075,1546,720,3,723,5
2020-06-02,Lake,033,64148,32,25,0,25,0
2020-06-02,Lassen,035,31185,7,4,2,6,0
2020-06-02,Los Angeles,037,10098052,65121,57144,20,57164,2430
2020-06-02,Madera,039,155013,291,110,0,110,2
2020-06-02,Marin,041,260295,585,509,2,511,14
2020-06-02,Mariposa,043,17540,16,16,0,16,1
2020-06-02,Mendocino,045,87422,33,29,0,29,0
2020-06-02,Merced,047,269075,442,297,0,297,6
2020-06-02,Modoc,049,8938,1,0,0,0,0
2020-06-02,Mono,051,14174,39,35,0,35,1
2020-06-02,Monterey,053,433212,810,582,1,583,10
2020-06-02,Napa,055,140530,150,116,0,116,3
2020-06-02,Nevada,057,99092,51,41,1,42,1
2020-06-02,Orange,059,3164182,9651,6790,52,6842,142
2020-06-02,Placer,061,380077,322,226,1,227,9
2020-06-02,Plumas,063,18699,4,4,0,4,0
2020-06-02,Riverside,065,2383286,10448,8091,9,8100,330
2020-06-02,Sacramento,067,1510023,1602,1428,2,1430,58
2020-06-02,San Benito,069,59416,105,86,0,86,2
2020-06-02,San Bernardino,071,2135413,6917,5438,4,5442,202
2020-06-02,San Diego,073,3302833,9007,7676,0,7676,276
2020-06-02,San Francisco,075,870044,2785,2554,0,2554,43
2020-06-02,San Joaquin,077,732212,1318,985,4,989,35
2020-06-02,San Luis Obispo,079,281455,345,275,2,277,1
2020-06-02,San Mateo,081,765935,2488,2203,3,2206,71
2020-06-02,Santa Barbara,083,443738,2209,1703,6,1709,12
2020-06-02,Santa Clara,085,1922200,3347,2819,5,2824,144
2020-06-02,Santa Cruz,087,273765,237,215,0,215,2
2020-06-02,Shasta,089,179085,59,38,0,38,4
2020-06-02,Sierra,091,2930,1,1,0,1,0
2020-06-02,Siskiyou,093,43540,12,8,0,8,0
2020-06-02,Solano,095,438530,683,537,1,538,18
2020-06-02,Sonoma,097,501317,677,571,1,572,4
2020-06-02,Stanislaus,099,539301,1003,772,5,777,27
2020-06-02,Sutter,101,95872,54,43,0,43,2
2020-06-02,Tehama,103,63373,14,6,1,7,1
2020-06-02,Trinity,105,12862,3,1,1,2,0
2020-06-02,Tulare,107,460477,2707,2012,4,2016,86
2020-06-02,Tuolumne,109,53932,6,4,1,5,0
2020-06-02,Ventura,111,848112,1650,1178,5,1183,30
2020-06-02,Yolo,113,214977,243,213,0,213,24
2020-06-02,Yuba,115,75493,31,27,0,27,1
2020-06-01,Alameda,001,1643700,3962,3460,3,3463,98
2020-06-01,Alpine,003,1148,2,1,0,1,0
2020-06-01,Amador,005,37829,10,10,0,10,0
2020-06-01,Butte,007,227075,79,50,2,52,1
2020-06-01,Calaveras,009,45235,21,15,0,15,0
2020-06-01,Colusa,011,21464,9,7,0,7,0
2020-06-01,Contra Costa,013,1133247,1743,1486,0,1486,37
2020-06-01,Del Norte,015,27424,45,38,0,38,0
2020-06-01,El Dorado,017,186661,118,88,0,88,0
2020-06-01,Fresno,019,978130,3454,1854,43,1897,33
2020-06-01,Glenn,021,27897,21,16,0,16,0
2020-06-01,Humboldt,023,135768,115,98,0,98,2
2020-06-01,Imperial,025,180216,4078,2366,5,2371,14
2020-06-01,Inyo,027,18085,20,20,0,20,1
2020-06-01,Kern,029,883053,3047,2366,6,2372,38
2020-06-01,Kings,031,150075,1278,703,3,706,4
2020-06-01,Lake,033,64148,32,22,0,22,0
2020-06-01,Lassen,035,31185,7,4,2,6,0
2020-06-01,Los Angeles,037,10098052,63656,55899,20,55919,2367
2020-06-01,Madera,039,155013,279,103,0,103,2
2020-06-01,Marin,041,260295,544,495,2,497,14
2020-06-01,Mariposa,043,17540,16,16,0,16,1
2020-06-01,Mendocino,045,87422,33,28,0,28,0
2020-06-01,Merced,047,269075,423,289,0,289,6
2020-06-01,Modoc,049,8938,1,0,0,0,0
2020-06-01,Mono,051,14174,39,35,0,35,1
2020-06-01,Monterey,053,433212,785,554,1,555,10
2020-06-01,Napa,055,140530,147,114,0,114,3
2020-06-01,Nevada,057,99092,51,41,1,42,1
2020-06-01,Orange,059,3164182,9455,6640,51,6691,135
2020-06-01,Placer,061,380077,310,218,1,219,9
2020-06-01,Plumas,063,18699,4,4,0,4,0
2020-06-01,Riverside,065,2383286,9997,7921,9,7930,322
2020-06-01,Sacramento,067,1510023,1563,1415,2,1417,58
2020-06-01,San Benito,069,59416,102,86,0,86,2
2020-06-01,San Bernardino,071,2135413,6711,5310,4,5314,202
2020-06-01,San Diego,073,3302833,8827,7556,0,7556,269
2020-06-01,San Francisco,075,870044,2748,2546,0,2546,43
2020-06-01,San Joaquin,077,732212,1253,957,4,961,35
2020-06-01,San Luis Obispo,079,281455,341,275,2,277,1
2020-06-01,San Mateo,081,765935,2458,2190,3,2193,71
2020-06-01,Santa Barbara,083,443738,2167,1671,5,1676,10
2020-06-01,Santa Clara,085,1922200,3309,2797,4,2801,142
2020-06-01,Santa Cruz,087,273765,233,215,0,215,2
2020-06-01,Shasta,089,179085,59,38,0,38,4
2020-06-01,Sierra,091,2930,1,1,0,1,0
2020-06-01,Siskiyou,093,43540,12,7,0,7,0
2020-06-01,Solano,095,438530,659,529,1,530,17
2020-06-01,Sonoma,097,501317,661,565,1,566,4
2020-06-01,Stanislaus,099,539301,966,758,5,763,27
2020-06-01,Sutter,101,95872,49,43,0,43,2
2020-06-01,Tehama,103,63373,11,5,1,6,1
2020-06-01,Trinity,105,12862,2,1,1,2,0
2020-06-01,Tulare,107,460477,2592,1976,4,1980,84
2020-06-01,Tuolumne,109,53932,5,4,1,5,0
2020-06-01,Ventura,111,848112,1600,1163,5,1168,29
2020-06-01,Yolo,113,214977,240,212,0,212,24
2020-06-01,Yuba,115,75493,30,26,0,26,1
2020-05-31,Alameda,001,1643700,3856,3362,3,3365,98
2020-05-31,Alpine,003,1148,2,1,0,1,0
2020-05-31,Amador,005,37829,10,10,0,10,0
2020-05-31,Butte,007,227075,77,51,2,53,0
2020-05-31,Calaveras,009,45235,18,15,0,15,0
2020-05-31,Colusa,011,21464,9,5,0,5,0
2020-05-31,Contra Costa,013,1133247,1709,1458,0,1458,37
2020-05-31,Del Norte,015,27424,45,37,0,37,0
2020-05-31,El Dorado,017,186661,114,88,0,88,0
2020-05-31,Fresno,019,978130,3293,1780,41,1821,31
2020-05-31,Glenn,021,27897,20,16,0,16,0
2020-05-31,Humboldt,023,135768,113,98,0,98,2
2020-05-31,Imperial,025,180216,3811,2197,5,2202,14
2020-05-31,Inyo,027,18085,20,20,0,20,1
2020-05-31,Kern,029,883053,2912,2300,6,2306,38
2020-05-31,Kings,031,150075,1241,703,3,706,3
2020-05-31,Lake,033,64148,32,19,0,19,0
2020-05-31,Lassen,035,31185,7,4,2,6,0
2020-05-31,Los Angeles,037,10098052,62366,54925,20,54945,2344
2020-05-31,Madera,039,155013,261,101,0,101,2
2020-05-31,Marin,041,260295,534,486,2,488,14
2020-05-31,Mariposa,043,17540,16,16,0,16,1
2020-05-31,Mendocino,045,87422,33,24,0,24,0
2020-05-31,Merced,047,269075,396,288,0,288,6
2020-05-31,Modoc,049,8938,0,0,0,0,0
2020-05-31,Mono,051,14174,39,34,0,34,1
2020-05-31,Monterey,053,433212,712,545,1,546,10
2020-05-31,Napa,055,140530,145,114,0,114,3
2020-05-31,Nevada,057,99092,50,41,1,42,1
2020-05-31,Orange,059,3164182,9244,6532,50,6582,135
2020-05-31,Placer,061,380077,287,215,1,216,9
2020-05-31,Plumas,063,18699,4,4,0,4,0
2020-05-31,Riverside,065,2383286,9741,7704,9,7713,321
2020-05-31,Sacramento,067,1510023,1532,1398,2,1400,57
2020-05-31,San Benito,069,59416,96,85,0,85,2
2020-05-31,San Bernardino,071,2135413,6443,5185,4,5189,198
2020-05-31,San Diego,073,3302833,8633,7483,0,7483,269
2020-05-31,San Francisco,075,870044,2712,2501,0,2501,43
2020-05-31,San Joaquin,077,732212,1188,888,4,892,34
2020-05-31,San Luis Obispo,079,281455,331,271,2,273,1
2020-05-31,San Mateo,081,765935,2412,2169,3,2172,71
2020-05-31,Santa Barbara,083,443738,2111,1662,5,1667,9
2020-05-31,Santa Clara,085,1922200,3265,2785,4,2789,142
2020-05-31,Santa Cruz,087,273765,230,210,0,210,2
2020-05-31,Shasta,089,179085,57,38,0,38,4
2020-05-31,Sierra,091,2930,1,1,0,1,0
2020-05-31,Siskiyou,093,43540,11,7,0,7,0
2020-05-31,Solano,095,438530,633,512,1,513,6
2020-05-31,Sonoma,097,501317,641,555,1,556,4
2020-05-31,Stanislaus,099,539301,912,738,5,743,27
2020-05-31,Sutter,101,95872,47,42,0,42,2
2020-05-31,Tehama,103,63373,10,4,1,5,1
2020-05-31,Trinity,105,12862,2,1,1,2,0
2020-05-31,Tulare,107,460477,2520,1884,4,1888,82
2020-05-31,Tuolumne,109,53932,5,4,1,5,0
2020-05-31,Ventura,111,848112,1545,1151,5,1156,30
2020-05-31,Yolo,113,214977,234,211,0,211,24
2020-05-31,Yuba,115,75493,30,26,0,26,1
2020-05-30,Alameda,001,1643700,3830,3304,3,3307,96
2020-05-30,Alpine,003,1148,2,1,0,1,0
2020-05-30,Amador,005,37829,10,10,0,10,0
2020-05-30,Butte,007,227075,76,44,2,46,0
2020-05-30,Calaveras,009,45235,17,15,0,15,0
2020-05-30,Colusa,011,21464,8,5,0,5,0
2020-05-30,Contra Costa,013,1133247,1694,1429,0,1429,37
2020-05-30,Del Norte,015,27424,45,37,0,37,0
2020-05-30,El Dorado,017,186661,113,86,0,86,0
2020-05-30,Fresno,019,978130,3232,1744,40,1784,31
2020-05-30,Glenn,021,27897,19,16,0,16,0
2020-05-30,Humboldt,023,135768,112,98,0,98,2
2020-05-30,Imperial,025,180216,3721,2091,5,2096,14
2020-05-30,Inyo,027,18085,20,20,0,20,1
2020-05-30,Kern,029,883053,2843,2217,6,2223,38
2020-05-30,Kings,031,150075,1227,703,3,706,3
2020-05-30,Lake,033,64148,31,18,0,18,0
2020-05-30,Lassen,035,31185,7,4,2,6,0
2020-05-30,Los Angeles,037,10098052,61830,53627,20,53647,2319
2020-05-30,Madera,039,155013,256,101,0,101,2
2020-05-30,Marin,041,260295,534,462,2,464,14
2020-05-30,Mariposa,043,17540,16,16,0,16,1
2020-05-30,Mendocino,045,87422,33,24,0,24,0
2020-05-30,Merced,047,269075,395,285,0,285,6
2020-05-30,Modoc,049,8938,0,0,0,0,0
2020-05-30,Mono,051,14174,39,34,0,34,1
2020-05-30,Monterey,053,433212,696,520,1,521,10
2020-05-30,Napa,055,140530,143,113,0,113,3
2020-05-30,Nevada,057,99092,50,41,1,42,1
2020-05-30,Orange,059,3164182,9089,6354,50,6404,134
2020-05-30,Placer,061,380077,279,199,0,199,9
2020-05-30,Plumas,063,18699,4,4,0,4,0
2020-05-30,Riverside,065,2383286,9597,7492,9,7501,316
2020-05-30,Sacramento,067,1510023,1521,1384,2,1386,57
2020-05-30,San Benito,069,59416,95,85,0,85,2
2020-05-30,San Bernardino,071,2135413,6334,5122,4,5126,198
2020-05-30,San Diego,073,3302833,8540,7387,0,7387,269
2020-05-30,San Francisco,075,870044,2687,2496,0,2496,41
2020-05-30,San Joaquin,077,732212,1150,888,4,892,34
2020-05-30,San Luis Obispo,079,281455,326,270,2,272,1
2020-05-30,San Mateo,081,765935,2388,2129,3,2132,71
2020-05-30,Santa Barbara,083,443738,2084,1660,5,1665,9
2020-05-30,Santa Clara,085,1922200,3249,2741,4,2745,141
2020-05-30,Santa Cruz,087,273765,230,206,0,206,2
2020-05-30,Shasta,089,179085,57,36,0,36,4
2020-05-30,Sierra,091,2930,1,1,0,1,0
2020-05-30,Siskiyou,093,43540,10,7,0,7,0
2020-05-30,Solano,095,438530,626,512,1,513,6
2020-05-30,Sonoma,097,501317,631,551,1,552,4
2020-05-30,Stanislaus,099,539301,895,712,5,717,27
2020-05-30,Sutter,101,95872,46,40,0,40,2
2020-05-30,Tehama,103,63373,10,4,1,5,1
2020-05-30,Trinity,105,12862,2,1,1,2,0
2020-05-30,Tulare,107,460477,2483,1879,4,1883,81
2020-05-30,Tuolumne,109,53932,5,4,1,5,0
2020-05-30,Ventura,111,848112,1528,1116,5,1121,30
2020-05-30,Yolo,113,214977,230,210,0,210,24
2020-05-30,Yuba,115,75493,30,25,0,25,1
2020-05-29,Alameda,001,1643700,3795,3209,3,3212,96
2020-05-29,Alpine,003,1148,2,1,0,1,0
2020-05-29,Amador,005,37829,10,10,0,10,0
2020-05-29,Butte,007,227075,71,41,2,43,0
2020-05-29,Calaveras,009,45235,17,15,0,15,0
2020-05-29,Colusa,011,21464,8,5,0,5,0
2020-05-29,Contra Costa,013,1133247,1678,1411,0,1411,37
2020-05-29,Del Norte,015,27424,45,37,0,37,0
2020-05-29,El Dorado,017,186661,112,85,0,85,0
2020-05-29,Fresno,019,978130,3183,1687,40,1727,31
2020-05-29,Glenn,021,27897,19,14,0,14,0
2020-05-29,Humboldt,023,135768,111,98,0,98,2
2020-05-29,Imperial,025,180216,3603,1607,5,1612,14
2020-05-29,Inyo,027,18085,20,20,0,20,1
2020-05-29,Kern,029,883053,2785,2128,6,2134,36
2020-05-29,Kings,031,150075,1216,693,3,696,3
2020-05-29,Lake,033,64148,30,17,0,17,0
2020-05-29,Lassen,035,31185,7,0,2,2,0
2020-05-29,Los Angeles,037,10098052,60875,51578,20,51598,2273
2020-05-29,Madera,039,155013,241,98,0,98,2
2020-05-29,Marin,041,260295,526,448,2,450,14
2020-05-29,Mariposa,043,17540,16,16,0,16,1
2020-05-29,Mendocino,045,87422,31,25,0,25,0
2020-05-29,Merced,047,269075,390,285,0,285,7
2020-05-29,Modoc,049,8938,0,0,0,0,0
2020-05-29,Mono,051,14174,38,34,0,34,1
2020-05-29,Monterey,053,433212,666,479,1,480,10
2020-05-29,Napa,055,140530,140,113,0,113,3
2020-05-29,Nevada,057,99092,50,41,1,42,1
2020-05-29,Orange,059,3164182,8894,6176,48,6224,133
2020-05-29,Placer,061,380077,261,199,0,199,9
2020-05-29,Plumas,063,18699,4,4,0,4,0
2020-05-29,Riverside,065,2383286,9411,7376,9,7385,313
2020-05-29,Sacramento,067,1510023,1498,1360,2,1362,57
2020-05-29,San Benito,069,59416,95,84,0,84,2
2020-05-29,San Bernardino,071,2135413,6226,4983,4,4987,196
2020-05-29,San Diego,073,3302833,8417,7242,0,7242,266
2020-05-29,San Francisco,075,870044,2663,2453,0,2453,41
2020-05-29,San Joaquin,077,732212,1113,855,4,859,34
2020-05-29,San Luis Obispo,079,281455,322,270,2,272,1
2020-05-29,San Mateo,081,765935,2372,2103,3,2106,71
2020-05-29,Santa Barbara,083,443738,2051,1656,5,1661,9
2020-05-29,Santa Clara,085,1922200,3221,2707,4,2711,141
2020-05-29,Santa Cruz,087,273765,227,203,0,203,2
2020-05-29,Shasta,089,179085,57,36,0,36,4
2020-05-29,Sierra,091,2930,1,1,0,1,0
2020-05-29,Siskiyou,093,43540,10,7,0,7,0
2020-05-29,Solano,095,438530,618,498,1,499,6
2020-05-29,Sonoma,097,501317,620,537,1,538,4
2020-05-29,Stanislaus,099,539301,865,698,5,703,27
2020-05-29,Sutter,101,95872,44,40,0,40,2
2020-05-29,Tehama,103,63373,9,4,1,5,1
2020-05-29,Trinity,105,12862,2,1,1,2,0
2020-05-29,Tulare,107,460477,2445,1852,4,1856,80
2020-05-29,Tuolumne,109,53932,5,4,1,5,0
2020-05-29,Ventura,111,848112,1505,1093,5,1098,29
2020-05-29,Yolo,113,214977,226,211,0,211,24
2020-05-29,Yuba,115,75493,29,25,0,25,1
2020-05-28,Alameda,001,1643700,3695,3083,3,3086,94
2020-05-28,Alpine,003,1148,2,1,0,1,0
2020-05-28,Amador,005,37829,10,10,0,10,0
2020-05-28,Butte,007,227075,70,40,2,42,0
2020-05-28,Calaveras,009,45235,16,15,0,15,0
2020-05-28,Colusa,011,21464,8,5,0,5,0
2020-05-28,Contra Costa,013,1133247,1639,1392,0,1392,37
2020-05-28,Del Norte,015,27424,45,37,0,37,0
2020-05-28,El Dorado,017,186661,109,82,0,82,0
2020-05-28,Fresno,019,978130,3103,1653,39,1692,31
2020-05-28,Glenn,021,27897,18,14,0,14,0
2020-05-28,Humboldt,023,135768,110,97,0,97,2
2020-05-28,Imperial,025,180216,3408,1430,5,1435,14
2020-05-28,Inyo,027,18085,20,20,0,20,1
2020-05-28,Kern,029,883053,2707,2069,6,2075,36
2020-05-28,Kings,031,150075,879,626,3,629,3
2020-05-28,Lake,033,64148,29,17,0,17,0
2020-05-28,Lassen,035,31185,7,0,2,2,0
2020-05-28,Los Angeles,037,10098052,59297,49861,20,49881,2222
2020-05-28,Madera,039,155013,223,93,0,93,2
2020-05-28,Marin,041,260295,501,443,2,445,14
2020-05-28,Mariposa,043,17540,16,16,0,16,1
2020-05-28,Mendocino,045,87422,29,24,0,24,0
2020-05-28,Merced,047,269075,381,283,0,283,7
2020-05-28,Modoc,049,8938,0,0,0,0,0
2020-05-28,Mono,051,14174,38,34,0,34,1
2020-05-28,Monterey,053,433212,634,471,1,472,10
2020-05-28,Napa,055,140530,137,113,0,113,3
2020-05-28,Nevada,057,99092,45,41,1,42,1
2020-05-28,Orange,059,3164182,8698,6045,48,6093,130
2020-05-28,Placer,061,380077,254,196,0,196,9
2020-05-28,Plumas,063,18699,4,4,0,4,0
2020-05-28,Riverside,065,2383286,9009,7240,8,7248,304
2020-05-28,Sacramento,067,1510023,1478,1339,2,1341,57
2020-05-28,San Benito,069,59416,94,82,0,82,2
2020-05-28,San Bernardino,071,2135413,6061,4831,4,4835,191
2020-05-28,San Diego,073,3302833,8260,7102,0,7102,260
2020-05-28,San Francisco,075,870044,2629,2417,0,2417,40
2020-05-28,San Joaquin,077,732212,1078,840,4,844,34
2020-05-28,San Luis Obispo,079,281455,319,267,2,269,1
2020-05-28,San Mateo,081,765935,2345,2070,3,2073,71
2020-05-28,Santa Barbara,083,443738,2003,1642,4,1646,9
2020-05-28,Santa Clara,085,1922200,3182,2698,4,2702,140
2020-05-28,Santa Cruz,087,273765,226,201,0,201,2
2020-05-28,Shasta,089,179085,55,36,0,36,4
2020-05-28,Sierra,091,2930,1,1,0,1,0
2020-05-28,Siskiyou,093,43540,8,6,0,6,0
2020-05-28,Solano,095,438530,601,489,1,490,6
2020-05-28,Sonoma,097,501317,598,529,1,530,4
2020-05-28,Stanislaus,099,539301,824,684,5,689,27
2020-05-28,Sutter,101,95872,44,40,0,40,2
2020-05-28,Tehama,103,63373,9,4,1,5,1
2020-05-28,Trinity,105,12862,2,1,1,2,0
2020-05-28,Tulare,107,460477,2409,1832,4,1836,79
2020-05-28,Tuolumne,109,53932,5,4,1,5,0
2020-05-28,Ventura,111,848112,1474,1083,5,1088,29
2020-05-28,Yolo,113,214977,223,206,0,206,22
2020-05-28,Yuba,115,75493,28,24,0,24,1
2020-05-27,Alameda,001,1643700,3612,3037,3,3040,94
2020-05-27,Alpine,003,1148,2,1,0,1,0
2020-05-27,Amador,005,37829,10,10,0,10,0
2020-05-27,Butte,007,227075,67,40,1,41,0
2020-05-27,Calaveras,009,45235,15,15,0,15,0
2020-05-27,Colusa,011,21464,8,5,0,5,0
2020-05-27,Contra Costa,013,1133247,1599,1373,0,1373,37
2020-05-27,Del Norte,015,27424,45,34,0,34,0
2020-05-27,El Dorado,017,186661,108,82,0,82,0
2020-05-27,Fresno,019,978130,3015,1620,39,1659,27
2020-05-27,Glenn,021,27897,18,14,0,14,0
2020-05-27,Humboldt,023,135768,110,86,0,86,2
2020-05-27,Imperial,025,180216,3228,1369,5,1374,14
2020-05-27,Inyo,027,18085,20,20,0,20,1
2020-05-27,Kern,029,883053,2642,1999,6,2005,37
2020-05-27,Kings,031,150075,852,586,3,589,3
2020-05-27,Lake,033,64148,29,13,0,13,0
2020-05-27,Lassen,035,31185,7,0,2,2,0
2020-05-27,Los Angeles,037,10098052,57919,48711,20,48731,2177
2020-05-27,Madera,039,155013,214,91,0,91,2
2020-05-27,Marin,041,260295,472,439,2,441,14
2020-05-27,Mariposa,043,17540,16,16,0,16,1
2020-05-27,Mendocino,045,87422,28,21,0,21,0
2020-05-27,Merced,047,269075,377,278,0,278,7
2020-05-27,Modoc,049,8938,0,0,0,0,0
2020-05-27,Mono,051,14174,38,34,0,34,1
2020-05-27,Monterey,053,433212,594,443,1,444,8
2020-05-27,Napa,055,140530,132,112,0,112,3
2020-05-27,Nevada,057,99092,44,41,1,42,1
2020-05-27,Orange,059,3164182,8540,5849,48,5897,121
2020-05-27,Placer,061,380077,235,196,0,196,9
2020-05-27,Plumas,063,18699,4,4,0,4,0
2020-05-27,Riverside,065,2383286,8630,7156,8,7164,299
2020-05-27,Sacramento,067,1510023,1450,1318,2,1320,50
2020-05-27,San Benito,069,59416,91,74,0,74,2
2020-05-27,San Bernardino,071,2135413,5877,4708,4,4712,183
2020-05-27,San Diego,073,3302833,8110,6985,0,6985,255
2020-05-27,San Francisco,075,870044,2600,2394,0,2394,40
2020-05-27,San Joaquin,077,732212,1037,825,4,829,34
2020-05-27,San Luis Obispo,079,281455,314,266,2,268,1
2020-05-27,San Mateo,081,765935,2305,2045,3,2048,71
2020-05-27,Santa Barbara,083,443738,1984,1629,4,1633,9
2020-05-27,Santa Clara,085,1922200,3149,2680,4,2684,140
2020-05-27,Santa Cruz,087,273765,222,202,0,202,2
2020-05-27,Shasta,089,179085,52,36,0,36,4
2020-05-27,Sierra,091,2930,1,1,0,1,0
2020-05-27,Siskiyou,093,43540,8,6,0,6,0
2020-05-27,Solano,095,438530,581,477,1,478,5
2020-05-27,Sonoma,097,501317,584,521,1,522,4
2020-05-27,Stanislaus,099,539301,799,675,5,680,27
2020-05-27,Sutter,101,95872,43,40,0,40,2
2020-05-27,Tehama,103,63373,9,3,1,4,1
2020-05-27,Trinity,105,12862,2,1,1,2,0
2020-05-27,Tulare,107,460477,2357,1817,4,1821,77
2020-05-27,Tuolumne,109,53932,5,4,1,5,0
2020-05-27,Ventura,111,848112,1452,1065,5,1070,28
2020-05-27,Yolo,113,214977,222,204,0,204,22
2020-05-27,Yuba,115,75493,28,24,0,24,1
2020-05-26,Alameda,001,1643700,3519,2956,3,2959,92
2020-05-26,Alpine,003,1148,2,1,0,1,0
2020-05-26,Amador,005,37829,10,10,0,10,0
2020-05-26,Butte,007,227075,65,37,1,38,0
2020-05-26,Calaveras,009,45235,15,13,0,13,0
2020-05-26,Colusa,011,21464,8,4,0,4,0
2020-05-26,Contra Costa,013,1133247,1564,1352,0,1352,37
2020-05-26,Del Norte,015,27424,44,30,0,30,0
2020-05-26,El Dorado,017,186661,104,79,0,79,0
2020-05-26,Fresno,019,978130,2929,1496,39,1535,22
2020-05-26,Glenn,021,27897,16,12,0,12,0
2020-05-26,Humboldt,023,135768,108,81,0,81,2
2020-05-26,Imperial,025,180216,3012,1369,5,1374,14
2020-05-26,Inyo,027,18085,20,20,0,20,1
2020-05-26,Kern,029,883053,2564,1890,6,1896,31
2020-05-26,Kings,031,150075,784,449,2,451,2
2020-05-26,Lake,033,64148,27,12,0,12,0
2020-05-26,Lassen,035,31185,6,0,2,2,0
2020-05-26,Los Angeles,037,10098052,56451,47760,20,47780,2121
2020-05-26,Madera,039,155013,198,83,0,83,2
2020-05-26,Marin,041,260295,460,424,2,426,14
2020-05-26,Mariposa,043,17540,16,16,0,16,1
2020-05-26,Mendocino,045,87422,26,20,0,20,0
2020-05-26,Merced,047,269075,363,266,0,266,7
2020-05-26,Modoc,049,8938,0,1,0,1,0
2020-05-26,Mono,051,14174,37,34,0,34,1
2020-05-26,Monterey,053,433212,566,424,0,424,8
2020-05-26,Napa,055,140530,127,109,0,109,3
2020-05-26,Nevada,057,99092,43,41,1,42,1
2020-05-26,Orange,059,3164182,8272,5651,47,5698,115
2020-05-26,Placer,061,380077,230,188,0,188,9
2020-05-26,Plumas,063,18699,4,4,0,4,0
2020-05-26,Riverside,065,2383286,8183,6917,8,6925,284
2020-05-26,Sacramento,067,1510023,1424,1298,2,1300,50
2020-05-26,San Benito,069,59416,86,69,0,69,2
2020-05-26,San Bernardino,071,2135413,5709,4430,4,4434,175
2020-05-26,San Diego,073,3302833,7967,6884,0,6884,249
2020-05-26,San Francisco,075,870044,2567,2363,0,2363,40
2020-05-26,San Joaquin,077,732212,990,760,4,764,33
2020-05-26,San Luis Obispo,079,281455,312,260,2,262,1
2020-05-26,San Mateo,081,765935,2267,1967,2,1969,71
2020-05-26,Santa Barbara,083,443738,1959,1590,4,1594,9
2020-05-26,Santa Clara,085,1922200,3116,2659,4,2663,139
2020-05-26,Santa Cruz,087,273765,220,197,0,197,2
2020-05-26,Shasta,089,179085,52,36,0,36,4
2020-05-26,Sierra,091,2930,1,1,0,1,0
2020-05-26,Siskiyou,093,43540,7,6,0,6,0
2020-05-26,Solano,095,438530,563,470,1,471,5
2020-05-26,Sonoma,097,501317,576,509,0,509,4
2020-05-26,Stanislaus,099,539301,778,663,5,668,27
2020-05-26,Sutter,101,95872,42,39,0,39,2
2020-05-26,Tehama,103,63373,8,2,1,3,1
2020-05-26,Trinity,105,12862,2,1,1,2,0
2020-05-26,Tulare,107,460477,2301,1768,4,1772,76
2020-05-26,Tuolumne,109,53932,5,2,1,3,0
2020-05-26,Ventura,111,848112,1418,1033,3,1036,27
2020-05-26,Yolo,113,214977,216,198,0,198,22
2020-05-26,Yuba,115,75493,27,24,0,24,1
2020-05-25,Alameda,001,1643700,3426,2900,2,2902,92
2020-05-25,Alpine,003,1148,2,1,0,1,0
2020-05-25,Amador,005,37829,10,10,0,10,0
2020-05-25,Butte,007,227075,62,37,1,38,0
2020-05-25,Calaveras,009,45235,15,13,0,13,0
2020-05-25,Colusa,011,21464,7,4,0,4,0
2020-05-25,Contra Costa,013,1133247,1531,1348,0,1348,37
2020-05-25,Del Norte,015,27424,44,20,0,20,0
2020-05-25,El Dorado,017,186661,96,78,0,78,0
2020-05-25,Fresno,019,978130,2826,1496,36,1532,22
2020-05-25,Glenn,021,27897,16,12,0,12,0
2020-05-25,Humboldt,023,135768,107,81,0,81,2
2020-05-25,Imperial,025,180216,2801,1369,5,1374,14
2020-05-25,Inyo,027,18085,19,20,0,20,1
2020-05-25,Kern,029,883053,2493,1890,6,1896,31
2020-05-25,Kings,031,150075,755,447,2,449,2
2020-05-25,Lake,033,64148,25,13,0,13,0
2020-05-25,Lassen,035,31185,6,0,2,2,0
2020-05-25,Los Angeles,037,10098052,54636,45952,20,45972,2094
2020-05-25,Madera,039,155013,186,83,0,83,2
2020-05-25,Marin,041,260295,442,415,2,417,14
2020-05-25,Mariposa,043,17540,16,15,0,15,1
2020-05-25,Mendocino,045,87422,23,19,0,19,0
2020-05-25,Merced,047,269075,356,262,0,262,6
2020-05-25,Modoc,049,8938,0,1,0,1,0
2020-05-25,Mono,051,14174,37,34,0,34,1
2020-05-25,Monterey,053,433212,536,418,0,418,8
2020-05-25,Napa,055,140530,127,107,0,107,3
2020-05-25,Nevada,057,99092,43,41,1,42,1
2020-05-25,Orange,059,3164182,8050,5601,46,5647,115
2020-05-25,Placer,061,380077,227,186,0,186,9
2020-05-25,Plumas,063,18699,4,4,0,4,0
2020-05-25,Riverside,065,2383286,7952,6900,8,6908,284
2020-05-25,Sacramento,067,1510023,1404,1290,1,1291,50
2020-05-25,San Benito,069,59416,85,70,0,70,2
2020-05-25,San Bernardino,071,2135413,5519,4393,3,4396,175
2020-05-25,San Diego,073,3302833,7791,6799,0,6799,249
2020-05-25,San Francisco,075,870044,2530,2358,0,2358,40
2020-05-25,San Joaquin,077,732212,964,760,4,764,33
2020-05-25,San Luis Obispo,079,281455,310,260,2,262,1
2020-05-25,San Mateo,081,765935,2231,1938,2,1940,71
2020-05-25,Santa Barbara,083,443738,1941,1590,4,1594,9
2020-05-25,Santa Clara,085,1922200,3084,2647,4,2651,139
2020-05-25,Santa Cruz,087,273765,218,191,0,191,2
2020-05-25,Shasta,089,179085,51,36,0,36,4
2020-05-25,Sierra,091,2930,1,1,0,1,0
2020-05-25,Siskiyou,093,43540,7,6,0,6,0
2020-05-25,Solano,095,438530,549,437,1,438,5
2020-05-25,Sonoma,097,501317,564,496,0,496,4
2020-05-25,Stanislaus,099,539301,748,651,5,656,27
2020-05-25,Sutter,101,95872,42,38,0,38,2
2020-05-25,Tehama,103,63373,7,2,1,3,1
2020-05-25,Trinity,105,12862,2,1,1,2,0
2020-05-25,Tulare,107,460477,2238,1747,4,1751,76
2020-05-25,Tuolumne,109,53932,5,2,1,3,0
2020-05-25,Ventura,111,848112,1378,1020,3,1023,27
2020-05-25,Yolo,113,214977,214,197,0,197,22
2020-05-25,Yuba,115,75493,26,24,0,24,1
2020-05-24,Alameda,001,1643700,3353,2830,2,2832,92
2020-05-24,Alpine,003,1148,2,1,0,1,0
2020-05-24,Amador,005,37829,10,9,0,9,0
2020-05-24,Butte,007,227075,60,35,1,36,0
2020-05-24,Calaveras,009,45235,15,13,0,13,0
2020-05-24,Colusa,011,21464,7,4,0,4,0
2020-05-24,Contra Costa,013,1133247,1503,1325,0,1325,37
2020-05-24,Del Norte,015,27424,43,16,0,16,0
2020-05-24,El Dorado,017,186661,95,76,0,76,0
2020-05-24,Fresno,019,978130,2760,1455,34,1489,22
2020-05-24,Glenn,021,27897,15,12,0,12,0
2020-05-24,Humboldt,023,135768,107,81,0,81,2
2020-05-24,Imperial,025,180216,2675,1369,5,1374,14
2020-05-24,Inyo,027,18085,19,20,0,20,1
2020-05-24,Kern,029,883053,2420,1861,5,1866,31
2020-05-24,Kings,031,150075,744,446,2,448,2
2020-05-24,Lake,033,64148,24,12,0,12,0
2020-05-24,Lassen,035,31185,5,0,2,2,0
2020-05-24,Los Angeles,037,10098052,53622,44954,20,44974,2085
2020-05-24,Madera,039,155013,180,83,0,83,2
2020-05-24,Marin,041,260295,440,401,2,403,14
2020-05-24,Mariposa,043,17540,16,15,0,15,1
2020-05-24,Mendocino,045,87422,22,19,0,19,0
2020-05-24,Merced,047,269075,355,258,0,258,6
2020-05-24,Modoc,049,8938,0,0,0,0,0
2020-05-24,Mono,051,14174,37,34,0,34,1
2020-05-24,Monterey,053,433212,508,405,0,405,8
2020-05-24,Napa,055,140530,125,104,0,104,3
2020-05-24,Nevada,057,99092,43,41,1,42,1
2020-05-24,Orange,059,3164182,7895,5439,45,5484,113
2020-05-24,Placer,061,380077,219,184,0,184,9
2020-05-24,Plumas,063,18699,4,4,0,4,0
2020-05-24,Riverside,065,2383286,7811,6571,8,6579,284
2020-05-24,Sacramento,067,1510023,1388,1283,1,1284,50
2020-05-24,San Benito,069,59416,84,67,0,67,2
2020-05-24,San Bernardino,071,2135413,5411,4262,3,4265,175
2020-05-24,San Diego,073,3302833,7648,6703,0,6703,249
2020-05-24,San Francisco,075,870044,2506,2318,0,2318,40
2020-05-24,San Joaquin,077,732212,945,760,4,764,33
2020-05-24,San Luis Obispo,079,281455,308,257,2,259,1
2020-05-24,San Mateo,081,765935,2196,1925,2,1927,71
2020-05-24,Santa Barbara,083,443738,1925,1573,4,1577,9
2020-05-24,Santa Clara,085,1922200,3064,2623,4,2627,139
2020-05-24,Santa Cruz,087,273765,215,185,0,185,2
2020-05-24,Shasta,089,179085,50,36,0,36,4
2020-05-24,Sierra,091,2930,1,1,0,1,0
2020-05-24,Siskiyou,093,43540,6,6,0,6,0
2020-05-24,Solano,095,438530,541,436,0,436,5
2020-05-24,Sonoma,097,501317,553,485,0,485,4
2020-05-24,Stanislaus,099,539301,728,634,5,639,27
2020-05-24,Sutter,101,95872,42,38,0,38,2
2020-05-24,Tehama,103,63373,5,2,1,3,1
2020-05-24,Trinity,105,12862,2,1,1,2,0
2020-05-24,Tulare,107,460477,2192,1684,4,1688,74
2020-05-24,Tuolumne,109,53932,5,2,0,2,0
2020-05-24,Ventura,111,848112,1366,982,3,985,27
2020-05-24,Yolo,113,214977,212,192,0,192,22
2020-05-24,Yuba,115,75493,26,24,0,24,1
2020-05-23,Alameda,001,1643700,3312,2783,2,2785,91
2020-05-23,Alpine,003,1148,2,1,0,1,0
2020-05-23,Amador,005,37829,10,9,0,9,0
2020-05-23,Butte,007,227075,59,34,1,35,0
2020-05-23,Calaveras,009,45235,15,13,0,13,0
2020-05-23,Colusa,011,21464,7,4,0,4,0
2020-05-23,Contra Costa,013,1133247,1492,1302,0,1302,36
2020-05-23,Del Norte,015,27424,43,10,0,10,0
2020-05-23,El Dorado,017,186661,95,74,0,74,0
2020-05-23,Fresno,019,978130,2740,1447,34,1481,21
2020-05-23,Glenn,021,27897,15,12,0,12,0
2020-05-23,Humboldt,023,135768,105,80,0,80,2
2020-05-23,Imperial,025,180216,2587,1283,5,1288,14
2020-05-23,Inyo,027,18085,19,20,0,20,1
2020-05-23,Kern,029,883053,2377,1806,5,1811,31
2020-05-23,Kings,031,150075,740,444,2,446,2
2020-05-23,Lake,033,64148,23,10,0,10,0
2020-05-23,Lassen,035,31185,5,0,2,2,0
2020-05-23,Los Angeles,037,10098052,53081,44029,20,44049,2069
2020-05-23,Madera,039,155013,176,83,0,83,2
2020-05-23,Marin,041,260295,440,393,1,394,14
2020-05-23,Mariposa,043,17540,16,15,0,15,1
2020-05-23,Mendocino,045,87422,22,13,0,13,0
2020-05-23,Merced,047,269075,352,247,0,247,6
2020-05-23,Modoc,049,8938,0,0,0,0,0
2020-05-23,Mono,051,14174,36,34,0,34,1
2020-05-23,Monterey,053,433212,494,397,0,397,8
2020-05-23,Napa,055,140530,121,101,0,101,3
2020-05-23,Nevada,057,99092,43,41,1,42,1
2020-05-23,Orange,059,3164182,7738,5313,44,5357,113
2020-05-23,Placer,061,380077,213,184,0,184,9
2020-05-23,Plumas,063,18699,4,4,0,4,0
2020-05-23,Riverside,065,2383286,7720,6460,8,6468,284
2020-05-23,Sacramento,067,1510023,1372,1275,1,1276,50
2020-05-23,San Benito,069,59416,79,67,0,67,2
2020-05-23,San Bernardino,071,2135413,5318,4172,3,4175,175
2020-05-23,San Diego,073,3302833,7557,6561,0,6561,249
2020-05-23,San Francisco,075,870044,2487,2312,0,2312,40
2020-05-23,San Joaquin,077,732212,930,759,4,763,33
2020-05-23,San Luis Obispo,079,281455,305,256,2,258,1
2020-05-23,San Mateo,081,765935,2168,1862,2,1864,71
2020-05-23,Santa Barbara,083,443738,1914,1566,4,1570,9
2020-05-23,Santa Clara,085,1922200,3051,2593,4,2597,139
2020-05-23,Santa Cruz,087,273765,213,177,0,177,2
2020-05-23,Shasta,089,179085,50,35,0,35,4
2020-05-23,Sierra,091,2930,1,1,0,1,0
2020-05-23,Siskiyou,093,43540,6,6,0,6,0
2020-05-23,Solano,095,438530,536,435,0,435,5
2020-05-23,Sonoma,097,501317,539,462,0,462,4
2020-05-23,Stanislaus,099,539301,720,625,5,630,27
2020-05-23,Sutter,101,95872,41,38,0,38,2
2020-05-23,Tehama,103,63373,5,2,1,3,1
2020-05-23,Trinity,105,12862,2,1,1,2,0
2020-05-23,Tulare,107,460477,2171,1682,4,1686,73
2020-05-23,Tuolumne,109,53932,5,2,0,2,0
2020-05-23,Ventura,111,848112,1346,961,3,964,27
2020-05-23,Yolo,113,214977,211,188,0,188,22
2020-05-23,Yuba,115,75493,26,24,0,24,1
2020-05-22,Alameda,001,1643700,3258,2722,2,2724,91
2020-05-22,Alpine,003,1148,2,1,0,1,0
2020-05-22,Amador,005,37829,10,9,0,9,0
2020-05-22,Butte,007,227075,57,34,1,35,0
2020-05-22,Calaveras,009,45235,15,13,0,13,0
2020-05-22,Colusa,011,21464,7,4,0,4,0
2020-05-22,Contra Costa,013,1133247,1480,1272,0,1272,36
2020-05-22,Del Norte,015,27424,41,9,0,9,0
2020-05-22,El Dorado,017,186661,92,74,0,74,0
2020-05-22,Fresno,019,978130,2681,1399,33,1432,20
2020-05-22,Glenn,021,27897,15,12,0,12,0
2020-05-22,Humboldt,023,135768,105,80,0,80,2
2020-05-22,Imperial,025,180216,2487,1214,5,1219,14
2020-05-22,Inyo,027,18085,19,20,0,20,1
2020-05-22,Kern,029,883053,2329,1749,5,1754,28
2020-05-22,Kings,031,150075,737,428,2,430,2
2020-05-22,Lake,033,64148,22,10,0,10,0
2020-05-22,Lassen,035,31185,3,0,2,2,0
2020-05-22,Los Angeles,037,10098052,52288,43025,20,43045,2027
2020-05-22,Madera,039,155013,172,82,0,82,2
2020-05-22,Marin,041,260295,436,372,1,373,14
2020-05-22,Mariposa,043,17540,16,15,0,15,1
2020-05-22,Mendocino,045,87422,21,13,0,13,0
2020-05-22,Merced,047,269075,352,233,0,233,6
2020-05-22,Modoc,049,8938,0,0,0,0,0
2020-05-22,Mono,051,14174,36,34,0,34,1
2020-05-22,Monterey,053,433212,483,372,0,372,8
2020-05-22,Napa,055,140530,119,97,0,97,3
2020-05-22,Nevada,057,99092,42,41,1,42,1
2020-05-22,Orange,059,3164182,7544,5144,42,5186,113
2020-05-22,Placer,061,380077,213,181,0,181,9
2020-05-22,Plumas,063,18699,4,4,0,4,0
2020-05-22,Riverside,065,2383286,7605,6351,8,6359,283
2020-05-22,Sacramento,067,1510023,1356,1262,1,1263,50
2020-05-22,San Benito,069,59416,78,64,0,64,2
2020-05-22,San Bernardino,071,2135413,5243,4107,3,4110,173
2020-05-22,San Diego,073,3302833,7471,6436,0,6436,242
2020-05-22,San Francisco,075,870044,2469,2251,0,2251,40
2020-05-22,San Joaquin,077,732212,917,747,4,751,33
2020-05-22,San Luis Obispo,079,281455,305,254,2,256,1
2020-05-22,San Mateo,081,765935,2149,1847,2,1849,71
2020-05-22,Santa Barbara,083,443738,1898,1554,4,1558,9
2020-05-22,Santa Clara,085,1922200,3032,2537,4,2541,139
2020-05-22,Santa Cruz,087,273765,210,171,0,171,2
2020-05-22,Shasta,089,179085,50,34,0,34,4
2020-05-22,Sierra,091,2930,1,0,0,0,0
2020-05-22,Siskiyou,093,43540,6,6,0,6,0
2020-05-22,Solano,095,438530,533,431,0,431,4
2020-05-22,Sonoma,097,501317,535,444,0,444,4
2020-05-22,Stanislaus,099,539301,710,616,5,621,27
2020-05-22,Sutter,101,95872,41,38,0,38,2
2020-05-22,Tehama,103,63373,5,2,0,2,1
2020-05-22,Trinity,105,12862,2,1,1,2,0
2020-05-22,Tulare,107,460477,2141,1662,4,1666,73
2020-05-22,Tuolumne,109,53932,5,2,0,2,0
2020-05-22,Ventura,111,848112,1328,937,3,940,27
2020-05-22,Yolo,113,214977,209,187,0,187,22
2020-05-22,Yuba,115,75493,26,24,0,24,1
2020-05-21,Alameda,001,1643700,3193,2606,2,2608,89
2020-05-21,Alpine,003,1148,2,1,0,1,0
2020-05-21,Amador,005,37829,10,9,0,9,0
2020-05-21,Butte,007,227075,56,31,1,32,0
2020-05-21,Calaveras,009,45235,14,13,0,13,0
2020-05-21,Colusa,011,21464,7,4,0,4,0
2020-05-21,Contra Costa,013,1133247,1444,1243,0,1243,36
2020-05-21,Del Norte,015,27424,38,9,0,9,0
2020-05-21,El Dorado,017,186661,91,67,0,67,0
2020-05-21,Fresno,019,978130,2591,1362,33,1395,20
2020-05-21,Glenn,021,27897,14,12,0,12,0
2020-05-21,Humboldt,023,135768,104,79,0,79,0
2020-05-21,Imperial,025,180216,2326,1096,5,1101,14
2020-05-21,Inyo,027,18085,19,20,0,20,1
2020-05-21,Kern,029,883053,2253,1684,4,1688,27
2020-05-21,Kings,031,150075,716,417,2,419,2
2020-05-21,Lake,033,64148,17,10,0,10,0
2020-05-21,Lassen,035,31185,3,0,2,2,0
2020-05-21,Los Angeles,037,10098052,51253,42063,20,42083,1996
2020-05-21,Madera,039,155013,169,82,0,82,2
2020-05-21,Marin,041,260295,425,359,1,360,14
2020-05-21,Mariposa,043,17540,16,15,0,15,1
2020-05-21,Mendocino,045,87422,21,12,0,12,0
2020-05-21,Merced,047,269075,341,226,0,226,6
2020-05-21,Modoc,049,8938,0,0,0,0,0
2020-05-21,Mono,051,14174,36,33,0,33,1
2020-05-21,Monterey,053,433212,472,363,0,363,8
2020-05-21,Napa,055,140530,117,96,0,96,3
2020-05-21,Nevada,057,99092,42,41,1,42,1
2020-05-21,Orange,059,3164182,7342,4975,42,5017,106
2020-05-21,Placer,061,380077,206,176,0,176,8
2020-05-21,Plumas,063,18699,4,4,0,4,0
2020-05-21,Riverside,065,2383286,7418,6245,8,6253,279
2020-05-21,Sacramento,067,1510023,1343,1258,1,1259,56
2020-05-21,San Benito,069,59416,75,61,0,61,2
2020-05-21,San Bernardino,071,2135413,5096,3950,3,3953,167
2020-05-21,San Diego,073,3302833,7335,6317,0,6317,241
2020-05-21,San Francisco,075,870044,2445,2248,0,2248,37
2020-05-21,San Joaquin,077,732212,881,730,4,734,33
2020-05-21,San Luis Obispo,079,281455,305,251,1,252,1
2020-05-21,San Mateo,081,765935,2112,1791,2,1793,74
2020-05-21,Santa Barbara,083,443738,1878,1541,4,1545,10
2020-05-21,Santa Clara,085,1922200,3012,2520,4,2524,138
2020-05-21,Santa Cruz,087,273765,202,164,0,164,3
2020-05-21,Shasta,089,179085,48,34,0,34,4
2020-05-21,Sierra,091,2930,1,0,0,0,0
2020-05-21,Siskiyou,093,43540,6,6,0,6,0
2020-05-21,Solano,095,438530,524,424,0,424,4
2020-05-21,Sonoma,097,501317,517,427,0,427,4
2020-05-21,Stanislaus,099,539301,699,602,5,607,27
2020-05-21,Sutter,101,95872,40,38,0,38,2
2020-05-21,Tehama,103,63373,4,2,0,2,1
2020-05-21,Trinity,105,12862,2,1,1,2,0
2020-05-21,Tulare,107,460477,2091,1606,4,1610,73
2020-05-21,Tuolumne,109,53932,3,2,0,2,0
2020-05-21,Ventura,111,848112,1281,907,3,910,30
2020-05-21,Yolo,113,214977,206,185,0,185,22
2020-05-21,Yuba,115,75493,26,24,0,24,1
2020-05-20,Alameda,001,1643700,3120,2554,2,2556,89
2020-05-20,Alpine,003,1148,2,1,0,1,0
2020-05-20,Amador,005,37829,10,9,0,9,0
2020-05-20,Butte,007,227075,53,30,1,31,0
2020-05-20,Calaveras,009,45235,14,13,0,13,0
2020-05-20,Colusa,011,21464,7,3,0,3,0
2020-05-20,Contra Costa,013,1133247,1414,1223,0,1223,33
2020-05-20,Del Norte,015,27424,31,9,0,9,0
2020-05-20,El Dorado,017,186661,90,67,0,67,0
2020-05-20,Fresno,019,978130,2519,1329,32,1361,17
2020-05-20,Glenn,021,27897,13,12,0,12,0
2020-05-20,Humboldt,023,135768,101,73,0,73,0
2020-05-20,Imperial,025,180216,2215,1047,5,1052,14
2020-05-20,Inyo,027,18085,19,20,0,20,1
2020-05-20,Kern,029,883053,2190,1639,3,1642,27
2020-05-20,Kings,031,150075,573,403,2,405,2
2020-05-20,Lake,033,64148,17,9,0,9,0
2020-05-20,Lassen,035,31185,2,0,2,2,0
2020-05-20,Los Angeles,037,10098052,50257,40932,20,40952,1955
2020-05-20,Madera,039,155013,167,82,0,82,2
2020-05-20,Marin,041,260295,398,348,1,349,14
2020-05-20,Mariposa,043,17540,16,15,0,15,1
2020-05-20,Mendocino,045,87422,21,12,0,12,0
2020-05-20,Merced,047,269075,334,225,0,225,6
2020-05-20,Modoc,049,8938,0,0,0,0,0
2020-05-20,Mono,051,14174,36,33,0,33,1
2020-05-20,Monterey,053,433212,458,356,0,356,8
2020-05-20,Napa,055,140530,110,93,0,93,3
2020-05-20,Nevada,057,99092,42,41,1,42,1
2020-05-20,Orange,059,3164182,7135,4866,41,4907,96
2020-05-20,Placer,061,380077,204,176,0,176,8
2020-05-20,Plumas,063,18699,4,4,0,4,0
2020-05-20,Riverside,065,2383286,7275,6090,8,6098,265
2020-05-20,Sacramento,067,1510023,1333,1244,1,1245,56
2020-05-20,San Benito,069,59416,74,61,0,61,2
2020-05-20,San Bernardino,071,2135413,4970,3771,3,3774,161
2020-05-20,San Diego,073,3302833,7218,6142,0,6142,230
2020-05-20,San Francisco,075,870044,2422,2199,0,2199,37
2020-05-20,San Joaquin,077,732212,845,713,4,717,33
2020-05-20,San Luis Obispo,079,281455,299,249,1,250,1
2020-05-20,San Mateo,081,765935,2059,1739,2,1741,74
2020-05-20,Santa Barbara,083,443738,1856,1524,4,1528,10
2020-05-20,Santa Clara,085,1922200,2992,2508,4,2512,138
2020-05-20,Santa Cruz,087,273765,199,163,0,163,3
2020-05-20,Shasta,089,179085,48,34,0,34,4
2020-05-20,Sierra,091,2930,1,0,0,0,0
2020-05-20,Siskiyou,093,43540,6,6,0,6,0
2020-05-20,Solano,095,438530,519,418,0,418,4
2020-05-20,Sonoma,097,501317,508,411,0,411,4
2020-05-20,Stanislaus,099,539301,683,584,4,588,25
2020-05-20,Sutter,101,95872,40,38,0,38,2
2020-05-20,Tehama,103,63373,4,2,0,2,1
2020-05-20,Trinity,105,12862,2,1,1,2,0
2020-05-20,Tulare,107,460477,2053,1585,4,1589,71
2020-05-20,Tuolumne,109,53932,3,2,0,2,0
2020-05-20,Ventura,111,848112,1248,879,3,882,29
2020-05-20,Yolo,113,214977,203,184,0,184,22
2020-05-20,Yuba,115,75493,26,23,0,23,1
2020-05-19,Alameda,001,1643700,3045,2493,0,2493,88
2020-05-19,Alpine,003,1148,2,1,0,1,0
2020-05-19,Amador,005,37829,10,9,0,9,0
2020-05-19,Butte,007,227075,51,25,1,26,0
2020-05-19,Calaveras,009,45235,14,13,0,13,0
2020-05-19,Colusa,011,21464,5,3,0,3,0
2020-05-19,Contra Costa,013,1133247,1391,1205,0,1205,33
2020-05-19,Del Norte,015,27424,28,8,0,8,0
2020-05-19,El Dorado,017,186661,87,67,0,67,0
2020-05-19,Fresno,019,978130,2410,1288,32,1320,15
2020-05-19,Glenn,021,27897,13,12,0,12,0
2020-05-19,Humboldt,023,135768,101,72,0,72,0
2020-05-19,Imperial,025,180216,2055,1012,5,1017,14
2020-05-19,Inyo,027,18085,19,20,0,20,1
2020-05-19,Kern,029,883053,2092,1601,3,1604,26
2020-05-19,Kings,031,150075,563,393,2,395,2
2020-05-19,Lake,033,64148,14,11,0,11,0
2020-05-19,Lassen,035,31185,2,0,2,2,0
2020-05-19,Los Angeles,037,10098052,49050,39670,20,39690,1906
2020-05-19,Madera,039,155013,164,80,0,80,2
2020-05-19,Marin,041,260295,374,340,1,341,14
2020-05-19,Mariposa,043,17540,16,15,0,15,1
2020-05-19,Mendocino,045,87422,21,12,0,12,0
2020-05-19,Merced,047,269075,326,222,0,222,5
2020-05-19,Modoc,049,8938,0,0,0,0,0
2020-05-19,Mono,051,14174,36,33,0,33,1
2020-05-19,Monterey,053,433212,446,350,0,350,8
2020-05-19,Napa,055,140530,109,93,0,93,3
2020-05-19,Nevada,057,99092,42,41,1,42,1
2020-05-19,Orange,059,3164182,6940,4746,40,4786,90
2020-05-19,Placer,061,380077,202,177,0,177,8
2020-05-19,Plumas,063,18699,4,5,0,5,0
2020-05-19,Riverside,065,2383286,7116,5963,8,5971,265
2020-05-19,Sacramento,067,1510023,1319,1239,1,1240,57
2020-05-19,San Benito,069,59416,72,59,0,59,2
2020-05-19,San Bernardino,071,2135413,4820,3656,3,3659,158
2020-05-19,San Diego,073,3302833,7074,6028,0,6028,222
2020-05-19,San Francisco,075,870044,2388,2186,0,2186,37
2020-05-19,San Joaquin,077,732212,823,705,4,709,33
2020-05-19,San Luis Obispo,079,281455,299,245,1,246,1
2020-05-19,San Mateo,081,765935,2018,1704,2,1706,71
2020-05-19,Santa Barbara,083,443738,1838,1521,4,1525,10
2020-05-19,Santa Clara,085,1922200,2944,2480,4,2484,138
2020-05-19,Santa Cruz,087,273765,188,161,0,161,3
2020-05-19,Shasta,089,179085,48,34,0,34,4
2020-05-19,Sierra,091,2930,0,0,0,0,0
2020-05-19,Siskiyou,093,43540,6,6,0,6,0
2020-05-19,Solano,095,438530,505,415,0,415,4
2020-05-19,Sonoma,097,501317,497,389,0,389,4
2020-05-19,Stanislaus,099,539301,669,582,4,586,25
2020-05-19,Sutter,101,95872,40,38,0,38,2
2020-05-19,Tehama,103,63373,4,2,0,2,1
2020-05-19,Trinity,105,12862,2,1,0,1,0
2020-05-19,Tulare,107,460477,2006,1551,4,1555,68
2020-05-19,Tuolumne,109,53932,3,2,0,2,0
2020-05-19,Ventura,111,848112,1211,861,2,863,28
2020-05-19,Yolo,113,214977,201,183,0,183,22
2020-05-19,Yuba,115,75493,26,23,0,23,1
2020-05-18,Alameda,001,1643700,2973,2442,0,2442,84
2020-05-18,Alpine,003,1148,1,1,0,1,0
2020-05-18,Amador,005,37829,10,8,0,8,0
2020-05-18,Butte,007,227075,49,24,1,25,0
2020-05-18,Calaveras,009,45235,14,13,0,13,0
2020-05-18,Colusa,011,21464,5,3,0,3,0
2020-05-18,Contra Costa,013,1133247,1360,1173,0,1173,33
2020-05-18,Del Norte,015,27424,23,8,0,8,0
2020-05-18,El Dorado,017,186661,85,67,0,67,0
2020-05-18,Fresno,019,978130,2333,1244,32,1276,14
2020-05-18,Glenn,021,27897,13,11,0,11,0
2020-05-18,Humboldt,023,135768,101,70,0,70,0
2020-05-18,Imperial,025,180216,1901,767,5,772,14
2020-05-18,Inyo,027,18085,19,20,0,20,1
2020-05-18,Kern,029,883053,2043,1566,3,1569,26
2020-05-18,Kings,031,150075,532,381,2,383,2
2020-05-18,Lake,033,64148,13,9,0,9,0
2020-05-18,Lassen,035,31185,2,0,2,2,0
2020-05-18,Los Angeles,037,10098052,48029,38477,20,38497,1825
2020-05-18,Madera,039,155013,158,74,0,74,2
2020-05-18,Marin,041,260295,361,329,1,330,14
2020-05-18,Mariposa,043,17540,16,15,0,15,1
2020-05-18,Mendocino,045,87422,16,12,0,12,0
2020-05-18,Merced,047,269075,316,217,0,217,5
2020-05-18,Modoc,049,8938,0,0,0,0,0
2020-05-18,Mono,051,14174,36,33,0,33,1
2020-05-18,Monterey,053,433212,435,345,0,345,8
2020-05-18,Napa,055,140530,105,92,0,92,3
2020-05-18,Nevada,057,99092,42,41,1,42,1
2020-05-18,Orange,059,3164182,6749,4558,37,4595,88
2020-05-18,Placer,061,380077,200,176,0,176,8
2020-05-18,Plumas,063,18699,4,5,0,5,0
2020-05-18,Riverside,065,2383286,6916,5873,8,5881,253
2020-05-18,Sacramento,067,1510023,1313,1233,0,1233,57
2020-05-18,San Benito,069,59416,70,59,0,59,2
2020-05-18,San Bernardino,071,2135413,4673,3558,3,3561,156
2020-05-18,San Diego,073,3302833,6941,5948,0,5948,211
2020-05-18,San Francisco,075,870044,2365,2183,0,2183,36
2020-05-18,San Joaquin,077,732212,811,697,4,701,33
2020-05-18,San Luis Obispo,079,281455,295,243,1,244,1
2020-05-18,San Mateo,081,765935,1980,1701,2,1703,68
2020-05-18,Santa Barbara,083,443738,1821,1501,4,1505,10
2020-05-18,Santa Clara,085,1922200,2913,2468,4,2472,137
2020-05-18,Santa Cruz,087,273765,186,160,0,160,3
2020-05-18,Shasta,089,179085,47,34,0,34,4
2020-05-18,Sierra,091,2930,0,0,0,0,0
2020-05-18,Siskiyou,093,43540,6,6,0,6,0
2020-05-18,Solano,095,438530,495,398,0,398,4
2020-05-18,Sonoma,097,501317,479,387,0,387,4
2020-05-18,Stanislaus,099,539301,657,572,4,576,25
2020-05-18,Sutter,101,95872,40,38,0,38,2
2020-05-18,Tehama,103,63373,4,2,0,2,1
2020-05-18,Trinity,105,12862,2,1,0,1,0
2020-05-18,Tulare,107,460477,1961,1491,4,1495,63
2020-05-18,Tuolumne,109,53932,3,2,0,2,0
2020-05-18,Ventura,111,848112,1189,850,1,851,27
2020-05-18,Yolo,113,214977,196,183,0,183,22
2020-05-18,Yuba,115,75493,26,23,0,23,1
2020-05-17,Alameda,001,1643700,2878,2389,0,2389,83
2020-05-17,Alpine,003,1148,1,1,0,1,0
2020-05-17,Amador,005,37829,10,8,0,8,0
2020-05-17,Butte,007,227075,48,23,1,24,0
2020-05-17,Calaveras,009,45235,14,13,0,13,0
2020-05-17,Colusa,011,21464,3,3,0,3,0
2020-05-17,Contra Costa,013,1133247,1321,1155,0,1155,33
2020-05-17,Del Norte,015,27424,23,7,0,7,0
2020-05-17,El Dorado,017,186661,85,65,0,65,0
2020-05-17,Fresno,019,978130,2232,1213,29,1242,14
2020-05-17,Glenn,021,27897,13,9,0,9,0
2020-05-17,Humboldt,023,135768,94,70,0,70,0
2020-05-17,Imperial,025,180216,1752,715,5,720,14
2020-05-17,Inyo,027,18085,19,20,0,20,1
2020-05-17,Kern,029,883053,1965,1546,3,1549,26
2020-05-17,Kings,031,150075,485,356,2,358,2
2020-05-17,Lake,033,64148,13,7,0,7,0
2020-05-17,Lassen,035,31185,2,0,2,2,0
2020-05-17,Los Angeles,037,10098052,46791,37996,20,38016,1807
2020-05-17,Madera,039,155013,156,69,0,69,2
2020-05-17,Marin,041,260295,350,315,1,316,14
2020-05-17,Mariposa,043,17540,15,15,0,15,1
2020-05-17,Mendocino,045,87422,15,10,0,10,0
2020-05-17,Merced,047,269075,305,214,0,214,5
2020-05-17,Modoc,049,8938,0,0,0,0,0
2020-05-17,Mono,051,14174,36,32,0,32,1
2020-05-17,Monterey,053,433212,415,342,0,342,8
2020-05-17,Napa,055,140530,102,89,0,89,3
2020-05-17,Nevada,057,99092,42,41,1,42,1
2020-05-17,Orange,059,3164182,6569,4466,36,4502,88
2020-05-17,Placer,061,380077,194,175,0,175,8
2020-05-17,Plumas,063,18699,4,4,0,4,0
2020-05-17,Riverside,065,2383286,6743,5776,8,5784,245
2020-05-17,Sacramento,067,1510023,1302,1224,0,1224,56
2020-05-17,San Benito,069,59416,69,59,0,59,2
2020-05-17,San Bernardino,071,2135413,4523,3467,3,3470,155
2020-05-17,San Diego,073,3302833,6809,5838,0,5838,209
2020-05-17,San Francisco,075,870044,2338,2132,0,2132,36
2020-05-17,San Joaquin,077,732212,781,688,4,692,32
2020-05-17,San Luis Obispo,079,281455,293,242,1,243,1
2020-05-17,San Mateo,081,765935,1943,1680,2,1682,68
2020-05-17,Santa Barbara,083,443738,1794,1457,4,1461,10
2020-05-17,Santa Clara,085,1922200,2875,2453,4,2457,135
2020-05-17,Santa Cruz,087,273765,175,155,0,155,3
2020-05-17,Shasta,089,179085,46,34,0,34,4
2020-05-17,Sierra,091,2930,0,0,0,0,0
2020-05-17,Siskiyou,093,43540,6,6,0,6,0
2020-05-17,Solano,095,438530,483,392,0,392,4
2020-05-17,Sonoma,097,501317,458,376,0,376,4
2020-05-17,Stanislaus,099,539301,646,566,4,570,25
2020-05-17,Sutter,101,95872,39,38,0,38,2
2020-05-17,Tehama,103,63373,3,2,0,2,1
2020-05-17,Trinity,105,12862,1,1,0,1,0
2020-05-17,Tulare,107,460477,1895,1430,3,1433,63
2020-05-17,Tuolumne,109,53932,3,2,0,2,0
2020-05-17,Ventura,111,848112,1147,838,1,839,27
2020-05-17,Yolo,113,214977,194,182,0,182,22
2020-05-17,Yuba,115,75493,26,21,0,21,1
2020-05-16,Alameda,001,1643700,2828,2327,0,2327,83
2020-05-16,Alpine,003,1148,1,1,0,1,0
2020-05-16,Amador,005,37829,10,8,0,8,0
2020-05-16,Butte,007,227075,43,22,1,23,0
2020-05-16,Calaveras,009,45235,14,13,0,13,0
2020-05-16,Colusa,011,21464,3,3,0,3,0
2020-05-16,Contra Costa,013,1133247,1303,1136,0,1136,33
2020-05-16,Del Norte,015,27424,19,4,0,4,0
2020-05-16,El Dorado,017,186661,85,65,0,65,0
2020-05-16,Fresno,019,978130,2177,1177,29,1206,14
2020-05-16,Glenn,021,27897,13,9,0,9,0
2020-05-16,Humboldt,023,135768,92,69,0,69,0
2020-05-16,Imperial,025,180216,1688,712,5,717,14
2020-05-16,Inyo,027,18085,19,20,0,20,1
2020-05-16,Kern,029,883053,1929,1509,3,1512,26
2020-05-16,Kings,031,150075,476,356,2,358,2
2020-05-16,Lake,033,64148,13,7,0,7,0
2020-05-16,Lassen,035,31185,1,0,2,2,0
2020-05-16,Los Angeles,037,10098052,46214,37352,20,37372,1778
2020-05-16,Madera,039,155013,154,70,0,70,2
2020-05-16,Marin,041,260295,346,297,1,298,14
2020-05-16,Mariposa,043,17540,15,15,0,15,1
2020-05-16,Mendocino,045,87422,15,10,0,10,0
2020-05-16,Merced,047,269075,303,201,0,201,5
2020-05-16,Modoc,049,8938,0,0,0,0,0
2020-05-16,Mono,051,14174,36,32,0,32,1
2020-05-16,Monterey,053,433212,400,329,0,329,8
2020-05-16,Napa,055,140530,102,86,0,86,3
2020-05-16,Nevada,057,99092,42,41,1,42,1
2020-05-16,Orange,059,3164182,6493,4396,36,4432,87
2020-05-16,Placer,061,380077,192,174,0,174,8
2020-05-16,Plumas,063,18699,4,4,0,4,0
2020-05-16,Riverside,065,2383286,6657,5633,8,5641,243
2020-05-16,Sacramento,067,1510023,1295,1209,0,1209,55
2020-05-16,San Benito,069,59416,64,58,0,58,2
2020-05-16,San Bernardino,071,2135413,4451,3362,3,3365,155
2020-05-16,San Diego,073,3302833,6723,5664,0,5664,209
2020-05-16,San Francisco,075,870044,2315,2094,0,2094,36
2020-05-16,San Joaquin,077,732212,773,668,4,672,32
2020-05-16,San Luis Obispo,079,281455,292,240,1,241,1
2020-05-16,San Mateo,081,765935,1928,1652,2,1654,68
2020-05-16,Santa Barbara,083,443738,1782,1422,3,1425,10
2020-05-16,Santa Clara,085,1922200,2860,2420,3,2423,135
2020-05-16,Santa Cruz,087,273765,172,154,0,154,3
2020-05-16,Shasta,089,179085,46,33,0,33,4
2020-05-16,Sierra,091,2930,0,0,0,0,0
2020-05-16,Siskiyou,093,43540,6,6,0,6,0
2020-05-16,Solano,095,438530,478,392,0,392,4
2020-05-16,Sonoma,097,501317,445,356,0,356,4
2020-05-16,Stanislaus,099,539301,637,546,4,550,24
2020-05-16,Sutter,101,95872,39,35,0,35,2
2020-05-16,Tehama,103,63373,3,2,0,2,1
2020-05-16,Trinity,105,12862,1,1,0,1,0
2020-05-16,Tulare,107,460477,1877,1426,3,1429,63
2020-05-16,Tuolumne,109,53932,3,2,0,2,0
2020-05-16,Ventura,111,848112,1122,813,1,814,25
2020-05-16,Yolo,113,214977,193,181,0,181,22
2020-05-16,Yuba,115,75493,26,21,0,21,1
2020-05-15,Alameda,001,1643700,2794,2289,0,2289,83
2020-05-15,Alpine,003,1148,1,1,0,1,0
2020-05-15,Amador,005,37829,10,8,0,8,0
2020-05-15,Butte,007,227075,41,22,1,23,0
2020-05-15,Calaveras,009,45235,14,13,0,13,0
2020-05-15,Colusa,011,21464,3,3,0,3,0
2020-05-15,Contra Costa,013,1133247,1285,1106,0,1106,33
2020-05-15,Del Norte,015,27424,14,4,0,4,0
2020-05-15,El Dorado,017,186661,85,64,0,64,0
2020-05-15,Fresno,019,978130,2111,1126,29,1155,14
2020-05-15,Glenn,021,27897,13,9,0,9,0
2020-05-15,Humboldt,023,135768,91,60,0,60,0
2020-05-15,Imperial,025,180216,1605,680,1,681,14
2020-05-15,Inyo,027,18085,19,20,0,20,1
2020-05-15,Kern,029,883053,1873,1472,3,1475,25
2020-05-15,Kings,031,150075,473,347,2,349,2
2020-05-15,Lake,033,64148,13,7,0,7,0
2020-05-15,Lassen,035,31185,1,0,2,2,0
2020-05-15,Los Angeles,037,10098052,45428,36317,20,36337,1734
2020-05-15,Madera,039,155013,153,71,0,71,2
2020-05-15,Marin,041,260295,338,295,1,296,14
2020-05-15,Mariposa,043,17540,15,15,0,15,1
2020-05-15,Mendocino,045,87422,15,10,0,10,0
2020-05-15,Merced,047,269075,300,191,0,191,5
2020-05-15,Modoc,049,8938,0,0,0,0,0
2020-05-15,Mono,051,14174,36,31,0,31,1
2020-05-15,Monterey,053,433212,394,321,0,321,8
2020-05-15,Napa,055,140530,102,83,0,83,3
2020-05-15,Nevada,057,99092,42,41,1,42,1
2020-05-15,Orange,059,3164182,6322,4281,36,4317,87
2020-05-15,Placer,061,380077,190,174,0,174,8
2020-05-15,Plumas,063,18699,4,4,0,4,0
2020-05-15,Riverside,065,2383286,6543,5496,8,5504,233
2020-05-15,Sacramento,067,1510023,1285,1203,0,1203,55
2020-05-15,San Benito,069,59416,61,57,0,57,2
2020-05-15,San Bernardino,071,2135413,4373,3225,3,3228,153
2020-05-15,San Diego,073,3302833,6616,5525,0,5525,208
2020-05-15,San Francisco,075,870044,2299,2062,0,2062,36
2020-05-15,San Joaquin,077,732212,767,656,4,660,32
2020-05-15,San Luis Obispo,079,281455,291,237,1,238,1
2020-05-15,San Mateo,081,765935,1906,1612,2,1614,68
2020-05-15,Santa Barbara,083,443738,1767,1409,3,1412,10
2020-05-15,Santa Clara,085,1922200,2833,2395,3,2398,135
2020-05-15,Santa Cruz,087,273765,171,146,0,146,3
2020-05-15,Shasta,089,179085,45,33,0,33,4
2020-05-15,Sierra,091,2930,0,0,0,0,0
2020-05-15,Siskiyou,093,43540,5,5,0,5,0
2020-05-15,Solano,095,438530,474,388,0,388,4
2020-05-15,Sonoma,097,501317,437,349,0,349,4
2020-05-15,Stanislaus,099,539301,630,540,4,544,23
2020-05-15,Sutter,101,95872,38,35,0,35,2
2020-05-15,Tehama,103,63373,3,1,0,1,1
2020-05-15,Trinity,105,12862,1,1,0,1,0
2020-05-15,Tulare,107,460477,1850,1356,3,1359,61
2020-05-15,Tuolumne,109,53932,3,2,0,2,0
2020-05-15,Ventura,111,848112,1105,789,0,789,25
2020-05-15,Yolo,113,214977,192,182,0,182,22
2020-05-15,Yuba,115,75493,26,21,0,21,1
2020-05-14,Alameda,001,1643700,2701,2255,0,2255,80
2020-05-14,Alpine,003,1148,1,1,0,1,0
2020-05-14,Amador,005,37829,10,8,0,8,0
2020-05-14,Butte,007,227075,39,22,1,23,0
2020-05-14,Calaveras,009,45235,14,13,0,13,0
2020-05-14,Colusa,011,21464,3,3,0,3,0
2020-05-14,Contra Costa,013,1133247,1259,1090,0,1090,32
2020-05-14,Del Norte,015,27424,14,4,0,4,0
2020-05-14,El Dorado,017,186661,76,59,0,59,0
2020-05-14,Fresno,019,978130,2055,1038,26,1064,12
2020-05-14,Glenn,021,27897,12,8,0,8,0
2020-05-14,Humboldt,023,135768,89,59,0,59,0
2020-05-14,Imperial,025,180216,1488,652,1,653,13
2020-05-14,Inyo,027,18085,19,20,0,20,1
2020-05-14,Kern,029,883053,1831,1430,3,1433,21
2020-05-14,Kings,031,150075,457,342,2,344,1
2020-05-14,Lake,033,64148,13,7,0,7,0
2020-05-14,Lassen,035,31185,1,0,2,2,0
2020-05-14,Los Angeles,037,10098052,44253,35427,20,35447,1693
2020-05-14,Madera,039,155013,144,69,0,69,2
2020-05-14,Marin,041,260295,320,283,1,284,14
2020-05-14,Mariposa,043,17540,15,15,0,15,0
2020-05-14,Mendocino,045,87422,14,10,0,10,0
2020-05-14,Merced,047,269075,290,182,0,182,3
2020-05-14,Modoc,049,8938,0,0,0,0,0
2020-05-14,Mono,051,14174,36,31,0,31,1
2020-05-14,Monterey,053,433212,384,317,0,317,7
2020-05-14,Napa,055,140530,100,83,0,83,3
2020-05-14,Nevada,057,99092,41,41,1,42,1
2020-05-14,Orange,059,3164182,6146,4163,34,4197,83
2020-05-14,Placer,061,380077,190,172,0,172,8
2020-05-14,Plumas,063,18699,4,4,0,4,0
2020-05-14,Riverside,065,2383286,6360,5339,8,5347,224
2020-05-14,Sacramento,067,1510023,1273,1181,0,1181,55
2020-05-14,San Benito,069,59416,59,56,0,56,2
2020-05-14,San Bernardino,071,2135413,4195,3149,3,3152,149
2020-05-14,San Diego,073,3302833,6482,5393,0,5393,200
2020-05-14,San Francisco,075,870044,2266,2029,0,2029,36
2020-05-14,San Joaquin,077,732212,752,643,4,647,31
2020-05-14,San Luis Obispo,079,281455,288,236,1,237,1
2020-05-14,San Mateo,081,765935,1874,1588,2,1590,67
2020-05-14,Santa Barbara,083,443738,1749,1395,3,1398,11
2020-05-14,Santa Clara,085,1922200,2811,2380,3,2383,134
2020-05-14,Santa Cruz,087,273765,169,145,0,145,3
2020-05-14,Shasta,089,179085,45,33,0,33,4
2020-05-14,Sierra,091,2930,0,0,0,0,0
2020-05-14,Siskiyou,093,43540,5,5,0,5,0
2020-05-14,Solano,095,438530,465,372,0,372,4
2020-05-14,Sonoma,097,501317,420,333,0,333,4
2020-05-14,Stanislaus,099,539301,611,533,4,537,23
2020-05-14,Sutter,101,95872,38,34,0,34,2
2020-05-14,Tehama,103,63373,3,1,0,1,1
2020-05-14,Trinity,105,12862,1,1,0,1,0
2020-05-14,Tulare,107,460477,1817,1317,3,1320,55
2020-05-14,Tuolumne,109,53932,3,2,0,2,0
2020-05-14,Ventura,111,848112,1077,760,0,760,25
2020-05-14,Yolo,113,214977,192,180,0,180,22
2020-05-14,Yuba,115,75493,26,21,0,21,1
2020-05-13,Alameda,001,1643700,2643,2181,0,2181,78
2020-05-13,Alpine,003,1148,1,1,0,1,0
2020-05-13,Amador,005,37829,10,8,0,8,0
2020-05-13,Butte,007,227075,39,21,1,22,0
2020-05-13,Calaveras,009,45235,14,13,0,13,0
2020-05-13,Colusa,011,21464,3,3,0,3,0
2020-05-13,Contra Costa,013,1133247,1237,1082,0,1082,32
2020-05-13,Del Norte,015,27424,13,4,0,4,0
2020-05-13,El Dorado,017,186661,75,58,0,58,0
2020-05-13,Fresno,019,978130,1963,993,26,1019,10
2020-05-13,Glenn,021,27897,11,6,0,6,0
2020-05-13,Humboldt,023,135768,83,58,0,58,0
2020-05-13,Imperial,025,180216,1418,610,1,611,11
2020-05-13,Inyo,027,18085,19,20,0,20,1
2020-05-13,Kern,029,883053,1786,1390,3,1393,19
2020-05-13,Kings,031,150075,444,314,2,316,1
2020-05-13,Lake,033,64148,13,7,0,7,0
2020-05-13,Lassen,035,31185,1,0,2,2,0
2020-05-13,Los Angeles,037,10098052,42947,34574,20,34594,1643
2020-05-13,Madera,039,155013,135,69,0,69,2
2020-05-13,Marin,041,260295,307,278,1,279,14
2020-05-13,Mariposa,043,17540,15,15,0,15,0
2020-05-13,Mendocino,045,87422,14,10,0,10,0
2020-05-13,Merced,047,269075,287,176,0,176,3
2020-05-13,Modoc,049,8938,0,0,0,0,0
2020-05-13,Mono,051,14174,35,31,0,31,1
2020-05-13,Monterey,053,433212,374,309,0,309,6
2020-05-13,Napa,055,140530,100,81,0,81,3
2020-05-13,Nevada,057,99092,41,41,1,42,1
2020-05-13,Orange,059,3164182,5900,4025,32,4057,79
2020-05-13,Placer,061,380077,189,170,0,170,8
2020-05-13,Plumas,063,18699,4,4,0,4,0
2020-05-13,Riverside,065,2383286,6237,5204,8,5212,216
2020-05-13,Sacramento,067,1510023,1258,1173,0,1173,53
2020-05-13,San Benito,069,59416,59,55,0,55,2
2020-05-13,San Bernardino,071,2135413,3940,3064,2,3066,140
2020-05-13,San Diego,073,3302833,6346,5280,0,5280,194
2020-05-13,San Francisco,075,870044,2238,2004,0,2004,35
2020-05-13,San Joaquin,077,732212,731,639,3,642,31
2020-05-13,San Luis Obispo,079,281455,286,231,1,232,1
2020-05-13,San Mateo,081,765935,1842,1550,2,1552,66
2020-05-13,Santa Barbara,083,443738,1733,1382,3,1385,10
2020-05-13,Santa Clara,085,1922200,2792,2370,3,2373,132
2020-05-13,Santa Cruz,087,273765,165,142,0,142,2
2020-05-13,Shasta,089,179085,45,32,0,32,4
2020-05-13,Sierra,091,2930,0,0,0,0,0
2020-05-13,Siskiyou,093,43540,5,5,0,5,0
2020-05-13,Solano,095,438530,452,368,0,368,4
2020-05-13,Sonoma,097,501317,410,330,0,330,4
2020-05-13,Stanislaus,099,539301,602,521,4,525,15
2020-05-13,Sutter,101,95872,38,33,0,33,2
2020-05-13,Tehama,103,63373,3,1,0,1,1
2020-05-13,Trinity,105,12862,1,2,0,2,0
2020-05-13,Tulare,107,460477,1784,1283,3,1286,54
2020-05-13,Tuolumne,109,53932,3,2,0,2,0
2020-05-13,Ventura,111,848112,1050,742,0,742,25
2020-05-13,Yolo,113,214977,190,178,0,178,22
2020-05-13,Yuba,115,75493,24,19,0,19,1
2020-05-12,Alameda,001,1643700,2580,2146,0,2146,74
2020-05-12,Alpine,003,1148,1,1,0,1,0
2020-05-12,Amador,005,37829,10,8,0,8,0
2020-05-12,Butte,007,227075,37,20,1,21,0
2020-05-12,Calaveras,009,45235,13,13,0,13,0
2020-05-12,Colusa,011,21464,3,3,0,3,0
2020-05-12,Contra Costa,013,1133247,1206,1067,0,1067,32
2020-05-12,Del Norte,015,27424,10,3,0,3,0
2020-05-12,El Dorado,017,186661,72,56,0,56,0
2020-05-12,Fresno,019,978130,1880,978,26,1004,9
2020-05-12,Glenn,021,27897,10,6,0,6,0
2020-05-12,Humboldt,023,135768,80,58,0,58,0
2020-05-12,Imperial,025,180216,1287,602,1,603,9
2020-05-12,Inyo,027,18085,19,20,0,20,1
2020-05-12,Kern,029,883053,1745,1363,3,1366,18
2020-05-12,Kings,031,150075,423,302,2,304,1
2020-05-12,Lake,033,64148,13,7,0,7,0
2020-05-12,Lassen,035,31185,1,0,2,2,0
2020-05-12,Los Angeles,037,10098052,41952,33281,19,33300,1601
2020-05-12,Madera,039,155013,131,69,0,69,2
2020-05-12,Marin,041,260295,302,274,1,275,14
2020-05-12,Mariposa,043,17540,15,15,0,15,0
2020-05-12,Mendocino,045,87422,14,10,0,10,0
2020-05-12,Merced,047,269075,276,175,0,175,3
2020-05-12,Modoc,049,8938,0,0,0,0,0
2020-05-12,Mono,051,14174,35,31,0,31,1
2020-05-12,Monterey,053,433212,367,298,0,298,6
2020-05-12,Napa,055,140530,98,80,0,80,3
2020-05-12,Nevada,057,99092,41,41,1,42,1
2020-05-12,Orange,059,3164182,5718,3843,30,3873,78
2020-05-12,Placer,061,380077,188,170,0,170,8
2020-05-12,Plumas,063,18699,4,4,0,4,0
2020-05-12,Riverside,065,2383286,6115,5134,8,5142,210
2020-05-12,Sacramento,067,1510023,1238,1166,0,1166,52
2020-05-12,San Benito,069,59416,59,55,0,55,2
2020-05-12,San Bernardino,071,2135413,3789,2997,2,2999,131
2020-05-12,San Diego,073,3302833,6202,3,0,3,0
2020-05-12,San Francisco,075,870044,2203,1981,0,1981,35
2020-05-12,San Joaquin,077,732212,716,625,3,628,30
2020-05-12,San Luis Obispo,079,281455,283,226,1,227,1
2020-05-12,San Mateo,081,765935,1816,1533,2,1535,66
2020-05-12,Santa Barbara,083,443738,1693,1377,3,1380,10
2020-05-12,Santa Clara,085,1922200,2762,2362,3,2365,131
2020-05-12,Santa Cruz,087,273765,163,141,0,141,2
2020-05-12,Shasta,089,179085,44,33,0,33,4
2020-05-12,Sierra,091,2930,0,0,0,0,0
2020-05-12,Siskiyou,093,43540,5,5,0,5,0
2020-05-12,Solano,095,438530,444,361,0,361,4
2020-05-12,Sonoma,097,501317,387,308,0,308,4
2020-05-12,Stanislaus,099,539301,595,515,4,519,15
2020-05-12,Sutter,101,95872,38,33,0,33,2
2020-05-12,Tehama,103,63373,3,1,0,1,1
2020-05-12,Trinity,105,12862,1,1,0,1,0
2020-05-12,Tulare,107,460477,1754,1261,2,1263,52
2020-05-12,Tuolumne,109,53932,3,2,0,2,0
2020-05-12,Ventura,111,848112,1013,718,0,718,20
2020-05-12,Yolo,113,214977,189,176,0,176,22
2020-05-12,Yuba,115,75493,24,19,0,19,1
2020-05-11,Alameda,001,1643700,2530,2103,0,2103,71
2020-05-11,Alpine,003,1148,1,1,0,1,0
2020-05-11,Amador,005,37829,10,8,0,8,0
2020-05-11,Butte,007,227075,36,19,1,20,0
2020-05-11,Calaveras,009,45235,13,13,0,13,0
2020-05-11,Colusa,011,21464,3,3,0,3,0
2020-05-11,Contra Costa,013,1133247,1192,1052,0,1052,32
2020-05-11,Del Norte,015,27424,8,3,0,3,0
2020-05-11,El Dorado,017,186661,72,55,0,55,0
2020-05-11,Fresno,019,978130,1793,937,24,961,8
2020-05-11,Glenn,021,27897,10,6,0,6,0
2020-05-11,Humboldt,023,135768,77,56,0,56,0
2020-05-11,Imperial,025,180216,1181,562,1,563,9
2020-05-11,Inyo,027,18085,19,20,0,20,1
2020-05-11,Kern,029,883053,1693,1331,3,1334,17
2020-05-11,Kings,031,150075,400,289,1,290,1
2020-05-11,Lake,033,64148,12,7,0,7,0
2020-05-11,Lassen,035,31185,1,0,2,2,0
2020-05-11,Los Angeles,037,10098052,40773,32279,19,32298,1553
2020-05-11,Madera,039,155013,123,68,0,68,2
2020-05-11,Marin,041,260295,293,271,1,272,14
2020-05-11,Mariposa,043,17540,15,15,0,15,0
2020-05-11,Mendocino,045,87422,14,10,0,10,0
2020-05-11,Merced,047,269075,261,158,0,158,3
2020-05-11,Modoc,049,8938,0,0,0,0,0
2020-05-11,Mono,051,14174,35,30,0,30,1
2020-05-11,Monterey,053,433212,364,286,0,286,6
2020-05-11,Napa,055,140530,92,79,0,79,2
2020-05-11,Nevada,057,99092,41,41,1,42,1
2020-05-11,Orange,059,3164182,5511,3699,25,3724,77
2020-05-11,Placer,061,380077,188,170,0,170,8
2020-05-11,Plumas,063,18699,4,4,0,4,0
2020-05-11,Riverside,065,2383286,5958,5082,8,5090,203
2020-05-11,Sacramento,067,1510023,1223,1160,0,1160,52
2020-05-11,San Benito,069,59416,57,52,0,52,2
2020-05-11,San Bernardino,071,2135413,3679,2945,2,2947,124
2020-05-11,San Diego,073,3302833,6049,5067,0,5067,175
2020-05-11,San Francisco,075,870044,2156,1974,0,1974,35
2020-05-11,San Joaquin,077,732212,706,620,3,623,30
2020-05-11,San Luis Obispo,079,281455,281,224,1,225,1
2020-05-11,San Mateo,081,765935,1790,1499,2,1501,66
2020-05-11,Santa Barbara,083,443738,1672,1372,3,1375,10
2020-05-11,Santa Clara,085,1922200,2746,2340,3,2343,129
2020-05-11,Santa Cruz,087,273765,160,140,0,140,2
2020-05-11,Shasta,089,179085,44,31,0,31,4
2020-05-11,Sierra,091,2930,0,0,0,0,0
2020-05-11,Siskiyou,093,43540,5,5,0,5,0
2020-05-11,Solano,095,438530,439,354,0,354,4
2020-05-11,Sonoma,097,501317,377,303,0,303,3
2020-05-11,Stanislaus,099,539301,585,507,4,511,14
2020-05-11,Sutter,101,95872,37,32,0,32,2
2020-05-11,Tehama,103,63373,3,1,0,1,1
2020-05-11,Trinity,105,12862,1,1,0,1,0
2020-05-11,Tulare,107,460477,1705,1203,2,1205,49
2020-05-11,Tuolumne,109,53932,3,2,0,2,0
2020-05-11,Ventura,111,848112,969,698,0,698,19
2020-05-11,Yolo,113,214977,189,174,0,174,20
2020-05-11,Yuba,115,75493,24,18,0,18,1
2020-05-10,Alameda,001,1643700,2453,2047,0,2047,71
2020-05-10,Alpine,003,1148,1,1,0,1,0
2020-05-10,Amador,005,37829,10,8,0,8,0
2020-05-10,Butte,007,227075,32,18,1,19,0
2020-05-10,Calaveras,009,45235,13,13,0,13,0
2020-05-10,Colusa,011,21464,3,3,0,3,0
2020-05-10,Contra Costa,013,1133247,1178,1046,0,1046,31
2020-05-10,Del Norte,015,27424,7,3,0,3,0
2020-05-10,El Dorado,017,186661,72,55,0,55,0
2020-05-10,Fresno,019,978130,1711,894,24,918,8
2020-05-10,Glenn,021,27897,10,6,0,6,0
2020-05-10,Humboldt,023,135768,73,56,0,56,0
2020-05-10,Imperial,025,180216,1085,509,1,510,7
2020-05-10,Inyo,027,18085,19,20,0,20,1
2020-05-10,Kern,029,883053,1643,1300,2,1302,16
2020-05-10,Kings,031,150075,387,266,1,267,1
2020-05-10,Lake,033,64148,12,7,0,7,0
2020-05-10,Lassen,035,31185,1,0,2,2,0
2020-05-10,Los Angeles,037,10098052,39512,31711,19,31730,1514
2020-05-10,Madera,039,155013,121,65,0,65,2
2020-05-10,Marin,041,260295,285,267,1,268,14
2020-05-10,Mariposa,043,17540,15,15,0,15,0
2020-05-10,Mendocino,045,87422,13,10,0,10,0
2020-05-10,Merced,047,269075,246,154,0,154,3
2020-05-10,Modoc,049,8938,0,0,0,0,0
2020-05-10,Mono,051,14174,35,27,0,27,1
2020-05-10,Monterey,053,433212,350,282,0,282,6
2020-05-10,Napa,055,140530,86,79,0,79,2
2020-05-10,Nevada,057,99092,41,41,1,42,1
2020-05-10,Orange,059,3164182,5366,3627,25,3652,76
2020-05-10,Placer,061,380077,187,168,0,168,8
2020-05-10,Plumas,063,18699,4,4,0,4,0
2020-05-10,Riverside,065,2383286,5836,4951,8,4959,193
2020-05-10,Sacramento,067,1510023,1207,1152,0,1152,52
2020-05-10,San Benito,069,59416,57,52,0,52,2
2020-05-10,San Bernardino,071,2135413,3581,2910,2,2912,121
2020-05-10,San Diego,073,3302833,5897,4928,0,4928,175
2020-05-10,San Francisco,075,870044,2138,1953,0,1953,35
2020-05-10,San Joaquin,077,732212,691,611,3,614,29
2020-05-10,San Luis Obispo,079,281455,278,218,1,219,1
2020-05-10,San Mateo,081,765935,1768,1463,2,1465,65
2020-05-10,Santa Barbara,083,443738,1650,1323,3,1326,10
2020-05-10,Santa Clara,085,1922200,2722,2331,3,2334,129
2020-05-10,Santa Cruz,087,273765,159,139,0,139,2
2020-05-10,Shasta,089,179085,44,31,0,31,4
2020-05-10,Sierra,091,2930,0,0,0,0,0
2020-05-10,Siskiyou,093,43540,5,5,0,5,0
2020-05-10,Solano,095,438530,429,322,0,322,4
2020-05-10,Sonoma,097,501317,367,290,0,290,3
2020-05-10,Stanislaus,099,539301,578,498,4,502,14
2020-05-10,Sutter,101,95872,34,31,0,31,2
2020-05-10,Tehama,103,63373,3,1,0,1,1
2020-05-10,Trinity,105,12862,1,1,0,1,0
2020-05-10,Tulare,107,460477,1637,1143,2,1145,47
2020-05-10,Tuolumne,109,53932,3,2,0,2,0
2020-05-10,Ventura,111,848112,921,690,0,690,19
2020-05-10,Yolo,113,214977,189,173,0,173,20
2020-05-10,Yuba,115,75493,23,17,0,17,1
2020-05-09,Alameda,001,1643700,2410,2011,0,2011,71
2020-05-09,Alpine,003,1148,1,1,0,1,0
2020-05-09,Amador,005,37829,9,8,0,8,0
2020-05-09,Butte,007,227075,31,18,1,19,0
2020-05-09,Calaveras,009,45235,13,13,0,13,0
2020-05-09,Colusa,011,21464,3,3,0,3,0
2020-05-09,Contra Costa,013,1133247,1164,1039,0,1039,31
2020-05-09,Del Norte,015,27424,7,3,0,3,0
2020-05-09,El Dorado,017,186661,69,54,0,54,0
2020-05-09,Fresno,019,978130,1673,861,23,884,8
2020-05-09,Glenn,021,27897,9,6,0,6,0
2020-05-09,Humboldt,023,135768,71,55,0,55,0
2020-05-09,Imperial,025,180216,1029,474,1,475,7
2020-05-09,Inyo,027,18085,19,20,0,20,1
2020-05-09,Kern,029,883053,1607,1262,1,1263,15
2020-05-09,Kings,031,150075,382,264,1,265,1
2020-05-09,Lake,033,64148,12,7,0,7,0
2020-05-09,Lassen,035,31185,1,0,2,2,0
2020-05-09,Los Angeles,037,10098052,38890,31268,19,31287,1499
2020-05-09,Madera,039,155013,120,61,0,61,2
2020-05-09,Marin,041,260295,284,261,1,262,14
2020-05-09,Mariposa,043,17540,15,15,0,15,0
2020-05-09,Mendocino,045,87422,13,10,0,10,0
2020-05-09,Merced,047,269075,242,153,0,153,3
2020-05-09,Modoc,049,8938,0,0,0,0,0
2020-05-09,Mono,051,14174,35,27,0,27,1
2020-05-09,Monterey,053,433212,343,273,0,273,6
2020-05-09,Napa,055,140530,85,78,0,78,2
2020-05-09,Nevada,057,99092,41,41,1,42,1
2020-05-09,Orange,059,3164182,5284,3506,24,3530,75
2020-05-09,Placer,061,380077,186,168,0,168,8
2020-05-09,Plumas,063,18699,4,4,0,4,0
2020-05-09,Riverside,065,2383286,5742,4871,8,4879,183
2020-05-09,Sacramento,067,1510023,1203,1150,0,1150,52
2020-05-09,San Benito,069,59416,56,52,0,52,2
2020-05-09,San Bernardino,071,2135413,3525,2825,2,2827,121
2020-05-09,San Diego,073,3302833,5785,4778,0,4778,175
2020-05-09,San Francisco,075,870044,2123,1944,0,1944,34
2020-05-09,San Joaquin,077,732212,682,605,3,608,28
2020-05-09,San Luis Obispo,079,281455,274,213,1,214,1
2020-05-09,San Mateo,081,765935,1749,1453,2,1455,65
2020-05-09,Santa Barbara,083,443738,1637,1245,3,1248,10
2020-05-09,Santa Clara,085,1922200,2711,2317,3,2320,128
2020-05-09,Santa Cruz,087,273765,158,138,0,138,2
2020-05-09,Shasta,089,179085,44,31,0,31,4
2020-05-09,Sierra,091,2930,0,0,0,0,0
2020-05-09,Siskiyou,093,43540,5,5,0,5,0
2020-05-09,Solano,095,438530,423,321,0,321,4
2020-05-09,Sonoma,097,501317,363,288,0,288,3
2020-05-09,Stanislaus,099,539301,570,491,4,495,12
2020-05-09,Sutter,101,95872,34,31,0,31,2
2020-05-09,Tehama,103,63373,2,1,0,1,1
2020-05-09,Trinity,105,12862,1,1,0,1,0
2020-05-09,Tulare,107,460477,1609,1083,2,1085,47
2020-05-09,Tuolumne,109,53932,3,2,0,2,0
2020-05-09,Ventura,111,848112,900,679,0,679,19
2020-05-09,Yolo,113,214977,189,172,0,172,18
2020-05-09,Yuba,115,75493,23,17,0,17,1
2020-05-08,Alameda,001,1643700,2367,1955,0,1955,70
2020-05-08,Alpine,003,1148,1,1,0,1,0
2020-05-08,Amador,005,37829,9,8,0,8,0
2020-05-08,Butte,007,227075,31,18,1,19,0
2020-05-08,Calaveras,009,45235,13,13,0,13,0
2020-05-08,Colusa,011,21464,3,3,0,3,0
2020-05-08,Contra Costa,013,1133247,1152,1024,0,1024,29
2020-05-08,Del Norte,015,27424,7,3,0,3,0
2020-05-08,El Dorado,017,186661,68,54,0,54,0
2020-05-08,Fresno,019,978130,1636,838,22,860,8
2020-05-08,Glenn,021,27897,8,6,0,6,0
2020-05-08,Humboldt,023,135768,68,54,0,54,0
2020-05-08,Imperial,025,180216,983,467,1,468,7
2020-05-08,Inyo,027,18085,19,20,0,20,1
2020-05-08,Kern,029,883053,1576,1214,1,1215,13
2020-05-08,Kings,031,150075,373,236,1,237,1
2020-05-08,Lake,033,64148,12,7,0,7,0
2020-05-08,Lassen,035,31185,1,0,2,2,0
2020-05-08,Los Angeles,037,10098052,38160,30357,19,30376,1447
2020-05-08,Madera,039,155013,117,57,0,57,2
2020-05-08,Marin,041,260295,284,257,1,258,14
2020-05-08,Mariposa,043,17540,15,15,0,15,0
2020-05-08,Mendocino,045,87422,13,10,0,10,0
2020-05-08,Merced,047,269075,241,151,0,151,3
2020-05-08,Modoc,049,8938,0,0,0,0,0
2020-05-08,Mono,051,14174,32,27,0,27,1
2020-05-08,Monterey,053,433212,335,265,0,265,6
2020-05-08,Napa,055,140530,84,78,0,78,2
2020-05-08,Nevada,057,99092,41,41,1,42,1
2020-05-08,Orange,059,3164182,5140,3395,24,3419,72
2020-05-08,Placer,061,380077,184,166,0,166,8
2020-05-08,Plumas,063,18699,4,4,0,4,0
2020-05-08,Riverside,065,2383286,5644,4672,7,4679,181
2020-05-08,Sacramento,067,1510023,1198,1145,0,1145,51
2020-05-08,San Benito,069,59416,56,51,0,51,2
2020-05-08,San Bernardino,071,2135413,3477,2631,2,2633,119
2020-05-08,San Diego,073,3302833,5678,4664,0,4664,169
2020-05-08,San Francisco,075,870044,2105,1890,0,1890,33
2020-05-08,San Joaquin,077,732212,675,595,3,598,28
2020-05-08,San Luis Obispo,079,281455,271,210,1,211,1
2020-05-08,San Mateo,081,765935,1664,1423,2,1425,62
2020-05-08,Santa Barbara,083,443738,1624,1054,2,1056,8
2020-05-08,Santa Clara,085,1922200,2688,2285,3,2288,128
2020-05-08,Santa Cruz,087,273765,154,137,0,137,2
2020-05-08,Shasta,089,179085,44,31,0,31,4
2020-05-08,Sierra,091,2930,0,0,0,0,0
2020-05-08,Siskiyou,093,43540,5,5,0,5,0
2020-05-08,Solano,095,438530,418,314,0,314,4
2020-05-08,Sonoma,097,501317,358,285,0,285,3
2020-05-08,Stanislaus,099,539301,556,487,4,491,12
2020-05-08,Sutter,101,95872,34,30,0,30,2
2020-05-08,Tehama,103,63373,2,1,0,1,1
2020-05-08,Trinity,105,12862,1,0,0,0,0
2020-05-08,Tulare,107,460477,1564,1050,2,1052,43
2020-05-08,Tuolumne,109,53932,3,2,0,2,0
2020-05-08,Ventura,111,848112,883,665,0,665,19
2020-05-08,Yolo,113,214977,188,172,0,172,18
2020-05-08,Yuba,115,75493,22,16,0,16,1
2020-05-07,Alameda,001,1643700,2307,1914,0,1914,68
2020-05-07,Alpine,003,1148,1,1,0,1,0
2020-05-07,Amador,005,37829,9,8,0,8,0
2020-05-07,Butte,007,227075,31,19,1,20,0
2020-05-07,Calaveras,009,45235,13,13,0,13,0
2020-05-07,Colusa,011,21464,3,3,0,3,0
2020-05-07,Contra Costa,013,1133247,1138,1005,0,1005,29
2020-05-07,Del Norte,015,27424,6,3,0,3,0
2020-05-07,El Dorado,017,186661,67,54,0,54,0
2020-05-07,Fresno,019,978130,1556,812,21,833,8
2020-05-07,Glenn,021,27897,8,5,0,5,0
2020-05-07,Humboldt,023,135768,67,54,0,54,0
2020-05-07,Imperial,025,180216,920,442,1,443,6
2020-05-07,Inyo,027,18085,19,20,0,20,1
2020-05-07,Kern,029,883053,1532,1176,1,1177,13
2020-05-07,Kings,031,150075,351,219,1,220,1
2020-05-07,Lake,033,64148,11,7,0,7,0
2020-05-07,Lassen,035,31185,1,0,2,2,0
2020-05-07,Los Angeles,037,10098052,37039,29544,19,29563,1399
2020-05-07,Madera,039,155013,113,54,0,54,2
2020-05-07,Marin,041,260295,277,252,1,253,14
2020-05-07,Mariposa,043,17540,15,15,0,15,0
2020-05-07,Mendocino,045,87422,13,10,0,10,0
2020-05-07,Merced,047,269075,233,146,0,146,3
2020-05-07,Modoc,049,8938,0,0,0,0,0
2020-05-07,Mono,051,14174,32,26,0,26,1
2020-05-07,Monterey,053,433212,327,249,0,249,6
2020-05-07,Napa,055,140530,84,78,0,78,2
2020-05-07,Nevada,057,99092,41,41,1,42,1
2020-05-07,Orange,059,3164182,4957,3283,23,3306,69
2020-05-07,Placer,061,380077,184,165,0,165,8
2020-05-07,Plumas,063,18699,4,4,0,4,0
2020-05-07,Riverside,065,2383286,5528,4608,7,4615,170
2020-05-07,Sacramento,067,1510023,1192,1139,0,1139,50
2020-05-07,San Benito,069,59416,56,50,0,50,2
2020-05-07,San Bernardino,071,2135413,3385,2522,2,2524,115
2020-05-07,San Diego,073,3302833,5521,4431,0,4431,165
2020-05-07,San Francisco,075,870044,2074,1852,0,1852,33
2020-05-07,San Joaquin,077,732212,662,583,3,586,28
2020-05-07,San Luis Obispo,079,281455,260,209,1,210,1
2020-05-07,San Mateo,081,765935,1642,1398,2,1400,58
2020-05-07,Santa Barbara,083,443738,1592,720,2,722,8
2020-05-07,Santa Clara,085,1922200,2651,2281,3,2284,127
2020-05-07,Santa Cruz,087,273765,151,136,0,136,2
2020-05-07,Shasta,089,179085,43,31,0,31,4
2020-05-07,Sierra,091,2930,0,0,0,0,0
2020-05-07,Siskiyou,093,43540,5,5,0,5,0
2020-05-07,Solano,095,438530,412,307,0,307,4
2020-05-07,Sonoma,097,501317,346,282,0,282,3
2020-05-07,Stanislaus,099,539301,547,466,4,470,10
2020-05-07,Sutter,101,95872,34,29,0,29,2
2020-05-07,Tehama,103,63373,2,1,0,1,1
2020-05-07,Trinity,105,12862,1,0,0,0,0
2020-05-07,Tulare,107,460477,1498,1001,2,1003,41
2020-05-07,Tuolumne,109,53932,3,2,0,2,0
2020-05-07,Ventura,111,848112,861,647,0,647,19
2020-05-07,Yolo,113,214977,187,172,0,172,18
2020-05-07,Yuba,115,75493,22,16,0,16,1
2020-05-06,Alameda,001,1643700,2269,1864,0,1864,67
2020-05-06,Alpine,003,1148,1,1,0,1,0
2020-05-06,Amador,005,37829,9,8,0,8,0
2020-05-06,Butte,007,227075,30,19,1,20,0
2020-05-06,Calaveras,009,45235,13,13,0,13,0
2020-05-06,Colusa,011,21464,3,3,0,3,0
2020-05-06,Contra Costa,013,1133247,1117,990,0,990,29
2020-05-06,Del Norte,015,27424,6,3,0,3,0
2020-05-06,El Dorado,017,186661,65,53,0,53,0
2020-05-06,Fresno,019,978130,1495,773,19,792,8
2020-05-06,Glenn,021,27897,8,3,0,3,0
2020-05-06,Humboldt,023,135768,66,54,0,54,0
2020-05-06,Imperial,025,180216,852,399,1,400,6
2020-05-06,Inyo,027,18085,19,20,0,20,1
2020-05-06,Kern,029,883053,1477,1112,1,1113,12
2020-05-06,Kings,031,150075,333,208,1,209,1
2020-05-06,Lake,033,64148,11,7,0,7,0
2020-05-06,Lassen,035,31185,1,0,2,2,0
2020-05-06,Los Angeles,037,10098052,36034,28687,19,28706,1347
2020-05-06,Madera,039,155013,111,55,0,55,2
2020-05-06,Marin,041,260295,270,244,1,245,14
2020-05-06,Mariposa,043,17540,15,14,0,14,0
2020-05-06,Mendocino,045,87422,13,10,0,10,0
2020-05-06,Merced,047,269075,226,140,0,140,3
2020-05-06,Modoc,049,8938,0,0,0,0,0
2020-05-06,Mono,051,14174,32,26,0,26,1
2020-05-06,Monterey,053,433212,319,246,0,246,6
2020-05-06,Napa,055,140530,83,78,0,78,2
2020-05-06,Nevada,057,99092,41,41,1,42,1
2020-05-06,Orange,059,3164182,4774,3156,22,3178,66
2020-05-06,Placer,061,380077,181,164,0,164,8
2020-05-06,Plumas,063,18699,4,4,0,4,0
2020-05-06,Riverside,065,2383286,5384,4535,7,4542,163
2020-05-06,Sacramento,067,1510023,1185,1135,0,1135,49
2020-05-06,San Benito,069,59416,55,50,0,50,2
2020-05-06,San Bernardino,071,2135413,3263,2426,1,2427,110
2020-05-06,San Diego,073,3302833,5388,4321,0,4321,158
2020-05-06,San Francisco,075,870044,2049,1804,0,1804,32
2020-05-06,San Joaquin,077,732212,649,581,3,584,28
2020-05-06,San Luis Obispo,079,281455,257,207,1,208,1
2020-05-06,San Mateo,081,765935,1611,1348,2,1350,57
2020-05-06,Santa Barbara,083,443738,1545,565,2,567,8
2020-05-06,Santa Clara,085,1922200,2635,2270,3,2273,127
2020-05-06,Santa Cruz,087,273765,147,135,0,135,2
2020-05-06,Shasta,089,179085,43,31,0,31,4
2020-05-06,Sierra,091,2930,0,0,0,0,0
2020-05-06,Siskiyou,093,43540,5,5,0,5,0
2020-05-06,Solano,095,438530,402,300,0,300,4
2020-05-06,Sonoma,097,501317,330,269,0,269,3
2020-05-06,Stanislaus,099,539301,531,434,4,438,9
2020-05-06,Sutter,101,95872,34,29,0,29,2
2020-05-06,Tehama,103,63373,2,1,0,1,1
2020-05-06,Trinity,105,12862,1,0,0,0,0
2020-05-06,Tulare,107,460477,1450,963,2,965,40
2020-05-06,Tuolumne,109,53932,3,2,0,2,0
2020-05-06,Ventura,111,848112,836,619,0,619,19
2020-05-06,Yolo,113,214977,186,172,0,172,18
2020-05-06,Yuba,115,75493,22,15,0,15,1
2020-05-05,Alameda,001,1643700,2226,1819,0,1819,67
2020-05-05,Alpine,003,1148,1,1,0,1,0
2020-05-05,Amador,005,37829,9,8,0,8,0
2020-05-05,Butte,007,227075,29,19,1,20,0
2020-05-05,Calaveras,009,45235,13,13,0,13,0
2020-05-05,Colusa,011,21464,3,3,0,3,0
2020-05-05,Contra Costa,013,1133247,1099,976,0,976,29
2020-05-05,Del Norte,015,27424,6,3,0,3,0
2020-05-05,El Dorado,017,186661,63,54,0,54,0
2020-05-05,Fresno,019,978130,1422,726,17,743,8
2020-05-05,Glenn,021,27897,8,3,0,3,0
2020-05-05,Humboldt,023,135768,63,54,0,54,0
2020-05-05,Imperial,025,180216,797,389,1,390,6
2020-05-05,Inyo,027,18085,19,20,0,20,1
2020-05-05,Kern,029,883053,1426,1084,1,1085,11
2020-05-05,Kings,031,150075,317,187,1,188,1
2020-05-05,Lake,033,64148,10,7,0,7,0
2020-05-05,Lassen,035,31185,1,0,2,2,0
2020-05-05,Los Angeles,037,10098052,34964,27867,19,27886,1289
2020-05-05,Madera,039,155013,108,53,0,53,2
2020-05-05,Marin,041,260295,264,244,1,245,14
2020-05-05,Mariposa,043,17540,15,14,0,14,0
2020-05-05,Mendocino,045,87422,13,10,0,10,0
2020-05-05,Merced,047,269075,221,141,0,141,3
2020-05-05,Modoc,049,8938,0,0,0,0,0
2020-05-05,Mono,051,14174,32,25,0,25,1
2020-05-05,Monterey,053,433212,305,240,0,240,6
2020-05-05,Napa,055,140530,83,74,0,74,2
2020-05-05,Nevada,057,99092,41,41,1,42,1
2020-05-05,Orange,059,3164182,4652,3041,22,3063,63
2020-05-05,Placer,061,380077,181,162,0,162,8
2020-05-05,Plumas,063,18699,4,4,0,4,0
2020-05-05,Riverside,065,2383286,5274,4309,7,4316,161
2020-05-05,Sacramento,067,1510023,1178,1125,0,1125,48
2020-05-05,San Benito,069,59416,54,50,0,50,2
2020-05-05,San Bernardino,071,2135413,3170,2345,1,2346,104
2020-05-05,San Diego,073,3302833,5245,4162,0,4162,150
2020-05-05,San Francisco,075,870044,2014,1779,0,1779,31
2020-05-05,San Joaquin,077,732212,640,577,3,580,26
2020-05-05,San Luis Obispo,079,281455,256,203,1,204,1
2020-05-05,San Mateo,081,765935,1579,1335,2,1337,56
2020-05-05,Santa Barbara,083,443738,1319,541,2,543,7
2020-05-05,Santa Clara,085,1922200,2592,2249,3,2252,124
2020-05-05,Santa Cruz,087,273765,144,134,0,134,2
2020-05-05,Shasta,089,179085,42,31,0,31,4
2020-05-05,Sierra,091,2930,0,0,0,0,0
2020-05-05,Siskiyou,093,43540,5,5,0,5,0
2020-05-05,Solano,095,438530,386,299,0,299,4
2020-05-05,Sonoma,097,501317,327,263,0,263,3
2020-05-05,Stanislaus,099,539301,519,430,4,434,9
2020-05-05,Sutter,101,95872,34,29,0,29,2
2020-05-05,Tehama,103,63373,2,1,0,1,1
2020-05-05,Trinity,105,12862,1,0,0,0,0
2020-05-05,Tulare,107,460477,1361,869,2,871,40
2020-05-05,Tuolumne,109,53932,3,2,0,2,0
2020-05-05,Ventura,111,848112,813,607,0,607,19
2020-05-05,Yolo,113,214977,184,171,0,171,18
2020-05-05,Yuba,115,75493,22,15,0,15,1
2020-05-04,Alameda,001,1643700,2167,1762,0,1762,65
2020-05-04,Alpine,003,1148,1,1,0,1,0
2020-05-04,Amador,005,37829,8,8,0,8,0
2020-05-04,Butte,007,227075,28,16,1,17,0
2020-05-04,Calaveras,009,45235,13,13,0,13,0
2020-05-04,Colusa,011,21464,3,3,0,3,0
2020-05-04,Contra Costa,013,1133247,1081,949,0,949,28
2020-05-04,Del Norte,015,27424,5,3,0,3,0
2020-05-04,El Dorado,017,186661,62,51,0,51,0
2020-05-04,Fresno,019,978130,1354,680,16,696,8
2020-05-04,Glenn,021,27897,8,4,0,4,0
2020-05-04,Humboldt,023,135768,61,54,0,54,0
2020-05-04,Imperial,025,180216,744,351,1,352,6
2020-05-04,Inyo,027,18085,19,20,0,20,1
2020-05-04,Kern,029,883053,1385,1047,1,1048,8
2020-05-04,Kings,031,150075,300,153,1,154,1
2020-05-04,Lake,033,64148,9,7,0,7,0
2020-05-04,Lassen,035,31185,1,0,2,2,0
2020-05-04,Los Angeles,037,10098052,33661,26243,18,26261,1235
2020-05-04,Madera,039,155013,107,52,0,52,2
2020-05-04,Marin,041,260295,259,244,1,245,13
2020-05-04,Mariposa,043,17540,15,13,0,13,0
2020-05-04,Mendocino,045,87422,13,10,0,10,0
2020-05-04,Merced,047,269075,221,138,0,138,3
2020-05-04,Modoc,049,8938,0,0,0,0,0
2020-05-04,Mono,051,14174,32,25,0,25,1
2020-05-04,Monterey,053,433212,294,237,0,237,6
2020-05-04,Napa,055,140530,83,72,0,72,2
2020-05-04,Nevada,057,99092,41,41,1,42,1
2020-05-04,Orange,059,3164182,4514,2931,20,2951,57
2020-05-04,Placer,061,380077,179,162,0,162,8
2020-05-04,Plumas,063,18699,4,4,0,4,0
2020-05-04,Riverside,065,2383286,5181,4221,7,4228,147
2020-05-04,Sacramento,067,1510023,1168,1119,0,1119,44
2020-05-04,San Benito,069,59416,52,49,0,49,2
2020-05-04,San Bernardino,071,2135413,3028,2184,1,2185,99
2020-05-04,San Diego,073,3302833,5104,4022,0,4022,144
2020-05-04,San Francisco,075,870044,1976,1760,0,1760,31
2020-05-04,San Joaquin,077,732212,626,574,3,577,26
2020-05-04,San Luis Obispo,079,281455,253,202,1,203,1
2020-05-04,San Mateo,081,765935,1554,1313,2,1315,53
2020-05-04,Santa Barbara,083,443738,1062,524,2,526,7
2020-05-04,Santa Clara,085,1922200,2579,2238,3,2241,119
2020-05-04,Santa Cruz,087,273765,143,133,0,133,2
2020-05-04,Shasta,089,179085,40,31,0,31,4
2020-05-04,Sierra,091,2930,0,0,0,0,0
2020-05-04,Siskiyou,093,43540,5,5,0,5,0
2020-05-04,Solano,095,438530,372,293,0,293,4
2020-05-04,Sonoma,097,501317,313,256,0,256,4
2020-05-04,Stanislaus,099,539301,513,422,4,426,8
2020-05-04,Sutter,101,95872,31,28,0,28,2
2020-05-04,Tehama,103,63373,2,1,0,1,1
2020-05-04,Trinity,105,12862,0,0,0,0,0
2020-05-04,Tulare,107,460477,1284,760,2,762,40
2020-05-04,Tuolumne,109,53932,3,3,0,3,0
2020-05-04,Ventura,111,848112,793,590,0,590,19
2020-05-04,Yolo,113,214977,183,171,0,171,18
2020-05-04,Yuba,115,75493,19,16,0,16,1
2020-05-03,Alameda,001,1643700,2111,1731,0,1731,64
2020-05-03,Alpine,003,1148,1,1,0,1,0
2020-05-03,Amador,005,37829,8,8,0,8,0
2020-05-03,Butte,007,227075,28,17,1,18,0
2020-05-03,Calaveras,009,45235,13,13,0,13,0
2020-05-03,Colusa,011,21464,3,3,0,3,0
2020-05-03,Contra Costa,013,1133247,1065,945,0,945,28
2020-05-03,Del Norte,015,27424,5,3,0,3,0
2020-05-03,El Dorado,017,186661,60,49,0,49,0
2020-05-03,Fresno,019,978130,1262,646,14,660,8
2020-05-03,Glenn,021,27897,7,5,0,5,0
2020-05-03,Humboldt,023,135768,60,54,0,54,0
2020-05-03,Imperial,025,180216,687,351,1,352,6
2020-05-03,Inyo,027,18085,19,20,0,20,1
2020-05-03,Kern,029,883053,1330,1025,1,1026,8
2020-05-03,Kings,031,150075,280,137,1,138,1
2020-05-03,Lake,033,64148,9,7,0,7,0
2020-05-03,Lassen,035,31185,1,0,2,2,0
2020-05-03,Los Angeles,037,10098052,32678,25708,18,25726,1210
2020-05-03,Madera,039,155013,100,46,0,46,2
2020-05-03,Marin,041,260295,254,243,1,244,13
2020-05-03,Mariposa,043,17540,15,13,0,13,0
2020-05-03,Mendocino,045,87422,13,10,0,10,0
2020-05-03,Merced,047,269075,213,134,0,134,3
2020-05-03,Modoc,049,8938,0,0,0,0,0
2020-05-03,Mono,051,14174,32,25,0,25,1
2020-05-03,Monterey,053,433212,285,235,0,235,6
2020-05-03,Napa,055,140530,83,72,0,72,2
2020-05-03,Nevada,057,99092,41,41,1,42,1
2020-05-03,Orange,059,3164182,4341,2859,19,2878,55
2020-05-03,Placer,061,380077,179,161,0,161,8
2020-05-03,Plumas,063,18699,4,4,0,4,0
2020-05-03,Riverside,065,2383286,5076,4034,7,4041,139
2020-05-03,Sacramento,067,1510023,1159,1109,0,1109,43
2020-05-03,San Benito,069,59416,52,49,0,49,2
2020-05-03,San Bernardino,071,2135413,2967,2123,1,2124,99
2020-05-03,San Diego,073,3302833,4967,3929,0,3929,142
2020-05-03,San Francisco,075,870044,1948,1692,0,1692,30
2020-05-03,San Joaquin,077,732212,619,570,3,573,26
2020-05-03,San Luis Obispo,079,281455,250,200,1,201,1
2020-05-03,San Mateo,081,765935,1526,1277,2,1279,53
2020-05-03,Santa Barbara,083,443738,694,512,2,514,7
2020-05-03,Santa Clara,085,1922200,2552,2235,3,2238,116
2020-05-03,Santa Cruz,087,273765,143,133,0,133,2
2020-05-03,Shasta,089,179085,38,31,0,31,4
2020-05-03,Sierra,091,2930,0,0,0,0,0
2020-05-03,Siskiyou,093,43540,5,5,0,5,0
2020-05-03,Solano,095,438530,362,266,0,266,4
2020-05-03,Sonoma,097,501317,304,254,0,254,4
2020-05-03,Stanislaus,099,539301,485,411,4,415,8
2020-05-03,Sutter,101,95872,30,28,0,28,2
2020-05-03,Tehama,103,63373,2,1,0,1,1
2020-05-03,Trinity,105,12862,0,0,0,0,0
2020-05-03,Tulare,107,460477,1206,736,2,738,40
2020-05-03,Tuolumne,109,53932,3,3,0,3,0
2020-05-03,Ventura,111,848112,762,583,0,583,19
2020-05-03,Yolo,113,214977,182,171,0,171,18
2020-05-03,Yuba,115,75493,19,16,0,16,1
2020-05-02,Alameda,001,1643700,2074,1678,0,1678,63
2020-05-02,Alpine,003,1148,1,1,0,1,0
2020-05-02,Amador,005,37829,8,8,0,8,0
2020-05-02,Butte,007,227075,28,17,1,18,0
2020-05-02,Calaveras,009,45235,13,13,0,13,0
2020-05-02,Colusa,011,21464,3,3,0,3,0
2020-05-02,Contra Costa,013,1133247,1048,929,0,929,28
2020-05-02,Del Norte,015,27424,5,3,0,3,0
2020-05-02,El Dorado,017,186661,60,47,0,47,0
2020-05-02,Fresno,019,978130,1238,629,13,642,8
2020-05-02,Glenn,021,27897,7,5,0,5,0
2020-05-02,Humboldt,023,135768,60,54,0,54,0
2020-05-02,Imperial,025,180216,660,345,1,346,6
2020-05-02,Inyo,027,18085,19,20,0,20,1
2020-05-02,Kern,029,883053,1304,1007,1,1008,8
2020-05-02,Kings,031,150075,277,120,1,121,1
2020-05-02,Lake,033,64148,9,7,0,7,0
2020-05-02,Lassen,035,31185,1,0,2,2,0
2020-05-02,Los Angeles,037,10098052,32150,24955,18,24973,1192
2020-05-02,Madera,039,155013,100,46,0,46,2
2020-05-02,Marin,041,260295,253,243,1,244,13
2020-05-02,Mariposa,043,17540,15,13,0,13,0
2020-05-02,Mendocino,045,87422,13,10,0,10,0
2020-05-02,Merced,047,269075,210,131,0,131,3
2020-05-02,Modoc,049,8938,0,0,0,0,0
2020-05-02,Mono,051,14174,32,25,0,25,1
2020-05-02,Monterey,053,433212,279,225,0,225,5
2020-05-02,Napa,055,140530,83,71,0,71,2
2020-05-02,Nevada,057,99092,41,41,1,42,1
2020-05-02,Orange,059,3164182,4227,2774,19,2793,52
2020-05-02,Placer,061,380077,177,150,0,150,8
2020-05-02,Plumas,063,18699,4,4,0,4,0
2020-05-02,Riverside,065,2383286,5010,3997,7,4004,137
2020-05-02,Sacramento,067,1510023,1156,1097,0,1097,43
2020-05-02,San Benito,069,59416,52,49,0,49,2
2020-05-02,San Bernardino,071,2135413,2928,2124,1,2125,99
2020-05-02,San Diego,073,3302833,4865,3844,0,3844,138
2020-05-02,San Francisco,075,870044,1925,1632,0,1632,29
2020-05-02,San Joaquin,077,732212,611,559,3,562,25
2020-05-02,San Luis Obispo,079,281455,244,193,1,194,1
2020-05-02,San Mateo,081,765935,1510,1272,2,1274,52
2020-05-02,Santa Barbara,083,443738,682,506,2,508,7
2020-05-02,Santa Clara,085,1922200,2542,2203,3,2206,115
2020-05-02,Santa Cruz,087,273765,142,131,0,131,2
2020-05-02,Shasta,089,179085,38,31,0,31,4
2020-05-02,Sierra,091,2930,0,0,0,0,0
2020-05-02,Siskiyou,093,43540,5,5,0,5,0
2020-05-02,Solano,095,438530,355,267,0,267,4
2020-05-02,Sonoma,097,501317,301,250,0,250,3
2020-05-02,Stanislaus,099,539301,477,388,4,392,8
2020-05-02,Sutter,101,95872,30,28,0,28,2
2020-05-02,Tehama,103,63373,2,1,0,1,1
2020-05-02,Trinity,105,12862,0,0,0,0,0
2020-05-02,Tulare,107,460477,1165,711,2,713,35
2020-05-02,Tuolumne,109,53932,3,3,0,3,0
2020-05-02,Ventura,111,848112,748,564,0,564,19
2020-05-02,Yolo,113,214977,182,169,0,169,17
2020-05-02,Yuba,115,75493,19,16,0,16,1
2020-05-01,Alameda,001,1643700,2037,1630,0,1630,63
2020-05-01,Alpine,003,1148,1,1,0,1,0
2020-05-01,Amador,005,37829,8,8,0,8,0
2020-05-01,Butte,007,227075,28,17,1,18,0
2020-05-01,Calaveras,009,45235,13,13,0,13,0
2020-05-01,Colusa,011,21464,3,3,0,3,0
2020-05-01,Contra Costa,013,1133247,1034,915,0,915,28
2020-05-01,Del Norte,015,27424,5,3,0,3,0
2020-05-01,El Dorado,017,186661,60,47,0,47,0
2020-05-01,Fresno,019,978130,1207,617,13,630,7
2020-05-01,Glenn,021,27897,7,4,0,4,0
2020-05-01,Humboldt,023,135768,60,54,0,54,0
2020-05-01,Imperial,025,180216,623,337,1,338,6
2020-05-01,Inyo,027,18085,19,20,0,20,1
2020-05-01,Kern,029,883053,1277,972,1,973,8
2020-05-01,Kings,031,150075,260,112,1,113,1
2020-05-01,Lake,033,64148,9,6,0,6,0
2020-05-01,Lassen,035,31185,1,0,2,2,0
2020-05-01,Los Angeles,037,10098052,31395,24306,18,24324,1155
2020-05-01,Madera,039,155013,96,46,0,46,2
2020-05-01,Marin,041,260295,253,242,1,243,13
2020-05-01,Mariposa,043,17540,15,10,0,10,0
2020-05-01,Mendocino,045,87422,13,11,0,11,0
2020-05-01,Merced,047,269075,207,131,0,131,3
2020-05-01,Modoc,049,8938,0,0,0,0,0
2020-05-01,Mono,051,14174,32,25,0,25,1
2020-05-01,Monterey,053,433212,275,222,0,222,5
2020-05-01,Napa,055,140530,83,69,0,69,2
2020-05-01,Nevada,057,99092,41,41,1,42,1
2020-05-01,Orange,059,3164182,4148,2660,18,2678,51
2020-05-01,Placer,061,380077,176,149,0,149,8
2020-05-01,Plumas,063,18699,4,4,0,4,0
2020-05-01,Riverside,065,2383286,4947,3893,7,3900,132
2020-05-01,Sacramento,067,1510023,1151,1081,0,1081,43
2020-05-01,San Benito,069,59416,52,49,0,49,2
2020-05-01,San Bernardino,071,2135413,2873,2084,1,2085,98
2020-05-01,San Diego,073,3302833,4775,3713,0,3713,134
2020-05-01,San Francisco,075,870044,1881,1552,0,1552,29
2020-05-01,San Joaquin,077,732212,607,554,3,557,25
2020-05-01,San Luis Obispo,079,281455,241,186,1,187,1
2020-05-01,San Mateo,081,765935,1488,1222,2,1224,52
2020-05-01,Santa Barbara,083,443738,674,499,2,501,7
2020-05-01,Santa Clara,085,1922200,2532,2176,3,2179,112
2020-05-01,Santa Cruz,087,273765,142,127,0,127,2
2020-05-01,Shasta,089,179085,38,31,0,31,4
2020-05-01,Sierra,091,2930,0,0,0,0,0
2020-05-01,Siskiyou,093,43540,5,5,0,5,0
2020-05-01,Solano,095,438530,347,266,0,266,4
2020-05-01,Sonoma,097,501317,298,242,0,242,3
2020-05-01,Stanislaus,099,539301,472,384,4,388,8
2020-05-01,Sutter,101,95872,30,28,0,28,2
2020-05-01,Tehama,103,63373,2,1,0,1,1
2020-05-01,Trinity,105,12862,0,0,0,0,0
2020-05-01,Tulare,107,460477,1121,685,2,687,32
2020-05-01,Tuolumne,109,53932,3,3,0,3,0
2020-05-01,Ventura,111,848112,735,556,0,556,18
2020-05-01,Yolo,113,214977,182,165,0,165,18
2020-05-01,Yuba,115,75493,19,16,0,16,1
2020-04-30,Alameda,001,1643700,1977,1599,0,1599,60
2020-04-30,Alpine,003,1148,1,1,0,1,0
2020-04-30,Amador,005,37829,8,8,0,8,0
2020-04-30,Butte,007,227075,28,16,1,17,0
2020-04-30,Calaveras,009,45235,13,13,0,13,0
2020-04-30,Colusa,011,21464,3,3,0,3,0
2020-04-30,Contra Costa,013,1133247,1012,900,0,900,25
2020-04-30,Del Norte,015,27424,4,3,0,3,0
2020-04-30,El Dorado,017,186661,60,44,0,44,0
2020-04-30,Fresno,019,978130,1143,562,10,572,7
2020-04-30,Glenn,021,27897,7,4,0,4,0
2020-04-30,Humboldt,023,135768,60,54,0,54,0
2020-04-30,Imperial,025,180216,577,322,1,323,6
2020-04-30,Inyo,027,18085,19,20,0,20,1
2020-04-30,Kern,029,883053,1245,941,1,942,8
2020-04-30,Kings,031,150075,248,87,1,88,1
2020-04-30,Lake,033,64148,9,6,0,6,0
2020-04-30,Lassen,035,31185,1,0,2,2,0
2020-04-30,Los Angeles,037,10098052,30388,23284,18,23302,1099
2020-04-30,Madera,039,155013,85,46,0,46,2
2020-04-30,Marin,041,260295,253,240,1,241,13
2020-04-30,Mariposa,043,17540,15,3,0,3,0
2020-04-30,Mendocino,045,87422,13,11,0,11,0
2020-04-30,Merced,047,269075,200,122,0,122,3
2020-04-30,Modoc,049,8938,0,0,0,0,0
2020-04-30,Mono,051,14174,31,25,0,25,1
2020-04-30,Monterey,053,433212,265,213,0,213,5
2020-04-30,Napa,055,140530,81,69,0,69,2
2020-04-30,Nevada,057,99092,41,41,1,42,1
2020-04-30,Orange,059,3164182,3932,2591,17,2608,46
2020-04-30,Placer,061,380077,175,148,0,148,8
2020-04-30,Plumas,063,18699,4,4,0,4,0
2020-04-30,Riverside,065,2383286,4847,3820,6,3826,124
2020-04-30,Sacramento,067,1510023,1145,1071,0,1071,43
2020-04-30,San Benito,069,59416,52,48,0,48,2
2020-04-30,San Bernardino,071,2135413,2672,2020,1,2021,96
2020-04-30,San Diego,073,3302833,4604,3566,0,3566,124
2020-04-30,San Francisco,075,870044,1847,1518,0,1518,26
2020-04-30,San Joaquin,077,732212,600,548,3,551,25
2020-04-30,San Luis Obispo,079,281455,238,182,1,183,1
2020-04-30,San Mateo,081,765935,1458,1194,2,1196,52
2020-04-30,Santa Barbara,083,443738,655,490,2,492,7
2020-04-30,Santa Clara,085,1922200,2496,2172,3,2175,111
2020-04-30,Santa Cruz,087,273765,141,126,0,126,2
2020-04-30,Shasta,089,179085,37,31,0,31,4
2020-04-30,Sierra,091,2930,0,0,0,0,0
2020-04-30,Siskiyou,093,43540,5,5,0,5,0
2020-04-30,Solano,095,438530,337,262,0,262,4
2020-04-30,Sonoma,097,501317,289,233,0,233,3
2020-04-30,Stanislaus,099,539301,465,378,4,382,7
2020-04-30,Sutter,101,95872,30,28,0,28,2
2020-04-30,Tehama,103,63373,1,1,0,1,1
2020-04-30,Trinity,105,12862,0,0,0,0,0
2020-04-30,Tulare,107,460477,1057,637,2,639,31
2020-04-30,Tuolumne,109,53932,3,3,0,3,0
2020-04-30,Ventura,111,848112,707,547,0,547,18
2020-04-30,Yolo,113,214977,181,164,0,164,16
2020-04-30,Yuba,115,75493,19,15,0,15,1
2020-04-29,Alameda,001,1643700,1919,1564,0,1564,60
2020-04-29,Alpine,003,1148,1,1,0,1,0
2020-04-29,Amador,005,37829,8,8,0,8,0
2020-04-29,Butte,007,227075,28,16,1,17,0
2020-04-29,Calaveras,009,45235,13,13,0,13,0
2020-04-29,Colusa,011,21464,3,3,0,3,0
2020-04-29,Contra Costa,013,1133247,993,885,0,885,25
2020-04-29,Del Norte,015,27424,4,3,0,3,0
2020-04-29,El Dorado,017,186661,58,44,0,44,0
2020-04-29,Fresno,019,978130,1091,544,10,554,7
2020-04-29,Glenn,021,27897,7,4,0,4,0
2020-04-29,Humboldt,023,135768,60,53,0,53,0
2020-04-29,Imperial,025,180216,548,300,1,301,6
2020-04-29,Inyo,027,18085,19,20,0,20,1
2020-04-29,Kern,029,883053,1202,910,1,911,6
2020-04-29,Kings,031,150075,229,80,1,81,1
2020-04-29,Lake,033,64148,9,6,0,6,0
2020-04-29,Lassen,035,31185,1,0,2,2,0
2020-04-29,Los Angeles,037,10098052,29411,22560,18,22578,1043
2020-04-29,Madera,039,155013,84,45,0,45,2
2020-04-29,Marin,041,260295,250,234,1,235,13
2020-04-29,Mariposa,043,17540,15,1,0,1,0
2020-04-29,Mendocino,045,87422,13,11,0,11,0
2020-04-29,Merced,047,269075,193,116,0,116,3
2020-04-29,Modoc,049,8938,0,0,0,0,0
2020-04-29,Mono,051,14174,31,25,0,25,1
2020-04-29,Monterey,053,433212,257,204,0,204,5
2020-04-29,Napa,055,140530,79,68,0,68,2
2020-04-29,Nevada,057,99092,41,41,1,42,1
2020-04-29,Orange,059,3164182,3800,2421,16,2437,43
2020-04-29,Placer,061,380077,173,145,0,145,8
2020-04-29,Plumas,063,18699,4,4,0,4,0
2020-04-29,Riverside,065,2383286,4771,3700,6,3706,116
2020-04-29,Sacramento,067,1510023,1123,1055,0,1055,41
2020-04-29,San Benito,069,59416,52,48,0,48,2
2020-04-29,San Bernardino,071,2135413,2585,1975,1,1976,91
2020-04-29,San Diego,073,3302833,4463,3434,0,3434,120
2020-04-29,San Francisco,075,870044,1819,1489,0,1489,23
2020-04-29,San Joaquin,077,732212,592,540,3,543,25
2020-04-29,San Luis Obispo,079,281455,236,181,1,182,1
2020-04-29,San Mateo,081,765935,1432,1170,2,1172,50
2020-04-29,Santa Barbara,083,443738,641,477,2,479,7
2020-04-29,Santa Clara,085,1922200,2475,2147,3,2150,108
2020-04-29,Santa Cruz,087,273765,140,124,0,124,2
2020-04-29,Shasta,089,179085,37,31,0,31,4
2020-04-29,Sierra,091,2930,0,0,0,0,0
2020-04-29,Siskiyou,093,43540,5,5,0,5,0
2020-04-29,Solano,095,438530,314,252,0,252,3
2020-04-29,Sonoma,097,501317,281,230,0,230,2
2020-04-29,Stanislaus,099,539301,452,374,4,378,5
2020-04-29,Sutter,101,95872,30,28,0,28,2
2020-04-29,Tehama,103,63373,1,1,0,1,1
2020-04-29,Trinity,105,12862,0,0,0,0,0
2020-04-29,Tulare,107,460477,987,615,2,617,30
2020-04-29,Tuolumne,109,53932,3,4,0,4,0
2020-04-29,Ventura,111,848112,684,530,0,530,18
2020-04-29,Yolo,113,214977,178,161,0,161,11
2020-04-29,Yuba,115,75493,19,15,0,15,1
2020-04-28,Alameda,001,1643700,1862,1525,0,1525,55
2020-04-28,Alpine,003,1148,1,1,0,1,0
2020-04-28,Amador,005,37829,8,8,0,8,0
2020-04-28,Butte,007,227075,28,16,1,17,0
2020-04-28,Calaveras,009,45235,13,13,0,13,0
2020-04-28,Colusa,011,21464,3,3,0,3,0
2020-04-28,Contra Costa,013,1133247,986,866,0,866,25
2020-04-28,Del Norte,015,27424,4,3,0,3,0
2020-04-28,El Dorado,017,186661,57,43,0,43,0
2020-04-28,Fresno,019,978130,1040,525,8,533,7
2020-04-28,Glenn,021,27897,5,4,0,4,0
2020-04-28,Humboldt,023,135768,59,53,0,53,0
2020-04-28,Imperial,025,180216,514,295,1,296,6
2020-04-28,Inyo,027,18085,19,20,0,20,1
2020-04-28,Kern,029,883053,1159,882,1,883,5
2020-04-28,Kings,031,150075,216,57,1,58,1
2020-04-28,Lake,033,64148,9,6,0,6,0
2020-04-28,Lassen,035,31185,1,0,2,2,0
2020-04-28,Los Angeles,037,10098052,28345,21029,18,21047,984
2020-04-28,Madera,039,155013,84,44,0,44,2
2020-04-28,Marin,041,260295,249,228,1,229,12
2020-04-28,Mariposa,043,17540,15,0,0,0,0
2020-04-28,Mendocino,045,87422,13,10,0,10,0
2020-04-28,Merced,047,269075,186,108,0,108,3
2020-04-28,Modoc,049,8938,0,0,0,0,0
2020-04-28,Mono,051,14174,31,25,0,25,1
2020-04-28,Monterey,053,433212,251,191,0,191,5
2020-04-28,Napa,055,140530,78,67,0,67,2
2020-04-28,Nevada,057,99092,41,41,1,42,1
2020-04-28,Orange,059,3164182,3637,2324,15,2339,42
2020-04-28,Placer,061,380077,163,143,0,143,8
2020-04-28,Plumas,063,18699,4,4,0,4,0
2020-04-28,Riverside,065,2383286,4677,3504,6,3510,113
2020-04-28,Sacramento,067,1510023,1108,1044,0,1044,41
2020-04-28,San Benito,069,59416,51,46,0,46,2
2020-04-28,San Bernardino,071,2135413,2508,1891,1,1892,89
2020-04-28,San Diego,073,3302833,4333,3316,0,3316,118
2020-04-28,San Francisco,075,870044,1784,1471,0,1471,23
2020-04-28,San Joaquin,077,732212,586,532,3,535,25
2020-04-28,San Luis Obispo,079,281455,230,172,1,173,1
2020-04-28,San Mateo,081,765935,1419,1129,2,1131,48
2020-04-28,Santa Barbara,083,443738,634,469,2,471,7
2020-04-28,Santa Clara,085,1922200,2445,2130,3,2133,106
2020-04-28,Santa Cruz,087,273765,140,123,0,123,2
2020-04-28,Shasta,089,179085,37,29,0,29,4
2020-04-28,Sierra,091,2930,0,0,0,0,0
2020-04-28,Siskiyou,093,43540,5,5,0,5,0
2020-04-28,Solano,095,438530,295,246,0,246,3
2020-04-28,Sonoma,097,501317,278,226,0,226,1
2020-04-28,Stanislaus,099,539301,436,330,4,334,5
2020-04-28,Sutter,101,95872,30,25,0,25,2
2020-04-28,Tehama,103,63373,1,1,0,1,1
2020-04-28,Trinity,105,12862,0,0,0,0,0
2020-04-28,Tulare,107,460477,893,579,2,581,30
2020-04-28,Tuolumne,109,53932,3,4,0,4,0
2020-04-28,Ventura,111,848112,666,517,0,517,17
2020-04-28,Yolo,113,214977,178,160,0,160,10
2020-04-28,Yuba,115,75493,19,15,0,15,1
2020-04-27,Alameda,001,1643700,1802,1494,0,1494,53
2020-04-27,Alpine,003,1148,1,1,0,1,0
2020-04-27,Amador,005,37829,8,8,0,8,0
2020-04-27,Butte,007,227075,27,16,1,17,0
2020-04-27,Calaveras,009,45235,13,13,0,13,0
2020-04-27,Colusa,011,21464,3,3,0,3,0
2020-04-27,Contra Costa,013,1133247,974,843,0,843,25
2020-04-27,Del Norte,015,27424,4,3,0,3,0
2020-04-27,El Dorado,017,186661,56,43,0,43,0
2020-04-27,Fresno,019,978130,937,504,7,511,7
2020-04-27,Glenn,021,27897,5,4,0,4,0
2020-04-27,Humboldt,023,135768,59,52,0,52,0
2020-04-27,Imperial,025,180216,484,290,1,291,6
2020-04-27,Inyo,027,18085,19,20,0,20,1
2020-04-27,Kern,029,883053,1121,865,1,866,4
2020-04-27,Kings,031,150075,193,48,1,49,1
2020-04-27,Lake,033,64148,8,6,0,6,0
2020-04-27,Lassen,035,31185,1,0,2,2,0
2020-04-27,Los Angeles,037,10098052,27328,20456,18,20474,931
2020-04-27,Madera,039,155013,82,42,0,42,2
2020-04-27,Marin,041,260295,244,227,1,228,12
2020-04-27,Mariposa,043,17540,14,0,0,0,0
2020-04-27,Mendocino,045,87422,13,10,0,10,0
2020-04-27,Merced,047,269075,183,108,0,108,3
2020-04-27,Modoc,049,8938,0,0,0,0,0
2020-04-27,Mono,051,14174,31,23,0,23,1
2020-04-27,Monterey,053,433212,244,185,0,185,4
2020-04-27,Napa,055,140530,75,64,0,64,2
2020-04-27,Nevada,057,99092,41,39,1,40,1
2020-04-27,Orange,059,3164182,3468,2198,15,2213,42
2020-04-27,Placer,061,380077,163,142,0,142,8
2020-04-27,Plumas,063,18699,4,4,0,4,0
2020-04-27,Riverside,065,2383286,4554,3381,6,3387,100
2020-04-27,Sacramento,067,1510023,1093,1035,0,1035,41
2020-04-27,San Benito,069,59416,49,45,0,45,2
2020-04-27,San Bernardino,071,2135413,2394,1742,1,1743,82
2020-04-27,San Diego,073,3302833,4207,3143,0,3143,113
2020-04-27,San Francisco,075,870044,1730,1453,0,1453,23
2020-04-27,San Joaquin,077,732212,580,522,3,525,25
2020-04-27,San Luis Obispo,079,281455,223,166,1,167,1
2020-04-27,San Mateo,081,765935,1397,1092,2,1094,46
2020-04-27,Santa Barbara,083,443738,621,466,2,468,7
2020-04-27,Santa Clara,085,1922200,2425,2104,2,2106,105
2020-04-27,Santa Cruz,087,273765,140,123,0,123,2
2020-04-27,Shasta,089,179085,37,29,0,29,4
2020-04-27,Sierra,091,2930,0,0,0,0,0
2020-04-27,Siskiyou,093,43540,5,5,0,5,0
2020-04-27,Solano,095,438530,295,222,0,222,3
2020-04-27,Sonoma,097,501317,269,220,0,220,1
2020-04-27,Stanislaus,099,539301,420,316,4,320,5
2020-04-27,Sutter,101,95872,29,26,0,26,2
2020-04-27,Tehama,103,63373,1,1,0,1,1
2020-04-27,Trinity,105,12862,0,0,0,0,0
2020-04-27,Tulare,107,460477,822,535,2,537,28
2020-04-27,Tuolumne,109,53932,3,3,0,3,0
2020-04-27,Ventura,111,848112,649,513,0,513,17
2020-04-27,Yolo,113,214977,175,160,0,160,9
2020-04-27,Yuba,115,75493,19,15,0,15,1
2020-04-26,Alameda,001,1643700,1741,1449,0,1449,52
2020-04-26,Alpine,003,1148,1,1,0,1,0
2020-04-26,Amador,005,37829,8,8,0,8,0
2020-04-26,Butte,007,227075,27,16,1,17,0
2020-04-26,Calaveras,009,45235,13,13,0,13,0
2020-04-26,Colusa,011,21464,3,3,0,3,0
2020-04-26,Contra Costa,013,1133247,958,830,0,830,25
2020-04-26,Del Norte,015,27424,3,3,0,3,0
2020-04-26,El Dorado,017,186661,54,41,0,41,0
2020-04-26,Fresno,019,978130,845,476,7,483,7
2020-04-26,Glenn,021,27897,5,4,0,4,0
2020-04-26,Humboldt,023,135768,59,53,0,53,0
2020-04-26,Imperial,025,180216,450,272,1,273,6
2020-04-26,Inyo,027,18085,19,20,0,20,1
2020-04-26,Kern,029,883053,1071,831,1,832,4
2020-04-26,Kings,031,150075,168,33,1,34,1
2020-04-26,Lake,033,64148,8,6,0,6,0
2020-04-26,Lassen,035,31185,1,0,2,2,0
2020-04-26,Los Angeles,037,10098052,26179,19570,18,19588,901
2020-04-26,Madera,039,155013,80,39,0,39,2
2020-04-26,Marin,041,260295,238,225,1,226,12
2020-04-26,Mariposa,043,17540,14,0,0,0,0
2020-04-26,Mendocino,045,87422,13,5,0,5,0
2020-04-26,Merced,047,269075,166,104,0,104,3
2020-04-26,Modoc,049,8938,0,0,0,0,0
2020-04-26,Mono,051,14174,31,23,0,23,1
2020-04-26,Monterey,053,433212,237,182,0,182,4
2020-04-26,Napa,055,140530,74,62,0,62,2
2020-04-26,Nevada,057,99092,41,37,1,38,1
2020-04-26,Orange,059,3164182,3303,2124,15,2139,40
2020-04-26,Placer,061,380077,163,141,0,141,8
2020-04-26,Plumas,063,18699,4,4,0,4,0
2020-04-26,Riverside,065,2383286,4413,3301,6,3307,95
2020-04-26,Sacramento,067,1510023,1084,1027,0,1027,41
2020-04-26,San Benito,069,59416,49,45,0,45,2
2020-04-26,San Bernardino,071,2135413,2297,1681,1,1682,82
2020-04-26,San Diego,073,3302833,4065,3045,0,3045,111
2020-04-26,San Francisco,075,870044,1691,1403,0,1403,23
2020-04-26,San Joaquin,077,732212,572,514,3,517,25
2020-04-26,San Luis Obispo,079,281455,220,165,1,166,1
2020-04-26,San Mateo,081,765935,1371,1070,2,1072,46
2020-04-26,Santa Barbara,083,443738,609,464,2,466,7
2020-04-26,Santa Clara,085,1922200,2406,2097,1,2098,102
2020-04-26,Santa Cruz,087,273765,140,116,0,116,2
2020-04-26,Shasta,089,179085,34,29,0,29,4
2020-04-26,Sierra,091,2930,0,0,0,0,0
2020-04-26,Siskiyou,093,43540,5,5,0,5,0
2020-04-26,Solano,095,438530,286,205,0,205,3
2020-04-26,Sonoma,097,501317,258,216,0,216,1
2020-04-26,Stanislaus,099,539301,405,294,4,298,4
2020-04-26,Sutter,101,95872,29,26,0,26,2
2020-04-26,Tehama,103,63373,1,1,0,1,1
2020-04-26,Trinity,105,12862,0,0,0,0,0
2020-04-26,Tulare,107,460477,764,497,2,499,28
2020-04-26,Tuolumne,109,53932,3,3,0,3,0
2020-04-26,Ventura,111,848112,634,509,0,509,17
2020-04-26,Yolo,113,214977,174,158,0,158,8
2020-04-26,Yuba,115,75493,18,15,0,15,1
2020-04-25,Alameda,001,1643700,1716,1396,0,1396,52
2020-04-25,Alpine,003,1148,1,1,0,1,0
2020-04-25,Amador,005,37829,8,8,0,8,0
2020-04-25,Butte,007,227075,26,16,1,17,0
2020-04-25,Calaveras,009,45235,13,12,0,12,0
2020-04-25,Colusa,011,21464,3,3,0,3,0
2020-04-25,Contra Costa,013,1133247,944,821,0,821,24
2020-04-25,Del Norte,015,27424,2,2,0,2,0
2020-04-25,El Dorado,017,186661,53,41,0,41,0
2020-04-25,Fresno,019,978130,815,459,6,465,7
2020-04-25,Glenn,021,27897,5,4,0,4,0
2020-04-25,Humboldt,023,135768,59,53,0,53,0
2020-04-25,Imperial,025,180216,433,232,1,233,6
2020-04-25,Inyo,027,18085,19,20,0,20,1
2020-04-25,Kern,029,883053,1040,802,1,803,4
2020-04-25,Kings,031,150075,156,33,1,34,1
2020-04-25,Lake,033,64148,6,6,0,6,0
2020-04-25,Lassen,035,31185,1,0,2,2,0
2020-04-25,Los Angeles,037,10098052,25545,19144,18,19162,881
2020-04-25,Madera,039,155013,77,39,0,39,2
2020-04-25,Marin,041,260295,238,215,1,216,12
2020-04-25,Mariposa,043,17540,14,0,0,0,0
2020-04-25,Mendocino,045,87422,12,5,0,5,0
2020-04-25,Merced,047,269075,166,103,0,103,3
2020-04-25,Modoc,049,8938,0,0,0,0,0
2020-04-25,Mono,051,14174,31,23,0,23,1
2020-04-25,Monterey,053,433212,235,173,0,173,4
2020-04-25,Napa,055,140530,74,60,0,60,2
2020-04-25,Nevada,057,99092,41,37,1,38,1
2020-04-25,Orange,059,3164182,3197,2047,15,2062,40
2020-04-25,Placer,061,380077,163,137,0,137,8
2020-04-25,Plumas,063,18699,4,4,0,4,0
2020-04-25,Riverside,065,2383286,4325,3037,6,3043,93
2020-04-25,Sacramento,067,1510023,1082,1015,0,1015,41
2020-04-25,San Benito,069,59416,49,45,0,45,2
2020-04-25,San Bernardino,071,2135413,2252,1675,1,1676,82
2020-04-25,San Diego,073,3302833,3965,2945,0,2945,111
2020-04-25,San Francisco,075,870044,1666,1341,0,1341,22
2020-04-25,San Joaquin,077,732212,565,497,3,500,24
2020-04-25,San Luis Obispo,079,281455,219,159,1,160,1
2020-04-25,San Mateo,081,765935,1353,1054,2,1056,46
2020-04-25,Santa Barbara,083,443738,601,457,2,459,7
2020-04-25,Santa Clara,085,1922200,2388,2045,1,2046,99
2020-04-25,Santa Cruz,087,273765,140,112,0,112,2
2020-04-25,Shasta,089,179085,34,29,0,29,4
2020-04-25,Sierra,091,2930,0,0,0,0,0
2020-04-25,Siskiyou,093,43540,5,5,0,5,0
2020-04-25,Solano,095,438530,282,203,0,203,3
2020-04-25,Sonoma,097,501317,254,199,0,199,1
2020-04-25,Stanislaus,099,539301,397,276,4,280,4
2020-04-25,Sutter,101,95872,29,24,0,24,2
2020-04-25,Tehama,103,63373,1,1,0,1,1
2020-04-25,Trinity,105,12862,0,0,0,0,0
2020-04-25,Tulare,107,460477,731,478,2,480,28
2020-04-25,Tuolumne,109,53932,3,2,0,2,0
2020-04-25,Ventura,111,848112,620,494,0,494,16
2020-04-25,Yolo,113,214977,174,157,0,157,8
2020-04-25,Yuba,115,75493,17,15,0,15,1
2020-04-24,Alameda,001,1643700,1685,1385,0,1385,50
2020-04-24,Alpine,003,1148,1,1,0,1,0
2020-04-24,Amador,005,37829,8,8,0,8,0
2020-04-24,Butte,007,227075,25,15,1,16,0
2020-04-24,Calaveras,009,45235,13,12,0,12,0
2020-04-24,Colusa,011,21464,3,3,0,3,0
2020-04-24,Contra Costa,013,1133247,935,806,0,806,23
2020-04-24,Del Norte,015,27424,2,2,0,2,0
2020-04-24,El Dorado,017,186661,52,41,0,41,0
2020-04-24,Fresno,019,978130,794,449,6,455,7
2020-04-24,Glenn,021,27897,5,4,0,4,0
2020-04-24,Humboldt,023,135768,59,53,0,53,0
2020-04-24,Imperial,025,180216,417,232,1,233,6
2020-04-24,Inyo,027,18085,19,20,0,20,0
2020-04-24,Kern,029,883053,1016,770,1,771,4
2020-04-24,Kings,031,150075,127,30,1,31,1
2020-04-24,Lake,033,64148,6,6,0,6,0
2020-04-24,Lassen,035,31185,1,0,2,2,0
2020-04-24,Los Angeles,037,10098052,24613,18553,18,18571,836
2020-04-24,Madera,039,155013,77,39,0,39,2
2020-04-24,Marin,041,260295,238,211,1,212,11
2020-04-24,Mariposa,043,17540,8,0,0,0,0
2020-04-24,Mendocino,045,87422,12,5,0,5,0
2020-04-24,Merced,047,269075,163,102,0,102,3
2020-04-24,Modoc,049,8938,0,0,0,0,0
2020-04-24,Mono,051,14174,30,23,0,23,1
2020-04-24,Monterey,053,433212,228,167,0,167,4
2020-04-24,Napa,055,140530,73,59,0,59,2
2020-04-24,Nevada,057,99092,41,36,1,37,1
2020-04-24,Orange,059,3164182,3089,1945,15,1960,39
2020-04-24,Placer,061,380077,161,137,0,137,8
2020-04-24,Plumas,063,18699,4,4,0,4,0
2020-04-24,Riverside,065,2383286,4244,3044,6,3050,87
2020-04-24,Sacramento,067,1510023,1076,1009,0,1009,41
2020-04-24,San Benito,069,59416,49,45,0,45,2
2020-04-24,San Bernardino,071,2135413,2217,1667,1,1668,80
2020-04-24,San Diego,073,3302833,3854,2828,0,2828,102
2020-04-24,San Francisco,075,870044,1608,1345,0,1345,22
2020-04-24,San Joaquin,077,732212,558,484,3,487,24
2020-04-24,San Luis Obispo,079,281455,216,151,1,152,1
2020-04-24,San Mateo,081,765935,1330,1004,2,1006,43
2020-04-24,Santa Barbara,083,443738,594,450,2,452,6
2020-04-24,Santa Clara,085,1922200,2358,2026,1,2027,98
2020-04-24,Santa Cruz,087,273765,136,111,0,111,2
2020-04-24,Shasta,089,179085,34,28,0,28,4
2020-04-24,Sierra,091,2930,0,0,0,0,0
2020-04-24,Siskiyou,093,43540,5,5,0,5,0
2020-04-24,Solano,095,438530,280,203,0,203,3
2020-04-24,Sonoma,097,501317,250,199,0,199,1
2020-04-24,Stanislaus,099,539301,394,273,4,277,4
2020-04-24,Sutter,101,95872,28,24,0,24,2
2020-04-24,Tehama,103,63373,1,1,0,1,1
2020-04-24,Trinity,105,12862,0,0,0,0,0
2020-04-24,Tulare,107,460477,703,459,2,461,27
2020-04-24,Tuolumne,109,53932,3,2,0,2,0
2020-04-24,Ventura,111,848112,611,489,0,489,16
2020-04-24,Yolo,113,214977,173,155,0,155,8
2020-04-24,Yuba,115,75493,16,15,0,15,1
2020-04-23,Alameda,001,1643700,1647,1336,0,1336,46
2020-04-23,Alpine,003,1148,1,1,0,1,0
2020-04-23,Amador,005,37829,8,8,0,8,0
2020-04-23,Butte,007,227075,25,15,1,16,0
2020-04-23,Calaveras,009,45235,13,12,0,12,0
2020-04-23,Colusa,011,21464,3,3,0,3,0
2020-04-23,Contra Costa,013,1133247,914,786,0,786,23
2020-04-23,Del Norte,015,27424,2,2,0,2,0
2020-04-23,El Dorado,017,186661,51,39,0,39,0
2020-04-23,Fresno,019,978130,756,426,6,432,7
2020-04-23,Glenn,021,27897,5,3,0,3,0
2020-04-23,Humboldt,023,135768,59,53,0,53,0
2020-04-23,Imperial,025,180216,397,181,1,182,4
2020-04-23,Inyo,027,18085,19,19,0,19,0
2020-04-23,Kern,029,883053,968,732,1,733,4
2020-04-23,Kings,031,150075,112,28,1,29,1
2020-04-23,Lake,033,64148,6,6,0,6,0
2020-04-23,Lassen,035,31185,1,0,2,2,0
2020-04-23,Los Angeles,037,10098052,23553,17548,17,17565,784
2020-04-23,Madera,039,155013,75,37,0,37,2
2020-04-23,Marin,041,260295,225,209,1,210,11
2020-04-23,Mariposa,043,17540,7,0,0,0,0
2020-04-23,Mendocino,045,87422,10,5,0,5,0
2020-04-23,Merced,047,269075,159,98,0,98,3
2020-04-23,Modoc,049,8938,0,0,0,0,0
2020-04-23,Mono,051,14174,30,23,0,23,1
2020-04-23,Monterey,053,433212,224,161,0,161,4
2020-04-23,Napa,055,140530,66,59,0,59,2
2020-04-23,Nevada,057,99092,41,36,1,37,1
2020-04-23,Orange,059,3164182,2911,1841,14,1855,37
2020-04-23,Placer,061,380077,158,136,0,136,8
2020-04-23,Plumas,063,18699,4,4,0,4,0
2020-04-23,Riverside,065,2383286,4131,2935,6,2941,78
2020-04-23,Sacramento,067,1510023,1064,978,0,978,41
2020-04-23,San Benito,069,59416,46,43,0,43,2
2020-04-23,San Bernardino,071,2135413,2152,1604,1,1605,79
2020-04-23,San Diego,073,3302833,3693,2645,0,2645,100
2020-04-23,San Francisco,075,870044,1583,1312,0,1312,21
2020-04-23,San Joaquin,077,732212,548,479,3,482,20
2020-04-23,San Luis Obispo,079,281455,212,146,1,147,1
2020-04-23,San Mateo,081,765935,1290,970,2,972,42
2020-04-23,Santa Barbara,083,443738,584,445,2,447,6
2020-04-23,Santa Clara,085,1922200,2328,1996,1,1997,95
2020-04-23,Santa Cruz,087,273765,135,110,0,110,2
2020-04-23,Shasta,089,179085,34,27,0,27,3
2020-04-23,Sierra,091,2930,0,0,0,0,0
2020-04-23,Siskiyou,093,43540,5,5,0,5,0
2020-04-23,Solano,095,438530,266,196,0,196,3
2020-04-23,Sonoma,097,501317,238,187,0,187,1
2020-04-23,Stanislaus,099,539301,390,254,4,258,4
2020-04-23,Sutter,101,95872,28,24,0,24,2
2020-04-23,Tehama,103,63373,1,1,0,1,1
2020-04-23,Trinity,105,12862,0,0,0,0,0
2020-04-23,Tulare,107,460477,674,440,2,442,25
2020-04-23,Tuolumne,109,53932,3,2,0,2,0
2020-04-23,Ventura,111,848112,597,479,0,479,16
2020-04-23,Yolo,113,214977,170,151,0,151,8
2020-04-23,Yuba,115,75493,16,15,0,15,1
2020-04-22,Alameda,001,1643700,1598,1275,0,1275,46
2020-04-22,Alpine,003,1148,1,1,0,1,0
2020-04-22,Amador,005,37829,8,7,0,7,0
2020-04-22,Butte,007,227075,24,15,1,16,0
2020-04-22,Calaveras,009,45235,13,12,0,12,0
2020-04-22,Colusa,011,21464,3,3,0,3,0
2020-04-22,Contra Costa,013,1133247,899,772,0,772,22
2020-04-22,Del Norte,015,27424,2,2,0,2,0
2020-04-22,El Dorado,017,186661,51,39,0,39,0
2020-04-22,Fresno,019,978130,718,388,6,394,7
2020-04-22,Glenn,021,27897,5,3,0,3,0
2020-04-22,Humboldt,023,135768,59,53,0,53,0
2020-04-22,Imperial,025,180216,386,170,0,170,3
2020-04-22,Inyo,027,18085,19,18,0,18,0
2020-04-22,Kern,029,883053,946,713,1,714,4
2020-04-22,Kings,031,150075,91,28,1,29,1
2020-04-22,Lake,033,64148,6,6,0,6,0
2020-04-22,Lassen,035,31185,1,0,2,2,0
2020-04-22,Los Angeles,037,10098052,22527,16400,17,16417,715
2020-04-22,Madera,039,155013,73,37,0,37,2
2020-04-22,Marin,041,260295,223,202,1,203,11
2020-04-22,Mariposa,043,17540,6,0,0,0,0
2020-04-22,Mendocino,045,87422,7,5,0,5,0
2020-04-22,Merced,047,269075,147,92,0,92,3
2020-04-22,Modoc,049,8938,0,0,0,0,0
2020-04-22,Mono,051,14174,29,23,0,23,1
2020-04-22,Monterey,053,433212,217,154,0,154,4
2020-04-22,Napa,055,140530,65,58,0,58,2
2020-04-22,Nevada,057,99092,41,36,1,37,1
2020-04-22,Orange,059,3164182,2818,1785,14,1799,36
2020-04-22,Placer,061,380077,156,133,0,133,8
2020-04-22,Plumas,063,18699,4,4,0,4,0
2020-04-22,Riverside,065,2383286,4028,2822,6,2828,76
2020-04-22,Sacramento,067,1510023,1059,959,0,959,36
2020-04-22,San Benito,069,59416,45,43,0,43,2
2020-04-22,San Bernardino,071,2135413,2089,1564,1,1565,74
2020-04-22,San Diego,073,3302833,3565,2493,0,2493,96
2020-04-22,San Francisco,075,870044,1546,1255,0,1255,21
2020-04-22,San Joaquin,077,732212,537,462,3,465,20
2020-04-22,San Luis Obispo,079,281455,203,142,1,143,1
2020-04-22,San Mateo,081,765935,1267,945,2,947,40
2020-04-22,Santa Barbara,083,443738,576,437,2,439,6
2020-04-22,Santa Clara,085,1922200,2315,1969,1,1970,95
2020-04-22,Santa Cruz,087,273765,131,106,0,106,2
2020-04-22,Shasta,089,179085,33,26,0,26,3
2020-04-22,Sierra,091,2930,0,0,0,0,0
2020-04-22,Siskiyou,093,43540,5,5,0,5,0
2020-04-22,Solano,095,438530,247,195,0,195,3
2020-04-22,Sonoma,097,501317,235,185,0,185,1
2020-04-22,Stanislaus,099,539301,333,247,4,251,4
2020-04-22,Sutter,101,95872,28,22,0,22,2
2020-04-22,Tehama,103,63373,1,1,0,1,1
2020-04-22,Trinity,105,12862,0,0,0,0,0
2020-04-22,Tulare,107,460477,641,425,2,427,23
2020-04-22,Tuolumne,109,53932,3,2,0,2,0
2020-04-22,Ventura,111,848112,587,465,0,465,15
2020-04-22,Yolo,113,214977,170,147,0,147,8
2020-04-22,Yuba,115,75493,16,15,0,15,1
2020-04-21,Alameda,001,1643700,1568,1234,0,1234,46
2020-04-21,Alpine,003,1148,1,1,0,1,0
2020-04-21,Amador,005,37829,8,7,0,7,0
2020-04-21,Butte,007,227075,23,15,1,16,0
2020-04-21,Calaveras,009,45235,12,12,0,12,0
2020-04-21,Colusa,011,21464,3,3,0,3,0
2020-04-21,Contra Costa,013,1133247,885,766,0,766,22
2020-04-21,Del Norte,015,27424,2,2,0,2,0
2020-04-21,El Dorado,017,186661,51,36,0,36,0
2020-04-21,Fresno,019,978130,684,372,6,378,7
2020-04-21,Glenn,021,27897,5,3,0,3,0
2020-04-21,Humboldt,023,135768,58,53,0,53,0
2020-04-21,Imperial,025,180216,366,165,0,165,2
2020-04-21,Inyo,027,18085,19,18,0,18,0
2020-04-21,Kern,029,883053,904,676,1,677,4
2020-04-21,Kings,031,150075,78,28,1,29,1
2020-04-21,Lake,033,64148,6,6,0,6,0
2020-04-21,Lassen,035,31185,1,0,2,2,0
2020-04-21,Los Angeles,037,10098052,21666,15096,17,15113,650
2020-04-21,Madera,039,155013,73,37,0,37,2
2020-04-21,Marin,041,260295,217,202,1,203,10
2020-04-21,Mariposa,043,17540,5,0,0,0,0
2020-04-21,Mendocino,045,87422,7,5,0,5,0
2020-04-21,Merced,047,269075,143,89,0,89,3
2020-04-21,Modoc,049,8938,0,0,0,0,0
2020-04-21,Mono,051,14174,29,23,0,23,1
2020-04-21,Monterey,053,433212,214,151,0,151,4
2020-04-21,Napa,055,140530,64,58,0,58,2
2020-04-21,Nevada,057,99092,41,36,1,37,1
2020-04-21,Orange,059,3164182,2696,1717,13,1730,36
2020-04-21,Placer,061,380077,154,133,0,133,8
2020-04-21,Plumas,063,18699,4,4,0,4,0
2020-04-21,Riverside,065,2383286,3897,2631,6,2637,68
2020-04-21,Sacramento,067,1510023,1049,941,0,941,33
2020-04-21,San Benito,069,59416,44,43,0,43,2
2020-04-21,San Bernardino,071,2135413,2028,1499,1,1500,71
2020-04-21,San Diego,073,3302833,3409,2436,0,2436,87
2020-04-21,San Francisco,075,870044,1516,1232,0,1232,20
2020-04-21,San Joaquin,077,732212,527,447,3,450,20
2020-04-21,San Luis Obispo,079,281455,199,134,1,135,1
2020-04-21,San Mateo,081,765935,1221,933,2,935,34
2020-04-21,Santa Barbara,083,443738,564,414,1,415,5
2020-04-21,Santa Clara,085,1922200,2273,1943,1,1944,91
2020-04-21,Santa Cruz,087,273765,129,104,0,104,2
2020-04-21,Shasta,089,179085,32,26,0,26,3
2020-04-21,Sierra,091,2930,0,0,0,0,0
2020-04-21,Siskiyou,093,43540,5,5,0,5,0
2020-04-21,Solano,095,438530,239,193,0,193,3
2020-04-21,Sonoma,097,501317,225,182,0,182,1
2020-04-21,Stanislaus,099,539301,314,235,4,239,4
2020-04-21,Sutter,101,95872,28,22,0,22,2
2020-04-21,Tehama,103,63373,1,1,0,1,1
2020-04-21,Trinity,105,12862,0,0,0,0,0
2020-04-21,Tulare,107,460477,605,410,2,412,23
2020-04-21,Tuolumne,109,53932,3,2,0,2,0
2020-04-21,Ventura,111,848112,575,455,0,455,14
2020-04-21,Yolo,113,214977,168,143,0,143,8
2020-04-21,Yuba,115,75493,16,15,0,15,1
2020-04-20,Alameda,001,1643700,1535,1181,0,1181,42
2020-04-20,Alpine,003,1148,1,1,0,1,0
2020-04-20,Amador,005,37829,8,7,0,7,0
2020-04-20,Butte,007,227075,23,15,1,16,0
2020-04-20,Calaveras,009,45235,12,12,0,12,0
2020-04-20,Colusa,011,21464,3,3,0,3,0
2020-04-20,Contra Costa,013,1133247,875,753,0,753,22
2020-04-20,Del Norte,015,27424,2,2,0,2,0
2020-04-20,El Dorado,017,186661,51,36,0,36,0
2020-04-20,Fresno,019,978130,666,356,6,362,7
2020-04-20,Glenn,021,27897,4,3,0,3,0
2020-04-20,Humboldt,023,135768,58,53,0,53,0
2020-04-20,Imperial,025,180216,346,149,0,149,2
2020-04-20,Inyo,027,18085,19,17,0,17,0
2020-04-20,Kern,029,883053,872,651,1,652,3
2020-04-20,Kings,031,150075,67,19,1,20,1
2020-04-20,Lake,033,64148,6,6,0,6,0
2020-04-20,Lassen,035,31185,1,0,2,2,0
2020-04-20,Los Angeles,037,10098052,20752,13787,17,13804,608
2020-04-20,Madera,039,155013,72,35,0,35,2
2020-04-20,Marin,041,260295,213,200,1,201,10
2020-04-20,Mariposa,043,17540,5,0,0,0,0
2020-04-20,Mendocino,045,87422,7,5,0,5,0
2020-04-20,Merced,047,269075,136,88,0,88,3
2020-04-20,Modoc,049,8938,0,0,0,0,0
2020-04-20,Mono,051,14174,29,23,0,23,1
2020-04-20,Monterey,053,433212,205,147,0,147,4
2020-04-20,Napa,055,140530,64,55,0,55,2
2020-04-20,Nevada,057,99092,41,34,1,35,1
2020-04-20,Orange,059,3164182,2615,1679,13,1692,33
2020-04-20,Placer,061,380077,153,132,0,132,8
2020-04-20,Plumas,063,18699,4,4,0,4,0
2020-04-20,Riverside,065,2383286,3772,2477,6,2483,61
2020-04-20,Sacramento,067,1510023,1039,924,0,924,32
2020-04-20,San Benito,069,59416,44,43,0,43,2
2020-04-20,San Bernardino,071,2135413,1941,1344,1,1345,63
2020-04-20,San Diego,073,3302833,3268,2327,0,2327,72
2020-04-20,San Francisco,075,870044,1484,1223,0,1223,19
2020-04-20,San Joaquin,077,732212,523,422,3,425,17
2020-04-20,San Luis Obispo,079,281455,185,132,1,133,1
2020-04-20,San Mateo,081,765935,1198,890,2,892,31
2020-04-20,Santa Barbara,083,443738,553,388,1,389,4
2020-04-20,Santa Clara,085,1922200,2249,1920,1,1921,84
2020-04-20,Santa Cruz,087,273765,127,102,0,102,2
2020-04-20,Shasta,089,179085,32,26,0,26,3
2020-04-20,Sierra,091,2930,0,0,0,0,0
2020-04-20,Siskiyou,093,43540,5,5,0,5,0
2020-04-20,Solano,095,438530,236,185,0,185,2
2020-04-20,Sonoma,097,501317,217,178,0,178,1
2020-04-20,Stanislaus,099,539301,300,228,4,232,3
2020-04-20,Sutter,101,95872,27,22,0,22,2
2020-04-20,Tehama,103,63373,1,1,0,1,1
2020-04-20,Trinity,105,12862,0,0,0,0,0
2020-04-20,Tulare,107,460477,595,401,2,403,20
2020-04-20,Tuolumne,109,53932,3,2,0,2,0
2020-04-20,Ventura,111,848112,563,426,0,426,13
2020-04-20,Yolo,113,214977,167,125,0,125,5
2020-04-20,Yuba,115,75493,16,15,0,15,1
2020-04-19,Alameda,001,1643700,1485,1134,0,1134,41
2020-04-19,Alpine,003,1148,1,1,0,1,0
2020-04-19,Amador,005,37829,7,7,0,7,0
2020-04-19,Butte,007,227075,22,15,1,16,0
2020-04-19,Calaveras,009,45235,12,12,0,12,0
2020-04-19,Colusa,011,21464,3,3,0,3,0
2020-04-19,Contra Costa,013,1133247,861,731,0,731,20
2020-04-19,Del Norte,015,27424,2,2,0,2,0
2020-04-19,El Dorado,017,186661,51,36,0,36,0
2020-04-19,Fresno,019,978130,630,326,6,332,7
2020-04-19,Glenn,021,27897,4,3,0,3,0
2020-04-19,Humboldt,023,135768,58,53,0,53,0
2020-04-19,Imperial,025,180216,320,144,0,144,2
2020-04-19,Inyo,027,18085,19,17,0,17,0
2020-04-19,Kern,029,883053,847,629,1,630,3
2020-04-19,Kings,031,150075,57,17,1,18,1
2020-04-19,Lake,033,64148,6,6,0,6,0
2020-04-19,Lassen,035,31185,1,0,2,2,0
2020-04-19,Los Angeles,037,10098052,19756,12299,17,12316,589
2020-04-19,Madera,039,155013,70,34,0,34,2
2020-04-19,Marin,041,260295,212,194,1,195,10
2020-04-19,Mariposa,043,17540,2,0,0,0,0
2020-04-19,Mendocino,045,87422,7,4,0,4,0
2020-04-19,Merced,047,269075,131,85,0,85,3
2020-04-19,Modoc,049,8938,0,0,0,0,0
2020-04-19,Mono,051,14174,29,23,0,23,1
2020-04-19,Monterey,053,433212,197,140,0,140,4
2020-04-19,Napa,055,140530,62,49,0,49,2
2020-04-19,Nevada,057,99092,40,34,1,35,1
2020-04-19,Orange,059,3164182,2517,1591,11,1602,32
2020-04-19,Placer,061,380077,152,131,0,131,8
2020-04-19,Plumas,063,18699,4,4,0,4,0
2020-04-19,Riverside,065,2383286,3629,2316,6,2322,56
2020-04-19,Sacramento,067,1510023,1012,912,0,912,32
2020-04-19,San Benito,069,59416,42,40,0,40,2
2020-04-19,San Bernardino,071,2135413,1878,1262,1,1263,58
2020-04-19,San Diego,073,3302833,3101,2270,0,2270,71
2020-04-19,San Francisco,075,870044,1451,1153,0,1153,19
2020-04-19,San Joaquin,077,732212,505,404,3,407,17
2020-04-19,San Luis Obispo,079,281455,180,132,1,133,1
2020-04-19,San Mateo,081,765935,1162,845,2,847,31
2020-04-19,Santa Barbara,083,443738,544,377,1,378,3
2020-04-19,Santa Clara,085,1922200,2213,1878,1,1879,81
2020-04-19,Santa Cruz,087,273765,124,98,0,98,2
2020-04-19,Shasta,089,179085,30,26,0,26,3
2020-04-19,Sierra,091,2930,0,0,0,0,0
2020-04-19,Siskiyou,093,43540,5,5,0,5,0
2020-04-19,Solano,095,438530,228,174,0,174,2
2020-04-19,Sonoma,097,501317,211,172,0,172,1
2020-04-19,Stanislaus,099,539301,292,221,4,225,3
2020-04-19,Sutter,101,95872,26,21,0,21,2
2020-04-19,Tehama,103,63373,1,1,0,1,1
2020-04-19,Trinity,105,12862,0,0,0,0,0
2020-04-19,Tulare,107,460477,551,391,2,393,17
2020-04-19,Tuolumne,109,53932,3,2,0,2,0
2020-04-19,Ventura,111,848112,555,418,0,418,13
2020-04-19,Yolo,113,214977,167,120,0,120,5
2020-04-19,Yuba,115,75493,16,15,0,15,1
2020-04-18,Alameda,001,1643700,1460,1085,0,1085,40
2020-04-18,Alpine,003,1148,1,1,0,1,0
2020-04-18,Amador,005,37829,7,7,0,7,0
2020-04-18,Butte,007,227075,21,15,1,16,0
2020-04-18,Calaveras,009,45235,12,12,0,12,0
2020-04-18,Colusa,011,21464,3,3,0,3,0
2020-04-18,Contra Costa,013,1133247,849,721,0,721,17
2020-04-18,Del Norte,015,27424,2,2,0,2,0
2020-04-18,El Dorado,017,186661,51,36,0,36,0
2020-04-18,Fresno,019,978130,610,319,6,325,7
2020-04-18,Glenn,021,27897,4,3,0,3,0
2020-04-18,Humboldt,023,135768,58,52,0,52,0
2020-04-18,Imperial,025,180216,311,137,0,137,2
2020-04-18,Inyo,027,18085,19,17,0,17,0
2020-04-18,Kern,029,883053,825,626,1,627,3
2020-04-18,Kings,031,150075,56,17,1,18,1
2020-04-18,Lake,033,64148,6,6,0,6,0
2020-04-18,Lassen,035,31185,1,0,2,2,0
2020-04-18,Los Angeles,037,10098052,19231,11984,16,12000,566
2020-04-18,Madera,039,155013,69,34,0,34,2
2020-04-18,Marin,041,260295,210,193,1,194,10
2020-04-18,Mariposa,043,17540,2,0,0,0,0
2020-04-18,Mendocino,045,87422,7,4,0,4,0
2020-04-18,Merced,047,269075,129,82,0,82,3
2020-04-18,Modoc,049,8938,0,0,0,0,0
2020-04-18,Mono,051,14174,29,22,0,22,1
2020-04-18,Monterey,053,433212,193,135,0,135,3
2020-04-18,Napa,055,140530,62,49,0,49,2
2020-04-18,Nevada,057,99092,39,34,1,35,1
2020-04-18,Orange,059,3164182,2453,1569,10,1579,32
2020-04-18,Placer,061,380077,150,130,0,130,8
2020-04-18,Plumas,063,18699,4,4,0,4,0
2020-04-18,Riverside,065,2383286,3557,2257,6,2263,56
2020-04-18,Sacramento,067,1510023,1000,901,0,901,32
2020-04-18,San Benito,069,59416,42,40,0,40,2
2020-04-18,San Bernardino,071,2135413,1833,1255,1,1256,58
2020-04-18,San Diego,073,3302833,2999,2215,0,2215,71
2020-04-18,San Francisco,075,870044,1412,1144,0,1144,19
2020-04-18,San Joaquin,077,732212,496,392,3,395,17
2020-04-18,San Luis Obispo,079,281455,176,129,1,130,1
2020-04-18,San Mateo,081,765935,1140,821,2,823,31
2020-04-18,Santa Barbara,083,443738,538,372,1,373,3
2020-04-18,Santa Clara,085,1922200,2183,1862,1,1863,79
2020-04-18,Santa Cruz,087,273765,122,96,0,96,2
2020-04-18,Shasta,089,179085,30,26,0,26,3
2020-04-18,Sierra,091,2930,0,0,0,0,0
2020-04-18,Siskiyou,093,43540,5,5,0,5,0
2020-04-18,Solano,095,438530,225,175,0,175,2
2020-04-18,Sonoma,097,501317,207,168,0,168,1
2020-04-18,Stanislaus,099,539301,284,216,4,220,3
2020-04-18,Sutter,101,95872,26,21,0,21,2
2020-04-18,Tehama,103,63373,1,1,0,1,1
2020-04-18,Trinity,105,12862,0,0,0,0,0
2020-04-18,Tulare,107,460477,542,385,2,387,17
2020-04-18,Tuolumne,109,53932,3,2,0,2,0
2020-04-18,Ventura,111,848112,547,416,0,416,13
2020-04-18,Yolo,113,214977,165,118,0,118,5
2020-04-18,Yuba,115,75493,16,14,0,14,1
2020-04-17,Alameda,001,1643700,1405,1043,0,1043,40
2020-04-17,Alpine,003,1148,1,1,0,1,0
2020-04-17,Amador,005,37829,7,7,0,7,0
2020-04-17,Butte,007,227075,21,15,1,16,0
2020-04-17,Calaveras,009,45235,12,11,0,11,0
2020-04-17,Colusa,011,21464,3,3,0,3,0
2020-04-17,Contra Costa,013,1133247,840,687,0,687,15
2020-04-17,Del Norte,015,27424,2,2,0,2,0
2020-04-17,El Dorado,017,186661,51,35,0,35,0
2020-04-17,Fresno,019,978130,588,315,6,321,7
2020-04-17,Glenn,021,27897,4,3,0,3,0
2020-04-17,Humboldt,023,135768,57,52,0,52,0
2020-04-17,Imperial,025,180216,302,135,0,135,2
2020-04-17,Inyo,027,18085,19,17,0,17,0
2020-04-17,Kern,029,883053,805,612,1,613,3
2020-04-17,Kings,031,150075,54,15,1,16,1
2020-04-17,Lake,033,64148,6,6,0,6,0
2020-04-17,Lassen,035,31185,1,0,2,2,0
2020-04-17,Los Angeles,037,10098052,18588,11354,16,11370,489
2020-04-17,Madera,039,155013,69,34,0,34,2
2020-04-17,Marin,041,260295,207,189,1,190,10
2020-04-17,Mariposa,043,17540,1,0,0,0,0
2020-04-17,Mendocino,045,87422,7,4,0,4,0
2020-04-17,Merced,047,269075,128,80,0,80,3
2020-04-17,Modoc,049,8938,0,0,0,0,0
2020-04-17,Mono,051,14174,29,22,0,22,1
2020-04-17,Monterey,053,433212,188,119,0,119,3
2020-04-17,Napa,055,140530,60,46,0,46,2
2020-04-17,Nevada,057,99092,38,34,1,35,1
2020-04-17,Orange,059,3164182,2402,1496,10,1506,31
2020-04-17,Placer,061,380077,150,130,0,130,8
2020-04-17,Plumas,063,18699,4,4,0,4,0
2020-04-17,Riverside,065,2383286,3431,2080,6,2086,50
2020-04-17,Sacramento,067,1510023,993,882,0,882,32
2020-04-17,San Benito,069,59416,42,38,0,38,2
2020-04-17,San Bernardino,071,2135413,1794,1229,1,1230,57
2020-04-17,San Diego,073,3302833,2909,2160,0,2160,70
2020-04-17,San Francisco,075,870044,1386,1090,0,1090,19
2020-04-17,San Joaquin,077,732212,485,356,3,359,17
2020-04-17,San Luis Obispo,079,281455,169,116,1,117,1
2020-04-17,San Mateo,081,765935,1124,768,2,770,31
2020-04-17,Santa Barbara,083,443738,533,349,1,350,3
2020-04-17,Santa Clara,085,1922200,2154,1834,1,1835,74
2020-04-17,Santa Cruz,087,273765,121,94,0,94,2
2020-04-17,Shasta,089,179085,30,26,0,26,3
2020-04-17,Sierra,091,2930,0,0,0,0,0
2020-04-17,Siskiyou,093,43540,5,5,0,5,0
2020-04-17,Solano,095,438530,224,173,0,173,2
2020-04-17,Sonoma,097,501317,204,167,0,167,1
2020-04-17,Stanislaus,099,539301,282,201,4,205,3
2020-04-17,Sutter,101,95872,26,20,0,20,2
2020-04-17,Tehama,103,63373,1,1,0,1,1
2020-04-17,Trinity,105,12862,0,0,0,0,0
2020-04-17,Tulare,107,460477,535,370,2,372,17
2020-04-17,Tuolumne,109,53932,3,2,0,2,0
2020-04-17,Ventura,111,848112,542,398,0,398,13
2020-04-17,Yolo,113,214977,164,117,0,117,5
2020-04-17,Yuba,115,75493,16,14,0,14,1
2020-04-16,Alameda,001,1643700,1372,981,0,981,39
2020-04-16,Alpine,003,1148,1,1,0,1,0
2020-04-16,Amador,005,37829,7,7,0,7,0
2020-04-16,Butte,007,227075,20,15,1,16,0
2020-04-16,Calaveras,009,45235,12,10,0,10,0
2020-04-16,Colusa,011,21464,3,3,0,3,0
2020-04-16,Contra Costa,013,1133247,826,675,0,675,14
2020-04-16,Del Norte,015,27424,2,2,0,2,0
2020-04-16,El Dorado,017,186661,50,34,0,34,0
2020-04-16,Fresno,019,978130,559,289,6,295,7
2020-04-16,Glenn,021,27897,4,3,0,3,0
2020-04-16,Humboldt,023,135768,57,47,0,47,0
2020-04-16,Imperial,025,180216,288,132,0,132,2
2020-04-16,Inyo,027,18085,17,17,0,17,0
2020-04-16,Kern,029,883053,779,587,1,588,3
2020-04-16,Kings,031,150075,50,12,1,13,1
2020-04-16,Lake,033,64148,6,6,0,6,0
2020-04-16,Lassen,035,31185,1,0,2,2,0
2020-04-16,Los Angeles,037,10098052,17704,10786,16,10802,447
2020-04-16,Madera,039,155013,67,34,0,34,2
2020-04-16,Marin,041,260295,203,170,1,171,10
2020-04-16,Mariposa,043,17540,1,1,0,1,0
2020-04-16,Mendocino,045,87422,7,4,0,4,0
2020-04-16,Merced,047,269075,122,76,0,76,3
2020-04-16,Modoc,049,8938,0,0,0,0,0
2020-04-16,Mono,051,14174,29,22,0,22,1
2020-04-16,Monterey,053,433212,185,116,0,116,3
2020-04-16,Napa,055,140530,57,44,0,44,2
2020-04-16,Nevada,057,99092,38,34,1,35,1
2020-04-16,Orange,059,3164182,2338,1439,9,1448,28
2020-04-16,Placer,061,380077,148,129,0,129,7
2020-04-16,Plumas,063,18699,4,4,0,4,0
2020-04-16,Riverside,065,2383286,3313,1913,6,1919,45
2020-04-16,Sacramento,067,1510023,985,865,0,865,32
2020-04-16,San Benito,069,59416,42,36,0,36,2
2020-04-16,San Bernardino,071,2135413,1711,1143,0,1143,54
2020-04-16,San Diego,073,3302833,2801,2089,0,2089,63
2020-04-16,San Francisco,075,870044,1342,1039,0,1039,16
2020-04-16,San Joaquin,077,732212,470,345,3,348,17
2020-04-16,San Luis Obispo,079,281455,165,113,1,114,1
2020-04-16,San Mateo,081,765935,1095,745,2,747,29
2020-04-16,Santa Barbara,083,443738,520,331,1,332,3
2020-04-16,Santa Clara,085,1922200,2128,1789,1,1790,70
2020-04-16,Santa Cruz,087,273765,119,90,0,90,2
2020-04-16,Shasta,089,179085,30,25,0,25,3
2020-04-16,Sierra,091,2930,0,0,0,0,0
2020-04-16,Siskiyou,093,43540,5,5,0,5,0
2020-04-16,Solano,095,438530,221,162,0,162,2
2020-04-16,Sonoma,097,501317,199,145,0,145,1
2020-04-16,Stanislaus,099,539301,279,185,4,189,3
2020-04-16,Sutter,101,95872,25,21,0,21,2
2020-04-16,Tehama,103,63373,1,1,0,1,1
2020-04-16,Trinity,105,12862,0,0,0,0,0
2020-04-16,Tulare,107,460477,519,305,2,307,16
2020-04-16,Tuolumne,109,53932,3,1,0,1,0
2020-04-16,Ventura,111,848112,530,384,0,384,13
2020-04-16,Yolo,113,214977,162,98,0,98,4
2020-04-16,Yuba,115,75493,15,14,0,14,1
2020-04-15,Alameda,001,1643700,1322,915,0,915,38
2020-04-15,Alpine,003,1148,1,1,0,1,0
2020-04-15,Amador,005,37829,7,7,0,7,0
2020-04-15,Butte,007,227075,20,14,1,15,0
2020-04-15,Calaveras,009,45235,11,9,0,9,0
2020-04-15,Colusa,011,21464,3,3,0,3,0
2020-04-15,Contra Costa,013,1133247,804,645,0,645,14
2020-04-15,Del Norte,015,27424,2,2,0,2,0
2020-04-15,El Dorado,017,186661,48,33,0,33,0
2020-04-15,Fresno,019,978130,534,264,6,270,7
2020-04-15,Glenn,021,27897,4,3,0,3,0
2020-04-15,Humboldt,023,135768,57,47,0,47,0
2020-04-15,Imperial,025,180216,262,115,0,115,2
2020-04-15,Inyo,027,18085,17,12,0,12,0
2020-04-15,Kern,029,883053,757,500,1,501,3
2020-04-15,Kings,031,150075,46,12,1,13,1
2020-04-15,Lake,033,64148,6,4,0,4,0
2020-04-15,Lassen,035,31185,1,0,2,2,0
2020-04-15,Los Angeles,037,10098052,16883,10416,16,10432,394
2020-04-15,Madera,039,155013,67,30,0,30,2
2020-04-15,Marin,041,260295,200,162,1,163,10
2020-04-15,Mariposa,043,17540,0,0,0,0,0
2020-04-15,Mendocino,045,87422,6,4,0,4,0
2020-04-15,Merced,047,269075,120,74,0,74,3
2020-04-15,Modoc,049,8938,0,0,0,0,0
2020-04-15,Mono,051,14174,29,22,0,22,1
2020-04-15,Monterey,053,433212,177,106,0,106,3
2020-04-15,Napa,055,140530,55,34,0,34,2
2020-04-15,Nevada,057,99092,37,34,1,35,1
2020-04-15,Orange,059,3164182,2235,1377,9,1386,24
2020-04-15,Placer,061,380077,147,123,0,123,6
2020-04-15,Plumas,063,18699,4,4,0,4,0
2020-04-15,Riverside,065,2383286,3118,1723,6,1729,42
2020-04-15,Sacramento,067,1510023,976,839,0,839,32
2020-04-15,San Benito,069,59416,42,34,0,34,2
2020-04-15,San Bernardino,071,2135413,1641,1063,0,1063,45
2020-04-15,San Diego,073,3302833,2713,2014,0,2014,60
2020-04-15,San Francisco,075,870044,1306,1006,0,1006,16
2020-04-15,San Joaquin,077,732212,462,329,3,332,17
2020-04-15,San Luis Obispo,079,281455,158,112,1,113,1
2020-04-15,San Mateo,081,765935,1046,707,2,709,28
2020-04-15,Santa Barbara,083,443738,501,317,1,318,2
2020-04-15,Santa Clara,085,1922200,2094,1692,1,1693,69
2020-04-15,Santa Cruz,087,273765,115,92,0,92,2
2020-04-15,Shasta,089,179085,30,25,0,25,3
2020-04-15,Sierra,091,2930,0,0,0,0,0
2020-04-15,Siskiyou,093,43540,5,5,0,5,0
2020-04-15,Solano,095,438530,216,153,0,153,2
2020-04-15,Sonoma,097,501317,197,140,0,140,1
2020-04-15,Stanislaus,099,539301,272,174,4,178,3
2020-04-15,Sutter,101,95872,25,19,0,19,2
2020-04-15,Tehama,103,63373,1,1,0,1,1
2020-04-15,Trinity,105,12862,0,0,0,0,0
2020-04-15,Tulare,107,460477,502,289,2,291,14
2020-04-15,Tuolumne,109,53932,3,1,0,1,0
2020-04-15,Ventura,111,848112,515,365,0,365,13
2020-04-15,Yolo,113,214977,158,93,0,93,3
2020-04-15,Yuba,115,75493,15,15,0,15,1
2020-04-14,Alameda,001,1643700,1277,843,0,843,30
2020-04-14,Alpine,003,1148,1,1,0,1,0
2020-04-14,Amador,005,37829,7,6,0,6,0
2020-04-14,Butte,007,227075,20,13,1,14,0
2020-04-14,Calaveras,009,45235,11,5,0,5,0
2020-04-14,Colusa,011,21464,3,3,0,3,0
2020-04-14,Contra Costa,013,1133247,792,617,0,617,12
2020-04-14,Del Norte,015,27424,2,2,0,2,0
2020-04-14,El Dorado,017,186661,48,30,0,30,0
2020-04-14,Fresno,019,978130,511,244,6,250,6
2020-04-14,Glenn,021,27897,4,3,0,3,0
2020-04-14,Humboldt,023,135768,57,44,0,44,0
2020-04-14,Imperial,025,180216,242,86,0,86,2
2020-04-14,Inyo,027,18085,17,12,0,12,0
2020-04-14,Kern,029,883053,734,453,1,454,3
2020-04-14,Kings,031,150075,45,12,1,13,1
2020-04-14,Lake,033,64148,6,3,0,3,0
2020-04-14,Lassen,035,31185,1,0,2,2,0
2020-04-14,Los Angeles,037,10098052,15989,9948,15,9963,357
2020-04-14,Madera,039,155013,66,29,0,29,2
2020-04-14,Marin,041,260295,196,147,1,148,9
2020-04-14,Mariposa,043,17540,0,0,0,0,0
2020-04-14,Mendocino,045,87422,6,4,0,4,0
2020-04-14,Merced,047,269075,113,61,0,61,3
2020-04-14,Modoc,049,8938,0,0,0,0,0
2020-04-14,Mono,051,14174,29,22,0,22,1
2020-04-14,Monterey,053,433212,172,98,0,98,3
2020-04-14,Napa,055,140530,55,33,0,33,2
2020-04-14,Nevada,057,99092,37,34,1,35,1
2020-04-14,Orange,059,3164182,2131,1362,8,1370,24
2020-04-14,Placer,061,380077,146,117,0,117,5
2020-04-14,Plumas,063,18699,4,3,0,3,0
2020-04-14,Riverside,065,2383286,2983,1467,6,1473,40
2020-04-14,Sacramento,067,1510023,967,737,0,737,29
2020-04-14,San Benito,069,59416,39,34,0,34,2
2020-04-14,San Bernardino,071,2135413,1586,933,0,933,37
2020-04-14,San Diego,073,3302833,2618,1932,0,1932,53
2020-04-14,San Francisco,075,870044,1252,968,0,968,14
2020-04-14,San Joaquin,077,732212,452,280,3,283,17
2020-04-14,San Luis Obispo,079,281455,156,109,1,110,1
2020-04-14,San Mateo,081,765935,1012,681,2,683,28
2020-04-14,Santa Barbara,083,443738,476,292,1,293,2
2020-04-14,Santa Clara,085,1922200,2061,1561,1,1562,63
2020-04-14,Santa Cruz,087,273765,107,84,0,84,2
2020-04-14,Shasta,089,179085,30,24,0,24,3
2020-04-14,Sierra,091,2930,0,0,0,0,0
2020-04-14,Siskiyou,093,43540,5,5,0,5,0
2020-04-14,Solano,095,438530,213,140,0,140,2
2020-04-14,Sonoma,097,501317,193,133,0,133,1
2020-04-14,Stanislaus,099,539301,259,136,4,140,3
2020-04-14,Sutter,101,95872,24,19,0,19,2
2020-04-14,Tehama,103,63373,1,1,0,1,1
2020-04-14,Trinity,105,12862,0,0,0,0,0
2020-04-14,Tulare,107,460477,479,228,2,230,12
2020-04-14,Tuolumne,109,53932,3,0,0,0,0
2020-04-14,Ventura,111,848112,502,328,0,328,11
2020-04-14,Yolo,113,214977,154,81,0,81,3
2020-04-14,Yuba,115,75493,14,14,0,14,1
2020-04-13,Alameda,001,1643700,1238,821,0,821,23
2020-04-13,Alpine,003,1148,1,1,0,1,0
2020-04-13,Amador,005,37829,7,6,0,6,0
2020-04-13,Butte,007,227075,20,13,1,14,0
2020-04-13,Calaveras,009,45235,10,5,0,5,0
2020-04-13,Colusa,011,21464,3,3,0,3,0
2020-04-13,Contra Costa,013,1133247,776,569,0,569,12
2020-04-13,Del Norte,015,27424,2,2,0,2,0
2020-04-13,El Dorado,017,186661,46,29,0,29,0
2020-04-13,Fresno,019,978130,489,205,5,210,4
2020-04-13,Glenn,021,27897,4,3,0,3,0
2020-04-13,Humboldt,023,135768,57,44,0,44,0
2020-04-13,Imperial,025,180216,224,82,0,82,2
2020-04-13,Inyo,027,18085,17,12,0,12,0
2020-04-13,Kern,029,883053,709,346,1,347,3
2020-04-13,Kings,031,150075,41,9,1,10,0
2020-04-13,Lake,033,64148,6,3,0,3,0
2020-04-13,Lassen,035,31185,1,0,2,2,0
2020-04-13,Los Angeles,037,10098052,15276,9367,15,9382,317
2020-04-13,Madera,039,155013,64,29,0,29,2
2020-04-13,Marin,041,260295,192,144,1,145,6
2020-04-13,Mariposa,043,17540,0,0,0,0,0
2020-04-13,Mendocino,045,87422,6,4,0,4,0
2020-04-13,Merced,047,269075,112,60,0,60,3
2020-04-13,Modoc,049,8938,0,0,0,0,0
2020-04-13,Mono,051,14174,29,21,0,21,1
2020-04-13,Monterey,053,433212,166,86,0,86,3
2020-04-13,Napa,055,140530,54,30,0,30,2
2020-04-13,Nevada,057,99092,37,24,1,25,1
2020-04-13,Orange,059,3164182,2058,1313,8,1321,21
2020-04-13,Placer,061,380077,145,116,0,116,5
2020-04-13,Plumas,063,18699,4,3,0,3,0
2020-04-13,Riverside,065,2383286,2843,1460,5,1465,35
2020-04-13,Sacramento,067,1510023,955,723,0,723,25
2020-04-13,San Benito,069,59416,38,33,0,33,2
2020-04-13,San Bernardino,071,2135413,1511,920,0,920,30
2020-04-13,San Diego,073,3302833,2535,1849,0,1849,47
2020-04-13,San Francisco,075,870044,1214,948,0,948,12
2020-04-13,San Joaquin,077,732212,438,255,3,258,16
2020-04-13,San Luis Obispo,079,281455,151,106,1,107,1
2020-04-13,San Mateo,081,765935,972,679,2,681,25
2020-04-13,Santa Barbara,083,443738,457,271,0,271,2
2020-04-13,Santa Clara,085,1922200,2021,1540,1,1541,58
2020-04-13,Santa Cruz,087,273765,101,82,0,82,1
2020-04-13,Shasta,089,179085,29,24,0,24,3
2020-04-13,Sierra,091,2930,0,0,0,0,0
2020-04-13,Siskiyou,093,43540,5,5,0,5,0
2020-04-13,Solano,095,438530,210,136,0,136,2
2020-04-13,Sonoma,097,501317,186,133,0,133,1
2020-04-13,Stanislaus,099,539301,253,130,4,134,1
2020-04-13,Sutter,101,95872,24,18,0,18,2
2020-04-13,Tehama,103,63373,1,1,0,1,0
2020-04-13,Trinity,105,12862,0,0,0,0,0
2020-04-13,Tulare,107,460477,443,185,2,187,11
2020-04-13,Tuolumne,109,53932,3,0,0,0,0
2020-04-13,Ventura,111,848112,481,309,0,309,9
2020-04-13,Yolo,113,214977,148,81,0,81,3
2020-04-13,Yuba,115,75493,14,13,0,13,1
2020-04-12,Alameda,001,1643700,1195,774,0,774,23
2020-04-12,Alpine,003,1148,1,1,0,1,0
2020-04-12,Amador,005,37829,7,6,0,6,0
2020-04-12,Butte,007,227075,20,13,1,14,0
2020-04-12,Calaveras,009,45235,10,5,0,5,0
2020-04-12,Colusa,011,21464,3,3,0,3,0
2020-04-12,Contra Costa,013,1133247,764,553,0,553,12
2020-04-12,Del Norte,015,27424,2,2,0,2,0
2020-04-12,El Dorado,017,186661,46,28,0,28,0
2020-04-12,Fresno,019,978130,460,205,5,210,4
2020-04-12,Glenn,021,27897,4,3,0,3,0
2020-04-12,Humboldt,023,135768,57,43,0,43,0
2020-04-12,Imperial,025,180216,201,78,0,78,2
2020-04-12,Inyo,027,18085,15,12,0,12,0
2020-04-12,Kern,029,883053,677,319,0,319,3
2020-04-12,Kings,031,150075,39,9,1,10,0
2020-04-12,Lake,033,64148,6,3,0,3,0
2020-04-12,Lassen,035,31185,1,0,2,2,0
2020-04-12,Los Angeles,037,10098052,14563,9133,15,9148,294
2020-04-12,Madera,039,155013,63,29,0,29,2
2020-04-12,Marin,041,260295,181,138,1,139,6
2020-04-12,Mariposa,043,17540,0,0,0,0,0
2020-04-12,Mendocino,045,87422,6,4,0,4,0
2020-04-12,Merced,047,269075,106,58,0,58,3
2020-04-12,Modoc,049,8938,0,0,0,0,0
2020-04-12,Mono,051,14174,29,20,0,20,1
2020-04-12,Monterey,053,433212,152,85,0,85,3
2020-04-12,Napa,055,140530,52,29,0,29,2
2020-04-12,Nevada,057,99092,37,24,1,25,1
2020-04-12,Orange,059,3164182,1997,1283,7,1290,21
2020-04-12,Placer,061,380077,144,114,0,114,4
2020-04-12,Plumas,063,18699,4,3,0,3,0
2020-04-12,Riverside,065,2383286,2661,1330,5,1335,34
2020-04-12,Sacramento,067,1510023,918,689,0,689,25
2020-04-12,San Benito,069,59416,36,33,0,33,2
2020-04-12,San Bernardino,071,2135413,1435,827,0,827,30
2020-04-12,San Diego,073,3302833,2445,1806,0,1806,45
2020-04-12,San Francisco,075,870044,1187,886,0,886,11
2020-04-12,San Joaquin,077,732212,420,246,3,249,15
2020-04-12,San Luis Obispo,079,281455,149,102,1,103,1
2020-04-12,San Mateo,081,765935,946,664,2,666,25
2020-04-12,Santa Barbara,083,443738,432,261,0,261,2
2020-04-12,Santa Clara,085,1922200,1997,1461,1,1462,53
2020-04-12,Santa Cruz,087,273765,100,80,0,80,1
2020-04-12,Shasta,089,179085,29,24,0,24,3
2020-04-12,Sierra,091,2930,0,0,0,0,0
2020-04-12,Siskiyou,093,43540,5,5,0,5,0
2020-04-12,Solano,095,438530,204,136,0,136,2
2020-04-12,Sonoma,097,501317,183,131,0,131,1
2020-04-12,Stanislaus,099,539301,245,117,4,121,1
2020-04-12,Sutter,101,95872,23,18,0,18,2
2020-04-12,Tehama,103,63373,1,1,0,1,0
2020-04-12,Trinity,105,12862,0,0,0,0,0
2020-04-12,Tulare,107,460477,432,166,2,168,11
2020-04-12,Tuolumne,109,53932,3,0,0,0,0
2020-04-12,Ventura,111,848112,472,306,0,306,9
2020-04-12,Yolo,113,214977,135,67,0,67,3
2020-04-12,Yuba,115,75493,14,13,0,13,1
2020-04-11,Alameda,001,1643700,1154,751,0,751,23
2020-04-11,Alpine,003,1148,1,1,0,1,0
2020-04-11,Amador,005,37829,7,6,0,6,0
2020-04-11,Butte,007,227075,20,13,1,14,0
2020-04-11,Calaveras,009,45235,10,5,0,5,0
2020-04-11,Colusa,011,21464,3,3,0,3,0
2020-04-11,Contra Costa,013,1133247,755,550,0,550,12
2020-04-11,Del Norte,015,27424,2,2,0,2,0
2020-04-11,El Dorado,017,186661,45,29,0,29,0
2020-04-11,Fresno,019,978130,450,201,5,206,4
2020-04-11,Glenn,021,27897,4,3,0,3,0
2020-04-11,Humboldt,023,135768,57,38,0,38,0
2020-04-11,Imperial,025,180216,190,78,0,78,2
2020-04-11,Inyo,027,18085,15,12,0,12,0
2020-04-11,Kern,029,883053,649,304,0,304,3
2020-04-11,Kings,031,150075,36,9,1,10,0
2020-04-11,Lake,033,64148,6,3,0,3,0
2020-04-11,Lassen,035,31185,1,0,2,2,0
2020-04-11,Los Angeles,037,10098052,14093,8823,15,8838,262
2020-04-11,Madera,039,155013,62,29,0,29,2
2020-04-11,Marin,041,260295,178,136,1,137,6
2020-04-11,Mariposa,043,17540,0,0,0,0,0
2020-04-11,Mendocino,045,87422,6,4,0,4,0
2020-04-11,Merced,047,269075,103,59,0,59,3
2020-04-11,Modoc,049,8938,0,0,0,0,0
2020-04-11,Mono,051,14174,29,20,0,20,1
2020-04-11,Monterey,053,433212,146,78,0,78,3
2020-04-11,Napa,055,140530,52,29,0,29,2
2020-04-11,Nevada,057,99092,37,24,1,25,1
2020-04-11,Orange,059,3164182,1936,1267,7,1274,21
2020-04-11,Placer,061,380077,144,113,0,113,4
2020-04-11,Plumas,063,18699,4,3,0,3,0
2020-04-11,Riverside,065,2383286,2582,1260,5,1265,33
2020-04-11,Sacramento,067,1510023,907,685,0,685,25
2020-04-11,San Benito,069,59416,36,33,0,33,2
2020-04-11,San Bernardino,071,2135413,1399,826,0,826,28
2020-04-11,San Diego,073,3302833,2379,1763,0,1763,45
2020-04-11,San Francisco,075,870044,1165,860,0,860,11
2020-04-11,San Joaquin,077,732212,415,244,3,247,15
2020-04-11,San Luis Obispo,079,281455,149,100,0,100,1
2020-04-11,San Mateo,081,765935,934,662,2,664,25
2020-04-11,Santa Barbara,083,443738,424,258,0,258,2
2020-04-11,Santa Clara,085,1922200,1955,1441,1,1442,51
2020-04-11,Santa Cruz,087,273765,100,79,0,79,1
2020-04-11,Shasta,089,179085,29,24,0,24,3
2020-04-11,Sierra,091,2930,0,0,0,0,0
2020-04-11,Siskiyou,093,43540,5,5,0,5,0
2020-04-11,Solano,095,438530,200,138,0,138,2
2020-04-11,Sonoma,097,501317,181,131,0,131,1
2020-04-11,Stanislaus,099,539301,238,119,3,122,1
2020-04-11,Sutter,101,95872,23,18,0,18,2
2020-04-11,Tehama,103,63373,1,1,0,1,0
2020-04-11,Trinity,105,12862,0,0,0,0,0
2020-04-11,Tulare,107,460477,410,168,2,170,10
2020-04-11,Tuolumne,109,53932,3,0,0,0,0
2020-04-11,Ventura,111,848112,462,304,0,304,9
2020-04-11,Yolo,113,214977,132,67,0,67,3
2020-04-11,Yuba,115,75493,14,13,0,13,1
2020-04-10,Alameda,001,1643700,1113,706,0,706,21
2020-04-10,Alpine,003,1148,1,1,0,1,0
2020-04-10,Amador,005,37829,7,5,0,5,0
2020-04-10,Butte,007,227075,20,13,1,14,0
2020-04-10,Calaveras,009,45235,10,5,0,5,0
2020-04-10,Colusa,011,21464,3,3,0,3,0
2020-04-10,Contra Costa,013,1133247,742,537,0,537,10
2020-04-10,Del Norte,015,27424,2,2,0,2,0
2020-04-10,El Dorado,017,186661,45,26,0,26,0
2020-04-10,Fresno,019,978130,443,186,4,190,3
2020-04-10,Glenn,021,27897,4,3,0,3,0
2020-04-10,Humboldt,023,135768,57,36,0,36,0
2020-04-10,Imperial,025,180216,183,70,0,70,2
2020-04-10,Inyo,027,18085,13,11,0,11,0
2020-04-10,Kern,029,883053,625,272,0,272,3
2020-04-10,Kings,031,150075,33,7,1,8,0
2020-04-10,Lake,033,64148,6,3,0,3,0
2020-04-10,Lassen,035,31185,1,0,2,2,0
2020-04-10,Los Angeles,037,10098052,13580,8384,14,8398,239
2020-04-10,Madera,039,155013,61,29,0,29,2
2020-04-10,Marin,041,260295,173,128,1,129,6
2020-04-10,Mariposa,043,17540,0,0,0,0,0
2020-04-10,Mendocino,045,87422,6,4,0,4,0
2020-04-10,Merced,047,269075,100,56,0,56,3
2020-04-10,Modoc,049,8938,0,0,0,0,0
2020-04-10,Mono,051,14174,29,20,0,20,1
2020-04-10,Monterey,053,433212,135,78,0,78,3
2020-04-10,Napa,055,140530,49,28,0,28,2
2020-04-10,Nevada,057,99092,37,23,1,24,1
2020-04-10,Orange,059,3164182,1889,1167,7,1174,21
2020-04-10,Placer,061,380077,143,112,0,112,4
2020-04-10,Plumas,063,18699,4,3,0,3,0
2020-04-10,Riverside,065,2383286,2517,1162,5,1167,30
2020-04-10,Sacramento,067,1510023,898,642,0,642,24
2020-04-10,San Benito,069,59416,36,32,0,32,2
2020-04-10,San Bernardino,071,2135413,1351,779,0,779,27
2020-04-10,San Diego,073,3302833,2319,1695,0,1695,44
2020-04-10,San Francisco,075,870044,1134,797,0,797,10
2020-04-10,San Joaquin,077,732212,403,234,3,237,14
2020-04-10,San Luis Obispo,079,281455,149,97,0,97,1
2020-04-10,San Mateo,081,765935,918,642,2,644,24
2020-04-10,Santa Barbara,083,443738,412,254,0,254,2
2020-04-10,Santa Clara,085,1922200,1906,1351,1,1352,50
2020-04-10,Santa Cruz,087,273765,99,75,0,75,1
2020-04-10,Shasta,089,179085,29,24,0,24,3
2020-04-10,Sierra,091,2930,0,0,0,0,0
2020-04-10,Siskiyou,093,43540,5,5,0,5,0
2020-04-10,Solano,095,438530,197,129,0,129,2
2020-04-10,Sonoma,097,501317,180,129,0,129,1
2020-04-10,Stanislaus,099,539301,231,101,3,104,0
2020-04-10,Sutter,101,95872,23,18,0,18,2
2020-04-10,Tehama,103,63373,1,1,0,1,0
2020-04-10,Trinity,105,12862,0,0,0,0,0
2020-04-10,Tulare,107,460477,367,163,2,165,10
2020-04-10,Tuolumne,109,53932,3,0,0,0,0
2020-04-10,Ventura,111,848112,454,290,0,290,9
2020-04-10,Yolo,113,214977,130,62,0,62,3
2020-04-10,Yuba,115,75493,14,13,0,13,1
2020-04-09,Alameda,001,1643700,1063,641,0,641,17
2020-04-09,Alpine,003,1148,1,1,0,1,0
2020-04-09,Amador,005,37829,7,2,0,2,0
2020-04-09,Butte,007,227075,19,12,1,13,0
2020-04-09,Calaveras,009,45235,10,5,0,5,0
2020-04-09,Colusa,011,21464,3,3,0,3,0
2020-04-09,Contra Costa,013,1133247,699,505,0,505,7
2020-04-09,Del Norte,015,27424,2,2,0,2,0
2020-04-09,El Dorado,017,186661,44,25,0,25,0
2020-04-09,Fresno,019,978130,419,165,4,169,3
2020-04-09,Glenn,021,27897,4,2,0,2,0
2020-04-09,Humboldt,023,135768,57,36,0,36,0
2020-04-09,Imperial,025,180216,162,67,0,67,2
2020-04-09,Inyo,027,18085,12,11,0,11,0
2020-04-09,Kern,029,883053,589,241,0,241,2
2020-04-09,Kings,031,150075,31,5,1,6,0
2020-04-09,Lake,033,64148,5,1,0,1,0
2020-04-09,Lassen,035,31185,1,0,2,2,0
2020-04-09,Los Angeles,037,10098052,12953,7919,14,7933,220
2020-04-09,Madera,039,155013,61,28,0,28,2
2020-04-09,Marin,041,260295,171,126,1,127,7
2020-04-09,Mariposa,043,17540,0,0,0,0,0
2020-04-09,Mendocino,045,87422,6,4,0,4,0
2020-04-09,Merced,047,269075,97,41,0,41,3
2020-04-09,Modoc,049,8938,0,0,0,0,0
2020-04-09,Mono,051,14174,29,19,0,19,1
2020-04-09,Monterey,053,433212,117,70,0,70,3
2020-04-09,Napa,055,140530,45,27,0,27,2
2020-04-09,Nevada,057,99092,36,23,1,24,1
2020-04-09,Orange,059,3164182,1813,1105,6,1111,19
2020-04-09,Placer,061,380077,142,107,0,107,4
2020-04-09,Plumas,063,18699,4,3,0,3,0
2020-04-09,Riverside,065,2383286,2375,1083,5,1088,29
2020-04-09,Sacramento,067,1510023,875,601,0,601,21
2020-04-09,San Benito,069,59416,36,32,0,32,2
2020-04-09,San Bernardino,071,2135413,1282,717,0,717,27
2020-04-09,San Diego,073,3302833,2223,1630,0,1630,40
2020-04-09,San Francisco,075,870044,1114,748,0,748,8
2020-04-09,San Joaquin,077,732212,382,223,3,226,14
2020-04-09,San Luis Obispo,079,281455,142,93,0,93,1
2020-04-09,San Mateo,081,765935,902,630,2,632,23
2020-04-09,Santa Barbara,083,443738,401,232,0,232,2
2020-04-09,Santa Clara,085,1922200,1837,1301,1,1302,49
2020-04-09,Santa Cruz,087,273765,99,73,0,73,1
2020-04-09,Shasta,089,179085,29,22,0,22,3
2020-04-09,Sierra,091,2930,0,0,0,0,0
2020-04-09,Siskiyou,093,43540,5,4,0,4,0
2020-04-09,Solano,095,438530,188,118,0,118,2
2020-04-09,Sonoma,097,501317,176,113,0,113,1
2020-04-09,Stanislaus,099,539301,219,93,3,96,0
2020-04-09,Sutter,101,95872,23,17,0,17,2
2020-04-09,Tehama,103,63373,1,1,0,1,0
2020-04-09,Trinity,105,12862,0,0,0,0,0
2020-04-09,Tulare,107,460477,341,147,2,149,9
2020-04-09,Tuolumne,109,53932,3,0,0,0,0
2020-04-09,Ventura,111,848112,435,273,0,273,9
2020-04-09,Yolo,113,214977,121,59,0,59,3
2020-04-09,Yuba,115,75493,14,13,0,13,0
2020-04-08,Alameda,001,1643700,1022,594,0,594,15
2020-04-08,Alpine,003,1148,1,1,0,1,0
2020-04-08,Amador,005,37829,7,2,0,2,0
2020-04-08,Butte,007,227075,18,11,1,12,0
2020-04-08,Calaveras,009,45235,10,5,0,5,0
2020-04-08,Colusa,011,21464,3,3,0,3,0
2020-04-08,Contra Costa,013,1133247,686,481,0,481,7
2020-04-08,Del Norte,015,27424,2,2,0,2,0
2020-04-08,El Dorado,017,186661,44,25,0,25,0
2020-04-08,Fresno,019,978130,399,151,4,155,3
2020-04-08,Glenn,021,27897,4,2,0,2,0
2020-04-08,Humboldt,023,135768,57,40,0,40,0
2020-04-08,Imperial,025,180216,151,59,0,59,2
2020-04-08,Inyo,027,18085,12,11,0,11,0
2020-04-08,Kern,029,883053,548,198,0,198,2
2020-04-08,Kings,031,150075,31,5,1,6,0
2020-04-08,Lake,033,64148,5,1,0,1,0
2020-04-08,Lassen,035,31185,1,0,2,2,0
2020-04-08,Los Angeles,037,10098052,12352,7505,14,7519,196
2020-04-08,Madera,039,155013,60,28,0,28,2
2020-04-08,Marin,041,260295,165,125,1,126,7
2020-04-08,Mariposa,043,17540,0,0,0,0,0
2020-04-08,Mendocino,045,87422,6,4,0,4,0
2020-04-08,Merced,047,269075,82,35,0,35,1
2020-04-08,Modoc,049,8938,0,0,0,0,0
2020-04-08,Mono,051,14174,29,19,0,19,1
2020-04-08,Monterey,053,433212,108,68,0,68,3
2020-04-08,Napa,055,140530,43,21,0,21,2
2020-04-08,Nevada,057,99092,36,21,1,22,1
2020-04-08,Orange,059,3164182,1751,1034,6,1040,19
2020-04-08,Placer,061,380077,142,102,0,102,4
2020-04-08,Plumas,063,18699,4,3,0,3,0
2020-04-08,Riverside,065,2383286,2221,974,5,979,28
2020-04-08,Sacramento,067,1510023,841,565,0,565,21
2020-04-08,San Benito,069,59416,36,31,0,31,2
2020-04-08,San Bernardino,071,2135413,1225,635,0,635,22
2020-04-08,San Diego,073,3302833,2149,1532,0,1532,36
2020-04-08,San Francisco,075,870044,1046,687,0,687,7
2020-04-08,San Joaquin,077,732212,365,211,3,214,12
2020-04-08,San Luis Obispo,079,281455,140,90,0,90,1
2020-04-08,San Mateo,081,765935,887,608,2,610,22
2020-04-08,Santa Barbara,083,443738,383,221,0,221,2
2020-04-08,Santa Clara,085,1922200,1793,1257,1,1258,47
2020-04-08,Santa Cruz,087,273765,98,69,0,69,1
2020-04-08,Shasta,089,179085,29,18,0,18,3
2020-04-08,Sierra,091,2930,0,0,0,0,0
2020-04-08,Siskiyou,093,43540,5,4,0,4,0
2020-04-08,Solano,095,438530,175,111,0,111,2
2020-04-08,Sonoma,097,501317,171,107,0,107,1
2020-04-08,Stanislaus,099,539301,203,86,3,89,0
2020-04-08,Sutter,101,95872,22,17,0,17,2
2020-04-08,Tehama,103,63373,1,1,0,1,0
2020-04-08,Trinity,105,12862,0,0,0,0,0
2020-04-08,Tulare,107,460477,311,145,2,147,6
2020-04-08,Tuolumne,109,53932,3,0,0,0,0
2020-04-08,Ventura,111,848112,426,263,0,263,7
2020-04-08,Yolo,113,214977,104,56,0,56,3
2020-04-08,Yuba,115,75493,14,10,0,10,0
2020-04-07,Alameda,001,1643700,987,560,0,560,14
2020-04-07,Alpine,003,1148,1,1,0,1,0
2020-04-07,Amador,005,37829,7,2,0,2,0
2020-04-07,Butte,007,227075,17,11,1,12,0
2020-04-07,Calaveras,009,45235,9,5,0,5,0
2020-04-07,Colusa,011,21464,3,2,0,2,0
2020-04-07,Contra Costa,013,1133247,666,471,0,471,7
2020-04-07,Del Norte,015,27424,2,2,0,2,0
2020-04-07,El Dorado,017,186661,43,22,0,22,0
2020-04-07,Fresno,019,978130,384,138,4,142,3
2020-04-07,Glenn,021,27897,4,2,0,2,0
2020-04-07,Humboldt,023,135768,56,40,0,40,0
2020-04-07,Imperial,025,180216,133,53,0,53,2
2020-04-07,Inyo,027,18085,12,11,0,11,0
2020-04-07,Kern,029,883053,505,134,0,134,2
2020-04-07,Kings,031,150075,29,5,1,6,0
2020-04-07,Lake,033,64148,4,1,0,1,0
2020-04-07,Lassen,035,31185,1,0,2,2,0
2020-04-07,Los Angeles,037,10098052,11702,6885,14,6899,170
2020-04-07,Madera,039,155013,58,28,0,28,2
2020-04-07,Marin,041,260295,163,122,1,123,7
2020-04-07,Mariposa,043,17540,0,0,0,0,0
2020-04-07,Mendocino,045,87422,6,4,0,4,0
2020-04-07,Merced,047,269075,67,27,0,27,1
2020-04-07,Modoc,049,8938,0,0,0,0,0
2020-04-07,Mono,051,14174,28,18,0,18,1
2020-04-07,Monterey,053,433212,100,63,0,63,2
2020-04-07,Napa,055,140530,41,18,0,18,2
2020-04-07,Nevada,057,99092,36,20,1,21,1
2020-04-07,Orange,059,3164182,1704,971,5,976,19
2020-04-07,Placer,061,380077,137,94,0,94,3
2020-04-07,Plumas,063,18699,4,3,0,3,0
2020-04-07,Riverside,065,2383286,2065,905,5,910,25
2020-04-07,Sacramento,067,1510023,811,513,0,513,18
2020-04-07,San Benito,069,59416,36,26,0,26,2
2020-04-07,San Bernardino,071,2135413,1158,554,0,554,19
2020-04-07,San Diego,073,3302833,2072,1456,0,1456,31
2020-04-07,San Francisco,075,870044,986,636,0,636,6
2020-04-07,San Joaquin,077,732212,347,198,3,201,12
2020-04-07,San Luis Obispo,079,281455,135,87,0,87,1
2020-04-07,San Mateo,081,765935,866,573,2,575,22
2020-04-07,Santa Barbara,083,443738,368,209,0,209,2
2020-04-07,Santa Clara,085,1922200,1724,1193,1,1194,46
2020-04-07,Santa Cruz,087,273765,98,67,0,67,1
2020-04-07,Shasta,089,179085,28,16,0,16,3
2020-04-07,Sierra,091,2930,0,0,0,0,0
2020-04-07,Siskiyou,093,43540,5,4,0,4,0
2020-04-07,Solano,095,438530,170,99,0,99,1
2020-04-07,Sonoma,097,501317,168,102,0,102,1
2020-04-07,Stanislaus,099,539301,186,83,3,86,0
2020-04-07,Sutter,101,95872,22,16,0,16,2
2020-04-07,Tehama,103,63373,1,1,0,1,0
2020-04-07,Trinity,105,12862,0,0,0,0,0
2020-04-07,Tulare,107,460477,284,144,2,146,5
2020-04-07,Tuolumne,109,53932,3,1,0,1,0
2020-04-07,Ventura,111,848112,409,247,0,247,6
2020-04-07,Yolo,113,214977,97,51,0,51,2
2020-04-07,Yuba,115,75493,14,10,0,10,0
2020-04-06,Alameda,001,1643700,957,527,0,527,13
2020-04-06,Alpine,003,1148,1,1,0,1,0
2020-04-06,Amador,005,37829,6,2,0,2,0
2020-04-06,Butte,007,227075,16,11,1,12,0
2020-04-06,Calaveras,009,45235,9,4,0,4,0
2020-04-06,Colusa,011,21464,3,1,0,1,0
2020-04-06,Contra Costa,013,1133247,641,447,0,447,7
2020-04-06,Del Norte,015,27424,2,2,0,2,0
2020-04-06,El Dorado,017,186661,41,23,0,23,0
2020-04-06,Fresno,019,978130,363,122,4,126,1
2020-04-06,Glenn,021,27897,4,2,0,2,0
2020-04-06,Humboldt,023,135768,55,37,0,37,0
2020-04-06,Imperial,025,180216,126,47,0,47,1
2020-04-06,Inyo,027,18085,11,11,0,11,0
2020-04-06,Kern,029,883053,468,117,0,117,2
2020-04-06,Kings,031,150075,29,3,1,4,0
2020-04-06,Lake,033,64148,4,1,0,1,0
2020-04-06,Lassen,035,31185,1,0,2,2,0
2020-04-06,Los Angeles,037,10098052,10970,6346,14,6360,145
2020-04-06,Madera,039,155013,56,29,0,29,2
2020-04-06,Marin,041,260295,160,119,1,120,7
2020-04-06,Mariposa,043,17540,0,0,0,0,0
2020-04-06,Mendocino,045,87422,6,4,0,4,0
2020-04-06,Merced,047,269075,60,25,0,25,1
2020-04-06,Modoc,049,8938,0,0,0,0,0
2020-04-06,Mono,051,14174,28,18,0,18,1
2020-04-06,Monterey,053,433212,95,62,0,62,2
2020-04-06,Napa,055,140530,41,18,0,18,2
2020-04-06,Nevada,057,99092,36,19,1,20,1
2020-04-06,Orange,059,3164182,1660,910,4,914,17
2020-04-06,Placer,061,380077,137,90,0,90,3
2020-04-06,Plumas,063,18699,4,2,0,2,0
2020-04-06,Riverside,065,2383286,1939,854,5,859,17
2020-04-06,Sacramento,067,1510023,781,448,0,448,15
2020-04-06,San Benito,069,59416,34,25,0,25,1
2020-04-06,San Bernardino,071,2135413,1099,550,0,550,13
2020-04-06,San Diego,073,3302833,1990,1406,0,1406,19
2020-04-06,San Francisco,075,870044,946,586,0,586,6
2020-04-06,San Joaquin,077,732212,332,191,3,194,10
2020-04-06,San Luis Obispo,079,281455,133,85,0,85,1
2020-04-06,San Mateo,081,765935,848,569,2,571,20
2020-04-06,Santa Barbara,083,443738,356,189,0,189,2
2020-04-06,Santa Clara,085,1922200,1672,1128,1,1129,43
2020-04-06,Santa Cruz,087,273765,96,65,0,65,1
2020-04-06,Shasta,089,179085,28,16,0,16,3
2020-04-06,Sierra,091,2930,0,0,0,0,0
2020-04-06,Siskiyou,093,43540,4,4,0,4,0
2020-04-06,Solano,095,438530,163,95,0,95,1
2020-04-06,Sonoma,097,501317,167,102,0,102,1
2020-04-06,Stanislaus,099,539301,170,72,3,75,0
2020-04-06,Sutter,101,95872,22,14,0,14,2
2020-04-06,Tehama,103,63373,1,1,0,1,0
2020-04-06,Trinity,105,12862,0,0,0,0,0
2020-04-06,Tulare,107,460477,272,126,2,128,5
2020-04-06,Tuolumne,109,53932,3,1,0,1,0
2020-04-06,Ventura,111,848112,391,234,0,234,6
2020-04-06,Yolo,113,214977,93,43,0,43,1
2020-04-06,Yuba,115,75493,14,8,0,8,0
2020-04-05,Alameda,001,1643700,915,475,0,475,12
2020-04-05,Alpine,003,1148,1,1,0,1,0
2020-04-05,Amador,005,37829,6,2,0,2,0
2020-04-05,Butte,007,227075,16,10,1,11,0
2020-04-05,Calaveras,009,45235,9,3,0,3,0
2020-04-05,Colusa,011,21464,3,1,0,1,0
2020-04-05,Contra Costa,013,1133247,624,415,0,415,6
2020-04-05,Del Norte,015,27424,2,1,0,1,0
2020-04-05,El Dorado,017,186661,40,19,0,19,0
2020-04-05,Fresno,019,978130,330,102,4,106,1
2020-04-05,Glenn,021,27897,4,2,0,2,0
2020-04-05,Humboldt,023,135768,55,29,0,29,0
2020-04-05,Imperial,025,180216,118,42,0,42,1
2020-04-05,Inyo,027,18085,11,10,0,10,0
2020-04-05,Kern,029,883053,413,109,0,109,2
2020-04-05,Kings,031,150075,28,4,1,5,0
2020-04-05,Lake,033,64148,4,0,0,0,0
2020-04-05,Lassen,035,31185,1,0,2,2,0
2020-04-05,Los Angeles,037,10098052,10399,5892,14,5906,130
2020-04-05,Madera,039,155013,55,27,0,27,2
2020-04-05,Marin,041,260295,160,113,1,114,6
2020-04-05,Mariposa,043,17540,0,0,0,0,0
2020-04-05,Mendocino,045,87422,6,4,0,4,0
2020-04-05,Merced,047,269075,53,16,0,16,0
2020-04-05,Modoc,049,8938,0,0,0,0,0
2020-04-05,Mono,051,14174,28,18,0,18,1
2020-04-05,Monterey,053,433212,88,61,0,61,2
2020-04-05,Napa,055,140530,39,15,0,15,2
2020-04-05,Nevada,057,99092,36,19,1,20,1
2020-04-05,Orange,059,3164182,1602,820,4,824,15
2020-04-05,Placer,061,380077,134,86,0,86,3
2020-04-05,Plumas,063,18699,3,2,0,2,0
2020-04-05,Riverside,065,2383286,1810,669,5,674,17
2020-04-05,Sacramento,067,1510023,750,393,0,393,11
2020-04-05,San Benito,069,59416,34,22,0,22,1
2020-04-05,San Bernardino,071,2135413,1025,375,0,375,13
2020-04-05,San Diego,073,3302833,1908,1328,0,1328,19
2020-04-05,San Francisco,075,870044,899,559,0,559,6
2020-04-05,San Joaquin,077,732212,317,179,3,182,10
2020-04-05,San Luis Obispo,079,281455,131,83,0,83,1
2020-04-05,San Mateo,081,765935,828,528,2,530,19
2020-04-05,Santa Barbara,083,443738,336,171,0,171,1
2020-04-05,Santa Clara,085,1922200,1627,1052,1,1053,42
2020-04-05,Santa Cruz,087,273765,96,59,0,59,1
2020-04-05,Shasta,089,179085,27,11,0,11,2
2020-04-05,Sierra,091,2930,0,0,0,0,0
2020-04-05,Siskiyou,093,43540,4,3,0,3,0
2020-04-05,Solano,095,438530,159,78,0,78,1
2020-04-05,Sonoma,097,501317,165,88,0,88,1
2020-04-05,Stanislaus,099,539301,156,51,3,54,0
2020-04-05,Sutter,101,95872,22,14,0,14,1
2020-04-05,Tehama,103,63373,1,1,0,1,0
2020-04-05,Trinity,105,12862,0,0,0,0,0
2020-04-05,Tulare,107,460477,240,81,2,83,4
2020-04-05,Tuolumne,109,53932,3,1,0,1,0
2020-04-05,Ventura,111,848112,377,196,0,196,6
2020-04-05,Yolo,113,214977,75,37,0,37,2
2020-04-05,Yuba,115,75493,14,7,0,7,0
2020-04-04,Alameda,001,1643700,892,468,0,468,12
2020-04-04,Alpine,003,1148,1,1,0,1,0
2020-04-04,Amador,005,37829,5,2,0,2,0
2020-04-04,Butte,007,227075,16,10,1,11,0
2020-04-04,Calaveras,009,45235,9,3,0,3,0
2020-04-04,Colusa,011,21464,3,1,0,1,0
2020-04-04,Contra Costa,013,1133247,616,382,0,382,5
2020-04-04,Del Norte,015,27424,2,1,0,1,0
2020-04-04,El Dorado,017,186661,40,19,0,19,0
2020-04-04,Fresno,019,978130,320,102,4,106,1
2020-04-04,Glenn,021,27897,4,2,0,2,0
2020-04-04,Humboldt,023,135768,55,29,0,29,0
2020-04-04,Imperial,025,180216,117,42,0,42,1
2020-04-04,Inyo,027,18085,11,10,0,10,0
2020-04-04,Kern,029,883053,384,103,0,103,2
2020-04-04,Kings,031,150075,28,3,1,4,0
2020-04-04,Lake,033,64148,4,0,0,0,0
2020-04-04,Lassen,035,31185,1,0,2,2,0
2020-04-04,Los Angeles,037,10098052,9782,5275,14,5289,117
2020-04-04,Madera,039,155013,53,27,0,27,2
2020-04-04,Marin,041,260295,158,111,0,111,6
2020-04-04,Mariposa,043,17540,0,0,0,0,0
2020-04-04,Mendocino,045,87422,6,4,0,4,0
2020-04-04,Merced,047,269075,49,11,0,11,0
2020-04-04,Modoc,049,8938,0,0,0,0,0
2020-04-04,Mono,051,14174,28,18,0,18,1
2020-04-04,Monterey,053,433212,85,61,0,61,2
2020-04-04,Napa,055,140530,39,15,0,15,2
2020-04-04,Nevada,057,99092,36,19,1,20,1
2020-04-04,Orange,059,3164182,1560,781,3,784,15
2020-04-04,Placer,061,380077,133,87,0,87,2
2020-04-04,Plumas,063,18699,3,2,0,2,0
2020-04-04,Riverside,065,2383286,1709,652,5,657,15
2020-04-04,Sacramento,067,1510023,732,393,0,393,11
2020-04-04,San Benito,069,59416,34,22,0,22,1
2020-04-04,San Bernardino,071,2135413,977,373,0,373,13
2020-04-04,San Diego,073,3302833,1860,1211,0,1211,18
2020-04-04,San Francisco,075,870044,861,537,0,537,6
2020-04-04,San Joaquin,077,732212,294,171,3,174,10
2020-04-04,San Luis Obispo,079,281455,131,82,0,82,0
2020-04-04,San Mateo,081,765935,816,520,2,522,17
2020-04-04,Santa Barbara,083,443738,327,167,0,167,1
2020-04-04,Santa Clara,085,1922200,1576,1045,1,1046,39
2020-04-04,Santa Cruz,087,273765,96,56,0,56,1
2020-04-04,Shasta,089,179085,26,11,0,11,2
2020-04-04,Sierra,091,2930,0,0,0,0,0
2020-04-04,Siskiyou,093,43540,4,3,0,3,0
2020-04-04,Solano,095,438530,154,79,0,79,1
2020-04-04,Sonoma,097,501317,162,88,0,88,1
2020-04-04,Stanislaus,099,539301,145,51,3,54,0
2020-04-04,Sutter,101,95872,22,14,0,14,1
2020-04-04,Tehama,103,63373,1,1,0,1,0
2020-04-04,Trinity,105,12862,0,0,0,0,0
2020-04-04,Tulare,107,460477,226,79,2,81,4
2020-04-04,Tuolumne,109,53932,3,1,0,1,0
2020-04-04,Ventura,111,848112,364,194,0,194,6
2020-04-04,Yolo,113,214977,73,40,0,40,2
2020-04-04,Yuba,115,75493,13,7,0,7,0
2020-04-03,Alameda,001,1643700,856,395,0,395,11
2020-04-03,Alpine,003,1148,1,1,0,1,0
2020-04-03,Amador,005,37829,5,2,0,2,0
2020-04-03,Butte,007,227075,16,8,1,9,0
2020-04-03,Calaveras,009,45235,9,3,0,3,0
2020-04-03,Colusa,011,21464,3,1,0,1,0
2020-04-03,Contra Costa,013,1133247,593,327,0,327,5
2020-04-03,Del Norte,015,27424,2,1,0,1,0
2020-04-03,El Dorado,017,186661,38,16,0,16,0
2020-04-03,Fresno,019,978130,308,98,4,102,1
2020-04-03,Glenn,021,27897,4,2,0,2,0
2020-04-03,Humboldt,023,135768,55,34,0,34,0
2020-04-03,Imperial,025,180216,108,35,0,35,0
2020-04-03,Inyo,027,18085,11,10,0,10,0
2020-04-03,Kern,029,883053,358,87,0,87,1
2020-04-03,Kings,031,150075,26,3,1,4,0
2020-04-03,Lake,033,64148,3,0,0,0,0
2020-04-03,Lassen,035,31185,1,0,2,2,0
2020-04-03,Los Angeles,037,10098052,9166,4566,14,4580,91
2020-04-03,Madera,039,155013,52,28,0,28,2
2020-04-03,Marin,041,260295,156,106,0,106,6
2020-04-03,Mariposa,043,17540,0,0,0,0,0
2020-04-03,Mendocino,045,87422,6,4,0,4,0
2020-04-03,Merced,047,269075,46,9,0,9,0
2020-04-03,Modoc,049,8938,0,0,0,0,0
2020-04-03,Mono,051,14174,28,18,0,18,1
2020-04-03,Monterey,053,433212,82,58,0,58,2
2020-04-03,Napa,055,140530,38,13,0,13,1
2020-04-03,Nevada,057,99092,36,19,1,20,1
2020-04-03,Orange,059,3164182,1521,713,3,716,13
2020-04-03,Placer,061,380077,129,76,0,76,2
2020-04-03,Plumas,063,18699,3,2,0,2,0
2020-04-03,Riverside,065,2383286,1630,540,5,545,14
2020-04-03,Sacramento,067,1510023,710,363,0,363,11
2020-04-03,San Benito,069,59416,34,22,0,22,1
2020-04-03,San Bernardino,071,2135413,932,356,0,356,11
2020-04-03,San Diego,073,3302833,1800,1114,0,1114,17
2020-04-03,San Francisco,075,870044,836,506,0,506,6
2020-04-03,San Joaquin,077,732212,282,162,3,165,10
2020-04-03,San Luis Obispo,079,281455,131,82,0,82,0
2020-04-03,San Mateo,081,765935,799,474,2,476,13
2020-04-03,Santa Barbara,083,443738,315,154,0,154,1
2020-04-03,Santa Clara,085,1922200,1542,983,1,984,39
2020-04-03,Santa Cruz,087,273765,96,52,0,52,1
2020-04-03,Shasta,089,179085,26,10,0,10,1
2020-04-03,Sierra,091,2930,0,0,0,0,0
2020-04-03,Siskiyou,093,43540,4,3,0,3,0
2020-04-03,Solano,095,438530,146,72,0,72,1
2020-04-03,Sonoma,097,501317,162,84,0,84,1
2020-04-03,Stanislaus,099,539301,139,48,3,51,0
2020-04-03,Sutter,101,95872,22,12,0,12,1
2020-04-03,Tehama,103,63373,1,1,0,1,0
2020-04-03,Trinity,105,12862,0,0,0,0,0
2020-04-03,Tulare,107,460477,213,73,2,75,3
2020-04-03,Tuolumne,109,53932,3,1,0,1,0
2020-04-03,Ventura,111,848112,354,186,0,186,6
2020-04-03,Yolo,113,214977,72,33,0,33,1
2020-04-03,Yuba,115,75493,13,6,0,6,0
2020-04-02,Alameda,001,1643700,805,345,0,345,10
2020-04-02,Alpine,003,1148,1,1,0,1,0
2020-04-02,Amador,005,37829,5,2,0,2,0
2020-04-02,Butte,007,227075,16,7,0,7,0
2020-04-02,Calaveras,009,45235,7,3,0,3,0
2020-04-02,Colusa,011,21464,3,1,0,1,0
2020-04-02,Contra Costa,013,1133247,563,297,0,297,3
2020-04-02,Del Norte,015,27424,2,0,0,0,0
2020-04-02,El Dorado,017,186661,36,16,0,16,0
2020-04-02,Fresno,019,978130,292,92,4,96,0
2020-04-02,Glenn,021,27897,3,2,0,2,0
2020-04-02,Humboldt,023,135768,51,23,0,23,0
2020-04-02,Imperial,025,180216,104,24,0,24,0
2020-04-02,Inyo,027,18085,10,8,0,8,0
2020-04-02,Kern,029,883053,331,74,0,74,0
2020-04-02,Kings,031,150075,26,3,1,4,0
2020-04-02,Lake,033,64148,3,0,0,0,0
2020-04-02,Lassen,035,31185,1,0,2,2,0
2020-04-02,Los Angeles,037,10098052,8335,4040,14,4054,79
2020-04-02,Madera,039,155013,50,25,0,25,1
2020-04-02,Marin,041,260295,150,102,0,102,1
2020-04-02,Mariposa,043,17540,0,0,0,0,0
2020-04-02,Mendocino,045,87422,6,4,0,4,0
2020-04-02,Merced,047,269075,41,9,0,9,0
2020-04-02,Modoc,049,8938,0,0,0,0,0
2020-04-02,Mono,051,14174,28,16,0,16,1
2020-04-02,Monterey,053,433212,80,50,0,50,2
2020-04-02,Napa,055,140530,38,13,0,13,0
2020-04-02,Nevada,057,99092,35,17,1,18,0
2020-04-02,Orange,059,3164182,1468,640,3,643,12
2020-04-02,Placer,061,380077,128,72,0,72,2
2020-04-02,Plumas,063,18699,3,1,0,1,0
2020-04-02,Riverside,065,2383286,1514,438,5,443,13
2020-04-02,Sacramento,067,1510023,692,322,0,322,9
2020-04-02,San Benito,069,59416,32,18,0,18,1
2020-04-02,San Bernardino,071,2135413,877,335,0,335,8
2020-04-02,San Diego,073,3302833,1733,968,0,968,16
2020-04-02,San Francisco,075,870044,809,473,0,473,6
2020-04-02,San Joaquin,077,732212,263,148,3,151,9
2020-04-02,San Luis Obispo,079,281455,126,79,0,79,0
2020-04-02,San Mateo,081,765935,778,423,2,425,13
2020-04-02,Santa Barbara,083,443738,302,125,0,125,1
2020-04-02,Santa Clara,085,1922200,1491,908,1,909,38
2020-04-02,Santa Cruz,087,273765,94,49,0,49,1
2020-04-02,Shasta,089,179085,25,7,0,7,1
2020-04-02,Sierra,091,2930,0,0,0,0,0
2020-04-02,Siskiyou,093,43540,4,3,0,3,0
2020-04-02,Solano,095,438530,136,65,0,65,0
2020-04-02,Sonoma,097,501317,158,76,0,76,1
2020-04-02,Stanislaus,099,539301,128,40,3,43,0
2020-04-02,Sutter,101,95872,21,10,0,10,1
2020-04-02,Tehama,103,63373,1,1,0,1,0
2020-04-02,Trinity,105,12862,0,0,0,0,0
2020-04-02,Tulare,107,460477,185,64,2,66,1
2020-04-02,Tuolumne,109,53932,3,1,0,1,0
2020-04-02,Ventura,111,848112,336,178,0,178,5
2020-04-02,Yolo,113,214977,70,29,0,29,1
2020-04-02,Yuba,115,75493,10,5,0,5,0
2020-04-01,Alameda,001,1643700,779,287,0,287,8
2020-04-01,Alpine,003,1148,1,1,0,1,0
2020-04-01,Amador,005,37829,5,1,0,1,0
2020-04-01,Butte,007,227075,16,6,0,6,0
2020-04-01,Calaveras,009,45235,6,3,0,3,0
2020-04-01,Colusa,011,21464,3,1,0,1,0
2020-04-01,Contra Costa,013,1133247,519,267,0,267,3
2020-04-01,Del Norte,015,27424,2,0,0,0,0
2020-04-01,El Dorado,017,186661,35,14,0,14,0
2020-04-01,Fresno,019,978130,272,75,3,78,0
2020-04-01,Glenn,021,27897,3,2,0,2,0
2020-04-01,Humboldt,023,135768,51,19,0,19,0
2020-04-01,Imperial,025,180216,97,25,0,25,0
2020-04-01,Inyo,027,18085,10,8,0,8,0
2020-04-01,Kern,029,883053,304,53,0,53,0
2020-04-01,Kings,031,150075,24,3,1,4,0
2020-04-01,Lake,033,64148,3,0,0,0,0
2020-04-01,Lassen,035,31185,1,0,2,2,0
2020-04-01,Los Angeles,037,10098052,7684,3502,14,3516,66
2020-04-01,Madera,039,155013,48,17,0,17,1
2020-04-01,Marin,041,260295,146,87,0,87,1
2020-04-01,Mariposa,043,17540,0,0,0,0,0
2020-04-01,Mendocino,045,87422,6,4,0,4,0
2020-04-01,Merced,047,269075,38,7,0,7,0
2020-04-01,Modoc,049,8938,0,0,0,0,0
2020-04-01,Mono,051,14174,28,12,0,12,1
2020-04-01,Monterey,053,433212,79,47,0,47,2
2020-04-01,Napa,055,140530,36,11,0,11,0
2020-04-01,Nevada,057,99092,35,15,1,16,0
2020-04-01,Orange,059,3164182,1415,579,3,582,11
2020-04-01,Placer,061,380077,127,52,0,52,2
2020-04-01,Plumas,063,18699,3,1,0,1,0
2020-04-01,Riverside,065,2383286,1346,306,5,311,11
2020-04-01,Sacramento,067,1510023,660,299,0,299,8
2020-04-01,San Benito,069,59416,29,14,0,14,1
2020-04-01,San Bernardino,071,2135413,828,245,0,245,5
2020-04-01,San Diego,073,3302833,1663,851,0,851,11
2020-04-01,San Francisco,075,870044,781,432,0,432,6
2020-04-01,San Joaquin,077,732212,252,132,3,135,8
2020-04-01,San Luis Obispo,079,281455,120,69,0,69,0
2020-04-01,San Mateo,081,765935,760,354,2,356,13
2020-04-01,Santa Barbara,083,443738,284,103,0,103,0
2020-04-01,Santa Clara,085,1922200,1451,805,1,806,33
2020-04-01,Santa Cruz,087,273765,89,44,0,44,1
2020-04-01,Shasta,089,179085,24,5,0,5,1
2020-04-01,Sierra,091,2930,0,0,0,0,0
2020-04-01,Siskiyou,093,43540,4,3,0,3,0
2020-04-01,Solano,095,438530,131,57,0,57,0
2020-04-01,Sonoma,097,501317,154,60,0,60,1
2020-04-01,Stanislaus,099,539301,117,29,3,32,0
2020-04-01,Sutter,101,95872,21,9,0,9,1
2020-04-01,Tehama,103,63373,1,0,0,0,0
2020-04-01,Trinity,105,12862,0,0,0,0,0
2020-04-01,Tulare,107,460477,150,43,2,45,1
2020-04-01,Tuolumne,109,53932,3,1,0,1,0
2020-04-01,Ventura,111,848112,323,154,0,154,5
2020-04-01,Yolo,113,214977,65,22,0,22,1
2020-04-01,Yuba,115,75493,9,5,0,5,0
2020-03-31,Alameda,001,1643700,711,269,0,269,7
2020-03-31,Alpine,003,1148,1,1,0,1,0
2020-03-31,Amador,005,37829,5,1,0,1,0
2020-03-31,Butte,007,227075,16,6,0,6,0
2020-03-31,Calaveras,009,45235,6,3,0,3,0
2020-03-31,Colusa,011,21464,3,1,0,1,0
2020-03-31,Contra Costa,013,1133247,494,246,0,246,3
2020-03-31,Del Norte,015,27424,1,0,0,0,0
2020-03-31,El Dorado,017,186661,31,14,0,14,0
2020-03-31,Fresno,019,978130,247,59,3,62,0
2020-03-31,Glenn,021,27897,3,2,0,2,0
2020-03-31,Humboldt,023,135768,51,18,0,18,0
2020-03-31,Imperial,025,180216,92,17,0,17,0
2020-03-31,Inyo,027,18085,10,8,0,8,0
2020-03-31,Kern,029,883053,280,47,0,47,0
2020-03-31,Kings,031,150075,22,2,1,3,0
2020-03-31,Lake,033,64148,1,0,0,0,0
2020-03-31,Lassen,035,31185,1,0,2,2,0
2020-03-31,Los Angeles,037,10098052,7019,3001,14,3015,53
2020-03-31,Madera,039,155013,47,17,0,17,1
2020-03-31,Marin,041,260295,137,85,0,85,1
2020-03-31,Mariposa,043,17540,0,0,0,0,0
2020-03-31,Mendocino,045,87422,6,4,0,4,0
2020-03-31,Merced,047,269075,33,6,0,6,0
2020-03-31,Modoc,049,8938,0,0,0,0,0
2020-03-31,Mono,051,14174,26,12,0,12,0
2020-03-31,Monterey,053,433212,77,43,0,43,2
2020-03-31,Napa,055,140530,35,9,0,9,0
2020-03-31,Nevada,057,99092,35,15,1,16,0
2020-03-31,Orange,059,3164182,1347,506,3,509,7
2020-03-31,Placer,061,380077,120,49,0,49,2
2020-03-31,Plumas,063,18699,1,0,0,0,0
2020-03-31,Riverside,065,2383286,1200,284,5,289,8
2020-03-31,Sacramento,067,1510023,608,271,0,271,8
2020-03-31,San Benito,069,59416,29,14,0,14,1
2020-03-31,San Bernardino,071,2135413,744,193,0,193,5
2020-03-31,San Diego,073,3302833,1581,736,0,736,9
2020-03-31,San Francisco,075,870044,746,404,0,404,5
2020-03-31,San Joaquin,077,732212,236,122,3,125,7
2020-03-31,San Luis Obispo,079,281455,117,67,0,67,0
2020-03-31,San Mateo,081,765935,741,297,2,299,12
2020-03-31,Santa Barbara,083,443738,267,89,0,89,0
2020-03-31,Santa Clara,085,1922200,1402,777,1,778,30
2020-03-31,Santa Cruz,087,273765,83,40,0,40,1
2020-03-31,Shasta,089,179085,21,5,0,5,1
2020-03-31,Sierra,091,2930,0,0,0,0,0
2020-03-31,Siskiyou,093,43540,4,3,0,3,0
2020-03-31,Solano,095,438530,117,56,0,56,0
2020-03-31,Sonoma,097,501317,149,58,0,58,1
2020-03-31,Stanislaus,099,539301,102,28,3,31,0
2020-03-31,Sutter,101,95872,21,8,0,8,0
2020-03-31,Tehama,103,63373,1,0,0,0,0
2020-03-31,Trinity,105,12862,0,0,0,0,0
2020-03-31,Tulare,107,460477,129,42,2,44,1
2020-03-31,Tuolumne,109,53932,3,1,0,1,0
2020-03-31,Ventura,111,848112,312,143,0,143,4
2020-03-31,Yolo,113,214977,58,21,0,21,1
2020-03-31,Yuba,115,75493,9,5,0,5,0
2020-03-30,Alameda,001,1643700,671,250,0,250,7
2020-03-30,Alpine,003,1148,1,1,0,1,0
2020-03-30,Amador,005,37829,5,1,0,1,0
2020-03-30,Butte,007,227075,14,5,0,5,0
2020-03-30,Calaveras,009,45235,6,3,0,3,0
2020-03-30,Colusa,011,21464,3,1,0,1,0
2020-03-30,Contra Costa,013,1133247,468,212,0,212,3
2020-03-30,Del Norte,015,27424,0,0,0,0,0
2020-03-30,El Dorado,017,186661,31,11,0,11,0
2020-03-30,Fresno,019,978130,223,46,3,49,0
2020-03-30,Glenn,021,27897,3,2,0,2,0
2020-03-30,Humboldt,023,135768,49,11,0,11,0
2020-03-30,Imperial,025,180216,88,9,0,9,0
2020-03-30,Inyo,027,18085,10,5,0,5,0
2020-03-30,Kern,029,883053,247,30,0,30,0
2020-03-30,Kings,031,150075,22,1,1,2,0
2020-03-30,Lake,033,64148,1,0,0,0,0
2020-03-30,Lassen,035,31185,1,0,1,1,0
2020-03-30,Los Angeles,037,10098052,6364,2467,14,2481,44
2020-03-30,Madera,039,155013,46,14,0,14,1
2020-03-30,Marin,041,260295,130,78,0,78,0
2020-03-30,Mariposa,043,17540,0,0,0,0,0
2020-03-30,Mendocino,045,87422,5,2,0,2,0
2020-03-30,Merced,047,269075,29,6,0,6,0
2020-03-30,Modoc,049,8938,0,0,0,0,0
2020-03-30,Mono,051,14174,26,11,0,11,0
2020-03-30,Monterey,053,433212,72,41,0,41,1
2020-03-30,Napa,055,140530,34,9,0,9,0
2020-03-30,Nevada,057,99092,34,14,1,15,0
2020-03-30,Orange,059,3164182,1282,418,3,421,5
2020-03-30,Placer,061,380077,117,44,0,44,2
2020-03-30,Plumas,063,18699,1,0,0,0,0
2020-03-30,Riverside,065,2383286,1120,204,5,209,7
2020-03-30,Sacramento,067,1510023,584,238,0,238,8
2020-03-30,San Benito,069,59416,29,11,0,11,1
2020-03-30,San Bernardino,071,2135413,700,145,0,145,4
2020-03-30,San Diego,073,3302833,1511,605,0,605,7
2020-03-30,San Francisco,075,870044,706,368,0,368,5
2020-03-30,San Joaquin,077,732212,229,112,3,115,5
2020-03-30,San Luis Obispo,079,281455,115,62,0,62,0
2020-03-30,San Mateo,081,765935,717,257,2,259,11
2020-03-30,Santa Barbara,083,443738,257,79,0,79,0
2020-03-30,Santa Clara,085,1922200,1371,745,1,746,31
2020-03-30,Santa Cruz,087,273765,80,36,0,36,1
2020-03-30,Shasta,089,179085,20,4,0,4,1
2020-03-30,Sierra,091,2930,0,0,0,0,0
2020-03-30,Siskiyou,093,43540,4,2,0,2,0
2020-03-30,Solano,095,438530,111,50,0,50,0
2020-03-30,Sonoma,097,501317,146,57,0,57,1
2020-03-30,Stanislaus,099,539301,95,28,3,31,0
2020-03-30,Sutter,101,95872,20,6,0,6,0
2020-03-30,Tehama,103,63373,1,0,0,0,0
2020-03-30,Trinity,105,12862,0,0,0,0,0
2020-03-30,Tulare,107,460477,119,40,2,42,1
2020-03-30,Tuolumne,109,53932,3,1,0,1,0
2020-03-30,Ventura,111,848112,301,118,0,118,2
2020-03-30,Yolo,113,214977,56,17,0,17,1
2020-03-30,Yuba,115,75493,8,5,0,5,0
2020-03-29,Alameda,001,1643700,637,207,0,207,6
2020-03-29,Alpine,003,1148,1,0,0,0,0
2020-03-29,Amador,005,37829,5,1,0,1,0
2020-03-29,Butte,007,227075,14,4,0,4,0
2020-03-29,Calaveras,009,45235,6,2,0,2,0
2020-03-29,Colusa,011,21464,3,1,0,1,0
2020-03-29,Contra Costa,013,1133247,438,187,0,187,3
2020-03-29,Del Norte,015,27424,0,0,0,0,0
2020-03-29,El Dorado,017,186661,30,9,0,9,0
2020-03-29,Fresno,019,978130,199,31,3,34,0
2020-03-29,Glenn,021,27897,2,1,0,1,0
2020-03-29,Humboldt,023,135768,46,9,0,9,0
2020-03-29,Imperial,025,180216,82,9,0,9,0
2020-03-29,Inyo,027,18085,9,0,0,0,0
2020-03-29,Kern,029,883053,229,20,0,20,0
2020-03-29,Kings,031,150075,19,1,1,2,0
2020-03-29,Lake,033,64148,0,0,0,0,0
2020-03-29,Lassen,035,31185,1,0,1,1,0
2020-03-29,Los Angeles,037,10098052,5719,2119,14,2133,37
2020-03-29,Madera,039,155013,41,11,0,11,1
2020-03-29,Marin,041,260295,125,60,0,60,0
2020-03-29,Mariposa,043,17540,0,0,0,0,0
2020-03-29,Mendocino,045,87422,5,2,0,2,0
2020-03-29,Merced,047,269075,28,4,0,4,0
2020-03-29,Modoc,049,8938,0,0,0,0,0
2020-03-29,Mono,051,14174,26,8,0,8,0
2020-03-29,Monterey,053,433212,67,36,0,36,1
2020-03-29,Napa,055,140530,32,5,0,5,0
2020-03-29,Nevada,057,99092,32,13,1,14,0
2020-03-29,Orange,059,3164182,1209,343,3,346,2
2020-03-29,Placer,061,380077,116,35,0,35,2
2020-03-29,Plumas,063,18699,1,0,0,0,0
2020-03-29,Riverside,065,2383286,996,122,5,127,7
2020-03-29,Sacramento,067,1510023,544,217,0,217,7
2020-03-29,San Benito,069,59416,28,10,0,10,1
2020-03-29,San Bernardino,071,2135413,648,94,0,94,2
2020-03-29,San Diego,073,3302833,1439,521,0,521,7
2020-03-29,San Francisco,075,870044,662,333,0,333,5
2020-03-29,San Joaquin,077,732212,220,86,3,89,4
2020-03-29,San Luis Obispo,079,281455,110,55,0,55,0
2020-03-29,San Mateo,081,765935,692,234,2,236,12
2020-03-29,Santa Barbara,083,443738,246,52,0,52,0
2020-03-29,Santa Clara,085,1922200,1315,591,1,592,30
2020-03-29,Santa Cruz,087,273765,80,33,0,33,1
2020-03-29,Shasta,089,179085,19,4,0,4,1
2020-03-29,Sierra,091,2930,0,0,0,0,0
2020-03-29,Siskiyou,093,43540,4,2,0,2,0
2020-03-29,Solano,095,438530,103,48,0,48,0
2020-03-29,Sonoma,097,501317,144,35,0,35,1
2020-03-29,Stanislaus,099,539301,90,19,3,22,0
2020-03-29,Sutter,101,95872,17,6,0,6,0
2020-03-29,Tehama,103,63373,1,0,0,0,0
2020-03-29,Trinity,105,12862,0,0,0,0,0
2020-03-29,Tulare,107,460477,99,24,2,26,1
2020-03-29,Tuolumne,109,53932,2,1,0,1,0
2020-03-29,Ventura,111,848112,274,92,0,92,2
2020-03-29,Yolo,113,214977,51,13,0,13,1
2020-03-29,Yuba,115,75493,8,3,0,3,0
2020-03-28,Alameda,001,1643700,610,410,0,410,12
2020-03-28,Alpine,003,1148,1,0,0,0,0
2020-03-28,Amador,005,37829,5,2,0,2,0
2020-03-28,Butte,007,227075,14,8,0,8,0
2020-03-28,Calaveras,009,45235,6,4,0,4,0
2020-03-28,Colusa,011,21464,3,2,0,2,0
2020-03-28,Contra Costa,013,1133247,415,350,0,350,4
2020-03-28,Del Norte,015,27424,0,0,0,0,0
2020-03-28,El Dorado,017,186661,29,18,0,18,0
2020-03-28,Fresno,019,978130,189,62,3,65,0
2020-03-28,Glenn,021,27897,2,2,0,2,0
2020-03-28,Humboldt,023,135768,46,18,0,18,0
2020-03-28,Imperial,025,180216,77,18,0,18,0
2020-03-28,Inyo,027,18085,9,0,0,0,0
2020-03-28,Kern,029,883053,212,40,0,40,0
2020-03-28,Kings,031,150075,18,2,1,3,0
2020-03-28,Lake,033,64148,0,0,0,0,0
2020-03-28,Lassen,035,31185,1,0,1,1,0
2020-03-28,Los Angeles,037,10098052,5333,3600,13,3613,64
2020-03-28,Madera,039,155013,41,22,0,22,2
2020-03-28,Marin,041,260295,120,116,0,116,0
2020-03-28,Mariposa,043,17540,0,0,0,0,0
2020-03-28,Mendocino,045,87422,5,4,0,4,0
2020-03-28,Merced,047,269075,27,8,0,8,0
2020-03-28,Modoc,049,8938,0,0,0,0,0
2020-03-28,Mono,051,14174,24,12,0,12,0
2020-03-28,Monterey,053,433212,66,64,0,64,2
2020-03-28,Napa,055,140530,27,10,0,10,0
2020-03-28,Nevada,057,99092,32,22,1,23,0
2020-03-28,Orange,059,3164182,1173,656,3,659,4
2020-03-28,Placer,061,380077,111,70,0,70,2
2020-03-28,Plumas,063,18699,1,0,0,0,0
2020-03-28,Riverside,065,2383286,928,242,5,247,14
2020-03-28,Sacramento,067,1510023,526,406,0,406,14
2020-03-28,San Benito,069,59416,28,20,0,20,2
2020-03-28,San Bernardino,071,2135413,600,162,0,162,4
2020-03-28,San Diego,073,3302833,1380,980,0,980,14
2020-03-28,San Francisco,075,870044,638,600,0,600,6
2020-03-28,San Joaquin,077,732212,212,166,3,169,8
2020-03-28,San Luis Obispo,079,281455,108,104,0,104,0
2020-03-28,San Mateo,081,765935,672,462,2,464,17
2020-03-28,Santa Barbara,083,443738,235,98,0,98,0
2020-03-28,Santa Clara,085,1922200,1296,1174,1,1175,54
2020-03-28,Santa Cruz,087,273765,79,62,0,62,0
2020-03-28,Shasta,089,179085,19,8,0,8,2
2020-03-28,Sierra,091,2930,0,0,0,0,0
2020-03-28,Siskiyou,093,43540,4,4,0,4,0
2020-03-28,Solano,095,438530,99,96,0,96,0
2020-03-28,Sonoma,097,501317,142,70,0,70,2
2020-03-28,Stanislaus,099,539301,85,34,3,37,0
2020-03-28,Sutter,101,95872,17,6,0,6,0
2020-03-28,Tehama,103,63373,1,0,0,0,0
2020-03-28,Trinity,105,12862,0,0,0,0,0
2020-03-28,Tulare,107,460477,93,46,2,48,0
2020-03-28,Tuolumne,109,53932,2,2,0,2,0
2020-03-28,Ventura,111,848112,270,178,0,178,4
2020-03-28,Yolo,113,214977,50,26,0,26,2
2020-03-28,Yuba,115,75493,8,6,0,6,0
2020-03-27,Alameda,001,1643700,591,185,0,185,4
2020-03-27,Alpine,003,1148,1,0,0,0,0
2020-03-27,Amador,005,37829,4,1,0,1,0
2020-03-27,Butte,007,227075,12,4,0,4,0
2020-03-27,Calaveras,009,45235,6,2,0,2,0
2020-03-27,Colusa,011,21464,3,0,0,0,0
2020-03-27,Contra Costa,013,1133247,394,161,0,161,2
2020-03-27,Del Norte,015,27424,0,0,0,0,0
2020-03-27,El Dorado,017,186661,27,9,0,9,0
2020-03-27,Fresno,019,978130,177,29,2,31,0
2020-03-27,Glenn,021,27897,2,0,0,0,0
2020-03-27,Humboldt,023,135768,42,9,0,9,0
2020-03-27,Imperial,025,180216,72,9,0,9,0
2020-03-27,Inyo,027,18085,9,0,0,0,0
2020-03-27,Kern,029,883053,199,20,0,20,0
2020-03-27,Kings,031,150075,17,0,1,1,0
2020-03-27,Lake,033,64148,0,0,0,0,0
2020-03-27,Lassen,035,31185,1,0,1,1,0
2020-03-27,Los Angeles,037,10098052,4920,1474,13,1487,26
2020-03-27,Madera,039,155013,39,10,0,10,1
2020-03-27,Marin,041,260295,115,58,0,58,0
2020-03-27,Mariposa,043,17540,0,0,0,0,0
2020-03-27,Mendocino,045,87422,5,2,0,2,0
2020-03-27,Merced,047,269075,26,3,0,3,0
2020-03-27,Modoc,049,8938,0,0,0,0,0
2020-03-27,Mono,051,14174,24,6,0,6,0
2020-03-27,Monterey,053,433212,63,26,0,26,1
2020-03-27,Napa,055,140530,27,5,0,5,0
2020-03-27,Nevada,057,99092,32,6,1,7,0
2020-03-27,Orange,059,3164182,1120,299,3,302,2
2020-03-27,Placer,061,380077,108,33,0,33,1
2020-03-27,Plumas,063,18699,0,0,0,0,0
2020-03-27,Riverside,065,2383286,872,121,5,126,7
2020-03-27,Sacramento,067,1510023,503,163,0,163,6
2020-03-27,San Benito,069,59416,27,9,0,9,1
2020-03-27,San Bernardino,071,2135413,510,77,0,77,2
2020-03-27,San Diego,073,3302833,1323,419,0,419,5
2020-03-27,San Francisco,075,870044,613,285,0,285,2
2020-03-27,San Joaquin,077,732212,201,73,3,76,3
2020-03-27,San Luis Obispo,079,281455,106,46,0,46,0
2020-03-27,San Mateo,081,765935,646,213,2,215,7
2020-03-27,Santa Barbara,083,443738,219,37,0,37,0
2020-03-27,Santa Clara,085,1922200,1259,557,1,558,25
2020-03-27,Santa Cruz,087,273765,78,31,0,31,0
2020-03-27,Shasta,089,179085,16,3,0,3,1
2020-03-27,Sierra,091,2930,0,0,0,0,0
2020-03-27,Siskiyou,093,43540,4,2,0,2,0
2020-03-27,Solano,095,438530,93,48,0,48,0
2020-03-27,Sonoma,097,501317,134,35,0,35,1
2020-03-27,Stanislaus,099,539301,83,16,3,19,0
2020-03-27,Sutter,101,95872,16,2,0,2,0
2020-03-27,Tehama,103,63373,1,0,0,0,0
2020-03-27,Trinity,105,12862,0,0,0,0,0
2020-03-27,Tulare,107,460477,85,15,2,17,0
2020-03-27,Tuolumne,109,53932,2,1,0,1,0
2020-03-27,Ventura,111,848112,261,80,0,80,2
2020-03-27,Yolo,113,214977,49,13,0,13,1
2020-03-27,Yuba,115,75493,7,3,0,3,0
2020-03-26,Alameda,001,1643700,551,172,0,172,4
2020-03-26,Alpine,003,1148,1,0,0,0,0
2020-03-26,Amador,005,37829,4,1,0,1,0
2020-03-26,Butte,007,227075,12,4,0,4,0
2020-03-26,Calaveras,009,45235,6,2,0,2,0
2020-03-26,Colusa,011,21464,3,0,0,0,0
2020-03-26,Contra Costa,013,1133247,384,147,0,147,2
2020-03-26,Del Norte,015,27424,0,0,0,0,0
2020-03-26,El Dorado,017,186661,26,7,0,7,0
2020-03-26,Fresno,019,978130,168,25,2,27,0
2020-03-26,Glenn,021,27897,2,0,0,0,0
2020-03-26,Humboldt,023,135768,38,8,0,8,0
2020-03-26,Imperial,025,180216,68,8,0,8,0
2020-03-26,Inyo,027,18085,8,0,0,0,0
2020-03-26,Kern,029,883053,183,20,0,20,0
2020-03-26,Kings,031,150075,17,0,1,1,0
2020-03-26,Lake,033,64148,0,0,0,0,0
2020-03-26,Lassen,035,31185,1,0,1,1,0
2020-03-26,Los Angeles,037,10098052,4520,1075,13,1088,19
2020-03-26,Madera,039,155013,37,8,0,8,0
2020-03-26,Marin,041,260295,106,56,0,56,0
2020-03-26,Mariposa,043,17540,0,0,0,0,0
2020-03-26,Mendocino,045,87422,4,1,0,1,0
2020-03-26,Merced,047,269075,23,1,0,1,0
2020-03-26,Modoc,049,8938,0,0,0,0,0
2020-03-26,Mono,051,14174,23,5,0,5,0
2020-03-26,Monterey,053,433212,60,25,0,25,1
2020-03-26,Napa,055,140530,26,5,0,5,0
2020-03-26,Nevada,057,99092,32,7,1,8,0
2020-03-26,Orange,059,3164182,1058,279,3,282,1
2020-03-26,Placer,061,380077,104,34,0,34,1
2020-03-26,Plumas,063,18699,0,0,0,0,0
2020-03-26,Riverside,065,2383286,802,118,5,123,7
2020-03-26,Sacramento,067,1510023,470,147,0,147,5
2020-03-26,San Benito,069,59416,27,8,0,8,1
2020-03-26,San Bernardino,071,2135413,444,57,0,57,1
2020-03-26,San Diego,073,3302833,1256,299,0,299,2
2020-03-26,San Francisco,075,870044,586,261,0,261,1
2020-03-26,San Joaquin,077,732212,190,69,3,72,3
2020-03-26,San Luis Obispo,079,281455,101,38,0,38,0
2020-03-26,San Mateo,081,765935,612,122,2,124,5
2020-03-26,Santa Barbara,083,443738,203,33,0,33,0
2020-03-26,Santa Clara,085,1922200,1216,487,1,488,20
2020-03-26,Santa Cruz,087,273765,74,30,0,30,0
2020-03-26,Shasta,089,179085,16,3,0,3,1
2020-03-26,Sierra,091,2930,0,0,0,0,0
2020-03-26,Siskiyou,093,43540,4,2,0,2,0
2020-03-26,Solano,095,438530,85,41,0,41,0
2020-03-26,Sonoma,097,501317,129,33,0,33,1
2020-03-26,Stanislaus,099,539301,81,15,3,18,0
2020-03-26,Sutter,101,95872,12,2,0,2,0
2020-03-26,Tehama,103,63373,1,0,0,0,0
2020-03-26,Trinity,105,12862,0,0,0,0,0
2020-03-26,Tulare,107,460477,78,15,2,17,0
2020-03-26,Tuolumne,109,53932,2,0,0,0,0
2020-03-26,Ventura,111,848112,245,70,0,70,1
2020-03-26,Yolo,113,214977,45,13,0,13,1
2020-03-26,Yuba,115,75493,7,3,0,3,0
2020-03-25,Alameda,001,1643700,530,134,0,134,3
2020-03-25,Alpine,003,1148,1,0,0,0,0
2020-03-25,Amador,005,37829,4,1,0,1,0
2020-03-25,Butte,007,227075,12,4,0,4,0
2020-03-25,Calaveras,009,45235,6,2,0,2,0
2020-03-25,Colusa,011,21464,2,0,0,0,0
2020-03-25,Contra Costa,013,1133247,370,131,0,131,1
2020-03-25,Del Norte,015,27424,0,0,0,0,0
2020-03-25,El Dorado,017,186661,26,5,0,5,0
2020-03-25,Fresno,019,978130,152,21,1,22,0
2020-03-25,Glenn,021,27897,2,0,0,0,0
2020-03-25,Humboldt,023,135768,35,3,0,3,0
2020-03-25,Imperial,025,180216,60,8,0,8,0
2020-03-25,Inyo,027,18085,5,0,0,0,0
2020-03-25,Kern,029,883053,163,13,0,13,0
2020-03-25,Kings,031,150075,15,0,1,1,0
2020-03-25,Lake,033,64148,0,0,0,0,0
2020-03-25,Lassen,035,31185,1,0,1,1,0
2020-03-25,Los Angeles,037,10098052,4125,725,13,738,10
2020-03-25,Madera,039,155013,35,6,0,6,0
2020-03-25,Marin,041,260295,100,47,0,47,0
2020-03-25,Mariposa,043,17540,0,0,0,0,0
2020-03-25,Mendocino,045,87422,3,1,0,1,0
2020-03-25,Merced,047,269075,19,0,0,0,0
2020-03-25,Modoc,049,8938,0,0,0,0,0
2020-03-25,Mono,051,14174,22,4,0,4,0
2020-03-25,Monterey,053,433212,57,23,0,23,1
2020-03-25,Napa,055,140530,26,5,0,5,0
2020-03-25,Nevada,057,99092,31,5,1,6,0
2020-03-25,Orange,059,3164182,1000,214,3,217,1
2020-03-25,Placer,061,380077,98,30,0,30,1
2020-03-25,Plumas,063,18699,0,1,0,1,0
2020-03-25,Riverside,065,2383286,731,87,5,92,5
2020-03-25,Sacramento,067,1510023,444,114,0,114,5
2020-03-25,San Benito,069,59416,26,4,0,4,1
2020-03-25,San Bernardino,071,2135413,405,46,0,46,1
2020-03-25,San Diego,073,3302833,1194,238,0,238,2
2020-03-25,San Francisco,075,870044,545,212,0,212,1
2020-03-25,San Joaquin,077,732212,177,64,3,67,2
2020-03-25,San Luis Obispo,079,281455,96,35,0,35,0
2020-03-25,San Mateo,081,765935,577,111,2,113,5
2020-03-25,Santa Barbara,083,443738,192,25,0,25,0
2020-03-25,Santa Clara,085,1922200,1172,452,1,453,20
2020-03-25,Santa Cruz,087,273765,71,26,0,26,0
2020-03-25,Shasta,089,179085,15,3,0,3,1
2020-03-25,Sierra,091,2930,0,0,0,0,0
2020-03-25,Siskiyou,093,43540,4,2,0,2,0
2020-03-25,Solano,095,438530,80,39,0,39,0
2020-03-25,Sonoma,097,501317,124,31,0,31,1
2020-03-25,Stanislaus,099,539301,74,14,3,17,0
2020-03-25,Sutter,101,95872,9,1,0,1,0
2020-03-25,Tehama,103,63373,1,0,0,0,0
2020-03-25,Trinity,105,12862,0,0,0,0,0
2020-03-25,Tulare,107,460477,68,11,2,13,0
2020-03-25,Tuolumne,109,53932,2,0,0,0,0
2020-03-25,Ventura,111,848112,229,53,0,53,1
2020-03-25,Yolo,113,214977,43,9,0,9,1
2020-03-25,Yuba,115,75493,7,2,0,2,0
2020-03-24,Alameda,001,1643700,498,96,0,96,2
2020-03-24,Alpine,003,1148,1,0,0,0,0
2020-03-24,Amador,005,37829,2,1,0,1,0
2020-03-24,Butte,007,227075,11,3,0,3,0
2020-03-24,Calaveras,009,45235,5,2,0,2,0
2020-03-24,Colusa,011,21464,2,0,0,0,0
2020-03-24,Contra Costa,013,1133247,356,108,0,108,1
2020-03-24,Del Norte,015,27424,0,0,0,0,0
2020-03-24,El Dorado,017,186661,26,3,0,3,0
2020-03-24,Fresno,019,978130,133,18,1,19,0
2020-03-24,Glenn,021,27897,2,0,0,0,0
2020-03-24,Humboldt,023,135768,33,2,0,2,0
2020-03-24,Imperial,025,180216,57,3,0,3,0
2020-03-24,Inyo,027,18085,5,0,0,0,0
2020-03-24,Kern,029,883053,143,5,0,5,0
2020-03-24,Kings,031,150075,14,0,1,1,0
2020-03-24,Lake,033,64148,0,0,0,0,0
2020-03-24,Lassen,035,31185,1,0,1,1,0
2020-03-24,Los Angeles,037,10098052,3673,633,13,646,7
2020-03-24,Madera,039,155013,34,6,0,6,0
2020-03-24,Marin,041,260295,89,44,0,44,0
2020-03-24,Mariposa,043,17540,0,0,0,0,0
2020-03-24,Mendocino,045,87422,3,1,0,1,0
2020-03-24,Merced,047,269075,17,0,0,0,0
2020-03-24,Modoc,049,8938,0,0,0,0,0
2020-03-24,Mono,051,14174,21,1,0,1,0
2020-03-24,Monterey,053,433212,53,23,0,23,1
2020-03-24,Napa,055,140530,23,2,0,2,0
2020-03-24,Nevada,057,99092,30,4,1,5,0
2020-03-24,Orange,059,3164182,938,166,3,169,0
2020-03-24,Placer,061,380077,92,22,0,22,1
2020-03-24,Plumas,063,18699,0,1,0,1,0
2020-03-24,Riverside,065,2383286,664,56,5,61,5
2020-03-24,Sacramento,067,1510023,425,93,0,93,4
2020-03-24,San Benito,069,59416,25,4,0,4,1
2020-03-24,San Bernardino,071,2135413,361,27,0,27,0
2020-03-24,San Diego,073,3302833,1127,231,0,231,2
2020-03-24,San Francisco,075,870044,513,181,0,181,1
2020-03-24,San Joaquin,077,732212,166,52,3,55,2
2020-03-24,San Luis Obispo,079,281455,94,32,0,32,0
2020-03-24,San Mateo,081,765935,536,100,2,102,2
2020-03-24,Santa Barbara,083,443738,186,20,0,20,0
2020-03-24,Santa Clara,085,1922200,1103,389,1,390,17
2020-03-24,Santa Cruz,087,273765,66,22,0,22,0
2020-03-24,Shasta,089,179085,14,3,0,3,0
2020-03-24,Sierra,091,2930,0,0,0,0,0
2020-03-24,Siskiyou,093,43540,4,2,0,2,0
2020-03-24,Solano,095,438530,78,34,0,34,0
2020-03-24,Sonoma,097,501317,117,27,0,27,1
2020-03-24,Stanislaus,099,539301,65,13,3,16,0
2020-03-24,Sutter,101,95872,9,0,0,0,0
2020-03-24,Tehama,103,63373,1,0,0,0,0
2020-03-24,Trinity,105,12862,0,0,0,0,0
2020-03-24,Tulare,107,460477,60,10,2,12,0
2020-03-24,Tuolumne,109,53932,2,0,0,0,0
2020-03-24,Ventura,111,848112,213,44,0,44,1
2020-03-24,Yolo,113,214977,39,8,0,8,0
2020-03-24,Yuba,115,75493,7,2,0,2,0
2020-03-23,Alameda,001,1643700,467,88,0,88,1
2020-03-23,Alpine,003,1148,1,0,0,0,0
2020-03-23,Amador,005,37829,2,1,0,1,0
2020-03-23,Butte,007,227075,11,2,0,2,0
2020-03-23,Calaveras,009,45235,5,2,0,2,0
2020-03-23,Colusa,011,21464,1,0,0,0,0
2020-03-23,Contra Costa,013,1133247,336,91,0,91,2
2020-03-23,Del Norte,015,27424,0,0,0,0,0
2020-03-23,El Dorado,017,186661,25,3,0,3,0
2020-03-23,Fresno,019,978130,123,10,1,11,0
2020-03-23,Glenn,021,27897,2,0,0,0,0
2020-03-23,Humboldt,023,135768,31,2,0,2,0
2020-03-23,Imperial,025,180216,53,2,0,2,0
2020-03-23,Inyo,027,18085,3,0,0,0,0
2020-03-23,Kern,029,883053,129,5,0,5,0
2020-03-23,Kings,031,150075,14,0,1,1,0
2020-03-23,Lake,033,64148,0,0,0,0,0
2020-03-23,Lassen,035,31185,1,0,1,1,0
2020-03-23,Los Angeles,037,10098052,3369,389,13,402,4
2020-03-23,Madera,039,155013,34,4,0,4,0
2020-03-23,Marin,041,260295,84,30,0,30,0
2020-03-23,Mariposa,043,17540,0,0,0,0,0
2020-03-23,Mendocino,045,87422,3,1,0,1,0
2020-03-23,Merced,047,269075,11,0,0,0,0
2020-03-23,Modoc,049,8938,0,0,0,0,0
2020-03-23,Mono,051,14174,19,1,0,1,0
2020-03-23,Monterey,053,433212,48,14,0,14,1
2020-03-23,Napa,055,140530,21,1,0,1,0
2020-03-23,Nevada,057,99092,27,2,1,3,0
2020-03-23,Orange,059,3164182,884,138,3,141,0
2020-03-23,Placer,061,380077,89,19,0,19,1
2020-03-23,Plumas,063,18699,0,0,0,0,0
2020-03-23,Riverside,065,2383286,623,39,5,44,5
2020-03-23,Sacramento,067,1510023,392,87,0,87,4
2020-03-23,San Benito,069,59416,24,4,0,4,1
2020-03-23,San Bernardino,071,2135413,331,17,0,17,0
2020-03-23,San Diego,073,3302833,1068,178,0,178,1
2020-03-23,San Francisco,075,870044,484,152,0,152,0
2020-03-23,San Joaquin,077,732212,154,37,3,40,2
2020-03-23,San Luis Obispo,079,281455,88,23,0,23,0
2020-03-23,San Mateo,081,765935,498,88,2,90,1
2020-03-23,Santa Barbara,083,443738,165,18,0,18,0
2020-03-23,Santa Clara,085,1922200,1056,336,1,337,13
2020-03-23,Santa Cruz,087,273765,64,21,0,21,0
2020-03-23,Shasta,089,179085,12,2,0,2,0
2020-03-23,Sierra,091,2930,0,0,0,0,0
2020-03-23,Siskiyou,093,43540,4,2,0,2,0
2020-03-23,Solano,095,438530,74,33,0,33,0
2020-03-23,Sonoma,097,501317,105,19,0,19,1
2020-03-23,Stanislaus,099,539301,57,10,3,13,0
2020-03-23,Sutter,101,95872,9,0,0,0,0
2020-03-23,Tehama,103,63373,1,0,0,0,0
2020-03-23,Trinity,105,12862,0,0,0,0,0
2020-03-23,Tulare,107,460477,54,9,2,11,0
2020-03-23,Tuolumne,109,53932,2,0,0,0,0
2020-03-23,Ventura,111,848112,196,30,0,30,0
2020-03-23,Yolo,113,214977,38,8,0,8,0
2020-03-23,Yuba,115,75493,7,2,0,2,0
2020-03-22,Alameda,001,1643700,428,72,0,72,1
2020-03-22,Alpine,003,1148,1,0,0,0,0
2020-03-22,Amador,005,37829,2,1,0,1,0
2020-03-22,Butte,007,227075,8,1,0,1,0
2020-03-22,Calaveras,009,45235,4,2,0,2,0
2020-03-22,Colusa,011,21464,1,0,0,0,0
2020-03-22,Contra Costa,013,1133247,309,79,0,79,1
2020-03-22,Del Norte,015,27424,0,0,0,0,0
2020-03-22,El Dorado,017,186661,23,1,0,1,0
2020-03-22,Fresno,019,978130,103,8,1,9,0
2020-03-22,Glenn,021,27897,2,0,0,0,0
2020-03-22,Humboldt,023,135768,28,1,0,1,0
2020-03-22,Imperial,025,180216,51,2,0,2,0
2020-03-22,Inyo,027,18085,1,0,0,0,0
2020-03-22,Kern,029,883053,113,3,0,3,0
2020-03-22,Kings,031,150075,13,0,1,1,0
2020-03-22,Lake,033,64148,0,0,0,0,0
2020-03-22,Lassen,035,31185,1,0,1,1,0
2020-03-22,Los Angeles,037,10098052,3046,384,13,397,3
2020-03-22,Madera,039,155013,32,4,0,4,0
2020-03-22,Marin,041,260295,74,30,0,30,0
2020-03-22,Mariposa,043,17540,0,0,0,0,0
2020-03-22,Mendocino,045,87422,3,1,0,1,0
2020-03-22,Merced,047,269075,7,0,0,0,0
2020-03-22,Modoc,049,8938,0,0,0,0,0
2020-03-22,Mono,051,14174,14,1,0,1,0
2020-03-22,Monterey,053,433212,46,14,0,14,1
2020-03-22,Napa,055,140530,17,1,0,1,0
2020-03-22,Nevada,057,99092,23,2,1,3,0
2020-03-22,Orange,059,3164182,816,102,3,105,0
2020-03-22,Placer,061,380077,87,18,0,18,1
2020-03-22,Plumas,063,18699,0,0,0,0,0
2020-03-22,Riverside,065,2383286,545,26,3,29,5
2020-03-22,Sacramento,067,1510023,360,82,0,82,4
2020-03-22,San Benito,069,59416,19,4,0,4,1
2020-03-22,San Bernardino,071,2135413,288,16,0,16,0
2020-03-22,San Diego,073,3302833,980,161,0,161,0
2020-03-22,San Francisco,075,870044,447,134,0,134,0
2020-03-22,San Joaquin,077,732212,140,30,3,33,2
2020-03-22,San Luis Obispo,079,281455,83,19,0,19,0
2020-03-22,San Mateo,081,765935,465,82,2,84,1
2020-03-22,Santa Barbara,083,443738,147,16,0,16,0
2020-03-22,Santa Clara,085,1922200,994,284,1,285,13
2020-03-22,Santa Cruz,087,273765,63,19,0,19,0
2020-03-22,Shasta,089,179085,12,1,0,1,0
2020-03-22,Sierra,091,2930,0,0,0,0,0
2020-03-22,Siskiyou,093,43540,4,2,0,2,0
2020-03-22,Solano,095,438530,65,30,0,30,0
2020-03-22,Sonoma,097,501317,100,18,0,18,1
2020-03-22,Stanislaus,099,539301,51,8,3,11,0
2020-03-22,Sutter,101,95872,8,0,0,0,0
2020-03-22,Tehama,103,63373,0,0,0,0,0
2020-03-22,Trinity,105,12862,0,0,0,0,0
2020-03-22,Tulare,107,460477,50,5,2,7,0
2020-03-22,Tuolumne,109,53932,2,0,0,0,0
2020-03-22,Ventura,111,848112,174,26,0,26,0
2020-03-22,Yolo,113,214977,32,6,0,6,0
2020-03-22,Yuba,115,75493,7,2,0,2,0
2020-03-21,Alameda,001,1643700,405,62,0,62,0
2020-03-21,Alpine,003,1148,1,0,0,0,0
2020-03-21,Amador,005,37829,2,1,0,1,0
2020-03-21,Butte,007,227075,7,1,0,1,0
2020-03-21,Calaveras,009,45235,4,2,0,2,0
2020-03-21,Colusa,011,21464,1,0,0,0,0
2020-03-21,Contra Costa,013,1133247,298,62,0,62,1
2020-03-21,Del Norte,015,27424,0,0,0,0,0
2020-03-21,El Dorado,017,186661,20,1,0,1,0
2020-03-21,Fresno,019,978130,99,8,1,9,0
2020-03-21,Glenn,021,27897,2,0,0,0,0
2020-03-21,Humboldt,023,135768,25,1,0,1,0
2020-03-21,Imperial,025,180216,47,2,0,2,0
2020-03-21,Inyo,027,18085,1,0,0,0,0
2020-03-21,Kern,029,883053,107,3,0,3,0
2020-03-21,Kings,031,150075,13,0,1,1,0
2020-03-21,Lake,033,64148,0,0,0,0,0
2020-03-21,Lassen,035,31185,1,0,1,1,0
2020-03-21,Los Angeles,037,10098052,2773,322,13,335,2
2020-03-21,Madera,039,155013,32,4,0,4,0
2020-03-21,Marin,041,260295,69,30,0,30,0
2020-03-21,Mariposa,043,17540,0,0,0,0,0
2020-03-21,Mendocino,045,87422,3,1,0,1,0
2020-03-21,Merced,047,269075,6,0,0,0,0
2020-03-21,Modoc,049,8938,0,0,0,0,0
2020-03-21,Mono,051,14174,14,1,0,1,0
2020-03-21,Monterey,053,433212,44,8,0,8,1
2020-03-21,Napa,055,140530,17,0,0,0,0
2020-03-21,Nevada,057,99092,23,2,1,3,0
2020-03-21,Orange,059,3164182,767,85,3,88,0
2020-03-21,Placer,061,380077,78,11,0,11,1
2020-03-21,Plumas,063,18699,0,0,0,0,0
2020-03-21,Riverside,065,2383286,501,20,3,23,3
2020-03-21,Sacramento,067,1510023,333,66,0,66,3
2020-03-21,San Benito,069,59416,17,4,0,4,1
2020-03-21,San Bernardino,071,2135413,268,13,0,13,0
2020-03-21,San Diego,073,3302833,903,121,0,121,0
2020-03-21,San Francisco,075,870044,411,106,0,106,0
2020-03-21,San Joaquin,077,732212,131,26,3,29,2
2020-03-21,San Luis Obispo,079,281455,79,16,0,16,0
2020-03-21,San Mateo,081,765935,427,78,2,80,1
2020-03-21,Santa Barbara,083,443738,132,8,0,8,0
2020-03-21,Santa Clara,085,1922200,933,269,1,270,10
2020-03-21,Santa Cruz,087,273765,61,17,0,17,0
2020-03-21,Shasta,089,179085,11,1,0,1,0
2020-03-21,Sierra,091,2930,0,0,0,0,0
2020-03-21,Siskiyou,093,43540,4,0,0,0,0
2020-03-21,Solano,095,438530,63,30,0,30,0
2020-03-21,Sonoma,097,501317,99,15,0,15,1
2020-03-21,Stanislaus,099,539301,45,7,3,10,0
2020-03-21,Sutter,101,95872,7,0,0,0,0
2020-03-21,Tehama,103,63373,0,0,0,0,0
2020-03-21,Trinity,105,12862,0,0,0,0,0
2020-03-21,Tulare,107,460477,45,5,2,7,0
2020-03-21,Tuolumne,109,53932,2,0,0,0,0
2020-03-21,Ventura,111,848112,166,22,0,22,0
2020-03-21,Yolo,113,214977,32,6,0,6,0
2020-03-21,Yuba,115,75493,7,1,0,1,0
2020-03-20,Alameda,001,1643700,384,42,0,42,0
2020-03-20,Alpine,003,1148,1,0,0,0,0
2020-03-20,Amador,005,37829,1,0,0,0,0
2020-03-20,Butte,007,227075,7,0,0,0,0
2020-03-20,Calaveras,009,45235,4,2,0,2,0
2020-03-20,Colusa,011,21464,1,0,0,0,0
2020-03-20,Contra Costa,013,1133247,269,52,0,52,1
2020-03-20,Del Norte,015,27424,0,0,0,0,0
2020-03-20,El Dorado,017,186661,19,1,0,1,0
2020-03-20,Fresno,019,978130,96,7,1,8,0
2020-03-20,Glenn,021,27897,1,0,0,0,0
2020-03-20,Humboldt,023,135768,25,1,0,1,0
2020-03-20,Imperial,025,180216,46,2,0,2,0
2020-03-20,Inyo,027,18085,0,0,0,0,0
2020-03-20,Kern,029,883053,92,3,0,3,0
2020-03-20,Kings,031,150075,13,0,1,1,0
2020-03-20,Lake,033,64148,0,0,0,0,0
2020-03-20,Lassen,035,31185,1,0,1,1,0
2020-03-20,Los Angeles,037,10098052,2548,267,12,279,1
2020-03-20,Madera,039,155013,31,4,0,4,0
2020-03-20,Marin,041,260295,66,30,0,30,0
2020-03-20,Mariposa,043,17540,0,0,0,0,0
2020-03-20,Mendocino,045,87422,3,1,0,1,0
2020-03-20,Merced,047,269075,6,0,0,0,0
2020-03-20,Modoc,049,8938,0,0,0,0,0
2020-03-20,Mono,051,14174,14,0,0,0,0
2020-03-20,Monterey,053,433212,43,4,0,4,0
2020-03-20,Napa,055,140530,16,0,0,0,0
2020-03-20,Nevada,057,99092,20,2,1,3,0
2020-03-20,Orange,059,3164182,720,71,3,74,2
2020-03-20,Placer,061,380077,72,9,0,9,1
2020-03-20,Plumas,063,18699,0,0,0,0,0
2020-03-20,Riverside,065,2383286,448,19,3,22,3
2020-03-20,Sacramento,067,1510023,312,56,0,56,4
2020-03-20,San Benito,069,59416,17,4,0,4,1
2020-03-20,San Bernardino,071,2135413,241,9,0,9,0
2020-03-20,San Diego,073,3302833,851,98,0,98,0
2020-03-20,San Francisco,075,870044,379,87,0,87,0
2020-03-20,San Joaquin,077,732212,116,18,3,21,2
2020-03-20,San Luis Obispo,079,281455,76,11,0,11,0
2020-03-20,San Mateo,081,765935,397,71,2,73,1
2020-03-20,Santa Barbara,083,443738,116,7,0,7,0
2020-03-20,Santa Clara,085,1922200,897,246,1,247,8
2020-03-20,Santa Cruz,087,273765,59,13,0,13,0
2020-03-20,Shasta,089,179085,10,1,0,1,0
2020-03-20,Sierra,091,2930,0,0,0,0,0
2020-03-20,Siskiyou,093,43540,4,0,0,0,0
2020-03-20,Solano,095,438530,59,29,0,29,0
2020-03-20,Sonoma,097,501317,91,7,0,7,0
2020-03-20,Stanislaus,099,539301,39,7,3,10,0
2020-03-20,Sutter,101,95872,7,0,0,0,0
2020-03-20,Tehama,103,63373,0,0,0,0,0
2020-03-20,Trinity,105,12862,0,0,0,0,0
2020-03-20,Tulare,107,460477,41,4,2,6,0
2020-03-20,Tuolumne,109,53932,2,0,0,0,0
2020-03-20,Ventura,111,848112,156,18,0,18,0
2020-03-20,Yolo,113,214977,30,5,0,5,0
2020-03-20,Yuba,115,75493,6,0,0,0,0
2020-03-19,Alameda,001,1643700,348,36,0,36,0
2020-03-19,Alpine,003,1148,1,0,0,0,0
2020-03-19,Amador,005,37829,1,0,0,0,0
2020-03-19,Butte,007,227075,5,0,0,0,0
2020-03-19,Calaveras,009,45235,4,2,0,2,0
2020-03-19,Colusa,011,21464,0,0,0,0,0
2020-03-19,Contra Costa,013,1133247,253,46,0,46,0
2020-03-19,Del Norte,015,27424,0,0,0,0,0
2020-03-19,El Dorado,017,186661,18,0,0,0,0
2020-03-19,Fresno,019,978130,87,6,1,7,0
2020-03-19,Glenn,021,27897,1,0,0,0,0
2020-03-19,Humboldt,023,135768,23,1,0,1,0
2020-03-19,Imperial,025,180216,39,2,0,2,0
2020-03-19,Inyo,027,18085,0,0,0,0,0
2020-03-19,Kern,029,883053,80,3,0,3,0
2020-03-19,Kings,031,150075,10,0,1,1,0
2020-03-19,Lake,033,64148,0,0,0,0,0
2020-03-19,Lassen,035,31185,0,0,1,1,0
2020-03-19,Los Angeles,037,10098052,2261,233,12,245,0
2020-03-19,Madera,039,155013,30,3,0,3,0
2020-03-19,Marin,041,260295,63,19,0,19,0
2020-03-19,Mariposa,043,17540,0,0,0,0,0
2020-03-19,Mendocino,045,87422,2,1,0,1,0
2020-03-19,Merced,047,269075,5,0,0,0,0
2020-03-19,Modoc,049,8938,0,0,0,0,0
2020-03-19,Mono,051,14174,12,0,0,0,0
2020-03-19,Monterey,053,433212,35,3,0,3,0
2020-03-19,Napa,055,140530,14,0,0,0,0
2020-03-19,Nevada,057,99092,18,2,1,3,0
2020-03-19,Orange,059,3164182,636,59,3,62,0
2020-03-19,Placer,061,380077,64,8,0,8,1
2020-03-19,Plumas,063,18699,0,0,0,0,0
2020-03-19,Riverside,065,2383286,355,14,2,16,3
2020-03-19,Sacramento,067,1510023,279,52,0,52,3
2020-03-19,San Benito,069,59416,14,3,0,3,0
2020-03-19,San Bernardino,071,2135413,211,7,0,7,0
2020-03-19,San Diego,073,3302833,768,68,0,68,0
2020-03-19,San Francisco,075,870044,343,80,0,80,0
2020-03-19,San Joaquin,077,732212,102,15,3,18,2
2020-03-19,San Luis Obispo,079,281455,74,6,0,6,0
2020-03-19,San Mateo,081,765935,362,58,2,60,1
2020-03-19,Santa Barbara,083,443738,101,5,0,5,0
2020-03-19,Santa Clara,085,1922200,831,183,1,184,8
2020-03-19,Santa Cruz,087,273765,56,13,0,13,0
2020-03-19,Shasta,089,179085,9,1,0,1,0
2020-03-19,Sierra,091,2930,0,0,0,0,0
2020-03-19,Siskiyou,093,43540,3,0,0,0,0
2020-03-19,Solano,095,438530,55,26,0,26,0
2020-03-19,Sonoma,097,501317,88,8,0,8,0
2020-03-19,Stanislaus,099,539301,38,7,3,10,0
2020-03-19,Sutter,101,95872,7,0,0,0,0
2020-03-19,Tehama,103,63373,0,0,0,0,0
2020-03-19,Trinity,105,12862,0,0,0,0,0
2020-03-19,Tulare,107,460477,36,3,2,5,0
2020-03-19,Tuolumne,109,53932,2,0,0,0,0
2020-03-19,Ventura,111,848112,134,15,0,15,0
2020-03-19,Yolo,113,214977,26,5,0,5,0
2020-03-19,Yuba,115,75493,5,0,0,0,0
2020-03-18,Alameda,001,1643700,320,29,0,29,0
2020-03-18,Alpine,003,1148,1,0,0,0,0
2020-03-18,Amador,005,37829,1,0,0,0,0
2020-03-18,Butte,007,227075,4,0,0,0,0
2020-03-18,Calaveras,009,45235,4,2,0,2,0
2020-03-18,Colusa,011,21464,0,0,0,0,0
2020-03-18,Contra Costa,013,1133247,232,44,0,44,0
2020-03-18,Del Norte,015,27424,0,0,0,0,0
2020-03-18,El Dorado,017,186661,17,0,0,0,0
2020-03-18,Fresno,019,978130,78,3,1,4,0
2020-03-18,Glenn,021,27897,1,0,0,0,0
2020-03-18,Humboldt,023,135768,19,1,0,1,0
2020-03-18,Imperial,025,180216,33,2,0,2,0
2020-03-18,Inyo,027,18085,0,0,0,0,0
2020-03-18,Kern,029,883053,65,1,0,1,0
2020-03-18,Kings,031,150075,8,0,1,1,0
2020-03-18,Lake,033,64148,0,0,0,0,0
2020-03-18,Lassen,035,31185,0,0,1,1,0
2020-03-18,Los Angeles,037,10098052,2022,47,12,59,0
2020-03-18,Madera,039,155013,29,2,0,2,0
2020-03-18,Marin,041,260295,58,10,0,10,0
2020-03-18,Mariposa,043,17540,0,0,0,0,0
2020-03-18,Mendocino,045,87422,2,0,0,0,0
2020-03-18,Merced,047,269075,5,0,0,0,0
2020-03-18,Modoc,049,8938,0,0,0,0,0
2020-03-18,Mono,051,14174,11,0,0,0,0
2020-03-18,Monterey,053,433212,28,1,0,1,0
2020-03-18,Napa,055,140530,11,0,0,0,0
2020-03-18,Nevada,057,99092,16,2,1,3,0
2020-03-18,Orange,059,3164182,581,38,3,41,0
2020-03-18,Placer,061,380077,57,8,0,8,1
2020-03-18,Plumas,063,18699,0,0,0,0,0
2020-03-18,Riverside,065,2383286,303,11,2,13,2
2020-03-18,Sacramento,067,1510023,256,46,0,46,3
2020-03-18,San Benito,069,59416,13,3,0,3,0
2020-03-18,San Bernardino,071,2135413,189,3,0,3,0
2020-03-18,San Diego,073,3302833,683,40,0,40,0
2020-03-18,San Francisco,075,870044,324,65,0,65,0
2020-03-18,San Joaquin,077,732212,90,14,3,17,2
2020-03-18,San Luis Obispo,079,281455,68,5,0,5,0
2020-03-18,San Mateo,081,765935,339,57,2,59,1
2020-03-18,Santa Barbara,083,443738,88,2,0,2,0
2020-03-18,Santa Clara,085,1922200,782,151,1,152,6
2020-03-18,Santa Cruz,087,273765,54,11,0,11,0
2020-03-18,Shasta,089,179085,8,1,0,1,0
2020-03-18,Sierra,091,2930,0,0,0,0,0
2020-03-18,Siskiyou,093,43540,3,0,0,0,0
2020-03-18,Solano,095,438530,51,26,0,26,0
2020-03-18,Sonoma,097,501317,79,6,0,6,0
2020-03-18,Stanislaus,099,539301,34,5,2,7,0
2020-03-18,Sutter,101,95872,5,0,0,0,0
2020-03-18,Tehama,103,63373,0,0,0,0,0
2020-03-18,Trinity,105,12862,0,0,0,0,0
2020-03-18,Tulare,107,460477,27,3,2,5,0
2020-03-18,Tuolumne,109,53932,2,0,0,0,0
2020-03-18,Ventura,111,848112,115,11,0,11,0
2020-03-18,Yolo,113,214977,23,4,0,4,0
2020-03-18,Yuba,115,75493,4,0,0,0,0
2020-03-17,Alameda,001,1643700,288,19,0,19,0
2020-03-17,Alpine,003,1148,0,0,0,0,0
2020-03-17,Amador,005,37829,1,0,0,0,0
2020-03-17,Butte,007,227075,4,0,0,0,0
2020-03-17,Calaveras,009,45235,4,2,0,2,0
2020-03-17,Colusa,011,21464,0,0,0,0,0
2020-03-17,Contra Costa,013,1133247,210,37,0,37,0
2020-03-17,Del Norte,015,27424,0,0,0,0,0
2020-03-17,El Dorado,017,186661,16,0,0,0,0
2020-03-17,Fresno,019,978130,68,2,1,3,0
2020-03-17,Glenn,021,27897,1,0,0,0,0
2020-03-17,Humboldt,023,135768,17,1,0,1,0
2020-03-17,Imperial,025,180216,27,2,0,2,0
2020-03-17,Inyo,027,18085,0,0,0,0,0
2020-03-17,Kern,029,883053,51,0,0,0,0
2020-03-17,Kings,031,150075,7,0,1,1,0
2020-03-17,Lake,033,64148,0,0,0,0,0
2020-03-17,Lassen,035,31185,0,0,1,1,0
2020-03-17,Los Angeles,037,10098052,1821,41,12,53,0
2020-03-17,Madera,039,155013,22,2,0,2,0
2020-03-17,Marin,041,260295,51,4,0,4,0
2020-03-17,Mariposa,043,17540,0,0,0,0,0
2020-03-17,Mendocino,045,87422,2,0,0,0,0
2020-03-17,Merced,047,269075,5,0,0,0,0
2020-03-17,Modoc,049,8938,0,0,0,0,0
2020-03-17,Mono,051,14174,9,0,0,0,0
2020-03-17,Monterey,053,433212,26,0,0,0,0
2020-03-17,Napa,055,140530,8,0,0,0,0
2020-03-17,Nevada,057,99092,15,1,1,2,0
2020-03-17,Orange,059,3164182,505,24,3,27,0
2020-03-17,Placer,061,380077,47,7,0,7,1
2020-03-17,Plumas,063,18699,0,0,0,0,0
2020-03-17,Riverside,065,2383286,246,11,2,13,0
2020-03-17,Sacramento,067,1510023,236,36,0,36,1
2020-03-17,San Benito,069,59416,12,2,0,2,0
2020-03-17,San Bernardino,071,2135413,161,2,0,2,0
2020-03-17,San Diego,073,3302833,616,17,0,17,0
2020-03-17,San Francisco,075,870044,298,46,0,46,0
2020-03-17,San Joaquin,077,732212,84,11,3,14,0
2020-03-17,San Luis Obispo,079,281455,61,1,0,1,0
2020-03-17,San Mateo,081,765935,307,46,2,48,1
2020-03-17,Santa Barbara,083,443738,75,0,0,0,0
2020-03-17,Santa Clara,085,1922200,725,121,1,122,4
2020-03-17,Santa Cruz,087,273765,51,10,0,10,0
2020-03-17,Shasta,089,179085,4,1,0,1,0
2020-03-17,Sierra,091,2930,0,0,0,0,0
2020-03-17,Siskiyou,093,43540,3,0,0,0,0
2020-03-17,Solano,095,438530,48,27,0,27,0
2020-03-17,Sonoma,097,501317,71,4,0,4,0
2020-03-17,Stanislaus,099,539301,31,4,2,6,0
2020-03-17,Sutter,101,95872,5,0,0,0,0
2020-03-17,Tehama,103,63373,0,0,0,0,0
2020-03-17,Trinity,105,12862,0,0,0,0,0
2020-03-17,Tulare,107,460477,24,2,2,4,0
2020-03-17,Tuolumne,109,53932,2,0,0,0,0
2020-03-17,Ventura,111,848112,98,7,0,7,0
2020-03-17,Yolo,113,214977,19,2,0,2,0
2020-03-17,Yuba,115,75493,4,0,0,0,0
2020-03-16,Alameda,001,1643700,259,17,0,17,0
2020-03-16,Alpine,003,1148,0,0,0,0,0
2020-03-16,Amador,005,37829,1,0,0,0,0
2020-03-16,Butte,007,227075,3,0,0,0,0
2020-03-16,Calaveras,009,45235,4,2,0,2,0
2020-03-16,Colusa,011,21464,0,0,0,0,0
2020-03-16,Contra Costa,013,1133247,186,36,0,36,0
2020-03-16,Del Norte,015,27424,0,0,0,0,0
2020-03-16,El Dorado,017,186661,15,0,0,0,0
2020-03-16,Fresno,019,978130,53,2,1,3,0
2020-03-16,Glenn,021,27897,0,0,0,0,0
2020-03-16,Humboldt,023,135768,13,1,0,1,0
2020-03-16,Imperial,025,180216,22,2,0,2,0
2020-03-16,Inyo,027,18085,0,0,0,0,0
2020-03-16,Kern,029,883053,43,0,0,0,0
2020-03-16,Kings,031,150075,6,0,1,1,0
2020-03-16,Lake,033,64148,0,0,0,0,0
2020-03-16,Lassen,035,31185,0,0,0,0,0
2020-03-16,Los Angeles,037,10098052,1586,43,12,55,0
2020-03-16,Madera,039,155013,21,2,0,2,0
2020-03-16,Marin,041,260295,48,4,0,4,0
2020-03-16,Mariposa,043,17540,0,0,0,0,0
2020-03-16,Mendocino,045,87422,2,0,0,0,0
2020-03-16,Merced,047,269075,5,0,0,0,0
2020-03-16,Modoc,049,8938,0,0,0,0,0
2020-03-16,Mono,051,14174,7,0,0,0,0
2020-03-16,Monterey,053,433212,25,0,0,0,0
2020-03-16,Napa,055,140530,7,0,0,0,0
2020-03-16,Nevada,057,99092,11,1,1,2,0
2020-03-16,Orange,059,3164182,420,18,3,21,0
2020-03-16,Placer,061,380077,39,7,0,7,1
2020-03-16,Plumas,063,18699,0,0,0,0,0
2020-03-16,Riverside,065,2383286,212,10,2,12,0
2020-03-16,Sacramento,067,1510023,209,34,0,34,1
2020-03-16,San Benito,069,59416,8,2,0,2,0
2020-03-16,San Bernardino,071,2135413,141,1,0,1,0
2020-03-16,San Diego,073,3302833,525,17,0,17,0
2020-03-16,San Francisco,075,870044,262,40,0,40,0
2020-03-16,San Joaquin,077,732212,74,9,3,12,0
2020-03-16,San Luis Obispo,079,281455,54,1,0,1,0
2020-03-16,San Mateo,081,765935,269,42,2,44,1
2020-03-16,Santa Barbara,083,443738,63,0,0,0,0
2020-03-16,Santa Clara,085,1922200,649,115,1,116,2
2020-03-16,Santa Cruz,087,273765,44,9,0,9,0
2020-03-16,Shasta,089,179085,4,1,0,1,0
2020-03-16,Sierra,091,2930,0,0,0,0,0
2020-03-16,Siskiyou,093,43540,2,0,0,0,0
2020-03-16,Solano,095,438530,43,27,0,27,0
2020-03-16,Sonoma,097,501317,63,4,0,4,0
2020-03-16,Stanislaus,099,539301,27,2,2,4,0
2020-03-16,Sutter,101,95872,3,0,0,0,0
2020-03-16,Tehama,103,63373,0,0,0,0,0
2020-03-16,Trinity,105,12862,0,0,0,0,0
2020-03-16,Tulare,107,460477,21,2,2,4,0
2020-03-16,Tuolumne,109,53932,2,0,0,0,0
2020-03-16,Ventura,111,848112,88,7,0,7,0
2020-03-16,Yolo,113,214977,18,2,0,2,0
2020-03-16,Yuba,115,75493,3,0,0,0,0
2020-03-15,Alameda,001,1643700,213,17,0,17,0
2020-03-15,Alpine,003,1148,0,0,0,0,0
2020-03-15,Amador,005,37829,1,0,0,0,0
2020-03-15,Butte,007,227075,3,0,0,0,0
2020-03-15,Calaveras,009,45235,2,2,0,2,0
2020-03-15,Colusa,011,21464,0,0,0,0,0
2020-03-15,Contra Costa,013,1133247,161,34,0,34,0
2020-03-15,Del Norte,015,27424,0,0,0,0,0
2020-03-15,El Dorado,017,186661,14,0,0,0,0
2020-03-15,Fresno,019,978130,33,1,1,2,0
2020-03-15,Glenn,021,27897,0,0,0,0,0
2020-03-15,Humboldt,023,135768,11,1,0,1,0
2020-03-15,Imperial,025,180216,17,2,0,2,0
2020-03-15,Inyo,027,18085,0,0,0,0,0
2020-03-15,Kern,029,883053,37,0,0,0,0
2020-03-15,Kings,031,150075,6,0,1,1,0
2020-03-15,Lake,033,64148,0,0,0,0,0
2020-03-15,Lassen,035,31185,0,0,0,0,0
2020-03-15,Los Angeles,037,10098052,1349,41,12,53,0
2020-03-15,Madera,039,155013,20,2,0,2,0
2020-03-15,Marin,041,260295,41,3,0,3,0
2020-03-15,Mariposa,043,17540,0,0,0,0,0
2020-03-15,Mendocino,045,87422,2,0,0,0,0
2020-03-15,Merced,047,269075,3,0,0,0,0
2020-03-15,Modoc,049,8938,0,0,0,0,0
2020-03-15,Mono,051,14174,6,0,0,0,0
2020-03-15,Monterey,053,433212,19,0,0,0,0
2020-03-15,Napa,055,140530,7,0,0,0,0
2020-03-15,Nevada,057,99092,11,0,1,1,0
2020-03-15,Orange,059,3164182,350,16,2,18,0
2020-03-15,Placer,061,380077,33,7,0,7,1
2020-03-15,Plumas,063,18699,0,0,0,0,0
2020-03-15,Riverside,065,2383286,167,10,2,12,0
2020-03-15,Sacramento,067,1510023,173,30,0,30,1
2020-03-15,San Benito,069,59416,8,2,0,2,0
2020-03-15,San Bernardino,071,2135413,119,0,0,0,0
2020-03-15,San Diego,073,3302833,438,16,0,16,0
2020-03-15,San Francisco,075,870044,206,31,0,31,0
2020-03-15,San Joaquin,077,732212,63,6,3,9,0
2020-03-15,San Luis Obispo,079,281455,45,1,0,1,0
2020-03-15,San Mateo,081,765935,235,29,1,30,1
2020-03-15,Santa Barbara,083,443738,53,0,0,0,0
2020-03-15,Santa Clara,085,1922200,578,79,1,80,2
2020-03-15,Santa Cruz,087,273765,38,8,0,8,0
2020-03-15,Shasta,089,179085,4,1,0,1,0
2020-03-15,Sierra,091,2930,0,0,0,0,0
2020-03-15,Siskiyou,093,43540,2,0,0,0,0
2020-03-15,Solano,095,438530,42,26,0,26,0
2020-03-15,Sonoma,097,501317,54,4,0,4,0
2020-03-15,Stanislaus,099,539301,26,2,2,4,0
2020-03-15,Sutter,101,95872,2,0,0,0,0
2020-03-15,Tehama,103,63373,0,0,0,0,0
2020-03-15,Trinity,105,12862,0,0,0,0,0
2020-03-15,Tulare,107,460477,16,2,2,4,0
2020-03-15,Tuolumne,109,53932,1,0,0,0,0
2020-03-15,Ventura,111,848112,77,5,0,5,0
2020-03-15,Yolo,113,214977,15,2,0,2,0
2020-03-15,Yuba,115,75493,2,0,0,0,0
2020-03-14,Alameda,001,1643700,194,11,0,11,0
2020-03-14,Alpine,003,1148,0,0,0,0,0
2020-03-14,Amador,005,37829,1,0,0,0,0
2020-03-14,Butte,007,227075,2,0,0,0,0
2020-03-14,Calaveras,009,45235,2,2,0,2,0
2020-03-14,Colusa,011,21464,0,0,0,0,0
2020-03-14,Contra Costa,013,1133247,139,30,0,30,0
2020-03-14,Del Norte,015,27424,0,0,0,0,0
2020-03-14,El Dorado,017,186661,12,0,0,0,0
2020-03-14,Fresno,019,978130,25,1,1,2,0
2020-03-14,Glenn,021,27897,0,0,0,0,0
2020-03-14,Humboldt,023,135768,7,1,0,1,0
2020-03-14,Imperial,025,180216,13,2,0,2,0
2020-03-14,Inyo,027,18085,0,0,0,0,0
2020-03-14,Kern,029,883053,32,0,0,0,0
2020-03-14,Kings,031,150075,6,0,1,1,0
2020-03-14,Lake,033,64148,0,0,0,0,0
2020-03-14,Lassen,035,31185,0,0,0,0,0
2020-03-14,Los Angeles,037,10098052,1171,35,12,47,0
2020-03-14,Madera,039,155013,19,2,0,2,0
2020-03-14,Marin,041,260295,37,3,0,3,0
2020-03-14,Mariposa,043,17540,0,0,0,0,0
2020-03-14,Mendocino,045,87422,2,0,0,0,0
2020-03-14,Merced,047,269075,3,0,0,0,0
2020-03-14,Modoc,049,8938,0,0,0,0,0
2020-03-14,Mono,051,14174,5,0,0,0,0
2020-03-14,Monterey,053,433212,13,0,0,0,0
2020-03-14,Napa,055,140530,5,0,0,0,0
2020-03-14,Nevada,057,99092,8,0,1,1,0
2020-03-14,Orange,059,3164182,311,14,1,15,0
2020-03-14,Placer,061,380077,29,6,0,6,1
2020-03-14,Plumas,063,18699,0,0,0,0,0
2020-03-14,Riverside,065,2383286,147,10,2,12,0
2020-03-14,Sacramento,067,1510023,151,31,0,31,1
2020-03-14,San Benito,069,59416,8,2,0,2,0
2020-03-14,San Bernardino,071,2135413,101,0,0,0,0
2020-03-14,San Diego,073,3302833,363,10,0,10,0
2020-03-14,San Francisco,075,870044,185,29,0,29,0
2020-03-14,San Joaquin,077,732212,54,6,3,9,0
2020-03-14,San Luis Obispo,079,281455,40,0,0,0,0
2020-03-14,San Mateo,081,765935,212,27,1,28,0
2020-03-14,Santa Barbara,083,443738,41,0,0,0,0
2020-03-14,Santa Clara,085,1922200,522,62,1,63,2
2020-03-14,Santa Cruz,087,273765,33,8,0,8,0
2020-03-14,Shasta,089,179085,4,1,0,1,0
2020-03-14,Sierra,091,2930,0,0,0,0,0
2020-03-14,Siskiyou,093,43540,1,0,0,0,0
2020-03-14,Solano,095,438530,40,26,0,26,0
2020-03-14,Sonoma,097,501317,41,2,0,2,0
2020-03-14,Stanislaus,099,539301,22,2,2,4,0
2020-03-14,Sutter,101,95872,2,0,0,0,0
2020-03-14,Tehama,103,63373,0,0,0,0,0
2020-03-14,Trinity,105,12862,0,0,0,0,0
2020-03-14,Tulare,107,460477,14,2,2,4,0
2020-03-14,Tuolumne,109,53932,1,0,0,0,0
2020-03-14,Ventura,111,848112,68,5,0,5,0
2020-03-14,Yolo,113,214977,15,2,0,2,0
2020-03-14,Yuba,115,75493,1,0,0,0,0
2020-03-13,Alameda,001,1643700,175,12,0,12,0
2020-03-13,Alpine,003,1148,0,0,0,0,0
2020-03-13,Amador,005,37829,1,0,0,0,0
2020-03-13,Butte,007,227075,0,0,0,0,0
2020-03-13,Calaveras,009,45235,2,2,0,2,0
2020-03-13,Colusa,011,21464,0,0,0,0,0
2020-03-13,Contra Costa,013,1133247,125,22,0,22,0
2020-03-13,Del Norte,015,27424,0,0,0,0,0
2020-03-13,El Dorado,017,186661,11,0,0,0,0
2020-03-13,Fresno,019,978130,20,1,1,2,0
2020-03-13,Glenn,021,27897,0,0,0,0,0
2020-03-13,Humboldt,023,135768,7,1,0,1,0
2020-03-13,Imperial,025,180216,12,2,0,2,0
2020-03-13,Inyo,027,18085,0,0,0,0,0
2020-03-13,Kern,029,883053,27,0,0,0,0
2020-03-13,Kings,031,150075,5,0,1,1,0
2020-03-13,Lake,033,64148,0,0,0,0,0
2020-03-13,Lassen,035,31185,0,0,0,0,0
2020-03-13,Los Angeles,037,10098052,1018,30,11,41,0
2020-03-13,Madera,039,155013,18,1,0,1,0
2020-03-13,Marin,041,260295,34,3,0,3,0
2020-03-13,Mariposa,043,17540,0,0,0,0,0
2020-03-13,Mendocino,045,87422,2,0,0,0,0
2020-03-13,Merced,047,269075,2,0,0,0,0
2020-03-13,Modoc,049,8938,0,0,0,0,0
2020-03-13,Mono,051,14174,3,0,0,0,0
2020-03-13,Monterey,053,433212,8,0,0,0,0
2020-03-13,Napa,055,140530,3,0,0,0,0
2020-03-13,Nevada,057,99092,7,0,1,1,0
2020-03-13,Orange,059,3164182,273,10,1,11,0
2020-03-13,Placer,061,380077,26,6,0,6,1
2020-03-13,Plumas,063,18699,0,0,0,0,0
2020-03-13,Riverside,065,2383286,121,5,2,7,0
2020-03-13,Sacramento,067,1510023,130,18,0,18,1
2020-03-13,San Benito,069,59416,6,2,0,2,0
2020-03-13,San Bernardino,071,2135413,94,0,0,0,0
2020-03-13,San Diego,073,3302833,313,8,0,8,0
2020-03-13,San Francisco,075,870044,171,28,0,28,0
2020-03-13,San Joaquin,077,732212,50,6,3,9,0
2020-03-13,San Luis Obispo,079,281455,32,0,0,0,0
2020-03-13,San Mateo,081,765935,191,24,1,25,0
2020-03-13,Santa Barbara,083,443738,37,0,0,0,0
2020-03-13,Santa Clara,085,1922200,460,59,1,60,1
2020-03-13,Santa Cruz,087,273765,32,7,0,7,0
2020-03-13,Shasta,089,179085,3,1,0,1,0
2020-03-13,Sierra,091,2930,0,0,0,0,0
2020-03-13,Siskiyou,093,43540,0,0,0,0,0
2020-03-13,Solano,095,438530,39,26,0,26,0
2020-03-13,Sonoma,097,501317,40,2,0,2,0
2020-03-13,Stanislaus,099,539301,17,2,2,4,0
2020-03-13,Sutter,101,95872,2,0,0,0,0
2020-03-13,Tehama,103,63373,0,0,0,0,0
2020-03-13,Trinity,105,12862,0,0,0,0,0
2020-03-13,Tulare,107,460477,11,2,2,4,0
2020-03-13,Tuolumne,109,53932,1,0,0,0,0
2020-03-13,Ventura,111,848112,54,5,0,5,0
2020-03-13,Yolo,113,214977,15,1,0,1,0
2020-03-13,Yuba,115,75493,1,0,0,0,0
2020-03-12,Alameda,001,1643700,150,9,0,9,0
2020-03-12,Alpine,003,1148,0,0,0,0,0
2020-03-12,Amador,005,37829,1,0,0,0,0
2020-03-12,Butte,007,227075,0,0,0,0,0
2020-03-12,Calaveras,009,45235,2,2,0,2,0
2020-03-12,Colusa,011,21464,0,0,0,0,0
2020-03-12,Contra Costa,013,1133247,108,18,0,18,0
2020-03-12,Del Norte,015,27424,0,0,0,0,0
2020-03-12,El Dorado,017,186661,9,0,0,0,0
2020-03-12,Fresno,019,978130,11,1,1,2,0
2020-03-12,Glenn,021,27897,0,0,0,0,0
2020-03-12,Humboldt,023,135768,6,1,0,1,0
2020-03-12,Imperial,025,180216,11,2,0,2,0
2020-03-12,Inyo,027,18085,0,0,0,0,0
2020-03-12,Kern,029,883053,18,0,0,0,0
2020-03-12,Kings,031,150075,4,0,1,1,0
2020-03-12,Lake,033,64148,0,0,0,0,0
2020-03-12,Lassen,035,31185,0,0,0,0,0
2020-03-12,Los Angeles,037,10098052,859,30,11,41,0
2020-03-12,Madera,039,155013,15,1,0,1,0
2020-03-12,Marin,041,260295,24,1,0,1,0
2020-03-12,Mariposa,043,17540,0,0,0,0,0
2020-03-12,Mendocino,045,87422,2,0,0,0,0
2020-03-12,Merced,047,269075,2,0,0,0,0
2020-03-12,Modoc,049,8938,0,0,0,0,0
2020-03-12,Mono,051,14174,3,0,0,0,0
2020-03-12,Monterey,053,433212,6,0,0,0,0
2020-03-12,Napa,055,140530,3,0,0,0,0
2020-03-12,Nevada,057,99092,4,0,1,1,0
2020-03-12,Orange,059,3164182,237,7,0,7,0
2020-03-12,Placer,061,380077,22,6,0,6,1
2020-03-12,Plumas,063,18699,0,0,0,0,0
2020-03-12,Riverside,065,2383286,98,5,1,6,0
2020-03-12,Sacramento,067,1510023,106,17,0,17,1
2020-03-12,San Benito,069,59416,5,2,0,2,0
2020-03-12,San Bernardino,071,2135413,78,0,0,0,0
2020-03-12,San Diego,073,3302833,258,9,0,9,0
2020-03-12,San Francisco,075,870044,148,20,0,20,0
2020-03-12,San Joaquin,077,732212,44,3,3,6,1
2020-03-12,San Luis Obispo,079,281455,25,0,0,0,0
2020-03-12,San Mateo,081,765935,157,21,1,22,0
2020-03-12,Santa Barbara,083,443738,25,0,0,0,0
2020-03-12,Santa Clara,085,1922200,402,51,1,52,1
2020-03-12,Santa Cruz,087,273765,29,5,0,5,0
2020-03-12,Shasta,089,179085,2,1,0,1,0
2020-03-12,Sierra,091,2930,0,0,0,0,0
2020-03-12,Siskiyou,093,43540,0,0,0,0,0
2020-03-12,Solano,095,438530,34,26,0,26,0
2020-03-12,Sonoma,097,501317,34,2,0,2,0
2020-03-12,Stanislaus,099,539301,15,2,2,4,0
2020-03-12,Sutter,101,95872,0,0,0,0,0
2020-03-12,Tehama,103,63373,0,0,0,0,0
2020-03-12,Trinity,105,12862,0,0,0,0,0
2020-03-12,Tulare,107,460477,11,1,1,2,0
2020-03-12,Tuolumne,109,53932,1,0,0,0,0
2020-03-12,Ventura,111,848112,45,3,0,3,0
2020-03-12,Yolo,113,214977,14,1,0,1,0
2020-03-12,Yuba,115,75493,1,0,0,0,0
2020-03-11,Alameda,001,1643700,118,5,0,5,0
2020-03-11,Alpine,003,1148,0,0,0,0,0
2020-03-11,Amador,005,37829,1,0,0,0,0
2020-03-11,Butte,007,227075,0,0,0,0,0
2020-03-11,Calaveras,009,45235,2,2,0,2,0
2020-03-11,Colusa,011,21464,0,0,0,0,0
2020-03-11,Contra Costa,013,1133247,93,16,0,16,0
2020-03-11,Del Norte,015,27424,0,0,0,0,0
2020-03-11,El Dorado,017,186661,8,0,0,0,0
2020-03-11,Fresno,019,978130,8,1,1,2,0
2020-03-11,Glenn,021,27897,0,0,0,0,0
2020-03-11,Humboldt,023,135768,6,1,0,1,0
2020-03-11,Imperial,025,180216,9,0,0,0,0
2020-03-11,Inyo,027,18085,0,0,0,0,0
2020-03-11,Kern,029,883053,16,0,0,0,0
2020-03-11,Kings,031,150075,3,0,1,1,0
2020-03-11,Lake,033,64148,0,0,0,0,0
2020-03-11,Lassen,035,31185,0,0,0,0,0
2020-03-11,Los Angeles,037,10098052,691,21,11,32,0
2020-03-11,Madera,039,155013,13,1,0,1,0
2020-03-11,Marin,041,260295,17,1,0,1,0
2020-03-11,Mariposa,043,17540,0,0,0,0,0
2020-03-11,Mendocino,045,87422,1,0,0,0,0
2020-03-11,Merced,047,269075,2,0,0,0,0
2020-03-11,Modoc,049,8938,0,0,0,0,0
2020-03-11,Mono,051,14174,3,0,0,0,0
2020-03-11,Monterey,053,433212,5,0,0,0,0
2020-03-11,Napa,055,140530,2,0,0,0,0
2020-03-11,Nevada,057,99092,4,0,1,1,0
2020-03-11,Orange,059,3164182,205,6,0,6,0
2020-03-11,Placer,061,380077,18,6,0,6,1
2020-03-11,Plumas,063,18699,0,0,0,0,0
2020-03-11,Riverside,065,2383286,75,4,1,5,0
2020-03-11,Sacramento,067,1510023,88,9,0,9,1
2020-03-11,San Benito,069,59416,5,2,0,2,0
2020-03-11,San Bernardino,071,2135413,71,0,0,0,0
2020-03-11,San Diego,073,3302833,208,4,0,4,0
2020-03-11,San Francisco,075,870044,123,17,0,17,0
2020-03-11,San Joaquin,077,732212,33,1,3,4,0
2020-03-11,San Luis Obispo,079,281455,22,0,0,0,0
2020-03-11,San Mateo,081,765935,139,16,0,16,0
2020-03-11,Santa Barbara,083,443738,15,0,0,0,0
2020-03-11,Santa Clara,085,1922200,362,48,1,49,1
2020-03-11,Santa Cruz,087,273765,26,2,0,2,0
2020-03-11,Shasta,089,179085,2,1,0,1,0
2020-03-11,Sierra,091,2930,0,0,0,0,0
2020-03-11,Siskiyou,093,43540,0,0,0,0,0
2020-03-11,Solano,095,438530,29,26,0,26,0
2020-03-11,Sonoma,097,501317,30,2,0,2,0
2020-03-11,Stanislaus,099,539301,15,2,2,4,0
2020-03-11,Sutter,101,95872,0,0,0,0,0
2020-03-11,Tehama,103,63373,0,0,0,0,0
2020-03-11,Trinity,105,12862,0,0,0,0,0
2020-03-11,Tulare,107,460477,10,0,1,1,0
2020-03-11,Tuolumne,109,53932,1,0,0,0,0
2020-03-11,Ventura,111,848112,37,3,0,3,0
2020-03-11,Yolo,113,214977,10,1,0,1,0
2020-03-11,Yuba,115,75493,1,0,0,0,0
2020-03-10,Alameda,001,1643700,98,4,0,4,0
2020-03-10,Alpine,003,1148,0,0,0,0,0
2020-03-10,Amador,005,37829,1,0,0,0,0
2020-03-10,Butte,007,227075,0,0,0,0,0
2020-03-10,Calaveras,009,45235,2,2,0,2,0
2020-03-10,Colusa,011,21464,0,0,0,0,0
2020-03-10,Contra Costa,013,1133247,84,11,0,11,0
2020-03-10,Del Norte,015,27424,0,0,0,0,0
2020-03-10,El Dorado,017,186661,7,0,0,0,0
2020-03-10,Fresno,019,978130,6,1,1,2,0
2020-03-10,Glenn,021,27897,0,0,0,0,0
2020-03-10,Humboldt,023,135768,6,1,0,1,0
2020-03-10,Imperial,025,180216,8,0,0,0,0
2020-03-10,Inyo,027,18085,0,0,0,0,0
2020-03-10,Kern,029,883053,11,0,0,0,0
2020-03-10,Kings,031,150075,3,0,1,1,0
2020-03-10,Lake,033,64148,0,0,0,0,0
2020-03-10,Lassen,035,31185,0,0,0,0,0
2020-03-10,Los Angeles,037,10098052,555,20,11,31,0
2020-03-10,Madera,039,155013,7,1,0,1,0
2020-03-10,Marin,041,260295,16,1,0,1,0
2020-03-10,Mariposa,043,17540,0,0,0,0,0
2020-03-10,Mendocino,045,87422,0,0,0,0,0
2020-03-10,Merced,047,269075,2,0,0,0,0
2020-03-10,Modoc,049,8938,0,0,0,0,0
2020-03-10,Mono,051,14174,3,0,0,0,0
2020-03-10,Monterey,053,433212,3,0,0,0,0
2020-03-10,Napa,055,140530,2,0,0,0,0
2020-03-10,Nevada,057,99092,3,0,1,1,0
2020-03-10,Orange,059,3164182,185,5,0,5,1
2020-03-10,Placer,061,380077,14,7,0,7,1
2020-03-10,Plumas,063,18699,0,0,0,0,0
2020-03-10,Riverside,065,2383286,56,4,1,5,0
2020-03-10,Sacramento,067,1510023,79,8,0,8,0
2020-03-10,San Benito,069,59416,5,2,0,2,0
2020-03-10,San Bernardino,071,2135413,63,0,0,0,0
2020-03-10,San Diego,073,3302833,165,3,0,3,0
2020-03-10,San Francisco,075,870044,91,16,0,16,0
2020-03-10,San Joaquin,077,732212,30,1,3,4,0
2020-03-10,San Luis Obispo,079,281455,15,0,0,0,0
2020-03-10,San Mateo,081,765935,123,11,0,11,0
2020-03-10,Santa Barbara,083,443738,11,0,0,0,0
2020-03-10,Santa Clara,085,1922200,315,45,1,46,1
2020-03-10,Santa Cruz,087,273765,22,2,0,2,0
2020-03-10,Shasta,089,179085,2,1,0,1,0
2020-03-10,Sierra,091,2930,0,0,0,0,0
2020-03-10,Siskiyou,093,43540,0,0,0,0,0
2020-03-10,Solano,095,438530,27,26,0,26,0
2020-03-10,Sonoma,097,501317,27,2,0,2,0
2020-03-10,Stanislaus,099,539301,11,0,2,2,0
2020-03-10,Sutter,101,95872,0,0,0,0,0
2020-03-10,Tehama,103,63373,0,0,0,0,0
2020-03-10,Trinity,105,12862,0,0,0,0,0
2020-03-10,Tulare,107,460477,9,0,1,1,0
2020-03-10,Tuolumne,109,53932,1,0,0,0,0
2020-03-10,Ventura,111,848112,29,1,0,1,0
2020-03-10,Yolo,113,214977,7,2,0,2,0
2020-03-10,Yuba,115,75493,1,0,0,0,0
2020-03-09,Alameda,001,1643700,71,4,0,4,0
2020-03-09,Alpine,003,1148,0,0,0,0,0
2020-03-09,Amador,005,37829,0,0,0,0,0
2020-03-09,Butte,007,227075,0,0,0,0,0
2020-03-09,Calaveras,009,45235,2,0,0,0,0
2020-03-09,Colusa,011,21464,0,0,0,0,0
2020-03-09,Contra Costa,013,1133247,72,9,0,9,0
2020-03-09,Del Norte,015,27424,0,0,0,0,0
2020-03-09,El Dorado,017,186661,5,0,0,0,0
2020-03-09,Fresno,019,978130,6,1,1,2,0
2020-03-09,Glenn,021,27897,0,0,0,0,0
2020-03-09,Humboldt,023,135768,5,1,0,1,0
2020-03-09,Imperial,025,180216,8,0,0,0,0
2020-03-09,Inyo,027,18085,0,0,0,0,0
2020-03-09,Kern,029,883053,8,0,0,0,0
2020-03-09,Kings,031,150075,2,0,1,1,0
2020-03-09,Lake,033,64148,0,0,0,0,0
2020-03-09,Lassen,035,31185,0,0,0,0,0
2020-03-09,Los Angeles,037,10098052,453,17,10,27,0
2020-03-09,Madera,039,155013,7,1,0,1,0
2020-03-09,Marin,041,260295,15,1,0,1,0
2020-03-09,Mariposa,043,17540,0,0,0,0,0
2020-03-09,Mendocino,045,87422,0,0,0,0,0
2020-03-09,Merced,047,269075,2,0,0,0,0
2020-03-09,Modoc,049,8938,0,0,0,0,0
2020-03-09,Mono,051,14174,3,0,0,0,0
2020-03-09,Monterey,053,433212,1,0,0,0,0
2020-03-09,Napa,055,140530,2,0,0,0,0
2020-03-09,Nevada,057,99092,2,0,1,1,0
2020-03-09,Orange,059,3164182,157,4,0,4,0
2020-03-09,Placer,061,380077,12,7,0,7,1
2020-03-09,Plumas,063,18699,0,0,0,0,0
2020-03-09,Riverside,065,2383286,47,4,1,5,0
2020-03-09,Sacramento,067,1510023,75,8,0,8,0
2020-03-09,San Benito,069,59416,3,2,0,2,0
2020-03-09,San Bernardino,071,2135413,52,0,0,0,0
2020-03-09,San Diego,073,3302833,126,2,0,2,0
2020-03-09,San Francisco,075,870044,71,14,0,14,0
2020-03-09,San Joaquin,077,732212,21,0,3,3,0
2020-03-09,San Luis Obispo,079,281455,15,0,0,0,0
2020-03-09,San Mateo,081,765935,109,6,0,6,0
2020-03-09,Santa Barbara,083,443738,9,0,0,0,0
2020-03-09,Santa Clara,085,1922200,271,42,1,43,1
2020-03-09,Santa Cruz,087,273765,19,2,0,2,0
2020-03-09,Shasta,089,179085,2,1,0,1,0
2020-03-09,Sierra,091,2930,0,0,0,0,0
2020-03-09,Siskiyou,093,43540,0,0,0,0,0
2020-03-09,Solano,095,438530,25,26,0,26,0
2020-03-09,Sonoma,097,501317,22,2,0,2,0
2020-03-09,Stanislaus,099,539301,11,0,2,2,0
2020-03-09,Sutter,101,95872,0,0,0,0,0
2020-03-09,Tehama,103,63373,0,0,0,0,0
2020-03-09,Trinity,105,12862,0,0,0,0,0
2020-03-09,Tulare,107,460477,9,0,1,1,0
2020-03-09,Tuolumne,109,53932,1,0,0,0,0
2020-03-09,Ventura,111,848112,25,1,0,1,0
2020-03-09,Yolo,113,214977,6,2,0,2,0
2020-03-09,Yuba,115,75493,0,0,0,0,0
2020-03-08,Alameda,001,1643700,46,4,0,4,0
2020-03-08,Alpine,003,1148,0,0,0,0,0
2020-03-08,Amador,005,37829,0,0,0,0,0
2020-03-08,Butte,007,227075,0,0,0,0,0
2020-03-08,Calaveras,009,45235,2,0,0,0,0
2020-03-08,Colusa,011,21464,0,0,0,0,0
2020-03-08,Contra Costa,013,1133247,58,9,0,9,0
2020-03-08,Del Norte,015,27424,0,0,0,0,0
2020-03-08,El Dorado,017,186661,5,0,0,0,0
2020-03-08,Fresno,019,978130,4,1,1,2,0
2020-03-08,Glenn,021,27897,0,0,0,0,0
2020-03-08,Humboldt,023,135768,5,1,0,1,0
2020-03-08,Imperial,025,180216,8,0,0,0,0
2020-03-08,Inyo,027,18085,0,0,0,0,0
2020-03-08,Kern,029,883053,8,0,0,0,0
2020-03-08,Kings,031,150075,1,0,1,1,0
2020-03-08,Lake,033,64148,0,0,0,0,0
2020-03-08,Lassen,035,31185,0,0,0,0,0
2020-03-08,Los Angeles,037,10098052,360,14,10,24,0
2020-03-08,Madera,039,155013,7,1,0,1,0
2020-03-08,Marin,041,260295,13,1,0,1,0
2020-03-08,Mariposa,043,17540,0,0,0,0,0
2020-03-08,Mendocino,045,87422,0,0,0,0,0
2020-03-08,Merced,047,269075,2,0,0,0,0
2020-03-08,Modoc,049,8938,0,0,0,0,0
2020-03-08,Mono,051,14174,3,0,0,0,0
2020-03-08,Monterey,053,433212,1,0,0,0,0
2020-03-08,Napa,055,140530,2,0,0,0,0
2020-03-08,Nevada,057,99092,1,0,1,1,0
2020-03-08,Orange,059,3164182,132,4,0,4,0
2020-03-08,Placer,061,380077,11,7,0,7,1
2020-03-08,Plumas,063,18699,0,0,0,0,0
2020-03-08,Riverside,065,2383286,40,1,1,2,0
2020-03-08,Sacramento,067,1510023,65,5,0,5,0
2020-03-08,San Benito,069,59416,3,2,0,2,0
2020-03-08,San Bernardino,071,2135413,41,0,0,0,0
2020-03-08,San Diego,073,3302833,92,2,0,2,0
2020-03-08,San Francisco,075,870044,52,9,0,9,0
2020-03-08,San Joaquin,077,732212,18,0,3,3,0
2020-03-08,San Luis Obispo,079,281455,9,0,0,0,0
2020-03-08,San Mateo,081,765935,96,4,0,4,0
2020-03-08,Santa Barbara,083,443738,6,0,0,0,0
2020-03-08,Santa Clara,085,1922200,230,36,1,37,0
2020-03-08,Santa Cruz,087,273765,17,1,0,1,0
2020-03-08,Shasta,089,179085,2,0,0,0,0
2020-03-08,Sierra,091,2930,0,0,0,0,0
2020-03-08,Siskiyou,093,43540,0,0,0,0,0
2020-03-08,Solano,095,438530,24,26,0,26,0
2020-03-08,Sonoma,097,501317,17,2,0,2,0
2020-03-08,Stanislaus,099,539301,10,0,2,2,0
2020-03-08,Sutter,101,95872,0,0,0,0,0
2020-03-08,Tehama,103,63373,0,0,0,0,0
2020-03-08,Trinity,105,12862,0,0,0,0,0
2020-03-08,Tulare,107,460477,9,0,0,0,0
2020-03-08,Tuolumne,109,53932,1,0,0,0,0
2020-03-08,Ventura,111,848112,21,1,0,1,0
2020-03-08,Yolo,113,214977,3,2,0,2,0
2020-03-08,Yuba,115,75493,0,0,0,0,0
2020-03-07,Alameda,001,1643700,41,3,0,3,0
2020-03-07,Alpine,003,1148,0,0,0,0,0
2020-03-07,Amador,005,37829,0,0,0,0,0
2020-03-07,Butte,007,227075,0,0,0,0,0
2020-03-07,Calaveras,009,45235,2,0,0,0,0
2020-03-07,Colusa,011,21464,0,0,0,0,0
2020-03-07,Contra Costa,013,1133247,55,4,0,4,0
2020-03-07,Del Norte,015,27424,0,0,0,0,0
2020-03-07,El Dorado,017,186661,4,0,0,0,0
2020-03-07,Fresno,019,978130,3,1,1,2,0
2020-03-07,Glenn,021,27897,0,0,0,0,0
2020-03-07,Humboldt,023,135768,5,1,0,1,0
2020-03-07,Imperial,025,180216,7,0,0,0,0
2020-03-07,Inyo,027,18085,0,0,0,0,0
2020-03-07,Kern,029,883053,7,0,0,0,0
2020-03-07,Kings,031,150075,1,0,1,1,0
2020-03-07,Lake,033,64148,0,0,0,0,0
2020-03-07,Lassen,035,31185,0,0,0,0,0
2020-03-07,Los Angeles,037,10098052,310,14,10,24,0
2020-03-07,Madera,039,155013,6,1,0,1,0
2020-03-07,Marin,041,260295,11,0,0,0,0
2020-03-07,Mariposa,043,17540,0,0,0,0,0
2020-03-07,Mendocino,045,87422,0,0,0,0,0
2020-03-07,Merced,047,269075,2,0,0,0,0
2020-03-07,Modoc,049,8938,0,0,0,0,0
2020-03-07,Mono,051,14174,3,0,0,0,0
2020-03-07,Monterey,053,433212,1,0,0,0,0
2020-03-07,Napa,055,140530,1,0,0,0,0
2020-03-07,Nevada,057,99092,1,0,1,1,0
2020-03-07,Orange,059,3164182,124,4,0,4,0
2020-03-07,Placer,061,380077,11,6,0,6,1
2020-03-07,Plumas,063,18699,0,0,0,0,0
2020-03-07,Riverside,065,2383286,30,0,1,1,0
2020-03-07,Sacramento,067,1510023,52,4,0,4,0
2020-03-07,San Benito,069,59416,3,2,0,2,0
2020-03-07,San Bernardino,071,2135413,39,0,0,0,0
2020-03-07,San Diego,073,3302833,74,2,0,2,0
2020-03-07,San Francisco,075,870044,46,9,0,9,0
2020-03-07,San Joaquin,077,732212,16,0,3,3,0
2020-03-07,San Luis Obispo,079,281455,6,0,0,0,0
2020-03-07,San Mateo,081,765935,86,1,0,1,0
2020-03-07,Santa Barbara,083,443738,5,0,0,0,0
2020-03-07,Santa Clara,085,1922200,201,31,1,32,0
2020-03-07,Santa Cruz,087,273765,17,1,0,1,0
2020-03-07,Shasta,089,179085,2,0,0,0,0
2020-03-07,Sierra,091,2930,0,0,0,0,0
2020-03-07,Siskiyou,093,43540,0,0,0,0,0
2020-03-07,Solano,095,438530,23,25,0,25,0
2020-03-07,Sonoma,097,501317,13,2,0,2,0
2020-03-07,Stanislaus,099,539301,9,0,2,2,0
2020-03-07,Sutter,101,95872,0,0,0,0,0
2020-03-07,Tehama,103,63373,0,0,0,0,0
2020-03-07,Trinity,105,12862,0,0,0,0,0
2020-03-07,Tulare,107,460477,6,0,0,0,0
2020-03-07,Tuolumne,109,53932,1,0,0,0,0
2020-03-07,Ventura,111,848112,18,1,0,1,0
2020-03-07,Yolo,113,214977,3,2,0,2,0
2020-03-07,Yuba,115,75493,0,0,0,0,0
2020-03-06,Alameda,001,1643700,39,3,0,3,0
2020-03-06,Alpine,003,1148,0,0,0,0,0
2020-03-06,Amador,005,37829,0,0,0,0,0
2020-03-06,Butte,007,227075,0,0,0,0,0
2020-03-06,Calaveras,009,45235,2,0,0,0,0
2020-03-06,Colusa,011,21464,0,0,0,0,0
2020-03-06,Contra Costa,013,1133247,46,4,0,4,0
2020-03-06,Del Norte,015,27424,0,0,0,0,0
2020-03-06,El Dorado,017,186661,3,0,0,0,0
2020-03-06,Fresno,019,978130,2,0,1,1,0
2020-03-06,Glenn,021,27897,0,0,0,0,0
2020-03-06,Humboldt,023,135768,4,1,0,1,0
2020-03-06,Imperial,025,180216,6,0,0,0,0
2020-03-06,Inyo,027,18085,0,0,0,0,0
2020-03-06,Kern,029,883053,6,0,0,0,0
2020-03-06,Kings,031,150075,1,0,1,1,0
2020-03-06,Lake,033,64148,0,0,0,0,0
2020-03-06,Lassen,035,31185,0,0,0,0,0
2020-03-06,Los Angeles,037,10098052,267,13,10,23,0
2020-03-06,Madera,039,155013,5,0,0,0,0
2020-03-06,Marin,041,260295,10,0,0,0,0
2020-03-06,Mariposa,043,17540,0,0,0,0,0
2020-03-06,Mendocino,045,87422,0,0,0,0,0
2020-03-06,Merced,047,269075,2,0,0,0,0
2020-03-06,Modoc,049,8938,0,0,0,0,0
2020-03-06,Mono,051,14174,1,0,0,0,0
2020-03-06,Monterey,053,433212,1,0,0,0,0
2020-03-06,Napa,055,140530,1,0,0,0,0
2020-03-06,Nevada,057,99092,1,0,1,1,0
2020-03-06,Orange,059,3164182,98,4,0,4,0
2020-03-06,Placer,061,380077,10,5,0,5,1
2020-03-06,Plumas,063,18699,0,0,0,0,0
2020-03-06,Riverside,065,2383286,30,0,1,1,0
2020-03-06,Sacramento,067,1510023,43,2,0,2,0
2020-03-06,San Benito,069,59416,3,2,0,2,0
2020-03-06,San Bernardino,071,2135413,37,0,0,0,0
2020-03-06,San Diego,073,3302833,61,2,0,2,0
2020-03-06,San Francisco,075,870044,40,2,0,2,0
2020-03-06,San Joaquin,077,732212,13,0,3,3,0
2020-03-06,San Luis Obispo,079,281455,4,0,0,0,0
2020-03-06,San Mateo,081,765935,78,1,0,1,0
2020-03-06,Santa Barbara,083,443738,3,0,0,0,0
2020-03-06,Santa Clara,085,1922200,183,20,1,21,0
2020-03-06,Santa Cruz,087,273765,15,0,0,0,0
2020-03-06,Shasta,089,179085,2,0,0,0,0
2020-03-06,Sierra,091,2930,0,0,0,0,0
2020-03-06,Siskiyou,093,43540,0,0,0,0,0
2020-03-06,Solano,095,438530,22,25,0,25,0
2020-03-06,Sonoma,097,501317,13,2,0,2,0
2020-03-06,Stanislaus,099,539301,5,0,2,2,0
2020-03-06,Sutter,101,95872,0,0,0,0,0
2020-03-06,Tehama,103,63373,0,0,0,0,0
2020-03-06,Trinity,105,12862,0,0,0,0,0
2020-03-06,Tulare,107,460477,6,0,0,0,0
2020-03-06,Tuolumne,109,53932,1,0,0,0,0
2020-03-06,Ventura,111,848112,15,1,0,1,0
2020-03-06,Yolo,113,214977,3,1,0,1,0
2020-03-06,Yuba,115,75493,0,0,0,0,0
2020-03-05,Alameda,001,1643700,34,2,0,2,0
2020-03-05,Alpine,003,1148,0,0,0,0,0
2020-03-05,Amador,005,37829,0,0,0,0,0
2020-03-05,Butte,007,227075,0,0,0,0,0
2020-03-05,Calaveras,009,45235,2,0,0,0,0
2020-03-05,Colusa,011,21464,0,0,0,0,0
2020-03-05,Contra Costa,013,1133247,39,1,0,1,0
2020-03-05,Del Norte,015,27424,0,0,0,0,0
2020-03-05,El Dorado,017,186661,1,0,0,0,0
2020-03-05,Fresno,019,978130,2,0,1,1,0
2020-03-05,Glenn,021,27897,0,0,0,0,0
2020-03-05,Humboldt,023,135768,4,1,0,1,0
2020-03-05,Imperial,025,180216,5,0,0,0,0
2020-03-05,Inyo,027,18085,0,0,0,0,0
2020-03-05,Kern,029,883053,6,0,0,0,0
2020-03-05,Kings,031,150075,1,0,1,1,0
2020-03-05,Lake,033,64148,0,0,0,0,0
2020-03-05,Lassen,035,31185,0,0,0,0,0
2020-03-05,Los Angeles,037,10098052,220,11,10,21,0
2020-03-05,Madera,039,155013,5,0,0,0,0
2020-03-05,Marin,041,260295,10,0,0,0,0
2020-03-05,Mariposa,043,17540,0,0,0,0,0
2020-03-05,Mendocino,045,87422,0,0,0,0,0
2020-03-05,Merced,047,269075,2,0,0,0,0
2020-03-05,Modoc,049,8938,0,0,0,0,0
2020-03-05,Mono,051,14174,1,0,0,0,0
2020-03-05,Monterey,053,433212,1,0,0,0,0
2020-03-05,Napa,055,140530,1,0,0,0,0
2020-03-05,Nevada,057,99092,0,0,1,1,0
2020-03-05,Orange,059,3164182,83,3,0,3,0
2020-03-05,Placer,061,380077,10,2,0,2,1
2020-03-05,Plumas,063,18699,0,0,0,0,0
2020-03-05,Riverside,065,2383286,27,0,1,1,0
2020-03-05,Sacramento,067,1510023,37,2,0,2,0
2020-03-05,San Benito,069,59416,1,2,0,2,0
2020-03-05,San Bernardino,071,2135413,32,0,0,0,0
2020-03-05,San Diego,073,3302833,54,2,0,2,0
2020-03-05,San Francisco,075,870044,30,2,0,2,0
2020-03-05,San Joaquin,077,732212,10,0,3,3,0
2020-03-05,San Luis Obispo,079,281455,4,0,0,0,0
2020-03-05,San Mateo,081,765935,65,1,0,1,0
2020-03-05,Santa Barbara,083,443738,2,0,0,0,0
2020-03-05,Santa Clara,085,1922200,162,14,1,15,0
2020-03-05,Santa Cruz,087,273765,13,0,0,0,0
2020-03-05,Shasta,089,179085,2,0,0,0,0
2020-03-05,Sierra,091,2930,0,0,0,0,0
2020-03-05,Siskiyou,093,43540,0,0,0,0,0
2020-03-05,Solano,095,438530,22,24,0,24,0
2020-03-05,Sonoma,097,501317,12,2,0,2,0
2020-03-05,Stanislaus,099,539301,4,0,2,2,0
2020-03-05,Sutter,101,95872,0,0,0,0,0
2020-03-05,Tehama,103,63373,0,0,0,0,0
2020-03-05,Trinity,105,12862,0,0,0,0,0
2020-03-05,Tulare,107,460477,6,0,0,0,0
2020-03-05,Tuolumne,109,53932,1,0,0,0,0
2020-03-05,Ventura,111,848112,13,0,0,0,0
2020-03-05,Yolo,113,214977,3,0,0,0,0
2020-03-05,Yuba,115,75493,0,0,0,0,0
2020-03-04,Alameda,001,1643700,30,2,0,2,0
2020-03-04,Alpine,003,1148,0,0,0,0,0
2020-03-04,Amador,005,37829,0,0,0,0,0
2020-03-04,Butte,007,227075,0,0,0,0,0
2020-03-04,Calaveras,009,45235,0,0,0,0,0
2020-03-04,Colusa,011,21464,0,0,0,0,0
2020-03-04,Contra Costa,013,1133247,34,1,0,1,0
2020-03-04,Del Norte,015,27424,0,0,0,0,0
2020-03-04,El Dorado,017,186661,1,0,0,0,0
2020-03-04,Fresno,019,978130,2,0,1,1,0
2020-03-04,Glenn,021,27897,0,0,0,0,0
2020-03-04,Humboldt,023,135768,1,1,0,1,0
2020-03-04,Imperial,025,180216,5,0,0,0,0
2020-03-04,Inyo,027,18085,0,0,0,0,0
2020-03-04,Kern,029,883053,6,0,0,0,0
2020-03-04,Kings,031,150075,1,0,1,1,0
2020-03-04,Lake,033,64148,0,0,0,0,0
2020-03-04,Lassen,035,31185,0,0,0,0,0
2020-03-04,Los Angeles,037,10098052,185,7,10,17,0
2020-03-04,Madera,039,155013,5,0,0,0,0
2020-03-04,Marin,041,260295,10,0,0,0,0
2020-03-04,Mariposa,043,17540,0,0,0,0,0
2020-03-04,Mendocino,045,87422,0,0,0,0,0
2020-03-04,Merced,047,269075,2,0,0,0,0
2020-03-04,Modoc,049,8938,0,0,0,0,0
2020-03-04,Mono,051,14174,1,0,0,0,0
2020-03-04,Monterey,053,433212,1,0,0,0,0
2020-03-04,Napa,055,140530,1,0,0,0,0
2020-03-04,Nevada,057,99092,0,0,1,1,0
2020-03-04,Orange,059,3164182,80,3,0,3,0
2020-03-04,Placer,061,380077,9,2,0,2,1
2020-03-04,Plumas,063,18699,0,0,0,0,0
2020-03-04,Riverside,065,2383286,23,0,1,1,0
2020-03-04,Sacramento,067,1510023,32,1,0,1,0
2020-03-04,San Benito,069,59416,1,2,0,2,0
2020-03-04,San Bernardino,071,2135413,29,0,0,0,0
2020-03-04,San Diego,073,3302833,41,2,0,2,0
2020-03-04,San Francisco,075,870044,25,0,0,0,0
2020-03-04,San Joaquin,077,732212,9,0,3,3,0
2020-03-04,San Luis Obispo,079,281455,4,0,0,0,0
2020-03-04,San Mateo,081,765935,60,1,0,1,0
2020-03-04,Santa Barbara,083,443738,2,0,0,0,0
2020-03-04,Santa Clara,085,1922200,145,12,1,13,0
2020-03-04,Santa Cruz,087,273765,13,0,0,0,0
2020-03-04,Shasta,089,179085,2,0,0,0,0
2020-03-04,Sierra,091,2930,0,0,0,0,0
2020-03-04,Siskiyou,093,43540,0,0,0,0,0
2020-03-04,Solano,095,438530,21,24,0,24,0
2020-03-04,Sonoma,097,501317,11,2,0,2,0
2020-03-04,Stanislaus,099,539301,4,0,2,2,0
2020-03-04,Sutter,101,95872,0,0,0,0,0
2020-03-04,Tehama,103,63373,0,0,0,0,0
2020-03-04,Trinity,105,12862,0,0,0,0,0
2020-03-04,Tulare,107,460477,6,0,0,0,0
2020-03-04,Tuolumne,109,53932,0,0,0,0,0
2020-03-04,Ventura,111,848112,12,0,0,0,0
2020-03-04,Yolo,113,214977,3,0,0,0,0
2020-03-04,Yuba,115,75493,0,0,0,0,0
2020-03-03,Alameda,001,1643700,24,2,0,2,0
2020-03-03,Alpine,003,1148,0,0,0,0,0
2020-03-03,Amador,005,37829,0,0,0,0,0
2020-03-03,Butte,007,227075,0,0,0,0,0
2020-03-03,Calaveras,009,45235,0,0,0,0,0
2020-03-03,Colusa,011,21464,0,0,0,0,0
2020-03-03,Contra Costa,013,1133247,30,0,0,0,0
2020-03-03,Del Norte,015,27424,0,0,0,0,0
2020-03-03,El Dorado,017,186661,1,0,0,0,0
2020-03-03,Fresno,019,978130,1,0,1,1,0
2020-03-03,Glenn,021,27897,0,0,0,0,0
2020-03-03,Humboldt,023,135768,1,1,0,1,0
2020-03-03,Imperial,025,180216,5,0,0,0,0
2020-03-03,Inyo,027,18085,0,0,0,0,0
2020-03-03,Kern,029,883053,4,0,0,0,0
2020-03-03,Kings,031,150075,1,0,1,1,0
2020-03-03,Lake,033,64148,0,0,0,0,0
2020-03-03,Lassen,035,31185,0,0,0,0,0
2020-03-03,Los Angeles,037,10098052,166,5,10,15,0
2020-03-03,Madera,039,155013,4,0,0,0,0
2020-03-03,Marin,041,260295,6,0,0,0,0
2020-03-03,Mariposa,043,17540,0,0,0,0,0
2020-03-03,Mendocino,045,87422,0,0,0,0,0
2020-03-03,Merced,047,269075,2,0,0,0,0
2020-03-03,Modoc,049,8938,0,0,0,0,0
2020-03-03,Mono,051,14174,1,0,0,0,0
2020-03-03,Monterey,053,433212,0,0,0,0,0
2020-03-03,Napa,055,140530,1,0,0,0,0
2020-03-03,Nevada,057,99092,0,0,1,1,0
2020-03-03,Orange,059,3164182,72,1,0,1,0
2020-03-03,Placer,061,380077,8,2,0,2,0
2020-03-03,Plumas,063,18699,0,0,0,0,0
2020-03-03,Riverside,065,2383286,20,0,1,1,0
2020-03-03,Sacramento,067,1510023,31,1,0,1,0
2020-03-03,San Benito,069,59416,1,2,0,2,0
2020-03-03,San Bernardino,071,2135413,26,0,0,0,0
2020-03-03,San Diego,073,3302833,34,2,0,2,0
2020-03-03,San Francisco,075,870044,23,0,0,0,0
2020-03-03,San Joaquin,077,732212,8,0,3,3,0
2020-03-03,San Luis Obispo,079,281455,2,0,0,0,0
2020-03-03,San Mateo,081,765935,53,1,0,1,0
2020-03-03,Santa Barbara,083,443738,1,0,0,0,0
2020-03-03,Santa Clara,085,1922200,130,11,1,12,0
2020-03-03,Santa Cruz,087,273765,10,0,0,0,0
2020-03-03,Shasta,089,179085,2,0,0,0,0
2020-03-03,Sierra,091,2930,0,0,0,0,0
2020-03-03,Siskiyou,093,43540,0,0,0,0,0
2020-03-03,Solano,095,438530,20,24,0,24,0
2020-03-03,Sonoma,097,501317,11,1,0,1,0
2020-03-03,Stanislaus,099,539301,4,0,2,2,0
2020-03-03,Sutter,101,95872,0,0,0,0,0
2020-03-03,Tehama,103,63373,0,0,0,0,0
2020-03-03,Trinity,105,12862,0,0,0,0,0
2020-03-03,Tulare,107,460477,6,0,0,0,0
2020-03-03,Tuolumne,109,53932,0,0,0,0,0
2020-03-03,Ventura,111,848112,11,0,0,0,0
2020-03-03,Yolo,113,214977,2,0,0,0,0
2020-03-03,Yuba,115,75493,0,0,0,0,0
2020-03-02,Alameda,001,1643700,21,1,0,1,0
2020-03-02,Alpine,003,1148,0,0,0,0,0
2020-03-02,Amador,005,37829,0,0,0,0,0
2020-03-02,Butte,007,227075,0,0,0,0,0
2020-03-02,Calaveras,009,45235,0,0,0,0,0
2020-03-02,Colusa,011,21464,0,0,0,0,0
2020-03-02,Contra Costa,013,1133247,27,0,0,0,0
2020-03-02,Del Norte,015,27424,0,0,0,0,0
2020-03-02,El Dorado,017,186661,1,0,0,0,0
2020-03-02,Fresno,019,978130,1,0,1,1,0
2020-03-02,Glenn,021,27897,0,0,0,0,0
2020-03-02,Humboldt,023,135768,1,1,0,1,0
2020-03-02,Imperial,025,180216,5,0,0,0,0
2020-03-02,Inyo,027,18085,0,0,0,0,0
2020-03-02,Kern,029,883053,4,0,0,0,0
2020-03-02,Kings,031,150075,1,0,1,1,0
2020-03-02,Lake,033,64148,0,0,0,0,0
2020-03-02,Lassen,035,31185,0,0,0,0,0
2020-03-02,Los Angeles,037,10098052,151,1,10,11,0
2020-03-02,Madera,039,155013,4,0,0,0,0
2020-03-02,Marin,041,260295,6,0,0,0,0
2020-03-02,Mariposa,043,17540,0,0,0,0,0
2020-03-02,Mendocino,045,87422,0,0,0,0,0
2020-03-02,Merced,047,269075,1,0,0,0,0
2020-03-02,Modoc,049,8938,0,0,0,0,0
2020-03-02,Mono,051,14174,1,0,0,0,0
2020-03-02,Monterey,053,433212,0,0,0,0,0
2020-03-02,Napa,055,140530,1,0,0,0,0
2020-03-02,Nevada,057,99092,0,0,1,1,0
2020-03-02,Orange,059,3164182,67,1,0,1,0
2020-03-02,Placer,061,380077,8,1,0,1,0
2020-03-02,Plumas,063,18699,0,0,0,0,0
2020-03-02,Riverside,065,2383286,19,0,1,1,0
2020-03-02,Sacramento,067,1510023,25,1,0,1,0
2020-03-02,San Benito,069,59416,1,2,0,2,0
2020-03-02,San Bernardino,071,2135413,26,0,0,0,0
2020-03-02,San Diego,073,3302833,28,2,0,2,0
2020-03-02,San Francisco,075,870044,17,0,0,0,0
2020-03-02,San Joaquin,077,732212,7,0,3,3,0
2020-03-02,San Luis Obispo,079,281455,2,0,0,0,0
2020-03-02,San Mateo,081,765935,44,1,0,1,0
2020-03-02,Santa Barbara,083,443738,1,0,0,0,0
2020-03-02,Santa Clara,085,1922200,108,7,1,8,0
2020-03-02,Santa Cruz,087,273765,9,0,0,0,0
2020-03-02,Shasta,089,179085,2,0,0,0,0
2020-03-02,Sierra,091,2930,0,0,0,0,0
2020-03-02,Siskiyou,093,43540,0,0,0,0,0
2020-03-02,Solano,095,438530,19,24,0,24,0
2020-03-02,Sonoma,097,501317,10,1,0,1,0
2020-03-02,Stanislaus,099,539301,2,0,2,2,0
2020-03-02,Sutter,101,95872,0,0,0,0,0
2020-03-02,Tehama,103,63373,0,0,0,0,0
2020-03-02,Trinity,105,12862,0,0,0,0,0
2020-03-02,Tulare,107,460477,6,0,0,0,0
2020-03-02,Tuolumne,109,53932,0,0,0,0,0
2020-03-02,Ventura,111,848112,10,0,0,0,0
2020-03-02,Yolo,113,214977,2,0,0,0,0
2020-03-02,Yuba,115,75493,0,0,0,0,0
2020-03-01,Alameda,001,1643700,20,1,0,1,0
2020-03-01,Alpine,003,1148,0,0,0,0,0
2020-03-01,Amador,005,37829,0,0,0,0,0
2020-03-01,Butte,007,227075,0,0,0,0,0
2020-03-01,Calaveras,009,45235,0,0,0,0,0
2020-03-01,Colusa,011,21464,0,0,0,0,0
2020-03-01,Contra Costa,013,1133247,24,0,0,0,0
2020-03-01,Del Norte,015,27424,0,0,0,0,0
2020-03-01,El Dorado,017,186661,1,0,0,0,0
2020-03-01,Fresno,019,978130,0,0,1,1,0
2020-03-01,Glenn,021,27897,0,0,0,0,0
2020-03-01,Humboldt,023,135768,1,1,0,1,0
2020-03-01,Imperial,025,180216,5,0,0,0,0
2020-03-01,Inyo,027,18085,0,0,0,0,0
2020-03-01,Kern,029,883053,2,0,0,0,0
2020-03-01,Kings,031,150075,1,0,1,1,0
2020-03-01,Lake,033,64148,0,0,0,0,0
2020-03-01,Lassen,035,31185,0,0,0,0,0
2020-03-01,Los Angeles,037,10098052,132,1,10,11,0
2020-03-01,Madera,039,155013,2,0,0,0,0
2020-03-01,Marin,041,260295,5,0,0,0,0
2020-03-01,Mariposa,043,17540,0,0,0,0,0
2020-03-01,Mendocino,045,87422,0,0,0,0,0
2020-03-01,Merced,047,269075,1,0,0,0,0
2020-03-01,Modoc,049,8938,0,0,0,0,0
2020-03-01,Mono,051,14174,1,0,0,0,0
2020-03-01,Monterey,053,433212,0,0,0,0,0
2020-03-01,Napa,055,140530,1,0,0,0,0
2020-03-01,Nevada,057,99092,0,0,1,1,0
2020-03-01,Orange,059,3164182,64,1,0,1,0
2020-03-01,Placer,061,380077,8,0,0,0,0
2020-03-01,Plumas,063,18699,0,0,0,0,0
2020-03-01,Riverside,065,2383286,18,0,1,1,0
2020-03-01,Sacramento,067,1510023,21,1,0,1,0
2020-03-01,San Benito,069,59416,0,2,0,2,0
2020-03-01,San Bernardino,071,2135413,24,0,0,0,0
2020-03-01,San Diego,073,3302833,21,2,0,2,0
2020-03-01,San Francisco,075,870044,13,0,0,0,0
2020-03-01,San Joaquin,077,732212,7,0,3,3,0
2020-03-01,San Luis Obispo,079,281455,2,0,0,0,0
2020-03-01,San Mateo,081,765935,36,0,0,0,0
2020-03-01,Santa Barbara,083,443738,1,0,0,0,0
2020-03-01,Santa Clara,085,1922200,95,6,1,7,0
2020-03-01,Santa Cruz,087,273765,8,0,0,0,0
2020-03-01,Shasta,089,179085,2,0,0,0,0
2020-03-01,Sierra,091,2930,0,0,0,0,0
2020-03-01,Siskiyou,093,43540,0,0,0,0,0
2020-03-01,Solano,095,438530,19,24,0,24,0
2020-03-01,Sonoma,097,501317,9,0,0,0,0
2020-03-01,Stanislaus,099,539301,2,0,2,2,0
2020-03-01,Sutter,101,95872,0,0,0,0,0
2020-03-01,Tehama,103,63373,0,0,0,0,0
2020-03-01,Trinity,105,12862,0,0,0,0,0
2020-03-01,Tulare,107,460477,6,0,0,0,0
2020-03-01,Tuolumne,109,53932,0,0,0,0,0
2020-03-01,Ventura,111,848112,8,0,0,0,0
2020-03-01,Yolo,113,214977,2,0,0,0,0
2020-03-01,Yuba,115,75493,0,0,0,0,0
2020-02-29,Alameda,001,1643700,16,0,0,0,0
2020-02-29,Alpine,003,1148,0,0,0,0,0
2020-02-29,Amador,005,37829,0,0,0,0,0
2020-02-29,Butte,007,227075,0,0,0,0,0
2020-02-29,Calaveras,009,45235,0,0,0,0,0
2020-02-29,Colusa,011,21464,0,0,0,0,0
2020-02-29,Contra Costa,013,1133247,20,0,0,0,0
2020-02-29,Del Norte,015,27424,0,0,0,0,0
2020-02-29,El Dorado,017,186661,1,0,0,0,0
2020-02-29,Fresno,019,978130,0,0,0,0,0
2020-02-29,Glenn,021,27897,0,0,0,0,0
2020-02-29,Humboldt,023,135768,1,1,0,1,0
2020-02-29,Imperial,025,180216,3,0,0,0,0
2020-02-29,Inyo,027,18085,0,0,0,0,0
2020-02-29,Kern,029,883053,2,0,0,0,0
2020-02-29,Kings,031,150075,1,0,1,1,0
2020-02-29,Lake,033,64148,0,0,0,0,0
2020-02-29,Lassen,035,31185,0,0,0,0,0
2020-02-29,Los Angeles,037,10098052,104,1,10,11,0
2020-02-29,Madera,039,155013,2,0,0,0,0
2020-02-29,Marin,041,260295,4,0,0,0,0
2020-02-29,Mariposa,043,17540,0,0,0,0,0
2020-02-29,Mendocino,045,87422,0,0,0,0,0
2020-02-29,Merced,047,269075,1,0,0,0,0
2020-02-29,Modoc,049,8938,0,0,0,0,0
2020-02-29,Mono,051,14174,1,0,0,0,0
2020-02-29,Monterey,053,433212,0,0,0,0,0
2020-02-29,Napa,055,140530,1,0,0,0,0
2020-02-29,Nevada,057,99092,0,0,1,1,0
2020-02-29,Orange,059,3164182,59,1,0,1,0
2020-02-29,Placer,061,380077,7,0,0,0,0
2020-02-29,Plumas,063,18699,0,0,0,0,0
2020-02-29,Riverside,065,2383286,15,0,1,1,0
2020-02-29,Sacramento,067,1510023,16,1,0,1,0
2020-02-29,San Benito,069,59416,0,2,0,2,0
2020-02-29,San Bernardino,071,2135413,22,0,0,0,0
2020-02-29,San Diego,073,3302833,16,2,0,2,0
2020-02-29,San Francisco,075,870044,12,0,0,0,0
2020-02-29,San Joaquin,077,732212,6,0,3,3,0
2020-02-29,San Luis Obispo,079,281455,2,0,0,0,0
2020-02-29,San Mateo,081,765935,29,0,0,0,0
2020-02-29,Santa Barbara,083,443738,0,0,0,0,0
2020-02-29,Santa Clara,085,1922200,73,3,1,4,0
2020-02-29,Santa Cruz,087,273765,8,0,0,0,0
2020-02-29,Shasta,089,179085,2,0,0,0,0
2020-02-29,Sierra,091,2930,0,0,0,0,0
2020-02-29,Siskiyou,093,43540,0,0,0,0,0
2020-02-29,Solano,095,438530,18,23,0,23,0
2020-02-29,Sonoma,097,501317,6,0,0,0,0
2020-02-29,Stanislaus,099,539301,2,0,2,2,0
2020-02-29,Sutter,101,95872,0,0,0,0,0
2020-02-29,Tehama,103,63373,0,0,0,0,0
2020-02-29,Trinity,105,12862,0,0,0,0,0
2020-02-29,Tulare,107,460477,4,0,0,0,0
2020-02-29,Tuolumne,109,53932,0,0,0,0,0
2020-02-29,Ventura,111,848112,6,0,0,0,0
2020-02-29,Yolo,113,214977,2,0,0,0,0
2020-02-29,Yuba,115,75493,0,0,0,0,0
2020-02-28,Alameda,001,1643700,14,0,0,0,0
2020-02-28,Alpine,003,1148,0,0,0,0,0
2020-02-28,Amador,005,37829,0,0,0,0,0
2020-02-28,Butte,007,227075,0,0,0,0,0
2020-02-28,Calaveras,009,45235,0,0,0,0,0
2020-02-28,Colusa,011,21464,0,0,0,0,0
2020-02-28,Contra Costa,013,1133247,20,0,0,0,0
2020-02-28,Del Norte,015,27424,0,0,0,0,0
2020-02-28,El Dorado,017,186661,0,0,0,0,0
2020-02-28,Fresno,019,978130,0,0,0,0,0
2020-02-28,Glenn,021,27897,0,0,0,0,0
2020-02-28,Humboldt,023,135768,1,1,0,1,0
2020-02-28,Imperial,025,180216,3,0,0,0,0
2020-02-28,Inyo,027,18085,0,0,0,0,0
2020-02-28,Kern,029,883053,2,0,0,0,0
2020-02-28,Kings,031,150075,1,0,1,1,0
2020-02-28,Lake,033,64148,0,0,0,0,0
2020-02-28,Lassen,035,31185,0,0,0,0,0
2020-02-28,Los Angeles,037,10098052,96,1,10,11,0
2020-02-28,Madera,039,155013,2,0,0,0,0
2020-02-28,Marin,041,260295,2,0,0,0,0
2020-02-28,Mariposa,043,17540,0,0,0,0,0
2020-02-28,Mendocino,045,87422,0,0,0,0,0
2020-02-28,Merced,047,269075,1,0,0,0,0
2020-02-28,Modoc,049,8938,0,0,0,0,0
2020-02-28,Mono,051,14174,0,0,0,0,0
2020-02-28,Monterey,053,433212,0,0,0,0,0
2020-02-28,Napa,055,140530,1,0,0,0,0
2020-02-28,Nevada,057,99092,0,0,1,1,0
2020-02-28,Orange,059,3164182,57,1,0,1,0
2020-02-28,Placer,061,380077,7,0,0,0,0
2020-02-28,Plumas,063,18699,0,0,0,0,0
2020-02-28,Riverside,065,2383286,13,0,1,1,0
2020-02-28,Sacramento,067,1510023,10,1,0,1,0
2020-02-28,San Benito,069,59416,0,2,0,2,0
2020-02-28,San Bernardino,071,2135413,22,0,0,0,0
2020-02-28,San Diego,073,3302833,13,2,0,2,0
2020-02-28,San Francisco,075,870044,10,0,0,0,0
2020-02-28,San Joaquin,077,732212,6,0,3,3,0
2020-02-28,San Luis Obispo,079,281455,2,0,0,0,0
2020-02-28,San Mateo,081,765935,24,0,0,0,0
2020-02-28,Santa Barbara,083,443738,0,0,0,0,0
2020-02-28,Santa Clara,085,1922200,69,3,1,4,0
2020-02-28,Santa Cruz,087,273765,8,0,0,0,0
2020-02-28,Shasta,089,179085,2,0,0,0,0
2020-02-28,Sierra,091,2930,0,0,0,0,0
2020-02-28,Siskiyou,093,43540,0,0,0,0,0
2020-02-28,Solano,095,438530,17,23,0,23,0
2020-02-28,Sonoma,097,501317,6,0,0,0,0
2020-02-28,Stanislaus,099,539301,2,0,2,2,0
2020-02-28,Sutter,101,95872,0,0,0,0,0
2020-02-28,Tehama,103,63373,0,0,0,0,0
2020-02-28,Trinity,105,12862,0,0,0,0,0
2020-02-28,Tulare,107,460477,3,0,0,0,0
2020-02-28,Tuolumne,109,53932,0,0,0,0,0
2020-02-28,Ventura,111,848112,6,0,0,0,0
2020-02-28,Yolo,113,214977,2,0,0,0,0
2020-02-28,Yuba,115,75493,0,0,0,0,0
2020-02-27,Alameda,001,1643700,13,0,0,0,0
2020-02-27,Alpine,003,1148,0,0,0,0,0
2020-02-27,Amador,005,37829,0,0,0,0,0
2020-02-27,Butte,007,227075,0,0,0,0,0
2020-02-27,Calaveras,009,45235,0,0,0,0,0
2020-02-27,Colusa,011,21464,0,0,0,0,0
2020-02-27,Contra Costa,013,1133247,14,0,0,0,0
2020-02-27,Del Norte,015,27424,0,0,0,0,0
2020-02-27,El Dorado,017,186661,0,0,0,0,0
2020-02-27,Fresno,019,978130,0,0,0,0,0
2020-02-27,Glenn,021,27897,0,0,0,0,0
2020-02-27,Humboldt,023,135768,1,1,0,1,0
2020-02-27,Imperial,025,180216,3,0,0,0,0
2020-02-27,Inyo,027,18085,0,0,0,0,0
2020-02-27,Kern,029,883053,2,0,0,0,0
2020-02-27,Kings,031,150075,1,0,1,1,0
2020-02-27,Lake,033,64148,0,0,0,0,0
2020-02-27,Lassen,035,31185,0,0,0,0,0
2020-02-27,Los Angeles,037,10098052,89,1,10,11,0
2020-02-27,Madera,039,155013,2,0,0,0,0
2020-02-27,Marin,041,260295,1,0,0,0,0
2020-02-27,Mariposa,043,17540,0,0,0,0,0
2020-02-27,Mendocino,045,87422,0,0,0,0,0
2020-02-27,Merced,047,269075,1,0,0,0,0
2020-02-27,Modoc,049,8938,0,0,0,0,0
2020-02-27,Mono,051,14174,0,0,0,0,0
2020-02-27,Monterey,053,433212,0,0,0,0,0
2020-02-27,Napa,055,140530,1,0,0,0,0
2020-02-27,Nevada,057,99092,0,0,1,1,0
2020-02-27,Orange,059,3164182,51,1,0,1,0
2020-02-27,Placer,061,380077,6,0,0,0,0
2020-02-27,Plumas,063,18699,0,0,0,0,0
2020-02-27,Riverside,065,2383286,12,0,1,1,0
2020-02-27,Sacramento,067,1510023,10,1,0,1,0
2020-02-27,San Benito,069,59416,0,2,0,2,0
2020-02-27,San Bernardino,071,2135413,22,0,0,0,0
2020-02-27,San Diego,073,3302833,12,2,0,2,0
2020-02-27,San Francisco,075,870044,9,0,0,0,0
2020-02-27,San Joaquin,077,732212,5,0,3,3,0
2020-02-27,San Luis Obispo,079,281455,2,0,0,0,0
2020-02-27,San Mateo,081,765935,20,0,0,0,0
2020-02-27,Santa Barbara,083,443738,0,0,0,0,0
2020-02-27,Santa Clara,085,1922200,58,2,1,3,0
2020-02-27,Santa Cruz,087,273765,6,0,0,0,0
2020-02-27,Shasta,089,179085,0,0,0,0,0
2020-02-27,Sierra,091,2930,0,0,0,0,0
2020-02-27,Siskiyou,093,43540,0,0,0,0,0
2020-02-27,Solano,095,438530,17,23,0,23,0
2020-02-27,Sonoma,097,501317,5,0,0,0,0
2020-02-27,Stanislaus,099,539301,2,0,2,2,0
2020-02-27,Sutter,101,95872,0,0,0,0,0
2020-02-27,Tehama,103,63373,0,0,0,0,0
2020-02-27,Trinity,105,12862,0,0,0,0,0
2020-02-27,Tulare,107,460477,3,0,0,0,0
2020-02-27,Tuolumne,109,53932,0,0,0,0,0
2020-02-27,Ventura,111,848112,4,0,0,0,0
2020-02-27,Yolo,113,214977,2,0,0,0,0
2020-02-27,Yuba,115,75493,0,0,0,0,0
2020-02-26,Alameda,001,1643700,13,0,0,0,0
2020-02-26,Alpine,003,1148,0,0,0,0,0
2020-02-26,Amador,005,37829,0,0,0,0,0
2020-02-26,Butte,007,227075,0,0,0,0,0
2020-02-26,Calaveras,009,45235,0,0,0,0,0
2020-02-26,Colusa,011,21464,0,0,0,0,0
2020-02-26,Contra Costa,013,1133247,13,0,0,0,0
2020-02-26,Del Norte,015,27424,0,0,0,0,0
2020-02-26,El Dorado,017,186661,0,0,0,0,0
2020-02-26,Fresno,019,978130,0,0,0,0,0
2020-02-26,Glenn,021,27897,0,0,0,0,0
2020-02-26,Humboldt,023,135768,1,1,0,1,0
2020-02-26,Imperial,025,180216,3,0,0,0,0
2020-02-26,Inyo,027,18085,0,0,0,0,0
2020-02-26,Kern,029,883053,2,0,0,0,0
2020-02-26,Kings,031,150075,1,0,1,1,0
2020-02-26,Lake,033,64148,0,0,0,0,0
2020-02-26,Lassen,035,31185,0,0,0,0,0
2020-02-26,Los Angeles,037,10098052,84,1,10,11,0
2020-02-26,Madera,039,155013,2,0,0,0,0
2020-02-26,Marin,041,260295,1,0,0,0,0
2020-02-26,Mariposa,043,17540,0,0,0,0,0
2020-02-26,Mendocino,045,87422,0,0,0,0,0
2020-02-26,Merced,047,269075,1,0,0,0,0
2020-02-26,Modoc,049,8938,0,0,0,0,0
2020-02-26,Mono,051,14174,0,0,0,0,0
2020-02-26,Monterey,053,433212,0,0,0,0,0
2020-02-26,Napa,055,140530,0,0,0,0,0
2020-02-26,Nevada,057,99092,0,0,1,1,0
2020-02-26,Orange,059,3164182,50,1,0,1,0
2020-02-26,Placer,061,380077,5,0,0,0,0
2020-02-26,Plumas,063,18699,0,0,0,0,0
2020-02-26,Riverside,065,2383286,10,0,1,1,0
2020-02-26,Sacramento,067,1510023,10,1,0,1,0
2020-02-26,San Benito,069,59416,0,2,0,2,0
2020-02-26,San Bernardino,071,2135413,20,0,0,0,0
2020-02-26,San Diego,073,3302833,11,2,0,2,0
2020-02-26,San Francisco,075,870044,9,0,0,0,0
2020-02-26,San Joaquin,077,732212,5,0,3,3,0
2020-02-26,San Luis Obispo,079,281455,2,0,0,0,0
2020-02-26,San Mateo,081,765935,18,0,0,0,0
2020-02-26,Santa Barbara,083,443738,0,0,0,0,0
2020-02-26,Santa Clara,085,1922200,50,2,1,3,0
2020-02-26,Santa Cruz,087,273765,6,0,0,0,0
2020-02-26,Shasta,089,179085,0,0,0,0,0
2020-02-26,Sierra,091,2930,0,0,0,0,0
2020-02-26,Siskiyou,093,43540,0,0,0,0,0
2020-02-26,Solano,095,438530,17,23,0,23,0
2020-02-26,Sonoma,097,501317,5,0,0,0,0
2020-02-26,Stanislaus,099,539301,2,0,2,2,0
2020-02-26,Sutter,101,95872,0,0,0,0,0
2020-02-26,Tehama,103,63373,0,0,0,0,0
2020-02-26,Trinity,105,12862,0,0,0,0,0
2020-02-26,Tulare,107,460477,3,0,0,0,0
2020-02-26,Tuolumne,109,53932,0,0,0,0,0
2020-02-26,Ventura,111,848112,4,0,0,0,0
2020-02-26,Yolo,113,214977,2,0,0,0,0
2020-02-26,Yuba,115,75493,0,0,0,0,0
2020-02-25,Alameda,001,1643700,13,0,0,0,0
2020-02-25,Alpine,003,1148,0,0,0,0,0
2020-02-25,Amador,005,37829,0,0,0,0,0
2020-02-25,Butte,007,227075,0,0,0,0,0
2020-02-25,Calaveras,009,45235,0,0,0,0,0
2020-02-25,Colusa,011,21464,0,0,0,0,0
2020-02-25,Contra Costa,013,1133247,11,0,0,0,0
2020-02-25,Del Norte,015,27424,0,0,0,0,0
2020-02-25,El Dorado,017,186661,0,0,0,0,0
2020-02-25,Fresno,019,978130,0,0,0,0,0
2020-02-25,Glenn,021,27897,0,0,0,0,0
2020-02-25,Humboldt,023,135768,1,1,0,1,0
2020-02-25,Imperial,025,180216,3,0,0,0,0
2020-02-25,Inyo,027,18085,0,0,0,0,0
2020-02-25,Kern,029,883053,2,0,0,0,0
2020-02-25,Kings,031,150075,1,0,1,1,0
2020-02-25,Lake,033,64148,0,0,0,0,0
2020-02-25,Lassen,035,31185,0,0,0,0,0
2020-02-25,Los Angeles,037,10098052,72,1,10,11,0
2020-02-25,Madera,039,155013,2,0,0,0,0
2020-02-25,Marin,041,260295,1,0,0,0,0
2020-02-25,Mariposa,043,17540,0,0,0,0,0
2020-02-25,Mendocino,045,87422,0,0,0,0,0
2020-02-25,Merced,047,269075,0,0,0,0,0
2020-02-25,Modoc,049,8938,0,0,0,0,0
2020-02-25,Mono,051,14174,0,0,0,0,0
2020-02-25,Monterey,053,433212,0,0,0,0,0
2020-02-25,Napa,055,140530,0,0,0,0,0
2020-02-25,Nevada,057,99092,0,0,1,1,0
2020-02-25,Orange,059,3164182,49,1,0,1,0
2020-02-25,Placer,061,380077,5,0,0,0,0
2020-02-25,Plumas,063,18699,0,0,0,0,0
2020-02-25,Riverside,065,2383286,10,0,1,1,0
2020-02-25,Sacramento,067,1510023,8,1,0,1,0
2020-02-25,San Benito,069,59416,0,2,0,2,0
2020-02-25,San Bernardino,071,2135413,18,0,0,0,0
2020-02-25,San Diego,073,3302833,7,2,0,2,0
2020-02-25,San Francisco,075,870044,7,0,0,0,0
2020-02-25,San Joaquin,077,732212,5,0,2,2,0
2020-02-25,San Luis Obispo,079,281455,2,0,0,0,0
2020-02-25,San Mateo,081,765935,17,0,0,0,0
2020-02-25,Santa Barbara,083,443738,0,0,0,0,0
2020-02-25,Santa Clara,085,1922200,40,2,1,3,0
2020-02-25,Santa Cruz,087,273765,5,0,0,0,0
2020-02-25,Shasta,089,179085,0,0,0,0,0
2020-02-25,Sierra,091,2930,0,0,0,0,0
2020-02-25,Siskiyou,093,43540,0,0,0,0,0
2020-02-25,Solano,095,438530,16,21,0,21,0
2020-02-25,Sonoma,097,501317,5,0,0,0,0
2020-02-25,Stanislaus,099,539301,2,0,2,2,0
2020-02-25,Sutter,101,95872,0,0,0,0,0
2020-02-25,Tehama,103,63373,0,0,0,0,0
2020-02-25,Trinity,105,12862,0,0,0,0,0
2020-02-25,Tulare,107,460477,3,0,0,0,0
2020-02-25,Tuolumne,109,53932,0,0,0,0,0
2020-02-25,Ventura,111,848112,4,0,0,0,0
2020-02-25,Yolo,113,214977,2,0,0,0,0
2020-02-25,Yuba,115,75493,0,0,0,0,0
2020-02-24,Alameda,001,1643700,13,0,0,0,0
2020-02-24,Alpine,003,1148,0,0,0,0,0
2020-02-24,Amador,005,37829,0,0,0,0,0
2020-02-24,Butte,007,227075,0,0,0,0,0
2020-02-24,Calaveras,009,45235,0,0,0,0,0
2020-02-24,Colusa,011,21464,0,0,0,0,0
2020-02-24,Contra Costa,013,1133247,9,0,0,0,0
2020-02-24,Del Norte,015,27424,0,0,0,0,0
2020-02-24,El Dorado,017,186661,0,0,0,0,0
2020-02-24,Fresno,019,978130,0,0,0,0,0
2020-02-24,Glenn,021,27897,0,0,0,0,0
2020-02-24,Humboldt,023,135768,1,1,0,1,0
2020-02-24,Imperial,025,180216,3,0,0,0,0
2020-02-24,Inyo,027,18085,0,0,0,0,0
2020-02-24,Kern,029,883053,2,0,0,0,0
2020-02-24,Kings,031,150075,1,0,1,1,0
2020-02-24,Lake,033,64148,0,0,0,0,0
2020-02-24,Lassen,035,31185,0,0,0,0,0
2020-02-24,Los Angeles,037,10098052,66,1,10,11,0
2020-02-24,Madera,039,155013,1,0,0,0,0
2020-02-24,Marin,041,260295,1,0,0,0,0
2020-02-24,Mariposa,043,17540,0,0,0,0,0
2020-02-24,Mendocino,045,87422,0,0,0,0,0
2020-02-24,Merced,047,269075,0,0,0,0,0
2020-02-24,Modoc,049,8938,0,0,0,0,0
2020-02-24,Mono,051,14174,0,0,0,0,0
2020-02-24,Monterey,053,433212,0,0,0,0,0
2020-02-24,Napa,055,140530,0,0,0,0,0
2020-02-24,Nevada,057,99092,0,0,1,1,0
2020-02-24,Orange,059,3164182,47,1,0,1,0
2020-02-24,Placer,061,380077,3,0,0,0,0
2020-02-24,Plumas,063,18699,0,0,0,0,0
2020-02-24,Riverside,065,2383286,9,0,1,1,0
2020-02-24,Sacramento,067,1510023,7,1,0,1,0
2020-02-24,San Benito,069,59416,0,2,0,2,0
2020-02-24,San Bernardino,071,2135413,18,0,0,0,0
2020-02-24,San Diego,073,3302833,7,2,0,2,0
2020-02-24,San Francisco,075,870044,6,0,0,0,0
2020-02-24,San Joaquin,077,732212,5,0,1,1,0
2020-02-24,San Luis Obispo,079,281455,2,0,0,0,0
2020-02-24,San Mateo,081,765935,13,0,0,0,0
2020-02-24,Santa Barbara,083,443738,0,0,0,0,0
2020-02-24,Santa Clara,085,1922200,38,2,1,3,0
2020-02-24,Santa Cruz,087,273765,5,0,0,0,0
2020-02-24,Shasta,089,179085,0,0,0,0,0
2020-02-24,Sierra,091,2930,0,0,0,0,0
2020-02-24,Siskiyou,093,43540,0,0,0,0,0
2020-02-24,Solano,095,438530,13,15,0,15,0
2020-02-24,Sonoma,097,501317,5,0,0,0,0
2020-02-24,Stanislaus,099,539301,2,0,2,2,0
2020-02-24,Sutter,101,95872,0,0,0,0,0
2020-02-24,Tehama,103,63373,0,0,0,0,0
2020-02-24,Trinity,105,12862,0,0,0,0,0
2020-02-24,Tulare,107,460477,3,0,0,0,0
2020-02-24,Tuolumne,109,53932,0,0,0,0,0
2020-02-24,Ventura,111,848112,4,0,0,0,0
2020-02-24,Yolo,113,214977,2,0,0,0,0
2020-02-24,Yuba,115,75493,0,0,0,0,0
2020-02-23,Alameda,001,1643700,11,0,0,0,0
2020-02-23,Alpine,003,1148,0,0,0,0,0
2020-02-23,Amador,005,37829,0,0,0,0,0
2020-02-23,Butte,007,227075,0,0,0,0,0
2020-02-23,Calaveras,009,45235,0,0,0,0,0
2020-02-23,Colusa,011,21464,0,0,0,0,0
2020-02-23,Contra Costa,013,1133247,6,0,0,0,0
2020-02-23,Del Norte,015,27424,0,0,0,0,0
2020-02-23,El Dorado,017,186661,0,0,0,0,0
2020-02-23,Fresno,019,978130,0,0,0,0,0
2020-02-23,Glenn,021,27897,0,0,0,0,0
2020-02-23,Humboldt,023,135768,1,1,0,1,0
2020-02-23,Imperial,025,180216,3,0,0,0,0
2020-02-23,Inyo,027,18085,0,0,0,0,0
2020-02-23,Kern,029,883053,2,0,0,0,0
2020-02-23,Kings,031,150075,1,0,1,1,0
2020-02-23,Lake,033,64148,0,0,0,0,0
2020-02-23,Lassen,035,31185,0,0,0,0,0
2020-02-23,Los Angeles,037,10098052,58,1,10,11,0
2020-02-23,Madera,039,155013,1,0,0,0,0
2020-02-23,Marin,041,260295,1,0,0,0,0
2020-02-23,Mariposa,043,17540,0,0,0,0,0
2020-02-23,Mendocino,045,87422,0,0,0,0,0
2020-02-23,Merced,047,269075,0,0,0,0,0
2020-02-23,Modoc,049,8938,0,0,0,0,0
2020-02-23,Mono,051,14174,0,0,0,0,0
2020-02-23,Monterey,053,433212,0,0,0,0,0
2020-02-23,Napa,055,140530,0,0,0,0,0
2020-02-23,Nevada,057,99092,0,0,1,1,0
2020-02-23,Orange,059,3164182,47,1,0,1,0
2020-02-23,Placer,061,380077,3,0,0,0,0
2020-02-23,Plumas,063,18699,0,0,0,0,0
2020-02-23,Riverside,065,2383286,9,0,0,0,0
2020-02-23,Sacramento,067,1510023,6,1,0,1,0
2020-02-23,San Benito,069,59416,0,2,0,2,0
2020-02-23,San Bernardino,071,2135413,17,0,0,0,0
2020-02-23,San Diego,073,3302833,6,2,0,2,0
2020-02-23,San Francisco,075,870044,5,0,0,0,0
2020-02-23,San Joaquin,077,732212,4,0,1,1,0
2020-02-23,San Luis Obispo,079,281455,2,0,0,0,0
2020-02-23,San Mateo,081,765935,10,0,0,0,0
2020-02-23,Santa Barbara,083,443738,0,0,0,0,0
2020-02-23,Santa Clara,085,1922200,26,2,1,3,0
2020-02-23,Santa Cruz,087,273765,2,0,0,0,0
2020-02-23,Shasta,089,179085,0,0,0,0,0
2020-02-23,Sierra,091,2930,0,0,0,0,0
2020-02-23,Siskiyou,093,43540,0,0,0,0,0
2020-02-23,Solano,095,438530,11,15,0,15,0
2020-02-23,Sonoma,097,501317,5,0,0,0,0
2020-02-23,Stanislaus,099,539301,2,0,2,2,0
2020-02-23,Sutter,101,95872,0,0,0,0,0
2020-02-23,Tehama,103,63373,0,0,0,0,0
2020-02-23,Trinity,105,12862,0,0,0,0,0
2020-02-23,Tulare,107,460477,2,0,0,0,0
2020-02-23,Tuolumne,109,53932,0,0,0,0,0
2020-02-23,Ventura,111,848112,4,0,0,0,0
2020-02-23,Yolo,113,214977,2,0,0,0,0
2020-02-23,Yuba,115,75493,0,0,0,0,0
2020-02-22,Alameda,001,1643700,10,0,0,0,0
2020-02-22,Alpine,003,1148,0,0,0,0,0
2020-02-22,Amador,005,37829,0,0,0,0,0
2020-02-22,Butte,007,227075,0,0,0,0,0
2020-02-22,Calaveras,009,45235,0,0,0,0,0
2020-02-22,Colusa,011,21464,0,0,0,0,0
2020-02-22,Contra Costa,013,1133247,5,0,0,0,0
2020-02-22,Del Norte,015,27424,0,0,0,0,0
2020-02-22,El Dorado,017,186661,0,0,0,0,0
2020-02-22,Fresno,019,978130,0,0,0,0,0
2020-02-22,Glenn,021,27897,0,0,0,0,0
2020-02-22,Humboldt,023,135768,1,1,0,1,0
2020-02-22,Imperial,025,180216,2,0,0,0,0
2020-02-22,Inyo,027,18085,0,0,0,0,0
2020-02-22,Kern,029,883053,2,0,0,0,0
2020-02-22,Kings,031,150075,1,0,1,1,0
2020-02-22,Lake,033,64148,0,0,0,0,0
2020-02-22,Lassen,035,31185,0,0,0,0,0
2020-02-22,Los Angeles,037,10098052,56,1,10,11,0
2020-02-22,Madera,039,155013,0,0,0,0,0
2020-02-22,Marin,041,260295,1,0,0,0,0
2020-02-22,Mariposa,043,17540,0,0,0,0,0
2020-02-22,Mendocino,045,87422,0,0,0,0,0
2020-02-22,Merced,047,269075,0,0,0,0,0
2020-02-22,Modoc,049,8938,0,0,0,0,0
2020-02-22,Mono,051,14174,0,0,0,0,0
2020-02-22,Monterey,053,433212,0,0,0,0,0
2020-02-22,Napa,055,140530,0,0,0,0,0
2020-02-22,Nevada,057,99092,0,0,1,1,0
2020-02-22,Orange,059,3164182,46,1,0,1,0
2020-02-22,Placer,061,380077,3,0,0,0,0
2020-02-22,Plumas,063,18699,0,0,0,0,0
2020-02-22,Riverside,065,2383286,9,0,0,0,0
2020-02-22,Sacramento,067,1510023,6,1,0,1,0
2020-02-22,San Benito,069,59416,0,2,0,2,0
2020-02-22,San Bernardino,071,2135413,15,0,0,0,0
2020-02-22,San Diego,073,3302833,5,2,0,2,0
2020-02-22,San Francisco,075,870044,3,0,0,0,0
2020-02-22,San Joaquin,077,732212,4,0,1,1,0
2020-02-22,San Luis Obispo,079,281455,2,0,0,0,0
2020-02-22,San Mateo,081,765935,8,0,0,0,0
2020-02-22,Santa Barbara,083,443738,0,0,0,0,0
2020-02-22,Santa Clara,085,1922200,23,2,1,3,0
2020-02-22,Santa Cruz,087,273765,2,0,0,0,0
2020-02-22,Shasta,089,179085,0,0,0,0,0
2020-02-22,Sierra,091,2930,0,0,0,0,0
2020-02-22,Siskiyou,093,43540,0,0,0,0,0
2020-02-22,Solano,095,438530,11,11,0,11,0
2020-02-22,Sonoma,097,501317,4,0,0,0,0
2020-02-22,Stanislaus,099,539301,2,0,2,2,0
2020-02-22,Sutter,101,95872,0,0,0,0,0
2020-02-22,Tehama,103,63373,0,0,0,0,0
2020-02-22,Trinity,105,12862,0,0,0,0,0
2020-02-22,Tulare,107,460477,2,0,0,0,0
2020-02-22,Tuolumne,109,53932,0,0,0,0,0
2020-02-22,Ventura,111,848112,4,0,0,0,0
2020-02-22,Yolo,113,214977,1,0,0,0,0
2020-02-22,Yuba,115,75493,0,0,0,0,0
2020-02-21,Alameda,001,1643700,9,0,0,0,0
2020-02-21,Alpine,003,1148,0,0,0,0,0
2020-02-21,Amador,005,37829,0,0,0,0,0
2020-02-21,Butte,007,227075,0,0,0,0,0
2020-02-21,Calaveras,009,45235,0,0,0,0,0
2020-02-21,Colusa,011,21464,0,0,0,0,0
2020-02-21,Contra Costa,013,1133247,4,0,0,0,0
2020-02-21,Del Norte,015,27424,0,0,0,0,0
2020-02-21,El Dorado,017,186661,0,0,0,0,0
2020-02-21,Fresno,019,978130,0,0,0,0,0
2020-02-21,Glenn,021,27897,0,0,0,0,0
2020-02-21,Humboldt,023,135768,1,1,0,1,0
2020-02-21,Imperial,025,180216,2,0,0,0,0
2020-02-21,Inyo,027,18085,0,0,0,0,0
2020-02-21,Kern,029,883053,2,0,0,0,0
2020-02-21,Kings,031,150075,1,0,1,1,0
2020-02-21,Lake,033,64148,0,0,0,0,0
2020-02-21,Lassen,035,31185,0,0,0,0,0
2020-02-21,Los Angeles,037,10098052,52,1,10,11,0
2020-02-21,Madera,039,155013,0,0,0,0,0
2020-02-21,Marin,041,260295,1,0,0,0,0
2020-02-21,Mariposa,043,17540,0,0,0,0,0
2020-02-21,Mendocino,045,87422,0,0,0,0,0
2020-02-21,Merced,047,269075,0,0,0,0,0
2020-02-21,Modoc,049,8938,0,0,0,0,0
2020-02-21,Mono,051,14174,0,0,0,0,0
2020-02-21,Monterey,053,433212,0,0,0,0,0
2020-02-21,Napa,055,140530,0,0,0,0,0
2020-02-21,Nevada,057,99092,0,0,1,1,0
2020-02-21,Orange,059,3164182,44,1,0,1,0
2020-02-21,Placer,061,380077,2,0,0,0,0
2020-02-21,Plumas,063,18699,0,0,0,0,0
2020-02-21,Riverside,065,2383286,9,0,0,0,0
2020-02-21,Sacramento,067,1510023,5,1,0,1,0
2020-02-21,San Benito,069,59416,0,2,0,2,0
2020-02-21,San Bernardino,071,2135413,14,0,0,0,0
2020-02-21,San Diego,073,3302833,5,2,0,2,0
2020-02-21,San Francisco,075,870044,3,0,0,0,0
2020-02-21,San Joaquin,077,732212,2,0,1,1,0
2020-02-21,San Luis Obispo,079,281455,2,0,0,0,0
2020-02-21,San Mateo,081,765935,8,0,0,0,0
2020-02-21,Santa Barbara,083,443738,0,0,0,0,0
2020-02-21,Santa Clara,085,1922200,21,2,1,3,0
2020-02-21,Santa Cruz,087,273765,2,0,0,0,0
2020-02-21,Shasta,089,179085,0,0,0,0,0
2020-02-21,Sierra,091,2930,0,0,0,0,0
2020-02-21,Siskiyou,093,43540,0,0,0,0,0
2020-02-21,Solano,095,438530,10,11,0,11,0
2020-02-21,Sonoma,097,501317,3,0,0,0,0
2020-02-21,Stanislaus,099,539301,2,0,2,2,0
2020-02-21,Sutter,101,95872,0,0,0,0,0
2020-02-21,Tehama,103,63373,0,0,0,0,0
2020-02-21,Trinity,105,12862,0,0,0,0,0
2020-02-21,Tulare,107,460477,2,0,0,0,0
2020-02-21,Tuolumne,109,53932,0,0,0,0,0
2020-02-21,Ventura,111,848112,4,0,0,0,0
2020-02-21,Yolo,113,214977,1,0,0,0,0
2020-02-21,Yuba,115,75493,0,0,0,0,0
2020-02-20,Alameda,001,1643700,7,0,0,0,0
2020-02-20,Alpine,003,1148,0,0,0,0,0
2020-02-20,Amador,005,37829,0,0,0,0,0
2020-02-20,Butte,007,227075,0,0,0,0,0
2020-02-20,Calaveras,009,45235,0,0,0,0,0
2020-02-20,Colusa,011,21464,0,0,0,0,0
2020-02-20,Contra Costa,013,1133247,3,0,0,0,0
2020-02-20,Del Norte,015,27424,0,0,0,0,0
2020-02-20,El Dorado,017,186661,0,0,0,0,0
2020-02-20,Fresno,019,978130,0,0,0,0,0
2020-02-20,Glenn,021,27897,0,0,0,0,0
2020-02-20,Humboldt,023,135768,1,1,0,1,0
2020-02-20,Imperial,025,180216,2,0,0,0,0
2020-02-20,Inyo,027,18085,0,0,0,0,0
2020-02-20,Kern,029,883053,2,0,0,0,0
2020-02-20,Kings,031,150075,1,0,1,1,0
2020-02-20,Lake,033,64148,0,0,0,0,0
2020-02-20,Lassen,035,31185,0,0,0,0,0
2020-02-20,Los Angeles,037,10098052,51,1,9,10,0
2020-02-20,Madera,039,155013,0,0,0,0,0
2020-02-20,Marin,041,260295,0,0,0,0,0
2020-02-20,Mariposa,043,17540,0,0,0,0,0
2020-02-20,Mendocino,045,87422,0,0,0,0,0
2020-02-20,Merced,047,269075,0,0,0,0,0
2020-02-20,Modoc,049,8938,0,0,0,0,0
2020-02-20,Mono,051,14174,0,0,0,0,0
2020-02-20,Monterey,053,433212,0,0,0,0,0
2020-02-20,Napa,055,140530,0,0,0,0,0
2020-02-20,Nevada,057,99092,0,0,1,1,0
2020-02-20,Orange,059,3164182,44,1,0,1,0
2020-02-20,Placer,061,380077,2,0,0,0,0
2020-02-20,Plumas,063,18699,0,0,0,0,0
2020-02-20,Riverside,065,2383286,7,0,0,0,0
2020-02-20,Sacramento,067,1510023,2,1,0,1,0
2020-02-20,San Benito,069,59416,0,2,0,2,0
2020-02-20,San Bernardino,071,2135413,13,0,0,0,0
2020-02-20,San Diego,073,3302833,5,2,0,2,0
2020-02-20,San Francisco,075,870044,3,0,0,0,0
2020-02-20,San Joaquin,077,732212,2,0,1,1,0
2020-02-20,San Luis Obispo,079,281455,2,0,0,0,0
2020-02-20,San Mateo,081,765935,7,0,0,0,0
2020-02-20,Santa Barbara,083,443738,0,0,0,0,0
2020-02-20,Santa Clara,085,1922200,17,2,1,3,0
2020-02-20,Santa Cruz,087,273765,2,0,0,0,0
2020-02-20,Shasta,089,179085,0,0,0,0,0
2020-02-20,Sierra,091,2930,0,0,0,0,0
2020-02-20,Siskiyou,093,43540,0,0,0,0,0
2020-02-20,Solano,095,438530,8,7,0,7,0
2020-02-20,Sonoma,097,501317,2,0,0,0,0
2020-02-20,Stanislaus,099,539301,2,0,2,2,0
2020-02-20,Sutter,101,95872,0,0,0,0,0
2020-02-20,Tehama,103,63373,0,0,0,0,0
2020-02-20,Trinity,105,12862,0,0,0,0,0
2020-02-20,Tulare,107,460477,2,0,0,0,0
2020-02-20,Tuolumne,109,53932,0,0,0,0,0
2020-02-20,Ventura,111,848112,4,0,0,0,0
2020-02-20,Yolo,113,214977,1,0,0,0,0
2020-02-20,Yuba,115,75493,0,0,0,0,0
2020-02-19,Alameda,001,1643700,6,0,0,0,0
2020-02-19,Alpine,003,1148,0,0,0,0,0
2020-02-19,Amador,005,37829,0,0,0,0,0
2020-02-19,Butte,007,227075,0,0,0,0,0
2020-02-19,Calaveras,009,45235,0,0,0,0,0
2020-02-19,Colusa,011,21464,0,0,0,0,0
2020-02-19,Contra Costa,013,1133247,3,0,0,0,0
2020-02-19,Del Norte,015,27424,0,0,0,0,0
2020-02-19,El Dorado,017,186661,0,0,0,0,0
2020-02-19,Fresno,019,978130,0,0,0,0,0
2020-02-19,Glenn,021,27897,0,0,0,0,0
2020-02-19,Humboldt,023,135768,1,0,0,0,0
2020-02-19,Imperial,025,180216,2,0,0,0,0
2020-02-19,Inyo,027,18085,0,0,0,0,0
2020-02-19,Kern,029,883053,2,0,0,0,0
2020-02-19,Kings,031,150075,1,0,1,1,0
2020-02-19,Lake,033,64148,0,0,0,0,0
2020-02-19,Lassen,035,31185,0,0,0,0,0
2020-02-19,Los Angeles,037,10098052,48,1,9,10,0
2020-02-19,Madera,039,155013,0,0,0,0,0
2020-02-19,Marin,041,260295,0,0,0,0,0
2020-02-19,Mariposa,043,17540,0,0,0,0,0
2020-02-19,Mendocino,045,87422,0,0,0,0,0
2020-02-19,Merced,047,269075,0,0,0,0,0
2020-02-19,Modoc,049,8938,0,0,0,0,0
2020-02-19,Mono,051,14174,0,0,0,0,0
2020-02-19,Monterey,053,433212,0,0,0,0,0
2020-02-19,Napa,055,140530,0,0,0,0,0
2020-02-19,Nevada,057,99092,0,0,1,1,0
2020-02-19,Orange,059,3164182,43,1,0,1,0
2020-02-19,Placer,061,380077,2,0,0,0,0
2020-02-19,Plumas,063,18699,0,0,0,0,0
2020-02-19,Riverside,065,2383286,5,0,0,0,0
2020-02-19,Sacramento,067,1510023,2,0,0,0,0
2020-02-19,San Benito,069,59416,0,2,0,2,0
2020-02-19,San Bernardino,071,2135413,12,0,0,0,0
2020-02-19,San Diego,073,3302833,4,2,0,2,0
2020-02-19,San Francisco,075,870044,2,0,0,0,0
2020-02-19,San Joaquin,077,732212,2,0,1,1,0
2020-02-19,San Luis Obispo,079,281455,2,0,0,0,0
2020-02-19,San Mateo,081,765935,6,0,0,0,0
2020-02-19,Santa Barbara,083,443738,0,0,0,0,0
2020-02-19,Santa Clara,085,1922200,15,2,1,3,0
2020-02-19,Santa Cruz,087,273765,0,0,0,0,0
2020-02-19,Shasta,089,179085,0,0,0,0,0
2020-02-19,Sierra,091,2930,0,0,0,0,0
2020-02-19,Siskiyou,093,43540,0,0,0,0,0
2020-02-19,Solano,095,438530,5,7,0,7,0
2020-02-19,Sonoma,097,501317,2,0,0,0,0
2020-02-19,Stanislaus,099,539301,1,0,2,2,0
2020-02-19,Sutter,101,95872,0,0,0,0,0
2020-02-19,Tehama,103,63373,0,0,0,0,0
2020-02-19,Trinity,105,12862,0,0,0,0,0
2020-02-19,Tulare,107,460477,2,0,0,0,0
2020-02-19,Tuolumne,109,53932,0,0,0,0,0
2020-02-19,Ventura,111,848112,2,0,0,0,0
2020-02-19,Yolo,113,214977,1,0,0,0,0
2020-02-19,Yuba,115,75493,0,0,0,0,0
2020-02-18,Alameda,001,1643700,6,0,0,0,0
2020-02-18,Alpine,003,1148,0,0,0,0,0
2020-02-18,Amador,005,37829,0,0,0,0,0
2020-02-18,Butte,007,227075,0,0,0,0,0
2020-02-18,Calaveras,009,45235,0,0,0,0,0
2020-02-18,Colusa,011,21464,0,0,0,0,0
2020-02-18,Contra Costa,013,1133247,3,0,0,0,0
2020-02-18,Del Norte,015,27424,0,0,0,0,0
2020-02-18,El Dorado,017,186661,0,0,0,0,0
2020-02-18,Fresno,019,978130,0,0,0,0,0
2020-02-18,Glenn,021,27897,0,0,0,0,0
2020-02-18,Humboldt,023,135768,1,0,0,0,0
2020-02-18,Imperial,025,180216,1,0,0,0,0
2020-02-18,Inyo,027,18085,0,0,0,0,0
2020-02-18,Kern,029,883053,2,0,0,0,0
2020-02-18,Kings,031,150075,1,0,1,1,0
2020-02-18,Lake,033,64148,0,0,0,0,0
2020-02-18,Lassen,035,31185,0,0,0,0,0
2020-02-18,Los Angeles,037,10098052,45,1,8,9,0
2020-02-18,Madera,039,155013,0,0,0,0,0
2020-02-18,Marin,041,260295,0,0,0,0,0
2020-02-18,Mariposa,043,17540,0,0,0,0,0
2020-02-18,Mendocino,045,87422,0,0,0,0,0
2020-02-18,Merced,047,269075,0,0,0,0,0
2020-02-18,Modoc,049,8938,0,0,0,0,0
2020-02-18,Mono,051,14174,0,0,0,0,0
2020-02-18,Monterey,053,433212,0,0,0,0,0
2020-02-18,Napa,055,140530,0,0,0,0,0
2020-02-18,Nevada,057,99092,0,0,1,1,0
2020-02-18,Orange,059,3164182,42,1,0,1,0
2020-02-18,Placer,061,380077,0,0,0,0,0
2020-02-18,Plumas,063,18699,0,0,0,0,0
2020-02-18,Riverside,065,2383286,5,0,0,0,0
2020-02-18,Sacramento,067,1510023,2,0,0,0,0
2020-02-18,San Benito,069,59416,0,2,0,2,0
2020-02-18,San Bernardino,071,2135413,12,0,0,0,0
2020-02-18,San Diego,073,3302833,4,2,0,2,0
2020-02-18,San Francisco,075,870044,2,0,0,0,0
2020-02-18,San Joaquin,077,732212,1,0,1,1,0
2020-02-18,San Luis Obispo,079,281455,2,0,0,0,0
2020-02-18,San Mateo,081,765935,5,0,0,0,0
2020-02-18,Santa Barbara,083,443738,0,0,0,0,0
2020-02-18,Santa Clara,085,1922200,14,2,1,3,0
2020-02-18,Santa Cruz,087,273765,0,0,0,0,0
2020-02-18,Shasta,089,179085,0,0,0,0,0
2020-02-18,Sierra,091,2930,0,0,0,0,0
2020-02-18,Siskiyou,093,43540,0,0,0,0,0
2020-02-18,Solano,095,438530,5,7,0,7,0
2020-02-18,Sonoma,097,501317,1,0,0,0,0
2020-02-18,Stanislaus,099,539301,1,0,2,2,0
2020-02-18,Sutter,101,95872,0,0,0,0,0
2020-02-18,Tehama,103,63373,0,0,0,0,0
2020-02-18,Trinity,105,12862,0,0,0,0,0
2020-02-18,Tulare,107,460477,2,0,0,0,0
2020-02-18,Tuolumne,109,53932,0,0,0,0,0
2020-02-18,Ventura,111,848112,2,0,0,0,0
2020-02-18,Yolo,113,214977,1,0,0,0,0
2020-02-18,Yuba,115,75493,0,0,0,0,0
2020-02-17,Alameda,001,1643700,6,0,0,0,0
2020-02-17,Alpine,003,1148,0,0,0,0,0
2020-02-17,Amador,005,37829,0,0,0,0,0
2020-02-17,Butte,007,227075,0,0,0,0,0
2020-02-17,Calaveras,009,45235,0,0,0,0,0
2020-02-17,Colusa,011,21464,0,0,0,0,0
2020-02-17,Contra Costa,013,1133247,3,0,0,0,0
2020-02-17,Del Norte,015,27424,0,0,0,0,0
2020-02-17,El Dorado,017,186661,0,0,0,0,0
2020-02-17,Fresno,019,978130,0,0,0,0,0
2020-02-17,Glenn,021,27897,0,0,0,0,0
2020-02-17,Humboldt,023,135768,1,0,0,0,0
2020-02-17,Imperial,025,180216,1,0,0,0,0
2020-02-17,Inyo,027,18085,0,0,0,0,0
2020-02-17,Kern,029,883053,2,0,0,0,0
2020-02-17,Kings,031,150075,1,0,0,0,0
2020-02-17,Lake,033,64148,0,0,0,0,0
2020-02-17,Lassen,035,31185,0,0,0,0,0
2020-02-17,Los Angeles,037,10098052,42,1,7,8,0
2020-02-17,Madera,039,155013,0,0,0,0,0
2020-02-17,Marin,041,260295,0,0,0,0,0
2020-02-17,Mariposa,043,17540,0,0,0,0,0
2020-02-17,Mendocino,045,87422,0,0,0,0,0
2020-02-17,Merced,047,269075,0,0,0,0,0
2020-02-17,Modoc,049,8938,0,0,0,0,0
2020-02-17,Mono,051,14174,0,0,0,0,0
2020-02-17,Monterey,053,433212,0,0,0,0,0
2020-02-17,Napa,055,140530,0,0,0,0,0
2020-02-17,Nevada,057,99092,0,0,1,1,0
2020-02-17,Orange,059,3164182,42,1,0,1,0
2020-02-17,Placer,061,380077,0,0,0,0,0
2020-02-17,Plumas,063,18699,0,0,0,0,0
2020-02-17,Riverside,065,2383286,5,0,0,0,0
2020-02-17,Sacramento,067,1510023,2,0,0,0,0
2020-02-17,San Benito,069,59416,0,2,0,2,0
2020-02-17,San Bernardino,071,2135413,10,0,0,0,0
2020-02-17,San Diego,073,3302833,4,2,0,2,0
2020-02-17,San Francisco,075,870044,2,0,0,0,0
2020-02-17,San Joaquin,077,732212,1,0,1,1,0
2020-02-17,San Luis Obispo,079,281455,1,0,0,0,0
2020-02-17,San Mateo,081,765935,5,0,0,0,0
2020-02-17,Santa Barbara,083,443738,0,0,0,0,0
2020-02-17,Santa Clara,085,1922200,12,2,1,3,0
2020-02-17,Santa Cruz,087,273765,0,0,0,0,0
2020-02-17,Shasta,089,179085,0,0,0,0,0
2020-02-17,Sierra,091,2930,0,0,0,0,0
2020-02-17,Siskiyou,093,43540,0,0,0,0,0
2020-02-17,Solano,095,438530,3,5,0,5,0
2020-02-17,Sonoma,097,501317,1,0,0,0,0
2020-02-17,Stanislaus,099,539301,1,0,2,2,0
2020-02-17,Sutter,101,95872,0,0,0,0,0
2020-02-17,Tehama,103,63373,0,0,0,0,0
2020-02-17,Trinity,105,12862,0,0,0,0,0
2020-02-17,Tulare,107,460477,2,0,0,0,0
2020-02-17,Tuolumne,109,53932,0,0,0,0,0
2020-02-17,Ventura,111,848112,2,0,0,0,0
2020-02-17,Yolo,113,214977,1,0,0,0,0
2020-02-17,Yuba,115,75493,0,0,0,0,0
2020-02-16,Alameda,001,1643700,5,0,0,0,0
2020-02-16,Alpine,003,1148,0,0,0,0,0
2020-02-16,Amador,005,37829,0,0,0,0,0
2020-02-16,Butte,007,227075,0,0,0,0,0
2020-02-16,Calaveras,009,45235,0,0,0,0,0
2020-02-16,Colusa,011,21464,0,0,0,0,0
2020-02-16,Contra Costa,013,1133247,3,0,0,0,0
2020-02-16,Del Norte,015,27424,0,0,0,0,0
2020-02-16,El Dorado,017,186661,0,0,0,0,0
2020-02-16,Fresno,019,978130,0,0,0,0,0
2020-02-16,Glenn,021,27897,0,0,0,0,0
2020-02-16,Humboldt,023,135768,1,0,0,0,0
2020-02-16,Imperial,025,180216,1,0,0,0,0
2020-02-16,Inyo,027,18085,0,0,0,0,0
2020-02-16,Kern,029,883053,2,0,0,0,0
2020-02-16,Kings,031,150075,1,0,0,0,0
2020-02-16,Lake,033,64148,0,0,0,0,0
2020-02-16,Lassen,035,31185,0,0,0,0,0
2020-02-16,Los Angeles,037,10098052,36,1,7,8,0
2020-02-16,Madera,039,155013,0,0,0,0,0
2020-02-16,Marin,041,260295,0,0,0,0,0
2020-02-16,Mariposa,043,17540,0,0,0,0,0
2020-02-16,Mendocino,045,87422,0,0,0,0,0
2020-02-16,Merced,047,269075,0,0,0,0,0
2020-02-16,Modoc,049,8938,0,0,0,0,0
2020-02-16,Mono,051,14174,0,0,0,0,0
2020-02-16,Monterey,053,433212,0,0,0,0,0
2020-02-16,Napa,055,140530,0,0,0,0,0
2020-02-16,Nevada,057,99092,0,0,0,0,0
2020-02-16,Orange,059,3164182,41,1,0,1,0
2020-02-16,Placer,061,380077,0,0,0,0,0
2020-02-16,Plumas,063,18699,0,0,0,0,0
2020-02-16,Riverside,065,2383286,5,0,0,0,0
2020-02-16,Sacramento,067,1510023,2,0,0,0,0
2020-02-16,San Benito,069,59416,0,2,0,2,0
2020-02-16,San Bernardino,071,2135413,9,0,0,0,0
2020-02-16,San Diego,073,3302833,4,2,0,2,0
2020-02-16,San Francisco,075,870044,2,0,0,0,0
2020-02-16,San Joaquin,077,732212,1,0,1,1,0
2020-02-16,San Luis Obispo,079,281455,1,0,0,0,0
2020-02-16,San Mateo,081,765935,4,0,0,0,0
2020-02-16,Santa Barbara,083,443738,0,0,0,0,0
2020-02-16,Santa Clara,085,1922200,10,2,1,3,0
2020-02-16,Santa Cruz,087,273765,0,0,0,0,0
2020-02-16,Shasta,089,179085,0,0,0,0,0
2020-02-16,Sierra,091,2930,0,0,0,0,0
2020-02-16,Siskiyou,093,43540,0,0,0,0,0
2020-02-16,Solano,095,438530,1,0,0,0,0
2020-02-16,Sonoma,097,501317,1,0,0,0,0
2020-02-16,Stanislaus,099,539301,1,0,2,2,0
2020-02-16,Sutter,101,95872,0,0,0,0,0
2020-02-16,Tehama,103,63373,0,0,0,0,0
2020-02-16,Trinity,105,12862,0,0,0,0,0
2020-02-16,Tulare,107,460477,2,0,0,0,0
2020-02-16,Tuolumne,109,53932,0,0,0,0,0
2020-02-16,Ventura,111,848112,2,0,0,0,0
2020-02-16,Yolo,113,214977,1,0,0,0,0
2020-02-16,Yuba,115,75493,0,0,0,0,0
2020-02-15,Alameda,001,1643700,5,0,0,0,0
2020-02-15,Alpine,003,1148,0,0,0,0,0
2020-02-15,Amador,005,37829,0,0,0,0,0
2020-02-15,Butte,007,227075,0,0,0,0,0
2020-02-15,Calaveras,009,45235,0,0,0,0,0
2020-02-15,Colusa,011,21464,0,0,0,0,0
2020-02-15,Contra Costa,013,1133247,3,0,0,0,0
2020-02-15,Del Norte,015,27424,0,0,0,0,0
2020-02-15,El Dorado,017,186661,0,0,0,0,0
2020-02-15,Fresno,019,978130,0,0,0,0,0
2020-02-15,Glenn,021,27897,0,0,0,0,0
2020-02-15,Humboldt,023,135768,1,0,0,0,0
2020-02-15,Imperial,025,180216,1,0,0,0,0
2020-02-15,Inyo,027,18085,0,0,0,0,0
2020-02-15,Kern,029,883053,2,0,0,0,0
2020-02-15,Kings,031,150075,1,0,0,0,0
2020-02-15,Lake,033,64148,0,0,0,0,0
2020-02-15,Lassen,035,31185,0,0,0,0,0
2020-02-15,Los Angeles,037,10098052,33,1,7,8,0
2020-02-15,Madera,039,155013,0,0,0,0,0
2020-02-15,Marin,041,260295,0,0,0,0,0
2020-02-15,Mariposa,043,17540,0,0,0,0,0
2020-02-15,Mendocino,045,87422,0,0,0,0,0
2020-02-15,Merced,047,269075,0,0,0,0,0
2020-02-15,Modoc,049,8938,0,0,0,0,0
2020-02-15,Mono,051,14174,0,0,0,0,0
2020-02-15,Monterey,053,433212,0,0,0,0,0
2020-02-15,Napa,055,140530,0,0,0,0,0
2020-02-15,Nevada,057,99092,0,0,0,0,0
2020-02-15,Orange,059,3164182,40,1,0,1,0
2020-02-15,Placer,061,380077,0,0,0,0,0
2020-02-15,Plumas,063,18699,0,0,0,0,0
2020-02-15,Riverside,065,2383286,4,0,0,0,0
2020-02-15,Sacramento,067,1510023,2,0,0,0,0
2020-02-15,San Benito,069,59416,0,2,0,2,0
2020-02-15,San Bernardino,071,2135413,8,0,0,0,0
2020-02-15,San Diego,073,3302833,4,2,0,2,0
2020-02-15,San Francisco,075,870044,2,0,0,0,0
2020-02-15,San Joaquin,077,732212,1,0,1,1,0
2020-02-15,San Luis Obispo,079,281455,1,0,0,0,0
2020-02-15,San Mateo,081,765935,4,0,0,0,0
2020-02-15,Santa Barbara,083,443738,0,0,0,0,0
2020-02-15,Santa Clara,085,1922200,10,2,1,3,0
2020-02-15,Santa Cruz,087,273765,0,0,0,0,0
2020-02-15,Shasta,089,179085,0,0,0,0,0
2020-02-15,Sierra,091,2930,0,0,0,0,0
2020-02-15,Siskiyou,093,43540,0,0,0,0,0
2020-02-15,Solano,095,438530,1,0,0,0,0
2020-02-15,Sonoma,097,501317,0,0,0,0,0
2020-02-15,Stanislaus,099,539301,1,0,2,2,0
2020-02-15,Sutter,101,95872,0,0,0,0,0
2020-02-15,Tehama,103,63373,0,0,0,0,0
2020-02-15,Trinity,105,12862,0,0,0,0,0
2020-02-15,Tulare,107,460477,2,0,0,0,0
2020-02-15,Tuolumne,109,53932,0,0,0,0,0
2020-02-15,Ventura,111,848112,2,0,0,0,0
2020-02-15,Yolo,113,214977,1,0,0,0,0
2020-02-15,Yuba,115,75493,0,0,0,0,0
2020-02-14,Alameda,001,1643700,4,0,0,0,0
2020-02-14,Alpine,003,1148,0,0,0,0,0
2020-02-14,Amador,005,37829,0,0,0,0,0
2020-02-14,Butte,007,227075,0,0,0,0,0
2020-02-14,Calaveras,009,45235,0,0,0,0,0
2020-02-14,Colusa,011,21464,0,0,0,0,0
2020-02-14,Contra Costa,013,1133247,3,0,0,0,0
2020-02-14,Del Norte,015,27424,0,0,0,0,0
2020-02-14,El Dorado,017,186661,0,0,0,0,0
2020-02-14,Fresno,019,978130,0,0,0,0,0
2020-02-14,Glenn,021,27897,0,0,0,0,0
2020-02-14,Humboldt,023,135768,1,0,0,0,0
2020-02-14,Imperial,025,180216,1,0,0,0,0
2020-02-14,Inyo,027,18085,0,0,0,0,0
2020-02-14,Kern,029,883053,2,0,0,0,0
2020-02-14,Kings,031,150075,1,0,0,0,0
2020-02-14,Lake,033,64148,0,0,0,0,0
2020-02-14,Lassen,035,31185,0,0,0,0,0
2020-02-14,Los Angeles,037,10098052,28,1,7,8,0
2020-02-14,Madera,039,155013,0,0,0,0,0
2020-02-14,Marin,041,260295,0,0,0,0,0
2020-02-14,Mariposa,043,17540,0,0,0,0,0
2020-02-14,Mendocino,045,87422,0,0,0,0,0
2020-02-14,Merced,047,269075,0,0,0,0,0
2020-02-14,Modoc,049,8938,0,0,0,0,0
2020-02-14,Mono,051,14174,0,0,0,0,0
2020-02-14,Monterey,053,433212,0,0,0,0,0
2020-02-14,Napa,055,140530,0,0,0,0,0
2020-02-14,Nevada,057,99092,0,0,0,0,0
2020-02-14,Orange,059,3164182,40,1,0,1,0
2020-02-14,Placer,061,380077,0,0,0,0,0
2020-02-14,Plumas,063,18699,0,0,0,0,0
2020-02-14,Riverside,065,2383286,4,0,0,0,0
2020-02-14,Sacramento,067,1510023,1,0,0,0,0
2020-02-14,San Benito,069,59416,0,2,0,2,0
2020-02-14,San Bernardino,071,2135413,8,0,0,0,0
2020-02-14,San Diego,073,3302833,3,2,0,2,0
2020-02-14,San Francisco,075,870044,2,0,0,0,0
2020-02-14,San Joaquin,077,732212,1,0,1,1,0
2020-02-14,San Luis Obispo,079,281455,0,0,0,0,0
2020-02-14,San Mateo,081,765935,3,0,0,0,0
2020-02-14,Santa Barbara,083,443738,0,0,0,0,0
2020-02-14,Santa Clara,085,1922200,8,2,1,3,0
2020-02-14,Santa Cruz,087,273765,0,0,0,0,0
2020-02-14,Shasta,089,179085,0,0,0,0,0
2020-02-14,Sierra,091,2930,0,0,0,0,0
2020-02-14,Siskiyou,093,43540,0,0,0,0,0
2020-02-14,Solano,095,438530,1,0,0,0,0
2020-02-14,Sonoma,097,501317,0,0,0,0,0
2020-02-14,Stanislaus,099,539301,1,0,2,2,0
2020-02-14,Sutter,101,95872,0,0,0,0,0
2020-02-14,Tehama,103,63373,0,0,0,0,0
2020-02-14,Trinity,105,12862,0,0,0,0,0
2020-02-14,Tulare,107,460477,2,0,0,0,0
2020-02-14,Tuolumne,109,53932,0,0,0,0,0
2020-02-14,Ventura,111,848112,2,0,0,0,0
2020-02-14,Yolo,113,214977,1,0,0,0,0
2020-02-14,Yuba,115,75493,0,0,0,0,0
2020-02-13,Alameda,001,1643700,4,0,0,0,0
2020-02-13,Alpine,003,1148,0,0,0,0,0
2020-02-13,Amador,005,37829,0,0,0,0,0
2020-02-13,Butte,007,227075,0,0,0,0,0
2020-02-13,Calaveras,009,45235,0,0,0,0,0
2020-02-13,Colusa,011,21464,0,0,0,0,0
2020-02-13,Contra Costa,013,1133247,3,0,0,0,0
2020-02-13,Del Norte,015,27424,0,0,0,0,0
2020-02-13,El Dorado,017,186661,0,0,0,0,0
2020-02-13,Fresno,019,978130,0,0,0,0,0
2020-02-13,Glenn,021,27897,0,0,0,0,0
2020-02-13,Humboldt,023,135768,1,0,0,0,0
2020-02-13,Imperial,025,180216,1,0,0,0,0
2020-02-13,Inyo,027,18085,0,0,0,0,0
2020-02-13,Kern,029,883053,2,0,0,0,0
2020-02-13,Kings,031,150075,1,0,0,0,0
2020-02-13,Lake,033,64148,0,0,0,0,0
2020-02-13,Lassen,035,31185,0,0,0,0,0
2020-02-13,Los Angeles,037,10098052,24,1,6,7,0
2020-02-13,Madera,039,155013,0,0,0,0,0
2020-02-13,Marin,041,260295,0,0,0,0,0
2020-02-13,Mariposa,043,17540,0,0,0,0,0
2020-02-13,Mendocino,045,87422,0,0,0,0,0
2020-02-13,Merced,047,269075,0,0,0,0,0
2020-02-13,Modoc,049,8938,0,0,0,0,0
2020-02-13,Mono,051,14174,0,0,0,0,0
2020-02-13,Monterey,053,433212,0,0,0,0,0
2020-02-13,Napa,055,140530,0,0,0,0,0
2020-02-13,Nevada,057,99092,0,0,0,0,0
2020-02-13,Orange,059,3164182,39,1,0,1,0
2020-02-13,Placer,061,380077,0,0,0,0,0
2020-02-13,Plumas,063,18699,0,0,0,0,0
2020-02-13,Riverside,065,2383286,4,0,0,0,0
2020-02-13,Sacramento,067,1510023,1,0,0,0,0
2020-02-13,San Benito,069,59416,0,2,0,2,0
2020-02-13,San Bernardino,071,2135413,8,0,0,0,0
2020-02-13,San Diego,073,3302833,2,2,0,2,0
2020-02-13,San Francisco,075,870044,2,0,0,0,0
2020-02-13,San Joaquin,077,732212,1,0,1,1,0
2020-02-13,San Luis Obispo,079,281455,0,0,0,0,0
2020-02-13,San Mateo,081,765935,2,0,0,0,0
2020-02-13,Santa Barbara,083,443738,0,0,0,0,0
2020-02-13,Santa Clara,085,1922200,7,2,0,2,0
2020-02-13,Santa Cruz,087,273765,0,0,0,0,0
2020-02-13,Shasta,089,179085,0,0,0,0,0
2020-02-13,Sierra,091,2930,0,0,0,0,0
2020-02-13,Siskiyou,093,43540,0,0,0,0,0
2020-02-13,Solano,095,438530,0,0,0,0,0
2020-02-13,Sonoma,097,501317,0,0,0,0,0
2020-02-13,Stanislaus,099,539301,1,0,1,1,0
2020-02-13,Sutter,101,95872,0,0,0,0,0
2020-02-13,Tehama,103,63373,0,0,0,0,0
2020-02-13,Trinity,105,12862,0,0,0,0,0
2020-02-13,Tulare,107,460477,2,0,0,0,0
2020-02-13,Tuolumne,109,53932,0,0,0,0,0
2020-02-13,Ventura,111,848112,2,0,0,0,0
2020-02-13,Yolo,113,214977,1,0,0,0,0
2020-02-13,Yuba,115,75493,0,0,0,0,0
2020-02-12,Alameda,001,1643700,4,0,0,0,0
2020-02-12,Alpine,003,1148,0,0,0,0,0
2020-02-12,Amador,005,37829,0,0,0,0,0
2020-02-12,Butte,007,227075,0,0,0,0,0
2020-02-12,Calaveras,009,45235,0,0,0,0,0
2020-02-12,Colusa,011,21464,0,0,0,0,0
2020-02-12,Contra Costa,013,1133247,3,0,0,0,0
2020-02-12,Del Norte,015,27424,0,0,0,0,0
2020-02-12,El Dorado,017,186661,0,0,0,0,0
2020-02-12,Fresno,019,978130,0,0,0,0,0
2020-02-12,Glenn,021,27897,0,0,0,0,0
2020-02-12,Humboldt,023,135768,1,0,0,0,0
2020-02-12,Imperial,025,180216,1,0,0,0,0
2020-02-12,Inyo,027,18085,0,0,0,0,0
2020-02-12,Kern,029,883053,2,0,0,0,0
2020-02-12,Kings,031,150075,1,0,0,0,0
2020-02-12,Lake,033,64148,0,0,0,0,0
2020-02-12,Lassen,035,31185,0,0,0,0,0
2020-02-12,Los Angeles,037,10098052,23,1,6,7,0
2020-02-12,Madera,039,155013,0,0,0,0,0
2020-02-12,Marin,041,260295,0,0,0,0,0
2020-02-12,Mariposa,043,17540,0,0,0,0,0
2020-02-12,Mendocino,045,87422,0,0,0,0,0
2020-02-12,Merced,047,269075,0,0,0,0,0
2020-02-12,Modoc,049,8938,0,0,0,0,0
2020-02-12,Mono,051,14174,0,0,0,0,0
2020-02-12,Monterey,053,433212,0,0,0,0,0
2020-02-12,Napa,055,140530,0,0,0,0,0
2020-02-12,Nevada,057,99092,0,0,0,0,0
2020-02-12,Orange,059,3164182,39,1,0,1,0
2020-02-12,Placer,061,380077,0,0,0,0,0
2020-02-12,Plumas,063,18699,0,0,0,0,0
2020-02-12,Riverside,065,2383286,4,0,0,0,0
2020-02-12,Sacramento,067,1510023,1,0,0,0,0
2020-02-12,San Benito,069,59416,0,2,0,2,0
2020-02-12,San Bernardino,071,2135413,8,0,0,0,0
2020-02-12,San Diego,073,3302833,2,2,0,2,0
2020-02-12,San Francisco,075,870044,2,0,0,0,0
2020-02-12,San Joaquin,077,732212,1,0,1,1,0
2020-02-12,San Luis Obispo,079,281455,0,0,0,0,0
2020-02-12,San Mateo,081,765935,2,0,0,0,0
2020-02-12,Santa Barbara,083,443738,0,0,0,0,0
2020-02-12,Santa Clara,085,1922200,6,2,0,2,0
2020-02-12,Santa Cruz,087,273765,0,0,0,0,0
2020-02-12,Shasta,089,179085,0,0,0,0,0
2020-02-12,Sierra,091,2930,0,0,0,0,0
2020-02-12,Siskiyou,093,43540,0,0,0,0,0
2020-02-12,Solano,095,438530,0,0,0,0,0
2020-02-12,Sonoma,097,501317,0,0,0,0,0
2020-02-12,Stanislaus,099,539301,1,0,1,1,0
2020-02-12,Sutter,101,95872,0,0,0,0,0
2020-02-12,Tehama,103,63373,0,0,0,0,0
2020-02-12,Trinity,105,12862,0,0,0,0,0
2020-02-12,Tulare,107,460477,2,0,0,0,0
2020-02-12,Tuolumne,109,53932,0,0,0,0,0
2020-02-12,Ventura,111,848112,2,0,0,0,0
2020-02-12,Yolo,113,214977,1,0,0,0,0
2020-02-12,Yuba,115,75493,0,0,0,0,0
2020-02-11,Alameda,001,1643700,4,0,0,0,0
2020-02-11,Alpine,003,1148,0,0,0,0,0
2020-02-11,Amador,005,37829,0,0,0,0,0
2020-02-11,Butte,007,227075,0,0,0,0,0
2020-02-11,Calaveras,009,45235,0,0,0,0,0
2020-02-11,Colusa,011,21464,0,0,0,0,0
2020-02-11,Contra Costa,013,1133247,3,0,0,0,0
2020-02-11,Del Norte,015,27424,0,0,0,0,0
2020-02-11,El Dorado,017,186661,0,0,0,0,0
2020-02-11,Fresno,019,978130,0,0,0,0,0
2020-02-11,Glenn,021,27897,0,0,0,0,0
2020-02-11,Humboldt,023,135768,1,0,0,0,0
2020-02-11,Imperial,025,180216,1,0,0,0,0
2020-02-11,Inyo,027,18085,0,0,0,0,0
2020-02-11,Kern,029,883053,2,0,0,0,0
2020-02-11,Kings,031,150075,1,0,0,0,0
2020-02-11,Lake,033,64148,0,0,0,0,0
2020-02-11,Lassen,035,31185,0,0,0,0,0
2020-02-11,Los Angeles,037,10098052,23,1,6,7,0
2020-02-11,Madera,039,155013,0,0,0,0,0
2020-02-11,Marin,041,260295,0,0,0,0,0
2020-02-11,Mariposa,043,17540,0,0,0,0,0
2020-02-11,Mendocino,045,87422,0,0,0,0,0
2020-02-11,Merced,047,269075,0,0,0,0,0
2020-02-11,Modoc,049,8938,0,0,0,0,0
2020-02-11,Mono,051,14174,0,0,0,0,0
2020-02-11,Monterey,053,433212,0,0,0,0,0
2020-02-11,Napa,055,140530,0,0,0,0,0
2020-02-11,Nevada,057,99092,0,0,0,0,0
2020-02-11,Orange,059,3164182,38,1,0,1,0
2020-02-11,Placer,061,380077,0,0,0,0,0
2020-02-11,Plumas,063,18699,0,0,0,0,0
2020-02-11,Riverside,065,2383286,4,0,0,0,0
2020-02-11,Sacramento,067,1510023,1,0,0,0,0
2020-02-11,San Benito,069,59416,0,2,0,2,0
2020-02-11,San Bernardino,071,2135413,8,0,0,0,0
2020-02-11,San Diego,073,3302833,2,1,0,1,0
2020-02-11,San Francisco,075,870044,2,0,0,0,0
2020-02-11,San Joaquin,077,732212,0,0,1,1,0
2020-02-11,San Luis Obispo,079,281455,0,0,0,0,0
2020-02-11,San Mateo,081,765935,2,0,0,0,0
2020-02-11,Santa Barbara,083,443738,0,0,0,0,0
2020-02-11,Santa Clara,085,1922200,5,2,0,2,0
2020-02-11,Santa Cruz,087,273765,0,0,0,0,0
2020-02-11,Shasta,089,179085,0,0,0,0,0
2020-02-11,Sierra,091,2930,0,0,0,0,0
2020-02-11,Siskiyou,093,43540,0,0,0,0,0
2020-02-11,Solano,095,438530,0,0,0,0,0
2020-02-11,Sonoma,097,501317,0,0,0,0,0
2020-02-11,Stanislaus,099,539301,1,0,1,1,0
2020-02-11,Sutter,101,95872,0,0,0,0,0
2020-02-11,Tehama,103,63373,0,0,0,0,0
2020-02-11,Trinity,105,12862,0,0,0,0,0
2020-02-11,Tulare,107,460477,2,0,0,0,0
2020-02-11,Tuolumne,109,53932,0,0,0,0,0
2020-02-11,Ventura,111,848112,2,0,0,0,0
2020-02-11,Yolo,113,214977,1,0,0,0,0
2020-02-11,Yuba,115,75493,0,0,0,0,0
2020-02-10,Alameda,001,1643700,4,0,0,0,0
2020-02-10,Alpine,003,1148,0,0,0,0,0
2020-02-10,Amador,005,37829,0,0,0,0,0
2020-02-10,Butte,007,227075,0,0,0,0,0
2020-02-10,Calaveras,009,45235,0,0,0,0,0
2020-02-10,Colusa,011,21464,0,0,0,0,0
2020-02-10,Contra Costa,013,1133247,3,0,0,0,0
2020-02-10,Del Norte,015,27424,0,0,0,0,0
2020-02-10,El Dorado,017,186661,0,0,0,0,0
2020-02-10,Fresno,019,978130,0,0,0,0,0
2020-02-10,Glenn,021,27897,0,0,0,0,0
2020-02-10,Humboldt,023,135768,0,0,0,0,0
2020-02-10,Imperial,025,180216,1,0,0,0,0
2020-02-10,Inyo,027,18085,0,0,0,0,0
2020-02-10,Kern,029,883053,2,0,0,0,0
2020-02-10,Kings,031,150075,1,0,0,0,0
2020-02-10,Lake,033,64148,0,0,0,0,0
2020-02-10,Lassen,035,31185,0,0,0,0,0
2020-02-10,Los Angeles,037,10098052,21,1,6,7,0
2020-02-10,Madera,039,155013,0,0,0,0,0
2020-02-10,Marin,041,260295,0,0,0,0,0
2020-02-10,Mariposa,043,17540,0,0,0,0,0
2020-02-10,Mendocino,045,87422,0,0,0,0,0
2020-02-10,Merced,047,269075,0,0,0,0,0
2020-02-10,Modoc,049,8938,0,0,0,0,0
2020-02-10,Mono,051,14174,0,0,0,0,0
2020-02-10,Monterey,053,433212,0,0,0,0,0
2020-02-10,Napa,055,140530,0,0,0,0,0
2020-02-10,Nevada,057,99092,0,0,0,0,0
2020-02-10,Orange,059,3164182,38,1,0,1,0
2020-02-10,Placer,061,380077,0,0,0,0,0
2020-02-10,Plumas,063,18699,0,0,0,0,0
2020-02-10,Riverside,065,2383286,4,0,0,0,0
2020-02-10,Sacramento,067,1510023,1,0,0,0,0
2020-02-10,San Benito,069,59416,0,2,0,2,0
2020-02-10,San Bernardino,071,2135413,7,0,0,0,0
2020-02-10,San Diego,073,3302833,2,0,0,0,0
2020-02-10,San Francisco,075,870044,2,0,0,0,0
2020-02-10,San Joaquin,077,732212,0,0,1,1,0
2020-02-10,San Luis Obispo,079,281455,0,0,0,0,0
2020-02-10,San Mateo,081,765935,2,0,0,0,0
2020-02-10,Santa Barbara,083,443738,0,0,0,0,0
2020-02-10,Santa Clara,085,1922200,5,2,0,2,0
2020-02-10,Santa Cruz,087,273765,0,0,0,0,0
2020-02-10,Shasta,089,179085,0,0,0,0,0
2020-02-10,Sierra,091,2930,0,0,0,0,0
2020-02-10,Siskiyou,093,43540,0,0,0,0,0
2020-02-10,Solano,095,438530,0,0,0,0,0
2020-02-10,Sonoma,097,501317,0,0,0,0,0
2020-02-10,Stanislaus,099,539301,1,0,0,0,0
2020-02-10,Sutter,101,95872,0,0,0,0,0
2020-02-10,Tehama,103,63373,0,0,0,0,0
2020-02-10,Trinity,105,12862,0,0,0,0,0
2020-02-10,Tulare,107,460477,2,0,0,0,0
2020-02-10,Tuolumne,109,53932,0,0,0,0,0
2020-02-10,Ventura,111,848112,2,0,0,0,0
2020-02-10,Yolo,113,214977,1,0,0,0,0
2020-02-10,Yuba,115,75493,0,0,0,0,0
2020-02-09,Alameda,001,1643700,4,0,0,0,0
2020-02-09,Alpine,003,1148,0,0,0,0,0
2020-02-09,Amador,005,37829,0,0,0,0,0
2020-02-09,Butte,007,227075,0,0,0,0,0
2020-02-09,Calaveras,009,45235,0,0,0,0,0
2020-02-09,Colusa,011,21464,0,0,0,0,0
2020-02-09,Contra Costa,013,1133247,3,0,0,0,0
2020-02-09,Del Norte,015,27424,0,0,0,0,0
2020-02-09,El Dorado,017,186661,0,0,0,0,0
2020-02-09,Fresno,019,978130,0,0,0,0,0
2020-02-09,Glenn,021,27897,0,0,0,0,0
2020-02-09,Humboldt,023,135768,0,0,0,0,0
2020-02-09,Imperial,025,180216,1,0,0,0,0
2020-02-09,Inyo,027,18085,0,0,0,0,0
2020-02-09,Kern,029,883053,2,0,0,0,0
2020-02-09,Kings,031,150075,1,0,0,0,0
2020-02-09,Lake,033,64148,0,0,0,0,0
2020-02-09,Lassen,035,31185,0,0,0,0,0
2020-02-09,Los Angeles,037,10098052,20,1,6,7,0
2020-02-09,Madera,039,155013,0,0,0,0,0
2020-02-09,Marin,041,260295,0,0,0,0,0
2020-02-09,Mariposa,043,17540,0,0,0,0,0
2020-02-09,Mendocino,045,87422,0,0,0,0,0
2020-02-09,Merced,047,269075,0,0,0,0,0
2020-02-09,Modoc,049,8938,0,0,0,0,0
2020-02-09,Mono,051,14174,0,0,0,0,0
2020-02-09,Monterey,053,433212,0,0,0,0,0
2020-02-09,Napa,055,140530,0,0,0,0,0
2020-02-09,Nevada,057,99092,0,0,0,0,0
2020-02-09,Orange,059,3164182,37,1,0,1,0
2020-02-09,Placer,061,380077,0,0,0,0,0
2020-02-09,Plumas,063,18699,0,0,0,0,0
2020-02-09,Riverside,065,2383286,4,0,0,0,0
2020-02-09,Sacramento,067,1510023,0,0,0,0,0
2020-02-09,San Benito,069,59416,0,2,0,2,0
2020-02-09,San Bernardino,071,2135413,7,0,0,0,0
2020-02-09,San Diego,073,3302833,2,0,0,0,0
2020-02-09,San Francisco,075,870044,1,0,0,0,0
2020-02-09,San Joaquin,077,732212,0,0,1,1,0
2020-02-09,San Luis Obispo,079,281455,0,0,0,0,0
2020-02-09,San Mateo,081,765935,2,0,0,0,0
2020-02-09,Santa Barbara,083,443738,0,0,0,0,0
2020-02-09,Santa Clara,085,1922200,4,2,0,2,0
2020-02-09,Santa Cruz,087,273765,0,0,0,0,0
2020-02-09,Shasta,089,179085,0,0,0,0,0
2020-02-09,Sierra,091,2930,0,0,0,0,0
2020-02-09,Siskiyou,093,43540,0,0,0,0,0
2020-02-09,Solano,095,438530,0,0,0,0,0
2020-02-09,Sonoma,097,501317,0,0,0,0,0
2020-02-09,Stanislaus,099,539301,0,0,0,0,0
2020-02-09,Sutter,101,95872,0,0,0,0,0
2020-02-09,Tehama,103,63373,0,0,0,0,0
2020-02-09,Trinity,105,12862,0,0,0,0,0
2020-02-09,Tulare,107,460477,2,0,0,0,0
2020-02-09,Tuolumne,109,53932,0,0,0,0,0
2020-02-09,Ventura,111,848112,1,0,0,0,0
2020-02-09,Yolo,113,214977,1,0,0,0,0
2020-02-09,Yuba,115,75493,0,0,0,0,0
2020-02-08,Alameda,001,1643700,3,0,0,0,0
2020-02-08,Alpine,003,1148,0,0,0,0,0
2020-02-08,Amador,005,37829,0,0,0,0,0
2020-02-08,Butte,007,227075,0,0,0,0,0
2020-02-08,Calaveras,009,45235,0,0,0,0,0
2020-02-08,Colusa,011,21464,0,0,0,0,0
2020-02-08,Contra Costa,013,1133247,2,0,0,0,0
2020-02-08,Del Norte,015,27424,0,0,0,0,0
2020-02-08,El Dorado,017,186661,0,0,0,0,0
2020-02-08,Fresno,019,978130,0,0,0,0,0
2020-02-08,Glenn,021,27897,0,0,0,0,0
2020-02-08,Humboldt,023,135768,0,0,0,0,0
2020-02-08,Imperial,025,180216,1,0,0,0,0
2020-02-08,Inyo,027,18085,0,0,0,0,0
2020-02-08,Kern,029,883053,2,0,0,0,0
2020-02-08,Kings,031,150075,1,0,0,0,0
2020-02-08,Lake,033,64148,0,0,0,0,0
2020-02-08,Lassen,035,31185,0,0,0,0,0
2020-02-08,Los Angeles,037,10098052,17,1,3,4,0
2020-02-08,Madera,039,155013,0,0,0,0,0
2020-02-08,Marin,041,260295,0,0,0,0,0
2020-02-08,Mariposa,043,17540,0,0,0,0,0
2020-02-08,Mendocino,045,87422,0,0,0,0,0
2020-02-08,Merced,047,269075,0,0,0,0,0
2020-02-08,Modoc,049,8938,0,0,0,0,0
2020-02-08,Mono,051,14174,0,0,0,0,0
2020-02-08,Monterey,053,433212,0,0,0,0,0
2020-02-08,Napa,055,140530,0,0,0,0,0
2020-02-08,Nevada,057,99092,0,0,0,0,0
2020-02-08,Orange,059,3164182,37,1,0,1,0
2020-02-08,Placer,061,380077,0,0,0,0,0
2020-02-08,Plumas,063,18699,0,0,0,0,0
2020-02-08,Riverside,065,2383286,4,0,0,0,0
2020-02-08,Sacramento,067,1510023,0,0,0,0,0
2020-02-08,San Benito,069,59416,0,2,0,2,0
2020-02-08,San Bernardino,071,2135413,7,0,0,0,0
2020-02-08,San Diego,073,3302833,1,0,0,0,0
2020-02-08,San Francisco,075,870044,1,0,0,0,0
2020-02-08,San Joaquin,077,732212,0,0,1,1,0
2020-02-08,San Luis Obispo,079,281455,0,0,0,0,0
2020-02-08,San Mateo,081,765935,2,0,0,0,0
2020-02-08,Santa Barbara,083,443738,0,0,0,0,0
2020-02-08,Santa Clara,085,1922200,4,2,0,2,0
2020-02-08,Santa Cruz,087,273765,0,0,0,0,0
2020-02-08,Shasta,089,179085,0,0,0,0,0
2020-02-08,Sierra,091,2930,0,0,0,0,0
2020-02-08,Siskiyou,093,43540,0,0,0,0,0
2020-02-08,Solano,095,438530,0,0,0,0,0
2020-02-08,Sonoma,097,501317,0,0,0,0,0
2020-02-08,Stanislaus,099,539301,0,0,0,0,0
2020-02-08,Sutter,101,95872,0,0,0,0,0
2020-02-08,Tehama,103,63373,0,0,0,0,0
2020-02-08,Trinity,105,12862,0,0,0,0,0
2020-02-08,Tulare,107,460477,2,0,0,0,0
2020-02-08,Tuolumne,109,53932,0,0,0,0,0
2020-02-08,Ventura,111,848112,1,0,0,0,0
2020-02-08,Yolo,113,214977,1,0,0,0,0
2020-02-08,Yuba,115,75493,0,0,0,0,0
2020-02-07,Alameda,001,1643700,3,0,0,0,0
2020-02-07,Alpine,003,1148,0,0,0,0,0
2020-02-07,Amador,005,37829,0,0,0,0,0
2020-02-07,Butte,007,227075,0,0,0,0,0
2020-02-07,Calaveras,009,45235,0,0,0,0,0
2020-02-07,Colusa,011,21464,0,0,0,0,0
2020-02-07,Contra Costa,013,1133247,2,0,0,0,0
2020-02-07,Del Norte,015,27424,0,0,0,0,0
2020-02-07,El Dorado,017,186661,0,0,0,0,0
2020-02-07,Fresno,019,978130,0,0,0,0,0
2020-02-07,Glenn,021,27897,0,0,0,0,0
2020-02-07,Humboldt,023,135768,0,0,0,0,0
2020-02-07,Imperial,025,180216,1,0,0,0,0
2020-02-07,Inyo,027,18085,0,0,0,0,0
2020-02-07,Kern,029,883053,2,0,0,0,0
2020-02-07,Kings,031,150075,1,0,0,0,0
2020-02-07,Lake,033,64148,0,0,0,0,0
2020-02-07,Lassen,035,31185,0,0,0,0,0
2020-02-07,Los Angeles,037,10098052,16,1,2,3,0
2020-02-07,Madera,039,155013,0,0,0,0,0
2020-02-07,Marin,041,260295,0,0,0,0,0
2020-02-07,Mariposa,043,17540,0,0,0,0,0
2020-02-07,Mendocino,045,87422,0,0,0,0,0
2020-02-07,Merced,047,269075,0,0,0,0,0
2020-02-07,Modoc,049,8938,0,0,0,0,0
2020-02-07,Mono,051,14174,0,0,0,0,0
2020-02-07,Monterey,053,433212,0,0,0,0,0
2020-02-07,Napa,055,140530,0,0,0,0,0
2020-02-07,Nevada,057,99092,0,0,0,0,0
2020-02-07,Orange,059,3164182,35,1,0,1,0
2020-02-07,Placer,061,380077,0,0,0,0,0
2020-02-07,Plumas,063,18699,0,0,0,0,0
2020-02-07,Riverside,065,2383286,4,0,0,0,0
2020-02-07,Sacramento,067,1510023,0,0,0,0,0
2020-02-07,San Benito,069,59416,0,2,0,2,0
2020-02-07,San Bernardino,071,2135413,4,0,0,0,0
2020-02-07,San Diego,073,3302833,1,0,0,0,0
2020-02-07,San Francisco,075,870044,1,0,0,0,0
2020-02-07,San Joaquin,077,732212,0,0,1,1,0
2020-02-07,San Luis Obispo,079,281455,0,0,0,0,0
2020-02-07,San Mateo,081,765935,1,0,0,0,0
2020-02-07,Santa Barbara,083,443738,0,0,0,0,0
2020-02-07,Santa Clara,085,1922200,4,2,0,2,0
2020-02-07,Santa Cruz,087,273765,0,0,0,0,0
2020-02-07,Shasta,089,179085,0,0,0,0,0
2020-02-07,Sierra,091,2930,0,0,0,0,0
2020-02-07,Siskiyou,093,43540,0,0,0,0,0
2020-02-07,Solano,095,438530,0,0,0,0,0
2020-02-07,Sonoma,097,501317,0,0,0,0,0
2020-02-07,Stanislaus,099,539301,0,0,0,0,0
2020-02-07,Sutter,101,95872,0,0,0,0,0
2020-02-07,Tehama,103,63373,0,0,0,0,0
2020-02-07,Trinity,105,12862,0,0,0,0,0
2020-02-07,Tulare,107,460477,2,0,0,0,0
2020-02-07,Tuolumne,109,53932,0,0,0,0,0
2020-02-07,Ventura,111,848112,1,0,0,0,0
2020-02-07,Yolo,113,214977,1,0,0,0,0
2020-02-07,Yuba,115,75493,0,0,0,0,0
2020-02-06,Alameda,001,1643700,3,0,0,0,0
2020-02-06,Alpine,003,1148,0,0,0,0,0
2020-02-06,Amador,005,37829,0,0,0,0,0
2020-02-06,Butte,007,227075,0,0,0,0,0
2020-02-06,Calaveras,009,45235,0,0,0,0,0
2020-02-06,Colusa,011,21464,0,0,0,0,0
2020-02-06,Contra Costa,013,1133247,2,0,0,0,0
2020-02-06,Del Norte,015,27424,0,0,0,0,0
2020-02-06,El Dorado,017,186661,0,0,0,0,0
2020-02-06,Fresno,019,978130,0,0,0,0,0
2020-02-06,Glenn,021,27897,0,0,0,0,0
2020-02-06,Humboldt,023,135768,0,0,0,0,0
2020-02-06,Imperial,025,180216,1,0,0,0,0
2020-02-06,Inyo,027,18085,0,0,0,0,0
2020-02-06,Kern,029,883053,2,0,0,0,0
2020-02-06,Kings,031,150075,0,0,0,0,0
2020-02-06,Lake,033,64148,0,0,0,0,0
2020-02-06,Lassen,035,31185,0,0,0,0,0
2020-02-06,Los Angeles,037,10098052,15,1,2,3,0
2020-02-06,Madera,039,155013,0,0,0,0,0
2020-02-06,Marin,041,260295,0,0,0,0,0
2020-02-06,Mariposa,043,17540,0,0,0,0,0
2020-02-06,Mendocino,045,87422,0,0,0,0,0
2020-02-06,Merced,047,269075,0,0,0,0,0
2020-02-06,Modoc,049,8938,0,0,0,0,0
2020-02-06,Mono,051,14174,0,0,0,0,0
2020-02-06,Monterey,053,433212,0,0,0,0,0
2020-02-06,Napa,055,140530,0,0,0,0,0
2020-02-06,Nevada,057,99092,0,0,0,0,0
2020-02-06,Orange,059,3164182,5,1,0,1,0
2020-02-06,Placer,061,380077,0,0,0,0,0
2020-02-06,Plumas,063,18699,0,0,0,0,0
2020-02-06,Riverside,065,2383286,4,0,0,0,0
2020-02-06,Sacramento,067,1510023,0,0,0,0,0
2020-02-06,San Benito,069,59416,0,2,0,2,0
2020-02-06,San Bernardino,071,2135413,4,0,0,0,0
2020-02-06,San Diego,073,3302833,1,0,0,0,0
2020-02-06,San Francisco,075,870044,1,0,0,0,0
2020-02-06,San Joaquin,077,732212,0,0,1,1,0
2020-02-06,San Luis Obispo,079,281455,0,0,0,0,0
2020-02-06,San Mateo,081,765935,1,0,0,0,0
2020-02-06,Santa Barbara,083,443738,0,0,0,0,0
2020-02-06,Santa Clara,085,1922200,4,2,0,2,0
2020-02-06,Santa Cruz,087,273765,0,0,0,0,0
2020-02-06,Shasta,089,179085,0,0,0,0,0
2020-02-06,Sierra,091,2930,0,0,0,0,0
2020-02-06,Siskiyou,093,43540,0,0,0,0,0
2020-02-06,Solano,095,438530,0,0,0,0,0
2020-02-06,Sonoma,097,501317,0,0,0,0,0
2020-02-06,Stanislaus,099,539301,0,0,0,0,0
2020-02-06,Sutter,101,95872,0,0,0,0,0
2020-02-06,Tehama,103,63373,0,0,0,0,0
2020-02-06,Trinity,105,12862,0,0,0,0,0
2020-02-06,Tulare,107,460477,2,0,0,0,0
2020-02-06,Tuolumne,109,53932,0,0,0,0,0
2020-02-06,Ventura,111,848112,1,0,0,0,0
2020-02-06,Yolo,113,214977,1,0,0,0,0
2020-02-06,Yuba,115,75493,0,0,0,0,0
2020-02-05,Alameda,001,1643700,3,0,0,0,0
2020-02-05,Alpine,003,1148,0,0,0,0,0
2020-02-05,Amador,005,37829,0,0,0,0,0
2020-02-05,Butte,007,227075,0,0,0,0,0
2020-02-05,Calaveras,009,45235,0,0,0,0,0
2020-02-05,Colusa,011,21464,0,0,0,0,0
2020-02-05,Contra Costa,013,1133247,2,0,0,0,0
2020-02-05,Del Norte,015,27424,0,0,0,0,0
2020-02-05,El Dorado,017,186661,0,0,0,0,0
2020-02-05,Fresno,019,978130,0,0,0,0,0
2020-02-05,Glenn,021,27897,0,0,0,0,0
2020-02-05,Humboldt,023,135768,0,0,0,0,0
2020-02-05,Imperial,025,180216,1,0,0,0,0
2020-02-05,Inyo,027,18085,0,0,0,0,0
2020-02-05,Kern,029,883053,1,0,0,0,0
2020-02-05,Kings,031,150075,0,0,0,0,0
2020-02-05,Lake,033,64148,0,0,0,0,0
2020-02-05,Lassen,035,31185,0,0,0,0,0
2020-02-05,Los Angeles,037,10098052,15,1,1,2,0
2020-02-05,Madera,039,155013,0,0,0,0,0
2020-02-05,Marin,041,260295,0,0,0,0,0
2020-02-05,Mariposa,043,17540,0,0,0,0,0
2020-02-05,Mendocino,045,87422,0,0,0,0,0
2020-02-05,Merced,047,269075,0,0,0,0,0
2020-02-05,Modoc,049,8938,0,0,0,0,0
2020-02-05,Mono,051,14174,0,0,0,0,0
2020-02-05,Monterey,053,433212,0,0,0,0,0
2020-02-05,Napa,055,140530,0,0,0,0,0
2020-02-05,Nevada,057,99092,0,0,0,0,0
2020-02-05,Orange,059,3164182,4,1,0,1,0
2020-02-05,Placer,061,380077,0,0,0,0,0
2020-02-05,Plumas,063,18699,0,0,0,0,0
2020-02-05,Riverside,065,2383286,4,0,0,0,0
2020-02-05,Sacramento,067,1510023,0,0,0,0,0
2020-02-05,San Benito,069,59416,0,2,0,2,0
2020-02-05,San Bernardino,071,2135413,4,0,0,0,0
2020-02-05,San Diego,073,3302833,0,0,0,0,0
2020-02-05,San Francisco,075,870044,1,0,0,0,0
2020-02-05,San Joaquin,077,732212,0,0,1,1,0
2020-02-05,San Luis Obispo,079,281455,0,0,0,0,0
2020-02-05,San Mateo,081,765935,1,0,0,0,0
2020-02-05,Santa Barbara,083,443738,0,0,0,0,0
2020-02-05,Santa Clara,085,1922200,2,2,0,2,0
2020-02-05,Santa Cruz,087,273765,0,0,0,0,0
2020-02-05,Shasta,089,179085,0,0,0,0,0
2020-02-05,Sierra,091,2930,0,0,0,0,0
2020-02-05,Siskiyou,093,43540,0,0,0,0,0
2020-02-05,Solano,095,438530,0,0,0,0,0
2020-02-05,Sonoma,097,501317,0,0,0,0,0
2020-02-05,Stanislaus,099,539301,0,0,0,0,0
2020-02-05,Sutter,101,95872,0,0,0,0,0
2020-02-05,Tehama,103,63373,0,0,0,0,0
2020-02-05,Trinity,105,12862,0,0,0,0,0
2020-02-05,Tulare,107,460477,2,0,0,0,0
2020-02-05,Tuolumne,109,53932,0,0,0,0,0
2020-02-05,Ventura,111,848112,0,0,0,0,0
2020-02-05,Yolo,113,214977,1,0,0,0,0
2020-02-05,Yuba,115,75493,0,0,0,0,0
2020-02-04,Alameda,001,1643700,3,0,0,0,0
2020-02-04,Alpine,003,1148,0,0,0,0,0
2020-02-04,Amador,005,37829,0,0,0,0,0
2020-02-04,Butte,007,227075,0,0,0,0,0
2020-02-04,Calaveras,009,45235,0,0,0,0,0
2020-02-04,Colusa,011,21464,0,0,0,0,0
2020-02-04,Contra Costa,013,1133247,2,0,0,0,0
2020-02-04,Del Norte,015,27424,0,0,0,0,0
2020-02-04,El Dorado,017,186661,0,0,0,0,0
2020-02-04,Fresno,019,978130,0,0,0,0,0
2020-02-04,Glenn,021,27897,0,0,0,0,0
2020-02-04,Humboldt,023,135768,0,0,0,0,0
2020-02-04,Imperial,025,180216,1,0,0,0,0
2020-02-04,Inyo,027,18085,0,0,0,0,0
2020-02-04,Kern,029,883053,0,0,0,0,0
2020-02-04,Kings,031,150075,0,0,0,0,0
2020-02-04,Lake,033,64148,0,0,0,0,0
2020-02-04,Lassen,035,31185,0,0,0,0,0
2020-02-04,Los Angeles,037,10098052,15,1,1,2,0
2020-02-04,Madera,039,155013,0,0,0,0,0
2020-02-04,Marin,041,260295,0,0,0,0,0
2020-02-04,Mariposa,043,17540,0,0,0,0,0
2020-02-04,Mendocino,045,87422,0,0,0,0,0
2020-02-04,Merced,047,269075,0,0,0,0,0
2020-02-04,Modoc,049,8938,0,0,0,0,0
2020-02-04,Mono,051,14174,0,0,0,0,0
2020-02-04,Monterey,053,433212,0,0,0,0,0
2020-02-04,Napa,055,140530,0,0,0,0,0
2020-02-04,Nevada,057,99092,0,0,0,0,0
2020-02-04,Orange,059,3164182,4,1,0,1,0
2020-02-04,Placer,061,380077,0,0,0,0,0
2020-02-04,Plumas,063,18699,0,0,0,0,0
2020-02-04,Riverside,065,2383286,4,0,0,0,0
2020-02-04,Sacramento,067,1510023,0,0,0,0,0
2020-02-04,San Benito,069,59416,0,2,0,2,0
2020-02-04,San Bernardino,071,2135413,3,0,0,0,0
2020-02-04,San Diego,073,3302833,0,0,0,0,0
2020-02-04,San Francisco,075,870044,1,0,0,0,0
2020-02-04,San Joaquin,077,732212,0,0,1,1,0
2020-02-04,San Luis Obispo,079,281455,0,0,0,0,0
2020-02-04,San Mateo,081,765935,0,0,0,0,0
2020-02-04,Santa Barbara,083,443738,0,0,0,0,0
2020-02-04,Santa Clara,085,1922200,2,2,0,2,0
2020-02-04,Santa Cruz,087,273765,0,0,0,0,0
2020-02-04,Shasta,089,179085,0,0,0,0,0
2020-02-04,Sierra,091,2930,0,0,0,0,0
2020-02-04,Siskiyou,093,43540,0,0,0,0,0
2020-02-04,Solano,095,438530,0,0,0,0,0
2020-02-04,Sonoma,097,501317,0,0,0,0,0
2020-02-04,Stanislaus,099,539301,0,0,0,0,0
2020-02-04,Sutter,101,95872,0,0,0,0,0
2020-02-04,Tehama,103,63373,0,0,0,0,0
2020-02-04,Trinity,105,12862,0,0,0,0,0
2020-02-04,Tulare,107,460477,2,0,0,0,0
2020-02-04,Tuolumne,109,53932,0,0,0,0,0
2020-02-04,Ventura,111,848112,0,0,0,0,0
2020-02-04,Yolo,113,214977,1,0,0,0,0
2020-02-04,Yuba,115,75493,0,0,0,0,0
2020-02-03,Alameda,001,1643700,3,0,0,0,0
2020-02-03,Alpine,003,1148,0,0,0,0,0
2020-02-03,Amador,005,37829,0,0,0,0,0
2020-02-03,Butte,007,227075,0,0,0,0,0
2020-02-03,Calaveras,009,45235,0,0,0,0,0
2020-02-03,Colusa,011,21464,0,0,0,0,0
2020-02-03,Contra Costa,013,1133247,2,0,0,0,0
2020-02-03,Del Norte,015,27424,0,0,0,0,0
2020-02-03,El Dorado,017,186661,0,0,0,0,0
2020-02-03,Fresno,019,978130,0,0,0,0,0
2020-02-03,Glenn,021,27897,0,0,0,0,0
2020-02-03,Humboldt,023,135768,0,0,0,0,0
2020-02-03,Imperial,025,180216,1,0,0,0,0
2020-02-03,Inyo,027,18085,0,0,0,0,0
2020-02-03,Kern,029,883053,0,0,0,0,0
2020-02-03,Kings,031,150075,0,0,0,0,0
2020-02-03,Lake,033,64148,0,0,0,0,0
2020-02-03,Lassen,035,31185,0,0,0,0,0
2020-02-03,Los Angeles,037,10098052,15,1,0,1,0
2020-02-03,Madera,039,155013,0,0,0,0,0
2020-02-03,Marin,041,260295,0,0,0,0,0
2020-02-03,Mariposa,043,17540,0,0,0,0,0
2020-02-03,Mendocino,045,87422,0,0,0,0,0
2020-02-03,Merced,047,269075,0,0,0,0,0
2020-02-03,Modoc,049,8938,0,0,0,0,0
2020-02-03,Mono,051,14174,0,0,0,0,0
2020-02-03,Monterey,053,433212,0,0,0,0,0
2020-02-03,Napa,055,140530,0,0,0,0,0
2020-02-03,Nevada,057,99092,0,0,0,0,0
2020-02-03,Orange,059,3164182,3,1,0,1,0
2020-02-03,Placer,061,380077,0,0,0,0,0
2020-02-03,Plumas,063,18699,0,0,0,0,0
2020-02-03,Riverside,065,2383286,4,0,0,0,0
2020-02-03,Sacramento,067,1510023,0,0,0,0,0
2020-02-03,San Benito,069,59416,0,2,0,2,0
2020-02-03,San Bernardino,071,2135413,3,0,0,0,0
2020-02-03,San Diego,073,3302833,0,0,0,0,0
2020-02-03,San Francisco,075,870044,1,0,0,0,0
2020-02-03,San Joaquin,077,732212,0,0,1,1,0
2020-02-03,San Luis Obispo,079,281455,0,0,0,0,0
2020-02-03,San Mateo,081,765935,0,0,0,0,0
2020-02-03,Santa Barbara,083,443738,0,0,0,0,0
2020-02-03,Santa Clara,085,1922200,2,2,0,2,0
2020-02-03,Santa Cruz,087,273765,0,0,0,0,0
2020-02-03,Shasta,089,179085,0,0,0,0,0
2020-02-03,Sierra,091,2930,0,0,0,0,0
2020-02-03,Siskiyou,093,43540,0,0,0,0,0
2020-02-03,Solano,095,438530,0,0,0,0,0
2020-02-03,Sonoma,097,501317,0,0,0,0,0
2020-02-03,Stanislaus,099,539301,0,0,0,0,0
2020-02-03,Sutter,101,95872,0,0,0,0,0
2020-02-03,Tehama,103,63373,0,0,0,0,0
2020-02-03,Trinity,105,12862,0,0,0,0,0
2020-02-03,Tulare,107,460477,2,0,0,0,0
2020-02-03,Tuolumne,109,53932,0,0,0,0,0
2020-02-03,Ventura,111,848112,0,0,0,0,0
2020-02-03,Yolo,113,214977,1,0,0,0,0
2020-02-03,Yuba,115,75493,0,0,0,0,0
2020-02-02,Alameda,001,1643700,3,0,0,0,0
2020-02-02,Alpine,003,1148,0,0,0,0,0
2020-02-02,Amador,005,37829,0,0,0,0,0
2020-02-02,Butte,007,227075,0,0,0,0,0
2020-02-02,Calaveras,009,45235,0,0,0,0,0
2020-02-02,Colusa,011,21464,0,0,0,0,0
2020-02-02,Contra Costa,013,1133247,1,0,0,0,0
2020-02-02,Del Norte,015,27424,0,0,0,0,0
2020-02-02,El Dorado,017,186661,0,0,0,0,0
2020-02-02,Fresno,019,978130,0,0,0,0,0
2020-02-02,Glenn,021,27897,0,0,0,0,0
2020-02-02,Humboldt,023,135768,0,0,0,0,0
2020-02-02,Imperial,025,180216,1,0,0,0,0
2020-02-02,Inyo,027,18085,0,0,0,0,0
2020-02-02,Kern,029,883053,0,0,0,0,0
2020-02-02,Kings,031,150075,0,0,0,0,0
2020-02-02,Lake,033,64148,0,0,0,0,0
2020-02-02,Lassen,035,31185,0,0,0,0,0
2020-02-02,Los Angeles,037,10098052,13,1,0,1,0
2020-02-02,Madera,039,155013,0,0,0,0,0
2020-02-02,Marin,041,260295,0,0,0,0,0
2020-02-02,Mariposa,043,17540,0,0,0,0,0
2020-02-02,Mendocino,045,87422,0,0,0,0,0
2020-02-02,Merced,047,269075,0,0,0,0,0
2020-02-02,Modoc,049,8938,0,0,0,0,0
2020-02-02,Mono,051,14174,0,0,0,0,0
2020-02-02,Monterey,053,433212,0,0,0,0,0
2020-02-02,Napa,055,140530,0,0,0,0,0
2020-02-02,Nevada,057,99092,0,0,0,0,0
2020-02-02,Orange,059,3164182,3,1,0,1,0
2020-02-02,Placer,061,380077,0,0,0,0,0
2020-02-02,Plumas,063,18699,0,0,0,0,0
2020-02-02,Riverside,065,2383286,3,0,0,0,0
2020-02-02,Sacramento,067,1510023,0,0,0,0,0
2020-02-02,San Benito,069,59416,0,2,0,2,0
2020-02-02,San Bernardino,071,2135413,2,0,0,0,0
2020-02-02,San Diego,073,3302833,0,0,0,0,0
2020-02-02,San Francisco,075,870044,1,0,0,0,0
2020-02-02,San Joaquin,077,732212,0,0,1,1,0
2020-02-02,San Luis Obispo,079,281455,0,0,0,0,0
2020-02-02,San Mateo,081,765935,0,0,0,0,0
2020-02-02,Santa Barbara,083,443738,0,0,0,0,0
2020-02-02,Santa Clara,085,1922200,2,2,0,2,0
2020-02-02,Santa Cruz,087,273765,0,0,0,0,0
2020-02-02,Shasta,089,179085,0,0,0,0,0
2020-02-02,Sierra,091,2930,0,0,0,0,0
2020-02-02,Siskiyou,093,43540,0,0,0,0,0
2020-02-02,Solano,095,438530,0,0,0,0,0
2020-02-02,Sonoma,097,501317,0,0,0,0,0
2020-02-02,Stanislaus,099,539301,0,0,0,0,0
2020-02-02,Sutter,101,95872,0,0,0,0,0
2020-02-02,Tehama,103,63373,0,0,0,0,0
2020-02-02,Trinity,105,12862,0,0,0,0,0
2020-02-02,Tulare,107,460477,2,0,0,0,0
2020-02-02,Tuolumne,109,53932,0,0,0,0,0
2020-02-02,Ventura,111,848112,0,0,0,0,0
2020-02-02,Yolo,113,214977,1,0,0,0,0
2020-02-02,Yuba,115,75493,0,0,0,0,0
2020-02-01,Alameda,001,1643700,3,0,0,0,0
2020-02-01,Alpine,003,1148,0,0,0,0,0
2020-02-01,Amador,005,37829,0,0,0,0,0
2020-02-01,Butte,007,227075,0,0,0,0,0
2020-02-01,Calaveras,009,45235,0,0,0,0,0
2020-02-01,Colusa,011,21464,0,0,0,0,0
2020-02-01,Contra Costa,013,1133247,0,0,0,0,0
2020-02-01,Del Norte,015,27424,0,0,0,0,0
2020-02-01,El Dorado,017,186661,0,0,0,0,0
2020-02-01,Fresno,019,978130,0,0,0,0,0
2020-02-01,Glenn,021,27897,0,0,0,0,0
2020-02-01,Humboldt,023,135768,0,0,0,0,0
2020-02-01,Imperial,025,180216,0,0,0,0,0
2020-02-01,Inyo,027,18085,0,0,0,0,0
2020-02-01,Kern,029,883053,0,0,0,0,0
2020-02-01,Kings,031,150075,0,0,0,0,0
2020-02-01,Lake,033,64148,0,0,0,0,0
2020-02-01,Lassen,035,31185,0,0,0,0,0
2020-02-01,Los Angeles,037,10098052,12,1,0,1,0
2020-02-01,Madera,039,155013,0,0,0,0,0
2020-02-01,Marin,041,260295,0,0,0,0,0
2020-02-01,Mariposa,043,17540,0,0,0,0,0
2020-02-01,Mendocino,045,87422,0,0,0,0,0
2020-02-01,Merced,047,269075,0,0,0,0,0
2020-02-01,Modoc,049,8938,0,0,0,0,0
2020-02-01,Mono,051,14174,0,0,0,0,0
2020-02-01,Monterey,053,433212,0,0,0,0,0
2020-02-01,Napa,055,140530,0,0,0,0,0
2020-02-01,Nevada,057,99092,0,0,0,0,0
2020-02-01,Orange,059,3164182,3,1,0,1,0
2020-02-01,Placer,061,380077,0,0,0,0,0
2020-02-01,Plumas,063,18699,0,0,0,0,0
2020-02-01,Riverside,065,2383286,2,0,0,0,0
2020-02-01,Sacramento,067,1510023,0,0,0,0,0
2020-02-01,San Benito,069,59416,0,0,0,0,0
2020-02-01,San Bernardino,071,2135413,1,0,0,0,0
2020-02-01,San Diego,073,3302833,0,0,0,0,0
2020-02-01,San Francisco,075,870044,1,0,0,0,0
2020-02-01,San Joaquin,077,732212,0,0,1,1,0
2020-02-01,San Luis Obispo,079,281455,0,0,0,0,0
2020-02-01,San Mateo,081,765935,0,0,0,0,0
2020-02-01,Santa Barbara,083,443738,0,0,0,0,0
2020-02-01,Santa Clara,085,1922200,2,1,0,1,0
2020-02-01,Santa Cruz,087,273765,0,0,0,0,0
2020-02-01,Shasta,089,179085,0,0,0,0,0
2020-02-01,Sierra,091,2930,0,0,0,0,0
2020-02-01,Siskiyou,093,43540,0,0,0,0,0
2020-02-01,Solano,095,438530,0,0,0,0,0
2020-02-01,Sonoma,097,501317,0,0,0,0,0
2020-02-01,Stanislaus,099,539301,0,0,0,0,0
2020-02-01,Sutter,101,95872,0,0,0,0,0
2020-02-01,Tehama,103,63373,0,0,0,0,0
2020-02-01,Trinity,105,12862,0,0,0,0,0
2020-02-01,Tulare,107,460477,1,0,0,0,0
2020-02-01,Tuolumne,109,53932,0,0,0,0,0
2020-02-01,Ventura,111,848112,0,0,0,0,0
2020-02-01,Yolo,113,214977,0,0,0,0,0
2020-02-01,Yuba,115,75493,0,0,0,0,0
