date,county,fips,population,confirmed_cases,reported_cases,probable_cases,reported_and_probable_cases,reported_deaths
2021-12-09,Alameda,001,1643700,123563,123572,3168,126740,1496
2021-12-09,Alpine,003,1148,109,109,0,109,0
2021-12-09,Amador,005,37829,5785,5787,72,5859,69
2021-12-09,Butte,007,227075,21818,21819,4010,25829,326
2021-12-09,Calaveras,009,45235,4469,4469,70,4539,89
2021-12-09,Colusa,011,21464,2618,2619,695,3314,21
2021-12-09,Contra Costa,013,1133247,102618,102618,2456,105074,1061
2021-12-09,Del Norte,015,27424,3778,3778,53,3831,42
2021-12-09,El Dorado,017,186661,16796,16796,1840,18636,170
2021-12-09,Fresno,019,978130,145988,145988,12812,158800,2294
2021-12-09,Glenn,021,27897,3585,3585,1037,4622,37
2021-12-09,Humboldt,023,135768,9719,9721,734,10455,118
2021-12-09,Imperial,025,180216,35634,35635,3827,39462,782
2021-12-09,Inyo,027,18085,2576,2576,35,2611,46
2021-12-09,Kern,029,883053,132849,132852,24469,157321,1854
2021-12-09,Kings,031,150075,33528,33530,2198,35728,371
2021-12-09,Lake,033,64148,6932,6932,158,7090,114
2021-12-09,Lassen,035,31185,7049,7049,442,7491,55
2021-12-09,Los Angeles,037,10098052,1473865,1474030,59282,1533312,27031
2021-12-09,Madera,039,155013,24414,24417,2249,26666,311
2021-12-09,Marin,041,260295,18335,18339,556,18895,249
2021-12-09,Mariposa,043,17540,1450,1450,54,1504,6
2021-12-09,Mendocino,045,87422,8130,8130,687,8817,95
2021-12-09,Merced,047,269075,43688,43690,2035,45725,681
2021-12-09,Modoc,049,8938,594,594,203,797,6
2021-12-09,Mono,051,14174,1926,1926,20,1946,4
2021-12-09,Monterey,053,433212,49008,49008,4319,53327,631
2021-12-09,Napa,055,140530,13458,13459,123,13582,107
2021-12-09,Nevada,057,99092,9875,9880,358,10238,106
2021-12-09,Orange,059,3164182,315757,315759,16531,332290,5805
2021-12-09,Placer,061,380077,38958,38959,4043,43002,481
2021-12-09,Plumas,063,18699,1934,1934,56,1990,12
2021-12-09,Riverside,065,2383286,375600,375649,17544,393193,5408
2021-12-09,Sacramento,067,1510023,165528,165530,5307,170837,2386
2021-12-09,San Benito,069,59416,7806,7808,196,8004,79
2021-12-09,San Bernardino,071,2135413,368104,368145,12229,380374,6007
2021-12-09,San Diego,073,3302833,392274,392274,22732,415006,4374
2021-12-09,San Francisco,075,870044,54861,54869,2901,57770,678
2021-12-09,San Joaquin,077,732212,103007,103013,5863,108876,1842
2021-12-09,San Luis Obispo,079,281455,30554,30567,1373,31940,362
2021-12-09,San Mateo,081,765935,55279,55284,1908,57192,580
2021-12-09,Santa Barbara,083,443738,46301,46309,1781,48090,559
2021-12-09,Santa Clara,085,1922200,152831,152846,1690,154536,1941
2021-12-09,Santa Cruz,087,273765,21556,21557,1127,22684,225
2021-12-09,Shasta,089,179085,22659,22660,3812,26472,419
2021-12-09,Sierra,091,2930,199,199,23,222,0
2021-12-09,Siskiyou,093,43540,3418,3418,1421,4839,57
2021-12-09,Solano,095,438530,46879,46891,1320,48211,365
2021-12-09,Sonoma,097,501317,43220,43227,584,43811,407
2021-12-09,Stanislaus,099,539301,82112,82133,9549,91682,1264
2021-12-09,Sutter,101,95872,14349,14354,417,14771,187
2021-12-09,Tehama,103,63373,8778,8776,1587,10363,134
2021-12-09,Trinity,105,12862,819,819,208,1027,17
2021-12-09,Tulare,107,460477,70524,70523,16998,87521,1103
2021-12-09,Tuolumne,109,53932,7760,7760,108,7868,91
2021-12-09,Ventura,111,848112,100710,100711,4599,105310,1195
2021-12-09,Yolo,113,214977,20607,20608,1306,21914,267
2021-12-09,Yuba,115,75493,10517,10519,402,10921,92
2021-12-08,Alameda,001,1643700,123563,123438,3168,126606,1496
2021-12-08,Alpine,003,1148,109,108,0,108,0
2021-12-08,Amador,005,37829,5785,5781,72,5853,69
2021-12-08,Butte,007,227075,21818,21780,4010,25790,326
2021-12-08,Calaveras,009,45235,4469,4455,70,4525,89
2021-12-08,Colusa,011,21464,2618,2619,695,3314,21
2021-12-08,Contra Costa,013,1133247,102618,102506,2456,104962,1058
2021-12-08,Del Norte,015,27424,3778,3767,53,3820,42
2021-12-08,El Dorado,017,186661,16796,16757,1840,18597,170
2021-12-08,Fresno,019,978130,145988,145830,12812,158642,2293
2021-12-08,Glenn,021,27897,3585,3584,1037,4621,37
2021-12-08,Humboldt,023,135768,9719,9704,734,10438,117
2021-12-08,Imperial,025,180216,35634,35537,3827,39364,782
2021-12-08,Inyo,027,18085,2576,2570,35,2605,46
2021-12-08,Kern,029,883053,132849,132709,24469,157178,1846
2021-12-08,Kings,031,150075,33528,33468,2198,35666,371
2021-12-08,Lake,033,64148,6932,6927,158,7085,114
2021-12-08,Lassen,035,31185,7049,7041,442,7483,55
2021-12-08,Los Angeles,037,10098052,1473865,1472410,59282,1531692,27018
2021-12-08,Madera,039,155013,24414,24396,2249,26645,311
2021-12-08,Marin,041,260295,18335,18305,556,18861,249
2021-12-08,Mariposa,043,17540,1450,1447,54,1501,6
2021-12-08,Mendocino,045,87422,8130,8118,687,8805,95
2021-12-08,Merced,047,269075,43688,43631,2035,45666,680
2021-12-08,Modoc,049,8938,594,594,203,797,6
2021-12-08,Mono,051,14174,1926,1924,20,1944,4
2021-12-08,Monterey,053,433212,49008,48957,4319,53276,631
2021-12-08,Napa,055,140530,13458,13421,123,13544,107
2021-12-08,Nevada,057,99092,9875,9862,358,10220,106
2021-12-08,Orange,059,3164182,315757,315421,16531,331952,5795
2021-12-08,Placer,061,380077,38958,38934,4043,42977,478
2021-12-08,Plumas,063,18699,1934,1924,56,1980,12
2021-12-08,Riverside,065,2383286,375600,375099,17544,392643,5404
2021-12-08,Sacramento,067,1510023,165528,165278,5307,170585,2373
2021-12-08,San Benito,069,59416,7806,7793,196,7989,79
2021-12-08,San Bernardino,071,2135413,368104,367516,12229,379745,6006
2021-12-08,San Diego,073,3302833,392274,391676,22732,414408,4369
2021-12-08,San Francisco,075,870044,54861,54792,2901,57693,677
2021-12-08,San Joaquin,077,732212,103007,102877,5863,108740,1841
2021-12-08,San Luis Obispo,079,281455,30554,30519,1373,31892,361
2021-12-08,San Mateo,081,765935,55279,55220,1908,57128,580
2021-12-08,Santa Barbara,083,443738,46301,46250,1781,48031,558
2021-12-08,Santa Clara,085,1922200,152831,152674,1690,154364,1937
2021-12-08,Santa Cruz,087,273765,21556,21505,1127,22632,224
2021-12-08,Shasta,089,179085,22659,22616,3812,26428,419
2021-12-08,Sierra,091,2930,199,199,23,222,0
2021-12-08,Siskiyou,093,43540,3418,3415,1421,4836,57
2021-12-08,Solano,095,438530,46879,46837,1320,48157,365
2021-12-08,Sonoma,097,501317,43220,43179,584,43763,405
2021-12-08,Stanislaus,099,539301,82112,82038,9549,91587,1264
2021-12-08,Sutter,101,95872,14349,14336,417,14753,187
2021-12-08,Tehama,103,63373,8778,8768,1587,10355,133
2021-12-08,Trinity,105,12862,819,818,208,1026,17
2021-12-08,Tulare,107,460477,70524,70472,16998,87470,1102
2021-12-08,Tuolumne,109,53932,7760,7749,108,7857,91
2021-12-08,Ventura,111,848112,100710,100647,4599,105246,1194
2021-12-08,Yolo,113,214977,20607,20575,1306,21881,267
2021-12-08,Yuba,115,75493,10517,10499,402,10901,92
2021-12-07,Alameda,001,1643700,123554,123325,3168,126493,1497
2021-12-07,Alpine,003,1148,109,108,0,108,0
2021-12-07,Amador,005,37829,5782,5778,72,5850,69
2021-12-07,Butte,007,227075,21812,21761,4010,25771,324
2021-12-07,Calaveras,009,45235,4466,4445,70,4515,88
2021-12-07,Colusa,011,21464,2618,2619,695,3314,21
2021-12-07,Contra Costa,013,1133247,102605,102421,2456,104877,1058
2021-12-07,Del Norte,015,27424,3778,3766,53,3819,42
2021-12-07,El Dorado,017,186661,16793,16742,1840,18582,170
2021-12-07,Fresno,019,978130,145975,145715,12812,158527,2289
2021-12-07,Glenn,021,27897,3585,3579,1037,4616,36
2021-12-07,Humboldt,023,135768,9718,9693,734,10427,117
2021-12-07,Imperial,025,180216,35623,35502,3827,39329,778
2021-12-07,Inyo,027,18085,2572,2567,35,2602,46
2021-12-07,Kern,029,883053,132837,132564,24469,157033,1838
2021-12-07,Kings,031,150075,33523,33441,2198,35639,372
2021-12-07,Lake,033,64148,6931,6925,158,7083,113
2021-12-07,Lassen,035,31185,7049,7040,442,7482,55
2021-12-07,Los Angeles,037,10098052,1473810,1470904,59282,1530186,27007
2021-12-07,Madera,039,155013,24411,24367,2249,26616,311
2021-12-07,Marin,041,260295,18333,18284,556,18840,249
2021-12-07,Mariposa,043,17540,1449,1446,54,1500,6
2021-12-07,Mendocino,045,87422,8127,8107,687,8794,95
2021-12-07,Merced,047,269075,43685,43600,2035,45635,675
2021-12-07,Modoc,049,8938,594,594,203,797,6
2021-12-07,Mono,051,14174,1925,1921,20,1941,4
2021-12-07,Monterey,053,433212,49000,48880,4319,53199,631
2021-12-07,Napa,055,140530,13442,13409,123,13532,107
2021-12-07,Nevada,057,99092,9875,9858,358,10216,105
2021-12-07,Orange,059,3164182,315707,315138,16531,331669,5784
2021-12-07,Placer,061,380077,38951,38860,4043,42903,474
2021-12-07,Plumas,063,18699,1934,1915,56,1971,12
2021-12-07,Riverside,065,2383286,375570,374552,17544,392096,5397
2021-12-07,Sacramento,067,1510023,165519,165148,5307,170455,2375
2021-12-07,San Benito,069,59416,7800,7776,196,7972,78
2021-12-07,San Bernardino,071,2135413,368055,366981,12229,379210,6007
2021-12-07,San Diego,073,3302833,392228,391110,22732,413842,4357
2021-12-07,San Francisco,075,870044,54853,54729,2901,57630,676
2021-12-07,San Joaquin,077,732212,102995,102797,5863,108660,1839
2021-12-07,San Luis Obispo,079,281455,30550,30495,1373,31868,361
2021-12-07,San Mateo,081,765935,55273,55163,1908,57071,580
2021-12-07,Santa Barbara,083,443738,46288,46205,1781,47986,556
2021-12-07,Santa Clara,085,1922200,152810,152465,1690,154155,1941
2021-12-07,Santa Cruz,087,273765,21552,21493,1127,22620,224
2021-12-07,Shasta,089,179085,22658,22594,3812,26406,418
2021-12-07,Sierra,091,2930,199,199,23,222,0
2021-12-07,Siskiyou,093,43540,3417,3412,1421,4833,57
2021-12-07,Solano,095,438530,46877,46812,1320,48132,365
2021-12-07,Sonoma,097,501317,43217,43154,584,43738,405
2021-12-07,Stanislaus,099,539301,82102,81980,9549,91529,1258
2021-12-07,Sutter,101,95872,14342,14322,417,14739,186
2021-12-07,Tehama,103,63373,8775,8765,1587,10352,133
2021-12-07,Trinity,105,12862,819,818,208,1026,17
2021-12-07,Tulare,107,460477,70509,70411,16998,87409,1103
2021-12-07,Tuolumne,109,53932,7757,7743,108,7851,91
2021-12-07,Ventura,111,848112,100695,100569,4599,105168,1194
2021-12-07,Yolo,113,214977,20605,20560,1306,21866,263
2021-12-07,Yuba,115,75493,10511,10491,402,10893,91
2021-12-06,Alameda,001,1643700,123499,123227,3168,126395,1496
2021-12-06,Alpine,003,1148,109,108,0,108,0
2021-12-06,Amador,005,37829,5776,5769,72,5841,67
2021-12-06,Butte,007,227075,21796,21732,4010,25742,321
2021-12-06,Calaveras,009,45235,4460,4443,70,4513,88
2021-12-06,Colusa,011,21464,2618,2615,693,3308,21
2021-12-06,Contra Costa,013,1133247,102558,102327,2456,104783,1058
2021-12-06,Del Norte,015,27424,3777,3744,53,3797,42
2021-12-06,El Dorado,017,186661,16775,16726,1840,18566,168
2021-12-06,Fresno,019,978130,145904,145539,12812,158351,2285
2021-12-06,Glenn,021,27897,3583,3577,1035,4612,36
2021-12-06,Humboldt,023,135768,9707,9671,734,10405,117
2021-12-06,Imperial,025,180216,35588,35453,3827,39280,778
2021-12-06,Inyo,027,18085,2567,2562,35,2597,46
2021-12-06,Kern,029,883053,132773,132366,24466,156832,1835
2021-12-06,Kings,031,150075,33518,33399,2198,35597,368
2021-12-06,Lake,033,64148,6931,6922,158,7080,113
2021-12-06,Lassen,035,31185,7045,7032,442,7474,51
2021-12-06,Los Angeles,037,10098052,1472970,1470059,59266,1529325,26993
2021-12-06,Madera,039,155013,24404,24334,2249,26583,307
2021-12-06,Marin,041,260295,18312,18252,548,18800,249
2021-12-06,Mariposa,043,17540,1448,1443,54,1497,6
2021-12-06,Mendocino,045,87422,8123,8079,687,8766,95
2021-12-06,Merced,047,269075,43666,43549,2034,45583,672
2021-12-06,Modoc,049,8938,594,593,203,796,6
2021-12-06,Mono,051,14174,1924,1913,20,1933,4
2021-12-06,Monterey,053,433212,48966,48831,4314,53145,626
2021-12-06,Napa,055,140530,13426,13387,123,13510,107
2021-12-06,Nevada,057,99092,9872,9847,358,10205,105
2021-12-06,Orange,059,3164182,315558,314859,16531,331390,5771
2021-12-06,Placer,061,380077,38924,38785,4043,42828,473
2021-12-06,Plumas,063,18699,1927,1913,56,1969,10
2021-12-06,Riverside,065,2383286,375303,374116,17537,391653,5388
2021-12-06,Sacramento,067,1510023,165433,164926,5307,170233,2367
2021-12-06,San Benito,069,59416,7795,7755,196,7951,78
2021-12-06,San Bernardino,071,2135413,367745,366606,12228,378834,5998
2021-12-06,San Diego,073,3302833,391976,390389,22714,413103,4352
2021-12-06,San Francisco,075,870044,54806,54659,2901,57560,674
2021-12-06,San Joaquin,077,732212,102936,102728,5861,108589,1837
2021-12-06,San Luis Obispo,079,281455,30541,30464,1372,31836,361
2021-12-06,San Mateo,081,765935,55240,55112,1908,57020,580
2021-12-06,Santa Barbara,083,443738,46252,46146,1781,47927,556
2021-12-06,Santa Clara,085,1922200,152713,152310,1690,154000,1937
2021-12-06,Santa Cruz,087,273765,21539,21450,1127,22577,224
2021-12-06,Shasta,089,179085,22646,22556,3811,26367,416
2021-12-06,Sierra,091,2930,199,198,23,221,0
2021-12-06,Siskiyou,093,43540,3415,3409,1417,4826,57
2021-12-06,Solano,095,438530,46862,46748,1320,48068,360
2021-12-06,Sonoma,097,501317,43201,43114,584,43698,405
2021-12-06,Stanislaus,099,539301,82078,81889,9545,91434,1241
2021-12-06,Sutter,101,95872,14335,14319,417,14736,186
2021-12-06,Tehama,103,63373,8772,8760,1587,10347,133
2021-12-06,Trinity,105,12862,819,815,208,1023,17
2021-12-06,Tulare,107,460477,70478,70285,16990,87275,1101
2021-12-06,Tuolumne,109,53932,7752,7726,108,7834,91
2021-12-06,Ventura,111,848112,100665,100426,4599,105025,1194
2021-12-06,Yolo,113,214977,20586,20548,1306,21854,263
2021-12-06,Yuba,115,75493,10503,10480,399,10879,91
2021-12-05,Alameda,001,1643700,123349,123104,3156,126260,1496
2021-12-05,Alpine,003,1148,108,108,0,108,0
2021-12-05,Amador,005,37829,5773,5761,72,5833,67
2021-12-05,Butte,007,227075,21762,21720,4005,25725,320
2021-12-05,Calaveras,009,45235,4447,4434,68,4502,88
2021-12-05,Colusa,011,21464,2617,2615,691,3306,21
2021-12-05,Contra Costa,013,1133247,102465,102251,2455,104706,1058
2021-12-05,Del Norte,015,27424,3771,3751,53,3804,42
2021-12-05,El Dorado,017,186661,16746,16717,1836,18553,168
2021-12-05,Fresno,019,978130,145763,145452,12796,158248,2284
2021-12-05,Glenn,021,27897,3581,3577,1033,4610,36
2021-12-05,Humboldt,023,135768,9696,9662,727,10389,117
2021-12-05,Imperial,025,180216,35543,35422,3817,39239,778
2021-12-05,Inyo,027,18085,2564,2559,35,2594,46
2021-12-05,Kern,029,883053,132665,132286,24446,156732,1833
2021-12-05,Kings,031,150075,33466,33360,2195,35555,369
2021-12-05,Lake,033,64148,6925,6919,158,7077,113
2021-12-05,Lassen,035,31185,7043,7031,441,7472,51
2021-12-05,Los Angeles,037,10098052,1471353,1468937,59203,1528140,26991
2021-12-05,Madera,039,155013,24371,24311,2244,26555,307
2021-12-05,Marin,041,260295,18291,18216,539,18755,249
2021-12-05,Mariposa,043,17540,1447,1440,53,1493,6
2021-12-05,Mendocino,045,87422,8116,8069,679,8748,95
2021-12-05,Merced,047,269075,43617,43534,2031,45565,672
2021-12-05,Modoc,049,8938,594,593,203,796,6
2021-12-05,Mono,051,14174,1920,1907,20,1927,4
2021-12-05,Monterey,053,433212,48918,48813,4286,53099,626
2021-12-05,Napa,055,140530,13409,13382,120,13502,107
2021-12-05,Nevada,057,99092,9859,9827,358,10185,105
2021-12-05,Orange,059,3164182,315257,314560,16509,331069,5771
2021-12-05,Placer,061,380077,38878,38738,4038,42776,473
2021-12-05,Plumas,063,18699,1919,1913,55,1968,9
2021-12-05,Riverside,065,2383286,374797,373827,17510,391337,5388
2021-12-05,Sacramento,067,1510023,165220,164721,5256,169977,2367
2021-12-05,San Benito,069,59416,7779,7748,195,7943,78
2021-12-05,San Bernardino,071,2135413,367172,366282,12205,378487,5998
2021-12-05,San Diego,073,3302833,391390,387979,22657,410636,4351
2021-12-05,San Francisco,075,870044,54740,54603,2899,57502,674
2021-12-05,San Joaquin,077,732212,102816,102698,5851,108549,1837
2021-12-05,San Luis Obispo,079,281455,30487,30454,1370,31824,360
2021-12-05,San Mateo,081,765935,55172,55050,1900,56950,580
2021-12-05,Santa Barbara,083,443738,46195,46097,1772,47869,555
2021-12-05,Santa Clara,085,1922200,152473,152114,1674,153788,1933
2021-12-05,Santa Cruz,087,273765,21497,21424,1126,22550,224
2021-12-05,Shasta,089,179085,22604,22550,3809,26359,416
2021-12-05,Sierra,091,2930,199,198,23,221,0
2021-12-05,Siskiyou,093,43540,3414,3409,1414,4823,57
2021-12-05,Solano,095,438530,46812,46715,1316,48031,360
2021-12-05,Sonoma,097,501317,43143,43038,581,43619,405
2021-12-05,Stanislaus,099,539301,81980,81847,9525,91372,1241
2021-12-05,Sutter,101,95872,14321,14303,414,14717,186
2021-12-05,Tehama,103,63373,8768,8755,1585,10340,133
2021-12-05,Trinity,105,12862,819,815,208,1023,17
2021-12-05,Tulare,107,460477,70428,70254,16941,87195,1102
2021-12-05,Tuolumne,109,53932,7744,7718,108,7826,91
2021-12-05,Ventura,111,848112,100582,100367,4587,104954,1194
2021-12-05,Yolo,113,214977,20556,20512,1304,21816,263
2021-12-05,Yuba,115,75493,10490,10467,391,10858,91
2021-12-04,Alameda,001,1643700,123294,122508,3155,125663,1494
2021-12-04,Alpine,003,1148,108,108,0,108,0
2021-12-04,Amador,005,37829,5772,5729,72,5801,67
2021-12-04,Butte,007,227075,21752,21638,4002,25640,318
2021-12-04,Calaveras,009,45235,4445,4392,67,4459,88
2021-12-04,Colusa,011,21464,2617,2600,691,3291,21
2021-12-04,Contra Costa,013,1133247,102413,101824,2450,104274,1056
2021-12-04,Del Norte,015,27424,3771,3726,53,3779,42
2021-12-04,El Dorado,017,186661,16741,16621,1835,18456,168
2021-12-04,Fresno,019,978130,145705,144734,12794,157528,2270
2021-12-04,Glenn,021,27897,3581,3559,1033,4592,36
2021-12-04,Humboldt,023,135768,9692,9596,724,10320,117
2021-12-04,Imperial,025,180216,35508,35206,3816,39022,776
2021-12-04,Inyo,027,18085,2562,2538,35,2573,46
2021-12-04,Kern,029,883053,132603,131771,24440,156211,1817
2021-12-04,Kings,031,150075,33449,33183,2194,35377,367
2021-12-04,Lake,033,64148,6925,6903,158,7061,113
2021-12-04,Lassen,035,31185,7041,7014,441,7455,51
2021-12-04,Los Angeles,037,10098052,1470743,1463270,59145,1522415,26952
2021-12-04,Madera,039,155013,24359,24188,2241,26429,307
2021-12-04,Marin,041,260295,18281,18075,537,18612,249
2021-12-04,Mariposa,043,17540,1444,1421,53,1474,6
2021-12-04,Mendocino,045,87422,8109,7981,679,8660,91
2021-12-04,Merced,047,269075,43598,43337,2030,45367,671
2021-12-04,Modoc,049,8938,594,591,203,794,6
2021-12-04,Mono,051,14174,1920,1883,20,1903,4
2021-12-04,Monterey,053,433212,48901,48682,4281,52963,626
2021-12-04,Napa,055,140530,13405,13327,120,13447,106
2021-12-04,Nevada,057,99092,9856,9752,358,10110,105
2021-12-04,Orange,059,3164182,315100,313112,16485,329597,5748
2021-12-04,Placer,061,380077,38857,38460,4037,42497,473
2021-12-04,Plumas,063,18699,1919,1903,55,1958,7
2021-12-04,Riverside,065,2383286,374544,371768,17508,389276,5381
2021-12-04,Sacramento,067,1510023,165121,163900,5246,169146,2365
2021-12-04,San Benito,069,59416,7754,7688,195,7883,78
2021-12-04,San Bernardino,071,2135413,367002,364154,12197,376351,5983
2021-12-04,San Diego,073,3302833,391065,386710,22632,409342,4350
2021-12-04,San Francisco,075,870044,54700,54286,2895,57181,674
2021-12-04,San Joaquin,077,732212,102789,102286,5849,108135,1835
2021-12-04,San Luis Obispo,079,281455,30473,30318,1365,31683,360
2021-12-04,San Mateo,081,765935,55146,54774,1895,56669,579
2021-12-04,Santa Barbara,083,443738,46164,45774,1772,47546,555
2021-12-04,Santa Clara,085,1922200,152390,151275,1664,152939,1928
2021-12-04,Santa Cruz,087,273765,21487,21286,1125,22411,224
2021-12-04,Shasta,089,179085,22593,22418,3806,26224,414
2021-12-04,Sierra,091,2930,199,196,23,219,0
2021-12-04,Siskiyou,093,43540,3413,3398,1413,4811,57
2021-12-04,Solano,095,438530,46806,46529,1315,47844,360
2021-12-04,Sonoma,097,501317,43116,42778,579,43357,405
2021-12-04,Stanislaus,099,539301,81947,81462,9519,90981,1231
2021-12-04,Sutter,101,95872,14317,14258,414,14672,186
2021-12-04,Tehama,103,63373,8767,8742,1585,10327,131
2021-12-04,Trinity,105,12862,819,801,208,1009,17
2021-12-04,Tulare,107,460477,70394,70014,16928,86942,1100
2021-12-04,Tuolumne,109,53932,7740,7676,108,7784,91
2021-12-04,Ventura,111,848112,100525,99751,4579,104330,1192
2021-12-04,Yolo,113,214977,20542,20442,1302,21744,261
2021-12-04,Yuba,115,75493,10487,10418,391,10809,91
2021-12-03,Alameda,001,1643700,123241,122508,3149,125657,1494
2021-12-03,Alpine,003,1148,108,108,0,108,0
2021-12-03,Amador,005,37829,5768,5729,72,5801,67
2021-12-03,Butte,007,227075,21743,21638,4000,25638,318
2021-12-03,Calaveras,009,45235,4442,4392,67,4459,88
2021-12-03,Colusa,011,21464,2616,2600,691,3291,21
2021-12-03,Contra Costa,013,1133247,102362,101824,2445,104269,1056
2021-12-03,Del Norte,015,27424,3771,3726,53,3779,42
2021-12-03,El Dorado,017,186661,16733,16621,1833,18454,168
2021-12-03,Fresno,019,978130,145616,144734,12792,157526,2270
2021-12-03,Glenn,021,27897,3579,3559,1033,4592,36
2021-12-03,Humboldt,023,135768,9681,9596,724,10320,117
2021-12-03,Imperial,025,180216,35486,35206,3807,39013,776
2021-12-03,Inyo,027,18085,2557,2538,35,2573,46
2021-12-03,Kern,029,883053,132549,131771,24420,156191,1817
2021-12-03,Kings,031,150075,33428,33183,2194,35377,367
2021-12-03,Lake,033,64148,6925,6903,158,7061,113
2021-12-03,Lassen,035,31185,7040,7014,440,7454,51
2021-12-03,Los Angeles,037,10098052,1469931,1463270,59099,1522369,26952
2021-12-03,Madera,039,155013,24345,24188,2236,26424,307
2021-12-03,Marin,041,260295,18259,18075,535,18610,249
2021-12-03,Mariposa,043,17540,1444,1421,53,1474,6
2021-12-03,Mendocino,045,87422,8105,7981,678,8659,91
2021-12-03,Merced,047,269075,43588,43337,2029,45366,671
2021-12-03,Modoc,049,8938,594,591,203,794,6
2021-12-03,Mono,051,14174,1914,1883,20,1903,4
2021-12-03,Monterey,053,433212,48880,48682,4274,52956,626
2021-12-03,Napa,055,140530,13402,13327,120,13447,106
2021-12-03,Nevada,057,99092,9849,9752,358,10110,105
2021-12-03,Orange,059,3164182,314905,313112,16463,329575,5748
2021-12-03,Placer,061,380077,38833,38460,4030,42490,473
2021-12-03,Plumas,063,18699,1919,1903,55,1958,7
2021-12-03,Riverside,065,2383286,374256,371768,17505,389273,5381
2021-12-03,Sacramento,067,1510023,164972,163900,5232,169132,2365
2021-12-03,San Benito,069,59416,7747,7688,195,7883,78
2021-12-03,San Bernardino,071,2135413,366739,364154,12191,376345,5983
2021-12-03,San Diego,073,3302833,390682,386710,22613,409323,4350
2021-12-03,San Francisco,075,870044,54660,54286,2892,57178,674
2021-12-03,San Joaquin,077,732212,102769,102286,5848,108134,1835
2021-12-03,San Luis Obispo,079,281455,30455,30318,1364,31682,360
2021-12-03,San Mateo,081,765935,55100,54774,1893,56667,579
2021-12-03,Santa Barbara,083,443738,46132,45774,1772,47546,555
2021-12-03,Santa Clara,085,1922200,152280,151275,1654,152929,1928
2021-12-03,Santa Cruz,087,273765,21471,21286,1123,22409,224
2021-12-03,Shasta,089,179085,22582,22418,3806,26224,414
2021-12-03,Sierra,091,2930,199,196,23,219,0
2021-12-03,Siskiyou,093,43540,3411,3398,1412,4810,57
2021-12-03,Solano,095,438530,46777,46529,1314,47843,360
2021-12-03,Sonoma,097,501317,43098,42778,578,43356,405
2021-12-03,Stanislaus,099,539301,81918,81462,9512,90974,1231
2021-12-03,Sutter,101,95872,14307,14258,410,14668,186
2021-12-03,Tehama,103,63373,8767,8742,1585,10327,131
2021-12-03,Trinity,105,12862,819,801,208,1009,17
2021-12-03,Tulare,107,460477,70371,70014,16904,86918,1100
2021-12-03,Tuolumne,109,53932,7734,7676,108,7784,91
2021-12-03,Ventura,111,848112,100447,99751,4577,104328,1192
2021-12-03,Yolo,113,214977,20531,20442,1301,21743,261
2021-12-03,Yuba,115,75493,10481,10418,391,10809,91
2021-12-02,Alameda,001,1643700,123123,122508,3142,125650,1494
2021-12-02,Alpine,003,1148,108,108,0,108,0
2021-12-02,Amador,005,37829,5764,5729,71,5800,67
2021-12-02,Butte,007,227075,21731,21638,3999,25637,318
2021-12-02,Calaveras,009,45235,4434,4392,66,4458,88
2021-12-02,Colusa,011,21464,2615,2600,691,3291,21
2021-12-02,Contra Costa,013,1133247,102263,101824,2438,104262,1056
2021-12-02,Del Norte,015,27424,3765,3726,53,3779,42
2021-12-02,El Dorado,017,186661,16713,16621,1831,18452,168
2021-12-02,Fresno,019,978130,145460,144734,12787,157521,2270
2021-12-02,Glenn,021,27897,3579,3559,1032,4591,36
2021-12-02,Humboldt,023,135768,9668,9596,723,10319,117
2021-12-02,Imperial,025,180216,35434,35206,3794,39000,776
2021-12-02,Inyo,027,18085,2555,2538,35,2573,46
2021-12-02,Kern,029,883053,132398,131771,24401,156172,1817
2021-12-02,Kings,031,150075,33387,33183,2191,35374,367
2021-12-02,Lake,033,64148,6923,6903,158,7061,113
2021-12-02,Lassen,035,31185,7036,7014,440,7454,51
2021-12-02,Los Angeles,037,10098052,1468568,1463270,59028,1522298,26952
2021-12-02,Madera,039,155013,24315,24188,2226,26414,307
2021-12-02,Marin,041,260295,18238,18075,531,18606,249
2021-12-02,Mariposa,043,17540,1441,1421,53,1474,6
2021-12-02,Mendocino,045,87422,8093,7981,674,8655,91
2021-12-02,Merced,047,269075,43547,43337,2023,45360,671
2021-12-02,Modoc,049,8938,594,591,203,794,6
2021-12-02,Mono,051,14174,1900,1883,20,1903,4
2021-12-02,Monterey,053,433212,48827,48682,4241,52923,626
2021-12-02,Napa,055,140530,13393,13327,119,13446,106
2021-12-02,Nevada,057,99092,9831,9752,357,10109,105
2021-12-02,Orange,059,3164182,314625,313112,16431,329543,5748
2021-12-02,Placer,061,380077,38789,38460,4023,42483,473
2021-12-02,Plumas,063,18699,1919,1903,55,1958,7
2021-12-02,Riverside,065,2383286,373831,371768,17500,389268,5381
2021-12-02,Sacramento,067,1510023,164765,163900,5219,169119,2365
2021-12-02,San Benito,069,59416,7728,7688,195,7883,78
2021-12-02,San Bernardino,071,2135413,366339,364154,12174,376328,5983
2021-12-02,San Diego,073,3302833,390102,386710,22566,409276,4350
2021-12-02,San Francisco,075,870044,54585,54286,2884,57170,674
2021-12-02,San Joaquin,077,732212,102685,102286,5842,108128,1835
2021-12-02,San Luis Obispo,079,281455,30422,30318,1357,31675,360
2021-12-02,San Mateo,081,765935,55045,54774,1876,56650,579
2021-12-02,Santa Barbara,083,443738,46053,45774,1768,47542,555
2021-12-02,Santa Clara,085,1922200,152105,151275,1634,152909,1928
2021-12-02,Santa Cruz,087,273765,21432,21286,1120,22406,224
2021-12-02,Shasta,089,179085,22561,22418,3804,26222,414
2021-12-02,Sierra,091,2930,199,196,23,219,0
2021-12-02,Siskiyou,093,43540,3411,3398,1407,4805,57
2021-12-02,Solano,095,438530,46741,46529,1312,47841,360
2021-12-02,Sonoma,097,501317,43041,42778,578,43356,405
2021-12-02,Stanislaus,099,539301,81841,81462,9504,90966,1231
2021-12-02,Sutter,101,95872,14296,14258,405,14663,186
2021-12-02,Tehama,103,63373,8762,8742,1583,10325,131
2021-12-02,Trinity,105,12862,819,801,208,1009,17
2021-12-02,Tulare,107,460477,70309,70014,16865,86879,1100
2021-12-02,Tuolumne,109,53932,7721,7676,107,7783,91
2021-12-02,Ventura,111,848112,100345,99751,4574,104325,1192
2021-12-02,Yolo,113,214977,20510,20442,1297,21739,261
2021-12-02,Yuba,115,75493,10468,10418,388,10806,91
2021-12-01,Alameda,001,1643700,123003,122298,3129,125427,1492
2021-12-01,Alpine,003,1148,108,108,0,108,0
2021-12-01,Amador,005,37829,5757,5723,71,5794,67
2021-12-01,Butte,007,227075,21711,21600,3993,25593,318
2021-12-01,Calaveras,009,45235,4429,4371,66,4437,88
2021-12-01,Colusa,011,21464,2610,2595,691,3286,20
2021-12-01,Contra Costa,013,1133247,102164,101651,2427,104078,1048
2021-12-01,Del Norte,015,27424,3763,3722,53,3775,42
2021-12-01,El Dorado,017,186661,16701,16575,1830,18405,166
2021-12-01,Fresno,019,978130,145261,144507,12777,157284,2264
2021-12-01,Glenn,021,27897,3569,3556,1031,4587,36
2021-12-01,Humboldt,023,135768,9647,9573,718,10291,117
2021-12-01,Imperial,025,180216,35379,35085,3765,38850,776
2021-12-01,Inyo,027,18085,2553,2533,35,2568,46
2021-12-01,Kern,029,883053,132266,131580,24389,155969,1804
2021-12-01,Kings,031,150075,33347,33112,2189,35301,364
2021-12-01,Lake,033,64148,6920,6896,158,7054,112
2021-12-01,Lassen,035,31185,7032,7008,439,7447,51
2021-12-01,Los Angeles,037,10098052,1467182,1461394,58944,1520338,26928
2021-12-01,Madera,039,155013,24288,24134,2217,26351,307
2021-12-01,Marin,041,260295,18206,18038,526,18564,249
2021-12-01,Mariposa,043,17540,1438,1415,53,1468,6
2021-12-01,Mendocino,045,87422,8077,7966,670,8636,90
2021-12-01,Merced,047,269075,43503,43259,2002,45261,670
2021-12-01,Modoc,049,8938,594,576,203,779,5
2021-12-01,Mono,051,14174,1899,1876,20,1896,4
2021-12-01,Monterey,053,433212,48794,48611,4232,52843,626
2021-12-01,Napa,055,140530,13381,13319,118,13437,107
2021-12-01,Nevada,057,99092,9819,9706,357,10063,105
2021-12-01,Orange,059,3164182,314321,312772,16398,329170,5735
2021-12-01,Placer,061,380077,38741,38373,4017,42390,472
2021-12-01,Plumas,063,18699,1917,1893,55,1948,7
2021-12-01,Riverside,065,2383286,373370,371189,17486,388675,5369
2021-12-01,Sacramento,067,1510023,164554,163616,5202,168818,2360
2021-12-01,San Benito,069,59416,7714,7669,195,7864,78
2021-12-01,San Bernardino,071,2135413,365866,363368,12150,375518,5973
2021-12-01,San Diego,073,3302833,389395,386056,22523,408579,4346
2021-12-01,San Francisco,075,870044,54520,54199,2877,57076,672
2021-12-01,San Joaquin,077,732212,102595,102109,5840,107949,1834
2021-12-01,San Luis Obispo,079,281455,30386,30238,1351,31589,360
2021-12-01,San Mateo,081,765935,54974,54711,1864,56575,579
2021-12-01,Santa Barbara,083,443738,45990,45681,1764,47445,554
2021-12-01,Santa Clara,085,1922200,151912,150961,1619,152580,1925
2021-12-01,Santa Cruz,087,273765,21411,21191,1120,22311,224
2021-12-01,Shasta,089,179085,22530,22375,3800,26175,410
2021-12-01,Sierra,091,2930,199,195,23,218,0
2021-12-01,Siskiyou,093,43540,3410,3391,1407,4798,55
2021-12-01,Solano,095,438530,46701,46485,1312,47797,360
2021-12-01,Sonoma,097,501317,42976,42713,578,43291,405
2021-12-01,Stanislaus,099,539301,81760,81330,9493,90823,1231
2021-12-01,Sutter,101,95872,14284,14229,405,14634,186
2021-12-01,Tehama,103,63373,8753,8728,1583,10311,130
2021-12-01,Trinity,105,12862,814,801,208,1009,17
2021-12-01,Tulare,107,460477,70245,69953,16823,86776,1098
2021-12-01,Tuolumne,109,53932,7714,7655,107,7762,91
2021-12-01,Ventura,111,848112,100261,99680,4564,104244,1191
2021-12-01,Yolo,113,214977,20486,20393,1295,21688,260
2021-12-01,Yuba,115,75493,10458,10401,387,10788,89
2021-11-30,Alameda,001,1643700,122870,122196,3118,125314,1489
2021-11-30,Alpine,003,1148,108,108,0,108,0
2021-11-30,Amador,005,37829,5753,5716,71,5787,66
2021-11-30,Butte,007,227075,21687,21565,3986,25551,318
2021-11-30,Calaveras,009,45235,4414,4360,66,4426,88
2021-11-30,Colusa,011,21464,2609,2592,690,3282,21
2021-11-30,Contra Costa,013,1133247,102046,101538,2417,103955,1046
2021-11-30,Del Norte,015,27424,3758,3718,53,3771,42
2021-11-30,El Dorado,017,186661,16679,16558,1825,18383,166
2021-11-30,Fresno,019,978130,145081,144384,12771,157155,2259
2021-11-30,Glenn,021,27897,3563,3555,1030,4585,36
2021-11-30,Humboldt,023,135768,9623,9539,713,10252,116
2021-11-30,Imperial,025,180216,35297,34999,3754,38753,773
2021-11-30,Inyo,027,18085,2547,2530,35,2565,46
2021-11-30,Kern,029,883053,132117,131451,24372,155823,1799
2021-11-30,Kings,031,150075,33305,33074,2183,35257,362
2021-11-30,Lake,033,64148,6918,6892,158,7050,110
2021-11-30,Lassen,035,31185,7028,7003,437,7440,51
2021-11-30,Los Angeles,037,10098052,1465692,1460177,58854,1519031,26913
2021-11-30,Madera,039,155013,24259,24108,2215,26323,307
2021-11-30,Marin,041,260295,18162,18010,524,18534,249
2021-11-30,Mariposa,043,17540,1432,1412,53,1465,6
2021-11-30,Mendocino,045,87422,8047,7960,664,8624,89
2021-11-30,Merced,047,269075,43436,43200,1995,45195,668
2021-11-30,Modoc,049,8938,593,576,202,778,5
2021-11-30,Mono,051,14174,1894,1873,20,1893,4
2021-11-30,Monterey,053,433212,48748,48581,4218,52799,626
2021-11-30,Napa,055,140530,13370,13308,118,13426,105
2021-11-30,Nevada,057,99092,9805,9699,357,10056,105
2021-11-30,Orange,059,3164182,313965,312451,16369,328820,5724
2021-11-30,Placer,061,380077,38653,38324,4011,42335,470
2021-11-30,Plumas,063,18699,1913,1887,54,1941,7
2021-11-30,Riverside,065,2383286,372773,370739,17464,388203,5358
2021-11-30,Sacramento,067,1510023,164301,163420,5172,168592,2353
2021-11-30,San Benito,069,59416,7692,7645,193,7838,78
2021-11-30,San Bernardino,071,2135413,365328,363006,12131,375137,5967
2021-11-30,San Diego,073,3302833,388555,385405,22486,407891,4340
2021-11-30,San Francisco,075,870044,54439,54147,2865,57012,672
2021-11-30,San Joaquin,077,732212,102480,101972,5831,107803,1834
2021-11-30,San Luis Obispo,079,281455,30351,30200,1348,31548,360
2021-11-30,San Mateo,081,765935,54906,54656,1839,56495,579
2021-11-30,Santa Barbara,083,443738,45901,45628,1759,47387,553
2021-11-30,Santa Clara,085,1922200,151694,150799,1604,152403,1929
2021-11-30,Santa Cruz,087,273765,21363,21169,1117,22286,224
2021-11-30,Shasta,089,179085,22501,22347,3796,26143,401
2021-11-30,Sierra,091,2930,196,195,23,218,0
2021-11-30,Siskiyou,093,43540,3406,3385,1405,4790,55
2021-11-30,Solano,095,438530,46645,46434,1306,47740,358
2021-11-30,Sonoma,097,501317,42916,42663,577,43240,405
2021-11-30,Stanislaus,099,539301,81672,81276,9467,90743,1227
2021-11-30,Sutter,101,95872,14275,14210,402,14612,186
2021-11-30,Tehama,103,63373,8748,8727,1581,10308,130
2021-11-30,Trinity,105,12862,814,799,208,1007,17
2021-11-30,Tulare,107,460477,70167,69900,16783,86683,1099
2021-11-30,Tuolumne,109,53932,7705,7643,107,7750,91
2021-11-30,Ventura,111,848112,100129,99601,4553,104154,1191
2021-11-30,Yolo,113,214977,20447,20376,1291,21667,260
2021-11-30,Yuba,115,75493,10445,10398,382,10780,89
2021-11-29,Alameda,001,1643700,122728,122136,3108,125244,1489
2021-11-29,Alpine,003,1148,108,108,0,108,0
2021-11-29,Amador,005,37829,5747,5706,71,5777,66
2021-11-29,Butte,007,227075,21661,21544,3982,25526,314
2021-11-29,Calaveras,009,45235,4398,4353,66,4419,88
2021-11-29,Colusa,011,21464,2607,2585,687,3272,20
2021-11-29,Contra Costa,013,1133247,101908,101441,2409,103850,1046
2021-11-29,Del Norte,015,27424,3753,3704,53,3757,42
2021-11-29,El Dorado,017,186661,16661,16534,1821,18355,166
2021-11-29,Fresno,019,978130,144882,144282,12759,157041,2254
2021-11-29,Glenn,021,27897,3560,3555,1029,4584,36
2021-11-29,Humboldt,023,135768,9609,9514,704,10218,115
2021-11-29,Imperial,025,180216,35241,34960,3742,38702,773
2021-11-29,Inyo,027,18085,2543,2529,35,2564,46
2021-11-29,Kern,029,883053,131939,131362,24350,155712,1789
2021-11-29,Kings,031,150075,33253,33059,2178,35237,363
2021-11-29,Lake,033,64148,6910,6889,157,7046,110
2021-11-29,Lassen,035,31185,7027,7003,435,7438,51
2021-11-29,Los Angeles,037,10098052,1464116,1459446,58785,1518231,26889
2021-11-29,Madera,039,155013,24225,24069,2207,26276,307
2021-11-29,Marin,041,260295,18123,17980,519,18499,249
2021-11-29,Mariposa,043,17540,1424,1409,53,1462,6
2021-11-29,Mendocino,045,87422,8026,7954,660,8614,89
2021-11-29,Merced,047,269075,43370,43167,1987,45154,667
2021-11-29,Modoc,049,8938,592,569,202,771,5
2021-11-29,Mono,051,14174,1874,1859,20,1879,4
2021-11-29,Monterey,053,433212,48704,48548,4193,52741,626
2021-11-29,Napa,055,140530,13363,13304,118,13422,104
2021-11-29,Nevada,057,99092,9790,9689,356,10045,105
2021-11-29,Orange,059,3164182,313623,312203,16331,328534,5709
2021-11-29,Placer,061,380077,38591,38261,4006,42267,470
2021-11-29,Plumas,063,18699,1910,1884,54,1938,7
2021-11-29,Riverside,065,2383286,372268,370334,17453,387787,5358
2021-11-29,Sacramento,067,1510023,164044,163282,5137,168419,2342
2021-11-29,San Benito,069,59416,7673,7631,193,7824,77
2021-11-29,San Bernardino,071,2135413,364799,362694,12106,374800,5962
2021-11-29,San Diego,073,3302833,387707,384853,22453,407306,4335
2021-11-29,San Francisco,075,870044,54355,54125,2860,56985,669
2021-11-29,San Joaquin,077,732212,102359,101927,5822,107749,1834
2021-11-29,San Luis Obispo,079,281455,30323,30165,1347,31512,359
2021-11-29,San Mateo,081,765935,54826,54622,1826,56448,579
2021-11-29,Santa Barbara,083,443738,45816,45576,1754,47330,549
2021-11-29,Santa Clara,085,1922200,151454,150620,1598,152218,1925
2021-11-29,Santa Cruz,087,273765,21331,21149,1116,22265,224
2021-11-29,Shasta,089,179085,22471,22315,3792,26107,399
2021-11-29,Sierra,091,2930,196,195,23,218,0
2021-11-29,Siskiyou,093,43540,3403,3374,1397,4771,55
2021-11-29,Solano,095,438530,46602,46412,1304,47716,357
2021-11-29,Sonoma,097,501317,42852,42624,574,43198,405
2021-11-29,Stanislaus,099,539301,81594,81227,9450,90677,1223
2021-11-29,Sutter,101,95872,14260,14204,399,14603,186
2021-11-29,Tehama,103,63373,8744,8720,1576,10296,130
2021-11-29,Trinity,105,12862,809,798,208,1006,17
2021-11-29,Tulare,107,460477,70098,69850,16748,86598,1096
2021-11-29,Tuolumne,109,53932,7692,7627,107,7734,90
2021-11-29,Ventura,111,848112,100017,99520,4545,104065,1190
2021-11-29,Yolo,113,214977,20413,20344,1289,21633,257
2021-11-29,Yuba,115,75493,10430,10395,381,10776,89
2021-11-28,Alameda,001,1643700,122536,122082,3101,125183,1491
2021-11-28,Alpine,003,1148,108,108,0,108,0
2021-11-28,Amador,005,37829,5738,5703,71,5774,66
2021-11-28,Butte,007,227075,21627,21530,3980,25510,313
2021-11-28,Calaveras,009,45235,4375,4350,65,4415,88
2021-11-28,Colusa,011,21464,2603,2586,686,3272,19
2021-11-28,Contra Costa,013,1133247,101748,101355,2398,103753,1046
2021-11-28,Del Norte,015,27424,3750,3703,53,3756,42
2021-11-28,El Dorado,017,186661,16625,16527,1820,18347,166
2021-11-28,Fresno,019,978130,144647,144164,12742,156906,2252
2021-11-28,Glenn,021,27897,3557,3547,1029,4576,36
2021-11-28,Humboldt,023,135768,9578,9499,698,10197,115
2021-11-28,Imperial,025,180216,35146,34929,3721,38650,773
2021-11-28,Inyo,027,18085,2536,2531,35,2566,46
2021-11-28,Kern,029,883053,131742,131279,24325,155604,1789
2021-11-28,Kings,031,150075,33178,33057,2172,35229,364
2021-11-28,Lake,033,64148,6902,6885,156,7041,110
2021-11-28,Lassen,035,31185,7021,7002,432,7434,51
2021-11-28,Los Angeles,037,10098052,1462239,1458646,58698,1517344,26878
2021-11-28,Madera,039,155013,24184,24055,2202,26257,307
2021-11-28,Marin,041,260295,18081,17962,517,18479,249
2021-11-28,Mariposa,043,17540,1420,1406,53,1459,6
2021-11-28,Mendocino,045,87422,7999,7943,653,8596,89
2021-11-28,Merced,047,269075,43304,43166,1971,45137,667
2021-11-28,Modoc,049,8938,591,569,202,771,5
2021-11-28,Mono,051,14174,1870,1841,20,1861,4
2021-11-28,Monterey,053,433212,48653,48537,4159,52696,626
2021-11-28,Napa,055,140530,13353,13303,118,13421,104
2021-11-28,Nevada,057,99092,9761,9684,355,10039,105
2021-11-28,Orange,059,3164182,313282,312028,16291,328319,5693
2021-11-28,Placer,061,380077,38519,38240,3987,42227,470
2021-11-28,Plumas,063,18699,1905,1884,53,1937,7
2021-11-28,Riverside,065,2383286,371667,370051,17433,387484,5358
2021-11-28,Sacramento,067,1510023,163705,163170,5113,168283,2335
2021-11-28,San Benito,069,59416,7655,7623,192,7815,77
2021-11-28,San Bernardino,071,2135413,364174,362407,12086,374493,5958
2021-11-28,San Diego,073,3302833,386868,383025,22400,405425,4325
2021-11-28,San Francisco,075,870044,54288,54082,2855,56937,669
2021-11-28,San Joaquin,077,732212,102189,101895,5802,107697,1834
2021-11-28,San Luis Obispo,079,281455,30241,30152,1343,31495,358
2021-11-28,San Mateo,081,765935,54751,54567,1815,56382,579
2021-11-28,Santa Barbara,083,443738,45744,45551,1742,47293,549
2021-11-28,Santa Clara,085,1922200,151178,150436,1584,152020,1920
2021-11-28,Santa Cruz,087,273765,21267,21110,1115,22225,224
2021-11-28,Shasta,089,179085,22432,22316,3790,26106,400
2021-11-28,Sierra,091,2930,196,195,23,218,0
2021-11-28,Siskiyou,093,43540,3398,3372,1395,4767,55
2021-11-28,Solano,095,438530,46548,46385,1302,47687,356
2021-11-28,Sonoma,097,501317,42774,42583,572,43155,405
2021-11-28,Stanislaus,099,539301,81478,81181,9435,90616,1223
2021-11-28,Sutter,101,95872,14239,14192,394,14586,186
2021-11-28,Tehama,103,63373,8737,8720,1576,10296,130
2021-11-28,Trinity,105,12862,809,797,208,1005,17
2021-11-28,Tulare,107,460477,70012,69833,16696,86529,1095
2021-11-28,Tuolumne,109,53932,7673,7620,107,7727,90
2021-11-28,Ventura,111,848112,99877,99486,4536,104022,1190
2021-11-28,Yolo,113,214977,20373,20333,1288,21621,257
2021-11-28,Yuba,115,75493,10415,10391,379,10770,89
2021-11-27,Alameda,001,1643700,122459,121618,3095,124713,1477
2021-11-27,Alpine,003,1148,108,106,0,106,0
2021-11-27,Amador,005,37829,5737,5670,71,5741,66
2021-11-27,Butte,007,227075,21604,21384,3977,25361,309
2021-11-27,Calaveras,009,45235,4373,4294,65,4359,85
2021-11-27,Colusa,011,21464,2602,2568,684,3252,19
2021-11-27,Contra Costa,013,1133247,101668,100961,2395,103356,1045
2021-11-27,Del Norte,015,27424,3743,3661,53,3714,42
2021-11-27,El Dorado,017,186661,16597,16399,1819,18218,161
2021-11-27,Fresno,019,978130,144554,143386,12740,156126,2246
2021-11-27,Glenn,021,27897,3555,3532,1029,4561,36
2021-11-27,Humboldt,023,135768,9553,9399,695,10094,115
2021-11-27,Imperial,025,180216,35071,34611,3708,38319,769
2021-11-27,Inyo,027,18085,2534,2506,35,2541,45
2021-11-27,Kern,029,883053,131661,130245,24322,154567,1773
2021-11-27,Kings,031,150075,33157,32891,2170,35061,358
2021-11-27,Lake,033,64148,6899,6836,154,6990,110
2021-11-27,Lassen,035,31185,7019,6959,431,7390,47
2021-11-27,Los Angeles,037,10098052,1461411,1454495,58623,1513118,26817
2021-11-27,Madera,039,155013,24167,23880,2199,26079,296
2021-11-27,Marin,041,260295,18044,17857,513,18370,248
2021-11-27,Mariposa,043,17540,1418,1374,53,1427,6
2021-11-27,Mendocino,045,87422,7982,7871,653,8524,89
2021-11-27,Merced,047,269075,43274,42921,1970,44891,664
2021-11-27,Modoc,049,8938,589,551,202,753,5
2021-11-27,Mono,051,14174,1869,1810,20,1830,4
2021-11-27,Monterey,053,433212,48628,48400,4140,52540,625
2021-11-27,Napa,055,140530,13340,13256,118,13374,104
2021-11-27,Nevada,057,99092,9742,9584,354,9938,103
2021-11-27,Orange,059,3164182,313062,310809,16266,327075,5665
2021-11-27,Placer,061,380077,38464,38001,3979,41980,468
2021-11-27,Plumas,063,18699,1903,1860,53,1913,7
2021-11-27,Riverside,065,2383286,371332,367601,17426,385027,5306
2021-11-27,Sacramento,067,1510023,163561,162328,5110,167438,2335
2021-11-27,San Benito,069,59416,7638,7575,192,7767,77
2021-11-27,San Bernardino,071,2135413,363805,360033,12080,372113,5932
2021-11-27,San Diego,073,3302833,386411,382634,22378,405012,4319
2021-11-27,San Francisco,075,870044,54244,53830,2849,56679,669
2021-11-27,San Joaquin,077,732212,102129,101368,5800,107168,1833
2021-11-27,San Luis Obispo,079,281455,30219,29983,1343,31326,358
2021-11-27,San Mateo,081,765935,54704,54360,1808,56168,577
2021-11-27,Santa Barbara,083,443738,45695,45318,1740,47058,548
2021-11-27,Santa Clara,085,1922200,150984,149700,1579,151279,1922
2021-11-27,Santa Cruz,087,273765,21229,20929,1112,22041,222
2021-11-27,Shasta,089,179085,22414,22151,3789,25940,396
2021-11-27,Sierra,091,2930,195,194,23,217,0
2021-11-27,Siskiyou,093,43540,3395,3336,1393,4729,54
2021-11-27,Solano,095,438530,46518,46163,1300,47463,356
2021-11-27,Sonoma,097,501317,42724,42368,572,42940,405
2021-11-27,Stanislaus,099,539301,81413,80782,9419,90201,1220
2021-11-27,Sutter,101,95872,14232,14127,393,14520,181
2021-11-27,Tehama,103,63373,8735,8675,1575,10250,129
2021-11-27,Trinity,105,12862,809,789,208,997,17
2021-11-27,Tulare,107,460477,69968,69377,16678,86055,1082
2021-11-27,Tuolumne,109,53932,7661,7574,107,7681,90
2021-11-27,Ventura,111,848112,99809,99163,4529,103692,1188
2021-11-27,Yolo,113,214977,20353,20237,1279,21516,257
2021-11-27,Yuba,115,75493,10405,10335,379,10714,88
2021-11-26,Alameda,001,1643700,122363,121618,3092,124710,1477
2021-11-26,Alpine,003,1148,108,106,0,106,0
2021-11-26,Amador,005,37829,5733,5670,71,5741,66
2021-11-26,Butte,007,227075,21582,21384,3972,25356,309
2021-11-26,Calaveras,009,45235,4368,4294,65,4359,85
2021-11-26,Colusa,011,21464,2601,2568,683,3251,19
2021-11-26,Contra Costa,013,1133247,101583,100961,2391,103352,1045
2021-11-26,Del Norte,015,27424,3740,3661,53,3714,42
2021-11-26,El Dorado,017,186661,16582,16399,1816,18215,161
2021-11-26,Fresno,019,978130,144430,143386,12732,156118,2246
2021-11-26,Glenn,021,27897,3548,3532,1029,4561,36
2021-11-26,Humboldt,023,135768,9536,9399,691,10090,115
2021-11-26,Imperial,025,180216,35024,34611,3692,38303,769
2021-11-26,Inyo,027,18085,2534,2506,35,2541,45
2021-11-26,Kern,029,883053,131583,130245,24301,154546,1773
2021-11-26,Kings,031,150075,33134,32891,2168,35059,358
2021-11-26,Lake,033,64148,6896,6836,154,6990,110
2021-11-26,Lassen,035,31185,7015,6959,431,7390,47
2021-11-26,Los Angeles,037,10098052,1460647,1454495,58570,1513065,26817
2021-11-26,Madera,039,155013,24143,23880,2197,26077,296
2021-11-26,Marin,041,260295,18017,17857,513,18370,248
2021-11-26,Mariposa,043,17540,1412,1374,52,1426,6
2021-11-26,Mendocino,045,87422,7972,7871,653,8524,89
2021-11-26,Merced,047,269075,43249,42921,1968,44889,664
2021-11-26,Modoc,049,8938,587,551,202,753,5
2021-11-26,Mono,051,14174,1856,1810,20,1830,4
2021-11-26,Monterey,053,433212,48598,48400,4123,52523,625
2021-11-26,Napa,055,140530,13325,13256,118,13374,104
2021-11-26,Nevada,057,99092,9732,9584,354,9938,103
2021-11-26,Orange,059,3164182,312824,310809,16237,327046,5665
2021-11-26,Placer,061,380077,38423,38001,3971,41972,468
2021-11-26,Plumas,063,18699,1898,1860,53,1913,7
2021-11-26,Riverside,065,2383286,370952,367601,17419,385020,5306
2021-11-26,Sacramento,067,1510023,163461,162328,5105,167433,2335
2021-11-26,San Benito,069,59416,7630,7575,192,7767,77
2021-11-26,San Bernardino,071,2135413,363410,360033,12075,372108,5932
2021-11-26,San Diego,073,3302833,385877,382634,22367,405001,4319
2021-11-26,San Francisco,075,870044,54201,53830,2845,56675,669
2021-11-26,San Joaquin,077,732212,102077,101368,5797,107165,1833
2021-11-26,San Luis Obispo,079,281455,30196,29983,1342,31325,358
2021-11-26,San Mateo,081,765935,54659,54360,1800,56160,577
2021-11-26,Santa Barbara,083,443738,45655,45318,1739,47057,548
2021-11-26,Santa Clara,085,1922200,150826,149700,1568,151268,1922
2021-11-26,Santa Cruz,087,273765,21195,20929,1111,22040,222
2021-11-26,Shasta,089,179085,22398,22151,3787,25938,396
2021-11-26,Sierra,091,2930,195,194,23,217,0
2021-11-26,Siskiyou,093,43540,3392,3336,1392,4728,54
2021-11-26,Solano,095,438530,46484,46163,1299,47462,356
2021-11-26,Sonoma,097,501317,42678,42368,569,42937,405
2021-11-26,Stanislaus,099,539301,81339,80782,9407,90189,1220
2021-11-26,Sutter,101,95872,14219,14127,392,14519,181
2021-11-26,Tehama,103,63373,8733,8675,1574,10249,129
2021-11-26,Trinity,105,12862,808,789,208,997,17
2021-11-26,Tulare,107,460477,69932,69377,16645,86022,1082
2021-11-26,Tuolumne,109,53932,7652,7574,107,7681,90
2021-11-26,Ventura,111,848112,99732,99163,4525,103688,1188
2021-11-26,Yolo,113,214977,20333,20237,1276,21513,257
2021-11-26,Yuba,115,75493,10399,10335,379,10714,88
2021-11-25,Alameda,001,1643700,122266,121618,3088,124706,1477
2021-11-25,Alpine,003,1148,108,106,0,106,0
2021-11-25,Amador,005,37829,5726,5670,71,5741,66
2021-11-25,Butte,007,227075,21566,21384,3971,25355,309
2021-11-25,Calaveras,009,45235,4363,4294,65,4359,85
2021-11-25,Colusa,011,21464,2598,2568,681,3249,19
2021-11-25,Contra Costa,013,1133247,101481,100961,2387,103348,1045
2021-11-25,Del Norte,015,27424,3735,3661,53,3714,42
2021-11-25,El Dorado,017,186661,16567,16399,1815,18214,161
2021-11-25,Fresno,019,978130,144300,143386,12725,156111,2246
2021-11-25,Glenn,021,27897,3548,3532,1029,4561,36
2021-11-25,Humboldt,023,135768,9520,9399,687,10086,115
2021-11-25,Imperial,025,180216,34987,34611,3681,38292,769
2021-11-25,Inyo,027,18085,2532,2506,35,2541,45
2021-11-25,Kern,029,883053,131489,130245,24263,154508,1773
2021-11-25,Kings,031,150075,33108,32891,2167,35058,358
2021-11-25,Lake,033,64148,6889,6836,154,6990,110
2021-11-25,Lassen,035,31185,7013,6959,430,7389,47
2021-11-25,Los Angeles,037,10098052,1459747,1454495,58506,1513001,26817
2021-11-25,Madera,039,155013,24113,23880,2196,26076,296
2021-11-25,Marin,041,260295,17992,17857,509,18366,248
2021-11-25,Mariposa,043,17540,1410,1374,52,1426,6
2021-11-25,Mendocino,045,87422,7957,7871,653,8524,89
2021-11-25,Merced,047,269075,43213,42921,1965,44886,664
2021-11-25,Modoc,049,8938,586,551,202,753,5
2021-11-25,Mono,051,14174,1844,1810,20,1830,4
2021-11-25,Monterey,053,433212,48562,48400,4109,52509,625
2021-11-25,Napa,055,140530,13318,13256,118,13374,104
2021-11-25,Nevada,057,99092,9715,9584,352,9936,103
2021-11-25,Orange,059,3164182,312575,310809,16210,327019,5665
2021-11-25,Placer,061,380077,38379,38001,3963,41964,468
2021-11-25,Plumas,063,18699,1896,1860,53,1913,7
2021-11-25,Riverside,065,2383286,370562,367601,17412,385013,5306
2021-11-25,Sacramento,067,1510023,163292,162328,5099,167427,2335
2021-11-25,San Benito,069,59416,7623,7575,192,7767,77
2021-11-25,San Bernardino,071,2135413,363039,360033,12064,372097,5932
2021-11-25,San Diego,073,3302833,385449,382634,22352,404986,4319
2021-11-25,San Francisco,075,870044,54153,53830,2842,56672,669
2021-11-25,San Joaquin,077,732212,101997,101368,5793,107161,1833
2021-11-25,San Luis Obispo,079,281455,30175,29983,1339,31322,358
2021-11-25,San Mateo,081,765935,54614,54360,1795,56155,577
2021-11-25,Santa Barbara,083,443738,45618,45318,1737,47055,548
2021-11-25,Santa Clara,085,1922200,150676,149700,1562,151262,1922
2021-11-25,Santa Cruz,087,273765,21165,20929,1111,22040,222
2021-11-25,Shasta,089,179085,22375,22151,3787,25938,396
2021-11-25,Sierra,091,2930,195,194,23,217,0
2021-11-25,Siskiyou,093,43540,3389,3336,1392,4728,54
2021-11-25,Solano,095,438530,46453,46163,1298,47461,356
2021-11-25,Sonoma,097,501317,42624,42368,566,42934,405
2021-11-25,Stanislaus,099,539301,81273,80782,9395,90177,1220
2021-11-25,Sutter,101,95872,14203,14127,391,14518,181
2021-11-25,Tehama,103,63373,8725,8675,1574,10249,129
2021-11-25,Trinity,105,12862,808,789,208,997,17
2021-11-25,Tulare,107,460477,69877,69377,16619,85996,1082
2021-11-25,Tuolumne,109,53932,7641,7574,107,7681,90
2021-11-25,Ventura,111,848112,99667,99163,4521,103684,1188
2021-11-25,Yolo,113,214977,20308,20237,1272,21509,257
2021-11-25,Yuba,115,75493,10390,10335,378,10713,88
2021-11-24,Alameda,001,1643700,122207,121618,3084,124702,1477
2021-11-24,Alpine,003,1148,108,106,0,106,0
2021-11-24,Amador,005,37829,5717,5670,71,5741,66
2021-11-24,Butte,007,227075,21553,21384,3969,25353,309
2021-11-24,Calaveras,009,45235,4356,4294,65,4359,85
2021-11-24,Colusa,011,21464,2598,2568,680,3248,19
2021-11-24,Contra Costa,013,1133247,101444,100961,2384,103345,1045
2021-11-24,Del Norte,015,27424,3732,3661,53,3714,42
2021-11-24,El Dorado,017,186661,16556,16399,1814,18213,161
2021-11-24,Fresno,019,978130,144248,143386,12724,156110,2246
2021-11-24,Glenn,021,27897,3547,3532,1028,4560,36
2021-11-24,Humboldt,023,135768,9507,9399,687,10086,115
2021-11-24,Imperial,025,180216,34965,34611,3674,38285,769
2021-11-24,Inyo,027,18085,2529,2506,35,2541,45
2021-11-24,Kern,029,883053,131430,130245,24256,154501,1773
2021-11-24,Kings,031,150075,33095,32891,2165,35056,358
2021-11-24,Lake,033,64148,6886,6836,154,6990,110
2021-11-24,Lassen,035,31185,7013,6959,430,7389,47
2021-11-24,Los Angeles,037,10098052,1459320,1454495,58458,1512953,26817
2021-11-24,Madera,039,155013,24093,23880,2191,26071,296
2021-11-24,Marin,041,260295,17980,17857,507,18364,248
2021-11-24,Mariposa,043,17540,1410,1374,52,1426,6
2021-11-24,Mendocino,045,87422,7946,7871,652,8523,89
2021-11-24,Merced,047,269075,43189,42921,1962,44883,664
2021-11-24,Modoc,049,8938,586,551,202,753,5
2021-11-24,Mono,051,14174,1843,1810,20,1830,4
2021-11-24,Monterey,053,433212,48554,48400,4103,52503,625
2021-11-24,Napa,055,140530,13314,13256,118,13374,104
2021-11-24,Nevada,057,99092,9703,9584,352,9936,103
2021-11-24,Orange,059,3164182,312429,310809,16199,327008,5665
2021-11-24,Placer,061,380077,38347,38001,3961,41962,468
2021-11-24,Plumas,063,18699,1894,1860,53,1913,7
2021-11-24,Riverside,065,2383286,370398,367601,17405,385006,5306
2021-11-24,Sacramento,067,1510023,163229,162328,5099,167427,2335
2021-11-24,San Benito,069,59416,7621,7575,192,7767,77
2021-11-24,San Bernardino,071,2135413,362849,360033,12052,372085,5932
2021-11-24,San Diego,073,3302833,385211,382634,22339,404973,4319
2021-11-24,San Francisco,075,870044,54123,53830,2838,56668,669
2021-11-24,San Joaquin,077,732212,101958,101368,5790,107158,1833
2021-11-24,San Luis Obispo,079,281455,30161,29983,1339,31322,358
2021-11-24,San Mateo,081,765935,54586,54360,1794,56154,577
2021-11-24,Santa Barbara,083,443738,45593,45318,1737,47055,548
2021-11-24,Santa Clara,085,1922200,150584,149700,1562,151262,1922
2021-11-24,Santa Cruz,087,273765,21141,20929,1111,22040,222
2021-11-24,Shasta,089,179085,22364,22151,3785,25936,396
2021-11-24,Sierra,091,2930,195,194,23,217,0
2021-11-24,Siskiyou,093,43540,3387,3336,1392,4728,54
2021-11-24,Solano,095,438530,46425,46163,1295,47458,356
2021-11-24,Sonoma,097,501317,42596,42368,564,42932,405
2021-11-24,Stanislaus,099,539301,81242,80782,9390,90172,1220
2021-11-24,Sutter,101,95872,14190,14127,389,14516,181
2021-11-24,Tehama,103,63373,8722,8675,1574,10249,129
2021-11-24,Trinity,105,12862,808,789,208,997,17
2021-11-24,Tulare,107,460477,69858,69377,16602,85979,1082
2021-11-24,Tuolumne,109,53932,7637,7574,107,7681,90
2021-11-24,Ventura,111,848112,99634,99163,4518,103681,1188
2021-11-24,Yolo,113,214977,20300,20237,1271,21508,257
2021-11-24,Yuba,115,75493,10387,10335,377,10712,88
2021-11-23,Alameda,001,1643700,122101,121618,3076,124694,1477
2021-11-23,Alpine,003,1148,108,106,0,106,0
2021-11-23,Amador,005,37829,5710,5670,71,5741,66
2021-11-23,Butte,007,227075,21526,21384,3966,25350,309
2021-11-23,Calaveras,009,45235,4350,4294,64,4358,85
2021-11-23,Colusa,011,21464,2595,2568,679,3247,19
2021-11-23,Contra Costa,013,1133247,101339,100961,2381,103342,1045
2021-11-23,Del Norte,015,27424,3729,3661,53,3714,42
2021-11-23,El Dorado,017,186661,16528,16399,1811,18210,161
2021-11-23,Fresno,019,978130,144115,143386,12717,156103,2246
2021-11-23,Glenn,021,27897,3541,3532,1028,4560,36
2021-11-23,Humboldt,023,135768,9485,9399,684,10083,115
2021-11-23,Imperial,025,180216,34897,34611,3653,38264,769
2021-11-23,Inyo,027,18085,2525,2506,35,2541,45
2021-11-23,Kern,029,883053,131330,130245,24226,154471,1773
2021-11-23,Kings,031,150075,33054,32891,2164,35055,358
2021-11-23,Lake,033,64148,6882,6836,154,6990,110
2021-11-23,Lassen,035,31185,7009,6959,427,7386,47
2021-11-23,Los Angeles,037,10098052,1458312,1454495,58396,1512891,26817
2021-11-23,Madera,039,155013,24070,23880,2188,26068,296
2021-11-23,Marin,041,260295,17951,17857,503,18360,248
2021-11-23,Mariposa,043,17540,1407,1374,52,1426,6
2021-11-23,Mendocino,045,87422,7924,7871,649,8520,89
2021-11-23,Merced,047,269075,43154,42921,1961,44882,664
2021-11-23,Modoc,049,8938,584,551,202,753,5
2021-11-23,Mono,051,14174,1833,1810,19,1829,4
2021-11-23,Monterey,053,433212,48529,48400,4090,52490,625
2021-11-23,Napa,055,140530,13305,13256,118,13374,104
2021-11-23,Nevada,057,99092,9678,9584,351,9935,103
2021-11-23,Orange,059,3164182,312188,310809,16164,326973,5665
2021-11-23,Placer,061,380077,38290,38001,3946,41947,468
2021-11-23,Plumas,063,18699,1890,1860,53,1913,7
2021-11-23,Riverside,065,2383286,370020,367601,17394,384995,5306
2021-11-23,Sacramento,067,1510023,163054,162328,5085,167413,2335
2021-11-23,San Benito,069,59416,7612,7575,190,7765,77
2021-11-23,San Bernardino,071,2135413,362462,360033,12040,372073,5932
2021-11-23,San Diego,073,3302833,384747,382634,22316,404950,4319
2021-11-23,San Francisco,075,870044,54065,53830,2833,56663,669
2021-11-23,San Joaquin,077,732212,101848,101368,5776,107144,1833
2021-11-23,San Luis Obispo,079,281455,30135,29983,1336,31319,358
2021-11-23,San Mateo,081,765935,54543,54360,1786,56146,577
2021-11-23,Santa Barbara,083,443738,45544,45318,1737,47055,548
2021-11-23,Santa Clara,085,1922200,150385,149700,1550,151250,1922
2021-11-23,Santa Cruz,087,273765,21104,20929,1111,22040,222
2021-11-23,Shasta,089,179085,22328,22151,3784,25935,396
2021-11-23,Sierra,091,2930,195,194,23,217,0
2021-11-23,Siskiyou,093,43540,3383,3336,1391,4727,54
2021-11-23,Solano,095,438530,46374,46163,1291,47454,356
2021-11-23,Sonoma,097,501317,42546,42368,561,42929,405
2021-11-23,Stanislaus,099,539301,81176,80782,9377,90159,1220
2021-11-23,Sutter,101,95872,14174,14127,388,14515,181
2021-11-23,Tehama,103,63373,8709,8675,1573,10248,129
2021-11-23,Trinity,105,12862,807,789,208,997,17
2021-11-23,Tulare,107,460477,69809,69377,16572,85949,1082
2021-11-23,Tuolumne,109,53932,7626,7574,107,7681,90
2021-11-23,Ventura,111,848112,99555,99163,4513,103676,1188
2021-11-23,Yolo,113,214977,20279,20237,1263,21500,257
2021-11-23,Yuba,115,75493,10375,10335,377,10712,88
2021-11-22,Alameda,001,1643700,121996,121566,3073,124639,1475
2021-11-22,Alpine,003,1148,108,106,0,106,0
2021-11-22,Amador,005,37829,5697,5670,71,5741,66
2021-11-22,Butte,007,227075,21486,21363,3961,25324,305
2021-11-22,Calaveras,009,45235,4338,4294,64,4358,84
2021-11-22,Colusa,011,21464,2592,2565,679,3244,19
2021-11-22,Contra Costa,013,1133247,101254,100877,2376,103253,1045
2021-11-22,Del Norte,015,27424,3726,3659,53,3712,42
2021-11-22,El Dorado,017,186661,16506,16378,1808,18186,161
2021-11-22,Fresno,019,978130,143979,143290,12715,156005,2243
2021-11-22,Glenn,021,27897,3536,3530,1027,4557,36
2021-11-22,Humboldt,023,135768,9462,9389,678,10067,115
2021-11-22,Imperial,025,180216,34836,34562,3639,38201,766
2021-11-22,Inyo,027,18085,2519,2501,35,2536,44
2021-11-22,Kern,029,883053,131169,130091,24179,154270,1762
2021-11-22,Kings,031,150075,33018,32867,2159,35026,358
2021-11-22,Lake,033,64148,6877,6837,154,6991,110
2021-11-22,Lassen,035,31185,7008,6954,426,7380,47
2021-11-22,Los Angeles,037,10098052,1457255,1453945,58318,1512263,26800
2021-11-22,Madera,039,155013,24036,23872,2182,26054,296
2021-11-22,Marin,041,260295,17923,17842,500,18342,248
2021-11-22,Mariposa,043,17540,1403,1372,52,1424,6
2021-11-22,Mendocino,045,87422,7911,7859,648,8507,89
2021-11-22,Merced,047,269075,43107,42898,1950,44848,660
2021-11-22,Modoc,049,8938,583,551,202,753,5
2021-11-22,Mono,051,14174,1818,1809,19,1828,4
2021-11-22,Monterey,053,433212,48508,48374,4079,52453,611
2021-11-22,Napa,055,140530,13297,13255,117,13372,104
2021-11-22,Nevada,057,99092,9659,9575,350,9925,96
2021-11-22,Orange,059,3164182,311950,310654,16140,326794,5663
2021-11-22,Placer,061,380077,38246,37956,3938,41894,465
2021-11-22,Plumas,063,18699,1887,1858,53,1911,7
2021-11-22,Riverside,065,2383286,369590,367301,17384,384685,5283
2021-11-22,Sacramento,067,1510023,162874,162222,5076,167298,2328
2021-11-22,San Benito,069,59416,7592,7567,190,7757,77
2021-11-22,San Bernardino,071,2135413,362068,359851,12030,371881,5916
2021-11-22,San Diego,073,3302833,384268,382132,22289,404421,4317
2021-11-22,San Francisco,075,870044,53978,53778,2825,56603,669
2021-11-22,San Joaquin,077,732212,101728,101299,5769,107068,1833
2021-11-22,San Luis Obispo,079,281455,30110,29963,1335,31298,358
2021-11-22,San Mateo,081,765935,54491,54330,1780,56110,577
2021-11-22,Santa Barbara,083,443738,45484,45279,1737,47016,546
2021-11-22,Santa Clara,085,1922200,150209,149541,1540,151081,1919
2021-11-22,Santa Cruz,087,273765,21063,20891,1111,22002,222
2021-11-22,Shasta,089,179085,22313,22116,3780,25896,393
2021-11-22,Sierra,091,2930,195,193,23,216,0
2021-11-22,Siskiyou,093,43540,3377,3336,1389,4725,54
2021-11-22,Solano,095,438530,46327,46153,1289,47442,356
2021-11-22,Sonoma,097,501317,42493,42344,560,42904,404
2021-11-22,Stanislaus,099,539301,81092,80718,9370,90088,1209
2021-11-22,Sutter,101,95872,14158,14125,386,14511,181
2021-11-22,Tehama,103,63373,8703,8669,1568,10237,127
2021-11-22,Trinity,105,12862,806,785,208,993,17
2021-11-22,Tulare,107,460477,69746,69314,16537,85851,1075
2021-11-22,Tuolumne,109,53932,7611,7567,107,7674,90
2021-11-22,Ventura,111,848112,99491,99114,4509,103623,1186
2021-11-22,Yolo,113,214977,20256,20227,1261,21488,257
2021-11-22,Yuba,115,75493,10366,10332,376,10708,88
2021-11-21,Alameda,001,1643700,121877,121443,3069,124512,1475
2021-11-21,Alpine,003,1148,106,106,0,106,0
2021-11-21,Amador,005,37829,5692,5662,70,5732,66
2021-11-21,Butte,007,227075,21445,21342,3958,25300,306
2021-11-21,Calaveras,009,45235,4330,4287,64,4351,84
2021-11-21,Colusa,011,21464,2588,2562,678,3240,19
2021-11-21,Contra Costa,013,1133247,101153,100807,2370,103177,1045
2021-11-21,Del Norte,015,27424,3722,3659,53,3712,42
2021-11-21,El Dorado,017,186661,16480,16370,1802,18172,161
2021-11-21,Fresno,019,978130,143812,143203,12703,155906,2242
2021-11-21,Glenn,021,27897,3533,3529,1027,4556,36
2021-11-21,Humboldt,023,135768,9442,9378,676,10054,115
2021-11-21,Imperial,025,180216,34752,34527,3628,38155,766
2021-11-21,Inyo,027,18085,2512,2501,35,2536,44
2021-11-21,Kern,029,883053,131004,130020,24136,154156,1762
2021-11-21,Kings,031,150075,32983,32843,2155,34998,356
2021-11-21,Lake,033,64148,6872,6834,154,6988,110
2021-11-21,Lassen,035,31185,6999,6953,426,7379,47
2021-11-21,Los Angeles,037,10098052,1456230,1453181,58270,1511451,26793
2021-11-21,Madera,039,155013,24008,23856,2180,26036,296
2021-11-21,Marin,041,260295,17896,17829,497,18326,248
2021-11-21,Mariposa,043,17540,1401,1371,51,1422,6
2021-11-21,Mendocino,045,87422,7906,7846,645,8491,89
2021-11-21,Merced,047,269075,43055,42881,1947,44828,660
2021-11-21,Modoc,049,8938,579,551,202,753,5
2021-11-21,Mono,051,14174,1810,1799,19,1818,4
2021-11-21,Monterey,053,433212,48468,48358,4064,52422,611
2021-11-21,Napa,055,140530,13286,13250,117,13367,104
2021-11-21,Nevada,057,99092,9634,9556,349,9905,96
2021-11-21,Orange,059,3164182,311699,310477,16108,326585,5663
2021-11-21,Placer,061,380077,38164,37929,3937,41866,465
2021-11-21,Plumas,063,18699,1887,1858,53,1911,7
2021-11-21,Riverside,065,2383286,369103,367093,17377,384470,5283
2021-11-21,Sacramento,067,1510023,162660,162087,5065,167152,2327
2021-11-21,San Benito,069,59416,7578,7563,189,7752,77
2021-11-21,San Bernardino,071,2135413,361605,359621,11997,371618,5912
2021-11-21,San Diego,073,3302833,383742,380747,22263,403010,4317
2021-11-21,San Francisco,075,870044,53915,53741,2817,56558,669
2021-11-21,San Joaquin,077,732212,101625,101264,5755,107019,1833
2021-11-21,San Luis Obispo,079,281455,30076,29948,1335,31283,358
2021-11-21,San Mateo,081,765935,54447,54290,1774,56064,577
2021-11-21,Santa Barbara,083,443738,45427,45237,1733,46970,546
2021-11-21,Santa Clara,085,1922200,150009,149387,1519,150906,1918
2021-11-21,Santa Cruz,087,273765,21019,20866,1109,21975,222
2021-11-21,Shasta,089,179085,22285,22112,3778,25890,393
2021-11-21,Sierra,091,2930,195,193,23,216,0
2021-11-21,Siskiyou,093,43540,3374,3333,1386,4719,54
2021-11-21,Solano,095,438530,46274,46122,1282,47404,356
2021-11-21,Sonoma,097,501317,42435,42298,559,42857,404
2021-11-21,Stanislaus,099,539301,80995,80687,9357,90044,1209
2021-11-21,Sutter,101,95872,14145,14111,386,14497,181
2021-11-21,Tehama,103,63373,8697,8669,1567,10236,127
2021-11-21,Trinity,105,12862,804,784,206,990,17
2021-11-21,Tulare,107,460477,69666,69285,16497,85782,1075
2021-11-21,Tuolumne,109,53932,7603,7560,106,7666,90
2021-11-21,Ventura,111,848112,99401,99081,4505,103586,1186
2021-11-21,Yolo,113,214977,20229,20209,1258,21467,257
2021-11-21,Yuba,115,75493,10357,10326,376,10702,88
2021-11-20,Alameda,001,1643700,121787,121059,3061,124120,1473
2021-11-20,Alpine,003,1148,106,105,0,105,0
2021-11-20,Amador,005,37829,5686,5652,69,5721,66
2021-11-20,Butte,007,227075,21431,21265,3953,25218,300
2021-11-20,Calaveras,009,45235,4321,4268,64,4332,84
2021-11-20,Colusa,011,21464,2588,2549,676,3225,19
2021-11-20,Contra Costa,013,1133247,101075,100491,2366,102857,1043
2021-11-20,Del Norte,015,27424,3719,3637,53,3690,42
2021-11-20,El Dorado,017,186661,16461,16308,1799,18107,161
2021-11-20,Fresno,019,978130,143743,142579,12696,155275,2233
2021-11-20,Glenn,021,27897,3533,3526,1026,4552,35
2021-11-20,Humboldt,023,135768,9429,9302,674,9976,115
2021-11-20,Imperial,025,180216,34701,34312,3622,37934,766
2021-11-20,Inyo,027,18085,2511,2467,35,2502,44
2021-11-20,Kern,029,883053,130904,129488,24102,153590,1750
2021-11-20,Kings,031,150075,32973,32720,2155,34875,354
2021-11-20,Lake,033,64148,6869,6808,154,6962,110
2021-11-20,Lassen,035,31185,6998,6931,426,7357,47
2021-11-20,Los Angeles,037,10098052,1455639,1448963,58223,1507186,26741
2021-11-20,Madera,039,155013,23996,23720,2178,25898,296
2021-11-20,Marin,041,260295,17881,17774,497,18271,248
2021-11-20,Mariposa,043,17540,1400,1354,51,1405,6
2021-11-20,Mendocino,045,87422,7899,7773,645,8418,89
2021-11-20,Merced,047,269075,43030,42692,1947,44639,656
2021-11-20,Modoc,049,8938,578,550,202,752,5
2021-11-20,Mono,051,14174,1809,1767,19,1786,4
2021-11-20,Monterey,053,433212,48456,48260,4054,52314,609
2021-11-20,Napa,055,140530,13283,13184,117,13301,103
2021-11-20,Nevada,057,99092,9619,9480,349,9829,92
2021-11-20,Orange,059,3164182,311500,309672,16095,325767,5658
2021-11-20,Placer,061,380077,38123,37800,3931,41731,462
2021-11-20,Plumas,063,18699,1884,1841,52,1893,7
2021-11-20,Riverside,065,2383286,368832,365809,17364,383173,5265
2021-11-20,Sacramento,067,1510023,162556,161533,5061,166594,2316
2021-11-20,San Benito,069,59416,7574,7533,189,7722,77
2021-11-20,San Bernardino,071,2135413,361346,358322,11986,370308,5897
2021-11-20,San Diego,073,3302833,383427,380147,22236,402383,4311
2021-11-20,San Francisco,075,870044,53876,53525,2816,56341,669
2021-11-20,San Joaquin,077,732212,101578,100922,5749,106671,1832
2021-11-20,San Luis Obispo,079,281455,30064,29815,1334,31149,355
2021-11-20,San Mateo,081,765935,54416,54132,1770,55902,577
2021-11-20,Santa Barbara,083,443738,45395,45074,1733,46807,544
2021-11-20,Santa Clara,085,1922200,149908,148829,1518,150347,1917
2021-11-20,Santa Cruz,087,273765,21003,20756,1109,21865,222
2021-11-20,Shasta,089,179085,22261,21968,3777,25745,383
2021-11-20,Sierra,091,2930,195,191,23,214,0
2021-11-20,Siskiyou,093,43540,3371,3313,1386,4699,54
2021-11-20,Solano,095,438530,46253,46006,1282,47288,356
2021-11-20,Sonoma,097,501317,42405,42151,559,42710,403
2021-11-20,Stanislaus,099,539301,80949,80412,9352,89764,1205
2021-11-20,Sutter,101,95872,14137,14074,386,14460,181
2021-11-20,Tehama,103,63373,8692,8648,1567,10215,125
2021-11-20,Trinity,105,12862,800,771,206,977,17
2021-11-20,Tulare,107,460477,69629,69074,16475,85549,1054
2021-11-20,Tuolumne,109,53932,7594,7511,106,7617,90
2021-11-20,Ventura,111,848112,99351,98893,4498,103391,1186
2021-11-20,Yolo,113,214977,20222,20139,1254,21393,257
2021-11-20,Yuba,115,75493,10351,10290,375,10665,88
2021-11-19,Alameda,001,1643700,121716,121059,3058,124117,1473
2021-11-19,Alpine,003,1148,106,105,0,105,0
2021-11-19,Amador,005,37829,5676,5652,69,5721,66
2021-11-19,Butte,007,227075,21407,21265,3947,25212,300
2021-11-19,Calaveras,009,45235,4314,4268,64,4332,84
2021-11-19,Colusa,011,21464,2586,2549,675,3224,19
2021-11-19,Contra Costa,013,1133247,101021,100491,2361,102852,1043
2021-11-19,Del Norte,015,27424,3714,3637,53,3690,42
2021-11-19,El Dorado,017,186661,16442,16308,1797,18105,161
2021-11-19,Fresno,019,978130,143628,142579,12692,155271,2233
2021-11-19,Glenn,021,27897,3532,3526,1025,4551,35
2021-11-19,Humboldt,023,135768,9418,9302,672,9974,115
2021-11-19,Imperial,025,180216,34666,34312,3615,37927,766
2021-11-19,Inyo,027,18085,2507,2467,35,2502,44
2021-11-19,Kern,029,883053,130799,129488,24059,153547,1750
2021-11-19,Kings,031,150075,32948,32720,2153,34873,354
2021-11-19,Lake,033,64148,6867,6808,154,6962,110
2021-11-19,Lassen,035,31185,6994,6931,425,7356,47
2021-11-19,Los Angeles,037,10098052,1454992,1448963,58165,1507128,26741
2021-11-19,Madera,039,155013,23977,23720,2175,25895,296
2021-11-19,Marin,041,260295,17862,17774,495,18269,248
2021-11-19,Mariposa,043,17540,1398,1354,51,1405,6
2021-11-19,Mendocino,045,87422,7881,7773,645,8418,89
2021-11-19,Merced,047,269075,43005,42692,1946,44638,656
2021-11-19,Modoc,049,8938,577,550,202,752,5
2021-11-19,Mono,051,14174,1803,1767,19,1786,4
2021-11-19,Monterey,053,433212,48443,48260,4046,52306,609
2021-11-19,Napa,055,140530,13273,13184,116,13300,103
2021-11-19,Nevada,057,99092,9606,9480,349,9829,92
2021-11-19,Orange,059,3164182,311344,309672,16070,325742,5658
2021-11-19,Placer,061,380077,38085,37800,3927,41727,462
2021-11-19,Plumas,063,18699,1880,1841,52,1893,7
2021-11-19,Riverside,065,2383286,368563,365809,17358,383167,5265
2021-11-19,Sacramento,067,1510023,162435,161533,5057,166590,2316
2021-11-19,San Benito,069,59416,7568,7533,187,7720,77
2021-11-19,San Bernardino,071,2135413,361043,358322,11979,370301,5897
2021-11-19,San Diego,073,3302833,383039,380147,22210,402357,4311
2021-11-19,San Francisco,075,870044,53838,53525,2815,56340,669
2021-11-19,San Joaquin,077,732212,101528,100922,5745,106667,1832
2021-11-19,San Luis Obispo,079,281455,30048,29815,1332,31147,355
2021-11-19,San Mateo,081,765935,54376,54132,1759,55891,577
2021-11-19,Santa Barbara,083,443738,45359,45074,1733,46807,544
2021-11-19,Santa Clara,085,1922200,149766,148829,1514,150343,1917
2021-11-19,Santa Cruz,087,273765,20976,20756,1106,21862,222
2021-11-19,Shasta,089,179085,22248,21968,3776,25744,383
2021-11-19,Sierra,091,2930,195,191,23,214,0
2021-11-19,Siskiyou,093,43540,3368,3313,1386,4699,54
2021-11-19,Solano,095,438530,46222,46006,1280,47286,356
2021-11-19,Sonoma,097,501317,42374,42151,556,42707,403
2021-11-19,Stanislaus,099,539301,80890,80412,9344,89756,1205
2021-11-19,Sutter,101,95872,14135,14074,386,14460,181
2021-11-19,Tehama,103,63373,8689,8648,1567,10215,125
2021-11-19,Trinity,105,12862,798,771,206,977,17
2021-11-19,Tulare,107,460477,69590,69074,16447,85521,1054
2021-11-19,Tuolumne,109,53932,7584,7511,106,7617,90
2021-11-19,Ventura,111,848112,99287,98893,4493,103386,1186
2021-11-19,Yolo,113,214977,20214,20139,1251,21390,257
2021-11-19,Yuba,115,75493,10348,10290,375,10665,88
2021-11-18,Alameda,001,1643700,121595,121059,3049,124108,1473
2021-11-18,Alpine,003,1148,106,105,0,105,0
2021-11-18,Amador,005,37829,5674,5652,69,5721,66
2021-11-18,Butte,007,227075,21391,21265,3941,25206,300
2021-11-18,Calaveras,009,45235,4307,4268,63,4331,84
2021-11-18,Colusa,011,21464,2578,2549,675,3224,19
2021-11-18,Contra Costa,013,1133247,100920,100491,2352,102843,1043
2021-11-18,Del Norte,015,27424,3711,3637,53,3690,42
2021-11-18,El Dorado,017,186661,16426,16308,1794,18102,161
2021-11-18,Fresno,019,978130,143492,142579,12685,155264,2233
2021-11-18,Glenn,021,27897,3531,3526,1024,4550,35
2021-11-18,Humboldt,023,135768,9402,9302,667,9969,115
2021-11-18,Imperial,025,180216,34614,34312,3599,37911,766
2021-11-18,Inyo,027,18085,2499,2467,35,2502,44
2021-11-18,Kern,029,883053,130654,129488,24010,153498,1750
2021-11-18,Kings,031,150075,32911,32720,2150,34870,354
2021-11-18,Lake,033,64148,6862,6808,154,6962,110
2021-11-18,Lassen,035,31185,6991,6931,421,7352,47
2021-11-18,Los Angeles,037,10098052,1454026,1448963,58100,1507063,26741
2021-11-18,Madera,039,155013,23953,23720,2171,25891,296
2021-11-18,Marin,041,260295,17844,17774,491,18265,248
2021-11-18,Mariposa,043,17540,1395,1354,51,1405,6
2021-11-18,Mendocino,045,87422,7860,7773,634,8407,89
2021-11-18,Merced,047,269075,42947,42692,1944,44636,656
2021-11-18,Modoc,049,8938,566,550,202,752,5
2021-11-18,Mono,051,14174,1790,1767,19,1786,4
2021-11-18,Monterey,053,433212,48423,48260,4037,52297,609
2021-11-18,Napa,055,140530,13261,13184,115,13299,103
2021-11-18,Nevada,057,99092,9582,9480,349,9829,92
2021-11-18,Orange,059,3164182,311113,309672,16055,325727,5658
2021-11-18,Placer,061,380077,38043,37800,3915,41715,462
2021-11-18,Plumas,063,18699,1879,1841,52,1893,7
2021-11-18,Riverside,065,2383286,368195,365809,17345,383154,5265
2021-11-18,Sacramento,067,1510023,162208,161533,5042,166575,2316
2021-11-18,San Benito,069,59416,7557,7533,187,7720,77
2021-11-18,San Bernardino,071,2135413,360625,358322,11961,370283,5897
2021-11-18,San Diego,073,3302833,382542,380147,22195,402342,4311
2021-11-18,San Francisco,075,870044,53789,53525,2809,56334,669
2021-11-18,San Joaquin,077,732212,101435,100922,5736,106658,1832
2021-11-18,San Luis Obispo,079,281455,30021,29815,1329,31144,355
2021-11-18,San Mateo,081,765935,54325,54132,1750,55882,577
2021-11-18,Santa Barbara,083,443738,45315,45074,1726,46800,544
2021-11-18,Santa Clara,085,1922200,149581,148829,1506,150335,1917
2021-11-18,Santa Cruz,087,273765,20926,20756,1105,21861,222
2021-11-18,Shasta,089,179085,22208,21968,3771,25739,383
2021-11-18,Sierra,091,2930,194,191,23,214,0
2021-11-18,Siskiyou,093,43540,3368,3313,1381,4694,54
2021-11-18,Solano,095,438530,46181,46006,1278,47284,356
2021-11-18,Sonoma,097,501317,42330,42151,553,42704,403
2021-11-18,Stanislaus,099,539301,80823,80412,9337,89749,1205
2021-11-18,Sutter,101,95872,14124,14074,386,14460,181
2021-11-18,Tehama,103,63373,8683,8648,1567,10215,125
2021-11-18,Trinity,105,12862,797,771,206,977,17
2021-11-18,Tulare,107,460477,69517,69074,16399,85473,1054
2021-11-18,Tuolumne,109,53932,7576,7511,106,7617,90
2021-11-18,Ventura,111,848112,99210,98893,4489,103382,1186
2021-11-18,Yolo,113,214977,20197,20139,1247,21386,257
2021-11-18,Yuba,115,75493,10342,10290,375,10665,88
2021-11-17,Alameda,001,1643700,121479,120913,3047,123960,1472
2021-11-17,Alpine,003,1148,106,105,0,105,0
2021-11-17,Amador,005,37829,5667,5646,69,5715,66
2021-11-17,Butte,007,227075,21365,21230,3938,25168,300
2021-11-17,Calaveras,009,45235,4300,4259,63,4322,84
2021-11-17,Colusa,011,21464,2575,2546,674,3220,19
2021-11-17,Contra Costa,013,1133247,100830,100387,2346,102733,1039
2021-11-17,Del Norte,015,27424,3709,3630,53,3683,42
2021-11-17,El Dorado,017,186661,16407,16269,1793,18062,161
2021-11-17,Fresno,019,978130,143311,142366,12672,155038,2230
2021-11-17,Glenn,021,27897,3530,3527,1023,4550,34
2021-11-17,Humboldt,023,135768,9391,9270,664,9934,115
2021-11-17,Imperial,025,180216,34556,34256,3577,37833,766
2021-11-17,Inyo,027,18085,2493,2457,35,2492,44
2021-11-17,Kern,029,883053,130481,129307,23969,153276,1743
2021-11-17,Kings,031,150075,32884,32669,2146,34815,352
2021-11-17,Lake,033,64148,6858,6795,153,6948,110
2021-11-17,Lassen,035,31185,6989,6918,421,7339,47
2021-11-17,Los Angeles,037,10098052,1452946,1447947,58039,1505986,26721
2021-11-17,Madera,039,155013,23919,23673,2170,25843,287
2021-11-17,Marin,041,260295,17825,17757,489,18246,248
2021-11-17,Mariposa,043,17540,1391,1353,51,1404,6
2021-11-17,Mendocino,045,87422,7853,7735,633,8368,89
2021-11-17,Merced,047,269075,42887,42612,1942,44554,654
2021-11-17,Modoc,049,8938,562,540,202,742,5
2021-11-17,Mono,051,14174,1788,1765,19,1784,5
2021-11-17,Monterey,053,433212,48381,48221,4020,52241,609
2021-11-17,Napa,055,140530,13237,13167,115,13282,103
2021-11-17,Nevada,057,99092,9569,9447,349,9796,92
2021-11-17,Orange,059,3164182,310869,309396,16028,325424,5651
2021-11-17,Placer,061,380077,37995,37725,3905,41630,460
2021-11-17,Plumas,063,18699,1875,1833,52,1885,7
2021-11-17,Riverside,065,2383286,367788,365406,17330,382736,5229
2021-11-17,Sacramento,067,1510023,162037,161269,5034,166303,2302
2021-11-17,San Benito,069,59416,7550,7524,187,7711,77
2021-11-17,San Bernardino,071,2135413,360276,357947,11946,369893,5893
2021-11-17,San Diego,073,3302833,382067,379769,22168,401937,4301
2021-11-17,San Francisco,075,870044,53736,53469,2804,56273,667
2021-11-17,San Joaquin,077,732212,101333,100764,5731,106495,1828
2021-11-17,San Luis Obispo,079,281455,29997,29731,1326,31057,354
2021-11-17,San Mateo,081,765935,54269,54092,1735,55827,577
2021-11-17,Santa Barbara,083,443738,45279,45000,1726,46726,542
2021-11-17,Santa Clara,085,1922200,149419,148626,1498,150124,1915
2021-11-17,Santa Cruz,087,273765,20891,20700,1105,21805,222
2021-11-17,Shasta,089,179085,22175,21883,3769,25652,382
2021-11-17,Sierra,091,2930,193,189,23,212,0
2021-11-17,Siskiyou,093,43540,3364,3307,1378,4685,54
2021-11-17,Solano,095,438530,46148,45948,1277,47225,353
2021-11-17,Sonoma,097,501317,42283,42093,550,42643,403
2021-11-17,Stanislaus,099,539301,80732,80276,9326,89602,1199
2021-11-17,Sutter,101,95872,14112,14064,384,14448,181
2021-11-17,Tehama,103,63373,8674,8633,1564,10197,125
2021-11-17,Trinity,105,12862,796,765,206,971,17
2021-11-17,Tulare,107,460477,69448,68977,16372,85349,1047
2021-11-17,Tuolumne,109,53932,7560,7485,106,7591,90
2021-11-17,Ventura,111,848112,99151,98812,4483,103295,1183
2021-11-17,Yolo,113,214977,20179,20100,1244,21344,257
2021-11-17,Yuba,115,75493,10331,10275,371,10646,88
2021-11-16,Alameda,001,1643700,121373,120809,3043,123852,1467
2021-11-16,Alpine,003,1148,106,105,0,105,0
2021-11-16,Amador,005,37829,5661,5644,69,5713,66
2021-11-16,Butte,007,227075,21339,21208,3934,25142,297
2021-11-16,Calaveras,009,45235,4291,4249,63,4312,83
2021-11-16,Colusa,011,21464,2569,2538,674,3212,19
2021-11-16,Contra Costa,013,1133247,100708,100320,2343,102663,1038
2021-11-16,Del Norte,015,27424,3703,3630,53,3683,42
2021-11-16,El Dorado,017,186661,16383,16248,1791,18039,159
2021-11-16,Fresno,019,978130,143126,142200,12656,154856,2218
2021-11-16,Glenn,021,27897,3528,3527,1020,4547,34
2021-11-16,Humboldt,023,135768,9372,9252,659,9911,115
2021-11-16,Imperial,025,180216,34471,34177,3565,37742,766
2021-11-16,Inyo,027,18085,2486,2449,35,2484,42
2021-11-16,Kern,029,883053,130323,129136,23908,153044,1735
2021-11-16,Kings,031,150075,32833,32614,2140,34754,350
2021-11-16,Lake,033,64148,6853,6789,153,6942,110
2021-11-16,Lassen,035,31185,6979,6915,421,7336,47
2021-11-16,Los Angeles,037,10098052,1451790,1446815,57964,1504779,26703
2021-11-16,Madera,039,155013,23883,23642,2165,25807,287
2021-11-16,Marin,041,260295,17806,17736,488,18224,248
2021-11-16,Mariposa,043,17540,1383,1349,50,1399,6
2021-11-16,Mendocino,045,87422,7812,7723,629,8352,89
2021-11-16,Merced,047,269075,42849,42578,1935,44513,653
2021-11-16,Modoc,049,8938,561,539,201,740,5
2021-11-16,Mono,051,14174,1780,1767,19,1786,4
2021-11-16,Monterey,053,433212,48352,48195,4005,52200,609
2021-11-16,Napa,055,140530,13226,13151,115,13266,103
2021-11-16,Nevada,057,99092,9552,9435,348,9783,92
2021-11-16,Orange,059,3164182,310604,309170,15994,325164,5651
2021-11-16,Placer,061,380077,37951,37676,3898,41574,459
2021-11-16,Plumas,063,18699,1868,1832,52,1884,7
2021-11-16,Riverside,065,2383286,367368,365078,17307,382385,5208
2021-11-16,Sacramento,067,1510023,161864,161102,5020,166122,2299
2021-11-16,San Benito,069,59416,7536,7513,187,7700,77
2021-11-16,San Bernardino,071,2135413,359874,357528,11895,369423,5901
2021-11-16,San Diego,073,3302833,381522,379435,22138,401573,4287
2021-11-16,San Francisco,075,870044,53665,53415,2797,56212,667
2021-11-16,San Joaquin,077,732212,101193,100637,5715,106352,1807
2021-11-16,San Luis Obispo,079,281455,29968,29703,1323,31026,356
2021-11-16,San Mateo,081,765935,54213,54034,1727,55761,577
2021-11-16,Santa Barbara,083,443738,45211,44932,1723,46655,539
2021-11-16,Santa Clara,085,1922200,149244,148452,1486,149938,1916
2021-11-16,Santa Cruz,087,273765,20847,20684,1102,21786,222
2021-11-16,Shasta,089,179085,22136,21853,3765,25618,379
2021-11-16,Sierra,091,2930,193,189,23,212,0
2021-11-16,Siskiyou,093,43540,3361,3304,1376,4680,54
2021-11-16,Solano,095,438530,46108,45908,1276,47184,351
2021-11-16,Sonoma,097,501317,42234,42056,549,42605,401
2021-11-16,Stanislaus,099,539301,80636,80214,9304,89518,1196
2021-11-16,Sutter,101,95872,14100,14058,382,14440,181
2021-11-16,Tehama,103,63373,8667,8621,1557,10178,125
2021-11-16,Trinity,105,12862,796,762,205,967,17
2021-11-16,Tulare,107,460477,69369,68881,16337,85218,1039
2021-11-16,Tuolumne,109,53932,7552,7478,106,7584,90
2021-11-16,Ventura,111,848112,99076,98731,4480,103211,1183
2021-11-16,Yolo,113,214977,20143,20077,1241,21318,257
2021-11-16,Yuba,115,75493,10322,10262,369,10631,85
2021-11-15,Alameda,001,1643700,121220,120731,3038,123769,1464
2021-11-15,Alpine,003,1148,106,105,0,105,0
2021-11-15,Amador,005,37829,5657,5637,69,5706,66
2021-11-15,Butte,007,227075,21315,21182,3930,25112,296
2021-11-15,Calaveras,009,45235,4277,4237,63,4300,83
2021-11-15,Colusa,011,21464,2562,2535,671,3206,19
2021-11-15,Contra Costa,013,1133247,100604,100251,2339,102590,1038
2021-11-15,Del Norte,015,27424,3698,3630,52,3682,42
2021-11-15,El Dorado,017,186661,16359,16236,1787,18023,159
2021-11-15,Fresno,019,978130,142904,142015,12639,154654,2210
2021-11-15,Glenn,021,27897,3526,3526,1020,4546,34
2021-11-15,Humboldt,023,135768,9347,9230,649,9879,115
2021-11-15,Imperial,025,180216,34397,34130,3547,37677,766
2021-11-15,Inyo,027,18085,2481,2442,35,2477,42
2021-11-15,Kern,029,883053,130113,128928,23837,152765,1730
2021-11-15,Kings,031,150075,32799,32584,2136,34720,348
2021-11-15,Lake,033,64148,6849,6784,153,6937,109
2021-11-15,Lassen,035,31185,6969,6915,419,7334,47
2021-11-15,Los Angeles,037,10098052,1450615,1446114,57895,1504009,26677
2021-11-15,Madera,039,155013,23844,23605,2155,25760,287
2021-11-15,Marin,041,260295,17789,17723,487,18210,248
2021-11-15,Mariposa,043,17540,1380,1347,48,1395,6
2021-11-15,Mendocino,045,87422,7792,7694,623,8317,89
2021-11-15,Merced,047,269075,42789,42552,1925,44477,648
2021-11-15,Modoc,049,8938,560,538,201,739,5
2021-11-15,Mono,051,14174,1769,1763,19,1782,4
2021-11-15,Monterey,053,433212,48329,48154,3991,52145,609
2021-11-15,Napa,055,140530,13218,13143,115,13258,103
2021-11-15,Nevada,057,99092,9523,9420,348,9768,92
2021-11-15,Orange,059,3164182,310331,308859,15974,324833,5646
2021-11-15,Placer,061,380077,37886,37610,3894,41504,452
2021-11-15,Plumas,063,18699,1862,1829,52,1881,7
2021-11-15,Riverside,065,2383286,366922,364750,17287,382037,5199
2021-11-15,Sacramento,067,1510023,161645,160937,5007,165944,2293
2021-11-15,San Benito,069,59416,7531,7511,186,7697,77
2021-11-15,San Bernardino,071,2135413,359460,357306,11877,369183,5898
2021-11-15,San Diego,073,3302833,380990,378845,22112,400957,4284
2021-11-15,San Francisco,075,870044,53600,53374,2792,56166,667
2021-11-15,San Joaquin,077,732212,101042,100587,5703,106290,1799
2021-11-15,San Luis Obispo,079,281455,29925,29669,1311,30980,351
2021-11-15,San Mateo,081,765935,54168,54010,1715,55725,576
2021-11-15,Santa Barbara,083,443738,45155,44879,1717,46596,539
2021-11-15,Santa Clara,085,1922200,149021,148313,1479,149792,1914
2021-11-15,Santa Cruz,087,273765,20804,20630,1101,21731,223
2021-11-15,Shasta,089,179085,22091,21779,3760,25539,374
2021-11-15,Sierra,091,2930,193,189,23,212,0
2021-11-15,Siskiyou,093,43540,3354,3302,1374,4676,54
2021-11-15,Solano,095,438530,46071,45885,1273,47158,351
2021-11-15,Sonoma,097,501317,42186,42021,548,42569,401
2021-11-15,Stanislaus,099,539301,80550,80129,9289,89418,1174
2021-11-15,Sutter,101,95872,14087,14043,381,14424,181
2021-11-15,Tehama,103,63373,8661,8615,1556,10171,125
2021-11-15,Trinity,105,12862,795,757,205,962,17
2021-11-15,Tulare,107,460477,69282,68826,16292,85118,1039
2021-11-15,Tuolumne,109,53932,7542,7461,106,7567,90
2021-11-15,Ventura,111,848112,98991,98605,4475,103080,1183
2021-11-15,Yolo,113,214977,20114,20065,1236,21301,255
2021-11-15,Yuba,115,75493,10303,10254,365,10619,85
2021-11-14,Alameda,001,1643700,121055,120629,3033,123662,1461
2021-11-14,Alpine,003,1148,105,105,0,105,0
2021-11-14,Amador,005,37829,5650,5632,68,5700,66
2021-11-14,Butte,007,227075,21285,21146,3921,25067,296
2021-11-14,Calaveras,009,45235,4266,4222,63,4285,83
2021-11-14,Colusa,011,21464,2560,2532,668,3200,19
2021-11-14,Contra Costa,013,1133247,100495,100188,2337,102525,1038
2021-11-14,Del Norte,015,27424,3695,3629,52,3681,42
2021-11-14,El Dorado,017,186661,16318,16212,1783,17995,159
2021-11-14,Fresno,019,978130,142621,141869,12606,154475,2209
2021-11-14,Glenn,021,27897,3525,3521,1020,4541,34
2021-11-14,Humboldt,023,135768,9317,9215,639,9854,115
2021-11-14,Imperial,025,180216,34296,34078,3531,37609,766
2021-11-14,Inyo,027,18085,2470,2441,35,2476,42
2021-11-14,Kern,029,883053,129872,128842,23772,152614,1730
2021-11-14,Kings,031,150075,32742,32545,2129,34674,349
2021-11-14,Lake,033,64148,6841,6777,153,6930,109
2021-11-14,Lassen,035,31185,6959,6911,418,7329,47
2021-11-14,Los Angeles,037,10098052,1449281,1445284,57818,1503102,26667
2021-11-14,Madera,039,155013,23794,23566,2146,25712,287
2021-11-14,Marin,041,260295,17774,17712,487,18199,247
2021-11-14,Mariposa,043,17540,1371,1337,44,1381,6
2021-11-14,Mendocino,045,87422,7758,7684,619,8303,89
2021-11-14,Merced,047,269075,42699,42513,1919,44432,648
2021-11-14,Modoc,049,8938,558,538,201,739,5
2021-11-14,Mono,051,14174,1761,1760,19,1779,4
2021-11-14,Monterey,053,433212,48280,48135,3969,52104,609
2021-11-14,Napa,055,140530,13200,13132,115,13247,103
2021-11-14,Nevada,057,99092,9496,9408,348,9756,92
2021-11-14,Orange,059,3164182,310036,308699,15957,324656,5646
2021-11-14,Placer,061,380077,37805,37569,3884,41453,452
2021-11-14,Plumas,063,18699,1859,1829,51,1880,7
2021-11-14,Riverside,065,2383286,366428,364490,17270,381760,5199
2021-11-14,Sacramento,067,1510023,161411,160761,4990,165751,2295
2021-11-14,San Benito,069,59416,7521,7507,185,7692,77
2021-11-14,San Bernardino,071,2135413,358887,357014,11867,368881,5897
2021-11-14,San Diego,073,3302833,380407,377633,22074,399707,4280
2021-11-14,San Francisco,075,870044,53528,53338,2784,56122,667
2021-11-14,San Joaquin,077,732212,100917,100518,5698,106216,1799
2021-11-14,San Luis Obispo,079,281455,29843,29645,1307,30952,352
2021-11-14,San Mateo,081,765935,54118,53978,1707,55685,576
2021-11-14,Santa Barbara,083,443738,45077,44842,1714,46556,539
2021-11-14,Santa Clara,085,1922200,148827,148152,1469,149621,1913
2021-11-14,Santa Cruz,087,273765,20750,20609,1098,21707,223
2021-11-14,Shasta,089,179085,22038,21771,3747,25518,373
2021-11-14,Sierra,091,2930,193,189,23,212,0
2021-11-14,Siskiyou,093,43540,3345,3302,1373,4675,54
2021-11-14,Solano,095,438530,46016,45860,1266,47126,351
2021-11-14,Sonoma,097,501317,42120,41974,546,42520,401
2021-11-14,Stanislaus,099,539301,80417,80076,9277,89353,1174
2021-11-14,Sutter,101,95872,14070,14031,377,14408,181
2021-11-14,Tehama,103,63373,8651,8607,1554,10161,125
2021-11-14,Trinity,105,12862,792,754,203,957,17
2021-11-14,Tulare,107,460477,69164,68772,16232,85004,1037
2021-11-14,Tuolumne,109,53932,7524,7439,105,7544,90
2021-11-14,Ventura,111,848112,98872,98550,4473,103023,1183
2021-11-14,Yolo,113,214977,20087,20040,1230,21270,255
2021-11-14,Yuba,115,75493,10296,10238,363,10601,85
2021-11-13,Alameda,001,1643700,120987,120407,3031,123438,1454
2021-11-13,Alpine,003,1148,105,105,0,105,0
2021-11-13,Amador,005,37829,5649,5614,68,5682,66
2021-11-13,Butte,007,227075,21265,21104,3918,25022,296
2021-11-13,Calaveras,009,45235,4255,4203,63,4266,83
2021-11-13,Colusa,011,21464,2558,2522,668,3190,19
2021-11-13,Contra Costa,013,1133247,100422,100004,2332,102336,1028
2021-11-13,Del Norte,015,27424,3695,3629,52,3681,42
2021-11-13,El Dorado,017,186661,16307,16163,1780,17943,159
2021-11-13,Fresno,019,978130,142514,141452,12595,154047,2205
2021-11-13,Glenn,021,27897,3525,3514,1019,4533,34
2021-11-13,Humboldt,023,135768,9302,9177,633,9810,115
2021-11-13,Imperial,025,180216,34249,33990,3515,37505,766
2021-11-13,Inyo,027,18085,2464,2436,35,2471,42
2021-11-13,Kern,029,883053,129774,128472,23728,152200,1719
2021-11-13,Kings,031,150075,32723,32452,2128,34580,347
2021-11-13,Lake,033,64148,6836,6769,153,6922,109
2021-11-13,Lassen,035,31185,6954,6897,418,7315,47
2021-11-13,Los Angeles,037,10098052,1448635,1443088,57774,1500862,26649
2021-11-13,Madera,039,155013,23764,23462,2141,25603,287
2021-11-13,Marin,041,260295,17761,17684,485,18169,247
2021-11-13,Mariposa,043,17540,1368,1323,44,1367,6
2021-11-13,Mendocino,045,87422,7739,7652,617,8269,89
2021-11-13,Merced,047,269075,42661,42411,1917,44328,644
2021-11-13,Modoc,049,8938,557,536,201,737,5
2021-11-13,Mono,051,14174,1761,1750,19,1769,4
2021-11-13,Monterey,053,433212,48261,48087,3961,52048,609
2021-11-13,Napa,055,140530,13192,13110,115,13225,103
2021-11-13,Nevada,057,99092,9476,9369,346,9715,92
2021-11-13,Orange,059,3164182,309871,308211,15933,324144,5641
2021-11-13,Placer,061,380077,37756,37453,3880,41333,445
2021-11-13,Plumas,063,18699,1856,1828,51,1879,8
2021-11-13,Riverside,065,2383286,366125,363801,17263,381064,5187
2021-11-13,Sacramento,067,1510023,161281,160397,4977,165374,2291
2021-11-13,San Benito,069,59416,7508,7491,184,7675,77
2021-11-13,San Bernardino,071,2135413,358643,356325,11861,368186,5873
2021-11-13,San Diego,073,3302833,380075,377633,22044,399677,4280
2021-11-13,San Francisco,075,870044,53496,53195,2782,55977,667
2021-11-13,San Joaquin,077,732212,100862,100263,5688,105951,1799
2021-11-13,San Luis Obispo,079,281455,29813,29589,1305,30894,351
2021-11-13,San Mateo,081,765935,54088,53853,1703,55556,574
2021-11-13,Santa Barbara,083,443738,45044,44734,1714,46448,537
2021-11-13,Santa Clara,085,1922200,148709,147821,1463,149284,1905
2021-11-13,Santa Cruz,087,273765,20735,20565,1097,21662,223
2021-11-13,Shasta,089,179085,22008,21713,3743,25456,366
2021-11-13,Sierra,091,2930,192,188,23,211,0
2021-11-13,Siskiyou,093,43540,3336,3299,1372,4671,54
2021-11-13,Solano,095,438530,45989,45774,1262,47036,350
2021-11-13,Sonoma,097,501317,42086,41882,545,42427,399
2021-11-13,Stanislaus,099,539301,80341,79872,9262,89134,1174
2021-11-13,Sutter,101,95872,14060,14017,376,14393,181
2021-11-13,Tehama,103,63373,8645,8592,1550,10142,125
2021-11-13,Trinity,105,12862,791,749,203,952,17
2021-11-13,Tulare,107,460477,69096,68619,16209,84828,1033
2021-11-13,Tuolumne,109,53932,7508,7392,105,7497,90
2021-11-13,Ventura,111,848112,98810,98452,4471,102923,1183
2021-11-13,Yolo,113,214977,20071,20009,1225,21234,255
2021-11-13,Yuba,115,75493,10286,10218,361,10579,85
2021-11-12,Alameda,001,1643700,120906,120407,3028,123435,1454
2021-11-12,Alpine,003,1148,105,105,0,105,0
2021-11-12,Amador,005,37829,5642,5614,67,5681,66
2021-11-12,Butte,007,227075,21250,21104,3915,25019,296
2021-11-12,Calaveras,009,45235,4244,4203,63,4266,83
2021-11-12,Colusa,011,21464,2554,2522,667,3189,19
2021-11-12,Contra Costa,013,1133247,100368,100004,2331,102335,1028
2021-11-12,Del Norte,015,27424,3695,3629,52,3681,42
2021-11-12,El Dorado,017,186661,16288,16163,1779,17942,159
2021-11-12,Fresno,019,978130,142373,141452,12585,154037,2205
2021-11-12,Glenn,021,27897,3522,3514,1018,4532,34
2021-11-12,Humboldt,023,135768,9295,9177,631,9808,115
2021-11-12,Imperial,025,180216,34220,33990,3505,37495,766
2021-11-12,Inyo,027,18085,2460,2436,35,2471,42
2021-11-12,Kern,029,883053,129636,128472,23697,152169,1719
2021-11-12,Kings,031,150075,32697,32452,2127,34579,347
2021-11-12,Lake,033,64148,6832,6769,153,6922,109
2021-11-12,Lassen,035,31185,6950,6897,417,7314,47
2021-11-12,Los Angeles,037,10098052,1447921,1443088,57727,1500815,26649
2021-11-12,Madera,039,155013,23735,23462,2135,25597,287
2021-11-12,Marin,041,260295,17745,17684,484,18168,247
2021-11-12,Mariposa,043,17540,1362,1323,44,1367,6
2021-11-12,Mendocino,045,87422,7729,7652,614,8266,89
2021-11-12,Merced,047,269075,42634,42411,1915,44326,644
2021-11-12,Modoc,049,8938,556,536,201,737,5
2021-11-12,Mono,051,14174,1760,1750,19,1769,4
2021-11-12,Monterey,053,433212,48242,48087,3942,52029,609
2021-11-12,Napa,055,140530,13183,13110,115,13225,103
2021-11-12,Nevada,057,99092,9463,9369,345,9714,92
2021-11-12,Orange,059,3164182,309682,308211,15917,324128,5641
2021-11-12,Placer,061,380077,37715,37453,3877,41330,445
2021-11-12,Plumas,063,18699,1851,1828,51,1879,8
2021-11-12,Riverside,065,2383286,365857,363801,17259,381060,5187
2021-11-12,Sacramento,067,1510023,161122,160397,4972,165369,2291
2021-11-12,San Benito,069,59416,7508,7491,184,7675,77
2021-11-12,San Bernardino,071,2135413,358348,356325,11855,368180,5873
2021-11-12,San Diego,073,3302833,379712,377633,22018,399651,4280
2021-11-12,San Francisco,075,870044,53461,53195,2778,55973,667
2021-11-12,San Joaquin,077,732212,100819,100263,5682,105945,1799
2021-11-12,San Luis Obispo,079,281455,29784,29589,1304,30893,351
2021-11-12,San Mateo,081,765935,54041,53853,1698,55551,574
2021-11-12,Santa Barbara,083,443738,44989,44734,1713,46447,537
2021-11-12,Santa Clara,085,1922200,148567,147821,1458,149279,1905
2021-11-12,Santa Cruz,087,273765,20708,20565,1095,21660,223
2021-11-12,Shasta,089,179085,21980,21713,3739,25452,366
2021-11-12,Sierra,091,2930,191,188,23,211,0
2021-11-12,Siskiyou,093,43540,3335,3299,1370,4669,54
2021-11-12,Solano,095,438530,45963,45774,1259,47033,350
2021-11-12,Sonoma,097,501317,42045,41882,545,42427,399
2021-11-12,Stanislaus,099,539301,80289,79872,9254,89126,1174
2021-11-12,Sutter,101,95872,14052,14017,376,14393,181
2021-11-12,Tehama,103,63373,8641,8592,1549,10141,125
2021-11-12,Trinity,105,12862,784,749,203,952,17
2021-11-12,Tulare,107,460477,69053,68619,16174,84793,1033
2021-11-12,Tuolumne,109,53932,7496,7392,104,7496,90
2021-11-12,Ventura,111,848112,98745,98452,4470,102922,1183
2021-11-12,Yolo,113,214977,20058,20009,1219,21228,255
2021-11-12,Yuba,115,75493,10277,10218,360,10578,85
2021-11-11,Alameda,001,1643700,120791,120147,3020,123167,1453
2021-11-11,Alpine,003,1148,105,105,0,105,0
2021-11-11,Amador,005,37829,5638,5603,66,5669,66
2021-11-11,Butte,007,227075,21208,21047,3910,24957,293
2021-11-11,Calaveras,009,45235,4226,4179,63,4242,83
2021-11-11,Colusa,011,21464,2546,2518,665,3183,19
2021-11-11,Contra Costa,013,1133247,100264,99808,2325,102133,1028
2021-11-11,Del Norte,015,27424,3693,3622,52,3674,42
2021-11-11,El Dorado,017,186661,16255,16085,1776,17861,159
2021-11-11,Fresno,019,978130,142172,140833,12560,153393,2202
2021-11-11,Glenn,021,27897,3520,3503,1018,4521,34
2021-11-11,Humboldt,023,135768,9273,9125,628,9753,115
2021-11-11,Imperial,025,180216,34151,33844,3483,37327,766
2021-11-11,Inyo,027,18085,2455,2428,35,2463,42
2021-11-11,Kern,029,883053,129453,128023,23634,151657,1709
2021-11-11,Kings,031,150075,32647,32318,2124,34442,345
2021-11-11,Lake,033,64148,6826,6745,153,6898,107
2021-11-11,Lassen,035,31185,6944,6875,417,7292,47
2021-11-11,Los Angeles,037,10098052,1446839,1440436,57665,1498101,26614
2021-11-11,Madera,039,155013,23688,23316,2126,25442,287
2021-11-11,Marin,041,260295,17735,17639,484,18123,247
2021-11-11,Mariposa,043,17540,1352,1317,43,1360,6
2021-11-11,Mendocino,045,87422,7716,7612,603,8215,89
2021-11-11,Merced,047,269075,42581,42292,1913,44205,643
2021-11-11,Modoc,049,8938,554,536,201,737,5
2021-11-11,Mono,051,14174,1751,1743,19,1762,4
2021-11-11,Monterey,053,433212,48213,48008,3924,51932,609
2021-11-11,Napa,055,140530,13174,13075,115,13190,103
2021-11-11,Nevada,057,99092,9441,9308,345,9653,92
2021-11-11,Orange,059,3164182,309414,307674,15885,323559,5633
2021-11-11,Placer,061,380077,37664,37333,3868,41201,440
2021-11-11,Plumas,063,18699,1847,1814,51,1865,7
2021-11-11,Riverside,065,2383286,365422,362930,17241,380171,5175
2021-11-11,Sacramento,067,1510023,160912,159962,4952,164914,2289
2021-11-11,San Benito,069,59416,7500,7473,184,7657,76
2021-11-11,San Bernardino,071,2135413,357937,355413,11844,367257,5849
2021-11-11,San Diego,073,3302833,379206,376428,21994,398422,4272
2021-11-11,San Francisco,075,870044,53403,53063,2774,55837,666
2021-11-11,San Joaquin,077,732212,100723,99937,5666,105603,1799
2021-11-11,San Luis Obispo,079,281455,29733,29532,1302,30834,351
2021-11-11,San Mateo,081,765935,54002,53722,1682,55404,574
2021-11-11,Santa Barbara,083,443738,44932,44603,1710,46313,534
2021-11-11,Santa Clara,085,1922200,148384,147458,1451,148909,1901
2021-11-11,Santa Cruz,087,273765,20666,20479,1094,21573,222
2021-11-11,Shasta,089,179085,21935,21600,3738,25338,364
2021-11-11,Sierra,091,2930,190,186,23,209,0
2021-11-11,Siskiyou,093,43540,3329,3297,1369,4666,53
2021-11-11,Solano,095,438530,45925,45679,1258,46937,350
2021-11-11,Sonoma,097,501317,42010,41774,545,42319,395
2021-11-11,Stanislaus,099,539301,80205,79570,9242,88812,1166
2021-11-11,Sutter,101,95872,14039,13993,375,14368,181
2021-11-11,Tehama,103,63373,8629,8565,1547,10112,125
2021-11-11,Trinity,105,12862,783,748,203,951,17
2021-11-11,Tulare,107,460477,68961,68367,16135,84502,1028
2021-11-11,Tuolumne,109,53932,7484,7354,104,7458,90
2021-11-11,Ventura,111,848112,98658,98297,4464,102761,1182
2021-11-11,Yolo,113,214977,20031,19946,1217,21163,255
2021-11-11,Yuba,115,75493,10261,10191,360,10551,85
2021-11-10,Alameda,001,1643700,120685,120147,3010,123157,1453
2021-11-10,Alpine,003,1148,105,105,0,105,0
2021-11-10,Amador,005,37829,5632,5603,66,5669,66
2021-11-10,Butte,007,227075,21182,21047,3906,24953,293
2021-11-10,Calaveras,009,45235,4215,4179,63,4242,83
2021-11-10,Colusa,011,21464,2541,2518,665,3183,19
2021-11-10,Contra Costa,013,1133247,100182,99808,2321,102129,1028
2021-11-10,Del Norte,015,27424,3692,3622,52,3674,42
2021-11-10,El Dorado,017,186661,16239,16085,1775,17860,159
2021-11-10,Fresno,019,978130,141993,140833,12550,153383,2202
2021-11-10,Glenn,021,27897,3520,3503,1017,4520,34
2021-11-10,Humboldt,023,135768,9255,9125,628,9753,115
2021-11-10,Imperial,025,180216,34097,33844,3464,37308,766
2021-11-10,Inyo,027,18085,2448,2428,35,2463,42
2021-11-10,Kern,029,883053,129305,128023,23578,151601,1709
2021-11-10,Kings,031,150075,32614,32318,2122,34440,345
2021-11-10,Lake,033,64148,6816,6745,153,6898,107
2021-11-10,Lassen,035,31185,6939,6875,417,7292,47
2021-11-10,Los Angeles,037,10098052,1445899,1440436,57608,1498044,26614
2021-11-10,Madera,039,155013,23639,23316,2122,25438,287
2021-11-10,Marin,041,260295,17722,17639,482,18121,247
2021-11-10,Mariposa,043,17540,1346,1317,43,1360,6
2021-11-10,Mendocino,045,87422,7704,7612,602,8214,89
2021-11-10,Merced,047,269075,42545,42292,1911,44203,643
2021-11-10,Modoc,049,8938,553,536,200,736,5
2021-11-10,Mono,051,14174,1749,1743,19,1762,4
2021-11-10,Monterey,053,433212,48187,48008,3905,51913,609
2021-11-10,Napa,055,140530,13160,13075,114,13189,103
2021-11-10,Nevada,057,99092,9434,9308,343,9651,92
2021-11-10,Orange,059,3164182,309157,307674,15857,323531,5633
2021-11-10,Placer,061,380077,37618,37333,3861,41194,440
2021-11-10,Plumas,063,18699,1844,1814,50,1864,7
2021-11-10,Riverside,065,2383286,365039,362930,17235,380165,5175
2021-11-10,Sacramento,067,1510023,160761,159962,4942,164904,2289
2021-11-10,San Benito,069,59416,7492,7473,184,7657,76
2021-11-10,San Bernardino,071,2135413,357603,355413,11840,367253,5849
2021-11-10,San Diego,073,3302833,378802,376428,21969,398397,4272
2021-11-10,San Francisco,075,870044,53342,53063,2770,55833,666
2021-11-10,San Joaquin,077,732212,100615,99937,5659,105596,1799
2021-11-10,San Luis Obispo,079,281455,29703,29532,1301,30833,351
2021-11-10,San Mateo,081,765935,53956,53722,1677,55399,574
2021-11-10,Santa Barbara,083,443738,44894,44603,1709,46312,534
2021-11-10,Santa Clara,085,1922200,148241,147458,1444,148902,1901
2021-11-10,Santa Cruz,087,273765,20640,20479,1093,21572,222
2021-11-10,Shasta,089,179085,21898,21600,3736,25336,364
2021-11-10,Sierra,091,2930,189,186,23,209,0
2021-11-10,Siskiyou,093,43540,3327,3297,1369,4666,53
2021-11-10,Solano,095,438530,45896,45679,1256,46935,350
2021-11-10,Sonoma,097,501317,41960,41774,545,42319,395
2021-11-10,Stanislaus,099,539301,80105,79570,9227,88797,1166
2021-11-10,Sutter,101,95872,14031,13993,375,14368,181
2021-11-10,Tehama,103,63373,8619,8565,1541,10106,125
2021-11-10,Trinity,105,12862,780,748,202,950,17
2021-11-10,Tulare,107,460477,68902,68367,16095,84462,1028
2021-11-10,Tuolumne,109,53932,7460,7354,104,7458,90
2021-11-10,Ventura,111,848112,98582,98297,4464,102761,1182
2021-11-10,Yolo,113,214977,20013,19946,1217,21163,255
2021-11-10,Yuba,115,75493,10252,10191,360,10551,85
2021-11-09,Alameda,001,1643700,120550,120051,3001,123052,1450
2021-11-09,Alpine,003,1148,105,105,0,105,0
2021-11-09,Amador,005,37829,5628,5596,66,5662,66
2021-11-09,Butte,007,227075,21161,21022,3904,24926,291
2021-11-09,Calaveras,009,45235,4211,4174,63,4237,84
2021-11-09,Colusa,011,21464,2536,2517,664,3181,19
2021-11-09,Contra Costa,013,1133247,100089,99732,2314,102046,1028
2021-11-09,Del Norte,015,27424,3691,3620,52,3672,42
2021-11-09,El Dorado,017,186661,16205,16073,1770,17843,160
2021-11-09,Fresno,019,978130,141752,140666,12536,153202,2188
2021-11-09,Glenn,021,27897,3515,3499,1016,4515,34
2021-11-09,Humboldt,023,135768,9232,9112,623,9735,115
2021-11-09,Imperial,025,180216,34045,33751,3450,37201,766
2021-11-09,Inyo,027,18085,2444,2404,35,2439,42
2021-11-09,Kern,029,883053,129071,127901,23519,151420,1694
2021-11-09,Kings,031,150075,32548,32279,2118,34397,344
2021-11-09,Lake,033,64148,6807,6743,153,6896,106
2021-11-09,Lassen,035,31185,6927,6846,417,7263,47
2021-11-09,Los Angeles,037,10098052,1444667,1439125,57545,1496670,26581
2021-11-09,Madera,039,155013,23588,23285,2114,25399,287
2021-11-09,Marin,041,260295,17703,17630,480,18110,247
2021-11-09,Mariposa,043,17540,1339,1317,42,1359,5
2021-11-09,Mendocino,045,87422,7681,7598,596,8194,85
2021-11-09,Merced,047,269075,42503,42251,1906,44157,613
2021-11-09,Modoc,049,8938,552,536,198,734,5
2021-11-09,Mono,051,14174,1744,1738,19,1757,4
2021-11-09,Monterey,053,433212,48155,47975,3873,51848,609
2021-11-09,Napa,055,140530,13142,13051,114,13165,103
2021-11-09,Nevada,057,99092,9416,9288,343,9631,92
2021-11-09,Orange,059,3164182,308875,307412,15832,323244,5621
2021-11-09,Placer,061,380077,37565,37291,3844,41135,440
2021-11-09,Plumas,063,18699,1842,1802,50,1852,7
2021-11-09,Riverside,065,2383286,364572,362557,17220,379777,5160
2021-11-09,Sacramento,067,1510023,160535,159856,4929,164785,2286
2021-11-09,San Benito,069,59416,7482,7471,183,7654,76
2021-11-09,San Bernardino,071,2135413,357161,354972,11824,366796,5839
2021-11-09,San Diego,073,3302833,378311,375997,21938,397935,4272
2021-11-09,San Francisco,075,870044,53271,52996,2763,55759,666
2021-11-09,San Joaquin,077,732212,100440,99848,5646,105494,1794
2021-11-09,San Luis Obispo,079,281455,29662,29488,1300,30788,350
2021-11-09,San Mateo,081,765935,53912,53697,1663,55360,574
2021-11-09,Santa Barbara,083,443738,44827,44579,1702,46281,533
2021-11-09,Santa Clara,085,1922200,148036,147281,1437,148718,1901
2021-11-09,Santa Cruz,087,273765,20605,20463,1092,21555,222
2021-11-09,Shasta,089,179085,21843,21558,3731,25289,364
2021-11-09,Sierra,091,2930,189,186,23,209,0
2021-11-09,Siskiyou,093,43540,3325,3295,1367,4662,52
2021-11-09,Solano,095,438530,45841,45639,1255,46894,350
2021-11-09,Sonoma,097,501317,41906,41727,544,42271,395
2021-11-09,Stanislaus,099,539301,80001,79505,9213,88718,1165
2021-11-09,Sutter,101,95872,14016,13988,373,14361,180
2021-11-09,Tehama,103,63373,8603,8555,1539,10094,125
2021-11-09,Trinity,105,12862,779,746,202,948,17
2021-11-09,Tulare,107,460477,68800,68298,16054,84352,1024
2021-11-09,Tuolumne,109,53932,7441,7347,104,7451,90
2021-11-09,Ventura,111,848112,98505,98202,4459,102661,1182
2021-11-09,Yolo,113,214977,19991,19931,1213,21144,255
2021-11-09,Yuba,115,75493,10235,10175,354,10529,85
2021-11-08,Alameda,001,1643700,120409,119983,2994,122977,1447
2021-11-08,Alpine,003,1148,105,105,0,105,0
2021-11-08,Amador,005,37829,5622,5590,66,5656,66
2021-11-08,Butte,007,227075,21133,21000,3896,24896,288
2021-11-08,Calaveras,009,45235,4203,4166,63,4229,82
2021-11-08,Colusa,011,21464,2535,2514,663,3177,19
2021-11-08,Contra Costa,013,1133247,99990,99669,2309,101978,1028
2021-11-08,Del Norte,015,27424,3687,3619,52,3671,42
2021-11-08,El Dorado,017,186661,16188,16055,1765,17820,156
2021-11-08,Fresno,019,978130,141454,140466,12519,152985,2179
2021-11-08,Glenn,021,27897,3512,3496,1012,4508,34
2021-11-08,Humboldt,023,135768,9205,9095,613,9708,109
2021-11-08,Imperial,025,180216,33966,33690,3431,37121,766
2021-11-08,Inyo,027,18085,2438,2398,35,2433,41
2021-11-08,Kern,029,883053,128841,127722,23435,151157,1692
2021-11-08,Kings,031,150075,32502,32248,2117,34365,344
2021-11-08,Lake,033,64148,6801,6737,153,6890,106
2021-11-08,Lassen,035,31185,6920,6830,415,7245,46
2021-11-08,Los Angeles,037,10098052,1443336,1438322,57485,1495807,26575
2021-11-08,Madera,039,155013,23539,23253,2104,25357,287
2021-11-08,Marin,041,260295,17686,17617,477,18094,247
2021-11-08,Mariposa,043,17540,1330,1316,41,1357,5
2021-11-08,Mendocino,045,87422,7667,7581,590,8171,85
2021-11-08,Merced,047,269075,42433,42224,1897,44121,607
2021-11-08,Modoc,049,8938,551,529,198,727,5
2021-11-08,Mono,051,14174,1738,1739,19,1758,4
2021-11-08,Monterey,053,433212,48128,47942,3838,51780,602
2021-11-08,Napa,055,140530,13128,13045,114,13159,103
2021-11-08,Nevada,057,99092,9398,9278,341,9619,92
2021-11-08,Orange,059,3164182,308603,307156,15800,322956,5616
2021-11-08,Placer,061,380077,37511,37250,3841,41091,439
2021-11-08,Plumas,063,18699,1841,1788,49,1837,7
2021-11-08,Riverside,065,2383286,364122,362201,17205,379406,5152
2021-11-08,Sacramento,067,1510023,160319,159735,4908,164643,2275
2021-11-08,San Benito,069,59416,7480,7461,183,7644,75
2021-11-08,San Bernardino,071,2135413,356660,354741,11802,366543,5836
2021-11-08,San Diego,073,3302833,377735,375557,21889,397446,4259
2021-11-08,San Francisco,075,870044,53218,52942,2757,55699,666
2021-11-08,San Joaquin,077,732212,100326,99736,5644,105380,1794
2021-11-08,San Luis Obispo,079,281455,29613,29464,1297,30761,350
2021-11-08,San Mateo,081,765935,53840,53658,1655,55313,574
2021-11-08,Santa Barbara,083,443738,44773,44548,1701,46249,532
2021-11-08,Santa Clara,085,1922200,147815,147183,1431,148614,1899
2021-11-08,Santa Cruz,087,273765,20576,20435,1092,21527,222
2021-11-08,Shasta,089,179085,21797,21504,3725,25229,354
2021-11-08,Sierra,091,2930,189,183,23,206,0
2021-11-08,Siskiyou,093,43540,3321,3290,1356,4646,50
2021-11-08,Solano,095,438530,45800,45613,1253,46866,350
2021-11-08,Sonoma,097,501317,41840,41669,542,42211,395
2021-11-08,Stanislaus,099,539301,79848,79417,9200,88617,1150
2021-11-08,Sutter,101,95872,14008,13976,369,14345,180
2021-11-08,Tehama,103,63373,8593,8534,1539,10073,123
2021-11-08,Trinity,105,12862,779,743,201,944,13
2021-11-08,Tulare,107,460477,68685,68199,16016,84215,1020
2021-11-08,Tuolumne,109,53932,7422,7328,103,7431,90
2021-11-08,Ventura,111,848112,98413,98144,4456,102600,1182
2021-11-08,Yolo,113,214977,19953,19916,1208,21124,255
2021-11-08,Yuba,115,75493,10224,10172,351,10523,83
2021-11-07,Alameda,001,1643700,120256,119902,2988,122890,1444
2021-11-07,Alpine,003,1148,105,105,0,105,0
2021-11-07,Amador,005,37829,5615,5580,64,5644,66
2021-11-07,Butte,007,227075,21093,20969,3890,24859,288
2021-11-07,Calaveras,009,45235,4176,4158,62,4220,82
2021-11-07,Colusa,011,21464,2528,2511,661,3172,19
2021-11-07,Contra Costa,013,1133247,99881,99596,2302,101898,1028
2021-11-07,Del Norte,015,27424,3685,3617,52,3669,42
2021-11-07,El Dorado,017,186661,16151,16040,1762,17802,156
2021-11-07,Fresno,019,978130,141112,140263,12497,152760,2179
2021-11-07,Glenn,021,27897,3505,3493,1011,4504,34
2021-11-07,Humboldt,023,135768,9180,9074,609,9683,109
2021-11-07,Imperial,025,180216,33893,33674,3412,37086,766
2021-11-07,Inyo,027,18085,2425,2394,35,2429,41
2021-11-07,Kern,029,883053,128572,127583,23344,150927,1692
2021-11-07,Kings,031,150075,32413,32221,2111,34332,343
2021-11-07,Lake,033,64148,6785,6734,152,6886,106
2021-11-07,Lassen,035,31185,6911,6819,411,7230,46
2021-11-07,Los Angeles,037,10098052,1441865,1437314,57406,1494720,26573
2021-11-07,Madera,039,155013,23493,23225,2098,25323,287
2021-11-07,Marin,041,260295,17666,17594,476,18070,247
2021-11-07,Mariposa,043,17540,1329,1306,41,1347,5
2021-11-07,Mendocino,045,87422,7638,7567,586,8153,85
2021-11-07,Merced,047,269075,42352,42186,1867,44053,607
2021-11-07,Modoc,049,8938,548,528,197,725,5
2021-11-07,Mono,051,14174,1734,1739,19,1758,4
2021-11-07,Monterey,053,433212,48090,47924,3821,51745,602
2021-11-07,Napa,055,140530,13107,13041,114,13155,103
2021-11-07,Nevada,057,99092,9350,9254,341,9595,92
2021-11-07,Orange,059,3164182,308286,306954,15765,322719,5616
2021-11-07,Placer,061,380077,37434,37202,3826,41028,439
2021-11-07,Plumas,063,18699,1834,1787,48,1835,7
2021-11-07,Riverside,065,2383286,363591,361960,17185,379145,5152
2021-11-07,Sacramento,067,1510023,160088,159549,4890,164439,2277
2021-11-07,San Benito,069,59416,7467,7460,183,7643,75
2021-11-07,San Bernardino,071,2135413,356162,354488,11779,366267,5832
2021-11-07,San Diego,073,3302833,377155,375165,21853,397018,4250
2021-11-07,San Francisco,075,870044,53137,52868,2748,55616,666
2021-11-07,San Joaquin,077,732212,100142,99696,5638,105334,1794
2021-11-07,San Luis Obispo,079,281455,29563,29454,1293,30747,350
2021-11-07,San Mateo,081,765935,53781,53600,1653,55253,574
2021-11-07,Santa Barbara,083,443738,44710,44501,1700,46201,532
2021-11-07,Santa Clara,085,1922200,147616,147054,1418,148472,1898
2021-11-07,Santa Cruz,087,273765,20518,20397,1091,21488,222
2021-11-07,Shasta,089,179085,21753,21479,3719,25198,354
2021-11-07,Sierra,091,2930,187,183,23,206,0
2021-11-07,Siskiyou,093,43540,3316,3289,1353,4642,51
2021-11-07,Solano,095,438530,45748,45582,1248,46830,350
2021-11-07,Sonoma,097,501317,41791,41630,542,42172,395
2021-11-07,Stanislaus,099,539301,79696,79351,9181,88532,1150
2021-11-07,Sutter,101,95872,13994,13964,366,14330,180
2021-11-07,Tehama,103,63373,8570,8528,1537,10065,121
2021-11-07,Trinity,105,12862,778,742,200,942,13
2021-11-07,Tulare,107,460477,68533,68145,15972,84117,1020
2021-11-07,Tuolumne,109,53932,7404,7300,101,7401,90
2021-11-07,Ventura,111,848112,98309,98085,4454,102539,1182
2021-11-07,Yolo,113,214977,19933,19899,1203,21102,255
2021-11-07,Yuba,115,75493,10207,10162,346,10508,83
2021-11-06,Alameda,001,1643700,120200,119499,2985,122484,1436
2021-11-06,Alpine,003,1148,105,105,0,105,0
2021-11-06,Amador,005,37829,5609,5557,64,5621,66
2021-11-06,Butte,007,227075,21073,20796,3888,24684,288
2021-11-06,Calaveras,009,45235,4168,4105,62,4167,82
2021-11-06,Colusa,011,21464,2527,2501,660,3161,19
2021-11-06,Contra Costa,013,1133247,99826,99282,2300,101582,1025
2021-11-06,Del Norte,015,27424,3682,3607,52,3659,42
2021-11-06,El Dorado,017,186661,16134,15958,1762,17720,156
2021-11-06,Fresno,019,978130,140995,139249,12495,151744,2170
2021-11-06,Glenn,021,27897,3502,3479,1011,4490,33
2021-11-06,Humboldt,023,135768,9168,8972,605,9577,109
2021-11-06,Imperial,025,180216,33847,33471,3406,36877,766
2021-11-06,Inyo,027,18085,2419,2353,35,2388,41
2021-11-06,Kern,029,883053,128438,126848,23291,150139,1684
2021-11-06,Kings,031,150075,32381,32018,2106,34124,342
2021-11-06,Lake,033,64148,6783,6695,152,6847,106
2021-11-06,Lassen,035,31185,6906,6796,410,7206,46
2021-11-06,Los Angeles,037,10098052,1441093,1433081,57361,1490442,26533
2021-11-06,Madera,039,155013,23457,22994,2088,25082,287
2021-11-06,Marin,041,260295,17647,17520,473,17993,247
2021-11-06,Mariposa,043,17540,1327,1282,41,1323,5
2021-11-06,Mendocino,045,87422,7616,7486,586,8072,85
2021-11-06,Merced,047,269075,42328,41958,1859,43817,604
2021-11-06,Modoc,049,8938,547,523,197,720,5
2021-11-06,Mono,051,14174,1733,1725,19,1744,4
2021-11-06,Monterey,053,433212,48065,47830,3804,51634,602
2021-11-06,Napa,055,140530,13096,12950,114,13064,103
2021-11-06,Nevada,057,99092,9328,9169,340,9509,91
2021-11-06,Orange,059,3164182,308080,306049,15740,321789,5611
2021-11-06,Placer,061,380077,37393,36967,3823,40790,438
2021-11-06,Plumas,063,18699,1830,1755,47,1802,7
2021-11-06,Riverside,065,2383286,363274,360584,17176,377760,5138
2021-11-06,Sacramento,067,1510023,159992,158766,4885,163651,2263
2021-11-06,San Benito,069,59416,7460,7429,183,7612,75
2021-11-06,San Bernardino,071,2135413,355897,353142,11775,364917,5813
2021-11-06,San Diego,073,3302833,376814,373423,21834,395257,4246
2021-11-06,San Francisco,075,870044,53083,52556,2745,55301,666
2021-11-06,San Joaquin,077,732212,100087,99372,5637,105009,1782
2021-11-06,San Luis Obispo,079,281455,29535,29335,1288,30623,350
2021-11-06,San Mateo,081,765935,53752,53442,1648,55090,574
2021-11-06,Santa Barbara,083,443738,44674,44301,1699,46000,532
2021-11-06,Santa Clara,085,1922200,147473,146519,1413,147932,1894
2021-11-06,Santa Cruz,087,273765,20499,20311,1089,21400,222
2021-11-06,Shasta,089,179085,21732,21281,3714,24995,349
2021-11-06,Sierra,091,2930,187,181,23,204,0
2021-11-06,Siskiyou,093,43540,3316,3279,1351,4630,48
2021-11-06,Solano,095,438530,45718,45465,1247,46712,350
2021-11-06,Sonoma,097,501317,41742,41398,541,41939,395
2021-11-06,Stanislaus,099,539301,79628,78902,9175,88077,1193
2021-11-06,Sutter,101,95872,13990,13908,365,14273,180
2021-11-06,Tehama,103,63373,8560,8474,1535,10009,120
2021-11-06,Trinity,105,12862,776,732,200,932,11
2021-11-06,Tulare,107,460477,68485,67767,15943,83710,1010
2021-11-06,Tuolumne,109,53932,7391,7245,101,7346,90
2021-11-06,Ventura,111,848112,98243,97770,4450,102220,1180
2021-11-06,Yolo,113,214977,19914,19827,1199,21026,255
2021-11-06,Yuba,115,75493,10193,10107,346,10453,83
2021-11-05,Alameda,001,1643700,120121,119499,2983,122482,1436
2021-11-05,Alpine,003,1148,105,105,0,105,0
2021-11-05,Amador,005,37829,5605,5557,64,5621,66
2021-11-05,Butte,007,227075,21060,20796,3887,24683,288
2021-11-05,Calaveras,009,45235,4163,4105,62,4167,82
2021-11-05,Colusa,011,21464,2527,2501,659,3160,19
2021-11-05,Contra Costa,013,1133247,99761,99282,2298,101580,1025
2021-11-05,Del Norte,015,27424,3680,3607,52,3659,42
2021-11-05,El Dorado,017,186661,16117,15958,1756,17714,156
2021-11-05,Fresno,019,978130,140816,139249,12486,151735,2170
2021-11-05,Glenn,021,27897,3502,3479,1011,4490,33
2021-11-05,Humboldt,023,135768,9154,8972,605,9577,109
2021-11-05,Imperial,025,180216,33813,33471,3403,36874,766
2021-11-05,Inyo,027,18085,2411,2353,35,2388,41
2021-11-05,Kern,029,883053,128310,126848,23235,150083,1684
2021-11-05,Kings,031,150075,32358,32018,2105,34123,342
2021-11-05,Lake,033,64148,6776,6695,152,6847,106
2021-11-05,Lassen,035,31185,6902,6796,409,7205,46
2021-11-05,Los Angeles,037,10098052,1440278,1433081,57322,1490403,26533
2021-11-05,Madera,039,155013,23419,22994,2087,25081,287
2021-11-05,Marin,041,260295,17625,17520,472,17992,247
2021-11-05,Mariposa,043,17540,1324,1282,41,1323,5
2021-11-05,Mendocino,045,87422,7606,7486,585,8071,85
2021-11-05,Merced,047,269075,42302,41958,1855,43813,604
2021-11-05,Modoc,049,8938,547,523,197,720,5
2021-11-05,Mono,051,14174,1733,1725,19,1744,4
2021-11-05,Monterey,053,433212,48042,47830,3797,51627,602
2021-11-05,Napa,055,140530,13074,12950,114,13064,103
2021-11-05,Nevada,057,99092,9315,9169,340,9509,91
2021-11-05,Orange,059,3164182,307891,306049,15719,321768,5611
2021-11-05,Placer,061,380077,37368,36967,3813,40780,438
2021-11-05,Plumas,063,18699,1823,1755,47,1802,7
2021-11-05,Riverside,065,2383286,362934,360584,17165,377749,5138
2021-11-05,Sacramento,067,1510023,159868,158766,4879,163645,2263
2021-11-05,San Benito,069,59416,7458,7429,182,7611,75
2021-11-05,San Bernardino,071,2135413,355572,353142,11764,364906,5813
2021-11-05,San Diego,073,3302833,376447,373423,21821,395244,4246
2021-11-05,San Francisco,075,870044,53033,52556,2741,55297,666
2021-11-05,San Joaquin,077,732212,100034,99372,5628,105000,1782
2021-11-05,San Luis Obispo,079,281455,29513,29335,1288,30623,350
2021-11-05,San Mateo,081,765935,53714,53442,1646,55088,574
2021-11-05,Santa Barbara,083,443738,44630,44301,1699,46000,532
2021-11-05,Santa Clara,085,1922200,147336,146519,1412,147931,1894
2021-11-05,Santa Cruz,087,273765,20475,20311,1088,21399,222
2021-11-05,Shasta,089,179085,21700,21281,3709,24990,349
2021-11-05,Sierra,091,2930,187,181,23,204,0
2021-11-05,Siskiyou,093,43540,3312,3279,1349,4628,48
2021-11-05,Solano,095,438530,45679,45465,1244,46709,350
2021-11-05,Sonoma,097,501317,41702,41398,541,41939,395
2021-11-05,Stanislaus,099,539301,79570,78902,9165,88067,1193
2021-11-05,Sutter,101,95872,13982,13908,364,14272,180
2021-11-05,Tehama,103,63373,8553,8474,1534,10008,120
2021-11-05,Trinity,105,12862,776,732,200,932,11
2021-11-05,Tulare,107,460477,68415,67767,15906,83673,1010
2021-11-05,Tuolumne,109,53932,7374,7245,101,7346,90
2021-11-05,Ventura,111,848112,98198,97770,4447,102217,1180
2021-11-05,Yolo,113,214977,19904,19827,1198,21025,255
2021-11-05,Yuba,115,75493,10180,10107,344,10451,83
2021-11-04,Alameda,001,1643700,120011,119499,2977,122476,1436
2021-11-04,Alpine,003,1148,105,105,0,105,0
2021-11-04,Amador,005,37829,5597,5557,64,5621,66
2021-11-04,Butte,007,227075,21018,20796,3880,24676,288
2021-11-04,Calaveras,009,45235,4149,4105,60,4165,82
2021-11-04,Colusa,011,21464,2521,2501,658,3159,19
2021-11-04,Contra Costa,013,1133247,99668,99282,2293,101575,1025
2021-11-04,Del Norte,015,27424,3677,3607,52,3659,42
2021-11-04,El Dorado,017,186661,16091,15958,1752,17710,156
2021-11-04,Fresno,019,978130,140538,139249,12480,151729,2170
2021-11-04,Glenn,021,27897,3497,3479,1010,4489,33
2021-11-04,Humboldt,023,135768,9129,8972,602,9574,109
2021-11-04,Imperial,025,180216,33755,33471,3394,36865,766
2021-11-04,Inyo,027,18085,2403,2353,35,2388,41
2021-11-04,Kern,029,883053,128078,126848,23170,150018,1684
2021-11-04,Kings,031,150075,32277,32018,2097,34115,342
2021-11-04,Lake,033,64148,6766,6695,150,6845,106
2021-11-04,Lassen,035,31185,6892,6796,404,7200,46
2021-11-04,Los Angeles,037,10098052,1438985,1433081,57235,1490316,26533
2021-11-04,Madera,039,155013,23364,22994,2077,25071,287
2021-11-04,Marin,041,260295,17613,17520,470,17990,247
2021-11-04,Mariposa,043,17540,1315,1282,41,1323,5
2021-11-04,Mendocino,045,87422,7593,7486,579,8065,85
2021-11-04,Merced,047,269075,42248,41958,1851,43809,604
2021-11-04,Modoc,049,8938,546,523,197,720,5
2021-11-04,Mono,051,14174,1730,1725,19,1744,4
2021-11-04,Monterey,053,433212,48007,47830,3773,51603,602
2021-11-04,Napa,055,140530,13053,12950,114,13064,103
2021-11-04,Nevada,057,99092,9284,9169,339,9508,91
2021-11-04,Orange,059,3164182,307645,306049,15700,321749,5611
2021-11-04,Placer,061,380077,37297,36967,3804,40771,438
2021-11-04,Plumas,063,18699,1815,1755,43,1798,7
2021-11-04,Riverside,065,2383286,362539,360584,17157,377741,5138
2021-11-04,Sacramento,067,1510023,159632,158766,4858,163624,2263
2021-11-04,San Benito,069,59416,7452,7429,182,7611,75
2021-11-04,San Bernardino,071,2135413,355142,353142,11757,364899,5813
2021-11-04,San Diego,073,3302833,375970,373423,21799,395222,4246
2021-11-04,San Francisco,075,870044,52955,52556,2737,55293,666
2021-11-04,San Joaquin,077,732212,99925,99372,5616,104988,1782
2021-11-04,San Luis Obispo,079,281455,29490,29335,1281,30616,350
2021-11-04,San Mateo,081,765935,53661,53442,1631,55073,574
2021-11-04,Santa Barbara,083,443738,44574,44301,1699,46000,532
2021-11-04,Santa Clara,085,1922200,147186,146519,1409,147928,1894
2021-11-04,Santa Cruz,087,273765,20440,20311,1088,21399,222
2021-11-04,Shasta,089,179085,21641,21281,3704,24985,349
2021-11-04,Sierra,091,2930,185,181,23,204,0
2021-11-04,Siskiyou,093,43540,3309,3279,1342,4621,48
2021-11-04,Solano,095,438530,45637,45465,1243,46708,350
2021-11-04,Sonoma,097,501317,41643,41398,541,41939,395
2021-11-04,Stanislaus,099,539301,79431,78902,9160,88062,1193
2021-11-04,Sutter,101,95872,13972,13908,362,14270,180
2021-11-04,Tehama,103,63373,8544,8474,1530,10004,120
2021-11-04,Trinity,105,12862,775,732,200,932,11
2021-11-04,Tulare,107,460477,68299,67767,15858,83625,1010
2021-11-04,Tuolumne,109,53932,7352,7245,99,7344,90
2021-11-04,Ventura,111,848112,98108,97770,4442,102212,1180
2021-11-04,Yolo,113,214977,19879,19827,1193,21020,255
2021-11-04,Yuba,115,75493,10166,10107,342,10449,83
2021-11-03,Alameda,001,1643700,119875,119356,2974,122330,1428
2021-11-03,Alpine,003,1148,105,105,0,105,0
2021-11-03,Amador,005,37829,5591,5545,63,5608,66
2021-11-03,Butte,007,227075,20973,20769,3871,24640,284
2021-11-03,Calaveras,009,45235,4131,4087,59,4146,82
2021-11-03,Colusa,011,21464,2515,2499,658,3157,20
2021-11-03,Contra Costa,013,1133247,99570,99168,2288,101456,1025
2021-11-03,Del Norte,015,27424,3675,3600,51,3651,42
2021-11-03,El Dorado,017,186661,16066,15915,1749,17664,156
2021-11-03,Fresno,019,978130,140174,138873,12462,151335,2166
2021-11-03,Glenn,021,27897,3493,3470,1010,4480,33
2021-11-03,Humboldt,023,135768,9111,8949,596,9545,109
2021-11-03,Imperial,025,180216,33685,33402,3385,36787,766
2021-11-03,Inyo,027,18085,2383,2344,35,2379,41
2021-11-03,Kern,029,883053,127816,126523,23077,149600,1681
2021-11-03,Kings,031,150075,32223,31923,2088,34011,341
2021-11-03,Lake,033,64148,6751,6685,150,6835,106
2021-11-03,Lassen,035,31185,6876,6782,398,7180,46
2021-11-03,Los Angeles,037,10098052,1437644,1431209,57148,1488357,26517
2021-11-03,Madera,039,155013,23297,22893,2069,24962,287
2021-11-03,Marin,041,260295,17592,17491,466,17957,247
2021-11-03,Mariposa,043,17540,1306,1276,41,1317,5
2021-11-03,Mendocino,045,87422,7577,7457,571,8028,84
2021-11-03,Merced,047,269075,42186,41849,1841,43690,597
2021-11-03,Modoc,049,8938,546,521,195,716,5
2021-11-03,Mono,051,14174,1727,1719,19,1738,4
2021-11-03,Monterey,053,433212,47966,47794,3751,51545,601
2021-11-03,Napa,055,140530,13041,12937,113,13050,103
2021-11-03,Nevada,057,99092,9257,9131,338,9469,91
2021-11-03,Orange,059,3164182,307342,305661,15667,321328,5607
2021-11-03,Placer,061,380077,37230,36868,3798,40666,438
2021-11-03,Plumas,063,18699,1804,1739,42,1781,7
2021-11-03,Riverside,065,2383286,362082,360060,17153,377213,5131
2021-11-03,Sacramento,067,1510023,159409,158311,4847,163158,2259
2021-11-03,San Benito,069,59416,7444,7419,182,7601,75
2021-11-03,San Bernardino,071,2135413,354671,352225,11736,363961,5813
2021-11-03,San Diego,073,3302833,375462,372951,21773,394724,4241
2021-11-03,San Francisco,075,870044,52862,52493,2731,55224,663
2021-11-03,San Joaquin,077,732212,99813,99188,5605,104793,1776
2021-11-03,San Luis Obispo,079,281455,29448,29276,1275,30551,348
2021-11-03,San Mateo,081,765935,53601,53396,1621,55017,571
2021-11-03,Santa Barbara,083,443738,44518,44220,1696,45916,531
2021-11-03,Santa Clara,085,1922200,147018,146259,1404,147663,1897
2021-11-03,Santa Cruz,087,273765,20406,20275,1088,21363,222
2021-11-03,Shasta,089,179085,21582,21215,3697,24912,346
2021-11-03,Sierra,091,2930,183,180,23,203,0
2021-11-03,Siskiyou,093,43540,3305,3276,1340,4616,46
2021-11-03,Solano,095,438530,45611,45411,1241,46652,351
2021-11-03,Sonoma,097,501317,41567,41326,539,41865,395
2021-11-03,Stanislaus,099,539301,79302,78736,9149,87885,1193
2021-11-03,Sutter,101,95872,13959,13876,360,14236,179
2021-11-03,Tehama,103,63373,8533,8438,1530,9968,118
2021-11-03,Trinity,105,12862,774,730,200,930,11
2021-11-03,Tulare,107,460477,68175,67588,15815,83403,1007
2021-11-03,Tuolumne,109,53932,7335,7218,97,7315,90
2021-11-03,Ventura,111,848112,97991,97682,4438,102120,1178
2021-11-03,Yolo,113,214977,19863,19758,1185,20943,250
2021-11-03,Yuba,115,75493,10154,10092,342,10434,83
2021-11-02,Alameda,001,1643700,119737,119241,2968,122209,1425
2021-11-02,Alpine,003,1148,105,105,0,105,0
2021-11-02,Amador,005,37829,5586,5535,63,5598,66
2021-11-02,Butte,007,227075,20929,20744,3861,24605,282
2021-11-02,Calaveras,009,45235,4109,4075,58,4133,82
2021-11-02,Colusa,011,21464,2510,2497,657,3154,19
2021-11-02,Contra Costa,013,1133247,99468,99080,2275,101355,1025
2021-11-02,Del Norte,015,27424,3673,3596,51,3647,42
2021-11-02,El Dorado,017,186661,16041,15883,1749,17632,154
2021-11-02,Fresno,019,978130,139854,138644,12435,151079,2158
2021-11-02,Glenn,021,27897,3485,3469,1008,4477,33
2021-11-02,Humboldt,023,135768,9074,8937,591,9528,109
2021-11-02,Imperial,025,180216,33613,33371,3372,36743,766
2021-11-02,Inyo,027,18085,2376,2324,35,2359,41
2021-11-02,Kern,029,883053,127563,126311,22958,149269,1665
2021-11-02,Kings,031,150075,32164,31896,2083,33979,339
2021-11-02,Lake,033,64148,6746,6681,149,6830,106
2021-11-02,Lassen,035,31185,6864,6777,395,7172,45
2021-11-02,Los Angeles,037,10098052,1436206,1429601,57074,1486675,26496
2021-11-02,Madera,039,155013,23215,22837,2058,24895,287
2021-11-02,Marin,041,260295,17565,17482,466,17948,247
2021-11-02,Mariposa,043,17540,1295,1270,39,1309,5
2021-11-02,Mendocino,045,87422,7553,7447,559,8006,84
2021-11-02,Merced,047,269075,42119,41785,1833,43618,596
2021-11-02,Modoc,049,8938,543,520,194,714,5
2021-11-02,Mono,051,14174,1723,1718,19,1737,4
2021-11-02,Monterey,053,433212,47922,47775,3725,51500,599
2021-11-02,Napa,055,140530,13023,12930,113,13043,104
2021-11-02,Nevada,057,99092,9227,9122,337,9459,91
2021-11-02,Orange,059,3164182,307032,305369,15621,320990,5600
2021-11-02,Placer,061,380077,37158,36817,3784,40601,438
2021-11-02,Plumas,063,18699,1793,1721,42,1763,7
2021-11-02,Riverside,065,2383286,361632,359586,17132,376718,5116
2021-11-02,Sacramento,067,1510023,159157,158112,4821,162933,2250
2021-11-02,San Benito,069,59416,7428,7407,182,7589,75
2021-11-02,San Bernardino,071,2135413,354202,351832,11679,363511,5813
2021-11-02,San Diego,073,3302833,374871,372440,21740,394180,4232
2021-11-02,San Francisco,075,870044,52745,52450,2726,55176,663
2021-11-02,San Joaquin,077,732212,99678,99076,5593,104669,1772
2021-11-02,San Luis Obispo,079,281455,29415,29224,1272,30496,348
2021-11-02,San Mateo,081,765935,53537,53351,1608,54959,571
2021-11-02,Santa Barbara,083,443738,44462,44177,1692,45869,531
2021-11-02,Santa Clara,085,1922200,146830,146115,1399,147514,1896
2021-11-02,Santa Cruz,087,273765,20372,20266,1087,21353,222
2021-11-02,Shasta,089,179085,21509,21127,3686,24813,344
2021-11-02,Sierra,091,2930,183,180,22,202,0
2021-11-02,Siskiyou,093,43540,3303,3272,1337,4609,46
2021-11-02,Solano,095,438530,45575,45378,1236,46614,350
2021-11-02,Sonoma,097,501317,41490,41288,538,41826,395
2021-11-02,Stanislaus,099,539301,79148,78629,9133,87762,1193
2021-11-02,Sutter,101,95872,13938,13868,360,14228,179
2021-11-02,Tehama,103,63373,8520,8422,1528,9950,116
2021-11-02,Trinity,105,12862,774,729,200,929,11
2021-11-02,Tulare,107,460477,68051,67502,15764,83266,1002
2021-11-02,Tuolumne,109,53932,7314,7204,95,7299,90
2021-11-02,Ventura,111,848112,97877,97574,4434,102008,1178
2021-11-02,Yolo,113,214977,19832,19736,1182,20918,250
2021-11-02,Yuba,115,75493,10131,10080,340,10420,83
2021-11-01,Alameda,001,1643700,119604,119159,2965,122124,1421
2021-11-01,Alpine,003,1148,105,105,0,105,0
2021-11-01,Amador,005,37829,5584,5532,63,5595,64
2021-11-01,Butte,007,227075,20879,20710,3857,24567,281
2021-11-01,Calaveras,009,45235,4099,4059,57,4116,82
2021-11-01,Colusa,011,21464,2508,2494,654,3148,19
2021-11-01,Contra Costa,013,1133247,99346,99011,2263,101274,1025
2021-11-01,Del Norte,015,27424,3671,3594,51,3645,42
2021-11-01,El Dorado,017,186661,16016,15858,1743,17601,154
2021-11-01,Fresno,019,978130,139478,138421,12407,150828,2149
2021-11-01,Glenn,021,27897,3478,3461,1006,4467,33
2021-11-01,Humboldt,023,135768,9046,8929,587,9516,108
2021-11-01,Imperial,025,180216,33563,33342,3363,36705,766
2021-11-01,Inyo,027,18085,2364,2307,35,2342,41
2021-11-01,Kern,029,883053,127264,126092,22849,148941,1660
2021-11-01,Kings,031,150075,32111,31866,2081,33947,337
2021-11-01,Lake,033,64148,6735,6676,148,6824,106
2021-11-01,Lassen,035,31185,6849,6775,392,7167,42
2021-11-01,Los Angeles,037,10098052,1434846,1428891,56977,1485868,26483
2021-11-01,Madera,039,155013,23137,22801,2055,24856,283
2021-11-01,Marin,041,260295,17545,17460,465,17925,247
2021-11-01,Mariposa,043,17540,1288,1266,38,1304,5
2021-11-01,Mendocino,045,87422,7519,7422,541,7963,84
2021-11-01,Merced,047,269075,42032,41740,1831,43571,594
2021-11-01,Modoc,049,8938,538,520,192,712,5
2021-11-01,Mono,051,14174,1718,1714,19,1733,3
2021-11-01,Monterey,053,433212,47887,47756,3706,51462,597
2021-11-01,Napa,055,140530,12996,12916,112,13028,101
2021-11-01,Nevada,057,99092,9205,9108,336,9444,91
2021-11-01,Orange,059,3164182,306711,305192,15579,320771,5596
2021-11-01,Placer,061,380077,37075,36747,3772,40519,435
2021-11-01,Plumas,063,18699,1776,1719,40,1759,7
2021-11-01,Riverside,065,2383286,361130,359263,17110,376373,5115
2021-11-01,Sacramento,067,1510023,158889,157893,4794,162687,2239
2021-11-01,San Benito,069,59416,7418,7406,181,7587,73
2021-11-01,San Bernardino,071,2135413,353719,351620,11659,363279,5815
2021-11-01,San Diego,073,3302833,374290,372043,21718,393761,4232
2021-11-01,San Francisco,075,870044,52662,52418,2714,55132,661
2021-11-01,San Joaquin,077,732212,99520,98969,5586,104555,1772
2021-11-01,San Luis Obispo,079,281455,29371,29199,1268,30467,343
2021-11-01,San Mateo,081,765935,53474,53314,1602,54916,571
2021-11-01,Santa Barbara,083,443738,44394,44146,1688,45834,529
2021-11-01,Santa Clara,085,1922200,146636,145978,1396,147374,1907
2021-11-01,Santa Cruz,087,273765,20337,20238,1087,21325,221
2021-11-01,Shasta,089,179085,21452,21104,3679,24783,338
2021-11-01,Sierra,091,2930,183,180,22,202,0
2021-11-01,Siskiyou,093,43540,3296,3272,1332,4604,46
2021-11-01,Solano,095,438530,45527,45358,1236,46594,350
2021-11-01,Sonoma,097,501317,41417,41234,538,41772,395
2021-11-01,Stanislaus,099,539301,79019,78534,9120,87654,1193
2021-11-01,Sutter,101,95872,13914,13852,358,14210,179
2021-11-01,Tehama,103,63373,8492,8412,1527,9939,116
2021-11-01,Trinity,105,12862,772,727,200,927,11
2021-11-01,Tulare,107,460477,67908,67388,15711,83099,1002
2021-11-01,Tuolumne,109,53932,7298,7175,94,7269,90
2021-11-01,Ventura,111,848112,97797,97507,4429,101936,1178
2021-11-01,Yolo,113,214977,19811,19708,1176,20884,250
2021-11-01,Yuba,115,75493,10113,10066,337,10403,83
2021-10-31,Alameda,001,1643700,119467,119071,2962,122033,1419
2021-10-31,Alpine,003,1148,105,105,0,105,0
2021-10-31,Amador,005,37829,5573,5518,63,5581,64
2021-10-31,Butte,007,227075,20818,20689,3851,24540,281
2021-10-31,Calaveras,009,45235,4081,4052,56,4108,82
2021-10-31,Colusa,011,21464,2506,2493,651,3144,18
2021-10-31,Contra Costa,013,1133247,99220,98936,2260,101196,1025
2021-10-31,Del Norte,015,27424,3665,3591,51,3642,42
2021-10-31,El Dorado,017,186661,15973,15841,1740,17581,154
2021-10-31,Fresno,019,978130,139076,138165,12376,150541,2147
2021-10-31,Glenn,021,27897,3473,3459,1005,4464,33
2021-10-31,Humboldt,023,135768,9000,8919,580,9499,108
2021-10-31,Imperial,025,180216,33487,33334,3351,36685,766
2021-10-31,Inyo,027,18085,2345,2309,35,2344,41
2021-10-31,Kern,029,883053,126901,125917,22726,148643,1666
2021-10-31,Kings,031,150075,32024,31814,2068,33882,338
2021-10-31,Lake,033,64148,6724,6665,148,6813,106
2021-10-31,Lassen,035,31185,6834,6768,387,7155,42
2021-10-31,Los Angeles,037,10098052,1433325,1427933,56888,1484821,26474
2021-10-31,Madera,039,155013,23042,22744,2044,24788,283
2021-10-31,Marin,041,260295,17517,17443,464,17907,247
2021-10-31,Mariposa,043,17540,1283,1257,38,1295,5
2021-10-31,Mendocino,045,87422,7477,7403,524,7927,84
2021-10-31,Merced,047,269075,41939,41699,1811,43510,589
2021-10-31,Modoc,049,8938,532,517,189,706,5
2021-10-31,Mono,051,14174,1715,1711,19,1730,3
2021-10-31,Monterey,053,433212,47853,47744,3681,51425,596
2021-10-31,Napa,055,140530,12979,12906,110,13016,101
2021-10-31,Nevada,057,99092,9168,9084,331,9415,91
2021-10-31,Orange,059,3164182,306367,305032,15497,320529,5596
2021-10-31,Placer,061,380077,36979,36698,3758,40456,435
2021-10-31,Plumas,063,18699,1760,1716,39,1755,7
2021-10-31,Riverside,065,2383286,360552,359005,17096,376101,5104
2021-10-31,Sacramento,067,1510023,158548,157667,4778,162445,2243
2021-10-31,San Benito,069,59416,7409,7397,177,7574,73
2021-10-31,San Bernardino,071,2135413,353193,351411,11645,363056,5810
2021-10-31,San Diego,073,3302833,373721,371603,21686,393289,4218
2021-10-31,San Francisco,075,870044,52556,52370,2706,55076,661
2021-10-31,San Joaquin,077,732212,99357,98893,5573,104466,1772
2021-10-31,San Luis Obispo,079,281455,29321,29176,1267,30443,343
2021-10-31,San Mateo,081,765935,53425,53284,1594,54878,571
2021-10-31,Santa Barbara,083,443738,44326,44113,1683,45796,529
2021-10-31,Santa Clara,085,1922200,146426,145829,1383,147212,1908
2021-10-31,Santa Cruz,087,273765,20302,20218,1086,21304,221
2021-10-31,Shasta,089,179085,21368,21086,3667,24753,338
2021-10-31,Sierra,091,2930,183,180,22,202,0
2021-10-31,Siskiyou,093,43540,3290,3271,1331,4602,46
2021-10-31,Solano,095,438530,45480,45310,1231,46541,350
2021-10-31,Sonoma,097,501317,41348,41183,535,41718,395
2021-10-31,Stanislaus,099,539301,78830,78426,9106,87532,1193
2021-10-31,Sutter,101,95872,13895,13838,355,14193,179
2021-10-31,Tehama,103,63373,8461,8391,1523,9914,116
2021-10-31,Trinity,105,12862,772,724,200,924,11
2021-10-31,Tulare,107,460477,67711,67310,15619,82929,1002
2021-10-31,Tuolumne,109,53932,7269,7141,93,7234,90
2021-10-31,Ventura,111,848112,97682,97460,4424,101884,1178
2021-10-31,Yolo,113,214977,19771,19662,1167,20829,250
2021-10-31,Yuba,115,75493,10095,10051,327,10378,83
2021-10-30,Alameda,001,1643700,119410,118632,2959,121591,1419
2021-10-30,Alpine,003,1148,105,105,0,105,0
2021-10-30,Amador,005,37829,5564,5480,63,5543,64
2021-10-30,Butte,007,227075,20803,20516,3845,24361,277
2021-10-30,Calaveras,009,45235,4074,3992,56,4048,82
2021-10-30,Colusa,011,21464,2506,2484,650,3134,19
2021-10-30,Contra Costa,013,1133247,99159,98562,2259,100821,1024
2021-10-30,Del Norte,015,27424,3662,3574,51,3625,42
2021-10-30,El Dorado,017,186661,15957,15752,1735,17487,154
2021-10-30,Fresno,019,978130,138934,136901,12371,149272,2131
2021-10-30,Glenn,021,27897,3469,3442,1005,4447,33
2021-10-30,Humboldt,023,135768,8985,8871,578,9449,105
2021-10-30,Imperial,025,180216,33442,33156,3346,36502,766
2021-10-30,Inyo,027,18085,2342,2249,35,2284,41
2021-10-30,Kern,029,883053,126751,124892,22654,147546,1653
2021-10-30,Kings,031,150075,31987,31578,2064,33642,337
2021-10-30,Lake,033,64148,6719,6610,148,6758,106
2021-10-30,Lassen,035,31185,6828,6719,385,7104,42
2021-10-30,Los Angeles,037,10098052,1432605,1424257,56833,1481090,26625
2021-10-30,Madera,039,155013,22999,22524,2038,24562,283
2021-10-30,Marin,041,260295,17502,17380,462,17842,247
2021-10-30,Mariposa,043,17540,1280,1228,38,1266,5
2021-10-30,Mendocino,045,87422,7455,7338,522,7860,84
2021-10-30,Merced,047,269075,41898,41428,1809,43237,586
2021-10-30,Modoc,049,8938,531,513,187,700,5
2021-10-30,Mono,051,14174,1715,1684,19,1703,3
2021-10-30,Monterey,053,433212,47841,47649,3670,51319,588
2021-10-30,Napa,055,140530,12966,12863,109,12972,101
2021-10-30,Nevada,057,99092,9149,9015,331,9346,91
2021-10-30,Orange,059,3164182,306191,304120,15479,319599,5588
2021-10-30,Placer,061,380077,36934,36400,3752,40152,434
2021-10-30,Plumas,063,18699,1755,1695,39,1734,7
2021-10-30,Riverside,065,2383286,360254,357645,17086,374731,5088
2021-10-30,Sacramento,067,1510023,158390,157125,4767,161892,2233
2021-10-30,San Benito,069,59416,7402,7362,177,7539,71
2021-10-30,San Bernardino,071,2135413,352916,350076,11631,361707,5777
2021-10-30,San Diego,073,3302833,373351,370006,21663,391669,4213
2021-10-30,San Francisco,075,870044,52527,52161,2704,54865,661
2021-10-30,San Joaquin,077,732212,99301,98314,5573,103887,1768
2021-10-30,San Luis Obispo,079,281455,29289,29053,1264,30317,341
2021-10-30,San Mateo,081,765935,53392,53083,1589,54672,571
2021-10-30,Santa Barbara,083,443738,44291,43972,1682,45654,528
2021-10-30,Santa Clara,085,1922200,146322,145262,1379,146641,1903
2021-10-30,Santa Cruz,087,273765,20284,20134,1084,21218,221
2021-10-30,Shasta,089,179085,21327,20878,3661,24539,332
2021-10-30,Sierra,091,2930,183,175,22,197,0
2021-10-30,Siskiyou,093,43540,3289,3257,1328,4585,46
2021-10-30,Solano,095,438530,45459,45146,1230,46376,346
2021-10-30,Sonoma,097,501317,41308,40924,535,41459,393
2021-10-30,Stanislaus,099,539301,78761,77871,9099,86970,1191
2021-10-30,Sutter,101,95872,13882,13773,355,14128,178
2021-10-30,Tehama,103,63373,8450,8307,1518,9825,114
2021-10-30,Trinity,105,12862,770,708,199,907,11
2021-10-30,Tulare,107,460477,67643,66745,15570,82315,995
2021-10-30,Tuolumne,109,53932,7245,7050,92,7142,90
2021-10-30,Ventura,111,848112,97638,97182,4423,101605,1174
2021-10-30,Yolo,113,214977,19754,19568,1164,20732,250
2021-10-30,Yuba,115,75493,10085,9969,327,10296,82
2021-10-29,Alameda,001,1643700,119334,118632,2955,121587,1419
2021-10-29,Alpine,003,1148,105,105,0,105,0
2021-10-29,Amador,005,37829,5553,5480,63,5543,64
2021-10-29,Butte,007,227075,20779,20516,3837,24353,277
2021-10-29,Calaveras,009,45235,4067,3992,56,4048,82
2021-10-29,Colusa,011,21464,2506,2484,648,3132,19
2021-10-29,Contra Costa,013,1133247,99092,98562,2258,100820,1024
2021-10-29,Del Norte,015,27424,3655,3574,51,3625,42
2021-10-29,El Dorado,017,186661,15943,15752,1735,17487,154
2021-10-29,Fresno,019,978130,138720,136901,12360,149261,2131
2021-10-29,Glenn,021,27897,3467,3442,1005,4447,33
2021-10-29,Humboldt,023,135768,8980,8871,577,9448,105
2021-10-29,Imperial,025,180216,33415,33156,3343,36499,766
2021-10-29,Inyo,027,18085,2339,2249,35,2284,41
2021-10-29,Kern,029,883053,126575,124892,22565,147457,1653
2021-10-29,Kings,031,150075,31951,31578,2062,33640,337
2021-10-29,Lake,033,64148,6710,6610,146,6756,106
2021-10-29,Lassen,035,31185,6820,6719,382,7101,42
2021-10-29,Los Angeles,037,10098052,1431773,1424257,56787,1481044,26625
2021-10-29,Madera,039,155013,22947,22524,2034,24558,283
2021-10-29,Marin,041,260295,17485,17380,461,17841,247
2021-10-29,Mariposa,043,17540,1276,1228,38,1266,5
2021-10-29,Mendocino,045,87422,7447,7338,522,7860,84
2021-10-29,Merced,047,269075,41848,41428,1803,43231,586
2021-10-29,Modoc,049,8938,529,513,186,699,5
2021-10-29,Mono,051,14174,1712,1684,19,1703,3
2021-10-29,Monterey,053,433212,47825,47649,3662,51311,588
2021-10-29,Napa,055,140530,12945,12863,109,12972,101
2021-10-29,Nevada,057,99092,9137,9015,331,9346,91
2021-10-29,Orange,059,3164182,305966,304120,15461,319581,5588
2021-10-29,Placer,061,380077,36899,36400,3741,40141,434
2021-10-29,Plumas,063,18699,1749,1695,39,1734,7
2021-10-29,Riverside,065,2383286,359916,357645,17081,374726,5088
2021-10-29,Sacramento,067,1510023,158202,157125,4758,161883,2233
2021-10-29,San Benito,069,59416,7399,7362,177,7539,71
2021-10-29,San Bernardino,071,2135413,352622,350076,11622,361698,5777
2021-10-29,San Diego,073,3302833,372974,370006,21632,391638,4213
2021-10-29,San Francisco,075,870044,52469,52161,2697,54858,661
2021-10-29,San Joaquin,077,732212,99244,98314,5568,103882,1768
2021-10-29,San Luis Obispo,079,281455,29263,29053,1262,30315,341
2021-10-29,San Mateo,081,765935,53354,53083,1583,54666,571
2021-10-29,Santa Barbara,083,443738,44251,43972,1679,45651,528
2021-10-29,Santa Clara,085,1922200,146208,145262,1371,146633,1903
2021-10-29,Santa Cruz,087,273765,20277,20134,1083,21217,221
2021-10-29,Shasta,089,179085,21290,20878,3655,24533,332
2021-10-29,Sierra,091,2930,181,175,22,197,0
2021-10-29,Siskiyou,093,43540,3288,3257,1327,4584,46
2021-10-29,Solano,095,438530,45424,45146,1229,46375,346
2021-10-29,Sonoma,097,501317,41288,40924,535,41459,393
2021-10-29,Stanislaus,099,539301,78676,77871,9090,86961,1191
2021-10-29,Sutter,101,95872,13863,13773,355,14128,178
2021-10-29,Tehama,103,63373,8437,8307,1517,9824,114
2021-10-29,Trinity,105,12862,769,708,199,907,11
2021-10-29,Tulare,107,460477,67542,66745,15524,82269,995
2021-10-29,Tuolumne,109,53932,7232,7050,92,7142,90
2021-10-29,Ventura,111,848112,97584,97182,4421,101603,1174
2021-10-29,Yolo,113,214977,19736,19568,1161,20729,250
2021-10-29,Yuba,115,75493,10077,9969,323,10292,82
2021-10-28,Alameda,001,1643700,119212,118632,2948,121580,1419
2021-10-28,Alpine,003,1148,105,105,0,105,0
2021-10-28,Amador,005,37829,5540,5480,63,5543,64
2021-10-28,Butte,007,227075,20739,20516,3831,24347,277
2021-10-28,Calaveras,009,45235,4054,3992,56,4048,82
2021-10-28,Colusa,011,21464,2503,2484,647,3131,19
2021-10-28,Contra Costa,013,1133247,98962,98562,2251,100813,1024
2021-10-28,Del Norte,015,27424,3654,3574,51,3625,42
2021-10-28,El Dorado,017,186661,15919,15752,1731,17483,154
2021-10-28,Fresno,019,978130,138392,136901,12332,149233,2131
2021-10-28,Glenn,021,27897,3463,3442,1004,4446,33
2021-10-28,Humboldt,023,135768,8964,8871,572,9443,105
2021-10-28,Imperial,025,180216,33350,33156,3337,36493,766
2021-10-28,Inyo,027,18085,2322,2249,35,2284,41
2021-10-28,Kern,029,883053,126332,124892,22452,147344,1653
2021-10-28,Kings,031,150075,31884,31578,2057,33635,337
2021-10-28,Lake,033,64148,6700,6610,146,6756,106
2021-10-28,Lassen,035,31185,6810,6719,378,7097,42
2021-10-28,Los Angeles,037,10098052,1430648,1424257,56711,1480968,26625
2021-10-28,Madera,039,155013,22893,22524,2023,24547,283
2021-10-28,Marin,041,260295,17467,17380,460,17840,247
2021-10-28,Mariposa,043,17540,1271,1228,38,1266,5
2021-10-28,Mendocino,045,87422,7434,7338,511,7849,84
2021-10-28,Merced,047,269075,41763,41428,1791,43219,586
2021-10-28,Modoc,049,8938,528,513,186,699,5
2021-10-28,Mono,051,14174,1708,1684,19,1703,3
2021-10-28,Monterey,053,433212,47803,47649,3637,51286,588
2021-10-28,Napa,055,140530,12936,12863,108,12971,101
2021-10-28,Nevada,057,99092,9119,9015,331,9346,91
2021-10-28,Orange,059,3164182,305679,304120,15398,319518,5588
2021-10-28,Placer,061,380077,36820,36400,3731,40131,434
2021-10-28,Plumas,063,18699,1741,1695,39,1734,7
2021-10-28,Riverside,065,2383286,359476,357645,17057,374702,5088
2021-10-28,Sacramento,067,1510023,157938,157125,4745,161870,2233
2021-10-28,San Benito,069,59416,7391,7362,177,7539,71
2021-10-28,San Bernardino,071,2135413,352209,350076,11601,361677,5777
2021-10-28,San Diego,073,3302833,372501,370006,21610,391616,4213
2021-10-28,San Francisco,075,870044,52424,52161,2690,54851,661
2021-10-28,San Joaquin,077,732212,99117,98314,5567,103881,1768
2021-10-28,San Luis Obispo,079,281455,29234,29053,1259,30312,341
2021-10-28,San Mateo,081,765935,53314,53083,1577,54660,571
2021-10-28,Santa Barbara,083,443738,44211,43972,1677,45649,528
2021-10-28,Santa Clara,085,1922200,146053,145262,1365,146627,1903
2021-10-28,Santa Cruz,087,273765,20253,20134,1083,21217,221
2021-10-28,Shasta,089,179085,21215,20878,3647,24525,332
2021-10-28,Sierra,091,2930,180,175,22,197,0
2021-10-28,Siskiyou,093,43540,3287,3257,1327,4584,46
2021-10-28,Solano,095,438530,45384,45146,1228,46374,346
2021-10-28,Sonoma,097,501317,41220,40924,534,41458,393
2021-10-28,Stanislaus,099,539301,78524,77871,9075,86946,1191
2021-10-28,Sutter,101,95872,13850,13773,351,14124,178
2021-10-28,Tehama,103,63373,8399,8307,1514,9821,114
2021-10-28,Trinity,105,12862,766,708,199,907,11
2021-10-28,Tulare,107,460477,67404,66745,15467,82212,995
2021-10-28,Tuolumne,109,53932,7201,7050,92,7142,90
2021-10-28,Ventura,111,848112,97492,97182,4419,101601,1174
2021-10-28,Yolo,113,214977,19698,19568,1157,20725,250
2021-10-28,Yuba,115,75493,10048,9969,320,10289,82
2021-10-27,Alameda,001,1643700,119093,118487,2943,121430,1414
2021-10-27,Alpine,003,1148,105,105,0,105,0
2021-10-27,Amador,005,37829,5528,5470,62,5532,64
2021-10-27,Butte,007,227075,20695,20446,3819,24265,274
2021-10-27,Calaveras,009,45235,4037,3970,55,4025,82
2021-10-27,Colusa,011,21464,2502,2480,646,3126,18
2021-10-27,Contra Costa,013,1133247,98855,98442,2239,100681,1018
2021-10-27,Del Norte,015,27424,3647,3571,50,3621,42
2021-10-27,El Dorado,017,186661,15887,15723,1726,17449,154
2021-10-27,Fresno,019,978130,138013,136447,12303,148750,2128
2021-10-27,Glenn,021,27897,3457,3435,1003,4438,33
2021-10-27,Humboldt,023,135768,8945,8851,569,9420,105
2021-10-27,Imperial,025,180216,33311,33068,3332,36400,766
2021-10-27,Inyo,027,18085,2302,2236,35,2271,41
2021-10-27,Kern,029,883053,126064,124557,22351,146908,1647
2021-10-27,Kings,031,150075,31818,31437,2052,33489,335
2021-10-27,Lake,033,64148,6673,6589,146,6735,105
2021-10-27,Lassen,035,31185,6796,6706,376,7082,42
2021-10-27,Los Angeles,037,10098052,1429424,1422615,56649,1479264,26604
2021-10-27,Madera,039,155013,22807,22413,2000,24413,283
2021-10-27,Marin,041,260295,17452,17362,460,17822,247
2021-10-27,Mariposa,043,17540,1258,1228,38,1266,5
2021-10-27,Mendocino,045,87422,7421,7321,504,7825,84
2021-10-27,Merced,047,269075,41667,41310,1777,43087,583
2021-10-27,Modoc,049,8938,524,513,186,699,5
2021-10-27,Mono,051,14174,1705,1682,19,1701,3
2021-10-27,Monterey,053,433212,47770,47610,3610,51220,588
2021-10-27,Napa,055,140530,12921,12856,107,12963,101
2021-10-27,Nevada,057,99092,9102,8987,330,9317,90
2021-10-27,Orange,059,3164182,305371,303825,15348,319173,5584
2021-10-27,Placer,061,380077,36753,36296,3724,40020,434
2021-10-27,Plumas,063,18699,1733,1686,39,1725,7
2021-10-27,Riverside,065,2383286,359050,357152,17048,374200,5081
2021-10-27,Sacramento,067,1510023,157668,156830,4723,161553,2230
2021-10-27,San Benito,069,59416,7385,7337,177,7514,71
2021-10-27,San Bernardino,071,2135413,351788,349624,11579,361203,5770
2021-10-27,San Diego,073,3302833,371932,369579,21584,391163,4207
2021-10-27,San Francisco,075,870044,52372,52108,2685,54793,655
2021-10-27,San Joaquin,077,732212,98958,98168,5552,103720,1753
2021-10-27,San Luis Obispo,079,281455,29194,29002,1257,30259,341
2021-10-27,San Mateo,081,765935,53262,53032,1565,54597,571
2021-10-27,Santa Barbara,083,443738,44158,43901,1674,45575,527
2021-10-27,Santa Clara,085,1922200,145882,145081,1359,146440,1902
2021-10-27,Santa Cruz,087,273765,20226,20091,1082,21173,221
2021-10-27,Shasta,089,179085,21141,20813,3639,24452,331
2021-10-27,Sierra,091,2930,179,176,22,198,0
2021-10-27,Siskiyou,093,43540,3284,3256,1323,4579,46
2021-10-27,Solano,095,438530,45341,45089,1220,46309,346
2021-10-27,Sonoma,097,501317,41146,40829,532,41361,393
2021-10-27,Stanislaus,099,539301,78366,77687,9060,86747,1191
2021-10-27,Sutter,101,95872,13836,13754,351,14105,177
2021-10-27,Tehama,103,63373,8377,8265,1513,9778,113
2021-10-27,Trinity,105,12862,766,706,198,904,11
2021-10-27,Tulare,107,460477,67250,66568,15407,81975,991
2021-10-27,Tuolumne,109,53932,7174,7009,91,7100,90
2021-10-27,Ventura,111,848112,97402,97108,4415,101523,1172
2021-10-27,Yolo,113,214977,19670,19517,1150,20667,250
2021-10-27,Yuba,115,75493,10027,9945,318,10263,82
2021-10-26,Alameda,001,1643700,118959,118360,2938,121298,1407
2021-10-26,Alpine,003,1148,105,105,0,105,0
2021-10-26,Amador,005,37829,5520,5465,61,5526,64
2021-10-26,Butte,007,227075,20638,20387,3807,24194,274
2021-10-26,Calaveras,009,45235,4026,3966,55,4021,81
2021-10-26,Colusa,011,21464,2500,2478,645,3123,18
2021-10-26,Contra Costa,013,1133247,98737,98352,2227,100579,1017
2021-10-26,Del Norte,015,27424,3642,3563,50,3613,42
2021-10-26,El Dorado,017,186661,15862,15690,1717,17407,153
2021-10-26,Fresno,019,978130,137571,136211,12268,148479,2122
2021-10-26,Glenn,021,27897,3442,3431,1001,4432,33
2021-10-26,Humboldt,023,135768,8927,8830,563,9393,105
2021-10-26,Imperial,025,180216,33249,33012,3327,36339,766
2021-10-26,Inyo,027,18085,2287,2200,35,2235,41
2021-10-26,Kern,029,883053,125724,124351,22231,146582,1645
2021-10-26,Kings,031,150075,31754,31382,2045,33427,336
2021-10-26,Lake,033,64148,6663,6584,144,6728,105
2021-10-26,Lassen,035,31185,6776,6689,374,7063,42
2021-10-26,Los Angeles,037,10098052,1428096,1421795,56574,1478369,26599
2021-10-26,Madera,039,155013,22717,22363,1990,24353,283
2021-10-26,Marin,041,260295,17435,17354,459,17813,244
2021-10-26,Mariposa,043,17540,1252,1225,37,1262,5
2021-10-26,Mendocino,045,87422,7393,7308,487,7795,83
2021-10-26,Merced,047,269075,41590,41267,1769,43036,583
2021-10-26,Modoc,049,8938,524,513,186,699,5
2021-10-26,Mono,051,14174,1696,1680,19,1699,3
2021-10-26,Monterey,053,433212,47737,47572,3595,51167,588
2021-10-26,Napa,055,140530,12909,12849,107,12956,101
2021-10-26,Nevada,057,99092,9070,8971,329,9300,90
2021-10-26,Orange,059,3164182,305103,303533,15310,318843,5580
2021-10-26,Placer,061,380077,36656,36245,3718,39963,434
2021-10-26,Plumas,063,18699,1724,1645,39,1684,7
2021-10-26,Riverside,065,2383286,358563,356775,17038,373813,5068
2021-10-26,Sacramento,067,1510023,157372,156643,4702,161345,2228
2021-10-26,San Benito,069,59416,7362,7325,177,7502,71
2021-10-26,San Bernardino,071,2135413,351368,349346,11563,360909,5764
2021-10-26,San Diego,073,3302833,371413,369043,21553,390596,4198
2021-10-26,San Francisco,075,870044,52297,52063,2682,54745,655
2021-10-26,San Joaquin,077,732212,98781,98036,5537,103573,1748
2021-10-26,San Luis Obispo,079,281455,29156,28928,1251,30179,337
2021-10-26,San Mateo,081,765935,53198,52974,1555,54529,571
2021-10-26,Santa Barbara,083,443738,44113,43835,1673,45508,525
2021-10-26,Santa Clara,085,1922200,145690,144932,1353,146285,1903
2021-10-26,Santa Cruz,087,273765,20195,20067,1081,21148,221
2021-10-26,Shasta,089,179085,21080,20725,3622,24347,330
2021-10-26,Sierra,091,2930,179,169,22,191,0
2021-10-26,Siskiyou,093,43540,3278,3254,1321,4575,46
2021-10-26,Solano,095,438530,45284,45044,1220,46264,344
2021-10-26,Sonoma,097,501317,41065,40794,530,41324,393
2021-10-26,Stanislaus,099,539301,78192,77552,9036,86588,1157
2021-10-26,Sutter,101,95872,13806,13739,350,14089,176
2021-10-26,Tehama,103,63373,8348,8247,1507,9754,112
2021-10-26,Trinity,105,12862,762,705,198,903,11
2021-10-26,Tulare,107,460477,67098,66476,15347,81823,991
2021-10-26,Tuolumne,109,53932,7149,6995,89,7084,90
2021-10-26,Ventura,111,848112,97295,97014,4410,101424,1170
2021-10-26,Yolo,113,214977,19643,19490,1148,20638,248
2021-10-26,Yuba,115,75493,10009,9927,313,10240,82
2021-10-25,Alameda,001,1643700,118816,118319,2935,121254,1404
2021-10-25,Alpine,003,1148,105,105,0,105,0
2021-10-25,Amador,005,37829,5506,5455,61,5516,64
2021-10-25,Butte,007,227075,20564,20331,3802,24133,273
2021-10-25,Calaveras,009,45235,3996,3942,54,3996,82
2021-10-25,Colusa,011,21464,2498,2471,643,3114,18
2021-10-25,Contra Costa,013,1133247,98625,98267,2222,100489,1017
2021-10-25,Del Norte,015,27424,3635,3562,50,3612,42
2021-10-25,El Dorado,017,186661,15827,15663,1715,17378,149
2021-10-25,Fresno,019,978130,137138,135974,12228,148202,2112
2021-10-25,Glenn,021,27897,3440,3421,1000,4421,33
2021-10-25,Humboldt,023,135768,8903,8825,558,9383,105
2021-10-25,Imperial,025,180216,33188,32968,3316,36284,766
2021-10-25,Inyo,027,18085,2269,2183,35,2218,41
2021-10-25,Kern,029,883053,125376,124078,22089,146167,1649
2021-10-25,Kings,031,150075,31667,31329,2036,33365,335
2021-10-25,Lake,033,64148,6649,6571,144,6715,105
2021-10-25,Lassen,035,31185,6765,6688,372,7060,42
2021-10-25,Los Angeles,037,10098052,1426741,1421061,56508,1477569,26579
2021-10-25,Madera,039,155013,22663,22325,1981,24306,281
2021-10-25,Marin,041,260295,17413,17334,457,17791,244
2021-10-25,Mariposa,043,17540,1238,1220,36,1256,5
2021-10-25,Mendocino,045,87422,7363,7296,483,7779,82
2021-10-25,Merced,047,269075,41523,41207,1742,42949,583
2021-10-25,Modoc,049,8938,522,512,184,696,5
2021-10-25,Mono,051,14174,1680,1677,19,1696,3
2021-10-25,Monterey,053,433212,47710,47547,3591,51138,587
2021-10-25,Napa,055,140530,12896,12841,107,12948,100
2021-10-25,Nevada,057,99092,9045,8958,329,9287,90
2021-10-25,Orange,059,3164182,304809,303279,15270,318549,5574
2021-10-25,Placer,061,380077,36550,36153,3707,39860,431
2021-10-25,Plumas,063,18699,1712,1641,39,1680,7
2021-10-25,Riverside,065,2383286,358139,356381,17024,373405,5056
2021-10-25,Sacramento,067,1510023,157071,156516,4674,161190,2235
2021-10-25,San Benito,069,59416,7348,7314,176,7490,71
2021-10-25,San Bernardino,071,2135413,350873,349075,11551,360626,5748
2021-10-25,San Diego,073,3302833,370833,368386,21524,389910,4196
2021-10-25,San Francisco,075,870044,52226,52041,2673,54714,649
2021-10-25,San Joaquin,077,732212,98578,97980,5528,103508,1740
2021-10-25,San Luis Obispo,079,281455,29108,28907,1246,30153,336
2021-10-25,San Mateo,081,765935,53145,52927,1543,54470,571
2021-10-25,Santa Barbara,083,443738,44055,43775,1673,45448,525
2021-10-25,Santa Clara,085,1922200,145501,144895,1349,146244,1901
2021-10-25,Santa Cruz,087,273765,20165,20053,1080,21133,221
2021-10-25,Shasta,089,179085,21010,20666,3615,24281,326
2021-10-25,Sierra,091,2930,179,168,22,190,0
2021-10-25,Siskiyou,093,43540,3275,3248,1315,4563,46
2021-10-25,Solano,095,438530,45232,45022,1218,46240,344
2021-10-25,Sonoma,097,501317,40993,40746,528,41274,393
2021-10-25,Stanislaus,099,539301,78004,77452,9006,86458,1145
2021-10-25,Sutter,101,95872,13793,13721,347,14068,176
2021-10-25,Tehama,103,63373,8320,8224,1502,9726,111
2021-10-25,Trinity,105,12862,757,699,197,896,11
2021-10-25,Tulare,107,460477,66908,66357,15284,81641,986
2021-10-25,Tuolumne,109,53932,7115,6952,88,7040,90
2021-10-25,Ventura,111,848112,97199,96932,4406,101338,1167
2021-10-25,Yolo,113,214977,19594,19457,1145,20602,248
2021-10-25,Yuba,115,75493,9993,9924,310,10234,82
2021-10-24,Alameda,001,1643700,118687,117816,2930,120746,1397
2021-10-24,Alpine,003,1148,105,105,0,105,0
2021-10-24,Amador,005,37829,5501,5412,61,5473,64
2021-10-24,Butte,007,227075,20495,20101,3793,23894,273
2021-10-24,Calaveras,009,45235,3977,3865,53,3918,81
2021-10-24,Colusa,011,21464,2494,2458,640,3098,18
2021-10-24,Contra Costa,013,1133247,98511,97855,2213,100068,1008
2021-10-24,Del Norte,015,27424,3631,3540,50,3590,42
2021-10-24,El Dorado,017,186661,15792,15540,1711,17251,149
2021-10-24,Fresno,019,978130,136716,134466,12191,146657,2094
2021-10-24,Glenn,021,27897,3429,3399,999,4398,33
2021-10-24,Humboldt,023,135768,8888,8753,552,9305,105
2021-10-24,Imperial,025,180216,33114,32777,3308,36085,766
2021-10-24,Inyo,027,18085,2237,2108,35,2143,41
2021-10-24,Kern,029,883053,125047,122939,21967,144906,1636
2021-10-24,Kings,031,150075,31537,30942,2019,32961,325
2021-10-24,Lake,033,64148,6626,6501,144,6645,105
2021-10-24,Lassen,035,31185,6748,6632,371,7003,27
2021-10-24,Los Angeles,037,10098052,1425313,1415919,56438,1472357,26527
2021-10-24,Madera,039,155013,22587,22062,1969,24031,281
2021-10-24,Marin,041,260295,17397,17264,456,17720,244
2021-10-24,Mariposa,043,17540,1235,1184,36,1220,5
2021-10-24,Mendocino,045,87422,7339,7220,472,7692,82
2021-10-24,Merced,047,269075,41401,40808,1737,42545,581
2021-10-24,Modoc,049,8938,521,507,184,691,5
2021-10-24,Mono,051,14174,1677,1655,19,1674,3
2021-10-24,Monterey,053,433212,47669,47456,3573,51029,586
2021-10-24,Napa,055,140530,12885,12789,107,12896,100
2021-10-24,Nevada,057,99092,9021,8861,326,9187,90
2021-10-24,Orange,059,3164182,304468,302237,15233,317470,5546
2021-10-24,Placer,061,380077,36447,35822,3693,39515,426
2021-10-24,Plumas,063,18699,1702,1623,38,1661,7
2021-10-24,Riverside,065,2383286,357663,354688,17004,371692,5041
2021-10-24,Sacramento,067,1510023,156728,155125,4650,159775,2232
2021-10-24,San Benito,069,59416,7328,7280,176,7456,71
2021-10-24,San Bernardino,071,2135413,350329,347681,11539,359220,5688
2021-10-24,San Diego,073,3302833,370233,366085,21493,387578,4183
2021-10-24,San Francisco,075,870044,52164,51820,2666,54486,649
2021-10-24,San Joaquin,077,732212,98404,97440,5522,102962,1721
2021-10-24,San Luis Obispo,079,281455,29048,28755,1239,29994,333
2021-10-24,San Mateo,081,765935,53080,52719,1537,54256,571
2021-10-24,Santa Barbara,083,443738,43991,43552,1671,45223,523
2021-10-24,Santa Clara,085,1922200,145315,144276,1339,145615,1897
2021-10-24,Santa Cruz,087,273765,20126,19967,1079,21046,221
2021-10-24,Shasta,089,179085,20910,20386,3609,23995,321
2021-10-24,Sierra,091,2930,179,168,22,190,0
2021-10-24,Siskiyou,093,43540,3269,3231,1310,4541,46
2021-10-24,Solano,095,438530,45183,44861,1216,46077,341
2021-10-24,Sonoma,097,501317,40912,40476,528,41004,393
2021-10-24,Stanislaus,099,539301,77813,76812,8996,85808,1145
2021-10-24,Sutter,101,95872,13766,13616,338,13954,175
2021-10-24,Tehama,103,63373,8273,8105,1491,9596,110
2021-10-24,Trinity,105,12862,753,696,194,890,11
2021-10-24,Tulare,107,460477,66736,65585,15210,80795,978
2021-10-24,Tuolumne,109,53932,7074,6840,86,6926,90
2021-10-24,Ventura,111,848112,97097,96664,4404,101068,1167
2021-10-24,Yolo,113,214977,19541,19280,1142,20422,248
2021-10-24,Yuba,115,75493,9968,9838,308,10146,82
2021-10-23,Alameda,001,1643700,118599,117816,2926,120742,1397
2021-10-23,Alpine,003,1148,105,105,0,105,0
2021-10-23,Amador,005,37829,5494,5412,61,5473,64
2021-10-23,Butte,007,227075,20461,20101,3789,23890,273
2021-10-23,Calaveras,009,45235,3970,3865,52,3917,81
2021-10-23,Colusa,011,21464,2492,2458,639,3097,18
2021-10-23,Contra Costa,013,1133247,98459,97855,2210,100065,1008
2021-10-23,Del Norte,015,27424,3629,3540,50,3590,42
2021-10-23,El Dorado,017,186661,15766,15540,1709,17249,149
2021-10-23,Fresno,019,978130,136543,134466,12182,146648,2094
2021-10-23,Glenn,021,27897,3426,3399,998,4397,33
2021-10-23,Humboldt,023,135768,8872,8753,547,9300,105
2021-10-23,Imperial,025,180216,33067,32777,3304,36081,766
2021-10-23,Inyo,027,18085,2226,2108,35,2143,41
2021-10-23,Kern,029,883053,124889,122939,21878,144817,1636
2021-10-23,Kings,031,150075,31491,30942,2017,32959,325
2021-10-23,Lake,033,64148,6621,6501,144,6645,105
2021-10-23,Lassen,035,31185,6745,6632,369,7001,27
2021-10-23,Los Angeles,037,10098052,1424645,1415919,56381,1472300,26527
2021-10-23,Madera,039,155013,22538,22062,1960,24022,281
2021-10-23,Marin,041,260295,17380,17264,455,17719,244
2021-10-23,Mariposa,043,17540,1233,1184,36,1220,5
2021-10-23,Mendocino,045,87422,7334,7220,471,7691,82
2021-10-23,Merced,047,269075,41363,40808,1735,42543,581
2021-10-23,Modoc,049,8938,519,507,184,691,5
2021-10-23,Mono,051,14174,1676,1655,19,1674,3
2021-10-23,Monterey,053,433212,47653,47456,3567,51023,586
2021-10-23,Napa,055,140530,12880,12789,107,12896,100
2021-10-23,Nevada,057,99092,9010,8861,324,9185,90
2021-10-23,Orange,059,3164182,304282,302237,15216,317453,5546
2021-10-23,Placer,061,380077,36385,35822,3687,39509,426
2021-10-23,Plumas,063,18699,1701,1623,38,1661,7
2021-10-23,Riverside,065,2383286,357343,354688,16997,371685,5041
2021-10-23,Sacramento,067,1510023,156599,155125,4642,159767,2232
2021-10-23,San Benito,069,59416,7318,7280,176,7456,71
2021-10-23,San Bernardino,071,2135413,350065,347681,11532,359213,5688
2021-10-23,San Diego,073,3302833,369876,366085,21463,387548,4183
2021-10-23,San Francisco,075,870044,52131,51820,2663,54483,649
2021-10-23,San Joaquin,077,732212,98336,97440,5513,102953,1721
2021-10-23,San Luis Obispo,079,281455,29011,28755,1237,29992,333
2021-10-23,San Mateo,081,765935,53050,52719,1527,54246,571
2021-10-23,Santa Barbara,083,443738,43960,43552,1669,45221,523
2021-10-23,Santa Clara,085,1922200,145207,144276,1335,145611,1897
2021-10-23,Santa Cruz,087,273765,20114,19967,1079,21046,221
2021-10-23,Shasta,089,179085,20874,20386,3597,23983,321
2021-10-23,Sierra,091,2930,178,168,22,190,0
2021-10-23,Siskiyou,093,43540,3267,3231,1310,4541,46
2021-10-23,Solano,095,438530,45158,44861,1213,46074,341
2021-10-23,Sonoma,097,501317,40872,40476,528,41004,393
2021-10-23,Stanislaus,099,539301,77724,76812,8977,85789,1145
2021-10-23,Sutter,101,95872,13761,13616,337,13953,175
2021-10-23,Tehama,103,63373,8262,8105,1490,9595,110
2021-10-23,Trinity,105,12862,752,696,194,890,11
2021-10-23,Tulare,107,460477,66650,65585,15149,80734,978
2021-10-23,Tuolumne,109,53932,7054,6840,86,6926,90
2021-10-23,Ventura,111,848112,97039,96664,4403,101067,1167
2021-10-23,Yolo,113,214977,19523,19280,1139,20419,248
2021-10-23,Yuba,115,75493,9960,9838,308,10146,82
2021-10-22,Alameda,001,1643700,118515,117816,2922,120738,1397
2021-10-22,Alpine,003,1148,105,105,0,105,0
2021-10-22,Amador,005,37829,5483,5412,61,5473,64
2021-10-22,Butte,007,227075,20429,20101,3785,23886,273
2021-10-22,Calaveras,009,45235,3962,3865,52,3917,81
2021-10-22,Colusa,011,21464,2489,2458,639,3097,18
2021-10-22,Contra Costa,013,1133247,98368,97855,2208,100063,1008
2021-10-22,Del Norte,015,27424,3625,3540,50,3590,42
2021-10-22,El Dorado,017,186661,15753,15540,1707,17247,149
2021-10-22,Fresno,019,978130,136331,134466,12177,146643,2094
2021-10-22,Glenn,021,27897,3415,3399,998,4397,33
2021-10-22,Humboldt,023,135768,8859,8753,546,9299,105
2021-10-22,Imperial,025,180216,33024,32777,3304,36081,766
2021-10-22,Inyo,027,18085,2213,2108,35,2143,41
2021-10-22,Kern,029,883053,124703,122939,21810,144749,1636
2021-10-22,Kings,031,150075,31456,30942,2016,32958,325
2021-10-22,Lake,033,64148,6612,6501,144,6645,105
2021-10-22,Lassen,035,31185,6738,6632,366,6998,27
2021-10-22,Los Angeles,037,10098052,1423898,1415919,56321,1472240,26527
2021-10-22,Madera,039,155013,22489,22062,1948,24010,281
2021-10-22,Marin,041,260295,17368,17264,455,17719,244
2021-10-22,Mariposa,043,17540,1229,1184,36,1220,5
2021-10-22,Mendocino,045,87422,7320,7220,470,7690,82
2021-10-22,Merced,047,269075,41324,40808,1730,42538,581
2021-10-22,Modoc,049,8938,519,507,184,691,5
2021-10-22,Mono,051,14174,1676,1655,19,1674,3
2021-10-22,Monterey,053,433212,47632,47456,3553,51009,586
2021-10-22,Napa,055,140530,12874,12789,107,12896,100
2021-10-22,Nevada,057,99092,8993,8861,323,9184,90
2021-10-22,Orange,059,3164182,304067,302237,15190,317427,5546
2021-10-22,Placer,061,380077,36356,35822,3678,39500,426
2021-10-22,Plumas,063,18699,1695,1623,38,1661,7
2021-10-22,Riverside,065,2383286,357033,354688,16992,371680,5041
2021-10-22,Sacramento,067,1510023,156415,155125,4632,159757,2232
2021-10-22,San Benito,069,59416,7313,7280,176,7456,71
2021-10-22,San Bernardino,071,2135413,349743,347681,11518,359199,5688
2021-10-22,San Diego,073,3302833,369465,366085,21444,387529,4183
2021-10-22,San Francisco,075,870044,52099,51820,2656,54476,649
2021-10-22,San Joaquin,077,732212,98279,97440,5510,102950,1721
2021-10-22,San Luis Obispo,079,281455,28981,28755,1237,29992,333
2021-10-22,San Mateo,081,765935,53005,52719,1515,54234,571
2021-10-22,Santa Barbara,083,443738,43919,43552,1669,45221,523
2021-10-22,Santa Clara,085,1922200,145051,144276,1327,145603,1897
2021-10-22,Santa Cruz,087,273765,20092,19967,1079,21046,221
2021-10-22,Shasta,089,179085,20842,20386,3594,23980,321
2021-10-22,Sierra,091,2930,177,168,21,189,0
2021-10-22,Siskiyou,093,43540,3265,3231,1307,4538,46
2021-10-22,Solano,095,438530,45123,44861,1209,46070,341
2021-10-22,Sonoma,097,501317,40816,40476,528,41004,393
2021-10-22,Stanislaus,099,539301,77622,76812,8957,85769,1145
2021-10-22,Sutter,101,95872,13746,13616,337,13953,175
2021-10-22,Tehama,103,63373,8241,8105,1485,9590,110
2021-10-22,Trinity,105,12862,751,696,194,890,11
2021-10-22,Tulare,107,460477,66567,65585,15094,80679,978
2021-10-22,Tuolumne,109,53932,7019,6840,86,6926,90
2021-10-22,Ventura,111,848112,96987,96664,4397,101061,1167
2021-10-22,Yolo,113,214977,19495,19280,1136,20416,248
2021-10-22,Yuba,115,75493,9946,9838,306,10144,82
2021-10-21,Alameda,001,1643700,118401,117816,2918,120734,1397
2021-10-21,Alpine,003,1148,105,105,0,105,0
2021-10-21,Amador,005,37829,5475,5412,61,5473,64
2021-10-21,Butte,007,227075,20346,20101,3771,23872,273
2021-10-21,Calaveras,009,45235,3943,3865,52,3917,81
2021-10-21,Colusa,011,21464,2485,2458,632,3090,18
2021-10-21,Contra Costa,013,1133247,98256,97855,2202,100057,1008
2021-10-21,Del Norte,015,27424,3619,3540,49,3589,42
2021-10-21,El Dorado,017,186661,15726,15540,1700,17240,149
2021-10-21,Fresno,019,978130,135988,134466,12140,146606,2094
2021-10-21,Glenn,021,27897,3411,3399,994,4393,33
2021-10-21,Humboldt,023,135768,8844,8753,542,9295,105
2021-10-21,Imperial,025,180216,32970,32777,3299,36076,766
2021-10-21,Inyo,027,18085,2191,2108,35,2143,41
2021-10-21,Kern,029,883053,124459,122939,21697,144636,1636
2021-10-21,Kings,031,150075,31357,30942,2010,32952,325
2021-10-21,Lake,033,64148,6599,6501,144,6645,105
2021-10-21,Lassen,035,31185,6725,6632,362,6994,27
2021-10-21,Los Angeles,037,10098052,1422792,1415919,56269,1472188,26527
2021-10-21,Madera,039,155013,22431,22062,1939,24001,281
2021-10-21,Marin,041,260295,17350,17264,455,17719,244
2021-10-21,Mariposa,043,17540,1223,1184,35,1219,5
2021-10-21,Mendocino,045,87422,7302,7220,462,7682,82
2021-10-21,Merced,047,269075,41222,40808,1723,42531,581
2021-10-21,Modoc,049,8938,519,507,184,691,5
2021-10-21,Mono,051,14174,1667,1655,18,1673,3
2021-10-21,Monterey,053,433212,47605,47456,3534,50990,586
2021-10-21,Napa,055,140530,12862,12789,107,12896,100
2021-10-21,Nevada,057,99092,8968,8861,323,9184,90
2021-10-21,Orange,059,3164182,303795,302237,15157,317394,5546
2021-10-21,Placer,061,380077,36269,35822,3665,39487,426
2021-10-21,Plumas,063,18699,1681,1623,38,1661,7
2021-10-21,Riverside,065,2383286,356589,354688,16980,371668,5041
2021-10-21,Sacramento,067,1510023,156098,155125,4606,159731,2232
2021-10-21,San Benito,069,59416,7306,7280,174,7454,71
2021-10-21,San Bernardino,071,2135413,349368,347681,11483,359164,5688
2021-10-21,San Diego,073,3302833,368943,366085,21411,387496,4183
2021-10-21,San Francisco,075,870044,52043,51820,2655,54475,649
2021-10-21,San Joaquin,077,732212,98140,97440,5503,102943,1721
2021-10-21,San Luis Obispo,079,281455,28939,28755,1235,29990,333
2021-10-21,San Mateo,081,765935,52962,52719,1512,54231,571
2021-10-21,Santa Barbara,083,443738,43854,43552,1667,45219,523
2021-10-21,Santa Clara,085,1922200,144879,144276,1325,145601,1897
2021-10-21,Santa Cruz,087,273765,20068,19967,1077,21044,221
2021-10-21,Shasta,089,179085,20780,20386,3579,23965,321
2021-10-21,Sierra,091,2930,176,168,20,188,0
2021-10-21,Siskiyou,093,43540,3260,3231,1305,4536,46
2021-10-21,Solano,095,438530,45073,44861,1207,46068,341
2021-10-21,Sonoma,097,501317,40749,40476,526,41002,393
2021-10-21,Stanislaus,099,539301,77453,76812,8946,85758,1145
2021-10-21,Sutter,101,95872,13718,13616,333,13949,175
2021-10-21,Tehama,103,63373,8213,8105,1478,9583,110
2021-10-21,Trinity,105,12862,749,696,194,890,11
2021-10-21,Tulare,107,460477,66379,65585,15021,80606,978
2021-10-21,Tuolumne,109,53932,6982,6840,85,6925,90
2021-10-21,Ventura,111,848112,96895,96664,4396,101060,1167
2021-10-21,Yolo,113,214977,19450,19280,1134,20414,248
2021-10-21,Yuba,115,75493,9922,9838,305,10143,82
2021-10-20,Alameda,001,1643700,118285,117654,2916,120570,1390
2021-10-20,Alpine,003,1148,105,103,0,103,0
2021-10-20,Amador,005,37829,5467,5379,61,5440,64
2021-10-20,Butte,007,227075,20292,20021,3756,23777,270
2021-10-20,Calaveras,009,45235,3922,3844,51,3895,81
2021-10-20,Colusa,011,21464,2481,2454,631,3085,18
2021-10-20,Contra Costa,013,1133247,98146,97721,2196,99917,1008
2021-10-20,Del Norte,015,27424,3615,3536,49,3585,42
2021-10-20,El Dorado,017,186661,15696,15502,1696,17198,149
2021-10-20,Fresno,019,978130,135593,134025,12115,146140,2084
2021-10-20,Glenn,021,27897,3404,3382,992,4374,33
2021-10-20,Humboldt,023,135768,8822,8727,540,9267,105
2021-10-20,Imperial,025,180216,32898,32705,3291,35996,766
2021-10-20,Inyo,027,18085,2171,2077,34,2111,40
2021-10-20,Kern,029,883053,124166,122630,21576,144206,1623
2021-10-20,Kings,031,150075,31282,30805,2000,32805,322
2021-10-20,Lake,033,64148,6577,6475,144,6619,104
2021-10-20,Lassen,035,31185,6710,6622,362,6984,27
2021-10-20,Los Angeles,037,10098052,1421684,1414931,56189,1471120,26506
2021-10-20,Madera,039,155013,22361,21983,1931,23914,281
2021-10-20,Marin,041,260295,17329,17250,453,17703,244
2021-10-20,Mariposa,043,17540,1216,1174,35,1209,5
2021-10-20,Mendocino,045,87422,7275,7189,459,7648,82
2021-10-20,Merced,047,269075,41135,40685,1712,42397,581
2021-10-20,Modoc,049,8938,519,504,184,688,5
2021-10-20,Mono,051,14174,1666,1653,18,1671,3
2021-10-20,Monterey,053,433212,47582,47430,3520,50950,587
2021-10-20,Napa,055,140530,12849,12773,106,12879,100
2021-10-20,Nevada,057,99092,8941,8836,323,9159,90
2021-10-20,Orange,059,3164182,303516,301957,15136,317093,5534
2021-10-20,Placer,061,380077,36180,35729,3656,39385,425
2021-10-20,Plumas,063,18699,1674,1604,38,1642,7
2021-10-20,Riverside,065,2383286,356147,354311,16962,371273,5030
2021-10-20,Sacramento,067,1510023,155800,154822,4583,159405,2222
2021-10-20,San Benito,069,59416,7303,7275,172,7447,71
2021-10-20,San Bernardino,071,2135413,348975,347217,11453,358670,5663
2021-10-20,San Diego,073,3302833,368431,365698,21386,387084,4178
2021-10-20,San Francisco,075,870044,51997,51755,2650,54405,646
2021-10-20,San Joaquin,077,732212,97994,97246,5495,102741,1721
2021-10-20,San Luis Obispo,079,281455,28895,28727,1231,29958,332
2021-10-20,San Mateo,081,765935,52900,52663,1494,54157,571
2021-10-20,Santa Barbara,083,443738,43794,43489,1666,45155,523
2021-10-20,Santa Clara,085,1922200,144741,144124,1321,145445,1896
2021-10-20,Santa Cruz,087,273765,20055,19951,1077,21028,219
2021-10-20,Shasta,089,179085,20721,20313,3551,23864,320
2021-10-20,Sierra,091,2930,176,168,20,188,0
2021-10-20,Siskiyou,093,43540,3260,3224,1299,4523,46
2021-10-20,Solano,095,438530,45041,44819,1205,46024,341
2021-10-20,Sonoma,097,501317,40705,40404,526,40930,393
2021-10-20,Stanislaus,099,539301,77303,76631,8927,85558,1145
2021-10-20,Sutter,101,95872,13694,13592,327,13919,175
2021-10-20,Tehama,103,63373,8182,8081,1467,9548,110
2021-10-20,Trinity,105,12862,749,693,193,886,11
2021-10-20,Tulare,107,460477,66204,65413,14972,80385,967
2021-10-20,Tuolumne,109,53932,6961,6803,85,6888,89
2021-10-20,Ventura,111,848112,96805,96610,4393,101003,1166
2021-10-20,Yolo,113,214977,19407,19236,1133,20369,248
2021-10-20,Yuba,115,75493,9905,9808,302,10110,82
2021-10-19,Alameda,001,1643700,118174,117542,2910,120452,1383
2021-10-19,Alpine,003,1148,105,103,0,103,0
2021-10-19,Amador,005,37829,5451,5367,61,5428,64
2021-10-19,Butte,007,227075,20238,19974,3748,23722,268
2021-10-19,Calaveras,009,45235,3905,3826,50,3876,80
2021-10-19,Colusa,011,21464,2478,2447,629,3076,18
2021-10-19,Contra Costa,013,1133247,98056,97613,2190,99803,1004
2021-10-19,Del Norte,015,27424,3608,3531,49,3580,42
2021-10-19,El Dorado,017,186661,15671,15478,1691,17169,149
2021-10-19,Fresno,019,978130,135237,133813,12082,145895,2073
2021-10-19,Glenn,021,27897,3403,3380,988,4368,33
2021-10-19,Humboldt,023,135768,8798,8714,534,9248,105
2021-10-19,Imperial,025,180216,32831,32632,3287,35919,764
2021-10-19,Inyo,027,18085,2140,2045,34,2079,40
2021-10-19,Kern,029,883053,123848,122391,21451,143842,1613
2021-10-19,Kings,031,150075,31187,30757,1993,32750,322
2021-10-19,Lake,033,64148,6573,6465,144,6609,104
2021-10-19,Lassen,035,31185,6704,6612,357,6969,27
2021-10-19,Los Angeles,037,10098052,1420446,1413882,56106,1469988,26473
2021-10-19,Madera,039,155013,22298,21950,1923,23873,281
2021-10-19,Marin,041,260295,17315,17241,450,17691,244
2021-10-19,Mariposa,043,17540,1210,1171,33,1204,5
2021-10-19,Mendocino,045,87422,7260,7172,456,7628,82
2021-10-19,Merced,047,269075,41019,40628,1692,42320,580
2021-10-19,Modoc,049,8938,517,502,184,686,5
2021-10-19,Mono,051,14174,1662,1651,18,1669,3
2021-10-19,Monterey,053,433212,47553,47412,3500,50912,583
2021-10-19,Napa,055,140530,12842,12769,106,12875,100
2021-10-19,Nevada,057,99092,8920,8829,322,9151,90
2021-10-19,Orange,059,3164182,303262,301700,15106,316806,5527
2021-10-19,Placer,061,380077,36059,35663,3641,39304,422
2021-10-19,Plumas,063,18699,1656,1586,38,1624,8
2021-10-19,Riverside,065,2383286,355728,353891,16954,370845,5020
2021-10-19,Sacramento,067,1510023,155497,154570,4554,159124,2227
2021-10-19,San Benito,069,59416,7287,7264,172,7436,71
2021-10-19,San Bernardino,071,2135413,348579,346814,11423,358237,5627
2021-10-19,San Diego,073,3302833,367839,365285,21353,386638,4170
2021-10-19,San Francisco,075,870044,51938,51704,2647,54351,645
2021-10-19,San Joaquin,077,732212,97824,97105,5483,102588,1721
2021-10-19,San Luis Obispo,079,281455,28849,28670,1229,29899,332
2021-10-19,San Mateo,081,765935,52848,52617,1486,54103,571
2021-10-19,Santa Barbara,083,443738,43726,43413,1664,45077,522
2021-10-19,Santa Clara,085,1922200,144571,143989,1313,145302,1898
2021-10-19,Santa Cruz,087,273765,20032,19895,1075,20970,218
2021-10-19,Shasta,089,179085,20644,20209,3543,23752,319
2021-10-19,Sierra,091,2930,173,168,20,188,0
2021-10-19,Siskiyou,093,43540,3256,3216,1294,4510,46
2021-10-19,Solano,095,438530,45000,44782,1201,45983,341
2021-10-19,Sonoma,097,501317,40631,40379,525,40904,392
2021-10-19,Stanislaus,099,539301,77164,76526,8912,85438,1145
2021-10-19,Sutter,101,95872,13670,13569,326,13895,174
2021-10-19,Tehama,103,63373,8153,8057,1451,9508,108
2021-10-19,Trinity,105,12862,742,691,193,884,11
2021-10-19,Tulare,107,460477,66022,65253,14904,80157,958
2021-10-19,Tuolumne,109,53932,6933,6782,84,6866,89
2021-10-19,Ventura,111,848112,96725,96539,4390,100929,1166
2021-10-19,Yolo,113,214977,19364,19206,1128,20334,248
2021-10-19,Yuba,115,75493,9888,9796,300,10096,82
2021-10-18,Alameda,001,1643700,118040,117506,2901,120407,1381
2021-10-18,Alpine,003,1148,105,103,0,103,0
2021-10-18,Amador,005,37829,5440,5345,61,5406,64
2021-10-18,Butte,007,227075,20188,19921,3740,23661,265
2021-10-18,Calaveras,009,45235,3880,3819,49,3868,80
2021-10-18,Colusa,011,21464,2477,2444,627,3071,18
2021-10-18,Contra Costa,013,1133247,97947,97585,2187,99772,995
2021-10-18,Del Norte,015,27424,3601,3529,49,3578,41
2021-10-18,El Dorado,017,186661,15640,15452,1688,17140,149
2021-10-18,Fresno,019,978130,134851,133688,12048,145736,2063
2021-10-18,Glenn,021,27897,3397,3370,982,4352,32
2021-10-18,Humboldt,023,135768,8780,8699,525,9224,104
2021-10-18,Imperial,025,180216,32740,32558,3287,35845,764
2021-10-18,Inyo,027,18085,2122,2020,34,2054,40
2021-10-18,Kern,029,883053,123549,122231,21352,143583,1605
2021-10-18,Kings,031,150075,31070,30698,1980,32678,320
2021-10-18,Lake,033,64148,6554,6455,142,6597,104
2021-10-18,Lassen,035,31185,6684,6607,354,6961,26
2021-10-18,Los Angeles,037,10098052,1419210,1413291,56027,1469318,26446
2021-10-18,Madera,039,155013,22244,21909,1911,23820,277
2021-10-18,Marin,041,260295,17295,17232,447,17679,244
2021-10-18,Mariposa,043,17540,1202,1160,33,1193,5
2021-10-18,Mendocino,045,87422,7241,7156,447,7603,82
2021-10-18,Merced,047,269075,40897,40573,1682,42255,579
2021-10-18,Modoc,049,8938,517,498,184,682,5
2021-10-18,Mono,051,14174,1651,1648,17,1665,3
2021-10-18,Monterey,053,433212,47536,47389,3490,50879,583
2021-10-18,Napa,055,140530,12827,12762,106,12868,100
2021-10-18,Nevada,057,99092,8901,8816,322,9138,90
2021-10-18,Orange,059,3164182,302927,301573,15071,316644,5524
2021-10-18,Placer,061,380077,35981,35598,3637,39235,420
2021-10-18,Plumas,063,18699,1648,1579,38,1617,6
2021-10-18,Riverside,065,2383286,355312,353699,16939,370638,5008
2021-10-18,Sacramento,067,1510023,155191,154428,4522,158950,2203
2021-10-18,San Benito,069,59416,7275,7253,171,7424,71
2021-10-18,San Bernardino,071,2135413,348160,346742,11408,358150,5606
2021-10-18,San Diego,073,3302833,367279,364948,21310,386258,4169
2021-10-18,San Francisco,075,870044,51876,51671,2640,54311,644
2021-10-18,San Joaquin,077,732212,97659,97041,5473,102514,1721
2021-10-18,San Luis Obispo,079,281455,28810,28644,1226,29870,331
2021-10-18,San Mateo,081,765935,52787,52594,1484,54078,571
2021-10-18,Santa Barbara,083,443738,43669,43386,1662,45048,522
2021-10-18,Santa Clara,085,1922200,144417,143891,1304,145195,1895
2021-10-18,Santa Cruz,087,273765,20018,19876,1073,20949,218
2021-10-18,Shasta,089,179085,20563,20146,3532,23678,313
2021-10-18,Sierra,091,2930,173,166,20,186,0
2021-10-18,Siskiyou,093,43540,3253,3210,1286,4496,42
2021-10-18,Solano,095,438530,44956,44758,1199,45957,339
2021-10-18,Sonoma,097,501317,40569,40349,521,40870,392
2021-10-18,Stanislaus,099,539301,77000,76466,8898,85364,1145
2021-10-18,Sutter,101,95872,13636,13557,324,13881,172
2021-10-18,Tehama,103,63373,8117,8042,1439,9481,107
2021-10-18,Trinity,105,12862,741,688,193,881,11
2021-10-18,Tulare,107,460477,65848,65171,14840,80011,958
2021-10-18,Tuolumne,109,53932,6904,6755,84,6839,89
2021-10-18,Ventura,111,848112,96633,96506,4388,100894,1165
2021-10-18,Yolo,113,214977,19328,19197,1125,20322,248
2021-10-18,Yuba,115,75493,9862,9782,297,10079,82
2021-10-17,Alameda,001,1643700,117893,117423,2896,120319,1376
2021-10-17,Alpine,003,1148,105,103,0,103,0
2021-10-17,Amador,005,37829,5417,5341,61,5402,64
2021-10-17,Butte,007,227075,20102,19897,3731,23628,265
2021-10-17,Calaveras,009,45235,3864,3805,49,3854,80
2021-10-17,Colusa,011,21464,2472,2442,620,3062,18
2021-10-17,Contra Costa,013,1133247,97824,97485,2176,99661,995
2021-10-17,Del Norte,015,27424,3596,3526,49,3575,41
2021-10-17,El Dorado,017,186661,15583,15438,1681,17119,149
2021-10-17,Fresno,019,978130,134390,133429,12017,145446,2063
2021-10-17,Glenn,021,27897,3381,3364,980,4344,32
2021-10-17,Humboldt,023,135768,8760,8690,522,9212,104
2021-10-17,Imperial,025,180216,32658,32520,3281,35801,764
2021-10-17,Inyo,027,18085,2094,2000,34,2034,40
2021-10-17,Kern,029,883053,123202,122085,21253,143338,1603
2021-10-17,Kings,031,150075,30958,30636,1970,32606,315
2021-10-17,Lake,033,64148,6538,6437,141,6578,104
2021-10-17,Lassen,035,31185,6672,6605,349,6954,26
2021-10-17,Los Angeles,037,10098052,1417887,1412371,55943,1468314,26443
2021-10-17,Madera,039,155013,22182,21869,1902,23771,277
2021-10-17,Marin,041,260295,17274,17211,447,17658,243
2021-10-17,Mariposa,043,17540,1196,1150,33,1183,5
2021-10-17,Mendocino,045,87422,7214,7148,440,7588,82
2021-10-17,Merced,047,269075,40770,40531,1668,42199,579
2021-10-17,Modoc,049,8938,514,498,182,680,5
2021-10-17,Mono,051,14174,1650,1640,16,1656,3
2021-10-17,Monterey,053,433212,47504,47369,3470,50839,583
2021-10-17,Napa,055,140530,12812,12753,103,12856,100
2021-10-17,Nevada,057,99092,8884,8794,321,9115,90
2021-10-17,Orange,059,3164182,302616,301414,15039,316453,5524
2021-10-17,Placer,061,380077,35881,35559,3622,39181,420
2021-10-17,Plumas,063,18699,1625,1571,35,1606,6
2021-10-17,Riverside,065,2383286,354833,353500,16923,370423,5008
2021-10-17,Sacramento,067,1510023,154793,154080,4500,158580,2213
2021-10-17,San Benito,069,59416,7266,7250,170,7420,71
2021-10-17,San Bernardino,071,2135413,347733,346524,11389,357913,5597
2021-10-17,San Diego,073,3302833,366673,364675,21280,385955,4163
2021-10-17,San Francisco,075,870044,51803,51625,2631,54256,644
2021-10-17,San Joaquin,077,732212,97487,96950,5464,102414,1721
2021-10-17,San Luis Obispo,079,281455,28759,28604,1218,29822,331
2021-10-17,San Mateo,081,765935,52744,52541,1472,54013,571
2021-10-17,Santa Barbara,083,443738,43607,43344,1661,45005,522
2021-10-17,Santa Clara,085,1922200,144247,143768,1294,145062,1895
2021-10-17,Santa Cruz,087,273765,19990,19861,1071,20932,218
2021-10-17,Shasta,089,179085,20473,20116,3521,23637,312
2021-10-17,Sierra,091,2930,171,165,20,185,0
2021-10-17,Siskiyou,093,43540,3245,3204,1283,4487,42
2021-10-17,Solano,095,438530,44900,44722,1198,45920,340
2021-10-17,Sonoma,097,501317,40494,40306,521,40827,392
2021-10-17,Stanislaus,099,539301,76804,76354,8884,85238,1145
2021-10-17,Sutter,101,95872,13619,13543,322,13865,172
2021-10-17,Tehama,103,63373,8085,8015,1422,9437,107
2021-10-17,Trinity,105,12862,738,686,192,878,11
2021-10-17,Tulare,107,460477,65666,65057,14764,79821,958
2021-10-17,Tuolumne,109,53932,6869,6735,83,6818,89
2021-10-17,Ventura,111,848112,96538,96458,4385,100843,1165
2021-10-17,Yolo,113,214977,19289,19171,1115,20286,248
2021-10-17,Yuba,115,75493,9836,9771,295,10066,82
2021-10-16,Alameda,001,1643700,117806,117027,2895,119922,1365
2021-10-16,Alpine,003,1148,104,102,0,102,0
2021-10-16,Amador,005,37829,5410,5310,61,5371,64
2021-10-16,Butte,007,227075,20071,19612,3724,23336,260
2021-10-16,Calaveras,009,45235,3857,3771,49,3820,80
2021-10-16,Colusa,011,21464,2468,2431,617,3048,18
2021-10-16,Contra Costa,013,1133247,97733,97107,2173,99280,982
2021-10-16,Del Norte,015,27424,3593,3516,49,3565,41
2021-10-16,El Dorado,017,186661,15561,15315,1679,16994,149
2021-10-16,Fresno,019,978130,134242,132433,12010,144443,2051
2021-10-16,Glenn,021,27897,3378,3331,980,4311,26
2021-10-16,Humboldt,023,135768,8747,8621,517,9138,104
2021-10-16,Imperial,025,180216,32643,32368,3280,35648,764
2021-10-16,Inyo,027,18085,2080,1932,34,1966,39
2021-10-16,Kern,029,883053,123049,121354,21167,142521,1590
2021-10-16,Kings,031,150075,30910,30418,1967,32385,314
2021-10-16,Lake,033,64148,6527,6378,141,6519,104
2021-10-16,Lassen,035,31185,6664,6559,344,6903,26
2021-10-16,Los Angeles,037,10098052,1417242,1409418,55886,1465304,26398
2021-10-16,Madera,039,155013,22138,21707,1899,23606,277
2021-10-16,Marin,041,260295,17265,17148,447,17595,243
2021-10-16,Mariposa,043,17540,1193,1096,33,1129,5
2021-10-16,Mendocino,045,87422,7204,7099,440,7539,82
2021-10-16,Merced,047,269075,40737,40265,1667,41932,577
2021-10-16,Modoc,049,8938,511,492,182,674,5
2021-10-16,Mono,051,14174,1649,1628,16,1644,3
2021-10-16,Monterey,053,433212,47490,47293,3459,50752,582
2021-10-16,Napa,055,140530,12801,12706,103,12809,100
2021-10-16,Nevada,057,99092,8864,8739,321,9060,90
2021-10-16,Orange,059,3164182,302441,300722,15016,315738,5509
2021-10-16,Placer,061,380077,35797,35343,3615,38958,412
2021-10-16,Plumas,063,18699,1620,1542,34,1576,6
2021-10-16,Riverside,065,2383286,354566,352435,16911,369346,4990
2021-10-16,Sacramento,067,1510023,154592,153264,4496,157760,2192
2021-10-16,San Benito,069,59416,7253,7210,169,7379,71
2021-10-16,San Bernardino,071,2135413,347529,345418,11382,356800,5566
2021-10-16,San Diego,073,3302833,366352,363109,21264,384373,4151
2021-10-16,San Francisco,075,870044,51755,51436,2627,54063,645
2021-10-16,San Joaquin,077,732212,97418,96507,5461,101968,1708
2021-10-16,San Luis Obispo,079,281455,28733,28460,1217,29677,329
2021-10-16,San Mateo,081,765935,52701,52399,1466,53865,569
2021-10-16,Santa Barbara,083,443738,43571,43175,1660,44835,521
2021-10-16,Santa Clara,085,1922200,144146,143282,1286,144568,1890
2021-10-16,Santa Cruz,087,273765,19975,19794,1070,20864,218
2021-10-16,Shasta,089,179085,20424,19932,3509,23441,309
2021-10-16,Sierra,091,2930,169,160,20,180,0
2021-10-16,Siskiyou,093,43540,3243,3173,1276,4449,42
2021-10-16,Solano,095,438530,44874,44585,1194,45779,334
2021-10-16,Sonoma,097,501317,40454,40195,521,40716,390
2021-10-16,Stanislaus,099,539301,76718,75868,8875,84743,1142
2021-10-16,Sutter,101,95872,13600,13471,321,13792,169
2021-10-16,Tehama,103,63373,8071,7907,1417,9324,104
2021-10-16,Trinity,105,12862,738,679,192,871,11
2021-10-16,Tulare,107,460477,65534,64489,14730,79219,951
2021-10-16,Tuolumne,109,53932,6837,6666,83,6749,89
2021-10-16,Ventura,111,848112,96510,96181,4380,100561,1164
2021-10-16,Yolo,113,214977,19263,19078,1109,20187,247
2021-10-16,Yuba,115,75493,9813,9705,291,9996,82
2021-10-15,Alameda,001,1643700,117735,117027,2891,119918,1365
2021-10-15,Alpine,003,1148,104,102,0,102,0
2021-10-15,Amador,005,37829,5386,5310,61,5371,64
2021-10-15,Butte,007,227075,20035,19612,3717,23329,260
2021-10-15,Calaveras,009,45235,3851,3771,49,3820,80
2021-10-15,Colusa,011,21464,2466,2431,613,3044,18
2021-10-15,Contra Costa,013,1133247,97652,97107,2170,99277,982
2021-10-15,Del Norte,015,27424,3591,3516,49,3565,41
2021-10-15,El Dorado,017,186661,15541,15315,1674,16989,149
2021-10-15,Fresno,019,978130,133994,132433,12005,144438,2051
2021-10-15,Glenn,021,27897,3374,3331,979,4310,26
2021-10-15,Humboldt,023,135768,8738,8621,515,9136,104
2021-10-15,Imperial,025,180216,32596,32368,3277,35645,764
2021-10-15,Inyo,027,18085,2062,1932,34,1966,39
2021-10-15,Kern,029,883053,122914,121354,21093,142447,1590
2021-10-15,Kings,031,150075,30855,30418,1963,32381,314
2021-10-15,Lake,033,64148,6519,6378,141,6519,104
2021-10-15,Lassen,035,31185,6652,6559,343,6902,26
2021-10-15,Los Angeles,037,10098052,1416555,1409418,55837,1465255,26398
2021-10-15,Madera,039,155013,22093,21707,1893,23600,277
2021-10-15,Marin,041,260295,17254,17148,447,17595,243
2021-10-15,Mariposa,043,17540,1185,1096,33,1129,5
2021-10-15,Mendocino,045,87422,7189,7099,440,7539,82
2021-10-15,Merced,047,269075,40707,40265,1664,41929,577
2021-10-15,Modoc,049,8938,510,492,182,674,5
2021-10-15,Mono,051,14174,1648,1628,16,1644,3
2021-10-15,Monterey,053,433212,47470,47293,3455,50748,582
2021-10-15,Napa,055,140530,12797,12706,103,12809,100
2021-10-15,Nevada,057,99092,8849,8739,321,9060,90
2021-10-15,Orange,059,3164182,302274,300722,14999,315721,5509
2021-10-15,Placer,061,380077,35744,35343,3609,38952,412
2021-10-15,Plumas,063,18699,1612,1542,34,1576,6
2021-10-15,Riverside,065,2383286,354325,352435,16906,369341,4990
2021-10-15,Sacramento,067,1510023,154408,153264,4486,157750,2192
2021-10-15,San Benito,069,59416,7250,7210,169,7379,71
2021-10-15,San Bernardino,071,2135413,347294,345418,11380,356798,5566
2021-10-15,San Diego,073,3302833,365987,363109,21239,384348,4151
2021-10-15,San Francisco,075,870044,51717,51436,2620,54056,645
2021-10-15,San Joaquin,077,732212,97340,96507,5454,101961,1708
2021-10-15,San Luis Obispo,079,281455,28712,28460,1215,29675,329
2021-10-15,San Mateo,081,765935,52664,52399,1459,53858,569
2021-10-15,Santa Barbara,083,443738,43535,43175,1660,44835,521
2021-10-15,Santa Clara,085,1922200,144026,143282,1277,144559,1890
2021-10-15,Santa Cruz,087,273765,19964,19794,1070,20864,218
2021-10-15,Shasta,089,179085,20368,19932,3501,23433,309
2021-10-15,Sierra,091,2930,168,160,20,180,0
2021-10-15,Siskiyou,093,43540,3242,3173,1273,4446,42
2021-10-15,Solano,095,438530,44848,44585,1194,45779,334
2021-10-15,Sonoma,097,501317,40420,40195,520,40715,390
2021-10-15,Stanislaus,099,539301,76638,75868,8859,84727,1142
2021-10-15,Sutter,101,95872,13583,13471,319,13790,169
2021-10-15,Tehama,103,63373,8049,7907,1411,9318,104
2021-10-15,Trinity,105,12862,738,679,192,871,11
2021-10-15,Tulare,107,460477,65457,64489,14691,79180,951
2021-10-15,Tuolumne,109,53932,6814,6666,81,6747,89
2021-10-15,Ventura,111,848112,96469,96181,4376,100557,1164
2021-10-15,Yolo,113,214977,19250,19078,1105,20183,247
2021-10-15,Yuba,115,75493,9803,9705,290,9995,82
2021-10-14,Alameda,001,1643700,117629,117027,2885,119912,1365
2021-10-14,Alpine,003,1148,104,102,0,102,0
2021-10-14,Amador,005,37829,5376,5310,61,5371,64
2021-10-14,Butte,007,227075,19983,19612,3712,23324,260
2021-10-14,Calaveras,009,45235,3838,3771,48,3819,80
2021-10-14,Colusa,011,21464,2464,2431,611,3042,18
2021-10-14,Contra Costa,013,1133247,97518,97107,2164,99271,982
2021-10-14,Del Norte,015,27424,3585,3516,49,3565,41
2021-10-14,El Dorado,017,186661,15502,15315,1671,16986,149
2021-10-14,Fresno,019,978130,133705,132433,11984,144417,2051
2021-10-14,Glenn,021,27897,3371,3331,978,4309,26
2021-10-14,Humboldt,023,135768,8720,8621,512,9133,104
2021-10-14,Imperial,025,180216,32532,32368,3270,35638,764
2021-10-14,Inyo,027,18085,2043,1932,34,1966,39
2021-10-14,Kern,029,883053,122645,121354,20992,142346,1590
2021-10-14,Kings,031,150075,30789,30418,1955,32373,314
2021-10-14,Lake,033,64148,6498,6378,140,6518,104
2021-10-14,Lassen,035,31185,6646,6559,342,6901,26
2021-10-14,Los Angeles,037,10098052,1415595,1409418,55783,1465201,26398
2021-10-14,Madera,039,155013,22028,21707,1888,23595,277
2021-10-14,Marin,041,260295,17249,17148,445,17593,243
2021-10-14,Mariposa,043,17540,1172,1096,32,1128,5
2021-10-14,Mendocino,045,87422,7175,7099,439,7538,82
2021-10-14,Merced,047,269075,40619,40265,1650,41915,577
2021-10-14,Modoc,049,8938,510,492,182,674,5
2021-10-14,Mono,051,14174,1642,1628,16,1644,3
2021-10-14,Monterey,053,433212,47446,47293,3448,50741,582
2021-10-14,Napa,055,140530,12782,12706,103,12809,100
2021-10-14,Nevada,057,99092,8821,8739,319,9058,90
2021-10-14,Orange,059,3164182,302074,300722,14983,315705,5509
2021-10-14,Placer,061,380077,35678,35343,3595,38938,412
2021-10-14,Plumas,063,18699,1597,1542,34,1576,6
2021-10-14,Riverside,065,2383286,353928,352435,16896,369331,4990
2021-10-14,Sacramento,067,1510023,154157,153264,4464,157728,2192
2021-10-14,San Benito,069,59416,7239,7210,169,7379,71
2021-10-14,San Bernardino,071,2135413,346938,345418,11373,356791,5566
2021-10-14,San Diego,073,3302833,365539,363109,21211,384320,4151
2021-10-14,San Francisco,075,870044,51664,51436,2614,54050,645
2021-10-14,San Joaquin,077,732212,97212,96507,5445,101952,1708
2021-10-14,San Luis Obispo,079,281455,28669,28460,1211,29671,329
2021-10-14,San Mateo,081,765935,52619,52399,1455,53854,569
2021-10-14,Santa Barbara,083,443738,43480,43175,1655,44830,521
2021-10-14,Santa Clara,085,1922200,143889,143282,1272,144554,1890
2021-10-14,Santa Cruz,087,273765,19941,19794,1070,20864,218
2021-10-14,Shasta,089,179085,20313,19932,3489,23421,309
2021-10-14,Sierra,091,2930,168,160,20,180,0
2021-10-14,Siskiyou,093,43540,3239,3173,1265,4438,42
2021-10-14,Solano,095,438530,44798,44585,1188,45773,334
2021-10-14,Sonoma,097,501317,40370,40195,517,40712,390
2021-10-14,Stanislaus,099,539301,76492,75868,8846,84714,1142
2021-10-14,Sutter,101,95872,13563,13471,318,13789,169
2021-10-14,Tehama,103,63373,8019,7907,1404,9311,104
2021-10-14,Trinity,105,12862,737,679,191,870,11
2021-10-14,Tulare,107,460477,65277,64489,14644,79133,951
2021-10-14,Tuolumne,109,53932,6784,6666,80,6746,89
2021-10-14,Ventura,111,848112,96403,96181,4369,100550,1164
2021-10-14,Yolo,113,214977,19219,19078,1098,20176,247
2021-10-14,Yuba,115,75493,9789,9705,281,9986,82
2021-10-13,Alameda,001,1643700,117529,116914,2879,119793,1360
2021-10-13,Alpine,003,1148,104,102,0,102,0
2021-10-13,Amador,005,37829,5362,5305,61,5366,63
2021-10-13,Butte,007,227075,19909,19546,3708,23254,257
2021-10-13,Calaveras,009,45235,3817,3756,46,3802,79
2021-10-13,Colusa,011,21464,2457,2430,607,3037,18
2021-10-13,Contra Costa,013,1133247,97404,96975,2163,99138,969
2021-10-13,Del Norte,015,27424,3580,3512,49,3561,39
2021-10-13,El Dorado,017,186661,15480,15302,1666,16968,149
2021-10-13,Fresno,019,978130,133381,132055,11964,144019,2048
2021-10-13,Glenn,021,27897,3360,3327,975,4302,26
2021-10-13,Humboldt,023,135768,8709,8604,506,9110,102
2021-10-13,Imperial,025,180216,32473,32317,3267,35584,762
2021-10-13,Inyo,027,18085,2006,1907,34,1941,39
2021-10-13,Kern,029,883053,122403,120956,20900,141856,1586
2021-10-13,Kings,031,150075,30708,30246,1948,32194,312
2021-10-13,Lake,033,64148,6478,6371,140,6511,103
2021-10-13,Lassen,035,31185,6636,6535,336,6871,25
2021-10-13,Los Angeles,037,10098052,1414558,1408384,55725,1464109,26379
2021-10-13,Madera,039,155013,21973,21609,1873,23482,277
2021-10-13,Marin,041,260295,17225,17137,444,17581,243
2021-10-13,Mariposa,043,17540,1158,1090,32,1122,5
2021-10-13,Mendocino,045,87422,7160,7088,431,7519,82
2021-10-13,Merced,047,269075,40535,40164,1639,41803,577
2021-10-13,Modoc,049,8938,508,490,180,670,5
2021-10-13,Mono,051,14174,1641,1612,16,1628,3
2021-10-13,Monterey,053,433212,47429,47273,3439,50712,582
2021-10-13,Napa,055,140530,12772,12695,101,12796,100
2021-10-13,Nevada,057,99092,8799,8725,319,9044,90
2021-10-13,Orange,059,3164182,301876,300468,14966,315434,5503
2021-10-13,Placer,061,380077,35613,35254,3584,38838,412
2021-10-13,Plumas,063,18699,1580,1514,34,1548,6
2021-10-13,Riverside,065,2383286,353599,352044,16883,368927,4978
2021-10-13,Sacramento,067,1510023,153910,153141,4439,157580,2182
2021-10-13,San Benito,069,59416,7233,7196,168,7364,71
2021-10-13,San Bernardino,071,2135413,346616,344951,11356,356307,5562
2021-10-13,San Diego,073,3302833,365102,362564,21189,383753,4141
2021-10-13,San Francisco,075,870044,51623,51379,2609,53988,644
2021-10-13,San Joaquin,077,732212,97070,96343,5440,101783,1696
2021-10-13,San Luis Obispo,079,281455,28631,28397,1208,29605,330
2021-10-13,San Mateo,081,765935,52569,52352,1450,53802,569
2021-10-13,Santa Barbara,083,443738,43429,43109,1655,44764,518
2021-10-13,Santa Clara,085,1922200,143753,143064,1271,144335,1886
2021-10-13,Santa Cruz,087,273765,19915,19763,1069,20832,217
2021-10-13,Shasta,089,179085,20244,19802,3467,23269,307
2021-10-13,Sierra,091,2930,168,155,20,175,0
2021-10-13,Siskiyou,093,43540,3231,3173,1264,4437,42
2021-10-13,Solano,095,438530,44759,44558,1186,45744,334
2021-10-13,Sonoma,097,501317,40318,40122,517,40639,390
2021-10-13,Stanislaus,099,539301,76350,75698,8837,84535,1136
2021-10-13,Sutter,101,95872,13533,13458,316,13774,169
2021-10-13,Tehama,103,63373,7981,7849,1398,9247,103
2021-10-13,Trinity,105,12862,734,677,191,868,11
2021-10-13,Tulare,107,460477,65097,64297,14589,78886,945
2021-10-13,Tuolumne,109,53932,6770,6644,79,6723,89
2021-10-13,Ventura,111,848112,96329,96099,4364,100463,1162
2021-10-13,Yolo,113,214977,19189,19023,1095,20118,247
2021-10-13,Yuba,115,75493,9766,9690,265,9955,80
2021-10-12,Alameda,001,1643700,117428,116813,2874,119687,1357
2021-10-12,Alpine,003,1148,104,102,0,102,0
2021-10-12,Amador,005,37829,5351,5301,61,5362,63
2021-10-12,Butte,007,227075,19840,19506,3696,23202,256
2021-10-12,Calaveras,009,45235,3802,3750,46,3796,75
2021-10-12,Colusa,011,21464,2454,2428,605,3033,18
2021-10-12,Contra Costa,013,1133247,97292,96894,2153,99047,960
2021-10-12,Del Norte,015,27424,3575,3511,48,3559,39
2021-10-12,El Dorado,017,186661,15447,15287,1664,16951,148
2021-10-12,Fresno,019,978130,133029,131848,11939,143787,2042
2021-10-12,Glenn,021,27897,3350,3321,972,4293,26
2021-10-12,Humboldt,023,135768,8683,8587,499,9086,102
2021-10-12,Imperial,025,180216,32421,32267,3265,35532,762
2021-10-12,Inyo,027,18085,1974,1889,34,1923,39
2021-10-12,Kern,029,883053,122118,120826,20790,141616,1580
2021-10-12,Kings,031,150075,30636,30200,1937,32137,312
2021-10-12,Lake,033,64148,6463,6372,140,6512,97
2021-10-12,Lassen,035,31185,6627,6526,334,6860,25
2021-10-12,Los Angeles,037,10098052,1413505,1407462,55672,1463134,26362
2021-10-12,Madera,039,155013,21902,21574,1863,23437,277
2021-10-12,Marin,041,260295,17202,17126,444,17570,242
2021-10-12,Mariposa,043,17540,1144,1088,32,1120,5
2021-10-12,Mendocino,045,87422,7131,7077,429,7506,82
2021-10-12,Merced,047,269075,40456,40113,1633,41746,567
2021-10-12,Modoc,049,8938,503,485,179,664,5
2021-10-12,Mono,051,14174,1636,1608,16,1624,3
2021-10-12,Monterey,053,433212,47401,47254,3428,50682,582
2021-10-12,Napa,055,140530,12758,12671,101,12772,97
2021-10-12,Nevada,057,99092,8787,8720,318,9038,89
2021-10-12,Orange,059,3164182,301620,300256,14941,315197,5499
2021-10-12,Placer,061,380077,35550,35214,3576,38790,404
2021-10-12,Plumas,063,18699,1564,1488,33,1521,6
2021-10-12,Riverside,065,2383286,353273,351771,16869,368640,4973
2021-10-12,Sacramento,067,1510023,153618,152935,4410,157345,2170
2021-10-12,San Benito,069,59416,7219,7193,168,7361,71
2021-10-12,San Bernardino,071,2135413,346304,344788,11347,356135,5563
2021-10-12,San Diego,073,3302833,364577,362256,21159,383415,4137
2021-10-12,San Francisco,075,870044,51564,51301,2606,53907,643
2021-10-12,San Joaquin,077,732212,96933,96237,5435,101672,1690
2021-10-12,San Luis Obispo,079,281455,28584,28379,1207,29586,327
2021-10-12,San Mateo,081,765935,52522,52328,1446,53774,569
2021-10-12,Santa Barbara,083,443738,43369,43076,1655,44731,515
2021-10-12,Santa Clara,085,1922200,143602,142954,1269,144223,1882
2021-10-12,Santa Cruz,087,273765,19890,19757,1069,20826,218
2021-10-12,Shasta,089,179085,20171,19731,3445,23176,304
2021-10-12,Sierra,091,2930,168,153,20,173,0
2021-10-12,Siskiyou,093,43540,3221,3166,1257,4423,42
2021-10-12,Solano,095,438530,44716,44516,1182,45698,329
2021-10-12,Sonoma,097,501317,40276,40105,517,40622,390
2021-10-12,Stanislaus,099,539301,76200,75589,8822,84411,1126
2021-10-12,Sutter,101,95872,13510,13436,312,13748,168
2021-10-12,Tehama,103,63373,7949,7820,1394,9214,103
2021-10-12,Trinity,105,12862,731,676,191,867,11
2021-10-12,Tulare,107,460477,64921,64216,14529,78745,944
2021-10-12,Tuolumne,109,53932,6753,6637,78,6715,89
2021-10-12,Ventura,111,848112,96221,96022,4361,100383,1160
2021-10-12,Yolo,113,214977,19163,18987,1087,20074,247
2021-10-12,Yuba,115,75493,9751,9676,261,9937,70
2021-10-11,Alameda,001,1643700,117291,116759,2873,119632,1358
2021-10-11,Alpine,003,1148,103,102,0,102,0
2021-10-11,Amador,005,37829,5339,5286,61,5347,62
2021-10-11,Butte,007,227075,19782,19452,3690,23142,253
2021-10-11,Calaveras,009,45235,3782,3750,46,3796,75
2021-10-11,Colusa,011,21464,2450,2427,598,3025,18
2021-10-11,Contra Costa,013,1133247,97155,96832,2147,98979,960
2021-10-11,Del Norte,015,27424,3572,3510,44,3554,39
2021-10-11,El Dorado,017,186661,15419,15273,1660,16933,146
2021-10-11,Fresno,019,978130,132706,131703,11912,143615,2036
2021-10-11,Glenn,021,27897,3332,3308,971,4279,26
2021-10-11,Humboldt,023,135768,8658,8571,492,9063,101
2021-10-11,Imperial,025,180216,32371,32207,3260,35467,762
2021-10-11,Inyo,027,18085,1951,1862,33,1895,39
2021-10-11,Kern,029,883053,121884,120684,20692,141376,1575
2021-10-11,Kings,031,150075,30547,30180,1927,32107,309
2021-10-11,Lake,033,64148,6447,6361,136,6497,97
2021-10-11,Lassen,035,31185,6607,6499,331,6830,25
2021-10-11,Los Angeles,037,10098052,1412469,1406826,55617,1462443,26346
2021-10-11,Madera,039,155013,21844,21555,1849,23404,272
2021-10-11,Marin,041,260295,17184,17121,440,17561,242
2021-10-11,Mariposa,043,17540,1115,1083,32,1115,5
2021-10-11,Mendocino,045,87422,7115,7064,425,7489,82
2021-10-11,Merced,047,269075,40339,40064,1609,41673,566
2021-10-11,Modoc,049,8938,500,482,176,658,5
2021-10-11,Mono,051,14174,1626,1604,16,1620,3
2021-10-11,Monterey,053,433212,47372,47241,3421,50662,580
2021-10-11,Napa,055,140530,12735,12654,99,12753,96
2021-10-11,Nevada,057,99092,8767,8716,317,9033,90
2021-10-11,Orange,059,3164182,301393,299941,14913,314854,5499
2021-10-11,Placer,061,380077,35482,35173,3558,38731,404
2021-10-11,Plumas,063,18699,1546,1469,31,1500,6
2021-10-11,Riverside,065,2383286,352933,351444,16864,368308,4973
2021-10-11,Sacramento,067,1510023,153331,152681,4379,157060,2169
2021-10-11,San Benito,069,59416,7197,7184,166,7350,71
2021-10-11,San Bernardino,071,2135413,345926,344594,11339,355933,5549
2021-10-11,San Diego,073,3302833,364059,361712,21125,382837,4124
2021-10-11,San Francisco,075,870044,51494,51275,2600,53875,643
2021-10-11,San Joaquin,077,732212,96780,96152,5424,101576,1681
2021-10-11,San Luis Obispo,079,281455,28538,28355,1202,29557,327
2021-10-11,San Mateo,081,765935,52474,52298,1445,53743,569
2021-10-11,Santa Barbara,083,443738,43323,43018,1654,44672,515
2021-10-11,Santa Clara,085,1922200,143443,142836,1266,144102,1882
2021-10-11,Santa Cruz,087,273765,19865,19745,1068,20813,217
2021-10-11,Shasta,089,179085,20091,19662,3429,23091,295
2021-10-11,Sierra,091,2930,163,147,19,166,0
2021-10-11,Siskiyou,093,43540,3213,3159,1253,4412,42
2021-10-11,Solano,095,438530,44669,44474,1179,45653,329
2021-10-11,Sonoma,097,501317,40231,40067,517,40584,390
2021-10-11,Stanislaus,099,539301,76027,75478,8802,84280,1118
2021-10-11,Sutter,101,95872,13491,13427,310,13737,165
2021-10-11,Tehama,103,63373,7908,7795,1384,9179,102
2021-10-11,Trinity,105,12862,726,675,189,864,11
2021-10-11,Tulare,107,460477,64743,64094,14462,78556,942
2021-10-11,Tuolumne,109,53932,6717,6602,78,6680,89
2021-10-11,Ventura,111,848112,96119,95876,4353,100229,1160
2021-10-11,Yolo,113,214977,19117,18977,1084,20061,247
2021-10-11,Yuba,115,75493,9735,9657,248,9905,69
2021-10-10,Alameda,001,1643700,117172,116679,2868,119547,1358
2021-10-10,Alpine,003,1148,103,102,0,102,0
2021-10-10,Amador,005,37829,5324,5278,61,5339,62
2021-10-10,Butte,007,227075,19719,19430,3676,23106,253
2021-10-10,Calaveras,009,45235,3770,3747,46,3793,75
2021-10-10,Colusa,011,21464,2449,2425,597,3022,18
2021-10-10,Contra Costa,013,1133247,97056,96760,2141,98901,960
2021-10-10,Del Norte,015,27424,3568,3507,44,3551,39
2021-10-10,El Dorado,017,186661,15388,15250,1654,16904,146
2021-10-10,Fresno,019,978130,132379,131434,11886,143320,2035
2021-10-10,Glenn,021,27897,3330,3297,969,4266,26
2021-10-10,Humboldt,023,135768,8636,8554,488,9042,101
2021-10-10,Imperial,025,180216,32297,32167,3258,35425,762
2021-10-10,Inyo,027,18085,1930,1857,33,1890,39
2021-10-10,Kern,029,883053,121561,120552,20585,141137,1573
2021-10-10,Kings,031,150075,30460,30122,1917,32039,308
2021-10-10,Lake,033,64148,6431,6349,135,6484,97
2021-10-10,Lassen,035,31185,6587,6495,330,6825,26
2021-10-10,Los Angeles,037,10098052,1411304,1406034,55537,1461571,26338
2021-10-10,Madera,039,155013,21798,21486,1840,23326,272
2021-10-10,Marin,041,260295,17167,17112,440,17552,242
2021-10-10,Mariposa,043,17540,1112,1074,32,1106,5
2021-10-10,Mendocino,045,87422,7100,7060,417,7477,81
2021-10-10,Merced,047,269075,40256,40036,1591,41627,566
2021-10-10,Modoc,049,8938,500,482,176,658,5
2021-10-10,Mono,051,14174,1625,1596,16,1612,3
2021-10-10,Monterey,053,433212,47347,47228,3415,50643,580
2021-10-10,Napa,055,140530,12712,12641,99,12740,96
2021-10-10,Nevada,057,99092,8755,8689,317,9006,90
2021-10-10,Orange,059,3164182,301130,299787,14887,314674,5499
2021-10-10,Placer,061,380077,35389,35128,3546,38674,404
2021-10-10,Plumas,063,18699,1531,1468,29,1497,6
2021-10-10,Riverside,065,2383286,352562,351248,16845,368093,4973
2021-10-10,Sacramento,067,1510023,153066,152405,4362,156767,2178
2021-10-10,San Benito,069,59416,7193,7180,164,7344,71
2021-10-10,San Bernardino,071,2135413,345623,344423,11330,355753,5551
2021-10-10,San Diego,073,3302833,363540,361038,21070,382108,4113
2021-10-10,San Francisco,075,870044,51449,51216,2594,53810,643
2021-10-10,San Joaquin,077,732212,96609,96084,5407,101491,1681
2021-10-10,San Luis Obispo,079,281455,28499,28343,1202,29545,326
2021-10-10,San Mateo,081,765935,52433,52273,1444,53717,569
2021-10-10,Santa Barbara,083,443738,43284,42987,1652,44639,515
2021-10-10,Santa Clara,085,1922200,143278,142768,1259,144027,1881
2021-10-10,Santa Cruz,087,273765,19845,19727,1068,20795,217
2021-10-10,Shasta,089,179085,20001,19635,3418,23053,296
2021-10-10,Sierra,091,2930,161,147,19,166,0
2021-10-10,Siskiyou,093,43540,3200,3155,1245,4400,42
2021-10-10,Solano,095,438530,44613,44431,1179,45610,329
2021-10-10,Sonoma,097,501317,40179,40027,517,40544,390
2021-10-10,Stanislaus,099,539301,75848,75403,8787,84190,1118
2021-10-10,Sutter,101,95872,13468,13412,305,13717,165
2021-10-10,Tehama,103,63373,7870,7764,1375,9139,102
2021-10-10,Trinity,105,12862,725,669,188,857,11
2021-10-10,Tulare,107,460477,64574,63930,14411,78341,940
2021-10-10,Tuolumne,109,53932,6694,6580,77,6657,89
2021-10-10,Ventura,111,848112,96033,95829,4351,100180,1160
2021-10-10,Yolo,113,214977,19085,18952,1079,20031,247
2021-10-10,Yuba,115,75493,9718,9641,244,9885,69
2021-10-09,Alameda,001,1643700,117078,116253,2866,119119,1356
2021-10-09,Alpine,003,1148,102,102,0,102,0
2021-10-09,Amador,005,37829,5322,5237,60,5297,62
2021-10-09,Butte,007,227075,19689,19277,3673,22950,250
2021-10-09,Calaveras,009,45235,3766,3716,46,3762,75
2021-10-09,Colusa,011,21464,2445,2419,596,3015,18
2021-10-09,Contra Costa,013,1133247,96992,96378,2134,98512,958
2021-10-09,Del Norte,015,27424,3567,3495,44,3539,39
2021-10-09,El Dorado,017,186661,15370,15153,1651,16804,144
2021-10-09,Fresno,019,978130,132249,130508,11869,142377,2018
2021-10-09,Glenn,021,27897,3326,3277,968,4245,26
2021-10-09,Humboldt,023,135768,8623,8448,485,8933,97
2021-10-09,Imperial,025,180216,32263,31989,3256,35245,760
2021-10-09,Inyo,027,18085,1921,1808,33,1841,39
2021-10-09,Kern,029,883053,121423,119795,20557,140352,1559
2021-10-09,Kings,031,150075,30412,29894,1914,31808,308
2021-10-09,Lake,033,64148,6412,6283,133,6416,97
2021-10-09,Lassen,035,31185,6582,6442,329,6771,25
2021-10-09,Los Angeles,037,10098052,1410721,1402810,55495,1458305,26280
2021-10-09,Madera,039,155013,21765,21313,1826,23139,271
2021-10-09,Marin,041,260295,17161,17049,438,17487,242
2021-10-09,Mariposa,043,17540,1105,1042,31,1073,5
2021-10-09,Mendocino,045,87422,7093,7011,417,7428,82
2021-10-09,Merced,047,269075,40215,39784,1591,41375,565
2021-10-09,Modoc,049,8938,498,477,175,652,5
2021-10-09,Mono,051,14174,1625,1577,16,1593,3
2021-10-09,Monterey,053,433212,47335,47168,3411,50579,577
2021-10-09,Napa,055,140530,12708,12586,99,12685,96
2021-10-09,Nevada,057,99092,8745,8613,316,8929,90
2021-10-09,Orange,059,3164182,300950,299089,14868,313957,5457
2021-10-09,Placer,061,380077,35350,34877,3539,38416,393
2021-10-09,Plumas,063,18699,1521,1418,29,1447,6
2021-10-09,Riverside,065,2383286,352311,350082,16828,366910,4965
2021-10-09,Sacramento,067,1510023,152858,151566,4349,155915,2160
2021-10-09,San Benito,069,59416,7185,7123,164,7287,71
2021-10-09,San Bernardino,071,2135413,345442,343452,11326,354778,5556
2021-10-09,San Diego,073,3302833,363227,359909,21063,380972,4111
2021-10-09,San Francisco,075,870044,51403,50960,2587,53547,643
2021-10-09,San Joaquin,077,732212,96543,95606,5402,101008,1669
2021-10-09,San Luis Obispo,079,281455,28482,28197,1200,29397,324
2021-10-09,San Mateo,081,765935,52402,52121,1442,53563,569
2021-10-09,Santa Barbara,083,443738,43257,42735,1652,44387,514
2021-10-09,Santa Clara,085,1922200,143157,142298,1253,143551,1873
2021-10-09,Santa Cruz,087,273765,19836,19635,1067,20702,217
2021-10-09,Shasta,089,179085,19951,19437,3413,22850,290
2021-10-09,Sierra,091,2930,158,141,19,160,0
2021-10-09,Siskiyou,093,43540,3199,3124,1244,4368,42
2021-10-09,Solano,095,438530,44596,44265,1178,45443,329
2021-10-09,Sonoma,097,501317,40135,39848,517,40365,387
2021-10-09,Stanislaus,099,539301,75759,74899,8776,83675,1114
2021-10-09,Sutter,101,95872,13459,13314,303,13617,165
2021-10-09,Tehama,103,63373,7859,7670,1370,9040,99
2021-10-09,Trinity,105,12862,724,660,188,848,11
2021-10-09,Tulare,107,460477,64468,63398,14390,77788,932
2021-10-09,Tuolumne,109,53932,6675,6521,77,6598,89
2021-10-09,Ventura,111,848112,95977,95542,4348,99890,1158
2021-10-09,Yolo,113,214977,19064,18850,1076,19926,247
2021-10-09,Yuba,115,75493,9706,9551,242,9793,69
2021-10-08,Alameda,001,1643700,116996,116253,2863,119116,1356
2021-10-08,Alpine,003,1148,102,102,0,102,0
2021-10-08,Amador,005,37829,5309,5237,60,5297,62
2021-10-08,Butte,007,227075,19660,19277,3669,22946,250
2021-10-08,Calaveras,009,45235,3761,3716,46,3762,75
2021-10-08,Colusa,011,21464,2443,2419,596,3015,18
2021-10-08,Contra Costa,013,1133247,96948,96378,2129,98507,958
2021-10-08,Del Norte,015,27424,3566,3495,44,3539,39
2021-10-08,El Dorado,017,186661,15351,15153,1647,16800,144
2021-10-08,Fresno,019,978130,132055,130508,11851,142359,2018
2021-10-08,Glenn,021,27897,3316,3277,967,4244,26
2021-10-08,Humboldt,023,135768,8612,8448,482,8930,97
2021-10-08,Imperial,025,180216,32233,31989,3252,35241,760
2021-10-08,Inyo,027,18085,1903,1808,33,1841,39
2021-10-08,Kern,029,883053,121286,119795,20513,140308,1559
2021-10-08,Kings,031,150075,30318,29894,1913,31807,308
2021-10-08,Lake,033,64148,6403,6283,133,6416,97
2021-10-08,Lassen,035,31185,6569,6442,325,6767,25
2021-10-08,Los Angeles,037,10098052,1410067,1402810,55454,1458264,26280
2021-10-08,Madera,039,155013,21707,21313,1819,23132,271
2021-10-08,Marin,041,260295,17150,17049,437,17486,242
2021-10-08,Mariposa,043,17540,1098,1042,29,1071,5
2021-10-08,Mendocino,045,87422,7080,7011,417,7428,82
2021-10-08,Merced,047,269075,40183,39784,1588,41372,565
2021-10-08,Modoc,049,8938,496,477,175,652,5
2021-10-08,Mono,051,14174,1623,1577,16,1593,3
2021-10-08,Monterey,053,433212,47312,47168,3406,50574,577
2021-10-08,Napa,055,140530,12692,12586,99,12685,96
2021-10-08,Nevada,057,99092,8734,8613,316,8929,90
2021-10-08,Orange,059,3164182,300804,299089,14851,313940,5457
2021-10-08,Placer,061,380077,35312,34877,3531,38408,393
2021-10-08,Plumas,063,18699,1508,1418,29,1447,6
2021-10-08,Riverside,065,2383286,352042,350082,16817,366899,4965
2021-10-08,Sacramento,067,1510023,152692,151566,4337,155903,2160
2021-10-08,San Benito,069,59416,7181,7123,162,7285,71
2021-10-08,San Bernardino,071,2135413,345242,343452,11318,354770,5556
2021-10-08,San Diego,073,3302833,362894,359909,21041,380950,4111
2021-10-08,San Francisco,075,870044,51356,50960,2578,53538,643
2021-10-08,San Joaquin,077,732212,96475,95606,5395,101001,1669
2021-10-08,San Luis Obispo,079,281455,28455,28197,1199,29396,324
2021-10-08,San Mateo,081,765935,52377,52121,1441,53562,569
2021-10-08,Santa Barbara,083,443738,43222,42735,1651,44386,514
2021-10-08,Santa Clara,085,1922200,143045,142298,1248,143546,1873
2021-10-08,Santa Cruz,087,273765,19821,19635,1067,20702,217
2021-10-08,Shasta,089,179085,19909,19437,3407,22844,290
2021-10-08,Sierra,091,2930,156,141,17,158,0
2021-10-08,Siskiyou,093,43540,3191,3124,1243,4367,42
2021-10-08,Solano,095,438530,44558,44265,1177,45442,329
2021-10-08,Sonoma,097,501317,40101,39848,517,40365,387
2021-10-08,Stanislaus,099,539301,75690,74899,8768,83667,1114
2021-10-08,Sutter,101,95872,13446,13314,300,13614,165
2021-10-08,Tehama,103,63373,7843,7670,1367,9037,99
2021-10-08,Trinity,105,12862,723,660,188,848,11
2021-10-08,Tulare,107,460477,64352,63398,14356,77754,932
2021-10-08,Tuolumne,109,53932,6652,6521,77,6598,89
2021-10-08,Ventura,111,848112,95932,95542,4343,99885,1158
2021-10-08,Yolo,113,214977,19051,18850,1072,19922,247
2021-10-08,Yuba,115,75493,9685,9551,241,9792,69
2021-10-07,Alameda,001,1643700,116880,116253,2861,119114,1356
2021-10-07,Alpine,003,1148,102,102,0,102,0
2021-10-07,Amador,005,37829,5302,5237,60,5297,62
2021-10-07,Butte,007,227075,19610,19277,3658,22935,250
2021-10-07,Calaveras,009,45235,3749,3716,46,3762,75
2021-10-07,Colusa,011,21464,2440,2419,590,3009,18
2021-10-07,Contra Costa,013,1133247,96828,96378,2123,98501,958
2021-10-07,Del Norte,015,27424,3563,3495,44,3539,39
2021-10-07,El Dorado,017,186661,15315,15153,1643,16796,144
2021-10-07,Fresno,019,978130,131782,130508,11828,142336,2018
2021-10-07,Glenn,021,27897,3309,3277,964,4241,26
2021-10-07,Humboldt,023,135768,8587,8448,478,8926,97
2021-10-07,Imperial,025,180216,32161,31989,3239,35228,760
2021-10-07,Inyo,027,18085,1884,1808,33,1841,39
2021-10-07,Kern,029,883053,121058,119795,20444,140239,1559
2021-10-07,Kings,031,150075,30254,29894,1907,31801,308
2021-10-07,Lake,033,64148,6392,6283,133,6416,97
2021-10-07,Lassen,035,31185,6551,6442,323,6765,25
2021-10-07,Los Angeles,037,10098052,1409113,1402810,55407,1458217,26280
2021-10-07,Madera,039,155013,21634,21313,1806,23119,271
2021-10-07,Marin,041,260295,17132,17049,437,17486,242
2021-10-07,Mariposa,043,17540,1090,1042,29,1071,5
2021-10-07,Mendocino,045,87422,7070,7011,413,7424,82
2021-10-07,Merced,047,269075,40116,39784,1572,41356,565
2021-10-07,Modoc,049,8938,493,477,174,651,5
2021-10-07,Mono,051,14174,1613,1577,16,1593,3
2021-10-07,Monterey,053,433212,47291,47168,3393,50561,577
2021-10-07,Napa,055,140530,12677,12586,99,12685,96
2021-10-07,Nevada,057,99092,8706,8613,316,8929,90
2021-10-07,Orange,059,3164182,300582,299089,14838,313927,5457
2021-10-07,Placer,061,380077,35250,34877,3524,38401,393
2021-10-07,Plumas,063,18699,1492,1418,29,1447,6
2021-10-07,Riverside,065,2383286,351709,350082,16805,366887,4965
2021-10-07,Sacramento,067,1510023,152411,151566,4309,155875,2160
2021-10-07,San Benito,069,59416,7164,7123,160,7283,71
2021-10-07,San Bernardino,071,2135413,344971,343452,11312,354764,5556
2021-10-07,San Diego,073,3302833,362483,359909,21020,380929,4111
2021-10-07,San Francisco,075,870044,51286,50960,2575,53535,643
2021-10-07,San Joaquin,077,732212,96323,95606,5387,100993,1669
2021-10-07,San Luis Obispo,079,281455,28405,28197,1197,29394,324
2021-10-07,San Mateo,081,765935,52340,52121,1437,53558,569
2021-10-07,Santa Barbara,083,443738,43155,42735,1645,44380,514
2021-10-07,Santa Clara,085,1922200,142898,142298,1242,143540,1873
2021-10-07,Santa Cruz,087,273765,19801,19635,1066,20701,217
2021-10-07,Shasta,089,179085,19820,19437,3391,22828,290
2021-10-07,Sierra,091,2930,156,141,17,158,0
2021-10-07,Siskiyou,093,43540,3188,3124,1238,4362,42
2021-10-07,Solano,095,438530,44517,44265,1173,45438,329
2021-10-07,Sonoma,097,501317,40064,39848,515,40363,387
2021-10-07,Stanislaus,099,539301,75530,74899,8741,83640,1114
2021-10-07,Sutter,101,95872,13424,13314,297,13611,165
2021-10-07,Tehama,103,63373,7811,7670,1361,9031,99
2021-10-07,Trinity,105,12862,721,660,188,848,11
2021-10-07,Tulare,107,460477,64191,63398,14317,77715,932
2021-10-07,Tuolumne,109,53932,6630,6521,77,6598,89
2021-10-07,Ventura,111,848112,95850,95542,4340,99882,1158
2021-10-07,Yolo,113,214977,19018,18850,1067,19917,247
2021-10-07,Yuba,115,75493,9659,9551,234,9785,69
2021-10-06,Alameda,001,1643700,116746,116058,2855,118913,1353
2021-10-06,Alpine,003,1148,102,102,0,102,0
2021-10-06,Amador,005,37829,5299,5205,60,5265,62
2021-10-06,Butte,007,227075,19547,19208,3651,22859,247
2021-10-06,Calaveras,009,45235,3740,3669,46,3715,75
2021-10-06,Colusa,011,21464,2438,2414,583,2997,18
2021-10-06,Contra Costa,013,1133247,96701,96184,2119,98303,953
2021-10-06,Del Norte,015,27424,3560,3490,41,3531,39
2021-10-06,El Dorado,017,186661,15290,15078,1641,16719,140
2021-10-06,Fresno,019,978130,131493,130074,11804,141878,2008
2021-10-06,Glenn,021,27897,3299,3270,961,4231,26
2021-10-06,Humboldt,023,135768,8572,8416,471,8887,94
2021-10-06,Imperial,025,180216,32108,31930,3228,35158,760
2021-10-06,Inyo,027,18085,1869,1806,33,1839,39
2021-10-06,Kern,029,883053,120804,119491,20349,139840,1552
2021-10-06,Kings,031,150075,30191,29785,1897,31682,308
2021-10-06,Lake,033,64148,6378,6271,133,6404,97
2021-10-06,Lassen,035,31185,6535,6429,322,6751,25
2021-10-06,Los Angeles,037,10098052,1408160,1401675,55361,1457036,26252
2021-10-06,Madera,039,155013,21579,21230,1796,23026,269
2021-10-06,Marin,041,260295,17123,17042,434,17476,242
2021-10-06,Mariposa,043,17540,1083,1036,29,1065,5
2021-10-06,Mendocino,045,87422,7061,6986,412,7398,81
2021-10-06,Merced,047,269075,40038,39666,1563,41229,563
2021-10-06,Modoc,049,8938,493,477,172,649,5
2021-10-06,Mono,051,14174,1601,1568,16,1584,3
2021-10-06,Monterey,053,433212,47260,47136,3387,50523,577
2021-10-06,Napa,055,140530,12653,12552,98,12650,96
2021-10-06,Nevada,057,99092,8690,8582,315,8897,90
2021-10-06,Orange,059,3164182,300351,298785,14825,313610,5448
2021-10-06,Placer,061,380077,35200,34764,3517,38281,390
2021-10-06,Plumas,063,18699,1468,1383,29,1412,6
2021-10-06,Riverside,065,2383286,351354,349645,16784,366429,4953
2021-10-06,Sacramento,067,1510023,152159,151164,4278,155442,2141
2021-10-06,San Benito,069,59416,7149,7108,160,7268,69
2021-10-06,San Bernardino,071,2135413,344681,343022,11305,354327,5551
2021-10-06,San Diego,073,3302833,361984,359564,20992,380556,4104
2021-10-06,San Francisco,075,870044,51223,50894,2571,53465,641
2021-10-06,San Joaquin,077,732212,96188,95418,5375,100793,1658
2021-10-06,San Luis Obispo,079,281455,28356,28170,1191,29361,323
2021-10-06,San Mateo,081,765935,52295,52056,1427,53483,569
2021-10-06,Santa Barbara,083,443738,43073,42687,1643,44330,513
2021-10-06,Santa Clara,085,1922200,142749,142124,1237,143361,1872
2021-10-06,Santa Cruz,087,273765,19772,19604,1064,20668,217
2021-10-06,Shasta,089,179085,19747,19325,3379,22704,287
2021-10-06,Sierra,091,2930,154,138,17,155,0
2021-10-06,Siskiyou,093,43540,3179,3116,1230,4346,42
2021-10-06,Solano,095,438530,44485,44185,1172,45357,328
2021-10-06,Sonoma,097,501317,40014,39787,515,40302,383
2021-10-06,Stanislaus,099,539301,75388,74699,8728,83427,1114
2021-10-06,Sutter,101,95872,13404,13284,294,13578,164
2021-10-06,Tehama,103,63373,7775,7629,1354,8983,99
2021-10-06,Trinity,105,12862,718,656,188,844,11
2021-10-06,Tulare,107,460477,64018,63198,14262,77460,926
2021-10-06,Tuolumne,109,53932,6605,6486,77,6563,89
2021-10-06,Ventura,111,848112,95761,95449,4333,99782,1158
2021-10-06,Yolo,113,214977,18986,18815,1062,19877,247
2021-10-06,Yuba,115,75493,9635,9520,233,9753,69
2021-10-05,Alameda,001,1643700,116606,115968,2848,118816,1350
2021-10-05,Alpine,003,1148,102,102,0,102,0
2021-10-05,Amador,005,37829,5278,5194,59,5253,61
2021-10-05,Butte,007,227075,19499,19137,3641,22778,246
2021-10-05,Calaveras,009,45235,3724,3657,46,3703,73
2021-10-05,Colusa,011,21464,2431,2414,582,2996,18
2021-10-05,Contra Costa,013,1133247,96587,96108,2111,98219,941
2021-10-05,Del Norte,015,27424,3558,3485,40,3525,39
2021-10-05,El Dorado,017,186661,15250,15052,1638,16690,140
2021-10-05,Fresno,019,978130,131155,129957,11775,141732,1987
2021-10-05,Glenn,021,27897,3290,3270,957,4227,26
2021-10-05,Humboldt,023,135768,8540,8398,467,8865,94
2021-10-05,Imperial,025,180216,32060,31909,3223,35132,759
2021-10-05,Inyo,027,18085,1852,1800,33,1833,39
2021-10-05,Kern,029,883053,120538,119260,20248,139508,1540
2021-10-05,Kings,031,150075,30117,29749,1890,31639,301
2021-10-05,Lake,033,64148,6357,6264,132,6396,97
2021-10-05,Lassen,035,31185,6516,6417,320,6737,25
2021-10-05,Los Angeles,037,10098052,1407022,1400300,55309,1455609,26223
2021-10-05,Madera,039,155013,21521,21183,1784,22967,269
2021-10-05,Marin,041,260295,17111,17024,434,17458,242
2021-10-05,Mariposa,043,17540,1064,1033,26,1059,5
2021-10-05,Mendocino,045,87422,7045,6972,405,7377,79
2021-10-05,Merced,047,269075,39972,39608,1554,41162,562
2021-10-05,Modoc,049,8938,489,475,171,646,5
2021-10-05,Mono,051,14174,1595,1565,16,1581,3
2021-10-05,Monterey,053,433212,47247,47087,3373,50460,573
2021-10-05,Napa,055,140530,12629,12533,98,12631,96
2021-10-05,Nevada,057,99092,8660,8576,315,8891,90
2021-10-05,Orange,059,3164182,300077,298589,14793,313382,5441
2021-10-05,Placer,061,380077,35120,34728,3510,38238,382
2021-10-05,Plumas,063,18699,1443,1357,29,1386,6
2021-10-05,Riverside,065,2383286,350995,349365,16769,366134,4942
2021-10-05,Sacramento,067,1510023,151896,151111,4243,155354,2126
2021-10-05,San Benito,069,59416,7130,7103,158,7261,69
2021-10-05,San Bernardino,071,2135413,344352,342711,11298,354009,5557
2021-10-05,San Diego,073,3302833,361402,359194,20963,380157,4092
2021-10-05,San Francisco,075,870044,51132,50826,2565,53391,641
2021-10-05,San Joaquin,077,732212,96038,95276,5348,100624,1651
2021-10-05,San Luis Obispo,079,281455,28312,28113,1189,29302,324
2021-10-05,San Mateo,081,765935,52253,52008,1426,53434,569
2021-10-05,Santa Barbara,083,443738,42995,42595,1639,44234,511
2021-10-05,Santa Clara,085,1922200,142593,141971,1230,143201,1873
2021-10-05,Santa Cruz,087,273765,19731,19582,1063,20645,216
2021-10-05,Shasta,089,179085,19675,19285,3365,22650,286
2021-10-05,Sierra,091,2930,150,136,17,153,0
2021-10-05,Siskiyou,093,43540,3165,3107,1230,4337,42
2021-10-05,Solano,095,438530,44416,44149,1170,45319,325
2021-10-05,Sonoma,097,501317,39960,39756,510,40266,383
2021-10-05,Stanislaus,099,539301,75226,74599,8711,83310,1114
2021-10-05,Sutter,101,95872,13376,13270,293,13563,164
2021-10-05,Tehama,103,63373,7747,7607,1345,8952,98
2021-10-05,Trinity,105,12862,715,655,188,843,11
2021-10-05,Tulare,107,460477,63815,63093,14208,77301,920
2021-10-05,Tuolumne,109,53932,6590,6473,76,6549,89
2021-10-05,Ventura,111,848112,95656,95351,4332,99683,1155
2021-10-05,Yolo,113,214977,18952,18782,1056,19838,245
2021-10-05,Yuba,115,75493,9603,9504,230,9734,69
2021-10-04,Alameda,001,1643700,116449,115845,2844,118689,1347
2021-10-04,Alpine,003,1148,102,102,0,102,0
2021-10-04,Amador,005,37829,5268,5163,58,5221,61
2021-10-04,Butte,007,227075,19422,19081,3630,22711,245
2021-10-04,Calaveras,009,45235,3714,3641,46,3687,73
2021-10-04,Colusa,011,21464,2430,2414,581,2995,18
2021-10-04,Contra Costa,013,1133247,96446,95958,2106,98064,937
2021-10-04,Del Norte,015,27424,3556,3485,36,3521,39
2021-10-04,El Dorado,017,186661,15203,15031,1631,16662,138
2021-10-04,Fresno,019,978130,130849,129665,11757,141422,1978
2021-10-04,Glenn,021,27897,3284,3270,951,4221,26
2021-10-04,Humboldt,023,135768,8506,8355,459,8814,94
2021-10-04,Imperial,025,180216,32012,31866,3215,35081,757
2021-10-04,Inyo,027,18085,1840,1792,30,1822,39
2021-10-04,Kern,029,883053,120257,118984,20119,139103,1531
2021-10-04,Kings,031,150075,30026,29702,1886,31588,303
2021-10-04,Lake,033,64148,6345,6248,132,6380,97
2021-10-04,Lassen,035,31185,6500,6405,320,6725,25
2021-10-04,Los Angeles,037,10098052,1405914,1399604,55249,1454853,26186
2021-10-04,Madera,039,155013,21457,21126,1774,22900,266
2021-10-04,Marin,041,260295,17095,17008,433,17441,242
2021-10-04,Mariposa,043,17540,1052,1024,26,1050,5
2021-10-04,Mendocino,045,87422,7028,6947,401,7348,79
2021-10-04,Merced,047,269075,39858,39565,1537,41102,558
2021-10-04,Modoc,049,8938,486,473,171,644,5
2021-10-04,Mono,051,14174,1585,1561,16,1577,3
2021-10-04,Monterey,053,433212,47227,47058,3365,50423,571
2021-10-04,Napa,055,140530,12605,12506,98,12604,96
2021-10-04,Nevada,057,99092,8640,8563,315,8878,90
2021-10-04,Orange,059,3164182,299786,298165,14760,312925,5438
2021-10-04,Placer,061,380077,35036,34630,3482,38112,379
2021-10-04,Plumas,063,18699,1419,1329,29,1358,6
2021-10-04,Riverside,065,2383286,350615,348828,16759,365587,4923
2021-10-04,Sacramento,067,1510023,151572,150887,4216,155103,2115
2021-10-04,San Benito,069,59416,7118,7099,158,7257,69
2021-10-04,San Bernardino,071,2135413,343997,342418,11285,353703,5551
2021-10-04,San Diego,073,3302833,360825,358525,20931,379456,4090
2021-10-04,San Francisco,075,870044,51038,50798,2560,53358,638
2021-10-04,San Joaquin,077,732212,95841,95198,5327,100525,1649
2021-10-04,San Luis Obispo,079,281455,28268,28090,1183,29273,323
2021-10-04,San Mateo,081,765935,52201,51958,1418,53376,569
2021-10-04,Santa Barbara,083,443738,42915,42585,1638,44223,511
2021-10-04,Santa Clara,085,1922200,142452,141840,1224,143064,1869
2021-10-04,Santa Cruz,087,273765,19702,19559,1062,20621,216
2021-10-04,Shasta,089,179085,19569,19170,3352,22522,279
2021-10-04,Sierra,091,2930,143,136,16,152,0
2021-10-04,Siskiyou,093,43540,3156,3103,1215,4318,42
2021-10-04,Solano,095,438530,44360,44092,1168,45260,322
2021-10-04,Sonoma,097,501317,39898,39720,509,40229,381
2021-10-04,Stanislaus,099,539301,75073,74444,8692,83136,1106
2021-10-04,Sutter,101,95872,13348,13261,292,13553,164
2021-10-04,Tehama,103,63373,7705,7585,1339,8924,95
2021-10-04,Trinity,105,12862,714,649,187,836,11
2021-10-04,Tulare,107,460477,63629,62957,14139,77096,920
2021-10-04,Tuolumne,109,53932,6564,6442,76,6518,89
2021-10-04,Ventura,111,848112,95569,95170,4326,99496,1153
2021-10-04,Yolo,113,214977,18908,18761,1051,19812,242
2021-10-04,Yuba,115,75493,9564,9481,228,9709,68
2021-10-03,Alameda,001,1643700,116309,115751,2835,118586,1349
2021-10-03,Alpine,003,1148,102,102,0,102,0
2021-10-03,Amador,005,37829,5250,5160,56,5216,61
2021-10-03,Butte,007,227075,19348,19066,3614,22680,245
2021-10-03,Calaveras,009,45235,3697,3632,46,3678,73
2021-10-03,Colusa,011,21464,2429,2413,578,2991,18
2021-10-03,Contra Costa,013,1133247,96316,95890,2099,97989,937
2021-10-03,Del Norte,015,27424,3550,3483,35,3518,39
2021-10-03,El Dorado,017,186661,15145,15014,1624,16638,139
2021-10-03,Fresno,019,978130,130470,129365,11725,141090,1978
2021-10-03,Glenn,021,27897,3272,3266,943,4209,26
2021-10-03,Humboldt,023,135768,8461,8352,455,8807,94
2021-10-03,Imperial,025,180216,31945,31844,3207,35051,757
2021-10-03,Inyo,027,18085,1820,1788,29,1817,39
2021-10-03,Kern,029,883053,119953,118851,19997,138848,1535
2021-10-03,Kings,031,150075,29928,29623,1878,31501,300
2021-10-03,Lake,033,64148,6319,6239,132,6371,97
2021-10-03,Lassen,035,31185,6478,6400,318,6718,25
2021-10-03,Los Angeles,037,10098052,1404645,1398790,55193,1453983,26179
2021-10-03,Madera,039,155013,21385,21066,1763,22829,266
2021-10-03,Marin,041,260295,17072,16995,428,17423,242
2021-10-03,Mariposa,043,17540,1045,1011,26,1037,5
2021-10-03,Mendocino,045,87422,7008,6939,392,7331,79
2021-10-03,Merced,047,269075,39749,39516,1520,41036,558
2021-10-03,Modoc,049,8938,485,472,170,642,5
2021-10-03,Mono,051,14174,1574,1554,16,1570,3
2021-10-03,Monterey,053,433212,47207,47049,3349,50398,571
2021-10-03,Napa,055,140530,12577,12489,96,12585,96
2021-10-03,Nevada,057,99092,8605,8545,315,8860,90
2021-10-03,Orange,059,3164182,299504,298027,14742,312769,5447
2021-10-03,Placer,061,380077,34898,34596,3465,38061,379
2021-10-03,Plumas,063,18699,1391,1328,29,1357,6
2021-10-03,Riverside,065,2383286,350183,348593,16739,365332,4924
2021-10-03,Sacramento,067,1510023,151283,150664,4188,154852,2120
2021-10-03,San Benito,069,59416,7109,7095,158,7253,69
2021-10-03,San Bernardino,071,2135413,343591,342302,11276,353578,5555
2021-10-03,San Diego,073,3302833,360233,358153,20894,379047,4081
2021-10-03,San Francisco,075,870044,50953,50733,2554,53287,638
2021-10-03,San Joaquin,077,732212,95656,95133,5320,100453,1649
2021-10-03,San Luis Obispo,079,281455,28201,28065,1178,29243,325
2021-10-03,San Mateo,081,765935,52145,51923,1408,53331,569
2021-10-03,Santa Barbara,083,443738,42821,42550,1630,44180,511
2021-10-03,Santa Clara,085,1922200,142282,141737,1216,142953,1869
2021-10-03,Santa Cruz,087,273765,19663,19548,1059,20607,216
2021-10-03,Shasta,089,179085,19464,19132,3322,22454,279
2021-10-03,Sierra,091,2930,140,136,16,152,0
2021-10-03,Siskiyou,093,43540,3143,3096,1204,4300,42
2021-10-03,Solano,095,438530,44301,44051,1165,45216,322
2021-10-03,Sonoma,097,501317,39833,39679,509,40188,381
2021-10-03,Stanislaus,099,539301,74885,74366,8674,83040,1106
2021-10-03,Sutter,101,95872,13333,13248,288,13536,164
2021-10-03,Tehama,103,63373,7663,7564,1333,8897,94
2021-10-03,Trinity,105,12862,710,647,185,832,11
2021-10-03,Tulare,107,460477,63438,62860,14065,76925,924
2021-10-03,Tuolumne,109,53932,6535,6430,74,6504,89
2021-10-03,Ventura,111,848112,95459,95108,4323,99431,1153
2021-10-03,Yolo,113,214977,18877,18720,1044,19764,242
2021-10-03,Yuba,115,75493,9546,9462,227,9689,68
2021-10-02,Alameda,001,1643700,116206,115185,2831,118016,1343
2021-10-02,Alpine,003,1148,102,102,0,102,0
2021-10-02,Amador,005,37829,5241,5105,56,5161,61
2021-10-02,Butte,007,227075,19318,18911,3607,22518,243
2021-10-02,Calaveras,009,45235,3690,3585,46,3631,72
2021-10-02,Colusa,011,21464,2428,2403,575,2978,18
2021-10-02,Contra Costa,013,1133247,96245,95369,2095,97464,933
2021-10-02,Del Norte,015,27424,3545,3468,35,3503,39
2021-10-02,El Dorado,017,186661,15119,14887,1623,16510,136
2021-10-02,Fresno,019,978130,130300,128450,11714,140164,1964
2021-10-02,Glenn,021,27897,3272,3234,943,4177,26
2021-10-02,Humboldt,023,135768,8443,8244,454,8698,94
2021-10-02,Imperial,025,180216,31911,31674,3203,34877,757
2021-10-02,Inyo,027,18085,1811,1746,29,1775,39
2021-10-02,Kern,029,883053,119820,117962,19914,137876,1524
2021-10-02,Kings,031,150075,29878,29339,1875,31214,301
2021-10-02,Lake,033,64148,6310,6191,132,6323,97
2021-10-02,Lassen,035,31185,6473,6360,318,6678,25
2021-10-02,Los Angeles,037,10098052,1404039,1395070,55156,1450226,26126
2021-10-02,Madera,039,155013,21360,20931,1754,22685,266
2021-10-02,Marin,041,260295,17067,16936,425,17361,242
2021-10-02,Mariposa,043,17540,1043,967,26,993,5
2021-10-02,Mendocino,045,87422,6998,6869,392,7261,78
2021-10-02,Merced,047,269075,39722,39196,1517,40713,552
2021-10-02,Modoc,049,8938,483,468,170,638,5
2021-10-02,Mono,051,14174,1572,1540,16,1556,3
2021-10-02,Monterey,053,433212,47162,46964,3340,50304,571
2021-10-02,Napa,055,140530,12567,12433,96,12529,96
2021-10-02,Nevada,057,99092,8594,8474,314,8788,87
2021-10-02,Orange,059,3164182,299341,297307,14721,312028,5435
2021-10-02,Placer,061,380077,34832,34377,3456,37833,381
2021-10-02,Plumas,063,18699,1382,1298,29,1327,6
2021-10-02,Riverside,065,2383286,349944,347227,16728,363955,4895
2021-10-02,Sacramento,067,1510023,151109,149897,4179,154076,2099
2021-10-02,San Benito,069,59416,7102,7055,158,7213,69
2021-10-02,San Bernardino,071,2135413,343407,341212,11226,352438,5540
2021-10-02,San Diego,073,3302833,359913,356454,20870,377324,4078
2021-10-02,San Francisco,075,870044,50907,50393,2546,52939,634
2021-10-02,San Joaquin,077,732212,95592,94599,5314,99913,1646
2021-10-02,San Luis Obispo,079,281455,28178,27915,1178,29093,323
2021-10-02,San Mateo,081,765935,52106,51767,1402,53169,573
2021-10-02,Santa Barbara,083,443738,42781,42423,1630,44053,508
2021-10-02,Santa Clara,085,1922200,142171,141231,1212,142443,1862
2021-10-02,Santa Cruz,087,273765,19646,19461,1058,20519,214
2021-10-02,Shasta,089,179085,19418,18912,3316,22228,270
2021-10-02,Sierra,091,2930,139,131,16,147,0
2021-10-02,Siskiyou,093,43540,3142,3053,1201,4254,42
2021-10-02,Solano,095,438530,44256,43800,1164,44964,321
2021-10-02,Sonoma,097,501317,39799,39497,508,40005,382
2021-10-02,Stanislaus,099,539301,74799,73859,8660,82519,1099
2021-10-02,Sutter,101,95872,13324,13160,287,13447,160
2021-10-02,Tehama,103,63373,7648,7453,1333,8786,93
2021-10-02,Trinity,105,12862,707,625,185,810,10
2021-10-02,Tulare,107,460477,63363,62247,14038,76285,908
2021-10-02,Tuolumne,109,53932,6521,6369,74,6443,89
2021-10-02,Ventura,111,848112,95397,94854,4319,99173,1148
2021-10-02,Yolo,113,214977,18853,18640,1040,19680,242
2021-10-02,Yuba,115,75493,9527,9370,226,9596,66
2021-10-01,Alameda,001,1643700,116135,115185,2825,118010,1343
2021-10-01,Alpine,003,1148,102,102,0,102,0
2021-10-01,Amador,005,37829,5221,5105,56,5161,61
2021-10-01,Butte,007,227075,19277,18911,3601,22512,243
2021-10-01,Calaveras,009,45235,3680,3585,46,3631,72
2021-10-01,Colusa,011,21464,2426,2403,575,2978,18
2021-10-01,Contra Costa,013,1133247,96148,95369,2091,97460,933
2021-10-01,Del Norte,015,27424,3542,3468,34,3502,39
2021-10-01,El Dorado,017,186661,15101,14887,1619,16506,136
2021-10-01,Fresno,019,978130,130114,128450,11704,140154,1964
2021-10-01,Glenn,021,27897,3272,3234,941,4175,26
2021-10-01,Humboldt,023,135768,8427,8244,453,8697,94
2021-10-01,Imperial,025,180216,31892,31674,3195,34869,757
2021-10-01,Inyo,027,18085,1802,1746,29,1775,39
2021-10-01,Kern,029,883053,119671,117962,19852,137814,1524
2021-10-01,Kings,031,150075,29844,29339,1869,31208,301
2021-10-01,Lake,033,64148,6300,6191,132,6323,97
2021-10-01,Lassen,035,31185,6462,6360,316,6676,25
2021-10-01,Los Angeles,037,10098052,1403282,1395070,55110,1450180,26126
2021-10-01,Madera,039,155013,21311,20931,1744,22675,266
2021-10-01,Marin,041,260295,17052,16936,424,17360,242
2021-10-01,Mariposa,043,17540,1036,967,26,993,5
2021-10-01,Mendocino,045,87422,6986,6869,392,7261,78
2021-10-01,Merced,047,269075,39678,39196,1507,40703,552
2021-10-01,Modoc,049,8938,482,468,170,638,5
2021-10-01,Mono,051,14174,1570,1540,16,1556,3
2021-10-01,Monterey,053,433212,47143,46964,3335,50299,571
2021-10-01,Napa,055,140530,12557,12433,95,12528,96
2021-10-01,Nevada,057,99092,8580,8474,313,8787,87
2021-10-01,Orange,059,3164182,299157,297307,14704,312011,5435
2021-10-01,Placer,061,380077,34797,34377,3452,37829,381
2021-10-01,Plumas,063,18699,1375,1298,29,1327,6
2021-10-01,Riverside,065,2383286,349651,347227,16721,363948,4895
2021-10-01,Sacramento,067,1510023,150957,149897,4168,154065,2099
2021-10-01,San Benito,069,59416,7100,7055,156,7211,69
2021-10-01,San Bernardino,071,2135413,343210,341212,11223,352435,5540
2021-10-01,San Diego,073,3302833,359545,356454,20848,377302,4078
2021-10-01,San Francisco,075,870044,50864,50393,2544,52937,634
2021-10-01,San Joaquin,077,732212,95522,94599,5310,99909,1646
2021-10-01,San Luis Obispo,079,281455,28155,27915,1175,29090,323
2021-10-01,San Mateo,081,765935,52072,51767,1393,53160,573
2021-10-01,Santa Barbara,083,443738,42746,42423,1630,44053,508
2021-10-01,Santa Clara,085,1922200,142079,141231,1206,142437,1862
2021-10-01,Santa Cruz,087,273765,19626,19461,1057,20518,214
2021-10-01,Shasta,089,179085,19364,18912,3308,22220,270
2021-10-01,Sierra,091,2930,139,131,16,147,0
2021-10-01,Siskiyou,093,43540,3141,3053,1198,4251,42
2021-10-01,Solano,095,438530,44204,43800,1158,44958,321
2021-10-01,Sonoma,097,501317,39767,39497,507,40004,382
2021-10-01,Stanislaus,099,539301,74717,73859,8648,82507,1099
2021-10-01,Sutter,101,95872,13308,13160,285,13445,160
2021-10-01,Tehama,103,63373,7636,7453,1331,8784,93
2021-10-01,Trinity,105,12862,705,625,185,810,10
2021-10-01,Tulare,107,460477,63260,62247,14003,76250,908
2021-10-01,Tuolumne,109,53932,6504,6369,74,6443,89
2021-10-01,Ventura,111,848112,95339,94854,4312,99166,1148
2021-10-01,Yolo,113,214977,18829,18640,1037,19677,242
2021-10-01,Yuba,115,75493,9505,9370,226,9596,66
2021-09-30,Alameda,001,1643700,115994,115185,2821,118006,1343
2021-09-30,Alpine,003,1148,102,102,0,102,0
2021-09-30,Amador,005,37829,5209,5105,56,5161,61
2021-09-30,Butte,007,227075,19228,18911,3593,22504,243
2021-09-30,Calaveras,009,45235,3666,3585,46,3631,72
2021-09-30,Colusa,011,21464,2423,2403,574,2977,18
2021-09-30,Contra Costa,013,1133247,96045,95369,2086,97455,933
2021-09-30,Del Norte,015,27424,3538,3468,31,3499,39
2021-09-30,El Dorado,017,186661,15076,14887,1611,16498,136
2021-09-30,Fresno,019,978130,129838,128450,11675,140125,1964
2021-09-30,Glenn,021,27897,3261,3234,941,4175,26
2021-09-30,Humboldt,023,135768,8395,8244,447,8691,94
2021-09-30,Imperial,025,180216,31841,31674,3193,34867,757
2021-09-30,Inyo,027,18085,1792,1746,29,1775,39
2021-09-30,Kern,029,883053,119429,117962,19769,137731,1524
2021-09-30,Kings,031,150075,29756,29339,1865,31204,301
2021-09-30,Lake,033,64148,6283,6191,132,6323,97
2021-09-30,Lassen,035,31185,6449,6360,316,6676,25
2021-09-30,Los Angeles,037,10098052,1402079,1395070,55048,1450118,26126
2021-09-30,Madera,039,155013,21228,20931,1729,22660,266
2021-09-30,Marin,041,260295,17032,16936,423,17359,242
2021-09-30,Mariposa,043,17540,1014,967,26,993,5
2021-09-30,Mendocino,045,87422,6977,6869,383,7252,78
2021-09-30,Merced,047,269075,39580,39196,1504,40700,552
2021-09-30,Modoc,049,8938,482,468,169,637,5
2021-09-30,Mono,051,14174,1561,1540,16,1556,3
2021-09-30,Monterey,053,433212,47126,46964,3310,50274,571
2021-09-30,Napa,055,140530,12537,12433,95,12528,96
2021-09-30,Nevada,057,99092,8563,8474,312,8786,87
2021-09-30,Orange,059,3164182,298890,297307,14668,311975,5435
2021-09-30,Placer,061,380077,34745,34377,3431,37808,381
2021-09-30,Plumas,063,18699,1358,1298,29,1327,6
2021-09-30,Riverside,065,2383286,349221,347227,16699,363926,4895
2021-09-30,Sacramento,067,1510023,150703,149897,4140,154037,2099
2021-09-30,San Benito,069,59416,7094,7055,156,7211,69
2021-09-30,San Bernardino,071,2135413,342900,341212,11209,352421,5540
2021-09-30,San Diego,073,3302833,359054,356454,20820,377274,4078
2021-09-30,San Francisco,075,870044,50789,50393,2540,52933,634
2021-09-30,San Joaquin,077,732212,95395,94599,5302,99901,1646
2021-09-30,San Luis Obispo,079,281455,28108,27915,1171,29086,323
2021-09-30,San Mateo,081,765935,52028,51767,1388,53155,573
2021-09-30,Santa Barbara,083,443738,42692,42423,1629,44052,508
2021-09-30,Santa Clara,085,1922200,141932,141231,1202,142433,1862
2021-09-30,Santa Cruz,087,273765,19587,19461,1055,20516,214
2021-09-30,Shasta,089,179085,19302,18912,3293,22205,270
2021-09-30,Sierra,091,2930,138,131,16,147,0
2021-09-30,Siskiyou,093,43540,3133,3053,1193,4246,42
2021-09-30,Solano,095,438530,44155,43800,1155,44955,321
2021-09-30,Sonoma,097,501317,39718,39497,507,40004,382
2021-09-30,Stanislaus,099,539301,74559,73859,8628,82487,1099
2021-09-30,Sutter,101,95872,13287,13160,285,13445,160
2021-09-30,Tehama,103,63373,7599,7453,1320,8773,93
2021-09-30,Trinity,105,12862,701,625,185,810,10
2021-09-30,Tulare,107,460477,63095,62247,13940,76187,908
2021-09-30,Tuolumne,109,53932,6481,6369,74,6443,89
2021-09-30,Ventura,111,848112,95244,94854,4306,99160,1148
2021-09-30,Yolo,113,214977,18791,18640,1033,19673,242
2021-09-30,Yuba,115,75493,9482,9370,225,9595,66
2021-09-29,Alameda,001,1643700,115850,114998,2817,117815,1339
2021-09-29,Alpine,003,1148,102,101,0,101,0
2021-09-29,Amador,005,37829,5187,5058,56,5114,61
2021-09-29,Butte,007,227075,19174,18835,3586,22421,242
2021-09-29,Calaveras,009,45235,3649,3553,45,3598,72
2021-09-29,Colusa,011,21464,2421,2401,574,2975,18
2021-09-29,Contra Costa,013,1133247,95931,95213,2079,97292,929
2021-09-29,Del Norte,015,27424,3532,3467,31,3498,39
2021-09-29,El Dorado,017,186661,15046,14834,1604,16438,136
2021-09-29,Fresno,019,978130,129541,128068,11656,139724,1957
2021-09-29,Glenn,021,27897,3254,3213,939,4152,26
2021-09-29,Humboldt,023,135768,8372,8203,446,8649,94
2021-09-29,Imperial,025,180216,31774,31600,3188,34788,757
2021-09-29,Inyo,027,18085,1782,1740,28,1768,39
2021-09-29,Kern,029,883053,119194,117605,19692,137297,1513
2021-09-29,Kings,031,150075,29672,29195,1850,31045,299
2021-09-29,Lake,033,64148,6264,6164,132,6296,97
2021-09-29,Lassen,035,31185,6435,6347,316,6663,25
2021-09-29,Los Angeles,037,10098052,1400878,1393617,54975,1448592,26098
2021-09-29,Madera,039,155013,21183,20818,1714,22532,266
2021-09-29,Marin,041,260295,17014,16921,421,17342,242
2021-09-29,Mariposa,043,17540,1001,963,26,989,5
2021-09-29,Mendocino,045,87422,6965,6821,375,7196,78
2021-09-29,Merced,047,269075,39488,39026,1492,40518,552
2021-09-29,Modoc,049,8938,480,468,169,637,5
2021-09-29,Mono,051,14174,1560,1527,16,1543,3
2021-09-29,Monterey,053,433212,47097,46917,3290,50207,571
2021-09-29,Napa,055,140530,12517,12416,91,12507,96
2021-09-29,Nevada,057,99092,8550,8434,312,8746,87
2021-09-29,Orange,059,3164182,298627,296936,14635,311571,5429
2021-09-29,Placer,061,380077,34681,34271,3408,37679,379
2021-09-29,Plumas,063,18699,1340,1289,29,1318,6
2021-09-29,Riverside,065,2383286,348784,346558,16688,363246,4886
2021-09-29,Sacramento,067,1510023,150454,149686,4130,153816,2099
2021-09-29,San Benito,069,59416,7083,7039,156,7195,69
2021-09-29,San Bernardino,071,2135413,342579,340672,11196,351868,5539
2021-09-29,San Diego,073,3302833,358555,355899,20788,376687,4066
2021-09-29,San Francisco,075,870044,50704,50286,2537,52823,629
2021-09-29,San Joaquin,077,732212,95237,94356,5280,99636,1645
2021-09-29,San Luis Obispo,079,281455,28062,27800,1165,28965,323
2021-09-29,San Mateo,081,765935,51973,51673,1381,53054,573
2021-09-29,Santa Barbara,083,443738,42620,42328,1626,43954,507
2021-09-29,Santa Clara,085,1922200,141800,141036,1196,142232,1861
2021-09-29,Santa Cruz,087,273765,19570,19425,1053,20478,214
2021-09-29,Shasta,089,179085,19236,18805,3281,22086,271
2021-09-29,Sierra,091,2930,134,130,16,146,0
2021-09-29,Siskiyou,093,43540,3120,3043,1186,4229,42
2021-09-29,Solano,095,438530,44099,43724,1148,44872,321
2021-09-29,Sonoma,097,501317,39658,39426,505,39931,370
2021-09-29,Stanislaus,099,539301,74430,73634,8615,82249,1096
2021-09-29,Sutter,101,95872,13260,13135,282,13417,155
2021-09-29,Tehama,103,63373,7569,7409,1305,8714,88
2021-09-29,Trinity,105,12862,698,616,185,801,10
2021-09-29,Tulare,107,460477,62926,62046,13880,75926,908
2021-09-29,Tuolumne,109,53932,6464,6336,73,6409,89
2021-09-29,Ventura,111,848112,95156,94753,4302,99055,1144
2021-09-29,Yolo,113,214977,18758,18587,1028,19615,239
2021-09-29,Yuba,115,75493,9451,9351,221,9572,66
2021-09-28,Alameda,001,1643700,115692,114869,2810,117679,1333
2021-09-28,Alpine,003,1148,102,101,0,101,0
2021-09-28,Amador,005,37829,5165,5049,56,5105,61
2021-09-28,Butte,007,227075,19122,18764,3573,22337,241
2021-09-28,Calaveras,009,45235,3629,3530,45,3575,72
2021-09-28,Colusa,011,21464,2418,2399,572,2971,18
2021-09-28,Contra Costa,013,1133247,95789,95115,2074,97189,929
2021-09-28,Del Norte,015,27424,3529,3462,31,3493,39
2021-09-28,El Dorado,017,186661,14999,14793,1600,16393,133
2021-09-28,Fresno,019,978130,129196,127877,11628,139505,1948
2021-09-28,Glenn,021,27897,3248,3205,938,4143,26
2021-09-28,Humboldt,023,135768,8330,8159,443,8602,91
2021-09-28,Imperial,025,180216,31730,31543,3184,34727,757
2021-09-28,Inyo,027,18085,1768,1708,27,1735,39
2021-09-28,Kern,029,883053,118927,117420,19595,137015,1506
2021-09-28,Kings,031,150075,29574,29141,1840,30981,295
2021-09-28,Lake,033,64148,6249,6155,132,6287,95
2021-09-28,Lassen,035,31185,6429,6340,312,6652,25
2021-09-28,Los Angeles,037,10098052,1399593,1392445,54905,1447350,26068
2021-09-28,Madera,039,155013,21130,20764,1700,22464,266
2021-09-28,Marin,041,260295,16995,16887,419,17306,242
2021-09-28,Mariposa,043,17540,996,952,26,978,5
2021-09-28,Mendocino,045,87422,6944,6804,373,7177,78
2021-09-28,Merced,047,269075,39402,38953,1478,40431,551
2021-09-28,Modoc,049,8938,479,467,169,636,5
2021-09-28,Mono,051,14174,1550,1527,16,1543,3
2021-09-28,Monterey,053,433212,47066,46859,3275,50134,571
2021-09-28,Napa,055,140530,12500,12388,90,12478,96
2021-09-28,Nevada,057,99092,8527,8409,311,8720,84
2021-09-28,Orange,059,3164182,298381,296596,14609,311205,5421
2021-09-28,Placer,061,380077,34616,34187,3390,37577,370
2021-09-28,Plumas,063,18699,1331,1276,29,1305,6
2021-09-28,Riverside,065,2383286,348323,346096,16666,362762,4874
2021-09-28,Sacramento,067,1510023,150176,149310,4098,153408,2086
2021-09-28,San Benito,069,59416,7066,7028,155,7183,69
2021-09-28,San Bernardino,071,2135413,342231,340342,11177,351519,5540
2021-09-28,San Diego,073,3302833,357993,355373,20757,376130,4054
2021-09-28,San Francisco,075,870044,50607,50234,2531,52765,627
2021-09-28,San Joaquin,077,732212,95084,94194,5267,99461,1639
2021-09-28,San Luis Obispo,079,281455,28027,27755,1160,28915,321
2021-09-28,San Mateo,081,765935,51933,51620,1376,52996,571
2021-09-28,Santa Barbara,083,443738,42548,42226,1622,43848,506
2021-09-28,Santa Clara,085,1922200,141640,140886,1187,142073,1858
2021-09-28,Santa Cruz,087,273765,19529,19324,1052,20376,214
2021-09-28,Shasta,089,179085,19174,18701,3268,21969,267
2021-09-28,Sierra,091,2930,133,130,15,145,0
2021-09-28,Siskiyou,093,43540,3108,3032,1182,4214,42
2021-09-28,Solano,095,438530,44026,43652,1145,44797,316
2021-09-28,Sonoma,097,501317,39614,39395,504,39899,370
2021-09-28,Stanislaus,099,539301,74261,73528,8601,82129,1094
2021-09-28,Sutter,101,95872,13241,13102,278,13380,155
2021-09-28,Tehama,103,63373,7551,7382,1290,8672,88
2021-09-28,Trinity,105,12862,695,613,185,798,10
2021-09-28,Tulare,107,460477,62765,61916,13821,75737,905
2021-09-28,Tuolumne,109,53932,6438,6308,73,6381,89
2021-09-28,Ventura,111,848112,95038,94632,4299,98931,1143
2021-09-28,Yolo,113,214977,18732,18564,1025,19589,239
2021-09-28,Yuba,115,75493,9432,9323,220,9543,66
2021-09-27,Alameda,001,1643700,115506,114731,2801,117532,1327
2021-09-27,Alpine,003,1148,102,101,0,101,0
2021-09-27,Amador,005,37829,5151,5017,56,5073,59
2021-09-27,Butte,007,227075,19065,18687,3557,22244,239
2021-09-27,Calaveras,009,45235,3609,3514,44,3558,70
2021-09-27,Colusa,011,21464,2417,2393,571,2964,18
2021-09-27,Contra Costa,013,1133247,95657,94979,2065,97044,924
2021-09-27,Del Norte,015,27424,3527,3468,29,3497,37
2021-09-27,El Dorado,017,186661,14960,14764,1593,16357,132
2021-09-27,Fresno,019,978130,128877,127475,11597,139072,1942
2021-09-27,Glenn,021,27897,3234,3189,934,4123,26
2021-09-27,Humboldt,023,135768,8290,8118,443,8561,91
2021-09-27,Imperial,025,180216,31667,31491,3177,34668,756
2021-09-27,Inyo,027,18085,1756,1698,27,1725,39
2021-09-27,Kern,029,883053,118653,117064,19496,136560,1503
2021-09-27,Kings,031,150075,29476,28998,1828,30826,297
2021-09-27,Lake,033,64148,6229,6126,132,6258,95
2021-09-27,Lassen,035,31185,6414,6327,308,6635,25
2021-09-27,Los Angeles,037,10098052,1398264,1391538,54833,1446371,26040
2021-09-27,Madera,039,155013,21065,20691,1692,22383,262
2021-09-27,Marin,041,260295,16973,16861,418,17279,242
2021-09-27,Mariposa,043,17540,986,931,26,957,5
2021-09-27,Mendocino,045,87422,6919,6761,366,7127,74
2021-09-27,Merced,047,269075,39304,38840,1472,40312,548
2021-09-27,Modoc,049,8938,478,465,167,632,5
2021-09-27,Mono,051,14174,1535,1525,16,1541,3
2021-09-27,Monterey,053,433212,47027,46811,3262,50073,571
2021-09-27,Napa,055,140530,12476,12354,89,12443,95
2021-09-27,Nevada,057,99092,8504,8379,308,8687,84
2021-09-27,Orange,059,3164182,298076,296334,14579,310913,5409
2021-09-27,Placer,061,380077,34529,34087,3385,37472,370
2021-09-27,Plumas,063,18699,1320,1269,29,1298,6
2021-09-27,Riverside,065,2383286,347883,345529,16656,362185,4864
2021-09-27,Sacramento,067,1510023,149861,149096,4075,153171,2076
2021-09-27,San Benito,069,59416,7049,7017,155,7172,67
2021-09-27,San Bernardino,071,2135413,341821,339952,11153,351105,5544
2021-09-27,San Diego,073,3302833,357335,354755,20732,375487,4054
2021-09-27,San Francisco,075,870044,50523,50157,2528,52685,622
2021-09-27,San Joaquin,077,732212,94902,94085,5264,99349,1633
2021-09-27,San Luis Obispo,079,281455,27973,27674,1157,28831,320
2021-09-27,San Mateo,081,765935,51868,51552,1367,52919,571
2021-09-27,Santa Barbara,083,443738,42482,42012,1618,43630,505
2021-09-27,Santa Clara,085,1922200,141462,140802,1177,141979,1853
2021-09-27,Santa Cruz,087,273765,19506,19292,1051,20343,214
2021-09-27,Shasta,089,179085,19092,18599,3241,21840,267
2021-09-27,Sierra,091,2930,133,128,15,143,0
2021-09-27,Siskiyou,093,43540,3096,3015,1177,4192,42
2021-09-27,Solano,095,438530,43955,43582,1140,44722,314
2021-09-27,Sonoma,097,501317,39562,39347,504,39851,370
2021-09-27,Stanislaus,099,539301,74106,73370,8582,81952,1091
2021-09-27,Sutter,101,95872,13211,13082,274,13356,155
2021-09-27,Tehama,103,63373,7509,7345,1280,8625,88
2021-09-27,Trinity,105,12862,684,605,184,789,9
2021-09-27,Tulare,107,460477,62567,61708,13750,75458,904
2021-09-27,Tuolumne,109,53932,6420,6264,73,6337,89
2021-09-27,Ventura,111,848112,94916,94477,4295,98772,1138
2021-09-27,Yolo,113,214977,18700,18524,1024,19548,239
2021-09-27,Yuba,115,75493,9395,9292,216,9508,64
2021-09-26,Alameda,001,1643700,115310,114601,2795,117396,1326
2021-09-26,Alpine,003,1148,101,101,0,101,0
2021-09-26,Amador,005,37829,5119,5001,55,5056,59
2021-09-26,Butte,007,227075,18989,18634,3540,22174,238
2021-09-26,Calaveras,009,45235,3587,3505,44,3549,70
2021-09-26,Colusa,011,21464,2411,2392,568,2960,18
2021-09-26,Contra Costa,013,1133247,95486,94877,2052,96929,924
2021-09-26,Del Norte,015,27424,3521,3466,28,3494,37
2021-09-26,El Dorado,017,186661,14919,14738,1585,16323,132
2021-09-26,Fresno,019,978130,128523,127235,11562,138797,1939
2021-09-26,Glenn,021,27897,3222,3182,934,4116,26
2021-09-26,Humboldt,023,135768,8255,8098,442,8540,91
2021-09-26,Imperial,025,180216,31606,31462,3176,34638,756
2021-09-26,Inyo,027,18085,1741,1685,27,1712,39
2021-09-26,Kern,029,883053,118319,116927,19383,136310,1502
2021-09-26,Kings,031,150075,29375,28930,1816,30746,293
2021-09-26,Lake,033,64148,6212,6113,132,6245,95
2021-09-26,Lassen,035,31185,6404,6319,303,6622,25
2021-09-26,Los Angeles,037,10098052,1396782,1390577,54759,1445336,26035
2021-09-26,Madera,039,155013,20991,20629,1673,22302,262
2021-09-26,Marin,041,260295,16950,16860,418,17278,242
2021-09-26,Mariposa,043,17540,981,929,26,955,5
2021-09-26,Mendocino,045,87422,6886,6744,351,7095,74
2021-09-26,Merced,047,269075,39143,38717,1467,40184,548
2021-09-26,Modoc,049,8938,478,465,166,631,5
2021-09-26,Mono,051,14174,1533,1516,16,1532,3
2021-09-26,Monterey,053,433212,46981,46792,3248,50040,571
2021-09-26,Napa,055,140530,12452,12340,88,12428,95
2021-09-26,Nevada,057,99092,8474,8356,302,8658,84
2021-09-26,Orange,059,3164182,297746,296085,14550,310635,5409
2021-09-26,Placer,061,380077,34434,34043,3375,37418,370
2021-09-26,Plumas,063,18699,1300,1268,29,1297,6
2021-09-26,Riverside,065,2383286,347352,345257,16642,361899,4864
2021-09-26,Sacramento,067,1510023,149458,148745,4056,152801,2071
2021-09-26,San Benito,069,59416,7032,7012,154,7166,67
2021-09-26,San Bernardino,071,2135413,341369,339771,11138,350909,5545
2021-09-26,San Diego,073,3302833,356698,354414,20689,375103,4051
2021-09-26,San Francisco,075,870044,50400,50092,2517,52609,622
2021-09-26,San Joaquin,077,732212,94699,93935,5249,99184,1633
2021-09-26,San Luis Obispo,079,281455,27900,27624,1152,28776,319
2021-09-26,San Mateo,081,765935,51814,51496,1353,52849,571
2021-09-26,Santa Barbara,083,443738,42396,41946,1615,43561,505
2021-09-26,Santa Clara,085,1922200,141263,140667,1173,141840,1852
2021-09-26,Santa Cruz,087,273765,19481,19279,1051,20330,214
2021-09-26,Shasta,089,179085,18983,18566,3217,21783,266
2021-09-26,Sierra,091,2930,133,128,15,143,0
2021-09-26,Siskiyou,093,43540,3082,2998,1167,4165,42
2021-09-26,Solano,095,438530,43890,43537,1139,44676,314
2021-09-26,Sonoma,097,501317,39504,39302,504,39806,370
2021-09-26,Stanislaus,099,539301,73904,73243,8555,81798,1091
2021-09-26,Sutter,101,95872,13174,13045,273,13318,155
2021-09-26,Tehama,103,63373,7451,7323,1270,8593,88
2021-09-26,Trinity,105,12862,681,591,184,775,9
2021-09-26,Tulare,107,460477,62349,61560,13671,75231,904
2021-09-26,Tuolumne,109,53932,6392,6236,71,6307,89
2021-09-26,Ventura,111,848112,94804,94391,4289,98680,1138
2021-09-26,Yolo,113,214977,18665,18496,1016,19512,239
2021-09-26,Yuba,115,75493,9368,9275,216,9491,64
2021-09-25,Alameda,001,1643700,115235,114014,2791,116805,1324
2021-09-25,Alpine,003,1148,101,101,0,101,0
2021-09-25,Amador,005,37829,5106,4934,54,4988,59
2021-09-25,Butte,007,227075,18960,18396,3531,21927,236
2021-09-25,Calaveras,009,45235,3583,3461,44,3505,70
2021-09-25,Colusa,011,21464,2409,2387,566,2953,16
2021-09-25,Contra Costa,013,1133247,95415,94337,2048,96385,924
2021-09-25,Del Norte,015,27424,3520,3404,28,3432,35
2021-09-25,El Dorado,017,186661,14896,14641,1581,16222,130
2021-09-25,Fresno,019,978130,128379,126299,11549,137848,1927
2021-09-25,Glenn,021,27897,3220,3144,933,4077,25
2021-09-25,Humboldt,023,135768,8236,8014,440,8454,88
2021-09-25,Imperial,025,180216,31579,31280,3176,34456,755
2021-09-25,Inyo,027,18085,1733,1657,27,1684,39
2021-09-25,Kern,029,883053,118167,116021,19312,135333,1485
2021-09-25,Kings,031,150075,29324,28636,1813,30449,293
2021-09-25,Lake,033,64148,6207,6046,130,6176,92
2021-09-25,Lassen,035,31185,6392,6248,302,6550,25
2021-09-25,Los Angeles,037,10098052,1396072,1386417,54716,1441133,25964
2021-09-25,Madera,039,155013,20966,20432,1667,22099,262
2021-09-25,Marin,041,260295,16941,16802,416,17218,242
2021-09-25,Mariposa,043,17540,976,906,26,932,5
2021-09-25,Mendocino,045,87422,6867,6657,350,7007,74
2021-09-25,Merced,047,269075,39097,38393,1465,39858,546
2021-09-25,Modoc,049,8938,478,460,166,626,5
2021-09-25,Mono,051,14174,1532,1501,16,1517,3
2021-09-25,Monterey,053,433212,46956,46653,3241,49894,567
2021-09-25,Napa,055,140530,12432,12266,88,12354,95
2021-09-25,Nevada,057,99092,8457,8285,302,8587,84
2021-09-25,Orange,059,3164182,297573,294514,14533,309047,5374
2021-09-25,Placer,061,380077,34370,33764,3372,37136,367
2021-09-25,Plumas,063,18699,1296,1238,29,1267,6
2021-09-25,Riverside,065,2383286,347029,343463,16634,360097,4843
2021-09-25,Sacramento,067,1510023,149282,147728,4046,151774,2049
2021-09-25,San Benito,069,59416,7027,6965,154,7119,67
2021-09-25,San Bernardino,071,2135413,341133,338413,11124,349537,5540
2021-09-25,San Diego,073,3302833,356349,352017,20663,372680,4039
2021-09-25,San Francisco,075,870044,50356,49840,2516,52356,615
2021-09-25,San Joaquin,077,732212,94613,93273,5247,98520,1628
2021-09-25,San Luis Obispo,079,281455,27862,27447,1148,28595,318
2021-09-25,San Mateo,081,765935,51761,51266,1342,52608,568
2021-09-25,Santa Barbara,083,443738,42338,41728,1615,43343,505
2021-09-25,Santa Clara,085,1922200,141157,140023,1170,141193,1844
2021-09-25,Santa Cruz,087,273765,19465,19200,1049,20249,214
2021-09-25,Shasta,089,179085,18931,18256,3208,21464,262
2021-09-25,Sierra,091,2930,132,127,15,142,0
2021-09-25,Siskiyou,093,43540,3076,2956,1156,4112,41
2021-09-25,Solano,095,438530,43849,43331,1136,44467,312
2021-09-25,Sonoma,097,501317,39466,39112,504,39616,369
2021-09-25,Stanislaus,099,539301,73795,72628,8540,81168,1091
2021-09-25,Sutter,101,95872,13156,12976,270,13246,154
2021-09-25,Tehama,103,63373,7437,7200,1268,8468,86
2021-09-25,Trinity,105,12862,681,576,184,760,9
2021-09-25,Tulare,107,460477,62267,60909,13623,74532,898
2021-09-25,Tuolumne,109,53932,6382,6168,71,6239,89
2021-09-25,Ventura,111,848112,94740,94059,4285,98344,1129
2021-09-25,Yolo,113,214977,18643,18393,1015,19408,239
2021-09-25,Yuba,115,75493,9348,9191,216,9407,61
2021-09-24,Alameda,001,1643700,115132,114014,2786,116800,1324
2021-09-24,Alpine,003,1148,101,101,0,101,0
2021-09-24,Amador,005,37829,5076,4934,54,4988,59
2021-09-24,Butte,007,227075,18909,18396,3522,21918,236
2021-09-24,Calaveras,009,45235,3576,3461,43,3504,70
2021-09-24,Colusa,011,21464,2406,2387,565,2952,16
2021-09-24,Contra Costa,013,1133247,95307,94337,2044,96381,924
2021-09-24,Del Norte,015,27424,3517,3404,28,3432,35
2021-09-24,El Dorado,017,186661,14880,14641,1577,16218,130
2021-09-24,Fresno,019,978130,128180,126299,11538,137837,1927
2021-09-24,Glenn,021,27897,3215,3144,933,4077,25
2021-09-24,Humboldt,023,135768,8217,8014,437,8451,88
2021-09-24,Imperial,025,180216,31540,31280,3174,34454,755
2021-09-24,Inyo,027,18085,1724,1657,27,1684,39
2021-09-24,Kern,029,883053,118030,116021,19246,135267,1485
2021-09-24,Kings,031,150075,29283,28636,1808,30444,293
2021-09-24,Lake,033,64148,6199,6046,130,6176,92
2021-09-24,Lassen,035,31185,6384,6248,301,6549,25
2021-09-24,Los Angeles,037,10098052,1395195,1386417,54672,1441089,25964
2021-09-24,Madera,039,155013,20935,20432,1659,22091,262
2021-09-24,Marin,041,260295,16927,16802,415,17217,242
2021-09-24,Mariposa,043,17540,964,906,26,932,5
2021-09-24,Mendocino,045,87422,6854,6657,350,7007,74
2021-09-24,Merced,047,269075,39053,38393,1465,39858,546
2021-09-24,Modoc,049,8938,478,460,165,625,5
2021-09-24,Mono,051,14174,1529,1501,16,1517,3
2021-09-24,Monterey,053,433212,46940,46653,3229,49882,567
2021-09-24,Napa,055,140530,12413,12266,88,12354,95
2021-09-24,Nevada,057,99092,8443,8285,299,8584,84
2021-09-24,Orange,059,3164182,297370,294514,14515,309029,5374
2021-09-24,Placer,061,380077,34315,33764,3359,37123,367
2021-09-24,Plumas,063,18699,1291,1238,29,1267,6
2021-09-24,Riverside,065,2383286,346695,343463,16625,360088,4843
2021-09-24,Sacramento,067,1510023,149095,147728,4042,151770,2049
2021-09-24,San Benito,069,59416,7021,6965,154,7119,67
2021-09-24,San Bernardino,071,2135413,340868,338413,11114,349527,5540
2021-09-24,San Diego,073,3302833,355995,352017,20648,372665,4039
2021-09-24,San Francisco,075,870044,50294,49840,2506,52346,615
2021-09-24,San Joaquin,077,732212,94502,93273,5245,98518,1628
2021-09-24,San Luis Obispo,079,281455,27831,27447,1143,28590,318
2021-09-24,San Mateo,081,765935,51708,51266,1335,52601,568
2021-09-24,Santa Barbara,083,443738,42299,41728,1614,43342,505
2021-09-24,Santa Clara,085,1922200,141047,140023,1169,141192,1844
2021-09-24,Santa Cruz,087,273765,19442,19200,1048,20248,214
2021-09-24,Shasta,089,179085,18876,18256,3194,21450,262
2021-09-24,Sierra,091,2930,131,127,15,142,0
2021-09-24,Siskiyou,093,43540,3067,2956,1150,4106,41
2021-09-24,Solano,095,438530,43812,43331,1134,44465,312
2021-09-24,Sonoma,097,501317,39434,39112,504,39616,369
2021-09-24,Stanislaus,099,539301,73680,72628,8525,81153,1091
2021-09-24,Sutter,101,95872,13137,12976,269,13245,154
2021-09-24,Tehama,103,63373,7425,7200,1263,8463,86
2021-09-24,Trinity,105,12862,678,576,184,760,9
2021-09-24,Tulare,107,460477,62177,60909,13578,74487,898
2021-09-24,Tuolumne,109,53932,6353,6168,71,6239,89
2021-09-24,Ventura,111,848112,94662,94059,4279,98338,1129
2021-09-24,Yolo,113,214977,18611,18393,1012,19405,239
2021-09-24,Yuba,115,75493,9329,9191,216,9407,61
2021-09-23,Alameda,001,1643700,114978,114014,2781,116795,1324
2021-09-23,Alpine,003,1148,101,101,0,101,0
2021-09-23,Amador,005,37829,5063,4934,54,4988,59
2021-09-23,Butte,007,227075,18847,18396,3498,21894,236
2021-09-23,Calaveras,009,45235,3555,3461,43,3504,70
2021-09-23,Colusa,011,21464,2404,2387,563,2950,16
2021-09-23,Contra Costa,013,1133247,95167,94337,2036,96373,924
2021-09-23,Del Norte,015,27424,3508,3404,27,3431,35
2021-09-23,El Dorado,017,186661,14854,14641,1571,16212,130
2021-09-23,Fresno,019,978130,127885,126299,11524,137823,1927
2021-09-23,Glenn,021,27897,3200,3144,930,4074,25
2021-09-23,Humboldt,023,135768,8191,8014,435,8449,88
2021-09-23,Imperial,025,180216,31505,31280,3174,34454,755
2021-09-23,Inyo,027,18085,1710,1657,27,1684,39
2021-09-23,Kern,029,883053,117773,116021,19164,135185,1485
2021-09-23,Kings,031,150075,29180,28636,1798,30434,293
2021-09-23,Lake,033,64148,6189,6046,130,6176,92
2021-09-23,Lassen,035,31185,6375,6248,296,6544,25
2021-09-23,Los Angeles,037,10098052,1394007,1386417,54607,1441024,25964
2021-09-23,Madera,039,155013,20853,20432,1655,22087,262
2021-09-23,Marin,041,260295,16912,16802,414,17216,242
2021-09-23,Mariposa,043,17540,951,906,26,932,5
2021-09-23,Mendocino,045,87422,6833,6657,348,7005,74
2021-09-23,Merced,047,269075,38950,38393,1458,39851,546
2021-09-23,Modoc,049,8938,477,460,165,625,5
2021-09-23,Mono,051,14174,1527,1501,16,1517,3
2021-09-23,Monterey,053,433212,46901,46653,3209,49862,567
2021-09-23,Napa,055,140530,12396,12266,88,12354,95
2021-09-23,Nevada,057,99092,8416,8285,299,8584,84
2021-09-23,Orange,059,3164182,297073,294514,14493,309007,5374
2021-09-23,Placer,061,380077,34239,33764,3352,37116,367
2021-09-23,Plumas,063,18699,1272,1238,28,1266,6
2021-09-23,Riverside,065,2383286,346244,343463,16617,360080,4843
2021-09-23,Sacramento,067,1510023,148766,147728,4020,151748,2049
2021-09-23,San Benito,069,59416,7010,6965,154,7119,67
2021-09-23,San Bernardino,071,2135413,340509,338413,11098,349511,5540
2021-09-23,San Diego,073,3302833,355534,352017,20609,372626,4039
2021-09-23,San Francisco,075,870044,50223,49840,2502,52342,615
2021-09-23,San Joaquin,077,732212,94332,93273,5230,98503,1628
2021-09-23,San Luis Obispo,079,281455,27788,27447,1141,28588,318
2021-09-23,San Mateo,081,765935,51642,51266,1326,52592,568
2021-09-23,Santa Barbara,083,443738,42221,41728,1611,43339,505
2021-09-23,Santa Clara,085,1922200,140898,140023,1161,141184,1844
2021-09-23,Santa Cruz,087,273765,19411,19200,1048,20248,214
2021-09-23,Shasta,089,179085,18798,18256,3177,21433,262
2021-09-23,Sierra,091,2930,131,127,15,142,0
2021-09-23,Siskiyou,093,43540,3063,2956,1139,4095,41
2021-09-23,Solano,095,438530,43746,43331,1131,44462,312
2021-09-23,Sonoma,097,501317,39376,39112,501,39613,369
2021-09-23,Stanislaus,099,539301,73524,72628,8492,81120,1091
2021-09-23,Sutter,101,95872,13108,12976,269,13245,154
2021-09-23,Tehama,103,63373,7384,7200,1258,8458,86
2021-09-23,Trinity,105,12862,664,576,183,759,9
2021-09-23,Tulare,107,460477,62001,60909,13521,74430,898
2021-09-23,Tuolumne,109,53932,6328,6168,70,6238,89
2021-09-23,Ventura,111,848112,94561,94059,4271,98330,1129
2021-09-23,Yolo,113,214977,18582,18393,1007,19400,239
2021-09-23,Yuba,115,75493,9301,9191,215,9406,61
2021-09-22,Alameda,001,1643700,114823,113862,2777,116639,1322
2021-09-22,Alpine,003,1148,101,100,0,100,0
2021-09-22,Amador,005,37829,5047,4915,54,4969,59
2021-09-22,Butte,007,227075,18788,18337,3483,21820,235
2021-09-22,Calaveras,009,45235,3539,3448,43,3491,70
2021-09-22,Colusa,011,21464,2399,2384,562,2946,16
2021-09-22,Contra Costa,013,1133247,94986,94209,2026,96235,924
2021-09-22,Del Norte,015,27424,3497,3386,26,3412,35
2021-09-22,El Dorado,017,186661,14818,14605,1564,16169,127
2021-09-22,Fresno,019,978130,127630,126006,11513,137519,1908
2021-09-22,Glenn,021,27897,3194,3138,929,4067,25
2021-09-22,Humboldt,023,135768,8168,7998,427,8425,80
2021-09-22,Imperial,025,180216,31453,31243,3167,34410,755
2021-09-22,Inyo,027,18085,1700,1651,27,1678,39
2021-09-22,Kern,029,883053,117530,115757,19042,134799,1477
2021-09-22,Kings,031,150075,29096,28589,1792,30381,292
2021-09-22,Lake,033,64148,6176,6035,130,6165,93
2021-09-22,Lassen,035,31185,6355,6209,292,6501,25
2021-09-22,Los Angeles,037,10098052,1392690,1384719,54548,1439267,25930
2021-09-22,Madera,039,155013,20796,20382,1647,22029,262
2021-09-22,Marin,041,260295,16903,16782,411,17193,242
2021-09-22,Mariposa,043,17540,945,901,26,927,5
2021-09-22,Mendocino,045,87422,6806,6624,342,6966,70
2021-09-22,Merced,047,269075,38819,38305,1455,39760,541
2021-09-22,Modoc,049,8938,474,458,165,623,5
2021-09-22,Mono,051,14174,1518,1496,15,1511,3
2021-09-22,Monterey,053,433212,46857,46615,3196,49811,566
2021-09-22,Napa,055,140530,12373,12248,87,12335,95
2021-09-22,Nevada,057,99092,8394,8273,296,8569,84
2021-09-22,Orange,059,3164182,296800,294214,14478,308692,5366
2021-09-22,Placer,061,380077,34152,33661,3339,37000,367
2021-09-22,Plumas,063,18699,1258,1230,28,1258,6
2021-09-22,Riverside,065,2383286,345710,342946,16593,359539,4830
2021-09-22,Sacramento,067,1510023,148452,147533,3988,151521,2043
2021-09-22,San Benito,069,59416,6999,6961,152,7113,67
2021-09-22,San Bernardino,071,2135413,340114,337938,11090,349028,5528
2021-09-22,San Diego,073,3302833,355073,351132,20587,371719,4027
2021-09-22,San Francisco,075,870044,50139,49734,2497,52231,610
2021-09-22,San Joaquin,077,732212,94106,93010,5203,98213,1626
2021-09-22,San Luis Obispo,079,281455,27740,27398,1138,28536,315
2021-09-22,San Mateo,081,765935,51575,51197,1316,52513,568
2021-09-22,Santa Barbara,083,443738,42158,41678,1610,43288,504
2021-09-22,Santa Clara,085,1922200,140737,139803,1154,140957,1844
2021-09-22,Santa Cruz,087,273765,19372,19177,1048,20225,214
2021-09-22,Shasta,089,179085,18709,18153,3165,21318,260
2021-09-22,Sierra,091,2930,131,127,15,142,0
2021-09-22,Siskiyou,093,43540,3046,2947,1129,4076,41
2021-09-22,Solano,095,438530,43685,43269,1130,44399,312
2021-09-22,Sonoma,097,501317,39324,39063,500,39563,369
2021-09-22,Stanislaus,099,539301,73359,72355,8472,80827,1091
2021-09-22,Sutter,101,95872,13088,12960,266,13226,153
2021-09-22,Tehama,103,63373,7358,7173,1254,8427,86
2021-09-22,Trinity,105,12862,663,572,183,755,9
2021-09-22,Tulare,107,460477,61793,60776,13447,74223,896
2021-09-22,Tuolumne,109,53932,6307,6155,69,6224,89
2021-09-22,Ventura,111,848112,94458,93978,4264,98242,1122
2021-09-22,Yolo,113,214977,18543,18342,999,19341,239
2021-09-22,Yuba,115,75493,9272,9169,210,9379,61
2021-09-21,Alameda,001,1643700,114674,113765,2777,116542,1321
2021-09-21,Alpine,003,1148,101,100,0,100,0
2021-09-21,Amador,005,37829,5025,4897,54,4951,59
2021-09-21,Butte,007,227075,18692,18229,3444,21673,232
2021-09-21,Calaveras,009,45235,3521,3437,43,3480,70
2021-09-21,Colusa,011,21464,2396,2378,561,2939,16
2021-09-21,Contra Costa,013,1133247,94794,94101,2010,96111,924
2021-09-21,Del Norte,015,27424,3484,3378,26,3404,34
2021-09-21,El Dorado,017,186661,14788,14578,1557,16135,127
2021-09-21,Fresno,019,978130,127280,125789,11499,137288,1892
2021-09-21,Glenn,021,27897,3187,3134,922,4056,25
2021-09-21,Humboldt,023,135768,8136,7955,422,8377,80
2021-09-21,Imperial,025,180216,31395,31185,3166,34351,755
2021-09-21,Inyo,027,18085,1690,1646,27,1673,39
2021-09-21,Kern,029,883053,117238,115534,18927,134461,1467
2021-09-21,Kings,031,150075,29008,28545,1784,30329,291
2021-09-21,Lake,033,64148,6154,6013,130,6143,90
2021-09-21,Lassen,035,31185,6337,6159,288,6447,25
2021-09-21,Los Angeles,037,10098052,1391249,1383277,54490,1437767,25893
2021-09-21,Madera,039,155013,20735,20317,1636,21953,262
2021-09-21,Marin,041,260295,16888,16748,410,17158,242
2021-09-21,Mariposa,043,17540,940,894,25,919,5
2021-09-21,Mendocino,045,87422,6767,6580,331,6911,68
2021-09-21,Merced,047,269075,38698,38225,1451,39676,539
2021-09-21,Modoc,049,8938,471,458,165,623,5
2021-09-21,Mono,051,14174,1516,1495,13,1508,3
2021-09-21,Monterey,053,433212,46798,46583,3178,49761,565
2021-09-21,Napa,055,140530,12352,12238,87,12325,95
2021-09-21,Nevada,057,99092,8368,8259,286,8545,84
2021-09-21,Orange,059,3164182,296477,293898,14448,308346,5357
2021-09-21,Placer,061,380077,34052,33609,3328,36937,365
2021-09-21,Plumas,063,18699,1255,1225,28,1253,5
2021-09-21,Riverside,065,2383286,345149,342460,16567,359027,4817
2021-09-21,Sacramento,067,1510023,148075,147378,3955,151333,2027
2021-09-21,San Benito,069,59416,6988,6950,151,7101,67
2021-09-21,San Bernardino,071,2135413,339675,337387,11072,348459,5520
2021-09-21,San Diego,073,3302833,354454,350265,20562,370827,4021
2021-09-21,San Francisco,075,870044,50047,49653,2492,52145,609
2021-09-21,San Joaquin,077,732212,93871,92762,5191,97953,1621
2021-09-21,San Luis Obispo,079,281455,27683,27318,1134,28452,314
2021-09-21,San Mateo,081,765935,51513,51136,1308,52444,568
2021-09-21,Santa Barbara,083,443738,42091,41644,1605,43249,503
2021-09-21,Santa Clara,085,1922200,140523,139657,1151,140808,1843
2021-09-21,Santa Cruz,087,273765,19342,19140,1047,20187,212
2021-09-21,Shasta,089,179085,18582,18027,3142,21169,258
2021-09-21,Sierra,091,2930,131,127,15,142,0
2021-09-21,Siskiyou,093,43540,3033,2927,1114,4041,36
2021-09-21,Solano,095,438530,43615,43220,1130,44350,311
2021-09-21,Sonoma,097,501317,39272,39042,500,39542,369
2021-09-21,Stanislaus,099,539301,73172,72211,8450,80661,1091
2021-09-21,Sutter,101,95872,13065,12930,263,13193,153
2021-09-21,Tehama,103,63373,7312,7151,1249,8400,85
2021-09-21,Trinity,105,12862,652,572,181,753,9
2021-09-21,Tulare,107,460477,61578,60607,13386,73993,896
2021-09-21,Tuolumne,109,53932,6276,6139,69,6208,89
2021-09-21,Ventura,111,848112,94354,93818,4258,98076,1120
2021-09-21,Yolo,113,214977,18507,18313,995,19308,239
2021-09-21,Yuba,115,75493,9244,9135,210,9345,61
2021-09-20,Alameda,001,1643700,114495,113637,2773,116410,1320
2021-09-20,Alpine,003,1148,101,100,0,100,0
2021-09-20,Amador,005,37829,5007,4883,53,4936,59
2021-09-20,Butte,007,227075,18610,18135,3428,21563,231
2021-09-20,Calaveras,009,45235,3499,3395,42,3437,66
2021-09-20,Colusa,011,21464,2394,2376,558,2934,16
2021-09-20,Contra Costa,013,1133247,94645,93919,2004,95923,924
2021-09-20,Del Norte,015,27424,3476,3374,25,3399,34
2021-09-20,El Dorado,017,186661,14754,14545,1546,16091,127
2021-09-20,Fresno,019,978130,126869,125287,11481,136768,1889
2021-09-20,Glenn,021,27897,3176,3112,919,4031,25
2021-09-20,Humboldt,023,135768,8100,7938,417,8355,80
2021-09-20,Imperial,025,180216,31312,31146,3165,34311,755
2021-09-20,Inyo,027,18085,1682,1641,26,1667,39
2021-09-20,Kern,029,883053,116898,115271,18793,134064,1459
2021-09-20,Kings,031,150075,28920,28471,1778,30249,285
2021-09-20,Lake,033,64148,6140,5984,129,6113,87
2021-09-20,Lassen,035,31185,6308,6132,287,6419,25
2021-09-20,Los Angeles,037,10098052,1389743,1382206,54404,1436610,25858
2021-09-20,Madera,039,155013,20684,20203,1628,21831,257
2021-09-20,Marin,041,260295,16863,16732,408,17140,242
2021-09-20,Mariposa,043,17540,929,887,25,912,5
2021-09-20,Mendocino,045,87422,6733,6568,326,6894,67
2021-09-20,Merced,047,269075,38590,38144,1441,39585,536
2021-09-20,Modoc,049,8938,470,457,163,620,5
2021-09-20,Mono,051,14174,1511,1480,13,1493,3
2021-09-20,Monterey,053,433212,46764,46506,3152,49658,565
2021-09-20,Napa,055,140530,12327,12209,86,12295,95
2021-09-20,Nevada,057,99092,8348,8228,284,8512,84
2021-09-20,Orange,059,3164182,296137,293642,14423,308065,5354
2021-09-20,Placer,061,380077,33961,33531,3313,36844,364
2021-09-20,Plumas,063,18699,1250,1211,28,1239,5
2021-09-20,Riverside,065,2383286,344650,341961,16553,358514,4802
2021-09-20,Sacramento,067,1510023,147707,147016,3921,150937,2016
2021-09-20,San Benito,069,59416,6979,6947,150,7097,67
2021-09-20,San Bernardino,071,2135413,339283,337059,11056,348115,5507
2021-09-20,San Diego,073,3302833,353780,349579,20525,370104,4009
2021-09-20,San Francisco,075,870044,49945,49559,2486,52045,605
2021-09-20,San Joaquin,077,732212,93628,92614,5178,97792,1615
2021-09-20,San Luis Obispo,079,281455,27608,27259,1125,28384,313
2021-09-20,San Mateo,081,765935,51437,51100,1298,52398,567
2021-09-20,Santa Barbara,083,443738,41995,41589,1601,43190,500
2021-09-20,Santa Clara,085,1922200,140324,139578,1149,140727,1841
2021-09-20,Santa Cruz,087,273765,19310,19121,1047,20168,211
2021-09-20,Shasta,089,179085,18483,17893,3113,21006,258
2021-09-20,Sierra,091,2930,129,126,15,141,0
2021-09-20,Siskiyou,093,43540,3012,2902,1100,4002,35
2021-09-20,Solano,095,438530,43548,43152,1123,44275,312
2021-09-20,Sonoma,097,501317,39228,38991,500,39491,369
2021-09-20,Stanislaus,099,539301,72971,72031,8431,80462,1091
2021-09-20,Sutter,101,95872,13030,12896,258,13154,153
2021-09-20,Tehama,103,63373,7280,7121,1237,8358,84
2021-09-20,Trinity,105,12862,646,568,180,748,7
2021-09-20,Tulare,107,460477,61375,60302,13331,73633,896
2021-09-20,Tuolumne,109,53932,6251,6113,68,6181,89
2021-09-20,Ventura,111,848112,94243,93700,4252,97952,1120
2021-09-20,Yolo,113,214977,18463,18287,993,19280,239
2021-09-20,Yuba,115,75493,9208,9107,208,9315,61
2021-09-19,Alameda,001,1643700,114288,113446,2769,116215,1320
2021-09-19,Alpine,003,1148,100,100,0,100,0
2021-09-19,Amador,005,37829,4967,4875,52,4927,59
2021-09-19,Butte,007,227075,18517,18063,3401,21464,230
2021-09-19,Calaveras,009,45235,3474,3390,39,3429,66
2021-09-19,Colusa,011,21464,2392,2375,556,2931,16
2021-09-19,Contra Costa,013,1133247,94461,93788,1994,95782,924
2021-09-19,Del Norte,015,27424,3449,3344,24,3368,34
2021-09-19,El Dorado,017,186661,14702,14512,1540,16052,127
2021-09-19,Fresno,019,978130,126469,124985,11451,136436,1888
2021-09-19,Glenn,021,27897,3165,3102,914,4016,25
2021-09-19,Humboldt,023,135768,8055,7914,415,8329,80
2021-09-19,Imperial,025,180216,31243,31122,3162,34284,755
2021-09-19,Inyo,027,18085,1673,1639,26,1665,39
2021-09-19,Kern,029,883053,116585,115074,18686,133760,1459
2021-09-19,Kings,031,150075,28792,28416,1769,30185,284
2021-09-19,Lake,033,64148,6109,5962,129,6091,87
2021-09-19,Lassen,035,31185,6289,6129,281,6410,25
2021-09-19,Los Angeles,037,10098052,1387782,1381200,54302,1435502,25852
2021-09-19,Madera,039,155013,20606,20161,1616,21777,257
2021-09-19,Marin,041,260295,16834,16711,406,17117,242
2021-09-19,Mariposa,043,17540,921,881,25,906,5
2021-09-19,Mendocino,045,87422,6688,6538,320,6858,67
2021-09-19,Merced,047,269075,38434,38068,1434,39502,535
2021-09-19,Modoc,049,8938,467,457,161,618,5
2021-09-19,Mono,051,14174,1506,1480,13,1493,3
2021-09-19,Monterey,053,433212,46722,46486,3139,49625,565
2021-09-19,Napa,055,140530,12306,12190,84,12274,95
2021-09-19,Nevada,057,99092,8320,8203,282,8485,84
2021-09-19,Orange,059,3164182,295773,293258,14403,307661,5354
2021-09-19,Placer,061,380077,33848,33406,3295,36701,364
2021-09-19,Plumas,063,18699,1239,1211,28,1239,5
2021-09-19,Riverside,065,2383286,344058,341566,16543,358109,4804
2021-09-19,Sacramento,067,1510023,147348,146603,3875,150478,2012
2021-09-19,San Benito,069,59416,6960,6942,150,7092,67
2021-09-19,San Bernardino,071,2135413,338797,336688,11044,347732,5506
2021-09-19,San Diego,073,3302833,353066,349225,20489,369714,4006
2021-09-19,San Francisco,075,870044,49837,49458,2478,51936,605
2021-09-19,San Joaquin,077,732212,93331,92467,5167,97634,1615
2021-09-19,San Luis Obispo,079,281455,27507,27208,1116,28324,313
2021-09-19,San Mateo,081,765935,51353,51028,1283,52311,567
2021-09-19,Santa Barbara,083,443738,41891,41512,1601,43113,500
2021-09-19,Santa Clara,085,1922200,140142,139410,1144,140554,1841
2021-09-19,Santa Cruz,087,273765,19272,19096,1047,20143,211
2021-09-19,Shasta,089,179085,18369,17813,3078,20891,258
2021-09-19,Sierra,091,2930,128,126,15,141,0
2021-09-19,Siskiyou,093,43540,2987,2882,1091,3973,35
2021-09-19,Solano,095,438530,43463,43056,1118,44174,312
2021-09-19,Sonoma,097,501317,39157,38956,496,39452,369
2021-09-19,Stanislaus,099,539301,72726,71830,8408,80238,1091
2021-09-19,Sutter,101,95872,13003,12868,251,13119,153
2021-09-19,Tehama,103,63373,7226,7081,1226,8307,84
2021-09-19,Trinity,105,12862,635,562,178,740,7
2021-09-19,Tulare,107,460477,61118,60160,13236,73396,896
2021-09-19,Tuolumne,109,53932,6209,6097,68,6165,89
2021-09-19,Ventura,111,848112,94082,93491,4245,97736,1120
2021-09-19,Yolo,113,214977,18413,18238,987,19225,239
2021-09-19,Yuba,115,75493,9182,9087,207,9294,61
2021-09-18,Alameda,001,1643700,114190,113300,2768,116068,1320
2021-09-18,Alpine,003,1148,100,100,0,100,0
2021-09-18,Amador,005,37829,4957,4850,52,4902,59
2021-09-18,Butte,007,227075,18480,17961,3387,21348,230
2021-09-18,Calaveras,009,45235,3468,3361,38,3399,66
2021-09-18,Colusa,011,21464,2392,2373,555,2928,16
2021-09-18,Contra Costa,013,1133247,94371,93656,1990,95646,924
2021-09-18,Del Norte,015,27424,3441,3326,22,3348,34
2021-09-18,El Dorado,017,186661,14679,14472,1536,16008,127
2021-09-18,Fresno,019,978130,126327,124771,11438,136209,1889
2021-09-18,Glenn,021,27897,3159,3086,913,3999,25
2021-09-18,Humboldt,023,135768,8042,7881,413,8294,80
2021-09-18,Imperial,025,180216,31219,31096,3161,34257,755
2021-09-18,Inyo,027,18085,1667,1636,26,1662,39
2021-09-18,Kern,029,883053,116432,114781,18621,133402,1459
2021-09-18,Kings,031,150075,28744,28330,1764,30094,285
2021-09-18,Lake,033,64148,6092,5936,129,6065,87
2021-09-18,Lassen,035,31185,6279,6121,278,6399,25
2021-09-18,Los Angeles,037,10098052,1387025,1379880,54250,1434130,25849
2021-09-18,Madera,039,155013,20563,20126,1607,21733,257
2021-09-18,Marin,041,260295,16817,16685,405,17090,242
2021-09-18,Mariposa,043,17540,918,871,25,896,5
2021-09-18,Mendocino,045,87422,6667,6523,320,6843,67
2021-09-18,Merced,047,269075,38397,37977,1428,39405,535
2021-09-18,Modoc,049,8938,467,457,160,617,5
2021-09-18,Mono,051,14174,1504,1480,13,1493,3
2021-09-18,Monterey,053,433212,46690,46466,3130,49596,565
2021-09-18,Napa,055,140530,12294,12168,84,12252,95
2021-09-18,Nevada,057,99092,8303,8183,282,8465,84
2021-09-18,Orange,059,3164182,295578,293005,14389,307394,5354
2021-09-18,Placer,061,380077,33777,33309,3292,36601,364
2021-09-18,Plumas,063,18699,1239,1204,28,1232,5
2021-09-18,Riverside,065,2383286,343672,341136,16530,357666,4802
2021-09-18,Sacramento,067,1510023,147166,146162,3866,150028,2016
2021-09-18,San Benito,069,59416,6955,6937,150,7087,67
2021-09-18,San Bernardino,071,2135413,338527,336380,11031,347411,5501
2021-09-18,San Diego,073,3302833,352666,348848,20479,369327,4006
2021-09-18,San Francisco,075,870044,49775,49359,2472,51831,605
2021-09-18,San Joaquin,077,732212,93222,92242,5156,97398,1615
2021-09-18,San Luis Obispo,079,281455,27470,27181,1113,28294,313
2021-09-18,San Mateo,081,765935,51304,50961,1279,52240,567
2021-09-18,Santa Barbara,083,443738,41828,41465,1601,43066,500
2021-09-18,Santa Clara,085,1922200,140021,139233,1141,140374,1841
2021-09-18,Santa Cruz,087,273765,19252,19079,1047,20126,211
2021-09-18,Shasta,089,179085,18306,17777,3060,20837,258
2021-09-18,Sierra,091,2930,127,125,15,140,0
2021-09-18,Siskiyou,093,43540,2984,2875,1085,3960,35
2021-09-18,Solano,095,438530,43423,42966,1115,44081,312
2021-09-18,Sonoma,097,501317,39124,38891,494,39385,369
2021-09-18,Stanislaus,099,539301,72579,71587,8383,79970,1091
2021-09-18,Sutter,101,95872,12989,12829,251,13080,153
2021-09-18,Tehama,103,63373,7211,7055,1218,8273,84
2021-09-18,Trinity,105,12862,633,561,178,739,7
2021-09-18,Tulare,107,460477,61044,60003,13182,73185,896
2021-09-18,Tuolumne,109,53932,6194,6069,68,6137,89
2021-09-18,Ventura,111,848112,94014,93424,4240,97664,1120
2021-09-18,Yolo,113,214977,18386,18213,981,19194,239
2021-09-18,Yuba,115,75493,9168,9061,206,9267,61
2021-09-17,Alameda,001,1643700,114070,113070,2766,115836,1320
2021-09-17,Alpine,003,1148,100,99,0,99,0
2021-09-17,Amador,005,37829,4941,4835,51,4886,58
2021-09-17,Butte,007,227075,18429,17870,3378,21248,230
2021-09-17,Calaveras,009,45235,3456,3338,37,3375,66
2021-09-17,Colusa,011,21464,2391,2369,550,2919,16
2021-09-17,Contra Costa,013,1133247,94270,93485,1987,95472,924
2021-09-17,Del Norte,015,27424,3436,3311,20,3331,34
2021-09-17,El Dorado,017,186661,14660,14421,1534,15955,127
2021-09-17,Fresno,019,978130,126109,124296,11430,135726,1882
2021-09-17,Glenn,021,27897,3145,3072,911,3983,25
2021-09-17,Humboldt,023,135768,8021,7850,413,8263,80
2021-09-17,Imperial,025,180216,31193,31031,3160,34191,755
2021-09-17,Inyo,027,18085,1659,1634,26,1660,39
2021-09-17,Kern,029,883053,116241,114303,18525,132828,1456
2021-09-17,Kings,031,150075,28679,28240,1762,30002,281
2021-09-17,Lake,033,64148,6079,5915,129,6044,87
2021-09-17,Lassen,035,31185,6264,6080,276,6356,25
2021-09-17,Los Angeles,037,10098052,1386059,1377905,54178,1432083,25820
2021-09-17,Madera,039,155013,20511,20040,1597,21637,257
2021-09-17,Marin,041,260295,16804,16658,403,17061,242
2021-09-17,Mariposa,043,17540,916,869,25,894,5
2021-09-17,Mendocino,045,87422,6648,6498,320,6818,67
2021-09-17,Merced,047,269075,38350,37803,1426,39229,533
2021-09-17,Modoc,049,8938,467,456,160,616,5
2021-09-17,Mono,051,14174,1500,1457,13,1470,3
2021-09-17,Monterey,053,433212,46670,46421,3126,49547,564
2021-09-17,Napa,055,140530,12273,12153,84,12237,95
2021-09-17,Nevada,057,99092,8288,8157,282,8439,84
2021-09-17,Orange,059,3164182,295365,292685,14371,307056,5346
2021-09-17,Placer,061,380077,33714,33188,3281,36469,362
2021-09-17,Plumas,063,18699,1233,1192,27,1219,5
2021-09-17,Riverside,065,2383286,343269,340445,16520,356965,4792
2021-09-17,Sacramento,067,1510023,146968,145985,3855,149840,1999
2021-09-17,San Benito,069,59416,6952,6929,150,7079,67
2021-09-17,San Bernardino,071,2135413,338174,335810,11024,346834,5488
2021-09-17,San Diego,073,3302833,352233,348098,20461,368559,4002
2021-09-17,San Francisco,075,870044,49725,49249,2465,51714,605
2021-09-17,San Joaquin,077,732212,93086,91977,5144,97121,1610
2021-09-17,San Luis Obispo,079,281455,27437,27102,1102,28204,311
2021-09-17,San Mateo,081,765935,51255,50854,1273,52127,564
2021-09-17,Santa Barbara,083,443738,41766,41354,1601,42955,498
2021-09-17,Santa Clara,085,1922200,139873,138939,1140,140079,1838
2021-09-17,Santa Cruz,087,273765,19227,19039,1047,20086,211
2021-09-17,Shasta,089,179085,18235,17617,3047,20664,254
2021-09-17,Sierra,091,2930,127,124,15,139,0
2021-09-17,Siskiyou,093,43540,2970,2852,1084,3936,35
2021-09-17,Solano,095,438530,43361,42898,1111,44009,312
2021-09-17,Sonoma,097,501317,39086,38808,493,39301,369
2021-09-17,Stanislaus,099,539301,72473,71408,8365,79773,1091
2021-09-17,Sutter,101,95872,12973,12799,249,13048,153
2021-09-17,Tehama,103,63373,7187,7020,1206,8226,84
2021-09-17,Trinity,105,12862,628,556,177,733,7
2021-09-17,Tulare,107,460477,60928,59689,13147,72836,895
2021-09-17,Tuolumne,109,53932,6176,6047,67,6114,89
2021-09-17,Ventura,111,848112,93902,93273,4237,97510,1116
2021-09-17,Yolo,113,214977,18355,18177,977,19154,239
2021-09-17,Yuba,115,75493,9141,9019,205,9224,61
2021-09-16,Alameda,001,1643700,113892,112770,2763,115533,1318
2021-09-16,Alpine,003,1148,100,99,0,99,0
2021-09-16,Amador,005,37829,4921,4819,51,4870,58
2021-09-16,Butte,007,227075,18355,17750,3361,21111,230
2021-09-16,Calaveras,009,45235,3422,3313,37,3350,66
2021-09-16,Colusa,011,21464,2389,2363,548,2911,16
2021-09-16,Contra Costa,013,1133247,94102,93213,1977,95190,917
2021-09-16,Del Norte,015,27424,3418,3285,20,3305,34
2021-09-16,El Dorado,017,186661,14620,14372,1526,15898,127
2021-09-16,Fresno,019,978130,125753,123853,11391,135244,1868
2021-09-16,Glenn,021,27897,3133,3068,909,3977,24
2021-09-16,Humboldt,023,135768,7987,7809,403,8212,80
2021-09-16,Imperial,025,180216,31151,30966,3151,34117,753
2021-09-16,Inyo,027,18085,1657,1623,26,1649,39
2021-09-16,Kern,029,883053,115971,113828,18457,132285,1448
2021-09-16,Kings,031,150075,28593,28114,1753,29867,280
2021-09-16,Lake,033,64148,6055,5890,126,6016,87
2021-09-16,Lassen,035,31185,6230,6028,269,6297,25
2021-09-16,Los Angeles,037,10098052,1384678,1376277,54112,1430389,25796
2021-09-16,Madera,039,155013,20435,19974,1591,21565,257
2021-09-16,Marin,041,260295,16777,16625,402,17027,242
2021-09-16,Mariposa,043,17540,910,849,25,874,6
2021-09-16,Mendocino,045,87422,6616,6445,311,6756,67
2021-09-16,Merced,047,269075,38243,37675,1423,39098,532
2021-09-16,Modoc,049,8938,465,455,160,615,5
2021-09-16,Mono,051,14174,1491,1449,13,1462,3
2021-09-16,Monterey,053,433212,46624,46342,3112,49454,562
2021-09-16,Napa,055,140530,12248,12115,80,12195,95
2021-09-16,Nevada,057,99092,8260,8121,281,8402,84
2021-09-16,Orange,059,3164182,295024,292183,14351,306534,5340
2021-09-16,Placer,061,380077,33621,33037,3259,36296,354
2021-09-16,Plumas,063,18699,1224,1178,27,1205,5
2021-09-16,Riverside,065,2383286,342739,339770,16506,356276,4786
2021-09-16,Sacramento,067,1510023,146610,145754,3822,149576,1996
2021-09-16,San Benito,069,59416,6939,6913,149,7062,67
2021-09-16,San Bernardino,071,2135413,337751,335129,11018,346147,5474
2021-09-16,San Diego,073,3302833,351608,347472,20426,367898,3994
2021-09-16,San Francisco,075,870044,49641,49133,2455,51588,605
2021-09-16,San Joaquin,077,732212,92847,91650,5098,96748,1608
2021-09-16,San Luis Obispo,079,281455,27365,27044,1098,28142,310
2021-09-16,San Mateo,081,765935,51195,50773,1256,52029,564
2021-09-16,Santa Barbara,083,443738,41700,41272,1598,42870,497
2021-09-16,Santa Clara,085,1922200,139723,138685,1136,139821,1835
2021-09-16,Santa Cruz,087,273765,19199,19011,1047,20058,211
2021-09-16,Shasta,089,179085,18111,17438,3012,20450,251
2021-09-16,Sierra,091,2930,127,123,15,138,0
2021-09-16,Siskiyou,093,43540,2951,2819,1076,3895,35
2021-09-16,Solano,095,438530,43290,42792,1105,43897,312
2021-09-16,Sonoma,097,501317,39023,38707,492,39199,369
2021-09-16,Stanislaus,099,539301,72240,71105,8349,79454,1091
2021-09-16,Sutter,101,95872,12929,12729,243,12972,152
2021-09-16,Tehama,103,63373,7148,6953,1195,8148,83
2021-09-16,Trinity,105,12862,625,547,176,723,7
2021-09-16,Tulare,107,460477,60708,59459,13072,72531,894
2021-09-16,Tuolumne,109,53932,6156,5999,66,6065,89
2021-09-16,Ventura,111,848112,93763,93087,4235,97322,1110
2021-09-16,Yolo,113,214977,18324,18135,975,19110,239
2021-09-16,Yuba,115,75493,9107,8981,202,9183,61
2021-09-15,Alameda,001,1643700,113721,112498,2755,115253,1317
2021-09-15,Alpine,003,1148,100,99,0,99,0
2021-09-15,Amador,005,37829,4913,4792,51,4843,58
2021-09-15,Butte,007,227075,18257,17664,3341,21005,228
2021-09-15,Calaveras,009,45235,3390,3293,35,3328,66
2021-09-15,Colusa,011,21464,2387,2352,545,2897,16
2021-09-15,Contra Costa,013,1133247,93922,92989,1965,94954,913
2021-09-15,Del Norte,015,27424,3405,3271,18,3289,34
2021-09-15,El Dorado,017,186661,14594,14309,1518,15827,127
2021-09-15,Fresno,019,978130,125375,123370,11356,134726,1867
2021-09-15,Glenn,021,27897,3120,3051,904,3955,20
2021-09-15,Humboldt,023,135768,7952,7754,398,8152,52
2021-09-15,Imperial,025,180216,31097,30891,3148,34039,753
2021-09-15,Inyo,027,18085,1653,1614,26,1640,39
2021-09-15,Kern,029,883053,115623,113546,18356,131902,1434
2021-09-15,Kings,031,150075,28514,27991,1743,29734,279
2021-09-15,Lake,033,64148,6023,5852,125,5977,85
2021-09-15,Lassen,035,31185,6170,6018,264,6282,25
2021-09-15,Los Angeles,037,10098052,1383187,1374307,54039,1428346,25767
2021-09-15,Madera,039,155013,20361,19880,1585,21465,257
2021-09-15,Marin,041,260295,16742,16592,397,16989,242
2021-09-15,Mariposa,043,17540,899,843,25,868,5
2021-09-15,Mendocino,045,87422,6586,6399,306,6705,66
2021-09-15,Merced,047,269075,38135,37508,1421,38929,529
2021-09-15,Modoc,049,8938,465,454,160,614,5
2021-09-15,Mono,051,14174,1487,1445,13,1458,3
2021-09-15,Monterey,053,433212,46559,46317,3095,49412,562
2021-09-15,Napa,055,140530,12227,12082,80,12162,95
2021-09-15,Nevada,057,99092,8238,8081,278,8359,84
2021-09-15,Orange,059,3164182,294701,291834,14331,306165,5328
2021-09-15,Placer,061,380077,33509,32860,3237,36097,352
2021-09-15,Plumas,063,18699,1218,1164,26,1190,5
2021-09-15,Riverside,065,2383286,342157,339077,16482,355559,4769
2021-09-15,Sacramento,067,1510023,146186,145202,3788,148990,1981
2021-09-15,San Benito,069,59416,6936,6902,149,7051,67
2021-09-15,San Bernardino,071,2135413,337293,334556,11004,345560,5470
2021-09-15,San Diego,073,3302833,350980,346933,20400,367333,3983
2021-09-15,San Francisco,075,870044,49532,48999,2449,51448,605
2021-09-15,San Joaquin,077,732212,92572,91322,5054,96376,1607
2021-09-15,San Luis Obispo,079,281455,27282,26943,1092,28035,306
2021-09-15,San Mateo,081,765935,51117,50691,1250,51941,564
2021-09-15,Santa Barbara,083,443738,41600,41077,1594,42671,497
2021-09-15,Santa Clara,085,1922200,139551,138410,1131,139541,1833
2021-09-15,Santa Cruz,087,273765,19161,18984,1045,20029,210
2021-09-15,Shasta,089,179085,18002,17317,2989,20306,250
2021-09-15,Sierra,091,2930,127,123,15,138,0
2021-09-15,Siskiyou,093,43540,2932,2804,1044,3848,35
2021-09-15,Solano,095,438530,43218,42682,1100,43782,312
2021-09-15,Sonoma,097,501317,38965,38629,492,39121,369
2021-09-15,Stanislaus,099,539301,72020,70852,8328,79180,1091
2021-09-15,Sutter,101,95872,12896,12699,238,12937,151
2021-09-15,Tehama,103,63373,7107,6894,1186,8080,79
2021-09-15,Trinity,105,12862,623,541,174,715,7
2021-09-15,Tulare,107,460477,60451,59149,13008,72157,890
2021-09-15,Tuolumne,109,53932,6130,5969,66,6035,89
2021-09-15,Ventura,111,848112,93623,92960,4230,97190,1109
2021-09-15,Yolo,113,214977,18291,18064,967,19031,239
2021-09-15,Yuba,115,75493,9073,8953,202,9155,61
2021-09-14,Alameda,001,1643700,113513,112329,2749,115078,1316
2021-09-14,Alpine,003,1148,100,98,0,98,0
2021-09-14,Amador,005,37829,4893,4790,51,4841,57
2021-09-14,Butte,007,227075,18125,17516,3317,20833,226
2021-09-14,Calaveras,009,45235,3367,3280,32,3312,66
2021-09-14,Colusa,011,21464,2383,2344,541,2885,16
2021-09-14,Contra Costa,013,1133247,93724,92822,1956,94778,908
2021-09-14,Del Norte,015,27424,3389,3252,17,3269,32
2021-09-14,El Dorado,017,186661,14542,14247,1510,15757,123
2021-09-14,Fresno,019,978130,124902,123151,11316,134467,1856
2021-09-14,Glenn,021,27897,3100,3045,899,3944,20
2021-09-14,Humboldt,023,135768,7918,7717,393,8110,52
2021-09-14,Imperial,025,180216,31046,30845,3145,33990,752
2021-09-14,Inyo,027,18085,1644,1605,26,1631,39
2021-09-14,Kern,029,883053,115244,113250,18230,131480,1428
2021-09-14,Kings,031,150075,28440,27955,1733,29688,278
2021-09-14,Lake,033,64148,5991,5845,125,5970,83
2021-09-14,Lassen,035,31185,6156,5977,259,6236,25
2021-09-14,Los Angeles,037,10098052,1381355,1372831,53953,1426784,25729
2021-09-14,Madera,039,155013,20279,19800,1578,21378,254
2021-09-14,Marin,041,260295,16715,16584,395,16979,242
2021-09-14,Mariposa,043,17540,888,834,24,858,5
2021-09-14,Mendocino,045,87422,6551,6372,294,6666,65
2021-09-14,Merced,047,269075,37985,37430,1418,38848,526
2021-09-14,Modoc,049,8938,464,453,160,613,5
2021-09-14,Mono,051,14174,1475,1440,13,1453,4
2021-09-14,Monterey,053,433212,46529,46224,3071,49295,558
2021-09-14,Napa,055,140530,12194,12070,79,12149,91
2021-09-14,Nevada,057,99092,8204,8056,278,8334,83
2021-09-14,Orange,059,3164182,294314,291423,14309,305732,5319
2021-09-14,Placer,061,380077,33382,32735,3216,35951,350
2021-09-14,Plumas,063,18699,1210,1148,26,1174,5
2021-09-14,Riverside,065,2383286,341516,338534,16451,354985,4748
2021-09-14,Sacramento,067,1510023,145824,145051,3736,148787,1977
2021-09-14,San Benito,069,59416,6927,6887,148,7035,64
2021-09-14,San Bernardino,071,2135413,336799,333968,10979,344947,5465
2021-09-14,San Diego,073,3302833,350309,346204,20355,366559,3966
2021-09-14,San Francisco,075,870044,49410,48998,2434,51432,603
2021-09-14,San Joaquin,077,732212,92333,91128,5044,96172,1596
2021-09-14,San Luis Obispo,079,281455,27210,26845,1087,27932,304
2021-09-14,San Mateo,081,765935,51028,50602,1238,51840,564
2021-09-14,Santa Barbara,083,443738,41506,40783,1585,42368,495
2021-09-14,Santa Clara,085,1922200,139321,138321,1127,139448,1828
2021-09-14,Santa Cruz,087,273765,19121,18965,1043,20008,210
2021-09-14,Shasta,089,179085,17871,17152,2969,20121,246
2021-09-14,Sierra,091,2930,127,123,15,138,0
2021-09-14,Siskiyou,093,43540,2907,2756,1027,3783,35
2021-09-14,Solano,095,438530,43136,42599,1097,43696,307
2021-09-14,Sonoma,097,501317,38897,38595,488,39083,369
2021-09-14,Stanislaus,099,539301,71763,70697,8302,78999,1091
2021-09-14,Sutter,101,95872,12854,12670,231,12901,149
2021-09-14,Tehama,103,63373,7054,6859,1178,8037,80
2021-09-14,Trinity,105,12862,617,538,173,711,7
2021-09-14,Tulare,107,460477,60200,58961,12938,71899,888
2021-09-14,Tuolumne,109,53932,6109,5951,65,6016,89
2021-09-14,Ventura,111,848112,93443,92841,4214,97055,1107
2021-09-14,Yolo,113,214977,18247,18039,962,19001,239
2021-09-14,Yuba,115,75493,9037,8928,202,9130,61
2021-09-13,Alameda,001,1643700,113296,112159,2744,114903,1309
2021-09-13,Alpine,003,1148,99,98,0,98,0
2021-09-13,Amador,005,37829,4875,4761,51,4812,56
2021-09-13,Butte,007,227075,18001,17393,3290,20683,225
2021-09-13,Calaveras,009,45235,3337,3253,30,3283,65
2021-09-13,Colusa,011,21464,2373,2346,536,2882,16
2021-09-13,Contra Costa,013,1133247,93478,92658,1951,94609,908
2021-09-13,Del Norte,015,27424,3353,3232,17,3249,28
2021-09-13,El Dorado,017,186661,14483,14194,1501,15695,119
2021-09-13,Fresno,019,978130,124435,122650,11269,133919,1853
2021-09-13,Glenn,021,27897,3093,3026,890,3916,20
2021-09-13,Humboldt,023,135768,7886,7659,390,8049,52
2021-09-13,Imperial,025,180216,30994,30802,3142,33944,751
2021-09-13,Inyo,027,18085,1637,1602,26,1628,39
2021-09-13,Kern,029,883053,114863,112930,18103,131033,1424
2021-09-13,Kings,031,150075,28329,27858,1721,29579,275
2021-09-13,Lake,033,64148,5969,5809,125,5934,82
2021-09-13,Lassen,035,31185,6120,5953,258,6211,25
2021-09-13,Los Angeles,037,10098052,1379499,1371423,53884,1425307,25703
2021-09-13,Madera,039,155013,20208,19735,1571,21306,252
2021-09-13,Marin,041,260295,16680,16557,394,16951,242
2021-09-13,Mariposa,043,17540,874,825,24,849,5
2021-09-13,Mendocino,045,87422,6518,6323,284,6607,61
2021-09-13,Merced,047,269075,37834,37291,1413,38704,521
2021-09-13,Modoc,049,8938,463,451,160,611,5
2021-09-13,Mono,051,14174,1469,1435,13,1448,3
2021-09-13,Monterey,053,433212,46448,46188,3049,49237,558
2021-09-13,Napa,055,140530,12176,12039,79,12118,91
2021-09-13,Nevada,057,99092,8178,8021,276,8297,83
2021-09-13,Orange,059,3164182,293880,291128,14291,305419,5312
2021-09-13,Placer,061,380077,33216,32617,3199,35816,343
2021-09-13,Plumas,063,18699,1198,1142,26,1168,5
2021-09-13,Riverside,065,2383286,340873,337876,16433,354309,4731
2021-09-13,Sacramento,067,1510023,145339,144537,3703,148240,1956
2021-09-13,San Benito,069,59416,6912,6867,147,7014,64
2021-09-13,San Bernardino,071,2135413,336312,333613,10955,344568,5441
2021-09-13,San Diego,073,3302833,349519,345647,20305,365952,3961
2021-09-13,San Francisco,075,870044,49282,48914,2427,51341,603
2021-09-13,San Joaquin,077,732212,92050,90966,5026,95992,1581
2021-09-13,San Luis Obispo,079,281455,27113,26805,1084,27889,300
2021-09-13,San Mateo,081,765935,50948,50525,1224,51749,564
2021-09-13,Santa Barbara,083,443738,41389,40661,1578,42239,494
2021-09-13,Santa Clara,085,1922200,139082,138152,1121,139273,1820
2021-09-13,Santa Cruz,087,273765,19081,18917,1042,19959,210
2021-09-13,Shasta,089,179085,17744,17033,2928,19961,243
2021-09-13,Sierra,091,2930,127,123,15,138,0
2021-09-13,Siskiyou,093,43540,2892,2745,1015,3760,35
2021-09-13,Solano,095,438530,43037,42501,1093,43594,306
2021-09-13,Sonoma,097,501317,38830,38513,485,38998,368
2021-09-13,Stanislaus,099,539301,71513,70477,8263,78740,1091
2021-09-13,Sutter,101,95872,12796,12624,227,12851,145
2021-09-13,Tehama,103,63373,6991,6803,1166,7969,79
2021-09-13,Trinity,105,12862,615,533,171,704,7
2021-09-13,Tulare,107,460477,59917,58768,12871,71639,887
2021-09-13,Tuolumne,109,53932,6078,5909,65,5974,89
2021-09-13,Ventura,111,848112,93292,92679,4206,96885,1107
2021-09-13,Yolo,113,214977,18206,17974,957,18931,239
2021-09-13,Yuba,115,75493,8992,8884,201,9085,61
2021-09-12,Alameda,001,1643700,113034,111961,2740,114701,1309
2021-09-12,Alpine,003,1148,99,98,0,98,0
2021-09-12,Amador,005,37829,4854,4752,51,4803,56
2021-09-12,Butte,007,227075,17858,17257,3245,20502,221
2021-09-12,Calaveras,009,45235,3305,3236,26,3262,65
2021-09-12,Colusa,011,21464,2370,2344,535,2879,16
2021-09-12,Contra Costa,013,1133247,93211,92498,1939,94437,908
2021-09-12,Del Norte,015,27424,3319,3200,17,3217,28
2021-09-12,El Dorado,017,186661,14411,14167,1484,15651,119
2021-09-12,Fresno,019,978130,123920,122407,11226,133633,1853
2021-09-12,Glenn,021,27897,3073,3016,883,3899,20
2021-09-12,Humboldt,023,135768,7816,7636,379,8015,52
2021-09-12,Imperial,025,180216,30932,30790,3136,33926,751
2021-09-12,Inyo,027,18085,1627,1596,26,1622,39
2021-09-12,Kern,029,883053,114455,112602,17940,130542,1424
2021-09-12,Kings,031,150075,28219,27764,1704,29468,274
2021-09-12,Lake,033,64148,5930,5781,123,5904,82
2021-09-12,Lassen,035,31185,6083,5943,248,6191,25
2021-09-12,Los Angeles,037,10098052,1377455,1365968,53803,1419771,25630
2021-09-12,Madera,039,155013,20121,19691,1561,21252,252
2021-09-12,Marin,041,260295,16657,16526,394,16920,242
2021-09-12,Mariposa,043,17540,863,811,24,835,5
2021-09-12,Mendocino,045,87422,6477,6283,276,6559,61
2021-09-12,Merced,047,269075,37661,37172,1402,38574,521
2021-09-12,Modoc,049,8938,463,451,159,610,5
2021-09-12,Mono,051,14174,1459,1431,13,1444,3
2021-09-12,Monterey,053,433212,46368,46167,3021,49188,558
2021-09-12,Napa,055,140530,12146,12011,79,12090,91
2021-09-12,Nevada,057,99092,8139,7987,273,8260,83
2021-09-12,Orange,059,3164182,293421,290718,14266,304984,5312
2021-09-12,Placer,061,380077,33069,32520,3173,35693,343
2021-09-12,Plumas,063,18699,1182,1138,26,1164,5
2021-09-12,Riverside,065,2383286,340188,337332,16401,353733,4731
2021-09-12,Sacramento,067,1510023,144836,144030,3661,147691,1959
2021-09-12,San Benito,069,59416,6893,6852,146,6998,64
2021-09-12,San Bernardino,071,2135413,335704,333049,10941,343990,5439
2021-09-12,San Diego,073,3302833,348696,345058,20233,365291,3942
2021-09-12,San Francisco,075,870044,49171,48819,2419,51238,603
2021-09-12,San Joaquin,077,732212,91722,90730,5018,95748,1581
2021-09-12,San Luis Obispo,079,281455,26996,26729,1071,27800,299
2021-09-12,San Mateo,081,765935,50851,50432,1210,51642,564
2021-09-12,Santa Barbara,083,443738,41283,40600,1571,42171,494
2021-09-12,Santa Clara,085,1922200,138834,137899,1117,139016,1820
2021-09-12,Santa Cruz,087,273765,19049,18892,1041,19933,210
2021-09-12,Shasta,089,179085,17582,16957,2868,19825,243
2021-09-12,Sierra,091,2930,127,123,15,138,0
2021-09-12,Siskiyou,093,43540,2865,2730,1000,3730,35
2021-09-12,Solano,095,438530,42933,42409,1088,43497,306
2021-09-12,Sonoma,097,501317,38755,38456,483,38939,368
2021-09-12,Stanislaus,099,539301,71216,70184,8225,78409,1091
2021-09-12,Sutter,101,95872,12754,12589,221,12810,145
2021-09-12,Tehama,103,63373,6927,6732,1154,7886,79
2021-09-12,Trinity,105,12862,611,529,169,698,7
2021-09-12,Tulare,107,460477,59562,58582,12806,71388,887
2021-09-12,Tuolumne,109,53932,6045,5888,65,5953,89
2021-09-12,Ventura,111,848112,93175,92496,4200,96696,1107
2021-09-12,Yolo,113,214977,18141,17943,949,18892,239
2021-09-12,Yuba,115,75493,8955,8842,201,9043,61
2021-09-11,Alameda,001,1643700,112908,111715,2738,114453,1309
2021-09-11,Alpine,003,1148,99,98,0,98,0
2021-09-11,Amador,005,37829,4841,4728,50,4778,56
2021-09-11,Butte,007,227075,17778,17218,3216,20434,221
2021-09-11,Calaveras,009,45235,3302,3208,25,3233,65
2021-09-11,Colusa,011,21464,2369,2338,532,2870,16
2021-09-11,Contra Costa,013,1133247,93093,92269,1934,94203,908
2021-09-11,Del Norte,015,27424,3303,3184,17,3201,28
2021-09-11,El Dorado,017,186661,14392,14117,1477,15594,119
2021-09-11,Fresno,019,978130,123742,122224,11203,133427,1853
2021-09-11,Glenn,021,27897,3069,3007,881,3888,20
2021-09-11,Humboldt,023,135768,7794,7615,376,7991,52
2021-09-11,Imperial,025,180216,30907,30760,3132,33892,751
2021-09-11,Inyo,027,18085,1624,1590,26,1616,39
2021-09-11,Kern,029,883053,114209,112205,17819,130024,1424
2021-09-11,Kings,031,150075,28170,27631,1698,29329,275
2021-09-11,Lake,033,64148,5910,5761,123,5884,82
2021-09-11,Lassen,035,31185,6068,5930,244,6174,25
2021-09-11,Los Angeles,037,10098052,1376494,1365831,53735,1419566,25630
2021-09-11,Madera,039,155013,20068,19648,1555,21203,252
2021-09-11,Marin,041,260295,16629,16496,393,16889,242
2021-09-11,Mariposa,043,17540,858,799,24,823,5
2021-09-11,Mendocino,045,87422,6453,6257,276,6533,61
2021-09-11,Merced,047,269075,37607,37042,1399,38441,521
2021-09-11,Modoc,049,8938,463,449,159,608,5
2021-09-11,Mono,051,14174,1455,1431,13,1444,3
2021-09-11,Monterey,053,433212,46337,46140,3013,49153,558
2021-09-11,Napa,055,140530,12123,11991,79,12070,91
2021-09-11,Nevada,057,99092,8124,7967,273,8240,83
2021-09-11,Orange,059,3164182,293122,290429,14249,304678,5306
2021-09-11,Placer,061,380077,32985,32414,3162,35576,344
2021-09-11,Plumas,063,18699,1178,1112,26,1138,5
2021-09-11,Riverside,065,2383286,339751,336585,16387,352972,4731
2021-09-11,Sacramento,067,1510023,144541,143557,3647,147204,1955
2021-09-11,San Benito,069,59416,6880,6844,146,6990,64
2021-09-11,San Bernardino,071,2135413,335361,332512,10929,343441,5430
2021-09-11,San Diego,073,3302833,348207,344355,20210,364565,3942
2021-09-11,San Francisco,075,870044,49115,48660,2413,51073,603
2021-09-11,San Joaquin,077,732212,91578,90482,5011,95493,1581
2021-09-11,San Luis Obispo,079,281455,26950,26651,1070,27721,299
2021-09-11,San Mateo,081,765935,50787,50341,1208,51549,564
2021-09-11,Santa Barbara,083,443738,41210,40451,1571,42022,494
2021-09-11,Santa Clara,085,1922200,138687,137659,1114,138773,1820
2021-09-11,Santa Cruz,087,273765,19020,18865,1041,19906,210
2021-09-11,Shasta,089,179085,17492,16877,2846,19723,243
2021-09-11,Sierra,091,2930,127,123,15,138,0
2021-09-11,Siskiyou,093,43540,2848,2717,997,3714,35
2021-09-11,Solano,095,438530,42882,42344,1085,43429,306
2021-09-11,Sonoma,097,501317,38709,38399,481,38880,368
2021-09-11,Stanislaus,099,539301,71092,69974,8209,78183,1091
2021-09-11,Sutter,101,95872,12728,12538,218,12756,145
2021-09-11,Tehama,103,63373,6906,6703,1146,7849,79
2021-09-11,Trinity,105,12862,604,526,169,695,7
2021-09-11,Tulare,107,460477,59450,58321,12759,71080,889
2021-09-11,Tuolumne,109,53932,6026,5879,62,5941,89
2021-09-11,Ventura,111,848112,93096,92328,4195,96523,1107
2021-09-11,Yolo,113,214977,18117,17906,944,18850,239
2021-09-11,Yuba,115,75493,8930,8813,201,9014,61
2021-09-10,Alameda,001,1643700,112719,111386,2737,114123,1306
2021-09-10,Alpine,003,1148,98,97,0,97,0
2021-09-10,Amador,005,37829,4829,4706,50,4756,56
2021-09-10,Butte,007,227075,17703,17051,3201,20252,222
2021-09-10,Calaveras,009,45235,3296,3183,25,3208,65
2021-09-10,Colusa,011,21464,2365,2327,529,2856,16
2021-09-10,Contra Costa,013,1133247,92972,92024,1932,93956,908
2021-09-10,Del Norte,015,27424,3288,3128,16,3144,28
2021-09-10,El Dorado,017,186661,14361,14051,1472,15523,119
2021-09-10,Fresno,019,978130,123420,121659,11185,132844,1846
2021-09-10,Glenn,021,27897,3064,2977,881,3858,20
2021-09-10,Humboldt,023,135768,7761,7543,372,7915,52
2021-09-10,Imperial,025,180216,30883,30716,3130,33846,751
2021-09-10,Inyo,027,18085,1620,1590,26,1616,39
2021-09-10,Kern,029,883053,113955,111832,17700,129532,1419
2021-09-10,Kings,031,150075,28096,27473,1690,29163,274
2021-09-10,Lake,033,64148,5894,5713,121,5834,79
2021-09-10,Lassen,035,31185,6060,5914,241,6155,25
2021-09-10,Los Angeles,037,10098052,1375289,1365709,53667,1419376,25630
2021-09-10,Madera,039,155013,20022,19520,1551,21071,252
2021-09-10,Marin,041,260295,16610,16458,390,16848,242
2021-09-10,Mariposa,043,17540,853,795,24,819,5
2021-09-10,Mendocino,045,87422,6422,6184,275,6459,61
2021-09-10,Merced,047,269075,37555,36884,1398,38282,521
2021-09-10,Modoc,049,8938,463,448,159,607,5
2021-09-10,Mono,051,14174,1452,1422,13,1435,3
2021-09-10,Monterey,053,433212,46310,46084,2994,49078,557
2021-09-10,Napa,055,140530,12099,11948,79,12027,90
2021-09-10,Nevada,057,99092,8106,7932,272,8204,83
2021-09-10,Orange,059,3164182,292820,290022,14240,304262,5302
2021-09-10,Placer,061,380077,32884,32264,3148,35412,343
2021-09-10,Plumas,063,18699,1172,1111,26,1137,5
2021-09-10,Riverside,065,2383286,339277,335988,16380,352368,4720
2021-09-10,Sacramento,067,1510023,144200,143244,3638,146882,1950
2021-09-10,San Benito,069,59416,6876,6824,146,6970,64
2021-09-10,San Bernardino,071,2135413,334941,331894,10919,342813,5422
2021-09-10,San Diego,073,3302833,347645,343173,20170,363343,3941
2021-09-10,San Francisco,075,870044,49038,48518,2404,50922,602
2021-09-10,San Joaquin,077,732212,91399,90208,5004,95212,1573
2021-09-10,San Luis Obispo,079,281455,26917,26526,1068,27594,299
2021-09-10,San Mateo,081,765935,50729,50251,1202,51453,564
2021-09-10,Santa Barbara,083,443738,41157,40321,1568,41889,492
2021-09-10,Santa Clara,085,1922200,138505,137337,1113,138450,1817
2021-09-10,Santa Cruz,087,273765,19001,18785,1040,19825,210
2021-09-10,Shasta,089,179085,17398,16667,2818,19485,242
2021-09-10,Sierra,091,2930,127,117,15,132,0
2021-09-10,Siskiyou,093,43540,2836,2702,993,3695,35
2021-09-10,Solano,095,438530,42809,42230,1077,43307,305
2021-09-10,Sonoma,097,501317,38652,38271,480,38751,368
2021-09-10,Stanislaus,099,539301,70933,69617,8186,77803,1091
2021-09-10,Sutter,101,95872,12694,12468,218,12686,145
2021-09-10,Tehama,103,63373,6872,6652,1140,7792,77
2021-09-10,Trinity,105,12862,600,524,169,693,7
2021-09-10,Tulare,107,460477,59304,57930,12713,70643,883
2021-09-10,Tuolumne,109,53932,6008,5842,61,5903,89
2021-09-10,Ventura,111,848112,93009,92145,4190,96335,1104
2021-09-10,Yolo,113,214977,18093,17825,939,18764,239
2021-09-10,Yuba,115,75493,8912,8760,200,8960,62
2021-09-09,Alameda,001,1643700,112504,111014,2729,113743,1306
2021-09-09,Alpine,003,1148,98,94,0,94,0
2021-09-09,Amador,005,37829,4808,4698,49,4747,56
2021-09-09,Butte,007,227075,17558,16874,3175,20049,221
2021-09-09,Calaveras,009,45235,3262,3165,25,3190,65
2021-09-09,Colusa,011,21464,2358,2321,527,2848,16
2021-09-09,Contra Costa,013,1133247,92763,91687,1927,93614,904
2021-09-09,Del Norte,015,27424,3265,3102,16,3118,28
2021-09-09,El Dorado,017,186661,14304,13970,1462,15432,119
2021-09-09,Fresno,019,978130,122947,121040,11153,132193,1838
2021-09-09,Glenn,021,27897,3051,2947,874,3821,20
2021-09-09,Humboldt,023,135768,7712,7471,365,7836,52
2021-09-09,Imperial,025,180216,30845,30661,3127,33788,751
2021-09-09,Inyo,027,18085,1613,1586,26,1612,39
2021-09-09,Kern,029,883053,113606,111390,17540,128930,1414
2021-09-09,Kings,031,150075,27995,27282,1679,28961,273
2021-09-09,Lake,033,64148,5870,5638,119,5757,79
2021-09-09,Lassen,035,31185,6010,5860,235,6095,25
2021-09-09,Los Angeles,037,10098052,1373431,1363735,53590,1417325,25583
2021-09-09,Madera,039,155013,19949,19401,1539,20940,252
2021-09-09,Marin,041,260295,16586,16416,387,16803,242
2021-09-09,Mariposa,043,17540,840,779,23,802,5
2021-09-09,Mendocino,045,87422,6390,6089,266,6355,61
2021-09-09,Merced,047,269075,37401,36634,1385,38019,516
2021-09-09,Modoc,049,8938,463,448,159,607,5
2021-09-09,Mono,051,14174,1446,1420,13,1433,3
2021-09-09,Monterey,053,433212,46268,45991,2971,48962,556
2021-09-09,Napa,055,140530,12068,11878,79,11957,90
2021-09-09,Nevada,057,99092,8068,7855,272,8127,82
2021-09-09,Orange,059,3164182,292416,289109,14208,303317,5299
2021-09-09,Placer,061,380077,32767,32048,3132,35180,342
2021-09-09,Plumas,063,18699,1163,1098,25,1123,5
2021-09-09,Riverside,065,2383286,338638,334774,16362,351136,4701
2021-09-09,Sacramento,067,1510023,143720,142728,3591,146319,1929
2021-09-09,San Benito,069,59416,6866,6820,145,6965,64
2021-09-09,San Bernardino,071,2135413,334381,331040,10907,341947,5417
2021-09-09,San Diego,073,3302833,346918,342149,20113,362262,3929
2021-09-09,San Francisco,075,870044,48928,48404,2391,50795,597
2021-09-09,San Joaquin,077,732212,91127,89874,4986,94860,1570
2021-09-09,San Luis Obispo,079,281455,26835,26472,1065,27537,296
2021-09-09,San Mateo,081,765935,50617,50143,1190,51333,561
2021-09-09,Santa Barbara,083,443738,41052,40180,1563,41743,490
2021-09-09,Santa Clara,085,1922200,138283,137017,1109,138126,1816
2021-09-09,Santa Cruz,087,273765,18955,18728,1040,19768,210
2021-09-09,Shasta,089,179085,17252,16401,2775,19176,238
2021-09-09,Sierra,091,2930,127,115,15,130,0
2021-09-09,Siskiyou,093,43540,2813,2683,979,3662,35
2021-09-09,Solano,095,438530,42701,42081,1073,43154,303
2021-09-09,Sonoma,097,501317,38585,38171,479,38650,360
2021-09-09,Stanislaus,099,539301,70647,69178,8154,77332,1074
2021-09-09,Sutter,101,95872,12639,12396,216,12612,144
2021-09-09,Tehama,103,63373,6818,6554,1135,7689,75
2021-09-09,Trinity,105,12862,594,523,167,690,6
2021-09-09,Tulare,107,460477,59061,57564,12653,70217,879
2021-09-09,Tuolumne,109,53932,5980,5802,60,5862,89
2021-09-09,Ventura,111,848112,92866,91610,4181,95791,1098
2021-09-09,Yolo,113,214977,18037,17724,936,18660,239
2021-09-09,Yuba,115,75493,8866,8707,197,8904,55
2021-09-08,Alameda,001,1643700,112250,110781,2725,113506,1305
2021-09-08,Alpine,003,1148,98,94,0,94,0
2021-09-08,Amador,005,37829,4796,4693,49,4742,56
2021-09-08,Butte,007,227075,17425,16775,3157,19932,220
2021-09-08,Calaveras,009,45235,3243,3157,25,3182,63
2021-09-08,Colusa,011,21464,2356,2308,525,2833,16
2021-09-08,Contra Costa,013,1133247,92493,91471,1922,93393,900
2021-09-08,Del Norte,015,27424,3241,3085,16,3101,25
2021-09-08,El Dorado,017,186661,14225,13928,1440,15368,119
2021-09-08,Fresno,019,978130,122456,120644,11103,131747,1831
2021-09-08,Glenn,021,27897,3032,2942,862,3804,20
2021-09-08,Humboldt,023,135768,7669,7438,356,7794,52
2021-09-08,Imperial,025,180216,30812,30609,3114,33723,751
2021-09-08,Inyo,027,18085,1602,1580,26,1606,39
2021-09-08,Kern,029,883053,113211,110933,17399,128332,1409
2021-09-08,Kings,031,150075,27866,27235,1664,28899,267
2021-09-08,Lake,033,64148,5840,5618,117,5735,79
2021-09-08,Lassen,035,31185,5993,5848,227,6075,25
2021-09-08,Los Angeles,037,10098052,1371371,1362029,53500,1415529,25533
2021-09-08,Madera,039,155013,19889,19352,1526,20878,252
2021-09-08,Marin,041,260295,16558,16386,386,16772,242
2021-09-08,Mariposa,043,17540,828,777,22,799,5
2021-09-08,Mendocino,045,87422,6345,6069,257,6326,61
2021-09-08,Merced,047,269075,37240,36500,1373,37873,516
2021-09-08,Modoc,049,8938,463,448,159,607,5
2021-09-08,Mono,051,14174,1443,1418,13,1431,3
2021-09-08,Monterey,053,433212,46230,45959,2953,48912,554
2021-09-08,Napa,055,140530,12033,11842,77,11919,90
2021-09-08,Nevada,057,99092,8032,7843,271,8114,82
2021-09-08,Orange,059,3164182,292015,288511,14183,302694,5290
2021-09-08,Placer,061,380077,32630,31852,3115,34967,337
2021-09-08,Plumas,063,18699,1156,1072,24,1096,5
2021-09-08,Riverside,065,2383286,337879,334037,16334,350371,4683
2021-09-08,Sacramento,067,1510023,143241,142448,3540,145988,1921
2021-09-08,San Benito,069,59416,6849,6800,144,6944,64
2021-09-08,San Bernardino,071,2135413,333779,330279,10891,341170,5411
2021-09-08,San Diego,073,3302833,345979,341437,20068,361505,3926
2021-09-08,San Francisco,075,870044,48789,48263,2388,50651,589
2021-09-08,San Joaquin,077,732212,90849,89631,4962,94593,1561
2021-09-08,San Luis Obispo,079,281455,26742,26303,1060,27363,294
2021-09-08,San Mateo,081,765935,50520,50051,1187,51238,561
2021-09-08,Santa Barbara,083,443738,40942,40000,1558,41558,490
2021-09-08,Santa Clara,085,1922200,138055,136836,1103,137939,1810
2021-09-08,Santa Cruz,087,273765,18918,18699,1040,19739,210
2021-09-08,Shasta,089,179085,17097,16227,2731,18958,234
2021-09-08,Sierra,091,2930,127,113,15,128,0
2021-09-08,Siskiyou,093,43540,2780,2643,968,3611,35
2021-09-08,Solano,095,438530,42611,41971,1070,43041,302
2021-09-08,Sonoma,097,501317,38503,38075,478,38553,360
2021-09-08,Stanislaus,099,539301,70402,68945,8117,77062,1074
2021-09-08,Sutter,101,95872,12574,12349,213,12562,144
2021-09-08,Tehama,103,63373,6751,6520,1118,7638,75
2021-09-08,Trinity,105,12862,591,520,163,683,6
2021-09-08,Tulare,107,460477,58737,57425,12596,70021,876
2021-09-08,Tuolumne,109,53932,5947,5783,58,5841,89
2021-09-08,Ventura,111,848112,92716,91345,4163,95508,1096
2021-09-08,Yolo,113,214977,17956,17680,931,18611,239
2021-09-08,Yuba,115,75493,8824,8675,195,8870,55
2021-09-07,Alameda,001,1643700,111948,110550,2718,113268,1301
2021-09-07,Alpine,003,1148,97,94,0,94,0
2021-09-07,Amador,005,37829,4769,4679,49,4728,53
2021-09-07,Butte,007,227075,17269,16723,3121,19844,220
2021-09-07,Calaveras,009,45235,3202,3140,23,3163,63
2021-09-07,Colusa,011,21464,2345,2306,524,2830,16
2021-09-07,Contra Costa,013,1133247,92233,91167,1916,93083,891
2021-09-07,Del Norte,015,27424,3227,3081,16,3097,24
2021-09-07,El Dorado,017,186661,14153,13892,1424,15316,119
2021-09-07,Fresno,019,978130,121909,120268,11050,131318,1828
2021-09-07,Glenn,021,27897,3012,2937,854,3791,20
2021-09-07,Humboldt,023,135768,7609,7397,339,7736,52
2021-09-07,Imperial,025,180216,30773,30584,3106,33690,751
2021-09-07,Inyo,027,18085,1596,1579,25,1604,39
2021-09-07,Kern,029,883053,112781,110674,17233,127907,1408
2021-09-07,Kings,031,150075,27742,27169,1646,28815,267
2021-09-07,Lake,033,64148,5798,5597,109,5706,78
2021-09-07,Lassen,035,31185,5975,5842,221,6063,21
2021-09-07,Los Angeles,037,10098052,1369152,1360407,53401,1413808,25486
2021-09-07,Madera,039,155013,19802,19316,1520,20836,249
2021-09-07,Marin,041,260295,16520,16363,386,16749,242
2021-09-07,Mariposa,043,17540,813,771,22,793,5
2021-09-07,Mendocino,045,87422,6289,6036,246,6282,61
2021-09-07,Merced,047,269075,37066,36400,1368,37768,513
2021-09-07,Modoc,049,8938,461,449,159,608,5
2021-09-07,Mono,051,14174,1434,1416,13,1429,3
2021-09-07,Monterey,053,433212,46164,45911,2922,48833,543
2021-09-07,Napa,055,140530,11991,11814,77,11891,90
2021-09-07,Nevada,057,99092,8004,7829,271,8100,82
2021-09-07,Orange,059,3164182,291589,288225,14152,302377,5274
2021-09-07,Placer,061,380077,32478,31710,3086,34796,337
2021-09-07,Plumas,063,18699,1140,1071,24,1095,5
2021-09-07,Riverside,065,2383286,337093,333390,16315,349705,4666
2021-09-07,Sacramento,067,1510023,142703,142364,3493,145857,1905
2021-09-07,San Benito,069,59416,6831,6786,144,6930,64
2021-09-07,San Bernardino,071,2135413,333040,329962,10863,340825,5407
2021-09-07,San Diego,073,3302833,344971,340709,20004,360713,3922
2021-09-07,San Francisco,075,870044,48651,48175,2380,50555,589
2021-09-07,San Joaquin,077,732212,90515,89468,4947,94415,1548
2021-09-07,San Luis Obispo,079,281455,26624,26253,1051,27304,287
2021-09-07,San Mateo,081,765935,50432,49913,1181,51094,561
2021-09-07,Santa Barbara,083,443738,40817,39957,1553,41510,489
2021-09-07,Santa Clara,085,1922200,137775,136631,1096,137727,1807
2021-09-07,Santa Cruz,087,273765,18869,18669,1037,19706,210
2021-09-07,Shasta,089,179085,16942,16096,2677,18773,226
2021-09-07,Sierra,091,2930,127,111,15,126,0
2021-09-07,Siskiyou,093,43540,2755,2607,950,3557,34
2021-09-07,Solano,095,438530,42491,41862,1066,42928,300
2021-09-07,Sonoma,097,501317,38419,38013,475,38488,358
2021-09-07,Stanislaus,099,539301,70115,68831,8094,76925,1074
2021-09-07,Sutter,101,95872,12500,12310,207,12517,138
2021-09-07,Tehama,103,63373,6699,6482,1097,7579,74
2021-09-07,Trinity,105,12862,585,517,162,679,6
2021-09-07,Tulare,107,460477,58387,57228,12514,69742,874
2021-09-07,Tuolumne,109,53932,5910,5759,58,5817,88
2021-09-07,Ventura,111,848112,92506,91246,4152,95398,1093
2021-09-07,Yolo,113,214977,17887,17653,926,18579,235
2021-09-07,Yuba,115,75493,8781,8642,190,8832,55
2021-09-06,Alameda,001,1643700,111640,110357,2709,113066,1301
2021-09-06,Alpine,003,1148,95,94,0,94,0
2021-09-06,Amador,005,37829,4753,4648,48,4696,53
2021-09-06,Butte,007,227075,17077,16588,3077,19665,218
2021-09-06,Calaveras,009,45235,3184,3122,23,3145,63
2021-09-06,Colusa,011,21464,2338,2306,519,2825,16
2021-09-06,Contra Costa,013,1133247,91940,90971,1906,92877,891
2021-09-06,Del Norte,015,27424,3186,3037,15,3052,24
2021-09-06,El Dorado,017,186661,14084,13848,1408,15256,119
2021-09-06,Fresno,019,978130,121342,119738,10991,130729,1828
2021-09-06,Glenn,021,27897,2979,2912,839,3751,20
2021-09-06,Humboldt,023,135768,7532,7320,321,7641,52
2021-09-06,Imperial,025,180216,30710,30576,3101,33677,751
2021-09-06,Inyo,027,18085,1590,1578,10,1588,39
2021-09-06,Kern,029,883053,112274,110347,17040,127387,1408
2021-09-06,Kings,031,150075,27602,27094,1628,28722,264
2021-09-06,Lake,033,64148,5734,5548,102,5650,78
2021-09-06,Lassen,035,31185,5949,5822,210,6032,21
2021-09-06,Los Angeles,037,10098052,1366783,1359348,53282,1412630,25477
2021-09-06,Madera,039,155013,19699,19191,1501,20692,249
2021-09-06,Marin,041,260295,16480,16356,386,16742,242
2021-09-06,Mariposa,043,17540,801,764,22,786,5
2021-09-06,Mendocino,045,87422,6222,5984,232,6216,61
2021-09-06,Merced,047,269075,36849,36300,1359,37659,513
2021-09-06,Modoc,049,8938,458,449,159,608,5
2021-09-06,Mono,051,14174,1431,1416,13,1429,3
2021-09-06,Monterey,053,433212,46100,45833,2877,48710,541
2021-09-06,Napa,055,140530,11948,11792,76,11868,90
2021-09-06,Nevada,057,99092,7956,7748,269,8017,82
2021-09-06,Orange,059,3164182,291093,287948,14097,302045,5274
2021-09-06,Placer,061,380077,32303,31595,3046,34641,337
2021-09-06,Plumas,063,18699,1117,1068,21,1089,5
2021-09-06,Riverside,065,2383286,336275,333052,16294,349346,4666
2021-09-06,Sacramento,067,1510023,142066,141730,3421,145151,1905
2021-09-06,San Benito,069,59416,6808,6777,141,6918,64
2021-09-06,San Bernardino,071,2135413,332158,329693,10832,340525,5398
2021-09-06,San Diego,073,3302833,343955,340222,19908,360130,3922
2021-09-06,San Francisco,075,870044,48517,48120,2374,50494,589
2021-09-06,San Joaquin,077,732212,90172,89293,4922,94215,1548
2021-09-06,San Luis Obispo,079,281455,26496,26183,1048,27231,286
2021-09-06,San Mateo,081,765935,50321,49859,1164,51023,561
2021-09-06,Santa Barbara,083,443738,40688,39876,1544,41420,489
2021-09-06,Santa Clara,085,1922200,137490,136458,1093,137551,1807
2021-09-06,Santa Cruz,087,273765,18817,18615,1034,19649,210
2021-09-06,Shasta,089,179085,16764,15985,2622,18607,226
2021-09-06,Sierra,091,2930,127,109,15,124,0
2021-09-06,Siskiyou,093,43540,2711,2595,916,3511,34
2021-09-06,Solano,095,438530,42352,41774,1060,42834,300
2021-09-06,Sonoma,097,501317,38303,37929,474,38403,358
2021-09-06,Stanislaus,099,539301,69741,68596,8046,76642,1074
2021-09-06,Sutter,101,95872,12438,12238,198,12436,138
2021-09-06,Tehama,103,63373,6637,6413,1070,7483,74
2021-09-06,Trinity,105,12862,582,515,160,675,6
2021-09-06,Tulare,107,460477,58033,57068,12433,69501,874
2021-09-06,Tuolumne,109,53932,5875,5697,58,5755,88
2021-09-06,Ventura,111,848112,92332,91132,4141,95273,1093
2021-09-06,Yolo,113,214977,17805,17576,920,18496,235
2021-09-06,Yuba,115,75493,8731,8584,186,8770,55
2021-09-05,Alameda,001,1643700,111450,110173,2706,112879,1301
2021-09-05,Alpine,003,1148,95,94,0,94,0
2021-09-05,Amador,005,37829,4741,4642,48,4690,53
2021-09-05,Butte,007,227075,16987,16504,3049,19553,218
2021-09-05,Calaveras,009,45235,3177,3106,23,3129,63
2021-09-05,Colusa,011,21464,2330,2305,517,2822,16
2021-09-05,Contra Costa,013,1133247,91756,90862,1900,92762,891
2021-09-05,Del Norte,015,27424,3165,3023,15,3038,24
2021-09-05,El Dorado,017,186661,14055,13827,1394,15221,119
2021-09-05,Fresno,019,978130,121045,119384,10957,130341,1828
2021-09-05,Glenn,021,27897,2971,2899,836,3735,20
2021-09-05,Humboldt,023,135768,7499,7312,318,7630,52
2021-09-05,Imperial,025,180216,30681,30548,3099,33647,751
2021-09-05,Inyo,027,18085,1587,1572,10,1582,39
2021-09-05,Kern,029,883053,111978,110073,16875,126948,1408
2021-09-05,Kings,031,150075,27525,26989,1624,28613,264
2021-09-05,Lake,033,64148,5714,5525,102,5627,78
2021-09-05,Lassen,035,31185,5928,5820,206,6026,21
2021-09-05,Los Angeles,037,10098052,1365501,1357748,53206,1410954,25465
2021-09-05,Madera,039,155013,19656,19155,1492,20647,249
2021-09-05,Marin,041,260295,16461,16342,385,16727,242
2021-09-05,Mariposa,043,17540,797,761,22,783,5
2021-09-05,Mendocino,045,87422,6188,5965,232,6197,61
2021-09-05,Merced,047,269075,36773,36243,1358,37601,513
2021-09-05,Modoc,049,8938,458,447,159,606,5
2021-09-05,Mono,051,14174,1431,1416,13,1429,3
2021-09-05,Monterey,053,433212,46076,45795,2864,48659,540
2021-09-05,Napa,055,140530,11923,11770,76,11846,90
2021-09-05,Nevada,057,99092,7934,7722,268,7990,82
2021-09-05,Orange,059,3164182,290807,287614,14081,301695,5274
2021-09-05,Placer,061,380077,32175,31487,3032,34519,337
2021-09-05,Plumas,063,18699,1111,1067,21,1088,5
2021-09-05,Riverside,065,2383286,335824,332604,16283,348887,4654
2021-09-05,Sacramento,067,1510023,141634,141276,3399,144675,1905
2021-09-05,San Benito,069,59416,6807,6764,141,6905,64
2021-09-05,San Bernardino,071,2135413,331775,329062,10817,339879,5392
2021-09-05,San Diego,073,3302833,343398,339427,19872,359299,3914
2021-09-05,San Francisco,075,870044,48439,48035,2369,50404,589
2021-09-05,San Joaquin,077,732212,90008,89121,4905,94026,1548
2021-09-05,San Luis Obispo,079,281455,26448,26098,1047,27145,285
2021-09-05,San Mateo,081,765935,50257,49809,1158,50967,561
2021-09-05,Santa Barbara,083,443738,40621,39762,1542,41304,489
2021-09-05,Santa Clara,085,1922200,137282,136146,1091,137237,1807
2021-09-05,Santa Cruz,087,273765,18797,18588,1032,19620,210
2021-09-05,Shasta,089,179085,16682,15960,2596,18556,226
2021-09-05,Sierra,091,2930,126,109,15,124,0
2021-09-05,Siskiyou,093,43540,2695,2585,901,3486,34
2021-09-05,Solano,095,438530,42257,41687,1055,42742,300
2021-09-05,Sonoma,097,501317,38222,37881,473,38354,358
2021-09-05,Stanislaus,099,539301,69592,68434,8022,76456,1074
2021-09-05,Sutter,101,95872,12408,12179,192,12371,138
2021-09-05,Tehama,103,63373,6612,6400,1064,7464,74
2021-09-05,Trinity,105,12862,575,505,159,664,6
2021-09-05,Tulare,107,460477,57866,56915,12388,69303,874
2021-09-05,Tuolumne,109,53932,5863,5688,58,5746,88
2021-09-05,Ventura,111,848112,92197,91004,4137,95141,1093
2021-09-05,Yolo,113,214977,17770,17557,914,18471,235
2021-09-05,Yuba,115,75493,8706,8521,184,8705,55
2021-09-04,Alameda,001,1643700,111326,109944,2699,112643,1301
2021-09-04,Alpine,003,1148,95,94,0,94,0
2021-09-04,Amador,005,37829,4723,4637,47,4684,53
2021-09-04,Butte,007,227075,16930,16403,3033,19436,218
2021-09-04,Calaveras,009,45235,3166,3087,22,3109,63
2021-09-04,Colusa,011,21464,2328,2301,517,2818,16
2021-09-04,Contra Costa,013,1133247,91643,90623,1897,92520,891
2021-09-04,Del Norte,015,27424,3154,2984,15,2999,24
2021-09-04,El Dorado,017,186661,14029,13782,1386,15168,119
2021-09-04,Fresno,019,978130,120852,119033,10941,129974,1828
2021-09-04,Glenn,021,27897,2966,2878,832,3710,20
2021-09-04,Humboldt,023,135768,7468,7298,312,7610,52
2021-09-04,Imperial,025,180216,30658,30526,3097,33623,751
2021-09-04,Inyo,027,18085,1585,1571,10,1581,39
2021-09-04,Kern,029,883053,111733,109751,16744,126495,1408
2021-09-04,Kings,031,150075,27437,26896,1618,28514,263
2021-09-04,Lake,033,64148,5696,5507,102,5609,78
2021-09-04,Lassen,035,31185,5913,5814,198,6012,21
2021-09-04,Los Angeles,037,10098052,1364561,1355634,53144,1408778,25454
2021-09-04,Madera,039,155013,19623,19112,1486,20598,249
2021-09-04,Marin,041,260295,16445,16319,384,16703,242
2021-09-04,Mariposa,043,17540,792,759,22,781,5
2021-09-04,Mendocino,045,87422,6152,5933,232,6165,61
2021-09-04,Merced,047,269075,36728,36083,1355,37438,513
2021-09-04,Modoc,049,8938,458,447,159,606,5
2021-09-04,Mono,051,14174,1431,1417,13,1430,3
2021-09-04,Monterey,053,433212,46054,45756,2851,48607,540
2021-09-04,Napa,055,140530,11898,11760,74,11834,90
2021-09-04,Nevada,057,99092,7919,7691,267,7958,82
2021-09-04,Orange,059,3164182,290545,287244,14060,301304,5274
2021-09-04,Placer,061,380077,32069,31374,3014,34388,337
2021-09-04,Plumas,063,18699,1103,1067,21,1088,5
2021-09-04,Riverside,065,2383286,335354,331958,16271,348229,4654
2021-09-04,Sacramento,067,1510023,141344,140735,3390,144125,1896
2021-09-04,San Benito,069,59416,6798,6758,141,6899,64
2021-09-04,San Bernardino,071,2135413,331443,328425,10804,339229,5393
2021-09-04,San Diego,073,3302833,342963,338748,19850,358598,3914
2021-09-04,San Francisco,075,870044,48368,47937,2356,50293,589
2021-09-04,San Joaquin,077,732212,89893,88846,4895,93741,1548
2021-09-04,San Luis Obispo,079,281455,26417,26020,1047,27067,285
2021-09-04,San Mateo,081,765935,50210,49721,1149,50870,560
2021-09-04,Santa Barbara,083,443738,40555,39667,1540,41207,489
2021-09-04,Santa Clara,085,1922200,137097,135845,1088,136933,1806
2021-09-04,Santa Cruz,087,273765,18779,18579,1028,19607,210
2021-09-04,Shasta,089,179085,16605,15924,2570,18494,226
2021-09-04,Sierra,091,2930,124,108,15,123,0
2021-09-04,Siskiyou,093,43540,2670,2563,889,3452,34
2021-09-04,Solano,095,438530,42184,41614,1053,42667,300
2021-09-04,Sonoma,097,501317,38189,37809,473,38282,358
2021-09-04,Stanislaus,099,539301,69434,68210,7998,76208,1074
2021-09-04,Sutter,101,95872,12367,12137,191,12328,138
2021-09-04,Tehama,103,63373,6587,6367,1046,7413,74
2021-09-04,Trinity,105,12862,573,497,159,656,6
2021-09-04,Tulare,107,460477,57759,56719,12345,69064,874
2021-09-04,Tuolumne,109,53932,5845,5667,56,5723,88
2021-09-04,Ventura,111,848112,92062,90904,4134,95038,1090
2021-09-04,Yolo,113,214977,17736,17522,910,18432,235
2021-09-04,Yuba,115,75493,8678,8475,183,8658,55
2021-09-03,Alameda,001,1643700,111183,109636,2698,112334,1301
2021-09-03,Alpine,003,1148,95,94,0,94,0
2021-09-03,Amador,005,37829,4701,4614,47,4661,53
2021-09-03,Butte,007,227075,16840,16259,3007,19266,215
2021-09-03,Calaveras,009,45235,3156,3069,22,3091,63
2021-09-03,Colusa,011,21464,2323,2295,516,2811,16
2021-09-03,Contra Costa,013,1133247,91492,90299,1894,92193,886
2021-09-03,Del Norte,015,27424,3126,2943,14,2957,24
2021-09-03,El Dorado,017,186661,13996,13710,1382,15092,119
2021-09-03,Fresno,019,978130,120521,118508,10926,129434,1822
2021-09-03,Glenn,021,27897,2960,2867,825,3692,20
2021-09-03,Humboldt,023,135768,7444,7194,307,7501,52
2021-09-03,Imperial,025,180216,30635,30475,3092,33567,751
2021-09-03,Inyo,027,18085,1580,1567,10,1577,39
2021-09-03,Kern,029,883053,111519,109296,16629,125925,1407
2021-09-03,Kings,031,150075,27355,26753,1613,28366,263
2021-09-03,Lake,033,64148,5676,5479,100,5579,78
2021-09-03,Lassen,035,31185,5896,5789,193,5982,21
2021-09-03,Los Angeles,037,10098052,1363237,1351185,53077,1404262,25384
2021-09-03,Madera,039,155013,19540,19021,1479,20500,247
2021-09-03,Marin,041,260295,16423,16293,383,16676,242
2021-09-03,Mariposa,043,17540,784,753,22,775,5
2021-09-03,Mendocino,045,87422,6117,5891,231,6122,61
2021-09-03,Merced,047,269075,36674,35941,1346,37287,512
2021-09-03,Modoc,049,8938,458,445,159,604,5
2021-09-03,Mono,051,14174,1430,1410,13,1423,3
2021-09-03,Monterey,053,433212,46027,45707,2836,48543,540
2021-09-03,Napa,055,140530,11877,11733,74,11807,89
2021-09-03,Nevada,057,99092,7887,7632,266,7898,82
2021-09-03,Orange,059,3164182,290224,286818,14031,300849,5253
2021-09-03,Placer,061,380077,31963,31238,2989,34227,335
2021-09-03,Plumas,063,18699,1093,1057,21,1078,5
2021-09-03,Riverside,065,2383286,334822,331011,16255,347266,4653
2021-09-03,Sacramento,067,1510023,140978,139982,3371,143353,1886
2021-09-03,San Benito,069,59416,6792,6746,141,6887,64
2021-09-03,San Bernardino,071,2135413,331035,327599,10794,338393,5381
2021-09-03,San Diego,073,3302833,342340,337627,19819,357446,3911
2021-09-03,San Francisco,075,870044,48295,47822,2347,50169,589
2021-09-03,San Joaquin,077,732212,89740,88366,4887,93253,1540
2021-09-03,San Luis Obispo,079,281455,26342,25917,1045,26962,283
2021-09-03,San Mateo,081,765935,50129,49617,1134,50751,560
2021-09-03,Santa Barbara,083,443738,40489,39507,1537,41044,489
2021-09-03,Santa Clara,085,1922200,136891,135522,1084,136606,1801
2021-09-03,Santa Cruz,087,273765,18754,18532,1028,19560,210
2021-09-03,Shasta,089,179085,16530,15778,2546,18324,226
2021-09-03,Sierra,091,2930,122,105,15,120,0
2021-09-03,Siskiyou,093,43540,2658,2529,875,3404,34
2021-09-03,Solano,095,438530,42109,41457,1050,42507,300
2021-09-03,Sonoma,097,501317,38127,37699,473,38172,358
2021-09-03,Stanislaus,099,539301,69258,67887,7971,75858,1074
2021-09-03,Sutter,101,95872,12328,12073,190,12263,139
2021-09-03,Tehama,103,63373,6549,6334,1038,7372,72
2021-09-03,Trinity,105,12862,572,490,154,644,6
2021-09-03,Tulare,107,460477,57631,56401,12292,68693,872
2021-09-03,Tuolumne,109,53932,5803,5630,56,5686,88
2021-09-03,Ventura,111,848112,91928,90742,4130,94872,1088
2021-09-03,Yolo,113,214977,17713,17446,904,18350,235
2021-09-03,Yuba,115,75493,8647,8412,182,8594,55
2021-09-02,Alameda,001,1643700,110929,109377,2694,112071,1301
2021-09-02,Alpine,003,1148,94,92,0,92,0
2021-09-02,Amador,005,37829,4685,4606,47,4653,53
2021-09-02,Butte,007,227075,16716,16154,2987,19141,215
2021-09-02,Calaveras,009,45235,3145,3042,21,3063,62
2021-09-02,Colusa,011,21464,2320,2290,514,2804,16
2021-09-02,Contra Costa,013,1133247,91312,90038,1886,91924,886
2021-09-02,Del Norte,015,27424,3095,2891,14,2905,24
2021-09-02,El Dorado,017,186661,13938,13641,1354,14995,119
2021-09-02,Fresno,019,978130,120037,117974,10889,128863,1804
2021-09-02,Glenn,021,27897,2937,2855,820,3675,20
2021-09-02,Humboldt,023,135768,7397,7141,295,7436,52
2021-09-02,Imperial,025,180216,30591,30449,3088,33537,751
2021-09-02,Inyo,027,18085,1575,1564,9,1573,39
2021-09-02,Kern,029,883053,111108,108930,16482,125412,1404
2021-09-02,Kings,031,150075,27263,26638,1603,28241,263
2021-09-02,Lake,033,64148,5646,5432,95,5527,78
2021-09-02,Lassen,035,31185,5882,5747,186,5933,21
2021-09-02,Los Angeles,037,10098052,1361384,1351105,52983,1404088,25382
2021-09-02,Madera,039,155013,19449,18937,1463,20400,247
2021-09-02,Marin,041,260295,16410,16244,381,16625,242
2021-09-02,Mariposa,043,17540,778,745,19,764,5
2021-09-02,Mendocino,045,87422,6076,5848,228,6076,61
2021-09-02,Merced,047,269075,36512,35820,1338,37158,508
2021-09-02,Modoc,049,8938,458,437,159,596,5
2021-09-02,Mono,051,14174,1430,1409,13,1422,3
2021-09-02,Monterey,053,433212,45975,45648,2809,48457,539
2021-09-02,Napa,055,140530,11848,11684,74,11758,88
2021-09-02,Nevada,057,99092,7835,7575,265,7840,82
2021-09-02,Orange,059,3164182,289767,286326,13996,300322,5240
2021-09-02,Placer,061,380077,31827,31067,2959,34026,330
2021-09-02,Plumas,063,18699,1082,1045,20,1065,5
2021-09-02,Riverside,065,2383286,334110,330190,16229,346419,4644
2021-09-02,Sacramento,067,1510023,140399,139274,3331,142605,1882
2021-09-02,San Benito,069,59416,6787,6734,140,6874,64
2021-09-02,San Bernardino,071,2135413,330428,326940,10719,337659,5369
2021-09-02,San Diego,073,3302833,341374,336382,19767,356149,3909
2021-09-02,San Francisco,075,870044,48188,47674,2341,50015,587
2021-09-02,San Joaquin,077,732212,89455,88056,4862,92918,1540
2021-09-02,San Luis Obispo,079,281455,26259,25851,1040,26891,283
2021-09-02,San Mateo,081,765935,50039,49490,1120,50610,558
2021-09-02,Santa Barbara,083,443738,40399,39386,1523,40909,486
2021-09-02,Santa Clara,085,1922200,136591,135216,1079,136295,1799
2021-09-02,Santa Cruz,087,273765,18721,18473,1026,19499,210
2021-09-02,Shasta,089,179085,16392,15670,2515,18185,224
2021-09-02,Sierra,091,2930,122,105,15,120,0
2021-09-02,Siskiyou,093,43540,2639,2513,845,3358,34
2021-09-02,Solano,095,438530,42003,41293,1047,42340,294
2021-09-02,Sonoma,097,501317,38049,37558,473,38031,352
2021-09-02,Stanislaus,099,539301,69001,67576,7949,75525,1074
2021-09-02,Sutter,101,95872,12258,11995,186,12181,138
2021-09-02,Tehama,103,63373,6490,6265,1019,7284,72
2021-09-02,Trinity,105,12862,568,484,152,636,6
2021-09-02,Tulare,107,460477,57404,56105,12237,68342,872
2021-09-02,Tuolumne,109,53932,5748,5578,56,5634,88
2021-09-02,Ventura,111,848112,91746,90610,4125,94735,1084
2021-09-02,Yolo,113,214977,17644,17357,893,18250,235
2021-09-02,Yuba,115,75493,8588,8363,182,8545,55
2021-09-01,Alameda,001,1643700,110660,109075,2689,111764,1299
2021-09-01,Alpine,003,1148,94,92,0,92,0
2021-09-01,Amador,005,37829,4669,4599,46,4645,53
2021-09-01,Butte,007,227075,16602,16046,2961,19007,215
2021-09-01,Calaveras,009,45235,3131,3023,21,3044,59
2021-09-01,Colusa,011,21464,2315,2281,514,2795,16
2021-09-01,Contra Costa,013,1133247,91085,89834,1875,91709,877
2021-09-01,Del Norte,015,27424,3062,2860,14,2874,24
2021-09-01,El Dorado,017,186661,13883,13577,1326,14903,119
2021-09-01,Fresno,019,978130,119551,117492,10838,128330,1800
2021-09-01,Glenn,021,27897,2910,2846,810,3656,20
2021-09-01,Humboldt,023,135768,7349,7090,288,7378,52
2021-09-01,Imperial,025,180216,30554,30393,3084,33477,750
2021-09-01,Inyo,027,18085,1572,1561,7,1568,39
2021-09-01,Kern,029,883053,110687,108449,16338,124787,1400
2021-09-01,Kings,031,150075,27150,26443,1591,28034,263
2021-09-01,Lake,033,64148,5604,5396,90,5486,77
2021-09-01,Lassen,035,31185,5860,5731,182,5913,21
2021-09-01,Los Angeles,037,10098052,1359166,1348589,52871,1401460,25341
2021-09-01,Madera,039,155013,19371,18852,1449,20301,247
2021-09-01,Marin,041,260295,16388,16224,376,16600,240
2021-09-01,Mariposa,043,17540,770,735,19,754,5
2021-09-01,Mendocino,045,87422,6036,5821,223,6044,59
2021-09-01,Merced,047,269075,36335,35686,1329,37015,500
2021-09-01,Modoc,049,8938,452,436,157,593,5
2021-09-01,Mono,051,14174,1430,1400,13,1413,3
2021-09-01,Monterey,053,433212,45906,45590,2783,48373,539
2021-09-01,Napa,055,140530,11817,11653,74,11727,88
2021-09-01,Nevada,057,99092,7782,7508,264,7772,82
2021-09-01,Orange,059,3164182,289296,285840,13956,299796,5233
2021-09-01,Placer,061,380077,31672,30902,2945,33847,330
2021-09-01,Plumas,063,18699,1074,1033,20,1053,5
2021-09-01,Riverside,065,2383286,333298,329388,16196,345584,4634
2021-09-01,Sacramento,067,1510023,139788,138499,3285,141784,1875
2021-09-01,San Benito,069,59416,6770,6716,140,6856,64
2021-09-01,San Bernardino,071,2135413,329783,326250,10689,336939,5364
2021-09-01,San Diego,073,3302833,340334,335302,19718,355020,3908
2021-09-01,San Francisco,075,870044,48082,47538,2331,49869,584
2021-09-01,San Joaquin,077,732212,89133,87640,4839,92479,1540
2021-09-01,San Luis Obispo,079,281455,26163,25691,1035,26726,283
2021-09-01,San Mateo,081,765935,49932,49394,1106,50500,558
2021-09-01,Santa Barbara,083,443738,40283,39263,1506,40769,483
2021-09-01,Santa Clara,085,1922200,136330,134855,1074,135929,1796
2021-09-01,Santa Cruz,087,273765,18674,18453,1024,19477,210
2021-09-01,Shasta,089,179085,16260,15552,2472,18024,221
2021-09-01,Sierra,091,2930,121,98,15,113,0
2021-09-01,Siskiyou,093,43540,2610,2482,824,3306,34
2021-09-01,Solano,095,438530,41858,41194,1042,42236,293
2021-09-01,Sonoma,097,501317,37956,37454,472,37926,352
2021-09-01,Stanislaus,099,539301,68710,67287,7919,75206,1075
2021-09-01,Sutter,101,95872,12194,11945,179,12124,136
2021-09-01,Tehama,103,63373,6456,6228,1002,7230,72
2021-09-01,Trinity,105,12862,567,482,149,631,5
2021-09-01,Tulare,107,460477,57123,55768,12201,67969,870
2021-09-01,Tuolumne,109,53932,5708,5553,56,5609,88
2021-09-01,Ventura,111,848112,91531,90471,4109,94580,1089
2021-09-01,Yolo,113,214977,17591,17264,886,18150,235
2021-09-01,Yuba,115,75493,8526,8308,182,8490,55
2021-08-31,Alameda,001,1643700,110358,108837,2682,111519,1297
2021-08-31,Alpine,003,1148,92,92,0,92,0
2021-08-31,Amador,005,37829,4648,4555,46,4601,53
2021-08-31,Butte,007,227075,16464,15896,2918,18814,216
2021-08-31,Calaveras,009,45235,3093,3008,21,3029,59
2021-08-31,Colusa,011,21464,2313,2275,512,2787,16
2021-08-31,Contra Costa,013,1133247,90792,89546,1864,91410,871
2021-08-31,Del Norte,015,27424,3025,2830,14,2844,19
2021-08-31,El Dorado,017,186661,13814,13539,1308,14847,119
2021-08-31,Fresno,019,978130,118981,117155,10772,127927,1801
2021-08-31,Glenn,021,27897,2894,2829,796,3625,20
2021-08-31,Humboldt,023,135768,7273,7030,274,7304,52
2021-08-31,Imperial,025,180216,30518,30348,3076,33424,750
2021-08-31,Inyo,027,18085,1568,1550,7,1557,39
2021-08-31,Kern,029,883053,110187,108151,16155,124306,1393
2021-08-31,Kings,031,150075,27010,26405,1576,27981,260
2021-08-31,Lake,033,64148,5561,5359,87,5446,74
2021-08-31,Lassen,035,31185,5834,5702,179,5881,21
2021-08-31,Los Angeles,037,10098052,1356664,1346686,52789,1399475,25303
2021-08-31,Madera,039,155013,19280,18811,1433,20244,247
2021-08-31,Marin,041,260295,16359,16215,373,16588,240
2021-08-31,Mariposa,043,17540,762,732,19,751,5
2021-08-31,Mendocino,045,87422,5996,5777,221,5998,59
2021-08-31,Merced,047,269075,36165,35512,1324,36836,498
2021-08-31,Modoc,049,8938,451,436,157,593,5
2021-08-31,Mono,051,14174,1414,1398,13,1411,3
2021-08-31,Monterey,053,433212,45842,45550,2750,48300,539
2021-08-31,Napa,055,140530,11770,11618,74,11692,88
2021-08-31,Nevada,057,99092,7715,7460,264,7724,82
2021-08-31,Orange,059,3164182,288700,285310,13917,299227,5229
2021-08-31,Placer,061,380077,31487,30745,2906,33651,325
2021-08-31,Plumas,063,18699,1069,1018,19,1037,5
2021-08-31,Riverside,065,2383286,332325,328556,16163,344719,4627
2021-08-31,Sacramento,067,1510023,139120,137879,3245,141124,1863
2021-08-31,San Benito,069,59416,6758,6694,138,6832,64
2021-08-31,San Bernardino,071,2135413,329044,325446,10669,336115,5350
2021-08-31,San Diego,073,3302833,339065,334377,19670,354047,3888
2021-08-31,San Francisco,075,870044,47943,47440,2308,49748,581
2021-08-31,San Joaquin,077,732212,88689,87365,4824,92189,1540
2021-08-31,San Luis Obispo,079,281455,26039,25518,1031,26549,282
2021-08-31,San Mateo,081,765935,49827,49299,1099,50398,556
2021-08-31,Santa Barbara,083,443738,40137,39091,1498,40589,481
2021-08-31,Santa Clara,085,1922200,135982,134637,1070,135707,1793
2021-08-31,Santa Cruz,087,273765,18633,18419,1021,19440,210
2021-08-31,Shasta,089,179085,16107,15368,2444,17812,220
2021-08-31,Sierra,091,2930,118,95,15,110,0
2021-08-31,Siskiyou,093,43540,2590,2435,809,3244,33
2021-08-31,Solano,095,438530,41726,41067,1035,42102,289
2021-08-31,Sonoma,097,501317,37862,37379,471,37850,352
2021-08-31,Stanislaus,099,539301,68346,67004,7885,74889,1075
2021-08-31,Sutter,101,95872,12128,11901,175,12076,136
2021-08-31,Tehama,103,63373,6396,6169,971,7140,72
2021-08-31,Trinity,105,12862,561,480,149,629,3
2021-08-31,Tulare,107,460477,56790,55567,12128,67695,870
2021-08-31,Tuolumne,109,53932,5672,5516,56,5572,88
2021-08-31,Ventura,111,848112,91315,90292,4095,94387,1081
2021-08-31,Yolo,113,214977,17512,17205,877,18082,234
2021-08-31,Yuba,115,75493,8473,8253,182,8435,54
2021-08-30,Alameda,001,1643700,110032,107734,2671,110405,1296
2021-08-30,Alpine,003,1148,92,92,0,92,0
2021-08-30,Amador,005,37829,4637,4507,46,4553,53
2021-08-30,Butte,007,227075,16313,15719,2885,18604,214
2021-08-30,Calaveras,009,45235,3074,2975,21,2996,59
2021-08-30,Colusa,011,21464,2304,2271,508,2779,16
2021-08-30,Contra Costa,013,1133247,90535,87679,1853,89532,872
2021-08-30,Del Norte,015,27424,2983,2796,13,2809,11
2021-08-30,El Dorado,017,186661,13745,13217,1291,14508,119
2021-08-30,Fresno,019,978130,118419,115867,10712,126579,1790
2021-08-30,Glenn,021,27897,2883,2804,793,3597,20
2021-08-30,Humboldt,023,135768,7219,6930,267,7197,52
2021-08-30,Imperial,025,180216,30480,30311,3071,33382,750
2021-08-30,Inyo,027,18085,1563,1544,7,1551,39
2021-08-30,Kern,029,883053,109714,107615,15985,123600,1389
2021-08-30,Kings,031,150075,26895,26236,1560,27796,259
2021-08-30,Lake,033,64148,5527,5323,83,5406,74
2021-08-30,Lassen,035,31185,5812,5667,173,5840,21
2021-08-30,Los Angeles,037,10098052,1354222,1344949,52698,1397647,25269
2021-08-30,Madera,039,155013,19199,18622,1416,20038,247
2021-08-30,Marin,041,260295,16328,16160,373,16533,240
2021-08-30,Mariposa,043,17540,756,715,18,733,5
2021-08-30,Mendocino,045,87422,5963,5721,217,5938,55
2021-08-30,Merced,047,269075,36035,35335,1322,36657,497
2021-08-30,Modoc,049,8938,449,436,156,592,5
2021-08-30,Mono,051,14174,1414,1390,13,1403,3
2021-08-30,Monterey,053,433212,45788,45463,2724,48187,539
2021-08-30,Napa,055,140530,11720,11579,72,11651,87
2021-08-30,Nevada,057,99092,7656,7356,261,7617,82
2021-08-30,Orange,059,3164182,288129,284750,13864,298614,5223
2021-08-30,Placer,061,380077,31326,29825,2881,32706,319
2021-08-30,Plumas,063,18699,1054,998,19,1017,5
2021-08-30,Riverside,065,2383286,331428,327593,16132,343725,4623
2021-08-30,Sacramento,067,1510023,138470,134571,3194,137765,1847
2021-08-30,San Benito,069,59416,6749,6663,138,6801,64
2021-08-30,San Bernardino,071,2135413,328367,324870,10639,335509,5348
2021-08-30,San Diego,073,3302833,337785,333011,19599,352610,3885
2021-08-30,San Francisco,075,870044,47808,46966,2290,49256,581
2021-08-30,San Joaquin,077,732212,88359,86203,4804,91007,1528
2021-08-30,San Luis Obispo,079,281455,25915,25422,1024,26446,280
2021-08-30,San Mateo,081,765935,49713,48839,1082,49921,554
2021-08-30,Santa Barbara,083,443738,39990,38998,1492,40490,481
2021-08-30,Santa Clara,085,1922200,135659,133281,1062,134343,1789
2021-08-30,Santa Cruz,087,273765,18578,18326,1017,19343,210
2021-08-30,Shasta,089,179085,15977,15238,2400,17638,217
2021-08-30,Sierra,091,2930,116,91,15,106,0
2021-08-30,Siskiyou,093,43540,2577,2411,798,3209,33
2021-08-30,Solano,095,438530,41586,39986,1031,41017,290
2021-08-30,Sonoma,097,501317,37759,36764,471,37235,352
2021-08-30,Stanislaus,099,539301,68003,66173,7856,74029,1074
2021-08-30,Sutter,101,95872,12057,11791,168,11959,136
2021-08-30,Tehama,103,63373,6318,6085,945,7030,71
2021-08-30,Trinity,105,12862,551,468,146,614,3
2021-08-30,Tulare,107,460477,56478,55140,12049,67189,870
2021-08-30,Tuolumne,109,53932,5626,5492,56,5548,74
2021-08-30,Ventura,111,848112,91099,90149,4083,94232,1082
2021-08-30,Yolo,113,214977,17449,17071,873,17944,231
2021-08-30,Yuba,115,75493,8399,8129,181,8310,54
2021-08-29,Alameda,001,1643700,109695,107494,2656,110150,1296
2021-08-29,Alpine,003,1148,92,92,0,92,0
2021-08-29,Amador,005,37829,4623,4501,46,4547,53
2021-08-29,Butte,007,227075,16145,15602,2847,18449,214
2021-08-29,Calaveras,009,45235,3040,2970,21,2991,59
2021-08-29,Colusa,011,21464,2294,2260,502,2762,16
2021-08-29,Contra Costa,013,1133247,90238,87439,1849,89288,872
2021-08-29,Del Norte,015,27424,2941,2752,12,2764,11
2021-08-29,El Dorado,017,186661,13690,13166,1280,14446,119
2021-08-29,Fresno,019,978130,117830,115502,10658,126160,1790
2021-08-29,Glenn,021,27897,2867,2778,787,3565,20
2021-08-29,Humboldt,023,135768,7175,6922,252,7174,52
2021-08-29,Imperial,025,180216,30419,30293,3061,33354,750
2021-08-29,Inyo,027,18085,1553,1543,6,1549,39
2021-08-29,Kern,029,883053,109271,107324,15808,123132,1389
2021-08-29,Kings,031,150075,26743,26143,1544,27687,259
2021-08-29,Lake,033,64148,5487,5293,73,5366,74
2021-08-29,Lassen,035,31185,5789,5666,169,5835,21
2021-08-29,Los Angeles,037,10098052,1351477,1342541,52580,1395121,25263
2021-08-29,Madera,039,155013,19112,18594,1400,19994,247
2021-08-29,Marin,041,260295,16298,16134,370,16504,240
2021-08-29,Mariposa,043,17540,750,709,17,726,5
2021-08-29,Mendocino,045,87422,5907,5689,204,5893,55
2021-08-29,Merced,047,269075,35797,35250,1310,36560,497
2021-08-29,Modoc,049,8938,446,436,156,592,5
2021-08-29,Mono,051,14174,1408,1387,13,1400,3
2021-08-29,Monterey,053,433212,45705,45424,2679,48103,539
2021-08-29,Napa,055,140530,11689,11552,72,11624,87
2021-08-29,Nevada,057,99092,7600,7294,260,7554,82
2021-08-29,Orange,059,3164182,287517,284432,13824,298256,5223
2021-08-29,Placer,061,380077,31153,29674,2840,32514,319
2021-08-29,Plumas,063,18699,1043,996,19,1015,5
2021-08-29,Riverside,065,2383286,330572,326987,16109,343096,4623
2021-08-29,Sacramento,067,1510023,137728,133981,3144,137125,1843
2021-08-29,San Benito,069,59416,6722,6646,138,6784,64
2021-08-29,San Bernardino,071,2135413,327581,324266,10605,334871,5347
2021-08-29,San Diego,073,3302833,336674,332014,19507,351521,3880
2021-08-29,San Francisco,075,870044,47678,46885,2273,49158,581
2021-08-29,San Joaquin,077,732212,87912,85922,4784,90706,1528
2021-08-29,San Luis Obispo,079,281455,25719,25288,1019,26307,280
2021-08-29,San Mateo,081,765935,49606,48737,1072,49809,554
2021-08-29,Santa Barbara,083,443738,39825,38900,1488,40388,481
2021-08-29,Santa Clara,085,1922200,135309,132979,1057,134036,1789
2021-08-29,Santa Cruz,087,273765,18531,18285,1015,19300,210
2021-08-29,Shasta,089,179085,15824,15198,2373,17571,217
2021-08-29,Sierra,091,2930,114,91,15,106,0
2021-08-29,Siskiyou,093,43540,2532,2407,777,3184,33
2021-08-29,Solano,095,438530,41440,39887,1026,40913,290
2021-08-29,Sonoma,097,501317,37623,36650,467,37117,352
2021-08-29,Stanislaus,099,539301,67657,65956,7822,73778,1074
2021-08-29,Sutter,101,95872,11999,11719,161,11880,136
2021-08-29,Tehama,103,63373,6248,6040,921,6961,71
2021-08-29,Trinity,105,12862,548,468,142,610,3
2021-08-29,Tulare,107,460477,56143,54974,11964,66938,870
2021-08-29,Tuolumne,109,53932,5601,5478,55,5533,74
2021-08-29,Ventura,111,848112,90843,90114,4074,94188,1082
2021-08-29,Yolo,113,214977,17350,17015,861,17876,231
2021-08-29,Yuba,115,75493,8335,8042,181,8223,54
2021-08-28,Alameda,001,1643700,109533,107007,2647,109654,1296
2021-08-28,Alpine,003,1148,92,92,0,92,0
2021-08-28,Amador,005,37829,4604,4484,46,4530,53
2021-08-28,Butte,007,227075,16087,15487,2818,18305,214
2021-08-28,Calaveras,009,45235,3032,2926,21,2947,59
2021-08-28,Colusa,011,21464,2290,2252,500,2752,16
2021-08-28,Contra Costa,013,1133247,90027,86938,1846,88784,872
2021-08-28,Del Norte,015,27424,2914,2734,11,2745,11
2021-08-28,El Dorado,017,186661,13650,13089,1274,14363,119
2021-08-28,Fresno,019,978130,117590,115079,10634,125713,1792
2021-08-28,Glenn,021,27897,2860,2773,780,3553,20
2021-08-28,Humboldt,023,135768,7140,6887,247,7134,52
2021-08-28,Imperial,025,180216,30393,30260,3057,33317,750
2021-08-28,Inyo,027,18085,1551,1539,6,1545,39
2021-08-28,Kern,029,883053,109036,107012,15662,122674,1389
2021-08-28,Kings,031,150075,26676,26059,1541,27600,257
2021-08-28,Lake,033,64148,5464,5267,69,5336,74
2021-08-28,Lassen,035,31185,5774,5665,168,5833,21
2021-08-28,Los Angeles,037,10098052,1350276,1337097,52503,1389600,25234
2021-08-28,Madera,039,155013,19062,18553,1385,19938,247
2021-08-28,Marin,041,260295,16283,16106,370,16476,240
2021-08-28,Mariposa,043,17540,748,704,17,721,5
2021-08-28,Mendocino,045,87422,5882,5658,204,5862,55
2021-08-28,Merced,047,269075,35746,35108,1306,36414,497
2021-08-28,Modoc,049,8938,446,436,155,591,5
2021-08-28,Mono,051,14174,1405,1385,13,1398,3
2021-08-28,Monterey,053,433212,45669,45394,2668,48062,539
2021-08-28,Napa,055,140530,11666,11512,71,11583,88
2021-08-28,Nevada,057,99092,7576,7238,258,7496,82
2021-08-28,Orange,059,3164182,287160,283953,13785,297738,5222
2021-08-28,Placer,061,380077,31043,29428,2827,32255,319
2021-08-28,Plumas,063,18699,1037,991,19,1010,5
2021-08-28,Riverside,065,2383286,329984,326222,16098,342320,4623
2021-08-28,Sacramento,067,1510023,137338,132985,3128,136113,1844
2021-08-28,San Benito,069,59416,6715,6636,138,6774,64
2021-08-28,San Bernardino,071,2135413,327137,323672,10596,334268,5348
2021-08-28,San Diego,073,3302833,336090,331330,19473,350803,3880
2021-08-28,San Francisco,075,870044,47605,46654,2266,48920,581
2021-08-28,San Joaquin,077,732212,87746,85481,4777,90258,1527
2021-08-28,San Luis Obispo,079,281455,25653,25138,1014,26152,280
2021-08-28,San Mateo,081,765935,49536,48575,1064,49639,554
2021-08-28,Santa Barbara,083,443738,39753,38780,1487,40267,481
2021-08-28,Santa Clara,085,1922200,135101,132488,1055,133543,1789
2021-08-28,Santa Cruz,087,273765,18514,18240,1012,19252,210
2021-08-28,Shasta,089,179085,15720,15147,2354,17501,217
2021-08-28,Sierra,091,2930,110,91,15,106,0
2021-08-28,Siskiyou,093,43540,2525,2402,765,3167,33
2021-08-28,Solano,095,438530,41391,39610,1025,40635,290
2021-08-28,Sonoma,097,501317,37550,36466,465,36931,352
2021-08-28,Stanislaus,099,539301,67496,65670,7804,73474,1074
2021-08-28,Sutter,101,95872,11978,11669,160,11829,136
2021-08-28,Tehama,103,63373,6223,6004,908,6912,71
2021-08-28,Trinity,105,12862,544,463,141,604,3
2021-08-28,Tulare,107,460477,56015,54746,11918,66664,870
2021-08-28,Tuolumne,109,53932,5585,5469,55,5524,74
2021-08-28,Ventura,111,848112,90725,89934,4072,94006,1081
2021-08-28,Yolo,113,214977,17315,16907,853,17760,231
2021-08-28,Yuba,115,75493,8302,7985,180,8165,55
2021-08-27,Alameda,001,1643700,109325,106622,2644,109266,1296
2021-08-27,Alpine,003,1148,92,92,0,92,0
2021-08-27,Amador,005,37829,4588,4458,45,4503,53
2021-08-27,Butte,007,227075,16008,15277,2798,18075,214
2021-08-27,Calaveras,009,45235,3018,2903,21,2924,59
2021-08-27,Colusa,011,21464,2284,2240,498,2738,16
2021-08-27,Contra Costa,013,1133247,89830,86386,1844,88230,872
2021-08-27,Del Norte,015,27424,2882,2695,11,2706,11
2021-08-27,El Dorado,017,186661,13612,12968,1270,14238,119
2021-08-27,Fresno,019,978130,117156,114481,10617,125098,1774
2021-08-27,Glenn,021,27897,2845,2754,771,3525,20
2021-08-27,Humboldt,023,135768,7108,6782,243,7025,52
2021-08-27,Imperial,025,180216,30373,30201,3054,33255,750
2021-08-27,Inyo,027,18085,1550,1529,6,1535,39
2021-08-27,Kern,029,883053,108743,106570,15551,122121,1385
2021-08-27,Kings,031,150075,26597,25957,1539,27496,257
2021-08-27,Lake,033,64148,5440,5228,67,5295,74
2021-08-27,Lassen,035,31185,5758,5646,163,5809,21
2021-08-27,Los Angeles,037,10098052,1348764,1337006,52435,1389441,25230
2021-08-27,Madera,039,155013,19006,18476,1372,19848,247
2021-08-27,Marin,041,260295,16267,16055,368,16423,240
2021-08-27,Mariposa,043,17540,742,690,17,707,5
2021-08-27,Mendocino,045,87422,5851,5602,203,5805,55
2021-08-27,Merced,047,269075,35692,34906,1297,36203,495
2021-08-27,Modoc,049,8938,446,434,155,589,5
2021-08-27,Mono,051,14174,1396,1385,13,1398,3
2021-08-27,Monterey,053,433212,45630,45337,2651,47988,539
2021-08-27,Napa,055,140530,11632,11460,71,11531,87
2021-08-27,Nevada,057,99092,7536,7169,256,7425,82
2021-08-27,Orange,059,3164182,286803,283407,13747,297154,5206
2021-08-27,Placer,061,380077,30913,29157,2807,31964,320
2021-08-27,Plumas,063,18699,1031,984,19,1003,5
2021-08-27,Riverside,065,2383286,329467,325379,16083,341462,4622
2021-08-27,Sacramento,067,1510023,136902,131921,3115,135036,1838
2021-08-27,San Benito,069,59416,6709,6622,138,6760,64
2021-08-27,San Bernardino,071,2135413,326613,322893,10578,333471,5342
2021-08-27,San Diego,073,3302833,335305,330162,19419,349581,3877
2021-08-27,San Francisco,075,870044,47532,46456,2245,48701,581
2021-08-27,San Joaquin,077,732212,87563,84949,4761,89710,1524
2021-08-27,San Luis Obispo,079,281455,25605,24952,1011,25963,280
2021-08-27,San Mateo,081,765935,49466,48424,1056,49480,553
2021-08-27,Santa Barbara,083,443738,39662,38675,1484,40159,480
2021-08-27,Santa Clara,085,1922200,134871,132011,1052,133063,1783
2021-08-27,Santa Cruz,087,273765,18475,18163,1008,19171,210
2021-08-27,Shasta,089,179085,15639,14996,2338,17334,217
2021-08-27,Sierra,091,2930,109,91,15,106,0
2021-08-27,Siskiyou,093,43540,2510,2358,751,3109,33
2021-08-27,Solano,095,438530,41302,39347,1021,40368,287
2021-08-27,Sonoma,097,501317,37478,36326,464,36790,342
2021-08-27,Stanislaus,099,539301,67286,65167,7765,72932,1061
2021-08-27,Sutter,101,95872,11932,11590,158,11748,135
2021-08-27,Tehama,103,63373,6190,5964,893,6857,71
2021-08-27,Trinity,105,12862,544,458,140,598,3
2021-08-27,Tulare,107,460477,55879,54443,11872,66315,870
2021-08-27,Tuolumne,109,53932,5553,5438,55,5493,74
2021-08-27,Ventura,111,848112,90597,89774,4067,93841,1076
2021-08-27,Yolo,113,214977,17276,16805,848,17653,231
2021-08-27,Yuba,115,75493,8245,7926,180,8106,54
2021-08-26,Alameda,001,1643700,109051,106146,2633,108779,1296
2021-08-26,Alpine,003,1148,92,92,0,92,0
2021-08-26,Amador,005,37829,4573,4442,44,4486,53
2021-08-26,Butte,007,227075,15874,15159,2762,17921,214
2021-08-26,Calaveras,009,45235,3009,2873,21,2894,59
2021-08-26,Colusa,011,21464,2278,2234,494,2728,16
2021-08-26,Contra Costa,013,1133247,89472,85808,1837,87645,866
2021-08-26,Del Norte,015,27424,2846,2625,11,2636,8
2021-08-26,El Dorado,017,186661,13544,12863,1255,14118,118
2021-08-26,Fresno,019,978130,116655,113854,10571,124425,1770
2021-08-26,Glenn,021,27897,2827,2740,763,3503,20
2021-08-26,Humboldt,023,135768,7050,6695,233,6928,53
2021-08-26,Imperial,025,180216,30324,30121,3046,33167,748
2021-08-26,Inyo,027,18085,1540,1521,5,1526,39
2021-08-26,Kern,029,883053,108318,106051,15403,121454,1380
2021-08-26,Kings,031,150075,26474,25838,1531,27369,260
2021-08-26,Lake,033,64148,5394,5196,64,5260,74
2021-08-26,Lassen,035,31185,5746,5626,161,5787,21
2021-08-26,Los Angeles,037,10098052,1346520,1334372,52333,1386705,25199
2021-08-26,Madera,039,155013,18936,18393,1360,19753,247
2021-08-26,Marin,041,260295,16238,15983,365,16348,240
2021-08-26,Mariposa,043,17540,732,677,17,694,5
2021-08-26,Mendocino,045,87422,5815,5533,198,5731,55
2021-08-26,Merced,047,269075,35525,34755,1276,36031,495
2021-08-26,Modoc,049,8938,446,433,155,588,5
2021-08-26,Mono,051,14174,1394,1385,13,1398,3
2021-08-26,Monterey,053,433212,45575,45265,2623,47888,539
2021-08-26,Napa,055,140530,11610,11394,70,11464,87
2021-08-26,Nevada,057,99092,7478,7086,254,7340,80
2021-08-26,Orange,059,3164182,286315,282814,13725,296539,5200
2021-08-26,Placer,061,380077,30744,28898,2781,31679,319
2021-08-26,Plumas,063,18699,1024,971,18,989,5
2021-08-26,Riverside,065,2383286,328676,324486,16062,340548,4615
2021-08-26,Sacramento,067,1510023,136374,130977,3071,134048,1827
2021-08-26,San Benito,069,59416,6700,6604,138,6742,64
2021-08-26,San Bernardino,071,2135413,325957,322100,10554,332654,5339
2021-08-26,San Diego,073,3302833,334278,328276,19354,347630,3869
2021-08-26,San Francisco,075,870044,47410,46288,2235,48523,581
2021-08-26,San Joaquin,077,732212,87186,84429,4743,89172,1513
2021-08-26,San Luis Obispo,079,281455,25457,24831,1005,25836,278
2021-08-26,San Mateo,081,765935,49345,48263,1047,49310,553
2021-08-26,Santa Barbara,083,443738,39579,38566,1483,40049,479
2021-08-26,Santa Clara,085,1922200,134546,131443,1047,132490,1782
2021-08-26,Santa Cruz,087,273765,18415,18072,1006,19078,210
2021-08-26,Shasta,089,179085,15516,14891,2310,17201,217
2021-08-26,Sierra,091,2930,107,90,15,105,0
2021-08-26,Siskiyou,093,43540,2488,2342,737,3079,33
2021-08-26,Solano,095,438530,41156,39027,1013,40040,286
2021-08-26,Sonoma,097,501317,37389,36102,464,36566,337
2021-08-26,Stanislaus,099,539301,66969,64785,7724,72509,1061
2021-08-26,Sutter,101,95872,11872,11499,155,11654,135
2021-08-26,Tehama,103,63373,6132,5913,880,6793,68
2021-08-26,Trinity,105,12862,539,450,138,588,3
2021-08-26,Tulare,107,460477,55624,54157,11819,65976,870
2021-08-26,Tuolumne,109,53932,5533,5387,55,5442,74
2021-08-26,Ventura,111,848112,90412,89595,4058,93653,1080
2021-08-26,Yolo,113,214977,17209,16727,837,17564,231
2021-08-26,Yuba,115,75493,8172,7834,178,8012,54
2021-08-25,Alameda,001,1643700,108724,105636,2625,108261,1296
2021-08-25,Alpine,003,1148,92,92,0,92,0
2021-08-25,Amador,005,37829,4558,4415,44,4459,53
2021-08-25,Butte,007,227075,15770,15039,2720,17759,214
2021-08-25,Calaveras,009,45235,2989,2851,21,2872,59
2021-08-25,Colusa,011,21464,2272,2227,485,2712,16
2021-08-25,Contra Costa,013,1133247,89090,85322,1831,87153,863
2021-08-25,Del Norte,015,27424,2801,2573,11,2584,8
2021-08-25,El Dorado,017,186661,13484,12787,1239,14026,118
2021-08-25,Fresno,019,978130,116119,113384,10528,123912,1761
2021-08-25,Glenn,021,27897,2806,2728,751,3479,20
2021-08-25,Humboldt,023,135768,6981,6653,223,6876,52
2021-08-25,Imperial,025,180216,30287,30085,3041,33126,748
2021-08-25,Inyo,027,18085,1536,1518,5,1523,39
2021-08-25,Kern,029,883053,107889,105687,15245,120932,1379
2021-08-25,Kings,031,150075,26367,25676,1524,27200,258
2021-08-25,Lake,033,64148,5364,5163,61,5224,74
2021-08-25,Lassen,035,31185,5729,5583,160,5743,21
2021-08-25,Los Angeles,037,10098052,1343928,1331400,52245,1383645,25170
2021-08-25,Madera,039,155013,18872,18311,1343,19654,247
2021-08-25,Marin,041,260295,16216,15938,359,16297,240
2021-08-25,Mariposa,043,17540,726,676,17,693,5
2021-08-25,Mendocino,045,87422,5779,5486,193,5679,53
2021-08-25,Merced,047,269075,35387,34600,1271,35871,492
2021-08-25,Modoc,049,8938,446,433,155,588,5
2021-08-25,Mono,051,14174,1390,1382,13,1395,3
2021-08-25,Monterey,053,433212,45513,45196,2596,47792,539
2021-08-25,Napa,055,140530,11576,11348,69,11417,87
2021-08-25,Nevada,057,99092,7412,7000,253,7253,77
2021-08-25,Orange,059,3164182,285796,282061,13693,295754,5193
2021-08-25,Placer,061,380077,30569,28740,2748,31488,319
2021-08-25,Plumas,063,18699,1008,962,18,980,5
2021-08-25,Riverside,065,2383286,327835,323548,16040,339588,4610
2021-08-25,Sacramento,067,1510023,135695,130046,3031,133077,1827
2021-08-25,San Benito,069,59416,6679,6587,137,6724,64
2021-08-25,San Bernardino,071,2135413,325264,321228,10533,331761,5337
2021-08-25,San Diego,073,3302833,333000,327166,19281,346447,3859
2021-08-25,San Francisco,075,870044,47266,46107,2225,48332,578
2021-08-25,San Joaquin,077,732212,86804,84002,4729,88731,1510
2021-08-25,San Luis Obispo,079,281455,25265,24607,1002,25609,276
2021-08-25,San Mateo,081,765935,49236,48153,1029,49182,553
2021-08-25,Santa Barbara,083,443738,39448,38450,1483,39933,479
2021-08-25,Santa Clara,085,1922200,134177,130995,1044,132039,1783
2021-08-25,Santa Cruz,087,273765,18354,17987,1003,18990,210
2021-08-25,Shasta,089,179085,15388,14752,2276,17028,217
2021-08-25,Sierra,091,2930,104,90,15,105,0
2021-08-25,Siskiyou,093,43540,2443,2322,718,3040,33
2021-08-25,Solano,095,438530,40992,38848,1002,39850,286
2021-08-25,Sonoma,097,501317,37265,35986,461,36447,336
2021-08-25,Stanislaus,099,539301,66679,64441,7690,72131,1061
2021-08-25,Sutter,101,95872,11804,11451,151,11602,134
2021-08-25,Tehama,103,63373,6073,5861,863,6724,68
2021-08-25,Trinity,105,12862,533,450,137,587,3
2021-08-25,Tulare,107,460477,55340,53877,11750,65627,866
2021-08-25,Tuolumne,109,53932,5507,5354,55,5409,74
2021-08-25,Ventura,111,848112,90229,89379,4044,93423,1068
2021-08-25,Yolo,113,214977,17145,16667,827,17494,231
2021-08-25,Yuba,115,75493,8106,7771,177,7948,54
2021-08-24,Alameda,001,1643700,108398,105319,2614,107933,1296
2021-08-24,Alpine,003,1148,92,92,0,92,0
2021-08-24,Amador,005,37829,4539,4380,44,4424,50
2021-08-24,Butte,007,227075,15617,14964,2685,17649,214
2021-08-24,Calaveras,009,45235,2949,2811,21,2832,59
2021-08-24,Colusa,011,21464,2264,2221,481,2702,16
2021-08-24,Contra Costa,013,1133247,88731,84963,1825,86788,857
2021-08-24,Del Norte,015,27424,2774,2543,11,2554,8
2021-08-24,El Dorado,017,186661,13408,12732,1223,13955,118
2021-08-24,Fresno,019,978130,115515,113024,10475,123499,1761
2021-08-24,Glenn,021,27897,2792,2717,743,3460,20
2021-08-24,Humboldt,023,135768,6918,6585,210,6795,52
2021-08-24,Imperial,025,180216,30226,30045,3035,33080,748
2021-08-24,Inyo,027,18085,1531,1512,5,1517,39
2021-08-24,Kern,029,883053,107430,105399,15074,120473,1375
2021-08-24,Kings,031,150075,26247,25629,1508,27137,258
2021-08-24,Lake,033,64148,5329,5135,61,5196,72
2021-08-24,Lassen,035,31185,5713,5576,158,5734,21
2021-08-24,Los Angeles,037,10098052,1341077,1328777,52142,1380919,25135
2021-08-24,Madera,039,155013,18796,18251,1326,19577,247
2021-08-24,Marin,041,260295,16180,15900,355,16255,240
2021-08-24,Mariposa,043,17540,719,670,17,687,5
2021-08-24,Mendocino,045,87422,5735,5416,186,5602,52
2021-08-24,Merced,047,269075,35219,34490,1260,35750,491
2021-08-24,Modoc,049,8938,446,432,155,587,5
2021-08-24,Mono,051,14174,1388,1382,13,1395,3
2021-08-24,Monterey,053,433212,45461,45126,2565,47691,539
2021-08-24,Napa,055,140530,11544,11299,67,11366,85
2021-08-24,Nevada,057,99092,7344,6981,249,7230,77
2021-08-24,Orange,059,3164182,285194,281461,13668,295129,5187
2021-08-24,Placer,061,380077,30366,28618,2706,31324,318
2021-08-24,Plumas,063,18699,998,953,18,971,5
2021-08-24,Riverside,065,2383286,326962,322620,16008,338628,4605
2021-08-24,Sacramento,067,1510023,135015,129542,2979,132521,1812
2021-08-24,San Benito,069,59416,6666,6576,137,6713,64
2021-08-24,San Bernardino,071,2135413,324511,320300,10502,330802,5328
2021-08-24,San Diego,073,3302833,331538,325823,19185,345008,3851
2021-08-24,San Francisco,075,870044,47098,46010,2206,48216,574
2021-08-24,San Joaquin,077,732212,86364,83684,4693,88377,1508
2021-08-24,San Luis Obispo,079,281455,25090,24443,991,25434,274
2021-08-24,San Mateo,081,765935,49099,48050,1016,49066,553
2021-08-24,Santa Barbara,083,443738,39319,38307,1482,39789,478
2021-08-24,Santa Clara,085,1922200,133752,130763,1039,131802,1779
2021-08-24,Santa Cruz,087,273765,18281,17928,996,18924,209
2021-08-24,Shasta,089,179085,15280,14664,2244,16908,217
2021-08-24,Sierra,091,2930,101,90,15,105,0
2021-08-24,Siskiyou,093,43540,2421,2294,703,2997,33
2021-08-24,Solano,095,438530,40786,38724,990,39714,283
2021-08-24,Sonoma,097,501317,37137,35849,459,36308,336
2021-08-24,Stanislaus,099,539301,66322,64195,7638,71833,1058
2021-08-24,Sutter,101,95872,11737,11384,148,11532,134
2021-08-24,Tehama,103,63373,6027,5826,848,6674,67
2021-08-24,Trinity,105,12862,523,446,129,575,3
2021-08-24,Tulare,107,460477,54988,53702,11660,65362,856
2021-08-24,Tuolumne,109,53932,5476,5287,55,5342,74
2021-08-24,Ventura,111,848112,90045,89167,4032,93199,1068
2021-08-24,Yolo,113,214977,17070,16492,814,17306,231
2021-08-24,Yuba,115,75493,8023,7723,175,7898,54
2021-08-23,Alameda,001,1643700,108003,104922,2602,107524,1294
2021-08-23,Alpine,003,1148,92,91,0,91,0
2021-08-23,Amador,005,37829,4525,4369,44,4413,50
2021-08-23,Butte,007,227075,15471,14847,2650,17497,211
2021-08-23,Calaveras,009,45235,2914,2803,21,2824,59
2021-08-23,Colusa,011,21464,2260,2206,478,2684,16
2021-08-23,Contra Costa,013,1133247,88353,84651,1819,86470,857
2021-08-23,Del Norte,015,27424,2728,2499,11,2510,8
2021-08-23,El Dorado,017,186661,13305,12684,1201,13885,118
2021-08-23,Fresno,019,978130,114959,112445,10428,122873,1759
2021-08-23,Glenn,021,27897,2774,2696,736,3432,20
2021-08-23,Humboldt,023,135768,6844,6498,194,6692,52
2021-08-23,Imperial,025,180216,30175,30011,3033,33044,748
2021-08-23,Inyo,027,18085,1524,1509,5,1514,39
2021-08-23,Kern,029,883053,106977,104995,14916,119911,1375
2021-08-23,Kings,031,150075,26116,25465,1501,26966,257
2021-08-23,Lake,033,64148,5289,5099,59,5158,69
2021-08-23,Lassen,035,31185,5701,5562,158,5720,21
2021-08-23,Los Angeles,037,10098052,1338136,1326412,52013,1378425,25096
2021-08-23,Madera,039,155013,18709,18155,1313,19468,246
2021-08-23,Marin,041,260295,16132,15856,351,16207,240
2021-08-23,Mariposa,043,17540,709,645,17,662,5
2021-08-23,Mendocino,045,87422,5668,5374,179,5553,51
2021-08-23,Merced,047,269075,35036,34322,1255,35577,488
2021-08-23,Modoc,049,8938,443,431,154,585,6
2021-08-23,Mono,051,14174,1386,1384,13,1397,3
2021-08-23,Monterey,053,433212,45384,45047,2532,47579,538
2021-08-23,Napa,055,140530,11506,11257,67,11324,85
2021-08-23,Nevada,057,99092,7264,6930,247,7177,77
2021-08-23,Orange,059,3164182,284561,280891,13632,294523,5181
2021-08-23,Placer,061,380077,30166,28540,2667,31207,314
2021-08-23,Plumas,063,18699,987,934,18,952,5
2021-08-23,Riverside,065,2383286,326049,321650,15982,337632,4598
2021-08-23,Sacramento,067,1510023,134227,128969,2909,131878,1807
2021-08-23,San Benito,069,59416,6648,6562,135,6697,64
2021-08-23,San Bernardino,071,2135413,323711,319577,10461,330038,5324
2021-08-23,San Diego,073,3302833,330079,324536,19082,343618,3848
2021-08-23,San Francisco,075,870044,46952,45945,2190,48135,573
2021-08-23,San Joaquin,077,732212,85938,83466,4660,88126,1499
2021-08-23,San Luis Obispo,079,281455,24908,24317,989,25306,274
2021-08-23,San Mateo,081,765935,48967,47935,1006,48941,553
2021-08-23,Santa Barbara,083,443738,39142,38181,1480,39661,478
2021-08-23,Santa Clara,085,1922200,133354,130489,1034,131523,1778
2021-08-23,Santa Cruz,087,273765,18225,17871,993,18864,209
2021-08-23,Shasta,089,179085,15155,14537,2204,16741,216
2021-08-23,Sierra,091,2930,101,90,15,105,0
2021-08-23,Siskiyou,093,43540,2400,2274,682,2956,33
2021-08-23,Solano,095,438530,40639,38612,982,39594,283
2021-08-23,Sonoma,097,501317,37018,35769,457,36226,336
2021-08-23,Stanislaus,099,539301,65970,63922,7599,71521,1058
2021-08-23,Sutter,101,95872,11648,11314,140,11454,133
2021-08-23,Tehama,103,63373,5973,5805,830,6635,67
2021-08-23,Trinity,105,12862,520,435,126,561,3
2021-08-23,Tulare,107,460477,54683,53370,11586,64956,856
2021-08-23,Tuolumne,109,53932,5434,5240,55,5295,73
2021-08-23,Ventura,111,848112,89827,88960,4020,92980,1063
2021-08-23,Yolo,113,214977,16983,16445,798,17243,226
2021-08-23,Yuba,115,75493,7952,7653,173,7826,54
2021-08-22,Alameda,001,1643700,107562,104539,2563,107102,1294
2021-08-22,Alpine,003,1148,92,91,0,91,0
2021-08-22,Amador,005,37829,4496,4349,44,4393,50
2021-08-22,Butte,007,227075,15333,14791,2612,17403,211
2021-08-22,Calaveras,009,45235,2874,2771,21,2792,59
2021-08-22,Colusa,011,21464,2252,2201,472,2673,16
2021-08-22,Contra Costa,013,1133247,87814,84371,1804,86175,857
2021-08-22,Del Norte,015,27424,2668,2455,11,2466,8
2021-08-22,El Dorado,017,186661,13200,12629,1181,13810,118
2021-08-22,Fresno,019,978130,114361,112057,10365,122422,1759
2021-08-22,Glenn,021,27897,2753,2678,721,3399,20
2021-08-22,Humboldt,023,135768,6767,6483,175,6658,52
2021-08-22,Imperial,025,180216,30117,29993,3029,33022,748
2021-08-22,Inyo,027,18085,1518,1505,5,1510,39
2021-08-22,Kern,029,883053,106454,104691,14758,119449,1375
2021-08-22,Kings,031,150075,25959,25391,1482,26873,257
2021-08-22,Lake,033,64148,5243,5069,56,5125,69
2021-08-22,Lassen,035,31185,5669,5556,153,5709,21
2021-08-22,Los Angeles,037,10098052,1334843,1324151,51879,1376030,25089
2021-08-22,Madera,039,155013,18590,18120,1302,19422,246
2021-08-22,Marin,041,260295,16080,15822,343,16165,240
2021-08-22,Mariposa,043,17540,699,638,15,653,5
2021-08-22,Mendocino,045,87422,5610,5336,179,5515,51
2021-08-22,Merced,047,269075,34833,34234,1242,35476,488
2021-08-22,Modoc,049,8938,442,431,154,585,6
2021-08-22,Mono,051,14174,1385,1378,13,1391,3
2021-08-22,Monterey,053,433212,45297,45017,2506,47523,538
2021-08-22,Napa,055,140530,11461,11231,67,11298,85
2021-08-22,Nevada,057,99092,7190,6864,245,7109,77
2021-08-22,Orange,059,3164182,283874,280390,13585,293975,5181
2021-08-22,Placer,061,380077,29959,28395,2629,31024,314
2021-08-22,Plumas,063,18699,965,923,17,940,5
2021-08-22,Riverside,065,2383286,325029,320836,15931,336767,4594
2021-08-22,Sacramento,067,1510023,133456,128231,2863,131094,1802
2021-08-22,San Benito,069,59416,6631,6550,135,6685,64
2021-08-22,San Bernardino,071,2135413,322744,318839,10425,329264,5324
2021-08-22,San Diego,073,3302833,328751,323591,18977,342568,3848
2021-08-22,San Francisco,075,870044,46792,45831,2172,48003,573
2021-08-22,San Joaquin,077,732212,85483,83121,4624,87745,1498
2021-08-22,San Luis Obispo,079,281455,24703,24250,982,25232,274
2021-08-22,San Mateo,081,765935,48825,47821,971,48792,553
2021-08-22,Santa Barbara,083,443738,38962,38099,1471,39570,478
2021-08-22,Santa Clara,085,1922200,132936,130189,1027,131216,1778
2021-08-22,Santa Cruz,087,273765,18164,17823,988,18811,209
2021-08-22,Shasta,089,179085,15016,14478,2168,16646,216
2021-08-22,Sierra,091,2930,101,87,15,102,0
2021-08-22,Siskiyou,093,43540,2371,2261,664,2925,33
2021-08-22,Solano,095,438530,40446,38489,969,39458,283
2021-08-22,Sonoma,097,501317,36862,35676,454,36130,336
2021-08-22,Stanislaus,099,539301,65609,63683,7503,71186,1058
2021-08-22,Sutter,101,95872,11566,11251,136,11387,133
2021-08-22,Tehama,103,63373,5928,5791,810,6601,67
2021-08-22,Trinity,105,12862,513,433,124,557,3
2021-08-22,Tulare,107,460477,54366,53220,11498,64718,856
2021-08-22,Tuolumne,109,53932,5392,5214,55,5269,73
2021-08-22,Ventura,111,848112,89618,88791,4003,92794,1063
2021-08-22,Yolo,113,214977,16882,16374,788,17162,226
2021-08-22,Yuba,115,75493,7878,7626,172,7798,54
2021-08-21,Alameda,001,1643700,107363,104281,2554,106835,1294
2021-08-21,Alpine,003,1148,92,91,0,91,0
2021-08-21,Amador,005,37829,4486,4338,42,4380,50
2021-08-21,Butte,007,227075,15265,14714,2590,17304,211
2021-08-21,Calaveras,009,45235,2861,2744,21,2765,59
2021-08-21,Colusa,011,21464,2247,2192,467,2659,16
2021-08-21,Contra Costa,013,1133247,87558,84136,1798,85934,857
2021-08-21,Del Norte,015,27424,2645,2409,11,2420,8
2021-08-21,El Dorado,017,186661,13156,12590,1177,13767,118
2021-08-21,Fresno,019,978130,114166,111765,10351,122116,1759
2021-08-21,Glenn,021,27897,2743,2654,714,3368,20
2021-08-21,Humboldt,023,135768,6730,6446,168,6614,52
2021-08-21,Imperial,025,180216,30074,29976,3026,33002,748
2021-08-21,Inyo,027,18085,1515,1500,5,1505,39
2021-08-21,Kern,029,883053,106199,104443,14632,119075,1375
2021-08-21,Kings,031,150075,25888,25313,1477,26790,257
2021-08-21,Lake,033,64148,5223,5055,54,5109,69
2021-08-21,Lassen,035,31185,5655,5553,153,5706,21
2021-08-21,Los Angeles,037,10098052,1333561,1321308,51788,1373096,25080
2021-08-21,Madera,039,155013,18553,18067,1296,19363,246
2021-08-21,Marin,041,260295,16046,15775,341,16116,240
2021-08-21,Mariposa,043,17540,689,634,15,649,5
2021-08-21,Mendocino,045,87422,5565,5307,178,5485,51
2021-08-21,Merced,047,269075,34728,34148,1237,35385,488
2021-08-21,Modoc,049,8938,442,430,154,584,6
2021-08-21,Mono,051,14174,1385,1378,13,1391,3
2021-08-21,Monterey,053,433212,45259,44969,2491,47460,538
2021-08-21,Napa,055,140530,11426,11211,67,11278,85
2021-08-21,Nevada,057,99092,7146,6810,244,7054,77
2021-08-21,Orange,059,3164182,283428,279855,13551,293406,5181
2021-08-21,Placer,061,380077,29822,28289,2604,30893,314
2021-08-21,Plumas,063,18699,961,916,16,932,5
2021-08-21,Riverside,065,2383286,324450,320086,15917,336003,4594
2021-08-21,Sacramento,067,1510023,132957,127751,2851,130602,1809
2021-08-21,San Benito,069,59416,6621,6542,134,6676,64
2021-08-21,San Bernardino,071,2135413,322294,318293,10405,328698,5324
2021-08-21,San Diego,073,3302833,328085,322620,18937,341557,3848
2021-08-21,San Francisco,075,870044,46697,45637,2157,47794,573
2021-08-21,San Joaquin,077,732212,85267,82825,4610,87435,1498
2021-08-21,San Luis Obispo,079,281455,24648,24169,982,25151,273
2021-08-21,San Mateo,081,765935,48734,47685,965,48650,553
2021-08-21,Santa Barbara,083,443738,38882,37951,1467,39418,478
2021-08-21,Santa Clara,085,1922200,132671,129911,1023,130934,1778
2021-08-21,Santa Cruz,087,273765,18127,17763,983,18746,209
2021-08-21,Shasta,089,179085,14942,14417,2154,16571,217
2021-08-21,Sierra,091,2930,96,85,15,100,0
2021-08-21,Siskiyou,093,43540,2358,2246,652,2898,33
2021-08-21,Solano,095,438530,40338,38423,959,39382,281
2021-08-21,Sonoma,097,501317,36775,35582,453,36035,336
2021-08-21,Stanislaus,099,539301,65417,63512,7484,70996,1058
2021-08-21,Sutter,101,95872,11521,11204,134,11338,133
2021-08-21,Tehama,103,63373,5903,5757,803,6560,67
2021-08-21,Trinity,105,12862,508,431,122,553,3
2021-08-21,Tulare,107,460477,54222,53045,11453,64498,857
2021-08-21,Tuolumne,109,53932,5361,5193,55,5248,73
2021-08-21,Ventura,111,848112,89474,88558,3988,92546,1063
2021-08-21,Yolo,113,214977,16835,16322,782,17104,226
2021-08-21,Yuba,115,75493,7832,7580,171,7751,54
2021-08-20,Alameda,001,1643700,107121,103812,2545,106357,1294
2021-08-20,Alpine,003,1148,92,91,0,91,0
2021-08-20,Amador,005,37829,4460,4323,42,4365,50
2021-08-20,Butte,007,227075,15193,14617,2568,17185,211
2021-08-20,Calaveras,009,45235,2846,2717,21,2738,59
2021-08-20,Colusa,011,21464,2242,2178,465,2643,16
2021-08-20,Contra Costa,013,1133247,87285,83721,1791,85512,857
2021-08-20,Del Norte,015,27424,2613,2316,11,2327,8
2021-08-20,El Dorado,017,186661,13118,12495,1169,13664,118
2021-08-20,Fresno,019,978130,113816,111315,10317,121632,1759
2021-08-20,Glenn,021,27897,2736,2642,709,3351,20
2021-08-20,Humboldt,023,135768,6679,6349,163,6512,52
2021-08-20,Imperial,025,180216,30051,29934,3026,32960,747
2021-08-20,Inyo,027,18085,1509,1495,5,1500,39
2021-08-20,Kern,029,883053,105917,104048,14500,118548,1373
2021-08-20,Kings,031,150075,25823,25241,1474,26715,256
2021-08-20,Lake,033,64148,5208,5024,51,5075,69
2021-08-20,Lassen,035,31185,5635,5539,153,5692,21
2021-08-20,Los Angeles,037,10098052,1331697,1317541,51686,1369227,25049
2021-08-20,Madera,039,155013,18506,18018,1280,19298,246
2021-08-20,Marin,041,260295,16028,15727,337,16064,240
2021-08-20,Mariposa,043,17540,684,630,15,645,5
2021-08-20,Mendocino,045,87422,5520,5241,176,5417,51
2021-08-20,Merced,047,269075,34662,34035,1229,35264,486
2021-08-20,Modoc,049,8938,442,429,154,583,6
2021-08-20,Mono,051,14174,1384,1368,13,1381,3
2021-08-20,Monterey,053,433212,45229,44890,2477,47367,538
2021-08-20,Napa,055,140530,11394,11152,67,11219,83
2021-08-20,Nevada,057,99092,7105,6753,237,6990,77
2021-08-20,Orange,059,3164182,282985,279193,13530,292723,5179
2021-08-20,Placer,061,380077,29727,28156,2575,30731,313
2021-08-20,Plumas,063,18699,953,908,16,924,5
2021-08-20,Riverside,065,2383286,323755,319072,15886,334958,4594
2021-08-20,Sacramento,067,1510023,132481,127226,2833,130059,1797
2021-08-20,San Benito,069,59416,6607,6508,134,6642,64
2021-08-20,San Bernardino,071,2135413,321683,317372,10376,327748,5322
2021-08-20,San Diego,073,3302833,327181,321102,18869,339971,3846
2021-08-20,San Francisco,075,870044,46605,45432,2137,47569,573
2021-08-20,San Joaquin,077,732212,85040,82419,4592,87011,1496
2021-08-20,San Luis Obispo,079,281455,24570,23986,978,24964,273
2021-08-20,San Mateo,081,765935,48628,47561,955,48516,551
2021-08-20,Santa Barbara,083,443738,38799,37794,1461,39255,477
2021-08-20,Santa Clara,085,1922200,132390,129510,1018,130528,1774
2021-08-20,Santa Cruz,087,273765,18087,17701,980,18681,209
2021-08-20,Shasta,089,179085,14863,14277,2135,16412,215
2021-08-20,Sierra,091,2930,94,83,15,98,0
2021-08-20,Siskiyou,093,43540,2342,2226,647,2873,33
2021-08-20,Solano,095,438530,40198,38214,948,39162,277
2021-08-20,Sonoma,097,501317,36706,35416,452,35868,336
2021-08-20,Stanislaus,099,539301,65214,63219,7461,70680,1047
2021-08-20,Sutter,101,95872,11465,11136,133,11269,133
2021-08-20,Tehama,103,63373,5887,5730,791,6521,66
2021-08-20,Trinity,105,12862,508,422,121,543,3
2021-08-20,Tulare,107,460477,54090,52855,11410,64265,856
2021-08-20,Tuolumne,109,53932,5337,5153,54,5207,73
2021-08-20,Ventura,111,848112,89308,88285,3985,92270,1061
2021-08-20,Yolo,113,214977,16782,16236,776,17012,225
2021-08-20,Yuba,115,75493,7792,7523,171,7694,54
2021-08-19,Alameda,001,1643700,106673,103276,2521,105797,1294
2021-08-19,Alpine,003,1148,92,91,0,91,0
2021-08-19,Amador,005,37829,4453,4317,41,4358,50
2021-08-19,Butte,007,227075,15059,14518,2538,17056,211
2021-08-19,Calaveras,009,45235,2827,2673,21,2694,59
2021-08-19,Colusa,011,21464,2233,2167,461,2628,16
2021-08-19,Contra Costa,013,1133247,86850,83296,1777,85073,852
2021-08-19,Del Norte,015,27424,2563,2257,11,2268,8
2021-08-19,El Dorado,017,186661,13032,12410,1148,13558,118
2021-08-19,Fresno,019,978130,113379,110947,10269,121216,1759
2021-08-19,Glenn,021,27897,2717,2629,702,3331,20
2021-08-19,Humboldt,023,135768,6618,6246,157,6403,52
2021-08-19,Imperial,025,180216,30005,29865,3020,32885,747
2021-08-19,Inyo,027,18085,1502,1494,5,1499,39
2021-08-19,Kern,029,883053,105523,103731,14356,118087,1371
2021-08-19,Kings,031,150075,25693,25128,1461,26589,256
2021-08-19,Lake,033,64148,5178,4991,47,5038,69
2021-08-19,Lassen,035,31185,5617,5520,152,5672,21
2021-08-19,Los Angeles,037,10098052,1328735,1314453,51541,1365994,25020
2021-08-19,Madera,039,155013,18442,17947,1265,19212,246
2021-08-19,Marin,041,260295,15995,15672,333,16005,240
2021-08-19,Mariposa,043,17540,670,618,15,633,5
2021-08-19,Mendocino,045,87422,5487,5167,174,5341,51
2021-08-19,Merced,047,269075,34527,33851,1215,35066,486
2021-08-19,Modoc,049,8938,442,427,154,581,6
2021-08-19,Mono,051,14174,1380,1349,13,1362,3
2021-08-19,Monterey,053,433212,45166,44821,2457,47278,538
2021-08-19,Napa,055,140530,11342,11104,67,11171,83
2021-08-19,Nevada,057,99092,7041,6695,235,6930,77
2021-08-19,Orange,059,3164182,282353,278562,13478,292040,5172
2021-08-19,Placer,061,380077,29547,27953,2557,30510,313
2021-08-19,Plumas,063,18699,943,896,16,912,5
2021-08-19,Riverside,065,2383286,322730,318056,15854,333910,4589
2021-08-19,Sacramento,067,1510023,131780,126720,2795,129515,1801
2021-08-19,San Benito,069,59416,6589,6493,132,6625,64
2021-08-19,San Bernardino,071,2135413,320862,316398,10353,326751,5318
2021-08-19,San Diego,073,3302833,325918,319582,18779,338361,3839
2021-08-19,San Francisco,075,870044,46448,45220,2119,47339,571
2021-08-19,San Joaquin,077,732212,84596,82047,4545,86592,1491
2021-08-19,San Luis Obispo,079,281455,24430,23878,971,24849,271
2021-08-19,San Mateo,081,765935,48502,47431,945,48376,551
2021-08-19,Santa Barbara,083,443738,38655,37693,1457,39150,477
2021-08-19,Santa Clara,085,1922200,132000,129133,1011,130144,1774
2021-08-19,Santa Cruz,087,273765,18025,17644,973,18617,209
2021-08-19,Shasta,089,179085,14739,14200,2112,16312,214
2021-08-19,Sierra,091,2930,90,83,15,98,0
2021-08-19,Siskiyou,093,43540,2328,2218,634,2852,33
2021-08-19,Solano,095,438530,40046,38025,937,38962,273
2021-08-19,Sonoma,097,501317,36618,35233,451,35684,336
2021-08-19,Stanislaus,099,539301,64857,62928,7414,70342,1047
2021-08-19,Sutter,101,95872,11382,11057,131,11188,133
2021-08-19,Tehama,103,63373,5851,5683,763,6446,66
2021-08-19,Trinity,105,12862,504,414,119,533,3
2021-08-19,Tulare,107,460477,53859,52685,11346,64031,856
2021-08-19,Tuolumne,109,53932,5301,5112,53,5165,64
2021-08-19,Ventura,111,848112,89106,88073,3970,92043,1060
2021-08-19,Yolo,113,214977,16697,16153,768,16921,225
2021-08-19,Yuba,115,75493,7740,7458,170,7628,51
2021-08-18,Alameda,001,1643700,106269,102696,2492,105188,1294
2021-08-18,Alpine,003,1148,91,91,0,91,0
2021-08-18,Amador,005,37829,4436,4279,40,4319,50
2021-08-18,Butte,007,227075,14949,14426,2512,16938,208
2021-08-18,Calaveras,009,45235,2786,2643,20,2663,59
2021-08-18,Colusa,011,21464,2226,2160,457,2617,16
2021-08-18,Contra Costa,013,1133247,86356,82767,1771,84538,851
2021-08-18,Del Norte,015,27424,2506,2219,11,2230,8
2021-08-18,El Dorado,017,186661,12943,12306,1133,13439,118
2021-08-18,Fresno,019,978130,112926,110523,10214,120737,1759
2021-08-18,Glenn,021,27897,2690,2623,695,3318,20
2021-08-18,Humboldt,023,135768,6547,6195,151,6346,52
2021-08-18,Imperial,025,180216,29973,29821,3017,32838,746
2021-08-18,Inyo,027,18085,1499,1494,5,1499,39
2021-08-18,Kern,029,883053,105175,103440,14260,117700,1370
2021-08-18,Kings,031,150075,25583,24984,1454,26438,256
2021-08-18,Lake,033,64148,5137,4957,46,5003,69
2021-08-18,Lassen,035,31185,5598,5506,151,5657,21
2021-08-18,Los Angeles,037,10098052,1325603,1311477,51406,1362883,24984
2021-08-18,Madera,039,155013,18382,17871,1257,19128,246
2021-08-18,Marin,041,260295,15957,15610,330,15940,240
2021-08-18,Mariposa,043,17540,657,615,15,630,5
2021-08-18,Mendocino,045,87422,5436,5129,171,5300,51
2021-08-18,Merced,047,269075,34362,33708,1204,34912,484
2021-08-18,Modoc,049,8938,442,427,153,580,6
2021-08-18,Mono,051,14174,1377,1344,13,1357,3
2021-08-18,Monterey,053,433212,45096,44735,2427,47162,532
2021-08-18,Napa,055,140530,11304,11060,66,11126,83
2021-08-18,Nevada,057,99092,6975,6633,235,6868,76
2021-08-18,Orange,059,3164182,281714,277795,13422,291217,5168
2021-08-18,Placer,061,380077,29321,27741,2527,30268,312
2021-08-18,Plumas,063,18699,933,874,16,890,5
2021-08-18,Riverside,065,2383286,321731,317107,15819,332926,4585
2021-08-18,Sacramento,067,1510023,131018,125599,2761,128360,1781
2021-08-18,San Benito,069,59416,6578,6481,131,6612,64
2021-08-18,San Bernardino,071,2135413,320061,315477,10334,325811,5304
2021-08-18,San Diego,073,3302833,324578,318152,18713,336865,3834
2021-08-18,San Francisco,075,870044,46251,44957,2103,47060,568
2021-08-18,San Joaquin,077,732212,84148,81601,4516,86117,1491
2021-08-18,San Luis Obispo,079,281455,24282,23726,959,24685,270
2021-08-18,San Mateo,081,765935,48343,47255,935,48190,551
2021-08-18,Santa Barbara,083,443738,38524,37599,1450,39049,475
2021-08-18,Santa Clara,085,1922200,131637,128563,1007,129570,1773
2021-08-18,Santa Cruz,087,273765,17971,17566,968,18534,209
2021-08-18,Shasta,089,179085,14640,14087,2093,16180,213
2021-08-18,Sierra,091,2930,89,83,15,98,0
2021-08-18,Siskiyou,093,43540,2299,2204,622,2826,33
2021-08-18,Solano,095,438530,39843,37812,925,38737,271
2021-08-18,Sonoma,097,501317,36474,35063,450,35513,333
2021-08-18,Stanislaus,099,539301,64508,62613,7371,69984,1047
2021-08-18,Sutter,101,95872,11310,11004,126,11130,130
2021-08-18,Tehama,103,63373,5816,5653,753,6406,66
2021-08-18,Trinity,105,12862,497,409,116,525,3
2021-08-18,Tulare,107,460477,53619,52486,11276,63762,856
2021-08-18,Tuolumne,109,53932,5265,5081,51,5132,64
2021-08-18,Ventura,111,848112,88875,87835,3959,91794,1055
2021-08-18,Yolo,113,214977,16615,16047,748,16795,225
2021-08-18,Yuba,115,75493,7675,7391,170,7561,51
2021-08-17,Alameda,001,1643700,105856,102379,2476,104855,1290
2021-08-17,Alpine,003,1148,91,91,0,91,0
2021-08-17,Amador,005,37829,4407,4266,40,4306,50
2021-08-17,Butte,007,227075,14844,14357,2476,16833,206
2021-08-17,Calaveras,009,45235,2745,2624,20,2644,59
2021-08-17,Colusa,011,21464,2217,2156,453,2609,16
2021-08-17,Contra Costa,013,1133247,85909,82482,1761,84243,848
2021-08-17,Del Norte,015,27424,2452,2188,11,2199,8
2021-08-17,El Dorado,017,186661,12856,12242,1118,13360,118
2021-08-17,Fresno,019,978130,112448,110263,10152,120415,1755
2021-08-17,Glenn,021,27897,2676,2608,687,3295,20
2021-08-17,Humboldt,023,135768,6470,6155,148,6303,52
2021-08-17,Imperial,025,180216,29922,29768,3013,32781,746
2021-08-17,Inyo,027,18085,1496,1492,5,1497,39
2021-08-17,Kern,029,883053,104782,103048,14134,117182,1367
2021-08-17,Kings,031,150075,25476,24930,1443,26373,254
2021-08-17,Lake,033,64148,5094,4930,40,4970,68
2021-08-17,Lassen,035,31185,5581,5499,149,5648,21
2021-08-17,Los Angeles,037,10098052,1322073,1307999,51270,1359269,24952
2021-08-17,Madera,039,155013,18308,17838,1237,19075,246
2021-08-17,Marin,041,260295,15902,15570,330,15900,240
2021-08-17,Mariposa,043,17540,649,609,14,623,5
2021-08-17,Mendocino,045,87422,5381,5097,171,5268,51
2021-08-17,Merced,047,269075,34214,33508,1190,34698,482
2021-08-17,Modoc,049,8938,439,424,151,575,6
2021-08-17,Mono,051,14174,1371,1341,13,1354,3
2021-08-17,Monterey,053,433212,45019,44672,2411,47083,528
2021-08-17,Napa,055,140530,11263,11007,65,11072,83
2021-08-17,Nevada,057,99092,6901,6605,233,6838,75
2021-08-17,Orange,059,3164182,281075,277121,13385,290506,5164
2021-08-17,Placer,061,380077,29108,27634,2497,30131,312
2021-08-17,Plumas,063,18699,922,860,16,876,5
2021-08-17,Riverside,065,2383286,320716,316051,15780,331831,4582
2021-08-17,Sacramento,067,1510023,130228,125151,2718,127869,1774
2021-08-17,San Benito,069,59416,6559,6470,131,6601,64
2021-08-17,San Bernardino,071,2135413,319126,314402,10289,324691,5302
2021-08-17,San Diego,073,3302833,322963,317058,18617,335675,3824
2021-08-17,San Francisco,075,870044,46056,44820,2092,46912,567
2021-08-17,San Joaquin,077,732212,83681,81300,4486,85786,1489
2021-08-17,San Luis Obispo,079,281455,24124,23556,956,24512,268
2021-08-17,San Mateo,081,765935,48201,47127,916,48043,551
2021-08-17,Santa Barbara,083,443738,38368,37478,1443,38921,475
2021-08-17,Santa Clara,085,1922200,131235,128354,1002,129356,1773
2021-08-17,Santa Cruz,087,273765,17885,17528,966,18494,209
2021-08-17,Shasta,089,179085,14511,14012,2075,16087,214
2021-08-17,Sierra,091,2930,88,82,15,97,0
2021-08-17,Siskiyou,093,43540,2284,2183,608,2791,33
2021-08-17,Solano,095,438530,39630,37662,915,38577,269
2021-08-17,Sonoma,097,501317,36326,34943,446,35389,333
2021-08-17,Stanislaus,099,539301,64157,62385,7309,69694,1047
2021-08-17,Sutter,101,95872,11238,10973,126,11099,130
2021-08-17,Tehama,103,63373,5782,5612,731,6343,66
2021-08-17,Trinity,105,12862,492,406,113,519,3
2021-08-17,Tulare,107,460477,53351,52362,11208,63570,856
2021-08-17,Tuolumne,109,53932,5222,5042,50,5092,64
2021-08-17,Ventura,111,848112,88635,87601,3937,91538,1053
2021-08-17,Yolo,113,214977,16526,15975,733,16708,225
2021-08-17,Yuba,115,75493,7605,7355,170,7525,51
2021-08-16,Alameda,001,1643700,105355,102052,2464,104516,1287
2021-08-16,Alpine,003,1148,91,91,0,91,0
2021-08-16,Amador,005,37829,4397,4235,40,4275,50
2021-08-16,Butte,007,227075,14726,14283,2443,16726,206
2021-08-16,Calaveras,009,45235,2685,2609,19,2628,57
2021-08-16,Colusa,011,21464,2206,2147,449,2596,16
2021-08-16,Contra Costa,013,1133247,85370,82070,1751,83821,848
2021-08-16,Del Norte,015,27424,2375,2125,11,2136,8
2021-08-16,El Dorado,017,186661,12755,12139,1104,13243,118
2021-08-16,Fresno,019,978130,111948,109623,10105,119728,1753
2021-08-16,Glenn,021,27897,2657,2593,681,3274,20
2021-08-16,Humboldt,023,135768,6400,6064,125,6189,52
2021-08-16,Imperial,025,180216,29884,29737,2998,32735,746
2021-08-16,Inyo,027,18085,1493,1490,5,1495,39
2021-08-16,Kern,029,883053,104410,102690,14012,116702,1367
2021-08-16,Kings,031,150075,25374,24817,1433,26250,254
2021-08-16,Lake,033,64148,5067,4898,39,4937,68
2021-08-16,Lassen,035,31185,5565,5481,141,5622,21
2021-08-16,Los Angeles,037,10098052,1318702,1305330,51116,1356446,24923
2021-08-16,Madera,039,155013,18232,17756,1219,18975,246
2021-08-16,Marin,041,260295,15843,15497,329,15826,239
2021-08-16,Mariposa,043,17540,632,597,14,611,5
2021-08-16,Mendocino,045,87422,5325,5037,169,5206,49
2021-08-16,Merced,047,269075,34007,33364,1184,34548,481
2021-08-16,Modoc,049,8938,437,421,150,571,5
2021-08-16,Mono,051,14174,1362,1339,13,1352,3
2021-08-16,Monterey,053,433212,44957,44595,2383,46978,527
2021-08-16,Napa,055,140530,11234,10946,65,11011,83
2021-08-16,Nevada,057,99092,6845,6535,232,6767,74
2021-08-16,Orange,059,3164182,280286,275985,13336,289321,5161
2021-08-16,Placer,061,380077,28926,27384,2463,29847,306
2021-08-16,Plumas,063,18699,912,851,16,867,5
2021-08-16,Riverside,065,2383286,319626,314774,15744,330518,4582
2021-08-16,Sacramento,067,1510023,129422,124554,2675,127229,1762
2021-08-16,San Benito,069,59416,6535,6452,131,6583,64
2021-08-16,San Bernardino,071,2135413,318166,313617,10261,323878,5301
2021-08-16,San Diego,073,3302833,321357,315348,18481,333829,3824
2021-08-16,San Francisco,075,870044,45860,44681,2075,46756,567
2021-08-16,San Joaquin,077,732212,83180,81087,4459,85546,1488
2021-08-16,San Luis Obispo,079,281455,23975,23452,947,24399,265
2021-08-16,San Mateo,081,765935,48036,47024,893,47917,548
2021-08-16,Santa Barbara,083,443738,38201,37358,1438,38796,475
2021-08-16,Santa Clara,085,1922200,130772,127978,996,128974,1773
2021-08-16,Santa Cruz,087,273765,17824,17491,959,18450,209
2021-08-16,Shasta,089,179085,14421,13862,2057,15919,211
2021-08-16,Sierra,091,2930,85,82,15,97,0
2021-08-16,Siskiyou,093,43540,2267,2169,588,2757,33
2021-08-16,Solano,095,438530,39358,37436,901,38337,263
2021-08-16,Sonoma,097,501317,36155,34844,444,35288,333
2021-08-16,Stanislaus,099,539301,63795,62033,7257,69290,1039
2021-08-16,Sutter,101,95872,11169,10902,125,11027,130
2021-08-16,Tehama,103,63373,5718,5565,726,6291,66
2021-08-16,Trinity,105,12862,486,400,112,512,3
2021-08-16,Tulare,107,460477,53110,52162,11134,63296,856
2021-08-16,Tuolumne,109,53932,5183,4984,49,5033,64
2021-08-16,Ventura,111,848112,88384,86954,3919,90873,1052
2021-08-16,Yolo,113,214977,16427,15922,725,16647,225
2021-08-16,Yuba,115,75493,7521,7314,169,7483,51
2021-08-15,Alameda,001,1643700,104862,101660,2447,104107,1287
2021-08-15,Alpine,003,1148,91,91,0,91,0
2021-08-15,Amador,005,37829,4370,4231,40,4271,49
2021-08-15,Butte,007,227075,14601,14263,2419,16682,206
2021-08-15,Calaveras,009,45235,2638,2599,19,2618,57
2021-08-15,Colusa,011,21464,2194,2140,439,2579,16
2021-08-15,Contra Costa,013,1133247,84890,81781,1734,83515,848
2021-08-15,Del Norte,015,27424,2308,2060,11,2071,8
2021-08-15,El Dorado,017,186661,12620,12057,1087,13144,118
2021-08-15,Fresno,019,978130,111474,109382,10042,119424,1753
2021-08-15,Glenn,021,27897,2633,2592,669,3261,20
2021-08-15,Humboldt,023,135768,6327,6024,118,6142,52
2021-08-15,Imperial,025,180216,29819,29711,2992,32703,746
2021-08-15,Inyo,027,18085,1492,1489,5,1494,39
2021-08-15,Kern,029,883053,103968,102524,13897,116421,1367
2021-08-15,Kings,031,150075,25224,24736,1423,26159,254
2021-08-15,Lake,033,64148,5008,4886,38,4924,68
2021-08-15,Lassen,035,31185,5549,5482,139,5621,21
2021-08-15,Los Angeles,037,10098052,1315185,1302882,50938,1353820,24918
2021-08-15,Madera,039,155013,18144,17714,1207,18921,246
2021-08-15,Marin,041,260295,15784,15461,327,15788,239
2021-08-15,Mariposa,043,17540,625,591,14,605,5
2021-08-15,Mendocino,045,87422,5269,5022,163,5185,49
2021-08-15,Merced,047,269075,33763,33305,1173,34478,481
2021-08-15,Modoc,049,8938,435,421,150,571,5
2021-08-15,Mono,051,14174,1354,1334,13,1347,3
2021-08-15,Monterey,053,433212,44845,44567,2351,46918,527
2021-08-15,Napa,055,140530,11179,10919,65,10984,83
2021-08-15,Nevada,057,99092,6761,6486,232,6718,74
2021-08-15,Orange,059,3164182,279510,275447,13296,288743,5161
2021-08-15,Placer,061,380077,28704,27220,2414,29634,306
2021-08-15,Plumas,063,18699,900,850,16,866,5
2021-08-15,Riverside,065,2383286,318490,314133,15712,329845,4582
2021-08-15,Sacramento,067,1510023,128611,123924,2642,126566,1761
2021-08-15,San Benito,069,59416,6517,6446,130,6576,64
2021-08-15,San Bernardino,071,2135413,317090,313120,10229,323349,5301
2021-08-15,San Diego,073,3302833,319875,314247,18366,332613,3824
2021-08-15,San Francisco,075,870044,45638,44531,2052,46583,567
2021-08-15,San Joaquin,077,732212,82694,80832,4419,85251,1488
2021-08-15,San Luis Obispo,079,281455,23779,23404,937,24341,265
2021-08-15,San Mateo,081,765935,47871,46897,869,47766,548
2021-08-15,Santa Barbara,083,443738,38032,37276,1431,38707,475
2021-08-15,Santa Clara,085,1922200,130339,127715,990,128705,1773
2021-08-15,Santa Cruz,087,273765,17755,17440,951,18391,209
2021-08-15,Shasta,089,179085,14318,13835,2031,15866,211
2021-08-15,Sierra,091,2930,84,82,14,96,0
2021-08-15,Siskiyou,093,43540,2246,2169,574,2743,33
2021-08-15,Solano,095,438530,39119,37320,890,38210,263
2021-08-15,Sonoma,097,501317,35959,34706,436,35142,333
2021-08-15,Stanislaus,099,539301,63405,61795,7179,68974,1039
2021-08-15,Sutter,101,95872,11078,10863,125,10988,130
2021-08-15,Tehama,103,63373,5669,5550,720,6270,66
2021-08-15,Trinity,105,12862,483,400,110,510,3
2021-08-15,Tulare,107,460477,52854,52046,11073,63119,856
2021-08-15,Tuolumne,109,53932,5145,4934,47,4981,64
2021-08-15,Ventura,111,848112,88077,86797,3904,90701,1052
2021-08-15,Yolo,113,214977,16333,15873,714,16587,225
2021-08-15,Yuba,115,75493,7444,7265,168,7433,51
2021-08-14,Alameda,001,1643700,104642,101305,2443,103748,1287
2021-08-14,Alpine,003,1148,91,91,0,91,0
2021-08-14,Amador,005,37829,4352,4206,40,4246,49
2021-08-14,Butte,007,227075,14564,14192,2403,16595,206
2021-08-14,Calaveras,009,45235,2633,2579,19,2598,57
2021-08-14,Colusa,011,21464,2184,2134,435,2569,16
2021-08-14,Contra Costa,013,1133247,84642,81458,1726,83184,848
2021-08-14,Del Norte,015,27424,2281,2015,11,2026,8
2021-08-14,El Dorado,017,186661,12584,12019,1078,13097,118
2021-08-14,Fresno,019,978130,111315,109056,10012,119068,1753
2021-08-14,Glenn,021,27897,2622,2583,667,3250,20
2021-08-14,Humboldt,023,135768,6273,5998,114,6112,52
2021-08-14,Imperial,025,180216,29792,29671,2992,32663,746
2021-08-14,Inyo,027,18085,1490,1487,5,1492,39
2021-08-14,Kern,029,883053,103774,102306,13800,116106,1367
2021-08-14,Kings,031,150075,25130,24647,1414,26061,254
2021-08-14,Lake,033,64148,4991,4850,37,4887,68
2021-08-14,Lassen,035,31185,5542,5475,138,5613,21
2021-08-14,Los Angeles,037,10098052,1313424,1299346,50798,1350144,24911
2021-08-14,Madera,039,155013,18097,17691,1203,18894,246
2021-08-14,Marin,041,260295,15750,15441,326,15767,239
2021-08-14,Mariposa,043,17540,621,584,14,598,5
2021-08-14,Mendocino,045,87422,5233,4977,160,5137,49
2021-08-14,Merced,047,269075,33699,33234,1167,34401,481
2021-08-14,Modoc,049,8938,435,421,150,571,5
2021-08-14,Mono,051,14174,1352,1332,13,1345,3
2021-08-14,Monterey,053,433212,44806,44514,2343,46857,527
2021-08-14,Napa,055,140530,11149,10878,64,10942,83
2021-08-14,Nevada,057,99092,6726,6419,231,6650,74
2021-08-14,Orange,059,3164182,279077,274732,13267,287999,5161
2021-08-14,Placer,061,380077,28559,27115,2389,29504,306
2021-08-14,Plumas,063,18699,891,849,16,865,5
2021-08-14,Riverside,065,2383286,317777,313264,15690,328954,4582
2021-08-14,Sacramento,067,1510023,128119,123438,2624,126062,1758
2021-08-14,San Benito,069,59416,6504,6428,130,6558,64
2021-08-14,San Bernardino,071,2135413,316540,312142,10208,322350,5301
2021-08-14,San Diego,073,3302833,319204,313589,18298,331887,3824
2021-08-14,San Francisco,075,870044,45512,44353,2031,46384,567
2021-08-14,San Joaquin,077,732212,82478,80585,4404,84989,1488
2021-08-14,San Luis Obispo,079,281455,23720,23328,934,24262,265
2021-08-14,San Mateo,081,765935,47761,46792,857,47649,548
2021-08-14,Santa Barbara,083,443738,37939,37118,1427,38545,475
2021-08-14,Santa Clara,085,1922200,130060,127432,987,128419,1772
2021-08-14,Santa Cruz,087,273765,17716,17384,950,18334,209
2021-08-14,Shasta,089,179085,14241,13813,2010,15823,211
2021-08-14,Sierra,091,2930,84,81,14,95,0
2021-08-14,Siskiyou,093,43540,2236,2160,564,2724,33
2021-08-14,Solano,095,438530,39032,37237,878,38115,263
2021-08-14,Sonoma,097,501317,35836,34606,434,35040,333
2021-08-14,Stanislaus,099,539301,63215,61564,7134,68698,1039
2021-08-14,Sutter,101,95872,11033,10808,124,10932,130
2021-08-14,Tehama,103,63373,5645,5530,716,6246,66
2021-08-14,Trinity,105,12862,478,399,110,509,3
2021-08-14,Tulare,107,460477,52719,51951,11027,62978,856
2021-08-14,Tuolumne,109,53932,5110,4924,47,4971,64
2021-08-14,Ventura,111,848112,87922,86569,3884,90453,1052
2021-08-14,Yolo,113,214977,16288,15815,704,16519,225
2021-08-14,Yuba,115,75493,7395,7223,168,7391,51
2021-08-13,Alameda,001,1643700,104342,100930,2434,103364,1284
2021-08-13,Alpine,003,1148,91,91,0,91,0
2021-08-13,Amador,005,37829,4324,4169,40,4209,49
2021-08-13,Butte,007,227075,14493,14100,2387,16487,206
2021-08-13,Calaveras,009,45235,2624,2564,19,2583,57
2021-08-13,Colusa,011,21464,2177,2123,430,2553,16
2021-08-13,Contra Costa,013,1133247,84330,81046,1718,82764,848
2021-08-13,Del Norte,015,27424,2240,1973,11,1984,8
2021-08-13,El Dorado,017,186661,12545,11951,1065,13016,118
2021-08-13,Fresno,019,978130,111028,108638,9991,118629,1753
2021-08-13,Glenn,021,27897,2611,2574,665,3239,20
2021-08-13,Humboldt,023,135768,6226,5882,111,5993,52
2021-08-13,Imperial,025,180216,29764,29654,2991,32645,745
2021-08-13,Inyo,027,18085,1489,1484,5,1489,39
2021-08-13,Kern,029,883053,103565,102029,13691,115720,1364
2021-08-13,Kings,031,150075,25047,24531,1406,25937,253
2021-08-13,Lake,033,64148,4968,4811,36,4847,68
2021-08-13,Lassen,035,31185,5534,5455,137,5592,21
2021-08-13,Los Angeles,037,10098052,1311119,1295406,50661,1346067,24891
2021-08-13,Madera,039,155013,18048,17614,1196,18810,246
2021-08-13,Marin,041,260295,15720,15380,326,15706,239
2021-08-13,Mariposa,043,17540,615,577,14,591,5
2021-08-13,Mendocino,045,87422,5186,4924,158,5082,49
2021-08-13,Merced,047,269075,33651,33111,1162,34273,480
2021-08-13,Modoc,049,8938,434,421,149,570,5
2021-08-13,Mono,051,14174,1349,1331,13,1344,3
2021-08-13,Monterey,053,433212,44753,44450,2335,46785,527
2021-08-13,Napa,055,140530,11113,10830,64,10894,83
2021-08-13,Nevada,057,99092,6685,6356,230,6586,74
2021-08-13,Orange,059,3164182,278582,274004,13218,287222,5159
2021-08-13,Placer,061,380077,28460,26987,2360,29347,306
2021-08-13,Plumas,063,18699,877,842,16,858,5
2021-08-13,Riverside,065,2383286,317041,312408,15665,328073,4581
2021-08-13,Sacramento,067,1510023,127653,122868,2596,125464,1758
2021-08-13,San Benito,069,59416,6498,6422,128,6550,64
2021-08-13,San Bernardino,071,2135413,315872,311378,10189,321567,5301
2021-08-13,San Diego,073,3302833,318158,312293,18218,330511,3821
2021-08-13,San Francisco,075,870044,45376,44196,2006,46202,567
2021-08-13,San Joaquin,077,732212,82264,80232,4387,84619,1481
2021-08-13,San Luis Obispo,079,281455,23659,23226,931,24157,265
2021-08-13,San Mateo,081,765935,47651,46660,848,47508,548
2021-08-13,Santa Barbara,083,443738,37856,37023,1423,38446,474
2021-08-13,Santa Clara,085,1922200,129773,126958,982,127940,1769
2021-08-13,Santa Cruz,087,273765,17677,17332,943,18275,209
2021-08-13,Shasta,089,179085,14177,13698,1996,15694,211
2021-08-13,Sierra,091,2930,83,81,14,95,0
2021-08-13,Siskiyou,093,43540,2227,2147,560,2707,33
2021-08-13,Solano,095,438530,38901,37104,870,37974,264
2021-08-13,Sonoma,097,501317,35731,34464,434,34898,333
2021-08-13,Stanislaus,099,539301,63032,61294,7092,68386,1039
2021-08-13,Sutter,101,95872,10989,10751,123,10874,130
2021-08-13,Tehama,103,63373,5621,5496,714,6210,66
2021-08-13,Trinity,105,12862,475,392,110,502,3
2021-08-13,Tulare,107,460477,52615,51770,10952,62722,856
2021-08-13,Tuolumne,109,53932,5077,4899,46,4945,64
2021-08-13,Ventura,111,848112,87764,86368,3870,90238,1052
2021-08-13,Yolo,113,214977,16235,15761,694,16455,225
2021-08-13,Yuba,115,75493,7358,7184,168,7352,51
2021-08-12,Alameda,001,1643700,103840,100472,2420,102892,1284
2021-08-12,Alpine,003,1148,91,91,0,91,0
2021-08-12,Amador,005,37829,4294,4161,39,4200,49
2021-08-12,Butte,007,227075,14416,14006,2368,16374,206
2021-08-12,Calaveras,009,45235,2604,2531,19,2550,57
2021-08-12,Colusa,011,21464,2172,2111,429,2540,17
2021-08-12,Contra Costa,013,1133247,83849,80738,1708,82446,846
2021-08-12,Del Norte,015,27424,2168,1923,11,1934,8
2021-08-12,El Dorado,017,186661,12430,11880,1057,12937,118
2021-08-12,Fresno,019,978130,110612,108193,9933,118126,1753
2021-08-12,Glenn,021,27897,2603,2559,658,3217,20
2021-08-12,Humboldt,023,135768,6156,5845,107,5952,52
2021-08-12,Imperial,025,180216,29707,29585,2985,32570,745
2021-08-12,Inyo,027,18085,1487,1483,5,1488,39
2021-08-12,Kern,029,883053,103281,101698,13608,115306,1364
2021-08-12,Kings,031,150075,24948,24423,1396,25819,252
2021-08-12,Lake,033,64148,4943,4774,35,4809,68
2021-08-12,Lassen,035,31185,5512,5428,136,5564,21
2021-08-12,Los Angeles,037,10098052,1307944,1291875,50522,1342397,24874
2021-08-12,Madera,039,155013,17984,17564,1188,18752,246
2021-08-12,Marin,041,260295,15671,15277,322,15599,239
2021-08-12,Mariposa,043,17540,606,568,13,581,5
2021-08-12,Mendocino,045,87422,5156,4873,152,5025,49
2021-08-12,Merced,047,269075,33527,32960,1155,34115,480
2021-08-12,Modoc,049,8938,433,423,149,572,5
2021-08-12,Mono,051,14174,1345,1325,13,1338,3
2021-08-12,Monterey,053,433212,44688,44383,2307,46690,527
2021-08-12,Napa,055,140530,11064,10780,63,10843,83
2021-08-12,Nevada,057,99092,6624,6283,230,6513,74
2021-08-12,Orange,059,3164182,277907,273167,13160,286327,5158
2021-08-12,Placer,061,380077,28260,26856,2336,29192,306
2021-08-12,Plumas,063,18699,869,829,16,845,5
2021-08-12,Riverside,065,2383286,316035,311304,15631,326935,4575
2021-08-12,Sacramento,067,1510023,126884,122222,2564,124786,1758
2021-08-12,San Benito,069,59416,6482,6398,125,6523,64
2021-08-12,San Bernardino,071,2135413,314998,310420,10158,320578,5297
2021-08-12,San Diego,073,3302833,316782,310596,18133,328729,3821
2021-08-12,San Francisco,075,870044,45171,43774,1989,45763,564
2021-08-12,San Joaquin,077,732212,81873,79945,4363,84308,1479
2021-08-12,San Luis Obispo,079,281455,23561,23101,917,24018,264
2021-08-12,San Mateo,081,765935,47518,46435,834,47269,548
2021-08-12,Santa Barbara,083,443738,37721,36881,1412,38293,473
2021-08-12,Santa Clara,085,1922200,129323,126614,976,127590,1769
2021-08-12,Santa Cruz,087,273765,17614,17261,941,18202,209
2021-08-12,Shasta,089,179085,14091,13621,1970,15591,211
2021-08-12,Sierra,091,2930,83,81,14,95,0
2021-08-12,Siskiyou,093,43540,2220,2134,550,2684,33
2021-08-12,Solano,095,438530,38676,36980,862,37842,262
2021-08-12,Sonoma,097,501317,35583,34299,431,34730,333
2021-08-12,Stanislaus,099,539301,62757,61026,7032,68058,1039
2021-08-12,Sutter,101,95872,10928,10695,121,10816,130
2021-08-12,Tehama,103,63373,5592,5462,704,6166,66
2021-08-12,Trinity,105,12862,471,386,109,495,3
2021-08-12,Tulare,107,460477,52471,51632,10900,62532,856
2021-08-12,Tuolumne,109,53932,5030,4845,44,4889,64
2021-08-12,Ventura,111,848112,87530,86106,3846,89952,1052
2021-08-12,Yolo,113,214977,16164,15686,681,16367,224
2021-08-12,Yuba,115,75493,7310,7128,167,7295,51
2021-08-11,Alameda,001,1643700,103306,100040,2415,102455,1281
2021-08-11,Alpine,003,1148,91,91,0,91,0
2021-08-11,Amador,005,37829,4270,4127,39,4166,49
2021-08-11,Butte,007,227075,14312,13905,2343,16248,206
2021-08-11,Calaveras,009,45235,2581,2505,19,2524,57
2021-08-11,Colusa,011,21464,2162,2101,427,2528,16
2021-08-11,Contra Costa,013,1133247,83351,80275,1694,81969,843
2021-08-11,Del Norte,015,27424,2109,1893,11,1904,8
2021-08-11,El Dorado,017,186661,12317,11799,1045,12844,119
2021-08-11,Fresno,019,978130,110155,107773,9890,117663,1751
2021-08-11,Glenn,021,27897,2595,2547,651,3198,20
2021-08-11,Humboldt,023,135768,6109,5765,106,5871,52
2021-08-11,Imperial,025,180216,29664,29565,2981,32546,745
2021-08-11,Inyo,027,18085,1487,1483,5,1488,39
2021-08-11,Kern,029,883053,102969,101448,13495,114943,1363
2021-08-11,Kings,031,150075,24834,24304,1387,25691,250
2021-08-11,Lake,033,64148,4906,4713,34,4747,68
2021-08-11,Lassen,035,31185,5503,5408,134,5542,21
2021-08-11,Los Angeles,037,10098052,1304640,1288238,50328,1338566,24851
2021-08-11,Madera,039,155013,17934,17511,1177,18688,245
2021-08-11,Marin,041,260295,15622,15235,322,15557,239
2021-08-11,Mariposa,043,17540,596,554,12,566,5
2021-08-11,Mendocino,045,87422,5087,4796,144,4940,49
2021-08-11,Merced,047,269075,33394,32802,1150,33952,479
2021-08-11,Modoc,049,8938,433,421,149,570,5
2021-08-11,Mono,051,14174,1341,1320,13,1333,3
2021-08-11,Monterey,053,433212,44598,44314,2280,46594,527
2021-08-11,Napa,055,140530,11023,10732,63,10795,83
2021-08-11,Nevada,057,99092,6570,6172,227,6399,74
2021-08-11,Orange,059,3164182,277059,272212,13116,285328,5155
2021-08-11,Placer,061,380077,28048,26687,2310,28997,305
2021-08-11,Plumas,063,18699,861,824,16,840,5
2021-08-11,Riverside,065,2383286,315052,310265,15587,325852,4570
2021-08-11,Sacramento,067,1510023,126091,121603,2520,124123,1757
2021-08-11,San Benito,069,59416,6469,6381,125,6506,64
2021-08-11,San Bernardino,071,2135413,314108,309498,10136,319634,5296
2021-08-11,San Diego,073,3302833,315297,309406,18034,327440,3818
2021-08-11,San Francisco,075,870044,44950,43555,1979,45534,564
2021-08-11,San Joaquin,077,732212,81469,79641,4337,83978,1478
2021-08-11,San Luis Obispo,079,281455,23458,22920,910,23830,264
2021-08-11,San Mateo,081,765935,47362,46300,820,47120,548
2021-08-11,Santa Barbara,083,443738,37560,36699,1402,38101,472
2021-08-11,Santa Clara,085,1922200,128844,126301,967,127268,1769
2021-08-11,Santa Cruz,087,273765,17548,17191,938,18129,209
2021-08-11,Shasta,089,179085,14017,13546,1954,15500,211
2021-08-11,Sierra,091,2930,82,81,14,95,0
2021-08-11,Siskiyou,093,43540,2206,2124,543,2667,33
2021-08-11,Solano,095,438530,38449,36862,848,37710,262
2021-08-11,Sonoma,097,501317,35406,34188,426,34614,333
2021-08-11,Stanislaus,099,539301,62414,60767,7001,67768,1037
2021-08-11,Sutter,101,95872,10856,10628,121,10749,130
2021-08-11,Tehama,103,63373,5563,5410,687,6097,66
2021-08-11,Trinity,105,12862,469,385,109,494,3
2021-08-11,Tulare,107,460477,52305,51464,10852,62316,854
2021-08-11,Tuolumne,109,53932,4998,4794,44,4838,64
2021-08-11,Ventura,111,848112,87280,85863,3824,89687,1051
2021-08-11,Yolo,113,214977,16090,15593,667,16260,218
2021-08-11,Yuba,115,75493,7251,7063,166,7229,53
2021-08-10,Alameda,001,1643700,102818,99771,2406,102177,1281
2021-08-10,Alpine,003,1148,91,91,0,91,0
2021-08-10,Amador,005,37829,4254,4093,39,4132,49
2021-08-10,Butte,007,227075,14228,13853,2321,16174,205
2021-08-10,Calaveras,009,45235,2558,2491,17,2508,57
2021-08-10,Colusa,011,21464,2149,2088,418,2506,16
2021-08-10,Contra Costa,013,1133247,82813,80018,1684,81702,840
2021-08-10,Del Norte,015,27424,2065,1870,11,1881,8
2021-08-10,El Dorado,017,186661,12218,11734,1035,12769,117
2021-08-10,Fresno,019,978130,109705,107616,9837,117453,1747
2021-08-10,Glenn,021,27897,2582,2538,644,3182,20
2021-08-10,Humboldt,023,135768,6055,5718,103,5821,52
2021-08-10,Imperial,025,180216,29628,29522,2975,32497,745
2021-08-10,Inyo,027,18085,1487,1482,5,1487,39
2021-08-10,Kern,029,883053,102646,101254,13393,114647,1359
2021-08-10,Kings,031,150075,24706,24252,1371,25623,251
2021-08-10,Lake,033,64148,4866,4700,33,4733,67
2021-08-10,Lassen,035,31185,5485,5401,134,5535,21
2021-08-10,Los Angeles,037,10098052,1300916,1285140,50157,1335297,24821
2021-08-10,Madera,039,155013,17862,17481,1167,18648,245
2021-08-10,Marin,041,260295,15575,15194,322,15516,239
2021-08-10,Mariposa,043,17540,583,550,12,562,5
2021-08-10,Mendocino,045,87422,5042,4775,141,4916,49
2021-08-10,Merced,047,269075,33246,32721,1142,33863,477
2021-08-10,Modoc,049,8938,432,421,149,570,5
2021-08-10,Mono,051,14174,1336,1320,13,1333,3
2021-08-10,Monterey,053,433212,44548,44259,2254,46513,527
2021-08-10,Napa,055,140530,10967,10703,62,10765,83
2021-08-10,Nevada,057,99092,6504,6151,226,6377,73
2021-08-10,Orange,059,3164182,276181,271688,13066,284754,5155
2021-08-10,Placer,061,380077,27828,26561,2267,28828,305
2021-08-10,Plumas,063,18699,852,816,16,832,5
2021-08-10,Riverside,065,2383286,313941,309529,15561,325090,4564
2021-08-10,Sacramento,067,1510023,125238,121159,2491,123650,1755
2021-08-10,San Benito,069,59416,6455,6371,125,6496,64
2021-08-10,San Bernardino,071,2135413,313188,308672,10119,318791,5295
2021-08-10,San Diego,073,3302833,313636,308288,17957,326245,3815
2021-08-10,San Francisco,075,870044,44711,43389,1950,45339,564
2021-08-10,San Joaquin,077,732212,81069,79391,4320,83711,1478
2021-08-10,San Luis Obispo,079,281455,23332,22776,908,23684,264
2021-08-10,San Mateo,081,765935,47204,46184,802,46986,548
2021-08-10,Santa Barbara,083,443738,37396,36574,1395,37969,472
2021-08-10,Santa Clara,085,1922200,128384,126019,958,126977,1770
2021-08-10,Santa Cruz,087,273765,17465,17142,936,18078,209
2021-08-10,Shasta,089,179085,13940,13461,1929,15390,211
2021-08-10,Sierra,091,2930,82,76,14,90,0
2021-08-10,Siskiyou,093,43540,2198,2088,535,2623,33
2021-08-10,Solano,095,438530,38213,36767,839,37606,262
2021-08-10,Sonoma,097,501317,35262,34054,423,34477,333
2021-08-10,Stanislaus,099,539301,62066,60605,6963,67568,1037
2021-08-10,Sutter,101,95872,10791,10569,121,10690,130
2021-08-10,Tehama,103,63373,5534,5392,682,6074,66
2021-08-10,Trinity,105,12862,469,384,109,493,3
2021-08-10,Tulare,107,460477,52143,51390,10800,62190,854
2021-08-10,Tuolumne,109,53932,4970,4780,42,4822,64
2021-08-10,Ventura,111,848112,86993,85714,3803,89517,1051
2021-08-10,Yolo,113,214977,16004,15568,655,16223,218
2021-08-10,Yuba,115,75493,7201,7028,166,7194,50
2021-08-09,Alameda,001,1643700,102256,99496,2402,101898,1276
2021-08-09,Alpine,003,1148,91,91,0,91,0
2021-08-09,Amador,005,37829,4228,4078,39,4117,48
2021-08-09,Butte,007,227075,14134,13813,2288,16101,205
2021-08-09,Calaveras,009,45235,2530,2472,17,2489,57
2021-08-09,Colusa,011,21464,2139,2075,410,2485,16
2021-08-09,Contra Costa,013,1133247,82269,79740,1673,81413,840
2021-08-09,Del Norte,015,27424,1997,1848,11,1859,8
2021-08-09,El Dorado,017,186661,12110,11672,1021,12693,117
2021-08-09,Fresno,019,978130,109213,107310,9801,117111,1747
2021-08-09,Glenn,021,27897,2571,2532,633,3165,20
2021-08-09,Humboldt,023,135768,5965,5632,101,5733,52
2021-08-09,Imperial,025,180216,29584,29512,2971,32483,745
2021-08-09,Inyo,027,18085,1487,1481,5,1486,39
2021-08-09,Kern,029,883053,102337,101069,13305,114374,1359
2021-08-09,Kings,031,150075,24600,24155,1355,25510,250
2021-08-09,Lake,033,64148,4831,4670,31,4701,66
2021-08-09,Lassen,035,31185,5463,5393,133,5526,21
2021-08-09,Los Angeles,037,10098052,1296926,1282891,49960,1332851,24798
2021-08-09,Madera,039,155013,17803,17429,1147,18576,245
2021-08-09,Marin,041,260295,15522,15154,321,15475,239
2021-08-09,Mariposa,043,17540,570,545,12,557,5
2021-08-09,Mendocino,045,87422,4991,4732,133,4865,49
2021-08-09,Merced,047,269075,33100,32666,1135,33801,477
2021-08-09,Modoc,049,8938,432,419,149,568,5
2021-08-09,Mono,051,14174,1333,1337,13,1350,3
2021-08-09,Monterey,053,433212,44484,44190,2229,46419,527
2021-08-09,Napa,055,140530,10920,10679,62,10741,83
2021-08-09,Nevada,057,99092,6434,6088,225,6313,73
2021-08-09,Orange,059,3164182,275150,271036,13014,284050,5153
2021-08-09,Placer,061,380077,27607,26457,2235,28692,305
2021-08-09,Plumas,063,18699,835,803,16,819,5
2021-08-09,Riverside,065,2383286,312864,308678,15541,324219,4562
2021-08-09,Sacramento,067,1510023,124406,120812,2465,123277,1748
2021-08-09,San Benito,069,59416,6435,6359,123,6482,63
2021-08-09,San Bernardino,071,2135413,312206,308038,10095,318133,5295
2021-08-09,San Diego,073,3302833,311966,306855,17863,324718,3811
2021-08-09,San Francisco,075,870044,44470,43261,1930,45191,564
2021-08-09,San Joaquin,077,732212,80688,79198,4302,83500,1469
2021-08-09,San Luis Obispo,079,281455,23195,22695,899,23594,264
2021-08-09,San Mateo,081,765935,47049,46040,781,46821,548
2021-08-09,Santa Barbara,083,443738,37212,36474,1388,37862,470
2021-08-09,Santa Clara,085,1922200,127880,125791,947,126738,2187
2021-08-09,Santa Cruz,087,273765,17404,17082,936,18018,209
2021-08-09,Shasta,089,179085,13824,13397,1918,15315,210
2021-08-09,Sierra,091,2930,81,75,14,89,0
2021-08-09,Siskiyou,093,43540,2187,2047,517,2564,32
2021-08-09,Solano,095,438530,37948,36653,836,37489,262
2021-08-09,Sonoma,097,501317,35082,33933,421,34354,333
2021-08-09,Stanislaus,099,539301,61785,60410,6910,67320,1037
2021-08-09,Sutter,101,95872,10743,10525,118,10643,129
2021-08-09,Tehama,103,63373,5491,5373,680,6053,66
2021-08-09,Trinity,105,12862,467,378,107,485,3
2021-08-09,Tulare,107,460477,51987,51274,10734,62008,854
2021-08-09,Tuolumne,109,53932,4928,4745,42,4787,64
2021-08-09,Ventura,111,848112,86722,85514,3793,89307,1047
2021-08-09,Yolo,113,214977,15926,15521,634,16155,218
2021-08-09,Yuba,115,75493,7144,6994,166,7160,50
2021-08-08,Alameda,001,1643700,101699,99135,2394,101529,1276
2021-08-08,Alpine,003,1148,91,91,0,91,0
2021-08-08,Amador,005,37829,4194,4057,38,4095,48
2021-08-08,Butte,007,227075,14048,13791,2269,16060,205
2021-08-08,Calaveras,009,45235,2498,2462,17,2479,57
2021-08-08,Colusa,011,21464,2122,2070,403,2473,16
2021-08-08,Contra Costa,013,1133247,81746,79454,1666,81120,840
2021-08-08,Del Norte,015,27424,1951,1810,11,1821,8
2021-08-08,El Dorado,017,186661,11992,11631,1010,12641,117
2021-08-08,Fresno,019,978130,108775,107078,9768,116846,1747
2021-08-08,Glenn,021,27897,2561,2527,628,3155,20
2021-08-08,Humboldt,023,135768,5874,5571,101,5672,52
2021-08-08,Imperial,025,180216,29560,29485,2961,32446,745
2021-08-08,Inyo,027,18085,1487,1481,5,1486,39
2021-08-08,Kern,029,883053,102018,100909,13192,114101,1359
2021-08-08,Kings,031,150075,24486,24095,1346,25441,250
2021-08-08,Lake,033,64148,4782,4636,30,4666,66
2021-08-08,Lassen,035,31185,5448,5391,132,5523,21
2021-08-08,Los Angeles,037,10098052,1292694,1279982,49770,1329752,24793
2021-08-08,Madera,039,155013,17726,17398,1130,18528,245
2021-08-08,Marin,041,260295,15469,15124,319,15443,239
2021-08-08,Mariposa,043,17540,566,538,12,550,5
2021-08-08,Mendocino,045,87422,4929,4702,119,4821,49
2021-08-08,Merced,047,269075,32954,32634,1125,33759,477
2021-08-08,Modoc,049,8938,431,419,148,567,5
2021-08-08,Mono,051,14174,1329,1336,13,1349,3
2021-08-08,Monterey,053,433212,44423,44171,2208,46379,527
2021-08-08,Napa,055,140530,10884,10668,62,10730,83
2021-08-08,Nevada,057,99092,6349,6009,223,6232,73
2021-08-08,Orange,059,3164182,274241,270532,12974,283506,5153
2021-08-08,Placer,061,380077,27402,26332,2192,28524,305
2021-08-08,Plumas,063,18699,826,803,16,819,5
2021-08-08,Riverside,065,2383286,311743,308042,15515,323557,4562
2021-08-08,Sacramento,067,1510023,123579,120109,2453,122562,1744
2021-08-08,San Benito,069,59416,6418,6350,122,6472,63
2021-08-08,San Bernardino,071,2135413,311060,307378,10065,317443,5295
2021-08-08,San Diego,073,3302833,310618,305983,17769,323752,3811
2021-08-08,San Francisco,075,870044,44218,43098,1903,45001,564
2021-08-08,San Joaquin,077,732212,80240,79002,4286,83288,1469
2021-08-08,San Luis Obispo,079,281455,23021,22668,891,23559,263
2021-08-08,San Mateo,081,765935,46871,45927,766,46693,548
2021-08-08,Santa Barbara,083,443738,37036,36417,1381,37798,470
2021-08-08,Santa Clara,085,1922200,127430,125553,941,126494,2187
2021-08-08,Santa Cruz,087,273765,17329,17035,931,17966,209
2021-08-08,Shasta,089,179085,13739,13381,1907,15288,210
2021-08-08,Sierra,091,2930,81,74,14,88,0
2021-08-08,Siskiyou,093,43540,2171,2041,512,2553,32
2021-08-08,Solano,095,438530,37717,36551,834,37385,262
2021-08-08,Sonoma,097,501317,34837,33805,420,34225,333
2021-08-08,Stanislaus,099,539301,61444,60269,6863,67132,1037
2021-08-08,Sutter,101,95872,10683,10481,117,10598,129
2021-08-08,Tehama,103,63373,5453,5359,677,6036,66
2021-08-08,Trinity,105,12862,462,378,107,485,3
2021-08-08,Tulare,107,460477,51807,51220,10674,61894,854
2021-08-08,Tuolumne,109,53932,4889,4731,42,4773,64
2021-08-08,Ventura,111,848112,86432,85382,3783,89165,1047
2021-08-08,Yolo,113,214977,15834,15477,627,16104,218
2021-08-08,Yuba,115,75493,7105,6967,166,7133,50
2021-08-07,Alameda,001,1643700,101449,98812,2389,101201,1276
2021-08-07,Alpine,003,1148,91,91,0,91,0
2021-08-07,Amador,005,37829,4177,4041,37,4078,48
2021-08-07,Butte,007,227075,13997,13714,2257,15971,205
2021-08-07,Calaveras,009,45235,2488,2446,17,2463,57
2021-08-07,Colusa,011,21464,2117,2067,394,2461,16
2021-08-07,Contra Costa,013,1133247,81451,79168,1662,80830,840
2021-08-07,Del Norte,015,27424,1919,1791,11,1802,8
2021-08-07,El Dorado,017,186661,11942,11575,1001,12576,117
2021-08-07,Fresno,019,978130,108575,106861,9746,116607,1747
2021-08-07,Glenn,021,27897,2555,2515,626,3141,20
2021-08-07,Humboldt,023,135768,5824,5510,98,5608,52
2021-08-07,Imperial,025,180216,29541,29470,2961,32431,745
2021-08-07,Inyo,027,18085,1485,1476,5,1481,39
2021-08-07,Kern,029,883053,101862,100693,13136,113829,1359
2021-08-07,Kings,031,150075,24428,24048,1340,25388,250
2021-08-07,Lake,033,64148,4761,4613,30,4643,66
2021-08-07,Lassen,035,31185,5444,5386,132,5518,21
2021-08-07,Los Angeles,037,10098052,1290701,1276853,49612,1326465,24786
2021-08-07,Madera,039,155013,17694,17366,1124,18490,245
2021-08-07,Marin,041,260295,15436,15085,317,15402,239
2021-08-07,Mariposa,043,17540,563,530,12,542,5
2021-08-07,Mendocino,045,87422,4893,4690,117,4807,49
2021-08-07,Merced,047,269075,32890,32569,1122,33691,477
2021-08-07,Modoc,049,8938,431,419,148,567,5
2021-08-07,Mono,051,14174,1327,1329,13,1342,3
2021-08-07,Monterey,053,433212,44375,44124,2199,46323,527
2021-08-07,Napa,055,140530,10863,10658,61,10719,83
2021-08-07,Nevada,057,99092,6299,5967,221,6188,73
2021-08-07,Orange,059,3164182,273653,269900,12942,282842,5153
2021-08-07,Placer,061,380077,27215,26244,2183,28427,305
2021-08-07,Plumas,063,18699,822,801,16,817,5
2021-08-07,Riverside,065,2383286,311073,307326,15506,322832,4562
2021-08-07,Sacramento,067,1510023,123078,119636,2448,122084,1744
2021-08-07,San Benito,069,59416,6408,6332,122,6454,63
2021-08-07,San Bernardino,071,2135413,310471,306663,10047,316710,5295
2021-08-07,San Diego,073,3302833,309866,304974,17731,322705,3811
2021-08-07,San Francisco,075,870044,44058,42926,1876,44802,564
2021-08-07,San Joaquin,077,732212,80076,78769,4272,83041,1469
2021-08-07,San Luis Obispo,079,281455,22955,22579,890,23469,263
2021-08-07,San Mateo,081,765935,46755,45804,755,46559,548
2021-08-07,Santa Barbara,083,443738,36940,36303,1375,37678,470
2021-08-07,Santa Clara,085,1922200,127159,125196,936,126132,2188
2021-08-07,Santa Cruz,087,273765,17287,16994,929,17923,209
2021-08-07,Shasta,089,179085,13684,13361,1899,15260,210
2021-08-07,Sierra,091,2930,81,74,14,88,0
2021-08-07,Siskiyou,093,43540,2159,2039,510,2549,32
2021-08-07,Solano,095,438530,37601,36458,826,37284,262
2021-08-07,Sonoma,097,501317,34715,33716,420,34136,333
2021-08-07,Stanislaus,099,539301,61256,60093,6832,66925,1037
2021-08-07,Sutter,101,95872,10646,10447,117,10564,129
2021-08-07,Tehama,103,63373,5443,5343,672,6015,66
2021-08-07,Trinity,105,12862,458,377,106,483,3
2021-08-07,Tulare,107,460477,51721,51133,10636,61769,854
2021-08-07,Tuolumne,109,53932,4859,4721,42,4763,64
2021-08-07,Ventura,111,848112,86253,85232,3767,88999,1047
2021-08-07,Yolo,113,214977,15791,15423,619,16042,218
2021-08-07,Yuba,115,75493,7081,6937,164,7101,50
2021-08-06,Alameda,001,1643700,101118,98487,2382,100869,1275
2021-08-06,Alpine,003,1148,91,91,0,91,0
2021-08-06,Amador,005,37829,4156,4002,37,4039,48
2021-08-06,Butte,007,227075,13949,13626,2245,15871,205
2021-08-06,Calaveras,009,45235,2478,2419,17,2436,57
2021-08-06,Colusa,011,21464,2111,2045,388,2433,16
2021-08-06,Contra Costa,013,1133247,81157,78796,1656,80452,840
2021-08-06,Del Norte,015,27424,1891,1755,11,1766,8
2021-08-06,El Dorado,017,186661,11893,11498,989,12487,117
2021-08-06,Fresno,019,978130,108315,106542,9720,116262,1747
2021-08-06,Glenn,021,27897,2540,2504,624,3128,20
2021-08-06,Humboldt,023,135768,5773,5421,95,5516,52
2021-08-06,Imperial,025,180216,29530,29404,2957,32361,745
2021-08-06,Inyo,027,18085,1482,1471,5,1476,39
2021-08-06,Kern,029,883053,101685,100427,13050,113477,1359
2021-08-06,Kings,031,150075,24371,23974,1336,25310,250
2021-08-06,Lake,033,64148,4738,4557,30,4587,66
2021-08-06,Lassen,035,31185,5424,5368,130,5498,21
2021-08-06,Los Angeles,037,10098052,1288224,1273081,49459,1322540,24772
2021-08-06,Madera,039,155013,17655,17324,1115,18439,245
2021-08-06,Marin,041,260295,15403,15051,317,15368,239
2021-08-06,Mariposa,043,17540,554,511,12,523,5
2021-08-06,Mendocino,045,87422,4851,4649,116,4765,49
2021-08-06,Merced,047,269075,32830,32456,1119,33575,477
2021-08-06,Modoc,049,8938,431,419,148,567,5
2021-08-06,Mono,051,14174,1325,1328,13,1341,3
2021-08-06,Monterey,053,433212,44317,44058,2176,46234,527
2021-08-06,Napa,055,140530,10836,10620,61,10681,83
2021-08-06,Nevada,057,99092,6243,5874,221,6095,73
2021-08-06,Orange,059,3164182,273091,269077,12925,282002,5151
2021-08-06,Placer,061,380077,27092,26086,2160,28246,305
2021-08-06,Plumas,063,18699,813,795,16,811,5
2021-08-06,Riverside,065,2383286,310363,306304,15495,321799,4562
2021-08-06,Sacramento,067,1510023,122591,119169,2428,121597,1740
2021-08-06,San Benito,069,59416,6391,6315,122,6437,63
2021-08-06,San Bernardino,071,2135413,309773,305806,10038,315844,5286
2021-08-06,San Diego,073,3302833,308835,303691,17681,321372,3810
2021-08-06,San Francisco,075,870044,43906,42659,1853,44512,565
2021-08-06,San Joaquin,077,732212,79929,78405,4259,82664,1469
2021-08-06,San Luis Obispo,079,281455,22889,22472,885,23357,263
2021-08-06,San Mateo,081,765935,46614,45665,739,46404,548
2021-08-06,Santa Barbara,083,443738,36851,36208,1370,37578,470
2021-08-06,Santa Clara,085,1922200,126868,124767,931,125698,2185
2021-08-06,Santa Cruz,087,273765,17245,16924,925,17849,207
2021-08-06,Shasta,089,179085,13618,13284,1893,15177,210
2021-08-06,Sierra,091,2930,81,73,14,87,0
2021-08-06,Siskiyou,093,43540,2149,2030,506,2536,32
2021-08-06,Solano,095,438530,37492,36351,817,37168,262
2021-08-06,Sonoma,097,501317,34628,33594,419,34013,333
2021-08-06,Stanislaus,099,539301,61104,59854,6810,66664,1037
2021-08-06,Sutter,101,95872,10603,10391,117,10508,128
2021-08-06,Tehama,103,63373,5419,5325,671,5996,66
2021-08-06,Trinity,105,12862,457,371,105,476,3
2021-08-06,Tulare,107,460477,51622,51018,10588,61606,854
2021-08-06,Tuolumne,109,53932,4832,4674,42,4716,64
2021-08-06,Ventura,111,848112,86082,85046,3755,88801,1047
2021-08-06,Yolo,113,214977,15739,15299,612,15911,218
2021-08-06,Yuba,115,75493,7058,6904,164,7068,50
2021-08-05,Alameda,001,1643700,100627,98052,2377,100429,1275
2021-08-05,Alpine,003,1148,91,91,0,91,0
2021-08-05,Amador,005,37829,4136,3992,37,4029,48
2021-08-05,Butte,007,227075,13894,13564,2223,15787,206
2021-08-05,Calaveras,009,45235,2460,2397,17,2414,57
2021-08-05,Colusa,011,21464,2099,2036,384,2420,16
2021-08-05,Contra Costa,013,1133247,80730,78514,1648,80162,840
2021-08-05,Del Norte,015,27424,1864,1731,11,1742,8
2021-08-05,El Dorado,017,186661,11808,11408,978,12386,117
2021-08-05,Fresno,019,978130,107946,106219,9684,115903,1747
2021-08-05,Glenn,021,27897,2535,2494,621,3115,20
2021-08-05,Humboldt,023,135768,5700,5328,94,5422,52
2021-08-05,Imperial,025,180216,29499,29383,2953,32336,745
2021-08-05,Inyo,027,18085,1478,1468,5,1473,38
2021-08-05,Kern,029,883053,101463,100091,12965,113056,1358
2021-08-05,Kings,031,150075,24287,23906,1331,25237,249
2021-08-05,Lake,033,64148,4699,4490,28,4518,66
2021-08-05,Lassen,035,31185,5416,5344,130,5474,21
2021-08-05,Los Angeles,037,10098052,1285021,1269445,49328,1318773,24756
2021-08-05,Madera,039,155013,17614,17301,1107,18408,245
2021-08-05,Marin,041,260295,15359,15005,313,15318,239
2021-08-05,Mariposa,043,17540,543,504,11,515,5
2021-08-05,Mendocino,045,87422,4808,4597,107,4704,49
2021-08-05,Merced,047,269075,32763,32381,1108,33489,477
2021-08-05,Modoc,049,8938,430,418,148,566,5
2021-08-05,Mono,051,14174,1315,1309,13,1322,3
2021-08-05,Monterey,053,433212,44265,43992,2155,46147,527
2021-08-05,Napa,055,140530,10800,10591,59,10650,83
2021-08-05,Nevada,057,99092,6162,5778,218,5996,73
2021-08-05,Orange,059,3164182,272314,268329,12900,281229,5149
2021-08-05,Placer,061,380077,26895,25965,2131,28096,305
2021-08-05,Plumas,063,18699,807,787,15,802,5
2021-08-05,Riverside,065,2383286,309448,305415,15466,320881,4562
2021-08-05,Sacramento,067,1510023,121884,118590,2415,121005,1739
2021-08-05,San Benito,069,59416,6373,6305,122,6427,63
2021-08-05,San Bernardino,071,2135413,308940,304956,10017,314973,5284
2021-08-05,San Diego,073,3302833,307557,302220,17604,319824,3806
2021-08-05,San Francisco,075,870044,43700,42301,1840,44141,564
2021-08-05,San Joaquin,077,732212,79568,78151,4242,82393,1468
2021-08-05,San Luis Obispo,079,281455,22776,22362,880,23242,263
2021-08-05,San Mateo,081,765935,46452,45554,726,46280,548
2021-08-05,Santa Barbara,083,443738,36746,36112,1367,37479,470
2021-08-05,Santa Clara,085,1922200,126534,124490,930,125420,2185
2021-08-05,Santa Cruz,087,273765,17202,16867,922,17789,207
2021-08-05,Shasta,089,179085,13561,13217,1884,15101,210
2021-08-05,Sierra,091,2930,76,73,14,87,0
2021-08-05,Siskiyou,093,43540,2128,2024,496,2520,32
2021-08-05,Solano,095,438530,37318,36250,810,37060,262
2021-08-05,Sonoma,097,501317,34492,33455,418,33873,330
2021-08-05,Stanislaus,099,539301,60857,59692,6771,66463,1037
2021-08-05,Sutter,101,95872,10548,10349,117,10466,127
2021-08-05,Tehama,103,63373,5401,5305,667,5972,66
2021-08-05,Trinity,105,12862,451,367,105,472,3
2021-08-05,Tulare,107,460477,51507,50889,10529,61418,854
2021-08-05,Tuolumne,109,53932,4802,4619,42,4661,64
2021-08-05,Ventura,111,848112,85832,84837,3741,88578,1047
2021-08-05,Yolo,113,214977,15674,15250,601,15851,218
2021-08-05,Yuba,115,75493,7015,6872,162,7034,50
2021-08-04,Alameda,001,1643700,100122,97477,2366,99843,1274
2021-08-04,Alpine,003,1148,91,91,0,91,0
2021-08-04,Amador,005,37829,4106,3962,36,3998,48
2021-08-04,Butte,007,227075,13829,13509,2205,15714,205
2021-08-04,Calaveras,009,45235,2437,2374,17,2391,57
2021-08-04,Colusa,011,21464,2087,2025,378,2403,16
2021-08-04,Contra Costa,013,1133247,80215,77966,1642,79608,840
2021-08-04,Del Norte,015,27424,1841,1701,11,1712,8
2021-08-04,El Dorado,017,186661,11729,11319,967,12286,117
2021-08-04,Fresno,019,978130,107582,105899,9647,115546,1747
2021-08-04,Glenn,021,27897,2528,2487,621,3108,20
2021-08-04,Humboldt,023,135768,5624,5271,93,5364,52
2021-08-04,Imperial,025,180216,29451,29375,2951,32326,745
2021-08-04,Inyo,027,18085,1477,1465,5,1470,38
2021-08-04,Kern,029,883053,101213,99868,12880,112748,1358
2021-08-04,Kings,031,150075,24217,23840,1323,25163,250
2021-08-04,Lake,033,64148,4668,4423,22,4445,65
2021-08-04,Lassen,035,31185,5408,5340,130,5470,21
2021-08-04,Los Angeles,037,10098052,1281559,1265788,49164,1314952,24737
2021-08-04,Madera,039,155013,17579,17251,1100,18351,245
2021-08-04,Marin,041,260295,15312,14950,312,15262,239
2021-08-04,Mariposa,043,17540,528,497,11,508,5
2021-08-04,Mendocino,045,87422,4784,4560,103,4663,49
2021-08-04,Merced,047,269075,32625,32274,1103,33377,476
2021-08-04,Modoc,049,8938,430,416,148,564,5
2021-08-04,Mono,051,14174,1312,1307,13,1320,3
2021-08-04,Monterey,053,433212,44206,43926,2138,46064,526
2021-08-04,Napa,055,140530,10762,10544,59,10603,82
2021-08-04,Nevada,057,99092,6097,5702,217,5919,73
2021-08-04,Orange,059,3164182,271445,267199,12859,280058,5146
2021-08-04,Placer,061,380077,26678,25688,2111,27799,305
2021-08-04,Plumas,063,18699,800,784,15,799,5
2021-08-04,Riverside,065,2383286,308523,304272,15440,319712,4562
2021-08-04,Sacramento,067,1510023,121130,117882,2386,120268,1736
2021-08-04,San Benito,069,59416,6358,6300,122,6422,63
2021-08-04,San Bernardino,071,2135413,308087,304164,9999,314163,5285
2021-08-04,San Diego,073,3302833,306038,301100,17543,318643,3805
2021-08-04,San Francisco,075,870044,43450,41913,1823,43736,562
2021-08-04,San Joaquin,077,732212,79214,77846,4230,82076,1466
2021-08-04,San Luis Obispo,079,281455,22669,22245,874,23119,262
2021-08-04,San Mateo,081,765935,46288,45392,718,46110,548
2021-08-04,Santa Barbara,083,443738,36619,36013,1358,37371,470
2021-08-04,Santa Clara,085,1922200,126143,124127,923,125050,2183
2021-08-04,Santa Cruz,087,273765,17140,16820,915,17735,208
2021-08-04,Shasta,089,179085,13509,13134,1873,15007,211
2021-08-04,Sierra,091,2930,76,73,14,87,0
2021-08-04,Siskiyou,093,43540,2108,2010,491,2501,32
2021-08-04,Solano,095,438530,37121,36025,801,36826,262
2021-08-04,Sonoma,097,501317,34321,33311,416,33727,330
2021-08-04,Stanislaus,099,539301,60618,59396,6731,66127,1037
2021-08-04,Sutter,101,95872,10511,10294,117,10411,127
2021-08-04,Tehama,103,63373,5375,5281,662,5943,66
2021-08-04,Trinity,105,12862,449,362,102,464,3
2021-08-04,Tulare,107,460477,51398,50797,10484,61281,855
2021-08-04,Tuolumne,109,53932,4777,4584,42,4626,64
2021-08-04,Ventura,111,848112,85576,84406,3718,88124,1047
2021-08-04,Yolo,113,214977,15596,15189,588,15777,215
2021-08-04,Yuba,115,75493,6975,6827,160,6987,50
2021-08-03,Alameda,001,1643700,99663,97275,2361,99636,1270
2021-08-03,Alpine,003,1148,91,91,0,91,0
2021-08-03,Amador,005,37829,4070,3953,36,3989,48
2021-08-03,Butte,007,227075,13764,13468,2190,15658,205
2021-08-03,Calaveras,009,45235,2414,2356,17,2373,57
2021-08-03,Colusa,011,21464,2074,2023,372,2395,16
2021-08-03,Contra Costa,013,1133247,79732,77739,1636,79375,836
2021-08-03,Del Norte,015,27424,1810,1691,10,1701,8
2021-08-03,El Dorado,017,186661,11639,11255,957,12212,117
2021-08-03,Fresno,019,978130,107223,105732,9615,115347,1746
2021-08-03,Glenn,021,27897,2521,2481,619,3100,20
2021-08-03,Humboldt,023,135768,5559,5199,88,5287,52
2021-08-03,Imperial,025,180216,29429,29333,2944,32277,745
2021-08-03,Inyo,027,18085,1474,1459,5,1464,38
2021-08-03,Kern,029,883053,100952,99708,12801,112509,1358
2021-08-03,Kings,031,150075,24129,23780,1316,25096,249
2021-08-03,Lake,033,64148,4612,4408,18,4426,66
2021-08-03,Lassen,035,31185,5398,5341,130,5471,21
2021-08-03,Los Angeles,037,10098052,1277839,1262678,48985,1311663,24721
2021-08-03,Madera,039,155013,17539,17220,1084,18304,245
2021-08-03,Marin,041,260295,15263,14906,309,15215,243
2021-08-03,Mariposa,043,17540,517,495,11,506,5
2021-08-03,Mendocino,045,87422,4735,4546,101,4647,49
2021-08-03,Merced,047,269075,32542,32197,1101,33298,476
2021-08-03,Modoc,049,8938,430,416,148,564,5
2021-08-03,Mono,051,14174,1306,1303,13,1316,3
2021-08-03,Monterey,053,433212,44146,43872,2122,45994,525
2021-08-03,Napa,055,140530,10719,10527,58,10585,82
2021-08-03,Nevada,057,99092,6016,5685,216,5901,73
2021-08-03,Orange,059,3164182,270706,266649,12827,279476,5146
2021-08-03,Placer,061,380077,26476,25624,2086,27710,305
2021-08-03,Plumas,063,18699,794,779,15,794,5
2021-08-03,Riverside,065,2383286,307601,303499,15413,318912,4562
2021-08-03,Sacramento,067,1510023,120388,117591,2364,119955,1732
2021-08-03,San Benito,069,59416,6342,6284,121,6405,63
2021-08-03,San Bernardino,071,2135413,307169,303386,9978,313364,5265
2021-08-03,San Diego,073,3302833,304588,300189,17443,317632,3803
2021-08-03,San Francisco,075,870044,43172,41758,1798,43556,562
2021-08-03,San Joaquin,077,732212,78865,77615,4211,81826,1461
2021-08-03,San Luis Obispo,079,281455,22534,22166,868,23034,264
2021-08-03,San Mateo,081,765935,46108,45255,698,45953,548
2021-08-03,Santa Barbara,083,443738,36500,35912,1352,37264,469
2021-08-03,Santa Clara,085,1922200,125722,123914,917,124831,2183
2021-08-03,Santa Cruz,087,273765,17073,16778,912,17690,207
2021-08-03,Shasta,089,179085,13435,13091,1862,14953,211
2021-08-03,Sierra,091,2930,76,72,14,86,0
2021-08-03,Siskiyou,093,43540,2097,1998,486,2484,32
2021-08-03,Solano,095,438530,36911,35953,789,36742,261
2021-08-03,Sonoma,097,501317,34139,33243,415,33658,330
2021-08-03,Stanislaus,099,539301,60386,59282,6712,65994,1037
2021-08-03,Sutter,101,95872,10471,10263,116,10379,127
2021-08-03,Tehama,103,63373,5350,5269,657,5926,66
2021-08-03,Trinity,105,12862,445,361,99,460,3
2021-08-03,Tulare,107,460477,51303,50729,10437,61166,854
2021-08-03,Tuolumne,109,53932,4742,4563,42,4605,64
2021-08-03,Ventura,111,848112,85336,84270,3695,87965,1046
2021-08-03,Yolo,113,214977,15505,15149,574,15723,215
2021-08-03,Yuba,115,75493,6939,6781,158,6939,50
2021-08-02,Alameda,001,1643700,99104,96954,2356,99310,1270
2021-08-02,Alpine,003,1148,91,91,0,91,0
2021-08-02,Amador,005,37829,4050,3927,36,3963,48
2021-08-02,Butte,007,227075,13688,13442,2171,15613,205
2021-08-02,Calaveras,009,45235,2385,2347,17,2364,57
2021-08-02,Colusa,011,21464,2062,2019,369,2388,16
2021-08-02,Contra Costa,013,1133247,79225,77516,1621,79137,836
2021-08-02,Del Norte,015,27424,1780,1653,10,1663,8
2021-08-02,El Dorado,017,186661,11535,11226,943,12169,116
2021-08-02,Fresno,019,978130,106881,105471,9578,115049,1744
2021-08-02,Glenn,021,27897,2513,2477,617,3094,20
2021-08-02,Humboldt,023,135768,5475,5161,86,5247,52
2021-08-02,Imperial,025,180216,29396,29302,2941,32243,743
2021-08-02,Inyo,027,18085,1468,1455,5,1460,38
2021-08-02,Kern,029,883053,100697,99556,12706,112262,1357
2021-08-02,Kings,031,150075,24060,23722,1309,25031,249
2021-08-02,Lake,033,64148,4570,4375,18,4393,66
2021-08-02,Lassen,035,31185,5375,5338,128,5466,21
2021-08-02,Los Angeles,037,10098052,1274132,1260807,48771,1309578,24705
2021-08-02,Madera,039,155013,17497,17158,1070,18228,245
2021-08-02,Marin,041,260295,15220,14859,307,15166,239
2021-08-02,Mariposa,043,17540,508,490,11,501,5
2021-08-02,Mendocino,045,87422,4695,4512,98,4610,49
2021-08-02,Merced,047,269075,32444,32163,1094,33257,474
2021-08-02,Modoc,049,8938,430,415,148,563,5
2021-08-02,Mono,051,14174,1302,1296,13,1309,3
2021-08-02,Monterey,053,433212,44088,43842,2112,45954,525
2021-08-02,Napa,055,140530,10676,10490,55,10545,82
2021-08-02,Nevada,057,99092,5945,5611,215,5826,73
2021-08-02,Orange,059,3164182,269794,266050,12780,278830,5146
2021-08-02,Placer,061,380077,26329,25516,2050,27566,306
2021-08-02,Plumas,063,18699,787,762,15,777,5
2021-08-02,Riverside,065,2383286,306665,302756,15397,318153,4562
2021-08-02,Sacramento,067,1510023,119691,117183,2343,119526,1728
2021-08-02,San Benito,069,59416,6323,6276,120,6396,63
2021-08-02,San Bernardino,071,2135413,306295,303000,9944,312944,5253
2021-08-02,San Diego,073,3302833,303096,299021,17374,316395,3798
2021-08-02,San Francisco,075,870044,42881,41553,1770,43323,562
2021-08-02,San Joaquin,077,732212,78525,77447,4184,81631,1461
2021-08-02,San Luis Obispo,079,281455,22441,22093,863,22956,261
2021-08-02,San Mateo,081,765935,45943,45154,675,45829,548
2021-08-02,Santa Barbara,083,443738,36362,35851,1346,37197,469
2021-08-02,Santa Clara,085,1922200,125252,123655,909,124564,2183
2021-08-02,Santa Cruz,087,273765,17016,16746,908,17654,207
2021-08-02,Shasta,089,179085,13372,13049,1848,14897,212
2021-08-02,Sierra,091,2930,76,71,14,85,0
2021-08-02,Siskiyou,093,43540,2086,1992,472,2464,31
2021-08-02,Solano,095,438530,36668,35852,780,36632,260
2021-08-02,Sonoma,097,501317,33912,33132,410,33542,330
2021-08-02,Stanislaus,099,539301,60153,59160,6684,65844,1037
2021-08-02,Sutter,101,95872,10425,10220,116,10336,127
2021-08-02,Tehama,103,63373,5326,5260,653,5913,66
2021-08-02,Trinity,105,12862,440,359,98,457,3
2021-08-02,Tulare,107,460477,51202,50640,10363,61003,854
2021-08-02,Tuolumne,109,53932,4676,4524,42,4566,64
2021-08-02,Ventura,111,848112,85152,84143,3672,87815,1044
2021-08-02,Yolo,113,214977,15406,15072,555,15627,215
2021-08-02,Yuba,115,75493,6897,6743,155,6898,50
2021-08-01,Alameda,001,1643700,98568,96775,2351,99126,1270
2021-08-01,Alpine,003,1148,91,91,0,91,0
2021-08-01,Amador,005,37829,4013,3923,35,3958,48
2021-08-01,Butte,007,227075,13607,13406,2154,15560,205
2021-08-01,Calaveras,009,45235,2360,2341,17,2358,57
2021-08-01,Colusa,011,21464,2051,2014,367,2381,16
2021-08-01,Contra Costa,013,1133247,78789,77360,1613,78973,836
2021-08-01,Del Norte,015,27424,1747,1642,10,1652,8
2021-08-01,El Dorado,017,186661,11434,11189,933,12122,116
2021-08-01,Fresno,019,978130,106555,105339,9532,114871,1744
2021-08-01,Glenn,021,27897,2507,2476,615,3091,20
2021-08-01,Humboldt,023,135768,5399,5118,82,5200,52
2021-08-01,Imperial,025,180216,29361,29297,2937,32234,743
2021-08-01,Inyo,027,18085,1466,1454,5,1459,38
2021-08-01,Kern,029,883053,100422,99396,12629,112025,1357
2021-08-01,Kings,031,150075,23972,23700,1303,25003,249
2021-08-01,Lake,033,64148,4491,4356,18,4374,66
2021-08-01,Lassen,035,31185,5362,5336,126,5462,21
2021-08-01,Los Angeles,037,10098052,1270462,1258461,48540,1307001,24700
2021-08-01,Madera,039,155013,17440,17146,1065,18211,245
2021-08-01,Marin,041,260295,15143,14844,306,15150,239
2021-08-01,Mariposa,043,17540,501,482,11,493,5
2021-08-01,Mendocino,045,87422,4649,4476,94,4570,49
2021-08-01,Merced,047,269075,32355,32144,1087,33231,474
2021-08-01,Modoc,049,8938,428,413,148,561,5
2021-08-01,Mono,051,14174,1299,1294,13,1307,3
2021-08-01,Monterey,053,433212,44042,43808,2097,45905,525
2021-08-01,Napa,055,140530,10630,10473,53,10526,82
2021-08-01,Nevada,057,99092,5861,5561,214,5775,73
2021-08-01,Orange,059,3164182,268992,265467,12736,278203,5146
2021-08-01,Placer,061,380077,26114,25464,2020,27484,306
2021-08-01,Plumas,063,18699,781,761,15,776,5
2021-08-01,Riverside,065,2383286,305735,302256,15378,317634,4562
2021-08-01,Sacramento,067,1510023,118957,116923,2327,119250,1727
2021-08-01,San Benito,069,59416,6306,6271,120,6391,63
2021-08-01,San Bernardino,071,2135413,305361,302542,9933,312475,5248
2021-08-01,San Diego,073,3302833,301902,298002,17316,315318,3798
2021-08-01,San Francisco,075,870044,42543,41432,1756,43188,562
2021-08-01,San Joaquin,077,732212,78159,77338,4157,81495,1461
2021-08-01,San Luis Obispo,079,281455,22338,22083,858,22941,261
2021-08-01,San Mateo,081,765935,45771,45036,659,45695,548
2021-08-01,Santa Barbara,083,443738,36243,35809,1342,37151,469
2021-08-01,Santa Clara,085,1922200,124842,123511,900,124411,2183
2021-08-01,Santa Cruz,087,273765,16940,16709,898,17607,207
2021-08-01,Shasta,089,179085,13301,13036,1839,14875,212
2021-08-01,Sierra,091,2930,74,71,14,85,0
2021-08-01,Siskiyou,093,43540,2080,1989,466,2455,31
2021-08-01,Solano,095,438530,36449,35800,773,36573,260
2021-08-01,Sonoma,097,501317,33720,33076,407,33483,330
2021-08-01,Stanislaus,099,539301,59912,59078,6651,65729,1037
2021-08-01,Sutter,101,95872,10370,10198,113,10311,127
2021-08-01,Tehama,103,63373,5310,5252,648,5900,66
2021-08-01,Trinity,105,12862,437,359,97,456,3
2021-08-01,Tulare,107,460477,51046,50600,10299,60899,854
2021-08-01,Tuolumne,109,53932,4638,4489,42,4531,64
2021-08-01,Ventura,111,848112,84922,84040,3657,87697,1044
2021-08-01,Yolo,113,214977,15335,15042,545,15587,215
2021-08-01,Yuba,115,75493,6859,6721,154,6875,50
2021-07-31,Alameda,001,1643700,98248,95279,2345,97624,1265
2021-07-31,Alpine,003,1148,91,89,0,89,0
2021-07-31,Amador,005,37829,3993,3877,35,3912,48
2021-07-31,Butte,007,227075,13575,13235,2133,15368,205
2021-07-31,Calaveras,009,45235,2353,2294,17,2311,57
2021-07-31,Colusa,011,21464,2045,2006,365,2371,16
2021-07-31,Contra Costa,013,1133247,78510,75866,1611,77477,832
2021-07-31,Del Norte,015,27424,1722,1576,10,1586,8
2021-07-31,El Dorado,017,186661,11381,11017,927,11944,116
2021-07-31,Fresno,019,978130,106397,104639,9517,114156,1744
2021-07-31,Glenn,021,27897,2502,2465,610,3075,20
2021-07-31,Humboldt,023,135768,5344,4978,81,5059,52
2021-07-31,Imperial,025,180216,29344,29164,2934,32098,743
2021-07-31,Inyo,027,18085,1463,1442,5,1447,38
2021-07-31,Kern,029,883053,100258,98903,12569,111472,1357
2021-07-31,Kings,031,150075,23920,23548,1298,24846,248
2021-07-31,Lake,033,64148,4467,4238,17,4255,66
2021-07-31,Lassen,035,31185,5356,5320,126,5446,21
2021-07-31,Los Angeles,037,10098052,1268282,1248545,48387,1296932,24691
2021-07-31,Madera,039,155013,17407,17058,1059,18117,245
2021-07-31,Marin,041,260295,15099,14701,305,15006,239
2021-07-31,Mariposa,043,17540,492,470,11,481,5
2021-07-31,Mendocino,045,87422,4624,4400,91,4491,49
2021-07-31,Merced,047,269075,32308,31959,1081,33040,474
2021-07-31,Modoc,049,8938,428,413,148,561,5
2021-07-31,Mono,051,14174,1298,1287,13,1300,3
2021-07-31,Monterey,053,433212,44004,43720,2088,45808,525
2021-07-31,Napa,055,140530,10610,10401,52,10453,82
2021-07-31,Nevada,057,99092,5822,5373,213,5586,72
2021-07-31,Orange,059,3164182,268421,263446,12715,276161,5144
2021-07-31,Placer,061,380077,25981,25104,2013,27117,306
2021-07-31,Plumas,063,18699,778,743,15,758,5
2021-07-31,Riverside,065,2383286,305118,300315,15369,315684,4554
2021-07-31,Sacramento,067,1510023,118546,115259,2321,117580,1720
2021-07-31,San Benito,069,59416,6295,6251,120,6371,63
2021-07-31,San Bernardino,071,2135413,304793,300726,9930,310656,5240
2021-07-31,San Diego,073,3302833,301225,295054,17279,312333,3798
2021-07-31,San Francisco,075,870044,42324,40412,1730,42142,562
2021-07-31,San Joaquin,077,732212,77994,76575,4144,80719,1443
2021-07-31,San Luis Obispo,079,281455,22283,21922,856,22778,260
2021-07-31,San Mateo,081,765935,45621,44622,647,45269,548
2021-07-31,Santa Barbara,083,443738,36163,35531,1340,36871,467
2021-07-31,Santa Clara,085,1922200,124586,122614,898,123512,2099
2021-07-31,Santa Cruz,087,273765,16901,16576,897,17473,207
2021-07-31,Shasta,089,179085,13265,12918,1831,14749,212
2021-07-31,Sierra,091,2930,74,68,14,82,0
2021-07-31,Siskiyou,093,43540,2071,1976,460,2436,31
2021-07-31,Solano,095,438530,36350,35340,767,36107,263
2021-07-31,Sonoma,097,501317,33595,32601,407,33008,329
2021-07-31,Stanislaus,099,539301,59751,58586,6627,65213,1035
2021-07-31,Sutter,101,95872,10335,10068,112,10180,127
2021-07-31,Tehama,103,63373,5295,5216,645,5861,66
2021-07-31,Trinity,105,12862,436,354,96,450,3
2021-07-31,Tulare,107,460477,50962,50409,10241,60650,854
2021-07-31,Tuolumne,109,53932,4599,4362,42,4404,64
2021-07-31,Ventura,111,848112,84761,83509,3640,87149,1044
2021-07-31,Yolo,113,214977,15287,14863,533,15396,215
2021-07-31,Yuba,115,75493,6836,6615,150,6765,50
2021-07-30,Alameda,001,1643700,97915,95279,2341,97620,1265
2021-07-30,Alpine,003,1148,91,89,0,89,0
2021-07-30,Amador,005,37829,3970,3877,35,3912,48
2021-07-30,Butte,007,227075,13520,13235,2120,15355,205
2021-07-30,Calaveras,009,45235,2348,2294,17,2311,57
2021-07-30,Colusa,011,21464,2041,2006,363,2369,16
2021-07-30,Contra Costa,013,1133247,78268,75866,1607,77473,832
2021-07-30,Del Norte,015,27424,1704,1576,10,1586,8
2021-07-30,El Dorado,017,186661,11349,11017,920,11937,116
2021-07-30,Fresno,019,978130,106202,104639,9505,114144,1744
2021-07-30,Glenn,021,27897,2497,2465,609,3074,20
2021-07-30,Humboldt,023,135768,5280,4978,78,5056,52
2021-07-30,Imperial,025,180216,29330,29164,2931,32095,743
2021-07-30,Inyo,027,18085,1462,1442,5,1447,38
2021-07-30,Kern,029,883053,100135,98903,12520,111423,1357
2021-07-30,Kings,031,150075,23879,23548,1294,24842,248
2021-07-30,Lake,033,64148,4439,4238,17,4255,66
2021-07-30,Lassen,035,31185,5352,5320,126,5446,21
2021-07-30,Los Angeles,037,10098052,1265970,1248545,48231,1296776,24691
2021-07-30,Madera,039,155013,17365,17058,1056,18114,245
2021-07-30,Marin,041,260295,15065,14701,305,15006,239
2021-07-30,Mariposa,043,17540,489,470,11,481,5
2021-07-30,Mendocino,045,87422,4594,4400,90,4490,49
2021-07-30,Merced,047,269075,32267,31959,1076,33035,474
2021-07-30,Modoc,049,8938,426,413,148,561,5
2021-07-30,Mono,051,14174,1292,1287,13,1300,3
2021-07-30,Monterey,053,433212,43971,43720,2078,45798,525
2021-07-30,Napa,055,140530,10588,10401,51,10452,82
2021-07-30,Nevada,057,99092,5765,5373,213,5586,72
2021-07-30,Orange,059,3164182,267795,263446,12687,276133,5144
2021-07-30,Placer,061,380077,25892,25104,1995,27099,306
2021-07-30,Plumas,063,18699,773,743,15,758,5
2021-07-30,Riverside,065,2383286,304481,300315,15358,315673,4554
2021-07-30,Sacramento,067,1510023,118095,115259,2317,117576,1720
2021-07-30,San Benito,069,59416,6288,6251,120,6371,63
2021-07-30,San Bernardino,071,2135413,304282,300726,9924,310650,5240
2021-07-30,San Diego,073,3302833,300453,295054,17221,312275,3798
2021-07-30,San Francisco,075,870044,42111,40412,1714,42126,562
2021-07-30,San Joaquin,077,732212,77841,76575,4138,80713,1443
2021-07-30,San Luis Obispo,079,281455,22247,21922,852,22774,260
2021-07-30,San Mateo,081,765935,45500,44622,631,45253,548
2021-07-30,Santa Barbara,083,443738,36095,35531,1334,36865,467
2021-07-30,Santa Clara,085,1922200,124362,122614,896,123510,2099
2021-07-30,Santa Cruz,087,273765,16875,16576,895,17471,207
2021-07-30,Shasta,089,179085,13218,12918,1831,14749,212
2021-07-30,Sierra,091,2930,73,68,14,82,0
2021-07-30,Siskiyou,093,43540,2062,1976,459,2435,31
2021-07-30,Solano,095,438530,36260,35340,751,36091,263
2021-07-30,Sonoma,097,501317,33501,32601,407,33008,329
2021-07-30,Stanislaus,099,539301,59606,58586,6607,65193,1035
2021-07-30,Sutter,101,95872,10299,10068,112,10180,127
2021-07-30,Tehama,103,63373,5284,5216,645,5861,66
2021-07-30,Trinity,105,12862,436,354,96,450,3
2021-07-30,Tulare,107,460477,50919,50409,10204,60613,854
2021-07-30,Tuolumne,109,53932,4581,4362,42,4404,64
2021-07-30,Ventura,111,848112,84599,83509,3623,87132,1044
2021-07-30,Yolo,113,214977,15226,14863,529,15392,215
2021-07-30,Yuba,115,75493,6800,6615,149,6764,50
2021-07-29,Alameda,001,1643700,97489,95279,2336,97615,1265
2021-07-29,Alpine,003,1148,91,89,0,89,0
2021-07-29,Amador,005,37829,3951,3877,35,3912,48
2021-07-29,Butte,007,227075,13472,13235,2112,15347,205
2021-07-29,Calaveras,009,45235,2328,2294,17,2311,57
2021-07-29,Colusa,011,21464,2034,2006,363,2369,16
2021-07-29,Contra Costa,013,1133247,77831,75866,1603,77469,832
2021-07-29,Del Norte,015,27424,1680,1576,10,1586,8
2021-07-29,El Dorado,017,186661,11284,11017,908,11925,116
2021-07-29,Fresno,019,978130,105940,104639,9478,114117,1744
2021-07-29,Glenn,021,27897,2487,2465,608,3073,20
2021-07-29,Humboldt,023,135768,5219,4978,76,5054,52
2021-07-29,Imperial,025,180216,29284,29164,2929,32093,743
2021-07-29,Inyo,027,18085,1458,1442,5,1447,38
2021-07-29,Kern,029,883053,99928,98903,12442,111345,1357
2021-07-29,Kings,031,150075,23835,23548,1289,24837,248
2021-07-29,Lake,033,64148,4404,4238,17,4255,66
2021-07-29,Lassen,035,31185,5344,5320,123,5443,21
2021-07-29,Los Angeles,037,10098052,1262896,1248545,48040,1296585,24691
2021-07-29,Madera,039,155013,17320,17058,1051,18109,245
2021-07-29,Marin,041,260295,15022,14701,305,15006,239
2021-07-29,Mariposa,043,17540,485,470,11,481,5
2021-07-29,Mendocino,045,87422,4571,4400,88,4488,49
2021-07-29,Merced,047,269075,32212,31959,1076,33035,474
2021-07-29,Modoc,049,8938,426,413,148,561,5
2021-07-29,Mono,051,14174,1291,1287,13,1300,3
2021-07-29,Monterey,053,433212,43922,43720,2067,45787,525
2021-07-29,Napa,055,140530,10556,10401,49,10450,82
2021-07-29,Nevada,057,99092,5713,5373,212,5585,72
2021-07-29,Orange,059,3164182,267090,263446,12654,276100,5144
2021-07-29,Placer,061,380077,25770,25104,1979,27083,306
2021-07-29,Plumas,063,18699,765,743,15,758,5
2021-07-29,Riverside,065,2383286,303777,300315,15334,315649,4554
2021-07-29,Sacramento,067,1510023,117539,115259,2303,117562,1720
2021-07-29,San Benito,069,59416,6277,6251,120,6371,63
2021-07-29,San Bernardino,071,2135413,303646,300726,9914,310640,5240
2021-07-29,San Diego,073,3302833,299391,295054,17161,312215,3798
2021-07-29,San Francisco,075,870044,41867,40412,1690,42102,562
2021-07-29,San Joaquin,077,732212,77586,76575,4130,80705,1443
2021-07-29,San Luis Obispo,079,281455,22193,21922,850,22772,260
2021-07-29,San Mateo,081,765935,45373,44622,621,45243,548
2021-07-29,Santa Barbara,083,443738,36011,35531,1332,36863,467
2021-07-29,Santa Clara,085,1922200,124066,122614,893,123507,2099
2021-07-29,Santa Cruz,087,273765,16822,16576,893,17469,207
2021-07-29,Shasta,089,179085,13164,12918,1822,14740,212
2021-07-29,Sierra,091,2930,73,68,14,82,0
2021-07-29,Siskiyou,093,43540,2057,1976,457,2433,31
2021-07-29,Solano,095,438530,36105,35340,741,36081,263
2021-07-29,Sonoma,097,501317,33327,32601,405,33006,329
2021-07-29,Stanislaus,099,539301,59433,58586,6589,65175,1035
2021-07-29,Sutter,101,95872,10253,10068,111,10179,127
2021-07-29,Tehama,103,63373,5272,5216,639,5855,66
2021-07-29,Trinity,105,12862,434,354,95,449,3
2021-07-29,Tulare,107,460477,50831,50409,10162,60571,854
2021-07-29,Tuolumne,109,53932,4543,4362,41,4403,64
2021-07-29,Ventura,111,848112,84431,83509,3616,87125,1044
2021-07-29,Yolo,113,214977,15158,14863,516,15379,215
2021-07-29,Yuba,115,75493,6752,6615,146,6761,50
2021-07-28,Alameda,001,1643700,97027,94965,2329,97294,1262
2021-07-28,Alpine,003,1148,91,89,0,89,0
2021-07-28,Amador,005,37829,3937,3870,35,3905,48
2021-07-28,Butte,007,227075,13416,13184,2099,15283,205
2021-07-28,Calaveras,009,45235,2314,2289,17,2306,57
2021-07-28,Colusa,011,21464,2030,2001,362,2363,16
2021-07-28,Contra Costa,013,1133247,77348,75487,1595,77082,832
2021-07-28,Del Norte,015,27424,1647,1545,10,1555,8
2021-07-28,El Dorado,017,186661,11235,10967,898,11865,116
2021-07-28,Fresno,019,978130,105694,104458,9458,113916,1744
2021-07-28,Glenn,021,27897,2483,2464,605,3069,20
2021-07-28,Humboldt,023,135768,5168,4946,75,5021,52
2021-07-28,Imperial,025,180216,29237,29096,2929,32025,743
2021-07-28,Inyo,027,18085,1452,1439,4,1443,38
2021-07-28,Kern,029,883053,99773,98781,12394,111175,1352
2021-07-28,Kings,031,150075,23771,23503,1279,24782,248
2021-07-28,Lake,033,64148,4358,4191,15,4206,65
2021-07-28,Lassen,035,31185,5336,5318,123,5441,21
2021-07-28,Los Angeles,037,10098052,1259744,1245485,47866,1293351,24673
2021-07-28,Madera,039,155013,17279,17024,1045,18069,245
2021-07-28,Marin,041,260295,14967,14652,305,14957,239
2021-07-28,Mariposa,043,17540,478,469,11,480,5
2021-07-28,Mendocino,045,87422,4543,4377,88,4465,49
2021-07-28,Merced,047,269075,32148,31886,1072,32958,474
2021-07-28,Modoc,049,8938,424,413,148,561,5
2021-07-28,Mono,051,14174,1290,1286,13,1299,3
2021-07-28,Monterey,053,433212,43875,43668,2057,45725,524
2021-07-28,Napa,055,140530,10516,10376,47,10423,82
2021-07-28,Nevada,057,99092,5658,5320,212,5532,72
2021-07-28,Orange,059,3164182,266302,262735,12622,275357,5143
2021-07-28,Placer,061,380077,25622,24978,1963,26941,306
2021-07-28,Plumas,063,18699,760,754,15,769,5
2021-07-28,Riverside,065,2383286,303009,299611,15314,314925,4554
2021-07-28,Sacramento,067,1510023,116887,114665,2282,116947,1714
2021-07-28,San Benito,069,59416,6266,6236,120,6356,63
2021-07-28,San Bernardino,071,2135413,303021,300121,9901,310022,5236
2021-07-28,San Diego,073,3302833,298107,294176,17096,311272,3798
2021-07-28,San Francisco,075,870044,41534,40144,1663,41807,561
2021-07-28,San Joaquin,077,732212,77338,76312,4099,80411,1443
2021-07-28,San Luis Obispo,079,281455,22134,21865,849,22714,260
2021-07-28,San Mateo,081,765935,45224,44477,611,45088,547
2021-07-28,Santa Barbara,083,443738,35935,35431,1327,36758,467
2021-07-28,Santa Clara,085,1922200,123805,122345,891,123236,2099
2021-07-28,Santa Cruz,087,273765,16784,16551,892,17443,207
2021-07-28,Shasta,089,179085,13119,12882,1811,14693,212
2021-07-28,Sierra,091,2930,69,67,14,81,0
2021-07-28,Siskiyou,093,43540,2048,1971,454,2425,31
2021-07-28,Solano,095,438530,35936,35204,733,35937,262
2021-07-28,Sonoma,097,501317,33184,32434,402,32836,328
2021-07-28,Stanislaus,099,539301,59235,58427,6572,64999,1035
2021-07-28,Sutter,101,95872,10221,10033,110,10143,126
2021-07-28,Tehama,103,63373,5260,5209,636,5845,66
2021-07-28,Trinity,105,12862,433,352,95,447,3
2021-07-28,Tulare,107,460477,50743,50363,10113,60476,854
2021-07-28,Tuolumne,109,53932,4504,4313,41,4354,64
2021-07-28,Ventura,111,848112,84236,83360,3600,86960,1043
2021-07-28,Yolo,113,214977,15087,14801,509,15310,215
2021-07-28,Yuba,115,75493,6719,6591,145,6736,51
2021-07-27,Alameda,001,1643700,96622,94682,2320,97002,1256
2021-07-27,Alpine,003,1148,91,89,0,89,0
2021-07-27,Amador,005,37829,3921,3861,35,3896,48
2021-07-27,Butte,007,227075,13367,13127,2088,15215,205
2021-07-27,Calaveras,009,45235,2302,2280,17,2297,57
2021-07-27,Colusa,011,21464,2022,1999,361,2360,16
2021-07-27,Contra Costa,013,1133247,76859,75227,1591,76818,830
2021-07-27,Del Norte,015,27424,1626,1538,10,1548,8
2021-07-27,El Dorado,017,186661,11175,10941,888,11829,116
2021-07-27,Fresno,019,978130,105403,104288,9433,113721,1746
2021-07-27,Glenn,021,27897,2475,2460,603,3063,20
2021-07-27,Humboldt,023,135768,5114,4925,74,4999,52
2021-07-27,Imperial,025,180216,29192,29048,2928,31976,743
2021-07-27,Inyo,027,18085,1450,1430,4,1434,38
2021-07-27,Kern,029,883053,99604,98724,12337,111061,1352
2021-07-27,Kings,031,150075,23715,23463,1268,24731,248
2021-07-27,Lake,033,64148,4319,4157,15,4172,65
2021-07-27,Lassen,035,31185,5330,5315,123,5438,21
2021-07-27,Los Angeles,037,10098052,1256317,1243336,47689,1291025,24658
2021-07-27,Madera,039,155013,17227,16998,1040,18038,245
2021-07-27,Marin,041,260295,14919,14631,302,14933,239
2021-07-27,Mariposa,043,17540,475,468,11,479,5
2021-07-27,Mendocino,045,87422,4519,4371,88,4459,49
2021-07-27,Merced,047,269075,32082,31825,1068,32893,473
2021-07-27,Modoc,049,8938,423,413,148,561,5
2021-07-27,Mono,051,14174,1286,1288,13,1301,3
2021-07-27,Monterey,053,433212,43835,43646,2046,45692,523
2021-07-27,Napa,055,140530,10486,10354,47,10401,82
2021-07-27,Nevada,057,99092,5580,5305,210,5515,72
2021-07-27,Orange,059,3164182,265563,262193,12596,274789,5143
2021-07-27,Placer,061,380077,25463,24916,1937,26853,306
2021-07-27,Plumas,063,18699,757,752,15,767,5
2021-07-27,Riverside,065,2383286,302278,299160,15295,314455,4554
2021-07-27,Sacramento,067,1510023,116284,114413,2272,116685,1710
2021-07-27,San Benito,069,59416,6257,6229,120,6349,63
2021-07-27,San Bernardino,071,2135413,302314,299593,9879,309472,5236
2021-07-27,San Diego,073,3302833,297015,293408,17023,310431,3798
2021-07-27,San Francisco,075,870044,41176,39939,1643,41582,561
2021-07-27,San Joaquin,077,732212,77077,76166,4078,80244,1442
2021-07-27,San Luis Obispo,079,281455,22079,21803,840,22643,260
2021-07-27,San Mateo,081,765935,45072,44378,606,44984,547
2021-07-27,Santa Barbara,083,443738,35837,35355,1325,36680,467
2021-07-27,Santa Clara,085,1922200,123512,122154,889,123043,2099
2021-07-27,Santa Cruz,087,273765,16738,16523,891,17414,207
2021-07-27,Shasta,089,179085,13068,12846,1798,14644,212
2021-07-27,Sierra,091,2930,69,65,14,79,0
2021-07-27,Siskiyou,093,43540,2043,1964,451,2415,31
2021-07-27,Solano,095,438530,35810,35093,723,35816,261
2021-07-27,Sonoma,097,501317,33038,32367,400,32767,328
2021-07-27,Stanislaus,099,539301,59064,58333,6546,64879,1033
2021-07-27,Sutter,101,95872,10180,9998,110,10108,115
2021-07-27,Tehama,103,63373,5239,5192,634,5826,66
2021-07-27,Trinity,105,12862,432,351,95,446,3
2021-07-27,Tulare,107,460477,50677,50324,10081,60405,854
2021-07-27,Tuolumne,109,53932,4452,4282,41,4323,64
2021-07-27,Ventura,111,848112,84029,83189,3587,86776,1043
2021-07-27,Yolo,113,214977,15013,14759,503,15262,215
2021-07-27,Yuba,115,75493,6697,6564,143,6707,51
2021-07-26,Alameda,001,1643700,96170,94436,2312,96748,1259
2021-07-26,Alpine,003,1148,91,89,0,89,0
2021-07-26,Amador,005,37829,3911,3854,35,3889,48
2021-07-26,Butte,007,227075,13314,13082,2075,15157,203
2021-07-26,Calaveras,009,45235,2297,2276,17,2293,57
2021-07-26,Colusa,011,21464,2015,1996,359,2355,16
2021-07-26,Contra Costa,013,1133247,76360,74854,1584,76438,830
2021-07-26,Del Norte,015,27424,1604,1530,10,1540,8
2021-07-26,El Dorado,017,186661,11111,10899,885,11784,116
2021-07-26,Fresno,019,978130,105201,104143,9410,113553,1742
2021-07-26,Glenn,021,27897,2473,2461,602,3063,20
2021-07-26,Humboldt,023,135768,5075,4906,72,4978,52
2021-07-26,Imperial,025,180216,29152,29034,2928,31962,743
2021-07-26,Inyo,027,18085,1445,1429,4,1433,38
2021-07-26,Kern,029,883053,99438,98633,12272,110905,1351
2021-07-26,Kings,031,150075,23667,23426,1264,24690,247
2021-07-26,Lake,033,64148,4298,4133,15,4148,65
2021-07-26,Lassen,035,31185,5326,5314,123,5437,21
2021-07-26,Los Angeles,037,10098052,1253008,1241527,47516,1289043,24647
2021-07-26,Madera,039,155013,17200,16971,1031,18002,245
2021-07-26,Marin,041,260295,14862,14579,301,14880,239
2021-07-26,Mariposa,043,17540,474,467,11,478,5
2021-07-26,Mendocino,045,87422,4499,4354,88,4442,49
2021-07-26,Merced,047,269075,31998,31774,1064,32838,473
2021-07-26,Modoc,049,8938,423,413,148,561,5
2021-07-26,Mono,051,14174,1284,1286,13,1299,3
2021-07-26,Monterey,053,433212,43792,43595,2032,45627,521
2021-07-26,Napa,055,140530,10463,10332,47,10379,82
2021-07-26,Nevada,057,99092,5493,5280,210,5490,72
2021-07-26,Orange,059,3164182,264928,261803,12575,274378,5142
2021-07-26,Placer,061,380077,25328,24842,1916,26758,304
2021-07-26,Plumas,063,18699,753,750,15,765,5
2021-07-26,Riverside,065,2383286,301587,298626,15279,313905,4553
2021-07-26,Sacramento,067,1510023,115686,113986,2254,116240,1705
2021-07-26,San Benito,069,59416,6251,6222,120,6342,63
2021-07-26,San Bernardino,071,2135413,301702,299238,9865,309103,5237
2021-07-26,San Diego,073,3302833,295902,292688,16949,309637,3793
2021-07-26,San Francisco,075,870044,40823,39800,1613,41413,561
2021-07-26,San Joaquin,077,732212,76842,76033,4074,80107,1440
2021-07-26,San Luis Obispo,079,281455,22030,21752,837,22589,260
2021-07-26,San Mateo,081,765935,44926,44297,595,44892,547
2021-07-26,Santa Barbara,083,443738,35766,35311,1313,36624,467
2021-07-26,Santa Clara,085,1922200,123201,121978,880,122858,2099
2021-07-26,Santa Cruz,087,273765,16699,16493,888,17381,207
2021-07-26,Shasta,089,179085,13019,12819,1785,14604,211
2021-07-26,Sierra,091,2930,68,65,14,79,0
2021-07-26,Siskiyou,093,43540,2040,1962,449,2411,31
2021-07-26,Solano,095,438530,35661,34990,715,35705,259
2021-07-26,Sonoma,097,501317,32903,32283,398,32681,328
2021-07-26,Stanislaus,099,539301,58919,58219,6526,64745,1033
2021-07-26,Sutter,101,95872,10140,9963,107,10070,115
2021-07-26,Tehama,103,63373,5229,5183,630,5813,66
2021-07-26,Trinity,105,12862,432,351,94,445,3
2021-07-26,Tulare,107,460477,50614,50265,10047,60312,854
2021-07-26,Tuolumne,109,53932,4422,4271,41,4312,64
2021-07-26,Ventura,111,848112,83857,83072,3571,86643,1041
2021-07-26,Yolo,113,214977,14953,14727,490,15217,215
2021-07-26,Yuba,115,75493,6663,6538,141,6679,51
2021-07-25,Alameda,001,1643700,95682,94146,2306,96452,1259
2021-07-25,Alpine,003,1148,89,89,0,89,0
2021-07-25,Amador,005,37829,3896,3848,35,3883,48
2021-07-25,Butte,007,227075,13275,13074,2065,15139,203
2021-07-25,Calaveras,009,45235,2286,2275,17,2292,57
2021-07-25,Colusa,011,21464,2006,1996,355,2351,16
2021-07-25,Contra Costa,013,1133247,75875,74634,1570,76204,830
2021-07-25,Del Norte,015,27424,1583,1526,10,1536,8
2021-07-25,El Dorado,017,186661,11053,10878,882,11760,116
2021-07-25,Fresno,019,978130,104960,104019,9394,113413,1742
2021-07-25,Glenn,021,27897,2464,2461,600,3061,20
2021-07-25,Humboldt,023,135768,5016,4892,70,4962,52
2021-07-25,Imperial,025,180216,29116,29037,2928,31965,743
2021-07-25,Inyo,027,18085,1440,1427,4,1431,38
2021-07-25,Kern,029,883053,99267,98503,12200,110703,1351
2021-07-25,Kings,031,150075,23614,23396,1260,24656,247
2021-07-25,Lake,033,64148,4245,4109,14,4123,65
2021-07-25,Lassen,035,31185,5322,5314,123,5437,21
2021-07-25,Los Angeles,037,10098052,1249622,1239596,47337,1286933,24643
2021-07-25,Madera,039,155013,17163,16947,1024,17971,245
2021-07-25,Marin,041,260295,14812,14558,298,14856,239
2021-07-25,Mariposa,043,17540,471,465,11,476,5
2021-07-25,Mendocino,045,87422,4469,4335,86,4421,49
2021-07-25,Merced,047,269075,31926,31760,1062,32822,473
2021-07-25,Modoc,049,8938,423,413,148,561,5
2021-07-25,Mono,051,14174,1282,1286,13,1299,3
2021-07-25,Monterey,053,433212,43753,43590,2024,45614,521
2021-07-25,Napa,055,140530,10426,10316,46,10362,82
2021-07-25,Nevada,057,99092,5428,5256,207,5463,72
2021-07-25,Orange,059,3164182,264223,261351,12550,273901,5142
2021-07-25,Placer,061,380077,25207,24755,1895,26650,304
2021-07-25,Plumas,063,18699,751,750,15,765,5
2021-07-25,Riverside,065,2383286,300821,298181,15263,313444,4553
2021-07-25,Sacramento,067,1510023,115139,113611,2237,115848,1704
2021-07-25,San Benito,069,59416,6244,6217,120,6337,63
2021-07-25,San Bernardino,071,2135413,301050,298982,9859,308841,5237
2021-07-25,San Diego,073,3302833,294830,290626,16880,307506,3793
2021-07-25,San Francisco,075,870044,40487,39663,1586,41249,561
2021-07-25,San Joaquin,077,732212,76588,75926,4054,79980,1440
2021-07-25,San Luis Obispo,079,281455,21959,21741,834,22575,260
2021-07-25,San Mateo,081,765935,44763,44189,589,44778,547
2021-07-25,Santa Barbara,083,443738,35689,35261,1310,36571,467
2021-07-25,Santa Clara,085,1922200,122871,121800,874,122674,2099
2021-07-25,Santa Cruz,087,273765,16652,16474,887,17361,207
2021-07-25,Shasta,089,179085,12972,12815,1780,14595,211
2021-07-25,Sierra,091,2930,68,65,14,79,0
2021-07-25,Siskiyou,093,43540,2032,1963,446,2409,31
2021-07-25,Solano,095,438530,35475,34863,712,35575,259
2021-07-25,Sonoma,097,501317,32778,32202,395,32597,328
2021-07-25,Stanislaus,099,539301,58752,58154,6521,64675,1033
2021-07-25,Sutter,101,95872,10086,9937,105,10042,115
2021-07-25,Tehama,103,63373,5213,5181,629,5810,66
2021-07-25,Trinity,105,12862,430,351,92,443,3
2021-07-25,Tulare,107,460477,50538,50221,10008,60229,854
2021-07-25,Tuolumne,109,53932,4370,4267,41,4308,64
2021-07-25,Ventura,111,848112,83643,82986,3549,86535,1041
2021-07-25,Yolo,113,214977,14893,14693,475,15168,215
2021-07-25,Yuba,115,75493,6630,6519,141,6660,51
2021-07-24,Alameda,001,1643700,95405,93170,2300,95470,1259
2021-07-24,Alpine,003,1148,89,89,0,89,0
2021-07-24,Amador,005,37829,3887,3816,35,3851,48
2021-07-24,Butte,007,227075,13246,12982,2063,15045,203
2021-07-24,Calaveras,009,45235,2282,2267,17,2284,57
2021-07-24,Colusa,011,21464,2005,1992,353,2345,16
2021-07-24,Contra Costa,013,1133247,75650,73682,1567,75249,830
2021-07-24,Del Norte,015,27424,1572,1497,10,1507,8
2021-07-24,El Dorado,017,186661,11019,10773,879,11652,116
2021-07-24,Fresno,019,978130,104842,103637,9385,113022,1736
2021-07-24,Glenn,021,27897,2463,2457,600,3057,20
2021-07-24,Humboldt,023,135768,4982,4780,69,4849,52
2021-07-24,Imperial,025,180216,29096,28996,2928,31924,742
2021-07-24,Inyo,027,18085,1437,1424,4,1428,38
2021-07-24,Kern,029,883053,99188,98261,12178,110439,1350
2021-07-24,Kings,031,150075,23583,23304,1257,24561,246
2021-07-24,Lake,033,64148,4222,3963,14,3977,64
2021-07-24,Lassen,035,31185,5321,5311,123,5434,21
2021-07-24,Los Angeles,037,10098052,1247862,1232164,47215,1279379,24623
2021-07-24,Madera,039,155013,17139,16885,1022,17907,245
2021-07-24,Marin,041,260295,14774,14454,298,14752,238
2021-07-24,Mariposa,043,17540,471,453,11,464,5
2021-07-24,Mendocino,045,87422,4444,4293,86,4379,49
2021-07-24,Merced,047,269075,31904,31661,1061,32722,473
2021-07-24,Modoc,049,8938,423,413,148,561,5
2021-07-24,Mono,051,14174,1280,1284,13,1297,3
2021-07-24,Monterey,053,433212,43728,43525,2017,45542,521
2021-07-24,Napa,055,140530,10410,10230,46,10276,81
2021-07-24,Nevada,057,99092,5395,5183,207,5390,72
2021-07-24,Orange,059,3164182,263758,259973,12537,272510,5141
2021-07-24,Placer,061,380077,25124,24530,1890,26420,303
2021-07-24,Plumas,063,18699,750,737,15,752,4
2021-07-24,Riverside,065,2383286,300353,296912,15253,312165,4552
2021-07-24,Sacramento,067,1510023,114822,112438,2232,114670,1698
2021-07-24,San Benito,069,59416,6240,6200,119,6319,63
2021-07-24,San Bernardino,071,2135413,300659,297899,9850,307749,5236
2021-07-24,San Diego,073,3302833,294364,289368,16853,306221,3788
2021-07-24,San Francisco,075,870044,40324,38954,1569,40523,561
2021-07-24,San Joaquin,077,732212,76461,75461,4043,79504,1436
2021-07-24,San Luis Obispo,079,281455,21928,21616,832,22448,260
2021-07-24,San Mateo,081,765935,44645,43880,583,44463,542
2021-07-24,Santa Barbara,083,443738,35631,35071,1305,36376,465
2021-07-24,Santa Clara,085,1922200,122659,121092,873,121965,2099
2021-07-24,Santa Cruz,087,273765,16630,16416,887,17303,207
2021-07-24,Shasta,089,179085,12944,12759,1777,14536,211
2021-07-24,Sierra,091,2930,67,64,14,78,0
2021-07-24,Siskiyou,093,43540,2032,1951,446,2397,31
2021-07-24,Solano,095,438530,35383,34499,703,35202,259
2021-07-24,Sonoma,097,501317,32654,31928,393,32321,327
2021-07-24,Stanislaus,099,539301,58661,57879,6509,64388,1030
2021-07-24,Sutter,101,95872,10059,9890,105,9995,115
2021-07-24,Tehama,103,63373,5206,5166,627,5793,65
2021-07-24,Trinity,105,12862,430,345,92,437,3
2021-07-24,Tulare,107,460477,50495,50104,9990,60094,854
2021-07-24,Tuolumne,109,53932,4344,4216,41,4257,64
2021-07-24,Ventura,111,848112,83516,82687,3532,86219,1041
2021-07-24,Yolo,113,214977,14856,14557,472,15029,214
2021-07-24,Yuba,115,75493,6611,6449,141,6590,51
2021-07-23,Alameda,001,1643700,95151,93170,2294,95464,1259
2021-07-23,Alpine,003,1148,89,89,0,89,0
2021-07-23,Amador,005,37829,3880,3816,35,3851,48
2021-07-23,Butte,007,227075,13217,12982,2055,15037,203
2021-07-23,Calaveras,009,45235,2280,2267,17,2284,57
2021-07-23,Colusa,011,21464,2004,1992,353,2345,16
2021-07-23,Contra Costa,013,1133247,75393,73682,1557,75239,830
2021-07-23,Del Norte,015,27424,1564,1497,10,1507,8
2021-07-23,El Dorado,017,186661,10990,10773,875,11648,116
2021-07-23,Fresno,019,978130,104712,103637,9375,113012,1736
2021-07-23,Glenn,021,27897,2461,2457,597,3054,20
2021-07-23,Humboldt,023,135768,4961,4780,67,4847,52
2021-07-23,Imperial,025,180216,29084,28996,2928,31924,742
2021-07-23,Inyo,027,18085,1434,1424,4,1428,38
2021-07-23,Kern,029,883053,99105,98261,12152,110413,1350
2021-07-23,Kings,031,150075,23552,23304,1254,24558,246
2021-07-23,Lake,033,64148,4192,3963,14,3977,64
2021-07-23,Lassen,035,31185,5319,5311,123,5434,21
2021-07-23,Los Angeles,037,10098052,1245942,1232164,47127,1279291,24623
2021-07-23,Madera,039,155013,17109,16885,1017,17902,245
2021-07-23,Marin,041,260295,14737,14454,296,14750,238
2021-07-23,Mariposa,043,17540,468,453,11,464,5
2021-07-23,Mendocino,045,87422,4431,4293,86,4379,49
2021-07-23,Merced,047,269075,31878,31661,1061,32722,473
2021-07-23,Modoc,049,8938,423,413,148,561,5
2021-07-23,Mono,051,14174,1279,1284,13,1297,3
2021-07-23,Monterey,053,433212,43703,43525,2017,45542,521
2021-07-23,Napa,055,140530,10389,10230,46,10276,81
2021-07-23,Nevada,057,99092,5350,5183,207,5390,72
2021-07-23,Orange,059,3164182,263306,259973,12515,272488,5141
2021-07-23,Placer,061,380077,25044,24530,1873,26403,303
2021-07-23,Plumas,063,18699,748,737,15,752,4
2021-07-23,Riverside,065,2383286,299888,296912,15241,312153,4552
2021-07-23,Sacramento,067,1510023,114467,112438,2230,114668,1698
2021-07-23,San Benito,069,59416,6234,6200,119,6319,63
2021-07-23,San Bernardino,071,2135413,300282,297899,9841,307740,5236
2021-07-23,San Diego,073,3302833,293766,289368,16805,306173,3788
2021-07-23,San Francisco,075,870044,40142,38954,1554,40508,561
2021-07-23,San Joaquin,077,732212,76361,75461,4028,79489,1436
2021-07-23,San Luis Obispo,079,281455,21891,21616,831,22447,260
2021-07-23,San Mateo,081,765935,44539,43880,578,44458,542
2021-07-23,Santa Barbara,083,443738,35566,35071,1304,36375,465
2021-07-23,Santa Clara,085,1922200,122440,121092,870,121962,2099
2021-07-23,Santa Cruz,087,273765,16606,16416,886,17302,207
2021-07-23,Shasta,089,179085,12917,12759,1774,14533,211
2021-07-23,Sierra,091,2930,67,64,14,78,0
2021-07-23,Siskiyou,093,43540,2030,1951,446,2397,31
2021-07-23,Solano,095,438530,35290,34499,699,35198,259
2021-07-23,Sonoma,097,501317,32560,31928,392,32320,327
2021-07-23,Stanislaus,099,539301,58581,57879,6498,64377,1030
2021-07-23,Sutter,101,95872,10030,9890,105,9995,115
2021-07-23,Tehama,103,63373,5197,5166,627,5793,65
2021-07-23,Trinity,105,12862,429,345,91,436,3
2021-07-23,Tulare,107,460477,50450,50104,9964,60068,854
2021-07-23,Tuolumne,109,53932,4322,4216,41,4257,64
2021-07-23,Ventura,111,848112,83354,82687,3514,86201,1041
2021-07-23,Yolo,113,214977,14817,14557,465,15022,214
2021-07-23,Yuba,115,75493,6585,6449,140,6589,51
2021-07-22,Alameda,001,1643700,94788,93170,2288,95458,1259
2021-07-22,Alpine,003,1148,89,89,0,89,0
2021-07-22,Amador,005,37829,3871,3816,35,3851,48
2021-07-22,Butte,007,227075,13183,12982,2046,15028,203
2021-07-22,Calaveras,009,45235,2277,2267,17,2284,57
2021-07-22,Colusa,011,21464,2002,1992,351,2343,16
2021-07-22,Contra Costa,013,1133247,75057,73682,1553,75235,830
2021-07-22,Del Norte,015,27424,1546,1497,10,1507,8
2021-07-22,El Dorado,017,186661,10956,10773,867,11640,116
2021-07-22,Fresno,019,978130,104583,103637,9365,113002,1736
2021-07-22,Glenn,021,27897,2458,2457,596,3053,20
2021-07-22,Humboldt,023,135768,4930,4780,65,4845,52
2021-07-22,Imperial,025,180216,29054,28996,2928,31924,742
2021-07-22,Inyo,027,18085,1432,1424,4,1428,38
2021-07-22,Kern,029,883053,98991,98261,12107,110368,1350
2021-07-22,Kings,031,150075,23513,23304,1252,24556,246
2021-07-22,Lake,033,64148,4141,3963,14,3977,64
2021-07-22,Lassen,035,31185,5316,5311,123,5434,21
2021-07-22,Los Angeles,037,10098052,1243553,1232164,46964,1279128,24623
2021-07-22,Madera,039,155013,17074,16885,1015,17900,245
2021-07-22,Marin,041,260295,14696,14454,295,14749,238
2021-07-22,Mariposa,043,17540,461,453,11,464,5
2021-07-22,Mendocino,045,87422,4418,4293,85,4378,49
2021-07-22,Merced,047,269075,31836,31661,1059,32720,473
2021-07-22,Modoc,049,8938,423,413,148,561,5
2021-07-22,Mono,051,14174,1278,1284,13,1297,3
2021-07-22,Monterey,053,433212,43674,43525,2011,45536,521
2021-07-22,Napa,055,140530,10371,10230,46,10276,81
2021-07-22,Nevada,057,99092,5324,5183,206,5389,72
2021-07-22,Orange,059,3164182,262753,259973,12506,272479,5141
2021-07-22,Placer,061,380077,24950,24530,1861,26391,303
2021-07-22,Plumas,063,18699,747,737,15,752,4
2021-07-22,Riverside,065,2383286,299379,296912,15220,312132,4552
2021-07-22,Sacramento,067,1510023,114034,112438,2221,114659,1698
2021-07-22,San Benito,069,59416,6226,6200,119,6319,63
2021-07-22,San Bernardino,071,2135413,299887,297899,9825,307724,5236
2021-07-22,San Diego,073,3302833,293049,289368,16745,306113,3788
2021-07-22,San Francisco,075,870044,39929,38954,1541,40495,561
2021-07-22,San Joaquin,077,732212,76219,75461,4014,79475,1436
2021-07-22,San Luis Obispo,079,281455,21855,21616,827,22443,260
2021-07-22,San Mateo,081,765935,44427,43880,573,44453,542
2021-07-22,Santa Barbara,083,443738,35504,35071,1302,36373,465
2021-07-22,Santa Clara,085,1922200,122198,121092,867,121959,2099
2021-07-22,Santa Cruz,087,273765,16569,16416,886,17302,207
2021-07-22,Shasta,089,179085,12893,12759,1770,14529,211
2021-07-22,Sierra,091,2930,65,64,14,78,0
2021-07-22,Siskiyou,093,43540,2027,1951,446,2397,31
2021-07-22,Solano,095,438530,35141,34499,692,35191,259
2021-07-22,Sonoma,097,501317,32451,31928,390,32318,327
2021-07-22,Stanislaus,099,539301,58452,57879,6486,64365,1030
2021-07-22,Sutter,101,95872,10009,9890,105,9995,115
2021-07-22,Tehama,103,63373,5191,5166,627,5793,65
2021-07-22,Trinity,105,12862,429,345,91,436,3
2021-07-22,Tulare,107,460477,50407,50104,9936,60040,854
2021-07-22,Tuolumne,109,53932,4310,4216,41,4257,64
2021-07-22,Ventura,111,848112,83219,82687,3501,86188,1041
2021-07-22,Yolo,113,214977,14779,14557,464,15021,214
2021-07-22,Yuba,115,75493,6555,6449,137,6586,51
2021-07-21,Alameda,001,1643700,94460,92840,2284,95124,1256
2021-07-21,Alpine,003,1148,89,89,0,89,0
2021-07-21,Amador,005,37829,3858,3813,35,3848,48
2021-07-21,Butte,007,227075,13142,12939,2041,14980,203
2021-07-21,Calaveras,009,45235,2276,2257,17,2274,57
2021-07-21,Colusa,011,21464,1998,1988,350,2338,16
2021-07-21,Contra Costa,013,1133247,74792,73320,1544,74864,827
2021-07-21,Del Norte,015,27424,1536,1492,10,1502,8
2021-07-21,El Dorado,017,186661,10921,10742,863,11605,116
2021-07-21,Fresno,019,978130,104436,103504,9355,112859,1736
2021-07-21,Glenn,021,27897,2456,2455,595,3050,20
2021-07-21,Humboldt,023,135768,4898,4763,63,4826,52
2021-07-21,Imperial,025,180216,29042,28964,2925,31889,742
2021-07-21,Inyo,027,18085,1432,1423,4,1427,38
2021-07-21,Kern,029,883053,98875,98152,12064,110216,1350
2021-07-21,Kings,031,150075,23485,23270,1248,24518,246
2021-07-21,Lake,033,64148,4076,3896,14,3910,64
2021-07-21,Lassen,035,31185,5313,5310,123,5433,21
2021-07-21,Los Angeles,037,10098052,1241079,1229598,46838,1276436,24609
2021-07-21,Madera,039,155013,17054,16858,1012,17870,245
2021-07-21,Marin,041,260295,14646,14427,295,14722,238
2021-07-21,Mariposa,043,17540,457,449,11,460,5
2021-07-21,Mendocino,045,87422,4400,4274,85,4359,49
2021-07-21,Merced,047,269075,31797,31607,1054,32661,473
2021-07-21,Modoc,049,8938,423,413,148,561,5
2021-07-21,Mono,051,14174,1275,1282,13,1295,3
2021-07-21,Monterey,053,433212,43644,43502,2007,45509,515
2021-07-21,Napa,055,140530,10346,10209,46,10255,81
2021-07-21,Nevada,057,99092,5289,5152,206,5358,72
2021-07-21,Orange,059,3164182,262202,259615,12474,272089,5139
2021-07-21,Placer,061,380077,24841,24441,1850,26291,303
2021-07-21,Plumas,063,18699,747,736,15,751,4
2021-07-21,Riverside,065,2383286,298865,296419,15203,311622,4552
2021-07-21,Sacramento,067,1510023,113620,112043,2210,114253,1696
2021-07-21,San Benito,069,59416,6216,6196,119,6315,63
2021-07-21,San Bernardino,071,2135413,299443,297519,9817,307336,5230
2021-07-21,San Diego,073,3302833,292202,288682,16681,305363,3787
2021-07-21,San Francisco,075,870044,39705,38699,1536,40235,559
2021-07-21,San Joaquin,077,732212,76030,75288,4002,79290,1434
2021-07-21,San Luis Obispo,079,281455,21820,21579,824,22403,260
2021-07-21,San Mateo,081,765935,44335,43755,569,44324,542
2021-07-21,Santa Barbara,083,443738,35447,34998,1284,36282,465
2021-07-21,Santa Clara,085,1922200,121988,120838,865,121703,2099
2021-07-21,Santa Cruz,087,273765,16535,16407,886,17293,207
2021-07-21,Shasta,089,179085,12860,12751,1767,14518,211
2021-07-21,Sierra,091,2930,65,64,14,78,0
2021-07-21,Siskiyou,093,43540,2025,1943,444,2387,31
2021-07-21,Solano,095,438530,34986,34374,687,35061,258
2021-07-21,Sonoma,097,501317,32335,31789,390,32179,327
2021-07-21,Stanislaus,099,539301,58350,57774,6477,64251,1028
2021-07-21,Sutter,101,95872,9985,9862,105,9967,113
2021-07-21,Tehama,103,63373,5187,5161,627,5788,65
2021-07-21,Trinity,105,12862,428,345,90,435,3
2021-07-21,Tulare,107,460477,50348,50066,9910,59976,854
2021-07-21,Tuolumne,109,53932,4273,4156,41,4197,64
2021-07-21,Ventura,111,848112,83097,82573,3489,86062,1041
2021-07-21,Yolo,113,214977,14738,14525,463,14988,213
2021-07-21,Yuba,115,75493,6527,6425,137,6562,52
2021-07-20,Alameda,001,1643700,94082,92625,2271,94896,1256
2021-07-20,Alpine,003,1148,89,89,0,89,0
2021-07-20,Amador,005,37829,3847,3807,35,3842,48
2021-07-20,Butte,007,227075,13105,12916,2036,14952,203
2021-07-20,Calaveras,009,45235,2273,2249,17,2266,57
2021-07-20,Colusa,011,21464,1998,1985,350,2335,16
2021-07-20,Contra Costa,013,1133247,74507,73143,1525,74668,825
2021-07-20,Del Norte,015,27424,1525,1490,10,1500,8
2021-07-20,El Dorado,017,186661,10881,10727,858,11585,116
2021-07-20,Fresno,019,978130,104300,103438,9335,112773,1736
2021-07-20,Glenn,021,27897,2456,2453,595,3048,20
2021-07-20,Humboldt,023,135768,4853,4735,61,4796,52
2021-07-20,Imperial,025,180216,29022,28933,2925,31858,742
2021-07-20,Inyo,027,18085,1428,1420,4,1424,36
2021-07-20,Kern,029,883053,98767,98082,12035,110117,1350
2021-07-20,Kings,031,150075,23444,23254,1244,24498,246
2021-07-20,Lake,033,64148,4051,3871,14,3885,64
2021-07-20,Lassen,035,31185,5313,5306,123,5429,21
2021-07-20,Los Angeles,037,10098052,1238308,1227404,46679,1274083,24603
2021-07-20,Madera,039,155013,17033,16856,1008,17864,245
2021-07-20,Marin,041,260295,14611,14396,292,14688,234
2021-07-20,Mariposa,043,17540,456,448,11,459,5
2021-07-20,Mendocino,045,87422,4383,4259,85,4344,49
2021-07-20,Merced,047,269075,31759,31578,1047,32625,473
2021-07-20,Modoc,049,8938,423,413,148,561,5
2021-07-20,Mono,051,14174,1271,1281,13,1294,3
2021-07-20,Monterey,053,433212,43613,43481,2004,45485,515
2021-07-20,Napa,055,140530,10323,10191,46,10237,81
2021-07-20,Nevada,057,99092,5270,5148,205,5353,72
2021-07-20,Orange,059,3164182,261651,259303,12441,271744,5139
2021-07-20,Placer,061,380077,24750,24408,1825,26233,303
2021-07-20,Plumas,063,18699,745,736,15,751,4
2021-07-20,Riverside,065,2383286,298330,296118,15189,311307,4543
2021-07-20,Sacramento,067,1510023,113182,111796,2179,113975,1695
2021-07-20,San Benito,069,59416,6209,6196,119,6315,63
2021-07-20,San Bernardino,071,2135413,299031,297222,9792,307014,5231
2021-07-20,San Diego,073,3302833,291285,288209,16584,304793,3786
2021-07-20,San Francisco,075,870044,39448,38536,1525,40061,558
2021-07-20,San Joaquin,077,732212,75858,75198,3989,79187,1433
2021-07-20,San Luis Obispo,079,281455,21775,21556,823,22379,259
2021-07-20,San Mateo,081,765935,44219,43670,567,44237,542
2021-07-20,Santa Barbara,083,443738,35377,34935,1277,36212,462
2021-07-20,Santa Clara,085,1922200,121731,120704,863,121567,2098
2021-07-20,Santa Cruz,087,273765,16506,16399,886,17285,207
2021-07-20,Shasta,089,179085,12834,12734,1762,14496,211
2021-07-20,Sierra,091,2930,65,64,14,78,0
2021-07-20,Siskiyou,093,43540,2021,1931,443,2374,31
2021-07-20,Solano,095,438530,34859,34337,680,35017,258
2021-07-20,Sonoma,097,501317,32216,31763,389,32152,326
2021-07-20,Stanislaus,099,539301,58234,57706,6471,64177,1028
2021-07-20,Sutter,101,95872,9959,9854,102,9956,114
2021-07-20,Tehama,103,63373,5185,5153,627,5780,65
2021-07-20,Trinity,105,12862,426,344,89,433,3
2021-07-20,Tulare,107,460477,50307,50047,9892,59939,854
2021-07-20,Tuolumne,109,53932,4254,4156,41,4197,64
2021-07-20,Ventura,111,848112,82944,82504,3472,85976,1041
2021-07-20,Yolo,113,214977,14675,14495,460,14955,213
2021-07-20,Yuba,115,75493,6502,6393,134,6527,52
2021-07-19,Alameda,001,1643700,93711,92357,2255,94612,1256
2021-07-19,Alpine,003,1148,89,89,0,89,0
2021-07-19,Amador,005,37829,3843,3802,35,3837,48
2021-07-19,Butte,007,227075,13062,12901,2030,14931,202
2021-07-19,Calaveras,009,45235,2272,2245,17,2262,57
2021-07-19,Colusa,011,21464,1996,1981,349,2330,16
2021-07-19,Contra Costa,013,1133247,74197,72935,1504,74439,825
2021-07-19,Del Norte,015,27424,1513,1484,10,1494,8
2021-07-19,El Dorado,017,186661,10851,10703,850,11553,114
2021-07-19,Fresno,019,978130,104174,103350,9318,112668,1731
2021-07-19,Glenn,021,27897,2456,2452,594,3046,20
2021-07-19,Humboldt,023,135768,4823,4719,59,4778,52
2021-07-19,Imperial,025,180216,28995,28888,2925,31813,742
2021-07-19,Inyo,027,18085,1427,1417,4,1421,36
2021-07-19,Kern,029,883053,98657,97999,11999,109998,1349
2021-07-19,Kings,031,150075,23412,23221,1238,24459,246
2021-07-19,Lake,033,64148,4015,3848,14,3862,64
2021-07-19,Lassen,035,31185,5312,5305,123,5428,21
2021-07-19,Los Angeles,037,10098052,1235729,1225946,46490,1272436,24600
2021-07-19,Madera,039,155013,17010,16846,1005,17851,244
2021-07-19,Marin,041,260295,14576,14369,289,14658,234
2021-07-19,Mariposa,043,17540,450,447,11,458,5
2021-07-19,Mendocino,045,87422,4365,4251,85,4336,49
2021-07-19,Merced,047,269075,31695,31565,1040,32605,472
2021-07-19,Modoc,049,8938,422,413,148,561,5
2021-07-19,Mono,051,14174,1269,1280,13,1293,3
2021-07-19,Monterey,053,433212,43590,43436,2003,45439,515
2021-07-19,Napa,055,140530,10298,10180,44,10224,81
2021-07-19,Nevada,057,99092,5242,5133,204,5337,72
2021-07-19,Orange,059,3164182,261135,258927,12406,271333,5138
2021-07-19,Placer,061,380077,24651,24359,1803,26162,303
2021-07-19,Plumas,063,18699,745,730,15,745,4
2021-07-19,Riverside,065,2383286,297839,295736,15151,310887,4543
2021-07-19,Sacramento,067,1510023,112819,111470,2155,113625,1696
2021-07-19,San Benito,069,59416,6206,6193,119,6312,63
2021-07-19,San Bernardino,071,2135413,298659,296929,9773,306702,5235
2021-07-19,San Diego,073,3302833,290397,287695,16483,304178,3786
2021-07-19,San Francisco,075,870044,39179,38463,1511,39974,560
2021-07-19,San Joaquin,077,732212,75692,75086,3983,79069,1431
2021-07-19,San Luis Obispo,079,281455,21730,21531,819,22350,259
2021-07-19,San Mateo,081,765935,44074,43563,558,44121,542
2021-07-19,Santa Barbara,083,443738,35305,34904,1274,36178,461
2021-07-19,Santa Clara,085,1922200,121473,120554,862,121416,2098
2021-07-19,Santa Cruz,087,273765,16490,16387,886,17273,207
2021-07-19,Shasta,089,179085,12816,12723,1760,14483,209
2021-07-19,Sierra,091,2930,64,64,14,78,0
2021-07-19,Siskiyou,093,43540,2016,1927,441,2368,31
2021-07-19,Solano,095,438530,34689,34262,669,34931,261
2021-07-19,Sonoma,097,501317,32095,31713,388,32101,325
2021-07-19,Stanislaus,099,539301,58132,57644,6460,64104,1027
2021-07-19,Sutter,101,95872,9943,9834,102,9936,114
2021-07-19,Tehama,103,63373,5179,5152,625,5777,65
2021-07-19,Trinity,105,12862,426,344,88,432,3
2021-07-19,Tulare,107,460477,50262,49994,9874,59868,855
2021-07-19,Tuolumne,109,53932,4244,4151,41,4192,64
2021-07-19,Ventura,111,848112,82848,82409,3450,85859,1041
2021-07-19,Yolo,113,214977,14644,14439,458,14897,213
2021-07-19,Yuba,115,75493,6478,6370,134,6504,52
2021-07-18,Alameda,001,1643700,93360,92162,2241,94403,1256
2021-07-18,Alpine,003,1148,89,89,0,89,0
2021-07-18,Amador,005,37829,3832,3799,35,3834,48
2021-07-18,Butte,007,227075,13021,12888,2024,14912,202
2021-07-18,Calaveras,009,45235,2271,2243,17,2260,57
2021-07-18,Colusa,011,21464,1996,1981,348,2329,16
2021-07-18,Contra Costa,013,1133247,73882,72849,1486,74335,825
2021-07-18,Del Norte,015,27424,1504,1482,10,1492,8
2021-07-18,El Dorado,017,186661,10813,10687,842,11529,114
2021-07-18,Fresno,019,978130,104022,103298,9299,112597,1731
2021-07-18,Glenn,021,27897,2455,2452,593,3045,20
2021-07-18,Humboldt,023,135768,4787,4714,59,4773,52
2021-07-18,Imperial,025,180216,28958,28877,2924,31801,742
2021-07-18,Inyo,027,18085,1423,1417,4,1421,36
2021-07-18,Kern,029,883053,98531,97963,11957,109920,1349
2021-07-18,Kings,031,150075,23391,23203,1234,24437,246
2021-07-18,Lake,033,64148,3979,3825,14,3839,64
2021-07-18,Lassen,035,31185,5312,5305,123,5428,21
2021-07-18,Los Angeles,037,10098052,1233066,1224691,46307,1270998,24598
2021-07-18,Madera,039,155013,16985,16838,1001,17839,244
2021-07-18,Marin,041,260295,14540,14358,287,14645,234
2021-07-18,Mariposa,043,17540,449,447,11,458,5
2021-07-18,Mendocino,045,87422,4345,4246,85,4331,49
2021-07-18,Merced,047,269075,31664,31537,1038,32575,471
2021-07-18,Modoc,049,8938,422,413,148,561,5
2021-07-18,Mono,051,14174,1268,1280,13,1293,3
2021-07-18,Monterey,053,433212,43572,43422,1994,45416,515
2021-07-18,Napa,055,140530,10281,10174,41,10215,81
2021-07-18,Nevada,057,99092,5216,5124,204,5328,72
2021-07-18,Orange,059,3164182,260652,258724,12376,271100,5138
2021-07-18,Placer,061,380077,24585,24313,1776,26089,303
2021-07-18,Plumas,063,18699,745,730,15,745,4
2021-07-18,Riverside,065,2383286,297348,295522,15110,310632,4543
2021-07-18,Sacramento,067,1510023,112388,111255,2123,113378,1696
2021-07-18,San Benito,069,59416,6198,6191,119,6310,63
2021-07-18,San Bernardino,071,2135413,298185,296739,9757,306496,5233
2021-07-18,San Diego,073,3302833,289582,286287,16400,302687,3786
2021-07-18,San Francisco,075,870044,38948,38367,1499,39866,560
2021-07-18,San Joaquin,077,732212,75518,74997,3970,78967,1431
2021-07-18,San Luis Obispo,079,281455,21694,21527,816,22343,259
2021-07-18,San Mateo,081,765935,43960,43506,552,44058,542
2021-07-18,Santa Barbara,083,443738,35240,34880,1272,36152,461
2021-07-18,Santa Clara,085,1922200,121260,120438,854,121292,2098
2021-07-18,Santa Cruz,087,273765,16458,16372,885,17257,207
2021-07-18,Shasta,089,179085,12791,12714,1756,14470,209
2021-07-18,Sierra,091,2930,64,64,14,78,0
2021-07-18,Siskiyou,093,43540,2010,1927,436,2363,31
2021-07-18,Solano,095,438530,34570,34215,665,34880,261
2021-07-18,Sonoma,097,501317,31990,31675,387,32062,325
2021-07-18,Stanislaus,099,539301,58021,57600,6435,64035,1028
2021-07-18,Sutter,101,95872,9911,9826,102,9928,114
2021-07-18,Tehama,103,63373,5176,5150,624,5774,65
2021-07-18,Trinity,105,12862,426,344,88,432,3
2021-07-18,Tulare,107,460477,50210,49985,9851,59836,855
2021-07-18,Tuolumne,109,53932,4226,4149,41,4190,64
2021-07-18,Ventura,111,848112,82736,82361,3424,85785,1041
2021-07-18,Yolo,113,214977,14586,14425,452,14877,213
2021-07-18,Yuba,115,75493,6437,6357,134,6491,52
2021-07-17,Alameda,001,1643700,93138,91346,2229,93575,1255
2021-07-17,Alpine,003,1148,89,89,0,89,0
2021-07-17,Amador,005,37829,3823,3785,35,3820,48
2021-07-17,Butte,007,227075,13007,12824,2019,14843,202
2021-07-17,Calaveras,009,45235,2265,2237,17,2254,57
2021-07-17,Colusa,011,21464,1993,1976,348,2324,16
2021-07-17,Contra Costa,013,1133247,73702,72254,1472,73726,824
2021-07-17,Del Norte,015,27424,1496,1475,10,1485,8
2021-07-17,El Dorado,017,186661,10786,10622,838,11460,114
2021-07-17,Fresno,019,978130,103950,103055,9286,112341,1730
2021-07-17,Glenn,021,27897,2454,2451,593,3044,20
2021-07-17,Humboldt,023,135768,4774,4654,58,4712,52
2021-07-17,Imperial,025,180216,28942,28840,2924,31764,742
2021-07-17,Inyo,027,18085,1423,1416,4,1420,36
2021-07-17,Kern,029,883053,98475,97796,11920,109716,1348
2021-07-17,Kings,031,150075,23371,23163,1233,24396,246
2021-07-17,Lake,033,64148,3954,3760,14,3774,64
2021-07-17,Lassen,035,31185,5312,5302,123,5425,21
2021-07-17,Los Angeles,037,10098052,1231564,1219733,46158,1265891,24582
2021-07-17,Madera,039,155013,16977,16804,1001,17805,240
2021-07-17,Marin,041,260295,14522,14297,285,14582,234
2021-07-17,Mariposa,043,17540,449,445,11,456,5
2021-07-17,Mendocino,045,87422,4333,4209,85,4294,49
2021-07-17,Merced,047,269075,31643,31451,1034,32485,471
2021-07-17,Modoc,049,8938,422,412,148,560,5
2021-07-17,Mono,051,14174,1266,1277,13,1290,3
2021-07-17,Monterey,053,433212,43550,43367,1988,45355,515
2021-07-17,Napa,055,140530,10265,10129,41,10170,81
2021-07-17,Nevada,057,99092,5201,5066,204,5270,72
2021-07-17,Orange,059,3164182,260344,257805,12336,270141,5136
2021-07-17,Placer,061,380077,24518,24169,1762,25931,303
2021-07-17,Plumas,063,18699,740,721,15,736,4
2021-07-17,Riverside,065,2383286,297041,294751,15078,309829,4542
2021-07-17,Sacramento,067,1510023,112152,110432,2101,112533,1694
2021-07-17,San Benito,069,59416,6192,6181,119,6300,63
2021-07-17,San Bernardino,071,2135413,297953,296048,9738,305786,5218
2021-07-17,San Diego,073,3302833,289176,285698,16333,302031,3786
2021-07-17,San Francisco,075,870044,38827,37978,1495,39473,560
2021-07-17,San Joaquin,077,732212,75432,74695,3962,78657,1430
2021-07-17,San Luis Obispo,079,281455,21667,21462,816,22278,258
2021-07-17,San Mateo,081,765935,43890,43324,550,43874,542
2021-07-17,Santa Barbara,083,443738,35200,34769,1269,36038,461
2021-07-17,Santa Clara,085,1922200,121088,119980,851,120831,2097
2021-07-17,Santa Cruz,087,273765,16451,16337,885,17222,207
2021-07-17,Shasta,089,179085,12776,12683,1751,14434,210
2021-07-17,Sierra,091,2930,64,62,14,76,0
2021-07-17,Siskiyou,093,43540,2005,1922,433,2355,29
2021-07-17,Solano,095,438530,34506,34015,657,34672,263
2021-07-17,Sonoma,097,501317,31923,31536,386,31922,322
2021-07-17,Stanislaus,099,539301,57943,57400,6421,63821,1028
2021-07-17,Sutter,101,95872,9901,9778,102,9880,114
2021-07-17,Tehama,103,63373,5173,5145,624,5769,64
2021-07-17,Trinity,105,12862,425,341,88,429,3
2021-07-17,Tulare,107,460477,50189,49937,9839,59776,854
2021-07-17,Tuolumne,109,53932,4216,4131,41,4172,64
2021-07-17,Ventura,111,848112,82669,82125,3412,85537,1041
2021-07-17,Yolo,113,214977,14556,14356,444,14800,213
2021-07-17,Yuba,115,75493,6426,6309,134,6443,52
2021-07-16,Alameda,001,1643700,92904,91346,2217,93563,1255
2021-07-16,Alpine,003,1148,89,89,0,89,0
2021-07-16,Amador,005,37829,3820,3785,35,3820,48
2021-07-16,Butte,007,227075,12982,12824,2016,14840,202
2021-07-16,Calaveras,009,45235,2265,2237,17,2254,57
2021-07-16,Colusa,011,21464,1991,1976,347,2323,16
2021-07-16,Contra Costa,013,1133247,73515,72254,1467,73721,824
2021-07-16,Del Norte,015,27424,1494,1475,10,1485,8
2021-07-16,El Dorado,017,186661,10767,10622,837,11459,114
2021-07-16,Fresno,019,978130,103898,103055,9267,112322,1730
2021-07-16,Glenn,021,27897,2454,2451,593,3044,20
2021-07-16,Humboldt,023,135768,4752,4654,58,4712,52
2021-07-16,Imperial,025,180216,28930,28840,2924,31764,742
2021-07-16,Inyo,027,18085,1421,1416,4,1420,36
2021-07-16,Kern,029,883053,98414,97796,11879,109675,1348
2021-07-16,Kings,031,150075,23348,23163,1230,24393,246
2021-07-16,Lake,033,64148,3927,3760,14,3774,64
2021-07-16,Lassen,035,31185,5311,5302,123,5425,21
2021-07-16,Los Angeles,037,10098052,1230076,1219733,46010,1265743,24582
2021-07-16,Madera,039,155013,16959,16804,1001,17805,240
2021-07-16,Marin,041,260295,14498,14297,282,14579,234
2021-07-16,Mariposa,043,17540,449,445,11,456,5
2021-07-16,Mendocino,045,87422,4324,4209,84,4293,49
2021-07-16,Merced,047,269075,31621,31451,1032,32483,471
2021-07-16,Modoc,049,8938,422,412,148,560,5
2021-07-16,Mono,051,14174,1265,1277,13,1290,3
2021-07-16,Monterey,053,433212,43528,43367,1987,45354,515
2021-07-16,Napa,055,140530,10241,10129,40,10169,81
2021-07-16,Nevada,057,99092,5191,5066,204,5270,72
2021-07-16,Orange,059,3164182,260071,257805,12296,270101,5136
2021-07-16,Placer,061,380077,24465,24169,1757,25926,303
2021-07-16,Plumas,063,18699,739,721,15,736,4
2021-07-16,Riverside,065,2383286,296765,294751,15052,309803,4542
2021-07-16,Sacramento,067,1510023,111935,110432,2088,112520,1694
2021-07-16,San Benito,069,59416,6190,6181,119,6300,63
2021-07-16,San Bernardino,071,2135413,297676,296048,9721,305769,5218
2021-07-16,San Diego,073,3302833,288730,285698,16286,301984,3786
2021-07-16,San Francisco,075,870044,38710,37978,1490,39468,560
2021-07-16,San Joaquin,077,732212,75337,74695,3959,78654,1430
2021-07-16,San Luis Obispo,079,281455,21650,21462,816,22278,258
2021-07-16,San Mateo,081,765935,43837,43324,549,43873,542
2021-07-16,Santa Barbara,083,443738,35162,34769,1269,36038,461
2021-07-16,Santa Clara,085,1922200,120941,119980,843,120823,2097
2021-07-16,Santa Cruz,087,273765,16438,16337,885,17222,207
2021-07-16,Shasta,089,179085,12766,12683,1750,14433,210
2021-07-16,Sierra,091,2930,64,62,14,76,0
2021-07-16,Siskiyou,093,43540,2003,1922,431,2353,29
2021-07-16,Solano,095,438530,34442,34015,649,34664,263
2021-07-16,Sonoma,097,501317,31871,31536,383,31919,322
2021-07-16,Stanislaus,099,539301,57895,57400,6409,63809,1028
2021-07-16,Sutter,101,95872,9889,9778,102,9880,114
2021-07-16,Tehama,103,63373,5171,5145,624,5769,64
2021-07-16,Trinity,105,12862,425,341,87,428,3
2021-07-16,Tulare,107,460477,50165,49937,9829,59766,854
2021-07-16,Tuolumne,109,53932,4210,4131,41,4172,64
2021-07-16,Ventura,111,848112,82605,82125,3405,85530,1041
2021-07-16,Yolo,113,214977,14530,14356,440,14796,213
2021-07-16,Yuba,115,75493,6404,6309,133,6442,52
2021-07-15,Alameda,001,1643700,92608,91346,2208,93554,1255
2021-07-15,Alpine,003,1148,89,89,0,89,0
2021-07-15,Amador,005,37829,3817,3785,35,3820,48
2021-07-15,Butte,007,227075,12956,12824,2014,14838,202
2021-07-15,Calaveras,009,45235,2263,2237,17,2254,57
2021-07-15,Colusa,011,21464,1990,1976,346,2322,16
2021-07-15,Contra Costa,013,1133247,73302,72254,1459,73713,824
2021-07-15,Del Norte,015,27424,1491,1475,10,1485,8
2021-07-15,El Dorado,017,186661,10740,10622,835,11457,114
2021-07-15,Fresno,019,978130,103802,103055,9246,112301,1730
2021-07-15,Glenn,021,27897,2454,2451,593,3044,20
2021-07-15,Humboldt,023,135768,4734,4654,57,4711,52
2021-07-15,Imperial,025,180216,28907,28840,2924,31764,742
2021-07-15,Inyo,027,18085,1421,1416,4,1420,36
2021-07-15,Kern,029,883053,98344,97796,11851,109647,1348
2021-07-15,Kings,031,150075,23311,23163,1227,24390,246
2021-07-15,Lake,033,64148,3888,3760,14,3774,64
2021-07-15,Lassen,035,31185,5310,5302,123,5425,21
2021-07-15,Los Angeles,037,10098052,1228109,1219733,45845,1265578,24582
2021-07-15,Madera,039,155013,16937,16804,997,17801,240
2021-07-15,Marin,041,260295,14474,14297,282,14579,234
2021-07-15,Mariposa,043,17540,449,445,11,456,5
2021-07-15,Mendocino,045,87422,4316,4209,83,4292,49
2021-07-15,Merced,047,269075,31591,31451,1032,32483,471
2021-07-15,Modoc,049,8938,422,412,148,560,5
2021-07-15,Mono,051,14174,1265,1277,13,1290,3
2021-07-15,Monterey,053,433212,43499,43367,1984,45351,515
2021-07-15,Napa,055,140530,10216,10129,39,10168,81
2021-07-15,Nevada,057,99092,5173,5066,203,5269,72
2021-07-15,Orange,059,3164182,259719,257805,12264,270069,5136
2021-07-15,Placer,061,380077,24406,24169,1740,25909,303
2021-07-15,Plumas,063,18699,738,721,15,736,4
2021-07-15,Riverside,065,2383286,296443,294751,15036,309787,4542
2021-07-15,Sacramento,067,1510023,111631,110432,2071,112503,1694
2021-07-15,San Benito,069,59416,6188,6181,119,6300,63
2021-07-15,San Bernardino,071,2135413,297368,296048,9706,305754,5218
2021-07-15,San Diego,073,3302833,288098,285698,16209,301907,3786
2021-07-15,San Francisco,075,870044,38559,37978,1481,39459,560
2021-07-15,San Joaquin,077,732212,75221,74695,3954,78649,1430
2021-07-15,San Luis Obispo,079,281455,21617,21462,816,22278,258
2021-07-15,San Mateo,081,765935,43733,43324,545,43869,542
2021-07-15,Santa Barbara,083,443738,35109,34769,1268,36037,461
2021-07-15,Santa Clara,085,1922200,120819,119980,840,120820,2097
2021-07-15,Santa Cruz,087,273765,16425,16337,885,17222,207
2021-07-15,Shasta,089,179085,12758,12683,1745,14428,210
2021-07-15,Sierra,091,2930,64,62,14,76,0
2021-07-15,Siskiyou,093,43540,2002,1922,431,2353,29
2021-07-15,Solano,095,438530,34368,34015,643,34658,263
2021-07-15,Sonoma,097,501317,31809,31536,383,31919,322
2021-07-15,Stanislaus,099,539301,57827,57400,6396,63796,1028
2021-07-15,Sutter,101,95872,9869,9778,101,9879,114
2021-07-15,Tehama,103,63373,5165,5145,623,5768,64
2021-07-15,Trinity,105,12862,425,341,87,428,3
2021-07-15,Tulare,107,460477,50144,49937,9812,59749,854
2021-07-15,Tuolumne,109,53932,4198,4131,41,4172,64
2021-07-15,Ventura,111,848112,82528,82125,3400,85525,1041
2021-07-15,Yolo,113,214977,14503,14356,439,14795,213
2021-07-15,Yuba,115,75493,6389,6309,133,6442,52
2021-07-14,Alameda,001,1643700,92348,91092,2189,93281,1255
2021-07-14,Alpine,003,1148,89,89,0,89,0
2021-07-14,Amador,005,37829,3809,3784,35,3819,48
2021-07-14,Butte,007,227075,12929,12813,2007,14820,202
2021-07-14,Calaveras,009,45235,2255,2234,17,2251,57
2021-07-14,Colusa,011,21464,1987,1974,346,2320,16
2021-07-14,Contra Costa,013,1133247,73077,72091,1446,73537,823
2021-07-14,Del Norte,015,27424,1490,1472,10,1482,8
2021-07-14,El Dorado,017,186661,10714,10598,832,11430,114
2021-07-14,Fresno,019,978130,103723,102966,9235,112201,1728
2021-07-14,Glenn,021,27897,2454,2449,593,3042,20
2021-07-14,Humboldt,023,135768,4711,4644,55,4699,52
2021-07-14,Imperial,025,180216,28877,28822,2924,31746,742
2021-07-14,Inyo,027,18085,1420,1415,4,1419,36
2021-07-14,Kern,029,883053,98281,97736,11825,109561,1346
2021-07-14,Kings,031,150075,23298,23142,1227,24369,246
2021-07-14,Lake,033,64148,3855,3739,14,3753,63
2021-07-14,Lassen,035,31185,5309,5298,123,5421,21
2021-07-14,Los Angeles,037,10098052,1226109,1218265,45697,1263962,24578
2021-07-14,Madera,039,155013,16925,16786,995,17781,240
2021-07-14,Marin,041,260295,14440,14269,280,14549,233
2021-07-14,Mariposa,043,17540,447,445,11,456,5
2021-07-14,Mendocino,045,87422,4303,4193,83,4276,49
2021-07-14,Merced,047,269075,31554,31412,1029,32441,471
2021-07-14,Modoc,049,8938,422,412,148,560,4
2021-07-14,Mono,051,14174,1265,1278,13,1291,3
2021-07-14,Monterey,053,433212,43475,43347,1982,45329,504
2021-07-14,Napa,055,140530,10194,10121,39,10160,81
2021-07-14,Nevada,057,99092,5154,5058,203,5261,72
2021-07-14,Orange,059,3164182,259403,257558,12235,269793,5137
2021-07-14,Placer,061,380077,24354,24125,1728,25853,303
2021-07-14,Plumas,063,18699,731,719,15,734,4
2021-07-14,Riverside,065,2383286,296118,294511,15019,309530,4542
2021-07-14,Sacramento,067,1510023,111305,110193,2047,112240,1688
2021-07-14,San Benito,069,59416,6185,6177,119,6296,63
2021-07-14,San Bernardino,071,2135413,297065,295820,9691,305511,5193
2021-07-14,San Diego,073,3302833,287531,285269,16128,301397,3786
2021-07-14,San Francisco,075,870044,38420,37836,1474,39310,559
2021-07-14,San Joaquin,077,732212,75130,74599,3945,78544,1416
2021-07-14,San Luis Obispo,079,281455,21595,21444,814,22258,258
2021-07-14,San Mateo,081,765935,43636,43249,541,43790,542
2021-07-14,Santa Barbara,083,443738,35069,34719,1266,35985,461
2021-07-14,Santa Clara,085,1922200,120669,119844,837,120681,2098
2021-07-14,Santa Cruz,087,273765,16411,16326,885,17211,207
2021-07-14,Shasta,089,179085,12738,12669,1742,14411,209
2021-07-14,Sierra,091,2930,64,62,14,76,0
2021-07-14,Siskiyou,093,43540,1995,1922,428,2350,29
2021-07-14,Solano,095,438530,34296,33948,643,34591,268
2021-07-14,Sonoma,097,501317,31757,31470,383,31853,322
2021-07-14,Stanislaus,099,539301,57752,57340,6384,63724,1028
2021-07-14,Sutter,101,95872,9846,9766,101,9867,114
2021-07-14,Tehama,103,63373,5163,5142,623,5765,64
2021-07-14,Trinity,105,12862,425,341,87,428,3
2021-07-14,Tulare,107,460477,50128,49908,9797,59705,853
2021-07-14,Tuolumne,109,53932,4195,4128,40,4168,64
2021-07-14,Ventura,111,848112,82435,82041,3388,85429,1040
2021-07-14,Yolo,113,214977,14470,14332,436,14768,213
2021-07-14,Yuba,115,75493,6371,6294,133,6427,52
2021-07-13,Alameda,001,1643700,92080,90874,2178,93052,1255
2021-07-13,Alpine,003,1148,89,89,0,89,0
2021-07-13,Amador,005,37829,3802,3783,35,3818,48
2021-07-13,Butte,007,227075,12916,12802,2005,14807,202
2021-07-13,Calaveras,009,45235,2251,2230,17,2247,57
2021-07-13,Colusa,011,21464,1985,1972,342,2314,16
2021-07-13,Contra Costa,013,1133247,72853,71963,1437,73400,823
2021-07-13,Del Norte,015,27424,1486,1471,10,1481,8
2021-07-13,El Dorado,017,186661,10696,10581,829,11410,114
2021-07-13,Fresno,019,978130,103647,102909,9226,112135,1727
2021-07-13,Glenn,021,27897,2452,2448,593,3041,20
2021-07-13,Humboldt,023,135768,4696,4634,55,4689,51
2021-07-13,Imperial,025,180216,28866,28792,2924,31716,741
2021-07-13,Inyo,027,18085,1419,1415,4,1419,36
2021-07-13,Kern,029,883053,98193,97698,11785,109483,1346
2021-07-13,Kings,031,150075,23280,23132,1227,24359,246
2021-07-13,Lake,033,64148,3828,3719,13,3732,63
2021-07-13,Lassen,035,31185,5307,5292,123,5415,21
2021-07-13,Los Angeles,037,10098052,1224272,1217184,45522,1262706,24569
2021-07-13,Madera,039,155013,16916,16773,991,17764,240
2021-07-13,Marin,041,260295,14411,14254,279,14533,233
2021-07-13,Mariposa,043,17540,446,443,11,454,5
2021-07-13,Mendocino,045,87422,4296,4185,83,4268,49
2021-07-13,Merced,047,269075,31533,31379,1026,32405,471
2021-07-13,Modoc,049,8938,422,411,148,559,4
2021-07-13,Mono,051,14174,1264,1277,13,1290,3
2021-07-13,Monterey,053,433212,43457,43333,1978,45311,504
2021-07-13,Napa,055,140530,10173,10118,39,10157,81
2021-07-13,Nevada,057,99092,5129,5053,203,5256,72
2021-07-13,Orange,059,3164182,259072,257339,12205,269544,5136
2021-07-13,Placer,061,380077,24308,24091,1715,25806,303
2021-07-13,Plumas,063,18699,730,716,15,731,4
2021-07-13,Riverside,065,2383286,295796,294302,14992,309294,4541
2021-07-13,Sacramento,067,1510023,110996,109990,2025,112015,1687
2021-07-13,San Benito,069,59416,6183,6173,119,6292,63
2021-07-13,San Bernardino,071,2135413,296787,295596,9669,305265,5183
2021-07-13,San Diego,073,3302833,286989,284997,16049,301046,3785
2021-07-13,San Francisco,075,870044,38276,37725,1467,39192,559
2021-07-13,San Joaquin,077,732212,75013,74500,3942,78442,1417
2021-07-13,San Luis Obispo,079,281455,21569,21423,811,22234,258
2021-07-13,San Mateo,081,765935,43568,43180,540,43720,542
2021-07-13,Santa Barbara,083,443738,35020,34679,1263,35942,461
2021-07-13,Santa Clara,085,1922200,120515,119727,833,120560,2098
2021-07-13,Santa Cruz,087,273765,16402,16315,883,17198,207
2021-07-13,Shasta,089,179085,12725,12659,1735,14394,209
2021-07-13,Sierra,091,2930,64,62,14,76,0
2021-07-13,Siskiyou,093,43540,1994,1916,426,2342,29
2021-07-13,Solano,095,438530,34234,33918,637,34555,268
2021-07-13,Sonoma,097,501317,31698,31431,383,31814,322
2021-07-13,Stanislaus,099,539301,57683,57282,6370,63652,1028
2021-07-13,Sutter,101,95872,9828,9752,100,9852,114
2021-07-13,Tehama,103,63373,5156,5144,623,5767,64
2021-07-13,Trinity,105,12862,425,341,86,427,3
2021-07-13,Tulare,107,460477,50104,49891,9781,59672,853
2021-07-13,Tuolumne,109,53932,4187,4122,39,4161,64
2021-07-13,Ventura,111,848112,82352,81982,3362,85344,1040
2021-07-13,Yolo,113,214977,14442,14320,429,14749,213
2021-07-13,Yuba,115,75493,6355,6279,133,6412,52
2021-07-12,Alameda,001,1643700,91823,90720,2170,92890,1254
2021-07-12,Alpine,003,1148,89,89,0,89,0
2021-07-12,Amador,005,37829,3795,3781,35,3816,47
2021-07-12,Butte,007,227075,12896,12796,2003,14799,202
2021-07-12,Calaveras,009,45235,2249,2228,17,2245,57
2021-07-12,Colusa,011,21464,1981,1971,341,2312,16
2021-07-12,Contra Costa,013,1133247,72651,71833,1432,73265,823
2021-07-12,Del Norte,015,27424,1483,1469,10,1479,8
2021-07-12,El Dorado,017,186661,10668,10569,827,11396,114
2021-07-12,Fresno,019,978130,103554,102853,9214,112067,1728
2021-07-12,Glenn,021,27897,2452,2446,593,3039,20
2021-07-12,Humboldt,023,135768,4680,4621,55,4676,51
2021-07-12,Imperial,025,180216,28836,28789,2924,31713,741
2021-07-12,Inyo,027,18085,1419,1415,4,1419,36
2021-07-12,Kern,029,883053,98124,97660,11760,109420,1346
2021-07-12,Kings,031,150075,23260,23124,1225,24349,246
2021-07-12,Lake,033,64148,3807,3706,13,3719,63
2021-07-12,Lassen,035,31185,5306,5292,123,5415,21
2021-07-12,Los Angeles,037,10098052,1222498,1216230,45378,1261608,24559
2021-07-12,Madera,039,155013,16905,16772,991,17763,240
2021-07-12,Marin,041,260295,14386,14238,278,14516,233
2021-07-12,Mariposa,043,17540,446,442,11,453,5
2021-07-12,Mendocino,045,87422,4285,4175,83,4258,49
2021-07-12,Merced,047,269075,31502,31374,1025,32399,471
2021-07-12,Modoc,049,8938,421,411,148,559,4
2021-07-12,Mono,051,14174,1262,1275,13,1288,3
2021-07-12,Monterey,053,433212,43436,43315,1974,45289,504
2021-07-12,Napa,055,140530,10155,10104,38,10142,81
2021-07-12,Nevada,057,99092,5106,5046,203,5249,72
2021-07-12,Orange,059,3164182,258722,257171,12180,269351,5136
2021-07-12,Placer,061,380077,24257,24052,1709,25761,302
2021-07-12,Plumas,063,18699,730,716,15,731,4
2021-07-12,Riverside,065,2383286,295488,294108,14962,309070,4541
2021-07-12,Sacramento,067,1510023,110780,109849,1999,111848,1685
2021-07-12,San Benito,069,59416,6180,6166,119,6285,63
2021-07-12,San Bernardino,071,2135413,296516,295447,9655,305102,5171
2021-07-12,San Diego,073,3302833,286525,284648,15973,300621,3785
2021-07-12,San Francisco,075,870044,38129,37656,1463,39119,559
2021-07-12,San Joaquin,077,732212,74918,74424,3932,78356,1415
2021-07-12,San Luis Obispo,079,281455,21550,21408,810,22218,258
2021-07-12,San Mateo,081,765935,43475,43138,533,43671,542
2021-07-12,Santa Barbara,083,443738,34978,34664,1261,35925,461
2021-07-12,Santa Clara,085,1922200,120350,119634,830,120464,2098
2021-07-12,Santa Cruz,087,273765,16377,16310,882,17192,207
2021-07-12,Shasta,089,179085,12717,12648,1732,14380,208
2021-07-12,Sierra,091,2930,64,62,14,76,0
2021-07-12,Siskiyou,093,43540,1989,1916,421,2337,29
2021-07-12,Solano,095,438530,34148,33859,628,34487,268
2021-07-12,Sonoma,097,501317,31650,31377,382,31759,322
2021-07-12,Stanislaus,099,539301,57610,57243,6363,63606,1028
2021-07-12,Sutter,101,95872,9811,9736,99,9835,114
2021-07-12,Tehama,103,63373,5151,5138,622,5760,63
2021-07-12,Trinity,105,12862,421,340,84,424,3
2021-07-12,Tulare,107,460477,50077,49882,9767,59649,853
2021-07-12,Tuolumne,109,53932,4183,4116,39,4155,64
2021-07-12,Ventura,111,848112,82252,81919,3340,85259,1040
2021-07-12,Yolo,113,214977,14413,14303,425,14728,213
2021-07-12,Yuba,115,75493,6340,6266,133,6399,52
2021-07-11,Alameda,001,1643700,91495,90597,2155,92752,1254
2021-07-11,Alpine,003,1148,89,89,0,89,0
2021-07-11,Amador,005,37829,3793,3779,35,3814,47
2021-07-11,Butte,007,227075,12875,12794,1996,14790,202
2021-07-11,Calaveras,009,45235,2241,2226,16,2242,57
2021-07-11,Colusa,011,21464,1981,1971,340,2311,16
2021-07-11,Contra Costa,013,1133247,72441,71744,1425,73169,823
2021-07-11,Del Norte,015,27424,1479,1467,9,1476,8
2021-07-11,El Dorado,017,186661,10639,10554,825,11379,114
2021-07-11,Fresno,019,978130,103459,102813,9195,112008,1728
2021-07-11,Glenn,021,27897,2451,2446,593,3039,20
2021-07-11,Humboldt,023,135768,4667,4611,54,4665,51
2021-07-11,Imperial,025,180216,28818,28787,2923,31710,741
2021-07-11,Inyo,027,18085,1417,1415,4,1419,36
2021-07-11,Kern,029,883053,98051,97637,11744,109381,1346
2021-07-11,Kings,031,150075,23229,23116,1222,24338,246
2021-07-11,Lake,033,64148,3776,3699,13,3712,63
2021-07-11,Lassen,035,31185,5303,5291,123,5414,21
2021-07-11,Los Angeles,037,10098052,1220758,1215182,45215,1260397,24558
2021-07-11,Madera,039,155013,16886,16766,990,17756,240
2021-07-11,Marin,041,260295,14360,14231,278,14509,233
2021-07-11,Mariposa,043,17540,445,442,11,453,5
2021-07-11,Mendocino,045,87422,4265,4167,83,4250,49
2021-07-11,Merced,047,269075,31478,31366,1020,32386,471
2021-07-11,Modoc,049,8938,420,411,148,559,4
2021-07-11,Mono,051,14174,1262,1275,13,1288,3
2021-07-11,Monterey,053,433212,43418,43307,1969,45276,504
2021-07-11,Napa,055,140530,10151,10100,38,10138,81
2021-07-11,Nevada,057,99092,5095,5035,202,5237,72
2021-07-11,Orange,059,3164182,258410,257009,12151,269160,5136
2021-07-11,Placer,061,380077,24200,24017,1697,25714,302
2021-07-11,Plumas,063,18699,730,716,15,731,4
2021-07-11,Riverside,065,2383286,295224,293969,14944,308913,4541
2021-07-11,Sacramento,067,1510023,110502,109696,1989,111685,1685
2021-07-11,San Benito,069,59416,6175,6163,119,6282,63
2021-07-11,San Bernardino,071,2135413,296210,295342,9631,304973,5167
2021-07-11,San Diego,073,3302833,286112,283819,15887,299706,3784
2021-07-11,San Francisco,075,870044,38001,37596,1457,39053,559
2021-07-11,San Joaquin,077,732212,74803,74376,3915,78291,1415
2021-07-11,San Luis Obispo,079,281455,21516,21403,809,22212,258
2021-07-11,San Mateo,081,765935,43395,43107,526,43633,542
2021-07-11,Santa Barbara,083,443738,34932,34646,1261,35907,461
2021-07-11,Santa Clara,085,1922200,120196,119549,829,120378,2098
2021-07-11,Santa Cruz,087,273765,16361,16303,882,17185,207
2021-07-11,Shasta,089,179085,12700,12647,1730,14377,208
2021-07-11,Sierra,091,2930,64,62,14,76,0
2021-07-11,Siskiyou,093,43540,1985,1915,419,2334,29
2021-07-11,Solano,095,438530,34070,33837,624,34461,268
2021-07-11,Sonoma,097,501317,31568,31352,382,31734,322
2021-07-11,Stanislaus,099,539301,57537,57230,6351,63581,1028
2021-07-11,Sutter,101,95872,9797,9728,99,9827,114
2021-07-11,Tehama,103,63373,5148,5138,622,5760,63
2021-07-11,Trinity,105,12862,420,340,84,424,3
2021-07-11,Tulare,107,460477,50053,49877,9747,59624,853
2021-07-11,Tuolumne,109,53932,4177,4116,39,4155,64
2021-07-11,Ventura,111,848112,82180,81875,3320,85195,1040
2021-07-11,Yolo,113,214977,14389,14285,417,14702,213
2021-07-11,Yuba,115,75493,6329,6260,133,6393,52
2021-07-10,Alameda,001,1643700,91345,90090,2152,92242,1252
2021-07-10,Alpine,003,1148,89,89,0,89,0
2021-07-10,Amador,005,37829,3787,3773,35,3808,47
2021-07-10,Butte,007,227075,12864,12764,1993,14757,202
2021-07-10,Calaveras,009,45235,2240,2214,16,2230,57
2021-07-10,Colusa,011,21464,1979,1969,340,2309,16
2021-07-10,Contra Costa,013,1133247,72342,71376,1424,72800,821
2021-07-10,Del Norte,015,27424,1477,1451,9,1460,8
2021-07-10,El Dorado,017,186661,10623,10508,821,11329,114
2021-07-10,Fresno,019,978130,103426,102675,9188,111863,1730
2021-07-10,Glenn,021,27897,2448,2440,592,3032,20
2021-07-10,Humboldt,023,135768,4658,4574,54,4628,51
2021-07-10,Imperial,025,180216,28805,28729,2923,31652,741
2021-07-10,Inyo,027,18085,1416,1415,4,1419,36
2021-07-10,Kern,029,883053,98012,97538,11726,109264,1346
2021-07-10,Kings,031,150075,23222,23090,1221,24311,246
2021-07-10,Lake,033,64148,3759,3667,13,3680,63
2021-07-10,Lassen,035,31185,5303,5290,123,5413,21
2021-07-10,Los Angeles,037,10098052,1219742,1212043,45110,1257153,24542
2021-07-10,Madera,039,155013,16880,16744,987,17731,241
2021-07-10,Marin,041,260295,14346,14194,278,14472,233
2021-07-10,Mariposa,043,17540,445,442,11,453,5
2021-07-10,Mendocino,045,87422,4258,4153,82,4235,49
2021-07-10,Merced,047,269075,31465,31328,1020,32348,470
2021-07-10,Modoc,049,8938,420,410,148,558,4
2021-07-10,Mono,051,14174,1262,1275,13,1288,3
2021-07-10,Monterey,053,433212,43404,43251,1967,45218,499
2021-07-10,Napa,055,140530,10139,10077,38,10115,81
2021-07-10,Nevada,057,99092,5086,5000,202,5202,72
2021-07-10,Orange,059,3164182,258237,256438,12135,268573,5135
2021-07-10,Placer,061,380077,24171,23916,1687,25603,302
2021-07-10,Plumas,063,18699,729,717,15,732,4
2021-07-10,Riverside,065,2383286,295038,293474,14930,308404,4541
2021-07-10,Sacramento,067,1510023,110354,109091,1984,111075,1682
2021-07-10,San Benito,069,59416,6170,6141,119,6260,63
2021-07-10,San Bernardino,071,2135413,296022,294932,9619,304551,5117
2021-07-10,San Diego,073,3302833,285822,283577,15834,299411,3783
2021-07-10,San Francisco,075,870044,37918,37338,1452,38790,559
2021-07-10,San Joaquin,077,732212,74746,74150,3909,78059,1412
2021-07-10,San Luis Obispo,079,281455,21505,21375,808,22183,258
2021-07-10,San Mateo,081,765935,43345,42948,524,43472,542
2021-07-10,Santa Barbara,083,443738,34906,34595,1261,35856,460
2021-07-10,Santa Clara,085,1922200,120093,119330,826,120156,2094
2021-07-10,Santa Cruz,087,273765,16354,16286,882,17168,207
2021-07-10,Shasta,089,179085,12687,12623,1725,14348,206
2021-07-10,Sierra,091,2930,64,61,14,75,0
2021-07-10,Siskiyou,093,43540,1983,1909,416,2325,29
2021-07-10,Solano,095,438530,34030,33678,618,34296,268
2021-07-10,Sonoma,097,501317,31517,31231,382,31613,317
2021-07-10,Stanislaus,099,539301,57496,57104,6341,63445,1026
2021-07-10,Sutter,101,95872,9784,9692,99,9791,114
2021-07-10,Tehama,103,63373,5145,5131,622,5753,63
2021-07-10,Trinity,105,12862,420,341,84,425,3
2021-07-10,Tulare,107,460477,50043,49850,9741,59591,853
2021-07-10,Tuolumne,109,53932,4175,4114,39,4153,64
2021-07-10,Ventura,111,848112,82135,81713,3302,85015,1039
2021-07-10,Yolo,113,214977,14368,14250,414,14664,213
2021-07-10,Yuba,115,75493,6319,6238,133,6371,52
2021-07-09,Alameda,001,1643700,91193,90090,2146,92236,1252
2021-07-09,Alpine,003,1148,89,89,0,89,0
2021-07-09,Amador,005,37829,3786,3773,35,3808,47
2021-07-09,Butte,007,227075,12853,12764,1991,14755,202
2021-07-09,Calaveras,009,45235,2238,2214,16,2230,57
2021-07-09,Colusa,011,21464,1978,1969,340,2309,16
2021-07-09,Contra Costa,013,1133247,72217,71376,1423,72799,821
2021-07-09,Del Norte,015,27424,1472,1451,9,1460,8
2021-07-09,El Dorado,017,186661,10608,10508,820,11328,114
2021-07-09,Fresno,019,978130,103370,102675,9181,111856,1730
2021-07-09,Glenn,021,27897,2447,2440,590,3030,20
2021-07-09,Humboldt,023,135768,4639,4574,54,4628,51
2021-07-09,Imperial,025,180216,28797,28729,2922,31651,741
2021-07-09,Inyo,027,18085,1415,1415,4,1419,36
2021-07-09,Kern,029,883053,97974,97538,11714,109252,1346
2021-07-09,Kings,031,150075,23212,23090,1220,24310,246
2021-07-09,Lake,033,64148,3745,3667,13,3680,63
2021-07-09,Lassen,035,31185,5301,5290,122,5412,21
2021-07-09,Los Angeles,037,10098052,1218743,1212043,45033,1257076,24542
2021-07-09,Madera,039,155013,16871,16744,986,17730,241
2021-07-09,Marin,041,260295,14326,14194,276,14470,233
2021-07-09,Mariposa,043,17540,445,442,11,453,5
2021-07-09,Mendocino,045,87422,4251,4153,82,4235,49
2021-07-09,Merced,047,269075,31450,31328,1020,32348,470
2021-07-09,Modoc,049,8938,420,410,148,558,4
2021-07-09,Mono,051,14174,1262,1275,13,1288,3
2021-07-09,Monterey,053,433212,43395,43251,1967,45218,499
2021-07-09,Napa,055,140530,10132,10077,38,10115,81
2021-07-09,Nevada,057,99092,5077,5000,202,5202,72
2021-07-09,Orange,059,3164182,258033,256438,12121,268559,5135
2021-07-09,Placer,061,380077,24149,23916,1681,25597,302
2021-07-09,Plumas,063,18699,727,717,15,732,4
2021-07-09,Riverside,065,2383286,294851,293474,14916,308390,4541
2021-07-09,Sacramento,067,1510023,110201,109091,1976,111067,1682
2021-07-09,San Benito,069,59416,6168,6141,119,6260,63
2021-07-09,San Bernardino,071,2135413,295870,294932,9612,304544,5117
2021-07-09,San Diego,073,3302833,285536,283577,15786,299363,3783
2021-07-09,San Francisco,075,870044,37838,37338,1445,38783,559
2021-07-09,San Joaquin,077,732212,74674,74150,3901,78051,1412
2021-07-09,San Luis Obispo,079,281455,21493,21375,808,22183,258
2021-07-09,San Mateo,081,765935,43299,42948,520,43468,542
2021-07-09,Santa Barbara,083,443738,34887,34595,1260,35855,460
2021-07-09,Santa Clara,085,1922200,119982,119330,826,120156,2094
2021-07-09,Santa Cruz,087,273765,16351,16286,882,17168,207
2021-07-09,Shasta,089,179085,12681,12623,1720,14343,206
2021-07-09,Sierra,091,2930,64,61,14,75,0
2021-07-09,Siskiyou,093,43540,1981,1909,415,2324,29
2021-07-09,Solano,095,438530,33996,33678,614,34292,268
2021-07-09,Sonoma,097,501317,31481,31231,382,31613,317
2021-07-09,Stanislaus,099,539301,57454,57104,6339,63443,1026
2021-07-09,Sutter,101,95872,9775,9692,99,9791,114
2021-07-09,Tehama,103,63373,5143,5131,622,5753,63
2021-07-09,Trinity,105,12862,419,341,81,422,3
2021-07-09,Tulare,107,460477,50030,49850,9735,59585,853
2021-07-09,Tuolumne,109,53932,4172,4114,39,4153,64
2021-07-09,Ventura,111,848112,82080,81713,3293,85006,1039
2021-07-09,Yolo,113,214977,14353,14250,410,14660,213
2021-07-09,Yuba,115,75493,6306,6238,133,6371,52
2021-07-08,Alameda,001,1643700,90983,90090,2141,92231,1252
2021-07-08,Alpine,003,1148,89,89,0,89,0
2021-07-08,Amador,005,37829,3784,3773,35,3808,47
2021-07-08,Butte,007,227075,12840,12764,1988,14752,202
2021-07-08,Calaveras,009,45235,2233,2214,15,2229,57
2021-07-08,Colusa,011,21464,1978,1969,340,2309,16
2021-07-08,Contra Costa,013,1133247,72089,71376,1418,72794,821
2021-07-08,Del Norte,015,27424,1470,1451,9,1460,8
2021-07-08,El Dorado,017,186661,10591,10508,815,11323,114
2021-07-08,Fresno,019,978130,103310,102675,9169,111844,1730
2021-07-08,Glenn,021,27897,2447,2440,590,3030,20
2021-07-08,Humboldt,023,135768,4624,4574,53,4627,51
2021-07-08,Imperial,025,180216,28784,28729,2921,31650,741
2021-07-08,Inyo,027,18085,1415,1415,4,1419,36
2021-07-08,Kern,029,883053,97930,97538,11696,109234,1346
2021-07-08,Kings,031,150075,23203,23090,1220,24310,246
2021-07-08,Lake,033,64148,3731,3667,13,3680,63
2021-07-08,Lassen,035,31185,5298,5290,122,5412,21
2021-07-08,Los Angeles,037,10098052,1217535,1212043,44935,1256978,24542
2021-07-08,Madera,039,155013,16856,16744,986,17730,241
2021-07-08,Marin,041,260295,14311,14194,276,14470,233
2021-07-08,Mariposa,043,17540,444,442,11,453,5
2021-07-08,Mendocino,045,87422,4248,4153,82,4235,49
2021-07-08,Merced,047,269075,31436,31328,1018,32346,470
2021-07-08,Modoc,049,8938,420,410,148,558,4
2021-07-08,Mono,051,14174,1262,1275,13,1288,3
2021-07-08,Monterey,053,433212,43375,43251,1961,45212,499
2021-07-08,Napa,055,140530,10128,10077,38,10115,81
2021-07-08,Nevada,057,99092,5071,5000,202,5202,72
2021-07-08,Orange,059,3164182,257839,256438,12100,268538,5135
2021-07-08,Placer,061,380077,24110,23916,1673,25589,302
2021-07-08,Plumas,063,18699,726,717,15,732,4
2021-07-08,Riverside,065,2383286,294650,293474,14900,308374,4541
2021-07-08,Sacramento,067,1510023,109981,109091,1969,111060,1682
2021-07-08,San Benito,069,59416,6165,6141,119,6260,63
2021-07-08,San Bernardino,071,2135413,295696,294932,9603,304535,5117
2021-07-08,San Diego,073,3302833,285208,283577,15738,299315,3783
2021-07-08,San Francisco,075,870044,37759,37338,1440,38778,559
2021-07-08,San Joaquin,077,732212,74586,74150,3890,78040,1412
2021-07-08,San Luis Obispo,079,281455,21481,21375,805,22180,258
2021-07-08,San Mateo,081,765935,43249,42948,519,43467,542
2021-07-08,Santa Barbara,083,443738,34861,34595,1258,35853,460
2021-07-08,Santa Clara,085,1922200,119889,119330,825,120155,2094
2021-07-08,Santa Cruz,087,273765,16345,16286,882,17168,207
2021-07-08,Shasta,089,179085,12675,12623,1716,14339,206
2021-07-08,Sierra,091,2930,64,61,14,75,0
2021-07-08,Siskiyou,093,43540,1976,1909,412,2321,29
2021-07-08,Solano,095,438530,33944,33678,606,34284,268
2021-07-08,Sonoma,097,501317,31450,31231,381,31612,317
2021-07-08,Stanislaus,099,539301,57420,57104,6334,63438,1026
2021-07-08,Sutter,101,95872,9760,9692,97,9789,114
2021-07-08,Tehama,103,63373,5140,5131,621,5752,63
2021-07-08,Trinity,105,12862,419,341,81,422,3
2021-07-08,Tulare,107,460477,50013,49850,9726,59576,853
2021-07-08,Tuolumne,109,53932,4170,4114,39,4153,64
2021-07-08,Ventura,111,848112,82016,81713,3276,84989,1039
2021-07-08,Yolo,113,214977,14335,14250,408,14658,213
2021-07-08,Yuba,115,75493,6298,6238,133,6371,52
2021-07-07,Alameda,001,1643700,90799,89995,2135,92130,1253
2021-07-07,Alpine,003,1148,89,89,0,89,0
2021-07-07,Amador,005,37829,3779,3770,35,3805,47
2021-07-07,Butte,007,227075,12827,12750,1983,14733,202
2021-07-07,Calaveras,009,45235,2228,2212,15,2227,57
2021-07-07,Colusa,011,21464,1974,1969,340,2309,16
2021-07-07,Contra Costa,013,1133247,71944,71308,1416,72724,821
2021-07-07,Del Norte,015,27424,1465,1446,9,1455,8
2021-07-07,El Dorado,017,186661,10571,10494,813,11307,114
2021-07-07,Fresno,019,978130,103260,102639,9162,111801,1729
2021-07-07,Glenn,021,27897,2447,2441,590,3031,20
2021-07-07,Humboldt,023,135768,4610,4566,53,4619,51
2021-07-07,Imperial,025,180216,28777,28701,2921,31622,740
2021-07-07,Inyo,027,18085,1414,1415,4,1419,36
2021-07-07,Kern,029,883053,97888,97507,11680,109187,1348
2021-07-07,Kings,031,150075,23190,23085,1217,24302,245
2021-07-07,Lake,033,64148,3712,3660,13,3673,63
2021-07-07,Lassen,035,31185,5298,5286,122,5408,21
2021-07-07,Los Angeles,037,10098052,1216363,1211316,44824,1256140,24531
2021-07-07,Madera,039,155013,16846,16733,984,17717,241
2021-07-07,Marin,041,260295,14292,14183,275,14458,233
2021-07-07,Mariposa,043,17540,442,442,11,453,5
2021-07-07,Mendocino,045,87422,4239,4145,82,4227,49
2021-07-07,Merced,047,269075,31421,31317,1018,32335,470
2021-07-07,Modoc,049,8938,420,410,148,558,4
2021-07-07,Mono,051,14174,1261,1274,13,1287,3
2021-07-07,Monterey,053,433212,43351,43233,1959,45192,494
2021-07-07,Napa,055,140530,10117,10078,38,10116,81
2021-07-07,Nevada,057,99092,5064,4996,202,5198,72
2021-07-07,Orange,059,3164182,257612,256301,12077,268378,5132
2021-07-07,Placer,061,380077,24074,23901,1663,25564,302
2021-07-07,Plumas,063,18699,726,710,15,725,4
2021-07-07,Riverside,065,2383286,294436,293331,14889,308220,4538
2021-07-07,Sacramento,067,1510023,109792,108954,1961,110915,1682
2021-07-07,San Benito,069,59416,6160,6137,119,6256,63
2021-07-07,San Bernardino,071,2135413,295529,294787,9596,304383,5087
2021-07-07,San Diego,073,3302833,284890,283377,15698,299075,3782
2021-07-07,San Francisco,075,870044,37667,37284,1437,38721,558
2021-07-07,San Joaquin,077,732212,74510,74095,3874,77969,1410
2021-07-07,San Luis Obispo,079,281455,21472,21360,803,22163,258
2021-07-07,San Mateo,081,765935,43194,42908,516,43424,542
2021-07-07,Santa Barbara,083,443738,34835,34582,1258,35840,460
2021-07-07,Santa Clara,085,1922200,119791,119250,824,120074,2094
2021-07-07,Santa Cruz,087,273765,16336,16279,881,17160,207
2021-07-07,Shasta,089,179085,12667,12613,1713,14326,206
2021-07-07,Sierra,091,2930,64,60,14,74,0
2021-07-07,Siskiyou,093,43540,1970,1908,408,2316,29
2021-07-07,Solano,095,438530,33896,33659,599,34258,268
2021-07-07,Sonoma,097,501317,31404,31172,381,31553,316
2021-07-07,Stanislaus,099,539301,57375,57102,6329,63431,1028
2021-07-07,Sutter,101,95872,9750,9683,97,9780,114
2021-07-07,Tehama,103,63373,5139,5129,621,5750,63
2021-07-07,Trinity,105,12862,419,341,81,422,3
2021-07-07,Tulare,107,460477,50009,49835,9717,59552,853
2021-07-07,Tuolumne,109,53932,4166,4115,38,4153,64
2021-07-07,Ventura,111,848112,81973,81608,3261,84869,1036
2021-07-07,Yolo,113,214977,14325,14236,405,14641,213
2021-07-07,Yuba,115,75493,6282,6233,133,6366,51
2021-07-06,Alameda,001,1643700,90604,89918,2126,92044,1253
2021-07-06,Alpine,003,1148,89,89,0,89,0
2021-07-06,Amador,005,37829,3778,3768,34,3802,47
2021-07-06,Butte,007,227075,12814,12744,1980,14724,201
2021-07-06,Calaveras,009,45235,2228,2211,15,2226,55
2021-07-06,Colusa,011,21464,1973,1967,337,2304,16
2021-07-06,Contra Costa,013,1133247,71815,71262,1414,72676,820
2021-07-06,Del Norte,015,27424,1461,1445,9,1454,8
2021-07-06,El Dorado,017,186661,10553,10484,812,11296,113
2021-07-06,Fresno,019,978130,103208,102616,9151,111767,1727
2021-07-06,Glenn,021,27897,2446,2438,590,3028,20
2021-07-06,Humboldt,023,135768,4596,4565,52,4617,49
2021-07-06,Imperial,025,180216,28762,28693,2919,31612,739
2021-07-06,Inyo,027,18085,1414,1412,4,1416,36
2021-07-06,Kern,029,883053,97846,97491,11669,109160,1346
2021-07-06,Kings,031,150075,23182,23077,1216,24293,245
2021-07-06,Lake,033,64148,3702,3659,13,3672,63
2021-07-06,Lassen,035,31185,5297,5288,121,5409,21
2021-07-06,Los Angeles,037,10098052,1215156,1210965,44724,1255689,24525
2021-07-06,Madera,039,155013,16835,16730,984,17714,241
2021-07-06,Marin,041,260295,14278,14181,275,14456,233
2021-07-06,Mariposa,043,17540,442,442,11,453,5
2021-07-06,Mendocino,045,87422,4232,4143,82,4225,49
2021-07-06,Merced,047,269075,31404,31317,1017,32334,470
2021-07-06,Modoc,049,8938,420,411,148,559,4
2021-07-06,Mono,051,14174,1260,1274,13,1287,3
2021-07-06,Monterey,053,433212,43329,43224,1958,45182,494
2021-07-06,Napa,055,140530,10106,10081,38,10119,81
2021-07-06,Nevada,057,99092,5055,4988,202,5190,72
2021-07-06,Orange,059,3164182,257370,256227,12060,268287,5129
2021-07-06,Placer,061,380077,24033,23876,1657,25533,302
2021-07-06,Plumas,063,18699,725,708,15,723,4
2021-07-06,Riverside,065,2383286,294232,293227,14871,308098,4539
2021-07-06,Sacramento,067,1510023,109581,108850,1953,110803,1679
2021-07-06,San Benito,069,59416,6156,6137,119,6256,63
2021-07-06,San Bernardino,071,2135413,295354,294712,9583,304295,5056
2021-07-06,San Diego,073,3302833,284535,283278,15639,298917,3782
2021-07-06,San Francisco,075,870044,37551,37251,1434,38685,558
2021-07-06,San Joaquin,077,732212,74441,74019,3862,77881,1410
2021-07-06,San Luis Obispo,079,281455,21455,21354,802,22156,257
2021-07-06,San Mateo,081,765935,43119,42895,516,43411,541
2021-07-06,Santa Barbara,083,443738,34817,34572,1256,35828,460
2021-07-06,Santa Clara,085,1922200,119673,119194,821,120015,2095
2021-07-06,Santa Cruz,087,273765,16331,16274,880,17154,207
2021-07-06,Shasta,089,179085,12657,12606,1711,14317,205
2021-07-06,Sierra,091,2930,63,60,14,74,0
2021-07-06,Siskiyou,093,43540,1967,1905,404,2309,29
2021-07-06,Solano,095,438530,33846,33619,596,34215,268
2021-07-06,Sonoma,097,501317,31341,31130,380,31510,316
2021-07-06,Stanislaus,099,539301,57313,57120,6317,63437,1029
2021-07-06,Sutter,101,95872,9741,9674,96,9770,114
2021-07-06,Tehama,103,63373,5136,5126,620,5746,63
2021-07-06,Trinity,105,12862,419,341,81,422,3
2021-07-06,Tulare,107,460477,49994,49826,9706,59532,853
2021-07-06,Tuolumne,109,53932,4164,4113,38,4151,64
2021-07-06,Ventura,111,848112,81933,81534,3235,84769,1033
2021-07-06,Yolo,113,214977,14304,14227,400,14627,213
2021-07-06,Yuba,115,75493,6271,6231,133,6364,51
2021-07-05,Alameda,001,1643700,90427,89892,2120,92012,1253
2021-07-05,Alpine,003,1148,89,89,0,89,0
2021-07-05,Amador,005,37829,3776,3768,34,3802,47
2021-07-05,Butte,007,227075,12806,12740,1970,14710,201
2021-07-05,Calaveras,009,45235,2226,2211,15,2226,55
2021-07-05,Colusa,011,21464,1971,1966,336,2302,16
2021-07-05,Contra Costa,013,1133247,71689,71235,1414,72649,820
2021-07-05,Del Norte,015,27424,1457,1446,9,1455,8
2021-07-05,El Dorado,017,186661,10528,10481,812,11293,113
2021-07-05,Fresno,019,978130,103151,102592,9133,111725,1727
2021-07-05,Glenn,021,27897,2443,2438,589,3027,20
2021-07-05,Humboldt,023,135768,4582,4563,52,4615,49
2021-07-05,Imperial,025,180216,28744,28689,2919,31608,739
2021-07-05,Inyo,027,18085,1414,1412,4,1416,36
2021-07-05,Kern,029,883053,97798,97479,11648,109127,1346
2021-07-05,Kings,031,150075,23174,23065,1213,24278,245
2021-07-05,Lake,033,64148,3684,3645,13,3658,63
2021-07-05,Lassen,035,31185,5294,5288,120,5408,21
2021-07-05,Los Angeles,037,10098052,1213974,1210653,44618,1255271,24522
2021-07-05,Madera,039,155013,16824,16722,983,17705,241
2021-07-05,Marin,041,260295,14257,14178,275,14453,233
2021-07-05,Mariposa,043,17540,442,441,11,452,5
2021-07-05,Mendocino,045,87422,4227,4139,82,4221,49
2021-07-05,Merced,047,269075,31384,31312,1017,32329,470
2021-07-05,Modoc,049,8938,420,410,148,558,4
2021-07-05,Mono,051,14174,1260,1273,13,1286,3
2021-07-05,Monterey,053,433212,43309,43218,1953,45171,494
2021-07-05,Napa,055,140530,10100,10074,38,10112,81
2021-07-05,Nevada,057,99092,5037,4980,201,5181,72
2021-07-05,Orange,059,3164182,257170,256173,12041,268214,5129
2021-07-05,Placer,061,380077,23986,23867,1649,25516,302
2021-07-05,Plumas,063,18699,724,708,15,723,4
2021-07-05,Riverside,065,2383286,294040,293193,14858,308051,4539
2021-07-05,Sacramento,067,1510023,109399,108758,1944,110702,1679
2021-07-05,San Benito,069,59416,6149,6137,119,6256,63
2021-07-05,San Bernardino,071,2135413,295192,294647,9576,304223,5037
2021-07-05,San Diego,073,3302833,284175,282834,15594,298428,3782
2021-07-05,San Francisco,075,870044,37464,37237,1429,38666,558
2021-07-05,San Joaquin,077,732212,74371,73999,3856,77855,1410
2021-07-05,San Luis Obispo,079,281455,21442,21351,801,22152,257
2021-07-05,San Mateo,081,765935,43067,42876,513,43389,541
2021-07-05,Santa Barbara,083,443738,34797,34569,1256,35825,460
2021-07-05,Santa Clara,085,1922200,119569,119184,819,120003,2095
2021-07-05,Santa Cruz,087,273765,16321,16273,879,17152,208
2021-07-05,Shasta,089,179085,12648,12603,1709,14312,205
2021-07-05,Sierra,091,2930,63,60,14,74,0
2021-07-05,Siskiyou,093,43540,1966,1904,402,2306,29
2021-07-05,Solano,095,438530,33777,33612,590,34202,268
2021-07-05,Sonoma,097,501317,31288,31116,380,31496,316
2021-07-05,Stanislaus,099,539301,57277,57109,6307,63416,1029
2021-07-05,Sutter,101,95872,9729,9667,96,9763,114
2021-07-05,Tehama,103,63373,5135,5125,620,5745,63
2021-07-05,Trinity,105,12862,418,341,80,421,3
2021-07-05,Tulare,107,460477,49976,49818,9703,59521,853
2021-07-05,Tuolumne,109,53932,4160,4112,38,4150,64
2021-07-05,Ventura,111,848112,81883,81519,3215,84734,1033
2021-07-05,Yolo,113,214977,14286,14225,391,14616,213
2021-07-05,Yuba,115,75493,6263,6223,133,6356,51
2021-07-04,Alameda,001,1643700,90260,89683,2116,91799,1253
2021-07-04,Alpine,003,1148,89,89,0,89,0
2021-07-04,Amador,005,37829,3775,3758,34,3792,46
2021-07-04,Butte,007,227075,12796,12684,1970,14654,201
2021-07-04,Calaveras,009,45235,2226,2200,15,2215,55
2021-07-04,Colusa,011,21464,1971,1969,336,2305,15
2021-07-04,Contra Costa,013,1133247,71583,70941,1409,72350,818
2021-07-04,Del Norte,015,27424,1454,1439,9,1448,8
2021-07-04,El Dorado,017,186661,10519,10433,811,11244,113
2021-07-04,Fresno,019,978130,103107,102512,9114,111626,1727
2021-07-04,Glenn,021,27897,2441,2442,588,3030,20
2021-07-04,Humboldt,023,135768,4574,4530,52,4582,49
2021-07-04,Imperial,025,180216,28738,28661,2919,31580,739
2021-07-04,Inyo,027,18085,1414,1412,4,1416,35
2021-07-04,Kern,029,883053,97780,97421,11638,109059,1347
2021-07-04,Kings,031,150075,23167,23051,1213,24264,245
2021-07-04,Lake,033,64148,3674,3623,13,3636,62
2021-07-04,Lassen,035,31185,5293,5277,120,5397,20
2021-07-04,Los Angeles,037,10098052,1213128,1208705,44525,1253230,24506
2021-07-04,Madera,039,155013,16812,16696,981,17677,240
2021-07-04,Marin,041,260295,14242,14143,275,14418,233
2021-07-04,Mariposa,043,17540,442,441,11,452,5
2021-07-04,Mendocino,045,87422,4217,4122,82,4204,49
2021-07-04,Merced,047,269075,31373,31297,1017,32314,469
2021-07-04,Modoc,049,8938,420,410,148,558,4
2021-07-04,Mono,051,14174,1260,1275,13,1288,3
2021-07-04,Monterey,053,433212,43293,43212,1952,45164,492
2021-07-04,Napa,055,140530,10092,10045,37,10082,81
2021-07-04,Nevada,057,99092,5028,4966,201,5167,72
2021-07-04,Orange,059,3164182,256995,255823,12020,267843,5126
2021-07-04,Placer,061,380077,23949,23764,1642,25406,299
2021-07-04,Plumas,063,18699,724,707,15,722,4
2021-07-04,Riverside,065,2383286,293882,293260,14850,308110,4536
2021-07-04,Sacramento,067,1510023,109230,108257,1938,110195,1676
2021-07-04,San Benito,069,59416,6142,6108,119,6227,63
2021-07-04,San Bernardino,071,2135413,295025,294294,9569,303863,5003
2021-07-04,San Diego,073,3302833,283951,282692,15556,298248,3780
2021-07-04,San Francisco,075,870044,37408,37107,1423,38530,558
2021-07-04,San Joaquin,077,732212,74305,73841,3848,77689,1409
2021-07-04,San Luis Obispo,079,281455,21436,21330,800,22130,256
2021-07-04,San Mateo,081,765935,43033,42691,513,43204,541
2021-07-04,Santa Barbara,083,443738,34775,34526,1255,35781,456
2021-07-04,Santa Clara,085,1922200,119479,118966,818,119784,2090
2021-07-04,Santa Cruz,087,273765,16310,16254,879,17133,208
2021-07-04,Shasta,089,179085,12644,12582,1708,14290,204
2021-07-04,Sierra,091,2930,62,60,14,74,0
2021-07-04,Siskiyou,093,43540,1962,1899,401,2300,29
2021-07-04,Solano,095,438530,33736,33486,588,34074,268
2021-07-04,Sonoma,097,501317,31258,31000,379,31379,316
2021-07-04,Stanislaus,099,539301,57254,57018,6301,63319,1018
2021-07-04,Sutter,101,95872,9718,9644,96,9740,114
2021-07-04,Tehama,103,63373,5131,5124,620,5744,63
2021-07-04,Trinity,105,12862,417,341,80,421,3
2021-07-04,Tulare,107,460477,49966,49789,9700,59489,853
2021-07-04,Tuolumne,109,53932,4152,4113,38,4151,64
2021-07-04,Ventura,111,848112,81826,81425,3204,84629,1033
2021-07-04,Yolo,113,214977,14266,14188,388,14576,213
2021-07-04,Yuba,115,75493,6255,6197,133,6330,51
2021-07-03,Alameda,001,1643700,90176,89683,2108,91791,1253
2021-07-03,Alpine,003,1148,89,89,0,89,0
2021-07-03,Amador,005,37829,3775,3758,34,3792,46
2021-07-03,Butte,007,227075,12792,12684,1969,14653,201
2021-07-03,Calaveras,009,45235,2225,2200,15,2215,55
2021-07-03,Colusa,011,21464,1971,1969,335,2304,15
2021-07-03,Contra Costa,013,1133247,71524,70941,1406,72347,818
2021-07-03,Del Norte,015,27424,1451,1439,9,1448,8
2021-07-03,El Dorado,017,186661,10512,10433,809,11242,113
2021-07-03,Fresno,019,978130,103082,102512,9105,111617,1727
2021-07-03,Glenn,021,27897,2441,2442,588,3030,20
2021-07-03,Humboldt,023,135768,4569,4530,52,4582,49
2021-07-03,Imperial,025,180216,28728,28661,2919,31580,739
2021-07-03,Inyo,027,18085,1414,1412,4,1416,35
2021-07-03,Kern,029,883053,97760,97421,11630,109051,1347
2021-07-03,Kings,031,150075,23167,23051,1212,24263,245
2021-07-03,Lake,033,64148,3664,3623,13,3636,62
2021-07-03,Lassen,035,31185,5292,5277,120,5397,20
2021-07-03,Los Angeles,037,10098052,1212702,1208705,44495,1253200,24506
2021-07-03,Madera,039,155013,16803,16696,978,17674,240
2021-07-03,Marin,041,260295,14238,14143,275,14418,233
2021-07-03,Mariposa,043,17540,442,441,11,452,5
2021-07-03,Mendocino,045,87422,4216,4122,82,4204,49
2021-07-03,Merced,047,269075,31360,31297,1016,32313,469
2021-07-03,Modoc,049,8938,419,410,148,558,4
2021-07-03,Mono,051,14174,1259,1275,13,1288,3
2021-07-03,Monterey,053,433212,43281,43212,1949,45161,492
2021-07-03,Napa,055,140530,10087,10045,37,10082,81
2021-07-03,Nevada,057,99092,5014,4966,201,5167,72
2021-07-03,Orange,059,3164182,256911,255823,12013,267836,5126
2021-07-03,Placer,061,380077,23930,23764,1639,25403,299
2021-07-03,Plumas,063,18699,724,707,15,722,4
2021-07-03,Riverside,065,2383286,293790,293260,14846,308106,4536
2021-07-03,Sacramento,067,1510023,109156,108257,1935,110192,1676
2021-07-03,San Benito,069,59416,6135,6108,119,6227,63
2021-07-03,San Bernardino,071,2135413,294934,294294,9566,303860,5003
2021-07-03,San Diego,073,3302833,283820,282692,15537,298229,3780
2021-07-03,San Francisco,075,870044,37367,37107,1420,38527,558
2021-07-03,San Joaquin,077,732212,74270,73841,3842,77683,1409
2021-07-03,San Luis Obispo,079,281455,21424,21330,800,22130,256
2021-07-03,San Mateo,081,765935,43008,42691,512,43203,541
2021-07-03,Santa Barbara,083,443738,34766,34526,1254,35780,456
2021-07-03,Santa Clara,085,1922200,119432,118966,818,119784,2090
2021-07-03,Santa Cruz,087,273765,16303,16254,879,17133,208
2021-07-03,Shasta,089,179085,12640,12582,1706,14288,204
2021-07-03,Sierra,091,2930,62,60,14,74,0
2021-07-03,Siskiyou,093,43540,1961,1899,400,2299,29
2021-07-03,Solano,095,438530,33694,33486,588,34074,268
2021-07-03,Sonoma,097,501317,31224,31000,379,31379,316
2021-07-03,Stanislaus,099,539301,57240,57018,6293,63311,1018
2021-07-03,Sutter,101,95872,9708,9644,96,9740,114
2021-07-03,Tehama,103,63373,5129,5124,620,5744,63
2021-07-03,Trinity,105,12862,417,341,80,421,3
2021-07-03,Tulare,107,460477,49960,49789,9694,59483,853
2021-07-03,Tuolumne,109,53932,4151,4113,38,4151,64
2021-07-03,Ventura,111,848112,81796,81425,3196,84621,1033
2021-07-03,Yolo,113,214977,14256,14188,385,14573,213
2021-07-03,Yuba,115,75493,6249,6197,133,6330,51
2021-07-02,Alameda,001,1643700,90094,89683,2107,91790,1253
2021-07-02,Alpine,003,1148,89,89,0,89,0
2021-07-02,Amador,005,37829,3773,3758,34,3792,46
2021-07-02,Butte,007,227075,12785,12684,1969,14653,201
2021-07-02,Calaveras,009,45235,2224,2200,15,2215,55
2021-07-02,Colusa,011,21464,1970,1969,334,2303,15
2021-07-02,Contra Costa,013,1133247,71455,70941,1402,72343,818
2021-07-02,Del Norte,015,27424,1451,1439,9,1448,8
2021-07-02,El Dorado,017,186661,10504,10433,809,11242,113
2021-07-02,Fresno,019,978130,103053,102512,9099,111611,1727
2021-07-02,Glenn,021,27897,2440,2442,587,3029,20
2021-07-02,Humboldt,023,135768,4566,4530,51,4581,49
2021-07-02,Imperial,025,180216,28722,28661,2918,31579,739
2021-07-02,Inyo,027,18085,1414,1412,4,1416,35
2021-07-02,Kern,029,883053,97742,97421,11621,109042,1347
2021-07-02,Kings,031,150075,23157,23051,1212,24263,245
2021-07-02,Lake,033,64148,3658,3623,13,3636,62
2021-07-02,Lassen,035,31185,5292,5277,120,5397,20
2021-07-02,Los Angeles,037,10098052,1212228,1208705,44456,1253161,24506
2021-07-02,Madera,039,155013,16794,16696,977,17673,240
2021-07-02,Marin,041,260295,14233,14143,275,14418,233
2021-07-02,Mariposa,043,17540,442,441,11,452,5
2021-07-02,Mendocino,045,87422,4212,4122,81,4203,49
2021-07-02,Merced,047,269075,31351,31297,1016,32313,469
2021-07-02,Modoc,049,8938,419,410,148,558,4
2021-07-02,Mono,051,14174,1258,1275,13,1288,3
2021-07-02,Monterey,053,433212,43273,43212,1948,45160,492
2021-07-02,Napa,055,140530,10082,10045,37,10082,81
2021-07-02,Nevada,057,99092,5005,4966,201,5167,72
2021-07-02,Orange,059,3164182,256798,255823,12006,267829,5126
2021-07-02,Placer,061,380077,23913,23764,1632,25396,299
2021-07-02,Plumas,063,18699,724,707,15,722,4
2021-07-02,Riverside,065,2383286,293693,293260,14841,308101,4536
2021-07-02,Sacramento,067,1510023,109078,108257,1934,110191,1676
2021-07-02,San Benito,069,59416,6132,6108,119,6227,63
2021-07-02,San Bernardino,071,2135413,294847,294294,9564,303858,5003
2021-07-02,San Diego,073,3302833,283675,282692,15511,298203,3780
2021-07-02,San Francisco,075,870044,37319,37107,1418,38525,558
2021-07-02,San Joaquin,077,732212,74238,73841,3836,77677,1409
2021-07-02,San Luis Obispo,079,281455,21418,21330,799,22129,256
2021-07-02,San Mateo,081,765935,42972,42691,512,43203,541
2021-07-02,Santa Barbara,083,443738,34757,34526,1254,35780,456
2021-07-02,Santa Clara,085,1922200,119354,118966,818,119784,2090
2021-07-02,Santa Cruz,087,273765,16299,16254,879,17133,208
2021-07-02,Shasta,089,179085,12636,12582,1706,14288,204
2021-07-02,Sierra,091,2930,61,60,14,74,0
2021-07-02,Siskiyou,093,43540,1958,1899,399,2298,29
2021-07-02,Solano,095,438530,33669,33486,588,34074,268
2021-07-02,Sonoma,097,501317,31201,31000,379,31379,316
2021-07-02,Stanislaus,099,539301,57218,57018,6292,63310,1018
2021-07-02,Sutter,101,95872,9703,9644,96,9740,114
2021-07-02,Tehama,103,63373,5127,5124,618,5742,63
2021-07-02,Trinity,105,12862,417,341,80,421,3
2021-07-02,Tulare,107,460477,49950,49789,9686,59475,853
2021-07-02,Tuolumne,109,53932,4148,4113,38,4151,64
2021-07-02,Ventura,111,848112,81753,81425,3188,84613,1033
2021-07-02,Yolo,113,214977,14241,14188,383,14571,213
2021-07-02,Yuba,115,75493,6241,6197,133,6330,51
2021-07-01,Alameda,001,1643700,89990,89683,2105,91788,1253
2021-07-01,Alpine,003,1148,89,89,0,89,0
2021-07-01,Amador,005,37829,3772,3758,34,3792,46
2021-07-01,Butte,007,227075,12773,12684,1967,14651,201
2021-07-01,Calaveras,009,45235,2222,2200,15,2215,55
2021-07-01,Colusa,011,21464,1970,1969,332,2301,15
2021-07-01,Contra Costa,013,1133247,71384,70941,1401,72342,818
2021-07-01,Del Norte,015,27424,1450,1439,9,1448,8
2021-07-01,El Dorado,017,186661,10492,10433,809,11242,113
2021-07-01,Fresno,019,978130,103014,102512,9094,111606,1727
2021-07-01,Glenn,021,27897,2440,2442,587,3029,20
2021-07-01,Humboldt,023,135768,4564,4530,51,4581,49
2021-07-01,Imperial,025,180216,28705,28661,2918,31579,739
2021-07-01,Inyo,027,18085,1414,1412,4,1416,35
2021-07-01,Kern,029,883053,97716,97421,11610,109031,1347
2021-07-01,Kings,031,150075,23143,23051,1212,24263,245
2021-07-01,Lake,033,64148,3655,3623,13,3636,62
2021-07-01,Lassen,035,31185,5290,5277,120,5397,20
2021-07-01,Los Angeles,037,10098052,1211631,1208705,44400,1253105,24506
2021-07-01,Madera,039,155013,16785,16696,976,17672,240
2021-07-01,Marin,041,260295,14229,14143,275,14418,233
2021-07-01,Mariposa,043,17540,442,441,11,452,5
2021-07-01,Mendocino,045,87422,4208,4122,80,4202,49
2021-07-01,Merced,047,269075,31345,31297,1016,32313,469
2021-07-01,Modoc,049,8938,419,410,148,558,4
2021-07-01,Mono,051,14174,1257,1275,13,1288,3
2021-07-01,Monterey,053,433212,43265,43212,1944,45156,492
2021-07-01,Napa,055,140530,10075,10045,37,10082,81
2021-07-01,Nevada,057,99092,5000,4966,201,5167,72
2021-07-01,Orange,059,3164182,256680,255823,11986,267809,5126
2021-07-01,Placer,061,380077,23895,23764,1629,25393,299
2021-07-01,Plumas,063,18699,721,707,13,720,4
2021-07-01,Riverside,065,2383286,293584,293260,14833,308093,4536
2021-07-01,Sacramento,067,1510023,108953,108257,1927,110184,1676
2021-07-01,San Benito,069,59416,6128,6108,119,6227,63
2021-07-01,San Bernardino,071,2135413,294728,294294,9558,303852,5003
2021-07-01,San Diego,073,3302833,283497,282692,15474,298166,3780
2021-07-01,San Francisco,075,870044,37283,37107,1416,38523,558
2021-07-01,San Joaquin,077,732212,74187,73841,3832,77673,1409
2021-07-01,San Luis Obispo,079,281455,21403,21330,798,22128,256
2021-07-01,San Mateo,081,765935,42944,42691,511,43202,541
2021-07-01,Santa Barbara,083,443738,34746,34526,1254,35780,456
2021-07-01,Santa Clara,085,1922200,119305,118966,818,119784,2090
2021-07-01,Santa Cruz,087,273765,16295,16254,878,17132,208
2021-07-01,Shasta,089,179085,12628,12582,1705,14287,204
2021-07-01,Sierra,091,2930,61,60,14,74,0
2021-07-01,Siskiyou,093,43540,1958,1899,399,2298,29
2021-07-01,Solano,095,438530,33628,33486,587,34073,268
2021-07-01,Sonoma,097,501317,31157,31000,379,31379,316
2021-07-01,Stanislaus,099,539301,57195,57018,6288,63306,1018
2021-07-01,Sutter,101,95872,9694,9644,96,9740,114
2021-07-01,Tehama,103,63373,5127,5124,617,5741,63
2021-07-01,Trinity,105,12862,417,341,80,421,3
2021-07-01,Tulare,107,460477,49941,49789,9679,59468,853
2021-07-01,Tuolumne,109,53932,4141,4113,38,4151,64
2021-07-01,Ventura,111,848112,81722,81425,3177,84602,1033
2021-07-01,Yolo,113,214977,14226,14188,381,14569,213
2021-07-01,Yuba,115,75493,6234,6197,133,6330,51
2021-06-30,Alameda,001,1643700,89905,89597,2101,91698,1256
2021-06-30,Alpine,003,1148,89,89,0,89,0
2021-06-30,Amador,005,37829,3770,3756,34,3790,46
2021-06-30,Butte,007,227075,12766,12676,1958,14634,201
2021-06-30,Calaveras,009,45235,2217,2198,15,2213,55
2021-06-30,Colusa,011,21464,1968,1967,329,2296,15
2021-06-30,Contra Costa,013,1133247,71320,70869,1398,72267,818
2021-06-30,Del Norte,015,27424,1445,1435,9,1444,8
2021-06-30,El Dorado,017,186661,10473,10420,809,11229,113
2021-06-30,Fresno,019,978130,102978,102490,9091,111581,1727
2021-06-30,Glenn,021,27897,2438,2440,587,3027,20
2021-06-30,Humboldt,023,135768,4548,4522,49,4571,49
2021-06-30,Imperial,025,180216,28697,28651,2918,31569,739
2021-06-30,Inyo,027,18085,1414,1409,4,1413,35
2021-06-30,Kern,029,883053,97675,97267,11598,108865,1348
2021-06-30,Kings,031,150075,23138,23038,1211,24249,245
2021-06-30,Lake,033,64148,3642,3601,13,3614,56
2021-06-30,Lassen,035,31185,5285,5269,120,5389,20
2021-06-30,Los Angeles,037,10098052,1210963,1208246,44355,1252601,24499
2021-06-30,Madera,039,155013,16777,16688,974,17662,240
2021-06-30,Marin,041,260295,14221,14133,273,14406,232
2021-06-30,Mariposa,043,17540,441,441,11,452,5
2021-06-30,Mendocino,045,87422,4198,4115,80,4195,49
2021-06-30,Merced,047,269075,31335,31286,1016,32302,469
2021-06-30,Modoc,049,8938,419,410,148,558,4
2021-06-30,Mono,051,14174,1257,1275,13,1288,3
2021-06-30,Monterey,053,433212,43260,43209,1942,45151,492
2021-06-30,Napa,055,140530,10067,10039,37,10076,81
2021-06-30,Nevada,057,99092,4989,4958,201,5159,72
2021-06-30,Orange,059,3164182,256552,255764,11976,267740,5125
2021-06-30,Placer,061,380077,23872,23721,1625,25346,299
2021-06-30,Plumas,063,18699,721,705,13,718,4
2021-06-30,Riverside,065,2383286,293472,293280,14821,308101,4535
2021-06-30,Sacramento,067,1510023,108815,108137,1922,110059,1676
2021-06-30,San Benito,069,59416,6124,6105,119,6224,63
2021-06-30,San Bernardino,071,2135413,294568,294211,9553,303764,4975
2021-06-30,San Diego,073,3302833,283361,282583,15446,298029,3780
2021-06-30,San Francisco,075,870044,37234,37065,1411,38476,558
2021-06-30,San Joaquin,077,732212,74126,73777,3830,77607,1409
2021-06-30,San Luis Obispo,079,281455,21390,21326,797,22123,256
2021-06-30,San Mateo,081,765935,42907,42599,510,43109,537
2021-06-30,Santa Barbara,083,443738,34730,34521,1254,35775,456
2021-06-30,Santa Clara,085,1922200,119258,118930,815,119745,2090
2021-06-30,Santa Cruz,087,273765,16289,16250,878,17128,208
2021-06-30,Shasta,089,179085,12622,12564,1705,14269,204
2021-06-30,Sierra,091,2930,61,60,14,74,0
2021-06-30,Siskiyou,093,43540,1956,1900,396,2296,29
2021-06-30,Solano,095,438530,33590,33453,585,34038,268
2021-06-30,Sonoma,097,501317,31127,30947,379,31326,316
2021-06-30,Stanislaus,099,539301,57173,56997,6287,63284,1018
2021-06-30,Sutter,101,95872,9684,9638,96,9734,114
2021-06-30,Tehama,103,63373,5125,5124,617,5741,63
2021-06-30,Trinity,105,12862,417,341,80,421,3
2021-06-30,Tulare,107,460477,49930,49764,9668,59432,853
2021-06-30,Tuolumne,109,53932,4138,4112,38,4150,64
2021-06-30,Ventura,111,848112,81679,81392,3172,84564,1032
2021-06-30,Yolo,113,214977,14220,14178,378,14556,213
2021-06-30,Yuba,115,75493,6227,6191,133,6324,51
2021-06-29,Alameda,001,1643700,89801,89519,2100,91619,1257
2021-06-29,Alpine,003,1148,89,89,0,89,0
2021-06-29,Amador,005,37829,3766,3754,34,3788,46
2021-06-29,Butte,007,227075,12758,12669,1958,14627,201
2021-06-29,Calaveras,009,45235,2211,2198,15,2213,55
2021-06-29,Colusa,011,21464,1966,1967,329,2296,15
2021-06-29,Contra Costa,013,1133247,71246,70775,1398,72173,817
2021-06-29,Del Norte,015,27424,1444,1435,9,1444,8
2021-06-29,El Dorado,017,186661,10460,10403,805,11208,113
2021-06-29,Fresno,019,978130,102945,102464,9088,111552,1725
2021-06-29,Glenn,021,27897,2437,2439,587,3026,20
2021-06-29,Humboldt,023,135768,4544,4514,48,4562,49
2021-06-29,Imperial,025,180216,28688,28645,2917,31562,737
2021-06-29,Inyo,027,18085,1414,1408,4,1412,35
2021-06-29,Kern,029,883053,97654,97173,11592,108765,1347
2021-06-29,Kings,031,150075,23129,23035,1210,24245,245
2021-06-29,Lake,033,64148,3636,3594,13,3607,56
2021-06-29,Lassen,035,31185,5278,5268,120,5388,20
2021-06-29,Los Angeles,037,10098052,1210360,1207895,44320,1252215,24498
2021-06-29,Madera,039,155013,16773,16680,973,17653,240
2021-06-29,Marin,041,260295,14209,14127,273,14400,232
2021-06-29,Mariposa,043,17540,441,441,11,452,5
2021-06-29,Mendocino,045,87422,4195,4107,79,4186,49
2021-06-29,Merced,047,269075,31323,31277,1016,32293,469
2021-06-29,Modoc,049,8938,418,408,148,556,3
2021-06-29,Mono,051,14174,1257,1275,13,1288,3
2021-06-29,Monterey,053,433212,43250,43196,1940,45136,471
2021-06-29,Napa,055,140530,10061,10033,37,10070,81
2021-06-29,Nevada,057,99092,4982,4952,201,5153,72
2021-06-29,Orange,059,3164182,256454,255686,11961,267647,5124
2021-06-29,Placer,061,380077,23852,23693,1623,25316,299
2021-06-29,Plumas,063,18699,721,704,13,717,4
2021-06-29,Riverside,065,2383286,293373,292962,14814,307776,4524
2021-06-29,Sacramento,067,1510023,108663,108067,1919,109986,1677
2021-06-29,San Benito,069,59416,6113,6099,119,6218,63
2021-06-29,San Bernardino,071,2135413,294460,294118,9551,303669,4940
2021-06-29,San Diego,073,3302833,283207,282499,15419,297918,3780
2021-06-29,San Francisco,075,870044,37196,37041,1408,38449,558
2021-06-29,San Joaquin,077,732212,74078,73724,3827,77551,1409
2021-06-29,San Luis Obispo,079,281455,21380,21324,796,22120,256
2021-06-29,San Mateo,081,765935,42875,42540,508,43048,540
2021-06-29,Santa Barbara,083,443738,34720,34507,1253,35760,455
2021-06-29,Santa Clara,085,1922200,119203,118893,814,119707,2090
2021-06-29,Santa Cruz,087,273765,16283,16249,878,17127,208
2021-06-29,Shasta,089,179085,12610,12564,1704,14268,204
2021-06-29,Sierra,091,2930,61,59,14,73,0
2021-06-29,Siskiyou,093,43540,1953,1897,392,2289,29
2021-06-29,Solano,095,438530,33557,33440,583,34023,268
2021-06-29,Sonoma,097,501317,31085,30950,377,31327,316
2021-06-29,Stanislaus,099,539301,57145,56980,6280,63260,1018
2021-06-29,Sutter,101,95872,9673,9634,96,9730,114
2021-06-29,Tehama,103,63373,5125,5124,617,5741,63
2021-06-29,Trinity,105,12862,417,341,80,421,3
2021-06-29,Tulare,107,460477,49917,49751,9663,59414,852
2021-06-29,Tuolumne,109,53932,4136,4111,38,4149,64
2021-06-29,Ventura,111,848112,81641,81363,3166,84529,1032
2021-06-29,Yolo,113,214977,14208,14171,377,14548,213
2021-06-29,Yuba,115,75493,6217,6188,133,6321,51
2021-06-28,Alameda,001,1643700,89708,89638,2098,91736,1259
2021-06-28,Alpine,003,1148,89,89,0,89,0
2021-06-28,Amador,005,37829,3765,3753,34,3787,46
2021-06-28,Butte,007,227075,12749,12697,1956,14653,198
2021-06-28,Calaveras,009,45235,2208,2203,15,2218,55
2021-06-28,Colusa,011,21464,1964,1974,329,2303,15
2021-06-28,Contra Costa,013,1133247,71172,70807,1396,72203,816
2021-06-28,Del Norte,015,27424,1444,1436,9,1445,8
2021-06-28,El Dorado,017,186661,10450,10422,801,11223,115
2021-06-28,Fresno,019,978130,102915,103121,9086,112207,1727
2021-06-28,Glenn,021,27897,2437,2439,587,3026,20
2021-06-28,Humboldt,023,135768,4537,4520,47,4567,49
2021-06-28,Imperial,025,180216,28680,28981,2916,31897,741
2021-06-28,Inyo,027,18085,1411,1407,4,1411,35
2021-06-28,Kern,029,883053,97635,97252,11587,108839,1348
2021-06-28,Kings,031,150075,23123,23134,1210,24344,246
2021-06-28,Lake,033,64148,3628,3591,13,3604,56
2021-06-28,Lassen,035,31185,5276,5268,120,5388,20
2021-06-28,Los Angeles,037,10098052,1209846,1207714,44282,1251996,24496
2021-06-28,Madera,039,155013,16763,16683,972,17655,240
2021-06-28,Marin,041,260295,14194,14186,273,14459,232
2021-06-28,Mariposa,043,17540,441,440,11,451,5
2021-06-28,Mendocino,045,87422,4186,4102,78,4180,49
2021-06-28,Merced,047,269075,31311,31277,1016,32293,469
2021-06-28,Modoc,049,8938,418,411,147,558,3
2021-06-28,Mono,051,14174,1257,1276,13,1289,3
2021-06-28,Monterey,053,433212,43246,43202,1939,45141,462
2021-06-28,Napa,055,140530,10052,10050,36,10086,81
2021-06-28,Nevada,057,99092,4978,4951,201,5152,72
2021-06-28,Orange,059,3164182,256365,255755,11947,267702,5123
2021-06-28,Placer,061,380077,23832,23756,1618,25374,299
2021-06-28,Plumas,063,18699,719,704,13,717,4
2021-06-28,Riverside,065,2383286,293248,292647,14801,307448,4507
2021-06-28,Sacramento,067,1510023,108531,108342,1914,110256,1675
2021-06-28,San Benito,069,59416,6111,6101,119,6220,63
2021-06-28,San Bernardino,071,2135413,294359,294151,9546,303697,4928
2021-06-28,San Diego,073,3302833,283044,282417,15390,297807,3780
2021-06-28,San Francisco,075,870044,37160,37372,1406,38778,559
2021-06-28,San Joaquin,077,732212,74030,73973,3822,77795,1411
2021-06-28,San Luis Obispo,079,281455,21376,21340,795,22135,256
2021-06-28,San Mateo,081,765935,42842,42927,507,43434,540
2021-06-28,Santa Barbara,083,443738,34713,34534,1251,35785,455
2021-06-28,Santa Clara,085,1922200,119139,120377,813,121190,2103
2021-06-28,Santa Cruz,087,273765,16278,16245,878,17123,208
2021-06-28,Shasta,089,179085,12606,12642,1702,14344,203
2021-06-28,Sierra,091,2930,61,58,14,72,0
2021-06-28,Siskiyou,093,43540,1952,1896,392,2288,29
2021-06-28,Solano,095,438530,33521,33524,581,34105,267
2021-06-28,Sonoma,097,501317,31048,31137,376,31513,315
2021-06-28,Stanislaus,099,539301,57126,57047,6276,63323,1018
2021-06-28,Sutter,101,95872,9669,9682,96,9778,114
2021-06-28,Tehama,103,63373,5123,5122,617,5739,63
2021-06-28,Trinity,105,12862,417,341,80,421,3
2021-06-28,Tulare,107,460477,49908,49751,9658,59409,850
2021-06-28,Tuolumne,109,53932,4129,4121,38,4159,64
2021-06-28,Ventura,111,848112,81584,81393,3161,84554,1032
2021-06-28,Yolo,113,214977,14199,14199,374,14573,213
2021-06-28,Yuba,115,75493,6212,6207,133,6340,51
2021-06-27,Alameda,001,1643700,89622,89611,2094,91705,1259
2021-06-27,Alpine,003,1148,89,89,0,89,0
2021-06-27,Amador,005,37829,3764,3752,34,3786,46
2021-06-27,Butte,007,227075,12740,12696,1955,14651,198
2021-06-27,Calaveras,009,45235,2207,2203,15,2218,55
2021-06-27,Colusa,011,21464,1964,1974,329,2303,15
2021-06-27,Contra Costa,013,1133247,71086,70762,1392,72154,816
2021-06-27,Del Norte,015,27424,1441,1436,9,1445,8
2021-06-27,El Dorado,017,186661,10438,10418,798,11216,115
2021-06-27,Fresno,019,978130,102886,103110,9084,112194,1727
2021-06-27,Glenn,021,27897,2436,2439,586,3025,20
2021-06-27,Humboldt,023,135768,4525,4513,44,4557,49
2021-06-27,Imperial,025,180216,28666,28987,2916,31903,741
2021-06-27,Inyo,027,18085,1411,1407,4,1411,35
2021-06-27,Kern,029,883053,97609,97249,11580,108829,1348
2021-06-27,Kings,031,150075,23113,23132,1210,24342,246
2021-06-27,Lake,033,64148,3621,3581,13,3594,56
2021-06-27,Lassen,035,31185,5275,5265,120,5385,20
2021-06-27,Los Angeles,037,10098052,1209302,1207461,44242,1251703,24493
2021-06-27,Madera,039,155013,16755,16680,972,17652,240
2021-06-27,Marin,041,260295,14185,14182,273,14455,232
2021-06-27,Mariposa,043,17540,441,440,11,451,5
2021-06-27,Mendocino,045,87422,4179,4100,78,4178,49
2021-06-27,Merced,047,269075,31299,31266,1016,32282,469
2021-06-27,Modoc,049,8938,418,411,147,558,3
2021-06-27,Mono,051,14174,1257,1279,13,1292,3
2021-06-27,Monterey,053,433212,43233,43199,1939,45138,462
2021-06-27,Napa,055,140530,10046,10046,36,10082,81
2021-06-27,Nevada,057,99092,4972,4946,201,5147,72
2021-06-27,Orange,059,3164182,256252,255710,11936,267646,5123
2021-06-27,Placer,061,380077,23799,23731,1615,25346,299
2021-06-27,Plumas,063,18699,719,704,13,717,4
2021-06-27,Riverside,065,2383286,293145,292641,14795,307436,4507
2021-06-27,Sacramento,067,1510023,108397,108279,1910,110189,1675
2021-06-27,San Benito,069,59416,6105,6101,119,6220,63
2021-06-27,San Bernardino,071,2135413,294246,294115,9544,303659,4927
2021-06-27,San Diego,073,3302833,282904,282359,15364,297723,3780
2021-06-27,San Francisco,075,870044,37123,37360,1405,38765,559
2021-06-27,San Joaquin,077,732212,73994,73960,3820,77780,1411
2021-06-27,San Luis Obispo,079,281455,21369,21340,794,22134,256
2021-06-27,San Mateo,081,765935,42813,42925,504,43429,539
2021-06-27,Santa Barbara,083,443738,34699,34533,1248,35781,455
2021-06-27,Santa Clara,085,1922200,119088,120352,811,121163,2103
2021-06-27,Santa Cruz,087,273765,16269,16241,878,17119,208
2021-06-27,Shasta,089,179085,12600,12640,1701,14341,203
2021-06-27,Sierra,091,2930,61,58,14,72,0
2021-06-27,Siskiyou,093,43540,1950,1896,391,2287,29
2021-06-27,Solano,095,438530,33493,33516,581,34097,267
2021-06-27,Sonoma,097,501317,31010,31129,376,31505,315
2021-06-27,Stanislaus,099,539301,57079,57021,6273,63294,1018
2021-06-27,Sutter,101,95872,9663,9678,96,9774,114
2021-06-27,Tehama,103,63373,5119,5122,617,5739,63
2021-06-27,Trinity,105,12862,417,341,79,420,3
2021-06-27,Tulare,107,460477,49895,49749,9651,59400,850
2021-06-27,Tuolumne,109,53932,4127,4121,38,4159,64
2021-06-27,Ventura,111,848112,81550,81361,3152,84513,1032
2021-06-27,Yolo,113,214977,14184,14194,370,14564,213
2021-06-27,Yuba,115,75493,6206,6205,133,6338,51
2021-06-26,Alameda,001,1643700,89564,89560,2092,91652,1259
2021-06-26,Alpine,003,1148,89,89,0,89,0
2021-06-26,Amador,005,37829,3764,3748,34,3782,46
2021-06-26,Butte,007,227075,12736,12693,1952,14645,198
2021-06-26,Calaveras,009,45235,2205,2202,15,2217,55
2021-06-26,Colusa,011,21464,1964,1973,329,2302,15
2021-06-26,Contra Costa,013,1133247,71043,70712,1391,72103,816
2021-06-26,Del Norte,015,27424,1440,1432,9,1441,8
2021-06-26,El Dorado,017,186661,10430,10414,797,11211,115
2021-06-26,Fresno,019,978130,102866,103091,9082,112173,1727
2021-06-26,Glenn,021,27897,2434,2441,586,3027,20
2021-06-26,Humboldt,023,135768,4522,4509,44,4553,49
2021-06-26,Imperial,025,180216,28662,28970,2916,31886,741
2021-06-26,Inyo,027,18085,1411,1407,4,1411,35
2021-06-26,Kern,029,883053,97583,97239,11571,108810,1348
2021-06-26,Kings,031,150075,23109,23128,1209,24337,246
2021-06-26,Lake,033,64148,3610,3576,13,3589,56
2021-06-26,Lassen,035,31185,5272,5263,120,5383,20
2021-06-26,Los Angeles,037,10098052,1209000,1207198,44206,1251404,24490
2021-06-26,Madera,039,155013,16748,16679,971,17650,240
2021-06-26,Marin,041,260295,14176,14180,273,14453,232
2021-06-26,Mariposa,043,17540,441,440,11,451,5
2021-06-26,Mendocino,045,87422,4177,4096,78,4174,49
2021-06-26,Merced,047,269075,31293,31259,1015,32274,469
2021-06-26,Modoc,049,8938,418,411,147,558,3
2021-06-26,Mono,051,14174,1257,1279,13,1292,3
2021-06-26,Monterey,053,433212,43230,43192,1939,45131,462
2021-06-26,Napa,055,140530,10040,10043,36,10079,81
2021-06-26,Nevada,057,99092,4967,4939,201,5140,72
2021-06-26,Orange,059,3164182,256175,255640,11929,267569,5123
2021-06-26,Placer,061,380077,23785,23702,1613,25315,299
2021-06-26,Plumas,063,18699,719,704,13,717,4
2021-06-26,Riverside,065,2383286,293088,292480,14789,307269,4505
2021-06-26,Sacramento,067,1510023,108326,108179,1908,110087,1675
2021-06-26,San Benito,069,59416,6101,6100,119,6219,63
2021-06-26,San Bernardino,071,2135413,294151,294034,9539,303573,4928
2021-06-26,San Diego,073,3302833,282819,282263,15346,297609,3780
2021-06-26,San Francisco,075,870044,37091,37348,1404,38752,559
2021-06-26,San Joaquin,077,732212,73965,73928,3819,77747,1411
2021-06-26,San Luis Obispo,079,281455,21368,21330,793,22123,256
2021-06-26,San Mateo,081,765935,42792,42898,504,43402,539
2021-06-26,Santa Barbara,083,443738,34690,34525,1248,35773,455
2021-06-26,Santa Clara,085,1922200,119055,120321,811,121132,2103
2021-06-26,Santa Cruz,087,273765,16266,16239,878,17117,208
2021-06-26,Shasta,089,179085,12596,12635,1697,14332,203
2021-06-26,Sierra,091,2930,61,58,14,72,0
2021-06-26,Siskiyou,093,43540,1949,1896,390,2286,29
2021-06-26,Solano,095,438530,33475,33489,579,34068,267
2021-06-26,Sonoma,097,501317,30984,31088,376,31464,315
2021-06-26,Stanislaus,099,539301,57059,57006,6271,63277,1018
2021-06-26,Sutter,101,95872,9662,9669,96,9765,114
2021-06-26,Tehama,103,63373,5119,5119,617,5736,63
2021-06-26,Trinity,105,12862,417,341,79,420,3
2021-06-26,Tulare,107,460477,49889,49745,9651,59396,850
2021-06-26,Tuolumne,109,53932,4127,4121,38,4159,64
2021-06-26,Ventura,111,848112,81526,81352,3151,84503,1032
2021-06-26,Yolo,113,214977,14176,14184,370,14554,213
2021-06-26,Yuba,115,75493,6203,6200,133,6333,51
2021-06-25,Alameda,001,1643700,89498,89453,2089,91542,1271
2021-06-25,Alpine,003,1148,89,89,0,89,0
2021-06-25,Amador,005,37829,3763,3746,34,3780,46
2021-06-25,Butte,007,227075,12731,12682,1949,14631,198
2021-06-25,Calaveras,009,45235,2204,2201,15,2216,55
2021-06-25,Colusa,011,21464,1964,1972,329,2301,15
2021-06-25,Contra Costa,013,1133247,71007,70659,1391,72050,815
2021-06-25,Del Norte,015,27424,1440,1426,9,1435,8
2021-06-25,El Dorado,017,186661,10422,10406,794,11200,115
2021-06-25,Fresno,019,978130,102849,103073,9078,112151,1727
2021-06-25,Glenn,021,27897,2434,2441,586,3027,20
2021-06-25,Humboldt,023,135768,4516,4503,42,4545,49
2021-06-25,Imperial,025,180216,28659,28968,2916,31884,740
2021-06-25,Inyo,027,18085,1410,1406,4,1410,35
2021-06-25,Kern,029,883053,97564,97182,11567,108749,1347
2021-06-25,Kings,031,150075,23103,23118,1209,24327,246
2021-06-25,Lake,033,64148,3604,3571,13,3584,56
2021-06-25,Lassen,035,31185,5271,5259,120,5379,20
2021-06-25,Los Angeles,037,10098052,1208724,1206909,44188,1251097,24483
2021-06-25,Madera,039,155013,16745,16670,971,17641,240
2021-06-25,Marin,041,260295,14173,14179,273,14452,232
2021-06-25,Mariposa,043,17540,441,440,11,451,5
2021-06-25,Mendocino,045,87422,4174,4089,78,4167,49
2021-06-25,Merced,047,269075,31285,31256,1015,32271,467
2021-06-25,Modoc,049,8938,418,411,147,558,3
2021-06-25,Mono,051,14174,1257,1279,13,1292,3
2021-06-25,Monterey,053,433212,43225,43184,1938,45122,462
2021-06-25,Napa,055,140530,10035,10037,36,10073,81
2021-06-25,Nevada,057,99092,4964,4932,201,5133,72
2021-06-25,Orange,059,3164182,256105,255574,11926,267500,5119
2021-06-25,Placer,061,380077,23766,23672,1612,25284,299
2021-06-25,Plumas,063,18699,719,702,12,714,4
2021-06-25,Riverside,065,2383286,293021,291663,14783,306446,4490
2021-06-25,Sacramento,067,1510023,108254,108034,1905,109939,1673
2021-06-25,San Benito,069,59416,6097,6098,119,6217,63
2021-06-25,San Bernardino,071,2135413,294096,293941,9537,303478,4911
2021-06-25,San Diego,073,3302833,282759,282157,15333,297490,3779
2021-06-25,San Francisco,075,870044,37068,37338,1403,38741,559
2021-06-25,San Joaquin,077,732212,73932,73860,3817,77677,1410
2021-06-25,San Luis Obispo,079,281455,21365,21325,792,22117,256
2021-06-25,San Mateo,081,765935,42774,42849,504,43353,537
2021-06-25,Santa Barbara,083,443738,34682,34518,1247,35765,454
2021-06-25,Santa Clara,085,1922200,119035,120272,811,121083,2103
2021-06-25,Santa Cruz,087,273765,16263,16230,876,17106,208
2021-06-25,Shasta,089,179085,12586,12633,1696,14329,202
2021-06-25,Sierra,091,2930,61,58,14,72,0
2021-06-25,Siskiyou,093,43540,1948,1894,390,2284,29
2021-06-25,Solano,095,438530,33455,33449,579,34028,267
2021-06-25,Sonoma,097,501317,30961,31043,376,31419,314
2021-06-25,Stanislaus,099,539301,57040,56973,6264,63237,1018
2021-06-25,Sutter,101,95872,9655,9664,96,9760,114
2021-06-25,Tehama,103,63373,5118,5119,617,5736,63
2021-06-25,Trinity,105,12862,417,338,79,417,3
2021-06-25,Tulare,107,460477,49883,49731,9647,59378,850
2021-06-25,Tuolumne,109,53932,4126,4121,38,4159,64
2021-06-25,Ventura,111,848112,81497,81342,3145,84487,1032
2021-06-25,Yolo,113,214977,14170,14172,370,14542,213
2021-06-25,Yuba,115,75493,6199,6195,133,6328,51
2021-06-24,Alameda,001,1643700,89427,89358,2085,91443,1268
2021-06-24,Alpine,003,1148,89,89,0,89,0
2021-06-24,Amador,005,37829,3759,3745,34,3779,46
2021-06-24,Butte,007,227075,12725,12673,1947,14620,198
2021-06-24,Calaveras,009,45235,2201,2202,15,2217,55
2021-06-24,Colusa,011,21464,1963,1972,329,2301,15
2021-06-24,Contra Costa,013,1133247,70948,70590,1391,71981,813
2021-06-24,Del Norte,015,27424,1439,1421,9,1430,8
2021-06-24,El Dorado,017,186661,10415,10402,794,11196,115
2021-06-24,Fresno,019,978130,102829,103061,9075,112136,1727
2021-06-24,Glenn,021,27897,2433,2439,586,3025,20
2021-06-24,Humboldt,023,135768,4511,4493,42,4535,49
2021-06-24,Imperial,025,180216,28656,28981,2916,31897,740
2021-06-24,Inyo,027,18085,1409,1406,4,1410,35
2021-06-24,Kern,029,883053,97545,97129,11554,108683,1346
2021-06-24,Kings,031,150075,23099,23114,1207,24321,246
2021-06-24,Lake,033,64148,3598,3571,13,3584,56
2021-06-24,Lassen,035,31185,5270,5258,120,5378,20
2021-06-24,Los Angeles,037,10098052,1208401,1206590,44164,1250754,24480
2021-06-24,Madera,039,155013,16734,16662,971,17633,240
2021-06-24,Marin,041,260295,14169,14180,273,14453,232
2021-06-24,Mariposa,043,17540,441,440,11,451,5
2021-06-24,Mendocino,045,87422,4166,4085,78,4163,49
2021-06-24,Merced,047,269075,31275,31248,1014,32262,466
2021-06-24,Modoc,049,8938,418,411,147,558,3
2021-06-24,Mono,051,14174,1257,1276,13,1289,3
2021-06-24,Monterey,053,433212,43218,43180,1938,45118,451
2021-06-24,Napa,055,140530,10033,10036,36,10072,80
2021-06-24,Nevada,057,99092,4962,4927,201,5128,72
2021-06-24,Orange,059,3164182,256041,255520,11918,267438,5117
2021-06-24,Placer,061,380077,23741,23659,1610,25269,299
2021-06-24,Plumas,063,18699,718,702,12,714,4
2021-06-24,Riverside,065,2383286,292941,291067,14772,305839,4473
2021-06-24,Sacramento,067,1510023,108166,107965,1903,109868,1672
2021-06-24,San Benito,069,59416,6094,6098,119,6217,63
2021-06-24,San Bernardino,071,2135413,294029,293895,9532,303427,4898
2021-06-24,San Diego,073,3302833,282654,282053,15321,297374,3778
2021-06-24,San Francisco,075,870044,37046,37320,1401,38721,559
2021-06-24,San Joaquin,077,732212,73884,73814,3817,77631,1408
2021-06-24,San Luis Obispo,079,281455,21359,21326,792,22118,256
2021-06-24,San Mateo,081,765935,42748,42814,503,43317,542
2021-06-24,Santa Barbara,083,443738,34676,34512,1246,35758,454
2021-06-24,Santa Clara,085,1922200,119005,120274,810,121084,2103
2021-06-24,Santa Cruz,087,273765,16262,16227,876,17103,208
2021-06-24,Shasta,089,179085,12581,12629,1692,14321,202
2021-06-24,Sierra,091,2930,61,58,14,72,0
2021-06-24,Siskiyou,093,43540,1948,1892,390,2282,28
2021-06-24,Solano,095,438530,33433,33432,577,34009,267
2021-06-24,Sonoma,097,501317,30932,31020,376,31396,314
2021-06-24,Stanislaus,099,539301,57008,56946,6264,63210,1018
2021-06-24,Sutter,101,95872,9648,9660,96,9756,113
2021-06-24,Tehama,103,63373,5115,5115,617,5732,63
2021-06-24,Trinity,105,12862,416,338,79,417,3
2021-06-24,Tulare,107,460477,49873,49730,9644,59374,850
2021-06-24,Tuolumne,109,53932,4124,4120,38,4158,64
2021-06-24,Ventura,111,848112,81469,81332,3144,84476,1032
2021-06-24,Yolo,113,214977,14162,14169,366,14535,213
2021-06-24,Yuba,115,75493,6194,6195,133,6328,51
2021-06-23,Alameda,001,1643700,89355,89338,2084,91422,1266
2021-06-23,Alpine,003,1148,89,88,0,88,0
2021-06-23,Amador,005,37829,3757,3743,34,3777,46
2021-06-23,Butte,007,227075,12718,12666,1947,14613,198
2021-06-23,Calaveras,009,45235,2200,2199,15,2214,55
2021-06-23,Colusa,011,21464,1962,1972,329,2301,15
2021-06-23,Contra Costa,013,1133247,70883,70526,1390,71916,813
2021-06-23,Del Norte,015,27424,1434,1418,9,1427,8
2021-06-23,El Dorado,017,186661,10406,10395,791,11186,115
2021-06-23,Fresno,019,978130,102800,103020,9073,112093,1724
2021-06-23,Glenn,021,27897,2433,2437,585,3022,20
2021-06-23,Humboldt,023,135768,4502,4490,42,4532,48
2021-06-23,Imperial,025,180216,28649,28908,2916,31824,740
2021-06-23,Inyo,027,18085,1409,1406,4,1410,35
2021-06-23,Kern,029,883053,97518,97078,11540,108618,1345
2021-06-23,Kings,031,150075,23092,23105,1205,24310,245
2021-06-23,Lake,033,64148,3589,3566,13,3579,53
2021-06-23,Lassen,035,31185,5267,5257,120,5377,20
2021-06-23,Los Angeles,037,10098052,1208065,1206358,44153,1250511,24472
2021-06-23,Madera,039,155013,16728,16660,971,17631,240
2021-06-23,Marin,041,260295,14163,14177,273,14450,230
2021-06-23,Mariposa,043,17540,441,439,11,450,5
2021-06-23,Mendocino,045,87422,4162,4078,78,4156,49
2021-06-23,Merced,047,269075,31266,31260,1014,32274,465
2021-06-23,Modoc,049,8938,416,407,147,554,3
2021-06-23,Mono,051,14174,1257,1279,13,1292,3
2021-06-23,Monterey,053,433212,43209,43166,1938,45104,439
2021-06-23,Napa,055,140530,10024,10032,36,10068,80
2021-06-23,Nevada,057,99092,4959,4924,201,5125,72
2021-06-23,Orange,059,3164182,255976,255479,11910,267389,5116
2021-06-23,Placer,061,380077,23712,23630,1604,25234,299
2021-06-23,Plumas,063,18699,717,701,12,713,4
2021-06-23,Riverside,065,2383286,292858,290343,14770,305113,4462
2021-06-23,Sacramento,067,1510023,108074,107868,1898,109766,1671
2021-06-23,San Benito,069,59416,6090,6097,119,6216,63
2021-06-23,San Bernardino,071,2135413,293950,293816,9527,303343,4886
2021-06-23,San Diego,073,3302833,282554,281937,15300,297237,3777
2021-06-23,San Francisco,075,870044,37022,37304,1400,38704,559
2021-06-23,San Joaquin,077,732212,73845,73764,3815,77579,1405
2021-06-23,San Luis Obispo,079,281455,21355,21323,791,22114,257
2021-06-23,San Mateo,081,765935,42732,42756,503,43259,542
2021-06-23,Santa Barbara,083,443738,34666,34505,1246,35751,454
2021-06-23,Santa Clara,085,1922200,118976,120233,810,121043,2098
2021-06-23,Santa Cruz,087,273765,16258,16215,876,17091,209
2021-06-23,Shasta,089,179085,12574,12604,1690,14294,202
2021-06-23,Sierra,091,2930,61,57,14,71,0
2021-06-23,Siskiyou,093,43540,1946,1892,390,2282,28
2021-06-23,Solano,095,438530,33389,33408,577,33985,267
2021-06-23,Sonoma,097,501317,30892,30959,374,31333,314
2021-06-23,Stanislaus,099,539301,56975,56926,6263,63189,1017
2021-06-23,Sutter,101,95872,9642,9653,96,9749,113
2021-06-23,Tehama,103,63373,5115,5119,616,5735,63
2021-06-23,Trinity,105,12862,416,338,79,417,3
2021-06-23,Tulare,107,460477,49867,49711,9639,59350,850
2021-06-23,Tuolumne,109,53932,4121,4120,38,4158,64
2021-06-23,Ventura,111,848112,81446,81312,3141,84453,1032
2021-06-23,Yolo,113,214977,14152,14161,366,14527,212
2021-06-23,Yuba,115,75493,6191,6190,133,6323,51
2021-06-22,Alameda,001,1643700,89287,89308,2084,91392,1263
2021-06-22,Alpine,003,1148,89,88,0,88,0
2021-06-22,Amador,005,37829,3754,3743,34,3777,46
2021-06-22,Butte,007,227075,12714,12662,1944,14606,198
2021-06-22,Calaveras,009,45235,2199,2198,15,2213,55
2021-06-22,Colusa,011,21464,1961,1971,329,2300,15
2021-06-22,Contra Costa,013,1133247,70827,70480,1389,71869,813
2021-06-22,Del Norte,015,27424,1431,1417,9,1426,8
2021-06-22,El Dorado,017,186661,10401,10380,790,11170,113
2021-06-22,Fresno,019,978130,102781,102996,9069,112065,1724
2021-06-22,Glenn,021,27897,2432,2435,583,3018,19
2021-06-22,Humboldt,023,135768,4492,4483,42,4525,42
2021-06-22,Imperial,025,180216,28644,28880,2916,31796,740
2021-06-22,Inyo,027,18085,1409,1405,4,1409,35
2021-06-22,Kern,029,883053,97505,97013,11536,108549,1342
2021-06-22,Kings,031,150075,23084,23098,1204,24302,245
2021-06-22,Lake,033,64148,3587,3564,13,3577,45
2021-06-22,Lassen,035,31185,5262,5254,120,5374,20
2021-06-22,Los Angeles,037,10098052,1207752,1206146,44141,1250287,24461
2021-06-22,Madera,039,155013,16723,16652,971,17623,240
2021-06-22,Marin,041,260295,14161,14174,273,14447,230
2021-06-22,Mariposa,043,17540,441,439,11,450,5
2021-06-22,Mendocino,045,87422,4156,4072,78,4150,49
2021-06-22,Merced,047,269075,31255,31267,1014,32281,464
2021-06-22,Modoc,049,8938,414,405,146,551,3
2021-06-22,Mono,051,14174,1257,1277,13,1290,3
2021-06-22,Monterey,053,433212,43206,43162,1937,45099,427
2021-06-22,Napa,055,140530,10019,10029,36,10065,80
2021-06-22,Nevada,057,99092,4953,4923,201,5124,72
2021-06-22,Orange,059,3164182,255908,255452,11899,267351,5114
2021-06-22,Placer,061,380077,23690,23603,1604,25207,299
2021-06-22,Plumas,063,18699,717,697,12,709,4
2021-06-22,Riverside,065,2383286,292797,289839,14766,304605,4456
2021-06-22,Sacramento,067,1510023,107973,107801,1893,109694,1670
2021-06-22,San Benito,069,59416,6089,6098,119,6217,63
2021-06-22,San Bernardino,071,2135413,293874,293770,9521,303291,4873
2021-06-22,San Diego,073,3302833,282450,281867,15277,297144,3771
2021-06-22,San Francisco,075,870044,37008,37287,1400,38687,556
2021-06-22,San Joaquin,077,732212,73815,73723,3814,77537,1405
2021-06-22,San Luis Obispo,079,281455,21352,21321,790,22111,257
2021-06-22,San Mateo,081,765935,42718,42725,497,43222,542
2021-06-22,Santa Barbara,083,443738,34655,34500,1245,35745,454
2021-06-22,Santa Clara,085,1922200,118944,120194,810,121004,2095
2021-06-22,Santa Cruz,087,273765,16253,16218,876,17094,209
2021-06-22,Shasta,089,179085,12564,12616,1686,14302,202
2021-06-22,Sierra,091,2930,60,57,14,71,0
2021-06-22,Siskiyou,093,43540,1946,1892,390,2282,28
2021-06-22,Solano,095,438530,33371,33397,576,33973,267
2021-06-22,Sonoma,097,501317,30852,30933,374,31307,314
2021-06-22,Stanislaus,099,539301,56955,56915,6261,63176,1017
2021-06-22,Sutter,101,95872,9635,9649,96,9745,113
2021-06-22,Tehama,103,63373,5113,5118,615,5733,63
2021-06-22,Trinity,105,12862,414,337,79,416,3
2021-06-22,Tulare,107,460477,49859,49706,9634,59340,850
2021-06-22,Tuolumne,109,53932,4119,4119,38,4157,64
2021-06-22,Ventura,111,848112,81432,81300,3140,84440,1032
2021-06-22,Yolo,113,214977,14147,14157,364,14521,212
2021-06-22,Yuba,115,75493,6187,6181,133,6314,51
2021-06-21,Alameda,001,1643700,89227,89281,2083,91364,1262
2021-06-21,Alpine,003,1148,89,88,0,88,0
2021-06-21,Amador,005,37829,3748,3742,34,3776,46
2021-06-21,Butte,007,227075,12708,12668,1942,14610,195
2021-06-21,Calaveras,009,45235,2198,2194,15,2209,55
2021-06-21,Colusa,011,21464,1960,1970,328,2298,15
2021-06-21,Contra Costa,013,1133247,70756,70439,1387,71826,813
2021-06-21,Del Norte,015,27424,1427,1416,9,1425,8
2021-06-21,El Dorado,017,186661,10395,10375,789,11164,113
2021-06-21,Fresno,019,978130,102762,102971,9066,112037,1724
2021-06-21,Glenn,021,27897,2431,2433,583,3016,19
2021-06-21,Humboldt,023,135768,4483,4478,41,4519,42
2021-06-21,Imperial,025,180216,28640,28855,2916,31771,740
2021-06-21,Inyo,027,18085,1408,1405,4,1409,35
2021-06-21,Kern,029,883053,97476,96995,11527,108522,1342
2021-06-21,Kings,031,150075,23077,23091,1201,24292,245
2021-06-21,Lake,033,64148,3581,3563,13,3576,45
2021-06-21,Lassen,035,31185,5260,5233,120,5353,19
2021-06-21,Los Angeles,037,10098052,1207465,1205994,44116,1250110,24459
2021-06-21,Madera,039,155013,16714,16647,970,17617,240
2021-06-21,Marin,041,260295,14157,14173,273,14446,230
2021-06-21,Mariposa,043,17540,441,439,11,450,5
2021-06-21,Mendocino,045,87422,4153,4085,78,4163,49
2021-06-21,Merced,047,269075,31245,31264,1013,32277,465
2021-06-21,Modoc,049,8938,414,405,146,551,3
2021-06-21,Mono,051,14174,1257,1277,13,1290,3
2021-06-21,Monterey,053,433212,43203,43157,1937,45094,427
2021-06-21,Napa,055,140530,10015,10028,36,10064,80
2021-06-21,Nevada,057,99092,4949,4921,201,5122,72
2021-06-21,Orange,059,3164182,255838,255400,11891,267291,5113
2021-06-21,Placer,061,380077,23665,23577,1604,25181,298
2021-06-21,Plumas,063,18699,715,697,12,709,4
2021-06-21,Riverside,065,2383286,292721,289797,14761,304558,4456
2021-06-21,Sacramento,067,1510023,107862,107757,1892,109649,1669
2021-06-21,San Benito,069,59416,6085,6098,119,6217,63
2021-06-21,San Bernardino,071,2135413,293789,293736,9516,303252,4850
2021-06-21,San Diego,073,3302833,282344,281811,15257,297068,3771
2021-06-21,San Francisco,075,870044,36992,37275,1399,38674,556
2021-06-21,San Joaquin,077,732212,73774,73687,3813,77500,1405
2021-06-21,San Luis Obispo,079,281455,21343,21316,790,22106,257
2021-06-21,San Mateo,081,765935,42701,42685,496,43181,542
2021-06-21,Santa Barbara,083,443738,34650,34492,1245,35737,455
2021-06-21,Santa Clara,085,1922200,118911,120192,809,121001,2093
2021-06-21,Santa Cruz,087,273765,16251,16212,876,17088,208
2021-06-21,Shasta,089,179085,12551,12617,1683,14300,201
2021-06-21,Sierra,091,2930,60,57,14,71,0
2021-06-21,Siskiyou,093,43540,1946,1892,390,2282,27
2021-06-21,Solano,095,438530,33348,33383,574,33957,266
2021-06-21,Sonoma,097,501317,30831,30912,374,31286,314
2021-06-21,Stanislaus,099,539301,56925,56891,6256,63147,1017
2021-06-21,Sutter,101,95872,9634,9649,96,9745,113
2021-06-21,Tehama,103,63373,5113,5115,614,5729,63
2021-06-21,Trinity,105,12862,414,337,79,416,3
2021-06-21,Tulare,107,460477,49849,49689,9629,59318,849
2021-06-21,Tuolumne,109,53932,4115,4119,38,4157,63
2021-06-21,Ventura,111,848112,81404,81291,3136,84427,1031
2021-06-21,Yolo,113,214977,14141,14165,364,14529,212
2021-06-21,Yuba,115,75493,6186,6172,133,6305,51
2021-06-20,Alameda,001,1643700,89164,89255,2083,91338,1263
2021-06-20,Alpine,003,1148,89,88,0,88,0
2021-06-20,Amador,005,37829,3745,3740,34,3774,46
2021-06-20,Butte,007,227075,12701,12668,1941,14609,194
2021-06-20,Calaveras,009,45235,2196,2193,15,2208,55
2021-06-20,Colusa,011,21464,1960,1970,328,2298,15
2021-06-20,Contra Costa,013,1133247,70700,70401,1385,71786,813
2021-06-20,Del Norte,015,27424,1423,1416,9,1425,8
2021-06-20,El Dorado,017,186661,10381,10372,787,11159,113
2021-06-20,Fresno,019,978130,102722,102947,9062,112009,1724
2021-06-20,Glenn,021,27897,2431,2434,583,3017,19
2021-06-20,Humboldt,023,135768,4477,4472,41,4513,42
2021-06-20,Imperial,025,180216,28631,28855,2916,31771,740
2021-06-20,Inyo,027,18085,1407,1405,4,1409,35
2021-06-20,Kern,029,883053,97455,96985,11516,108501,1342
2021-06-20,Kings,031,150075,23072,23088,1199,24287,245
2021-06-20,Lake,033,64148,3579,3563,13,3576,45
2021-06-20,Lassen,035,31185,5257,5230,120,5350,19
2021-06-20,Los Angeles,037,10098052,1207169,1205874,44106,1249980,24456
2021-06-20,Madera,039,155013,16706,16638,968,17606,240
2021-06-20,Marin,041,260295,14154,14166,273,14439,230
2021-06-20,Mariposa,043,17540,439,439,11,450,5
2021-06-20,Mendocino,045,87422,4146,4080,78,4158,49
2021-06-20,Merced,047,269075,31232,31265,1013,32278,465
2021-06-20,Modoc,049,8938,414,405,146,551,3
2021-06-20,Mono,051,14174,1257,1275,13,1288,3
2021-06-20,Monterey,053,433212,43194,43156,1936,45092,427
2021-06-20,Napa,055,140530,10008,10026,35,10061,80
2021-06-20,Nevada,057,99092,4942,4919,201,5120,72
2021-06-20,Orange,059,3164182,255776,255377,11879,267256,5113
2021-06-20,Placer,061,380077,23632,23562,1600,25162,298
2021-06-20,Plumas,063,18699,714,697,12,709,4
2021-06-20,Riverside,065,2383286,292645,289770,14751,304521,4456
2021-06-20,Sacramento,067,1510023,107751,107700,1889,109589,1669
2021-06-20,San Benito,069,59416,6085,6098,119,6217,63
2021-06-20,San Bernardino,071,2135413,293689,293713,9512,303225,4845
2021-06-20,San Diego,073,3302833,282238,281750,15235,296985,3771
2021-06-20,San Francisco,075,870044,36970,37269,1399,38668,556
2021-06-20,San Joaquin,077,732212,73730,73676,3805,77481,1405
2021-06-20,San Luis Obispo,079,281455,21341,21313,790,22103,257
2021-06-20,San Mateo,081,765935,42672,42681,496,43177,542
2021-06-20,Santa Barbara,083,443738,34641,34487,1245,35732,455
2021-06-20,Santa Clara,085,1922200,118876,120163,809,120972,2093
2021-06-20,Santa Cruz,087,273765,16246,16210,876,17086,208
2021-06-20,Shasta,089,179085,12546,12617,1681,14298,201
2021-06-20,Sierra,091,2930,60,57,14,71,0
2021-06-20,Siskiyou,093,43540,1945,1891,390,2281,27
2021-06-20,Solano,095,438530,33326,33361,572,33933,266
2021-06-20,Sonoma,097,501317,30785,30884,370,31254,314
2021-06-20,Stanislaus,099,539301,56891,56868,6255,63123,1017
2021-06-20,Sutter,101,95872,9631,9645,96,9741,113
2021-06-20,Tehama,103,63373,5109,5115,614,5729,63
2021-06-20,Trinity,105,12862,414,337,79,416,3
2021-06-20,Tulare,107,460477,49840,49685,9627,59312,849
2021-06-20,Tuolumne,109,53932,4112,4117,38,4155,63
2021-06-20,Ventura,111,848112,81388,81282,3134,84416,1031
2021-06-20,Yolo,113,214977,14134,14160,364,14524,212
2021-06-20,Yuba,115,75493,6179,6167,133,6300,51
2021-06-19,Alameda,001,1643700,89131,89202,2083,91285,1263
2021-06-19,Alpine,003,1148,89,88,0,88,0
2021-06-19,Amador,005,37829,3743,3739,34,3773,46
2021-06-19,Butte,007,227075,12697,12659,1941,14600,194
2021-06-19,Calaveras,009,45235,2196,2192,15,2207,55
2021-06-19,Colusa,011,21464,1960,1969,328,2297,15
2021-06-19,Contra Costa,013,1133247,70669,70334,1384,71718,813
2021-06-19,Del Norte,015,27424,1422,1416,9,1425,8
2021-06-19,El Dorado,017,186661,10380,10363,786,11149,113
2021-06-19,Fresno,019,978130,102709,102922,9059,111981,1724
2021-06-19,Glenn,021,27897,2430,2434,582,3016,19
2021-06-19,Humboldt,023,135768,4466,4463,41,4504,42
2021-06-19,Imperial,025,180216,28630,28813,2916,31729,740
2021-06-19,Inyo,027,18085,1407,1405,4,1409,35
2021-06-19,Kern,029,883053,97439,96966,11512,108478,1342
2021-06-19,Kings,031,150075,23069,23086,1199,24285,245
2021-06-19,Lake,033,64148,3575,3563,13,3576,45
2021-06-19,Lassen,035,31185,5256,5225,120,5345,19
2021-06-19,Los Angeles,037,10098052,1206972,1205602,44091,1249693,24454
2021-06-19,Madera,039,155013,16704,16632,968,17600,240
2021-06-19,Marin,041,260295,14146,14152,273,14425,230
2021-06-19,Mariposa,043,17540,439,439,11,450,5
2021-06-19,Mendocino,045,87422,4140,4077,78,4155,49
2021-06-19,Merced,047,269075,31230,31256,1013,32269,465
2021-06-19,Modoc,049,8938,413,402,146,548,3
2021-06-19,Mono,051,14174,1257,1275,13,1288,3
2021-06-19,Monterey,053,433212,43188,43153,1936,45089,427
2021-06-19,Napa,055,140530,10004,10025,35,10060,80
2021-06-19,Nevada,057,99092,4937,4910,201,5111,72
2021-06-19,Orange,059,3164182,255731,255329,11875,267204,5112
2021-06-19,Placer,061,380077,23616,23537,1597,25134,298
2021-06-19,Plumas,063,18699,713,697,12,709,4
2021-06-19,Riverside,065,2383286,292599,289720,14751,304471,4456
2021-06-19,Sacramento,067,1510023,107705,107631,1886,109517,1669
2021-06-19,San Benito,069,59416,6084,6098,119,6217,63
2021-06-19,San Bernardino,071,2135413,293645,293673,9509,303182,4844
2021-06-19,San Diego,073,3302833,282178,281682,15221,296903,3771
2021-06-19,San Francisco,075,870044,36958,37256,1398,38654,556
2021-06-19,San Joaquin,077,732212,73714,73652,3801,77453,1405
2021-06-19,San Luis Obispo,079,281455,21339,21308,790,22098,257
2021-06-19,San Mateo,081,765935,42654,42646,494,43140,542
2021-06-19,Santa Barbara,083,443738,34639,34472,1245,35717,455
2021-06-19,Santa Clara,085,1922200,118853,120110,808,120918,2093
2021-06-19,Santa Cruz,087,273765,16241,16206,876,17082,208
2021-06-19,Shasta,089,179085,12544,12615,1680,14295,201
2021-06-19,Sierra,091,2930,60,57,14,71,0
2021-06-19,Siskiyou,093,43540,1945,1891,389,2280,27
2021-06-19,Solano,095,438530,33316,33341,571,33912,266
2021-06-19,Sonoma,097,501317,30744,30841,369,31210,314
2021-06-19,Stanislaus,099,539301,56872,56847,6252,63099,1017
2021-06-19,Sutter,101,95872,9628,9645,96,9741,113
2021-06-19,Tehama,103,63373,5108,5115,614,5729,63
2021-06-19,Trinity,105,12862,414,337,79,416,3
2021-06-19,Tulare,107,460477,49833,49681,9622,59303,849
2021-06-19,Tuolumne,109,53932,4112,4117,38,4155,63
2021-06-19,Ventura,111,848112,81375,81270,3133,84403,1031
2021-06-19,Yolo,113,214977,14130,14156,363,14519,212
2021-06-19,Yuba,115,75493,6178,6157,133,6290,51
2021-06-18,Alameda,001,1643700,89094,89123,2083,91206,1263
2021-06-18,Alpine,003,1148,89,88,0,88,0
2021-06-18,Amador,005,37829,3743,3739,34,3773,46
2021-06-18,Butte,007,227075,12694,12653,1938,14591,194
2021-06-18,Calaveras,009,45235,2196,2191,15,2206,55
2021-06-18,Colusa,011,21464,1959,1969,328,2297,15
2021-06-18,Contra Costa,013,1133247,70627,70271,1382,71653,813
2021-06-18,Del Norte,015,27424,1422,1415,9,1424,8
2021-06-18,El Dorado,017,186661,10377,10348,784,11132,113
2021-06-18,Fresno,019,978130,102693,102894,9057,111951,1722
2021-06-18,Glenn,021,27897,2429,2430,582,3012,19
2021-06-18,Humboldt,023,135768,4458,4450,41,4491,42
2021-06-18,Imperial,025,180216,28628,28809,2916,31725,740
2021-06-18,Inyo,027,18085,1407,1405,4,1409,35
2021-06-18,Kern,029,883053,97428,96948,11506,108454,1341
2021-06-18,Kings,031,150075,23064,23082,1199,24281,245
2021-06-18,Lake,033,64148,3571,3563,13,3576,45
2021-06-18,Lassen,035,31185,5255,5224,120,5344,19
2021-06-18,Los Angeles,037,10098052,1206817,1205472,44073,1249545,24451
2021-06-18,Madera,039,155013,16698,16625,968,17593,241
2021-06-18,Marin,041,260295,14143,14147,273,14420,230
2021-06-18,Mariposa,043,17540,439,439,11,450,5
2021-06-18,Mendocino,045,87422,4135,4068,78,4146,49
2021-06-18,Merced,047,269075,31228,31262,1013,32275,464
2021-06-18,Modoc,049,8938,413,402,146,548,3
2021-06-18,Mono,051,14174,1256,1275,12,1287,3
2021-06-18,Monterey,053,433212,43185,43148,1936,45084,427
2021-06-18,Napa,055,140530,10000,10021,35,10056,80
2021-06-18,Nevada,057,99092,4929,4903,201,5104,72
2021-06-18,Orange,059,3164182,255695,255274,11872,267146,5108
2021-06-18,Placer,061,380077,23608,23500,1594,25094,298
2021-06-18,Plumas,063,18699,713,697,12,709,4
2021-06-18,Riverside,065,2383286,292551,289676,14750,304426,4457
2021-06-18,Sacramento,067,1510023,107657,107570,1886,109456,1669
2021-06-18,San Benito,069,59416,6083,6097,119,6216,63
2021-06-18,San Bernardino,071,2135413,293601,293629,9504,303133,4826
2021-06-18,San Diego,073,3302833,282102,281608,15210,296818,3771
2021-06-18,San Francisco,075,870044,36949,37246,1398,38644,556
2021-06-18,San Joaquin,077,732212,73696,73623,3799,77422,1403
2021-06-18,San Luis Obispo,079,281455,21335,21301,789,22090,257
2021-06-18,San Mateo,081,765935,42643,42630,493,43123,542
2021-06-18,Santa Barbara,083,443738,34629,34469,1245,35714,455
2021-06-18,Santa Clara,085,1922200,118832,120081,807,120888,2093
2021-06-18,Santa Cruz,087,273765,16237,16202,876,17078,208
2021-06-18,Shasta,089,179085,12540,12607,1678,14285,201
2021-06-18,Sierra,091,2930,59,57,14,71,0
2021-06-18,Siskiyou,093,43540,1945,1890,389,2279,27
2021-06-18,Solano,095,438530,33302,33323,571,33894,266
2021-06-18,Sonoma,097,501317,30727,30816,367,31183,313
2021-06-18,Stanislaus,099,539301,56857,56803,6250,63053,1012
2021-06-18,Sutter,101,95872,9625,9643,96,9739,113
2021-06-18,Tehama,103,63373,5106,5114,614,5728,63
2021-06-18,Trinity,105,12862,414,337,78,415,3
2021-06-18,Tulare,107,460477,49831,49664,9615,59279,849
2021-06-18,Tuolumne,109,53932,4110,4116,38,4154,63
2021-06-18,Ventura,111,848112,81365,81256,3128,84384,1031
2021-06-18,Yolo,113,214977,14127,14148,361,14509,212
2021-06-18,Yuba,115,75493,6172,6150,133,6283,51
2021-06-17,Alameda,001,1643700,89048,89087,2083,91170,1262
2021-06-17,Alpine,003,1148,89,88,0,88,0
2021-06-17,Amador,005,37829,3741,3731,34,3765,46
2021-06-17,Butte,007,227075,12684,12644,1937,14581,194
2021-06-17,Calaveras,009,45235,2195,2189,15,2204,55
2021-06-17,Colusa,011,21464,1958,1969,328,2297,15
2021-06-17,Contra Costa,013,1133247,70588,70190,1379,71569,810
2021-06-17,Del Norte,015,27424,1420,1413,9,1422,8
2021-06-17,El Dorado,017,186661,10367,10341,784,11125,113
2021-06-17,Fresno,019,978130,102667,102867,9053,111920,1722
2021-06-17,Glenn,021,27897,2429,2430,582,3012,19
2021-06-17,Humboldt,023,135768,4449,4438,41,4479,42
2021-06-17,Imperial,025,180216,28620,28801,2916,31717,741
2021-06-17,Inyo,027,18085,1407,1405,4,1409,35
2021-06-17,Kern,029,883053,97414,96840,11499,108339,1340
2021-06-17,Kings,031,150075,23060,23078,1198,24276,245
2021-06-17,Lake,033,64148,3568,3563,9,3572,45
2021-06-17,Lassen,035,31185,5251,5223,120,5343,19
2021-06-17,Los Angeles,037,10098052,1206607,1205301,44043,1249344,24444
2021-06-17,Madera,039,155013,16693,16618,968,17586,241
2021-06-17,Marin,041,260295,14143,14141,273,14414,229
2021-06-17,Mariposa,043,17540,439,439,11,450,5
2021-06-17,Mendocino,045,87422,4128,4054,78,4132,49
2021-06-17,Merced,047,269075,31223,31262,1013,32275,464
2021-06-17,Modoc,049,8938,412,401,146,547,3
2021-06-17,Mono,051,14174,1255,1275,12,1287,3
2021-06-17,Monterey,053,433212,43177,43140,1936,45076,416
2021-06-17,Napa,055,140530,10000,10014,35,10049,80
2021-06-17,Nevada,057,99092,4925,4898,201,5099,72
2021-06-17,Orange,059,3164182,255651,255240,11860,267100,5109
2021-06-17,Placer,061,380077,23592,23461,1592,25053,298
2021-06-17,Plumas,063,18699,712,697,12,709,4
2021-06-17,Riverside,065,2383286,292498,289627,14747,304374,4458
2021-06-17,Sacramento,067,1510023,107593,107492,1884,109376,1666
2021-06-17,San Benito,069,59416,6083,6097,119,6216,63
2021-06-17,San Bernardino,071,2135413,293561,293560,9504,303064,4811
2021-06-17,San Diego,073,3302833,282025,281531,15196,296727,3771
2021-06-17,San Francisco,075,870044,36938,37243,1397,38640,556
2021-06-17,San Joaquin,077,732212,73672,73560,3794,77354,1403
2021-06-17,San Luis Obispo,079,281455,21333,21297,789,22086,257
2021-06-17,San Mateo,081,765935,42637,42615,493,43108,542
2021-06-17,Santa Barbara,083,443738,34623,34466,1245,35711,453
2021-06-17,Santa Clara,085,1922200,118807,120032,806,120838,2093
2021-06-17,Santa Cruz,087,273765,16233,16197,876,17073,208
2021-06-17,Shasta,089,179085,12532,12597,1678,14275,201
2021-06-17,Sierra,091,2930,59,56,14,70,0
2021-06-17,Siskiyou,093,43540,1944,1889,389,2278,27
2021-06-17,Solano,095,438530,33281,33296,570,33866,266
2021-06-17,Sonoma,097,501317,30696,30793,367,31160,323
2021-06-17,Stanislaus,099,539301,56826,56752,6244,62996,1012
2021-06-17,Sutter,101,95872,9622,9629,96,9725,113
2021-06-17,Tehama,103,63373,5105,5112,612,5724,63
2021-06-17,Trinity,105,12862,413,337,78,415,3
2021-06-17,Tulare,107,460477,49826,49649,9607,59256,849
2021-06-17,Tuolumne,109,53932,4109,4116,38,4154,63
2021-06-17,Ventura,111,848112,81356,81248,3125,84373,1030
2021-06-17,Yolo,113,214977,14119,14141,361,14502,212
2021-06-17,Yuba,115,75493,6163,6140,133,6273,51
2021-06-16,Alameda,001,1643700,88997,89045,2079,91124,1265
2021-06-16,Alpine,003,1148,89,88,0,88,0
2021-06-16,Amador,005,37829,3740,3730,34,3764,46
2021-06-16,Butte,007,227075,12682,12635,1935,14570,194
2021-06-16,Calaveras,009,45235,2193,2188,15,2203,55
2021-06-16,Colusa,011,21464,1958,1967,328,2295,15
2021-06-16,Contra Costa,013,1133247,70536,70136,1378,71514,810
2021-06-16,Del Norte,015,27424,1417,1413,9,1422,8
2021-06-16,El Dorado,017,186661,10361,10334,783,11117,113
2021-06-16,Fresno,019,978130,102637,102842,9049,111891,1722
2021-06-16,Glenn,021,27897,2429,2430,582,3012,19
2021-06-16,Humboldt,023,135768,4440,4427,40,4467,42
2021-06-16,Imperial,025,180216,28617,28796,2916,31712,741
2021-06-16,Inyo,027,18085,1406,1405,4,1409,35
2021-06-16,Kern,029,883053,97393,96789,11490,108279,1339
2021-06-16,Kings,031,150075,23059,23072,1197,24269,245
2021-06-16,Lake,033,64148,3568,3562,9,3571,45
2021-06-16,Lassen,035,31185,5248,5216,120,5336,19
2021-06-16,Los Angeles,037,10098052,1206385,1205102,44031,1249133,24439
2021-06-16,Madera,039,155013,16689,16603,968,17571,240
2021-06-16,Marin,041,260295,14141,14137,273,14410,229
2021-06-16,Mariposa,043,17540,439,437,11,448,5
2021-06-16,Mendocino,045,87422,4120,4041,78,4119,49
2021-06-16,Merced,047,269075,31215,31250,1013,32263,463
2021-06-16,Modoc,049,8938,411,383,145,528,3
2021-06-16,Mono,051,14174,1255,1275,12,1287,3
2021-06-16,Monterey,053,433212,43174,43122,1936,45058,416
2021-06-16,Napa,055,140530,9996,10011,35,10046,80
2021-06-16,Nevada,057,99092,4920,4894,201,5095,72
2021-06-16,Orange,059,3164182,255602,255188,11853,267041,5109
2021-06-16,Placer,061,380077,23583,23425,1588,25013,298
2021-06-16,Plumas,063,18699,712,697,12,709,4
2021-06-16,Riverside,065,2383286,292437,289539,14745,304284,4457
2021-06-16,Sacramento,067,1510023,107523,107422,1880,109302,1665
2021-06-16,San Benito,069,59416,6083,6090,119,6209,63
2021-06-16,San Bernardino,071,2135413,293512,293499,9502,303001,4797
2021-06-16,San Diego,073,3302833,281947,281423,15183,296606,3770
2021-06-16,San Francisco,075,870044,36925,37222,1395,38617,555
2021-06-16,San Joaquin,077,732212,73635,73530,3790,77320,1399
2021-06-16,San Luis Obispo,079,281455,21328,21294,789,22083,257
2021-06-16,San Mateo,081,765935,42621,42601,493,43094,542
2021-06-16,Santa Barbara,083,443738,34617,34459,1245,35704,460
2021-06-16,Santa Clara,085,1922200,118775,119982,806,120788,2087
2021-06-16,Santa Cruz,087,273765,16230,16187,876,17063,208
2021-06-16,Shasta,089,179085,12527,12592,1677,14269,200
2021-06-16,Sierra,091,2930,59,56,14,70,0
2021-06-16,Siskiyou,093,43540,1943,1886,389,2275,26
2021-06-16,Solano,095,438530,33253,33276,570,33846,266
2021-06-16,Sonoma,097,501317,30660,30741,367,31108,323
2021-06-16,Stanislaus,099,539301,56795,56738,6242,62980,984
2021-06-16,Sutter,101,95872,9618,9620,96,9716,113
2021-06-16,Tehama,103,63373,5103,5106,612,5718,63
2021-06-16,Trinity,105,12862,412,332,78,410,3
2021-06-16,Tulare,107,460477,49821,49578,9603,59181,849
2021-06-16,Tuolumne,109,53932,4109,4110,38,4148,63
2021-06-16,Ventura,111,848112,81342,81229,3123,84352,1029
2021-06-16,Yolo,113,214977,14110,14135,360,14495,212
2021-06-16,Yuba,115,75493,6153,6134,133,6267,51
2021-06-15,Alameda,001,1643700,88954,89008,2079,91087,1262
2021-06-15,Alpine,003,1148,89,88,0,88,0
2021-06-15,Amador,005,37829,3737,3723,34,3757,46
2021-06-15,Butte,007,227075,12674,12620,1934,14554,194
2021-06-15,Calaveras,009,45235,2191,2188,15,2203,55
2021-06-15,Colusa,011,21464,1958,1967,326,2293,15
2021-06-15,Contra Costa,013,1133247,70474,70101,1378,71479,810
2021-06-15,Del Norte,015,27424,1416,1411,9,1420,8
2021-06-15,El Dorado,017,186661,10352,10330,783,11113,113
2021-06-15,Fresno,019,978130,102606,102828,9048,111876,1722
2021-06-15,Glenn,021,27897,2428,2426,582,3008,19
2021-06-15,Humboldt,023,135768,4431,4414,39,4453,42
2021-06-15,Imperial,025,180216,28611,28789,2916,31705,741
2021-06-15,Inyo,027,18085,1406,1405,4,1409,35
2021-06-15,Kern,029,883053,97365,96782,11481,108263,1338
2021-06-15,Kings,031,150075,23053,23070,1195,24265,245
2021-06-15,Lake,033,64148,3567,3559,9,3568,45
2021-06-15,Lassen,035,31185,5247,5211,120,5331,19
2021-06-15,Los Angeles,037,10098052,1206157,1204926,44022,1248948,24435
2021-06-15,Madera,039,155013,16682,16600,967,17567,240
2021-06-15,Marin,041,260295,14133,14135,273,14408,229
2021-06-15,Mariposa,043,17540,439,437,11,448,5
2021-06-15,Mendocino,045,87422,4113,4034,78,4112,49
2021-06-15,Merced,047,269075,31209,31244,1013,32257,461
2021-06-15,Modoc,049,8938,410,383,145,528,3
2021-06-15,Mono,051,14174,1255,1275,12,1287,3
2021-06-15,Monterey,053,433212,43168,43118,1936,45054,416
2021-06-15,Napa,055,140530,9994,10010,35,10045,80
2021-06-15,Nevada,057,99092,4917,4888,201,5089,72
2021-06-15,Orange,059,3164182,255565,255127,11844,266971,5105
2021-06-15,Placer,061,380077,23561,23396,1587,24983,298
2021-06-15,Plumas,063,18699,711,697,12,709,4
2021-06-15,Riverside,065,2383286,292380,289508,14741,304249,4455
2021-06-15,Sacramento,067,1510023,107448,107370,1873,109243,1662
2021-06-15,San Benito,069,59416,6082,6089,119,6208,63
2021-06-15,San Bernardino,071,2135413,293462,293463,9497,302960,4790
2021-06-15,San Diego,073,3302833,281863,281375,15168,296543,3770
2021-06-15,San Francisco,075,870044,36916,37210,1394,38604,555
2021-06-15,San Joaquin,077,732212,73595,73494,3786,77280,1399
2021-06-15,San Luis Obispo,079,281455,21323,21293,788,22081,257
2021-06-15,San Mateo,081,765935,42608,42593,493,43086,543
2021-06-15,Santa Barbara,083,443738,34612,34451,1245,35696,460
2021-06-15,Santa Clara,085,1922200,118737,119963,806,120769,2086
2021-06-15,Santa Cruz,087,273765,16223,16180,876,17056,208
2021-06-15,Shasta,089,179085,12521,12583,1677,14260,201
2021-06-15,Sierra,091,2930,58,55,14,69,0
2021-06-15,Siskiyou,093,43540,1942,1887,389,2276,26
2021-06-15,Solano,095,438530,33234,33264,570,33834,266
2021-06-15,Sonoma,097,501317,30621,30707,366,31073,323
2021-06-15,Stanislaus,099,539301,56766,56724,6238,62962,979
2021-06-15,Sutter,101,95872,9609,9616,96,9712,113
2021-06-15,Tehama,103,63373,5101,5102,612,5714,63
2021-06-15,Trinity,105,12862,411,332,78,410,3
2021-06-15,Tulare,107,460477,49815,49561,9599,59160,848
2021-06-15,Tuolumne,109,53932,4109,4111,38,4149,63
2021-06-15,Ventura,111,848112,81331,81215,3120,84335,1029
2021-06-15,Yolo,113,214977,14106,14127,358,14485,212
2021-06-15,Yuba,115,75493,6142,6130,133,6263,51
2021-06-14,Alameda,001,1643700,88904,88966,2078,91044,1264
2021-06-14,Alpine,003,1148,89,88,0,88,0
2021-06-14,Amador,005,37829,3736,3722,34,3756,46
2021-06-14,Butte,007,227075,12663,12613,1930,14543,194
2021-06-14,Calaveras,009,45235,2189,2190,15,2205,55
2021-06-14,Colusa,011,21464,1957,1966,326,2292,15
2021-06-14,Contra Costa,013,1133247,70421,70069,1376,71445,810
2021-06-14,Del Norte,015,27424,1416,1411,9,1420,8
2021-06-14,El Dorado,017,186661,10343,10327,782,11109,113
2021-06-14,Fresno,019,978130,102584,102812,9047,111859,1719
2021-06-14,Glenn,021,27897,2428,2426,582,3008,19
2021-06-14,Humboldt,023,135768,4423,4407,38,4445,42
2021-06-14,Imperial,025,180216,28599,28836,2916,31752,741
2021-06-14,Inyo,027,18085,1405,1405,4,1409,35
2021-06-14,Kern,029,883053,97346,96760,11470,108230,1337
2021-06-14,Kings,031,150075,23051,23071,1193,24264,245
2021-06-14,Lake,033,64148,3566,3557,9,3566,45
2021-06-14,Lassen,035,31185,5244,5209,119,5328,19
2021-06-14,Los Angeles,037,10098052,1205924,1204748,44012,1248760,24434
2021-06-14,Madera,039,155013,16676,16597,966,17563,240
2021-06-14,Marin,041,260295,14131,14133,273,14406,229
2021-06-14,Mariposa,043,17540,438,437,11,448,5
2021-06-14,Mendocino,045,87422,4107,4028,78,4106,49
2021-06-14,Merced,047,269075,31200,31241,1012,32253,461
2021-06-14,Modoc,049,8938,401,382,143,525,3
2021-06-14,Mono,051,14174,1255,1275,12,1287,3
2021-06-14,Monterey,053,433212,43165,43110,1936,45046,415
2021-06-14,Napa,055,140530,9990,10000,35,10035,80
2021-06-14,Nevada,057,99092,4910,4885,201,5086,72
2021-06-14,Orange,059,3164182,255527,255069,11840,266909,5103
2021-06-14,Placer,061,380077,23536,23379,1586,24965,298
2021-06-14,Plumas,063,18699,711,696,12,708,4
2021-06-14,Riverside,065,2383286,292329,289476,14739,304215,4453
2021-06-14,Sacramento,067,1510023,107396,107334,1867,109201,1661
2021-06-14,San Benito,069,59416,6082,6087,119,6206,63
2021-06-14,San Bernardino,071,2135413,293406,293446,9493,302939,4790
2021-06-14,San Diego,073,3302833,281758,281314,15148,296462,3770
2021-06-14,San Francisco,075,870044,36903,37206,1394,38600,555
2021-06-14,San Joaquin,077,732212,73566,73453,3786,77239,1398
2021-06-14,San Luis Obispo,079,281455,21321,21302,788,22090,256
2021-06-14,San Mateo,081,765935,42594,42619,492,43111,543
2021-06-14,Santa Barbara,083,443738,34609,34449,1245,35694,460
2021-06-14,Santa Clara,085,1922200,118706,119957,805,120762,2085
2021-06-14,Santa Cruz,087,273765,16221,16175,876,17051,208
2021-06-14,Shasta,089,179085,12511,12561,1674,14235,201
2021-06-14,Sierra,091,2930,57,55,14,69,0
2021-06-14,Siskiyou,093,43540,1942,1886,389,2275,26
2021-06-14,Solano,095,438530,33217,33243,569,33812,266
2021-06-14,Sonoma,097,501317,30589,30679,365,31044,323
2021-06-14,Stanislaus,099,539301,56729,56689,6235,62924,975
2021-06-14,Sutter,101,95872,9606,9607,96,9703,112
2021-06-14,Tehama,103,63373,5099,5102,612,5714,63
2021-06-14,Trinity,105,12862,411,332,78,410,3
2021-06-14,Tulare,107,460477,49811,49538,9595,59133,848
2021-06-14,Tuolumne,109,53932,4106,4108,38,4146,63
2021-06-14,Ventura,111,848112,81321,81209,3120,84329,1028
2021-06-14,Yolo,113,214977,14098,14123,358,14481,212
2021-06-14,Yuba,115,75493,6135,6127,133,6260,50
2021-06-13,Alameda,001,1643700,88848,88947,2076,91023,1264
2021-06-13,Alpine,003,1148,88,88,0,88,0
2021-06-13,Amador,005,37829,3732,3721,34,3755,46
2021-06-13,Butte,007,227075,12652,12586,1927,14513,194
2021-06-13,Calaveras,009,45235,2189,2189,15,2204,55
2021-06-13,Colusa,011,21464,1957,1965,325,2290,15
2021-06-13,Contra Costa,013,1133247,70367,70040,1374,71414,810
2021-06-13,Del Norte,015,27424,1414,1412,9,1421,8
2021-06-13,El Dorado,017,186661,10334,10324,782,11106,113
2021-06-13,Fresno,019,978130,102554,102795,9042,111837,1719
2021-06-13,Glenn,021,27897,2427,2425,580,3005,19
2021-06-13,Humboldt,023,135768,4410,4401,38,4439,42
2021-06-13,Imperial,025,180216,28590,28800,2916,31716,741
2021-06-13,Inyo,027,18085,1405,1405,4,1409,35
2021-06-13,Kern,029,883053,97323,96743,11457,108200,1337
2021-06-13,Kings,031,150075,23046,23069,1192,24261,245
2021-06-13,Lake,033,64148,3566,3556,9,3565,45
2021-06-13,Lassen,035,31185,5239,5209,119,5328,19
2021-06-13,Los Angeles,037,10098052,1205664,1204614,43999,1248613,24433
2021-06-13,Madera,039,155013,16662,16590,966,17556,240
2021-06-13,Marin,041,260295,14125,14126,273,14399,229
2021-06-13,Mariposa,043,17540,438,434,11,445,5
2021-06-13,Mendocino,045,87422,4100,4026,78,4104,49
2021-06-13,Merced,047,269075,31194,31240,1011,32251,461
2021-06-13,Modoc,049,8938,399,382,141,523,3
2021-06-13,Mono,051,14174,1255,1275,12,1287,3
2021-06-13,Monterey,053,433212,43157,43108,1936,45044,415
2021-06-13,Napa,055,140530,9984,9995,35,10030,80
2021-06-13,Nevada,057,99092,4905,4883,201,5084,72
2021-06-13,Orange,059,3164182,255474,255043,11838,266881,5103
2021-06-13,Placer,061,380077,23510,23365,1584,24949,295
2021-06-13,Plumas,063,18699,710,696,12,708,4
2021-06-13,Riverside,065,2383286,292262,289447,14736,304183,4453
2021-06-13,Sacramento,067,1510023,107320,107289,1864,109153,1658
2021-06-13,San Benito,069,59416,6082,6086,119,6205,63
2021-06-13,San Bernardino,071,2135413,293357,293416,9487,302903,4788
2021-06-13,San Diego,073,3302833,281679,281268,15132,296400,3770
2021-06-13,San Francisco,075,870044,36892,37197,1394,38591,555
2021-06-13,San Joaquin,077,732212,73534,73438,3784,77222,1398
2021-06-13,San Luis Obispo,079,281455,21315,21298,787,22085,256
2021-06-13,San Mateo,081,765935,42580,42611,492,43103,542
2021-06-13,Santa Barbara,083,443738,34598,34449,1244,35693,460
2021-06-13,Santa Clara,085,1922200,118682,119946,805,120751,2085
2021-06-13,Santa Cruz,087,273765,16214,16172,876,17048,208
2021-06-13,Shasta,089,179085,12502,12560,1673,14233,201
2021-06-13,Sierra,091,2930,57,55,14,69,0
2021-06-13,Siskiyou,093,43540,1941,1885,389,2274,26
2021-06-13,Solano,095,438530,33195,33234,569,33803,266
2021-06-13,Sonoma,097,501317,30554,30663,363,31026,323
2021-06-13,Stanislaus,099,539301,56702,56671,6234,62905,975
2021-06-13,Sutter,101,95872,9599,9603,96,9699,112
2021-06-13,Tehama,103,63373,5097,5100,612,5712,63
2021-06-13,Trinity,105,12862,410,332,78,410,3
2021-06-13,Tulare,107,460477,49802,49537,9590,59127,848
2021-06-13,Tuolumne,109,53932,4104,4107,37,4144,63
2021-06-13,Ventura,111,848112,81307,81201,3120,84321,1028
2021-06-13,Yolo,113,214977,14091,14120,356,14476,212
2021-06-13,Yuba,115,75493,6128,6125,133,6258,50
2021-06-12,Alameda,001,1643700,88819,88901,2076,90977,1271
2021-06-12,Alpine,003,1148,88,88,0,88,0
2021-06-12,Amador,005,37829,3731,3721,34,3755,46
2021-06-12,Butte,007,227075,12648,12576,1927,14503,194
2021-06-12,Calaveras,009,45235,2189,2189,15,2204,55
2021-06-12,Colusa,011,21464,1957,1965,325,2290,15
2021-06-12,Contra Costa,013,1133247,70336,69989,1371,71360,810
2021-06-12,Del Norte,015,27424,1414,1412,9,1421,8
2021-06-12,El Dorado,017,186661,10329,10320,781,11101,113
2021-06-12,Fresno,019,978130,102544,102783,9041,111824,1720
2021-06-12,Glenn,021,27897,2425,2425,580,3005,19
2021-06-12,Humboldt,023,135768,4402,4396,38,4434,42
2021-06-12,Imperial,025,180216,28587,28799,2916,31715,741
2021-06-12,Inyo,027,18085,1405,1405,4,1409,35
2021-06-12,Kern,029,883053,97308,96731,11453,108184,1337
2021-06-12,Kings,031,150075,23044,23067,1192,24259,245
2021-06-12,Lake,033,64148,3565,3552,9,3561,45
2021-06-12,Lassen,035,31185,5239,5208,119,5327,19
2021-06-12,Los Angeles,037,10098052,1205527,1204439,43992,1248431,24434
2021-06-12,Madera,039,155013,16658,16586,966,17552,240
2021-06-12,Marin,041,260295,14122,14121,273,14394,229
2021-06-12,Mariposa,043,17540,438,434,11,445,5
2021-06-12,Mendocino,045,87422,4097,4024,78,4102,49
2021-06-12,Merced,047,269075,31191,31236,1011,32247,461
2021-06-12,Modoc,049,8938,398,382,141,523,3
2021-06-12,Mono,051,14174,1255,1275,12,1287,3
2021-06-12,Monterey,053,433212,43152,43103,1936,45039,415
2021-06-12,Napa,055,140530,9980,9986,35,10021,80
2021-06-12,Nevada,057,99092,4899,4878,201,5079,72
2021-06-12,Orange,059,3164182,255445,255004,11836,266840,5103
2021-06-12,Placer,061,380077,23491,23345,1584,24929,295
2021-06-12,Plumas,063,18699,710,696,12,708,4
2021-06-12,Riverside,065,2383286,292220,289413,14733,304146,4453
2021-06-12,Sacramento,067,1510023,107260,107199,1861,109060,1658
2021-06-12,San Benito,069,59416,6080,6083,119,6202,63
2021-06-12,San Bernardino,071,2135413,293323,293375,9485,302860,4788
2021-06-12,San Diego,073,3302833,281622,281203,15123,296326,3770
2021-06-12,San Francisco,075,870044,36882,37189,1394,38583,555
2021-06-12,San Joaquin,077,732212,73515,73413,3783,77196,1398
2021-06-12,San Luis Obispo,079,281455,21312,21293,787,22080,256
2021-06-12,San Mateo,081,765935,42575,42604,492,43096,542
2021-06-12,Santa Barbara,083,443738,34594,34450,1244,35694,460
2021-06-12,Santa Clara,085,1922200,118642,119894,805,120699,2085
2021-06-12,Santa Cruz,087,273765,16206,16170,876,17046,208
2021-06-12,Shasta,089,179085,12499,12556,1672,14228,201
2021-06-12,Sierra,091,2930,57,55,14,69,0
2021-06-12,Siskiyou,093,43540,1940,1884,389,2273,25
2021-06-12,Solano,095,438530,33186,33219,569,33788,266
2021-06-12,Sonoma,097,501317,30526,30647,362,31009,323
2021-06-12,Stanislaus,099,539301,56685,56649,6233,62882,974
2021-06-12,Sutter,101,95872,9595,9603,96,9699,112
2021-06-12,Tehama,103,63373,5097,5099,611,5710,63
2021-06-12,Trinity,105,12862,410,332,78,410,3
2021-06-12,Tulare,107,460477,49797,49533,9583,59116,848
2021-06-12,Tuolumne,109,53932,4103,4105,37,4142,63
2021-06-12,Ventura,111,848112,81295,81197,3120,84317,1028
2021-06-12,Yolo,113,214977,14088,14118,354,14472,212
2021-06-12,Yuba,115,75493,6123,6120,133,6253,50
2021-06-11,Alameda,001,1643700,88791,88844,2076,90920,1278
2021-06-11,Alpine,003,1148,88,88,0,88,0
2021-06-11,Amador,005,37829,3731,3710,34,3744,46
2021-06-11,Butte,007,227075,12644,12576,1925,14501,194
2021-06-11,Calaveras,009,45235,2189,2188,15,2203,55
2021-06-11,Colusa,011,21464,1956,1964,325,2289,15
2021-06-11,Contra Costa,013,1133247,70303,69940,1369,71309,808
2021-06-11,Del Norte,015,27424,1414,1409,9,1418,8
2021-06-11,El Dorado,017,186661,10326,10316,781,11097,113
2021-06-11,Fresno,019,978130,102526,102770,9040,111810,1720
2021-06-11,Glenn,021,27897,2425,2425,580,3005,19
2021-06-11,Humboldt,023,135768,4398,4389,38,4427,42
2021-06-11,Imperial,025,180216,28582,28793,2916,31709,741
2021-06-11,Inyo,027,18085,1405,1405,4,1409,35
2021-06-11,Kern,029,883053,97296,96718,11449,108167,1340
2021-06-11,Kings,031,150075,23040,23069,1191,24260,245
2021-06-11,Lake,033,64148,3564,3550,9,3559,45
2021-06-11,Lassen,035,31185,5238,5204,119,5323,18
2021-06-11,Los Angeles,037,10098052,1205381,1204259,43978,1248237,24434
2021-06-11,Madera,039,155013,16655,16582,966,17548,240
2021-06-11,Marin,041,260295,14119,14116,273,14389,229
2021-06-11,Mariposa,043,17540,438,434,11,445,5
2021-06-11,Mendocino,045,87422,4094,4022,78,4100,49
2021-06-11,Merced,047,269075,31186,31231,1011,32242,461
2021-06-11,Modoc,049,8938,398,382,140,522,3
2021-06-11,Mono,051,14174,1255,1274,12,1286,3
2021-06-11,Monterey,053,433212,43148,43097,1936,45033,415
2021-06-11,Napa,055,140530,9977,9977,35,10012,80
2021-06-11,Nevada,057,99092,4897,4873,201,5074,72
2021-06-11,Orange,059,3164182,255419,254975,11832,266807,5101
2021-06-11,Placer,061,380077,23486,23330,1584,24914,294
2021-06-11,Plumas,063,18699,710,696,12,708,4
2021-06-11,Riverside,065,2383286,292182,289376,14730,304106,4451
2021-06-11,Sacramento,067,1510023,107200,107119,1860,108979,1659
2021-06-11,San Benito,069,59416,6079,6082,119,6201,63
2021-06-11,San Bernardino,071,2135413,293287,293335,9481,302816,4788
2021-06-11,San Diego,073,3302833,281582,281144,15116,296260,3768
2021-06-11,San Francisco,075,870044,36877,37177,1394,38571,555
2021-06-11,San Joaquin,077,732212,73498,73347,3780,77127,1397
2021-06-11,San Luis Obispo,079,281455,21311,21288,787,22075,256
2021-06-11,San Mateo,081,765935,42561,42585,492,43077,542
2021-06-11,Santa Barbara,083,443738,34591,34438,1244,35682,460
2021-06-11,Santa Clara,085,1922200,118623,119860,805,120665,2083
2021-06-11,Santa Cruz,087,273765,16198,16164,876,17040,208
2021-06-11,Shasta,089,179085,12491,12550,1670,14220,201
2021-06-11,Sierra,091,2930,57,55,14,69,0
2021-06-11,Siskiyou,093,43540,1939,1882,389,2271,25
2021-06-11,Solano,095,438530,33166,33179,568,33747,266
2021-06-11,Sonoma,097,501317,30508,30624,362,30986,323
2021-06-11,Stanislaus,099,539301,56659,56617,6229,62846,974
2021-06-11,Sutter,101,95872,9592,9600,95,9695,112
2021-06-11,Tehama,103,63373,5096,5099,611,5710,63
2021-06-11,Trinity,105,12862,410,331,78,409,3
2021-06-11,Tulare,107,460477,49791,49516,9582,59098,848
2021-06-11,Tuolumne,109,53932,4100,4104,37,4141,63
2021-06-11,Ventura,111,848112,81285,81189,3120,84309,1026
2021-06-11,Yolo,113,214977,14081,14111,350,14461,212
2021-06-11,Yuba,115,75493,6119,6113,133,6246,50
2021-06-10,Alameda,001,1643700,88745,88806,2075,90881,1275
2021-06-10,Alpine,003,1148,88,88,0,88,0
2021-06-10,Amador,005,37829,3727,3709,34,3743,46
2021-06-10,Butte,007,227075,12627,12565,1925,14490,194
2021-06-10,Calaveras,009,45235,2189,2188,15,2203,55
2021-06-10,Colusa,011,21464,1954,1964,325,2289,15
2021-06-10,Contra Costa,013,1133247,70249,69876,1369,71245,807
2021-06-10,Del Norte,015,27424,1414,1405,9,1414,8
2021-06-10,El Dorado,017,186661,10319,10314,777,11091,113
2021-06-10,Fresno,019,978130,102501,102724,9039,111763,1717
2021-06-10,Glenn,021,27897,2425,2425,580,3005,19
2021-06-10,Humboldt,023,135768,4390,4384,38,4422,42
2021-06-10,Imperial,025,180216,28576,28779,2916,31695,739
2021-06-10,Inyo,027,18085,1405,1405,4,1409,35
2021-06-10,Kern,029,883053,97282,96706,11444,108150,1336
2021-06-10,Kings,031,150075,23039,23067,1191,24258,245
2021-06-10,Lake,033,64148,3559,3550,9,3559,45
2021-06-10,Lassen,035,31185,5236,5201,119,5320,18
2021-06-10,Los Angeles,037,10098052,1205218,1204110,43961,1248071,24440
2021-06-10,Madera,039,155013,16648,16581,966,17547,240
2021-06-10,Marin,041,260295,14116,14118,273,14391,229
2021-06-10,Mariposa,043,17540,436,434,11,445,5
2021-06-10,Mendocino,045,87422,4089,4016,78,4094,48
2021-06-10,Merced,047,269075,31178,31231,1008,32239,461
2021-06-10,Modoc,049,8938,397,381,140,521,3
2021-06-10,Mono,051,14174,1254,1274,12,1286,3
2021-06-10,Monterey,053,433212,43142,43090,1936,45026,415
2021-06-10,Napa,055,140530,9976,9974,35,10009,80
2021-06-10,Nevada,057,99092,4892,4866,201,5067,72
2021-06-10,Orange,059,3164182,255391,254950,11825,266775,5097
2021-06-10,Placer,061,380077,23473,23296,1584,24880,293
2021-06-10,Plumas,063,18699,710,696,12,708,4
2021-06-10,Riverside,065,2383286,292141,289335,14725,304060,4450
2021-06-10,Sacramento,067,1510023,107138,107049,1860,108909,1658
2021-06-10,San Benito,069,59416,6079,6079,119,6198,63
2021-06-10,San Bernardino,071,2135413,293246,293281,9478,302759,4782
2021-06-10,San Diego,073,3302833,281524,281052,15099,296151,3766
2021-06-10,San Francisco,075,870044,36867,37159,1392,38551,552
2021-06-10,San Joaquin,077,732212,73464,73276,3779,77055,1393
2021-06-10,San Luis Obispo,079,281455,21308,21280,787,22067,256
2021-06-10,San Mateo,081,765935,42554,42562,492,43054,666
2021-06-10,Santa Barbara,083,443738,34587,34434,1244,35678,460
2021-06-10,Santa Clara,085,1922200,118588,119832,804,120636,2075
2021-06-10,Santa Cruz,087,273765,16197,16159,876,17035,208
2021-06-10,Shasta,089,179085,12481,12536,1669,14205,201
2021-06-10,Sierra,091,2930,56,55,14,69,0
2021-06-10,Siskiyou,093,43540,1939,1881,389,2270,25
2021-06-10,Solano,095,438530,33149,33150,567,33717,265
2021-06-10,Sonoma,097,501317,30473,30571,360,30931,323
2021-06-10,Stanislaus,099,539301,56638,56588,6225,62813,974
2021-06-10,Sutter,101,95872,9585,9594,95,9689,112
2021-06-10,Tehama,103,63373,5096,5096,611,5707,63
2021-06-10,Trinity,105,12862,410,331,78,409,3
2021-06-10,Tulare,107,460477,49783,49503,9582,59085,848
2021-06-10,Tuolumne,109,53932,4100,4100,37,4137,63
2021-06-10,Ventura,111,848112,81274,81172,3119,84291,1026
2021-06-10,Yolo,113,214977,14078,14107,350,14457,212
2021-06-10,Yuba,115,75493,6115,6112,133,6245,50
2021-06-09,Alameda,001,1643700,88699,88762,2073,90835,1271
2021-06-09,Alpine,003,1148,88,88,0,88,0
2021-06-09,Amador,005,37829,3723,3706,34,3740,46
2021-06-09,Butte,007,227075,12621,12555,1923,14478,194
2021-06-09,Calaveras,009,45235,2187,2184,15,2199,55
2021-06-09,Colusa,011,21464,1954,1962,324,2286,15
2021-06-09,Contra Costa,013,1133247,70212,69829,1368,71197,803
2021-06-09,Del Norte,015,27424,1410,1403,9,1412,8
2021-06-09,El Dorado,017,186661,10316,10312,776,11088,113
2021-06-09,Fresno,019,978130,102482,102690,9034,111724,1717
2021-06-09,Glenn,021,27897,2424,2424,580,3004,19
2021-06-09,Humboldt,023,135768,4385,4379,37,4416,42
2021-06-09,Imperial,025,180216,28573,28754,2916,31670,739
2021-06-09,Inyo,027,18085,1405,1405,4,1409,35
2021-06-09,Kern,029,883053,97269,96697,11434,108131,1328
2021-06-09,Kings,031,150075,23037,23061,1191,24252,245
2021-06-09,Lake,033,64148,3556,3541,9,3550,45
2021-06-09,Lassen,035,31185,5235,5200,119,5319,18
2021-06-09,Los Angeles,037,10098052,1205034,1203955,43950,1247905,24432
2021-06-09,Madera,039,155013,16643,16580,966,17546,240
2021-06-09,Marin,041,260295,14111,14114,273,14387,229
2021-06-09,Mariposa,043,17540,436,434,11,445,5
2021-06-09,Mendocino,045,87422,4083,4008,78,4086,47
2021-06-09,Merced,047,269075,31174,31225,1008,32233,461
2021-06-09,Modoc,049,8938,395,377,139,516,3
2021-06-09,Mono,051,14174,1254,1274,12,1286,3
2021-06-09,Monterey,053,433212,43135,43082,1936,45018,415
2021-06-09,Napa,055,140530,9970,9971,35,10006,80
2021-06-09,Nevada,057,99092,4882,4863,200,5063,72
2021-06-09,Orange,059,3164182,255347,254893,11821,266714,5080
2021-06-09,Placer,061,380077,23454,23237,1584,24821,293
2021-06-09,Plumas,063,18699,709,697,12,709,4
2021-06-09,Riverside,065,2383286,292097,289299,14723,304022,4450
2021-06-09,Sacramento,067,1510023,107076,106971,1857,108828,1657
2021-06-09,San Benito,069,59416,6075,6078,119,6197,63
2021-06-09,San Bernardino,071,2135413,293204,293222,9478,302700,4782
2021-06-09,San Diego,073,3302833,281459,280941,15087,296028,3765
2021-06-09,San Francisco,075,870044,36854,37143,1391,38534,552
2021-06-09,San Joaquin,077,732212,73438,73232,3778,77010,1392
2021-06-09,San Luis Obispo,079,281455,21307,21259,787,22046,256
2021-06-09,San Mateo,081,765935,42538,42502,491,42993,666
2021-06-09,Santa Barbara,083,443738,34576,34422,1244,35666,460
2021-06-09,Santa Clara,085,1922200,118550,119793,803,120596,2068
2021-06-09,Santa Cruz,087,273765,16194,16155,876,17031,208
2021-06-09,Shasta,089,179085,12471,12521,1667,14188,201
2021-06-09,Sierra,091,2930,55,55,14,69,0
2021-06-09,Siskiyou,093,43540,1938,1871,389,2260,25
2021-06-09,Solano,095,438530,33133,33137,566,33703,264
2021-06-09,Sonoma,097,501317,30451,30540,360,30900,323
2021-06-09,Stanislaus,099,539301,56618,56560,6222,62782,974
2021-06-09,Sutter,101,95872,9576,9586,94,9680,111
2021-06-09,Tehama,103,63373,5095,5093,611,5704,63
2021-06-09,Trinity,105,12862,409,331,78,409,3
2021-06-09,Tulare,107,460477,49779,49496,9580,59076,847
2021-06-09,Tuolumne,109,53932,4097,4100,37,4137,63
2021-06-09,Ventura,111,848112,81264,81154,3118,84272,1026
2021-06-09,Yolo,113,214977,14076,14102,349,14451,212
2021-06-09,Yuba,115,75493,6111,6109,133,6242,50
2021-06-08,Alameda,001,1643700,88651,88731,2073,90804,1267
2021-06-08,Alpine,003,1148,88,88,0,88,0
2021-06-08,Amador,005,37829,3722,3704,34,3738,46
2021-06-08,Butte,007,227075,12615,12540,1920,14460,194
2021-06-08,Calaveras,009,45235,2186,2181,15,2196,55
2021-06-08,Colusa,011,21464,1954,1961,324,2285,15
2021-06-08,Contra Costa,013,1133247,70164,69762,1367,71129,803
2021-06-08,Del Norte,015,27424,1408,1402,9,1411,8
2021-06-08,El Dorado,017,186661,10311,10306,774,11080,113
2021-06-08,Fresno,019,978130,102457,102680,9032,111712,1717
2021-06-08,Glenn,021,27897,2423,2423,580,3003,19
2021-06-08,Humboldt,023,135768,4380,4363,37,4400,42
2021-06-08,Imperial,025,180216,28564,28752,2916,31668,738
2021-06-08,Inyo,027,18085,1405,1405,4,1409,35
2021-06-08,Kern,029,883053,97250,96671,11427,108098,1325
2021-06-08,Kings,031,150075,23036,23036,1191,24227,245
2021-06-08,Lake,033,64148,3555,3540,9,3549,45
2021-06-08,Lassen,035,31185,5235,5200,119,5319,18
2021-06-08,Los Angeles,037,10098052,1204841,1203794,43938,1247732,24426
2021-06-08,Madera,039,155013,16637,16579,965,17544,240
2021-06-08,Marin,041,260295,14109,14111,272,14383,229
2021-06-08,Mariposa,043,17540,436,434,11,445,5
2021-06-08,Mendocino,045,87422,4076,4002,78,4080,47
2021-06-08,Merced,047,269075,31166,31225,1008,32233,461
2021-06-08,Modoc,049,8938,389,377,138,515,3
2021-06-08,Mono,051,14174,1254,1274,12,1286,3
2021-06-08,Monterey,053,433212,43129,43078,1935,45013,415
2021-06-08,Napa,055,140530,9966,9962,35,9997,80
2021-06-08,Nevada,057,99092,4877,4861,200,5061,72
2021-06-08,Orange,059,3164182,255307,254852,11814,266666,5078
2021-06-08,Placer,061,380077,23436,23209,1580,24789,293
2021-06-08,Plumas,063,18699,709,692,12,704,4
2021-06-08,Riverside,065,2383286,292062,289268,14714,303982,4452
2021-06-08,Sacramento,067,1510023,107014,106901,1854,108755,1654
2021-06-08,San Benito,069,59416,6073,6076,119,6195,63
2021-06-08,San Bernardino,071,2135413,293156,293186,9474,302660,4778
2021-06-08,San Diego,073,3302833,281397,280879,15078,295957,3764
2021-06-08,San Francisco,075,870044,36839,37134,1390,38524,552
2021-06-08,San Joaquin,077,732212,73394,73186,3773,76959,1390
2021-06-08,San Luis Obispo,079,281455,21301,21251,786,22037,255
2021-06-08,San Mateo,081,765935,42525,42488,491,42979,663
2021-06-08,Santa Barbara,083,443738,34572,34418,1244,35662,459
2021-06-08,Santa Clara,085,1922200,118531,119770,802,120572,2068
2021-06-08,Santa Cruz,087,273765,16191,16160,876,17036,208
2021-06-08,Shasta,089,179085,12456,12498,1667,14165,201
2021-06-08,Sierra,091,2930,55,55,14,69,0
2021-06-08,Siskiyou,093,43540,1936,1870,387,2257,21
2021-06-08,Solano,095,438530,33112,33130,566,33696,259
2021-06-08,Sonoma,097,501317,30424,30523,358,30881,323
2021-06-08,Stanislaus,099,539301,56591,56548,6220,62768,973
2021-06-08,Sutter,101,95872,9573,9581,94,9675,111
2021-06-08,Tehama,103,63373,5092,5093,611,5704,63
2021-06-08,Trinity,105,12862,409,330,77,407,3
2021-06-08,Tulare,107,460477,49768,49485,9574,59059,847
2021-06-08,Tuolumne,109,53932,4094,4099,37,4136,63
2021-06-08,Ventura,111,848112,81248,81142,3117,84259,1026
2021-06-08,Yolo,113,214977,14071,14099,348,14447,212
2021-06-08,Yuba,115,75493,6109,6103,133,6236,50
2021-06-07,Alameda,001,1643700,88593,88688,2073,90761,1267
2021-06-07,Alpine,003,1148,88,88,0,88,0
2021-06-07,Amador,005,37829,3712,3697,34,3731,46
2021-06-07,Butte,007,227075,12608,12533,1919,14452,194
2021-06-07,Calaveras,009,45235,2185,2181,15,2196,55
2021-06-07,Colusa,011,21464,1953,1960,324,2284,15
2021-06-07,Contra Costa,013,1133247,70107,69718,1366,71084,817
2021-06-07,Del Norte,015,27424,1408,1401,9,1410,8
2021-06-07,El Dorado,017,186661,10306,10305,774,11079,113
2021-06-07,Fresno,019,978130,102428,102659,9025,111684,1717
2021-06-07,Glenn,021,27897,2423,2423,580,3003,19
2021-06-07,Humboldt,023,135768,4372,4354,37,4391,42
2021-06-07,Imperial,025,180216,28562,28754,2916,31670,738
2021-06-07,Inyo,027,18085,1405,1404,4,1408,35
2021-06-07,Kern,029,883053,97234,96645,11420,108065,1324
2021-06-07,Kings,031,150075,23032,23023,1191,24214,244
2021-06-07,Lake,033,64148,3553,3540,9,3549,45
2021-06-07,Lassen,035,31185,5230,5198,119,5317,18
2021-06-07,Los Angeles,037,10098052,1204620,1203664,43923,1247587,24413
2021-06-07,Madera,039,155013,16630,16572,965,17537,240
2021-06-07,Marin,041,260295,14105,14108,271,14379,229
2021-06-07,Mariposa,043,17540,436,434,11,445,5
2021-06-07,Mendocino,045,87422,4070,3998,78,4076,47
2021-06-07,Merced,047,269075,31154,31212,1007,32219,459
2021-06-07,Modoc,049,8938,388,375,135,510,3
2021-06-07,Mono,051,14174,1254,1275,12,1287,3
2021-06-07,Monterey,053,433212,43122,43077,1935,45012,415
2021-06-07,Napa,055,140530,9958,9962,35,9997,80
2021-06-07,Nevada,057,99092,4875,4860,200,5060,72
2021-06-07,Orange,059,3164182,255267,254808,11807,266615,5073
2021-06-07,Placer,061,380077,23417,23176,1578,24754,293
2021-06-07,Plumas,063,18699,709,692,12,704,4
2021-06-07,Riverside,065,2383286,292019,289232,14711,303943,4451
2021-06-07,Sacramento,067,1510023,106938,106841,1850,108691,1655
2021-06-07,San Benito,069,59416,6072,6074,119,6193,63
2021-06-07,San Bernardino,071,2135413,293118,293129,9473,302602,4775
2021-06-07,San Diego,073,3302833,281315,280808,15065,295873,3764
2021-06-07,San Francisco,075,870044,36823,37122,1390,38512,552
2021-06-07,San Joaquin,077,732212,73349,73130,3766,76896,1388
2021-06-07,San Luis Obispo,079,281455,21288,21252,786,22038,255
2021-06-07,San Mateo,081,765935,42509,42479,491,42970,664
2021-06-07,Santa Barbara,083,443738,34566,34407,1244,35651,459
2021-06-07,Santa Clara,085,1922200,118504,119743,802,120545,2066
2021-06-07,Santa Cruz,087,273765,16189,16159,876,17035,208
2021-06-07,Shasta,089,179085,12442,12483,1662,14145,200
2021-06-07,Sierra,091,2930,55,55,14,69,0
2021-06-07,Siskiyou,093,43540,1936,1869,387,2256,21
2021-06-07,Solano,095,438530,33090,33124,565,33689,258
2021-06-07,Sonoma,097,501317,30388,30504,357,30861,323
2021-06-07,Stanislaus,099,539301,56558,56521,6217,62738,972
2021-06-07,Sutter,101,95872,9569,9571,94,9665,111
2021-06-07,Tehama,103,63373,5088,5092,611,5703,63
2021-06-07,Trinity,105,12862,409,329,77,406,3
2021-06-07,Tulare,107,460477,49762,49471,9574,59045,847
2021-06-07,Tuolumne,109,53932,4093,4098,37,4135,63
2021-06-07,Ventura,111,848112,81231,81137,3116,84253,1025
2021-06-07,Yolo,113,214977,14066,14097,347,14444,211
2021-06-07,Yuba,115,75493,6107,6099,130,6229,49
2021-06-06,Alameda,001,1643700,88554,88636,2072,90708,1267
2021-06-06,Alpine,003,1148,88,88,0,88,0
2021-06-06,Amador,005,37829,3709,3696,34,3730,46
2021-06-06,Butte,007,227075,12597,12527,1918,14445,194
2021-06-06,Calaveras,009,45235,2184,2181,15,2196,55
2021-06-06,Colusa,011,21464,1951,1959,324,2283,15
2021-06-06,Contra Costa,013,1133247,70042,69659,1364,71023,817
2021-06-06,Del Norte,015,27424,1402,1401,8,1409,8
2021-06-06,El Dorado,017,186661,10299,10294,774,11068,113
2021-06-06,Fresno,019,978130,102395,102642,9022,111664,1717
2021-06-06,Glenn,021,27897,2422,2423,580,3003,19
2021-06-06,Humboldt,023,135768,4361,4353,37,4390,42
2021-06-06,Imperial,025,180216,28556,28762,2916,31678,738
2021-06-06,Inyo,027,18085,1404,1404,4,1408,35
2021-06-06,Kern,029,883053,97216,96623,11413,108036,1324
2021-06-06,Kings,031,150075,23026,23021,1191,24212,244
2021-06-06,Lake,033,64148,3553,3535,9,3544,45
2021-06-06,Lassen,035,31185,5228,5191,119,5310,18
2021-06-06,Los Angeles,037,10098052,1204422,1203539,43910,1247449,24410
2021-06-06,Madera,039,155013,16624,16567,965,17532,240
2021-06-06,Marin,041,260295,14099,14106,270,14376,229
2021-06-06,Mariposa,043,17540,435,435,11,446,5
2021-06-06,Mendocino,045,87422,4066,3993,78,4071,47
2021-06-06,Merced,047,269075,31148,31215,1006,32221,459
2021-06-06,Modoc,049,8938,388,375,134,509,3
2021-06-06,Mono,051,14174,1254,1275,12,1287,3
2021-06-06,Monterey,053,433212,43117,43078,1935,45013,415
2021-06-06,Napa,055,140530,9952,9963,35,9998,80
2021-06-06,Nevada,057,99092,4868,4854,199,5053,72
2021-06-06,Orange,059,3164182,255233,254782,11802,266584,5073
2021-06-06,Placer,061,380077,23392,23156,1575,24731,293
2021-06-06,Plumas,063,18699,709,692,12,704,4
2021-06-06,Riverside,065,2383286,291985,289201,14705,303906,4451
2021-06-06,Sacramento,067,1510023,106852,106749,1849,108598,1655
2021-06-06,San Benito,069,59416,6066,6074,119,6193,63
2021-06-06,San Bernardino,071,2135413,293066,293117,9464,302581,4773
2021-06-06,San Diego,073,3302833,281235,280743,15048,295791,3764
2021-06-06,San Francisco,075,870044,36811,37118,1389,38507,552
2021-06-06,San Joaquin,077,732212,73317,73105,3762,76867,1388
2021-06-06,San Luis Obispo,079,281455,21285,21246,786,22032,255
2021-06-06,San Mateo,081,765935,42492,42457,491,42948,664
2021-06-06,Santa Barbara,083,443738,34562,34403,1243,35646,459
2021-06-06,Santa Clara,085,1922200,118482,119711,802,120513,2066
2021-06-06,Santa Cruz,087,273765,16188,16158,876,17034,208
2021-06-06,Shasta,089,179085,12427,12478,1658,14136,200
2021-06-06,Sierra,091,2930,55,55,14,69,0
2021-06-06,Siskiyou,093,43540,1933,1869,387,2256,21
2021-06-06,Solano,095,438530,33063,33093,565,33658,258
2021-06-06,Sonoma,097,501317,30357,30478,356,30834,323
2021-06-06,Stanislaus,099,539301,56516,56486,6214,62700,972
2021-06-06,Sutter,101,95872,9562,9567,94,9661,111
2021-06-06,Tehama,103,63373,5084,5092,610,5702,63
2021-06-06,Trinity,105,12862,409,328,77,405,3
2021-06-06,Tulare,107,460477,49755,49466,9568,59034,847
2021-06-06,Tuolumne,109,53932,4091,4097,37,4134,63
2021-06-06,Ventura,111,848112,81220,81130,3113,84243,1025
2021-06-06,Yolo,113,214977,14058,14089,346,14435,210
2021-06-06,Yuba,115,75493,6099,6096,130,6226,49
2021-06-05,Alameda,001,1643700,88523,88612,2071,90683,1268
2021-06-05,Alpine,003,1148,88,88,0,88,0
2021-06-05,Amador,005,37829,3709,3694,34,3728,46
2021-06-05,Butte,007,227075,12591,12514,1917,14431,194
2021-06-05,Calaveras,009,45235,2184,2181,15,2196,55
2021-06-05,Colusa,011,21464,1951,1959,324,2283,15
2021-06-05,Contra Costa,013,1133247,70013,69601,1364,70965,817
2021-06-05,Del Norte,015,27424,1402,1400,8,1408,8
2021-06-05,El Dorado,017,186661,10297,10288,773,11061,113
2021-06-05,Fresno,019,978130,102386,102626,9022,111648,1717
2021-06-05,Glenn,021,27897,2421,2423,580,3003,19
2021-06-05,Humboldt,023,135768,4356,4346,37,4383,42
2021-06-05,Imperial,025,180216,28553,28764,2916,31680,738
2021-06-05,Inyo,027,18085,1404,1405,4,1409,35
2021-06-05,Kern,029,883053,97204,96597,11408,108005,1324
2021-06-05,Kings,031,150075,23023,23017,1191,24208,244
2021-06-05,Lake,033,64148,3550,3534,9,3543,45
2021-06-05,Lassen,035,31185,5227,5191,119,5310,18
2021-06-05,Los Angeles,037,10098052,1204296,1203338,43900,1247238,24411
2021-06-05,Madera,039,155013,16620,16563,965,17528,240
2021-06-05,Marin,041,260295,14097,14101,270,14371,229
2021-06-05,Mariposa,043,17540,435,435,11,446,5
2021-06-05,Mendocino,045,87422,4063,3989,78,4067,47
2021-06-05,Merced,047,269075,31146,31212,1005,32217,459
2021-06-05,Modoc,049,8938,388,375,133,508,3
2021-06-05,Mono,051,14174,1254,1274,12,1286,3
2021-06-05,Monterey,053,433212,43113,43071,1934,45005,415
2021-06-05,Napa,055,140530,9947,9960,35,9995,80
2021-06-05,Nevada,057,99092,4866,4849,199,5048,72
2021-06-05,Orange,059,3164182,255209,254752,11799,266551,5069
2021-06-05,Placer,061,380077,23377,23133,1574,24707,293
2021-06-05,Plumas,063,18699,709,692,12,704,4
2021-06-05,Riverside,065,2383286,291950,289157,14701,303858,4451
2021-06-05,Sacramento,067,1510023,106800,106688,1846,108534,1655
2021-06-05,San Benito,069,59416,6064,6074,119,6193,63
2021-06-05,San Bernardino,071,2135413,293033,293081,9462,302543,4772
2021-06-05,San Diego,073,3302833,281194,280676,15035,295711,3764
2021-06-05,San Francisco,075,870044,36802,37111,1389,38500,552
2021-06-05,San Joaquin,077,732212,73301,73078,3755,76833,1388
2021-06-05,San Luis Obispo,079,281455,21282,21236,786,22022,255
2021-06-05,San Mateo,081,765935,42482,42433,491,42924,664
2021-06-05,Santa Barbara,083,443738,34559,34399,1242,35641,459
2021-06-05,Santa Clara,085,1922200,118460,119676,800,120476,2066
2021-06-05,Santa Cruz,087,273765,16188,16154,876,17030,208
2021-06-05,Shasta,089,179085,12418,12472,1657,14129,200
2021-06-05,Sierra,091,2930,55,55,14,69,0
2021-06-05,Siskiyou,093,43540,1933,1867,387,2254,21
2021-06-05,Solano,095,438530,33048,33074,565,33639,257
2021-06-05,Sonoma,097,501317,30330,30450,354,30804,323
2021-06-05,Stanislaus,099,539301,56495,56463,6212,62675,973
2021-06-05,Sutter,101,95872,9559,9559,94,9653,111
2021-06-05,Tehama,103,63373,5083,5092,609,5701,63
2021-06-05,Trinity,105,12862,409,328,77,405,3
2021-06-05,Tulare,107,460477,49749,49463,9568,59031,847
2021-06-05,Tuolumne,109,53932,4089,4098,37,4135,63
2021-06-05,Ventura,111,848112,81211,81119,3111,84230,1025
2021-06-05,Yolo,113,214977,14056,14088,346,14434,210
2021-06-05,Yuba,115,75493,6098,6087,130,6217,49
2021-06-04,Alameda,001,1643700,88496,88585,2069,90654,1263
2021-06-04,Alpine,003,1148,88,88,0,88,0
2021-06-04,Amador,005,37829,3709,3690,34,3724,46
2021-06-04,Butte,007,227075,12580,12494,1914,14408,193
2021-06-04,Calaveras,009,45235,2184,2179,15,2194,55
2021-06-04,Colusa,011,21464,1951,1959,324,2283,15
2021-06-04,Contra Costa,013,1133247,69978,69540,1361,70901,816
2021-06-04,Del Norte,015,27424,1402,1398,8,1406,8
2021-06-04,El Dorado,017,186661,10293,10284,771,11055,112
2021-06-04,Fresno,019,978130,102370,102601,9022,111623,1712
2021-06-04,Glenn,021,27897,2421,2423,579,3002,19
2021-06-04,Humboldt,023,135768,4351,4327,37,4364,42
2021-06-04,Imperial,025,180216,28549,28753,2916,31669,738
2021-06-04,Inyo,027,18085,1404,1404,4,1408,35
2021-06-04,Kern,029,883053,97186,96573,11406,107979,1327
2021-06-04,Kings,031,150075,23022,23002,1191,24193,244
2021-06-04,Lake,033,64148,3548,3528,9,3537,45
2021-06-04,Lassen,035,31185,5227,5180,119,5299,18
2021-06-04,Los Angeles,037,10098052,1204175,1203106,43890,1246996,24400
2021-06-04,Madera,039,155013,16618,16557,965,17522,240
2021-06-04,Marin,041,260295,14096,14099,269,14368,229
2021-06-04,Mariposa,043,17540,435,435,11,446,5
2021-06-04,Mendocino,045,87422,4054,3983,78,4061,47
2021-06-04,Merced,047,269075,31141,31204,1004,32208,459
2021-06-04,Modoc,049,8938,386,375,133,508,3
2021-06-04,Mono,051,14174,1254,1275,12,1287,3
2021-06-04,Monterey,053,433212,43109,43068,1934,45002,415
2021-06-04,Napa,055,140530,9943,9958,35,9993,80
2021-06-04,Nevada,057,99092,4862,4844,199,5043,72
2021-06-04,Orange,059,3164182,255173,254730,11796,266526,5059
2021-06-04,Placer,061,380077,23362,23110,1573,24683,293
2021-06-04,Plumas,063,18699,709,691,12,703,4
2021-06-04,Riverside,065,2383286,291924,289098,14697,303795,4452
2021-06-04,Sacramento,067,1510023,106747,106616,1844,108460,1654
2021-06-04,San Benito,069,59416,6062,6073,119,6192,63
2021-06-04,San Bernardino,071,2135413,293010,293056,9460,302516,4768
2021-06-04,San Diego,073,3302833,281152,280556,15028,295584,3763
2021-06-04,San Francisco,075,870044,36797,37079,1388,38467,551
2021-06-04,San Joaquin,077,732212,73282,73039,3753,76792,1388
2021-06-04,San Luis Obispo,079,281455,21279,21234,785,22019,255
2021-06-04,San Mateo,081,765935,42470,42413,491,42904,478
2021-06-04,Santa Barbara,083,443738,34553,34402,1241,35643,459
2021-06-04,Santa Clara,085,1922200,118431,119619,800,120419,2065
2021-06-04,Santa Cruz,087,273765,16186,16150,876,17026,207
2021-06-04,Shasta,089,179085,12412,12458,1652,14110,200
2021-06-04,Sierra,091,2930,55,55,14,69,0
2021-06-04,Siskiyou,093,43540,1932,1865,387,2252,21
2021-06-04,Solano,095,438530,33037,33058,565,33623,256
2021-06-04,Sonoma,097,501317,30309,30411,354,30765,323
2021-06-04,Stanislaus,099,539301,56472,56442,6209,62651,973
2021-06-04,Sutter,101,95872,9554,9554,94,9648,111
2021-06-04,Tehama,103,63373,5078,5090,609,5699,63
2021-06-04,Trinity,105,12862,409,328,77,405,3
2021-06-04,Tulare,107,460477,49740,49452,9566,59018,847
2021-06-04,Tuolumne,109,53932,4088,4095,37,4132,63
2021-06-04,Ventura,111,848112,81204,81104,3109,84213,1023
2021-06-04,Yolo,113,214977,14054,14083,346,14429,210
2021-06-04,Yuba,115,75493,6095,6084,130,6214,49
2021-06-03,Alameda,001,1643700,88458,88555,2066,90621,1257
2021-06-03,Alpine,003,1148,88,88,0,88,0
2021-06-03,Amador,005,37829,3701,3688,34,3722,46
2021-06-03,Butte,007,227075,12576,12478,1913,14391,193
2021-06-03,Calaveras,009,45235,2184,2179,15,2194,55
2021-06-03,Colusa,011,21464,1951,1957,324,2281,15
2021-06-03,Contra Costa,013,1133247,69924,69500,1356,70856,816
2021-06-03,Del Norte,015,27424,1400,1397,8,1405,8
2021-06-03,El Dorado,017,186661,10287,10284,768,11052,112
2021-06-03,Fresno,019,978130,102354,102566,9022,111588,1709
2021-06-03,Glenn,021,27897,2421,2421,579,3000,19
2021-06-03,Humboldt,023,135768,4343,4314,37,4351,42
2021-06-03,Imperial,025,180216,28537,28737,2916,31653,738
2021-06-03,Inyo,027,18085,1404,1404,4,1408,35
2021-06-03,Kern,029,883053,97159,96507,11392,107899,1326
2021-06-03,Kings,031,150075,23018,22982,1191,24173,244
2021-06-03,Lake,033,64148,3546,3526,9,3535,45
2021-06-03,Lassen,035,31185,5218,5177,119,5296,12
2021-06-03,Los Angeles,037,10098052,1204001,1202923,43882,1246805,24386
2021-06-03,Madera,039,155013,16611,16554,965,17519,240
2021-06-03,Marin,041,260295,14091,14095,269,14364,230
2021-06-03,Mariposa,043,17540,435,435,11,446,5
2021-06-03,Mendocino,045,87422,4047,3978,78,4056,47
2021-06-03,Merced,047,269075,31138,31199,1004,32203,459
2021-06-03,Modoc,049,8938,385,376,132,508,3
2021-06-03,Mono,051,14174,1254,1275,12,1287,3
2021-06-03,Monterey,053,433212,43106,43063,1934,44997,415
2021-06-03,Napa,055,140530,9936,9957,35,9992,81
2021-06-03,Nevada,057,99092,4858,4837,199,5036,72
2021-06-03,Orange,059,3164182,255145,254676,11786,266462,5056
2021-06-03,Placer,061,380077,23353,23100,1572,24672,293
2021-06-03,Plumas,063,18699,709,691,12,703,4
2021-06-03,Riverside,065,2383286,291870,289035,14693,303728,4447
2021-06-03,Sacramento,067,1510023,106669,106526,1842,108368,1654
2021-06-03,San Benito,069,59416,6062,6073,119,6192,63
2021-06-03,San Bernardino,071,2135413,292980,293021,9459,302480,4762
2021-06-03,San Diego,073,3302833,281089,280430,15018,295448,3761
2021-06-03,San Francisco,075,870044,36791,37072,1388,38460,551
2021-06-03,San Joaquin,077,732212,73254,72989,3749,76738,1388
2021-06-03,San Luis Obispo,079,281455,21274,21224,785,22009,255
2021-06-03,San Mateo,081,765935,42457,42396,491,42887,467
2021-06-03,Santa Barbara,083,443738,34550,34391,1241,35632,459
2021-06-03,Santa Clara,085,1922200,118409,119592,798,120390,2058
2021-06-03,Santa Cruz,087,273765,16184,16144,876,17020,207
2021-06-03,Shasta,089,179085,12397,12441,1649,14090,199
2021-06-03,Sierra,091,2930,55,55,14,69,0
2021-06-03,Siskiyou,093,43540,1932,1862,386,2248,21
2021-06-03,Solano,095,438530,33023,33019,565,33584,256
2021-06-03,Sonoma,097,501317,30287,30383,353,30736,322
2021-06-03,Stanislaus,099,539301,56441,56401,6202,62603,973
2021-06-03,Sutter,101,95872,9545,9539,94,9633,111
2021-06-03,Tehama,103,63373,5078,5087,609,5696,63
2021-06-03,Trinity,105,12862,409,328,77,405,3
2021-06-03,Tulare,107,460477,49737,49442,9562,59004,848
2021-06-03,Tuolumne,109,53932,4086,4095,37,4132,63
2021-06-03,Ventura,111,848112,81192,81078,3107,84185,1023
2021-06-03,Yolo,113,214977,14050,14078,343,14421,210
2021-06-03,Yuba,115,75493,6088,6077,130,6207,49
2021-06-02,Alameda,001,1643700,88413,88525,2064,90589,1254
2021-06-02,Alpine,003,1148,88,88,0,88,0
2021-06-02,Amador,005,37829,3699,3687,34,3721,46
2021-06-02,Butte,007,227075,12556,12432,1910,14342,193
2021-06-02,Calaveras,009,45235,2182,2174,14,2188,55
2021-06-02,Colusa,011,21464,1950,1957,324,2281,15
2021-06-02,Contra Costa,013,1133247,69873,69455,1354,70809,814
2021-06-02,Del Norte,015,27424,1398,1395,8,1403,8
2021-06-02,El Dorado,017,186661,10283,10275,768,11043,110
2021-06-02,Fresno,019,978130,102330,102547,9019,111566,1707
2021-06-02,Glenn,021,27897,2421,2421,579,3000,19
2021-06-02,Humboldt,023,135768,4328,4302,37,4339,42
2021-06-02,Imperial,025,180216,28532,28737,2914,31651,738
2021-06-02,Inyo,027,18085,1403,1403,4,1407,35
2021-06-02,Kern,029,883053,97132,96481,11383,107864,1326
2021-06-02,Kings,031,150075,23016,22981,1191,24172,244
2021-06-02,Lake,033,64148,3541,3522,9,3531,45
2021-06-02,Lassen,035,31185,5217,5177,119,5296,6
2021-06-02,Los Angeles,037,10098052,1203800,1202760,43873,1246633,24375
2021-06-02,Madera,039,155013,16603,16550,965,17515,240
2021-06-02,Marin,041,260295,14089,14091,269,14360,229
2021-06-02,Mariposa,043,17540,435,434,11,445,5
2021-06-02,Mendocino,045,87422,4041,3970,78,4048,47
2021-06-02,Merced,047,269075,31125,31195,1003,32198,458
2021-06-02,Modoc,049,8938,384,375,131,506,3
2021-06-02,Mono,051,14174,1254,1275,12,1287,3
2021-06-02,Monterey,053,433212,43104,43056,1934,44990,380
2021-06-02,Napa,055,140530,9935,9953,35,9988,82
2021-06-02,Nevada,057,99092,4855,4833,199,5032,72
2021-06-02,Orange,059,3164182,255100,254637,11782,266419,5055
2021-06-02,Placer,061,380077,23332,23058,1570,24628,293
2021-06-02,Plumas,063,18699,709,690,12,702,4
2021-06-02,Riverside,065,2383286,291815,289012,14683,303695,4445
2021-06-02,Sacramento,067,1510023,106605,106435,1835,108270,1649
2021-06-02,San Benito,069,59416,6061,6073,119,6192,63
2021-06-02,San Bernardino,071,2135413,292932,293004,9454,302458,4760
2021-06-02,San Diego,073,3302833,281009,280347,14997,295344,3760
2021-06-02,San Francisco,075,870044,36771,37050,1387,38437,550
2021-06-02,San Joaquin,077,732212,73223,72893,3746,76639,1387
2021-06-02,San Luis Obispo,079,281455,21267,21214,784,21998,255
2021-06-02,San Mateo,081,765935,42447,42383,490,42873,464
2021-06-02,Santa Barbara,083,443738,34544,34381,1241,35622,456
2021-06-02,Santa Clara,085,1922200,118381,119553,797,120350,2058
2021-06-02,Santa Cruz,087,273765,16181,16144,876,17020,207
2021-06-02,Shasta,089,179085,12379,12426,1644,14070,199
2021-06-02,Sierra,091,2930,55,55,14,69,0
2021-06-02,Siskiyou,093,43540,1932,1861,384,2245,21
2021-06-02,Solano,095,438530,33011,33007,564,33571,256
2021-06-02,Sonoma,097,501317,30268,30359,348,30707,322
2021-06-02,Stanislaus,099,539301,56412,56377,6197,62574,973
2021-06-02,Sutter,101,95872,9542,9533,94,9627,111
2021-06-02,Tehama,103,63373,5075,5081,609,5690,63
2021-06-02,Trinity,105,12862,407,328,77,405,3
2021-06-02,Tulare,107,460477,49729,49434,9558,58992,846
2021-06-02,Tuolumne,109,53932,4086,4095,37,4132,63
2021-06-02,Ventura,111,848112,81167,81033,3107,84140,1020
2021-06-02,Yolo,113,214977,14047,14074,342,14416,210
2021-06-02,Yuba,115,75493,6082,6072,130,6202,48
2021-06-01,Alameda,001,1643700,88380,88472,2062,90534,1253
2021-06-01,Alpine,003,1148,88,88,0,88,0
2021-06-01,Amador,005,37829,3697,3687,34,3721,46
2021-06-01,Butte,007,227075,12542,12427,1909,14336,193
2021-06-01,Calaveras,009,45235,2180,2173,14,2187,55
2021-06-01,Colusa,011,21464,1949,1955,323,2278,15
2021-06-01,Contra Costa,013,1133247,69816,69404,1354,70758,813
2021-06-01,Del Norte,015,27424,1397,1394,8,1402,8
2021-06-01,El Dorado,017,186661,10277,10271,768,11039,110
2021-06-01,Fresno,019,978130,102307,102534,9016,111550,1706
2021-06-01,Glenn,021,27897,2421,2422,579,3001,18
2021-06-01,Humboldt,023,135768,4318,4299,37,4336,42
2021-06-01,Imperial,025,180216,28528,28722,2913,31635,736
2021-06-01,Inyo,027,18085,1403,1403,4,1407,35
2021-06-01,Kern,029,883053,97105,96477,11375,107852,1319
2021-06-01,Kings,031,150075,23012,22977,1191,24168,244
2021-06-01,Lake,033,64148,3540,3523,9,3532,45
2021-06-01,Lassen,035,31185,5210,5172,119,5291,6
2021-06-01,Los Angeles,037,10098052,1203567,1202673,43860,1246533,24367
2021-06-01,Madera,039,155013,16594,16549,964,17513,240
2021-06-01,Marin,041,260295,14087,14081,269,14350,229
2021-06-01,Mariposa,043,17540,435,431,11,442,5
2021-06-01,Mendocino,045,87422,4034,3966,78,4044,47
2021-06-01,Merced,047,269075,31115,31195,1003,32198,456
2021-06-01,Modoc,049,8938,382,375,131,506,3
2021-06-01,Mono,051,14174,1254,1275,12,1287,3
2021-06-01,Monterey,053,433212,43098,43051,1934,44985,379
2021-06-01,Napa,055,140530,9933,9949,35,9984,82
2021-06-01,Nevada,057,99092,4850,4825,199,5024,72
2021-06-01,Orange,059,3164182,255065,254603,11774,266377,5051
2021-06-01,Placer,061,380077,23302,23021,1568,24589,293
2021-06-01,Plumas,063,18699,708,690,12,702,4
2021-06-01,Riverside,065,2383286,291764,288996,14677,303673,4442
2021-06-01,Sacramento,067,1510023,106533,106330,1833,108163,1644
2021-06-01,San Benito,069,59416,6060,6073,118,6191,63
2021-06-01,San Bernardino,071,2135413,292909,292990,9453,302443,4758
2021-06-01,San Diego,073,3302833,280905,280305,14981,295286,3756
2021-06-01,San Francisco,075,870044,36755,37031,1387,38418,550
2021-06-01,San Joaquin,077,732212,73191,72858,3744,76602,1383
2021-06-01,San Luis Obispo,079,281455,21262,21217,784,22001,256
2021-06-01,San Mateo,081,765935,42430,42383,489,42872,462
2021-06-01,Santa Barbara,083,443738,34540,34374,1241,35615,456
2021-06-01,Santa Clara,085,1922200,118353,119528,797,120325,2057
2021-06-01,Santa Cruz,087,273765,16177,16143,875,17018,207
2021-06-01,Shasta,089,179085,12370,12409,1639,14048,199
2021-06-01,Sierra,091,2930,55,55,14,69,0
2021-06-01,Siskiyou,093,43540,1925,1860,383,2243,21
2021-06-01,Solano,095,438530,32986,32974,563,33537,256
2021-06-01,Sonoma,097,501317,30229,30324,347,30671,322
2021-06-01,Stanislaus,099,539301,56388,56348,6195,62543,973
2021-06-01,Sutter,101,95872,9535,9528,94,9622,111
2021-06-01,Tehama,103,63373,5073,5079,609,5688,63
2021-06-01,Trinity,105,12862,406,328,76,404,3
2021-06-01,Tulare,107,460477,49721,49419,9554,58973,845
2021-06-01,Tuolumne,109,53932,4086,4094,37,4131,63
2021-06-01,Ventura,111,848112,81151,81018,3106,84124,1021
2021-06-01,Yolo,113,214977,14042,14067,341,14408,210
2021-06-01,Yuba,115,75493,6078,6067,130,6197,48
2021-05-31,Alameda,001,1643700,88343,88458,2058,90516,1253
2021-05-31,Alpine,003,1148,88,88,0,88,0
2021-05-31,Amador,005,37829,3691,3687,34,3721,46
2021-05-31,Butte,007,227075,12529,12429,1909,14338,193
2021-05-31,Calaveras,009,45235,2179,2171,14,2185,55
2021-05-31,Colusa,011,21464,1949,1956,322,2278,15
2021-05-31,Contra Costa,013,1133247,69779,69390,1352,70742,813
2021-05-31,Del Norte,015,27424,1393,1394,8,1402,8
2021-05-31,El Dorado,017,186661,10271,10271,766,11037,110
2021-05-31,Fresno,019,978130,102271,102507,9015,111522,1706
2021-05-31,Glenn,021,27897,2420,2422,578,3000,18
2021-05-31,Humboldt,023,135768,4306,4295,37,4332,42
2021-05-31,Imperial,025,180216,28522,28732,2910,31642,736
2021-05-31,Inyo,027,18085,1402,1403,4,1407,35
2021-05-31,Kern,029,883053,97069,96457,11366,107823,1319
2021-05-31,Kings,031,150075,23008,22977,1191,24168,244
2021-05-31,Lake,033,64148,3535,3523,9,3532,45
2021-05-31,Lassen,035,31185,5208,5172,118,5290,6
2021-05-31,Los Angeles,037,10098052,1203326,1202567,43852,1246419,24364
2021-05-31,Madera,039,155013,16593,16543,963,17506,240
2021-05-31,Marin,041,260295,14085,14080,268,14348,229
2021-05-31,Mariposa,043,17540,435,430,11,441,5
2021-05-31,Mendocino,045,87422,4025,3961,78,4039,47
2021-05-31,Merced,047,269075,31110,31194,1003,32197,456
2021-05-31,Modoc,049,8938,381,374,131,505,3
2021-05-31,Mono,051,14174,1254,1275,12,1287,3
2021-05-31,Monterey,053,433212,43094,43051,1934,44985,379
2021-05-31,Napa,055,140530,9926,9948,35,9983,82
2021-05-31,Nevada,057,99092,4840,4823,198,5021,72
2021-05-31,Orange,059,3164182,255038,254572,11767,266339,5051
2021-05-31,Placer,061,380077,23276,23019,1563,24582,293
2021-05-31,Plumas,063,18699,707,690,12,702,4
2021-05-31,Riverside,065,2383286,291707,288970,14665,303635,4442
2021-05-31,Sacramento,067,1510023,106437,106278,1827,108105,1644
2021-05-31,San Benito,069,59416,6060,6072,118,6190,63
2021-05-31,San Bernardino,071,2135413,292861,292973,9452,302425,4758
2021-05-31,San Diego,073,3302833,280801,280254,14969,295223,3756
2021-05-31,San Francisco,075,870044,36740,37022,1386,38408,550
2021-05-31,San Joaquin,077,732212,73144,72856,3737,76593,1383
2021-05-31,San Luis Obispo,079,281455,21254,21215,784,21999,256
2021-05-31,San Mateo,081,765935,42414,42389,489,42878,442
2021-05-31,Santa Barbara,083,443738,34527,34369,1239,35608,456
2021-05-31,Santa Clara,085,1922200,118309,119515,797,120312,2057
2021-05-31,Santa Cruz,087,273765,16174,16139,875,17014,207
2021-05-31,Shasta,089,179085,12354,12408,1636,14044,199
2021-05-31,Sierra,091,2930,55,55,14,69,0
2021-05-31,Siskiyou,093,43540,1924,1856,382,2238,21
2021-05-31,Solano,095,438530,32935,32973,563,33536,256
2021-05-31,Sonoma,097,501317,30186,30314,347,30661,322
2021-05-31,Stanislaus,099,539301,56338,56335,6192,62527,973
2021-05-31,Sutter,101,95872,9516,9523,94,9617,111
2021-05-31,Tehama,103,63373,5071,5076,608,5684,63
2021-05-31,Trinity,105,12862,406,328,76,404,3
2021-05-31,Tulare,107,460477,49710,49404,9549,58953,845
2021-05-31,Tuolumne,109,53932,4084,4095,37,4132,63
2021-05-31,Ventura,111,848112,81136,81017,3103,84120,1021
2021-05-31,Yolo,113,214977,14038,14064,341,14405,210
2021-05-31,Yuba,115,75493,6072,6063,127,6190,48
2021-05-30,Alameda,001,1643700,88318,88429,2058,90487,1253
2021-05-30,Alpine,003,1148,88,88,0,88,0
2021-05-30,Amador,005,37829,3687,3685,34,3719,46
2021-05-30,Butte,007,227075,12519,12427,1907,14334,190
2021-05-30,Calaveras,009,45235,2175,2166,14,2180,55
2021-05-30,Colusa,011,21464,1949,1954,322,2276,15
2021-05-30,Contra Costa,013,1133247,69745,69381,1350,70731,813
2021-05-30,Del Norte,015,27424,1392,1393,8,1401,8
2021-05-30,El Dorado,017,186661,10268,10271,766,11037,110
2021-05-30,Fresno,019,978130,102254,102499,9011,111510,1706
2021-05-30,Glenn,021,27897,2420,2422,577,2999,18
2021-05-30,Humboldt,023,135768,4297,4291,37,4328,42
2021-05-30,Imperial,025,180216,28517,28732,2909,31641,736
2021-05-30,Inyo,027,18085,1402,1403,4,1407,35
2021-05-30,Kern,029,883053,97053,96443,11363,107806,1319
2021-05-30,Kings,031,150075,23007,22974,1190,24164,244
2021-05-30,Lake,033,64148,3535,3517,9,3526,45
2021-05-30,Lassen,035,31185,5206,5171,118,5289,6
2021-05-30,Los Angeles,037,10098052,1203222,1202425,43845,1246270,24360
2021-05-30,Madera,039,155013,16589,16538,963,17501,240
2021-05-30,Marin,041,260295,14081,14083,267,14350,229
2021-05-30,Mariposa,043,17540,435,430,11,441,5
2021-05-30,Mendocino,045,87422,4018,3955,78,4033,47
2021-05-30,Merced,047,269075,31106,31189,1002,32191,456
2021-05-30,Modoc,049,8938,381,374,131,505,3
2021-05-30,Mono,051,14174,1254,1275,12,1287,3
2021-05-30,Monterey,053,433212,43091,43049,1934,44983,379
2021-05-30,Napa,055,140530,9925,9948,35,9983,82
2021-05-30,Nevada,057,99092,4834,4818,198,5016,72
2021-05-30,Orange,059,3164182,255014,254559,11766,266325,5051
2021-05-30,Placer,061,380077,23270,23016,1563,24579,293
2021-05-30,Plumas,063,18699,705,690,12,702,4
2021-05-30,Riverside,065,2383286,291686,288961,14663,303624,4442
2021-05-30,Sacramento,067,1510023,106392,106252,1825,108077,1644
2021-05-30,San Benito,069,59416,6060,6072,118,6190,63
2021-05-30,San Bernardino,071,2135413,292835,292981,9451,302432,4758
2021-05-30,San Diego,073,3302833,280745,280209,14964,295173,3756
2021-05-30,San Francisco,075,870044,36722,37016,1385,38401,550
2021-05-30,San Joaquin,077,732212,73127,72853,3736,76589,1383
2021-05-30,San Luis Obispo,079,281455,21246,21211,783,21994,256
2021-05-30,San Mateo,081,765935,42406,42386,489,42875,439
2021-05-30,Santa Barbara,083,443738,34523,34369,1238,35607,456
2021-05-30,Santa Clara,085,1922200,118287,119510,793,120303,2057
2021-05-30,Santa Cruz,087,273765,16172,16140,875,17015,207
2021-05-30,Shasta,089,179085,12352,12408,1633,14041,199
2021-05-30,Sierra,091,2930,55,55,14,69,0
2021-05-30,Siskiyou,093,43540,1924,1856,382,2238,21
2021-05-30,Solano,095,438530,32924,32952,562,33514,256
2021-05-30,Sonoma,097,501317,30170,30310,345,30655,322
2021-05-30,Stanislaus,099,539301,56319,56323,6191,62514,973
2021-05-30,Sutter,101,95872,9515,9519,93,9612,111
2021-05-30,Tehama,103,63373,5071,5073,608,5681,63
2021-05-30,Trinity,105,12862,406,328,76,404,3
2021-05-30,Tulare,107,460477,49703,49397,9540,58937,845
2021-05-30,Tuolumne,109,53932,4084,4094,37,4131,63
2021-05-30,Ventura,111,848112,81133,81012,3101,84113,1021
2021-05-30,Yolo,113,214977,14033,14059,340,14399,210
2021-05-30,Yuba,115,75493,6065,6063,126,6189,48
2021-05-29,Alameda,001,1643700,88295,88433,2056,90489,1253
2021-05-29,Alpine,003,1148,88,88,0,88,0
2021-05-29,Amador,005,37829,3686,3683,34,3717,46
2021-05-29,Butte,007,227075,12513,12425,1907,14332,190
2021-05-29,Calaveras,009,45235,2174,2166,14,2180,55
2021-05-29,Colusa,011,21464,1946,1954,322,2276,15
2021-05-29,Contra Costa,013,1133247,69712,69351,1350,70701,813
2021-05-29,Del Norte,015,27424,1392,1391,8,1399,8
2021-05-29,El Dorado,017,186661,10267,10269,764,11033,110
2021-05-29,Fresno,019,978130,102242,102470,9008,111478,1706
2021-05-29,Glenn,021,27897,2420,2422,576,2998,18
2021-05-29,Humboldt,023,135768,4291,4283,37,4320,42
2021-05-29,Imperial,025,180216,28514,28729,2908,31637,736
2021-05-29,Inyo,027,18085,1402,1404,4,1408,35
2021-05-29,Kern,029,883053,97043,96424,11349,107773,1319
2021-05-29,Kings,031,150075,23006,22970,1189,24159,244
2021-05-29,Lake,033,64148,3535,3515,9,3524,45
2021-05-29,Lassen,035,31185,5206,5171,118,5289,6
2021-05-29,Los Angeles,037,10098052,1203099,1202264,43842,1246106,24359
2021-05-29,Madera,039,155013,16587,16535,963,17498,240
2021-05-29,Marin,041,260295,14077,14071,266,14337,229
2021-05-29,Mariposa,043,17540,434,428,11,439,5
2021-05-29,Mendocino,045,87422,4012,3952,78,4030,47
2021-05-29,Merced,047,269075,31094,31187,1002,32189,456
2021-05-29,Modoc,049,8938,381,374,131,505,3
2021-05-29,Mono,051,14174,1254,1275,12,1287,3
2021-05-29,Monterey,053,433212,43089,43042,1934,44976,379
2021-05-29,Napa,055,140530,9922,9948,35,9983,82
2021-05-29,Nevada,057,99092,4833,4816,198,5014,72
2021-05-29,Orange,059,3164182,254992,254537,11756,266293,5049
2021-05-29,Placer,061,380077,23255,23009,1562,24571,293
2021-05-29,Plumas,063,18699,705,689,12,701,4
2021-05-29,Riverside,065,2383286,291666,288908,14662,303570,4442
2021-05-29,Sacramento,067,1510023,106362,106218,1824,108042,1643
2021-05-29,San Benito,069,59416,6059,6072,118,6190,63
2021-05-29,San Bernardino,071,2135413,292803,292961,9450,302411,4757
2021-05-29,San Diego,073,3302833,280686,280151,14959,295110,3756
2021-05-29,San Francisco,075,870044,36713,37008,1385,38393,550
2021-05-29,San Joaquin,077,732212,73111,72827,3734,76561,1383
2021-05-29,San Luis Obispo,079,281455,21244,21201,783,21984,256
2021-05-29,San Mateo,081,765935,42399,42375,488,42863,439
2021-05-29,Santa Barbara,083,443738,34519,34367,1238,35605,456
2021-05-29,Santa Clara,085,1922200,118263,119498,792,120290,2056
2021-05-29,Santa Cruz,087,273765,16171,16137,875,17012,207
2021-05-29,Shasta,089,179085,12344,12401,1632,14033,199
2021-05-29,Sierra,091,2930,55,55,14,69,0
2021-05-29,Siskiyou,093,43540,1919,1856,382,2238,21
2021-05-29,Solano,095,438530,32915,32917,562,33479,256
2021-05-29,Sonoma,097,501317,30147,30298,344,30642,322
2021-05-29,Stanislaus,099,539301,56299,56305,6189,62494,974
2021-05-29,Sutter,101,95872,9511,9516,93,9609,111
2021-05-29,Tehama,103,63373,5070,5070,608,5678,63
2021-05-29,Trinity,105,12862,406,328,76,404,3
2021-05-29,Tulare,107,460477,49693,49392,9536,58928,845
2021-05-29,Tuolumne,109,53932,4084,4093,37,4130,63
2021-05-29,Ventura,111,848112,81125,81008,3101,84109,1021
2021-05-29,Yolo,113,214977,14032,14055,340,14395,210
2021-05-29,Yuba,115,75493,6065,6059,126,6185,48
2021-05-28,Alameda,001,1643700,88271,88391,2052,90443,1261
2021-05-28,Alpine,003,1148,88,88,0,88,0
2021-05-28,Amador,005,37829,3686,3680,34,3714,46
2021-05-28,Butte,007,227075,12510,12407,1906,14313,190
2021-05-28,Calaveras,009,45235,2173,2165,14,2179,55
2021-05-28,Colusa,011,21464,1946,1954,320,2274,15
2021-05-28,Contra Costa,013,1133247,69676,69290,1349,70639,813
2021-05-28,Del Norte,015,27424,1391,1390,8,1398,8
2021-05-28,El Dorado,017,186661,10264,10265,764,11029,110
2021-05-28,Fresno,019,978130,102227,102437,9008,111445,1705
2021-05-28,Glenn,021,27897,2420,2419,576,2995,18
2021-05-28,Humboldt,023,135768,4285,4265,37,4302,42
2021-05-28,Imperial,025,180216,28511,28722,2908,31630,736
2021-05-28,Inyo,027,18085,1402,1404,4,1408,35
2021-05-28,Kern,029,883053,97026,96396,11341,107737,1320
2021-05-28,Kings,031,150075,23004,22962,1189,24151,244
2021-05-28,Lake,033,64148,3533,3515,9,3524,45
2021-05-28,Lassen,035,31185,5206,5169,118,5287,6
2021-05-28,Los Angeles,037,10098052,1202991,1202103,43830,1245933,24357
2021-05-28,Madera,039,155013,16585,16530,963,17493,240
2021-05-28,Marin,041,260295,14076,14063,265,14328,229
2021-05-28,Mariposa,043,17540,434,428,11,439,5
2021-05-28,Mendocino,045,87422,4007,3947,78,4025,47
2021-05-28,Merced,047,269075,31091,31176,1002,32178,455
2021-05-28,Modoc,049,8938,381,374,131,505,3
2021-05-28,Mono,051,14174,1254,1274,12,1286,3
2021-05-28,Monterey,053,433212,43088,43036,1934,44970,379
2021-05-28,Napa,055,140530,9922,9941,35,9976,82
2021-05-28,Nevada,057,99092,4831,4813,198,5011,71
2021-05-28,Orange,059,3164182,254974,254494,11754,266248,5047
2021-05-28,Placer,061,380077,23245,22987,1560,24547,293
2021-05-28,Plumas,063,18699,703,688,12,700,4
2021-05-28,Riverside,065,2383286,291644,288872,14660,303532,4442
2021-05-28,Sacramento,067,1510023,106306,106131,1823,107954,1642
2021-05-28,San Benito,069,59416,6059,6074,118,6192,63
2021-05-28,San Bernardino,071,2135413,292780,292905,9450,302355,4757
2021-05-28,San Diego,073,3302833,280624,280043,14948,294991,3756
2021-05-28,San Francisco,075,870044,36707,36987,1385,38372,546
2021-05-28,San Joaquin,077,732212,73081,72793,3732,76525,1383
2021-05-28,San Luis Obispo,079,281455,21240,21190,781,21971,256
2021-05-28,San Mateo,081,765935,42393,42364,488,42852,439
2021-05-28,Santa Barbara,083,443738,34518,34371,1237,35608,455
2021-05-28,Santa Clara,085,1922200,118239,119462,792,120254,2056
2021-05-28,Santa Cruz,087,273765,16170,16129,875,17004,207
2021-05-28,Shasta,089,179085,12335,12383,1630,14013,198
2021-05-28,Sierra,091,2930,55,54,14,68,0
2021-05-28,Siskiyou,093,43540,1917,1850,382,2232,19
2021-05-28,Solano,095,438530,32900,32892,562,33454,256
2021-05-28,Sonoma,097,501317,30128,30270,344,30614,321
2021-05-28,Stanislaus,099,539301,56276,56278,6186,62464,974
2021-05-28,Sutter,101,95872,9507,9511,93,9604,111
2021-05-28,Tehama,103,63373,5064,5064,608,5672,63
2021-05-28,Trinity,105,12862,406,328,76,404,3
2021-05-28,Tulare,107,460477,49688,49375,9526,58901,846
2021-05-28,Tuolumne,109,53932,4084,4090,37,4127,63
2021-05-28,Ventura,111,848112,81114,80985,3100,84085,1021
2021-05-28,Yolo,113,214977,14028,14050,339,14389,210
2021-05-28,Yuba,115,75493,6063,6050,125,6175,48
2021-05-27,Alameda,001,1643700,88235,88342,2051,90393,1274
2021-05-27,Alpine,003,1148,88,88,0,88,0
2021-05-27,Amador,005,37829,3684,3680,34,3714,46
2021-05-27,Butte,007,227075,12504,12401,1905,14306,190
2021-05-27,Calaveras,009,45235,2172,2163,14,2177,55
2021-05-27,Colusa,011,21464,1943,1952,320,2272,15
2021-05-27,Contra Costa,013,1133247,69634,69245,1347,70592,813
2021-05-27,Del Norte,015,27424,1391,1388,8,1396,8
2021-05-27,El Dorado,017,186661,10263,10248,764,11012,112
2021-05-27,Fresno,019,978130,102211,102413,9005,111418,1704
2021-05-27,Glenn,021,27897,2420,2415,576,2991,18
2021-05-27,Humboldt,023,135768,4277,4260,37,4297,42
2021-05-27,Imperial,025,180216,28500,28728,2908,31636,736
2021-05-27,Inyo,027,18085,1402,1404,4,1408,35
2021-05-27,Kern,029,883053,97010,96364,11333,107697,1322
2021-05-27,Kings,031,150075,23001,22953,1189,24142,245
2021-05-27,Lake,033,64148,3528,3509,9,3518,45
2021-05-27,Lassen,035,31185,5205,5170,117,5287,6
2021-05-27,Los Angeles,037,10098052,1202830,1201927,43814,1245741,24348
2021-05-27,Madera,039,155013,16576,16527,963,17490,240
2021-05-27,Marin,041,260295,14072,14061,265,14326,229
2021-05-27,Mariposa,043,17540,432,427,11,438,5
2021-05-27,Mendocino,045,87422,4001,3945,78,4023,47
2021-05-27,Merced,047,269075,31079,31161,1002,32163,455
2021-05-27,Modoc,049,8938,380,374,131,505,3
2021-05-27,Mono,051,14174,1254,1276,12,1288,3
2021-05-27,Monterey,053,433212,43082,43032,1934,44966,379
2021-05-27,Napa,055,140530,9921,9934,35,9969,82
2021-05-27,Nevada,057,99092,4827,4807,196,5003,71
2021-05-27,Orange,059,3164182,254938,254438,11749,266187,5059
2021-05-27,Placer,061,380077,23236,22966,1560,24526,293
2021-05-27,Plumas,063,18699,703,687,12,699,4
2021-05-27,Riverside,065,2383286,291609,288835,14655,303490,4443
2021-05-27,Sacramento,067,1510023,106231,106015,1821,107836,1642
2021-05-27,San Benito,069,59416,6058,6074,118,6192,63
2021-05-27,San Bernardino,071,2135413,292744,292755,9448,302203,4756
2021-05-27,San Diego,073,3302833,280550,279960,14934,294894,3756
2021-05-27,San Francisco,075,870044,36702,36980,1381,38361,546
2021-05-27,San Joaquin,077,732212,73049,72714,3728,76442,1388
2021-05-27,San Luis Obispo,079,281455,21237,21171,781,21952,256
2021-05-27,San Mateo,081,765935,42384,42345,488,42833,436
2021-05-27,Santa Barbara,083,443738,34514,34355,1237,35592,456
2021-05-27,Santa Clara,085,1922200,118220,119452,792,120244,2053
2021-05-27,Santa Cruz,087,273765,16167,16134,875,17009,207
2021-05-27,Shasta,089,179085,12324,12380,1630,14010,202
2021-05-27,Sierra,091,2930,55,54,14,68,0
2021-05-27,Siskiyou,093,43540,1914,1846,382,2228,18
2021-05-27,Solano,095,438530,32859,32855,561,33416,257
2021-05-27,Sonoma,097,501317,30101,30253,340,30593,321
2021-05-27,Stanislaus,099,539301,56248,56207,6185,62392,974
2021-05-27,Sutter,101,95872,9503,9501,93,9594,111
2021-05-27,Tehama,103,63373,5061,5064,607,5671,63
2021-05-27,Trinity,105,12862,406,328,76,404,3
2021-05-27,Tulare,107,460477,49674,49366,9517,58883,840
2021-05-27,Tuolumne,109,53932,4083,4090,37,4127,66
2021-05-27,Ventura,111,848112,81101,80965,3097,84062,1023
2021-05-27,Yolo,113,214977,14025,14036,338,14374,213
2021-05-27,Yuba,115,75493,6058,6040,124,6164,48
2021-05-26,Alameda,001,1643700,88206,88297,2051,90348,1266
2021-05-26,Alpine,003,1148,88,88,0,88,0
2021-05-26,Amador,005,37829,3684,3679,34,3713,46
2021-05-26,Butte,007,227075,12495,12332,1904,14236,190
2021-05-26,Calaveras,009,45235,2170,2154,14,2168,55
2021-05-26,Colusa,011,21464,1942,1952,320,2272,15
2021-05-26,Contra Costa,013,1133247,69597,69210,1347,70557,812
2021-05-26,Del Norte,015,27424,1391,1386,7,1393,8
2021-05-26,El Dorado,017,186661,10259,10242,763,11005,112
2021-05-26,Fresno,019,978130,102179,102374,9000,111374,1702
2021-05-26,Glenn,021,27897,2419,2415,576,2991,18
2021-05-26,Humboldt,023,135768,4272,4246,37,4283,42
2021-05-26,Imperial,025,180216,28495,28712,2906,31618,734
2021-05-26,Inyo,027,18085,1402,1403,4,1407,36
2021-05-26,Kern,029,883053,96985,96343,11326,107669,1320
2021-05-26,Kings,031,150075,22997,22950,1188,24138,245
2021-05-26,Lake,033,64148,3527,3508,9,3517,45
2021-05-26,Lassen,035,31185,5204,5164,117,5281,6
2021-05-26,Los Angeles,037,10098052,1202666,1198100,43796,1241896,24221
2021-05-26,Madera,039,155013,16573,16520,963,17483,240
2021-05-26,Marin,041,260295,14069,14061,264,14325,227
2021-05-26,Mariposa,043,17540,432,427,11,438,5
2021-05-26,Mendocino,045,87422,3995,3938,78,4016,47
2021-05-26,Merced,047,269075,31070,31139,1002,32141,455
2021-05-26,Modoc,049,8938,380,371,130,501,3
2021-05-26,Mono,051,14174,1254,1274,12,1286,3
2021-05-26,Monterey,053,433212,43076,43018,1933,44951,379
2021-05-26,Napa,055,140530,9914,9932,33,9965,82
2021-05-26,Nevada,057,99092,4822,4803,196,4999,70
2021-05-26,Orange,059,3164182,254903,254368,11745,266113,5058
2021-05-26,Placer,061,380077,23212,22940,1560,24500,293
2021-05-26,Plumas,063,18699,702,685,12,697,4
2021-05-26,Riverside,065,2383286,291563,288782,14648,303430,4443
2021-05-26,Sacramento,067,1510023,106145,105919,1817,107736,1637
2021-05-26,San Benito,069,59416,6058,6074,118,6192,63
2021-05-26,San Bernardino,071,2135413,292709,292662,9447,302109,4755
2021-05-26,San Diego,073,3302833,280475,279859,14924,294783,3755
2021-05-26,San Francisco,075,870044,36690,36954,1381,38335,546
2021-05-26,San Joaquin,077,732212,73008,72681,3725,76406,1388
2021-05-26,San Luis Obispo,079,281455,21232,21163,781,21944,256
2021-05-26,San Mateo,081,765935,42375,42331,487,42818,436
2021-05-26,Santa Barbara,083,443738,34505,34348,1237,35585,459
2021-05-26,Santa Clara,085,1922200,118193,119421,791,120212,2031
2021-05-26,Santa Cruz,087,273765,16166,16139,875,17014,207
2021-05-26,Shasta,089,179085,12310,12357,1627,13984,202
2021-05-26,Sierra,091,2930,55,54,14,68,0
2021-05-26,Siskiyou,093,43540,1912,1847,380,2227,18
2021-05-26,Solano,095,438530,32823,32831,561,33392,257
2021-05-26,Sonoma,097,501317,30075,30230,340,30570,321
2021-05-26,Stanislaus,099,539301,56225,56193,6182,62375,974
2021-05-26,Sutter,101,95872,9498,9495,93,9588,112
2021-05-26,Tehama,103,63373,5060,5054,604,5658,63
2021-05-26,Trinity,105,12862,406,328,76,404,3
2021-05-26,Tulare,107,460477,49667,49352,9513,58865,839
2021-05-26,Tuolumne,109,53932,4079,4088,36,4124,66
2021-05-26,Ventura,111,848112,81078,80944,3095,84039,1023
2021-05-26,Yolo,113,214977,14022,14025,338,14363,213
2021-05-26,Yuba,115,75493,6053,6036,124,6160,49
2021-05-25,Alameda,001,1643700,88177,88237,2051,90288,1263
2021-05-25,Alpine,003,1148,88,88,0,88,0
2021-05-25,Amador,005,37829,3679,3676,34,3710,46
2021-05-25,Butte,007,227075,12484,12295,1903,14198,189
2021-05-25,Calaveras,009,45235,2168,2148,14,2162,55
2021-05-25,Colusa,011,21464,1941,1949,320,2269,15
2021-05-25,Contra Costa,013,1133247,69544,69167,1342,70509,809
2021-05-25,Del Norte,015,27424,1391,1385,7,1392,8
2021-05-25,El Dorado,017,186661,10252,10240,762,11002,112
2021-05-25,Fresno,019,978130,102157,102329,9000,111329,1701
2021-05-25,Glenn,021,27897,2418,2414,575,2989,17
2021-05-25,Humboldt,023,135768,4265,4231,35,4266,42
2021-05-25,Imperial,025,180216,28488,28586,2906,31492,735
2021-05-25,Inyo,027,18085,1402,1402,4,1406,36
2021-05-25,Kern,029,883053,96954,96319,11312,107631,1319
2021-05-25,Kings,031,150075,22991,22944,1187,24131,245
2021-05-25,Lake,033,64148,3526,3508,9,3517,44
2021-05-25,Lassen,035,31185,5200,5164,117,5281,6
2021-05-25,Los Angeles,037,10098052,1202492,1197940,43777,1241717,24212
2021-05-25,Madera,039,155013,16568,16519,962,17481,240
2021-05-25,Marin,041,260295,14063,14053,264,14317,227
2021-05-25,Mariposa,043,17540,431,427,11,438,5
2021-05-25,Mendocino,045,87422,3990,3928,78,4006,47
2021-05-25,Merced,047,269075,31049,31132,1002,32134,455
2021-05-25,Modoc,049,8938,379,367,130,497,3
2021-05-25,Mono,051,14174,1254,1274,12,1286,3
2021-05-25,Monterey,053,433212,43072,43012,1932,44944,379
2021-05-25,Napa,055,140530,9912,9926,33,9959,82
2021-05-25,Nevada,057,99092,4816,4795,196,4991,70
2021-05-25,Orange,059,3164182,254874,254321,11744,266065,5057
2021-05-25,Placer,061,380077,23201,22920,1558,24478,292
2021-05-25,Plumas,063,18699,702,684,12,696,4
2021-05-25,Riverside,065,2383286,291524,288725,14645,303370,4443
2021-05-25,Sacramento,067,1510023,106065,105828,1813,107641,1633
2021-05-25,San Benito,069,59416,6058,6073,118,6191,63
2021-05-25,San Bernardino,071,2135413,292650,292485,9446,301931,4755
2021-05-25,San Diego,073,3302833,280396,279786,14919,294705,3753
2021-05-25,San Francisco,075,870044,36667,36939,1381,38320,546
2021-05-25,San Joaquin,077,732212,72968,72628,3721,76349,1387
2021-05-25,San Luis Obispo,079,281455,21229,21153,781,21934,256
2021-05-25,San Mateo,081,765935,42365,42268,487,42755,435
2021-05-25,Santa Barbara,083,443738,34502,34337,1237,35574,459
2021-05-25,Santa Clara,085,1922200,118169,119393,790,120183,2032
2021-05-25,Santa Cruz,087,273765,16161,16141,875,17016,207
2021-05-25,Shasta,089,179085,12300,12328,1624,13952,202
2021-05-25,Sierra,091,2930,54,54,14,68,0
2021-05-25,Siskiyou,093,43540,1911,1845,379,2224,18
2021-05-25,Solano,095,438530,32805,32817,560,33377,256
2021-05-25,Sonoma,097,501317,30046,30207,339,30546,321
2021-05-25,Stanislaus,099,539301,56188,56168,6180,62348,974
2021-05-25,Sutter,101,95872,9494,9495,93,9588,112
2021-05-25,Tehama,103,63373,5058,5048,603,5651,63
2021-05-25,Trinity,105,12862,406,328,75,403,3
2021-05-25,Tulare,107,460477,49657,49326,9505,58831,838
2021-05-25,Tuolumne,109,53932,4079,4084,36,4120,66
2021-05-25,Ventura,111,848112,81060,80905,3095,84000,1022
2021-05-25,Yolo,113,214977,14015,14018,336,14354,213
2021-05-25,Yuba,115,75493,6046,6028,124,6152,49
2021-05-24,Alameda,001,1643700,88115,88182,2050,90232,1263
2021-05-24,Alpine,003,1148,88,88,0,88,0
2021-05-24,Amador,005,37829,3677,3675,34,3709,46
2021-05-24,Butte,007,227075,12471,12279,1900,14179,189
2021-05-24,Calaveras,009,45235,2167,2146,14,2160,54
2021-05-24,Colusa,011,21464,1941,1949,320,2269,15
2021-05-24,Contra Costa,013,1133247,69505,69107,1338,70445,809
2021-05-24,Del Norte,015,27424,1390,1384,7,1391,8
2021-05-24,El Dorado,017,186661,10242,10227,761,10988,112
2021-05-24,Fresno,019,978130,102116,102289,8998,111287,1698
2021-05-24,Glenn,021,27897,2418,2413,575,2988,17
2021-05-24,Humboldt,023,135768,4258,4225,35,4260,42
2021-05-24,Imperial,025,180216,28486,28575,2906,31481,735
2021-05-24,Inyo,027,18085,1402,1402,4,1406,36
2021-05-24,Kern,029,883053,96927,96296,11307,107603,1319
2021-05-24,Kings,031,150075,22987,22940,1187,24127,246
2021-05-24,Lake,033,64148,3524,3506,9,3515,43
2021-05-24,Lassen,035,31185,5196,5163,117,5280,6
2021-05-24,Los Angeles,037,10098052,1202320,1197782,43762,1241544,24201
2021-05-24,Madera,039,155013,16565,16513,961,17474,239
2021-05-24,Marin,041,260295,14061,14051,264,14315,227
2021-05-24,Mariposa,043,17540,430,427,11,438,5
2021-05-24,Mendocino,045,87422,3988,3919,78,3997,47
2021-05-24,Merced,047,269075,31039,31128,1001,32129,455
2021-05-24,Modoc,049,8938,379,366,129,495,3
2021-05-24,Mono,051,14174,1254,1270,12,1282,3
2021-05-24,Monterey,053,433212,43067,43005,1931,44936,379
2021-05-24,Napa,055,140530,9912,9924,33,9957,82
2021-05-24,Nevada,057,99092,4813,4790,196,4986,70
2021-05-24,Orange,059,3164182,254839,254287,11734,266021,5056
2021-05-24,Placer,061,380077,23182,22895,1557,24452,292
2021-05-24,Plumas,063,18699,701,683,12,695,4
2021-05-24,Riverside,065,2383286,291471,288669,14634,303303,4442
2021-05-24,Sacramento,067,1510023,105950,105716,1812,107528,1632
2021-05-24,San Benito,069,59416,6058,6072,118,6190,63
2021-05-24,San Bernardino,071,2135413,292612,292343,9445,301788,4747
2021-05-24,San Diego,073,3302833,280287,279715,14909,294624,3749
2021-05-24,San Francisco,075,870044,36648,36934,1380,38314,547
2021-05-24,San Joaquin,077,732212,72936,72586,3720,76306,1371
2021-05-24,San Luis Obispo,079,281455,21211,21146,780,21926,256
2021-05-24,San Mateo,081,765935,42355,42249,487,42736,433
2021-05-24,Santa Barbara,083,443738,34497,34322,1237,35559,459
2021-05-24,Santa Clara,085,1922200,118137,119358,790,120148,2030
2021-05-24,Santa Cruz,087,273765,16156,16135,875,17010,207
2021-05-24,Shasta,089,179085,12284,12315,1621,13936,201
2021-05-24,Sierra,091,2930,54,54,14,68,0
2021-05-24,Siskiyou,093,43540,1908,1840,379,2219,17
2021-05-24,Solano,095,438530,32781,32792,559,33351,254
2021-05-24,Sonoma,097,501317,30031,30187,339,30526,321
2021-05-24,Stanislaus,099,539301,56154,56128,6176,62304,974
2021-05-24,Sutter,101,95872,9488,9486,93,9579,113
2021-05-24,Tehama,103,63373,5055,5043,601,5644,63
2021-05-24,Trinity,105,12862,406,328,75,403,3
2021-05-24,Tulare,107,460477,49650,49318,9501,58819,838
2021-05-24,Tuolumne,109,53932,4079,4083,36,4119,65
2021-05-24,Ventura,111,848112,81047,80876,3093,83969,1022
2021-05-24,Yolo,113,214977,13998,14012,333,14345,213
2021-05-24,Yuba,115,75493,6037,6022,124,6146,49
2021-05-23,Alameda,001,1643700,88044,88157,2047,90204,1263
2021-05-23,Alpine,003,1148,88,88,0,88,0
2021-05-23,Amador,005,37829,3676,3673,34,3707,46
2021-05-23,Butte,007,227075,12457,12271,1899,14170,189
2021-05-23,Calaveras,009,45235,2157,2144,14,2158,54
2021-05-23,Colusa,011,21464,1941,1949,318,2267,15
2021-05-23,Contra Costa,013,1133247,69460,69075,1336,70411,809
2021-05-23,Del Norte,015,27424,1386,1383,7,1390,8
2021-05-23,El Dorado,017,186661,10236,10222,761,10983,112
2021-05-23,Fresno,019,978130,102072,102270,8993,111263,1698
2021-05-23,Glenn,021,27897,2416,2413,575,2988,17
2021-05-23,Humboldt,023,135768,4240,4216,35,4251,42
2021-05-23,Imperial,025,180216,28480,28569,2905,31474,735
2021-05-23,Inyo,027,18085,1402,1402,4,1406,36
2021-05-23,Kern,029,883053,96905,96282,11298,107580,1319
2021-05-23,Kings,031,150075,22974,22939,1185,24124,246
2021-05-23,Lake,033,64148,3521,3504,9,3513,43
2021-05-23,Lassen,035,31185,5192,5163,116,5279,6
2021-05-23,Los Angeles,037,10098052,1202138,1197633,43748,1241381,24197
2021-05-23,Madera,039,155013,16560,16504,960,17464,239
2021-05-23,Marin,041,260295,14052,14048,264,14312,227
2021-05-23,Mariposa,043,17540,430,427,11,438,5
2021-05-23,Mendocino,045,87422,3982,3913,77,3990,47
2021-05-23,Merced,047,269075,31029,31118,1001,32119,455
2021-05-23,Modoc,049,8938,375,366,129,495,3
2021-05-23,Mono,051,14174,1253,1270,12,1282,3
2021-05-23,Monterey,053,433212,43057,43003,1931,44934,379
2021-05-23,Napa,055,140530,9908,9923,33,9956,82
2021-05-23,Nevada,057,99092,4803,4790,196,4986,70
2021-05-23,Orange,059,3164182,254801,254277,11727,266004,5050
2021-05-23,Placer,061,380077,23162,22888,1557,24445,292
2021-05-23,Plumas,063,18699,700,683,12,695,4
2021-05-23,Riverside,065,2383286,291404,288641,14630,303271,4442
2021-05-23,Sacramento,067,1510023,105834,105663,1810,107473,1632
2021-05-23,San Benito,069,59416,6057,6072,118,6190,63
2021-05-23,San Bernardino,071,2135413,292562,292327,9443,301770,4747
2021-05-23,San Diego,073,3302833,280197,279690,14898,294588,3751
2021-05-23,San Francisco,075,870044,36637,36927,1379,38306,547
2021-05-23,San Joaquin,077,732212,72887,72571,3718,76289,1371
2021-05-23,San Luis Obispo,079,281455,21201,21141,779,21920,256
2021-05-23,San Mateo,081,765935,42338,42248,487,42735,433
2021-05-23,Santa Barbara,083,443738,34490,34319,1237,35556,459
2021-05-23,Santa Clara,085,1922200,118113,119333,790,120123,2030
2021-05-23,Santa Cruz,087,273765,16153,16130,875,17005,207
2021-05-23,Shasta,089,179085,12267,12313,1617,13930,201
2021-05-23,Sierra,091,2930,54,54,14,68,0
2021-05-23,Siskiyou,093,43540,1903,1826,372,2198,17
2021-05-23,Solano,095,438530,32763,32780,558,33338,254
2021-05-23,Sonoma,097,501317,30002,30168,338,30506,321
2021-05-23,Stanislaus,099,539301,56104,56104,6173,62277,974
2021-05-23,Sutter,101,95872,9479,9479,93,9572,113
2021-05-23,Tehama,103,63373,5048,5041,599,5640,63
2021-05-23,Trinity,105,12862,406,328,75,403,3
2021-05-23,Tulare,107,460477,49636,49310,9497,58807,838
2021-05-23,Tuolumne,109,53932,4076,4081,36,4117,65
2021-05-23,Ventura,111,848112,81017,80872,3092,83964,1022
2021-05-23,Yolo,113,214977,13986,14004,330,14334,213
2021-05-23,Yuba,115,75493,6032,6017,124,6141,49
2021-05-22,Alameda,001,1643700,88019,88101,2046,90147,1263
2021-05-22,Alpine,003,1148,88,88,0,88,0
2021-05-22,Amador,005,37829,3675,3672,34,3706,46
2021-05-22,Butte,007,227075,12445,12265,1898,14163,189
2021-05-22,Calaveras,009,45235,2155,2141,14,2155,54
2021-05-22,Colusa,011,21464,1937,1949,317,2266,15
2021-05-22,Contra Costa,013,1133247,69427,69004,1335,70339,809
2021-05-22,Del Norte,015,27424,1385,1381,7,1388,8
2021-05-22,El Dorado,017,186661,10231,10215,761,10976,112
2021-05-22,Fresno,019,978130,102058,102238,8991,111229,1698
2021-05-22,Glenn,021,27897,2416,2412,575,2987,17
2021-05-22,Humboldt,023,135768,4231,4194,34,4228,42
2021-05-22,Imperial,025,180216,28471,28574,2905,31479,735
2021-05-22,Inyo,027,18085,1402,1402,4,1406,36
2021-05-22,Kern,029,883053,96893,96260,11291,107551,1319
2021-05-22,Kings,031,150075,22974,22936,1185,24121,246
2021-05-22,Lake,033,64148,3518,3502,9,3511,43
2021-05-22,Lassen,035,31185,5192,5163,116,5279,6
2021-05-22,Los Angeles,037,10098052,1202032,1197454,43739,1241193,24192
2021-05-22,Madera,039,155013,16557,16503,960,17463,239
2021-05-22,Marin,041,260295,14049,14043,264,14307,227
2021-05-22,Mariposa,043,17540,430,427,11,438,5
2021-05-22,Mendocino,045,87422,3976,3908,77,3985,47
2021-05-22,Merced,047,269075,31019,31099,1001,32100,455
2021-05-22,Modoc,049,8938,375,366,129,495,3
2021-05-22,Mono,051,14174,1251,1270,12,1282,3
2021-05-22,Monterey,053,433212,43051,42998,1931,44929,379
2021-05-22,Napa,055,140530,9906,9918,33,9951,82
2021-05-22,Nevada,057,99092,4796,4787,195,4982,70
2021-05-22,Orange,059,3164182,254780,254238,11721,265959,5048
2021-05-22,Placer,061,380077,23148,22865,1556,24421,292
2021-05-22,Plumas,063,18699,699,683,12,695,4
2021-05-22,Riverside,065,2383286,291374,288580,14629,303209,4442
2021-05-22,Sacramento,067,1510023,105759,105551,1807,107358,1632
2021-05-22,San Benito,069,59416,6057,6071,118,6189,63
2021-05-22,San Bernardino,071,2135413,292537,292292,9443,301735,4747
2021-05-22,San Diego,073,3302833,280138,279614,14890,294504,3751
2021-05-22,San Francisco,075,870044,36627,36906,1377,38283,547
2021-05-22,San Joaquin,077,732212,72865,72528,3715,76243,1371
2021-05-22,San Luis Obispo,079,281455,21193,21134,778,21912,256
2021-05-22,San Mateo,081,765935,42328,42218,487,42705,433
2021-05-22,Santa Barbara,083,443738,34486,34313,1236,35549,459
2021-05-22,Santa Clara,085,1922200,118090,119292,790,120082,2030
2021-05-22,Santa Cruz,087,273765,16153,16125,875,17000,207
2021-05-22,Shasta,089,179085,12261,12307,1614,13921,201
2021-05-22,Sierra,091,2930,54,54,14,68,0
2021-05-22,Siskiyou,093,43540,1902,1824,371,2195,17
2021-05-22,Solano,095,438530,32750,32753,558,33311,254
2021-05-22,Sonoma,097,501317,29990,30154,338,30492,321
2021-05-22,Stanislaus,099,539301,56079,56069,6171,62240,974
2021-05-22,Sutter,101,95872,9474,9476,93,9569,113
2021-05-22,Tehama,103,63373,5047,5036,599,5635,63
2021-05-22,Trinity,105,12862,406,328,75,403,3
2021-05-22,Tulare,107,460477,49630,49299,9492,58791,838
2021-05-22,Tuolumne,109,53932,4076,4078,36,4114,65
2021-05-22,Ventura,111,848112,81013,80859,3092,83951,1022
2021-05-22,Yolo,113,214977,13984,13997,330,14327,213
2021-05-22,Yuba,115,75493,6029,6010,124,6134,49
2021-05-21,Alameda,001,1643700,87992,88041,2045,90086,1263
2021-05-21,Alpine,003,1148,88,88,0,88,0
2021-05-21,Amador,005,37829,3672,3672,34,3706,46
2021-05-21,Butte,007,227075,12438,12236,1896,14132,188
2021-05-21,Calaveras,009,45235,2153,2138,14,2152,54
2021-05-21,Colusa,011,21464,1937,1947,317,2264,15
2021-05-21,Contra Costa,013,1133247,69384,68965,1334,70299,810
2021-05-21,Del Norte,015,27424,1384,1376,7,1383,8
2021-05-21,El Dorado,017,186661,10227,10204,761,10965,112
2021-05-21,Fresno,019,978130,102030,102189,8989,111178,1698
2021-05-21,Glenn,021,27897,2416,2408,575,2983,17
2021-05-21,Humboldt,023,135768,4224,4175,34,4209,42
2021-05-21,Imperial,025,180216,28464,28572,2904,31476,732
2021-05-21,Inyo,027,18085,1402,1402,4,1406,36
2021-05-21,Kern,029,883053,96879,96233,11284,107517,1318
2021-05-21,Kings,031,150075,22974,22927,1185,24112,246
2021-05-21,Lake,033,64148,3516,3500,9,3509,43
2021-05-21,Lassen,035,31185,5191,5161,116,5277,6
2021-05-21,Los Angeles,037,10098052,1201922,1197263,43730,1240993,24180
2021-05-21,Madera,039,155013,16556,16500,959,17459,238
2021-05-21,Marin,041,260295,14044,14042,264,14306,227
2021-05-21,Mariposa,043,17540,429,427,11,438,5
2021-05-21,Mendocino,045,87422,3970,3897,77,3974,47
2021-05-21,Merced,047,269075,31011,31076,1001,32077,455
2021-05-21,Modoc,049,8938,375,365,129,494,3
2021-05-21,Mono,051,14174,1251,1269,12,1281,3
2021-05-21,Monterey,053,433212,43049,42995,1931,44926,379
2021-05-21,Napa,055,140530,9902,9913,33,9946,82
2021-05-21,Nevada,057,99092,4795,4779,195,4974,70
2021-05-21,Orange,059,3164182,254761,254171,11718,265889,5042
2021-05-21,Placer,061,380077,23140,22853,1556,24409,292
2021-05-21,Plumas,063,18699,699,683,11,694,4
2021-05-21,Riverside,065,2383286,291347,288499,14622,303121,4442
2021-05-21,Sacramento,067,1510023,105692,105476,1804,107280,1632
2021-05-21,San Benito,069,59416,6057,6068,118,6186,63
2021-05-21,San Bernardino,071,2135413,292506,292205,9440,301645,4744
2021-05-21,San Diego,073,3302833,280067,279554,14880,294434,3748
2021-05-21,San Francisco,075,870044,36621,36879,1377,38256,546
2021-05-21,San Joaquin,077,732212,72846,72467,3713,76180,1371
2021-05-21,San Luis Obispo,079,281455,21187,21128,775,21903,256
2021-05-21,San Mateo,081,765935,42315,42163,486,42649,432
2021-05-21,Santa Barbara,083,443738,34481,34302,1236,35538,459
2021-05-21,Santa Clara,085,1922200,118063,119247,790,120037,2029
2021-05-21,Santa Cruz,087,273765,16149,16120,875,16995,207
2021-05-21,Shasta,089,179085,12244,12289,1612,13901,201
2021-05-21,Sierra,091,2930,54,54,14,68,0
2021-05-21,Siskiyou,093,43540,1901,1815,371,2186,16
2021-05-21,Solano,095,438530,32735,32742,558,33300,254
2021-05-21,Sonoma,097,501317,29977,30126,338,30464,321
2021-05-21,Stanislaus,099,539301,56047,56036,6169,62205,975
2021-05-21,Sutter,101,95872,9472,9470,93,9563,113
2021-05-21,Tehama,103,63373,5041,5030,599,5629,63
2021-05-21,Trinity,105,12862,406,329,74,403,3
2021-05-21,Tulare,107,460477,49625,49271,9490,58761,838
2021-05-21,Tuolumne,109,53932,4074,4079,36,4115,65
2021-05-21,Ventura,111,848112,81005,80821,3089,83910,1021
2021-05-21,Yolo,113,214977,13977,13983,330,14313,213
2021-05-21,Yuba,115,75493,6023,6006,124,6130,49
2021-05-20,Alameda,001,1643700,87945,87975,2044,90019,1264
2021-05-20,Alpine,003,1148,88,88,0,88,0
2021-05-20,Amador,005,37829,3671,3671,34,3705,46
2021-05-20,Butte,007,227075,12431,12220,1893,14113,188
2021-05-20,Calaveras,009,45235,2149,2138,14,2152,54
2021-05-20,Colusa,011,21464,1936,1946,315,2261,15
2021-05-20,Contra Costa,013,1133247,69339,68913,1332,70245,809
2021-05-20,Del Norte,015,27424,1384,1373,7,1380,8
2021-05-20,El Dorado,017,186661,10218,10188,761,10949,112
2021-05-20,Fresno,019,978130,102009,102135,8987,111122,1696
2021-05-20,Glenn,021,27897,2413,2406,575,2981,17
2021-05-20,Humboldt,023,135768,4207,4162,34,4196,42
2021-05-20,Imperial,025,180216,28459,28551,2904,31455,732
2021-05-20,Inyo,027,18085,1402,1402,4,1406,36
2021-05-20,Kern,029,883053,96858,96204,11277,107481,1317
2021-05-20,Kings,031,150075,22972,22922,1185,24107,246
2021-05-20,Lake,033,64148,3513,3500,9,3509,43
2021-05-20,Lassen,035,31185,5189,5160,115,5275,6
2021-05-20,Los Angeles,037,10098052,1201767,1197073,43720,1240793,24168
2021-05-20,Madera,039,155013,16550,16499,957,17456,238
2021-05-20,Marin,041,260295,14040,14036,263,14299,227
2021-05-20,Mariposa,043,17540,429,426,11,437,5
2021-05-20,Mendocino,045,87422,3963,3897,77,3974,47
2021-05-20,Merced,047,269075,30998,31046,1000,32046,454
2021-05-20,Modoc,049,8938,375,365,129,494,3
2021-05-20,Mono,051,14174,1250,1269,12,1281,3
2021-05-20,Monterey,053,433212,43043,42984,1930,44914,379
2021-05-20,Napa,055,140530,9899,9913,33,9946,82
2021-05-20,Nevada,057,99092,4794,4775,195,4970,70
2021-05-20,Orange,059,3164182,254717,254127,11715,265842,5038
2021-05-20,Placer,061,380077,23128,22823,1554,24377,292
2021-05-20,Plumas,063,18699,697,682,11,693,4
2021-05-20,Riverside,065,2383286,291301,288453,14617,303070,4442
2021-05-20,Sacramento,067,1510023,105597,105414,1800,107214,1629
2021-05-20,San Benito,069,59416,6056,6067,118,6185,63
2021-05-20,San Bernardino,071,2135413,292460,292153,9439,301592,4728
2021-05-20,San Diego,073,3302833,279979,279490,14868,294358,3749
2021-05-20,San Francisco,075,870044,36612,36860,1377,38237,546
2021-05-20,San Joaquin,077,732212,72808,72388,3711,76099,1371
2021-05-20,San Luis Obispo,079,281455,21175,21095,773,21868,256
2021-05-20,San Mateo,081,765935,42301,42152,484,42636,432
2021-05-20,Santa Barbara,083,443738,34477,34293,1236,35529,459
2021-05-20,Santa Clara,085,1922200,118042,119222,790,120012,2029
2021-05-20,Santa Cruz,087,273765,16144,16119,875,16994,207
2021-05-20,Shasta,089,179085,12232,12266,1608,13874,200
2021-05-20,Sierra,091,2930,54,54,14,68,0
2021-05-20,Siskiyou,093,43540,1894,1811,370,2181,16
2021-05-20,Solano,095,438530,32720,32725,558,33283,253
2021-05-20,Sonoma,097,501317,29960,30107,337,30444,321
2021-05-20,Stanislaus,099,539301,56016,55979,6167,62146,970
2021-05-20,Sutter,101,95872,9468,9467,93,9560,113
2021-05-20,Tehama,103,63373,5039,5029,599,5628,63
2021-05-20,Trinity,105,12862,406,329,73,402,3
2021-05-20,Tulare,107,460477,49614,49217,9487,58704,837
2021-05-20,Tuolumne,109,53932,4073,4077,36,4113,65
2021-05-20,Ventura,111,848112,80994,80800,3089,83889,1019
2021-05-20,Yolo,113,214977,13972,13973,330,14303,211
2021-05-20,Yuba,115,75493,6014,6002,124,6126,49
2021-05-19,Alameda,001,1643700,87904,87889,2042,89931,1260
2021-05-19,Alpine,003,1148,88,88,0,88,0
2021-05-19,Amador,005,37829,3671,3669,34,3703,46
2021-05-19,Butte,007,227075,12421,12198,1893,14091,188
2021-05-19,Calaveras,009,45235,2145,2132,14,2146,54
2021-05-19,Colusa,011,21464,1936,1945,313,2258,15
2021-05-19,Contra Costa,013,1133247,69292,68836,1332,70168,808
2021-05-19,Del Norte,015,27424,1382,1371,7,1378,8
2021-05-19,El Dorado,017,186661,10213,10179,760,10939,112
2021-05-19,Fresno,019,978130,101980,102085,8983,111068,1693
2021-05-19,Glenn,021,27897,2413,2404,575,2979,17
2021-05-19,Humboldt,023,135768,4197,4143,34,4177,42
2021-05-19,Imperial,025,180216,28450,28550,2904,31454,732
2021-05-19,Inyo,027,18085,1402,1402,4,1406,36
2021-05-19,Kern,029,883053,96830,96173,11269,107442,1316
2021-05-19,Kings,031,150075,22966,22919,1185,24104,246
2021-05-19,Lake,033,64148,3513,3497,9,3506,43
2021-05-19,Lassen,035,31185,5188,5157,115,5272,6
2021-05-19,Los Angeles,037,10098052,1201574,1196856,43705,1240561,24143
2021-05-19,Madera,039,155013,16547,16496,957,17453,238
2021-05-19,Marin,041,260295,14036,14033,261,14294,227
2021-05-19,Mariposa,043,17540,429,425,11,436,5
2021-05-19,Mendocino,045,87422,3959,3886,77,3963,47
2021-05-19,Merced,047,269075,30982,31044,1000,32044,452
2021-05-19,Modoc,049,8938,375,364,127,491,3
2021-05-19,Mono,051,14174,1250,1266,12,1278,3
2021-05-19,Monterey,053,433212,43038,42973,1929,44902,379
2021-05-19,Napa,055,140530,9896,9906,33,9939,82
2021-05-19,Nevada,057,99092,4792,4769,195,4964,70
2021-05-19,Orange,059,3164182,254680,254087,11705,265792,5035
2021-05-19,Placer,061,380077,23110,22784,1548,24332,291
2021-05-19,Plumas,063,18699,697,682,11,693,4
2021-05-19,Riverside,065,2383286,291256,288398,14615,303013,4442
2021-05-19,Sacramento,067,1510023,105520,105225,1799,107024,1629
2021-05-19,San Benito,069,59416,6055,6064,118,6182,63
2021-05-19,San Bernardino,071,2135413,292416,292078,9436,301514,4725
2021-05-19,San Diego,073,3302833,279895,279345,14847,294192,3746
2021-05-19,San Francisco,075,870044,36599,36835,1376,38211,546
2021-05-19,San Joaquin,077,732212,72765,72338,3706,76044,1369
2021-05-19,San Luis Obispo,079,281455,21167,21085,772,21857,256
2021-05-19,San Mateo,081,765935,42294,42126,484,42610,429
2021-05-19,Santa Barbara,083,443738,34469,34292,1236,35528,459
2021-05-19,Santa Clara,085,1922200,118003,119176,789,119965,2015
2021-05-19,Santa Cruz,087,273765,16140,16121,874,16995,207
2021-05-19,Shasta,089,179085,12214,12233,1604,13837,200
2021-05-19,Sierra,091,2930,54,54,14,68,0
2021-05-19,Siskiyou,093,43540,1891,1803,369,2172,16
2021-05-19,Solano,095,438530,32693,32678,556,33234,253
2021-05-19,Sonoma,097,501317,29945,30080,337,30417,321
2021-05-19,Stanislaus,099,539301,55994,55912,6162,62074,967
2021-05-19,Sutter,101,95872,9461,9459,92,9551,113
2021-05-19,Tehama,103,63373,5031,5026,596,5622,63
2021-05-19,Trinity,105,12862,406,329,73,402,3
2021-05-19,Tulare,107,460477,49602,49163,9482,58645,837
2021-05-19,Tuolumne,109,53932,4073,4074,36,4110,64
2021-05-19,Ventura,111,848112,80978,80747,3088,83835,1019
2021-05-19,Yolo,113,214977,13966,13961,329,14290,211
2021-05-19,Yuba,115,75493,6010,5993,124,6117,49
2021-05-18,Alameda,001,1643700,87831,87816,2042,89858,1254
2021-05-18,Alpine,003,1148,88,88,0,88,0
2021-05-18,Amador,005,37829,3671,3669,34,3703,46
2021-05-18,Butte,007,227075,12409,12164,1890,14054,191
2021-05-18,Calaveras,009,45235,2141,2131,14,2145,54
2021-05-18,Colusa,011,21464,1936,1943,313,2256,14
2021-05-18,Contra Costa,013,1133247,69235,68750,1331,70081,808
2021-05-18,Del Norte,015,27424,1379,1371,7,1378,8
2021-05-18,El Dorado,017,186661,10202,10169,759,10928,112
2021-05-18,Fresno,019,978130,101944,102056,8980,111036,1690
2021-05-18,Glenn,021,27897,2407,2403,574,2977,17
2021-05-18,Humboldt,023,135768,4179,4132,34,4166,42
2021-05-18,Imperial,025,180216,28444,28538,2902,31440,730
2021-05-18,Inyo,027,18085,1402,1401,4,1405,36
2021-05-18,Kern,029,883053,96796,96128,11255,107383,1315
2021-05-18,Kings,031,150075,22960,22916,1185,24101,247
2021-05-18,Lake,033,64148,3511,3495,9,3504,43
2021-05-18,Lassen,035,31185,5187,5157,114,5271,6
2021-05-18,Los Angeles,037,10098052,1201397,1196668,43692,1240360,24133
2021-05-18,Madera,039,155013,16537,16491,957,17448,238
2021-05-18,Marin,041,260295,14033,14026,261,14287,227
2021-05-18,Mariposa,043,17540,429,424,11,435,5
2021-05-18,Mendocino,045,87422,3948,3877,76,3953,47
2021-05-18,Merced,047,269075,30963,31036,1000,32036,452
2021-05-18,Modoc,049,8938,374,364,126,490,3
2021-05-18,Mono,051,14174,1249,1265,12,1277,3
2021-05-18,Monterey,053,433212,43032,43001,1929,44930,379
2021-05-18,Napa,055,140530,9896,9905,33,9938,82
2021-05-18,Nevada,057,99092,4785,4762,195,4957,70
2021-05-18,Orange,059,3164182,254640,254041,11695,265736,5031
2021-05-18,Placer,061,380077,23077,22726,1544,24270,291
2021-05-18,Plumas,063,18699,697,682,11,693,4
2021-05-18,Riverside,065,2383286,291204,288354,14608,302962,4438
2021-05-18,Sacramento,067,1510023,105419,105083,1797,106880,1629
2021-05-18,San Benito,069,59416,6054,6065,118,6183,63
2021-05-18,San Bernardino,071,2135413,292365,292014,9431,301445,4722
2021-05-18,San Diego,073,3302833,279787,279254,14838,294092,3742
2021-05-18,San Francisco,075,870044,36579,36818,1376,38194,546
2021-05-18,San Joaquin,077,732212,72719,72282,3702,75984,1368
2021-05-18,San Luis Obispo,079,281455,21157,21080,770,21850,256
2021-05-18,San Mateo,081,765935,42282,42099,483,42582,428
2021-05-18,Santa Barbara,083,443738,34460,34278,1236,35514,459
2021-05-18,Santa Clara,085,1922200,117976,119171,789,119960,2014
2021-05-18,Santa Cruz,087,273765,16132,16137,874,17011,207
2021-05-18,Shasta,089,179085,12196,12197,1598,13795,200
2021-05-18,Sierra,091,2930,54,54,14,68,0
2021-05-18,Siskiyou,093,43540,1890,1799,369,2168,16
2021-05-18,Solano,095,438530,32668,32644,556,33200,253
2021-05-18,Sonoma,097,501317,29925,30054,336,30390,321
2021-05-18,Stanislaus,099,539301,55956,55860,6162,62022,959
2021-05-18,Sutter,101,95872,9453,9453,92,9545,113
2021-05-18,Tehama,103,63373,5027,5020,593,5613,63
2021-05-18,Trinity,105,12862,406,329,72,401,3
2021-05-18,Tulare,107,460477,49594,49142,9477,58619,836
2021-05-18,Tuolumne,109,53932,4071,4073,36,4109,64
2021-05-18,Ventura,111,848112,80963,80726,3085,83811,1017
2021-05-18,Yolo,113,214977,13959,13951,328,14279,211
2021-05-18,Yuba,115,75493,6006,5989,123,6112,49
2021-05-17,Alameda,001,1643700,87779,87766,2039,89805,1253
2021-05-17,Alpine,003,1148,88,88,0,88,0
2021-05-17,Amador,005,37829,3668,3668,34,3702,46
2021-05-17,Butte,007,227075,12401,12144,1890,14034,192
2021-05-17,Calaveras,009,45235,2141,2131,14,2145,53
2021-05-17,Colusa,011,21464,1936,1943,313,2256,14
2021-05-17,Contra Costa,013,1133247,69180,68720,1330,70050,805
2021-05-17,Del Norte,015,27424,1374,1369,7,1376,8
2021-05-17,El Dorado,017,186661,10185,10163,759,10922,112
2021-05-17,Fresno,019,978130,101901,102013,8973,110986,1690
2021-05-17,Glenn,021,27897,2407,2401,574,2975,17
2021-05-17,Humboldt,023,135768,4168,4112,34,4146,42
2021-05-17,Imperial,025,180216,28439,28533,2899,31432,729
2021-05-17,Inyo,027,18085,1402,1401,4,1405,36
2021-05-17,Kern,029,883053,96767,96095,11238,107333,1315
2021-05-17,Kings,031,150075,22957,22918,1185,24103,246
2021-05-17,Lake,033,64148,3506,3489,9,3498,43
2021-05-17,Lassen,035,31185,5184,5156,113,5269,6
2021-05-17,Los Angeles,037,10098052,1201224,1196556,43686,1240242,24123
2021-05-17,Madera,039,155013,16532,16486,957,17443,238
2021-05-17,Marin,041,260295,14027,14021,261,14282,227
2021-05-17,Mariposa,043,17540,428,423,11,434,5
2021-05-17,Mendocino,045,87422,3939,3868,76,3944,46
2021-05-17,Merced,047,269075,30948,31031,1000,32031,450
2021-05-17,Modoc,049,8938,373,362,126,488,3
2021-05-17,Mono,051,14174,1245,1265,12,1277,3
2021-05-17,Monterey,053,433212,43025,42995,1929,44924,379
2021-05-17,Napa,055,140530,9895,9894,33,9927,82
2021-05-17,Nevada,057,99092,4781,4761,194,4955,70
2021-05-17,Orange,059,3164182,254595,253993,11688,265681,5031
2021-05-17,Placer,061,380077,23052,22706,1537,24243,289
2021-05-17,Plumas,063,18699,697,682,11,693,4
2021-05-17,Riverside,065,2383286,291139,288304,14604,302908,4433
2021-05-17,Sacramento,067,1510023,105313,105035,1795,106830,1629
2021-05-17,San Benito,069,59416,6051,6067,118,6185,63
2021-05-17,San Bernardino,071,2135413,292317,291989,9424,301413,4724
2021-05-17,San Diego,073,3302833,279655,279146,14816,293962,3742
2021-05-17,San Francisco,075,870044,36567,36816,1374,38190,546
2021-05-17,San Joaquin,077,732212,72681,72234,3699,75933,1359
2021-05-17,San Luis Obispo,079,281455,21148,21079,768,21847,256
2021-05-17,San Mateo,081,765935,42254,42083,483,42566,428
2021-05-17,Santa Barbara,083,443738,34453,34275,1236,35511,459
2021-05-17,Santa Clara,085,1922200,117939,119116,787,119903,2015
2021-05-17,Santa Cruz,087,273765,16129,16151,874,17025,206
2021-05-17,Shasta,089,179085,12174,12163,1597,13760,200
2021-05-17,Sierra,091,2930,54,54,14,68,0
2021-05-17,Siskiyou,093,43540,1881,1795,366,2161,15
2021-05-17,Solano,095,438530,32650,32627,556,33183,253
2021-05-17,Sonoma,097,501317,29902,30043,335,30378,321
2021-05-17,Stanislaus,099,539301,55905,55839,6155,61994,951
2021-05-17,Sutter,101,95872,9446,9447,92,9539,113
2021-05-17,Tehama,103,63373,5024,5016,592,5608,63
2021-05-17,Trinity,105,12862,406,328,72,400,3
2021-05-17,Tulare,107,460477,49572,49107,9470,58577,836
2021-05-17,Tuolumne,109,53932,4071,4071,36,4107,64
2021-05-17,Ventura,111,848112,80943,80699,3085,83784,1017
2021-05-17,Yolo,113,214977,13953,13941,328,14269,211
2021-05-17,Yuba,115,75493,5998,5987,123,6110,49
2021-05-16,Alameda,001,1643700,87716,87743,2039,89782,1253
2021-05-16,Alpine,003,1148,88,88,0,88,0
2021-05-16,Amador,005,37829,3667,3667,34,3701,46
2021-05-16,Butte,007,227075,12387,12140,1890,14030,192
2021-05-16,Calaveras,009,45235,2139,2129,14,2143,53
2021-05-16,Colusa,011,21464,1934,1943,313,2256,14
2021-05-16,Contra Costa,013,1133247,69112,68694,1327,70021,805
2021-05-16,Del Norte,015,27424,1371,1365,7,1372,8
2021-05-16,El Dorado,017,186661,10169,10159,758,10917,112
2021-05-16,Fresno,019,978130,101857,101987,8967,110954,1690
2021-05-16,Glenn,021,27897,2407,2401,573,2974,17
2021-05-16,Humboldt,023,135768,4153,4104,34,4138,42
2021-05-16,Imperial,025,180216,28428,28516,2898,31414,729
2021-05-16,Inyo,027,18085,1402,1401,4,1405,36
2021-05-16,Kern,029,883053,96734,96083,11217,107300,1315
2021-05-16,Kings,031,150075,22953,22918,1182,24100,246
2021-05-16,Lake,033,64148,3503,3489,9,3498,43
2021-05-16,Lassen,035,31185,5183,5156,113,5269,6
2021-05-16,Los Angeles,037,10098052,1201005,1196397,43669,1240066,24120
2021-05-16,Madera,039,155013,16527,16483,954,17437,238
2021-05-16,Marin,041,260295,14024,14015,261,14276,227
2021-05-16,Mariposa,043,17540,428,423,11,434,5
2021-05-16,Mendocino,045,87422,3929,3863,76,3939,46
2021-05-16,Merced,047,269075,30927,31023,998,32021,450
2021-05-16,Modoc,049,8938,373,362,126,488,3
2021-05-16,Mono,051,14174,1245,1265,12,1277,3
2021-05-16,Monterey,053,433212,43020,42991,1929,44920,379
2021-05-16,Napa,055,140530,9892,9891,33,9924,82
2021-05-16,Nevada,057,99092,4777,4755,194,4949,70
2021-05-16,Orange,059,3164182,254562,253962,11685,265647,5031
2021-05-16,Placer,061,380077,23020,22696,1531,24227,289
2021-05-16,Plumas,063,18699,696,682,11,693,4
2021-05-16,Riverside,065,2383286,291067,288259,14594,302853,4433
2021-05-16,Sacramento,067,1510023,105199,105013,1793,106806,1628
2021-05-16,San Benito,069,59416,6050,6067,117,6184,63
2021-05-16,San Bernardino,071,2135413,292244,291940,9422,301362,4724
2021-05-16,San Diego,073,3302833,279537,279099,14803,293902,3742
2021-05-16,San Francisco,075,870044,36546,36808,1373,38181,546
2021-05-16,San Joaquin,077,732212,72633,72218,3694,75912,1359
2021-05-16,San Luis Obispo,079,281455,21141,21072,767,21839,256
2021-05-16,San Mateo,081,765935,42243,42063,482,42545,428
2021-05-16,Santa Barbara,083,443738,34446,34270,1236,35506,459
2021-05-16,Santa Clara,085,1922200,117910,119098,786,119884,2015
2021-05-16,Santa Cruz,087,273765,16127,16143,874,17017,206
2021-05-16,Shasta,089,179085,12158,12156,1593,13749,200
2021-05-16,Sierra,091,2930,54,54,14,68,0
2021-05-16,Siskiyou,093,43540,1877,1790,365,2155,15
2021-05-16,Solano,095,438530,32616,32619,554,33173,253
2021-05-16,Sonoma,097,501317,29883,30033,335,30368,321
2021-05-16,Stanislaus,099,539301,55850,55814,6143,61957,951
2021-05-16,Sutter,101,95872,9439,9445,92,9537,113
2021-05-16,Tehama,103,63373,5020,5013,591,5604,63
2021-05-16,Trinity,105,12862,406,328,72,400,3
2021-05-16,Tulare,107,460477,49555,49091,9467,58558,837
2021-05-16,Tuolumne,109,53932,4067,4070,36,4106,64
2021-05-16,Ventura,111,848112,80912,80689,3085,83774,1017
2021-05-16,Yolo,113,214977,13938,13938,328,14266,211
2021-05-16,Yuba,115,75493,5995,5987,123,6110,49
2021-05-15,Alameda,001,1643700,87690,87677,2038,89715,1252
2021-05-15,Alpine,003,1148,88,88,0,88,0
2021-05-15,Amador,005,37829,3667,3666,34,3700,46
2021-05-15,Butte,007,227075,12380,12095,1889,13984,192
2021-05-15,Calaveras,009,45235,2138,2126,14,2140,53
2021-05-15,Colusa,011,21464,1934,1941,311,2252,14
2021-05-15,Contra Costa,013,1133247,69066,68658,1327,69985,805
2021-05-15,Del Norte,015,27424,1366,1359,7,1366,8
2021-05-15,El Dorado,017,186661,10157,10156,757,10913,112
2021-05-15,Fresno,019,978130,101821,101957,8964,110921,1690
2021-05-15,Glenn,021,27897,2407,2400,573,2973,17
2021-05-15,Humboldt,023,135768,4143,4080,34,4114,42
2021-05-15,Imperial,025,180216,28425,28504,2897,31401,729
2021-05-15,Inyo,027,18085,1402,1402,4,1406,36
2021-05-15,Kern,029,883053,96721,96061,11201,107262,1315
2021-05-15,Kings,031,150075,22952,22913,1182,24095,246
2021-05-15,Lake,033,64148,3502,3485,9,3494,43
2021-05-15,Lassen,035,31185,5180,5156,112,5268,6
2021-05-15,Los Angeles,037,10098052,1200884,1196255,43655,1239910,24115
2021-05-15,Madera,039,155013,16524,16482,954,17436,238
2021-05-15,Marin,041,260295,14020,14012,261,14273,227
2021-05-15,Mariposa,043,17540,428,423,11,434,5
2021-05-15,Mendocino,045,87422,3926,3861,76,3937,46
2021-05-15,Merced,047,269075,30906,31012,998,32010,450
2021-05-15,Modoc,049,8938,373,362,126,488,3
2021-05-15,Mono,051,14174,1245,1265,12,1277,3
2021-05-15,Monterey,053,433212,43016,42982,1929,44911,379
2021-05-15,Napa,055,140530,9889,9887,33,9920,82
2021-05-15,Nevada,057,99092,4776,4755,194,4949,70
2021-05-15,Orange,059,3164182,254535,253919,11678,265597,5030
2021-05-15,Placer,061,380077,22999,22688,1531,24219,289
2021-05-15,Plumas,063,18699,696,681,11,692,4
2021-05-15,Riverside,065,2383286,291025,288203,14589,302792,4433
2021-05-15,Sacramento,067,1510023,105127,104929,1790,106719,1628
2021-05-15,San Benito,069,59416,6050,6066,117,6183,63
2021-05-15,San Bernardino,071,2135413,292202,291892,9420,301312,4724
2021-05-15,San Diego,073,3302833,279466,278991,14788,293779,3737
2021-05-15,San Francisco,075,870044,36530,36795,1371,38166,546
2021-05-15,San Joaquin,077,732212,72607,72197,3692,75889,1359
2021-05-15,San Luis Obispo,079,281455,21138,21061,766,21827,256
2021-05-15,San Mateo,081,765935,42227,42059,482,42541,428
2021-05-15,Santa Barbara,083,443738,34439,34259,1236,35495,459
2021-05-15,Santa Clara,085,1922200,117890,119060,786,119846,2016
2021-05-15,Santa Cruz,087,273765,16123,16137,874,17011,206
2021-05-15,Shasta,089,179085,12146,12152,1590,13742,200
2021-05-15,Sierra,091,2930,54,54,14,68,0
2021-05-15,Siskiyou,093,43540,1871,1788,363,2151,15
2021-05-15,Solano,095,438530,32607,32604,553,33157,253
2021-05-15,Sonoma,097,501317,29864,30020,335,30355,321
2021-05-15,Stanislaus,099,539301,55818,55795,6136,61931,952
2021-05-15,Sutter,101,95872,9437,9436,92,9528,113
2021-05-15,Tehama,103,63373,5016,5012,589,5601,63
2021-05-15,Trinity,105,12862,406,328,72,400,3
2021-05-15,Tulare,107,460477,49545,49080,9463,58543,837
2021-05-15,Tuolumne,109,53932,4065,4064,36,4100,63
2021-05-15,Ventura,111,848112,80901,80662,3085,83747,1017
2021-05-15,Yolo,113,214977,13931,13932,327,14259,211
2021-05-15,Yuba,115,75493,5992,5979,123,6102,49
2021-05-14,Alameda,001,1643700,87656,87621,2035,89656,1249
2021-05-14,Alpine,003,1148,88,88,0,88,0
2021-05-14,Amador,005,37829,3667,3665,34,3699,46
2021-05-14,Butte,007,227075,12371,12076,1886,13962,192
2021-05-14,Calaveras,009,45235,2134,2121,14,2135,53
2021-05-14,Colusa,011,21464,1933,1940,310,2250,14
2021-05-14,Contra Costa,013,1133247,69024,68589,1325,69914,806
2021-05-14,Del Norte,015,27424,1366,1355,7,1362,8
2021-05-14,El Dorado,017,186661,10150,10143,756,10899,113
2021-05-14,Fresno,019,978130,101792,101917,8958,110875,1688
2021-05-14,Glenn,021,27897,2406,2398,573,2971,17
2021-05-14,Humboldt,023,135768,4135,4050,34,4084,37
2021-05-14,Imperial,025,180216,28418,28485,2896,31381,728
2021-05-14,Inyo,027,18085,1402,1400,4,1404,36
2021-05-14,Kern,029,883053,96691,96033,11192,107225,1311
2021-05-14,Kings,031,150075,22951,22910,1182,24092,246
2021-05-14,Lake,033,64148,3498,3483,9,3492,43
2021-05-14,Lassen,035,31185,5180,5154,112,5266,6
2021-05-14,Los Angeles,037,10098052,1200750,1196038,43650,1239688,24101
2021-05-14,Madera,039,155013,16521,16474,954,17428,238
2021-05-14,Marin,041,260295,14016,14010,261,14271,227
2021-05-14,Mariposa,043,17540,428,422,11,433,5
2021-05-14,Mendocino,045,87422,3924,3855,76,3931,46
2021-05-14,Merced,047,269075,30896,31010,998,32008,450
2021-05-14,Modoc,049,8938,373,362,126,488,3
2021-05-14,Mono,051,14174,1244,1265,12,1277,3
2021-05-14,Monterey,053,433212,43011,42973,1929,44902,380
2021-05-14,Napa,055,140530,9886,9883,33,9916,82
2021-05-14,Nevada,057,99092,4771,4745,194,4939,70
2021-05-14,Orange,059,3164182,254502,253855,11671,265526,5028
2021-05-14,Placer,061,380077,22980,22660,1525,24185,287
2021-05-14,Plumas,063,18699,695,680,11,691,4
2021-05-14,Riverside,065,2383286,290975,288140,14586,302726,4433
2021-05-14,Sacramento,067,1510023,105038,104828,1789,106617,1627
2021-05-14,San Benito,069,59416,6050,6064,117,6181,63
2021-05-14,San Bernardino,071,2135413,292154,291834,9420,301254,4721
2021-05-14,San Diego,073,3302833,279394,278853,14776,293629,3732
2021-05-14,San Francisco,075,870044,36521,36771,1367,38138,545
2021-05-14,San Joaquin,077,732212,72574,72160,3685,75845,1359
2021-05-14,San Luis Obispo,079,281455,21135,21051,765,21816,256
2021-05-14,San Mateo,081,765935,42216,42041,482,42523,428
2021-05-14,Santa Barbara,083,443738,34429,34243,1236,35479,456
2021-05-14,Santa Clara,085,1922200,117861,119006,786,119792,2014
2021-05-14,Santa Cruz,087,273765,16118,16130,874,17004,207
2021-05-14,Shasta,089,179085,12140,12130,1585,13715,200
2021-05-14,Sierra,091,2930,54,54,14,68,0
2021-05-14,Siskiyou,093,43540,1864,1779,362,2141,14
2021-05-14,Solano,095,438530,32587,32585,552,33137,252
2021-05-14,Sonoma,097,501317,29846,30007,335,30342,321
2021-05-14,Stanislaus,099,539301,55782,55752,6130,61882,950
2021-05-14,Sutter,101,95872,9428,9433,90,9523,113
2021-05-14,Tehama,103,63373,5009,5005,589,5594,63
2021-05-14,Trinity,105,12862,406,328,72,400,3
2021-05-14,Tulare,107,460477,49529,49060,9457,58517,836
2021-05-14,Tuolumne,109,53932,4065,4060,36,4096,63
2021-05-14,Ventura,111,848112,80887,80628,3085,83713,1014
2021-05-14,Yolo,113,214977,13926,13922,323,14245,210
2021-05-14,Yuba,115,75493,5988,5970,123,6093,47
2021-05-13,Alameda,001,1643700,87611,87557,2034,89591,1250
2021-05-13,Alpine,003,1148,88,88,0,88,0
2021-05-13,Amador,005,37829,3667,3662,34,3696,46
2021-05-13,Butte,007,227075,12358,12051,1885,13936,196
2021-05-13,Calaveras,009,45235,2134,2120,14,2134,53
2021-05-13,Colusa,011,21464,1932,1939,306,2245,14
2021-05-13,Contra Costa,013,1133247,68976,68522,1324,69846,806
2021-05-13,Del Norte,015,27424,1364,1354,7,1361,8
2021-05-13,El Dorado,017,186661,10148,10133,756,10889,112
2021-05-13,Fresno,019,978130,101763,101862,8957,110819,1687
2021-05-13,Glenn,021,27897,2405,2395,573,2968,17
2021-05-13,Humboldt,023,135768,4117,4027,34,4061,37
2021-05-13,Imperial,025,180216,28403,28468,2894,31362,729
2021-05-13,Inyo,027,18085,1402,1400,4,1404,36
2021-05-13,Kern,029,883053,96668,95996,11173,107169,1311
2021-05-13,Kings,031,150075,22950,22904,1182,24086,246
2021-05-13,Lake,033,64148,3496,3479,9,3488,43
2021-05-13,Lassen,035,31185,5180,5152,111,5263,6
2021-05-13,Los Angeles,037,10098052,1200562,1195504,43636,1239140,24083
2021-05-13,Madera,039,155013,16513,16467,954,17421,238
2021-05-13,Marin,041,260295,14011,14004,259,14263,227
2021-05-13,Mariposa,043,17540,428,422,11,433,5
2021-05-13,Mendocino,045,87422,3920,3846,76,3922,46
2021-05-13,Merced,047,269075,30888,30989,998,31987,450
2021-05-13,Modoc,049,8938,373,362,126,488,3
2021-05-13,Mono,051,14174,1244,1265,12,1277,3
2021-05-13,Monterey,053,433212,42996,42966,1928,44894,380
2021-05-13,Napa,055,140530,9879,9877,33,9910,82
2021-05-13,Nevada,057,99092,4767,4743,193,4936,70
2021-05-13,Orange,059,3164182,254459,253778,11669,265447,5026
2021-05-13,Placer,061,380077,22956,22668,1518,24186,288
2021-05-13,Plumas,063,18699,695,680,11,691,4
2021-05-13,Riverside,065,2383286,290915,288067,14583,302650,4433
2021-05-13,Sacramento,067,1510023,104952,104711,1786,106497,1626
2021-05-13,San Benito,069,59416,6048,6062,117,6179,63
2021-05-13,San Bernardino,071,2135413,292089,291765,9420,301185,4722
2021-05-13,San Diego,073,3302833,279280,278592,14759,293351,3729
2021-05-13,San Francisco,075,870044,36497,36741,1365,38106,544
2021-05-13,San Joaquin,077,732212,72531,72096,3681,75777,1357
2021-05-13,San Luis Obispo,079,281455,21120,21043,764,21807,255
2021-05-13,San Mateo,081,765935,42199,42059,482,42541,426
2021-05-13,Santa Barbara,083,443738,34417,34242,1236,35478,456
2021-05-13,Santa Clara,085,1922200,117834,118952,786,119738,2013
2021-05-13,Santa Cruz,087,273765,16112,16129,874,17003,208
2021-05-13,Shasta,089,179085,12120,12111,1581,13692,200
2021-05-13,Sierra,091,2930,54,54,14,68,0
2021-05-13,Siskiyou,093,43540,1857,1769,359,2128,14
2021-05-13,Solano,095,438530,32574,32548,550,33098,252
2021-05-13,Sonoma,097,501317,29821,29991,335,30326,321
2021-05-13,Stanislaus,099,539301,55745,55678,6124,61802,949
2021-05-13,Sutter,101,95872,9424,9431,88,9519,112
2021-05-13,Tehama,103,63373,5004,4997,589,5586,63
2021-05-13,Trinity,105,12862,405,327,71,398,3
2021-05-13,Tulare,107,460477,49504,49032,9448,58480,837
2021-05-13,Tuolumne,109,53932,4064,4059,36,4095,63
2021-05-13,Ventura,111,848112,80857,80615,3084,83699,1012
2021-05-13,Yolo,113,214977,13917,13914,321,14235,210
2021-05-13,Yuba,115,75493,5979,5962,123,6085,47
2021-05-12,Alameda,001,1643700,87577,87482,2032,89514,1261
2021-05-12,Alpine,003,1148,88,88,0,88,0
2021-05-12,Amador,005,37829,3667,3658,34,3692,46
2021-05-12,Butte,007,227075,12348,12026,1885,13911,199
2021-05-12,Calaveras,009,45235,2131,2119,14,2133,53
2021-05-12,Colusa,011,21464,1930,1939,305,2244,14
2021-05-12,Contra Costa,013,1133247,68917,68462,1318,69780,805
2021-05-12,Del Norte,015,27424,1362,1352,7,1359,8
2021-05-12,El Dorado,017,186661,10139,10123,756,10879,112
2021-05-12,Fresno,019,978130,101715,101838,8946,110784,1688
2021-05-12,Glenn,021,27897,2402,2391,573,2964,17
2021-05-12,Humboldt,023,135768,4089,3982,34,4016,37
2021-05-12,Imperial,025,180216,28385,28443,2891,31334,726
2021-05-12,Inyo,027,18085,1402,1400,4,1404,36
2021-05-12,Kern,029,883053,96632,95955,11166,107121,1310
2021-05-12,Kings,031,150075,22948,22896,1182,24078,246
2021-05-12,Lake,033,64148,3494,3476,9,3485,43
2021-05-12,Lassen,035,31185,5178,5151,111,5262,6
2021-05-12,Los Angeles,037,10098052,1200382,1195318,43620,1238938,24067
2021-05-12,Madera,039,155013,16507,16462,953,17415,238
2021-05-12,Marin,041,260295,14006,13997,259,14256,227
2021-05-12,Mariposa,043,17540,428,422,11,433,5
2021-05-12,Mendocino,045,87422,3910,3836,76,3912,46
2021-05-12,Merced,047,269075,30872,30941,998,31939,450
2021-05-12,Modoc,049,8938,372,362,126,488,3
2021-05-12,Mono,051,14174,1244,1265,12,1277,3
2021-05-12,Monterey,053,433212,42984,42950,1927,44877,380
2021-05-12,Napa,055,140530,9873,9870,33,9903,82
2021-05-12,Nevada,057,99092,4763,4738,193,4931,70
2021-05-12,Orange,059,3164182,254408,253587,11666,265253,5024
2021-05-12,Placer,061,380077,22938,22652,1511,24163,288
2021-05-12,Plumas,063,18699,695,681,11,692,4
2021-05-12,Riverside,065,2383286,290846,287830,14578,302408,4431
2021-05-12,Sacramento,067,1510023,104856,104592,1785,106377,1621
2021-05-12,San Benito,069,59416,6048,6062,117,6179,63
2021-05-12,San Bernardino,071,2135413,292044,291505,9415,300920,4715
2021-05-12,San Diego,073,3302833,279176,278402,14738,293140,3729
2021-05-12,San Francisco,075,870044,36478,36720,1364,38084,544
2021-05-12,San Joaquin,077,732212,72476,72043,3677,75720,1356
2021-05-12,San Luis Obispo,079,281455,21110,21021,764,21785,255
2021-05-12,San Mateo,081,765935,42190,42038,480,42518,426
2021-05-12,Santa Barbara,083,443738,34410,34218,1236,35454,456
2021-05-12,Santa Clara,085,1922200,117791,118897,786,119683,2005
2021-05-12,Santa Cruz,087,273765,16106,16123,874,16997,207
2021-05-12,Shasta,089,179085,12100,12092,1579,13671,200
2021-05-12,Sierra,091,2930,54,54,14,68,0
2021-05-12,Siskiyou,093,43540,1853,1760,357,2117,13
2021-05-12,Solano,095,438530,32550,32519,550,33069,252
2021-05-12,Sonoma,097,501317,29809,29976,335,30311,320
2021-05-12,Stanislaus,099,539301,55706,55632,6115,61747,919
2021-05-12,Sutter,101,95872,9421,9427,88,9515,112
2021-05-12,Tehama,103,63373,5000,4989,589,5578,62
2021-05-12,Trinity,105,12862,405,327,71,398,3
2021-05-12,Tulare,107,460477,49488,49001,9440,58441,838
2021-05-12,Tuolumne,109,53932,4063,4056,36,4092,63
2021-05-12,Ventura,111,848112,80838,80577,3084,83661,1010
2021-05-12,Yolo,113,214977,13910,13910,320,14230,210
2021-05-12,Yuba,115,75493,5976,5956,123,6079,47
2021-05-11,Alameda,001,1643700,87513,87413,2028,89441,1290
2021-05-11,Alpine,003,1148,88,88,0,88,0
2021-05-11,Amador,005,37829,3665,3657,34,3691,46
2021-05-11,Butte,007,227075,12333,12008,1882,13890,199
2021-05-11,Calaveras,009,45235,2131,2118,14,2132,52
2021-05-11,Colusa,011,21464,1929,1939,305,2244,14
2021-05-11,Contra Costa,013,1133247,68857,68406,1317,69723,806
2021-05-11,Del Norte,015,27424,1360,1347,7,1354,8
2021-05-11,El Dorado,017,186661,10133,10108,755,10863,112
2021-05-11,Fresno,019,978130,101670,101792,8940,110732,1686
2021-05-11,Glenn,021,27897,2401,2387,572,2959,17
2021-05-11,Humboldt,023,135768,4068,3964,33,3997,37
2021-05-11,Imperial,025,180216,28377,28413,2887,31300,722
2021-05-11,Inyo,027,18085,1401,1402,4,1406,36
2021-05-11,Kern,029,883053,96606,95938,11152,107090,1310
2021-05-11,Kings,031,150075,22940,22887,1182,24069,246
2021-05-11,Lake,033,64148,3494,3473,9,3482,43
2021-05-11,Lassen,035,31185,5176,5148,111,5259,6
2021-05-11,Los Angeles,037,10098052,1200147,1195100,43607,1238707,24048
2021-05-11,Madera,039,155013,16503,16459,953,17412,238
2021-05-11,Marin,041,260295,13999,13987,259,14246,227
2021-05-11,Mariposa,043,17540,428,421,11,432,5
2021-05-11,Mendocino,045,87422,3902,3821,76,3897,46
2021-05-11,Merced,047,269075,30863,30893,998,31891,449
2021-05-11,Modoc,049,8938,372,362,125,487,3
2021-05-11,Mono,051,14174,1244,1265,12,1277,3
2021-05-11,Monterey,053,433212,42976,42934,1926,44860,380
2021-05-11,Napa,055,140530,9866,9870,33,9903,81
2021-05-11,Nevada,057,99092,4759,4737,193,4930,70
2021-05-11,Orange,059,3164182,254345,253545,11658,265203,5017
2021-05-11,Placer,061,380077,22917,22615,1507,24122,287
2021-05-11,Plumas,063,18699,693,679,11,690,4
2021-05-11,Riverside,065,2383286,290786,287757,14573,302330,4429
2021-05-11,Sacramento,067,1510023,104757,104496,1782,106278,1616
2021-05-11,San Benito,069,59416,6045,6058,117,6175,63
2021-05-11,San Bernardino,071,2135413,291984,291421,9413,300834,4707
2021-05-11,San Diego,073,3302833,279041,278308,14719,293027,3725
2021-05-11,San Francisco,075,870044,36458,36707,1364,38071,543
2021-05-11,San Joaquin,077,732212,72428,71999,3674,75673,1356
2021-05-11,San Luis Obispo,079,281455,21103,21008,762,21770,255
2021-05-11,San Mateo,081,765935,42171,41985,479,42464,425
2021-05-11,Santa Barbara,083,443738,34401,34207,1236,35443,456
2021-05-11,Santa Clara,085,1922200,117745,118857,785,119642,2005
2021-05-11,Santa Cruz,087,273765,16102,16113,874,16987,206
2021-05-11,Shasta,089,179085,12077,12050,1573,13623,200
2021-05-11,Sierra,091,2930,54,54,14,68,0
2021-05-11,Siskiyou,093,43540,1844,1756,355,2111,13
2021-05-11,Solano,095,438530,32533,32499,548,33047,250
2021-05-11,Sonoma,097,501317,29794,29966,335,30301,318
2021-05-11,Stanislaus,099,539301,55656,55589,6111,61700,909
2021-05-11,Sutter,101,95872,9414,9417,88,9505,112
2021-05-11,Tehama,103,63373,4996,4985,588,5573,62
2021-05-11,Trinity,105,12862,405,327,70,397,3
2021-05-11,Tulare,107,460477,49462,48974,9425,58399,837
2021-05-11,Tuolumne,109,53932,4062,4056,36,4092,63
2021-05-11,Ventura,111,848112,80814,80544,3081,83625,1008
2021-05-11,Yolo,113,214977,13897,13902,317,14219,210
2021-05-11,Yuba,115,75493,5967,5950,123,6073,46
2021-05-10,Alameda,001,1643700,87442,87366,2027,89393,1284
2021-05-10,Alpine,003,1148,88,88,0,88,0
2021-05-10,Amador,005,37829,3664,3657,34,3691,46
2021-05-10,Butte,007,227075,12318,11993,1877,13870,199
2021-05-10,Calaveras,009,45235,2124,2118,14,2132,52
2021-05-10,Colusa,011,21464,1929,1939,305,2244,14
2021-05-10,Contra Costa,013,1133247,68794,68357,1317,69674,806
2021-05-10,Del Norte,015,27424,1357,1339,7,1346,8
2021-05-10,El Dorado,017,186661,10119,10093,755,10848,113
2021-05-10,Fresno,019,978130,101639,101755,8934,110689,1682
2021-05-10,Glenn,021,27897,2400,2384,570,2954,17
2021-05-10,Humboldt,023,135768,4038,3961,33,3994,36
2021-05-10,Imperial,025,180216,28363,28397,2883,31280,722
2021-05-10,Inyo,027,18085,1401,1401,4,1405,36
2021-05-10,Kern,029,883053,96563,95920,11138,107058,1310
2021-05-10,Kings,031,150075,22929,22884,1181,24065,246
2021-05-10,Lake,033,64148,3486,3471,9,3480,43
2021-05-10,Lassen,035,31185,5172,5148,111,5259,5
2021-05-10,Los Angeles,037,10098052,1199893,1194976,43589,1238565,24030
2021-05-10,Madera,039,155013,16493,16450,953,17403,238
2021-05-10,Marin,041,260295,13996,13981,259,14240,228
2021-05-10,Mariposa,043,17540,427,420,11,431,5
2021-05-10,Mendocino,045,87422,3896,3818,76,3894,46
2021-05-10,Merced,047,269075,30853,30880,998,31878,448
2021-05-10,Modoc,049,8938,372,361,125,486,3
2021-05-10,Mono,051,14174,1244,1265,12,1277,3
2021-05-10,Monterey,053,433212,42970,42927,1921,44848,380
2021-05-10,Napa,055,140530,9864,9860,33,9893,81
2021-05-10,Nevada,057,99092,4752,4735,193,4928,70
2021-05-10,Orange,059,3164182,254292,253484,11652,265136,5008
2021-05-10,Placer,061,380077,22896,22590,1504,24094,286
2021-05-10,Plumas,063,18699,692,679,11,690,4
2021-05-10,Riverside,065,2383286,290720,287689,14567,302256,4427
2021-05-10,Sacramento,067,1510023,104645,104378,1777,106155,1613
2021-05-10,San Benito,069,59416,6044,6058,117,6175,63
2021-05-10,San Bernardino,071,2135413,291933,291360,9412,300772,4707
2021-05-10,San Diego,073,3302833,278876,278183,14692,292875,3725
2021-05-10,San Francisco,075,870044,36439,36683,1364,38047,543
2021-05-10,San Joaquin,077,732212,72391,71954,3659,75613,1356
2021-05-10,San Luis Obispo,079,281455,21085,20993,761,21754,256
2021-05-10,San Mateo,081,765935,42153,41926,479,42405,424
2021-05-10,Santa Barbara,083,443738,34394,34201,1236,35437,456
2021-05-10,Santa Clara,085,1922200,117686,118822,785,119607,2003
2021-05-10,Santa Cruz,087,273765,16096,16114,874,16988,206
2021-05-10,Shasta,089,179085,12063,12036,1569,13605,200
2021-05-10,Sierra,091,2930,54,54,14,68,0
2021-05-10,Siskiyou,093,43540,1834,1752,353,2105,13
2021-05-10,Solano,095,438530,32513,32466,546,33012,250
2021-05-10,Sonoma,097,501317,29779,29955,334,30289,318
2021-05-10,Stanislaus,099,539301,55581,55541,6105,61646,898
2021-05-10,Sutter,101,95872,9408,9412,88,9500,111
2021-05-10,Tehama,103,63373,4992,4980,588,5568,62
2021-05-10,Trinity,105,12862,405,327,68,395,3
2021-05-10,Tulare,107,460477,49438,48956,9419,58375,837
2021-05-10,Tuolumne,109,53932,4058,4054,36,4090,63
2021-05-10,Ventura,111,848112,80798,80501,3079,83580,1008
2021-05-10,Yolo,113,214977,13885,13898,315,14213,209
2021-05-10,Yuba,115,75493,5965,5942,123,6065,46
2021-05-09,Alameda,001,1643700,87371,87292,2024,89316,1284
2021-05-09,Alpine,003,1148,88,88,0,88,0
2021-05-09,Amador,005,37829,3662,3655,34,3689,46
2021-05-09,Butte,007,227075,12299,11985,1873,13858,199
2021-05-09,Calaveras,009,45235,2123,2116,14,2130,52
2021-05-09,Colusa,011,21464,1928,1940,305,2245,14
2021-05-09,Contra Costa,013,1133247,68730,68302,1315,69617,806
2021-05-09,Del Norte,015,27424,1350,1338,7,1345,8
2021-05-09,El Dorado,017,186661,10105,10089,752,10841,113
2021-05-09,Fresno,019,978130,101601,101729,8925,110654,1682
2021-05-09,Glenn,021,27897,2393,2382,567,2949,17
2021-05-09,Humboldt,023,135768,4018,3950,33,3983,36
2021-05-09,Imperial,025,180216,28340,28388,2876,31264,722
2021-05-09,Inyo,027,18085,1401,1401,3,1404,36
2021-05-09,Kern,029,883053,96535,95903,11127,107030,1310
2021-05-09,Kings,031,150075,22920,22878,1181,24059,246
2021-05-09,Lake,033,64148,3482,3471,9,3480,43
2021-05-09,Lassen,035,31185,5170,5147,111,5258,5
2021-05-09,Los Angeles,037,10098052,1199634,1194820,43574,1238394,24026
2021-05-09,Madera,039,155013,16484,16444,947,17391,238
2021-05-09,Marin,041,260295,13985,13979,258,14237,228
2021-05-09,Mariposa,043,17540,424,420,11,431,5
2021-05-09,Mendocino,045,87422,3886,3814,76,3890,46
2021-05-09,Merced,047,269075,30830,30883,998,31881,448
2021-05-09,Modoc,049,8938,372,360,125,485,3
2021-05-09,Mono,051,14174,1244,1264,12,1276,3
2021-05-09,Monterey,053,433212,42953,42918,1921,44839,380
2021-05-09,Napa,055,140530,9853,9857,33,9890,81
2021-05-09,Nevada,057,99092,4745,4727,193,4920,70
2021-05-09,Orange,059,3164182,254239,253451,11644,265095,5008
2021-05-09,Placer,061,380077,22870,22566,1501,24067,286
2021-05-09,Plumas,063,18699,691,679,11,690,4
2021-05-09,Riverside,065,2383286,290642,287644,14561,302205,4427
2021-05-09,Sacramento,067,1510023,104498,104309,1770,106079,1612
2021-05-09,San Benito,069,59416,6042,6056,117,6173,63
2021-05-09,San Bernardino,071,2135413,291851,291337,9406,300743,4707
2021-05-09,San Diego,073,3302833,278709,277950,14670,292620,3725
2021-05-09,San Francisco,075,870044,36413,36669,1362,38031,543
2021-05-09,San Joaquin,077,732212,72345,71927,3658,75585,1356
2021-05-09,San Luis Obispo,079,281455,21075,20999,761,21760,256
2021-05-09,San Mateo,081,765935,42124,41903,479,42382,424
2021-05-09,Santa Barbara,083,443738,34381,34196,1235,35431,456
2021-05-09,Santa Clara,085,1922200,117632,118798,784,119582,2003
2021-05-09,Santa Cruz,087,273765,16090,16094,874,16968,206
2021-05-09,Shasta,089,179085,12033,12034,1564,13598,200
2021-05-09,Sierra,091,2930,54,54,14,68,0
2021-05-09,Siskiyou,093,43540,1828,1741,350,2091,13
2021-05-09,Solano,095,438530,32474,32434,543,32977,250
2021-05-09,Sonoma,097,501317,29765,29953,333,30286,318
2021-05-09,Stanislaus,099,539301,55514,55511,6101,61612,898
2021-05-09,Sutter,101,95872,9402,9413,88,9501,111
2021-05-09,Tehama,103,63373,4987,4979,588,5567,62
2021-05-09,Trinity,105,12862,405,327,68,395,3
2021-05-09,Tulare,107,460477,49411,48948,9414,58362,837
2021-05-09,Tuolumne,109,53932,4057,4053,36,4089,63
2021-05-09,Ventura,111,848112,80783,80487,3078,83565,1008
2021-05-09,Yolo,113,214977,13874,13897,314,14211,209
2021-05-09,Yuba,115,75493,5959,5934,123,6057,46
2021-05-08,Alameda,001,1643700,87329,87213,2020,89233,1284
2021-05-08,Alpine,003,1148,88,88,0,88,0
2021-05-08,Amador,005,37829,3660,3652,34,3686,46
2021-05-08,Butte,007,227075,12287,11962,1872,13834,199
2021-05-08,Calaveras,009,45235,2122,2114,14,2128,52
2021-05-08,Colusa,011,21464,1928,1939,305,2244,14
2021-05-08,Contra Costa,013,1133247,68697,68223,1313,69536,803
2021-05-08,Del Norte,015,27424,1347,1335,7,1342,8
2021-05-08,El Dorado,017,186661,10091,10079,752,10831,113
2021-05-08,Fresno,019,978130,101566,101676,8920,110596,1682
2021-05-08,Glenn,021,27897,2391,2382,565,2947,17
2021-05-08,Humboldt,023,135768,4002,3939,33,3972,36
2021-05-08,Imperial,025,180216,28332,28373,2876,31249,721
2021-05-08,Inyo,027,18085,1401,1402,3,1405,36
2021-05-08,Kern,029,883053,96511,95880,11114,106994,1310
2021-05-08,Kings,031,150075,22917,22872,1180,24052,246
2021-05-08,Lake,033,64148,3481,3470,9,3479,43
2021-05-08,Lassen,035,31185,5169,5145,111,5256,5
2021-05-08,Los Angeles,037,10098052,1199487,1194584,43558,1238142,24022
2021-05-08,Madera,039,155013,16480,16442,947,17389,238
2021-05-08,Marin,041,260295,13982,13974,257,14231,228
2021-05-08,Mariposa,043,17540,424,420,11,431,5
2021-05-08,Mendocino,045,87422,3881,3810,75,3885,46
2021-05-08,Merced,047,269075,30821,30876,998,31874,448
2021-05-08,Modoc,049,8938,372,360,124,484,3
2021-05-08,Mono,051,14174,1244,1262,12,1274,3
2021-05-08,Monterey,053,433212,42948,42914,1920,44834,380
2021-05-08,Napa,055,140530,9846,9853,33,9886,81
2021-05-08,Nevada,057,99092,4742,4716,193,4909,70
2021-05-08,Orange,059,3164182,254203,253412,11641,265053,5006
2021-05-08,Placer,061,380077,22852,22547,1499,24046,286
2021-05-08,Plumas,063,18699,690,679,11,690,4
2021-05-08,Riverside,065,2383286,290600,287574,14559,302133,4427
2021-05-08,Sacramento,067,1510023,104414,104208,1766,105974,1610
2021-05-08,San Benito,069,59416,6041,6048,117,6165,63
2021-05-08,San Bernardino,071,2135413,291807,291296,9406,300702,4707
2021-05-08,San Diego,073,3302833,278625,277760,14652,292412,3725
2021-05-08,San Francisco,075,870044,36390,36642,1362,38004,543
2021-05-08,San Joaquin,077,732212,72316,71869,3649,75518,1356
2021-05-08,San Luis Obispo,079,281455,21064,20992,761,21753,256
2021-05-08,San Mateo,081,765935,42113,41871,479,42350,424
2021-05-08,Santa Barbara,083,443738,34368,34185,1235,35420,456
2021-05-08,Santa Clara,085,1922200,117601,118751,784,119535,2003
2021-05-08,Santa Cruz,087,273765,16087,16089,874,16963,206
2021-05-08,Shasta,089,179085,12023,12030,1560,13590,200
2021-05-08,Sierra,091,2930,54,54,14,68,0
2021-05-08,Siskiyou,093,43540,1827,1741,346,2087,13
2021-05-08,Solano,095,438530,32449,32395,541,32936,249
2021-05-08,Sonoma,097,501317,29752,29942,333,30275,318
2021-05-08,Stanislaus,099,539301,55481,55467,6097,61564,898
2021-05-08,Sutter,101,95872,9399,9413,88,9501,111
2021-05-08,Tehama,103,63373,4985,4977,588,5565,62
2021-05-08,Trinity,105,12862,405,327,68,395,3
2021-05-08,Tulare,107,460477,49397,48929,9404,58333,837
2021-05-08,Tuolumne,109,53932,4056,4050,36,4086,63
2021-05-08,Ventura,111,848112,80772,80481,3075,83556,1008
2021-05-08,Yolo,113,214977,13871,13894,313,14207,209
2021-05-08,Yuba,115,75493,5951,5928,123,6051,46
2021-05-07,Alameda,001,1643700,87278,87128,2019,89147,1280
2021-05-07,Alpine,003,1148,88,88,0,88,0
2021-05-07,Amador,005,37829,3657,3651,34,3685,46
2021-05-07,Butte,007,227075,12269,11943,1867,13810,199
2021-05-07,Calaveras,009,45235,2120,2114,14,2128,52
2021-05-07,Colusa,011,21464,1928,1937,305,2242,14
2021-05-07,Contra Costa,013,1133247,68651,68156,1311,69467,804
2021-05-07,Del Norte,015,27424,1342,1329,7,1336,8
2021-05-07,El Dorado,017,186661,10078,10065,750,10815,112
2021-05-07,Fresno,019,978130,101533,101625,8919,110544,1684
2021-05-07,Glenn,021,27897,2388,2381,564,2945,17
2021-05-07,Humboldt,023,135768,3987,3919,33,3952,36
2021-05-07,Imperial,025,180216,28324,28352,2875,31227,721
2021-05-07,Inyo,027,18085,1401,1402,3,1405,36
2021-05-07,Kern,029,883053,96498,95839,11102,106941,1308
2021-05-07,Kings,031,150075,22916,22857,1179,24036,246
2021-05-07,Lake,033,64148,3479,3467,9,3476,43
2021-05-07,Lassen,035,31185,5168,5144,110,5254,5
2021-05-07,Los Angeles,037,10098052,1199316,1194294,43548,1237842,24008
2021-05-07,Madera,039,155013,16475,16439,947,17386,238
2021-05-07,Marin,041,260295,13978,13968,257,14225,228
2021-05-07,Mariposa,043,17540,423,419,11,430,5
2021-05-07,Mendocino,045,87422,3875,3805,75,3880,46
2021-05-07,Merced,047,269075,30818,30862,998,31860,446
2021-05-07,Modoc,049,8938,372,360,124,484,3
2021-05-07,Mono,051,14174,1243,1261,12,1273,3
2021-05-07,Monterey,053,433212,42942,42909,1918,44827,380
2021-05-07,Napa,055,140530,9845,9849,33,9882,81
2021-05-07,Nevada,057,99092,4738,4704,193,4897,70
2021-05-07,Orange,059,3164182,254166,253338,11631,264969,5000
2021-05-07,Placer,061,380077,22833,22524,1496,24020,286
2021-05-07,Plumas,063,18699,690,678,11,689,4
2021-05-07,Riverside,065,2383286,290543,287479,14558,302037,4426
2021-05-07,Sacramento,067,1510023,104341,104068,1761,105829,1609
2021-05-07,San Benito,069,59416,6040,6048,117,6165,63
2021-05-07,San Bernardino,071,2135413,291764,291185,9401,300586,4697
2021-05-07,San Diego,073,3302833,278541,277534,14637,292171,3718
2021-05-07,San Francisco,075,870044,36377,36616,1361,37977,543
2021-05-07,San Joaquin,077,732212,72276,71804,3647,75451,1351
2021-05-07,San Luis Obispo,079,281455,21057,20979,761,21740,256
2021-05-07,San Mateo,081,765935,42097,41844,479,42323,424
2021-05-07,Santa Barbara,083,443738,34358,34166,1235,35401,453
2021-05-07,Santa Clara,085,1922200,117568,118691,783,119474,2002
2021-05-07,Santa Cruz,087,273765,16084,16074,874,16948,206
2021-05-07,Shasta,089,179085,12001,12005,1558,13563,200
2021-05-07,Sierra,091,2930,54,54,14,68,0
2021-05-07,Siskiyou,093,43540,1824,1723,346,2069,13
2021-05-07,Solano,095,438530,32422,32352,539,32891,249
2021-05-07,Sonoma,097,501317,29734,29925,331,30256,318
2021-05-07,Stanislaus,099,539301,55440,55407,6091,61498,896
2021-05-07,Sutter,101,95872,9399,9407,87,9494,111
2021-05-07,Tehama,103,63373,4978,4974,588,5562,57
2021-05-07,Trinity,105,12862,405,327,68,395,3
2021-05-07,Tulare,107,460477,49380,48913,9399,58312,837
2021-05-07,Tuolumne,109,53932,4054,4048,36,4084,63
2021-05-07,Ventura,111,848112,80748,80444,3075,83519,1008
2021-05-07,Yolo,113,214977,13866,13875,312,14187,209
2021-05-07,Yuba,115,75493,5941,5910,123,6033,46
2021-05-06,Alameda,001,1643700,87200,87028,2015,89043,1278
2021-05-06,Alpine,003,1148,88,88,0,88,0
2021-05-06,Amador,005,37829,3655,3650,34,3684,46
2021-05-06,Butte,007,227075,12249,11929,1862,13791,198
2021-05-06,Calaveras,009,45235,2119,2111,14,2125,52
2021-05-06,Colusa,011,21464,1928,1935,305,2240,14
2021-05-06,Contra Costa,013,1133247,68596,68076,1308,69384,802
2021-05-06,Del Norte,015,27424,1334,1324,7,1331,6
2021-05-06,El Dorado,017,186661,10071,10048,750,10798,112
2021-05-06,Fresno,019,978130,101492,101536,8913,110449,1680
2021-05-06,Glenn,021,27897,2387,2380,563,2943,17
2021-05-06,Humboldt,023,135768,3963,3898,32,3930,36
2021-05-06,Imperial,025,180216,28313,28311,2874,31185,720
2021-05-06,Inyo,027,18085,1401,1401,3,1404,36
2021-05-06,Kern,029,883053,96473,95801,11085,106886,1307
2021-05-06,Kings,031,150075,22909,22848,1178,24026,246
2021-05-06,Lake,033,64148,3478,3465,9,3474,43
2021-05-06,Lassen,035,31185,5167,5143,110,5253,1
2021-05-06,Los Angeles,037,10098052,1199076,1193954,43531,1237485,23991
2021-05-06,Madera,039,155013,16467,16430,947,17377,238
2021-05-06,Marin,041,260295,13974,13956,257,14213,228
2021-05-06,Mariposa,043,17540,422,419,11,430,5
2021-05-06,Mendocino,045,87422,3864,3802,75,3877,46
2021-05-06,Merced,047,269075,30803,30863,997,31860,444
2021-05-06,Modoc,049,8938,372,360,124,484,3
2021-05-06,Mono,051,14174,1241,1261,12,1273,3
2021-05-06,Monterey,053,433212,42927,42899,1918,44817,379
2021-05-06,Napa,055,140530,9839,9843,33,9876,81
2021-05-06,Nevada,057,99092,4737,4687,193,4880,70
2021-05-06,Orange,059,3164182,254098,253286,11624,264910,4991
2021-05-06,Placer,061,380077,22811,22493,1496,23989,286
2021-05-06,Plumas,063,18699,690,678,11,689,4
2021-05-06,Riverside,065,2383286,290470,287399,14553,301952,4422
2021-05-06,Sacramento,067,1510023,104225,103956,1758,105714,1609
2021-05-06,San Benito,069,59416,6039,6045,117,6162,63
2021-05-06,San Bernardino,071,2135413,291693,291085,9400,300485,4683
2021-05-06,San Diego,073,3302833,278417,277324,14614,291938,3716
2021-05-06,San Francisco,075,870044,36362,36599,1361,37960,543
2021-05-06,San Joaquin,077,732212,72221,71729,3644,75373,1350
2021-05-06,San Luis Obispo,079,281455,21045,20965,759,21724,256
2021-05-06,San Mateo,081,765935,42079,41802,478,42280,424
2021-05-06,Santa Barbara,083,443738,34345,34152,1235,35387,453
2021-05-06,Santa Clara,085,1922200,117527,118591,783,119374,2001
2021-05-06,Santa Cruz,087,273765,16077,16050,874,16924,206
2021-05-06,Shasta,089,179085,11979,11983,1552,13535,199
2021-05-06,Sierra,091,2930,54,54,14,68,0
2021-05-06,Siskiyou,093,43540,1815,1711,344,2055,12
2021-05-06,Solano,095,438530,32396,32320,531,32851,249
2021-05-06,Sonoma,097,501317,29726,29911,331,30242,318
2021-05-06,Stanislaus,099,539301,55383,55323,6088,61411,834
2021-05-06,Sutter,101,95872,9393,9396,87,9483,111
2021-05-06,Tehama,103,63373,4973,4970,588,5558,53
2021-05-06,Trinity,105,12862,405,327,68,395,3
2021-05-06,Tulare,107,460477,49356,48890,9384,58274,836
2021-05-06,Tuolumne,109,53932,4050,4047,36,4083,63
2021-05-06,Ventura,111,848112,80717,80411,3072,83483,1005
2021-05-06,Yolo,113,214977,13858,13871,308,14179,209
2021-05-06,Yuba,115,75493,5929,5901,123,6024,46
2021-05-05,Alameda,001,1643700,87139,86950,2013,88963,1278
2021-05-05,Alpine,003,1148,88,88,0,88,0
2021-05-05,Amador,005,37829,3652,3650,34,3684,46
2021-05-05,Butte,007,227075,12231,11907,1859,13766,198
2021-05-05,Calaveras,009,45235,2115,2103,14,2117,52
2021-05-05,Colusa,011,21464,1927,1933,305,2238,14
2021-05-05,Contra Costa,013,1133247,68531,67997,1303,69300,803
2021-05-05,Del Norte,015,27424,1331,1317,7,1324,6
2021-05-05,El Dorado,017,186661,10060,10020,749,10769,111
2021-05-05,Fresno,019,978130,101443,101491,8904,110395,1680
2021-05-05,Glenn,021,27897,2384,2380,562,2942,17
2021-05-05,Humboldt,023,135768,3944,3886,31,3917,36
2021-05-05,Imperial,025,180216,28272,28295,2867,31162,720
2021-05-05,Inyo,027,18085,1400,1401,3,1404,36
2021-05-05,Kern,029,883053,96429,95753,11081,106834,1304
2021-05-05,Kings,031,150075,22903,22840,1177,24017,246
2021-05-05,Lake,033,64148,3475,3458,9,3467,43
2021-05-05,Lassen,035,31185,5167,5143,109,5252,1
2021-05-05,Los Angeles,037,10098052,1198811,1193608,43518,1237126,23977
2021-05-05,Madera,039,155013,16465,16423,947,17370,235
2021-05-05,Marin,041,260295,13966,13950,256,14206,228
2021-05-05,Mariposa,043,17540,422,418,11,429,5
2021-05-05,Mendocino,045,87422,3860,3799,75,3874,46
2021-05-05,Merced,047,269075,30782,30844,997,31841,444
2021-05-05,Modoc,049,8938,371,361,123,484,3
2021-05-05,Mono,051,14174,1241,1260,12,1272,3
2021-05-05,Monterey,053,433212,42914,42870,1915,44785,379
2021-05-05,Napa,055,140530,9833,9833,33,9866,81
2021-05-05,Nevada,057,99092,4734,4666,193,4859,70
2021-05-05,Orange,059,3164182,254043,253237,11619,264856,4978
2021-05-05,Placer,061,380077,22779,22362,1492,23854,287
2021-05-05,Plumas,063,18699,690,677,11,688,4
2021-05-05,Riverside,065,2383286,290381,287353,14543,301896,4414
2021-05-05,Sacramento,067,1510023,104137,103476,1753,105229,1607
2021-05-05,San Benito,069,59416,6030,6046,117,6163,63
2021-05-05,San Bernardino,071,2135413,291620,291008,9396,300404,4677
2021-05-05,San Diego,073,3302833,278279,277098,14594,291692,3716
2021-05-05,San Francisco,075,870044,36347,36577,1360,37937,543
2021-05-05,San Joaquin,077,732212,72169,71638,3641,75279,1345
2021-05-05,San Luis Obispo,079,281455,21037,20958,759,21717,256
2021-05-05,San Mateo,081,765935,42048,41755,477,42232,415
2021-05-05,Santa Barbara,083,443738,34331,34139,1234,35373,453
2021-05-05,Santa Clara,085,1922200,117497,118482,779,119261,1992
2021-05-05,Santa Cruz,087,273765,16071,16013,874,16887,207
2021-05-05,Shasta,089,179085,11963,11939,1548,13487,200
2021-05-05,Sierra,091,2930,54,54,14,68,0
2021-05-05,Siskiyou,093,43540,1798,1706,336,2042,11
2021-05-05,Solano,095,438530,32361,32250,529,32779,249
2021-05-05,Sonoma,097,501317,29713,29879,331,30210,318
2021-05-05,Stanislaus,099,539301,55325,55231,6086,61317,807
2021-05-05,Sutter,101,95872,9387,9387,87,9474,111
2021-05-05,Tehama,103,63373,4970,4968,588,5556,53
2021-05-05,Trinity,105,12862,405,326,68,394,3
2021-05-05,Tulare,107,460477,49334,48875,9375,58250,835
2021-05-05,Tuolumne,109,53932,4047,4040,36,4076,63
2021-05-05,Ventura,111,848112,80688,80372,3068,83440,1005
2021-05-05,Yolo,113,214977,13854,13846,306,14152,209
2021-05-05,Yuba,115,75493,5919,5895,122,6017,44
2021-05-04,Alameda,001,1643700,87047,86894,2013,88907,1277
2021-05-04,Alpine,003,1148,88,88,0,88,0
2021-05-04,Amador,005,37829,3652,3650,34,3684,46
2021-05-04,Butte,007,227075,12207,11883,1857,13740,198
2021-05-04,Calaveras,009,45235,2110,2100,14,2114,52
2021-05-04,Colusa,011,21464,1926,1933,305,2238,14
2021-05-04,Contra Costa,013,1133247,68453,67931,1299,69230,799
2021-05-04,Del Norte,015,27424,1331,1314,7,1321,6
2021-05-04,El Dorado,017,186661,10049,10009,745,10754,110
2021-05-04,Fresno,019,978130,101388,101451,8897,110348,1677
2021-05-04,Glenn,021,27897,2381,2379,559,2938,17
2021-05-04,Humboldt,023,135768,3918,3877,31,3908,36
2021-05-04,Imperial,025,180216,28252,28276,2863,31139,720
2021-05-04,Inyo,027,18085,1400,1399,3,1402,36
2021-05-04,Kern,029,883053,96393,95720,11063,106783,1301
2021-05-04,Kings,031,150075,22889,22822,1174,23996,246
2021-05-04,Lake,033,64148,3474,3454,9,3463,43
2021-05-04,Lassen,035,31185,5166,5142,109,5251,1
2021-05-04,Los Angeles,037,10098052,1198523,1193453,43506,1236959,23957
2021-05-04,Madera,039,155013,16464,16418,947,17365,235
2021-05-04,Marin,041,260295,13959,13935,256,14191,228
2021-05-04,Mariposa,043,17540,422,418,11,429,5
2021-05-04,Mendocino,045,87422,3855,3794,75,3869,46
2021-05-04,Merced,047,269075,30765,30829,997,31826,444
2021-05-04,Modoc,049,8938,370,360,122,482,3
2021-05-04,Mono,051,14174,1241,1260,12,1272,3
2021-05-04,Monterey,053,433212,42902,42845,1914,44759,380
2021-05-04,Napa,055,140530,9824,9824,33,9857,81
2021-05-04,Nevada,057,99092,4727,4656,193,4849,70
2021-05-04,Orange,059,3164182,253976,253177,11609,264786,4977
2021-05-04,Placer,061,380077,22750,22326,1489,23815,287
2021-05-04,Plumas,063,18699,689,675,11,686,4
2021-05-04,Riverside,065,2383286,290298,287285,14536,301821,4411
2021-05-04,Sacramento,067,1510023,104008,103383,1748,105131,1604
2021-05-04,San Benito,069,59416,6029,6039,117,6156,63
2021-05-04,San Bernardino,071,2135413,291542,290934,9389,300323,4668
2021-05-04,San Diego,073,3302833,278113,276879,14577,291456,3713
2021-05-04,San Francisco,075,870044,36329,36550,1360,37910,541
2021-05-04,San Joaquin,077,732212,72108,71582,3636,75218,1342
2021-05-04,San Luis Obispo,079,281455,21032,20923,757,21680,255
2021-05-04,San Mateo,081,765935,42022,41708,477,42185,415
2021-05-04,Santa Barbara,083,443738,34315,34131,1234,35365,453
2021-05-04,Santa Clara,085,1922200,117434,118431,778,119209,1988
2021-05-04,Santa Cruz,087,273765,16065,16005,874,16879,207
2021-05-04,Shasta,089,179085,11943,11923,1542,13465,198
2021-05-04,Sierra,091,2930,54,54,14,68,0
2021-05-04,Siskiyou,093,43540,1791,1694,334,2028,11
2021-05-04,Solano,095,438530,32320,32220,527,32747,249
2021-05-04,Sonoma,097,501317,29693,29867,330,30197,318
2021-05-04,Stanislaus,099,539301,55270,55165,6082,61247,807
2021-05-04,Sutter,101,95872,9382,9375,87,9462,111
2021-05-04,Tehama,103,63373,4968,4959,587,5546,53
2021-05-04,Trinity,105,12862,405,326,68,394,3
2021-05-04,Tulare,107,460477,49308,48857,9365,58222,835
2021-05-04,Tuolumne,109,53932,4045,4041,36,4077,61
2021-05-04,Ventura,111,848112,80659,80351,3066,83417,1005
2021-05-04,Yolo,113,214977,13841,13820,304,14124,208
2021-05-04,Yuba,115,75493,5913,5891,122,6013,44
2021-05-03,Alameda,001,1643700,86969,86845,2007,88852,1272
2021-05-03,Alpine,003,1148,88,88,0,88,0
2021-05-03,Amador,005,37829,3652,3651,34,3685,46
2021-05-03,Butte,007,227075,12197,11864,1854,13718,198
2021-05-03,Calaveras,009,45235,2109,2099,14,2113,50
2021-05-03,Colusa,011,21464,1925,1931,303,2234,14
2021-05-03,Contra Costa,013,1133247,68394,67895,1295,69190,799
2021-05-03,Del Norte,015,27424,1326,1306,6,1312,6
2021-05-03,El Dorado,017,186661,10031,9984,740,10724,110
2021-05-03,Fresno,019,978130,101335,101405,8886,110291,1678
2021-05-03,Glenn,021,27897,2381,2375,558,2933,17
2021-05-03,Humboldt,023,135768,3903,3865,31,3896,36
2021-05-03,Imperial,025,180216,28230,28280,2860,31140,720
2021-05-03,Inyo,027,18085,1399,1398,3,1401,36
2021-05-03,Kern,029,883053,96357,95693,11050,106743,1299
2021-05-03,Kings,031,150075,22880,22821,1174,23995,246
2021-05-03,Lake,033,64148,3472,3446,9,3455,43
2021-05-03,Lassen,035,31185,5165,5142,109,5251,1
2021-05-03,Los Angeles,037,10098052,1198259,1193261,43477,1236738,23942
2021-05-03,Madera,039,155013,16460,16414,946,17360,235
2021-05-03,Marin,041,260295,13953,13927,256,14183,228
2021-05-03,Mariposa,043,17540,422,418,11,429,5
2021-05-03,Mendocino,045,87422,3848,3792,75,3867,46
2021-05-03,Merced,047,269075,30754,30814,995,31809,444
2021-05-03,Modoc,049,8938,370,360,122,482,3
2021-05-03,Mono,051,14174,1241,1259,12,1271,3
2021-05-03,Monterey,053,433212,42891,42837,1912,44749,380
2021-05-03,Napa,055,140530,9819,9815,33,9848,81
2021-05-03,Nevada,057,99092,4719,4650,193,4843,70
2021-05-03,Orange,059,3164182,253917,253107,11600,264707,4968
2021-05-03,Placer,061,380077,22719,22289,1483,23772,287
2021-05-03,Plumas,063,18699,688,675,11,686,4
2021-05-03,Riverside,065,2383286,290226,287233,14535,301768,4412
2021-05-03,Sacramento,067,1510023,103855,103303,1738,105041,1602
2021-05-03,San Benito,069,59416,6028,6038,117,6155,63
2021-05-03,San Bernardino,071,2135413,291474,290886,9386,300272,4659
2021-05-03,San Diego,073,3302833,277950,276693,14552,291245,3712
2021-05-03,San Francisco,075,870044,36304,36538,1359,37897,541
2021-05-03,San Joaquin,077,732212,72056,71504,3633,75137,1325
2021-05-03,San Luis Obispo,079,281455,21016,20915,754,21669,254
2021-05-03,San Mateo,081,765935,41999,41689,476,42165,413
2021-05-03,Santa Barbara,083,443738,34303,34119,1234,35353,453
2021-05-03,Santa Clara,085,1922200,117380,118373,777,119150,1988
2021-05-03,Santa Cruz,087,273765,16062,16000,874,16874,207
2021-05-03,Shasta,089,179085,11920,11890,1537,13427,197
2021-05-03,Sierra,091,2930,54,54,14,68,0
2021-05-03,Siskiyou,093,43540,1785,1683,328,2011,11
2021-05-03,Solano,095,438530,32279,32201,526,32727,249
2021-05-03,Sonoma,097,501317,29681,29855,327,30182,318
2021-05-03,Stanislaus,099,539301,55206,55116,6071,61187,774
2021-05-03,Sutter,101,95872,9370,9370,87,9457,111
2021-05-03,Tehama,103,63373,4959,4952,587,5539,53
2021-05-03,Trinity,105,12862,405,326,68,394,3
2021-05-03,Tulare,107,460477,49291,48844,9355,58199,835
2021-05-03,Tuolumne,109,53932,4044,4038,36,4074,61
2021-05-03,Ventura,111,848112,80637,80291,3066,83357,1005
2021-05-03,Yolo,113,214977,13828,13809,302,14111,208
2021-05-03,Yuba,115,75493,5908,5880,122,6002,44
2021-05-02,Alameda,001,1643700,86884,86784,2006,88790,1272
2021-05-02,Alpine,003,1148,88,88,0,88,0
2021-05-02,Amador,005,37829,3652,3650,34,3684,46
2021-05-02,Butte,007,227075,12173,11859,1851,13710,198
2021-05-02,Calaveras,009,45235,2105,2098,14,2112,50
2021-05-02,Colusa,011,21464,1924,1931,302,2233,14
2021-05-02,Contra Costa,013,1133247,68308,67843,1292,69135,800
2021-05-02,Del Norte,015,27424,1319,1305,6,1311,6
2021-05-02,El Dorado,017,186661,10016,9962,739,10701,110
2021-05-02,Fresno,019,978130,101264,101372,8876,110248,1678
2021-05-02,Glenn,021,27897,2380,2374,556,2930,17
2021-05-02,Humboldt,023,135768,3891,3858,30,3888,36
2021-05-02,Imperial,025,180216,28196,28275,2851,31126,721
2021-05-02,Inyo,027,18085,1397,1398,3,1401,36
2021-05-02,Kern,029,883053,96299,95668,11043,106711,1299
2021-05-02,Kings,031,150075,22862,22816,1173,23989,246
2021-05-02,Lake,033,64148,3470,3443,9,3452,43
2021-05-02,Lassen,035,31185,5164,5142,108,5250,1
2021-05-02,Los Angeles,037,10098052,1197914,1193056,43453,1236509,23943
2021-05-02,Madera,039,155013,16454,16410,946,17356,235
2021-05-02,Marin,041,260295,13943,13917,256,14173,228
2021-05-02,Mariposa,043,17540,422,419,11,430,5
2021-05-02,Mendocino,045,87422,3843,3787,75,3862,46
2021-05-02,Merced,047,269075,30732,30793,993,31786,444
2021-05-02,Modoc,049,8938,369,360,122,482,3
2021-05-02,Mono,051,14174,1240,1259,12,1271,3
2021-05-02,Monterey,053,433212,42878,42837,1910,44747,380
2021-05-02,Napa,055,140530,9815,9805,33,9838,81
2021-05-02,Nevada,057,99092,4703,4635,193,4828,70
2021-05-02,Orange,059,3164182,253842,253025,11587,264612,4968
2021-05-02,Placer,061,380077,22690,22264,1480,23744,287
2021-05-02,Plumas,063,18699,688,675,11,686,4
2021-05-02,Riverside,065,2383286,290127,287197,14525,301722,4412
2021-05-02,Sacramento,067,1510023,103719,103153,1731,104884,1602
2021-05-02,San Benito,069,59416,6023,6037,117,6154,63
2021-05-02,San Bernardino,071,2135413,291375,290859,9384,300243,4655
2021-05-02,San Diego,073,3302833,277754,276521,14525,291046,3712
2021-05-02,San Francisco,075,870044,36278,36522,1359,37881,541
2021-05-02,San Joaquin,077,732212,71992,71447,3626,75073,1325
2021-05-02,San Luis Obispo,079,281455,20996,20910,753,21663,254
2021-05-02,San Mateo,081,765935,41983,41656,475,42131,412
2021-05-02,Santa Barbara,083,443738,34289,34106,1234,35340,453
2021-05-02,Santa Clara,085,1922200,117306,118321,777,119098,1988
2021-05-02,Santa Cruz,087,273765,16057,15995,873,16868,207
2021-05-02,Shasta,089,179085,11904,11885,1529,13414,197
2021-05-02,Sierra,091,2930,54,54,14,68,0
2021-05-02,Siskiyou,093,43540,1774,1661,327,1988,11
2021-05-02,Solano,095,438530,32240,32151,522,32673,249
2021-05-02,Sonoma,097,501317,29659,29842,327,30169,318
2021-05-02,Stanislaus,099,539301,55133,55057,6064,61121,774
2021-05-02,Sutter,101,95872,9363,9363,87,9450,111
2021-05-02,Tehama,103,63373,4954,4950,585,5535,53
2021-05-02,Trinity,105,12862,405,326,68,394,3
2021-05-02,Tulare,107,460477,49273,48834,9347,58181,835
2021-05-02,Tuolumne,109,53932,4041,4038,36,4074,61
2021-05-02,Ventura,111,848112,80600,80284,3065,83349,1005
2021-05-02,Yolo,113,214977,13816,13799,301,14100,208
2021-05-02,Yuba,115,75493,5898,5879,122,6001,44
2021-05-01,Alameda,001,1643700,86840,86704,2003,88707,1270
2021-05-01,Alpine,003,1148,88,88,0,88,0
2021-05-01,Amador,005,37829,3652,3650,34,3684,46
2021-05-01,Butte,007,227075,12159,11845,1846,13691,198
2021-05-01,Calaveras,009,45235,2103,2096,14,2110,50
2021-05-01,Colusa,011,21464,1923,1931,302,2233,14
2021-05-01,Contra Costa,013,1133247,68256,67779,1289,69068,800
2021-05-01,Del Norte,015,27424,1318,1292,6,1298,6
2021-05-01,El Dorado,017,186661,10002,9944,737,10681,110
2021-05-01,Fresno,019,978130,101219,101326,8870,110196,1678
2021-05-01,Glenn,021,27897,2377,2369,555,2924,17
2021-05-01,Humboldt,023,135768,3877,3845,30,3875,36
2021-05-01,Imperial,025,180216,28189,28262,2851,31113,721
2021-05-01,Inyo,027,18085,1397,1397,3,1400,36
2021-05-01,Kern,029,883053,96272,95645,11031,106676,1299
2021-05-01,Kings,031,150075,22860,22797,1171,23968,246
2021-05-01,Lake,033,64148,3468,3441,9,3450,43
2021-05-01,Lassen,035,31185,5162,5142,108,5250,1
2021-05-01,Los Angeles,037,10098052,1197747,1192781,43438,1236219,23946
2021-05-01,Madera,039,155013,16450,16408,946,17354,235
2021-05-01,Marin,041,260295,13936,13902,256,14158,228
2021-05-01,Mariposa,043,17540,422,418,11,429,5
2021-05-01,Mendocino,045,87422,3841,3782,75,3857,46
2021-05-01,Merced,047,269075,30714,30771,993,31764,444
2021-05-01,Modoc,049,8938,369,361,122,483,3
2021-05-01,Mono,051,14174,1240,1258,12,1270,3
2021-05-01,Monterey,053,433212,42872,42828,1910,44738,379
2021-05-01,Napa,055,140530,9812,9800,33,9833,81
2021-05-01,Nevada,057,99092,4698,4625,193,4818,70
2021-05-01,Orange,059,3164182,253799,252969,11576,264545,4964
2021-05-01,Placer,061,380077,22664,22240,1478,23718,287
2021-05-01,Plumas,063,18699,687,675,11,686,4
2021-05-01,Riverside,065,2383286,290088,287129,14523,301652,4412
2021-05-01,Sacramento,067,1510023,103638,103043,1730,104773,1602
2021-05-01,San Benito,069,59416,6020,6030,117,6147,63
2021-05-01,San Bernardino,071,2135413,291333,290802,9382,300184,4652
2021-05-01,San Diego,073,3302833,277630,276367,14504,290871,3706
2021-05-01,San Francisco,075,870044,36263,36496,1359,37855,541
2021-05-01,San Joaquin,077,732212,71944,71389,3624,75013,1325
2021-05-01,San Luis Obispo,079,281455,20991,20896,753,21649,254
2021-05-01,San Mateo,081,765935,41954,41617,474,42091,411
2021-05-01,Santa Barbara,083,443738,34284,34085,1233,35318,453
2021-05-01,Santa Clara,085,1922200,117255,118265,775,119040,1988
2021-05-01,Santa Cruz,087,273765,16054,15984,873,16857,207
2021-05-01,Shasta,089,179085,11884,11878,1521,13399,197
2021-05-01,Sierra,091,2930,54,53,14,67,0
2021-05-01,Siskiyou,093,43540,1766,1653,326,1979,11
2021-05-01,Solano,095,438530,32210,32124,514,32638,249
2021-05-01,Sonoma,097,501317,29656,29835,327,30162,318
2021-05-01,Stanislaus,099,539301,55098,55005,6058,61063,774
2021-05-01,Sutter,101,95872,9360,9358,87,9445,110
2021-05-01,Tehama,103,63373,4953,4950,584,5534,53
2021-05-01,Trinity,105,12862,405,326,67,393,3
2021-05-01,Tulare,107,460477,49266,48818,9341,58159,835
2021-05-01,Tuolumne,109,53932,4035,4035,36,4071,61
2021-05-01,Ventura,111,848112,80582,80268,3065,83333,1005
2021-05-01,Yolo,113,214977,13809,13784,299,14083,208
2021-05-01,Yuba,115,75493,5896,5875,122,5997,44
2021-04-30,Alameda,001,1643700,86778,86602,2000,88602,1268
2021-04-30,Alpine,003,1148,88,88,0,88,0
2021-04-30,Amador,005,37829,3650,3650,34,3684,46
2021-04-30,Butte,007,227075,12140,11812,1842,13654,197
2021-04-30,Calaveras,009,45235,2102,2087,14,2101,50
2021-04-30,Colusa,011,21464,1923,1931,301,2232,14
2021-04-30,Contra Costa,013,1133247,68208,67684,1286,68970,800
2021-04-30,Del Norte,015,27424,1306,1276,6,1282,6
2021-04-30,El Dorado,017,186661,9988,9906,737,10643,110
2021-04-30,Fresno,019,978130,101173,101263,8866,110129,1670
2021-04-30,Glenn,021,27897,2376,2369,555,2924,17
2021-04-30,Humboldt,023,135768,3864,3834,30,3864,36
2021-04-30,Imperial,025,180216,28180,28244,2848,31092,721
2021-04-30,Inyo,027,18085,1397,1397,3,1400,36
2021-04-30,Kern,029,883053,96256,95605,11026,106631,1298
2021-04-30,Kings,031,150075,22857,22793,1170,23963,246
2021-04-30,Lake,033,64148,3464,3440,9,3449,43
2021-04-30,Lassen,035,31185,5161,5140,108,5248,1
2021-04-30,Los Angeles,037,10098052,1197540,1192393,43424,1235817,23919
2021-04-30,Madera,039,155013,16444,16395,946,17341,235
2021-04-30,Marin,041,260295,13928,13895,254,14149,228
2021-04-30,Mariposa,043,17540,422,417,11,428,5
2021-04-30,Mendocino,045,87422,3837,3777,75,3852,46
2021-04-30,Merced,047,269075,30701,30740,992,31732,444
2021-04-30,Modoc,049,8938,368,360,122,482,3
2021-04-30,Mono,051,14174,1240,1258,12,1270,3
2021-04-30,Monterey,053,433212,42858,42810,1909,44719,379
2021-04-30,Napa,055,140530,9808,9792,33,9825,81
2021-04-30,Nevada,057,99092,4690,4608,193,4801,70
2021-04-30,Orange,059,3164182,253744,252883,11570,264453,4956
2021-04-30,Placer,061,380077,22645,22190,1474,23664,287
2021-04-30,Plumas,063,18699,687,677,11,688,4
2021-04-30,Riverside,065,2383286,290034,287030,14516,301546,4412
2021-04-30,Sacramento,067,1510023,103537,102864,1726,104590,1596
2021-04-30,San Benito,069,59416,6016,6024,116,6140,63
2021-04-30,San Bernardino,071,2135413,291272,290704,9381,300085,4640
2021-04-30,San Diego,073,3302833,277536,276157,14493,290650,3702
2021-04-30,San Francisco,075,870044,36252,36453,1358,37811,538
2021-04-30,San Joaquin,077,732212,71893,71311,3621,74932,1306
2021-04-30,San Luis Obispo,079,281455,20985,20884,753,21637,255
2021-04-30,San Mateo,081,765935,41939,41583,473,42056,380
2021-04-30,Santa Barbara,083,443738,34271,34061,1233,35294,451
2021-04-30,Santa Clara,085,1922200,117197,118170,771,118941,1988
2021-04-30,Santa Cruz,087,273765,16049,15975,873,16848,207
2021-04-30,Shasta,089,179085,11863,11848,1518,13366,197
2021-04-30,Sierra,091,2930,54,53,14,67,0
2021-04-30,Siskiyou,093,43540,1755,1628,323,1951,11
2021-04-30,Solano,095,438530,32178,32050,511,32561,249
2021-04-30,Sonoma,097,501317,29646,29816,325,30141,318
2021-04-30,Stanislaus,099,539301,55047,54938,6055,60993,774
2021-04-30,Sutter,101,95872,9358,9353,87,9440,110
2021-04-30,Tehama,103,63373,4951,4944,584,5528,53
2021-04-30,Trinity,105,12862,405,326,67,393,3
2021-04-30,Tulare,107,460477,49257,48797,9324,58121,836
2021-04-30,Tuolumne,109,53932,4034,4033,36,4069,61
2021-04-30,Ventura,111,848112,80542,80232,3060,83292,1004
2021-04-30,Yolo,113,214977,13796,13756,299,14055,208
2021-04-30,Yuba,115,75493,5888,5870,122,5992,44
2021-04-29,Alameda,001,1643700,86713,86490,1997,88487,1263
2021-04-29,Alpine,003,1148,88,88,0,88,0
2021-04-29,Amador,005,37829,3650,3649,34,3683,46
2021-04-29,Butte,007,227075,12125,11787,1840,13627,196
2021-04-29,Calaveras,009,45235,2099,2082,14,2096,50
2021-04-29,Colusa,011,21464,1923,1929,301,2230,14
2021-04-29,Contra Costa,013,1133247,68153,67606,1283,68889,795
2021-04-29,Del Norte,015,27424,1302,1271,6,1277,6
2021-04-29,El Dorado,017,186661,9968,9884,734,10618,107
2021-04-29,Fresno,019,978130,101119,101189,8855,110044,1667
2021-04-29,Glenn,021,27897,2373,2369,555,2924,17
2021-04-29,Humboldt,023,135768,3850,3815,30,3845,36
2021-04-29,Imperial,025,180216,28168,28235,2847,31082,720
2021-04-29,Inyo,027,18085,1397,1396,3,1399,36
2021-04-29,Kern,029,883053,96223,95547,11022,106569,1295
2021-04-29,Kings,031,150075,22847,22777,1165,23942,245
2021-04-29,Lake,033,64148,3456,3438,9,3447,43
2021-04-29,Lassen,035,31185,5161,5140,108,5248,1
2021-04-29,Los Angeles,037,10098052,1197265,1192068,43403,1235471,23899
2021-04-29,Madera,039,155013,16439,16383,945,17328,235
2021-04-29,Marin,041,260295,13924,13884,246,14130,228
2021-04-29,Mariposa,043,17540,421,416,11,427,5
2021-04-29,Mendocino,045,87422,3831,3774,75,3849,46
2021-04-29,Merced,047,269075,30681,30706,992,31698,444
2021-04-29,Modoc,049,8938,368,360,122,482,3
2021-04-29,Mono,051,14174,1238,1259,12,1271,3
2021-04-29,Monterey,053,433212,42841,42797,1908,44705,379
2021-04-29,Napa,055,140530,9794,9789,33,9822,81
2021-04-29,Nevada,057,99092,4679,4590,193,4783,70
2021-04-29,Orange,059,3164182,253675,252823,11555,264378,4934
2021-04-29,Placer,061,380077,22620,22161,1472,23633,286
2021-04-29,Plumas,063,18699,686,676,11,687,4
2021-04-29,Riverside,065,2383286,289967,286947,14513,301460,4409
2021-04-29,Sacramento,067,1510023,103404,102686,1716,104402,1593
2021-04-29,San Benito,069,59416,6015,6023,116,6139,63
2021-04-29,San Bernardino,071,2135413,291200,290606,9376,299982,4609
2021-04-29,San Diego,073,3302833,277386,275961,14476,290437,3700
2021-04-29,San Francisco,075,870044,36226,36412,1358,37770,537
2021-04-29,San Joaquin,077,732212,71827,71225,3616,74841,1301
2021-04-29,San Luis Obispo,079,281455,20974,20876,753,21629,255
2021-04-29,San Mateo,081,765935,41911,41538,472,42010,358
2021-04-29,Santa Barbara,083,443738,34255,34039,1231,35270,448
2021-04-29,Santa Clara,085,1922200,117141,118082,769,118851,1984
2021-04-29,Santa Cruz,087,273765,16043,15961,873,16834,205
2021-04-29,Shasta,089,179085,11833,11836,1509,13345,193
2021-04-29,Sierra,091,2930,54,53,14,67,0
2021-04-29,Siskiyou,093,43540,1746,1615,320,1935,11
2021-04-29,Solano,095,438530,32138,32002,506,32508,248
2021-04-29,Sonoma,097,501317,29631,29785,322,30107,318
2021-04-29,Stanislaus,099,539301,54980,54836,6050,60886,774
2021-04-29,Sutter,101,95872,9351,9346,87,9433,110
2021-04-29,Tehama,103,63373,4943,4939,584,5523,53
2021-04-29,Trinity,105,12862,405,326,67,393,3
2021-04-29,Tulare,107,460477,49241,48785,9311,58096,832
2021-04-29,Tuolumne,109,53932,4033,4030,36,4066,58
2021-04-29,Ventura,111,848112,80508,80188,3058,83246,1002
2021-04-29,Yolo,113,214977,13776,13745,298,14043,205
2021-04-29,Yuba,115,75493,5878,5865,122,5987,44
2021-04-28,Alameda,001,1643700,86641,86390,1993,88383,1260
2021-04-28,Alpine,003,1148,88,88,0,88,0
2021-04-28,Amador,005,37829,3650,3646,34,3680,46
2021-04-28,Butte,007,227075,12105,11762,1835,13597,196
2021-04-28,Calaveras,009,45235,2095,2078,13,2091,50
2021-04-28,Colusa,011,21464,1920,1927,300,2227,14
2021-04-28,Contra Costa,013,1133247,68093,67539,1282,68821,795
2021-04-28,Del Norte,015,27424,1294,1267,6,1273,6
2021-04-28,El Dorado,017,186661,9944,9873,734,10607,107
2021-04-28,Fresno,019,978130,101072,101161,8844,110005,1666
2021-04-28,Glenn,021,27897,2370,2368,555,2923,17
2021-04-28,Humboldt,023,135768,3834,3796,30,3826,36
2021-04-28,Imperial,025,180216,28154,28177,2846,31023,720
2021-04-28,Inyo,027,18085,1397,1396,2,1398,36
2021-04-28,Kern,029,883053,96193,95494,11013,106507,1295
2021-04-28,Kings,031,150075,22836,22767,1162,23929,245
2021-04-28,Lake,033,64148,3453,3433,9,3442,43
2021-04-28,Lassen,035,31185,5161,5138,108,5246,1
2021-04-28,Los Angeles,037,10098052,1196969,1191729,43377,1235106,23858
2021-04-28,Madera,039,155013,16435,16372,945,17317,235
2021-04-28,Marin,041,260295,13913,13866,246,14112,227
2021-04-28,Mariposa,043,17540,418,415,11,426,5
2021-04-28,Mendocino,045,87422,3825,3770,73,3843,46
2021-04-28,Merced,047,269075,30662,30649,992,31641,443
2021-04-28,Modoc,049,8938,368,360,122,482,3
2021-04-28,Mono,051,14174,1238,1258,12,1270,3
2021-04-28,Monterey,053,433212,42836,42776,1908,44684,379
2021-04-28,Napa,055,140530,9783,9777,33,9810,81
2021-04-28,Nevada,057,99092,4660,4570,193,4763,70
2021-04-28,Orange,059,3164182,253597,252747,11540,264287,4931
2021-04-28,Placer,061,380077,22593,22115,1471,23586,285
2021-04-28,Plumas,063,18699,686,676,11,687,4
2021-04-28,Riverside,065,2383286,289911,286868,14508,301376,4407
2021-04-28,Sacramento,067,1510023,103283,102613,1712,104325,1591
2021-04-28,San Benito,069,59416,6013,6021,116,6137,63
2021-04-28,San Bernardino,071,2135413,291125,290548,9365,299913,4582
2021-04-28,San Diego,073,3302833,277231,275821,14462,290283,3698
2021-04-28,San Francisco,075,870044,36197,36382,1357,37739,534
2021-04-28,San Joaquin,077,732212,71747,71171,3608,74779,1301
2021-04-28,San Luis Obispo,079,281455,20966,20851,753,21604,255
2021-04-28,San Mateo,081,765935,41886,41498,470,41968,358
2021-04-28,Santa Barbara,083,443738,34241,34003,1231,35234,448
2021-04-28,Santa Clara,085,1922200,117072,117997,766,118763,1969
2021-04-28,Santa Cruz,087,273765,16039,15943,872,16815,205
2021-04-28,Shasta,089,179085,11818,11815,1501,13316,192
2021-04-28,Sierra,091,2930,54,51,14,65,0
2021-04-28,Siskiyou,093,43540,1733,1603,318,1921,11
2021-04-28,Solano,095,438530,32106,31982,502,32484,248
2021-04-28,Sonoma,097,501317,29617,29773,318,30091,318
2021-04-28,Stanislaus,099,539301,54925,54745,6046,60791,774
2021-04-28,Sutter,101,95872,9346,9343,87,9430,110
2021-04-28,Tehama,103,63373,4937,4930,583,5513,53
2021-04-28,Trinity,105,12862,405,326,67,393,3
2021-04-28,Tulare,107,460477,49224,48754,9295,58049,832
2021-04-28,Tuolumne,109,53932,4030,4029,36,4065,58
2021-04-28,Ventura,111,848112,80473,80172,3056,83228,1000
2021-04-28,Yolo,113,214977,13761,13721,297,14018,205
2021-04-28,Yuba,115,75493,5872,5857,122,5979,44
2021-04-27,Alameda,001,1643700,86542,86301,1988,88289,1260
2021-04-27,Alpine,003,1148,88,88,0,88,0
2021-04-27,Amador,005,37829,3650,3645,34,3679,46
2021-04-27,Butte,007,227075,12080,11738,1829,13567,196
2021-04-27,Calaveras,009,45235,2092,2076,13,2089,50
2021-04-27,Colusa,011,21464,1919,1926,300,2226,14
2021-04-27,Contra Costa,013,1133247,68024,67470,1278,68748,791
2021-04-27,Del Norte,015,27424,1282,1266,6,1272,6
2021-04-27,El Dorado,017,186661,9915,9866,731,10597,106
2021-04-27,Fresno,019,978130,101009,101138,8832,109970,1663
2021-04-27,Glenn,021,27897,2370,2368,555,2923,17
2021-04-27,Humboldt,023,135768,3822,3780,30,3810,35
2021-04-27,Imperial,025,180216,28138,28149,2840,30989,720
2021-04-27,Inyo,027,18085,1397,1396,2,1398,36
2021-04-27,Kern,029,883053,96138,95466,11000,106466,1295
2021-04-27,Kings,031,150075,22822,22759,1159,23918,244
2021-04-27,Lake,033,64148,3452,3431,9,3440,43
2021-04-27,Lassen,035,31185,5161,5137,108,5245,1
2021-04-27,Los Angeles,037,10098052,1196650,1191504,43346,1234850,23825
2021-04-27,Madera,039,155013,16428,16365,945,17310,235
2021-04-27,Marin,041,260295,13892,13855,245,14100,227
2021-04-27,Mariposa,043,17540,417,413,11,424,5
2021-04-27,Mendocino,045,87422,3821,3765,73,3838,46
2021-04-27,Merced,047,269075,30622,30620,992,31612,443
2021-04-27,Modoc,049,8938,367,360,122,482,3
2021-04-27,Mono,051,14174,1238,1257,12,1269,3
2021-04-27,Monterey,053,433212,42818,42752,1905,44657,379
2021-04-27,Napa,055,140530,9776,9774,33,9807,81
2021-04-27,Nevada,057,99092,4645,4557,193,4750,70
2021-04-27,Orange,059,3164182,253529,252667,11534,264201,4925
2021-04-27,Placer,061,380077,22562,22050,1468,23518,285
2021-04-27,Plumas,063,18699,685,675,11,686,4
2021-04-27,Riverside,065,2383286,289838,286820,14503,301323,4405
2021-04-27,Sacramento,067,1510023,103155,102595,1702,104297,1589
2021-04-27,San Benito,069,59416,6008,6016,116,6132,63
2021-04-27,San Bernardino,071,2135413,291057,290461,9360,299821,4575
2021-04-27,San Diego,073,3302833,277075,275685,14442,290127,3692
2021-04-27,San Francisco,075,870044,36169,36358,1356,37714,533
2021-04-27,San Joaquin,077,732212,71694,71104,3602,74706,1301
2021-04-27,San Luis Obispo,079,281455,20959,20841,753,21594,255
2021-04-27,San Mateo,081,765935,41851,41474,469,41943,358
2021-04-27,Santa Barbara,083,443738,34217,33973,1230,35203,448
2021-04-27,Santa Clara,085,1922200,117022,117945,765,118710,1969
2021-04-27,Santa Cruz,087,273765,16032,15905,871,16776,205
2021-04-27,Shasta,089,179085,11791,11802,1494,13296,192
2021-04-27,Sierra,091,2930,54,51,14,65,0
2021-04-27,Siskiyou,093,43540,1718,1597,317,1914,11
2021-04-27,Solano,095,438530,32058,31964,501,32465,248
2021-04-27,Sonoma,097,501317,29599,29761,317,30078,318
2021-04-27,Stanislaus,099,539301,54855,54695,6038,60733,752
2021-04-27,Sutter,101,95872,9341,9342,87,9429,110
2021-04-27,Tehama,103,63373,4934,4922,579,5501,53
2021-04-27,Trinity,105,12862,405,326,67,393,3
2021-04-27,Tulare,107,460477,49208,48744,9286,58030,832
2021-04-27,Tuolumne,109,53932,4027,4028,36,4064,58
2021-04-27,Ventura,111,848112,80444,80152,3054,83206,1000
2021-04-27,Yolo,113,214977,13748,13697,295,13992,205
2021-04-27,Yuba,115,75493,5872,5853,122,5975,44
2021-04-26,Alameda,001,1643700,86452,86230,1984,88214,1256
2021-04-26,Alpine,003,1148,88,88,0,88,0
2021-04-26,Amador,005,37829,3649,3645,34,3679,46
2021-04-26,Butte,007,227075,12056,11720,1825,13545,196
2021-04-26,Calaveras,009,45235,2083,2074,13,2087,50
2021-04-26,Colusa,011,21464,1919,1925,299,2224,14
2021-04-26,Contra Costa,013,1133247,67956,67392,1274,68666,789
2021-04-26,Del Norte,015,27424,1273,1263,6,1269,6
2021-04-26,El Dorado,017,186661,9894,9849,730,10579,106
2021-04-26,Fresno,019,978130,100954,101099,8819,109918,1662
2021-04-26,Glenn,021,27897,2368,2367,555,2922,17
2021-04-26,Humboldt,023,135768,3812,3764,29,3793,35
2021-04-26,Imperial,025,180216,28125,28148,2837,30985,720
2021-04-26,Inyo,027,18085,1396,1396,2,1398,36
2021-04-26,Kern,029,883053,96112,95429,10993,106422,1295
2021-04-26,Kings,031,150075,22819,22756,1156,23912,244
2021-04-26,Lake,033,64148,3447,3428,9,3437,43
2021-04-26,Lassen,035,31185,5161,5138,108,5246,1
2021-04-26,Los Angeles,037,10098052,1196327,1191253,43325,1234578,23802
2021-04-26,Madera,039,155013,16416,16353,944,17297,231
2021-04-26,Marin,041,260295,13877,13849,245,14094,227
2021-04-26,Mariposa,043,17540,416,410,11,421,5
2021-04-26,Mendocino,045,87422,3819,3757,73,3830,46
2021-04-26,Merced,047,269075,30605,30611,989,31600,443
2021-04-26,Modoc,049,8938,367,360,122,482,3
2021-04-26,Mono,051,14174,1238,1258,12,1270,3
2021-04-26,Monterey,053,433212,42802,42740,1904,44644,379
2021-04-26,Napa,055,140530,9764,9769,33,9802,79
2021-04-26,Nevada,057,99092,4624,4548,193,4741,70
2021-04-26,Orange,059,3164182,253444,252592,11523,264115,4919
2021-04-26,Placer,061,380077,22533,22032,1463,23495,285
2021-04-26,Plumas,063,18699,685,670,11,681,4
2021-04-26,Riverside,065,2383286,289778,286724,14494,301218,4401
2021-04-26,Sacramento,067,1510023,102984,102459,1688,104147,1587
2021-04-26,San Benito,069,59416,6006,6013,116,6129,63
2021-04-26,San Bernardino,071,2135413,291006,290394,9359,299753,4572
2021-04-26,San Diego,073,3302833,276901,275541,14414,289955,3692
2021-04-26,San Francisco,075,870044,36142,36330,1354,37684,532
2021-04-26,San Joaquin,077,732212,71628,71050,3594,74644,1301
2021-04-26,San Luis Obispo,079,281455,20951,20830,752,21582,255
2021-04-26,San Mateo,081,765935,41821,41457,469,41926,357
2021-04-26,Santa Barbara,083,443738,34186,33948,1230,35178,448
2021-04-26,Santa Clara,085,1922200,116923,117874,761,118635,1968
2021-04-26,Santa Cruz,087,273765,16023,15877,871,16748,205
2021-04-26,Shasta,089,179085,11774,11787,1487,13274,192
2021-04-26,Sierra,091,2930,53,51,14,65,0
2021-04-26,Siskiyou,093,43540,1708,1592,313,1905,11
2021-04-26,Solano,095,438530,32013,31913,499,32412,247
2021-04-26,Sonoma,097,501317,29576,29755,315,30070,318
2021-04-26,Stanislaus,099,539301,54765,54638,6032,60670,744
2021-04-26,Sutter,101,95872,9336,9328,87,9415,110
2021-04-26,Tehama,103,63373,4929,4920,576,5496,53
2021-04-26,Trinity,105,12862,405,326,67,393,3
2021-04-26,Tulare,107,460477,49188,48735,9277,58012,831
2021-04-26,Tuolumne,109,53932,4026,4024,36,4060,58
2021-04-26,Ventura,111,848112,80419,80137,3051,83188,999
2021-04-26,Yolo,113,214977,13728,13684,292,13976,205
2021-04-26,Yuba,115,75493,5870,5851,122,5973,44
2021-04-25,Alameda,001,1643700,86345,86162,1977,88139,1256
2021-04-25,Alpine,003,1148,88,87,0,87,0
2021-04-25,Amador,005,37829,3648,3643,34,3677,46
2021-04-25,Butte,007,227075,12027,11709,1818,13527,196
2021-04-25,Calaveras,009,45235,2077,2072,12,2084,50
2021-04-25,Colusa,011,21464,1918,1924,299,2223,14
2021-04-25,Contra Costa,013,1133247,67864,67316,1273,68589,789
2021-04-25,Del Norte,015,27424,1267,1259,6,1265,6
2021-04-25,El Dorado,017,186661,9878,9837,728,10565,106
2021-04-25,Fresno,019,978130,100896,101061,8806,109867,1662
2021-04-25,Glenn,021,27897,2368,2366,555,2921,17
2021-04-25,Humboldt,023,135768,3799,3751,29,3780,35
2021-04-25,Imperial,025,180216,28100,28136,2833,30969,720
2021-04-25,Inyo,027,18085,1396,1396,2,1398,36
2021-04-25,Kern,029,883053,96048,95398,10979,106377,1295
2021-04-25,Kings,031,150075,22805,22755,1154,23909,244
2021-04-25,Lake,033,64148,3445,3427,9,3436,43
2021-04-25,Lassen,035,31185,5159,5138,108,5246,1
2021-04-25,Los Angeles,037,10098052,1195996,1190970,43303,1234273,23799
2021-04-25,Madera,039,155013,16404,16346,944,17290,231
2021-04-25,Marin,041,260295,13868,13852,245,14097,227
2021-04-25,Mariposa,043,17540,416,410,11,421,5
2021-04-25,Mendocino,045,87422,3812,3757,73,3830,46
2021-04-25,Merced,047,269075,30570,30586,989,31575,443
2021-04-25,Modoc,049,8938,367,360,122,482,3
2021-04-25,Mono,051,14174,1238,1257,12,1269,3
2021-04-25,Monterey,053,433212,42789,42737,1902,44639,379
2021-04-25,Napa,055,140530,9759,9762,33,9795,79
2021-04-25,Nevada,057,99092,4612,4536,193,4729,70
2021-04-25,Orange,059,3164182,253367,252531,11516,264047,4919
2021-04-25,Placer,061,380077,22486,22011,1455,23466,285
2021-04-25,Plumas,063,18699,684,670,11,681,4
2021-04-25,Riverside,065,2383286,289685,286651,14488,301139,4401
2021-04-25,Sacramento,067,1510023,102816,102319,1678,103997,1587
2021-04-25,San Benito,069,59416,6004,6014,115,6129,63
2021-04-25,San Bernardino,071,2135413,290931,290357,9351,299708,4571
2021-04-25,San Diego,073,3302833,276688,275412,14381,289793,3692
2021-04-25,San Francisco,075,870044,36111,36310,1354,37664,532
2021-04-25,San Joaquin,077,732212,71533,70987,3584,74571,1301
2021-04-25,San Luis Obispo,079,281455,20932,20820,750,21570,255
2021-04-25,San Mateo,081,765935,41786,41465,468,41933,356
2021-04-25,Santa Barbara,083,443738,34160,33931,1230,35161,448
2021-04-25,Santa Clara,085,1922200,116844,117778,759,118537,1968
2021-04-25,Santa Cruz,087,273765,16017,15868,869,16737,205
2021-04-25,Shasta,089,179085,11751,11784,1482,13266,192
2021-04-25,Sierra,091,2930,53,51,14,65,0
2021-04-25,Siskiyou,093,43540,1697,1580,311,1891,11
2021-04-25,Solano,095,438530,31966,31864,491,32355,247
2021-04-25,Sonoma,097,501317,29558,29756,315,30071,318
2021-04-25,Stanislaus,099,539301,54670,54543,6023,60566,744
2021-04-25,Sutter,101,95872,9330,9326,87,9413,110
2021-04-25,Tehama,103,63373,4925,4916,574,5490,53
2021-04-25,Trinity,105,12862,405,326,67,393,3
2021-04-25,Tulare,107,460477,49173,48728,9263,57991,831
2021-04-25,Tuolumne,109,53932,4024,4022,36,4058,58
2021-04-25,Ventura,111,848112,80395,80110,3051,83161,999
2021-04-25,Yolo,113,214977,13706,13667,290,13957,205
2021-04-25,Yuba,115,75493,5867,5849,121,5970,44
2021-04-24,Alameda,001,1643700,86291,86016,1975,87991,1257
2021-04-24,Alpine,003,1148,88,86,0,86,0
2021-04-24,Amador,005,37829,3647,3640,34,3674,46
2021-04-24,Butte,007,227075,12011,11678,1816,13494,196
2021-04-24,Calaveras,009,45235,2074,2067,12,2079,50
2021-04-24,Colusa,011,21464,1917,1921,299,2220,14
2021-04-24,Contra Costa,013,1133247,67795,67222,1271,68493,789
2021-04-24,Del Norte,015,27424,1262,1255,6,1261,6
2021-04-24,El Dorado,017,186661,9867,9814,727,10541,106
2021-04-24,Fresno,019,978130,100865,100991,8800,109791,1662
2021-04-24,Glenn,021,27897,2368,2363,555,2918,17
2021-04-24,Humboldt,023,135768,3785,3722,29,3751,35
2021-04-24,Imperial,025,180216,28093,28124,2832,30956,720
2021-04-24,Inyo,027,18085,1395,1396,2,1398,36
2021-04-24,Kern,029,883053,96030,95365,10968,106333,1295
2021-04-24,Kings,031,150075,22802,22749,1154,23903,244
2021-04-24,Lake,033,64148,3444,3426,9,3435,43
2021-04-24,Lassen,035,31185,5158,5137,108,5245,1
2021-04-24,Los Angeles,037,10098052,1195774,1190603,43283,1233886,23802
2021-04-24,Madera,039,155013,16401,16338,944,17282,231
2021-04-24,Marin,041,260295,13860,13847,245,14092,227
2021-04-24,Mariposa,043,17540,416,409,11,420,5
2021-04-24,Mendocino,045,87422,3810,3754,72,3826,46
2021-04-24,Merced,047,269075,30550,30559,989,31548,443
2021-04-24,Modoc,049,8938,367,360,122,482,3
2021-04-24,Mono,051,14174,1238,1256,12,1268,3
2021-04-24,Monterey,053,433212,42777,42727,1901,44628,379
2021-04-24,Napa,055,140530,9753,9756,33,9789,79
2021-04-24,Nevada,057,99092,4605,4522,193,4715,70
2021-04-24,Orange,059,3164182,253323,252441,11510,263951,4910
2021-04-24,Placer,061,380077,22474,21983,1454,23437,285
2021-04-24,Plumas,063,18699,683,670,11,681,4
2021-04-24,Riverside,065,2383286,289617,286552,14484,301036,4400
2021-04-24,Sacramento,067,1510023,102733,102179,1671,103850,1587
2021-04-24,San Benito,069,59416,6002,6007,115,6122,63
2021-04-24,San Bernardino,071,2135413,290883,290264,9349,299613,4568
2021-04-24,San Diego,073,3302833,276584,275252,14361,289613,3688
2021-04-24,San Francisco,075,870044,36082,36285,1350,37635,532
2021-04-24,San Joaquin,077,732212,71490,70911,3580,74491,1301
2021-04-24,San Luis Obispo,079,281455,20922,20797,749,21546,255
2021-04-24,San Mateo,081,765935,41773,41424,466,41890,355
2021-04-24,Santa Barbara,083,443738,34145,33911,1229,35140,448
2021-04-24,Santa Clara,085,1922200,116789,117674,757,118431,1968
2021-04-24,Santa Cruz,087,273765,16009,15840,869,16709,205
2021-04-24,Shasta,089,179085,11733,11770,1479,13249,192
2021-04-24,Sierra,091,2930,53,51,14,65,0
2021-04-24,Siskiyou,093,43540,1687,1574,310,1884,11
2021-04-24,Solano,095,438530,31943,31821,489,32310,247
2021-04-24,Sonoma,097,501317,29556,29739,315,30054,318
2021-04-24,Stanislaus,099,539301,54621,54455,6020,60475,744
2021-04-24,Sutter,101,95872,9327,9316,87,9403,110
2021-04-24,Tehama,103,63373,4920,4907,574,5481,53
2021-04-24,Trinity,105,12862,405,326,67,393,3
2021-04-24,Tulare,107,460477,49162,48705,9253,57958,830
2021-04-24,Tuolumne,109,53932,4020,4020,36,4056,58
2021-04-24,Ventura,111,848112,80382,80097,3049,83146,999
2021-04-24,Yolo,113,214977,13695,13653,290,13943,205
2021-04-24,Yuba,115,75493,5865,5837,121,5958,44
2021-04-23,Alameda,001,1643700,86220,85935,1973,87908,1256
2021-04-23,Alpine,003,1148,87,86,0,86,0
2021-04-23,Amador,005,37829,3646,3637,34,3671,46
2021-04-23,Butte,007,227075,11990,11672,1811,13483,196
2021-04-23,Calaveras,009,45235,2072,2064,12,2076,50
2021-04-23,Colusa,011,21464,1916,1921,299,2220,14
2021-04-23,Contra Costa,013,1133247,67741,67164,1267,68431,785
2021-04-23,Del Norte,015,27424,1261,1254,6,1260,6
2021-04-23,El Dorado,017,186661,9850,9788,724,10512,106
2021-04-23,Fresno,019,978130,100825,100928,8793,109721,1662
2021-04-23,Glenn,021,27897,2368,2361,554,2915,17
2021-04-23,Humboldt,023,135768,3774,3698,29,3727,35
2021-04-23,Imperial,025,180216,28078,28108,2831,30939,720
2021-04-23,Inyo,027,18085,1395,1395,2,1397,36
2021-04-23,Kern,029,883053,96005,95330,10963,106293,1295
2021-04-23,Kings,031,150075,22799,22735,1154,23889,244
2021-04-23,Lake,033,64148,3442,3425,9,3434,43
2021-04-23,Lassen,035,31185,5158,5141,108,5249,1
2021-04-23,Los Angeles,037,10098052,1195512,1190264,43257,1233521,23785
2021-04-23,Madera,039,155013,16392,16328,944,17272,231
2021-04-23,Marin,041,260295,13855,13838,245,14083,227
2021-04-23,Mariposa,043,17540,415,405,11,416,5
2021-04-23,Mendocino,045,87422,3808,3745,71,3816,46
2021-04-23,Merced,047,269075,30532,30530,989,31519,443
2021-04-23,Modoc,049,8938,367,360,122,482,3
2021-04-23,Mono,051,14174,1236,1256,12,1268,3
2021-04-23,Monterey,053,433212,42771,42722,1901,44623,377
2021-04-23,Napa,055,140530,9747,9752,33,9785,79
2021-04-23,Nevada,057,99092,4596,4510,193,4703,70
2021-04-23,Orange,059,3164182,253279,252399,11503,263902,4904
2021-04-23,Placer,061,380077,22451,21959,1453,23412,282
2021-04-23,Plumas,063,18699,682,670,11,681,4
2021-04-23,Riverside,065,2383286,289560,286456,14479,300935,4399
2021-04-23,Sacramento,067,1510023,102646,102041,1668,103709,1586
2021-04-23,San Benito,069,59416,6000,6005,115,6120,63
2021-04-23,San Bernardino,071,2135413,290833,290189,9347,299536,4568
2021-04-23,San Diego,073,3302833,276445,275097,14338,289435,3684
2021-04-23,San Francisco,075,870044,36065,36252,1349,37601,532
2021-04-23,San Joaquin,077,732212,71434,70840,3577,74417,1295
2021-04-23,San Luis Obispo,079,281455,20913,20781,748,21529,255
2021-04-23,San Mateo,081,765935,41746,41386,466,41852,355
2021-04-23,Santa Barbara,083,443738,34135,33895,1227,35122,447
2021-04-23,Santa Clara,085,1922200,116728,117593,756,118349,1965
2021-04-23,Santa Cruz,087,273765,16002,15802,869,16671,205
2021-04-23,Shasta,089,179085,11726,11759,1478,13237,192
2021-04-23,Sierra,091,2930,53,51,14,65,0
2021-04-23,Siskiyou,093,43540,1675,1567,308,1875,11
2021-04-23,Solano,095,438530,31911,31784,485,32269,247
2021-04-23,Sonoma,097,501317,29543,29727,315,30042,318
2021-04-23,Stanislaus,099,539301,54558,54391,6012,60403,744
2021-04-23,Sutter,101,95872,9325,9312,87,9399,110
2021-04-23,Tehama,103,63373,4917,4906,574,5480,53
2021-04-23,Trinity,105,12862,405,326,67,393,3
2021-04-23,Tulare,107,460477,49145,48694,9245,57939,829
2021-04-23,Tuolumne,109,53932,4019,4020,36,4056,58
2021-04-23,Ventura,111,848112,80363,80095,3049,83144,996
2021-04-23,Yolo,113,214977,13684,13647,289,13936,205
2021-04-23,Yuba,115,75493,5862,5828,121,5949,44
2021-04-22,Alameda,001,1643700,86128,85829,1972,87801,1253
2021-04-22,Alpine,003,1148,87,86,0,86,0
2021-04-22,Amador,005,37829,3645,3633,34,3667,46
2021-04-22,Butte,007,227075,11976,11656,1808,13464,196
2021-04-22,Calaveras,009,45235,2070,2059,12,2071,50
2021-04-22,Colusa,011,21464,1914,1920,297,2217,14
2021-04-22,Contra Costa,013,1133247,67670,67029,1261,68290,782
2021-04-22,Del Norte,015,27424,1256,1252,6,1258,6
2021-04-22,El Dorado,017,186661,9839,9773,721,10494,106
2021-04-22,Fresno,019,978130,100781,100864,8782,109646,1657
2021-04-22,Glenn,021,27897,2367,2361,554,2915,17
2021-04-22,Humboldt,023,135768,3765,3680,29,3709,35
2021-04-22,Imperial,025,180216,28056,28096,2828,30924,720
2021-04-22,Inyo,027,18085,1394,1394,2,1396,36
2021-04-22,Kern,029,883053,95962,95292,10948,106240,1299
2021-04-22,Kings,031,150075,22789,22725,1154,23879,243
2021-04-22,Lake,033,64148,3440,3423,9,3432,43
2021-04-22,Lassen,035,31185,5158,5155,108,5263,1
2021-04-22,Los Angeles,037,10098052,1195195,1189878,43234,1233112,23762
2021-04-22,Madera,039,155013,16373,16316,944,17260,231
2021-04-22,Marin,041,260295,13847,13832,245,14077,227
2021-04-22,Mariposa,043,17540,414,403,11,414,5
2021-04-22,Mendocino,045,87422,3802,3729,71,3800,46
2021-04-22,Merced,047,269075,30497,30490,988,31478,443
2021-04-22,Modoc,049,8938,367,360,122,482,3
2021-04-22,Mono,051,14174,1236,1254,12,1266,3
2021-04-22,Monterey,053,433212,42764,42708,1899,44607,377
2021-04-22,Napa,055,140530,9737,9734,33,9767,79
2021-04-22,Nevada,057,99092,4587,4504,191,4695,70
2021-04-22,Orange,059,3164182,253208,252307,11491,263798,4898
2021-04-22,Placer,061,380077,22422,21916,1449,23365,282
2021-04-22,Plumas,063,18699,681,670,11,681,4
2021-04-22,Riverside,065,2383286,289467,286362,14470,300832,4398
2021-04-22,Sacramento,067,1510023,102498,101870,1658,103528,1585
2021-04-22,San Benito,069,59416,5996,5998,115,6113,63
2021-04-22,San Bernardino,071,2135413,290763,290125,9339,299464,4571
2021-04-22,San Diego,073,3302833,276279,275913,14316,290229,3684
2021-04-22,San Francisco,075,870044,36043,36218,1346,37564,532
2021-04-22,San Joaquin,077,732212,71375,70751,3571,74322,1295
2021-04-22,San Luis Obispo,079,281455,20899,20761,748,21509,255
2021-04-22,San Mateo,081,765935,41719,41345,464,41809,355
2021-04-22,Santa Barbara,083,443738,34112,33870,1226,35096,446
2021-04-22,Santa Clara,085,1922200,116640,117457,752,118209,1954
2021-04-22,Santa Cruz,087,273765,15999,15737,868,16605,205
2021-04-22,Shasta,089,179085,11711,11738,1475,13213,192
2021-04-22,Sierra,091,2930,53,51,14,65,0
2021-04-22,Siskiyou,093,43540,1671,1564,307,1871,11
2021-04-22,Solano,095,438530,31865,31731,482,32213,247
2021-04-22,Sonoma,097,501317,29528,29705,311,30016,318
2021-04-22,Stanislaus,099,539301,54485,54313,6006,60319,744
2021-04-22,Sutter,101,95872,9321,9302,87,9389,110
2021-04-22,Tehama,103,63373,4911,4896,570,5466,53
2021-04-22,Trinity,105,12862,405,326,67,393,3
2021-04-22,Tulare,107,460477,49126,48669,9235,57904,828
2021-04-22,Tuolumne,109,53932,4015,4020,36,4056,58
2021-04-22,Ventura,111,848112,80338,80073,3047,83120,996
2021-04-22,Yolo,113,214977,13663,13616,289,13905,205
2021-04-22,Yuba,115,75493,5851,5825,121,5946,44
2021-04-21,Alameda,001,1643700,86047,85762,1970,87732,1249
2021-04-21,Alpine,003,1148,87,86,0,86,0
2021-04-21,Amador,005,37829,3642,3632,34,3666,46
2021-04-21,Butte,007,227075,11956,11643,1806,13449,196
2021-04-21,Calaveras,009,45235,2060,2057,12,2069,50
2021-04-21,Colusa,011,21464,1912,1920,296,2216,14
2021-04-21,Contra Costa,013,1133247,67604,66981,1260,68241,782
2021-04-21,Del Norte,015,27424,1252,1252,6,1258,6
2021-04-21,El Dorado,017,186661,9822,9760,719,10479,106
2021-04-21,Fresno,019,978130,100725,100838,8776,109614,1654
2021-04-21,Glenn,021,27897,2366,2361,554,2915,17
2021-04-21,Humboldt,023,135768,3745,3642,29,3671,35
2021-04-21,Imperial,025,180216,28044,28052,2827,30879,719
2021-04-21,Inyo,027,18085,1394,1392,2,1394,36
2021-04-21,Kern,029,883053,95916,95257,10938,106195,1297
2021-04-21,Kings,031,150075,22782,22713,1153,23866,243
2021-04-21,Lake,033,64148,3437,3421,9,3430,43
2021-04-21,Lassen,035,31185,5157,5156,108,5264,1
2021-04-21,Los Angeles,037,10098052,1194859,1189530,43210,1232740,23729
2021-04-21,Madera,039,155013,16368,16309,944,17253,231
2021-04-21,Marin,041,260295,13832,13822,245,14067,227
2021-04-21,Mariposa,043,17540,413,402,11,413,5
2021-04-21,Mendocino,045,87422,3800,3729,71,3800,46
2021-04-21,Merced,047,269075,30476,30471,987,31458,442
2021-04-21,Modoc,049,8938,367,360,122,482,3
2021-04-21,Mono,051,14174,1236,1254,12,1266,3
2021-04-21,Monterey,053,433212,42749,42699,1897,44596,377
2021-04-21,Napa,055,140530,9731,9727,33,9760,79
2021-04-21,Nevada,057,99092,4573,4499,191,4690,70
2021-04-21,Orange,059,3164182,253133,252243,11478,263721,4889
2021-04-21,Placer,061,380077,22391,21896,1444,23340,282
2021-04-21,Plumas,063,18699,681,670,11,681,4
2021-04-21,Riverside,065,2383286,289375,286299,14463,300762,4388
2021-04-21,Sacramento,067,1510023,102371,101803,1652,103455,1579
2021-04-21,San Benito,069,59416,5993,5998,115,6113,63
2021-04-21,San Bernardino,071,2135413,290689,290049,9337,299386,4572
2021-04-21,San Diego,073,3302833,276071,275632,14278,289910,3681
2021-04-21,San Francisco,075,870044,36023,36194,1345,37539,529
2021-04-21,San Joaquin,077,732212,71321,70687,3560,74247,1295
2021-04-21,San Luis Obispo,079,281455,20884,20724,747,21471,255
2021-04-21,San Mateo,081,765935,41687,41318,463,41781,355
2021-04-21,Santa Barbara,083,443738,34093,33830,1225,35055,445
2021-04-21,Santa Clara,085,1922200,116564,117318,746,118064,1946
2021-04-21,Santa Cruz,087,273765,15990,15698,868,16566,204
2021-04-21,Shasta,089,179085,11692,11722,1473,13195,192
2021-04-21,Sierra,091,2930,53,51,14,65,0
2021-04-21,Siskiyou,093,43540,1664,1557,307,1864,11
2021-04-21,Solano,095,438530,31826,31712,481,32193,244
2021-04-21,Sonoma,097,501317,29516,29697,309,30006,318
2021-04-21,Stanislaus,099,539301,54424,54290,6000,60290,742
2021-04-21,Sutter,101,95872,9313,9297,87,9384,110
2021-04-21,Tehama,103,63373,4904,4893,569,5462,53
2021-04-21,Trinity,105,12862,405,326,67,393,3
2021-04-21,Tulare,107,460477,49111,48653,9222,57875,828
2021-04-21,Tuolumne,109,53932,4012,4019,36,4055,58
2021-04-21,Ventura,111,848112,80306,80039,3044,83083,996
2021-04-21,Yolo,113,214977,13643,13606,288,13894,200
2021-04-21,Yuba,115,75493,5844,5822,120,5942,44
2021-04-20,Alameda,001,1643700,85953,85652,1968,87620,1248
2021-04-20,Alpine,003,1148,86,85,0,85,0
2021-04-20,Amador,005,37829,3641,3631,34,3665,46
2021-04-20,Butte,007,227075,11937,11619,1804,13423,196
2021-04-20,Calaveras,009,45235,2058,2053,12,2065,50
2021-04-20,Colusa,011,21464,1912,1915,295,2210,14
2021-04-20,Contra Costa,013,1133247,67520,66889,1257,68146,782
2021-04-20,Del Norte,015,27424,1251,1250,6,1256,6
2021-04-20,El Dorado,017,186661,9794,9743,717,10460,106
2021-04-20,Fresno,019,978130,100667,100768,8766,109534,1650
2021-04-20,Glenn,021,27897,2364,2359,553,2912,17
2021-04-20,Humboldt,023,135768,3725,3612,29,3641,35
2021-04-20,Imperial,025,180216,28025,28024,2824,30848,719
2021-04-20,Inyo,027,18085,1394,1393,2,1395,36
2021-04-20,Kern,029,883053,95880,95223,10921,106144,1295
2021-04-20,Kings,031,150075,22776,22693,1150,23843,243
2021-04-20,Lake,033,64148,3435,3418,9,3427,43
2021-04-20,Lassen,035,31185,5157,5155,108,5263,1
2021-04-20,Los Angeles,037,10098052,1194516,1189256,43180,1232436,23694
2021-04-20,Madera,039,155013,16362,16301,944,17245,231
2021-04-20,Marin,041,260295,13818,13807,245,14052,227
2021-04-20,Mariposa,043,17540,412,402,11,413,5
2021-04-20,Mendocino,045,87422,3799,3726,71,3797,46
2021-04-20,Merced,047,269075,30448,30439,987,31426,441
2021-04-20,Modoc,049,8938,367,359,122,481,3
2021-04-20,Mono,051,14174,1235,1254,12,1266,3
2021-04-20,Monterey,053,433212,42738,42663,1894,44557,363
2021-04-20,Napa,055,140530,9727,9711,33,9744,79
2021-04-20,Nevada,057,99092,4556,4485,190,4675,70
2021-04-20,Orange,059,3164182,253044,252134,11466,263600,4887
2021-04-20,Placer,061,380077,22357,21846,1440,23286,282
2021-04-20,Plumas,063,18699,680,670,11,681,4
2021-04-20,Riverside,065,2383286,289282,286194,14457,300651,4388
2021-04-20,Sacramento,067,1510023,102233,101629,1644,103273,1574
2021-04-20,San Benito,069,59416,5990,5988,115,6103,63
2021-04-20,San Bernardino,071,2135413,290610,289905,9334,299239,4569
2021-04-20,San Diego,073,3302833,275841,275369,14245,289614,3674
2021-04-20,San Francisco,075,870044,36004,36117,1344,37461,529
2021-04-20,San Joaquin,077,732212,71248,70590,3551,74141,1289
2021-04-20,San Luis Obispo,079,281455,20861,20691,739,21430,254
2021-04-20,San Mateo,081,765935,41656,41251,463,41714,355
2021-04-20,Santa Barbara,083,443738,34075,33803,1225,35028,445
2021-04-20,Santa Clara,085,1922200,116467,117228,741,117969,1944
2021-04-20,Santa Cruz,087,273765,15978,15647,868,16515,204
2021-04-20,Shasta,089,179085,11676,11677,1470,13147,189
2021-04-20,Sierra,091,2930,53,51,14,65,0
2021-04-20,Siskiyou,093,43540,1656,1551,306,1857,10
2021-04-20,Solano,095,438530,31771,31673,477,32150,243
2021-04-20,Sonoma,097,501317,29507,29676,307,29983,311
2021-04-20,Stanislaus,099,539301,54359,54236,5987,60223,735
2021-04-20,Sutter,101,95872,9309,9279,87,9366,109
2021-04-20,Tehama,103,63373,4899,4887,568,5455,52
2021-04-20,Trinity,105,12862,405,326,67,393,3
2021-04-20,Tulare,107,460477,49091,48650,9211,57861,831
2021-04-20,Tuolumne,109,53932,4012,4014,36,4050,58
2021-04-20,Ventura,111,848112,80278,80018,3042,83060,995
2021-04-20,Yolo,113,214977,13624,13581,286,13867,200
2021-04-20,Yuba,115,75493,5834,5814,120,5934,44
2021-04-19,Alameda,001,1643700,85831,85583,1965,87548,1247
2021-04-19,Alpine,003,1148,86,85,0,85,0
2021-04-19,Amador,005,37829,3640,3629,34,3663,46
2021-04-19,Butte,007,227075,11918,11601,1799,13400,196
2021-04-19,Calaveras,009,45235,2055,2050,12,2062,50
2021-04-19,Colusa,011,21464,1912,1913,294,2207,14
2021-04-19,Contra Costa,013,1133247,67443,66833,1254,68087,782
2021-04-19,Del Norte,015,27424,1249,1247,6,1253,6
2021-04-19,El Dorado,017,186661,9778,9726,712,10438,106
2021-04-19,Fresno,019,978130,100599,100702,8754,109456,1646
2021-04-19,Glenn,021,27897,2364,2358,552,2910,17
2021-04-19,Humboldt,023,135768,3705,3602,27,3629,35
2021-04-19,Imperial,025,180216,28004,27995,2824,30819,719
2021-04-19,Inyo,027,18085,1394,1392,2,1394,36
2021-04-19,Kern,029,883053,95850,95162,10906,106068,1290
2021-04-19,Kings,031,150075,22760,22688,1150,23838,243
2021-04-19,Lake,033,64148,3434,3416,9,3425,43
2021-04-19,Lassen,035,31185,5156,5156,108,5264,1
2021-04-19,Los Angeles,037,10098052,1194140,1188945,43153,1232098,23666
2021-04-19,Madera,039,155013,16351,16289,943,17232,231
2021-04-19,Marin,041,260295,13807,13804,244,14048,226
2021-04-19,Mariposa,043,17540,411,401,11,412,5
2021-04-19,Mendocino,045,87422,3797,3722,71,3793,46
2021-04-19,Merced,047,269075,30419,30422,986,31408,441
2021-04-19,Modoc,049,8938,367,359,122,481,3
2021-04-19,Mono,051,14174,1234,1254,12,1266,3
2021-04-19,Monterey,053,433212,42725,42642,1889,44531,356
2021-04-19,Napa,055,140530,9719,9680,33,9713,79
2021-04-19,Nevada,057,99092,4540,4477,190,4667,70
2021-04-19,Orange,059,3164182,252926,252013,11452,263465,4883
2021-04-19,Placer,061,380077,22334,21814,1436,23250,282
2021-04-19,Plumas,063,18699,680,665,11,676,4
2021-04-19,Riverside,065,2383286,289190,286087,14447,300534,4371
2021-04-19,Sacramento,067,1510023,102099,101482,1632,103114,1572
2021-04-19,San Benito,069,59416,5982,5989,115,6104,63
2021-04-19,San Bernardino,071,2135413,290526,289738,9327,299065,4561
2021-04-19,San Diego,073,3302833,275593,275113,14212,289325,3674
2021-04-19,San Francisco,075,870044,35969,36094,1341,37435,529
2021-04-19,San Joaquin,077,732212,71169,70514,3543,74057,1289
2021-04-19,San Luis Obispo,079,281455,20835,20669,733,21402,254
2021-04-19,San Mateo,081,765935,41623,41226,462,41688,355
2021-04-19,Santa Barbara,083,443738,34061,33786,1225,35011,446
2021-04-19,Santa Clara,085,1922200,116356,117099,737,117836,1944
2021-04-19,Santa Cruz,087,273765,15966,15600,868,16468,204
2021-04-19,Shasta,089,179085,11661,11662,1462,13124,189
2021-04-19,Sierra,091,2930,53,51,14,65,0
2021-04-19,Siskiyou,093,43540,1646,1544,306,1850,10
2021-04-19,Solano,095,438530,31733,31643,472,32115,239
2021-04-19,Sonoma,097,501317,29488,29667,307,29974,311
2021-04-19,Stanislaus,099,539301,54283,54179,5983,60162,728
2021-04-19,Sutter,101,95872,9298,9269,87,9356,109
2021-04-19,Tehama,103,63373,4894,4878,568,5446,52
2021-04-19,Trinity,105,12862,405,326,67,393,3
2021-04-19,Tulare,107,460477,49075,48630,9198,57828,831
2021-04-19,Tuolumne,109,53932,4011,4010,36,4046,58
2021-04-19,Ventura,111,848112,80252,80000,3040,83040,996
2021-04-19,Yolo,113,214977,13612,13572,283,13855,200
2021-04-19,Yuba,115,75493,5827,5804,119,5923,44
2021-04-18,Alameda,001,1643700,85717,85481,1957,87438,1247
2021-04-18,Alpine,003,1148,86,85,0,85,0
2021-04-18,Amador,005,37829,3637,3627,34,3661,46
2021-04-18,Butte,007,227075,11900,11591,1794,13385,196
2021-04-18,Calaveras,009,45235,2051,2047,12,2059,50
2021-04-18,Colusa,011,21464,1908,1912,293,2205,14
2021-04-18,Contra Costa,013,1133247,67339,66750,1249,67999,782
2021-04-18,Del Norte,015,27424,1249,1240,6,1246,6
2021-04-18,El Dorado,017,186661,9755,9710,710,10420,106
2021-04-18,Fresno,019,978130,100542,100621,8748,109369,1646
2021-04-18,Glenn,021,27897,2359,2358,552,2910,17
2021-04-18,Humboldt,023,135768,3677,3590,27,3617,35
2021-04-18,Imperial,025,180216,27989,27991,2819,30810,719
2021-04-18,Inyo,027,18085,1393,1392,2,1394,36
2021-04-18,Kern,029,883053,95815,95129,10889,106018,1290
2021-04-18,Kings,031,150075,22751,22685,1150,23835,243
2021-04-18,Lake,033,64148,3433,3413,9,3422,43
2021-04-18,Lassen,035,31185,5153,5156,108,5264,1
2021-04-18,Los Angeles,037,10098052,1193689,1188620,43126,1231746,23648
2021-04-18,Madera,039,155013,16340,16277,942,17219,231
2021-04-18,Marin,041,260295,13800,13801,243,14044,226
2021-04-18,Mariposa,043,17540,410,400,10,410,5
2021-04-18,Mendocino,045,87422,3794,3722,71,3793,46
2021-04-18,Merced,047,269075,30382,30405,984,31389,441
2021-04-18,Modoc,049,8938,367,359,122,481,3
2021-04-18,Mono,051,14174,1234,1254,12,1266,3
2021-04-18,Monterey,053,433212,42713,42638,1888,44526,356
2021-04-18,Napa,055,140530,9703,9674,33,9707,79
2021-04-18,Nevada,057,99092,4525,4464,190,4654,70
2021-04-18,Orange,059,3164182,252811,251940,11444,263384,4883
2021-04-18,Placer,061,380077,22291,21783,1429,23212,282
2021-04-18,Plumas,063,18699,679,665,11,676,4
2021-04-18,Riverside,065,2383286,289101,286043,14442,300485,4371
2021-04-18,Sacramento,067,1510023,101924,101354,1626,102980,1572
2021-04-18,San Benito,069,59416,5980,5989,115,6104,63
2021-04-18,San Bernardino,071,2135413,290433,289691,9318,299009,4556
2021-04-18,San Diego,073,3302833,275314,274961,14177,289138,3674
2021-04-18,San Francisco,075,870044,35934,36073,1337,37410,525
2021-04-18,San Joaquin,077,732212,71088,70466,3534,74000,1289
2021-04-18,San Luis Obispo,079,281455,20814,20656,726,21382,254
2021-04-18,San Mateo,081,765935,41594,41201,461,41662,352
2021-04-18,Santa Barbara,083,443738,34027,33769,1224,34993,446
2021-04-18,Santa Clara,085,1922200,116228,116996,722,117718,1944
2021-04-18,Santa Cruz,087,273765,15956,15580,867,16447,204
2021-04-18,Shasta,089,179085,11640,11658,1459,13117,189
2021-04-18,Sierra,091,2930,53,51,14,65,0
2021-04-18,Siskiyou,093,43540,1635,1538,304,1842,10
2021-04-18,Solano,095,438530,31683,31606,471,32077,239
2021-04-18,Sonoma,097,501317,29472,29660,305,29965,311
2021-04-18,Stanislaus,099,539301,54203,54132,5974,60106,728
2021-04-18,Sutter,101,95872,9284,9261,87,9348,109
2021-04-18,Tehama,103,63373,4885,4877,567,5444,52
2021-04-18,Trinity,105,12862,405,326,67,393,3
2021-04-18,Tulare,107,460477,49063,48618,9192,57810,829
2021-04-18,Tuolumne,109,53932,4010,4008,35,4043,58
2021-04-18,Ventura,111,848112,80222,79984,3036,83020,996
2021-04-18,Yolo,113,214977,13600,13562,281,13843,200
2021-04-18,Yuba,115,75493,5820,5804,119,5923,44
2021-04-17,Alameda,001,1643700,85644,85367,1953,87320,1247
2021-04-17,Alpine,003,1148,86,85,0,85,0
2021-04-17,Amador,005,37829,3635,3625,34,3659,46
2021-04-17,Butte,007,227075,11880,11573,1790,13363,196
2021-04-17,Calaveras,009,45235,2048,2045,12,2057,50
2021-04-17,Colusa,011,21464,1908,1912,293,2205,14
2021-04-17,Contra Costa,013,1133247,67291,66657,1241,67898,782
2021-04-17,Del Norte,015,27424,1249,1238,6,1244,6
2021-04-17,El Dorado,017,186661,9740,9692,707,10399,106
2021-04-17,Fresno,019,978130,100510,100562,8741,109303,1646
2021-04-17,Glenn,021,27897,2359,2357,552,2909,17
2021-04-17,Humboldt,023,135768,3654,3579,27,3606,35
2021-04-17,Imperial,025,180216,27978,27987,2818,30805,719
2021-04-17,Inyo,027,18085,1390,1392,2,1394,36
2021-04-17,Kern,029,883053,95797,95102,10885,105987,1290
2021-04-17,Kings,031,150075,22746,22678,1149,23827,243
2021-04-17,Lake,033,64148,3432,3409,9,3418,43
2021-04-17,Lassen,035,31185,5153,5154,108,5262,1
2021-04-17,Los Angeles,037,10098052,1193434,1188262,43093,1231355,23653
2021-04-17,Madera,039,155013,16336,16260,941,17201,231
2021-04-17,Marin,041,260295,13796,13797,242,14039,226
2021-04-17,Mariposa,043,17540,409,398,10,408,5
2021-04-17,Mendocino,045,87422,3791,3721,71,3792,46
2021-04-17,Merced,047,269075,30367,30392,982,31374,441
2021-04-17,Modoc,049,8938,367,357,122,479,3
2021-04-17,Mono,051,14174,1234,1253,12,1265,3
2021-04-17,Monterey,053,433212,42704,42630,1886,44516,356
2021-04-17,Napa,055,140530,9699,9666,33,9699,79
2021-04-17,Nevada,057,99092,4517,4457,190,4647,70
2021-04-17,Orange,059,3164182,252742,251873,11432,263305,4878
2021-04-17,Placer,061,380077,22268,21736,1424,23160,282
2021-04-17,Plumas,063,18699,678,666,11,677,4
2021-04-17,Riverside,065,2383286,289032,285963,14434,300397,4371
2021-04-17,Sacramento,067,1510023,101815,101172,1614,102786,1572
2021-04-17,San Benito,069,59416,5974,5986,115,6101,63
2021-04-17,San Bernardino,071,2135413,290378,289624,9315,298939,4555
2021-04-17,San Diego,073,3302833,275167,274812,14143,288955,3674
2021-04-17,San Francisco,075,870044,35913,36032,1334,37366,523
2021-04-17,San Joaquin,077,732212,71048,70372,3524,73896,1288
2021-04-17,San Luis Obispo,079,281455,20803,20642,721,21363,254
2021-04-17,San Mateo,081,765935,41571,41157,461,41618,352
2021-04-17,Santa Barbara,083,443738,33996,33738,1222,34960,446
2021-04-17,Santa Clara,085,1922200,116137,116887,719,117606,1944
2021-04-17,Santa Cruz,087,273765,15950,15571,867,16438,204
2021-04-17,Shasta,089,179085,11625,11647,1458,13105,189
2021-04-17,Sierra,091,2930,53,51,14,65,0
2021-04-17,Siskiyou,093,43540,1630,1539,303,1842,10
2021-04-17,Solano,095,438530,31652,31541,468,32009,239
2021-04-17,Sonoma,097,501317,29465,29637,305,29942,311
2021-04-17,Stanislaus,099,539301,54166,54058,5969,60027,728
2021-04-17,Sutter,101,95872,9278,9252,87,9339,109
2021-04-17,Tehama,103,63373,4879,4875,566,5441,52
2021-04-17,Trinity,105,12862,405,326,67,393,3
2021-04-17,Tulare,107,460477,49051,48603,9188,57791,829
2021-04-17,Tuolumne,109,53932,4008,4005,35,4040,58
2021-04-17,Ventura,111,848112,80202,79964,3036,83000,996
2021-04-17,Yolo,113,214977,13590,13580,281,13861,200
2021-04-17,Yuba,115,75493,5815,5802,118,5920,44
2021-04-16,Alameda,001,1643700,85564,85243,1951,87194,1245
2021-04-16,Alpine,003,1148,86,85,0,85,0
2021-04-16,Amador,005,37829,3630,3621,34,3655,46
2021-04-16,Butte,007,227075,11868,11549,1788,13337,196
2021-04-16,Calaveras,009,45235,2046,2042,12,2054,50
2021-04-16,Colusa,011,21464,1906,1911,293,2204,14
2021-04-16,Contra Costa,013,1133247,67236,66569,1238,67807,782
2021-04-16,Del Norte,015,27424,1248,1237,6,1243,6
2021-04-16,El Dorado,017,186661,9720,9665,703,10368,106
2021-04-16,Fresno,019,978130,100461,100500,8734,109234,1643
2021-04-16,Glenn,021,27897,2359,2355,552,2907,17
2021-04-16,Humboldt,023,135768,3633,3570,26,3596,35
2021-04-16,Imperial,025,180216,27968,27962,2817,30779,719
2021-04-16,Inyo,027,18085,1390,1392,2,1394,36
2021-04-16,Kern,029,883053,95768,95066,10882,105948,1288
2021-04-16,Kings,031,150075,22743,22667,1147,23814,243
2021-04-16,Lake,033,64148,3426,3406,9,3415,43
2021-04-16,Lassen,035,31185,5152,5155,108,5263,1
2021-04-16,Los Angeles,037,10098052,1193136,1187818,43054,1230872,23627
2021-04-16,Madera,039,155013,16331,16250,939,17189,231
2021-04-16,Marin,041,260295,13793,13788,242,14030,226
2021-04-16,Mariposa,043,17540,408,396,9,405,5
2021-04-16,Mendocino,045,87422,3789,3719,71,3790,46
2021-04-16,Merced,047,269075,30352,30355,982,31337,438
2021-04-16,Modoc,049,8938,367,355,122,477,3
2021-04-16,Mono,051,14174,1234,1253,12,1265,3
2021-04-16,Monterey,053,433212,42693,42620,1884,44504,351
2021-04-16,Napa,055,140530,9691,9653,33,9686,79
2021-04-16,Nevada,057,99092,4508,4443,190,4633,70
2021-04-16,Orange,059,3164182,252679,251770,11423,263193,4873
2021-04-16,Placer,061,380077,22241,21680,1418,23098,282
2021-04-16,Plumas,063,18699,677,665,11,676,4
2021-04-16,Riverside,065,2383286,288956,285818,14432,300250,4369
2021-04-16,Sacramento,067,1510023,101719,100993,1609,102602,1572
2021-04-16,San Benito,069,59416,5972,5982,115,6097,63
2021-04-16,San Bernardino,071,2135413,290331,289424,9313,298737,4550
2021-04-16,San Diego,073,3302833,275013,274567,14125,288692,3662
2021-04-16,San Francisco,075,870044,35888,35993,1330,37323,517
2021-04-16,San Joaquin,077,732212,70981,70280,3516,73796,1288
2021-04-16,San Luis Obispo,079,281455,20791,20623,720,21343,253
2021-04-16,San Mateo,081,765935,41542,41107,460,41567,352
2021-04-16,Santa Barbara,083,443738,33978,33703,1222,34925,446
2021-04-16,Santa Clara,085,1922200,116037,116693,716,117409,1941
2021-04-16,Santa Cruz,087,273765,15948,15539,867,16406,204
2021-04-16,Shasta,089,179085,11613,11623,1456,13079,189
2021-04-16,Sierra,091,2930,53,51,14,65,0
2021-04-16,Siskiyou,093,43540,1626,1530,301,1831,10
2021-04-16,Solano,095,438530,31613,31470,465,31935,239
2021-04-16,Sonoma,097,501317,29454,29617,305,29922,311
2021-04-16,Stanislaus,099,539301,54118,53983,5967,59950,728
2021-04-16,Sutter,101,95872,9272,9247,87,9334,109
2021-04-16,Tehama,103,63373,4878,4866,566,5432,52
2021-04-16,Trinity,105,12862,405,326,67,393,3
2021-04-16,Tulare,107,460477,49040,48583,9185,57768,830
2021-04-16,Tuolumne,109,53932,4005,4005,35,4040,58
2021-04-16,Ventura,111,848112,80177,79942,3031,82973,994
2021-04-16,Yolo,113,214977,13577,13559,279,13838,198
2021-04-16,Yuba,115,75493,5812,5795,117,5912,44
2021-04-15,Alameda,001,1643700,85458,85089,1949,87038,1246
2021-04-15,Alpine,003,1148,86,85,0,85,0
2021-04-15,Amador,005,37829,3629,3616,34,3650,46
2021-04-15,Butte,007,227075,11853,11529,1784,13313,196
2021-04-15,Calaveras,009,45235,2045,2039,12,2051,50
2021-04-15,Colusa,011,21464,1904,1909,292,2201,14
2021-04-15,Contra Costa,013,1133247,67162,66480,1234,67714,781
2021-04-15,Del Norte,015,27424,1241,1235,6,1241,6
2021-04-15,El Dorado,017,186661,9707,9639,701,10340,106
2021-04-15,Fresno,019,978130,100402,100431,8727,109158,1642
2021-04-15,Glenn,021,27897,2359,2354,552,2906,17
2021-04-15,Humboldt,023,135768,3611,3561,26,3587,35
2021-04-15,Imperial,025,180216,27940,27920,2814,30734,718
2021-04-15,Inyo,027,18085,1390,1393,2,1395,36
2021-04-15,Kern,029,883053,95736,94989,10867,105856,1289
2021-04-15,Kings,031,150075,22729,22648,1147,23795,242
2021-04-15,Lake,033,64148,3425,3399,9,3408,43
2021-04-15,Lassen,035,31185,5151,5152,108,5260,1
2021-04-15,Los Angeles,037,10098052,1192742,1187274,43014,1230288,23598
2021-04-15,Madera,039,155013,16316,16234,939,17173,231
2021-04-15,Marin,041,260295,13789,13783,241,14024,226
2021-04-15,Mariposa,043,17540,406,395,9,404,5
2021-04-15,Mendocino,045,87422,3788,3714,71,3785,46
2021-04-15,Merced,047,269075,30326,30325,981,31306,437
2021-04-15,Modoc,049,8938,367,355,122,477,3
2021-04-15,Mono,051,14174,1233,1253,12,1265,3
2021-04-15,Monterey,053,433212,42683,42604,1882,44486,347
2021-04-15,Napa,055,140530,9683,9645,33,9678,79
2021-04-15,Nevada,057,99092,4496,4434,189,4623,70
2021-04-15,Orange,059,3164182,252584,251679,11410,263089,4857
2021-04-15,Placer,061,380077,22212,21614,1411,23025,281
2021-04-15,Plumas,063,18699,675,665,11,676,4
2021-04-15,Riverside,065,2383286,288857,285698,14425,300123,4363
2021-04-15,Sacramento,067,1510023,101589,100782,1595,102377,1570
2021-04-15,San Benito,069,59416,5969,5969,114,6083,63
2021-04-15,San Bernardino,071,2135413,290243,289288,9306,298594,4544
2021-04-15,San Diego,073,3302833,274767,274250,14066,288316,3653
2021-04-15,San Francisco,075,870044,35870,35947,1327,37274,510
2021-04-15,San Joaquin,077,732212,70900,70189,3508,73697,1288
2021-04-15,San Luis Obispo,079,281455,20775,20591,717,21308,253
2021-04-15,San Mateo,081,765935,41503,41050,459,41509,352
2021-04-15,Santa Barbara,083,443738,33960,33672,1218,34890,446
2021-04-15,Santa Clara,085,1922200,115931,116602,712,117314,1927
2021-04-15,Santa Cruz,087,273765,15938,15509,867,16376,203
2021-04-15,Shasta,089,179085,11599,11597,1452,13049,191
2021-04-15,Sierra,091,2930,53,51,14,65,0
2021-04-15,Siskiyou,093,43540,1620,1524,301,1825,10
2021-04-15,Solano,095,438530,31575,31394,464,31858,239
2021-04-15,Sonoma,097,501317,29440,29587,305,29892,311
2021-04-15,Stanislaus,099,539301,54064,53918,5959,59877,728
2021-04-15,Sutter,101,95872,9265,9237,87,9324,109
2021-04-15,Tehama,103,63373,4876,4854,565,5419,52
2021-04-15,Trinity,105,12862,405,326,67,393,3
2021-04-15,Tulare,107,460477,49019,48556,9185,57741,829
2021-04-15,Tuolumne,109,53932,4005,4003,35,4038,57
2021-04-15,Ventura,111,848112,80158,79917,3029,82946,989
2021-04-15,Yolo,113,214977,13558,13547,277,13824,198
2021-04-15,Yuba,115,75493,5809,5788,117,5905,44
2021-04-14,Alameda,001,1643700,85360,85009,1948,86957,1247
2021-04-14,Alpine,003,1148,86,85,0,85,0
2021-04-14,Amador,005,37829,3628,3613,34,3647,46
2021-04-14,Butte,007,227075,11840,11513,1783,13296,196
2021-04-14,Calaveras,009,45235,2043,2037,12,2049,50
2021-04-14,Colusa,011,21464,1904,1905,292,2197,14
2021-04-14,Contra Costa,013,1133247,67076,66400,1228,67628,781
2021-04-14,Del Norte,015,27424,1241,1228,6,1234,6
2021-04-14,El Dorado,017,186661,9692,9625,696,10321,106
2021-04-14,Fresno,019,978130,100345,100376,8714,109090,1640
2021-04-14,Glenn,021,27897,2359,2353,552,2905,17
2021-04-14,Humboldt,023,135768,3590,3551,25,3576,35
2021-04-14,Imperial,025,180216,27919,27907,2811,30718,718
2021-04-14,Inyo,027,18085,1390,1392,2,1394,36
2021-04-14,Kern,029,883053,95711,94947,10860,105807,1287
2021-04-14,Kings,031,150075,22720,22641,1145,23786,243
2021-04-14,Lake,033,64148,3420,3396,9,3405,43
2021-04-14,Lassen,035,31185,5150,5151,108,5259,1
2021-04-14,Los Angeles,037,10098052,1192348,1186821,42965,1229786,23579
2021-04-14,Madera,039,155013,16307,16218,939,17157,231
2021-04-14,Marin,041,260295,13787,13768,240,14008,226
2021-04-14,Mariposa,043,17540,405,394,9,403,5
2021-04-14,Mendocino,045,87422,3783,3711,71,3782,46
2021-04-14,Merced,047,269075,30308,30296,981,31277,436
2021-04-14,Modoc,049,8938,367,355,122,477,3
2021-04-14,Mono,051,14174,1233,1252,12,1264,3
2021-04-14,Monterey,053,433212,42667,42595,1878,44473,347
2021-04-14,Napa,055,140530,9672,9643,33,9676,79
2021-04-14,Nevada,057,99092,4489,4421,189,4610,70
2021-04-14,Orange,059,3164182,252478,251568,11390,262958,4849
2021-04-14,Placer,061,380077,22179,21575,1410,22985,280
2021-04-14,Plumas,063,18699,675,665,11,676,4
2021-04-14,Riverside,065,2383286,288749,285583,14419,300002,4358
2021-04-14,Sacramento,067,1510023,101414,100645,1581,102226,1570
2021-04-14,San Benito,069,59416,5967,5960,114,6074,62
2021-04-14,San Bernardino,071,2135413,290176,289078,9303,298381,4523
2021-04-14,San Diego,073,3302833,274556,273969,14037,288006,3648
2021-04-14,San Francisco,075,870044,35832,35898,1326,37224,510
2021-04-14,San Joaquin,077,732212,70830,70095,3502,73597,1288
2021-04-14,San Luis Obispo,079,281455,20752,20561,707,21268,253
2021-04-14,San Mateo,081,765935,41463,40982,456,41438,352
2021-04-14,Santa Barbara,083,443738,33931,33650,1218,34868,445
2021-04-14,Santa Clara,085,1922200,115814,116488,709,117197,1922
2021-04-14,Santa Cruz,087,273765,15928,15481,867,16348,203
2021-04-14,Shasta,089,179085,11573,11581,1450,13031,190
2021-04-14,Sierra,091,2930,53,51,14,65,0
2021-04-14,Siskiyou,093,43540,1612,1518,300,1818,10
2021-04-14,Solano,095,438530,31523,31357,456,31813,239
2021-04-14,Sonoma,097,501317,29432,29572,303,29875,311
2021-04-14,Stanislaus,099,539301,53993,53836,5950,59786,727
2021-04-14,Sutter,101,95872,9257,9230,87,9317,106
2021-04-14,Tehama,103,63373,4871,4853,563,5416,52
2021-04-14,Trinity,105,12862,405,326,67,393,3
2021-04-14,Tulare,107,460477,48993,48527,9182,57709,827
2021-04-14,Tuolumne,109,53932,4004,3997,35,4032,57
2021-04-14,Ventura,111,848112,80122,79891,3027,82918,986
2021-04-14,Yolo,113,214977,13542,13530,275,13805,198
2021-04-14,Yuba,115,75493,5807,5778,117,5895,44
2021-04-13,Alameda,001,1643700,85254,84921,1943,86864,1239
2021-04-13,Alpine,003,1148,86,85,0,85,0
2021-04-13,Amador,005,37829,3625,3609,34,3643,46
2021-04-13,Butte,007,227075,11822,11497,1780,13277,196
2021-04-13,Calaveras,009,45235,2040,2035,12,2047,50
2021-04-13,Colusa,011,21464,1902,1905,290,2195,14
2021-04-13,Contra Costa,013,1133247,66986,66304,1228,67532,778
2021-04-13,Del Norte,015,27424,1236,1221,6,1227,6
2021-04-13,El Dorado,017,186661,9666,9609,694,10303,106
2021-04-13,Fresno,019,978130,100265,100357,8708,109065,1636
2021-04-13,Glenn,021,27897,2358,2351,552,2903,17
2021-04-13,Humboldt,023,135768,3573,3540,25,3565,35
2021-04-13,Imperial,025,180216,27901,27887,2802,30689,718
2021-04-13,Inyo,027,18085,1390,1391,2,1393,36
2021-04-13,Kern,029,883053,95667,94908,10848,105756,1285
2021-04-13,Kings,031,150075,22704,22636,1144,23780,243
2021-04-13,Lake,033,64148,3417,3390,9,3399,43
2021-04-13,Lassen,035,31185,5149,5147,108,5255,1
2021-04-13,Los Angeles,037,10098052,1191898,1186482,42919,1229401,23526
2021-04-13,Madera,039,155013,16297,16207,937,17144,231
2021-04-13,Marin,041,260295,13779,13760,239,13999,224
2021-04-13,Mariposa,043,17540,404,394,6,400,5
2021-04-13,Mendocino,045,87422,3777,3702,71,3773,46
2021-04-13,Merced,047,269075,30277,30276,979,31255,435
2021-04-13,Modoc,049,8938,367,355,122,477,3
2021-04-13,Mono,051,14174,1233,1251,12,1263,3
2021-04-13,Monterey,053,433212,42656,42577,1878,44455,347
2021-04-13,Napa,055,140530,9662,9627,33,9660,79
2021-04-13,Nevada,057,99092,4477,4415,189,4604,69
2021-04-13,Orange,059,3164182,252382,251491,11372,262863,4836
2021-04-13,Placer,061,380077,22142,21534,1407,22941,280
2021-04-13,Plumas,063,18699,674,665,11,676,4
2021-04-13,Riverside,065,2383286,288631,285505,14412,299917,4348
2021-04-13,Sacramento,067,1510023,101240,100551,1576,102127,1569
2021-04-13,San Benito,069,59416,5964,5946,114,6060,62
2021-04-13,San Bernardino,071,2135413,290061,288929,9297,298226,4521
2021-04-13,San Diego,073,3302833,274302,273709,14002,287711,3623
2021-04-13,San Francisco,075,870044,35796,35869,1322,37191,506
2021-04-13,San Joaquin,077,732212,70722,70034,3494,73528,1288
2021-04-13,San Luis Obispo,079,281455,20725,20536,697,21233,253
2021-04-13,San Mateo,081,765935,41418,40955,456,41411,353
2021-04-13,Santa Barbara,083,443738,33909,33613,1215,34828,444
2021-04-13,Santa Clara,085,1922200,115685,116363,707,117070,1923
2021-04-13,Santa Cruz,087,273765,15921,15449,867,16316,203
2021-04-13,Shasta,089,179085,11553,11536,1447,12983,189
2021-04-13,Sierra,091,2930,53,51,14,65,0
2021-04-13,Siskiyou,093,43540,1604,1511,296,1807,10
2021-04-13,Solano,095,438530,31475,31335,452,31787,239
2021-04-13,Sonoma,097,501317,29424,29544,302,29846,311
2021-04-13,Stanislaus,099,539301,53921,53797,5940,59737,722
2021-04-13,Sutter,101,95872,9253,9226,87,9313,106
2021-04-13,Tehama,103,63373,4864,4850,560,5410,52
2021-04-13,Trinity,105,12862,405,326,67,393,3
2021-04-13,Tulare,107,460477,48981,48511,9178,57689,825
2021-04-13,Tuolumne,109,53932,4002,3995,35,4030,57
2021-04-13,Ventura,111,848112,80090,79854,3025,82879,986
2021-04-13,Yolo,113,214977,13530,13516,274,13790,198
2021-04-13,Yuba,115,75493,5798,5776,117,5893,44
2021-04-12,Alameda,001,1643700,85152,84817,1941,86758,1238
2021-04-12,Alpine,003,1148,86,85,0,85,0
2021-04-12,Amador,005,37829,3624,3607,34,3641,46
2021-04-12,Butte,007,227075,11807,11488,1776,13264,193
2021-04-12,Calaveras,009,45235,2038,2033,12,2045,50
2021-04-12,Colusa,011,21464,1900,1904,288,2192,14
2021-04-12,Contra Costa,013,1133247,66905,66176,1228,67404,777
2021-04-12,Del Norte,015,27424,1233,1216,6,1222,6
2021-04-12,El Dorado,017,186661,9649,9588,692,10280,106
2021-04-12,Fresno,019,978130,100204,100277,8684,108961,1633
2021-04-12,Glenn,021,27897,2357,2349,552,2901,17
2021-04-12,Humboldt,023,135768,3559,3533,24,3557,35
2021-04-12,Imperial,025,180216,27871,27851,2797,30648,717
2021-04-12,Inyo,027,18085,1390,1390,2,1392,36
2021-04-12,Kern,029,883053,95631,94861,10836,105697,1283
2021-04-12,Kings,031,150075,22696,22621,1143,23764,241
2021-04-12,Lake,033,64148,3413,3380,9,3389,43
2021-04-12,Lassen,035,31185,5148,5147,108,5255,1
2021-04-12,Los Angeles,037,10098052,1191402,1186145,42877,1229022,23505
2021-04-12,Madera,039,155013,16286,16174,934,17108,231
2021-04-12,Marin,041,260295,13767,13751,236,13987,224
2021-04-12,Mariposa,043,17540,403,394,6,400,5
2021-04-12,Mendocino,045,87422,3776,3699,71,3770,46
2021-04-12,Merced,047,269075,30245,30261,977,31238,435
2021-04-12,Modoc,049,8938,365,352,122,474,3
2021-04-12,Mono,051,14174,1233,1251,12,1263,3
2021-04-12,Monterey,053,433212,42642,42555,1876,44431,346
2021-04-12,Napa,055,140530,9648,9603,33,9636,80
2021-04-12,Nevada,057,99092,4466,4408,189,4597,69
2021-04-12,Orange,059,3164182,252296,251350,11351,262701,4826
2021-04-12,Placer,061,380077,22094,21475,1402,22877,278
2021-04-12,Plumas,063,18699,672,666,11,677,4
2021-04-12,Riverside,065,2383286,288524,285361,14406,299767,4336
2021-04-12,Sacramento,067,1510023,101065,100394,1571,101965,1566
2021-04-12,San Benito,069,59416,5956,5942,113,6055,62
2021-04-12,San Bernardino,071,2135413,289954,288736,9285,298021,4493
2021-04-12,San Diego,073,3302833,274043,273431,13973,287404,3621
2021-04-12,San Francisco,075,870044,35763,35841,1320,37161,506
2021-04-12,San Joaquin,077,732212,70651,69968,3485,73453,1288
2021-04-12,San Luis Obispo,079,281455,20681,20515,683,21198,253
2021-04-12,San Mateo,081,765935,41376,40920,452,41372,353
2021-04-12,Santa Barbara,083,443738,33878,33606,1215,34821,444
2021-04-12,Santa Clara,085,1922200,115557,116252,705,116957,1923
2021-04-12,Santa Cruz,087,273765,15902,15406,867,16273,203
2021-04-12,Shasta,089,179085,11536,11509,1443,12952,189
2021-04-12,Sierra,091,2930,53,51,14,65,0
2021-04-12,Siskiyou,093,43540,1593,1511,294,1805,7
2021-04-12,Solano,095,438530,31434,31305,449,31754,238
2021-04-12,Sonoma,097,501317,29396,29500,302,29802,310
2021-04-12,Stanislaus,099,539301,53856,53722,5933,59655,707
2021-04-12,Sutter,101,95872,9242,9221,87,9308,106
2021-04-12,Tehama,103,63373,4855,4834,556,5390,52
2021-04-12,Trinity,105,12862,405,324,67,391,3
2021-04-12,Tulare,107,460477,48961,48495,9168,57663,824
2021-04-12,Tuolumne,109,53932,3998,3993,35,4028,57
2021-04-12,Ventura,111,848112,80057,79818,3023,82841,985
2021-04-12,Yolo,113,214977,13516,13510,273,13783,198
2021-04-12,Yuba,115,75493,5792,5773,117,5890,43
2021-04-11,Alameda,001,1643700,85015,84756,1936,86692,1238
2021-04-11,Alpine,003,1148,86,85,0,85,0
2021-04-11,Amador,005,37829,3622,3605,34,3639,46
2021-04-11,Butte,007,227075,11772,11487,1773,13260,193
2021-04-11,Calaveras,009,45235,2033,2036,12,2048,50
2021-04-11,Colusa,011,21464,1899,1904,287,2191,14
2021-04-11,Contra Costa,013,1133247,66796,66107,1225,67332,777
2021-04-11,Del Norte,015,27424,1227,1214,6,1220,6
2021-04-11,El Dorado,017,186661,9635,9575,689,10264,106
2021-04-11,Fresno,019,978130,100138,100230,8672,108902,1633
2021-04-11,Glenn,021,27897,2353,2348,551,2899,17
2021-04-11,Humboldt,023,135768,3549,3523,24,3547,35
2021-04-11,Imperial,025,180216,27847,27841,2795,30636,717
2021-04-11,Inyo,027,18085,1390,1390,2,1392,36
2021-04-11,Kern,029,883053,95572,94830,10827,105657,1283
2021-04-11,Kings,031,150075,22687,22618,1140,23758,241
2021-04-11,Lake,033,64148,3409,3377,9,3386,43
2021-04-11,Lassen,035,31185,5144,5147,108,5255,1
2021-04-11,Los Angeles,037,10098052,1190892,1185757,42833,1228590,23503
2021-04-11,Madera,039,155013,16268,16166,932,17098,231
2021-04-11,Marin,041,260295,13761,13741,234,13975,226
2021-04-11,Mariposa,043,17540,403,394,6,400,5
2021-04-11,Mendocino,045,87422,3774,3696,71,3767,46
2021-04-11,Merced,047,269075,30207,30249,976,31225,435
2021-04-11,Modoc,049,8938,364,352,120,472,3
2021-04-11,Mono,051,14174,1232,1250,12,1262,3
2021-04-11,Monterey,053,433212,42635,42547,1869,44416,346
2021-04-11,Napa,055,140530,9637,9592,33,9625,80
2021-04-11,Nevada,057,99092,4452,4394,189,4583,69
2021-04-11,Orange,059,3164182,252171,251233,11338,262571,4826
2021-04-11,Placer,061,380077,22037,21458,1397,22855,278
2021-04-11,Plumas,063,18699,672,666,11,677,4
2021-04-11,Riverside,065,2383286,288395,285269,14396,299665,4336
2021-04-11,Sacramento,067,1510023,100896,100296,1558,101854,1566
2021-04-11,San Benito,069,59416,5948,5941,112,6053,62
2021-04-11,San Bernardino,071,2135413,289844,288686,9278,297964,4492
2021-04-11,San Diego,073,3302833,273746,273287,13915,287202,3621
2021-04-11,San Francisco,075,870044,35727,35815,1317,37132,498
2021-04-11,San Joaquin,077,732212,70563,69939,3474,73413,1288
2021-04-11,San Luis Obispo,079,281455,20655,20501,680,21181,253
2021-04-11,San Mateo,081,765935,41318,40901,451,41352,353
2021-04-11,Santa Barbara,083,443738,33844,33591,1214,34805,444
2021-04-11,Santa Clara,085,1922200,115422,116161,702,116863,1923
2021-04-11,Santa Cruz,087,273765,15890,15382,867,16249,203
2021-04-11,Shasta,089,179085,11492,11504,1442,12946,189
2021-04-11,Sierra,091,2930,53,51,14,65,0
2021-04-11,Siskiyou,093,43540,1587,1509,290,1799,7
2021-04-11,Solano,095,438530,31382,31268,445,31713,238
2021-04-11,Sonoma,097,501317,29370,29496,298,29794,310
2021-04-11,Stanislaus,099,539301,53774,53683,5923,59606,707
2021-04-11,Sutter,101,95872,9233,9222,87,9309,106
2021-04-11,Tehama,103,63373,4852,4832,554,5386,52
2021-04-11,Trinity,105,12862,405,324,67,391,3
2021-04-11,Tulare,107,460477,48947,48479,9161,57640,824
2021-04-11,Tuolumne,109,53932,3996,3993,35,4028,57
2021-04-11,Ventura,111,848112,80011,79800,3016,82816,985
2021-04-11,Yolo,113,214977,13495,13496,271,13767,198
2021-04-11,Yuba,115,75493,5782,5768,117,5885,43
2021-04-10,Alameda,001,1643700,84950,84626,1936,86562,1238
2021-04-10,Alpine,003,1148,86,85,0,85,0
2021-04-10,Amador,005,37829,3620,3603,34,3637,46
2021-04-10,Butte,007,227075,11761,11482,1772,13254,193
2021-04-10,Calaveras,009,45235,2033,2032,12,2044,50
2021-04-10,Colusa,011,21464,1899,1902,287,2189,14
2021-04-10,Contra Costa,013,1133247,66735,66001,1222,67223,778
2021-04-10,Del Norte,015,27424,1224,1212,6,1218,6
2021-04-10,El Dorado,017,186661,9623,9549,686,10235,106
2021-04-10,Fresno,019,978130,100105,100135,8665,108800,1633
2021-04-10,Glenn,021,27897,2353,2343,551,2894,17
2021-04-10,Humboldt,023,135768,3539,3508,24,3532,35
2021-04-10,Imperial,025,180216,27833,27816,2795,30611,717
2021-04-10,Inyo,027,18085,1390,1387,2,1389,36
2021-04-10,Kern,029,883053,95558,94802,10821,105623,1284
2021-04-10,Kings,031,150075,22683,22614,1138,23752,241
2021-04-10,Lake,033,64148,3404,3368,9,3377,43
2021-04-10,Lassen,035,31185,5144,5146,107,5253,1
2021-04-10,Los Angeles,037,10098052,1190622,1185246,42813,1228059,23493
2021-04-10,Madera,039,155013,16260,16143,931,17074,231
2021-04-10,Marin,041,260295,13756,13731,234,13965,226
2021-04-10,Mariposa,043,17540,400,393,6,399,5
2021-04-10,Mendocino,045,87422,3772,3696,71,3767,46
2021-04-10,Merced,047,269075,30187,30225,975,31200,435
2021-04-10,Modoc,049,8938,364,352,120,472,3
2021-04-10,Mono,051,14174,1232,1249,12,1261,3
2021-04-10,Monterey,053,433212,42624,42527,1868,44395,346
2021-04-10,Napa,055,140530,9630,9569,33,9602,79
2021-04-10,Nevada,057,99092,4445,4379,189,4568,69
2021-04-10,Orange,059,3164182,252078,251139,11330,262469,4818
2021-04-10,Placer,061,380077,22006,21402,1391,22793,278
2021-04-10,Plumas,063,18699,672,666,11,677,4
2021-04-10,Riverside,065,2383286,288316,285082,14388,299470,4336
2021-04-10,Sacramento,067,1510023,100794,100048,1556,101604,1566
2021-04-10,San Benito,069,59416,5937,5932,111,6043,62
2021-04-10,San Bernardino,071,2135413,289780,288590,9271,297861,4489
2021-04-10,San Diego,073,3302833,273530,273058,13896,286954,3613
2021-04-10,San Francisco,075,870044,35697,35774,1313,37087,498
2021-04-10,San Joaquin,077,732212,70528,69852,3464,73316,1288
2021-04-10,San Luis Obispo,079,281455,20640,20461,678,21139,253
2021-04-10,San Mateo,081,765935,41285,40878,451,41329,350
2021-04-10,Santa Barbara,083,443738,33816,33541,1212,34753,444
2021-04-10,Santa Clara,085,1922200,115326,116015,701,116716,1923
2021-04-10,Santa Cruz,087,273765,15884,15360,867,16227,203
2021-04-10,Shasta,089,179085,11484,11492,1438,12930,189
2021-04-10,Sierra,091,2930,53,51,14,65,0
2021-04-10,Siskiyou,093,43540,1584,1512,290,1802,7
2021-04-10,Solano,095,438530,31348,31218,441,31659,238
2021-04-10,Sonoma,097,501317,29355,29469,297,29766,310
2021-04-10,Stanislaus,099,539301,53740,53596,5916,59512,707
2021-04-10,Sutter,101,95872,9231,9214,87,9301,106
2021-04-10,Tehama,103,63373,4850,4820,552,5372,52
2021-04-10,Trinity,105,12862,405,324,67,391,3
2021-04-10,Tulare,107,460477,48938,48470,9155,57625,824
2021-04-10,Tuolumne,109,53932,3993,3991,35,4026,57
2021-04-10,Ventura,111,848112,79983,79758,3014,82772,985
2021-04-10,Yolo,113,214977,13486,13494,270,13764,198
2021-04-10,Yuba,115,75493,5779,5757,116,5873,43
2021-04-09,Alameda,001,1643700,84877,84404,1928,86332,1237
2021-04-09,Alpine,003,1148,86,85,0,85,0
2021-04-09,Amador,005,37829,3619,3600,34,3634,46
2021-04-09,Butte,007,227075,11751,11454,1771,13225,193
2021-04-09,Calaveras,009,45235,2032,2028,12,2040,50
2021-04-09,Colusa,011,21464,1899,1898,287,2185,14
2021-04-09,Contra Costa,013,1133247,66642,65857,1216,67073,777
2021-04-09,Del Norte,015,27424,1223,1207,6,1213,6
2021-04-09,El Dorado,017,186661,9600,9528,682,10210,106
2021-04-09,Fresno,019,978130,100071,100027,8660,108687,1630
2021-04-09,Glenn,021,27897,2353,2337,551,2888,17
2021-04-09,Humboldt,023,135768,3529,3496,24,3520,35
2021-04-09,Imperial,025,180216,27818,27764,2793,30557,717
2021-04-09,Inyo,027,18085,1389,1386,2,1388,36
2021-04-09,Kern,029,883053,95520,94675,10819,105494,1282
2021-04-09,Kings,031,150075,22674,22595,1135,23730,242
2021-04-09,Lake,033,64148,3400,3362,9,3371,43
2021-04-09,Lassen,035,31185,5144,5140,107,5247,1
2021-04-09,Los Angeles,037,10098052,1190255,1184501,42781,1227282,23458
2021-04-09,Madera,039,155013,16257,16118,931,17049,231
2021-04-09,Marin,041,260295,13749,13721,234,13955,226
2021-04-09,Mariposa,043,17540,400,393,6,399,5
2021-04-09,Mendocino,045,87422,3770,3693,71,3764,46
2021-04-09,Merced,047,269075,30158,30179,974,31153,435
2021-04-09,Modoc,049,8938,363,352,120,472,3
2021-04-09,Mono,051,14174,1232,1247,12,1259,3
2021-04-09,Monterey,053,433212,42615,42481,1864,44345,344
2021-04-09,Napa,055,140530,9611,9574,33,9607,80
2021-04-09,Nevada,057,99092,4437,4373,189,4562,69
2021-04-09,Orange,059,3164182,252004,250852,11325,262177,4813
2021-04-09,Placer,061,380077,21975,21327,1383,22710,278
2021-04-09,Plumas,063,18699,671,666,11,677,4
2021-04-09,Riverside,065,2383286,288233,284562,14382,298944,4325
2021-04-09,Sacramento,067,1510023,100641,99722,1548,101270,1564
2021-04-09,San Benito,069,59416,5932,5925,110,6035,62
2021-04-09,San Bernardino,071,2135413,289711,288000,9268,297268,4467
2021-04-09,San Diego,073,3302833,273332,272697,13854,286551,3600
2021-04-09,San Francisco,075,870044,35656,35716,1308,37024,497
2021-04-09,San Joaquin,077,732212,70465,69675,3452,73127,1281
2021-04-09,San Luis Obispo,079,281455,20627,20427,677,21104,252
2021-04-09,San Mateo,081,765935,41249,40800,450,41250,350
2021-04-09,Santa Barbara,083,443738,33793,33424,1209,34633,444
2021-04-09,Santa Clara,085,1922200,115242,115749,699,116448,1923
2021-04-09,Santa Cruz,087,273765,15879,15331,867,16198,203
2021-04-09,Shasta,089,179085,11474,11478,1435,12913,188
2021-04-09,Sierra,091,2930,53,51,14,65,0
2021-04-09,Siskiyou,093,43540,1581,1510,289,1799,7
2021-04-09,Solano,095,438530,31315,31166,436,31602,238
2021-04-09,Sonoma,097,501317,29342,29433,297,29730,310
2021-04-09,Stanislaus,099,539301,53685,53504,5907,59411,705
2021-04-09,Sutter,101,95872,9224,9201,87,9288,106
2021-04-09,Tehama,103,63373,4844,4806,552,5358,52
2021-04-09,Trinity,105,12862,404,324,67,391,3
2021-04-09,Tulare,107,460477,48934,48430,9149,57579,824
2021-04-09,Tuolumne,109,53932,3992,3986,35,4021,57
2021-04-09,Ventura,111,848112,79955,79698,3014,82712,987
2021-04-09,Yolo,113,214977,13475,13478,268,13746,198
2021-04-09,Yuba,115,75493,5772,5754,116,5870,43
2021-04-08,Alameda,001,1643700,84775,84213,1924,86137,1232
2021-04-08,Alpine,003,1148,86,85,0,85,0
2021-04-08,Amador,005,37829,3615,3595,34,3629,46
2021-04-08,Butte,007,227075,11740,11414,1770,13184,193
2021-04-08,Calaveras,009,45235,2030,2027,12,2039,50
2021-04-08,Colusa,011,21464,1898,1897,287,2184,14
2021-04-08,Contra Costa,013,1133247,66533,65706,1213,66919,775
2021-04-08,Del Norte,015,27424,1217,1201,6,1207,6
2021-04-08,El Dorado,017,186661,9584,9513,676,10189,106
2021-04-08,Fresno,019,978130,100008,99935,8653,108588,1627
2021-04-08,Glenn,021,27897,2351,2337,551,2888,17
2021-04-08,Humboldt,023,135768,3519,3486,24,3510,35
2021-04-08,Imperial,025,180216,27791,27744,2790,30534,713
2021-04-08,Inyo,027,18085,1388,1386,2,1388,36
2021-04-08,Kern,029,883053,95474,94493,10806,105299,1281
2021-04-08,Kings,031,150075,22668,22589,1132,23721,243
2021-04-08,Lake,033,64148,3393,3360,9,3369,43
2021-04-08,Lassen,035,31185,5143,5136,107,5243,1
2021-04-08,Los Angeles,037,10098052,1189758,1184443,42742,1227185,23416
2021-04-08,Madera,039,155013,16245,16103,931,17034,231
2021-04-08,Marin,041,260295,13742,13704,234,13938,226
2021-04-08,Mariposa,043,17540,399,393,6,399,5
2021-04-08,Mendocino,045,87422,3768,3690,71,3761,45
2021-04-08,Merced,047,269075,30136,30163,974,31137,430
2021-04-08,Modoc,049,8938,363,352,120,472,3
2021-04-08,Mono,051,14174,1230,1247,12,1259,3
2021-04-08,Monterey,053,433212,42594,42437,1859,44296,342
2021-04-08,Napa,055,140530,9594,9569,33,9602,80
2021-04-08,Nevada,057,99092,4426,4367,189,4556,69
2021-04-08,Orange,059,3164182,251897,250529,11309,261838,4797
2021-04-08,Placer,061,380077,21934,21258,1374,22632,277
2021-04-08,Plumas,063,18699,671,665,11,676,4
2021-04-08,Riverside,065,2383286,288122,283853,14377,298230,4296
2021-04-08,Sacramento,067,1510023,100502,99319,1536,100855,1561
2021-04-08,San Benito,069,59416,5929,5914,108,6022,62
2021-04-08,San Bernardino,071,2135413,289613,287190,9265,296455,4445
2021-04-08,San Diego,073,3302833,273103,272495,13818,286313,3592
2021-04-08,San Francisco,075,870044,35633,35657,1307,36964,494
2021-04-08,San Joaquin,077,732212,70394,69479,3446,72925,1279
2021-04-08,San Luis Obispo,079,281455,20608,20402,674,21076,252
2021-04-08,San Mateo,081,765935,41209,40749,450,41199,350
2021-04-08,Santa Barbara,083,443738,33769,33309,1208,34517,444
2021-04-08,Santa Clara,085,1922200,115136,115487,698,116185,1905
2021-04-08,Santa Cruz,087,273765,15873,15296,867,16163,203
2021-04-08,Shasta,089,179085,11464,11466,1431,12897,186
2021-04-08,Sierra,091,2930,53,51,14,65,0
2021-04-08,Siskiyou,093,43540,1578,1511,289,1800,7
2021-04-08,Solano,095,438530,31266,31120,436,31556,238
2021-04-08,Sonoma,097,501317,29322,29410,296,29706,310
2021-04-08,Stanislaus,099,539301,53607,53401,5897,59298,706
2021-04-08,Sutter,101,95872,9220,9195,87,9282,106
2021-04-08,Tehama,103,63373,4840,4802,552,5354,52
2021-04-08,Trinity,105,12862,404,324,67,391,3
2021-04-08,Tulare,107,460477,48921,48409,9138,57547,821
2021-04-08,Tuolumne,109,53932,3992,3986,35,4021,57
2021-04-08,Ventura,111,848112,79918,79626,3010,82636,986
2021-04-08,Yolo,113,214977,13466,13468,267,13735,198
2021-04-08,Yuba,115,75493,5768,5743,116,5859,43
2021-04-07,Alameda,001,1643700,84692,84130,1920,86050,1224
2021-04-07,Alpine,003,1148,86,85,0,85,0
2021-04-07,Amador,005,37829,3612,3590,34,3624,46
2021-04-07,Butte,007,227075,11736,11405,1767,13172,193
2021-04-07,Calaveras,009,45235,2026,2022,12,2034,50
2021-04-07,Colusa,011,21464,1894,1894,286,2180,14
2021-04-07,Contra Costa,013,1133247,66447,65619,1212,66831,775
2021-04-07,Del Norte,015,27424,1215,1198,6,1204,6
2021-04-07,El Dorado,017,186661,9563,9500,671,10171,106
2021-04-07,Fresno,019,978130,99943,99865,8643,108508,1627
2021-04-07,Glenn,021,27897,2348,2337,550,2887,17
2021-04-07,Humboldt,023,135768,3507,3484,24,3508,35
2021-04-07,Imperial,025,180216,27767,27704,2784,30488,713
2021-04-07,Inyo,027,18085,1387,1386,2,1388,36
2021-04-07,Kern,029,883053,95438,94456,10791,105247,1275
2021-04-07,Kings,031,150075,22666,22589,1132,23721,243
2021-04-07,Lake,033,64148,3391,3358,9,3367,43
2021-04-07,Lassen,035,31185,5143,5137,107,5244,1
2021-04-07,Los Angeles,037,10098052,1189326,1183862,42717,1226579,23372
2021-04-07,Madera,039,155013,16226,16090,930,17020,231
2021-04-07,Marin,041,260295,13731,13688,232,13920,225
2021-04-07,Mariposa,043,17540,398,391,6,397,5
2021-04-07,Mendocino,045,87422,3767,3691,71,3762,45
2021-04-07,Merced,047,269075,30112,30132,970,31102,430
2021-04-07,Modoc,049,8938,363,351,120,471,3
2021-04-07,Mono,051,14174,1230,1246,12,1258,3
2021-04-07,Monterey,053,433212,42576,42427,1858,44285,341
2021-04-07,Napa,055,140530,9580,9556,33,9589,80
2021-04-07,Nevada,057,99092,4420,4364,189,4553,69
2021-04-07,Orange,059,3164182,251775,250378,11285,261663,4778
2021-04-07,Placer,061,380077,21889,21227,1366,22593,276
2021-04-07,Plumas,063,18699,671,665,11,676,4
2021-04-07,Riverside,065,2383286,288012,283749,14367,298116,4285
2021-04-07,Sacramento,067,1510023,100334,99202,1530,100732,1544
2021-04-07,San Benito,069,59416,5924,5912,107,6019,62
2021-04-07,San Bernardino,071,2135413,289494,286978,9260,296238,4433
2021-04-07,San Diego,073,3302833,272878,272195,13789,285984,3588
2021-04-07,San Francisco,075,870044,35593,35618,1303,36921,493
2021-04-07,San Joaquin,077,732212,70325,69375,3441,72816,1278
2021-04-07,San Luis Obispo,079,281455,20582,20373,671,21044,252
2021-04-07,San Mateo,081,765935,41165,40693,450,41143,350
2021-04-07,Santa Barbara,083,443738,33744,33289,1205,34494,444
2021-04-07,Santa Clara,085,1922200,115006,115311,696,116007,1900
2021-04-07,Santa Cruz,087,273765,15863,15275,866,16141,203
2021-04-07,Shasta,089,179085,11452,11456,1426,12882,184
2021-04-07,Sierra,091,2930,53,51,14,65,0
2021-04-07,Siskiyou,093,43540,1572,1512,288,1800,7
2021-04-07,Solano,095,438530,31216,31097,435,31532,238
2021-04-07,Sonoma,097,501317,29304,29394,295,29689,310
2021-04-07,Stanislaus,099,539301,53539,53344,5887,59231,686
2021-04-07,Sutter,101,95872,9217,9188,87,9275,106
2021-04-07,Tehama,103,63373,4832,4802,550,5352,52
2021-04-07,Trinity,105,12862,404,322,67,389,3
2021-04-07,Tulare,107,460477,48908,48386,9126,57512,820
2021-04-07,Tuolumne,109,53932,3990,3982,35,4017,57
2021-04-07,Ventura,111,848112,79884,79595,3008,82603,986
2021-04-07,Yolo,113,214977,13450,13450,265,13715,198
2021-04-07,Yuba,115,75493,5764,5737,116,5853,43
2021-04-06,Alameda,001,1643700,84580,84091,1915,86006,1223
2021-04-06,Alpine,003,1148,86,85,0,85,0
2021-04-06,Amador,005,37829,3611,3587,34,3621,45
2021-04-06,Butte,007,227075,11721,11396,1766,13162,193
2021-04-06,Calaveras,009,45235,2023,2021,12,2033,50
2021-04-06,Colusa,011,21464,1892,1894,284,2178,14
2021-04-06,Contra Costa,013,1133247,66370,65575,1211,66786,774
2021-04-06,Del Norte,015,27424,1210,1197,6,1203,6
2021-04-06,El Dorado,017,186661,9533,9489,669,10158,106
2021-04-06,Fresno,019,978130,99879,99814,8637,108451,1626
2021-04-06,Glenn,021,27897,2347,2335,550,2885,17
2021-04-06,Humboldt,023,135768,3498,3477,24,3501,35
2021-04-06,Imperial,025,180216,27734,27661,2774,30435,713
2021-04-06,Inyo,027,18085,1387,1379,2,1381,36
2021-04-06,Kern,029,883053,95394,94422,10785,105207,1259
2021-04-06,Kings,031,150075,22660,22587,1132,23719,240
2021-04-06,Lake,033,64148,3388,3358,9,3367,43
2021-04-06,Lassen,035,31185,5141,5137,107,5244,1
2021-04-06,Los Angeles,037,10098052,1188822,1183499,42672,1226171,23323
2021-04-06,Madera,039,155013,16206,16085,925,17010,230
2021-04-06,Marin,041,260295,13722,13675,229,13904,224
2021-04-06,Mariposa,043,17540,398,390,6,396,5
2021-04-06,Mendocino,045,87422,3765,3686,71,3757,45
2021-04-06,Merced,047,269075,30083,30100,965,31065,430
2021-04-06,Modoc,049,8938,362,351,120,471,3
2021-04-06,Mono,051,14174,1230,1246,12,1258,3
2021-04-06,Monterey,053,433212,42567,42412,1857,44269,341
2021-04-06,Napa,055,140530,9561,9509,33,9542,78
2021-04-06,Nevada,057,99092,4410,4356,187,4543,69
2021-04-06,Orange,059,3164182,251668,250304,11270,261574,4771
2021-04-06,Placer,061,380077,21842,21184,1363,22547,276
2021-04-06,Plumas,063,18699,671,665,11,676,4
2021-04-06,Riverside,065,2383286,287835,283622,14356,297978,4264
2021-04-06,Sacramento,067,1510023,100126,99110,1522,100632,1537
2021-04-06,San Benito,069,59416,5915,5907,107,6014,62
2021-04-06,San Bernardino,071,2135413,289383,286792,9250,296042,4428
2021-04-06,San Diego,073,3302833,272616,271867,13761,285628,3585
2021-04-06,San Francisco,075,870044,35550,35572,1303,36875,488
2021-04-06,San Joaquin,077,732212,70242,69316,3428,72744,1278
2021-04-06,San Luis Obispo,079,281455,20561,20350,667,21017,252
2021-04-06,San Mateo,081,765935,41117,40649,449,41098,350
2021-04-06,Santa Barbara,083,443738,33726,33257,1204,34461,443
2021-04-06,Santa Clara,085,1922200,114836,115184,694,115878,1900
2021-04-06,Santa Cruz,087,273765,15853,15252,866,16118,203
2021-04-06,Shasta,089,179085,11431,11443,1424,12867,184
2021-04-06,Sierra,091,2930,53,51,14,65,0
2021-04-06,Siskiyou,093,43540,1568,1510,286,1796,7
2021-04-06,Solano,095,438530,31169,31078,434,31512,237
2021-04-06,Sonoma,097,501317,29279,29386,293,29679,311
2021-04-06,Stanislaus,099,539301,53482,53304,5881,59185,686
2021-04-06,Sutter,101,95872,9207,9179,87,9266,106
2021-04-06,Tehama,103,63373,4823,4798,550,5348,52
2021-04-06,Trinity,105,12862,404,321,67,388,3
2021-04-06,Tulare,107,460477,48865,48372,9122,57494,819
2021-04-06,Tuolumne,109,53932,3990,3981,35,4016,57
2021-04-06,Ventura,111,848112,79847,79556,3006,82562,983
2021-04-06,Yolo,113,214977,13437,13443,264,13707,198
2021-04-06,Yuba,115,75493,5760,5733,115,5848,43
2021-04-05,Alameda,001,1643700,84462,84007,1910,85917,1219
2021-04-05,Alpine,003,1148,86,85,0,85,0
2021-04-05,Amador,005,37829,3608,3584,34,3618,45
2021-04-05,Butte,007,227075,11706,11384,1764,13148,193
2021-04-05,Calaveras,009,45235,2019,2019,12,2031,50
2021-04-05,Colusa,011,21464,1892,1894,283,2177,14
2021-04-05,Contra Costa,013,1133247,66304,65457,1209,66666,774
2021-04-05,Del Norte,015,27424,1208,1189,6,1195,6
2021-04-05,El Dorado,017,186661,9518,9463,669,10132,106
2021-04-05,Fresno,019,978130,99792,99755,8628,108383,1622
2021-04-05,Glenn,021,27897,2346,2335,550,2885,17
2021-04-05,Humboldt,023,135768,3489,3475,24,3499,35
2021-04-05,Imperial,025,180216,27703,27604,2768,30372,710
2021-04-05,Inyo,027,18085,1384,1377,2,1379,36
2021-04-05,Kern,029,883053,95339,94401,10760,105161,1249
2021-04-05,Kings,031,150075,22656,22580,1132,23712,239
2021-04-05,Lake,033,64148,3380,3359,9,3368,43
2021-04-05,Lassen,035,31185,5141,5138,106,5244,1
2021-04-05,Los Angeles,037,10098052,1188289,1183200,42620,1225820,23302
2021-04-05,Madera,039,155013,16192,16065,924,16989,230
2021-04-05,Marin,041,260295,13708,13666,225,13891,221
2021-04-05,Mariposa,043,17540,398,390,6,396,5
2021-04-05,Mendocino,045,87422,3763,3687,71,3758,45
2021-04-05,Merced,047,269075,30056,30068,964,31032,427
2021-04-05,Modoc,049,8938,360,346,120,466,3
2021-04-05,Mono,051,14174,1230,1246,12,1258,3
2021-04-05,Monterey,053,433212,42554,42396,1853,44249,341
2021-04-05,Napa,055,140530,9538,9492,33,9525,78
2021-04-05,Nevada,057,99092,4399,4346,187,4533,69
2021-04-05,Orange,059,3164182,251554,250177,11246,261423,4759
2021-04-05,Placer,061,380077,21796,21133,1355,22488,276
2021-04-05,Plumas,063,18699,671,666,11,677,4
2021-04-05,Riverside,065,2383286,287702,283549,14344,297893,4237
2021-04-05,Sacramento,067,1510023,99964,98908,1514,100422,1533
2021-04-05,San Benito,069,59416,5909,5904,107,6011,61
2021-04-05,San Bernardino,071,2135413,289272,286597,9247,295844,4425
2021-04-05,San Diego,073,3302833,272368,271655,13720,285375,3583
2021-04-05,San Francisco,075,870044,35519,35538,1303,36841,488
2021-04-05,San Joaquin,077,732212,70155,69214,3418,72632,1268
2021-04-05,San Luis Obispo,079,281455,20524,20333,667,21000,252
2021-04-05,San Mateo,081,765935,41074,40609,448,41057,350
2021-04-05,Santa Barbara,083,443738,33693,33235,1204,34439,443
2021-04-05,Santa Clara,085,1922200,114671,115091,691,115782,1893
2021-04-05,Santa Cruz,087,273765,15846,15228,866,16094,201
2021-04-05,Shasta,089,179085,11412,11435,1419,12854,184
2021-04-05,Sierra,091,2930,53,50,14,64,0
2021-04-05,Siskiyou,093,43540,1565,1509,284,1793,7
2021-04-05,Solano,095,438530,31129,31026,432,31458,237
2021-04-05,Sonoma,097,501317,29247,29361,291,29652,311
2021-04-05,Stanislaus,099,539301,53402,53238,5878,59116,686
2021-04-05,Sutter,101,95872,9200,9169,87,9256,106
2021-04-05,Tehama,103,63373,4817,4794,550,5344,52
2021-04-05,Trinity,105,12862,403,321,67,388,3
2021-04-05,Tulare,107,460477,48853,48356,9115,57471,818
2021-04-05,Tuolumne,109,53932,3989,3980,35,4015,57
2021-04-05,Ventura,111,848112,79817,79549,3002,82551,983
2021-04-05,Yolo,113,214977,13423,13427,263,13690,198
2021-04-05,Yuba,115,75493,5755,5728,114,5842,43
2021-04-04,Alameda,001,1643700,84343,83951,1905,85856,1219
2021-04-04,Alpine,003,1148,86,85,0,85,0
2021-04-04,Amador,005,37829,3602,3582,34,3616,45
2021-04-04,Butte,007,227075,11691,11375,1763,13138,193
2021-04-04,Calaveras,009,45235,2015,2020,12,2032,50
2021-04-04,Colusa,011,21464,1891,1893,283,2176,14
2021-04-04,Contra Costa,013,1133247,66198,65408,1204,66612,774
2021-04-04,Del Norte,015,27424,1200,1186,6,1192,6
2021-04-04,El Dorado,017,186661,9499,9455,665,10120,106
2021-04-04,Fresno,019,978130,99718,99702,8615,108317,1622
2021-04-04,Glenn,021,27897,2343,2335,549,2884,17
2021-04-04,Humboldt,023,135768,3478,3472,24,3496,35
2021-04-04,Imperial,025,180216,27647,27588,2766,30354,710
2021-04-04,Inyo,027,18085,1380,1377,2,1379,36
2021-04-04,Kern,029,883053,95298,94388,10736,105124,1247
2021-04-04,Kings,031,150075,22654,22580,1131,23711,239
2021-04-04,Lake,033,64148,3374,3355,8,3363,43
2021-04-04,Lassen,035,31185,5140,5138,106,5244,1
2021-04-04,Los Angeles,037,10098052,1187750,1182872,42572,1225444,23301
2021-04-04,Madera,039,155013,16166,16052,920,16972,230
2021-04-04,Marin,041,260295,13695,13663,224,13887,221
2021-04-04,Mariposa,043,17540,398,390,6,396,5
2021-04-04,Mendocino,045,87422,3760,3684,71,3755,45
2021-04-04,Merced,047,269075,30013,30048,961,31009,427
2021-04-04,Modoc,049,8938,360,346,120,466,3
2021-04-04,Mono,051,14174,1229,1245,12,1257,3
2021-04-04,Monterey,053,433212,42537,42391,1852,44243,341
2021-04-04,Napa,055,140530,9526,9486,33,9519,78
2021-04-04,Nevada,057,99092,4387,4337,186,4523,69
2021-04-04,Orange,059,3164182,251418,250117,11231,261348,4759
2021-04-04,Placer,061,380077,21752,21104,1336,22440,276
2021-04-04,Plumas,063,18699,671,666,11,677,4
2021-04-04,Riverside,065,2383286,287579,283537,14340,297877,4237
2021-04-04,Sacramento,067,1510023,99764,98821,1506,100327,1531
2021-04-04,San Benito,069,59416,5899,5901,103,6004,61
2021-04-04,San Bernardino,071,2135413,289131,286561,9239,295800,4423
2021-04-04,San Diego,073,3302833,272057,271528,13678,285206,3583
2021-04-04,San Francisco,075,870044,35465,35525,1300,36825,488
2021-04-04,San Joaquin,077,732212,70054,69147,3406,72553,1268
2021-04-04,San Luis Obispo,079,281455,20492,20328,659,20987,252
2021-04-04,San Mateo,081,765935,41031,40587,445,41032,350
2021-04-04,Santa Barbara,083,443738,33657,33213,1204,34417,443
2021-04-04,Santa Clara,085,1922200,114505,114976,684,115660,1893
2021-04-04,Santa Cruz,087,273765,15837,15219,866,16085,201
2021-04-04,Shasta,089,179085,11386,11433,1418,12851,184
2021-04-04,Sierra,091,2930,53,50,14,64,0
2021-04-04,Siskiyou,093,43540,1562,1509,280,1789,7
2021-04-04,Solano,095,438530,31082,31002,430,31432,237
2021-04-04,Sonoma,097,501317,29215,29340,289,29629,311
2021-04-04,Stanislaus,099,539301,53309,53181,5870,59051,686
2021-04-04,Sutter,101,95872,9193,9164,87,9251,106
2021-04-04,Tehama,103,63373,4805,4792,549,5341,52
2021-04-04,Trinity,105,12862,401,321,67,388,3
2021-04-04,Tulare,107,460477,48838,48343,9107,57450,818
2021-04-04,Tuolumne,109,53932,3981,3980,35,4015,57
2021-04-04,Ventura,111,848112,79774,79526,3001,82527,983
2021-04-04,Yolo,113,214977,13402,13425,262,13687,198
2021-04-04,Yuba,115,75493,5748,5722,114,5836,43
2021-04-03,Alameda,001,1643700,84275,83861,1903,85764,1218
2021-04-03,Alpine,003,1148,86,85,0,85,0
2021-04-03,Amador,005,37829,3599,3577,34,3611,45
2021-04-03,Butte,007,227075,11687,11359,1759,13118,193
2021-04-03,Calaveras,009,45235,2013,2019,12,2031,50
2021-04-03,Colusa,011,21464,1891,1891,283,2174,14
2021-04-03,Contra Costa,013,1133247,66126,65338,1204,66542,774
2021-04-03,Del Norte,015,27424,1195,1183,6,1189,6
2021-04-03,El Dorado,017,186661,9490,9448,664,10112,106
2021-04-03,Fresno,019,978130,99661,99602,8610,108212,1622
2021-04-03,Glenn,021,27897,2343,2334,548,2882,17
2021-04-03,Humboldt,023,135768,3476,3467,24,3491,35
2021-04-03,Imperial,025,180216,27632,27572,2762,30334,710
2021-04-03,Inyo,027,18085,1379,1376,2,1378,36
2021-04-03,Kern,029,883053,95275,94369,10717,105086,1243
2021-04-03,Kings,031,150075,22652,22580,1131,23711,239
2021-04-03,Lake,033,64148,3373,3350,8,3358,43
2021-04-03,Lassen,035,31185,5139,5136,106,5242,1
2021-04-03,Los Angeles,037,10098052,1187452,1182402,42553,1224955,23301
2021-04-03,Madera,039,155013,16157,16051,918,16969,230
2021-04-03,Marin,041,260295,13687,13658,223,13881,221
2021-04-03,Mariposa,043,17540,398,390,5,395,5
2021-04-03,Mendocino,045,87422,3759,3684,71,3755,45
2021-04-03,Merced,047,269075,29998,30031,961,30992,427
2021-04-03,Modoc,049,8938,360,346,120,466,3
2021-04-03,Mono,051,14174,1229,1245,12,1257,3
2021-04-03,Monterey,053,433212,42524,42376,1850,44226,341
2021-04-03,Napa,055,140530,9517,9473,33,9506,78
2021-04-03,Nevada,057,99092,4383,4323,186,4509,69
2021-04-03,Orange,059,3164182,251339,249982,11212,261194,4755
2021-04-03,Placer,061,380077,21721,21060,1332,22392,276
2021-04-03,Plumas,063,18699,671,666,11,677,4
2021-04-03,Riverside,065,2383286,287502,283423,14337,297760,4237
2021-04-03,Sacramento,067,1510023,99656,98660,1500,100160,1531
2021-04-03,San Benito,069,59416,5896,5893,102,5995,61
2021-04-03,San Bernardino,071,2135413,289066,286473,9233,295706,4422
2021-04-03,San Diego,073,3302833,271888,271335,13661,284996,3571
2021-04-03,San Francisco,075,870044,35447,35488,1298,36786,489
2021-04-03,San Joaquin,077,732212,70013,69100,3390,72490,1268
2021-04-03,San Luis Obispo,079,281455,20473,20301,659,20960,252
2021-04-03,San Mateo,081,765935,41006,40560,445,41005,350
2021-04-03,Santa Barbara,083,443738,33631,33172,1203,34375,443
2021-04-03,Santa Clara,085,1922200,114396,114865,682,115547,1893
2021-04-03,Santa Cruz,087,273765,15830,15205,866,16071,201
2021-04-03,Shasta,089,179085,11378,11418,1418,12836,184
2021-04-03,Sierra,091,2930,53,50,14,64,0
2021-04-03,Siskiyou,093,43540,1561,1509,280,1789,7
2021-04-03,Solano,095,438530,31061,30970,427,31397,237
2021-04-03,Sonoma,097,501317,29199,29315,288,29603,311
2021-04-03,Stanislaus,099,539301,53274,53137,5864,59001,686
2021-04-03,Sutter,101,95872,9187,9158,87,9245,106
2021-04-03,Tehama,103,63373,4798,4788,549,5337,52
2021-04-03,Trinity,105,12862,401,321,67,388,3
2021-04-03,Tulare,107,460477,48828,48327,9103,57430,818
2021-04-03,Tuolumne,109,53932,3981,3980,35,4015,57
2021-04-03,Ventura,111,848112,79753,79489,2999,82488,983
2021-04-03,Yolo,113,214977,13396,13414,262,13676,198
2021-04-03,Yuba,115,75493,5742,5716,114,5830,43
2021-04-02,Alameda,001,1643700,84202,83776,1898,85674,1217
2021-04-02,Alpine,003,1148,86,85,0,85,0
2021-04-02,Amador,005,37829,3595,3573,33,3606,45
2021-04-02,Butte,007,227075,11679,11350,1759,13109,193
2021-04-02,Calaveras,009,45235,2013,2010,12,2022,50
2021-04-02,Colusa,011,21464,1891,1891,283,2174,14
2021-04-02,Contra Costa,013,1133247,66062,65299,1203,66502,774
2021-04-02,Del Norte,015,27424,1192,1174,6,1180,6
2021-04-02,El Dorado,017,186661,9477,9437,661,10098,106
2021-04-02,Fresno,019,978130,99607,99551,8599,108150,1620
2021-04-02,Glenn,021,27897,2343,2331,548,2879,17
2021-04-02,Humboldt,023,135768,3472,3465,24,3489,35
2021-04-02,Imperial,025,180216,27621,27553,2754,30307,710
2021-04-02,Inyo,027,18085,1379,1377,2,1379,36
2021-04-02,Kern,029,883053,95258,94348,10713,105061,1233
2021-04-02,Kings,031,150075,22652,22571,1128,23699,239
2021-04-02,Lake,033,64148,3371,3348,8,3356,43
2021-04-02,Lassen,035,31185,5139,5134,106,5240,1
2021-04-02,Los Angeles,037,10098052,1187143,1181682,42529,1224211,23264
2021-04-02,Madera,039,155013,16148,16036,917,16953,230
2021-04-02,Marin,041,260295,13679,13649,223,13872,221
2021-04-02,Mariposa,043,17540,396,390,5,395,5
2021-04-02,Mendocino,045,87422,3756,3682,71,3753,45
2021-04-02,Merced,047,269075,29974,29998,961,30959,426
2021-04-02,Modoc,049,8938,357,346,120,466,3
2021-04-02,Mono,051,14174,1229,1246,12,1258,3
2021-04-02,Monterey,053,433212,42514,42359,1847,44206,341
2021-04-02,Napa,055,140530,9502,9453,33,9486,78
2021-04-02,Nevada,057,99092,4379,4323,186,4509,69
2021-04-02,Orange,059,3164182,251243,249891,11198,261089,4748
2021-04-02,Placer,061,380077,21686,21035,1325,22360,275
2021-04-02,Plumas,063,18699,671,666,11,677,4
2021-04-02,Riverside,065,2383286,287418,283328,14329,297657,4213
2021-04-02,Sacramento,067,1510023,99549,98648,1493,100141,1527
2021-04-02,San Benito,069,59416,5894,5888,100,5988,61
2021-04-02,San Bernardino,071,2135413,288993,286308,9229,295537,4417
2021-04-02,San Diego,073,3302833,271701,271036,13635,284671,3568
2021-04-02,San Francisco,075,870044,35413,35451,1295,36746,488
2021-04-02,San Joaquin,077,732212,69949,68996,3374,72370,1268
2021-04-02,San Luis Obispo,079,281455,20456,20271,658,20929,252
2021-04-02,San Mateo,081,765935,40964,40514,445,40959,350
2021-04-02,Santa Barbara,083,443738,33603,33145,1203,34348,443
2021-04-02,Santa Clara,085,1922200,114285,114777,680,115457,1882
2021-04-02,Santa Cruz,087,273765,15822,15216,866,16082,202
2021-04-02,Shasta,089,179085,11373,11377,1410,12787,181
2021-04-02,Sierra,091,2930,53,50,14,64,0
2021-04-02,Siskiyou,093,43540,1561,1508,279,1787,7
2021-04-02,Solano,095,438530,31032,30951,424,31375,237
2021-04-02,Sonoma,097,501317,29178,29288,287,29575,311
2021-04-02,Stanislaus,099,539301,53230,53073,5857,58930,687
2021-04-02,Sutter,101,95872,9179,9131,87,9218,106
2021-04-02,Tehama,103,63373,4791,4775,548,5323,52
2021-04-02,Trinity,105,12862,401,320,67,387,3
2021-04-02,Tulare,107,460477,48822,48306,9097,57403,818
2021-04-02,Tuolumne,109,53932,3978,3980,35,4015,57
2021-04-02,Ventura,111,848112,79725,79434,2997,82431,982
2021-04-02,Yolo,113,214977,13386,13381,262,13643,197
2021-04-02,Yuba,115,75493,5739,5709,114,5823,44
2021-04-01,Alameda,001,1643700,84120,83574,1893,85467,1216
2021-04-01,Alpine,003,1148,86,85,0,85,0
2021-04-01,Amador,005,37829,3591,3558,33,3591,45
2021-04-01,Butte,007,227075,11661,11328,1757,13085,193
2021-04-01,Calaveras,009,45235,2012,2006,12,2018,50
2021-04-01,Colusa,011,21464,1888,1890,283,2173,14
2021-04-01,Contra Costa,013,1133247,66002,65176,1201,66377,771
2021-04-01,Del Norte,015,27424,1187,1138,6,1144,6
2021-04-01,El Dorado,017,186661,9468,9393,657,10050,106
2021-04-01,Fresno,019,978130,99555,99317,8591,107908,1616
2021-04-01,Glenn,021,27897,2343,2322,547,2869,17
2021-04-01,Humboldt,023,135768,3468,3464,24,3488,35
2021-04-01,Imperial,025,180216,27591,27520,2748,30268,710
2021-04-01,Inyo,027,18085,1378,1374,2,1376,36
2021-04-01,Kern,029,883053,95224,94244,10699,104943,1233
2021-04-01,Kings,031,150075,22645,22560,1127,23687,239
2021-04-01,Lake,033,64148,3366,3337,8,3345,43
2021-04-01,Lassen,035,31185,5138,5132,106,5238,1
2021-04-01,Los Angeles,037,10098052,1186657,1181101,42502,1223603,23220
2021-04-01,Madera,039,155013,16132,16023,917,16940,230
2021-04-01,Marin,041,260295,13669,13635,223,13858,221
2021-04-01,Mariposa,043,17540,394,389,5,394,5
2021-04-01,Mendocino,045,87422,3756,3680,71,3751,45
2021-04-01,Merced,047,269075,29940,29820,961,30781,425
2021-04-01,Modoc,049,8938,356,346,120,466,3
2021-04-01,Mono,051,14174,1229,1245,12,1257,3
2021-04-01,Monterey,053,433212,42506,42324,1845,44169,339
2021-04-01,Napa,055,140530,9490,9410,33,9443,78
2021-04-01,Nevada,057,99092,4369,4288,185,4473,68
2021-04-01,Orange,059,3164182,251124,249617,11180,260797,4742
2021-04-01,Placer,061,380077,21647,20909,1313,22222,274
2021-04-01,Plumas,063,18699,671,664,11,675,4
2021-04-01,Riverside,065,2383286,287316,283128,14327,297455,4193
2021-04-01,Sacramento,067,1510023,99406,97952,1479,99431,1521
2021-04-01,San Benito,069,59416,5886,5878,99,5977,61
2021-04-01,San Bernardino,071,2135413,288877,286086,9220,295306,4404
2021-04-01,San Diego,073,3302833,271477,270540,13604,284144,3555
2021-04-01,San Francisco,075,870044,35393,35386,1291,36677,488
2021-04-01,San Joaquin,077,732212,69867,68802,3366,72168,1262
2021-04-01,San Luis Obispo,079,281455,20427,20235,657,20892,252
2021-04-01,San Mateo,081,765935,40923,40454,445,40899,350
2021-04-01,Santa Barbara,083,443738,33558,33096,1198,34294,443
2021-04-01,Santa Clara,085,1922200,114172,114606,679,115285,1874
2021-04-01,Santa Cruz,087,273765,15807,15271,866,16137,202
2021-04-01,Shasta,089,179085,11358,11355,1404,12759,181
2021-04-01,Sierra,091,2930,53,50,14,64,0
2021-04-01,Siskiyou,093,43540,1559,1507,278,1785,7
2021-04-01,Solano,095,438530,30999,30850,421,31271,237
2021-04-01,Sonoma,097,501317,29147,29241,280,29521,311
2021-04-01,Stanislaus,099,539301,53167,52825,5851,58676,687
2021-04-01,Sutter,101,95872,9167,9105,87,9192,106
2021-04-01,Tehama,103,63373,4785,4764,545,5309,52
2021-04-01,Trinity,105,12862,401,319,67,386,3
2021-04-01,Tulare,107,460477,48799,48279,9087,57366,817
2021-04-01,Tuolumne,109,53932,3977,3978,35,4013,57
2021-04-01,Ventura,111,848112,79701,79369,2996,82365,977
2021-04-01,Yolo,113,214977,13373,13342,262,13604,197
2021-04-01,Yuba,115,75493,5734,5694,114,5808,44
2021-03-31,Alameda,001,1643700,84038,83475,1888,85363,1215
2021-03-31,Alpine,003,1148,86,85,0,85,0
2021-03-31,Amador,005,37829,3588,3556,33,3589,45
2021-03-31,Butte,007,227075,11651,11321,1754,13075,193
2021-03-31,Calaveras,009,45235,2008,2005,12,2017,50
2021-03-31,Colusa,011,21464,1888,1890,283,2173,14
2021-03-31,Contra Costa,013,1133247,65917,65109,1200,66309,769
2021-03-31,Del Norte,015,27424,1178,1129,6,1135,6
2021-03-31,El Dorado,017,186661,9451,9390,657,10047,106
2021-03-31,Fresno,019,978130,99465,99240,8575,107815,1616
2021-03-31,Glenn,021,27897,2338,2318,545,2863,17
2021-03-31,Humboldt,023,135768,3462,3460,24,3484,35
2021-03-31,Imperial,025,180216,27571,27506,2747,30253,710
2021-03-31,Inyo,027,18085,1375,1373,2,1375,35
2021-03-31,Kern,029,883053,95182,94205,10690,104895,1229
2021-03-31,Kings,031,150075,22642,22540,1127,23667,239
2021-03-31,Lake,033,64148,3362,3332,8,3340,43
2021-03-31,Lassen,035,31185,5134,5132,106,5238,1
2021-03-31,Los Angeles,037,10098052,1186195,1180538,42460,1222998,23171
2021-03-31,Madera,039,155013,16118,16015,915,16930,229
2021-03-31,Marin,041,260295,13658,13624,223,13847,221
2021-03-31,Mariposa,043,17540,394,389,5,394,5
2021-03-31,Mendocino,045,87422,3750,3675,71,3746,45
2021-03-31,Merced,047,269075,29911,29780,961,30741,423
2021-03-31,Modoc,049,8938,356,346,120,466,3
2021-03-31,Mono,051,14174,1229,1245,12,1257,3
2021-03-31,Monterey,053,433212,42489,42309,1843,44152,338
2021-03-31,Napa,055,140530,9472,9401,33,9434,78
2021-03-31,Nevada,057,99092,4363,4283,185,4468,68
2021-03-31,Orange,059,3164182,251012,249518,11165,260683,4731
2021-03-31,Placer,061,380077,21598,20885,1305,22190,271
2021-03-31,Plumas,063,18699,670,663,11,674,4
2021-03-31,Riverside,065,2383286,287217,283006,14316,297322,4171
2021-03-31,Sacramento,067,1510023,99231,97760,1471,99231,1519
2021-03-31,San Benito,069,59416,5876,5875,99,5974,61
2021-03-31,San Bernardino,071,2135413,288781,285916,9217,295133,4356
2021-03-31,San Diego,073,3302833,271246,270288,13569,283857,3555
2021-03-31,San Francisco,075,870044,35349,35347,1289,36636,474
2021-03-31,San Joaquin,077,732212,69779,68685,3349,72034,1259
2021-03-31,San Luis Obispo,079,281455,20406,20215,656,20871,251
2021-03-31,San Mateo,081,765935,40893,40423,445,40868,350
2021-03-31,Santa Barbara,083,443738,33527,33052,1196,34248,443
2021-03-31,Santa Clara,085,1922200,114045,114499,679,115178,1874
2021-03-31,Santa Cruz,087,273765,15795,15295,865,16160,201
2021-03-31,Shasta,089,179085,11346,11327,1396,12723,179
2021-03-31,Sierra,091,2930,53,50,14,64,0
2021-03-31,Siskiyou,093,43540,1558,1505,278,1783,7
2021-03-31,Solano,095,438530,30953,30824,420,31244,235
2021-03-31,Sonoma,097,501317,29120,29216,280,29496,311
2021-03-31,Stanislaus,099,539301,53099,52782,5839,58621,687
2021-03-31,Sutter,101,95872,9156,9111,87,9198,106
2021-03-31,Tehama,103,63373,4780,4762,542,5304,52
2021-03-31,Trinity,105,12862,401,319,67,386,3
2021-03-31,Tulare,107,460477,48780,48261,9070,57331,816
2021-03-31,Tuolumne,109,53932,3977,3976,35,4011,57
2021-03-31,Ventura,111,848112,79669,79326,2992,82318,969
2021-03-31,Yolo,113,214977,13355,13359,261,13620,197
2021-03-31,Yuba,115,75493,5727,5686,114,5800,44
2021-03-30,Alameda,001,1643700,83938,83395,1885,85280,1211
2021-03-30,Alpine,003,1148,86,85,0,85,0
2021-03-30,Amador,005,37829,3585,3551,33,3584,45
2021-03-30,Butte,007,227075,11639,11296,1751,13047,193
2021-03-30,Calaveras,009,45235,2004,1997,12,2009,50
2021-03-30,Colusa,011,21464,1887,1890,282,2172,14
2021-03-30,Contra Costa,013,1133247,65829,65041,1198,66239,767
2021-03-30,Del Norte,015,27424,1170,1118,5,1123,6
2021-03-30,El Dorado,017,186661,9432,9381,654,10035,105
2021-03-30,Fresno,019,978130,99402,99156,8563,107719,1609
2021-03-30,Glenn,021,27897,2337,2310,544,2854,17
2021-03-30,Humboldt,023,135768,3460,3461,24,3485,35
2021-03-30,Imperial,025,180216,27542,27471,2745,30216,706
2021-03-30,Inyo,027,18085,1375,1374,2,1376,35
2021-03-30,Kern,029,883053,95140,94151,10681,104832,1221
2021-03-30,Kings,031,150075,22638,22530,1125,23655,238
2021-03-30,Lake,033,64148,3356,3330,8,3338,43
2021-03-30,Lassen,035,31185,5134,5132,106,5238,1
2021-03-30,Los Angeles,037,10098052,1185705,1180044,42435,1222479,23136
2021-03-30,Madera,039,155013,16108,16003,911,16914,229
2021-03-30,Marin,041,260295,13649,13611,215,13826,221
2021-03-30,Mariposa,043,17540,394,388,5,393,5
2021-03-30,Mendocino,045,87422,3748,3670,71,3741,45
2021-03-30,Merced,047,269075,29875,29731,961,30692,423
2021-03-30,Modoc,049,8938,355,346,120,466,3
2021-03-30,Mono,051,14174,1228,1245,12,1257,3
2021-03-30,Monterey,053,433212,42463,42308,1840,44148,338
2021-03-30,Napa,055,140530,9457,9391,33,9424,78
2021-03-30,Nevada,057,99092,4351,4266,184,4450,68
2021-03-30,Orange,059,3164182,250884,249412,11137,260549,4727
2021-03-30,Placer,061,380077,21558,20866,1298,22164,271
2021-03-30,Plumas,063,18699,670,661,11,672,4
2021-03-30,Riverside,065,2383286,287099,282930,14306,297236,4154
2021-03-30,Sacramento,067,1510023,99094,97718,1467,99185,1516
2021-03-30,San Benito,069,59416,5870,5870,99,5969,61
2021-03-30,San Bernardino,071,2135413,288674,285758,9208,294966,4343
2021-03-30,San Diego,073,3302833,271009,269998,13531,283529,3555
2021-03-30,San Francisco,075,870044,35299,35325,1288,36613,474
2021-03-30,San Joaquin,077,732212,69692,68613,3338,71951,1232
2021-03-30,San Luis Obispo,079,281455,20386,20194,656,20850,251
2021-03-30,San Mateo,081,765935,40848,40377,445,40822,349
2021-03-30,Santa Barbara,083,443738,33502,33016,1196,34212,441
2021-03-30,Santa Clara,085,1922200,113923,114413,678,115091,1873
2021-03-30,Santa Cruz,087,273765,15789,15278,865,16143,201
2021-03-30,Shasta,089,179085,11338,11316,1395,12711,184
2021-03-30,Sierra,091,2930,53,50,14,64,0
2021-03-30,Siskiyou,093,43540,1557,1501,278,1779,7
2021-03-30,Solano,095,438530,30924,30802,419,31221,232
2021-03-30,Sonoma,097,501317,29089,29198,280,29478,311
2021-03-30,Stanislaus,099,539301,53021,52690,5831,58521,677
2021-03-30,Sutter,101,95872,9152,9107,86,9193,106
2021-03-30,Tehama,103,63373,4771,4748,541,5289,52
2021-03-30,Trinity,105,12862,401,316,67,383,3
2021-03-30,Tulare,107,460477,48767,48249,9060,57309,815
2021-03-30,Tuolumne,109,53932,3972,3972,35,4007,57
2021-03-30,Ventura,111,848112,79625,79282,2989,82271,958
2021-03-30,Yolo,113,214977,13342,13353,261,13614,195
2021-03-30,Yuba,115,75493,5716,5679,108,5787,42
2021-03-29,Alameda,001,1643700,83835,83338,1884,85222,1211
2021-03-29,Alpine,003,1148,86,85,0,85,0
2021-03-29,Amador,005,37829,3579,3549,33,3582,45
2021-03-29,Butte,007,227075,11630,11291,1748,13039,191
2021-03-29,Calaveras,009,45235,2000,1998,12,2010,50
2021-03-29,Colusa,011,21464,1887,1889,281,2170,14
2021-03-29,Contra Costa,013,1133247,65761,64971,1197,66168,767
2021-03-29,Del Norte,015,27424,1165,1116,4,1120,6
2021-03-29,El Dorado,017,186661,9412,9374,648,10022,105
2021-03-29,Fresno,019,978130,99319,99085,8551,107636,1606
2021-03-29,Glenn,021,27897,2331,2310,544,2854,17
2021-03-29,Humboldt,023,135768,3455,3459,24,3483,34
2021-03-29,Imperial,025,180216,27522,27442,2741,30183,704
2021-03-29,Inyo,027,18085,1375,1372,2,1374,35
2021-03-29,Kern,029,883053,95092,94098,10661,104759,1220
2021-03-29,Kings,031,150075,22626,22522,1124,23646,238
2021-03-29,Lake,033,64148,3353,3325,8,3333,43
2021-03-29,Lassen,035,31185,5134,5131,106,5237,1
2021-03-29,Los Angeles,037,10098052,1185214,1179736,42394,1222130,23108
2021-03-29,Madera,039,155013,16088,15987,909,16896,210
2021-03-29,Marin,041,260295,13637,13600,211,13811,220
2021-03-29,Mariposa,043,17540,393,388,5,393,5
2021-03-29,Mendocino,045,87422,3745,3667,71,3738,45
2021-03-29,Merced,047,269075,29851,29699,961,30660,422
2021-03-29,Modoc,049,8938,354,344,120,464,3
2021-03-29,Mono,051,14174,1227,1243,12,1255,3
2021-03-29,Monterey,053,433212,42447,42305,1835,44140,337
2021-03-29,Napa,055,140530,9441,9379,33,9412,78
2021-03-29,Nevada,057,99092,4344,4258,184,4442,68
2021-03-29,Orange,059,3164182,250772,249295,11124,260419,4713
2021-03-29,Placer,061,380077,21523,20827,1291,22118,267
2021-03-29,Plumas,063,18699,669,660,11,671,4
2021-03-29,Riverside,065,2383286,287010,282867,14304,297171,4133
2021-03-29,Sacramento,067,1510023,98901,97577,1459,99036,1514
2021-03-29,San Benito,069,59416,5863,5865,99,5964,61
2021-03-29,San Bernardino,071,2135413,288577,285615,9204,294819,4335
2021-03-29,San Diego,073,3302833,270743,269771,13505,283276,3547
2021-03-29,San Francisco,075,870044,35265,35291,1284,36575,474
2021-03-29,San Joaquin,077,732212,69607,68537,3324,71861,1211
2021-03-29,San Luis Obispo,079,281455,20352,20176,654,20830,250
2021-03-29,San Mateo,081,765935,40806,40357,444,40801,348
2021-03-29,Santa Barbara,083,443738,33468,32983,1195,34178,439
2021-03-29,Santa Clara,085,1922200,113817,114335,673,115008,1871
2021-03-29,Santa Cruz,087,273765,15778,15249,864,16113,201
2021-03-29,Shasta,089,179085,11320,11313,1393,12706,183
2021-03-29,Sierra,091,2930,53,50,14,64,0
2021-03-29,Siskiyou,093,43540,1556,1497,277,1774,6
2021-03-29,Solano,095,438530,30885,30762,417,31179,232
2021-03-29,Sonoma,097,501317,29066,29184,277,29461,310
2021-03-29,Stanislaus,099,539301,52937,52614,5823,58437,677
2021-03-29,Sutter,101,95872,9145,9105,86,9191,106
2021-03-29,Tehama,103,63373,4763,4742,540,5282,52
2021-03-29,Trinity,105,12862,401,314,67,381,3
2021-03-29,Tulare,107,460477,48740,48226,9049,57275,815
2021-03-29,Tuolumne,109,53932,3970,3969,35,4004,57
2021-03-29,Ventura,111,848112,79584,79252,2988,82240,956
2021-03-29,Yolo,113,214977,13324,13346,261,13607,195
2021-03-29,Yuba,115,75493,5709,5671,107,5778,42
2021-03-28,Alameda,001,1643700,83713,83239,1882,85121,1212
2021-03-28,Alpine,003,1148,86,85,0,85,0
2021-03-28,Amador,005,37829,3575,3541,33,3574,45
2021-03-28,Butte,007,227075,11617,11285,1746,13031,191
2021-03-28,Calaveras,009,45235,1997,1995,12,2007,50
2021-03-28,Colusa,011,21464,1886,1889,281,2170,14
2021-03-28,Contra Costa,013,1133247,65687,64878,1193,66071,767
2021-03-28,Del Norte,015,27424,1158,1107,2,1109,6
2021-03-28,El Dorado,017,186661,9397,9371,646,10017,105
2021-03-28,Fresno,019,978130,99237,99004,8539,107543,1606
2021-03-28,Glenn,021,27897,2328,2309,542,2851,17
2021-03-28,Humboldt,023,135768,3452,3452,23,3475,34
2021-03-28,Imperial,025,180216,27495,27426,2738,30164,704
2021-03-28,Inyo,027,18085,1374,1372,2,1374,35
2021-03-28,Kern,029,883053,95048,94084,10649,104733,1219
2021-03-28,Kings,031,150075,22622,22514,1120,23634,238
2021-03-28,Lake,033,64148,3348,3320,8,3328,43
2021-03-28,Lassen,035,31185,5134,5131,105,5236,1
2021-03-28,Los Angeles,037,10098052,1184667,1179316,42332,1221648,23101
2021-03-28,Madera,039,155013,16073,15973,908,16881,210
2021-03-28,Marin,041,260295,13624,13594,209,13803,221
2021-03-28,Mariposa,043,17540,393,388,5,393,5
2021-03-28,Mendocino,045,87422,3743,3666,71,3737,45
2021-03-28,Merced,047,269075,29794,29679,961,30640,422
2021-03-28,Modoc,049,8938,354,344,120,464,3
2021-03-28,Mono,051,14174,1226,1242,12,1254,3
2021-03-28,Monterey,053,433212,42424,42294,1831,44125,337
2021-03-28,Napa,055,140530,9427,9368,33,9401,78
2021-03-28,Nevada,057,99092,4330,4239,184,4423,68
2021-03-28,Orange,059,3164182,250619,249238,11113,260351,4713
2021-03-28,Placer,061,380077,21479,20796,1285,22081,267
2021-03-28,Plumas,063,18699,667,657,11,668,4
2021-03-28,Riverside,065,2383286,286908,282811,14296,297107,4132
2021-03-28,Sacramento,067,1510023,98727,97425,1453,98878,1514
2021-03-28,San Benito,069,59416,5858,5862,99,5961,61
2021-03-28,San Bernardino,071,2135413,288459,285570,9194,294764,4332
2021-03-28,San Diego,073,3302833,270470,269476,13477,282953,3547
2021-03-28,San Francisco,075,870044,35219,35286,1280,36566,474
2021-03-28,San Joaquin,077,732212,69482,68459,3304,71763,1211
2021-03-28,San Luis Obispo,079,281455,20317,20172,651,20823,250
2021-03-28,San Mateo,081,765935,40761,40305,443,40748,348
2021-03-28,Santa Barbara,083,443738,33429,32953,1194,34147,439
2021-03-28,Santa Clara,085,1922200,113717,114232,669,114901,1871
2021-03-28,Santa Cruz,087,273765,15764,15238,863,16101,201
2021-03-28,Shasta,089,179085,11294,11308,1382,12690,183
2021-03-28,Sierra,091,2930,53,50,14,64,0
2021-03-28,Siskiyou,093,43540,1556,1497,276,1773,6
2021-03-28,Solano,095,438530,30848,30719,415,31134,232
2021-03-28,Sonoma,097,501317,29031,29161,274,29435,310
2021-03-28,Stanislaus,099,539301,52850,52567,5808,58375,678
2021-03-28,Sutter,101,95872,9136,9094,86,9180,106
2021-03-28,Tehama,103,63373,4753,4740,536,5276,52
2021-03-28,Trinity,105,12862,399,314,66,380,3
2021-03-28,Tulare,107,460477,48711,48218,9043,57261,815
2021-03-28,Tuolumne,109,53932,3968,3969,34,4003,57
2021-03-28,Ventura,111,848112,79532,79222,2983,82205,956
2021-03-28,Yolo,113,214977,13306,13325,260,13585,194
2021-03-28,Yuba,115,75493,5705,5662,107,5769,42
2021-03-27,Alameda,001,1643700,83641,83169,1878,85047,1211
2021-03-27,Alpine,003,1148,86,85,0,85,0
2021-03-27,Amador,005,37829,3570,3538,33,3571,45
2021-03-27,Butte,007,227075,11610,11278,1745,13023,191
2021-03-27,Calaveras,009,45235,1997,1992,12,2004,50
2021-03-27,Colusa,011,21464,1886,1889,281,2170,14
2021-03-27,Contra Costa,013,1133247,65618,64804,1190,65994,767
2021-03-27,Del Norte,015,27424,1148,1104,2,1106,6
2021-03-27,El Dorado,017,186661,9383,9367,646,10013,105
2021-03-27,Fresno,019,978130,99185,98901,8534,107435,1606
2021-03-27,Glenn,021,27897,2327,2308,542,2850,17
2021-03-27,Humboldt,023,135768,3447,3442,23,3465,34
2021-03-27,Imperial,025,180216,27483,27406,2735,30141,704
2021-03-27,Inyo,027,18085,1372,1372,2,1374,35
2021-03-27,Kern,029,883053,95030,94041,10635,104676,1217
2021-03-27,Kings,031,150075,22619,22502,1120,23622,238
2021-03-27,Lake,033,64148,3346,3317,8,3325,43
2021-03-27,Lassen,035,31185,5134,5129,105,5234,1
2021-03-27,Los Angeles,037,10098052,1184355,1178831,42303,1221134,23103
2021-03-27,Madera,039,155013,16066,15968,906,16874,210
2021-03-27,Marin,041,260295,13619,13579,209,13788,222
2021-03-27,Mariposa,043,17540,393,386,5,391,5
2021-03-27,Mendocino,045,87422,3742,3666,71,3737,45
2021-03-27,Merced,047,269075,29761,29647,959,30606,422
2021-03-27,Modoc,049,8938,354,344,120,464,3
2021-03-27,Mono,051,14174,1224,1241,12,1253,3
2021-03-27,Monterey,053,433212,42414,42271,1831,44102,337
2021-03-27,Napa,055,140530,9415,9360,33,9393,78
2021-03-27,Nevada,057,99092,4320,4231,184,4415,68
2021-03-27,Orange,059,3164182,250525,249160,11097,260257,4698
2021-03-27,Placer,061,380077,21459,20717,1278,21995,267
2021-03-27,Plumas,063,18699,666,655,11,666,4
2021-03-27,Riverside,065,2383286,286846,282707,14288,296995,4132
2021-03-27,Sacramento,067,1510023,98637,97247,1451,98698,1513
2021-03-27,San Benito,069,59416,5856,5862,97,5959,61
2021-03-27,San Bernardino,071,2135413,288397,285480,9192,294672,4325
2021-03-27,San Diego,073,3302833,270300,269271,13455,282726,3540
2021-03-27,San Francisco,075,870044,35195,35244,1278,36522,474
2021-03-27,San Joaquin,077,732212,69422,68365,3295,71660,1211
2021-03-27,San Luis Obispo,079,281455,20306,20153,648,20801,250
2021-03-27,San Mateo,081,765935,40738,40264,443,40707,348
2021-03-27,Santa Barbara,083,443738,33406,32921,1194,34115,439
2021-03-27,Santa Clara,085,1922200,113620,114124,667,114791,1871
2021-03-27,Santa Cruz,087,273765,15758,15215,863,16078,201
2021-03-27,Shasta,089,179085,11283,11288,1380,12668,183
2021-03-27,Sierra,091,2930,53,50,14,64,0
2021-03-27,Siskiyou,093,43540,1556,1497,276,1773,6
2021-03-27,Solano,095,438530,30820,30669,414,31083,232
2021-03-27,Sonoma,097,501317,29016,29133,272,29405,310
2021-03-27,Stanislaus,099,539301,52786,52497,5800,58297,678
2021-03-27,Sutter,101,95872,9128,9093,86,9179,106
2021-03-27,Tehama,103,63373,4747,4738,534,5272,52
2021-03-27,Trinity,105,12862,399,313,66,379,3
2021-03-27,Tulare,107,460477,48695,48203,9035,57238,813
2021-03-27,Tuolumne,109,53932,3965,3968,34,4002,57
2021-03-27,Ventura,111,848112,79505,79184,2981,82165,956
2021-03-27,Yolo,113,214977,13301,13317,259,13576,194
2021-03-27,Yuba,115,75493,5703,5657,107,5764,42
2021-03-26,Alameda,001,1643700,83579,83043,1876,84919,1208
2021-03-26,Alpine,003,1148,86,85,0,85,0
2021-03-26,Amador,005,37829,3565,3532,33,3565,45
2021-03-26,Butte,007,227075,11600,11278,1745,13023,191
2021-03-26,Calaveras,009,45235,1996,1989,12,2001,50
2021-03-26,Colusa,011,21464,1886,1889,281,2170,14
2021-03-26,Contra Costa,013,1133247,65558,64699,1188,65887,761
2021-03-26,Del Norte,015,27424,1145,1101,2,1103,6
2021-03-26,El Dorado,017,186661,9378,9353,646,9999,105
2021-03-26,Fresno,019,978130,99125,98731,8522,107253,1601
2021-03-26,Glenn,021,27897,2327,2307,541,2848,17
2021-03-26,Humboldt,023,135768,3445,3431,23,3454,34
2021-03-26,Imperial,025,180216,27459,27374,2735,30109,701
2021-03-26,Inyo,027,18085,1371,1369,2,1371,35
2021-03-26,Kern,029,883053,95004,93949,10629,104578,1211
2021-03-26,Kings,031,150075,22611,22493,1118,23611,239
2021-03-26,Lake,033,64148,3345,3314,8,3322,43
2021-03-26,Lassen,035,31185,5133,5131,105,5236,1
2021-03-26,Los Angeles,037,10098052,1184020,1178213,42288,1220501,23080
2021-03-26,Madera,039,155013,16056,15952,906,16858,210
2021-03-26,Marin,041,260295,13613,13553,204,13757,221
2021-03-26,Mariposa,043,17540,393,386,5,391,5
2021-03-26,Mendocino,045,87422,3741,3664,71,3735,45
2021-03-26,Merced,047,269075,29738,29613,957,30570,419
2021-03-26,Modoc,049,8938,354,344,120,464,3
2021-03-26,Mono,051,14174,1223,1236,12,1248,3
2021-03-26,Monterey,053,433212,42401,42241,1827,44068,338
2021-03-26,Napa,055,140530,9405,9349,33,9382,78
2021-03-26,Nevada,057,99092,4300,4222,184,4406,83
2021-03-26,Orange,059,3164182,250462,248995,11083,260078,4671
2021-03-26,Placer,061,380077,21433,20679,1276,21955,259
2021-03-26,Plumas,063,18699,665,654,11,665,4
2021-03-26,Riverside,065,2383286,286768,282602,14282,296884,4109
2021-03-26,Sacramento,067,1510023,98537,97040,1446,98486,1509
2021-03-26,San Benito,069,59416,5853,5855,97,5952,61
2021-03-26,San Bernardino,071,2135413,288342,285313,9189,294502,4288
2021-03-26,San Diego,073,3302833,270122,269045,13429,282474,3525
2021-03-26,San Francisco,075,870044,35170,35186,1278,36464,472
2021-03-26,San Joaquin,077,732212,69360,68249,3290,71539,1202
2021-03-26,San Luis Obispo,079,281455,20293,20118,648,20766,250
2021-03-26,San Mateo,081,765935,40703,40199,443,40642,348
2021-03-26,Santa Barbara,083,443738,33376,32895,1194,34089,439
2021-03-26,Santa Clara,085,1922200,113522,113959,666,114625,1868
2021-03-26,Santa Cruz,087,273765,15744,15199,862,16061,201
2021-03-26,Shasta,089,179085,11274,11276,1374,12650,182
2021-03-26,Sierra,091,2930,53,50,14,64,0
2021-03-26,Siskiyou,093,43540,1556,1493,275,1768,6
2021-03-26,Solano,095,438530,30795,30640,414,31054,205
2021-03-26,Sonoma,097,501317,29000,29101,269,29370,310
2021-03-26,Stanislaus,099,539301,52718,52420,5796,58216,678
2021-03-26,Sutter,101,95872,9126,9082,86,9168,104
2021-03-26,Tehama,103,63373,4746,4722,533,5255,51
2021-03-26,Trinity,105,12862,399,311,66,377,3
2021-03-26,Tulare,107,460477,48681,48179,9026,57205,813
2021-03-26,Tuolumne,109,53932,3964,3965,34,3999,57
2021-03-26,Ventura,111,848112,79472,79122,2979,82101,953
2021-03-26,Yolo,113,214977,13294,13299,257,13556,194
2021-03-26,Yuba,115,75493,5693,5653,107,5760,42
2021-03-25,Alameda,001,1643700,83481,82945,1874,84819,1206
2021-03-25,Alpine,003,1148,86,84,0,84,0
2021-03-25,Amador,005,37829,3563,3530,33,3563,45
2021-03-25,Butte,007,227075,11590,11270,1745,13015,188
2021-03-25,Calaveras,009,45235,1991,1982,12,1994,50
2021-03-25,Colusa,011,21464,1886,1888,281,2169,14
2021-03-25,Contra Costa,013,1133247,65491,64606,1184,65790,757
2021-03-25,Del Norte,015,27424,1139,1095,2,1097,6
2021-03-25,El Dorado,017,186661,9368,9331,646,9977,105
2021-03-25,Fresno,019,978130,99009,98602,8507,107109,1593
2021-03-25,Glenn,021,27897,2326,2302,540,2842,17
2021-03-25,Humboldt,023,135768,3440,3423,23,3446,34
2021-03-25,Imperial,025,180216,27443,27352,2734,30086,699
2021-03-25,Inyo,027,18085,1371,1369,2,1371,35
2021-03-25,Kern,029,883053,94972,93857,10624,104481,1206
2021-03-25,Kings,031,150075,22601,22472,1118,23590,237
2021-03-25,Lake,033,64148,3340,3312,8,3320,43
2021-03-25,Lassen,035,31185,5133,5129,105,5234,1
2021-03-25,Los Angeles,037,10098052,1183593,1177490,42250,1219740,23051
2021-03-25,Madera,039,155013,16037,15937,904,16841,210
2021-03-25,Marin,041,260295,13604,13538,201,13739,219
2021-03-25,Mariposa,043,17540,393,386,5,391,5
2021-03-25,Mendocino,045,87422,3740,3664,71,3735,45
2021-03-25,Merced,047,269075,29704,29576,948,30524,416
2021-03-25,Modoc,049,8938,354,343,120,463,3
2021-03-25,Mono,051,14174,1223,1235,12,1247,3
2021-03-25,Monterey,053,433212,42380,42220,1822,44042,336
2021-03-25,Napa,055,140530,9386,9321,33,9354,78
2021-03-25,Nevada,057,99092,4282,4202,182,4384,84
2021-03-25,Orange,059,3164182,250349,248871,11062,259933,4655
2021-03-25,Placer,061,380077,21394,20639,1269,21908,252
2021-03-25,Plumas,063,18699,665,654,11,665,4
2021-03-25,Riverside,065,2383286,286671,282492,14271,296763,4078
2021-03-25,Sacramento,067,1510023,98392,96823,1443,98266,1505
2021-03-25,San Benito,069,59416,5850,5850,97,5947,61
2021-03-25,San Bernardino,071,2135413,288261,285134,9184,294318,4222
2021-03-25,San Diego,073,3302833,269895,268623,13398,282021,3520
2021-03-25,San Francisco,075,870044,35131,35154,1276,36430,468
2021-03-25,San Joaquin,077,732212,69264,68089,3241,71330,1196
2021-03-25,San Luis Obispo,079,281455,20276,20076,647,20723,250
2021-03-25,San Mateo,081,765935,40663,40147,443,40590,348
2021-03-25,Santa Barbara,083,443738,33349,32857,1194,34051,439
2021-03-25,Santa Clara,085,1922200,113419,113877,664,114541,1868
2021-03-25,Santa Cruz,087,273765,15723,15170,862,16032,201
2021-03-25,Shasta,089,179085,11257,11262,1372,12634,181
2021-03-25,Sierra,091,2930,53,50,14,64,0
2021-03-25,Siskiyou,093,43540,1554,1491,274,1765,6
2021-03-25,Solano,095,438530,30735,30583,412,30995,193
2021-03-25,Sonoma,097,501317,28966,29060,265,29325,310
2021-03-25,Stanislaus,099,539301,52651,52321,5789,58110,678
2021-03-25,Sutter,101,95872,9117,9069,86,9155,104
2021-03-25,Tehama,103,63373,4744,4719,532,5251,52
2021-03-25,Trinity,105,12862,399,310,66,376,3
2021-03-25,Tulare,107,460477,48656,48148,9013,57161,811
2021-03-25,Tuolumne,109,53932,3963,3962,34,3996,57
2021-03-25,Ventura,111,848112,79432,79045,2975,82020,952
2021-03-25,Yolo,113,214977,13288,13287,257,13544,194
2021-03-25,Yuba,115,75493,5687,5647,101,5748,42
2021-03-24,Alameda,001,1643700,83386,82871,1871,84742,1199
2021-03-24,Alpine,003,1148,86,84,0,84,0
2021-03-24,Amador,005,37829,3557,3529,33,3562,45
2021-03-24,Butte,007,227075,11580,11252,1741,12993,187
2021-03-24,Calaveras,009,45235,1987,1975,12,1987,50
2021-03-24,Colusa,011,21464,1886,1886,280,2166,14
2021-03-24,Contra Costa,013,1133247,65411,64539,1183,65722,755
2021-03-24,Del Norte,015,27424,1134,1087,2,1089,6
2021-03-24,El Dorado,017,186661,9362,9319,645,9964,105
2021-03-24,Fresno,019,978130,98919,98437,8492,106929,1585
2021-03-24,Glenn,021,27897,2325,2297,539,2836,17
2021-03-24,Humboldt,023,135768,3437,3414,23,3437,34
2021-03-24,Imperial,025,180216,27434,27325,2734,30059,699
2021-03-24,Inyo,027,18085,1371,1368,2,1370,35
2021-03-24,Kern,029,883053,94924,93800,10615,104415,1198
2021-03-24,Kings,031,150075,22586,22456,1116,23572,237
2021-03-24,Lake,033,64148,3336,3307,8,3315,43
2021-03-24,Lassen,035,31185,5131,5130,104,5234,1
2021-03-24,Los Angeles,037,10098052,1183121,1177015,42213,1219228,22993
2021-03-24,Madera,039,155013,16028,15918,903,16821,210
2021-03-24,Marin,041,260295,13591,13526,199,13725,219
2021-03-24,Mariposa,043,17540,393,384,5,389,5
2021-03-24,Mendocino,045,87422,3737,3660,71,3731,45
2021-03-24,Merced,047,269075,29663,29525,948,30473,415
2021-03-24,Modoc,049,8938,353,341,120,461,3
2021-03-24,Mono,051,14174,1222,1243,12,1255,3
2021-03-24,Monterey,053,433212,42358,42201,1819,44020,335
2021-03-24,Napa,055,140530,9366,9310,33,9343,78
2021-03-24,Nevada,057,99092,4268,4191,181,4372,85
2021-03-24,Orange,059,3164182,250233,248775,11043,259818,4638
2021-03-24,Placer,061,380077,21364,20606,1261,21867,250
2021-03-24,Plumas,063,18699,663,652,11,663,4
2021-03-24,Riverside,065,2383286,286588,282410,14269,296679,4058
2021-03-24,Sacramento,067,1510023,98219,96628,1431,98059,1500
2021-03-24,San Benito,069,59416,5849,5847,97,5944,61
2021-03-24,San Bernardino,071,2135413,288176,284983,9182,294165,4170
2021-03-24,San Diego,073,3302833,269680,268413,13370,281783,3509
2021-03-24,San Francisco,075,870044,35103,35103,1273,36376,462
2021-03-24,San Joaquin,077,732212,69193,67978,3229,71207,1196
2021-03-24,San Luis Obispo,079,281455,20246,20021,646,20667,250
2021-03-24,San Mateo,081,765935,40613,40083,443,40526,348
2021-03-24,Santa Barbara,083,443738,33322,32810,1194,34004,438
2021-03-24,Santa Clara,085,1922200,113305,113757,660,114417,1851
2021-03-24,Santa Cruz,087,273765,15710,15138,860,15998,202
2021-03-24,Shasta,089,179085,11238,11243,1370,12613,181
2021-03-24,Sierra,091,2930,53,50,14,64,0
2021-03-24,Siskiyou,093,43540,1552,1490,274,1764,6
2021-03-24,Solano,095,438530,30698,30552,411,30963,178
2021-03-24,Sonoma,097,501317,28947,29034,260,29294,310
2021-03-24,Stanislaus,099,539301,52575,52259,5781,58040,677
2021-03-24,Sutter,101,95872,9101,9049,86,9135,104
2021-03-24,Tehama,103,63373,4738,4719,531,5250,49
2021-03-24,Trinity,105,12862,398,310,66,376,3
2021-03-24,Tulare,107,460477,48646,48109,9000,57109,808
2021-03-24,Tuolumne,109,53932,3962,3961,34,3995,57
2021-03-24,Ventura,111,848112,79380,78993,2968,81961,944
2021-03-24,Yolo,113,214977,13277,13269,257,13526,194
2021-03-24,Yuba,115,75493,5681,5634,98,5732,42
2021-03-23,Alameda,001,1643700,83283,82799,1867,84666,1190
2021-03-23,Alpine,003,1148,86,84,0,84,0
2021-03-23,Amador,005,37829,3551,3524,33,3557,45
2021-03-23,Butte,007,227075,11569,11227,1740,12967,187
2021-03-23,Calaveras,009,45235,1987,1971,12,1983,50
2021-03-23,Colusa,011,21464,1884,1885,279,2164,14
2021-03-23,Contra Costa,013,1133247,65312,64491,1182,65673,750
2021-03-23,Del Norte,015,27424,1129,1082,2,1084,6
2021-03-23,El Dorado,017,186661,9352,9318,643,9961,105
2021-03-23,Fresno,019,978130,98807,98362,8467,106829,1575
2021-03-23,Glenn,021,27897,2320,2293,537,2830,17
2021-03-23,Humboldt,023,135768,3428,3405,23,3428,34
2021-03-23,Imperial,025,180216,27426,27320,2734,30054,699
2021-03-23,Inyo,027,18085,1369,1364,2,1366,35
2021-03-23,Kern,029,883053,94817,93728,10608,104336,1191
2021-03-23,Kings,031,150075,22575,22439,1114,23553,237
2021-03-23,Lake,033,64148,3334,3294,8,3302,43
2021-03-23,Lassen,035,31185,5131,5130,104,5234,1
2021-03-23,Los Angeles,037,10098052,1182608,1176572,42173,1218745,22904
2021-03-23,Madera,039,155013,16012,15908,902,16810,210
2021-03-23,Marin,041,260295,13568,13514,197,13711,221
2021-03-23,Mariposa,043,17540,392,384,5,389,5
2021-03-23,Mendocino,045,87422,3735,3652,71,3723,45
2021-03-23,Merced,047,269075,29631,29485,948,30433,415
2021-03-23,Modoc,049,8938,352,342,120,462,3
2021-03-23,Mono,051,14174,1221,1263,12,1275,3
2021-03-23,Monterey,053,433212,42347,42180,1817,43997,335
2021-03-23,Napa,055,140530,9341,9299,33,9332,78
2021-03-23,Nevada,057,99092,4249,4179,180,4359,89
2021-03-23,Orange,059,3164182,250107,248661,11024,259685,4626
2021-03-23,Placer,061,380077,21330,20567,1257,21824,248
2021-03-23,Plumas,063,18699,663,652,11,663,4
2021-03-23,Riverside,065,2383286,286494,282317,14261,296578,4035
2021-03-23,Sacramento,067,1510023,98028,96521,1426,97947,1496
2021-03-23,San Benito,069,59416,5844,5845,96,5941,61
2021-03-23,San Bernardino,071,2135413,288094,284875,9174,294049,4134
2021-03-23,San Diego,073,3302833,269435,268156,13338,281494,3498
2021-03-23,San Francisco,075,870044,35046,35071,1266,36337,462
2021-03-23,San Joaquin,077,732212,69097,67903,3211,71114,1182
2021-03-23,San Luis Obispo,079,281455,20206,20009,645,20654,250
2021-03-23,San Mateo,081,765935,40557,40032,442,40474,348
2021-03-23,Santa Barbara,083,443738,33284,32771,1193,33964,438
2021-03-23,Santa Clara,085,1922200,113188,113645,657,114302,1848
2021-03-23,Santa Cruz,087,273765,15695,15106,860,15966,201
2021-03-23,Shasta,089,179085,11225,11234,1369,12603,175
2021-03-23,Sierra,091,2930,53,50,14,64,0
2021-03-23,Siskiyou,093,43540,1547,1485,272,1757,6
2021-03-23,Solano,095,438530,30657,30524,410,30934,178
2021-03-23,Sonoma,097,501317,28911,29020,258,29278,310
2021-03-23,Stanislaus,099,539301,52475,52148,5773,57921,677
2021-03-23,Sutter,101,95872,9093,9039,86,9125,104
2021-03-23,Tehama,103,63373,4727,4707,530,5237,46
2021-03-23,Trinity,105,12862,398,310,66,376,3
2021-03-23,Tulare,107,460477,48619,48095,8983,57078,808
2021-03-23,Tuolumne,109,53932,3959,3957,34,3991,57
2021-03-23,Ventura,111,848112,79319,78930,2965,81895,932
2021-03-23,Yolo,113,214977,13266,13255,257,13512,194
2021-03-23,Yuba,115,75493,5676,5628,98,5726,42
2021-03-22,Alameda,001,1643700,83191,82748,1861,84609,1189
2021-03-22,Alpine,003,1148,85,83,0,83,0
2021-03-22,Amador,005,37829,3543,3522,33,3555,44
2021-03-22,Butte,007,227075,11560,11211,1738,12949,185
2021-03-22,Calaveras,009,45235,1984,1963,12,1975,49
2021-03-22,Colusa,011,21464,1883,1885,278,2163,13
2021-03-22,Contra Costa,013,1133247,65217,64432,1180,65612,740
2021-03-22,Del Norte,015,27424,1123,1082,2,1084,6
2021-03-22,El Dorado,017,186661,9336,9310,640,9950,105
2021-03-22,Fresno,019,978130,98711,98276,8453,106729,1556
2021-03-22,Glenn,021,27897,2312,2291,537,2828,17
2021-03-22,Humboldt,023,135768,3423,3403,23,3426,34
2021-03-22,Imperial,025,180216,27411,27302,2730,30032,699
2021-03-22,Inyo,027,18085,1366,1363,2,1365,35
2021-03-22,Kern,029,883053,94747,93675,10591,104266,1178
2021-03-22,Kings,031,150075,22562,22433,1109,23542,236
2021-03-22,Lake,033,64148,3333,3290,8,3298,43
2021-03-22,Lassen,035,31185,5129,5129,104,5233,1
2021-03-22,Los Angeles,037,10098052,1182102,1176205,42138,1218343,22843
2021-03-22,Madera,039,155013,15997,15904,902,16806,210
2021-03-22,Marin,041,260295,13559,13501,196,13697,221
2021-03-22,Mariposa,043,17540,391,381,5,386,5
2021-03-22,Mendocino,045,87422,3733,3653,71,3724,45
2021-03-22,Merced,047,269075,29588,29468,945,30413,413
2021-03-22,Modoc,049,8938,350,342,120,462,3
2021-03-22,Mono,051,14174,1216,1263,12,1275,3
2021-03-22,Monterey,053,433212,42330,42161,1815,43976,335
2021-03-22,Napa,055,140530,9330,9288,33,9321,77
2021-03-22,Nevada,057,99092,4239,4174,175,4349,89
2021-03-22,Orange,059,3164182,249957,248517,10989,259506,4599
2021-03-22,Placer,061,380077,21294,20543,1252,21795,242
2021-03-22,Plumas,063,18699,663,652,11,663,4
2021-03-22,Riverside,065,2383286,286401,282242,14250,296492,4009
2021-03-22,Sacramento,067,1510023,97850,96385,1416,97801,1493
2021-03-22,San Benito,069,59416,5841,5844,95,5939,61
2021-03-22,San Bernardino,071,2135413,288007,284771,9161,293932,4107
2021-03-22,San Diego,073,3302833,269224,267913,13318,281231,3494
2021-03-22,San Francisco,075,870044,35004,35040,1262,36302,462
2021-03-22,San Joaquin,077,732212,69006,67815,3192,71007,1182
2021-03-22,San Luis Obispo,079,281455,20182,20000,644,20644,250
2021-03-22,San Mateo,081,765935,40507,40024,440,40464,348
2021-03-22,Santa Barbara,083,443738,33238,32756,1190,33946,437
2021-03-22,Santa Clara,085,1922200,113069,113575,657,114232,1845
2021-03-22,Santa Cruz,087,273765,15683,15077,859,15936,201
2021-03-22,Shasta,089,179085,11211,11218,1368,12586,150
2021-03-22,Sierra,091,2930,53,50,14,64,0
2021-03-22,Siskiyou,093,43540,1546,1487,271,1758,5
2021-03-22,Solano,095,438530,30618,30490,406,30896,171
2021-03-22,Sonoma,097,501317,28882,29010,254,29264,310
2021-03-22,Stanislaus,099,539301,52391,52083,5768,57851,677
2021-03-22,Sutter,101,95872,9080,9024,86,9110,104
2021-03-22,Tehama,103,63373,4719,4704,530,5234,45
2021-03-22,Trinity,105,12862,398,310,66,376,3
2021-03-22,Tulare,107,460477,48604,48074,8962,57036,807
2021-03-22,Tuolumne,109,53932,3956,3954,34,3988,57
2021-03-22,Ventura,111,848112,79271,78890,2962,81852,927
2021-03-22,Yolo,113,214977,13254,13243,256,13499,190
2021-03-22,Yuba,115,75493,5665,5627,96,5723,42
2021-03-21,Alameda,001,1643700,83103,82684,1858,84542,1187
2021-03-21,Alpine,003,1148,85,83,0,83,0
2021-03-21,Amador,005,37829,3539,3519,33,3552,44
2021-03-21,Butte,007,227075,11544,11208,1732,12940,185
2021-03-21,Calaveras,009,45235,1981,1962,12,1974,49
2021-03-21,Colusa,011,21464,1883,1885,278,2163,13
2021-03-21,Contra Costa,013,1133247,65135,64382,1176,65558,740
2021-03-21,Del Norte,015,27424,1108,1076,2,1078,6
2021-03-21,El Dorado,017,186661,9326,9302,635,9937,105
2021-03-21,Fresno,019,978130,98599,98211,8429,106640,1556
2021-03-21,Glenn,021,27897,2309,2288,536,2824,17
2021-03-21,Humboldt,023,135768,3418,3402,23,3425,34
2021-03-21,Imperial,025,180216,27394,27267,2721,29988,699
2021-03-21,Inyo,027,18085,1366,1363,2,1365,35
2021-03-21,Kern,029,883053,94683,93649,10580,104229,1170
2021-03-21,Kings,031,150075,22545,22422,1108,23530,236
2021-03-21,Lake,033,64148,3329,3286,8,3294,43
2021-03-21,Lassen,035,31185,5129,5129,104,5233,1
2021-03-21,Los Angeles,037,10098052,1181577,1175684,42087,1217771,22834
2021-03-21,Madera,039,155013,15978,15895,900,16795,210
2021-03-21,Marin,041,260295,13543,13495,195,13690,220
2021-03-21,Mariposa,043,17540,391,381,5,386,5
2021-03-21,Mendocino,045,87422,3730,3651,71,3722,45
2021-03-21,Merced,047,269075,29528,29446,939,30385,413
2021-03-21,Modoc,049,8938,350,341,120,461,3
2021-03-21,Mono,051,14174,1211,1263,12,1275,3
2021-03-21,Monterey,053,433212,42305,42153,1812,43965,335
2021-03-21,Napa,055,140530,9310,9282,33,9315,77
2021-03-21,Nevada,057,99092,4226,4169,175,4344,89
2021-03-21,Orange,059,3164182,249825,248442,10961,259403,4598
2021-03-21,Placer,061,380077,21258,20520,1244,21764,242
2021-03-21,Plumas,063,18699,663,653,11,664,4
2021-03-21,Riverside,065,2383286,286296,282187,14238,296425,4009
2021-03-21,Sacramento,067,1510023,97656,96269,1408,97677,1489
2021-03-21,San Benito,069,59416,5835,5842,95,5937,61
2021-03-21,San Bernardino,071,2135413,287919,284732,9155,293887,4094
2021-03-21,San Diego,073,3302833,268964,267724,13292,281016,3494
2021-03-21,San Francisco,075,870044,34957,35012,1255,36267,460
2021-03-21,San Joaquin,077,732212,68884,67729,3174,70903,1182
2021-03-21,San Luis Obispo,079,281455,20150,19979,642,20621,250
2021-03-21,San Mateo,081,765935,40462,39988,439,40427,344
2021-03-21,Santa Barbara,083,443738,33199,32743,1188,33931,437
2021-03-21,Santa Clara,085,1922200,112940,113487,654,114141,1840
2021-03-21,Santa Cruz,087,273765,15676,15064,859,15923,199
2021-03-21,Shasta,089,179085,11191,11215,1367,12582,150
2021-03-21,Sierra,091,2930,53,50,14,64,0
2021-03-21,Siskiyou,093,43540,1546,1486,270,1756,5
2021-03-21,Solano,095,438530,30578,30474,403,30877,171
2021-03-21,Sonoma,097,501317,28853,28986,253,29239,310
2021-03-21,Stanislaus,099,539301,52301,52014,5767,57781,677
2021-03-21,Sutter,101,95872,9067,9021,86,9107,104
2021-03-21,Tehama,103,63373,4715,4701,530,5231,45
2021-03-21,Trinity,105,12862,396,310,66,376,3
2021-03-21,Tulare,107,460477,48588,48060,8950,57010,807
2021-03-21,Tuolumne,109,53932,3954,3953,34,3987,57
2021-03-21,Ventura,111,848112,79207,78863,2957,81820,927
2021-03-21,Yolo,113,214977,13233,13235,256,13491,190
2021-03-21,Yuba,115,75493,5655,5624,96,5720,42
2021-03-20,Alameda,001,1643700,83034,82614,1856,84470,1178
2021-03-20,Alpine,003,1148,85,83,0,83,0
2021-03-20,Amador,005,37829,3537,3518,33,3551,44
2021-03-20,Butte,007,227075,11538,11199,1730,12929,185
2021-03-20,Calaveras,009,45235,1977,1961,12,1973,49
2021-03-20,Colusa,011,21464,1883,1883,278,2161,12
2021-03-20,Contra Costa,013,1133247,65075,64313,1176,65489,713
2021-03-20,Del Norte,015,27424,1107,1075,2,1077,6
2021-03-20,El Dorado,017,186661,9320,9290,635,9925,105
2021-03-20,Fresno,019,978130,98539,98112,8422,106534,1532
2021-03-20,Glenn,021,27897,2308,2288,534,2822,17
2021-03-20,Humboldt,023,135768,3411,3399,23,3422,33
2021-03-20,Imperial,025,180216,27388,27239,2719,29958,695
2021-03-20,Inyo,027,18085,1366,1362,2,1364,35
2021-03-20,Kern,029,883053,94654,93606,10575,104181,1155
2021-03-20,Kings,031,150075,22540,22415,1107,23522,236
2021-03-20,Lake,033,64148,3325,3280,8,3288,43
2021-03-20,Lassen,035,31185,5129,5128,104,5232,1
2021-03-20,Los Angeles,037,10098052,1181281,1175290,42059,1217349,22810
2021-03-20,Madera,039,155013,15970,15891,899,16790,210
2021-03-20,Marin,041,260295,13531,13470,191,13661,220
2021-03-20,Mariposa,043,17540,390,381,5,386,5
2021-03-20,Mendocino,045,87422,3729,3639,71,3710,43
2021-03-20,Merced,047,269075,29497,29411,936,30347,412
2021-03-20,Modoc,049,8938,349,341,120,461,3
2021-03-20,Mono,051,14174,1211,1256,12,1268,3
2021-03-20,Monterey,053,433212,42296,42146,1811,43957,334
2021-03-20,Napa,055,140530,9302,9274,33,9307,77
2021-03-20,Nevada,057,99092,4215,4164,174,4338,89
2021-03-20,Orange,059,3164182,249744,248348,10948,259296,4522
2021-03-20,Placer,061,380077,21236,20505,1242,21747,242
2021-03-20,Plumas,063,18699,660,652,11,663,4
2021-03-20,Riverside,065,2383286,286223,282081,14234,296315,4000
2021-03-20,Sacramento,067,1510023,97546,96126,1404,97530,1488
2021-03-20,San Benito,069,59416,5831,5840,95,5935,61
2021-03-20,San Bernardino,071,2135413,287854,284690,9151,293841,3965
2021-03-20,San Diego,073,3302833,268793,267532,13285,280817,3493
2021-03-20,San Francisco,075,870044,34934,34968,1248,36216,453
2021-03-20,San Joaquin,077,732212,68843,67662,3167,70829,1161
2021-03-20,San Luis Obispo,079,281455,20134,19951,636,20587,250
2021-03-20,San Mateo,081,765935,40428,39958,438,40396,344
2021-03-20,Santa Barbara,083,443738,33175,32723,1187,33910,434
2021-03-20,Santa Clara,085,1922200,112848,113384,653,114037,1799
2021-03-20,Santa Cruz,087,273765,15660,15053,859,15912,199
2021-03-20,Shasta,089,179085,11185,11211,1367,12578,147
2021-03-20,Sierra,091,2930,53,50,14,64,0
2021-03-20,Siskiyou,093,43540,1546,1483,270,1753,5
2021-03-20,Solano,095,438530,30548,30439,403,30842,170
2021-03-20,Sonoma,097,501317,28838,28962,252,29214,309
2021-03-20,Stanislaus,099,539301,52246,51925,5759,57684,673
2021-03-20,Sutter,101,95872,9059,9014,86,9100,103
2021-03-20,Tehama,103,63373,4710,4696,528,5224,33
2021-03-20,Trinity,105,12862,395,310,66,376,3
2021-03-20,Tulare,107,460477,48573,48030,8933,56963,804
2021-03-20,Tuolumne,109,53932,3951,3950,34,3984,57
2021-03-20,Ventura,111,848112,79170,78818,2955,81773,922
2021-03-20,Yolo,113,214977,13229,13226,256,13482,190
2021-03-20,Yuba,115,75493,5652,5621,95,5716,42
2021-03-19,Alameda,001,1643700,82961,82499,1854,84353,1187
2021-03-19,Alpine,003,1148,84,82,0,82,0
2021-03-19,Amador,005,37829,3534,3515,33,3548,44
2021-03-19,Butte,007,227075,11529,11191,1727,12918,185
2021-03-19,Calaveras,009,45235,1976,1957,12,1969,49
2021-03-19,Colusa,011,21464,1882,1883,278,2161,12
2021-03-19,Contra Costa,013,1133247,65016,64195,1173,65368,737
2021-03-19,Del Norte,015,27424,1101,1071,0,1071,6
2021-03-19,El Dorado,017,186661,9311,9274,635,9909,105
2021-03-19,Fresno,019,978130,98457,97969,8407,106376,1527
2021-03-19,Glenn,021,27897,2308,2282,534,2816,17
2021-03-19,Humboldt,023,135768,3402,3388,23,3411,33
2021-03-19,Imperial,025,180216,27377,27218,2714,29932,695
2021-03-19,Inyo,027,18085,1364,1356,2,1358,35
2021-03-19,Kern,029,883053,94621,93534,10562,104096,1152
2021-03-19,Kings,031,150075,22531,22369,1104,23473,235
2021-03-19,Lake,033,64148,3319,3262,8,3270,43
2021-03-19,Lassen,035,31185,5129,5126,104,5230,1
2021-03-19,Los Angeles,037,10098052,1180946,1174818,42043,1216861,22752
2021-03-19,Madera,039,155013,15963,15877,898,16775,210
2021-03-19,Marin,041,260295,13519,13441,191,13632,220
2021-03-19,Mariposa,043,17540,389,380,5,385,5
2021-03-19,Mendocino,045,87422,3728,3639,71,3710,45
2021-03-19,Merced,047,269075,29468,29376,935,30311,412
2021-03-19,Modoc,049,8938,349,341,120,461,3
2021-03-19,Mono,051,14174,1209,1244,12,1256,3
2021-03-19,Monterey,053,433212,42287,42125,1809,43934,335
2021-03-19,Napa,055,140530,9290,9256,33,9289,77
2021-03-19,Nevada,057,99092,4204,4156,174,4330,88
2021-03-19,Orange,059,3164182,249645,248146,10935,259081,4501
2021-03-19,Placer,061,380077,21218,20451,1240,21691,242
2021-03-19,Plumas,063,18699,660,650,11,661,4
2021-03-19,Riverside,065,2383286,286141,281937,14229,296166,3989
2021-03-19,Sacramento,067,1510023,97444,95934,1401,97335,1486
2021-03-19,San Benito,069,59416,5831,5845,95,5940,61
2021-03-19,San Bernardino,071,2135413,287782,284501,9149,293650,4017
2021-03-19,San Diego,073,3302833,268658,267173,13275,280448,3491
2021-03-19,San Francisco,075,870044,34888,34936,1245,36181,461
2021-03-19,San Joaquin,077,732212,68773,67515,3153,70668,1180
2021-03-19,San Luis Obispo,079,281455,20114,19913,634,20547,249
2021-03-19,San Mateo,081,765935,40404,39893,438,40331,344
2021-03-19,Santa Barbara,083,443738,33146,32685,1186,33871,435
2021-03-19,Santa Clara,085,1922200,112774,113232,652,113884,1797
2021-03-19,Santa Cruz,087,273765,15653,15026,859,15885,199
2021-03-19,Shasta,089,179085,11178,11104,1365,12469,103
2021-03-19,Sierra,091,2930,52,49,14,63,0
2021-03-19,Siskiyou,093,43540,1546,1480,269,1749,5
2021-03-19,Solano,095,438530,30518,30395,401,30796,172
2021-03-19,Sonoma,097,501317,28817,28932,250,29182,292
2021-03-19,Stanislaus,099,539301,52188,51755,5756,57511,679
2021-03-19,Sutter,101,95872,9057,9005,86,9091,103
2021-03-19,Tehama,103,63373,4702,4685,528,5213,33
2021-03-19,Trinity,105,12862,395,310,66,376,3
2021-03-19,Tulare,107,460477,48550,47989,8910,56899,805
2021-03-19,Tuolumne,109,53932,3948,3946,34,3980,57
2021-03-19,Ventura,111,848112,79132,78753,2950,81703,920
2021-03-19,Yolo,113,214977,13221,13197,256,13453,189
2021-03-19,Yuba,115,75493,5649,5615,94,5709,42
2021-03-18,Alameda,001,1643700,82877,82419,1851,84270,1189
2021-03-18,Alpine,003,1148,84,82,0,82,0
2021-03-18,Amador,005,37829,3530,3513,33,3546,44
2021-03-18,Butte,007,227075,11518,11179,1725,12904,185
2021-03-18,Calaveras,009,45235,1974,1954,12,1966,49
2021-03-18,Colusa,011,21464,1882,1882,278,2160,12
2021-03-18,Contra Costa,013,1133247,64943,64103,1170,65273,739
2021-03-18,Del Norte,015,27424,1092,1059,0,1059,6
2021-03-18,El Dorado,017,186661,9298,9261,634,9895,105
2021-03-18,Fresno,019,978130,98362,97856,8392,106248,1527
2021-03-18,Glenn,021,27897,2304,2275,533,2808,17
2021-03-18,Humboldt,023,135768,3394,3381,23,3404,34
2021-03-18,Imperial,025,180216,27361,27190,2708,29898,695
2021-03-18,Inyo,027,18085,1361,1354,2,1356,35
2021-03-18,Kern,029,883053,94564,93458,10548,104006,1158
2021-03-18,Kings,031,150075,22524,22354,1103,23457,235
2021-03-18,Lake,033,64148,3316,3260,8,3268,43
2021-03-18,Lassen,035,31185,5128,5126,104,5230,1
2021-03-18,Los Angeles,037,10098052,1180517,1174205,42012,1216217,22689
2021-03-18,Madera,039,155013,15951,15860,896,16756,211
2021-03-18,Marin,041,260295,13501,13435,190,13625,219
2021-03-18,Mariposa,043,17540,387,380,5,385,5
2021-03-18,Mendocino,045,87422,3718,3630,71,3701,45
2021-03-18,Merced,047,269075,29433,29317,935,30252,410
2021-03-18,Modoc,049,8938,349,341,120,461,3
2021-03-18,Mono,051,14174,1205,1215,12,1227,3
2021-03-18,Monterey,053,433212,42273,42105,1809,43914,335
2021-03-18,Napa,055,140530,9281,9243,33,9276,77
2021-03-18,Nevada,057,99092,4197,4154,174,4328,74
2021-03-18,Orange,059,3164182,249542,248050,10922,258972,4514
2021-03-18,Placer,061,380077,21186,20421,1237,21658,243
2021-03-18,Plumas,063,18699,658,648,11,659,4
2021-03-18,Riverside,065,2383286,286062,281789,14222,296011,3957
2021-03-18,Sacramento,067,1510023,97296,95819,1397,97216,1481
2021-03-18,San Benito,069,59416,5829,5842,95,5937,61
2021-03-18,San Bernardino,071,2135413,287703,284294,9119,293413,4076
2021-03-18,San Diego,073,3302833,268506,266752,13265,280017,3478
2021-03-18,San Francisco,075,870044,34849,34904,1244,36148,461
2021-03-18,San Joaquin,077,732212,68673,67301,3141,70442,1169
2021-03-18,San Luis Obispo,079,281455,20085,19894,633,20527,249
2021-03-18,San Mateo,081,765935,40363,39874,438,40312,344
2021-03-18,Santa Barbara,083,443738,33104,32640,1186,33826,434
2021-03-18,Santa Clara,085,1922200,112657,113119,648,113767,1808
2021-03-18,Santa Cruz,087,273765,15643,14998,859,15857,198
2021-03-18,Shasta,089,179085,11164,11059,1363,12422,100
2021-03-18,Sierra,091,2930,52,49,14,63,0
2021-03-18,Siskiyou,093,43540,1543,1480,268,1748,5
2021-03-18,Solano,095,438530,30476,30352,398,30750,172
2021-03-18,Sonoma,097,501317,28795,28915,248,29163,292
2021-03-18,Stanislaus,099,539301,52116,51615,5752,57367,682
2021-03-18,Sutter,101,95872,9045,8999,86,9085,103
2021-03-18,Tehama,103,63373,4696,4683,527,5210,35
2021-03-18,Trinity,105,12862,395,310,66,376,3
2021-03-18,Tulare,107,460477,48531,47964,8895,56859,805
2021-03-18,Tuolumne,109,53932,3948,3942,34,3976,57
2021-03-18,Ventura,111,848112,79076,78697,2950,81647,918
2021-03-18,Yolo,113,214977,13208,13183,256,13439,191
2021-03-18,Yuba,115,75493,5645,5612,94,5706,42
2021-03-17,Alameda,001,1643700,82801,82353,1846,84199,1185
2021-03-17,Alpine,003,1148,84,82,0,82,0
2021-03-17,Amador,005,37829,3528,3511,33,3544,44
2021-03-17,Butte,007,227075,11509,11170,1723,12893,185
2021-03-17,Calaveras,009,45235,1973,1946,12,1958,49
2021-03-17,Colusa,011,21464,1881,1882,278,2160,12
2021-03-17,Contra Costa,013,1133247,64874,64026,1169,65195,737
2021-03-17,Del Norte,015,27424,1088,1053,0,1053,6
2021-03-17,El Dorado,017,186661,9288,9252,634,9886,105
2021-03-17,Fresno,019,978130,98252,97727,8373,106100,1507
2021-03-17,Glenn,021,27897,2297,2269,532,2801,17
2021-03-17,Humboldt,023,135768,3386,3365,23,3388,33
2021-03-17,Imperial,025,180216,27345,27168,2706,29874,691
2021-03-17,Inyo,027,18085,1359,1351,2,1353,35
2021-03-17,Kern,029,883053,94508,93392,10535,103927,1149
2021-03-17,Kings,031,150075,22508,22336,1102,23438,233
2021-03-17,Lake,033,64148,3309,3251,8,3259,43
2021-03-17,Lassen,035,31185,5127,5125,104,5229,1
2021-03-17,Los Angeles,037,10098052,1180066,1173416,41978,1215394,22602
2021-03-17,Madera,039,155013,15944,15835,895,16730,214
2021-03-17,Marin,041,260295,13483,13428,189,13617,218
2021-03-17,Mariposa,043,17540,387,379,5,384,5
2021-03-17,Mendocino,045,87422,3714,3625,71,3696,44
2021-03-17,Merced,047,269075,29405,29250,931,30181,408
2021-03-17,Modoc,049,8938,349,341,120,461,3
2021-03-17,Mono,051,14174,1203,1212,12,1224,3
2021-03-17,Monterey,053,433212,42254,42061,1806,43867,334
2021-03-17,Napa,055,140530,9266,9219,33,9252,76
2021-03-17,Nevada,057,99092,4187,4145,174,4319,74
2021-03-17,Orange,059,3164182,249424,247943,10894,258837,4502
2021-03-17,Placer,061,380077,21159,20369,1235,21604,243
2021-03-17,Plumas,063,18699,657,645,11,656,4
2021-03-17,Riverside,065,2383286,285950,281649,14214,295863,3925
2021-03-17,Sacramento,067,1510023,97169,95650,1391,97041,1477
2021-03-17,San Benito,069,59416,5826,5841,95,5936,61
2021-03-17,San Bernardino,071,2135413,287588,284170,9113,293283,4049
2021-03-17,San Diego,073,3302833,268295,266313,13247,279560,3470
2021-03-17,San Francisco,075,870044,34814,34873,1243,36116,457
2021-03-17,San Joaquin,077,732212,68588,67093,3125,70218,1164
2021-03-17,San Luis Obispo,079,281455,20062,19858,629,20487,249
2021-03-17,San Mateo,081,765935,40333,39838,437,40275,344
2021-03-17,Santa Barbara,083,443738,33084,32585,1185,33770,433
2021-03-17,Santa Clara,085,1922200,112564,112983,647,113630,1805
2021-03-17,Santa Cruz,087,273765,15635,14967,859,15826,199
2021-03-17,Shasta,089,179085,11159,11045,1360,12405,100
2021-03-17,Sierra,091,2930,52,49,14,63,0
2021-03-17,Siskiyou,093,43540,1542,1479,266,1745,5
2021-03-17,Solano,095,438530,30450,30320,396,30716,171
2021-03-17,Sonoma,097,501317,28771,28877,247,29124,292
2021-03-17,Stanislaus,099,539301,52043,51524,5745,57269,682
2021-03-17,Sutter,101,95872,9035,8982,86,9068,103
2021-03-17,Tehama,103,63373,4690,4670,527,5197,34
2021-03-17,Trinity,105,12862,395,308,66,374,3
2021-03-17,Tulare,107,460477,48511,47929,8885,56814,805
2021-03-17,Tuolumne,109,53932,3945,3938,34,3972,57
2021-03-17,Ventura,111,848112,79021,78648,2947,81595,916
2021-03-17,Yolo,113,214977,13193,13169,255,13424,190
2021-03-17,Yuba,115,75493,5642,5603,94,5697,42
2021-03-16,Alameda,001,1643700,82686,82259,1844,84103,1177
2021-03-16,Alpine,003,1148,84,82,0,82,0
2021-03-16,Amador,005,37829,3526,3510,33,3543,44
2021-03-16,Butte,007,227075,11497,11154,1722,12876,184
2021-03-16,Calaveras,009,45235,1968,1945,12,1957,49
2021-03-16,Colusa,011,21464,1880,1882,278,2160,12
2021-03-16,Contra Costa,013,1133247,64793,63951,1165,65116,736
2021-03-16,Del Norte,015,27424,1080,1048,0,1048,6
2021-03-16,El Dorado,017,186661,9272,9249,634,9883,105
2021-03-16,Fresno,019,978130,98119,97638,8348,105986,1498
2021-03-16,Glenn,021,27897,2289,2267,528,2795,17
2021-03-16,Humboldt,023,135768,3382,3351,23,3374,33
2021-03-16,Imperial,025,180216,27334,27143,2704,29847,689
2021-03-16,Inyo,027,18085,1358,1346,2,1348,35
2021-03-16,Kern,029,883053,94442,93340,10519,103859,1144
2021-03-16,Kings,031,150075,22472,22320,1101,23421,233
2021-03-16,Lake,033,64148,3301,3246,8,3254,43
2021-03-16,Lassen,035,31185,5126,5126,104,5230,1
2021-03-16,Los Angeles,037,10098052,1179536,1172676,41938,1214614,22527
2021-03-16,Madera,039,155013,15928,15822,893,16715,214
2021-03-16,Marin,041,260295,13465,13419,189,13608,218
2021-03-16,Mariposa,043,17540,384,379,5,384,5
2021-03-16,Mendocino,045,87422,3709,3623,71,3694,44
2021-03-16,Merced,047,269075,29352,29198,930,30128,407
2021-03-16,Modoc,049,8938,349,341,120,461,3
2021-03-16,Mono,051,14174,1202,1207,12,1219,3
2021-03-16,Monterey,053,433212,42235,42023,1806,43829,334
2021-03-16,Napa,055,140530,9256,9209,33,9242,75
2021-03-16,Nevada,057,99092,4178,4132,173,4305,67
2021-03-16,Orange,059,3164182,249288,247843,10874,258717,4479
2021-03-16,Placer,061,380077,21126,20339,1230,21569,240
2021-03-16,Plumas,063,18699,656,643,11,654,4
2021-03-16,Riverside,065,2383286,285844,281540,14201,295741,3893
2021-03-16,Sacramento,067,1510023,97026,95522,1387,96909,1466
2021-03-16,San Benito,069,59416,5821,5831,95,5926,61
2021-03-16,San Bernardino,071,2135413,287459,283980,9105,293085,4032
2021-03-16,San Diego,073,3302833,268063,265903,13234,279137,3462
2021-03-16,San Francisco,075,870044,34785,34833,1238,36071,456
2021-03-16,San Joaquin,077,732212,68486,66856,3112,69968,1163
2021-03-16,San Luis Obispo,079,281455,20033,19832,627,20459,248
2021-03-16,San Mateo,081,765935,40299,39806,436,40242,344
2021-03-16,Santa Barbara,083,443738,33052,32556,1184,33740,433
2021-03-16,Santa Clara,085,1922200,112446,112845,644,113489,1797
2021-03-16,Santa Cruz,087,273765,15629,14926,859,15785,199
2021-03-16,Shasta,089,179085,11143,11035,1357,12392,100
2021-03-16,Sierra,091,2930,51,49,14,63,0
2021-03-16,Siskiyou,093,43540,1538,1477,266,1743,5
2021-03-16,Solano,095,438530,30416,30298,395,30693,171
2021-03-16,Sonoma,097,501317,28739,28850,245,29095,291
2021-03-16,Stanislaus,099,539301,51963,51410,5738,57148,683
2021-03-16,Sutter,101,95872,9027,8970,86,9056,102
2021-03-16,Tehama,103,63373,4686,4660,526,5186,34
2021-03-16,Trinity,105,12862,395,308,65,373,3
2021-03-16,Tulare,107,460477,48464,47895,8877,56772,803
2021-03-16,Tuolumne,109,53932,3942,3938,34,3972,57
2021-03-16,Ventura,111,848112,78954,78671,2940,81611,916
2021-03-16,Yolo,113,214977,13178,13162,255,13417,190
2021-03-16,Yuba,115,75493,5639,5596,93,5689,42
2021-03-15,Alameda,001,1643700,82598,82159,1844,84003,1167
2021-03-15,Alpine,003,1148,84,82,0,82,0
2021-03-15,Amador,005,37829,3525,3506,33,3539,44
2021-03-15,Butte,007,227075,11484,11141,1718,12859,185
2021-03-15,Calaveras,009,45235,1964,1941,12,1953,49
2021-03-15,Colusa,011,21464,1880,1883,278,2161,12
2021-03-15,Contra Costa,013,1133247,64731,63847,1164,65011,732
2021-03-15,Del Norte,015,27424,1077,1048,0,1048,6
2021-03-15,El Dorado,017,186661,9266,9235,633,9868,103
2021-03-15,Fresno,019,978130,97993,97520,8332,105852,1496
2021-03-15,Glenn,021,27897,2284,2261,525,2786,15
2021-03-15,Humboldt,023,135768,3376,3337,23,3360,32
2021-03-15,Imperial,025,180216,27313,27122,2702,29824,684
2021-03-15,Inyo,027,18085,1358,1346,2,1348,35
2021-03-15,Kern,029,883053,94382,93266,10512,103778,1141
2021-03-15,Kings,031,150075,22455,22294,1096,23390,233
2021-03-15,Lake,033,64148,3289,3237,8,3245,43
2021-03-15,Lassen,035,31185,5126,5125,104,5229,1
2021-03-15,Los Angeles,037,10098052,1178975,1172445,41897,1214342,22477
2021-03-15,Madera,039,155013,15917,15806,891,16697,214
2021-03-15,Marin,041,260295,13459,13408,188,13596,218
2021-03-15,Mariposa,043,17540,384,376,5,381,5
2021-03-15,Mendocino,045,87422,3705,3615,71,3686,44
2021-03-15,Merced,047,269075,29312,29169,929,30098,407
2021-03-15,Modoc,049,8938,349,340,120,460,3
2021-03-15,Mono,051,14174,1201,1206,12,1218,3
2021-03-15,Monterey,053,433212,42207,42011,1803,43814,333
2021-03-15,Napa,055,140530,9245,9196,33,9229,75
2021-03-15,Nevada,057,99092,4173,4123,172,4295,66
2021-03-15,Orange,059,3164182,249176,247697,10854,258551,4481
2021-03-15,Placer,061,380077,21103,20308,1230,21538,238
2021-03-15,Plumas,063,18699,656,642,11,653,4
2021-03-15,Riverside,065,2383286,285701,281367,14189,295556,3856
2021-03-15,Sacramento,067,1510023,96873,95414,1381,96795,1463
2021-03-15,San Benito,069,59416,5818,5831,95,5926,61
2021-03-15,San Bernardino,071,2135413,287366,283815,9097,292912,4004
2021-03-15,San Diego,073,3302833,267813,265646,13218,278864,3452
2021-03-15,San Francisco,075,870044,34749,34820,1234,36054,456
2021-03-15,San Joaquin,077,732212,68382,66622,3099,69721,1140
2021-03-15,San Luis Obispo,079,281455,20003,19813,622,20435,247
2021-03-15,San Mateo,081,765935,40245,39765,436,40201,344
2021-03-15,Santa Barbara,083,443738,33030,32529,1181,33710,431
2021-03-15,Santa Clara,085,1922200,112345,112729,642,113371,1798
2021-03-15,Santa Cruz,087,273765,15623,14899,857,15756,200
2021-03-15,Shasta,089,179085,11127,11019,1352,12371,92
2021-03-15,Sierra,091,2930,51,49,14,63,0
2021-03-15,Siskiyou,093,43540,1538,1475,266,1741,5
2021-03-15,Solano,095,438530,30387,30258,394,30652,171
2021-03-15,Sonoma,097,501317,28721,28814,242,29056,285
2021-03-15,Stanislaus,099,539301,51885,51357,5731,57088,683
2021-03-15,Sutter,101,95872,9021,8962,86,9048,102
2021-03-15,Tehama,103,63373,4676,4650,525,5175,34
2021-03-15,Trinity,105,12862,395,308,65,373,3
2021-03-15,Tulare,107,460477,48434,47857,8862,56719,800
2021-03-15,Tuolumne,109,53932,3940,3937,33,3970,57
2021-03-15,Ventura,111,848112,78900,78626,2939,81565,910
2021-03-15,Yolo,113,214977,13159,13131,253,13384,190
2021-03-15,Yuba,115,75493,5634,5585,92,5677,42
2021-03-14,Alameda,001,1643700,82512,82116,1841,83957,1168
2021-03-14,Alpine,003,1148,84,82,0,82,0
2021-03-14,Amador,005,37829,3520,3504,33,3537,44
2021-03-14,Butte,007,227075,11471,11140,1714,12854,185
2021-03-14,Calaveras,009,45235,1960,1939,12,1951,49
2021-03-14,Colusa,011,21464,1880,1883,278,2161,12
2021-03-14,Contra Costa,013,1133247,64627,63808,1162,64970,731
2021-03-14,Del Norte,015,27424,1063,1048,0,1048,6
2021-03-14,El Dorado,017,186661,9256,9231,633,9864,103
2021-03-14,Fresno,019,978130,97886,97461,8313,105774,1496
2021-03-14,Glenn,021,27897,2279,2260,522,2782,15
2021-03-14,Humboldt,023,135768,3362,3335,23,3358,32
2021-03-14,Imperial,025,180216,27295,27122,2698,29820,685
2021-03-14,Inyo,027,18085,1354,1346,2,1348,35
2021-03-14,Kern,029,883053,94301,93252,10492,103744,1141
2021-03-14,Kings,031,150075,22437,22292,1093,23385,232
2021-03-14,Lake,033,64148,3284,3237,8,3245,43
2021-03-14,Lassen,035,31185,5124,5125,104,5229,1
2021-03-14,Los Angeles,037,10098052,1178408,1172100,41858,1213958,22476
2021-03-14,Madera,039,155013,15892,15804,891,16695,214
2021-03-14,Marin,041,260295,13443,13405,186,13591,218
2021-03-14,Mariposa,043,17540,382,376,5,381,5
2021-03-14,Mendocino,045,87422,3700,3613,71,3684,44
2021-03-14,Merced,047,269075,29244,29149,925,30074,407
2021-03-14,Modoc,049,8938,349,340,120,460,3
2021-03-14,Mono,051,14174,1195,1206,12,1218,3
2021-03-14,Monterey,053,433212,42185,42007,1799,43806,333
2021-03-14,Napa,055,140530,9227,9194,33,9227,75
2021-03-14,Nevada,057,99092,4167,4122,170,4292,66
2021-03-14,Orange,059,3164182,249042,247656,10832,258488,4460
2021-03-14,Placer,061,380077,21069,20288,1222,21510,238
2021-03-14,Plumas,063,18699,654,642,11,653,4
2021-03-14,Riverside,065,2383286,285549,281332,14180,295512,3845
2021-03-14,Sacramento,067,1510023,96695,95343,1376,96719,1462
2021-03-14,San Benito,069,59416,5809,5829,95,5924,61
2021-03-14,San Bernardino,071,2135413,287242,283791,9086,292877,3996
2021-03-14,San Diego,073,3302833,267578,265468,13205,278673,3452
2021-03-14,San Francisco,075,870044,34711,34810,1230,36040,455
2021-03-14,San Joaquin,077,732212,68254,66563,3082,69645,1140
2021-03-14,San Luis Obispo,079,281455,19975,19806,620,20426,247
2021-03-14,San Mateo,081,765935,40206,39744,436,40180,342
2021-03-14,Santa Barbara,083,443738,32986,32514,1179,33693,431
2021-03-14,Santa Clara,085,1922200,112217,112648,641,113289,1796
2021-03-14,Santa Cruz,087,273765,15606,14887,855,15742,200
2021-03-14,Shasta,089,179085,11111,11019,1345,12364,92
2021-03-14,Sierra,091,2930,51,49,14,63,0
2021-03-14,Siskiyou,093,43540,1534,1473,265,1738,5
2021-03-14,Solano,095,438530,30355,30230,389,30619,171
2021-03-14,Sonoma,097,501317,28687,28798,238,29036,284
2021-03-14,Stanislaus,099,539301,51765,51306,5722,57028,690
2021-03-14,Sutter,101,95872,9005,8958,86,9044,102
2021-03-14,Tehama,103,63373,4664,4650,524,5174,34
2021-03-14,Trinity,105,12862,394,308,64,372,3
2021-03-14,Tulare,107,460477,48401,47845,8841,56686,800
2021-03-14,Tuolumne,109,53932,3938,3937,33,3970,57
2021-03-14,Ventura,111,848112,78847,78611,2933,81544,910
2021-03-14,Yolo,113,214977,13137,13128,249,13377,189
2021-03-14,Yuba,115,75493,5624,5583,92,5675,42
2021-03-13,Alameda,001,1643700,82452,82010,1841,83851,1168
2021-03-13,Alpine,003,1148,84,82,0,82,0
2021-03-13,Amador,005,37829,3517,3504,33,3537,44
2021-03-13,Butte,007,227075,11462,11131,1713,12844,185
2021-03-13,Calaveras,009,45235,1956,1939,12,1951,49
2021-03-13,Colusa,011,21464,1880,1882,278,2160,12
2021-03-13,Contra Costa,013,1133247,64566,63689,1162,64851,731
2021-03-13,Del Norte,015,27424,1059,1041,0,1041,6
2021-03-13,El Dorado,017,186661,9248,9221,633,9854,103
2021-03-13,Fresno,019,978130,97827,97324,8293,105617,1495
2021-03-13,Glenn,021,27897,2278,2260,521,2781,15
2021-03-13,Humboldt,023,135768,3355,3325,23,3348,32
2021-03-13,Imperial,025,180216,27290,27099,2693,29792,677
2021-03-13,Inyo,027,18085,1353,1344,2,1346,35
2021-03-13,Kern,029,883053,94262,93197,10485,103682,1140
2021-03-13,Kings,031,150075,22421,22265,1092,23357,232
2021-03-13,Lake,033,64148,3277,3234,7,3241,43
2021-03-13,Lassen,035,31185,5124,5125,104,5229,1
2021-03-13,Los Angeles,037,10098052,1178093,1171505,41814,1213319,22451
2021-03-13,Madera,039,155013,15880,15780,891,16671,214
2021-03-13,Marin,041,260295,13437,13391,184,13575,218
2021-03-13,Mariposa,043,17540,381,376,5,381,5
2021-03-13,Mendocino,045,87422,3696,3611,71,3682,44
2021-03-13,Merced,047,269075,29213,29106,925,30031,406
2021-03-13,Modoc,049,8938,349,340,119,459,3
2021-03-13,Mono,051,14174,1195,1207,12,1219,3
2021-03-13,Monterey,053,433212,42175,41989,1797,43786,332
2021-03-13,Napa,055,140530,9221,9190,33,9223,75
2021-03-13,Nevada,057,99092,4160,4111,169,4280,66
2021-03-13,Orange,059,3164182,248962,247514,10816,258330,4423
2021-03-13,Placer,061,380077,21048,20238,1219,21457,239
2021-03-13,Plumas,063,18699,652,642,11,653,4
2021-03-13,Riverside,065,2383286,285461,281191,14172,295363,3848
2021-03-13,Sacramento,067,1510023,96609,95192,1374,96566,1461
2021-03-13,San Benito,069,59416,5806,5823,95,5918,61
2021-03-13,San Bernardino,071,2135413,287189,283727,9080,292807,3972
2021-03-13,San Diego,073,3302833,267423,265270,13191,278461,3444
2021-03-13,San Francisco,075,870044,34694,34784,1221,36005,455
2021-03-13,San Joaquin,077,732212,68198,66480,3060,69540,1141
2021-03-13,San Luis Obispo,079,281455,19957,19789,619,20408,247
2021-03-13,San Mateo,081,765935,40179,39689,435,40124,341
2021-03-13,Santa Barbara,083,443738,32961,32486,1178,33664,431
2021-03-13,Santa Clara,085,1922200,112132,112531,640,113171,1790
2021-03-13,Santa Cruz,087,273765,15599,14875,855,15730,199
2021-03-13,Shasta,089,179085,11103,11021,1342,12363,108
2021-03-13,Sierra,091,2930,50,49,14,63,0
2021-03-13,Siskiyou,093,43540,1533,1470,265,1735,5
2021-03-13,Solano,095,438530,30338,30198,389,30587,171
2021-03-13,Sonoma,097,501317,28667,28762,234,28996,285
2021-03-13,Stanislaus,099,539301,51715,51257,5717,56974,695
2021-03-13,Sutter,101,95872,8998,8948,86,9034,102
2021-03-13,Tehama,103,63373,4662,4647,524,5171,33
2021-03-13,Trinity,105,12862,394,306,64,370,3
2021-03-13,Tulare,107,460477,48376,47818,8832,56650,798
2021-03-13,Tuolumne,109,53932,3935,3937,33,3970,57
2021-03-13,Ventura,111,848112,78798,78693,2933,81626,906
2021-03-13,Yolo,113,214977,13129,13087,248,13335,189
2021-03-13,Yuba,115,75493,5623,5577,92,5669,42
2021-03-12,Alameda,001,1643700,82373,81898,1840,83738,1164
2021-03-12,Alpine,003,1148,84,82,0,82,0
2021-03-12,Amador,005,37829,3514,3503,33,3536,44
2021-03-12,Butte,007,227075,11452,11126,1711,12837,184
2021-03-12,Calaveras,009,45235,1954,1916,12,1928,49
2021-03-12,Colusa,011,21464,1880,1883,278,2161,12
2021-03-12,Contra Costa,013,1133247,64491,63583,1161,64744,728
2021-03-12,Del Norte,015,27424,1053,1033,0,1033,6
2021-03-12,El Dorado,017,186661,9239,9219,633,9852,103
2021-03-12,Fresno,019,978130,97731,97185,8281,105466,1489
2021-03-12,Glenn,021,27897,2277,2258,520,2778,15
2021-03-12,Humboldt,023,135768,3350,3315,23,3338,32
2021-03-12,Imperial,025,180216,27279,27071,2691,29762,677
2021-03-12,Inyo,027,18085,1351,1339,2,1341,35
2021-03-12,Kern,029,883053,94228,93142,10469,103611,1132
2021-03-12,Kings,031,150075,22402,22233,1092,23325,232
2021-03-12,Lake,033,64148,3271,3226,6,3232,43
2021-03-12,Lassen,035,31185,5124,5125,103,5228,1
2021-03-12,Los Angeles,037,10098052,1177696,1170860,41797,1212657,22409
2021-03-12,Madera,039,155013,15868,15761,888,16649,214
2021-03-12,Marin,041,260295,13430,13375,184,13559,218
2021-03-12,Mariposa,043,17540,379,376,5,381,5
2021-03-12,Mendocino,045,87422,3693,3605,71,3676,43
2021-03-12,Merced,047,269075,29182,29064,925,29989,403
2021-03-12,Modoc,049,8938,349,340,119,459,3
2021-03-12,Mono,051,14174,1194,1206,12,1218,3
2021-03-12,Monterey,053,433212,42161,41964,1792,43756,329
2021-03-12,Napa,055,140530,9212,9180,33,9213,75
2021-03-12,Nevada,057,99092,4150,4101,169,4270,66
2021-03-12,Orange,059,3164182,248870,247388,10805,258193,4401
2021-03-12,Placer,061,380077,21015,20210,1214,21424,239
2021-03-12,Plumas,063,18699,651,641,11,652,4
2021-03-12,Riverside,065,2383286,285363,281037,14164,295201,3854
2021-03-12,Sacramento,067,1510023,96485,95061,1367,96428,1460
2021-03-12,San Benito,069,59416,5803,5817,95,5912,61
2021-03-12,San Bernardino,071,2135413,287131,283558,9075,292633,3917
2021-03-12,San Diego,073,3302833,267260,264886,13183,278069,3434
2021-03-12,San Francisco,075,870044,34673,34758,1218,35976,452
2021-03-12,San Joaquin,077,732212,68128,66482,3050,69532,1144
2021-03-12,San Luis Obispo,079,281455,19943,19769,617,20386,247
2021-03-12,San Mateo,081,765935,40143,39638,433,40071,341
2021-03-12,Santa Barbara,083,443738,32938,32457,1175,33632,429
2021-03-12,Santa Clara,085,1922200,112038,112396,639,113035,1766
2021-03-12,Santa Cruz,087,273765,15587,14846,853,15699,195
2021-03-12,Shasta,089,179085,11095,11143,1340,12483,153
2021-03-12,Sierra,091,2930,50,49,14,63,0
2021-03-12,Siskiyou,093,43540,1533,1468,264,1732,5
2021-03-12,Solano,095,438530,30319,30180,388,30568,171
2021-03-12,Sonoma,097,501317,28640,28714,234,28948,285
2021-03-12,Stanislaus,099,539301,51657,51146,5710,56856,701
2021-03-12,Sutter,101,95872,8992,8940,86,9026,101
2021-03-12,Tehama,103,63373,4658,4638,523,5161,33
2021-03-12,Trinity,105,12862,393,306,63,369,3
2021-03-12,Tulare,107,460477,48352,47772,8825,56597,798
2021-03-12,Tuolumne,109,53932,3934,3936,33,3969,57
2021-03-12,Ventura,111,848112,78755,78698,2929,81627,899
2021-03-12,Yolo,113,214977,13119,13061,241,13302,189
2021-03-12,Yuba,115,75493,5616,5563,91,5654,42
2021-03-11,Alameda,001,1643700,82280,81809,1835,83644,1164
2021-03-11,Alpine,003,1148,84,78,0,78,0
2021-03-11,Amador,005,37829,3513,3498,33,3531,42
2021-03-11,Butte,007,227075,11441,11110,1709,12819,185
2021-03-11,Calaveras,009,45235,1951,1915,12,1927,49
2021-03-11,Colusa,011,21464,1880,1883,278,2161,12
2021-03-11,Contra Costa,013,1133247,64418,63469,1159,64628,728
2021-03-11,Del Norte,015,27424,1048,1027,0,1027,6
2021-03-11,El Dorado,017,186661,9225,9211,633,9844,101
2021-03-11,Fresno,019,978130,97616,97026,8253,105279,1481
2021-03-11,Glenn,021,27897,2274,2255,520,2775,15
2021-03-11,Humboldt,023,135768,3333,3302,23,3325,32
2021-03-11,Imperial,025,180216,27273,27045,2687,29732,675
2021-03-11,Inyo,027,18085,1346,1335,2,1337,35
2021-03-11,Kern,029,883053,94172,93052,10430,103482,1121
2021-03-11,Kings,031,150075,22387,22183,1089,23272,230
2021-03-11,Lake,033,64148,3267,3214,6,3220,42
2021-03-11,Lassen,035,31185,5123,5124,103,5227,1
2021-03-11,Los Angeles,037,10098052,1177167,1170111,41763,1211874,22316
2021-03-11,Madera,039,155013,15857,15725,886,16611,214
2021-03-11,Marin,041,260295,13418,13356,183,13539,217
2021-03-11,Mariposa,043,17540,379,376,5,381,5
2021-03-11,Mendocino,045,87422,3686,3604,71,3675,42
2021-03-11,Merced,047,269075,29133,29001,924,29925,401
2021-03-11,Modoc,049,8938,349,340,119,459,3
2021-03-11,Mono,051,14174,1193,1206,12,1218,3
2021-03-11,Monterey,053,433212,42138,41936,1786,43722,329
2021-03-11,Napa,055,140530,9199,9173,33,9206,75
2021-03-11,Nevada,057,99092,4138,4085,167,4252,66
2021-03-11,Orange,059,3164182,248732,247217,10788,258005,4373
2021-03-11,Placer,061,380077,20972,20178,1210,21388,239
2021-03-11,Plumas,063,18699,650,640,11,651,4
2021-03-11,Riverside,065,2383286,285198,280881,14151,295032,3842
2021-03-11,Sacramento,067,1510023,96345,94912,1364,96276,1455
2021-03-11,San Benito,069,59416,5800,5816,95,5911,61
2021-03-11,San Bernardino,071,2135413,287035,283312,9069,292381,3869
2021-03-11,San Diego,073,3302833,267096,264524,13167,277691,3422
2021-03-11,San Francisco,075,870044,34637,34722,1212,35934,452
2021-03-11,San Joaquin,077,732212,68016,66522,3042,69564,1157
2021-03-11,San Luis Obispo,079,281455,19918,19748,616,20364,247
2021-03-11,San Mateo,081,765935,40106,39590,432,40022,341
2021-03-11,Santa Barbara,083,443738,32911,32408,1172,33580,430
2021-03-11,Santa Clara,085,1922200,111908,112246,636,112882,1765
2021-03-11,Santa Cruz,087,273765,15575,14812,852,15664,193
2021-03-11,Shasta,089,179085,11085,11139,1335,12474,158
2021-03-11,Sierra,091,2930,50,48,14,62,0
2021-03-11,Siskiyou,093,43540,1530,1466,264,1730,5
2021-03-11,Solano,095,438530,30292,30138,387,30525,171
2021-03-11,Sonoma,097,501317,28611,28677,234,28911,285
2021-03-11,Stanislaus,099,539301,51573,51038,5702,56740,707
2021-03-11,Sutter,101,95872,8986,8933,86,9019,101
2021-03-11,Tehama,103,63373,4649,4632,522,5154,33
2021-03-11,Trinity,105,12862,392,304,62,366,3
2021-03-11,Tulare,107,460477,48316,47709,8813,56522,797
2021-03-11,Tuolumne,109,53932,3932,3934,33,3967,57
2021-03-11,Ventura,111,848112,78705,78697,2925,81622,889
2021-03-11,Yolo,113,214977,13101,13041,239,13280,190
2021-03-11,Yuba,115,75493,5612,5553,91,5644,42
2021-03-10,Alameda,001,1643700,82172,81701,1829,83530,1160
2021-03-10,Alpine,003,1148,83,78,0,78,0
2021-03-10,Amador,005,37829,3511,3496,33,3529,42
2021-03-10,Butte,007,227075,11431,11096,1709,12805,185
2021-03-10,Calaveras,009,45235,1946,1913,12,1925,48
2021-03-10,Colusa,011,21464,1880,1882,278,2160,12
2021-03-10,Contra Costa,013,1133247,64319,63372,1155,64527,725
2021-03-10,Del Norte,015,27424,1046,1020,0,1020,5
2021-03-10,El Dorado,017,186661,9213,9203,633,9836,100
2021-03-10,Fresno,019,978130,97511,96866,8236,105102,1471
2021-03-10,Glenn,021,27897,2271,2253,518,2771,15
2021-03-10,Humboldt,023,135768,3323,3296,22,3318,32
2021-03-10,Imperial,025,180216,27258,27051,2687,29738,675
2021-03-10,Inyo,027,18085,1346,1328,2,1330,35
2021-03-10,Kern,029,883053,94106,92965,10407,103372,1102
2021-03-10,Kings,031,150075,22368,22166,1087,23253,226
2021-03-10,Lake,033,64148,3257,3207,6,3213,42
2021-03-10,Lassen,035,31185,5123,5120,103,5223,1
2021-03-10,Los Angeles,037,10098052,1176624,1169079,41733,1210812,22199
2021-03-10,Madera,039,155013,15836,15705,883,16588,212
2021-03-10,Marin,041,260295,13408,13348,182,13530,216
2021-03-10,Mariposa,043,17540,379,376,5,381,5
2021-03-10,Mendocino,045,87422,3681,3602,71,3673,42
2021-03-10,Merced,047,269075,29096,28927,921,29848,401
2021-03-10,Modoc,049,8938,348,338,119,457,3
2021-03-10,Mono,051,14174,1190,1204,12,1216,3
2021-03-10,Monterey,053,433212,42116,41920,1782,43702,329
2021-03-10,Napa,055,140530,9190,9165,33,9198,75
2021-03-10,Nevada,057,99092,4134,4074,167,4241,66
2021-03-10,Orange,059,3164182,248588,247075,10768,257843,4342
2021-03-10,Placer,061,380077,20937,20144,1204,21348,239
2021-03-10,Plumas,063,18699,649,639,11,650,4
2021-03-10,Riverside,065,2383286,285061,280708,14137,294845,3822
2021-03-10,Sacramento,067,1510023,96215,94796,1358,96154,1452
2021-03-10,San Benito,069,59416,5791,5811,95,5906,61
2021-03-10,San Bernardino,071,2135413,286946,283140,9062,292202,3841
2021-03-10,San Diego,073,3302833,266875,264094,13155,277249,3413
2021-03-10,San Francisco,075,870044,34603,34688,1203,35891,450
2021-03-10,San Joaquin,077,732212,67915,66483,3024,69507,1156
2021-03-10,San Luis Obispo,079,281455,19894,19710,612,20322,247
2021-03-10,San Mateo,081,765935,40082,39571,432,40003,338
2021-03-10,Santa Barbara,083,443738,32884,32356,1169,33525,429
2021-03-10,Santa Clara,085,1922200,111802,112103,632,112735,1759
2021-03-10,Santa Cruz,087,273765,15560,14790,851,15641,192
2021-03-10,Shasta,089,179085,11075,11125,1332,12457,155
2021-03-10,Sierra,091,2930,50,48,14,62,0
2021-03-10,Siskiyou,093,43540,1528,1458,264,1722,5
2021-03-10,Solano,095,438530,30262,30111,386,30497,170
2021-03-10,Sonoma,097,501317,28576,28638,233,28871,286
2021-03-10,Stanislaus,099,539301,51484,50968,5684,56652,706
2021-03-10,Sutter,101,95872,8975,8918,86,9004,101
2021-03-10,Tehama,103,63373,4639,4623,522,5145,33
2021-03-10,Trinity,105,12862,392,304,62,366,3
2021-03-10,Tulare,107,460477,48268,47659,8794,56453,793
2021-03-10,Tuolumne,109,53932,3931,3931,33,3964,57
2021-03-10,Ventura,111,848112,78628,78609,2923,81532,878
2021-03-10,Yolo,113,214977,13078,13021,238,13259,189
2021-03-10,Yuba,115,75493,5598,5545,90,5635,42
2021-03-09,Alameda,001,1643700,82087,81618,1829,83447,1151
2021-03-09,Alpine,003,1148,83,78,0,78,0
2021-03-09,Amador,005,37829,3509,3494,33,3527,42
2021-03-09,Butte,007,227075,11418,11092,1707,12799,185
2021-03-09,Calaveras,009,45235,1944,1913,12,1925,48
2021-03-09,Colusa,011,21464,1880,1880,278,2158,11
2021-03-09,Contra Costa,013,1133247,64226,63314,1153,64467,723
2021-03-09,Del Norte,015,27424,1038,1017,0,1017,5
2021-03-09,El Dorado,017,186661,9206,9198,633,9831,98
2021-03-09,Fresno,019,978130,97392,96744,8210,104954,1463
2021-03-09,Glenn,021,27897,2267,2251,516,2767,15
2021-03-09,Humboldt,023,135768,3311,3288,21,3309,32
2021-03-09,Imperial,025,180216,27249,27045,2683,29728,675
2021-03-09,Inyo,027,18085,1344,1324,2,1326,35
2021-03-09,Kern,029,883053,94027,92924,10389,103313,1088
2021-03-09,Kings,031,150075,22343,22143,1085,23228,226
2021-03-09,Lake,033,64148,3251,3202,6,3208,42
2021-03-09,Lassen,035,31185,5123,5120,103,5223,1
2021-03-09,Los Angeles,037,10098052,1176032,1167967,41697,1209664,22080
2021-03-09,Madera,039,155013,15825,15701,881,16582,211
2021-03-09,Marin,041,260295,13390,13335,180,13515,214
2021-03-09,Mariposa,043,17540,379,376,5,381,5
2021-03-09,Mendocino,045,87422,3677,3595,71,3666,42
2021-03-09,Merced,047,269075,29035,28876,919,29795,399
2021-03-09,Modoc,049,8938,348,338,118,456,3
2021-03-09,Mono,051,14174,1189,1203,12,1215,3
2021-03-09,Monterey,053,433212,42098,41894,1773,43667,329
2021-03-09,Napa,055,140530,9176,9155,33,9188,75
2021-03-09,Nevada,057,99092,4126,4062,167,4229,66
2021-03-09,Orange,059,3164182,248446,246989,10747,257736,4310
2021-03-09,Placer,061,380077,20895,20122,1200,21322,239
2021-03-09,Plumas,063,18699,646,639,11,650,4
2021-03-09,Riverside,065,2383286,284933,280562,14131,294693,3821
2021-03-09,Sacramento,067,1510023,96048,94720,1352,96072,1442
2021-03-09,San Benito,069,59416,5787,5800,95,5895,61
2021-03-09,San Bernardino,071,2135413,286833,282971,9055,292026,3823
2021-03-09,San Diego,073,3302833,266642,263745,13134,276879,3405
2021-03-09,San Francisco,075,870044,34573,34654,1199,35853,450
2021-03-09,San Joaquin,077,732212,67787,66383,3014,69397,1150
2021-03-09,San Luis Obispo,079,281455,19876,19672,605,20277,245
2021-03-09,San Mateo,081,765935,40035,39535,430,39965,336
2021-03-09,Santa Barbara,083,443738,32843,32314,1167,33481,428
2021-03-09,Santa Clara,085,1922200,111691,111963,627,112590,1756
2021-03-09,Santa Cruz,087,273765,15539,14764,849,15613,188
2021-03-09,Shasta,089,179085,11069,11113,1326,12439,155
2021-03-09,Sierra,091,2930,50,48,14,62,0
2021-03-09,Siskiyou,093,43540,1524,1447,262,1709,5
2021-03-09,Solano,095,438530,30226,30090,384,30474,169
2021-03-09,Sonoma,097,501317,28526,28601,230,28831,284
2021-03-09,Stanislaus,099,539301,51390,50884,5674,56558,703
2021-03-09,Sutter,101,95872,8962,8914,86,9000,101
2021-03-09,Tehama,103,63373,4631,4620,521,5141,33
2021-03-09,Trinity,105,12862,392,304,62,366,3
2021-03-09,Tulare,107,460477,48242,47637,8771,56408,792
2021-03-09,Tuolumne,109,53932,3929,3929,33,3962,56
2021-03-09,Ventura,111,848112,78558,78526,2920,81446,863
2021-03-09,Yolo,113,214977,13067,13015,237,13252,189
2021-03-09,Yuba,115,75493,5591,5539,90,5629,42
2021-03-08,Alameda,001,1643700,81973,81543,1828,83371,1142
2021-03-08,Alpine,003,1148,83,78,0,78,0
2021-03-08,Amador,005,37829,3506,3490,33,3523,42
2021-03-08,Butte,007,227075,11403,11082,1706,12788,185
2021-03-08,Calaveras,009,45235,1943,1909,12,1921,48
2021-03-08,Colusa,011,21464,1880,1877,278,2155,11
2021-03-08,Contra Costa,013,1133247,64133,63240,1153,64393,719
2021-03-08,Del Norte,015,27424,1033,1012,0,1012,5
2021-03-08,El Dorado,017,186661,9203,9188,632,9820,97
2021-03-08,Fresno,019,978130,97297,96665,8186,104851,1442
2021-03-08,Glenn,021,27897,2266,2249,516,2765,15
2021-03-08,Humboldt,023,135768,3297,3278,21,3299,31
2021-03-08,Imperial,025,180216,27242,27033,2680,29713,663
2021-03-08,Inyo,027,18085,1342,1320,2,1322,35
2021-03-08,Kern,029,883053,93960,92857,10368,103225,1087
2021-03-08,Kings,031,150075,22322,22130,1083,23213,226
2021-03-08,Lake,033,64148,3239,3195,6,3201,42
2021-03-08,Lassen,035,31185,5123,5119,103,5222,1
2021-03-08,Los Angeles,037,10098052,1175418,1163409,41663,1205072,21868
2021-03-08,Madera,039,155013,15815,15691,879,16570,211
2021-03-08,Marin,041,260295,13370,13328,178,13506,214
2021-03-08,Mariposa,043,17540,379,376,5,381,5
2021-03-08,Mendocino,045,87422,3675,3590,70,3660,42
2021-03-08,Merced,047,269075,28974,28841,918,29759,398
2021-03-08,Modoc,049,8938,348,338,118,456,3
2021-03-08,Mono,051,14174,1188,1200,12,1212,3
2021-03-08,Monterey,053,433212,42077,41863,1772,43635,328
2021-03-08,Napa,055,140530,9173,9146,33,9179,75
2021-03-08,Nevada,057,99092,4118,4059,167,4226,66
2021-03-08,Orange,059,3164182,248275,246900,10715,257615,4243
2021-03-08,Placer,061,380077,20860,20102,1189,21291,239
2021-03-08,Plumas,063,18699,645,635,11,646,4
2021-03-08,Riverside,065,2383286,284793,280463,14122,294585,3783
2021-03-08,Sacramento,067,1510023,95877,94654,1347,96001,1438
2021-03-08,San Benito,069,59416,5784,5797,95,5892,61
2021-03-08,San Bernardino,071,2135413,286727,282894,9047,291941,3811
2021-03-08,San Diego,073,3302833,266401,263272,13119,276391,3390
2021-03-08,San Francisco,075,870044,34546,34634,1195,35829,446
2021-03-08,San Joaquin,077,732212,67672,66307,3005,69312,1139
2021-03-08,San Luis Obispo,079,281455,19835,19656,601,20257,245
2021-03-08,San Mateo,081,765935,39986,39492,428,39920,335
2021-03-08,Santa Barbara,083,443738,32811,32293,1167,33460,427
2021-03-08,Santa Clara,085,1922200,111564,111882,625,112507,1756
2021-03-08,Santa Cruz,087,273765,15519,14729,849,15578,188
2021-03-08,Shasta,089,179085,11061,11088,1321,12409,155
2021-03-08,Sierra,091,2930,50,48,14,62,0
2021-03-08,Siskiyou,093,43540,1523,1440,262,1702,5
2021-03-08,Solano,095,438530,30186,30068,382,30450,169
2021-03-08,Sonoma,097,501317,28482,28571,229,28800,284
2021-03-08,Stanislaus,099,539301,51310,50825,5669,56494,690
2021-03-08,Sutter,101,95872,8959,8905,86,8991,100
2021-03-08,Tehama,103,63373,4628,4615,520,5135,33
2021-03-08,Trinity,105,12862,391,302,62,364,3
2021-03-08,Tulare,107,460477,48203,47587,8744,56331,791
2021-03-08,Tuolumne,109,53932,3928,3921,33,3954,56
2021-03-08,Ventura,111,848112,78487,78526,2912,81438,852
2021-03-08,Yolo,113,214977,13044,13000,236,13236,189
2021-03-08,Yuba,115,75493,5581,5530,90,5620,42
2021-03-07,Alameda,001,1643700,81854,81413,1827,83240,1145
2021-03-07,Alpine,003,1148,83,78,0,78,0
2021-03-07,Amador,005,37829,3503,3489,33,3522,42
2021-03-07,Butte,007,227075,11388,11075,1705,12780,185
2021-03-07,Calaveras,009,45235,1942,1906,12,1918,48
2021-03-07,Colusa,011,21464,1879,1876,278,2154,11
2021-03-07,Contra Costa,013,1133247,64036,63148,1150,64298,719
2021-03-07,Del Norte,015,27424,1028,1010,0,1010,5
2021-03-07,El Dorado,017,186661,9201,9184,631,9815,97
2021-03-07,Fresno,019,978130,97123,96549,8161,104710,1442
2021-03-07,Glenn,021,27897,2264,2244,516,2760,15
2021-03-07,Humboldt,023,135768,3287,3274,21,3295,31
2021-03-07,Imperial,025,180216,27233,27019,2678,29697,658
2021-03-07,Inyo,027,18085,1339,1320,2,1322,35
2021-03-07,Kern,029,883053,93874,92746,10337,103083,1086
2021-03-07,Kings,031,150075,22302,22103,1081,23184,224
2021-03-07,Lake,033,64148,3233,3192,6,3198,42
2021-03-07,Lassen,035,31185,5122,5119,103,5222,1
2021-03-07,Los Angeles,037,10098052,1174698,1162749,41623,1204372,21857
2021-03-07,Madera,039,155013,15796,15675,879,16554,211
2021-03-07,Marin,041,260295,13362,13313,176,13489,214
2021-03-07,Mariposa,043,17540,378,376,5,381,5
2021-03-07,Mendocino,045,87422,3672,3581,70,3651,42
2021-03-07,Merced,047,269075,28902,28829,913,29742,399
2021-03-07,Modoc,049,8938,348,338,118,456,3
2021-03-07,Mono,051,14174,1186,1199,12,1211,3
2021-03-07,Monterey,053,433212,42056,41858,1769,43627,328
2021-03-07,Napa,055,140530,9163,9137,33,9170,75
2021-03-07,Nevada,057,99092,4104,4052,166,4218,66
2021-03-07,Orange,059,3164182,248084,246771,10687,257458,4218
2021-03-07,Placer,061,380077,20820,20070,1185,21255,239
2021-03-07,Plumas,063,18699,644,635,11,646,4
2021-03-07,Riverside,065,2383286,284648,280379,14112,294491,3779
2021-03-07,Sacramento,067,1510023,95701,94513,1339,95852,1437
2021-03-07,San Benito,069,59416,5777,5795,95,5890,61
2021-03-07,San Bernardino,071,2135413,286577,282860,9041,291901,3810
2021-03-07,San Diego,073,3302833,266119,262965,13095,276060,3390
2021-03-07,San Francisco,075,870044,34512,34594,1190,35784,445
2021-03-07,San Joaquin,077,732212,67537,66252,2991,69243,1139
2021-03-07,San Luis Obispo,079,281455,19797,19614,599,20213,245
2021-03-07,San Mateo,081,765935,39946,39436,425,39861,329
2021-03-07,Santa Barbara,083,443738,32764,32218,1166,33384,425
2021-03-07,Santa Clara,085,1922200,111418,111745,621,112366,1752
2021-03-07,Santa Cruz,087,273765,15497,14715,848,15563,189
2021-03-07,Shasta,089,179085,11048,11083,1313,12396,156
2021-03-07,Sierra,091,2930,49,48,14,62,0
2021-03-07,Siskiyou,093,43540,1520,1435,258,1693,5
2021-03-07,Solano,095,438530,30149,30027,382,30409,169
2021-03-07,Sonoma,097,501317,28433,28533,227,28760,284
2021-03-07,Stanislaus,099,539301,51178,50783,5651,56434,699
2021-03-07,Sutter,101,95872,8949,8900,86,8986,100
2021-03-07,Tehama,103,63373,4618,4614,517,5131,33
2021-03-07,Trinity,105,12862,391,302,62,364,3
2021-03-07,Tulare,107,460477,48146,47569,8711,56280,790
2021-03-07,Tuolumne,109,53932,3927,3922,33,3955,56
2021-03-07,Ventura,111,848112,78389,78487,2908,81395,851
2021-03-07,Yolo,113,214977,13025,12988,236,13224,189
2021-03-07,Yuba,115,75493,5577,5516,90,5606,42
2021-03-06,Alameda,001,1643700,81800,81310,1826,83136,1143
2021-03-06,Alpine,003,1148,83,78,0,78,0
2021-03-06,Amador,005,37829,3499,3487,33,3520,42
2021-03-06,Butte,007,227075,11385,11065,1704,12769,185
2021-03-06,Calaveras,009,45235,1938,1904,12,1916,48
2021-03-06,Colusa,011,21464,1877,1874,278,2152,11
2021-03-06,Contra Costa,013,1133247,63975,63040,1146,64186,719
2021-03-06,Del Norte,015,27424,1023,1000,0,1000,5
2021-03-06,El Dorado,017,186661,9197,9166,631,9797,97
2021-03-06,Fresno,019,978130,97032,96366,8146,104512,1440
2021-03-06,Glenn,021,27897,2264,2241,516,2757,15
2021-03-06,Humboldt,023,135768,3277,3260,21,3281,31
2021-03-06,Imperial,025,180216,27229,27009,2673,29682,658
2021-03-06,Inyo,027,18085,1336,1312,2,1314,35
2021-03-06,Kern,029,883053,93828,92684,10316,103000,1082
2021-03-06,Kings,031,150075,22285,22094,1081,23175,224
2021-03-06,Lake,033,64148,3231,3189,6,3195,42
2021-03-06,Lassen,035,31185,5122,5119,103,5222,1
2021-03-06,Los Angeles,037,10098052,1174264,1161745,41592,1203337,21843
2021-03-06,Madera,039,155013,15787,15646,877,16523,211
2021-03-06,Marin,041,260295,13353,13289,176,13465,213
2021-03-06,Mariposa,043,17540,378,376,5,381,5
2021-03-06,Mendocino,045,87422,3670,3579,70,3649,42
2021-03-06,Merced,047,269075,28860,28771,913,29684,399
2021-03-06,Modoc,049,8938,347,338,118,456,3
2021-03-06,Mono,051,14174,1185,1198,12,1210,3
2021-03-06,Monterey,053,433212,42051,41838,1766,43604,327
2021-03-06,Napa,055,140530,9155,9129,33,9162,75
2021-03-06,Nevada,057,99092,4098,4044,166,4210,66
2021-03-06,Orange,059,3164182,247993,246634,10673,257307,4165
2021-03-06,Placer,061,380077,20797,20030,1183,21213,239
2021-03-06,Plumas,063,18699,644,634,11,645,4
2021-03-06,Riverside,065,2383286,284557,280225,14103,294328,3781
2021-03-06,Sacramento,067,1510023,95612,94332,1330,95662,1436
2021-03-06,San Benito,069,59416,5772,5793,95,5888,61
2021-03-06,San Bernardino,071,2135413,286493,282737,9039,291776,3791
2021-03-06,San Diego,073,3302833,265932,262778,13078,275856,3385
2021-03-06,San Francisco,075,870044,34482,34560,1185,35745,435
2021-03-06,San Joaquin,077,732212,67463,66162,2980,69142,1138
2021-03-06,San Luis Obispo,079,281455,19778,19592,596,20188,245
2021-03-06,San Mateo,081,765935,39922,39384,425,39809,329
2021-03-06,Santa Barbara,083,443738,32733,32176,1165,33341,424
2021-03-06,Santa Clara,085,1922200,111322,111570,619,112189,1749
2021-03-06,Santa Cruz,087,273765,15486,14701,848,15549,188
2021-03-06,Shasta,089,179085,11039,11076,1311,12387,158
2021-03-06,Sierra,091,2930,49,48,14,62,0
2021-03-06,Siskiyou,093,43540,1518,1432,258,1690,5
2021-03-06,Solano,095,438530,30120,30000,381,30381,169
2021-03-06,Sonoma,097,501317,28410,28484,225,28709,284
2021-03-06,Stanislaus,099,539301,51109,50691,5644,56335,711
2021-03-06,Sutter,101,95872,8943,8887,86,8973,100
2021-03-06,Tehama,103,63373,4618,4610,515,5125,33
2021-03-06,Trinity,105,12862,391,302,62,364,3
2021-03-06,Tulare,107,460477,48115,47515,8681,56196,789
2021-03-06,Tuolumne,109,53932,3925,3920,33,3953,56
2021-03-06,Ventura,111,848112,78334,78439,2907,81346,848
2021-03-06,Yolo,113,214977,13019,12951,236,13187,189
2021-03-06,Yuba,115,75493,5568,5504,90,5594,42
2021-03-05,Alameda,001,1643700,81713,81215,1824,83039,1141
2021-03-05,Alpine,003,1148,83,78,0,78,0
2021-03-05,Amador,005,37829,3498,3484,33,3517,42
2021-03-05,Butte,007,227075,11374,11050,1703,12753,185
2021-03-05,Calaveras,009,45235,1934,1902,12,1914,48
2021-03-05,Colusa,011,21464,1877,1874,278,2152,11
2021-03-05,Contra Costa,013,1133247,63895,62886,1143,64029,711
2021-03-05,Del Norte,015,27424,1019,995,0,995,5
2021-03-05,El Dorado,017,186661,9192,9150,630,9780,97
2021-03-05,Fresno,019,978130,96926,96184,8125,104309,1432
2021-03-05,Glenn,021,27897,2259,2241,516,2757,15
2021-03-05,Humboldt,023,135768,3270,3234,21,3255,31
2021-03-05,Imperial,025,180216,27219,26970,2664,29634,651
2021-03-05,Inyo,027,18085,1332,1309,2,1311,35
2021-03-05,Kern,029,883053,93789,92601,10302,102903,1076
2021-03-05,Kings,031,150075,22268,22063,1079,23142,224
2021-03-05,Lake,033,64148,3229,3185,6,3191,42
2021-03-05,Lassen,035,31185,5122,5117,101,5218,1
2021-03-05,Los Angeles,037,10098052,1173779,1160688,41558,1202246,21745
2021-03-05,Madera,039,155013,15777,15624,875,16499,211
2021-03-05,Marin,041,260295,13340,13275,175,13450,215
2021-03-05,Mariposa,043,17540,378,375,5,380,4
2021-03-05,Mendocino,045,87422,3667,3577,70,3647,42
2021-03-05,Merced,047,269075,28826,28734,912,29646,399
2021-03-05,Modoc,049,8938,347,337,118,455,3
2021-03-05,Mono,051,14174,1184,1197,12,1209,3
2021-03-05,Monterey,053,433212,42038,41802,1766,43568,325
2021-03-05,Napa,055,140530,9147,9109,33,9142,75
2021-03-05,Nevada,057,99092,4094,4033,166,4199,66
2021-03-05,Orange,059,3164182,247879,246489,10660,257149,4108
2021-03-05,Placer,061,380077,20771,19973,1179,21152,239
2021-03-05,Plumas,063,18699,644,635,11,646,4
2021-03-05,Riverside,065,2383286,284447,280075,14097,294172,3781
2021-03-05,Sacramento,067,1510023,95516,94182,1323,95505,1430
2021-03-05,San Benito,069,59416,5769,5790,95,5885,61
2021-03-05,San Bernardino,071,2135413,286400,282640,9035,291675,3774
2021-03-05,San Diego,073,3302833,265700,262357,13061,275418,3371
2021-03-05,San Francisco,075,870044,34442,34526,1181,35707,430
2021-03-05,San Joaquin,077,732212,67385,66041,2969,69010,1133
2021-03-05,San Luis Obispo,079,281455,19757,19557,594,20151,244
2021-03-05,San Mateo,081,765935,39890,39305,425,39730,326
2021-03-05,Santa Barbara,083,443738,32698,32139,1160,33299,424
2021-03-05,Santa Clara,085,1922200,111226,111384,619,112003,1745
2021-03-05,Santa Cruz,087,273765,15475,14694,848,15542,188
2021-03-05,Shasta,089,179085,11027,11062,1305,12367,148
2021-03-05,Sierra,091,2930,49,48,14,62,0
2021-03-05,Siskiyou,093,43540,1514,1429,257,1686,5
2021-03-05,Solano,095,438530,30103,29951,379,30330,168
2021-03-05,Sonoma,097,501317,28384,28417,225,28642,279
2021-03-05,Stanislaus,099,539301,51058,50606,5634,56240,721
2021-03-05,Sutter,101,95872,8936,8876,86,8962,100
2021-03-05,Tehama,103,63373,4609,4606,515,5121,33
2021-03-05,Trinity,105,12862,391,302,62,364,3
2021-03-05,Tulare,107,460477,48088,47469,8660,56129,789
2021-03-05,Tuolumne,109,53932,3923,3917,33,3950,56
2021-03-05,Ventura,111,848112,78267,78368,2905,81273,839
2021-03-05,Yolo,113,214977,13007,12920,235,13155,188
2021-03-05,Yuba,115,75493,5556,5496,90,5586,42
2021-03-04,Alameda,001,1643700,81601,81115,1824,82939,1136
2021-03-04,Alpine,003,1148,83,78,0,78,0
2021-03-04,Amador,005,37829,3497,3480,33,3513,42
2021-03-04,Butte,007,227075,11367,11033,1702,12735,185
2021-03-04,Calaveras,009,45235,1933,1896,12,1908,48
2021-03-04,Colusa,011,21464,1875,1873,273,2146,11
2021-03-04,Contra Costa,013,1133247,63797,62789,1140,63929,708
2021-03-04,Del Norte,015,27424,1011,989,0,989,5
2021-03-04,El Dorado,017,186661,9177,9133,630,9763,97
2021-03-04,Fresno,019,978130,96765,96023,8107,104130,1422
2021-03-04,Glenn,021,27897,2255,2236,513,2749,15
2021-03-04,Humboldt,023,135768,3257,3212,21,3233,31
2021-03-04,Imperial,025,180216,27208,26946,2660,29606,646
2021-03-04,Inyo,027,18085,1329,1300,2,1302,35
2021-03-04,Kern,029,883053,93702,92525,10282,102807,1070
2021-03-04,Kings,031,150075,22243,22025,1076,23101,224
2021-03-04,Lake,033,64148,3221,3181,6,3187,42
2021-03-04,Lassen,035,31185,5122,5116,101,5217,1
2021-03-04,Los Angeles,037,10098052,1173171,1159405,41508,1200913,21610
2021-03-04,Madera,039,155013,15743,15596,871,16467,208
2021-03-04,Marin,041,260295,13323,13240,172,13412,215
2021-03-04,Mariposa,043,17540,378,376,5,381,4
2021-03-04,Mendocino,045,87422,3664,3569,70,3639,42
2021-03-04,Merced,047,269075,28776,28671,910,29581,396
2021-03-04,Modoc,049,8938,346,336,118,454,3
2021-03-04,Mono,051,14174,1184,1197,12,1209,3
2021-03-04,Monterey,053,433212,42018,41771,1763,43534,325
2021-03-04,Napa,055,140530,9139,9094,33,9127,74
2021-03-04,Nevada,057,99092,4084,4020,166,4186,66
2021-03-04,Orange,059,3164182,247723,246354,10643,256997,4096
2021-03-04,Placer,061,380077,20739,19900,1173,21073,239
2021-03-04,Plumas,063,18699,644,634,11,645,4
2021-03-04,Riverside,065,2383286,284321,279871,14084,293955,3766
2021-03-04,Sacramento,067,1510023,95381,93982,1320,95302,1426
2021-03-04,San Benito,069,59416,5769,5781,95,5876,61
2021-03-04,San Bernardino,071,2135413,286270,282407,9031,291438,3757
2021-03-04,San Diego,073,3302833,265441,261858,13017,274875,3359
2021-03-04,San Francisco,075,870044,34408,34480,1178,35658,426
2021-03-04,San Joaquin,077,732212,67292,65931,2959,68890,1129
2021-03-04,San Luis Obispo,079,281455,19719,19520,592,20112,243
2021-03-04,San Mateo,081,765935,39846,39225,424,39649,322
2021-03-04,Santa Barbara,083,443738,32661,32090,1159,33249,423
2021-03-04,Santa Clara,085,1922200,111093,111194,616,111810,1723
2021-03-04,Santa Cruz,087,273765,15456,14669,848,15517,186
2021-03-04,Shasta,089,179085,11024,11050,1296,12346,150
2021-03-04,Sierra,091,2930,49,48,14,62,0
2021-03-04,Siskiyou,093,43540,1508,1427,257,1684,5
2021-03-04,Solano,095,438530,30076,29905,378,30283,168
2021-03-04,Sonoma,097,501317,28329,28379,224,28603,279
2021-03-04,Stanislaus,099,539301,50969,50521,5626,56147,731
2021-03-04,Sutter,101,95872,8924,8849,86,8935,100
2021-03-04,Tehama,103,63373,4603,4604,515,5119,33
2021-03-04,Trinity,105,12862,391,302,62,364,3
2021-03-04,Tulare,107,460477,48044,47398,8634,56032,784
2021-03-04,Tuolumne,109,53932,3917,3916,33,3949,56
2021-03-04,Ventura,111,848112,78180,78184,2903,81087,831
2021-03-04,Yolo,113,214977,12987,12895,235,13130,189
2021-03-04,Yuba,115,75493,5544,5483,90,5573,41
2021-03-03,Alameda,001,1643700,81481,80972,1822,82794,1127
2021-03-03,Alpine,003,1148,83,77,0,77,0
2021-03-03,Amador,005,37829,3495,3478,32,3510,42
2021-03-03,Butte,007,227075,11360,11014,1701,12715,184
2021-03-03,Calaveras,009,45235,1930,1893,12,1905,48
2021-03-03,Colusa,011,21464,1874,1873,273,2146,11
2021-03-03,Contra Costa,013,1133247,63699,62668,1137,63805,708
2021-03-03,Del Norte,015,27424,1008,988,0,988,5
2021-03-03,El Dorado,017,186661,9167,9121,630,9751,97
2021-03-03,Fresno,019,978130,96621,95893,8089,103982,1415
2021-03-03,Glenn,021,27897,2255,2233,513,2746,15
2021-03-03,Humboldt,023,135768,3246,3196,21,3217,30
2021-03-03,Imperial,025,180216,27191,26939,2655,29594,640
2021-03-03,Inyo,027,18085,1321,1294,2,1296,35
2021-03-03,Kern,029,883053,93627,92434,10264,102698,1063
2021-03-03,Kings,031,150075,22227,22009,1075,23084,223
2021-03-03,Lake,033,64148,3214,3175,6,3181,40
2021-03-03,Lassen,035,31185,5122,5115,101,5216,1
2021-03-03,Los Angeles,037,10098052,1172534,1157911,41465,1199376,21500
2021-03-03,Madera,039,155013,15724,15553,865,16418,203
2021-03-03,Marin,041,260295,13310,13216,172,13388,214
2021-03-03,Mariposa,043,17540,377,376,5,381,4
2021-03-03,Mendocino,045,87422,3656,3564,70,3634,42
2021-03-03,Merced,047,269075,28724,28625,910,29535,393
2021-03-03,Modoc,049,8938,346,333,117,450,3
2021-03-03,Mono,051,14174,1184,1191,12,1203,3
2021-03-03,Monterey,053,433212,41985,41731,1760,43491,325
2021-03-03,Napa,055,140530,9131,9090,33,9123,72
2021-03-03,Nevada,057,99092,4074,4009,166,4175,66
2021-03-03,Orange,059,3164182,247579,246120,10627,256747,4072
2021-03-03,Placer,061,380077,20713,19851,1170,21021,239
2021-03-03,Plumas,063,18699,643,631,11,642,4
2021-03-03,Riverside,065,2383286,284192,279626,14079,293705,3735
2021-03-03,Sacramento,067,1510023,95220,93819,1311,95130,1419
2021-03-03,San Benito,069,59416,5768,5774,95,5869,61
2021-03-03,San Bernardino,071,2135413,286129,282138,9024,291162,3664
2021-03-03,San Diego,073,3302833,265179,261350,12986,274336,3342
2021-03-03,San Francisco,075,870044,34377,34443,1175,35618,426
2021-03-03,San Joaquin,077,732212,67181,65855,2952,68807,1115
2021-03-03,San Luis Obispo,079,281455,19694,19479,588,20067,241
2021-03-03,San Mateo,081,765935,39800,39189,423,39612,319
2021-03-03,Santa Barbara,083,443738,32624,32027,1159,33186,421
2021-03-03,Santa Clara,085,1922200,110938,110991,614,111605,1720
2021-03-03,Santa Cruz,087,273765,15445,14645,848,15493,185
2021-03-03,Shasta,089,179085,11014,11023,1289,12312,150
2021-03-03,Sierra,091,2930,49,48,14,62,0
2021-03-03,Siskiyou,093,43540,1506,1424,257,1681,5
2021-03-03,Solano,095,438530,30040,29866,377,30243,167
2021-03-03,Sonoma,097,501317,28290,28307,223,28530,279
2021-03-03,Stanislaus,099,539301,50892,50438,5618,56056,730
2021-03-03,Sutter,101,95872,8915,8840,86,8926,99
2021-03-03,Tehama,103,63373,4600,4601,515,5116,32
2021-03-03,Trinity,105,12862,391,302,62,364,3
2021-03-03,Tulare,107,460477,47994,47348,8603,55951,778
2021-03-03,Tuolumne,109,53932,3915,3914,32,3946,56
2021-03-03,Ventura,111,848112,78097,78057,2897,80954,822
2021-03-03,Yolo,113,214977,12974,12890,235,13125,189
2021-03-03,Yuba,115,75493,5531,5479,90,5569,41
2021-03-02,Alameda,001,1643700,81363,80904,1820,82724,1116
2021-03-02,Alpine,003,1148,83,77,0,77,0
2021-03-02,Amador,005,37829,3493,3474,32,3506,42
2021-03-02,Butte,007,227075,11350,11007,1699,12706,182
2021-03-02,Calaveras,009,45235,1924,1890,12,1902,48
2021-03-02,Colusa,011,21464,1874,1872,272,2144,11
2021-03-02,Contra Costa,013,1133247,63588,62557,1132,63689,694
2021-03-02,Del Norte,015,27424,1001,983,0,983,5
2021-03-02,El Dorado,017,186661,9159,9116,630,9746,98
2021-03-02,Fresno,019,978130,96477,95785,8061,103846,1410
2021-03-02,Glenn,021,27897,2249,2232,512,2744,15
2021-03-02,Humboldt,023,135768,3227,3184,21,3205,30
2021-03-02,Imperial,025,180216,27181,26926,2653,29579,637
2021-03-02,Inyo,027,18085,1317,1292,2,1294,35
2021-03-02,Kern,029,883053,93522,92313,10235,102548,1046
2021-03-02,Kings,031,150075,22175,21999,1073,23072,217
2021-03-02,Lake,033,64148,3208,3169,6,3175,40
2021-03-02,Lassen,035,31185,5117,5115,100,5215,1
2021-03-02,Los Angeles,037,10098052,1171898,1156826,41417,1198243,21395
2021-03-02,Madera,039,155013,15704,15523,862,16385,194
2021-03-02,Marin,041,260295,13287,13186,171,13357,214
2021-03-02,Mariposa,043,17540,377,376,5,381,4
2021-03-02,Mendocino,045,87422,3653,3562,69,3631,41
2021-03-02,Merced,047,269075,28667,28598,910,29508,389
2021-03-02,Modoc,049,8938,346,332,117,449,3
2021-03-02,Mono,051,14174,1183,1191,12,1203,3
2021-03-02,Monterey,053,433212,41958,41716,1758,43474,325
2021-03-02,Napa,055,140530,9119,9080,33,9113,71
2021-03-02,Nevada,057,99092,4065,3983,164,4147,66
2021-03-02,Orange,059,3164182,247433,246004,10611,256615,4037
2021-03-02,Placer,061,380077,20659,19828,1167,20995,239
2021-03-02,Plumas,063,18699,641,628,11,639,4
2021-03-02,Riverside,065,2383286,284026,279486,14071,293557,3721
2021-03-02,Sacramento,067,1510023,95053,93690,1310,95000,1411
2021-03-02,San Benito,069,59416,5761,5770,95,5865,60
2021-03-02,San Bernardino,071,2135413,285997,281919,9017,290936,3604
2021-03-02,San Diego,073,3302833,264935,260998,12964,273962,3317
2021-03-02,San Francisco,075,870044,34336,34387,1171,35558,424
2021-03-02,San Joaquin,077,732212,67074,65769,2932,68701,1111
2021-03-02,San Luis Obispo,079,281455,19662,19452,587,20039,241
2021-03-02,San Mateo,081,765935,39748,39148,422,39570,317
2021-03-02,Santa Barbara,083,443738,32576,31964,1155,33119,416
2021-03-02,Santa Clara,085,1922200,110760,110832,613,111445,1706
2021-03-02,Santa Cruz,087,273765,15431,14611,846,15457,185
2021-03-02,Shasta,089,179085,11000,11012,1278,12290,149
2021-03-02,Sierra,091,2930,49,48,14,62,0
2021-03-02,Siskiyou,093,43540,1502,1412,255,1667,5
2021-03-02,Solano,095,438530,30007,29827,375,30202,167
2021-03-02,Sonoma,097,501317,28235,28261,223,28484,279
2021-03-02,Stanislaus,099,539301,50805,50359,5604,55963,724
2021-03-02,Sutter,101,95872,8906,8832,86,8918,99
2021-03-02,Tehama,103,63373,4598,4597,515,5112,32
2021-03-02,Trinity,105,12862,391,301,62,363,3
2021-03-02,Tulare,107,460477,47937,47326,8578,55904,783
2021-03-02,Tuolumne,109,53932,3911,3908,32,3940,53
2021-03-02,Ventura,111,848112,78006,77952,2893,80845,780
2021-03-02,Yolo,113,214977,12957,12867,235,13102,189
2021-03-02,Yuba,115,75493,5523,5475,90,5565,41
2021-03-01,Alameda,001,1643700,81237,80805,1818,82623,1105
2021-03-01,Alpine,003,1148,81,77,0,77,0
2021-03-01,Amador,005,37829,3490,3469,32,3501,42
2021-03-01,Butte,007,227075,11334,10981,1694,12675,180
2021-03-01,Calaveras,009,45235,1918,1885,12,1897,46
2021-03-01,Colusa,011,21464,1873,1871,272,2143,11
2021-03-01,Contra Costa,013,1133247,63478,62458,1131,63589,694
2021-03-01,Del Norte,015,27424,996,982,0,982,5
2021-03-01,El Dorado,017,186661,9135,9085,630,9715,98
2021-03-01,Fresno,019,978130,96339,95677,8039,103716,1405
2021-03-01,Glenn,021,27897,2244,2232,511,2743,15
2021-03-01,Humboldt,023,135768,3208,3179,21,3200,30
2021-03-01,Imperial,025,180216,27171,26913,2645,29558,636
2021-03-01,Inyo,027,18085,1314,1285,2,1287,35
2021-03-01,Kern,029,883053,93434,92219,10208,102427,1041
2021-03-01,Kings,031,150075,22158,21988,1067,23055,217
2021-03-01,Lake,033,64148,3203,3164,6,3170,40
2021-03-01,Lassen,035,31185,5115,5111,100,5211,1
2021-03-01,Los Angeles,037,10098052,1171245,1155984,41373,1197357,21293
2021-03-01,Madera,039,155013,15675,15505,851,16356,194
2021-03-01,Marin,041,260295,13261,13161,170,13331,214
2021-03-01,Mariposa,043,17540,377,375,5,380,4
2021-03-01,Mendocino,045,87422,3646,3561,69,3630,41
2021-03-01,Merced,047,269075,28622,28575,906,29481,385
2021-03-01,Modoc,049,8938,343,331,116,447,3
2021-03-01,Mono,051,14174,1182,1192,12,1204,3
2021-03-01,Monterey,053,433212,41933,41697,1756,43453,324
2021-03-01,Napa,055,140530,9110,9056,33,9089,70
2021-03-01,Nevada,057,99092,4046,3979,164,4143,66
2021-03-01,Orange,059,3164182,247241,245852,10596,256448,3976
2021-03-01,Placer,061,380077,20621,19803,1164,20967,239
2021-03-01,Plumas,063,18699,641,628,11,639,4
2021-03-01,Riverside,065,2383286,283811,279323,14063,293386,3680
2021-03-01,Sacramento,067,1510023,94908,93546,1308,94854,1401
2021-03-01,San Benito,069,59416,5756,5772,95,5867,57
2021-03-01,San Bernardino,071,2135413,285853,281685,9013,290698,3603
2021-03-01,San Diego,073,3302833,264620,260622,12931,273553,3303
2021-03-01,San Francisco,075,870044,34292,34318,1163,35481,424
2021-03-01,San Joaquin,077,732212,66967,65699,2919,68618,1097
2021-03-01,San Luis Obispo,079,281455,19640,19429,585,20014,239
2021-03-01,San Mateo,081,765935,39696,39096,421,39517,314
2021-03-01,Santa Barbara,083,443738,32534,31909,1154,33063,413
2021-03-01,Santa Clara,085,1922200,110602,110684,610,111294,1704
2021-03-01,Santa Cruz,087,273765,15412,14575,845,15420,185
2021-03-01,Shasta,089,179085,10988,10990,1275,12265,149
2021-03-01,Sierra,091,2930,49,48,14,62,0
2021-03-01,Siskiyou,093,43540,1498,1408,253,1661,5
2021-03-01,Solano,095,438530,29964,29779,374,30153,166
2021-03-01,Sonoma,097,501317,28187,28222,221,28443,278
2021-03-01,Stanislaus,099,539301,50730,50293,5598,55891,722
2021-03-01,Sutter,101,95872,8894,8825,86,8911,99
2021-03-01,Tehama,103,63373,4594,4595,515,5110,32
2021-03-01,Trinity,105,12862,391,298,61,359,3
2021-03-01,Tulare,107,460477,47900,47275,8543,55818,781
2021-03-01,Tuolumne,109,53932,3908,3907,32,3939,53
2021-03-01,Ventura,111,848112,77924,77849,2892,80741,775
2021-03-01,Yolo,113,214977,12940,12854,233,13087,188
2021-03-01,Yuba,115,75493,5511,5466,90,5556,41
2021-02-28,Alameda,001,1643700,81114,80727,1816,82543,1105
2021-02-28,Alpine,003,1148,81,77,0,77,0
2021-02-28,Amador,005,37829,3485,3466,31,3497,42
2021-02-28,Butte,007,227075,11319,10970,1694,12664,180
2021-02-28,Calaveras,009,45235,1912,1881,12,1893,46
2021-02-28,Colusa,011,21464,1873,1871,271,2142,11
2021-02-28,Contra Costa,013,1133247,63351,62386,1126,63512,694
2021-02-28,Del Norte,015,27424,994,981,0,981,5
2021-02-28,El Dorado,017,186661,9124,9082,630,9712,98
2021-02-28,Fresno,019,978130,96160,95548,8004,103552,1405
2021-02-28,Glenn,021,27897,2242,2230,509,2739,15
2021-02-28,Humboldt,023,135768,3185,3179,21,3200,30
2021-02-28,Imperial,025,180216,27145,26909,2638,29547,636
2021-02-28,Inyo,027,18085,1309,1282,2,1284,35
2021-02-28,Kern,029,883053,93320,92169,10186,102355,1012
2021-02-28,Kings,031,150075,22137,21967,1066,23033,217
2021-02-28,Lake,033,64148,3198,3164,6,3170,40
2021-02-28,Lassen,035,31185,5114,5106,100,5206,1
2021-02-28,Los Angeles,037,10098052,1170465,1155141,41309,1196450,21261
2021-02-28,Madera,039,155013,15633,15496,848,16344,199
2021-02-28,Marin,041,260295,13238,13152,168,13320,214
2021-02-28,Mariposa,043,17540,377,374,5,379,4
2021-02-28,Mendocino,045,87422,3640,3558,69,3627,41
2021-02-28,Merced,047,269075,28559,28546,905,29451,384
2021-02-28,Modoc,049,8938,343,331,116,447,3
2021-02-28,Mono,051,14174,1179,1192,12,1204,3
2021-02-28,Monterey,053,433212,41901,41683,1755,43438,323
2021-02-28,Napa,055,140530,9091,9053,33,9086,70
2021-02-28,Nevada,057,99092,4033,3972,164,4136,66
2021-02-28,Orange,059,3164182,247042,245706,10588,256294,3970
2021-02-28,Placer,061,380077,20574,19775,1162,20937,239
2021-02-28,Plumas,063,18699,641,628,11,639,4
2021-02-28,Riverside,065,2383286,283591,279214,14052,293266,3661
2021-02-28,Sacramento,067,1510023,94724,93463,1303,94766,1398
2021-02-28,San Benito,069,59416,5745,5772,95,5867,57
2021-02-28,San Bernardino,071,2135413,285717,281620,9000,290620,3595
2021-02-28,San Diego,073,3302833,264324,260353,12897,273250,3303
2021-02-28,San Francisco,075,870044,34251,34291,1156,35447,417
2021-02-28,San Joaquin,077,732212,66859,65662,2910,68572,1097
2021-02-28,San Luis Obispo,079,281455,19605,19422,582,20004,237
2021-02-28,San Mateo,081,765935,39643,39059,420,39479,314
2021-02-28,Santa Barbara,083,443738,32482,31877,1154,33031,413
2021-02-28,Santa Clara,085,1922200,110404,110556,607,111163,1704
2021-02-28,Santa Cruz,087,273765,15383,14571,842,15413,185
2021-02-28,Shasta,089,179085,10967,10990,1271,12261,149
2021-02-28,Sierra,091,2930,49,48,14,62,0
2021-02-28,Siskiyou,093,43540,1490,1408,252,1660,5
2021-02-28,Solano,095,438530,29908,29758,369,30127,166
2021-02-28,Sonoma,097,501317,28124,28193,220,28413,279
2021-02-28,Stanislaus,099,539301,50640,50228,5584,55812,728
2021-02-28,Sutter,101,95872,8879,8825,86,8911,99
2021-02-28,Tehama,103,63373,4587,4590,515,5105,32
2021-02-28,Trinity,105,12862,391,298,61,359,3
2021-02-28,Tulare,107,460477,47838,47258,8512,55770,780
2021-02-28,Tuolumne,109,53932,3903,3905,32,3937,53
2021-02-28,Ventura,111,848112,77813,77749,2889,80638,775
2021-02-28,Yolo,113,214977,12918,12851,233,13084,188
2021-02-28,Yuba,115,75493,5501,5461,90,5551,41
2021-02-27,Alameda,001,1643700,81040,80565,1814,82379,1108
2021-02-27,Alpine,003,1148,81,77,0,77,0
2021-02-27,Amador,005,37829,3483,3463,31,3494,42
2021-02-27,Butte,007,227075,11307,10962,1694,12656,180
2021-02-27,Calaveras,009,45235,1910,1875,12,1887,46
2021-02-27,Colusa,011,21464,1872,1869,271,2140,11
2021-02-27,Contra Costa,013,1133247,63280,62248,1123,63371,693
2021-02-27,Del Norte,015,27424,992,978,0,978,5
2021-02-27,El Dorado,017,186661,9120,9072,630,9702,98
2021-02-27,Fresno,019,978130,96087,95393,7990,103383,1400
2021-02-27,Glenn,021,27897,2242,2225,508,2733,15
2021-02-27,Humboldt,023,135768,3179,3167,21,3188,30
2021-02-27,Imperial,025,180216,27137,26903,2637,29540,633
2021-02-27,Inyo,027,18085,1306,1275,2,1277,35
2021-02-27,Kern,029,883053,93259,92053,10171,102224,996
2021-02-27,Kings,031,150075,22127,21955,1063,23018,216
2021-02-27,Lake,033,64148,3195,3156,6,3162,40
2021-02-27,Lassen,035,31185,5114,5106,100,5206,1
2021-02-27,Los Angeles,037,10098052,1169973,1154275,41279,1195554,21158
2021-02-27,Madera,039,155013,15616,15467,847,16314,199
2021-02-27,Marin,041,260295,13214,13134,168,13302,214
2021-02-27,Mariposa,043,17540,377,374,5,379,4
2021-02-27,Mendocino,045,87422,3637,3555,69,3624,41
2021-02-27,Merced,047,269075,28518,28501,896,29397,384
2021-02-27,Modoc,049,8938,343,331,115,446,3
2021-02-27,Mono,051,14174,1177,1191,12,1203,3
2021-02-27,Monterey,053,433212,41892,41665,1755,43420,322
2021-02-27,Napa,055,140530,9080,9038,33,9071,71
2021-02-27,Nevada,057,99092,4027,3960,164,4124,66
2021-02-27,Orange,059,3164182,246916,245542,10576,256118,3960
2021-02-27,Placer,061,380077,20538,19726,1159,20885,239
2021-02-27,Plumas,063,18699,641,628,11,639,4
2021-02-27,Riverside,065,2383286,283482,279048,14042,293090,3663
2021-02-27,Sacramento,067,1510023,94642,93281,1292,94573,1396
2021-02-27,San Benito,069,59416,5744,5767,94,5861,57
2021-02-27,San Bernardino,071,2135413,285638,281471,8993,290464,3527
2021-02-27,San Diego,073,3302833,264135,260091,12859,272950,3284
2021-02-27,San Francisco,075,870044,34218,34260,1153,35413,413
2021-02-27,San Joaquin,077,732212,66813,65578,2908,68486,1100
2021-02-27,San Luis Obispo,079,281455,19584,19411,581,19992,237
2021-02-27,San Mateo,081,765935,39602,38998,419,39417,313
2021-02-27,Santa Barbara,083,443738,32448,31805,1153,32958,411
2021-02-27,Santa Clara,085,1922200,110257,110361,605,110966,1703
2021-02-27,Santa Cruz,087,273765,15374,14552,841,15393,185
2021-02-27,Shasta,089,179085,10961,10985,1267,12252,149
2021-02-27,Sierra,091,2930,49,48,14,62,0
2021-02-27,Siskiyou,093,43540,1488,1407,251,1658,5
2021-02-27,Solano,095,438530,29880,29718,368,30086,165
2021-02-27,Sonoma,097,501317,28080,28141,214,28355,281
2021-02-27,Stanislaus,099,539301,50585,50147,5574,55721,733
2021-02-27,Sutter,101,95872,8874,8820,86,8906,99
2021-02-27,Tehama,103,63373,4584,4584,515,5099,32
2021-02-27,Trinity,105,12862,391,298,61,359,3
2021-02-27,Tulare,107,460477,47802,47209,8485,55694,770
2021-02-27,Tuolumne,109,53932,3900,3899,32,3931,53
2021-02-27,Ventura,111,848112,77741,77623,2886,80509,771
2021-02-27,Yolo,113,214977,12906,12834,233,13067,188
2021-02-27,Yuba,115,75493,5498,5450,90,5540,39
2021-02-26,Alameda,001,1643700,80944,80387,1809,82196,1106
2021-02-26,Alpine,003,1148,81,77,0,77,0
2021-02-26,Amador,005,37829,3477,3457,31,3488,42
2021-02-26,Butte,007,227075,11297,10941,1693,12634,180
2021-02-26,Calaveras,009,45235,1909,1873,12,1885,46
2021-02-26,Colusa,011,21464,1872,1865,271,2136,11
2021-02-26,Contra Costa,013,1133247,63198,62114,1123,63237,685
2021-02-26,Del Norte,015,27424,988,968,0,968,5
2021-02-26,El Dorado,017,186661,9115,9038,628,9666,98
2021-02-26,Fresno,019,978130,95984,95202,7982,103184,1391
2021-02-26,Glenn,021,27897,2239,2220,508,2728,15
2021-02-26,Humboldt,023,135768,3173,3152,21,3173,30
2021-02-26,Imperial,025,180216,27129,26888,2635,29523,631
2021-02-26,Inyo,027,18085,1304,1271,2,1273,34
2021-02-26,Kern,029,883053,93180,91884,10155,102039,997
2021-02-26,Kings,031,150075,22111,21917,1060,22977,216
2021-02-26,Lake,033,64148,3190,3153,6,3159,40
2021-02-26,Lassen,035,31185,5114,5102,100,5202,1
2021-02-26,Los Angeles,037,10098052,1169405,1153131,41216,1194347,21070
2021-02-26,Madera,039,155013,15600,15436,845,16281,199
2021-02-26,Marin,041,260295,13200,13091,168,13259,214
2021-02-26,Mariposa,043,17540,377,375,5,380,4
2021-02-26,Mendocino,045,87422,3632,3549,69,3618,41
2021-02-26,Merced,047,269075,28486,28455,895,29350,382
2021-02-26,Modoc,049,8938,342,330,115,445,3
2021-02-26,Mono,051,14174,1175,1191,12,1203,3
2021-02-26,Monterey,053,433212,41866,41607,1755,43362,322
2021-02-26,Napa,055,140530,9074,9014,33,9047,70
2021-02-26,Nevada,057,99092,4016,3952,164,4116,66
2021-02-26,Orange,059,3164182,246776,245278,10566,255844,3918
2021-02-26,Placer,061,380077,20512,19712,1153,20865,239
2021-02-26,Plumas,063,18699,641,628,11,639,4
2021-02-26,Riverside,065,2383286,283338,278772,14036,292808,3653
2021-02-26,Sacramento,067,1510023,94519,93180,1289,94469,1390
2021-02-26,San Benito,069,59416,5743,5759,94,5853,57
2021-02-26,San Bernardino,071,2135413,285539,281132,8991,290123,3461
2021-02-26,San Diego,073,3302833,263908,259641,12838,272479,3271
2021-02-26,San Francisco,075,870044,34188,34213,1148,35361,413
2021-02-26,San Joaquin,077,732212,66732,65492,2902,68394,1070
2021-02-26,San Luis Obispo,079,281455,19568,19359,579,19938,234
2021-02-26,San Mateo,081,765935,39556,38922,419,39341,313
2021-02-26,Santa Barbara,083,443738,32405,31724,1152,32876,410
2021-02-26,Santa Clara,085,1922200,110127,110168,603,110771,1700
2021-02-26,Santa Cruz,087,273765,15362,14528,840,15368,185
2021-02-26,Shasta,089,179085,10955,10972,1257,12229,149
2021-02-26,Sierra,091,2930,49,47,14,61,0
2021-02-26,Siskiyou,093,43540,1488,1401,251,1652,5
2021-02-26,Solano,095,438530,29846,29651,367,30018,165
2021-02-26,Sonoma,097,501317,28051,28063,213,28276,280
2021-02-26,Stanislaus,099,539301,50529,50054,5566,55620,737
2021-02-26,Sutter,101,95872,8865,8806,86,8892,99
2021-02-26,Tehama,103,63373,4582,4581,515,5096,32
2021-02-26,Trinity,105,12862,390,298,61,359,3
2021-02-26,Tulare,107,460477,47767,47135,8455,55590,770
2021-02-26,Tuolumne,109,53932,3899,3896,32,3928,53
2021-02-26,Ventura,111,848112,77641,77534,2884,80418,765
2021-02-26,Yolo,113,214977,12899,12816,233,13049,188
2021-02-26,Yuba,115,75493,5493,5438,90,5528,39
2021-02-25,Alameda,001,1643700,80823,80181,1808,81989,1093
2021-02-25,Alpine,003,1148,81,77,0,77,0
2021-02-25,Amador,005,37829,3474,3448,31,3479,41
2021-02-25,Butte,007,227075,11276,10922,1688,12610,178
2021-02-25,Calaveras,009,45235,1901,1868,12,1880,46
2021-02-25,Colusa,011,21464,1869,1863,270,2133,11
2021-02-25,Contra Costa,013,1133247,63096,61910,1123,63033,686
2021-02-25,Del Norte,015,27424,978,966,0,966,5
2021-02-25,El Dorado,017,186661,9099,9012,628,9640,98
2021-02-25,Fresno,019,978130,95840,95015,7960,102975,1377
2021-02-25,Glenn,021,27897,2236,2219,507,2726,15
2021-02-25,Humboldt,023,135768,3166,3129,21,3150,30
2021-02-25,Imperial,025,180216,27123,26855,2631,29486,628
2021-02-25,Inyo,027,18085,1298,1264,2,1266,33
2021-02-25,Kern,029,883053,93065,91735,10129,101864,992
2021-02-25,Kings,031,150075,22102,21900,1057,22957,216
2021-02-25,Lake,033,64148,3181,3141,6,3147,40
2021-02-25,Lassen,035,31185,5113,5097,99,5196,1
2021-02-25,Los Angeles,037,10098052,1168668,1151846,41156,1193002,20931
2021-02-25,Madera,039,155013,15565,15414,841,16255,194
2021-02-25,Marin,041,260295,13176,13067,168,13235,214
2021-02-25,Mariposa,043,17540,377,375,5,380,4
2021-02-25,Mendocino,045,87422,3627,3542,69,3611,41
2021-02-25,Merced,047,269075,28436,28383,894,29277,382
2021-02-25,Modoc,049,8938,342,329,115,444,3
2021-02-25,Mono,051,14174,1174,1190,12,1202,3
2021-02-25,Monterey,053,433212,41841,41564,1750,43314,321
2021-02-25,Napa,055,140530,9048,8998,33,9031,70
2021-02-25,Nevada,057,99092,3999,3940,163,4103,66
2021-02-25,Orange,059,3164182,246602,245000,10556,255556,3882
2021-02-25,Placer,061,380077,20471,19661,1151,20812,239
2021-02-25,Plumas,063,18699,641,626,11,637,4
2021-02-25,Riverside,065,2383286,283153,278544,14012,292556,3646
2021-02-25,Sacramento,067,1510023,94362,92961,1276,94237,1386
2021-02-25,San Benito,069,59416,5738,5752,94,5846,58
2021-02-25,San Bernardino,071,2135413,285407,280946,8981,289927,3409
2021-02-25,San Diego,073,3302833,263614,258979,12808,271787,3260
2021-02-25,San Francisco,075,870044,34146,34138,1145,35283,408
2021-02-25,San Joaquin,077,732212,66649,65389,2890,68279,1047
2021-02-25,San Luis Obispo,079,281455,19547,19335,577,19912,234
2021-02-25,San Mateo,081,765935,39510,38872,419,39291,300
2021-02-25,Santa Barbara,083,443738,32329,31631,1151,32782,408
2021-02-25,Santa Clara,085,1922200,109963,109923,602,110525,1677
2021-02-25,Santa Cruz,087,273765,15344,14492,838,15330,185
2021-02-25,Shasta,089,179085,10943,10947,1252,12199,148
2021-02-25,Sierra,091,2930,49,47,14,61,0
2021-02-25,Siskiyou,093,43540,1484,1390,248,1638,4
2021-02-25,Solano,095,438530,29814,29616,367,29983,161
2021-02-25,Sonoma,097,501317,27997,28004,210,28214,278
2021-02-25,Stanislaus,099,539301,50440,49964,5555,55519,738
2021-02-25,Sutter,101,95872,8851,8789,85,8874,99
2021-02-25,Tehama,103,63373,4578,4578,513,5091,32
2021-02-25,Trinity,105,12862,390,297,61,358,3
2021-02-25,Tulare,107,460477,47719,47052,8427,55479,765
2021-02-25,Tuolumne,109,53932,3896,3894,32,3926,53
2021-02-25,Ventura,111,848112,77536,77395,2878,80273,751
2021-02-25,Yolo,113,214977,12882,12787,233,13020,188
2021-02-25,Yuba,115,75493,5485,5429,90,5519,39
2021-02-24,Alameda,001,1643700,80701,80070,1804,81874,1082
2021-02-24,Alpine,003,1148,80,77,0,77,0
2021-02-24,Amador,005,37829,3469,3444,31,3475,41
2021-02-24,Butte,007,227075,11264,10915,1684,12599,178
2021-02-24,Calaveras,009,45235,1898,1864,12,1876,31
2021-02-24,Colusa,011,21464,1867,1863,270,2133,11
2021-02-24,Contra Costa,013,1133247,62988,61776,1123,62899,663
2021-02-24,Del Norte,015,27424,977,960,0,960,5
2021-02-24,El Dorado,017,186661,9087,8993,628,9621,98
2021-02-24,Fresno,019,978130,95694,94794,7943,102737,1369
2021-02-24,Glenn,021,27897,2234,2210,507,2717,14
2021-02-24,Humboldt,023,135768,3154,3123,21,3144,29
2021-02-24,Imperial,025,180216,27108,26843,2627,29470,596
2021-02-24,Inyo,027,18085,1293,1253,2,1255,32
2021-02-24,Kern,029,883053,92932,91525,10113,101638,992
2021-02-24,Kings,031,150075,22079,21871,1053,22924,216
2021-02-24,Lake,033,64148,3174,3134,6,3140,40
2021-02-24,Lassen,035,31185,5109,5095,98,5193,1
2021-02-24,Los Angeles,037,10098052,1167914,1150322,41106,1191428,20817
2021-02-24,Madera,039,155013,15538,15390,841,16231,194
2021-02-24,Marin,041,260295,13153,13044,167,13211,214
2021-02-24,Mariposa,043,17540,377,374,5,379,4
2021-02-24,Mendocino,045,87422,3620,3540,69,3609,41
2021-02-24,Merced,047,269075,28397,28295,891,29186,383
2021-02-24,Modoc,049,8938,341,329,115,444,3
2021-02-24,Mono,051,14174,1172,1189,12,1201,3
2021-02-24,Monterey,053,433212,41815,41495,1748,43243,320
2021-02-24,Napa,055,140530,9031,8976,32,9008,70
2021-02-24,Nevada,057,99092,3989,3927,163,4090,66
2021-02-24,Orange,059,3164182,246385,244743,10542,255285,3835
2021-02-24,Placer,061,380077,20433,19648,1145,20793,239
2021-02-24,Plumas,063,18699,639,626,11,637,4
2021-02-24,Riverside,065,2383286,282932,278293,14002,292295,3603
2021-02-24,Sacramento,067,1510023,94208,92742,1271,94013,1375
2021-02-24,San Benito,069,59416,5737,5743,94,5837,57
2021-02-24,San Bernardino,071,2135413,285257,280583,8977,289560,3360
2021-02-24,San Diego,073,3302833,263321,258460,12792,271252,3230
2021-02-24,San Francisco,075,870044,34101,34061,1141,35202,406
2021-02-24,San Joaquin,077,732212,66539,65274,2887,68161,1019
2021-02-24,San Luis Obispo,079,281455,19524,19309,575,19884,233
2021-02-24,San Mateo,081,765935,39473,38763,418,39181,300
2021-02-24,Santa Barbara,083,443738,32278,31563,1148,32711,405
2021-02-24,Santa Clara,085,1922200,109812,109671,601,110272,1674
2021-02-24,Santa Cruz,087,273765,15323,14458,838,15296,185
2021-02-24,Shasta,089,179085,10928,10922,1249,12171,148
2021-02-24,Sierra,091,2930,49,47,14,61,0
2021-02-24,Siskiyou,093,43540,1477,1385,244,1629,4
2021-02-24,Solano,095,438530,29775,29577,364,29941,158
2021-02-24,Sonoma,097,501317,27933,27954,206,28160,278
2021-02-24,Stanislaus,099,539301,50371,49851,5546,55397,732
2021-02-24,Sutter,101,95872,8841,8778,85,8863,99
2021-02-24,Tehama,103,63373,4574,4566,513,5079,31
2021-02-24,Trinity,105,12862,390,294,60,354,3
2021-02-24,Tulare,107,460477,47665,46976,8397,55373,759
2021-02-24,Tuolumne,109,53932,3893,3887,32,3919,53
2021-02-24,Ventura,111,848112,77429,77238,2876,80114,718
2021-02-24,Yolo,113,214977,12869,12760,229,12989,188
2021-02-24,Yuba,115,75493,5474,5425,88,5513,39
2021-02-23,Alameda,001,1643700,80562,79948,1801,81749,1070
2021-02-23,Alpine,003,1148,79,77,0,77,0
2021-02-23,Amador,005,37829,3467,3440,31,3471,41
2021-02-23,Butte,007,227075,11249,10887,1680,12567,176
2021-02-23,Calaveras,009,45235,1897,1863,12,1875,21
2021-02-23,Colusa,011,21464,1864,1862,270,2132,11
2021-02-23,Contra Costa,013,1133247,62854,61613,1121,62734,661
2021-02-23,Del Norte,015,27424,975,953,0,953,3
2021-02-23,El Dorado,017,186661,9074,8969,628,9597,96
2021-02-23,Fresno,019,978130,95533,94741,7929,102670,1356
2021-02-23,Glenn,021,27897,2232,2209,507,2716,14
2021-02-23,Humboldt,023,135768,3137,3108,21,3129,29
2021-02-23,Imperial,025,180216,27088,26816,2622,29438,591
2021-02-23,Inyo,027,18085,1289,1250,2,1252,32
2021-02-23,Kern,029,883053,92795,91390,10084,101474,982
2021-02-23,Kings,031,150075,22064,21839,1049,22888,216
2021-02-23,Lake,033,64148,3166,3121,6,3127,40
2021-02-23,Lassen,035,31185,5106,5092,98,5190,1
2021-02-23,Los Angeles,037,10098052,1167051,1148965,41049,1190014,19887
2021-02-23,Madera,039,155013,15524,15352,835,16187,193
2021-02-23,Marin,041,260295,13133,13015,166,13181,214
2021-02-23,Mariposa,043,17540,377,374,5,379,4
2021-02-23,Mendocino,045,87422,3618,3540,68,3608,41
2021-02-23,Merced,047,269075,28309,28209,890,29099,381
2021-02-23,Modoc,049,8938,340,328,114,442,3
2021-02-23,Mono,051,14174,1172,1189,12,1201,3
2021-02-23,Monterey,053,433212,41774,41439,1742,43181,317
2021-02-23,Napa,055,140530,9019,8967,32,8999,70
2021-02-23,Nevada,057,99092,3981,3912,163,4075,66
2021-02-23,Orange,059,3164182,246189,244566,10522,255088,3843
2021-02-23,Placer,061,380077,20407,19608,1141,20749,238
2021-02-23,Plumas,063,18699,638,626,11,637,4
2021-02-23,Riverside,065,2383286,282700,278075,13989,292064,3599
2021-02-23,Sacramento,067,1510023,94051,92632,1265,93897,1370
2021-02-23,San Benito,069,59416,5731,5731,93,5824,57
2021-02-23,San Bernardino,071,2135413,285069,280279,8970,289249,3283
2021-02-23,San Diego,073,3302833,262946,257802,12762,270564,3218
2021-02-23,San Francisco,075,870044,34052,33994,1140,35134,405
2021-02-23,San Joaquin,077,732212,66441,65141,2879,68020,1004
2021-02-23,San Luis Obispo,079,281455,19495,19233,574,19807,230
2021-02-23,San Mateo,081,765935,39412,38662,418,39080,299
2021-02-23,Santa Barbara,083,443738,32225,31483,1146,32629,402
2021-02-23,Santa Clara,085,1922200,109616,109449,597,110046,1661
2021-02-23,Santa Cruz,087,273765,15296,14435,834,15269,178
2021-02-23,Shasta,089,179085,10916,10903,1245,12148,146
2021-02-23,Sierra,091,2930,49,47,14,61,0
2021-02-23,Siskiyou,093,43540,1472,1380,242,1622,4
2021-02-23,Solano,095,438530,29735,29545,361,29906,154
2021-02-23,Sonoma,097,501317,27890,27882,203,28085,278
2021-02-23,Stanislaus,099,539301,50295,49749,5528,55277,722
2021-02-23,Sutter,101,95872,8828,8766,85,8851,98
2021-02-23,Tehama,103,63373,4570,4556,512,5068,30
2021-02-23,Trinity,105,12862,390,292,59,351,3
2021-02-23,Tulare,107,460477,47586,46937,8361,55298,757
2021-02-23,Tuolumne,109,53932,3889,3864,32,3896,53
2021-02-23,Ventura,111,848112,77313,77093,2867,79960,689
2021-02-23,Yolo,113,214977,12840,12729,229,12958,188
2021-02-23,Yuba,115,75493,5461,5417,87,5504,38
2021-02-22,Alameda,001,1643700,80411,79796,1798,81594,1062
2021-02-22,Alpine,003,1148,79,77,0,77,0
2021-02-22,Amador,005,37829,3462,3438,31,3469,39
2021-02-22,Butte,007,227075,11237,10855,1674,12529,176
2021-02-22,Calaveras,009,45235,1894,1862,12,1874,21
2021-02-22,Colusa,011,21464,1864,1860,270,2130,11
2021-02-22,Contra Costa,013,1133247,62719,61478,1119,62597,661
2021-02-22,Del Norte,015,27424,974,948,0,948,3
2021-02-22,El Dorado,017,186661,9057,8940,628,9568,96
2021-02-22,Fresno,019,978130,95372,94584,7911,102495,1351
2021-02-22,Glenn,021,27897,2226,2207,505,2712,14
2021-02-22,Humboldt,023,135768,3125,3095,21,3116,29
2021-02-22,Imperial,025,180216,27065,26778,2614,29392,590
2021-02-22,Inyo,027,18085,1284,1248,2,1250,32
2021-02-22,Kern,029,883053,92678,91201,10062,101263,982
2021-02-22,Kings,031,150075,22043,21801,1046,22847,214
2021-02-22,Lake,033,64148,3160,3107,6,3113,40
2021-02-22,Lassen,035,31185,5106,5088,97,5185,1
2021-02-22,Los Angeles,037,10098052,1166181,1147541,40991,1188532,19730
2021-02-22,Madera,039,155013,15499,15325,831,16156,193
2021-02-22,Marin,041,260295,13109,12991,163,13154,213
2021-02-22,Mariposa,043,17540,376,374,5,379,4
2021-02-22,Mendocino,045,87422,3612,3535,68,3603,41
2021-02-22,Merced,047,269075,28241,28166,888,29054,379
2021-02-22,Modoc,049,8938,340,329,114,443,3
2021-02-22,Mono,051,14174,1168,1189,12,1201,3
2021-02-22,Monterey,053,433212,41723,41397,1735,43132,311
2021-02-22,Napa,055,140530,8992,8950,32,8982,69
2021-02-22,Nevada,057,99092,3972,3900,161,4061,66
2021-02-22,Orange,059,3164182,245953,244118,10504,254622,3843
2021-02-22,Placer,061,380077,20371,19587,1133,20720,238
2021-02-22,Plumas,063,18699,638,625,11,636,4
2021-02-22,Riverside,065,2383286,282440,277730,13980,291710,3567
2021-02-22,Sacramento,067,1510023,93884,92476,1255,93731,1359
2021-02-22,San Benito,069,59416,5729,5723,93,5816,57
2021-02-22,San Bernardino,071,2135413,284888,279984,8957,288941,3259
2021-02-22,San Diego,073,3302833,262537,257348,12728,270076,3189
2021-02-22,San Francisco,075,870044,33993,33947,1134,35081,405
2021-02-22,San Joaquin,077,732212,66340,65060,2866,67926,1001
2021-02-22,San Luis Obispo,079,281455,19458,19198,572,19770,229
2021-02-22,San Mateo,081,765935,39355,38542,415,38957,282
2021-02-22,Santa Barbara,083,443738,32160,31421,1143,32564,399
2021-02-22,Santa Clara,085,1922200,109405,109213,585,109798,1655
2021-02-22,Santa Cruz,087,273765,15270,14417,834,15251,176
2021-02-22,Shasta,089,179085,10901,10872,1240,12112,145
2021-02-22,Sierra,091,2930,49,47,14,61,0
2021-02-22,Siskiyou,093,43540,1466,1373,241,1614,4
2021-02-22,Solano,095,438530,29696,29508,360,29868,150
2021-02-22,Sonoma,097,501317,27845,27845,202,28047,278
2021-02-22,Stanislaus,099,539301,50191,49630,5507,55137,722
2021-02-22,Sutter,101,95872,8820,8698,85,8783,98
2021-02-22,Tehama,103,63373,4561,4550,512,5062,30
2021-02-22,Trinity,105,12862,390,287,58,345,3
2021-02-22,Tulare,107,460477,47525,46879,8328,55207,751
2021-02-22,Tuolumne,109,53932,3885,3856,32,3888,53
2021-02-22,Ventura,111,848112,77186,76947,2861,79808,677
2021-02-22,Yolo,113,214977,12814,12689,228,12917,183
2021-02-22,Yuba,115,75493,5458,5404,86,5490,38
2021-02-21,Alameda,001,1643700,80213,79649,1793,81442,1061
2021-02-21,Alpine,003,1148,79,77,0,77,0
2021-02-21,Amador,005,37829,3454,3435,31,3466,39
2021-02-21,Butte,007,227075,11214,10855,1672,12527,176
2021-02-21,Calaveras,009,45235,1893,1860,12,1872,21
2021-02-21,Colusa,011,21464,1863,1860,266,2126,11
2021-02-21,Contra Costa,013,1133247,62554,61364,1116,62480,661
2021-02-21,Del Norte,015,27424,968,942,0,942,3
2021-02-21,El Dorado,017,186661,9039,8927,627,9554,96
2021-02-21,Fresno,019,978130,95232,94374,7892,102266,1349
2021-02-21,Glenn,021,27897,2224,2201,503,2704,14
2021-02-21,Humboldt,023,135768,3113,3096,21,3117,29
2021-02-21,Imperial,025,180216,27046,26779,2610,29389,590
2021-02-21,Inyo,027,18085,1278,1232,2,1234,32
2021-02-21,Kern,029,883053,92553,91141,10023,101164,980
2021-02-21,Kings,031,150075,22009,21784,1043,22827,213
2021-02-21,Lake,033,64148,3152,3100,6,3106,40
2021-02-21,Lassen,035,31185,5098,5077,97,5174,1
2021-02-21,Los Angeles,037,10098052,1165156,1146756,40938,1187694,19711
2021-02-21,Madera,039,155013,15466,15298,828,16126,192
2021-02-21,Marin,041,260295,13079,12968,163,13131,212
2021-02-21,Mariposa,043,17540,376,373,5,378,4
2021-02-21,Mendocino,045,87422,3607,3535,68,3603,41
2021-02-21,Merced,047,269075,28151,28106,876,28982,379
2021-02-21,Modoc,049,8938,337,329,114,443,3
2021-02-21,Mono,051,14174,1168,1189,12,1201,3
2021-02-21,Monterey,053,433212,41668,41373,1724,43097,309
2021-02-21,Napa,055,140530,8977,8929,32,8961,69
2021-02-21,Nevada,057,99092,3959,3895,161,4056,66
2021-02-21,Orange,059,3164182,245656,243985,10484,254469,3801
2021-02-21,Placer,061,380077,20335,19553,1129,20682,238
2021-02-21,Plumas,063,18699,638,625,11,636,4
2021-02-21,Riverside,065,2383286,282209,277555,13967,291522,3564
2021-02-21,Sacramento,067,1510023,93674,92288,1241,93529,1354
2021-02-21,San Benito,069,59416,5719,5716,90,5806,57
2021-02-21,San Bernardino,071,2135413,284642,279870,8942,288812,3247
2021-02-21,San Diego,073,3302833,262103,257027,12682,269709,3190
2021-02-21,San Francisco,075,870044,33928,33891,1130,35021,405
2021-02-21,San Joaquin,077,732212,66191,64997,2853,67850,1001
2021-02-21,San Luis Obispo,079,281455,19426,19178,570,19748,229
2021-02-21,San Mateo,081,765935,39294,38448,411,38859,282
2021-02-21,Santa Barbara,083,443738,32098,31374,1140,32514,399
2021-02-21,Santa Clara,085,1922200,109180,108992,575,109567,1654
2021-02-21,Santa Cruz,087,273765,15247,14401,833,15234,176
2021-02-21,Shasta,089,179085,10886,10867,1235,12102,145
2021-02-21,Sierra,091,2930,49,47,14,61,0
2021-02-21,Siskiyou,093,43540,1460,1371,241,1612,4
2021-02-21,Solano,095,438530,29639,29471,359,29830,150
2021-02-21,Sonoma,097,501317,27780,27793,194,27987,278
2021-02-21,Stanislaus,099,539301,50067,49527,5490,55017,726
2021-02-21,Sutter,101,95872,8802,8687,84,8771,97
2021-02-21,Tehama,103,63373,4549,4547,512,5059,30
2021-02-21,Trinity,105,12862,388,286,58,344,3
2021-02-21,Tulare,107,460477,47458,46830,8291,55121,749
2021-02-21,Tuolumne,109,53932,3871,3828,32,3860,53
2021-02-21,Ventura,111,848112,77038,76862,2847,79709,677
2021-02-21,Yolo,113,214977,12783,12670,228,12898,183
2021-02-21,Yuba,115,75493,5450,5396,85,5481,38
2021-02-20,Alameda,001,1643700,80120,79496,1789,81285,1055
2021-02-20,Alpine,003,1148,79,77,0,77,0
2021-02-20,Amador,005,37829,3452,3432,31,3463,39
2021-02-20,Butte,007,227075,11206,10838,1670,12508,176
2021-02-20,Calaveras,009,45235,1892,1858,12,1870,21
2021-02-20,Colusa,011,21464,1862,1858,266,2124,11
2021-02-20,Contra Costa,013,1133247,62465,61205,1114,62319,663
2021-02-20,Del Norte,015,27424,964,937,0,937,3
2021-02-20,El Dorado,017,186661,9029,8911,627,9538,96
2021-02-20,Fresno,019,978130,95149,94234,7874,102108,1341
2021-02-20,Glenn,021,27897,2221,2199,502,2701,14
2021-02-20,Humboldt,023,135768,3105,3073,21,3094,29
2021-02-20,Imperial,025,180216,27038,26771,2610,29381,590
2021-02-20,Inyo,027,18085,1274,1226,2,1228,32
2021-02-20,Kern,029,883053,92482,91025,9989,101014,968
2021-02-20,Kings,031,150075,21991,21773,1042,22815,212
2021-02-20,Lake,033,64148,3145,3089,6,3095,40
2021-02-20,Lassen,035,31185,5096,5067,97,5164,1
2021-02-20,Los Angeles,037,10098052,1164593,1145594,40894,1186488,19630
2021-02-20,Madera,039,155013,15446,15274,827,16101,191
2021-02-20,Marin,041,260295,13058,12945,161,13106,211
2021-02-20,Mariposa,043,17540,376,372,5,377,4
2021-02-20,Mendocino,045,87422,3605,3533,68,3601,40
2021-02-20,Merced,047,269075,28106,28066,874,28940,379
2021-02-20,Modoc,049,8938,337,328,114,442,3
2021-02-20,Mono,051,14174,1167,1187,12,1199,3
2021-02-20,Monterey,053,433212,41648,41313,1722,43035,309
2021-02-20,Napa,055,140530,8968,8910,32,8942,69
2021-02-20,Nevada,057,99092,3949,3887,160,4047,66
2021-02-20,Orange,059,3164182,245490,243761,10468,254229,3755
2021-02-20,Placer,061,380077,20295,19509,1125,20634,236
2021-02-20,Plumas,063,18699,638,626,11,637,4
2021-02-20,Riverside,065,2383286,282058,277267,13955,291222,3559
2021-02-20,Sacramento,067,1510023,93550,92057,1239,93296,1352
2021-02-20,San Benito,069,59416,5707,5709,90,5799,57
2021-02-20,San Bernardino,071,2135413,284541,279608,8937,288545,3203
2021-02-20,San Diego,073,3302833,261861,256510,12653,269163,3188
2021-02-20,San Francisco,075,870044,33886,33820,1121,34941,399
2021-02-20,San Joaquin,077,732212,66119,64916,2848,67764,1001
2021-02-20,San Luis Obispo,079,281455,19403,19138,568,19706,229
2021-02-20,San Mateo,081,765935,39250,38371,410,38781,282
2021-02-20,Santa Barbara,083,443738,32064,31289,1138,32427,396
2021-02-20,Santa Clara,085,1922200,109004,108728,572,109300,1649
2021-02-20,Santa Cruz,087,273765,15236,14378,831,15209,176
2021-02-20,Shasta,089,179085,10872,10850,1230,12080,146
2021-02-20,Sierra,091,2930,49,47,14,61,0
2021-02-20,Siskiyou,093,43540,1457,1366,241,1607,4
2021-02-20,Solano,095,438530,29624,29440,357,29797,150
2021-02-20,Sonoma,097,501317,27751,27703,192,27895,278
2021-02-20,Stanislaus,099,539301,50012,49445,5477,54922,733
2021-02-20,Sutter,101,95872,8796,8681,84,8765,97
2021-02-20,Tehama,103,63373,4548,4545,512,5057,30
2021-02-20,Trinity,105,12862,387,285,57,342,3
2021-02-20,Tulare,107,460477,47422,46769,8269,55038,739
2021-02-20,Tuolumne,109,53932,3866,3823,32,3855,53
2021-02-20,Ventura,111,848112,76942,76757,2844,79601,671
2021-02-20,Yolo,113,214977,12769,12639,227,12866,183
2021-02-20,Yuba,115,75493,5447,5386,85,5471,38
2021-02-19,Alameda,001,1643700,80013,79318,1785,81103,1047
2021-02-19,Alpine,003,1148,79,77,0,77,0
2021-02-19,Amador,005,37829,3448,3427,31,3458,39
2021-02-19,Butte,007,227075,11196,10823,1665,12488,176
2021-02-19,Calaveras,009,45235,1891,1856,12,1868,21
2021-02-19,Colusa,011,21464,1862,1858,266,2124,11
2021-02-19,Contra Costa,013,1133247,62357,61017,1112,62129,651
2021-02-19,Del Norte,015,27424,959,932,0,932,2
2021-02-19,El Dorado,017,186661,9020,8882,626,9508,96
2021-02-19,Fresno,019,978130,95021,93973,7855,101828,1330
2021-02-19,Glenn,021,27897,2216,2199,501,2700,14
2021-02-19,Humboldt,023,135768,3093,3037,21,3058,29
2021-02-19,Imperial,025,180216,27033,26751,2607,29358,589
2021-02-19,Inyo,027,18085,1269,1212,2,1214,32
2021-02-19,Kern,029,883053,92413,90807,9946,100753,963
2021-02-19,Kings,031,150075,21977,21724,1039,22763,211
2021-02-19,Lake,033,64148,3139,3078,6,3084,40
2021-02-19,Lassen,035,31185,5095,5057,97,5154,1
2021-02-19,Los Angeles,037,10098052,1163849,1143828,40851,1184679,19498
2021-02-19,Madera,039,155013,15429,15222,825,16047,188
2021-02-19,Marin,041,260295,13034,12919,159,13078,210
2021-02-19,Mariposa,043,17540,376,371,5,376,4
2021-02-19,Mendocino,045,87422,3603,3526,68,3594,39
2021-02-19,Merced,047,269075,28075,27985,871,28856,376
2021-02-19,Modoc,049,8938,337,328,114,442,3
2021-02-19,Mono,051,14174,1167,1186,12,1198,3
2021-02-19,Monterey,053,433212,41619,41209,1718,42927,309
2021-02-19,Napa,055,140530,8957,8899,32,8931,69
2021-02-19,Nevada,057,99092,3943,3863,160,4023,66
2021-02-19,Orange,059,3164182,245310,243397,10454,253851,3715
2021-02-19,Placer,061,380077,20273,19457,1125,20582,236
2021-02-19,Plumas,063,18699,636,624,11,635,4
2021-02-19,Riverside,065,2383286,281886,276941,13938,290879,3541
2021-02-19,Sacramento,067,1510023,93429,91815,1235,93050,1351
2021-02-19,San Benito,069,59416,5702,5699,90,5789,57
2021-02-19,San Bernardino,071,2135413,284415,279209,8931,288140,3117
2021-02-19,San Diego,073,3302833,261571,255799,12630,268429,3169
2021-02-19,San Francisco,075,870044,33838,33746,1115,34861,387
2021-02-19,San Joaquin,077,732212,66048,64774,2839,67613,988
2021-02-19,San Luis Obispo,079,281455,19373,19061,566,19627,230
2021-02-19,San Mateo,081,765935,39192,38256,408,38664,282
2021-02-19,Santa Barbara,083,443738,32000,31204,1137,32341,392
2021-02-19,Santa Clara,085,1922200,108791,108400,570,108970,1634
2021-02-19,Santa Cruz,087,273765,15221,14354,831,15185,176
2021-02-19,Shasta,089,179085,10860,10833,1227,12060,140
2021-02-19,Sierra,091,2930,49,47,14,61,0
2021-02-19,Siskiyou,093,43540,1453,1363,239,1602,4
2021-02-19,Solano,095,438530,29593,29383,356,29739,150
2021-02-19,Sonoma,097,501317,27703,27595,190,27785,280
2021-02-19,Stanislaus,099,539301,49951,49282,5461,54743,739
2021-02-19,Sutter,101,95872,8786,8665,84,8749,96
2021-02-19,Tehama,103,63373,4546,4535,512,5047,30
2021-02-19,Trinity,105,12862,386,282,54,336,3
2021-02-19,Tulare,107,460477,47378,46662,8241,54903,736
2021-02-19,Tuolumne,109,53932,3860,3817,31,3848,52
2021-02-19,Ventura,111,848112,76862,76582,2841,79423,667
2021-02-19,Yolo,113,214977,12753,12606,227,12833,183
2021-02-19,Yuba,115,75493,5437,5376,85,5461,38
2021-02-18,Alameda,001,1643700,79865,79111,1778,80889,1012
2021-02-18,Alpine,003,1148,79,77,0,77,0
2021-02-18,Amador,005,37829,3444,3417,30,3447,38
2021-02-18,Butte,007,227075,11178,10791,1662,12453,175
2021-02-18,Calaveras,009,45235,1886,1873,12,1885,21
2021-02-18,Colusa,011,21464,1860,1856,264,2120,11
2021-02-18,Contra Costa,013,1133247,62246,60868,1111,61979,640
2021-02-18,Del Norte,015,27424,954,929,0,929,2
2021-02-18,El Dorado,017,186661,9006,8850,625,9475,94
2021-02-18,Fresno,019,978130,94853,93734,7828,101562,1323
2021-02-18,Glenn,021,27897,2210,2195,501,2696,14
2021-02-18,Humboldt,023,135768,3081,3023,21,3044,29
2021-02-18,Imperial,025,180216,27007,26731,2602,29333,591
2021-02-18,Inyo,027,18085,1265,1213,1,1214,32
2021-02-18,Kern,029,883053,92257,90655,9916,100571,961
2021-02-18,Kings,031,150075,21956,21648,1037,22685,211
2021-02-18,Lake,033,64148,3131,3066,6,3072,40
2021-02-18,Lassen,035,31185,5086,5052,97,5149,1
2021-02-18,Los Angeles,037,10098052,1162894,1141930,40783,1182713,19358
2021-02-18,Madera,039,155013,15408,15175,820,15995,188
2021-02-18,Marin,041,260295,13020,12895,159,13054,209
2021-02-18,Mariposa,043,17540,375,369,5,374,4
2021-02-18,Mendocino,045,87422,3600,3519,67,3586,39
2021-02-18,Merced,047,269075,28025,27870,865,28735,372
2021-02-18,Modoc,049,8938,335,327,113,440,3
2021-02-18,Mono,051,14174,1167,1182,12,1194,3
2021-02-18,Monterey,053,433212,41556,41091,1709,42800,307
2021-02-18,Napa,055,140530,8940,8877,32,8909,68
2021-02-18,Nevada,057,99092,3934,3836,159,3995,66
2021-02-18,Orange,059,3164182,245092,243098,10435,253533,3673
2021-02-18,Placer,061,380077,20246,19429,1124,20553,232
2021-02-18,Plumas,063,18699,636,624,11,635,4
2021-02-18,Riverside,065,2383286,281607,276595,13917,290512,3510
2021-02-18,Sacramento,067,1510023,93268,91476,1229,92705,1334
2021-02-18,San Benito,069,59416,5699,5697,89,5786,58
2021-02-18,San Bernardino,071,2135413,284205,278887,8916,287803,3066
2021-02-18,San Diego,073,3302833,261217,254987,12607,267594,3135
2021-02-18,San Francisco,075,870044,33780,33650,1112,34762,386
2021-02-18,San Joaquin,077,732212,65963,64634,2828,67462,982
2021-02-18,San Luis Obispo,079,281455,19331,18987,563,19550,230
2021-02-18,San Mateo,081,765935,39130,38185,404,38589,282
2021-02-18,Santa Barbara,083,443738,31921,31054,1129,32183,387
2021-02-18,Santa Clara,085,1922200,108565,108210,567,108777,1605
2021-02-18,Santa Cruz,087,273765,15195,14314,831,15145,176
2021-02-18,Shasta,089,179085,10840,10811,1224,12035,139
2021-02-18,Sierra,091,2930,48,47,14,61,0
2021-02-18,Siskiyou,093,43540,1448,1359,238,1597,4
2021-02-18,Solano,095,438530,29566,29349,355,29704,150
2021-02-18,Sonoma,097,501317,27635,27512,189,27701,281
2021-02-18,Stanislaus,099,539301,49854,49150,5446,54596,738
2021-02-18,Sutter,101,95872,8778,8654,84,8738,96
2021-02-18,Tehama,103,63373,4543,4528,511,5039,30
2021-02-18,Trinity,105,12862,385,282,54,336,3
2021-02-18,Tulare,107,460477,47319,46591,8199,54790,728
2021-02-18,Tuolumne,109,53932,3823,3811,31,3842,52
2021-02-18,Ventura,111,848112,76731,76442,2831,79273,659
2021-02-18,Yolo,113,214977,12726,12549,224,12773,183
2021-02-18,Yuba,115,75493,5420,5358,85,5443,38
2021-02-17,Alameda,001,1643700,79704,78895,1776,80671,1002
2021-02-17,Alpine,003,1148,79,77,0,77,0
2021-02-17,Amador,005,37829,3440,3415,30,3445,38
2021-02-17,Butte,007,227075,11160,10770,1659,12429,174
2021-02-17,Calaveras,009,45235,1886,1876,12,1888,21
2021-02-17,Colusa,011,21464,1857,1854,264,2118,10
2021-02-17,Contra Costa,013,1133247,62105,60723,1108,61831,635
2021-02-17,Del Norte,015,27424,948,920,0,920,2
2021-02-17,El Dorado,017,186661,8994,8847,625,9472,94
2021-02-17,Fresno,019,978130,94715,93555,7801,101356,1307
2021-02-17,Glenn,021,27897,2210,2189,500,2689,14
2021-02-17,Humboldt,023,135768,3066,3006,21,3027,29
2021-02-17,Imperial,025,180216,26992,26726,2600,29326,580
2021-02-17,Inyo,027,18085,1257,1197,1,1198,32
2021-02-17,Kern,029,883053,92138,90454,9869,100323,962
2021-02-17,Kings,031,150075,21919,21617,1033,22650,211
2021-02-17,Lake,033,64148,3120,3057,2,3059,38
2021-02-17,Lassen,035,31185,5081,5052,96,5148,1
2021-02-17,Los Angeles,037,10098052,1161848,1139786,40716,1180502,19213
2021-02-17,Madera,039,155013,15382,15135,811,15946,177
2021-02-17,Marin,041,260295,12994,12881,159,13040,207
2021-02-17,Mariposa,043,17540,375,368,4,372,4
2021-02-17,Mendocino,045,87422,3598,3494,66,3560,39
2021-02-17,Merced,047,269075,27971,27824,856,28680,372
2021-02-17,Modoc,049,8938,335,327,113,440,3
2021-02-17,Mono,051,14174,1167,1180,12,1192,3
2021-02-17,Monterey,053,433212,41502,41014,1697,42711,304
2021-02-17,Napa,055,140530,8926,8865,32,8897,68
2021-02-17,Nevada,057,99092,3915,3822,156,3978,52
2021-02-17,Orange,059,3164182,244826,242716,10401,253117,3626
2021-02-17,Placer,061,380077,20213,19405,1120,20525,230
2021-02-17,Plumas,063,18699,635,623,11,634,4
2021-02-17,Riverside,065,2383286,281332,276289,13894,290183,3491
2021-02-17,Sacramento,067,1510023,93111,91309,1222,92531,1326
2021-02-17,San Benito,069,59416,5693,5661,89,5750,57
2021-02-17,San Bernardino,071,2135413,284001,278461,8896,287357,3020
2021-02-17,San Diego,073,3302833,260841,254177,12586,266763,3099
2021-02-17,San Francisco,075,870044,33704,33558,1107,34665,379
2021-02-17,San Joaquin,077,732212,65863,64556,2821,67377,979
2021-02-17,San Luis Obispo,079,281455,19286,18964,563,19527,230
2021-02-17,San Mateo,081,765935,39065,38124,402,38526,282
2021-02-17,Santa Barbara,083,443738,31853,30927,1128,32055,384
2021-02-17,Santa Clara,085,1922200,108333,107949,565,108514,1592
2021-02-17,Santa Cruz,087,273765,15162,14268,828,15096,174
2021-02-17,Shasta,089,179085,10820,10770,1223,11993,139
2021-02-17,Sierra,091,2930,48,47,14,61,0
2021-02-17,Siskiyou,093,43540,1442,1352,235,1587,4
2021-02-17,Solano,095,438530,29511,29288,355,29643,149
2021-02-17,Sonoma,097,501317,27561,27408,184,27592,281
2021-02-17,Stanislaus,099,539301,49745,49050,5429,54479,730
2021-02-17,Sutter,101,95872,8768,8681,84,8765,95
2021-02-17,Tehama,103,63373,4539,4511,510,5021,30
2021-02-17,Trinity,105,12862,385,277,52,329,3
2021-02-17,Tulare,107,460477,47258,46495,8168,54663,726
2021-02-17,Tuolumne,109,53932,3814,3806,31,3837,49
2021-02-17,Ventura,111,848112,76606,76234,2824,79058,646
2021-02-17,Yolo,113,214977,12709,12506,222,12728,182
2021-02-17,Yuba,115,75493,5411,5345,85,5430,38
2021-02-16,Alameda,001,1643700,79530,78756,1772,80528,997
2021-02-16,Alpine,003,1148,79,76,0,76,0
2021-02-16,Amador,005,37829,3433,3413,30,3443,39
2021-02-16,Butte,007,227075,11133,10748,1656,12404,164
2021-02-16,Calaveras,009,45235,1884,1872,12,1884,21
2021-02-16,Colusa,011,21464,1854,1852,262,2114,10
2021-02-16,Contra Costa,013,1133247,61957,60564,1103,61667,631
2021-02-16,Del Norte,015,27424,940,913,0,913,2
2021-02-16,El Dorado,017,186661,8984,8836,624,9460,94
2021-02-16,Fresno,019,978130,94553,93363,7770,101133,1293
2021-02-16,Glenn,021,27897,2201,2189,495,2684,14
2021-02-16,Humboldt,023,135768,3042,2994,21,3015,29
2021-02-16,Imperial,025,180216,26979,26711,2596,29307,580
2021-02-16,Inyo,027,18085,1249,1191,1,1192,32
2021-02-16,Kern,029,883053,92006,90267,9836,100103,959
2021-02-16,Kings,031,150075,21873,21583,1029,22612,206
2021-02-16,Lake,033,64148,3111,3041,2,3043,38
2021-02-16,Lassen,035,31185,5069,5047,96,5143,1
2021-02-16,Los Angeles,037,10098052,1160606,1138262,40652,1178914,19044
2021-02-16,Madera,039,155013,15343,15120,807,15927,172
2021-02-16,Marin,041,260295,12970,12832,159,12991,205
2021-02-16,Mariposa,043,17540,375,367,4,371,4
2021-02-16,Mendocino,045,87422,3594,3489,66,3555,39
2021-02-16,Merced,047,269075,27899,27724,849,28573,368
2021-02-16,Modoc,049,8938,335,326,113,439,3
2021-02-16,Mono,051,14174,1167,1180,12,1192,3
2021-02-16,Monterey,053,433212,41428,40962,1688,42650,303
2021-02-16,Napa,055,140530,8913,8854,32,8886,66
2021-02-16,Nevada,057,99092,3902,3774,155,3929,47
2021-02-16,Orange,059,3164182,244503,242382,10385,252767,3612
2021-02-16,Placer,061,380077,20181,19367,1117,20484,230
2021-02-16,Plumas,063,18699,635,619,11,630,4
2021-02-16,Riverside,065,2383286,281029,275954,13871,289825,3471
2021-02-16,Sacramento,067,1510023,92858,91246,1215,92461,1305
2021-02-16,San Benito,069,59416,5685,5659,88,5747,56
2021-02-16,San Bernardino,071,2135413,283778,277947,8885,286832,2978
2021-02-16,San Diego,073,3302833,260379,253638,12548,266186,3042
2021-02-16,San Francisco,075,870044,33633,33491,1102,34593,373
2021-02-16,San Joaquin,077,732212,65743,64448,2817,67265,979
2021-02-16,San Luis Obispo,079,281455,19241,18925,560,19485,229
2021-02-16,San Mateo,081,765935,39006,38041,400,38441,277
2021-02-16,Santa Barbara,083,443738,31780,30865,1124,31989,378
2021-02-16,Santa Clara,085,1922200,108081,107754,562,108316,1591
2021-02-16,Santa Cruz,087,273765,15143,14256,826,15082,174
2021-02-16,Shasta,089,179085,10804,10736,1221,11957,139
2021-02-16,Sierra,091,2930,48,47,14,61,0
2021-02-16,Siskiyou,093,43540,1438,1351,235,1586,4
2021-02-16,Solano,095,438530,29471,29246,354,29600,148
2021-02-16,Sonoma,097,501317,27499,27380,178,27558,279
2021-02-16,Stanislaus,099,539301,49627,48927,5412,54339,716
2021-02-16,Sutter,101,95872,8745,8671,84,8755,95
2021-02-16,Tehama,103,63373,4530,4501,509,5010,30
2021-02-16,Trinity,105,12862,381,275,52,327,3
2021-02-16,Tulare,107,460477,47194,46444,8122,54566,716
2021-02-16,Tuolumne,109,53932,3812,3796,31,3827,49
2021-02-16,Ventura,111,848112,76461,76043,2820,78863,631
2021-02-16,Yolo,113,214977,12678,12457,222,12679,175
2021-02-16,Yuba,115,75493,5404,5332,84,5416,38
2021-02-15,Alameda,001,1643700,79330,78647,1761,80408,996
2021-02-15,Alpine,003,1148,79,76,0,76,0
2021-02-15,Amador,005,37829,3429,3409,30,3439,39
2021-02-15,Butte,007,227075,11115,10723,1652,12375,155
2021-02-15,Calaveras,009,45235,1881,1871,12,1883,21
2021-02-15,Colusa,011,21464,1854,1849,258,2107,10
2021-02-15,Contra Costa,013,1133247,61782,60444,1096,61540,631
2021-02-15,Del Norte,015,27424,936,913,0,913,2
2021-02-15,El Dorado,017,186661,8967,8816,624,9440,94
2021-02-15,Fresno,019,978130,94354,93231,7732,100963,1288
2021-02-15,Glenn,021,27897,2198,2185,492,2677,14
2021-02-15,Humboldt,023,135768,3035,2997,21,3018,29
2021-02-15,Imperial,025,180216,26961,26700,2591,29291,580
2021-02-15,Inyo,027,18085,1230,1184,1,1185,32
2021-02-15,Kern,029,883053,91862,90181,9803,99984,959
2021-02-15,Kings,031,150075,21828,21574,1025,22599,205
2021-02-15,Lake,033,64148,3097,3030,1,3031,38
2021-02-15,Lassen,035,31185,5067,5047,95,5142,1
2021-02-15,Los Angeles,037,10098052,1159218,1137164,40588,1177752,18925
2021-02-15,Madera,039,155013,15312,15108,806,15914,106
2021-02-15,Marin,041,260295,12950,12810,156,12966,203
2021-02-15,Mariposa,043,17540,373,367,4,371,4
2021-02-15,Mendocino,045,87422,3582,3481,66,3547,39
2021-02-15,Merced,047,269075,27824,27656,842,28498,368
2021-02-15,Modoc,049,8938,335,326,113,439,3
2021-02-15,Mono,051,14174,1164,1178,12,1190,3
2021-02-15,Monterey,053,433212,41367,40911,1674,42585,302
2021-02-15,Napa,055,140530,8899,8837,32,8869,57
2021-02-15,Nevada,057,99092,3885,3767,154,3921,47
2021-02-15,Orange,059,3164182,244184,242176,10357,252533,3586
2021-02-15,Placer,061,380077,20155,19361,1116,20477,230
2021-02-15,Plumas,063,18699,635,620,11,631,4
2021-02-15,Riverside,065,2383286,280683,275771,13856,289627,3468
2021-02-15,Sacramento,067,1510023,92531,91091,1210,92301,1304
2021-02-15,San Benito,069,59416,5676,5649,88,5737,56
2021-02-15,San Bernardino,071,2135413,283523,277869,8877,286746,2945
2021-02-15,San Diego,073,3302833,259867,252940,12516,265456,3037
2021-02-15,San Francisco,075,870044,33560,33454,1094,34548,373
2021-02-15,San Joaquin,077,732212,65578,64382,2810,67192,979
2021-02-15,San Luis Obispo,079,281455,19188,18891,558,19449,227
2021-02-15,San Mateo,081,765935,38929,37969,397,38366,277
2021-02-15,Santa Barbara,083,443738,31678,30810,1121,31931,378
2021-02-15,Santa Clara,085,1922200,107847,107630,560,108190,1588
2021-02-15,Santa Cruz,087,273765,15111,14239,823,15062,175
2021-02-15,Shasta,089,179085,10784,10730,1216,11946,139
2021-02-15,Sierra,091,2930,48,47,14,61,0
2021-02-15,Siskiyou,093,43540,1430,1345,234,1579,4
2021-02-15,Solano,095,438530,29416,29225,354,29579,148
2021-02-15,Sonoma,097,501317,27414,27359,174,27533,276
2021-02-15,Stanislaus,099,539301,49503,48808,5398,54206,716
2021-02-15,Sutter,101,95872,8730,8652,84,8736,95
2021-02-15,Tehama,103,63373,4519,4492,507,4999,30
2021-02-15,Trinity,105,12862,380,274,52,326,3
2021-02-15,Tulare,107,460477,47121,46344,8082,54426,715
2021-02-15,Tuolumne,109,53932,3802,3794,31,3825,49
2021-02-15,Ventura,111,848112,76305,75889,2817,78706,629
2021-02-15,Yolo,113,214977,12642,12412,215,12627,175
2021-02-15,Yuba,115,75493,5387,5320,83,5403,38
2021-02-14,Alameda,001,1643700,79173,78442,1760,80202,995
2021-02-14,Alpine,003,1148,79,76,0,76,0
2021-02-14,Amador,005,37829,3424,3398,30,3428,39
2021-02-14,Butte,007,227075,11091,10717,1647,12364,155
2021-02-14,Calaveras,009,45235,1878,1866,12,1878,21
2021-02-14,Colusa,011,21464,1850,1845,255,2100,10
2021-02-14,Contra Costa,013,1133247,61634,60272,1093,61365,631
2021-02-14,Del Norte,015,27424,932,911,0,911,2
2021-02-14,El Dorado,017,186661,8937,8790,622,9412,94
2021-02-14,Fresno,019,978130,94185,93065,7707,100772,1287
2021-02-14,Glenn,021,27897,2196,2184,492,2676,14
2021-02-14,Humboldt,023,135768,3022,2992,21,3013,29
2021-02-14,Imperial,025,180216,26953,26696,2590,29286,580
2021-02-14,Inyo,027,18085,1224,1177,1,1178,32
2021-02-14,Kern,029,883053,91704,90038,9748,99786,959
2021-02-14,Kings,031,150075,21802,21538,1023,22561,205
2021-02-14,Lake,033,64148,3088,3030,1,3031,38
2021-02-14,Lassen,035,31185,5063,5037,95,5132,1
2021-02-14,Los Angeles,037,10098052,1157881,1135450,40500,1175950,18898
2021-02-14,Madera,039,155013,15280,15089,802,15891,106
2021-02-14,Marin,041,260295,12926,12784,156,12940,201
2021-02-14,Mariposa,043,17540,373,365,4,369,4
2021-02-14,Mendocino,045,87422,3577,3475,66,3541,39
2021-02-14,Merced,047,269075,27747,27601,836,28437,368
2021-02-14,Modoc,049,8938,335,326,113,439,3
2021-02-14,Mono,051,14174,1163,1180,12,1192,3
2021-02-14,Monterey,053,433212,41317,40842,1670,42512,302
2021-02-14,Napa,055,140530,8879,8826,32,8858,57
2021-02-14,Nevada,057,99092,3869,3761,154,3915,47
2021-02-14,Orange,059,3164182,243876,241859,10336,252195,3564
2021-02-14,Placer,061,380077,20116,19313,1111,20424,230
2021-02-14,Plumas,063,18699,634,620,11,631,4
2021-02-14,Riverside,065,2383286,280369,275518,13835,289353,3471
2021-02-14,Sacramento,067,1510023,92324,90856,1206,92062,1304
2021-02-14,San Benito,069,59416,5668,5641,87,5728,56
2021-02-14,San Bernardino,071,2135413,283206,277664,8858,286522,2929
2021-02-14,San Diego,073,3302833,259375,252247,12468,264715,3037
2021-02-14,San Francisco,075,870044,33488,33374,1084,34458,372
2021-02-14,San Joaquin,077,732212,65479,64243,2796,67039,979
2021-02-14,San Luis Obispo,079,281455,19150,18868,555,19423,225
2021-02-14,San Mateo,081,765935,38845,37859,397,38256,277
2021-02-14,Santa Barbara,083,443738,31586,30744,1117,31861,377
2021-02-14,Santa Clara,085,1922200,107647,107412,556,107968,1582
2021-02-14,Santa Cruz,087,273765,15083,14225,818,15043,175
2021-02-14,Shasta,089,179085,10754,10720,1210,11930,139
2021-02-14,Sierra,091,2930,48,47,14,61,0
2021-02-14,Siskiyou,093,43540,1426,1340,234,1574,4
2021-02-14,Solano,095,438530,29378,29150,350,29500,148
2021-02-14,Sonoma,097,501317,27337,27266,172,27438,276
2021-02-14,Stanislaus,099,539301,49397,48672,5382,54054,716
2021-02-14,Sutter,101,95872,8707,8642,84,8726,95
2021-02-14,Tehama,103,63373,4511,4490,505,4995,30
2021-02-14,Trinity,105,12862,380,272,52,324,3
2021-02-14,Tulare,107,460477,47046,46263,8027,54290,715
2021-02-14,Tuolumne,109,53932,3801,3764,31,3795,49
2021-02-14,Ventura,111,848112,76130,75742,2806,78548,629
2021-02-14,Yolo,113,214977,12613,12399,214,12613,175
2021-02-14,Yuba,115,75493,5377,5314,83,5397,38
2021-02-13,Alameda,001,1643700,79055,78246,1757,80003,995
2021-02-13,Alpine,003,1148,79,76,0,76,0
2021-02-13,Amador,005,37829,3421,3387,30,3417,38
2021-02-13,Butte,007,227075,11075,10699,1646,12345,155
2021-02-13,Calaveras,009,45235,1874,1863,12,1875,21
2021-02-13,Colusa,011,21464,1850,1837,255,2092,10
2021-02-13,Contra Costa,013,1133247,61514,60100,1093,61193,629
2021-02-13,Del Norte,015,27424,930,908,0,908,2
2021-02-13,El Dorado,017,186661,8926,8758,621,9379,93
2021-02-13,Fresno,019,978130,94073,92807,7683,100490,1287
2021-02-13,Glenn,021,27897,2195,2182,492,2674,14
2021-02-13,Humboldt,023,135768,3009,2974,20,2994,29
2021-02-13,Imperial,025,180216,26946,26680,2588,29268,580
2021-02-13,Inyo,027,18085,1220,1168,1,1169,32
2021-02-13,Kern,029,883053,91615,89915,9723,99638,957
2021-02-13,Kings,031,150075,21787,21513,1021,22534,205
2021-02-13,Lake,033,64148,3082,3025,1,3026,37
2021-02-13,Lassen,035,31185,5060,5028,95,5123,1
2021-02-13,Los Angeles,037,10098052,1157024,1133752,40451,1174203,18822
2021-02-13,Madera,039,155013,15271,15053,797,15850,106
2021-02-13,Marin,041,260295,12905,12757,156,12913,201
2021-02-13,Mariposa,043,17540,373,365,4,369,4
2021-02-13,Mendocino,045,87422,3567,3466,66,3532,38
2021-02-13,Merced,047,269075,27703,27541,833,28374,368
2021-02-13,Modoc,049,8938,335,325,113,438,3
2021-02-13,Mono,051,14174,1163,1176,12,1188,3
2021-02-13,Monterey,053,433212,41286,40731,1668,42399,301
2021-02-13,Napa,055,140530,8870,8809,32,8841,57
2021-02-13,Nevada,057,99092,3860,3742,153,3895,47
2021-02-13,Orange,059,3164182,243672,241545,10315,251860,3520
2021-02-13,Placer,061,380077,20096,19214,1111,20325,230
2021-02-13,Plumas,063,18699,634,616,11,627,4
2021-02-13,Riverside,065,2383286,280140,275276,13825,289101,3462
2021-02-13,Sacramento,067,1510023,92157,90401,1203,91604,1302
2021-02-13,San Benito,069,59416,5654,5633,87,5720,56
2021-02-13,San Bernardino,071,2135413,283054,277405,8846,286251,2899
2021-02-13,San Diego,073,3302833,259045,251679,12456,264135,3009
2021-02-13,San Francisco,075,870044,33439,33291,1073,34364,364
2021-02-13,San Joaquin,077,732212,65411,64105,2786,66891,977
2021-02-13,San Luis Obispo,079,281455,19122,18803,549,19352,225
2021-02-13,San Mateo,081,765935,38792,37745,397,38142,277
2021-02-13,Santa Barbara,083,443738,31535,30594,1115,31709,374
2021-02-13,Santa Clara,085,1922200,107462,107125,552,107677,1570
2021-02-13,Santa Cruz,087,273765,15056,14198,817,15015,173
2021-02-13,Shasta,089,179085,10742,10713,1205,11918,139
2021-02-13,Sierra,091,2930,48,47,14,61,0
2021-02-13,Siskiyou,093,43540,1423,1336,234,1570,4
2021-02-13,Solano,095,438530,29342,29084,350,29434,148
2021-02-13,Sonoma,097,501317,27291,27157,170,27327,276
2021-02-13,Stanislaus,099,539301,49328,48568,5376,53944,697
2021-02-13,Sutter,101,95872,8695,8626,84,8710,94
2021-02-13,Tehama,103,63373,4502,4484,504,4988,30
2021-02-13,Trinity,105,12862,379,272,51,323,3
2021-02-13,Tulare,107,460477,47002,46162,7990,54152,709
2021-02-13,Tuolumne,109,53932,3800,3752,31,3783,49
2021-02-13,Ventura,111,848112,75993,75481,2800,78281,618
2021-02-13,Yolo,113,214977,12601,12374,213,12587,175
2021-02-13,Yuba,115,75493,5369,5289,83,5372,38
2021-02-12,Alameda,001,1643700,78920,77958,1751,79709,974
2021-02-12,Alpine,003,1148,79,76,0,76,0
2021-02-12,Amador,005,37829,3417,3381,30,3411,38
2021-02-12,Butte,007,227075,11060,10655,1639,12294,155
2021-02-12,Calaveras,009,45235,1871,1860,12,1872,21
2021-02-12,Colusa,011,21464,1850,1836,255,2091,10
2021-02-12,Contra Costa,013,1133247,61364,59878,1089,60967,620
2021-02-12,Del Norte,015,27424,920,901,0,901,2
2021-02-12,El Dorado,017,186661,8910,8725,618,9343,92
2021-02-12,Fresno,019,978130,93920,92520,7662,100182,1273
2021-02-12,Glenn,021,27897,2192,2175,492,2667,14
2021-02-12,Humboldt,023,135768,3001,2961,20,2981,29
2021-02-12,Imperial,025,180216,26937,26646,2586,29232,585
2021-02-12,Inyo,027,18085,1214,1156,1,1157,32
2021-02-12,Kern,029,883053,91505,89532,9687,99219,949
2021-02-12,Kings,031,150075,21756,21462,1015,22477,202
2021-02-12,Lake,033,64148,3078,3012,1,3013,36
2021-02-12,Lassen,035,31185,5058,5015,95,5110,1
2021-02-12,Los Angeles,037,10098052,1155822,1131185,40380,1171565,18637
2021-02-12,Madera,039,155013,15244,15022,794,15816,106
2021-02-12,Marin,041,260295,12879,12720,156,12876,200
2021-02-12,Mariposa,043,17540,372,365,4,369,4
2021-02-12,Mendocino,045,87422,3565,3447,66,3513,38
2021-02-12,Merced,047,269075,27652,27453,830,28283,367
2021-02-12,Modoc,049,8938,335,324,113,437,3
2021-02-12,Mono,051,14174,1162,1172,12,1184,3
2021-02-12,Monterey,053,433212,41239,40633,1659,42292,297
2021-02-12,Napa,055,140530,8858,8785,32,8817,55
2021-02-12,Nevada,057,99092,3855,3728,153,3881,47
2021-02-12,Orange,059,3164182,243434,241075,10299,251374,3505
2021-02-12,Placer,061,380077,20055,19174,1106,20280,230
2021-02-12,Plumas,063,18699,633,614,11,625,4
2021-02-12,Riverside,065,2383286,279866,274792,13807,288599,3438
2021-02-12,Sacramento,067,1510023,91953,90252,1202,91454,1295
2021-02-12,San Benito,069,59416,5638,5622,86,5708,56
2021-02-12,San Bernardino,071,2135413,282861,276890,8834,285724,2827
2021-02-12,San Diego,073,3302833,258663,250788,12430,263218,2979
2021-02-12,San Francisco,075,870044,33380,33179,1069,34248,359
2021-02-12,San Joaquin,077,732212,65317,63966,2778,66744,975
2021-02-12,San Luis Obispo,079,281455,19081,18687,548,19235,224
2021-02-12,San Mateo,081,765935,38720,37560,397,37957,254
2021-02-12,Santa Barbara,083,443738,31464,30454,1110,31564,372
2021-02-12,Santa Clara,085,1922200,107293,106759,549,107308,1543
2021-02-12,Santa Cruz,087,273765,15036,14147,817,14964,170
2021-02-12,Shasta,089,179085,10724,10693,1195,11888,142
2021-02-12,Sierra,091,2930,47,45,14,59,0
2021-02-12,Siskiyou,093,43540,1419,1324,231,1555,4
2021-02-12,Solano,095,438530,29310,28996,347,29343,147
2021-02-12,Sonoma,097,501317,27237,27064,166,27230,275
2021-02-12,Stanislaus,099,539301,49245,48418,5351,53769,697
2021-02-12,Sutter,101,95872,8681,8609,84,8693,93
2021-02-12,Tehama,103,63373,4494,4470,503,4973,27
2021-02-12,Trinity,105,12862,379,269,51,320,3
2021-02-12,Tulare,107,460477,46924,46016,7963,53979,710
2021-02-12,Tuolumne,109,53932,3798,3736,30,3766,49
2021-02-12,Ventura,111,848112,75826,75210,2792,78002,605
2021-02-12,Yolo,113,214977,12581,12340,213,12553,175
2021-02-12,Yuba,115,75493,5361,5274,83,5357,38
2021-02-11,Alameda,001,1643700,78692,77564,1746,79310,960
2021-02-11,Alpine,003,1148,78,76,0,76,0
2021-02-11,Amador,005,37829,3413,3368,30,3398,35
2021-02-11,Butte,007,227075,11036,10624,1637,12261,155
2021-02-11,Calaveras,009,45235,1868,1856,12,1868,21
2021-02-11,Colusa,011,21464,1845,1823,253,2076,10
2021-02-11,Contra Costa,013,1133247,61197,59633,1085,60718,605
2021-02-11,Del Norte,015,27424,915,894,0,894,2
2021-02-11,El Dorado,017,186661,8889,8698,618,9316,92
2021-02-11,Fresno,019,978130,93766,92168,7636,99804,1255
2021-02-11,Glenn,021,27897,2190,2166,490,2656,14
2021-02-11,Humboldt,023,135768,2988,2954,19,2973,29
2021-02-11,Imperial,025,180216,26914,26545,2584,29129,578
2021-02-11,Inyo,027,18085,1205,1144,1,1145,32
2021-02-11,Kern,029,883053,91318,89224,9640,98864,941
2021-02-11,Kings,031,150075,21726,21373,1012,22385,202
2021-02-11,Lake,033,64148,3068,3002,1,3003,36
2021-02-11,Lassen,035,31185,5047,5004,92,5096,1
2021-02-11,Los Angeles,037,10098052,1154198,1128437,40308,1168745,18500
2021-02-11,Madera,039,155013,15223,14984,792,15776,106
2021-02-11,Marin,041,260295,12842,12682,156,12838,200
2021-02-11,Mariposa,043,17540,372,361,4,365,4
2021-02-11,Mendocino,045,87422,3558,3420,66,3486,38
2021-02-11,Merced,047,269075,27587,27325,826,28151,363
2021-02-11,Modoc,049,8938,334,317,113,430,3
2021-02-11,Mono,051,14174,1158,1173,12,1185,3
2021-02-11,Monterey,053,433212,41130,40469,1653,42122,295
2021-02-11,Napa,055,140530,8837,8777,32,8809,55
2021-02-11,Nevada,057,99092,3839,3720,153,3873,47
2021-02-11,Orange,059,3164182,243070,240590,10275,250865,3476
2021-02-11,Placer,061,380077,20015,19118,1105,20223,224
2021-02-11,Plumas,063,18699,632,592,11,603,4
2021-02-11,Riverside,065,2383286,279501,274313,13792,288105,3394
2021-02-11,Sacramento,067,1510023,91711,89988,1196,91184,1286
2021-02-11,San Benito,069,59416,5629,5609,86,5695,56
2021-02-11,San Bernardino,071,2135413,282545,276349,8820,285169,2774
2021-02-11,San Diego,073,3302833,258112,249971,12396,262367,2955
2021-02-11,San Francisco,075,870044,33297,33076,1057,34133,356
2021-02-11,San Joaquin,077,732212,65148,63719,2767,66486,971
2021-02-11,San Luis Obispo,079,281455,19016,18615,544,19159,219
2021-02-11,San Mateo,081,765935,38630,37439,394,37833,253
2021-02-11,Santa Barbara,083,443738,31370,30375,1105,31480,370
2021-02-11,Santa Clara,085,1922200,107037,106392,543,106935,1507
2021-02-11,Santa Cruz,087,273765,15014,14088,811,14899,165
2021-02-11,Shasta,089,179085,10700,10672,1191,11863,140
2021-02-11,Sierra,091,2930,47,45,14,59,0
2021-02-11,Siskiyou,093,43540,1404,1320,231,1551,4
2021-02-11,Solano,095,438530,29258,28885,347,29232,138
2021-02-11,Sonoma,097,501317,27154,26971,163,27134,272
2021-02-11,Stanislaus,099,539301,49101,48205,5340,53545,697
2021-02-11,Sutter,101,95872,8667,8590,83,8673,93
2021-02-11,Tehama,103,63373,4488,4463,503,4966,26
2021-02-11,Trinity,105,12862,379,269,51,320,3
2021-02-11,Tulare,107,460477,46832,45897,7918,53815,706
2021-02-11,Tuolumne,109,53932,3761,3716,30,3746,48
2021-02-11,Ventura,111,848112,75625,74959,2783,77742,590
2021-02-11,Yolo,113,214977,12558,12303,211,12514,173
2021-02-11,Yuba,115,75493,5347,5261,81,5342,38
2021-02-10,Alameda,001,1643700,78488,77344,1744,79088,944
2021-02-10,Alpine,003,1148,78,76,0,76,0
2021-02-10,Amador,005,37829,3401,3348,30,3378,35
2021-02-10,Butte,007,227075,11010,10594,1636,12230,155
2021-02-10,Calaveras,009,45235,1866,1850,12,1862,21
2021-02-10,Colusa,011,21464,1838,1815,251,2066,10
2021-02-10,Contra Costa,013,1133247,61025,59488,1083,60571,590
2021-02-10,Del Norte,015,27424,909,888,0,888,2
2021-02-10,El Dorado,017,186661,8859,8682,614,9296,87
2021-02-10,Fresno,019,978130,93593,91876,7610,99486,1247
2021-02-10,Glenn,021,27897,2188,2160,488,2648,14
2021-02-10,Humboldt,023,135768,2980,2924,19,2943,29
2021-02-10,Imperial,025,180216,26874,26522,2581,29103,578
2021-02-10,Inyo,027,18085,1193,1138,1,1139,30
2021-02-10,Kern,029,883053,91113,88933,9584,98517,926
2021-02-10,Kings,031,150075,21684,21294,1008,22302,197
2021-02-10,Lake,033,64148,3055,2975,1,2976,36
2021-02-10,Lassen,035,31185,5043,4993,92,5085,1
2021-02-10,Los Angeles,037,10098052,1152458,1125437,40174,1165611,18338
2021-02-10,Madera,039,155013,15185,14925,790,15715,105
2021-02-10,Marin,041,260295,12805,12651,156,12807,199
2021-02-10,Mariposa,043,17540,370,360,4,364,4
2021-02-10,Mendocino,045,87422,3543,3395,66,3461,38
2021-02-10,Merced,047,269075,27505,27246,815,28061,359
2021-02-10,Modoc,049,8938,333,315,111,426,3
2021-02-10,Mono,051,14174,1154,1170,12,1182,3
2021-02-10,Monterey,053,433212,41050,40366,1639,42005,288
2021-02-10,Napa,055,140530,8818,8769,32,8801,55
2021-02-10,Nevada,057,99092,3824,3693,151,3844,47
2021-02-10,Orange,059,3164182,242651,239974,10243,250217,3439
2021-02-10,Placer,061,380077,19976,19062,1100,20162,220
2021-02-10,Plumas,063,18699,629,589,11,600,2
2021-02-10,Riverside,065,2383286,279088,273721,13782,287503,3374
2021-02-10,Sacramento,067,1510023,91462,89653,1191,90844,1275
2021-02-10,San Benito,069,59416,5615,5591,86,5677,55
2021-02-10,San Bernardino,071,2135413,282186,275616,8803,284419,2696
2021-02-10,San Diego,073,3302833,257531,248858,12358,261216,2904
2021-02-10,San Francisco,075,870044,33215,32955,1054,34009,351
2021-02-10,San Joaquin,077,732212,65007,63484,2753,66237,954
2021-02-10,San Luis Obispo,079,281455,18937,18549,542,19091,216
2021-02-10,San Mateo,081,765935,38540,37323,394,37717,245
2021-02-10,Santa Barbara,083,443738,31281,30216,1100,31316,359
2021-02-10,Santa Clara,085,1922200,106799,106048,540,106588,1489
2021-02-10,Santa Cruz,087,273765,14979,14007,808,14815,165
2021-02-10,Shasta,089,179085,10676,10645,1188,11833,142
2021-02-10,Sierra,091,2930,47,45,14,59,0
2021-02-10,Siskiyou,093,43540,1399,1314,230,1544,4
2021-02-10,Solano,095,438530,29183,28835,345,29180,137
2021-02-10,Sonoma,097,501317,27062,26881,161,27042,271
2021-02-10,Stanislaus,099,539301,48987,48016,5322,53338,696
2021-02-10,Sutter,101,95872,8650,8571,83,8654,93
2021-02-10,Tehama,103,63373,4480,4445,503,4948,23
2021-02-10,Trinity,105,12862,377,268,51,319,3
2021-02-10,Tulare,107,460477,46717,45782,7878,53660,696
2021-02-10,Tuolumne,109,53932,3753,3691,30,3721,48
2021-02-10,Ventura,111,848112,75399,74651,2765,77416,580
2021-02-10,Yolo,113,214977,12533,12276,210,12486,174
2021-02-10,Yuba,115,75493,5329,5241,81,5322,38
2021-02-09,Alameda,001,1643700,78223,77018,1741,78759,936
2021-02-09,Alpine,003,1148,78,76,0,76,0
2021-02-09,Amador,005,37829,3393,3347,30,3377,35
2021-02-09,Butte,007,227075,10983,10563,1634,12197,153
2021-02-09,Calaveras,009,45235,1862,1847,12,1859,21
2021-02-09,Colusa,011,21464,1829,1812,246,2058,10
2021-02-09,Contra Costa,013,1133247,60837,59307,1077,60384,583
2021-02-09,Del Norte,015,27424,903,886,0,886,2
2021-02-09,El Dorado,017,186661,8833,8663,613,9276,87
2021-02-09,Fresno,019,978130,93358,91730,7576,99306,1211
2021-02-09,Glenn,021,27897,2184,2156,487,2643,14
2021-02-09,Humboldt,023,135768,2972,2904,19,2923,29
2021-02-09,Imperial,025,180216,26846,26509,2578,29087,568
2021-02-09,Inyo,027,18085,1185,1137,1,1138,30
2021-02-09,Kern,029,883053,90866,88684,9536,98220,920
2021-02-09,Kings,031,150075,21643,21275,1006,22281,196
2021-02-09,Lake,033,64148,3044,2955,1,2956,36
2021-02-09,Lassen,035,31185,5036,4983,92,5075,1
2021-02-09,Los Angeles,037,10098052,1150494,1122745,40084,1162829,18198
2021-02-09,Madera,039,155013,15165,14912,787,15699,105
2021-02-09,Marin,041,260295,12772,12623,155,12778,197
2021-02-09,Mariposa,043,17540,368,355,4,359,4
2021-02-09,Mendocino,045,87422,3525,3369,66,3435,38
2021-02-09,Merced,047,269075,27407,27166,810,27976,354
2021-02-09,Modoc,049,8938,332,316,111,427,3
2021-02-09,Mono,051,14174,1153,1167,12,1179,3
2021-02-09,Monterey,053,433212,40942,40279,1628,41907,285
2021-02-09,Napa,055,140530,8805,8749,32,8781,55
2021-02-09,Nevada,057,99092,3808,3687,151,3838,44
2021-02-09,Orange,059,3164182,242236,239169,10210,249379,3406
2021-02-09,Placer,061,380077,19912,19008,1093,20101,220
2021-02-09,Plumas,063,18699,629,584,11,595,2
2021-02-09,Riverside,065,2383286,278601,273465,13767,287232,3334
2021-02-09,Sacramento,067,1510023,91153,89378,1188,90566,1265
2021-02-09,San Benito,069,59416,5603,5566,85,5651,54
2021-02-09,San Bernardino,071,2135413,281812,274998,8789,283787,2613
2021-02-09,San Diego,073,3302833,256874,248048,12315,260363,2853
2021-02-09,San Francisco,075,870044,33136,32782,1044,33826,349
2021-02-09,San Joaquin,077,732212,64834,63341,2748,66089,937
2021-02-09,San Luis Obispo,079,281455,18878,18489,541,19030,216
2021-02-09,San Mateo,081,765935,38410,37227,393,37620,235
2021-02-09,Santa Barbara,083,443738,31171,30118,1093,31211,351
2021-02-09,Santa Clara,085,1922200,106492,105762,537,106299,1463
2021-02-09,Santa Cruz,087,273765,14929,13958,803,14761,162
2021-02-09,Shasta,089,179085,10650,10595,1186,11781,139
2021-02-09,Sierra,091,2930,47,44,14,58,0
2021-02-09,Siskiyou,093,43540,1392,1306,227,1533,4
2021-02-09,Solano,095,438530,29107,28769,341,29110,131
2021-02-09,Sonoma,097,501317,26973,26826,159,26985,267
2021-02-09,Stanislaus,099,539301,48826,47906,5306,53212,679
2021-02-09,Sutter,101,95872,8633,8541,83,8624,92
2021-02-09,Tehama,103,63373,4473,4416,501,4917,22
2021-02-09,Trinity,105,12862,377,266,51,317,3
2021-02-09,Tulare,107,460477,46586,45704,7820,53524,686
2021-02-09,Tuolumne,109,53932,3733,3673,30,3703,48
2021-02-09,Ventura,111,848112,75149,74333,2757,77090,567
2021-02-09,Yolo,113,214977,12491,12220,209,12429,174
2021-02-09,Yuba,115,75493,5320,5235,81,5316,35
2021-02-08,Alameda,001,1643700,77956,76735,1736,78471,924
2021-02-08,Alpine,003,1148,78,73,0,73,0
2021-02-08,Amador,005,37829,3386,3344,29,3373,33
2021-02-08,Butte,007,227075,10961,10524,1631,12155,152
2021-02-08,Calaveras,009,45235,1861,1840,12,1852,21
2021-02-08,Colusa,011,21464,1821,1802,242,2044,10
2021-02-08,Contra Costa,013,1133247,60629,59039,1075,60114,567
2021-02-08,Del Norte,015,27424,900,885,0,885,2
2021-02-08,El Dorado,017,186661,8802,8627,611,9238,86
2021-02-08,Fresno,019,978130,93150,91430,7548,98978,1207
2021-02-08,Glenn,021,27897,2177,2148,485,2633,14
2021-02-08,Humboldt,023,135768,2964,2902,19,2921,29
2021-02-08,Imperial,025,180216,26827,26526,2576,29102,567
2021-02-08,Inyo,027,18085,1172,1126,1,1127,30
2021-02-08,Kern,029,883053,90651,88380,9477,97857,920
2021-02-08,Kings,031,150075,21581,21232,1003,22235,195
2021-02-08,Lake,033,64148,3025,2949,1,2950,36
2021-02-08,Lassen,035,31185,5023,4976,92,5068,1
2021-02-08,Los Angeles,037,10098052,1148407,1120179,39961,1160140,17977
2021-02-08,Madera,039,155013,15128,14887,780,15667,93
2021-02-08,Marin,041,260295,12743,12591,155,12746,194
2021-02-08,Mariposa,043,17540,368,355,4,359,4
2021-02-08,Mendocino,045,87422,3511,3355,66,3421,38
2021-02-08,Merced,047,269075,27322,27082,805,27887,346
2021-02-08,Modoc,049,8938,330,318,111,429,3
2021-02-08,Mono,051,14174,1153,1165,12,1177,3
2021-02-08,Monterey,053,433212,40819,40186,1609,41795,283
2021-02-08,Napa,055,140530,8790,8719,32,8751,55
2021-02-08,Nevada,057,99092,3796,3671,151,3822,44
2021-02-08,Orange,059,3164182,241768,238715,10186,248901,3361
2021-02-08,Placer,061,380077,19869,18944,1086,20030,211
2021-02-08,Plumas,063,18699,628,584,11,595,2
2021-02-08,Riverside,065,2383286,278043,272904,13743,286647,3301
2021-02-08,Sacramento,067,1510023,90866,89267,1185,90452,1247
2021-02-08,San Benito,069,59416,5598,5553,84,5637,52
2021-02-08,San Bernardino,071,2135413,281412,274661,8783,283444,2587
2021-02-08,San Diego,073,3302833,256132,247259,12274,259533,2821
2021-02-08,San Francisco,075,870044,33042,32679,1036,33715,348
2021-02-08,San Joaquin,077,732212,64673,63148,2738,65886,929
2021-02-08,San Luis Obispo,079,281455,18821,18421,536,18957,214
2021-02-08,San Mateo,081,765935,38301,37084,393,37477,232
2021-02-08,Santa Barbara,083,443738,31058,29978,1086,31064,340
2021-02-08,Santa Clara,085,1922200,106167,105413,529,105942,1456
2021-02-08,Santa Cruz,087,273765,14890,13921,796,14717,161
2021-02-08,Shasta,089,179085,10624,10574,1180,11754,137
2021-02-08,Sierra,091,2930,47,44,14,58,0
2021-02-08,Siskiyou,093,43540,1389,1303,227,1530,4
2021-02-08,Solano,095,438530,29044,28644,339,28983,130
2021-02-08,Sonoma,097,501317,26882,26760,158,26918,259
2021-02-08,Stanislaus,099,539301,48674,47704,5277,52981,679
2021-02-08,Sutter,101,95872,8614,8526,83,8609,92
2021-02-08,Tehama,103,63373,4458,4403,499,4902,22
2021-02-08,Trinity,105,12862,375,266,51,317,3
2021-02-08,Tulare,107,460477,46480,45617,7779,53396,673
2021-02-08,Tuolumne,109,53932,3725,3647,30,3677,48
2021-02-08,Ventura,111,848112,74892,74068,2751,76819,565
2021-02-08,Yolo,113,214977,12459,12169,208,12377,162
2021-02-08,Yuba,115,75493,5304,5215,81,5296,35
2021-02-07,Alameda,001,1643700,77652,76500,1727,78227,924
2021-02-07,Alpine,003,1148,75,72,0,72,0
2021-02-07,Amador,005,37829,3365,3343,29,3372,33
2021-02-07,Butte,007,227075,10928,10513,1621,12134,152
2021-02-07,Calaveras,009,45235,1857,1837,12,1849,21
2021-02-07,Colusa,011,21464,1810,1795,240,2035,10
2021-02-07,Contra Costa,013,1133247,60393,58836,1069,59905,566
2021-02-07,Del Norte,015,27424,896,881,0,881,2
2021-02-07,El Dorado,017,186661,8773,8596,609,9205,86
2021-02-07,Fresno,019,978130,92922,91184,7508,98692,1207
2021-02-07,Glenn,021,27897,2174,2141,481,2622,14
2021-02-07,Humboldt,023,135768,2943,2895,19,2914,28
2021-02-07,Imperial,025,180216,26801,26518,2569,29087,567
2021-02-07,Inyo,027,18085,1161,1124,1,1125,27
2021-02-07,Kern,029,883053,90406,88146,9420,97566,920
2021-02-07,Kings,031,150075,21520,21180,1000,22180,192
2021-02-07,Lake,033,64148,3009,2940,1,2941,36
2021-02-07,Lassen,035,31185,5012,4973,92,5065,1
2021-02-07,Los Angeles,037,10098052,1145661,1117551,39827,1157378,17889
2021-02-07,Madera,039,155013,15094,14850,776,15626,93
2021-02-07,Marin,041,260295,12709,12571,153,12724,194
2021-02-07,Mariposa,043,17540,367,355,4,359,4
2021-02-07,Mendocino,045,87422,3494,3348,66,3414,38
2021-02-07,Merced,047,269075,27211,26977,793,27770,346
2021-02-07,Modoc,049,8938,330,317,107,424,3
2021-02-07,Mono,051,14174,1150,1165,12,1177,3
2021-02-07,Monterey,053,433212,40683,40113,1588,41701,283
2021-02-07,Napa,055,140530,8767,8701,32,8733,55
2021-02-07,Nevada,057,99092,3785,3643,151,3794,44
2021-02-07,Orange,059,3164182,241170,238155,10154,248309,3336
2021-02-07,Placer,061,380077,19821,18903,1072,19975,211
2021-02-07,Plumas,063,18699,628,584,11,595,2
2021-02-07,Riverside,065,2383286,277531,272301,13720,286021,3267
2021-02-07,Sacramento,067,1510023,90537,88919,1176,90095,1246
2021-02-07,San Benito,069,59416,5579,5548,83,5631,52
2021-02-07,San Bernardino,071,2135413,280828,274316,8759,283075,2587
2021-02-07,San Diego,073,3302833,255346,246561,12210,258771,2821
2021-02-07,San Francisco,075,870044,32921,32609,1024,33633,348
2021-02-07,San Joaquin,077,732212,64402,63051,2722,65773,929
2021-02-07,San Luis Obispo,079,281455,18749,18349,529,18878,214
2021-02-07,San Mateo,081,765935,38167,36984,391,37375,232
2021-02-07,Santa Barbara,083,443738,30921,29815,1075,30890,340
2021-02-07,Santa Clara,085,1922200,105827,105118,519,105637,1450
2021-02-07,Santa Cruz,087,273765,14836,13887,792,14679,161
2021-02-07,Shasta,089,179085,10604,10570,1172,11742,137
2021-02-07,Sierra,091,2930,47,43,14,57,0
2021-02-07,Siskiyou,093,43540,1382,1295,225,1520,4
2021-02-07,Solano,095,438530,28934,28567,338,28905,130
2021-02-07,Sonoma,097,501317,26775,26684,154,26838,257
2021-02-07,Stanislaus,099,539301,48483,47551,5245,52796,679
2021-02-07,Sutter,101,95872,8587,8515,83,8598,92
2021-02-07,Tehama,103,63373,4444,4396,497,4893,22
2021-02-07,Trinity,105,12862,372,264,49,313,3
2021-02-07,Tulare,107,460477,46359,45520,7699,53219,671
2021-02-07,Tuolumne,109,53932,3701,3619,29,3648,48
2021-02-07,Ventura,111,848112,74584,73759,2738,76497,561
2021-02-07,Yolo,113,214977,12414,12135,208,12343,162
2021-02-07,Yuba,115,75493,5289,5198,79,5277,35
2021-02-06,Alameda,001,1643700,77494,76170,1716,77886,922
2021-02-06,Alpine,003,1148,75,72,0,72,0
2021-02-06,Amador,005,37829,3359,3306,29,3335,33
2021-02-06,Butte,007,227075,10911,10480,1617,12097,150
2021-02-06,Calaveras,009,45235,1855,1832,12,1844,21
2021-02-06,Colusa,011,21464,1808,1791,239,2030,10
2021-02-06,Contra Costa,013,1133247,60247,58567,1063,59630,566
2021-02-06,Del Norte,015,27424,892,879,0,879,2
2021-02-06,El Dorado,017,186661,8766,8575,605,9180,86
2021-02-06,Fresno,019,978130,92810,90944,7486,98430,1207
2021-02-06,Glenn,021,27897,2173,2136,479,2615,14
2021-02-06,Humboldt,023,135768,2932,2880,19,2899,28
2021-02-06,Imperial,025,180216,26791,26514,2568,29082,567
2021-02-06,Inyo,027,18085,1158,1113,1,1114,27
2021-02-06,Kern,029,883053,90255,87919,9373,97292,912
2021-02-06,Kings,031,150075,21490,21156,1000,22156,190
2021-02-06,Lake,033,64148,3004,2920,1,2921,34
2021-02-06,Lassen,035,31185,5008,4964,91,5055,1
2021-02-06,Los Angeles,037,10098052,1144312,1114718,39725,1154443,17793
2021-02-06,Madera,039,155013,15073,14807,774,15581,93
2021-02-06,Marin,041,260295,12690,12531,152,12683,194
2021-02-06,Mariposa,043,17540,366,355,3,358,4
2021-02-06,Mendocino,045,87422,3476,3316,65,3381,38
2021-02-06,Merced,047,269075,27126,26881,785,27666,346
2021-02-06,Modoc,049,8938,330,313,107,420,3
2021-02-06,Mono,051,14174,1149,1159,12,1171,3
2021-02-06,Monterey,053,433212,40627,39995,1580,41575,282
2021-02-06,Napa,055,140530,8754,8639,32,8671,55
2021-02-06,Nevada,057,99092,3773,3624,151,3775,43
2021-02-06,Orange,059,3164182,240809,237391,10118,247509,3293
2021-02-06,Placer,061,380077,19784,18836,1069,19905,211
2021-02-06,Plumas,063,18699,628,584,11,595,2
2021-02-06,Riverside,065,2383286,277172,271741,13700,285441,3243
2021-02-06,Sacramento,067,1510023,90320,88532,1167,89699,1237
2021-02-06,San Benito,069,59416,5561,5516,83,5599,52
2021-02-06,San Bernardino,071,2135413,280524,273718,8736,282454,2564
2021-02-06,San Diego,073,3302833,254850,245331,12175,257506,2812
2021-02-06,San Francisco,075,870044,32848,32437,1013,33450,346
2021-02-06,San Joaquin,077,732212,64325,62840,2709,65549,906
2021-02-06,San Luis Obispo,079,281455,18707,18284,525,18809,214
2021-02-06,San Mateo,081,765935,38099,36824,388,37212,232
2021-02-06,Santa Barbara,083,443738,30846,29645,1073,30718,337
2021-02-06,Santa Clara,085,1922200,105606,104639,514,105153,1439
2021-02-06,Santa Cruz,087,273765,14805,13845,788,14633,161
2021-02-06,Shasta,089,179085,10593,10561,1170,11731,137
2021-02-06,Sierra,091,2930,47,43,14,57,0
2021-02-06,Siskiyou,093,43540,1379,1289,224,1513,4
2021-02-06,Solano,095,438530,28898,28446,337,28783,129
2021-02-06,Sonoma,097,501317,26739,26564,152,26716,257
2021-02-06,Stanislaus,099,539301,48385,47325,5229,52554,679
2021-02-06,Sutter,101,95872,8579,8485,83,8568,92
2021-02-06,Tehama,103,63373,4437,4380,495,4875,22
2021-02-06,Trinity,105,12862,372,263,49,312,3
2021-02-06,Tulare,107,460477,46294,45349,7649,52998,664
2021-02-06,Tuolumne,109,53932,3694,3612,29,3641,48
2021-02-06,Ventura,111,848112,74404,73431,2732,76163,552
2021-02-06,Yolo,113,214977,12391,12061,208,12269,161
2021-02-06,Yuba,115,75493,5279,5177,78,5255,35
2021-02-05,Alameda,001,1643700,77268,75716,1713,77429,916
2021-02-05,Alpine,003,1148,75,72,0,72,0
2021-02-05,Amador,005,37829,3354,3299,28,3327,33
2021-02-05,Butte,007,227075,10893,10421,1611,12032,150
2021-02-05,Calaveras,009,45235,1851,1818,12,1830,21
2021-02-05,Colusa,011,21464,1804,1785,239,2024,10
2021-02-05,Contra Costa,013,1133247,60086,58195,1061,59256,560
2021-02-05,Del Norte,015,27424,891,874,0,874,2
2021-02-05,El Dorado,017,186661,8746,8527,603,9130,86
2021-02-05,Fresno,019,978130,92608,90513,7465,97978,1194
2021-02-05,Glenn,021,27897,2167,2122,474,2596,14
2021-02-05,Humboldt,023,135768,2922,2857,19,2876,28
2021-02-05,Imperial,025,180216,26772,26474,2568,29042,557
2021-02-05,Inyo,027,18085,1154,1104,1,1105,27
2021-02-05,Kern,029,883053,90086,87470,9306,96776,906
2021-02-05,Kings,031,150075,21453,21021,996,22017,190
2021-02-05,Lake,033,64148,2992,2906,1,2907,33
2021-02-05,Lassen,035,31185,5004,4936,91,5027,1
2021-02-05,Los Angeles,037,10098052,1142224,1110384,39583,1149967,17608
2021-02-05,Madera,039,155013,15039,14752,769,15521,95
2021-02-05,Marin,041,260295,12655,12479,152,12631,193
2021-02-05,Mariposa,043,17540,366,352,3,355,4
2021-02-05,Mendocino,045,87422,3462,3272,65,3337,38
2021-02-05,Merced,047,269075,27066,26760,784,27544,345
2021-02-05,Modoc,049,8938,330,312,107,419,3
2021-02-05,Mono,051,14174,1148,1157,12,1169,3
2021-02-05,Monterey,053,433212,40563,39840,1569,41409,281
2021-02-05,Napa,055,140530,8740,8598,32,8630,55
2021-02-05,Nevada,057,99092,3770,3607,151,3758,43
2021-02-05,Orange,059,3164182,240384,236335,10089,246424,3260
2021-02-05,Placer,061,380077,19749,18756,1067,19823,211
2021-02-05,Plumas,063,18699,626,578,11,589,2
2021-02-05,Riverside,065,2383286,276765,270666,13681,284347,3235
2021-02-05,Sacramento,067,1510023,90140,87992,1160,89152,1231
2021-02-05,San Benito,069,59416,5550,5502,83,5585,51
2021-02-05,San Bernardino,071,2135413,280186,272938,8718,281656,2495
2021-02-05,San Diego,073,3302833,254274,244066,12140,256206,2777
2021-02-05,San Francisco,075,870044,32759,32229,1001,33230,337
2021-02-05,San Joaquin,077,732212,64177,62565,2701,65266,902
2021-02-05,San Luis Obispo,079,281455,18646,18152,521,18673,213
2021-02-05,San Mateo,081,765935,38014,36582,387,36969,227
2021-02-05,Santa Barbara,083,443738,30753,29455,1058,30513,334
2021-02-05,Santa Clara,085,1922200,105358,104112,512,104624,1421
2021-02-05,Santa Cruz,087,273765,14784,13776,786,14562,161
2021-02-05,Shasta,089,179085,10577,10507,1163,11670,136
2021-02-05,Sierra,091,2930,47,42,14,56,0
2021-02-05,Siskiyou,093,43540,1372,1276,222,1498,4
2021-02-05,Solano,095,438530,28848,28283,337,28620,127
2021-02-05,Sonoma,097,501317,26670,26423,149,26572,252
2021-02-05,Stanislaus,099,539301,48243,47024,5211,52235,678
2021-02-05,Sutter,101,95872,8559,8443,83,8526,92
2021-02-05,Tehama,103,63373,4429,4355,495,4850,22
2021-02-05,Trinity,105,12862,371,260,49,309,3
2021-02-05,Tulare,107,460477,46218,45138,7598,52736,663
2021-02-05,Tuolumne,109,53932,3668,3595,29,3624,45
2021-02-05,Ventura,111,848112,74159,72953,2721,75674,546
2021-02-05,Yolo,113,214977,12372,12025,203,12228,162
2021-02-05,Yuba,115,75493,5262,5145,78,5223,35
2021-02-04,Alameda,001,1643700,76983,75422,1707,77129,899
2021-02-04,Alpine,003,1148,74,72,0,72,0
2021-02-04,Amador,005,37829,3351,3288,28,3316,33
2021-02-04,Butte,007,227075,10861,10386,1601,11987,147
2021-02-04,Calaveras,009,45235,1849,1808,12,1820,21
2021-02-04,Colusa,011,21464,1800,1777,237,2014,10
2021-02-04,Contra Costa,013,1133247,59896,57991,1057,59048,550
2021-02-04,Del Norte,015,27424,885,870,0,870,2
2021-02-04,El Dorado,017,186661,8720,8490,600,9090,86
2021-02-04,Fresno,019,978130,92394,90126,7438,97564,1114
2021-02-04,Glenn,021,27897,2163,2102,474,2576,14
2021-02-04,Humboldt,023,135768,2912,2827,19,2846,28
2021-02-04,Imperial,025,180216,26726,26411,2565,28976,556
2021-02-04,Inyo,027,18085,1142,1084,1,1085,27
2021-02-04,Kern,029,883053,89814,87156,9227,96383,898
2021-02-04,Kings,031,150075,21403,20918,988,21906,187
2021-02-04,Lake,033,64148,2980,2882,1,2883,34
2021-02-04,Lassen,035,31185,5001,4927,91,5018,1
2021-02-04,Los Angeles,037,10098052,1139437,1106323,39452,1145775,17396
2021-02-04,Madera,039,155013,15010,14706,765,15471,95
2021-02-04,Marin,041,260295,12619,12431,152,12583,192
2021-02-04,Mariposa,043,17540,366,348,3,351,4
2021-02-04,Mendocino,045,87422,3444,3240,63,3303,38
2021-02-04,Merced,047,269075,26973,26629,781,27410,345
2021-02-04,Modoc,049,8938,330,309,107,416,3
2021-02-04,Mono,051,14174,1146,1153,12,1165,3
2021-02-04,Monterey,053,433212,40455,39619,1551,41170,279
2021-02-04,Napa,055,140530,8711,8573,32,8605,55
2021-02-04,Nevada,057,99092,3750,3590,150,3740,37
2021-02-04,Orange,059,3164182,239742,235677,10047,245724,3238
2021-02-04,Placer,061,380077,19689,18711,1058,19769,210
2021-02-04,Plumas,063,18699,623,562,11,573,2
2021-02-04,Riverside,065,2383286,276023,269851,13641,283492,3230
2021-02-04,Sacramento,067,1510023,89840,87658,1148,88806,1222
2021-02-04,San Benito,069,59416,5536,5488,82,5570,51
2021-02-04,San Bernardino,071,2135413,279637,272223,8698,280921,2409
2021-02-04,San Diego,073,3302833,253486,242613,12074,254687,2738
2021-02-04,San Francisco,075,870044,32646,32116,992,33108,326
2021-02-04,San Joaquin,077,732212,63952,62374,2693,65067,883
2021-02-04,San Luis Obispo,079,281455,18580,18058,518,18576,211
2021-02-04,San Mateo,081,765935,37894,36437,384,36821,226
2021-02-04,Santa Barbara,083,443738,30621,29344,1040,30384,322
2021-02-04,Santa Clara,085,1922200,105009,103781,509,104290,1404
2021-02-04,Santa Cruz,087,273765,14751,13713,778,14491,156
2021-02-04,Shasta,089,179085,10550,10466,1158,11624,131
2021-02-04,Sierra,091,2930,47,42,14,56,0
2021-02-04,Siskiyou,093,43540,1363,1273,222,1495,4
2021-02-04,Solano,095,438530,28745,28192,336,28528,120
2021-02-04,Sonoma,097,501317,26588,26276,145,26421,249
2021-02-04,Stanislaus,099,539301,48081,46822,5190,52012,678
2021-02-04,Sutter,101,95872,8539,8401,83,8484,92
2021-02-04,Tehama,103,63373,4413,4327,495,4822,21
2021-02-04,Trinity,105,12862,370,260,48,308,3
2021-02-04,Tulare,107,460477,46094,44983,7531,52514,656
2021-02-04,Tuolumne,109,53932,3628,3585,29,3614,45
2021-02-04,Ventura,111,848112,73827,72595,2708,75303,537
2021-02-04,Yolo,113,214977,12338,11982,202,12184,161
2021-02-04,Yuba,115,75493,5236,5135,78,5213,34
2021-02-03,Alameda,001,1643700,76649,74968,1703,76671,880
2021-02-03,Alpine,003,1148,74,72,0,72,0
2021-02-03,Amador,005,37829,3347,3281,28,3309,33
2021-02-03,Butte,007,227075,10825,10355,1594,11949,144
2021-02-03,Calaveras,009,45235,1835,1799,11,1810,21
2021-02-03,Colusa,011,21464,1795,1773,236,2009,10
2021-02-03,Contra Costa,013,1133247,59657,57762,1045,58807,537
2021-02-03,Del Norte,015,27424,880,869,0,869,2
2021-02-03,El Dorado,017,186661,8700,8428,599,9027,86
2021-02-03,Fresno,019,978130,92174,89748,7398,97146,1015
2021-02-03,Glenn,021,27897,2154,2098,472,2570,14
2021-02-03,Humboldt,023,135768,2902,2800,19,2819,27
2021-02-03,Imperial,025,180216,26692,26363,2559,28922,547
2021-02-03,Inyo,027,18085,1132,1071,1,1072,27
2021-02-03,Kern,029,883053,89572,86771,9186,95957,877
2021-02-03,Kings,031,150075,21344,20831,984,21815,172
2021-02-03,Lake,033,64148,2963,2869,1,2870,33
2021-02-03,Lassen,035,31185,4990,4910,91,5001,1
2021-02-03,Los Angeles,037,10098052,1136373,1101890,39319,1141209,17163
2021-02-03,Madera,039,155013,14972,14605,763,15368,94
2021-02-03,Marin,041,260295,12585,12406,152,12558,190
2021-02-03,Mariposa,043,17540,365,347,3,350,4
2021-02-03,Mendocino,045,87422,3418,3236,62,3298,38
2021-02-03,Merced,047,269075,26857,26520,776,27296,343
2021-02-03,Modoc,049,8938,329,308,107,415,3
2021-02-03,Mono,051,14174,1139,1146,12,1158,3
2021-02-03,Monterey,053,433212,40327,39500,1533,41033,279
2021-02-03,Napa,055,140530,8676,8534,32,8566,54
2021-02-03,Nevada,057,99092,3736,3572,150,3722,35
2021-02-03,Orange,059,3164182,238999,234738,10015,244753,3189
2021-02-03,Placer,061,380077,19633,18646,1056,19702,210
2021-02-03,Plumas,063,18699,623,559,11,570,2
2021-02-03,Riverside,065,2383286,275300,269019,13609,282628,3195
2021-02-03,Sacramento,067,1510023,89518,87415,1143,88558,1212
2021-02-03,San Benito,069,59416,5518,5463,79,5542,51
2021-02-03,San Bernardino,071,2135413,279156,271477,8673,280150,2308
2021-02-03,San Diego,073,3302833,252585,241015,12027,253042,2683
2021-02-03,San Francisco,075,870044,32516,31983,987,32970,325
2021-02-03,San Joaquin,077,732212,63727,61976,2682,64658,880
2021-02-03,San Luis Obispo,079,281455,18503,17922,515,18437,206
2021-02-03,San Mateo,081,765935,37756,36227,380,36607,225
2021-02-03,Santa Barbara,083,443738,30475,29121,1030,30151,315
2021-02-03,Santa Clara,085,1922200,104694,103278,505,103783,1364
2021-02-03,Santa Cruz,087,273765,14697,13611,770,14381,154
2021-02-03,Shasta,089,179085,10507,10422,1153,11575,130
2021-02-03,Sierra,091,2930,47,42,14,56,0
2021-02-03,Siskiyou,093,43540,1352,1268,221,1489,4
2021-02-03,Solano,095,438530,28623,28057,336,28393,119
2021-02-03,Sonoma,097,501317,26503,26155,144,26299,248
2021-02-03,Stanislaus,099,539301,47907,46598,5170,51768,662
2021-02-03,Sutter,101,95872,8514,8379,83,8462,90
2021-02-03,Tehama,103,63373,4391,4309,492,4801,21
2021-02-03,Trinity,105,12862,370,260,47,307,3
2021-02-03,Tulare,107,460477,45927,44838,7470,52308,640
2021-02-03,Tuolumne,109,53932,3617,3568,29,3597,45
2021-02-03,Ventura,111,848112,73491,72124,2696,74820,526
2021-02-03,Yolo,113,214977,12314,11933,201,12134,161
2021-02-03,Yuba,115,75493,5218,5124,78,5202,34
2021-02-02,Alameda,001,1643700,76304,74642,1688,76330,869
2021-02-02,Alpine,003,1148,74,72,0,72,0
2021-02-02,Amador,005,37829,3316,3275,28,3303,33
2021-02-02,Butte,007,227075,10798,10307,1586,11893,141
2021-02-02,Calaveras,009,45235,1825,1786,11,1797,21
2021-02-02,Colusa,011,21464,1787,1769,231,2000,9
2021-02-02,Contra Costa,013,1133247,59378,57551,1040,58591,536
2021-02-02,Del Norte,015,27424,874,868,0,868,2
2021-02-02,El Dorado,017,186661,8660,8405,599,9004,84
2021-02-02,Fresno,019,978130,91873,89542,7363,96905,1009
2021-02-02,Glenn,021,27897,2143,2090,468,2558,14
2021-02-02,Humboldt,023,135768,2890,2784,19,2803,25
2021-02-02,Imperial,025,180216,26641,26317,2554,28871,535
2021-02-02,Inyo,027,18085,1129,1074,1,1075,27
2021-02-02,Kern,029,883053,89271,86485,9109,95594,867
2021-02-02,Kings,031,150075,21267,20785,975,21760,172
2021-02-02,Lake,033,64148,2943,2857,1,2858,33
2021-02-02,Lassen,035,31185,4983,4908,91,4999,1
2021-02-02,Los Angeles,037,10098052,1133003,1097573,39149,1136722,16913
2021-02-02,Madera,039,155013,14922,14595,758,15353,94
2021-02-02,Marin,041,260295,12556,12367,152,12519,189
2021-02-02,Mariposa,043,17540,362,345,3,348,4
2021-02-02,Mendocino,045,87422,3385,3210,62,3272,38
2021-02-02,Merced,047,269075,26761,26427,768,27195,340
2021-02-02,Modoc,049,8938,324,306,107,413,3
2021-02-02,Mono,051,14174,1137,1147,12,1159,3
2021-02-02,Monterey,053,433212,40192,39371,1519,40890,278
2021-02-02,Napa,055,140530,8647,8505,32,8537,53
2021-02-02,Nevada,057,99092,3721,3548,150,3698,20
2021-02-02,Orange,059,3164182,238201,233783,9979,243762,3152
2021-02-02,Placer,061,380077,19574,18615,1052,19667,205
2021-02-02,Plumas,063,18699,623,560,11,571,2
2021-02-02,Riverside,065,2383286,274463,267901,13575,281476,3169
2021-02-02,Sacramento,067,1510023,89229,87107,1132,88239,1202
2021-02-02,San Benito,069,59416,5504,5444,78,5522,50
2021-02-02,San Bernardino,071,2135413,278484,270486,8641,279127,2244
2021-02-02,San Diego,073,3302833,251548,240047,11941,251988,2629
2021-02-02,San Francisco,075,870044,32360,31788,976,32764,324
2021-02-02,San Joaquin,077,732212,63508,61708,2667,64375,878
2021-02-02,San Luis Obispo,079,281455,18409,17811,513,18324,201
2021-02-02,San Mateo,081,765935,37592,36004,374,36378,225
2021-02-02,Santa Barbara,083,443738,30306,28951,1023,29974,304
2021-02-02,Santa Clara,085,1922200,104231,102872,500,103372,1349
2021-02-02,Santa Cruz,087,273765,14638,13572,766,14338,150
2021-02-02,Shasta,089,179085,10482,10371,1141,11512,128
2021-02-02,Sierra,091,2930,47,42,14,56,0
2021-02-02,Siskiyou,093,43540,1345,1252,218,1470,4
2021-02-02,Solano,095,438530,28527,27963,332,28295,118
2021-02-02,Sonoma,097,501317,26386,26054,144,26198,247
2021-02-02,Stanislaus,099,539301,47688,46306,5137,51443,641
2021-02-02,Sutter,101,95872,8491,8340,83,8423,89
2021-02-02,Tehama,103,63373,4378,4289,490,4779,21
2021-02-02,Trinity,105,12862,370,260,47,307,3
2021-02-02,Tulare,107,460477,45773,44720,7402,52122,625
2021-02-02,Tuolumne,109,53932,3605,3548,29,3577,39
2021-02-02,Ventura,111,848112,73073,71557,2686,74243,514
2021-02-02,Yolo,113,214977,12267,11886,194,12080,158
2021-02-02,Yuba,115,75493,5200,5111,78,5189,34
2021-02-01,Alameda,001,1643700,75949,74374,1682,76056,858
2021-02-01,Alpine,003,1148,74,72,0,72,0
2021-02-01,Amador,005,37829,3305,3234,28,3262,32
2021-02-01,Butte,007,227075,10756,10263,1582,11845,141
2021-02-01,Calaveras,009,45235,1817,1785,11,1796,21
2021-02-01,Colusa,011,21464,1782,1763,222,1985,9
2021-02-01,Contra Costa,013,1133247,59133,57324,1039,58363,531
2021-02-01,Del Norte,015,27424,871,865,0,865,2
2021-02-01,El Dorado,017,186661,8621,8337,599,8936,83
2021-02-01,Fresno,019,978130,91544,89272,7325,96597,994
2021-02-01,Glenn,021,27897,2128,2086,460,2546,14
2021-02-01,Humboldt,023,135768,2868,2773,18,2791,25
2021-02-01,Imperial,025,180216,26598,26224,2552,28776,530
2021-02-01,Inyo,027,18085,1119,1072,1,1073,27
2021-02-01,Kern,029,883053,88876,86170,9038,95208,862
2021-02-01,Kings,031,150075,21177,20746,966,21712,172
2021-02-01,Lake,033,64148,2927,2843,1,2844,33
2021-02-01,Lassen,035,31185,4963,4907,91,4998,1
2021-02-01,Los Angeles,037,10098052,1129196,1094341,38971,1133312,16695
2021-02-01,Madera,039,155013,14887,14572,755,15327,94
2021-02-01,Marin,041,260295,12518,12341,151,12492,188
2021-02-01,Mariposa,043,17540,360,344,3,347,4
2021-02-01,Mendocino,045,87422,3352,3192,62,3254,37
2021-02-01,Merced,047,269075,26635,26282,759,27041,337
2021-02-01,Modoc,049,8938,318,303,103,406,1
2021-02-01,Mono,051,14174,1134,1145,12,1157,3
2021-02-01,Monterey,053,433212,40011,39196,1497,40693,278
2021-02-01,Napa,055,140530,8615,8449,32,8481,52
2021-02-01,Nevada,057,99092,3704,3535,149,3684,20
2021-02-01,Orange,059,3164182,237291,233155,9933,243088,3100
2021-02-01,Placer,061,380077,19506,18574,1045,19619,204
2021-02-01,Plumas,063,18699,621,554,11,565,2
2021-02-01,Riverside,065,2383286,273553,267025,13538,280563,3092
2021-02-01,Sacramento,067,1510023,88829,86856,1120,87976,1193
2021-02-01,San Benito,069,59416,5486,5432,78,5510,48
2021-02-01,San Bernardino,071,2135413,277793,270012,8599,278611,2172
2021-02-01,San Diego,073,3302833,250326,239121,11865,250986,2619
2021-02-01,San Francisco,075,870044,32226,31703,964,32667,324
2021-02-01,San Joaquin,077,732212,63304,61542,2656,64198,877
2021-02-01,San Luis Obispo,079,281455,18291,17690,505,18195,199
2021-02-01,San Mateo,081,765935,37443,35843,374,36217,220
2021-02-01,Santa Barbara,083,443738,30137,28837,1015,29852,297
2021-02-01,Santa Clara,085,1922200,103816,102462,499,102961,1343
2021-02-01,Santa Cruz,087,273765,14585,13524,764,14288,149
2021-02-01,Shasta,089,179085,10457,10329,1135,11464,112
2021-02-01,Sierra,091,2930,47,42,14,56,0
2021-02-01,Siskiyou,093,43540,1338,1238,215,1453,4
2021-02-01,Solano,095,438530,28422,27844,331,28175,117
2021-02-01,Sonoma,097,501317,26298,26011,143,26154,243
2021-02-01,Stanislaus,099,539301,47430,46112,5109,51221,642
2021-02-01,Sutter,101,95872,8451,8313,83,8396,89
2021-02-01,Tehama,103,63373,4354,4263,490,4753,21
2021-02-01,Trinity,105,12862,368,260,47,307,3
2021-02-01,Tulare,107,460477,45629,44569,7320,51889,618
2021-02-01,Tuolumne,109,53932,3597,3534,29,3563,39
2021-02-01,Ventura,111,848112,72666,71104,2670,73774,502
2021-02-01,Yolo,113,214977,12223,11824,186,12010,151
2021-02-01,Yuba,115,75493,5187,5084,77,5161,33
2021-01-31,Alameda,001,1643700,75521,73979,1674,75653,857
2021-01-31,Alpine,003,1148,74,72,0,72,0
2021-01-31,Amador,005,37829,3295,3212,26,3238,32
2021-01-31,Butte,007,227075,10714,10215,1571,11786,140
2021-01-31,Calaveras,009,45235,1794,1778,11,1789,21
2021-01-31,Colusa,011,21464,1775,1754,217,1971,9
2021-01-31,Contra Costa,013,1133247,58802,57079,1039,58118,531
2021-01-31,Del Norte,015,27424,869,865,0,865,2
2021-01-31,El Dorado,017,186661,8585,8317,596,8913,83
2021-01-31,Fresno,019,978130,91231,88852,7273,96125,994
2021-01-31,Glenn,021,27897,2117,2083,459,2542,14
2021-01-31,Humboldt,023,135768,2852,2767,18,2785,25
2021-01-31,Imperial,025,180216,26527,26206,2542,28748,530
2021-01-31,Inyo,027,18085,1106,1072,1,1073,27
2021-01-31,Kern,029,883053,88382,85872,8949,94821,861
2021-01-31,Kings,031,150075,21094,20709,953,21662,172
2021-01-31,Lake,033,64148,2906,2826,1,2827,33
2021-01-31,Lassen,035,31185,4947,4900,91,4991,1
2021-01-31,Los Angeles,037,10098052,1124593,1090304,38758,1129062,16609
2021-01-31,Madera,039,155013,14833,14496,747,15243,94
2021-01-31,Marin,041,260295,12471,12297,147,12444,185
2021-01-31,Mariposa,043,17540,358,344,3,347,4
2021-01-31,Mendocino,045,87422,3329,3181,61,3242,37
2021-01-31,Merced,047,269075,26491,26222,754,26976,337
2021-01-31,Modoc,049,8938,315,304,101,405,1
2021-01-31,Mono,051,14174,1131,1146,12,1158,3
2021-01-31,Monterey,053,433212,39832,39035,1469,40504,278
2021-01-31,Napa,055,140530,8573,8404,32,8436,52
2021-01-31,Nevada,057,99092,3682,3518,147,3665,20
2021-01-31,Orange,059,3164182,236273,232347,9892,242239,3053
2021-01-31,Placer,061,380077,19433,18506,1033,19539,204
2021-01-31,Plumas,063,18699,620,554,11,565,2
2021-01-31,Riverside,065,2383286,272581,266145,13490,279635,3074
2021-01-31,Sacramento,067,1510023,88390,86560,1104,87664,1186
2021-01-31,San Benito,069,59416,5464,5425,76,5501,48
2021-01-31,San Bernardino,071,2135413,276755,269533,8566,278099,2156
2021-01-31,San Diego,073,3302833,249013,238039,11751,249790,2619
2021-01-31,San Francisco,075,870044,32036,31563,952,32515,323
2021-01-31,San Joaquin,077,732212,62900,61379,2646,64025,877
2021-01-31,San Luis Obispo,079,281455,18157,17615,500,18115,199
2021-01-31,San Mateo,081,765935,37253,35659,371,36030,219
2021-01-31,Santa Barbara,083,443738,29898,28570,1006,29576,297
2021-01-31,Santa Clara,085,1922200,103267,101986,490,102476,1330
2021-01-31,Santa Cruz,087,273765,14490,13469,750,14219,149
2021-01-31,Shasta,089,179085,10412,10313,1126,11439,112
2021-01-31,Sierra,091,2930,46,43,14,57,0
2021-01-31,Siskiyou,093,43540,1328,1238,215,1453,4
2021-01-31,Solano,095,438530,28292,27678,331,28009,118
2021-01-31,Sonoma,097,501317,26195,25925,142,26067,243
2021-01-31,Stanislaus,099,539301,47147,45971,5068,51039,642
2021-01-31,Sutter,101,95872,8406,8289,83,8372,89
2021-01-31,Tehama,103,63373,4334,4256,489,4745,21
2021-01-31,Trinity,105,12862,366,260,47,307,3
2021-01-31,Tulare,107,460477,45462,44440,7238,51678,618
2021-01-31,Tuolumne,109,53932,3558,3519,29,3548,39
2021-01-31,Ventura,111,848112,72071,70635,2657,73292,502
2021-01-31,Yolo,113,214977,12162,11771,180,11951,151
2021-01-31,Yuba,115,75493,5167,5071,76,5147,33
2021-01-30,Alameda,001,1643700,75317,73622,1669,75291,850
2021-01-30,Alpine,003,1148,74,72,0,72,0
2021-01-30,Amador,005,37829,3291,3181,26,3207,32
2021-01-30,Butte,007,227075,10679,10177,1562,11739,139
2021-01-30,Calaveras,009,45235,1781,1763,11,1774,21
2021-01-30,Colusa,011,21464,1773,1748,217,1965,9
2021-01-30,Contra Costa,013,1133247,58617,56763,1035,57798,531
2021-01-30,Del Norte,015,27424,868,865,0,865,2
2021-01-30,El Dorado,017,186661,8565,8299,595,8894,83
2021-01-30,Fresno,019,978130,91053,88476,7253,95729,964
2021-01-30,Glenn,021,27897,2114,2074,457,2531,14
2021-01-30,Humboldt,023,135768,2841,2742,18,2760,24
2021-01-30,Imperial,025,180216,26506,26160,2541,28701,530
2021-01-30,Inyo,027,18085,1102,1068,1,1069,27
2021-01-30,Kern,029,883053,88181,85572,8883,94455,848
2021-01-30,Kings,031,150075,21024,20605,947,21552,169
2021-01-30,Lake,033,64148,2900,2809,1,2810,33
2021-01-30,Lassen,035,31185,4944,4890,91,4981,1
2021-01-30,Los Angeles,037,10098052,1122229,1084763,38611,1123374,16484
2021-01-30,Madera,039,155013,14791,14443,742,15185,94
2021-01-30,Marin,041,260295,12443,12225,146,12371,185
2021-01-30,Mariposa,043,17540,356,344,3,347,4
2021-01-30,Mendocino,045,87422,3315,3153,60,3213,36
2021-01-30,Merced,047,269075,26416,26078,753,26831,335
2021-01-30,Modoc,049,8938,315,303,101,404,1
2021-01-30,Mono,051,14174,1131,1143,12,1155,3
2021-01-30,Monterey,053,433212,39771,38847,1466,40313,277
2021-01-30,Napa,055,140530,8557,8342,32,8374,52
2021-01-30,Nevada,057,99092,3663,3499,147,3646,20
2021-01-30,Orange,059,3164182,235729,231358,9853,241211,3013
2021-01-30,Placer,061,380077,19382,18430,1027,19457,205
2021-01-30,Plumas,063,18699,618,554,11,565,2
2021-01-30,Riverside,065,2383286,271992,265137,13457,278594,3061
2021-01-30,Sacramento,067,1510023,88198,86388,1098,87486,1184
2021-01-30,San Benito,069,59416,5446,5401,75,5476,48
2021-01-30,San Bernardino,071,2135413,276342,268660,8547,277207,2122
2021-01-30,San Diego,073,3302833,248255,236765,11709,248474,2603
2021-01-30,San Francisco,075,870044,31936,31427,948,32375,316
2021-01-30,San Joaquin,077,732212,62766,61120,2636,63756,864
2021-01-30,San Luis Obispo,079,281455,18079,17522,497,18019,198
2021-01-30,San Mateo,081,765935,37114,35451,370,35821,219
2021-01-30,Santa Barbara,083,443738,29757,28342,1002,29344,296
2021-01-30,Santa Clara,085,1922200,102917,101471,487,101958,1307
2021-01-30,Santa Cruz,087,273765,14450,13383,749,14132,149
2021-01-30,Shasta,089,179085,10394,10283,1122,11405,112
2021-01-30,Sierra,091,2930,46,43,14,57,0
2021-01-30,Siskiyou,093,43540,1326,1236,213,1449,4
2021-01-30,Solano,095,438530,28209,27511,329,27840,118
2021-01-30,Sonoma,097,501317,26147,25810,139,25949,243
2021-01-30,Stanislaus,099,539301,47018,45697,5044,50741,642
2021-01-30,Sutter,101,95872,8390,8226,83,8309,87
2021-01-30,Tehama,103,63373,4320,4229,488,4717,21
2021-01-30,Trinity,105,12862,366,259,47,306,3
2021-01-30,Tulare,107,460477,45328,44203,7200,51403,615
2021-01-30,Tuolumne,109,53932,3554,3508,29,3537,36
2021-01-30,Ventura,111,848112,71760,69931,2640,72571,493
2021-01-30,Yolo,113,214977,12149,11698,178,11876,151
2021-01-30,Yuba,115,75493,5157,5042,75,5117,33
2021-01-29,Alameda,001,1643700,75040,73210,1662,74872,841
2021-01-29,Alpine,003,1148,74,72,0,72,0
2021-01-29,Amador,005,37829,3279,3134,25,3159,32
2021-01-29,Butte,007,227075,10648,10122,1552,11674,138
2021-01-29,Calaveras,009,45235,1774,1757,11,1768,21
2021-01-29,Colusa,011,21464,1769,1734,216,1950,8
2021-01-29,Contra Costa,013,1133247,58443,56318,1033,57351,529
2021-01-29,Del Norte,015,27424,867,865,0,865,2
2021-01-29,El Dorado,017,186661,8548,8231,594,8825,83
2021-01-29,Fresno,019,978130,90840,87936,7214,95150,962
2021-01-29,Glenn,021,27897,2109,2061,456,2517,14
2021-01-29,Humboldt,023,135768,2828,2707,18,2725,24
2021-01-29,Imperial,025,180216,26491,26045,2538,28583,521
2021-01-29,Inyo,027,18085,1090,1048,1,1049,27
2021-01-29,Kern,029,883053,87956,85044,8830,93874,836
2021-01-29,Kings,031,150075,20985,20466,942,21408,169
2021-01-29,Lake,033,64148,2891,2792,1,2793,32
2021-01-29,Lassen,035,31185,4941,4874,91,4965,1
2021-01-29,Los Angeles,037,10098052,1118765,1078329,38454,1116783,16190
2021-01-29,Madera,039,155013,14740,14377,742,15119,94
2021-01-29,Marin,041,260295,12400,12145,145,12290,185
2021-01-29,Mariposa,043,17540,355,342,3,345,4
2021-01-29,Mendocino,045,87422,3306,3131,59,3190,36
2021-01-29,Merced,047,269075,26341,25865,749,26614,334
2021-01-29,Modoc,049,8938,314,297,101,398,1
2021-01-29,Mono,051,14174,1129,1139,12,1151,3
2021-01-29,Monterey,053,433212,39652,38539,1457,39996,277
2021-01-29,Napa,055,140530,8525,8276,32,8308,52
2021-01-29,Nevada,057,99092,3654,3487,146,3633,20
2021-01-29,Orange,059,3164182,235049,229917,9814,239731,2967
2021-01-29,Placer,061,380077,19327,18367,1023,19390,203
2021-01-29,Plumas,063,18699,617,548,11,559,2
2021-01-29,Riverside,065,2383286,271201,263504,13422,276926,3008
2021-01-29,Sacramento,067,1510023,87943,86320,1094,87414,1169
2021-01-29,San Benito,069,59416,5438,5386,75,5461,48
2021-01-29,San Bernardino,071,2135413,275828,267490,8505,275995,2095
2021-01-29,San Diego,073,3302833,247314,234637,11630,246267,2571
2021-01-29,San Francisco,075,870044,31795,31294,939,32233,307
2021-01-29,San Joaquin,077,732212,62619,60899,2621,63520,858
2021-01-29,San Luis Obispo,079,281455,18019,17440,492,17932,193
2021-01-29,San Mateo,081,765935,36981,35223,367,35590,218
2021-01-29,Santa Barbara,083,443738,29627,28105,996,29101,291
2021-01-29,Santa Clara,085,1922200,102552,101010,485,101495,1273
2021-01-29,Santa Cruz,087,273765,14397,13311,746,14057,148
2021-01-29,Shasta,089,179085,10377,10220,1118,11338,112
2021-01-29,Sierra,091,2930,46,43,14,57,0
2021-01-29,Siskiyou,093,43540,1325,1227,213,1440,4
2021-01-29,Solano,095,438530,28123,27352,326,27678,116
2021-01-29,Sonoma,097,501317,26084,25710,138,25848,243
2021-01-29,Stanislaus,099,539301,46870,45466,5025,50491,642
2021-01-29,Sutter,101,95872,8371,8181,83,8264,87
2021-01-29,Tehama,103,63373,4307,4191,486,4677,20
2021-01-29,Trinity,105,12862,366,260,47,307,3
2021-01-29,Tulare,107,460477,45223,43925,7158,51083,606
2021-01-29,Tuolumne,109,53932,3544,3483,29,3512,36
2021-01-29,Ventura,111,848112,71336,69511,2626,72137,484
2021-01-29,Yolo,113,214977,12112,11612,177,11789,151
2021-01-29,Yuba,115,75493,5141,5018,75,5093,32
2021-01-28,Alameda,001,1643700,74603,72758,1654,74412,833
2021-01-28,Alpine,003,1148,74,72,0,72,0
2021-01-28,Amador,005,37829,3242,3124,25,3149,31
2021-01-28,Butte,007,227075,10608,10037,1541,11578,138
2021-01-28,Calaveras,009,45235,1760,1747,10,1757,21
2021-01-28,Colusa,011,21464,1762,1731,212,1943,8
2021-01-28,Contra Costa,013,1133247,58199,55999,1023,57022,525
2021-01-28,Del Norte,015,27424,866,862,0,862,2
2021-01-28,El Dorado,017,186661,8535,8198,589,8787,79
2021-01-28,Fresno,019,978130,90554,87401,7163,94564,949
2021-01-28,Glenn,021,27897,2104,2043,447,2490,14
2021-01-28,Humboldt,023,135768,2811,2686,18,2704,24
2021-01-28,Imperial,025,180216,26447,25984,2531,28515,517
2021-01-28,Inyo,027,18085,1085,1039,1,1040,27
2021-01-28,Kern,029,883053,87628,84708,8743,93451,817
2021-01-28,Kings,031,150075,20926,20328,937,21265,167
2021-01-28,Lake,033,64148,2876,2772,1,2773,32
2021-01-28,Lassen,035,31185,4935,4865,91,4956,1
2021-01-28,Los Angeles,037,10098052,1114887,1072412,38254,1110666,15967
2021-01-28,Madera,039,155013,14684,14301,738,15039,94
2021-01-28,Marin,041,260295,12347,12079,144,12223,183
2021-01-28,Mariposa,043,17540,355,334,3,337,4
2021-01-28,Mendocino,045,87422,3289,3110,59,3169,36
2021-01-28,Merced,047,269075,26216,25620,741,26361,328
2021-01-28,Modoc,049,8938,313,297,101,398,0
2021-01-28,Mono,051,14174,1127,1131,12,1143,3
2021-01-28,Monterey,053,433212,39449,38312,1439,39751,274
2021-01-28,Napa,055,140530,8477,8233,32,8265,50
2021-01-28,Nevada,057,99092,3639,3452,145,3597,19
2021-01-28,Orange,059,3164182,234072,228636,9782,238418,2860
2021-01-28,Placer,061,380077,19257,18246,1020,19266,198
2021-01-28,Plumas,063,18699,616,547,11,558,2
2021-01-28,Riverside,065,2383286,270438,262342,13372,275714,2981
2021-01-28,Sacramento,067,1510023,87581,85698,1083,86781,1149
2021-01-28,San Benito,069,59416,5420,5344,74,5418,47
2021-01-28,San Bernardino,071,2135413,275133,266456,8483,274939,2057
2021-01-28,San Diego,073,3302833,246165,232967,11541,244508,2534
2021-01-28,San Francisco,075,870044,31658,31193,923,32116,290
2021-01-28,San Joaquin,077,732212,62354,60627,2605,63232,854
2021-01-28,San Luis Obispo,079,281455,17920,17279,490,17769,189
2021-01-28,San Mateo,081,765935,36812,34931,351,35282,218
2021-01-28,Santa Barbara,083,443738,29408,27674,983,28657,284
2021-01-28,Santa Clara,085,1922200,102088,100470,482,100952,1219
2021-01-28,Santa Cruz,087,273765,14308,13188,740,13928,145
2021-01-28,Shasta,089,179085,10343,10176,1110,11286,110
2021-01-28,Sierra,091,2930,46,43,14,57,0
2021-01-28,Siskiyou,093,43540,1318,1218,211,1429,4
2021-01-28,Solano,095,438530,27963,27163,325,27488,114
2021-01-28,Sonoma,097,501317,25991,25564,138,25702,236
2021-01-28,Stanislaus,099,539301,46653,45162,5000,50162,640
2021-01-28,Sutter,101,95872,8323,8136,83,8219,85
2021-01-28,Tehama,103,63373,4288,4163,483,4646,20
2021-01-28,Trinity,105,12862,364,260,47,307,3
2021-01-28,Tulare,107,460477,45067,43742,7077,50819,595
2021-01-28,Tuolumne,109,53932,3530,3472,29,3501,32
2021-01-28,Ventura,111,848112,70826,68896,2607,71503,475
2021-01-28,Yolo,113,214977,12070,11500,172,11672,151
2021-01-28,Yuba,115,75493,5125,4994,74,5068,32
2021-01-27,Alameda,001,1643700,74172,72188,1645,73833,815
2021-01-27,Alpine,003,1148,74,72,0,72,0
2021-01-27,Amador,005,37829,3226,3116,25,3141,31
2021-01-27,Butte,007,227075,10569,9988,1529,11517,138
2021-01-27,Calaveras,009,45235,1751,1737,10,1747,21
2021-01-27,Colusa,011,21464,1756,1724,210,1934,8
2021-01-27,Contra Costa,013,1133247,57900,55578,1020,56598,507
2021-01-27,Del Norte,015,27424,865,859,0,859,2
2021-01-27,El Dorado,017,186661,8509,8141,588,8729,76
2021-01-27,Fresno,019,978130,90260,86886,7121,94007,938
2021-01-27,Glenn,021,27897,2100,2042,446,2488,14
2021-01-27,Humboldt,023,135768,2789,2630,18,2648,24
2021-01-27,Imperial,025,180216,26393,25861,2518,28379,504
2021-01-27,Inyo,027,18085,1081,1023,1,1024,27
2021-01-27,Kern,029,883053,87315,84244,8674,92918,809
2021-01-27,Kings,031,150075,20820,20211,929,21140,167
2021-01-27,Lake,033,64148,2856,2750,1,2751,32
2021-01-27,Lassen,035,31185,4929,4851,91,4942,1
2021-01-27,Los Angeles,037,10098052,1110125,1066569,38036,1104605,15757
2021-01-27,Madera,039,155013,14644,14194,733,14927,86
2021-01-27,Marin,041,260295,12310,12028,143,12171,180
2021-01-27,Mariposa,043,17540,355,333,3,336,4
2021-01-27,Mendocino,045,87422,3269,3095,59,3154,36
2021-01-27,Merced,047,269075,26057,25439,730,26169,315
2021-01-27,Modoc,049,8938,313,297,98,395,0
2021-01-27,Mono,051,14174,1125,1131,12,1143,3
2021-01-27,Monterey,053,433212,39246,38139,1420,39559,268
2021-01-27,Napa,055,140530,8405,8187,32,8219,46
2021-01-27,Nevada,057,99092,3617,3431,145,3576,18
2021-01-27,Orange,059,3164182,232950,227110,9727,236837,2832
2021-01-27,Placer,061,380077,19183,18106,1009,19115,198
2021-01-27,Plumas,063,18699,616,544,11,555,2
2021-01-27,Riverside,065,2383286,269267,260796,13319,274115,2931
2021-01-27,Sacramento,067,1510023,87220,85428,1072,86500,1142
2021-01-27,San Benito,069,59416,5405,5284,74,5358,47
2021-01-27,San Bernardino,071,2135413,274282,265153,8453,273606,2019
2021-01-27,San Diego,073,3302833,244837,231478,11436,242914,2465
2021-01-27,San Francisco,075,870044,31515,31082,916,31998,287
2021-01-27,San Joaquin,077,732212,62085,60131,2581,62712,853
2021-01-27,San Luis Obispo,079,281455,17813,17119,486,17605,188
2021-01-27,San Mateo,081,765935,36659,34619,347,34966,216
2021-01-27,Santa Barbara,083,443738,29234,27435,977,28412,282
2021-01-27,Santa Clara,085,1922200,101684,99732,478,100210,1184
2021-01-27,Santa Cruz,087,273765,14238,13111,737,13848,143
2021-01-27,Shasta,089,179085,10309,10106,1104,11210,105
2021-01-27,Sierra,091,2930,46,44,14,58,0
2021-01-27,Siskiyou,093,43540,1312,1214,208,1422,4
2021-01-27,Solano,095,438530,27786,26982,318,27300,112
2021-01-27,Sonoma,097,501317,25892,25361,138,25499,237
2021-01-27,Stanislaus,099,539301,46468,44874,4971,49845,624
2021-01-27,Sutter,101,95872,8280,8093,82,8175,83
2021-01-27,Tehama,103,63373,4263,4133,479,4612,20
2021-01-27,Trinity,105,12862,364,260,47,307,3
2021-01-27,Tulare,107,460477,44882,43462,7002,50464,583
2021-01-27,Tuolumne,109,53932,3520,3464,29,3493,32
2021-01-27,Ventura,111,848112,70353,68291,2582,70873,468
2021-01-27,Yolo,113,214977,12023,11427,168,11595,151
2021-01-27,Yuba,115,75493,5109,4968,74,5042,32
2021-01-26,Alameda,001,1643700,73789,71851,1627,73478,789
2021-01-26,Alpine,003,1148,74,72,0,72,0
2021-01-26,Amador,005,37829,3215,3113,25,3138,31
2021-01-26,Butte,007,227075,10527,9943,1523,11466,136
2021-01-26,Calaveras,009,45235,1743,1723,10,1733,21
2021-01-26,Colusa,011,21464,1749,1719,207,1926,8
2021-01-26,Contra Costa,013,1133247,57619,55337,1012,56349,491
2021-01-26,Del Norte,015,27424,864,856,0,856,2
2021-01-26,El Dorado,017,186661,8484,8115,585,8700,71
2021-01-26,Fresno,019,978130,89903,86673,7076,93749,923
2021-01-26,Glenn,021,27897,2090,2034,442,2476,13
2021-01-26,Humboldt,023,135768,2767,2612,17,2629,24
2021-01-26,Imperial,025,180216,26323,25812,2503,28315,498
2021-01-26,Inyo,027,18085,1074,1018,1,1019,27
2021-01-26,Kern,029,883053,86890,83868,8595,92463,790
2021-01-26,Kings,031,150075,20762,20156,924,21080,159
2021-01-26,Lake,033,64148,2847,2748,1,2749,32
2021-01-26,Lassen,035,31185,4923,4844,91,4935,1
2021-01-26,Los Angeles,037,10098052,1104877,1060492,37817,1098309,15458
2021-01-26,Madera,039,155013,14587,14130,727,14857,86
2021-01-26,Marin,041,260295,12265,11993,141,12134,179
2021-01-26,Mariposa,043,17540,353,332,3,335,3
2021-01-26,Mendocino,045,87422,3243,3076,58,3134,36
2021-01-26,Merced,047,269075,25917,25359,723,26082,309
2021-01-26,Modoc,049,8938,306,291,97,388,0
2021-01-26,Mono,051,14174,1124,1120,12,1132,3
2021-01-26,Monterey,053,433212,39048,37963,1399,39362,255
2021-01-26,Napa,055,140530,8348,8145,32,8177,43
2021-01-26,Nevada,057,99092,3610,3410,144,3554,18
2021-01-26,Orange,059,3164182,231823,225987,9682,235669,2760
2021-01-26,Placer,061,380077,19111,18016,1007,19023,193
2021-01-26,Plumas,063,18699,614,536,11,547,2
2021-01-26,Riverside,065,2383286,267935,259399,13257,272656,2898
2021-01-26,Sacramento,067,1510023,86862,85062,1065,86127,1127
2021-01-26,San Benito,069,59416,5391,5251,73,5324,45
2021-01-26,San Bernardino,071,2135413,273291,263736,8408,272144,1970
2021-01-26,San Diego,073,3302833,243346,230063,11335,241398,2421
2021-01-26,San Francisco,075,870044,31385,30874,895,31769,286
2021-01-26,San Joaquin,077,732212,61831,59889,2565,62454,847
2021-01-26,San Luis Obispo,079,281455,17732,17016,483,17499,186
2021-01-26,San Mateo,081,765935,36464,34441,336,34777,213
2021-01-26,Santa Barbara,083,443738,29062,27321,965,28286,273
2021-01-26,Santa Clara,085,1922200,101207,99215,473,99688,1171
2021-01-26,Santa Cruz,087,273765,14173,13045,731,13776,134
2021-01-26,Shasta,089,179085,10274,10036,1096,11132,103
2021-01-26,Sierra,091,2930,46,43,14,57,0
2021-01-26,Siskiyou,093,43540,1298,1208,206,1414,4
2021-01-26,Solano,095,438530,27630,26858,312,27170,110
2021-01-26,Sonoma,097,501317,25772,25273,136,25409,236
2021-01-26,Stanislaus,099,539301,46286,44703,4928,49631,599
2021-01-26,Sutter,101,95872,8238,8067,82,8149,83
2021-01-26,Tehama,103,63373,4232,4115,479,4594,20
2021-01-26,Trinity,105,12862,364,260,47,307,3
2021-01-26,Tulare,107,460477,44681,43394,6930,50324,579
2021-01-26,Tuolumne,109,53932,3510,3451,29,3480,30
2021-01-26,Ventura,111,848112,69822,67526,2555,70081,448
2021-01-26,Yolo,113,214977,11978,11361,165,11526,148
2021-01-26,Yuba,115,75493,5084,4944,72,5016,31
2021-01-25,Alameda,001,1643700,73350,71255,1617,72872,780
2021-01-25,Alpine,003,1148,74,72,0,72,0
2021-01-25,Amador,005,37829,3175,3074,25,3099,30
2021-01-25,Butte,007,227075,10461,9865,1515,11380,133
2021-01-25,Calaveras,009,45235,1728,1713,10,1723,21
2021-01-25,Colusa,011,21464,1737,1709,203,1912,8
2021-01-25,Contra Costa,013,1133247,57261,54989,1005,55994,488
2021-01-25,Del Norte,015,27424,863,855,0,855,2
2021-01-25,El Dorado,017,186661,8460,8060,585,8645,66
2021-01-25,Fresno,019,978130,89534,86336,7043,93379,913
2021-01-25,Glenn,021,27897,2079,2028,442,2470,13
2021-01-25,Humboldt,023,135768,2733,2587,17,2604,24
2021-01-25,Imperial,025,180216,26273,25745,2494,28239,491
2021-01-25,Inyo,027,18085,1068,1015,1,1016,27
2021-01-25,Kern,029,883053,86497,83401,8504,91905,787
2021-01-25,Kings,031,150075,20642,20067,920,20987,159
2021-01-25,Lake,033,64148,2828,2729,1,2730,32
2021-01-25,Lassen,035,31185,4897,4835,91,4926,1
2021-01-25,Los Angeles,037,10098052,1098958,1055181,37583,1092764,15163
2021-01-25,Madera,039,155013,14533,14068,722,14790,86
2021-01-25,Marin,041,260295,12212,11923,137,12060,177
2021-01-25,Mariposa,043,17540,350,331,3,334,3
2021-01-25,Mendocino,045,87422,3232,3054,58,3112,35
2021-01-25,Merced,047,269075,25778,25181,714,25895,305
2021-01-25,Modoc,049,8938,305,288,93,381,0
2021-01-25,Mono,051,14174,1121,1114,11,1125,3
2021-01-25,Monterey,053,433212,38790,37726,1378,39104,255
2021-01-25,Napa,055,140530,8314,8057,31,8088,43
2021-01-25,Nevada,057,99092,3596,3365,144,3509,18
2021-01-25,Orange,059,3164182,230622,225105,9640,234745,2696
2021-01-25,Placer,061,380077,19017,17936,992,18928,193
2021-01-25,Plumas,063,18699,611,533,11,544,2
2021-01-25,Riverside,065,2383286,266255,258082,13203,271285,2789
2021-01-25,Sacramento,067,1510023,86418,84653,1057,85710,1118
2021-01-25,San Benito,069,59416,5354,5238,72,5310,43
2021-01-25,San Bernardino,071,2135413,272340,263174,8371,271545,1947
2021-01-25,San Diego,073,3302833,241737,228630,11264,239894,2375
2021-01-25,San Francisco,075,870044,31237,30734,872,31606,288
2021-01-25,San Joaquin,077,732212,61537,59291,2536,61827,838
2021-01-25,San Luis Obispo,079,281455,17597,16868,478,17346,179
2021-01-25,San Mateo,081,765935,36230,34187,329,34516,213
2021-01-25,Santa Barbara,083,443738,28832,27065,954,28019,269
2021-01-25,Santa Clara,085,1922200,100635,98647,465,99112,1143
2021-01-25,Santa Cruz,087,273765,14086,12973,725,13698,133
2021-01-25,Shasta,089,179085,10233,9991,1085,11076,103
2021-01-25,Sierra,091,2930,46,42,14,56,0
2021-01-25,Siskiyou,093,43540,1290,1205,203,1408,4
2021-01-25,Solano,095,438530,27461,26648,311,26959,109
2021-01-25,Sonoma,097,501317,25661,25160,134,25294,233
2021-01-25,Stanislaus,099,539301,46042,44293,4885,49178,599
2021-01-25,Sutter,101,95872,8195,8023,82,8105,83
2021-01-25,Tehama,103,63373,4204,4082,475,4557,20
2021-01-25,Trinity,105,12862,364,262,47,309,3
2021-01-25,Tulare,107,460477,44467,43124,6823,49947,578
2021-01-25,Tuolumne,109,53932,3501,3422,29,3451,29
2021-01-25,Ventura,111,848112,69179,66910,2537,69447,439
2021-01-25,Yolo,113,214977,11891,11276,163,11439,140
2021-01-25,Yuba,115,75493,5060,4900,70,4970,31
2021-01-24,Alameda,001,1643700,72843,70823,1605,72428,780
2021-01-24,Alpine,003,1148,74,72,0,72,0
2021-01-24,Amador,005,37829,3142,3054,25,3079,30
2021-01-24,Butte,007,227075,10377,9820,1496,11316,133
2021-01-24,Calaveras,009,45235,1716,1704,10,1714,21
2021-01-24,Colusa,011,21464,1726,1689,197,1886,8
2021-01-24,Contra Costa,013,1133247,56872,54694,992,55686,488
2021-01-24,Del Norte,015,27424,858,855,0,855,2
2021-01-24,El Dorado,017,186661,8426,8003,581,8584,66
2021-01-24,Fresno,019,978130,89097,85808,7003,92811,911
2021-01-24,Glenn,021,27897,2073,2026,440,2466,13
2021-01-24,Humboldt,023,135768,2694,2562,17,2579,24
2021-01-24,Imperial,025,180216,26179,25707,2465,28172,488
2021-01-24,Inyo,027,18085,1052,1007,1,1008,27
2021-01-24,Kern,029,883053,86058,83125,8391,91516,785
2021-01-24,Kings,031,150075,20515,19988,902,20890,159
2021-01-24,Lake,033,64148,2810,2724,0,2724,32
2021-01-24,Lassen,035,31185,4886,4828,88,4916,1
2021-01-24,Los Angeles,037,10098052,1092598,1048757,37263,1086020,15119
2021-01-24,Madera,039,155013,14441,14000,716,14716,86
2021-01-24,Marin,041,260295,12146,11872,135,12007,177
2021-01-24,Mariposa,043,17540,346,322,3,325,3
2021-01-24,Mendocino,045,87422,3211,3037,57,3094,33
2021-01-24,Merced,047,269075,25565,25047,706,25753,305
2021-01-24,Modoc,049,8938,305,285,93,378,0
2021-01-24,Mono,051,14174,1114,1113,11,1124,3
2021-01-24,Monterey,053,433212,38518,37527,1345,38872,254
2021-01-24,Napa,055,140530,8272,8005,31,8036,43
2021-01-24,Nevada,057,99092,3554,3349,142,3491,18
2021-01-24,Orange,059,3164182,229192,223853,9574,233427,2632
2021-01-24,Placer,061,380077,18906,17839,971,18810,193
2021-01-24,Plumas,063,18699,608,532,11,543,2
2021-01-24,Riverside,065,2383286,264655,256767,13124,269891,2761
2021-01-24,Sacramento,067,1510023,85846,84110,1050,85160,1112
2021-01-24,San Benito,069,59416,5312,5223,69,5292,43
2021-01-24,San Bernardino,071,2135413,271021,262370,8313,270683,1935
2021-01-24,San Diego,073,3302833,240047,227193,11132,238325,2375
2021-01-24,San Francisco,075,870044,31049,30559,849,31408,275
2021-01-24,San Joaquin,077,732212,61112,59021,2520,61541,838
2021-01-24,San Luis Obispo,079,281455,17476,16758,475,17233,179
2021-01-24,San Mateo,081,765935,35986,33956,324,34280,213
2021-01-24,Santa Barbara,083,443738,28519,26735,944,27679,269
2021-01-24,Santa Clara,085,1922200,99983,98103,461,98564,1109
2021-01-24,Santa Cruz,087,273765,14001,12905,716,13621,133
2021-01-24,Shasta,089,179085,10162,9978,1076,11054,103
2021-01-24,Sierra,091,2930,45,42,14,56,0
2021-01-24,Siskiyou,093,43540,1283,1195,203,1398,4
2021-01-24,Solano,095,438530,27272,26515,307,26822,109
2021-01-24,Sonoma,097,501317,25471,25045,133,25178,233
2021-01-24,Stanislaus,099,539301,45732,44031,4826,48857,599
2021-01-24,Sutter,101,95872,8127,7980,81,8061,83
2021-01-24,Tehama,103,63373,4164,4062,467,4529,20
2021-01-24,Trinity,105,12862,364,262,47,309,3
2021-01-24,Tulare,107,460477,44254,43006,6725,49731,577
2021-01-24,Tuolumne,109,53932,3491,3416,29,3445,29
2021-01-24,Ventura,111,848112,68463,66347,2512,68859,439
2021-01-24,Yolo,113,214977,11807,11210,159,11369,140
2021-01-24,Yuba,115,75493,5020,4875,69,4944,31
2021-01-23,Alameda,001,1643700,72600,70080,1596,71676,780
2021-01-23,Alpine,003,1148,74,72,0,72,0
2021-01-23,Amador,005,37829,3139,3049,25,3074,30
2021-01-23,Butte,007,227075,10347,9757,1491,11248,133
2021-01-23,Calaveras,009,45235,1713,1695,10,1705,21
2021-01-23,Colusa,011,21464,1722,1672,196,1868,8
2021-01-23,Contra Costa,013,1133247,56661,54162,984,55146,487
2021-01-23,Del Norte,015,27424,857,855,0,855,2
2021-01-23,El Dorado,017,186661,8410,7984,579,8563,66
2021-01-23,Fresno,019,978130,88915,85274,6972,92246,910
2021-01-23,Glenn,021,27897,2070,2015,436,2451,13
2021-01-23,Humboldt,023,135768,2675,2493,16,2509,23
2021-01-23,Imperial,025,180216,26148,25581,2456,28037,487
2021-01-23,Inyo,027,18085,1043,987,1,988,27
2021-01-23,Kern,029,883053,85816,82602,8315,90917,783
2021-01-23,Kings,031,150075,20471,19904,900,20804,159
2021-01-23,Lake,033,64148,2802,2673,0,2673,32
2021-01-23,Lassen,035,31185,4885,4816,85,4901,1
2021-01-23,Los Angeles,037,10098052,1089400,1040961,37095,1078056,15034
2021-01-23,Madera,039,155013,14405,13858,714,14572,86
2021-01-23,Marin,041,260295,12090,11796,133,11929,177
2021-01-23,Mariposa,043,17540,346,323,3,326,3
2021-01-23,Mendocino,045,87422,3197,2991,57,3048,32
2021-01-23,Merced,047,269075,25473,24787,692,25479,303
2021-01-23,Modoc,049,8938,305,285,93,378,0
2021-01-23,Mono,051,14174,1112,1111,11,1122,3
2021-01-23,Monterey,053,433212,38436,37165,1340,38505,253
2021-01-23,Napa,055,140530,8247,7893,31,7924,43
2021-01-23,Nevada,057,99092,3543,3332,141,3473,18
2021-01-23,Orange,059,3164182,228424,221722,9531,231253,2618
2021-01-23,Placer,061,380077,18856,17617,966,18583,193
2021-01-23,Plumas,063,18699,607,528,11,539,2
2021-01-23,Riverside,065,2383286,263782,253636,13067,266703,2733
2021-01-23,Sacramento,067,1510023,85619,83408,1047,84455,1108
2021-01-23,San Benito,069,59416,5288,5166,68,5234,43
2021-01-23,San Bernardino,071,2135413,270479,260381,8279,268660,1922
2021-01-23,San Diego,073,3302833,238989,225556,11060,236616,2344
2021-01-23,San Francisco,075,870044,30944,30308,819,31127,268
2021-01-23,San Joaquin,077,732212,60989,58164,2508,60672,836
2021-01-23,San Luis Obispo,079,281455,17413,16652,472,17124,176
2021-01-23,San Mateo,081,765935,35809,33696,313,34009,213
2021-01-23,Santa Barbara,083,443738,28338,26234,935,27169,264
2021-01-23,Santa Clara,085,1922200,99628,97189,460,97649,1086
2021-01-23,Santa Cruz,087,273765,13943,12771,713,13484,127
2021-01-23,Shasta,089,179085,10132,9951,1075,11026,103
2021-01-23,Sierra,091,2930,45,41,14,55,0
2021-01-23,Siskiyou,093,43540,1273,1190,202,1392,4
2021-01-23,Solano,095,438530,27179,26261,305,26566,107
2021-01-23,Sonoma,097,501317,25397,24790,133,24923,232
2021-01-23,Stanislaus,099,539301,45570,43723,4796,48519,599
2021-01-23,Sutter,101,95872,8109,7943,80,8023,80
2021-01-23,Tehama,103,63373,4145,4006,466,4472,20
2021-01-23,Trinity,105,12862,364,262,47,309,3
2021-01-23,Tulare,107,460477,44106,42661,6660,49321,575
2021-01-23,Tuolumne,109,53932,3484,3407,29,3436,29
2021-01-23,Ventura,111,848112,68017,65581,2487,68068,438
2021-01-23,Yolo,113,214977,11765,11087,155,11242,141
2021-01-23,Yuba,115,75493,5009,4831,67,4898,30
2021-01-22,Alameda,001,1643700,72274,69693,1590,71283,751
2021-01-22,Alpine,003,1148,74,71,0,71,0
2021-01-22,Amador,005,37829,3134,3042,25,3067,30
2021-01-22,Butte,007,227075,10298,9711,1478,11189,133
2021-01-22,Calaveras,009,45235,1706,1672,10,1682,21
2021-01-22,Colusa,011,21464,1720,1668,196,1864,7
2021-01-22,Contra Costa,013,1133247,56421,53887,978,54865,485
2021-01-22,Del Norte,015,27424,856,852,0,852,2
2021-01-22,El Dorado,017,186661,8377,7877,576,8453,64
2021-01-22,Fresno,019,978130,88578,84744,6941,91685,892
2021-01-22,Glenn,021,27897,2066,1985,431,2416,13
2021-01-22,Humboldt,023,135768,2651,2452,16,2468,23
2021-01-22,Imperial,025,180216,26113,25562,2441,28003,474
2021-01-22,Inyo,027,18085,1032,961,1,962,26
2021-01-22,Kern,029,883053,85520,82101,8240,90341,771
2021-01-22,Kings,031,150075,20395,19760,896,20656,159
2021-01-22,Lake,033,64148,2790,2681,0,2681,32
2021-01-22,Lassen,035,31185,4877,4765,84,4849,1
2021-01-22,Los Angeles,037,10098052,1084970,1031177,36894,1068071,14777
2021-01-22,Madera,039,155013,14344,13781,713,14494,86
2021-01-22,Marin,041,260295,12053,11769,131,11900,177
2021-01-22,Mariposa,043,17540,346,323,3,326,3
2021-01-22,Mendocino,045,87422,3172,2994,56,3050,32
2021-01-22,Merced,047,269075,25350,24616,684,25300,290
2021-01-22,Modoc,049,8938,305,285,93,378,0
2021-01-22,Mono,051,14174,1112,1108,11,1119,3
2021-01-22,Monterey,053,433212,38282,36909,1334,38243,253
2021-01-22,Napa,055,140530,8201,7828,31,7859,40
2021-01-22,Nevada,057,99092,3518,3296,140,3436,18
2021-01-22,Orange,059,3164182,227475,220384,9482,229866,2542
2021-01-22,Placer,061,380077,18801,17636,951,18587,193
2021-01-22,Plumas,063,18699,605,522,11,533,2
2021-01-22,Riverside,065,2383286,262659,252440,12999,265439,2710
2021-01-22,Sacramento,067,1510023,85294,82861,1039,83900,1094
2021-01-22,San Benito,069,59416,5263,5143,68,5211,43
2021-01-22,San Bernardino,071,2135413,269657,259121,8244,267365,1849
2021-01-22,San Diego,073,3302833,237750,222576,10995,233571,2301
2021-01-22,San Francisco,075,870044,30833,30027,799,30826,266
2021-01-22,San Joaquin,077,732212,60807,58485,2495,60980,812
2021-01-22,San Luis Obispo,079,281455,17324,16336,469,16805,172
2021-01-22,San Mateo,081,765935,35589,33401,310,33711,211
2021-01-22,Santa Barbara,083,443738,28138,25989,924,26913,256
2021-01-22,Santa Clara,085,1922200,99188,96435,457,96892,1062
2021-01-22,Santa Cruz,087,273765,13886,12687,708,13395,123
2021-01-22,Shasta,089,179085,10113,9866,1073,10939,103
2021-01-22,Sierra,091,2930,45,40,14,54,0
2021-01-22,Siskiyou,093,43540,1269,1182,200,1382,4
2021-01-22,Solano,095,438530,27090,26048,303,26351,107
2021-01-22,Sonoma,097,501317,25324,24659,133,24792,232
2021-01-22,Stanislaus,099,539301,45416,43489,4759,48248,599
2021-01-22,Sutter,101,95872,8083,7878,80,7958,80
2021-01-22,Tehama,103,63373,4126,3993,465,4458,19
2021-01-22,Trinity,105,12862,363,263,47,310,3
2021-01-22,Tulare,107,460477,43929,42307,6587,48894,573
2021-01-22,Tuolumne,109,53932,3455,3379,29,3408,29
2021-01-22,Ventura,111,848112,67511,64404,2470,66874,426
2021-01-22,Yolo,113,214977,11731,11014,147,11161,141
2021-01-22,Yuba,115,75493,4985,4789,65,4854,29
2021-01-21,Alameda,001,1643700,71838,69314,1573,70887,739
2021-01-21,Alpine,003,1148,74,71,0,71,0
2021-01-21,Amador,005,37829,3112,3038,25,3063,29
2021-01-21,Butte,007,227075,10227,9643,1471,11114,130
2021-01-21,Calaveras,009,45235,1697,1647,10,1657,21
2021-01-21,Colusa,011,21464,1713,1662,193,1855,7
2021-01-21,Contra Costa,013,1133247,56005,53595,964,54559,478
2021-01-21,Del Norte,015,27424,854,850,0,850,2
2021-01-21,El Dorado,017,186661,8328,7823,573,8396,58
2021-01-21,Fresno,019,978130,88174,84137,6901,91038,889
2021-01-21,Glenn,021,27897,2057,1964,427,2391,13
2021-01-21,Humboldt,023,135768,2629,2423,16,2439,23
2021-01-21,Imperial,025,180216,26023,25509,2424,27933,463
2021-01-21,Inyo,027,18085,1023,946,1,947,26
2021-01-21,Kern,029,883053,85109,81328,8119,89447,769
2021-01-21,Kings,031,150075,20325,19633,877,20510,158
2021-01-21,Lake,033,64148,2774,2669,0,2669,32
2021-01-21,Lassen,035,31185,4871,4763,84,4847,1
2021-01-21,Los Angeles,037,10098052,1078338,1023055,36557,1059612,14537
2021-01-21,Madera,039,155013,14277,13664,705,14369,86
2021-01-21,Marin,041,260295,11997,11732,129,11861,173
2021-01-21,Mariposa,043,17540,342,322,3,325,3
2021-01-21,Mendocino,045,87422,3149,2967,54,3021,32
2021-01-21,Merced,047,269075,25195,24426,678,25104,245
2021-01-21,Modoc,049,8938,302,284,92,376,0
2021-01-21,Mono,051,14174,1107,1104,11,1115,3
2021-01-21,Monterey,053,433212,38002,36149,1323,37472,253
2021-01-21,Napa,055,140530,8137,7774,31,7805,40
2021-01-21,Nevada,057,99092,3489,3274,139,3413,18
2021-01-21,Orange,059,3164182,226098,218867,9425,228292,2540
2021-01-21,Placer,061,380077,18718,17553,947,18500,190
2021-01-21,Plumas,063,18699,601,518,11,529,2
2021-01-21,Riverside,065,2383286,260945,251007,12917,263924,2676
2021-01-21,Sacramento,067,1510023,84815,82303,1019,83322,1084
2021-01-21,San Benito,069,59416,5230,5100,62,5162,43
2021-01-21,San Bernardino,071,2135413,268307,257754,8177,265931,1832
2021-01-21,San Diego,073,3302833,235976,219729,10888,230617,2222
2021-01-21,San Francisco,075,870044,30657,29801,765,30566,266
2021-01-21,San Joaquin,077,732212,60499,58270,2474,60744,806
2021-01-21,San Luis Obispo,079,281455,17238,16153,461,16614,169
2021-01-21,San Mateo,081,765935,35342,33156,296,33452,210
2021-01-21,Santa Barbara,083,443738,27855,25654,910,26564,253
2021-01-21,Santa Clara,085,1922200,98567,96028,449,96477,1062
2021-01-21,Santa Cruz,087,273765,13802,12548,698,13246,119
2021-01-21,Shasta,089,179085,10071,9795,1056,10851,98
2021-01-21,Sierra,091,2930,45,40,14,54,0
2021-01-21,Siskiyou,093,43540,1266,1178,197,1375,4
2021-01-21,Solano,095,438530,26909,25885,299,26184,106
2021-01-21,Sonoma,097,501317,25190,24440,131,24571,230
2021-01-21,Stanislaus,099,539301,45112,43223,4713,47936,599
2021-01-21,Sutter,101,95872,8049,7822,80,7902,80
2021-01-21,Tehama,103,63373,4091,3938,465,4403,19
2021-01-21,Trinity,105,12862,363,261,47,308,3
2021-01-21,Tulare,107,460477,43724,42082,6505,48587,569
2021-01-21,Tuolumne,109,53932,3445,3365,29,3394,29
2021-01-21,Ventura,111,848112,66819,63995,2448,66443,420
2021-01-21,Yolo,113,214977,11640,10940,139,11079,141
2021-01-21,Yuba,115,75493,4954,4757,64,4821,29
2021-01-20,Alameda,001,1643700,71320,68785,1558,70343,702
2021-01-20,Alpine,003,1148,74,71,0,71,0
2021-01-20,Amador,005,37829,3081,3036,25,3061,29
2021-01-20,Butte,007,227075,10171,9582,1460,11042,130
2021-01-20,Calaveras,009,45235,1677,1637,9,1646,21
2021-01-20,Colusa,011,21464,1697,1630,188,1818,7
2021-01-20,Contra Costa,013,1133247,55550,53108,958,54066,461
2021-01-20,Del Norte,015,27424,853,848,0,848,2
2021-01-20,El Dorado,017,186661,8282,7785,569,8354,53
2021-01-20,Fresno,019,978130,87753,83591,6848,90439,872
2021-01-20,Glenn,021,27897,2039,1955,424,2379,13
2021-01-20,Humboldt,023,135768,2586,2390,16,2406,22
2021-01-20,Imperial,025,180216,25954,25380,2386,27766,461
2021-01-20,Inyo,027,18085,1013,901,1,902,26
2021-01-20,Kern,029,883053,84659,80701,8012,88713,754
2021-01-20,Kings,031,150075,20236,19522,868,20390,146
2021-01-20,Lake,033,64148,2752,2646,0,2646,31
2021-01-20,Lassen,035,31185,4863,4758,82,4840,1
2021-01-20,Los Angeles,037,10098052,1070869,1015608,36262,1051870,14299
2021-01-20,Madera,039,155013,14212,13585,700,14285,86
2021-01-20,Marin,041,260295,11943,11684,127,11811,171
2021-01-20,Mariposa,043,17540,340,322,3,325,3
2021-01-20,Mendocino,045,87422,3134,2957,54,3011,32
2021-01-20,Merced,047,269075,25021,24220,657,24877,243
2021-01-20,Modoc,049,8938,301,282,92,374,0
2021-01-20,Mono,051,14174,1100,1105,10,1115,3
2021-01-20,Monterey,053,433212,37686,35960,1300,37260,249
2021-01-20,Napa,055,140530,8068,7731,30,7761,40
2021-01-20,Nevada,057,99092,3457,3238,139,3377,18
2021-01-20,Orange,059,3164182,224561,216893,9359,226252,2500
2021-01-20,Placer,061,380077,18614,17455,928,18383,186
2021-01-20,Plumas,063,18699,599,512,11,523,2
2021-01-20,Riverside,065,2383286,258938,248686,12829,261515,2615
2021-01-20,Sacramento,067,1510023,84254,81687,1008,82695,1072
2021-01-20,San Benito,069,59416,5200,5036,61,5097,35
2021-01-20,San Bernardino,071,2135413,266947,255921,8125,264046,1801
2021-01-20,San Diego,073,3302833,234123,218553,10786,229339,2174
2021-01-20,San Francisco,075,870044,30464,29665,744,30409,262
2021-01-20,San Joaquin,077,732212,60096,58025,2465,60490,783
2021-01-20,San Luis Obispo,079,281455,17057,15936,452,16388,164
2021-01-20,San Mateo,081,765935,35118,32929,295,33224,210
2021-01-20,Santa Barbara,083,443738,27541,25312,897,26209,248
2021-01-20,Santa Clara,085,1922200,97886,94995,448,95443,1040
2021-01-20,Santa Cruz,087,273765,13696,12460,684,13144,107
2021-01-20,Shasta,089,179085,10020,9697,1045,10742,98
2021-01-20,Sierra,091,2930,45,40,14,54,0
2021-01-20,Siskiyou,093,43540,1260,1163,196,1359,4
2021-01-20,Solano,095,438530,26715,25659,295,25954,106
2021-01-20,Sonoma,097,501317,25055,24262,129,24391,223
2021-01-20,Stanislaus,099,539301,44824,42955,4666,47621,585
2021-01-20,Sutter,101,95872,7997,7772,78,7850,80
2021-01-20,Tehama,103,63373,4066,3892,464,4356,19
2021-01-20,Trinity,105,12862,363,260,47,307,3
2021-01-20,Tulare,107,460477,43472,41799,6406,48205,559
2021-01-20,Tuolumne,109,53932,3431,3355,28,3383,29
2021-01-20,Ventura,111,848112,65863,63413,2419,65832,395
2021-01-20,Yolo,113,214977,11569,10852,136,10988,141
2021-01-20,Yuba,115,75493,4927,4729,64,4793,29
2021-01-19,Alameda,001,1643700,70673,68434,1548,69982,680
2021-01-19,Alpine,003,1148,74,71,0,71,0
2021-01-19,Amador,005,37829,3072,3024,25,3049,28
2021-01-19,Butte,007,227075,10106,9528,1446,10974,129
2021-01-19,Calaveras,009,45235,1661,1621,8,1629,21
2021-01-19,Colusa,011,21464,1675,1617,180,1797,7
2021-01-19,Contra Costa,013,1133247,55053,52730,945,53675,448
2021-01-19,Del Norte,015,27424,852,843,0,843,2
2021-01-19,El Dorado,017,186661,8222,7743,561,8304,47
2021-01-19,Fresno,019,978130,87236,83200,6796,89996,857
2021-01-19,Glenn,021,27897,2028,1948,418,2366,13
2021-01-19,Humboldt,023,135768,2562,2359,13,2372,22
2021-01-19,Imperial,025,180216,25875,25333,2367,27700,452
2021-01-19,Inyo,027,18085,1006,891,1,892,26
2021-01-19,Kern,029,883053,84072,80272,7905,88177,742
2021-01-19,Kings,031,150075,20097,19375,856,20231,143
2021-01-19,Lake,033,64148,2737,2625,0,2625,31
2021-01-19,Lassen,035,31185,4856,4753,82,4835,1
2021-01-19,Los Angeles,037,10098052,1062225,1010375,35976,1046351,14014
2021-01-19,Madera,039,155013,14095,13528,692,14220,86
2021-01-19,Marin,041,260295,11885,11654,123,11777,169
2021-01-19,Mariposa,043,17540,340,322,3,325,3
2021-01-19,Mendocino,045,87422,3117,2930,54,2984,32
2021-01-19,Merced,047,269075,24807,24108,651,24759,242
2021-01-19,Modoc,049,8938,300,281,92,373,0
2021-01-19,Mono,051,14174,1099,1106,10,1116,3
2021-01-19,Monterey,053,433212,37360,35840,1275,37115,248
2021-01-19,Napa,055,140530,8009,7672,30,7702,38
2021-01-19,Nevada,057,99092,3439,3216,137,3353,18
2021-01-19,Orange,059,3164182,222821,215244,9290,224534,2468
2021-01-19,Placer,061,380077,18513,17348,918,18266,182
2021-01-19,Plumas,063,18699,592,509,11,520,2
2021-01-19,Riverside,065,2383286,256884,246248,12750,258998,2585
2021-01-19,Sacramento,067,1510023,83716,81183,988,82171,1053
2021-01-19,San Benito,069,59416,5154,4988,60,5048,35
2021-01-19,San Bernardino,071,2135413,265192,253651,8065,261716,1777
2021-01-19,San Diego,073,3302833,231704,216833,10689,227522,2109
2021-01-19,San Francisco,075,870044,30245,29502,711,30213,261
2021-01-19,San Joaquin,077,732212,59716,57655,2450,60105,782
2021-01-19,San Luis Obispo,079,281455,16794,15855,449,16304,161
2021-01-19,San Mateo,081,765935,34834,32730,283,33013,208
2021-01-19,Santa Barbara,083,443738,27161,24991,878,25869,236
2021-01-19,Santa Clara,085,1922200,97102,94483,446,94929,1010
2021-01-19,Santa Cruz,087,273765,13581,12410,674,13084,106
2021-01-19,Shasta,089,179085,9984,9614,1035,10649,93
2021-01-19,Sierra,091,2930,45,40,12,52,0
2021-01-19,Siskiyou,093,43540,1252,1149,195,1344,4
2021-01-19,Solano,095,438530,26468,25520,295,25815,106
2021-01-19,Sonoma,097,501317,24876,24133,127,24260,223
2021-01-19,Stanislaus,099,539301,44474,42723,4608,47331,561
2021-01-19,Sutter,101,95872,7946,7709,72,7781,80
2021-01-19,Tehama,103,63373,4032,3876,462,4338,19
2021-01-19,Trinity,105,12862,362,260,47,307,3
2021-01-19,Tulare,107,460477,43198,41559,6304,47863,549
2021-01-19,Tuolumne,109,53932,3404,3328,28,3356,29
2021-01-19,Ventura,111,848112,65186,62656,2392,65048,383
2021-01-19,Yolo,113,214977,11486,10789,136,10925,134
2021-01-19,Yuba,115,75493,4893,4695,63,4758,29
2021-01-18,Alameda,001,1643700,70030,67938,1530,69468,680
2021-01-18,Alpine,003,1148,74,71,0,71,0
2021-01-18,Amador,005,37829,3058,3016,25,3041,28
2021-01-18,Butte,007,227075,10018,9474,1433,10907,129
2021-01-18,Calaveras,009,45235,1639,1617,7,1624,21
2021-01-18,Colusa,011,21464,1658,1608,175,1783,7
2021-01-18,Contra Costa,013,1133247,54536,52323,937,53260,448
2021-01-18,Del Norte,015,27424,851,840,0,840,2
2021-01-18,El Dorado,017,186661,8153,7707,559,8266,47
2021-01-18,Fresno,019,978130,86627,82485,6727,89212,857
2021-01-18,Glenn,021,27897,2011,1935,414,2349,13
2021-01-18,Humboldt,023,135768,2524,2343,13,2356,22
2021-01-18,Imperial,025,180216,25807,25317,2340,27657,452
2021-01-18,Inyo,027,18085,994,872,1,873,26
2021-01-18,Kern,029,883053,83433,79930,7812,87742,740
2021-01-18,Kings,031,150075,19929,19267,843,20110,141
2021-01-18,Lake,033,64148,2719,2591,0,2591,30
2021-01-18,Lassen,035,31185,4820,4749,81,4830,1
2021-01-18,Los Angeles,037,10098052,1052752,1002614,35675,1038289,13828
2021-01-18,Madera,039,155013,13980,13443,684,14127,85
2021-01-18,Marin,041,260295,11837,11607,121,11728,165
2021-01-18,Mariposa,043,17540,337,320,2,322,3
2021-01-18,Mendocino,045,87422,3094,2919,54,2973,31
2021-01-18,Merced,047,269075,24563,23927,634,24561,242
2021-01-18,Modoc,049,8938,297,281,89,370,0
2021-01-18,Mono,051,14174,1096,1101,10,1111,3
2021-01-18,Monterey,053,433212,36886,35549,1257,36806,247
2021-01-18,Napa,055,140530,7935,7601,30,7631,38
2021-01-18,Nevada,057,99092,3401,3199,136,3335,17
2021-01-18,Orange,059,3164182,220913,213866,9230,223096,2405
2021-01-18,Placer,061,380077,18395,17263,908,18171,182
2021-01-18,Plumas,063,18699,588,506,11,517,2
2021-01-18,Riverside,065,2383286,254611,244151,12658,256809,2568
2021-01-18,Sacramento,067,1510023,83037,80546,972,81518,1046
2021-01-18,San Benito,069,59416,5103,4963,58,5021,35
2021-01-18,San Bernardino,071,2135413,263401,252808,8006,260814,1775
2021-01-18,San Diego,073,3302833,229062,214335,10560,224895,2103
2021-01-18,San Francisco,075,870044,30038,29321,687,30008,259
2021-01-18,San Joaquin,077,732212,59194,57405,2427,59832,782
2021-01-18,San Luis Obispo,079,281455,16607,15742,439,16181,158
2021-01-18,San Mateo,081,765935,34518,32515,264,32779,208
2021-01-18,Santa Barbara,083,443738,26789,24638,864,25502,235
2021-01-18,Santa Clara,085,1922200,96203,93688,442,94130,992
2021-01-18,Santa Cruz,087,273765,13449,12298,661,12959,106
2021-01-18,Shasta,089,179085,9946,9600,1023,10623,92
2021-01-18,Sierra,091,2930,44,40,12,52,0
2021-01-18,Siskiyou,093,43540,1240,1144,193,1337,4
2021-01-18,Solano,095,438530,26181,25344,290,25634,105
2021-01-18,Sonoma,097,501317,24608,24068,126,24194,223
2021-01-18,Stanislaus,099,539301,44118,42413,4558,46971,562
2021-01-18,Sutter,101,95872,7889,7680,69,7749,78
2021-01-18,Tehama,103,63373,3984,3854,455,4309,19
2021-01-18,Trinity,105,12862,362,260,47,307,3
2021-01-18,Tulare,107,460477,42912,41196,6185,47381,549
2021-01-18,Tuolumne,109,53932,3381,3318,27,3345,28
2021-01-18,Ventura,111,848112,64757,61859,2369,64228,379
2021-01-18,Yolo,113,214977,11354,10620,133,10753,134
2021-01-18,Yuba,115,75493,4865,4671,61,4732,29
2021-01-17,Alameda,001,1643700,69466,67375,1510,68885,676
2021-01-17,Alpine,003,1148,74,71,0,71,0
2021-01-17,Amador,005,37829,3051,3001,25,3026,28
2021-01-17,Butte,007,227075,9946,9411,1411,10822,129
2021-01-17,Calaveras,009,45235,1626,1608,7,1615,21
2021-01-17,Colusa,011,21464,1645,1588,169,1757,7
2021-01-17,Contra Costa,013,1133247,54050,51932,930,52862,447
2021-01-17,Del Norte,015,27424,851,838,0,838,2
2021-01-17,El Dorado,017,186661,8097,7659,546,8205,47
2021-01-17,Fresno,019,978130,86073,82039,6649,88688,857
2021-01-17,Glenn,021,27897,2000,1924,409,2333,9
2021-01-17,Humboldt,023,135768,2486,2322,11,2333,22
2021-01-17,Imperial,025,180216,25737,25253,2295,27548,451
2021-01-17,Inyo,027,18085,988,864,1,865,26
2021-01-17,Kern,029,883053,82885,79489,7726,87215,738
2021-01-17,Kings,031,150075,19793,19201,829,20030,131
2021-01-17,Lake,033,64148,2701,2572,0,2572,30
2021-01-17,Lassen,035,31185,4812,4740,80,4820,1
2021-01-17,Los Angeles,037,10098052,1046150,993028,35248,1028276,13741
2021-01-17,Madera,039,155013,13888,13328,678,14006,85
2021-01-17,Marin,041,260295,11783,11552,119,11671,164
2021-01-17,Mariposa,043,17540,337,319,2,321,3
2021-01-17,Mendocino,045,87422,3066,2912,53,2965,31
2021-01-17,Merced,047,269075,24346,23800,619,24419,242
2021-01-17,Modoc,049,8938,296,279,89,368,0
2021-01-17,Mono,051,14174,1090,1091,9,1100,3
2021-01-17,Monterey,053,433212,36654,35340,1232,36572,244
2021-01-17,Napa,055,140530,7879,7521,30,7551,38
2021-01-17,Nevada,057,99092,3376,3176,134,3310,17
2021-01-17,Orange,059,3164182,218914,212389,9151,221540,2359
2021-01-17,Placer,061,380077,18277,17194,892,18086,181
2021-01-17,Plumas,063,18699,587,505,10,515,2
2021-01-17,Riverside,065,2383286,252522,242206,12533,254739,2534
2021-01-17,Sacramento,067,1510023,82433,80154,958,81112,1045
2021-01-17,San Benito,069,59416,5065,4941,58,4999,35
2021-01-17,San Bernardino,071,2135413,261269,251487,7916,259403,1775
2021-01-17,San Diego,073,3302833,226869,211785,10454,222239,2103
2021-01-17,San Francisco,075,870044,29852,29139,648,29787,255
2021-01-17,San Joaquin,077,732212,58826,57094,2411,59505,780
2021-01-17,San Luis Obispo,079,281455,16485,15658,430,16088,157
2021-01-17,San Mateo,081,765935,34266,32186,239,32425,208
2021-01-17,Santa Barbara,083,443738,26342,24401,848,25249,235
2021-01-17,Santa Clara,085,1922200,95451,92752,439,93191,976
2021-01-17,Santa Cruz,087,273765,13337,12196,658,12854,106
2021-01-17,Shasta,089,179085,9888,9588,1015,10603,92
2021-01-17,Sierra,091,2930,44,38,11,49,0
2021-01-17,Siskiyou,093,43540,1233,1136,190,1326,4
2021-01-17,Solano,095,438530,25950,25216,288,25504,105
2021-01-17,Sonoma,097,501317,24441,23871,126,23997,223
2021-01-17,Stanislaus,099,539301,43802,42221,4497,46718,562
2021-01-17,Sutter,101,95872,7826,7604,67,7671,77
2021-01-17,Tehama,103,63373,3955,3837,450,4287,18
2021-01-17,Trinity,105,12862,362,261,47,308,3
2021-01-17,Tulare,107,460477,42628,41016,6057,47073,549
2021-01-17,Tuolumne,109,53932,3364,3287,27,3314,27
2021-01-17,Ventura,111,848112,63914,61257,2322,63579,376
2021-01-17,Yolo,113,214977,11254,10519,132,10651,134
2021-01-17,Yuba,115,75493,4814,4640,59,4699,28
2021-01-16,Alameda,001,1643700,69147,66583,1496,68079,673
2021-01-16,Alpine,003,1148,74,71,0,71,0
2021-01-16,Amador,005,37829,3048,2986,25,3011,28
2021-01-16,Butte,007,227075,9916,9359,1391,10750,129
2021-01-16,Calaveras,009,45235,1612,1596,7,1603,21
2021-01-16,Colusa,011,21464,1633,1578,169,1747,7
2021-01-16,Contra Costa,013,1133247,53789,51363,921,52284,443
2021-01-16,Del Norte,015,27424,846,833,0,833,2
2021-01-16,El Dorado,017,186661,8075,7575,545,8120,47
2021-01-16,Fresno,019,978130,85802,81294,6596,87890,846
2021-01-16,Glenn,021,27897,1996,1894,405,2299,9
2021-01-16,Humboldt,023,135768,2466,2294,9,2303,22
2021-01-16,Imperial,025,180216,25704,25140,2287,27427,451
2021-01-16,Inyo,027,18085,984,845,1,846,25
2021-01-16,Kern,029,883053,82521,78865,7671,86536,733
2021-01-16,Kings,031,150075,19737,19072,826,19898,131
2021-01-16,Lake,033,64148,2692,2504,0,2504,30
2021-01-16,Lassen,035,31185,4802,4719,80,4799,1
2021-01-16,Los Angeles,037,10098052,1042085,982684,34999,1017683,13654
2021-01-16,Madera,039,155013,13824,13193,674,13867,85
2021-01-16,Marin,041,260295,11741,11482,119,11601,164
2021-01-16,Mariposa,043,17540,336,317,2,319,3
2021-01-16,Mendocino,045,87422,3052,2890,51,2941,31
2021-01-16,Merced,047,269075,24257,23478,607,24085,242
2021-01-16,Modoc,049,8938,296,278,89,367,0
2021-01-16,Mono,051,14174,1089,1079,9,1088,3
2021-01-16,Monterey,053,433212,36555,34972,1214,36186,243
2021-01-16,Napa,055,140530,7840,7356,30,7386,39
2021-01-16,Nevada,057,99092,3343,3144,134,3278,17
2021-01-16,Orange,059,3164182,217879,210111,9091,219202,2312
2021-01-16,Placer,061,380077,18217,16995,890,17885,177
2021-01-16,Plumas,063,18699,585,502,10,512,2
2021-01-16,Riverside,065,2383286,251174,239412,12411,251823,2506
2021-01-16,Sacramento,067,1510023,82056,79122,940,80062,1033
2021-01-16,San Benito,069,59416,5029,4875,58,4933,35
2021-01-16,San Bernardino,071,2135413,260505,249401,7850,257251,1755
2021-01-16,San Diego,073,3302833,225574,209895,10359,220254,2065
2021-01-16,San Francisco,075,870044,29727,28853,616,29469,244
2021-01-16,San Joaquin,077,732212,58584,56642,2378,59020,776
2021-01-16,San Luis Obispo,079,281455,16385,15466,428,15894,152
2021-01-16,San Mateo,081,765935,34101,31805,233,32038,208
2021-01-16,Santa Barbara,083,443738,26147,24088,840,24928,229
2021-01-16,Santa Clara,085,1922200,94989,91584,432,92016,954
2021-01-16,Santa Cruz,087,273765,13278,12026,656,12682,106
2021-01-16,Shasta,089,179085,9855,9547,1011,10558,92
2021-01-16,Sierra,091,2930,43,38,11,49,0
2021-01-16,Siskiyou,093,43540,1228,1124,190,1314,4
2021-01-16,Solano,095,438530,25844,24732,281,25013,103
2021-01-16,Sonoma,097,501317,24354,23607,125,23732,223
2021-01-16,Stanislaus,099,539301,43613,41809,4446,46255,562
2021-01-16,Sutter,101,95872,7794,7560,67,7627,76
2021-01-16,Tehama,103,63373,3942,3783,450,4233,18
2021-01-16,Trinity,105,12862,362,261,47,308,3
2021-01-16,Tulare,107,460477,42450,40655,5981,46636,542
2021-01-16,Tuolumne,109,53932,3357,3269,27,3296,27
2021-01-16,Ventura,111,848112,63362,60368,2292,62660,369
2021-01-16,Yolo,113,214977,11205,10406,131,10537,134
2021-01-16,Yuba,115,75493,4783,4602,59,4661,27
2021-01-15,Alameda,001,1643700,68714,65416,1486,66902,672
2021-01-15,Alpine,003,1148,74,71,0,71,0
2021-01-15,Amador,005,37829,3041,2953,25,2978,28
2021-01-15,Butte,007,227075,9878,9233,1373,10606,129
2021-01-15,Calaveras,009,45235,1605,1538,7,1545,21
2021-01-15,Colusa,011,21464,1622,1541,165,1706,7
2021-01-15,Contra Costa,013,1133247,53461,50408,914,51322,428
2021-01-15,Del Norte,015,27424,842,828,0,828,2
2021-01-15,El Dorado,017,186661,8026,7439,536,7975,47
2021-01-15,Fresno,019,978130,85264,79950,6562,86512,832
2021-01-15,Glenn,021,27897,1991,1824,403,2227,9
2021-01-15,Humboldt,023,135768,2439,2218,8,2226,22
2021-01-15,Imperial,025,180216,25670,24944,2281,27225,446
2021-01-15,Inyo,027,18085,966,814,1,815,25
2021-01-15,Kern,029,883053,82112,77873,7606,85479,719
2021-01-15,Kings,031,150075,19630,18661,818,19479,131
2021-01-15,Lake,033,64148,2664,2434,0,2434,28
2021-01-15,Lassen,035,31185,4791,4693,78,4771,1
2021-01-15,Los Angeles,037,10098052,1035064,968979,34696,1003675,13404
2021-01-15,Madera,039,155013,13735,12883,671,13554,85
2021-01-15,Marin,041,260295,11691,11310,119,11429,160
2021-01-15,Mariposa,043,17540,334,307,2,309,3
2021-01-15,Mendocino,045,87422,3041,2835,51,2886,31
2021-01-15,Merced,047,269075,24144,23060,603,23663,239
2021-01-15,Modoc,049,8938,296,278,87,365,0
2021-01-15,Mono,051,14174,1086,1057,9,1066,3
2021-01-15,Monterey,053,433212,36350,34460,1154,35614,243
2021-01-15,Napa,055,140530,7778,7231,30,7261,38
2021-01-15,Nevada,057,99092,3330,3099,130,3229,17
2021-01-15,Orange,059,3164182,216517,207129,9038,216167,2254
2021-01-15,Placer,061,380077,18118,16712,880,17592,173
2021-01-15,Plumas,063,18699,582,499,10,509,2
2021-01-15,Riverside,065,2383286,249343,235235,12332,247567,2458
2021-01-15,Sacramento,067,1510023,81639,80279,932,81211,1023
2021-01-15,San Benito,069,59416,4985,4766,56,4822,35
2021-01-15,San Bernardino,071,2135413,259355,246182,7791,253973,1726
2021-01-15,San Diego,073,3302833,223826,206868,10294,217162,2037
2021-01-15,San Francisco,075,870044,29557,28574,594,29168,242
2021-01-15,San Joaquin,077,732212,58353,55885,2363,58248,748
2021-01-15,San Luis Obispo,079,281455,16251,15129,423,15552,148
2021-01-15,San Mateo,081,765935,33856,31291,229,31520,208
2021-01-15,Santa Barbara,083,443738,25872,23487,828,24315,226
2021-01-15,Santa Clara,085,1922200,94336,90103,427,90530,942
2021-01-15,Santa Cruz,087,273765,13170,11776,641,12417,105
2021-01-15,Shasta,089,179085,9816,9459,1003,10462,91
2021-01-15,Sierra,091,2930,42,36,10,46,0
2021-01-15,Siskiyou,093,43540,1224,1119,189,1308,4
2021-01-15,Solano,095,438530,25695,24222,278,24500,103
2021-01-15,Sonoma,097,501317,24223,23204,124,23328,222
2021-01-15,Stanislaus,099,539301,43372,41178,4408,45586,562
2021-01-15,Sutter,101,95872,7747,7484,66,7550,75
2021-01-15,Tehama,103,63373,3921,3714,449,4163,17
2021-01-15,Trinity,105,12862,362,262,47,309,3
2021-01-15,Tulare,107,460477,42203,39951,5896,45847,535
2021-01-15,Tuolumne,109,53932,3341,3231,27,3258,27
2021-01-15,Ventura,111,848112,62618,59061,2258,61319,353
2021-01-15,Yolo,113,214977,11147,10240,130,10370,134
2021-01-15,Yuba,115,75493,4762,4549,59,4608,27
2021-01-14,Alameda,001,1643700,68069,64364,1471,65835,686
2021-01-14,Alpine,003,1148,74,71,0,71,0
2021-01-14,Amador,005,37829,3035,2940,25,2965,28
2021-01-14,Butte,007,227075,9794,9127,1351,10478,129
2021-01-14,Calaveras,009,45235,1588,1513,7,1520,21
2021-01-14,Colusa,011,21464,1607,1535,162,1697,7
2021-01-14,Contra Costa,013,1133247,52908,49545,899,50444,415
2021-01-14,Del Norte,015,27424,836,821,0,821,2
2021-01-14,El Dorado,017,186661,7953,7321,527,7848,45
2021-01-14,Fresno,019,978130,84631,79033,6487,85520,814
2021-01-14,Glenn,021,27897,1978,1798,398,2196,9
2021-01-14,Humboldt,023,135768,2396,2169,8,2177,22
2021-01-14,Imperial,025,180216,25564,24882,2242,27124,447
2021-01-14,Inyo,027,18085,959,790,1,791,25
2021-01-14,Kern,029,883053,81446,77070,7502,84572,705
2021-01-14,Kings,031,150075,19501,18405,812,19217,108
2021-01-14,Lake,033,64148,2622,2378,0,2378,27
2021-01-14,Lassen,035,31185,4781,4673,76,4749,1
2021-01-14,Los Angeles,037,10098052,1025090,954652,34295,988947,13147
2021-01-14,Madera,039,155013,13618,12742,660,13402,85
2021-01-14,Marin,041,260295,11617,11155,118,11273,159
2021-01-14,Mariposa,043,17540,331,302,2,304,3
2021-01-14,Mendocino,045,87422,3027,2801,49,2850,31
2021-01-14,Merced,047,269075,23916,22780,593,23373,239
2021-01-14,Modoc,049,8938,296,273,87,360,0
2021-01-14,Mono,051,14174,1078,1020,9,1029,3
2021-01-14,Monterey,053,433212,35939,34105,1135,35240,242
2021-01-14,Napa,055,140530,7693,7117,30,7147,38
2021-01-14,Nevada,057,99092,3303,3075,128,3203,17
2021-01-14,Orange,059,3164182,214597,204442,8948,213390,2162
2021-01-14,Placer,061,380077,17959,16488,872,17360,169
2021-01-14,Plumas,063,18699,574,496,10,506,2
2021-01-14,Riverside,065,2383286,246727,231684,12228,243912,2357
2021-01-14,Sacramento,067,1510023,81002,79137,907,80044,1007
2021-01-14,San Benito,069,59416,4951,4678,55,4733,35
2021-01-14,San Bernardino,071,2135413,257393,243379,7715,251094,1750
2021-01-14,San Diego,073,3302833,221436,204173,10174,214347,2005
2021-01-14,San Francisco,075,870044,29316,28200,541,28741,238
2021-01-14,San Joaquin,077,732212,57839,55058,2348,57406,739
2021-01-14,San Luis Obispo,079,281455,16092,14851,413,15264,146
2021-01-14,San Mateo,081,765935,33488,30694,220,30914,208
2021-01-14,Santa Barbara,083,443738,25465,23126,801,23927,219
2021-01-14,Santa Clara,085,1922200,93446,88505,420,88925,910
2021-01-14,Santa Cruz,087,273765,13023,11583,625,12208,109
2021-01-14,Shasta,089,179085,9768,9334,986,10320,90
2021-01-14,Sierra,091,2930,42,35,9,44,0
2021-01-14,Siskiyou,093,43540,1213,1108,186,1294,3
2021-01-14,Solano,095,438530,25434,23782,274,24056,103
2021-01-14,Sonoma,097,501317,23980,22910,124,23034,202
2021-01-14,Stanislaus,099,539301,43050,40597,4366,44963,574
2021-01-14,Sutter,101,95872,7688,7416,63,7479,74
2021-01-14,Tehama,103,63373,3891,3664,445,4109,17
2021-01-14,Trinity,105,12862,362,261,46,307,3
2021-01-14,Tulare,107,460477,41821,39565,5783,45348,533
2021-01-14,Tuolumne,109,53932,3320,3215,27,3242,28
2021-01-14,Ventura,111,848112,61746,57941,2220,60161,347
2021-01-14,Yolo,113,214977,11036,10097,124,10221,135
2021-01-14,Yuba,115,75493,4730,4496,59,4555,27
2021-01-13,Alameda,001,1643700,67319,63568,1452,65020,690
2021-01-13,Alpine,003,1148,74,71,0,71,0
2021-01-13,Amador,005,37829,3021,2914,25,2939,26
2021-01-13,Butte,007,227075,9715,9013,1336,10349,126
2021-01-13,Calaveras,009,45235,1566,1493,7,1500,21
2021-01-13,Colusa,011,21464,1595,1524,157,1681,7
2021-01-13,Contra Costa,013,1133247,52328,48877,885,49762,403
2021-01-13,Del Norte,015,27424,832,820,0,820,2
2021-01-13,El Dorado,017,186661,7860,7247,519,7766,43
2021-01-13,Fresno,019,978130,83923,78278,6434,84712,804
2021-01-13,Glenn,021,27897,1963,1792,390,2182,9
2021-01-13,Humboldt,023,135768,2364,2114,8,2122,22
2021-01-13,Imperial,025,180216,25440,24717,2209,26926,463
2021-01-13,Inyo,027,18085,947,785,1,786,25
2021-01-13,Kern,029,883053,80782,76049,7411,83460,704
2021-01-13,Kings,031,150075,19336,18121,786,18907,108
2021-01-13,Lake,033,64148,2577,2305,0,2305,27
2021-01-13,Lassen,035,31185,4774,4663,75,4738,1
2021-01-13,Los Angeles,037,10098052,1014357,937985,33863,971848,12873
2021-01-13,Madera,039,155013,13494,12570,654,13224,85
2021-01-13,Marin,041,260295,11560,11039,118,11157,161
2021-01-13,Mariposa,043,17540,329,304,2,306,3
2021-01-13,Mendocino,045,87422,3007,2790,49,2839,31
2021-01-13,Merced,047,269075,23676,22497,578,23075,241
2021-01-13,Modoc,049,8938,295,274,84,358,0
2021-01-13,Mono,051,14174,1074,1017,9,1026,3
2021-01-13,Monterey,053,433212,35523,33748,1110,34858,241
2021-01-13,Napa,055,140530,7579,7028,30,7058,36
2021-01-13,Nevada,057,99092,3280,3037,124,3161,17
2021-01-13,Orange,059,3164182,212520,201158,8878,210036,2172
2021-01-13,Placer,061,380077,17831,16272,858,17130,172
2021-01-13,Plumas,063,18699,572,490,10,500,2
2021-01-13,Riverside,065,2383286,243605,228192,12103,240295,2278
2021-01-13,Sacramento,067,1510023,80343,78268,900,79168,996
2021-01-13,San Benito,069,59416,4896,4583,54,4637,35
2021-01-13,San Bernardino,071,2135413,255020,240191,7639,247830,1759
2021-01-13,San Diego,073,3302833,218823,201578,10071,211649,1952
2021-01-13,San Francisco,075,870044,29076,27863,517,28380,238
2021-01-13,San Joaquin,077,732212,57215,54373,2316,56689,738
2021-01-13,San Luis Obispo,079,281455,15939,14625,402,15027,140
2021-01-13,San Mateo,081,765935,33147,30195,218,30413,207
2021-01-13,Santa Barbara,083,443738,25034,22714,775,23489,216
2021-01-13,Santa Clara,085,1922200,92470,87187,417,87604,911
2021-01-13,Santa Cruz,087,273765,12850,11423,611,12034,110
2021-01-13,Shasta,089,179085,9705,9180,971,10151,93
2021-01-13,Sierra,091,2930,42,33,9,42,0
2021-01-13,Siskiyou,093,43540,1207,1102,182,1284,3
2021-01-13,Solano,095,438530,25155,23503,273,23776,105
2021-01-13,Sonoma,097,501317,23729,22610,123,22733,206
2021-01-13,Stanislaus,099,539301,42652,40167,4308,44475,574
2021-01-13,Sutter,101,95872,7642,7350,62,7412,73
2021-01-13,Tehama,103,63373,3842,3589,440,4029,17
2021-01-13,Trinity,105,12862,362,260,46,306,3
2021-01-13,Tulare,107,460477,41418,39129,5676,44805,522
2021-01-13,Tuolumne,109,53932,3306,3196,27,3223,28
2021-01-13,Ventura,111,848112,60733,56453,2182,58635,338
2021-01-13,Yolo,113,214977,10935,9933,120,10053,135
2021-01-13,Yuba,115,75493,4688,4448,56,4504,27
2021-01-12,Alameda,001,1643700,66499,62642,1432,64074,677
2021-01-12,Alpine,003,1148,74,71,0,71,0
2021-01-12,Amador,005,37829,3004,2897,25,2922,26
2021-01-12,Butte,007,227075,9631,8883,1315,10198,124
2021-01-12,Calaveras,009,45235,1529,1475,7,1482,21
2021-01-12,Colusa,011,21464,1583,1510,153,1663,7
2021-01-12,Contra Costa,013,1133247,51681,48242,869,49111,399
2021-01-12,Del Norte,015,27424,828,816,0,816,2
2021-01-12,El Dorado,017,186661,7777,7156,508,7664,41
2021-01-12,Fresno,019,978130,83058,77651,6364,84015,796
2021-01-12,Glenn,021,27897,1935,1781,384,2165,9
2021-01-12,Humboldt,023,135768,2310,2077,7,2084,22
2021-01-12,Imperial,025,180216,25353,24566,2166,26732,457
2021-01-12,Inyo,027,18085,930,773,1,774,25
2021-01-12,Kern,029,883053,80080,75320,7308,82628,689
2021-01-12,Kings,031,150075,19128,18072,773,18845,108
2021-01-12,Lake,033,64148,2529,2260,0,2260,27
2021-01-12,Lassen,035,31185,4752,4659,73,4732,1
2021-01-12,Los Angeles,037,10098052,1002737,926295,33437,959732,12610
2021-01-12,Madera,039,155013,13353,12485,646,13131,85
2021-01-12,Marin,041,260295,11451,10960,118,11078,157
2021-01-12,Mariposa,043,17540,327,302,2,304,3
2021-01-12,Mendocino,045,87422,2987,2762,45,2807,31
2021-01-12,Merced,047,269075,23426,22172,555,22727,239
2021-01-12,Modoc,049,8938,293,274,84,358,0
2021-01-12,Mono,051,14174,1065,1008,9,1017,3
2021-01-12,Monterey,053,433212,35023,33381,1088,34469,240
2021-01-12,Napa,055,140530,7496,6936,30,6966,36
2021-01-12,Nevada,057,99092,3252,3014,122,3136,17
2021-01-12,Orange,059,3164182,210229,198260,8789,207049,2142
2021-01-12,Placer,061,380077,17653,16087,852,16939,163
2021-01-12,Plumas,063,18699,566,483,10,493,2
2021-01-12,Riverside,065,2383286,240490,225580,11958,237538,2266
2021-01-12,Sacramento,067,1510023,79603,77201,891,78092,985
2021-01-12,San Benito,069,59416,4829,4515,54,4569,35
2021-01-12,San Bernardino,071,2135413,252451,237008,7566,244574,1739
2021-01-12,San Diego,073,3302833,215912,198317,9953,208270,1898
2021-01-12,San Francisco,075,870044,28800,27531,481,28012,238
2021-01-12,San Joaquin,077,732212,56564,53630,2285,55915,725
2021-01-12,San Luis Obispo,079,281455,15692,14367,394,14761,132
2021-01-12,San Mateo,081,765935,32756,29747,206,29953,206
2021-01-12,Santa Barbara,083,443738,24625,22182,747,22929,209
2021-01-12,Santa Clara,085,1922200,91408,86075,408,86483,904
2021-01-12,Santa Cruz,087,273765,12635,11267,594,11861,110
2021-01-12,Shasta,089,179085,9632,9086,958,10044,84
2021-01-12,Sierra,091,2930,40,33,8,41,0
2021-01-12,Siskiyou,093,43540,1197,1091,176,1267,3
2021-01-12,Solano,095,438530,24851,23160,268,23428,102
2021-01-12,Sonoma,097,501317,23425,22403,123,22526,205
2021-01-12,Stanislaus,099,539301,42201,39615,4272,43887,571
2021-01-12,Sutter,101,95872,7579,7276,61,7337,73
2021-01-12,Tehama,103,63373,3807,3567,436,4003,17
2021-01-12,Trinity,105,12862,362,258,46,304,3
2021-01-12,Tulare,107,460477,40967,38797,5555,44352,509
2021-01-12,Tuolumne,109,53932,3272,3178,27,3205,28
2021-01-12,Ventura,111,848112,59761,55342,2149,57491,324
2021-01-12,Yolo,113,214977,10801,9857,109,9966,133
2021-01-12,Yuba,115,75493,4648,4389,56,4445,27
2021-01-11,Alameda,001,1643700,65645,61949,1414,63363,652
2021-01-11,Alpine,003,1148,74,70,0,70,0
2021-01-11,Amador,005,37829,2990,2867,25,2892,24
2021-01-11,Butte,007,227075,9517,8757,1297,10054,119
2021-01-11,Calaveras,009,45235,1511,1460,7,1467,21
2021-01-11,Colusa,011,21464,1565,1494,149,1643,7
2021-01-11,Contra Costa,013,1133247,51004,47728,859,48587,398
2021-01-11,Del Norte,015,27424,824,810,0,810,2
2021-01-11,El Dorado,017,186661,7684,6987,499,7486,36
2021-01-11,Fresno,019,978130,82182,76581,6284,82865,775
2021-01-11,Glenn,021,27897,1906,1763,375,2138,9
2021-01-11,Humboldt,023,135768,2270,2069,7,2076,22
2021-01-11,Imperial,025,180216,25239,24418,2130,26548,453
2021-01-11,Inyo,027,18085,912,763,1,764,25
2021-01-11,Kern,029,883053,79229,74489,7204,81693,682
2021-01-11,Kings,031,150075,18864,17909,765,18674,108
2021-01-11,Lake,033,64148,2479,2205,0,2205,26
2021-01-11,Lassen,035,31185,4729,4647,72,4719,1
2021-01-11,Los Angeles,037,10098052,989579,914434,32945,947379,12304
2021-01-11,Madera,039,155013,13220,12366,635,13001,85
2021-01-11,Marin,041,260295,11355,10814,115,10929,156
2021-01-11,Mariposa,043,17540,320,296,2,298,3
2021-01-11,Mendocino,045,87422,2960,2728,45,2773,31
2021-01-11,Merced,047,269075,23102,21884,541,22425,238
2021-01-11,Modoc,049,8938,292,271,83,354,0
2021-01-11,Mono,051,14174,1059,1006,9,1015,3
2021-01-11,Monterey,053,433212,34489,32858,1024,33882,239
2021-01-11,Napa,055,140530,7394,6822,30,6852,36
2021-01-11,Nevada,057,99092,3225,2980,122,3102,17
2021-01-11,Orange,059,3164182,207662,196340,8686,205026,2113
2021-01-11,Placer,061,380077,17471,15919,839,16758,163
2021-01-11,Plumas,063,18699,562,477,10,487,2
2021-01-11,Riverside,065,2383286,236995,222907,11801,234708,2222
2021-01-11,Sacramento,067,1510023,78677,76009,874,76883,974
2021-01-11,San Benito,069,59416,4753,4482,47,4529,34
2021-01-11,San Bernardino,071,2135413,249625,235543,7464,243007,1739
2021-01-11,San Diego,073,3302833,212647,194793,9793,204586,1857
2021-01-11,San Francisco,075,870044,28527,27264,457,27721,238
2021-01-11,San Joaquin,077,732212,55953,53002,2255,55257,725
2021-01-11,San Luis Obispo,079,281455,15322,14213,386,14599,126
2021-01-11,San Mateo,081,765935,32315,29355,193,29548,206
2021-01-11,Santa Barbara,083,443738,24188,21740,730,22470,200
2021-01-11,Santa Clara,085,1922200,90210,84851,399,85250,877
2021-01-11,Santa Cruz,087,273765,12458,11093,567,11660,106
2021-01-11,Shasta,089,179085,9534,8977,945,9922,81
2021-01-11,Sierra,091,2930,39,33,8,41,0
2021-01-11,Siskiyou,093,43540,1189,1087,173,1260,3
2021-01-11,Solano,095,438530,24530,22893,263,23156,101
2021-01-11,Sonoma,097,501317,23179,22191,123,22314,205
2021-01-11,Stanislaus,099,539301,41712,39149,4218,43367,571
2021-01-11,Sutter,101,95872,7520,7204,60,7264,71
2021-01-11,Tehama,103,63373,3743,3524,413,3937,17
2021-01-11,Trinity,105,12862,362,256,46,302,2
2021-01-11,Tulare,107,460477,40559,38380,5470,43850,497
2021-01-11,Tuolumne,109,53932,3261,3165,27,3192,27
2021-01-11,Ventura,111,848112,58626,54202,2123,56325,320
2021-01-11,Yolo,113,214977,10589,9699,107,9806,129
2021-01-11,Yuba,115,75493,4610,4349,49,4398,27
2021-01-10,Alameda,001,1643700,64671,61111,1385,62496,650
2021-01-10,Alpine,003,1148,74,70,0,70,0
2021-01-10,Amador,005,37829,2966,2861,25,2886,24
2021-01-10,Butte,007,227075,9400,8665,1270,9935,119
2021-01-10,Calaveras,009,45235,1486,1449,7,1456,21
2021-01-10,Colusa,011,21464,1541,1478,147,1625,7
2021-01-10,Contra Costa,013,1133247,50218,47109,841,47950,398
2021-01-10,Del Norte,015,27424,821,809,0,809,2
2021-01-10,El Dorado,017,186661,7597,6904,481,7385,36
2021-01-10,Fresno,019,978130,81370,75621,6162,81783,775
2021-01-10,Glenn,021,27897,1882,1746,367,2113,9
2021-01-10,Humboldt,023,135768,2209,2049,7,2056,22
2021-01-10,Imperial,025,180216,25080,24233,2075,26308,453
2021-01-10,Inyo,027,18085,884,748,1,749,25
2021-01-10,Kern,029,883053,78405,73712,7069,80781,679
2021-01-10,Kings,031,150075,18646,17812,757,18569,108
2021-01-10,Lake,033,64148,2428,2174,0,2174,26
2021-01-10,Lassen,035,31185,4707,4642,71,4713,1
2021-01-10,Los Angeles,037,10098052,975047,901783,32286,934069,12170
2021-01-10,Madera,039,155013,13033,12179,620,12799,85
2021-01-10,Marin,041,260295,11237,10737,113,10850,155
2021-01-10,Mariposa,043,17540,320,291,2,293,3
2021-01-10,Mendocino,045,87422,2929,2706,42,2748,31
2021-01-10,Merced,047,269075,22827,21691,531,22222,238
2021-01-10,Modoc,049,8938,292,271,81,352,0
2021-01-10,Mono,051,14174,1042,965,9,974,3
2021-01-10,Monterey,053,433212,34048,32571,992,33563,237
2021-01-10,Napa,055,140530,7290,6687,28,6715,36
2021-01-10,Nevada,057,99092,3206,2959,118,3077,17
2021-01-10,Orange,059,3164182,204906,193766,8563,202329,2104
2021-01-10,Placer,061,380077,17294,15779,817,16596,163
2021-01-10,Plumas,063,18699,552,477,10,487,2
2021-01-10,Riverside,065,2383286,233653,219486,11609,231095,2216
2021-01-10,Sacramento,067,1510023,77718,75394,844,76238,965
2021-01-10,San Benito,069,59416,4659,4434,46,4480,34
2021-01-10,San Bernardino,071,2135413,246025,232171,7360,239531,1736
2021-01-10,San Diego,073,3302833,208993,191886,9627,201513,1857
2021-01-10,San Francisco,075,870044,28146,27054,421,27475,238
2021-01-10,San Joaquin,077,732212,55092,52535,2221,54756,725
2021-01-10,San Luis Obispo,079,281455,14994,13968,372,14340,122
2021-01-10,San Mateo,081,765935,31826,28972,178,29150,206
2021-01-10,Santa Barbara,083,443738,23646,21290,705,21995,200
2021-01-10,Santa Clara,085,1922200,89035,83779,388,84167,858
2021-01-10,Santa Cruz,087,273765,12247,10951,543,11494,106
2021-01-10,Shasta,089,179085,9423,8936,928,9864,81
2021-01-10,Sierra,091,2930,38,32,8,40,0
2021-01-10,Siskiyou,093,43540,1183,1075,170,1245,3
2021-01-10,Solano,095,438530,24130,22621,260,22881,101
2021-01-10,Sonoma,097,501317,22907,21925,123,22048,204
2021-01-10,Stanislaus,099,539301,41151,38809,4135,42944,571
2021-01-10,Sutter,101,95872,7459,7133,57,7190,71
2021-01-10,Tehama,103,63373,3671,3504,400,3904,17
2021-01-10,Trinity,105,12862,362,253,45,298,2
2021-01-10,Tulare,107,460477,40144,38012,5345,43357,497
2021-01-10,Tuolumne,109,53932,3227,3143,26,3169,27
2021-01-10,Ventura,111,848112,57359,53095,2077,55172,319
2021-01-10,Yolo,113,214977,10441,9610,106,9716,129
2021-01-10,Yuba,115,75493,4558,4300,46,4346,27
2021-01-09,Alameda,001,1643700,64165,60125,1367,61492,649
2021-01-09,Alpine,003,1148,74,70,0,70,0
2021-01-09,Amador,005,37829,2959,2809,25,2834,24
2021-01-09,Butte,007,227075,9319,8552,1246,9798,118
2021-01-09,Calaveras,009,45235,1476,1425,7,1432,21
2021-01-09,Colusa,011,21464,1535,1468,146,1614,7
2021-01-09,Contra Costa,013,1133247,49872,46406,826,47232,393
2021-01-09,Del Norte,015,27424,819,802,0,802,2
2021-01-09,El Dorado,017,186661,7565,6800,478,7278,36
2021-01-09,Fresno,019,978130,80963,74816,6120,80936,773
2021-01-09,Glenn,021,27897,1867,1707,362,2069,9
2021-01-09,Humboldt,023,135768,2191,2026,7,2033,22
2021-01-09,Imperial,025,180216,25012,24028,2060,26088,448
2021-01-09,Inyo,027,18085,874,734,1,735,25
2021-01-09,Kern,029,883053,77947,73015,6988,80003,677
2021-01-09,Kings,031,150075,18551,17679,753,18432,108
2021-01-09,Lake,033,64148,2394,2144,0,2144,26
2021-01-09,Lassen,035,31185,4695,4613,70,4683,1
2021-01-09,Los Angeles,037,10098052,969517,887949,31825,919774,12011
2021-01-09,Madera,039,155013,12948,12063,615,12678,85
2021-01-09,Marin,041,260295,11174,10634,112,10746,154
2021-01-09,Mariposa,043,17540,317,287,2,289,3
2021-01-09,Mendocino,045,87422,2911,2664,42,2706,31
2021-01-09,Merced,047,269075,22686,21357,521,21878,237
2021-01-09,Modoc,049,8938,292,271,80,351,0
2021-01-09,Mono,051,14174,1037,964,9,973,3
2021-01-09,Monterey,053,433212,33904,31948,983,32931,235
2021-01-09,Napa,055,140530,7220,6594,25,6619,36
2021-01-09,Nevada,057,99092,3184,2932,115,3047,17
2021-01-09,Orange,059,3164182,203408,191004,8471,199475,2034
2021-01-09,Placer,061,380077,17194,15609,815,16424,162
2021-01-09,Plumas,063,18699,550,477,10,487,2
2021-01-09,Riverside,065,2383286,231950,216076,11461,227537,2201
2021-01-09,Sacramento,067,1510023,77193,74482,839,75321,953
2021-01-09,San Benito,069,59416,4610,4335,46,4381,34
2021-01-09,San Bernardino,071,2135413,244848,228857,7290,236147,1714
2021-01-09,San Diego,073,3302833,207301,188598,9507,198105,1824
2021-01-09,San Francisco,075,870044,27972,26708,376,27084,235
2021-01-09,San Joaquin,077,732212,54747,51927,2200,54127,724
2021-01-09,San Luis Obispo,079,281455,14871,13647,361,14008,121
2021-01-09,San Mateo,081,765935,31529,28512,171,28683,205
2021-01-09,Santa Barbara,083,443738,23438,20971,696,21667,197
2021-01-09,Santa Clara,085,1922200,88194,82269,376,82645,808
2021-01-09,Santa Cruz,087,273765,12151,10717,538,11255,107
2021-01-09,Shasta,089,179085,9390,8893,924,9817,81
2021-01-09,Sierra,091,2930,36,32,8,40,0
2021-01-09,Siskiyou,093,43540,1179,1062,166,1228,3
2021-01-09,Solano,095,438530,23975,22226,259,22485,101
2021-01-09,Sonoma,097,501317,22786,21393,123,21516,202
2021-01-09,Stanislaus,099,539301,40859,38403,4093,42496,567
2021-01-09,Sutter,101,95872,7423,7072,56,7128,69
2021-01-09,Tehama,103,63373,3642,3451,388,3839,15
2021-01-09,Trinity,105,12862,362,252,45,297,2
2021-01-09,Tulare,107,460477,39900,37684,5273,42957,496
2021-01-09,Tuolumne,109,53932,3219,3117,25,3142,26
2021-01-09,Ventura,111,848112,56532,51988,2050,54038,306
2021-01-09,Yolo,113,214977,10370,9524,103,9627,129
2021-01-09,Yuba,115,75493,4530,4265,46,4311,27
2021-01-08,Alameda,001,1643700,63622,59172,1356,60528,646
2021-01-08,Alpine,003,1148,74,70,0,70,0
2021-01-08,Amador,005,37829,2952,2792,25,2817,24
2021-01-08,Butte,007,227075,9260,8430,1230,9660,115
2021-01-08,Calaveras,009,45235,1463,1385,7,1392,21
2021-01-08,Colusa,011,21464,1522,1448,145,1593,7
2021-01-08,Contra Costa,013,1133247,49347,45667,822,46489,381
2021-01-08,Del Norte,015,27424,817,795,0,795,2
2021-01-08,El Dorado,017,186661,7495,6690,466,7156,36
2021-01-08,Fresno,019,978130,80149,73689,6057,79746,771
2021-01-08,Glenn,021,27897,1851,1680,358,2038,9
2021-01-08,Humboldt,023,135768,2167,1988,7,1995,22
2021-01-08,Imperial,025,180216,24945,23751,2045,25796,446
2021-01-08,Inyo,027,18085,860,682,1,683,24
2021-01-08,Kern,029,883053,77387,71978,6915,78893,674
2021-01-08,Kings,031,150075,18423,17441,748,18189,108
2021-01-08,Lake,033,64148,2367,2098,0,2098,26
2021-01-08,Lassen,035,31185,4687,4598,68,4666,1
2021-01-08,Los Angeles,037,10098052,958758,871188,31371,902559,11796
2021-01-08,Madera,039,155013,12797,11846,606,12452,85
2021-01-08,Marin,041,260295,11080,10531,111,10642,153
2021-01-08,Mariposa,043,17540,316,273,2,275,3
2021-01-08,Mendocino,045,87422,2892,2634,39,2673,31
2021-01-08,Merced,047,269075,22491,20862,516,21378,236
2021-01-08,Modoc,049,8938,292,266,80,346,0
2021-01-08,Mono,051,14174,1027,951,9,960,3
2021-01-08,Monterey,053,433212,33638,31543,970,32513,224
2021-01-08,Napa,055,140530,7150,6544,25,6569,32
2021-01-08,Nevada,057,99092,3162,2888,115,3003,17
2021-01-08,Orange,059,3164182,201417,186608,8384,194992,1991
2021-01-08,Placer,061,380077,17067,15401,808,16209,161
2021-01-08,Plumas,063,18699,544,465,10,475,2
2021-01-08,Riverside,065,2383286,229591,212122,11323,223445,2184
2021-01-08,Sacramento,067,1510023,76614,73245,833,74078,939
2021-01-08,San Benito,069,59416,4572,4225,45,4270,33
2021-01-08,San Bernardino,071,2135413,242966,224267,7217,231484,1703
2021-01-08,San Diego,073,3302833,204767,185060,9413,194473,1771
2021-01-08,San Francisco,075,870044,27725,26378,351,26729,207
2021-01-08,San Joaquin,077,732212,54409,50990,2169,53159,710
2021-01-08,San Luis Obispo,079,281455,14738,13286,347,13633,119
2021-01-08,San Mateo,081,765935,31179,28072,168,28240,204
2021-01-08,Santa Barbara,083,443738,23160,20461,687,21148,189
2021-01-08,Santa Clara,085,1922200,87173,80561,373,80934,789
2021-01-08,Santa Cruz,087,273765,12012,10486,528,11014,106
2021-01-08,Shasta,089,179085,9340,8772,909,9681,81
2021-01-08,Sierra,091,2930,36,31,8,39,0
2021-01-08,Siskiyou,093,43540,1176,1027,165,1192,3
2021-01-08,Solano,095,438530,23807,21832,259,22091,100
2021-01-08,Sonoma,097,501317,22647,21178,123,21301,201
2021-01-08,Stanislaus,099,539301,40562,37858,4056,41914,566
2021-01-08,Sutter,101,95872,7373,6982,56,7038,68
2021-01-08,Tehama,103,63373,3619,3406,383,3789,15
2021-01-08,Trinity,105,12862,362,247,45,292,2
2021-01-08,Tulare,107,460477,39635,36946,5165,42111,491
2021-01-08,Tuolumne,109,53932,3210,3099,25,3124,19
2021-01-08,Ventura,111,848112,55668,50553,2025,52578,294
2021-01-08,Yolo,113,214977,10282,9391,99,9490,129
2021-01-08,Yuba,115,75493,4488,4195,45,4240,26
2021-01-07,Alameda,001,1643700,62702,57921,1328,59249,632
2021-01-07,Alpine,003,1148,72,70,0,70,0
2021-01-07,Amador,005,37829,2939,2740,24,2764,24
2021-01-07,Butte,007,227075,9164,8278,1201,9479,112
2021-01-07,Calaveras,009,45235,1446,1342,6,1348,21
2021-01-07,Colusa,011,21464,1510,1420,138,1558,7
2021-01-07,Contra Costa,013,1133247,48569,44756,805,45561,376
2021-01-07,Del Norte,015,27424,815,791,0,791,2
2021-01-07,El Dorado,017,186661,7396,6545,452,6997,36
2021-01-07,Fresno,019,978130,79195,72557,5952,78509,765
2021-01-07,Glenn,021,27897,1835,1639,349,1988,9
2021-01-07,Humboldt,023,135768,2140,1954,7,1961,22
2021-01-07,Imperial,025,180216,24752,23608,1993,25601,431
2021-01-07,Inyo,027,18085,847,656,1,657,20
2021-01-07,Kern,029,883053,76533,70953,6762,77715,660
2021-01-07,Kings,031,150075,18295,17238,739,17977,108
2021-01-07,Lake,033,64148,2312,2054,0,2054,26
2021-01-07,Lassen,035,31185,4682,4581,66,4647,1
2021-01-07,Los Angeles,037,10098052,943902,853187,30808,883995,11480
2021-01-07,Madera,039,155013,12641,11644,594,12238,76
2021-01-07,Marin,041,260295,10988,10364,109,10473,153
2021-01-07,Mariposa,043,17540,314,264,2,266,3
2021-01-07,Mendocino,045,87422,2837,2585,35,2620,30
2021-01-07,Merced,047,269075,22170,20510,501,21011,234
2021-01-07,Modoc,049,8938,292,265,80,345,0
2021-01-07,Mono,051,14174,1016,905,9,914,3
2021-01-07,Monterey,053,433212,33110,30903,948,31851,222
2021-01-07,Napa,055,140530,7040,6408,25,6433,32
2021-01-07,Nevada,057,99092,3128,2847,110,2957,17
2021-01-07,Orange,059,3164182,198583,181922,8281,190203,1974
2021-01-07,Placer,061,380077,16883,15155,778,15933,144
2021-01-07,Plumas,063,18699,542,454,10,464,2
2021-01-07,Riverside,065,2383286,226261,208177,11133,219310,2156
2021-01-07,Sacramento,067,1510023,75710,72342,812,73154,919
2021-01-07,San Benito,069,59416,4510,4112,41,4153,33
2021-01-07,San Bernardino,071,2135413,239429,219691,7132,226823,1666
2021-01-07,San Diego,073,3302833,201462,180510,9234,189744,1738
2021-01-07,San Francisco,075,870044,27390,25885,334,26219,202
2021-01-07,San Joaquin,077,732212,53723,50156,2137,52293,689
2021-01-07,San Luis Obispo,079,281455,14499,12810,334,13144,118
2021-01-07,San Mateo,081,765935,30668,27494,164,27658,201
2021-01-07,Santa Barbara,083,443738,22742,19931,673,20604,187
2021-01-07,Santa Clara,085,1922200,85953,78808,369,79177,775
2021-01-07,Santa Cruz,087,273765,11803,10228,521,10749,104
2021-01-07,Shasta,089,179085,9253,8612,901,9513,81
2021-01-07,Sierra,091,2930,36,31,8,39,0
2021-01-07,Siskiyou,093,43540,1171,1010,163,1173,3
2021-01-07,Solano,095,438530,23414,21384,255,21639,100
2021-01-07,Sonoma,097,501317,22384,20857,122,20979,200
2021-01-07,Stanislaus,099,539301,40137,37296,4003,41299,553
2021-01-07,Sutter,101,95872,7314,6890,55,6945,65
2021-01-07,Tehama,103,63373,3595,3330,376,3706,15
2021-01-07,Trinity,105,12862,362,247,45,292,2
2021-01-07,Tulare,107,460477,39232,36397,5026,41423,482
2021-01-07,Tuolumne,109,53932,3190,3068,24,3092,14
2021-01-07,Ventura,111,848112,54508,49083,1996,51079,288
2021-01-07,Yolo,113,214977,10144,9207,97,9304,128
2021-01-07,Yuba,115,75493,4446,4128,45,4173,25
2021-01-06,Alameda,001,1643700,61858,57081,1298,58379,616
2021-01-06,Alpine,003,1148,72,70,0,70,0
2021-01-06,Amador,005,37829,2918,2717,23,2740,24
2021-01-06,Butte,007,227075,9052,8147,1182,9329,110
2021-01-06,Calaveras,009,45235,1422,1321,6,1327,21
2021-01-06,Colusa,011,21464,1490,1385,132,1517,7
2021-01-06,Contra Costa,013,1133247,47765,44054,787,44841,358
2021-01-06,Del Norte,015,27424,809,780,0,780,2
2021-01-06,El Dorado,017,186661,7285,6397,439,6836,35
2021-01-06,Fresno,019,978130,78356,71404,5849,77253,752
2021-01-06,Glenn,021,27897,1811,1622,343,1965,9
2021-01-06,Humboldt,023,135768,2114,1912,7,1919,22
2021-01-06,Imperial,025,180216,24501,23400,1951,25351,431
2021-01-06,Inyo,027,18085,831,630,1,631,20
2021-01-06,Kern,029,883053,75592,69893,6626,76519,646
2021-01-06,Kings,031,150075,18101,17019,716,17735,108
2021-01-06,Lake,033,64148,2274,2033,0,2033,26
2021-01-06,Lassen,035,31185,4670,4560,62,4622,1
2021-01-06,Los Angeles,037,10098052,928009,835052,30083,865135,11285
2021-01-06,Madera,039,155013,12507,11407,588,11995,67
2021-01-06,Marin,041,260295,10860,10282,108,10390,153
2021-01-06,Mariposa,043,17540,311,259,2,261,3
2021-01-06,Mendocino,045,87422,2807,2561,35,2596,30
2021-01-06,Merced,047,269075,21827,20258,485,20743,232
2021-01-06,Modoc,049,8938,292,263,80,343,0
2021-01-06,Mono,051,14174,985,905,9,914,3
2021-01-06,Monterey,053,433212,32519,30387,911,31298,222
2021-01-06,Napa,055,140530,6910,6342,25,6367,32
2021-01-06,Nevada,057,99092,3108,2805,110,2915,15
2021-01-06,Orange,059,3164182,195137,177686,8137,185823,1935
2021-01-06,Placer,061,380077,16698,14940,759,15699,134
2021-01-06,Plumas,063,18699,534,445,10,455,2
2021-01-06,Riverside,065,2383286,222245,203714,10931,214645,2121
2021-01-06,Sacramento,067,1510023,74690,71572,795,72367,909
2021-01-06,San Benito,069,59416,4433,4031,40,4071,32
2021-01-06,San Bernardino,071,2135413,235721,215286,7017,222303,1634
2021-01-06,San Diego,073,3302833,197967,176660,9065,185725,1691
2021-01-06,San Francisco,075,870044,27018,25424,324,25748,199
2021-01-06,San Joaquin,077,732212,52961,49286,2094,51380,673
2021-01-06,San Luis Obispo,079,281455,14107,12305,327,12632,115
2021-01-06,San Mateo,081,765935,30245,27050,161,27211,200
2021-01-06,Santa Barbara,083,443738,22262,19453,661,20114,177
2021-01-06,Santa Clara,085,1922200,84548,77485,362,77847,746
2021-01-06,Santa Cruz,087,273765,11585,9954,501,10455,97
2021-01-06,Shasta,089,179085,9182,8482,894,9376,78
2021-01-06,Sierra,091,2930,35,31,8,39,0
2021-01-06,Siskiyou,093,43540,1159,998,159,1157,3
2021-01-06,Solano,095,438530,23027,21102,252,21354,99
2021-01-06,Sonoma,097,501317,22079,20558,122,20680,196
2021-01-06,Stanislaus,099,539301,39541,36751,3940,40691,553
2021-01-06,Sutter,101,95872,7232,6839,54,6893,59
2021-01-06,Tehama,103,63373,3568,3306,370,3676,15
2021-01-06,Trinity,105,12862,362,246,45,291,2
2021-01-06,Tulare,107,460477,38671,35882,4925,40807,465
2021-01-06,Tuolumne,109,53932,3170,3008,24,3032,14
2021-01-06,Ventura,111,848112,53264,47428,1971,49399,280
2021-01-06,Yolo,113,214977,9983,9083,94,9177,127
2021-01-06,Yuba,115,75493,4399,4097,45,4142,25
2021-01-05,Alameda,001,1643700,60742,56432,1262,57694,602
2021-01-05,Alpine,003,1148,72,70,0,70,0
2021-01-05,Amador,005,37829,2878,2695,23,2718,24
2021-01-05,Butte,007,227075,8913,8008,1155,9163,107
2021-01-05,Calaveras,009,45235,1376,1292,6,1298,21
2021-01-05,Colusa,011,21464,1465,1376,126,1502,7
2021-01-05,Contra Costa,013,1133247,46883,43442,776,44218,353
2021-01-05,Del Norte,015,27424,802,770,0,770,2
2021-01-05,El Dorado,017,186661,7167,6270,418,6688,32
2021-01-05,Fresno,019,978130,77136,70971,5754,76725,741
2021-01-05,Glenn,021,27897,1786,1608,331,1939,9
2021-01-05,Humboldt,023,135768,2077,1884,7,1891,22
2021-01-05,Imperial,025,180216,24335,23165,1903,25068,421
2021-01-05,Inyo,027,18085,817,627,1,628,20
2021-01-05,Kern,029,883053,74521,68257,6480,74737,624
2021-01-05,Kings,031,150075,17903,16860,692,17552,108
2021-01-05,Lake,033,64148,2226,2015,0,2015,25
2021-01-05,Lassen,035,31185,4656,4554,58,4612,1
2021-01-05,Los Angeles,037,10098052,909343,823783,29389,853172,11028
2021-01-05,Madera,039,155013,12331,11359,575,11934,67
2021-01-05,Marin,041,260295,10709,10214,106,10320,151
2021-01-05,Mariposa,043,17540,305,257,2,259,3
2021-01-05,Mendocino,045,87422,2772,2501,35,2536,30
2021-01-05,Merced,047,269075,21477,20051,472,20523,230
2021-01-05,Modoc,049,8938,292,254,80,334,0
2021-01-05,Mono,051,14174,979,896,9,905,3
2021-01-05,Monterey,053,433212,31947,30045,873,30918,213
2021-01-05,Napa,055,140530,6823,6264,25,6289,29
2021-01-05,Nevada,057,99092,3080,2781,109,2890,15
2021-01-05,Orange,059,3164182,191498,174869,7940,182809,1918
2021-01-05,Placer,061,380077,16469,14723,735,15458,133
2021-01-05,Plumas,063,18699,527,428,10,438,2
2021-01-05,Riverside,065,2383286,218135,200439,10745,211184,2069
2021-01-05,Sacramento,067,1510023,73766,70677,767,71444,888
2021-01-05,San Benito,069,59416,4331,3961,38,3999,28
2021-01-05,San Bernardino,071,2135413,231794,212522,6898,219420,1615
2021-01-05,San Diego,073,3302833,193830,172845,8856,181701,1654
2021-01-05,San Francisco,075,870044,26655,24989,305,25294,196
2021-01-05,San Joaquin,077,732212,52087,48969,2051,51020,663
2021-01-05,San Luis Obispo,079,281455,13707,12027,317,12344,106
2021-01-05,San Mateo,081,765935,29761,26486,159,26645,198
2021-01-05,Santa Barbara,083,443738,21829,19063,650,19713,172
2021-01-05,Santa Clara,085,1922200,83012,76355,348,76703,729
2021-01-05,Santa Cruz,087,273765,11313,9753,476,10229,93
2021-01-05,Shasta,089,179085,9076,8345,874,9219,73
2021-01-05,Sierra,091,2930,35,31,8,39,0
2021-01-05,Siskiyou,093,43540,1147,985,157,1142,3
2021-01-05,Solano,095,438530,22621,20860,247,21107,97
2021-01-05,Sonoma,097,501317,21715,20247,121,20368,194
2021-01-05,Stanislaus,099,539301,38997,36363,3892,40255,553
2021-01-05,Sutter,101,95872,7134,6769,53,6822,59
2021-01-05,Tehama,103,63373,3511,3255,365,3620,9
2021-01-05,Trinity,105,12862,362,246,45,291,2
2021-01-05,Tulare,107,460477,38057,35585,4772,40357,455
2021-01-05,Tuolumne,109,53932,3146,2996,19,3015,13
2021-01-05,Ventura,111,848112,52017,46456,1948,48404,264
2021-01-05,Yolo,113,214977,9809,8980,93,9073,127
2021-01-05,Yuba,115,75493,4341,4053,44,4097,21
2021-01-04,Alameda,001,1643700,59511,55899,1228,57127,583
2021-01-04,Alpine,003,1148,72,68,0,68,0
2021-01-04,Amador,005,37829,2838,2596,23,2619,24
2021-01-04,Butte,007,227075,8755,7893,1131,9024,105
2021-01-04,Calaveras,009,45235,1335,1276,5,1281,21
2021-01-04,Colusa,011,21464,1440,1368,112,1480,7
2021-01-04,Contra Costa,013,1133247,46031,43019,750,43769,353
2021-01-04,Del Norte,015,27424,793,770,0,770,2
2021-01-04,El Dorado,017,186661,7033,6152,402,6554,27
2021-01-04,Fresno,019,978130,75875,69871,5653,75524,726
2021-01-04,Glenn,021,27897,1755,1590,323,1913,9
2021-01-04,Humboldt,023,135768,2041,1845,7,1852,22
2021-01-04,Imperial,025,180216,24184,23035,1849,24884,420
2021-01-04,Inyo,027,18085,790,623,1,624,20
2021-01-04,Kern,029,883053,73446,67418,6274,73692,623
2021-01-04,Kings,031,150075,17632,16801,665,17466,108
2021-01-04,Lake,033,64148,2184,1984,0,1984,25
2021-01-04,Lassen,035,31185,4634,4550,57,4607,1
2021-01-04,Los Angeles,037,10098052,889310,813022,28472,841494,10790
2021-01-04,Madera,039,155013,12110,11204,553,11757,67
2021-01-04,Marin,041,260295,10573,10115,103,10218,151
2021-01-04,Mariposa,043,17540,299,253,2,255,3
2021-01-04,Mendocino,045,87422,2732,2460,31,2491,28
2021-01-04,Merced,047,269075,21063,19804,453,20257,230
2021-01-04,Modoc,049,8938,276,250,78,328,0
2021-01-04,Mono,051,14174,968,895,9,904,3
2021-01-04,Monterey,053,433212,31294,29659,850,30509,212
2021-01-04,Napa,055,140530,6682,6187,25,6212,29
2021-01-04,Nevada,057,99092,3043,2765,104,2869,15
2021-01-04,Orange,059,3164182,187615,172458,7807,180265,1918
2021-01-04,Placer,061,380077,16206,14622,721,15343,133
2021-01-04,Plumas,063,18699,517,419,10,429,1
2021-01-04,Riverside,065,2383286,213690,196809,10533,207342,2066
2021-01-04,Sacramento,067,1510023,72702,70164,757,70921,870
2021-01-04,San Benito,069,59416,4218,3914,38,3952,28
2021-01-04,San Bernardino,071,2135413,227585,210868,6733,217601,1615
2021-01-04,San Diego,073,3302833,189262,171031,8662,179693,1598
2021-01-04,San Francisco,075,870044,26272,24753,298,25051,191
2021-01-04,San Joaquin,077,732212,51188,48644,2008,50652,661
2021-01-04,San Luis Obispo,079,281455,13219,11945,309,12254,96
2021-01-04,San Mateo,081,765935,29199,26150,154,26304,198
2021-01-04,Santa Barbara,083,443738,21313,18735,617,19352,165
2021-01-04,Santa Clara,085,1922200,81260,75297,341,75638,727
2021-01-04,Santa Cruz,087,273765,11026,9680,459,10139,85
2021-01-04,Shasta,089,179085,8971,8224,858,9082,72
2021-01-04,Sierra,091,2930,34,30,8,38,0
2021-01-04,Siskiyou,093,43540,1131,980,152,1132,3
2021-01-04,Solano,095,438530,22116,20588,240,20828,97
2021-01-04,Sonoma,097,501317,21372,20210,120,20330,194
2021-01-04,Stanislaus,099,539301,38434,36141,3834,39975,553
2021-01-04,Sutter,101,95872,7036,6712,52,6764,56
2021-01-04,Tehama,103,63373,3438,3190,359,3549,9
2021-01-04,Trinity,105,12862,359,245,45,290,2
2021-01-04,Tulare,107,460477,37500,35060,4667,39727,455
2021-01-04,Tuolumne,109,53932,3121,2987,19,3006,13
2021-01-04,Ventura,111,848112,50516,45014,1929,46943,255
2021-01-04,Yolo,113,214977,9613,8834,87,8921,121
2021-01-04,Yuba,115,75493,4282,4023,44,4067,21
2021-01-03,Alameda,001,1643700,58271,55082,1198,56280,580
2021-01-03,Alpine,003,1148,70,68,0,68,0
2021-01-03,Amador,005,37829,2774,2565,23,2588,24
2021-01-03,Butte,007,227075,8565,7837,1076,8913,105
2021-01-03,Calaveras,009,45235,1297,1249,3,1252,21
2021-01-03,Colusa,011,21464,1411,1337,106,1443,7
2021-01-03,Contra Costa,013,1133247,45140,42432,725,43157,352
2021-01-03,Del Norte,015,27424,781,768,0,768,2
2021-01-03,El Dorado,017,186661,6905,6034,385,6419,27
2021-01-03,Fresno,019,978130,74732,69326,5527,74853,719
2021-01-03,Glenn,021,27897,1730,1581,312,1893,9
2021-01-03,Humboldt,023,135768,2004,1833,7,1840,21
2021-01-03,Imperial,025,180216,23934,22951,1763,24714,419
2021-01-03,Inyo,027,18085,773,615,1,616,20
2021-01-03,Kern,029,883053,72193,66895,6091,72986,609
2021-01-03,Kings,031,150075,17365,16593,631,17224,108
2021-01-03,Lake,033,64148,2131,1976,0,1976,24
2021-01-03,Lassen,035,31185,4601,4531,56,4587,1
2021-01-03,Los Angeles,037,10098052,867400,792168,27367,819535,10633
2021-01-03,Madera,039,155013,11885,11152,529,11681,67
2021-01-03,Marin,041,260295,10423,10034,98,10132,150
2021-01-03,Mariposa,043,17540,292,248,2,250,3
2021-01-03,Mendocino,045,87422,2692,2445,30,2475,24
2021-01-03,Merced,047,269075,20594,19600,426,20026,230
2021-01-03,Modoc,049,8938,272,245,77,322,0
2021-01-03,Mono,051,14174,943,893,9,902,3
2021-01-03,Monterey,053,433212,30702,29357,813,30170,191
2021-01-03,Napa,055,140530,6581,6094,25,6119,29
2021-01-03,Nevada,057,99092,2984,2742,101,2843,15
2021-01-03,Orange,059,3164182,183440,169881,7611,177492,1919
2021-01-03,Placer,061,380077,15957,14319,696,15015,133
2021-01-03,Plumas,063,18699,504,416,10,426,1
2021-01-03,Riverside,065,2383286,208936,195048,10271,205319,2005
2021-01-03,Sacramento,067,1510023,71498,68558,736,69294,859
2021-01-03,San Benito,069,59416,4119,3882,37,3919,28
2021-01-03,San Bernardino,071,2135413,222306,208294,6553,214847,1592
2021-01-03,San Diego,073,3302833,184007,168018,8439,176457,1592
2021-01-03,San Francisco,075,870044,25775,24588,280,24868,193
2021-01-03,San Joaquin,077,732212,50087,47899,1945,49844,661
2021-01-03,San Luis Obispo,079,281455,12750,11636,299,11935,95
2021-01-03,San Mateo,081,765935,28606,25770,148,25918,196
2021-01-03,Santa Barbara,083,443738,20596,18267,600,18867,164
2021-01-03,Santa Clara,085,1922200,79710,74534,335,74869,720
2021-01-03,Santa Cruz,087,273765,10726,9528,440,9968,84
2021-01-03,Shasta,089,179085,8845,8192,816,9008,72
2021-01-03,Sierra,091,2930,34,30,8,38,0
2021-01-03,Siskiyou,093,43540,1098,976,143,1119,3
2021-01-03,Solano,095,438530,21583,20105,235,20340,97
2021-01-03,Sonoma,097,501317,20981,19982,116,20098,193
2021-01-03,Stanislaus,099,539301,37746,35762,3751,39513,553
2021-01-03,Sutter,101,95872,6938,6664,51,6715,53
2021-01-03,Tehama,103,63373,3378,3176,350,3526,9
2021-01-03,Trinity,105,12862,356,243,44,287,2
2021-01-03,Tulare,107,460477,36945,34747,4513,39260,455
2021-01-03,Tuolumne,109,53932,3059,2978,16,2994,13
2021-01-03,Ventura,111,848112,48692,43748,1911,45659,254
2021-01-03,Yolo,113,214977,9455,8674,83,8757,121
2021-01-03,Yuba,115,75493,4228,3966,43,4009,20
2021-01-02,Alameda,001,1643700,57646,54518,1168,55686,581
2021-01-02,Alpine,003,1148,70,68,0,68,0
2021-01-02,Amador,005,37829,2755,2540,23,2563,24
2021-01-02,Butte,007,227075,8459,7750,1055,8805,105
2021-01-02,Calaveras,009,45235,1277,1230,3,1233,21
2021-01-02,Colusa,011,21464,1401,1332,105,1437,7
2021-01-02,Contra Costa,013,1133247,44618,41993,713,42706,352
2021-01-02,Del Norte,015,27424,779,764,0,764,2
2021-01-02,El Dorado,017,186661,6850,5959,381,6340,27
2021-01-02,Fresno,019,978130,74197,68740,5412,74152,717
2021-01-02,Glenn,021,27897,1715,1546,310,1856,9
2021-01-02,Humboldt,023,135768,1980,1815,7,1822,21
2021-01-02,Imperial,025,180216,23856,22867,1723,24590,420
2021-01-02,Inyo,027,18085,760,609,1,610,20
2021-01-02,Kern,029,883053,71477,66457,5981,72438,610
2021-01-02,Kings,031,150075,17273,16515,627,17142,108
2021-01-02,Lake,033,64148,2095,1925,0,1925,24
2021-01-02,Lassen,035,31185,4590,4457,55,4512,1
2021-01-02,Los Angeles,037,10098052,859125,791892,26630,818522,10633
2021-01-02,Madera,039,155013,11776,11039,517,11556,67
2021-01-02,Marin,041,260295,10378,9924,95,10019,151
2021-01-02,Mariposa,043,17540,285,243,2,245,3
2021-01-02,Mendocino,045,87422,2650,2428,29,2457,24
2021-01-02,Merced,047,269075,20452,19395,410,19805,230
2021-01-02,Modoc,049,8938,271,245,77,322,0
2021-01-02,Mono,051,14174,933,884,9,893,3
2021-01-02,Monterey,053,433212,30495,28991,802,29793,191
2021-01-02,Napa,055,140530,6522,5994,25,6019,29
2021-01-02,Nevada,057,99092,2957,2706,97,2803,15
2021-01-02,Orange,059,3164182,181258,168457,7457,175914,1918
2021-01-02,Placer,061,380077,15785,14182,686,14868,133
2021-01-02,Plumas,063,18699,501,413,10,423,1
2021-01-02,Riverside,065,2383286,206389,192069,10041,202110,2008
2021-01-02,Sacramento,067,1510023,70858,67810,721,68531,858
2021-01-02,San Benito,069,59416,4038,3829,37,3866,28
2021-01-02,San Bernardino,071,2135413,220694,206939,6420,213359,1597
2021-01-02,San Diego,073,3302833,181415,164498,8250,172748,1592
2021-01-02,San Francisco,075,870044,25515,24414,273,24687,194
2021-01-02,San Joaquin,077,732212,49722,47310,1913,49223,662
2021-01-02,San Luis Obispo,079,281455,12616,11467,294,11761,95
2021-01-02,San Mateo,081,765935,28271,25483,140,25623,196
2021-01-02,Santa Barbara,083,443738,20311,18135,597,18732,164
2021-01-02,Santa Clara,085,1922200,78542,73662,328,73990,720
2021-01-02,Santa Cruz,087,273765,10575,9340,431,9771,85
2021-01-02,Shasta,089,179085,8779,8154,804,8958,72
2021-01-02,Sierra,091,2930,34,28,8,36,0
2021-01-02,Siskiyou,093,43540,1087,949,141,1090,3
2021-01-02,Solano,095,438530,21386,19805,225,20030,97
2021-01-02,Sonoma,097,501317,20823,19761,116,19877,194
2021-01-02,Stanislaus,099,539301,37434,35431,3682,39113,553
2021-01-02,Sutter,101,95872,6883,6621,51,6672,53
2021-01-02,Tehama,103,63373,3353,3146,346,3492,9
2021-01-02,Trinity,105,12862,353,243,44,287,2
2021-01-02,Tulare,107,460477,36631,34479,4436,38915,455
2021-01-02,Tuolumne,109,53932,3045,2942,14,2956,13
2021-01-02,Ventura,111,848112,47542,43397,1876,45273,254
2021-01-02,Yolo,113,214977,9361,8571,81,8652,122
2021-01-02,Yuba,115,75493,4190,3930,42,3972,21
2021-01-01,Alameda,001,1643700,56986,53518,1151,54669,579
2021-01-01,Alpine,003,1148,70,68,0,68,0
2021-01-01,Amador,005,37829,2729,2513,21,2534,24
2021-01-01,Butte,007,227075,8358,7589,1030,8619,105
2021-01-01,Calaveras,009,45235,1262,1186,3,1189,21
2021-01-01,Colusa,011,21464,1392,1314,103,1417,7
2021-01-01,Contra Costa,013,1133247,44145,41412,691,42103,351
2021-01-01,Del Norte,015,27424,773,758,0,758,2
2021-01-01,El Dorado,017,186661,6761,5832,370,6202,27
2021-01-01,Fresno,019,978130,73128,67484,5324,72808,717
2021-01-01,Glenn,021,27897,1699,1520,307,1827,9
2021-01-01,Humboldt,023,135768,1942,1783,7,1790,21
2021-01-01,Imperial,025,180216,23771,22715,1670,24385,418
2021-01-01,Inyo,027,18085,736,606,1,607,20
2021-01-01,Kern,029,883053,70655,65571,5869,71440,609
2021-01-01,Kings,031,150075,17090,16358,621,16979,108
2021-01-01,Lake,033,64148,2065,1888,0,1888,24
2021-01-01,Lassen,035,31185,4584,4377,55,4432,1
2021-01-01,Los Angeles,037,10098052,845000,775578,25900,801478,10515
2021-01-01,Madera,039,155013,11617,10752,508,11260,66
2021-01-01,Marin,041,260295,10272,9821,95,9916,148
2021-01-01,Mariposa,043,17540,277,236,2,238,3
2021-01-01,Mendocino,045,87422,2596,2400,29,2429,24
2021-01-01,Merced,047,269075,20268,19118,394,19512,229
2021-01-01,Modoc,049,8938,271,241,77,318,0
2021-01-01,Mono,051,14174,915,884,9,893,3
2021-01-01,Monterey,053,433212,30265,28465,794,29259,191
2021-01-01,Napa,055,140530,6436,5899,25,5924,28
2021-01-01,Nevada,057,99092,2933,2663,97,2760,15
2021-01-01,Orange,059,3164182,178473,165440,7306,172746,1893
2021-01-01,Placer,061,380077,15618,13987,668,14655,133
2021-01-01,Plumas,063,18699,496,412,10,422,1
2021-01-01,Riverside,065,2383286,203305,188674,9767,198441,1990
2021-01-01,Sacramento,067,1510023,70261,66956,703,67659,848
2021-01-01,San Benito,069,59416,4002,3773,37,3810,28
2021-01-01,San Bernardino,071,2135413,217871,203651,6281,209932,1590
2021-01-01,San Diego,073,3302833,178354,160071,8075,168146,1592
2021-01-01,San Francisco,075,870044,25242,24145,261,24406,187
2021-01-01,San Joaquin,077,732212,49441,46640,1866,48506,657
2021-01-01,San Luis Obispo,079,281455,12392,11160,286,11446,94
2021-01-01,San Mateo,081,765935,27823,25041,136,25177,194
2021-01-01,Santa Barbara,083,443738,19992,17759,587,18346,164
2021-01-01,Santa Clara,085,1922200,77275,71904,323,72227,680
2021-01-01,Santa Cruz,087,273765,10397,9146,419,9565,84
2021-01-01,Shasta,089,179085,8697,8102,787,8889,72
2021-01-01,Sierra,091,2930,34,26,8,34,0
2021-01-01,Siskiyou,093,43540,1073,944,136,1080,3
2021-01-01,Solano,095,438530,21174,19393,223,19616,97
2021-01-01,Sonoma,097,501317,20634,19513,116,19629,189
2021-01-01,Stanislaus,099,539301,37158,34978,3614,38592,553
2021-01-01,Sutter,101,95872,6827,6553,50,6603,52
2021-01-01,Tehama,103,63373,3297,3079,337,3416,9
2021-01-01,Trinity,105,12862,353,243,44,287,2
2021-01-01,Tulare,107,460477,36228,33994,4338,38332,454
2021-01-01,Tuolumne,109,53932,3029,2909,14,2923,13
2021-01-01,Ventura,111,848112,46049,42026,1848,43874,253
2021-01-01,Yolo,113,214977,9250,8461,78,8539,120
2021-01-01,Yuba,115,75493,4134,3845,41,3886,19
2020-12-31,Alameda,001,1643700,56448,52475,1119,53594,579
2020-12-31,Alpine,003,1148,70,66,0,66,0
2020-12-31,Amador,005,37829,2715,2493,21,2514,24
2020-12-31,Butte,007,227075,8284,7405,1011,8416,105
2020-12-31,Calaveras,009,45235,1251,1161,3,1164,21
2020-12-31,Colusa,011,21464,1384,1301,100,1401,7
2020-12-31,Contra Costa,013,1133247,43773,40512,676,41188,336
2020-12-31,Del Norte,015,27424,772,748,0,748,2
2020-12-31,El Dorado,017,186661,6709,5662,361,6023,26
2020-12-31,Fresno,019,978130,72704,66442,5260,71702,711
2020-12-31,Glenn,021,27897,1679,1484,302,1786,9
2020-12-31,Humboldt,023,135768,1925,1713,7,1720,21
2020-12-31,Imperial,025,180216,23707,22494,1653,24147,417
2020-12-31,Inyo,027,18085,728,591,1,592,20
2020-12-31,Kern,029,883053,70190,64904,5774,70678,609
2020-12-31,Kings,031,150075,17015,16077,613,16690,108
2020-12-31,Lake,033,64148,2053,1848,0,1848,23
2020-12-31,Lassen,035,31185,4578,4340,54,4394,1
2020-12-31,Los Angeles,037,10098052,839725,755844,25404,781248,10320
2020-12-31,Madera,039,155013,11550,10609,497,11106,64
2020-12-31,Marin,041,260295,10230,9731,94,9825,148
2020-12-31,Mariposa,043,17540,275,217,2,219,3
2020-12-31,Mendocino,045,87422,2581,2367,25,2392,24
2020-12-31,Merced,047,269075,20181,18808,384,19192,226
2020-12-31,Modoc,049,8938,271,238,77,315,0
2020-12-31,Mono,051,14174,908,868,9,877,3
2020-12-31,Monterey,053,433212,30073,27720,782,28502,188
2020-12-31,Napa,055,140530,6373,5801,25,5826,28
2020-12-31,Nevada,057,99092,2910,2619,95,2714,15
2020-12-31,Orange,059,3164182,176593,161586,7170,168756,1866
2020-12-31,Placer,061,380077,15473,13708,665,14373,126
2020-12-31,Plumas,063,18699,491,401,9,410,1
2020-12-31,Riverside,065,2383286,201718,184193,9629,193822,1958
2020-12-31,Sacramento,067,1510023,69743,65817,691,66508,830
2020-12-31,San Benito,069,59416,3980,3673,37,3710,28
2020-12-31,San Bernardino,071,2135413,216315,199115,6209,205324,1586
2020-12-31,San Diego,073,3302833,176592,155593,7982,163575,1534
2020-12-31,San Francisco,075,870044,25016,23740,253,23993,183
2020-12-31,San Joaquin,077,732212,49137,45764,1825,47589,646
2020-12-31,San Luis Obispo,079,281455,12281,10846,286,11132,89
2020-12-31,San Mateo,081,765935,27493,24570,130,24700,192
2020-12-31,Santa Barbara,083,443738,19750,17434,580,18014,161
2020-12-31,Santa Clara,085,1922200,76508,70032,318,70350,665
2020-12-31,Santa Cruz,087,273765,10281,8909,406,9315,84
2020-12-31,Shasta,089,179085,8632,7996,777,8773,69
2020-12-31,Sierra,091,2930,34,26,8,34,0
2020-12-31,Siskiyou,093,43540,1057,940,133,1073,3
2020-12-31,Solano,095,438530,20946,18942,222,19164,97
2020-12-31,Sonoma,097,501317,20518,19129,115,19244,188
2020-12-31,Stanislaus,099,539301,36862,34398,3559,37957,552
2020-12-31,Sutter,101,95872,6797,6432,50,6482,51
2020-12-31,Tehama,103,63373,3268,3036,336,3372,9
2020-12-31,Trinity,105,12862,352,241,44,285,2
2020-12-31,Tulare,107,460477,36065,33412,4274,37686,446
2020-12-31,Tuolumne,109,53932,3021,2902,14,2916,12
2020-12-31,Ventura,111,848112,45542,40854,1830,42684,251
2020-12-31,Yolo,113,214977,9165,8295,77,8372,117
2020-12-31,Yuba,115,75493,4096,3799,40,3839,18
2020-12-30,Alameda,001,1643700,55686,50158,1068,51226,573
2020-12-30,Alpine,003,1148,70,66,0,66,0
2020-12-30,Amador,005,37829,2695,2418,20,2438,24
2020-12-30,Butte,007,227075,8124,7140,994,8134,103
2020-12-30,Calaveras,009,45235,1226,1135,3,1138,21
2020-12-30,Colusa,011,21464,1368,1289,94,1383,7
2020-12-30,Contra Costa,013,1133247,43187,39601,664,40265,337
2020-12-30,Del Norte,015,27424,767,726,0,726,2
2020-12-30,El Dorado,017,186661,6610,5595,349,5944,27
2020-12-30,Fresno,019,978130,71863,65566,5096,70662,711
2020-12-30,Glenn,021,27897,1650,1471,289,1760,9
2020-12-30,Humboldt,023,135768,1891,1654,7,1661,22
2020-12-30,Imperial,025,180216,23540,22098,1575,23673,412
2020-12-30,Inyo,027,18085,721,572,1,573,20
2020-12-30,Kern,029,883053,69469,63292,5623,68915,604
2020-12-30,Kings,031,150075,16896,15862,605,16467,108
2020-12-30,Lake,033,64148,2030,1731,0,1731,23
2020-12-30,Lassen,035,31185,4569,4300,54,4354,1
2020-12-30,Los Angeles,037,10098052,828886,741907,24672,766579,10046
2020-12-30,Madera,039,155013,11441,10249,486,10735,65
2020-12-30,Marin,041,260295,10141,9569,87,9656,148
2020-12-30,Mariposa,043,17540,271,214,2,216,3
2020-12-30,Mendocino,045,87422,2563,2291,22,2313,24
2020-12-30,Merced,047,269075,19889,18519,374,18893,225
2020-12-30,Modoc,049,8938,268,234,77,311,0
2020-12-30,Mono,051,14174,905,868,9,877,3
2020-12-30,Monterey,053,433212,29462,26977,759,27736,186
2020-12-30,Napa,055,140530,6267,5754,25,5779,28
2020-12-30,Nevada,057,99092,2875,2595,93,2688,15
2020-12-30,Orange,059,3164182,173935,153951,6976,160927,1863
2020-12-30,Placer,061,380077,15245,13540,653,14193,127
2020-12-30,Plumas,063,18699,486,397,9,406,1
2020-12-30,Riverside,065,2383286,198791,176402,9434,185836,1919
2020-12-30,Sacramento,067,1510023,68879,64119,673,64792,847
2020-12-30,San Benito,069,59416,3899,3464,33,3497,29
2020-12-30,San Bernardino,071,2135413,213742,192648,6121,198769,1591
2020-12-30,San Diego,073,3302833,172960,152510,7807,160317,1472
2020-12-30,San Francisco,075,870044,24724,23099,247,23346,182
2020-12-30,San Joaquin,077,732212,48450,44465,1783,46248,634
2020-12-30,San Luis Obispo,079,281455,12013,10542,278,10820,89
2020-12-30,San Mateo,081,765935,27062,24150,126,24276,190
2020-12-30,Santa Barbara,083,443738,19359,16895,556,17451,161
2020-12-30,Santa Clara,085,1922200,75240,67218,314,67532,661
2020-12-30,Santa Cruz,087,273765,10087,8787,396,9183,86
2020-12-30,Shasta,089,179085,8520,7818,763,8581,69
2020-12-30,Sierra,091,2930,34,25,8,33,0
2020-12-30,Siskiyou,093,43540,1050,913,123,1036,3
2020-12-30,Solano,095,438530,20550,18300,219,18519,96
2020-12-30,Sonoma,097,501317,20260,18947,115,19062,191
2020-12-30,Stanislaus,099,539301,36383,33730,3484,37214,526
2020-12-30,Sutter,101,95872,6736,6328,48,6376,51
2020-12-30,Tehama,103,63373,3224,2969,332,3301,9
2020-12-30,Trinity,105,12862,351,231,43,274,2
2020-12-30,Tulare,107,460477,35512,32413,4207,36620,430
2020-12-30,Tuolumne,109,53932,3008,2772,12,2784,12
2020-12-30,Ventura,111,848112,44254,39039,1805,40844,251
2020-12-30,Yolo,113,214977,9058,8067,74,8141,117
2020-12-30,Yuba,115,75493,4027,3612,40,3652,18
2020-12-29,Alameda,001,1643700,54626,50946,1031,51977,552
2020-12-29,Alpine,003,1148,70,65,0,65,0
2020-12-29,Amador,005,37829,2643,2388,19,2407,23
2020-12-29,Butte,007,227075,7953,7178,970,8148,98
2020-12-29,Calaveras,009,45235,1181,1111,2,1113,21
2020-12-29,Colusa,011,21464,1347,1272,89,1361,7
2020-12-29,Contra Costa,013,1133247,42383,39225,633,39858,325
2020-12-29,Del Norte,015,27424,760,724,0,724,2
2020-12-29,El Dorado,017,186661,6482,5551,334,5885,22
2020-12-29,Fresno,019,978130,70494,65149,4935,70084,688
2020-12-29,Glenn,021,27897,1616,1454,282,1736,9
2020-12-29,Humboldt,023,135768,1845,1616,7,1623,19
2020-12-29,Imperial,025,180216,23331,22105,1485,23590,407
2020-12-29,Inyo,027,18085,704,571,1,572,19
2020-12-29,Kern,029,883053,68310,63096,5445,68541,589
2020-12-29,Kings,031,150075,16727,15777,593,16370,108
2020-12-29,Lake,033,64148,1998,1805,0,1805,22
2020-12-29,Lassen,035,31185,4554,4288,54,4342,1
2020-12-29,Los Angeles,037,10098052,808755,731907,23766,755673,9786
2020-12-29,Madera,039,155013,11127,10251,470,10721,64
2020-12-29,Marin,041,260295,9989,9595,84,9679,146
2020-12-29,Mariposa,043,17540,263,212,2,214,3
2020-12-29,Mendocino,045,87422,2520,2249,21,2270,24
2020-12-29,Merced,047,269075,19539,18464,359,18823,221
2020-12-29,Modoc,049,8938,265,232,77,309,0
2020-12-29,Mono,051,14174,896,868,9,877,3
2020-12-29,Monterey,053,433212,28826,26894,731,27625,185
2020-12-29,Napa,055,140530,6147,5663,25,5688,28
2020-12-29,Nevada,057,99092,2827,2550,92,2642,15
2020-12-29,Orange,059,3164182,170147,154411,6802,161213,1839
2020-12-29,Placer,061,380077,15036,13392,630,14022,126
2020-12-29,Plumas,063,18699,477,395,9,404,1
2020-12-29,Riverside,065,2383286,194208,177624,9169,186793,1904
2020-12-29,Sacramento,067,1510023,67835,65078,658,65736,820
2020-12-29,San Benito,069,59416,3780,3474,32,3506,25
2020-12-29,San Bernardino,071,2135413,208924,190476,5980,196456,1557
2020-12-29,San Diego,073,3302833,168738,150062,7576,157638,1435
2020-12-29,San Francisco,075,870044,24386,22996,238,23234,178
2020-12-29,San Joaquin,077,732212,47535,44699,1725,46424,622
2020-12-29,San Luis Obispo,079,281455,11718,10387,270,10657,80
2020-12-29,San Mateo,081,765935,26520,23773,113,23886,189
2020-12-29,Santa Barbara,083,443738,18897,16797,530,17327,155
2020-12-29,Santa Clara,085,1922200,73694,67581,311,67892,621
2020-12-29,Santa Cruz,087,273765,9817,8492,387,8879,84
2020-12-29,Shasta,089,179085,8415,7782,748,8530,65
2020-12-29,Sierra,091,2930,32,24,7,31,0
2020-12-29,Siskiyou,093,43540,1035,926,121,1047,3
2020-12-29,Solano,095,438530,20168,18412,214,18626,96
2020-12-29,Sonoma,097,501317,19924,18790,113,18903,187
2020-12-29,Stanislaus,099,539301,35885,33775,3419,37194,508
2020-12-29,Sutter,101,95872,6668,6302,48,6350,50
2020-12-29,Tehama,103,63373,3157,2962,317,3279,9
2020-12-29,Trinity,105,12862,351,241,43,284,2
2020-12-29,Tulare,107,460477,34854,32545,4065,36610,419
2020-12-29,Tuolumne,109,53932,2966,2797,12,2809,12
2020-12-29,Ventura,111,848112,43002,38669,1777,40446,235
2020-12-29,Yolo,113,214977,8930,8124,72,8196,111
2020-12-29,Yuba,115,75493,3947,3723,40,3763,18
2020-12-28,Alameda,001,1643700,53590,50405,1009,51414,551
2020-12-28,Alpine,003,1148,69,65,0,65,0
2020-12-28,Amador,005,37829,2573,2255,19,2274,23
2020-12-28,Butte,007,227075,7786,7053,940,7993,86
2020-12-28,Calaveras,009,45235,1159,1102,2,1104,21
2020-12-28,Colusa,011,21464,1323,1255,74,1329,7
2020-12-28,Contra Costa,013,1133247,41452,38872,606,39478,324
2020-12-28,Del Norte,015,27424,750,718,0,718,2
2020-12-28,El Dorado,017,186661,6325,5441,322,5763,18
2020-12-28,Fresno,019,978130,69228,64274,4778,69052,679
2020-12-28,Glenn,021,27897,1582,1435,270,1705,9
2020-12-28,Humboldt,023,135768,1810,1579,7,1586,19
2020-12-28,Imperial,025,180216,23072,22003,1408,23411,405
2020-12-28,Inyo,027,18085,697,569,1,570,19
2020-12-28,Kern,029,883053,67248,62392,5237,67629,579
2020-12-28,Kings,031,150075,16511,15733,575,16308,108
2020-12-28,Lake,033,64148,1956,1785,0,1785,22
2020-12-28,Lassen,035,31185,4447,4284,53,4337,1
2020-12-28,Los Angeles,037,10098052,786471,720699,22915,743614,9544
2020-12-28,Madera,039,155013,10953,10123,447,10570,64
2020-12-28,Marin,041,260295,9882,9546,77,9623,145
2020-12-28,Mariposa,043,17540,239,211,2,213,3
2020-12-28,Mendocino,045,87422,2485,2214,21,2235,23
2020-12-28,Merced,047,269075,19218,18245,341,18586,213
2020-12-28,Modoc,049,8938,260,220,76,296,0
2020-12-28,Mono,051,14174,892,848,9,857,3
2020-12-28,Monterey,053,433212,27993,26529,718,27247,182
2020-12-28,Napa,055,140530,6038,5576,25,5601,26
2020-12-28,Nevada,057,99092,2780,2532,87,2619,15
2020-12-28,Orange,059,3164182,166046,152089,6619,158708,1839
2020-12-28,Placer,061,380077,14695,13234,602,13836,126
2020-12-28,Plumas,063,18699,473,391,9,400,0
2020-12-28,Riverside,065,2383286,189340,174029,8861,182890,1855
2020-12-28,Sacramento,067,1510023,66604,64322,633,64955,813
2020-12-28,San Benito,069,59416,3709,3429,31,3460,24
2020-12-28,San Bernardino,071,2135413,203831,188919,5858,194777,1552
2020-12-28,San Diego,073,3302833,163999,147528,7393,154921,1404
2020-12-28,San Francisco,075,870044,24025,22726,232,22958,178
2020-12-28,San Joaquin,077,732212,46601,44172,1693,45865,618
2020-12-28,San Luis Obispo,079,281455,11368,10260,265,10525,76
2020-12-28,San Mateo,081,765935,26046,23467,110,23577,189
2020-12-28,Santa Barbara,083,443738,18439,16579,516,17095,155
2020-12-28,Santa Clara,085,1922200,72207,66418,304,66722,619
2020-12-28,Santa Cruz,087,273765,9549,8310,377,8687,81
2020-12-28,Shasta,089,179085,8296,7688,735,8423,65
2020-12-28,Sierra,091,2930,29,24,7,31,0
2020-12-28,Siskiyou,093,43540,1020,915,115,1030,3
2020-12-28,Solano,095,438530,19594,18171,208,18379,96
2020-12-28,Sonoma,097,501317,19578,18667,111,18778,185
2020-12-28,Stanislaus,099,539301,35339,33473,3353,36826,507
2020-12-28,Sutter,101,95872,6585,6253,48,6301,49
2020-12-28,Tehama,103,63373,3104,2934,308,3242,9
2020-12-28,Trinity,105,12862,349,240,43,283,2
2020-12-28,Tulare,107,460477,34172,32010,3951,35961,404
2020-12-28,Tuolumne,109,53932,2950,2777,12,2789,12
2020-12-28,Ventura,111,848112,41335,37151,1727,38878,230
2020-12-28,Yolo,113,214977,8775,8031,71,8102,111
2020-12-28,Yuba,115,75493,3884,3679,39,3718,18
2020-12-27,Alameda,001,1643700,52350,49764,980,50744,551
2020-12-27,Alpine,003,1148,67,65,0,65,0
2020-12-27,Amador,005,37829,2452,2218,19,2237,23
2020-12-27,Butte,007,227075,7632,7016,903,7919,86
2020-12-27,Calaveras,009,45235,1112,1097,2,1099,21
2020-12-27,Colusa,011,21464,1298,1253,71,1324,7
2020-12-27,Contra Costa,013,1133247,40530,38428,576,39004,324
2020-12-27,Del Norte,015,27424,727,712,0,712,2
2020-12-27,El Dorado,017,186661,6112,5388,296,5684,18
2020-12-27,Fresno,019,978130,67986,63811,4563,68374,679
2020-12-27,Glenn,021,27897,1556,1434,255,1689,9
2020-12-27,Humboldt,023,135768,1767,1575,7,1582,17
2020-12-27,Imperial,025,180216,22786,21934,1289,23223,405
2020-12-27,Inyo,027,18085,675,565,1,566,18
2020-12-27,Kern,029,883053,65977,61914,5065,66979,568
2020-12-27,Kings,031,150075,16275,15593,539,16132,108
2020-12-27,Lake,033,64148,1902,1769,0,1769,22
2020-12-27,Lassen,035,31185,4370,4230,46,4276,1
2020-12-27,Los Angeles,037,10098052,765053,707260,21972,729232,9476
2020-12-27,Madera,039,155013,10695,10005,437,10442,64
2020-12-27,Marin,041,260295,9760,9477,71,9548,144
2020-12-27,Mariposa,043,17540,232,208,2,210,3
2020-12-27,Mendocino,045,87422,2437,2209,21,2230,23
2020-12-27,Merced,047,269075,18850,18075,325,18400,213
2020-12-27,Modoc,049,8938,251,221,72,293,0
2020-12-27,Mono,051,14174,873,849,9,858,3
2020-12-27,Monterey,053,433212,27451,26322,701,27023,181
2020-12-27,Napa,055,140530,5903,5496,25,5521,26
2020-12-27,Nevada,057,99092,2744,2519,87,2606,15
2020-12-27,Orange,059,3164182,161659,149276,6425,155701,1839
2020-12-27,Placer,061,380077,14403,13017,569,13586,126
2020-12-27,Plumas,063,18699,467,390,9,399,0
2020-12-27,Riverside,065,2383286,184455,171995,8543,180538,1836
2020-12-27,Sacramento,067,1510023,65402,63416,608,64024,811
2020-12-27,San Benito,069,59416,3623,3394,31,3425,24
2020-12-27,San Bernardino,071,2135413,198774,186776,5711,192487,1551
2020-12-27,San Diego,073,3302833,159594,145777,7206,152983,1402
2020-12-27,San Francisco,075,870044,23676,22514,223,22737,178
2020-12-27,San Joaquin,077,732212,45564,43529,1640,45169,618
2020-12-27,San Luis Obispo,079,281455,10961,10154,260,10414,76
2020-12-27,San Mateo,081,765935,25480,23136,106,23242,187
2020-12-27,Santa Barbara,083,443738,17921,16364,487,16851,155
2020-12-27,Santa Clara,085,1922200,70587,65288,298,65586,619
2020-12-27,Santa Cruz,087,273765,9281,8234,368,8602,81
2020-12-27,Shasta,089,179085,8173,7671,711,8382,65
2020-12-27,Sierra,091,2930,29,24,6,30,0
2020-12-27,Siskiyou,093,43540,1009,914,110,1024,3
2020-12-27,Solano,095,438530,19101,17840,202,18042,96
2020-12-27,Sonoma,097,501317,19289,18487,110,18597,185
2020-12-27,Stanislaus,099,539301,34739,33076,3257,36333,506
2020-12-27,Sutter,101,95872,6503,6218,46,6264,48
2020-12-27,Tehama,103,63373,3033,2922,291,3213,9
2020-12-27,Trinity,105,12862,344,240,41,281,2
2020-12-27,Tulare,107,460477,33577,31864,3828,35692,400
2020-12-27,Tuolumne,109,53932,2843,2750,10,2760,12
2020-12-27,Ventura,111,848112,40275,36661,1672,38333,230
2020-12-27,Yolo,113,214977,8584,7919,65,7984,111
2020-12-27,Yuba,115,75493,3821,3665,37,3702,18
2020-12-26,Alameda,001,1643700,51740,49084,967,50051,551
2020-12-26,Alpine,003,1148,67,65,0,65,0
2020-12-26,Amador,005,37829,2438,2189,19,2208,23
2020-12-26,Butte,007,227075,7537,6968,881,7849,86
2020-12-26,Calaveras,009,45235,1106,1084,2,1086,21
2020-12-26,Colusa,011,21464,1288,1240,71,1311,7
2020-12-26,Contra Costa,013,1133247,40067,38008,562,38570,324
2020-12-26,Del Norte,015,27424,721,709,0,709,2
2020-12-26,El Dorado,017,186661,6057,5279,292,5571,18
2020-12-26,Fresno,019,978130,67519,63080,4498,67578,679
2020-12-26,Glenn,021,27897,1535,1413,249,1662,9
2020-12-26,Humboldt,023,135768,1729,1545,7,1552,17
2020-12-26,Imperial,025,180216,22697,21734,1236,22970,405
2020-12-26,Inyo,027,18085,662,554,1,555,18
2020-12-26,Kern,029,883053,65313,61174,4905,66079,564
2020-12-26,Kings,031,150075,16157,15517,534,16051,108
2020-12-26,Lake,033,64148,1859,1710,0,1710,22
2020-12-26,Lassen,035,31185,4349,3981,46,4027,1
2020-12-26,Los Angeles,037,10098052,756557,694149,21435,715584,9424
2020-12-26,Madera,039,155013,10621,9908,423,10331,64
2020-12-26,Marin,041,260295,9724,9413,70,9483,143
2020-12-26,Mariposa,043,17540,231,206,2,208,3
2020-12-26,Mendocino,045,87422,2391,2194,21,2215,23
2020-12-26,Merced,047,269075,18692,17890,320,18210,213
2020-12-26,Modoc,049,8938,248,222,72,294,0
2020-12-26,Mono,051,14174,867,850,9,859,3
2020-12-26,Monterey,053,433212,27318,26010,692,26702,182
2020-12-26,Napa,055,140530,5845,5427,25,5452,26
2020-12-26,Nevada,057,99092,2716,2480,87,2567,15
2020-12-26,Orange,059,3164182,159466,147304,6328,153632,1838
2020-12-26,Placer,061,380077,14235,12816,553,13369,122
2020-12-26,Plumas,063,18699,464,381,9,390,0
2020-12-26,Riverside,065,2383286,181982,169360,8377,177737,1834
2020-12-26,Sacramento,067,1510023,64779,62435,598,63033,807
2020-12-26,San Benito,069,59416,3550,3330,31,3361,24
2020-12-26,San Bernardino,071,2135413,197133,185111,5624,190735,1551
2020-12-26,San Diego,073,3302833,157072,142644,7058,149702,1402
2020-12-26,San Francisco,075,870044,23442,22319,222,22541,177
2020-12-26,San Joaquin,077,732212,45177,42887,1591,44478,618
2020-12-26,San Luis Obispo,079,281455,10875,9945,254,10199,76
2020-12-26,San Mateo,081,765935,25142,22908,100,23008,187
2020-12-26,Santa Barbara,083,443738,17684,16159,481,16640,155
2020-12-26,Santa Clara,085,1922200,69525,64185,295,64480,618
2020-12-26,Santa Cruz,087,273765,9157,8113,358,8471,81
2020-12-26,Shasta,089,179085,8114,7641,698,8339,65
2020-12-26,Sierra,091,2930,29,24,6,30,0
2020-12-26,Siskiyou,093,43540,1003,909,105,1014,2
2020-12-26,Solano,095,438530,18861,17528,202,17730,96
2020-12-26,Sonoma,097,501317,19089,18261,108,18369,184
2020-12-26,Stanislaus,099,539301,34448,32678,3206,35884,505
2020-12-26,Sutter,101,95872,6444,6121,46,6167,48
2020-12-26,Tehama,103,63373,3006,2884,286,3170,9
2020-12-26,Trinity,105,12862,343,237,40,277,2
2020-12-26,Tulare,107,460477,33280,31665,3774,35439,398
2020-12-26,Tuolumne,109,53932,2832,2703,10,2713,12
2020-12-26,Ventura,111,848112,39313,36064,1637,37701,230
2020-12-26,Yolo,113,214977,8483,7785,62,7847,111
2020-12-26,Yuba,115,75493,3793,3599,37,3636,18
2020-12-25,Alameda,001,1643700,51179,48365,952,49317,542
2020-12-25,Alpine,003,1148,67,64,0,64,0
2020-12-25,Amador,005,37829,2395,2172,19,2191,23
2020-12-25,Butte,007,227075,7440,6873,860,7733,85
2020-12-25,Calaveras,009,45235,1103,1062,2,1064,21
2020-12-25,Colusa,011,21464,1276,1219,70,1289,7
2020-12-25,Contra Costa,013,1133247,39596,37480,535,38015,324
2020-12-25,Del Norte,015,27424,718,692,0,692,2
2020-12-25,El Dorado,017,186661,5993,5170,278,5448,16
2020-12-25,Fresno,019,978130,66659,62251,4410,66661,679
2020-12-25,Glenn,021,27897,1520,1390,241,1631,9
2020-12-25,Humboldt,023,135768,1691,1532,7,1539,16
2020-12-25,Imperial,025,180216,22607,21646,1224,22870,405
2020-12-25,Inyo,027,18085,653,546,1,547,18
2020-12-25,Kern,029,883053,64590,60417,4753,65170,562
2020-12-25,Kings,031,150075,16047,15460,529,15989,108
2020-12-25,Lake,033,64148,1839,1669,0,1669,20
2020-12-25,Lassen,035,31185,4334,3926,46,3972,1
2020-12-25,Los Angeles,037,10098052,742956,665600,20724,686324,9292
2020-12-25,Madera,039,155013,10451,9770,415,10185,64
2020-12-25,Marin,041,260295,9674,9375,67,9442,143
2020-12-25,Mariposa,043,17540,225,203,2,205,3
2020-12-25,Mendocino,045,87422,2349,2176,21,2197,23
2020-12-25,Merced,047,269075,18532,17726,313,18039,213
2020-12-25,Modoc,049,8938,247,221,72,293,0
2020-12-25,Mono,051,14174,865,843,9,852,3
2020-12-25,Monterey,053,433212,27047,25788,683,26471,182
2020-12-25,Napa,055,140530,5765,5351,25,5376,26
2020-12-25,Nevada,057,99092,2690,2458,85,2543,15
2020-12-25,Orange,059,3164182,156788,144542,6129,150671,1814
2020-12-25,Placer,061,380077,14054,12660,530,13190,122
2020-12-25,Plumas,063,18699,457,381,9,390,0
2020-12-25,Riverside,065,2383286,178706,166690,8050,174740,1825
2020-12-25,Sacramento,067,1510023,64088,61630,571,62201,796
2020-12-25,San Benito,069,59416,3512,3281,29,3310,24
2020-12-25,San Bernardino,071,2135413,194490,181812,5504,187316,1546
2020-12-25,San Diego,073,3302833,154592,139958,6881,146839,1402
2020-12-25,San Francisco,075,870044,23165,22130,217,22347,175
2020-12-25,San Joaquin,077,732212,44873,42089,1533,43622,614
2020-12-25,San Luis Obispo,079,281455,10692,9749,247,9996,76
2020-12-25,San Mateo,081,765935,24819,22568,97,22665,187
2020-12-25,Santa Barbara,083,443738,17460,15936,473,16409,155
2020-12-25,Santa Clara,085,1922200,68410,63173,286,63459,612
2020-12-25,Santa Cruz,087,273765,9016,8018,334,8352,81
2020-12-25,Shasta,089,179085,8041,7612,675,8287,65
2020-12-25,Sierra,091,2930,29,24,5,29,0
2020-12-25,Siskiyou,093,43540,997,905,102,1007,2
2020-12-25,Solano,095,438530,18691,17280,200,17480,96
2020-12-25,Sonoma,097,501317,18913,18035,106,18141,184
2020-12-25,Stanislaus,099,539301,34157,32290,3157,35447,498
2020-12-25,Sutter,101,95872,6385,6051,45,6096,47
2020-12-25,Tehama,103,63373,2961,2839,272,3111,9
2020-12-25,Trinity,105,12862,340,236,40,276,2
2020-12-25,Tulare,107,460477,32896,31323,3705,35028,398
2020-12-25,Tuolumne,109,53932,2813,2674,10,2684,12
2020-12-25,Ventura,111,848112,38159,35514,1586,37100,230
2020-12-25,Yolo,113,214977,8385,7700,60,7760,111
2020-12-25,Yuba,115,75493,3758,3549,36,3585,17
2020-12-24,Alameda,001,1643700,50842,47527,931,48458,541
2020-12-24,Alpine,003,1148,67,64,0,64,0
2020-12-24,Amador,005,37829,2383,2145,19,2164,23
2020-12-24,Butte,007,227075,7402,6716,845,7561,84
2020-12-24,Calaveras,009,45235,1100,1032,2,1034,21
2020-12-24,Colusa,011,21464,1271,1188,69,1257,7
2020-12-24,Contra Costa,013,1133247,39352,36623,523,37146,311
2020-12-24,Del Norte,015,27424,718,678,0,678,2
2020-12-24,El Dorado,017,186661,5967,5042,270,5312,16
2020-12-24,Fresno,019,978130,66436,61435,4396,65831,663
2020-12-24,Glenn,021,27897,1509,1363,233,1596,9
2020-12-24,Humboldt,023,135768,1668,1516,7,1523,16
2020-12-24,Imperial,025,180216,22558,21545,1215,22760,402
2020-12-24,Inyo,027,18085,651,532,1,533,17
2020-12-24,Kern,029,883053,64303,59601,4740,64341,556
2020-12-24,Kings,031,150075,16007,15211,528,15739,108
2020-12-24,Lake,033,64148,1824,1629,0,1629,20
2020-12-24,Lassen,035,31185,4321,3894,46,3940,1
2020-12-24,Los Angeles,037,10098052,738812,664840,20454,685294,9288
2020-12-24,Madera,039,155013,10413,9547,408,9955,63
2020-12-24,Marin,041,260295,9641,9287,67,9354,143
2020-12-24,Mariposa,043,17540,221,197,2,199,3
2020-12-24,Mendocino,045,87422,2339,2150,21,2171,23
2020-12-24,Merced,047,269075,18461,17485,309,17794,212
2020-12-24,Modoc,049,8938,247,220,71,291,0
2020-12-24,Mono,051,14174,863,817,9,826,3
2020-12-24,Monterey,053,433212,26942,25131,676,25807,180
2020-12-24,Napa,055,140530,5711,5265,25,5290,26
2020-12-24,Nevada,057,99092,2666,2429,85,2514,15
2020-12-24,Orange,059,3164182,155311,141205,6077,147282,1775
2020-12-24,Placer,061,380077,13969,12457,523,12980,121
2020-12-24,Plumas,063,18699,454,376,9,385,0
2020-12-24,Riverside,065,2383286,177778,162435,8011,170446,1816
2020-12-24,Sacramento,067,1510023,63814,60596,569,61165,788
2020-12-24,San Benito,069,59416,3482,3183,29,3212,24
2020-12-24,San Bernardino,071,2135413,193479,176866,5469,182335,1533
2020-12-24,San Diego,073,3302833,153510,136952,6849,143801,1382
2020-12-24,San Francisco,075,870044,22998,21830,214,22044,175
2020-12-24,San Joaquin,077,732212,44713,41324,1514,42838,611
2020-12-24,San Luis Obispo,079,281455,10624,9504,245,9749,77
2020-12-24,San Mateo,081,765935,24622,22093,97,22190,186
2020-12-24,Santa Barbara,083,443738,17356,15644,465,16109,153
2020-12-24,Santa Clara,085,1922200,67808,61742,279,62021,591
2020-12-24,Santa Cruz,087,273765,8945,7856,322,8178,82
2020-12-24,Shasta,089,179085,8001,7540,657,8197,65
2020-12-24,Sierra,091,2930,27,23,2,25,0
2020-12-24,Siskiyou,093,43540,993,900,95,995,2
2020-12-24,Solano,095,438530,18550,16872,195,17067,96
2020-12-24,Sonoma,097,501317,18815,17710,106,17816,183
2020-12-24,Stanislaus,099,539301,33963,31848,3132,34980,498
2020-12-24,Sutter,101,95872,6344,5960,44,6004,47
2020-12-24,Tehama,103,63373,2945,2779,271,3050,9
2020-12-24,Trinity,105,12862,339,235,40,275,2
2020-12-24,Tulare,107,460477,32781,30827,3678,34505,390
2020-12-24,Tuolumne,109,53932,2805,2653,10,2663,12
2020-12-24,Ventura,111,848112,37881,34400,1579,35979,224
2020-12-24,Yolo,113,214977,8344,7566,60,7626,113
2020-12-24,Yuba,115,75493,3733,3483,36,3519,16
2020-12-23,Alameda,001,1643700,50276,46753,903,47656,537
2020-12-23,Alpine,003,1148,67,64,0,64,0
2020-12-23,Amador,005,37829,2314,2108,18,2126,23
2020-12-23,Butte,007,227075,7316,6588,817,7405,84
2020-12-23,Calaveras,009,45235,1092,1002,1,1003,21
2020-12-23,Colusa,011,21464,1260,1167,69,1236,7
2020-12-23,Contra Costa,013,1133247,38954,36190,509,36699,311
2020-12-23,Del Norte,015,27424,711,670,0,670,2
2020-12-23,El Dorado,017,186661,5893,4967,261,5228,14
2020-12-23,Fresno,019,978130,65830,60488,4328,64816,654
2020-12-23,Glenn,021,27897,1495,1349,229,1578,9
2020-12-23,Humboldt,023,135768,1643,1458,7,1465,16
2020-12-23,Imperial,025,180216,22464,21323,1185,22508,399
2020-12-23,Inyo,027,18085,639,517,1,518,17
2020-12-23,Kern,029,883053,63791,58656,4641,63297,549
2020-12-23,Kings,031,150075,15929,14923,525,15448,105
2020-12-23,Lake,033,64148,1810,1595,0,1595,20
2020-12-23,Lassen,035,31185,4311,3865,43,3908,1
2020-12-23,Los Angeles,037,10098052,729821,651958,19881,671839,9146
2020-12-23,Madera,039,155013,10256,9371,394,9765,63
2020-12-23,Marin,041,260295,9583,9199,64,9263,142
2020-12-23,Mariposa,043,17540,219,194,2,196,3
2020-12-23,Mendocino,045,87422,2327,2121,21,2142,23
2020-12-23,Merced,047,269075,18305,17250,302,17552,203
2020-12-23,Modoc,049,8938,243,197,70,267,0
2020-12-23,Mono,051,14174,861,814,9,823,3
2020-12-23,Monterey,053,433212,26644,24856,670,25526,176
2020-12-23,Napa,055,140530,5643,5172,25,5197,25
2020-12-23,Nevada,057,99092,2621,2406,84,2490,15
2020-12-23,Orange,059,3164182,152864,138050,5905,143955,1771
2020-12-23,Placer,061,380077,13760,12213,515,12728,111
2020-12-23,Plumas,063,18699,447,369,9,378,0
2020-12-23,Riverside,065,2383286,175524,158110,7844,165954,1790
2020-12-23,Sacramento,067,1510023,63167,59661,554,60215,779
2020-12-23,San Benito,069,59416,3428,3073,27,3100,24
2020-12-23,San Bernardino,071,2135413,191449,172888,5400,178288,1509
2020-12-23,San Diego,073,3302833,151088,134695,6712,141407,1350
2020-12-23,San Francisco,075,870044,22775,21498,211,21709,174
2020-12-23,San Joaquin,077,732212,44189,35664,1472,37136,602
2020-12-23,San Luis Obispo,079,281455,10483,9267,239,9506,74
2020-12-23,San Mateo,081,765935,24320,21780,95,21875,186
2020-12-23,Santa Barbara,083,443738,17149,15399,435,15834,152
2020-12-23,Santa Clara,085,1922200,66903,60455,274,60729,579
2020-12-23,Santa Cruz,087,273765,8785,7637,304,7941,75
2020-12-23,Shasta,089,179085,7928,7487,650,8137,66
2020-12-23,Sierra,091,2930,27,23,0,23,0
2020-12-23,Siskiyou,093,43540,973,891,92,983,2
2020-12-23,Solano,095,438530,18343,16626,190,16816,95
2020-12-23,Sonoma,097,501317,18611,17397,106,17503,182
2020-12-23,Stanislaus,099,539301,33620,31492,3076,34568,499
2020-12-23,Sutter,101,95872,6278,5871,44,5915,46
2020-12-23,Tehama,103,63373,2925,2737,267,3004,9
2020-12-23,Trinity,105,12862,339,234,40,274,2
2020-12-23,Tulare,107,460477,32488,30315,3636,33951,385
2020-12-23,Tuolumne,109,53932,2765,2540,10,2550,12
2020-12-23,Ventura,111,848112,37492,33377,1545,34922,216
2020-12-23,Yolo,113,214977,8266,7508,58,7566,112
2020-12-23,Yuba,115,75493,3681,3438,36,3474,14
2020-12-22,Alameda,001,1643700,49389,45751,870,46621,534
2020-12-22,Alpine,003,1148,67,64,0,64,0
2020-12-22,Amador,005,37829,2303,1839,18,1857,23
2020-12-22,Butte,007,227075,7189,6467,801,7268,85
2020-12-22,Calaveras,009,45235,1065,988,0,988,21
2020-12-22,Colusa,011,21464,1237,1150,65,1215,7
2020-12-22,Contra Costa,013,1133247,38330,35681,496,36177,301
2020-12-22,Del Norte,015,27424,705,666,0,666,2
2020-12-22,El Dorado,017,186661,5772,4885,247,5132,12
2020-12-22,Fresno,019,978130,64804,59640,4215,63855,640
2020-12-22,Glenn,021,27897,1472,1337,218,1555,9
2020-12-22,Humboldt,023,135768,1609,1440,7,1447,16
2020-12-22,Imperial,025,180216,22276,21128,1141,22269,398
2020-12-22,Inyo,027,18085,618,506,1,507,17
2020-12-22,Kern,029,883053,62846,57816,4496,62312,547
2020-12-22,Kings,031,150075,15790,14855,518,15373,102
2020-12-22,Lake,033,64148,1786,1569,0,1569,20
2020-12-22,Lassen,035,31185,4169,3848,41,3889,1
2020-12-22,Los Angeles,037,10098052,712624,635931,19152,655083,9013
2020-12-22,Madera,039,155013,10138,9187,378,9565,63
2020-12-22,Marin,041,260295,9519,9115,63,9178,142
2020-12-22,Mariposa,043,17540,216,194,2,196,3
2020-12-22,Mendocino,045,87422,2294,2092,21,2113,23
2020-12-22,Merced,047,269075,18060,17012,298,17310,201
2020-12-22,Modoc,049,8938,235,182,69,251,0
2020-12-22,Mono,051,14174,851,786,9,795,3
2020-12-22,Monterey,053,433212,25979,24152,649,24801,176
2020-12-22,Napa,055,140530,5556,5059,25,5084,23
2020-12-22,Nevada,057,99092,2594,2367,83,2450,14
2020-12-22,Orange,059,3164182,149525,134850,5729,140579,1774
2020-12-22,Placer,061,380077,13519,11943,494,12437,105
2020-12-22,Plumas,063,18699,441,360,9,369,0
2020-12-22,Riverside,065,2383286,171732,155059,7562,162621,1777
2020-12-22,Sacramento,067,1510023,62240,57966,534,58500,772
2020-12-22,San Benito,069,59416,3351,2998,27,3025,24
2020-12-22,San Bernardino,071,2135413,186883,169266,5247,174513,1500
2020-12-22,San Diego,073,3302833,147735,132097,6551,138648,1311
2020-12-22,San Francisco,075,870044,22506,21232,207,21439,174
2020-12-22,San Joaquin,077,732212,43436,39423,1424,40847,592
2020-12-22,San Luis Obispo,079,281455,10139,9174,234,9408,69
2020-12-22,San Mateo,081,765935,23993,21382,79,21461,186
2020-12-22,Santa Barbara,083,443738,16888,15189,425,15614,150
2020-12-22,Santa Clara,085,1922200,65739,59192,267,59459,569
2020-12-22,Santa Cruz,087,273765,8607,7471,277,7748,72
2020-12-22,Shasta,089,179085,7849,7371,633,8004,64
2020-12-22,Sierra,091,2930,27,23,0,23,0
2020-12-22,Siskiyou,093,43540,968,880,89,969,2
2020-12-22,Solano,095,438530,17939,16229,187,16416,95
2020-12-22,Sonoma,097,501317,18293,17216,106,17322,180
2020-12-22,Stanislaus,099,539301,33243,30914,3001,33915,499
2020-12-22,Sutter,101,95872,6217,5791,43,5834,46
2020-12-22,Tehama,103,63373,2878,2688,259,2947,9
2020-12-22,Trinity,105,12862,339,231,40,271,2
2020-12-22,Tulare,107,460477,32025,30025,3564,33589,377
2020-12-22,Tuolumne,109,53932,2710,2526,10,2536,12
2020-12-22,Ventura,111,848112,36731,32488,1498,33986,213
2020-12-22,Yolo,113,214977,8153,7388,57,7445,113
2020-12-22,Yuba,115,75493,3631,3379,36,3415,14
2020-12-21,Alameda,001,1643700,48490,44756,842,45598,518
2020-12-21,Alpine,003,1148,66,64,0,64,0
2020-12-21,Amador,005,37829,2226,1815,18,1833,23
2020-12-21,Butte,007,227075,7034,6335,777,7112,81
2020-12-21,Calaveras,009,45235,1035,963,0,963,21
2020-12-21,Colusa,011,21464,1210,1135,60,1195,7
2020-12-21,Contra Costa,013,1133247,37583,35207,459,35666,300
2020-12-21,Del Norte,015,27424,694,660,0,660,2
2020-12-21,El Dorado,017,186661,5626,4805,233,5038,10
2020-12-21,Fresno,019,978130,63657,58568,4064,62632,634
2020-12-21,Glenn,021,27897,1440,1323,210,1533,9
2020-12-21,Humboldt,023,135768,1585,1419,7,1426,16
2020-12-21,Imperial,025,180216,22006,20994,1097,22091,395
2020-12-21,Inyo,027,18085,597,482,1,483,17
2020-12-21,Kern,029,883053,61958,56836,4356,61192,541
2020-12-21,Kings,031,150075,15541,14760,502,15262,100
2020-12-21,Lake,033,64148,1732,1538,0,1538,20
2020-12-21,Lassen,035,31185,4009,3798,39,3837,1
2020-12-21,Los Angeles,037,10098052,693598,624129,18435,642564,8918
2020-12-21,Madera,039,155013,9944,9069,358,9427,63
2020-12-21,Marin,041,260295,9450,9035,63,9098,142
2020-12-21,Mariposa,043,17540,211,186,2,188,3
2020-12-21,Mendocino,045,87422,2264,2066,20,2086,23
2020-12-21,Merced,047,269075,17813,16710,281,16991,198
2020-12-21,Modoc,049,8938,221,181,68,249,0
2020-12-21,Mono,051,14174,839,781,9,790,3
2020-12-21,Monterey,053,433212,25447,23673,635,24308,174
2020-12-21,Napa,055,140530,5468,4952,25,4977,23
2020-12-21,Nevada,057,99092,2561,2337,83,2420,13
2020-12-21,Orange,059,3164182,146124,130444,5570,136014,1772
2020-12-21,Placer,061,380077,13287,11715,474,12189,105
2020-12-21,Plumas,063,18699,437,353,9,362,0
2020-12-21,Riverside,065,2383286,167528,151713,7218,158931,1743
2020-12-21,Sacramento,067,1510023,61218,57064,517,57581,759
2020-12-21,San Benito,069,59416,3282,2921,27,2948,22
2020-12-21,San Bernardino,071,2135413,182114,165086,5074,170160,1476
2020-12-21,San Diego,073,3302833,144288,129716,6386,136102,1284
2020-12-21,San Francisco,075,870044,22223,21086,203,21289,174
2020-12-21,San Joaquin,077,732212,42642,38811,1371,40182,586
2020-12-21,San Luis Obispo,079,281455,9952,9006,229,9235,64
2020-12-21,San Mateo,081,765935,23589,21035,75,21110,185
2020-12-21,Santa Barbara,083,443738,16617,14988,420,15408,149
2020-12-21,Santa Clara,085,1922200,64547,57699,255,57954,570
2020-12-21,Santa Cruz,087,273765,8395,7315,263,7578,69
2020-12-21,Shasta,089,179085,7784,7299,623,7922,64
2020-12-21,Sierra,091,2930,24,23,0,23,0
2020-12-21,Siskiyou,093,43540,960,878,88,966,2
2020-12-21,Solano,095,438530,17468,15878,182,16060,95
2020-12-21,Sonoma,097,501317,18019,17075,102,17177,176
2020-12-21,Stanislaus,099,539301,32787,30437,2926,33363,499
2020-12-21,Sutter,101,95872,6121,5708,43,5751,46
2020-12-21,Tehama,103,63373,2811,2656,251,2907,9
2020-12-21,Trinity,105,12862,337,226,39,265,2
2020-12-21,Tulare,107,460477,31537,29482,3470,32952,373
2020-12-21,Tuolumne,109,53932,2685,2423,8,2431,12
2020-12-21,Ventura,111,848112,35650,31759,1461,33220,212
2020-12-21,Yolo,113,214977,8007,7266,53,7319,109
2020-12-21,Yuba,115,75493,3572,3329,36,3365,14
2020-12-20,Alameda,001,1643700,47607,44004,819,44823,516
2020-12-20,Alpine,003,1148,66,64,0,64,0
2020-12-20,Amador,005,37829,2168,1771,17,1788,23
2020-12-20,Butte,007,227075,6889,6228,740,6968,81
2020-12-20,Calaveras,009,45235,1011,926,0,926,21
2020-12-20,Colusa,011,21464,1183,1121,52,1173,7
2020-12-20,Contra Costa,013,1133247,36997,34798,440,35238,301
2020-12-20,Del Norte,015,27424,672,652,0,652,2
2020-12-20,El Dorado,017,186661,5499,4697,224,4921,10
2020-12-20,Fresno,019,978130,62675,57616,3921,61537,634
2020-12-20,Glenn,021,27897,1431,1295,203,1498,9
2020-12-20,Humboldt,023,135768,1548,1386,6,1392,15
2020-12-20,Imperial,025,180216,21764,20882,990,21872,395
2020-12-20,Inyo,027,18085,583,476,1,477,17
2020-12-20,Kern,029,883053,60860,55983,4198,60181,540
2020-12-20,Kings,031,150075,15323,14629,482,15111,100
2020-12-20,Lake,033,64148,1686,1463,0,1463,20
2020-12-20,Lassen,035,31185,3955,3669,37,3706,1
2020-12-20,Los Angeles,037,10098052,675582,612975,17656,630631,8862
2020-12-20,Madera,039,155013,9734,8871,349,9220,63
2020-12-20,Marin,041,260295,9353,8948,59,9007,142
2020-12-20,Mariposa,043,17540,210,179,2,181,3
2020-12-20,Mendocino,045,87422,2239,2033,20,2053,23
2020-12-20,Merced,047,269075,17496,16435,274,16709,198
2020-12-20,Modoc,049,8938,221,181,66,247,0
2020-12-20,Mono,051,14174,819,774,9,783,3
2020-12-20,Monterey,053,433212,24973,23250,591,23841,173
2020-12-20,Napa,055,140530,5346,4865,23,4888,23
2020-12-20,Nevada,057,99092,2515,2289,77,2366,13
2020-12-20,Orange,059,3164182,142635,128780,5417,134197,1763
2020-12-20,Placer,061,380077,13060,11496,455,11951,105
2020-12-20,Plumas,063,18699,429,347,9,356,0
2020-12-20,Riverside,065,2383286,163336,148714,6918,155632,1742
2020-12-20,Sacramento,067,1510023,60220,56017,497,56514,755
2020-12-20,San Benito,069,59416,3210,2885,26,2911,21
2020-12-20,San Bernardino,071,2135413,177155,162810,4911,167721,1458
2020-12-20,San Diego,073,3302833,140575,126465,6216,132681,1280
2020-12-20,San Francisco,075,870044,21909,20937,199,21136,174
2020-12-20,San Joaquin,077,732212,41806,38268,1306,39574,587
2020-12-20,San Luis Obispo,079,281455,9659,8881,222,9103,63
2020-12-20,San Mateo,081,765935,23154,20764,71,20835,185
2020-12-20,Santa Barbara,083,443738,16302,14817,399,15216,148
2020-12-20,Santa Clara,085,1922200,63146,56860,249,57109,566
2020-12-20,Santa Cruz,087,273765,8188,7178,250,7428,69
2020-12-20,Shasta,089,179085,7669,7256,609,7865,64
2020-12-20,Sierra,091,2930,24,22,0,22,0
2020-12-20,Siskiyou,093,43540,950,870,87,957,2
2020-12-20,Solano,095,438530,17090,15533,171,15704,95
2020-12-20,Sonoma,097,501317,17744,16802,101,16903,175
2020-12-20,Stanislaus,099,539301,32266,29995,2822,32817,498
2020-12-20,Sutter,101,95872,6034,5601,43,5644,43
2020-12-20,Tehama,103,63373,2763,2602,231,2833,9
2020-12-20,Trinity,105,12862,332,221,38,259,2
2020-12-20,Tulare,107,460477,31023,29078,3369,32447,373
2020-12-20,Tuolumne,109,53932,2573,2152,7,2159,12
2020-12-20,Ventura,111,848112,34947,31335,1426,32761,210
2020-12-20,Yolo,113,214977,7853,7121,50,7171,109
2020-12-20,Yuba,115,75493,3525,3254,34,3288,12
2020-12-19,Alameda,001,1643700,47163,43109,812,43921,516
2020-12-19,Alpine,003,1148,66,64,0,64,0
2020-12-19,Amador,005,37829,2144,1754,17,1771,23
2020-12-19,Butte,007,227075,6789,6118,716,6834,81
2020-12-19,Calaveras,009,45235,994,900,0,900,21
2020-12-19,Colusa,011,21464,1175,1096,50,1146,7
2020-12-19,Contra Costa,013,1133247,36687,34321,424,34745,301
2020-12-19,Del Norte,015,27424,670,641,0,641,2
2020-12-19,El Dorado,017,186661,5433,4588,215,4803,10
2020-12-19,Fresno,019,978130,62354,55428,3851,59279,634
2020-12-19,Glenn,021,27897,1396,1286,202,1488,9
2020-12-19,Humboldt,023,135768,1531,1357,6,1363,15
2020-12-19,Imperial,025,180216,21677,20711,939,21650,395
2020-12-19,Inyo,027,18085,576,475,1,476,17
2020-12-19,Kern,029,883053,60379,55118,4086,59204,540
2020-12-19,Kings,031,150075,15244,14474,480,14954,100
2020-12-19,Lake,033,64148,1652,1438,0,1438,20
2020-12-19,Lassen,035,31185,3927,3595,37,3632,1
2020-12-19,Los Angeles,037,10098052,668538,599888,17101,616989,8804
2020-12-19,Madera,039,155013,9643,8717,337,9054,63
2020-12-19,Marin,041,260295,9314,8864,59,8923,142
2020-12-19,Mariposa,043,17540,208,177,2,179,3
2020-12-19,Mendocino,045,87422,2214,2008,20,2028,23
2020-12-19,Merced,047,269075,17358,16230,265,16495,198
2020-12-19,Modoc,049,8938,218,181,66,247,0
2020-12-19,Mono,051,14174,815,766,9,775,3
2020-12-19,Monterey,053,433212,24862,22799,585,23384,172
2020-12-19,Napa,055,140530,5284,4772,23,4795,23
2020-12-19,Nevada,057,99092,2493,2260,77,2337,13
2020-12-19,Orange,059,3164182,140719,125574,5260,130834,1733
2020-12-19,Placer,061,380077,12906,11246,449,11695,105
2020-12-19,Plumas,063,18699,426,343,9,352,0
2020-12-19,Riverside,065,2383286,161367,146703,6675,153378,1737
2020-12-19,Sacramento,067,1510023,59689,55169,482,55651,746
2020-12-19,San Benito,069,59416,3164,2820,25,2845,21
2020-12-19,San Bernardino,071,2135413,175605,159883,4800,164683,1433
2020-12-19,San Diego,073,3302833,138809,122972,6077,129049,1280
2020-12-19,San Francisco,075,870044,21759,20643,198,20841,174
2020-12-19,San Joaquin,077,732212,41408,37340,1251,38591,586
2020-12-19,San Luis Obispo,079,281455,9589,8788,219,9007,63
2020-12-19,San Mateo,081,765935,22944,20393,64,20457,182
2020-12-19,Santa Barbara,083,443738,16147,14667,391,15058,148
2020-12-19,Santa Clara,085,1922200,62337,55540,244,55784,558
2020-12-19,Santa Cruz,087,273765,8086,7054,244,7298,68
2020-12-19,Shasta,089,179085,7616,7221,597,7818,63
2020-12-19,Sierra,091,2930,24,23,0,23,0
2020-12-19,Siskiyou,093,43540,947,853,86,939,2
2020-12-19,Solano,095,438530,16924,15204,167,15371,95
2020-12-19,Sonoma,097,501317,17636,16553,101,16654,175
2020-12-19,Stanislaus,099,539301,31948,29555,2749,32304,498
2020-12-19,Sutter,101,95872,5976,5506,43,5549,41
2020-12-19,Tehama,103,63373,2712,2574,228,2802,9
2020-12-19,Trinity,105,12862,332,219,38,257,2
2020-12-19,Tulare,107,460477,30805,28734,3300,32034,375
2020-12-19,Tuolumne,109,53932,2560,2107,7,2114,12
2020-12-19,Ventura,111,848112,34667,30843,1396,32239,209
2020-12-19,Yolo,113,214977,7784,7025,49,7074,109
2020-12-19,Yuba,115,75493,3493,3168,34,3202,11
2020-12-18,Alameda,001,1643700,46626,42196,795,42991,515
2020-12-18,Alpine,003,1148,66,64,0,64,0
2020-12-18,Amador,005,37829,2127,1727,15,1742,20
2020-12-18,Butte,007,227075,6705,5891,689,6580,81
2020-12-18,Calaveras,009,45235,984,870,0,870,21
2020-12-18,Colusa,011,21464,1166,1068,50,1118,7
2020-12-18,Contra Costa,013,1133247,36406,33610,410,34020,300
2020-12-18,Del Norte,015,27424,665,627,0,627,2
2020-12-18,El Dorado,017,186661,5372,4494,204,4698,10
2020-12-18,Fresno,019,978130,61529,52643,3787,56430,613
2020-12-18,Glenn,021,27897,1380,1264,196,1460,9
2020-12-18,Humboldt,023,135768,1516,1331,6,1337,15
2020-12-18,Imperial,025,180216,21599,20430,892,21322,393
2020-12-18,Inyo,027,18085,556,454,1,455,17
2020-12-18,Kern,029,883053,59722,54220,4000,58220,533
2020-12-18,Kings,031,150075,15118,14284,474,14758,98
2020-12-18,Lake,033,64148,1641,1397,0,1397,20
2020-12-18,Lassen,035,31185,3919,3486,37,3523,1
2020-12-18,Los Angeles,037,10098052,656436,586413,16578,602991,8744
2020-12-18,Madera,039,155013,9541,8609,332,8941,63
2020-12-18,Marin,041,260295,9230,8799,59,8858,142
2020-12-18,Mariposa,043,17540,205,176,2,178,3
2020-12-18,Mendocino,045,87422,2196,1977,20,1997,24
2020-12-18,Merced,047,269075,17277,15956,262,16218,195
2020-12-18,Modoc,049,8938,218,179,66,245,0
2020-12-18,Mono,051,14174,809,731,9,740,3
2020-12-18,Monterey,053,433212,24570,22336,579,22915,165
2020-12-18,Napa,055,140530,5236,4688,23,4711,23
2020-12-18,Nevada,057,99092,2476,2220,76,2296,13
2020-12-18,Orange,059,3164182,138290,121681,5101,126782,1725
2020-12-18,Placer,061,380077,12737,10995,440,11435,104
2020-12-18,Plumas,063,18699,420,336,9,345,0
2020-12-18,Riverside,065,2383286,158543,142375,6400,148775,1733
2020-12-18,Sacramento,067,1510023,59065,53980,464,54444,736
2020-12-18,San Benito,069,59416,3116,2744,25,2769,21
2020-12-18,San Bernardino,071,2135413,173310,154272,4663,158935,1430
2020-12-18,San Diego,073,3302833,136635,120463,5937,126400,1253
2020-12-18,San Francisco,075,870044,21592,20315,192,20507,173
2020-12-18,San Joaquin,077,732212,41051,36484,1218,37702,559
2020-12-18,San Luis Obispo,079,281455,9490,8598,214,8812,62
2020-12-18,San Mateo,081,765935,22630,19971,60,20031,182
2020-12-18,Santa Barbara,083,443738,16007,14361,378,14739,148
2020-12-18,Santa Clara,085,1922200,61469,53992,231,54223,539
2020-12-18,Santa Cruz,087,273765,7971,6838,236,7074,68
2020-12-18,Shasta,089,179085,7580,7114,585,7699,62
2020-12-18,Sierra,091,2930,24,23,0,23,0
2020-12-18,Siskiyou,093,43540,945,840,86,926,2
2020-12-18,Solano,095,438530,16772,14667,163,14830,95
2020-12-18,Sonoma,097,501317,17516,16261,101,16362,173
2020-12-18,Stanislaus,099,539301,31678,28967,2710,31677,490
2020-12-18,Sutter,101,95872,5892,5399,43,5442,39
2020-12-18,Tehama,103,63373,2695,2523,219,2742,9
2020-12-18,Trinity,105,12862,331,215,38,253,2
2020-12-18,Tulare,107,460477,30539,28322,3214,31536,370
2020-12-18,Tuolumne,109,53932,2549,2067,7,2074,12
2020-12-18,Ventura,111,848112,34166,29907,1352,31259,209
2020-12-18,Yolo,113,214977,7716,6901,48,6949,109
2020-12-18,Yuba,115,75493,3435,3097,34,3131,11
2020-12-17,Alameda,001,1643700,45825,41548,762,42310,508
2020-12-17,Alpine,003,1148,66,64,0,64,0
2020-12-17,Amador,005,37829,2079,1703,13,1716,19
2020-12-17,Butte,007,227075,6581,5746,669,6415,78
2020-12-17,Calaveras,009,45235,961,848,0,848,21
2020-12-17,Colusa,011,21464,1155,1053,48,1101,7
2020-12-17,Contra Costa,013,1133247,35885,33006,375,33381,293
2020-12-17,Del Norte,015,27424,660,583,0,583,1
2020-12-17,El Dorado,017,186661,5228,4327,191,4518,9
2020-12-17,Fresno,019,978130,60671,49918,3658,53576,597
2020-12-17,Glenn,021,27897,1356,1244,189,1433,9
2020-12-17,Humboldt,023,135768,1483,1322,6,1328,14
2020-12-17,Imperial,025,180216,21440,20208,814,21022,391
2020-12-17,Inyo,027,18085,538,450,1,451,16
2020-12-17,Kern,029,883053,58773,53683,3859,57542,526
2020-12-17,Kings,031,150075,15019,14057,458,14515,98
2020-12-17,Lake,033,64148,1616,1374,0,1374,20
2020-12-17,Lassen,035,31185,3883,3417,37,3454,1
2020-12-17,Los Angeles,037,10098052,640840,571093,15989,587082,8657
2020-12-17,Madera,039,155013,9425,8465,327,8792,62
2020-12-17,Marin,041,260295,9173,8721,56,8777,142
2020-12-17,Mariposa,043,17540,201,172,2,174,3
2020-12-17,Mendocino,045,87422,2162,1942,20,1962,23
2020-12-17,Merced,047,269075,17014,15648,254,15902,192
2020-12-17,Modoc,049,8938,215,179,66,245,0
2020-12-17,Mono,051,14174,799,718,9,727,3
2020-12-17,Monterey,053,433212,24051,21951,564,22515,163
2020-12-17,Napa,055,140530,5124,4612,23,4635,23
2020-12-17,Nevada,057,99092,2435,2173,73,2246,13
2020-12-17,Orange,059,3164182,134908,118367,4965,123332,1725
2020-12-17,Placer,061,380077,12463,10756,426,11182,99
2020-12-17,Plumas,063,18699,411,324,9,333,0
2020-12-17,Riverside,065,2383286,154690,139325,6176,145501,1696
2020-12-17,Sacramento,067,1510023,58161,53189,441,53630,721
2020-12-17,San Benito,069,59416,3047,2645,24,2669,20
2020-12-17,San Bernardino,071,2135413,169391,149838,4536,154374,1425
2020-12-17,San Diego,073,3302833,133841,116852,5782,122634,1239
2020-12-17,San Francisco,075,870044,21305,19939,187,20126,170
2020-12-17,San Joaquin,077,732212,40322,35894,1180,37074,554
2020-12-17,San Luis Obispo,079,281455,9370,8365,212,8577,59
2020-12-17,San Mateo,081,765935,22258,19647,60,19707,181
2020-12-17,Santa Barbara,083,443738,15773,14207,371,14578,147
2020-12-17,Santa Clara,085,1922200,60300,52559,224,52783,527
2020-12-17,Santa Cruz,087,273765,7816,6687,221,6908,64
2020-12-17,Shasta,089,179085,7502,7000,566,7566,62
2020-12-17,Sierra,091,2930,23,23,0,23,0
2020-12-17,Siskiyou,093,43540,938,827,85,912,2
2020-12-17,Solano,095,438530,16465,14361,161,14522,96
2020-12-17,Sonoma,097,501317,17244,15993,100,16093,171
2020-12-17,Stanislaus,099,539301,31255,28582,2649,31231,489
2020-12-17,Sutter,101,95872,5793,5309,42,5351,39
2020-12-17,Tehama,103,63373,2647,2480,213,2693,9
2020-12-17,Trinity,105,12862,327,213,38,251,2
2020-12-17,Tulare,107,460477,30145,27852,3133,30985,358
2020-12-17,Tuolumne,109,53932,2238,1992,7,1999,11
2020-12-17,Ventura,111,848112,33558,29404,1314,30718,208
2020-12-17,Yolo,113,214977,7592,6800,47,6847,105
2020-12-17,Yuba,115,75493,3376,3035,32,3067,12
2020-12-16,Alameda,001,1643700,44972,40751,734,41485,497
2020-12-16,Alpine,003,1148,66,64,0,64,0
2020-12-16,Amador,005,37829,2032,1693,12,1705,19
2020-12-16,Butte,007,227075,6392,5659,639,6298,76
2020-12-16,Calaveras,009,45235,926,821,0,821,21
2020-12-16,Colusa,011,21464,1142,1038,43,1081,7
2020-12-16,Contra Costa,013,1133247,35328,32429,353,32782,293
2020-12-16,Del Norte,015,27424,658,575,0,575,1
2020-12-16,El Dorado,017,186661,5107,4237,180,4417,9
2020-12-16,Fresno,019,978130,59716,49173,3555,52728,584
2020-12-16,Glenn,021,27897,1338,1236,178,1414,9
2020-12-16,Humboldt,023,135768,1451,1308,5,1313,12
2020-12-16,Imperial,025,180216,21261,19980,742,20722,388
2020-12-16,Inyo,027,18085,525,444,1,445,16
2020-12-16,Kern,029,883053,57898,52896,3722,56618,522
2020-12-16,Kings,031,150075,14840,13734,440,14174,99
2020-12-16,Lake,033,64148,1576,1363,0,1363,20
2020-12-16,Lassen,035,31185,3850,3396,36,3432,1
2020-12-16,Los Angeles,037,10098052,624356,557907,15283,573190,8561
2020-12-16,Madera,039,155013,9300,8278,319,8597,62
2020-12-16,Marin,041,260295,9103,8641,56,8697,142
2020-12-16,Mariposa,043,17540,198,175,2,177,3
2020-12-16,Mendocino,045,87422,2127,1929,20,1949,23
2020-12-16,Merced,047,269075,16728,15443,250,15693,190
2020-12-16,Modoc,049,8938,212,178,66,244,0
2020-12-16,Mono,051,14174,782,702,9,711,3
2020-12-16,Monterey,053,433212,23494,21107,553,21660,163
2020-12-16,Napa,055,140530,5026,4544,23,4567,23
2020-12-16,Nevada,057,99092,2399,2149,71,2220,13
2020-12-16,Orange,059,3164182,131444,115260,4785,120045,1712
2020-12-16,Placer,061,380077,12228,10554,404,10958,96
2020-12-16,Plumas,063,18699,402,319,9,328,0
2020-12-16,Riverside,065,2383286,150577,135751,5919,141670,1664
2020-12-16,Sacramento,067,1510023,57190,52166,415,52581,715
2020-12-16,San Benito,069,59416,2956,2582,24,2606,20
2020-12-16,San Bernardino,071,2135413,164787,143565,4398,147963,1403
2020-12-16,San Diego,073,3302833,130741,114248,5629,119877,1217
2020-12-16,San Francisco,075,870044,21047,19624,186,19810,170
2020-12-16,San Joaquin,077,732212,39498,35010,1139,36149,547
2020-12-16,San Luis Obispo,079,281455,9175,8252,203,8455,58
2020-12-16,San Mateo,081,765935,21933,19292,56,19348,179
2020-12-16,Santa Barbara,083,443738,15531,13966,358,14324,144
2020-12-16,Santa Clara,085,1922200,59061,51502,221,51723,523
2020-12-16,Santa Cruz,087,273765,7631,6536,209,6745,63
2020-12-16,Shasta,089,179085,7429,6914,544,7458,62
2020-12-16,Sierra,091,2930,23,23,0,23,0
2020-12-16,Siskiyou,093,43540,930,818,85,903,2
2020-12-16,Solano,095,438530,16000,14157,156,14313,96
2020-12-16,Sonoma,097,501317,16988,15768,100,15868,170
2020-12-16,Stanislaus,099,539301,30752,28279,2575,30854,489
2020-12-16,Sutter,101,95872,5713,5223,42,5265,39
2020-12-16,Tehama,103,63373,2616,2441,187,2628,9
2020-12-16,Trinity,105,12862,321,212,38,250,2
2020-12-16,Tulare,107,460477,29732,27500,3027,30527,352
2020-12-16,Tuolumne,109,53932,2192,1941,7,1948,11
2020-12-16,Ventura,111,848112,32786,28566,1269,29835,203
2020-12-16,Yolo,113,214977,7464,6649,46,6695,103
2020-12-16,Yuba,115,75493,3290,2980,31,3011,11
2020-12-15,Alameda,001,1643700,44115,40026,711,40737,492
2020-12-15,Alpine,003,1148,66,64,0,64,0
2020-12-15,Amador,005,37829,1919,1669,10,1679,19
2020-12-15,Butte,007,227075,6256,5565,608,6173,75
2020-12-15,Calaveras,009,45235,894,799,0,799,21
2020-12-15,Colusa,011,21464,1129,1026,42,1068,7
2020-12-15,Contra Costa,013,1133247,34675,31423,337,31760,281
2020-12-15,Del Norte,015,27424,647,564,0,564,1
2020-12-15,El Dorado,017,186661,5001,4113,164,4277,9
2020-12-15,Fresno,019,978130,58350,47316,3416,50732,574
2020-12-15,Glenn,021,27897,1325,1207,161,1368,9
2020-12-15,Humboldt,023,135768,1431,1276,5,1281,12
2020-12-15,Imperial,025,180216,21043,19756,660,20416,380
2020-12-15,Inyo,027,18085,512,394,1,395,16
2020-12-15,Kern,029,883053,56887,52002,3617,55619,511
2020-12-15,Kings,031,150075,14676,13652,421,14073,97
2020-12-15,Lake,033,64148,1551,1341,0,1341,21
2020-12-15,Lassen,035,31185,3678,3378,35,3413,1
2020-12-15,Los Angeles,037,10098052,608044,536258,14608,550866,8429
2020-12-15,Madera,039,155013,9144,8118,310,8428,60
2020-12-15,Marin,041,260295,8997,8528,54,8582,141
2020-12-15,Mariposa,043,17540,194,171,2,173,3
2020-12-15,Mendocino,045,87422,2100,1883,20,1903,24
2020-12-15,Merced,047,269075,16426,15120,246,15366,190
2020-12-15,Modoc,049,8938,210,179,66,245,0
2020-12-15,Mono,051,14174,766,702,9,711,3
2020-12-15,Monterey,053,433212,22895,19905,490,20395,161
2020-12-15,Napa,055,140530,4922,4440,23,4463,23
2020-12-15,Nevada,057,99092,2366,2117,69,2186,11
2020-12-15,Orange,059,3164182,127791,112893,4628,117521,1689
2020-12-15,Placer,061,380077,11994,10301,382,10683,95
2020-12-15,Plumas,063,18699,397,313,9,322,0
2020-12-15,Riverside,065,2383286,146528,131822,5632,137454,1624
2020-12-15,Sacramento,067,1510023,56177,51076,402,51478,703
2020-12-15,San Benito,069,59416,2876,2520,23,2543,19
2020-12-15,San Bernardino,071,2135413,160346,137548,4233,141781,1351
2020-12-15,San Diego,073,3302833,127180,111441,5466,116907,1194
2020-12-15,San Francisco,075,870044,20738,19283,183,19466,171
2020-12-15,San Joaquin,077,732212,38574,33849,1102,34951,537
2020-12-15,San Luis Obispo,079,281455,9066,8074,200,8274,55
2020-12-15,San Mateo,081,765935,21523,18907,54,18961,178
2020-12-15,Santa Barbara,083,443738,15311,13782,349,14131,144
2020-12-15,Santa Clara,085,1922200,57626,50311,217,50528,505
2020-12-15,Santa Cruz,087,273765,7447,6361,193,6554,59
2020-12-15,Shasta,089,179085,7371,6794,519,7313,54
2020-12-15,Sierra,091,2930,23,23,0,23,0
2020-12-15,Siskiyou,093,43540,921,812,84,896,2
2020-12-15,Solano,095,438530,15651,13796,156,13952,95
2020-12-15,Sonoma,097,501317,16767,15406,100,15506,167
2020-12-15,Stanislaus,099,539301,30243,27823,2488,30311,485
2020-12-15,Sutter,101,95872,5616,5080,41,5121,36
2020-12-15,Tehama,103,63373,2579,2392,182,2574,9
2020-12-15,Trinity,105,12862,315,213,36,249,1
2020-12-15,Tulare,107,460477,29236,27026,2936,29962,342
2020-12-15,Tuolumne,109,53932,2161,1874,7,1881,8
2020-12-15,Ventura,111,848112,32165,27936,1221,29157,201
2020-12-15,Yolo,113,214977,7341,6531,44,6575,104
2020-12-15,Yuba,115,75493,3196,2891,30,2921,11
2020-12-14,Alameda,001,1643700,43222,39252,691,39943,487
2020-12-14,Alpine,003,1148,66,63,0,63,0
2020-12-14,Amador,005,37829,1847,1609,10,1619,19
2020-12-14,Butte,007,227075,6088,5202,591,5793,75
2020-12-14,Calaveras,009,45235,856,718,0,718,21
2020-12-14,Colusa,011,21464,1105,949,41,990,7
2020-12-14,Contra Costa,013,1133247,33978,30594,322,30916,281
2020-12-14,Del Norte,015,27424,641,560,0,560,1
2020-12-14,El Dorado,017,186661,4845,4018,148,4166,9
2020-12-14,Fresno,019,978130,57330,44726,3230,47956,560
2020-12-14,Glenn,021,27897,1299,1186,153,1339,9
2020-12-14,Humboldt,023,135768,1418,1256,5,1261,9
2020-12-14,Imperial,025,180216,20807,19608,578,20186,379
2020-12-14,Inyo,027,18085,498,382,1,383,16
2020-12-14,Kern,029,883053,55855,50538,3491,54029,510
2020-12-14,Kings,031,150075,14493,13491,392,13883,97
2020-12-14,Lake,033,64148,1500,1301,0,1301,21
2020-12-14,Lassen,035,31185,3579,2905,32,2937,1
2020-12-14,Los Angeles,037,10098052,590467,524668,13940,538608,8340
2020-12-14,Madera,039,155013,8872,8011,301,8312,60
2020-12-14,Marin,041,260295,8913,8475,52,8527,141
2020-12-14,Mariposa,043,17540,193,171,2,173,3
2020-12-14,Mendocino,045,87422,2079,1845,20,1865,24
2020-12-14,Merced,047,269075,16024,14572,232,14804,189
2020-12-14,Modoc,049,8938,204,180,64,244,0
2020-12-14,Mono,051,14174,758,685,9,694,3
2020-12-14,Monterey,053,433212,22376,19154,483,19637,155
2020-12-14,Napa,055,140530,4829,4289,23,4312,22
2020-12-14,Nevada,057,99092,2327,2070,66,2136,11
2020-12-14,Orange,059,3164182,123918,108602,4486,113088,1688
2020-12-14,Placer,061,380077,11714,9551,371,9922,95
2020-12-14,Plumas,063,18699,385,309,9,318,0
2020-12-14,Riverside,065,2383286,142414,123715,5362,129077,1588
2020-12-14,Sacramento,067,1510023,55070,50304,376,50680,691
2020-12-14,San Benito,069,59416,2809,2467,22,2489,19
2020-12-14,San Bernardino,071,2135413,155919,129151,4096,133247,1347
2020-12-14,San Diego,073,3302833,123449,109578,5282,114860,1162
2020-12-14,San Francisco,075,870044,20362,18904,181,19085,171
2020-12-14,San Joaquin,077,732212,37734,32522,1053,33575,534
2020-12-14,San Luis Obispo,079,281455,8819,7791,194,7985,52
2020-12-14,San Mateo,081,765935,21024,18361,51,18412,178
2020-12-14,Santa Barbara,083,443738,15042,13587,342,13929,144
2020-12-14,Santa Clara,085,1922200,56066,49180,205,49385,502
2020-12-14,Santa Cruz,087,273765,7263,6049,177,6226,54
2020-12-14,Shasta,089,179085,7283,6665,501,7166,54
2020-12-14,Sierra,091,2930,23,21,0,21,0
2020-12-14,Siskiyou,093,43540,898,764,78,842,2
2020-12-14,Solano,095,438530,15287,13352,154,13506,93
2020-12-14,Sonoma,097,501317,16460,14807,99,14906,167
2020-12-14,Stanislaus,099,539301,29711,27311,2437,29748,485
2020-12-14,Sutter,101,95872,5506,5001,34,5035,35
2020-12-14,Tehama,103,63373,2532,2344,179,2523,9
2020-12-14,Trinity,105,12862,312,205,34,239,1
2020-12-14,Tulare,107,460477,28764,25735,2839,28574,341
2020-12-14,Tuolumne,109,53932,2104,1647,7,1654,8
2020-12-14,Ventura,111,848112,31245,27436,1158,28594,202
2020-12-14,Yolo,113,214977,7180,6389,43,6432,95
2020-12-14,Yuba,115,75493,3134,2851,30,2881,11
2020-12-13,Alameda,001,1643700,42031,38064,664,38728,486
2020-12-13,Alpine,003,1148,66,63,0,63,0
2020-12-13,Amador,005,37829,1791,1457,9,1466,19
2020-12-13,Butte,007,227075,5940,5103,546,5649,75
2020-12-13,Calaveras,009,45235,820,710,0,710,21
2020-12-13,Colusa,011,21464,1089,945,37,982,7
2020-12-13,Contra Costa,013,1133247,33250,29667,314,29981,281
2020-12-13,Del Norte,015,27424,588,542,0,542,1
2020-12-13,El Dorado,017,186661,4746,3770,136,3906,9
2020-12-13,Fresno,019,978130,56228,44114,3063,47177,559
2020-12-13,Glenn,021,27897,1286,1171,142,1313,9
2020-12-13,Humboldt,023,135768,1395,1238,4,1242,9
2020-12-13,Imperial,025,180216,20524,19472,438,19910,379
2020-12-13,Inyo,027,18085,477,380,1,381,16
2020-12-13,Kern,029,883053,54834,49051,3330,52381,510
2020-12-13,Kings,031,150075,14216,13357,371,13728,97
2020-12-13,Lake,033,64148,1457,1271,0,1271,21
2020-12-13,Lassen,035,31185,3472,2867,27,2894,1
2020-12-13,Los Angeles,037,10098052,572923,517472,13192,530664,8294
2020-12-13,Madera,039,155013,8688,7909,286,8195,60
2020-12-13,Marin,041,260295,8793,8409,52,8461,141
2020-12-13,Mariposa,043,17540,189,167,2,169,3
2020-12-13,Mendocino,045,87422,2045,1793,20,1813,24
2020-12-13,Merced,047,269075,15674,14384,229,14613,189
2020-12-13,Modoc,049,8938,192,179,58,237,0
2020-12-13,Mono,051,14174,742,675,9,684,3
2020-12-13,Monterey,053,433212,21954,18913,467,19380,153
2020-12-13,Napa,055,140530,4723,4194,23,4217,22
2020-12-13,Nevada,057,99092,2276,2030,64,2094,11
2020-12-13,Orange,059,3164182,120005,104768,4299,109067,1688
2020-12-13,Placer,061,380077,11403,9405,353,9758,95
2020-12-13,Plumas,063,18699,379,291,9,300,0
2020-12-13,Riverside,065,2383286,138300,119691,5085,124776,1581
2020-12-13,Sacramento,067,1510023,53805,49480,345,49825,682
2020-12-13,San Benito,069,59416,2737,2408,21,2429,19
2020-12-13,San Bernardino,071,2135413,151037,126718,3925,130643,1333
2020-12-13,San Diego,073,3302833,119854,107372,5113,112485,1162
2020-12-13,San Francisco,075,870044,20018,18686,171,18857,167
2020-12-13,San Joaquin,077,732212,36932,32170,1011,33181,534
2020-12-13,San Luis Obispo,079,281455,8627,7625,186,7811,52
2020-12-13,San Mateo,081,765935,20533,18090,45,18135,177
2020-12-13,Santa Barbara,083,443738,14778,13249,325,13574,144
2020-12-13,Santa Clara,085,1922200,54639,47920,196,48116,499
2020-12-13,Santa Cruz,087,273765,7014,5986,166,6152,54
2020-12-13,Shasta,089,179085,7209,6647,475,7122,54
2020-12-13,Sierra,091,2930,23,21,0,21,0
2020-12-13,Siskiyou,093,43540,886,762,73,835,2
2020-12-13,Solano,095,438530,14848,13276,151,13427,93
2020-12-13,Sonoma,097,501317,16145,14495,98,14593,167
2020-12-13,Stanislaus,099,539301,29151,26569,2370,28939,485
2020-12-13,Sutter,101,95872,5380,4798,29,4827,34
2020-12-13,Tehama,103,63373,2488,2325,163,2488,9
2020-12-13,Trinity,105,12862,307,204,33,237,1
2020-12-13,Tulare,107,460477,28273,25496,2745,28241,340
2020-12-13,Tuolumne,109,53932,2041,1611,7,1618,8
2020-12-13,Ventura,111,848112,30246,26588,1092,27680,202
2020-12-13,Yolo,113,214977,6998,6265,36,6301,95
2020-12-13,Yuba,115,75493,3069,2754,27,2781,11
2020-12-12,Alameda,001,1643700,41596,37027,643,37670,486
2020-12-12,Alpine,003,1148,66,63,0,63,0
2020-12-12,Amador,005,37829,1763,1236,8,1244,19
2020-12-12,Butte,007,227075,5868,4972,532,5504,73
2020-12-12,Calaveras,009,45235,810,708,0,708,21
2020-12-12,Colusa,011,21464,1069,945,35,980,7
2020-12-12,Contra Costa,013,1133247,32907,29506,304,29810,281
2020-12-12,Del Norte,015,27424,580,529,0,529,1
2020-12-12,El Dorado,017,186661,4671,3706,118,3824,9
2020-12-12,Fresno,019,978130,55878,43756,3002,46758,559
2020-12-12,Glenn,021,27897,1278,1143,138,1281,8
2020-12-12,Humboldt,023,135768,1376,1208,4,1212,9
2020-12-12,Imperial,025,180216,20442,18947,378,19325,379
2020-12-12,Inyo,027,18085,473,380,1,381,16
2020-12-12,Kern,029,883053,54319,48194,3238,51432,507
2020-12-12,Kings,031,150075,14129,13205,366,13571,96
2020-12-12,Lake,033,64148,1441,1232,0,1232,21
2020-12-12,Lassen,035,31185,3450,2866,23,2889,1
2020-12-12,Los Angeles,037,10098052,566161,504317,12655,516972,8269
2020-12-12,Madera,039,155013,8565,7765,283,8048,59
2020-12-12,Marin,041,260295,8738,8363,51,8414,141
2020-12-12,Mariposa,043,17540,188,164,2,166,3
2020-12-12,Mendocino,045,87422,2009,1771,20,1791,24
2020-12-12,Merced,047,269075,15584,14181,225,14406,188
2020-12-12,Modoc,049,8938,191,169,55,224,0
2020-12-12,Mono,051,14174,735,640,9,649,3
2020-12-12,Monterey,053,433212,21843,18596,438,19034,151
2020-12-12,Napa,055,140530,4679,4113,23,4136,22
2020-12-12,Nevada,057,99092,2258,1981,62,2043,10
2020-12-12,Orange,059,3164182,118133,100468,4141,104609,1674
2020-12-12,Placer,061,380077,11240,9390,347,9737,95
2020-12-12,Plumas,063,18699,373,291,9,300,0
2020-12-12,Riverside,065,2383286,136254,118335,4867,123202,1579
2020-12-12,Sacramento,067,1510023,53223,48319,330,48649,673
2020-12-12,San Benito,069,59416,2681,2355,21,2376,19
2020-12-12,San Bernardino,071,2135413,149419,125741,3814,129555,1321
2020-12-12,San Diego,073,3302833,118234,104958,5016,109974,1151
2020-12-12,San Francisco,075,870044,19829,18413,167,18580,167
2020-12-12,San Joaquin,077,732212,36607,32200,978,33178,534
2020-12-12,San Luis Obispo,079,281455,8532,7462,177,7639,50
2020-12-12,San Mateo,081,765935,20312,17574,44,17618,177
2020-12-12,Santa Barbara,083,443738,14626,13174,317,13491,144
2020-12-12,Santa Clara,085,1922200,53684,45892,193,46085,498
2020-12-12,Santa Cruz,087,273765,6917,5905,156,6061,54
2020-12-12,Shasta,089,179085,7174,6551,457,7008,54
2020-12-12,Sierra,091,2930,23,21,0,21,0
2020-12-12,Siskiyou,093,43540,884,762,70,832,2
2020-12-12,Solano,095,438530,14651,12748,144,12892,93
2020-12-12,Sonoma,097,501317,16025,14466,98,14564,166
2020-12-12,Stanislaus,099,539301,28850,26246,2313,28559,483
2020-12-12,Sutter,101,95872,5318,4717,29,4746,32
2020-12-12,Tehama,103,63373,2472,2252,157,2409,9
2020-12-12,Trinity,105,12862,305,204,31,235,1
2020-12-12,Tulare,107,460477,28011,25333,2686,28019,341
2020-12-12,Tuolumne,109,53932,1998,1536,7,1543,8
2020-12-12,Ventura,111,848112,29802,25955,1059,27014,202
2020-12-12,Yolo,113,214977,6916,6116,34,6150,95
2020-12-12,Yuba,115,75493,3042,2692,26,2718,10
2020-12-11,Alameda,001,1643700,41028,36281,631,36912,482
2020-12-11,Alpine,003,1148,66,63,0,63,0
2020-12-11,Amador,005,37829,1747,1213,8,1221,19
2020-12-11,Butte,007,227075,5797,4941,511,5452,73
2020-12-11,Calaveras,009,45235,794,697,0,697,21
2020-12-11,Colusa,011,21464,1059,923,33,956,7
2020-12-11,Contra Costa,013,1133247,32483,29036,300,29336,282
2020-12-11,Del Norte,015,27424,574,505,0,505,1
2020-12-11,El Dorado,017,186661,4590,3669,103,3772,9
2020-12-11,Fresno,019,978130,54869,43071,2935,46006,550
2020-12-11,Glenn,021,27897,1262,1135,133,1268,8
2020-12-11,Humboldt,023,135768,1358,1190,4,1194,9
2020-12-11,Imperial,025,180216,20354,18599,332,18931,377
2020-12-11,Inyo,027,18085,461,372,1,373,16
2020-12-11,Kern,029,883053,53646,47664,3172,50836,502
2020-12-11,Kings,031,150075,13986,13118,360,13478,94
2020-12-11,Lake,033,64148,1429,1205,0,1205,21
2020-12-11,Lassen,035,31185,3438,2790,22,2812,1
2020-12-11,Los Angeles,037,10098052,554386,493592,12224,505816,8198
2020-12-11,Madera,039,155013,8475,7648,273,7921,59
2020-12-11,Marin,041,260295,8642,8317,50,8367,141
2020-12-11,Mariposa,043,17540,187,164,2,166,3
2020-12-11,Mendocino,045,87422,1986,1769,20,1789,24
2020-12-11,Merced,047,269075,15465,14038,217,14255,186
2020-12-11,Modoc,049,8938,191,168,54,222,0
2020-12-11,Mono,051,14174,726,631,9,640,3
2020-12-11,Monterey,053,433212,21542,18421,433,18854,150
2020-12-11,Napa,055,140530,4623,4054,23,4077,22
2020-12-11,Nevada,057,99092,2241,1959,59,2018,10
2020-12-11,Orange,059,3164182,115832,98357,4035,102392,1656
2020-12-11,Placer,061,380077,11078,8904,331,9235,93
2020-12-11,Plumas,063,18699,365,286,9,295,0
2020-12-11,Riverside,065,2383286,133202,115329,4635,119964,1573
2020-12-11,Sacramento,067,1510023,52562,47468,321,47789,669
2020-12-11,San Benito,069,59416,2630,2319,21,2340,19
2020-12-11,San Bernardino,071,2135413,146739,123092,3690,126782,1313
2020-12-11,San Diego,073,3302833,116277,102468,4933,107401,1137
2020-12-11,San Francisco,075,870044,19599,18246,166,18412,165
2020-12-11,San Joaquin,077,732212,36264,32044,949,32993,534
2020-12-11,San Luis Obispo,079,281455,8372,7415,174,7589,49
2020-12-11,San Mateo,081,765935,20042,17240,33,17273,177
2020-12-11,Santa Barbara,083,443738,14484,12997,309,13306,144
2020-12-11,Santa Clara,085,1922200,52679,45101,183,45284,494
2020-12-11,Santa Cruz,087,273765,6804,5764,145,5909,50
2020-12-11,Shasta,089,179085,7129,6459,450,6909,54
2020-12-11,Sierra,091,2930,23,19,0,19,0
2020-12-11,Siskiyou,093,43540,877,753,67,820,2
2020-12-11,Solano,095,438530,14465,12554,140,12694,92
2020-12-11,Sonoma,097,501317,15859,14298,95,14393,166
2020-12-11,Stanislaus,099,539301,28583,25928,2269,28197,464
2020-12-11,Sutter,101,95872,5254,4600,28,4628,30
2020-12-11,Tehama,103,63373,2443,2232,153,2385,9
2020-12-11,Trinity,105,12862,303,204,30,234,1
2020-12-11,Tulare,107,460477,27655,24953,2636,27589,338
2020-12-11,Tuolumne,109,53932,1983,1510,7,1517,8
2020-12-11,Ventura,111,848112,29197,24999,1036,26035,202
2020-12-11,Yolo,113,214977,6810,6006,32,6038,95
2020-12-11,Yuba,115,75493,2981,2649,25,2674,10
2020-12-10,Alameda,001,1643700,40258,35686,609,36295,477
2020-12-10,Alpine,003,1148,66,63,0,63,0
2020-12-10,Amador,005,37829,1690,1191,8,1199,18
2020-12-10,Butte,007,227075,5681,4863,484,5347,72
2020-12-10,Calaveras,009,45235,776,684,0,684,21
2020-12-10,Colusa,011,21464,1036,909,28,937,7
2020-12-10,Contra Costa,013,1133247,31801,28413,294,28707,276
2020-12-10,Del Norte,015,27424,565,501,0,501,1
2020-12-10,El Dorado,017,186661,4472,3557,98,3655,9
2020-12-10,Fresno,019,978130,53892,42461,2788,45249,540
2020-12-10,Glenn,021,27897,1242,1126,124,1250,8
2020-12-10,Humboldt,023,135768,1338,1140,4,1144,9
2020-12-10,Imperial,025,180216,20139,18333,252,18585,370
2020-12-10,Inyo,027,18085,440,365,1,366,15
2020-12-10,Kern,029,883053,52666,47176,3002,50178,499
2020-12-10,Kings,031,150075,13834,12993,354,13347,92
2020-12-10,Lake,033,64148,1388,1167,0,1167,21
2020-12-10,Lassen,035,31185,3416,2764,18,2782,0
2020-12-10,Los Angeles,037,10098052,540459,480354,11670,492024,8149
2020-12-10,Madera,039,155013,8370,7445,258,7703,59
2020-12-10,Marin,041,260295,8596,8245,49,8294,140
2020-12-10,Mariposa,043,17540,186,160,2,162,3
2020-12-10,Mendocino,045,87422,1960,1748,17,1765,24
2020-12-10,Merced,047,269075,15219,13756,214,13970,186
2020-12-10,Modoc,049,8938,186,165,52,217,0
2020-12-10,Mono,051,14174,721,601,9,610,3
2020-12-10,Monterey,053,433212,21062,18266,423,18689,145
2020-12-10,Napa,055,140530,4537,3974,22,3996,22
2020-12-10,Nevada,057,99092,2204,1919,59,1978,10
2020-12-10,Orange,059,3164182,112740,95297,3862,99159,1651
2020-12-10,Placer,061,380077,10826,8906,312,9218,90
2020-12-10,Plumas,063,18699,354,281,9,290,0
2020-12-10,Riverside,065,2383286,129528,112794,4356,117150,1552
2020-12-10,Sacramento,067,1510023,51664,46471,300,46771,664
2020-12-10,San Benito,069,59416,2571,2268,20,2288,19
2020-12-10,San Bernardino,071,2135413,142532,120186,3501,123687,1306
2020-12-10,San Diego,073,3302833,113753,99601,4784,104385,1114
2020-12-10,San Francisco,075,870044,19285,17945,158,18103,164
2020-12-10,San Joaquin,077,732212,35632,31228,918,32146,534
2020-12-10,San Luis Obispo,079,281455,8209,7245,163,7408,49
2020-12-10,San Mateo,081,765935,19597,16701,23,16724,177
2020-12-10,Santa Barbara,083,443738,14308,12788,299,13087,143
2020-12-10,Santa Clara,085,1922200,51544,43939,167,44106,491
2020-12-10,Santa Cruz,087,273765,6635,5645,131,5776,48
2020-12-10,Shasta,089,179085,7061,6312,424,6736,53
2020-12-10,Sierra,091,2930,23,18,0,18,0
2020-12-10,Siskiyou,093,43540,867,712,66,778,2
2020-12-10,Solano,095,438530,14098,12017,134,12151,90
2020-12-10,Sonoma,097,501317,15604,14282,94,14376,167
2020-12-10,Stanislaus,099,539301,28118,25582,2198,27780,464
2020-12-10,Sutter,101,95872,5123,4528,26,4554,27
2020-12-10,Tehama,103,63373,2395,2190,143,2333,9
2020-12-10,Trinity,105,12862,300,202,29,231,1
2020-12-10,Tulare,107,460477,27207,24506,2569,27075,337
2020-12-10,Tuolumne,109,53932,1724,1451,7,1458,8
2020-12-10,Ventura,111,848112,28345,24075,992,25067,202
2020-12-10,Yolo,113,214977,6690,5896,31,5927,95
2020-12-10,Yuba,115,75493,2917,2604,24,2628,10
2020-12-09,Alameda,001,1643700,39414,35047,587,35634,470
2020-12-09,Alpine,003,1148,66,58,0,58,0
2020-12-09,Amador,005,37829,1647,1121,8,1129,19
2020-12-09,Butte,007,227075,5540,4733,461,5194,70
2020-12-09,Calaveras,009,45235,749,670,0,670,21
2020-12-09,Colusa,011,21464,1021,896,27,923,7
2020-12-09,Contra Costa,013,1133247,31097,28308,282,28590,273
2020-12-09,Del Norte,015,27424,551,481,0,481,2
2020-12-09,El Dorado,017,186661,4337,3449,90,3539,8
2020-12-09,Fresno,019,978130,52896,41954,2629,44583,533
2020-12-09,Glenn,021,27897,1228,1107,118,1225,8
2020-12-09,Humboldt,023,135768,1306,1086,4,1090,10
2020-12-09,Imperial,025,180216,19883,17757,215,17972,368
2020-12-09,Inyo,027,18085,427,356,1,357,15
2020-12-09,Kern,029,883053,51510,46379,2855,49234,494
2020-12-09,Kings,031,150075,13689,12716,345,13061,92
2020-12-09,Lake,033,64148,1361,1158,0,1158,20
2020-12-09,Lassen,035,31185,3347,2331,16,2347,0
2020-12-09,Los Angeles,037,10098052,527018,467971,11096,479067,8075
2020-12-09,Madera,039,155013,8258,7216,253,7469,59
2020-12-09,Marin,041,260295,8537,8182,48,8230,138
2020-12-09,Mariposa,043,17540,184,154,2,156,3
2020-12-09,Mendocino,045,87422,1934,1703,16,1719,24
2020-12-09,Merced,047,269075,14981,13588,206,13794,183
2020-12-09,Modoc,049,8938,181,146,43,189,0
2020-12-09,Mono,051,14174,707,601,9,610,3
2020-12-09,Monterey,053,433212,20667,17891,414,18305,143
2020-12-09,Napa,055,140530,4452,3858,21,3879,21
2020-12-09,Nevada,057,99092,2151,1864,59,1923,10
2020-12-09,Orange,059,3164182,109655,93763,3688,97451,1629
2020-12-09,Placer,061,380077,10565,8588,298,8886,85
2020-12-09,Plumas,063,18699,346,271,9,280,0
2020-12-09,Riverside,065,2383286,125844,110376,4144,114520,1543
2020-12-09,Sacramento,067,1510023,50603,45284,273,45557,659
2020-12-09,San Benito,069,59416,2492,2217,17,2234,19
2020-12-09,San Bernardino,071,2135413,138270,114516,3293,117809,1305
2020-12-09,San Diego,073,3302833,110776,97551,4646,102197,1103
2020-12-09,San Francisco,075,870044,18984,17628,157,17785,163
2020-12-09,San Joaquin,077,732212,34810,30539,893,31432,531
2020-12-09,San Luis Obispo,079,281455,7990,7105,155,7260,47
2020-12-09,San Mateo,081,765935,19145,16422,22,16444,175
2020-12-09,Santa Barbara,083,443738,14107,12630,290,12920,142
2020-12-09,Santa Clara,085,1922200,50400,42912,151,43063,489
2020-12-09,Santa Cruz,087,273765,6478,5527,115,5642,47
2020-12-09,Shasta,089,179085,6996,6105,410,6515,52
2020-12-09,Sierra,091,2930,23,18,0,18,0
2020-12-09,Siskiyou,093,43540,856,713,65,778,2
2020-12-09,Solano,095,438530,13752,11862,125,11987,90
2020-12-09,Sonoma,097,501317,15348,13994,91,14085,164
2020-12-09,Stanislaus,099,539301,27619,25157,2136,27293,463
2020-12-09,Sutter,101,95872,5010,4418,22,4440,24
2020-12-09,Tehama,103,63373,2360,2102,139,2241,9
2020-12-09,Trinity,105,12862,292,199,28,227,0
2020-12-09,Tulare,107,460477,26611,24124,2486,26610,334
2020-12-09,Tuolumne,109,53932,1683,1319,7,1326,8
2020-12-09,Ventura,111,848112,27485,23830,948,24778,201
2020-12-09,Yolo,113,214977,6563,5760,29,5789,95
2020-12-09,Yuba,115,75493,2849,2513,23,2536,10
2020-12-08,Alameda,001,1643700,38518,34373,570,34943,469
2020-12-08,Alpine,003,1148,65,53,0,53,0
2020-12-08,Amador,005,37829,1361,1043,8,1051,17
2020-12-08,Butte,007,227075,5384,4651,417,5068,70
2020-12-08,Calaveras,009,45235,724,657,0,657,21
2020-12-08,Colusa,011,21464,1004,875,26,901,6
2020-12-08,Contra Costa,013,1133247,30395,27926,265,28191,270
2020-12-08,Del Norte,015,27424,536,465,0,465,2
2020-12-08,El Dorado,017,186661,4213,3296,77,3373,8
2020-12-08,Fresno,019,978130,51643,41574,2460,44034,529
2020-12-08,Glenn,021,27897,1208,1094,110,1204,8
2020-12-08,Humboldt,023,135768,1280,1059,4,1063,10
2020-12-08,Imperial,025,180216,19367,17568,206,17774,363
2020-12-08,Inyo,027,18085,404,333,1,334,15
2020-12-08,Kern,029,883053,50219,45116,2696,47812,487
2020-12-08,Kings,031,150075,13536,12623,335,12958,90
2020-12-08,Lake,033,64148,1320,1127,0,1127,20
2020-12-08,Lassen,035,31185,3191,2165,16,2181,0
2020-12-08,Los Angeles,037,10098052,514366,459738,10594,470332,8004
2020-12-08,Madera,039,155013,8126,7082,239,7321,59
2020-12-08,Marin,041,260295,8457,8099,47,8146,137
2020-12-08,Mariposa,043,17540,180,150,2,152,2
2020-12-08,Mendocino,045,87422,1892,1666,16,1682,23
2020-12-08,Merced,047,269075,14673,13380,205,13585,181
2020-12-08,Modoc,049,8938,173,138,40,178,0
2020-12-08,Mono,051,14174,690,597,9,606,3
2020-12-08,Monterey,053,433212,20100,17752,407,18159,134
2020-12-08,Napa,055,140530,4364,3778,20,3798,22
2020-12-08,Nevada,057,99092,2097,1809,56,1865,11
2020-12-08,Orange,059,3164182,106448,91406,3514,94920,1629
2020-12-08,Placer,061,380077,10297,8224,292,8516,82
2020-12-08,Plumas,063,18699,336,258,9,267,0
2020-12-08,Riverside,065,2383286,122504,107620,3955,111575,1514
2020-12-08,Sacramento,067,1510023,49542,44635,255,44890,649
2020-12-08,San Benito,069,59416,2437,2180,17,2197,18
2020-12-08,San Bernardino,071,2135413,133931,110676,3163,113839,1301
2020-12-08,San Diego,073,3302833,107407,95447,4489,99936,1088
2020-12-08,San Francisco,075,870044,18675,17384,153,17537,162
2020-12-08,San Joaquin,077,732212,33918,30225,860,31085,530
2020-12-08,San Luis Obispo,079,281455,7861,6903,144,7047,45
2020-12-08,San Mateo,081,765935,18745,16305,22,16327,175
2020-12-08,Santa Barbara,083,443738,13923,12516,280,12796,141
2020-12-08,Santa Clara,085,1922200,49093,41309,140,41449,484
2020-12-08,Santa Cruz,087,273765,6302,5374,111,5485,45
2020-12-08,Shasta,089,179085,6887,5946,402,6348,50
2020-12-08,Sierra,091,2930,22,18,0,18,0
2020-12-08,Siskiyou,093,43540,842,704,63,767,2
2020-12-08,Solano,095,438530,13349,11669,123,11792,89
2020-12-08,Sonoma,097,501317,15089,13601,90,13691,164
2020-12-08,Stanislaus,099,539301,27134,24793,2071,26864,461
2020-12-08,Sutter,101,95872,4912,4342,21,4363,24
2020-12-08,Tehama,103,63373,2277,2057,131,2188,9
2020-12-08,Trinity,105,12862,285,198,27,225,0
2020-12-08,Tulare,107,460477,26015,23607,2420,26027,330
2020-12-08,Tuolumne,109,53932,1654,1264,7,1271,7
2020-12-08,Ventura,111,848112,26824,23665,904,24569,195
2020-12-08,Yolo,113,214977,6432,5560,29,5589,90
2020-12-08,Yuba,115,75493,2773,2477,23,2500,10
2020-12-07,Alameda,001,1643700,37657,33887,534,34421,466
2020-12-07,Alpine,003,1148,64,53,0,53,0
2020-12-07,Amador,005,37829,1286,993,7,1000,17
2020-12-07,Butte,007,227075,5248,4604,394,4998,67
2020-12-07,Calaveras,009,45235,692,606,0,606,21
2020-12-07,Colusa,011,21464,979,825,24,849,6
2020-12-07,Contra Costa,013,1133247,29782,27307,252,27559,270
2020-12-07,Del Norte,015,27424,524,424,0,424,2
2020-12-07,El Dorado,017,186661,4033,3275,70,3345,8
2020-12-07,Fresno,019,978130,50176,41098,2333,43431,526
2020-12-07,Glenn,021,27897,1189,1085,104,1189,8
2020-12-07,Humboldt,023,135768,1245,1023,4,1027,9
2020-12-07,Imperial,025,180216,18945,17234,194,17428,364
2020-12-07,Inyo,027,18085,389,333,1,334,15
2020-12-07,Kern,029,883053,49199,44409,2551,46960,486
2020-12-07,Kings,031,150075,13396,12412,322,12734,90
2020-12-07,Lake,033,64148,1291,1090,0,1090,20
2020-12-07,Lassen,035,31185,3094,2167,16,2183,0
2020-12-07,Los Angeles,037,10098052,500737,451052,10127,461179,7937
2020-12-07,Madera,039,155013,7862,6935,233,7168,59
2020-12-07,Marin,041,260295,8400,8049,46,8095,136
2020-12-07,Mariposa,043,17540,177,146,2,148,2
2020-12-07,Mendocino,045,87422,1857,1638,14,1652,23
2020-12-07,Merced,047,269075,14313,13250,195,13445,179
2020-12-07,Modoc,049,8938,166,128,37,165,0
2020-12-07,Mono,051,14174,679,590,9,599,3
2020-12-07,Monterey,053,433212,19619,17746,395,18141,132
2020-12-07,Napa,055,140530,4273,3684,20,3704,21
2020-12-07,Nevada,057,99092,2048,1777,55,1832,11
2020-12-07,Orange,059,3164182,103189,89793,3396,93189,1628
2020-12-07,Placer,061,380077,9971,7911,278,8189,82
2020-12-07,Plumas,063,18699,325,256,5,261,0
2020-12-07,Riverside,065,2383286,119317,102363,3762,106125,1491
2020-12-07,Sacramento,067,1510023,48445,43419,237,43656,638
2020-12-07,San Benito,069,59416,2386,2165,16,2181,18
2020-12-07,San Bernardino,071,2135413,129993,108161,3034,111195,1295
2020-12-07,San Diego,073,3302833,104619,94171,4308,98479,1062
2020-12-07,San Francisco,075,870044,18384,17220,145,17365,161
2020-12-07,San Joaquin,077,732212,33043,28188,833,29021,530
2020-12-07,San Luis Obispo,079,281455,7679,6782,137,6919,45
2020-12-07,San Mateo,081,765935,18304,16029,21,16050,175
2020-12-07,Santa Barbara,083,443738,13681,12362,269,12631,141
2020-12-07,Santa Clara,085,1922200,47710,40621,130,40751,484
2020-12-07,Santa Cruz,087,273765,6136,5152,104,5256,41
2020-12-07,Shasta,089,179085,6764,5742,387,6129,50
2020-12-07,Sierra,091,2930,20,18,0,18,0
2020-12-07,Siskiyou,093,43540,816,652,62,714,2
2020-12-07,Solano,095,438530,13010,11354,119,11473,89
2020-12-07,Sonoma,097,501317,14804,13376,90,13466,164
2020-12-07,Stanislaus,099,539301,26580,24479,2017,26496,454
2020-12-07,Sutter,101,95872,4771,4106,21,4127,24
2020-12-07,Tehama,103,63373,2225,2030,125,2155,9
2020-12-07,Trinity,105,12862,282,194,27,221,0
2020-12-07,Tulare,107,460477,25493,22760,2358,25118,328
2020-12-07,Tuolumne,109,53932,1571,1256,6,1262,7
2020-12-07,Ventura,111,848112,26240,23354,867,24221,191
2020-12-07,Yolo,113,214977,6270,5537,28,5565,90
2020-12-07,Yuba,115,75493,2704,2428,21,2449,10
2020-12-06,Alameda,001,1643700,36683,33477,511,33988,465
2020-12-06,Alpine,003,1148,60,53,0,53,0
2020-12-06,Amador,005,37829,1223,952,6,958,17
2020-12-06,Butte,007,227075,5098,4527,358,4885,67
2020-12-06,Calaveras,009,45235,673,606,0,606,21
2020-12-06,Colusa,011,21464,962,824,21,845,6
2020-12-06,Contra Costa,013,1133247,29176,26566,244,26810,270
2020-12-06,Del Norte,015,27424,487,414,0,414,2
2020-12-06,El Dorado,017,186661,3896,3086,65,3151,8
2020-12-06,Fresno,019,978130,49229,40869,2214,43083,526
2020-12-06,Glenn,021,27897,1179,1067,100,1167,8
2020-12-06,Humboldt,023,135768,1220,1004,4,1008,9
2020-12-06,Imperial,025,180216,18633,16922,184,17106,364
2020-12-06,Inyo,027,18085,376,333,1,334,15
2020-12-06,Kern,029,883053,48215,43899,2373,46272,486
2020-12-06,Kings,031,150075,13127,12056,304,12360,90
2020-12-06,Lake,033,64148,1252,1075,0,1075,20
2020-12-06,Lassen,035,31185,2990,2168,14,2182,0
2020-12-06,Los Angeles,037,10098052,487189,443230,9654,452884,7910
2020-12-06,Madera,039,155013,7691,6826,225,7051,59
2020-12-06,Marin,041,260295,8320,8013,44,8057,136
2020-12-06,Mariposa,043,17540,176,144,2,146,2
2020-12-06,Mendocino,045,87422,1816,1614,14,1628,23
2020-12-06,Merced,047,269075,13978,12928,186,13114,179
2020-12-06,Modoc,049,8938,153,125,29,154,0
2020-12-06,Mono,051,14174,657,586,8,594,3
2020-12-06,Monterey,053,433212,19001,17426,385,17811,130
2020-12-06,Napa,055,140530,4161,3644,20,3664,21
2020-12-06,Nevada,057,99092,1989,1710,52,1762,10
2020-12-06,Orange,059,3164182,100130,87737,3261,90998,1627
2020-12-06,Placer,061,380077,9693,7837,256,8093,82
2020-12-06,Plumas,063,18699,312,254,4,258,0
2020-12-06,Riverside,065,2383286,116243,100088,3527,103615,1482
2020-12-06,Sacramento,067,1510023,47204,42808,222,43030,638
2020-12-06,San Benito,069,59416,2349,2135,16,2151,18
2020-12-06,San Bernardino,071,2135413,125862,106927,2870,109797,1286
2020-12-06,San Diego,073,3302833,101589,92173,4154,96327,1062
2020-12-06,San Francisco,075,870044,18062,17107,137,17244,161
2020-12-06,San Joaquin,077,732212,32213,28188,804,28992,530
2020-12-06,San Luis Obispo,079,281455,7513,6723,133,6856,45
2020-12-06,San Mateo,081,765935,17799,15855,18,15873,175
2020-12-06,Santa Barbara,083,443738,13451,12252,261,12513,141
2020-12-06,Santa Clara,085,1922200,46336,39112,124,39236,482
2020-12-06,Santa Cruz,087,273765,5963,5069,98,5167,40
2020-12-06,Shasta,089,179085,6623,5743,365,6108,49
2020-12-06,Sierra,091,2930,20,17,0,17,0
2020-12-06,Siskiyou,093,43540,798,652,60,712,2
2020-12-06,Solano,095,438530,12722,11354,109,11463,88
2020-12-06,Sonoma,097,501317,14515,13238,89,13327,164
2020-12-06,Stanislaus,099,539301,26028,24036,1952,25988,454
2020-12-06,Sutter,101,95872,4657,4009,20,4029,21
2020-12-06,Tehama,103,63373,2169,1982,115,2097,9
2020-12-06,Trinity,105,12862,275,181,25,206,0
2020-12-06,Tulare,107,460477,24976,22756,2286,25042,327
2020-12-06,Tuolumne,109,53932,1474,1210,6,1216,7
2020-12-06,Ventura,111,848112,25697,23035,840,23875,191
2020-12-06,Yolo,113,214977,6110,5465,23,5488,90
2020-12-06,Yuba,115,75493,2660,2340,20,2360,10
2020-12-05,Alameda,001,1643700,36325,32781,500,33281,465
2020-12-05,Alpine,003,1148,59,53,0,53,0
2020-12-05,Amador,005,37829,1199,847,6,853,17
2020-12-05,Butte,007,227075,5029,4455,339,4794,66
2020-12-05,Calaveras,009,45235,662,606,0,606,21
2020-12-05,Colusa,011,21464,945,825,18,843,6
2020-12-05,Contra Costa,013,1133247,28883,26217,237,26454,270
2020-12-05,Del Norte,015,27424,481,408,0,408,2
2020-12-05,El Dorado,017,186661,3831,3061,60,3121,8
2020-12-05,Fresno,019,978130,48909,40568,2158,42726,525
2020-12-05,Glenn,021,27897,1166,1056,94,1150,8
2020-12-05,Humboldt,023,135768,1187,979,4,983,9
2020-12-05,Imperial,025,180216,18470,16544,182,16726,362
2020-12-05,Inyo,027,18085,371,332,1,333,15
2020-12-05,Kern,029,883053,47756,43332,2282,45614,484
2020-12-05,Kings,031,150075,13048,11898,301,12199,90
2020-12-05,Lake,033,64148,1227,1069,0,1069,20
2020-12-05,Lassen,035,31185,2799,2168,12,2180,0
2020-12-05,Los Angeles,037,10098052,481416,433120,9312,442432,7888
2020-12-05,Madera,039,155013,7602,6619,218,6837,59
2020-12-05,Marin,041,260295,8293,7961,44,8005,136
2020-12-05,Mariposa,043,17540,171,143,2,145,2
2020-12-05,Mendocino,045,87422,1777,1585,14,1599,23
2020-12-05,Merced,047,269075,13873,12747,175,12922,180
2020-12-05,Modoc,049,8938,153,118,28,146,0
2020-12-05,Mono,051,14174,652,554,8,562,3
2020-12-05,Monterey,053,433212,18855,17077,381,17458,127
2020-12-05,Napa,055,140530,4091,3565,20,3585,21
2020-12-05,Nevada,057,99092,1975,1642,50,1692,10
2020-12-05,Orange,059,3164182,98672,85735,3165,88900,1612
2020-12-05,Placer,061,380077,9573,7811,247,8058,78
2020-12-05,Plumas,063,18699,305,246,1,247,0
2020-12-05,Riverside,065,2383286,114644,98612,3338,101950,1477
2020-12-05,Sacramento,067,1510023,46537,41878,207,42085,625
2020-12-05,San Benito,069,59416,2308,2073,16,2089,18
2020-12-05,San Bernardino,071,2135413,124347,105382,2731,108113,1283
2020-12-05,San Diego,073,3302833,100240,90470,4073,94543,1055
2020-12-05,San Francisco,075,870044,17878,16786,133,16919,161
2020-12-05,San Joaquin,077,732212,31953,28105,769,28874,523
2020-12-05,San Luis Obispo,079,281455,7446,6623,130,6753,44
2020-12-05,San Mateo,081,765935,17541,15512,18,15530,175
2020-12-05,Santa Barbara,083,443738,13351,12107,255,12362,141
2020-12-05,Santa Clara,085,1922200,45601,38339,119,38458,474
2020-12-05,Santa Cruz,087,273765,5889,4997,96,5093,40
2020-12-05,Shasta,089,179085,6562,5653,354,6007,49
2020-12-05,Sierra,091,2930,20,17,0,17,0
2020-12-05,Siskiyou,093,43540,790,649,59,708,2
2020-12-05,Solano,095,438530,12553,11351,107,11458,87
2020-12-05,Sonoma,097,501317,14419,13137,89,13226,164
2020-12-05,Stanislaus,099,539301,25722,23662,1916,25578,454
2020-12-05,Sutter,101,95872,4590,3937,20,3957,20
2020-12-05,Tehama,103,63373,2155,1926,113,2039,9
2020-12-05,Trinity,105,12862,274,177,25,202,0
2020-12-05,Tulare,107,460477,24766,22660,2224,24884,324
2020-12-05,Tuolumne,109,53932,1418,1180,6,1186,7
2020-12-05,Ventura,111,848112,25329,22710,824,23534,191
2020-12-05,Yolo,113,214977,6032,5351,22,5373,90
2020-12-05,Yuba,115,75493,2624,2275,20,2295,10
2020-12-04,Alameda,001,1643700,35775,31871,487,32358,465
2020-12-04,Alpine,003,1148,59,53,0,53,0
2020-12-04,Amador,005,37829,1185,766,3,769,16
2020-12-04,Butte,007,227075,4958,4336,317,4653,65
2020-12-04,Calaveras,009,45235,657,585,0,585,21
2020-12-04,Colusa,011,21464,931,790,17,807,6
2020-12-04,Contra Costa,013,1133247,28540,25705,225,25930,264
2020-12-04,Del Norte,015,27424,470,401,0,401,2
2020-12-04,El Dorado,017,186661,3743,2933,57,2990,7
2020-12-04,Fresno,019,978130,48201,40108,2089,42197,522
2020-12-04,Glenn,021,27897,1160,1017,86,1103,8
2020-12-04,Humboldt,023,135768,1169,960,4,964,9
2020-12-04,Imperial,025,180216,18227,16484,182,16666,362
2020-12-04,Inyo,027,18085,363,324,1,325,15
2020-12-04,Kern,029,883053,47208,42497,2176,44673,485
2020-12-04,Kings,031,150075,12955,11767,295,12062,88
2020-12-04,Lake,033,64148,1199,1018,0,1018,20
2020-12-04,Lassen,035,31185,2792,2167,10,2177,0
2020-12-04,Los Angeles,037,10098052,472820,424164,9000,433164,7845
2020-12-04,Madera,039,155013,7512,6479,215,6694,58
2020-12-04,Marin,041,260295,8242,7896,42,7938,136
2020-12-04,Mariposa,043,17540,171,136,2,138,2
2020-12-04,Mendocino,045,87422,1758,1563,13,1576,23
2020-12-04,Merced,047,269075,13758,12474,167,12641,177
2020-12-04,Modoc,049,8938,153,115,28,143,0
2020-12-04,Mono,051,14174,647,549,8,557,3
2020-12-04,Monterey,053,433212,18650,16737,372,17109,127
2020-12-04,Napa,055,140530,4038,3432,20,3452,19
2020-12-04,Nevada,057,99092,1950,1560,47,1607,10
2020-12-04,Orange,059,3164182,96754,83738,3096,86834,1597
2020-12-04,Placer,061,380077,9445,7461,233,7694,76
2020-12-04,Plumas,063,18699,298,232,0,232,0
2020-12-04,Riverside,065,2383286,112453,95255,3175,98430,1475
2020-12-04,Sacramento,067,1510023,45772,41061,190,41251,618
2020-12-04,San Benito,069,59416,2280,2006,16,2022,17
2020-12-04,San Bernardino,071,2135413,122081,102418,2619,105037,1290
2020-12-04,San Diego,073,3302833,98758,88183,3986,92169,1047
2020-12-04,San Francisco,075,870044,17689,16499,132,16631,161
2020-12-04,San Joaquin,077,732212,31517,27806,731,28537,522
2020-12-04,San Luis Obispo,079,281455,7361,6473,127,6600,42
2020-12-04,San Mateo,081,765935,17253,15112,17,15129,173
2020-12-04,Santa Barbara,083,443738,13245,11947,247,12194,141
2020-12-04,Santa Clara,085,1922200,44683,37465,113,37578,468
2020-12-04,Santa Cruz,087,273765,5803,4985,94,5079,32
2020-12-04,Shasta,089,179085,6474,5439,344,5783,49
2020-12-04,Sierra,091,2930,19,17,0,17,0
2020-12-04,Siskiyou,093,43540,783,639,56,695,2
2020-12-04,Solano,095,438530,12407,11037,104,11141,87
2020-12-04,Sonoma,097,501317,14271,12962,88,13050,164
2020-12-04,Stanislaus,099,539301,25456,23206,1870,25076,448
2020-12-04,Sutter,101,95872,4518,3791,15,3806,20
2020-12-04,Tehama,103,63373,2116,1876,107,1983,9
2020-12-04,Trinity,105,12862,272,172,25,197,0
2020-12-04,Tulare,107,460477,24485,22273,2149,24422,322
2020-12-04,Tuolumne,109,53932,1387,1134,6,1140,7
2020-12-04,Ventura,111,848112,24953,22024,806,22830,189
2020-12-04,Yolo,113,214977,5958,5294,21,5315,87
2020-12-04,Yuba,115,75493,2581,2225,19,2244,10
2020-12-03,Alameda,001,1643700,35017,31184,468,31652,465
2020-12-03,Alpine,003,1148,58,53,0,53,0
2020-12-03,Amador,005,37829,1134,653,3,656,16
2020-12-03,Butte,007,227075,4864,4305,296,4601,65
2020-12-03,Calaveras,009,45235,638,572,0,572,21
2020-12-03,Colusa,011,21464,918,774,17,791,6
2020-12-03,Contra Costa,013,1133247,28041,25464,217,25681,265
2020-12-03,Del Norte,015,27424,466,388,0,388,2
2020-12-03,El Dorado,017,186661,3617,2740,55,2795,6
2020-12-03,Fresno,019,978130,47454,39680,2014,41694,516
2020-12-03,Glenn,021,27897,1143,997,77,1074,8
2020-12-03,Humboldt,023,135768,1139,923,4,927,9
2020-12-03,Imperial,025,180216,18022,16436,171,16607,359
2020-12-03,Inyo,027,18085,360,321,1,322,15
2020-12-03,Kern,029,883053,46366,42062,2071,44133,483
2020-12-03,Kings,031,150075,12855,11658,283,11941,87
2020-12-03,Lake,033,64148,1185,991,0,991,20
2020-12-03,Lassen,035,31185,2752,2128,9,2137,0
2020-12-03,Los Angeles,037,10098052,462748,415805,8617,424422,7787
2020-12-03,Madera,039,155013,7391,6398,211,6609,58
2020-12-03,Marin,041,260295,8182,7861,38,7899,136
2020-12-03,Mariposa,043,17540,167,132,2,134,2
2020-12-03,Mendocino,045,87422,1742,1547,9,1556,23
2020-12-03,Merced,047,269075,13513,12310,159,12469,177
2020-12-03,Modoc,049,8938,151,114,28,142,0
2020-12-03,Mono,051,14174,626,527,8,535,3
2020-12-03,Monterey,053,433212,18188,16218,361,16579,125
2020-12-03,Napa,055,140530,3925,3360,20,3380,19
2020-12-03,Nevada,057,99092,1873,1472,46,1518,10
2020-12-03,Orange,059,3164182,94227,82187,3022,85209,1591
2020-12-03,Placer,061,380077,9245,7270,217,7487,73
2020-12-03,Plumas,063,18699,284,223,0,223,0
2020-12-03,Riverside,065,2383286,109706,92489,3001,95490,1461
2020-12-03,Sacramento,067,1510023,44717,40280,177,40457,614
2020-12-03,San Benito,069,59416,2235,1967,16,1983,16
2020-12-03,San Bernardino,071,2135413,118763,100787,2530,103317,1283
2020-12-03,San Diego,073,3302833,96950,86144,3868,90012,1040
2020-12-03,San Francisco,075,870044,17467,16236,131,16367,161
2020-12-03,San Joaquin,077,732212,30796,27239,683,27922,522
2020-12-03,San Luis Obispo,079,281455,7193,6388,126,6514,42
2020-12-03,San Mateo,081,765935,16902,14909,16,14925,173
2020-12-03,Santa Barbara,083,443738,13117,11829,241,12070,141
2020-12-03,Santa Clara,085,1922200,43487,36621,107,36728,465
2020-12-03,Santa Cruz,087,273765,5660,4850,90,4940,28
2020-12-03,Shasta,089,179085,6365,5330,337,5667,48
2020-12-03,Sierra,091,2930,19,17,0,17,0
2020-12-03,Siskiyou,093,43540,768,629,53,682,2
2020-12-03,Solano,095,438530,12196,10857,101,10958,87
2020-12-03,Sonoma,097,501317,14028,12772,87,12859,164
2020-12-03,Stanislaus,099,539301,25051,22821,1817,24638,447
2020-12-03,Sutter,101,95872,4435,3727,14,3741,20
2020-12-03,Tehama,103,63373,2065,1832,97,1929,9
2020-12-03,Trinity,105,12862,270,166,25,191,0
2020-12-03,Tulare,107,460477,24089,21993,2053,24046,321
2020-12-03,Tuolumne,109,53932,1346,1105,6,1111,7
2020-12-03,Ventura,111,848112,24250,21555,791,22346,187
2020-12-03,Yolo,113,214977,5820,5069,21,5090,87
2020-12-03,Yuba,115,75493,2512,2182,17,2199,10
2020-12-02,Alameda,001,1643700,34394,30697,456,31153,463
2020-12-02,Alpine,003,1148,57,52,0,52,0
2020-12-02,Amador,005,37829,1062,585,3,588,16
2020-12-02,Butte,007,227075,4742,4243,286,4529,65
2020-12-02,Calaveras,009,45235,622,553,0,553,21
2020-12-02,Colusa,011,21464,902,756,16,772,6
2020-12-02,Contra Costa,013,1133247,27582,25147,204,25351,264
2020-12-02,Del Norte,015,27424,452,384,0,384,2
2020-12-02,El Dorado,017,186661,3517,2638,49,2687,5
2020-12-02,Fresno,019,978130,46709,39324,1904,41228,507
2020-12-02,Glenn,021,27897,1126,995,69,1064,7
2020-12-02,Humboldt,023,135768,1113,899,4,903,9
2020-12-02,Imperial,025,180216,17598,16360,162,16522,356
2020-12-02,Inyo,027,18085,353,314,1,315,15
2020-12-02,Kern,029,883053,45476,41660,1966,43626,479
2020-12-02,Kings,031,150075,12502,11531,269,11800,86
2020-12-02,Lake,033,64148,1156,971,0,971,20
2020-12-02,Lassen,035,31185,2693,2115,9,2124,0
2020-12-02,Los Angeles,037,10098052,452723,408289,8259,416548,7739
2020-12-02,Madera,039,155013,7268,6370,203,6573,57
2020-12-02,Marin,041,260295,8136,7819,36,7855,136
2020-12-02,Mariposa,043,17540,164,131,2,133,2
2020-12-02,Mendocino,045,87422,1709,1524,9,1533,23
2020-12-02,Merced,047,269075,13271,12168,152,12320,173
2020-12-02,Modoc,049,8938,148,113,28,141,0
2020-12-02,Mono,051,14174,617,520,8,528,3
2020-12-02,Monterey,053,433212,17711,16064,322,16386,121
2020-12-02,Napa,055,140530,3822,3298,19,3317,19
2020-12-02,Nevada,057,99092,1811,1430,45,1475,9
2020-12-02,Orange,059,3164182,92035,81046,2941,83987,1569
2020-12-02,Placer,061,380077,9013,6941,202,7143,73
2020-12-02,Plumas,063,18699,271,218,0,218,0
2020-12-02,Riverside,065,2383286,106993,90089,2812,92901,1451
2020-12-02,Sacramento,067,1510023,43685,39334,166,39500,597
2020-12-02,San Benito,069,59416,2171,1921,16,1937,16
2020-12-02,San Bernardino,071,2135413,115210,98567,2412,100979,1240
2020-12-02,San Diego,073,3302833,95036,84640,3754,88394,1035
2020-12-02,San Francisco,075,870044,17229,16058,129,16187,157
2020-12-02,San Joaquin,077,732212,30175,26740,658,27398,519
2020-12-02,San Luis Obispo,079,281455,7095,6324,123,6447,42
2020-12-02,San Mateo,081,765935,16539,14757,15,14772,170
2020-12-02,Santa Barbara,083,443738,12966,11705,228,11933,140
2020-12-02,Santa Clara,085,1922200,42373,35878,106,35984,458
2020-12-02,Santa Cruz,087,273765,5528,4766,87,4853,27
2020-12-02,Shasta,089,179085,6241,5188,320,5508,47
2020-12-02,Sierra,091,2930,19,17,0,17,0
2020-12-02,Siskiyou,093,43540,752,624,51,675,1
2020-12-02,Solano,095,438530,11951,10701,96,10797,87
2020-12-02,Sonoma,097,501317,13788,12635,86,12721,163
2020-12-02,Stanislaus,099,539301,24556,22615,1757,24372,448
2020-12-02,Sutter,101,95872,4274,3604,14,3618,18
2020-12-02,Tehama,103,63373,2022,1800,82,1882,9
2020-12-02,Trinity,105,12862,263,165,25,190,0
2020-12-02,Tulare,107,460477,23713,21789,1967,23756,321
2020-12-02,Tuolumne,109,53932,1306,1076,6,1082,7
2020-12-02,Ventura,111,848112,23841,21208,773,21981,186
2020-12-02,Yolo,113,214977,5709,5053,20,5073,87
2020-12-02,Yuba,115,75493,2435,2119,16,2135,10
2020-12-01,Alameda,001,1643700,33708,30252,444,30696,460
2020-12-01,Alpine,003,1148,57,41,0,41,0
2020-12-01,Amador,005,37829,915,575,2,577,16
2020-12-01,Butte,007,227075,4638,4177,270,4447,65
2020-12-01,Calaveras,009,45235,604,544,0,544,21
2020-12-01,Colusa,011,21464,885,747,16,763,6
2020-12-01,Contra Costa,013,1133247,27009,24788,196,24984,264
2020-12-01,Del Norte,015,27424,424,357,0,357,2
2020-12-01,El Dorado,017,186661,3372,2542,44,2586,4
2020-12-01,Fresno,019,978130,45811,39004,1820,40824,505
2020-12-01,Glenn,021,27897,1105,989,65,1054,7
2020-12-01,Humboldt,023,135768,1082,886,4,890,9
2020-12-01,Imperial,025,180216,17285,16278,159,16437,356
2020-12-01,Inyo,027,18085,346,304,1,305,15
2020-12-01,Kern,029,883053,44677,41345,1831,43176,478
2020-12-01,Kings,031,150075,12189,11415,253,11668,86
2020-12-01,Lake,033,64148,1138,969,0,969,19
2020-12-01,Lassen,035,31185,2527,2047,8,2055,0
2020-12-01,Los Angeles,037,10098052,442385,403266,7916,411182,7704
2020-12-01,Madera,039,155013,7152,6270,194,6464,57
2020-12-01,Marin,041,260295,8066,7787,35,7822,136
2020-12-01,Mariposa,043,17540,159,128,2,130,2
2020-12-01,Mendocino,045,87422,1675,1497,9,1506,23
2020-12-01,Merced,047,269075,13028,12032,143,12175,172
2020-12-01,Modoc,049,8938,143,113,24,137,0
2020-12-01,Mono,051,14174,605,520,8,528,3
2020-12-01,Monterey,053,433212,17204,15835,312,16147,121
2020-12-01,Napa,055,140530,3738,3124,18,3142,19
2020-12-01,Nevada,057,99092,1749,1411,44,1455,9
2020-12-01,Orange,059,3164182,89941,79468,2850,82318,1567
2020-12-01,Placer,061,380077,8689,6794,195,6989,72
2020-12-01,Plumas,063,18699,259,201,0,201,0
2020-12-01,Riverside,065,2383286,104197,88530,2643,91173,1448
2020-12-01,Sacramento,067,1510023,42637,38966,161,39127,589
2020-12-01,San Benito,069,59416,2116,1888,16,1904,15
2020-12-01,San Bernardino,071,2135413,111744,95854,2282,98136,1220
2020-12-01,San Diego,073,3302833,92779,83423,3644,87067,1019
2020-12-01,San Francisco,075,870044,16948,15797,125,15922,157
2020-12-01,San Joaquin,077,732212,29374,26432,636,27068,514
2020-12-01,San Luis Obispo,079,281455,6955,6264,118,6382,40
2020-12-01,San Mateo,081,765935,16214,14495,15,14510,170
2020-12-01,Santa Barbara,083,443738,12826,11611,218,11829,140
2020-12-01,Santa Clara,085,1922200,41117,35397,101,35498,452
2020-12-01,Santa Cruz,087,273765,5371,4638,79,4717,27
2020-12-01,Shasta,089,179085,6112,5077,299,5376,47
2020-12-01,Sierra,091,2930,19,17,0,17,0
2020-12-01,Siskiyou,093,43540,738,608,47,655,1
2020-12-01,Solano,095,438530,11693,10604,90,10694,87
2020-12-01,Sonoma,097,501317,13583,12491,83,12574,163
2020-12-01,Stanislaus,099,539301,24101,22351,1699,24050,447
2020-12-01,Sutter,101,95872,4133,3538,14,3552,17
2020-12-01,Tehama,103,63373,1963,1773,71,1844,9
2020-12-01,Trinity,105,12862,251,165,20,185,0
2020-12-01,Tulare,107,460477,23260,21645,1893,23538,319
2020-12-01,Tuolumne,109,53932,1270,1052,3,1055,7
2020-12-01,Ventura,111,848112,23228,20604,751,21355,186
2020-12-01,Yolo,113,214977,5569,4928,20,4948,86
2020-12-01,Yuba,115,75493,2369,2088,15,2103,10
2020-11-30,Alameda,001,1643700,32893,29972,426,30398,457
2020-11-30,Alpine,003,1148,55,41,0,41,0
2020-11-30,Amador,005,37829,874,559,2,561,16
2020-11-30,Butte,007,227075,4522,4148,253,4401,65
2020-11-30,Calaveras,009,45235,581,478,0,478,21
2020-11-30,Colusa,011,21464,858,737,12,749,6
2020-11-30,Contra Costa,013,1133247,26433,24365,192,24557,264
2020-11-30,Del Norte,015,27424,401,339,0,339,2
2020-11-30,El Dorado,017,186661,3198,2488,39,2527,4
2020-11-30,Fresno,019,978130,44705,38712,1700,40412,500
2020-11-30,Glenn,021,27897,1082,954,60,1014,5
2020-11-30,Humboldt,023,135768,1035,870,4,874,9
2020-11-30,Imperial,025,180216,17033,16212,134,16346,356
2020-11-30,Inyo,027,18085,341,304,1,305,15
2020-11-30,Kern,029,883053,43920,40941,1689,42630,473
2020-11-30,Kings,031,150075,12043,11346,236,11582,85
2020-11-30,Lake,033,64148,1107,939,0,939,18
2020-11-30,Lassen,035,31185,2434,1793,8,1801,0
2020-11-30,Los Angeles,037,10098052,431741,396202,7568,403770,7658
2020-11-30,Madera,039,155013,6984,6210,180,6390,57
2020-11-30,Marin,041,260295,8023,7764,34,7798,136
2020-11-30,Mariposa,043,17540,152,123,2,125,2
2020-11-30,Mendocino,045,87422,1648,1482,9,1491,23
2020-11-30,Merced,047,269075,12754,11913,132,12045,172
2020-11-30,Modoc,049,8938,133,113,24,137,0
2020-11-30,Mono,051,14174,583,519,8,527,3
2020-11-30,Monterey,053,433212,16775,15837,304,16141,119
2020-11-30,Napa,055,140530,3639,3091,17,3108,18
2020-11-30,Nevada,057,99092,1662,1347,41,1388,9
2020-11-30,Orange,059,3164182,87834,78711,2751,81462,1568
2020-11-30,Placer,061,380077,8398,6575,182,6757,72
2020-11-30,Plumas,063,18699,248,192,0,192,0
2020-11-30,Riverside,065,2383286,101211,87722,2488,90210,1446
2020-11-30,Sacramento,067,1510023,41558,37834,153,37987,586
2020-11-30,San Benito,069,59416,2067,1875,15,1890,15
2020-11-30,San Bernardino,071,2135413,108019,92704,2163,94867,1220
2020-11-30,San Diego,073,3302833,90419,82045,3517,85562,997
2020-11-30,San Francisco,075,870044,16649,15638,122,15760,157
2020-11-30,San Joaquin,077,732212,28669,25742,610,26352,509
2020-11-30,San Luis Obispo,079,281455,6820,6224,116,6340,36
2020-11-30,San Mateo,081,765935,15854,14276,15,14291,170
2020-11-30,Santa Barbara,083,443738,12648,11572,211,11783,140
2020-11-30,Santa Clara,085,1922200,39909,35019,100,35119,451
2020-11-30,Santa Cruz,087,273765,5233,4558,75,4633,26
2020-11-30,Shasta,089,179085,5971,4933,265,5198,44
2020-11-30,Sierra,091,2930,19,16,0,16,0
2020-11-30,Siskiyou,093,43540,729,605,43,648,1
2020-11-30,Solano,095,438530,11431,10392,85,10477,87
2020-11-30,Sonoma,097,501317,13339,12232,79,12311,163
2020-11-30,Stanislaus,099,539301,23642,22110,1653,23763,446
2020-11-30,Sutter,101,95872,3977,3430,13,3443,16
2020-11-30,Tehama,103,63373,1915,1724,65,1789,9
2020-11-30,Trinity,105,12862,245,162,20,182,0
2020-11-30,Tulare,107,460477,22876,20833,1796,22629,319
2020-11-30,Tuolumne,109,53932,1225,1027,3,1030,7
2020-11-30,Ventura,111,848112,22469,20308,735,21043,180
2020-11-30,Yolo,113,214977,5457,4894,20,4914,81
2020-11-30,Yuba,115,75493,2308,2028,13,2041,10
2020-11-29,Alameda,001,1643700,32109,29918,404,30322,457
2020-11-29,Alpine,003,1148,52,41,0,41,0
2020-11-29,Amador,005,37829,723,548,2,550,16
2020-11-29,Butte,007,227075,4424,4008,231,4239,65
2020-11-29,Calaveras,009,45235,549,478,0,478,21
2020-11-29,Colusa,011,21464,829,723,8,731,6
2020-11-29,Contra Costa,013,1133247,25930,24165,186,24351,264
2020-11-29,Del Norte,015,27424,395,339,0,339,2
2020-11-29,El Dorado,017,186661,3068,2447,38,2485,4
2020-11-29,Fresno,019,978130,43757,38568,1624,40192,500
2020-11-29,Glenn,021,27897,1059,951,58,1009,4
2020-11-29,Humboldt,023,135768,1006,856,4,860,9
2020-11-29,Imperial,025,180216,16806,16138,106,16244,356
2020-11-29,Inyo,027,18085,326,289,1,290,15
2020-11-29,Kern,029,883053,43163,40596,1538,42134,473
2020-11-29,Kings,031,150075,11895,11247,216,11463,85
2020-11-29,Lake,033,64148,1083,927,0,927,18
2020-11-29,Lassen,035,31185,2331,1793,8,1801,0
2020-11-29,Los Angeles,037,10098052,421372,391162,7247,398409,7642
2020-11-29,Madera,039,155013,6841,6184,174,6358,57
2020-11-29,Marin,041,260295,7957,7739,32,7771,135
2020-11-29,Mariposa,043,17540,148,123,2,125,2
2020-11-29,Mendocino,045,87422,1614,1473,9,1482,23
2020-11-29,Merced,047,269075,12515,11773,123,11896,172
2020-11-29,Modoc,049,8938,129,105,22,127,0
2020-11-29,Mono,051,14174,560,515,8,523,3
2020-11-29,Monterey,053,433212,16464,15621,297,15918,119
2020-11-29,Napa,055,140530,3534,3090,16,3106,18
2020-11-29,Nevada,057,99092,1581,1311,39,1350,9
2020-11-29,Orange,059,3164182,85816,78057,2702,80759,1567
2020-11-29,Placer,061,380077,8103,6535,168,6703,72
2020-11-29,Plumas,063,18699,243,191,0,191,0
2020-11-29,Riverside,065,2383286,98830,87383,2325,89708,1442
2020-11-29,Sacramento,067,1510023,40481,37415,145,37560,585
2020-11-29,San Benito,069,59416,2023,1860,15,1875,15
2020-11-29,San Bernardino,071,2135413,104682,92052,2038,94090,1223
2020-11-29,San Diego,073,3302833,88008,81086,3364,84450,997
2020-11-29,San Francisco,075,870044,16368,15571,115,15686,153
2020-11-29,San Joaquin,077,732212,27928,25740,604,26344,509
2020-11-29,San Luis Obispo,079,281455,6698,6145,116,6261,36
2020-11-29,San Mateo,081,765935,15520,14177,15,14192,169
2020-11-29,Santa Barbara,083,443738,12494,11520,207,11727,140
2020-11-29,Santa Clara,085,1922200,38703,34234,94,34328,451
2020-11-29,Santa Cruz,087,273765,5074,4490,73,4563,26
2020-11-29,Shasta,089,179085,5799,4935,234,5169,43
2020-11-29,Sierra,091,2930,19,16,0,16,0
2020-11-29,Siskiyou,093,43540,706,590,41,631,1
2020-11-29,Solano,095,438530,11199,10393,81,10474,87
2020-11-29,Sonoma,097,501317,13086,12052,75,12127,163
2020-11-29,Stanislaus,099,539301,23149,21701,1614,23315,446
2020-11-29,Sutter,101,95872,3860,3297,13,3310,16
2020-11-29,Tehama,103,63373,1864,1710,49,1759,9
2020-11-29,Trinity,105,12862,242,159,19,178,0
2020-11-29,Tulare,107,460477,22517,20793,1711,22504,319
2020-11-29,Tuolumne,109,53932,1189,988,3,991,7
2020-11-29,Ventura,111,848112,21785,19952,722,20674,179
2020-11-29,Yolo,113,214977,5319,4830,19,4849,80
2020-11-29,Yuba,115,75493,2252,1959,13,1972,10
2020-11-28,Alameda,001,1643700,31800,29368,399,29767,456
2020-11-28,Alpine,003,1148,52,41,0,41,0
2020-11-28,Amador,005,37829,646,536,2,538,16
2020-11-28,Butte,007,227075,4366,3894,227,4121,65
2020-11-28,Calaveras,009,45235,545,478,0,478,21
2020-11-28,Colusa,011,21464,820,711,6,717,6
2020-11-28,Contra Costa,013,1133247,25597,23798,182,23980,264
2020-11-28,Del Norte,015,27424,385,328,0,328,2
2020-11-28,El Dorado,017,186661,3000,2415,32,2447,4
2020-11-28,Fresno,019,978130,43413,38288,1583,39871,500
2020-11-28,Glenn,021,27897,1048,925,54,979,4
2020-11-28,Humboldt,023,135768,971,844,4,848,9
2020-11-28,Imperial,025,180216,16742,16019,104,16123,356
2020-11-28,Inyo,027,18085,318,289,1,290,15
2020-11-28,Kern,029,883053,42802,40255,1449,41704,473
2020-11-28,Kings,031,150075,11831,11070,207,11277,85
2020-11-28,Lake,033,64148,1068,920,0,920,18
2020-11-28,Lassen,035,31185,2264,1714,8,1722,0
2020-11-28,Los Angeles,037,10098052,416465,386194,7085,393279,7625
2020-11-28,Madera,039,155013,6739,6119,167,6286,57
2020-11-28,Marin,041,260295,7927,7696,28,7724,135
2020-11-28,Mariposa,043,17540,145,120,2,122,2
2020-11-28,Mendocino,045,87422,1583,1458,9,1467,22
2020-11-28,Merced,047,269075,12417,11688,117,11805,172
2020-11-28,Modoc,049,8938,126,103,22,125,0
2020-11-28,Mono,051,14174,554,505,8,513,3
2020-11-28,Monterey,053,433212,16298,15328,293,15621,118
2020-11-28,Napa,055,140530,3483,3033,15,3048,18
2020-11-28,Nevada,057,99092,1553,1272,37,1309,9
2020-11-28,Orange,059,3164182,84720,76882,2654,79536,1568
2020-11-28,Placer,061,380077,7944,6497,165,6662,70
2020-11-28,Plumas,063,18699,236,188,0,188,0
2020-11-28,Riverside,065,2383286,97428,86854,2218,89072,1440
2020-11-28,Sacramento,067,1510023,39902,36905,141,37046,580
2020-11-28,San Benito,069,59416,1977,1835,15,1850,15
2020-11-28,San Bernardino,071,2135413,103288,91183,1935,93118,1224
2020-11-28,San Diego,073,3302833,86755,80020,3280,83300,997
2020-11-28,San Francisco,075,870044,16191,15450,107,15557,153
2020-11-28,San Joaquin,077,732212,27732,25742,589,26331,509
2020-11-28,San Luis Obispo,079,281455,6628,6106,112,6218,36
2020-11-28,San Mateo,081,765935,15330,14040,15,14055,169
2020-11-28,Santa Barbara,083,443738,12392,11481,202,11683,140
2020-11-28,Santa Clara,085,1922200,37957,33701,92,33793,449
2020-11-28,Santa Cruz,087,273765,4997,4426,73,4499,26
2020-11-28,Shasta,089,179085,5721,4882,227,5109,43
2020-11-28,Sierra,091,2930,19,16,0,16,0
2020-11-28,Siskiyou,093,43540,696,558,38,596,1
2020-11-28,Solano,095,438530,11080,10252,79,10331,87
2020-11-28,Sonoma,097,501317,12983,12008,65,12073,162
2020-11-28,Stanislaus,099,539301,22913,21574,1577,23151,446
2020-11-28,Sutter,101,95872,3776,3244,13,3257,15
2020-11-28,Tehama,103,63373,1848,1678,45,1723,9
2020-11-28,Trinity,105,12862,240,157,17,174,0
2020-11-28,Tulare,107,460477,22328,20701,1663,22364,319
2020-11-28,Tuolumne,109,53932,1167,976,3,979,7
2020-11-28,Ventura,111,848112,21487,19510,712,20222,179
2020-11-28,Yolo,113,214977,5245,4739,17,4756,80
2020-11-28,Yuba,115,75493,2199,1912,13,1925,10
2020-11-27,Alameda,001,1643700,31362,29064,388,29452,450
2020-11-27,Alpine,003,1148,52,41,0,41,0
2020-11-27,Amador,005,37829,599,498,1,499,16
2020-11-27,Butte,007,227075,4325,3894,221,4115,65
2020-11-27,Calaveras,009,45235,536,478,0,478,21
2020-11-27,Colusa,011,21464,803,694,4,698,6
2020-11-27,Contra Costa,013,1133247,25337,23463,176,23639,264
2020-11-27,Del Norte,015,27424,379,307,0,307,2
2020-11-27,El Dorado,017,186661,2929,2238,29,2267,4
2020-11-27,Fresno,019,978130,43007,37994,1523,39517,500
2020-11-27,Glenn,021,27897,1035,891,49,940,4
2020-11-27,Humboldt,023,135768,952,795,3,798,9
2020-11-27,Imperial,025,180216,16674,15960,95,16055,356
2020-11-27,Inyo,027,18085,312,289,1,290,15
2020-11-27,Kern,029,883053,42384,39707,1373,41080,473
2020-11-27,Kings,031,150075,11745,10667,189,10856,85
2020-11-27,Lake,033,64148,1032,909,0,909,18
2020-11-27,Lassen,035,31185,2252,1714,8,1722,0
2020-11-27,Los Angeles,037,10098052,409969,382740,6918,389658,7606
2020-11-27,Madera,039,155013,6667,6050,161,6211,57
2020-11-27,Marin,041,260295,7884,7660,28,7688,135
2020-11-27,Mariposa,043,17540,143,118,2,120,2
2020-11-27,Mendocino,045,87422,1568,1387,8,1395,22
2020-11-27,Merced,047,269075,12311,11550,110,11660,172
2020-11-27,Modoc,049,8938,125,100,22,122,0
2020-11-27,Mono,051,14174,550,498,8,506,3
2020-11-27,Monterey,053,433212,16131,14753,293,15046,113
2020-11-27,Napa,055,140530,3443,2988,15,3003,18
2020-11-27,Nevada,057,99092,1523,1184,35,1219,9
2020-11-27,Orange,059,3164182,83434,75151,2614,77765,1568
2020-11-27,Placer,061,380077,7783,6283,155,6438,68
2020-11-27,Plumas,063,18699,233,188,0,188,0
2020-11-27,Riverside,065,2383286,95827,85769,2057,87826,1440
2020-11-27,Sacramento,067,1510023,39279,36579,137,36716,579
2020-11-27,San Benito,069,59416,1943,1805,14,1819,15
2020-11-27,San Bernardino,071,2135413,101781,90254,1850,92104,1224
2020-11-27,San Diego,073,3302833,85562,78161,3192,81353,996
2020-11-27,San Francisco,075,870044,16035,15377,105,15482,153
2020-11-27,San Joaquin,077,732212,27512,25741,568,26309,509
2020-11-27,San Luis Obispo,079,281455,6545,6039,109,6148,36
2020-11-27,San Mateo,081,765935,15128,13872,14,13886,169
2020-11-27,Santa Barbara,083,443738,12299,11340,199,11539,140
2020-11-27,Santa Clara,085,1922200,37282,32935,85,33020,449
2020-11-27,Santa Cruz,087,273765,4926,4358,71,4429,26
2020-11-27,Shasta,089,179085,5644,4710,214,4924,43
2020-11-27,Sierra,091,2930,18,16,0,16,0
2020-11-27,Siskiyou,093,43540,681,554,35,589,1
2020-11-27,Solano,095,438530,10961,10044,76,10120,87
2020-11-27,Sonoma,097,501317,12851,11924,63,11987,162
2020-11-27,Stanislaus,099,539301,22687,21185,1546,22731,446
2020-11-27,Sutter,101,95872,3710,3101,12,3113,15
2020-11-27,Tehama,103,63373,1820,1649,41,1690,9
2020-11-27,Trinity,105,12862,236,151,17,168,0
2020-11-27,Tulare,107,460477,22142,20634,1604,22238,319
2020-11-27,Tuolumne,109,53932,1135,881,3,884,7
2020-11-27,Ventura,111,848112,21164,19379,690,20069,179
2020-11-27,Yolo,113,214977,5196,4737,17,4754,79
2020-11-27,Yuba,115,75493,2170,1864,12,1876,10
2020-11-26,Alameda,001,1643700,30950,28797,369,29166,447
2020-11-26,Alpine,003,1148,52,41,0,41,0
2020-11-26,Amador,005,37829,591,488,1,489,16
2020-11-26,Butte,007,227075,4262,3894,215,4109,65
2020-11-26,Calaveras,009,45235,508,478,0,478,21
2020-11-26,Colusa,011,21464,789,694,4,698,6
2020-11-26,Contra Costa,013,1133247,25002,23468,170,23638,264
2020-11-26,Del Norte,015,27424,368,307,0,307,2
2020-11-26,El Dorado,017,186661,2848,2217,27,2244,4
2020-11-26,Fresno,019,978130,42605,37724,1476,39200,500
2020-11-26,Glenn,021,27897,1020,892,46,938,4
2020-11-26,Humboldt,023,135768,930,795,2,797,9
2020-11-26,Imperial,025,180216,16566,15722,90,15812,355
2020-11-26,Inyo,027,18085,311,289,1,290,15
2020-11-26,Kern,029,883053,41945,39123,1301,40424,471
2020-11-26,Kings,031,150075,11690,10475,176,10651,85
2020-11-26,Lake,033,64148,1019,890,0,890,18
2020-11-26,Lassen,035,31185,2237,1714,8,1722,0
2020-11-26,Los Angeles,037,10098052,404834,378340,6668,385008,7581
2020-11-26,Madera,039,155013,6593,6003,155,6158,57
2020-11-26,Marin,041,260295,7847,7610,28,7638,135
2020-11-26,Mariposa,043,17540,138,116,2,118,2
2020-11-26,Mendocino,045,87422,1554,1387,6,1393,22
2020-11-26,Merced,047,269075,12163,11440,108,11548,172
2020-11-26,Modoc,049,8938,123,100,22,122,0
2020-11-26,Mono,051,14174,542,485,8,493,2
2020-11-26,Monterey,053,433212,15895,14750,285,15035,113
2020-11-26,Napa,055,140530,3379,2988,15,3003,18
2020-11-26,Nevada,057,99092,1477,1184,35,1219,9
2020-11-26,Orange,059,3164182,82053,74264,2547,76811,1563
2020-11-26,Placer,061,380077,7619,6278,146,6424,68
2020-11-26,Plumas,063,18699,225,188,0,188,0
2020-11-26,Riverside,065,2383286,94237,85774,1924,87698,1440
2020-11-26,Sacramento,067,1510023,38637,35854,129,35983,580
2020-11-26,San Benito,069,59416,1916,1769,14,1783,15
2020-11-26,San Bernardino,071,2135413,100139,89727,1754,91481,1223
2020-11-26,San Diego,073,3302833,83952,76359,3088,79447,996
2020-11-26,San Francisco,075,870044,15898,15156,102,15258,153
2020-11-26,San Joaquin,077,732212,27259,25738,554,26292,509
2020-11-26,San Luis Obispo,079,281455,6452,5964,106,6070,36
2020-11-26,San Mateo,081,765935,14940,13715,12,13727,169
2020-11-26,Santa Barbara,083,443738,12218,11277,198,11475,139
2020-11-26,Santa Clara,085,1922200,36641,32411,76,32487,446
2020-11-26,Santa Cruz,087,273765,4795,4269,65,4334,26
2020-11-26,Shasta,089,179085,5563,4712,202,4914,43
2020-11-26,Sierra,091,2930,18,15,0,15,0
2020-11-26,Siskiyou,093,43540,671,526,34,560,1
2020-11-26,Solano,095,438530,10818,9941,74,10015,87
2020-11-26,Sonoma,097,501317,12703,11922,61,11983,162
2020-11-26,Stanislaus,099,539301,22458,21186,1503,22689,445
2020-11-26,Sutter,101,95872,3616,3101,11,3112,15
2020-11-26,Tehama,103,63373,1779,1612,37,1649,9
2020-11-26,Trinity,105,12862,232,139,17,156,0
2020-11-26,Tulare,107,460477,21908,20649,1535,22184,319
2020-11-26,Tuolumne,109,53932,1107,871,3,874,7
2020-11-26,Ventura,111,848112,20668,19058,675,19733,179
2020-11-26,Yolo,113,214977,5109,4566,17,4583,76
2020-11-26,Yuba,115,75493,2112,1865,10,1875,10
2020-11-25,Alameda,001,1643700,30734,28378,361,28739,447
2020-11-25,Alpine,003,1148,52,41,0,41,0
2020-11-25,Amador,005,37829,581,484,1,485,16
2020-11-25,Butte,007,227075,4232,3848,212,4060,64
2020-11-25,Calaveras,009,45235,505,475,0,475,21
2020-11-25,Colusa,011,21464,772,693,4,697,6
2020-11-25,Contra Costa,013,1133247,24847,23307,169,23476,263
2020-11-25,Del Norte,015,27424,367,304,0,304,2
2020-11-25,El Dorado,017,186661,2812,2154,27,2181,4
2020-11-25,Fresno,019,978130,42373,37349,1454,38803,494
2020-11-25,Glenn,021,27897,1003,891,44,935,4
2020-11-25,Humboldt,023,135768,922,777,2,779,9
2020-11-25,Imperial,025,180216,16496,15640,88,15728,355
2020-11-25,Inyo,027,18085,309,289,1,290,15
2020-11-25,Kern,029,883053,41789,38878,1282,40160,467
2020-11-25,Kings,031,150075,11655,10417,172,10589,85
2020-11-25,Lake,033,64148,1002,878,0,878,18
2020-11-25,Lassen,035,31185,2194,1701,8,1709,0
2020-11-25,Los Angeles,037,10098052,401815,373919,6556,380475,7545
2020-11-25,Madera,039,155013,6571,5989,152,6141,57
2020-11-25,Marin,041,260295,7820,7601,27,7628,135
2020-11-25,Mariposa,043,17540,137,114,2,116,2
2020-11-25,Mendocino,045,87422,1535,1373,6,1379,22
2020-11-25,Merced,047,269075,12105,11346,108,11454,172
2020-11-25,Modoc,049,8938,123,96,22,118,0
2020-11-25,Mono,051,14174,537,487,8,495,2
2020-11-25,Monterey,053,433212,15778,14695,283,14978,113
2020-11-25,Napa,055,140530,3346,2945,15,2960,17
2020-11-25,Nevada,057,99092,1459,1170,33,1203,9
2020-11-25,Orange,059,3164182,81301,73014,2527,75541,1551
2020-11-25,Placer,061,380077,7543,6221,145,6366,68
2020-11-25,Plumas,063,18699,220,183,0,183,0
2020-11-25,Riverside,065,2383286,93699,85077,1903,86980,1438
2020-11-25,Sacramento,067,1510023,38301,35687,126,35813,574
2020-11-25,San Benito,069,59416,1894,1764,14,1778,15
2020-11-25,San Bernardino,071,2135413,99301,88469,1724,90193,1225
2020-11-25,San Diego,073,3302833,83299,75307,3051,78358,988
2020-11-25,San Francisco,075,870044,15793,15053,100,15153,153
2020-11-25,San Joaquin,077,732212,27134,25556,541,26097,515
2020-11-25,San Luis Obispo,079,281455,6409,5913,105,6018,34
2020-11-25,San Mateo,081,765935,14825,13614,12,13626,170
2020-11-25,Santa Barbara,083,443738,12168,11183,198,11381,138
2020-11-25,Santa Clara,085,1922200,36194,32032,75,32107,442
2020-11-25,Santa Cruz,087,273765,4744,4202,63,4265,25
2020-11-25,Shasta,089,179085,5517,4588,195,4783,43
2020-11-25,Sierra,091,2930,18,15,0,15,0
2020-11-25,Siskiyou,093,43540,664,499,34,533,1
2020-11-25,Solano,095,438530,10713,9832,73,9905,87
2020-11-25,Sonoma,097,501317,12640,11775,60,11835,162
2020-11-25,Stanislaus,099,539301,22329,21022,1474,22496,445
2020-11-25,Sutter,101,95872,3572,3064,11,3075,14
2020-11-25,Tehama,103,63373,1767,1587,32,1619,9
2020-11-25,Trinity,105,12862,230,135,17,152,0
2020-11-25,Tulare,107,460477,21818,20528,1503,22031,318
2020-11-25,Tuolumne,109,53932,1090,842,3,845,7
2020-11-25,Ventura,111,848112,20575,18914,669,19583,179
2020-11-25,Yolo,113,214977,5073,4527,17,4544,76
2020-11-25,Yuba,115,75493,2086,1840,10,1850,10
2020-11-24,Alameda,001,1643700,30256,28030,350,28380,444
2020-11-24,Alpine,003,1148,52,41,0,41,0
2020-11-24,Amador,005,37829,556,470,1,471,16
2020-11-24,Butte,007,227075,4146,3798,204,4002,63
2020-11-24,Calaveras,009,45235,498,466,0,466,21
2020-11-24,Colusa,011,21464,754,682,4,686,6
2020-11-24,Contra Costa,013,1133247,24494,23072,163,23235,259
2020-11-24,Del Norte,015,27424,357,298,0,298,2
2020-11-24,El Dorado,017,186661,2707,2005,26,2031,4
2020-11-24,Fresno,019,978130,41971,37021,1375,38396,493
2020-11-24,Glenn,021,27897,985,883,40,923,4
2020-11-24,Humboldt,023,135768,903,774,2,776,9
2020-11-24,Imperial,025,180216,16394,15600,81,15681,355
2020-11-24,Inyo,027,18085,308,282,1,283,15
2020-11-24,Kern,029,883053,41317,38551,1203,39754,465
2020-11-24,Kings,031,150075,11388,10338,159,10497,85
2020-11-24,Lake,033,64148,986,872,0,872,18
2020-11-24,Lassen,035,31185,2172,1657,8,1665,0
2020-11-24,Los Angeles,037,10098052,395511,370008,6315,376323,7501
2020-11-24,Madera,039,155013,6488,5881,145,6026,57
2020-11-24,Marin,041,260295,7773,7591,27,7618,135
2020-11-24,Mariposa,043,17540,127,114,1,115,2
2020-11-24,Mendocino,045,87422,1513,1346,5,1351,22
2020-11-24,Merced,047,269075,11916,11268,103,11371,171
2020-11-24,Modoc,049,8938,119,91,22,113,0
2020-11-24,Mono,051,14174,533,483,8,491,2
2020-11-24,Monterey,053,433212,15520,14354,271,14625,113
2020-11-24,Napa,055,140530,3280,2904,15,2919,17
2020-11-24,Nevada,057,99092,1396,1156,30,1186,9
2020-11-24,Orange,059,3164182,79858,71975,2442,74417,1547
2020-11-24,Placer,061,380077,7362,6147,138,6285,67
2020-11-24,Plumas,063,18699,217,180,0,180,0
2020-11-24,Riverside,065,2383286,91949,83685,1770,85455,1420
2020-11-24,Sacramento,067,1510023,37621,35097,119,35216,568
2020-11-24,San Benito,069,59416,1863,1740,13,1753,15
2020-11-24,San Bernardino,071,2135413,96972,86645,1617,88262,1226
2020-11-24,San Diego,073,3302833,81893,74363,2980,77343,984
2020-11-24,San Francisco,075,870044,15598,14874,97,14971,153
2020-11-24,San Joaquin,077,732212,26820,25318,510,25828,517
2020-11-24,San Luis Obispo,079,281455,6346,5805,104,5909,34
2020-11-24,San Mateo,081,765935,14616,13558,11,13569,170
2020-11-24,Santa Barbara,083,443738,12062,11154,196,11350,138
2020-11-24,Santa Clara,085,1922200,35407,31564,71,31635,438
2020-11-24,Santa Cruz,087,273765,4631,4132,62,4194,25
2020-11-24,Shasta,089,179085,5417,4410,176,4586,43
2020-11-24,Sierra,091,2930,18,15,0,15,0
2020-11-24,Siskiyou,093,43540,646,473,31,504,1
2020-11-24,Solano,095,438530,10542,9716,72,9788,86
2020-11-24,Sonoma,097,501317,12460,11644,57,11701,162
2020-11-24,Stanislaus,099,539301,22088,20830,1430,22260,438
2020-11-24,Sutter,101,95872,3467,2974,11,2985,14
2020-11-24,Tehama,103,63373,1717,1565,27,1592,9
2020-11-24,Trinity,105,12862,224,129,17,146,0
2020-11-24,Tulare,107,460477,21572,20319,1437,21756,315
2020-11-24,Tuolumne,109,53932,1061,832,3,835,7
2020-11-24,Ventura,111,848112,20194,18637,657,19294,179
2020-11-24,Yolo,113,214977,4989,4420,17,4437,76
2020-11-24,Yuba,115,75493,2035,1804,8,1812,10
2020-11-23,Alameda,001,1643700,29843,27718,337,28055,444
2020-11-23,Alpine,003,1148,50,41,0,41,0
2020-11-23,Amador,005,37829,515,457,1,458,16
2020-11-23,Butte,007,227075,4082,3765,198,3963,61
2020-11-23,Calaveras,009,45235,481,434,0,434,21
2020-11-23,Colusa,011,21464,740,662,4,666,6
2020-11-23,Contra Costa,013,1133247,24223,22674,157,22831,260
2020-11-23,Del Norte,015,27424,335,296,0,296,2
2020-11-23,El Dorado,017,186661,2587,2005,25,2030,4
2020-11-23,Fresno,019,978130,41525,36688,1313,38001,488
2020-11-23,Glenn,021,27897,959,853,40,893,4
2020-11-23,Humboldt,023,135768,890,746,2,748,9
2020-11-23,Imperial,025,180216,16224,15104,75,15179,355
2020-11-23,Inyo,027,18085,301,279,1,280,15
2020-11-23,Kern,029,883053,40806,38245,1138,39383,463
2020-11-23,Kings,031,150075,10969,10204,151,10355,85
2020-11-23,Lake,033,64148,963,840,0,840,18
2020-11-23,Lassen,035,31185,2092,1271,7,1278,0
2020-11-23,Los Angeles,037,10098052,389429,366374,6057,372431,7447
2020-11-23,Madera,039,155013,6363,5787,140,5927,56
2020-11-23,Marin,041,260295,7731,7543,27,7570,135
2020-11-23,Mariposa,043,17540,126,97,1,98,2
2020-11-23,Mendocino,045,87422,1483,1330,5,1335,22
2020-11-23,Merced,047,269075,11728,11148,100,11248,169
2020-11-23,Modoc,049,8938,105,91,21,112,0
2020-11-23,Mono,051,14174,520,480,8,488,2
2020-11-23,Monterey,053,433212,15242,14265,264,14529,112
2020-11-23,Napa,055,140530,3214,2811,14,2825,17
2020-11-23,Nevada,057,99092,1307,1087,30,1117,9
2020-11-23,Orange,059,3164182,78455,71074,2394,73468,1546
2020-11-23,Placer,061,380077,7160,5999,137,6136,66
2020-11-23,Plumas,063,18699,213,172,0,172,0
2020-11-23,Riverside,065,2383286,90171,82175,1707,83882,1415
2020-11-23,Sacramento,067,1510023,37053,34141,112,34253,556
2020-11-23,San Benito,069,59416,1835,1729,12,1741,15
2020-11-23,San Bernardino,071,2135413,94867,84387,1553,85940,1224
2020-11-23,San Diego,073,3302833,80431,72817,2892,75709,968
2020-11-23,San Francisco,075,870044,15439,14646,95,14741,153
2020-11-23,San Joaquin,077,732212,26471,24622,506,25128,517
2020-11-23,San Luis Obispo,079,281455,6264,5772,102,5874,34
2020-11-23,San Mateo,081,765935,14424,13364,11,13375,170
2020-11-23,Santa Barbara,083,443738,11954,10944,192,11136,137
2020-11-23,Santa Clara,085,1922200,34757,31064,67,31131,435
2020-11-23,Santa Cruz,087,273765,4522,4003,57,4060,25
2020-11-23,Shasta,089,179085,5300,4100,163,4263,43
2020-11-23,Sierra,091,2930,17,15,0,15,0
2020-11-23,Siskiyou,093,43540,619,460,30,490,0
2020-11-23,Solano,095,438530,10385,9394,69,9463,86
2020-11-23,Sonoma,097,501317,12287,11507,53,11560,160
2020-11-23,Stanislaus,099,539301,21797,20487,1397,21884,436
2020-11-23,Sutter,101,95872,3329,2840,10,2850,14
2020-11-23,Tehama,103,63373,1669,1526,24,1550,9
2020-11-23,Trinity,105,12862,218,120,15,135,0
2020-11-23,Tulare,107,460477,21285,19818,1363,21181,315
2020-11-23,Tuolumne,109,53932,1021,774,3,777,7
2020-11-23,Ventura,111,848112,19819,18480,645,19125,179
2020-11-23,Yolo,113,214977,4909,4265,16,4281,75
2020-11-23,Yuba,115,75493,1968,1702,8,1710,10
2020-11-22,Alameda,001,1643700,29409,27472,325,27797,444
2020-11-22,Alpine,003,1148,47,41,0,41,0
2020-11-22,Amador,005,37829,503,450,1,451,16
2020-11-22,Butte,007,227075,4033,3712,188,3900,61
2020-11-22,Calaveras,009,45235,469,434,0,434,21
2020-11-22,Colusa,011,21464,722,642,3,645,6
2020-11-22,Contra Costa,013,1133247,23918,22407,152,22559,260
2020-11-22,Del Norte,015,27424,311,271,0,271,2
2020-11-22,El Dorado,017,186661,2477,1917,22,1939,4
2020-11-22,Fresno,019,978130,41044,36315,1255,37570,488
2020-11-22,Glenn,021,27897,939,832,34,866,4
2020-11-22,Humboldt,023,135768,874,729,2,731,9
2020-11-22,Imperial,025,180216,16019,15109,29,15138,355
2020-11-22,Inyo,027,18085,294,279,1,280,15
2020-11-22,Kern,029,883053,40229,37904,1101,39005,463
2020-11-22,Kings,031,150075,10868,10035,142,10177,85
2020-11-22,Lake,033,64148,941,834,0,834,18
2020-11-22,Lassen,035,31185,1927,1211,6,1217,0
2020-11-22,Los Angeles,037,10098052,383159,360341,5796,366137,7438
2020-11-22,Madera,039,155013,6283,5745,129,5874,56
2020-11-22,Marin,041,260295,7696,7506,26,7532,135
2020-11-22,Mariposa,043,17540,125,95,1,96,2
2020-11-22,Mendocino,045,87422,1459,1285,3,1288,22
2020-11-22,Merced,047,269075,11579,10939,100,11039,169
2020-11-22,Modoc,049,8938,104,87,19,106,0
2020-11-22,Mono,051,14174,505,481,8,489,2
2020-11-22,Monterey,053,433212,15001,13887,258,14145,111
2020-11-22,Napa,055,140530,3133,2778,14,2792,17
2020-11-22,Nevada,057,99092,1249,1052,30,1082,9
2020-11-22,Orange,059,3164182,77046,69913,2354,72267,1546
2020-11-22,Placer,061,380077,6938,5880,126,6006,66
2020-11-22,Plumas,063,18699,200,172,0,172,0
2020-11-22,Riverside,065,2383286,88584,81565,1643,83208,1409
2020-11-22,Sacramento,067,1510023,36322,33421,99,33520,555
2020-11-22,San Benito,069,59416,1806,1704,12,1716,15
2020-11-22,San Bernardino,071,2135413,92526,83505,1478,84983,1224
2020-11-22,San Diego,073,3302833,78695,71649,2817,74466,968
2020-11-22,San Francisco,075,870044,15268,14515,94,14609,153
2020-11-22,San Joaquin,077,732212,26175,24619,493,25112,517
2020-11-22,San Luis Obispo,079,281455,6162,5664,101,5765,34
2020-11-22,San Mateo,081,765935,14220,13228,11,13239,170
2020-11-22,Santa Barbara,083,443738,11819,10946,186,11132,137
2020-11-22,Santa Clara,085,1922200,34079,30633,65,30698,434
2020-11-22,Santa Cruz,087,273765,4440,3896,50,3946,25
2020-11-22,Shasta,089,179085,5143,4100,144,4244,43
2020-11-22,Sierra,091,2930,17,13,0,13,0
2020-11-22,Siskiyou,093,43540,587,411,30,441,0
2020-11-22,Solano,095,438530,10215,9363,65,9428,86
2020-11-22,Sonoma,097,501317,12129,11415,51,11466,159
2020-11-22,Stanislaus,099,539301,21473,20223,1363,21586,436
2020-11-22,Sutter,101,95872,3211,2677,10,2687,13
2020-11-22,Tehama,103,63373,1635,1457,19,1476,9
2020-11-22,Trinity,105,12862,213,114,15,129,0
2020-11-22,Tulare,107,460477,21037,19818,1290,21108,314
2020-11-22,Tuolumne,109,53932,995,689,3,692,7
2020-11-22,Ventura,111,848112,19458,18105,633,18738,179
2020-11-22,Yolo,113,214977,4809,4206,16,4222,75
2020-11-22,Yuba,115,75493,1915,1672,8,1680,10
2020-11-21,Alameda,001,1643700,29224,27424,323,27747,444
2020-11-21,Alpine,003,1148,47,41,0,41,0
2020-11-21,Amador,005,37829,489,450,1,451,16
2020-11-21,Butte,007,227075,3985,3664,185,3849,61
2020-11-21,Calaveras,009,45235,463,434,0,434,21
2020-11-21,Colusa,011,21464,713,642,3,645,6
2020-11-21,Contra Costa,013,1133247,23764,22338,150,22488,260
2020-11-21,Del Norte,015,27424,306,271,0,271,2
2020-11-21,El Dorado,017,186661,2428,1900,21,1921,4
2020-11-21,Fresno,019,978130,40789,35973,1222,37195,482
2020-11-21,Glenn,021,27897,934,829,32,861,4
2020-11-21,Humboldt,023,135768,864,728,2,730,9
2020-11-21,Imperial,025,180216,15942,15053,29,15082,355
2020-11-21,Inyo,027,18085,292,283,1,284,15
2020-11-21,Kern,029,883053,39979,37403,1063,38466,463
2020-11-21,Kings,031,150075,10820,10019,138,10157,85
2020-11-21,Lake,033,64148,928,832,0,832,18
2020-11-21,Lassen,035,31185,1859,1211,6,1217,0
2020-11-21,Los Angeles,037,10098052,379995,357754,5643,363397,7428
2020-11-21,Madera,039,155013,6246,5706,129,5835,56
2020-11-21,Marin,041,260295,7673,7488,25,7513,134
2020-11-21,Mariposa,043,17540,125,92,1,93,2
2020-11-21,Mendocino,045,87422,1428,1282,3,1285,22
2020-11-21,Merced,047,269075,11518,10849,99,10948,169
2020-11-21,Modoc,049,8938,100,87,18,105,0
2020-11-21,Mono,051,14174,500,469,8,477,2
2020-11-21,Monterey,053,433212,14903,13886,252,14138,110
2020-11-21,Napa,055,140530,3099,2757,14,2771,17
2020-11-21,Nevada,057,99092,1237,1018,29,1047,9
2020-11-21,Orange,059,3164182,76243,69021,2323,71344,1543
2020-11-21,Placer,061,380077,6827,5778,123,5901,65
2020-11-21,Plumas,063,18699,195,172,0,172,0
2020-11-21,Riverside,065,2383286,87812,80676,1594,82270,1407
2020-11-21,Sacramento,067,1510023,35927,33133,91,33224,548
2020-11-21,San Benito,069,59416,1787,1691,12,1703,15
2020-11-21,San Bernardino,071,2135413,91654,83206,1397,84603,1222
2020-11-21,San Diego,073,3302833,77916,70711,2762,73473,966
2020-11-21,San Francisco,075,870044,15165,14445,93,14538,153
2020-11-21,San Joaquin,077,732212,26043,24620,477,25097,517
2020-11-21,San Luis Obispo,079,281455,6110,5618,98,5716,34
2020-11-21,San Mateo,081,765935,14118,13138,11,13149,170
2020-11-21,Santa Barbara,083,443738,11768,10922,183,11105,137
2020-11-21,Santa Clara,085,1922200,33695,30377,62,30439,433
2020-11-21,Santa Cruz,087,273765,4384,3898,49,3947,25
2020-11-21,Shasta,089,179085,5070,4095,141,4236,42
2020-11-21,Sierra,091,2930,17,13,0,13,0
2020-11-21,Siskiyou,093,43540,571,403,30,433,0
2020-11-21,Solano,095,438530,10126,9290,61,9351,86
2020-11-21,Sonoma,097,501317,12054,11394,49,11443,158
2020-11-21,Stanislaus,099,539301,21330,20111,1338,21449,435
2020-11-21,Sutter,101,95872,3151,2615,9,2624,13
2020-11-21,Tehama,103,63373,1615,1435,18,1453,9
2020-11-21,Trinity,105,12862,210,110,14,124,0
2020-11-21,Tulare,107,460477,20911,19752,1256,21008,313
2020-11-21,Tuolumne,109,53932,976,690,3,693,7
2020-11-21,Ventura,111,848112,19295,18040,623,18663,177
2020-11-21,Yolo,113,214977,4733,4147,15,4162,75
2020-11-21,Yuba,115,75493,1883,1643,8,1651,10
2020-11-20,Alameda,001,1643700,29012,27221,315,27536,444
2020-11-20,Alpine,003,1148,47,20,0,20,0
2020-11-20,Amador,005,37829,485,446,1,447,16
2020-11-20,Butte,007,227075,3953,3618,181,3799,60
2020-11-20,Calaveras,009,45235,451,424,0,424,21
2020-11-20,Colusa,011,21464,705,631,2,633,6
2020-11-20,Contra Costa,013,1133247,23578,22116,145,22261,260
2020-11-20,Del Norte,015,27424,302,264,0,264,2
2020-11-20,El Dorado,017,186661,2332,1868,19,1887,4
2020-11-20,Fresno,019,978130,40498,35635,1189,36824,480
2020-11-20,Glenn,021,27897,922,826,30,856,4
2020-11-20,Humboldt,023,135768,855,714,1,715,9
2020-11-20,Imperial,025,180216,15880,14864,25,14889,353
2020-11-20,Inyo,027,18085,290,262,1,263,15
2020-11-20,Kern,029,883053,39687,37143,1037,38180,462
2020-11-20,Kings,031,150075,10773,9903,136,10039,85
2020-11-20,Lake,033,64148,919,820,0,820,18
2020-11-20,Lassen,035,31185,1774,1212,5,1217,0
2020-11-20,Los Angeles,037,10098052,376117,353554,5476,359030,7398
2020-11-20,Madera,039,155013,6154,5635,127,5762,54
2020-11-20,Marin,041,260295,7649,7467,24,7491,134
2020-11-20,Mariposa,043,17540,117,89,1,90,2
2020-11-20,Mendocino,045,87422,1408,1269,3,1272,22
2020-11-20,Merced,047,269075,11432,10729,99,10828,167
2020-11-20,Modoc,049,8938,100,83,18,101,0
2020-11-20,Mono,051,14174,498,469,8,477,2
2020-11-20,Monterey,053,433212,14778,13738,243,13981,110
2020-11-20,Napa,055,140530,3069,2718,14,2732,17
2020-11-20,Nevada,057,99092,1219,990,28,1018,9
2020-11-20,Orange,059,3164182,75411,68212,2283,70495,1532
2020-11-20,Placer,061,380077,6693,5687,107,5794,66
2020-11-20,Plumas,063,18699,193,163,0,163,0
2020-11-20,Riverside,065,2383286,86806,79613,1526,81139,1405
2020-11-20,Sacramento,067,1510023,35552,32832,81,32913,549
2020-11-20,San Benito,069,59416,1775,1668,12,1680,15
2020-11-20,San Bernardino,071,2135413,90291,81203,1313,82516,1220
2020-11-20,San Diego,073,3302833,76918,69233,2680,71913,960
2020-11-20,San Francisco,075,870044,15061,14327,92,14419,153
2020-11-20,San Joaquin,077,732212,25891,24460,463,24923,515
2020-11-20,San Luis Obispo,079,281455,6055,5524,95,5619,34
2020-11-20,San Mateo,081,765935,13985,12980,10,12990,169
2020-11-20,Santa Barbara,083,443738,11711,10825,177,11002,136
2020-11-20,Santa Clara,085,1922200,33273,30002,57,30059,431
2020-11-20,Santa Cruz,087,273765,4317,3815,49,3864,25
2020-11-20,Shasta,089,179085,4996,3861,136,3997,42
2020-11-20,Sierra,091,2930,17,12,0,12,0
2020-11-20,Siskiyou,093,43540,558,387,29,416,0
2020-11-20,Solano,095,438530,10035,9216,58,9274,85
2020-11-20,Sonoma,097,501317,11970,11316,48,11364,158
2020-11-20,Stanislaus,099,539301,21176,19889,1311,21200,433
2020-11-20,Sutter,101,95872,3101,2580,9,2589,13
2020-11-20,Tehama,103,63373,1601,1410,14,1424,9
2020-11-20,Trinity,105,12862,209,102,14,116,0
2020-11-20,Tulare,107,460477,20780,19568,1215,20783,311
2020-11-20,Tuolumne,109,53932,937,662,3,665,7
2020-11-20,Ventura,111,848112,19128,17741,595,18336,175
2020-11-20,Yolo,113,214977,4655,4081,14,4095,74
2020-11-20,Yuba,115,75493,1855,1611,8,1619,10
2020-11-19,Alameda,001,1643700,28667,26971,306,27277,441
2020-11-19,Alpine,003,1148,44,20,0,20,0
2020-11-19,Amador,005,37829,481,436,1,437,16
2020-11-19,Butte,007,227075,3904,3576,174,3750,60
2020-11-19,Calaveras,009,45235,441,417,0,417,21
2020-11-19,Colusa,011,21464,687,621,2,623,6
2020-11-19,Contra Costa,013,1133247,23307,21886,142,22028,259
2020-11-19,Del Norte,015,27424,294,251,0,251,2
2020-11-19,El Dorado,017,186661,2258,1825,18,1843,4
2020-11-19,Fresno,019,978130,40053,35278,1129,36407,478
2020-11-19,Glenn,021,27897,900,806,29,835,4
2020-11-19,Humboldt,023,135768,835,693,1,694,9
2020-11-19,Imperial,025,180216,15670,14507,25,14532,349
2020-11-19,Inyo,027,18085,288,262,1,263,15
2020-11-19,Kern,029,883053,39268,36779,993,37772,459
2020-11-19,Kings,031,150075,10626,9763,128,9891,85
2020-11-19,Lake,033,64148,905,809,0,809,18
2020-11-19,Lassen,035,31185,1657,1201,3,1204,0
2020-11-19,Los Angeles,037,10098052,371107,349493,5298,354791,7365
2020-11-19,Madera,039,155013,6082,5540,120,5660,54
2020-11-19,Marin,041,260295,7618,7451,24,7475,134
2020-11-19,Mariposa,043,17540,110,88,0,88,2
2020-11-19,Mendocino,045,87422,1387,1237,3,1240,23
2020-11-19,Merced,047,269075,11291,10634,93,10727,167
2020-11-19,Modoc,049,8938,97,82,18,100,0
2020-11-19,Mono,051,14174,490,468,8,476,2
2020-11-19,Monterey,053,433212,14563,13369,232,13601,108
2020-11-19,Napa,055,140530,3015,2641,14,2655,17
2020-11-19,Nevada,057,99092,1178,945,27,972,9
2020-11-19,Orange,059,3164182,74148,66998,2236,69234,1530
2020-11-19,Placer,061,380077,6503,5612,106,5718,65
2020-11-19,Plumas,063,18699,188,158,0,158,0
2020-11-19,Riverside,065,2383286,85336,78535,1454,79989,1402
2020-11-19,Sacramento,067,1510023,35039,32367,79,32446,546
2020-11-19,San Benito,069,59416,1752,1643,12,1655,15
2020-11-19,San Bernardino,071,2135413,88400,79244,1229,80473,1215
2020-11-19,San Diego,073,3302833,75670,68142,2576,70718,952
2020-11-19,San Francisco,075,870044,14904,14178,86,14264,153
2020-11-19,San Joaquin,077,732212,25572,24270,451,24721,516
2020-11-19,San Luis Obispo,079,281455,5978,5410,92,5502,34
2020-11-19,San Mateo,081,765935,13847,12714,10,12724,169
2020-11-19,Santa Barbara,083,443738,11631,10741,174,10915,136
2020-11-19,Santa Clara,085,1922200,32715,29630,56,29686,424
2020-11-19,Santa Cruz,087,273765,4226,3679,47,3726,25
2020-11-19,Shasta,089,179085,4859,3685,125,3810,42
2020-11-19,Sierra,091,2930,17,11,0,11,0
2020-11-19,Siskiyou,093,43540,533,360,28,388,0
2020-11-19,Solano,095,438530,9898,9093,54,9147,84
2020-11-19,Sonoma,097,501317,11800,11205,46,11251,156
2020-11-19,Stanislaus,099,539301,20935,19736,1269,21005,433
2020-11-19,Sutter,101,95872,3004,2509,9,2518,13
2020-11-19,Tehama,103,63373,1568,1373,11,1384,9
2020-11-19,Trinity,105,12862,203,97,14,111,0
2020-11-19,Tulare,107,460477,20559,19384,1148,20532,304
2020-11-19,Tuolumne,109,53932,905,602,3,605,7
2020-11-19,Ventura,111,848112,18775,17300,582,17882,174
2020-11-19,Yolo,113,214977,4560,3973,14,3987,72
2020-11-19,Yuba,115,75493,1815,1568,8,1576,10
2020-11-18,Alameda,001,1643700,28405,26610,301,26911,440
2020-11-18,Alpine,003,1148,43,16,0,16,0
2020-11-18,Amador,005,37829,476,430,1,431,16
2020-11-18,Butte,007,227075,3851,3537,161,3698,59
2020-11-18,Calaveras,009,45235,435,409,0,409,21
2020-11-18,Colusa,011,21464,674,611,2,613,6
2020-11-18,Contra Costa,013,1133247,23040,21685,138,21823,258
2020-11-18,Del Norte,015,27424,280,240,0,240,2
2020-11-18,El Dorado,017,186661,2171,1799,17,1816,4
2020-11-18,Fresno,019,978130,39616,34997,1075,36072,474
2020-11-18,Glenn,021,27897,884,803,27,830,4
2020-11-18,Humboldt,023,135768,821,690,1,691,9
2020-11-18,Imperial,025,180216,15448,14428,25,14453,348
2020-11-18,Inyo,027,18085,286,262,1,263,15
2020-11-18,Kern,029,883053,38882,36537,940,37477,456
2020-11-18,Kings,031,150075,10478,9696,125,9821,85
2020-11-18,Lake,033,64148,892,802,0,802,18
2020-11-18,Lassen,035,31185,1557,1124,3,1127,0
2020-11-18,Los Angeles,037,10098052,366246,344675,5106,349781,7338
2020-11-18,Madera,039,155013,5995,5519,108,5627,54
2020-11-18,Marin,041,260295,7594,7435,24,7459,134
2020-11-18,Mariposa,043,17540,107,88,0,88,2
2020-11-18,Mendocino,045,87422,1367,1237,3,1240,23
2020-11-18,Merced,047,269075,11176,10536,91,10627,166
2020-11-18,Modoc,049,8938,94,77,18,95,0
2020-11-18,Mono,051,14174,485,468,8,476,2
2020-11-18,Monterey,053,433212,14370,13340,217,13557,108
2020-11-18,Napa,055,140530,2968,2607,14,2621,17
2020-11-18,Nevada,057,99092,1139,933,25,958,9
2020-11-18,Orange,059,3164182,73052,66381,2211,68592,1521
2020-11-18,Placer,061,380077,6325,5543,101,5644,64
2020-11-18,Plumas,063,18699,183,143,0,143,0
2020-11-18,Riverside,065,2383286,83872,77739,1352,79091,1387
2020-11-18,Sacramento,067,1510023,34414,31816,71,31887,541
2020-11-18,San Benito,069,59416,1727,1632,11,1643,15
2020-11-18,San Bernardino,071,2135413,86644,77400,1146,78546,1206
2020-11-18,San Diego,073,3302833,74378,67243,2516,69759,945
2020-11-18,San Francisco,075,870044,14760,14057,84,14141,153
2020-11-18,San Joaquin,077,732212,25305,24146,436,24582,517
2020-11-18,San Luis Obispo,079,281455,5903,5322,91,5413,34
2020-11-18,San Mateo,081,765935,13694,12631,9,12640,169
2020-11-18,Santa Barbara,083,443738,11552,10684,167,10851,136
2020-11-18,Santa Clara,085,1922200,32250,29285,51,29336,421
2020-11-18,Santa Cruz,087,273765,4134,3618,45,3663,25
2020-11-18,Shasta,089,179085,4723,3547,121,3668,42
2020-11-18,Sierra,091,2930,17,11,0,11,0
2020-11-18,Siskiyou,093,43540,501,351,27,378,0
2020-11-18,Solano,095,438530,9766,8994,52,9046,84
2020-11-18,Sonoma,097,501317,11693,11129,43,11172,155
2020-11-18,Stanislaus,099,539301,20692,19609,1244,20853,431
2020-11-18,Sutter,101,95872,2886,2442,9,2451,13
2020-11-18,Tehama,103,63373,1529,1338,11,1349,8
2020-11-18,Trinity,105,12862,190,95,14,109,0
2020-11-18,Tulare,107,460477,20353,19286,1093,20379,306
2020-11-18,Tuolumne,109,53932,869,590,3,593,7
2020-11-18,Ventura,111,848112,18450,17169,567,17736,173
2020-11-18,Yolo,113,214977,4486,3929,14,3943,71
2020-11-18,Yuba,115,75493,1761,1540,8,1548,10
2020-11-17,Alameda,001,1643700,28081,26425,291,26716,439
2020-11-17,Alpine,003,1148,41,12,0,12,0
2020-11-17,Amador,005,37829,465,423,1,424,16
2020-11-17,Butte,007,227075,3808,3500,151,3651,59
2020-11-17,Calaveras,009,45235,420,405,0,405,21
2020-11-17,Colusa,011,21464,663,606,1,607,6
2020-11-17,Contra Costa,013,1133247,22767,21557,133,21690,256
2020-11-17,Del Norte,015,27424,275,233,0,233,2
2020-11-17,El Dorado,017,186661,2112,1758,17,1775,4
2020-11-17,Fresno,019,978130,39020,34765,1014,35779,472
2020-11-17,Glenn,021,27897,873,795,26,821,4
2020-11-17,Humboldt,023,135768,799,685,1,686,9
2020-11-17,Imperial,025,180216,15212,14204,24,14228,346
2020-11-17,Inyo,027,18085,285,263,1,264,15
2020-11-17,Kern,029,883053,38432,36164,886,37050,455
2020-11-17,Kings,031,150075,10405,9653,118,9771,85
2020-11-17,Lake,033,64148,872,792,0,792,18
2020-11-17,Lassen,035,31185,1478,1124,3,1127,0
2020-11-17,Los Angeles,037,10098052,361305,340933,4938,345871,7302
2020-11-17,Madera,039,155013,5906,5485,101,5586,54
2020-11-17,Marin,041,260295,7562,7404,23,7427,134
2020-11-17,Mariposa,043,17540,104,87,0,87,2
2020-11-17,Mendocino,045,87422,1346,1216,3,1219,23
2020-11-17,Merced,047,269075,11032,10457,85,10542,162
2020-11-17,Modoc,049,8938,88,71,17,88,0
2020-11-17,Mono,051,14174,480,459,8,467,2
2020-11-17,Monterey,053,433212,14142,13220,207,13427,108
2020-11-17,Napa,055,140530,2914,2568,14,2582,17
2020-11-17,Nevada,057,99092,1098,918,24,942,9
2020-11-17,Orange,059,3164182,71904,65757,2180,67937,1519
2020-11-17,Placer,061,380077,6163,5435,95,5530,63
2020-11-17,Plumas,063,18699,175,142,0,142,0
2020-11-17,Riverside,065,2383286,82495,77079,1259,78338,1379
2020-11-17,Sacramento,067,1510023,33814,31341,67,31408,538
2020-11-17,San Benito,069,59416,1712,1611,4,1615,15
2020-11-17,San Bernardino,071,2135413,84833,76134,1054,77188,1188
2020-11-17,San Diego,073,3302833,73126,66321,2460,68781,933
2020-11-17,San Francisco,075,870044,14594,13952,83,14035,153
2020-11-17,San Joaquin,077,732212,25033,23997,417,24414,516
2020-11-17,San Luis Obispo,079,281455,5807,5235,91,5326,34
2020-11-17,San Mateo,081,765935,13532,12491,8,12499,169
2020-11-17,Santa Barbara,083,443738,11465,10597,161,10758,136
2020-11-17,Santa Clara,085,1922200,31703,29013,50,29063,419
2020-11-17,Santa Cruz,087,273765,4050,3548,42,3590,25
2020-11-17,Shasta,089,179085,4563,3457,108,3565,40
2020-11-17,Sierra,091,2930,15,11,0,11,0
2020-11-17,Siskiyou,093,43540,453,333,26,359,0
2020-11-17,Solano,095,438530,9621,8905,51,8956,84
2020-11-17,Sonoma,097,501317,11559,11084,41,11125,155
2020-11-17,Stanislaus,099,539301,20469,19466,1215,20681,425
2020-11-17,Sutter,101,95872,2803,2370,8,2378,12
2020-11-17,Tehama,103,63373,1479,1290,11,1301,7
2020-11-17,Trinity,105,12862,174,83,14,97,0
2020-11-17,Tulare,107,460477,20135,19176,1027,20203,305
2020-11-17,Tuolumne,109,53932,831,568,3,571,7
2020-11-17,Ventura,111,848112,18177,16797,548,17345,173
2020-11-17,Yolo,113,214977,4310,3887,13,3900,70
2020-11-17,Yuba,115,75493,1713,1519,8,1527,10
2020-11-16,Alameda,001,1643700,27734,26063,286,26349,436
2020-11-16,Alpine,003,1148,38,12,0,12,0
2020-11-16,Amador,005,37829,457,414,1,415,16
2020-11-16,Butte,007,227075,3769,3490,142,3632,58
2020-11-16,Calaveras,009,45235,413,402,0,402,21
2020-11-16,Colusa,011,21464,654,601,1,602,6
2020-11-16,Contra Costa,013,1133247,22500,21386,128,21514,256
2020-11-16,Del Norte,015,27424,268,225,0,225,2
2020-11-16,El Dorado,017,186661,2051,1694,15,1709,4
2020-11-16,Fresno,019,978130,38534,34593,956,35549,471
2020-11-16,Glenn,021,27897,861,786,25,811,4
2020-11-16,Humboldt,023,135768,782,660,1,661,9
2020-11-16,Imperial,025,180216,14965,14111,24,14135,346
2020-11-16,Inyo,027,18085,282,263,1,264,15
2020-11-16,Kern,029,883053,38040,36049,842,36891,455
2020-11-16,Kings,031,150075,10139,9569,114,9683,85
2020-11-16,Lake,033,64148,860,784,0,784,18
2020-11-16,Lassen,035,31185,1297,1124,3,1127,0
2020-11-16,Los Angeles,037,10098052,356577,338778,4748,343526,7277
2020-11-16,Madera,039,155013,5820,5433,94,5527,54
2020-11-16,Marin,041,260295,7533,7359,23,7382,134
2020-11-16,Mariposa,043,17540,101,86,0,86,2
2020-11-16,Mendocino,045,87422,1321,1209,3,1212,23
2020-11-16,Merced,047,269075,10894,10399,82,10481,162
2020-11-16,Modoc,049,8938,86,71,17,88,0
2020-11-16,Mono,051,14174,478,453,8,461,2
2020-11-16,Monterey,053,433212,13899,13089,194,13283,107
2020-11-16,Napa,055,140530,2838,2536,14,2550,17
2020-11-16,Nevada,057,99092,1055,889,22,911,9
2020-11-16,Orange,059,3164182,70807,65396,2165,67561,1519
2020-11-16,Placer,061,380077,6044,5387,86,5473,63
2020-11-16,Plumas,063,18699,168,127,0,127,0
2020-11-16,Riverside,065,2383286,81126,76449,1191,77640,1379
2020-11-16,Sacramento,067,1510023,33176,30954,60,31014,534
2020-11-16,San Benito,069,59416,1694,1603,3,1606,15
2020-11-16,San Bernardino,071,2135413,83009,74401,982,75383,1186
2020-11-16,San Diego,073,3302833,71818,65603,2388,67991,926
2020-11-16,San Francisco,075,870044,14435,13847,80,13927,153
2020-11-16,San Joaquin,077,732212,24746,23515,407,23922,513
2020-11-16,San Luis Obispo,079,281455,5703,5161,86,5247,34
2020-11-16,San Mateo,081,765935,13372,12398,8,12406,169
2020-11-16,Santa Barbara,083,443738,11401,10565,157,10722,135
2020-11-16,Santa Clara,085,1922200,31138,28673,48,28721,419
2020-11-16,Santa Cruz,087,273765,3977,3520,42,3562,25
2020-11-16,Shasta,089,179085,4413,3284,103,3387,37
2020-11-16,Sierra,091,2930,15,11,0,11,0
2020-11-16,Siskiyou,093,43540,426,294,26,320,0
2020-11-16,Solano,095,438530,9422,8827,51,8878,84
2020-11-16,Sonoma,097,501317,11468,10961,40,11001,155
2020-11-16,Stanislaus,099,539301,20233,19333,1187,20520,425
2020-11-16,Sutter,101,95872,2697,2322,8,2330,12
2020-11-16,Tehama,103,63373,1434,1261,7,1268,7
2020-11-16,Trinity,105,12862,165,67,14,81,0
2020-11-16,Tulare,107,460477,19959,18891,970,19861,305
2020-11-16,Tuolumne,109,53932,795,543,3,546,7
2020-11-16,Ventura,111,848112,17839,16691,540,17231,172
2020-11-16,Yolo,113,214977,4214,3858,13,3871,70
2020-11-16,Yuba,115,75493,1677,1500,7,1507,10
2020-11-15,Alameda,001,1643700,27414,25879,280,26159,436
2020-11-15,Alpine,003,1148,36,12,0,12,0
2020-11-15,Amador,005,37829,445,409,1,410,16
2020-11-15,Butte,007,227075,3716,3452,132,3584,58
2020-11-15,Calaveras,009,45235,400,386,0,386,21
2020-11-15,Colusa,011,21464,645,601,1,602,6
2020-11-15,Contra Costa,013,1133247,22201,21179,127,21306,256
2020-11-15,Del Norte,015,27424,252,224,0,224,2
2020-11-15,El Dorado,017,186661,1989,1683,14,1697,4
2020-11-15,Fresno,019,978130,38026,34297,916,35213,471
2020-11-15,Glenn,021,27897,849,783,24,807,4
2020-11-15,Humboldt,023,135768,754,653,1,654,9
2020-11-15,Imperial,025,180216,14728,13940,24,13964,346
2020-11-15,Inyo,027,18085,272,263,1,264,15
2020-11-15,Kern,029,883053,37637,35911,805,36716,455
2020-11-15,Kings,031,150075,9946,9533,110,9643,85
2020-11-15,Lake,033,64148,851,777,0,777,17
2020-11-15,Lassen,035,31185,1250,1124,3,1127,0
2020-11-15,Los Angeles,037,10098052,351546,336035,4567,340602,7271
2020-11-15,Madera,039,155013,5723,5391,88,5479,54
2020-11-15,Marin,041,260295,7507,7347,23,7370,133
2020-11-15,Mariposa,043,17540,98,86,0,86,2
2020-11-15,Mendocino,045,87422,1302,1197,3,1200,22
2020-11-15,Merced,047,269075,10760,10350,82,10432,162
2020-11-15,Modoc,049,8938,85,68,17,85,0
2020-11-15,Mono,051,14174,476,453,8,461,2
2020-11-15,Monterey,053,433212,13702,12999,181,13180,107
2020-11-15,Napa,055,140530,2779,2509,12,2521,17
2020-11-15,Nevada,057,99092,1000,859,22,881,9
2020-11-15,Orange,059,3164182,69768,65008,2146,67154,1519
2020-11-15,Placer,061,380077,5889,5330,78,5408,63
2020-11-15,Plumas,063,18699,162,127,0,127,0
2020-11-15,Riverside,065,2383286,79807,75531,1130,76661,1374
2020-11-15,Sacramento,067,1510023,32550,30601,56,30657,534
2020-11-15,San Benito,069,59416,1669,1589,2,1591,15
2020-11-15,San Bernardino,071,2135413,80865,73769,901,74670,1185
2020-11-15,San Diego,073,3302833,70319,64770,2331,67101,926
2020-11-15,San Francisco,075,870044,14258,13757,79,13836,153
2020-11-15,San Joaquin,077,732212,24537,23516,391,23907,513
2020-11-15,San Luis Obispo,079,281455,5580,5120,83,5203,34
2020-11-15,San Mateo,081,765935,13195,12348,8,12356,169
2020-11-15,Santa Barbara,083,443738,11306,10516,155,10671,135
2020-11-15,Santa Clara,085,1922200,30684,28289,47,28336,418
2020-11-15,Santa Cruz,087,273765,3839,3439,41,3480,25
2020-11-15,Shasta,089,179085,4239,3290,94,3384,37
2020-11-15,Sierra,091,2930,15,11,0,11,0
2020-11-15,Siskiyou,093,43540,407,294,26,320,0
2020-11-15,Solano,095,438530,9261,8713,48,8761,84
2020-11-15,Sonoma,097,501317,11348,10833,39,10872,154
2020-11-15,Stanislaus,099,539301,19962,19228,1160,20388,425
2020-11-15,Sutter,101,95872,2608,2230,8,2238,12
2020-11-15,Tehama,103,63373,1383,1222,6,1228,7
2020-11-15,Trinity,105,12862,156,67,12,79,0
2020-11-15,Tulare,107,460477,19742,18891,915,19806,305
2020-11-15,Tuolumne,109,53932,754,486,3,489,7
2020-11-15,Ventura,111,848112,17565,16564,532,17096,172
2020-11-15,Yolo,113,214977,4111,3819,12,3831,67
2020-11-15,Yuba,115,75493,1636,1470,6,1476,10
2020-11-14,Alameda,001,1643700,27148,25714,277,25991,435
2020-11-14,Alpine,003,1148,36,12,0,12,0
2020-11-14,Amador,005,37829,436,404,0,404,16
2020-11-14,Butte,007,227075,3680,3434,118,3552,58
2020-11-14,Calaveras,009,45235,399,386,0,386,21
2020-11-14,Colusa,011,21464,633,601,1,602,6
2020-11-14,Contra Costa,013,1133247,22062,20975,120,21095,256
2020-11-14,Del Norte,015,27424,246,219,0,219,2
2020-11-14,El Dorado,017,186661,1945,1648,14,1662,4
2020-11-14,Fresno,019,978130,37776,33969,881,34850,471
2020-11-14,Glenn,021,27897,840,772,21,793,3
2020-11-14,Humboldt,023,135768,739,643,1,644,9
2020-11-14,Imperial,025,180216,14635,13932,23,13955,346
2020-11-14,Inyo,027,18085,271,263,1,264,15
2020-11-14,Kern,029,883053,37427,35626,786,36412,454
2020-11-14,Kings,031,150075,9911,9490,107,9597,85
2020-11-14,Lake,033,64148,842,773,0,773,17
2020-11-14,Lassen,035,31185,1236,833,3,836,0
2020-11-14,Los Angeles,037,10098052,348844,333021,4454,337475,7269
2020-11-14,Madera,039,155013,5693,5371,86,5457,54
2020-11-14,Marin,041,260295,7491,7325,23,7348,133
2020-11-14,Mariposa,043,17540,97,86,0,86,2
2020-11-14,Mendocino,045,87422,1286,1181,3,1184,22
2020-11-14,Merced,047,269075,10704,10286,80,10366,161
2020-11-14,Modoc,049,8938,84,64,16,80,0
2020-11-14,Mono,051,14174,476,453,8,461,2
2020-11-14,Monterey,053,433212,13606,12854,171,13025,105
2020-11-14,Napa,055,140530,2745,2473,12,2485,17
2020-11-14,Nevada,057,99092,984,835,22,857,9
2020-11-14,Orange,059,3164182,69148,64340,2133,66473,1517
2020-11-14,Placer,061,380077,5812,5215,72,5287,63
2020-11-14,Plumas,063,18699,157,128,0,128,0
2020-11-14,Riverside,065,2383286,79069,74910,1088,75998,1373
2020-11-14,Sacramento,067,1510023,32225,30298,55,30353,532
2020-11-14,San Benito,069,59416,1654,1573,2,1575,15
2020-11-14,San Bernardino,071,2135413,79933,72868,868,73736,1184
2020-11-14,San Diego,073,3302833,69554,63715,2279,65994,926
2020-11-14,San Francisco,075,870044,14171,13661,78,13739,153
2020-11-14,San Joaquin,077,732212,24446,23516,383,23899,511
2020-11-14,San Luis Obispo,079,281455,5517,5073,77,5150,34
2020-11-14,San Mateo,081,765935,13087,12293,8,12301,169
2020-11-14,Santa Barbara,083,443738,11252,10482,153,10635,135
2020-11-14,Santa Clara,085,1922200,30400,27962,45,28007,416
2020-11-14,Santa Cruz,087,273765,3784,3402,41,3443,25
2020-11-14,Shasta,089,179085,4154,3195,92,3287,37
2020-11-14,Sierra,091,2930,15,11,0,11,0
2020-11-14,Siskiyou,093,43540,394,292,26,318,0
2020-11-14,Solano,095,438530,9180,8655,47,8702,84
2020-11-14,Sonoma,097,501317,11295,10769,39,10808,154
2020-11-14,Stanislaus,099,539301,19820,19068,1138,20206,424
2020-11-14,Sutter,101,95872,2564,2182,8,2190,12
2020-11-14,Tehama,103,63373,1362,1206,5,1211,7
2020-11-14,Trinity,105,12862,151,67,12,79,0
2020-11-14,Tulare,107,460477,19648,18853,886,19739,305
2020-11-14,Tuolumne,109,53932,726,448,3,451,7
2020-11-14,Ventura,111,848112,17420,16297,520,16817,172
2020-11-14,Yolo,113,214977,4070,3765,10,3775,65
2020-11-14,Yuba,115,75493,1607,1453,6,1459,10
2020-11-13,Alameda,001,1643700,26932,25515,272,25787,434
2020-11-13,Alpine,003,1148,36,12,0,12,0
2020-11-13,Amador,005,37829,433,397,0,397,16
2020-11-13,Butte,007,227075,3656,3402,109,3511,58
2020-11-13,Calaveras,009,45235,395,378,0,378,21
2020-11-13,Colusa,011,21464,625,598,1,599,6
2020-11-13,Contra Costa,013,1133247,21890,20799,120,20919,256
2020-11-13,Del Norte,015,27424,244,208,0,208,2
2020-11-13,El Dorado,017,186661,1900,1611,13,1624,4
2020-11-13,Fresno,019,978130,37529,33693,867,34560,470
2020-11-13,Glenn,021,27897,826,755,17,772,3
2020-11-13,Humboldt,023,135768,724,638,1,639,9
2020-11-13,Imperial,025,180216,14565,13790,22,13812,341
2020-11-13,Inyo,027,18085,270,262,1,263,15
2020-11-13,Kern,029,883053,37225,35431,769,36200,453
2020-11-13,Kings,031,150075,9852,9428,106,9534,85
2020-11-13,Lake,033,64148,836,770,0,770,17
2020-11-13,Lassen,035,31185,1227,832,3,835,0
2020-11-13,Los Angeles,037,10098052,345724,329364,4340,333704,7248
2020-11-13,Madera,039,155013,5653,5340,85,5425,54
2020-11-13,Marin,041,260295,7478,7307,22,7329,133
2020-11-13,Mariposa,043,17540,95,86,0,86,2
2020-11-13,Mendocino,045,87422,1274,1173,3,1176,22
2020-11-13,Merced,047,269075,10649,10185,77,10262,159
2020-11-13,Modoc,049,8938,84,63,14,77,0
2020-11-13,Mono,051,14174,476,448,7,455,2
2020-11-13,Monterey,053,433212,13411,12681,159,12840,104
2020-11-13,Napa,055,140530,2706,2440,12,2452,17
2020-11-13,Nevada,057,99092,965,798,22,820,9
2020-11-13,Orange,059,3164182,68548,63804,2113,65917,1514
2020-11-13,Placer,061,380077,5707,5122,66,5188,63
2020-11-13,Plumas,063,18699,151,125,0,125,0
2020-11-13,Riverside,065,2383286,78332,74138,1059,75197,1372
2020-11-13,Sacramento,067,1510023,31907,29787,50,29837,524
2020-11-13,San Benito,069,59416,1642,1553,1,1554,15
2020-11-13,San Bernardino,071,2135413,78887,71895,846,72741,1184
2020-11-13,San Diego,073,3302833,68707,62978,2241,65219,921
2020-11-13,San Francisco,075,870044,14078,13516,76,13592,146
2020-11-13,San Joaquin,077,732212,24351,23314,376,23690,510
2020-11-13,San Luis Obispo,079,281455,5450,4960,74,5034,34
2020-11-13,San Mateo,081,765935,12994,12182,8,12190,169
2020-11-13,Santa Barbara,083,443738,11200,10405,151,10556,134
2020-11-13,Santa Clara,085,1922200,30073,27609,43,27652,415
2020-11-13,Santa Cruz,087,273765,3711,3343,41,3384,25
2020-11-13,Shasta,089,179085,4069,2983,88,3071,37
2020-11-13,Sierra,091,2930,15,11,0,11,0
2020-11-13,Siskiyou,093,43540,389,280,25,305,0
2020-11-13,Solano,095,438530,9089,8525,47,8572,84
2020-11-13,Sonoma,097,501317,11234,10685,37,10722,151
2020-11-13,Stanislaus,099,539301,19697,18936,1108,20044,422
2020-11-13,Sutter,101,95872,2518,2121,7,2128,12
2020-11-13,Tehama,103,63373,1334,1167,5,1172,7
2020-11-13,Trinity,105,12862,149,64,12,76,0
2020-11-13,Tulare,107,460477,19526,18714,843,19557,305
2020-11-13,Tuolumne,109,53932,693,427,3,430,7
2020-11-13,Ventura,111,848112,17275,16172,505,16677,171
2020-11-13,Yolo,113,214977,4019,3716,10,3726,65
2020-11-13,Yuba,115,75493,1580,1435,6,1441,10
2020-11-12,Alameda,001,1643700,26665,25345,272,25617,432
2020-11-12,Alpine,003,1148,35,12,0,12,0
2020-11-12,Amador,005,37829,432,392,0,392,16
2020-11-12,Butte,007,227075,3607,3347,106,3453,58
2020-11-12,Calaveras,009,45235,390,373,0,373,21
2020-11-12,Colusa,011,21464,620,591,1,592,6
2020-11-12,Contra Costa,013,1133247,21682,20619,118,20737,255
2020-11-12,Del Norte,015,27424,237,203,0,203,2
2020-11-12,El Dorado,017,186661,1854,1573,9,1582,4
2020-11-12,Fresno,019,978130,37184,33459,824,34283,468
2020-11-12,Glenn,021,27897,807,727,17,744,3
2020-11-12,Humboldt,023,135768,711,625,1,626,9
2020-11-12,Imperial,025,180216,14400,13619,22,13641,341
2020-11-12,Inyo,027,18085,269,255,1,256,15
2020-11-12,Kern,029,883053,36961,35207,753,35960,451
2020-11-12,Kings,031,150075,9786,9335,104,9439,85
2020-11-12,Lake,033,64148,827,764,0,764,17
2020-11-12,Lassen,035,31185,1158,832,2,834,0
2020-11-12,Los Angeles,037,10098052,341987,327001,4237,331238,7223
2020-11-12,Madera,039,155013,5618,5273,80,5353,54
2020-11-12,Marin,041,260295,7449,7268,22,7290,133
2020-11-12,Mariposa,043,17540,93,84,0,84,2
2020-11-12,Mendocino,045,87422,1255,1142,3,1145,22
2020-11-12,Merced,047,269075,10535,10107,74,10181,158
2020-11-12,Modoc,049,8938,84,63,14,77,0
2020-11-12,Mono,051,14174,475,442,7,449,2
2020-11-12,Monterey,053,433212,13290,12489,145,12634,100
2020-11-12,Napa,055,140530,2644,2398,12,2410,16
2020-11-12,Nevada,057,99092,942,780,21,801,9
2020-11-12,Orange,059,3164182,67803,63232,2093,65325,1514
2020-11-12,Placer,061,380077,5597,5044,56,5100,62
2020-11-12,Plumas,063,18699,147,121,0,121,0
2020-11-12,Riverside,065,2383286,77406,73381,1014,74395,1362
2020-11-12,Sacramento,067,1510023,31416,29459,43,29502,520
2020-11-12,San Benito,069,59416,1622,1525,1,1526,15
2020-11-12,San Bernardino,071,2135413,77522,70758,807,71565,1183
2020-11-12,San Diego,073,3302833,67728,62336,2190,64526,918
2020-11-12,San Francisco,075,870044,13979,13289,75,13364,146
2020-11-12,San Joaquin,077,732212,24157,23002,355,23357,509
2020-11-12,San Luis Obispo,079,281455,5386,4898,73,4971,33
2020-11-12,San Mateo,081,765935,12871,12086,7,12093,169
2020-11-12,Santa Barbara,083,443738,11138,10325,145,10470,134
2020-11-12,Santa Clara,085,1922200,29697,27261,42,27303,414
2020-11-12,Santa Cruz,087,273765,3628,3317,39,3356,25
2020-11-12,Shasta,089,179085,3931,2825,77,2902,37
2020-11-12,Sierra,091,2930,15,11,0,11,0
2020-11-12,Siskiyou,093,43540,372,275,20,295,0
2020-11-12,Solano,095,438530,8989,8417,46,8463,85
2020-11-12,Sonoma,097,501317,11132,10602,36,10638,151
2020-11-12,Stanislaus,099,539301,19531,18787,1077,19864,422
2020-11-12,Sutter,101,95872,2434,2075,7,2082,12
2020-11-12,Tehama,103,63373,1307,1117,5,1122,7
2020-11-12,Trinity,105,12862,141,62,12,74,0
2020-11-12,Tulare,107,460477,19414,18545,806,19351,305
2020-11-12,Tuolumne,109,53932,654,353,3,356,7
2020-11-12,Ventura,111,848112,17026,16013,498,16511,158
2020-11-12,Yolo,113,214977,3975,3646,10,3656,63
2020-11-12,Yuba,115,75493,1545,1410,6,1416,10
2020-11-11,Alameda,001,1643700,26423,25140,270,25410,429
2020-11-11,Alpine,003,1148,30,12,0,12,0
2020-11-11,Amador,005,37829,425,389,0,389,16
2020-11-11,Butte,007,227075,3582,3348,92,3440,58
2020-11-11,Calaveras,009,45235,380,373,0,373,21
2020-11-11,Colusa,011,21464,614,591,1,592,6
2020-11-11,Contra Costa,013,1133247,21463,20452,116,20568,255
2020-11-11,Del Norte,015,27424,230,203,0,203,2
2020-11-11,El Dorado,017,186661,1808,1564,8,1572,4
2020-11-11,Fresno,019,978130,36865,33287,790,34077,468
2020-11-11,Glenn,021,27897,791,722,16,738,3
2020-11-11,Humboldt,023,135768,697,623,1,624,9
2020-11-11,Imperial,025,180216,14229,13623,20,13643,340
2020-11-11,Inyo,027,18085,267,255,1,256,15
2020-11-11,Kern,029,883053,36688,35014,735,35749,449
2020-11-11,Kings,031,150075,9680,9263,101,9364,85
2020-11-11,Lake,033,64148,817,763,0,763,17
2020-11-11,Lassen,035,31185,1133,831,2,833,0
2020-11-11,Los Angeles,037,10098052,338630,324567,4144,328711,7220
2020-11-11,Madera,039,155013,5584,5248,77,5325,54
2020-11-11,Marin,041,260295,7426,7268,22,7290,133
2020-11-11,Mariposa,043,17540,93,84,0,84,2
2020-11-11,Mendocino,045,87422,1243,1142,3,1145,22
2020-11-11,Merced,047,269075,10464,10074,72,10146,157
2020-11-11,Modoc,049,8938,80,62,13,75,0
2020-11-11,Mono,051,14174,473,443,7,450,2
2020-11-11,Monterey,053,433212,13148,12417,141,12558,100
2020-11-11,Napa,055,140530,2595,2365,9,2374,15
2020-11-11,Nevada,057,99092,900,741,21,762,9
2020-11-11,Orange,059,3164182,67166,62929,2070,64999,1506
2020-11-11,Placer,061,380077,5513,4981,48,5029,60
2020-11-11,Plumas,063,18699,145,111,0,111,0
2020-11-11,Riverside,065,2383286,76505,72953,964,73917,1361
2020-11-11,Sacramento,067,1510023,30959,28968,41,29009,520
2020-11-11,San Benito,069,59416,1608,1512,1,1513,15
2020-11-11,San Bernardino,071,2135413,76238,70374,778,71152,1182
2020-11-11,San Diego,073,3302833,66793,61746,2129,63875,918
2020-11-11,San Francisco,075,870044,13871,13287,73,13360,146
2020-11-11,San Joaquin,077,732212,23998,23001,349,23350,509
2020-11-11,San Luis Obispo,079,281455,5311,4832,70,4902,33
2020-11-11,San Mateo,081,765935,12756,12008,7,12015,169
2020-11-11,Santa Barbara,083,443738,11073,10278,145,10423,134
2020-11-11,Santa Clara,085,1922200,29344,27075,41,27116,413
2020-11-11,Santa Cruz,087,273765,3560,3247,39,3286,25
2020-11-11,Shasta,089,179085,3808,2766,67,2833,36
2020-11-11,Sierra,091,2930,13,11,0,11,0
2020-11-11,Siskiyou,093,43540,341,261,17,278,0
2020-11-11,Solano,095,438530,8872,8353,43,8396,85
2020-11-11,Sonoma,097,501317,11058,10498,36,10534,150
2020-11-11,Stanislaus,099,539301,19394,18671,1045,19716,422
2020-11-11,Sutter,101,95872,2386,2049,6,2055,12
2020-11-11,Tehama,103,63373,1265,1105,4,1109,7
2020-11-11,Trinity,105,12862,131,62,12,74,0
2020-11-11,Tulare,107,460477,19284,18500,775,19275,305
2020-11-11,Tuolumne,109,53932,598,354,3,357,7
2020-11-11,Ventura,111,848112,16811,15801,484,16285,158
2020-11-11,Yolo,113,214977,3924,3606,10,3616,63
2020-11-11,Yuba,115,75493,1530,1400,6,1406,10
2020-11-10,Alameda,001,1643700,26193,25008,267,25275,424
2020-11-10,Alpine,003,1148,30,9,0,9,0
2020-11-10,Amador,005,37829,419,384,0,384,16
2020-11-10,Butte,007,227075,3546,3327,88,3415,58
2020-11-10,Calaveras,009,45235,375,367,0,367,21
2020-11-10,Colusa,011,21464,606,590,1,591,6
2020-11-10,Contra Costa,013,1133247,21257,20326,113,20439,255
2020-11-10,Del Norte,015,27424,224,196,0,196,2
2020-11-10,El Dorado,017,186661,1747,1551,8,1559,4
2020-11-10,Fresno,019,978130,36597,33024,752,33776,465
2020-11-10,Glenn,021,27897,783,719,12,731,3
2020-11-10,Humboldt,023,135768,680,610,1,611,9
2020-11-10,Imperial,025,180216,14099,13570,20,13590,338
2020-11-10,Inyo,027,18085,266,252,1,253,14
2020-11-10,Kern,029,883053,36411,34858,716,35574,448
2020-11-10,Kings,031,150075,9633,9236,94,9330,85
2020-11-10,Lake,033,64148,807,762,0,762,16
2020-11-10,Lassen,035,31185,1118,830,2,832,0
2020-11-10,Los Angeles,037,10098052,335385,322569,4024,326593,7205
2020-11-10,Madera,039,155013,5542,5229,71,5300,54
2020-11-10,Marin,041,260295,7407,7259,22,7281,133
2020-11-10,Mariposa,043,17540,91,84,0,84,2
2020-11-10,Mendocino,045,87422,1235,1137,3,1140,22
2020-11-10,Merced,047,269075,10402,9992,66,10058,157
2020-11-10,Modoc,049,8938,78,61,13,74,0
2020-11-10,Mono,051,14174,471,443,7,450,2
2020-11-10,Monterey,053,433212,13010,12335,133,12468,100
2020-11-10,Napa,055,140530,2557,2341,7,2348,15
2020-11-10,Nevada,057,99092,884,734,21,755,9
2020-11-10,Orange,059,3164182,66617,62597,2059,64656,1504
2020-11-10,Placer,061,380077,5434,4902,47,4949,60
2020-11-10,Plumas,063,18699,141,108,0,108,0
2020-11-10,Riverside,065,2383286,75864,72316,937,73253,1359
2020-11-10,Sacramento,067,1510023,30551,28677,38,28715,519
2020-11-10,San Benito,069,59416,1593,1508,1,1509,15
2020-11-10,San Bernardino,071,2135413,75069,69666,743,70409,1182
2020-11-10,San Diego,073,3302833,65902,61085,2092,63177,915
2020-11-10,San Francisco,075,870044,13754,13210,73,13283,146
2020-11-10,San Joaquin,077,732212,23834,22865,342,23207,508
2020-11-10,San Luis Obispo,079,281455,5249,4780,66,4846,33
2020-11-10,San Mateo,081,765935,12655,11939,7,11946,169
2020-11-10,Santa Barbara,083,443738,11006,10252,141,10393,134
2020-11-10,Santa Clara,085,1922200,29002,26917,39,26956,409
2020-11-10,Santa Cruz,087,273765,3496,3221,39,3260,25
2020-11-10,Shasta,089,179085,3666,2686,59,2745,36
2020-11-10,Sierra,091,2930,12,10,0,10,0
2020-11-10,Siskiyou,093,43540,325,263,16,279,0
2020-11-10,Solano,095,438530,8774,8299,43,8342,85
2020-11-10,Sonoma,097,501317,10971,10414,36,10450,150
2020-11-10,Stanislaus,099,539301,19260,18592,1021,19613,420
2020-11-10,Sutter,101,95872,2291,2035,5,2040,12
2020-11-10,Tehama,103,63373,1239,1099,3,1102,7
2020-11-10,Trinity,105,12862,122,62,11,73,0
2020-11-10,Tulare,107,460477,19170,18430,751,19181,305
2020-11-10,Tuolumne,109,53932,550,353,3,356,7
2020-11-10,Ventura,111,848112,16628,15625,482,16107,158
2020-11-10,Yolo,113,214977,3863,3573,10,3583,63
2020-11-10,Yuba,115,75493,1507,1392,6,1398,10
2020-11-09,Alameda,001,1643700,25944,24899,263,25162,424
2020-11-09,Alpine,003,1148,28,6,0,6,0
2020-11-09,Amador,005,37829,410,380,0,380,16
2020-11-09,Butte,007,227075,3501,3301,79,3380,57
2020-11-09,Calaveras,009,45235,371,360,0,360,21
2020-11-09,Colusa,011,21464,600,583,1,584,6
2020-11-09,Contra Costa,013,1133247,21084,20193,111,20304,255
2020-11-09,Del Norte,015,27424,218,195,0,195,2
2020-11-09,El Dorado,017,186661,1706,1515,8,1523,4
2020-11-09,Fresno,019,978130,36288,32755,708,33463,465
2020-11-09,Glenn,021,27897,777,714,9,723,3
2020-11-09,Humboldt,023,135768,667,607,1,608,9
2020-11-09,Imperial,025,180216,13982,13508,19,13527,338
2020-11-09,Inyo,027,18085,266,252,1,253,14
2020-11-09,Kern,029,883053,36183,34764,677,35441,448
2020-11-09,Kings,031,150075,9563,9141,92,9233,84
2020-11-09,Lake,033,64148,798,755,0,755,16
2020-11-09,Lassen,035,31185,1022,799,2,801,0
2020-11-09,Los Angeles,037,10098052,332291,320370,3945,324315,7180
2020-11-09,Madera,039,155013,5496,5209,68,5277,54
2020-11-09,Marin,041,260295,7381,7237,21,7258,131
2020-11-09,Mariposa,043,17540,91,84,0,84,2
2020-11-09,Mendocino,045,87422,1223,1132,3,1135,22
2020-11-09,Merced,047,269075,10299,9922,63,9985,157
2020-11-09,Modoc,049,8938,74,54,12,66,0
2020-11-09,Mono,051,14174,468,352,7,359,2
2020-11-09,Monterey,053,433212,12864,12148,125,12273,98
2020-11-09,Napa,055,140530,2514,2309,7,2316,15
2020-11-09,Nevada,057,99092,847,729,20,749,9
2020-11-09,Orange,059,3164182,65977,62335,2047,64382,1501
2020-11-09,Placer,061,380077,5349,4843,35,4878,60
2020-11-09,Plumas,063,18699,134,102,0,102,0
2020-11-09,Riverside,065,2383286,75083,72059,903,72962,1346
2020-11-09,Sacramento,067,1510023,30079,28200,38,28238,516
2020-11-09,San Benito,069,59416,1584,1506,1,1507,15
2020-11-09,San Bernardino,071,2135413,74018,69015,698,69713,1182
2020-11-09,San Diego,073,3302833,65047,60572,2052,62624,908
2020-11-09,San Francisco,075,870044,13635,12984,70,13054,146
2020-11-09,San Joaquin,077,732212,23669,22512,337,22849,505
2020-11-09,San Luis Obispo,079,281455,5165,4746,63,4809,32
2020-11-09,San Mateo,081,765935,12548,11857,7,11864,169
2020-11-09,Santa Barbara,083,443738,10949,10214,135,10349,134
2020-11-09,Santa Clara,085,1922200,28607,26693,39,26732,409
2020-11-09,Santa Cruz,087,273765,3438,3194,39,3233,25
2020-11-09,Shasta,089,179085,3511,2581,50,2631,36
2020-11-09,Sierra,091,2930,10,10,0,10,0
2020-11-09,Siskiyou,093,43540,314,257,14,271,0
2020-11-09,Solano,095,438530,8658,8254,42,8296,85
2020-11-09,Sonoma,097,501317,10863,10310,36,10346,150
2020-11-09,Stanislaus,099,539301,19109,18482,1002,19484,418
2020-11-09,Sutter,101,95872,2223,2010,4,2014,12
2020-11-09,Tehama,103,63373,1203,1071,2,1073,7
2020-11-09,Trinity,105,12862,117,46,11,57,0
2020-11-09,Tulare,107,460477,19050,18272,719,18991,304
2020-11-09,Tuolumne,109,53932,496,346,3,349,7
2020-11-09,Ventura,111,848112,16426,15568,479,16047,156
2020-11-09,Yolo,113,214977,3803,3522,9,3531,62
2020-11-09,Yuba,115,75493,1474,1380,6,1386,10
2020-11-08,Alameda,001,1643700,25716,24731,263,24994,424
2020-11-08,Alpine,003,1148,25,6,0,6,0
2020-11-08,Amador,005,37829,403,376,0,376,16
2020-11-08,Butte,007,227075,3463,3285,73,3358,57
2020-11-08,Calaveras,009,45235,369,360,0,360,21
2020-11-08,Colusa,011,21464,597,583,1,584,6
2020-11-08,Contra Costa,013,1133247,20913,20031,109,20140,254
2020-11-08,Del Norte,015,27424,210,195,0,195,2
2020-11-08,El Dorado,017,186661,1668,1502,8,1510,4
2020-11-08,Fresno,019,978130,35954,32619,669,33288,465
2020-11-08,Glenn,021,27897,771,707,8,715,3
2020-11-08,Humboldt,023,135768,651,605,1,606,9
2020-11-08,Imperial,025,180216,13866,13428,19,13447,338
2020-11-08,Inyo,027,18085,262,252,1,253,14
2020-11-08,Kern,029,883053,35965,34644,659,35303,448
2020-11-08,Kings,031,150075,9430,9026,89,9115,84
2020-11-08,Lake,033,64148,790,754,0,754,16
2020-11-08,Lassen,035,31185,874,799,2,801,0
2020-11-08,Los Angeles,037,10098052,329171,318960,3871,322831,7176
2020-11-08,Madera,039,155013,5428,5196,65,5261,54
2020-11-08,Marin,041,260295,7361,7227,21,7248,131
2020-11-08,Mariposa,043,17540,91,83,0,83,2
2020-11-08,Mendocino,045,87422,1214,1129,3,1132,22
2020-11-08,Merced,047,269075,10224,9885,61,9946,157
2020-11-08,Modoc,049,8938,70,54,12,66,0
2020-11-08,Mono,051,14174,462,352,7,359,2
2020-11-08,Monterey,053,433212,12720,12122,113,12235,98
2020-11-08,Napa,055,140530,2474,2274,7,2281,15
2020-11-08,Nevada,057,99092,831,715,20,735,9
2020-11-08,Orange,059,3164182,65390,62034,2033,64067,1501
2020-11-08,Placer,061,380077,5247,4800,30,4830,60
2020-11-08,Plumas,063,18699,129,102,0,102,0
2020-11-08,Riverside,065,2383286,74431,71442,860,72302,1345
2020-11-08,Sacramento,067,1510023,29521,28059,34,28093,515
2020-11-08,San Benito,069,59416,1569,1496,1,1497,15
2020-11-08,San Bernardino,071,2135413,72776,68412,651,69063,1182
2020-11-08,San Diego,073,3302833,64202,60199,2008,62207,908
2020-11-08,San Francisco,075,870044,13504,12985,65,13050,146
2020-11-08,San Joaquin,077,732212,23477,22514,332,22846,505
2020-11-08,San Luis Obispo,079,281455,5099,4698,58,4756,32
2020-11-08,San Mateo,081,765935,12429,11783,7,11790,169
2020-11-08,Santa Barbara,083,443738,10879,10180,133,10313,134
2020-11-08,Santa Clara,085,1922200,28233,26442,38,26480,410
2020-11-08,Santa Cruz,087,273765,3381,3134,39,3173,25
2020-11-08,Shasta,089,179085,3375,2582,44,2626,36
2020-11-08,Sierra,091,2930,10,7,0,7,0
2020-11-08,Siskiyou,093,43540,302,246,13,259,0
2020-11-08,Solano,095,438530,8537,8132,41,8173,85
2020-11-08,Sonoma,097,501317,10756,10229,36,10265,149
2020-11-08,Stanislaus,099,539301,18937,18413,979,19392,418
2020-11-08,Sutter,101,95872,2166,1980,4,1984,12
2020-11-08,Tehama,103,63373,1179,1054,2,1056,7
2020-11-08,Trinity,105,12862,114,46,11,57,0
2020-11-08,Tulare,107,460477,18909,18272,686,18958,304
2020-11-08,Tuolumne,109,53932,469,341,3,344,7
2020-11-08,Ventura,111,848112,16231,15504,471,15975,156
2020-11-08,Yolo,113,214977,3740,3492,9,3501,61
2020-11-08,Yuba,115,75493,1453,1369,6,1375,10
2020-11-07,Alameda,001,1643700,25606,24578,261,24839,424
2020-11-07,Alpine,003,1148,25,6,0,6,0
2020-11-07,Amador,005,37829,400,375,0,375,16
2020-11-07,Butte,007,227075,3451,3277,68,3345,57
2020-11-07,Calaveras,009,45235,367,360,0,360,21
2020-11-07,Colusa,011,21464,597,583,1,584,6
2020-11-07,Contra Costa,013,1133247,20811,19943,108,20051,254
2020-11-07,Del Norte,015,27424,206,194,0,194,2
2020-11-07,El Dorado,017,186661,1643,1495,7,1502,4
2020-11-07,Fresno,019,978130,35801,32497,647,33144,465
2020-11-07,Glenn,021,27897,763,707,8,715,3
2020-11-07,Humboldt,023,135768,640,590,1,591,9
2020-11-07,Imperial,025,180216,13808,13388,18,13406,338
2020-11-07,Inyo,027,18085,260,252,1,253,14
2020-11-07,Kern,029,883053,35811,34513,648,35161,448
2020-11-07,Kings,031,150075,9397,9005,83,9088,84
2020-11-07,Lake,033,64148,786,751,0,751,16
2020-11-07,Lassen,035,31185,858,799,2,801,0
2020-11-07,Los Angeles,037,10098052,327671,316756,3796,320552,7174
2020-11-07,Madera,039,155013,5406,5177,63,5240,54
2020-11-07,Marin,041,260295,7350,7215,21,7236,131
2020-11-07,Mariposa,043,17540,91,81,0,81,2
2020-11-07,Mendocino,045,87422,1204,1118,3,1121,22
2020-11-07,Merced,047,269075,10192,9855,57,9912,157
2020-11-07,Modoc,049,8938,70,51,12,63,0
2020-11-07,Mono,051,14174,459,352,7,359,2
2020-11-07,Monterey,053,433212,12651,12030,109,12139,98
2020-11-07,Napa,055,140530,2444,2260,6,2266,15
2020-11-07,Nevada,057,99092,815,710,20,730,9
2020-11-07,Orange,059,3164182,65104,62038,2026,64064,1505
2020-11-07,Placer,061,380077,5185,4745,30,4775,60
2020-11-07,Plumas,063,18699,127,94,0,94,0
2020-11-07,Riverside,065,2383286,74038,71153,830,71983,1345
2020-11-07,Sacramento,067,1510023,29271,27773,34,27807,515
2020-11-07,San Benito,069,59416,1557,1489,1,1490,15
2020-11-07,San Bernardino,071,2135413,72261,67935,640,68575,1182
2020-11-07,San Diego,073,3302833,63690,59682,1976,61658,909
2020-11-07,San Francisco,075,870044,13443,12980,64,13044,146
2020-11-07,San Joaquin,077,732212,23369,22517,325,22842,505
2020-11-07,San Luis Obispo,079,281455,5050,4668,55,4723,32
2020-11-07,San Mateo,081,765935,12366,11711,7,11718,169
2020-11-07,Santa Barbara,083,443738,10837,10157,131,10288,134
2020-11-07,Santa Clara,085,1922200,28028,26244,37,26281,410
2020-11-07,Santa Cruz,087,273765,3343,3130,39,3169,25
2020-11-07,Shasta,089,179085,3306,2547,42,2589,36
2020-11-07,Sierra,091,2930,10,7,0,7,0
2020-11-07,Siskiyou,093,43540,298,241,13,254,0
2020-11-07,Solano,095,438530,8485,8066,41,8107,85
2020-11-07,Sonoma,097,501317,10710,10200,36,10236,149
2020-11-07,Stanislaus,099,539301,18829,18386,961,19347,418
2020-11-07,Sutter,101,95872,2126,1973,4,1977,12
2020-11-07,Tehama,103,63373,1155,1043,2,1045,7
2020-11-07,Trinity,105,12862,114,42,10,52,0
2020-11-07,Tulare,107,460477,18854,18229,668,18897,304
2020-11-07,Tuolumne,109,53932,458,327,3,330,7
2020-11-07,Ventura,111,848112,16171,15364,466,15830,156
2020-11-07,Yolo,113,214977,3709,3486,9,3495,61
2020-11-07,Yuba,115,75493,1438,1349,6,1355,10
2020-11-06,Alameda,001,1643700,25474,24389,259,24648,420
2020-11-06,Alpine,003,1148,25,6,0,6,0
2020-11-06,Amador,005,37829,398,369,0,369,16
2020-11-06,Butte,007,227075,3426,3254,60,3314,57
2020-11-06,Calaveras,009,45235,366,359,0,359,21
2020-11-06,Colusa,011,21464,595,580,1,581,6
2020-11-06,Contra Costa,013,1133247,20662,19744,108,19852,252
2020-11-06,Del Norte,015,27424,203,194,0,194,2
2020-11-06,El Dorado,017,186661,1617,1475,7,1482,4
2020-11-06,Fresno,019,978130,35613,32278,630,32908,460
2020-11-06,Glenn,021,27897,757,707,7,714,3
2020-11-06,Humboldt,023,135768,637,587,1,588,9
2020-11-06,Imperial,025,180216,13755,13230,18,13248,338
2020-11-06,Inyo,027,18085,258,246,1,247,14
2020-11-06,Kern,029,883053,35648,34360,629,34989,443
2020-11-06,Kings,031,150075,9374,8883,80,8963,83
2020-11-06,Lake,033,64148,785,741,0,741,16
2020-11-06,Lassen,035,31185,850,794,2,796,0
2020-11-06,Los Angeles,037,10098052,325702,314356,3740,318096,7160
2020-11-06,Madera,039,155013,5390,5136,62,5198,54
2020-11-06,Marin,041,260295,7329,7184,21,7205,131
2020-11-06,Mariposa,043,17540,90,79,0,79,2
2020-11-06,Mendocino,045,87422,1199,1113,3,1116,22
2020-11-06,Merced,047,269075,10153,9778,53,9831,157
2020-11-06,Modoc,049,8938,70,48,12,60,0
2020-11-06,Mono,051,14174,453,308,7,315,1
2020-11-06,Monterey,053,433212,12534,11914,108,12022,96
2020-11-06,Napa,055,140530,2419,2189,6,2195,15
2020-11-06,Nevada,057,99092,802,692,19,711,9
2020-11-06,Orange,059,3164182,64801,61049,2016,63065,1494
2020-11-06,Placer,061,380077,5112,4680,30,4710,60
2020-11-06,Plumas,063,18699,122,90,0,90,0
2020-11-06,Riverside,065,2383286,73591,70409,786,71195,1341
2020-11-06,Sacramento,067,1510023,28979,27489,32,27521,514
2020-11-06,San Benito,069,59416,1548,1479,1,1480,15
2020-11-06,San Bernardino,071,2135413,71665,66740,619,67359,1179
2020-11-06,San Diego,073,3302833,63167,59143,1944,61087,907
2020-11-06,San Francisco,075,870044,13373,12825,63,12888,146
2020-11-06,San Joaquin,077,732212,23283,22424,315,22739,502
2020-11-06,San Luis Obispo,079,281455,4986,4531,49,4580,32
2020-11-06,San Mateo,081,765935,12291,11587,7,11594,168
2020-11-06,Santa Barbara,083,443738,10801,10118,126,10244,133
2020-11-06,Santa Clara,085,1922200,27785,25831,37,25868,402
2020-11-06,Santa Cruz,087,273765,3306,3063,39,3102,25
2020-11-06,Shasta,089,179085,3234,2475,40,2515,35
2020-11-06,Sierra,091,2930,9,7,0,7,0
2020-11-06,Siskiyou,093,43540,285,237,12,249,0
2020-11-06,Solano,095,438530,8420,7959,41,8000,85
2020-11-06,Sonoma,097,501317,10660,10142,36,10178,149
2020-11-06,Stanislaus,099,539301,18741,18250,952,19202,417
2020-11-06,Sutter,101,95872,2099,1937,2,1939,12
2020-11-06,Tehama,103,63373,1134,1024,2,1026,6
2020-11-06,Trinity,105,12862,111,41,10,51,0
2020-11-06,Tulare,107,460477,18792,18136,641,18777,300
2020-11-06,Tuolumne,109,53932,437,316,3,319,5
2020-11-06,Ventura,111,848112,16085,15222,463,15685,154
2020-11-06,Yolo,113,214977,3680,3420,9,3429,62
2020-11-06,Yuba,115,75493,1425,1335,6,1341,10
2020-11-05,Alameda,001,1643700,25296,24270,259,24529,420
2020-11-05,Alpine,003,1148,25,6,0,6,0
2020-11-05,Amador,005,37829,395,363,0,363,16
2020-11-05,Butte,007,227075,3403,3239,54,3293,57
2020-11-05,Calaveras,009,45235,359,333,0,333,19
2020-11-05,Colusa,011,21464,591,574,1,575,6
2020-11-05,Contra Costa,013,1133247,20480,19656,106,19762,252
2020-11-05,Del Norte,015,27424,201,192,0,192,2
2020-11-05,El Dorado,017,186661,1593,1466,7,1473,4
2020-11-05,Fresno,019,978130,35376,32056,607,32663,460
2020-11-05,Glenn,021,27897,737,702,7,709,3
2020-11-05,Humboldt,023,135768,626,581,1,582,9
2020-11-05,Imperial,025,180216,13663,13178,17,13195,337
2020-11-05,Inyo,027,18085,258,247,1,248,14
2020-11-05,Kern,029,883053,35448,34232,615,34847,443
2020-11-05,Kings,031,150075,9219,8846,77,8923,83
2020-11-05,Lake,033,64148,781,739,0,739,16
2020-11-05,Lassen,035,31185,819,782,2,784,0
2020-11-05,Los Angeles,037,10098052,323349,312381,3684,316065,7146
2020-11-05,Madera,039,155013,5351,5129,59,5188,54
2020-11-05,Marin,041,260295,7307,7171,21,7192,131
2020-11-05,Mariposa,043,17540,89,79,0,79,2
2020-11-05,Mendocino,045,87422,1187,1112,3,1115,22
2020-11-05,Merced,047,269075,10094,9753,48,9801,155
2020-11-05,Modoc,049,8938,69,47,11,58,0
2020-11-05,Mono,051,14174,451,307,7,314,1
2020-11-05,Monterey,053,433212,12426,11784,104,11888,96
2020-11-05,Napa,055,140530,2392,2158,6,2164,15
2020-11-05,Nevada,057,99092,780,687,18,705,9
2020-11-05,Orange,059,3164182,64355,60740,2006,62746,1484
2020-11-05,Placer,061,380077,5043,4627,25,4652,60
2020-11-05,Plumas,063,18699,114,90,0,90,0
2020-11-05,Riverside,065,2383286,72881,70094,726,70820,1338
2020-11-05,Sacramento,067,1510023,28597,27232,31,27263,512
2020-11-05,San Benito,069,59416,1533,1477,1,1478,15
2020-11-05,San Bernardino,071,2135413,70840,66407,604,67011,1174
2020-11-05,San Diego,073,3302833,62541,58659,1918,60577,904
2020-11-05,San Francisco,075,870044,13261,12726,62,12788,146
2020-11-05,San Joaquin,077,732212,23120,22318,310,22628,502
2020-11-05,San Luis Obispo,079,281455,4918,4459,47,4506,32
2020-11-05,San Mateo,081,765935,12197,11535,7,11542,168
2020-11-05,Santa Barbara,083,443738,10756,10080,122,10202,133
2020-11-05,Santa Clara,085,1922200,27517,25651,37,25688,402
2020-11-05,Santa Cruz,087,273765,3268,3023,39,3062,25
2020-11-05,Shasta,089,179085,3144,2401,39,2440,34
2020-11-05,Sierra,091,2930,9,6,0,6,0
2020-11-05,Siskiyou,093,43540,274,228,12,240,0
2020-11-05,Solano,095,438530,8337,7842,41,7883,85
2020-11-05,Sonoma,097,501317,10548,10064,35,10099,145
2020-11-05,Stanislaus,099,539301,18627,18194,939,19133,417
2020-11-05,Sutter,101,95872,2067,1925,2,1927,12
2020-11-05,Tehama,103,63373,1112,1015,2,1017,6
2020-11-05,Trinity,105,12862,97,41,10,51,0
2020-11-05,Tulare,107,460477,18708,18049,609,18658,301
2020-11-05,Tuolumne,109,53932,408,312,3,315,5
2020-11-05,Ventura,111,848112,15919,15113,452,15565,155
2020-11-05,Yolo,113,214977,3630,3391,9,3400,61
2020-11-05,Yuba,115,75493,1407,1322,6,1328,10
2020-11-04,Alameda,001,1643700,25118,24172,257,24429,418
2020-11-04,Alpine,003,1148,21,5,0,5,0
2020-11-04,Amador,005,37829,392,362,0,362,16
2020-11-04,Butte,007,227075,3377,3218,51,3269,57
2020-11-04,Calaveras,009,45235,356,290,0,290,19
2020-11-04,Colusa,011,21464,589,571,1,572,6
2020-11-04,Contra Costa,013,1133247,20314,19472,102,19574,251
2020-11-04,Del Norte,015,27424,197,188,0,188,2
2020-11-04,El Dorado,017,186661,1578,1448,4,1452,4
2020-11-04,Fresno,019,978130,35146,31952,578,32530,457
2020-11-04,Glenn,021,27897,733,701,6,707,3
2020-11-04,Humboldt,023,135768,617,571,1,572,9
2020-11-04,Imperial,025,180216,13565,13087,17,13104,335
2020-11-04,Inyo,027,18085,257,247,1,248,14
2020-11-04,Kern,029,883053,35294,34027,603,34630,439
2020-11-04,Kings,031,150075,9185,8817,75,8892,83
2020-11-04,Lake,033,64148,774,735,0,735,16
2020-11-04,Lassen,035,31185,814,781,2,783,0
2020-11-04,Los Angeles,037,10098052,321049,310456,3595,314051,7124
2020-11-04,Madera,039,155013,5331,5083,55,5138,54
2020-11-04,Marin,041,260295,7295,7157,21,7178,131
2020-11-04,Mariposa,043,17540,89,79,0,79,2
2020-11-04,Mendocino,045,87422,1169,1089,3,1092,22
2020-11-04,Merced,047,269075,10044,9717,46,9763,153
2020-11-04,Modoc,049,8938,59,47,11,58,0
2020-11-04,Mono,051,14174,448,237,6,243,1
2020-11-04,Monterey,053,433212,12222,11743,97,11840,96
2020-11-04,Napa,055,140530,2338,2133,6,2139,15
2020-11-04,Nevada,057,99092,761,675,18,693,9
2020-11-04,Orange,059,3164182,63922,60463,1982,62445,1483
2020-11-04,Placer,061,380077,4964,4526,22,4548,60
2020-11-04,Plumas,063,18699,112,88,0,88,0
2020-11-04,Riverside,065,2383286,72266,69562,665,70227,1335
2020-11-04,Sacramento,067,1510023,28246,27005,30,27035,510
2020-11-04,San Benito,069,59416,1518,1464,1,1465,15
2020-11-04,San Bernardino,071,2135413,70045,65891,579,66470,1169
2020-11-04,San Diego,073,3302833,61896,58126,1892,60018,904
2020-11-04,San Francisco,075,870044,13177,12649,59,12708,146
2020-11-04,San Joaquin,077,732212,22983,22197,297,22494,500
2020-11-04,San Luis Obispo,079,281455,4851,4389,45,4434,32
2020-11-04,San Mateo,081,765935,12102,11456,7,11463,168
2020-11-04,Santa Barbara,083,443738,10718,10026,121,10147,132
2020-11-04,Santa Clara,085,1922200,27254,25487,37,25524,393
2020-11-04,Santa Cruz,087,273765,3231,2997,39,3036,25
2020-11-04,Shasta,089,179085,3013,2321,34,2355,34
2020-11-04,Sierra,091,2930,9,6,0,6,0
2020-11-04,Siskiyou,093,43540,265,222,12,234,0
2020-11-04,Solano,095,438530,8238,7733,41,7774,85
2020-11-04,Sonoma,097,501317,10454,9965,35,10000,142
2020-11-04,Stanislaus,099,539301,18511,18114,923,19037,416
2020-11-04,Sutter,101,95872,2033,1916,2,1918,12
2020-11-04,Tehama,103,63373,1088,997,2,999,6
2020-11-04,Trinity,105,12862,94,37,10,47,0
2020-11-04,Tulare,107,460477,18600,17952,581,18533,298
2020-11-04,Tuolumne,109,53932,386,310,3,313,5
2020-11-04,Ventura,111,848112,15779,14936,448,15384,155
2020-11-04,Yolo,113,214977,3589,3361,9,3370,62
2020-11-04,Yuba,115,75493,1386,1312,6,1318,10
2020-11-03,Alameda,001,1643700,24934,24055,255,24310,418
2020-11-03,Alpine,003,1148,20,4,0,4,0
2020-11-03,Amador,005,37829,387,361,0,361,16
2020-11-03,Butte,007,227075,3354,3211,45,3256,57
2020-11-03,Calaveras,009,45235,352,287,0,287,19
2020-11-03,Colusa,011,21464,584,572,1,573,6
2020-11-03,Contra Costa,013,1133247,20159,19416,102,19518,250
2020-11-03,Del Norte,015,27424,196,187,0,187,2
2020-11-03,El Dorado,017,186661,1556,1445,3,1448,4
2020-11-03,Fresno,019,978130,34880,31856,554,32410,457
2020-11-03,Glenn,021,27897,727,698,6,704,3
2020-11-03,Humboldt,023,135768,611,570,1,571,8
2020-11-03,Imperial,025,180216,13476,13044,16,13060,335
2020-11-03,Inyo,027,18085,256,244,1,245,14
2020-11-03,Kern,029,883053,35104,33957,591,34548,439
2020-11-03,Kings,031,150075,9022,8783,70,8853,83
2020-11-03,Lake,033,64148,764,732,0,732,16
2020-11-03,Lassen,035,31185,805,782,2,784,0
2020-11-03,Los Angeles,037,10098052,318599,308812,3520,312332,7104
2020-11-03,Madera,039,155013,5294,5058,54,5112,54
2020-11-03,Marin,041,260295,7275,7147,20,7167,131
2020-11-03,Mariposa,043,17540,88,79,0,79,2
2020-11-03,Mendocino,045,87422,1154,1084,3,1087,22
2020-11-03,Merced,047,269075,9991,9713,45,9758,153
2020-11-03,Modoc,049,8938,57,47,9,56,0
2020-11-03,Mono,051,14174,444,210,6,216,1
2020-11-03,Monterey,053,433212,12153,11703,90,11793,94
2020-11-03,Napa,055,140530,2302,2130,6,2136,15
2020-11-03,Nevada,057,99092,741,670,17,687,9
2020-11-03,Orange,059,3164182,63494,60283,1971,62254,1477
2020-11-03,Placer,061,380077,4890,4514,22,4536,60
2020-11-03,Plumas,063,18699,109,86,0,86,0
2020-11-03,Riverside,065,2383286,71650,69300,637,69937,1325
2020-11-03,Sacramento,067,1510023,27866,26841,29,26870,510
2020-11-03,San Benito,069,59416,1508,1463,1,1464,15
2020-11-03,San Bernardino,071,2135413,69237,65320,570,65890,1159
2020-11-03,San Diego,073,3302833,61220,57722,1848,59570,901
2020-11-03,San Francisco,075,870044,13054,12585,58,12643,146
2020-11-03,San Joaquin,077,732212,22849,22109,291,22400,500
2020-11-03,San Luis Obispo,079,281455,4768,4371,43,4414,32
2020-11-03,San Mateo,081,765935,12007,11406,7,11413,162
2020-11-03,Santa Barbara,083,443738,10664,10008,115,10123,132
2020-11-03,Santa Clara,085,1922200,26980,25386,36,25422,393
2020-11-03,Santa Cruz,087,273765,3181,2980,38,3018,25
2020-11-03,Shasta,089,179085,2918,2288,28,2316,33
2020-11-03,Sierra,091,2930,7,6,0,6,0
2020-11-03,Siskiyou,093,43540,261,219,11,230,0
2020-11-03,Solano,095,438530,8155,7691,41,7732,85
2020-11-03,Sonoma,097,501317,10352,9906,35,9941,142
2020-11-03,Stanislaus,099,539301,18392,18080,910,18990,416
2020-11-03,Sutter,101,95872,2000,1914,2,1916,12
2020-11-03,Tehama,103,63373,1067,988,2,990,6
2020-11-03,Trinity,105,12862,87,36,9,45,0
2020-11-03,Tulare,107,460477,18497,17890,553,18443,297
2020-11-03,Tuolumne,109,53932,363,302,3,305,5
2020-11-03,Ventura,111,848112,15652,14816,441,15257,155
2020-11-03,Yolo,113,214977,3538,3343,9,3352,61
2020-11-03,Yuba,115,75493,1373,1295,6,1301,10
2020-11-02,Alameda,001,1643700,24738,23991,252,24243,419
2020-11-02,Alpine,003,1148,17,4,0,4,0
2020-11-02,Amador,005,37829,379,357,0,357,16
2020-11-02,Butte,007,227075,3334,3198,42,3240,57
2020-11-02,Calaveras,009,45235,352,282,0,282,18
2020-11-02,Colusa,011,21464,579,571,1,572,6
2020-11-02,Contra Costa,013,1133247,20005,19339,101,19440,250
2020-11-02,Del Norte,015,27424,193,175,0,175,2
2020-11-02,El Dorado,017,186661,1532,1405,3,1408,4
2020-11-02,Fresno,019,978130,34613,31738,537,32275,451
2020-11-02,Glenn,021,27897,721,692,5,697,3
2020-11-02,Humboldt,023,135768,602,569,1,570,8
2020-11-02,Imperial,025,180216,13396,13004,15,13019,334
2020-11-02,Inyo,027,18085,253,243,1,244,14
2020-11-02,Kern,029,883053,34947,33834,581,34415,437
2020-11-02,Kings,031,150075,8992,8654,67,8721,82
2020-11-02,Lake,033,64148,758,728,0,728,17
2020-11-02,Lassen,035,31185,797,782,2,784,0
2020-11-02,Los Angeles,037,10098052,316256,307620,3439,311059,7079
2020-11-02,Madera,039,155013,5264,5033,53,5086,54
2020-11-02,Marin,041,260295,7257,7132,19,7151,125
2020-11-02,Mariposa,043,17540,88,79,0,79,2
2020-11-02,Mendocino,045,87422,1140,1076,3,1079,21
2020-11-02,Merced,047,269075,9929,9664,39,9703,152
2020-11-02,Modoc,049,8938,54,45,5,50,0
2020-11-02,Mono,051,14174,442,211,6,217,1
2020-11-02,Monterey,053,433212,12046,11602,87,11689,93
2020-11-02,Napa,055,140530,2260,2081,6,2087,15
2020-11-02,Nevada,057,99092,725,656,17,673,9
2020-11-02,Orange,059,3164182,63091,59996,1952,61948,1474
2020-11-02,Placer,061,380077,4822,4461,20,4481,60
2020-11-02,Plumas,063,18699,101,86,0,86,0
2020-11-02,Riverside,065,2383286,71019,68833,596,69429,1321
2020-11-02,Sacramento,067,1510023,27524,26676,27,26703,508
2020-11-02,San Benito,069,59416,1496,1459,1,1460,15
2020-11-02,San Bernardino,071,2135413,68382,64629,559,65188,1157
2020-11-02,San Diego,073,3302833,60497,57429,1803,59232,891
2020-11-02,San Francisco,075,870044,12957,12436,57,12493,145
2020-11-02,San Joaquin,077,732212,22710,21919,282,22201,500
2020-11-02,San Luis Obispo,079,281455,4667,4303,40,4343,31
2020-11-02,San Mateo,081,765935,11898,11328,7,11335,161
2020-11-02,Santa Barbara,083,443738,10623,9985,110,10095,130
2020-11-02,Santa Clara,085,1922200,26692,25222,36,25258,387
2020-11-02,Santa Cruz,087,273765,3139,2943,38,2981,25
2020-11-02,Shasta,089,179085,2813,2174,24,2198,33
2020-11-02,Sierra,091,2930,7,6,0,6,0
2020-11-02,Siskiyou,093,43540,251,216,11,227,0
2020-11-02,Solano,095,438530,8037,7665,41,7706,84
2020-11-02,Sonoma,097,501317,10269,9796,34,9830,140
2020-11-02,Stanislaus,099,539301,18296,18005,901,18906,412
2020-11-02,Sutter,101,95872,1976,1895,2,1897,12
2020-11-02,Tehama,103,63373,1044,971,2,973,6
2020-11-02,Trinity,105,12862,82,30,9,39,0
2020-11-02,Tulare,107,460477,18405,17774,531,18305,299
2020-11-02,Tuolumne,109,53932,343,302,3,305,5
2020-11-02,Ventura,111,848112,15517,14767,421,15188,156
2020-11-02,Yolo,113,214977,3489,3318,9,3327,61
2020-11-02,Yuba,115,75493,1360,1280,6,1286,10
2020-11-01,Alameda,001,1643700,24576,23892,250,24142,419
2020-11-01,Alpine,003,1148,11,4,0,4,0
2020-11-01,Amador,005,37829,376,352,0,352,16
2020-11-01,Butte,007,227075,3311,3185,40,3225,57
2020-11-01,Calaveras,009,45235,351,282,0,282,18
2020-11-01,Colusa,011,21464,577,567,1,568,6
2020-11-01,Contra Costa,013,1133247,19831,19246,100,19346,250
2020-11-01,Del Norte,015,27424,189,175,0,175,2
2020-11-01,El Dorado,017,186661,1516,1394,3,1397,4
2020-11-01,Fresno,019,978130,34359,31613,519,32132,451
2020-11-01,Glenn,021,27897,712,688,3,691,3
2020-11-01,Humboldt,023,135768,594,568,1,569,8
2020-11-01,Imperial,025,180216,13305,12969,13,12982,334
2020-11-01,Inyo,027,18085,251,241,1,242,14
2020-11-01,Kern,029,883053,34767,33760,474,34234,437
2020-11-01,Kings,031,150075,8954,8641,66,8707,82
2020-11-01,Lake,033,64148,752,727,0,727,17
2020-11-01,Lassen,035,31185,797,782,2,784,0
2020-11-01,Los Angeles,037,10098052,313696,306217,3340,309557,7077
2020-11-01,Madera,039,155013,5216,5019,51,5070,54
2020-11-01,Marin,041,260295,7240,7124,19,7143,125
2020-11-01,Mariposa,043,17540,84,79,0,79,2
2020-11-01,Mendocino,045,87422,1127,1074,3,1077,21
2020-11-01,Merced,047,269075,9868,9626,39,9665,152
2020-11-01,Modoc,049,8938,53,45,5,50,0
2020-11-01,Mono,051,14174,412,211,5,216,1
2020-11-01,Monterey,053,433212,11938,11587,84,11671,93
2020-11-01,Napa,055,140530,2226,2067,6,2073,15
2020-11-01,Nevada,057,99092,709,646,16,662,9
2020-11-01,Orange,059,3164182,62689,59733,1924,61657,1475
2020-11-01,Placer,061,380077,4756,4422,19,4441,58
2020-11-01,Plumas,063,18699,96,86,0,86,0
2020-11-01,Riverside,065,2383286,70390,68493,560,69053,1319
2020-11-01,Sacramento,067,1510023,27203,26442,27,26469,508
2020-11-01,San Benito,069,59416,1481,1451,1,1452,15
2020-11-01,San Bernardino,071,2135413,67541,64339,537,64876,1157
2020-11-01,San Diego,073,3302833,59809,57122,1763,58885,891
2020-11-01,San Francisco,075,870044,12834,12436,52,12488,145
2020-11-01,San Joaquin,077,732212,22582,21919,275,22194,500
2020-11-01,San Luis Obispo,079,281455,4587,4303,39,4342,31
2020-11-01,San Mateo,081,765935,11818,11280,7,11287,160
2020-11-01,Santa Barbara,083,443738,10572,9969,94,10063,130
2020-11-01,Santa Clara,085,1922200,26414,25090,36,25126,386
2020-11-01,Santa Cruz,087,273765,3086,2921,38,2959,25
2020-11-01,Shasta,089,179085,2677,2172,23,2195,33
2020-11-01,Sierra,091,2930,7,6,0,6,0
2020-11-01,Siskiyou,093,43540,246,205,11,216,0
2020-11-01,Solano,095,438530,7947,7591,41,7632,84
2020-11-01,Sonoma,097,501317,10177,9688,34,9722,140
2020-11-01,Stanislaus,099,539301,18195,17961,881,18842,412
2020-11-01,Sutter,101,95872,1950,1888,1,1889,12
2020-11-01,Tehama,103,63373,1027,965,2,967,5
2020-11-01,Trinity,105,12862,80,30,8,38,0
2020-11-01,Tulare,107,460477,18293,17774,500,18274,299
2020-11-01,Tuolumne,109,53932,321,295,3,298,5
2020-11-01,Ventura,111,848112,15371,14686,386,15072,156
2020-11-01,Yolo,113,214977,3441,3303,9,3312,60
2020-11-01,Yuba,115,75493,1343,1273,6,1279,10
2020-10-31,Alameda,001,1643700,24461,23780,246,24026,416
2020-10-31,Alpine,003,1148,11,4,0,4,0
2020-10-31,Amador,005,37829,372,347,0,347,16
2020-10-31,Butte,007,227075,3298,3172,38,3210,57
2020-10-31,Calaveras,009,45235,351,280,0,280,18
2020-10-31,Colusa,011,21464,575,555,1,556,6
2020-10-31,Contra Costa,013,1133247,19725,19161,100,19261,249
2020-10-31,Del Norte,015,27424,188,175,0,175,2
2020-10-31,El Dorado,017,186661,1507,1390,3,1393,4
2020-10-31,Fresno,019,978130,34223,31558,515,32073,451
2020-10-31,Glenn,021,27897,710,678,3,681,3
2020-10-31,Humboldt,023,135768,591,561,1,562,8
2020-10-31,Imperial,025,180216,13263,12912,13,12925,334
2020-10-31,Inyo,027,18085,250,241,1,242,14
2020-10-31,Kern,029,883053,34664,33666,464,34130,437
2020-10-31,Kings,031,150075,8933,8612,64,8676,82
2020-10-31,Lake,033,64148,748,724,0,724,16
2020-10-31,Lassen,035,31185,792,782,2,784,0
2020-10-31,Los Angeles,037,10098052,312326,304704,3295,307999,7073
2020-10-31,Madera,039,155013,5198,5013,48,5061,54
2020-10-31,Marin,041,260295,7224,7112,19,7131,125
2020-10-31,Mariposa,043,17540,84,79,0,79,2
2020-10-31,Mendocino,045,87422,1119,1066,3,1069,21
2020-10-31,Merced,047,269075,9835,9597,38,9635,151
2020-10-31,Modoc,049,8938,52,34,4,38,0
2020-10-31,Mono,051,14174,263,194,4,198,1
2020-10-31,Monterey,053,433212,11870,11539,80,11619,93
2020-10-31,Napa,055,140530,2207,2040,6,2046,15
2020-10-31,Nevada,057,99092,691,644,16,660,9
2020-10-31,Orange,059,3164182,62430,59488,1906,61394,1473
2020-10-31,Placer,061,380077,4706,4374,18,4392,58
2020-10-31,Plumas,063,18699,95,85,0,85,0
2020-10-31,Riverside,065,2383286,70034,68178,537,68715,1319
2020-10-31,Sacramento,067,1510023,27004,26316,25,26341,507
2020-10-31,San Benito,069,59416,1474,1448,1,1449,15
2020-10-31,San Bernardino,071,2135413,67116,64016,527,64543,1157
2020-10-31,San Diego,073,3302833,59356,56769,1735,58504,891
2020-10-31,San Francisco,075,870044,12760,12438,51,12489,145
2020-10-31,San Joaquin,077,732212,22507,21918,266,22184,500
2020-10-31,San Luis Obispo,079,281455,4518,4285,36,4321,31
2020-10-31,San Mateo,081,765935,11766,11253,7,11260,160
2020-10-31,Santa Barbara,083,443738,10544,9957,86,10043,130
2020-10-31,Santa Clara,085,1922200,26246,24957,36,24993,379
2020-10-31,Santa Cruz,087,273765,3051,2895,37,2932,25
2020-10-31,Shasta,089,179085,2627,2122,22,2144,33
2020-10-31,Sierra,091,2930,7,6,0,6,0
2020-10-31,Siskiyou,093,43540,244,200,11,211,0
2020-10-31,Solano,095,438530,7883,7545,41,7586,84
2020-10-31,Sonoma,097,501317,10124,9648,34,9682,140
2020-10-31,Stanislaus,099,539301,18133,17920,864,18784,412
2020-10-31,Sutter,101,95872,1941,1876,1,1877,12
2020-10-31,Tehama,103,63373,1017,953,2,955,5
2020-10-31,Trinity,105,12862,77,30,8,38,0
2020-10-31,Tulare,107,460477,18244,17758,492,18250,299
2020-10-31,Tuolumne,109,53932,315,290,3,293,5
2020-10-31,Ventura,111,848112,15288,14635,367,15002,155
2020-10-31,Yolo,113,214977,3406,3290,9,3299,60
2020-10-31,Yuba,115,75493,1327,1260,5,1265,10
2020-10-30,Alameda,001,1643700,24382,23676,243,23919,401
2020-10-30,Alpine,003,1148,11,4,0,4,0
2020-10-30,Amador,005,37829,372,344,0,344,16
2020-10-30,Butte,007,227075,3293,3160,38,3198,57
2020-10-30,Calaveras,009,45235,350,279,0,279,18
2020-10-30,Colusa,011,21464,573,554,1,555,6
2020-10-30,Contra Costa,013,1133247,19653,19074,100,19174,249
2020-10-30,Del Norte,015,27424,187,175,0,175,2
2020-10-30,El Dorado,017,186661,1494,1386,3,1389,4
2020-10-30,Fresno,019,978130,34102,31409,507,31916,446
2020-10-30,Glenn,021,27897,704,674,2,676,3
2020-10-30,Humboldt,023,135768,590,561,1,562,7
2020-10-30,Imperial,025,180216,13222,12853,13,12866,334
2020-10-30,Inyo,027,18085,249,241,1,242,14
2020-10-30,Kern,029,883053,34571,33583,463,34046,437
2020-10-30,Kings,031,150075,8923,8564,62,8626,82
2020-10-30,Lake,033,64148,748,720,0,720,16
2020-10-30,Lassen,035,31185,786,777,2,779,0
2020-10-30,Los Angeles,037,10098052,310893,303425,3256,306681,7060
2020-10-30,Madera,039,155013,5186,4991,46,5037,54
2020-10-30,Marin,041,260295,7204,7097,19,7116,125
2020-10-30,Mariposa,043,17540,84,78,0,78,2
2020-10-30,Mendocino,045,87422,1117,1062,3,1065,21
2020-10-30,Merced,047,269075,9803,9539,38,9577,150
2020-10-30,Modoc,049,8938,51,34,3,37,0
2020-10-30,Mono,051,14174,262,193,4,197,1
2020-10-30,Monterey,053,433212,11808,11491,74,11565,92
2020-10-30,Napa,055,140530,2189,2028,6,2034,15
2020-10-30,Nevada,057,99092,685,634,16,650,9
2020-10-30,Orange,059,3164182,62189,59334,1893,61227,1469
2020-10-30,Placer,061,380077,4659,4335,18,4353,58
2020-10-30,Plumas,063,18699,92,80,0,80,0
2020-10-30,Riverside,065,2383286,69693,67752,517,68269,1317
2020-10-30,Sacramento,067,1510023,26856,26147,25,26172,505
2020-10-30,San Benito,069,59416,1468,1440,1,1441,15
2020-10-30,San Bernardino,071,2135413,66700,63512,524,64036,1156
2020-10-30,San Diego,073,3302833,58951,56387,1713,58100,888
2020-10-30,San Francisco,075,870044,12705,12384,51,12435,145
2020-10-30,San Joaquin,077,732212,22441,21849,259,22108,500
2020-10-30,San Luis Obispo,079,281455,4475,4256,36,4292,31
2020-10-30,San Mateo,081,765935,11707,11207,7,11214,159
2020-10-30,Santa Barbara,083,443738,10521,9937,86,10023,128
2020-10-30,Santa Clara,085,1922200,26097,24811,36,24847,378
2020-10-30,Santa Cruz,087,273765,3033,2874,37,2911,25
2020-10-30,Shasta,089,179085,2583,2048,21,2069,32
2020-10-30,Sierra,091,2930,7,6,0,6,0
2020-10-30,Siskiyou,093,43540,244,192,11,203,0
2020-10-30,Solano,095,438530,7822,7497,41,7538,84
2020-10-30,Sonoma,097,501317,10050,9602,33,9635,140
2020-10-30,Stanislaus,099,539301,18086,17861,847,18708,410
2020-10-30,Sutter,101,95872,1928,1860,1,1861,12
2020-10-30,Tehama,103,63373,1013,932,2,934,5
2020-10-30,Trinity,105,12862,77,29,8,37,0
2020-10-30,Tulare,107,460477,18201,17682,474,18156,299
2020-10-30,Tuolumne,109,53932,308,286,3,289,4
2020-10-30,Ventura,111,848112,15217,14578,352,14930,154
2020-10-30,Yolo,113,214977,3389,3263,9,3272,60
2020-10-30,Yuba,115,75493,1319,1256,5,1261,10
2020-10-29,Alameda,001,1643700,24219,23530,242,23772,401
2020-10-29,Alpine,003,1148,8,4,0,4,0
2020-10-29,Amador,005,37829,368,338,0,338,16
2020-10-29,Butte,007,227075,3275,3143,37,3180,57
2020-10-29,Calaveras,009,45235,348,278,0,278,13
2020-10-29,Colusa,011,21464,569,552,1,553,6
2020-10-29,Contra Costa,013,1133247,19554,18933,99,19032,249
2020-10-29,Del Norte,015,27424,185,174,0,174,2
2020-10-29,El Dorado,017,186661,1472,1370,3,1373,4
2020-10-29,Fresno,019,978130,33947,31321,499,31820,445
2020-10-29,Glenn,021,27897,702,673,2,675,3
2020-10-29,Humboldt,023,135768,585,559,1,560,7
2020-10-29,Imperial,025,180216,13178,12769,13,12782,334
2020-10-29,Inyo,027,18085,247,238,1,239,14
2020-10-29,Kern,029,883053,34469,33460,458,33918,437
2020-10-29,Kings,031,150075,8769,8502,61,8563,82
2020-10-29,Lake,033,64148,745,702,0,702,16
2020-10-29,Lassen,035,31185,785,772,2,774,0
2020-10-29,Los Angeles,037,10098052,309271,302246,3203,305449,7046
2020-10-29,Madera,039,155013,5157,4970,44,5014,53
2020-10-29,Marin,041,260295,7190,7083,19,7102,125
2020-10-29,Mariposa,043,17540,82,78,0,78,2
2020-10-29,Mendocino,045,87422,1111,1058,3,1061,21
2020-10-29,Merced,047,269075,9750,9496,38,9534,150
2020-10-29,Modoc,049,8938,49,31,3,34,0
2020-10-29,Mono,051,14174,255,176,4,180,1
2020-10-29,Monterey,053,433212,11727,11425,72,11497,92
2020-10-29,Napa,055,140530,2165,2009,6,2015,15
2020-10-29,Nevada,057,99092,678,632,16,648,9
2020-10-29,Orange,059,3164182,61921,59046,1873,60919,1464
2020-10-29,Placer,061,380077,4614,4270,16,4286,58
2020-10-29,Plumas,063,18699,90,69,0,69,0
2020-10-29,Riverside,065,2383286,69316,67268,488,67756,1304
2020-10-29,Sacramento,067,1510023,26644,25978,24,26002,507
2020-10-29,San Benito,069,59416,1463,1431,1,1432,15
2020-10-29,San Bernardino,071,2135413,66132,62968,514,63482,1150
2020-10-29,San Diego,073,3302833,58487,55916,1684,57600,885
2020-10-29,San Francisco,075,870044,12626,12312,51,12363,145
2020-10-29,San Joaquin,077,732212,22358,21736,246,21982,498
2020-10-29,San Luis Obispo,079,281455,4445,4223,34,4257,31
2020-10-29,San Mateo,081,765935,11661,11145,7,11152,157
2020-10-29,Santa Barbara,083,443738,10488,9902,84,9986,128
2020-10-29,Santa Clara,085,1922200,25945,24614,36,24650,377
2020-10-29,Santa Cruz,087,273765,3008,2850,37,2887,24
2020-10-29,Shasta,089,179085,2520,2008,21,2029,32
2020-10-29,Sierra,091,2930,6,6,0,6,0
2020-10-29,Siskiyou,093,43540,228,185,11,196,0
2020-10-29,Solano,095,438530,7759,7453,41,7494,78
2020-10-29,Sonoma,097,501317,9986,9533,33,9566,140
2020-10-29,Stanislaus,099,539301,18033,17790,825,18615,410
2020-10-29,Sutter,101,95872,1920,1852,1,1853,12
2020-10-29,Tehama,103,63373,995,925,2,927,5
2020-10-29,Trinity,105,12862,72,28,7,35,0
2020-10-29,Tulare,107,460477,18124,17627,454,18081,299
2020-10-29,Tuolumne,109,53932,303,279,3,282,4
2020-10-29,Ventura,111,848112,15127,14486,347,14833,154
2020-10-29,Yolo,113,214977,3360,3246,9,3255,60
2020-10-29,Yuba,115,75493,1308,1248,5,1253,10
2020-10-28,Alameda,001,1643700,24119,23468,241,23709,400
2020-10-28,Alpine,003,1148,7,4,0,4,0
2020-10-28,Amador,005,37829,365,337,0,337,16
2020-10-28,Butte,007,227075,3259,3134,34,3168,56
2020-10-28,Calaveras,009,45235,347,278,0,278,13
2020-10-28,Colusa,011,21464,566,551,1,552,6
2020-10-28,Contra Costa,013,1133247,19467,18828,98,18926,246
2020-10-28,Del Norte,015,27424,182,173,0,173,2
2020-10-28,El Dorado,017,186661,1460,1363,3,1366,4
2020-10-28,Fresno,019,978130,33828,31195,493,31688,444
2020-10-28,Glenn,021,27897,698,673,2,675,3
2020-10-28,Humboldt,023,135768,581,559,1,560,7
2020-10-28,Imperial,025,180216,13129,12730,13,12743,333
2020-10-28,Inyo,027,18085,247,238,1,239,14
2020-10-28,Kern,029,883053,34367,33424,439,33863,436
2020-10-28,Kings,031,150075,8747,8486,60,8546,82
2020-10-28,Lake,033,64148,742,700,0,700,15
2020-10-28,Lassen,035,31185,781,771,2,773,0
2020-10-28,Los Angeles,037,10098052,307812,300726,3161,303887,7031
2020-10-28,Madera,039,155013,5141,4954,43,4997,53
2020-10-28,Marin,041,260295,7179,7079,19,7098,126
2020-10-28,Mariposa,043,17540,82,78,0,78,2
2020-10-28,Mendocino,045,87422,1110,1037,3,1040,20
2020-10-28,Merced,047,269075,9724,9480,37,9517,150
2020-10-28,Modoc,049,8938,48,31,2,33,0
2020-10-28,Mono,051,14174,237,176,4,180,1
2020-10-28,Monterey,053,433212,11669,11330,70,11400,89
2020-10-28,Napa,055,140530,2139,1998,5,2003,15
2020-10-28,Nevada,057,99092,670,629,16,645,9
2020-10-28,Orange,059,3164182,61658,58801,1856,60657,1459
2020-10-28,Placer,061,380077,4558,4236,16,4252,57
2020-10-28,Plumas,063,18699,89,67,0,67,0
2020-10-28,Riverside,065,2383286,68918,67003,464,67467,1302
2020-10-28,Sacramento,067,1510023,26448,25838,23,25861,506
2020-10-28,San Benito,069,59416,1455,1429,1,1430,15
2020-10-28,San Bernardino,071,2135413,65673,62778,504,63282,1154
2020-10-28,San Diego,073,3302833,58104,55556,1655,57211,881
2020-10-28,San Francisco,075,870044,12568,12261,50,12311,145
2020-10-28,San Joaquin,077,732212,22275,21707,234,21941,498
2020-10-28,San Luis Obispo,079,281455,4404,4197,31,4228,31
2020-10-28,San Mateo,081,765935,11597,11101,7,11108,157
2020-10-28,Santa Barbara,083,443738,10464,9872,82,9954,127
2020-10-28,Santa Clara,085,1922200,25801,24503,36,24539,375
2020-10-28,Santa Cruz,087,273765,2977,2836,37,2873,24
2020-10-28,Shasta,089,179085,2440,1996,20,2016,31
2020-10-28,Sierra,091,2930,6,6,0,6,0
2020-10-28,Siskiyou,093,43540,225,182,10,192,0
2020-10-28,Solano,095,438530,7700,7362,41,7403,77
2020-10-28,Sonoma,097,501317,9896,9457,28,9485,140
2020-10-28,Stanislaus,099,539301,17968,17765,816,18581,409
2020-10-28,Sutter,101,95872,1911,1840,1,1841,12
2020-10-28,Tehama,103,63373,984,921,2,923,5
2020-10-28,Trinity,105,12862,67,28,7,35,0
2020-10-28,Tulare,107,460477,18068,17569,436,18005,297
2020-10-28,Tuolumne,109,53932,300,277,3,280,4
2020-10-28,Ventura,111,848112,15054,14409,338,14747,153
2020-10-28,Yolo,113,214977,3336,3230,9,3239,60
2020-10-28,Yuba,115,75493,1296,1245,5,1250,10
2020-10-27,Alameda,001,1643700,24007,23365,238,23603,400
2020-10-27,Alpine,003,1148,7,3,0,3,0
2020-10-27,Amador,005,37829,362,335,0,335,16
2020-10-27,Butte,007,227075,3243,3107,31,3138,56
2020-10-27,Calaveras,009,45235,345,277,0,277,13
2020-10-27,Colusa,011,21464,561,549,1,550,6
2020-10-27,Contra Costa,013,1133247,19362,18766,98,18864,246
2020-10-27,Del Norte,015,27424,179,173,0,173,2
2020-10-27,El Dorado,017,186661,1447,1351,3,1354,4
2020-10-27,Fresno,019,978130,33711,31096,488,31584,442
2020-10-27,Glenn,021,27897,696,667,1,668,3
2020-10-27,Humboldt,023,135768,578,559,1,560,7
2020-10-27,Imperial,025,180216,13080,12680,13,12693,333
2020-10-27,Inyo,027,18085,247,231,1,232,14
2020-10-27,Kern,029,883053,34250,33328,435,33763,436
2020-10-27,Kings,031,150075,8716,8411,60,8471,83
2020-10-27,Lake,033,64148,739,700,0,700,15
2020-10-27,Lassen,035,31185,779,764,2,766,0
2020-10-27,Los Angeles,037,10098052,306429,299438,3130,302568,7008
2020-10-27,Madera,039,155013,5111,4942,42,4984,53
2020-10-27,Marin,041,260295,7163,7070,19,7089,126
2020-10-27,Mariposa,043,17540,81,78,0,78,2
2020-10-27,Mendocino,045,87422,1103,1033,2,1035,20
2020-10-27,Merced,047,269075,9684,9449,37,9486,150
2020-10-27,Modoc,049,8938,46,31,2,33,0
2020-10-27,Mono,051,14174,223,169,4,173,1
2020-10-27,Monterey,053,433212,11613,11261,68,11329,88
2020-10-27,Napa,055,140530,2123,1979,5,1984,15
2020-10-27,Nevada,057,99092,664,622,16,638,8
2020-10-27,Orange,059,3164182,61388,58550,1839,60389,1448
2020-10-27,Placer,061,380077,4510,4197,14,4211,57
2020-10-27,Plumas,063,18699,86,63,0,63,0
2020-10-27,Riverside,065,2383286,68564,66699,419,67118,1299
2020-10-27,Sacramento,067,1510023,26261,25701,22,25723,501
2020-10-27,San Benito,069,59416,1450,1428,1,1429,15
2020-10-27,San Bernardino,071,2135413,65211,62357,491,62848,1154
2020-10-27,San Diego,073,3302833,57631,55226,1632,56858,877
2020-10-27,San Francisco,075,870044,12494,12218,49,12267,140
2020-10-27,San Joaquin,077,732212,22184,21637,225,21862,496
2020-10-27,San Luis Obispo,079,281455,4377,4148,27,4175,31
2020-10-27,San Mateo,081,765935,11548,11074,7,11081,156
2020-10-27,Santa Barbara,083,443738,10435,9874,81,9955,125
2020-10-27,Santa Clara,085,1922200,25659,24368,36,24404,367
2020-10-27,Santa Cruz,087,273765,2947,2815,36,2851,24
2020-10-27,Shasta,089,179085,2353,1962,20,1982,29
2020-10-27,Sierra,091,2930,6,6,0,6,0
2020-10-27,Siskiyou,093,43540,216,181,10,191,0
2020-10-27,Solano,095,438530,7631,7298,41,7339,77
2020-10-27,Sonoma,097,501317,9829,9389,28,9417,140
2020-10-27,Stanislaus,099,539301,17901,17720,808,18528,408
2020-10-27,Sutter,101,95872,1898,1832,1,1833,12
2020-10-27,Tehama,103,63373,970,913,2,915,5
2020-10-27,Trinity,105,12862,64,28,7,35,0
2020-10-27,Tulare,107,460477,18005,17520,413,17933,296
2020-10-27,Tuolumne,109,53932,296,275,3,278,4
2020-10-27,Ventura,111,848112,14971,14347,331,14678,153
2020-10-27,Yolo,113,214977,3322,3216,9,3225,58
2020-10-27,Yuba,115,75493,1283,1235,5,1240,10
2020-10-26,Alameda,001,1643700,23895,23284,237,23521,398
2020-10-26,Alpine,003,1148,5,3,0,3,0
2020-10-26,Amador,005,37829,358,331,0,331,16
2020-10-26,Butte,007,227075,3231,3095,29,3124,56
2020-10-26,Calaveras,009,45235,341,274,0,274,13
2020-10-26,Colusa,011,21464,559,548,1,549,6
2020-10-26,Contra Costa,013,1133247,19266,18718,97,18815,245
2020-10-26,Del Norte,015,27424,179,171,0,171,2
2020-10-26,El Dorado,017,186661,1433,1336,3,1339,4
2020-10-26,Fresno,019,978130,33599,30969,481,31450,441
2020-10-26,Glenn,021,27897,689,660,1,661,3
2020-10-26,Humboldt,023,135768,570,554,1,555,7
2020-10-26,Imperial,025,180216,13026,12654,10,12664,333
2020-10-26,Inyo,027,18085,247,226,1,227,14
2020-10-26,Kern,029,883053,34166,33233,430,33663,432
2020-10-26,Kings,031,150075,8694,8264,58,8322,82
2020-10-26,Lake,033,64148,737,697,0,697,15
2020-10-26,Lassen,035,31185,776,764,2,766,0
2020-10-26,Los Angeles,037,10098052,305003,297961,3087,301048,6979
2020-10-26,Madera,039,155013,5090,4922,41,4963,53
2020-10-26,Marin,041,260295,7157,7064,18,7082,104
2020-10-26,Mariposa,043,17540,81,77,0,77,2
2020-10-26,Mendocino,045,87422,1095,1026,2,1028,20
2020-10-26,Merced,047,269075,9637,9375,36,9411,150
2020-10-26,Modoc,049,8938,44,28,0,28,0
2020-10-26,Mono,051,14174,217,167,4,171,1
2020-10-26,Monterey,053,433212,11563,11207,64,11271,87
2020-10-26,Napa,055,140530,2091,1966,5,1971,14
2020-10-26,Nevada,057,99092,657,618,16,634,8
2020-10-26,Orange,059,3164182,61185,58377,1819,60196,1442
2020-10-26,Placer,061,380077,4468,4161,13,4174,57
2020-10-26,Plumas,063,18699,84,63,0,63,0
2020-10-26,Riverside,065,2383286,68110,66475,395,66870,1294
2020-10-26,Sacramento,067,1510023,26079,25555,20,25575,496
2020-10-26,San Benito,069,59416,1442,1424,1,1425,15
2020-10-26,San Bernardino,071,2135413,64740,61871,488,62359,1153
2020-10-26,San Diego,073,3302833,57240,54957,1594,56551,870
2020-10-26,San Francisco,075,870044,12434,12072,49,12121,138
2020-10-26,San Joaquin,077,732212,22101,21459,219,21678,495
2020-10-26,San Luis Obispo,079,281455,4352,4133,27,4160,31
2020-10-26,San Mateo,081,765935,11504,11037,7,11044,156
2020-10-26,Santa Barbara,083,443738,10412,9827,81,9908,122
2020-10-26,Santa Clara,085,1922200,25469,24258,35,24293,365
2020-10-26,Santa Cruz,087,273765,2921,2808,36,2844,24
2020-10-26,Shasta,089,179085,2300,1889,20,1909,29
2020-10-26,Sierra,091,2930,6,6,0,6,0
2020-10-26,Siskiyou,093,43540,208,179,10,189,0
2020-10-26,Solano,095,438530,7551,7271,41,7312,62
2020-10-26,Sonoma,097,501317,9749,9315,28,9343,140
2020-10-26,Stanislaus,099,539301,17851,17666,798,18464,400
2020-10-26,Sutter,101,95872,1890,1817,1,1818,12
2020-10-26,Tehama,103,63373,950,892,2,894,5
2020-10-26,Trinity,105,12862,63,26,7,33,0
2020-10-26,Tulare,107,460477,17928,17432,390,17822,296
2020-10-26,Tuolumne,109,53932,287,271,3,274,4
2020-10-26,Ventura,111,848112,14901,14330,328,14658,154
2020-10-26,Yolo,113,214977,3302,3206,9,3215,58
2020-10-26,Yuba,115,75493,1267,1226,5,1231,10
2020-10-25,Alameda,001,1643700,23789,23192,237,23429,398
2020-10-25,Alpine,003,1148,4,3,0,3,0
2020-10-25,Amador,005,37829,347,330,0,330,16
2020-10-25,Butte,007,227075,3212,3087,29,3116,56
2020-10-25,Calaveras,009,45235,340,274,0,274,13
2020-10-25,Colusa,011,21464,555,548,1,549,6
2020-10-25,Contra Costa,013,1133247,19165,18640,97,18737,245
2020-10-25,Del Norte,015,27424,175,171,0,171,2
2020-10-25,El Dorado,017,186661,1418,1328,3,1331,4
2020-10-25,Fresno,019,978130,33470,30858,469,31327,441
2020-10-25,Glenn,021,27897,686,652,1,653,3
2020-10-25,Humboldt,023,135768,567,554,1,555,7
2020-10-25,Imperial,025,180216,12976,12572,10,12582,333
2020-10-25,Inyo,027,18085,244,226,1,227,14
2020-10-25,Kern,029,883053,34059,33185,426,33611,432
2020-10-25,Kings,031,150075,8661,8246,56,8302,82
2020-10-25,Lake,033,64148,720,695,0,695,15
2020-10-25,Lassen,035,31185,773,764,2,766,0
2020-10-25,Los Angeles,037,10098052,303444,297110,3047,300157,6973
2020-10-25,Madera,039,155013,5060,4909,36,4945,53
2020-10-25,Marin,041,260295,7147,7052,18,7070,102
2020-10-25,Mariposa,043,17540,81,77,0,77,2
2020-10-25,Mendocino,045,87422,1088,1024,2,1026,20
2020-10-25,Merced,047,269075,9572,9352,34,9386,150
2020-10-25,Modoc,049,8938,39,28,0,28,0
2020-10-25,Mono,051,14174,209,167,4,171,1
2020-10-25,Monterey,053,433212,11480,11182,59,11241,87
2020-10-25,Napa,055,140530,2061,1962,5,1967,14
2020-10-25,Nevada,057,99092,649,616,16,632,8
2020-10-25,Orange,059,3164182,60896,58185,1809,59994,1443
2020-10-25,Placer,061,380077,4416,4140,13,4153,57
2020-10-25,Plumas,063,18699,84,63,0,63,0
2020-10-25,Riverside,065,2383286,67658,66192,379,66571,1289
2020-10-25,Sacramento,067,1510023,25863,25445,17,25462,496
2020-10-25,San Benito,069,59416,1435,1423,1,1424,15
2020-10-25,San Bernardino,071,2135413,64201,61551,476,62027,1153
2020-10-25,San Diego,073,3302833,56777,54599,1562,56161,870
2020-10-25,San Francisco,075,870044,12361,12072,49,12121,137
2020-10-25,San Joaquin,077,732212,21994,21459,210,21669,495
2020-10-25,San Luis Obispo,079,281455,4310,4126,25,4151,31
2020-10-25,San Mateo,081,765935,11459,10987,7,10994,156
2020-10-25,Santa Barbara,083,443738,10392,9814,81,9895,122
2020-10-25,Santa Clara,085,1922200,25281,24087,35,24122,365
2020-10-25,Santa Cruz,087,273765,2894,2789,36,2825,24
2020-10-25,Shasta,089,179085,2236,1889,20,1909,29
2020-10-25,Sierra,091,2930,6,6,0,6,0
2020-10-25,Siskiyou,093,43540,205,176,10,186,0
2020-10-25,Solano,095,438530,7474,7197,41,7238,60
2020-10-25,Sonoma,097,501317,9656,9235,27,9262,140
2020-10-25,Stanislaus,099,539301,17794,17641,788,18429,400
2020-10-25,Sutter,101,95872,1872,1811,1,1812,12
2020-10-25,Tehama,103,63373,933,880,2,882,5
2020-10-25,Trinity,105,12862,59,26,7,33,0
2020-10-25,Tulare,107,460477,17856,17431,380,17811,296
2020-10-25,Tuolumne,109,53932,282,271,3,274,4
2020-10-25,Ventura,111,848112,14808,14300,322,14622,154
2020-10-25,Yolo,113,214977,3281,3190,9,3199,58
2020-10-25,Yuba,115,75493,1259,1219,5,1224,10
2020-10-24,Alameda,001,1643700,23719,23099,234,23333,398
2020-10-24,Alpine,003,1148,4,3,0,3,0
2020-10-24,Amador,005,37829,346,328,0,328,16
2020-10-24,Butte,007,227075,3203,3078,29,3107,56
2020-10-24,Calaveras,009,45235,338,274,0,274,13
2020-10-24,Colusa,011,21464,550,548,1,549,6
2020-10-24,Contra Costa,013,1133247,19098,18567,97,18664,244
2020-10-24,Del Norte,015,27424,174,171,0,171,2
2020-10-24,El Dorado,017,186661,1402,1317,3,1320,4
2020-10-24,Fresno,019,978130,33409,30752,465,31217,441
2020-10-24,Glenn,021,27897,683,650,1,651,3
2020-10-24,Humboldt,023,135768,565,553,1,554,7
2020-10-24,Imperial,025,180216,12949,12469,10,12479,333
2020-10-24,Inyo,027,18085,244,226,1,227,14
2020-10-24,Kern,029,883053,34001,33105,421,33526,432
2020-10-24,Kings,031,150075,8651,8228,55,8283,82
2020-10-24,Lake,033,64148,715,696,0,696,15
2020-10-24,Lassen,035,31185,772,764,2,766,0
2020-10-24,Los Angeles,037,10098052,302626,296323,3023,299346,6969
2020-10-24,Madera,039,155013,5047,4898,35,4933,53
2020-10-24,Marin,041,260295,7138,7042,18,7060,102
2020-10-24,Mariposa,043,17540,81,77,0,77,2
2020-10-24,Mendocino,045,87422,1076,1022,2,1024,20
2020-10-24,Merced,047,269075,9548,9351,34,9385,150
2020-10-24,Modoc,049,8938,38,28,0,28,0
2020-10-24,Mono,051,14174,195,167,4,171,1
2020-10-24,Monterey,053,433212,11413,11153,58,11211,87
2020-10-24,Napa,055,140530,2044,1957,5,1962,14
2020-10-24,Nevada,057,99092,645,608,16,624,8
2020-10-24,Orange,059,3164182,60743,57928,1798,59726,1441
2020-10-24,Placer,061,380077,4385,4093,13,4106,57
2020-10-24,Plumas,063,18699,78,63,0,63,0
2020-10-24,Riverside,065,2383286,67449,65902,365,66267,1288
2020-10-24,Sacramento,067,1510023,25782,25372,17,25389,496
2020-10-24,San Benito,069,59416,1430,1417,1,1418,15
2020-10-24,San Bernardino,071,2135413,63961,61351,467,61818,1153
2020-10-24,San Diego,073,3302833,56500,54330,1549,55879,868
2020-10-24,San Francisco,075,870044,12303,12073,48,12121,137
2020-10-24,San Joaquin,077,732212,21942,21458,205,21663,495
2020-10-24,San Luis Obispo,079,281455,4285,4119,24,4143,31
2020-10-24,San Mateo,081,765935,11420,10942,7,10949,155
2020-10-24,Santa Barbara,083,443738,10375,9781,81,9862,122
2020-10-24,Santa Clara,085,1922200,25194,23978,35,24013,365
2020-10-24,Santa Cruz,087,273765,2875,2775,36,2811,24
2020-10-24,Shasta,089,179085,2191,1878,20,1898,29
2020-10-24,Sierra,091,2930,6,6,0,6,0
2020-10-24,Siskiyou,093,43540,204,174,10,184,0
2020-10-24,Solano,095,438530,7421,7189,41,7230,60
2020-10-24,Sonoma,097,501317,9622,9179,27,9206,140
2020-10-24,Stanislaus,099,539301,17750,17574,772,18346,400
2020-10-24,Sutter,101,95872,1863,1804,1,1805,12
2020-10-24,Tehama,103,63373,925,872,2,874,5
2020-10-24,Trinity,105,12862,59,25,7,32,0
2020-10-24,Tulare,107,460477,17834,17406,368,17774,295
2020-10-24,Tuolumne,109,53932,279,269,3,272,4
2020-10-24,Ventura,111,848112,14755,14240,321,14561,154
2020-10-24,Yolo,113,214977,3270,3164,9,3173,57
2020-10-24,Yuba,115,75493,1256,1210,5,1215,10
2020-10-23,Alameda,001,1643700,23647,23047,232,23279,393
2020-10-23,Alpine,003,1148,4,3,0,3,0
2020-10-23,Amador,005,37829,345,324,0,324,16
2020-10-23,Butte,007,227075,3194,3059,29,3088,55
2020-10-23,Calaveras,009,45235,337,273,0,273,13
2020-10-23,Colusa,011,21464,550,547,1,548,6
2020-10-23,Contra Costa,013,1133247,19027,18483,96,18579,244
2020-10-23,Del Norte,015,27424,174,171,0,171,2
2020-10-23,El Dorado,017,186661,1393,1310,3,1313,4
2020-10-23,Fresno,019,978130,33342,30590,461,31051,441
2020-10-23,Glenn,021,27897,680,644,1,645,3
2020-10-23,Humboldt,023,135768,563,553,1,554,7
2020-10-23,Imperial,025,180216,12918,12398,10,12408,333
2020-10-23,Inyo,027,18085,243,226,1,227,14
2020-10-23,Kern,029,883053,33933,33077,416,33493,431
2020-10-23,Kings,031,150075,8642,8218,55,8273,82
2020-10-23,Lake,033,64148,713,689,0,689,15
2020-10-23,Lassen,035,31185,771,764,2,766,0
2020-10-23,Los Angeles,037,10098052,301547,294287,2992,297279,6956
2020-10-23,Madera,039,155013,5042,4888,35,4923,53
2020-10-23,Marin,041,260295,7125,7029,18,7047,102
2020-10-23,Mariposa,043,17540,81,77,0,77,2
2020-10-23,Mendocino,045,87422,1073,1019,2,1021,20
2020-10-23,Merced,047,269075,9534,9327,34,9361,149
2020-10-23,Modoc,049,8938,38,28,0,28,0
2020-10-23,Mono,051,14174,194,159,4,163,1
2020-10-23,Monterey,053,433212,11366,11099,54,11153,86
2020-10-23,Napa,055,140530,2036,1942,5,1947,14
2020-10-23,Nevada,057,99092,642,604,16,620,8
2020-10-23,Orange,059,3164182,60572,57595,1783,59378,1430
2020-10-23,Placer,061,380077,4339,4073,13,4086,57
2020-10-23,Plumas,063,18699,75,63,0,63,0
2020-10-23,Riverside,065,2383286,67210,65512,357,65869,1279
2020-10-23,Sacramento,067,1510023,25677,25224,17,25241,496
2020-10-23,San Benito,069,59416,1428,1412,1,1413,15
2020-10-23,San Bernardino,071,2135413,63677,60854,453,61307,1150
2020-10-23,San Diego,073,3302833,56194,53944,1522,55466,867
2020-10-23,San Francisco,075,870044,12272,12015,48,12063,137
2020-10-23,San Joaquin,077,732212,21886,21361,199,21560,495
2020-10-23,San Luis Obispo,079,281455,4259,4102,24,4126,31
2020-10-23,San Mateo,081,765935,11371,10872,7,10879,155
2020-10-23,Santa Barbara,083,443738,10359,9751,81,9832,121
2020-10-23,Santa Clara,085,1922200,25092,23822,35,23857,364
2020-10-23,Santa Cruz,087,273765,2861,2757,36,2793,24
2020-10-23,Shasta,089,179085,2155,1846,19,1865,29
2020-10-23,Sierra,091,2930,6,6,0,6,0
2020-10-23,Siskiyou,093,43540,200,172,10,182,0
2020-10-23,Solano,095,438530,7390,7174,41,7215,59
2020-10-23,Sonoma,097,501317,9566,9112,27,9139,139
2020-10-23,Stanislaus,099,539301,17713,17496,764,18260,395
2020-10-23,Sutter,101,95872,1856,1797,1,1798,12
2020-10-23,Tehama,103,63373,916,862,2,864,5
2020-10-23,Trinity,105,12862,59,26,7,33,0
2020-10-23,Tulare,107,460477,17789,17334,356,17690,295
2020-10-23,Tuolumne,109,53932,277,254,3,257,4
2020-10-23,Ventura,111,848112,14726,14192,321,14513,155
2020-10-23,Yolo,113,214977,3257,3140,9,3149,57
2020-10-23,Yuba,115,75493,1252,1206,5,1211,10
2020-10-22,Alameda,001,1643700,23545,22915,232,23147,393
2020-10-22,Alpine,003,1148,4,3,0,3,0
2020-10-22,Amador,005,37829,341,317,0,317,16
2020-10-22,Butte,007,227075,3184,3046,27,3073,55
2020-10-22,Calaveras,009,45235,334,273,0,273,13
2020-10-22,Colusa,011,21464,550,547,1,548,6
2020-10-22,Contra Costa,013,1133247,18955,18393,96,18489,243
2020-10-22,Del Norte,015,27424,173,168,0,168,2
2020-10-22,El Dorado,017,186661,1383,1308,3,1311,4
2020-10-22,Fresno,019,978130,33233,30471,453,30924,438
2020-10-22,Glenn,021,27897,673,643,1,644,3
2020-10-22,Humboldt,023,135768,562,548,1,549,7
2020-10-22,Imperial,025,180216,12865,12311,10,12321,333
2020-10-22,Inyo,027,18085,240,220,1,221,14
2020-10-22,Kern,029,883053,33852,32991,413,33404,431
2020-10-22,Kings,031,150075,8391,8201,55,8256,82
2020-10-22,Lake,033,64148,709,678,0,678,15
2020-10-22,Lassen,035,31185,768,764,2,766,0
2020-10-22,Los Angeles,037,10098052,300173,291599,2932,294531,6935
2020-10-22,Madera,039,155013,5021,4847,35,4882,52
2020-10-22,Marin,041,260295,7119,7014,18,7032,102
2020-10-22,Mariposa,043,17540,81,77,0,77,2
2020-10-22,Mendocino,045,87422,1068,1016,2,1018,20
2020-10-22,Merced,047,269075,9506,9323,34,9357,149
2020-10-22,Modoc,049,8938,34,26,0,26,0
2020-10-22,Mono,051,14174,189,156,4,160,1
2020-10-22,Monterey,053,433212,11307,11059,51,11110,84
2020-10-22,Napa,055,140530,2021,1928,5,1933,14
2020-10-22,Nevada,057,99092,636,600,16,616,8
2020-10-22,Orange,059,3164182,60358,57418,1766,59184,1422
2020-10-22,Placer,061,380077,4290,4036,13,4049,57
2020-10-22,Plumas,063,18699,72,62,0,62,0
2020-10-22,Riverside,065,2383286,66876,65104,337,65441,1279
2020-10-22,Sacramento,067,1510023,25538,25054,17,25071,492
2020-10-22,San Benito,069,59416,1424,1403,1,1404,15
2020-10-22,San Bernardino,071,2135413,63276,60402,438,60840,1149
2020-10-22,San Diego,073,3302833,55809,53514,1503,55017,866
2020-10-22,San Francisco,075,870044,12214,11991,46,12037,137
2020-10-22,San Joaquin,077,732212,21813,21282,193,21475,495
2020-10-22,San Luis Obispo,079,281455,4243,4081,24,4105,31
2020-10-22,San Mateo,081,765935,11315,10796,7,10803,155
2020-10-22,Santa Barbara,083,443738,10325,9710,79,9789,120
2020-10-22,Santa Clara,085,1922200,24938,23621,35,23656,363
2020-10-22,Santa Cruz,087,273765,2843,2738,35,2773,24
2020-10-22,Shasta,089,179085,2109,1799,19,1818,29
2020-10-22,Sierra,091,2930,6,6,0,6,0
2020-10-22,Siskiyou,093,43540,200,169,10,179,0
2020-10-22,Solano,095,438530,7344,7116,41,7157,59
2020-10-22,Sonoma,097,501317,9500,9052,26,9078,139
2020-10-22,Stanislaus,099,539301,17660,17440,751,18191,395
2020-10-22,Sutter,101,95872,1842,1794,1,1795,12
2020-10-22,Tehama,103,63373,905,852,2,854,5
2020-10-22,Trinity,105,12862,58,26,7,33,0
2020-10-22,Tulare,107,460477,17723,17265,343,17608,293
2020-10-22,Tuolumne,109,53932,275,252,3,255,4
2020-10-22,Ventura,111,848112,14679,14124,319,14443,154
2020-10-22,Yolo,113,214977,3245,3116,9,3125,58
2020-10-22,Yuba,115,75493,1245,1199,5,1204,10
2020-10-21,Alameda,001,1643700,23457,22853,230,23083,392
2020-10-21,Alpine,003,1148,4,3,0,3,0
2020-10-21,Amador,005,37829,336,313,0,313,16
2020-10-21,Butte,007,227075,3172,3041,27,3068,55
2020-10-21,Calaveras,009,45235,333,272,0,272,13
2020-10-21,Colusa,011,21464,550,546,1,547,6
2020-10-21,Contra Costa,013,1133247,18881,18299,96,18395,243
2020-10-21,Del Norte,015,27424,173,169,0,169,2
2020-10-21,El Dorado,017,186661,1371,1305,2,1307,4
2020-10-21,Fresno,019,978130,33137,30328,451,30779,433
2020-10-21,Glenn,021,27897,668,640,1,641,3
2020-10-21,Humboldt,023,135768,561,548,1,549,7
2020-10-21,Imperial,025,180216,12808,12210,10,12220,331
2020-10-21,Inyo,027,18085,236,220,1,221,14
2020-10-21,Kern,029,883053,33778,32956,411,33367,430
2020-10-21,Kings,031,150075,8364,8186,55,8241,80
2020-10-21,Lake,033,64148,708,676,0,676,15
2020-10-21,Lassen,035,31185,767,764,2,766,0
2020-10-21,Los Angeles,037,10098052,298835,288096,2889,290985,6923
2020-10-21,Madera,039,155013,4996,4831,35,4866,52
2020-10-21,Marin,041,260295,7110,7002,18,7020,102
2020-10-21,Mariposa,043,17540,81,77,0,77,2
2020-10-21,Mendocino,045,87422,1066,1011,2,1013,21
2020-10-21,Merced,047,269075,9482,9319,32,9351,149
2020-10-21,Modoc,049,8938,33,26,0,26,0
2020-10-21,Mono,051,14174,187,156,4,160,1
2020-10-21,Monterey,053,433212,11269,11005,50,11055,83
2020-10-21,Napa,055,140530,2005,1918,5,1923,13
2020-10-21,Nevada,057,99092,630,597,16,613,8
2020-10-21,Orange,059,3164182,60146,57189,1755,58944,1409
2020-10-21,Placer,061,380077,4253,4007,13,4020,56
2020-10-21,Plumas,063,18699,69,58,0,58,0
2020-10-21,Riverside,065,2383286,66582,64778,311,65089,1278
2020-10-21,Sacramento,067,1510023,25345,24908,17,24925,490
2020-10-21,San Benito,069,59416,1423,1401,1,1402,14
2020-10-21,San Bernardino,071,2135413,62868,59948,431,60379,1141
2020-10-21,San Diego,073,3302833,55457,53279,1475,54754,863
2020-10-21,San Francisco,075,870044,12165,11976,45,12021,137
2020-10-21,San Joaquin,077,732212,21737,21201,187,21388,495
2020-10-21,San Luis Obispo,079,281455,4229,4055,22,4077,31
2020-10-21,San Mateo,081,765935,11266,10730,7,10737,155
2020-10-21,Santa Barbara,083,443738,10307,9681,78,9759,121
2020-10-21,Santa Clara,085,1922200,24812,23537,35,23572,361
2020-10-21,Santa Cruz,087,273765,2820,2729,35,2764,24
2020-10-21,Shasta,089,179085,2072,1777,19,1796,27
2020-10-21,Sierra,091,2930,6,6,0,6,0
2020-10-21,Siskiyou,093,43540,196,169,10,179,0
2020-10-21,Solano,095,438530,7299,7088,41,7129,59
2020-10-21,Sonoma,097,501317,9420,8987,26,9013,138
2020-10-21,Stanislaus,099,539301,17611,17419,742,18161,392
2020-10-21,Sutter,101,95872,1827,1786,1,1787,12
2020-10-21,Tehama,103,63373,889,824,2,826,5
2020-10-21,Trinity,105,12862,54,25,7,32,0
2020-10-21,Tulare,107,460477,17687,17204,329,17533,292
2020-10-21,Tuolumne,109,53932,274,251,3,254,4
2020-10-21,Ventura,111,848112,14616,14050,316,14366,153
2020-10-21,Yolo,113,214977,3226,3095,9,3104,58
2020-10-21,Yuba,115,75493,1236,1194,5,1199,10
2020-10-20,Alameda,001,1643700,23354,22750,226,22976,391
2020-10-20,Alpine,003,1148,4,3,0,3,0
2020-10-20,Amador,005,37829,335,313,0,313,16
2020-10-20,Butte,007,227075,3160,3027,27,3054,56
2020-10-20,Calaveras,009,45235,332,273,0,273,13
2020-10-20,Colusa,011,21464,547,546,1,547,6
2020-10-20,Contra Costa,013,1133247,18789,18246,96,18342,241
2020-10-20,Del Norte,015,27424,172,169,0,169,2
2020-10-20,El Dorado,017,186661,1365,1295,2,1297,4
2020-10-20,Fresno,019,978130,33034,30220,445,30665,431
2020-10-20,Glenn,021,27897,663,638,1,639,3
2020-10-20,Humboldt,023,135768,557,545,1,546,7
2020-10-20,Imperial,025,180216,12739,12114,10,12124,330
2020-10-20,Inyo,027,18085,236,218,1,219,14
2020-10-20,Kern,029,883053,33703,32889,398,33287,429
2020-10-20,Kings,031,150075,8346,8178,54,8232,80
2020-10-20,Lake,033,64148,706,675,0,675,15
2020-10-20,Lassen,035,31185,766,757,2,759,0
2020-10-20,Los Angeles,037,10098052,297346,287727,2836,290563,6891
2020-10-20,Madera,039,155013,4979,4823,35,4858,52
2020-10-20,Marin,041,260295,7095,6994,18,7012,101
2020-10-20,Mariposa,043,17540,80,77,0,77,2
2020-10-20,Mendocino,045,87422,1064,1004,2,1006,21
2020-10-20,Merced,047,269075,9460,9323,32,9355,149
2020-10-20,Modoc,049,8938,32,26,0,26,0
2020-10-20,Mono,051,14174,187,156,4,160,1
2020-10-20,Monterey,053,433212,11226,10942,47,10989,81
2020-10-20,Napa,055,140530,1986,1912,5,1917,13
2020-10-20,Nevada,057,99092,620,596,16,612,8
2020-10-20,Orange,059,3164182,59882,56914,1745,58659,1397
2020-10-20,Placer,061,380077,4215,3997,13,4010,56
2020-10-20,Plumas,063,18699,66,53,0,53,0
2020-10-20,Riverside,065,2383286,66201,64452,299,64751,1275
2020-10-20,Sacramento,067,1510023,25218,24767,16,24783,485
2020-10-20,San Benito,069,59416,1420,1398,1,1399,14
2020-10-20,San Bernardino,071,2135413,62490,59571,426,59997,1109
2020-10-20,San Diego,073,3302833,55121,53004,1455,54459,857
2020-10-20,San Francisco,075,870044,12118,12013,44,12057,126
2020-10-20,San Joaquin,077,732212,21659,21173,176,21349,490
2020-10-20,San Luis Obispo,079,281455,4211,4043,21,4064,31
2020-10-20,San Mateo,081,765935,11220,10659,7,10666,155
2020-10-20,Santa Barbara,083,443738,10278,9664,76,9740,121
2020-10-20,Santa Clara,085,1922200,24675,23406,35,23441,358
2020-10-20,Santa Cruz,087,273765,2797,2710,35,2745,23
2020-10-20,Shasta,089,179085,2049,1747,19,1766,20
2020-10-20,Sierra,091,2930,6,6,0,6,0
2020-10-20,Siskiyou,093,43540,188,168,10,178,0
2020-10-20,Solano,095,438530,7250,7044,41,7085,57
2020-10-20,Sonoma,097,501317,9357,8904,24,8928,135
2020-10-20,Stanislaus,099,539301,17557,17367,738,18105,393
2020-10-20,Sutter,101,95872,1818,1783,1,1784,12
2020-10-20,Tehama,103,63373,874,813,2,815,5
2020-10-20,Trinity,105,12862,53,25,7,32,0
2020-10-20,Tulare,107,460477,17621,17156,323,17479,289
2020-10-20,Tuolumne,109,53932,272,250,3,253,4
2020-10-20,Ventura,111,848112,14552,13980,314,14294,152
2020-10-20,Yolo,113,214977,3203,3083,9,3092,56
2020-10-20,Yuba,115,75493,1226,1191,5,1196,10
2020-10-19,Alameda,001,1643700,23243,22647,225,22872,392
2020-10-19,Alpine,003,1148,4,3,0,3,0
2020-10-19,Amador,005,37829,329,313,0,313,16
2020-10-19,Butte,007,227075,3149,3026,27,3053,55
2020-10-19,Calaveras,009,45235,331,268,0,268,13
2020-10-19,Colusa,011,21464,547,544,1,545,6
2020-10-19,Contra Costa,013,1133247,18691,18173,96,18269,239
2020-10-19,Del Norte,015,27424,169,167,0,167,2
2020-10-19,El Dorado,017,186661,1344,1287,2,1289,4
2020-10-19,Fresno,019,978130,32926,30152,439,30591,431
2020-10-19,Glenn,021,27897,658,635,0,635,3
2020-10-19,Humboldt,023,135768,557,543,1,544,7
2020-10-19,Imperial,025,180216,12685,12036,9,12045,330
2020-10-19,Inyo,027,18085,235,218,1,219,14
2020-10-19,Kern,029,883053,33628,32840,395,33235,428
2020-10-19,Kings,031,150075,8328,8173,54,8227,80
2020-10-19,Lake,033,64148,703,673,0,673,15
2020-10-19,Lassen,035,31185,765,757,2,759,0
2020-10-19,Los Angeles,037,10098052,295861,287119,2796,289915,6858
2020-10-19,Madera,039,155013,4964,4787,35,4822,52
2020-10-19,Marin,041,260295,7077,6981,18,6999,100
2020-10-19,Mariposa,043,17540,80,77,0,77,2
2020-10-19,Mendocino,045,87422,1059,1001,2,1003,21
2020-10-19,Merced,047,269075,9436,9305,27,9332,148
2020-10-19,Modoc,049,8938,31,26,0,26,0
2020-10-19,Mono,051,14174,182,156,4,160,1
2020-10-19,Monterey,053,433212,11165,10907,47,10954,80
2020-10-19,Napa,055,140530,1972,1892,5,1897,12
2020-10-19,Nevada,057,99092,617,590,16,606,8
2020-10-19,Orange,059,3164182,59596,56652,1731,58383,1396
2020-10-19,Placer,061,380077,4167,3962,13,3975,49
2020-10-19,Plumas,063,18699,64,52,0,52,0
2020-10-19,Riverside,065,2383286,65771,64016,282,64298,1272
2020-10-19,Sacramento,067,1510023,25079,24542,16,24558,483
2020-10-19,San Benito,069,59416,1413,1395,1,1396,14
2020-10-19,San Bernardino,071,2135413,62040,59265,414,59679,1100
2020-10-19,San Diego,073,3302833,54735,52739,1429,54168,853
2020-10-19,San Francisco,075,870044,12074,11879,44,11923,126
2020-10-19,San Joaquin,077,732212,21584,20930,168,21098,489
2020-10-19,San Luis Obispo,079,281455,4195,4016,21,4037,31
2020-10-19,San Mateo,081,765935,11174,10568,7,10575,154
2020-10-19,Santa Barbara,083,443738,10243,9632,76,9708,121
2020-10-19,Santa Clara,085,1922200,24524,23301,35,23336,352
2020-10-19,Santa Cruz,087,273765,2780,2705,35,2740,19
2020-10-19,Shasta,089,179085,2005,1709,18,1727,20
2020-10-19,Sierra,091,2930,6,6,0,6,0
2020-10-19,Siskiyou,093,43540,181,167,10,177,0
2020-10-19,Solano,095,438530,7209,7003,41,7044,57
2020-10-19,Sonoma,097,501317,9270,8830,24,8854,135
2020-10-19,Stanislaus,099,539301,17506,17342,728,18070,390
2020-10-19,Sutter,101,95872,1813,1773,1,1774,12
2020-10-19,Tehama,103,63373,871,793,2,795,5
2020-10-19,Trinity,105,12862,51,23,7,30,0
2020-10-19,Tulare,107,460477,17572,17047,315,17362,291
2020-10-19,Tuolumne,109,53932,270,247,3,250,4
2020-10-19,Ventura,111,848112,14486,13930,311,14241,152
2020-10-19,Yolo,113,214977,3190,3069,9,3078,56
2020-10-19,Yuba,115,75493,1219,1183,5,1188,10
2020-10-18,Alameda,001,1643700,23139,22546,224,22770,392
2020-10-18,Alpine,003,1148,4,3,0,3,0
2020-10-18,Amador,005,37829,317,313,0,313,16
2020-10-18,Butte,007,227075,3136,3019,27,3046,55
2020-10-18,Calaveras,009,45235,330,267,0,267,13
2020-10-18,Colusa,011,21464,545,544,1,545,6
2020-10-18,Contra Costa,013,1133247,18592,18120,96,18216,237
2020-10-18,Del Norte,015,27424,169,167,0,167,2
2020-10-18,El Dorado,017,186661,1335,1283,2,1285,4
2020-10-18,Fresno,019,978130,32802,30051,431,30482,430
2020-10-18,Glenn,021,27897,656,634,0,634,3
2020-10-18,Humboldt,023,135768,554,540,1,541,7
2020-10-18,Imperial,025,180216,12623,11987,8,11995,330
2020-10-18,Inyo,027,18085,232,215,1,216,14
2020-10-18,Kern,029,883053,33555,32799,388,33187,428
2020-10-18,Kings,031,150075,8313,8159,54,8213,80
2020-10-18,Lake,033,64148,696,670,0,670,15
2020-10-18,Lassen,035,31185,765,757,2,759,0
2020-10-18,Los Angeles,037,10098052,294158,286187,2748,288935,6857
2020-10-18,Madera,039,155013,4939,4770,34,4804,52
2020-10-18,Marin,041,260295,7056,6969,18,6987,99
2020-10-18,Mariposa,043,17540,80,77,0,77,2
2020-10-18,Mendocino,045,87422,1057,988,2,990,21
2020-10-18,Merced,047,269075,9401,9292,27,9319,148
2020-10-18,Modoc,049,8938,30,26,0,26,0
2020-10-18,Mono,051,14174,177,155,4,159,1
2020-10-18,Monterey,053,433212,11113,10872,46,10918,80
2020-10-18,Napa,055,140530,1959,1882,5,1887,12
2020-10-18,Nevada,057,99092,611,582,16,598,8
2020-10-18,Orange,059,3164182,59298,56394,1715,58109,1396
2020-10-18,Placer,061,380077,4119,3938,13,3951,49
2020-10-18,Plumas,063,18699,62,52,0,52,0
2020-10-18,Riverside,065,2383286,65461,63765,259,64024,1270
2020-10-18,Sacramento,067,1510023,24924,24425,16,24441,482
2020-10-18,San Benito,069,59416,1406,1395,1,1396,14
2020-10-18,San Bernardino,071,2135413,61541,58893,406,59299,1098
2020-10-18,San Diego,073,3302833,54346,52359,1408,53767,853
2020-10-18,San Francisco,075,870044,12035,11878,44,11922,126
2020-10-18,San Joaquin,077,732212,21502,20931,155,21086,489
2020-10-18,San Luis Obispo,079,281455,4164,4009,19,4028,31
2020-10-18,San Mateo,081,765935,11115,10503,7,10510,154
2020-10-18,Santa Barbara,083,443738,10204,9608,75,9683,121
2020-10-18,Santa Clara,085,1922200,24350,23169,35,23204,352
2020-10-18,Santa Cruz,087,273765,2766,2692,35,2727,19
2020-10-18,Shasta,089,179085,1980,1708,18,1726,20
2020-10-18,Sierra,091,2930,6,6,0,6,0
2020-10-18,Siskiyou,093,43540,181,167,10,177,0
2020-10-18,Solano,095,438530,7162,6962,41,7003,57
2020-10-18,Sonoma,097,501317,9194,8781,22,8803,134
2020-10-18,Stanislaus,099,539301,17450,17290,719,18009,390
2020-10-18,Sutter,101,95872,1804,1764,1,1765,12
2020-10-18,Tehama,103,63373,839,774,2,776,5
2020-10-18,Trinity,105,12862,51,20,7,27,0
2020-10-18,Tulare,107,460477,17480,17048,305,17353,290
2020-10-18,Tuolumne,109,53932,265,245,3,248,4
2020-10-18,Ventura,111,848112,14407,13901,310,14211,151
2020-10-18,Yolo,113,214977,3151,3059,9,3068,55
2020-10-18,Yuba,115,75493,1208,1176,5,1181,10
2020-10-17,Alameda,001,1643700,23093,22394,222,22616,398
2020-10-17,Alpine,003,1148,4,3,0,3,0
2020-10-17,Amador,005,37829,315,309,0,309,16
2020-10-17,Butte,007,227075,3128,3012,25,3037,55
2020-10-17,Calaveras,009,45235,330,267,0,267,13
2020-10-17,Colusa,011,21464,544,544,1,545,6
2020-10-17,Contra Costa,013,1133247,18539,18005,96,18101,237
2020-10-17,Del Norte,015,27424,169,167,0,167,2
2020-10-17,El Dorado,017,186661,1331,1277,2,1279,4
2020-10-17,Fresno,019,978130,32748,29911,429,30340,430
2020-10-17,Glenn,021,27897,653,633,0,633,3
2020-10-17,Humboldt,023,135768,551,535,1,536,7
2020-10-17,Imperial,025,180216,12595,11962,8,11970,330
2020-10-17,Inyo,027,18085,227,212,1,213,14
2020-10-17,Kern,029,883053,33504,32710,385,33095,428
2020-10-17,Kings,031,150075,8307,8151,53,8204,80
2020-10-17,Lake,033,64148,693,663,0,663,15
2020-10-17,Lassen,035,31185,765,757,2,759,0
2020-10-17,Los Angeles,037,10098052,293406,285858,2720,288578,6844
2020-10-17,Madera,039,155013,4933,4759,34,4793,53
2020-10-17,Marin,041,260295,7053,6958,18,6976,99
2020-10-17,Mariposa,043,17540,79,77,0,77,2
2020-10-17,Mendocino,045,87422,1050,977,2,979,21
2020-10-17,Merced,047,269075,9387,9275,27,9302,148
2020-10-17,Modoc,049,8938,30,26,0,26,0
2020-10-17,Mono,051,14174,176,155,4,159,1
2020-10-17,Monterey,053,433212,11073,10807,45,10852,80
2020-10-17,Napa,055,140530,1952,1866,5,1871,12
2020-10-17,Nevada,057,99092,610,580,16,596,8
2020-10-17,Orange,059,3164182,59158,56197,1706,57903,1396
2020-10-17,Placer,061,380077,4092,3898,13,3911,49
2020-10-17,Plumas,063,18699,62,52,0,52,0
2020-10-17,Riverside,065,2383286,65264,63171,248,63419,1270
2020-10-17,Sacramento,067,1510023,24840,24304,16,24320,482
2020-10-17,San Benito,069,59416,1402,1389,1,1390,14
2020-10-17,San Bernardino,071,2135413,61271,58415,399,58814,1097
2020-10-17,San Diego,073,3302833,54121,51986,1397,53383,853
2020-10-17,San Francisco,075,870044,12007,11877,43,11920,126
2020-10-17,San Joaquin,077,732212,21448,20932,149,21081,489
2020-10-17,San Luis Obispo,079,281455,4149,3979,19,3998,31
2020-10-17,San Mateo,081,765935,11087,10423,7,10430,153
2020-10-17,Santa Barbara,083,443738,10185,9588,73,9661,121
2020-10-17,Santa Clara,085,1922200,24261,22997,35,23032,349
2020-10-17,Santa Cruz,087,273765,2752,2680,35,2715,19
2020-10-17,Shasta,089,179085,1954,1679,18,1697,20
2020-10-17,Sierra,091,2930,6,6,0,6,0
2020-10-17,Siskiyou,093,43540,180,167,10,177,0
2020-10-17,Solano,095,438530,7136,6929,41,6970,57
2020-10-17,Sonoma,097,501317,9151,8725,22,8747,134
2020-10-17,Stanislaus,099,539301,17411,17232,709,17941,390
2020-10-17,Sutter,101,95872,1802,1762,1,1763,12
2020-10-17,Tehama,103,63373,823,764,2,766,5
2020-10-17,Trinity,105,12862,51,20,7,27,0
2020-10-17,Tulare,107,460477,17450,16995,296,17291,290
2020-10-17,Tuolumne,109,53932,265,241,3,244,4
2020-10-17,Ventura,111,848112,14362,13845,307,14152,151
2020-10-17,Yolo,113,214977,3136,3045,7,3052,55
2020-10-17,Yuba,115,75493,1203,1164,5,1169,10
2020-10-16,Alameda,001,1643700,23039,22315,222,22537,397
2020-10-16,Alpine,003,1148,4,3,0,3,0
2020-10-16,Amador,005,37829,315,309,0,309,16
2020-10-16,Butte,007,227075,3117,3004,25,3029,54
2020-10-16,Calaveras,009,45235,330,267,0,267,13
2020-10-16,Colusa,011,21464,543,544,1,545,6
2020-10-16,Contra Costa,013,1133247,18486,17956,96,18052,237
2020-10-16,Del Norte,015,27424,169,166,0,166,2
2020-10-16,El Dorado,017,186661,1325,1273,2,1275,4
2020-10-16,Fresno,019,978130,32673,29796,427,30223,427
2020-10-16,Glenn,021,27897,648,632,0,632,3
2020-10-16,Humboldt,023,135768,551,533,1,534,7
2020-10-16,Imperial,025,180216,12555,11885,8,11893,330
2020-10-16,Inyo,027,18085,223,212,1,213,14
2020-10-16,Kern,029,883053,33461,32660,383,33043,428
2020-10-16,Kings,031,150075,8298,8146,52,8198,80
2020-10-16,Lake,033,64148,691,644,0,644,14
2020-10-16,Lassen,035,31185,765,757,2,759,0
2020-10-16,Los Angeles,037,10098052,292345,284988,2697,287685,6835
2020-10-16,Madera,039,155013,4921,4736,33,4769,53
2020-10-16,Marin,041,260295,7043,6933,18,6951,99
2020-10-16,Mariposa,043,17540,79,76,0,76,2
2020-10-16,Mendocino,045,87422,1043,974,2,976,21
2020-10-16,Merced,047,269075,9370,9246,27,9273,148
2020-10-16,Modoc,049,8938,30,26,0,26,0
2020-10-16,Mono,051,14174,174,155,4,159,1
2020-10-16,Monterey,053,433212,11039,10727,45,10772,79
2020-10-16,Napa,055,140530,1943,1855,5,1860,12
2020-10-16,Nevada,057,99092,608,579,16,595,8
2020-10-16,Orange,059,3164182,58982,56091,1699,57790,1388
2020-10-16,Placer,061,380077,4072,3864,13,3877,49
2020-10-16,Plumas,063,18699,61,52,0,52,0
2020-10-16,Riverside,065,2383286,65039,62986,247,63233,1267
2020-10-16,Sacramento,067,1510023,24746,24144,16,24160,479
2020-10-16,San Benito,069,59416,1399,1388,1,1389,14
2020-10-16,San Bernardino,071,2135413,61002,58233,399,58632,1069
2020-10-16,San Diego,073,3302833,53880,51785,1383,53168,850
2020-10-16,San Francisco,075,870044,11985,11840,42,11882,126
2020-10-16,San Joaquin,077,732212,21403,20910,148,21058,489
2020-10-16,San Luis Obispo,079,281455,4135,3952,19,3971,32
2020-10-16,San Mateo,081,765935,11062,10405,7,10412,153
2020-10-16,Santa Barbara,083,443738,10167,9549,73,9622,119
2020-10-16,Santa Clara,085,1922200,24175,22920,35,22955,345
2020-10-16,Santa Cruz,087,273765,2739,2666,35,2701,20
2020-10-16,Shasta,089,179085,1932,1660,18,1678,20
2020-10-16,Sierra,091,2930,6,6,0,6,0
2020-10-16,Siskiyou,093,43540,178,167,10,177,0
2020-10-16,Solano,095,438530,7113,6879,41,6920,55
2020-10-16,Sonoma,097,501317,9095,8652,22,8674,133
2020-10-16,Stanislaus,099,539301,17378,17201,700,17901,366
2020-10-16,Sutter,101,95872,1794,1756,1,1757,12
2020-10-16,Tehama,103,63373,822,737,2,739,3
2020-10-16,Trinity,105,12862,51,20,7,27,0
2020-10-16,Tulare,107,460477,17418,16965,288,17253,290
2020-10-16,Tuolumne,109,53932,262,237,3,240,4
2020-10-16,Ventura,111,848112,14319,13805,302,14107,152
2020-10-16,Yolo,113,214977,3127,3030,7,3037,55
2020-10-16,Yuba,115,75493,1203,1155,5,1160,10
2020-10-15,Alameda,001,1643700,22971,22267,221,22488,390
2020-10-15,Alpine,003,1148,4,3,0,3,0
2020-10-15,Amador,005,37829,315,309,0,309,16
2020-10-15,Butte,007,227075,3105,3000,24,3024,54
2020-10-15,Calaveras,009,45235,329,267,0,267,13
2020-10-15,Colusa,011,21464,542,543,1,544,6
2020-10-15,Contra Costa,013,1133247,18419,17893,95,17988,237
2020-10-15,Del Norte,015,27424,169,164,0,164,2
2020-10-15,El Dorado,017,186661,1320,1265,2,1267,4
2020-10-15,Fresno,019,978130,32579,29727,425,30152,425
2020-10-15,Glenn,021,27897,643,632,0,632,3
2020-10-15,Humboldt,023,135768,547,531,1,532,7
2020-10-15,Imperial,025,180216,12514,11820,7,11827,330
2020-10-15,Inyo,027,18085,223,210,1,211,14
2020-10-15,Kern,029,883053,33380,32593,380,32973,427
2020-10-15,Kings,031,150075,8283,8134,52,8186,80
2020-10-15,Lake,033,64148,689,642,0,642,14
2020-10-15,Lassen,035,31185,764,752,2,754,0
2020-10-15,Los Angeles,037,10098052,291067,284019,2658,286677,6807
2020-10-15,Madera,039,155013,4909,4723,32,4755,50
2020-10-15,Marin,041,260295,7035,6912,18,6930,99
2020-10-15,Mariposa,043,17540,79,76,0,76,2
2020-10-15,Mendocino,045,87422,1038,963,2,965,21
2020-10-15,Merced,047,269075,9343,9213,27,9240,147
2020-10-15,Modoc,049,8938,30,26,0,26,0
2020-10-15,Mono,051,14174,174,155,4,159,1
2020-10-15,Monterey,053,433212,10972,10677,44,10721,79
2020-10-15,Napa,055,140530,1930,1842,5,1847,12
2020-10-15,Nevada,057,99092,604,575,16,591,8
2020-10-15,Orange,059,3164182,58766,55952,1687,57639,1379
2020-10-15,Placer,061,380077,4044,3848,13,3861,48
2020-10-15,Plumas,063,18699,58,52,0,52,0
2020-10-15,Riverside,065,2383286,64708,62819,244,63063,1266
2020-10-15,Sacramento,067,1510023,24629,24068,16,24084,474
2020-10-15,San Benito,069,59416,1396,1384,1,1385,14
2020-10-15,San Bernardino,071,2135413,60663,58068,396,58464,1067
2020-10-15,San Diego,073,3302833,53596,51472,1367,52839,847
2020-10-15,San Francisco,075,870044,11957,11808,39,11847,126
2020-10-15,San Joaquin,077,732212,21330,20880,142,21022,487
2020-10-15,San Luis Obispo,079,281455,4120,3934,19,3953,32
2020-10-15,San Mateo,081,765935,11022,10340,7,10347,152
2020-10-15,Santa Barbara,083,443738,10143,9526,72,9598,117
2020-10-15,Santa Clara,085,1922200,24059,22808,35,22843,343
2020-10-15,Santa Cruz,087,273765,2725,2656,35,2691,13
2020-10-15,Shasta,089,179085,1921,1635,18,1653,20
2020-10-15,Sierra,091,2930,6,6,0,6,0
2020-10-15,Siskiyou,093,43540,174,166,10,176,0
2020-10-15,Solano,095,438530,7074,6830,41,6871,55
2020-10-15,Sonoma,097,501317,9003,8571,22,8593,133
2020-10-15,Stanislaus,099,539301,17340,17151,686,17837,366
2020-10-15,Sutter,101,95872,1791,1752,1,1753,12
2020-10-15,Tehama,103,63373,795,726,2,728,3
2020-10-15,Trinity,105,12862,51,20,7,27,0
2020-10-15,Tulare,107,460477,17358,16918,272,17190,289
2020-10-15,Tuolumne,109,53932,260,236,3,239,4
2020-10-15,Ventura,111,848112,14263,13750,297,14047,152
2020-10-15,Yolo,113,214977,3107,3014,7,3021,55
2020-10-15,Yuba,115,75493,1196,1151,5,1156,10
2020-10-14,Alameda,001,1643700,22873,22227,220,22447,398
2020-10-14,Alpine,003,1148,4,3,0,3,0
2020-10-14,Amador,005,37829,313,308,0,308,16
2020-10-14,Butte,007,227075,3097,2995,24,3019,54
2020-10-14,Calaveras,009,45235,329,266,0,266,12
2020-10-14,Colusa,011,21464,542,543,1,544,6
2020-10-14,Contra Costa,013,1133247,18362,17820,93,17913,236
2020-10-14,Del Norte,015,27424,168,163,0,163,2
2020-10-14,El Dorado,017,186661,1314,1264,2,1266,4
2020-10-14,Fresno,019,978130,32467,29650,421,30071,424
2020-10-14,Glenn,021,27897,642,629,0,629,3
2020-10-14,Humboldt,023,135768,544,531,1,532,7
2020-10-14,Imperial,025,180216,12477,11765,6,11771,330
2020-10-14,Inyo,027,18085,222,209,1,210,14
2020-10-14,Kern,029,883053,33306,32528,377,32905,425
2020-10-14,Kings,031,150075,8266,8118,51,8169,80
2020-10-14,Lake,033,64148,688,642,0,642,14
2020-10-14,Lassen,035,31185,762,752,2,754,0
2020-10-14,Los Angeles,037,10098052,289756,282918,2611,285529,6786
2020-10-14,Madera,039,155013,4894,4713,31,4744,50
2020-10-14,Marin,041,260295,7029,6907,18,6925,99
2020-10-14,Mariposa,043,17540,78,76,0,76,2
2020-10-14,Mendocino,045,87422,1032,955,2,957,21
2020-10-14,Merced,047,269075,9318,9201,25,9226,147
2020-10-14,Modoc,049,8938,30,27,0,27,0
2020-10-14,Mono,051,14174,174,155,4,159,1
2020-10-14,Monterey,053,433212,10921,10616,44,10660,78
2020-10-14,Napa,055,140530,1913,1837,5,1842,12
2020-10-14,Nevada,057,99092,602,573,16,589,7
2020-10-14,Orange,059,3164182,58555,55756,1676,57432,1348
2020-10-14,Placer,061,380077,4021,3829,13,3842,48
2020-10-14,Plumas,063,18699,54,52,0,52,0
2020-10-14,Riverside,065,2383286,64425,62607,243,62850,1261
2020-10-14,Sacramento,067,1510023,24485,24013,16,24029,472
2020-10-14,San Benito,069,59416,1394,1381,0,1381,14
2020-10-14,San Bernardino,071,2135413,60337,57774,393,58167,1063
2020-10-14,San Diego,073,3302833,53278,51329,1343,52672,844
2020-10-14,San Francisco,075,870044,11925,11783,38,11821,123
2020-10-14,San Joaquin,077,732212,21251,20845,128,20973,487
2020-10-14,San Luis Obispo,079,281455,4097,3901,18,3919,32
2020-10-14,San Mateo,081,765935,10971,10309,7,10316,132
2020-10-14,Santa Barbara,083,443738,10108,9509,72,9581,117
2020-10-14,Santa Clara,085,1922200,23911,22735,35,22770,343
2020-10-14,Santa Cruz,087,273765,2715,2618,35,2653,13
2020-10-14,Shasta,089,179085,1883,1553,18,1571,20
2020-10-14,Sierra,091,2930,6,6,0,6,0
2020-10-14,Siskiyou,093,43540,174,166,10,176,0
2020-10-14,Solano,095,438530,7018,6786,41,6827,55
2020-10-14,Sonoma,097,501317,8950,8514,22,8536,133
2020-10-14,Stanislaus,099,539301,17295,17105,683,17788,365
2020-10-14,Sutter,101,95872,1782,1747,1,1748,12
2020-10-14,Tehama,103,63373,784,721,2,723,3
2020-10-14,Trinity,105,12862,50,20,7,27,0
2020-10-14,Tulare,107,460477,17296,16863,259,17122,287
2020-10-14,Tuolumne,109,53932,259,236,3,239,4
2020-10-14,Ventura,111,848112,14210,13697,293,13990,152
2020-10-14,Yolo,113,214977,3089,3007,7,3014,55
2020-10-14,Yuba,115,75493,1188,1147,5,1152,10
2020-10-13,Alameda,001,1643700,22769,22185,218,22403,389
2020-10-13,Alpine,003,1148,4,3,0,3,0
2020-10-13,Amador,005,37829,311,306,0,306,16
2020-10-13,Butte,007,227075,3088,2992,24,3016,54
2020-10-13,Calaveras,009,45235,325,262,0,262,12
2020-10-13,Colusa,011,21464,542,541,1,542,6
2020-10-13,Contra Costa,013,1133247,18304,17783,93,17876,234
2020-10-13,Del Norte,015,27424,168,163,0,163,2
2020-10-13,El Dorado,017,186661,1305,1262,2,1264,4
2020-10-13,Fresno,019,978130,32347,29579,417,29996,424
2020-10-13,Glenn,021,27897,641,629,0,629,3
2020-10-13,Humboldt,023,135768,542,523,1,524,7
2020-10-13,Imperial,025,180216,12442,11727,6,11733,327
2020-10-13,Inyo,027,18085,219,207,1,208,14
2020-10-13,Kern,029,883053,33231,32497,375,32872,419
2020-10-13,Kings,031,150075,8257,8111,51,8162,80
2020-10-13,Lake,033,64148,685,639,0,639,12
2020-10-13,Lassen,035,31185,760,752,2,754,0
2020-10-13,Los Angeles,037,10098052,288481,281716,2568,284284,6767
2020-10-13,Madera,039,155013,4876,4700,31,4731,50
2020-10-13,Marin,041,260295,7007,6900,18,6918,97
2020-10-13,Mariposa,043,17540,78,76,0,76,2
2020-10-13,Mendocino,045,87422,1023,950,2,952,21
2020-10-13,Merced,047,269075,9301,9181,25,9206,146
2020-10-13,Modoc,049,8938,29,28,0,28,0
2020-10-13,Mono,051,14174,174,155,3,158,1
2020-10-13,Monterey,053,433212,10860,10574,43,10617,78
2020-10-13,Napa,055,140530,1904,1825,5,1830,12
2020-10-13,Nevada,057,99092,596,572,16,588,7
2020-10-13,Orange,059,3164182,58343,55515,1662,57177,1326
2020-10-13,Placer,061,380077,3984,3825,13,3838,48
2020-10-13,Plumas,063,18699,52,51,0,51,0
2020-10-13,Riverside,065,2383286,64106,62279,241,62520,1254
2020-10-13,Sacramento,067,1510023,24408,23930,16,23946,466
2020-10-13,San Benito,069,59416,1386,1380,0,1380,14
2020-10-13,San Bernardino,071,2135413,59998,57411,391,57802,1061
2020-10-13,San Diego,073,3302833,52985,51026,1326,52352,840
2020-10-13,San Francisco,075,870044,11890,11659,38,11697,122
2020-10-13,San Joaquin,077,732212,21189,20822,124,20946,481
2020-10-13,San Luis Obispo,079,281455,4086,3892,17,3909,32
2020-10-13,San Mateo,081,765935,10928,10286,7,10293,130
2020-10-13,Santa Barbara,083,443738,10077,9489,72,9561,117
2020-10-13,Santa Clara,085,1922200,23785,22678,35,22713,343
2020-10-13,Santa Cruz,087,273765,2697,2603,35,2638,13
2020-10-13,Shasta,089,179085,1859,1606,18,1624,20
2020-10-13,Sierra,091,2930,6,6,0,6,0
2020-10-13,Siskiyou,093,43540,173,163,10,173,0
2020-10-13,Solano,095,438530,6983,6761,41,6802,55
2020-10-13,Sonoma,097,501317,8867,8456,22,8478,133
2020-10-13,Stanislaus,099,539301,17250,17082,678,17760,362
2020-10-13,Sutter,101,95872,1773,1748,1,1749,12
2020-10-13,Tehama,103,63373,776,717,2,719,3
2020-10-13,Trinity,105,12862,46,19,6,25,0
2020-10-13,Tulare,107,460477,17237,16822,251,17073,286
2020-10-13,Tuolumne,109,53932,257,235,3,238,4
2020-10-13,Ventura,111,848112,14157,13645,288,13933,151
2020-10-13,Yolo,113,214977,3081,2983,6,2989,55
2020-10-13,Yuba,115,75493,1183,1143,5,1148,10
2020-10-12,Alameda,001,1643700,22690,22126,217,22343,389
2020-10-12,Alpine,003,1148,4,3,0,3,0
2020-10-12,Amador,005,37829,310,305,0,305,16
2020-10-12,Butte,007,227075,3082,2975,24,2999,54
2020-10-12,Calaveras,009,45235,325,262,0,262,12
2020-10-12,Colusa,011,21464,542,541,1,542,6
2020-10-12,Contra Costa,013,1133247,18229,17728,93,17821,233
2020-10-12,Del Norte,015,27424,168,161,0,161,2
2020-10-12,El Dorado,017,186661,1302,1254,2,1256,4
2020-10-12,Fresno,019,978130,32214,29523,413,29936,421
2020-10-12,Glenn,021,27897,640,626,0,626,3
2020-10-12,Humboldt,023,135768,539,522,1,523,7
2020-10-12,Imperial,025,180216,12403,11689,6,11695,328
2020-10-12,Inyo,027,18085,216,201,1,202,14
2020-10-12,Kern,029,883053,33138,32425,372,32797,419
2020-10-12,Kings,031,150075,8251,8106,50,8156,80
2020-10-12,Lake,033,64148,679,633,0,633,12
2020-10-12,Lassen,035,31185,760,752,2,754,0
2020-10-12,Los Angeles,037,10098052,287267,280961,2538,283499,6747
2020-10-12,Madera,039,155013,4857,4689,31,4720,50
2020-10-12,Marin,041,260295,6990,6886,18,6904,97
2020-10-12,Mariposa,043,17540,78,76,0,76,2
2020-10-12,Mendocino,045,87422,1017,947,2,949,21
2020-10-12,Merced,047,269075,9280,9141,25,9166,146
2020-10-12,Modoc,049,8938,29,27,0,27,0
2020-10-12,Mono,051,14174,174,154,3,157,1
2020-10-12,Monterey,053,433212,10794,10473,43,10516,77
2020-10-12,Napa,055,140530,1896,1819,5,1824,11
2020-10-12,Nevada,057,99092,592,570,16,586,7
2020-10-12,Orange,059,3164182,58113,55373,1652,57025,1326
2020-10-12,Placer,061,380077,3952,3808,12,3820,48
2020-10-12,Plumas,063,18699,52,51,0,51,0
2020-10-12,Riverside,065,2383286,63794,62279,238,62517,1254
2020-10-12,Sacramento,067,1510023,24302,23807,16,23823,466
2020-10-12,San Benito,069,59416,1383,1376,0,1376,13
2020-10-12,San Bernardino,071,2135413,59626,57235,390,57625,1061
2020-10-12,San Diego,073,3302833,52695,50748,1299,52047,826
2020-10-12,San Francisco,075,870044,11858,11659,38,11697,122
2020-10-12,San Joaquin,077,732212,21126,20701,118,20819,480
2020-10-12,San Luis Obispo,079,281455,4062,3874,17,3891,32
2020-10-12,San Mateo,081,765935,10880,10262,7,10269,130
2020-10-12,Santa Barbara,083,443738,10040,9462,72,9534,117
2020-10-12,Santa Clara,085,1922200,23670,22578,35,22613,343
2020-10-12,Santa Cruz,087,273765,2680,2590,35,2625,13
2020-10-12,Shasta,089,179085,1834,1515,18,1533,20
2020-10-12,Sierra,091,2930,6,6,0,6,0
2020-10-12,Siskiyou,093,43540,172,162,10,172,0
2020-10-12,Solano,095,438530,6944,6742,41,6783,55
2020-10-12,Sonoma,097,501317,8796,8377,22,8399,133
2020-10-12,Stanislaus,099,539301,17201,17051,669,17720,361
2020-10-12,Sutter,101,95872,1765,1741,1,1742,12
2020-10-12,Tehama,103,63373,760,708,2,710,3
2020-10-12,Trinity,105,12862,45,19,6,25,0
2020-10-12,Tulare,107,460477,17185,16742,244,16986,286
2020-10-12,Tuolumne,109,53932,252,234,3,237,4
2020-10-12,Ventura,111,848112,14095,13617,284,13901,151
2020-10-12,Yolo,113,214977,3066,2964,6,2970,55
2020-10-12,Yuba,115,75493,1172,1141,5,1146,10
2020-10-11,Alameda,001,1643700,22600,22057,213,22270,392
2020-10-11,Alpine,003,1148,4,3,0,3,0
2020-10-11,Amador,005,37829,308,305,0,305,16
2020-10-11,Butte,007,227075,3074,2967,23,2990,54
2020-10-11,Calaveras,009,45235,323,262,0,262,12
2020-10-11,Colusa,011,21464,540,541,1,542,6
2020-10-11,Contra Costa,013,1133247,18147,17678,93,17771,233
2020-10-11,Del Norte,015,27424,166,161,0,161,2
2020-10-11,El Dorado,017,186661,1293,1242,2,1244,4
2020-10-11,Fresno,019,978130,32077,29419,406,29825,421
2020-10-11,Glenn,021,27897,638,625,0,625,3
2020-10-11,Humboldt,023,135768,538,521,1,522,7
2020-10-11,Imperial,025,180216,12343,11614,6,11620,328
2020-10-11,Inyo,027,18085,212,201,1,202,14
2020-10-11,Kern,029,883053,33051,32399,365,32764,418
2020-10-11,Kings,031,150075,8234,8094,49,8143,80
2020-10-11,Lake,033,64148,666,631,0,631,12
2020-10-11,Lassen,035,31185,759,752,2,754,0
2020-10-11,Los Angeles,037,10098052,285830,280190,2496,282686,6745
2020-10-11,Madera,039,155013,4829,4680,30,4710,50
2020-10-11,Marin,041,260295,6981,6870,18,6888,97
2020-10-11,Mariposa,043,17540,78,76,0,76,2
2020-10-11,Mendocino,045,87422,1010,944,2,946,21
2020-10-11,Merced,047,269075,9262,9124,25,9149,146
2020-10-11,Modoc,049,8938,29,27,0,27,0
2020-10-11,Mono,051,14174,174,154,3,157,1
2020-10-11,Monterey,053,433212,10743,10445,41,10486,77
2020-10-11,Napa,055,140530,1880,1811,5,1816,11
2020-10-11,Nevada,057,99092,590,569,16,585,7
2020-10-11,Orange,059,3164182,57883,55202,1645,56847,1326
2020-10-11,Placer,061,380077,3931,3787,12,3799,48
2020-10-11,Plumas,063,18699,52,51,0,51,0
2020-10-11,Riverside,065,2383286,63505,62112,234,62346,1254
2020-10-11,Sacramento,067,1510023,24160,23778,16,23794,466
2020-10-11,San Benito,069,59416,1382,1374,0,1374,13
2020-10-11,San Bernardino,071,2135413,59173,56997,386,57383,1061
2020-10-11,San Diego,073,3302833,52346,50553,1277,51830,826
2020-10-11,San Francisco,075,870044,11815,11659,38,11697,122
2020-10-11,San Joaquin,077,732212,21051,20700,108,20808,480
2020-10-11,San Luis Obispo,079,281455,4045,3874,16,3890,32
2020-10-11,San Mateo,081,765935,10849,10240,7,10247,130
2020-10-11,Santa Barbara,083,443738,10010,9440,71,9511,117
2020-10-11,Santa Clara,085,1922200,23527,22487,34,22521,336
2020-10-11,Santa Cruz,087,273765,2666,2578,35,2613,13
2020-10-11,Shasta,089,179085,1804,1515,17,1532,20
2020-10-11,Sierra,091,2930,6,6,0,6,0
2020-10-11,Siskiyou,093,43540,171,162,10,172,0
2020-10-11,Solano,095,438530,6890,6685,41,6726,53
2020-10-11,Sonoma,097,501317,8739,8319,22,8341,133
2020-10-11,Stanislaus,099,539301,17138,17007,652,17659,360
2020-10-11,Sutter,101,95872,1762,1742,1,1743,12
2020-10-11,Tehama,103,63373,736,702,2,704,3
2020-10-11,Trinity,105,12862,45,19,6,25,0
2020-10-11,Tulare,107,460477,17122,16741,236,16977,286
2020-10-11,Tuolumne,109,53932,248,234,3,237,4
2020-10-11,Ventura,111,848112,14034,13604,279,13883,151
2020-10-11,Yolo,113,214977,3036,2952,6,2958,55
2020-10-11,Yuba,115,75493,1160,1137,5,1142,10
2020-10-10,Alameda,001,1643700,22550,21979,212,22191,398
2020-10-10,Alpine,003,1148,4,3,0,3,0
2020-10-10,Amador,005,37829,307,304,0,304,16
2020-10-10,Butte,007,227075,3069,2962,22,2984,54
2020-10-10,Calaveras,009,45235,322,262,0,262,12
2020-10-10,Colusa,011,21464,540,541,1,542,6
2020-10-10,Contra Costa,013,1133247,18111,17566,92,17658,233
2020-10-10,Del Norte,015,27424,166,161,0,161,2
2020-10-10,El Dorado,017,186661,1291,1240,2,1242,4
2020-10-10,Fresno,019,978130,32014,29286,404,29690,421
2020-10-10,Glenn,021,27897,638,623,0,623,3
2020-10-10,Humboldt,023,135768,535,518,1,519,7
2020-10-10,Imperial,025,180216,12328,11591,6,11597,327
2020-10-10,Inyo,027,18085,209,201,1,202,14
2020-10-10,Kern,029,883053,33014,32338,365,32703,418
2020-10-10,Kings,031,150075,8230,8078,49,8127,80
2020-10-10,Lake,033,64148,665,630,0,630,11
2020-10-10,Lassen,035,31185,759,752,2,754,0
2020-10-10,Los Angeles,037,10098052,285110,279213,2462,281675,6743
2020-10-10,Madera,039,155013,4816,4662,30,4692,50
2020-10-10,Marin,041,260295,6972,6852,18,6870,97
2020-10-10,Mariposa,043,17540,78,76,0,76,2
2020-10-10,Mendocino,045,87422,1003,935,2,937,21
2020-10-10,Merced,047,269075,9256,9105,24,9129,146
2020-10-10,Modoc,049,8938,29,27,0,27,0
2020-10-10,Mono,051,14174,174,154,3,157,1
2020-10-10,Monterey,053,433212,10710,10410,41,10451,75
2020-10-10,Napa,055,140530,1873,1804,5,1809,11
2020-10-10,Nevada,057,99092,587,564,16,580,6
2020-10-10,Orange,059,3164182,57762,54965,1640,56605,1324
2020-10-10,Placer,061,380077,3914,3757,12,3769,48
2020-10-10,Plumas,063,18699,52,51,0,51,0
2020-10-10,Riverside,065,2383286,63302,61845,231,62076,1254
2020-10-10,Sacramento,067,1510023,24093,23689,16,23705,466
2020-10-10,San Benito,069,59416,1380,1370,0,1370,13
2020-10-10,San Bernardino,071,2135413,59011,56683,384,57067,1061
2020-10-10,San Diego,073,3302833,52116,50145,1259,51404,825
2020-10-10,San Francisco,075,870044,11794,11663,38,11701,122
2020-10-10,San Joaquin,077,732212,21023,20700,104,20804,481
2020-10-10,San Luis Obispo,079,281455,4025,3832,16,3848,32
2020-10-10,San Mateo,081,765935,10812,10218,7,10225,130
2020-10-10,Santa Barbara,083,443738,9999,9417,71,9488,116
2020-10-10,Santa Clara,085,1922200,23435,22354,34,22388,330
2020-10-10,Santa Cruz,087,273765,2652,2572,35,2607,13
2020-10-10,Shasta,089,179085,1787,1473,17,1490,20
2020-10-10,Sierra,091,2930,6,6,0,6,0
2020-10-10,Siskiyou,093,43540,171,161,10,171,0
2020-10-10,Solano,095,438530,6864,6655,41,6696,53
2020-10-10,Sonoma,097,501317,8719,8235,22,8257,133
2020-10-10,Stanislaus,099,539301,17103,16960,644,17604,360
2020-10-10,Sutter,101,95872,1759,1735,1,1736,12
2020-10-10,Tehama,103,63373,729,693,2,695,3
2020-10-10,Trinity,105,12862,45,19,6,25,0
2020-10-10,Tulare,107,460477,17088,16709,231,16940,286
2020-10-10,Tuolumne,109,53932,248,233,3,236,4
2020-10-10,Ventura,111,848112,14009,13520,279,13799,151
2020-10-10,Yolo,113,214977,3027,2939,6,2945,55
2020-10-10,Yuba,115,75493,1158,1134,5,1139,10
2020-10-09,Alameda,001,1643700,22502,21924,212,22136,399
2020-10-09,Alpine,003,1148,4,3,0,3,0
2020-10-09,Amador,005,37829,307,303,0,303,16
2020-10-09,Butte,007,227075,3066,2956,22,2978,51
2020-10-09,Calaveras,009,45235,320,262,0,262,11
2020-10-09,Colusa,011,21464,540,541,1,542,6
2020-10-09,Contra Costa,013,1133247,18061,17487,92,17579,229
2020-10-09,Del Norte,015,27424,165,161,0,161,2
2020-10-09,El Dorado,017,186661,1287,1234,2,1236,4
2020-10-09,Fresno,019,978130,31941,29208,402,29610,417
2020-10-09,Glenn,021,27897,633,617,0,617,3
2020-10-09,Humboldt,023,135768,533,516,1,517,7
2020-10-09,Imperial,025,180216,12301,11516,6,11522,330
2020-10-09,Inyo,027,18085,206,200,1,201,14
2020-10-09,Kern,029,883053,32971,32237,363,32600,417
2020-10-09,Kings,031,150075,8223,7993,47,8040,80
2020-10-09,Lake,033,64148,655,610,0,610,11
2020-10-09,Lassen,035,31185,759,751,2,753,0
2020-10-09,Los Angeles,037,10098052,283976,278039,2437,280476,6715
2020-10-09,Madera,039,155013,4806,4646,30,4676,50
2020-10-09,Marin,041,260295,6958,6838,18,6856,96
2020-10-09,Mariposa,043,17540,78,76,0,76,2
2020-10-09,Mendocino,045,87422,993,933,2,935,20
2020-10-09,Merced,047,269075,9242,9095,24,9119,145
2020-10-09,Modoc,049,8938,29,27,0,27,0
2020-10-09,Mono,051,14174,174,154,3,157,1
2020-10-09,Monterey,053,433212,10676,10369,41,10410,75
2020-10-09,Napa,055,140530,1863,1795,5,1800,11
2020-10-09,Nevada,057,99092,582,561,16,577,6
2020-10-09,Orange,059,3164182,57593,54746,1634,56380,1305
2020-10-09,Placer,061,380077,3900,3737,12,3749,48
2020-10-09,Plumas,063,18699,52,50,0,50,0
2020-10-09,Riverside,065,2383286,63066,61529,230,61759,1252
2020-10-09,Sacramento,067,1510023,24023,23606,16,23622,457
2020-10-09,San Benito,069,59416,1375,1367,0,1367,13
2020-10-09,San Bernardino,071,2135413,58771,56434,382,56816,1057
2020-10-09,San Diego,073,3302833,51840,49825,1248,51073,821
2020-10-09,San Francisco,075,870044,11764,11620,38,11658,120
2020-10-09,San Joaquin,077,732212,20994,20648,94,20742,481
2020-10-09,San Luis Obispo,079,281455,4006,3810,16,3826,32
2020-10-09,San Mateo,081,765935,10784,10140,7,10147,130
2020-10-09,Santa Barbara,083,443738,9971,9396,71,9467,116
2020-10-09,Santa Clara,085,1922200,23333,22251,33,22284,328
2020-10-09,Santa Cruz,087,273765,2643,2555,35,2590,13
2020-10-09,Shasta,089,179085,1760,1353,16,1369,20
2020-10-09,Sierra,091,2930,6,6,0,6,0
2020-10-09,Siskiyou,093,43540,169,156,10,166,0
2020-10-09,Solano,095,438530,6825,6614,41,6655,53
2020-10-09,Sonoma,097,501317,8665,8133,22,8155,133
2020-10-09,Stanislaus,099,539301,17080,16904,635,17539,362
2020-10-09,Sutter,101,95872,1755,1732,1,1733,12
2020-10-09,Tehama,103,63373,723,682,2,684,3
2020-10-09,Trinity,105,12862,45,25,6,31,0
2020-10-09,Tulare,107,460477,17048,16644,222,16866,286
2020-10-09,Tuolumne,109,53932,245,230,3,233,4
2020-10-09,Ventura,111,848112,13973,13469,276,13745,151
2020-10-09,Yolo,113,214977,3020,2928,6,2934,55
2020-10-09,Yuba,115,75493,1157,1129,5,1134,10
2020-10-08,Alameda,001,1643700,22421,21826,211,22037,395
2020-10-08,Alpine,003,1148,4,3,0,3,0
2020-10-08,Amador,005,37829,306,302,0,302,16
2020-10-08,Butte,007,227075,3056,2935,22,2957,51
2020-10-08,Calaveras,009,45235,319,262,0,262,11
2020-10-08,Colusa,011,21464,540,539,1,540,6
2020-10-08,Contra Costa,013,1133247,18001,17418,91,17509,228
2020-10-08,Del Norte,015,27424,165,151,0,151,2
2020-10-08,El Dorado,017,186661,1286,1230,2,1232,4
2020-10-08,Fresno,019,978130,31836,29111,402,29513,416
2020-10-08,Glenn,021,27897,630,616,0,616,3
2020-10-08,Humboldt,023,135768,529,515,1,516,7
2020-10-08,Imperial,025,180216,12262,11405,6,11411,330
2020-10-08,Inyo,027,18085,203,199,1,200,14
2020-10-08,Kern,029,883053,32913,32169,358,32527,411
2020-10-08,Kings,031,150075,8217,7968,47,8015,80
2020-10-08,Lake,033,64148,650,604,0,604,11
2020-10-08,Lassen,035,31185,754,751,2,753,0
2020-10-08,Los Angeles,037,10098052,282778,276763,2396,279159,6699
2020-10-08,Madera,039,155013,4787,4637,30,4667,50
2020-10-08,Marin,041,260295,6944,6810,18,6828,96
2020-10-08,Mariposa,043,17540,78,76,0,76,2
2020-10-08,Mendocino,045,87422,988,930,2,932,20
2020-10-08,Merced,047,269075,9222,9069,24,9093,144
2020-10-08,Modoc,049,8938,29,27,0,27,0
2020-10-08,Mono,051,14174,174,153,3,156,1
2020-10-08,Monterey,053,433212,10609,10343,41,10384,75
2020-10-08,Napa,055,140530,1848,1779,5,1784,11
2020-10-08,Nevada,057,99092,579,556,16,572,6
2020-10-08,Orange,059,3164182,57400,54523,1622,56145,1293
2020-10-08,Placer,061,380077,3882,3715,12,3727,48
2020-10-08,Plumas,063,18699,52,50,0,50,0
2020-10-08,Riverside,065,2383286,62798,61105,228,61333,1244
2020-10-08,Sacramento,067,1510023,23915,23482,16,23498,454
2020-10-08,San Benito,069,59416,1370,1367,0,1367,13
2020-10-08,San Bernardino,071,2135413,58406,56152,381,56533,1048
2020-10-08,San Diego,073,3302833,51560,49468,1216,50684,819
2020-10-08,San Francisco,075,870044,11727,11608,38,11646,115
2020-10-08,San Joaquin,077,732212,20943,20576,89,20665,478
2020-10-08,San Luis Obispo,079,281455,3990,3785,16,3801,32
2020-10-08,San Mateo,081,765935,10752,10044,7,10051,130
2020-10-08,Santa Barbara,083,443738,9942,9374,71,9445,116
2020-10-08,Santa Clara,085,1922200,23231,22095,33,22128,323
2020-10-08,Santa Cruz,087,273765,2631,2535,35,2570,13
2020-10-08,Shasta,089,179085,1726,1305,16,1321,20
2020-10-08,Sierra,091,2930,6,6,0,6,0
2020-10-08,Siskiyou,093,43540,169,156,10,166,0
2020-10-08,Solano,095,438530,6801,6556,41,6597,53
2020-10-08,Sonoma,097,501317,8599,8063,22,8085,132
2020-10-08,Stanislaus,099,539301,17034,16821,627,17448,360
2020-10-08,Sutter,101,95872,1755,1725,1,1726,12
2020-10-08,Tehama,103,63373,714,676,2,678,3
2020-10-08,Trinity,105,12862,45,25,6,31,0
2020-10-08,Tulare,107,460477,16987,16573,213,16786,283
2020-10-08,Tuolumne,109,53932,244,230,3,233,4
2020-10-08,Ventura,111,848112,13926,13399,273,13672,151
2020-10-08,Yolo,113,214977,3003,2914,6,2920,55
2020-10-08,Yuba,115,75493,1152,1126,5,1131,10
2020-10-07,Alameda,001,1643700,22344,21736,211,21947,395
2020-10-07,Alpine,003,1148,4,3,0,3,0
2020-10-07,Amador,005,37829,306,302,0,302,16
2020-10-07,Butte,007,227075,3044,2927,22,2949,47
2020-10-07,Calaveras,009,45235,317,262,0,262,11
2020-10-07,Colusa,011,21464,539,539,0,539,6
2020-10-07,Contra Costa,013,1133247,17930,17346,90,17436,225
2020-10-07,Del Norte,015,27424,164,149,0,149,2
2020-10-07,El Dorado,017,186661,1278,1219,2,1221,4
2020-10-07,Fresno,019,978130,31714,29069,397,29466,413
2020-10-07,Glenn,021,27897,630,615,0,615,3
2020-10-07,Humboldt,023,135768,526,512,1,513,7
2020-10-07,Imperial,025,180216,12225,11289,6,11295,330
2020-10-07,Inyo,027,18085,203,199,1,200,14
2020-10-07,Kern,029,883053,32840,32068,357,32425,410
2020-10-07,Kings,031,150075,8202,7948,47,7995,80
2020-10-07,Lake,033,64148,649,599,0,599,11
2020-10-07,Lassen,035,31185,754,751,2,753,0
2020-10-07,Los Angeles,037,10098052,281602,275559,2358,277917,6681
2020-10-07,Madera,039,155013,4767,4618,30,4648,50
2020-10-07,Marin,041,260295,6917,6790,18,6808,95
2020-10-07,Mariposa,043,17540,78,75,0,75,2
2020-10-07,Mendocino,045,87422,982,927,2,929,19
2020-10-07,Merced,047,269075,9185,9045,23,9068,144
2020-10-07,Modoc,049,8938,29,27,0,27,0
2020-10-07,Mono,051,14174,173,153,2,155,1
2020-10-07,Monterey,053,433212,10550,10272,41,10313,75
2020-10-07,Napa,055,140530,1835,1774,5,1779,11
2020-10-07,Nevada,057,99092,575,552,16,568,6
2020-10-07,Orange,059,3164182,57181,54332,1612,55944,1277
2020-10-07,Placer,061,380077,3866,3693,12,3705,48
2020-10-07,Plumas,063,18699,52,50,0,50,0
2020-10-07,Riverside,065,2383286,62451,60857,224,61081,1241
2020-10-07,Sacramento,067,1510023,23818,23380,16,23396,452
2020-10-07,San Benito,069,59416,1367,1363,0,1363,13
2020-10-07,San Bernardino,071,2135413,58058,55738,380,56118,1043
2020-10-07,San Diego,073,3302833,51244,49177,1192,50369,813
2020-10-07,San Francisco,075,870044,11692,11551,38,11589,115
2020-10-07,San Joaquin,077,732212,20891,20527,81,20608,478
2020-10-07,San Luis Obispo,079,281455,3960,3749,16,3765,32
2020-10-07,San Mateo,081,765935,10710,9980,7,9987,130
2020-10-07,Santa Barbara,083,443738,9914,9350,70,9420,116
2020-10-07,Santa Clara,085,1922200,23104,21993,33,22026,320
2020-10-07,Santa Cruz,087,273765,2619,2518,35,2553,14
2020-10-07,Shasta,089,179085,1683,1268,16,1284,20
2020-10-07,Sierra,091,2930,6,6,0,6,0
2020-10-07,Siskiyou,093,43540,167,154,10,164,0
2020-10-07,Solano,095,438530,6766,6526,41,6567,53
2020-10-07,Sonoma,097,501317,8523,7993,21,8014,130
2020-10-07,Stanislaus,099,539301,16999,16786,621,17407,357
2020-10-07,Sutter,101,95872,1751,1723,1,1724,12
2020-10-07,Tehama,103,63373,705,666,2,668,3
2020-10-07,Trinity,105,12862,43,25,6,31,0
2020-10-07,Tulare,107,460477,16945,16483,204,16687,282
2020-10-07,Tuolumne,109,53932,244,227,3,230,3
2020-10-07,Ventura,111,848112,13876,13333,267,13600,150
2020-10-07,Yolo,113,214977,2977,2904,6,2910,55
2020-10-07,Yuba,115,75493,1146,1120,5,1125,10
2020-10-06,Alameda,001,1643700,22254,21698,209,21907,385
2020-10-06,Alpine,003,1148,4,3,0,3,0
2020-10-06,Amador,005,37829,304,301,0,301,16
2020-10-06,Butte,007,227075,3037,2925,22,2947,47
2020-10-06,Calaveras,009,45235,317,261,0,261,11
2020-10-06,Colusa,011,21464,538,538,0,538,6
2020-10-06,Contra Costa,013,1133247,17851,17295,90,17385,219
2020-10-06,Del Norte,015,27424,164,144,0,144,2
2020-10-06,El Dorado,017,186661,1274,1211,2,1213,4
2020-10-06,Fresno,019,978130,31572,29022,394,29416,412
2020-10-06,Glenn,021,27897,627,604,0,604,3
2020-10-06,Humboldt,023,135768,523,508,1,509,7
2020-10-06,Imperial,025,180216,12187,11196,6,11202,327
2020-10-06,Inyo,027,18085,201,198,1,199,14
2020-10-06,Kern,029,883053,32763,32006,355,32361,407
2020-10-06,Kings,031,150075,8186,7943,47,7990,81
2020-10-06,Lake,033,64148,643,596,0,596,11
2020-10-06,Lassen,035,31185,754,743,2,745,0
2020-10-06,Los Angeles,037,10098052,280369,274115,2305,276420,6657
2020-10-06,Madera,039,155013,4755,4608,30,4638,50
2020-10-06,Marin,041,260295,6903,6766,18,6784,91
2020-10-06,Mariposa,043,17540,78,75,0,75,2
2020-10-06,Mendocino,045,87422,975,920,2,922,19
2020-10-06,Merced,047,269075,9149,9034,22,9056,143
2020-10-06,Modoc,049,8938,29,26,0,26,0
2020-10-06,Mono,051,14174,173,153,2,155,1
2020-10-06,Monterey,053,433212,10494,10235,40,10275,72
2020-10-06,Napa,055,140530,1829,1770,5,1775,11
2020-10-06,Nevada,057,99092,573,551,16,567,6
2020-10-06,Orange,059,3164182,56966,54203,1604,55807,1273
2020-10-06,Placer,061,380077,3844,3680,12,3692,48
2020-10-06,Plumas,063,18699,52,49,0,49,0
2020-10-06,Riverside,065,2383286,62187,60593,221,60814,1238
2020-10-06,Sacramento,067,1510023,23731,23322,16,23338,442
2020-10-06,San Benito,069,59416,1366,1358,0,1358,12
2020-10-06,San Bernardino,071,2135413,57743,55416,377,55793,1040
2020-10-06,San Diego,073,3302833,50907,48823,1175,49998,806
2020-10-06,San Francisco,075,870044,11666,11513,37,11550,115
2020-10-06,San Joaquin,077,732212,20851,20481,78,20559,477
2020-10-06,San Luis Obispo,079,281455,3925,3723,16,3739,32
2020-10-06,San Mateo,081,765935,10677,9934,7,9941,129
2020-10-06,Santa Barbara,083,443738,9885,9331,69,9400,116
2020-10-06,Santa Clara,085,1922200,23009,21914,33,21947,320
2020-10-06,Santa Cruz,087,273765,2597,2510,35,2545,12
2020-10-06,Shasta,089,179085,1643,1242,16,1258,18
2020-10-06,Sierra,091,2930,6,6,0,6,0
2020-10-06,Siskiyou,093,43540,167,154,10,164,0
2020-10-06,Solano,095,438530,6720,6506,41,6547,52
2020-10-06,Sonoma,097,501317,8431,7895,21,7916,130
2020-10-06,Stanislaus,099,539301,16954,16759,615,17374,354
2020-10-06,Sutter,101,95872,1749,1722,1,1723,12
2020-10-06,Tehama,103,63373,696,660,2,662,3
2020-10-06,Trinity,105,12862,43,25,6,31,0
2020-10-06,Tulare,107,460477,16903,16456,196,16652,280
2020-10-06,Tuolumne,109,53932,243,227,3,230,2
2020-10-06,Ventura,111,848112,13809,13242,262,13504,150
2020-10-06,Yolo,113,214977,2963,2899,6,2905,56
2020-10-06,Yuba,115,75493,1145,1114,5,1119,10
2020-10-05,Alameda,001,1643700,22166,21637,206,21843,383
2020-10-05,Alpine,003,1148,4,2,0,2,0
2020-10-05,Amador,005,37829,304,299,0,299,16
2020-10-05,Butte,007,227075,3027,2910,22,2932,46
2020-10-05,Calaveras,009,45235,317,259,0,259,11
2020-10-05,Colusa,011,21464,538,537,0,537,6
2020-10-05,Contra Costa,013,1133247,17774,17250,90,17340,216
2020-10-05,Del Norte,015,27424,161,142,0,142,2
2020-10-05,El Dorado,017,186661,1270,1202,2,1204,4
2020-10-05,Fresno,019,978130,31455,29136,394,29530,408
2020-10-05,Glenn,021,27897,625,603,0,603,3
2020-10-05,Humboldt,023,135768,522,506,1,507,6
2020-10-05,Imperial,025,180216,12148,11169,6,11175,327
2020-10-05,Inyo,027,18085,201,197,1,198,14
2020-10-05,Kern,029,883053,32683,31933,351,32284,404
2020-10-05,Kings,031,150075,8089,7932,47,7979,80
2020-10-05,Lake,033,64148,639,592,0,592,10
2020-10-05,Lassen,035,31185,753,743,2,745,0
2020-10-05,Los Angeles,037,10098052,279287,273200,2261,275461,6632
2020-10-05,Madera,039,155013,4747,4598,28,4626,50
2020-10-05,Marin,041,260295,6886,6751,18,6769,91
2020-10-05,Mariposa,043,17540,78,75,0,75,2
2020-10-05,Mendocino,045,87422,967,913,2,915,19
2020-10-05,Merced,047,269075,9130,9021,21,9042,143
2020-10-05,Modoc,049,8938,29,26,0,26,0
2020-10-05,Mono,051,14174,173,152,2,154,1
2020-10-05,Monterey,053,433212,10447,10187,40,10227,72
2020-10-05,Napa,055,140530,1819,1760,5,1765,11
2020-10-05,Nevada,057,99092,570,550,15,565,6
2020-10-05,Orange,059,3164182,56752,54103,1589,55692,1271
2020-10-05,Placer,061,380077,3818,3670,12,3682,46
2020-10-05,Plumas,063,18699,51,49,0,49,0
2020-10-05,Riverside,065,2383286,61868,60454,217,60671,1232
2020-10-05,Sacramento,067,1510023,23627,23207,16,23223,438
2020-10-05,San Benito,069,59416,1363,1356,0,1356,12
2020-10-05,San Bernardino,071,2135413,57435,55100,377,55477,1031
2020-10-05,San Diego,073,3302833,50571,48662,1151,49813,803
2020-10-05,San Francisco,075,870044,11627,11476,34,11510,110
2020-10-05,San Joaquin,077,732212,20780,20319,75,20394,476
2020-10-05,San Luis Obispo,079,281455,3899,3710,16,3726,32
2020-10-05,San Mateo,081,765935,10650,9896,7,9903,128
2020-10-05,Santa Barbara,083,443738,9863,9309,69,9378,116
2020-10-05,Santa Clara,085,1922200,22894,21861,33,21894,319
2020-10-05,Santa Cruz,087,273765,2585,2492,35,2527,9
2020-10-05,Shasta,089,179085,1610,1158,16,1174,18
2020-10-05,Sierra,091,2930,6,6,0,6,0
2020-10-05,Siskiyou,093,43540,167,153,10,163,0
2020-10-05,Solano,095,438530,6681,6475,41,6516,52
2020-10-05,Sonoma,097,501317,8339,7817,21,7838,130
2020-10-05,Stanislaus,099,539301,16919,16730,608,17338,351
2020-10-05,Sutter,101,95872,1741,1719,1,1720,12
2020-10-05,Tehama,103,63373,688,642,2,644,3
2020-10-05,Trinity,105,12862,42,22,6,28,0
2020-10-05,Tulare,107,460477,16845,16343,192,16535,278
2020-10-05,Tuolumne,109,53932,240,226,3,229,2
2020-10-05,Ventura,111,848112,13741,13224,241,13465,149
2020-10-05,Yolo,113,214977,2944,2889,6,2895,56
2020-10-05,Yuba,115,75493,1132,1108,5,1113,9
2020-10-04,Alameda,001,1643700,22070,21597,206,21803,383
2020-10-04,Alpine,003,1148,4,2,0,2,0
2020-10-04,Amador,005,37829,302,297,0,297,16
2020-10-04,Butte,007,227075,3013,2903,22,2925,46
2020-10-04,Calaveras,009,45235,317,259,0,259,11
2020-10-04,Colusa,011,21464,537,537,0,537,6
2020-10-04,Contra Costa,013,1133247,17709,17192,90,17282,214
2020-10-04,Del Norte,015,27424,157,142,0,142,2
2020-10-04,El Dorado,017,186661,1266,1196,2,1198,4
2020-10-04,Fresno,019,978130,31332,29065,394,29459,408
2020-10-04,Glenn,021,27897,623,601,0,601,3
2020-10-04,Humboldt,023,135768,521,506,1,507,6
2020-10-04,Imperial,025,180216,12108,11127,6,11133,327
2020-10-04,Inyo,027,18085,198,195,1,196,14
2020-10-04,Kern,029,883053,32609,31906,349,32255,404
2020-10-04,Kings,031,150075,8074,7919,47,7966,80
2020-10-04,Lake,033,64148,625,589,0,589,10
2020-10-04,Lassen,035,31185,753,743,2,745,0
2020-10-04,Los Angeles,037,10098052,277903,272822,2210,275032,6625
2020-10-04,Madera,039,155013,4731,4587,28,4615,50
2020-10-04,Marin,041,260295,6866,6741,18,6759,91
2020-10-04,Mariposa,043,17540,78,75,0,75,2
2020-10-04,Mendocino,045,87422,954,905,2,907,18
2020-10-04,Merced,047,269075,9105,9006,21,9027,140
2020-10-04,Modoc,049,8938,29,26,0,26,0
2020-10-04,Mono,051,14174,172,152,1,153,1
2020-10-04,Monterey,053,433212,10406,10141,39,10180,72
2020-10-04,Napa,055,140530,1807,1759,5,1764,11
2020-10-04,Nevada,057,99092,566,547,14,561,6
2020-10-04,Orange,059,3164182,56516,53966,1580,55546,1270
2020-10-04,Placer,061,380077,3797,3664,12,3676,46
2020-10-04,Plumas,063,18699,51,49,0,49,0
2020-10-04,Riverside,065,2383286,61582,60251,212,60463,1226
2020-10-04,Sacramento,067,1510023,23515,23162,16,23178,438
2020-10-04,San Benito,069,59416,1363,1355,0,1355,12
2020-10-04,San Bernardino,071,2135413,56989,55100,375,55475,1031
2020-10-04,San Diego,073,3302833,50205,48438,1125,49563,803
2020-10-04,San Francisco,075,870044,11595,11474,32,11506,110
2020-10-04,San Joaquin,077,732212,20703,20320,69,20389,476
2020-10-04,San Luis Obispo,079,281455,3874,3688,16,3704,31
2020-10-04,San Mateo,081,765935,10589,9858,7,9865,128
2020-10-04,Santa Barbara,083,443738,9837,9276,67,9343,116
2020-10-04,Santa Clara,085,1922200,22758,21780,33,21813,316
2020-10-04,Santa Cruz,087,273765,2569,2483,35,2518,9
2020-10-04,Shasta,089,179085,1512,1158,15,1173,18
2020-10-04,Sierra,091,2930,6,6,0,6,0
2020-10-04,Siskiyou,093,43540,167,153,10,163,0
2020-10-04,Solano,095,438530,6630,6445,41,6486,52
2020-10-04,Sonoma,097,501317,8251,7794,21,7815,129
2020-10-04,Stanislaus,099,539301,16869,16711,599,17310,351
2020-10-04,Sutter,101,95872,1737,1711,1,1712,11
2020-10-04,Tehama,103,63373,673,637,2,639,3
2020-10-04,Trinity,105,12862,42,21,6,27,0
2020-10-04,Tulare,107,460477,16770,16343,179,16522,278
2020-10-04,Tuolumne,109,53932,238,226,3,229,2
2020-10-04,Ventura,111,848112,13659,13197,224,13421,149
2020-10-04,Yolo,113,214977,2933,2875,6,2881,56
2020-10-04,Yuba,115,75493,1128,1103,5,1108,9
2020-10-03,Alameda,001,1643700,22024,21510,205,21715,386
2020-10-03,Alpine,003,1148,4,2,0,2,0
2020-10-03,Amador,005,37829,301,296,0,296,16
2020-10-03,Butte,007,227075,3007,2894,22,2916,46
2020-10-03,Calaveras,009,45235,317,259,0,259,11
2020-10-03,Colusa,011,21464,536,537,0,537,6
2020-10-03,Contra Costa,013,1133247,17659,17087,88,17175,213
2020-10-03,Del Norte,015,27424,153,142,0,142,2
2020-10-03,El Dorado,017,186661,1259,1188,2,1190,4
2020-10-03,Fresno,019,978130,31272,28975,393,29368,408
2020-10-03,Glenn,021,27897,621,601,0,601,3
2020-10-03,Humboldt,023,135768,520,504,1,505,6
2020-10-03,Imperial,025,180216,12085,11090,6,11096,327
2020-10-03,Inyo,027,18085,198,194,1,195,14
2020-10-03,Kern,029,883053,32558,31864,346,32210,403
2020-10-03,Kings,031,150075,8070,7887,47,7934,80
2020-10-03,Lake,033,64148,615,588,0,588,10
2020-10-03,Lassen,035,31185,753,743,2,745,0
2020-10-03,Los Angeles,037,10098052,277198,271869,2180,274049,6620
2020-10-03,Madera,039,155013,4714,4565,28,4593,50
2020-10-03,Marin,041,260295,6860,6728,18,6746,91
2020-10-03,Mariposa,043,17540,78,75,0,75,2
2020-10-03,Mendocino,045,87422,952,898,2,900,18
2020-10-03,Merced,047,269075,9092,8986,21,9007,139
2020-10-03,Modoc,049,8938,29,26,0,26,0
2020-10-03,Mono,051,14174,171,152,1,153,1
2020-10-03,Monterey,053,433212,10372,10092,36,10128,72
2020-10-03,Napa,055,140530,1803,1752,5,1757,11
2020-10-03,Nevada,057,99092,564,544,14,558,6
2020-10-03,Orange,059,3164182,56399,53573,1575,55148,1268
2020-10-03,Placer,061,380077,3786,3648,12,3660,47
2020-10-03,Plumas,063,18699,51,48,0,48,0
2020-10-03,Riverside,065,2383286,61427,59991,211,60202,1226
2020-10-03,Sacramento,067,1510023,23464,23076,16,23092,437
2020-10-03,San Benito,069,59416,1363,1351,0,1351,12
2020-10-03,San Bernardino,071,2135413,56816,55004,372,55376,1031
2020-10-03,San Diego,073,3302833,49974,48202,1108,49310,798
2020-10-03,San Francisco,075,870044,11570,11475,30,11505,110
2020-10-03,San Joaquin,077,732212,20677,20322,69,20391,476
2020-10-03,San Luis Obispo,079,281455,3850,3670,16,3686,31
2020-10-03,San Mateo,081,765935,10563,9822,6,9828,128
2020-10-03,Santa Barbara,083,443738,9824,9256,67,9323,116
2020-10-03,Santa Clara,085,1922200,22678,21672,33,21705,309
2020-10-03,Santa Cruz,087,273765,2561,2476,35,2511,9
2020-10-03,Shasta,089,179085,1484,1117,14,1131,18
2020-10-03,Sierra,091,2930,6,6,0,6,0
2020-10-03,Siskiyou,093,43540,167,152,10,162,0
2020-10-03,Solano,095,438530,6604,6419,41,6460,52
2020-10-03,Sonoma,097,501317,8208,7747,21,7768,129
2020-10-03,Stanislaus,099,539301,16836,16645,595,17240,351
2020-10-03,Sutter,101,95872,1733,1705,1,1706,11
2020-10-03,Tehama,103,63373,667,630,2,632,3
2020-10-03,Trinity,105,12862,42,15,6,21,0
2020-10-03,Tulare,107,460477,16728,16322,174,16496,278
2020-10-03,Tuolumne,109,53932,237,224,3,227,2
2020-10-03,Ventura,111,848112,13620,13150,220,13370,148
2020-10-03,Yolo,113,214977,2926,2863,6,2869,56
2020-10-03,Yuba,115,75493,1120,1097,5,1102,8
2020-10-02,Alameda,001,1643700,21969,21404,204,21608,382
2020-10-02,Alpine,003,1148,4,2,0,2,0
2020-10-02,Amador,005,37829,300,296,0,296,16
2020-10-02,Butte,007,227075,2997,2879,22,2901,46
2020-10-02,Calaveras,009,45235,316,259,0,259,11
2020-10-02,Colusa,011,21464,535,537,0,537,6
2020-10-02,Contra Costa,013,1133247,17616,17002,87,17089,213
2020-10-02,Del Norte,015,27424,152,141,0,141,2
2020-10-02,El Dorado,017,186661,1252,1168,2,1170,4
2020-10-02,Fresno,019,978130,31189,28855,393,29248,403
2020-10-02,Glenn,021,27897,616,594,0,594,3
2020-10-02,Humboldt,023,135768,519,503,1,504,6
2020-10-02,Imperial,025,180216,12063,11024,6,11030,327
2020-10-02,Inyo,027,18085,196,191,1,192,14
2020-10-02,Kern,029,883053,32506,31790,344,32134,399
2020-10-02,Kings,031,150075,8061,7716,47,7763,79
2020-10-02,Lake,033,64148,609,579,0,579,10
2020-10-02,Lassen,035,31185,753,742,2,744,0
2020-10-02,Los Angeles,037,10098052,276296,270935,2151,273086,6602
2020-10-02,Madera,039,155013,4705,4537,28,4565,49
2020-10-02,Marin,041,260295,6843,6717,18,6735,91
2020-10-02,Mariposa,043,17540,78,75,0,75,2
2020-10-02,Mendocino,045,87422,948,883,2,885,18
2020-10-02,Merced,047,269075,9082,8961,21,8982,139
2020-10-02,Modoc,049,8938,29,26,0,26,0
2020-10-02,Mono,051,14174,171,150,1,151,1
2020-10-02,Monterey,053,433212,10338,9997,36,10033,71
2020-10-02,Napa,055,140530,1797,1737,5,1742,11
2020-10-02,Nevada,057,99092,561,543,14,557,6
2020-10-02,Orange,059,3164182,56268,53299,1568,54867,1262
2020-10-02,Placer,061,380077,3766,3612,12,3624,46
2020-10-02,Plumas,063,18699,51,48,0,48,0
2020-10-02,Riverside,065,2383286,61206,59673,208,59881,1223
2020-10-02,Sacramento,067,1510023,23399,22818,16,22834,436
2020-10-02,San Benito,069,59416,1359,1347,0,1347,12
2020-10-02,San Bernardino,071,2135413,56629,54613,372,54985,1028
2020-10-02,San Diego,073,3302833,49722,47793,1092,48885,794
2020-10-02,San Francisco,075,870044,11547,11398,30,11428,110
2020-10-02,San Joaquin,077,732212,20644,20235,67,20302,474
2020-10-02,San Luis Obispo,079,281455,3827,3654,16,3670,31
2020-10-02,San Mateo,081,765935,10522,9745,6,9751,128
2020-10-02,Santa Barbara,083,443738,9802,9234,67,9301,116
2020-10-02,Santa Clara,085,1922200,22597,21545,33,21578,305
2020-10-02,Santa Cruz,087,273765,2544,2463,35,2498,9
2020-10-02,Shasta,089,179085,1449,1046,14,1060,18
2020-10-02,Sierra,091,2930,6,6,0,6,0
2020-10-02,Siskiyou,093,43540,167,151,10,161,0
2020-10-02,Solano,095,438530,6574,6385,41,6426,52
2020-10-02,Sonoma,097,501317,8151,7662,21,7683,125
2020-10-02,Stanislaus,099,539301,16795,16609,586,17195,349
2020-10-02,Sutter,101,95872,1732,1693,1,1694,11
2020-10-02,Tehama,103,63373,662,619,2,621,3
2020-10-02,Trinity,105,12862,42,15,6,21,0
2020-10-02,Tulare,107,460477,16688,16245,167,16412,278
2020-10-02,Tuolumne,109,53932,235,225,3,228,2
2020-10-02,Ventura,111,848112,13583,13120,214,13334,146
2020-10-02,Yolo,113,214977,2921,2845,6,2851,55
2020-10-02,Yuba,115,75493,1118,1090,5,1095,8
2020-10-01,Alameda,001,1643700,21909,21349,200,21549,383
2020-10-01,Alpine,003,1148,4,2,0,2,0
2020-10-01,Amador,005,37829,300,294,0,294,16
2020-10-01,Butte,007,227075,2989,2865,22,2887,45
2020-10-01,Calaveras,009,45235,316,257,0,257,11
2020-10-01,Colusa,011,21464,535,536,0,536,6
2020-10-01,Contra Costa,013,1133247,17554,16898,87,16985,211
2020-10-01,Del Norte,015,27424,147,140,0,140,2
2020-10-01,El Dorado,017,186661,1248,1162,1,1163,4
2020-10-01,Fresno,019,978130,31109,28796,391,29187,397
2020-10-01,Glenn,021,27897,612,593,0,593,3
2020-10-01,Humboldt,023,135768,519,499,1,500,6
2020-10-01,Imperial,025,180216,12020,10928,6,10934,325
2020-10-01,Inyo,027,18085,196,191,1,192,14
2020-10-01,Kern,029,883053,32443,31678,339,32017,399
2020-10-01,Kings,031,150075,8050,7688,44,7732,79
2020-10-01,Lake,033,64148,603,572,0,572,11
2020-10-01,Lassen,035,31185,750,742,2,744,0
2020-10-01,Los Angeles,037,10098052,275255,271513,2114,273627,6621
2020-10-01,Madera,039,155013,4682,4508,28,4536,48
2020-10-01,Marin,041,260295,6829,6710,18,6728,92
2020-10-01,Mariposa,043,17540,78,76,0,76,2
2020-10-01,Mendocino,045,87422,943,874,2,876,19
2020-10-01,Merced,047,269075,9054,8942,21,8963,138
2020-10-01,Modoc,049,8938,29,26,0,26,0
2020-10-01,Mono,051,14174,169,150,1,151,1
2020-10-01,Monterey,053,433212,10262,9958,36,9994,71
2020-10-01,Napa,055,140530,1789,1729,5,1734,11
2020-10-01,Nevada,057,99092,560,543,14,557,6
2020-10-01,Orange,059,3164182,56103,53088,1554,54642,1257
2020-10-01,Placer,061,380077,3739,3599,12,3611,45
2020-10-01,Plumas,063,18699,51,48,0,48,0
2020-10-01,Riverside,065,2383286,60956,59293,201,59494,1223
2020-10-01,Sacramento,067,1510023,23287,22714,15,22729,433
2020-10-01,San Benito,069,59416,1357,1346,0,1346,12
2020-10-01,San Bernardino,071,2135413,56335,54350,369,54719,1021
2020-10-01,San Diego,073,3302833,49440,47487,1072,48559,792
2020-10-01,San Francisco,075,870044,11516,11284,28,11312,110
2020-10-01,San Joaquin,077,732212,20596,20204,64,20268,471
2020-10-01,San Luis Obispo,079,281455,3800,3625,16,3641,31
2020-10-01,San Mateo,081,765935,10477,9681,6,9687,128
2020-10-01,Santa Barbara,083,443738,9760,9215,67,9282,118
2020-10-01,Santa Clara,085,1922200,22496,21398,33,21431,305
2020-10-01,Santa Cruz,087,273765,2529,2418,35,2453,10
2020-10-01,Shasta,089,179085,1398,991,14,1005,18
2020-10-01,Sierra,091,2930,6,6,0,6,0
2020-10-01,Siskiyou,093,43540,164,150,10,160,0
2020-10-01,Solano,095,438530,6536,6352,41,6393,52
2020-10-01,Sonoma,097,501317,8084,7569,21,7590,125
2020-10-01,Stanislaus,099,539301,16762,16555,580,17135,346
2020-10-01,Sutter,101,95872,1727,1684,1,1685,11
2020-10-01,Tehama,103,63373,652,606,2,608,3
2020-10-01,Trinity,105,12862,42,15,6,21,0
2020-10-01,Tulare,107,460477,16615,16182,164,16346,275
2020-10-01,Tuolumne,109,53932,235,223,3,226,2
2020-10-01,Ventura,111,848112,13534,13057,198,13255,146
2020-10-01,Yolo,113,214977,2903,2833,6,2839,55
2020-10-01,Yuba,115,75493,1114,1082,5,1087,8
2020-09-30,Alameda,001,1643700,21831,21271,196,21467,380
2020-09-30,Alpine,003,1148,4,2,0,2,0
2020-09-30,Amador,005,37829,300,294,0,294,16
2020-09-30,Butte,007,227075,2981,2858,22,2880,44
2020-09-30,Calaveras,009,45235,315,258,0,258,11
2020-09-30,Colusa,011,21464,534,534,0,534,6
2020-09-30,Contra Costa,013,1133247,17485,16819,87,16906,211
2020-09-30,Del Norte,015,27424,146,140,0,140,2
2020-09-30,El Dorado,017,186661,1236,1157,1,1158,4
2020-09-30,Fresno,019,978130,31018,28706,388,29094,395
2020-09-30,Glenn,021,27897,607,592,0,592,3
2020-09-30,Humboldt,023,135768,517,497,1,498,6
2020-09-30,Imperial,025,180216,11995,10868,6,10874,287
2020-09-30,Inyo,027,18085,196,189,0,189,14
2020-09-30,Kern,029,883053,32368,31601,338,31939,398
2020-09-30,Kings,031,150075,8021,7685,44,7729,79
2020-09-30,Lake,033,64148,597,567,0,567,10
2020-09-30,Lassen,035,31185,747,742,2,744,0
2020-09-30,Los Angeles,037,10098052,274017,270260,2080,272340,6568
2020-09-30,Madera,039,155013,4673,4477,28,4505,47
2020-09-30,Marin,041,260295,6805,6700,17,6717,91
2020-09-30,Mariposa,043,17540,78,76,0,76,2
2020-09-30,Mendocino,045,87422,937,867,2,869,17
2020-09-30,Merced,047,269075,9034,8926,21,8947,136
2020-09-30,Modoc,049,8938,29,26,0,26,0
2020-09-30,Mono,051,14174,169,150,1,151,1
2020-09-30,Monterey,053,433212,10212,9898,35,9933,70
2020-09-30,Napa,055,140530,1775,1728,5,1733,11
2020-09-30,Nevada,057,99092,558,540,14,554,6
2020-09-30,Orange,059,3164182,55911,52916,1538,54454,1251
2020-09-30,Placer,061,380077,3718,3585,12,3597,43
2020-09-30,Plumas,063,18699,51,48,0,48,0
2020-09-30,Riverside,065,2383286,60603,59074,196,59270,1220
2020-09-30,Sacramento,067,1510023,23184,22613,15,22628,429
2020-09-30,San Benito,069,59416,1354,1342,0,1342,12
2020-09-30,San Bernardino,071,2135413,56057,53988,367,54355,1018
2020-09-30,San Diego,073,3302833,49137,47182,1051,48233,783
2020-09-30,San Francisco,075,870044,11486,11247,28,11275,106
2020-09-30,San Joaquin,077,732212,20513,20150,62,20212,461
2020-09-30,San Luis Obispo,079,281455,3775,3597,16,3613,31
2020-09-30,San Mateo,081,765935,10435,9634,6,9640,128
2020-09-30,Santa Barbara,083,443738,9735,9186,67,9253,115
2020-09-30,Santa Clara,085,1922200,22391,21318,33,21351,302
2020-09-30,Santa Cruz,087,273765,2516,2405,35,2440,10
2020-09-30,Shasta,089,179085,1342,976,13,989,17
2020-09-30,Sierra,091,2930,6,6,0,6,0
2020-09-30,Siskiyou,093,43540,162,150,10,160,0
2020-09-30,Solano,095,438530,6494,6315,41,6356,51
2020-09-30,Sonoma,097,501317,7995,7494,21,7515,125
2020-09-30,Stanislaus,099,539301,16715,16531,574,17105,343
2020-09-30,Sutter,101,95872,1711,1680,1,1681,10
2020-09-30,Tehama,103,63373,646,594,2,596,3
2020-09-30,Trinity,105,12862,39,15,6,21,0
2020-09-30,Tulare,107,460477,16549,16117,157,16274,274
2020-09-30,Tuolumne,109,53932,233,224,3,227,2
2020-09-30,Ventura,111,848112,13499,12968,182,13150,145
2020-09-30,Yolo,113,214977,2890,2822,6,2828,55
2020-09-30,Yuba,115,75493,1111,1075,5,1080,8
2020-09-29,Alameda,001,1643700,21754,21241,192,21433,374
2020-09-29,Alpine,003,1148,4,2,0,2,0
2020-09-29,Amador,005,37829,298,294,0,294,16
2020-09-29,Butte,007,227075,2967,2848,22,2870,44
2020-09-29,Calaveras,009,45235,313,261,0,261,11
2020-09-29,Colusa,011,21464,534,534,0,534,6
2020-09-29,Contra Costa,013,1133247,17430,16716,85,16801,209
2020-09-29,Del Norte,015,27424,142,142,0,142,2
2020-09-29,El Dorado,017,186661,1227,1151,1,1152,4
2020-09-29,Fresno,019,978130,30923,28621,387,29008,394
2020-09-29,Glenn,021,27897,603,589,0,589,3
2020-09-29,Humboldt,023,135768,515,497,1,498,6
2020-09-29,Imperial,025,180216,11961,10811,6,10817,283
2020-09-29,Inyo,027,18085,195,188,0,188,14
2020-09-29,Kern,029,883053,32313,31534,337,31871,397
2020-09-29,Kings,031,150075,7965,7681,44,7725,78
2020-09-29,Lake,033,64148,595,566,0,566,11
2020-09-29,Lassen,035,31185,747,741,2,743,0
2020-09-29,Los Angeles,037,10098052,272798,269246,2050,271296,6545
2020-09-29,Madera,039,155013,4649,4453,28,4481,47
2020-09-29,Marin,041,260295,6784,6692,17,6709,91
2020-09-29,Mariposa,043,17540,78,74,0,74,2
2020-09-29,Mendocino,045,87422,927,854,2,856,17
2020-09-29,Merced,047,269075,9021,8892,19,8911,136
2020-09-29,Modoc,049,8938,29,26,0,26,0
2020-09-29,Mono,051,14174,169,149,1,150,1
2020-09-29,Monterey,053,433212,10157,9826,33,9859,70
2020-09-29,Napa,055,140530,1772,1727,5,1732,11
2020-09-29,Nevada,057,99092,553,539,14,553,6
2020-09-29,Orange,059,3164182,55724,52755,1527,54282,1231
2020-09-29,Placer,061,380077,3696,3570,12,3582,42
2020-09-29,Plumas,063,18699,51,48,0,48,0
2020-09-29,Riverside,065,2383286,60274,58863,187,59050,1208
2020-09-29,Sacramento,067,1510023,23063,22547,15,22562,425
2020-09-29,San Benito,069,59416,1349,1341,0,1341,12
2020-09-29,San Bernardino,071,2135413,55749,53753,366,54119,1012
2020-09-29,San Diego,073,3302833,48861,46987,1027,48014,781
2020-09-29,San Francisco,075,870044,11450,11142,28,11170,104
2020-09-29,San Joaquin,077,732212,20448,20094,60,20154,454
2020-09-29,San Luis Obispo,079,281455,3755,3581,16,3597,31
2020-09-29,San Mateo,081,765935,10388,9619,6,9625,127
2020-09-29,Santa Barbara,083,443738,9715,9149,66,9215,114
2020-09-29,Santa Clara,085,1922200,22257,21233,32,21265,302
2020-09-29,Santa Cruz,087,273765,2501,2383,34,2417,10
2020-09-29,Shasta,089,179085,1281,943,13,956,17
2020-09-29,Sierra,091,2930,6,6,0,6,0
2020-09-29,Siskiyou,093,43540,156,150,10,160,0
2020-09-29,Solano,095,438530,6460,6303,41,6344,51
2020-09-29,Sonoma,097,501317,7923,7426,21,7447,125
2020-09-29,Stanislaus,099,539301,16685,16505,568,17073,341
2020-09-29,Sutter,101,95872,1705,1677,1,1678,10
2020-09-29,Tehama,103,63373,628,585,2,587,2
2020-09-29,Trinity,105,12862,39,16,6,22,0
2020-09-29,Tulare,107,460477,16486,16055,148,16203,270
2020-09-29,Tuolumne,109,53932,233,224,3,227,2
2020-09-29,Ventura,111,848112,13444,12875,179,13054,145
2020-09-29,Yolo,113,214977,2877,2818,6,2824,55
2020-09-29,Yuba,115,75493,1109,1071,5,1076,8
2020-09-28,Alameda,001,1643700,21668,21133,192,21325,370
2020-09-28,Alpine,003,1148,4,2,0,2,0
2020-09-28,Amador,005,37829,296,294,0,294,16
2020-09-28,Butte,007,227075,2952,2837,22,2859,44
2020-09-28,Calaveras,009,45235,313,257,0,257,11
2020-09-28,Colusa,011,21464,533,531,0,531,6
2020-09-28,Contra Costa,013,1133247,17365,16653,85,16738,195
2020-09-28,Del Norte,015,27424,142,138,0,138,2
2020-09-28,El Dorado,017,186661,1220,1144,1,1145,4
2020-09-28,Fresno,019,978130,30841,28517,379,28896,389
2020-09-28,Glenn,021,27897,601,585,0,585,3
2020-09-28,Humboldt,023,135768,509,495,1,496,6
2020-09-28,Imperial,025,180216,11926,10777,6,10783,283
2020-09-28,Inyo,027,18085,194,188,0,188,14
2020-09-28,Kern,029,883053,32248,31481,333,31814,395
2020-09-28,Kings,031,150075,7824,7661,42,7703,78
2020-09-28,Lake,033,64148,591,559,0,559,10
2020-09-28,Lassen,035,31185,746,737,2,739,0
2020-09-28,Los Angeles,037,10098052,271685,268404,2019,270423,6508
2020-09-28,Madera,039,155013,4628,4438,28,4466,47
2020-09-28,Marin,041,260295,6768,6676,17,6693,91
2020-09-28,Mariposa,043,17540,78,74,0,74,2
2020-09-28,Mendocino,045,87422,912,850,2,852,17
2020-09-28,Merced,047,269075,8993,8869,19,8888,136
2020-09-28,Modoc,049,8938,29,26,0,26,0
2020-09-28,Mono,051,14174,169,148,1,149,1
2020-09-28,Monterey,053,433212,10093,9780,31,9811,69
2020-09-28,Napa,055,140530,1760,1705,5,1710,11
2020-09-28,Nevada,057,99092,545,538,14,552,6
2020-09-28,Orange,059,3164182,55519,52633,1518,54151,1196
2020-09-28,Placer,061,380077,3675,3572,12,3584,42
2020-09-28,Plumas,063,18699,50,48,0,48,0
2020-09-28,Riverside,065,2383286,59975,58570,178,58748,1198
2020-09-28,Sacramento,067,1510023,22915,22392,15,22407,423
2020-09-28,San Benito,069,59416,1346,1336,0,1336,11
2020-09-28,San Bernardino,071,2135413,55403,53501,366,53867,988
2020-09-28,San Diego,073,3302833,48543,46736,1007,47743,776
2020-09-28,San Francisco,075,870044,11416,11114,28,11142,100
2020-09-28,San Joaquin,077,732212,20399,19982,59,20041,448
2020-09-28,San Luis Obispo,079,281455,3734,3567,16,3583,31
2020-09-28,San Mateo,081,765935,10337,9582,6,9588,127
2020-09-28,Santa Barbara,083,443738,9697,9121,66,9187,114
2020-09-28,Santa Clara,085,1922200,22141,21180,32,21212,271
2020-09-28,Santa Cruz,087,273765,2491,2359,34,2393,9
2020-09-28,Shasta,089,179085,1227,883,10,893,17
2020-09-28,Sierra,091,2930,6,6,0,6,0
2020-09-28,Siskiyou,093,43540,156,149,10,159,0
2020-09-28,Solano,095,438530,6424,6254,41,6295,51
2020-09-28,Sonoma,097,501317,7847,7369,21,7390,125
2020-09-28,Stanislaus,099,539301,16645,16467,561,17028,336
2020-09-28,Sutter,101,95872,1698,1676,1,1677,10
2020-09-28,Tehama,103,63373,620,579,2,581,2
2020-09-28,Trinity,105,12862,39,16,6,22,0
2020-09-28,Tulare,107,460477,16434,15918,142,16060,270
2020-09-28,Tuolumne,109,53932,233,225,3,228,2
2020-09-28,Ventura,111,848112,13368,12812,172,12984,139
2020-09-28,Yolo,113,214977,2860,2809,6,2815,55
2020-09-28,Yuba,115,75493,1106,1062,5,1067,7
2020-09-27,Alameda,001,1643700,21588,21077,187,21264,370
2020-09-27,Alpine,003,1148,4,2,0,2,0
2020-09-27,Amador,005,37829,296,291,0,291,16
2020-09-27,Butte,007,227075,2941,2833,21,2854,44
2020-09-27,Calaveras,009,45235,312,257,0,257,11
2020-09-27,Colusa,011,21464,532,531,0,531,6
2020-09-27,Contra Costa,013,1133247,17263,16596,84,16680,195
2020-09-27,Del Norte,015,27424,142,138,0,138,2
2020-09-27,El Dorado,017,186661,1205,1130,1,1131,4
2020-09-27,Fresno,019,978130,30736,28441,378,28819,389
2020-09-27,Glenn,021,27897,597,576,0,576,3
2020-09-27,Humboldt,023,135768,507,492,1,493,6
2020-09-27,Imperial,025,180216,11892,10743,6,10749,283
2020-09-27,Inyo,027,18085,192,188,0,188,14
2020-09-27,Kern,029,883053,32129,31462,330,31792,395
2020-09-27,Kings,031,150075,7804,7641,42,7683,78
2020-09-27,Lake,033,64148,587,555,0,555,10
2020-09-27,Lassen,035,31185,746,737,2,739,0
2020-09-27,Los Angeles,037,10098052,270510,267754,1997,269751,6507
2020-09-27,Madera,039,155013,4599,4416,28,4444,47
2020-09-27,Marin,041,260295,6758,6663,17,6680,91
2020-09-27,Mariposa,043,17540,78,74,0,74,2
2020-09-27,Mendocino,045,87422,906,846,2,848,17
2020-09-27,Merced,047,269075,8959,8853,19,8872,136
2020-09-27,Modoc,049,8938,29,26,0,26,0
2020-09-27,Mono,051,14174,169,148,1,149,1
2020-09-27,Monterey,053,433212,10033,9724,30,9754,69
2020-09-27,Napa,055,140530,1755,1690,5,1695,11
2020-09-27,Nevada,057,99092,544,537,14,551,6
2020-09-27,Orange,059,3164182,55245,52458,1509,53967,1195
2020-09-27,Placer,061,380077,3662,3562,12,3574,42
2020-09-27,Plumas,063,18699,50,48,0,48,0
2020-09-27,Riverside,065,2383286,59679,58509,170,58679,1191
2020-09-27,Sacramento,067,1510023,22818,22356,14,22370,422
2020-09-27,San Benito,069,59416,1346,1331,0,1331,11
2020-09-27,San Bernardino,071,2135413,54967,53127,366,53493,988
2020-09-27,San Diego,073,3302833,48199,46612,990,47602,776
2020-09-27,San Francisco,075,870044,11364,11114,28,11142,100
2020-09-27,San Joaquin,077,732212,20339,19981,59,20040,448
2020-09-27,San Luis Obispo,079,281455,3713,3562,16,3578,31
2020-09-27,San Mateo,081,765935,10269,9566,6,9572,127
2020-09-27,Santa Barbara,083,443738,9676,9090,65,9155,114
2020-09-27,Santa Clara,085,1922200,22032,21091,32,21123,271
2020-09-27,Santa Cruz,087,273765,2469,2359,34,2393,9
2020-09-27,Shasta,089,179085,1184,883,9,892,17
2020-09-27,Sierra,091,2930,6,6,0,6,0
2020-09-27,Siskiyou,093,43540,155,149,10,159,0
2020-09-27,Solano,095,438530,6389,6211,41,6252,51
2020-09-27,Sonoma,097,501317,7766,7336,21,7357,124
2020-09-27,Stanislaus,099,539301,16595,16448,554,17002,336
2020-09-27,Sutter,101,95872,1691,1672,1,1673,10
2020-09-27,Tehama,103,63373,603,573,2,575,2
2020-09-27,Trinity,105,12862,39,16,6,22,0
2020-09-27,Tulare,107,460477,16358,15918,132,16050,270
2020-09-27,Tuolumne,109,53932,232,224,3,227,2
2020-09-27,Ventura,111,848112,13283,12775,163,12938,139
2020-09-27,Yolo,113,214977,2846,2796,6,2802,55
2020-09-27,Yuba,115,75493,1096,1059,5,1064,7
2020-09-26,Alameda,001,1643700,21530,21019,186,21205,370
2020-09-26,Alpine,003,1148,4,2,0,2,0
2020-09-26,Amador,005,37829,295,291,0,291,16
2020-09-26,Butte,007,227075,2933,2827,21,2848,44
2020-09-26,Calaveras,009,45235,312,257,0,257,11
2020-09-26,Colusa,011,21464,532,529,0,529,6
2020-09-26,Contra Costa,013,1133247,17221,16508,84,16592,194
2020-09-26,Del Norte,015,27424,142,138,0,138,2
2020-09-26,El Dorado,017,186661,1200,1127,1,1128,4
2020-09-26,Fresno,019,978130,30669,28336,378,28714,389
2020-09-26,Glenn,021,27897,597,576,0,576,3
2020-09-26,Humboldt,023,135768,507,491,1,492,6
2020-09-26,Imperial,025,180216,11875,10721,6,10727,283
2020-09-26,Inyo,027,18085,191,187,0,187,14
2020-09-26,Kern,029,883053,32078,31410,330,31740,394
2020-09-26,Kings,031,150075,7792,7537,42,7579,78
2020-09-26,Lake,033,64148,584,549,0,549,10
2020-09-26,Lassen,035,31185,746,737,2,739,0
2020-09-26,Los Angeles,037,10098052,269876,266931,1980,268911,6497
2020-09-26,Madera,039,155013,4583,4410,28,4438,47
2020-09-26,Marin,041,260295,6745,6641,17,6658,91
2020-09-26,Mariposa,043,17540,77,74,0,74,2
2020-09-26,Mendocino,045,87422,901,836,2,838,17
2020-09-26,Merced,047,269075,8947,8841,18,8859,136
2020-09-26,Modoc,049,8938,29,26,0,26,0
2020-09-26,Mono,051,14174,169,148,1,149,1
2020-09-26,Monterey,053,433212,10006,9651,30,9681,68
2020-09-26,Napa,055,140530,1753,1681,5,1686,11
2020-09-26,Nevada,057,99092,544,534,14,548,6
2020-09-26,Orange,059,3164182,55105,52203,1503,53706,1194
2020-09-26,Placer,061,380077,3649,3551,12,3563,42
2020-09-26,Plumas,063,18699,49,48,0,48,0
2020-09-26,Riverside,065,2383286,59544,58076,168,58244,1190
2020-09-26,Sacramento,067,1510023,22762,22269,14,22283,421
2020-09-26,San Benito,069,59416,1344,1325,0,1325,11
2020-09-26,San Bernardino,071,2135413,54833,53122,366,53488,988
2020-09-26,San Diego,073,3302833,47994,46333,976,47309,775
2020-09-26,San Francisco,075,870044,11336,11113,28,11141,100
2020-09-26,San Joaquin,077,732212,20303,19982,57,20039,449
2020-09-26,San Luis Obispo,079,281455,3696,3546,16,3562,31
2020-09-26,San Mateo,081,765935,10235,9509,6,9515,127
2020-09-26,Santa Barbara,083,443738,9665,9061,65,9126,114
2020-09-26,Santa Clara,085,1922200,21961,20967,31,20998,270
2020-09-26,Santa Cruz,087,273765,2461,2336,34,2370,9
2020-09-26,Shasta,089,179085,1134,856,8,864,17
2020-09-26,Sierra,091,2930,6,6,0,6,0
2020-09-26,Siskiyou,093,43540,154,149,10,159,0
2020-09-26,Solano,095,438530,6370,6209,41,6250,51
2020-09-26,Sonoma,097,501317,7741,7285,20,7305,124
2020-09-26,Stanislaus,099,539301,16570,16421,545,16966,336
2020-09-26,Sutter,101,95872,1686,1662,1,1663,10
2020-09-26,Tehama,103,63373,591,560,2,562,2
2020-09-26,Trinity,105,12862,37,16,6,22,0
2020-09-26,Tulare,107,460477,16333,15881,130,16011,270
2020-09-26,Tuolumne,109,53932,232,223,3,226,2
2020-09-26,Ventura,111,848112,13251,12729,161,12890,137
2020-09-26,Yolo,113,214977,2844,2789,6,2795,55
2020-09-26,Yuba,115,75493,1092,1056,5,1061,7
2020-09-25,Alameda,001,1643700,21476,20911,186,21097,367
2020-09-25,Alpine,003,1148,4,2,0,2,0
2020-09-25,Amador,005,37829,295,289,0,289,16
2020-09-25,Butte,007,227075,2928,2819,21,2840,43
2020-09-25,Calaveras,009,45235,312,257,0,257,11
2020-09-25,Colusa,011,21464,532,528,0,528,6
2020-09-25,Contra Costa,013,1133247,17162,16401,84,16485,194
2020-09-25,Del Norte,015,27424,142,138,0,138,2
2020-09-25,El Dorado,017,186661,1196,1104,1,1105,4
2020-09-25,Fresno,019,978130,30610,28199,377,28576,385
2020-09-25,Glenn,021,27897,595,570,0,570,3
2020-09-25,Humboldt,023,135768,506,489,1,490,5
2020-09-25,Imperial,025,180216,11857,10681,6,10687,283
2020-09-25,Inyo,027,18085,189,187,0,187,14
2020-09-25,Kern,029,883053,32025,31333,328,31661,393
2020-09-25,Kings,031,150075,7787,7450,42,7492,77
2020-09-25,Lake,033,64148,583,539,0,539,9
2020-09-25,Lassen,035,31185,746,737,2,739,0
2020-09-25,Los Angeles,037,10098052,269088,265713,1966,267679,6483
2020-09-25,Madera,039,155013,4564,4369,28,4397,48
2020-09-25,Marin,041,260295,6742,6622,17,6639,90
2020-09-25,Mariposa,043,17540,77,74,0,74,2
2020-09-25,Mendocino,045,87422,886,819,2,821,17
2020-09-25,Merced,047,269075,8931,8830,18,8848,135
2020-09-25,Modoc,049,8938,29,26,0,26,0
2020-09-25,Mono,051,14174,169,149,1,150,1
2020-09-25,Monterey,053,433212,9954,9581,30,9611,68
2020-09-25,Napa,055,140530,1751,1669,5,1674,11
2020-09-25,Nevada,057,99092,542,529,14,543,6
2020-09-25,Orange,059,3164182,54978,52031,1494,53525,1184
2020-09-25,Placer,061,380077,3638,3527,12,3539,41
2020-09-25,Plumas,063,18699,49,48,0,48,0
2020-09-25,Riverside,065,2383286,59368,57783,163,57946,1183
2020-09-25,Sacramento,067,1510023,22685,22132,14,22146,418
2020-09-25,San Benito,069,59416,1343,1318,0,1318,11
2020-09-25,San Bernardino,071,2135413,54679,52814,366,53180,987
2020-09-25,San Diego,073,3302833,47792,46003,960,46963,775
2020-09-25,San Francisco,075,870044,11302,11066,27,11093,100
2020-09-25,San Joaquin,077,732212,20251,19909,57,19966,449
2020-09-25,San Luis Obispo,079,281455,3685,3512,16,3528,31
2020-09-25,San Mateo,081,765935,10199,9447,6,9453,127
2020-09-25,Santa Barbara,083,443738,9641,9026,65,9091,114
2020-09-25,Santa Clara,085,1922200,21898,20812,30,20842,265
2020-09-25,Santa Cruz,087,273765,2449,2309,33,2342,9
2020-09-25,Shasta,089,179085,1100,806,8,814,16
2020-09-25,Sierra,091,2930,6,6,0,6,0
2020-09-25,Siskiyou,093,43540,154,149,10,159,0
2020-09-25,Solano,095,438530,6354,6179,41,6220,50
2020-09-25,Sonoma,097,501317,7701,7202,20,7222,124
2020-09-25,Stanislaus,099,539301,16552,16381,543,16924,326
2020-09-25,Sutter,101,95872,1683,1655,1,1656,10
2020-09-25,Tehama,103,63373,583,546,2,548,2
2020-09-25,Trinity,105,12862,37,15,6,21,0
2020-09-25,Tulare,107,460477,16294,15815,127,15942,267
2020-09-25,Tuolumne,109,53932,232,223,3,226,2
2020-09-25,Ventura,111,848112,13209,12664,158,12822,137
2020-09-25,Yolo,113,214977,2836,2784,6,2790,55
2020-09-25,Yuba,115,75493,1087,1049,5,1054,5
2020-09-24,Alameda,001,1643700,21401,20838,183,21021,364
2020-09-24,Alpine,003,1148,4,2,0,2,0
2020-09-24,Amador,005,37829,295,288,0,288,16
2020-09-24,Butte,007,227075,2917,2803,21,2824,43
2020-09-24,Calaveras,009,45235,312,258,0,258,11
2020-09-24,Colusa,011,21464,532,523,0,523,6
2020-09-24,Contra Costa,013,1133247,17080,16252,84,16336,192
2020-09-24,Del Norte,015,27424,138,137,0,137,2
2020-09-24,El Dorado,017,186661,1187,1093,1,1094,4
2020-09-24,Fresno,019,978130,30505,28106,373,28479,375
2020-09-24,Glenn,021,27897,591,567,0,567,3
2020-09-24,Humboldt,023,135768,503,482,1,483,5
2020-09-24,Imperial,025,180216,11833,10622,6,10628,283
2020-09-24,Inyo,027,18085,189,187,0,187,13
2020-09-24,Kern,029,883053,31962,31273,326,31599,388
2020-09-24,Kings,031,150075,7771,7428,42,7470,76
2020-09-24,Lake,033,64148,574,531,0,531,9
2020-09-24,Lassen,035,31185,745,737,2,739,0
2020-09-24,Los Angeles,037,10098052,268043,264374,1947,266321,6452
2020-09-24,Madera,039,155013,4545,4344,28,4372,48
2020-09-24,Marin,041,260295,6714,6588,17,6605,85
2020-09-24,Mariposa,043,17540,77,74,0,74,2
2020-09-24,Mendocino,045,87422,882,810,2,812,17
2020-09-24,Merced,047,269075,8902,8813,17,8830,135
2020-09-24,Modoc,049,8938,29,24,0,24,0
2020-09-24,Mono,051,14174,169,149,1,150,1
2020-09-24,Monterey,053,433212,9888,9544,27,9571,67
2020-09-24,Napa,055,140530,1739,1661,5,1666,11
2020-09-24,Nevada,057,99092,541,527,14,541,6
2020-09-24,Orange,059,3164182,54770,51749,1476,53225,1164
2020-09-24,Placer,061,380077,3623,3514,12,3526,41
2020-09-24,Plumas,063,18699,49,48,0,48,0
2020-09-24,Riverside,065,2383286,59100,57491,157,57648,1172
2020-09-24,Sacramento,067,1510023,22558,21985,14,21999,417
2020-09-24,San Benito,069,59416,1341,1308,0,1308,11
2020-09-24,San Bernardino,071,2135413,54344,52455,365,52820,988
2020-09-24,San Diego,073,3302833,47523,45598,945,46543,773
2020-09-24,San Francisco,075,870044,11255,10992,27,11019,99
2020-09-24,San Joaquin,077,732212,20214,19851,56,19907,444
2020-09-24,San Luis Obispo,079,281455,3669,3480,16,3496,31
2020-09-24,San Mateo,081,765935,10151,9376,6,9382,127
2020-09-24,Santa Barbara,083,443738,9590,8988,64,9052,114
2020-09-24,Santa Clara,085,1922200,21810,20689,30,20719,262
2020-09-24,Santa Cruz,087,273765,2429,2300,31,2331,9
2020-09-24,Shasta,089,179085,1063,773,5,778,14
2020-09-24,Sierra,091,2930,6,6,0,6,0
2020-09-24,Siskiyou,093,43540,154,149,10,159,0
2020-09-24,Solano,095,438530,6321,6137,41,6178,49
2020-09-24,Sonoma,097,501317,7620,7163,20,7183,122
2020-09-24,Stanislaus,099,539301,16515,16326,538,16864,326
2020-09-24,Sutter,101,95872,1680,1646,1,1647,10
2020-09-24,Tehama,103,63373,580,540,2,542,2
2020-09-24,Trinity,105,12862,37,15,6,21,0
2020-09-24,Tulare,107,460477,16229,15754,126,15880,267
2020-09-24,Tuolumne,109,53932,232,224,3,227,2
2020-09-24,Ventura,111,848112,13127,12617,157,12774,138
2020-09-24,Yolo,113,214977,2829,2776,6,2782,55
2020-09-24,Yuba,115,75493,1082,1042,5,1047,5
2020-09-23,Alameda,001,1643700,21333,20718,181,20899,361
2020-09-23,Alpine,003,1148,4,2,0,2,0
2020-09-23,Amador,005,37829,294,288,0,288,16
2020-09-23,Butte,007,227075,2909,2790,21,2811,43
2020-09-23,Calaveras,009,45235,311,258,0,258,11
2020-09-23,Colusa,011,21464,531,521,0,521,6
2020-09-23,Contra Costa,013,1133247,17016,16167,83,16250,192
2020-09-23,Del Norte,015,27424,136,137,0,137,2
2020-09-23,El Dorado,017,186661,1173,1088,1,1089,4
2020-09-23,Fresno,019,978130,30411,28019,370,28389,371
2020-09-23,Glenn,021,27897,584,561,0,561,3
2020-09-23,Humboldt,023,135768,499,477,1,478,5
2020-09-23,Imperial,025,180216,11807,10587,6,10593,284
2020-09-23,Inyo,027,18085,188,177,0,177,13
2020-09-23,Kern,029,883053,31918,31172,324,31496,387
2020-09-23,Kings,031,150075,7749,7406,42,7448,76
2020-09-23,Lake,033,64148,569,519,0,519,9
2020-09-23,Lassen,035,31185,745,736,2,738,0
2020-09-23,Los Angeles,037,10098052,267003,263318,1917,265235,6421
2020-09-23,Madera,039,155013,4530,4311,28,4339,48
2020-09-23,Marin,041,260295,6695,6567,17,6584,85
2020-09-23,Mariposa,043,17540,77,74,0,74,2
2020-09-23,Mendocino,045,87422,881,801,1,802,17
2020-09-23,Merced,047,269075,8881,8785,16,8801,134
2020-09-23,Modoc,049,8938,29,24,0,24,0
2020-09-23,Mono,051,14174,169,149,1,150,1
2020-09-23,Monterey,053,433212,9819,9452,27,9479,67
2020-09-23,Napa,055,140530,1730,1653,5,1658,11
2020-09-23,Nevada,057,99092,540,523,14,537,6
2020-09-23,Orange,059,3164182,54543,51658,1468,53126,1155
2020-09-23,Placer,061,380077,3611,3506,12,3518,41
2020-09-23,Plumas,063,18699,49,48,0,48,0
2020-09-23,Riverside,065,2383286,58797,57257,154,57411,1165
2020-09-23,Sacramento,067,1510023,22481,21821,14,21835,415
2020-09-23,San Benito,069,59416,1335,1305,0,1305,10
2020-09-23,San Bernardino,071,2135413,54050,52132,363,52495,973
2020-09-23,San Diego,073,3302833,47247,45427,926,46353,767
2020-09-23,San Francisco,075,870044,11206,10926,27,10953,95
2020-09-23,San Joaquin,077,732212,20161,19785,56,19841,439
2020-09-23,San Luis Obispo,079,281455,3651,3447,16,3463,31
2020-09-23,San Mateo,081,765935,10111,9351,6,9357,127
2020-09-23,Santa Barbara,083,443738,9562,8952,64,9016,112
2020-09-23,Santa Clara,085,1922200,21699,20575,27,20602,260
2020-09-23,Santa Cruz,087,273765,2410,2283,31,2314,9
2020-09-23,Shasta,089,179085,1024,756,4,760,14
2020-09-23,Sierra,091,2930,6,6,0,6,0
2020-09-23,Siskiyou,093,43540,154,149,10,159,0
2020-09-23,Solano,095,438530,6296,6123,41,6164,50
2020-09-23,Sonoma,097,501317,7544,7091,20,7111,122
2020-09-23,Stanislaus,099,539301,16485,16271,535,16806,317
2020-09-23,Sutter,101,95872,1676,1646,1,1647,10
2020-09-23,Tehama,103,63373,574,533,2,535,2
2020-09-23,Trinity,105,12862,36,15,6,21,0
2020-09-23,Tulare,107,460477,16164,15664,125,15789,266
2020-09-23,Tuolumne,109,53932,232,223,3,226,2
2020-09-23,Ventura,111,848112,13072,12591,154,12745,137
2020-09-23,Yolo,113,214977,2811,2766,6,2772,55
2020-09-23,Yuba,115,75493,1080,1038,5,1043,5
2020-09-22,Alameda,001,1643700,21253,20607,179,20786,355
2020-09-22,Alpine,003,1148,3,2,0,2,0
2020-09-22,Amador,005,37829,293,287,0,287,16
2020-09-22,Butte,007,227075,2904,2776,21,2797,43
2020-09-22,Calaveras,009,45235,311,258,0,258,11
2020-09-22,Colusa,011,21464,529,518,0,518,6
2020-09-22,Contra Costa,013,1133247,16926,16090,83,16173,190
2020-09-22,Del Norte,015,27424,136,137,0,137,2
2020-09-22,El Dorado,017,186661,1154,1076,1,1077,4
2020-09-22,Fresno,019,978130,30317,27944,367,28311,369
2020-09-22,Glenn,021,27897,581,560,0,560,3
2020-09-22,Humboldt,023,135768,498,476,1,477,5
2020-09-22,Imperial,025,180216,11778,10529,6,10535,284
2020-09-22,Inyo,027,18085,188,177,0,177,13
2020-09-22,Kern,029,883053,31850,31110,317,31427,383
2020-09-22,Kings,031,150075,7692,7395,41,7436,76
2020-09-22,Lake,033,64148,561,516,0,516,9
2020-09-22,Lassen,035,31185,744,736,2,738,0
2020-09-22,Los Angeles,037,10098052,265927,262117,1888,264005,6394
2020-09-22,Madera,039,155013,4514,4303,28,4331,47
2020-09-22,Marin,041,260295,6681,6561,17,6578,84
2020-09-22,Mariposa,043,17540,77,74,0,74,2
2020-09-22,Mendocino,045,87422,861,794,1,795,18
2020-09-22,Merced,047,269075,8851,8769,16,8785,132
2020-09-22,Modoc,049,8938,29,24,0,24,0
2020-09-22,Mono,051,14174,168,149,1,150,1
2020-09-22,Monterey,053,433212,9761,9393,27,9420,67
2020-09-22,Napa,055,140530,1713,1652,5,1657,11
2020-09-22,Nevada,057,99092,540,523,14,537,6
2020-09-22,Orange,059,3164182,54293,51528,1460,52988,1132
2020-09-22,Placer,061,380077,3599,3492,12,3504,40
2020-09-22,Plumas,063,18699,49,48,0,48,0
2020-09-22,Riverside,065,2383286,58311,57066,150,57216,1162
2020-09-22,Sacramento,067,1510023,22361,21745,14,21759,410
2020-09-22,San Benito,069,59416,1330,1305,0,1305,10
2020-09-22,San Bernardino,071,2135413,53777,51899,363,52262,971
2020-09-22,San Diego,073,3302833,46940,45149,907,46056,765
2020-09-22,San Francisco,075,870044,11162,10893,26,10919,95
2020-09-22,San Joaquin,077,732212,20114,19755,55,19810,426
2020-09-22,San Luis Obispo,079,281455,3634,3420,16,3436,31
2020-09-22,San Mateo,081,765935,10073,9291,6,9297,127
2020-09-22,Santa Barbara,083,443738,9532,8927,63,8990,111
2020-09-22,Santa Clara,085,1922200,21581,20514,27,20541,253
2020-09-22,Santa Cruz,087,273765,2387,2264,31,2295,8
2020-09-22,Shasta,089,179085,989,723,4,727,14
2020-09-22,Sierra,091,2930,6,6,0,6,0
2020-09-22,Siskiyou,093,43540,154,149,10,159,0
2020-09-22,Solano,095,438530,6265,6107,41,6148,48
2020-09-22,Sonoma,097,501317,7465,7068,19,7087,117
2020-09-22,Stanislaus,099,539301,16462,16231,528,16759,316
2020-09-22,Sutter,101,95872,1670,1638,1,1639,10
2020-09-22,Tehama,103,63373,566,529,2,531,2
2020-09-22,Trinity,105,12862,36,15,6,21,0
2020-09-22,Tulare,107,460477,16098,15616,121,15737,263
2020-09-22,Tuolumne,109,53932,231,224,3,227,1
2020-09-22,Ventura,111,848112,13021,12507,150,12657,136
2020-09-22,Yolo,113,214977,2804,2763,6,2769,54
2020-09-22,Yuba,115,75493,1071,1035,5,1040,5
2020-09-21,Alameda,001,1643700,21174,20501,178,20679,343
2020-09-21,Alpine,003,1148,3,2,0,2,0
2020-09-21,Amador,005,37829,291,286,0,286,16
2020-09-21,Butte,007,227075,2890,2769,21,2790,41
2020-09-21,Calaveras,009,45235,309,256,0,256,10
2020-09-21,Colusa,011,21464,528,517,0,517,6
2020-09-21,Contra Costa,013,1133247,16838,16008,83,16091,189
2020-09-21,Del Norte,015,27424,136,132,0,132,2
2020-09-21,El Dorado,017,186661,1145,1074,1,1075,4
2020-09-21,Fresno,019,978130,30215,27843,360,28203,362
2020-09-21,Glenn,021,27897,577,556,0,556,3
2020-09-21,Humboldt,023,135768,494,473,1,474,5
2020-09-21,Imperial,025,180216,11747,10521,6,10527,284
2020-09-21,Inyo,027,18085,187,177,0,177,12
2020-09-21,Kern,029,883053,31778,31031,315,31346,379
2020-09-21,Kings,031,150075,7580,7297,39,7336,76
2020-09-21,Lake,033,64148,556,508,0,508,8
2020-09-21,Lassen,035,31185,742,735,2,737,0
2020-09-21,Los Angeles,037,10098052,264842,261418,1843,263261,6360
2020-09-21,Madera,039,155013,4503,4275,27,4302,47
2020-09-21,Marin,041,260295,6670,6538,16,6554,84
2020-09-21,Mariposa,043,17540,76,74,0,74,2
2020-09-21,Mendocino,045,87422,846,778,0,778,18
2020-09-21,Merced,047,269075,8832,8749,14,8763,128
2020-09-21,Modoc,049,8938,29,22,0,22,0
2020-09-21,Mono,051,14174,168,147,1,148,1
2020-09-21,Monterey,053,433212,9697,9331,24,9355,66
2020-09-21,Napa,055,140530,1702,1641,5,1646,11
2020-09-21,Nevada,057,99092,538,515,14,529,6
2020-09-21,Orange,059,3164182,54073,51363,1452,52815,1110
2020-09-21,Placer,061,380077,3589,3473,12,3485,40
2020-09-21,Plumas,063,18699,49,47,0,47,0
2020-09-21,Riverside,065,2383286,58038,57001,142,57143,1153
2020-09-21,Sacramento,067,1510023,22180,21568,14,21582,404
2020-09-21,San Benito,069,59416,1328,1298,0,1298,10
2020-09-21,San Bernardino,071,2135413,53491,51654,362,52016,970
2020-09-21,San Diego,073,3302833,46657,44927,886,45813,760
2020-09-21,San Francisco,075,870044,11114,10743,26,10769,95
2020-09-21,San Joaquin,077,732212,20056,19579,55,19634,423
2020-09-21,San Luis Obispo,079,281455,3607,3406,16,3422,27
2020-09-21,San Mateo,081,765935,10021,9239,6,9245,127
2020-09-21,Santa Barbara,083,443738,9504,8911,63,8974,110
2020-09-21,Santa Clara,085,1922200,21480,20432,27,20459,252
2020-09-21,Santa Cruz,087,273765,2370,2257,29,2286,8
2020-09-21,Shasta,089,179085,939,696,4,700,14
2020-09-21,Sierra,091,2930,6,6,0,6,0
2020-09-21,Siskiyou,093,43540,154,146,10,156,0
2020-09-21,Solano,095,438530,6241,6019,41,6060,46
2020-09-21,Sonoma,097,501317,7389,7017,19,7036,117
2020-09-21,Stanislaus,099,539301,16432,16186,528,16714,310
2020-09-21,Sutter,101,95872,1663,1634,1,1635,10
2020-09-21,Tehama,103,63373,547,513,2,515,2
2020-09-21,Trinity,105,12862,36,15,6,21,0
2020-09-21,Tulare,107,460477,16024,15528,112,15640,260
2020-09-21,Tuolumne,109,53932,231,221,3,224,1
2020-09-21,Ventura,111,848112,12939,12477,144,12621,133
2020-09-21,Yolo,113,214977,2798,2752,6,2758,54
2020-09-21,Yuba,115,75493,1067,1033,5,1038,1
2020-09-20,Alameda,001,1643700,21074,20425,175,20600,343
2020-09-20,Alpine,003,1148,3,2,0,2,0
2020-09-20,Amador,005,37829,290,286,0,286,16
2020-09-20,Butte,007,227075,2878,2764,21,2785,39
2020-09-20,Calaveras,009,45235,305,256,0,256,10
2020-09-20,Colusa,011,21464,526,510,0,510,6
2020-09-20,Contra Costa,013,1133247,16704,15917,82,15999,189
2020-09-20,Del Norte,015,27424,134,132,0,132,2
2020-09-20,El Dorado,017,186661,1130,1073,1,1074,4
2020-09-20,Fresno,019,978130,30101,27769,354,28123,362
2020-09-20,Glenn,021,27897,573,550,0,550,3
2020-09-20,Humboldt,023,135768,494,472,1,473,5
2020-09-20,Imperial,025,180216,11720,10496,5,10501,284
2020-09-20,Inyo,027,18085,187,177,0,177,12
2020-09-20,Kern,029,883053,31695,30992,311,31303,379
2020-09-20,Kings,031,150075,7533,7159,38,7197,76
2020-09-20,Lake,033,64148,544,492,0,492,8
2020-09-20,Lassen,035,31185,742,735,2,737,0
2020-09-20,Los Angeles,037,10098052,263610,260770,1814,262584,6347
2020-09-20,Madera,039,155013,4483,4257,27,4284,47
2020-09-20,Marin,041,260295,6644,6533,16,6549,83
2020-09-20,Mariposa,043,17540,76,74,0,74,2
2020-09-20,Mendocino,045,87422,834,765,0,765,18
2020-09-20,Merced,047,269075,8805,8745,14,8759,128
2020-09-20,Modoc,049,8938,27,22,0,22,0
2020-09-20,Mono,051,14174,167,147,1,148,1
2020-09-20,Monterey,053,433212,9619,9312,24,9336,65
2020-09-20,Napa,055,140530,1693,1626,5,1631,11
2020-09-20,Nevada,057,99092,535,511,14,525,6
2020-09-20,Orange,059,3164182,53834,51233,1440,52673,1110
2020-09-20,Placer,061,380077,3574,3452,12,3464,40
2020-09-20,Plumas,063,18699,49,47,0,47,0
2020-09-20,Riverside,065,2383286,57838,56783,136,56919,1147
2020-09-20,Sacramento,067,1510023,21993,21394,13,21407,401
2020-09-20,San Benito,069,59416,1317,1291,0,1291,9
2020-09-20,San Bernardino,071,2135413,53170,51559,360,51919,970
2020-09-20,San Diego,073,3302833,46284,44579,857,45436,760
2020-09-20,San Francisco,075,870044,11060,10743,26,10769,95
2020-09-20,San Joaquin,077,732212,19992,19578,47,19625,423
2020-09-20,San Luis Obispo,079,281455,3579,3393,16,3409,27
2020-09-20,San Mateo,081,765935,9954,9198,6,9204,127
2020-09-20,Santa Barbara,083,443738,9470,8880,62,8942,110
2020-09-20,Santa Clara,085,1922200,21360,20330,26,20356,252
2020-09-20,Santa Cruz,087,273765,2350,2199,29,2228,8
2020-09-20,Shasta,089,179085,898,696,3,699,14
2020-09-20,Sierra,091,2930,6,6,0,6,0
2020-09-20,Siskiyou,093,43540,154,146,10,156,0
2020-09-20,Solano,095,438530,6197,6020,41,6061,46
2020-09-20,Sonoma,097,501317,7285,6954,19,6973,117
2020-09-20,Stanislaus,099,539301,16401,16159,521,16680,310
2020-09-20,Sutter,101,95872,1657,1624,1,1625,10
2020-09-20,Tehama,103,63373,534,509,2,511,2
2020-09-20,Trinity,105,12862,36,15,6,21,0
2020-09-20,Tulare,107,460477,15939,15528,106,15634,260
2020-09-20,Tuolumne,109,53932,231,221,3,224,1
2020-09-20,Ventura,111,848112,12874,12406,140,12546,133
2020-09-20,Yolo,113,214977,2790,2745,6,2751,54
2020-09-20,Yuba,115,75493,1060,1029,5,1034,1
2020-09-19,Alameda,001,1643700,21023,20349,172,20521,343
2020-09-19,Alpine,003,1148,3,2,0,2,0
2020-09-19,Amador,005,37829,290,285,0,285,16
2020-09-19,Butte,007,227075,2872,2748,21,2769,38
2020-09-19,Calaveras,009,45235,305,256,0,256,10
2020-09-19,Colusa,011,21464,526,507,0,507,6
2020-09-19,Contra Costa,013,1133247,16641,15783,82,15865,186
2020-09-19,Del Norte,015,27424,133,132,0,132,2
2020-09-19,El Dorado,017,186661,1124,1068,0,1068,4
2020-09-19,Fresno,019,978130,30028,27668,354,28022,362
2020-09-19,Glenn,021,27897,570,547,0,547,3
2020-09-19,Humboldt,023,135768,493,471,1,472,5
2020-09-19,Imperial,025,180216,11705,10496,5,10501,284
2020-09-19,Inyo,027,18085,187,177,0,177,12
2020-09-19,Kern,029,883053,31641,30886,308,31194,379
2020-09-19,Kings,031,150075,7527,7130,38,7168,76
2020-09-19,Lake,033,64148,544,465,0,465,8
2020-09-19,Lassen,035,31185,742,731,2,733,0
2020-09-19,Los Angeles,037,10098052,262987,259801,1798,261599,6325
2020-09-19,Madera,039,155013,4460,4237,27,4264,47
2020-09-19,Marin,041,260295,6637,6513,15,6528,81
2020-09-19,Mariposa,043,17540,76,74,0,74,2
2020-09-19,Mendocino,045,87422,831,750,0,750,18
2020-09-19,Merced,047,269075,8794,8717,13,8730,128
2020-09-19,Modoc,049,8938,27,22,0,22,0
2020-09-19,Mono,051,14174,167,147,1,148,1
2020-09-19,Monterey,053,433212,9577,9237,24,9261,65
2020-09-19,Napa,055,140530,1685,1614,5,1619,11
2020-09-19,Nevada,057,99092,533,505,14,519,6
2020-09-19,Orange,059,3164182,53705,50999,1433,52432,1105
2020-09-19,Placer,061,380077,3566,3412,12,3424,40
2020-09-19,Plumas,063,18699,49,47,0,47,0
2020-09-19,Riverside,065,2383286,57714,56562,135,56697,1147
2020-09-19,Sacramento,067,1510023,21939,21297,13,21310,396
2020-09-19,San Benito,069,59416,1313,1276,0,1276,9
2020-09-19,San Bernardino,071,2135413,53014,51353,357,51710,971
2020-09-19,San Diego,073,3302833,46056,44295,834,45129,773
2020-09-19,San Francisco,075,870044,11027,10741,26,10767,95
2020-09-19,San Joaquin,077,732212,19955,19580,47,19627,424
2020-09-19,San Luis Obispo,079,281455,3558,3369,16,3385,27
2020-09-19,San Mateo,081,765935,9923,9158,6,9164,127
2020-09-19,Santa Barbara,083,443738,9449,8862,62,8924,106
2020-09-19,Santa Clara,085,1922200,21271,20170,26,20196,251
2020-09-19,Santa Cruz,087,273765,2336,2198,29,2227,8
2020-09-19,Shasta,089,179085,871,687,3,690,14
2020-09-19,Sierra,091,2930,6,6,0,6,0
2020-09-19,Siskiyou,093,43540,154,146,10,156,0
2020-09-19,Solano,095,438530,6181,5998,41,6039,46
2020-09-19,Sonoma,097,501317,7252,6905,19,6924,117
2020-09-19,Stanislaus,099,539301,16361,16109,514,16623,313
2020-09-19,Sutter,101,95872,1656,1602,1,1603,10
2020-09-19,Tehama,103,63373,529,498,2,500,2
2020-09-19,Trinity,105,12862,36,15,6,21,0
2020-09-19,Tulare,107,460477,15890,15485,103,15588,260
2020-09-19,Tuolumne,109,53932,231,217,3,220,1
2020-09-19,Ventura,111,848112,12842,12328,140,12468,133
2020-09-19,Yolo,113,214977,2782,2739,6,2745,54
2020-09-19,Yuba,115,75493,1053,1023,5,1028,1
2020-09-18,Alameda,001,1643700,20958,20222,166,20388,341
2020-09-18,Alpine,003,1148,3,2,0,2,0
2020-09-18,Amador,005,37829,290,285,0,285,16
2020-09-18,Butte,007,227075,2870,2738,21,2759,37
2020-09-18,Calaveras,009,45235,305,255,0,255,9
2020-09-18,Colusa,011,21464,526,504,0,504,6
2020-09-18,Contra Costa,013,1133247,16556,15667,82,15749,185
2020-09-18,Del Norte,015,27424,133,131,0,131,2
2020-09-18,El Dorado,017,186661,1111,1063,0,1063,4
2020-09-18,Fresno,019,978130,29963,27560,354,27914,359
2020-09-18,Glenn,021,27897,567,541,0,541,3
2020-09-18,Humboldt,023,135768,490,470,1,471,5
2020-09-18,Imperial,025,180216,11690,10460,5,10465,283
2020-09-18,Inyo,027,18085,187,177,0,177,12
2020-09-18,Kern,029,883053,31583,30742,305,31047,373
2020-09-18,Kings,031,150075,7517,7062,38,7100,74
2020-09-18,Lake,033,64148,538,458,0,458,8
2020-09-18,Lassen,035,31185,741,731,2,733,0
2020-09-18,Los Angeles,037,10098052,262213,258488,1778,260266,6324
2020-09-18,Madera,039,155013,4448,4211,27,4238,45
2020-09-18,Marin,041,260295,6622,6475,15,6490,81
2020-09-18,Mariposa,043,17540,76,74,0,74,2
2020-09-18,Mendocino,045,87422,823,739,0,739,18
2020-09-18,Merced,047,269075,8782,8691,12,8703,127
2020-09-18,Modoc,049,8938,27,22,0,22,0
2020-09-18,Mono,051,14174,165,147,1,148,1
2020-09-18,Monterey,053,433212,9535,9183,24,9207,64
2020-09-18,Napa,055,140530,1679,1604,5,1609,11
2020-09-18,Nevada,057,99092,530,504,14,518,6
2020-09-18,Orange,059,3164182,53558,50733,1421,52154,1107
2020-09-18,Placer,061,380077,3555,3389,12,3401,40
2020-09-18,Plumas,063,18699,49,45,0,45,0
2020-09-18,Riverside,065,2383286,57594,56248,131,56379,1143
2020-09-18,Sacramento,067,1510023,21856,21105,13,21118,391
2020-09-18,San Benito,069,59416,1305,1257,0,1257,8
2020-09-18,San Bernardino,071,2135413,52871,51106,354,51460,970
2020-09-18,San Diego,073,3302833,45806,44009,829,44838,757
2020-09-18,San Francisco,075,870044,10989,10644,25,10669,95
2020-09-18,San Joaquin,077,732212,19912,19531,45,19576,423
2020-09-18,San Luis Obispo,079,281455,3534,3328,16,3344,27
2020-09-18,San Mateo,081,765935,9883,9062,6,9068,127
2020-09-18,Santa Barbara,083,443738,9427,8824,62,8886,107
2020-09-18,Santa Clara,085,1922200,21174,20058,26,20084,252
2020-09-18,Santa Cruz,087,273765,2315,2180,28,2208,8
2020-09-18,Shasta,089,179085,836,668,3,671,14
2020-09-18,Sierra,091,2930,6,6,0,6,0
2020-09-18,Siskiyou,093,43540,153,146,10,156,0
2020-09-18,Solano,095,438530,6165,5961,41,6002,46
2020-09-18,Sonoma,097,501317,7204,6856,19,6875,114
2020-09-18,Stanislaus,099,539301,16333,16042,508,16550,277
2020-09-18,Sutter,101,95872,1648,1586,1,1587,10
2020-09-18,Tehama,103,63373,529,490,2,492,2
2020-09-18,Trinity,105,12862,36,15,5,20,0
2020-09-18,Tulare,107,460477,15857,15435,99,15534,259
2020-09-18,Tuolumne,109,53932,230,216,3,219,1
2020-09-18,Ventura,111,848112,12781,12236,136,12372,133
2020-09-18,Yolo,113,214977,2776,2732,6,2738,54
2020-09-18,Yuba,115,75493,1049,1020,5,1025,1
2020-09-17,Alameda,001,1643700,20860,20146,166,20312,339
2020-09-17,Alpine,003,1148,3,2,0,2,0
2020-09-17,Amador,005,37829,288,284,0,284,16
2020-09-17,Butte,007,227075,2852,2720,21,2741,38
2020-09-17,Calaveras,009,45235,305,254,0,254,9
2020-09-17,Colusa,011,21464,524,499,0,499,6
2020-09-17,Contra Costa,013,1133247,16466,15576,82,15658,184
2020-09-17,Del Norte,015,27424,133,131,0,131,2
2020-09-17,El Dorado,017,186661,1102,1057,0,1057,4
2020-09-17,Fresno,019,978130,29854,27487,349,27836,355
2020-09-17,Glenn,021,27897,566,541,0,541,3
2020-09-17,Humboldt,023,135768,484,466,1,467,5
2020-09-17,Imperial,025,180216,11673,10436,5,10441,281
2020-09-17,Inyo,027,18085,187,176,0,176,12
2020-09-17,Kern,029,883053,31522,30627,298,30925,372
2020-09-17,Kings,031,150075,7446,7015,38,7053,72
2020-09-17,Lake,033,64148,528,433,0,433,8
2020-09-17,Lassen,035,31185,739,731,2,733,0
2020-09-17,Los Angeles,037,10098052,261270,257246,1763,259009,6318
2020-09-17,Madera,039,155013,4414,4152,27,4179,45
2020-09-17,Marin,041,260295,6601,6457,15,6472,81
2020-09-17,Mariposa,043,17540,75,74,0,74,2
2020-09-17,Mendocino,045,87422,812,737,0,737,18
2020-09-17,Merced,047,269075,8763,8671,12,8683,119
2020-09-17,Modoc,049,8938,27,22,0,22,0
2020-09-17,Mono,051,14174,165,147,1,148,1
2020-09-17,Monterey,053,433212,9473,9113,23,9136,62
2020-09-17,Napa,055,140530,1668,1592,5,1597,11
2020-09-17,Nevada,057,99092,528,494,14,508,6
2020-09-17,Orange,059,3164182,53379,50537,1407,51944,1098
2020-09-17,Placer,061,380077,3534,3368,12,3380,40
2020-09-17,Plumas,063,18699,49,45,0,45,0
2020-09-17,Riverside,065,2383286,57369,56007,129,56136,1134
2020-09-17,Sacramento,067,1510023,21621,20895,13,20908,385
2020-09-17,San Benito,069,59416,1302,1252,0,1252,8
2020-09-17,San Bernardino,071,2135413,52670,50770,354,51124,904
2020-09-17,San Diego,073,3302833,45527,43621,817,44438,754
2020-09-17,San Francisco,075,870044,10894,10564,25,10589,95
2020-09-17,San Joaquin,077,732212,19853,19439,45,19484,416
2020-09-17,San Luis Obispo,079,281455,3507,3299,16,3315,27
2020-09-17,San Mateo,081,765935,9841,8984,6,8990,127
2020-09-17,Santa Barbara,083,443738,9403,8779,62,8841,107
2020-09-17,Santa Clara,085,1922200,21057,19825,26,19851,254
2020-09-17,Santa Cruz,087,273765,2299,2155,28,2183,7
2020-09-17,Shasta,089,179085,797,660,3,663,12
2020-09-17,Sierra,091,2930,6,6,0,6,0
2020-09-17,Siskiyou,093,43540,153,146,10,156,0
2020-09-17,Solano,095,438530,6142,5915,41,5956,44
2020-09-17,Sonoma,097,501317,7140,6754,19,6773,114
2020-09-17,Stanislaus,099,539301,16300,15984,504,16488,277
2020-09-17,Sutter,101,95872,1643,1572,1,1573,10
2020-09-17,Tehama,103,63373,515,487,2,489,2
2020-09-17,Trinity,105,12862,36,15,5,20,0
2020-09-17,Tulare,107,460477,15804,15344,97,15441,258
2020-09-17,Tuolumne,109,53932,229,214,3,217,1
2020-09-17,Ventura,111,848112,12696,12167,132,12299,130
2020-09-17,Yolo,113,214977,2767,2724,6,2730,53
2020-09-17,Yuba,115,75493,1045,1015,5,1020,1
2020-09-16,Alameda,001,1643700,20763,20009,164,20173,333
2020-09-16,Alpine,003,1148,3,2,0,2,0
2020-09-16,Amador,005,37829,288,284,0,284,16
2020-09-16,Butte,007,227075,2842,2704,21,2725,38
2020-09-16,Calaveras,009,45235,305,254,0,254,9
2020-09-16,Colusa,011,21464,522,497,0,497,6
2020-09-16,Contra Costa,013,1133247,16380,15473,82,15555,183
2020-09-16,Del Norte,015,27424,133,131,0,131,2
2020-09-16,El Dorado,017,186661,1094,1049,0,1049,4
2020-09-16,Fresno,019,978130,29748,27381,347,27728,343
2020-09-16,Glenn,021,27897,564,539,0,539,3
2020-09-16,Humboldt,023,135768,483,455,1,456,4
2020-09-16,Imperial,025,180216,11650,10401,5,10406,277
2020-09-16,Inyo,027,18085,186,176,0,176,12
2020-09-16,Kern,029,883053,31462,30570,297,30867,371
2020-09-16,Kings,031,150075,7421,7002,36,7038,71
2020-09-16,Lake,033,64148,517,417,0,417,6
2020-09-16,Lassen,035,31185,738,730,2,732,0
2020-09-16,Los Angeles,037,10098052,260273,256101,1744,257845,6299
2020-09-16,Madera,039,155013,4391,4138,27,4165,45
2020-09-16,Marin,041,260295,6573,6430,15,6445,77
2020-09-16,Mariposa,043,17540,75,74,0,74,2
2020-09-16,Mendocino,045,87422,803,727,0,727,18
2020-09-16,Merced,047,269075,8742,8646,12,8658,118
2020-09-16,Modoc,049,8938,27,22,0,22,0
2020-09-16,Mono,051,14174,165,147,1,148,1
2020-09-16,Monterey,053,433212,9419,8997,23,9020,62
2020-09-16,Napa,055,140530,1654,1587,5,1592,11
2020-09-16,Nevada,057,99092,523,495,13,508,6
2020-09-16,Orange,059,3164182,53179,50414,1398,51812,1096
2020-09-16,Placer,061,380077,3516,3351,12,3363,39
2020-09-16,Plumas,063,18699,49,45,0,45,0
2020-09-16,Riverside,065,2383286,57174,55811,121,55932,1127
2020-09-16,Sacramento,067,1510023,21527,20610,13,20623,377
2020-09-16,San Benito,069,59416,1294,1244,0,1244,8
2020-09-16,San Bernardino,071,2135413,52444,50509,353,50862,907
2020-09-16,San Diego,073,3302833,45235,43447,796,44243,748
2020-09-16,San Francisco,075,870044,10847,10502,25,10527,90
2020-09-16,San Joaquin,077,732212,19799,19377,44,19421,409
2020-09-16,San Luis Obispo,079,281455,3477,3285,16,3301,28
2020-09-16,San Mateo,081,765935,9776,8944,6,8950,127
2020-09-16,Santa Barbara,083,443738,9371,8764,62,8826,107
2020-09-16,Santa Clara,085,1922200,20938,19684,26,19710,253
2020-09-16,Santa Cruz,087,273765,2258,2089,27,2116,7
2020-09-16,Shasta,089,179085,771,635,3,638,11
2020-09-16,Sierra,091,2930,6,6,0,6,0
2020-09-16,Siskiyou,093,43540,152,145,10,155,0
2020-09-16,Solano,095,438530,6112,5899,41,5940,44
2020-09-16,Sonoma,097,501317,7079,6731,19,6750,104
2020-09-16,Stanislaus,099,539301,16252,15897,496,16393,263
2020-09-16,Sutter,101,95872,1630,1567,1,1568,10
2020-09-16,Tehama,103,63373,507,485,2,487,2
2020-09-16,Trinity,105,12862,36,15,5,20,0
2020-09-16,Tulare,107,460477,15762,15314,89,15403,258
2020-09-16,Tuolumne,109,53932,228,210,3,213,1
2020-09-16,Ventura,111,848112,12628,12073,131,12204,130
2020-09-16,Yolo,113,214977,2760,2709,6,2715,53
2020-09-16,Yuba,115,75493,1043,1000,5,1005,1
2020-09-15,Alameda,001,1643700,20656,19931,161,20092,327
2020-09-15,Alpine,003,1148,3,2,0,2,0
2020-09-15,Amador,005,37829,287,282,0,282,16
2020-09-15,Butte,007,227075,2829,2695,19,2714,38
2020-09-15,Calaveras,009,45235,305,248,0,248,5
2020-09-15,Colusa,011,21464,516,497,0,497,6
2020-09-15,Contra Costa,013,1133247,16277,15423,81,15504,180
2020-09-15,Del Norte,015,27424,133,129,0,129,2
2020-09-15,El Dorado,017,186661,1089,1046,0,1046,4
2020-09-15,Fresno,019,978130,29642,27312,342,27654,343
2020-09-15,Glenn,021,27897,563,531,0,531,3
2020-09-15,Humboldt,023,135768,481,456,1,457,4
2020-09-15,Imperial,025,180216,11625,10376,5,10381,277
2020-09-15,Inyo,027,18085,186,176,0,176,12
2020-09-15,Kern,029,883053,31349,30429,294,30723,368
2020-09-15,Kings,031,150075,7263,6977,36,7013,70
2020-09-15,Lake,033,64148,503,416,0,416,4
2020-09-15,Lassen,035,31185,734,719,2,721,0
2020-09-15,Los Angeles,037,10098052,259161,255048,1719,256767,6269
2020-09-15,Madera,039,155013,4372,4122,27,4149,45
2020-09-15,Marin,041,260295,6542,6423,15,6438,77
2020-09-15,Mariposa,043,17540,75,74,0,74,2
2020-09-15,Mendocino,045,87422,785,724,0,724,18
2020-09-15,Merced,047,269075,8712,8633,12,8645,114
2020-09-15,Modoc,049,8938,26,21,0,21,0
2020-09-15,Mono,051,14174,165,147,1,148,1
2020-09-15,Monterey,053,433212,9370,8943,23,8966,62
2020-09-15,Napa,055,140530,1640,1580,5,1585,11
2020-09-15,Nevada,057,99092,518,494,13,507,6
2020-09-15,Orange,059,3164182,52997,50294,1383,51677,1088
2020-09-15,Placer,061,380077,3492,3331,12,3343,38
2020-09-15,Plumas,063,18699,49,44,0,44,0
2020-09-15,Riverside,065,2383286,56881,55569,111,55680,1118
2020-09-15,Sacramento,067,1510023,21385,20487,13,20500,372
2020-09-15,San Benito,069,59416,1287,1237,0,1237,7
2020-09-15,San Bernardino,071,2135413,52228,50333,352,50685,904
2020-09-15,San Diego,073,3302833,44917,43183,775,43958,742
2020-09-15,San Francisco,075,870044,10789,10414,25,10439,90
2020-09-15,San Joaquin,077,732212,19747,19313,44,19357,401
2020-09-15,San Luis Obispo,079,281455,3456,3262,16,3278,28
2020-09-15,San Mateo,081,765935,9706,8895,6,8901,127
2020-09-15,Santa Barbara,083,443738,9346,8724,61,8785,104
2020-09-15,Santa Clara,085,1922200,20802,19610,26,19636,252
2020-09-15,Santa Cruz,087,273765,2232,2079,26,2105,7
2020-09-15,Shasta,089,179085,759,627,3,630,11
2020-09-15,Sierra,091,2930,6,6,0,6,0
2020-09-15,Siskiyou,093,43540,152,143,10,153,0
2020-09-15,Solano,095,438530,6078,5878,41,5919,45
2020-09-15,Sonoma,097,501317,7040,6701,19,6720,104
2020-09-15,Stanislaus,099,539301,16204,15880,494,16374,260
2020-09-15,Sutter,101,95872,1618,1556,1,1557,10
2020-09-15,Tehama,103,63373,495,484,2,486,2
2020-09-15,Trinity,105,12862,36,15,5,20,0
2020-09-15,Tulare,107,460477,15685,15203,87,15290,254
2020-09-15,Tuolumne,109,53932,228,209,3,212,1
2020-09-15,Ventura,111,848112,12576,11932,130,12062,128
2020-09-15,Yolo,113,214977,2756,2708,6,2714,53
2020-09-15,Yuba,115,75493,1037,991,4,995,1
2020-09-14,Alameda,001,1643700,20529,19851,160,20011,306
2020-09-14,Alpine,003,1148,3,2,0,2,0
2020-09-14,Amador,005,37829,285,281,0,281,16
2020-09-14,Butte,007,227075,2812,2642,19,2661,37
2020-09-14,Calaveras,009,45235,305,244,0,244,3
2020-09-14,Colusa,011,21464,515,486,0,486,6
2020-09-14,Contra Costa,013,1133247,16152,15354,80,15434,174
2020-09-14,Del Norte,015,27424,130,116,0,116,2
2020-09-14,El Dorado,017,186661,1085,1039,0,1039,3
2020-09-14,Fresno,019,978130,29557,27232,339,27571,344
2020-09-14,Glenn,021,27897,555,521,0,521,3
2020-09-14,Humboldt,023,135768,478,437,1,438,4
2020-09-14,Imperial,025,180216,11605,10340,5,10345,273
2020-09-14,Inyo,027,18085,186,176,0,176,12
2020-09-14,Kern,029,883053,31262,30344,291,30635,368
2020-09-14,Kings,031,150075,7181,6950,36,6986,70
2020-09-14,Lake,033,64148,483,407,0,407,4
2020-09-14,Lassen,035,31185,734,719,2,721,0
2020-09-14,Los Angeles,037,10098052,258131,254622,1690,256312,6226
2020-09-14,Madera,039,155013,4358,4104,27,4131,45
2020-09-14,Marin,041,260295,6521,6409,15,6424,70
2020-09-14,Mariposa,043,17540,75,74,0,74,2
2020-09-14,Mendocino,045,87422,768,710,0,710,17
2020-09-14,Merced,047,269075,8693,8593,12,8605,112
2020-09-14,Modoc,049,8938,26,21,0,21,0
2020-09-14,Mono,051,14174,165,147,1,148,1
2020-09-14,Monterey,053,433212,9299,8845,22,8867,61
2020-09-14,Napa,055,140530,1623,1576,5,1581,11
2020-09-14,Nevada,057,99092,513,489,13,502,6
2020-09-14,Orange,059,3164182,52838,50149,1366,51515,1079
2020-09-14,Placer,061,380077,3471,3302,12,3314,38
2020-09-14,Plumas,063,18699,48,42,0,42,0
2020-09-14,Riverside,065,2383286,56662,55488,105,55593,1113
2020-09-14,Sacramento,067,1510023,21190,20377,12,20389,367
2020-09-14,San Benito,069,59416,1272,1233,0,1233,7
2020-09-14,San Bernardino,071,2135413,52004,50163,351,50514,895
2020-09-14,San Diego,073,3302833,44606,42889,755,43644,734
2020-09-14,San Francisco,075,870044,10722,10255,23,10278,90
2020-09-14,San Joaquin,077,732212,19673,19111,43,19154,397
2020-09-14,San Luis Obispo,079,281455,3431,3248,16,3264,25
2020-09-14,San Mateo,081,765935,9644,8847,6,8853,127
2020-09-14,Santa Barbara,083,443738,9320,8692,61,8753,104
2020-09-14,Santa Clara,085,1922200,20614,19545,26,19571,247
2020-09-14,Santa Cruz,087,273765,2212,2016,23,2039,7
2020-09-14,Shasta,089,179085,737,584,3,587,10
2020-09-14,Sierra,091,2930,6,6,0,6,0
2020-09-14,Siskiyou,093,43540,151,143,10,153,0
2020-09-14,Solano,095,438530,6043,5834,41,5875,44
2020-09-14,Sonoma,097,501317,6977,6630,19,6649,102
2020-09-14,Stanislaus,099,539301,16159,15812,491,16303,253
2020-09-14,Sutter,101,95872,1607,1549,1,1550,10
2020-09-14,Tehama,103,63373,492,475,2,477,1
2020-09-14,Trinity,105,12862,35,14,5,19,0
2020-09-14,Tulare,107,460477,15616,15096,81,15177,254
2020-09-14,Tuolumne,109,53932,227,208,3,211,1
2020-09-14,Ventura,111,848112,12475,11903,127,12030,125
2020-09-14,Yolo,113,214977,2745,2687,6,2693,53
2020-09-14,Yuba,115,75493,1029,977,4,981,1
2020-09-13,Alameda,001,1643700,20423,19815,157,19972,306
2020-09-13,Alpine,003,1148,3,2,0,2,0
2020-09-13,Amador,005,37829,282,279,0,279,16
2020-09-13,Butte,007,227075,2790,2640,19,2659,37
2020-09-13,Calaveras,009,45235,304,246,0,246,3
2020-09-13,Colusa,011,21464,511,486,0,486,6
2020-09-13,Contra Costa,013,1133247,16046,15284,79,15363,172
2020-09-13,Del Norte,015,27424,127,116,0,116,1
2020-09-13,El Dorado,017,186661,1080,1035,0,1035,2
2020-09-13,Fresno,019,978130,29450,27196,330,27526,345
2020-09-13,Glenn,021,27897,551,517,0,517,3
2020-09-13,Humboldt,023,135768,478,434,1,435,4
2020-09-13,Imperial,025,180216,11568,10304,5,10309,273
2020-09-13,Inyo,027,18085,186,176,0,176,12
2020-09-13,Kern,029,883053,31169,30277,284,30561,368
2020-09-13,Kings,031,150075,7162,6937,36,6973,70
2020-09-13,Lake,033,64148,464,397,0,397,4
2020-09-13,Lassen,035,31185,731,719,2,721,0
2020-09-13,Los Angeles,037,10098052,256983,253950,1674,255624,6203
2020-09-13,Madera,039,155013,4301,4090,27,4117,45
2020-09-13,Marin,041,260295,6500,6395,15,6410,70
2020-09-13,Mariposa,043,17540,75,74,0,74,2
2020-09-13,Mendocino,045,87422,761,707,0,707,17
2020-09-13,Merced,047,269075,8659,8575,12,8587,112
2020-09-13,Modoc,049,8938,26,21,0,21,0
2020-09-13,Mono,051,14174,165,147,1,148,1
2020-09-13,Monterey,053,433212,9217,8826,21,8847,61
2020-09-13,Napa,055,140530,1616,1563,5,1568,11
2020-09-13,Nevada,057,99092,505,486,13,499,6
2020-09-13,Orange,059,3164182,52625,50061,1359,51420,1075
2020-09-13,Placer,061,380077,3441,3291,12,3303,38
2020-09-13,Plumas,063,18699,48,42,0,42,0
2020-09-13,Riverside,065,2383286,56453,55235,94,55329,1108
2020-09-13,Sacramento,067,1510023,20843,20279,12,20291,367
2020-09-13,San Benito,069,59416,1264,1217,0,1217,7
2020-09-13,San Bernardino,071,2135413,51719,49968,349,50317,895
2020-09-13,San Diego,073,3302833,44281,42681,720,43401,734
2020-09-13,San Francisco,075,870044,10644,10254,23,10277,90
2020-09-13,San Joaquin,077,732212,19601,19110,42,19152,396
2020-09-13,San Luis Obispo,079,281455,3395,3240,16,3256,24
2020-09-13,San Mateo,081,765935,9583,8811,6,8817,127
2020-09-13,Santa Barbara,083,443738,9283,8690,61,8751,104
2020-09-13,Santa Clara,085,1922200,20479,19456,25,19481,245
2020-09-13,Santa Cruz,087,273765,2179,2016,21,2037,7
2020-09-13,Shasta,089,179085,725,583,3,586,10
2020-09-13,Sierra,091,2930,6,6,0,6,0
2020-09-13,Siskiyou,093,43540,151,143,9,152,0
2020-09-13,Solano,095,438530,5997,5810,41,5851,43
2020-09-13,Sonoma,097,501317,6912,6592,19,6611,95
2020-09-13,Stanislaus,099,539301,16096,15759,479,16238,253
2020-09-13,Sutter,101,95872,1595,1539,1,1540,10
2020-09-13,Tehama,103,63373,488,476,2,478,1
2020-09-13,Trinity,105,12862,35,14,5,19,0
2020-09-13,Tulare,107,460477,15544,15098,80,15178,254
2020-09-13,Tuolumne,109,53932,224,208,3,211,1
2020-09-13,Ventura,111,848112,12370,11855,126,11981,123
2020-09-13,Yolo,113,214977,2733,2675,6,2681,53
2020-09-13,Yuba,115,75493,1024,967,4,971,1
2020-09-12,Alameda,001,1643700,20364,19758,157,19915,307
2020-09-12,Alpine,003,1148,3,2,0,2,0
2020-09-12,Amador,005,37829,281,278,0,278,16
2020-09-12,Butte,007,227075,2783,2629,18,2647,37
2020-09-12,Calaveras,009,45235,302,246,0,246,3
2020-09-12,Colusa,011,21464,507,486,0,486,6
2020-09-12,Contra Costa,013,1133247,15973,15135,78,15213,174
2020-09-12,Del Norte,015,27424,126,116,0,116,1
2020-09-12,El Dorado,017,186661,1073,1034,0,1034,2
2020-09-12,Fresno,019,978130,29380,27076,329,27405,345
2020-09-12,Glenn,021,27897,550,517,0,517,3
2020-09-12,Humboldt,023,135768,477,430,1,431,4
2020-09-12,Imperial,025,180216,11556,10305,5,10310,273
2020-09-12,Inyo,027,18085,186,177,0,177,12
2020-09-12,Kern,029,883053,31103,30202,284,30486,368
2020-09-12,Kings,031,150075,7152,6895,36,6931,70
2020-09-12,Lake,033,64148,458,393,0,393,4
2020-09-12,Lassen,035,31185,731,719,2,721,0
2020-09-12,Los Angeles,037,10098052,256424,253156,1653,254809,6193
2020-09-12,Madera,039,155013,4290,4058,27,4085,43
2020-09-12,Marin,041,260295,6491,6393,15,6408,69
2020-09-12,Mariposa,043,17540,75,72,0,72,2
2020-09-12,Mendocino,045,87422,758,700,0,700,17
2020-09-12,Merced,047,269075,8650,8533,12,8545,112
2020-09-12,Modoc,049,8938,25,21,0,21,0
2020-09-12,Mono,051,14174,165,147,1,148,1
2020-09-12,Monterey,053,433212,9181,8743,21,8764,61
2020-09-12,Napa,055,140530,1613,1556,5,1561,11
2020-09-12,Nevada,057,99092,504,482,13,495,6
2020-09-12,Orange,059,3164182,52512,49895,1355,51250,1078
2020-09-12,Placer,061,380077,3424,3280,12,3292,38
2020-09-12,Plumas,063,18699,48,42,0,42,0
2020-09-12,Riverside,065,2383286,56326,55058,89,55147,1108
2020-09-12,Sacramento,067,1510023,20774,20184,12,20196,367
2020-09-12,San Benito,069,59416,1261,1208,0,1208,7
2020-09-12,San Bernardino,071,2135413,51628,49945,347,50292,896
2020-09-12,San Diego,073,3302833,44087,42416,711,43127,747
2020-09-12,San Francisco,075,870044,10599,10257,23,10280,90
2020-09-12,San Joaquin,077,732212,19573,19108,42,19150,396
2020-09-12,San Luis Obispo,079,281455,3369,3220,16,3236,24
2020-09-12,San Mateo,081,765935,9538,8759,6,8765,127
2020-09-12,Santa Barbara,083,443738,9268,8642,61,8703,104
2020-09-12,Santa Clara,085,1922200,20395,19330,25,19355,237
2020-09-12,Santa Cruz,087,273765,2167,2016,21,2037,7
2020-09-12,Shasta,089,179085,713,569,3,572,10
2020-09-12,Sierra,091,2930,6,6,0,6,0
2020-09-12,Siskiyou,093,43540,151,141,9,150,0
2020-09-12,Solano,095,438530,5973,5772,41,5813,43
2020-09-12,Sonoma,097,501317,6888,6531,19,6550,95
2020-09-12,Stanislaus,099,539301,16064,15675,476,16151,253
2020-09-12,Sutter,101,95872,1589,1529,1,1530,10
2020-09-12,Tehama,103,63373,485,471,2,473,1
2020-09-12,Trinity,105,12862,35,15,5,20,0
2020-09-12,Tulare,107,460477,15499,15018,79,15097,254
2020-09-12,Tuolumne,109,53932,224,208,3,211,1
2020-09-12,Ventura,111,848112,12319,11759,124,11883,123
2020-09-12,Yolo,113,214977,2726,2646,6,2652,53
2020-09-12,Yuba,115,75493,1020,963,4,967,1
2020-09-11,Alameda,001,1643700,20309,19625,156,19781,298
2020-09-11,Alpine,003,1148,3,2,0,2,0
2020-09-11,Amador,005,37829,281,277,0,277,16
2020-09-11,Butte,007,227075,2772,2605,18,2623,37
2020-09-11,Calaveras,009,45235,301,242,0,242,1
2020-09-11,Colusa,011,21464,506,484,0,484,6
2020-09-11,Contra Costa,013,1133247,15920,15001,75,15076,173
2020-09-11,Del Norte,015,27424,126,115,0,115,1
2020-09-11,El Dorado,017,186661,1070,1024,0,1024,2
2020-09-11,Fresno,019,978130,29300,26917,328,27245,344
2020-09-11,Glenn,021,27897,545,515,0,515,3
2020-09-11,Humboldt,023,135768,475,426,1,427,4
2020-09-11,Imperial,025,180216,11538,10286,5,10291,273
2020-09-11,Inyo,027,18085,186,176,0,176,12
2020-09-11,Kern,029,883053,31035,30059,283,30342,365
2020-09-11,Kings,031,150075,7135,6770,36,6806,70
2020-09-11,Lake,033,64148,451,382,0,382,4
2020-09-11,Lassen,035,31185,731,719,2,721,0
2020-09-11,Los Angeles,037,10098052,255743,252057,1642,253699,6172
2020-09-11,Madera,039,155013,4271,4018,27,4045,43
2020-09-11,Marin,041,260295,6488,6364,15,6379,69
2020-09-11,Mariposa,043,17540,75,72,0,72,2
2020-09-11,Mendocino,045,87422,747,700,0,700,17
2020-09-11,Merced,047,269075,8629,8489,12,8501,109
2020-09-11,Modoc,049,8938,25,21,0,21,0
2020-09-11,Mono,051,14174,165,145,1,146,1
2020-09-11,Monterey,053,433212,9133,8595,21,8616,61
2020-09-11,Napa,055,140530,1602,1543,5,1548,11
2020-09-11,Nevada,057,99092,497,483,13,496,6
2020-09-11,Orange,059,3164182,52385,49755,1342,51097,1068
2020-09-11,Placer,061,380077,3409,3254,12,3266,37
2020-09-11,Plumas,063,18699,48,42,0,42,0
2020-09-11,Riverside,065,2383286,56193,54717,86,54803,1099
2020-09-11,Sacramento,067,1510023,20689,20012,12,20024,358
2020-09-11,San Benito,069,59416,1251,1202,0,1202,7
2020-09-11,San Bernardino,071,2135413,51528,49682,347,50029,871
2020-09-11,San Diego,073,3302833,43867,41971,705,42676,730
2020-09-11,San Francisco,075,870044,10551,10133,22,10155,89
2020-09-11,San Joaquin,077,732212,19526,19019,42,19061,391
2020-09-11,San Luis Obispo,079,281455,3351,3190,16,3206,24
2020-09-11,San Mateo,081,765935,9496,8611,6,8617,127
2020-09-11,Santa Barbara,083,443738,9234,8592,60,8652,103
2020-09-11,Santa Clara,085,1922200,20306,19065,25,19090,234
2020-09-11,Santa Cruz,087,273765,2150,1997,21,2018,7
2020-09-11,Shasta,089,179085,703,568,3,571,10
2020-09-11,Sierra,091,2930,6,6,0,6,0
2020-09-11,Siskiyou,093,43540,150,139,9,148,0
2020-09-11,Solano,095,438530,5956,5742,41,5783,42
2020-09-11,Sonoma,097,501317,6843,6469,19,6488,91
2020-09-11,Stanislaus,099,539301,16026,15613,473,16086,253
2020-09-11,Sutter,101,95872,1579,1505,1,1506,11
2020-09-11,Tehama,103,63373,482,466,2,468,1
2020-09-11,Trinity,105,12862,35,16,5,21,0
2020-09-11,Tulare,107,460477,15468,14932,77,15009,251
2020-09-11,Tuolumne,109,53932,224,208,3,211,1
2020-09-11,Ventura,111,848112,12265,11700,122,11822,123
2020-09-11,Yolo,113,214977,2715,2632,6,2638,53
2020-09-11,Yuba,115,75493,1012,946,4,950,1
2020-09-10,Alameda,001,1643700,20235,19509,156,19665,292
2020-09-10,Alpine,003,1148,3,2,0,2,0
2020-09-10,Amador,005,37829,280,277,0,277,16
2020-09-10,Butte,007,227075,2755,2590,18,2608,37
2020-09-10,Calaveras,009,45235,301,244,0,244,1
2020-09-10,Colusa,011,21464,504,482,0,482,6
2020-09-10,Contra Costa,013,1133247,15850,14909,75,14984,172
2020-09-10,Del Norte,015,27424,125,112,0,112,1
2020-09-10,El Dorado,017,186661,1067,1020,0,1020,2
2020-09-10,Fresno,019,978130,29179,26783,328,27111,338
2020-09-10,Glenn,021,27897,535,511,0,511,3
2020-09-10,Humboldt,023,135768,464,422,1,423,4
2020-09-10,Imperial,025,180216,11522,10251,5,10256,270
2020-09-10,Inyo,027,18085,185,176,0,176,11
2020-09-10,Kern,029,883053,30952,29988,279,30267,363
2020-09-10,Kings,031,150075,7105,6739,36,6775,70
2020-09-10,Lake,033,64148,444,377,0,377,4
2020-09-10,Lassen,035,31185,730,716,2,718,0
2020-09-10,Los Angeles,037,10098052,254763,251003,1620,252623,6132
2020-09-10,Madera,039,155013,4253,3979,27,4006,43
2020-09-10,Marin,041,260295,6477,6344,15,6359,68
2020-09-10,Mariposa,043,17540,75,72,0,72,2
2020-09-10,Mendocino,045,87422,737,697,0,697,16
2020-09-10,Merced,047,269075,8583,8461,12,8473,109
2020-09-10,Modoc,049,8938,25,21,0,21,0
2020-09-10,Mono,051,14174,165,145,1,146,1
2020-09-10,Monterey,053,433212,9063,8570,21,8591,59
2020-09-10,Napa,055,140530,1596,1536,5,1541,11
2020-09-10,Nevada,057,99092,493,478,13,491,6
2020-09-10,Orange,059,3164182,52222,49617,1335,50952,1057
2020-09-10,Placer,061,380077,3390,3233,12,3245,37
2020-09-10,Plumas,063,18699,48,42,0,42,0
2020-09-10,Riverside,065,2383286,55875,54417,83,54500,1091
2020-09-10,Sacramento,067,1510023,20567,19618,11,19629,354
2020-09-10,San Benito,069,59416,1245,1201,0,1201,5
2020-09-10,San Bernardino,071,2135413,51339,49467,345,49812,867
2020-09-10,San Diego,073,3302833,43601,41610,678,42288,725
2020-09-10,San Francisco,075,870044,10474,10082,22,10104,89
2020-09-10,San Joaquin,077,732212,19473,18854,42,18896,389
2020-09-10,San Luis Obispo,079,281455,3338,3161,16,3177,24
2020-09-10,San Mateo,081,765935,9450,8529,6,8535,125
2020-09-10,Santa Barbara,083,443738,9190,8552,60,8612,100
2020-09-10,Santa Clara,085,1922200,20192,18870,25,18895,231
2020-09-10,Santa Cruz,087,273765,2135,1986,19,2005,7
2020-09-10,Shasta,089,179085,692,566,3,569,10
2020-09-10,Sierra,091,2930,6,6,0,6,0
2020-09-10,Siskiyou,093,43540,150,137,9,146,0
2020-09-10,Solano,095,438530,5916,5696,41,5737,42
2020-09-10,Sonoma,097,501317,6794,6424,19,6443,91
2020-09-10,Stanislaus,099,539301,15972,15509,468,15977,243
2020-09-10,Sutter,101,95872,1567,1494,1,1495,11
2020-09-10,Tehama,103,63373,475,466,2,468,1
2020-09-10,Trinity,105,12862,35,15,5,20,0
2020-09-10,Tulare,107,460477,15413,14860,74,14934,250
2020-09-10,Tuolumne,109,53932,223,205,3,208,1
2020-09-10,Ventura,111,848112,12172,11600,115,11715,122
2020-09-10,Yolo,113,214977,2710,2612,6,2618,53
2020-09-10,Yuba,115,75493,1006,941,4,945,1
2020-09-09,Alameda,001,1643700,20156,19399,155,19554,289
2020-09-09,Alpine,003,1148,3,2,0,2,0
2020-09-09,Amador,005,37829,279,276,0,276,16
2020-09-09,Butte,007,227075,2738,2561,18,2579,37
2020-09-09,Calaveras,009,45235,301,242,0,242,1
2020-09-09,Colusa,011,21464,499,479,0,479,6
2020-09-09,Contra Costa,013,1133247,15764,14816,75,14891,171
2020-09-09,Del Norte,015,27424,121,109,0,109,1
2020-09-09,El Dorado,017,186661,1066,1020,0,1020,2
2020-09-09,Fresno,019,978130,29076,26724,323,27047,329
2020-09-09,Glenn,021,27897,532,508,0,508,3
2020-09-09,Humboldt,023,135768,462,420,1,421,4
2020-09-09,Imperial,025,180216,11501,10233,5,10238,268
2020-09-09,Inyo,027,18085,184,173,0,173,2
2020-09-09,Kern,029,883053,30853,29925,276,30201,355
2020-09-09,Kings,031,150075,7087,6721,36,6757,72
2020-09-09,Lake,033,64148,436,371,0,371,4
2020-09-09,Lassen,035,31185,729,714,2,716,0
2020-09-09,Los Angeles,037,10098052,253879,249876,1601,251477,6091
2020-09-09,Madera,039,155013,4227,3926,27,3953,43
2020-09-09,Marin,041,260295,6458,6321,15,6336,68
2020-09-09,Mariposa,043,17540,74,72,0,72,2
2020-09-09,Mendocino,045,87422,729,695,0,695,16
2020-09-09,Merced,047,269075,8557,8441,12,8453,107
2020-09-09,Modoc,049,8938,24,20,0,20,0
2020-09-09,Mono,051,14174,165,145,1,146,1
2020-09-09,Monterey,053,433212,8991,8527,21,8548,59
2020-09-09,Napa,055,140530,1586,1531,5,1536,11
2020-09-09,Nevada,057,99092,489,476,13,489,6
2020-09-09,Orange,059,3164182,52043,49394,1327,50721,1054
2020-09-09,Placer,061,380077,3370,3222,12,3234,36
2020-09-09,Plumas,063,18699,46,42,0,42,0
2020-09-09,Riverside,065,2383286,55646,54320,80,54400,1081
2020-09-09,Sacramento,067,1510023,20461,19474,11,19485,347
2020-09-09,San Benito,069,59416,1241,1199,0,1199,5
2020-09-09,San Bernardino,071,2135413,51141,49264,344,49608,866
2020-09-09,San Diego,073,3302833,43312,41326,666,41992,721
2020-09-09,San Francisco,075,870044,10424,9996,21,10017,86
2020-09-09,San Joaquin,077,732212,19409,18799,41,18840,388
2020-09-09,San Luis Obispo,079,281455,3320,3131,16,3147,24
2020-09-09,San Mateo,081,765935,9389,8478,6,8484,125
2020-09-09,Santa Barbara,083,443738,9147,8528,60,8588,97
2020-09-09,Santa Clara,085,1922200,20060,18759,25,18784,228
2020-09-09,Santa Cruz,087,273765,2112,1967,19,1986,7
2020-09-09,Shasta,089,179085,680,562,3,565,10
2020-09-09,Sierra,091,2930,6,6,0,6,0
2020-09-09,Siskiyou,093,43540,148,137,9,146,0
2020-09-09,Solano,095,438530,5884,5680,41,5721,36
2020-09-09,Sonoma,097,501317,6727,6397,19,6416,92
2020-09-09,Stanislaus,099,539301,15934,15469,455,15924,243
2020-09-09,Sutter,101,95872,1559,1487,1,1488,11
2020-09-09,Tehama,103,63373,472,462,2,464,1
2020-09-09,Trinity,105,12862,35,14,5,19,0
2020-09-09,Tulare,107,460477,15364,14787,69,14856,249
2020-09-09,Tuolumne,109,53932,222,204,3,207,1
2020-09-09,Ventura,111,848112,12084,11497,112,11609,121
2020-09-09,Yolo,113,214977,2699,2604,6,2610,53
2020-09-09,Yuba,115,75493,1001,936,4,940,1
2020-09-08,Alameda,001,1643700,20048,19293,155,19448,288
2020-09-08,Alpine,003,1148,3,2,0,2,0
2020-09-08,Amador,005,37829,279,276,0,276,16
2020-09-08,Butte,007,227075,2720,2453,18,2471,36
2020-09-08,Calaveras,009,45235,299,233,0,233,1
2020-09-08,Colusa,011,21464,497,475,0,475,6
2020-09-08,Contra Costa,013,1133247,15636,14740,72,14812,171
2020-09-08,Del Norte,015,27424,121,109,0,109,2
2020-09-08,El Dorado,017,186661,1063,1011,0,1011,2
2020-09-08,Fresno,019,978130,28957,26640,319,26959,329
2020-09-08,Glenn,021,27897,528,492,0,492,3
2020-09-08,Humboldt,023,135768,460,420,1,421,4
2020-09-08,Imperial,025,180216,11485,10198,5,10203,267
2020-09-08,Inyo,027,18085,184,169,0,169,2
2020-09-08,Kern,029,883053,30767,29850,274,30124,351
2020-09-08,Kings,031,150075,7049,6658,36,6694,72
2020-09-08,Lake,033,64148,426,370,0,370,4
2020-09-08,Lassen,035,31185,729,710,2,712,0
2020-09-08,Los Angeles,037,10098052,252944,249217,1573,250790,6034
2020-09-08,Madera,039,155013,4203,3904,27,3931,43
2020-09-08,Marin,041,260295,6427,6313,15,6328,68
2020-09-08,Mariposa,043,17540,74,72,0,72,2
2020-09-08,Mendocino,045,87422,722,690,0,690,16
2020-09-08,Merced,047,269075,8534,8381,12,8393,104
2020-09-08,Modoc,049,8938,24,20,0,20,0
2020-09-08,Mono,051,14174,165,145,1,146,1
2020-09-08,Monterey,053,433212,8906,8491,21,8512,59
2020-09-08,Napa,055,140530,1582,1518,5,1523,11
2020-09-08,Nevada,057,99092,489,470,13,483,6
2020-09-08,Orange,059,3164182,51902,49214,1323,50537,1044
2020-09-08,Placer,061,380077,3356,3205,12,3217,36
2020-09-08,Plumas,063,18699,46,42,0,42,0
2020-09-08,Riverside,065,2383286,55434,54168,77,54245,1069
2020-09-08,Sacramento,067,1510023,20226,19411,11,19422,347
2020-09-08,San Benito,069,59416,1234,1188,0,1188,5
2020-09-08,San Bernardino,071,2135413,50952,49034,343,49377,856
2020-09-08,San Diego,073,3302833,42996,41079,654,41733,709
2020-09-08,San Francisco,075,870044,10351,9821,21,9842,86
2020-09-08,San Joaquin,077,732212,19331,18550,41,18591,388
2020-09-08,San Luis Obispo,079,281455,3306,3120,16,3136,23
2020-09-08,San Mateo,081,765935,9313,8460,6,8466,125
2020-09-08,Santa Barbara,083,443738,9113,8488,59,8547,96
2020-09-08,Santa Clara,085,1922200,19883,18645,25,18670,228
2020-09-08,Santa Cruz,087,273765,2084,1903,19,1922,7
2020-09-08,Shasta,089,179085,672,556,3,559,10
2020-09-08,Sierra,091,2930,6,6,0,6,0
2020-09-08,Siskiyou,093,43540,146,136,9,145,0
2020-09-08,Solano,095,438530,5847,5654,41,5695,36
2020-09-08,Sonoma,097,501317,6658,6356,19,6375,92
2020-09-08,Stanislaus,099,539301,15870,15415,443,15858,238
2020-09-08,Sutter,101,95872,1544,1473,1,1474,11
2020-09-08,Tehama,103,63373,468,458,2,460,1
2020-09-08,Trinity,105,12862,34,13,5,18,0
2020-09-08,Tulare,107,460477,15284,14635,68,14703,249
2020-09-08,Tuolumne,109,53932,221,197,3,200,1
2020-09-08,Ventura,111,848112,12016,11475,110,11585,118
2020-09-08,Yolo,113,214977,2689,2580,6,2586,53
2020-09-08,Yuba,115,75493,989,923,4,927,1
2020-09-07,Alameda,001,1643700,19926,19188,150,19338,281
2020-09-07,Alpine,003,1148,3,2,0,2,0
2020-09-07,Amador,005,37829,279,276,0,276,16
2020-09-07,Butte,007,227075,2687,2450,17,2467,30
2020-09-07,Calaveras,009,45235,289,234,0,234,1
2020-09-07,Colusa,011,21464,496,475,0,475,6
2020-09-07,Contra Costa,013,1133247,15523,14637,69,14706,172
2020-09-07,Del Norte,015,27424,121,109,0,109,2
2020-09-07,El Dorado,017,186661,1052,1011,0,1011,2
2020-09-07,Fresno,019,978130,28864,26565,315,26880,329
2020-09-07,Glenn,021,27897,523,488,0,488,3
2020-09-07,Humboldt,023,135768,451,416,1,417,4
2020-09-07,Imperial,025,180216,11454,10199,5,10204,267
2020-09-07,Inyo,027,18085,184,169,0,169,2
2020-09-07,Kern,029,883053,30646,29790,269,30059,348
2020-09-07,Kings,031,150075,6925,6630,36,6666,72
2020-09-07,Lake,033,64148,403,367,0,367,2
2020-09-07,Lassen,035,31185,729,709,2,711,0
2020-09-07,Los Angeles,037,10098052,251899,248804,1550,250354,6030
2020-09-07,Madera,039,155013,4172,3889,27,3916,43
2020-09-07,Marin,041,260295,6397,6296,15,6311,67
2020-09-07,Mariposa,043,17540,74,72,0,72,2
2020-09-07,Mendocino,045,87422,714,687,0,687,16
2020-09-07,Merced,047,269075,8487,8381,12,8393,104
2020-09-07,Modoc,049,8938,23,20,0,20,0
2020-09-07,Mono,051,14174,165,145,1,146,1
2020-09-07,Monterey,053,433212,8827,8463,21,8484,57
2020-09-07,Napa,055,140530,1570,1514,5,1519,11
2020-09-07,Nevada,057,99092,487,469,13,482,6
2020-09-07,Orange,059,3164182,51731,49132,1319,50451,1042
2020-09-07,Placer,061,380077,3325,3188,11,3199,36
2020-09-07,Plumas,063,18699,45,42,0,42,0
2020-09-07,Riverside,065,2383286,55159,54178,71,54249,1069
2020-09-07,Sacramento,067,1510023,19983,19292,11,19303,345
2020-09-07,San Benito,069,59416,1228,1180,0,1180,4
2020-09-07,San Bernardino,071,2135413,50728,49043,341,49384,821
2020-09-07,San Diego,073,3302833,42596,40868,627,41495,708
2020-09-07,San Francisco,075,870044,10301,9813,20,9833,85
2020-09-07,San Joaquin,077,732212,19250,18552,39,18591,386
2020-09-07,San Luis Obispo,079,281455,3269,3116,16,3132,23
2020-09-07,San Mateo,081,765935,9231,8409,6,8415,125
2020-09-07,Santa Barbara,083,443738,9071,8479,59,8538,95
2020-09-07,Santa Clara,085,1922200,19725,18596,24,18620,226
2020-09-07,Santa Cruz,087,273765,2056,1902,19,1921,7
2020-09-07,Shasta,089,179085,662,556,3,559,10
2020-09-07,Sierra,091,2930,6,6,0,6,0
2020-09-07,Siskiyou,093,43540,145,133,9,142,0
2020-09-07,Solano,095,438530,5782,5640,41,5681,36
2020-09-07,Sonoma,097,501317,6591,6268,19,6287,85
2020-09-07,Stanislaus,099,539301,15805,15343,430,15773,236
2020-09-07,Sutter,101,95872,1527,1468,1,1469,11
2020-09-07,Tehama,103,63373,465,453,2,455,1
2020-09-07,Trinity,105,12862,34,13,5,18,0
2020-09-07,Tulare,107,460477,15178,14637,66,14703,249
2020-09-07,Tuolumne,109,53932,220,196,3,199,1
2020-09-07,Ventura,111,848112,11923,11463,108,11571,118
2020-09-07,Yolo,113,214977,2672,2565,5,2570,53
2020-09-07,Yuba,115,75493,973,923,3,926,1
2020-09-06,Alameda,001,1643700,19868,19029,148,19177,281
2020-09-06,Alpine,003,1148,3,2,0,2,0
2020-09-06,Amador,005,37829,277,275,0,275,16
2020-09-06,Butte,007,227075,2678,2446,17,2463,30
2020-09-06,Calaveras,009,45235,289,235,0,235,1
2020-09-06,Colusa,011,21464,492,475,0,475,6
2020-09-06,Contra Costa,013,1133247,15443,14565,68,14633,171
2020-09-06,Del Norte,015,27424,121,109,0,109,2
2020-09-06,El Dorado,017,186661,1050,1008,0,1008,2
2020-09-06,Fresno,019,978130,28800,26471,313,26784,329
2020-09-06,Glenn,021,27897,517,474,0,474,3
2020-09-06,Humboldt,023,135768,448,404,1,405,4
2020-09-06,Imperial,025,180216,11437,10152,5,10157,267
2020-09-06,Inyo,027,18085,184,169,0,169,2
2020-09-06,Kern,029,883053,30591,29699,265,29964,348
2020-09-06,Kings,031,150075,6905,6561,35,6596,72
2020-09-06,Lake,033,64148,400,362,0,362,2
2020-09-06,Lassen,035,31185,729,709,2,711,0
2020-09-06,Los Angeles,037,10098052,251271,248316,1534,249850,6004
2020-09-06,Madera,039,155013,4128,3867,27,3894,42
2020-09-06,Marin,041,260295,6385,6276,15,6291,67
2020-09-06,Mariposa,043,17540,74,72,0,72,2
2020-09-06,Mendocino,045,87422,713,672,0,672,16
2020-09-06,Merced,047,269075,8467,8327,12,8339,104
2020-09-06,Modoc,049,8938,23,20,0,20,0
2020-09-06,Mono,051,14174,164,145,1,146,1
2020-09-06,Monterey,053,433212,8788,8403,20,8423,56
2020-09-06,Napa,055,140530,1566,1501,3,1504,11
2020-09-06,Nevada,057,99092,487,467,13,480,6
2020-09-06,Orange,059,3164182,51618,48931,1314,50245,1042
2020-09-06,Placer,061,380077,3308,3169,11,3180,36
2020-09-06,Plumas,063,18699,44,42,0,42,0
2020-09-06,Riverside,065,2383286,55043,53970,69,54039,1069
2020-09-06,Sacramento,067,1510023,19888,19128,11,19139,340
2020-09-06,San Benito,069,59416,1226,1178,0,1178,4
2020-09-06,San Bernardino,071,2135413,50619,48923,341,49264,823
2020-09-06,San Diego,073,3302833,42348,40652,621,41273,707
2020-09-06,San Francisco,075,870044,10227,9813,20,9833,85
2020-09-06,San Joaquin,077,732212,19201,18558,39,18597,386
2020-09-06,San Luis Obispo,079,281455,3258,3101,16,3117,23
2020-09-06,San Mateo,081,765935,9178,8387,6,8393,125
2020-09-06,Santa Barbara,083,443738,9042,8434,59,8493,95
2020-09-06,Santa Clara,085,1922200,19624,18495,24,18519,207
2020-09-06,Santa Cruz,087,273765,2049,1902,19,1921,7
2020-09-06,Shasta,089,179085,656,550,3,553,10
2020-09-06,Sierra,091,2930,6,6,0,6,0
2020-09-06,Siskiyou,093,43540,145,132,9,141,0
2020-09-06,Solano,095,438530,5756,5619,41,5660,37
2020-09-06,Sonoma,097,501317,6562,6212,19,6231,85
2020-09-06,Stanislaus,099,539301,15762,15288,425,15713,236
2020-09-06,Sutter,101,95872,1514,1451,1,1452,11
2020-09-06,Tehama,103,63373,464,455,2,457,1
2020-09-06,Trinity,105,12862,33,13,5,18,0
2020-09-06,Tulare,107,460477,15135,14636,65,14701,249
2020-09-06,Tuolumne,109,53932,217,194,3,197,1
2020-09-06,Ventura,111,848112,11881,11315,107,11422,118
2020-09-06,Yolo,113,214977,2659,2556,5,2561,53
2020-09-06,Yuba,115,75493,965,913,3,916,1
2020-09-05,Alameda,001,1643700,19821,18973,146,19119,279
2020-09-05,Alpine,003,1148,3,2,0,2,0
2020-09-05,Amador,005,37829,277,274,0,274,16
2020-09-05,Butte,007,227075,2662,2406,16,2422,30
2020-09-05,Calaveras,009,45235,289,237,0,237,1
2020-09-05,Colusa,011,21464,488,472,0,472,6
2020-09-05,Contra Costa,013,1133247,15367,14456,66,14522,173
2020-09-05,Del Norte,015,27424,121,109,0,109,2
2020-09-05,El Dorado,017,186661,1050,1007,0,1007,2
2020-09-05,Fresno,019,978130,28732,26325,313,26638,331
2020-09-05,Glenn,021,27897,516,474,0,474,3
2020-09-05,Humboldt,023,135768,446,402,1,403,4
2020-09-05,Imperial,025,180216,11420,10151,5,10156,268
2020-09-05,Inyo,027,18085,184,169,0,169,2
2020-09-05,Kern,029,883053,30531,29645,261,29906,347
2020-09-05,Kings,031,150075,6896,6518,35,6553,66
2020-09-05,Lake,033,64148,397,359,0,359,2
2020-09-05,Lassen,035,31185,729,709,2,711,0
2020-09-05,Los Angeles,037,10098052,250737,247572,1521,249093,6001
2020-09-05,Madera,039,155013,4087,3851,27,3878,42
2020-09-05,Marin,041,260295,6378,6259,15,6274,66
2020-09-05,Mariposa,043,17540,74,72,0,72,2
2020-09-05,Mendocino,045,87422,712,658,0,658,16
2020-09-05,Merced,047,269075,8435,8297,10,8307,104
2020-09-05,Modoc,049,8938,23,19,0,19,0
2020-09-05,Mono,051,14174,164,145,1,146,1
2020-09-05,Monterey,053,433212,8758,8301,20,8321,56
2020-09-05,Napa,055,140530,1560,1484,3,1487,11
2020-09-05,Nevada,057,99092,484,461,13,474,6
2020-09-05,Orange,059,3164182,51516,48726,1309,50035,1039
2020-09-05,Placer,061,380077,3298,3141,11,3152,35
2020-09-05,Plumas,063,18699,44,42,0,42,0
2020-09-05,Riverside,065,2383286,54937,53780,69,53849,1066
2020-09-05,Sacramento,067,1510023,19798,18955,11,18966,339
2020-09-05,San Benito,069,59416,1224,1153,0,1153,4
2020-09-05,San Bernardino,071,2135413,50544,48800,340,49140,825
2020-09-05,San Diego,073,3302833,42156,40344,609,40953,717
2020-09-05,San Francisco,075,870044,10194,9812,19,9831,85
2020-09-05,San Joaquin,077,732212,19173,18557,39,18596,386
2020-09-05,San Luis Obispo,079,281455,3248,3083,16,3099,23
2020-09-05,San Mateo,081,765935,9133,8352,6,8358,124
2020-09-05,Santa Barbara,083,443738,9025,8404,59,8463,96
2020-09-05,Santa Clara,085,1922200,19539,18311,24,18335,207
2020-09-05,Santa Cruz,087,273765,2041,1904,19,1923,7
2020-09-05,Shasta,089,179085,655,544,3,547,10
2020-09-05,Sierra,091,2930,6,6,0,6,0
2020-09-05,Siskiyou,093,43540,144,131,9,140,0
2020-09-05,Solano,095,438530,5744,5579,41,5620,37
2020-09-05,Sonoma,097,501317,6529,6149,19,6168,85
2020-09-05,Stanislaus,099,539301,15714,15198,421,15619,236
2020-09-05,Sutter,101,95872,1507,1445,1,1446,11
2020-09-05,Tehama,103,63373,463,447,2,449,1
2020-09-05,Trinity,105,12862,33,13,5,18,0
2020-09-05,Tulare,107,460477,15079,14576,63,14639,249
2020-09-05,Tuolumne,109,53932,217,194,3,197,1
2020-09-05,Ventura,111,848112,11839,11254,107,11361,118
2020-09-05,Yolo,113,214977,2649,2534,5,2539,53
2020-09-05,Yuba,115,75493,959,902,3,905,1
2020-09-04,Alameda,001,1643700,19753,18843,144,18987,276
2020-09-04,Alpine,003,1148,3,2,0,2,0
2020-09-04,Amador,005,37829,276,274,0,274,16
2020-09-04,Butte,007,227075,2639,2325,16,2341,28
2020-09-04,Calaveras,009,45235,287,237,0,237,1
2020-09-04,Colusa,011,21464,486,467,0,467,6
2020-09-04,Contra Costa,013,1133247,15287,14355,65,14420,164
2020-09-04,Del Norte,015,27424,121,109,0,109,2
2020-09-04,El Dorado,017,186661,1046,992,0,992,2
2020-09-04,Fresno,019,978130,28627,26147,312,26459,321
2020-09-04,Glenn,021,27897,508,463,0,463,3
2020-09-04,Humboldt,023,135768,441,390,1,391,4
2020-09-04,Imperial,025,180216,11411,10136,5,10141,267
2020-09-04,Inyo,027,18085,184,169,0,169,2
2020-09-04,Kern,029,883053,30463,29526,258,29784,345
2020-09-04,Kings,031,150075,6883,6259,35,6294,66
2020-09-04,Lake,033,64148,397,347,0,347,2
2020-09-04,Lassen,035,31185,729,708,2,710,0
2020-09-04,Los Angeles,037,10098052,250165,246396,1500,247896,5977
2020-09-04,Madera,039,155013,4074,3838,27,3865,42
2020-09-04,Marin,041,260295,6366,6251,15,6266,66
2020-09-04,Mariposa,043,17540,74,72,0,72,2
2020-09-04,Mendocino,045,87422,710,646,0,646,16
2020-09-04,Merced,047,269075,8415,8214,10,8224,104
2020-09-04,Modoc,049,8938,23,15,0,15,0
2020-09-04,Mono,051,14174,164,145,1,146,1
2020-09-04,Monterey,053,433212,8713,8208,20,8228,56
2020-09-04,Napa,055,140530,1551,1475,3,1478,11
2020-09-04,Nevada,057,99092,481,455,13,468,6
2020-09-04,Orange,059,3164182,51392,48488,1302,49790,1031
2020-09-04,Placer,061,380077,3286,3101,11,3112,35
2020-09-04,Plumas,063,18699,44,42,0,42,0
2020-09-04,Riverside,065,2383286,54824,53606,64,53670,1066
2020-09-04,Sacramento,067,1510023,19710,18765,11,18776,337
2020-09-04,San Benito,069,59416,1215,1137,0,1137,4
2020-09-04,San Bernardino,071,2135413,50452,48497,338,48835,800
2020-09-04,San Diego,073,3302833,41926,39901,600,40501,701
2020-09-04,San Francisco,075,870044,10154,9694,18,9712,85
2020-09-04,San Joaquin,077,732212,19119,18438,39,18477,376
2020-09-04,San Luis Obispo,079,281455,3233,3049,15,3064,21
2020-09-04,San Mateo,081,765935,9089,8275,6,8281,122
2020-09-04,Santa Barbara,083,443738,8994,8340,59,8399,96
2020-09-04,Santa Clara,085,1922200,19431,18074,24,18098,209
2020-09-04,Santa Cruz,087,273765,2024,1896,18,1914,7
2020-09-04,Shasta,089,179085,652,536,3,539,10
2020-09-04,Sierra,091,2930,6,6,0,6,0
2020-09-04,Siskiyou,093,43540,144,129,9,138,0
2020-09-04,Solano,095,438530,5731,5552,41,5593,37
2020-09-04,Sonoma,097,501317,6464,6050,19,6069,85
2020-09-04,Stanislaus,099,539301,15679,15074,412,15486,233
2020-09-04,Sutter,101,95872,1491,1425,1,1426,11
2020-09-04,Tehama,103,63373,459,442,2,444,1
2020-09-04,Trinity,105,12862,33,13,5,18,0
2020-09-04,Tulare,107,460477,15051,14501,59,14560,247
2020-09-04,Tuolumne,109,53932,217,193,3,196,1
2020-09-04,Ventura,111,848112,11797,11171,107,11278,114
2020-09-04,Yolo,113,214977,2635,2495,5,2500,53
2020-09-04,Yuba,115,75493,954,884,3,887,1
2020-09-03,Alameda,001,1643700,19650,18687,144,18831,275
2020-09-03,Alpine,003,1148,3,2,0,2,0
2020-09-03,Amador,005,37829,276,274,0,274,16
2020-09-03,Butte,007,227075,2594,2274,16,2290,27
2020-09-03,Calaveras,009,45235,286,238,0,238,1
2020-09-03,Colusa,011,21464,484,464,0,464,6
2020-09-03,Contra Costa,013,1133247,15180,14206,62,14268,159
2020-09-03,Del Norte,015,27424,118,109,0,109,2
2020-09-03,El Dorado,017,186661,1042,983,0,983,2
2020-09-03,Fresno,019,978130,28509,25978,306,26284,313
2020-09-03,Glenn,021,27897,504,460,0,460,3
2020-09-03,Humboldt,023,135768,436,390,1,391,4
2020-09-03,Imperial,025,180216,11391,10083,5,10088,255
2020-09-03,Inyo,027,18085,182,171,0,171,3
2020-09-03,Kern,029,883053,30371,29426,243,29669,340
2020-09-03,Kings,031,150075,6803,6200,35,6235,64
2020-09-03,Lake,033,64148,388,347,0,347,2
2020-09-03,Lassen,035,31185,729,707,2,709,0
2020-09-03,Los Angeles,037,10098052,249289,245026,1478,246504,5931
2020-09-03,Madera,039,155013,4055,3780,27,3807,43
2020-09-03,Marin,041,260295,6347,6175,15,6190,66
2020-09-03,Mariposa,043,17540,74,71,0,71,2
2020-09-03,Mendocino,045,87422,701,638,0,638,16
2020-09-03,Merced,047,269075,8373,8136,10,8146,105
2020-09-03,Modoc,049,8938,23,14,0,14,0
2020-09-03,Mono,051,14174,163,144,1,145,1
2020-09-03,Monterey,053,433212,8659,8128,20,8148,56
2020-09-03,Napa,055,140530,1544,1466,3,1469,10
2020-09-03,Nevada,057,99092,478,453,13,466,6
2020-09-03,Orange,059,3164182,51205,48226,1286,49512,1009
2020-09-03,Placer,061,380077,3268,3069,11,3080,34
2020-09-03,Plumas,063,18699,44,39,0,39,0
2020-09-03,Riverside,065,2383286,54644,53341,60,53401,1052
2020-09-03,Sacramento,067,1510023,19582,18553,10,18563,328
2020-09-03,San Benito,069,59416,1204,1121,0,1121,4
2020-09-03,San Bernardino,071,2135413,50287,48165,337,48502,800
2020-09-03,San Diego,073,3302833,41612,39448,584,40032,700
2020-09-03,San Francisco,075,870044,10088,9636,16,9652,84
2020-09-03,San Joaquin,077,732212,19042,18331,39,18370,371
2020-09-03,San Luis Obispo,079,281455,3216,3023,15,3038,21
2020-09-03,San Mateo,081,765935,9015,8211,6,8217,122
2020-09-03,Santa Barbara,083,443738,8947,8277,59,8336,96
2020-09-03,Santa Clara,085,1922200,19252,17879,24,17903,208
2020-09-03,Santa Cruz,087,273765,2009,1870,18,1888,7
2020-09-03,Shasta,089,179085,647,535,3,538,10
2020-09-03,Sierra,091,2930,6,6,0,6,0
2020-09-03,Siskiyou,093,43540,144,128,9,137,0
2020-09-03,Solano,095,438530,5711,5499,40,5539,36
2020-09-03,Sonoma,097,501317,6402,5997,19,6016,62
2020-09-03,Stanislaus,099,539301,15627,14985,408,15393,217
2020-09-03,Sutter,101,95872,1481,1412,1,1413,11
2020-09-03,Tehama,103,63373,455,436,2,438,1
2020-09-03,Trinity,105,12862,31,13,5,18,0
2020-09-03,Tulare,107,460477,14985,14408,58,14466,244
2020-09-03,Tuolumne,109,53932,217,193,3,196,1
2020-09-03,Ventura,111,848112,11679,11109,104,11213,112
2020-09-03,Yolo,113,214977,2619,2475,5,2480,53
2020-09-03,Yuba,115,75493,947,867,3,870,1
2020-09-02,Alameda,001,1643700,19530,18522,141,18663,260
2020-09-02,Alpine,003,1148,3,2,0,2,0
2020-09-02,Amador,005,37829,276,245,0,245,14
2020-09-02,Butte,007,227075,2548,2241,16,2257,27
2020-09-02,Calaveras,009,45235,285,235,0,235,1
2020-09-02,Colusa,011,21464,480,460,0,460,6
2020-09-02,Contra Costa,013,1133247,15092,14097,59,14156,159
2020-09-02,Del Norte,015,27424,117,109,0,109,2
2020-09-02,El Dorado,017,186661,1038,975,0,975,2
2020-09-02,Fresno,019,978130,28362,25785,303,26088,292
2020-09-02,Glenn,021,27897,499,457,0,457,3
2020-09-02,Humboldt,023,135768,433,381,1,382,4
2020-09-02,Imperial,025,180216,11375,9832,5,9837,255
2020-09-02,Inyo,027,18085,182,171,0,171,3
2020-09-02,Kern,029,883053,30279,29288,237,29525,335
2020-09-02,Kings,031,150075,6718,6142,35,6177,64
2020-09-02,Lake,033,64148,384,342,0,342,2
2020-09-02,Lassen,035,31185,727,706,2,708,0
2020-09-02,Los Angeles,037,10098052,248346,243999,1451,245450,5887
2020-09-02,Madera,039,155013,4035,3735,27,3762,41
2020-09-02,Marin,041,260295,6332,6131,15,6146,66
2020-09-02,Mariposa,043,17540,74,71,0,71,2
2020-09-02,Mendocino,045,87422,691,636,0,636,15
2020-09-02,Merced,047,269075,8342,8097,9,8106,103
2020-09-02,Modoc,049,8938,22,11,0,11,0
2020-09-02,Mono,051,14174,163,145,1,146,1
2020-09-02,Monterey,053,433212,8595,8070,20,8090,56
2020-09-02,Napa,055,140530,1532,1454,3,1457,10
2020-09-02,Nevada,057,99092,472,452,12,464,6
2020-09-02,Orange,059,3164182,51023,47871,1276,49147,994
2020-09-02,Placer,061,380077,3243,3047,10,3057,33
2020-09-02,Plumas,063,18699,44,39,0,39,0
2020-09-02,Riverside,065,2383286,54442,52923,57,52980,1032
2020-09-02,Sacramento,067,1510023,19349,18355,10,18365,316
2020-09-02,San Benito,069,59416,1191,1107,0,1107,4
2020-09-02,San Bernardino,071,2135413,50124,47766,334,48100,794
2020-09-02,San Diego,073,3302833,41292,39123,570,39693,695
2020-09-02,San Francisco,075,870044,10019,9587,16,9603,84
2020-09-02,San Joaquin,077,732212,18961,18194,38,18232,352
2020-09-02,San Luis Obispo,079,281455,3190,3002,14,3016,21
2020-09-02,San Mateo,081,765935,8958,8148,6,8154,122
2020-09-02,Santa Barbara,083,443738,8892,8206,58,8264,94
2020-09-02,Santa Clara,085,1922200,19099,17673,24,17697,206
2020-09-02,Santa Cruz,087,273765,1986,1850,18,1868,7
2020-09-02,Shasta,089,179085,646,531,3,534,10
2020-09-02,Sierra,091,2930,6,6,0,6,0
2020-09-02,Siskiyou,093,43540,143,127,9,136,0
2020-09-02,Solano,095,438530,5683,5463,40,5503,36
2020-09-02,Sonoma,097,501317,6340,5846,19,5865,62
2020-09-02,Stanislaus,099,539301,15557,14854,401,15255,220
2020-09-02,Sutter,101,95872,1466,1401,1,1402,10
2020-09-02,Tehama,103,63373,452,429,2,431,1
2020-09-02,Trinity,105,12862,31,13,5,18,0
2020-09-02,Tulare,107,460477,14918,14298,57,14355,244
2020-09-02,Tuolumne,109,53932,217,190,3,193,1
2020-09-02,Ventura,111,848112,11592,11031,103,11134,111
2020-09-02,Yolo,113,214977,2598,2449,5,2454,54
2020-09-02,Yuba,115,75493,940,856,3,859,1
2020-09-01,Alameda,001,1643700,19390,18382,138,18520,248
2020-09-01,Alpine,003,1148,3,2,0,2,0
2020-09-01,Amador,005,37829,275,244,0,244,13
2020-09-01,Butte,007,227075,2491,2146,16,2162,26
2020-09-01,Calaveras,009,45235,277,228,0,228,1
2020-09-01,Colusa,011,21464,476,454,0,454,6
2020-09-01,Contra Costa,013,1133247,14998,13998,57,14055,158
2020-09-01,Del Norte,015,27424,116,108,0,108,2
2020-09-01,El Dorado,017,186661,1030,972,0,972,2
2020-09-01,Fresno,019,978130,28218,25542,299,25841,290
2020-09-01,Glenn,021,27897,492,449,0,449,3
2020-09-01,Humboldt,023,135768,427,378,1,379,4
2020-09-01,Imperial,025,180216,11349,9782,5,9787,250
2020-09-01,Inyo,027,18085,182,171,0,171,3
2020-09-01,Kern,029,883053,30188,29162,232,29394,332
2020-09-01,Kings,031,150075,6687,6088,35,6123,62
2020-09-01,Lake,033,64148,381,341,0,341,2
2020-09-01,Lassen,035,31185,724,706,2,708,0
2020-09-01,Los Angeles,037,10098052,247240,242633,1424,244057,5832
2020-09-01,Madera,039,155013,4006,3703,26,3729,41
2020-09-01,Marin,041,260295,6317,6102,15,6117,67
2020-09-01,Mariposa,043,17540,73,72,0,72,2
2020-09-01,Mendocino,045,87422,676,626,0,626,15
2020-09-01,Merced,047,269075,8289,8046,8,8054,103
2020-09-01,Modoc,049,8938,20,10,0,10,0
2020-09-01,Mono,051,14174,163,145,1,146,1
2020-09-01,Monterey,053,433212,8487,7926,20,7946,56
2020-09-01,Napa,055,140530,1517,1446,3,1449,10
2020-09-01,Nevada,057,99092,466,450,12,462,6
2020-09-01,Orange,059,3164182,50857,47671,1257,48928,976
2020-09-01,Placer,061,380077,3221,3013,10,3023,33
2020-09-01,Plumas,063,18699,44,39,0,39,0
2020-09-01,Riverside,065,2383286,54223,52785,56,52841,1027
2020-09-01,Sacramento,067,1510023,19166,18217,9,18226,305
2020-09-01,San Benito,069,59416,1179,1089,0,1089,4
2020-09-01,San Bernardino,071,2135413,49917,47371,333,47704,786
2020-09-01,San Diego,073,3302833,40934,38873,532,39405,688
2020-09-01,San Francisco,075,870044,9950,9492,16,9508,83
2020-09-01,San Joaquin,077,732212,18879,17915,37,17952,341
2020-09-01,San Luis Obispo,079,281455,3164,2970,14,2984,21
2020-09-01,San Mateo,081,765935,8878,8132,6,8138,122
2020-09-01,Santa Barbara,083,443738,8842,8142,57,8199,93
2020-09-01,Santa Clara,085,1922200,18922,17319,24,17343,204
2020-09-01,Santa Cruz,087,273765,1962,1752,18,1770,7
2020-09-01,Shasta,089,179085,638,527,3,530,9
2020-09-01,Sierra,091,2930,6,6,0,6,0
2020-09-01,Siskiyou,093,43540,140,128,8,136,0
2020-09-01,Solano,095,438530,5657,5438,40,5478,34
2020-09-01,Sonoma,097,501317,6250,5733,19,5752,60
2020-09-01,Stanislaus,099,539301,15482,14784,391,15175,212
2020-09-01,Sutter,101,95872,1455,1389,1,1390,10
2020-09-01,Tehama,103,63373,448,422,2,424,1
2020-09-01,Trinity,105,12862,31,13,5,18,0
2020-09-01,Tulare,107,460477,14836,14156,57,14213,241
2020-09-01,Tuolumne,109,53932,211,183,3,186,1
2020-09-01,Ventura,111,848112,11518,10899,97,10996,108
2020-09-01,Yolo,113,214977,2581,2440,5,2445,51
2020-09-01,Yuba,115,75493,931,841,3,844,1
2020-08-31,Alameda,001,1643700,19246,18148,138,18286,248
2020-08-31,Alpine,003,1148,3,2,0,2,0
2020-08-31,Amador,005,37829,275,243,0,243,13
2020-08-31,Butte,007,227075,2427,2069,16,2085,26
2020-08-31,Calaveras,009,45235,272,212,0,212,1
2020-08-31,Colusa,011,21464,475,443,0,443,6
2020-08-31,Contra Costa,013,1133247,14871,13902,54,13956,153
2020-08-31,Del Norte,015,27424,116,108,0,108,2
2020-08-31,El Dorado,017,186661,1023,965,0,965,2
2020-08-31,Fresno,019,978130,27998,25185,293,25478,290
2020-08-31,Glenn,021,27897,480,437,0,437,3
2020-08-31,Humboldt,023,135768,425,374,1,375,4
2020-08-31,Imperial,025,180216,11318,9759,5,9764,250
2020-08-31,Inyo,027,18085,181,160,0,160,3
2020-08-31,Kern,029,883053,30090,29067,231,29298,318
2020-08-31,Kings,031,150075,6419,6037,35,6072,62
2020-08-31,Lake,033,64148,365,341,0,341,2
2020-08-31,Lassen,035,31185,721,706,2,708,0
2020-08-31,Los Angeles,037,10098052,246126,241793,1396,243189,5787
2020-08-31,Madera,039,155013,3983,3662,25,3687,35
2020-08-31,Marin,041,260295,6281,6074,15,6089,67
2020-08-31,Mariposa,043,17540,73,69,0,69,2
2020-08-31,Mendocino,045,87422,664,618,0,618,15
2020-08-31,Merced,047,269075,8227,7991,8,7999,79
2020-08-31,Modoc,049,8938,18,10,0,10,0
2020-08-31,Mono,051,14174,163,145,1,146,1
2020-08-31,Monterey,053,433212,8380,7839,20,7859,56
2020-08-31,Napa,055,140530,1509,1434,3,1437,10
2020-08-31,Nevada,057,99092,464,447,12,459,6
2020-08-31,Orange,059,3164182,50659,47392,1228,48620,965
2020-08-31,Placer,061,380077,3172,2989,10,2999,33
2020-08-31,Plumas,063,18699,43,39,0,39,0
2020-08-31,Riverside,065,2383286,54003,52508,54,52562,1020
2020-08-31,Sacramento,067,1510023,18929,17999,9,18008,303
2020-08-31,San Benito,069,59416,1163,1080,0,1080,4
2020-08-31,San Bernardino,071,2135413,49707,47370,332,47702,755
2020-08-31,San Diego,073,3302833,40567,38606,499,39105,682
2020-08-31,San Francisco,075,870044,9871,9293,13,9306,83
2020-08-31,San Joaquin,077,732212,18792,17807,36,17843,338
2020-08-31,San Luis Obispo,079,281455,3141,2951,13,2964,21
2020-08-31,San Mateo,081,765935,8808,8065,6,8071,122
2020-08-31,Santa Barbara,083,443738,8795,8124,57,8181,94
2020-08-31,Santa Clara,085,1922200,18733,17211,24,17235,202
2020-08-31,Santa Cruz,087,273765,1937,1742,18,1760,7
2020-08-31,Shasta,089,179085,633,528,3,531,9
2020-08-31,Sierra,091,2930,6,6,0,6,0
2020-08-31,Siskiyou,093,43540,139,127,8,135,0
2020-08-31,Solano,095,438530,5625,5302,39,5341,34
2020-08-31,Sonoma,097,501317,6175,5650,19,5669,60
2020-08-31,Stanislaus,099,539301,15409,14685,381,15066,213
2020-08-31,Sutter,101,95872,1440,1365,1,1366,10
2020-08-31,Tehama,103,63373,445,421,2,423,1
2020-08-31,Trinity,105,12862,31,13,5,18,0
2020-08-31,Tulare,107,460477,14749,13985,56,14041,237
2020-08-31,Tuolumne,109,53932,211,178,3,181,1
2020-08-31,Ventura,111,848112,11435,10866,96,10962,108
2020-08-31,Yolo,113,214977,2563,2423,5,2428,51
2020-08-31,Yuba,115,75493,917,830,3,833,1
2020-08-30,Alameda,001,1643700,19122,18099,135,18234,248
2020-08-30,Alpine,003,1148,3,2,0,2,0
2020-08-30,Amador,005,37829,274,240,0,240,13
2020-08-30,Butte,007,227075,2347,1988,16,2004,26
2020-08-30,Calaveras,009,45235,263,211,0,211,1
2020-08-30,Colusa,011,21464,474,440,0,440,6
2020-08-30,Contra Costa,013,1133247,14732,13780,54,13834,150
2020-08-30,Del Norte,015,27424,115,108,0,108,2
2020-08-30,El Dorado,017,186661,1013,962,0,962,2
2020-08-30,Fresno,019,978130,27873,24963,292,25255,291
2020-08-30,Glenn,021,27897,473,437,0,437,3
2020-08-30,Humboldt,023,135768,414,362,1,363,4
2020-08-30,Imperial,025,180216,11299,9703,5,9708,250
2020-08-30,Inyo,027,18085,181,160,0,160,3
2020-08-30,Kern,029,883053,29997,28987,231,29218,317
2020-08-30,Kings,031,150075,6373,6000,35,6035,62
2020-08-30,Lake,033,64148,360,334,0,334,2
2020-08-30,Lassen,035,31185,719,706,2,708,0
2020-08-30,Los Angeles,037,10098052,244972,240775,1362,242137,5772
2020-08-30,Madera,039,155013,3954,3626,25,3651,33
2020-08-30,Marin,041,260295,6251,6060,15,6075,66
2020-08-30,Mariposa,043,17540,73,69,0,69,2
2020-08-30,Mendocino,045,87422,658,611,0,611,13
2020-08-30,Merced,047,269075,8152,7960,8,7968,79
2020-08-30,Modoc,049,8938,13,10,0,10,0
2020-08-30,Mono,051,14174,163,145,1,146,1
2020-08-30,Monterey,053,433212,8296,7816,20,7836,54
2020-08-30,Napa,055,140530,1497,1423,3,1426,10
2020-08-30,Nevada,057,99092,461,445,12,457,6
2020-08-30,Orange,059,3164182,50465,47283,1212,48495,965
2020-08-30,Placer,061,380077,3139,2961,10,2971,32
2020-08-30,Plumas,063,18699,42,39,0,39,0
2020-08-30,Riverside,065,2383286,53824,52227,52,52279,1017
2020-08-30,Sacramento,067,1510023,18751,17751,9,17760,300
2020-08-30,San Benito,069,59416,1153,1071,0,1071,4
2020-08-30,San Bernardino,071,2135413,49451,47201,331,47532,755
2020-08-30,San Diego,073,3302833,40169,38302,478,38780,682
2020-08-30,San Francisco,075,870044,9773,9294,10,9304,83
2020-08-30,San Joaquin,077,732212,18675,17637,35,17672,338
2020-08-30,San Luis Obispo,079,281455,3116,2934,13,2947,21
2020-08-30,San Mateo,081,765935,8731,8013,5,8018,122
2020-08-30,Santa Barbara,083,443738,8735,8088,57,8145,93
2020-08-30,Santa Clara,085,1922200,18557,17045,24,17069,202
2020-08-30,Santa Cruz,087,273765,1911,1743,18,1761,7
2020-08-30,Shasta,089,179085,630,525,3,528,9
2020-08-30,Sierra,091,2930,6,6,0,6,0
2020-08-30,Siskiyou,093,43540,137,125,8,133,0
2020-08-30,Solano,095,438530,5581,5303,39,5342,34
2020-08-30,Sonoma,097,501317,6117,5590,19,5609,60
2020-08-30,Stanislaus,099,539301,15338,14580,372,14952,209
2020-08-30,Sutter,101,95872,1418,1351,1,1352,10
2020-08-30,Tehama,103,63373,436,419,2,421,1
2020-08-30,Trinity,105,12862,31,13,5,18,0
2020-08-30,Tulare,107,460477,14654,13985,55,14040,236
2020-08-30,Tuolumne,109,53932,207,178,3,181,1
2020-08-30,Ventura,111,848112,11323,10775,91,10866,108
2020-08-30,Yolo,113,214977,2535,2391,4,2395,51
2020-08-30,Yuba,115,75493,903,832,3,835,1
2020-08-29,Alameda,001,1643700,19055,17888,135,18023,250
2020-08-29,Alpine,003,1148,3,2,0,2,0
2020-08-29,Amador,005,37829,274,239,0,239,13
2020-08-29,Butte,007,227075,2316,1948,16,1964,26
2020-08-29,Calaveras,009,45235,259,211,0,211,1
2020-08-29,Colusa,011,21464,471,440,0,440,6
2020-08-29,Contra Costa,013,1133247,14659,13663,53,13716,159
2020-08-29,Del Norte,015,27424,115,108,0,108,1
2020-08-29,El Dorado,017,186661,1010,958,0,958,2
2020-08-29,Fresno,019,978130,27818,24821,292,25113,291
2020-08-29,Glenn,021,27897,467,437,0,437,3
2020-08-29,Humboldt,023,135768,411,363,1,364,4
2020-08-29,Imperial,025,180216,11284,9698,5,9703,250
2020-08-29,Inyo,027,18085,181,160,0,160,3
2020-08-29,Kern,029,883053,29956,28947,230,29177,317
2020-08-29,Kings,031,150075,6358,5906,35,5941,62
2020-08-29,Lake,033,64148,359,329,0,329,2
2020-08-29,Lassen,035,31185,719,706,2,708,0
2020-08-29,Los Angeles,037,10098052,244320,239815,1349,241164,5762
2020-08-29,Madera,039,155013,3945,3605,24,3629,33
2020-08-29,Marin,041,260295,6239,6007,15,6022,64
2020-08-29,Mariposa,043,17540,73,69,0,69,2
2020-08-29,Mendocino,045,87422,653,596,0,596,13
2020-08-29,Merced,047,269075,8122,7867,8,7875,79
2020-08-29,Modoc,049,8938,13,9,0,9,0
2020-08-29,Mono,051,14174,163,145,1,146,1
2020-08-29,Monterey,053,433212,8251,7680,20,7700,53
2020-08-29,Napa,055,140530,1494,1413,3,1416,10
2020-08-29,Nevada,057,99092,461,442,12,454,5
2020-08-29,Orange,059,3164182,50359,47007,1201,48208,960
2020-08-29,Placer,061,380077,3122,2935,10,2945,32
2020-08-29,Plumas,063,18699,41,39,0,39,0
2020-08-29,Riverside,065,2383286,53713,51918,50,51968,1016
2020-08-29,Sacramento,067,1510023,18679,17588,9,17597,291
2020-08-29,San Benito,069,59416,1144,1045,0,1045,4
2020-08-29,San Bernardino,071,2135413,49337,46849,331,47180,755
2020-08-29,San Diego,073,3302833,39903,38049,460,38509,694
2020-08-29,San Francisco,075,870044,9745,9291,9,9300,83
2020-08-29,San Joaquin,077,732212,18631,17493,35,17528,335
2020-08-29,San Luis Obispo,079,281455,3092,2917,13,2930,21
2020-08-29,San Mateo,081,765935,8689,7928,5,7933,122
2020-08-29,Santa Barbara,083,443738,8709,8052,56,8108,93
2020-08-29,Santa Clara,085,1922200,18461,16898,23,16921,202
2020-08-29,Santa Cruz,087,273765,1899,1746,18,1764,7
2020-08-29,Shasta,089,179085,622,522,3,525,9
2020-08-29,Sierra,091,2930,6,6,0,6,0
2020-08-29,Siskiyou,093,43540,137,121,8,129,0
2020-08-29,Solano,095,438530,5560,5303,39,5342,34
2020-08-29,Sonoma,097,501317,6083,5537,19,5556,60
2020-08-29,Stanislaus,099,539301,15289,14479,362,14841,208
2020-08-29,Sutter,101,95872,1413,1333,1,1334,9
2020-08-29,Tehama,103,63373,435,417,2,419,1
2020-08-29,Trinity,105,12862,31,11,5,16,0
2020-08-29,Tulare,107,460477,14616,13890,54,13944,236
2020-08-29,Tuolumne,109,53932,207,178,3,181,1
2020-08-29,Ventura,111,848112,11283,10705,91,10796,108
2020-08-29,Yolo,113,214977,2517,2357,4,2361,51
2020-08-29,Yuba,115,75493,894,822,3,825,1
2020-08-28,Alameda,001,1643700,18972,17729,134,17863,237
2020-08-28,Alpine,003,1148,3,2,0,2,0
2020-08-28,Amador,005,37829,274,234,0,234,13
2020-08-28,Butte,007,227075,2286,1886,16,1902,25
2020-08-28,Calaveras,009,45235,257,207,0,207,1
2020-08-28,Colusa,011,21464,470,441,0,441,6
2020-08-28,Contra Costa,013,1133247,14588,13522,52,13574,158
2020-08-28,Del Norte,015,27424,115,107,0,107,1
2020-08-28,El Dorado,017,186661,1004,949,0,949,2
2020-08-28,Fresno,019,978130,27684,24612,292,24904,282
2020-08-28,Glenn,021,27897,460,429,0,429,3
2020-08-28,Humboldt,023,135768,407,362,1,363,4
2020-08-28,Imperial,025,180216,11270,9656,5,9661,241
2020-08-28,Inyo,027,18085,180,160,0,160,2
2020-08-28,Kern,029,883053,29908,28744,230,28974,306
2020-08-28,Kings,031,150075,6351,5829,34,5863,62
2020-08-28,Lake,033,64148,354,320,0,320,2
2020-08-28,Lassen,035,31185,719,704,2,706,0
2020-08-28,Los Angeles,037,10098052,243511,238544,1324,239868,5740
2020-08-28,Madera,039,155013,3926,3552,24,3576,33
2020-08-28,Marin,041,260295,6217,5991,15,6006,63
2020-08-28,Mariposa,043,17540,73,67,0,67,2
2020-08-28,Mendocino,045,87422,648,588,0,588,11
2020-08-28,Merced,047,269075,8092,7803,8,7811,77
2020-08-28,Modoc,049,8938,13,6,0,6,0
2020-08-28,Mono,051,14174,163,145,1,146,1
2020-08-28,Monterey,053,433212,8194,7591,20,7611,53
2020-08-28,Napa,055,140530,1486,1403,3,1406,10
2020-08-28,Nevada,057,99092,460,438,12,450,5
2020-08-28,Orange,059,3164182,50259,46696,1186,47882,942
2020-08-28,Placer,061,380077,3111,2891,10,2901,32
2020-08-28,Plumas,063,18699,41,39,0,39,0
2020-08-28,Riverside,065,2383286,53582,51510,47,51557,1008
2020-08-28,Sacramento,067,1510023,18582,17119,9,17128,283
2020-08-28,San Benito,069,59416,1128,1016,0,1016,3
2020-08-28,San Bernardino,071,2135413,49220,46553,327,46880,754
2020-08-28,San Diego,073,3302833,39673,37786,445,38231,676
2020-08-28,San Francisco,075,870044,9691,9135,9,9144,83
2020-08-28,San Joaquin,077,732212,18578,17114,34,17148,314
2020-08-28,San Luis Obispo,079,281455,3075,2849,13,2862,20
2020-08-28,San Mateo,081,765935,8642,7783,5,7788,121
2020-08-28,Santa Barbara,083,443738,8675,8001,56,8057,92
2020-08-28,Santa Clara,085,1922200,18330,16696,23,16719,201
2020-08-28,Santa Cruz,087,273765,1887,1747,18,1765,7
2020-08-28,Shasta,089,179085,618,516,3,519,9
2020-08-28,Sierra,091,2930,6,6,0,6,0
2020-08-28,Siskiyou,093,43540,135,119,8,127,0
2020-08-28,Solano,095,438530,5541,5219,39,5258,34
2020-08-28,Sonoma,097,501317,6048,5425,18,5443,58
2020-08-28,Stanislaus,099,539301,15247,14176,358,14534,190
2020-08-28,Sutter,101,95872,1403,1308,1,1309,9
2020-08-28,Tehama,103,63373,430,410,2,412,1
2020-08-28,Trinity,105,12862,31,11,5,16,0
2020-08-28,Tulare,107,460477,14570,13776,54,13830,236
2020-08-28,Tuolumne,109,53932,207,176,3,179,1
2020-08-28,Ventura,111,848112,11247,10606,89,10695,103
2020-08-28,Yolo,113,214977,2508,2323,4,2327,51
2020-08-28,Yuba,115,75493,885,810,3,813,1
2020-08-27,Alameda,001,1643700,18828,17584,131,17715,234
2020-08-27,Alpine,003,1148,3,2,0,2,0
2020-08-27,Amador,005,37829,273,233,0,233,13
2020-08-27,Butte,007,227075,2220,1803,15,1818,25
2020-08-27,Calaveras,009,45235,251,204,0,204,1
2020-08-27,Colusa,011,21464,468,438,0,438,6
2020-08-27,Contra Costa,013,1133247,14488,13379,51,13430,158
2020-08-27,Del Norte,015,27424,115,107,0,107,1
2020-08-27,El Dorado,017,186661,1000,942,0,942,2
2020-08-27,Fresno,019,978130,27503,24367,288,24655,272
2020-08-27,Glenn,021,27897,452,429,0,429,3
2020-08-27,Humboldt,023,135768,399,358,1,359,4
2020-08-27,Imperial,025,180216,11243,9608,5,9613,235
2020-08-27,Inyo,027,18085,180,157,0,157,2
2020-08-27,Kern,029,883053,29836,28635,221,28856,294
2020-08-27,Kings,031,150075,6329,5759,34,5793,62
2020-08-27,Lake,033,64148,352,314,0,314,2
2020-08-27,Lassen,035,31185,719,703,2,705,0
2020-08-27,Los Angeles,037,10098052,242506,237103,1306,238409,5704
2020-08-27,Madera,039,155013,3900,3465,24,3489,33
2020-08-27,Marin,041,260295,6193,5929,15,5944,62
2020-08-27,Mariposa,043,17540,73,67,0,67,2
2020-08-27,Mendocino,045,87422,639,581,0,581,10
2020-08-27,Merced,047,269075,8048,7765,8,7773,75
2020-08-27,Modoc,049,8938,11,5,0,5,0
2020-08-27,Mono,051,14174,163,145,1,146,1
2020-08-27,Monterey,053,433212,8100,7501,20,7521,52
2020-08-27,Napa,055,140530,1480,1397,3,1400,10
2020-08-27,Nevada,057,99092,457,435,12,447,5
2020-08-27,Orange,059,3164182,50102,46449,1175,47624,935
2020-08-27,Placer,061,380077,3080,2869,10,2879,32
2020-08-27,Plumas,063,18699,40,39,0,39,0
2020-08-27,Riverside,065,2383286,53375,51306,44,51350,999
2020-08-27,Sacramento,067,1510023,18384,16875,9,16884,281
2020-08-27,San Benito,069,59416,1112,987,0,987,3
2020-08-27,San Bernardino,071,2135413,48994,46345,320,46665,751
2020-08-27,San Diego,073,3302833,39402,37501,425,37926,673
2020-08-27,San Francisco,075,870044,9625,9014,9,9023,83
2020-08-27,San Joaquin,077,732212,18498,16989,34,17023,314
2020-08-27,San Luis Obispo,079,281455,3050,2808,13,2821,20
2020-08-27,San Mateo,081,765935,8533,7728,5,7733,121
2020-08-27,Santa Barbara,083,443738,8637,7934,56,7990,92
2020-08-27,Santa Clara,085,1922200,18147,16495,23,16518,199
2020-08-27,Santa Cruz,087,273765,1870,1734,18,1752,7
2020-08-27,Shasta,089,179085,612,512,3,515,9
2020-08-27,Sierra,091,2930,6,6,0,6,0
2020-08-27,Siskiyou,093,43540,135,118,8,126,0
2020-08-27,Solano,095,438530,5503,5167,39,5206,34
2020-08-27,Sonoma,097,501317,5936,5357,18,5375,58
2020-08-27,Stanislaus,099,539301,15167,14080,354,14434,186
2020-08-27,Sutter,101,95872,1383,1296,1,1297,9
2020-08-27,Tehama,103,63373,426,398,2,400,1
2020-08-27,Trinity,105,12862,31,11,5,16,0
2020-08-27,Tulare,107,460477,14478,13666,53,13719,231
2020-08-27,Tuolumne,109,53932,202,174,3,177,1
2020-08-27,Ventura,111,848112,11184,10483,85,10568,102
2020-08-27,Yolo,113,214977,2484,2293,4,2297,51
2020-08-27,Yuba,115,75493,874,807,3,810,1
2020-08-26,Alameda,001,1643700,18667,17373,131,17504,233
2020-08-26,Alpine,003,1148,3,2,0,2,0
2020-08-26,Amador,005,37829,273,229,0,229,13
2020-08-26,Butte,007,227075,2153,1765,13,1778,25
2020-08-26,Calaveras,009,45235,243,201,0,201,1
2020-08-26,Colusa,011,21464,462,433,0,433,5
2020-08-26,Contra Costa,013,1133247,14350,13248,51,13299,157
2020-08-26,Del Norte,015,27424,114,86,0,86,1
2020-08-26,El Dorado,017,186661,998,938,0,938,2
2020-08-26,Fresno,019,978130,27355,24071,286,24357,255
2020-08-26,Glenn,021,27897,450,429,0,429,3
2020-08-26,Humboldt,023,135768,387,357,1,358,4
2020-08-26,Imperial,025,180216,11221,9453,5,9458,227
2020-08-26,Inyo,027,18085,177,157,0,157,2
2020-08-26,Kern,029,883053,29698,28507,217,28724,286
2020-08-26,Kings,031,150075,6309,5720,34,5754,62
2020-08-26,Lake,033,64148,348,308,0,308,2
2020-08-26,Lassen,035,31185,719,702,2,704,0
2020-08-26,Los Angeles,037,10098052,241472,235499,1273,236772,5665
2020-08-26,Madera,039,155013,3871,3458,24,3482,32
2020-08-26,Marin,041,260295,6176,5887,15,5902,56
2020-08-26,Mariposa,043,17540,73,68,0,68,2
2020-08-26,Mendocino,045,87422,628,581,0,581,10
2020-08-26,Merced,047,269075,8015,7720,8,7728,74
2020-08-26,Modoc,049,8938,8,5,0,5,0
2020-08-26,Mono,051,14174,163,141,1,142,1
2020-08-26,Monterey,053,433212,8007,7439,20,7459,51
2020-08-26,Napa,055,140530,1467,1382,3,1385,10
2020-08-26,Nevada,057,99092,454,432,12,444,2
2020-08-26,Orange,059,3164182,49918,46157,1160,47317,905
2020-08-26,Placer,061,380077,3058,2846,8,2854,32
2020-08-26,Plumas,063,18699,39,39,0,39,0
2020-08-26,Riverside,065,2383286,53133,51138,44,51182,987
2020-08-26,Sacramento,067,1510023,18220,16708,9,16717,271
2020-08-26,San Benito,069,59416,1097,978,0,978,3
2020-08-26,San Bernardino,071,2135413,48785,45840,316,46156,743
2020-08-26,San Diego,073,3302833,39064,37224,398,37622,668
2020-08-26,San Francisco,075,870044,9550,8938,9,8947,81
2020-08-26,San Joaquin,077,732212,18409,16845,33,16878,309
2020-08-26,San Luis Obispo,079,281455,3022,2761,13,2774,20
2020-08-26,San Mateo,081,765935,8466,7655,5,7660,121
2020-08-26,Santa Barbara,083,443738,8604,7904,56,7960,90
2020-08-26,Santa Clara,085,1922200,17970,16283,23,16306,198
2020-08-26,Santa Cruz,087,273765,1859,1726,18,1744,7
2020-08-26,Shasta,089,179085,607,511,3,514,9
2020-08-26,Sierra,091,2930,6,6,0,6,0
2020-08-26,Siskiyou,093,43540,132,109,8,117,0
2020-08-26,Solano,095,438530,5479,5131,38,5169,34
2020-08-26,Sonoma,097,501317,5862,5283,18,5301,58
2020-08-26,Stanislaus,099,539301,15090,13964,348,14312,186
2020-08-26,Sutter,101,95872,1365,1275,1,1276,9
2020-08-26,Tehama,103,63373,423,396,2,398,1
2020-08-26,Trinity,105,12862,30,10,5,15,0
2020-08-26,Tulare,107,460477,14411,13568,53,13621,232
2020-08-26,Tuolumne,109,53932,201,172,3,175,1
2020-08-26,Ventura,111,848112,11113,10412,78,10490,100
2020-08-26,Yolo,113,214977,2461,2279,4,2283,49
2020-08-26,Yuba,115,75493,859,779,3,782,1
2020-08-25,Alameda,001,1643700,18510,17278,131,17409,232
2020-08-25,Alpine,003,1148,3,2,0,2,0
2020-08-25,Amador,005,37829,273,227,0,227,13
2020-08-25,Butte,007,227075,2086,1718,13,1731,24
2020-08-25,Calaveras,009,45235,241,196,0,196,1
2020-08-25,Colusa,011,21464,455,430,0,430,5
2020-08-25,Contra Costa,013,1133247,14212,13181,50,13231,156
2020-08-25,Del Norte,015,27424,113,83,0,83,1
2020-08-25,El Dorado,017,186661,995,928,0,928,2
2020-08-25,Fresno,019,978130,27166,23932,285,24217,250
2020-08-25,Glenn,021,27897,447,429,0,429,3
2020-08-25,Humboldt,023,135768,382,342,1,343,4
2020-08-25,Imperial,025,180216,11193,9381,5,9386,217
2020-08-25,Inyo,027,18085,175,144,0,144,1
2020-08-25,Kern,029,883053,29561,28416,217,28633,285
2020-08-25,Kings,031,150075,6152,5702,34,5736,59
2020-08-25,Lake,033,64148,343,304,0,304,2
2020-08-25,Lassen,035,31185,718,692,2,694,0
2020-08-25,Los Angeles,037,10098052,240147,233961,1220,235181,5612
2020-08-25,Madera,039,155013,3856,3446,23,3469,32
2020-08-25,Marin,041,260295,6138,5860,15,5875,56
2020-08-25,Mariposa,043,17540,73,67,0,67,2
2020-08-25,Mendocino,045,87422,620,571,0,571,10
2020-08-25,Merced,047,269075,7948,7693,7,7700,69
2020-08-25,Modoc,049,8938,8,5,0,5,0
2020-08-25,Mono,051,14174,163,129,1,130,1
2020-08-25,Monterey,053,433212,7927,7333,20,7353,51
2020-08-25,Napa,055,140530,1460,1374,3,1377,10
2020-08-25,Nevada,057,99092,451,430,12,442,2
2020-08-25,Orange,059,3164182,49724,45737,1143,46880,902
2020-08-25,Placer,061,380077,3039,2829,5,2834,31
2020-08-25,Plumas,063,18699,39,39,0,39,0
2020-08-25,Riverside,065,2383286,52904,50889,44,50933,981
2020-08-25,Sacramento,067,1510023,18067,16601,9,16610,265
2020-08-25,San Benito,069,59416,1081,973,0,973,3
2020-08-25,San Bernardino,071,2135413,48550,45544,313,45857,727
2020-08-25,San Diego,073,3302833,38785,36996,376,37372,665
2020-08-25,San Francisco,075,870044,9473,8848,9,8857,81
2020-08-25,San Joaquin,077,732212,18282,16795,33,16828,306
2020-08-25,San Luis Obispo,079,281455,2964,2731,12,2743,20
2020-08-25,San Mateo,081,765935,8406,7636,5,7641,120
2020-08-25,Santa Barbara,083,443738,8552,7854,56,7910,90
2020-08-25,Santa Clara,085,1922200,17798,16199,23,16222,194
2020-08-25,Santa Cruz,087,273765,1840,1708,18,1726,7
2020-08-25,Shasta,089,179085,603,511,3,514,9
2020-08-25,Sierra,091,2930,6,6,0,6,0
2020-08-25,Siskiyou,093,43540,131,109,8,117,0
2020-08-25,Solano,095,438530,5418,5114,38,5152,34
2020-08-25,Sonoma,097,501317,5777,5148,18,5166,56
2020-08-25,Stanislaus,099,539301,14982,13886,337,14223,182
2020-08-25,Sutter,101,95872,1348,1259,1,1260,9
2020-08-25,Tehama,103,63373,420,394,2,396,1
2020-08-25,Trinity,105,12862,28,10,5,15,0
2020-08-25,Tulare,107,460477,14308,13514,52,13566,224
2020-08-25,Tuolumne,109,53932,199,172,3,175,1
2020-08-25,Ventura,111,848112,11028,10313,73,10386,99
2020-08-25,Yolo,113,214977,2448,2254,4,2258,50
2020-08-25,Yuba,115,75493,849,775,3,778,1
2020-08-24,Alameda,001,1643700,18316,16913,130,17043,231
2020-08-24,Alpine,003,1148,3,2,0,2,0
2020-08-24,Amador,005,37829,271,227,0,227,13
2020-08-24,Butte,007,227075,2002,1649,13,1662,23
2020-08-24,Calaveras,009,45235,231,187,0,187,1
2020-08-24,Colusa,011,21464,451,425,0,425,5
2020-08-24,Contra Costa,013,1133247,14097,12906,48,12954,153
2020-08-24,Del Norte,015,27424,113,80,0,80,1
2020-08-24,El Dorado,017,186661,987,908,0,908,2
2020-08-24,Fresno,019,978130,26980,23618,278,23896,235
2020-08-24,Glenn,021,27897,445,421,0,421,2
2020-08-24,Humboldt,023,135768,378,340,1,341,4
2020-08-24,Imperial,025,180216,11159,9323,5,9328,210
2020-08-24,Inyo,027,18085,171,144,0,144,2
2020-08-24,Kern,029,883053,29464,28157,211,28368,277
2020-08-24,Kings,031,150075,6064,5652,34,5686,60
2020-08-24,Lake,033,64148,329,302,0,302,2
2020-08-24,Lassen,035,31185,718,693,2,695,0
2020-08-24,Los Angeles,037,10098052,238783,233036,1198,234234,5562
2020-08-24,Madera,039,155013,3829,3418,23,3441,32
2020-08-24,Marin,041,260295,6075,5834,15,5849,56
2020-08-24,Mariposa,043,17540,71,66,0,66,2
2020-08-24,Mendocino,045,87422,605,550,0,550,10
2020-08-24,Merced,047,269075,7870,7605,7,7612,69
2020-08-24,Modoc,049,8938,8,5,0,5,0
2020-08-24,Mono,051,14174,163,129,1,130,1
2020-08-24,Monterey,053,433212,7818,7212,19,7231,50
2020-08-24,Napa,055,140530,1447,1358,3,1361,10
2020-08-24,Nevada,057,99092,446,423,12,435,2
2020-08-24,Orange,059,3164182,49533,45536,1132,46668,887
2020-08-24,Placer,061,380077,2993,2793,5,2798,31
2020-08-24,Plumas,063,18699,39,37,0,37,0
2020-08-24,Riverside,065,2383286,52627,50496,44,50540,975
2020-08-24,Sacramento,067,1510023,17870,16318,9,16327,249
2020-08-24,San Benito,069,59416,1060,961,0,961,3
2020-08-24,San Bernardino,071,2135413,48286,45199,311,45510,720
2020-08-24,San Diego,073,3302833,38497,36729,348,37077,660
2020-08-24,San Francisco,075,870044,9390,8621,9,8630,81
2020-08-24,San Joaquin,077,732212,18141,16565,32,16597,305
2020-08-24,San Luis Obispo,079,281455,2936,2705,12,2717,20
2020-08-24,San Mateo,081,765935,8339,7502,5,7507,120
2020-08-24,Santa Barbara,083,443738,8511,7784,56,7840,90
2020-08-24,Santa Clara,085,1922200,17594,16049,23,16072,192
2020-08-24,Santa Cruz,087,273765,1820,1627,17,1644,6
2020-08-24,Shasta,089,179085,601,505,3,508,9
2020-08-24,Sierra,091,2930,6,6,0,6,0
2020-08-24,Siskiyou,093,43540,127,107,8,115,0
2020-08-24,Solano,095,438530,5369,4979,36,5015,32
2020-08-24,Sonoma,097,501317,5675,5071,18,5089,56
2020-08-24,Stanislaus,099,539301,14884,13521,322,13843,171
2020-08-24,Sutter,101,95872,1329,1219,1,1220,9
2020-08-24,Tehama,103,63373,415,388,2,390,1
2020-08-24,Trinity,105,12862,28,10,5,15,0
2020-08-24,Tulare,107,460477,14201,13360,51,13411,223
2020-08-24,Tuolumne,109,53932,198,170,3,173,1
2020-08-24,Ventura,111,848112,10948,10261,70,10331,99
2020-08-24,Yolo,113,214977,2413,2239,4,2243,47
2020-08-24,Yuba,115,75493,832,750,3,753,1
2020-08-23,Alameda,001,1643700,18093,16786,130,16916,231
2020-08-23,Alpine,003,1148,3,2,0,2,0
2020-08-23,Amador,005,37829,268,227,0,227,13
2020-08-23,Butte,007,227075,1888,1637,13,1650,23
2020-08-23,Calaveras,009,45235,221,187,0,187,1
2020-08-23,Colusa,011,21464,444,424,0,424,5
2020-08-23,Contra Costa,013,1133247,13937,12642,48,12690,153
2020-08-23,Del Norte,015,27424,113,80,0,80,1
2020-08-23,El Dorado,017,186661,974,901,0,901,2
2020-08-23,Fresno,019,978130,26778,23414,273,23687,235
2020-08-23,Glenn,021,27897,438,421,0,421,2
2020-08-23,Humboldt,023,135768,376,341,1,342,4
2020-08-23,Imperial,025,180216,11131,9243,5,9248,210
2020-08-23,Inyo,027,18085,168,144,0,144,2
2020-08-23,Kern,029,883053,29315,28028,206,28234,277
2020-08-23,Kings,031,150075,6022,5628,34,5662,60
2020-08-23,Lake,033,64148,325,299,0,299,2
2020-08-23,Lassen,035,31185,717,693,2,695,0
2020-08-23,Los Angeles,037,10098052,237184,231833,1121,232954,5549
2020-08-23,Madera,039,155013,3797,3401,22,3423,32
2020-08-23,Marin,041,260295,6036,5807,14,5821,50
2020-08-23,Mariposa,043,17540,71,66,0,66,2
2020-08-23,Mendocino,045,87422,601,550,0,550,10
2020-08-23,Merced,047,269075,7801,7574,6,7580,69
2020-08-23,Modoc,049,8938,7,5,0,5,0
2020-08-23,Mono,051,14174,163,129,1,130,1
2020-08-23,Monterey,053,433212,7728,7173,19,7192,50
2020-08-23,Napa,055,140530,1435,1348,3,1351,10
2020-08-23,Nevada,057,99092,441,421,12,433,2
2020-08-23,Orange,059,3164182,49296,45267,1119,46386,887
2020-08-23,Placer,061,380077,2954,2772,5,2777,31
2020-08-23,Plumas,063,18699,39,37,0,37,0
2020-08-23,Riverside,065,2383286,52358,50293,42,50335,955
2020-08-23,Sacramento,067,1510023,17646,16084,8,16092,243
2020-08-23,San Benito,069,59416,1047,938,0,938,3
2020-08-23,San Bernardino,071,2135413,48017,45010,301,45311,719
2020-08-23,San Diego,073,3302833,38176,36542,321,36863,660
2020-08-23,San Francisco,075,870044,9295,8564,8,8572,80
2020-08-23,San Joaquin,077,732212,18008,16069,31,16100,305
2020-08-23,San Luis Obispo,079,281455,2894,2679,12,2691,20
2020-08-23,San Mateo,081,765935,8244,7450,5,7455,120
2020-08-23,Santa Barbara,083,443738,8443,7725,56,7781,90
2020-08-23,Santa Clara,085,1922200,17400,15912,21,15933,191
2020-08-23,Santa Cruz,087,273765,1794,1627,17,1644,6
2020-08-23,Shasta,089,179085,596,501,3,504,9
2020-08-23,Sierra,091,2930,6,6,0,6,0
2020-08-23,Siskiyou,093,43540,122,107,8,115,0
2020-08-23,Solano,095,438530,5311,4977,34,5011,32
2020-08-23,Sonoma,097,501317,5587,5018,18,5036,56
2020-08-23,Stanislaus,099,539301,14750,13483,298,13781,171
2020-08-23,Sutter,101,95872,1307,1203,1,1204,9
2020-08-23,Tehama,103,63373,405,381,2,383,1
2020-08-23,Trinity,105,12862,28,10,5,15,0
2020-08-23,Tulare,107,460477,14071,13303,47,13350,223
2020-08-23,Tuolumne,109,53932,194,164,3,167,1
2020-08-23,Ventura,111,848112,10848,10126,65,10191,99
2020-08-23,Yolo,113,214977,2385,2210,4,2214,47
2020-08-23,Yuba,115,75493,811,750,3,753,1
2020-08-22,Alameda,001,1643700,17999,16648,129,16777,231
2020-08-22,Alpine,003,1148,3,2,0,2,0
2020-08-22,Amador,005,37829,267,224,0,224,13
2020-08-22,Butte,007,227075,1837,1618,13,1631,22
2020-08-22,Calaveras,009,45235,218,187,0,187,1
2020-08-22,Colusa,011,21464,440,419,0,419,5
2020-08-22,Contra Costa,013,1133247,13850,12522,48,12570,153
2020-08-22,Del Norte,015,27424,112,80,0,80,1
2020-08-22,El Dorado,017,186661,972,900,0,900,2
2020-08-22,Fresno,019,978130,26681,23197,272,23469,235
2020-08-22,Glenn,021,27897,437,421,0,421,2
2020-08-22,Humboldt,023,135768,366,334,1,335,4
2020-08-22,Imperial,025,180216,11123,9244,5,9249,210
2020-08-22,Inyo,027,18085,168,144,0,144,1
2020-08-22,Kern,029,883053,29261,27807,206,28013,277
2020-08-22,Kings,031,150075,6013,5447,34,5481,60
2020-08-22,Lake,033,64148,323,291,0,291,2
2020-08-22,Lassen,035,31185,717,693,2,695,0
2020-08-22,Los Angeles,037,10098052,236527,230858,1102,231960,5540
2020-08-22,Madera,039,155013,3778,3330,22,3352,32
2020-08-22,Marin,041,260295,6024,5789,14,5803,49
2020-08-22,Mariposa,043,17540,71,66,0,66,2
2020-08-22,Mendocino,045,87422,598,529,0,529,10
2020-08-22,Merced,047,269075,7773,7493,6,7499,69
2020-08-22,Modoc,049,8938,7,5,0,5,0
2020-08-22,Mono,051,14174,163,129,1,130,1
2020-08-22,Monterey,053,433212,7680,7081,19,7100,50
2020-08-22,Napa,055,140530,1430,1328,3,1331,11
2020-08-22,Nevada,057,99092,441,411,12,423,2
2020-08-22,Orange,059,3164182,49154,45131,1113,46244,885
2020-08-22,Placer,061,380077,2940,2734,5,2739,30
2020-08-22,Plumas,063,18699,39,37,0,37,0
2020-08-22,Riverside,065,2383286,52209,49944,41,49985,953
2020-08-22,Sacramento,067,1510023,17534,15516,8,15524,239
2020-08-22,San Benito,069,59416,1031,912,0,912,3
2020-08-22,San Bernardino,071,2135413,47888,44803,296,45099,719
2020-08-22,San Diego,073,3302833,37994,36205,310,36515,673
2020-08-22,San Francisco,075,870044,9235,8568,8,8576,80
2020-08-22,San Joaquin,077,732212,17952,16068,31,16099,305
2020-08-22,San Luis Obispo,079,281455,2869,2660,12,2672,20
2020-08-22,San Mateo,081,765935,8197,7361,5,7366,120
2020-08-22,Santa Barbara,083,443738,8417,7685,56,7741,90
2020-08-22,Santa Clara,085,1922200,17293,15590,21,15611,190
2020-08-22,Santa Cruz,087,273765,1778,1628,16,1644,6
2020-08-22,Shasta,089,179085,594,493,3,496,9
2020-08-22,Sierra,091,2930,6,6,0,6,0
2020-08-22,Siskiyou,093,43540,122,106,8,114,0
2020-08-22,Solano,095,438530,5281,4944,33,4977,32
2020-08-22,Sonoma,097,501317,5541,4891,18,4909,57
2020-08-22,Stanislaus,099,539301,14702,13380,279,13659,170
2020-08-22,Sutter,101,95872,1300,1189,1,1190,8
2020-08-22,Tehama,103,63373,404,368,2,370,1
2020-08-22,Trinity,105,12862,28,8,5,13,0
2020-08-22,Tulare,107,460477,14004,13196,47,13243,222
2020-08-22,Tuolumne,109,53932,192,162,3,165,1
2020-08-22,Ventura,111,848112,10793,9959,63,10022,99
2020-08-22,Yolo,113,214977,2369,2188,4,2192,47
2020-08-22,Yuba,115,75493,799,738,3,741,1
2020-08-21,Alameda,001,1643700,17908,16413,129,16542,232
2020-08-21,Alpine,003,1148,3,2,0,2,0
2020-08-21,Amador,005,37829,266,223,0,223,11
2020-08-21,Butte,007,227075,1798,1582,13,1595,19
2020-08-21,Calaveras,009,45235,218,182,0,182,1
2020-08-21,Colusa,011,21464,438,418,0,418,5
2020-08-21,Contra Costa,013,1133247,13760,12333,47,12380,149
2020-08-21,Del Norte,015,27424,112,78,0,78,1
2020-08-21,El Dorado,017,186661,968,885,0,885,2
2020-08-21,Fresno,019,978130,26511,22840,271,23111,232
2020-08-21,Glenn,021,27897,433,418,0,418,2
2020-08-21,Humboldt,023,135768,363,331,1,332,4
2020-08-21,Imperial,025,180216,11107,9166,5,9171,204
2020-08-21,Inyo,027,18085,168,144,0,144,1
2020-08-21,Kern,029,883053,29202,27567,204,27771,269
2020-08-21,Kings,031,150075,5991,5391,34,5425,60
2020-08-21,Lake,033,64148,321,281,0,281,2
2020-08-21,Lassen,035,31185,717,693,2,695,0
2020-08-21,Los Angeles,037,10098052,235651,229235,1080,230315,5494
2020-08-21,Madera,039,155013,3748,3271,22,3293,31
2020-08-21,Marin,041,260295,6004,5762,14,5776,49
2020-08-21,Mariposa,043,17540,71,66,0,66,2
2020-08-21,Mendocino,045,87422,588,505,0,505,10
2020-08-21,Merced,047,269075,7744,7357,6,7363,69
2020-08-21,Modoc,049,8938,7,5,0,5,0
2020-08-21,Mono,051,14174,163,128,1,129,1
2020-08-21,Monterey,053,433212,7608,6974,19,6993,49
2020-08-21,Napa,055,140530,1421,1317,3,1320,10
2020-08-21,Nevada,057,99092,440,406,12,418,2
2020-08-21,Orange,059,3164182,49013,44625,1104,45729,875
2020-08-21,Placer,061,380077,2924,2698,4,2702,30
2020-08-21,Plumas,063,18699,39,36,0,36,0
2020-08-21,Riverside,065,2383286,52016,49409,41,49450,932
2020-08-21,Sacramento,067,1510023,17411,15247,8,15255,237
2020-08-21,San Benito,069,59416,1021,891,0,891,3
2020-08-21,San Bernardino,071,2135413,47768,44249,292,44541,668
2020-08-21,San Diego,073,3302833,37790,35914,293,36207,652
2020-08-21,San Francisco,075,870044,9185,8375,8,8383,80
2020-08-21,San Joaquin,077,732212,17869,15888,29,15917,301
2020-08-21,San Luis Obispo,079,281455,2846,2640,12,2652,19
2020-08-21,San Mateo,081,765935,8138,7253,5,7258,120
2020-08-21,Santa Barbara,083,443738,8376,7645,56,7701,86
2020-08-21,Santa Clara,085,1922200,17141,15399,21,15420,190
2020-08-21,Santa Cruz,087,273765,1766,1617,16,1633,6
2020-08-21,Shasta,089,179085,594,486,3,489,9
2020-08-21,Sierra,091,2930,6,6,0,6,0
2020-08-21,Siskiyou,093,43540,122,103,6,109,0
2020-08-21,Solano,095,438530,5258,4891,32,4923,32
2020-08-21,Sonoma,097,501317,5471,4816,18,4834,57
2020-08-21,Stanislaus,099,539301,14633,13282,264,13546,161
2020-08-21,Sutter,101,95872,1287,1173,1,1174,8
2020-08-21,Tehama,103,63373,402,357,2,359,1
2020-08-21,Trinity,105,12862,28,8,5,13,0
2020-08-21,Tulare,107,460477,13932,13002,46,13048,217
2020-08-21,Tuolumne,109,53932,184,161,3,164,1
2020-08-21,Ventura,111,848112,10729,9865,61,9926,98
2020-08-21,Yolo,113,214977,2354,2164,4,2168,46
2020-08-21,Yuba,115,75493,795,717,3,720,1
2020-08-20,Alameda,001,1643700,17749,16174,129,16303,229
2020-08-20,Alpine,003,1148,3,2,0,2,0
2020-08-20,Amador,005,37829,264,222,0,222,11
2020-08-20,Butte,007,227075,1747,1549,13,1562,18
2020-08-20,Calaveras,009,45235,215,179,0,179,1
2020-08-20,Colusa,011,21464,436,415,0,415,5
2020-08-20,Contra Costa,013,1133247,13632,12108,46,12154,144
2020-08-20,Del Norte,015,27424,112,78,0,78,1
2020-08-20,El Dorado,017,186661,964,881,0,881,2
2020-08-20,Fresno,019,978130,26329,22535,266,22801,228
2020-08-20,Glenn,021,27897,428,414,0,414,2
2020-08-20,Humboldt,023,135768,358,318,1,319,4
2020-08-20,Imperial,025,180216,11088,9086,5,9091,196
2020-08-20,Inyo,027,18085,167,144,0,144,1
2020-08-20,Kern,029,883053,29034,27337,193,27530,267
2020-08-20,Kings,031,150075,5951,5347,33,5380,59
2020-08-20,Lake,033,64148,316,280,0,280,2
2020-08-20,Lassen,035,31185,716,693,2,695,0
2020-08-20,Los Angeles,037,10098052,234415,227492,1061,228553,5445
2020-08-20,Madera,039,155013,3722,3197,22,3219,31
2020-08-20,Marin,041,260295,5986,5745,14,5759,47
2020-08-20,Mariposa,043,17540,71,67,0,67,2
2020-08-20,Mendocino,045,87422,577,497,0,497,10
2020-08-20,Merced,047,269075,7669,7173,6,7179,68
2020-08-20,Modoc,049,8938,7,5,0,5,0
2020-08-20,Mono,051,14174,163,128,1,129,1
2020-08-20,Monterey,053,433212,7537,6892,19,6911,47
2020-08-20,Napa,055,140530,1413,1306,3,1309,10
2020-08-20,Nevada,057,99092,439,401,12,413,2
2020-08-20,Orange,059,3164182,48786,44299,1093,45392,849
2020-08-20,Placer,061,380077,2908,2681,4,2685,30
2020-08-20,Plumas,063,18699,39,36,0,36,0
2020-08-20,Riverside,065,2383286,51799,48953,40,48993,927
2020-08-20,Sacramento,067,1510023,17169,14992,8,15000,231
2020-08-20,San Benito,069,59416,1008,866,0,866,3
2020-08-20,San Bernardino,071,2135413,47511,43627,288,43915,665
2020-08-20,San Diego,073,3302833,37570,35610,275,35885,644
2020-08-20,San Francisco,075,870044,9099,8262,8,8270,72
2020-08-20,San Joaquin,077,732212,17776,15778,29,15807,297
2020-08-20,San Luis Obispo,079,281455,2826,2590,12,2602,19
2020-08-20,San Mateo,081,765935,8072,7188,5,7193,120
2020-08-20,Santa Barbara,083,443738,8338,7571,56,7627,81
2020-08-20,Santa Clara,085,1922200,16969,15162,21,15183,190
2020-08-20,Santa Cruz,087,273765,1753,1581,16,1597,6
2020-08-20,Shasta,089,179085,593,478,3,481,9
2020-08-20,Sierra,091,2930,6,6,0,6,0
2020-08-20,Siskiyou,093,43540,121,102,1,103,0
2020-08-20,Solano,095,438530,5214,4843,32,4875,31
2020-08-20,Sonoma,097,501317,5399,4737,18,4755,54
2020-08-20,Stanislaus,099,539301,14537,13120,255,13375,161
2020-08-20,Sutter,101,95872,1263,1158,1,1159,8
2020-08-20,Tehama,103,63373,396,350,2,352,1
2020-08-20,Trinity,105,12862,28,8,5,13,0
2020-08-20,Tulare,107,460477,13824,12907,45,12952,217
2020-08-20,Tuolumne,109,53932,180,159,3,162,1
2020-08-20,Ventura,111,848112,10616,9744,60,9804,93
2020-08-20,Yolo,113,214977,2332,2150,4,2154,47
2020-08-20,Yuba,115,75493,778,709,3,712,1
2020-08-19,Alameda,001,1643700,17591,15874,128,16002,226
2020-08-19,Alpine,003,1148,3,2,0,2,0
2020-08-19,Amador,005,37829,263,219,0,219,9
2020-08-19,Butte,007,227075,1704,1517,13,1530,16
2020-08-19,Calaveras,009,45235,212,177,0,177,1
2020-08-19,Colusa,011,21464,435,415,0,415,5
2020-08-19,Contra Costa,013,1133247,13520,11895,44,11939,142
2020-08-19,Del Norte,015,27424,112,78,0,78,1
2020-08-19,El Dorado,017,186661,958,870,0,870,2
2020-08-19,Fresno,019,978130,26139,22167,258,22425,221
2020-08-19,Glenn,021,27897,426,414,0,414,2
2020-08-19,Humboldt,023,135768,355,316,1,317,4
2020-08-19,Imperial,025,180216,11060,9041,5,9046,192
2020-08-19,Inyo,027,18085,165,140,0,140,1
2020-08-19,Kern,029,883053,28917,27142,189,27331,263
2020-08-19,Kings,031,150075,5779,5301,31,5332,59
2020-08-19,Lake,033,64148,313,277,0,277,2
2020-08-19,Lassen,035,31185,708,693,2,695,0
2020-08-19,Los Angeles,037,10098052,233133,226006,1021,227027,5399
2020-08-19,Madera,039,155013,3688,3158,20,3178,30
2020-08-19,Marin,041,260295,5962,5723,13,5736,46
2020-08-19,Mariposa,043,17540,71,64,0,64,2
2020-08-19,Mendocino,045,87422,561,495,0,495,8
2020-08-19,Merced,047,269075,7542,7082,3,7085,66
2020-08-19,Modoc,049,8938,7,5,0,5,0
2020-08-19,Mono,051,14174,163,128,1,129,1
2020-08-19,Monterey,053,433212,7435,6693,19,6712,45
2020-08-19,Napa,055,140530,1408,1293,3,1296,10
2020-08-19,Nevada,057,99092,432,398,12,410,2
2020-08-19,Orange,059,3164182,48581,43938,1089,45027,829
2020-08-19,Placer,061,380077,2886,2659,4,2663,28
2020-08-19,Plumas,063,18699,39,36,0,36,0
2020-08-19,Riverside,065,2383286,51551,48741,39,48780,922
2020-08-19,Sacramento,067,1510023,16988,14764,8,14772,229
2020-08-19,San Benito,069,59416,991,853,0,853,3
2020-08-19,San Bernardino,071,2135413,47212,43224,281,43505,661
2020-08-19,San Diego,073,3302833,37321,35378,260,35638,638
2020-08-19,San Francisco,075,870044,9034,8236,8,8244,72
2020-08-19,San Joaquin,077,732212,17649,15677,28,15705,296
2020-08-19,San Luis Obispo,079,281455,2787,2553,12,2565,19
2020-08-19,San Mateo,081,765935,8004,7146,5,7151,119
2020-08-19,Santa Barbara,083,443738,8289,7499,56,7555,80
2020-08-19,Santa Clara,085,1922200,16825,14994,21,15015,189
2020-08-19,Santa Cruz,087,273765,1727,1554,16,1570,6
2020-08-19,Shasta,089,179085,589,475,3,478,9
2020-08-19,Sierra,091,2930,6,6,0,6,0
2020-08-19,Siskiyou,093,43540,120,103,1,104,0
2020-08-19,Solano,095,438530,5173,4807,32,4839,31
2020-08-19,Sonoma,097,501317,5320,4614,18,4632,54
2020-08-19,Stanislaus,099,539301,14434,13084,233,13317,160
2020-08-19,Sutter,101,95872,1229,1146,1,1147,8
2020-08-19,Tehama,103,63373,390,342,2,344,1
2020-08-19,Trinity,105,12862,27,8,5,13,0
2020-08-19,Tulare,107,460477,13726,12756,45,12801,217
2020-08-19,Tuolumne,109,53932,177,159,3,162,1
2020-08-19,Ventura,111,848112,10524,9587,58,9645,91
2020-08-19,Yolo,113,214977,2309,2126,4,2130,47
2020-08-19,Yuba,115,75493,766,701,3,704,1
2020-08-18,Alameda,001,1643700,17415,15627,125,15752,223
2020-08-18,Alpine,003,1148,3,2,0,2,0
2020-08-18,Amador,005,37829,262,215,0,215,9
2020-08-18,Butte,007,227075,1671,1491,13,1504,16
2020-08-18,Calaveras,009,45235,208,174,0,174,1
2020-08-18,Colusa,011,21464,434,415,0,415,5
2020-08-18,Contra Costa,013,1133247,13400,11689,42,11731,141
2020-08-18,Del Norte,015,27424,111,78,0,78,0
2020-08-18,El Dorado,017,186661,953,866,0,866,2
2020-08-18,Fresno,019,978130,25920,21798,252,22050,212
2020-08-18,Glenn,021,27897,426,407,0,407,2
2020-08-18,Humboldt,023,135768,353,315,1,316,4
2020-08-18,Imperial,025,180216,11026,8968,5,8973,189
2020-08-18,Inyo,027,18085,164,140,0,140,1
2020-08-18,Kern,029,883053,28765,26978,184,27162,263
2020-08-18,Kings,031,150075,5750,5269,30,5299,58
2020-08-18,Lake,033,64148,310,274,0,274,2
2020-08-18,Lassen,035,31185,708,693,2,695,0
2020-08-18,Los Angeles,037,10098052,231854,224218,982,225200,5339
2020-08-18,Madera,039,155013,3660,3125,20,3145,28
2020-08-18,Marin,041,260295,5932,5708,13,5721,47
2020-08-18,Mariposa,043,17540,71,61,0,61,2
2020-08-18,Mendocino,045,87422,552,468,0,468,8
2020-08-18,Merced,047,269075,7494,6940,3,6943,66
2020-08-18,Modoc,049,8938,7,5,0,5,0
2020-08-18,Mono,051,14174,162,129,1,130,1
2020-08-18,Monterey,053,433212,7343,6691,18,6709,44
2020-08-18,Napa,055,140530,1405,1274,3,1277,10
2020-08-18,Nevada,057,99092,425,389,12,401,2
2020-08-18,Orange,059,3164182,48356,43659,1073,44732,809
2020-08-18,Placer,061,380077,2860,2644,3,2647,28
2020-08-18,Plumas,063,18699,39,34,0,34,0
2020-08-18,Riverside,065,2383286,51222,48447,39,48486,917
2020-08-18,Sacramento,067,1510023,16759,14610,7,14617,222
2020-08-18,San Benito,069,59416,971,836,0,836,3
2020-08-18,San Bernardino,071,2135413,46931,42827,273,43100,648
2020-08-18,San Diego,073,3302833,37029,35164,227,35391,633
2020-08-18,San Francisco,075,870044,8949,8016,8,8024,72
2020-08-18,San Joaquin,077,732212,17532,15509,27,15536,290
2020-08-18,San Luis Obispo,079,281455,2763,2535,11,2546,18
2020-08-18,San Mateo,081,765935,7942,7074,5,7079,119
2020-08-18,Santa Barbara,083,443738,8247,7472,56,7528,81
2020-08-18,Santa Clara,085,1922200,16652,14786,20,14806,184
2020-08-18,Santa Cruz,087,273765,1714,1509,16,1525,6
2020-08-18,Shasta,089,179085,585,468,3,471,9
2020-08-18,Sierra,091,2930,6,6,0,6,0
2020-08-18,Siskiyou,093,43540,119,103,1,104,0
2020-08-18,Solano,095,438530,5146,4700,32,4732,31
2020-08-18,Sonoma,097,501317,5251,4506,18,4524,48
2020-08-18,Stanislaus,099,539301,14336,12935,217,13152,149
2020-08-18,Sutter,101,95872,1210,1126,1,1127,8
2020-08-18,Tehama,103,63373,380,333,2,335,1
2020-08-18,Trinity,105,12862,26,8,5,13,0
2020-08-18,Tulare,107,460477,13595,12637,42,12679,212
2020-08-18,Tuolumne,109,53932,174,159,3,162,1
2020-08-18,Ventura,111,848112,10434,9536,53,9589,89
2020-08-18,Yolo,113,214977,2286,2102,4,2106,47
2020-08-18,Yuba,115,75493,758,679,3,682,1
2020-08-17,Alameda,001,1643700,17223,15454,123,15577,221
2020-08-17,Alpine,003,1148,3,2,0,2,0
2020-08-17,Amador,005,37829,262,215,0,215,9
2020-08-17,Butte,007,227075,1626,1463,13,1476,15
2020-08-17,Calaveras,009,45235,204,167,0,167,1
2020-08-17,Colusa,011,21464,431,408,0,408,5
2020-08-17,Contra Costa,013,1133247,13262,11442,42,11484,141
2020-08-17,Del Norte,015,27424,107,77,0,77,0
2020-08-17,El Dorado,017,186661,950,846,0,846,2
2020-08-17,Fresno,019,978130,25713,21316,245,21561,211
2020-08-17,Glenn,021,27897,425,402,0,402,2
2020-08-17,Humboldt,023,135768,349,302,1,303,4
2020-08-17,Imperial,025,180216,10985,8897,5,8902,188
2020-08-17,Inyo,027,18085,156,124,0,124,1
2020-08-17,Kern,029,883053,28617,26773,173,26946,249
2020-08-17,Kings,031,150075,5712,5249,30,5279,58
2020-08-17,Lake,033,64148,305,270,0,270,2
2020-08-17,Lassen,035,31185,708,666,2,668,0
2020-08-17,Los Angeles,037,10098052,230337,223418,932,224350,5282
2020-08-17,Madera,039,155013,3617,3050,19,3069,26
2020-08-17,Marin,041,260295,5909,5683,12,5695,46
2020-08-17,Mariposa,043,17540,71,61,0,61,2
2020-08-17,Mendocino,045,87422,534,454,0,454,8
2020-08-17,Merced,047,269075,7399,6814,3,6817,66
2020-08-17,Modoc,049,8938,7,5,0,5,0
2020-08-17,Mono,051,14174,162,126,1,127,1
2020-08-17,Monterey,053,433212,7244,6553,18,6571,44
2020-08-17,Napa,055,140530,1384,1255,3,1258,10
2020-08-17,Nevada,057,99092,420,383,12,395,2
2020-08-17,Orange,059,3164182,48146,43621,1061,44682,804
2020-08-17,Placer,061,380077,2835,2609,3,2612,28
2020-08-17,Plumas,063,18699,39,33,0,33,0
2020-08-17,Riverside,065,2383286,50892,48062,37,48099,916
2020-08-17,Sacramento,067,1510023,16539,14333,7,14340,219
2020-08-17,San Benito,069,59416,956,822,0,822,2
2020-08-17,San Bernardino,071,2135413,46588,42005,263,42268,604
2020-08-17,San Diego,073,3302833,36763,34962,213,35175,626
2020-08-17,San Francisco,075,870044,8877,7600,8,7608,72
2020-08-17,San Joaquin,077,732212,17368,15323,26,15349,280
2020-08-17,San Luis Obispo,079,281455,2730,2527,11,2538,18
2020-08-17,San Mateo,081,765935,7885,6987,4,6991,118
2020-08-17,Santa Barbara,083,443738,8205,7438,56,7494,80
2020-08-17,Santa Clara,085,1922200,16432,14546,20,14566,183
2020-08-17,Santa Cruz,087,273765,1698,1453,15,1468,6
2020-08-17,Shasta,089,179085,579,467,3,470,9
2020-08-17,Sierra,091,2930,6,6,0,6,0
2020-08-17,Siskiyou,093,43540,118,103,0,103,0
2020-08-17,Solano,095,438530,5089,4479,32,4511,31
2020-08-17,Sonoma,097,501317,5162,4402,16,4418,48
2020-08-17,Stanislaus,099,539301,14211,12745,210,12955,148
2020-08-17,Sutter,101,95872,1194,1071,1,1072,8
2020-08-17,Tehama,103,63373,371,324,2,326,1
2020-08-17,Trinity,105,12862,26,8,5,13,0
2020-08-17,Tulare,107,460477,13482,12487,41,12528,210
2020-08-17,Tuolumne,109,53932,171,157,3,160,1
2020-08-17,Ventura,111,848112,10312,9490,48,9538,89
2020-08-17,Yolo,113,214977,2259,2083,4,2087,47
2020-08-17,Yuba,115,75493,743,647,3,650,1
2020-08-16,Alameda,001,1643700,16933,15338,123,15461,221
2020-08-16,Alpine,003,1148,3,2,0,2,0
2020-08-16,Amador,005,37829,259,215,0,215,9
2020-08-16,Butte,007,227075,1588,1432,13,1445,15
2020-08-16,Calaveras,009,45235,197,167,0,167,1
2020-08-16,Colusa,011,21464,429,407,0,407,5
2020-08-16,Contra Costa,013,1133247,13076,11255,42,11297,140
2020-08-16,Del Norte,015,27424,103,77,0,77,0
2020-08-16,El Dorado,017,186661,938,843,0,843,2
2020-08-16,Fresno,019,978130,25494,21010,240,21250,211
2020-08-16,Glenn,021,27897,423,400,0,400,2
2020-08-16,Humboldt,023,135768,347,301,1,302,4
2020-08-16,Imperial,025,180216,10941,8883,5,8888,188
2020-08-16,Inyo,027,18085,149,125,0,125,1
2020-08-16,Kern,029,883053,28416,26520,165,26685,249
2020-08-16,Kings,031,150075,5681,5146,30,5176,58
2020-08-16,Lake,033,64148,301,269,0,269,2
2020-08-16,Lassen,035,31185,708,666,2,668,0
2020-08-16,Los Angeles,037,10098052,228770,222236,901,223137,5263
2020-08-16,Madera,039,155013,3572,3013,19,3032,26
2020-08-16,Marin,041,260295,5883,5664,12,5676,46
2020-08-16,Mariposa,043,17540,71,61,0,61,2
2020-08-16,Mendocino,045,87422,526,451,0,451,8
2020-08-16,Merced,047,269075,7317,6744,3,6747,66
2020-08-16,Modoc,049,8938,7,5,0,5,0
2020-08-16,Mono,051,14174,162,126,1,127,1
2020-08-16,Monterey,053,433212,7146,6516,17,6533,44
2020-08-16,Napa,055,140530,1366,1241,2,1243,10
2020-08-16,Nevada,057,99092,409,379,12,391,2
2020-08-16,Orange,059,3164182,47896,43303,1050,44353,803
2020-08-16,Placer,061,380077,2806,2583,2,2585,28
2020-08-16,Plumas,063,18699,39,33,0,33,0
2020-08-16,Riverside,065,2383286,50561,47669,37,47706,910
2020-08-16,Sacramento,067,1510023,16299,14210,7,14217,219
2020-08-16,San Benito,069,59416,927,815,0,815,2
2020-08-16,San Bernardino,071,2135413,46165,41724,254,41978,603
2020-08-16,San Diego,073,3302833,36500,34680,197,34877,626
2020-08-16,San Francisco,075,870044,8789,7602,8,7610,72
2020-08-16,San Joaquin,077,732212,17166,15288,26,15314,280
2020-08-16,San Luis Obispo,079,281455,2701,2494,11,2505,17
2020-08-16,San Mateo,081,765935,7809,6942,4,6946,118
2020-08-16,Santa Barbara,083,443738,8156,7368,56,7424,79
2020-08-16,Santa Clara,085,1922200,16234,14329,20,14349,183
2020-08-16,Santa Cruz,087,273765,1671,1449,14,1463,6
2020-08-16,Shasta,089,179085,572,465,3,468,9
2020-08-16,Sierra,091,2930,6,6,0,6,0
2020-08-16,Siskiyou,093,43540,117,102,0,102,0
2020-08-16,Solano,095,438530,5029,4479,32,4511,31
2020-08-16,Sonoma,097,501317,5058,4329,16,4345,46
2020-08-16,Stanislaus,099,539301,14056,12668,197,12865,148
2020-08-16,Sutter,101,95872,1176,1071,1,1072,8
2020-08-16,Tehama,103,63373,362,318,2,320,1
2020-08-16,Trinity,105,12862,25,8,5,13,0
2020-08-16,Tulare,107,460477,13350,12334,37,12371,211
2020-08-16,Tuolumne,109,53932,171,156,3,159,1
2020-08-16,Ventura,111,848112,10203,9408,43,9451,89
2020-08-16,Yolo,113,214977,2240,2057,4,2061,47
2020-08-16,Yuba,115,75493,734,647,2,649,1
2020-08-15,Alameda,001,1643700,16856,15165,123,15288,221
2020-08-15,Alpine,003,1148,3,2,0,2,0
2020-08-15,Amador,005,37829,259,210,0,210,9
2020-08-15,Butte,007,227075,1566,1409,13,1422,15
2020-08-15,Calaveras,009,45235,195,167,0,167,1
2020-08-15,Colusa,011,21464,428,401,0,401,5
2020-08-15,Contra Costa,013,1133247,12980,11106,42,11148,138
2020-08-15,Del Norte,015,27424,103,77,0,77,0
2020-08-15,El Dorado,017,186661,933,838,0,838,2
2020-08-15,Fresno,019,978130,25378,20603,238,20841,211
2020-08-15,Glenn,021,27897,423,398,0,398,2
2020-08-15,Humboldt,023,135768,346,301,1,302,4
2020-08-15,Imperial,025,180216,10921,8794,5,8799,188
2020-08-15,Inyo,027,18085,149,123,0,123,1
2020-08-15,Kern,029,883053,28328,26338,165,26503,249
2020-08-15,Kings,031,150075,5663,5039,30,5069,56
2020-08-15,Lake,033,64148,299,268,0,268,2
2020-08-15,Lassen,035,31185,708,666,2,668,0
2020-08-15,Los Angeles,037,10098052,228018,221043,892,221935,5252
2020-08-15,Madera,039,155013,3522,2950,19,2969,26
2020-08-15,Marin,041,260295,5876,5628,12,5640,46
2020-08-15,Mariposa,043,17540,71,61,0,61,2
2020-08-15,Mendocino,045,87422,522,444,0,444,8
2020-08-15,Merced,047,269075,7283,6656,3,6659,66
2020-08-15,Modoc,049,8938,7,5,0,5,0
2020-08-15,Mono,051,14174,162,126,1,127,1
2020-08-15,Monterey,053,433212,7101,6162,17,6179,44
2020-08-15,Napa,055,140530,1356,1232,2,1234,10
2020-08-15,Nevada,057,99092,409,376,12,388,2
2020-08-15,Orange,059,3164182,47783,42811,1039,43850,801
2020-08-15,Placer,061,380077,2785,2551,2,2553,27
2020-08-15,Plumas,063,18699,39,33,0,33,0
2020-08-15,Riverside,065,2383286,50410,46720,37,46757,910
2020-08-15,Sacramento,067,1510023,16189,14018,7,14025,219
2020-08-15,San Benito,069,59416,914,805,0,805,2
2020-08-15,San Bernardino,071,2135413,46013,41231,252,41483,602
2020-08-15,San Diego,073,3302833,36334,34346,183,34529,639
2020-08-15,San Francisco,075,870044,8725,7601,8,7609,69
2020-08-15,San Joaquin,077,732212,17093,15113,26,15139,280
2020-08-15,San Luis Obispo,079,281455,2684,2461,11,2472,17
2020-08-15,San Mateo,081,765935,7772,6860,4,6864,118
2020-08-15,Santa Barbara,083,443738,8128,7338,56,7394,79
2020-08-15,Santa Clara,085,1922200,16138,14105,20,14125,183
2020-08-15,Santa Cruz,087,273765,1650,1449,14,1463,6
2020-08-15,Shasta,089,179085,569,458,3,461,9
2020-08-15,Sierra,091,2930,6,6,0,6,0
2020-08-15,Siskiyou,093,43540,116,100,0,100,0
2020-08-15,Solano,095,438530,5007,4477,32,4509,31
2020-08-15,Sonoma,097,501317,5003,4134,16,4150,45
2020-08-15,Stanislaus,099,539301,13993,12541,195,12736,149
2020-08-15,Sutter,101,95872,1165,1046,1,1047,8
2020-08-15,Tehama,103,63373,361,312,2,314,1
2020-08-15,Trinity,105,12862,23,6,5,11,0
2020-08-15,Tulare,107,460477,13312,12262,37,12299,211
2020-08-15,Tuolumne,109,53932,171,155,3,158,1
2020-08-15,Ventura,111,848112,10145,9379,41,9420,89
2020-08-15,Yolo,113,214977,2228,2031,4,2035,46
2020-08-15,Yuba,115,75493,730,623,2,625,1
2020-08-14,Alameda,001,1643700,16717,14909,123,15032,221
2020-08-14,Alpine,003,1148,3,2,0,2,0
2020-08-14,Amador,005,37829,259,209,0,209,9
2020-08-14,Butte,007,227075,1557,1384,13,1397,15
2020-08-14,Calaveras,009,45235,191,165,0,165,1
2020-08-14,Colusa,011,21464,426,399,0,399,5
2020-08-14,Contra Costa,013,1133247,12868,10893,42,10935,137
2020-08-14,Del Norte,015,27424,103,76,0,76,0
2020-08-14,El Dorado,017,186661,925,827,0,827,2
2020-08-14,Fresno,019,978130,25244,19900,238,20138,208
2020-08-14,Glenn,021,27897,421,395,0,395,2
2020-08-14,Humboldt,023,135768,340,294,1,295,4
2020-08-14,Imperial,025,180216,10897,8756,5,8761,185
2020-08-14,Inyo,027,18085,148,115,0,115,1
2020-08-14,Kern,029,883053,28224,25893,164,26057,249
2020-08-14,Kings,031,150075,5649,4953,30,4983,56
2020-08-14,Lake,033,64148,290,267,0,267,2
2020-08-14,Lassen,035,31185,708,665,2,667,0
2020-08-14,Los Angeles,037,10098052,226853,219083,874,219957,5222
2020-08-14,Madera,039,155013,3492,2876,19,2895,26
2020-08-14,Marin,041,260295,5865,5601,12,5613,46
2020-08-14,Mariposa,043,17540,70,61,0,61,2
2020-08-14,Mendocino,045,87422,513,432,0,432,8
2020-08-14,Merced,047,269075,7253,6466,3,6469,67
2020-08-14,Modoc,049,8938,7,5,0,5,0
2020-08-14,Mono,051,14174,162,126,1,127,1
2020-08-14,Monterey,053,433212,7050,6121,17,6138,41
2020-08-14,Napa,055,140530,1346,1230,2,1232,10
2020-08-14,Nevada,057,99092,405,377,12,389,2
2020-08-14,Orange,059,3164182,47634,42399,1025,43424,798
2020-08-14,Placer,061,380077,2766,2546,2,2548,26
2020-08-14,Plumas,063,18699,38,33,0,33,0
2020-08-14,Riverside,065,2383286,50181,46456,37,46493,891
2020-08-14,Sacramento,067,1510023,16039,13645,7,13652,212
2020-08-14,San Benito,069,59416,897,783,0,783,2
2020-08-14,San Bernardino,071,2135413,45827,40442,248,40690,594
2020-08-14,San Diego,073,3302833,36140,34067,176,34243,622
2020-08-14,San Francisco,075,870044,8666,7467,8,7475,69
2020-08-14,San Joaquin,077,732212,16994,14925,26,14951,276
2020-08-14,San Luis Obispo,079,281455,2669,2422,11,2433,17
2020-08-14,San Mateo,081,765935,7713,6655,4,6659,118
2020-08-14,Santa Barbara,083,443738,8078,7302,56,7358,77
2020-08-14,Santa Clara,085,1922200,15972,13785,19,13804,183
2020-08-14,Santa Cruz,087,273765,1628,1418,13,1431,6
2020-08-14,Shasta,089,179085,564,446,3,449,9
2020-08-14,Sierra,091,2930,6,5,0,5,0
2020-08-14,Siskiyou,093,43540,116,98,0,98,0
2020-08-14,Solano,095,438530,4986,4421,32,4453,31
2020-08-14,Sonoma,097,501317,4944,4087,13,4100,45
2020-08-14,Stanislaus,099,539301,13916,12379,191,12570,140
2020-08-14,Sutter,101,95872,1157,1039,1,1040,8
2020-08-14,Tehama,103,63373,357,305,2,307,1
2020-08-14,Trinity,105,12862,23,6,5,11,0
2020-08-14,Tulare,107,460477,13235,12009,37,12046,211
2020-08-14,Tuolumne,109,53932,170,155,3,158,1
2020-08-14,Ventura,111,848112,10070,9313,41,9354,89
2020-08-14,Yolo,113,214977,2214,1991,4,1995,45
2020-08-14,Yuba,115,75493,714,606,2,608,1
2020-08-13,Alameda,001,1643700,16443,14385,123,14508,218
2020-08-13,Alpine,003,1148,3,2,0,2,0
2020-08-13,Amador,005,37829,259,198,0,198,8
2020-08-13,Butte,007,227075,1532,1345,13,1358,15
2020-08-13,Calaveras,009,45235,189,162,0,162,1
2020-08-13,Colusa,011,21464,426,395,0,395,5
2020-08-13,Contra Costa,013,1133247,12715,10545,41,10586,136
2020-08-13,Del Norte,015,27424,102,74,0,74,0
2020-08-13,El Dorado,017,186661,920,803,0,803,2
2020-08-13,Fresno,019,978130,25020,19157,231,19388,201
2020-08-13,Glenn,021,27897,417,392,0,392,1
2020-08-13,Humboldt,023,135768,332,281,1,282,4
2020-08-13,Imperial,025,180216,10866,8640,5,8645,170
2020-08-13,Inyo,027,18085,144,97,0,97,1
2020-08-13,Kern,029,883053,28057,25472,161,25633,242
2020-08-13,Kings,031,150075,5615,4824,30,4854,52
2020-08-13,Lake,033,64148,285,263,0,263,2
2020-08-13,Lassen,035,31185,708,652,2,654,0
2020-08-13,Los Angeles,037,10098052,225455,216497,852,217349,5179
2020-08-13,Madera,039,155013,3449,2675,18,2693,25
2020-08-13,Marin,041,260295,5849,5503,12,5515,44
2020-08-13,Mariposa,043,17540,69,61,0,61,2
2020-08-13,Mendocino,045,87422,508,401,0,401,8
2020-08-13,Merced,047,269075,7135,5945,3,5948,63
2020-08-13,Modoc,049,8938,7,5,0,5,0
2020-08-13,Mono,051,14174,162,124,1,125,1
2020-08-13,Monterey,053,433212,6967,5925,17,5942,38
2020-08-13,Napa,055,140530,1337,1179,2,1181,10
2020-08-13,Nevada,057,99092,401,362,12,374,1
2020-08-13,Orange,059,3164182,47395,42019,1013,43032,773
2020-08-13,Placer,061,380077,2744,2460,2,2462,26
2020-08-13,Plumas,063,18699,38,32,0,32,0
2020-08-13,Riverside,065,2383286,49887,45327,37,45364,885
2020-08-13,Sacramento,067,1510023,15837,13237,7,13244,197
2020-08-13,San Benito,069,59416,868,757,0,757,2
2020-08-13,San Bernardino,071,2135413,45433,39395,242,39637,591
2020-08-13,San Diego,073,3302833,35904,33661,158,33819,627
2020-08-13,San Francisco,075,870044,8572,7277,8,7285,69
2020-08-13,San Joaquin,077,732212,16840,14537,25,14562,261
2020-08-13,San Luis Obispo,079,281455,2648,2283,11,2294,16
2020-08-13,San Mateo,081,765935,7651,6503,4,6507,117
2020-08-13,Santa Barbara,083,443738,8033,7129,55,7184,74
2020-08-13,Santa Clara,085,1922200,15749,13257,19,13276,182
2020-08-13,Santa Cruz,087,273765,1603,1383,13,1396,6
2020-08-13,Shasta,089,179085,560,428,3,431,9
2020-08-13,Sierra,091,2930,6,5,0,5,0
2020-08-13,Siskiyou,093,43540,116,95,0,95,0
2020-08-13,Solano,095,438530,4949,4305,32,4337,31
2020-08-13,Sonoma,097,501317,4870,3902,13,3915,45
2020-08-13,Stanislaus,099,539301,13786,11953,175,12128,136
2020-08-13,Sutter,101,95872,1136,992,1,993,8
2020-08-13,Tehama,103,63373,348,302,2,304,1
2020-08-13,Trinity,105,12862,22,6,5,11,0
2020-08-13,Tulare,107,460477,13092,11692,34,11726,210
2020-08-13,Tuolumne,109,53932,169,152,3,155,1
2020-08-13,Ventura,111,848112,9981,9114,41,9155,90
2020-08-13,Yolo,113,214977,2187,1938,4,1942,44
2020-08-13,Yuba,115,75493,698,568,2,570,1
2020-08-12,Alameda,001,1643700,16230,14214,123,14337,215
2020-08-12,Alpine,003,1148,3,2,0,2,0
2020-08-12,Amador,005,37829,256,197,0,197,8
2020-08-12,Butte,007,227075,1504,1317,13,1330,15
2020-08-12,Calaveras,009,45235,186,157,0,157,1
2020-08-12,Colusa,011,21464,421,394,0,394,5
2020-08-12,Contra Costa,013,1133247,12571,10304,39,10343,134
2020-08-12,Del Norte,015,27424,101,74,0,74,0
2020-08-12,El Dorado,017,186661,902,794,0,794,2
2020-08-12,Fresno,019,978130,24790,18690,225,18915,194
2020-08-12,Glenn,021,27897,414,388,0,388,1
2020-08-12,Humboldt,023,135768,325,281,1,282,4
2020-08-12,Imperial,025,180216,10844,8566,5,8571,167
2020-08-12,Inyo,027,18085,127,97,0,97,1
2020-08-12,Kern,029,883053,27866,25191,159,25350,232
2020-08-12,Kings,031,150075,5576,4736,30,4766,50
2020-08-12,Lake,033,64148,283,253,0,253,2
2020-08-12,Lassen,035,31185,707,651,2,653,0
2020-08-12,Los Angeles,037,10098052,223999,214542,836,215378,5119
2020-08-12,Madera,039,155013,3415,2681,16,2697,23
2020-08-12,Marin,041,260295,5827,5423,12,5435,44
2020-08-12,Mariposa,043,17540,69,61,0,61,2
2020-08-12,Mendocino,045,87422,489,386,0,386,9
2020-08-12,Merced,047,269075,7073,5777,3,5780,66
2020-08-12,Modoc,049,8938,7,5,0,5,0
2020-08-12,Mono,051,14174,161,124,1,125,1
2020-08-12,Monterey,053,433212,6863,5919,17,5936,38
2020-08-12,Napa,055,140530,1327,1161,2,1163,10
2020-08-12,Nevada,057,99092,396,357,12,369,1
2020-08-12,Orange,059,3164182,47144,41576,988,42564,754
2020-08-12,Placer,061,380077,2712,2417,2,2419,25
2020-08-12,Plumas,063,18699,38,31,0,31,0
2020-08-12,Riverside,065,2383286,49538,44747,37,44784,867
2020-08-12,Sacramento,067,1510023,15625,12528,7,12535,189
2020-08-12,San Benito,069,59416,855,751,0,751,2
2020-08-12,San Bernardino,071,2135413,45091,38811,233,39044,589
2020-08-12,San Diego,073,3302833,35695,33395,138,33533,608
2020-08-12,San Francisco,075,870044,8488,7194,8,7202,66
2020-08-12,San Joaquin,077,732212,16697,14154,25,14179,253
2020-08-12,San Luis Obispo,079,281455,2623,2263,11,2274,15
2020-08-12,San Mateo,081,765935,7572,6427,4,6431,117
2020-08-12,Santa Barbara,083,443738,7973,7049,53,7102,74
2020-08-12,Santa Clara,085,1922200,15573,13002,19,13021,182
2020-08-12,Santa Cruz,087,273765,1574,1382,12,1394,6
2020-08-12,Shasta,089,179085,556,417,3,420,9
2020-08-12,Sierra,091,2930,5,4,0,4,0
2020-08-12,Siskiyou,093,43540,115,90,0,90,0
2020-08-12,Solano,095,438530,4904,4258,32,4290,31
2020-08-12,Sonoma,097,501317,4796,3847,13,3860,47
2020-08-12,Stanislaus,099,539301,13648,11682,166,11848,136
2020-08-12,Sutter,101,95872,1112,987,1,988,7
2020-08-12,Tehama,103,63373,338,289,2,291,1
2020-08-12,Trinity,105,12862,21,6,5,11,0
2020-08-12,Tulare,107,460477,12964,11460,34,11494,211
2020-08-12,Tuolumne,109,53932,168,150,3,153,1
2020-08-12,Ventura,111,848112,9896,9005,40,9045,87
2020-08-12,Yolo,113,214977,2163,1921,4,1925,44
2020-08-12,Yuba,115,75493,676,549,1,550,1
2020-08-11,Alameda,001,1643700,15971,13960,120,14080,204
2020-08-11,Alpine,003,1148,3,2,0,2,0
2020-08-11,Amador,005,37829,250,187,0,187,3
2020-08-11,Butte,007,227075,1477,1296,13,1309,15
2020-08-11,Calaveras,009,45235,184,161,0,161,1
2020-08-11,Colusa,011,21464,416,390,0,390,5
2020-08-11,Contra Costa,013,1133247,12382,10012,37,10049,131
2020-08-11,Del Norte,015,27424,100,73,0,73,0
2020-08-11,El Dorado,017,186661,895,786,0,786,2
2020-08-11,Fresno,019,978130,24469,18344,222,18566,187
2020-08-11,Glenn,021,27897,412,380,0,380,1
2020-08-11,Humboldt,023,135768,320,283,1,284,4
2020-08-11,Imperial,025,180216,10789,8518,5,8523,165
2020-08-11,Inyo,027,18085,122,97,0,97,1
2020-08-11,Kern,029,883053,27532,25042,156,25198,230
2020-08-11,Kings,031,150075,5390,4696,30,4726,50
2020-08-11,Lake,033,64148,280,243,0,243,2
2020-08-11,Lassen,035,31185,701,605,2,607,0
2020-08-11,Los Angeles,037,10098052,222495,212421,811,213232,5065
2020-08-11,Madera,039,155013,3361,2673,16,2689,22
2020-08-11,Marin,041,260295,5799,5287,11,5298,44
2020-08-11,Mariposa,043,17540,68,60,0,60,2
2020-08-11,Mendocino,045,87422,479,385,0,385,9
2020-08-11,Merced,047,269075,6978,5322,2,5324,65
2020-08-11,Modoc,049,8938,7,5,0,5,0
2020-08-11,Mono,051,14174,161,124,1,125,1
2020-08-11,Monterey,053,433212,6755,5624,17,5641,36
2020-08-11,Napa,055,140530,1316,1143,1,1144,11
2020-08-11,Nevada,057,99092,393,358,12,370,1
2020-08-11,Orange,059,3164182,46924,41205,965,42170,742
2020-08-11,Placer,061,380077,2680,2393,2,2395,24
2020-08-11,Plumas,063,18699,38,31,0,31,0
2020-08-11,Riverside,065,2383286,49179,44237,37,44274,836
2020-08-11,Sacramento,067,1510023,15334,12298,7,12305,182
2020-08-11,San Benito,069,59416,843,750,0,750,2
2020-08-11,San Bernardino,071,2135413,44749,38467,226,38693,584
2020-08-11,San Diego,073,3302833,35428,33159,119,33278,602
2020-08-11,San Francisco,075,870044,8392,6988,8,6996,66
2020-08-11,San Joaquin,077,732212,16520,13997,20,14017,251
2020-08-11,San Luis Obispo,079,281455,2566,2234,11,2245,15
2020-08-11,San Mateo,081,765935,7497,6339,4,6343,117
2020-08-11,Santa Barbara,083,443738,7923,6942,53,6995,70
2020-08-11,Santa Clara,085,1922200,15352,12920,19,12939,183
2020-08-11,Santa Cruz,087,273765,1551,1352,12,1364,4
2020-08-11,Shasta,089,179085,552,416,3,419,9
2020-08-11,Sierra,091,2930,5,4,0,4,0
2020-08-11,Siskiyou,093,43540,115,90,0,90,0
2020-08-11,Solano,095,438530,4856,4206,31,4237,31
2020-08-11,Sonoma,097,501317,4702,3752,13,3765,45
2020-08-11,Stanislaus,099,539301,13544,11592,154,11746,128
2020-08-11,Sutter,101,95872,1090,964,1,965,7
2020-08-11,Tehama,103,63373,334,289,2,291,1
2020-08-11,Trinity,105,12862,21,5,5,10,0
2020-08-11,Tulare,107,460477,12839,11392,33,11425,201
2020-08-11,Tuolumne,109,53932,164,146,3,149,1
2020-08-11,Ventura,111,848112,9828,8953,39,8992,88
2020-08-11,Yolo,113,214977,2141,1912,4,1916,44
2020-08-11,Yuba,115,75493,665,540,1,541,1
2020-08-10,Alameda,001,1643700,15729,13420,119,13539,203
2020-08-10,Alpine,003,1148,3,2,0,2,0
2020-08-10,Amador,005,37829,249,172,0,172,2
2020-08-10,Butte,007,227075,1453,1174,12,1186,15
2020-08-10,Calaveras,009,45235,174,121,0,121,1
2020-08-10,Colusa,011,21464,414,387,0,387,4
2020-08-10,Contra Costa,013,1133247,12229,9454,35,9489,130
2020-08-10,Del Norte,015,27424,98,69,0,69,0
2020-08-10,El Dorado,017,186661,883,771,0,771,2
2020-08-10,Fresno,019,978130,24188,17978,221,18199,183
2020-08-10,Glenn,021,27897,409,381,0,381,1
2020-08-10,Humboldt,023,135768,314,277,1,278,4
2020-08-10,Imperial,025,180216,10745,8465,5,8470,165
2020-08-10,Inyo,027,18085,122,97,0,97,1
2020-08-10,Kern,029,883053,27306,24499,155,24654,215
2020-08-10,Kings,031,150075,5284,4588,30,4618,50
2020-08-10,Lake,033,64148,273,239,0,239,2
2020-08-10,Lassen,035,31185,701,588,2,590,0
2020-08-10,Los Angeles,037,10098052,220909,211035,793,211828,5003
2020-08-10,Madera,039,155013,3328,2365,15,2380,22
2020-08-10,Marin,041,260295,5754,5242,10,5252,44
2020-08-10,Mariposa,043,17540,68,57,0,57,2
2020-08-10,Mendocino,045,87422,455,364,0,364,1
2020-08-10,Merced,047,269075,6897,4913,2,4915,51
2020-08-10,Modoc,049,8938,7,5,0,5,0
2020-08-10,Mono,051,14174,161,123,1,124,1
2020-08-10,Monterey,053,433212,6645,5358,17,5375,34
2020-08-10,Napa,055,140530,1298,1084,1,1085,8
2020-08-10,Nevada,057,99092,385,356,12,368,1
2020-08-10,Orange,059,3164182,46656,40445,947,41392,721
2020-08-10,Placer,061,380077,2641,2298,2,2300,21
2020-08-10,Plumas,063,18699,38,27,0,27,0
2020-08-10,Riverside,065,2383286,48793,43296,36,43332,830
2020-08-10,Sacramento,067,1510023,15023,12059,7,12066,168
2020-08-10,San Benito,069,59416,830,743,0,743,2
2020-08-10,San Bernardino,071,2135413,44372,37367,216,37583,579
2020-08-10,San Diego,073,3302833,35162,32977,103,33080,594
2020-08-10,San Francisco,075,870044,8302,6816,7,6823,66
2020-08-10,San Joaquin,077,732212,16338,13308,20,13328,240
2020-08-10,San Luis Obispo,079,281455,2467,2208,11,2219,15
2020-08-10,San Mateo,081,765935,7420,6222,4,6226,117
2020-08-10,Santa Barbara,083,443738,7868,6869,53,6922,66
2020-08-10,Santa Clara,085,1922200,15092,12615,19,12634,182
2020-08-10,Santa Cruz,087,273765,1531,1239,11,1250,4
2020-08-10,Shasta,089,179085,548,384,3,387,9
2020-08-10,Sierra,091,2930,5,3,0,3,0
2020-08-10,Siskiyou,093,43540,112,88,0,88,0
2020-08-10,Solano,095,438530,4796,4101,31,4132,31
2020-08-10,Sonoma,097,501317,4533,3640,9,3649,42
2020-08-10,Stanislaus,099,539301,13362,10855,137,10992,106
2020-08-10,Sutter,101,95872,1065,865,1,866,7
2020-08-10,Tehama,103,63373,327,282,2,284,1
2020-08-10,Trinity,105,12862,19,5,5,10,0
2020-08-10,Tulare,107,460477,12666,10750,31,10781,194
2020-08-10,Tuolumne,109,53932,164,143,2,145,1
2020-08-10,Ventura,111,848112,9744,8851,38,8889,85
2020-08-10,Yolo,113,214977,2118,1840,4,1844,45
2020-08-10,Yuba,115,75493,648,527,1,528,1
2020-08-09,Alameda,001,1643700,15450,13241,117,13358,203
2020-08-09,Alpine,003,1148,3,2,0,2,0
2020-08-09,Amador,005,37829,244,153,0,153,2
2020-08-09,Butte,007,227075,1409,1155,12,1167,15
2020-08-09,Calaveras,009,45235,169,122,0,122,1
2020-08-09,Colusa,011,21464,410,371,0,371,4
2020-08-09,Contra Costa,013,1133247,12002,9214,33,9247,130
2020-08-09,Del Norte,015,27424,98,69,0,69,0
2020-08-09,El Dorado,017,186661,875,748,0,748,2
2020-08-09,Fresno,019,978130,23880,17846,217,18063,183
2020-08-09,Glenn,021,27897,407,354,0,354,1
2020-08-09,Humboldt,023,135768,308,279,1,280,4
2020-08-09,Imperial,025,180216,10701,8310,4,8314,165
2020-08-09,Inyo,027,18085,117,86,0,86,1
2020-08-09,Kern,029,883053,27050,23680,155,23835,215
2020-08-09,Kings,031,150075,5241,4446,29,4475,50
2020-08-09,Lake,033,64148,266,225,0,225,2
2020-08-09,Lassen,035,31185,695,589,2,591,0
2020-08-09,Los Angeles,037,10098052,218843,208810,770,209580,4984
2020-08-09,Madera,039,155013,3269,2322,11,2333,22
2020-08-09,Marin,041,260295,5711,5204,10,5214,44
2020-08-09,Mariposa,043,17540,66,56,0,56,2
2020-08-09,Mendocino,045,87422,445,283,0,283,1
2020-08-09,Merced,047,269075,6799,4735,1,4736,51
2020-08-09,Modoc,049,8938,7,4,0,4,0
2020-08-09,Mono,051,14174,160,113,1,114,1
2020-08-09,Monterey,053,433212,6521,5199,17,5216,34
2020-08-09,Napa,055,140530,1279,1062,1,1063,8
2020-08-09,Nevada,057,99092,377,332,12,344,1
2020-08-09,Orange,059,3164182,46357,39244,932,40176,722
2020-08-09,Placer,061,380077,2612,2211,2,2213,20
2020-08-09,Plumas,063,18699,38,27,0,27,0
2020-08-09,Riverside,065,2383286,48449,41894,35,41929,828
2020-08-09,Sacramento,067,1510023,14743,11301,7,11308,167
2020-08-09,San Benito,069,59416,811,687,0,687,2
2020-08-09,San Bernardino,071,2135413,43897,36092,216,36308,579
2020-08-09,San Diego,073,3302833,34871,32749,92,32841,594
2020-08-09,San Francisco,075,870044,8187,6820,7,6827,66
2020-08-09,San Joaquin,077,732212,16133,12933,19,12952,240
2020-08-09,San Luis Obispo,079,281455,2431,2124,11,2135,15
2020-08-09,San Mateo,081,765935,7325,6094,4,6098,117
2020-08-09,Santa Barbara,083,443738,7781,6669,53,6722,66
2020-08-09,Santa Clara,085,1922200,14822,11878,19,11897,181
2020-08-09,Santa Cruz,087,273765,1507,1246,11,1257,4
2020-08-09,Shasta,089,179085,544,361,3,364,9
2020-08-09,Sierra,091,2930,5,3,0,3,0
2020-08-09,Siskiyou,093,43540,111,74,0,74,0
2020-08-09,Solano,095,438530,4743,3954,30,3984,31
2020-08-09,Sonoma,097,501317,4397,3531,7,3538,41
2020-08-09,Stanislaus,099,539301,13154,10264,124,10388,106
2020-08-09,Sutter,101,95872,1031,857,1,858,7
2020-08-09,Tehama,103,63373,319,265,2,267,1
2020-08-09,Trinity,105,12862,19,5,5,10,0
2020-08-09,Tulare,107,460477,12474,10630,28,10658,194
2020-08-09,Tuolumne,109,53932,161,143,2,145,1
2020-08-09,Ventura,111,848112,9597,8633,37,8670,85
2020-08-09,Yolo,113,214977,2087,1765,4,1769,44
2020-08-09,Yuba,115,75493,628,442,1,443,1
2020-08-08,Alameda,001,1643700,15340,13087,117,13204,204
2020-08-08,Alpine,003,1148,3,2,0,2,0
2020-08-08,Amador,005,37829,244,139,0,139,2
2020-08-08,Butte,007,227075,1391,1140,12,1152,15
2020-08-08,Calaveras,009,45235,168,122,0,122,1
2020-08-08,Colusa,011,21464,409,368,0,368,4
2020-08-08,Contra Costa,013,1133247,11893,9104,33,9137,129
2020-08-08,Del Norte,015,27424,97,69,0,69,0
2020-08-08,El Dorado,017,186661,868,734,0,734,2
2020-08-08,Fresno,019,978130,23744,17538,215,17753,183
2020-08-08,Glenn,021,27897,407,344,0,344,1
2020-08-08,Humboldt,023,135768,305,277,1,278,4
2020-08-08,Imperial,025,180216,10686,8213,4,8217,165
2020-08-08,Inyo,027,18085,113,86,0,86,1
2020-08-08,Kern,029,883053,26936,22803,155,22958,215
2020-08-08,Kings,031,150075,5227,4367,29,4396,49
2020-08-08,Lake,033,64148,264,221,0,221,2
2020-08-08,Lassen,035,31185,695,589,2,591,0
2020-08-08,Los Angeles,037,10098052,217956,206971,759,207730,4974
2020-08-08,Madera,039,155013,3238,2275,11,2286,22
2020-08-08,Marin,041,260295,5691,5118,10,5128,44
2020-08-08,Mariposa,043,17540,65,55,0,55,2
2020-08-08,Mendocino,045,87422,443,264,0,264,1
2020-08-08,Merced,047,269075,6759,4570,1,4571,51
2020-08-08,Modoc,049,8938,7,4,0,4,0
2020-08-08,Mono,051,14174,160,113,1,114,1
2020-08-08,Monterey,053,433212,6463,5101,17,5118,33
2020-08-08,Napa,055,140530,1271,1062,1,1063,8
2020-08-08,Nevada,057,99092,375,325,12,337,1
2020-08-08,Orange,059,3164182,46230,38688,923,39611,718
2020-08-08,Placer,061,380077,2595,2153,2,2155,20
2020-08-08,Plumas,063,18699,38,27,0,27,0
2020-08-08,Riverside,065,2383286,48245,41412,35,41447,823
2020-08-08,Sacramento,067,1510023,14614,11144,7,11151,166
2020-08-08,San Benito,069,59416,803,684,0,684,2
2020-08-08,San Bernardino,071,2135413,43701,35691,215,35906,531
2020-08-08,San Diego,073,3302833,34682,32332,83,32415,593
2020-08-08,San Francisco,075,870044,8121,6820,7,6827,66
2020-08-08,San Joaquin,077,732212,16052,12559,18,12577,240
2020-08-08,San Luis Obispo,079,281455,2408,2081,11,2092,15
2020-08-08,San Mateo,081,765935,7267,6021,4,6025,117
2020-08-08,Santa Barbara,083,443738,7743,6598,53,6651,66
2020-08-08,Santa Clara,085,1922200,14670,11615,19,11634,181
2020-08-08,Santa Cruz,087,273765,1493,1247,11,1258,4
2020-08-08,Shasta,089,179085,542,343,3,346,9
2020-08-08,Sierra,091,2930,5,3,0,3,0
2020-08-08,Siskiyou,093,43540,111,73,0,73,0
2020-08-08,Solano,095,438530,4722,3889,29,3918,31
2020-08-08,Sonoma,097,501317,4365,3399,7,3406,41
2020-08-08,Stanislaus,099,539301,13079,9963,118,10081,105
2020-08-08,Sutter,101,95872,1021,830,1,831,7
2020-08-08,Tehama,103,63373,318,251,2,253,1
2020-08-08,Trinity,105,12862,19,5,5,10,0
2020-08-08,Tulare,107,460477,12398,10505,28,10533,192
2020-08-08,Tuolumne,109,53932,161,143,2,145,1
2020-08-08,Ventura,111,848112,9543,8462,36,8498,85
2020-08-08,Yolo,113,214977,2074,1725,4,1729,44
2020-08-08,Yuba,115,75493,619,430,1,431,1
2020-08-07,Alameda,001,1643700,15231,12805,117,12922,204
2020-08-07,Alpine,003,1148,3,2,0,2,0
2020-08-07,Amador,005,37829,242,125,0,125,2
2020-08-07,Butte,007,227075,1373,1092,12,1104,13
2020-08-07,Calaveras,009,45235,168,119,0,119,1
2020-08-07,Colusa,011,21464,408,358,0,358,4
2020-08-07,Contra Costa,013,1133247,11744,8810,33,8843,126
2020-08-07,Del Norte,015,27424,97,69,0,69,0
2020-08-07,El Dorado,017,186661,863,724,0,724,2
2020-08-07,Fresno,019,978130,23584,17290,215,17505,171
2020-08-07,Glenn,021,27897,406,339,0,339,1
2020-08-07,Humboldt,023,135768,301,274,1,275,4
2020-08-07,Imperial,025,180216,10661,8085,4,8089,164
2020-08-07,Inyo,027,18085,112,81,0,81,1
2020-08-07,Kern,029,883053,26810,22143,152,22295,206
2020-08-07,Kings,031,150075,5210,4315,29,4344,48
2020-08-07,Lake,033,64148,262,215,0,215,1
2020-08-07,Lassen,035,31185,694,588,2,590,0
2020-08-07,Los Angeles,037,10098052,216498,204406,747,205153,4924
2020-08-07,Madera,039,155013,3206,2245,11,2256,20
2020-08-07,Marin,041,260295,5662,5094,10,5104,43
2020-08-07,Mariposa,043,17540,65,53,0,53,2
2020-08-07,Mendocino,045,87422,429,262,0,262,1
2020-08-07,Merced,047,269075,6716,4358,1,4359,30
2020-08-07,Modoc,049,8938,7,4,0,4,0
2020-08-07,Mono,051,14174,160,112,1,113,1
2020-08-07,Monterey,053,433212,6388,5041,17,5058,33
2020-08-07,Napa,055,140530,1266,1055,1,1056,8
2020-08-07,Nevada,057,99092,372,324,12,336,1
2020-08-07,Orange,059,3164182,46018,38459,906,39365,701
2020-08-07,Placer,061,380077,2578,2078,2,2080,20
2020-08-07,Plumas,063,18699,38,25,0,25,0
2020-08-07,Riverside,065,2383286,47981,40902,34,40936,810
2020-08-07,Sacramento,067,1510023,14469,10798,7,10805,160
2020-08-07,San Benito,069,59416,797,647,0,647,2
2020-08-07,San Bernardino,071,2135413,43455,35200,214,35414,524
2020-08-07,San Diego,073,3302833,34497,31781,80,31861,586
2020-08-07,San Francisco,075,870044,8043,6765,7,6772,66
2020-08-07,San Joaquin,077,732212,15968,12392,18,12410,223
2020-08-07,San Luis Obispo,079,281455,2377,2050,11,2061,14
2020-08-07,San Mateo,081,765935,7208,5948,4,5952,117
2020-08-07,Santa Barbara,083,443738,7692,6509,53,6562,66
2020-08-07,Santa Clara,085,1922200,14471,11409,19,11428,180
2020-08-07,Santa Cruz,087,273765,1475,1234,11,1245,5
2020-08-07,Shasta,089,179085,537,342,3,345,9
2020-08-07,Sierra,091,2930,5,3,0,3,0
2020-08-07,Siskiyou,093,43540,108,73,0,73,0
2020-08-07,Solano,095,438530,4690,3844,28,3872,31
2020-08-07,Sonoma,097,501317,4301,3329,7,3336,34
2020-08-07,Stanislaus,099,539301,12958,9665,107,9772,98
2020-08-07,Sutter,101,95872,1017,807,1,808,6
2020-08-07,Tehama,103,63373,314,246,2,248,1
2020-08-07,Trinity,105,12862,18,5,5,10,0
2020-08-07,Tulare,107,460477,12321,10292,28,10320,195
2020-08-07,Tuolumne,109,53932,160,136,2,138,1
2020-08-07,Ventura,111,848112,9483,8356,34,8390,84
2020-08-07,Yolo,113,214977,2048,1689,4,1693,37
2020-08-07,Yuba,115,75493,614,413,1,414,1
2020-08-06,Alameda,001,1643700,15009,12474,116,12590,200
2020-08-06,Alpine,003,1148,3,2,0,2,0
2020-08-06,Amador,005,37829,228,125,0,125,0
2020-08-06,Butte,007,227075,1354,1060,12,1072,13
2020-08-06,Calaveras,009,45235,166,117,0,117,1
2020-08-06,Colusa,011,21464,405,358,0,358,3
2020-08-06,Contra Costa,013,1133247,11550,8583,32,8615,124
2020-08-06,Del Norte,015,27424,97,69,0,69,0
2020-08-06,El Dorado,017,186661,852,703,0,703,1
2020-08-06,Fresno,019,978130,23289,17031,207,17238,161
2020-08-06,Glenn,021,27897,401,332,0,332,1
2020-08-06,Humboldt,023,135768,296,266,1,267,4
2020-08-06,Imperial,025,180216,10618,8064,4,8068,163
2020-08-06,Inyo,027,18085,104,83,0,83,1
2020-08-06,Kern,029,883053,26574,21843,151,21994,197
2020-08-06,Kings,031,150075,5150,4264,27,4291,47
2020-08-06,Lake,033,64148,259,209,0,209,1
2020-08-06,Lassen,035,31185,692,588,2,590,0
2020-08-06,Los Angeles,037,10098052,214417,201372,730,202102,4874
2020-08-06,Madera,039,155013,3158,2240,10,2250,19
2020-08-06,Marin,041,260295,5630,5058,10,5068,43
2020-08-06,Mariposa,043,17540,64,52,0,52,2
2020-08-06,Mendocino,045,87422,415,260,0,260,1
2020-08-06,Merced,047,269075,6615,4235,1,4236,30
2020-08-06,Modoc,049,8938,7,4,0,4,0
2020-08-06,Mono,051,14174,159,111,1,112,1
2020-08-06,Monterey,053,433212,6279,5001,16,5017,33
2020-08-06,Napa,055,140530,1252,1032,1,1033,8
2020-08-06,Nevada,057,99092,367,321,12,333,1
2020-08-06,Orange,059,3164182,45726,38399,901,39300,694
2020-08-06,Placer,061,380077,2552,2045,2,2047,20
2020-08-06,Plumas,063,18699,37,25,0,25,0
2020-08-06,Riverside,065,2383286,47586,40269,34,40303,781
2020-08-06,Sacramento,067,1510023,14241,10548,7,10555,153
2020-08-06,San Benito,069,59416,789,626,0,626,2
2020-08-06,San Bernardino,071,2135413,43052,34819,211,35030,516
2020-08-06,San Diego,073,3302833,34230,31129,73,31202,583
2020-08-06,San Francisco,075,870044,7950,6737,6,6743,60
2020-08-06,San Joaquin,077,732212,15809,12269,18,12287,203
2020-08-06,San Luis Obispo,079,281455,2353,2000,10,2010,13
2020-08-06,San Mateo,081,765935,7108,5885,4,5889,117
2020-08-06,Santa Barbara,083,443738,7632,6620,53,6673,65
2020-08-06,Santa Clara,085,1922200,14242,11280,19,11299,178
2020-08-06,Santa Cruz,087,273765,1454,1215,11,1226,4
2020-08-06,Shasta,089,179085,528,343,3,346,9
2020-08-06,Sierra,091,2930,5,3,0,3,0
2020-08-06,Siskiyou,093,43540,108,73,0,73,0
2020-08-06,Solano,095,438530,4647,3784,28,3812,29
2020-08-06,Sonoma,097,501317,4237,3259,7,3266,33
2020-08-06,Stanislaus,099,539301,12809,9566,90,9656,98
2020-08-06,Sutter,101,95872,986,797,1,798,6
2020-08-06,Tehama,103,63373,311,242,2,244,1
2020-08-06,Trinity,105,12862,16,5,5,10,0
2020-08-06,Tulare,107,460477,12162,10169,28,10197,195
2020-08-06,Tuolumne,109,53932,159,136,2,138,1
2020-08-06,Ventura,111,848112,9372,8245,31,8276,80
2020-08-06,Yolo,113,214977,2024,1662,4,1666,36
2020-08-06,Yuba,115,75493,605,407,0,407,1
2020-08-05,Alameda,001,1643700,14796,12140,115,12255,193
2020-08-05,Alpine,003,1148,3,2,0,2,0
2020-08-05,Amador,005,37829,218,123,0,123,0
2020-08-05,Butte,007,227075,1320,1038,12,1050,13
2020-08-05,Calaveras,009,45235,163,116,0,116,1
2020-08-05,Colusa,011,21464,401,354,0,354,3
2020-08-05,Contra Costa,013,1133247,11386,8362,32,8394,122
2020-08-05,Del Norte,015,27424,96,69,0,69,0
2020-08-05,El Dorado,017,186661,844,692,0,692,1
2020-08-05,Fresno,019,978130,23047,16625,200,16825,159
2020-08-05,Glenn,021,27897,398,330,0,330,1
2020-08-05,Humboldt,023,135768,294,249,1,250,4
2020-08-05,Imperial,025,180216,10583,8036,4,8040,163
2020-08-05,Inyo,027,18085,102,62,0,62,1
2020-08-05,Kern,029,883053,26386,21540,146,21686,194
2020-08-05,Kings,031,150075,5105,4192,25,4217,47
2020-08-05,Lake,033,64148,252,209,0,209,1
2020-08-05,Lassen,035,31185,645,557,2,559,0
2020-08-05,Los Angeles,037,10098052,212498,198355,709,199064,4832
2020-08-05,Madera,039,155013,3116,2172,10,2182,19
2020-08-05,Marin,041,260295,5598,5036,10,5046,43
2020-08-05,Mariposa,043,17540,64,52,0,52,2
2020-08-05,Mendocino,045,87422,403,248,0,248,1
2020-08-05,Merced,047,269075,6480,4119,1,4120,30
2020-08-05,Modoc,049,8938,7,3,0,3,0
2020-08-05,Mono,051,14174,159,104,1,105,1
2020-08-05,Monterey,053,433212,6164,4936,16,4952,32
2020-08-05,Napa,055,140530,1240,1020,1,1021,8
2020-08-05,Nevada,057,99092,358,327,12,339,2
2020-08-05,Orange,059,3164182,45417,37907,894,38801,663
2020-08-05,Placer,061,380077,2511,1989,2,1991,18
2020-08-05,Plumas,063,18699,36,25,0,25,0
2020-08-05,Riverside,065,2383286,47195,39454,32,39486,761
2020-08-05,Sacramento,067,1510023,14022,10261,6,10267,151
2020-08-05,San Benito,069,59416,780,613,0,613,2
2020-08-05,San Bernardino,071,2135413,42589,34442,206,34648,504
2020-08-05,San Diego,073,3302833,34006,30866,57,30923,578
2020-08-05,San Francisco,075,870044,7857,6701,6,6707,60
2020-08-05,San Joaquin,077,732212,15646,12148,18,12166,199
2020-08-05,San Luis Obispo,079,281455,2330,1928,10,1938,13
2020-08-05,San Mateo,081,765935,7012,5695,4,5699,116
2020-08-05,Santa Barbara,083,443738,7571,6597,53,6650,63
2020-08-05,Santa Clara,085,1922200,14007,11074,19,11093,176
2020-08-05,Santa Cruz,087,273765,1434,1192,9,1201,4
2020-08-05,Shasta,089,179085,522,338,3,341,9
2020-08-05,Sierra,091,2930,5,3,0,3,0
2020-08-05,Siskiyou,093,43540,104,72,0,72,0
2020-08-05,Solano,095,438530,4596,3750,27,3777,29
2020-08-05,Sonoma,097,501317,4155,3173,7,3180,33
2020-08-05,Stanislaus,099,539301,12650,9408,85,9493,97
2020-08-05,Sutter,101,95872,975,780,1,781,6
2020-08-05,Tehama,103,63373,308,231,2,233,1
2020-08-05,Trinity,105,12862,16,5,5,10,0
2020-08-05,Tulare,107,460477,12022,9924,28,9952,192
2020-08-05,Tuolumne,109,53932,159,137,2,139,0
2020-08-05,Ventura,111,848112,9264,8162,28,8190,75
2020-08-05,Yolo,113,214977,1996,1634,4,1638,36
2020-08-05,Yuba,115,75493,588,400,0,400,1
2020-08-04,Alameda,001,1643700,14579,11983,114,12097,192
2020-08-04,Alpine,003,1148,3,2,0,2,0
2020-08-04,Amador,005,37829,203,123,0,123,0
2020-08-04,Butte,007,227075,1296,1011,12,1023,10
2020-08-04,Calaveras,009,45235,159,116,0,116,1
2020-08-04,Colusa,011,21464,396,354,0,354,3
2020-08-04,Contra Costa,013,1133247,11220,8210,32,8242,122
2020-08-04,Del Norte,015,27424,94,69,0,69,0
2020-08-04,El Dorado,017,186661,834,668,0,668,1
2020-08-04,Fresno,019,978130,22763,16272,192,16464,154
2020-08-04,Glenn,021,27897,397,325,0,325,1
2020-08-04,Humboldt,023,135768,284,241,1,242,4
2020-08-04,Imperial,025,180216,10546,7974,4,7978,163
2020-08-04,Inyo,027,18085,88,59,0,59,1
2020-08-04,Kern,029,883053,26102,21403,146,21549,190
2020-08-04,Kings,031,150075,5043,4163,25,4188,47
2020-08-04,Lake,033,64148,252,206,0,206,1
2020-08-04,Lassen,035,31185,642,556,2,558,0
2020-08-04,Los Angeles,037,10098052,210538,196014,678,196692,4764
2020-08-04,Madera,039,155013,3073,2161,5,2166,19
2020-08-04,Marin,041,260295,5567,5020,9,5029,43
2020-08-04,Mariposa,043,17540,64,51,0,51,2
2020-08-04,Mendocino,045,87422,378,248,0,248,1
2020-08-04,Merced,047,269075,6366,4085,1,4086,30
2020-08-04,Modoc,049,8938,7,3,0,3,0
2020-08-04,Mono,051,14174,158,104,0,104,1
2020-08-04,Monterey,053,433212,6050,4892,16,4908,32
2020-08-04,Napa,055,140530,1227,994,0,994,8
2020-08-04,Nevada,057,99092,357,322,12,334,2
2020-08-04,Orange,059,3164182,45043,37844,889,38733,659
2020-08-04,Placer,061,380077,2474,1964,2,1966,17
2020-08-04,Plumas,063,18699,36,25,0,25,0
2020-08-04,Riverside,065,2383286,46810,38991,31,39022,743
2020-08-04,Sacramento,067,1510023,13805,10205,6,10211,146
2020-08-04,San Benito,069,59416,764,608,0,608,2
2020-08-04,San Bernardino,071,2135413,42042,34215,200,34415,495
2020-08-04,San Diego,073,3302833,33713,30518,45,30563,568
2020-08-04,San Francisco,075,870044,7770,6568,6,6574,60
2020-08-04,San Joaquin,077,732212,15517,12087,15,12102,189
2020-08-04,San Luis Obispo,079,281455,2300,1886,10,1896,13
2020-08-04,San Mateo,081,765935,6906,5690,4,5694,116
2020-08-04,Santa Barbara,083,443738,7511,6591,53,6644,61
2020-08-04,Santa Clara,085,1922200,13707,10986,19,11005,175
2020-08-04,Santa Cruz,087,273765,1415,1202,9,1211,4
2020-08-04,Shasta,089,179085,516,335,3,338,9
2020-08-04,Sierra,091,2930,5,1,0,1,0
2020-08-04,Siskiyou,093,43540,102,71,0,71,0
2020-08-04,Solano,095,438530,4525,3690,27,3717,29
2020-08-04,Sonoma,097,501317,4088,3108,7,3115,33
2020-08-04,Stanislaus,099,539301,12481,9359,77,9436,97
2020-08-04,Sutter,101,95872,961,761,1,762,6
2020-08-04,Tehama,103,63373,301,226,2,228,1
2020-08-04,Trinity,105,12862,16,5,5,10,0
2020-08-04,Tulare,107,460477,11842,9866,28,9894,192
2020-08-04,Tuolumne,109,53932,158,127,2,129,0
2020-08-04,Ventura,111,848112,9155,8134,26,8160,75
2020-08-04,Yolo,113,214977,1970,1626,4,1630,37
2020-08-04,Yuba,115,75493,573,398,0,398,1
2020-08-03,Alameda,001,1643700,14396,11817,110,11927,189
2020-08-03,Alpine,003,1148,3,2,0,2,0
2020-08-03,Amador,005,37829,199,119,0,119,0
2020-08-03,Butte,007,227075,1250,989,11,1000,9
2020-08-03,Calaveras,009,45235,156,117,0,117,1
2020-08-03,Colusa,011,21464,392,336,0,336,2
2020-08-03,Contra Costa,013,1133247,11024,8069,28,8097,120
2020-08-03,Del Norte,015,27424,90,68,0,68,0
2020-08-03,El Dorado,017,186661,823,645,0,645,1
2020-08-03,Fresno,019,978130,22469,15945,186,16131,151
2020-08-03,Glenn,021,27897,390,316,0,316,1
2020-08-03,Humboldt,023,135768,277,234,1,235,4
2020-08-03,Imperial,025,180216,10492,7953,4,7957,161
2020-08-03,Inyo,027,18085,85,57,0,57,1
2020-08-03,Kern,029,883053,25735,21285,139,21424,176
2020-08-03,Kings,031,150075,4931,4107,25,4132,47
2020-08-03,Lake,033,64148,245,201,0,201,1
2020-08-03,Lassen,035,31185,642,555,2,557,0
2020-08-03,Los Angeles,037,10098052,208496,194103,647,194750,4706
2020-08-03,Madera,039,155013,3024,2143,4,2147,18
2020-08-03,Marin,041,260295,5520,5001,9,5010,43
2020-08-03,Mariposa,043,17540,63,52,0,52,2
2020-08-03,Mendocino,045,87422,355,248,0,248,1
2020-08-03,Merced,047,269075,6244,4028,1,4029,29
2020-08-03,Modoc,049,8938,7,2,0,2,0
2020-08-03,Mono,051,14174,158,104,0,104,1
2020-08-03,Monterey,053,433212,5899,4806,13,4819,28
2020-08-03,Napa,055,140530,1212,973,0,973,8
2020-08-03,Nevada,057,99092,352,315,12,327,2
2020-08-03,Orange,059,3164182,44648,37705,880,38585,651
2020-08-03,Placer,061,380077,2419,1947,1,1948,16
2020-08-03,Plumas,063,18699,36,25,0,25,0
2020-08-03,Riverside,065,2383286,46342,38642,31,38673,740
2020-08-03,Sacramento,067,1510023,13611,10143,6,10149,142
2020-08-03,San Benito,069,59416,752,603,0,603,2
2020-08-03,San Bernardino,071,2135413,41515,33979,194,34173,444
2020-08-03,San Diego,073,3302833,33400,30228,35,30263,565
2020-08-03,San Francisco,075,870044,7676,6319,6,6325,60
2020-08-03,San Joaquin,077,732212,15319,12007,14,12021,189
2020-08-03,San Luis Obispo,079,281455,2258,1863,7,1870,14
2020-08-03,San Mateo,081,765935,6825,5661,4,5665,115
2020-08-03,Santa Barbara,083,443738,7467,6580,53,6633,59
2020-08-03,Santa Clara,085,1922200,13431,10747,19,10766,172
2020-08-03,Santa Cruz,087,273765,1395,1154,9,1163,4
2020-08-03,Shasta,089,179085,509,322,3,325,9
2020-08-03,Sierra,091,2930,5,1,0,1,0
2020-08-03,Siskiyou,093,43540,98,67,0,67,0
2020-08-03,Solano,095,438530,4456,3610,26,3636,29
2020-08-03,Sonoma,097,501317,3989,3079,6,3085,33
2020-08-03,Stanislaus,099,539301,12274,9308,69,9377,96
2020-08-03,Sutter,101,95872,937,713,1,714,6
2020-08-03,Tehama,103,63373,293,225,2,227,1
2020-08-03,Trinity,105,12862,16,5,5,10,0
2020-08-03,Tulare,107,460477,11658,9703,28,9731,188
2020-08-03,Tuolumne,109,53932,158,123,2,125,0
2020-08-03,Ventura,111,848112,9068,8084,24,8108,74
2020-08-03,Yolo,113,214977,1935,1598,3,1601,37
2020-08-03,Yuba,115,75493,549,393,0,393,1
2020-08-02,Alameda,001,1643700,14152,11696,96,11792,188
2020-08-02,Alpine,003,1148,3,2,0,2,0
2020-08-02,Amador,005,37829,194,117,0,117,0
2020-08-02,Butte,007,227075,1215,987,11,998,9
2020-08-02,Calaveras,009,45235,153,116,0,116,1
2020-08-02,Colusa,011,21464,387,335,0,335,2
2020-08-02,Contra Costa,013,1133247,10786,7995,28,8023,118
2020-08-02,Del Norte,015,27424,89,68,0,68,0
2020-08-02,El Dorado,017,186661,813,643,0,643,1
2020-08-02,Fresno,019,978130,22194,15759,179,15938,151
2020-08-02,Glenn,021,27897,389,315,0,315,1
2020-08-02,Humboldt,023,135768,272,232,1,233,4
2020-08-02,Imperial,025,180216,10429,7919,4,7923,157
2020-08-02,Inyo,027,18085,84,45,0,45,1
2020-08-02,Kern,029,883053,25437,21162,137,21299,176
2020-08-02,Kings,031,150075,4869,3964,24,3988,47
2020-08-02,Lake,033,64148,240,201,0,201,1
2020-08-02,Lassen,035,31185,642,555,2,557,0
2020-08-02,Los Angeles,037,10098052,206400,192480,629,193109,4698
2020-08-02,Madera,039,155013,2958,2123,2,2125,18
2020-08-02,Marin,041,260295,5485,4985,9,4994,43
2020-08-02,Mariposa,043,17540,61,52,0,52,2
2020-08-02,Mendocino,045,87422,345,247,0,247,1
2020-08-02,Merced,047,269075,6103,4011,1,4012,29
2020-08-02,Modoc,049,8938,7,2,0,2,0
2020-08-02,Mono,051,14174,151,104,0,104,1
2020-08-02,Monterey,053,433212,5773,4698,13,4711,28
2020-08-02,Napa,055,140530,1197,956,0,956,8
2020-08-02,Nevada,057,99092,349,314,12,326,2
2020-08-02,Orange,059,3164182,44267,37266,869,38135,651
2020-08-02,Placer,061,380077,2380,1920,1,1921,15
2020-08-02,Plumas,063,18699,36,25,0,25,0
2020-08-02,Riverside,065,2383286,45909,38507,30,38537,735
2020-08-02,Sacramento,067,1510023,13332,10099,6,10105,142
2020-08-02,San Benito,069,59416,738,599,0,599,2
2020-08-02,San Bernardino,071,2135413,40914,33643,190,33833,443
2020-08-02,San Diego,073,3302833,33061,29885,26,29911,565
2020-08-02,San Francisco,075,870044,7558,6297,6,6303,60
2020-08-02,San Joaquin,077,732212,15033,11937,12,11949,189
2020-08-02,San Luis Obispo,079,281455,2196,1821,7,1828,14
2020-08-02,San Mateo,081,765935,6710,5618,4,5622,115
2020-08-02,Santa Barbara,083,443738,7376,6532,53,6585,59
2020-08-02,Santa Clara,085,1922200,13213,10577,19,10596,172
2020-08-02,Santa Cruz,087,273765,1375,1162,9,1171,4
2020-08-02,Shasta,089,179085,505,318,3,321,9
2020-08-02,Sierra,091,2930,4,1,0,1,0
2020-08-02,Siskiyou,093,43540,98,65,0,65,0
2020-08-02,Solano,095,438530,4397,3609,26,3635,29
2020-08-02,Sonoma,097,501317,3905,3005,6,3011,33
2020-08-02,Stanislaus,099,539301,12059,9277,63,9340,96
2020-08-02,Sutter,101,95872,902,714,1,715,6
2020-08-02,Tehama,103,63373,287,222,2,224,1
2020-08-02,Trinity,105,12862,15,5,5,10,0
2020-08-02,Tulare,107,460477,11449,9593,28,9621,188
2020-08-02,Tuolumne,109,53932,155,123,2,125,0
2020-08-02,Ventura,111,848112,8926,8014,24,8038,73
2020-08-02,Yolo,113,214977,1910,1588,3,1591,37
2020-08-02,Yuba,115,75493,529,393,0,393,1
2020-08-01,Alameda,001,1643700,14040,11590,96,11686,188
2020-08-01,Alpine,003,1148,3,2,0,2,0
2020-08-01,Amador,005,37829,190,109,0,109,0
2020-08-01,Butte,007,227075,1201,976,11,987,9
2020-08-01,Calaveras,009,45235,149,116,0,116,1
2020-08-01,Colusa,011,21464,386,327,0,327,2
2020-08-01,Contra Costa,013,1133247,10653,7867,27,7894,116
2020-08-01,Del Norte,015,27424,89,68,0,68,0
2020-08-01,El Dorado,017,186661,810,637,0,637,1
2020-08-01,Fresno,019,978130,22057,15448,179,15627,149
2020-08-01,Glenn,021,27897,388,311,0,311,1
2020-08-01,Humboldt,023,135768,271,232,1,233,4
2020-08-01,Imperial,025,180216,10393,7919,4,7923,156
2020-08-01,Inyo,027,18085,82,45,0,45,1
2020-08-01,Kern,029,883053,25277,20796,133,20929,176
2020-08-01,Kings,031,150075,4843,3948,24,3972,47
2020-08-01,Lake,033,64148,238,194,0,194,1
2020-08-01,Lassen,035,31185,641,555,2,557,0
2020-08-01,Los Angeles,037,10098052,205508,191023,601,191624,4674
2020-08-01,Madera,039,155013,2919,2103,2,2105,18
2020-08-01,Marin,041,260295,5471,4945,8,4953,43
2020-08-01,Mariposa,043,17540,61,50,0,50,2
2020-08-01,Mendocino,045,87422,338,243,0,243,1
2020-08-01,Merced,047,269075,6055,3972,1,3973,29
2020-08-01,Modoc,049,8938,7,2,0,2,0
2020-08-01,Mono,051,14174,150,104,0,104,1
2020-08-01,Monterey,053,433212,5706,4611,12,4623,28
2020-08-01,Napa,055,140530,1188,923,0,923,8
2020-08-01,Nevada,057,99092,345,305,12,317,2
2020-08-01,Orange,059,3164182,44040,36703,863,37566,648
2020-08-01,Placer,061,380077,2346,1891,1,1892,14
2020-08-01,Plumas,063,18699,35,25,0,25,0
2020-08-01,Riverside,065,2383286,45697,38216,28,38244,704
2020-08-01,Sacramento,067,1510023,13181,10044,6,10050,141
2020-08-01,San Benito,069,59416,727,579,0,579,2
2020-08-01,San Bernardino,071,2135413,40678,32947,189,33136,440
2020-08-01,San Diego,073,3302833,32844,29579,18,29597,565
2020-08-01,San Francisco,075,870044,7496,6296,6,6302,60
2020-08-01,San Joaquin,077,732212,14961,11807,11,11818,189
2020-08-01,San Luis Obispo,079,281455,2169,1798,7,1805,13
2020-08-01,San Mateo,081,765935,6656,5520,4,5524,115
2020-08-01,Santa Barbara,083,443738,7336,6465,53,6518,59
2020-08-01,Santa Clara,085,1922200,13062,10281,19,10300,171
2020-08-01,Santa Cruz,087,273765,1359,1164,9,1173,4
2020-08-01,Shasta,089,179085,500,312,3,315,9
2020-08-01,Sierra,091,2930,3,1,0,1,0
2020-08-01,Siskiyou,093,43540,98,64,0,64,0
2020-08-01,Solano,095,438530,4363,3591,25,3616,29
2020-08-01,Sonoma,097,501317,3859,2890,6,2896,29
2020-08-01,Stanislaus,099,539301,11941,9221,55,9276,96
2020-08-01,Sutter,101,95872,898,714,1,715,6
2020-08-01,Tehama,103,63373,284,220,2,222,1
2020-08-01,Trinity,105,12862,15,5,5,10,0
2020-08-01,Tulare,107,460477,11381,9520,28,9548,188
2020-08-01,Tuolumne,109,53932,155,123,2,125,0
2020-08-01,Ventura,111,848112,8880,7819,24,7843,73
2020-08-01,Yolo,113,214977,1900,1557,3,1560,37
2020-08-01,Yuba,115,75493,524,387,0,387,1
2020-07-31,Alameda,001,1643700,13909,11441,96,11537,187
2020-07-31,Alpine,003,1148,3,2,0,2,0
2020-07-31,Amador,005,37829,189,98,0,98,0
2020-07-31,Butte,007,227075,1178,925,11,936,7
2020-07-31,Calaveras,009,45235,149,112,0,112,1
2020-07-31,Colusa,011,21464,376,319,0,319,2
2020-07-31,Contra Costa,013,1133247,10505,7697,26,7723,113
2020-07-31,Del Norte,015,27424,88,68,0,68,0
2020-07-31,El Dorado,017,186661,799,616,0,616,1
2020-07-31,Fresno,019,978130,21838,15083,179,15262,133
2020-07-31,Glenn,021,27897,381,304,0,304,1
2020-07-31,Humboldt,023,135768,264,229,1,230,4
2020-07-31,Imperial,025,180216,10361,7886,4,7890,155
2020-07-31,Inyo,027,18085,72,45,0,45,1
2020-07-31,Kern,029,883053,25036,20061,128,20189,173
2020-07-31,Kings,031,150075,4815,3807,24,3831,45
2020-07-31,Lake,033,64148,237,191,0,191,1
2020-07-31,Lassen,035,31185,636,544,2,546,0
2020-07-31,Los Angeles,037,10098052,203899,188688,588,189276,4628
2020-07-31,Madera,039,155013,2872,2036,2,2038,19
2020-07-31,Marin,041,260295,5427,4885,5,4890,43
2020-07-31,Mariposa,043,17540,61,49,0,49,2
2020-07-31,Mendocino,045,87422,323,232,0,232,1
2020-07-31,Merced,047,269075,5972,3789,1,3790,30
2020-07-31,Modoc,049,8938,6,0,0,0,0
2020-07-31,Mono,051,14174,149,104,0,104,1
2020-07-31,Monterey,053,433212,5614,4493,12,4505,24
2020-07-31,Napa,055,140530,1176,897,0,897,7
2020-07-31,Nevada,057,99092,343,302,12,314,2
2020-07-31,Orange,059,3164182,43740,36196,847,37043,620
2020-07-31,Placer,061,380077,2321,1853,1,1854,14
2020-07-31,Plumas,063,18699,34,25,0,25,0
2020-07-31,Riverside,065,2383286,45307,37612,27,37639,694
2020-07-31,Sacramento,067,1510023,13003,9872,6,9878,132
2020-07-31,San Benito,069,59416,719,567,0,567,2
2020-07-31,San Bernardino,071,2135413,40349,32332,187,32519,434
2020-07-31,San Diego,073,3302833,32610,29050,10,29060,561
2020-07-31,San Francisco,075,870044,7397,6126,6,6132,60
2020-07-31,San Joaquin,077,732212,14825,11561,11,11572,177
2020-07-31,San Luis Obispo,079,281455,2099,1746,7,1753,12
2020-07-31,San Mateo,081,765935,6584,5416,4,5420,115
2020-07-31,Santa Barbara,083,443738,7269,6375,53,6428,58
2020-07-31,Santa Clara,085,1922200,12841,9863,19,9882,171
2020-07-31,Santa Cruz,087,273765,1336,1118,9,1127,4
2020-07-31,Shasta,089,179085,490,305,3,308,9
2020-07-31,Sierra,091,2930,3,1,0,1,0
2020-07-31,Siskiyou,093,43540,96,61,0,61,0
2020-07-31,Solano,095,438530,4316,3510,24,3534,29
2020-07-31,Sonoma,097,501317,3801,2745,6,2751,27
2020-07-31,Stanislaus,099,539301,11834,9061,50,9111,94
2020-07-31,Sutter,101,95872,893,714,1,715,6
2020-07-31,Tehama,103,63373,281,213,2,215,1
2020-07-31,Trinity,105,12862,15,5,5,10,0
2020-07-31,Tulare,107,460477,11260,9365,28,9393,184
2020-07-31,Tuolumne,109,53932,155,120,2,122,0
2020-07-31,Ventura,111,848112,8805,7521,24,7545,71
2020-07-31,Yolo,113,214977,1874,1522,3,1525,38
2020-07-31,Yuba,115,75493,515,369,0,369,1
2020-07-30,Alameda,001,1643700,13710,11303,53,11356,185
2020-07-30,Alpine,003,1148,3,2,0,2,0
2020-07-30,Amador,005,37829,171,97,0,97,0
2020-07-30,Butte,007,227075,1162,915,11,926,7
2020-07-30,Calaveras,009,45235,145,111,0,111,1
2020-07-30,Colusa,011,21464,373,315,0,315,2
2020-07-30,Contra Costa,013,1133247,10320,7615,25,7640,112
2020-07-30,Del Norte,015,27424,88,68,0,68,0
2020-07-30,El Dorado,017,186661,792,608,0,608,1
2020-07-30,Fresno,019,978130,21503,14793,173,14966,133
2020-07-30,Glenn,021,27897,374,297,0,297,1
2020-07-30,Humboldt,023,135768,262,228,1,229,4
2020-07-30,Imperial,025,180216,10302,7849,4,7853,151
2020-07-30,Inyo,027,18085,68,44,0,44,1
2020-07-30,Kern,029,883053,24743,19552,124,19676,171
2020-07-30,Kings,031,150075,4711,3785,24,3809,43
2020-07-30,Lake,033,64148,231,181,0,181,1
2020-07-30,Lassen,035,31185,633,544,2,546,0
2020-07-30,Los Angeles,037,10098052,201864,186177,555,186732,4564
2020-07-30,Madera,039,155013,2802,2007,2,2009,18
2020-07-30,Marin,041,260295,5385,4835,4,4839,39
2020-07-30,Mariposa,043,17540,61,49,0,49,1
2020-07-30,Mendocino,045,87422,316,232,0,232,1
2020-07-30,Merced,047,269075,5807,3695,1,3696,30
2020-07-30,Modoc,049,8938,6,0,0,0,0
2020-07-30,Mono,051,14174,148,104,0,104,1
2020-07-30,Monterey,053,433212,5502,4352,12,4364,24
2020-07-30,Napa,055,140530,1159,874,0,874,7
2020-07-30,Nevada,057,99092,338,292,12,304,2
2020-07-30,Orange,059,3164182,43326,36105,822,36927,607
2020-07-30,Placer,061,380077,2270,1821,1,1822,14
2020-07-30,Plumas,063,18699,33,25,0,25,0
2020-07-30,Riverside,065,2383286,44766,37308,27,37335,685
2020-07-30,Sacramento,067,1510023,12783,9704,6,9710,126
2020-07-30,San Benito,069,59416,706,558,0,558,2
2020-07-30,San Bernardino,071,2135413,39824,32010,187,32197,427
2020-07-30,San Diego,073,3302833,32263,28670,8,28678,558
2020-07-30,San Francisco,075,870044,7297,6107,6,6113,59
2020-07-30,San Joaquin,077,732212,14630,11435,11,11446,161
2020-07-30,San Luis Obispo,079,281455,2064,1703,7,1710,12
2020-07-30,San Mateo,081,765935,6489,5369,4,5373,115
2020-07-30,Santa Barbara,083,443738,7189,6273,53,6326,52
2020-07-30,Santa Clara,085,1922200,12603,9708,18,9726,170
2020-07-30,Santa Cruz,087,273765,1309,1087,9,1096,4
2020-07-30,Shasta,089,179085,486,306,3,309,8
2020-07-30,Sierra,091,2930,3,1,0,1,0
2020-07-30,Siskiyou,093,43540,95,60,0,60,0
2020-07-30,Solano,095,438530,4265,3463,24,3487,29
2020-07-30,Sonoma,097,501317,3729,2684,6,2690,25
2020-07-30,Stanislaus,099,539301,11621,8890,42,8932,94
2020-07-30,Sutter,101,95872,874,698,1,699,6
2020-07-30,Tehama,103,63373,278,208,2,210,1
2020-07-30,Trinity,105,12862,15,4,5,9,0
2020-07-30,Tulare,107,460477,11131,9167,28,9195,177
2020-07-30,Tuolumne,109,53932,154,119,2,121,0
2020-07-30,Ventura,111,848112,8693,7304,22,7326,69
2020-07-30,Yolo,113,214977,1853,1511,3,1514,37
2020-07-30,Yuba,115,75493,502,362,0,362,1
2020-07-29,Alameda,001,1643700,13491,11177,48,11225,180
2020-07-29,Alpine,003,1148,3,2,0,2,0
2020-07-29,Amador,005,37829,163,80,0,80,0
2020-07-29,Butte,007,227075,1136,889,9,898,7
2020-07-29,Calaveras,009,45235,139,107,0,107,1
2020-07-29,Colusa,011,21464,369,302,0,302,2
2020-07-29,Contra Costa,013,1133247,10117,7520,25,7545,108
2020-07-29,Del Norte,015,27424,88,68,0,68,0
2020-07-29,El Dorado,017,186661,782,588,0,588,1
2020-07-29,Fresno,019,978130,21212,14312,173,14485,125
2020-07-29,Glenn,021,27897,367,294,0,294,1
2020-07-29,Humboldt,023,135768,259,221,1,222,4
2020-07-29,Imperial,025,180216,10254,7825,4,7829,147
2020-07-29,Inyo,027,18085,63,44,0,44,1
2020-07-29,Kern,029,883053,24405,19073,121,19194,162
2020-07-29,Kings,031,150075,4663,3755,24,3779,43
2020-07-29,Lake,033,64148,229,179,0,179,1
2020-07-29,Lassen,035,31185,618,513,2,515,0
2020-07-29,Los Angeles,037,10098052,199828,183600,538,184138,4523
2020-07-29,Madera,039,155013,2748,1941,2,1943,18
2020-07-29,Marin,041,260295,5347,4747,4,4751,34
2020-07-29,Mariposa,043,17540,60,47,0,47,1
2020-07-29,Mendocino,045,87422,308,228,0,228,0
2020-07-29,Merced,047,269075,5667,3605,1,3606,25
2020-07-29,Modoc,049,8938,5,0,0,0,0
2020-07-29,Mono,051,14174,145,102,0,102,1
2020-07-29,Monterey,053,433212,5403,4252,12,4264,24
2020-07-29,Napa,055,140530,1131,866,0,866,7
2020-07-29,Nevada,057,99092,334,288,12,300,1
2020-07-29,Orange,059,3164182,42892,35339,810,36149,589
2020-07-29,Placer,061,380077,2238,1798,1,1799,14
2020-07-29,Plumas,063,18699,33,25,0,25,0
2020-07-29,Riverside,065,2383286,44175,36968,27,36995,678
2020-07-29,Sacramento,067,1510023,12537,9538,6,9544,122
2020-07-29,San Benito,069,59416,691,537,0,537,2
2020-07-29,San Bernardino,071,2135413,39335,31168,176,31344,417
2020-07-29,San Diego,073,3302833,31938,28289,7,28296,552
2020-07-29,San Francisco,075,870044,7203,6041,6,6047,56
2020-07-29,San Joaquin,077,732212,14382,11249,8,11257,154
2020-07-29,San Luis Obispo,079,281455,2044,1673,7,1680,11
2020-07-29,San Mateo,081,765935,6401,5305,4,5309,114
2020-07-29,Santa Barbara,083,443738,7119,6215,53,6268,31
2020-07-29,Santa Clara,085,1922200,12395,9567,18,9585,165
2020-07-29,Santa Cruz,087,273765,1285,1051,9,1060,4
2020-07-29,Shasta,089,179085,474,297,3,300,8
2020-07-29,Sierra,091,2930,2,1,0,1,0
2020-07-29,Siskiyou,093,43540,93,58,0,58,0
2020-07-29,Solano,095,438530,4211,3380,24,3404,29
2020-07-29,Sonoma,097,501317,3652,2598,6,2604,26
2020-07-29,Stanislaus,099,539301,11400,8745,36,8781,94
2020-07-29,Sutter,101,95872,846,678,1,679,6
2020-07-29,Tehama,103,63373,274,206,2,208,1
2020-07-29,Trinity,105,12862,15,4,5,9,0
2020-07-29,Tulare,107,460477,10960,9028,28,9056,156
2020-07-29,Tuolumne,109,53932,154,118,2,120,0
2020-07-29,Ventura,111,848112,8588,7161,22,7183,68
2020-07-29,Yolo,113,214977,1827,1488,3,1491,36
2020-07-29,Yuba,115,75493,486,350,0,350,1
2020-07-28,Alameda,001,1643700,13265,10875,47,10922,180
2020-07-28,Alpine,003,1148,3,2,0,2,0
2020-07-28,Amador,005,37829,153,77,0,77,0
2020-07-28,Butte,007,227075,1101,857,9,866,7
2020-07-28,Calaveras,009,45235,138,105,0,105,1
2020-07-28,Colusa,011,21464,363,290,0,290,2
2020-07-28,Contra Costa,013,1133247,9895,7426,25,7451,107
2020-07-28,Del Norte,015,27424,87,68,0,68,0
2020-07-28,El Dorado,017,186661,767,558,0,558,1
2020-07-28,Fresno,019,978130,20878,13933,167,14100,125
2020-07-28,Glenn,021,27897,365,289,0,289,1
2020-07-28,Humboldt,023,135768,258,218,1,219,4
2020-07-28,Imperial,025,180216,10218,7804,4,7808,145
2020-07-28,Inyo,027,18085,61,43,0,43,1
2020-07-28,Kern,029,883053,24042,18834,115,18949,155
2020-07-28,Kings,031,150075,4617,3721,24,3745,41
2020-07-28,Lake,033,64148,225,179,0,179,1
2020-07-28,Lassen,035,31185,612,508,2,510,0
2020-07-28,Los Angeles,037,10098052,197596,179107,516,179623,4435
2020-07-28,Madera,039,155013,2682,1889,2,1891,18
2020-07-28,Marin,041,260295,5278,4698,4,4702,23
2020-07-28,Mariposa,043,17540,58,45,0,45,1
2020-07-28,Mendocino,045,87422,297,222,0,222,0
2020-07-28,Merced,047,269075,5522,3446,1,3447,23
2020-07-28,Modoc,049,8938,4,0,0,0,0
2020-07-28,Mono,051,14174,144,102,0,102,1
2020-07-28,Monterey,053,433212,5282,4047,12,4059,22
2020-07-28,Napa,055,140530,1109,824,0,824,6
2020-07-28,Nevada,057,99092,329,278,12,290,1
2020-07-28,Orange,059,3164182,42434,34832,796,35628,582
2020-07-28,Placer,061,380077,2203,1759,1,1760,14
2020-07-28,Plumas,063,18699,33,22,0,22,0
2020-07-28,Riverside,065,2383286,43576,36458,27,36485,668
2020-07-28,Sacramento,067,1510023,12279,9429,6,9435,117
2020-07-28,San Benito,069,59416,681,503,0,503,2
2020-07-28,San Bernardino,071,2135413,38814,30493,172,30665,412
2020-07-28,San Diego,073,3302833,31588,28007,5,28012,547
2020-07-28,San Francisco,075,870044,7090,5888,6,5894,56
2020-07-28,San Joaquin,077,732212,14099,10958,6,10964,141
2020-07-28,San Luis Obispo,079,281455,2013,1636,7,1643,9
2020-07-28,San Mateo,081,765935,6327,5171,4,5175,114
2020-07-28,Santa Barbara,083,443738,7056,6110,51,6161,31
2020-07-28,Santa Clara,085,1922200,12160,9307,18,9325,165
2020-07-28,Santa Cruz,087,273765,1258,1018,9,1027,4
2020-07-28,Shasta,089,179085,462,275,3,278,8
2020-07-28,Sierra,091,2930,2,1,0,1,0
2020-07-28,Siskiyou,093,43540,89,57,0,57,0
2020-07-28,Solano,095,438530,4164,3292,23,3315,29
2020-07-28,Sonoma,097,501317,3579,2553,6,2559,20
2020-07-28,Stanislaus,099,539301,11179,8492,27,8519,92
2020-07-28,Sutter,101,95872,809,653,0,653,2
2020-07-28,Tehama,103,63373,269,199,2,201,1
2020-07-28,Trinity,105,12862,15,3,5,8,0
2020-07-28,Tulare,107,460477,10773,8787,28,8815,96
2020-07-28,Tuolumne,109,53932,153,116,2,118,0
2020-07-28,Ventura,111,848112,8462,7045,21,7066,68
2020-07-28,Yolo,113,214977,1799,1459,3,1462,36
2020-07-28,Yuba,115,75493,469,333,0,333,1
2020-07-27,Alameda,001,1643700,13038,10645,44,10689,176
2020-07-27,Alpine,003,1148,3,2,0,2,0
2020-07-27,Amador,005,37829,148,72,0,72,0
2020-07-27,Butte,007,227075,1074,843,9,852,7
2020-07-27,Calaveras,009,45235,134,103,0,103,1
2020-07-27,Colusa,011,21464,356,271,0,271,2
2020-07-27,Contra Costa,013,1133247,9673,7256,25,7281,104
2020-07-27,Del Norte,015,27424,86,67,0,67,0
2020-07-27,El Dorado,017,186661,755,548,0,548,1
2020-07-27,Fresno,019,978130,20532,13485,161,13646,117
2020-07-27,Glenn,021,27897,363,277,0,277,1
2020-07-27,Humboldt,023,135768,253,218,1,219,4
2020-07-27,Imperial,025,180216,10168,7789,4,7793,144
2020-07-27,Inyo,027,18085,61,43,0,43,1
2020-07-27,Kern,029,883053,23540,17994,109,18103,148
2020-07-27,Kings,031,150075,4368,3685,24,3709,39
2020-07-27,Lake,033,64148,221,176,0,176,1
2020-07-27,Lassen,035,31185,612,503,2,505,0
2020-07-27,Los Angeles,037,10098052,195144,176351,495,176846,4379
2020-07-27,Madera,039,155013,2617,1793,2,1795,17
2020-07-27,Marin,041,260295,5190,4669,4,4673,22
2020-07-27,Mariposa,043,17540,58,43,0,43,1
2020-07-27,Mendocino,045,87422,284,209,0,209,0
2020-07-27,Merced,047,269075,5382,3292,1,3293,23
2020-07-27,Modoc,049,8938,3,0,0,0,0
2020-07-27,Mono,051,14174,140,99,0,99,1
2020-07-27,Monterey,053,433212,5092,3960,12,3972,21
2020-07-27,Napa,055,140530,1094,769,0,769,6
2020-07-27,Nevada,057,99092,325,268,12,280,1
2020-07-27,Orange,059,3164182,41994,34649,780,35429,566
2020-07-27,Placer,061,380077,2153,1679,1,1680,12
2020-07-27,Plumas,063,18699,33,22,0,22,0
2020-07-27,Riverside,065,2383286,42899,35822,27,35849,667
2020-07-27,Sacramento,067,1510023,11987,9091,6,9097,114
2020-07-27,San Benito,069,59416,666,498,0,498,2
2020-07-27,San Bernardino,071,2135413,38223,29928,161,30089,401
2020-07-27,San Diego,073,3302833,31214,27509,4,27513,533
2020-07-27,San Francisco,075,870044,7003,5825,6,5831,55
2020-07-27,San Joaquin,077,732212,13808,10728,6,10734,129
2020-07-27,San Luis Obispo,079,281455,1968,1612,7,1619,9
2020-07-27,San Mateo,081,765935,6218,5108,4,5112,113
2020-07-27,Santa Barbara,083,443738,6975,6026,49,6075,30
2020-07-27,Santa Clara,085,1922200,11893,9157,17,9174,166
2020-07-27,Santa Cruz,087,273765,1236,984,9,993,4
2020-07-27,Shasta,089,179085,455,275,3,278,8
2020-07-27,Sierra,091,2930,2,1,0,1,0
2020-07-27,Siskiyou,093,43540,87,54,0,54,0
2020-07-27,Solano,095,438530,4097,3198,22,3220,29
2020-07-27,Sonoma,097,501317,3488,2504,6,2510,20
2020-07-27,Stanislaus,099,539301,10952,8288,19,8307,84
2020-07-27,Sutter,101,95872,783,620,0,620,2
2020-07-27,Tehama,103,63373,261,192,2,194,1
2020-07-27,Trinity,105,12862,15,3,5,8,0
2020-07-27,Tulare,107,460477,10555,8462,28,8490,172
2020-07-27,Tuolumne,109,53932,150,115,2,117,0
2020-07-27,Ventura,111,848112,8334,6998,21,7019,68
2020-07-27,Yolo,113,214977,1754,1439,3,1442,33
2020-07-27,Yuba,115,75493,449,328,0,328,1
2020-07-26,Alameda,001,1643700,12800,10489,44,10533,176
2020-07-26,Alpine,003,1148,3,2,0,2,0
2020-07-26,Amador,005,37829,142,67,0,67,0
2020-07-26,Butte,007,227075,1037,822,9,831,5
2020-07-26,Calaveras,009,45235,131,103,0,103,1
2020-07-26,Colusa,011,21464,347,270,0,270,2
2020-07-26,Contra Costa,013,1133247,9436,7095,25,7120,104
2020-07-26,Del Norte,015,27424,84,67,0,67,0
2020-07-26,El Dorado,017,186661,737,539,0,539,1
2020-07-26,Fresno,019,978130,20141,13209,153,13362,117
2020-07-26,Glenn,021,27897,355,265,0,265,1
2020-07-26,Humboldt,023,135768,247,214,1,215,4
2020-07-26,Imperial,025,180216,10095,7781,4,7785,144
2020-07-26,Inyo,027,18085,56,43,0,43,1
2020-07-26,Kern,029,883053,23016,17394,106,17500,148
2020-07-26,Kings,031,150075,4309,3591,24,3615,39
2020-07-26,Lake,033,64148,213,174,0,174,1
2020-07-26,Lassen,035,31185,571,503,2,505,0
2020-07-26,Los Angeles,037,10098052,192571,174322,476,174798,4364
2020-07-26,Madera,039,155013,2530,1744,2,1746,17
2020-07-26,Marin,041,260295,5144,4595,4,4599,22
2020-07-26,Mariposa,043,17540,56,43,0,43,1
2020-07-26,Mendocino,045,87422,275,206,0,206,0
2020-07-26,Merced,047,269075,5202,3251,1,3252,23
2020-07-26,Modoc,049,8938,3,0,0,0,0
2020-07-26,Mono,051,14174,136,82,0,82,1
2020-07-26,Monterey,053,433212,4926,3901,12,3913,21
2020-07-26,Napa,055,140530,1075,769,0,769,6
2020-07-26,Nevada,057,99092,322,261,12,273,1
2020-07-26,Orange,059,3164182,41469,34352,748,35100,564
2020-07-26,Placer,061,380077,2088,1628,1,1629,12
2020-07-26,Plumas,063,18699,33,22,0,22,0
2020-07-26,Riverside,065,2383286,42340,35636,27,35663,665
2020-07-26,Sacramento,067,1510023,11683,8972,6,8978,114
2020-07-26,San Benito,069,59416,654,495,0,495,2
2020-07-26,San Bernardino,071,2135413,37585,29545,152,29697,400
2020-07-26,San Diego,073,3302833,30819,26986,3,26989,533
2020-07-26,San Francisco,075,870044,6895,5823,6,5829,55
2020-07-26,San Joaquin,077,732212,13516,10637,6,10643,129
2020-07-26,San Luis Obispo,079,281455,1925,1565,7,1572,8
2020-07-26,San Mateo,081,765935,6112,5078,4,5082,113
2020-07-26,Santa Barbara,083,443738,6873,5939,49,5988,30
2020-07-26,Santa Clara,085,1922200,11664,8986,17,9003,166
2020-07-26,Santa Cruz,087,273765,1209,970,9,979,4
2020-07-26,Shasta,089,179085,448,265,3,268,8
2020-07-26,Sierra,091,2930,2,1,0,1,0
2020-07-26,Siskiyou,093,43540,85,54,0,54,0
2020-07-26,Solano,095,438530,4017,3197,20,3217,29
2020-07-26,Sonoma,097,501317,3399,2503,5,2508,20
2020-07-26,Stanislaus,099,539301,10692,8228,17,8245,84
2020-07-26,Sutter,101,95872,769,612,0,612,2
2020-07-26,Tehama,103,63373,254,175,2,177,1
2020-07-26,Trinity,105,12862,15,3,5,8,0
2020-07-26,Tulare,107,460477,10348,8392,28,8420,172
2020-07-26,Tuolumne,109,53932,145,113,2,115,0
2020-07-26,Ventura,111,848112,8128,6844,21,6865,67
2020-07-26,Yolo,113,214977,1723,1408,3,1411,33
2020-07-26,Yuba,115,75493,430,313,0,313,1
2020-07-25,Alameda,001,1643700,12703,10361,42,10403,176
2020-07-25,Alpine,003,1148,3,2,0,2,0
2020-07-25,Amador,005,37829,139,67,0,67,0
2020-07-25,Butte,007,227075,1028,810,9,819,5
2020-07-25,Calaveras,009,45235,127,103,0,103,1
2020-07-25,Colusa,011,21464,340,265,0,265,2
2020-07-25,Contra Costa,013,1133247,9291,6920,25,6945,104
2020-07-25,Del Norte,015,27424,84,67,0,67,0
2020-07-25,El Dorado,017,186661,726,528,0,528,1
2020-07-25,Fresno,019,978130,19955,12866,153,13019,117
2020-07-25,Glenn,021,27897,353,260,0,260,1
2020-07-25,Humboldt,023,135768,244,212,1,213,4
2020-07-25,Imperial,025,180216,10069,7727,4,7731,144
2020-07-25,Inyo,027,18085,55,43,0,43,1
2020-07-25,Kern,029,883053,22798,16910,105,17015,148
2020-07-25,Kings,031,150075,4292,3516,24,3540,39
2020-07-25,Lake,033,64148,211,173,0,173,1
2020-07-25,Lassen,035,31185,571,503,2,505,0
2020-07-25,Los Angeles,037,10098052,191441,172611,468,173079,4357
2020-07-25,Madera,039,155013,2498,1724,2,1726,17
2020-07-25,Marin,041,260295,5128,4562,4,4566,22
2020-07-25,Mariposa,043,17540,55,43,0,43,1
2020-07-25,Mendocino,045,87422,269,190,0,190,0
2020-07-25,Merced,047,269075,5123,3176,1,3177,23
2020-07-25,Modoc,049,8938,3,0,0,0,0
2020-07-25,Mono,051,14174,136,82,0,82,1
2020-07-25,Monterey,053,433212,4849,3805,12,3817,21
2020-07-25,Napa,055,140530,1062,746,0,746,6
2020-07-25,Nevada,057,99092,320,257,12,269,1
2020-07-25,Orange,059,3164182,41249,33978,726,34704,561
2020-07-25,Placer,061,380077,2072,1596,1,1597,12
2020-07-25,Plumas,063,18699,33,22,0,22,0
2020-07-25,Riverside,065,2383286,42072,34921,27,34948,655
2020-07-25,Sacramento,067,1510023,11537,8674,6,8680,113
2020-07-25,San Benito,069,59416,638,492,0,492,2
2020-07-25,San Bernardino,071,2135413,37306,29265,149,29414,394
2020-07-25,San Diego,073,3302833,30558,26703,3,26706,533
2020-07-25,San Francisco,075,870044,6837,5644,6,5650,55
2020-07-25,San Joaquin,077,732212,13390,10347,6,10353,129
2020-07-25,San Luis Obispo,079,281455,1905,1530,6,1536,8
2020-07-25,San Mateo,081,765935,6049,5023,4,5027,113
2020-07-25,Santa Barbara,083,443738,6838,5880,49,5929,30
2020-07-25,Santa Clara,085,1922200,11530,8767,17,8784,166
2020-07-25,Santa Cruz,087,273765,1192,939,9,948,4
2020-07-25,Shasta,089,179085,443,263,1,264,8
2020-07-25,Sierra,091,2930,2,1,0,1,0
2020-07-25,Siskiyou,093,43540,83,54,0,54,0
2020-07-25,Solano,095,438530,3977,3107,18,3125,29
2020-07-25,Sonoma,097,501317,3360,2412,5,2417,20
2020-07-25,Stanislaus,099,539301,10589,7994,14,8008,84
2020-07-25,Sutter,101,95872,750,603,0,603,2
2020-07-25,Tehama,103,63373,253,169,2,171,1
2020-07-25,Trinity,105,12862,15,3,5,8,0
2020-07-25,Tulare,107,460477,10248,8310,28,8338,172
2020-07-25,Tuolumne,109,53932,144,99,2,101,0
2020-07-25,Ventura,111,848112,8055,6662,21,6683,62
2020-07-25,Yolo,113,214977,1708,1357,3,1360,35
2020-07-25,Yuba,115,75493,424,312,0,312,1
2020-07-24,Alameda,001,1643700,12561,10216,39,10255,176
2020-07-24,Alpine,003,1148,3,2,0,2,0
2020-07-24,Amador,005,37829,137,66,0,66,0
2020-07-24,Butte,007,227075,1016,751,9,760,5
2020-07-24,Calaveras,009,45235,123,102,0,102,0
2020-07-24,Colusa,011,21464,337,255,0,255,2
2020-07-24,Contra Costa,013,1133247,9145,6814,25,6839,100
2020-07-24,Del Norte,015,27424,84,66,0,66,0
2020-07-24,El Dorado,017,186661,704,516,0,516,1
2020-07-24,Fresno,019,978130,19729,12564,153,12717,115
2020-07-24,Glenn,021,27897,350,251,0,251,1
2020-07-24,Humboldt,023,135768,241,210,1,211,4
2020-07-24,Imperial,025,180216,10047,7686,4,7690,141
2020-07-24,Inyo,027,18085,55,41,0,41,1
2020-07-24,Kern,029,883053,22557,16124,105,16229,143
2020-07-24,Kings,031,150075,4263,3471,24,3495,39
2020-07-24,Lake,033,64148,209,167,0,167,1
2020-07-24,Lassen,035,31185,571,503,2,505,0
2020-07-24,Los Angeles,037,10098052,189422,169078,455,169533,4302
2020-07-24,Madera,039,155013,2465,1679,2,1681,16
2020-07-24,Marin,041,260295,5101,4517,4,4521,22
2020-07-24,Mariposa,043,17540,55,41,0,41,1
2020-07-24,Mendocino,045,87422,262,188,0,188,0
2020-07-24,Merced,047,269075,5038,3100,1,3101,23
2020-07-24,Modoc,049,8938,3,0,0,0,0
2020-07-24,Mono,051,14174,135,82,0,82,1
2020-07-24,Monterey,053,433212,4777,3748,12,3760,21
2020-07-24,Napa,055,140530,1049,741,0,741,6
2020-07-24,Nevada,057,99092,317,255,12,267,1
2020-07-24,Orange,059,3164182,40962,33530,709,34239,557
2020-07-24,Placer,061,380077,2041,1551,1,1552,12
2020-07-24,Plumas,063,18699,33,22,0,22,0
2020-07-24,Riverside,065,2383286,41649,34513,26,34539,631
2020-07-24,Sacramento,067,1510023,11349,8570,6,8576,110
2020-07-24,San Benito,069,59416,631,485,0,485,2
2020-07-24,San Bernardino,071,2135413,36934,28990,143,29133,386
2020-07-24,San Diego,073,3302833,30258,26100,3,26103,524
2020-07-24,San Francisco,075,870044,6743,5611,6,5617,55
2020-07-24,San Joaquin,077,732212,13242,10190,6,10196,118
2020-07-24,San Luis Obispo,079,281455,1881,1476,6,1482,8
2020-07-24,San Mateo,081,765935,5986,4954,4,4958,112
2020-07-24,Santa Barbara,083,443738,6784,5776,47,5823,30
2020-07-24,Santa Clara,085,1922200,11366,8658,17,8675,165
2020-07-24,Santa Cruz,087,273765,1172,930,9,939,4
2020-07-24,Shasta,089,179085,435,262,1,263,8
2020-07-24,Sierra,091,2930,2,1,0,1,0
2020-07-24,Siskiyou,093,43540,83,53,0,53,0
2020-07-24,Solano,095,438530,3941,3062,15,3077,29
2020-07-24,Sonoma,097,501317,3307,2345,5,2350,20
2020-07-24,Stanislaus,099,539301,10417,7861,11,7872,82
2020-07-24,Sutter,101,95872,739,593,0,593,2
2020-07-24,Tehama,103,63373,245,170,2,172,1
2020-07-24,Trinity,105,12862,14,3,5,8,0
2020-07-24,Tulare,107,460477,10154,8167,26,8193,167
2020-07-24,Tuolumne,109,53932,138,99,2,101,0
2020-07-24,Ventura,111,848112,7970,6553,21,6574,60
2020-07-24,Yolo,113,214977,1694,1329,3,1332,35
2020-07-24,Yuba,115,75493,409,307,0,307,1
2020-07-23,Alameda,001,1643700,12322,9924,39,9963,171
2020-07-23,Alpine,003,1148,3,2,0,2,0
2020-07-23,Amador,005,37829,120,61,0,61,0
2020-07-23,Butte,007,227075,1001,726,9,735,5
2020-07-23,Calaveras,009,45235,116,102,0,102,0
2020-07-23,Colusa,011,21464,329,242,0,242,2
2020-07-23,Contra Costa,013,1133247,8944,6619,23,6642,98
2020-07-23,Del Norte,015,27424,84,66,0,66,0
2020-07-23,El Dorado,017,186661,693,491,0,491,1
2020-07-23,Fresno,019,978130,19373,12164,150,12314,112
2020-07-23,Glenn,021,27897,345,246,0,246,1
2020-07-23,Humboldt,023,135768,240,208,1,209,4
2020-07-23,Imperial,025,180216,9997,7604,4,7608,138
2020-07-23,Inyo,027,18085,53,38,0,38,1
2020-07-23,Kern,029,883053,22150,14491,101,14592,128
2020-07-23,Kings,031,150075,4155,3371,24,3395,39
2020-07-23,Lake,033,64148,200,160,0,160,1
2020-07-23,Lassen,035,31185,568,503,2,505,0
2020-07-23,Los Angeles,037,10098052,186874,167198,428,167626,4265
2020-07-23,Madera,039,155013,2399,1659,2,1661,13
2020-07-23,Marin,041,260295,5049,4423,4,4427,22
2020-07-23,Mariposa,043,17540,55,40,0,40,1
2020-07-23,Mendocino,045,87422,252,178,0,178,0
2020-07-23,Merced,047,269075,4882,2972,1,2973,22
2020-07-23,Modoc,049,8938,3,0,0,0,0
2020-07-23,Mono,051,14174,131,82,0,82,1
2020-07-23,Monterey,053,433212,4660,3655,12,3667,21
2020-07-23,Napa,055,140530,1025,713,0,713,5
2020-07-23,Nevada,057,99092,314,247,12,259,1
2020-07-23,Orange,059,3164182,40466,32863,678,33541,544
2020-07-23,Placer,061,380077,1998,1519,1,1520,12
2020-07-23,Plumas,063,18699,32,21,0,21,0
2020-07-23,Riverside,065,2383286,41044,33833,26,33859,630
2020-07-23,Sacramento,067,1510023,11119,8222,6,8228,108
2020-07-23,San Benito,069,59416,616,478,0,478,2
2020-07-23,San Bernardino,071,2135413,36415,28121,137,28258,369
2020-07-23,San Diego,073,3302833,29884,25109,3,25112,505
2020-07-23,San Francisco,075,870044,6641,5543,6,5549,55
2020-07-23,San Joaquin,077,732212,13023,9861,6,9867,111
2020-07-23,San Luis Obispo,079,281455,1854,1438,6,1444,7
2020-07-23,San Mateo,081,765935,5881,4895,4,4899,113
2020-07-23,Santa Barbara,083,443738,6710,5628,47,5675,30
2020-07-23,Santa Clara,085,1922200,11148,8458,17,8475,165
2020-07-23,Santa Cruz,087,273765,1136,887,9,896,3
2020-07-23,Shasta,089,179085,424,254,1,255,9
2020-07-23,Sierra,091,2930,2,1,0,1,0
2020-07-23,Siskiyou,093,43540,81,53,0,53,0
2020-07-23,Solano,095,438530,3877,2962,13,2975,29
2020-07-23,Sonoma,097,501317,3231,2289,5,2294,18
2020-07-23,Stanislaus,099,539301,10175,7603,11,7614,71
2020-07-23,Sutter,101,95872,706,570,0,570,2
2020-07-23,Tehama,103,63373,239,158,2,160,1
2020-07-23,Trinity,105,12862,13,3,5,8,0
2020-07-23,Tulare,107,460477,9965,7898,26,7924,168
2020-07-23,Tuolumne,109,53932,138,93,2,95,0
2020-07-23,Ventura,111,848112,7846,6303,21,6324,56
2020-07-23,Yolo,113,214977,1676,1279,3,1282,35
2020-07-23,Yuba,115,75493,389,297,0,297,1
2020-07-22,Alameda,001,1643700,12103,9678,38,9716,169
2020-07-22,Alpine,003,1148,3,2,0,2,0
2020-07-22,Amador,005,37829,118,58,0,58,0
2020-07-22,Butte,007,227075,966,694,8,702,5
2020-07-22,Calaveras,009,45235,116,98,0,98,0
2020-07-22,Colusa,011,21464,322,236,0,236,0
2020-07-22,Contra Costa,013,1133247,8718,6401,23,6424,98
2020-07-22,Del Norte,015,27424,84,66,0,66,0
2020-07-22,El Dorado,017,186661,680,466,0,466,1
2020-07-22,Fresno,019,978130,19013,11756,144,11900,110
2020-07-22,Glenn,021,27897,339,236,0,236,1
2020-07-22,Humboldt,023,135768,238,201,1,202,4
2020-07-22,Imperial,025,180216,9938,7533,4,7537,134
2020-07-22,Inyo,027,18085,49,38,0,38,1
2020-07-22,Kern,029,883053,21717,13513,94,13607,127
2020-07-22,Kings,031,150075,4101,3271,24,3295,38
2020-07-22,Lake,033,64148,197,160,0,160,1
2020-07-22,Lassen,035,31185,565,500,2,502,0
2020-07-22,Los Angeles,037,10098052,184215,165242,405,165647,4218
2020-07-22,Madera,039,155013,2324,1578,2,1580,10
2020-07-22,Marin,041,260295,4993,4373,4,4377,23
2020-07-22,Mariposa,043,17540,55,38,0,38,1
2020-07-22,Mendocino,045,87422,245,166,0,166,0
2020-07-22,Merced,047,269075,4755,2828,1,2829,15
2020-07-22,Modoc,049,8938,3,0,0,0,0
2020-07-22,Mono,051,14174,128,82,0,82,1
2020-07-22,Monterey,053,433212,4559,3533,12,3545,20
2020-07-22,Napa,055,140530,1003,687,0,687,5
2020-07-22,Nevada,057,99092,308,239,11,250,1
2020-07-22,Orange,059,3164182,39967,32047,669,32716,522
2020-07-22,Placer,061,380077,1942,1469,1,1470,12
2020-07-22,Plumas,063,18699,31,20,0,20,0
2020-07-22,Riverside,065,2383286,40410,33093,26,33119,612
2020-07-22,Sacramento,067,1510023,10855,8028,5,8033,106
2020-07-22,San Benito,069,59416,602,465,0,465,2
2020-07-22,San Bernardino,071,2135413,35895,26820,126,26946,348
2020-07-22,San Diego,073,3302833,29496,25109,2,25111,505
2020-07-22,San Francisco,075,870044,6537,5473,5,5478,53
2020-07-22,San Joaquin,077,732212,12747,9628,6,9634,102
2020-07-22,San Luis Obispo,079,281455,1809,1373,6,1379,7
2020-07-22,San Mateo,081,765935,5792,4796,4,4800,112
2020-07-22,Santa Barbara,083,443738,6623,5508,45,5553,29
2020-07-22,Santa Clara,085,1922200,10903,8266,17,8283,166
2020-07-22,Santa Cruz,087,273765,1113,866,9,875,3
2020-07-22,Shasta,089,179085,414,246,1,247,9
2020-07-22,Sierra,091,2930,1,1,0,1,0
2020-07-22,Siskiyou,093,43540,80,52,0,52,0
2020-07-22,Solano,095,438530,3816,2839,12,2851,29
2020-07-22,Sonoma,097,501317,3154,2255,5,2260,17
2020-07-22,Stanislaus,099,539301,10004,7401,11,7412,71
2020-07-22,Sutter,101,95872,682,551,0,551,2
2020-07-22,Tehama,103,63373,231,155,2,157,1
2020-07-22,Trinity,105,12862,13,3,5,8,0
2020-07-22,Tulare,107,460477,9732,7640,26,7666,167
2020-07-22,Tuolumne,109,53932,134,91,2,93,0
2020-07-22,Ventura,111,848112,7719,6223,19,6242,56
2020-07-22,Yolo,113,214977,1633,1233,3,1236,34
2020-07-22,Yuba,115,75493,374,288,0,288,1
2020-07-21,Alameda,001,1643700,11889,9390,38,9428,166
2020-07-21,Alpine,003,1148,3,2,0,2,0
2020-07-21,Amador,005,37829,113,55,0,55,0
2020-07-21,Butte,007,227075,921,659,7,666,5
2020-07-21,Calaveras,009,45235,110,96,0,96,0
2020-07-21,Colusa,011,21464,298,227,0,227,0
2020-07-21,Contra Costa,013,1133247,8477,6210,23,6233,98
2020-07-21,Del Norte,015,27424,84,66,0,66,0
2020-07-21,El Dorado,017,186661,672,440,0,440,1
2020-07-21,Fresno,019,978130,18614,11412,138,11550,107
2020-07-21,Glenn,021,27897,332,229,0,229,1
2020-07-21,Humboldt,023,135768,236,198,1,199,4
2020-07-21,Imperial,025,180216,9889,7458,4,7462,128
2020-07-21,Inyo,027,18085,48,38,0,38,1
2020-07-21,Kern,029,883053,21295,11998,88,12086,119
2020-07-21,Kings,031,150075,4037,3187,24,3211,38
2020-07-21,Lake,033,64148,197,157,0,157,1
2020-07-21,Lassen,035,31185,563,474,2,476,0
2020-07-21,Los Angeles,037,10098052,181214,162205,383,162588,4159
2020-07-21,Madera,039,155013,2259,1508,2,1510,10
2020-07-21,Marin,041,260295,4921,4318,4,4322,21
2020-07-21,Mariposa,043,17540,54,37,0,37,1
2020-07-21,Mendocino,045,87422,234,160,0,160,0
2020-07-21,Merced,047,269075,4576,2725,1,2726,15
2020-07-21,Modoc,049,8938,3,0,0,0,0
2020-07-21,Mono,051,14174,124,79,0,79,1
2020-07-21,Monterey,053,433212,4427,3404,11,3415,20
2020-07-21,Napa,055,140530,976,660,0,660,5
2020-07-21,Nevada,057,99092,306,228,9,237,1
2020-07-21,Orange,059,3164182,39471,31356,635,31991,515
2020-07-21,Placer,061,380077,1901,1413,1,1414,11
2020-07-21,Plumas,063,18699,31,19,0,19,0
2020-07-21,Riverside,065,2383286,39709,32231,26,32257,583
2020-07-21,Sacramento,067,1510023,10583,7789,4,7793,102
2020-07-21,San Benito,069,59416,591,444,0,444,2
2020-07-21,San Bernardino,071,2135413,35247,25323,118,25441,343
2020-07-21,San Diego,073,3302833,29047,24522,2,24524,487
2020-07-21,San Francisco,075,870044,6428,5377,5,5382,53
2020-07-21,San Joaquin,077,732212,12422,9150,6,9156,99
2020-07-21,San Luis Obispo,079,281455,1761,1338,6,1344,7
2020-07-21,San Mateo,081,765935,5700,4733,4,4737,111
2020-07-21,Santa Barbara,083,443738,6541,5422,44,5466,29
2020-07-21,Santa Clara,085,1922200,10640,7989,17,8006,164
2020-07-21,Santa Cruz,087,273765,1080,835,9,844,3
2020-07-21,Shasta,089,179085,406,241,1,242,9
2020-07-21,Sierra,091,2930,1,1,0,1,0
2020-07-21,Siskiyou,093,43540,80,48,0,48,0
2020-07-21,Solano,095,438530,3743,2727,12,2739,27
2020-07-21,Sonoma,097,501317,3097,2200,5,2205,17
2020-07-21,Stanislaus,099,539301,9741,6984,11,6995,69
2020-07-21,Sutter,101,95872,666,533,0,533,2
2020-07-21,Tehama,103,63373,221,150,2,152,1
2020-07-21,Trinity,105,12862,13,2,5,7,0
2020-07-21,Tulare,107,460477,9530,7447,26,7473,167
2020-07-21,Tuolumne,109,53932,132,75,2,77,0
2020-07-21,Ventura,111,848112,7587,6131,19,6150,55
2020-07-21,Yolo,113,214977,1580,1204,3,1207,34
2020-07-21,Yuba,115,75493,368,269,0,269,1
2020-07-20,Alameda,001,1643700,11634,9244,37,9281,162
2020-07-20,Alpine,003,1148,3,2,0,2,0
2020-07-20,Amador,005,37829,110,53,0,53,0
2020-07-20,Butte,007,227075,883,586,7,593,4
2020-07-20,Calaveras,009,45235,107,90,0,90,0
2020-07-20,Colusa,011,21464,287,217,0,217,0
2020-07-20,Contra Costa,013,1133247,8269,5823,23,5846,97
2020-07-20,Del Norte,015,27424,84,61,0,61,0
2020-07-20,El Dorado,017,186661,649,407,0,407,0
2020-07-20,Fresno,019,978130,18173,10891,137,11028,106
2020-07-20,Glenn,021,27897,324,225,0,225,1
2020-07-20,Humboldt,023,135768,229,194,1,195,4
2020-07-20,Imperial,025,180216,9849,7337,4,7341,124
2020-07-20,Inyo,027,18085,46,38,0,38,1
2020-07-20,Kern,029,883053,20785,10908,84,10992,118
2020-07-20,Kings,031,150075,3988,3093,24,3117,37
2020-07-20,Lake,033,64148,194,147,0,147,1
2020-07-20,Lassen,035,31185,561,474,2,476,0
2020-07-20,Los Angeles,037,10098052,178244,159202,355,159557,4108
2020-07-20,Madera,039,155013,2184,1433,2,1435,10
2020-07-20,Marin,041,260295,4840,4255,4,4259,21
2020-07-20,Mariposa,043,17540,53,36,0,36,1
2020-07-20,Mendocino,045,87422,221,153,0,153,0
2020-07-20,Merced,047,269075,4406,2584,1,2585,15
2020-07-20,Modoc,049,8938,3,0,0,0,0
2020-07-20,Mono,051,14174,118,78,0,78,1
2020-07-20,Monterey,053,433212,4321,3205,11,3216,19
2020-07-20,Napa,055,140530,939,632,0,632,5
2020-07-20,Nevada,057,99092,298,218,9,227,1
2020-07-20,Orange,059,3164182,38864,30337,604,30941,507
2020-07-20,Placer,061,380077,1849,1364,1,1365,11
2020-07-20,Plumas,063,18699,30,17,0,17,0
2020-07-20,Riverside,065,2383286,38881,31163,26,31189,581
2020-07-20,Sacramento,067,1510023,10255,7369,4,7373,99
2020-07-20,San Benito,069,59416,573,433,0,433,2
2020-07-20,San Bernardino,071,2135413,34437,24226,114,24340,338
2020-07-20,San Diego,073,3302833,28605,24137,2,24139,478
2020-07-20,San Francisco,075,870044,6307,5090,5,5095,53
2020-07-20,San Joaquin,077,732212,12065,8583,6,8589,97
2020-07-20,San Luis Obispo,079,281455,1721,1282,6,1288,6
2020-07-20,San Mateo,081,765935,5599,4609,4,4613,111
2020-07-20,Santa Barbara,083,443738,6416,5266,42,5308,29
2020-07-20,Santa Clara,085,1922200,10412,7711,16,7727,164
2020-07-20,Santa Cruz,087,273765,1048,758,9,767,3
2020-07-20,Shasta,089,179085,391,233,1,234,9
2020-07-20,Sierra,091,2930,1,1,0,1,0
2020-07-20,Siskiyou,093,43540,76,42,0,42,0
2020-07-20,Solano,095,438530,3660,2537,12,2549,26
2020-07-20,Sonoma,097,501317,2990,2148,5,2153,17
2020-07-20,Stanislaus,099,539301,9458,6835,11,6846,58
2020-07-20,Sutter,101,95872,633,507,0,507,2
2020-07-20,Tehama,103,63373,211,146,2,148,1
2020-07-20,Trinity,105,12862,13,2,5,7,0
2020-07-20,Tulare,107,460477,9296,6974,26,7000,166
2020-07-20,Tuolumne,109,53932,131,75,2,77,0
2020-07-20,Ventura,111,848112,7454,5912,19,5931,52
2020-07-20,Yolo,113,214977,1540,1155,3,1158,30
2020-07-20,Yuba,115,75493,348,258,0,258,1
2020-07-19,Alameda,001,1643700,11396,9227,31,9258,162
2020-07-19,Alpine,003,1148,3,2,0,2,0
2020-07-19,Amador,005,37829,103,51,0,51,0
2020-07-19,Butte,007,227075,858,555,7,562,4
2020-07-19,Calaveras,009,45235,105,89,0,89,0
2020-07-19,Colusa,011,21464,279,187,0,187,0
2020-07-19,Contra Costa,013,1133247,7978,5691,21,5712,95
2020-07-19,Del Norte,015,27424,83,61,0,61,0
2020-07-19,El Dorado,017,186661,631,385,0,385,0
2020-07-19,Fresno,019,978130,17652,10639,125,10764,106
2020-07-19,Glenn,021,27897,310,215,0,215,0
2020-07-19,Humboldt,023,135768,221,195,1,196,4
2020-07-19,Imperial,025,180216,9758,7280,4,7284,124
2020-07-19,Inyo,027,18085,42,38,0,38,1
2020-07-19,Kern,029,883053,20168,10094,77,10171,115
2020-07-19,Kings,031,150075,3902,3035,24,3059,37
2020-07-19,Lake,033,64148,189,144,0,144,1
2020-07-19,Lassen,035,31185,542,474,2,476,0
2020-07-19,Los Angeles,037,10098052,174800,156039,332,156371,4100
2020-07-19,Madera,039,155013,2107,1301,2,1303,10
2020-07-19,Marin,041,260295,4785,4172,4,4176,21
2020-07-19,Mariposa,043,17540,49,35,0,35,1
2020-07-19,Mendocino,045,87422,216,137,0,137,0
2020-07-19,Merced,047,269075,4199,2460,1,2461,15
2020-07-19,Modoc,049,8938,3,0,0,0,0
2020-07-19,Mono,051,14174,107,63,0,63,1
2020-07-19,Monterey,053,433212,4201,3079,11,3090,18
2020-07-19,Napa,055,140530,910,612,0,612,5
2020-07-19,Nevada,057,99092,292,210,9,219,1
2020-07-19,Orange,059,3164182,38301,29941,591,30532,505
2020-07-19,Placer,061,380077,1801,1246,1,1247,11
2020-07-19,Plumas,063,18699,30,17,0,17,0
2020-07-19,Riverside,065,2383286,38176,30340,26,30366,581
2020-07-19,Sacramento,067,1510023,9863,6985,4,6989,97
2020-07-19,San Benito,069,59416,557,412,0,412,2
2020-07-19,San Bernardino,071,2135413,33666,23928,104,24032,337
2020-07-19,San Diego,073,3302833,28105,23684,2,23686,478
2020-07-19,San Francisco,075,870044,6160,5094,5,5099,52
2020-07-19,San Joaquin,077,732212,11660,8308,6,8314,93
2020-07-19,San Luis Obispo,079,281455,1677,1262,5,1267,6
2020-07-19,San Mateo,081,765935,5492,4522,4,4526,110
2020-07-19,Santa Barbara,083,443738,6311,5145,39,5184,29
2020-07-19,Santa Clara,085,1922200,10168,7403,16,7419,164
2020-07-19,Santa Cruz,087,273765,1004,753,9,762,3
2020-07-19,Shasta,089,179085,378,218,1,219,9
2020-07-19,Sierra,091,2930,1,1,0,1,0
2020-07-19,Siskiyou,093,43540,74,42,0,42,0
2020-07-19,Solano,095,438530,3555,2551,12,2563,26
2020-07-19,Sonoma,097,501317,2889,2074,5,2079,17
2020-07-19,Stanislaus,099,539301,9162,6508,11,6519,58
2020-07-19,Sutter,101,95872,602,480,0,480,2
2020-07-19,Tehama,103,63373,207,138,2,140,1
2020-07-19,Trinity,105,12862,13,2,5,7,0
2020-07-19,Tulare,107,460477,9047,6856,26,6882,166
2020-07-19,Tuolumne,109,53932,126,75,2,77,0
2020-07-19,Ventura,111,848112,7264,5706,19,5725,52
2020-07-19,Yolo,113,214977,1501,1127,3,1130,30
2020-07-19,Yuba,115,75493,328,240,0,240,1
2020-07-18,Alameda,001,1643700,11260,9089,29,9118,162
2020-07-18,Alpine,003,1148,3,2,0,2,0
2020-07-18,Amador,005,37829,99,49,0,49,0
2020-07-18,Butte,007,227075,849,551,7,558,4
2020-07-18,Calaveras,009,45235,101,89,0,89,0
2020-07-18,Colusa,011,21464,274,182,0,182,0
2020-07-18,Contra Costa,013,1133247,7843,5617,21,5638,95
2020-07-18,Del Norte,015,27424,83,61,0,61,0
2020-07-18,El Dorado,017,186661,628,385,0,385,0
2020-07-18,Fresno,019,978130,17403,10381,123,10504,106
2020-07-18,Glenn,021,27897,304,212,0,212,0
2020-07-18,Humboldt,023,135768,218,189,1,190,4
2020-07-18,Imperial,025,180216,9727,7268,4,7272,124
2020-07-18,Inyo,027,18085,42,38,0,38,1
2020-07-18,Kern,029,883053,19865,9250,74,9324,114
2020-07-18,Kings,031,150075,3863,2996,23,3019,37
2020-07-18,Lake,033,64148,186,142,0,142,1
2020-07-18,Lassen,035,31185,541,474,2,476,0
2020-07-18,Los Angeles,037,10098052,173353,153265,318,153583,4088
2020-07-18,Madera,039,155013,2061,1260,2,1262,9
2020-07-18,Marin,041,260295,4756,4089,4,4093,21
2020-07-18,Mariposa,043,17540,49,35,0,35,1
2020-07-18,Mendocino,045,87422,209,137,0,137,0
2020-07-18,Merced,047,269075,4080,2424,1,2425,15
2020-07-18,Modoc,049,8938,3,0,0,0,0
2020-07-18,Mono,051,14174,105,54,0,54,1
2020-07-18,Monterey,053,433212,4134,3020,11,3031,17
2020-07-18,Napa,055,140530,899,609,0,609,5
2020-07-18,Nevada,057,99092,288,204,8,212,1
2020-07-18,Orange,059,3164182,37982,29603,569,30172,493
2020-07-18,Placer,061,380077,1778,1233,1,1234,11
2020-07-18,Plumas,063,18699,30,17,0,17,0
2020-07-18,Riverside,065,2383286,37824,30245,25,30270,581
2020-07-18,Sacramento,067,1510023,9618,6739,4,6743,95
2020-07-18,San Benito,069,59416,542,407,0,407,2
2020-07-18,San Bernardino,071,2135413,33207,23680,98,23778,336
2020-07-18,San Diego,073,3302833,27802,23116,2,23118,478
2020-07-18,San Francisco,075,870044,6058,5051,5,5056,52
2020-07-18,San Joaquin,077,732212,11448,8118,6,8124,93
2020-07-18,San Luis Obispo,079,281455,1644,1234,5,1239,6
2020-07-18,San Mateo,081,765935,5432,4488,4,4492,110
2020-07-18,Santa Barbara,083,443738,6251,5110,37,5147,29
2020-07-18,Santa Clara,085,1922200,10018,7255,15,7270,164
2020-07-18,Santa Cruz,087,273765,987,751,9,760,3
2020-07-18,Shasta,089,179085,369,216,1,217,9
2020-07-18,Sierra,091,2930,1,1,0,1,0
2020-07-18,Siskiyou,093,43540,70,42,0,42,0
2020-07-18,Solano,095,438530,3514,2503,12,2515,26
2020-07-18,Sonoma,097,501317,2838,2019,5,2024,15
2020-07-18,Stanislaus,099,539301,9027,6344,11,6355,58
2020-07-18,Sutter,101,95872,596,473,0,473,2
2020-07-18,Tehama,103,63373,202,136,2,138,1
2020-07-18,Trinity,105,12862,13,2,5,7,0
2020-07-18,Tulare,107,460477,8956,6810,25,6835,167
2020-07-18,Tuolumne,109,53932,123,75,2,77,0
2020-07-18,Ventura,111,848112,7182,5630,19,5649,52
2020-07-18,Yolo,113,214977,1473,1077,3,1080,30
2020-07-18,Yuba,115,75493,317,237,0,237,1
2020-07-17,Alameda,001,1643700,11120,8893,28,8921,160
2020-07-17,Alpine,003,1148,3,1,0,1,0
2020-07-17,Amador,005,37829,97,48,0,48,0
2020-07-17,Butte,007,227075,835,497,7,504,4
2020-07-17,Calaveras,009,45235,99,86,0,86,0
2020-07-17,Colusa,011,21464,272,146,0,146,0
2020-07-17,Contra Costa,013,1133247,7695,5483,21,5504,93
2020-07-17,Del Norte,015,27424,82,60,0,60,0
2020-07-17,El Dorado,017,186661,612,368,0,368,0
2020-07-17,Fresno,019,978130,17105,9954,123,10077,104
2020-07-17,Glenn,021,27897,297,203,0,203,0
2020-07-17,Humboldt,023,135768,217,185,1,186,4
2020-07-17,Imperial,025,180216,9705,7193,4,7197,120
2020-07-17,Inyo,027,18085,42,38,0,38,1
2020-07-17,Kern,029,883053,19545,8291,73,8364,113
2020-07-17,Kings,031,150075,3825,2978,23,3001,37
2020-07-17,Lake,033,64148,184,139,0,139,1
2020-07-17,Lassen,035,31185,522,391,2,393,0
2020-07-17,Los Angeles,037,10098052,170981,150481,305,150786,4052
2020-07-17,Madera,039,155013,2017,1214,2,1216,9
2020-07-17,Marin,041,260295,4719,3839,4,3843,21
2020-07-17,Mariposa,043,17540,47,35,0,35,1
2020-07-17,Mendocino,045,87422,201,126,0,126,0
2020-07-17,Merced,047,269075,4004,2328,1,2329,12
2020-07-17,Modoc,049,8938,2,0,0,0,0
2020-07-17,Mono,051,14174,100,54,0,54,1
2020-07-17,Monterey,053,433212,4005,2922,11,2933,18
2020-07-17,Napa,055,140530,885,598,0,598,5
2020-07-17,Nevada,057,99092,281,200,8,208,1
2020-07-17,Orange,059,3164182,37520,28962,535,29497,485
2020-07-17,Placer,061,380077,1749,1207,1,1208,11
2020-07-17,Plumas,063,18699,27,16,0,16,0
2020-07-17,Riverside,065,2383286,37226,29639,25,29664,580
2020-07-17,Sacramento,067,1510023,9374,6563,4,6567,95
2020-07-17,San Benito,069,59416,527,399,0,399,2
2020-07-17,San Bernardino,071,2135413,32688,23057,95,23152,322
2020-07-17,San Diego,073,3302833,27414,22491,2,22493,472
2020-07-17,San Francisco,075,870044,5964,4967,5,4972,52
2020-07-17,San Joaquin,077,732212,11203,7925,6,7931,86
2020-07-17,San Luis Obispo,079,281455,1608,1190,5,1195,6
2020-07-17,San Mateo,081,765935,5336,4407,4,4411,110
2020-07-17,Santa Barbara,083,443738,6178,5001,36,5037,29
2020-07-17,Santa Clara,085,1922200,9801,7080,15,7095,164
2020-07-17,Santa Cruz,087,273765,965,716,9,725,3
2020-07-17,Shasta,089,179085,357,213,1,214,8
2020-07-17,Sierra,091,2930,1,1,0,1,0
2020-07-17,Siskiyou,093,43540,69,40,0,40,0
2020-07-17,Solano,095,438530,3465,2452,12,2464,26
2020-07-17,Sonoma,097,501317,2790,1982,5,1987,15
2020-07-17,Stanislaus,099,539301,8853,6220,11,6231,56
2020-07-17,Sutter,101,95872,583,458,0,458,2
2020-07-17,Tehama,103,63373,198,128,2,130,1
2020-07-17,Trinity,105,12862,13,2,5,7,0
2020-07-17,Tulare,107,460477,8820,6671,25,6696,166
2020-07-17,Tuolumne,109,53932,122,73,2,75,0
2020-07-17,Ventura,111,848112,7099,5451,19,5470,51
2020-07-17,Yolo,113,214977,1449,1055,3,1058,30
2020-07-17,Yuba,115,75493,307,231,0,231,1
2020-07-16,Alameda,001,1643700,10886,8719,22,8741,153
2020-07-16,Alpine,003,1148,3,1,0,1,0
2020-07-16,Amador,005,37829,94,46,0,46,0
2020-07-16,Butte,007,227075,798,465,6,471,4
2020-07-16,Calaveras,009,45235,97,82,0,82,0
2020-07-16,Colusa,011,21464,263,140,0,140,0
2020-07-16,Contra Costa,013,1133247,7483,5338,15,5353,91
2020-07-16,Del Norte,015,27424,82,60,0,60,0
2020-07-16,El Dorado,017,186661,595,357,0,357,0
2020-07-16,Fresno,019,978130,16594,9481,114,9595,101
2020-07-16,Glenn,021,27897,288,190,0,190,0
2020-07-16,Humboldt,023,135768,215,184,1,185,4
2020-07-16,Imperial,025,180216,9610,7148,4,7152,113
2020-07-16,Inyo,027,18085,42,38,0,38,1
2020-07-16,Kern,029,883053,19023,7435,71,7506,112
2020-07-16,Kings,031,150075,3659,2937,23,2960,37
2020-07-16,Lake,033,64148,179,128,0,128,1
2020-07-16,Lassen,035,31185,521,355,2,357,0
2020-07-16,Los Angeles,037,10098052,167734,147759,281,148040,3994
2020-07-16,Madera,039,155013,1953,1192,2,1194,8
2020-07-16,Marin,041,260295,4647,3546,4,3550,21
2020-07-16,Mariposa,043,17540,45,34,0,34,1
2020-07-16,Mendocino,045,87422,196,121,0,121,0
2020-07-16,Merced,047,269075,3842,2228,1,2229,12
2020-07-16,Modoc,049,8938,1,0,0,0,0
2020-07-16,Mono,051,14174,97,53,0,53,1
2020-07-16,Monterey,053,433212,3900,2857,10,2867,18
2020-07-16,Napa,055,140530,856,581,0,581,5
2020-07-16,Nevada,057,99092,278,191,8,199,1
2020-07-16,Orange,059,3164182,36819,28525,497,29022,471
2020-07-16,Placer,061,380077,1701,1168,1,1169,11
2020-07-16,Plumas,063,18699,25,16,0,16,0
2020-07-16,Riverside,065,2383286,36481,28904,24,28928,577
2020-07-16,Sacramento,067,1510023,9061,6440,4,6444,91
2020-07-16,San Benito,069,59416,510,389,0,389,2
2020-07-16,San Bernardino,071,2135413,31826,22355,77,22432,321
2020-07-16,San Diego,073,3302833,26927,21857,2,21859,465
2020-07-16,San Francisco,075,870044,5823,4838,5,4843,52
2020-07-16,San Joaquin,077,732212,10840,7713,6,7719,82
2020-07-16,San Luis Obispo,079,281455,1564,1146,5,1151,6
2020-07-16,San Mateo,081,765935,5232,4336,4,4340,110
2020-07-16,Santa Barbara,083,443738,6082,4872,35,4907,28
2020-07-16,Santa Clara,085,1922200,9521,6990,13,7003,164
2020-07-16,Santa Cruz,087,273765,924,698,9,707,3
2020-07-16,Shasta,089,179085,342,208,1,209,7
2020-07-16,Sierra,091,2930,1,1,0,1,0
2020-07-16,Siskiyou,093,43540,66,39,0,39,0
2020-07-16,Solano,095,438530,3371,2372,12,2384,25
2020-07-16,Sonoma,097,501317,2699,1954,5,1959,14
2020-07-16,Stanislaus,099,539301,8571,6077,10,6087,56
2020-07-16,Sutter,101,95872,567,444,0,444,2
2020-07-16,Tehama,103,63373,188,126,2,128,1
2020-07-16,Trinity,105,12862,13,2,4,6,0
2020-07-16,Tulare,107,460477,8604,6467,24,6491,163
2020-07-16,Tuolumne,109,53932,117,71,2,73,0
2020-07-16,Ventura,111,848112,6937,5231,19,5250,50
2020-07-16,Yolo,113,214977,1407,1034,3,1037,29
2020-07-16,Yuba,115,75493,289,221,0,221,1
2020-07-15,Alameda,001,1643700,10683,8615,16,8631,153
2020-07-15,Alpine,003,1148,3,1,0,1,0
2020-07-15,Amador,005,37829,73,44,0,44,0
2020-07-15,Butte,007,227075,756,420,6,426,4
2020-07-15,Calaveras,009,45235,97,75,0,75,0
2020-07-15,Colusa,011,21464,258,135,0,135,0
2020-07-15,Contra Costa,013,1133247,7252,5246,15,5261,90
2020-07-15,Del Norte,015,27424,81,60,0,60,0
2020-07-15,El Dorado,017,186661,571,339,0,339,0
2020-07-15,Fresno,019,978130,16121,9124,107,9231,101
2020-07-15,Glenn,021,27897,279,184,0,184,0
2020-07-15,Humboldt,023,135768,213,181,1,182,4
2020-07-15,Imperial,025,180216,9543,7110,4,7114,110
2020-07-15,Inyo,027,18085,42,36,0,36,1
2020-07-15,Kern,029,883053,18403,7155,68,7223,108
2020-07-15,Kings,031,150075,3598,2906,23,2929,37
2020-07-15,Lake,033,64148,177,122,0,122,1
2020-07-15,Lassen,035,31185,517,319,2,321,0
2020-07-15,Los Angeles,037,10098052,164267,143343,266,143609,3946
2020-07-15,Madera,039,155013,1884,1147,2,1149,4
2020-07-15,Marin,041,260295,4592,3458,4,3462,21
2020-07-15,Mariposa,043,17540,45,34,0,34,1
2020-07-15,Mendocino,045,87422,193,119,0,119,0
2020-07-15,Merced,047,269075,3692,2156,1,2157,12
2020-07-15,Modoc,049,8938,1,0,0,0,0
2020-07-15,Mono,051,14174,95,52,0,52,1
2020-07-15,Monterey,053,433212,3789,2780,10,2790,18
2020-07-15,Napa,055,140530,830,573,0,573,5
2020-07-15,Nevada,057,99092,274,185,6,191,1
2020-07-15,Orange,059,3164182,36019,27718,462,28180,454
2020-07-15,Placer,061,380077,1644,1145,1,1146,11
2020-07-15,Plumas,063,18699,25,16,0,16,0
2020-07-15,Riverside,065,2383286,35701,28492,22,28514,568
2020-07-15,Sacramento,067,1510023,8680,6217,4,6221,91
2020-07-15,San Benito,069,59416,501,388,0,388,2
2020-07-15,San Bernardino,071,2135413,31037,21508,60,21568,317
2020-07-15,San Diego,073,3302833,26460,21448,2,21450,448
2020-07-15,San Francisco,075,870044,5709,4757,5,4762,50
2020-07-15,San Joaquin,077,732212,10408,7381,5,7386,75
2020-07-15,San Luis Obispo,079,281455,1521,1097,5,1102,6
2020-07-15,San Mateo,081,765935,5119,4258,4,4262,109
2020-07-15,Santa Barbara,083,443738,5966,4733,35,4768,28
2020-07-15,Santa Clara,085,1922200,9218,6900,13,6913,164
2020-07-15,Santa Cruz,087,273765,888,660,8,668,3
2020-07-15,Shasta,089,179085,333,193,1,194,7
2020-07-15,Sierra,091,2930,1,1,0,1,0
2020-07-15,Siskiyou,093,43540,65,38,0,38,0
2020-07-15,Solano,095,438530,3277,2343,12,2355,25
2020-07-15,Sonoma,097,501317,2601,1920,5,1925,14
2020-07-15,Stanislaus,099,539301,8274,5777,10,5787,56
2020-07-15,Sutter,101,95872,541,433,0,433,2
2020-07-15,Tehama,103,63373,180,126,2,128,1
2020-07-15,Trinity,105,12862,12,2,4,6,0
2020-07-15,Tulare,107,460477,8391,6320,23,6343,156
2020-07-15,Tuolumne,109,53932,110,68,2,70,0
2020-07-15,Ventura,111,848112,6760,5087,19,5106,50
2020-07-15,Yolo,113,214977,1374,1002,3,1005,27
2020-07-15,Yuba,115,75493,277,221,0,221,1
2020-07-14,Alameda,001,1643700,10341,8388,10,8398,151
2020-07-14,Alpine,003,1148,3,1,0,1,0
2020-07-14,Amador,005,37829,69,44,0,44,0
2020-07-14,Butte,007,227075,710,382,6,388,4
2020-07-14,Calaveras,009,45235,95,74,0,74,0
2020-07-14,Colusa,011,21464,248,128,0,128,0
2020-07-14,Contra Costa,013,1133247,7016,5110,13,5123,90
2020-07-14,Del Norte,015,27424,80,60,0,60,0
2020-07-14,El Dorado,017,186661,556,324,0,324,0
2020-07-14,Fresno,019,978130,15701,8941,103,9044,98
2020-07-14,Glenn,021,27897,269,177,0,177,0
2020-07-14,Humboldt,023,135768,210,175,1,176,4
2020-07-14,Imperial,025,180216,9416,7095,4,7099,109
2020-07-14,Inyo,027,18085,42,35,0,35,1
2020-07-14,Kern,029,883053,17644,6979,55,7034,107
2020-07-14,Kings,031,150075,3531,2867,22,2889,37
2020-07-14,Lake,033,64148,171,120,0,120,1
2020-07-14,Lassen,035,31185,500,263,2,265,0
2020-07-14,Los Angeles,037,10098052,161131,140632,236,140868,3900
2020-07-14,Madera,039,155013,1810,1118,2,1120,4
2020-07-14,Marin,041,260295,4478,3451,4,3455,21
2020-07-14,Mariposa,043,17540,41,32,0,32,1
2020-07-14,Mendocino,045,87422,185,110,0,110,0
2020-07-14,Merced,047,269075,3513,2084,1,2085,12
2020-07-14,Modoc,049,8938,1,0,0,0,0
2020-07-14,Mono,051,14174,85,48,0,48,1
2020-07-14,Monterey,053,433212,3675,2724,10,2734,18
2020-07-14,Napa,055,140530,774,557,0,557,4
2020-07-14,Nevada,057,99092,257,180,5,185,1
2020-07-14,Orange,059,3164182,35140,26915,415,27330,432
2020-07-14,Placer,061,380077,1586,1122,1,1123,11
2020-07-14,Plumas,063,18699,24,14,0,14,0
2020-07-14,Riverside,065,2383286,34946,27850,21,27871,547
2020-07-14,Sacramento,067,1510023,8326,5978,4,5982,87
2020-07-14,San Benito,069,59416,482,360,0,360,2
2020-07-14,San Bernardino,071,2135413,30186,20489,49,20538,316
2020-07-14,San Diego,073,3302833,25841,20887,2,20889,436
2020-07-14,San Francisco,075,870044,5559,4659,4,4663,50
2020-07-14,San Joaquin,077,732212,9981,7143,5,7148,75
2020-07-14,San Luis Obispo,079,281455,1483,1060,5,1065,5
2020-07-14,San Mateo,081,765935,5026,4173,4,4177,108
2020-07-14,Santa Barbara,083,443738,5842,4641,33,4674,28
2020-07-14,Santa Clara,085,1922200,8891,6686,10,6696,164
2020-07-14,Santa Cruz,087,273765,849,639,8,647,3
2020-07-14,Shasta,089,179085,324,190,1,191,7
2020-07-14,Sierra,091,2930,1,1,0,1,0
2020-07-14,Siskiyou,093,43540,64,38,0,38,0
2020-07-14,Solano,095,438530,3177,2266,10,2276,25
2020-07-14,Sonoma,097,501317,2509,1866,5,1871,14
2020-07-14,Stanislaus,099,539301,7900,5631,9,5640,53
2020-07-14,Sutter,101,95872,522,405,0,405,2
2020-07-14,Tehama,103,63373,168,123,2,125,1
2020-07-14,Trinity,105,12862,12,2,4,6,0
2020-07-14,Tulare,107,460477,8145,6199,23,6222,156
2020-07-14,Tuolumne,109,53932,105,68,2,70,0
2020-07-14,Ventura,111,848112,6599,4950,19,4969,50
2020-07-14,Yolo,113,214977,1326,966,3,969,27
2020-07-14,Yuba,115,75493,260,210,0,210,1
2020-07-13,Alameda,001,1643700,10033,8115,10,8125,148
2020-07-13,Alpine,003,1148,3,1,0,1,0
2020-07-13,Amador,005,37829,65,42,0,42,0
2020-07-13,Butte,007,227075,674,354,6,360,4
2020-07-13,Calaveras,009,45235,86,63,0,63,0
2020-07-13,Colusa,011,21464,242,116,0,116,0
2020-07-13,Contra Costa,013,1133247,6743,4882,11,4893,88
2020-07-13,Del Norte,015,27424,74,59,0,59,0
2020-07-13,El Dorado,017,186661,525,298,0,298,0
2020-07-13,Fresno,019,978130,15274,8666,99,8765,95
2020-07-13,Glenn,021,27897,262,168,0,168,0
2020-07-13,Humboldt,023,135768,205,174,1,175,4
2020-07-13,Imperial,025,180216,9331,7052,4,7056,109
2020-07-13,Inyo,027,18085,41,35,0,35,1
2020-07-13,Kern,029,883053,16959,6808,51,6859,107
2020-07-13,Kings,031,150075,3480,2824,22,2846,37
2020-07-13,Lake,033,64148,166,118,0,118,1
2020-07-13,Lassen,035,31185,495,237,2,239,0
2020-07-13,Los Angeles,037,10098052,157895,136368,222,136590,3829
2020-07-13,Madera,039,155013,1741,1059,2,1061,4
2020-07-13,Marin,041,260295,4375,3402,4,3406,21
2020-07-13,Mariposa,043,17540,40,31,0,31,1
2020-07-13,Mendocino,045,87422,181,87,0,87,0
2020-07-13,Merced,047,269075,3364,2007,1,2008,12
2020-07-13,Modoc,049,8938,1,0,0,0,0
2020-07-13,Mono,051,14174,81,47,0,47,1
2020-07-13,Monterey,053,433212,3552,2613,7,2620,18
2020-07-13,Napa,055,140530,738,534,0,534,4
2020-07-13,Nevada,057,99092,243,172,5,177,1
2020-07-13,Orange,059,3164182,34279,25978,383,26361,423
2020-07-13,Placer,061,380077,1541,1096,1,1097,11
2020-07-13,Plumas,063,18699,22,14,0,14,0
2020-07-13,Riverside,065,2383286,34020,27136,19,27155,545
2020-07-13,Sacramento,067,1510023,8029,5747,4,5751,85
2020-07-13,San Benito,069,59416,469,343,0,343,2
2020-07-13,San Bernardino,071,2135413,29308,19610,43,19653,313
2020-07-13,San Diego,073,3302833,25274,20348,2,20350,422
2020-07-13,San Francisco,075,870044,5431,4534,3,4537,50
2020-07-13,San Joaquin,077,732212,9564,6927,5,6932,71
2020-07-13,San Luis Obispo,079,281455,1452,989,5,994,5
2020-07-13,San Mateo,081,765935,4895,4057,4,4061,108
2020-07-13,Santa Barbara,083,443738,5728,4441,32,4473,28
2020-07-13,Santa Clara,085,1922200,8568,6488,9,6497,164
2020-07-13,Santa Cruz,087,273765,811,574,8,582,3
2020-07-13,Shasta,089,179085,313,185,1,186,6
2020-07-13,Sierra,091,2930,1,1,0,1,0
2020-07-13,Siskiyou,093,43540,60,37,0,37,0
2020-07-13,Solano,095,438530,3065,2046,10,2056,23
2020-07-13,Sonoma,097,501317,2398,1818,5,1823,14
2020-07-13,Stanislaus,099,539301,7597,5324,7,5331,53
2020-07-13,Sutter,101,95872,484,379,0,379,2
2020-07-13,Tehama,103,63373,155,112,2,114,1
2020-07-13,Trinity,105,12862,12,2,4,6,0
2020-07-13,Tulare,107,460477,7884,5930,21,5951,147
2020-07-13,Tuolumne,109,53932,97,56,2,58,0
2020-07-13,Ventura,111,848112,6409,4800,16,4816,50
2020-07-13,Yolo,113,214977,1281,941,3,944,27
2020-07-13,Yuba,115,75493,245,194,0,194,1
2020-07-12,Alameda,001,1643700,9762,8056,10,8066,148
2020-07-12,Alpine,003,1148,3,1,0,1,0
2020-07-12,Amador,005,37829,55,40,0,40,0
2020-07-12,Butte,007,227075,624,341,6,347,4
2020-07-12,Calaveras,009,45235,86,62,0,62,0
2020-07-12,Colusa,011,21464,208,116,0,116,0
2020-07-12,Contra Costa,013,1133247,6471,4708,9,4717,88
2020-07-12,Del Norte,015,27424,63,59,0,59,0
2020-07-12,El Dorado,017,186661,503,290,0,290,0
2020-07-12,Fresno,019,978130,14849,8407,96,8503,95
2020-07-12,Glenn,021,27897,249,166,0,166,0
2020-07-12,Humboldt,023,135768,201,174,1,175,4
2020-07-12,Imperial,025,180216,9212,6999,4,7003,109
2020-07-12,Inyo,027,18085,39,35,0,35,1
2020-07-12,Kern,029,883053,16215,6662,48,6710,105
2020-07-12,Kings,031,150075,3418,2779,22,2801,34
2020-07-12,Lake,033,64148,157,114,0,114,1
2020-07-12,Lassen,035,31185,488,237,2,239,0
2020-07-12,Los Angeles,037,10098052,154474,133830,193,134023,3816
2020-07-12,Madera,039,155013,1686,1025,2,1027,4
2020-07-12,Marin,041,260295,4298,3358,4,3362,21
2020-07-12,Mariposa,043,17540,39,31,0,31,1
2020-07-12,Mendocino,045,87422,162,88,0,88,0
2020-07-12,Merced,047,269075,3234,1908,1,1909,12
2020-07-12,Modoc,049,8938,1,0,0,0,0
2020-07-12,Mono,051,14174,71,45,0,45,1
2020-07-12,Monterey,053,433212,3437,2521,7,2528,18
2020-07-12,Napa,055,140530,706,519,0,519,4
2020-07-12,Nevada,057,99092,233,166,5,171,1
2020-07-12,Orange,059,3164182,33405,25399,374,25773,422
2020-07-12,Placer,061,380077,1485,1058,1,1059,11
2020-07-12,Plumas,063,18699,21,14,0,14,0
2020-07-12,Riverside,065,2383286,33262,26404,19,26423,542
2020-07-12,Sacramento,067,1510023,7717,5515,3,5518,85
2020-07-12,San Benito,069,59416,454,324,0,324,2
2020-07-12,San Bernardino,071,2135413,28397,19042,38,19080,312
2020-07-12,San Diego,073,3302833,24646,19929,2,19931,422
2020-07-12,San Francisco,075,870044,5282,4535,3,4538,50
2020-07-12,San Joaquin,077,732212,9202,6703,5,6708,71
2020-07-12,San Luis Obispo,079,281455,1405,972,5,977,5
2020-07-12,San Mateo,081,765935,4777,3988,4,3992,108
2020-07-12,Santa Barbara,083,443738,5598,4353,31,4384,28
2020-07-12,Santa Clara,085,1922200,8330,6252,9,6261,164
2020-07-12,Santa Cruz,087,273765,769,573,6,579,3
2020-07-12,Shasta,089,179085,307,173,1,174,6
2020-07-12,Sierra,091,2930,1,1,0,1,0
2020-07-12,Siskiyou,093,43540,58,36,0,36,0
2020-07-12,Solano,095,438530,2940,2037,10,2047,23
2020-07-12,Sonoma,097,501317,2303,1743,5,1748,13
2020-07-12,Stanislaus,099,539301,7293,5177,7,5184,53
2020-07-12,Sutter,101,95872,466,362,0,362,2
2020-07-12,Tehama,103,63373,148,111,2,113,1
2020-07-12,Trinity,105,12862,12,2,4,6,0
2020-07-12,Tulare,107,460477,7629,5864,20,5884,146
2020-07-12,Tuolumne,109,53932,89,52,2,54,0
2020-07-12,Ventura,111,848112,6193,4724,15,4739,50
2020-07-12,Yolo,113,214977,1240,889,3,892,27
2020-07-12,Yuba,115,75493,234,188,0,188,1
2020-07-11,Alameda,001,1643700,9660,7845,10,7855,148
2020-07-11,Alpine,003,1148,3,1,0,1,0
2020-07-11,Amador,005,37829,51,37,0,37,0
2020-07-11,Butte,007,227075,608,325,6,331,4
2020-07-11,Calaveras,009,45235,83,62,0,62,0
2020-07-11,Colusa,011,21464,203,110,0,110,0
2020-07-11,Contra Costa,013,1133247,6354,4650,9,4659,87
2020-07-11,Del Norte,015,27424,63,59,0,59,0
2020-07-11,El Dorado,017,186661,492,283,0,283,0
2020-07-11,Fresno,019,978130,14589,8086,94,8180,95
2020-07-11,Glenn,021,27897,241,161,0,161,0
2020-07-11,Humboldt,023,135768,200,174,1,175,4
2020-07-11,Imperial,025,180216,9173,6884,4,6888,109
2020-07-11,Inyo,027,18085,39,35,0,35,1
2020-07-11,Kern,029,883053,15858,6509,47,6556,103
2020-07-11,Kings,031,150075,3391,2753,22,2775,33
2020-07-11,Lake,033,64148,156,110,0,110,1
2020-07-11,Lassen,035,31185,487,237,2,239,0
2020-07-11,Los Angeles,037,10098052,152756,130479,183,130662,3802
2020-07-11,Madera,039,155013,1645,988,2,990,4
2020-07-11,Marin,041,260295,4270,3191,4,3195,21
2020-07-11,Mariposa,043,17540,39,31,0,31,1
2020-07-11,Mendocino,045,87422,158,88,0,88,0
2020-07-11,Merced,047,269075,3153,1851,1,1852,12
2020-07-11,Modoc,049,8938,1,0,0,0,0
2020-07-11,Mono,051,14174,68,45,0,45,1
2020-07-11,Monterey,053,433212,3348,2376,6,2382,18
2020-07-11,Napa,055,140530,694,509,0,509,4
2020-07-11,Nevada,057,99092,224,163,4,167,1
2020-07-11,Orange,059,3164182,33028,24430,360,24790,422
2020-07-11,Placer,061,380077,1450,1029,1,1030,11
2020-07-11,Plumas,063,18699,21,12,0,12,0
2020-07-11,Riverside,065,2383286,32870,25994,19,26013,538
2020-07-11,Sacramento,067,1510023,7543,5367,3,5370,84
2020-07-11,San Benito,069,59416,439,314,0,314,2
2020-07-11,San Bernardino,071,2135413,27960,18907,36,18943,310
2020-07-11,San Diego,073,3302833,24261,19371,2,19373,422
2020-07-11,San Francisco,075,870044,5186,4430,2,4432,50
2020-07-11,San Joaquin,077,732212,9024,6518,5,6523,72
2020-07-11,San Luis Obispo,079,281455,1357,930,5,935,4
2020-07-11,San Mateo,081,765935,4709,3956,4,3960,108
2020-07-11,Santa Barbara,083,443738,5529,4283,30,4313,28
2020-07-11,Santa Clara,085,1922200,8171,5959,9,5968,164
2020-07-11,Santa Cruz,087,273765,738,571,6,577,3
2020-07-11,Shasta,089,179085,300,168,1,169,6
2020-07-11,Sierra,091,2930,1,1,0,1,0
2020-07-11,Siskiyou,093,43540,58,36,0,36,0
2020-07-11,Solano,095,438530,2899,2034,10,2044,23
2020-07-11,Sonoma,097,501317,2266,1690,5,1695,13
2020-07-11,Stanislaus,099,539301,7152,4911,7,4918,51
2020-07-11,Sutter,101,95872,450,352,0,352,2
2020-07-11,Tehama,103,63373,146,111,2,113,1
2020-07-11,Trinity,105,12862,12,2,4,6,0
2020-07-11,Tulare,107,460477,7523,5780,20,5800,149
2020-07-11,Tuolumne,109,53932,87,50,2,52,0
2020-07-11,Ventura,111,848112,6097,4545,14,4559,49
2020-07-11,Yolo,113,214977,1210,833,3,836,27
2020-07-11,Yuba,115,75493,224,175,0,175,1
2020-07-10,Alameda,001,1643700,9503,7551,10,7561,147
2020-07-10,Alpine,003,1148,3,1,0,1,0
2020-07-10,Amador,005,37829,47,37,0,37,0
2020-07-10,Butte,007,227075,597,318,6,324,4
2020-07-10,Calaveras,009,45235,83,61,0,61,0
2020-07-10,Colusa,011,21464,197,103,0,103,0
2020-07-10,Contra Costa,013,1133247,6211,4482,9,4491,86
2020-07-10,Del Norte,015,27424,63,57,0,57,0
2020-07-10,El Dorado,017,186661,474,266,0,266,0
2020-07-10,Fresno,019,978130,14257,7760,91,7851,93
2020-07-10,Glenn,021,27897,236,157,0,157,0
2020-07-10,Humboldt,023,135768,199,168,1,169,4
2020-07-10,Imperial,025,180216,9128,6878,4,6882,98
2020-07-10,Inyo,027,18085,39,35,0,35,1
2020-07-10,Kern,029,883053,15425,6344,46,6390,102
2020-07-10,Kings,031,150075,3356,2707,22,2729,33
2020-07-10,Lake,033,64148,149,104,0,104,1
2020-07-10,Lassen,035,31185,486,235,2,237,0
2020-07-10,Los Angeles,037,10098052,150337,127503,177,127680,3750
2020-07-10,Madera,039,155013,1599,914,2,916,4
2020-07-10,Marin,041,260295,4207,3101,4,3105,21
2020-07-10,Mariposa,043,17540,38,31,0,31,1
2020-07-10,Mendocino,045,87422,150,88,0,88,0
2020-07-10,Merced,047,269075,3074,1802,1,1803,12
2020-07-10,Modoc,049,8938,1,0,0,0,0
2020-07-10,Mono,051,14174,67,45,0,45,1
2020-07-10,Monterey,053,433212,3269,2285,6,2291,18
2020-07-10,Napa,055,140530,683,496,0,496,4
2020-07-10,Nevada,057,99092,219,161,4,165,1
2020-07-10,Orange,059,3164182,32440,23692,356,24048,416
2020-07-10,Placer,061,380077,1410,1002,1,1003,11
2020-07-10,Plumas,063,18699,19,12,0,12,0
2020-07-10,Riverside,065,2383286,32352,25481,19,25500,533
2020-07-10,Sacramento,067,1510023,7288,5181,3,5184,81
2020-07-10,San Benito,069,59416,430,302,0,302,2
2020-07-10,San Bernardino,071,2135413,27434,18242,33,18275,308
2020-07-10,San Diego,073,3302833,23880,18862,2,18864,420
2020-07-10,San Francisco,075,870044,5095,4305,2,4307,50
2020-07-10,San Joaquin,077,732212,8791,6225,5,6230,67
2020-07-10,San Luis Obispo,079,281455,1319,891,5,896,4
2020-07-10,San Mateo,081,765935,4644,3844,4,3848,107
2020-07-10,Santa Barbara,083,443738,5432,4177,29,4206,28
2020-07-10,Santa Clara,085,1922200,7947,5819,9,5828,164
2020-07-10,Santa Cruz,087,273765,711,540,6,546,3
2020-07-10,Shasta,089,179085,296,158,1,159,6
2020-07-10,Sierra,091,2930,1,1,0,1,0
2020-07-10,Siskiyou,093,43540,58,31,0,31,0
2020-07-10,Solano,095,438530,2852,1950,10,1960,23
2020-07-10,Sonoma,097,501317,2219,1606,4,1610,13
2020-07-10,Stanislaus,099,539301,6982,4781,7,4788,46
2020-07-10,Sutter,101,95872,443,338,0,338,2
2020-07-10,Tehama,103,63373,145,107,2,109,1
2020-07-10,Trinity,105,12862,12,2,4,6,0
2020-07-10,Tulare,107,460477,7386,5677,20,5697,150
2020-07-10,Tuolumne,109,53932,86,49,2,51,0
2020-07-10,Ventura,111,848112,5984,4416,14,4430,48
2020-07-10,Yolo,113,214977,1186,794,3,797,27
2020-07-10,Yuba,115,75493,210,164,0,164,1
2020-07-09,Alameda,001,1643700,9267,7433,10,7443,146
2020-07-09,Alpine,003,1148,3,1,0,1,0
2020-07-09,Amador,005,37829,44,36,0,36,0
2020-07-09,Butte,007,227075,565,295,6,301,4
2020-07-09,Calaveras,009,45235,82,59,0,59,0
2020-07-09,Colusa,011,21464,189,97,0,97,0
2020-07-09,Contra Costa,013,1133247,5967,4388,9,4397,86
2020-07-09,Del Norte,015,27424,63,57,0,57,0
2020-07-09,El Dorado,017,186661,450,255,0,255,0
2020-07-09,Fresno,019,978130,13801,7385,89,7474,90
2020-07-09,Glenn,021,27897,226,150,0,150,0
2020-07-09,Humboldt,023,135768,196,166,1,167,4
2020-07-09,Imperial,025,180216,9033,6778,4,6782,87
2020-07-09,Inyo,027,18085,37,35,0,35,1
2020-07-09,Kern,029,883053,14780,6100,44,6144,95
2020-07-09,Kings,031,150075,3293,2686,21,2707,33
2020-07-09,Lake,033,64148,146,99,0,99,1
2020-07-09,Lassen,035,31185,430,221,2,223,0
2020-07-09,Los Angeles,037,10098052,147072,125062,150,125212,3698
2020-07-09,Madera,039,155013,1522,850,2,852,4
2020-07-09,Marin,041,260295,4056,2975,4,2979,20
2020-07-09,Mariposa,043,17540,38,32,0,32,1
2020-07-09,Mendocino,045,87422,146,88,0,88,0
2020-07-09,Merced,047,269075,2941,1728,1,1729,11
2020-07-09,Modoc,049,8938,1,0,0,0,0
2020-07-09,Mono,051,14174,63,45,0,45,1
2020-07-09,Monterey,053,433212,3144,2223,6,2229,17
2020-07-09,Napa,055,140530,666,468,0,468,4
2020-07-09,Nevada,057,99092,213,156,4,160,1
2020-07-09,Orange,059,3164182,31472,22960,338,23298,407
2020-07-09,Placer,061,380077,1366,982,1,983,11
2020-07-09,Plumas,063,18699,19,12,0,12,0
2020-07-09,Riverside,065,2383286,31458,24980,18,24998,529
2020-07-09,Sacramento,067,1510023,6961,4950,3,4953,81
2020-07-09,San Benito,069,59416,414,295,0,295,2
2020-07-09,San Bernardino,071,2135413,26563,17339,28,17367,307
2020-07-09,San Diego,073,3302833,23288,18404,2,18406,415
2020-07-09,San Francisco,075,870044,4963,4143,2,4145,50
2020-07-09,San Joaquin,077,732212,8432,6004,5,6009,66
2020-07-09,San Luis Obispo,079,281455,1280,869,5,874,3
2020-07-09,San Mateo,081,765935,4517,3792,4,3796,106
2020-07-09,Santa Barbara,083,443738,5299,4068,29,4097,28
2020-07-09,Santa Clara,085,1922200,7690,5638,9,5647,164
2020-07-09,Santa Cruz,087,273765,684,526,6,532,3
2020-07-09,Shasta,089,179085,290,155,1,156,5
2020-07-09,Sierra,091,2930,1,1,0,1,0
2020-07-09,Siskiyou,093,43540,54,31,0,31,0
2020-07-09,Solano,095,438530,2754,1892,10,1902,23
2020-07-09,Sonoma,097,501317,2133,1584,4,1588,13
2020-07-09,Stanislaus,099,539301,6666,4633,6,4639,46
2020-07-09,Sutter,101,95872,426,321,0,321,2
2020-07-09,Tehama,103,63373,140,102,2,104,1
2020-07-09,Trinity,105,12862,12,2,4,6,0
2020-07-09,Tulare,107,460477,7169,5501,17,5518,146
2020-07-09,Tuolumne,109,53932,85,47,2,49,0
2020-07-09,Ventura,111,848112,5816,4278,14,4292,47
2020-07-09,Yolo,113,214977,1139,764,3,767,27
2020-07-09,Yuba,115,75493,193,152,0,152,1
2020-07-08,Alameda,001,1643700,8975,7335,10,7345,142
2020-07-08,Alpine,003,1148,3,1,0,1,0
2020-07-08,Amador,005,37829,41,35,0,35,0
2020-07-08,Butte,007,227075,528,281,6,287,3
2020-07-08,Calaveras,009,45235,76,58,0,58,0
2020-07-08,Colusa,011,21464,176,90,0,90,0
2020-07-08,Contra Costa,013,1133247,5721,4268,7,4275,84
2020-07-08,Del Norte,015,27424,61,57,0,57,0
2020-07-08,El Dorado,017,186661,429,248,0,248,0
2020-07-08,Fresno,019,978130,13386,7102,83,7185,86
2020-07-08,Glenn,021,27897,215,146,0,146,0
2020-07-08,Humboldt,023,135768,193,162,1,163,4
2020-07-08,Imperial,025,180216,8945,6727,4,6731,76
2020-07-08,Inyo,027,18085,37,35,0,35,1
2020-07-08,Kern,029,883053,14202,5873,42,5915,91
2020-07-08,Kings,031,150075,3233,2629,19,2648,33
2020-07-08,Lake,033,64148,139,97,0,97,1
2020-07-08,Lassen,035,31185,334,221,2,223,0
2020-07-08,Los Angeles,037,10098052,143856,123462,121,123583,3650
2020-07-08,Madera,039,155013,1452,828,2,830,4
2020-07-08,Marin,041,260295,3957,2756,4,2760,17
2020-07-08,Mariposa,043,17540,38,31,0,31,1
2020-07-08,Mendocino,045,87422,133,84,0,84,0
2020-07-08,Merced,047,269075,2822,1578,1,1579,11
2020-07-08,Modoc,049,8938,1,0,0,0,0
2020-07-08,Mono,051,14174,60,45,0,45,1
2020-07-08,Monterey,053,433212,3026,2182,5,2187,17
2020-07-08,Napa,055,140530,643,468,0,468,4
2020-07-08,Nevada,057,99092,204,156,4,160,1
2020-07-08,Orange,059,3164182,30520,22088,333,22421,378
2020-07-08,Placer,061,380077,1320,948,1,949,11
2020-07-08,Plumas,063,18699,19,12,0,12,0
2020-07-08,Riverside,065,2383286,30494,24042,16,24058,508
2020-07-08,Sacramento,067,1510023,6673,4799,3,4802,80
2020-07-08,San Benito,069,59416,398,282,0,282,2
2020-07-08,San Bernardino,071,2135413,25711,16510,24,16534,296
2020-07-08,San Diego,073,3302833,22721,17844,2,17846,406
2020-07-08,San Francisco,075,870044,4874,4093,2,4095,50
2020-07-08,San Joaquin,077,732212,8090,5759,5,5764,61
2020-07-08,San Luis Obispo,079,281455,1229,825,5,830,2
2020-07-08,San Mateo,081,765935,4396,3733,4,3737,106
2020-07-08,Santa Barbara,083,443738,5180,3985,29,4014,28
2020-07-08,Santa Clara,085,1922200,7457,5510,9,5519,164
2020-07-08,Santa Cruz,087,273765,651,509,5,514,3
2020-07-08,Shasta,089,179085,281,148,1,149,6
2020-07-08,Sierra,091,2930,1,1,0,1,0
2020-07-08,Siskiyou,093,43540,54,31,0,31,0
2020-07-08,Solano,095,438530,2638,1821,10,1831,23
2020-07-08,Sonoma,097,501317,2058,1495,4,1499,9
2020-07-08,Stanislaus,099,539301,6366,4344,6,4350,46
2020-07-08,Sutter,101,95872,401,298,0,298,2
2020-07-08,Tehama,103,63373,134,100,2,102,1
2020-07-08,Trinity,105,12862,11,2,4,6,0
2020-07-08,Tulare,107,460477,6977,5307,12,5319,138
2020-07-08,Tuolumne,109,53932,81,42,2,44,0
2020-07-08,Ventura,111,848112,5651,4139,14,4153,47
2020-07-08,Yolo,113,214977,1096,727,3,730,26
2020-07-08,Yuba,115,75493,180,145,0,145,1
2020-07-07,Alameda,001,1643700,8656,7097,9,7106,141
2020-07-07,Alpine,003,1148,3,1,0,1,0
2020-07-07,Amador,005,37829,41,33,0,33,0
2020-07-07,Butte,007,227075,484,269,6,275,3
2020-07-07,Calaveras,009,45235,74,58,0,58,0
2020-07-07,Colusa,011,21464,143,84,0,84,0
2020-07-07,Contra Costa,013,1133247,5483,4131,6,4137,84
2020-07-07,Del Norte,015,27424,61,57,0,57,0
2020-07-07,El Dorado,017,186661,409,244,0,244,0
2020-07-07,Fresno,019,978130,12933,6738,83,6821,84
2020-07-07,Glenn,021,27897,206,145,0,145,0
2020-07-07,Humboldt,023,135768,190,150,1,151,4
2020-07-07,Imperial,025,180216,8846,6678,4,6682,51
2020-07-07,Inyo,027,18085,36,32,0,32,1
2020-07-07,Kern,029,883053,13503,5645,38,5683,88
2020-07-07,Kings,031,150075,3172,2623,15,2638,33
2020-07-07,Lake,033,64148,129,94,0,94,1
2020-07-07,Lassen,035,31185,263,219,2,221,0
2020-07-07,Los Angeles,037,10098052,140287,121026,112,121138,3588
2020-07-07,Madera,039,155013,1408,794,2,796,4
2020-07-07,Marin,041,260295,3868,2627,4,2631,17
2020-07-07,Mariposa,043,17540,38,31,0,31,1
2020-07-07,Mendocino,045,87422,125,82,0,82,0
2020-07-07,Merced,047,269075,2648,1531,1,1532,10
2020-07-07,Modoc,049,8938,1,0,0,0,0
2020-07-07,Mono,051,14174,59,42,0,42,1
2020-07-07,Monterey,053,433212,2883,2166,5,2171,17
2020-07-07,Napa,055,140530,624,459,0,459,4
2020-07-07,Nevada,057,99092,198,150,4,154,1
2020-07-07,Orange,059,3164182,29509,21741,319,22060,373
2020-07-07,Placer,061,380077,1279,930,1,931,11
2020-07-07,Plumas,063,18699,17,12,0,12,0
2020-07-07,Riverside,065,2383286,29480,23279,16,23295,499
2020-07-07,Sacramento,067,1510023,6330,4592,3,4595,76
2020-07-07,San Benito,069,59416,380,274,0,274,2
2020-07-07,San Bernardino,071,2135413,24842,16004,20,16024,277
2020-07-07,San Diego,073,3302833,22007,17580,2,17582,399
2020-07-07,San Francisco,075,870044,4782,4045,1,4046,50
2020-07-07,San Joaquin,077,732212,7748,5547,5,5552,59
2020-07-07,San Luis Obispo,079,281455,1168,795,5,800,2
2020-07-07,San Mateo,081,765935,4281,3691,4,3695,106
2020-07-07,Santa Barbara,083,443738,5052,3866,28,3894,27
2020-07-07,Santa Clara,085,1922200,7188,5438,9,5447,164
2020-07-07,Santa Cruz,087,273765,617,502,4,506,2
2020-07-07,Shasta,089,179085,268,144,1,145,6
2020-07-07,Sierra,091,2930,1,1,0,1,0
2020-07-07,Siskiyou,093,43540,53,30,0,30,0
2020-07-07,Solano,095,438530,2527,1776,9,1785,22
2020-07-07,Sonoma,097,501317,1987,1473,4,1477,8
2020-07-07,Stanislaus,099,539301,6027,4101,6,4107,46
2020-07-07,Sutter,101,95872,375,273,0,273,2
2020-07-07,Tehama,103,63373,125,95,2,97,1
2020-07-07,Trinity,105,12862,11,2,4,6,0
2020-07-07,Tulare,107,460477,6799,5189,10,5199,137
2020-07-07,Tuolumne,109,53932,75,40,2,42,0
2020-07-07,Ventura,111,848112,5482,3992,12,4004,46
2020-07-07,Yolo,113,214977,1028,706,3,709,26
2020-07-07,Yuba,115,75493,160,138,0,138,1
2020-07-06,Alameda,001,1643700,8418,6970,9,6979,141
2020-07-06,Alpine,003,1148,2,1,0,1,0
2020-07-06,Amador,005,37829,39,33,0,33,0
2020-07-06,Butte,007,227075,428,257,6,263,2
2020-07-06,Calaveras,009,45235,71,45,0,45,0
2020-07-06,Colusa,011,21464,134,80,0,80,0
2020-07-06,Contra Costa,013,1133247,5253,3901,5,3906,83
2020-07-06,Del Norte,015,27424,60,57,0,57,0
2020-07-06,El Dorado,017,186661,394,232,0,232,0
2020-07-06,Fresno,019,978130,12466,6364,76,6440,82
2020-07-06,Glenn,021,27897,198,129,0,129,0
2020-07-06,Humboldt,023,135768,188,148,1,149,3
2020-07-06,Imperial,025,180216,8727,6443,4,6447,47
2020-07-06,Inyo,027,18085,36,32,0,32,1
2020-07-06,Kern,029,883053,12697,5491,36,5527,82
2020-07-06,Kings,031,150075,3123,2583,9,2592,33
2020-07-06,Lake,033,64148,122,93,0,93,1
2020-07-06,Lassen,035,31185,261,219,2,221,0
2020-07-06,Los Angeles,037,10098052,136674,116707,98,116805,3541
2020-07-06,Madera,039,155013,1338,734,2,736,4
2020-07-06,Marin,041,260295,3628,2136,4,2140,17
2020-07-06,Mariposa,043,17540,36,31,0,31,1
2020-07-06,Mendocino,045,87422,108,72,0,72,0
2020-07-06,Merced,047,269075,2497,1396,1,1397,10
2020-07-06,Modoc,049,8938,1,0,0,0,0
2020-07-06,Mono,051,14174,58,40,0,40,1
2020-07-06,Monterey,053,433212,2795,2078,5,2083,15
2020-07-06,Napa,055,140530,606,454,0,454,4
2020-07-06,Nevada,057,99092,192,146,4,150,1
2020-07-06,Orange,059,3164182,28451,20167,281,20448,372
2020-07-06,Placer,061,380077,1216,904,1,905,11
2020-07-06,Plumas,063,18699,17,11,0,11,0
2020-07-06,Riverside,065,2383286,28431,22485,14,22499,477
2020-07-06,Sacramento,067,1510023,5980,4420,3,4423,71
2020-07-06,San Benito,069,59416,365,264,0,264,2
2020-07-06,San Bernardino,071,2135413,23988,15346,15,15361,272
2020-07-06,San Diego,073,3302833,21294,17002,2,17004,387
2020-07-06,San Francisco,075,870044,4661,3861,1,3862,50
2020-07-06,San Joaquin,077,732212,7378,5104,5,5109,57
2020-07-06,San Luis Obispo,079,281455,1111,751,5,756,2
2020-07-06,San Mateo,081,765935,4189,3650,4,3654,106
2020-07-06,Santa Barbara,083,443738,4915,3763,27,3790,27
2020-07-06,Santa Clara,085,1922200,6917,5369,9,5378,165
2020-07-06,Santa Cruz,087,273765,595,466,3,469,2
2020-07-06,Shasta,089,179085,258,143,1,144,6
2020-07-06,Sierra,091,2930,1,1,0,1,0
2020-07-06,Siskiyou,093,43540,49,30,0,30,0
2020-07-06,Solano,095,438530,2394,1668,9,1677,22
2020-07-06,Sonoma,097,501317,1923,1369,4,1373,8
2020-07-06,Stanislaus,099,539301,5625,3983,6,3989,46
2020-07-06,Sutter,101,95872,348,250,0,250,2
2020-07-06,Tehama,103,63373,122,95,2,97,1
2020-07-06,Trinity,105,12862,10,2,4,6,0
2020-07-06,Tulare,107,460477,6594,5039,8,5047,136
2020-07-06,Tuolumne,109,53932,72,30,2,32,0
2020-07-06,Ventura,111,848112,5289,3912,12,3924,44
2020-07-06,Yolo,113,214977,972,685,3,688,26
2020-07-06,Yuba,115,75493,146,124,0,124,1
2020-07-05,Alameda,001,1643700,8166,6861,9,6870,141
2020-07-05,Alpine,003,1148,2,1,0,1,0
2020-07-05,Amador,005,37829,37,31,0,31,0
2020-07-05,Butte,007,227075,393,248,6,254,2
2020-07-05,Calaveras,009,45235,69,45,0,45,0
2020-07-05,Colusa,011,21464,124,79,0,79,0
2020-07-05,Contra Costa,013,1133247,5013,3665,4,3669,80
2020-07-05,Del Norte,015,27424,60,57,0,57,0
2020-07-05,El Dorado,017,186661,376,227,0,227,0
2020-07-05,Fresno,019,978130,11901,6186,74,6260,82
2020-07-05,Glenn,021,27897,195,129,0,129,0
2020-07-05,Humboldt,023,135768,184,147,1,148,3
2020-07-05,Imperial,025,180216,8593,6441,4,6445,47
2020-07-05,Inyo,027,18085,35,32,0,32,1
2020-07-05,Kern,029,883053,11987,5351,36,5387,82
2020-07-05,Kings,031,150075,3040,2546,8,2554,31
2020-07-05,Lake,033,64148,122,92,0,92,1
2020-07-05,Lassen,035,31185,255,219,2,221,0
2020-07-05,Los Angeles,037,10098052,133454,115133,92,115225,3495
2020-07-05,Madera,039,155013,1259,564,2,566,4
2020-07-05,Marin,041,260295,3445,2080,4,2084,17
2020-07-05,Mariposa,043,17540,36,31,0,31,1
2020-07-05,Mendocino,045,87422,105,72,0,72,0
2020-07-05,Merced,047,269075,2352,1340,1,1341,10
2020-07-05,Modoc,049,8938,1,0,0,0,0
2020-07-05,Mono,051,14174,54,39,0,39,1
2020-07-05,Monterey,053,433212,2692,1994,5,1999,15
2020-07-05,Napa,055,140530,576,450,0,450,4
2020-07-05,Nevada,057,99092,186,141,4,145,1
2020-07-05,Orange,059,3164182,27510,19430,266,19696,372
2020-07-05,Placer,061,380077,1160,855,1,856,11
2020-07-05,Plumas,063,18699,16,11,0,11,0
2020-07-05,Riverside,065,2383286,27574,21511,14,21525,474
2020-07-05,Sacramento,067,1510023,5665,4265,2,4267,71
2020-07-05,San Benito,069,59416,346,258,0,258,2
2020-07-05,San Bernardino,071,2135413,23110,15026,15,15041,270
2020-07-05,San Diego,073,3302833,20606,16728,2,16730,387
2020-07-05,San Francisco,075,870044,4543,3861,1,3862,50
2020-07-05,San Joaquin,077,732212,7059,5015,5,5020,57
2020-07-05,San Luis Obispo,079,281455,1031,730,5,735,2
2020-07-05,San Mateo,081,765935,4078,3575,4,3579,106
2020-07-05,Santa Barbara,083,443738,4768,3671,24,3695,27
2020-07-05,Santa Clara,085,1922200,6628,5237,9,5246,162
2020-07-05,Santa Cruz,087,273765,577,467,1,468,2
2020-07-05,Shasta,089,179085,252,138,1,139,6
2020-07-05,Sierra,091,2930,1,1,0,1,0
2020-07-05,Siskiyou,093,43540,45,30,0,30,0
2020-07-05,Solano,095,438530,2274,1547,9,1556,22
2020-07-05,Sonoma,097,501317,1842,1369,4,1373,8
2020-07-05,Stanislaus,099,539301,5294,3777,6,3783,45
2020-07-05,Sutter,101,95872,320,241,0,241,2
2020-07-05,Tehama,103,63373,120,95,2,97,1
2020-07-05,Trinity,105,12862,10,2,4,6,0
2020-07-05,Tulare,107,460477,6335,4981,6,4987,135
2020-07-05,Tuolumne,109,53932,67,30,2,32,0
2020-07-05,Ventura,111,848112,5086,3866,12,3878,44
2020-07-05,Yolo,113,214977,932,644,3,647,26
2020-07-05,Yuba,115,75493,136,115,0,115,1
2020-07-04,Alameda,001,1643700,8054,6737,9,6746,141
2020-07-04,Alpine,003,1148,2,1,0,1,0
2020-07-04,Amador,005,37829,36,31,0,31,0
2020-07-04,Butte,007,227075,375,224,6,230,2
2020-07-04,Calaveras,009,45235,69,45,0,45,0
2020-07-04,Colusa,011,21464,123,76,0,76,0
2020-07-04,Contra Costa,013,1133247,4866,3583,4,3587,80
2020-07-04,Del Norte,015,27424,60,50,0,50,0
2020-07-04,El Dorado,017,186661,356,211,0,211,0
2020-07-04,Fresno,019,978130,11585,5999,72,6071,82
2020-07-04,Glenn,021,27897,188,128,0,128,0
2020-07-04,Humboldt,023,135768,177,144,1,145,3
2020-07-04,Imperial,025,180216,8545,6441,4,6445,47
2020-07-04,Inyo,027,18085,35,32,0,32,1
2020-07-04,Kern,029,883053,11683,5231,36,5267,81
2020-07-04,Kings,031,150075,2997,2509,8,2517,31
2020-07-04,Lake,033,64148,115,86,0,86,1
2020-07-04,Lassen,035,31185,255,219,2,221,0
2020-07-04,Los Angeles,037,10098052,131638,107256,81,107337,3462
2020-07-04,Madera,039,155013,1213,568,2,570,4
2020-07-04,Marin,041,260295,3416,1962,4,1966,17
2020-07-04,Mariposa,043,17540,36,28,0,28,1
2020-07-04,Mendocino,045,87422,105,72,0,72,0
2020-07-04,Merced,047,269075,2249,1252,1,1253,10
2020-07-04,Modoc,049,8938,1,0,0,0,0
2020-07-04,Mono,051,14174,54,37,0,37,1
2020-07-04,Monterey,053,433212,2612,1878,5,1883,15
2020-07-04,Napa,055,140530,567,426,0,426,4
2020-07-04,Nevada,057,99092,183,125,4,129,1
2020-07-04,Orange,059,3164182,27078,19247,251,19498,372
2020-07-04,Placer,061,380077,1125,796,1,797,11
2020-07-04,Plumas,063,18699,16,11,0,11,0
2020-07-04,Riverside,065,2383286,27206,21508,14,21522,474
2020-07-04,Sacramento,067,1510023,5494,4039,2,4041,71
2020-07-04,San Benito,069,59416,333,255,0,255,2
2020-07-04,San Bernardino,071,2135413,22683,14636,13,14649,270
2020-07-04,San Diego,073,3302833,20146,16166,2,16168,387
2020-07-04,San Francisco,075,870044,4451,3861,1,3862,50
2020-07-04,San Joaquin,077,732212,6846,4807,5,4812,57
2020-07-04,San Luis Obispo,079,281455,991,699,5,704,2
2020-07-04,San Mateo,081,765935,4015,3532,4,3536,106
2020-07-04,Santa Barbara,083,443738,4693,3520,22,3542,27
2020-07-04,Santa Clara,085,1922200,6436,5045,8,5053,161
2020-07-04,Santa Cruz,087,273765,567,466,1,467,2
2020-07-04,Shasta,089,179085,249,135,1,136,6
2020-07-04,Sierra,091,2930,1,1,0,1,0
2020-07-04,Siskiyou,093,43540,38,30,0,30,0
2020-07-04,Solano,095,438530,2238,1548,9,1557,22
2020-07-04,Sonoma,097,501317,1816,1370,4,1374,8
2020-07-04,Stanislaus,099,539301,5136,3572,6,3578,44
2020-07-04,Sutter,101,95872,301,225,0,225,2
2020-07-04,Tehama,103,63373,117,92,2,94,1
2020-07-04,Trinity,105,12862,10,2,4,6,0
2020-07-04,Tulare,107,460477,6223,4802,5,4807,135
2020-07-04,Tuolumne,109,53932,63,30,2,32,0
2020-07-04,Ventura,111,848112,4962,3687,12,3699,44
2020-07-04,Yolo,113,214977,907,615,3,618,26
2020-07-04,Yuba,115,75493,129,102,0,102,1
2020-07-03,Alameda,001,1643700,7933,6486,9,6495,141
2020-07-03,Alpine,003,1148,2,1,0,1,0
2020-07-03,Amador,005,37829,36,25,0,25,0
2020-07-03,Butte,007,227075,363,212,6,218,2
2020-07-03,Calaveras,009,45235,69,44,0,44,0
2020-07-03,Colusa,011,21464,117,70,0,70,0
2020-07-03,Contra Costa,013,1133247,4732,3447,4,3451,78
2020-07-03,Del Norte,015,27424,60,50,0,50,0
2020-07-03,El Dorado,017,186661,344,201,0,201,0
2020-07-03,Fresno,019,978130,11280,5783,70,5853,81
2020-07-03,Glenn,021,27897,183,122,0,122,0
2020-07-03,Humboldt,023,135768,173,143,1,144,3
2020-07-03,Imperial,025,180216,8497,6345,4,6349,47
2020-07-03,Inyo,027,18085,35,32,0,32,1
2020-07-03,Kern,029,883053,11422,5213,36,5249,81
2020-07-03,Kings,031,150075,2961,2492,8,2500,31
2020-07-03,Lake,033,64148,108,83,0,83,0
2020-07-03,Lassen,035,31185,255,219,2,221,0
2020-07-03,Los Angeles,037,10098052,130121,107236,77,107313,3461
2020-07-03,Madera,039,155013,1168,565,2,567,4
2020-07-03,Marin,041,260295,3387,1776,4,1780,17
2020-07-03,Mariposa,043,17540,36,28,0,28,1
2020-07-03,Mendocino,045,87422,104,72,0,72,0
2020-07-03,Merced,047,269075,2183,1188,1,1189,10
2020-07-03,Modoc,049,8938,1,0,0,0,0
2020-07-03,Mono,051,14174,54,37,0,37,1
2020-07-03,Monterey,053,433212,2541,1804,5,1809,15
2020-07-03,Napa,055,140530,549,388,0,388,4
2020-07-03,Nevada,057,99092,182,125,4,129,1
2020-07-03,Orange,059,3164182,26687,18819,242,19061,366
2020-07-03,Placer,061,380077,1098,745,1,746,11
2020-07-03,Plumas,063,18699,16,11,0,11,0
2020-07-03,Riverside,065,2383286,26900,21171,14,21185,472
2020-07-03,Sacramento,067,1510023,5360,3711,2,3713,71
2020-07-03,San Benito,069,59416,326,243,0,243,2
2020-07-03,San Bernardino,071,2135413,22294,14040,13,14053,269
2020-07-03,San Diego,073,3302833,19690,15698,2,15700,387
2020-07-03,San Francisco,075,870044,4404,3781,1,3782,50
2020-07-03,San Joaquin,077,732212,6708,4416,4,4420,56
2020-07-03,San Luis Obispo,079,281455,956,676,5,681,2
2020-07-03,San Mateo,081,765935,3958,3439,4,3443,106
2020-07-03,Santa Barbara,083,443738,4606,3406,21,3427,27
2020-07-03,Santa Clara,085,1922200,6325,4820,8,4828,161
2020-07-03,Santa Cruz,087,273765,554,436,1,437,2
2020-07-03,Shasta,089,179085,241,113,1,114,6
2020-07-03,Sierra,091,2930,1,1,0,1,0
2020-07-03,Siskiyou,093,43540,35,30,0,30,0
2020-07-03,Solano,095,438530,2194,1496,8,1504,22
2020-07-03,Sonoma,097,501317,1768,1282,4,1286,8
2020-07-03,Stanislaus,099,539301,5011,3021,6,3027,43
2020-07-03,Sutter,101,95872,291,205,0,205,2
2020-07-03,Tehama,103,63373,115,89,2,91,1
2020-07-03,Trinity,105,12862,10,2,4,6,0
2020-07-03,Tulare,107,460477,6108,4656,5,4661,134
2020-07-03,Tuolumne,109,53932,61,27,2,29,0
2020-07-03,Ventura,111,848112,4866,3536,12,3548,44
2020-07-03,Yolo,113,214977,873,586,3,589,25
2020-07-03,Yuba,115,75493,124,96,0,96,1
2020-07-02,Alameda,001,1643700,7807,6386,9,6395,139
2020-07-02,Alpine,003,1148,2,1,0,1,0
2020-07-02,Amador,005,37829,35,23,0,23,0
2020-07-02,Butte,007,227075,346,199,6,205,2
2020-07-02,Calaveras,009,45235,65,42,0,42,0
2020-07-02,Colusa,011,21464,109,60,0,60,0
2020-07-02,Contra Costa,013,1133247,4549,3347,4,3351,77
2020-07-02,Del Norte,015,27424,59,50,0,50,0
2020-07-02,El Dorado,017,186661,333,193,0,193,0
2020-07-02,Fresno,019,978130,10822,5402,69,5471,78
2020-07-02,Glenn,021,27897,177,114,0,114,0
2020-07-02,Humboldt,023,135768,169,138,1,139,3
2020-07-02,Imperial,025,180216,8394,6236,4,6240,47
2020-07-02,Inyo,027,18085,35,29,0,29,1
2020-07-02,Kern,029,883053,10886,5036,34,5070,78
2020-07-02,Kings,031,150075,2911,2419,8,2427,31
2020-07-02,Lake,033,64148,104,81,0,81,0
2020-07-02,Lassen,035,31185,253,218,2,220,0
2020-07-02,Los Angeles,037,10098052,128103,107144,53,107197,3458
2020-07-02,Madera,039,155013,1100,548,2,550,4
2020-07-02,Marin,041,260295,3302,1706,4,1710,17
2020-07-02,Mariposa,043,17540,35,28,0,28,1
2020-07-02,Mendocino,045,87422,100,71,0,71,0
2020-07-02,Merced,047,269075,2086,1122,1,1123,10
2020-07-02,Modoc,049,8938,1,0,0,0,0
2020-07-02,Mono,051,14174,54,37,0,37,1
2020-07-02,Monterey,053,433212,2481,1796,5,1801,15
2020-07-02,Napa,055,140530,532,352,0,352,4
2020-07-02,Nevada,057,99092,176,118,4,122,1
2020-07-02,Orange,059,3164182,25922,17056,229,17285,360
2020-07-02,Placer,061,380077,1073,740,1,741,11
2020-07-02,Plumas,063,18699,15,8,0,8,0
2020-07-02,Riverside,065,2383286,26329,20253,14,20267,458
2020-07-02,Sacramento,067,1510023,5133,3587,2,3589,70
2020-07-02,San Benito,069,59416,318,236,0,236,2
2020-07-02,San Bernardino,071,2135413,21757,13185,13,13198,260
2020-07-02,San Diego,073,3302833,19228,15208,2,15210,377
2020-07-02,San Francisco,075,870044,4309,3676,1,3677,50
2020-07-02,San Joaquin,077,732212,6361,4243,4,4247,56
2020-07-02,San Luis Obispo,079,281455,911,659,5,664,2
2020-07-02,San Mateo,081,765935,3877,3390,4,3394,107
2020-07-02,Santa Barbara,083,443738,4506,3385,19,3404,27
2020-07-02,Santa Clara,085,1922200,6199,4722,8,4730,160
2020-07-02,Santa Cruz,087,273765,531,414,1,415,2
2020-07-02,Shasta,089,179085,238,110,1,111,5
2020-07-02,Sierra,091,2930,1,1,0,1,0
2020-07-02,Siskiyou,093,43540,35,30,0,30,0
2020-07-02,Solano,095,438530,2111,1429,8,1437,21
2020-07-02,Sonoma,097,501317,1710,1244,4,1248,6
2020-07-02,Stanislaus,099,539301,4839,2850,6,2856,41
2020-07-02,Sutter,101,95872,279,195,0,195,2
2020-07-02,Tehama,103,63373,113,86,2,88,1
2020-07-02,Trinity,105,12862,10,2,4,6,0
2020-07-02,Tulare,107,460477,5942,4559,4,4563,132
2020-07-02,Tuolumne,109,53932,58,23,2,25,0
2020-07-02,Ventura,111,848112,4710,3394,12,3406,42
2020-07-02,Yolo,113,214977,841,554,3,557,24
2020-07-02,Yuba,115,75493,114,93,0,93,1
2020-07-01,Alameda,001,1643700,7585,6125,9,6134,137
2020-07-01,Alpine,003,1148,2,1,0,1,0
2020-07-01,Amador,005,37829,34,22,0,22,0
2020-07-01,Butte,007,227075,321,185,6,191,2
2020-07-01,Calaveras,009,45235,63,37,0,37,0
2020-07-01,Colusa,011,21464,103,53,0,53,0
2020-07-01,Contra Costa,013,1133247,4337,3259,4,3263,76
2020-07-01,Del Norte,015,27424,59,50,0,50,0
2020-07-01,El Dorado,017,186661,306,183,0,183,0
2020-07-01,Fresno,019,978130,10389,5111,66,5177,76
2020-07-01,Glenn,021,27897,170,110,0,110,0
2020-07-01,Humboldt,023,135768,164,134,0,134,3
2020-07-01,Imperial,025,180216,8296,6150,4,6154,46
2020-07-01,Inyo,027,18085,34,30,0,30,1
2020-07-01,Kern,029,883053,10255,4853,31,4884,78
2020-07-01,Kings,031,150075,2843,2360,8,2368,30
2020-07-01,Lake,033,64148,103,75,0,75,0
2020-07-01,Lassen,035,31185,252,217,2,219,0
2020-07-01,Los Angeles,037,10098052,124898,105325,42,105367,3408
2020-07-01,Madera,039,155013,1059,519,2,521,4
2020-07-01,Marin,041,260295,3145,1636,4,1640,17
2020-07-01,Mariposa,043,17540,35,29,0,29,1
2020-07-01,Mendocino,045,87422,96,70,0,70,0
2020-07-01,Merced,047,269075,1986,1052,1,1053,10
2020-07-01,Modoc,049,8938,1,0,0,0,0
2020-07-01,Mono,051,14174,51,37,0,37,1
2020-07-01,Monterey,053,433212,2374,1703,5,1708,15
2020-07-01,Napa,055,140530,509,347,0,347,4
2020-07-01,Nevada,057,99092,166,115,4,119,1
2020-07-01,Orange,059,3164182,25037,15662,207,15869,343
2020-07-01,Placer,061,380077,1025,713,1,714,11
2020-07-01,Plumas,063,18699,13,8,0,8,0
2020-07-01,Riverside,065,2383286,25488,19537,13,19550,457
2020-07-01,Sacramento,067,1510023,4878,3425,2,3427,64
2020-07-01,San Benito,069,59416,309,219,0,219,2
2020-07-01,San Bernardino,071,2135413,20859,12712,10,12722,253
2020-07-01,San Diego,073,3302833,18670,14624,2,14626,372
2020-07-01,San Francisco,075,870044,4216,3626,1,3627,50
2020-07-01,San Joaquin,077,732212,6003,3990,4,3994,54
2020-07-01,San Luis Obispo,079,281455,885,613,5,618,1
2020-07-01,San Mateo,081,765935,3815,3326,4,3330,84
2020-07-01,Santa Barbara,083,443738,4386,3268,18,3286,27
2020-07-01,Santa Clara,085,1922200,6014,4547,7,4554,159
2020-07-01,Santa Cruz,087,273765,510,398,0,398,2
2020-07-01,Shasta,089,179085,233,104,1,105,5
2020-07-01,Sierra,091,2930,1,1,0,1,0
2020-07-01,Siskiyou,093,43540,35,28,0,28,0
2020-07-01,Solano,095,438530,2022,1350,8,1358,21
2020-07-01,Sonoma,097,501317,1614,1178,4,1182,6
2020-07-01,Stanislaus,099,539301,4560,2619,6,2625,41
2020-07-01,Sutter,101,95872,266,188,0,188,2
2020-07-01,Tehama,103,63373,106,80,2,82,1
2020-07-01,Trinity,105,12862,10,2,3,5,0
2020-07-01,Tulare,107,460477,5763,4359,4,4363,128
2020-07-01,Tuolumne,109,53932,55,17,2,19,0
2020-07-01,Ventura,111,848112,4567,3224,10,3234,41
2020-07-01,Yolo,113,214977,791,526,3,529,24
2020-07-01,Yuba,115,75493,109,57,0,57,1
2020-06-30,Alameda,001,1643700,7336,5959,7,5966,137
2020-06-30,Alpine,003,1148,2,1,0,1,0
2020-06-30,Amador,005,37829,34,21,0,21,0
2020-06-30,Butte,007,227075,304,163,6,169,2
2020-06-30,Calaveras,009,45235,58,31,0,31,0
2020-06-30,Colusa,011,21464,94,33,0,33,0
2020-06-30,Contra Costa,013,1133247,4131,3140,4,3144,75
2020-06-30,Del Norte,015,27424,59,48,0,48,0
2020-06-30,El Dorado,017,186661,293,175,0,175,0
2020-06-30,Fresno,019,978130,9941,4826,62,4888,75
2020-06-30,Glenn,021,27897,165,96,0,96,0
2020-06-30,Humboldt,023,135768,160,132,0,132,3
2020-06-30,Imperial,025,180216,8199,5968,4,5972,45
2020-06-30,Inyo,027,18085,34,30,0,30,1
2020-06-30,Kern,029,883053,9607,4721,27,4748,75
2020-06-30,Kings,031,150075,2794,2315,5,2320,30
2020-06-30,Lake,033,64148,95,56,0,56,0
2020-06-30,Lassen,035,31185,245,215,2,217,0
2020-06-30,Los Angeles,037,10098052,121308,103640,39,103679,3378
2020-06-30,Madera,039,155013,1002,475,2,477,4
2020-06-30,Marin,041,260295,3074,1614,4,1618,17
2020-06-30,Mariposa,043,17540,34,27,0,27,1
2020-06-30,Mendocino,045,87422,91,65,0,65,0
2020-06-30,Merced,047,269075,1849,970,1,971,10
2020-06-30,Modoc,049,8938,1,0,0,0,0
2020-06-30,Mono,051,14174,49,36,0,36,1
2020-06-30,Monterey,053,433212,2276,1657,5,1662,15
2020-06-30,Napa,055,140530,484,342,0,342,4
2020-06-30,Nevada,057,99092,158,113,4,117,1
2020-06-30,Orange,059,3164182,24107,14354,197,14551,335
2020-06-30,Placer,061,380077,998,667,1,668,11
2020-06-30,Plumas,063,18699,12,8,0,8,0
2020-06-30,Riverside,065,2383286,24771,18656,13,18669,449
2020-06-30,Sacramento,067,1510023,4589,3246,2,3248,64
2020-06-30,San Benito,069,59416,298,200,0,200,2
2020-06-30,San Bernardino,071,2135413,19875,12375,10,12385,249
2020-06-30,San Diego,073,3302833,17967,14150,2,14152,365
2020-06-30,San Francisco,075,870044,4110,3555,1,3556,50
2020-06-30,San Joaquin,077,732212,5628,3744,4,3748,52
2020-06-30,San Luis Obispo,079,281455,849,583,5,588,1
2020-06-30,San Mateo,081,765935,3737,3268,4,3272,84
2020-06-30,Santa Barbara,083,443738,4269,3102,18,3120,25
2020-06-30,Santa Clara,085,1922200,5813,4346,7,4353,157
2020-06-30,Santa Cruz,087,273765,485,379,0,379,2
2020-06-30,Shasta,089,179085,217,100,1,101,5
2020-06-30,Sierra,091,2930,1,1,0,1,0
2020-06-30,Siskiyou,093,43540,34,26,0,26,0
2020-06-30,Solano,095,438530,1930,1256,8,1264,21
2020-06-30,Sonoma,097,501317,1549,1122,4,1126,6
2020-06-30,Stanislaus,099,539301,4262,2578,6,2584,41
2020-06-30,Sutter,101,95872,243,168,0,168,2
2020-06-30,Tehama,103,63373,104,75,2,77,1
2020-06-30,Trinity,105,12862,10,2,3,5,0
2020-06-30,Tulare,107,460477,5556,4207,4,4211,117
2020-06-30,Tuolumne,109,53932,51,16,2,18,0
2020-06-30,Ventura,111,848112,4433,3030,10,3040,40
2020-06-30,Yolo,113,214977,753,515,3,518,24
2020-06-30,Yuba,115,75493,105,55,0,55,1
2020-06-29,Alameda,001,1643700,7126,5766,7,5773,135
2020-06-29,Alpine,003,1148,2,1,0,1,0
2020-06-29,Amador,005,37829,31,20,0,20,0
2020-06-29,Butte,007,227075,283,157,6,163,2
2020-06-29,Calaveras,009,45235,56,30,0,30,0
2020-06-29,Colusa,011,21464,89,17,0,17,0
2020-06-29,Contra Costa,013,1133247,3968,2976,3,2979,75
2020-06-29,Del Norte,015,27424,59,47,0,47,0
2020-06-29,El Dorado,017,186661,279,163,0,163,0
2020-06-29,Fresno,019,978130,9593,4531,61,4592,74
2020-06-29,Glenn,021,27897,156,77,0,77,0
2020-06-29,Humboldt,023,135768,159,128,0,128,3
2020-06-29,Imperial,025,180216,8068,5512,4,5516,45
2020-06-29,Inyo,027,18085,33,29,0,29,1
2020-06-29,Kern,029,883053,8943,4613,25,4638,73
2020-06-29,Kings,031,150075,2730,2280,5,2285,20
2020-06-29,Lake,033,64148,88,53,0,53,0
2020-06-29,Lassen,035,31185,237,77,2,79,0
2020-06-29,Los Angeles,037,10098052,118261,100846,33,100879,3337
2020-06-29,Madera,039,155013,945,422,2,424,4
2020-06-29,Marin,041,260295,2998,1517,4,1521,17
2020-06-29,Mariposa,043,17540,32,25,0,25,1
2020-06-29,Mendocino,045,87422,88,63,0,63,0
2020-06-29,Merced,047,269075,1743,848,1,849,10
2020-06-29,Modoc,049,8938,1,0,0,0,0
2020-06-29,Mono,051,14174,47,35,0,35,1
2020-06-29,Monterey,053,433212,2204,1614,5,1619,14
2020-06-29,Napa,055,140530,463,317,0,317,4
2020-06-29,Nevada,057,99092,155,107,3,110,1
2020-06-29,Orange,059,3164182,23116,13682,181,13863,324
2020-06-29,Placer,061,380077,960,628,1,629,11
2020-06-29,Plumas,063,18699,12,6,0,6,0
2020-06-29,Riverside,065,2383286,23738,17683,13,17696,432
2020-06-29,Sacramento,067,1510023,4302,2985,2,2987,62
2020-06-29,San Benito,069,59416,283,193,0,193,2
2020-06-29,San Bernardino,071,2135413,18914,11643,10,11653,245
2020-06-29,San Diego,073,3302833,17391,13834,2,13836,361
2020-06-29,San Francisco,075,870044,4033,3389,1,3390,50
2020-06-29,San Joaquin,077,732212,5270,3202,4,3206,52
2020-06-29,San Luis Obispo,079,281455,815,544,5,549,1
2020-06-29,San Mateo,081,765935,3683,3170,4,3174,84
2020-06-29,Santa Barbara,083,443738,4159,2933,17,2950,25
2020-06-29,Santa Clara,085,1922200,5641,4231,7,4238,157
2020-06-29,Santa Cruz,087,273765,467,348,0,348,2
2020-06-29,Shasta,089,179085,209,94,1,95,5
2020-06-29,Sierra,091,2930,1,1,0,1,0
2020-06-29,Siskiyou,093,43540,34,25,0,25,0
2020-06-29,Solano,095,438530,1828,1077,8,1085,21
2020-06-29,Sonoma,097,501317,1477,1103,4,1107,5
2020-06-29,Stanislaus,099,539301,4056,2400,5,2405,36
2020-06-29,Sutter,101,95872,221,152,0,152,2
2020-06-29,Tehama,103,63373,100,63,2,65,1
2020-06-29,Trinity,105,12862,10,2,3,5,0
2020-06-29,Tulare,107,460477,5402,3906,4,3910,117
2020-06-29,Tuolumne,109,53932,47,16,2,18,0
2020-06-29,Ventura,111,848112,4286,2794,10,2804,40
2020-06-29,Yolo,113,214977,720,483,3,486,24
2020-06-29,Yuba,115,75493,92,55,0,55,1
2020-06-28,Alameda,001,1643700,6867,5698,7,5705,135
2020-06-28,Alpine,003,1148,2,1,0,1,0
2020-06-28,Amador,005,37829,29,20,0,20,0
2020-06-28,Butte,007,227075,264,150,6,156,2
2020-06-28,Calaveras,009,45235,51,30,0,30,0
2020-06-28,Colusa,011,21464,74,17,0,17,0
2020-06-28,Contra Costa,013,1133247,3778,2803,3,2806,73
2020-06-28,Del Norte,015,27424,58,47,0,47,0
2020-06-28,El Dorado,017,186661,267,162,0,162,0
2020-06-28,Fresno,019,978130,9232,4365,61,4426,74
2020-06-28,Glenn,021,27897,148,77,0,77,0
2020-06-28,Humboldt,023,135768,156,127,0,127,3
2020-06-28,Imperial,025,180216,7880,5513,4,5517,45
2020-06-28,Inyo,027,18085,33,29,0,29,1
2020-06-28,Kern,029,883053,8390,4541,23,4564,72
2020-06-28,Kings,031,150075,2671,2234,5,2239,18
2020-06-28,Lake,033,64148,84,53,0,53,0
2020-06-28,Lassen,035,31185,237,77,2,79,0
2020-06-28,Los Angeles,037,10098052,115056,98003,29,98032,3316
2020-06-28,Madera,039,155013,897,424,2,426,4
2020-06-28,Marin,041,260295,2652,1473,4,1477,17
2020-06-28,Mariposa,043,17540,32,24,0,24,1
2020-06-28,Mendocino,045,87422,86,63,0,63,0
2020-06-28,Merced,047,269075,1630,814,1,815,10
2020-06-28,Modoc,049,8938,1,0,0,0,0
2020-06-28,Mono,051,14174,47,35,0,35,1
2020-06-28,Monterey,053,433212,2122,1560,5,1565,13
2020-06-28,Napa,055,140530,429,307,0,307,4
2020-06-28,Nevada,057,99092,144,102,3,105,1
2020-06-28,Orange,059,3164182,22141,13213,162,13375,324
2020-06-28,Placer,061,380077,920,618,1,619,11
2020-06-28,Plumas,063,18699,11,6,0,6,0
2020-06-28,Riverside,065,2383286,22911,16848,12,16860,432
2020-06-28,Sacramento,067,1510023,4074,2803,2,2805,63
2020-06-28,San Benito,069,59416,272,190,0,190,2
2020-06-28,San Bernardino,071,2135413,18160,11344,9,11353,245
2020-06-28,San Diego,073,3302833,16846,13333,2,13335,361
2020-06-28,San Francisco,075,870044,3954,3388,1,3389,50
2020-06-28,San Joaquin,077,732212,4932,3201,4,3205,52
2020-06-28,San Luis Obispo,079,281455,776,531,4,535,1
2020-06-28,San Mateo,081,765935,3605,3124,4,3128,84
2020-06-28,Santa Barbara,083,443738,4014,2872,17,2889,25
2020-06-28,Santa Clara,085,1922200,5480,4131,7,4138,156
2020-06-28,Santa Cruz,087,273765,444,349,0,349,2
2020-06-28,Shasta,089,179085,196,89,0,89,5
2020-06-28,Sierra,091,2930,1,1,0,1,0
2020-06-28,Siskiyou,093,43540,34,25,0,25,0
2020-06-28,Solano,095,438530,1753,1077,8,1085,21
2020-06-28,Sonoma,097,501317,1423,1084,4,1088,5
2020-06-28,Stanislaus,099,539301,3850,2376,5,2381,36
2020-06-28,Sutter,101,95872,195,145,0,145,2
2020-06-28,Tehama,103,63373,93,63,2,65,1
2020-06-28,Trinity,105,12862,10,2,3,5,0
2020-06-28,Tulare,107,460477,5237,3812,4,3816,117
2020-06-28,Tuolumne,109,53932,42,14,2,16,0
2020-06-28,Ventura,111,848112,4128,2650,10,2660,40
2020-06-28,Yolo,113,214977,685,468,3,471,24
2020-06-28,Yuba,115,75493,88,39,0,39,1
2020-06-27,Alameda,001,1643700,6772,5581,7,5588,135
2020-06-27,Alpine,003,1148,2,1,0,1,0
2020-06-27,Amador,005,37829,27,20,0,20,0
2020-06-27,Butte,007,227075,256,137,6,143,2
2020-06-27,Calaveras,009,45235,49,30,0,30,0
2020-06-27,Colusa,011,21464,68,17,0,17,0
2020-06-27,Contra Costa,013,1133247,3683,2717,2,2719,72
2020-06-27,Del Norte,015,27424,58,47,0,47,0
2020-06-27,El Dorado,017,186661,261,159,0,159,0
2020-06-27,Fresno,019,978130,8986,4238,61,4299,74
2020-06-27,Glenn,021,27897,144,77,0,77,0
2020-06-27,Humboldt,023,135768,154,127,0,127,3
2020-06-27,Imperial,025,180216,7818,5513,4,5517,45
2020-06-27,Inyo,027,18085,33,29,0,29,1
2020-06-27,Kern,029,883053,8125,4411,22,4433,70
2020-06-27,Kings,031,150075,2645,2187,5,2192,18
2020-06-27,Lake,033,64148,81,42,0,42,0
2020-06-27,Lassen,035,31185,237,33,2,35,0
2020-06-27,Los Angeles,037,10098052,113315,95341,26,95367,3291
2020-06-27,Madera,039,155013,854,427,1,428,4
2020-06-27,Marin,041,260295,2607,1423,4,1427,17
2020-06-27,Mariposa,043,17540,31,22,0,22,1
2020-06-27,Mendocino,045,87422,86,63,0,63,0
2020-06-27,Merced,047,269075,1572,807,0,807,10
2020-06-27,Modoc,049,8938,1,0,0,0,0
2020-06-27,Mono,051,14174,46,35,0,35,1
2020-06-27,Monterey,053,433212,2058,1455,5,1460,12
2020-06-27,Napa,055,140530,419,282,0,282,3
2020-06-27,Nevada,057,99092,140,102,2,104,1
2020-06-27,Orange,059,3164182,21631,12951,157,13108,320
2020-06-27,Placer,061,380077,899,584,1,585,10
2020-06-27,Plumas,063,18699,11,6,0,6,0
2020-06-27,Riverside,065,2383286,22521,16209,12,16221,432
2020-06-27,Sacramento,067,1510023,3957,2685,2,2687,63
2020-06-27,San Benito,069,59416,265,182,0,182,2
2020-06-27,San Bernardino,071,2135413,17782,11238,9,11247,243
2020-06-27,San Diego,073,3302833,16481,12836,2,12838,360
2020-06-27,San Francisco,075,870044,3899,3332,1,3333,49
2020-06-27,San Joaquin,077,732212,4767,2995,4,2999,52
2020-06-27,San Luis Obispo,079,281455,752,505,4,509,1
2020-06-27,San Mateo,081,765935,3548,3083,4,3087,83
2020-06-27,Santa Barbara,083,443738,3942,2799,17,2816,25
2020-06-27,Santa Clara,085,1922200,5375,4006,7,4013,157
2020-06-27,Santa Cruz,087,273765,437,347,0,347,2
2020-06-27,Shasta,089,179085,191,87,0,87,5
2020-06-27,Sierra,091,2930,1,1,0,1,0
2020-06-27,Siskiyou,093,43540,34,25,0,25,0
2020-06-27,Solano,095,438530,1720,1076,8,1084,21
2020-06-27,Sonoma,097,501317,1392,1004,4,1008,5
2020-06-27,Stanislaus,099,539301,3750,2164,5,2169,36
2020-06-27,Sutter,101,95872,188,141,0,141,2
2020-06-27,Tehama,103,63373,90,63,2,65,1
2020-06-27,Trinity,105,12862,10,2,3,5,0
2020-06-27,Tulare,107,460477,5141,3810,4,3814,117
2020-06-27,Tuolumne,109,53932,41,13,2,15,0
2020-06-27,Ventura,111,848112,4029,2471,10,2481,40
2020-06-27,Yolo,113,214977,660,432,3,435,24
2020-06-27,Yuba,115,75493,80,39,0,39,1
2020-06-26,Alameda,001,1643700,6686,5502,6,5508,132
2020-06-26,Alpine,003,1148,2,1,0,1,0
2020-06-26,Amador,005,37829,26,20,0,20,0
2020-06-26,Butte,007,227075,241,135,6,141,2
2020-06-26,Calaveras,009,45235,47,30,0,30,0
2020-06-26,Colusa,011,21464,63,17,0,17,0
2020-06-26,Contra Costa,013,1133247,3570,2676,2,2678,72
2020-06-26,Del Norte,015,27424,57,47,0,47,0
2020-06-26,El Dorado,017,186661,253,159,0,159,0
2020-06-26,Fresno,019,978130,8760,4166,61,4227,74
2020-06-26,Glenn,021,27897,137,71,0,71,0
2020-06-26,Humboldt,023,135768,152,126,0,126,3
2020-06-26,Imperial,025,180216,7754,5400,4,5404,44
2020-06-26,Inyo,027,18085,32,29,0,29,1
2020-06-26,Kern,029,883053,7793,4366,22,4388,70
2020-06-26,Kings,031,150075,2613,2176,4,2180,18
2020-06-26,Lake,033,64148,80,42,0,42,0
2020-06-26,Lassen,035,31185,236,30,2,32,0
2020-06-26,Los Angeles,037,10098052,111151,93328,26,93354,3275
2020-06-26,Madera,039,155013,822,409,1,410,4
2020-06-26,Marin,041,260295,2571,1406,4,1410,17
2020-06-26,Mariposa,043,17540,30,21,0,21,1
2020-06-26,Mendocino,045,87422,83,63,0,63,0
2020-06-26,Merced,047,269075,1526,797,0,797,10
2020-06-26,Modoc,049,8938,1,0,0,0,0
2020-06-26,Mono,051,14174,45,35,0,35,1
2020-06-26,Monterey,053,433212,2006,1449,5,1454,12
2020-06-26,Napa,055,140530,409,277,0,277,3
2020-06-26,Nevada,057,99092,136,101,1,102,1
2020-06-26,Orange,059,3164182,20955,12659,154,12813,320
2020-06-26,Placer,061,380077,872,584,1,585,10
2020-06-26,Plumas,063,18699,11,6,0,6,0
2020-06-26,Riverside,065,2383286,22059,15858,12,15870,430
2020-06-26,Sacramento,067,1510023,3792,2687,2,2689,63
2020-06-26,San Benito,069,59416,261,176,0,176,2
2020-06-26,San Bernardino,071,2135413,17405,11111,9,11120,243
2020-06-26,San Diego,073,3302833,16116,12402,2,12404,358
2020-06-26,San Francisco,075,870044,3843,3330,1,3331,49
2020-06-26,San Joaquin,077,732212,4552,2943,4,2947,52
2020-06-26,San Luis Obispo,079,281455,737,498,4,502,1
2020-06-26,San Mateo,081,765935,3496,3055,4,3059,83
2020-06-26,Santa Barbara,083,443738,3852,2784,15,2799,25
2020-06-26,Santa Clara,085,1922200,5274,3968,7,3975,156
2020-06-26,Santa Cruz,087,273765,430,344,0,344,2
2020-06-26,Shasta,089,179085,184,86,0,86,5
2020-06-26,Sierra,091,2930,1,1,0,1,0
2020-06-26,Siskiyou,093,43540,33,24,0,24,0
2020-06-26,Solano,095,438530,1678,1068,8,1076,21
2020-06-26,Sonoma,097,501317,1360,977,4,981,5
2020-06-26,Stanislaus,099,539301,3637,2157,5,2162,36
2020-06-26,Sutter,101,95872,181,138,0,138,2
2020-06-26,Tehama,103,63373,87,63,2,65,1
2020-06-26,Trinity,105,12862,10,2,3,5,0
2020-06-26,Tulare,107,460477,5052,3720,4,3724,117
2020-06-26,Tuolumne,109,53932,39,10,2,12,0
2020-06-26,Ventura,111,848112,3943,2444,10,2454,40
2020-06-26,Yolo,113,214977,636,418,3,421,24
2020-06-26,Yuba,115,75493,74,38,0,38,1
2020-06-25,Alameda,001,1643700,6495,5398,6,5404,130
2020-06-25,Alpine,003,1148,2,1,0,1,0
2020-06-25,Amador,005,37829,25,18,0,18,0
2020-06-25,Butte,007,227075,236,127,6,133,1
2020-06-25,Calaveras,009,45235,42,26,0,26,0
2020-06-25,Colusa,011,21464,53,14,0,14,0
2020-06-25,Contra Costa,013,1133247,3385,2591,2,2593,71
2020-06-25,Del Norte,015,27424,55,47,0,47,0
2020-06-25,El Dorado,017,186661,245,150,0,150,0
2020-06-25,Fresno,019,978130,8448,3938,60,3998,71
2020-06-25,Glenn,021,27897,132,59,0,59,0
2020-06-25,Humboldt,023,135768,151,121,0,121,3
2020-06-25,Imperial,025,180216,7626,5192,4,5196,44
2020-06-25,Inyo,027,18085,29,27,0,27,1
2020-06-25,Kern,029,883053,7368,4236,19,4255,69
2020-06-25,Kings,031,150075,2561,2110,4,2114,17
2020-06-25,Lake,033,64148,79,42,0,42,0
2020-06-25,Lassen,035,31185,230,13,2,15,0
2020-06-25,Los Angeles,037,10098052,108383,91524,26,91550,3239
2020-06-25,Madera,039,155013,778,380,1,381,4
2020-06-25,Marin,041,260295,2469,1321,4,1325,17
2020-06-25,Mariposa,043,17540,29,20,0,20,1
2020-06-25,Mendocino,045,87422,80,61,0,61,0
2020-06-25,Merced,047,269075,1439,747,0,747,10
2020-06-25,Modoc,049,8938,1,0,0,0,0
2020-06-25,Mono,051,14174,44,35,0,35,1
2020-06-25,Monterey,053,433212,1918,1426,4,1430,12
2020-06-25,Napa,055,140530,391,260,0,260,3
2020-06-25,Nevada,057,99092,128,92,1,93,1
2020-06-25,Orange,059,3164182,20031,12221,152,12373,311
2020-06-25,Placer,061,380077,822,574,1,575,10
2020-06-25,Plumas,063,18699,10,6,0,6,0
2020-06-25,Riverside,065,2383286,21304,15224,12,15236,427
2020-06-25,Sacramento,067,1510023,3569,2519,2,2521,62
2020-06-25,San Benito,069,59416,253,174,0,174,2
2020-06-25,San Bernardino,071,2135413,16653,10590,9,10599,242
2020-06-25,San Diego,073,3302833,15577,11963,2,11965,352
2020-06-25,San Francisco,075,870044,3778,3252,1,3253,48
2020-06-25,San Joaquin,077,732212,4279,2803,4,2807,50
2020-06-25,San Luis Obispo,079,281455,705,473,4,477,1
2020-06-25,San Mateo,081,765935,3428,2996,4,3000,82
2020-06-25,Santa Barbara,083,443738,3746,2622,14,2636,25
2020-06-25,Santa Clara,085,1922200,5126,3871,7,3878,156
2020-06-25,Santa Cruz,087,273765,418,335,0,335,2
2020-06-25,Shasta,089,179085,174,84,0,84,5
2020-06-25,Sierra,091,2930,1,1,0,1,0
2020-06-25,Siskiyou,093,43540,32,24,0,24,0
2020-06-25,Solano,095,438530,1625,1034,8,1042,21
2020-06-25,Sonoma,097,501317,1313,953,3,956,5
2020-06-25,Stanislaus,099,539301,3425,2130,5,2135,36
2020-06-25,Sutter,101,95872,169,126,0,126,2
2020-06-25,Tehama,103,63373,83,59,2,61,1
2020-06-25,Trinity,105,12862,10,2,3,5,0
2020-06-25,Tulare,107,460477,4922,3656,4,3660,117
2020-06-25,Tuolumne,109,53932,38,10,2,12,0
2020-06-25,Ventura,111,848112,3761,2346,9,2355,40
2020-06-25,Yolo,113,214977,606,397,3,400,24
2020-06-25,Yuba,115,75493,63,38,0,38,1
2020-06-24,Alameda,001,1643700,6333,5242,6,5248,123
2020-06-24,Alpine,003,1148,2,1,0,1,0
2020-06-24,Amador,005,37829,23,16,0,16,0
2020-06-24,Butte,007,227075,220,119,6,125,1
2020-06-24,Calaveras,009,45235,40,26,0,26,0
2020-06-24,Colusa,011,21464,44,11,0,11,0
2020-06-24,Contra Costa,013,1133247,3230,2520,2,2522,66
2020-06-24,Del Norte,015,27424,49,47,0,47,0
2020-06-24,El Dorado,017,186661,229,149,0,149,0
2020-06-24,Fresno,019,978130,8117,3765,60,3825,71
2020-06-24,Glenn,021,27897,124,54,0,54,0
2020-06-24,Humboldt,023,135768,151,117,0,117,3
2020-06-24,Imperial,025,180216,7508,5138,4,5142,38
2020-06-24,Inyo,027,18085,29,28,0,28,1
2020-06-24,Kern,029,883053,6975,4155,17,4172,67
2020-06-24,Kings,031,150075,2499,2063,4,2067,16
2020-06-24,Lake,033,64148,66,40,0,40,0
2020-06-24,Lassen,035,31185,229,9,2,11,0
2020-06-24,Los Angeles,037,10098052,105624,89566,26,89592,3186
2020-06-24,Madera,039,155013,756,373,1,374,4
2020-06-24,Marin,041,260295,2241,1261,4,1265,17
2020-06-24,Mariposa,043,17540,28,19,0,19,1
2020-06-24,Mendocino,045,87422,80,60,0,60,0
2020-06-24,Merced,047,269075,1353,696,0,696,8
2020-06-24,Modoc,049,8938,1,0,0,0,0
2020-06-24,Mono,051,14174,42,35,0,35,1
2020-06-24,Monterey,053,433212,1841,1407,4,1411,12
2020-06-24,Napa,055,140530,373,258,0,258,3
2020-06-24,Nevada,057,99092,122,92,1,93,1
2020-06-24,Orange,059,3164182,19037,11804,134,11938,303
2020-06-24,Placer,061,380077,783,548,1,549,10
2020-06-24,Plumas,063,18699,10,6,0,6,0
2020-06-24,Riverside,065,2383286,20459,14946,12,14958,410
2020-06-24,Sacramento,067,1510023,3364,2446,2,2448,62
2020-06-24,San Benito,069,59416,249,171,0,171,2
2020-06-24,San Bernardino,071,2135413,15842,10211,8,10219,239
2020-06-24,San Diego,073,3302833,15077,11628,2,11630,347
2020-06-24,San Francisco,075,870044,3715,3216,1,3217,48
2020-06-24,San Joaquin,077,732212,4058,2680,4,2684,49
2020-06-24,San Luis Obispo,079,281455,673,461,3,464,1
2020-06-24,San Mateo,081,765935,3371,2964,4,2968,82
2020-06-24,Santa Barbara,083,443738,3626,2569,12,2581,22
2020-06-24,Santa Clara,085,1922200,4995,3812,7,3819,155
2020-06-24,Santa Cruz,087,273765,406,329,0,329,2
2020-06-24,Shasta,089,179085,166,83,0,83,5
2020-06-24,Sierra,091,2930,1,1,0,1,0
2020-06-24,Siskiyou,093,43540,31,24,0,24,0
2020-06-24,Solano,095,438530,1535,979,7,986,21
2020-06-24,Sonoma,097,501317,1264,933,3,936,4
2020-06-24,Stanislaus,099,539301,3246,2039,5,2044,36
2020-06-24,Sutter,101,95872,156,118,0,118,2
2020-06-24,Tehama,103,63373,81,55,2,57,1
2020-06-24,Trinity,105,12862,10,2,2,4,0
2020-06-24,Tulare,107,460477,4769,3541,4,3545,116
2020-06-24,Tuolumne,109,53932,33,9,2,11,0
2020-06-24,Ventura,111,848112,3420,2314,9,2323,42
2020-06-24,Yolo,113,214977,571,376,3,379,24
2020-06-24,Yuba,115,75493,57,37,0,37,1
2020-06-23,Alameda,001,1643700,6152,5159,6,5165,121
2020-06-23,Alpine,003,1148,2,1,0,1,0
2020-06-23,Amador,005,37829,22,13,0,13,0
2020-06-23,Butte,007,227075,202,111,6,117,1
2020-06-23,Calaveras,009,45235,40,26,0,26,0
2020-06-23,Colusa,011,21464,40,7,0,7,0
2020-06-23,Contra Costa,013,1133247,3104,2453,2,2455,60
2020-06-23,Del Norte,015,27424,48,46,0,46,0
2020-06-23,El Dorado,017,186661,220,142,0,142,0
2020-06-23,Fresno,019,978130,7467,3569,58,3627,67
2020-06-23,Glenn,021,27897,120,47,0,47,0
2020-06-23,Humboldt,023,135768,151,110,0,110,3
2020-06-23,Imperial,025,180216,7345,5025,4,5029,38
2020-06-23,Inyo,027,18085,29,26,0,26,1
2020-06-23,Kern,029,883053,6607,4087,14,4101,64
2020-06-23,Kings,031,150075,2434,1727,4,1731,16
2020-06-23,Lake,033,64148,60,40,0,40,0
2020-06-23,Lassen,035,31185,225,9,2,11,0
2020-06-23,Los Angeles,037,10098052,102686,88433,24,88457,3152
2020-06-23,Madera,039,155013,717,369,1,370,4
2020-06-23,Marin,041,260295,1973,1139,4,1143,17
2020-06-23,Mariposa,043,17540,26,18,0,18,1
2020-06-23,Mendocino,045,87422,79,61,0,61,0
2020-06-23,Merced,047,269075,1256,656,0,656,8
2020-06-23,Modoc,049,8938,1,0,0,0,0
2020-06-23,Mono,051,14174,42,35,0,35,1
2020-06-23,Monterey,053,433212,1771,1346,4,1350,12
2020-06-23,Napa,055,140530,358,230,0,230,3
2020-06-23,Nevada,057,99092,116,81,1,82,1
2020-06-23,Orange,059,3164182,18067,11071,131,11202,278
2020-06-23,Placer,061,380077,755,525,1,526,10
2020-06-23,Plumas,063,18699,9,6,0,6,0
2020-06-23,Riverside,065,2383286,19440,14469,12,14481,406
2020-06-23,Sacramento,067,1510023,3185,2374,2,2376,62
2020-06-23,San Benito,069,59416,235,167,0,167,2
2020-06-23,San Bernardino,071,2135413,15059,9771,8,9779,229
2020-06-23,San Diego,073,3302833,14557,11296,2,11298,341
2020-06-23,San Francisco,075,870044,3642,3177,1,3178,48
2020-06-23,San Joaquin,077,732212,3799,2502,4,2506,48
2020-06-23,San Luis Obispo,079,281455,642,445,3,448,1
2020-06-23,San Mateo,081,765935,3306,2907,4,2911,81
2020-06-23,Santa Barbara,083,443738,3530,2498,12,2510,22
2020-06-23,Santa Clara,085,1922200,4849,3700,7,3707,155
2020-06-23,Santa Cruz,087,273765,396,313,0,313,2
2020-06-23,Shasta,089,179085,157,81,0,81,5
2020-06-23,Sierra,091,2930,1,1,0,1,0
2020-06-23,Siskiyou,093,43540,29,24,0,24,0
2020-06-23,Solano,095,438530,1478,941,6,947,21
2020-06-23,Sonoma,097,501317,1211,912,3,915,4
2020-06-23,Stanislaus,099,539301,3069,1850,5,1855,35
2020-06-23,Sutter,101,95872,146,112,0,112,2
2020-06-23,Tehama,103,63373,79,50,2,52,1
2020-06-23,Trinity,105,12862,10,2,2,4,0
2020-06-23,Tulare,107,460477,4647,3456,4,3460,111
2020-06-23,Tuolumne,109,53932,28,9,1,10,0
2020-06-23,Ventura,111,848112,3260,2209,8,2217,40
2020-06-23,Yolo,113,214977,545,350,0,350,24
2020-06-23,Yuba,115,75493,54,35,0,35,1
2020-06-22,Alameda,001,1643700,6001,4944,6,4950,121
2020-06-22,Alpine,003,1148,2,1,0,1,0
2020-06-22,Amador,005,37829,19,12,0,12,0
2020-06-22,Butte,007,227075,183,104,6,110,1
2020-06-22,Calaveras,009,45235,38,20,0,20,0
2020-06-22,Colusa,011,21464,37,7,0,7,0
2020-06-22,Contra Costa,013,1133247,2962,2363,2,2365,60
2020-06-22,Del Norte,015,27424,48,46,0,46,0
2020-06-22,El Dorado,017,186661,211,137,0,137,0
2020-06-22,Fresno,019,978130,6935,3425,58,3483,67
2020-06-22,Glenn,021,27897,111,40,0,40,0
2020-06-22,Humboldt,023,135768,148,110,0,110,3
2020-06-22,Imperial,025,180216,7189,4700,4,4704,38
2020-06-22,Inyo,027,18085,29,26,0,26,1
2020-06-22,Kern,029,883053,6255,3982,12,3994,60
2020-06-22,Kings,031,150075,2386,1513,4,1517,13
2020-06-22,Lake,033,64148,54,37,0,37,0
2020-06-22,Lassen,035,31185,115,7,2,9,0
2020-06-22,Los Angeles,037,10098052,99789,85925,23,85948,3117
2020-06-22,Madera,039,155013,692,333,1,334,4
2020-06-22,Marin,041,260295,1716,1029,4,1033,17
2020-06-22,Mariposa,043,17540,25,18,0,18,1
2020-06-22,Mendocino,045,87422,74,48,0,48,0
2020-06-22,Merced,047,269075,1167,619,0,619,8
2020-06-22,Modoc,049,8938,1,0,0,0,0
2020-06-22,Mono,051,14174,42,34,0,34,1
2020-06-22,Monterey,053,433212,1710,1293,4,1297,12
2020-06-22,Napa,055,140530,334,222,0,222,3
2020-06-22,Nevada,057,99092,111,79,1,80,1
2020-06-22,Orange,059,3164182,17137,10711,128,10839,275
2020-06-22,Placer,061,380077,730,512,1,513,9
2020-06-22,Plumas,063,18699,7,6,0,6,0
2020-06-22,Riverside,065,2383286,18468,13948,12,13960,403
2020-06-22,Sacramento,067,1510023,2969,2243,2,2245,62
2020-06-22,San Benito,069,59416,226,164,0,164,2
2020-06-22,San Bernardino,071,2135413,14283,9133,8,9141,229
2020-06-22,San Diego,073,3302833,14066,11098,2,11100,338
2020-06-22,San Francisco,075,870044,3549,3000,1,3001,47
2020-06-22,San Joaquin,077,732212,3551,2332,4,2336,48
2020-06-22,San Luis Obispo,079,281455,610,422,3,425,1
2020-06-22,San Mateo,081,765935,3233,2813,4,2817,81
2020-06-22,Santa Barbara,083,443738,3438,2447,12,2459,21
2020-06-22,Santa Clara,085,1922200,4689,3580,7,3587,155
2020-06-22,Santa Cruz,087,273765,383,290,0,290,3
2020-06-22,Shasta,089,179085,154,77,0,77,5
2020-06-22,Sierra,091,2930,1,1,0,1,0
2020-06-22,Siskiyou,093,43540,29,23,0,23,0
2020-06-22,Solano,095,438530,1400,784,5,789,21
2020-06-22,Sonoma,097,501317,1166,860,1,861,4
2020-06-22,Stanislaus,099,539301,2884,1784,5,1789,35
2020-06-22,Sutter,101,95872,137,100,0,100,2
2020-06-22,Tehama,103,63373,75,38,2,40,1
2020-06-22,Trinity,105,12862,10,2,2,4,0
2020-06-22,Tulare,107,460477,4510,3185,4,3189,111
2020-06-22,Tuolumne,109,53932,19,8,1,9,0
2020-06-22,Ventura,111,848112,3111,2065,8,2073,39
2020-06-22,Yolo,113,214977,518,333,0,333,24
2020-06-22,Yuba,115,75493,49,36,0,36,1
2020-06-21,Alameda,001,1643700,5805,4835,6,4841,121
2020-06-21,Alpine,003,1148,2,1,0,1,0
2020-06-21,Amador,005,37829,14,12,0,12,0
2020-06-21,Butte,007,227075,169,97,6,103,1
2020-06-21,Calaveras,009,45235,38,20,0,20,0
2020-06-21,Colusa,011,21464,29,7,0,7,0
2020-06-21,Contra Costa,013,1133247,2836,2282,2,2284,60
2020-06-21,Del Norte,015,27424,47,46,0,46,0
2020-06-21,El Dorado,017,186661,202,132,0,132,0
2020-06-21,Fresno,019,978130,6365,3296,57,3353,67
2020-06-21,Glenn,021,27897,102,40,0,40,0
2020-06-21,Humboldt,023,135768,143,108,0,108,3
2020-06-21,Imperial,025,180216,7006,4701,4,4705,38
2020-06-21,Inyo,027,18085,27,26,0,26,1
2020-06-21,Kern,029,883053,5963,3918,11,3929,60
2020-06-21,Kings,031,150075,2323,1334,4,1338,11
2020-06-21,Lake,033,64148,49,36,0,36,0
2020-06-21,Lassen,035,31185,22,7,2,9,0
2020-06-21,Los Angeles,037,10098052,96908,83383,23,83406,3101
2020-06-21,Madera,039,155013,658,319,1,320,4
2020-06-21,Marin,041,260295,1559,907,4,911,17
2020-06-21,Mariposa,043,17540,22,18,0,18,1
2020-06-21,Mendocino,045,87422,71,48,0,48,0
2020-06-21,Merced,047,269075,1072,577,0,577,8
2020-06-21,Modoc,049,8938,1,0,0,0,0
2020-06-21,Mono,051,14174,42,34,0,34,1
2020-06-21,Monterey,053,433212,1637,1227,4,1231,12
2020-06-21,Napa,055,140530,319,218,0,218,3
2020-06-21,Nevada,057,99092,108,79,1,80,1
2020-06-21,Orange,059,3164182,16295,10563,124,10687,275
2020-06-21,Placer,061,380077,691,498,1,499,9
2020-06-21,Plumas,063,18699,7,6,0,6,0
2020-06-21,Riverside,065,2383286,17763,13528,11,13539,402
2020-06-21,Sacramento,067,1510023,2768,2156,2,2158,62
2020-06-21,San Benito,069,59416,212,151,0,151,2
2020-06-21,San Bernardino,071,2135413,13506,8925,7,8932,229
2020-06-21,San Diego,073,3302833,13521,10796,2,10798,338
2020-06-21,San Francisco,075,870044,3443,3000,1,3001,47
2020-06-21,San Joaquin,077,732212,3315,2188,4,2192,48
2020-06-21,San Luis Obispo,079,281455,585,418,3,421,1
2020-06-21,San Mateo,081,765935,3175,2781,4,2785,81
2020-06-21,Santa Barbara,083,443738,3331,2430,11,2441,21
2020-06-21,Santa Clara,085,1922200,4551,3514,7,3521,154
2020-06-21,Santa Cruz,087,273765,373,290,0,290,3
2020-06-21,Shasta,089,179085,144,75,0,75,5
2020-06-21,Sierra,091,2930,1,1,0,1,0
2020-06-21,Siskiyou,093,43540,29,23,0,23,0
2020-06-21,Solano,095,438530,1300,783,4,787,21
2020-06-21,Sonoma,097,501317,1116,836,1,837,4
2020-06-21,Stanislaus,099,539301,2698,1688,5,1693,35
2020-06-21,Sutter,101,95872,129,96,0,96,2
2020-06-21,Tehama,103,63373,64,35,2,37,1
2020-06-21,Trinity,105,12862,10,2,2,4,0
2020-06-21,Tulare,107,460477,4342,3173,4,3177,111
2020-06-21,Tuolumne,109,53932,17,8,1,9,0
2020-06-21,Ventura,111,848112,2933,2021,8,2029,39
2020-06-21,Yolo,113,214977,486,323,0,323,24
2020-06-21,Yuba,115,75493,45,35,0,35,1
2020-06-20,Alameda,001,1643700,5743,4758,6,4764,119
2020-06-20,Alpine,003,1148,2,1,0,1,0
2020-06-20,Amador,005,37829,14,12,0,12,0
2020-06-20,Butte,007,227075,162,94,6,100,1
2020-06-20,Calaveras,009,45235,38,20,0,20,0
2020-06-20,Colusa,011,21464,26,7,0,7,0
2020-06-20,Contra Costa,013,1133247,2777,2231,2,2233,54
2020-06-20,Del Norte,015,27424,47,46,0,46,0
2020-06-20,El Dorado,017,186661,197,130,0,130,0
2020-06-20,Fresno,019,978130,6240,3222,55,3277,67
2020-06-20,Glenn,021,27897,97,40,0,40,0
2020-06-20,Humboldt,023,135768,143,108,0,108,3
2020-06-20,Imperial,025,180216,6925,4616,4,4620,37
2020-06-20,Inyo,027,18085,27,26,0,26,1
2020-06-20,Kern,029,883053,5798,3836,11,3847,59
2020-06-20,Kings,031,150075,2299,1331,4,1335,9
2020-06-20,Lake,033,64148,49,37,0,37,0
2020-06-20,Lassen,035,31185,21,7,2,9,0
2020-06-20,Los Angeles,037,10098052,95335,81604,22,81626,3093
2020-06-20,Madera,039,155013,625,321,1,322,4
2020-06-20,Marin,041,260295,1539,879,4,883,17
2020-06-20,Mariposa,043,17540,22,18,0,18,1
2020-06-20,Mendocino,045,87422,70,48,0,48,0
2020-06-20,Merced,047,269075,1032,566,0,566,8
2020-06-20,Modoc,049,8938,1,0,0,0,0
2020-06-20,Mono,051,14174,42,34,0,34,1
2020-06-20,Monterey,053,433212,1601,1181,4,1185,12
2020-06-20,Napa,055,140530,310,212,0,212,3
2020-06-20,Nevada,057,99092,105,73,1,74,1
2020-06-20,Orange,059,3164182,15947,10284,120,10404,273
2020-06-20,Placer,061,380077,666,483,1,484,9
2020-06-20,Plumas,063,18699,6,6,0,6,0
2020-06-20,Riverside,065,2383286,17464,13021,11,13032,402
2020-06-20,Sacramento,067,1510023,2697,2069,2,2071,63
2020-06-20,San Benito,069,59416,208,139,0,139,2
2020-06-20,San Bernardino,071,2135413,13144,8718,7,8725,229
2020-06-20,San Diego,073,3302833,13198,10486,2,10488,338
2020-06-20,San Francisco,075,870044,3399,2999,1,3000,47
2020-06-20,San Joaquin,077,732212,3232,2046,4,2050,48
2020-06-20,San Luis Obispo,079,281455,572,405,3,408,1
2020-06-20,San Mateo,081,765935,3127,2755,4,2759,81
2020-06-20,Santa Barbara,083,443738,3275,2358,10,2368,21
2020-06-20,Santa Clara,085,1922200,4478,3435,7,3442,154
2020-06-20,Santa Cruz,087,273765,371,287,0,287,3
2020-06-20,Shasta,089,179085,138,66,0,66,5
2020-06-20,Sierra,091,2930,1,1,0,1,0
2020-06-20,Siskiyou,093,43540,28,22,0,22,0
2020-06-20,Solano,095,438530,1276,784,4,788,21
2020-06-20,Sonoma,097,501317,1080,806,1,807,4
2020-06-20,Stanislaus,099,539301,2590,1598,5,1603,35
2020-06-20,Sutter,101,95872,127,89,0,89,2
2020-06-20,Tehama,103,63373,62,35,2,37,1
2020-06-20,Trinity,105,12862,10,2,2,4,0
2020-06-20,Tulare,107,460477,4269,3172,4,3176,111
2020-06-20,Tuolumne,109,53932,14,8,1,9,0
2020-06-20,Ventura,111,848112,2868,1946,8,1954,37
2020-06-20,Yolo,113,214977,470,309,0,309,24
2020-06-20,Yuba,115,75493,43,34,0,34,1
2020-06-19,Alameda,001,1643700,5672,4646,6,4652,119
2020-06-19,Alpine,003,1148,2,1,0,1,0
2020-06-19,Amador,005,37829,14,12,0,12,0
2020-06-19,Butte,007,227075,157,91,6,97,1
2020-06-19,Calaveras,009,45235,37,20,0,20,0
2020-06-19,Colusa,011,21464,24,7,0,7,0
2020-06-19,Contra Costa,013,1133247,2698,2106,2,2108,54
2020-06-19,Del Norte,015,27424,47,46,0,46,0
2020-06-19,El Dorado,017,186661,188,124,0,124,0
2020-06-19,Fresno,019,978130,6078,3109,53,3162,61
2020-06-19,Glenn,021,27897,91,40,0,40,0
2020-06-19,Humboldt,023,135768,141,106,0,106,3
2020-06-19,Imperial,025,180216,6834,4504,4,4508,36
2020-06-19,Inyo,027,18085,27,26,0,26,1
2020-06-19,Kern,029,883053,5575,3742,10,3752,57
2020-06-19,Kings,031,150075,2278,1285,4,1289,9
2020-06-19,Lake,033,64148,46,36,0,36,0
2020-06-19,Lassen,035,31185,20,7,2,9,0
2020-06-19,Los Angeles,037,10098052,93355,79572,22,79594,3047
2020-06-19,Madera,039,155013,606,300,1,301,4
2020-06-19,Marin,041,260295,1510,829,4,833,17
2020-06-19,Mariposa,043,17540,21,18,0,18,1
2020-06-19,Mendocino,045,87422,69,48,0,48,0
2020-06-19,Merced,047,269075,987,529,0,529,8
2020-06-19,Modoc,049,8938,1,0,0,0,0
2020-06-19,Mono,051,14174,42,34,0,34,1
2020-06-19,Monterey,053,433212,1572,1159,4,1163,12
2020-06-19,Napa,055,140530,300,209,0,209,3
2020-06-19,Nevada,057,99092,102,71,1,72,1
2020-06-19,Orange,059,3164182,15422,9972,112,10084,260
2020-06-19,Placer,061,380077,648,464,1,465,9
2020-06-19,Plumas,063,18699,6,5,0,5,0
2020-06-19,Riverside,065,2383286,17059,12710,11,12721,398
2020-06-19,Sacramento,067,1510023,2614,1976,2,1978,64
2020-06-19,San Benito,069,59416,207,136,0,136,2
2020-06-19,San Bernardino,071,2135413,12738,8454,6,8460,226
2020-06-19,San Diego,073,3302833,12835,10352,2,10354,332
2020-06-19,San Francisco,075,870044,3344,2968,1,2969,47
2020-06-19,San Joaquin,077,732212,3109,1969,4,1973,48
2020-06-19,San Luis Obispo,079,281455,557,392,3,395,1
2020-06-19,San Mateo,081,765935,3088,2713,4,2717,81
2020-06-19,Santa Barbara,083,443738,3202,2284,8,2292,21
2020-06-19,Santa Clara,085,1922200,4404,3376,7,3383,154
2020-06-19,Santa Cruz,087,273765,361,283,0,283,3
2020-06-19,Shasta,089,179085,134,58,0,58,5
2020-06-19,Sierra,091,2930,1,1,0,1,0
2020-06-19,Siskiyou,093,43540,28,21,0,21,0
2020-06-19,Solano,095,438530,1238,755,4,759,21
2020-06-19,Sonoma,097,501317,1053,803,1,804,4
2020-06-19,Stanislaus,099,539301,2480,1549,5,1554,35
2020-06-19,Sutter,101,95872,126,89,0,89,2
2020-06-19,Tehama,103,63373,61,35,2,37,1
2020-06-19,Trinity,105,12862,10,2,2,4,0
2020-06-19,Tulare,107,460477,4198,3053,4,3057,107
2020-06-19,Tuolumne,109,53932,13,8,1,9,0
2020-06-19,Ventura,111,848112,2784,1865,8,1873,37
2020-06-19,Yolo,113,214977,451,303,0,303,24
2020-06-19,Yuba,115,75493,42,33,0,33,1
2020-06-18,Alameda,001,1643700,5543,4589,6,4595,118
2020-06-18,Alpine,003,1148,2,1,0,1,0
2020-06-18,Amador,005,37829,13,12,0,12,0
2020-06-18,Butte,007,227075,152,88,6,94,1
2020-06-18,Calaveras,009,45235,37,20,0,20,0
2020-06-18,Colusa,011,21464,20,7,0,7,0
2020-06-18,Contra Costa,013,1133247,2592,2072,2,2074,53
2020-06-18,Del Norte,015,27424,47,46,0,46,0
2020-06-18,El Dorado,017,186661,184,121,0,121,0
2020-06-18,Fresno,019,978130,5811,2947,52,2999,57
2020-06-18,Glenn,021,27897,82,35,0,35,0
2020-06-18,Humboldt,023,135768,140,106,0,106,3
2020-06-18,Imperial,025,180216,6685,4366,4,4370,36
2020-06-18,Inyo,027,18085,26,25,0,25,1
2020-06-18,Kern,029,883053,5357,3634,10,3644,57
2020-06-18,Kings,031,150075,2219,1141,4,1145,8
2020-06-18,Lake,033,64148,45,36,0,36,0
2020-06-18,Lassen,035,31185,19,5,2,7,0
2020-06-18,Los Angeles,037,10098052,91088,78244,22,78266,3009
2020-06-18,Madera,039,155013,571,288,1,289,4
2020-06-18,Marin,041,260295,1447,819,4,823,17
2020-06-18,Mariposa,043,17540,19,18,0,18,1
2020-06-18,Mendocino,045,87422,65,45,0,45,0
2020-06-18,Merced,047,269075,934,486,0,486,7
2020-06-18,Modoc,049,8938,1,0,0,0,0
2020-06-18,Mono,051,14174,42,34,0,34,1
2020-06-18,Monterey,053,433212,1505,1127,4,1131,12
2020-06-18,Napa,055,140530,285,205,0,205,3
2020-06-18,Nevada,057,99092,98,68,1,69,1
2020-06-18,Orange,059,3164182,14765,9597,94,9691,255
2020-06-18,Placer,061,380077,626,457,1,458,9
2020-06-18,Plumas,063,18699,6,5,0,5,0
2020-06-18,Riverside,065,2383286,16446,12410,11,12421,392
2020-06-18,Sacramento,067,1510023,2498,1938,2,1940,63
2020-06-18,San Benito,069,59416,201,134,0,134,2
2020-06-18,San Bernardino,071,2135413,12099,8141,6,8147,226
2020-06-18,San Diego,073,3302833,12413,10094,2,10096,331
2020-06-18,San Francisco,075,870044,3295,2951,1,2952,47
2020-06-18,San Joaquin,077,732212,2957,1908,4,1912,47
2020-06-18,San Luis Obispo,079,281455,538,378,3,381,1
2020-06-18,San Mateo,081,765935,3049,2674,4,2678,78
2020-06-18,Santa Barbara,083,443738,3128,2201,8,2209,19
2020-06-18,Santa Clara,085,1922200,4302,3338,7,3345,152
2020-06-18,Santa Cruz,087,273765,344,275,0,275,3
2020-06-18,Shasta,089,179085,123,51,0,51,4
2020-06-18,Sierra,091,2930,1,1,0,1,0
2020-06-18,Siskiyou,093,43540,28,18,0,18,0
2020-06-18,Solano,095,438530,1200,735,4,739,21
2020-06-18,Sonoma,097,501317,1011,789,1,790,4
2020-06-18,Stanislaus,099,539301,2346,1495,5,1500,35
2020-06-18,Sutter,101,95872,122,85,0,85,2
2020-06-18,Tehama,103,63373,56,31,2,33,1
2020-06-18,Trinity,105,12862,10,2,2,4,0
2020-06-18,Tulare,107,460477,4078,3005,4,3009,107
2020-06-18,Tuolumne,109,53932,12,8,1,9,0
2020-06-18,Ventura,111,848112,2658,1781,8,1789,37
2020-06-18,Yolo,113,214977,418,294,0,294,24
2020-06-18,Yuba,115,75493,41,32,0,32,1
2020-06-17,Alameda,001,1643700,5420,4485,6,4491,117
2020-06-17,Alpine,003,1148,2,1,0,1,0
2020-06-17,Amador,005,37829,12,10,0,10,0
2020-06-17,Butte,007,227075,143,81,6,87,1
2020-06-17,Calaveras,009,45235,37,20,0,20,0
2020-06-17,Colusa,011,21464,19,7,0,7,0
2020-06-17,Contra Costa,013,1133247,2495,2020,2,2022,45
2020-06-17,Del Norte,015,27424,47,45,0,45,0
2020-06-17,El Dorado,017,186661,177,116,0,116,0
2020-06-17,Fresno,019,978130,5587,2801,49,2850,56
2020-06-17,Glenn,021,27897,75,31,0,31,0
2020-06-17,Humboldt,023,135768,138,105,0,105,3
2020-06-17,Imperial,025,180216,6513,4108,4,4112,36
2020-06-17,Inyo,027,18085,25,25,0,25,1
2020-06-17,Kern,029,883053,5156,3547,10,3557,56
2020-06-17,Kings,031,150075,2189,1097,4,1101,7
2020-06-17,Lake,033,64148,44,32,0,32,0
2020-06-17,Lassen,035,31185,15,5,2,7,0
2020-06-17,Los Angeles,037,10098052,88781,77166,22,77188,2973
2020-06-17,Madera,039,155013,549,258,1,259,4
2020-06-17,Marin,041,260295,1255,771,3,774,17
2020-06-17,Mariposa,043,17540,18,18,0,18,1
2020-06-17,Mendocino,045,87422,63,42,0,42,0
2020-06-17,Merced,047,269075,862,460,0,460,7
2020-06-17,Modoc,049,8938,1,0,0,0,0
2020-06-17,Mono,051,14174,42,34,0,34,1
2020-06-17,Monterey,053,433212,1453,1077,4,1081,12
2020-06-17,Napa,055,140530,270,202,0,202,3
2020-06-17,Nevada,057,99092,94,57,1,58,1
2020-06-17,Orange,059,3164182,14162,9278,89,9367,230
2020-06-17,Placer,061,380077,605,427,1,428,9
2020-06-17,Plumas,063,18699,6,5,0,5,0
2020-06-17,Riverside,065,2383286,15813,11859,11,11870,370
2020-06-17,Sacramento,067,1510023,2391,1889,2,1891,63
2020-06-17,San Benito,069,59416,196,116,0,116,2
2020-06-17,San Bernardino,071,2135413,11547,7670,6,7676,225
2020-06-17,San Diego,073,3302833,12034,9856,2,9858,327
2020-06-17,San Francisco,075,870044,3256,2906,1,2907,46
2020-06-17,San Joaquin,077,732212,2784,1825,4,1829,46
2020-06-17,San Luis Obispo,079,281455,521,362,3,365,1
2020-06-17,San Mateo,081,765935,3002,2649,4,2653,78
2020-06-17,Santa Barbara,083,443738,3055,2147,6,2153,19
2020-06-17,Santa Clara,085,1922200,4211,3264,6,3270,148
2020-06-17,Santa Cruz,087,273765,338,265,0,265,2
2020-06-17,Shasta,089,179085,121,51,0,51,4
2020-06-17,Sierra,091,2930,1,1,0,1,0
2020-06-17,Siskiyou,093,43540,27,16,0,16,0
2020-06-17,Solano,095,438530,1150,722,4,726,21
2020-06-17,Sonoma,097,501317,986,748,1,749,4
2020-06-17,Stanislaus,099,539301,2223,1387,5,1392,35
2020-06-17,Sutter,101,95872,116,79,0,79,2
2020-06-17,Tehama,103,63373,41,24,2,26,1
2020-06-17,Trinity,105,12862,10,2,2,4,0
2020-06-17,Tulare,107,460477,3969,2882,4,2886,106
2020-06-17,Tuolumne,109,53932,12,7,1,8,0
2020-06-17,Ventura,111,848112,2558,1729,8,1737,37
2020-06-17,Yolo,113,214977,398,277,0,277,24
2020-06-17,Yuba,115,75493,40,30,0,30,1
2020-06-16,Alameda,001,1643700,5304,4428,6,4434,113
2020-06-16,Alpine,003,1148,2,1,0,1,0
2020-06-16,Amador,005,37829,12,10,0,10,0
2020-06-16,Butte,007,227075,139,79,6,85,1
2020-06-16,Calaveras,009,45235,34,19,0,19,0
2020-06-16,Colusa,011,21464,16,7,0,7,0
2020-06-16,Contra Costa,013,1133247,2404,1971,1,1972,45
2020-06-16,Del Norte,015,27424,47,45,0,45,0
2020-06-16,El Dorado,017,186661,171,115,0,115,0
2020-06-16,Fresno,019,978130,5350,2731,48,2779,50
2020-06-16,Glenn,021,27897,71,30,0,30,0
2020-06-16,Humboldt,023,135768,135,105,0,105,3
2020-06-16,Imperial,025,180216,6354,3939,4,3943,36
2020-06-16,Inyo,027,18085,25,24,0,24,1
2020-06-16,Kern,029,883053,4932,3496,10,3506,55
2020-06-16,Kings,031,150075,2143,1044,4,1048,6
2020-06-16,Lake,033,64148,44,31,0,31,0
2020-06-16,Lassen,035,31185,12,5,2,7,0
2020-06-16,Los Angeles,037,10098052,86459,75051,22,75073,2942
2020-06-16,Madera,039,155013,523,239,1,240,3
2020-06-16,Marin,041,260295,1202,725,3,728,17
2020-06-16,Mariposa,043,17540,18,17,0,17,1
2020-06-16,Mendocino,045,87422,62,35,0,35,0
2020-06-16,Merced,047,269075,814,436,0,436,7
2020-06-16,Modoc,049,8938,1,0,0,0,0
2020-06-16,Mono,051,14174,42,34,0,34,1
2020-06-16,Monterey,053,433212,1405,1019,4,1023,12
2020-06-16,Napa,055,140530,255,196,0,196,3
2020-06-16,Nevada,057,99092,91,53,1,54,1
2020-06-16,Orange,059,3164182,13579,9163,86,9249,223
2020-06-16,Placer,061,380077,570,392,1,393,9
2020-06-16,Plumas,063,18699,6,5,0,5,0
2020-06-16,Riverside,065,2383286,15138,11638,11,11649,364
2020-06-16,Sacramento,067,1510023,2282,1825,2,1827,60
2020-06-16,San Benito,069,59416,188,110,0,110,2
2020-06-16,San Bernardino,071,2135413,11004,7463,6,7469,225
2020-06-16,San Diego,073,3302833,11672,9732,1,9733,323
2020-06-16,San Francisco,075,870044,3205,2893,1,2894,46
2020-06-16,San Joaquin,077,732212,2632,1718,4,1722,47
2020-06-16,San Luis Obispo,079,281455,498,343,3,346,1
2020-06-16,San Mateo,081,765935,2948,2618,4,2622,77
2020-06-16,Santa Barbara,083,443738,2988,2090,6,2096,16
2020-06-16,Santa Clara,085,1922200,4103,3228,5,3233,148
2020-06-16,Santa Cruz,087,273765,322,257,0,257,2
2020-06-16,Shasta,089,179085,112,51,0,51,4
2020-06-16,Sierra,091,2930,1,1,0,1,0
2020-06-16,Siskiyou,093,43540,26,15,0,15,0
2020-06-16,Solano,095,438530,1060,694,4,698,19
2020-06-16,Sonoma,097,501317,954,739,1,740,4
2020-06-16,Stanislaus,099,539301,2070,1278,5,1283,36
2020-06-16,Sutter,101,95872,109,73,0,73,2
2020-06-16,Tehama,103,63373,37,24,2,26,1
2020-06-16,Trinity,105,12862,10,2,2,4,0
2020-06-16,Tulare,107,460477,3851,2802,4,2806,96
2020-06-16,Tuolumne,109,53932,12,7,1,8,0
2020-06-16,Ventura,111,848112,2457,1676,8,1684,37
2020-06-16,Yolo,113,214977,374,262,0,262,24
2020-06-16,Yuba,115,75493,39,29,0,29,1
2020-06-15,Alameda,001,1643700,5178,4323,6,4329,112
2020-06-15,Alpine,003,1148,2,1,0,1,0
2020-06-15,Amador,005,37829,12,10,0,10,0
2020-06-15,Butte,007,227075,131,78,6,84,1
2020-06-15,Calaveras,009,45235,34,18,0,18,0
2020-06-15,Colusa,011,21464,14,7,0,7,0
2020-06-15,Contra Costa,013,1133247,2327,1918,1,1919,43
2020-06-15,Del Norte,015,27424,47,45,0,45,0
2020-06-15,El Dorado,017,186661,161,114,0,114,0
2020-06-15,Fresno,019,978130,5138,2616,47,2663,48
2020-06-15,Glenn,021,27897,66,21,0,21,0
2020-06-15,Humboldt,023,135768,133,105,0,105,3
2020-06-15,Imperial,025,180216,6179,3726,4,3730,36
2020-06-15,Inyo,027,18085,25,23,0,23,1
2020-06-15,Kern,029,883053,4708,3417,10,3427,55
2020-06-15,Kings,031,150075,2066,1022,4,1026,6
2020-06-15,Lake,033,64148,44,31,0,31,0
2020-06-15,Lassen,035,31185,12,5,2,7,0
2020-06-15,Los Angeles,037,10098052,84271,73705,22,73727,2908
2020-06-15,Madera,039,155013,501,203,1,204,3
2020-06-15,Marin,041,260295,1035,708,3,711,17
2020-06-15,Mariposa,043,17540,18,17,0,17,1
2020-06-15,Mendocino,045,87422,53,33,0,33,0
2020-06-15,Merced,047,269075,768,414,0,414,7
2020-06-15,Modoc,049,8938,1,0,0,0,0
2020-06-15,Mono,051,14174,42,34,0,34,1
2020-06-15,Monterey,053,433212,1339,998,4,1002,12
2020-06-15,Napa,055,140530,247,187,0,187,3
2020-06-15,Nevada,057,99092,85,52,1,53,1
2020-06-15,Orange,059,3164182,13005,8944,79,9023,212
2020-06-15,Placer,061,380077,549,386,1,387,9
2020-06-15,Plumas,063,18699,6,4,0,4,0
2020-06-15,Riverside,065,2383286,14517,11376,11,11387,364
2020-06-15,Sacramento,067,1510023,2166,1791,2,1793,60
2020-06-15,San Benito,069,59416,182,108,0,108,2
2020-06-15,San Bernardino,071,2135413,10500,7189,6,7195,224
2020-06-15,San Diego,073,3302833,11332,9612,1,9613,320
2020-06-15,San Francisco,075,870044,3161,2833,1,2834,45
2020-06-15,San Joaquin,077,732212,2496,1667,4,1671,43
2020-06-15,San Luis Obispo,079,281455,484,332,3,335,1
2020-06-15,San Mateo,081,765935,2901,2591,4,2595,75
2020-06-15,Santa Barbara,083,443738,2920,2054,6,2060,16
2020-06-15,Santa Clara,085,1922200,4004,3204,5,3209,148
2020-06-15,Santa Cruz,087,273765,311,254,0,254,2
2020-06-15,Shasta,089,179085,106,50,0,50,4
2020-06-15,Sierra,091,2930,1,1,0,1,0
2020-06-15,Siskiyou,093,43540,25,14,0,14,0
2020-06-15,Solano,095,438530,1000,638,4,642,19
2020-06-15,Sonoma,097,501317,925,726,1,727,4
2020-06-15,Stanislaus,099,539301,1953,1253,5,1258,35
2020-06-15,Sutter,101,95872,99,71,0,71,2
2020-06-15,Tehama,103,63373,37,17,2,19,1
2020-06-15,Trinity,105,12862,9,2,2,4,0
2020-06-15,Tulare,107,460477,3737,2662,4,2666,96
2020-06-15,Tuolumne,109,53932,11,7,1,8,0
2020-06-15,Ventura,111,848112,2376,1656,8,1664,37
2020-06-15,Yolo,113,214977,354,255,0,255,24
2020-06-15,Yuba,115,75493,39,28,0,28,1
2020-06-14,Alameda,001,1643700,5033,4271,6,4277,112
2020-06-14,Alpine,003,1148,2,1,0,1,0
2020-06-14,Amador,005,37829,12,10,0,10,0
2020-06-14,Butte,007,227075,123,78,6,84,1
2020-06-14,Calaveras,009,45235,33,18,0,18,0
2020-06-14,Colusa,011,21464,13,7,0,7,0
2020-06-14,Contra Costa,013,1133247,2258,1893,1,1894,43
2020-06-14,Del Norte,015,27424,47,45,0,45,0
2020-06-14,El Dorado,017,186661,157,110,0,110,0
2020-06-14,Fresno,019,978130,4953,2585,46,2631,48
2020-06-14,Glenn,021,27897,51,21,0,21,0
2020-06-14,Humboldt,023,135768,129,105,0,105,3
2020-06-14,Imperial,025,180216,5947,3730,4,3734,36
2020-06-14,Inyo,027,18085,24,23,0,23,1
2020-06-14,Kern,029,883053,4497,3328,10,3338,55
2020-06-14,Kings,031,150075,2015,1022,4,1026,6
2020-06-14,Lake,033,64148,41,31,0,31,0
2020-06-14,Lassen,035,31185,12,5,2,7,0
2020-06-14,Los Angeles,037,10098052,81944,72932,22,72954,2887
2020-06-14,Madera,039,155013,483,203,1,204,3
2020-06-14,Marin,041,260295,870,689,2,691,17
2020-06-14,Mariposa,043,17540,18,16,0,16,1
2020-06-14,Mendocino,045,87422,50,33,0,33,0
2020-06-14,Merced,047,269075,717,403,0,403,7
2020-06-14,Modoc,049,8938,1,0,0,0,0
2020-06-14,Mono,051,14174,42,34,0,34,1
2020-06-14,Monterey,053,433212,1278,949,4,953,12
2020-06-14,Napa,055,140530,225,181,0,181,3
2020-06-14,Nevada,057,99092,81,52,1,53,1
2020-06-14,Orange,059,3164182,12579,8744,75,8819,211
2020-06-14,Placer,061,380077,523,369,1,370,9
2020-06-14,Plumas,063,18699,5,4,0,4,0
2020-06-14,Riverside,065,2383286,14074,11218,11,11229,364
2020-06-14,Sacramento,067,1510023,2079,1750,2,1752,60
2020-06-14,San Benito,069,59416,171,104,0,104,2
2020-06-14,San Bernardino,071,2135413,9959,7015,6,7021,224
2020-06-14,San Diego,073,3302833,10957,9442,1,9443,319
2020-06-14,San Francisco,075,870044,3121,2834,1,2835,45
2020-06-14,San Joaquin,077,732212,2345,1603,4,1607,43
2020-06-14,San Luis Obispo,079,281455,469,330,3,333,1
2020-06-14,San Mateo,081,765935,2844,2571,4,2575,75
2020-06-14,Santa Barbara,083,443738,2843,2049,6,2055,17
2020-06-14,Santa Clara,085,1922200,3910,3178,5,3183,148
2020-06-14,Santa Cruz,087,273765,297,254,0,254,2
2020-06-14,Shasta,089,179085,100,48,0,48,4
2020-06-14,Sierra,091,2930,1,1,0,1,0
2020-06-14,Siskiyou,093,43540,24,13,0,13,0
2020-06-14,Solano,095,438530,951,638,4,642,19
2020-06-14,Sonoma,097,501317,897,724,1,725,4
2020-06-14,Stanislaus,099,539301,1805,1159,5,1164,35
2020-06-14,Sutter,101,95872,94,63,0,63,2
2020-06-14,Tehama,103,63373,34,17,2,19,1
2020-06-14,Trinity,105,12862,9,2,2,4,0
2020-06-14,Tulare,107,460477,3605,2646,4,2650,96
2020-06-14,Tuolumne,109,53932,11,7,1,8,0
2020-06-14,Ventura,111,848112,2278,1610,7,1617,37
2020-06-14,Yolo,113,214977,338,254,0,254,24
2020-06-14,Yuba,115,75493,38,28,0,28,1
2020-06-13,Alameda,001,1643700,4970,4196,6,4202,112
2020-06-13,Alpine,003,1148,2,1,0,1,0
2020-06-13,Amador,005,37829,11,10,0,10,0
2020-06-13,Butte,007,227075,114,72,6,78,1
2020-06-13,Calaveras,009,45235,31,18,0,18,0
2020-06-13,Colusa,011,21464,12,7,0,7,0
2020-06-13,Contra Costa,013,1133247,2222,1868,1,1869,43
2020-06-13,Del Norte,015,27424,47,45,0,45,0
2020-06-13,El Dorado,017,186661,153,110,0,110,0
2020-06-13,Fresno,019,978130,4855,2499,46,2545,48
2020-06-13,Glenn,021,27897,49,21,0,21,0
2020-06-13,Humboldt,023,135768,128,104,0,104,3
2020-06-13,Imperial,025,180216,5874,3646,4,3650,36
2020-06-13,Inyo,027,18085,24,23,0,23,1
2020-06-13,Kern,029,883053,4388,3239,10,3249,55
2020-06-13,Kings,031,150075,1995,1023,4,1027,6
2020-06-13,Lake,033,64148,40,29,0,29,0
2020-06-13,Lassen,035,31185,12,5,2,7,0
2020-06-13,Los Angeles,037,10098052,80906,71938,21,71959,2874
2020-06-13,Madera,039,155013,479,203,1,204,3
2020-06-13,Marin,041,260295,839,677,2,679,17
2020-06-13,Mariposa,043,17540,18,16,0,16,1
2020-06-13,Mendocino,045,87422,50,33,0,33,0
2020-06-13,Merced,047,269075,699,376,0,376,7
2020-06-13,Modoc,049,8938,1,0,0,0,0
2020-06-13,Mono,051,14174,42,35,0,35,1
2020-06-13,Monterey,053,433212,1240,900,4,904,11
2020-06-13,Napa,055,140530,222,171,0,171,3
2020-06-13,Nevada,057,99092,79,52,1,53,1
2020-06-13,Orange,059,3164182,12336,8581,71,8652,211
2020-06-13,Placer,061,380077,506,346,1,347,9
2020-06-13,Plumas,063,18699,5,4,0,4,0
2020-06-13,Riverside,065,2383286,13794,10931,11,10942,364
2020-06-13,Sacramento,067,1510023,2025,1713,2,1715,60
2020-06-13,San Benito,069,59416,164,99,0,99,2
2020-06-13,San Bernardino,071,2135413,9734,6885,6,6891,224
2020-06-13,San Diego,073,3302833,10785,9316,1,9317,319
2020-06-13,San Francisco,075,870044,3101,2834,1,2835,44
2020-06-13,San Joaquin,077,732212,2264,1461,4,1465,43
2020-06-13,San Luis Obispo,079,281455,458,326,3,329,1
2020-06-13,San Mateo,081,765935,2821,2551,4,2555,75
2020-06-13,Santa Barbara,083,443738,2785,1999,6,2005,15
2020-06-13,Santa Clara,085,1922200,3868,3141,5,3146,148
2020-06-13,Santa Cruz,087,273765,291,254,0,254,2
2020-06-13,Shasta,089,179085,98,48,0,48,4
2020-06-13,Sierra,091,2930,1,1,0,1,0
2020-06-13,Siskiyou,093,43540,24,13,0,13,0
2020-06-13,Solano,095,438530,923,637,4,641,19
2020-06-13,Sonoma,097,501317,882,711,1,712,4
2020-06-13,Stanislaus,099,539301,1748,1122,5,1127,33
2020-06-13,Sutter,101,95872,93,62,0,62,2
2020-06-13,Tehama,103,63373,33,17,2,19,1
2020-06-13,Trinity,105,12862,9,2,2,4,0
2020-06-13,Tulare,107,460477,3573,2626,4,2630,96
2020-06-13,Tuolumne,109,53932,10,7,1,8,0
2020-06-13,Ventura,111,848112,2232,1567,7,1574,37
2020-06-13,Yolo,113,214977,317,251,0,251,24
2020-06-13,Yuba,115,75493,38,28,0,28,1
2020-06-12,Alameda,001,1643700,4897,4167,6,4173,109
2020-06-12,Alpine,003,1148,2,1,0,1,0
2020-06-12,Amador,005,37829,11,10,0,10,0
2020-06-12,Butte,007,227075,110,71,6,77,1
2020-06-12,Calaveras,009,45235,28,18,0,18,0
2020-06-12,Colusa,011,21464,12,7,0,7,0
2020-06-12,Contra Costa,013,1133247,2185,1827,1,1828,43
2020-06-12,Del Norte,015,27424,47,45,0,45,0
2020-06-12,El Dorado,017,186661,153,110,0,110,0
2020-06-12,Fresno,019,978130,4719,2428,46,2474,47
2020-06-12,Glenn,021,27897,46,21,0,21,0
2020-06-12,Humboldt,023,135768,126,105,0,105,3
2020-06-12,Imperial,025,180216,5790,3543,4,3547,36
2020-06-12,Inyo,027,18085,24,23,0,23,1
2020-06-12,Kern,029,883053,4271,3152,10,3162,54
2020-06-12,Kings,031,150075,1982,987,4,991,6
2020-06-12,Lake,033,64148,39,29,0,29,0
2020-06-12,Lassen,035,31185,12,5,2,7,0
2020-06-12,Los Angeles,037,10098052,79501,70385,21,70406,2814
2020-06-12,Madera,039,155013,454,187,1,188,3
2020-06-12,Marin,041,260295,836,649,2,651,17
2020-06-12,Mariposa,043,17540,18,16,0,16,1
2020-06-12,Mendocino,045,87422,50,33,0,33,0
2020-06-12,Merced,047,269075,665,372,0,372,7
2020-06-12,Modoc,049,8938,1,0,0,0,0
2020-06-12,Mono,051,14174,39,35,0,35,1
2020-06-12,Monterey,053,433212,1199,864,3,867,11
2020-06-12,Napa,055,140530,219,162,0,162,3
2020-06-12,Nevada,057,99092,73,52,1,53,1
2020-06-12,Orange,059,3164182,12031,8440,70,8510,203
2020-06-12,Placer,061,380077,490,333,1,334,9
2020-06-12,Plumas,063,18699,5,4,0,4,0
2020-06-12,Riverside,065,2383286,13457,10616,11,10627,364
2020-06-12,Sacramento,067,1510023,1970,1702,2,1704,60
2020-06-12,San Benito,069,59416,157,96,0,96,2
2020-06-12,San Bernardino,071,2135413,9466,6707,6,6713,223
2020-06-12,San Diego,073,3302833,10615,9132,1,9133,313
2020-06-12,San Francisco,075,870044,3067,2823,1,2824,44
2020-06-12,San Joaquin,077,732212,2184,1406,4,1410,43
2020-06-12,San Luis Obispo,079,281455,442,321,3,324,1
2020-06-12,San Mateo,081,765935,2786,2533,4,2537,75
2020-06-12,Santa Barbara,083,443738,2731,1969,6,1975,14
2020-06-12,Santa Clara,085,1922200,3826,3099,5,3104,149
2020-06-12,Santa Cruz,087,273765,283,251,0,251,2
2020-06-12,Shasta,089,179085,91,48,0,48,5
2020-06-12,Sierra,091,2930,1,1,0,1,0
2020-06-12,Siskiyou,093,43540,24,13,0,13,0
2020-06-12,Solano,095,438530,909,620,4,624,19
2020-06-12,Sonoma,097,501317,863,696,1,697,4
2020-06-12,Stanislaus,099,539301,1689,1092,5,1097,33
2020-06-12,Sutter,101,95872,92,56,0,56,2
2020-06-12,Tehama,103,63373,32,13,2,15,1
2020-06-12,Trinity,105,12862,9,2,2,4,0
2020-06-12,Tulare,107,460477,3519,2552,4,2556,95
2020-06-12,Tuolumne,109,53932,10,7,1,8,0
2020-06-12,Ventura,111,848112,2180,1534,7,1541,35
2020-06-12,Yolo,113,214977,305,243,0,243,24
2020-06-12,Yuba,115,75493,36,27,0,27,1
2020-06-11,Alameda,001,1643700,4767,4073,5,4078,108
2020-06-11,Alpine,003,1148,2,1,0,1,0
2020-06-11,Amador,005,37829,10,10,0,10,0
2020-06-11,Butte,007,227075,104,72,6,78,1
2020-06-11,Calaveras,009,45235,27,16,0,16,0
2020-06-11,Colusa,011,21464,12,7,0,7,0
2020-06-11,Contra Costa,013,1133247,2132,1797,1,1798,43
2020-06-11,Del Norte,015,27424,47,45,0,45,0
2020-06-11,El Dorado,017,186661,145,109,0,109,0
2020-06-11,Fresno,019,978130,4564,2338,46,2384,45
2020-06-11,Glenn,021,27897,42,21,0,21,0
2020-06-11,Humboldt,023,135768,122,113,0,113,3
2020-06-11,Imperial,025,180216,5634,3463,4,3467,36
2020-06-11,Inyo,027,18085,22,23,0,23,1
2020-06-11,Kern,029,883053,4119,3047,8,3055,54
2020-06-11,Kings,031,150075,1949,963,4,967,6
2020-06-11,Lake,033,64148,39,28,0,28,0
2020-06-11,Lassen,035,31185,12,5,2,7,0
2020-06-11,Los Angeles,037,10098052,77834,68807,20,68827,2800
2020-06-11,Madera,039,155013,436,178,1,179,3
2020-06-11,Marin,041,260295,788,637,2,639,17
2020-06-11,Mariposa,043,17540,18,16,0,16,1
2020-06-11,Mendocino,045,87422,41,35,0,35,0
2020-06-11,Merced,047,269075,625,370,0,370,7
2020-06-11,Modoc,049,8938,1,0,0,0,0
2020-06-11,Mono,051,14174,39,35,0,35,1
2020-06-11,Monterey,053,433212,1152,813,3,816,11
2020-06-11,Napa,055,140530,210,162,0,162,3
2020-06-11,Nevada,057,99092,67,50,1,51,1
2020-06-11,Orange,059,3164182,11723,8304,69,8373,188
2020-06-11,Placer,061,380077,470,321,1,322,9
2020-06-11,Plumas,063,18699,5,4,0,4,0
2020-06-11,Riverside,065,2383286,13105,10014,11,10025,361
2020-06-11,Sacramento,067,1510023,1922,1669,2,1671,60
2020-06-11,San Benito,069,59416,151,94,0,94,2
2020-06-11,San Bernardino,071,2135413,9169,6509,6,6515,221
2020-06-11,San Diego,073,3302833,10385,9000,0,9000,308
2020-06-11,San Francisco,075,870044,3038,2766,1,2767,44
2020-06-11,San Joaquin,077,732212,2072,1351,4,1355,43
2020-06-11,San Luis Obispo,079,281455,428,307,3,310,1
2020-06-11,San Mateo,081,765935,2748,2499,4,2503,74
2020-06-11,Santa Barbara,083,443738,2666,1895,6,1901,14
2020-06-11,Santa Clara,085,1922200,3760,3049,5,3054,149
2020-06-11,Santa Cruz,087,273765,279,247,0,247,2
2020-06-11,Shasta,089,179085,84,47,0,47,5
2020-06-11,Sierra,091,2930,1,1,0,1,0
2020-06-11,Siskiyou,093,43540,24,14,0,14,0
2020-06-11,Solano,095,438530,883,616,4,620,19
2020-06-11,Sonoma,097,501317,840,682,1,683,4
2020-06-11,Stanislaus,099,539301,1598,1062,5,1067,30
2020-06-11,Sutter,101,95872,89,56,0,56,2
2020-06-11,Tehama,103,63373,27,10,2,12,1
2020-06-11,Trinity,105,12862,8,2,2,4,0
2020-06-11,Tulare,107,460477,3420,2473,4,2477,95
2020-06-11,Tuolumne,109,53932,10,7,1,8,0
2020-06-11,Ventura,111,848112,2103,1491,7,1498,34
2020-06-11,Yolo,113,214977,297,230,0,230,24
2020-06-11,Yuba,115,75493,36,27,0,27,1
2020-06-10,Alameda,001,1643700,4667,4027,4,4031,107
2020-06-10,Alpine,003,1148,2,1,0,1,0
2020-06-10,Amador,005,37829,10,10,0,10,0
2020-06-10,Butte,007,227075,101,71,6,77,1
2020-06-10,Calaveras,009,45235,27,16,0,16,0
2020-06-10,Colusa,011,21464,11,7,0,7,0
2020-06-10,Contra Costa,013,1133247,2088,1778,1,1779,43
2020-06-10,Del Norte,015,27424,47,45,0,45,0
2020-06-10,El Dorado,017,186661,142,109,0,109,0
2020-06-10,Fresno,019,978130,4388,2324,46,2370,45
2020-06-10,Glenn,021,27897,39,21,0,21,0
2020-06-10,Humboldt,023,135768,118,112,0,112,3
2020-06-10,Imperial,025,180216,5486,3454,4,3458,36
2020-06-10,Inyo,027,18085,22,23,0,23,1
2020-06-10,Kern,029,883053,3994,3000,8,3008,54
2020-06-10,Kings,031,150075,1902,952,3,955,6
2020-06-10,Lake,033,64148,39,28,0,28,0
2020-06-10,Lassen,035,31185,12,5,2,7,0
2020-06-10,Los Angeles,037,10098052,76313,67018,20,67038,2752
2020-06-10,Madera,039,155013,422,176,1,177,3
2020-06-10,Marin,041,260295,757,633,2,635,17
2020-06-10,Mariposa,043,17540,17,16,0,16,1
2020-06-10,Mendocino,045,87422,40,35,0,35,0
2020-06-10,Merced,047,269075,592,370,0,370,7
2020-06-10,Modoc,049,8938,1,0,0,0,0
2020-06-10,Mono,051,14174,39,35,0,35,1
2020-06-10,Monterey,053,433212,1098,791,3,794,11
2020-06-10,Napa,055,140530,207,159,0,159,3
2020-06-10,Nevada,057,99092,65,50,1,51,1
2020-06-10,Orange,059,3164182,11447,8222,66,8288,184
2020-06-10,Placer,061,380077,444,309,1,310,9
2020-06-10,Plumas,063,18699,5,4,0,4,0
2020-06-10,Riverside,065,2383286,12782,9857,11,9868,361
2020-06-10,Sacramento,067,1510023,1883,1643,2,1645,59
2020-06-10,San Benito,069,59416,142,94,0,94,2
2020-06-10,San Bernardino,071,2135413,8877,6438,6,6444,219
2020-06-10,San Diego,073,3302833,10221,8839,0,8839,305
2020-06-10,San Francisco,075,870044,3013,2774,1,2775,44
2020-06-10,San Joaquin,077,732212,1943,1282,4,1286,41
2020-06-10,San Luis Obispo,079,281455,409,306,3,309,1
2020-06-10,San Mateo,081,765935,2707,2492,4,2496,74
2020-06-10,Santa Barbara,083,443738,2610,1878,6,1884,13
2020-06-10,Santa Clara,085,1922200,3709,3032,5,3037,149
2020-06-10,Santa Cruz,087,273765,275,242,0,242,2
2020-06-10,Shasta,089,179085,79,45,0,45,5
2020-06-10,Sierra,091,2930,1,1,0,1,0
2020-06-10,Siskiyou,093,43540,24,14,0,14,0
2020-06-10,Solano,095,438530,847,608,4,612,19
2020-06-10,Sonoma,097,501317,822,673,1,674,4
2020-06-10,Stanislaus,099,539301,1508,1030,5,1035,29
2020-06-10,Sutter,101,95872,88,56,0,56,2
2020-06-10,Tehama,103,63373,25,10,2,12,1
2020-06-10,Trinity,105,12862,8,2,2,4,0
2020-06-10,Tulare,107,460477,3328,2455,4,2459,95
2020-06-10,Tuolumne,109,53932,10,7,1,8,0
2020-06-10,Ventura,111,848112,2057,1446,6,1452,34
2020-06-10,Yolo,113,214977,289,226,0,226,24
2020-06-10,Yuba,115,75493,35,27,0,27,1
2020-06-09,Alameda,001,1643700,4557,3963,4,3967,103
2020-06-09,Alpine,003,1148,2,1,0,1,0
2020-06-09,Amador,005,37829,10,10,0,10,0
2020-06-09,Butte,007,227075,100,70,6,76,1
2020-06-09,Calaveras,009,45235,27,16,0,16,0
2020-06-09,Colusa,011,21464,10,7,0,7,0
2020-06-09,Contra Costa,013,1133247,2047,1744,1,1745,42
2020-06-09,Del Norte,015,27424,47,45,0,45,0
2020-06-09,El Dorado,017,186661,135,108,0,108,0
2020-06-09,Fresno,019,978130,4236,2278,46,2324,43
2020-06-09,Glenn,021,27897,38,19,0,19,0
2020-06-09,Humboldt,023,135768,116,113,0,113,2
2020-06-09,Imperial,025,180216,5334,3067,4,3071,36
2020-06-09,Inyo,027,18085,22,22,0,22,1
2020-06-09,Kern,029,883053,3866,2920,8,2928,51
2020-06-09,Kings,031,150075,1870,934,3,937,6
2020-06-09,Lake,033,64148,39,28,0,28,0
2020-06-09,Lassen,035,31185,12,5,2,7,0
2020-06-09,Los Angeles,037,10098052,74656,65827,20,65847,2692
2020-06-09,Madera,039,155013,407,172,1,173,3
2020-06-09,Marin,041,260295,721,616,2,618,17
2020-06-09,Mariposa,043,17540,17,16,0,16,1
2020-06-09,Mendocino,045,87422,36,35,0,35,0
2020-06-09,Merced,047,269075,563,349,0,349,7
2020-06-09,Modoc,049,8938,1,0,0,0,0
2020-06-09,Mono,051,14174,39,35,0,35,1
2020-06-09,Monterey,053,433212,1057,772,3,775,11
2020-06-09,Napa,055,140530,197,156,0,156,3
2020-06-09,Nevada,057,99092,57,50,1,51,1
2020-06-09,Orange,059,3164182,11206,7991,64,8055,174
2020-06-09,Placer,061,380077,431,301,1,302,9
2020-06-09,Plumas,063,18699,5,4,0,4,0
2020-06-09,Riverside,065,2383286,12404,9511,11,9522,354
2020-06-09,Sacramento,067,1510023,1829,1625,2,1627,59
2020-06-09,San Benito,069,59416,136,95,0,95,2
2020-06-09,San Bernardino,071,2135413,8553,6268,5,6273,217
2020-06-09,San Diego,073,3302833,10036,8731,0,8731,301
2020-06-09,San Francisco,075,870044,2988,2749,1,2750,44
2020-06-09,San Joaquin,077,732212,1837,1240,4,1244,41
2020-06-09,San Luis Obispo,079,281455,396,301,2,303,1
2020-06-09,San Mateo,081,765935,2676,2463,4,2467,74
2020-06-09,Santa Barbara,083,443738,2548,1854,6,1860,13
2020-06-09,Santa Clara,085,1922200,3642,3006,5,3011,147
2020-06-09,Santa Cruz,087,273765,269,237,0,237,2
2020-06-09,Shasta,089,179085,75,44,0,44,4
2020-06-09,Sierra,091,2930,1,1,0,1,0
2020-06-09,Siskiyou,093,43540,19,10,0,10,0
2020-06-09,Solano,095,438530,812,596,4,600,18
2020-06-09,Sonoma,097,501317,799,661,1,662,4
2020-06-09,Stanislaus,099,539301,1407,993,5,998,25
2020-06-09,Sutter,101,95872,85,56,0,56,2
2020-06-09,Tehama,103,63373,25,9,2,11,1
2020-06-09,Trinity,105,12862,7,2,2,4,0
2020-06-09,Tulare,107,460477,3262,2393,4,2397,91
2020-06-09,Tuolumne,109,53932,10,8,1,9,0
2020-06-09,Ventura,111,848112,1991,1407,6,1413,34
2020-06-09,Yolo,113,214977,278,226,0,226,24
2020-06-09,Yuba,115,75493,34,27,0,27,1
2020-06-08,Alameda,001,1643700,4477,3937,4,3941,103
2020-06-08,Alpine,003,1148,2,1,0,1,0
2020-06-08,Amador,005,37829,10,10,0,10,0
2020-06-08,Butte,007,227075,96,68,6,74,1
2020-06-08,Calaveras,009,45235,27,16,0,16,0
2020-06-08,Colusa,011,21464,9,7,0,7,0
2020-06-08,Contra Costa,013,1133247,2004,1714,1,1715,41
2020-06-08,Del Norte,015,27424,47,45,0,45,0
2020-06-08,El Dorado,017,186661,131,107,0,107,0
2020-06-08,Fresno,019,978130,4111,2194,45,2239,42
2020-06-08,Glenn,021,27897,36,17,0,17,0
2020-06-08,Humboldt,023,135768,116,112,0,112,2
2020-06-08,Imperial,025,180216,5182,3051,4,3055,21
2020-06-08,Inyo,027,18085,22,22,0,22,1
2020-06-08,Kern,029,883053,3735,2853,8,2861,49
2020-06-08,Kings,031,150075,1794,892,3,895,6
2020-06-08,Lake,033,64148,39,28,0,28,0
2020-06-08,Lassen,035,31185,12,4,2,6,0
2020-06-08,Los Angeles,037,10098052,73193,64634,20,64654,2640
2020-06-08,Madera,039,155013,377,154,1,155,3
2020-06-08,Marin,041,260295,680,596,2,598,17
2020-06-08,Mariposa,043,17540,16,16,0,16,1
2020-06-08,Mendocino,045,87422,34,32,0,32,0
2020-06-08,Merced,047,269075,529,331,0,331,7
2020-06-08,Modoc,049,8938,1,0,0,0,0
2020-06-08,Mono,051,14174,39,35,0,35,1
2020-06-08,Monterey,053,433212,1006,751,2,753,10
2020-06-08,Napa,055,140530,181,151,0,151,3
2020-06-08,Nevada,057,99092,56,50,1,51,1
2020-06-08,Orange,059,3164182,10953,7786,63,7849,160
2020-06-08,Placer,061,380077,415,290,1,291,9
2020-06-08,Plumas,063,18699,5,4,0,4,0
2020-06-08,Riverside,065,2383286,12035,9246,11,9257,347
2020-06-08,Sacramento,067,1510023,1779,1591,2,1593,59
2020-06-08,San Benito,069,59416,129,93,0,93,2
2020-06-08,San Bernardino,071,2135413,8232,6122,5,6127,214
2020-06-08,San Diego,073,3302833,9879,8621,0,8621,296
2020-06-08,San Francisco,075,870044,2961,2715,1,2716,43
2020-06-08,San Joaquin,077,732212,1730,1198,4,1202,40
2020-06-08,San Luis Obispo,079,281455,390,300,2,302,1
2020-06-08,San Mateo,081,765935,2645,2431,3,2434,74
2020-06-08,Santa Barbara,083,443738,2485,1824,6,1830,13
2020-06-08,Santa Clara,085,1922200,3597,2971,5,2976,146
2020-06-08,Santa Cruz,087,273765,268,234,0,234,2
2020-06-08,Shasta,089,179085,71,43,0,43,4
2020-06-08,Sierra,091,2930,1,1,0,1,0
2020-06-08,Siskiyou,093,43540,19,8,0,8,0
2020-06-08,Solano,095,438530,785,560,4,564,19
2020-06-08,Sonoma,097,501317,783,654,1,655,4
2020-06-08,Stanislaus,099,539301,1325,956,5,961,28
2020-06-08,Sutter,101,95872,78,55,0,55,2
2020-06-08,Tehama,103,63373,19,8,2,10,1
2020-06-08,Trinity,105,12862,7,2,2,4,0
2020-06-08,Tulare,107,460477,3179,2301,4,2305,91
2020-06-08,Tuolumne,109,53932,9,8,1,9,0
2020-06-08,Ventura,111,848112,1933,1382,6,1388,30
2020-06-08,Yolo,113,214977,267,228,0,228,24
2020-06-08,Yuba,115,75493,32,27,0,27,1
2020-06-07,Alameda,001,1643700,4364,3866,4,3870,102
2020-06-07,Alpine,003,1148,2,1,0,1,0
2020-06-07,Amador,005,37829,10,10,0,10,0
2020-06-07,Butte,007,227075,94,64,5,69,1
2020-06-07,Calaveras,009,45235,25,16,0,16,0
2020-06-07,Colusa,011,21464,9,7,0,7,0
2020-06-07,Contra Costa,013,1133247,1953,1653,0,1653,38
2020-06-07,Del Norte,015,27424,45,45,0,45,0
2020-06-07,El Dorado,017,186661,131,104,0,104,0
2020-06-07,Fresno,019,978130,3981,2144,45,2189,41
2020-06-07,Glenn,021,27897,29,16,0,16,0
2020-06-07,Humboldt,023,135768,116,112,0,112,2
2020-06-07,Imperial,025,180216,5031,3048,4,3052,19
2020-06-07,Inyo,027,18085,22,21,0,21,1
2020-06-07,Kern,029,883053,3604,2771,8,2779,46
2020-06-07,Kings,031,150075,1745,882,3,885,6
2020-06-07,Lake,033,64148,36,28,0,28,0
2020-06-07,Lassen,035,31185,11,4,2,6,0
2020-06-07,Los Angeles,037,10098052,71490,63750,20,63770,2629
2020-06-07,Madera,039,155013,360,149,1,150,3
2020-06-07,Marin,041,260295,666,584,2,586,17
2020-06-07,Mariposa,043,17540,16,16,0,16,1
2020-06-07,Mendocino,045,87422,34,32,0,32,0
2020-06-07,Merced,047,269075,496,318,0,318,7
2020-06-07,Modoc,049,8938,1,0,0,0,0
2020-06-07,Mono,051,14174,39,35,0,35,1
2020-06-07,Monterey,053,433212,959,732,2,734,10
2020-06-07,Napa,055,140530,173,142,0,142,3
2020-06-07,Nevada,057,99092,55,50,1,51,1
2020-06-07,Orange,059,3164182,10696,7643,61,7704,158
2020-06-07,Placer,061,380077,393,273,1,274,9
2020-06-07,Plumas,063,18699,5,4,0,4,0
2020-06-07,Riverside,065,2383286,11739,9105,11,9116,344
2020-06-07,Sacramento,067,1510023,1731,1568,2,1570,59
2020-06-07,San Benito,069,59416,126,92,0,92,2
2020-06-07,San Bernardino,071,2135413,7947,6033,5,6038,214
2020-06-07,San Diego,073,3302833,9700,8478,0,8478,296
2020-06-07,San Francisco,075,870044,2917,2674,0,2674,43
2020-06-07,San Joaquin,077,732212,1629,1126,4,1130,37
2020-06-07,San Luis Obispo,079,281455,380,296,2,298,1
2020-06-07,San Mateo,081,765935,2618,2399,3,2402,73
2020-06-07,Santa Barbara,083,443738,2423,1818,6,1824,13
2020-06-07,Santa Clara,085,1922200,3546,2947,5,2952,146
2020-06-07,Santa Cruz,087,273765,260,230,0,230,2
2020-06-07,Shasta,089,179085,70,41,0,41,4
2020-06-07,Sierra,091,2930,1,1,0,1,0
2020-06-07,Siskiyou,093,43540,19,8,0,8,0
2020-06-07,Solano,095,438530,762,560,4,564,19
2020-06-07,Sonoma,097,501317,752,639,1,640,4
2020-06-07,Stanislaus,099,539301,1245,905,5,910,28
2020-06-07,Sutter,101,95872,70,55,0,55,2
2020-06-07,Tehama,103,63373,16,8,2,10,1
2020-06-07,Trinity,105,12862,6,2,2,4,0
2020-06-07,Tulare,107,460477,3057,2219,4,2223,90
2020-06-07,Tuolumne,109,53932,9,4,1,5,0
2020-06-07,Ventura,111,848112,1868,1337,6,1343,30
2020-06-07,Yolo,113,214977,257,224,0,224,24
2020-06-07,Yuba,115,75493,32,27,0,27,1
2020-06-06,Alameda,001,1643700,4319,3801,4,3805,102
2020-06-06,Alpine,003,1148,2,1,0,1,0
2020-06-06,Amador,005,37829,10,10,0,10,0
2020-06-06,Butte,007,227075,93,63,5,68,1
2020-06-06,Calaveras,009,45235,23,16,0,16,0
2020-06-06,Colusa,011,21464,9,7,0,7,0
2020-06-06,Contra Costa,013,1133247,1932,1619,0,1619,37
2020-06-06,Del Norte,015,27424,45,45,0,45,0
2020-06-06,El Dorado,017,186661,128,104,0,104,0
2020-06-06,Fresno,019,978130,3927,2117,45,2162,41
2020-06-06,Glenn,021,27897,27,16,0,16,0
2020-06-06,Humboldt,023,135768,116,112,0,112,2
2020-06-06,Imperial,025,180216,4955,3047,4,3051,19
2020-06-06,Inyo,027,18085,22,21,0,21,1
2020-06-06,Kern,029,883053,3534,2695,8,2703,46
2020-06-06,Kings,031,150075,1726,882,3,885,6
2020-06-06,Lake,033,64148,36,28,0,28,0
2020-06-06,Lassen,035,31185,11,4,2,6,0
2020-06-06,Los Angeles,037,10098052,70743,62269,20,62289,2607
2020-06-06,Madera,039,155013,351,149,1,150,3
2020-06-06,Marin,041,260295,661,556,2,558,17
2020-06-06,Mariposa,043,17540,16,16,0,16,1
2020-06-06,Mendocino,045,87422,34,32,0,32,0
2020-06-06,Merced,047,269075,494,315,0,315,7
2020-06-06,Modoc,049,8938,1,0,0,0,0
2020-06-06,Mono,051,14174,39,35,0,35,1
2020-06-06,Monterey,053,433212,935,679,2,681,10
2020-06-06,Napa,055,140530,167,136,0,136,3
2020-06-06,Nevada,057,99092,54,50,1,51,1
2020-06-06,Orange,059,3164182,10537,7576,60,7636,157
2020-06-06,Placer,061,380077,381,270,1,271,9
2020-06-06,Plumas,063,18699,5,4,0,4,0
2020-06-06,Riverside,065,2383286,11560,8935,11,8946,345
2020-06-06,Sacramento,067,1510023,1708,1533,2,1535,59
2020-06-06,San Benito,069,59416,116,92,0,92,2
2020-06-06,San Bernardino,071,2135413,7799,5946,5,5951,214
2020-06-06,San Diego,073,3302833,9579,8347,0,8347,296
2020-06-06,San Francisco,075,870044,2902,2674,0,2674,43
2020-06-06,San Joaquin,077,732212,1589,1076,4,1080,37
2020-06-06,San Luis Obispo,079,281455,374,295,2,297,1
2020-06-06,San Mateo,081,765935,2603,2342,3,2345,72
2020-06-06,Santa Barbara,083,443738,2383,1815,6,1821,13
2020-06-06,Santa Clara,085,1922200,3505,2934,5,2939,144
2020-06-06,Santa Cruz,087,273765,258,226,0,226,2
2020-06-06,Shasta,089,179085,70,40,0,40,4
2020-06-06,Sierra,091,2930,1,1,0,1,0
2020-06-06,Siskiyou,093,43540,17,8,0,8,0
2020-06-06,Solano,095,438530,747,560,4,564,19
2020-06-06,Sonoma,097,501317,740,622,1,623,4
2020-06-06,Stanislaus,099,539301,1211,858,5,863,27
2020-06-06,Sutter,101,95872,70,51,0,51,2
2020-06-06,Tehama,103,63373,15,8,2,10,1
2020-06-06,Trinity,105,12862,6,2,1,3,0
2020-06-06,Tulare,107,460477,3024,2213,4,2217,90
2020-06-06,Tuolumne,109,53932,9,4,1,5,0
2020-06-06,Ventura,111,848112,1844,1303,6,1309,30
2020-06-06,Yolo,113,214977,255,223,0,223,24
2020-06-06,Yuba,115,75493,32,27,0,27,1
2020-06-05,Alameda,001,1643700,4268,3734,4,3738,102
2020-06-05,Alpine,003,1148,2,1,0,1,0
2020-06-05,Amador,005,37829,10,10,0,10,0
2020-06-05,Butte,007,227075,90,61,5,66,1
2020-06-05,Calaveras,009,45235,22,16,0,16,0
2020-06-05,Colusa,011,21464,9,7,0,7,0
2020-06-05,Contra Costa,013,1133247,1917,1575,0,1575,37
2020-06-05,Del Norte,015,27424,45,45,0,45,0
2020-06-05,El Dorado,017,186661,127,101,0,101,0
2020-06-05,Fresno,019,978130,3863,2051,44,2095,38
2020-06-05,Glenn,021,27897,25,16,0,16,0
2020-06-05,Humboldt,023,135768,115,111,0,111,2
2020-06-05,Imperial,025,180216,4849,2778,4,2782,19
2020-06-05,Inyo,027,18085,22,21,0,21,1
2020-06-05,Kern,029,883053,3445,2624,8,2632,46
2020-06-05,Kings,031,150075,1711,865,3,868,6
2020-06-05,Lake,033,64148,35,28,0,28,0
2020-06-05,Lassen,035,31185,10,4,2,6,0
2020-06-05,Los Angeles,037,10098052,69596,60955,20,60975,2553
2020-06-05,Madera,039,155013,329,144,1,145,3
2020-06-05,Marin,041,260295,652,546,2,548,17
2020-06-05,Mariposa,043,17540,16,16,0,16,1
2020-06-05,Mendocino,045,87422,34,32,0,32,0
2020-06-05,Merced,047,269075,492,309,0,309,7
2020-06-05,Modoc,049,8938,1,0,0,0,0
2020-06-05,Mono,051,14174,39,35,0,35,1
2020-06-05,Monterey,053,433212,903,649,2,651,10
2020-06-05,Napa,055,140530,164,123,0,123,3
2020-06-05,Nevada,057,99092,54,50,1,51,1
2020-06-05,Orange,059,3164182,10342,7391,58,7449,153
2020-06-05,Placer,061,380077,371,265,1,266,9
2020-06-05,Plumas,063,18699,5,4,0,4,0
2020-06-05,Riverside,065,2383286,11300,8700,11,8711,345
2020-06-05,Sacramento,067,1510023,1686,1514,2,1516,59
2020-06-05,San Benito,069,59416,114,92,0,92,2
2020-06-05,San Bernardino,071,2135413,7617,5869,4,5873,212
2020-06-05,San Diego,073,3302833,9464,8182,0,8182,294
2020-06-05,San Francisco,075,870044,2884,2675,0,2675,43
2020-06-05,San Joaquin,077,732212,1510,1046,4,1050,36
2020-06-05,San Luis Obispo,079,281455,367,293,2,295,1
2020-06-05,San Mateo,081,765935,2578,2331,3,2334,72
2020-06-05,Santa Barbara,083,443738,2347,1795,6,1801,13
2020-06-05,Santa Clara,085,1922200,3480,2902,5,2907,144
2020-06-05,Santa Cruz,087,273765,255,222,0,222,2
2020-06-05,Shasta,089,179085,69,40,0,40,4
2020-06-05,Sierra,091,2930,1,1,0,1,0
2020-06-05,Siskiyou,093,43540,15,8,0,8,0
2020-06-05,Solano,095,438530,740,558,4,562,19
2020-06-05,Sonoma,097,501317,719,618,1,619,4
2020-06-05,Stanislaus,099,539301,1178,842,5,847,27
2020-06-05,Sutter,101,95872,70,49,0,49,2
2020-06-05,Tehama,103,63373,15,7,2,9,1
2020-06-05,Trinity,105,12862,6,1,1,2,0
2020-06-05,Tulare,107,460477,2975,2180,4,2184,90
2020-06-05,Tuolumne,109,53932,9,4,1,5,0
2020-06-05,Ventura,111,848112,1811,1274,6,1280,30
2020-06-05,Yolo,113,214977,254,216,0,216,24
2020-06-05,Yuba,115,75493,32,27,0,27,1
2020-06-04,Alameda,001,1643700,4169,3643,4,3647,99
2020-06-04,Alpine,003,1148,2,1,0,1,0
2020-06-04,Amador,005,37829,10,10,0,10,0
2020-06-04,Butte,007,227075,86,57,4,61,1
2020-06-04,Calaveras,009,45235,22,15,0,15,0
2020-06-04,Colusa,011,21464,9,7,0,7,0
2020-06-04,Contra Costa,013,1133247,1859,1551,0,1551,37
2020-06-04,Del Norte,015,27424,45,45,0,45,0
2020-06-04,El Dorado,017,186661,125,101,0,101,0
2020-06-04,Fresno,019,978130,3757,2007,44,2051,35
2020-06-04,Glenn,021,27897,22,16,0,16,0
2020-06-04,Humboldt,023,135768,115,109,0,109,2
2020-06-04,Imperial,025,180216,4666,2631,4,2635,19
2020-06-04,Inyo,027,18085,22,20,0,20,1
2020-06-04,Kern,029,883053,3329,2530,8,2538,46
2020-06-04,Kings,031,150075,1641,842,3,845,6
2020-06-04,Lake,033,64148,34,27,0,27,0
2020-06-04,Lassen,035,31185,8,4,2,6,0
2020-06-04,Los Angeles,037,10098052,68128,59596,20,59616,2515
2020-06-04,Madera,039,155013,321,127,1,128,3
2020-06-04,Marin,041,260295,630,533,2,535,14
2020-06-04,Mariposa,043,17540,16,16,0,16,1
2020-06-04,Mendocino,045,87422,34,29,0,29,0
2020-06-04,Merced,047,269075,472,304,0,304,7
2020-06-04,Modoc,049,8938,1,0,0,0,0
2020-06-04,Mono,051,14174,39,35,0,35,1
2020-06-04,Monterey,053,433212,868,621,1,622,10
2020-06-04,Napa,055,140530,160,117,0,117,3
2020-06-04,Nevada,057,99092,53,49,1,50,1
2020-06-04,Orange,059,3164182,10090,7192,57,7249,148
2020-06-04,Placer,061,380077,354,256,1,257,9
2020-06-04,Plumas,063,18699,4,4,0,4,0
2020-06-04,Riverside,065,2383286,11022,8473,11,8484,341
2020-06-04,Sacramento,067,1510023,1659,1492,2,1494,58
2020-06-04,San Benito,069,59416,112,88,0,88,2
2020-06-04,San Bernardino,071,2135413,7349,5726,4,5730,207
2020-06-04,San Diego,073,3302833,9301,7942,0,7942,288
2020-06-04,San Francisco,075,870044,2851,2636,0,2636,43
2020-06-04,San Joaquin,077,732212,1448,1016,4,1020,36
2020-06-04,San Luis Obispo,079,281455,359,288,2,290,1
2020-06-04,San Mateo,081,765935,2552,2284,3,2287,72
2020-06-04,Santa Barbara,083,443738,2307,1750,6,1756,13
2020-06-04,Santa Clara,085,1922200,3448,2871,5,2876,144
2020-06-04,Santa Cruz,087,273765,249,218,0,218,2
2020-06-04,Shasta,089,179085,63,40,0,40,4
2020-06-04,Sierra,091,2930,1,1,0,1,0
2020-06-04,Siskiyou,093,43540,14,8,0,8,0
2020-06-04,Solano,095,438530,723,551,4,555,19
2020-06-04,Sonoma,097,501317,700,591,1,592,4
2020-06-04,Stanislaus,099,539301,1102,806,5,811,28
2020-06-04,Sutter,101,95872,65,46,0,46,2
2020-06-04,Tehama,103,63373,14,6,1,7,1
2020-06-04,Trinity,105,12862,6,1,1,2,0
2020-06-04,Tulare,107,460477,2859,2086,4,2090,90
2020-06-04,Tuolumne,109,53932,8,4,1,5,0
2020-06-04,Ventura,111,848112,1768,1236,6,1242,30
2020-06-04,Yolo,113,214977,249,216,0,216,24
2020-06-04,Yuba,115,75493,31,27,0,27,1
2020-06-03,Alameda,001,1643700,4110,3589,3,3592,99
2020-06-03,Alpine,003,1148,2,1,0,1,0
2020-06-03,Amador,005,37829,10,10,0,10,0
2020-06-03,Butte,007,227075,84,53,4,57,1
2020-06-03,Calaveras,009,45235,21,15,0,15,0
2020-06-03,Colusa,011,21464,9,7,0,7,0
2020-06-03,Contra Costa,013,1133247,1811,1511,0,1511,37
2020-06-03,Del Norte,015,27424,45,39,0,39,0
2020-06-03,El Dorado,017,186661,122,90,0,90,0
2020-06-03,Fresno,019,978130,3660,1943,44,1987,35
2020-06-03,Glenn,021,27897,22,16,0,16,0
2020-06-03,Humboldt,023,135768,115,103,0,103,2
2020-06-03,Imperial,025,180216,4494,2540,4,2544,19
2020-06-03,Inyo,027,18085,22,20,0,20,1
2020-06-03,Kern,029,883053,3233,2452,8,2460,44
2020-06-03,Kings,031,150075,1576,744,3,747,6
2020-06-03,Lake,033,64148,32,26,0,26,0
2020-06-03,Lassen,035,31185,8,4,2,6,0
2020-06-03,Los Angeles,037,10098052,66522,58166,20,58186,2472
2020-06-03,Madera,039,155013,313,117,1,118,3
2020-06-03,Marin,041,260295,612,527,2,529,14
2020-06-03,Mariposa,043,17540,16,16,0,16,1
2020-06-03,Mendocino,045,87422,33,29,0,29,0
2020-06-03,Merced,047,269075,458,299,0,299,7
2020-06-03,Modoc,049,8938,1,0,0,0,0
2020-06-03,Mono,051,14174,39,35,0,35,1
2020-06-03,Monterey,053,433212,840,592,1,593,10
2020-06-03,Napa,055,140530,159,116,0,116,3
2020-06-03,Nevada,057,99092,52,43,1,44,1
2020-06-03,Orange,059,3164182,9862,6939,56,6995,145
2020-06-03,Placer,061,380077,335,243,1,244,9
2020-06-03,Plumas,063,18699,4,4,0,4,0
2020-06-03,Riverside,065,2383286,10747,8208,11,8219,335
2020-06-03,Sacramento,067,1510023,1629,1457,2,1459,58
2020-06-03,San Benito,069,59416,106,88,0,88,2
2020-06-03,San Bernardino,071,2135413,7126,5565,4,5569,203
2020-06-03,San Diego,073,3302833,9153,7800,0,7800,283
2020-06-03,San Francisco,075,870044,2820,2608,0,2608,43
2020-06-03,San Joaquin,077,732212,1384,1004,4,1008,35
2020-06-03,San Luis Obispo,079,281455,354,279,2,281,1
2020-06-03,San Mateo,081,765935,2524,2243,3,2246,71
2020-06-03,Santa Barbara,083,443738,2263,1722,6,1728,12
2020-06-03,Santa Clara,085,1922200,3408,2836,5,2841,144
2020-06-03,Santa Cruz,087,273765,243,217,0,217,2
2020-06-03,Shasta,089,179085,60,40,0,40,4
2020-06-03,Sierra,091,2930,1,1,0,1,0
2020-06-03,Siskiyou,093,43540,13,8,0,8,0
2020-06-03,Solano,095,438530,698,543,2,545,18
2020-06-03,Sonoma,097,501317,688,578,1,579,4
2020-06-03,Stanislaus,099,539301,1062,780,5,785,27
2020-06-03,Sutter,101,95872,57,45,0,45,2
2020-06-03,Tehama,103,63373,14,6,1,7,1
2020-06-03,Trinity,105,12862,5,1,1,2,0
2020-06-03,Tulare,107,460477,2790,2041,4,2045,88
2020-06-03,Tuolumne,109,53932,6,4,1,5,0
2020-06-03,Ventura,111,848112,1704,1202,6,1208,30
2020-06-03,Yolo,113,214977,245,213,0,213,24
2020-06-03,Yuba,115,75493,31,27,0,27,1
2020-06-02,Alameda,001,1643700,4034,3517,3,3520,99
2020-06-02,Alpine,003,1148,2,1,0,1,0
2020-06-02,Amador,005,37829,10,10,0,10,0
2020-06-02,Butte,007,227075,80,51,3,54,1
2020-06-02,Calaveras,009,45235,21,15,0,15,0
2020-06-02,Colusa,011,21464,9,7,0,7,0
2020-06-02,Contra Costa,013,1133247,1779,1505,0,1505,37
2020-06-02,Del Norte,015,27424,45,39,0,39,0
2020-06-02,El Dorado,017,186661,121,88,0,88,0
2020-06-02,Fresno,019,978130,3548,1917,44,1961,34
2020-06-02,Glenn,021,27897,21,16,0,16,0
2020-06-02,Humboldt,023,135768,115,101,0,101,2
2020-06-02,Imperial,025,180216,4301,2459,4,2463,19
2020-06-02,Inyo,027,18085,20,20,0,20,1
2020-06-02,Kern,029,883053,3134,2406,6,2412,41
2020-06-02,Kings,031,150075,1548,720,3,723,5
2020-06-02,Lake,033,64148,32,25,0,25,0
2020-06-02,Lassen,035,31185,7,4,2,6,0
2020-06-02,Los Angeles,037,10098052,65119,57144,20,57164,2430
2020-06-02,Madera,039,155013,292,110,1,111,2
2020-06-02,Marin,041,260295,585,509,2,511,14
2020-06-02,Mariposa,043,17540,16,16,0,16,1
2020-06-02,Mendocino,045,87422,33,29,0,29,0
2020-06-02,Merced,047,269075,442,297,0,297,6
2020-06-02,Modoc,049,8938,1,0,0,0,0
2020-06-02,Mono,051,14174,39,35,0,35,1
2020-06-02,Monterey,053,433212,810,582,1,583,10
2020-06-02,Napa,055,140530,150,116,0,116,3
2020-06-02,Nevada,057,99092,51,41,1,42,1
2020-06-02,Orange,059,3164182,9661,6790,55,6845,142
2020-06-02,Placer,061,380077,321,226,1,227,9
2020-06-02,Plumas,063,18699,4,4,0,4,0
2020-06-02,Riverside,065,2383286,10452,8091,10,8101,330
2020-06-02,Sacramento,067,1510023,1600,1428,2,1430,58
2020-06-02,San Benito,069,59416,105,86,0,86,2
2020-06-02,San Bernardino,071,2135413,6918,5438,4,5442,202
2020-06-02,San Diego,073,3302833,9007,7676,0,7676,276
2020-06-02,San Francisco,075,870044,2785,2554,0,2554,43
2020-06-02,San Joaquin,077,732212,1318,985,4,989,35
2020-06-02,San Luis Obispo,079,281455,349,275,2,277,1
2020-06-02,San Mateo,081,765935,2489,2203,3,2206,71
2020-06-02,Santa Barbara,083,443738,2218,1703,6,1709,12
2020-06-02,Santa Clara,085,1922200,3358,2819,5,2824,144
2020-06-02,Santa Cruz,087,273765,238,215,0,215,2
2020-06-02,Shasta,089,179085,59,38,0,38,4
2020-06-02,Sierra,091,2930,1,1,0,1,0
2020-06-02,Siskiyou,093,43540,12,8,0,8,0
2020-06-02,Solano,095,438530,683,537,1,538,18
2020-06-02,Sonoma,097,501317,677,571,1,572,4
2020-06-02,Stanislaus,099,539301,1003,772,5,777,27
2020-06-02,Sutter,101,95872,54,43,0,43,2
2020-06-02,Tehama,103,63373,14,6,1,7,1
2020-06-02,Trinity,105,12862,5,1,1,2,0
2020-06-02,Tulare,107,460477,2710,2012,4,2016,86
2020-06-02,Tuolumne,109,53932,6,4,1,5,0
2020-06-02,Ventura,111,848112,1653,1178,6,1184,30
2020-06-02,Yolo,113,214977,243,213,0,213,24
2020-06-02,Yuba,115,75493,31,27,0,27,1
2020-06-01,Alameda,001,1643700,3969,3460,3,3463,98
2020-06-01,Alpine,003,1148,2,1,0,1,0
2020-06-01,Amador,005,37829,10,10,0,10,0
2020-06-01,Butte,007,227075,79,50,2,52,1
2020-06-01,Calaveras,009,45235,21,15,0,15,0
2020-06-01,Colusa,011,21464,9,7,0,7,0
2020-06-01,Contra Costa,013,1133247,1743,1486,0,1486,37
2020-06-01,Del Norte,015,27424,45,38,0,38,0
2020-06-01,El Dorado,017,186661,119,88,0,88,0
2020-06-01,Fresno,019,978130,3453,1854,42,1896,33
2020-06-01,Glenn,021,27897,21,16,0,16,0
2020-06-01,Humboldt,023,135768,115,98,0,98,2
2020-06-01,Imperial,025,180216,4078,2366,4,2370,14
2020-06-01,Inyo,027,18085,20,20,0,20,1
2020-06-01,Kern,029,883053,3051,2366,6,2372,38
2020-06-01,Kings,031,150075,1280,703,3,706,4
2020-06-01,Lake,033,64148,32,22,0,22,0
2020-06-01,Lassen,035,31185,7,4,2,6,0
2020-06-01,Los Angeles,037,10098052,63654,55899,20,55919,2367
2020-06-01,Madera,039,155013,280,103,1,104,2
2020-06-01,Marin,041,260295,544,495,2,497,14
2020-06-01,Mariposa,043,17540,16,16,0,16,1
2020-06-01,Mendocino,045,87422,33,28,0,28,0
2020-06-01,Merced,047,269075,423,289,0,289,6
2020-06-01,Modoc,049,8938,1,0,0,0,0
2020-06-01,Mono,051,14174,39,35,0,35,1
2020-06-01,Monterey,053,433212,785,554,1,555,10
2020-06-01,Napa,055,140530,147,114,0,114,3
2020-06-01,Nevada,057,99092,51,41,1,42,1
2020-06-01,Orange,059,3164182,9465,6640,54,6694,135
2020-06-01,Placer,061,380077,309,218,1,219,9
2020-06-01,Plumas,063,18699,4,4,0,4,0
2020-06-01,Riverside,065,2383286,10001,7921,10,7931,322
2020-06-01,Sacramento,067,1510023,1561,1415,2,1417,58
2020-06-01,San Benito,069,59416,102,86,0,86,2
2020-06-01,San Bernardino,071,2135413,6712,5310,4,5314,202
2020-06-01,San Diego,073,3302833,8827,7556,0,7556,269
2020-06-01,San Francisco,075,870044,2748,2546,0,2546,43
2020-06-01,San Joaquin,077,732212,1253,957,4,961,35
2020-06-01,San Luis Obispo,079,281455,345,275,2,277,1
2020-06-01,San Mateo,081,765935,2459,2190,3,2193,71
2020-06-01,Santa Barbara,083,443738,2176,1671,5,1676,10
2020-06-01,Santa Clara,085,1922200,3320,2797,4,2801,142
2020-06-01,Santa Cruz,087,273765,234,215,0,215,2
2020-06-01,Shasta,089,179085,59,38,0,38,4
2020-06-01,Sierra,091,2930,1,1,0,1,0
2020-06-01,Siskiyou,093,43540,12,7,0,7,0
2020-06-01,Solano,095,438530,659,529,1,530,17
2020-06-01,Sonoma,097,501317,661,565,1,566,4
2020-06-01,Stanislaus,099,539301,966,758,5,763,27
2020-06-01,Sutter,101,95872,49,43,0,43,2
2020-06-01,Tehama,103,63373,11,5,1,6,1
2020-06-01,Trinity,105,12862,4,1,1,2,0
2020-06-01,Tulare,107,460477,2595,1976,4,1980,84
2020-06-01,Tuolumne,109,53932,5,4,1,5,0
2020-06-01,Ventura,111,848112,1603,1163,6,1169,29
2020-06-01,Yolo,113,214977,240,212,0,212,24
2020-06-01,Yuba,115,75493,30,26,0,26,1
2020-05-31,Alameda,001,1643700,3863,3362,3,3365,98
2020-05-31,Alpine,003,1148,2,1,0,1,0
2020-05-31,Amador,005,37829,10,10,0,10,0
2020-05-31,Butte,007,227075,77,51,2,53,0
2020-05-31,Calaveras,009,45235,18,15,0,15,0
2020-05-31,Colusa,011,21464,9,5,0,5,0
2020-05-31,Contra Costa,013,1133247,1709,1458,0,1458,37
2020-05-31,Del Norte,015,27424,45,37,0,37,0
2020-05-31,El Dorado,017,186661,115,88,0,88,0
2020-05-31,Fresno,019,978130,3292,1780,40,1820,31
2020-05-31,Glenn,021,27897,20,16,0,16,0
2020-05-31,Humboldt,023,135768,113,98,0,98,2
2020-05-31,Imperial,025,180216,3811,2197,4,2201,14
2020-05-31,Inyo,027,18085,20,20,0,20,1
2020-05-31,Kern,029,883053,2916,2300,6,2306,38
2020-05-31,Kings,031,150075,1243,703,3,706,3
2020-05-31,Lake,033,64148,32,19,0,19,0
2020-05-31,Lassen,035,31185,7,4,2,6,0
2020-05-31,Los Angeles,037,10098052,62364,54925,20,54945,2344
2020-05-31,Madera,039,155013,262,101,1,102,2
2020-05-31,Marin,041,260295,534,486,2,488,14
2020-05-31,Mariposa,043,17540,16,16,0,16,1
2020-05-31,Mendocino,045,87422,33,24,0,24,0
2020-05-31,Merced,047,269075,396,288,0,288,6
2020-05-31,Modoc,049,8938,0,0,0,0,0
2020-05-31,Mono,051,14174,39,34,0,34,1
2020-05-31,Monterey,053,433212,712,545,1,546,10
2020-05-31,Napa,055,140530,145,114,0,114,3
2020-05-31,Nevada,057,99092,50,41,1,42,1
2020-05-31,Orange,059,3164182,9254,6532,53,6585,135
2020-05-31,Placer,061,380077,289,215,1,216,9
2020-05-31,Plumas,063,18699,4,4,0,4,0
2020-05-31,Riverside,065,2383286,9745,7704,10,7714,321
2020-05-31,Sacramento,067,1510023,1530,1398,2,1400,57
2020-05-31,San Benito,069,59416,96,85,0,85,2
2020-05-31,San Bernardino,071,2135413,6444,5185,4,5189,198
2020-05-31,San Diego,073,3302833,8633,7483,0,7483,269
2020-05-31,San Francisco,075,870044,2712,2501,0,2501,43
2020-05-31,San Joaquin,077,732212,1188,888,4,892,34
2020-05-31,San Luis Obispo,079,281455,335,271,2,273,1
2020-05-31,San Mateo,081,765935,2413,2169,3,2172,71
2020-05-31,Santa Barbara,083,443738,2119,1662,5,1667,9
2020-05-31,Santa Clara,085,1922200,3276,2785,4,2789,142
2020-05-31,Santa Cruz,087,273765,231,210,0,210,2
2020-05-31,Shasta,089,179085,57,38,0,38,4
2020-05-31,Sierra,091,2930,1,1,0,1,0
2020-05-31,Siskiyou,093,43540,11,7,0,7,0
2020-05-31,Solano,095,438530,633,512,1,513,6
2020-05-31,Sonoma,097,501317,641,555,1,556,4
2020-05-31,Stanislaus,099,539301,912,738,5,743,27
2020-05-31,Sutter,101,95872,47,42,0,42,2
2020-05-31,Tehama,103,63373,10,4,1,5,1
2020-05-31,Trinity,105,12862,4,1,1,2,0
2020-05-31,Tulare,107,460477,2523,1884,4,1888,82
2020-05-31,Tuolumne,109,53932,5,4,1,5,0
2020-05-31,Ventura,111,848112,1548,1151,6,1157,30
2020-05-31,Yolo,113,214977,234,211,0,211,24
2020-05-31,Yuba,115,75493,30,26,0,26,1
2020-05-30,Alameda,001,1643700,3837,3304,3,3307,96
2020-05-30,Alpine,003,1148,2,1,0,1,0
2020-05-30,Amador,005,37829,10,10,0,10,0
2020-05-30,Butte,007,227075,76,44,2,46,0
2020-05-30,Calaveras,009,45235,17,15,0,15,0
2020-05-30,Colusa,011,21464,8,5,0,5,0
2020-05-30,Contra Costa,013,1133247,1694,1429,0,1429,37
2020-05-30,Del Norte,015,27424,45,37,0,37,0
2020-05-30,El Dorado,017,186661,114,86,0,86,0
2020-05-30,Fresno,019,978130,3231,1744,39,1783,31
2020-05-30,Glenn,021,27897,19,16,0,16,0
2020-05-30,Humboldt,023,135768,112,98,0,98,2
2020-05-30,Imperial,025,180216,3721,2091,4,2095,14
2020-05-30,Inyo,027,18085,20,20,0,20,1
2020-05-30,Kern,029,883053,2847,2217,6,2223,38
2020-05-30,Kings,031,150075,1229,703,3,706,3
2020-05-30,Lake,033,64148,31,18,0,18,0
2020-05-30,Lassen,035,31185,7,4,2,6,0
2020-05-30,Los Angeles,037,10098052,61828,53627,20,53647,2319
2020-05-30,Madera,039,155013,257,101,1,102,2
2020-05-30,Marin,041,260295,534,462,2,464,14
2020-05-30,Mariposa,043,17540,16,16,0,16,1
2020-05-30,Mendocino,045,87422,33,24,0,24,0
2020-05-30,Merced,047,269075,395,285,0,285,6
2020-05-30,Modoc,049,8938,0,0,0,0,0
2020-05-30,Mono,051,14174,39,34,0,34,1
2020-05-30,Monterey,053,433212,696,520,1,521,10
2020-05-30,Napa,055,140530,143,113,0,113,3
2020-05-30,Nevada,057,99092,50,41,1,42,1
2020-05-30,Orange,059,3164182,9099,6354,53,6407,134
2020-05-30,Placer,061,380077,281,199,0,199,9
2020-05-30,Plumas,063,18699,4,4,0,4,0
2020-05-30,Riverside,065,2383286,9601,7492,10,7502,316
2020-05-30,Sacramento,067,1510023,1519,1384,2,1386,57
2020-05-30,San Benito,069,59416,95,85,0,85,2
2020-05-30,San Bernardino,071,2135413,6335,5122,4,5126,198
2020-05-30,San Diego,073,3302833,8540,7387,0,7387,269
2020-05-30,San Francisco,075,870044,2687,2496,0,2496,41
2020-05-30,San Joaquin,077,732212,1150,888,4,892,34
2020-05-30,San Luis Obispo,079,281455,330,270,2,272,1
2020-05-30,San Mateo,081,765935,2389,2129,3,2132,71
2020-05-30,Santa Barbara,083,443738,2090,1660,5,1665,9
2020-05-30,Santa Clara,085,1922200,3260,2741,4,2745,141
2020-05-30,Santa Cruz,087,273765,231,206,0,206,2
2020-05-30,Shasta,089,179085,57,36,0,36,4
2020-05-30,Sierra,091,2930,1,1,0,1,0
2020-05-30,Siskiyou,093,43540,10,7,0,7,0
2020-05-30,Solano,095,438530,626,512,1,513,6
2020-05-30,Sonoma,097,501317,631,551,1,552,4
2020-05-30,Stanislaus,099,539301,895,712,5,717,27
2020-05-30,Sutter,101,95872,46,40,0,40,2
2020-05-30,Tehama,103,63373,10,4,1,5,1
2020-05-30,Trinity,105,12862,4,1,1,2,0
2020-05-30,Tulare,107,460477,2486,1879,4,1883,81
2020-05-30,Tuolumne,109,53932,5,4,1,5,0
2020-05-30,Ventura,111,848112,1531,1116,6,1122,30
2020-05-30,Yolo,113,214977,230,210,0,210,24
2020-05-30,Yuba,115,75493,30,25,0,25,1
2020-05-29,Alameda,001,1643700,3802,3209,3,3212,96
2020-05-29,Alpine,003,1148,2,1,0,1,0
2020-05-29,Amador,005,37829,10,10,0,10,0
2020-05-29,Butte,007,227075,71,41,2,43,0
2020-05-29,Calaveras,009,45235,17,15,0,15,0
2020-05-29,Colusa,011,21464,8,5,0,5,0
2020-05-29,Contra Costa,013,1133247,1678,1411,0,1411,37
2020-05-29,Del Norte,015,27424,45,37,0,37,0
2020-05-29,El Dorado,017,186661,113,85,0,85,0
2020-05-29,Fresno,019,978130,3182,1687,39,1726,31
2020-05-29,Glenn,021,27897,19,14,0,14,0
2020-05-29,Humboldt,023,135768,111,98,0,98,2
2020-05-29,Imperial,025,180216,3603,1607,4,1611,14
2020-05-29,Inyo,027,18085,20,20,0,20,1
2020-05-29,Kern,029,883053,2789,2128,6,2134,36
2020-05-29,Kings,031,150075,1218,693,3,696,3
2020-05-29,Lake,033,64148,30,17,0,17,0
2020-05-29,Lassen,035,31185,7,0,2,2,0
2020-05-29,Los Angeles,037,10098052,60873,51578,20,51598,2273
2020-05-29,Madera,039,155013,242,98,1,99,2
2020-05-29,Marin,041,260295,526,448,2,450,14
2020-05-29,Mariposa,043,17540,16,16,0,16,1
2020-05-29,Mendocino,045,87422,31,25,0,25,0
2020-05-29,Merced,047,269075,390,285,0,285,7
2020-05-29,Modoc,049,8938,0,0,0,0,0
2020-05-29,Mono,051,14174,38,34,0,34,1
2020-05-29,Monterey,053,433212,666,479,1,480,10
2020-05-29,Napa,055,140530,140,113,0,113,3
2020-05-29,Nevada,057,99092,50,41,1,42,1
2020-05-29,Orange,059,3164182,8904,6176,51,6227,133
2020-05-29,Placer,061,380077,260,199,0,199,9
2020-05-29,Plumas,063,18699,4,4,0,4,0
2020-05-29,Riverside,065,2383286,9415,7376,10,7386,313
2020-05-29,Sacramento,067,1510023,1496,1360,2,1362,57
2020-05-29,San Benito,069,59416,95,84,0,84,2
2020-05-29,San Bernardino,071,2135413,6227,4983,4,4987,196
2020-05-29,San Diego,073,3302833,8417,7242,0,7242,266
2020-05-29,San Francisco,075,870044,2663,2453,0,2453,41
2020-05-29,San Joaquin,077,732212,1113,855,4,859,34
2020-05-29,San Luis Obispo,079,281455,326,270,2,272,1
2020-05-29,San Mateo,081,765935,2373,2103,3,2106,71
2020-05-29,Santa Barbara,083,443738,2057,1656,5,1661,9
2020-05-29,Santa Clara,085,1922200,3232,2707,4,2711,141
2020-05-29,Santa Cruz,087,273765,228,203,0,203,2
2020-05-29,Shasta,089,179085,57,36,0,36,4
2020-05-29,Sierra,091,2930,1,1,0,1,0
2020-05-29,Siskiyou,093,43540,10,7,0,7,0
2020-05-29,Solano,095,438530,618,498,1,499,6
2020-05-29,Sonoma,097,501317,620,537,1,538,4
2020-05-29,Stanislaus,099,539301,865,698,5,703,27
2020-05-29,Sutter,101,95872,44,40,0,40,2
2020-05-29,Tehama,103,63373,9,4,1,5,1
2020-05-29,Trinity,105,12862,4,1,1,2,0
2020-05-29,Tulare,107,460477,2448,1852,4,1856,80
2020-05-29,Tuolumne,109,53932,5,4,1,5,0
2020-05-29,Ventura,111,848112,1508,1093,6,1099,29
2020-05-29,Yolo,113,214977,226,211,0,211,24
2020-05-29,Yuba,115,75493,29,25,0,25,1
2020-05-28,Alameda,001,1643700,3702,3083,3,3086,94
2020-05-28,Alpine,003,1148,2,1,0,1,0
2020-05-28,Amador,005,37829,10,10,0,10,0
2020-05-28,Butte,007,227075,70,40,2,42,0
2020-05-28,Calaveras,009,45235,16,15,0,15,0
2020-05-28,Colusa,011,21464,8,5,0,5,0
2020-05-28,Contra Costa,013,1133247,1639,1392,0,1392,37
2020-05-28,Del Norte,015,27424,45,37,0,37,0
2020-05-28,El Dorado,017,186661,110,82,0,82,0
2020-05-28,Fresno,019,978130,3102,1653,38,1691,31
2020-05-28,Glenn,021,27897,18,14,0,14,0
2020-05-28,Humboldt,023,135768,110,97,0,97,2
2020-05-28,Imperial,025,180216,3408,1430,4,1434,14
2020-05-28,Inyo,027,18085,20,20,0,20,1
2020-05-28,Kern,029,883053,2711,2069,6,2075,36
2020-05-28,Kings,031,150075,881,626,3,629,3
2020-05-28,Lake,033,64148,29,17,0,17,0
2020-05-28,Lassen,035,31185,7,0,2,2,0
2020-05-28,Los Angeles,037,10098052,59294,49861,20,49881,2222
2020-05-28,Madera,039,155013,224,93,1,94,2
2020-05-28,Marin,041,260295,501,443,2,445,14
2020-05-28,Mariposa,043,17540,16,16,0,16,1
2020-05-28,Mendocino,045,87422,29,24,0,24,0
2020-05-28,Merced,047,269075,381,283,0,283,7
2020-05-28,Modoc,049,8938,0,0,0,0,0
2020-05-28,Mono,051,14174,38,34,0,34,1
2020-05-28,Monterey,053,433212,634,471,1,472,10
2020-05-28,Napa,055,140530,137,113,0,113,3
2020-05-28,Nevada,057,99092,45,41,1,42,1
2020-05-28,Orange,059,3164182,8708,6045,51,6096,130
2020-05-28,Placer,061,380077,253,196,0,196,9
2020-05-28,Plumas,063,18699,4,4,0,4,0
2020-05-28,Riverside,065,2383286,9013,7240,9,7249,304
2020-05-28,Sacramento,067,1510023,1476,1339,2,1341,57
2020-05-28,San Benito,069,59416,94,82,0,82,2
2020-05-28,San Bernardino,071,2135413,6062,4831,4,4835,191
2020-05-28,San Diego,073,3302833,8260,7102,0,7102,260
2020-05-28,San Francisco,075,870044,2629,2417,0,2417,40
2020-05-28,San Joaquin,077,732212,1078,840,4,844,34
2020-05-28,San Luis Obispo,079,281455,323,267,2,269,1
2020-05-28,San Mateo,081,765935,2346,2070,3,2073,71
2020-05-28,Santa Barbara,083,443738,2009,1642,4,1646,9
2020-05-28,Santa Clara,085,1922200,3192,2698,4,2702,140
2020-05-28,Santa Cruz,087,273765,227,201,0,201,2
2020-05-28,Shasta,089,179085,55,36,0,36,4
2020-05-28,Sierra,091,2930,1,1,0,1,0
2020-05-28,Siskiyou,093,43540,8,6,0,6,0
2020-05-28,Solano,095,438530,601,489,1,490,6
2020-05-28,Sonoma,097,501317,598,529,1,530,4
2020-05-28,Stanislaus,099,539301,824,684,5,689,27
2020-05-28,Sutter,101,95872,44,40,0,40,2
2020-05-28,Tehama,103,63373,9,4,1,5,1
2020-05-28,Trinity,105,12862,4,1,1,2,0
2020-05-28,Tulare,107,460477,2412,1832,4,1836,79
2020-05-28,Tuolumne,109,53932,5,4,1,5,0
2020-05-28,Ventura,111,848112,1477,1083,6,1089,29
2020-05-28,Yolo,113,214977,223,206,0,206,22
2020-05-28,Yuba,115,75493,28,24,0,24,1
2020-05-27,Alameda,001,1643700,3619,3037,3,3040,94
2020-05-27,Alpine,003,1148,2,1,0,1,0
2020-05-27,Amador,005,37829,10,10,0,10,0
2020-05-27,Butte,007,227075,67,40,1,41,0
2020-05-27,Calaveras,009,45235,15,15,0,15,0
2020-05-27,Colusa,011,21464,8,5,0,5,0
2020-05-27,Contra Costa,013,1133247,1599,1373,0,1373,37
2020-05-27,Del Norte,015,27424,45,34,0,34,0
2020-05-27,El Dorado,017,186661,109,82,0,82,0
2020-05-27,Fresno,019,978130,3014,1620,38,1658,27
2020-05-27,Glenn,021,27897,18,14,0,14,0
2020-05-27,Humboldt,023,135768,110,86,0,86,2
2020-05-27,Imperial,025,180216,3228,1369,4,1373,14
2020-05-27,Inyo,027,18085,20,20,0,20,1
2020-05-27,Kern,029,883053,2646,1999,6,2005,37
2020-05-27,Kings,031,150075,854,586,3,589,3
2020-05-27,Lake,033,64148,29,13,0,13,0
2020-05-27,Lassen,035,31185,7,0,2,2,0
2020-05-27,Los Angeles,037,10098052,57917,48711,20,48731,2177
2020-05-27,Madera,039,155013,215,91,1,92,2
2020-05-27,Marin,041,260295,472,439,2,441,14
2020-05-27,Mariposa,043,17540,16,16,0,16,1
2020-05-27,Mendocino,045,87422,28,21,0,21,0
2020-05-27,Merced,047,269075,377,278,0,278,7
2020-05-27,Modoc,049,8938,0,0,0,0,0
2020-05-27,Mono,051,14174,38,34,0,34,1
2020-05-27,Monterey,053,433212,594,443,1,444,8
2020-05-27,Napa,055,140530,132,112,0,112,3
2020-05-27,Nevada,057,99092,44,41,1,42,1
2020-05-27,Orange,059,3164182,8550,5849,51,5900,121
2020-05-27,Placer,061,380077,234,196,0,196,9
2020-05-27,Plumas,063,18699,4,4,0,4,0
2020-05-27,Riverside,065,2383286,8634,7156,9,7165,299
2020-05-27,Sacramento,067,1510023,1448,1318,2,1320,50
2020-05-27,San Benito,069,59416,91,74,0,74,2
2020-05-27,San Bernardino,071,2135413,5878,4708,4,4712,183
2020-05-27,San Diego,073,3302833,8110,6985,0,6985,255
2020-05-27,San Francisco,075,870044,2600,2394,0,2394,40
2020-05-27,San Joaquin,077,732212,1037,825,4,829,34
2020-05-27,San Luis Obispo,079,281455,318,266,2,268,1
2020-05-27,San Mateo,081,765935,2306,2045,3,2048,71
2020-05-27,Santa Barbara,083,443738,1990,1629,4,1633,9
2020-05-27,Santa Clara,085,1922200,3159,2680,4,2684,140
2020-05-27,Santa Cruz,087,273765,223,202,0,202,2
2020-05-27,Shasta,089,179085,52,36,0,36,4
2020-05-27,Sierra,091,2930,1,1,0,1,0
2020-05-27,Siskiyou,093,43540,8,6,0,6,0
2020-05-27,Solano,095,438530,581,477,1,478,5
2020-05-27,Sonoma,097,501317,584,521,1,522,4
2020-05-27,Stanislaus,099,539301,799,675,5,680,27
2020-05-27,Sutter,101,95872,43,40,0,40,2
2020-05-27,Tehama,103,63373,9,3,1,4,1
2020-05-27,Trinity,105,12862,4,1,1,2,0
2020-05-27,Tulare,107,460477,2360,1817,4,1821,77
2020-05-27,Tuolumne,109,53932,5,4,1,5,0
2020-05-27,Ventura,111,848112,1454,1065,6,1071,28
2020-05-27,Yolo,113,214977,222,204,0,204,22
2020-05-27,Yuba,115,75493,28,24,0,24,1
2020-05-26,Alameda,001,1643700,3525,2956,3,2959,92
2020-05-26,Alpine,003,1148,2,1,0,1,0
2020-05-26,Amador,005,37829,10,10,0,10,0
2020-05-26,Butte,007,227075,65,37,1,38,0
2020-05-26,Calaveras,009,45235,15,13,0,13,0
2020-05-26,Colusa,011,21464,8,4,0,4,0
2020-05-26,Contra Costa,013,1133247,1564,1352,0,1352,37
2020-05-26,Del Norte,015,27424,44,30,0,30,0
2020-05-26,El Dorado,017,186661,105,79,0,79,0
2020-05-26,Fresno,019,978130,2928,1496,38,1534,22
2020-05-26,Glenn,021,27897,16,12,0,12,0
2020-05-26,Humboldt,023,135768,108,81,0,81,2
2020-05-26,Imperial,025,180216,3012,1369,4,1373,14
2020-05-26,Inyo,027,18085,20,20,0,20,1
2020-05-26,Kern,029,883053,2568,1890,6,1896,31
2020-05-26,Kings,031,150075,786,449,2,451,2
2020-05-26,Lake,033,64148,27,12,0,12,0
2020-05-26,Lassen,035,31185,6,0,2,2,0
2020-05-26,Los Angeles,037,10098052,56449,47760,20,47780,2121
2020-05-26,Madera,039,155013,199,83,1,84,2
2020-05-26,Marin,041,260295,460,424,2,426,14
2020-05-26,Mariposa,043,17540,16,16,0,16,1
2020-05-26,Mendocino,045,87422,26,20,0,20,0
2020-05-26,Merced,047,269075,363,266,0,266,7
2020-05-26,Modoc,049,8938,0,1,0,1,0
2020-05-26,Mono,051,14174,37,34,0,34,1
2020-05-26,Monterey,053,433212,566,424,0,424,8
2020-05-26,Napa,055,140530,127,109,0,109,3
2020-05-26,Nevada,057,99092,43,41,1,42,1
2020-05-26,Orange,059,3164182,8282,5651,50,5701,115
2020-05-26,Placer,061,380077,229,188,0,188,9
2020-05-26,Plumas,063,18699,4,4,0,4,0
2020-05-26,Riverside,065,2383286,8187,6917,9,6926,284
2020-05-26,Sacramento,067,1510023,1422,1298,2,1300,50
2020-05-26,San Benito,069,59416,86,69,0,69,2
2020-05-26,San Bernardino,071,2135413,5710,4430,4,4434,175
2020-05-26,San Diego,073,3302833,7967,6884,0,6884,249
2020-05-26,San Francisco,075,870044,2567,2363,0,2363,40
2020-05-26,San Joaquin,077,732212,990,760,4,764,33
2020-05-26,San Luis Obispo,079,281455,316,260,2,262,1
2020-05-26,San Mateo,081,765935,2268,1967,2,1969,71
2020-05-26,Santa Barbara,083,443738,1965,1590,4,1594,9
2020-05-26,Santa Clara,085,1922200,3126,2659,4,2663,139
2020-05-26,Santa Cruz,087,273765,221,197,0,197,2
2020-05-26,Shasta,089,179085,52,36,0,36,4
2020-05-26,Sierra,091,2930,1,1,0,1,0
2020-05-26,Siskiyou,093,43540,7,6,0,6,0
2020-05-26,Solano,095,438530,563,470,1,471,5
2020-05-26,Sonoma,097,501317,576,509,0,509,4
2020-05-26,Stanislaus,099,539301,778,663,5,668,27
2020-05-26,Sutter,101,95872,42,39,0,39,2
2020-05-26,Tehama,103,63373,8,2,1,3,1
2020-05-26,Trinity,105,12862,4,1,1,2,0
2020-05-26,Tulare,107,460477,2304,1768,4,1772,76
2020-05-26,Tuolumne,109,53932,5,2,1,3,0
2020-05-26,Ventura,111,848112,1420,1033,3,1036,27
2020-05-26,Yolo,113,214977,216,198,0,198,22
2020-05-26,Yuba,115,75493,27,24,0,24,1
2020-05-25,Alameda,001,1643700,3432,2900,2,2902,92
2020-05-25,Alpine,003,1148,2,1,0,1,0
2020-05-25,Amador,005,37829,10,10,0,10,0
2020-05-25,Butte,007,227075,62,37,1,38,0
2020-05-25,Calaveras,009,45235,15,13,0,13,0
2020-05-25,Colusa,011,21464,7,4,0,4,0
2020-05-25,Contra Costa,013,1133247,1531,1348,0,1348,37
2020-05-25,Del Norte,015,27424,44,20,0,20,0
2020-05-25,El Dorado,017,186661,97,78,0,78,0
2020-05-25,Fresno,019,978130,2825,1496,35,1531,22
2020-05-25,Glenn,021,27897,16,12,0,12,0
2020-05-25,Humboldt,023,135768,107,81,0,81,2
2020-05-25,Imperial,025,180216,2801,1369,4,1373,14
2020-05-25,Inyo,027,18085,19,20,0,20,1
2020-05-25,Kern,029,883053,2497,1890,6,1896,31
2020-05-25,Kings,031,150075,757,447,2,449,2
2020-05-25,Lake,033,64148,25,13,0,13,0
2020-05-25,Lassen,035,31185,6,0,2,2,0
2020-05-25,Los Angeles,037,10098052,54634,45952,20,45972,2094
2020-05-25,Madera,039,155013,187,83,1,84,2
2020-05-25,Marin,041,260295,442,415,2,417,14
2020-05-25,Mariposa,043,17540,16,15,0,15,1
2020-05-25,Mendocino,045,87422,23,19,0,19,0
2020-05-25,Merced,047,269075,356,262,0,262,6
2020-05-25,Modoc,049,8938,0,1,0,1,0
2020-05-25,Mono,051,14174,37,34,0,34,1
2020-05-25,Monterey,053,433212,536,418,0,418,8
2020-05-25,Napa,055,140530,127,107,0,107,3
2020-05-25,Nevada,057,99092,43,41,1,42,1
2020-05-25,Orange,059,3164182,8060,5601,49,5650,115
2020-05-25,Placer,061,380077,226,186,0,186,9
2020-05-25,Plumas,063,18699,4,4,0,4,0
2020-05-25,Riverside,065,2383286,7956,6900,9,6909,284
2020-05-25,Sacramento,067,1510023,1402,1290,1,1291,50
2020-05-25,San Benito,069,59416,85,70,0,70,2
2020-05-25,San Bernardino,071,2135413,5520,4393,3,4396,175
2020-05-25,San Diego,073,3302833,7791,6799,0,6799,249
2020-05-25,San Francisco,075,870044,2530,2358,0,2358,40
2020-05-25,San Joaquin,077,732212,964,760,4,764,33
2020-05-25,San Luis Obispo,079,281455,314,260,2,262,1
2020-05-25,San Mateo,081,765935,2232,1938,2,1940,71
2020-05-25,Santa Barbara,083,443738,1947,1590,4,1594,9
2020-05-25,Santa Clara,085,1922200,3094,2647,4,2651,139
2020-05-25,Santa Cruz,087,273765,219,191,0,191,2
2020-05-25,Shasta,089,179085,51,36,0,36,4
2020-05-25,Sierra,091,2930,1,1,0,1,0
2020-05-25,Siskiyou,093,43540,7,6,0,6,0
2020-05-25,Solano,095,438530,549,437,1,438,5
2020-05-25,Sonoma,097,501317,564,496,0,496,4
2020-05-25,Stanislaus,099,539301,748,651,5,656,27
2020-05-25,Sutter,101,95872,42,38,0,38,2
2020-05-25,Tehama,103,63373,7,2,1,3,1
2020-05-25,Trinity,105,12862,4,1,1,2,0
2020-05-25,Tulare,107,460477,2241,1747,4,1751,76
2020-05-25,Tuolumne,109,53932,5,2,1,3,0
2020-05-25,Ventura,111,848112,1380,1020,3,1023,27
2020-05-25,Yolo,113,214977,214,197,0,197,22
2020-05-25,Yuba,115,75493,26,24,0,24,1
2020-05-24,Alameda,001,1643700,3359,2830,2,2832,92
2020-05-24,Alpine,003,1148,2,1,0,1,0
2020-05-24,Amador,005,37829,10,9,0,9,0
2020-05-24,Butte,007,227075,60,35,1,36,0
2020-05-24,Calaveras,009,45235,15,13,0,13,0
2020-05-24,Colusa,011,21464,7,4,0,4,0
2020-05-24,Contra Costa,013,1133247,1503,1325,0,1325,37
2020-05-24,Del Norte,015,27424,43,16,0,16,0
2020-05-24,El Dorado,017,186661,96,76,0,76,0
2020-05-24,Fresno,019,978130,2759,1455,33,1488,22
2020-05-24,Glenn,021,27897,15,12,0,12,0
2020-05-24,Humboldt,023,135768,107,81,0,81,2
2020-05-24,Imperial,025,180216,2675,1369,4,1373,14
2020-05-24,Inyo,027,18085,19,20,0,20,1
2020-05-24,Kern,029,883053,2424,1861,5,1866,31
2020-05-24,Kings,031,150075,746,446,2,448,2
2020-05-24,Lake,033,64148,24,12,0,12,0
2020-05-24,Lassen,035,31185,5,0,2,2,0
2020-05-24,Los Angeles,037,10098052,53620,44954,20,44974,2085
2020-05-24,Madera,039,155013,181,83,1,84,2
2020-05-24,Marin,041,260295,440,401,2,403,14
2020-05-24,Mariposa,043,17540,16,15,0,15,1
2020-05-24,Mendocino,045,87422,22,19,0,19,0
2020-05-24,Merced,047,269075,355,258,0,258,6
2020-05-24,Modoc,049,8938,0,0,0,0,0
2020-05-24,Mono,051,14174,37,34,0,34,1
2020-05-24,Monterey,053,433212,508,405,0,405,8
2020-05-24,Napa,055,140530,125,104,0,104,3
2020-05-24,Nevada,057,99092,43,41,1,42,1
2020-05-24,Orange,059,3164182,7905,5439,48,5487,113
2020-05-24,Placer,061,380077,218,184,0,184,9
2020-05-24,Plumas,063,18699,4,4,0,4,0
2020-05-24,Riverside,065,2383286,7815,6571,9,6580,284
2020-05-24,Sacramento,067,1510023,1386,1283,1,1284,50
2020-05-24,San Benito,069,59416,84,67,0,67,2
2020-05-24,San Bernardino,071,2135413,5412,4262,3,4265,175
2020-05-24,San Diego,073,3302833,7648,6703,0,6703,249
2020-05-24,San Francisco,075,870044,2506,2318,0,2318,40
2020-05-24,San Joaquin,077,732212,945,760,4,764,33
2020-05-24,San Luis Obispo,079,281455,312,257,2,259,1
2020-05-24,San Mateo,081,765935,2197,1925,2,1927,71
2020-05-24,Santa Barbara,083,443738,1931,1573,4,1577,9
2020-05-24,Santa Clara,085,1922200,3074,2623,4,2627,139
2020-05-24,Santa Cruz,087,273765,216,185,0,185,2
2020-05-24,Shasta,089,179085,50,36,0,36,4
2020-05-24,Sierra,091,2930,1,1,0,1,0
2020-05-24,Siskiyou,093,43540,6,6,0,6,0
2020-05-24,Solano,095,438530,541,436,0,436,5
2020-05-24,Sonoma,097,501317,553,485,0,485,4
2020-05-24,Stanislaus,099,539301,728,634,5,639,27
2020-05-24,Sutter,101,95872,42,38,0,38,2
2020-05-24,Tehama,103,63373,5,2,1,3,1
2020-05-24,Trinity,105,12862,4,1,1,2,0
2020-05-24,Tulare,107,460477,2195,1684,4,1688,74
2020-05-24,Tuolumne,109,53932,5,2,0,2,0
2020-05-24,Ventura,111,848112,1368,982,3,985,27
2020-05-24,Yolo,113,214977,212,192,0,192,22
2020-05-24,Yuba,115,75493,26,24,0,24,1
2020-05-23,Alameda,001,1643700,3318,2783,2,2785,91
2020-05-23,Alpine,003,1148,2,1,0,1,0
2020-05-23,Amador,005,37829,10,9,0,9,0
2020-05-23,Butte,007,227075,59,34,1,35,0
2020-05-23,Calaveras,009,45235,15,13,0,13,0
2020-05-23,Colusa,011,21464,7,4,0,4,0
2020-05-23,Contra Costa,013,1133247,1492,1302,0,1302,36
2020-05-23,Del Norte,015,27424,43,10,0,10,0
2020-05-23,El Dorado,017,186661,96,74,0,74,0
2020-05-23,Fresno,019,978130,2739,1447,33,1480,21
2020-05-23,Glenn,021,27897,15,12,0,12,0
2020-05-23,Humboldt,023,135768,105,80,0,80,2
2020-05-23,Imperial,025,180216,2587,1283,4,1287,14
2020-05-23,Inyo,027,18085,19,20,0,20,1
2020-05-23,Kern,029,883053,2381,1806,5,1811,31
2020-05-23,Kings,031,150075,742,444,2,446,2
2020-05-23,Lake,033,64148,23,10,0,10,0
2020-05-23,Lassen,035,31185,5,0,2,2,0
2020-05-23,Los Angeles,037,10098052,53079,44029,20,44049,2069
2020-05-23,Madera,039,155013,177,83,1,84,2
2020-05-23,Marin,041,260295,440,393,1,394,14
2020-05-23,Mariposa,043,17540,16,15,0,15,1
2020-05-23,Mendocino,045,87422,22,13,0,13,0
2020-05-23,Merced,047,269075,352,247,0,247,6
2020-05-23,Modoc,049,8938,0,0,0,0,0
2020-05-23,Mono,051,14174,36,34,0,34,1
2020-05-23,Monterey,053,433212,494,397,0,397,8
2020-05-23,Napa,055,140530,121,101,0,101,3
2020-05-23,Nevada,057,99092,43,41,1,42,1
2020-05-23,Orange,059,3164182,7747,5313,47,5360,113
2020-05-23,Placer,061,380077,212,184,0,184,9
2020-05-23,Plumas,063,18699,4,4,0,4,0
2020-05-23,Riverside,065,2383286,7724,6460,9,6469,284
2020-05-23,Sacramento,067,1510023,1370,1275,1,1276,50
2020-05-23,San Benito,069,59416,79,67,0,67,2
2020-05-23,San Bernardino,071,2135413,5319,4172,3,4175,175
2020-05-23,San Diego,073,3302833,7557,6561,0,6561,249
2020-05-23,San Francisco,075,870044,2487,2312,0,2312,40
2020-05-23,San Joaquin,077,732212,930,759,4,763,33
2020-05-23,San Luis Obispo,079,281455,309,256,2,258,1
2020-05-23,San Mateo,081,765935,2169,1862,2,1864,71
2020-05-23,Santa Barbara,083,443738,1920,1566,4,1570,9
2020-05-23,Santa Clara,085,1922200,3061,2593,4,2597,139
2020-05-23,Santa Cruz,087,273765,214,177,0,177,2
2020-05-23,Shasta,089,179085,50,35,0,35,4
2020-05-23,Sierra,091,2930,1,1,0,1,0
2020-05-23,Siskiyou,093,43540,6,6,0,6,0
2020-05-23,Solano,095,438530,536,435,0,435,5
2020-05-23,Sonoma,097,501317,539,462,0,462,4
2020-05-23,Stanislaus,099,539301,720,625,5,630,27
2020-05-23,Sutter,101,95872,41,38,0,38,2
2020-05-23,Tehama,103,63373,5,2,1,3,1
2020-05-23,Trinity,105,12862,4,1,1,2,0
2020-05-23,Tulare,107,460477,2174,1682,4,1686,73
2020-05-23,Tuolumne,109,53932,5,2,0,2,0
2020-05-23,Ventura,111,848112,1348,961,3,964,27
2020-05-23,Yolo,113,214977,211,188,0,188,22
2020-05-23,Yuba,115,75493,26,24,0,24,1
2020-05-22,Alameda,001,1643700,3264,2722,2,2724,91
2020-05-22,Alpine,003,1148,2,1,0,1,0
2020-05-22,Amador,005,37829,10,9,0,9,0
2020-05-22,Butte,007,227075,57,34,1,35,0
2020-05-22,Calaveras,009,45235,15,13,0,13,0
2020-05-22,Colusa,011,21464,7,4,0,4,0
2020-05-22,Contra Costa,013,1133247,1480,1272,0,1272,36
2020-05-22,Del Norte,015,27424,41,9,0,9,0
2020-05-22,El Dorado,017,186661,93,74,0,74,0
2020-05-22,Fresno,019,978130,2680,1399,32,1431,20
2020-05-22,Glenn,021,27897,15,12,0,12,0
2020-05-22,Humboldt,023,135768,105,80,0,80,2
2020-05-22,Imperial,025,180216,2487,1214,4,1218,14
2020-05-22,Inyo,027,18085,19,20,0,20,1
2020-05-22,Kern,029,883053,2333,1749,5,1754,28
2020-05-22,Kings,031,150075,739,428,2,430,2
2020-05-22,Lake,033,64148,22,10,0,10,0
2020-05-22,Lassen,035,31185,3,0,2,2,0
2020-05-22,Los Angeles,037,10098052,52287,43025,20,43045,2027
2020-05-22,Madera,039,155013,173,82,1,83,2
2020-05-22,Marin,041,260295,436,372,1,373,14
2020-05-22,Mariposa,043,17540,16,15,0,15,1
2020-05-22,Mendocino,045,87422,21,13,0,13,0
2020-05-22,Merced,047,269075,352,233,0,233,6
2020-05-22,Modoc,049,8938,0,0,0,0,0
2020-05-22,Mono,051,14174,36,34,0,34,1
2020-05-22,Monterey,053,433212,483,372,0,372,8
2020-05-22,Napa,055,140530,119,97,0,97,3
2020-05-22,Nevada,057,99092,42,41,1,42,1
2020-05-22,Orange,059,3164182,7553,5144,45,5189,113
2020-05-22,Placer,061,380077,212,181,0,181,9
2020-05-22,Plumas,063,18699,4,4,0,4,0
2020-05-22,Riverside,065,2383286,7609,6351,9,6360,283
2020-05-22,Sacramento,067,1510023,1354,1262,1,1263,50
2020-05-22,San Benito,069,59416,78,64,0,64,2
2020-05-22,San Bernardino,071,2135413,5244,4107,3,4110,173
2020-05-22,San Diego,073,3302833,7471,6436,0,6436,242
2020-05-22,San Francisco,075,870044,2469,2251,0,2251,40
2020-05-22,San Joaquin,077,732212,917,747,4,751,33
2020-05-22,San Luis Obispo,079,281455,309,254,2,256,1
2020-05-22,San Mateo,081,765935,2150,1847,2,1849,71
2020-05-22,Santa Barbara,083,443738,1904,1554,4,1558,9
2020-05-22,Santa Clara,085,1922200,3042,2537,4,2541,139
2020-05-22,Santa Cruz,087,273765,211,171,0,171,2
2020-05-22,Shasta,089,179085,50,34,0,34,4
2020-05-22,Sierra,091,2930,1,0,0,0,0
2020-05-22,Siskiyou,093,43540,6,6,0,6,0
2020-05-22,Solano,095,438530,533,431,0,431,4
2020-05-22,Sonoma,097,501317,535,444,0,444,4
2020-05-22,Stanislaus,099,539301,710,616,5,621,27
2020-05-22,Sutter,101,95872,41,38,0,38,2
2020-05-22,Tehama,103,63373,5,2,0,2,1
2020-05-22,Trinity,105,12862,4,1,1,2,0
2020-05-22,Tulare,107,460477,2144,1662,4,1666,73
2020-05-22,Tuolumne,109,53932,5,2,0,2,0
2020-05-22,Ventura,111,848112,1330,937,3,940,27
2020-05-22,Yolo,113,214977,209,187,0,187,22
2020-05-22,Yuba,115,75493,26,24,0,24,1
2020-05-21,Alameda,001,1643700,3199,2606,2,2608,89
2020-05-21,Alpine,003,1148,2,1,0,1,0
2020-05-21,Amador,005,37829,10,9,0,9,0
2020-05-21,Butte,007,227075,56,31,1,32,0
2020-05-21,Calaveras,009,45235,14,13,0,13,0
2020-05-21,Colusa,011,21464,7,4,0,4,0
2020-05-21,Contra Costa,013,1133247,1444,1243,0,1243,36
2020-05-21,Del Norte,015,27424,38,9,0,9,0
2020-05-21,El Dorado,017,186661,91,67,0,67,0
2020-05-21,Fresno,019,978130,2590,1362,32,1394,20
2020-05-21,Glenn,021,27897,14,12,0,12,0
2020-05-21,Humboldt,023,135768,104,79,0,79,0
2020-05-21,Imperial,025,180216,2327,1096,4,1100,14
2020-05-21,Inyo,027,18085,19,20,0,20,1
2020-05-21,Kern,029,883053,2257,1684,4,1688,27
2020-05-21,Kings,031,150075,718,417,2,419,2
2020-05-21,Lake,033,64148,17,10,0,10,0
2020-05-21,Lassen,035,31185,3,0,2,2,0
2020-05-21,Los Angeles,037,10098052,51253,42063,20,42083,1996
2020-05-21,Madera,039,155013,170,82,1,83,2
2020-05-21,Marin,041,260295,425,359,1,360,14
2020-05-21,Mariposa,043,17540,16,15,0,15,1
2020-05-21,Mendocino,045,87422,21,12,0,12,0
2020-05-21,Merced,047,269075,341,226,0,226,6
2020-05-21,Modoc,049,8938,0,0,0,0,0
2020-05-21,Mono,051,14174,36,33,0,33,1
2020-05-21,Monterey,053,433212,472,363,0,363,8
2020-05-21,Napa,055,140530,117,96,0,96,3
2020-05-21,Nevada,057,99092,42,41,1,42,1
2020-05-21,Orange,059,3164182,7351,4975,45,5020,106
2020-05-21,Placer,061,380077,205,176,0,176,8
2020-05-21,Plumas,063,18699,4,4,0,4,0
2020-05-21,Riverside,065,2383286,7422,6245,9,6254,279
2020-05-21,Sacramento,067,1510023,1341,1258,1,1259,56
2020-05-21,San Benito,069,59416,75,61,0,61,2
2020-05-21,San Bernardino,071,2135413,5097,3950,3,3953,167
2020-05-21,San Diego,073,3302833,7335,6317,0,6317,241
2020-05-21,San Francisco,075,870044,2445,2248,0,2248,37
2020-05-21,San Joaquin,077,732212,881,730,4,734,33
2020-05-21,San Luis Obispo,079,281455,309,251,1,252,1
2020-05-21,San Mateo,081,765935,2113,1791,2,1793,74
2020-05-21,Santa Barbara,083,443738,1884,1541,4,1545,10
2020-05-21,Santa Clara,085,1922200,3022,2520,4,2524,138
2020-05-21,Santa Cruz,087,273765,203,164,0,164,3
2020-05-21,Shasta,089,179085,48,34,0,34,4
2020-05-21,Sierra,091,2930,1,0,0,0,0
2020-05-21,Siskiyou,093,43540,6,6,0,6,0
2020-05-21,Solano,095,438530,524,424,0,424,4
2020-05-21,Sonoma,097,501317,517,427,0,427,4
2020-05-21,Stanislaus,099,539301,699,602,5,607,27
2020-05-21,Sutter,101,95872,40,38,0,38,2
2020-05-21,Tehama,103,63373,4,2,0,2,1
2020-05-21,Trinity,105,12862,3,1,1,2,0
2020-05-21,Tulare,107,460477,2094,1606,4,1610,73
2020-05-21,Tuolumne,109,53932,3,2,0,2,0
2020-05-21,Ventura,111,848112,1283,907,3,910,30
2020-05-21,Yolo,113,214977,206,185,0,185,22
2020-05-21,Yuba,115,75493,26,24,0,24,1
2020-05-20,Alameda,001,1643700,3125,2554,2,2556,89
2020-05-20,Alpine,003,1148,2,1,0,1,0
2020-05-20,Amador,005,37829,10,9,0,9,0
2020-05-20,Butte,007,227075,53,30,1,31,0
2020-05-20,Calaveras,009,45235,14,13,0,13,0
2020-05-20,Colusa,011,21464,7,3,0,3,0
2020-05-20,Contra Costa,013,1133247,1414,1223,0,1223,33
2020-05-20,Del Norte,015,27424,31,9,0,9,0
2020-05-20,El Dorado,017,186661,90,67,0,67,0
2020-05-20,Fresno,019,978130,2518,1329,31,1360,17
2020-05-20,Glenn,021,27897,13,12,0,12,0
2020-05-20,Humboldt,023,135768,101,73,0,73,0
2020-05-20,Imperial,025,180216,2216,1047,4,1051,14
2020-05-20,Inyo,027,18085,19,20,0,20,1
2020-05-20,Kern,029,883053,2194,1639,3,1642,27
2020-05-20,Kings,031,150075,575,403,2,405,2
2020-05-20,Lake,033,64148,17,9,0,9,0
2020-05-20,Lassen,035,31185,2,0,2,2,0
2020-05-20,Los Angeles,037,10098052,50257,40932,20,40952,1955
2020-05-20,Madera,039,155013,168,82,1,83,2
2020-05-20,Marin,041,260295,398,348,1,349,14
2020-05-20,Mariposa,043,17540,16,15,0,15,1
2020-05-20,Mendocino,045,87422,21,12,0,12,0
2020-05-20,Merced,047,269075,334,225,0,225,6
2020-05-20,Modoc,049,8938,0,0,0,0,0
2020-05-20,Mono,051,14174,36,33,0,33,1
2020-05-20,Monterey,053,433212,458,356,0,356,8
2020-05-20,Napa,055,140530,110,93,0,93,3
2020-05-20,Nevada,057,99092,42,41,1,42,1
2020-05-20,Orange,059,3164182,7143,4866,43,4909,96
2020-05-20,Placer,061,380077,203,176,0,176,8
2020-05-20,Plumas,063,18699,4,4,0,4,0
2020-05-20,Riverside,065,2383286,7279,6090,9,6099,265
2020-05-20,Sacramento,067,1510023,1331,1244,1,1245,56
2020-05-20,San Benito,069,59416,74,61,0,61,2
2020-05-20,San Bernardino,071,2135413,4970,3771,3,3774,161
2020-05-20,San Diego,073,3302833,7218,6142,0,6142,230
2020-05-20,San Francisco,075,870044,2422,2199,0,2199,37
2020-05-20,San Joaquin,077,732212,845,713,4,717,33
2020-05-20,San Luis Obispo,079,281455,303,249,1,250,1
2020-05-20,San Mateo,081,765935,2060,1739,2,1741,74
2020-05-20,Santa Barbara,083,443738,1862,1524,4,1528,10
2020-05-20,Santa Clara,085,1922200,3002,2508,4,2512,138
2020-05-20,Santa Cruz,087,273765,200,163,0,163,3
2020-05-20,Shasta,089,179085,48,34,0,34,4
2020-05-20,Sierra,091,2930,1,0,0,0,0
2020-05-20,Siskiyou,093,43540,6,6,0,6,0
2020-05-20,Solano,095,438530,519,418,0,418,4
2020-05-20,Sonoma,097,501317,508,411,0,411,4
2020-05-20,Stanislaus,099,539301,683,584,4,588,25
2020-05-20,Sutter,101,95872,40,38,0,38,2
2020-05-20,Tehama,103,63373,4,2,0,2,1
2020-05-20,Trinity,105,12862,3,1,1,2,0
2020-05-20,Tulare,107,460477,2056,1585,4,1589,71
2020-05-20,Tuolumne,109,53932,3,2,0,2,0
2020-05-20,Ventura,111,848112,1250,879,3,882,29
2020-05-20,Yolo,113,214977,203,184,0,184,22
2020-05-20,Yuba,115,75493,26,23,0,23,1
2020-05-19,Alameda,001,1643700,3049,2493,0,2493,88
2020-05-19,Alpine,003,1148,2,1,0,1,0
2020-05-19,Amador,005,37829,10,9,0,9,0
2020-05-19,Butte,007,227075,51,25,1,26,0
2020-05-19,Calaveras,009,45235,14,13,0,13,0
2020-05-19,Colusa,011,21464,5,3,0,3,0
2020-05-19,Contra Costa,013,1133247,1391,1205,0,1205,33
2020-05-19,Del Norte,015,27424,28,8,0,8,0
2020-05-19,El Dorado,017,186661,87,67,0,67,0
2020-05-19,Fresno,019,978130,2409,1288,31,1319,15
2020-05-19,Glenn,021,27897,13,12,0,12,0
2020-05-19,Humboldt,023,135768,101,72,0,72,0
2020-05-19,Imperial,025,180216,2056,1012,4,1016,14
2020-05-19,Inyo,027,18085,19,20,0,20,1
2020-05-19,Kern,029,883053,2096,1601,3,1604,26
2020-05-19,Kings,031,150075,565,393,2,395,2
2020-05-19,Lake,033,64148,14,11,0,11,0
2020-05-19,Lassen,035,31185,2,0,2,2,0
2020-05-19,Los Angeles,037,10098052,49050,39670,20,39690,1906
2020-05-19,Madera,039,155013,165,80,1,81,2
2020-05-19,Marin,041,260295,374,340,1,341,14
2020-05-19,Mariposa,043,17540,16,15,0,15,1
2020-05-19,Mendocino,045,87422,21,12,0,12,0
2020-05-19,Merced,047,269075,326,222,0,222,5
2020-05-19,Modoc,049,8938,0,0,0,0,0
2020-05-19,Mono,051,14174,36,33,0,33,1
2020-05-19,Monterey,053,433212,446,350,0,350,8
2020-05-19,Napa,055,140530,109,93,0,93,3
2020-05-19,Nevada,057,99092,42,41,1,42,1
2020-05-19,Orange,059,3164182,6948,4746,41,4787,90
2020-05-19,Placer,061,380077,201,177,0,177,8
2020-05-19,Plumas,063,18699,4,5,0,5,0
2020-05-19,Riverside,065,2383286,7120,5963,9,5972,265
2020-05-19,Sacramento,067,1510023,1317,1239,1,1240,57
2020-05-19,San Benito,069,59416,72,59,0,59,2
2020-05-19,San Bernardino,071,2135413,4820,3656,3,3659,158
2020-05-19,San Diego,073,3302833,7074,6028,0,6028,222
2020-05-19,San Francisco,075,870044,2388,2186,0,2186,37
2020-05-19,San Joaquin,077,732212,823,705,4,709,33
2020-05-19,San Luis Obispo,079,281455,303,245,1,246,1
2020-05-19,San Mateo,081,765935,2019,1704,2,1706,71
2020-05-19,Santa Barbara,083,443738,1844,1521,4,1525,10
2020-05-19,Santa Clara,085,1922200,2954,2480,4,2484,138
2020-05-19,Santa Cruz,087,273765,189,161,0,161,3
2020-05-19,Shasta,089,179085,48,34,0,34,4
2020-05-19,Sierra,091,2930,0,0,0,0,0
2020-05-19,Siskiyou,093,43540,6,6,0,6,0
2020-05-19,Solano,095,438530,505,415,0,415,4
2020-05-19,Sonoma,097,501317,497,389,0,389,4
2020-05-19,Stanislaus,099,539301,669,582,4,586,25
2020-05-19,Sutter,101,95872,40,38,0,38,2
2020-05-19,Tehama,103,63373,4,2,0,2,1
2020-05-19,Trinity,105,12862,2,1,0,1,0
2020-05-19,Tulare,107,460477,2009,1551,4,1555,68
2020-05-19,Tuolumne,109,53932,3,2,0,2,0
2020-05-19,Ventura,111,848112,1213,861,2,863,28
2020-05-19,Yolo,113,214977,201,183,0,183,22
2020-05-19,Yuba,115,75493,26,23,0,23,1
2020-05-18,Alameda,001,1643700,2977,2442,0,2442,84
2020-05-18,Alpine,003,1148,1,1,0,1,0
2020-05-18,Amador,005,37829,10,8,0,8,0
2020-05-18,Butte,007,227075,49,24,1,25,0
2020-05-18,Calaveras,009,45235,14,13,0,13,0
2020-05-18,Colusa,011,21464,5,3,0,3,0
2020-05-18,Contra Costa,013,1133247,1360,1173,0,1173,33
2020-05-18,Del Norte,015,27424,23,8,0,8,0
2020-05-18,El Dorado,017,186661,85,67,0,67,0
2020-05-18,Fresno,019,978130,2332,1244,30,1274,14
2020-05-18,Glenn,021,27897,13,11,0,11,0
2020-05-18,Humboldt,023,135768,101,70,0,70,0
2020-05-18,Imperial,025,180216,1901,767,4,771,14
2020-05-18,Inyo,027,18085,19,20,0,20,1
2020-05-18,Kern,029,883053,2047,1566,3,1569,26
2020-05-18,Kings,031,150075,534,381,2,383,2
2020-05-18,Lake,033,64148,13,9,0,9,0
2020-05-18,Lassen,035,31185,2,0,2,2,0
2020-05-18,Los Angeles,037,10098052,48029,38477,20,38497,1825
2020-05-18,Madera,039,155013,159,74,1,75,2
2020-05-18,Marin,041,260295,361,329,1,330,14
2020-05-18,Mariposa,043,17540,16,15,0,15,1
2020-05-18,Mendocino,045,87422,16,12,0,12,0
2020-05-18,Merced,047,269075,316,217,0,217,5
2020-05-18,Modoc,049,8938,0,0,0,0,0
2020-05-18,Mono,051,14174,36,33,0,33,1
2020-05-18,Monterey,053,433212,435,345,0,345,8
2020-05-18,Napa,055,140530,105,92,0,92,3
2020-05-18,Nevada,057,99092,42,41,1,42,1
2020-05-18,Orange,059,3164182,6757,4558,38,4596,88
2020-05-18,Placer,061,380077,199,176,0,176,8
2020-05-18,Plumas,063,18699,4,5,0,5,0
2020-05-18,Riverside,065,2383286,6920,5873,9,5882,253
2020-05-18,Sacramento,067,1510023,1311,1233,0,1233,57
2020-05-18,San Benito,069,59416,70,59,0,59,2
2020-05-18,San Bernardino,071,2135413,4673,3558,3,3561,156
2020-05-18,San Diego,073,3302833,6941,5948,0,5948,211
2020-05-18,San Francisco,075,870044,2365,2183,0,2183,36
2020-05-18,San Joaquin,077,732212,811,697,4,701,33
2020-05-18,San Luis Obispo,079,281455,299,243,1,244,1
2020-05-18,San Mateo,081,765935,1981,1701,2,1703,68
2020-05-18,Santa Barbara,083,443738,1826,1501,4,1505,10
2020-05-18,Santa Clara,085,1922200,2923,2468,4,2472,137
2020-05-18,Santa Cruz,087,273765,187,160,0,160,3
2020-05-18,Shasta,089,179085,47,34,0,34,4
2020-05-18,Sierra,091,2930,0,0,0,0,0
2020-05-18,Siskiyou,093,43540,6,6,0,6,0
2020-05-18,Solano,095,438530,495,398,0,398,4
2020-05-18,Sonoma,097,501317,479,387,0,387,4
2020-05-18,Stanislaus,099,539301,657,572,4,576,25
2020-05-18,Sutter,101,95872,40,38,0,38,2
2020-05-18,Tehama,103,63373,4,2,0,2,1
2020-05-18,Trinity,105,12862,2,1,0,1,0
2020-05-18,Tulare,107,460477,1964,1491,4,1495,63
2020-05-18,Tuolumne,109,53932,3,2,0,2,0
2020-05-18,Ventura,111,848112,1191,850,1,851,27
2020-05-18,Yolo,113,214977,196,183,0,183,22
2020-05-18,Yuba,115,75493,26,23,0,23,1
2020-05-17,Alameda,001,1643700,2882,2389,0,2389,83
2020-05-17,Alpine,003,1148,1,1,0,1,0
2020-05-17,Amador,005,37829,10,8,0,8,0
2020-05-17,Butte,007,227075,48,23,1,24,0
2020-05-17,Calaveras,009,45235,14,13,0,13,0
2020-05-17,Colusa,011,21464,3,3,0,3,0
2020-05-17,Contra Costa,013,1133247,1321,1155,0,1155,33
2020-05-17,Del Norte,015,27424,23,7,0,7,0
2020-05-17,El Dorado,017,186661,85,65,0,65,0
2020-05-17,Fresno,019,978130,2231,1213,27,1240,14
2020-05-17,Glenn,021,27897,13,9,0,9,0
2020-05-17,Humboldt,023,135768,94,70,0,70,0
2020-05-17,Imperial,025,180216,1752,715,4,719,14
2020-05-17,Inyo,027,18085,19,20,0,20,1
2020-05-17,Kern,029,883053,1969,1546,3,1549,26
2020-05-17,Kings,031,150075,487,356,2,358,2
2020-05-17,Lake,033,64148,13,7,0,7,0
2020-05-17,Lassen,035,31185,2,0,2,2,0
2020-05-17,Los Angeles,037,10098052,46790,37996,20,38016,1807
2020-05-17,Madera,039,155013,157,69,1,70,2
2020-05-17,Marin,041,260295,350,315,1,316,14
2020-05-17,Mariposa,043,17540,15,15,0,15,1
2020-05-17,Mendocino,045,87422,15,10,0,10,0
2020-05-17,Merced,047,269075,305,214,0,214,5
2020-05-17,Modoc,049,8938,0,0,0,0,0
2020-05-17,Mono,051,14174,36,32,0,32,1
2020-05-17,Monterey,053,433212,415,342,0,342,8
2020-05-17,Napa,055,140530,102,89,0,89,3
2020-05-17,Nevada,057,99092,42,41,1,42,1
2020-05-17,Orange,059,3164182,6577,4466,37,4503,88
2020-05-17,Placer,061,380077,194,175,0,175,8
2020-05-17,Plumas,063,18699,4,4,0,4,0
2020-05-17,Riverside,065,2383286,6747,5776,9,5785,245
2020-05-17,Sacramento,067,1510023,1300,1224,0,1224,56
2020-05-17,San Benito,069,59416,69,59,0,59,2
2020-05-17,San Bernardino,071,2135413,4523,3467,3,3470,155
2020-05-17,San Diego,073,3302833,6809,5838,0,5838,209
2020-05-17,San Francisco,075,870044,2338,2132,0,2132,36
2020-05-17,San Joaquin,077,732212,781,688,4,692,32
2020-05-17,San Luis Obispo,079,281455,297,242,1,243,1
2020-05-17,San Mateo,081,765935,1944,1680,2,1682,68
2020-05-17,Santa Barbara,083,443738,1799,1457,4,1461,10
2020-05-17,Santa Clara,085,1922200,2885,2453,4,2457,135
2020-05-17,Santa Cruz,087,273765,176,155,0,155,3
2020-05-17,Shasta,089,179085,46,34,0,34,4
2020-05-17,Sierra,091,2930,0,0,0,0,0
2020-05-17,Siskiyou,093,43540,6,6,0,6,0
2020-05-17,Solano,095,438530,483,392,0,392,4
2020-05-17,Sonoma,097,501317,458,376,0,376,4
2020-05-17,Stanislaus,099,539301,646,566,4,570,25
2020-05-17,Sutter,101,95872,39,38,0,38,2
2020-05-17,Tehama,103,63373,3,2,0,2,1
2020-05-17,Trinity,105,12862,1,1,0,1,0
2020-05-17,Tulare,107,460477,1898,1430,3,1433,63
2020-05-17,Tuolumne,109,53932,3,2,0,2,0
2020-05-17,Ventura,111,848112,1148,838,1,839,27
2020-05-17,Yolo,113,214977,194,182,0,182,22
2020-05-17,Yuba,115,75493,26,21,0,21,1
2020-05-16,Alameda,001,1643700,2832,2327,0,2327,83
2020-05-16,Alpine,003,1148,1,1,0,1,0
2020-05-16,Amador,005,37829,10,8,0,8,0
2020-05-16,Butte,007,227075,43,22,1,23,0
2020-05-16,Calaveras,009,45235,14,13,0,13,0
2020-05-16,Colusa,011,21464,3,3,0,3,0
2020-05-16,Contra Costa,013,1133247,1303,1136,0,1136,33
2020-05-16,Del Norte,015,27424,19,4,0,4,0
2020-05-16,El Dorado,017,186661,85,65,0,65,0
2020-05-16,Fresno,019,978130,2176,1177,27,1204,14
2020-05-16,Glenn,021,27897,13,9,0,9,0
2020-05-16,Humboldt,023,135768,92,69,0,69,0
2020-05-16,Imperial,025,180216,1688,712,4,716,14
2020-05-16,Inyo,027,18085,19,20,0,20,1
2020-05-16,Kern,029,883053,1933,1509,3,1512,26
2020-05-16,Kings,031,150075,478,356,2,358,2
2020-05-16,Lake,033,64148,13,7,0,7,0
2020-05-16,Lassen,035,31185,1,0,2,2,0
2020-05-16,Los Angeles,037,10098052,46213,37352,20,37372,1778
2020-05-16,Madera,039,155013,155,70,1,71,2
2020-05-16,Marin,041,260295,346,297,1,298,14
2020-05-16,Mariposa,043,17540,15,15,0,15,1
2020-05-16,Mendocino,045,87422,15,10,0,10,0
2020-05-16,Merced,047,269075,303,201,0,201,5
2020-05-16,Modoc,049,8938,0,0,0,0,0
2020-05-16,Mono,051,14174,36,32,0,32,1
2020-05-16,Monterey,053,433212,400,329,0,329,8
2020-05-16,Napa,055,140530,102,86,0,86,3
2020-05-16,Nevada,057,99092,42,41,1,42,1
2020-05-16,Orange,059,3164182,6501,4396,37,4433,87
2020-05-16,Placer,061,380077,192,174,0,174,8
2020-05-16,Plumas,063,18699,4,4,0,4,0
2020-05-16,Riverside,065,2383286,6661,5633,9,5642,243
2020-05-16,Sacramento,067,1510023,1293,1209,0,1209,55
2020-05-16,San Benito,069,59416,64,58,0,58,2
2020-05-16,San Bernardino,071,2135413,4451,3362,3,3365,155
2020-05-16,San Diego,073,3302833,6723,5664,0,5664,209
2020-05-16,San Francisco,075,870044,2315,2094,0,2094,36
2020-05-16,San Joaquin,077,732212,773,668,4,672,32
2020-05-16,San Luis Obispo,079,281455,296,240,1,241,1
2020-05-16,San Mateo,081,765935,1929,1652,2,1654,68
2020-05-16,Santa Barbara,083,443738,1787,1422,3,1425,10
2020-05-16,Santa Clara,085,1922200,2870,2420,3,2423,135
2020-05-16,Santa Cruz,087,273765,173,154,0,154,3
2020-05-16,Shasta,089,179085,46,33,0,33,4
2020-05-16,Sierra,091,2930,0,0,0,0,0
2020-05-16,Siskiyou,093,43540,6,6,0,6,0
2020-05-16,Solano,095,438530,478,392,0,392,4
2020-05-16,Sonoma,097,501317,445,356,0,356,4
2020-05-16,Stanislaus,099,539301,637,546,4,550,24
2020-05-16,Sutter,101,95872,39,35,0,35,2
2020-05-16,Tehama,103,63373,3,2,0,2,1
2020-05-16,Trinity,105,12862,1,1,0,1,0
2020-05-16,Tulare,107,460477,1880,1426,3,1429,63
2020-05-16,Tuolumne,109,53932,3,2,0,2,0
2020-05-16,Ventura,111,848112,1123,813,1,814,25
2020-05-16,Yolo,113,214977,193,181,0,181,22
2020-05-16,Yuba,115,75493,26,21,0,21,1
2020-05-15,Alameda,001,1643700,2798,2289,0,2289,83
2020-05-15,Alpine,003,1148,1,1,0,1,0
2020-05-15,Amador,005,37829,10,8,0,8,0
2020-05-15,Butte,007,227075,41,22,1,23,0
2020-05-15,Calaveras,009,45235,14,13,0,13,0
2020-05-15,Colusa,011,21464,3,3,0,3,0
2020-05-15,Contra Costa,013,1133247,1285,1106,0,1106,33
2020-05-15,Del Norte,015,27424,14,4,0,4,0
2020-05-15,El Dorado,017,186661,85,64,0,64,0
2020-05-15,Fresno,019,978130,2110,1126,27,1153,14
2020-05-15,Glenn,021,27897,13,9,0,9,0
2020-05-15,Humboldt,023,135768,91,60,0,60,0
2020-05-15,Imperial,025,180216,1605,680,0,680,14
2020-05-15,Inyo,027,18085,19,20,0,20,1
2020-05-15,Kern,029,883053,1877,1472,3,1475,25
2020-05-15,Kings,031,150075,475,347,2,349,2
2020-05-15,Lake,033,64148,13,7,0,7,0
2020-05-15,Lassen,035,31185,1,0,2,2,0
2020-05-15,Los Angeles,037,10098052,45427,36317,20,36337,1734
2020-05-15,Madera,039,155013,154,71,1,72,2
2020-05-15,Marin,041,260295,338,295,1,296,14
2020-05-15,Mariposa,043,17540,15,15,0,15,1
2020-05-15,Mendocino,045,87422,15,10,0,10,0
2020-05-15,Merced,047,269075,300,191,0,191,5
2020-05-15,Modoc,049,8938,0,0,0,0,0
2020-05-15,Mono,051,14174,36,31,0,31,1
2020-05-15,Monterey,053,433212,394,321,0,321,8
2020-05-15,Napa,055,140530,102,83,0,83,3
2020-05-15,Nevada,057,99092,42,41,1,42,1
2020-05-15,Orange,059,3164182,6330,4281,37,4318,87
2020-05-15,Placer,061,380077,190,174,0,174,8
2020-05-15,Plumas,063,18699,4,4,0,4,0
2020-05-15,Riverside,065,2383286,6547,5496,9,5505,233
2020-05-15,Sacramento,067,1510023,1283,1203,0,1203,55
2020-05-15,San Benito,069,59416,61,57,0,57,2
2020-05-15,San Bernardino,071,2135413,4373,3225,3,3228,153
2020-05-15,San Diego,073,3302833,6616,5525,0,5525,208
2020-05-15,San Francisco,075,870044,2299,2062,0,2062,36
2020-05-15,San Joaquin,077,732212,767,656,4,660,32
2020-05-15,San Luis Obispo,079,281455,295,237,1,238,1
2020-05-15,San Mateo,081,765935,1907,1612,2,1614,68
2020-05-15,Santa Barbara,083,443738,1772,1409,3,1412,10
2020-05-15,Santa Clara,085,1922200,2843,2395,3,2398,135
2020-05-15,Santa Cruz,087,273765,172,146,0,146,3
2020-05-15,Shasta,089,179085,45,33,0,33,4
2020-05-15,Sierra,091,2930,0,0,0,0,0
2020-05-15,Siskiyou,093,43540,5,5,0,5,0
2020-05-15,Solano,095,438530,474,388,0,388,4
2020-05-15,Sonoma,097,501317,437,349,0,349,4
2020-05-15,Stanislaus,099,539301,630,540,4,544,23
2020-05-15,Sutter,101,95872,38,35,0,35,2
2020-05-15,Tehama,103,63373,3,1,0,1,1
2020-05-15,Trinity,105,12862,1,1,0,1,0
2020-05-15,Tulare,107,460477,1852,1356,3,1359,61
2020-05-15,Tuolumne,109,53932,3,2,0,2,0
2020-05-15,Ventura,111,848112,1106,789,0,789,25
2020-05-15,Yolo,113,214977,192,182,0,182,22
2020-05-15,Yuba,115,75493,26,21,0,21,1
2020-05-14,Alameda,001,1643700,2705,2255,0,2255,80
2020-05-14,Alpine,003,1148,1,1,0,1,0
2020-05-14,Amador,005,37829,10,8,0,8,0
2020-05-14,Butte,007,227075,39,22,1,23,0
2020-05-14,Calaveras,009,45235,14,13,0,13,0
2020-05-14,Colusa,011,21464,3,3,0,3,0
2020-05-14,Contra Costa,013,1133247,1259,1090,0,1090,32
2020-05-14,Del Norte,015,27424,14,4,0,4,0
2020-05-14,El Dorado,017,186661,76,59,0,59,0
2020-05-14,Fresno,019,978130,2054,1038,24,1062,12
2020-05-14,Glenn,021,27897,12,8,0,8,0
2020-05-14,Humboldt,023,135768,89,59,0,59,0
2020-05-14,Imperial,025,180216,1488,652,0,652,13
2020-05-14,Inyo,027,18085,19,20,0,20,1
2020-05-14,Kern,029,883053,1835,1430,3,1433,21
2020-05-14,Kings,031,150075,459,342,2,344,1
2020-05-14,Lake,033,64148,13,7,0,7,0
2020-05-14,Lassen,035,31185,1,0,2,2,0
2020-05-14,Los Angeles,037,10098052,44252,35427,20,35447,1693
2020-05-14,Madera,039,155013,145,69,1,70,2
2020-05-14,Marin,041,260295,320,283,1,284,14
2020-05-14,Mariposa,043,17540,15,15,0,15,0
2020-05-14,Mendocino,045,87422,14,10,0,10,0
2020-05-14,Merced,047,269075,290,182,0,182,3
2020-05-14,Modoc,049,8938,0,0,0,0,0
2020-05-14,Mono,051,14174,36,31,0,31,1
2020-05-14,Monterey,053,433212,384,317,0,317,7
2020-05-14,Napa,055,140530,100,83,0,83,3
2020-05-14,Nevada,057,99092,41,41,1,42,1
2020-05-14,Orange,059,3164182,6154,4163,35,4198,83
2020-05-14,Placer,061,380077,190,172,0,172,8
2020-05-14,Plumas,063,18699,4,4,0,4,0
2020-05-14,Riverside,065,2383286,6364,5339,9,5348,224
2020-05-14,Sacramento,067,1510023,1271,1181,0,1181,55
2020-05-14,San Benito,069,59416,59,56,0,56,2
2020-05-14,San Bernardino,071,2135413,4195,3149,3,3152,149
2020-05-14,San Diego,073,3302833,6482,5393,0,5393,200
2020-05-14,San Francisco,075,870044,2266,2029,0,2029,36
2020-05-14,San Joaquin,077,732212,752,643,4,647,31
2020-05-14,San Luis Obispo,079,281455,292,236,1,237,1
2020-05-14,San Mateo,081,765935,1875,1588,2,1590,67
2020-05-14,Santa Barbara,083,443738,1754,1395,3,1398,11
2020-05-14,Santa Clara,085,1922200,2821,2380,3,2383,134
2020-05-14,Santa Cruz,087,273765,170,145,0,145,3
2020-05-14,Shasta,089,179085,45,33,0,33,4
2020-05-14,Sierra,091,2930,0,0,0,0,0
2020-05-14,Siskiyou,093,43540,5,5,0,5,0
2020-05-14,Solano,095,438530,465,372,0,372,4
2020-05-14,Sonoma,097,501317,420,333,0,333,4
2020-05-14,Stanislaus,099,539301,611,533,4,537,23
2020-05-14,Sutter,101,95872,38,34,0,34,2
2020-05-14,Tehama,103,63373,3,1,0,1,1
2020-05-14,Trinity,105,12862,1,1,0,1,0
2020-05-14,Tulare,107,460477,1819,1317,3,1320,55
2020-05-14,Tuolumne,109,53932,3,2,0,2,0
2020-05-14,Ventura,111,848112,1078,760,0,760,25
2020-05-14,Yolo,113,214977,192,180,0,180,22
2020-05-14,Yuba,115,75493,26,21,0,21,1
2020-05-13,Alameda,001,1643700,2647,2181,0,2181,78
2020-05-13,Alpine,003,1148,1,1,0,1,0
2020-05-13,Amador,005,37829,10,8,0,8,0
2020-05-13,Butte,007,227075,39,21,1,22,0
2020-05-13,Calaveras,009,45235,14,13,0,13,0
2020-05-13,Colusa,011,21464,3,3,0,3,0
2020-05-13,Contra Costa,013,1133247,1237,1082,0,1082,32
2020-05-13,Del Norte,015,27424,13,4,0,4,0
2020-05-13,El Dorado,017,186661,75,58,0,58,0
2020-05-13,Fresno,019,978130,1962,993,24,1017,10
2020-05-13,Glenn,021,27897,11,6,0,6,0
2020-05-13,Humboldt,023,135768,83,58,0,58,0
2020-05-13,Imperial,025,180216,1418,610,0,610,11
2020-05-13,Inyo,027,18085,19,20,0,20,1
2020-05-13,Kern,029,883053,1789,1390,3,1393,19
2020-05-13,Kings,031,150075,446,314,2,316,1
2020-05-13,Lake,033,64148,13,7,0,7,0
2020-05-13,Lassen,035,31185,1,0,2,2,0
2020-05-13,Los Angeles,037,10098052,42946,34574,20,34594,1643
2020-05-13,Madera,039,155013,136,69,1,70,2
2020-05-13,Marin,041,260295,307,278,1,279,14
2020-05-13,Mariposa,043,17540,15,15,0,15,0
2020-05-13,Mendocino,045,87422,14,10,0,10,0
2020-05-13,Merced,047,269075,287,176,0,176,3
2020-05-13,Modoc,049,8938,0,0,0,0,0
2020-05-13,Mono,051,14174,35,31,0,31,1
2020-05-13,Monterey,053,433212,374,309,0,309,6
2020-05-13,Napa,055,140530,100,81,0,81,3
2020-05-13,Nevada,057,99092,41,41,1,42,1
2020-05-13,Orange,059,3164182,5908,4025,33,4058,79
2020-05-13,Placer,061,380077,189,170,0,170,8
2020-05-13,Plumas,063,18699,4,4,0,4,0
2020-05-13,Riverside,065,2383286,6241,5204,9,5213,216
2020-05-13,Sacramento,067,1510023,1256,1173,0,1173,53
2020-05-13,San Benito,069,59416,59,55,0,55,2
2020-05-13,San Bernardino,071,2135413,3940,3064,2,3066,140
2020-05-13,San Diego,073,3302833,6346,5280,0,5280,194
2020-05-13,San Francisco,075,870044,2238,2004,0,2004,35
2020-05-13,San Joaquin,077,732212,731,639,3,642,31
2020-05-13,San Luis Obispo,079,281455,290,231,1,232,1
2020-05-13,San Mateo,081,765935,1843,1550,2,1552,66
2020-05-13,Santa Barbara,083,443738,1738,1382,3,1385,10
2020-05-13,Santa Clara,085,1922200,2802,2370,3,2373,132
2020-05-13,Santa Cruz,087,273765,166,142,0,142,2
2020-05-13,Shasta,089,179085,45,32,0,32,4
2020-05-13,Sierra,091,2930,0,0,0,0,0
2020-05-13,Siskiyou,093,43540,5,5,0,5,0
2020-05-13,Solano,095,438530,452,368,0,368,4
2020-05-13,Sonoma,097,501317,410,330,0,330,4
2020-05-13,Stanislaus,099,539301,602,521,4,525,15
2020-05-13,Sutter,101,95872,38,33,0,33,2
2020-05-13,Tehama,103,63373,3,1,0,1,1
2020-05-13,Trinity,105,12862,1,2,0,2,0
2020-05-13,Tulare,107,460477,1786,1283,3,1286,54
2020-05-13,Tuolumne,109,53932,3,2,0,2,0
2020-05-13,Ventura,111,848112,1051,742,0,742,25
2020-05-13,Yolo,113,214977,190,178,0,178,22
2020-05-13,Yuba,115,75493,24,19,0,19,1
2020-05-12,Alameda,001,1643700,2584,2146,0,2146,74
2020-05-12,Alpine,003,1148,1,1,0,1,0
2020-05-12,Amador,005,37829,10,8,0,8,0
2020-05-12,Butte,007,227075,37,20,1,21,0
2020-05-12,Calaveras,009,45235,13,13,0,13,0
2020-05-12,Colusa,011,21464,3,3,0,3,0
2020-05-12,Contra Costa,013,1133247,1206,1067,0,1067,32
2020-05-12,Del Norte,015,27424,10,3,0,3,0
2020-05-12,El Dorado,017,186661,72,56,0,56,0
2020-05-12,Fresno,019,978130,1879,978,24,1002,9
2020-05-12,Glenn,021,27897,10,6,0,6,0
2020-05-12,Humboldt,023,135768,80,58,0,58,0
2020-05-12,Imperial,025,180216,1287,602,0,602,9
2020-05-12,Inyo,027,18085,19,20,0,20,1
2020-05-12,Kern,029,883053,1748,1363,3,1366,18
2020-05-12,Kings,031,150075,425,302,2,304,1
2020-05-12,Lake,033,64148,13,7,0,7,0
2020-05-12,Lassen,035,31185,1,0,2,2,0
2020-05-12,Los Angeles,037,10098052,41951,33281,19,33300,1601
2020-05-12,Madera,039,155013,132,69,1,70,2
2020-05-12,Marin,041,260295,302,274,1,275,14
2020-05-12,Mariposa,043,17540,15,15,0,15,0
2020-05-12,Mendocino,045,87422,14,10,0,10,0
2020-05-12,Merced,047,269075,276,175,0,175,3
2020-05-12,Modoc,049,8938,0,0,0,0,0
2020-05-12,Mono,051,14174,35,31,0,31,1
2020-05-12,Monterey,053,433212,367,298,0,298,6
2020-05-12,Napa,055,140530,98,80,0,80,3
2020-05-12,Nevada,057,99092,41,41,1,42,1
2020-05-12,Orange,059,3164182,5726,3843,31,3874,78
2020-05-12,Placer,061,380077,188,170,0,170,8
2020-05-12,Plumas,063,18699,4,4,0,4,0
2020-05-12,Riverside,065,2383286,6119,5134,9,5143,210
2020-05-12,Sacramento,067,1510023,1236,1166,0,1166,52
2020-05-12,San Benito,069,59416,59,55,0,55,2
2020-05-12,San Bernardino,071,2135413,3789,2997,2,2999,131
2020-05-12,San Diego,073,3302833,6202,3,0,3,0
2020-05-12,San Francisco,075,870044,2203,1981,0,1981,35
2020-05-12,San Joaquin,077,732212,716,625,3,628,30
2020-05-12,San Luis Obispo,079,281455,287,226,1,227,1
2020-05-12,San Mateo,081,765935,1817,1533,2,1535,66
2020-05-12,Santa Barbara,083,443738,1698,1377,3,1380,10
2020-05-12,Santa Clara,085,1922200,2772,2362,3,2365,131
2020-05-12,Santa Cruz,087,273765,164,141,0,141,2
2020-05-12,Shasta,089,179085,44,33,0,33,4
2020-05-12,Sierra,091,2930,0,0,0,0,0
2020-05-12,Siskiyou,093,43540,5,5,0,5,0
2020-05-12,Solano,095,438530,444,361,0,361,4
2020-05-12,Sonoma,097,501317,387,308,0,308,4
2020-05-12,Stanislaus,099,539301,595,515,4,519,15
2020-05-12,Sutter,101,95872,38,33,0,33,2
2020-05-12,Tehama,103,63373,3,1,0,1,1
2020-05-12,Trinity,105,12862,1,1,0,1,0
2020-05-12,Tulare,107,460477,1756,1261,2,1263,52
2020-05-12,Tuolumne,109,53932,3,2,0,2,0
2020-05-12,Ventura,111,848112,1014,718,0,718,20
2020-05-12,Yolo,113,214977,189,176,0,176,22
2020-05-12,Yuba,115,75493,24,19,0,19,1
2020-05-11,Alameda,001,1643700,2534,2103,0,2103,71
2020-05-11,Alpine,003,1148,1,1,0,1,0
2020-05-11,Amador,005,37829,10,8,0,8,0
2020-05-11,Butte,007,227075,36,19,1,20,0
2020-05-11,Calaveras,009,45235,13,13,0,13,0
2020-05-11,Colusa,011,21464,3,3,0,3,0
2020-05-11,Contra Costa,013,1133247,1192,1052,0,1052,32
2020-05-11,Del Norte,015,27424,8,3,0,3,0
2020-05-11,El Dorado,017,186661,72,55,0,55,0
2020-05-11,Fresno,019,978130,1792,937,22,959,8
2020-05-11,Glenn,021,27897,10,6,0,6,0
2020-05-11,Humboldt,023,135768,77,56,0,56,0
2020-05-11,Imperial,025,180216,1181,562,0,562,9
2020-05-11,Inyo,027,18085,19,20,0,20,1
2020-05-11,Kern,029,883053,1696,1331,3,1334,17
2020-05-11,Kings,031,150075,402,289,1,290,1
2020-05-11,Lake,033,64148,12,7,0,7,0
2020-05-11,Lassen,035,31185,1,0,2,2,0
2020-05-11,Los Angeles,037,10098052,40772,32279,19,32298,1553
2020-05-11,Madera,039,155013,123,68,1,69,2
2020-05-11,Marin,041,260295,293,271,1,272,14
2020-05-11,Mariposa,043,17540,15,15,0,15,0
2020-05-11,Mendocino,045,87422,14,10,0,10,0
2020-05-11,Merced,047,269075,261,158,0,158,3
2020-05-11,Modoc,049,8938,0,0,0,0,0
2020-05-11,Mono,051,14174,35,30,0,30,1
2020-05-11,Monterey,053,433212,364,286,0,286,6
2020-05-11,Napa,055,140530,92,79,0,79,2
2020-05-11,Nevada,057,99092,41,41,1,42,1
2020-05-11,Orange,059,3164182,5517,3699,26,3725,77
2020-05-11,Placer,061,380077,188,170,0,170,8
2020-05-11,Plumas,063,18699,4,4,0,4,0
2020-05-11,Riverside,065,2383286,5962,5082,9,5091,203
2020-05-11,Sacramento,067,1510023,1221,1160,0,1160,52
2020-05-11,San Benito,069,59416,57,52,0,52,2
2020-05-11,San Bernardino,071,2135413,3679,2945,2,2947,124
2020-05-11,San Diego,073,3302833,6049,5067,0,5067,175
2020-05-11,San Francisco,075,870044,2156,1974,0,1974,35
2020-05-11,San Joaquin,077,732212,706,620,3,623,30
2020-05-11,San Luis Obispo,079,281455,285,224,1,225,1
2020-05-11,San Mateo,081,765935,1791,1499,2,1501,66
2020-05-11,Santa Barbara,083,443738,1677,1372,3,1375,10
2020-05-11,Santa Clara,085,1922200,2756,2340,3,2343,129
2020-05-11,Santa Cruz,087,273765,161,140,0,140,2
2020-05-11,Shasta,089,179085,44,31,0,31,4
2020-05-11,Sierra,091,2930,0,0,0,0,0
2020-05-11,Siskiyou,093,43540,5,5,0,5,0
2020-05-11,Solano,095,438530,439,354,0,354,4
2020-05-11,Sonoma,097,501317,377,303,0,303,3
2020-05-11,Stanislaus,099,539301,585,507,4,511,14
2020-05-11,Sutter,101,95872,37,32,0,32,2
2020-05-11,Tehama,103,63373,3,1,0,1,1
2020-05-11,Trinity,105,12862,1,1,0,1,0
2020-05-11,Tulare,107,460477,1707,1203,2,1205,49
2020-05-11,Tuolumne,109,53932,3,2,0,2,0
2020-05-11,Ventura,111,848112,970,698,0,698,19
2020-05-11,Yolo,113,214977,189,174,0,174,20
2020-05-11,Yuba,115,75493,24,18,0,18,1
2020-05-10,Alameda,001,1643700,2457,2047,0,2047,71
2020-05-10,Alpine,003,1148,1,1,0,1,0
2020-05-10,Amador,005,37829,10,8,0,8,0
2020-05-10,Butte,007,227075,32,18,1,19,0
2020-05-10,Calaveras,009,45235,13,13,0,13,0
2020-05-10,Colusa,011,21464,3,3,0,3,0
2020-05-10,Contra Costa,013,1133247,1178,1046,0,1046,31
2020-05-10,Del Norte,015,27424,7,3,0,3,0
2020-05-10,El Dorado,017,186661,72,55,0,55,0
2020-05-10,Fresno,019,978130,1710,894,22,916,8
2020-05-10,Glenn,021,27897,10,6,0,6,0
2020-05-10,Humboldt,023,135768,73,56,0,56,0
2020-05-10,Imperial,025,180216,1085,509,0,509,7
2020-05-10,Inyo,027,18085,19,20,0,20,1
2020-05-10,Kern,029,883053,1645,1300,2,1302,16
2020-05-10,Kings,031,150075,389,266,1,267,1
2020-05-10,Lake,033,64148,12,7,0,7,0
2020-05-10,Lassen,035,31185,1,0,2,2,0
2020-05-10,Los Angeles,037,10098052,39512,31711,19,31730,1514
2020-05-10,Madera,039,155013,121,65,1,66,2
2020-05-10,Marin,041,260295,285,267,1,268,14
2020-05-10,Mariposa,043,17540,15,15,0,15,0
2020-05-10,Mendocino,045,87422,13,10,0,10,0
2020-05-10,Merced,047,269075,246,154,0,154,3
2020-05-10,Modoc,049,8938,0,0,0,0,0
2020-05-10,Mono,051,14174,35,27,0,27,1
2020-05-10,Monterey,053,433212,350,282,0,282,6
2020-05-10,Napa,055,140530,86,79,0,79,2
2020-05-10,Nevada,057,99092,41,41,1,42,1
2020-05-10,Orange,059,3164182,5372,3627,26,3653,76
2020-05-10,Placer,061,380077,187,168,0,168,8
2020-05-10,Plumas,063,18699,4,4,0,4,0
2020-05-10,Riverside,065,2383286,5840,4951,9,4960,193
2020-05-10,Sacramento,067,1510023,1205,1152,0,1152,52
2020-05-10,San Benito,069,59416,57,52,0,52,2
2020-05-10,San Bernardino,071,2135413,3581,2910,2,2912,121
2020-05-10,San Diego,073,3302833,5897,4928,0,4928,175
2020-05-10,San Francisco,075,870044,2138,1953,0,1953,35
2020-05-10,San Joaquin,077,732212,691,611,3,614,29
2020-05-10,San Luis Obispo,079,281455,282,218,1,219,1
2020-05-10,San Mateo,081,765935,1769,1463,2,1465,65
2020-05-10,Santa Barbara,083,443738,1655,1323,3,1326,10
2020-05-10,Santa Clara,085,1922200,2732,2331,3,2334,129
2020-05-10,Santa Cruz,087,273765,160,139,0,139,2
2020-05-10,Shasta,089,179085,44,31,0,31,4
2020-05-10,Sierra,091,2930,0,0,0,0,0
2020-05-10,Siskiyou,093,43540,5,5,0,5,0
2020-05-10,Solano,095,438530,429,322,0,322,4
2020-05-10,Sonoma,097,501317,367,290,0,290,3
2020-05-10,Stanislaus,099,539301,578,498,4,502,14
2020-05-10,Sutter,101,95872,34,31,0,31,2
2020-05-10,Tehama,103,63373,3,1,0,1,1
2020-05-10,Trinity,105,12862,1,1,0,1,0
2020-05-10,Tulare,107,460477,1638,1143,2,1145,47
2020-05-10,Tuolumne,109,53932,3,2,0,2,0
2020-05-10,Ventura,111,848112,921,690,0,690,19
2020-05-10,Yolo,113,214977,189,173,0,173,20
2020-05-10,Yuba,115,75493,23,17,0,17,1
2020-05-09,Alameda,001,1643700,2414,2011,0,2011,71
2020-05-09,Alpine,003,1148,1,1,0,1,0
2020-05-09,Amador,005,37829,9,8,0,8,0
2020-05-09,Butte,007,227075,31,18,1,19,0
2020-05-09,Calaveras,009,45235,13,13,0,13,0
2020-05-09,Colusa,011,21464,3,3,0,3,0
2020-05-09,Contra Costa,013,1133247,1164,1039,0,1039,31
2020-05-09,Del Norte,015,27424,7,3,0,3,0
2020-05-09,El Dorado,017,186661,69,54,0,54,0
2020-05-09,Fresno,019,978130,1672,861,21,882,8
2020-05-09,Glenn,021,27897,9,6,0,6,0
2020-05-09,Humboldt,023,135768,71,55,0,55,0
2020-05-09,Imperial,025,180216,1029,474,0,474,7
2020-05-09,Inyo,027,18085,19,20,0,20,1
2020-05-09,Kern,029,883053,1609,1262,1,1263,15
2020-05-09,Kings,031,150075,384,264,1,265,1
2020-05-09,Lake,033,64148,12,7,0,7,0
2020-05-09,Lassen,035,31185,1,0,2,2,0
2020-05-09,Los Angeles,037,10098052,38890,31268,19,31287,1499
2020-05-09,Madera,039,155013,120,61,1,62,2
2020-05-09,Marin,041,260295,284,261,1,262,14
2020-05-09,Mariposa,043,17540,15,15,0,15,0
2020-05-09,Mendocino,045,87422,13,10,0,10,0
2020-05-09,Merced,047,269075,242,153,0,153,3
2020-05-09,Modoc,049,8938,0,0,0,0,0
2020-05-09,Mono,051,14174,35,27,0,27,1
2020-05-09,Monterey,053,433212,343,273,0,273,6
2020-05-09,Napa,055,140530,85,78,0,78,2
2020-05-09,Nevada,057,99092,41,41,1,42,1
2020-05-09,Orange,059,3164182,5290,3506,25,3531,75
2020-05-09,Placer,061,380077,186,168,0,168,8
2020-05-09,Plumas,063,18699,4,4,0,4,0
2020-05-09,Riverside,065,2383286,5746,4871,9,4880,183
2020-05-09,Sacramento,067,1510023,1201,1150,0,1150,52
2020-05-09,San Benito,069,59416,56,52,0,52,2
2020-05-09,San Bernardino,071,2135413,3525,2825,2,2827,121
2020-05-09,San Diego,073,3302833,5785,4778,0,4778,175
2020-05-09,San Francisco,075,870044,2123,1944,0,1944,34
2020-05-09,San Joaquin,077,732212,682,605,3,608,28
2020-05-09,San Luis Obispo,079,281455,278,213,1,214,1
2020-05-09,San Mateo,081,765935,1750,1453,2,1455,65
2020-05-09,Santa Barbara,083,443738,1642,1245,3,1248,10
2020-05-09,Santa Clara,085,1922200,2720,2317,3,2320,128
2020-05-09,Santa Cruz,087,273765,159,138,0,138,2
2020-05-09,Shasta,089,179085,44,31,0,31,4
2020-05-09,Sierra,091,2930,0,0,0,0,0
2020-05-09,Siskiyou,093,43540,5,5,0,5,0
2020-05-09,Solano,095,438530,423,321,0,321,4
2020-05-09,Sonoma,097,501317,363,288,0,288,3
2020-05-09,Stanislaus,099,539301,570,491,4,495,12
2020-05-09,Sutter,101,95872,34,31,0,31,2
2020-05-09,Tehama,103,63373,2,1,0,1,1
2020-05-09,Trinity,105,12862,1,1,0,1,0
2020-05-09,Tulare,107,460477,1610,1083,2,1085,47
2020-05-09,Tuolumne,109,53932,3,2,0,2,0
2020-05-09,Ventura,111,848112,900,679,0,679,19
2020-05-09,Yolo,113,214977,189,172,0,172,18
2020-05-09,Yuba,115,75493,23,17,0,17,1
2020-05-08,Alameda,001,1643700,2371,1955,0,1955,70
2020-05-08,Alpine,003,1148,1,1,0,1,0
2020-05-08,Amador,005,37829,9,8,0,8,0
2020-05-08,Butte,007,227075,31,18,1,19,0
2020-05-08,Calaveras,009,45235,13,13,0,13,0
2020-05-08,Colusa,011,21464,3,3,0,3,0
2020-05-08,Contra Costa,013,1133247,1152,1024,0,1024,29
2020-05-08,Del Norte,015,27424,7,3,0,3,0
2020-05-08,El Dorado,017,186661,68,54,0,54,0
2020-05-08,Fresno,019,978130,1635,838,20,858,8
2020-05-08,Glenn,021,27897,8,6,0,6,0
2020-05-08,Humboldt,023,135768,68,54,0,54,0
2020-05-08,Imperial,025,180216,983,467,0,467,7
2020-05-08,Inyo,027,18085,19,20,0,20,1
2020-05-08,Kern,029,883053,1578,1214,1,1215,13
2020-05-08,Kings,031,150075,375,236,1,237,1
2020-05-08,Lake,033,64148,12,7,0,7,0
2020-05-08,Lassen,035,31185,1,0,2,2,0
2020-05-08,Los Angeles,037,10098052,38160,30357,19,30376,1447
2020-05-08,Madera,039,155013,117,57,1,58,2
2020-05-08,Marin,041,260295,284,257,1,258,14
2020-05-08,Mariposa,043,17540,15,15,0,15,0
2020-05-08,Mendocino,045,87422,13,10,0,10,0
2020-05-08,Merced,047,269075,241,151,0,151,3
2020-05-08,Modoc,049,8938,0,0,0,0,0
2020-05-08,Mono,051,14174,32,27,0,27,1
2020-05-08,Monterey,053,433212,335,265,0,265,6
2020-05-08,Napa,055,140530,84,78,0,78,2
2020-05-08,Nevada,057,99092,41,41,1,42,1
2020-05-08,Orange,059,3164182,5146,3395,25,3420,72
2020-05-08,Placer,061,380077,184,166,0,166,8
2020-05-08,Plumas,063,18699,4,4,0,4,0
2020-05-08,Riverside,065,2383286,5648,4672,8,4680,181
2020-05-08,Sacramento,067,1510023,1196,1145,0,1145,51
2020-05-08,San Benito,069,59416,56,51,0,51,2
2020-05-08,San Bernardino,071,2135413,3477,2631,2,2633,119
2020-05-08,San Diego,073,3302833,5678,4664,0,4664,169
2020-05-08,San Francisco,075,870044,2105,1890,0,1890,33
2020-05-08,San Joaquin,077,732212,675,595,3,598,28
2020-05-08,San Luis Obispo,079,281455,275,210,1,211,1
2020-05-08,San Mateo,081,765935,1665,1423,2,1425,62
2020-05-08,Santa Barbara,083,443738,1629,1054,2,1056,8
2020-05-08,Santa Clara,085,1922200,2697,2285,3,2288,128
2020-05-08,Santa Cruz,087,273765,155,137,0,137,2
2020-05-08,Shasta,089,179085,44,31,0,31,4
2020-05-08,Sierra,091,2930,0,0,0,0,0
2020-05-08,Siskiyou,093,43540,5,5,0,5,0
2020-05-08,Solano,095,438530,418,314,0,314,4
2020-05-08,Sonoma,097,501317,358,285,0,285,3
2020-05-08,Stanislaus,099,539301,556,487,4,491,12
2020-05-08,Sutter,101,95872,34,30,0,30,2
2020-05-08,Tehama,103,63373,2,1,0,1,1
2020-05-08,Trinity,105,12862,1,0,0,0,0
2020-05-08,Tulare,107,460477,1565,1050,2,1052,43
2020-05-08,Tuolumne,109,53932,3,2,0,2,0
2020-05-08,Ventura,111,848112,883,665,0,665,19
2020-05-08,Yolo,113,214977,188,172,0,172,18
2020-05-08,Yuba,115,75493,22,16,0,16,1
2020-05-07,Alameda,001,1643700,2311,1914,0,1914,68
2020-05-07,Alpine,003,1148,1,1,0,1,0
2020-05-07,Amador,005,37829,9,8,0,8,0
2020-05-07,Butte,007,227075,31,19,1,20,0
2020-05-07,Calaveras,009,45235,13,13,0,13,0
2020-05-07,Colusa,011,21464,3,3,0,3,0
2020-05-07,Contra Costa,013,1133247,1138,1005,0,1005,29
2020-05-07,Del Norte,015,27424,6,3,0,3,0
2020-05-07,El Dorado,017,186661,67,54,0,54,0
2020-05-07,Fresno,019,978130,1555,812,19,831,8
2020-05-07,Glenn,021,27897,8,5,0,5,0
2020-05-07,Humboldt,023,135768,67,54,0,54,0
2020-05-07,Imperial,025,180216,920,442,0,442,6
2020-05-07,Inyo,027,18085,19,20,0,20,1
2020-05-07,Kern,029,883053,1534,1176,1,1177,13
2020-05-07,Kings,031,150075,353,219,1,220,1
2020-05-07,Lake,033,64148,11,7,0,7,0
2020-05-07,Lassen,035,31185,1,0,2,2,0
2020-05-07,Los Angeles,037,10098052,37038,29544,19,29563,1399
2020-05-07,Madera,039,155013,113,54,1,55,2
2020-05-07,Marin,041,260295,277,252,1,253,14
2020-05-07,Mariposa,043,17540,15,15,0,15,0
2020-05-07,Mendocino,045,87422,13,10,0,10,0
2020-05-07,Merced,047,269075,233,146,0,146,3
2020-05-07,Modoc,049,8938,0,0,0,0,0
2020-05-07,Mono,051,14174,32,26,0,26,1
2020-05-07,Monterey,053,433212,327,249,0,249,6
2020-05-07,Napa,055,140530,84,78,0,78,2
2020-05-07,Nevada,057,99092,41,41,1,42,1
2020-05-07,Orange,059,3164182,4963,3283,24,3307,69
2020-05-07,Placer,061,380077,184,165,0,165,8
2020-05-07,Plumas,063,18699,4,4,0,4,0
2020-05-07,Riverside,065,2383286,5532,4608,8,4616,170
2020-05-07,Sacramento,067,1510023,1190,1139,0,1139,50
2020-05-07,San Benito,069,59416,56,50,0,50,2
2020-05-07,San Bernardino,071,2135413,3385,2522,2,2524,115
2020-05-07,San Diego,073,3302833,5521,4431,0,4431,165
2020-05-07,San Francisco,075,870044,2074,1852,0,1852,33
2020-05-07,San Joaquin,077,732212,662,583,3,586,28
2020-05-07,San Luis Obispo,079,281455,264,209,1,210,1
2020-05-07,San Mateo,081,765935,1643,1398,2,1400,58
2020-05-07,Santa Barbara,083,443738,1597,720,2,722,8
2020-05-07,Santa Clara,085,1922200,2660,2281,3,2284,127
2020-05-07,Santa Cruz,087,273765,152,136,0,136,2
2020-05-07,Shasta,089,179085,43,31,0,31,4
2020-05-07,Sierra,091,2930,0,0,0,0,0
2020-05-07,Siskiyou,093,43540,5,5,0,5,0
2020-05-07,Solano,095,438530,412,307,0,307,4
2020-05-07,Sonoma,097,501317,346,282,0,282,3
2020-05-07,Stanislaus,099,539301,547,466,4,470,10
2020-05-07,Sutter,101,95872,34,29,0,29,2
2020-05-07,Tehama,103,63373,2,1,0,1,1
2020-05-07,Trinity,105,12862,1,0,0,0,0
2020-05-07,Tulare,107,460477,1499,1001,2,1003,41
2020-05-07,Tuolumne,109,53932,3,2,0,2,0
2020-05-07,Ventura,111,848112,861,647,0,647,19
2020-05-07,Yolo,113,214977,187,172,0,172,18
2020-05-07,Yuba,115,75493,22,16,0,16,1
2020-05-06,Alameda,001,1643700,2273,1864,0,1864,67
2020-05-06,Alpine,003,1148,1,1,0,1,0
2020-05-06,Amador,005,37829,9,8,0,8,0
2020-05-06,Butte,007,227075,30,19,1,20,0
2020-05-06,Calaveras,009,45235,13,13,0,13,0
2020-05-06,Colusa,011,21464,3,3,0,3,0
2020-05-06,Contra Costa,013,1133247,1117,990,0,990,29
2020-05-06,Del Norte,015,27424,6,3,0,3,0
2020-05-06,El Dorado,017,186661,65,53,0,53,0
2020-05-06,Fresno,019,978130,1494,773,17,790,8
2020-05-06,Glenn,021,27897,8,3,0,3,0
2020-05-06,Humboldt,023,135768,66,54,0,54,0
2020-05-06,Imperial,025,180216,852,399,0,399,6
2020-05-06,Inyo,027,18085,19,20,0,20,1
2020-05-06,Kern,029,883053,1479,1112,1,1113,12
2020-05-06,Kings,031,150075,335,208,1,209,1
2020-05-06,Lake,033,64148,11,7,0,7,0
2020-05-06,Lassen,035,31185,1,0,2,2,0
2020-05-06,Los Angeles,037,10098052,36033,28687,19,28706,1347
2020-05-06,Madera,039,155013,111,55,1,56,2
2020-05-06,Marin,041,260295,270,244,1,245,14
2020-05-06,Mariposa,043,17540,15,14,0,14,0
2020-05-06,Mendocino,045,87422,13,10,0,10,0
2020-05-06,Merced,047,269075,226,140,0,140,3
2020-05-06,Modoc,049,8938,0,0,0,0,0
2020-05-06,Mono,051,14174,32,26,0,26,1
2020-05-06,Monterey,053,433212,319,246,0,246,6
2020-05-06,Napa,055,140530,83,78,0,78,2
2020-05-06,Nevada,057,99092,41,41,1,42,1
2020-05-06,Orange,059,3164182,4780,3156,23,3179,66
2020-05-06,Placer,061,380077,181,164,0,164,8
2020-05-06,Plumas,063,18699,4,4,0,4,0
2020-05-06,Riverside,065,2383286,5388,4535,8,4543,163
2020-05-06,Sacramento,067,1510023,1184,1135,0,1135,49
2020-05-06,San Benito,069,59416,55,50,0,50,2
2020-05-06,San Bernardino,071,2135413,3263,2426,1,2427,110
2020-05-06,San Diego,073,3302833,5388,4321,0,4321,158
2020-05-06,San Francisco,075,870044,2049,1804,0,1804,32
2020-05-06,San Joaquin,077,732212,649,581,3,584,28
2020-05-06,San Luis Obispo,079,281455,261,207,1,208,1
2020-05-06,San Mateo,081,765935,1612,1348,2,1350,57
2020-05-06,Santa Barbara,083,443738,1549,565,2,567,8
2020-05-06,Santa Clara,085,1922200,2644,2270,3,2273,127
2020-05-06,Santa Cruz,087,273765,148,135,0,135,2
2020-05-06,Shasta,089,179085,43,31,0,31,4
2020-05-06,Sierra,091,2930,0,0,0,0,0
2020-05-06,Siskiyou,093,43540,5,5,0,5,0
2020-05-06,Solano,095,438530,402,300,0,300,4
2020-05-06,Sonoma,097,501317,330,269,0,269,3
2020-05-06,Stanislaus,099,539301,531,434,4,438,9
2020-05-06,Sutter,101,95872,34,29,0,29,2
2020-05-06,Tehama,103,63373,2,1,0,1,1
2020-05-06,Trinity,105,12862,1,0,0,0,0
2020-05-06,Tulare,107,460477,1451,963,2,965,40
2020-05-06,Tuolumne,109,53932,3,2,0,2,0
2020-05-06,Ventura,111,848112,836,619,0,619,19
2020-05-06,Yolo,113,214977,186,172,0,172,18
2020-05-06,Yuba,115,75493,22,15,0,15,1
2020-05-05,Alameda,001,1643700,2230,1819,0,1819,67
2020-05-05,Alpine,003,1148,1,1,0,1,0
2020-05-05,Amador,005,37829,9,8,0,8,0
2020-05-05,Butte,007,227075,29,19,1,20,0
2020-05-05,Calaveras,009,45235,13,13,0,13,0
2020-05-05,Colusa,011,21464,3,3,0,3,0
2020-05-05,Contra Costa,013,1133247,1099,976,0,976,29
2020-05-05,Del Norte,015,27424,6,3,0,3,0
2020-05-05,El Dorado,017,186661,63,54,0,54,0
2020-05-05,Fresno,019,978130,1421,726,15,741,8
2020-05-05,Glenn,021,27897,8,3,0,3,0
2020-05-05,Humboldt,023,135768,63,54,0,54,0
2020-05-05,Imperial,025,180216,797,389,0,389,6
2020-05-05,Inyo,027,18085,19,20,0,20,1
2020-05-05,Kern,029,883053,1428,1084,1,1085,11
2020-05-05,Kings,031,150075,319,187,1,188,1
2020-05-05,Lake,033,64148,10,7,0,7,0
2020-05-05,Lassen,035,31185,1,0,2,2,0
2020-05-05,Los Angeles,037,10098052,34963,27867,19,27886,1289
2020-05-05,Madera,039,155013,108,53,1,54,2
2020-05-05,Marin,041,260295,264,244,1,245,14
2020-05-05,Mariposa,043,17540,15,14,0,14,0
2020-05-05,Mendocino,045,87422,13,10,0,10,0
2020-05-05,Merced,047,269075,221,141,0,141,3
2020-05-05,Modoc,049,8938,0,0,0,0,0
2020-05-05,Mono,051,14174,32,25,0,25,1
2020-05-05,Monterey,053,433212,305,240,0,240,6
2020-05-05,Napa,055,140530,83,74,0,74,2
2020-05-05,Nevada,057,99092,41,41,1,42,1
2020-05-05,Orange,059,3164182,4658,3041,23,3064,63
2020-05-05,Placer,061,380077,181,162,0,162,8
2020-05-05,Plumas,063,18699,4,4,0,4,0
2020-05-05,Riverside,065,2383286,5278,4309,8,4317,161
2020-05-05,Sacramento,067,1510023,1177,1125,0,1125,48
2020-05-05,San Benito,069,59416,54,50,0,50,2
2020-05-05,San Bernardino,071,2135413,3170,2345,1,2346,104
2020-05-05,San Diego,073,3302833,5245,4162,0,4162,150
2020-05-05,San Francisco,075,870044,2014,1779,0,1779,31
2020-05-05,San Joaquin,077,732212,640,577,3,580,26
2020-05-05,San Luis Obispo,079,281455,260,203,1,204,1
2020-05-05,San Mateo,081,765935,1580,1335,2,1337,56
2020-05-05,Santa Barbara,083,443738,1323,541,2,543,7
2020-05-05,Santa Clara,085,1922200,2600,2249,3,2252,124
2020-05-05,Santa Cruz,087,273765,144,134,0,134,2
2020-05-05,Shasta,089,179085,42,31,0,31,4
2020-05-05,Sierra,091,2930,0,0,0,0,0
2020-05-05,Siskiyou,093,43540,5,5,0,5,0
2020-05-05,Solano,095,438530,386,299,0,299,4
2020-05-05,Sonoma,097,501317,327,263,0,263,3
2020-05-05,Stanislaus,099,539301,519,430,4,434,9
2020-05-05,Sutter,101,95872,34,29,0,29,2
2020-05-05,Tehama,103,63373,2,1,0,1,1
2020-05-05,Trinity,105,12862,1,0,0,0,0
2020-05-05,Tulare,107,460477,1362,869,2,871,40
2020-05-05,Tuolumne,109,53932,3,2,0,2,0
2020-05-05,Ventura,111,848112,813,607,0,607,19
2020-05-05,Yolo,113,214977,184,171,0,171,18
2020-05-05,Yuba,115,75493,22,15,0,15,1
2020-05-04,Alameda,001,1643700,2171,1762,0,1762,65
2020-05-04,Alpine,003,1148,1,1,0,1,0
2020-05-04,Amador,005,37829,8,8,0,8,0
2020-05-04,Butte,007,227075,28,16,1,17,0
2020-05-04,Calaveras,009,45235,13,13,0,13,0
2020-05-04,Colusa,011,21464,3,3,0,3,0
2020-05-04,Contra Costa,013,1133247,1081,949,0,949,28
2020-05-04,Del Norte,015,27424,5,3,0,3,0
2020-05-04,El Dorado,017,186661,62,51,0,51,0
2020-05-04,Fresno,019,978130,1353,680,14,694,8
2020-05-04,Glenn,021,27897,8,4,0,4,0
2020-05-04,Humboldt,023,135768,61,54,0,54,0
2020-05-04,Imperial,025,180216,744,351,0,351,6
2020-05-04,Inyo,027,18085,19,20,0,20,1
2020-05-04,Kern,029,883053,1387,1047,1,1048,8
2020-05-04,Kings,031,150075,302,153,1,154,1
2020-05-04,Lake,033,64148,9,7,0,7,0
2020-05-04,Lassen,035,31185,1,0,2,2,0
2020-05-04,Los Angeles,037,10098052,33661,26243,18,26261,1235
2020-05-04,Madera,039,155013,107,52,1,53,2
2020-05-04,Marin,041,260295,259,244,1,245,13
2020-05-04,Mariposa,043,17540,15,13,0,13,0
2020-05-04,Mendocino,045,87422,13,10,0,10,0
2020-05-04,Merced,047,269075,221,138,0,138,3
2020-05-04,Modoc,049,8938,0,0,0,0,0
2020-05-04,Mono,051,14174,32,25,0,25,1
2020-05-04,Monterey,053,433212,294,237,0,237,6
2020-05-04,Napa,055,140530,83,72,0,72,2
2020-05-04,Nevada,057,99092,41,41,1,42,1
2020-05-04,Orange,059,3164182,4520,2931,21,2952,57
2020-05-04,Placer,061,380077,179,162,0,162,8
2020-05-04,Plumas,063,18699,4,4,0,4,0
2020-05-04,Riverside,065,2383286,5185,4221,8,4229,147
2020-05-04,Sacramento,067,1510023,1167,1119,0,1119,44
2020-05-04,San Benito,069,59416,52,49,0,49,2
2020-05-04,San Bernardino,071,2135413,3028,2184,1,2185,99
2020-05-04,San Diego,073,3302833,5104,4022,0,4022,144
2020-05-04,San Francisco,075,870044,1976,1760,0,1760,31
2020-05-04,San Joaquin,077,732212,626,574,3,577,26
2020-05-04,San Luis Obispo,079,281455,257,202,1,203,1
2020-05-04,San Mateo,081,765935,1555,1313,2,1315,53
2020-05-04,Santa Barbara,083,443738,1065,524,2,526,7
2020-05-04,Santa Clara,085,1922200,2587,2238,3,2241,119
2020-05-04,Santa Cruz,087,273765,143,133,0,133,2
2020-05-04,Shasta,089,179085,40,31,0,31,4
2020-05-04,Sierra,091,2930,0,0,0,0,0
2020-05-04,Siskiyou,093,43540,5,5,0,5,0
2020-05-04,Solano,095,438530,372,293,0,293,4
2020-05-04,Sonoma,097,501317,313,256,0,256,4
2020-05-04,Stanislaus,099,539301,513,422,4,426,8
2020-05-04,Sutter,101,95872,31,28,0,28,2
2020-05-04,Tehama,103,63373,2,1,0,1,1
2020-05-04,Trinity,105,12862,0,0,0,0,0
2020-05-04,Tulare,107,460477,1285,760,2,762,40
2020-05-04,Tuolumne,109,53932,3,3,0,3,0
2020-05-04,Ventura,111,848112,793,590,0,590,19
2020-05-04,Yolo,113,214977,183,171,0,171,18
2020-05-04,Yuba,115,75493,19,16,0,16,1
2020-05-03,Alameda,001,1643700,2115,1731,0,1731,64
2020-05-03,Alpine,003,1148,1,1,0,1,0
2020-05-03,Amador,005,37829,8,8,0,8,0
2020-05-03,Butte,007,227075,28,17,1,18,0
2020-05-03,Calaveras,009,45235,13,13,0,13,0
2020-05-03,Colusa,011,21464,3,3,0,3,0
2020-05-03,Contra Costa,013,1133247,1065,945,0,945,28
2020-05-03,Del Norte,015,27424,5,3,0,3,0
2020-05-03,El Dorado,017,186661,60,49,0,49,0
2020-05-03,Fresno,019,978130,1261,646,12,658,8
2020-05-03,Glenn,021,27897,7,5,0,5,0
2020-05-03,Humboldt,023,135768,60,54,0,54,0
2020-05-03,Imperial,025,180216,687,351,0,351,6
2020-05-03,Inyo,027,18085,19,20,0,20,1
2020-05-03,Kern,029,883053,1332,1025,1,1026,8
2020-05-03,Kings,031,150075,282,137,1,138,1
2020-05-03,Lake,033,64148,9,7,0,7,0
2020-05-03,Lassen,035,31185,1,0,2,2,0
2020-05-03,Los Angeles,037,10098052,32678,25708,18,25726,1210
2020-05-03,Madera,039,155013,100,46,1,47,2
2020-05-03,Marin,041,260295,254,243,1,244,13
2020-05-03,Mariposa,043,17540,15,13,0,13,0
2020-05-03,Mendocino,045,87422,13,10,0,10,0
2020-05-03,Merced,047,269075,213,134,0,134,3
2020-05-03,Modoc,049,8938,0,0,0,0,0
2020-05-03,Mono,051,14174,32,25,0,25,1
2020-05-03,Monterey,053,433212,285,235,0,235,6
2020-05-03,Napa,055,140530,83,72,0,72,2
2020-05-03,Nevada,057,99092,41,41,1,42,1
2020-05-03,Orange,059,3164182,4347,2859,20,2879,55
2020-05-03,Placer,061,380077,179,161,0,161,8
2020-05-03,Plumas,063,18699,4,4,0,4,0
2020-05-03,Riverside,065,2383286,5080,4034,8,4042,139
2020-05-03,Sacramento,067,1510023,1158,1109,0,1109,43
2020-05-03,San Benito,069,59416,52,49,0,49,2
2020-05-03,San Bernardino,071,2135413,2967,2123,1,2124,99
2020-05-03,San Diego,073,3302833,4967,3929,0,3929,142
2020-05-03,San Francisco,075,870044,1948,1692,0,1692,30
2020-05-03,San Joaquin,077,732212,619,570,3,573,26
2020-05-03,San Luis Obispo,079,281455,254,200,1,201,1
2020-05-03,San Mateo,081,765935,1527,1277,2,1279,53
2020-05-03,Santa Barbara,083,443738,697,512,2,514,7
2020-05-03,Santa Clara,085,1922200,2560,2235,3,2238,116
2020-05-03,Santa Cruz,087,273765,143,133,0,133,2
2020-05-03,Shasta,089,179085,38,31,0,31,4
2020-05-03,Sierra,091,2930,0,0,0,0,0
2020-05-03,Siskiyou,093,43540,5,5,0,5,0
2020-05-03,Solano,095,438530,362,266,0,266,4
2020-05-03,Sonoma,097,501317,304,254,0,254,4
2020-05-03,Stanislaus,099,539301,485,411,4,415,8
2020-05-03,Sutter,101,95872,30,28,0,28,2
2020-05-03,Tehama,103,63373,2,1,0,1,1
2020-05-03,Trinity,105,12862,0,0,0,0,0
2020-05-03,Tulare,107,460477,1207,736,2,738,40
2020-05-03,Tuolumne,109,53932,3,3,0,3,0
2020-05-03,Ventura,111,848112,762,583,0,583,19
2020-05-03,Yolo,113,214977,182,171,0,171,18
2020-05-03,Yuba,115,75493,19,16,0,16,1
2020-05-02,Alameda,001,1643700,2078,1678,0,1678,63
2020-05-02,Alpine,003,1148,1,1,0,1,0
2020-05-02,Amador,005,37829,8,8,0,8,0
2020-05-02,Butte,007,227075,28,17,1,18,0
2020-05-02,Calaveras,009,45235,13,13,0,13,0
2020-05-02,Colusa,011,21464,3,3,0,3,0
2020-05-02,Contra Costa,013,1133247,1048,929,0,929,28
2020-05-02,Del Norte,015,27424,5,3,0,3,0
2020-05-02,El Dorado,017,186661,60,47,0,47,0
2020-05-02,Fresno,019,978130,1237,629,11,640,8
2020-05-02,Glenn,021,27897,7,5,0,5,0
2020-05-02,Humboldt,023,135768,60,54,0,54,0
2020-05-02,Imperial,025,180216,660,345,0,345,6
2020-05-02,Inyo,027,18085,19,20,0,20,1
2020-05-02,Kern,029,883053,1306,1007,1,1008,8
2020-05-02,Kings,031,150075,279,120,1,121,1
2020-05-02,Lake,033,64148,9,7,0,7,0
2020-05-02,Lassen,035,31185,1,0,2,2,0
2020-05-02,Los Angeles,037,10098052,32150,24955,18,24973,1192
2020-05-02,Madera,039,155013,100,46,1,47,2
2020-05-02,Marin,041,260295,253,243,1,244,13
2020-05-02,Mariposa,043,17540,15,13,0,13,0
2020-05-02,Mendocino,045,87422,13,10,0,10,0
2020-05-02,Merced,047,269075,210,131,0,131,3
2020-05-02,Modoc,049,8938,0,0,0,0,0
2020-05-02,Mono,051,14174,32,25,0,25,1
2020-05-02,Monterey,053,433212,279,225,0,225,5
2020-05-02,Napa,055,140530,83,71,0,71,2
2020-05-02,Nevada,057,99092,41,41,1,42,1
2020-05-02,Orange,059,3164182,4233,2774,20,2794,52
2020-05-02,Placer,061,380077,177,150,0,150,8
2020-05-02,Plumas,063,18699,4,4,0,4,0
2020-05-02,Riverside,065,2383286,5014,3997,8,4005,137
2020-05-02,Sacramento,067,1510023,1155,1097,0,1097,43
2020-05-02,San Benito,069,59416,52,49,0,49,2
2020-05-02,San Bernardino,071,2135413,2928,2124,1,2125,99
2020-05-02,San Diego,073,3302833,4865,3844,0,3844,138
2020-05-02,San Francisco,075,870044,1925,1632,0,1632,29
2020-05-02,San Joaquin,077,732212,611,559,3,562,25
2020-05-02,San Luis Obispo,079,281455,248,193,1,194,1
2020-05-02,San Mateo,081,765935,1511,1272,2,1274,52
2020-05-02,Santa Barbara,083,443738,685,506,2,508,7
2020-05-02,Santa Clara,085,1922200,2550,2203,3,2206,115
2020-05-02,Santa Cruz,087,273765,142,131,0,131,2
2020-05-02,Shasta,089,179085,38,31,0,31,4
2020-05-02,Sierra,091,2930,0,0,0,0,0
2020-05-02,Siskiyou,093,43540,5,5,0,5,0
2020-05-02,Solano,095,438530,355,267,0,267,4
2020-05-02,Sonoma,097,501317,301,250,0,250,3
2020-05-02,Stanislaus,099,539301,477,388,4,392,8
2020-05-02,Sutter,101,95872,30,28,0,28,2
2020-05-02,Tehama,103,63373,2,1,0,1,1
2020-05-02,Trinity,105,12862,0,0,0,0,0
2020-05-02,Tulare,107,460477,1166,711,2,713,35
2020-05-02,Tuolumne,109,53932,3,3,0,3,0
2020-05-02,Ventura,111,848112,748,564,0,564,19
2020-05-02,Yolo,113,214977,182,169,0,169,17
2020-05-02,Yuba,115,75493,19,16,0,16,1
2020-05-01,Alameda,001,1643700,2040,1630,0,1630,63
2020-05-01,Alpine,003,1148,1,1,0,1,0
2020-05-01,Amador,005,37829,8,8,0,8,0
2020-05-01,Butte,007,227075,28,17,1,18,0
2020-05-01,Calaveras,009,45235,13,13,0,13,0
2020-05-01,Colusa,011,21464,3,3,0,3,0
2020-05-01,Contra Costa,013,1133247,1034,915,0,915,28
2020-05-01,Del Norte,015,27424,5,3,0,3,0
2020-05-01,El Dorado,017,186661,60,47,0,47,0
2020-05-01,Fresno,019,978130,1206,617,11,628,7
2020-05-01,Glenn,021,27897,7,4,0,4,0
2020-05-01,Humboldt,023,135768,60,54,0,54,0
2020-05-01,Imperial,025,180216,623,337,0,337,6
2020-05-01,Inyo,027,18085,19,20,0,20,1
2020-05-01,Kern,029,883053,1279,972,1,973,8
2020-05-01,Kings,031,150075,262,112,1,113,1
2020-05-01,Lake,033,64148,9,6,0,6,0
2020-05-01,Lassen,035,31185,1,0,2,2,0
2020-05-01,Los Angeles,037,10098052,31395,24306,18,24324,1155
2020-05-01,Madera,039,155013,96,46,1,47,2
2020-05-01,Marin,041,260295,253,242,1,243,13
2020-05-01,Mariposa,043,17540,15,10,0,10,0
2020-05-01,Mendocino,045,87422,13,11,0,11,0
2020-05-01,Merced,047,269075,207,131,0,131,3
2020-05-01,Modoc,049,8938,0,0,0,0,0
2020-05-01,Mono,051,14174,32,25,0,25,1
2020-05-01,Monterey,053,433212,275,222,0,222,5
2020-05-01,Napa,055,140530,83,69,0,69,2
2020-05-01,Nevada,057,99092,41,41,1,42,1
2020-05-01,Orange,059,3164182,4154,2660,19,2679,51
2020-05-01,Placer,061,380077,176,149,0,149,8
2020-05-01,Plumas,063,18699,4,4,0,4,0
2020-05-01,Riverside,065,2383286,4951,3893,8,3901,132
2020-05-01,Sacramento,067,1510023,1150,1081,0,1081,43
2020-05-01,San Benito,069,59416,52,49,0,49,2
2020-05-01,San Bernardino,071,2135413,2873,2084,1,2085,98
2020-05-01,San Diego,073,3302833,4775,3713,0,3713,134
2020-05-01,San Francisco,075,870044,1881,1552,0,1552,29
2020-05-01,San Joaquin,077,732212,607,554,3,557,25
2020-05-01,San Luis Obispo,079,281455,245,186,1,187,1
2020-05-01,San Mateo,081,765935,1489,1222,2,1224,52
2020-05-01,Santa Barbara,083,443738,676,499,2,501,7
2020-05-01,Santa Clara,085,1922200,2540,2176,3,2179,112
2020-05-01,Santa Cruz,087,273765,142,127,0,127,2
2020-05-01,Shasta,089,179085,38,31,0,31,4
2020-05-01,Sierra,091,2930,0,0,0,0,0
2020-05-01,Siskiyou,093,43540,5,5,0,5,0
2020-05-01,Solano,095,438530,347,266,0,266,4
2020-05-01,Sonoma,097,501317,298,242,0,242,3
2020-05-01,Stanislaus,099,539301,472,384,4,388,8
2020-05-01,Sutter,101,95872,30,28,0,28,2
2020-05-01,Tehama,103,63373,2,1,0,1,1
2020-05-01,Trinity,105,12862,0,0,0,0,0
2020-05-01,Tulare,107,460477,1122,685,2,687,32
2020-05-01,Tuolumne,109,53932,3,3,0,3,0
2020-05-01,Ventura,111,848112,735,556,0,556,18
2020-05-01,Yolo,113,214977,182,165,0,165,18
2020-05-01,Yuba,115,75493,19,16,0,16,1
2020-04-30,Alameda,001,1643700,1980,1599,0,1599,60
2020-04-30,Alpine,003,1148,1,1,0,1,0
2020-04-30,Amador,005,37829,8,8,0,8,0
2020-04-30,Butte,007,227075,28,16,1,17,0
2020-04-30,Calaveras,009,45235,13,13,0,13,0
2020-04-30,Colusa,011,21464,3,3,0,3,0
2020-04-30,Contra Costa,013,1133247,1012,900,0,900,25
2020-04-30,Del Norte,015,27424,4,3,0,3,0
2020-04-30,El Dorado,017,186661,60,44,0,44,0
2020-04-30,Fresno,019,978130,1142,562,8,570,7
2020-04-30,Glenn,021,27897,7,4,0,4,0
2020-04-30,Humboldt,023,135768,60,54,0,54,0
2020-04-30,Imperial,025,180216,577,322,0,322,6
2020-04-30,Inyo,027,18085,19,20,0,20,1
2020-04-30,Kern,029,883053,1247,941,1,942,8
2020-04-30,Kings,031,150075,250,87,1,88,1
2020-04-30,Lake,033,64148,9,6,0,6,0
2020-04-30,Lassen,035,31185,1,0,2,2,0
2020-04-30,Los Angeles,037,10098052,30388,23284,18,23302,1099
2020-04-30,Madera,039,155013,85,46,1,47,2
2020-04-30,Marin,041,260295,253,240,1,241,13
2020-04-30,Mariposa,043,17540,15,3,0,3,0
2020-04-30,Mendocino,045,87422,13,11,0,11,0
2020-04-30,Merced,047,269075,200,122,0,122,3
2020-04-30,Modoc,049,8938,0,0,0,0,0
2020-04-30,Mono,051,14174,31,25,0,25,1
2020-04-30,Monterey,053,433212,265,213,0,213,5
2020-04-30,Napa,055,140530,81,69,0,69,2
2020-04-30,Nevada,057,99092,41,41,1,42,1
2020-04-30,Orange,059,3164182,3938,2591,17,2608,46
2020-04-30,Placer,061,380077,175,148,0,148,8
2020-04-30,Plumas,063,18699,4,4,0,4,0
2020-04-30,Riverside,065,2383286,4851,3820,7,3827,124
2020-04-30,Sacramento,067,1510023,1144,1071,0,1071,43
2020-04-30,San Benito,069,59416,52,48,0,48,2
2020-04-30,San Bernardino,071,2135413,2672,2020,1,2021,96
2020-04-30,San Diego,073,3302833,4604,3566,0,3566,124
2020-04-30,San Francisco,075,870044,1847,1518,0,1518,26
2020-04-30,San Joaquin,077,732212,600,548,3,551,25
2020-04-30,San Luis Obispo,079,281455,242,182,1,183,1
2020-04-30,San Mateo,081,765935,1459,1194,2,1196,52
2020-04-30,Santa Barbara,083,443738,657,490,2,492,7
2020-04-30,Santa Clara,085,1922200,2503,2172,3,2175,111
2020-04-30,Santa Cruz,087,273765,141,126,0,126,2
2020-04-30,Shasta,089,179085,37,31,0,31,4
2020-04-30,Sierra,091,2930,0,0,0,0,0
2020-04-30,Siskiyou,093,43540,5,5,0,5,0
2020-04-30,Solano,095,438530,337,262,0,262,4
2020-04-30,Sonoma,097,501317,289,233,0,233,3
2020-04-30,Stanislaus,099,539301,465,378,4,382,7
2020-04-30,Sutter,101,95872,30,28,0,28,2
2020-04-30,Tehama,103,63373,1,1,0,1,1
2020-04-30,Trinity,105,12862,0,0,0,0,0
2020-04-30,Tulare,107,460477,1058,637,2,639,31
2020-04-30,Tuolumne,109,53932,3,3,0,3,0
2020-04-30,Ventura,111,848112,707,547,0,547,18
2020-04-30,Yolo,113,214977,181,164,0,164,16
2020-04-30,Yuba,115,75493,19,15,0,15,1
2020-04-29,Alameda,001,1643700,1922,1564,0,1564,60
2020-04-29,Alpine,003,1148,1,1,0,1,0
2020-04-29,Amador,005,37829,8,8,0,8,0
2020-04-29,Butte,007,227075,28,16,1,17,0
2020-04-29,Calaveras,009,45235,13,13,0,13,0
2020-04-29,Colusa,011,21464,3,3,0,3,0
2020-04-29,Contra Costa,013,1133247,993,885,0,885,25
2020-04-29,Del Norte,015,27424,4,3,0,3,0
2020-04-29,El Dorado,017,186661,58,44,0,44,0
2020-04-29,Fresno,019,978130,1090,544,8,552,7
2020-04-29,Glenn,021,27897,7,4,0,4,0
2020-04-29,Humboldt,023,135768,60,53,0,53,0
2020-04-29,Imperial,025,180216,548,300,0,300,6
2020-04-29,Inyo,027,18085,19,20,0,20,1
2020-04-29,Kern,029,883053,1204,910,1,911,6
2020-04-29,Kings,031,150075,231,80,1,81,1
2020-04-29,Lake,033,64148,9,6,0,6,0
2020-04-29,Lassen,035,31185,1,0,2,2,0
2020-04-29,Los Angeles,037,10098052,29411,22560,18,22578,1043
2020-04-29,Madera,039,155013,84,45,1,46,2
2020-04-29,Marin,041,260295,250,234,1,235,13
2020-04-29,Mariposa,043,17540,15,1,0,1,0
2020-04-29,Mendocino,045,87422,13,11,0,11,0
2020-04-29,Merced,047,269075,193,116,0,116,3
2020-04-29,Modoc,049,8938,0,0,0,0,0
2020-04-29,Mono,051,14174,31,25,0,25,1
2020-04-29,Monterey,053,433212,257,204,0,204,5
2020-04-29,Napa,055,140530,79,68,0,68,2
2020-04-29,Nevada,057,99092,41,41,1,42,1
2020-04-29,Orange,059,3164182,3806,2421,16,2437,43
2020-04-29,Placer,061,380077,173,145,0,145,8
2020-04-29,Plumas,063,18699,4,4,0,4,0
2020-04-29,Riverside,065,2383286,4775,3700,7,3707,116
2020-04-29,Sacramento,067,1510023,1122,1055,0,1055,41
2020-04-29,San Benito,069,59416,52,48,0,48,2
2020-04-29,San Bernardino,071,2135413,2585,1975,1,1976,91
2020-04-29,San Diego,073,3302833,4463,3434,0,3434,120
2020-04-29,San Francisco,075,870044,1819,1489,0,1489,23
2020-04-29,San Joaquin,077,732212,592,540,3,543,25
2020-04-29,San Luis Obispo,079,281455,240,181,1,182,1
2020-04-29,San Mateo,081,765935,1433,1170,2,1172,50
2020-04-29,Santa Barbara,083,443738,643,477,2,479,7
2020-04-29,Santa Clara,085,1922200,2482,2147,3,2150,108
2020-04-29,Santa Cruz,087,273765,140,124,0,124,2
2020-04-29,Shasta,089,179085,37,31,0,31,4
2020-04-29,Sierra,091,2930,0,0,0,0,0
2020-04-29,Siskiyou,093,43540,5,5,0,5,0
2020-04-29,Solano,095,438530,314,252,0,252,3
2020-04-29,Sonoma,097,501317,281,230,0,230,2
2020-04-29,Stanislaus,099,539301,452,374,4,378,5
2020-04-29,Sutter,101,95872,30,28,0,28,2
2020-04-29,Tehama,103,63373,1,1,0,1,1
2020-04-29,Trinity,105,12862,0,0,0,0,0
2020-04-29,Tulare,107,460477,988,615,2,617,30
2020-04-29,Tuolumne,109,53932,3,4,0,4,0
2020-04-29,Ventura,111,848112,684,530,0,530,18
2020-04-29,Yolo,113,214977,178,161,0,161,11
2020-04-29,Yuba,115,75493,19,15,0,15,1
2020-04-28,Alameda,001,1643700,1865,1525,0,1525,55
2020-04-28,Alpine,003,1148,1,1,0,1,0
2020-04-28,Amador,005,37829,8,8,0,8,0
2020-04-28,Butte,007,227075,28,16,1,17,0
2020-04-28,Calaveras,009,45235,13,13,0,13,0
2020-04-28,Colusa,011,21464,3,3,0,3,0
2020-04-28,Contra Costa,013,1133247,986,866,0,866,25
2020-04-28,Del Norte,015,27424,4,3,0,3,0
2020-04-28,El Dorado,017,186661,57,43,0,43,0
2020-04-28,Fresno,019,978130,1039,525,7,532,7
2020-04-28,Glenn,021,27897,5,4,0,4,0
2020-04-28,Humboldt,023,135768,59,53,0,53,0
2020-04-28,Imperial,025,180216,514,295,0,295,6
2020-04-28,Inyo,027,18085,19,20,0,20,1
2020-04-28,Kern,029,883053,1161,882,1,883,5
2020-04-28,Kings,031,150075,218,57,1,58,1
2020-04-28,Lake,033,64148,9,6,0,6,0
2020-04-28,Lassen,035,31185,1,0,2,2,0
2020-04-28,Los Angeles,037,10098052,28345,21029,18,21047,984
2020-04-28,Madera,039,155013,84,44,1,45,2
2020-04-28,Marin,041,260295,249,228,1,229,12
2020-04-28,Mariposa,043,17540,15,0,0,0,0
2020-04-28,Mendocino,045,87422,13,10,0,10,0
2020-04-28,Merced,047,269075,186,108,0,108,3
2020-04-28,Modoc,049,8938,0,0,0,0,0
2020-04-28,Mono,051,14174,31,25,0,25,1
2020-04-28,Monterey,053,433212,251,191,0,191,5
2020-04-28,Napa,055,140530,78,67,0,67,2
2020-04-28,Nevada,057,99092,41,41,1,42,1
2020-04-28,Orange,059,3164182,3642,2324,15,2339,42
2020-04-28,Placer,061,380077,163,143,0,143,8
2020-04-28,Plumas,063,18699,4,4,0,4,0
2020-04-28,Riverside,065,2383286,4681,3504,7,3511,113
2020-04-28,Sacramento,067,1510023,1107,1044,0,1044,41
2020-04-28,San Benito,069,59416,51,46,0,46,2
2020-04-28,San Bernardino,071,2135413,2508,1891,1,1892,89
2020-04-28,San Diego,073,3302833,4333,3316,0,3316,118
2020-04-28,San Francisco,075,870044,1784,1471,0,1471,23
2020-04-28,San Joaquin,077,732212,586,532,3,535,25
2020-04-28,San Luis Obispo,079,281455,234,172,1,173,1
2020-04-28,San Mateo,081,765935,1420,1129,2,1131,48
2020-04-28,Santa Barbara,083,443738,636,469,2,471,7
2020-04-28,Santa Clara,085,1922200,2452,2130,3,2133,106
2020-04-28,Santa Cruz,087,273765,140,123,0,123,2
2020-04-28,Shasta,089,179085,37,29,0,29,4
2020-04-28,Sierra,091,2930,0,0,0,0,0
2020-04-28,Siskiyou,093,43540,5,5,0,5,0
2020-04-28,Solano,095,438530,295,246,0,246,3
2020-04-28,Sonoma,097,501317,278,226,0,226,1
2020-04-28,Stanislaus,099,539301,436,330,4,334,5
2020-04-28,Sutter,101,95872,30,25,0,25,2
2020-04-28,Tehama,103,63373,1,1,0,1,1
2020-04-28,Trinity,105,12862,0,0,0,0,0
2020-04-28,Tulare,107,460477,894,579,2,581,30
2020-04-28,Tuolumne,109,53932,3,4,0,4,0
2020-04-28,Ventura,111,848112,666,517,0,517,17
2020-04-28,Yolo,113,214977,178,160,0,160,10
2020-04-28,Yuba,115,75493,19,15,0,15,1
2020-04-27,Alameda,001,1643700,1805,1494,0,1494,53
2020-04-27,Alpine,003,1148,1,1,0,1,0
2020-04-27,Amador,005,37829,8,8,0,8,0
2020-04-27,Butte,007,227075,27,16,1,17,0
2020-04-27,Calaveras,009,45235,13,13,0,13,0
2020-04-27,Colusa,011,21464,3,3,0,3,0
2020-04-27,Contra Costa,013,1133247,974,843,0,843,25
2020-04-27,Del Norte,015,27424,4,3,0,3,0
2020-04-27,El Dorado,017,186661,56,43,0,43,0
2020-04-27,Fresno,019,978130,936,504,6,510,7
2020-04-27,Glenn,021,27897,5,4,0,4,0
2020-04-27,Humboldt,023,135768,59,52,0,52,0
2020-04-27,Imperial,025,180216,484,290,0,290,6
2020-04-27,Inyo,027,18085,19,20,0,20,1
2020-04-27,Kern,029,883053,1123,865,1,866,4
2020-04-27,Kings,031,150075,195,48,1,49,1
2020-04-27,Lake,033,64148,8,6,0,6,0
2020-04-27,Lassen,035,31185,1,0,2,2,0
2020-04-27,Los Angeles,037,10098052,27328,20456,18,20474,931
2020-04-27,Madera,039,155013,82,42,1,43,2
2020-04-27,Marin,041,260295,244,227,1,228,12
2020-04-27,Mariposa,043,17540,14,0,0,0,0
2020-04-27,Mendocino,045,87422,13,10,0,10,0
2020-04-27,Merced,047,269075,183,108,0,108,3
2020-04-27,Modoc,049,8938,0,0,0,0,0
2020-04-27,Mono,051,14174,31,23,0,23,1
2020-04-27,Monterey,053,433212,244,185,0,185,4
2020-04-27,Napa,055,140530,75,64,0,64,2
2020-04-27,Nevada,057,99092,41,39,1,40,1
2020-04-27,Orange,059,3164182,3473,2198,15,2213,42
2020-04-27,Placer,061,380077,163,142,0,142,8
2020-04-27,Plumas,063,18699,4,4,0,4,0
2020-04-27,Riverside,065,2383286,4558,3381,7,3388,100
2020-04-27,Sacramento,067,1510023,1092,1035,0,1035,41
2020-04-27,San Benito,069,59416,49,45,0,45,2
2020-04-27,San Bernardino,071,2135413,2394,1742,1,1743,82
2020-04-27,San Diego,073,3302833,4207,3143,0,3143,113
2020-04-27,San Francisco,075,870044,1730,1453,0,1453,23
2020-04-27,San Joaquin,077,732212,580,522,3,525,25
2020-04-27,San Luis Obispo,079,281455,226,166,1,167,1
2020-04-27,San Mateo,081,765935,1398,1092,2,1094,46
2020-04-27,Santa Barbara,083,443738,623,466,2,468,7
2020-04-27,Santa Clara,085,1922200,2432,2104,2,2106,105
2020-04-27,Santa Cruz,087,273765,140,123,0,123,2
2020-04-27,Shasta,089,179085,37,29,0,29,4
2020-04-27,Sierra,091,2930,0,0,0,0,0
2020-04-27,Siskiyou,093,43540,5,5,0,5,0
2020-04-27,Solano,095,438530,295,222,0,222,3
2020-04-27,Sonoma,097,501317,269,220,0,220,1
2020-04-27,Stanislaus,099,539301,420,316,4,320,5
2020-04-27,Sutter,101,95872,29,26,0,26,2
2020-04-27,Tehama,103,63373,1,1,0,1,1
2020-04-27,Trinity,105,12862,0,0,0,0,0
2020-04-27,Tulare,107,460477,823,535,2,537,28
2020-04-27,Tuolumne,109,53932,3,3,0,3,0
2020-04-27,Ventura,111,848112,649,513,0,513,17
2020-04-27,Yolo,113,214977,175,160,0,160,9
2020-04-27,Yuba,115,75493,19,15,0,15,1
2020-04-26,Alameda,001,1643700,1744,1449,0,1449,52
2020-04-26,Alpine,003,1148,1,1,0,1,0
2020-04-26,Amador,005,37829,8,8,0,8,0
2020-04-26,Butte,007,227075,27,16,1,17,0
2020-04-26,Calaveras,009,45235,13,13,0,13,0
2020-04-26,Colusa,011,21464,3,3,0,3,0
2020-04-26,Contra Costa,013,1133247,958,830,0,830,25
2020-04-26,Del Norte,015,27424,3,3,0,3,0
2020-04-26,El Dorado,017,186661,54,41,0,41,0
2020-04-26,Fresno,019,978130,844,476,6,482,7
2020-04-26,Glenn,021,27897,5,4,0,4,0
2020-04-26,Humboldt,023,135768,59,53,0,53,0
2020-04-26,Imperial,025,180216,450,272,0,272,6
2020-04-26,Inyo,027,18085,19,20,0,20,1
2020-04-26,Kern,029,883053,1073,831,1,832,4
2020-04-26,Kings,031,150075,170,33,1,34,1
2020-04-26,Lake,033,64148,8,6,0,6,0
2020-04-26,Lassen,035,31185,1,0,2,2,0
2020-04-26,Los Angeles,037,10098052,26179,19570,18,19588,901
2020-04-26,Madera,039,155013,80,39,1,40,2
2020-04-26,Marin,041,260295,238,225,1,226,12
2020-04-26,Mariposa,043,17540,14,0,0,0,0
2020-04-26,Mendocino,045,87422,13,5,0,5,0
2020-04-26,Merced,047,269075,166,104,0,104,3
2020-04-26,Modoc,049,8938,0,0,0,0,0
2020-04-26,Mono,051,14174,31,23,0,23,1
2020-04-26,Monterey,053,433212,237,182,0,182,4
2020-04-26,Napa,055,140530,74,62,0,62,2
2020-04-26,Nevada,057,99092,41,37,1,38,1
2020-04-26,Orange,059,3164182,3307,2124,15,2139,40
2020-04-26,Placer,061,380077,163,141,0,141,8
2020-04-26,Plumas,063,18699,4,4,0,4,0
2020-04-26,Riverside,065,2383286,4417,3301,7,3308,95
2020-04-26,Sacramento,067,1510023,1083,1027,0,1027,41
2020-04-26,San Benito,069,59416,49,45,0,45,2
2020-04-26,San Bernardino,071,2135413,2297,1681,1,1682,82
2020-04-26,San Diego,073,3302833,4065,3045,0,3045,111
2020-04-26,San Francisco,075,870044,1691,1403,0,1403,23
2020-04-26,San Joaquin,077,732212,572,514,3,517,25
2020-04-26,San Luis Obispo,079,281455,223,165,1,166,1
2020-04-26,San Mateo,081,765935,1372,1070,2,1072,46
2020-04-26,Santa Barbara,083,443738,611,464,2,466,7
2020-04-26,Santa Clara,085,1922200,2413,2097,1,2098,102
2020-04-26,Santa Cruz,087,273765,140,116,0,116,2
2020-04-26,Shasta,089,179085,34,29,0,29,4
2020-04-26,Sierra,091,2930,0,0,0,0,0
2020-04-26,Siskiyou,093,43540,5,5,0,5,0
2020-04-26,Solano,095,438530,286,205,0,205,3
2020-04-26,Sonoma,097,501317,258,216,0,216,1
2020-04-26,Stanislaus,099,539301,405,294,4,298,4
2020-04-26,Sutter,101,95872,29,26,0,26,2
2020-04-26,Tehama,103,63373,1,1,0,1,1
2020-04-26,Trinity,105,12862,0,0,0,0,0
2020-04-26,Tulare,107,460477,765,497,2,499,28
2020-04-26,Tuolumne,109,53932,3,3,0,3,0
2020-04-26,Ventura,111,848112,634,509,0,509,17
2020-04-26,Yolo,113,214977,174,158,0,158,8
2020-04-26,Yuba,115,75493,18,15,0,15,1
2020-04-25,Alameda,001,1643700,1719,1396,0,1396,52
2020-04-25,Alpine,003,1148,1,1,0,1,0
2020-04-25,Amador,005,37829,8,8,0,8,0
2020-04-25,Butte,007,227075,26,16,1,17,0
2020-04-25,Calaveras,009,45235,13,12,0,12,0
2020-04-25,Colusa,011,21464,3,3,0,3,0
2020-04-25,Contra Costa,013,1133247,944,821,0,821,24
2020-04-25,Del Norte,015,27424,2,2,0,2,0
2020-04-25,El Dorado,017,186661,53,41,0,41,0
2020-04-25,Fresno,019,978130,814,459,5,464,7
2020-04-25,Glenn,021,27897,5,4,0,4,0
2020-04-25,Humboldt,023,135768,59,53,0,53,0
2020-04-25,Imperial,025,180216,433,232,0,232,6
2020-04-25,Inyo,027,18085,19,20,0,20,1
2020-04-25,Kern,029,883053,1042,802,1,803,4
2020-04-25,Kings,031,150075,158,33,1,34,1
2020-04-25,Lake,033,64148,6,6,0,6,0
2020-04-25,Lassen,035,31185,1,0,2,2,0
2020-04-25,Los Angeles,037,10098052,25545,19144,18,19162,881
2020-04-25,Madera,039,155013,77,39,1,40,2
2020-04-25,Marin,041,260295,238,215,1,216,12
2020-04-25,Mariposa,043,17540,14,0,0,0,0
2020-04-25,Mendocino,045,87422,12,5,0,5,0
2020-04-25,Merced,047,269075,166,103,0,103,3
2020-04-25,Modoc,049,8938,0,0,0,0,0
2020-04-25,Mono,051,14174,31,23,0,23,1
2020-04-25,Monterey,053,433212,235,173,0,173,4
2020-04-25,Napa,055,140530,74,60,0,60,2
2020-04-25,Nevada,057,99092,41,37,1,38,1
2020-04-25,Orange,059,3164182,3201,2047,15,2062,40
2020-04-25,Placer,061,380077,163,137,0,137,8
2020-04-25,Plumas,063,18699,4,4,0,4,0
2020-04-25,Riverside,065,2383286,4329,3037,7,3044,93
2020-04-25,Sacramento,067,1510023,1081,1015,0,1015,41
2020-04-25,San Benito,069,59416,49,45,0,45,2
2020-04-25,San Bernardino,071,2135413,2252,1675,1,1676,82
2020-04-25,San Diego,073,3302833,3965,2945,0,2945,111
2020-04-25,San Francisco,075,870044,1666,1341,0,1341,22
2020-04-25,San Joaquin,077,732212,565,497,3,500,24
2020-04-25,San Luis Obispo,079,281455,222,159,1,160,1
2020-04-25,San Mateo,081,765935,1354,1054,2,1056,46
2020-04-25,Santa Barbara,083,443738,603,457,2,459,7
2020-04-25,Santa Clara,085,1922200,2395,2045,1,2046,99
2020-04-25,Santa Cruz,087,273765,140,112,0,112,2
2020-04-25,Shasta,089,179085,34,29,0,29,4
2020-04-25,Sierra,091,2930,0,0,0,0,0
2020-04-25,Siskiyou,093,43540,5,5,0,5,0
2020-04-25,Solano,095,438530,282,203,0,203,3
2020-04-25,Sonoma,097,501317,254,199,0,199,1
2020-04-25,Stanislaus,099,539301,397,276,4,280,4
2020-04-25,Sutter,101,95872,29,24,0,24,2
2020-04-25,Tehama,103,63373,1,1,0,1,1
2020-04-25,Trinity,105,12862,0,0,0,0,0
2020-04-25,Tulare,107,460477,732,478,2,480,28
2020-04-25,Tuolumne,109,53932,3,2,0,2,0
2020-04-25,Ventura,111,848112,620,494,0,494,16
2020-04-25,Yolo,113,214977,174,157,0,157,8
2020-04-25,Yuba,115,75493,17,15,0,15,1
2020-04-24,Alameda,001,1643700,1688,1385,0,1385,50
2020-04-24,Alpine,003,1148,1,1,0,1,0
2020-04-24,Amador,005,37829,8,8,0,8,0
2020-04-24,Butte,007,227075,25,15,1,16,0
2020-04-24,Calaveras,009,45235,13,12,0,12,0
2020-04-24,Colusa,011,21464,3,3,0,3,0
2020-04-24,Contra Costa,013,1133247,935,806,0,806,23
2020-04-24,Del Norte,015,27424,2,2,0,2,0
2020-04-24,El Dorado,017,186661,52,41,0,41,0
2020-04-24,Fresno,019,978130,793,449,5,454,7
2020-04-24,Glenn,021,27897,5,4,0,4,0
2020-04-24,Humboldt,023,135768,59,53,0,53,0
2020-04-24,Imperial,025,180216,417,232,0,232,6
2020-04-24,Inyo,027,18085,19,20,0,20,0
2020-04-24,Kern,029,883053,1018,770,1,771,4
2020-04-24,Kings,031,150075,129,30,1,31,1
2020-04-24,Lake,033,64148,6,6,0,6,0
2020-04-24,Lassen,035,31185,1,0,2,2,0
2020-04-24,Los Angeles,037,10098052,24613,18553,18,18571,836
2020-04-24,Madera,039,155013,77,39,1,40,2
2020-04-24,Marin,041,260295,238,211,1,212,11
2020-04-24,Mariposa,043,17540,8,0,0,0,0
2020-04-24,Mendocino,045,87422,12,5,0,5,0
2020-04-24,Merced,047,269075,163,102,0,102,3
2020-04-24,Modoc,049,8938,0,0,0,0,0
2020-04-24,Mono,051,14174,30,23,0,23,1
2020-04-24,Monterey,053,433212,228,167,0,167,4
2020-04-24,Napa,055,140530,73,59,0,59,2
2020-04-24,Nevada,057,99092,41,36,1,37,1
2020-04-24,Orange,059,3164182,3093,1945,15,1960,39
2020-04-24,Placer,061,380077,161,137,0,137,8
2020-04-24,Plumas,063,18699,4,4,0,4,0
2020-04-24,Riverside,065,2383286,4248,3044,7,3051,87
2020-04-24,Sacramento,067,1510023,1075,1009,0,1009,41
2020-04-24,San Benito,069,59416,49,45,0,45,2
2020-04-24,San Bernardino,071,2135413,2217,1667,1,1668,80
2020-04-24,San Diego,073,3302833,3854,2828,0,2828,102
2020-04-24,San Francisco,075,870044,1608,1345,0,1345,22
2020-04-24,San Joaquin,077,732212,558,484,3,487,24
2020-04-24,San Luis Obispo,079,281455,219,151,1,152,1
2020-04-24,San Mateo,081,765935,1331,1004,2,1006,43
2020-04-24,Santa Barbara,083,443738,596,450,2,452,6
2020-04-24,Santa Clara,085,1922200,2365,2026,1,2027,98
2020-04-24,Santa Cruz,087,273765,136,111,0,111,2
2020-04-24,Shasta,089,179085,34,28,0,28,4
2020-04-24,Sierra,091,2930,0,0,0,0,0
2020-04-24,Siskiyou,093,43540,5,5,0,5,0
2020-04-24,Solano,095,438530,280,203,0,203,3
2020-04-24,Sonoma,097,501317,250,199,0,199,1
2020-04-24,Stanislaus,099,539301,394,273,4,277,4
2020-04-24,Sutter,101,95872,28,24,0,24,2
2020-04-24,Tehama,103,63373,1,1,0,1,1
2020-04-24,Trinity,105,12862,0,0,0,0,0
2020-04-24,Tulare,107,460477,704,459,2,461,27
2020-04-24,Tuolumne,109,53932,3,2,0,2,0
2020-04-24,Ventura,111,848112,611,489,0,489,16
2020-04-24,Yolo,113,214977,173,155,0,155,8
2020-04-24,Yuba,115,75493,16,15,0,15,1
2020-04-23,Alameda,001,1643700,1650,1336,0,1336,46
2020-04-23,Alpine,003,1148,1,1,0,1,0
2020-04-23,Amador,005,37829,8,8,0,8,0
2020-04-23,Butte,007,227075,25,15,1,16,0
2020-04-23,Calaveras,009,45235,13,12,0,12,0
2020-04-23,Colusa,011,21464,3,3,0,3,0
2020-04-23,Contra Costa,013,1133247,914,786,0,786,23
2020-04-23,Del Norte,015,27424,2,2,0,2,0
2020-04-23,El Dorado,017,186661,51,39,0,39,0
2020-04-23,Fresno,019,978130,755,426,5,431,7
2020-04-23,Glenn,021,27897,5,3,0,3,0
2020-04-23,Humboldt,023,135768,59,53,0,53,0
2020-04-23,Imperial,025,180216,397,181,0,181,4
2020-04-23,Inyo,027,18085,19,19,0,19,0
2020-04-23,Kern,029,883053,970,732,1,733,4
2020-04-23,Kings,031,150075,114,28,1,29,1
2020-04-23,Lake,033,64148,6,6,0,6,0
2020-04-23,Lassen,035,31185,1,0,2,2,0
2020-04-23,Los Angeles,037,10098052,23553,17548,17,17565,784
2020-04-23,Madera,039,155013,75,37,1,38,2
2020-04-23,Marin,041,260295,225,209,1,210,11
2020-04-23,Mariposa,043,17540,7,0,0,0,0
2020-04-23,Mendocino,045,87422,10,5,0,5,0
2020-04-23,Merced,047,269075,159,98,0,98,3
2020-04-23,Modoc,049,8938,0,0,0,0,0
2020-04-23,Mono,051,14174,30,23,0,23,1
2020-04-23,Monterey,053,433212,224,161,0,161,4
2020-04-23,Napa,055,140530,66,59,0,59,2
2020-04-23,Nevada,057,99092,41,36,1,37,1
2020-04-23,Orange,059,3164182,2915,1841,14,1855,37
2020-04-23,Placer,061,380077,158,136,0,136,8
2020-04-23,Plumas,063,18699,4,4,0,4,0
2020-04-23,Riverside,065,2383286,4135,2935,6,2941,78
2020-04-23,Sacramento,067,1510023,1063,978,0,978,41
2020-04-23,San Benito,069,59416,46,43,0,43,2
2020-04-23,San Bernardino,071,2135413,2152,1604,1,1605,79
2020-04-23,San Diego,073,3302833,3693,2645,0,2645,100
2020-04-23,San Francisco,075,870044,1583,1312,0,1312,21
2020-04-23,San Joaquin,077,732212,548,479,3,482,20
2020-04-23,San Luis Obispo,079,281455,215,146,1,147,1
2020-04-23,San Mateo,081,765935,1291,970,2,972,42
2020-04-23,Santa Barbara,083,443738,586,445,2,447,6
2020-04-23,Santa Clara,085,1922200,2333,1996,1,1997,95
2020-04-23,Santa Cruz,087,273765,135,110,0,110,2
2020-04-23,Shasta,089,179085,34,27,0,27,3
2020-04-23,Sierra,091,2930,0,0,0,0,0
2020-04-23,Siskiyou,093,43540,5,5,0,5,0
2020-04-23,Solano,095,438530,266,196,0,196,3
2020-04-23,Sonoma,097,501317,238,187,0,187,1
2020-04-23,Stanislaus,099,539301,390,254,4,258,4
2020-04-23,Sutter,101,95872,28,24,0,24,2
2020-04-23,Tehama,103,63373,1,1,0,1,1
2020-04-23,Trinity,105,12862,0,0,0,0,0
2020-04-23,Tulare,107,460477,675,440,2,442,25
2020-04-23,Tuolumne,109,53932,3,2,0,2,0
2020-04-23,Ventura,111,848112,597,479,0,479,16
2020-04-23,Yolo,113,214977,170,151,0,151,8
2020-04-23,Yuba,115,75493,16,15,0,15,1
2020-04-22,Alameda,001,1643700,1601,1275,0,1275,46
2020-04-22,Alpine,003,1148,1,1,0,1,0
2020-04-22,Amador,005,37829,8,7,0,7,0
2020-04-22,Butte,007,227075,24,15,1,16,0
2020-04-22,Calaveras,009,45235,13,12,0,12,0
2020-04-22,Colusa,011,21464,3,3,0,3,0
2020-04-22,Contra Costa,013,1133247,899,772,0,772,22
2020-04-22,Del Norte,015,27424,2,2,0,2,0
2020-04-22,El Dorado,017,186661,51,39,0,39,0
2020-04-22,Fresno,019,978130,717,388,5,393,7
2020-04-22,Glenn,021,27897,5,3,0,3,0
2020-04-22,Humboldt,023,135768,59,53,0,53,0
2020-04-22,Imperial,025,180216,386,170,0,170,3
2020-04-22,Inyo,027,18085,19,18,0,18,0
2020-04-22,Kern,029,883053,948,713,1,714,4
2020-04-22,Kings,031,150075,93,28,1,29,1
2020-04-22,Lake,033,64148,6,6,0,6,0
2020-04-22,Lassen,035,31185,1,0,2,2,0
2020-04-22,Los Angeles,037,10098052,22527,16400,17,16417,715
2020-04-22,Madera,039,155013,73,37,1,38,2
2020-04-22,Marin,041,260295,223,202,1,203,11
2020-04-22,Mariposa,043,17540,6,0,0,0,0
2020-04-22,Mendocino,045,87422,7,5,0,5,0
2020-04-22,Merced,047,269075,147,92,0,92,3
2020-04-22,Modoc,049,8938,0,0,0,0,0
2020-04-22,Mono,051,14174,29,23,0,23,1
2020-04-22,Monterey,053,433212,217,154,0,154,4
2020-04-22,Napa,055,140530,65,58,0,58,2
2020-04-22,Nevada,057,99092,41,36,1,37,1
2020-04-22,Orange,059,3164182,2822,1785,14,1799,36
2020-04-22,Placer,061,380077,156,133,0,133,8
2020-04-22,Plumas,063,18699,4,4,0,4,0
2020-04-22,Riverside,065,2383286,4032,2822,6,2828,76
2020-04-22,Sacramento,067,1510023,1058,959,0,959,36
2020-04-22,San Benito,069,59416,45,43,0,43,2
2020-04-22,San Bernardino,071,2135413,2089,1564,1,1565,74
2020-04-22,San Diego,073,3302833,3565,2493,0,2493,96
2020-04-22,San Francisco,075,870044,1546,1255,0,1255,21
2020-04-22,San Joaquin,077,732212,537,462,3,465,20
2020-04-22,San Luis Obispo,079,281455,206,142,1,143,1
2020-04-22,San Mateo,081,765935,1268,945,2,947,40
2020-04-22,Santa Barbara,083,443738,578,437,2,439,6
2020-04-22,Santa Clara,085,1922200,2320,1969,1,1970,95
2020-04-22,Santa Cruz,087,273765,131,106,0,106,2
2020-04-22,Shasta,089,179085,33,26,0,26,3
2020-04-22,Sierra,091,2930,0,0,0,0,0
2020-04-22,Siskiyou,093,43540,5,5,0,5,0
2020-04-22,Solano,095,438530,247,195,0,195,3
2020-04-22,Sonoma,097,501317,235,185,0,185,1
2020-04-22,Stanislaus,099,539301,333,247,4,251,4
2020-04-22,Sutter,101,95872,28,22,0,22,2
2020-04-22,Tehama,103,63373,1,1,0,1,1
2020-04-22,Trinity,105,12862,0,0,0,0,0
2020-04-22,Tulare,107,460477,642,425,2,427,23
2020-04-22,Tuolumne,109,53932,3,2,0,2,0
2020-04-22,Ventura,111,848112,587,465,0,465,15
2020-04-22,Yolo,113,214977,170,147,0,147,8
2020-04-22,Yuba,115,75493,16,15,0,15,1
2020-04-21,Alameda,001,1643700,1571,1234,0,1234,46
2020-04-21,Alpine,003,1148,1,1,0,1,0
2020-04-21,Amador,005,37829,8,7,0,7,0
2020-04-21,Butte,007,227075,23,15,1,16,0
2020-04-21,Calaveras,009,45235,12,12,0,12,0
2020-04-21,Colusa,011,21464,3,3,0,3,0
2020-04-21,Contra Costa,013,1133247,885,766,0,766,22
2020-04-21,Del Norte,015,27424,2,2,0,2,0
2020-04-21,El Dorado,017,186661,51,36,0,36,0
2020-04-21,Fresno,019,978130,683,372,5,377,7
2020-04-21,Glenn,021,27897,5,3,0,3,0
2020-04-21,Humboldt,023,135768,58,53,0,53,0
2020-04-21,Imperial,025,180216,366,165,0,165,2
2020-04-21,Inyo,027,18085,19,18,0,18,0
2020-04-21,Kern,029,883053,906,676,1,677,4
2020-04-21,Kings,031,150075,80,28,1,29,1
2020-04-21,Lake,033,64148,6,6,0,6,0
2020-04-21,Lassen,035,31185,1,0,2,2,0
2020-04-21,Los Angeles,037,10098052,21667,15096,17,15113,650
2020-04-21,Madera,039,155013,73,37,1,38,2
2020-04-21,Marin,041,260295,217,202,1,203,10
2020-04-21,Mariposa,043,17540,5,0,0,0,0
2020-04-21,Mendocino,045,87422,7,5,0,5,0
2020-04-21,Merced,047,269075,143,89,0,89,3
2020-04-21,Modoc,049,8938,0,0,0,0,0
2020-04-21,Mono,051,14174,29,23,0,23,1
2020-04-21,Monterey,053,433212,214,151,0,151,4
2020-04-21,Napa,055,140530,64,58,0,58,2
2020-04-21,Nevada,057,99092,41,36,1,37,1
2020-04-21,Orange,059,3164182,2700,1717,13,1730,36
2020-04-21,Placer,061,380077,154,133,0,133,8
2020-04-21,Plumas,063,18699,4,4,0,4,0
2020-04-21,Riverside,065,2383286,3901,2631,6,2637,68
2020-04-21,Sacramento,067,1510023,1048,941,0,941,33
2020-04-21,San Benito,069,59416,44,43,0,43,2
2020-04-21,San Bernardino,071,2135413,2028,1499,1,1500,71
2020-04-21,San Diego,073,3302833,3409,2436,0,2436,87
2020-04-21,San Francisco,075,870044,1516,1232,0,1232,20
2020-04-21,San Joaquin,077,732212,527,447,3,450,20
2020-04-21,San Luis Obispo,079,281455,201,134,1,135,1
2020-04-21,San Mateo,081,765935,1222,933,2,935,34
2020-04-21,Santa Barbara,083,443738,566,414,1,415,5
2020-04-21,Santa Clara,085,1922200,2277,1943,1,1944,91
2020-04-21,Santa Cruz,087,273765,129,104,0,104,2
2020-04-21,Shasta,089,179085,32,26,0,26,3
2020-04-21,Sierra,091,2930,0,0,0,0,0
2020-04-21,Siskiyou,093,43540,5,5,0,5,0
2020-04-21,Solano,095,438530,239,193,0,193,3
2020-04-21,Sonoma,097,501317,225,182,0,182,1
2020-04-21,Stanislaus,099,539301,314,235,4,239,4
2020-04-21,Sutter,101,95872,28,22,0,22,2
2020-04-21,Tehama,103,63373,1,1,0,1,1
2020-04-21,Trinity,105,12862,0,0,0,0,0
2020-04-21,Tulare,107,460477,606,410,2,412,23
2020-04-21,Tuolumne,109,53932,3,2,0,2,0
2020-04-21,Ventura,111,848112,575,455,0,455,14
2020-04-21,Yolo,113,214977,168,143,0,143,8
2020-04-21,Yuba,115,75493,16,15,0,15,1
2020-04-20,Alameda,001,1643700,1538,1181,0,1181,42
2020-04-20,Alpine,003,1148,1,1,0,1,0
2020-04-20,Amador,005,37829,8,7,0,7,0
2020-04-20,Butte,007,227075,23,15,1,16,0
2020-04-20,Calaveras,009,45235,12,12,0,12,0
2020-04-20,Colusa,011,21464,3,3,0,3,0
2020-04-20,Contra Costa,013,1133247,875,753,0,753,22
2020-04-20,Del Norte,015,27424,2,2,0,2,0
2020-04-20,El Dorado,017,186661,51,36,0,36,0
2020-04-20,Fresno,019,978130,665,356,5,361,7
2020-04-20,Glenn,021,27897,4,3,0,3,0
2020-04-20,Humboldt,023,135768,58,53,0,53,0
2020-04-20,Imperial,025,180216,346,149,0,149,2
2020-04-20,Inyo,027,18085,19,17,0,17,0
2020-04-20,Kern,029,883053,874,651,1,652,3
2020-04-20,Kings,031,150075,69,19,1,20,1
2020-04-20,Lake,033,64148,6,6,0,6,0
2020-04-20,Lassen,035,31185,1,0,2,2,0
2020-04-20,Los Angeles,037,10098052,20753,13787,17,13804,608
2020-04-20,Madera,039,155013,72,35,1,36,2
2020-04-20,Marin,041,260295,213,200,1,201,10
2020-04-20,Mariposa,043,17540,5,0,0,0,0
2020-04-20,Mendocino,045,87422,7,5,0,5,0
2020-04-20,Merced,047,269075,136,88,0,88,3
2020-04-20,Modoc,049,8938,0,0,0,0,0
2020-04-20,Mono,051,14174,29,23,0,23,1
2020-04-20,Monterey,053,433212,205,147,0,147,4
2020-04-20,Napa,055,140530,64,55,0,55,2
2020-04-20,Nevada,057,99092,41,34,1,35,1
2020-04-20,Orange,059,3164182,2619,1679,13,1692,33
2020-04-20,Placer,061,380077,153,132,0,132,8
2020-04-20,Plumas,063,18699,4,4,0,4,0
2020-04-20,Riverside,065,2383286,3776,2477,6,2483,61
2020-04-20,Sacramento,067,1510023,1038,924,0,924,32
2020-04-20,San Benito,069,59416,44,43,0,43,2
2020-04-20,San Bernardino,071,2135413,1941,1344,1,1345,63
2020-04-20,San Diego,073,3302833,3268,2327,0,2327,72
2020-04-20,San Francisco,075,870044,1484,1223,0,1223,19
2020-04-20,San Joaquin,077,732212,523,422,3,425,17
2020-04-20,San Luis Obispo,079,281455,187,132,1,133,1
2020-04-20,San Mateo,081,765935,1199,890,2,892,31
2020-04-20,Santa Barbara,083,443738,555,388,1,389,4
2020-04-20,Santa Clara,085,1922200,2253,1920,1,1921,84
2020-04-20,Santa Cruz,087,273765,127,102,0,102,2
2020-04-20,Shasta,089,179085,32,26,0,26,3
2020-04-20,Sierra,091,2930,0,0,0,0,0
2020-04-20,Siskiyou,093,43540,5,5,0,5,0
2020-04-20,Solano,095,438530,236,185,0,185,2
2020-04-20,Sonoma,097,501317,217,178,0,178,1
2020-04-20,Stanislaus,099,539301,300,228,4,232,3
2020-04-20,Sutter,101,95872,27,22,0,22,2
2020-04-20,Tehama,103,63373,1,1,0,1,1
2020-04-20,Trinity,105,12862,0,0,0,0,0
2020-04-20,Tulare,107,460477,596,401,2,403,20
2020-04-20,Tuolumne,109,53932,3,2,0,2,0
2020-04-20,Ventura,111,848112,563,426,0,426,13
2020-04-20,Yolo,113,214977,167,125,0,125,5
2020-04-20,Yuba,115,75493,16,15,0,15,1
2020-04-19,Alameda,001,1643700,1488,1134,0,1134,41
2020-04-19,Alpine,003,1148,1,1,0,1,0
2020-04-19,Amador,005,37829,7,7,0,7,0
2020-04-19,Butte,007,227075,22,15,1,16,0
2020-04-19,Calaveras,009,45235,12,12,0,12,0
2020-04-19,Colusa,011,21464,3,3,0,3,0
2020-04-19,Contra Costa,013,1133247,861,731,0,731,20
2020-04-19,Del Norte,015,27424,2,2,0,2,0
2020-04-19,El Dorado,017,186661,51,36,0,36,0
2020-04-19,Fresno,019,978130,629,326,5,331,7
2020-04-19,Glenn,021,27897,4,3,0,3,0
2020-04-19,Humboldt,023,135768,58,53,0,53,0
2020-04-19,Imperial,025,180216,320,144,0,144,2
2020-04-19,Inyo,027,18085,19,17,0,17,0
2020-04-19,Kern,029,883053,849,629,1,630,3
2020-04-19,Kings,031,150075,59,17,1,18,1
2020-04-19,Lake,033,64148,6,6,0,6,0
2020-04-19,Lassen,035,31185,1,0,2,2,0
2020-04-19,Los Angeles,037,10098052,19758,12299,17,12316,589
2020-04-19,Madera,039,155013,70,34,1,35,2
2020-04-19,Marin,041,260295,212,194,1,195,10
2020-04-19,Mariposa,043,17540,2,0,0,0,0
2020-04-19,Mendocino,045,87422,7,4,0,4,0
2020-04-19,Merced,047,269075,131,85,0,85,3
2020-04-19,Modoc,049,8938,0,0,0,0,0
2020-04-19,Mono,051,14174,29,23,0,23,1
2020-04-19,Monterey,053,433212,197,140,0,140,4
2020-04-19,Napa,055,140530,62,49,0,49,2
2020-04-19,Nevada,057,99092,40,34,1,35,1
2020-04-19,Orange,059,3164182,2520,1591,11,1602,32
2020-04-19,Placer,061,380077,152,131,0,131,8
2020-04-19,Plumas,063,18699,4,4,0,4,0
2020-04-19,Riverside,065,2383286,3633,2316,6,2322,56
2020-04-19,Sacramento,067,1510023,1011,912,0,912,32
2020-04-19,San Benito,069,59416,42,40,0,40,2
2020-04-19,San Bernardino,071,2135413,1878,1262,1,1263,58
2020-04-19,San Diego,073,3302833,3101,2270,0,2270,71
2020-04-19,San Francisco,075,870044,1451,1153,0,1153,19
2020-04-19,San Joaquin,077,732212,505,404,3,407,17
2020-04-19,San Luis Obispo,079,281455,182,132,1,133,1
2020-04-19,San Mateo,081,765935,1163,845,2,847,31
2020-04-19,Santa Barbara,083,443738,546,377,1,378,3
2020-04-19,Santa Clara,085,1922200,2217,1878,1,1879,81
2020-04-19,Santa Cruz,087,273765,124,98,0,98,2
2020-04-19,Shasta,089,179085,30,26,0,26,3
2020-04-19,Sierra,091,2930,0,0,0,0,0
2020-04-19,Siskiyou,093,43540,5,5,0,5,0
2020-04-19,Solano,095,438530,228,174,0,174,2
2020-04-19,Sonoma,097,501317,211,172,0,172,1
2020-04-19,Stanislaus,099,539301,292,221,4,225,3
2020-04-19,Sutter,101,95872,26,21,0,21,2
2020-04-19,Tehama,103,63373,1,1,0,1,1
2020-04-19,Trinity,105,12862,0,0,0,0,0
2020-04-19,Tulare,107,460477,552,391,2,393,17
2020-04-19,Tuolumne,109,53932,3,2,0,2,0
2020-04-19,Ventura,111,848112,555,418,0,418,13
2020-04-19,Yolo,113,214977,167,120,0,120,5
2020-04-19,Yuba,115,75493,16,15,0,15,1
2020-04-18,Alameda,001,1643700,1463,1085,0,1085,40
2020-04-18,Alpine,003,1148,1,1,0,1,0
2020-04-18,Amador,005,37829,7,7,0,7,0
2020-04-18,Butte,007,227075,21,15,1,16,0
2020-04-18,Calaveras,009,45235,12,12,0,12,0
2020-04-18,Colusa,011,21464,3,3,0,3,0
2020-04-18,Contra Costa,013,1133247,849,721,0,721,17
2020-04-18,Del Norte,015,27424,2,2,0,2,0
2020-04-18,El Dorado,017,186661,51,36,0,36,0
2020-04-18,Fresno,019,978130,609,319,5,324,7
2020-04-18,Glenn,021,27897,4,3,0,3,0
2020-04-18,Humboldt,023,135768,58,52,0,52,0
2020-04-18,Imperial,025,180216,311,137,0,137,2
2020-04-18,Inyo,027,18085,19,17,0,17,0
2020-04-18,Kern,029,883053,827,626,1,627,3
2020-04-18,Kings,031,150075,58,17,1,18,1
2020-04-18,Lake,033,64148,6,6,0,6,0
2020-04-18,Lassen,035,31185,1,0,2,2,0
2020-04-18,Los Angeles,037,10098052,19233,11984,16,12000,566
2020-04-18,Madera,039,155013,69,34,1,35,2
2020-04-18,Marin,041,260295,210,193,1,194,10
2020-04-18,Mariposa,043,17540,2,0,0,0,0
2020-04-18,Mendocino,045,87422,7,4,0,4,0
2020-04-18,Merced,047,269075,129,82,0,82,3
2020-04-18,Modoc,049,8938,0,0,0,0,0
2020-04-18,Mono,051,14174,29,22,0,22,1
2020-04-18,Monterey,053,433212,193,135,0,135,3
2020-04-18,Napa,055,140530,62,49,0,49,2
2020-04-18,Nevada,057,99092,39,34,1,35,1
2020-04-18,Orange,059,3164182,2456,1569,10,1579,32
2020-04-18,Placer,061,380077,150,130,0,130,8
2020-04-18,Plumas,063,18699,4,4,0,4,0
2020-04-18,Riverside,065,2383286,3561,2257,6,2263,56
2020-04-18,Sacramento,067,1510023,999,901,0,901,32
2020-04-18,San Benito,069,59416,42,40,0,40,2
2020-04-18,San Bernardino,071,2135413,1833,1255,1,1256,58
2020-04-18,San Diego,073,3302833,2999,2215,0,2215,71
2020-04-18,San Francisco,075,870044,1412,1144,0,1144,19
2020-04-18,San Joaquin,077,732212,496,392,3,395,17
2020-04-18,San Luis Obispo,079,281455,178,129,1,130,1
2020-04-18,San Mateo,081,765935,1141,821,2,823,31
2020-04-18,Santa Barbara,083,443738,540,372,1,373,3
2020-04-18,Santa Clara,085,1922200,2187,1862,1,1863,79
2020-04-18,Santa Cruz,087,273765,122,96,0,96,2
2020-04-18,Shasta,089,179085,30,26,0,26,3
2020-04-18,Sierra,091,2930,0,0,0,0,0
2020-04-18,Siskiyou,093,43540,5,5,0,5,0
2020-04-18,Solano,095,438530,225,175,0,175,2
2020-04-18,Sonoma,097,501317,207,168,0,168,1
2020-04-18,Stanislaus,099,539301,284,216,4,220,3
2020-04-18,Sutter,101,95872,26,21,0,21,2
2020-04-18,Tehama,103,63373,1,1,0,1,1
2020-04-18,Trinity,105,12862,0,0,0,0,0
2020-04-18,Tulare,107,460477,543,385,2,387,17
2020-04-18,Tuolumne,109,53932,3,2,0,2,0
2020-04-18,Ventura,111,848112,547,416,0,416,13
2020-04-18,Yolo,113,214977,165,118,0,118,5
2020-04-18,Yuba,115,75493,16,14,0,14,1
2020-04-17,Alameda,001,1643700,1408,1043,0,1043,40
2020-04-17,Alpine,003,1148,1,1,0,1,0
2020-04-17,Amador,005,37829,7,7,0,7,0
2020-04-17,Butte,007,227075,21,15,1,16,0
2020-04-17,Calaveras,009,45235,12,11,0,11,0
2020-04-17,Colusa,011,21464,3,3,0,3,0
2020-04-17,Contra Costa,013,1133247,840,687,0,687,15
2020-04-17,Del Norte,015,27424,2,2,0,2,0
2020-04-17,El Dorado,017,186661,51,35,0,35,0
2020-04-17,Fresno,019,978130,587,315,5,320,7
2020-04-17,Glenn,021,27897,4,3,0,3,0
2020-04-17,Humboldt,023,135768,57,52,0,52,0
2020-04-17,Imperial,025,180216,302,135,0,135,2
2020-04-17,Inyo,027,18085,19,17,0,17,0
2020-04-17,Kern,029,883053,807,612,1,613,3
2020-04-17,Kings,031,150075,56,15,1,16,1
2020-04-17,Lake,033,64148,6,6,0,6,0
2020-04-17,Lassen,035,31185,1,0,2,2,0
2020-04-17,Los Angeles,037,10098052,18590,11354,16,11370,489
2020-04-17,Madera,039,155013,69,34,1,35,2
2020-04-17,Marin,041,260295,207,189,1,190,10
2020-04-17,Mariposa,043,17540,1,0,0,0,0
2020-04-17,Mendocino,045,87422,7,4,0,4,0
2020-04-17,Merced,047,269075,128,80,0,80,3
2020-04-17,Modoc,049,8938,0,0,0,0,0
2020-04-17,Mono,051,14174,29,22,0,22,1
2020-04-17,Monterey,053,433212,188,119,0,119,3
2020-04-17,Napa,055,140530,60,46,0,46,2
2020-04-17,Nevada,057,99092,38,34,1,35,1
2020-04-17,Orange,059,3164182,2405,1496,10,1506,31
2020-04-17,Placer,061,380077,150,130,0,130,8
2020-04-17,Plumas,063,18699,4,4,0,4,0
2020-04-17,Riverside,065,2383286,3435,2080,6,2086,50
2020-04-17,Sacramento,067,1510023,992,882,0,882,32
2020-04-17,San Benito,069,59416,42,38,0,38,2
2020-04-17,San Bernardino,071,2135413,1794,1229,1,1230,57
2020-04-17,San Diego,073,3302833,2909,2160,0,2160,70
2020-04-17,San Francisco,075,870044,1386,1090,0,1090,19
2020-04-17,San Joaquin,077,732212,485,356,3,359,17
2020-04-17,San Luis Obispo,079,281455,171,116,1,117,1
2020-04-17,San Mateo,081,765935,1125,768,2,770,31
2020-04-17,Santa Barbara,083,443738,535,349,1,350,3
2020-04-17,Santa Clara,085,1922200,2158,1834,1,1835,74
2020-04-17,Santa Cruz,087,273765,121,94,0,94,2
2020-04-17,Shasta,089,179085,30,26,0,26,3
2020-04-17,Sierra,091,2930,0,0,0,0,0
2020-04-17,Siskiyou,093,43540,5,5,0,5,0
2020-04-17,Solano,095,438530,224,173,0,173,2
2020-04-17,Sonoma,097,501317,204,167,0,167,1
2020-04-17,Stanislaus,099,539301,282,201,4,205,3
2020-04-17,Sutter,101,95872,26,20,0,20,2
2020-04-17,Tehama,103,63373,1,1,0,1,1
2020-04-17,Trinity,105,12862,0,0,0,0,0
2020-04-17,Tulare,107,460477,536,370,2,372,17
2020-04-17,Tuolumne,109,53932,3,2,0,2,0
2020-04-17,Ventura,111,848112,542,398,0,398,13
2020-04-17,Yolo,113,214977,164,117,0,117,5
2020-04-17,Yuba,115,75493,16,14,0,14,1
2020-04-16,Alameda,001,1643700,1375,981,0,981,39
2020-04-16,Alpine,003,1148,1,1,0,1,0
2020-04-16,Amador,005,37829,7,7,0,7,0
2020-04-16,Butte,007,227075,20,15,1,16,0
2020-04-16,Calaveras,009,45235,12,10,0,10,0
2020-04-16,Colusa,011,21464,3,3,0,3,0
2020-04-16,Contra Costa,013,1133247,826,675,0,675,14
2020-04-16,Del Norte,015,27424,2,2,0,2,0
2020-04-16,El Dorado,017,186661,50,34,0,34,0
2020-04-16,Fresno,019,978130,558,289,5,294,7
2020-04-16,Glenn,021,27897,4,3,0,3,0
2020-04-16,Humboldt,023,135768,57,47,0,47,0
2020-04-16,Imperial,025,180216,288,132,0,132,2
2020-04-16,Inyo,027,18085,17,17,0,17,0
2020-04-16,Kern,029,883053,781,587,1,588,3
2020-04-16,Kings,031,150075,52,12,1,13,1
2020-04-16,Lake,033,64148,6,6,0,6,0
2020-04-16,Lassen,035,31185,1,0,2,2,0
2020-04-16,Los Angeles,037,10098052,17706,10786,16,10802,447
2020-04-16,Madera,039,155013,67,34,1,35,2
2020-04-16,Marin,041,260295,203,170,1,171,10
2020-04-16,Mariposa,043,17540,1,1,0,1,0
2020-04-16,Mendocino,045,87422,7,4,0,4,0
2020-04-16,Merced,047,269075,122,76,0,76,3
2020-04-16,Modoc,049,8938,0,0,0,0,0
2020-04-16,Mono,051,14174,29,22,0,22,1
2020-04-16,Monterey,053,433212,185,116,0,116,3
2020-04-16,Napa,055,140530,57,44,0,44,2
2020-04-16,Nevada,057,99092,38,34,1,35,1
2020-04-16,Orange,059,3164182,2340,1439,9,1448,28
2020-04-16,Placer,061,380077,148,129,0,129,7
2020-04-16,Plumas,063,18699,4,4,0,4,0
2020-04-16,Riverside,065,2383286,3317,1913,6,1919,45
2020-04-16,Sacramento,067,1510023,984,865,0,865,32
2020-04-16,San Benito,069,59416,42,36,0,36,2
2020-04-16,San Bernardino,071,2135413,1711,1143,0,1143,54
2020-04-16,San Diego,073,3302833,2801,2089,0,2089,63
2020-04-16,San Francisco,075,870044,1342,1039,0,1039,16
2020-04-16,San Joaquin,077,732212,470,345,3,348,17
2020-04-16,San Luis Obispo,079,281455,167,113,1,114,1
2020-04-16,San Mateo,081,765935,1096,745,2,747,29
2020-04-16,Santa Barbara,083,443738,522,331,1,332,3
2020-04-16,Santa Clara,085,1922200,2129,1789,1,1790,70
2020-04-16,Santa Cruz,087,273765,119,90,0,90,2
2020-04-16,Shasta,089,179085,30,25,0,25,3
2020-04-16,Sierra,091,2930,0,0,0,0,0
2020-04-16,Siskiyou,093,43540,5,5,0,5,0
2020-04-16,Solano,095,438530,221,162,0,162,2
2020-04-16,Sonoma,097,501317,199,145,0,145,1
2020-04-16,Stanislaus,099,539301,279,185,4,189,3
2020-04-16,Sutter,101,95872,25,21,0,21,2
2020-04-16,Tehama,103,63373,1,1,0,1,1
2020-04-16,Trinity,105,12862,0,0,0,0,0
2020-04-16,Tulare,107,460477,520,305,2,307,16
2020-04-16,Tuolumne,109,53932,3,1,0,1,0
2020-04-16,Ventura,111,848112,530,384,0,384,13
2020-04-16,Yolo,113,214977,162,98,0,98,4
2020-04-16,Yuba,115,75493,15,14,0,14,1
2020-04-15,Alameda,001,1643700,1325,915,0,915,38
2020-04-15,Alpine,003,1148,1,1,0,1,0
2020-04-15,Amador,005,37829,7,7,0,7,0
2020-04-15,Butte,007,227075,20,14,1,15,0
2020-04-15,Calaveras,009,45235,11,9,0,9,0
2020-04-15,Colusa,011,21464,3,3,0,3,0
2020-04-15,Contra Costa,013,1133247,804,645,0,645,14
2020-04-15,Del Norte,015,27424,2,2,0,2,0
2020-04-15,El Dorado,017,186661,48,33,0,33,0
2020-04-15,Fresno,019,978130,533,264,5,269,7
2020-04-15,Glenn,021,27897,4,3,0,3,0
2020-04-15,Humboldt,023,135768,57,47,0,47,0
2020-04-15,Imperial,025,180216,262,115,0,115,2
2020-04-15,Inyo,027,18085,17,12,0,12,0
2020-04-15,Kern,029,883053,759,500,1,501,3
2020-04-15,Kings,031,150075,48,12,1,13,1
2020-04-15,Lake,033,64148,6,4,0,4,0
2020-04-15,Lassen,035,31185,1,0,2,2,0
2020-04-15,Los Angeles,037,10098052,16885,10416,16,10432,394
2020-04-15,Madera,039,155013,67,30,1,31,2
2020-04-15,Marin,041,260295,200,162,1,163,10
2020-04-15,Mariposa,043,17540,0,0,0,0,0
2020-04-15,Mendocino,045,87422,6,4,0,4,0
2020-04-15,Merced,047,269075,120,74,0,74,3
2020-04-15,Modoc,049,8938,0,0,0,0,0
2020-04-15,Mono,051,14174,29,22,0,22,1
2020-04-15,Monterey,053,433212,177,106,0,106,3
2020-04-15,Napa,055,140530,55,34,0,34,2
2020-04-15,Nevada,057,99092,37,34,1,35,1
2020-04-15,Orange,059,3164182,2237,1377,9,1386,24
2020-04-15,Placer,061,380077,147,123,0,123,6
2020-04-15,Plumas,063,18699,4,4,0,4,0
2020-04-15,Riverside,065,2383286,3122,1723,6,1729,42
2020-04-15,Sacramento,067,1510023,975,839,0,839,32
2020-04-15,San Benito,069,59416,42,34,0,34,2
2020-04-15,San Bernardino,071,2135413,1641,1063,0,1063,45
2020-04-15,San Diego,073,3302833,2713,2014,0,2014,60
2020-04-15,San Francisco,075,870044,1306,1006,0,1006,16
2020-04-15,San Joaquin,077,732212,462,329,3,332,17
2020-04-15,San Luis Obispo,079,281455,160,112,1,113,1
2020-04-15,San Mateo,081,765935,1047,707,2,709,28
2020-04-15,Santa Barbara,083,443738,503,317,1,318,2
2020-04-15,Santa Clara,085,1922200,2094,1692,1,1693,69
2020-04-15,Santa Cruz,087,273765,115,92,0,92,2
2020-04-15,Shasta,089,179085,30,25,0,25,3
2020-04-15,Sierra,091,2930,0,0,0,0,0
2020-04-15,Siskiyou,093,43540,5,5,0,5,0
2020-04-15,Solano,095,438530,216,153,0,153,2
2020-04-15,Sonoma,097,501317,197,140,0,140,1
2020-04-15,Stanislaus,099,539301,272,174,4,178,3
2020-04-15,Sutter,101,95872,25,19,0,19,2
2020-04-15,Tehama,103,63373,1,1,0,1,1
2020-04-15,Trinity,105,12862,0,0,0,0,0
2020-04-15,Tulare,107,460477,503,289,2,291,14
2020-04-15,Tuolumne,109,53932,3,1,0,1,0
2020-04-15,Ventura,111,848112,515,365,0,365,13
2020-04-15,Yolo,113,214977,158,93,0,93,3
2020-04-15,Yuba,115,75493,15,15,0,15,1
2020-04-14,Alameda,001,1643700,1280,843,0,843,30
2020-04-14,Alpine,003,1148,1,1,0,1,0
2020-04-14,Amador,005,37829,7,6,0,6,0
2020-04-14,Butte,007,227075,20,13,1,14,0
2020-04-14,Calaveras,009,45235,11,5,0,5,0
2020-04-14,Colusa,011,21464,3,3,0,3,0
2020-04-14,Contra Costa,013,1133247,792,617,0,617,12
2020-04-14,Del Norte,015,27424,2,2,0,2,0
2020-04-14,El Dorado,017,186661,48,30,0,30,0
2020-04-14,Fresno,019,978130,510,244,5,249,6
2020-04-14,Glenn,021,27897,4,3,0,3,0
2020-04-14,Humboldt,023,135768,57,44,0,44,0
2020-04-14,Imperial,025,180216,242,86,0,86,2
2020-04-14,Inyo,027,18085,17,12,0,12,0
2020-04-14,Kern,029,883053,736,453,1,454,3
2020-04-14,Kings,031,150075,47,12,1,13,1
2020-04-14,Lake,033,64148,6,3,0,3,0
2020-04-14,Lassen,035,31185,1,0,2,2,0
2020-04-14,Los Angeles,037,10098052,15991,9948,15,9963,357
2020-04-14,Madera,039,155013,66,29,1,30,2
2020-04-14,Marin,041,260295,196,147,1,148,9
2020-04-14,Mariposa,043,17540,0,0,0,0,0
2020-04-14,Mendocino,045,87422,6,4,0,4,0
2020-04-14,Merced,047,269075,113,61,0,61,3
2020-04-14,Modoc,049,8938,0,0,0,0,0
2020-04-14,Mono,051,14174,29,22,0,22,1
2020-04-14,Monterey,053,433212,172,98,0,98,3
2020-04-14,Napa,055,140530,55,33,0,33,2
2020-04-14,Nevada,057,99092,37,34,1,35,1
2020-04-14,Orange,059,3164182,2132,1362,9,1371,24
2020-04-14,Placer,061,380077,146,117,0,117,5
2020-04-14,Plumas,063,18699,4,3,0,3,0
2020-04-14,Riverside,065,2383286,2987,1467,6,1473,40
2020-04-14,Sacramento,067,1510023,966,737,0,737,29
2020-04-14,San Benito,069,59416,39,34,0,34,2
2020-04-14,San Bernardino,071,2135413,1586,933,0,933,37
2020-04-14,San Diego,073,3302833,2618,1932,0,1932,53
2020-04-14,San Francisco,075,870044,1252,968,0,968,14
2020-04-14,San Joaquin,077,732212,452,280,3,283,17
2020-04-14,San Luis Obispo,079,281455,158,109,1,110,1
2020-04-14,San Mateo,081,765935,1013,681,2,683,28
2020-04-14,Santa Barbara,083,443738,478,292,1,293,2
2020-04-14,Santa Clara,085,1922200,2061,1561,1,1562,63
2020-04-14,Santa Cruz,087,273765,107,84,0,84,2
2020-04-14,Shasta,089,179085,30,24,0,24,3
2020-04-14,Sierra,091,2930,0,0,0,0,0
2020-04-14,Siskiyou,093,43540,5,5,0,5,0
2020-04-14,Solano,095,438530,213,140,0,140,2
2020-04-14,Sonoma,097,501317,193,133,0,133,1
2020-04-14,Stanislaus,099,539301,259,136,4,140,3
2020-04-14,Sutter,101,95872,24,19,0,19,2
2020-04-14,Tehama,103,63373,1,1,0,1,1
2020-04-14,Trinity,105,12862,0,0,0,0,0
2020-04-14,Tulare,107,460477,480,228,2,230,12
2020-04-14,Tuolumne,109,53932,3,0,0,0,0
2020-04-14,Ventura,111,848112,502,328,0,328,11
2020-04-14,Yolo,113,214977,154,81,0,81,3
2020-04-14,Yuba,115,75493,14,14,0,14,1
2020-04-13,Alameda,001,1643700,1241,821,0,821,23
2020-04-13,Alpine,003,1148,1,1,0,1,0
2020-04-13,Amador,005,37829,7,6,0,6,0
2020-04-13,Butte,007,227075,20,13,1,14,0
2020-04-13,Calaveras,009,45235,10,5,0,5,0
2020-04-13,Colusa,011,21464,3,3,0,3,0
2020-04-13,Contra Costa,013,1133247,776,569,0,569,12
2020-04-13,Del Norte,015,27424,2,2,0,2,0
2020-04-13,El Dorado,017,186661,46,29,0,29,0
2020-04-13,Fresno,019,978130,488,205,4,209,4
2020-04-13,Glenn,021,27897,4,3,0,3,0
2020-04-13,Humboldt,023,135768,57,44,0,44,0
2020-04-13,Imperial,025,180216,224,82,0,82,2
2020-04-13,Inyo,027,18085,17,12,0,12,0
2020-04-13,Kern,029,883053,711,346,1,347,3
2020-04-13,Kings,031,150075,43,9,1,10,0
2020-04-13,Lake,033,64148,6,3,0,3,0
2020-04-13,Lassen,035,31185,1,0,2,2,0
2020-04-13,Los Angeles,037,10098052,15277,9367,15,9382,317
2020-04-13,Madera,039,155013,64,29,1,30,2
2020-04-13,Marin,041,260295,192,144,1,145,6
2020-04-13,Mariposa,043,17540,0,0,0,0,0
2020-04-13,Mendocino,045,87422,6,4,0,4,0
2020-04-13,Merced,047,269075,112,60,0,60,3
2020-04-13,Modoc,049,8938,0,0,0,0,0
2020-04-13,Mono,051,14174,29,21,0,21,1
2020-04-13,Monterey,053,433212,165,86,0,86,3
2020-04-13,Napa,055,140530,54,30,0,30,2
2020-04-13,Nevada,057,99092,37,24,1,25,1
2020-04-13,Orange,059,3164182,2059,1313,9,1322,21
2020-04-13,Placer,061,380077,145,116,0,116,5
2020-04-13,Plumas,063,18699,4,3,0,3,0
2020-04-13,Riverside,065,2383286,2847,1460,5,1465,35
2020-04-13,Sacramento,067,1510023,954,723,0,723,25
2020-04-13,San Benito,069,59416,38,33,0,33,2
2020-04-13,San Bernardino,071,2135413,1511,920,0,920,30
2020-04-13,San Diego,073,3302833,2535,1849,0,1849,47
2020-04-13,San Francisco,075,870044,1214,948,0,948,12
2020-04-13,San Joaquin,077,732212,438,255,3,258,16
2020-04-13,San Luis Obispo,079,281455,153,106,1,107,1
2020-04-13,San Mateo,081,765935,973,679,2,681,25
2020-04-13,Santa Barbara,083,443738,459,271,0,271,2
2020-04-13,Santa Clara,085,1922200,2021,1540,1,1541,58
2020-04-13,Santa Cruz,087,273765,101,82,0,82,1
2020-04-13,Shasta,089,179085,29,24,0,24,3
2020-04-13,Sierra,091,2930,0,0,0,0,0
2020-04-13,Siskiyou,093,43540,5,5,0,5,0
2020-04-13,Solano,095,438530,210,136,0,136,2
2020-04-13,Sonoma,097,501317,186,133,0,133,1
2020-04-13,Stanislaus,099,539301,253,130,4,134,1
2020-04-13,Sutter,101,95872,24,18,0,18,2
2020-04-13,Tehama,103,63373,1,1,0,1,0
2020-04-13,Trinity,105,12862,0,0,0,0,0
2020-04-13,Tulare,107,460477,444,185,2,187,11
2020-04-13,Tuolumne,109,53932,3,0,0,0,0
2020-04-13,Ventura,111,848112,481,309,0,309,9
2020-04-13,Yolo,113,214977,148,81,0,81,3
2020-04-13,Yuba,115,75493,14,13,0,13,1
2020-04-12,Alameda,001,1643700,1198,774,0,774,23
2020-04-12,Alpine,003,1148,1,1,0,1,0
2020-04-12,Amador,005,37829,7,6,0,6,0
2020-04-12,Butte,007,227075,20,13,1,14,0
2020-04-12,Calaveras,009,45235,10,5,0,5,0
2020-04-12,Colusa,011,21464,3,3,0,3,0
2020-04-12,Contra Costa,013,1133247,764,553,0,553,12
2020-04-12,Del Norte,015,27424,2,2,0,2,0
2020-04-12,El Dorado,017,186661,46,28,0,28,0
2020-04-12,Fresno,019,978130,459,205,4,209,4
2020-04-12,Glenn,021,27897,4,3,0,3,0
2020-04-12,Humboldt,023,135768,57,43,0,43,0
2020-04-12,Imperial,025,180216,201,78,0,78,2
2020-04-12,Inyo,027,18085,15,12,0,12,0
2020-04-12,Kern,029,883053,679,319,0,319,3
2020-04-12,Kings,031,150075,41,9,1,10,0
2020-04-12,Lake,033,64148,6,3,0,3,0
2020-04-12,Lassen,035,31185,1,0,2,2,0
2020-04-12,Los Angeles,037,10098052,14564,9133,15,9148,294
2020-04-12,Madera,039,155013,63,29,1,30,2
2020-04-12,Marin,041,260295,181,138,1,139,6
2020-04-12,Mariposa,043,17540,0,0,0,0,0
2020-04-12,Mendocino,045,87422,6,4,0,4,0
2020-04-12,Merced,047,269075,106,58,0,58,3
2020-04-12,Modoc,049,8938,0,0,0,0,0
2020-04-12,Mono,051,14174,29,20,0,20,1
2020-04-12,Monterey,053,433212,151,85,0,85,3
2020-04-12,Napa,055,140530,52,29,0,29,2
2020-04-12,Nevada,057,99092,37,24,1,25,1
2020-04-12,Orange,059,3164182,1998,1283,8,1291,21
2020-04-12,Placer,061,380077,144,114,0,114,4
2020-04-12,Plumas,063,18699,4,3,0,3,0
2020-04-12,Riverside,065,2383286,2665,1330,5,1335,34
2020-04-12,Sacramento,067,1510023,917,689,0,689,25
2020-04-12,San Benito,069,59416,36,33,0,33,2
2020-04-12,San Bernardino,071,2135413,1435,827,0,827,30
2020-04-12,San Diego,073,3302833,2445,1806,0,1806,45
2020-04-12,San Francisco,075,870044,1187,886,0,886,11
2020-04-12,San Joaquin,077,732212,420,246,3,249,15
2020-04-12,San Luis Obispo,079,281455,151,102,1,103,1
2020-04-12,San Mateo,081,765935,947,664,2,666,25
2020-04-12,Santa Barbara,083,443738,433,261,0,261,2
2020-04-12,Santa Clara,085,1922200,1997,1461,1,1462,53
2020-04-12,Santa Cruz,087,273765,100,80,0,80,1
2020-04-12,Shasta,089,179085,29,24,0,24,3
2020-04-12,Sierra,091,2930,0,0,0,0,0
2020-04-12,Siskiyou,093,43540,5,5,0,5,0
2020-04-12,Solano,095,438530,204,136,0,136,2
2020-04-12,Sonoma,097,501317,183,131,0,131,1
2020-04-12,Stanislaus,099,539301,245,117,4,121,1
2020-04-12,Sutter,101,95872,23,18,0,18,2
2020-04-12,Tehama,103,63373,1,1,0,1,0
2020-04-12,Trinity,105,12862,0,0,0,0,0
2020-04-12,Tulare,107,460477,432,166,2,168,11
2020-04-12,Tuolumne,109,53932,3,0,0,0,0
2020-04-12,Ventura,111,848112,472,306,0,306,9
2020-04-12,Yolo,113,214977,135,67,0,67,3
2020-04-12,Yuba,115,75493,14,13,0,13,1
2020-04-11,Alameda,001,1643700,1157,751,0,751,23
2020-04-11,Alpine,003,1148,1,1,0,1,0
2020-04-11,Amador,005,37829,7,6,0,6,0
2020-04-11,Butte,007,227075,20,13,1,14,0
2020-04-11,Calaveras,009,45235,10,5,0,5,0
2020-04-11,Colusa,011,21464,3,3,0,3,0
2020-04-11,Contra Costa,013,1133247,755,550,0,550,12
2020-04-11,Del Norte,015,27424,2,2,0,2,0
2020-04-11,El Dorado,017,186661,45,29,0,29,0
2020-04-11,Fresno,019,978130,449,201,4,205,4
2020-04-11,Glenn,021,27897,4,3,0,3,0
2020-04-11,Humboldt,023,135768,57,38,0,38,0
2020-04-11,Imperial,025,180216,190,78,0,78,2
2020-04-11,Inyo,027,18085,15,12,0,12,0
2020-04-11,Kern,029,883053,651,304,0,304,3
2020-04-11,Kings,031,150075,38,9,1,10,0
2020-04-11,Lake,033,64148,6,3,0,3,0
2020-04-11,Lassen,035,31185,1,0,2,2,0
2020-04-11,Los Angeles,037,10098052,14094,8823,15,8838,262
2020-04-11,Madera,039,155013,62,29,1,30,2
2020-04-11,Marin,041,260295,178,136,1,137,6
2020-04-11,Mariposa,043,17540,0,0,0,0,0
2020-04-11,Mendocino,045,87422,6,4,0,4,0
2020-04-11,Merced,047,269075,103,59,0,59,3
2020-04-11,Modoc,049,8938,0,0,0,0,0
2020-04-11,Mono,051,14174,29,20,0,20,1
2020-04-11,Monterey,053,433212,145,78,0,78,3
2020-04-11,Napa,055,140530,52,29,0,29,2
2020-04-11,Nevada,057,99092,37,24,1,25,1
2020-04-11,Orange,059,3164182,1937,1267,8,1275,21
2020-04-11,Placer,061,380077,144,113,0,113,4
2020-04-11,Plumas,063,18699,4,3,0,3,0
2020-04-11,Riverside,065,2383286,2586,1260,5,1265,33
2020-04-11,Sacramento,067,1510023,906,685,0,685,25
2020-04-11,San Benito,069,59416,36,33,0,33,2
2020-04-11,San Bernardino,071,2135413,1399,826,0,826,28
2020-04-11,San Diego,073,3302833,2379,1763,0,1763,45
2020-04-11,San Francisco,075,870044,1165,860,0,860,11
2020-04-11,San Joaquin,077,732212,415,244,3,247,15
2020-04-11,San Luis Obispo,079,281455,151,100,0,100,1
2020-04-11,San Mateo,081,765935,935,662,2,664,25
2020-04-11,Santa Barbara,083,443738,425,258,0,258,2
2020-04-11,Santa Clara,085,1922200,1955,1441,1,1442,51
2020-04-11,Santa Cruz,087,273765,100,79,0,79,1
2020-04-11,Shasta,089,179085,29,24,0,24,3
2020-04-11,Sierra,091,2930,0,0,0,0,0
2020-04-11,Siskiyou,093,43540,5,5,0,5,0
2020-04-11,Solano,095,438530,200,138,0,138,2
2020-04-11,Sonoma,097,501317,181,131,0,131,1
2020-04-11,Stanislaus,099,539301,238,119,3,122,1
2020-04-11,Sutter,101,95872,23,18,0,18,2
2020-04-11,Tehama,103,63373,1,1,0,1,0
2020-04-11,Trinity,105,12862,0,0,0,0,0
2020-04-11,Tulare,107,460477,410,168,2,170,10
2020-04-11,Tuolumne,109,53932,3,0,0,0,0
2020-04-11,Ventura,111,848112,462,304,0,304,9
2020-04-11,Yolo,113,214977,132,67,0,67,3
2020-04-11,Yuba,115,75493,14,13,0,13,1
2020-04-10,Alameda,001,1643700,1116,706,0,706,21
2020-04-10,Alpine,003,1148,1,1,0,1,0
2020-04-10,Amador,005,37829,7,5,0,5,0
2020-04-10,Butte,007,227075,20,13,1,14,0
2020-04-10,Calaveras,009,45235,10,5,0,5,0
2020-04-10,Colusa,011,21464,3,3,0,3,0
2020-04-10,Contra Costa,013,1133247,742,537,0,537,10
2020-04-10,Del Norte,015,27424,2,2,0,2,0
2020-04-10,El Dorado,017,186661,45,26,0,26,0
2020-04-10,Fresno,019,978130,442,186,3,189,3
2020-04-10,Glenn,021,27897,4,3,0,3,0
2020-04-10,Humboldt,023,135768,57,36,0,36,0
2020-04-10,Imperial,025,180216,183,70,0,70,2
2020-04-10,Inyo,027,18085,13,11,0,11,0
2020-04-10,Kern,029,883053,627,272,0,272,3
2020-04-10,Kings,031,150075,35,7,1,8,0
2020-04-10,Lake,033,64148,6,3,0,3,0
2020-04-10,Lassen,035,31185,1,0,2,2,0
2020-04-10,Los Angeles,037,10098052,13581,8384,14,8398,239
2020-04-10,Madera,039,155013,61,29,1,30,2
2020-04-10,Marin,041,260295,173,128,1,129,6
2020-04-10,Mariposa,043,17540,0,0,0,0,0
2020-04-10,Mendocino,045,87422,6,4,0,4,0
2020-04-10,Merced,047,269075,100,56,0,56,3
2020-04-10,Modoc,049,8938,0,0,0,0,0
2020-04-10,Mono,051,14174,29,20,0,20,1
2020-04-10,Monterey,053,433212,134,78,0,78,3
2020-04-10,Napa,055,140530,49,28,0,28,2
2020-04-10,Nevada,057,99092,37,23,1,24,1
2020-04-10,Orange,059,3164182,1890,1167,8,1175,21
2020-04-10,Placer,061,380077,143,112,0,112,4
2020-04-10,Plumas,063,18699,4,3,0,3,0
2020-04-10,Riverside,065,2383286,2521,1162,5,1167,30
2020-04-10,Sacramento,067,1510023,897,642,0,642,24
2020-04-10,San Benito,069,59416,36,32,0,32,2
2020-04-10,San Bernardino,071,2135413,1351,779,0,779,27
2020-04-10,San Diego,073,3302833,2319,1695,0,1695,44
2020-04-10,San Francisco,075,870044,1134,797,0,797,10
2020-04-10,San Joaquin,077,732212,403,234,3,237,14
2020-04-10,San Luis Obispo,079,281455,151,97,0,97,1
2020-04-10,San Mateo,081,765935,919,642,2,644,24
2020-04-10,Santa Barbara,083,443738,413,254,0,254,2
2020-04-10,Santa Clara,085,1922200,1905,1351,1,1352,50
2020-04-10,Santa Cruz,087,273765,99,75,0,75,1
2020-04-10,Shasta,089,179085,29,24,0,24,3
2020-04-10,Sierra,091,2930,0,0,0,0,0
2020-04-10,Siskiyou,093,43540,5,5,0,5,0
2020-04-10,Solano,095,438530,197,129,0,129,2
2020-04-10,Sonoma,097,501317,180,129,0,129,1
2020-04-10,Stanislaus,099,539301,231,101,3,104,0
2020-04-10,Sutter,101,95872,23,18,0,18,2
2020-04-10,Tehama,103,63373,1,1,0,1,0
2020-04-10,Trinity,105,12862,0,0,0,0,0
2020-04-10,Tulare,107,460477,368,163,2,165,10
2020-04-10,Tuolumne,109,53932,3,0,0,0,0
2020-04-10,Ventura,111,848112,454,290,0,290,9
2020-04-10,Yolo,113,214977,130,62,0,62,3
2020-04-10,Yuba,115,75493,14,13,0,13,1
2020-04-09,Alameda,001,1643700,1066,641,0,641,17
2020-04-09,Alpine,003,1148,1,1,0,1,0
2020-04-09,Amador,005,37829,7,2,0,2,0
2020-04-09,Butte,007,227075,19,12,1,13,0
2020-04-09,Calaveras,009,45235,10,5,0,5,0
2020-04-09,Colusa,011,21464,3,3,0,3,0
2020-04-09,Contra Costa,013,1133247,699,505,0,505,7
2020-04-09,Del Norte,015,27424,2,2,0,2,0
2020-04-09,El Dorado,017,186661,44,25,0,25,0
2020-04-09,Fresno,019,978130,418,165,3,168,3
2020-04-09,Glenn,021,27897,4,2,0,2,0
2020-04-09,Humboldt,023,135768,57,36,0,36,0
2020-04-09,Imperial,025,180216,162,67,0,67,2
2020-04-09,Inyo,027,18085,12,11,0,11,0
2020-04-09,Kern,029,883053,591,241,0,241,2
2020-04-09,Kings,031,150075,33,5,1,6,0
2020-04-09,Lake,033,64148,5,1,0,1,0
2020-04-09,Lassen,035,31185,1,0,2,2,0
2020-04-09,Los Angeles,037,10098052,12954,7919,14,7933,220
2020-04-09,Madera,039,155013,61,28,1,29,2
2020-04-09,Marin,041,260295,171,126,1,127,7
2020-04-09,Mariposa,043,17540,0,0,0,0,0
2020-04-09,Mendocino,045,87422,6,4,0,4,0
2020-04-09,Merced,047,269075,97,41,0,41,3
2020-04-09,Modoc,049,8938,0,0,0,0,0
2020-04-09,Mono,051,14174,29,19,0,19,1
2020-04-09,Monterey,053,433212,116,70,0,70,3
2020-04-09,Napa,055,140530,45,27,0,27,2
2020-04-09,Nevada,057,99092,36,23,1,24,1
2020-04-09,Orange,059,3164182,1814,1105,7,1112,19
2020-04-09,Placer,061,380077,142,107,0,107,4
2020-04-09,Plumas,063,18699,4,3,0,3,0
2020-04-09,Riverside,065,2383286,2379,1083,5,1088,29
2020-04-09,Sacramento,067,1510023,874,601,0,601,21
2020-04-09,San Benito,069,59416,36,32,0,32,2
2020-04-09,San Bernardino,071,2135413,1282,717,0,717,27
2020-04-09,San Diego,073,3302833,2223,1630,0,1630,40
2020-04-09,San Francisco,075,870044,1114,748,0,748,8
2020-04-09,San Joaquin,077,732212,382,223,3,226,14
2020-04-09,San Luis Obispo,079,281455,143,93,0,93,1
2020-04-09,San Mateo,081,765935,903,630,2,632,23
2020-04-09,Santa Barbara,083,443738,402,232,0,232,2
2020-04-09,Santa Clara,085,1922200,1836,1301,1,1302,49
2020-04-09,Santa Cruz,087,273765,99,73,0,73,1
2020-04-09,Shasta,089,179085,29,22,0,22,3
2020-04-09,Sierra,091,2930,0,0,0,0,0
2020-04-09,Siskiyou,093,43540,5,4,0,4,0
2020-04-09,Solano,095,438530,188,118,0,118,2
2020-04-09,Sonoma,097,501317,176,113,0,113,1
2020-04-09,Stanislaus,099,539301,219,93,3,96,0
2020-04-09,Sutter,101,95872,23,17,0,17,2
2020-04-09,Tehama,103,63373,1,1,0,1,0
2020-04-09,Trinity,105,12862,0,0,0,0,0
2020-04-09,Tulare,107,460477,342,147,2,149,9
2020-04-09,Tuolumne,109,53932,3,0,0,0,0
2020-04-09,Ventura,111,848112,435,273,0,273,9
2020-04-09,Yolo,113,214977,121,59,0,59,3
2020-04-09,Yuba,115,75493,14,13,0,13,0
2020-04-08,Alameda,001,1643700,1025,594,0,594,15
2020-04-08,Alpine,003,1148,1,1,0,1,0
2020-04-08,Amador,005,37829,7,2,0,2,0
2020-04-08,Butte,007,227075,18,11,1,12,0
2020-04-08,Calaveras,009,45235,10,5,0,5,0
2020-04-08,Colusa,011,21464,3,3,0,3,0
2020-04-08,Contra Costa,013,1133247,686,481,0,481,7
2020-04-08,Del Norte,015,27424,2,2,0,2,0
2020-04-08,El Dorado,017,186661,44,25,0,25,0
2020-04-08,Fresno,019,978130,398,151,3,154,3
2020-04-08,Glenn,021,27897,4,2,0,2,0
2020-04-08,Humboldt,023,135768,57,40,0,40,0
2020-04-08,Imperial,025,180216,151,59,0,59,2
2020-04-08,Inyo,027,18085,12,11,0,11,0
2020-04-08,Kern,029,883053,550,198,0,198,2
2020-04-08,Kings,031,150075,33,5,1,6,0
2020-04-08,Lake,033,64148,5,1,0,1,0
2020-04-08,Lassen,035,31185,1,0,2,2,0
2020-04-08,Los Angeles,037,10098052,12353,7505,14,7519,196
2020-04-08,Madera,039,155013,60,28,1,29,2
2020-04-08,Marin,041,260295,165,125,1,126,7
2020-04-08,Mariposa,043,17540,0,0,0,0,0
2020-04-08,Mendocino,045,87422,6,4,0,4,0
2020-04-08,Merced,047,269075,82,35,0,35,1
2020-04-08,Modoc,049,8938,0,0,0,0,0
2020-04-08,Mono,051,14174,29,19,0,19,1
2020-04-08,Monterey,053,433212,107,68,0,68,3
2020-04-08,Napa,055,140530,43,21,0,21,2
2020-04-08,Nevada,057,99092,36,21,1,22,1
2020-04-08,Orange,059,3164182,1752,1034,7,1041,19
2020-04-08,Placer,061,380077,142,102,0,102,4
2020-04-08,Plumas,063,18699,4,3,0,3,0
2020-04-08,Riverside,065,2383286,2225,974,5,979,28
2020-04-08,Sacramento,067,1510023,840,565,0,565,21
2020-04-08,San Benito,069,59416,36,31,0,31,2
2020-04-08,San Bernardino,071,2135413,1225,635,0,635,22
2020-04-08,San Diego,073,3302833,2149,1532,0,1532,36
2020-04-08,San Francisco,075,870044,1046,687,0,687,7
2020-04-08,San Joaquin,077,732212,365,211,3,214,12
2020-04-08,San Luis Obispo,079,281455,141,90,0,90,1
2020-04-08,San Mateo,081,765935,888,608,2,610,22
2020-04-08,Santa Barbara,083,443738,384,221,0,221,2
2020-04-08,Santa Clara,085,1922200,1792,1257,1,1258,47
2020-04-08,Santa Cruz,087,273765,98,69,0,69,1
2020-04-08,Shasta,089,179085,29,18,0,18,3
2020-04-08,Sierra,091,2930,0,0,0,0,0
2020-04-08,Siskiyou,093,43540,5,4,0,4,0
2020-04-08,Solano,095,438530,175,111,0,111,2
2020-04-08,Sonoma,097,501317,171,107,0,107,1
2020-04-08,Stanislaus,099,539301,203,86,3,89,0
2020-04-08,Sutter,101,95872,22,17,0,17,2
2020-04-08,Tehama,103,63373,1,1,0,1,0
2020-04-08,Trinity,105,12862,0,0,0,0,0
2020-04-08,Tulare,107,460477,312,145,2,147,6
2020-04-08,Tuolumne,109,53932,3,0,0,0,0
2020-04-08,Ventura,111,848112,426,263,0,263,7
2020-04-08,Yolo,113,214977,104,56,0,56,3
2020-04-08,Yuba,115,75493,14,10,0,10,0
2020-04-07,Alameda,001,1643700,990,560,0,560,14
2020-04-07,Alpine,003,1148,1,1,0,1,0
2020-04-07,Amador,005,37829,7,2,0,2,0
2020-04-07,Butte,007,227075,17,11,1,12,0
2020-04-07,Calaveras,009,45235,9,5,0,5,0
2020-04-07,Colusa,011,21464,3,2,0,2,0
2020-04-07,Contra Costa,013,1133247,666,471,0,471,7
2020-04-07,Del Norte,015,27424,2,2,0,2,0
2020-04-07,El Dorado,017,186661,43,22,0,22,0
2020-04-07,Fresno,019,978130,383,138,3,141,3
2020-04-07,Glenn,021,27897,4,2,0,2,0
2020-04-07,Humboldt,023,135768,56,40,0,40,0
2020-04-07,Imperial,025,180216,133,53,0,53,2
2020-04-07,Inyo,027,18085,12,11,0,11,0
2020-04-07,Kern,029,883053,507,134,0,134,2
2020-04-07,Kings,031,150075,31,5,1,6,0
2020-04-07,Lake,033,64148,4,1,0,1,0
2020-04-07,Lassen,035,31185,1,0,2,2,0
2020-04-07,Los Angeles,037,10098052,11703,6885,14,6899,170
2020-04-07,Madera,039,155013,58,28,0,28,2
2020-04-07,Marin,041,260295,163,122,1,123,7
2020-04-07,Mariposa,043,17540,0,0,0,0,0
2020-04-07,Mendocino,045,87422,6,4,0,4,0
2020-04-07,Merced,047,269075,67,27,0,27,1
2020-04-07,Modoc,049,8938,0,0,0,0,0
2020-04-07,Mono,051,14174,28,18,0,18,1
2020-04-07,Monterey,053,433212,99,63,0,63,2
2020-04-07,Napa,055,140530,41,18,0,18,2
2020-04-07,Nevada,057,99092,36,20,1,21,1
2020-04-07,Orange,059,3164182,1705,971,6,977,19
2020-04-07,Placer,061,380077,137,94,0,94,3
2020-04-07,Plumas,063,18699,4,3,0,3,0
2020-04-07,Riverside,065,2383286,2069,905,5,910,25
2020-04-07,Sacramento,067,1510023,810,513,0,513,18
2020-04-07,San Benito,069,59416,36,26,0,26,2
2020-04-07,San Bernardino,071,2135413,1158,554,0,554,19
2020-04-07,San Diego,073,3302833,2072,1456,0,1456,31
2020-04-07,San Francisco,075,870044,986,636,0,636,6
2020-04-07,San Joaquin,077,732212,347,198,3,201,12
2020-04-07,San Luis Obispo,079,281455,136,87,0,87,1
2020-04-07,San Mateo,081,765935,867,573,2,575,22
2020-04-07,Santa Barbara,083,443738,369,209,0,209,2
2020-04-07,Santa Clara,085,1922200,1723,1193,1,1194,46
2020-04-07,Santa Cruz,087,273765,98,67,0,67,1
2020-04-07,Shasta,089,179085,28,16,0,16,3
2020-04-07,Sierra,091,2930,0,0,0,0,0
2020-04-07,Siskiyou,093,43540,5,4,0,4,0
2020-04-07,Solano,095,438530,170,99,0,99,1
2020-04-07,Sonoma,097,501317,168,102,0,102,1
2020-04-07,Stanislaus,099,539301,186,83,3,86,0
2020-04-07,Sutter,101,95872,22,16,0,16,2
2020-04-07,Tehama,103,63373,1,1,0,1,0
2020-04-07,Trinity,105,12862,0,0,0,0,0
2020-04-07,Tulare,107,460477,285,144,2,146,5
2020-04-07,Tuolumne,109,53932,3,1,0,1,0
2020-04-07,Ventura,111,848112,409,247,0,247,6
2020-04-07,Yolo,113,214977,97,51,0,51,2
2020-04-07,Yuba,115,75493,14,10,0,10,0
2020-04-06,Alameda,001,1643700,960,527,0,527,13
2020-04-06,Alpine,003,1148,1,1,0,1,0
2020-04-06,Amador,005,37829,6,2,0,2,0
2020-04-06,Butte,007,227075,16,11,1,12,0
2020-04-06,Calaveras,009,45235,9,4,0,4,0
2020-04-06,Colusa,011,21464,3,1,0,1,0
2020-04-06,Contra Costa,013,1133247,641,447,0,447,7
2020-04-06,Del Norte,015,27424,2,2,0,2,0
2020-04-06,El Dorado,017,186661,41,23,0,23,0
2020-04-06,Fresno,019,978130,362,122,3,125,1
2020-04-06,Glenn,021,27897,4,2,0,2,0
2020-04-06,Humboldt,023,135768,55,37,0,37,0
2020-04-06,Imperial,025,180216,126,47,0,47,1
2020-04-06,Inyo,027,18085,11,11,0,11,0
2020-04-06,Kern,029,883053,470,117,0,117,2
2020-04-06,Kings,031,150075,31,3,1,4,0
2020-04-06,Lake,033,64148,4,1,0,1,0
2020-04-06,Lassen,035,31185,1,0,2,2,0
2020-04-06,Los Angeles,037,10098052,10971,6346,14,6360,145
2020-04-06,Madera,039,155013,56,29,0,29,2
2020-04-06,Marin,041,260295,160,119,1,120,7
2020-04-06,Mariposa,043,17540,0,0,0,0,0
2020-04-06,Mendocino,045,87422,6,4,0,4,0
2020-04-06,Merced,047,269075,60,25,0,25,1
2020-04-06,Modoc,049,8938,0,0,0,0,0
2020-04-06,Mono,051,14174,28,18,0,18,1
2020-04-06,Monterey,053,433212,94,62,0,62,2
2020-04-06,Napa,055,140530,41,18,0,18,2
2020-04-06,Nevada,057,99092,36,19,1,20,1
2020-04-06,Orange,059,3164182,1660,910,5,915,17
2020-04-06,Placer,061,380077,137,90,0,90,3
2020-04-06,Plumas,063,18699,4,2,0,2,0
2020-04-06,Riverside,065,2383286,1943,854,5,859,17
2020-04-06,Sacramento,067,1510023,780,448,0,448,15
2020-04-06,San Benito,069,59416,34,25,0,25,1
2020-04-06,San Bernardino,071,2135413,1099,550,0,550,13
2020-04-06,San Diego,073,3302833,1990,1406,0,1406,19
2020-04-06,San Francisco,075,870044,946,586,0,586,6
2020-04-06,San Joaquin,077,732212,332,191,3,194,10
2020-04-06,San Luis Obispo,079,281455,134,85,0,85,1
2020-04-06,San Mateo,081,765935,849,569,2,571,20
2020-04-06,Santa Barbara,083,443738,357,189,0,189,2
2020-04-06,Santa Clara,085,1922200,1671,1128,1,1129,43
2020-04-06,Santa Cruz,087,273765,96,65,0,65,1
2020-04-06,Shasta,089,179085,28,16,0,16,3
2020-04-06,Sierra,091,2930,0,0,0,0,0
2020-04-06,Siskiyou,093,43540,4,4,0,4,0
2020-04-06,Solano,095,438530,163,95,0,95,1
2020-04-06,Sonoma,097,501317,167,102,0,102,1
2020-04-06,Stanislaus,099,539301,170,72,3,75,0
2020-04-06,Sutter,101,95872,22,14,0,14,2
2020-04-06,Tehama,103,63373,1,1,0,1,0
2020-04-06,Trinity,105,12862,0,0,0,0,0
2020-04-06,Tulare,107,460477,272,126,2,128,5
2020-04-06,Tuolumne,109,53932,3,1,0,1,0
2020-04-06,Ventura,111,848112,391,234,0,234,6
2020-04-06,Yolo,113,214977,93,43,0,43,1
2020-04-06,Yuba,115,75493,14,8,0,8,0
2020-04-05,Alameda,001,1643700,918,475,0,475,12
2020-04-05,Alpine,003,1148,1,1,0,1,0
2020-04-05,Amador,005,37829,6,2,0,2,0
2020-04-05,Butte,007,227075,16,10,1,11,0
2020-04-05,Calaveras,009,45235,9,3,0,3,0
2020-04-05,Colusa,011,21464,3,1,0,1,0
2020-04-05,Contra Costa,013,1133247,624,415,0,415,6
2020-04-05,Del Norte,015,27424,2,1,0,1,0
2020-04-05,El Dorado,017,186661,40,19,0,19,0
2020-04-05,Fresno,019,978130,329,102,3,105,1
2020-04-05,Glenn,021,27897,4,2,0,2,0
2020-04-05,Humboldt,023,135768,55,29,0,29,0
2020-04-05,Imperial,025,180216,118,42,0,42,1
2020-04-05,Inyo,027,18085,11,10,0,10,0
2020-04-05,Kern,029,883053,415,109,0,109,2
2020-04-05,Kings,031,150075,30,4,1,5,0
2020-04-05,Lake,033,64148,4,0,0,0,0
2020-04-05,Lassen,035,31185,1,0,2,2,0
2020-04-05,Los Angeles,037,10098052,10400,5892,14,5906,130
2020-04-05,Madera,039,155013,55,27,0,27,2
2020-04-05,Marin,041,260295,160,113,1,114,6
2020-04-05,Mariposa,043,17540,0,0,0,0,0
2020-04-05,Mendocino,045,87422,6,4,0,4,0
2020-04-05,Merced,047,269075,53,16,0,16,0
2020-04-05,Modoc,049,8938,0,0,0,0,0
2020-04-05,Mono,051,14174,28,18,0,18,1
2020-04-05,Monterey,053,433212,87,61,0,61,2
2020-04-05,Napa,055,140530,39,15,0,15,2
2020-04-05,Nevada,057,99092,36,19,1,20,1
2020-04-05,Orange,059,3164182,1602,820,5,825,15
2020-04-05,Placer,061,380077,134,86,0,86,3
2020-04-05,Plumas,063,18699,3,2,0,2,0
2020-04-05,Riverside,065,2383286,1814,669,5,674,17
2020-04-05,Sacramento,067,1510023,749,393,0,393,11
2020-04-05,San Benito,069,59416,34,22,0,22,1
2020-04-05,San Bernardino,071,2135413,1025,375,0,375,13
2020-04-05,San Diego,073,3302833,1908,1328,0,1328,19
2020-04-05,San Francisco,075,870044,899,559,0,559,6
2020-04-05,San Joaquin,077,732212,317,179,3,182,10
2020-04-05,San Luis Obispo,079,281455,132,83,0,83,1
2020-04-05,San Mateo,081,765935,829,528,2,530,19
2020-04-05,Santa Barbara,083,443738,337,171,0,171,1
2020-04-05,Santa Clara,085,1922200,1626,1052,1,1053,42
2020-04-05,Santa Cruz,087,273765,96,59,0,59,1
2020-04-05,Shasta,089,179085,27,11,0,11,2
2020-04-05,Sierra,091,2930,0,0,0,0,0
2020-04-05,Siskiyou,093,43540,4,3,0,3,0
2020-04-05,Solano,095,438530,159,78,0,78,1
2020-04-05,Sonoma,097,501317,165,88,0,88,1
2020-04-05,Stanislaus,099,539301,156,51,3,54,0
2020-04-05,Sutter,101,95872,22,14,0,14,1
2020-04-05,Tehama,103,63373,1,1,0,1,0
2020-04-05,Trinity,105,12862,0,0,0,0,0
2020-04-05,Tulare,107,460477,240,81,2,83,4
2020-04-05,Tuolumne,109,53932,3,1,0,1,0
2020-04-05,Ventura,111,848112,377,196,0,196,6
2020-04-05,Yolo,113,214977,75,37,0,37,2
2020-04-05,Yuba,115,75493,14,7,0,7,0
2020-04-04,Alameda,001,1643700,895,468,0,468,12
2020-04-04,Alpine,003,1148,1,1,0,1,0
2020-04-04,Amador,005,37829,5,2,0,2,0
2020-04-04,Butte,007,227075,16,10,1,11,0
2020-04-04,Calaveras,009,45235,9,3,0,3,0
2020-04-04,Colusa,011,21464,3,1,0,1,0
2020-04-04,Contra Costa,013,1133247,616,382,0,382,5
2020-04-04,Del Norte,015,27424,2,1,0,1,0
2020-04-04,El Dorado,017,186661,40,19,0,19,0
2020-04-04,Fresno,019,978130,319,102,3,105,1
2020-04-04,Glenn,021,27897,4,2,0,2,0
2020-04-04,Humboldt,023,135768,55,29,0,29,0
2020-04-04,Imperial,025,180216,117,42,0,42,1
2020-04-04,Inyo,027,18085,11,10,0,10,0
2020-04-04,Kern,029,883053,385,103,0,103,2
2020-04-04,Kings,031,150075,30,3,1,4,0
2020-04-04,Lake,033,64148,4,0,0,0,0
2020-04-04,Lassen,035,31185,1,0,2,2,0
2020-04-04,Los Angeles,037,10098052,9783,5275,14,5289,117
2020-04-04,Madera,039,155013,53,27,0,27,2
2020-04-04,Marin,041,260295,158,111,0,111,6
2020-04-04,Mariposa,043,17540,0,0,0,0,0
2020-04-04,Mendocino,045,87422,6,4,0,4,0
2020-04-04,Merced,047,269075,49,11,0,11,0
2020-04-04,Modoc,049,8938,0,0,0,0,0
2020-04-04,Mono,051,14174,28,18,0,18,1
2020-04-04,Monterey,053,433212,84,61,0,61,2
2020-04-04,Napa,055,140530,39,15,0,15,2
2020-04-04,Nevada,057,99092,36,19,1,20,1
2020-04-04,Orange,059,3164182,1560,781,4,785,15
2020-04-04,Placer,061,380077,133,87,0,87,2
2020-04-04,Plumas,063,18699,3,2,0,2,0
2020-04-04,Riverside,065,2383286,1713,652,5,657,15
2020-04-04,Sacramento,067,1510023,731,393,0,393,11
2020-04-04,San Benito,069,59416,34,22,0,22,1
2020-04-04,San Bernardino,071,2135413,977,373,0,373,13
2020-04-04,San Diego,073,3302833,1860,1211,0,1211,18
2020-04-04,San Francisco,075,870044,861,537,0,537,6
2020-04-04,San Joaquin,077,732212,294,171,3,174,10
2020-04-04,San Luis Obispo,079,281455,132,82,0,82,0
2020-04-04,San Mateo,081,765935,817,520,2,522,17
2020-04-04,Santa Barbara,083,443738,328,167,0,167,1
2020-04-04,Santa Clara,085,1922200,1575,1045,1,1046,39
2020-04-04,Santa Cruz,087,273765,96,56,0,56,1
2020-04-04,Shasta,089,179085,26,11,0,11,2
2020-04-04,Sierra,091,2930,0,0,0,0,0
2020-04-04,Siskiyou,093,43540,4,3,0,3,0
2020-04-04,Solano,095,438530,154,79,0,79,1
2020-04-04,Sonoma,097,501317,162,88,0,88,1
2020-04-04,Stanislaus,099,539301,145,51,3,54,0
2020-04-04,Sutter,101,95872,22,14,0,14,1
2020-04-04,Tehama,103,63373,1,1,0,1,0
2020-04-04,Trinity,105,12862,0,0,0,0,0
2020-04-04,Tulare,107,460477,226,79,2,81,4
2020-04-04,Tuolumne,109,53932,3,1,0,1,0
2020-04-04,Ventura,111,848112,364,194,0,194,6
2020-04-04,Yolo,113,214977,73,40,0,40,2
2020-04-04,Yuba,115,75493,13,7,0,7,0
2020-04-03,Alameda,001,1643700,859,395,0,395,11
2020-04-03,Alpine,003,1148,1,1,0,1,0
2020-04-03,Amador,005,37829,5,2,0,2,0
2020-04-03,Butte,007,227075,16,8,1,9,0
2020-04-03,Calaveras,009,45235,9,3,0,3,0
2020-04-03,Colusa,011,21464,3,1,0,1,0
2020-04-03,Contra Costa,013,1133247,593,327,0,327,5
2020-04-03,Del Norte,015,27424,2,1,0,1,0
2020-04-03,El Dorado,017,186661,38,16,0,16,0
2020-04-03,Fresno,019,978130,307,98,3,101,1
2020-04-03,Glenn,021,27897,4,2,0,2,0
2020-04-03,Humboldt,023,135768,55,34,0,34,0
2020-04-03,Imperial,025,180216,108,35,0,35,0
2020-04-03,Inyo,027,18085,11,10,0,10,0
2020-04-03,Kern,029,883053,359,87,0,87,1
2020-04-03,Kings,031,150075,28,3,1,4,0
2020-04-03,Lake,033,64148,3,0,0,0,0
2020-04-03,Lassen,035,31185,1,0,2,2,0
2020-04-03,Los Angeles,037,10098052,9167,4566,14,4580,91
2020-04-03,Madera,039,155013,52,28,0,28,2
2020-04-03,Marin,041,260295,156,106,0,106,6
2020-04-03,Mariposa,043,17540,0,0,0,0,0
2020-04-03,Mendocino,045,87422,6,4,0,4,0
2020-04-03,Merced,047,269075,46,9,0,9,0
2020-04-03,Modoc,049,8938,0,0,0,0,0
2020-04-03,Mono,051,14174,28,18,0,18,1
2020-04-03,Monterey,053,433212,81,58,0,58,2
2020-04-03,Napa,055,140530,38,13,0,13,1
2020-04-03,Nevada,057,99092,36,19,1,20,1
2020-04-03,Orange,059,3164182,1521,713,4,717,13
2020-04-03,Placer,061,380077,129,76,0,76,2
2020-04-03,Plumas,063,18699,3,2,0,2,0
2020-04-03,Riverside,065,2383286,1633,540,5,545,14
2020-04-03,Sacramento,067,1510023,710,363,0,363,11
2020-04-03,San Benito,069,59416,34,22,0,22,1
2020-04-03,San Bernardino,071,2135413,932,356,0,356,11
2020-04-03,San Diego,073,3302833,1800,1114,0,1114,17
2020-04-03,San Francisco,075,870044,836,506,0,506,6
2020-04-03,San Joaquin,077,732212,282,162,3,165,10
2020-04-03,San Luis Obispo,079,281455,132,82,0,82,0
2020-04-03,San Mateo,081,765935,800,474,2,476,13
2020-04-03,Santa Barbara,083,443738,316,154,0,154,1
2020-04-03,Santa Clara,085,1922200,1541,983,1,984,39
2020-04-03,Santa Cruz,087,273765,96,52,0,52,1
2020-04-03,Shasta,089,179085,26,10,0,10,1
2020-04-03,Sierra,091,2930,0,0,0,0,0
2020-04-03,Siskiyou,093,43540,4,3,0,3,0
2020-04-03,Solano,095,438530,146,72,0,72,1
2020-04-03,Sonoma,097,501317,162,84,0,84,1
2020-04-03,Stanislaus,099,539301,139,48,3,51,0
2020-04-03,Sutter,101,95872,22,12,0,12,1
2020-04-03,Tehama,103,63373,1,1,0,1,0
2020-04-03,Trinity,105,12862,0,0,0,0,0
2020-04-03,Tulare,107,460477,213,73,2,75,3
2020-04-03,Tuolumne,109,53932,3,1,0,1,0
2020-04-03,Ventura,111,848112,354,186,0,186,6
2020-04-03,Yolo,113,214977,72,33,0,33,1
2020-04-03,Yuba,115,75493,13,6,0,6,0
2020-04-02,Alameda,001,1643700,808,345,0,345,10
2020-04-02,Alpine,003,1148,1,1,0,1,0
2020-04-02,Amador,005,37829,5,2,0,2,0
2020-04-02,Butte,007,227075,16,7,0,7,0
2020-04-02,Calaveras,009,45235,7,3,0,3,0
2020-04-02,Colusa,011,21464,3,1,0,1,0
2020-04-02,Contra Costa,013,1133247,563,297,0,297,3
2020-04-02,Del Norte,015,27424,2,0,0,0,0
2020-04-02,El Dorado,017,186661,36,16,0,16,0
2020-04-02,Fresno,019,978130,291,92,3,95,0
2020-04-02,Glenn,021,27897,3,2,0,2,0
2020-04-02,Humboldt,023,135768,51,23,0,23,0
2020-04-02,Imperial,025,180216,104,24,0,24,0
2020-04-02,Inyo,027,18085,10,8,0,8,0
2020-04-02,Kern,029,883053,332,74,0,74,0
2020-04-02,Kings,031,150075,28,3,1,4,0
2020-04-02,Lake,033,64148,3,0,0,0,0
2020-04-02,Lassen,035,31185,1,0,2,2,0
2020-04-02,Los Angeles,037,10098052,8336,4040,14,4054,79
2020-04-02,Madera,039,155013,50,25,0,25,1
2020-04-02,Marin,041,260295,150,102,0,102,1
2020-04-02,Mariposa,043,17540,0,0,0,0,0
2020-04-02,Mendocino,045,87422,6,4,0,4,0
2020-04-02,Merced,047,269075,41,9,0,9,0
2020-04-02,Modoc,049,8938,0,0,0,0,0
2020-04-02,Mono,051,14174,28,16,0,16,1
2020-04-02,Monterey,053,433212,79,50,0,50,2
2020-04-02,Napa,055,140530,38,13,0,13,0
2020-04-02,Nevada,057,99092,35,17,1,18,0
2020-04-02,Orange,059,3164182,1468,640,4,644,12
2020-04-02,Placer,061,380077,128,72,0,72,2
2020-04-02,Plumas,063,18699,3,1,0,1,0
2020-04-02,Riverside,065,2383286,1517,438,5,443,13
2020-04-02,Sacramento,067,1510023,692,322,0,322,9
2020-04-02,San Benito,069,59416,32,18,0,18,1
2020-04-02,San Bernardino,071,2135413,877,335,0,335,8
2020-04-02,San Diego,073,3302833,1733,968,0,968,16
2020-04-02,San Francisco,075,870044,809,473,0,473,6
2020-04-02,San Joaquin,077,732212,263,148,3,151,9
2020-04-02,San Luis Obispo,079,281455,127,79,0,79,0
2020-04-02,San Mateo,081,765935,779,423,2,425,13
2020-04-02,Santa Barbara,083,443738,303,125,0,125,1
2020-04-02,Santa Clara,085,1922200,1490,908,1,909,38
2020-04-02,Santa Cruz,087,273765,94,49,0,49,1
2020-04-02,Shasta,089,179085,25,7,0,7,1
2020-04-02,Sierra,091,2930,0,0,0,0,0
2020-04-02,Siskiyou,093,43540,4,3,0,3,0
2020-04-02,Solano,095,438530,136,65,0,65,0
2020-04-02,Sonoma,097,501317,158,76,0,76,1
2020-04-02,Stanislaus,099,539301,128,40,3,43,0
2020-04-02,Sutter,101,95872,21,10,0,10,1
2020-04-02,Tehama,103,63373,1,1,0,1,0
2020-04-02,Trinity,105,12862,0,0,0,0,0
2020-04-02,Tulare,107,460477,185,64,2,66,1
2020-04-02,Tuolumne,109,53932,3,1,0,1,0
2020-04-02,Ventura,111,848112,336,178,0,178,5
2020-04-02,Yolo,113,214977,70,29,0,29,1
2020-04-02,Yuba,115,75493,10,5,0,5,0
2020-04-01,Alameda,001,1643700,782,287,0,287,8
2020-04-01,Alpine,003,1148,1,1,0,1,0
2020-04-01,Amador,005,37829,5,1,0,1,0
2020-04-01,Butte,007,227075,16,6,0,6,0
2020-04-01,Calaveras,009,45235,6,3,0,3,0
2020-04-01,Colusa,011,21464,3,1,0,1,0
2020-04-01,Contra Costa,013,1133247,519,267,0,267,3
2020-04-01,Del Norte,015,27424,2,0,0,0,0
2020-04-01,El Dorado,017,186661,35,14,0,14,0
2020-04-01,Fresno,019,978130,271,75,2,77,0
2020-04-01,Glenn,021,27897,3,2,0,2,0
2020-04-01,Humboldt,023,135768,51,19,0,19,0
2020-04-01,Imperial,025,180216,97,25,0,25,0
2020-04-01,Inyo,027,18085,10,8,0,8,0
2020-04-01,Kern,029,883053,305,53,0,53,0
2020-04-01,Kings,031,150075,26,3,1,4,0
2020-04-01,Lake,033,64148,3,0,0,0,0
2020-04-01,Lassen,035,31185,1,0,2,2,0
2020-04-01,Los Angeles,037,10098052,7686,3502,14,3516,66
2020-04-01,Madera,039,155013,48,17,0,17,1
2020-04-01,Marin,041,260295,146,87,0,87,1
2020-04-01,Mariposa,043,17540,0,0,0,0,0
2020-04-01,Mendocino,045,87422,6,4,0,4,0
2020-04-01,Merced,047,269075,38,7,0,7,0
2020-04-01,Modoc,049,8938,0,0,0,0,0
2020-04-01,Mono,051,14174,28,12,0,12,1
2020-04-01,Monterey,053,433212,78,47,0,47,2
2020-04-01,Napa,055,140530,36,11,0,11,0
2020-04-01,Nevada,057,99092,35,15,1,16,0
2020-04-01,Orange,059,3164182,1415,579,4,583,11
2020-04-01,Placer,061,380077,127,52,0,52,2
2020-04-01,Plumas,063,18699,3,1,0,1,0
2020-04-01,Riverside,065,2383286,1349,306,5,311,11
2020-04-01,Sacramento,067,1510023,660,299,0,299,8
2020-04-01,San Benito,069,59416,29,14,0,14,1
2020-04-01,San Bernardino,071,2135413,828,245,0,245,5
2020-04-01,San Diego,073,3302833,1663,851,0,851,11
2020-04-01,San Francisco,075,870044,781,432,0,432,6
2020-04-01,San Joaquin,077,732212,252,132,3,135,8
2020-04-01,San Luis Obispo,079,281455,121,69,0,69,0
2020-04-01,San Mateo,081,765935,761,354,2,356,13
2020-04-01,Santa Barbara,083,443738,285,103,0,103,0
2020-04-01,Santa Clara,085,1922200,1450,805,1,806,33
2020-04-01,Santa Cruz,087,273765,89,44,0,44,1
2020-04-01,Shasta,089,179085,24,5,0,5,1
2020-04-01,Sierra,091,2930,0,0,0,0,0
2020-04-01,Siskiyou,093,43540,4,3,0,3,0
2020-04-01,Solano,095,438530,131,57,0,57,0
2020-04-01,Sonoma,097,501317,154,60,0,60,1
2020-04-01,Stanislaus,099,539301,117,29,3,32,0
2020-04-01,Sutter,101,95872,21,9,0,9,1
2020-04-01,Tehama,103,63373,1,0,0,0,0
2020-04-01,Trinity,105,12862,0,0,0,0,0
2020-04-01,Tulare,107,460477,150,43,2,45,1
2020-04-01,Tuolumne,109,53932,3,1,0,1,0
2020-04-01,Ventura,111,848112,323,154,0,154,5
2020-04-01,Yolo,113,214977,65,22,0,22,1
2020-04-01,Yuba,115,75493,9,5,0,5,0
2020-03-31,Alameda,001,1643700,714,269,0,269,7
2020-03-31,Alpine,003,1148,1,1,0,1,0
2020-03-31,Amador,005,37829,5,1,0,1,0
2020-03-31,Butte,007,227075,16,6,0,6,0
2020-03-31,Calaveras,009,45235,6,3,0,3,0
2020-03-31,Colusa,011,21464,3,1,0,1,0
2020-03-31,Contra Costa,013,1133247,494,246,0,246,3
2020-03-31,Del Norte,015,27424,1,0,0,0,0
2020-03-31,El Dorado,017,186661,31,14,0,14,0
2020-03-31,Fresno,019,978130,246,59,2,61,0
2020-03-31,Glenn,021,27897,3,2,0,2,0
2020-03-31,Humboldt,023,135768,51,18,0,18,0
2020-03-31,Imperial,025,180216,92,17,0,17,0
2020-03-31,Inyo,027,18085,10,8,0,8,0
2020-03-31,Kern,029,883053,281,47,0,47,0
2020-03-31,Kings,031,150075,24,2,1,3,0
2020-03-31,Lake,033,64148,1,0,0,0,0
2020-03-31,Lassen,035,31185,1,0,2,2,0
2020-03-31,Los Angeles,037,10098052,7021,3001,14,3015,53
2020-03-31,Madera,039,155013,47,17,0,17,1
2020-03-31,Marin,041,260295,137,85,0,85,1
2020-03-31,Mariposa,043,17540,0,0,0,0,0
2020-03-31,Mendocino,045,87422,6,4,0,4,0
2020-03-31,Merced,047,269075,33,6,0,6,0
2020-03-31,Modoc,049,8938,0,0,0,0,0
2020-03-31,Mono,051,14174,26,12,0,12,0
2020-03-31,Monterey,053,433212,76,43,0,43,2
2020-03-31,Napa,055,140530,35,9,0,9,0
2020-03-31,Nevada,057,99092,35,15,1,16,0
2020-03-31,Orange,059,3164182,1347,506,4,510,7
2020-03-31,Placer,061,380077,120,49,0,49,2
2020-03-31,Plumas,063,18699,1,0,0,0,0
2020-03-31,Riverside,065,2383286,1203,284,5,289,8
2020-03-31,Sacramento,067,1510023,608,271,0,271,8
2020-03-31,San Benito,069,59416,29,14,0,14,1
2020-03-31,San Bernardino,071,2135413,744,193,0,193,5
2020-03-31,San Diego,073,3302833,1581,736,0,736,9
2020-03-31,San Francisco,075,870044,746,404,0,404,5
2020-03-31,San Joaquin,077,732212,236,122,3,125,7
2020-03-31,San Luis Obispo,079,281455,118,67,0,67,0
2020-03-31,San Mateo,081,765935,742,297,2,299,12
2020-03-31,Santa Barbara,083,443738,268,89,0,89,0
2020-03-31,Santa Clara,085,1922200,1401,777,1,778,30
2020-03-31,Santa Cruz,087,273765,83,40,0,40,1
2020-03-31,Shasta,089,179085,21,5,0,5,1
2020-03-31,Sierra,091,2930,0,0,0,0,0
2020-03-31,Siskiyou,093,43540,4,3,0,3,0
2020-03-31,Solano,095,438530,117,56,0,56,0
2020-03-31,Sonoma,097,501317,149,58,0,58,1
2020-03-31,Stanislaus,099,539301,102,28,3,31,0
2020-03-31,Sutter,101,95872,21,8,0,8,0
2020-03-31,Tehama,103,63373,1,0,0,0,0
2020-03-31,Trinity,105,12862,0,0,0,0,0
2020-03-31,Tulare,107,460477,129,42,2,44,1
2020-03-31,Tuolumne,109,53932,3,1,0,1,0
2020-03-31,Ventura,111,848112,312,143,0,143,4
2020-03-31,Yolo,113,214977,58,21,0,21,1
2020-03-31,Yuba,115,75493,9,5,0,5,0
2020-03-30,Alameda,001,1643700,674,250,0,250,7
2020-03-30,Alpine,003,1148,1,1,0,1,0
2020-03-30,Amador,005,37829,5,1,0,1,0
2020-03-30,Butte,007,227075,14,5,0,5,0
2020-03-30,Calaveras,009,45235,6,3,0,3,0
2020-03-30,Colusa,011,21464,3,1,0,1,0
2020-03-30,Contra Costa,013,1133247,468,212,0,212,3
2020-03-30,Del Norte,015,27424,0,0,0,0,0
2020-03-30,El Dorado,017,186661,31,11,0,11,0
2020-03-30,Fresno,019,978130,222,46,2,48,0
2020-03-30,Glenn,021,27897,3,2,0,2,0
2020-03-30,Humboldt,023,135768,49,11,0,11,0
2020-03-30,Imperial,025,180216,88,9,0,9,0
2020-03-30,Inyo,027,18085,10,5,0,5,0
2020-03-30,Kern,029,883053,248,30,0,30,0
2020-03-30,Kings,031,150075,24,1,1,2,0
2020-03-30,Lake,033,64148,1,0,0,0,0
2020-03-30,Lassen,035,31185,1,0,1,1,0
2020-03-30,Los Angeles,037,10098052,6366,2467,14,2481,44
2020-03-30,Madera,039,155013,46,14,0,14,1
2020-03-30,Marin,041,260295,130,78,0,78,0
2020-03-30,Mariposa,043,17540,0,0,0,0,0
2020-03-30,Mendocino,045,87422,5,2,0,2,0
2020-03-30,Merced,047,269075,29,6,0,6,0
2020-03-30,Modoc,049,8938,0,0,0,0,0
2020-03-30,Mono,051,14174,26,11,0,11,0
2020-03-30,Monterey,053,433212,71,41,0,41,1
2020-03-30,Napa,055,140530,34,9,0,9,0
2020-03-30,Nevada,057,99092,34,14,1,15,0
2020-03-30,Orange,059,3164182,1282,418,4,422,5
2020-03-30,Placer,061,380077,117,44,0,44,2
2020-03-30,Plumas,063,18699,1,0,0,0,0
2020-03-30,Riverside,065,2383286,1123,204,5,209,7
2020-03-30,Sacramento,067,1510023,584,238,0,238,8
2020-03-30,San Benito,069,59416,29,11,0,11,1
2020-03-30,San Bernardino,071,2135413,700,145,0,145,4
2020-03-30,San Diego,073,3302833,1511,605,0,605,7
2020-03-30,San Francisco,075,870044,706,368,0,368,5
2020-03-30,San Joaquin,077,732212,229,112,3,115,5
2020-03-30,San Luis Obispo,079,281455,116,62,0,62,0
2020-03-30,San Mateo,081,765935,718,257,2,259,11
2020-03-30,Santa Barbara,083,443738,258,79,0,79,0
2020-03-30,Santa Clara,085,1922200,1370,745,1,746,31
2020-03-30,Santa Cruz,087,273765,80,36,0,36,1
2020-03-30,Shasta,089,179085,20,4,0,4,1
2020-03-30,Sierra,091,2930,0,0,0,0,0
2020-03-30,Siskiyou,093,43540,4,2,0,2,0
2020-03-30,Solano,095,438530,111,50,0,50,0
2020-03-30,Sonoma,097,501317,146,57,0,57,1
2020-03-30,Stanislaus,099,539301,95,28,3,31,0
2020-03-30,Sutter,101,95872,20,6,0,6,0
2020-03-30,Tehama,103,63373,1,0,0,0,0
2020-03-30,Trinity,105,12862,0,0,0,0,0
2020-03-30,Tulare,107,460477,119,40,2,42,1
2020-03-30,Tuolumne,109,53932,3,1,0,1,0
2020-03-30,Ventura,111,848112,301,118,0,118,2
2020-03-30,Yolo,113,214977,56,17,0,17,1
2020-03-30,Yuba,115,75493,8,5,0,5,0
2020-03-29,Alameda,001,1643700,640,207,0,207,6
2020-03-29,Alpine,003,1148,1,0,0,0,0
2020-03-29,Amador,005,37829,5,1,0,1,0
2020-03-29,Butte,007,227075,14,4,0,4,0
2020-03-29,Calaveras,009,45235,6,2,0,2,0
2020-03-29,Colusa,011,21464,3,1,0,1,0
2020-03-29,Contra Costa,013,1133247,438,187,0,187,3
2020-03-29,Del Norte,015,27424,0,0,0,0,0
2020-03-29,El Dorado,017,186661,30,9,0,9,0
2020-03-29,Fresno,019,978130,198,31,2,33,0
2020-03-29,Glenn,021,27897,2,1,0,1,0
2020-03-29,Humboldt,023,135768,46,9,0,9,0
2020-03-29,Imperial,025,180216,82,9,0,9,0
2020-03-29,Inyo,027,18085,9,0,0,0,0
2020-03-29,Kern,029,883053,230,20,0,20,0
2020-03-29,Kings,031,150075,21,1,1,2,0
2020-03-29,Lake,033,64148,0,0,0,0,0
2020-03-29,Lassen,035,31185,1,0,1,1,0
2020-03-29,Los Angeles,037,10098052,5720,2119,14,2133,37
2020-03-29,Madera,039,155013,41,11,0,11,1
2020-03-29,Marin,041,260295,125,60,0,60,0
2020-03-29,Mariposa,043,17540,0,0,0,0,0
2020-03-29,Mendocino,045,87422,5,2,0,2,0
2020-03-29,Merced,047,269075,28,4,0,4,0
2020-03-29,Modoc,049,8938,0,0,0,0,0
2020-03-29,Mono,051,14174,26,8,0,8,0
2020-03-29,Monterey,053,433212,66,36,0,36,1
2020-03-29,Napa,055,140530,32,5,0,5,0
2020-03-29,Nevada,057,99092,32,13,1,14,0
2020-03-29,Orange,059,3164182,1209,343,4,347,2
2020-03-29,Placer,061,380077,116,35,0,35,2
2020-03-29,Plumas,063,18699,1,0,0,0,0
2020-03-29,Riverside,065,2383286,999,122,5,127,7
2020-03-29,Sacramento,067,1510023,544,217,0,217,7
2020-03-29,San Benito,069,59416,28,10,0,10,1
2020-03-29,San Bernardino,071,2135413,648,94,0,94,2
2020-03-29,San Diego,073,3302833,1439,521,0,521,7
2020-03-29,San Francisco,075,870044,662,333,0,333,5
2020-03-29,San Joaquin,077,732212,220,86,3,89,4
2020-03-29,San Luis Obispo,079,281455,111,55,0,55,0
2020-03-29,San Mateo,081,765935,693,234,2,236,12
2020-03-29,Santa Barbara,083,443738,247,52,0,52,0
2020-03-29,Santa Clara,085,1922200,1314,591,1,592,30
2020-03-29,Santa Cruz,087,273765,80,33,0,33,1
2020-03-29,Shasta,089,179085,19,4,0,4,1
2020-03-29,Sierra,091,2930,0,0,0,0,0
2020-03-29,Siskiyou,093,43540,4,2,0,2,0
2020-03-29,Solano,095,438530,103,48,0,48,0
2020-03-29,Sonoma,097,501317,144,35,0,35,1
2020-03-29,Stanislaus,099,539301,90,19,3,22,0
2020-03-29,Sutter,101,95872,17,6,0,6,0
2020-03-29,Tehama,103,63373,1,0,0,0,0
2020-03-29,Trinity,105,12862,0,0,0,0,0
2020-03-29,Tulare,107,460477,99,24,2,26,1
2020-03-29,Tuolumne,109,53932,2,1,0,1,0
2020-03-29,Ventura,111,848112,274,92,0,92,2
2020-03-29,Yolo,113,214977,51,13,0,13,1
2020-03-29,Yuba,115,75493,8,3,0,3,0
2020-03-28,Alameda,001,1643700,613,410,0,410,12
2020-03-28,Alpine,003,1148,1,0,0,0,0
2020-03-28,Amador,005,37829,5,2,0,2,0
2020-03-28,Butte,007,227075,14,8,0,8,0
2020-03-28,Calaveras,009,45235,6,4,0,4,0
2020-03-28,Colusa,011,21464,3,2,0,2,0
2020-03-28,Contra Costa,013,1133247,415,350,0,350,4
2020-03-28,Del Norte,015,27424,0,0,0,0,0
2020-03-28,El Dorado,017,186661,29,18,0,18,0
2020-03-28,Fresno,019,978130,188,62,2,64,0
2020-03-28,Glenn,021,27897,2,2,0,2,0
2020-03-28,Humboldt,023,135768,46,18,0,18,0
2020-03-28,Imperial,025,180216,77,18,0,18,0
2020-03-28,Inyo,027,18085,9,0,0,0,0
2020-03-28,Kern,029,883053,213,40,0,40,0
2020-03-28,Kings,031,150075,20,2,1,3,0
2020-03-28,Lake,033,64148,0,0,0,0,0
2020-03-28,Lassen,035,31185,1,0,1,1,0
2020-03-28,Los Angeles,037,10098052,5334,3600,13,3613,64
2020-03-28,Madera,039,155013,41,22,0,22,2
2020-03-28,Marin,041,260295,120,116,0,116,0
2020-03-28,Mariposa,043,17540,0,0,0,0,0
2020-03-28,Mendocino,045,87422,5,4,0,4,0
2020-03-28,Merced,047,269075,27,8,0,8,0
2020-03-28,Modoc,049,8938,0,0,0,0,0
2020-03-28,Mono,051,14174,24,12,0,12,0
2020-03-28,Monterey,053,433212,65,64,0,64,2
2020-03-28,Napa,055,140530,27,10,0,10,0
2020-03-28,Nevada,057,99092,32,22,1,23,0
2020-03-28,Orange,059,3164182,1173,656,4,660,4
2020-03-28,Placer,061,380077,111,70,0,70,2
2020-03-28,Plumas,063,18699,1,0,0,0,0
2020-03-28,Riverside,065,2383286,931,242,5,247,14
2020-03-28,Sacramento,067,1510023,526,406,0,406,14
2020-03-28,San Benito,069,59416,28,20,0,20,2
2020-03-28,San Bernardino,071,2135413,600,162,0,162,4
2020-03-28,San Diego,073,3302833,1380,980,0,980,14
2020-03-28,San Francisco,075,870044,638,600,0,600,6
2020-03-28,San Joaquin,077,732212,212,166,3,169,8
2020-03-28,San Luis Obispo,079,281455,109,104,0,104,0
2020-03-28,San Mateo,081,765935,673,462,2,464,17
2020-03-28,Santa Barbara,083,443738,236,98,0,98,0
2020-03-28,Santa Clara,085,1922200,1295,1174,1,1175,54
2020-03-28,Santa Cruz,087,273765,79,62,0,62,0
2020-03-28,Shasta,089,179085,19,8,0,8,2
2020-03-28,Sierra,091,2930,0,0,0,0,0
2020-03-28,Siskiyou,093,43540,4,4,0,4,0
2020-03-28,Solano,095,438530,99,96,0,96,0
2020-03-28,Sonoma,097,501317,142,70,0,70,2
2020-03-28,Stanislaus,099,539301,85,34,3,37,0
2020-03-28,Sutter,101,95872,17,6,0,6,0
2020-03-28,Tehama,103,63373,1,0,0,0,0
2020-03-28,Trinity,105,12862,0,0,0,0,0
2020-03-28,Tulare,107,460477,93,46,2,48,0
2020-03-28,Tuolumne,109,53932,2,2,0,2,0
2020-03-28,Ventura,111,848112,270,178,0,178,4
2020-03-28,Yolo,113,214977,50,26,0,26,2
2020-03-28,Yuba,115,75493,8,6,0,6,0
2020-03-27,Alameda,001,1643700,594,185,0,185,4
2020-03-27,Alpine,003,1148,1,0,0,0,0
2020-03-27,Amador,005,37829,4,1,0,1,0
2020-03-27,Butte,007,227075,12,4,0,4,0
2020-03-27,Calaveras,009,45235,6,2,0,2,0
2020-03-27,Colusa,011,21464,3,0,0,0,0
2020-03-27,Contra Costa,013,1133247,394,161,0,161,2
2020-03-27,Del Norte,015,27424,0,0,0,0,0
2020-03-27,El Dorado,017,186661,27,9,0,9,0
2020-03-27,Fresno,019,978130,176,29,1,30,0
2020-03-27,Glenn,021,27897,2,0,0,0,0
2020-03-27,Humboldt,023,135768,42,9,0,9,0
2020-03-27,Imperial,025,180216,72,9,0,9,0
2020-03-27,Inyo,027,18085,9,0,0,0,0
2020-03-27,Kern,029,883053,200,20,0,20,0
2020-03-27,Kings,031,150075,19,0,1,1,0
2020-03-27,Lake,033,64148,0,0,0,0,0
2020-03-27,Lassen,035,31185,1,0,1,1,0
2020-03-27,Los Angeles,037,10098052,4922,1474,13,1487,26
2020-03-27,Madera,039,155013,39,10,0,10,1
2020-03-27,Marin,041,260295,115,58,0,58,0
2020-03-27,Mariposa,043,17540,0,0,0,0,0
2020-03-27,Mendocino,045,87422,5,2,0,2,0
2020-03-27,Merced,047,269075,26,3,0,3,0
2020-03-27,Modoc,049,8938,0,0,0,0,0
2020-03-27,Mono,051,14174,24,6,0,6,0
2020-03-27,Monterey,053,433212,62,26,0,26,1
2020-03-27,Napa,055,140530,27,5,0,5,0
2020-03-27,Nevada,057,99092,32,6,1,7,0
2020-03-27,Orange,059,3164182,1120,299,4,303,2
2020-03-27,Placer,061,380077,108,33,0,33,1
2020-03-27,Plumas,063,18699,0,0,0,0,0
2020-03-27,Riverside,065,2383286,875,121,5,126,7
2020-03-27,Sacramento,067,1510023,503,163,0,163,6
2020-03-27,San Benito,069,59416,27,9,0,9,1
2020-03-27,San Bernardino,071,2135413,511,77,0,77,2
2020-03-27,San Diego,073,3302833,1323,419,0,419,5
2020-03-27,San Francisco,075,870044,613,285,0,285,2
2020-03-27,San Joaquin,077,732212,201,73,3,76,3
2020-03-27,San Luis Obispo,079,281455,107,46,0,46,0
2020-03-27,San Mateo,081,765935,647,213,2,215,7
2020-03-27,Santa Barbara,083,443738,220,37,0,37,0
2020-03-27,Santa Clara,085,1922200,1258,557,1,558,25
2020-03-27,Santa Cruz,087,273765,78,31,0,31,0
2020-03-27,Shasta,089,179085,16,3,0,3,1
2020-03-27,Sierra,091,2930,0,0,0,0,0
2020-03-27,Siskiyou,093,43540,4,2,0,2,0
2020-03-27,Solano,095,438530,93,48,0,48,0
2020-03-27,Sonoma,097,501317,134,35,0,35,1
2020-03-27,Stanislaus,099,539301,83,16,3,19,0
2020-03-27,Sutter,101,95872,16,2,0,2,0
2020-03-27,Tehama,103,63373,1,0,0,0,0
2020-03-27,Trinity,105,12862,0,0,0,0,0
2020-03-27,Tulare,107,460477,85,15,2,17,0
2020-03-27,Tuolumne,109,53932,2,1,0,1,0
2020-03-27,Ventura,111,848112,261,80,0,80,2
2020-03-27,Yolo,113,214977,49,13,0,13,1
2020-03-27,Yuba,115,75493,7,3,0,3,0
2020-03-26,Alameda,001,1643700,554,172,0,172,4
2020-03-26,Alpine,003,1148,1,0,0,0,0
2020-03-26,Amador,005,37829,4,1,0,1,0
2020-03-26,Butte,007,227075,12,4,0,4,0
2020-03-26,Calaveras,009,45235,6,2,0,2,0
2020-03-26,Colusa,011,21464,3,0,0,0,0
2020-03-26,Contra Costa,013,1133247,384,147,0,147,2
2020-03-26,Del Norte,015,27424,0,0,0,0,0
2020-03-26,El Dorado,017,186661,26,7,0,7,0
2020-03-26,Fresno,019,978130,167,25,1,26,0
2020-03-26,Glenn,021,27897,2,0,0,0,0
2020-03-26,Humboldt,023,135768,38,8,0,8,0
2020-03-26,Imperial,025,180216,68,8,0,8,0
2020-03-26,Inyo,027,18085,8,0,0,0,0
2020-03-26,Kern,029,883053,184,20,0,20,0
2020-03-26,Kings,031,150075,19,0,1,1,0
2020-03-26,Lake,033,64148,0,0,0,0,0
2020-03-26,Lassen,035,31185,1,0,1,1,0
2020-03-26,Los Angeles,037,10098052,4521,1075,13,1088,19
2020-03-26,Madera,039,155013,37,8,0,8,0
2020-03-26,Marin,041,260295,106,56,0,56,0
2020-03-26,Mariposa,043,17540,0,0,0,0,0
2020-03-26,Mendocino,045,87422,4,1,0,1,0
2020-03-26,Merced,047,269075,23,1,0,1,0
2020-03-26,Modoc,049,8938,0,0,0,0,0
2020-03-26,Mono,051,14174,23,5,0,5,0
2020-03-26,Monterey,053,433212,59,25,0,25,1
2020-03-26,Napa,055,140530,26,5,0,5,0
2020-03-26,Nevada,057,99092,32,7,1,8,0
2020-03-26,Orange,059,3164182,1058,279,4,283,1
2020-03-26,Placer,061,380077,105,34,0,34,1
2020-03-26,Plumas,063,18699,0,0,0,0,0
2020-03-26,Riverside,065,2383286,805,118,5,123,7
2020-03-26,Sacramento,067,1510023,470,147,0,147,5
2020-03-26,San Benito,069,59416,27,8,0,8,1
2020-03-26,San Bernardino,071,2135413,445,57,0,57,1
2020-03-26,San Diego,073,3302833,1256,299,0,299,2
2020-03-26,San Francisco,075,870044,586,261,0,261,1
2020-03-26,San Joaquin,077,732212,190,69,3,72,3
2020-03-26,San Luis Obispo,079,281455,102,38,0,38,0
2020-03-26,San Mateo,081,765935,613,122,2,124,5
2020-03-26,Santa Barbara,083,443738,204,33,0,33,0
2020-03-26,Santa Clara,085,1922200,1215,487,1,488,20
2020-03-26,Santa Cruz,087,273765,74,30,0,30,0
2020-03-26,Shasta,089,179085,16,3,0,3,1
2020-03-26,Sierra,091,2930,0,0,0,0,0
2020-03-26,Siskiyou,093,43540,4,2,0,2,0
2020-03-26,Solano,095,438530,85,41,0,41,0
2020-03-26,Sonoma,097,501317,129,33,0,33,1
2020-03-26,Stanislaus,099,539301,81,15,3,18,0
2020-03-26,Sutter,101,95872,12,2,0,2,0
2020-03-26,Tehama,103,63373,1,0,0,0,0
2020-03-26,Trinity,105,12862,0,0,0,0,0
2020-03-26,Tulare,107,460477,78,15,2,17,0
2020-03-26,Tuolumne,109,53932,2,0,0,0,0
2020-03-26,Ventura,111,848112,245,70,0,70,1
2020-03-26,Yolo,113,214977,45,13,0,13,1
2020-03-26,Yuba,115,75493,7,3,0,3,0
2020-03-25,Alameda,001,1643700,533,134,0,134,3
2020-03-25,Alpine,003,1148,1,0,0,0,0
2020-03-25,Amador,005,37829,4,1,0,1,0
2020-03-25,Butte,007,227075,12,4,0,4,0
2020-03-25,Calaveras,009,45235,6,2,0,2,0
2020-03-25,Colusa,011,21464,2,0,0,0,0
2020-03-25,Contra Costa,013,1133247,370,131,0,131,1
2020-03-25,Del Norte,015,27424,0,0,0,0,0
2020-03-25,El Dorado,017,186661,26,5,0,5,0
2020-03-25,Fresno,019,978130,151,21,1,22,0
2020-03-25,Glenn,021,27897,2,0,0,0,0
2020-03-25,Humboldt,023,135768,35,3,0,3,0
2020-03-25,Imperial,025,180216,60,8,0,8,0
2020-03-25,Inyo,027,18085,5,0,0,0,0
2020-03-25,Kern,029,883053,164,13,0,13,0
2020-03-25,Kings,031,150075,17,0,1,1,0
2020-03-25,Lake,033,64148,0,0,0,0,0
2020-03-25,Lassen,035,31185,1,0,1,1,0
2020-03-25,Los Angeles,037,10098052,4126,725,13,738,10
2020-03-25,Madera,039,155013,35,6,0,6,0
2020-03-25,Marin,041,260295,100,47,0,47,0
2020-03-25,Mariposa,043,17540,0,0,0,0,0
2020-03-25,Mendocino,045,87422,3,1,0,1,0
2020-03-25,Merced,047,269075,19,0,0,0,0
2020-03-25,Modoc,049,8938,0,0,0,0,0
2020-03-25,Mono,051,14174,22,4,0,4,0
2020-03-25,Monterey,053,433212,56,23,0,23,1
2020-03-25,Napa,055,140530,26,5,0,5,0
2020-03-25,Nevada,057,99092,31,5,1,6,0
2020-03-25,Orange,059,3164182,1000,214,4,218,1
2020-03-25,Placer,061,380077,99,30,0,30,1
2020-03-25,Plumas,063,18699,0,1,0,1,0
2020-03-25,Riverside,065,2383286,734,87,5,92,5
2020-03-25,Sacramento,067,1510023,444,114,0,114,5
2020-03-25,San Benito,069,59416,26,4,0,4,1
2020-03-25,San Bernardino,071,2135413,406,46,0,46,1
2020-03-25,San Diego,073,3302833,1194,238,0,238,2
2020-03-25,San Francisco,075,870044,545,212,0,212,1
2020-03-25,San Joaquin,077,732212,177,64,3,67,2
2020-03-25,San Luis Obispo,079,281455,97,35,0,35,0
2020-03-25,San Mateo,081,765935,578,111,2,113,5
2020-03-25,Santa Barbara,083,443738,193,25,0,25,0
2020-03-25,Santa Clara,085,1922200,1171,452,1,453,20
2020-03-25,Santa Cruz,087,273765,71,26,0,26,0
2020-03-25,Shasta,089,179085,15,3,0,3,1
2020-03-25,Sierra,091,2930,0,0,0,0,0
2020-03-25,Siskiyou,093,43540,4,2,0,2,0
2020-03-25,Solano,095,438530,80,39,0,39,0
2020-03-25,Sonoma,097,501317,124,31,0,31,1
2020-03-25,Stanislaus,099,539301,74,14,3,17,0
2020-03-25,Sutter,101,95872,9,1,0,1,0
2020-03-25,Tehama,103,63373,1,0,0,0,0
2020-03-25,Trinity,105,12862,0,0,0,0,0
2020-03-25,Tulare,107,460477,68,11,2,13,0
2020-03-25,Tuolumne,109,53932,2,0,0,0,0
2020-03-25,Ventura,111,848112,229,53,0,53,1
2020-03-25,Yolo,113,214977,43,9,0,9,1
2020-03-25,Yuba,115,75493,7,2,0,2,0
2020-03-24,Alameda,001,1643700,501,96,0,96,2
2020-03-24,Alpine,003,1148,1,0,0,0,0
2020-03-24,Amador,005,37829,2,1,0,1,0
2020-03-24,Butte,007,227075,11,3,0,3,0
2020-03-24,Calaveras,009,45235,5,2,0,2,0
2020-03-24,Colusa,011,21464,2,0,0,0,0
2020-03-24,Contra Costa,013,1133247,356,108,0,108,1
2020-03-24,Del Norte,015,27424,0,0,0,0,0
2020-03-24,El Dorado,017,186661,26,3,0,3,0
2020-03-24,Fresno,019,978130,132,18,1,19,0
2020-03-24,Glenn,021,27897,2,0,0,0,0
2020-03-24,Humboldt,023,135768,33,2,0,2,0
2020-03-24,Imperial,025,180216,57,3,0,3,0
2020-03-24,Inyo,027,18085,5,0,0,0,0
2020-03-24,Kern,029,883053,144,5,0,5,0
2020-03-24,Kings,031,150075,16,0,1,1,0
2020-03-24,Lake,033,64148,0,0,0,0,0
2020-03-24,Lassen,035,31185,1,0,1,1,0
2020-03-24,Los Angeles,037,10098052,3674,633,13,646,7
2020-03-24,Madera,039,155013,34,6,0,6,0
2020-03-24,Marin,041,260295,89,44,0,44,0
2020-03-24,Mariposa,043,17540,0,0,0,0,0
2020-03-24,Mendocino,045,87422,3,1,0,1,0
2020-03-24,Merced,047,269075,17,0,0,0,0
2020-03-24,Modoc,049,8938,0,0,0,0,0
2020-03-24,Mono,051,14174,21,1,0,1,0
2020-03-24,Monterey,053,433212,52,23,0,23,1
2020-03-24,Napa,055,140530,23,2,0,2,0
2020-03-24,Nevada,057,99092,30,4,1,5,0
2020-03-24,Orange,059,3164182,938,166,4,170,0
2020-03-24,Placer,061,380077,92,22,0,22,1
2020-03-24,Plumas,063,18699,0,1,0,1,0
2020-03-24,Riverside,065,2383286,667,56,5,61,5
2020-03-24,Sacramento,067,1510023,425,93,0,93,4
2020-03-24,San Benito,069,59416,25,4,0,4,1
2020-03-24,San Bernardino,071,2135413,362,27,0,27,0
2020-03-24,San Diego,073,3302833,1127,231,0,231,2
2020-03-24,San Francisco,075,870044,513,181,0,181,1
2020-03-24,San Joaquin,077,732212,166,52,3,55,2
2020-03-24,San Luis Obispo,079,281455,95,32,0,32,0
2020-03-24,San Mateo,081,765935,537,100,2,102,2
2020-03-24,Santa Barbara,083,443738,187,20,0,20,0
2020-03-24,Santa Clara,085,1922200,1102,389,1,390,17
2020-03-24,Santa Cruz,087,273765,66,22,0,22,0
2020-03-24,Shasta,089,179085,14,3,0,3,0
2020-03-24,Sierra,091,2930,0,0,0,0,0
2020-03-24,Siskiyou,093,43540,4,2,0,2,0
2020-03-24,Solano,095,438530,78,34,0,34,0
2020-03-24,Sonoma,097,501317,117,27,0,27,1
2020-03-24,Stanislaus,099,539301,65,13,3,16,0
2020-03-24,Sutter,101,95872,9,0,0,0,0
2020-03-24,Tehama,103,63373,1,0,0,0,0
2020-03-24,Trinity,105,12862,0,0,0,0,0
2020-03-24,Tulare,107,460477,60,10,2,12,0
2020-03-24,Tuolumne,109,53932,2,0,0,0,0
2020-03-24,Ventura,111,848112,213,44,0,44,1
2020-03-24,Yolo,113,214977,39,8,0,8,0
2020-03-24,Yuba,115,75493,7,2,0,2,0
2020-03-23,Alameda,001,1643700,470,88,0,88,1
2020-03-23,Alpine,003,1148,1,0,0,0,0
2020-03-23,Amador,005,37829,2,1,0,1,0
2020-03-23,Butte,007,227075,11,2,0,2,0
2020-03-23,Calaveras,009,45235,5,2,0,2,0
2020-03-23,Colusa,011,21464,1,0,0,0,0
2020-03-23,Contra Costa,013,1133247,336,91,0,91,2
2020-03-23,Del Norte,015,27424,0,0,0,0,0
2020-03-23,El Dorado,017,186661,25,3,0,3,0
2020-03-23,Fresno,019,978130,122,10,1,11,0
2020-03-23,Glenn,021,27897,2,0,0,0,0
2020-03-23,Humboldt,023,135768,31,2,0,2,0
2020-03-23,Imperial,025,180216,53,2,0,2,0
2020-03-23,Inyo,027,18085,3,0,0,0,0
2020-03-23,Kern,029,883053,130,5,0,5,0
2020-03-23,Kings,031,150075,16,0,1,1,0
2020-03-23,Lake,033,64148,0,0,0,0,0
2020-03-23,Lassen,035,31185,1,0,1,1,0
2020-03-23,Los Angeles,037,10098052,3370,389,13,402,4
2020-03-23,Madera,039,155013,34,4,0,4,0
2020-03-23,Marin,041,260295,84,30,0,30,0
2020-03-23,Mariposa,043,17540,0,0,0,0,0
2020-03-23,Mendocino,045,87422,3,1,0,1,0
2020-03-23,Merced,047,269075,11,0,0,0,0
2020-03-23,Modoc,049,8938,0,0,0,0,0
2020-03-23,Mono,051,14174,19,1,0,1,0
2020-03-23,Monterey,053,433212,47,14,0,14,1
2020-03-23,Napa,055,140530,21,1,0,1,0
2020-03-23,Nevada,057,99092,27,2,1,3,0
2020-03-23,Orange,059,3164182,884,138,4,142,0
2020-03-23,Placer,061,380077,89,19,0,19,1
2020-03-23,Plumas,063,18699,0,0,0,0,0
2020-03-23,Riverside,065,2383286,626,39,5,44,5
2020-03-23,Sacramento,067,1510023,392,87,0,87,4
2020-03-23,San Benito,069,59416,24,4,0,4,1
2020-03-23,San Bernardino,071,2135413,332,17,0,17,0
2020-03-23,San Diego,073,3302833,1068,178,0,178,1
2020-03-23,San Francisco,075,870044,484,152,0,152,0
2020-03-23,San Joaquin,077,732212,154,37,3,40,2
2020-03-23,San Luis Obispo,079,281455,89,23,0,23,0
2020-03-23,San Mateo,081,765935,499,88,2,90,1
2020-03-23,Santa Barbara,083,443738,166,18,0,18,0
2020-03-23,Santa Clara,085,1922200,1055,336,1,337,13
2020-03-23,Santa Cruz,087,273765,64,21,0,21,0
2020-03-23,Shasta,089,179085,12,2,0,2,0
2020-03-23,Sierra,091,2930,0,0,0,0,0
2020-03-23,Siskiyou,093,43540,4,2,0,2,0
2020-03-23,Solano,095,438530,74,33,0,33,0
2020-03-23,Sonoma,097,501317,105,19,0,19,1
2020-03-23,Stanislaus,099,539301,57,10,3,13,0
2020-03-23,Sutter,101,95872,9,0,0,0,0
2020-03-23,Tehama,103,63373,1,0,0,0,0
2020-03-23,Trinity,105,12862,0,0,0,0,0
2020-03-23,Tulare,107,460477,54,9,2,11,0
2020-03-23,Tuolumne,109,53932,2,0,0,0,0
2020-03-23,Ventura,111,848112,196,30,0,30,0
2020-03-23,Yolo,113,214977,38,8,0,8,0
2020-03-23,Yuba,115,75493,7,2,0,2,0
2020-03-22,Alameda,001,1643700,431,72,0,72,1
2020-03-22,Alpine,003,1148,1,0,0,0,0
2020-03-22,Amador,005,37829,2,1,0,1,0
2020-03-22,Butte,007,227075,8,1,0,1,0
2020-03-22,Calaveras,009,45235,4,2,0,2,0
2020-03-22,Colusa,011,21464,1,0,0,0,0
2020-03-22,Contra Costa,013,1133247,309,79,0,79,1
2020-03-22,Del Norte,015,27424,0,0,0,0,0
2020-03-22,El Dorado,017,186661,23,1,0,1,0
2020-03-22,Fresno,019,978130,102,8,1,9,0
2020-03-22,Glenn,021,27897,2,0,0,0,0
2020-03-22,Humboldt,023,135768,28,1,0,1,0
2020-03-22,Imperial,025,180216,51,2,0,2,0
2020-03-22,Inyo,027,18085,1,0,0,0,0
2020-03-22,Kern,029,883053,114,3,0,3,0
2020-03-22,Kings,031,150075,14,0,1,1,0
2020-03-22,Lake,033,64148,0,0,0,0,0
2020-03-22,Lassen,035,31185,1,0,1,1,0
2020-03-22,Los Angeles,037,10098052,3048,384,13,397,3
2020-03-22,Madera,039,155013,32,4,0,4,0
2020-03-22,Marin,041,260295,74,30,0,30,0
2020-03-22,Mariposa,043,17540,0,0,0,0,0
2020-03-22,Mendocino,045,87422,3,1,0,1,0
2020-03-22,Merced,047,269075,7,0,0,0,0
2020-03-22,Modoc,049,8938,0,0,0,0,0
2020-03-22,Mono,051,14174,14,1,0,1,0
2020-03-22,Monterey,053,433212,45,14,0,14,1
2020-03-22,Napa,055,140530,17,1,0,1,0
2020-03-22,Nevada,057,99092,23,2,1,3,0
2020-03-22,Orange,059,3164182,816,102,4,106,0
2020-03-22,Placer,061,380077,86,18,0,18,1
2020-03-22,Plumas,063,18699,0,0,0,0,0
2020-03-22,Riverside,065,2383286,548,26,3,29,5
2020-03-22,Sacramento,067,1510023,360,82,0,82,4
2020-03-22,San Benito,069,59416,19,4,0,4,1
2020-03-22,San Bernardino,071,2135413,289,16,0,16,0
2020-03-22,San Diego,073,3302833,980,161,0,161,0
2020-03-22,San Francisco,075,870044,447,134,0,134,0
2020-03-22,San Joaquin,077,732212,140,30,3,33,2
2020-03-22,San Luis Obispo,079,281455,84,19,0,19,0
2020-03-22,San Mateo,081,765935,466,82,2,84,1
2020-03-22,Santa Barbara,083,443738,148,16,0,16,0
2020-03-22,Santa Clara,085,1922200,993,284,1,285,13
2020-03-22,Santa Cruz,087,273765,63,19,0,19,0
2020-03-22,Shasta,089,179085,12,1,0,1,0
2020-03-22,Sierra,091,2930,0,0,0,0,0
2020-03-22,Siskiyou,093,43540,4,2,0,2,0
2020-03-22,Solano,095,438530,65,30,0,30,0
2020-03-22,Sonoma,097,501317,100,18,0,18,1
2020-03-22,Stanislaus,099,539301,51,8,3,11,0
2020-03-22,Sutter,101,95872,8,0,0,0,0
2020-03-22,Tehama,103,63373,0,0,0,0,0
2020-03-22,Trinity,105,12862,0,0,0,0,0
2020-03-22,Tulare,107,460477,50,5,2,7,0
2020-03-22,Tuolumne,109,53932,2,0,0,0,0
2020-03-22,Ventura,111,848112,174,26,0,26,0
2020-03-22,Yolo,113,214977,32,6,0,6,0
2020-03-22,Yuba,115,75493,7,2,0,2,0
2020-03-21,Alameda,001,1643700,408,62,0,62,0
2020-03-21,Alpine,003,1148,1,0,0,0,0
2020-03-21,Amador,005,37829,2,1,0,1,0
2020-03-21,Butte,007,227075,7,1,0,1,0
2020-03-21,Calaveras,009,45235,4,2,0,2,0
2020-03-21,Colusa,011,21464,1,0,0,0,0
2020-03-21,Contra Costa,013,1133247,298,62,0,62,1
2020-03-21,Del Norte,015,27424,0,0,0,0,0
2020-03-21,El Dorado,017,186661,20,1,0,1,0
2020-03-21,Fresno,019,978130,98,8,1,9,0
2020-03-21,Glenn,021,27897,2,0,0,0,0
2020-03-21,Humboldt,023,135768,25,1,0,1,0
2020-03-21,Imperial,025,180216,47,2,0,2,0
2020-03-21,Inyo,027,18085,1,0,0,0,0
2020-03-21,Kern,029,883053,108,3,0,3,0
2020-03-21,Kings,031,150075,14,0,1,1,0
2020-03-21,Lake,033,64148,0,0,0,0,0
2020-03-21,Lassen,035,31185,1,0,1,1,0
2020-03-21,Los Angeles,037,10098052,2775,322,13,335,2
2020-03-21,Madera,039,155013,32,4,0,4,0
2020-03-21,Marin,041,260295,69,30,0,30,0
2020-03-21,Mariposa,043,17540,0,0,0,0,0
2020-03-21,Mendocino,045,87422,3,1,0,1,0
2020-03-21,Merced,047,269075,6,0,0,0,0
2020-03-21,Modoc,049,8938,0,0,0,0,0
2020-03-21,Mono,051,14174,14,1,0,1,0
2020-03-21,Monterey,053,433212,43,8,0,8,1
2020-03-21,Napa,055,140530,17,0,0,0,0
2020-03-21,Nevada,057,99092,23,2,1,3,0
2020-03-21,Orange,059,3164182,767,85,4,89,0
2020-03-21,Placer,061,380077,77,11,0,11,1
2020-03-21,Plumas,063,18699,0,0,0,0,0
2020-03-21,Riverside,065,2383286,504,20,3,23,3
2020-03-21,Sacramento,067,1510023,333,66,0,66,3
2020-03-21,San Benito,069,59416,17,4,0,4,1
2020-03-21,San Bernardino,071,2135413,269,13,0,13,0
2020-03-21,San Diego,073,3302833,903,121,0,121,0
2020-03-21,San Francisco,075,870044,411,106,0,106,0
2020-03-21,San Joaquin,077,732212,131,26,3,29,2
2020-03-21,San Luis Obispo,079,281455,80,16,0,16,0
2020-03-21,San Mateo,081,765935,428,78,2,80,1
2020-03-21,Santa Barbara,083,443738,133,8,0,8,0
2020-03-21,Santa Clara,085,1922200,932,269,1,270,10
2020-03-21,Santa Cruz,087,273765,61,17,0,17,0
2020-03-21,Shasta,089,179085,11,1,0,1,0
2020-03-21,Sierra,091,2930,0,0,0,0,0
2020-03-21,Siskiyou,093,43540,4,0,0,0,0
2020-03-21,Solano,095,438530,63,30,0,30,0
2020-03-21,Sonoma,097,501317,99,15,0,15,1
2020-03-21,Stanislaus,099,539301,45,7,3,10,0
2020-03-21,Sutter,101,95872,7,0,0,0,0
2020-03-21,Tehama,103,63373,0,0,0,0,0
2020-03-21,Trinity,105,12862,0,0,0,0,0
2020-03-21,Tulare,107,460477,45,5,2,7,0
2020-03-21,Tuolumne,109,53932,2,0,0,0,0
2020-03-21,Ventura,111,848112,166,22,0,22,0
2020-03-21,Yolo,113,214977,32,6,0,6,0
2020-03-21,Yuba,115,75493,7,1,0,1,0
2020-03-20,Alameda,001,1643700,387,42,0,42,0
2020-03-20,Alpine,003,1148,1,0,0,0,0
2020-03-20,Amador,005,37829,1,0,0,0,0
2020-03-20,Butte,007,227075,7,0,0,0,0
2020-03-20,Calaveras,009,45235,4,2,0,2,0
2020-03-20,Colusa,011,21464,1,0,0,0,0
2020-03-20,Contra Costa,013,1133247,269,52,0,52,1
2020-03-20,Del Norte,015,27424,0,0,0,0,0
2020-03-20,El Dorado,017,186661,19,1,0,1,0
2020-03-20,Fresno,019,978130,95,7,1,8,0
2020-03-20,Glenn,021,27897,1,0,0,0,0
2020-03-20,Humboldt,023,135768,25,1,0,1,0
2020-03-20,Imperial,025,180216,46,2,0,2,0
2020-03-20,Inyo,027,18085,0,0,0,0,0
2020-03-20,Kern,029,883053,93,3,0,3,0
2020-03-20,Kings,031,150075,14,0,1,1,0
2020-03-20,Lake,033,64148,0,0,0,0,0
2020-03-20,Lassen,035,31185,1,0,1,1,0
2020-03-20,Los Angeles,037,10098052,2550,267,12,279,1
2020-03-20,Madera,039,155013,31,4,0,4,0
2020-03-20,Marin,041,260295,66,30,0,30,0
2020-03-20,Mariposa,043,17540,0,0,0,0,0
2020-03-20,Mendocino,045,87422,3,1,0,1,0
2020-03-20,Merced,047,269075,6,0,0,0,0
2020-03-20,Modoc,049,8938,0,0,0,0,0
2020-03-20,Mono,051,14174,14,0,0,0,0
2020-03-20,Monterey,053,433212,42,4,0,4,0
2020-03-20,Napa,055,140530,16,0,0,0,0
2020-03-20,Nevada,057,99092,20,2,1,3,0
2020-03-20,Orange,059,3164182,720,71,4,75,2
2020-03-20,Placer,061,380077,71,9,0,9,1
2020-03-20,Plumas,063,18699,0,0,0,0,0
2020-03-20,Riverside,065,2383286,451,19,3,22,3
2020-03-20,Sacramento,067,1510023,312,56,0,56,4
2020-03-20,San Benito,069,59416,17,4,0,4,1
2020-03-20,San Bernardino,071,2135413,242,9,0,9,0
2020-03-20,San Diego,073,3302833,851,98,0,98,0
2020-03-20,San Francisco,075,870044,379,87,0,87,0
2020-03-20,San Joaquin,077,732212,116,18,3,21,2
2020-03-20,San Luis Obispo,079,281455,77,11,0,11,0
2020-03-20,San Mateo,081,765935,398,71,2,73,1
2020-03-20,Santa Barbara,083,443738,117,7,0,7,0
2020-03-20,Santa Clara,085,1922200,896,246,1,247,8
2020-03-20,Santa Cruz,087,273765,59,13,0,13,0
2020-03-20,Shasta,089,179085,10,1,0,1,0
2020-03-20,Sierra,091,2930,0,0,0,0,0
2020-03-20,Siskiyou,093,43540,4,0,0,0,0
2020-03-20,Solano,095,438530,59,29,0,29,0
2020-03-20,Sonoma,097,501317,91,7,0,7,0
2020-03-20,Stanislaus,099,539301,39,7,3,10,0
2020-03-20,Sutter,101,95872,7,0,0,0,0
2020-03-20,Tehama,103,63373,0,0,0,0,0
2020-03-20,Trinity,105,12862,0,0,0,0,0
2020-03-20,Tulare,107,460477,41,4,2,6,0
2020-03-20,Tuolumne,109,53932,2,0,0,0,0
2020-03-20,Ventura,111,848112,156,18,0,18,0
2020-03-20,Yolo,113,214977,30,5,0,5,0
2020-03-20,Yuba,115,75493,6,0,0,0,0
2020-03-19,Alameda,001,1643700,351,36,0,36,0
2020-03-19,Alpine,003,1148,1,0,0,0,0
2020-03-19,Amador,005,37829,1,0,0,0,0
2020-03-19,Butte,007,227075,5,0,0,0,0
2020-03-19,Calaveras,009,45235,4,2,0,2,0
2020-03-19,Colusa,011,21464,0,0,0,0,0
2020-03-19,Contra Costa,013,1133247,253,46,0,46,0
2020-03-19,Del Norte,015,27424,0,0,0,0,0
2020-03-19,El Dorado,017,186661,18,0,0,0,0
2020-03-19,Fresno,019,978130,86,6,1,7,0
2020-03-19,Glenn,021,27897,1,0,0,0,0
2020-03-19,Humboldt,023,135768,23,1,0,1,0
2020-03-19,Imperial,025,180216,39,2,0,2,0
2020-03-19,Inyo,027,18085,0,0,0,0,0
2020-03-19,Kern,029,883053,81,3,0,3,0
2020-03-19,Kings,031,150075,11,0,1,1,0
2020-03-19,Lake,033,64148,0,0,0,0,0
2020-03-19,Lassen,035,31185,0,0,1,1,0
2020-03-19,Los Angeles,037,10098052,2263,233,12,245,0
2020-03-19,Madera,039,155013,30,3,0,3,0
2020-03-19,Marin,041,260295,63,19,0,19,0
2020-03-19,Mariposa,043,17540,0,0,0,0,0
2020-03-19,Mendocino,045,87422,2,1,0,1,0
2020-03-19,Merced,047,269075,5,0,0,0,0
2020-03-19,Modoc,049,8938,0,0,0,0,0
2020-03-19,Mono,051,14174,12,0,0,0,0
2020-03-19,Monterey,053,433212,34,3,0,3,0
2020-03-19,Napa,055,140530,14,0,0,0,0
2020-03-19,Nevada,057,99092,18,2,1,3,0
2020-03-19,Orange,059,3164182,636,59,4,63,0
2020-03-19,Placer,061,380077,63,8,0,8,1
2020-03-19,Plumas,063,18699,0,0,0,0,0
2020-03-19,Riverside,065,2383286,358,14,2,16,3
2020-03-19,Sacramento,067,1510023,279,52,0,52,3
2020-03-19,San Benito,069,59416,14,3,0,3,0
2020-03-19,San Bernardino,071,2135413,212,7,0,7,0
2020-03-19,San Diego,073,3302833,768,68,0,68,0
2020-03-19,San Francisco,075,870044,343,80,0,80,0
2020-03-19,San Joaquin,077,732212,102,15,3,18,2
2020-03-19,San Luis Obispo,079,281455,75,6,0,6,0
2020-03-19,San Mateo,081,765935,363,58,2,60,1
2020-03-19,Santa Barbara,083,443738,101,5,0,5,0
2020-03-19,Santa Clara,085,1922200,830,183,1,184,8
2020-03-19,Santa Cruz,087,273765,56,13,0,13,0
2020-03-19,Shasta,089,179085,9,1,0,1,0
2020-03-19,Sierra,091,2930,0,0,0,0,0
2020-03-19,Siskiyou,093,43540,3,0,0,0,0
2020-03-19,Solano,095,438530,55,26,0,26,0
2020-03-19,Sonoma,097,501317,88,8,0,8,0
2020-03-19,Stanislaus,099,539301,38,7,3,10,0
2020-03-19,Sutter,101,95872,7,0,0,0,0
2020-03-19,Tehama,103,63373,0,0,0,0,0
2020-03-19,Trinity,105,12862,0,0,0,0,0
2020-03-19,Tulare,107,460477,36,3,2,5,0
2020-03-19,Tuolumne,109,53932,2,0,0,0,0
2020-03-19,Ventura,111,848112,134,15,0,15,0
2020-03-19,Yolo,113,214977,26,5,0,5,0
2020-03-19,Yuba,115,75493,5,0,0,0,0
2020-03-18,Alameda,001,1643700,323,29,0,29,0
2020-03-18,Alpine,003,1148,1,0,0,0,0
2020-03-18,Amador,005,37829,1,0,0,0,0
2020-03-18,Butte,007,227075,4,0,0,0,0
2020-03-18,Calaveras,009,45235,4,2,0,2,0
2020-03-18,Colusa,011,21464,0,0,0,0,0
2020-03-18,Contra Costa,013,1133247,232,44,0,44,0
2020-03-18,Del Norte,015,27424,0,0,0,0,0
2020-03-18,El Dorado,017,186661,17,0,0,0,0
2020-03-18,Fresno,019,978130,77,3,1,4,0
2020-03-18,Glenn,021,27897,1,0,0,0,0
2020-03-18,Humboldt,023,135768,19,1,0,1,0
2020-03-18,Imperial,025,180216,33,2,0,2,0
2020-03-18,Inyo,027,18085,0,0,0,0,0
2020-03-18,Kern,029,883053,66,1,0,1,0
2020-03-18,Kings,031,150075,9,0,1,1,0
2020-03-18,Lake,033,64148,0,0,0,0,0
2020-03-18,Lassen,035,31185,0,0,1,1,0
2020-03-18,Los Angeles,037,10098052,2024,47,12,59,0
2020-03-18,Madera,039,155013,29,2,0,2,0
2020-03-18,Marin,041,260295,58,10,0,10,0
2020-03-18,Mariposa,043,17540,0,0,0,0,0
2020-03-18,Mendocino,045,87422,2,0,0,0,0
2020-03-18,Merced,047,269075,5,0,0,0,0
2020-03-18,Modoc,049,8938,0,0,0,0,0
2020-03-18,Mono,051,14174,11,0,0,0,0
2020-03-18,Monterey,053,433212,28,1,0,1,0
2020-03-18,Napa,055,140530,11,0,0,0,0
2020-03-18,Nevada,057,99092,16,2,1,3,0
2020-03-18,Orange,059,3164182,581,38,4,42,0
2020-03-18,Placer,061,380077,56,8,0,8,1
2020-03-18,Plumas,063,18699,0,0,0,0,0
2020-03-18,Riverside,065,2383286,305,11,2,13,2
2020-03-18,Sacramento,067,1510023,256,46,0,46,3
2020-03-18,San Benito,069,59416,13,3,0,3,0
2020-03-18,San Bernardino,071,2135413,190,3,0,3,0
2020-03-18,San Diego,073,3302833,683,40,0,40,0
2020-03-18,San Francisco,075,870044,324,65,0,65,0
2020-03-18,San Joaquin,077,732212,90,14,3,17,2
2020-03-18,San Luis Obispo,079,281455,68,5,0,5,0
2020-03-18,San Mateo,081,765935,340,57,2,59,1
2020-03-18,Santa Barbara,083,443738,88,2,0,2,0
2020-03-18,Santa Clara,085,1922200,781,151,1,152,6
2020-03-18,Santa Cruz,087,273765,54,11,0,11,0
2020-03-18,Shasta,089,179085,8,1,0,1,0
2020-03-18,Sierra,091,2930,0,0,0,0,0
2020-03-18,Siskiyou,093,43540,3,0,0,0,0
2020-03-18,Solano,095,438530,51,26,0,26,0
2020-03-18,Sonoma,097,501317,79,6,0,6,0
2020-03-18,Stanislaus,099,539301,34,5,2,7,0
2020-03-18,Sutter,101,95872,5,0,0,0,0
2020-03-18,Tehama,103,63373,0,0,0,0,0
2020-03-18,Trinity,105,12862,0,0,0,0,0
2020-03-18,Tulare,107,460477,27,3,2,5,0
2020-03-18,Tuolumne,109,53932,2,0,0,0,0
2020-03-18,Ventura,111,848112,115,11,0,11,0
2020-03-18,Yolo,113,214977,23,4,0,4,0
2020-03-18,Yuba,115,75493,4,0,0,0,0
2020-03-17,Alameda,001,1643700,291,19,0,19,0
2020-03-17,Alpine,003,1148,0,0,0,0,0
2020-03-17,Amador,005,37829,1,0,0,0,0
2020-03-17,Butte,007,227075,4,0,0,0,0
2020-03-17,Calaveras,009,45235,4,2,0,2,0
2020-03-17,Colusa,011,21464,0,0,0,0,0
2020-03-17,Contra Costa,013,1133247,210,37,0,37,0
2020-03-17,Del Norte,015,27424,0,0,0,0,0
2020-03-17,El Dorado,017,186661,16,0,0,0,0
2020-03-17,Fresno,019,978130,67,2,1,3,0
2020-03-17,Glenn,021,27897,1,0,0,0,0
2020-03-17,Humboldt,023,135768,17,1,0,1,0
2020-03-17,Imperial,025,180216,27,2,0,2,0
2020-03-17,Inyo,027,18085,0,0,0,0,0
2020-03-17,Kern,029,883053,52,0,0,0,0
2020-03-17,Kings,031,150075,8,0,1,1,0
2020-03-17,Lake,033,64148,0,0,0,0,0
2020-03-17,Lassen,035,31185,0,0,1,1,0
2020-03-17,Los Angeles,037,10098052,1823,41,12,53,0
2020-03-17,Madera,039,155013,22,2,0,2,0
2020-03-17,Marin,041,260295,51,4,0,4,0
2020-03-17,Mariposa,043,17540,0,0,0,0,0
2020-03-17,Mendocino,045,87422,2,0,0,0,0
2020-03-17,Merced,047,269075,5,0,0,0,0
2020-03-17,Modoc,049,8938,0,0,0,0,0
2020-03-17,Mono,051,14174,9,0,0,0,0
2020-03-17,Monterey,053,433212,26,0,0,0,0
2020-03-17,Napa,055,140530,8,0,0,0,0
2020-03-17,Nevada,057,99092,15,1,1,2,0
2020-03-17,Orange,059,3164182,505,24,4,28,0
2020-03-17,Placer,061,380077,46,7,0,7,1
2020-03-17,Plumas,063,18699,0,0,0,0,0
2020-03-17,Riverside,065,2383286,246,11,2,13,0
2020-03-17,Sacramento,067,1510023,236,36,0,36,1
2020-03-17,San Benito,069,59416,12,2,0,2,0
2020-03-17,San Bernardino,071,2135413,162,2,0,2,0
2020-03-17,San Diego,073,3302833,616,17,0,17,0
2020-03-17,San Francisco,075,870044,298,46,0,46,0
2020-03-17,San Joaquin,077,732212,84,11,3,14,0
2020-03-17,San Luis Obispo,079,281455,61,1,0,1,0
2020-03-17,San Mateo,081,765935,308,46,2,48,1
2020-03-17,Santa Barbara,083,443738,75,0,0,0,0
2020-03-17,Santa Clara,085,1922200,724,121,1,122,4
2020-03-17,Santa Cruz,087,273765,51,10,0,10,0
2020-03-17,Shasta,089,179085,4,1,0,1,0
2020-03-17,Sierra,091,2930,0,0,0,0,0
2020-03-17,Siskiyou,093,43540,3,0,0,0,0
2020-03-17,Solano,095,438530,48,27,0,27,0
2020-03-17,Sonoma,097,501317,71,4,0,4,0
2020-03-17,Stanislaus,099,539301,31,4,2,6,0
2020-03-17,Sutter,101,95872,5,0,0,0,0
2020-03-17,Tehama,103,63373,0,0,0,0,0
2020-03-17,Trinity,105,12862,0,0,0,0,0
2020-03-17,Tulare,107,460477,24,2,2,4,0
2020-03-17,Tuolumne,109,53932,2,0,0,0,0
2020-03-17,Ventura,111,848112,98,7,0,7,0
2020-03-17,Yolo,113,214977,19,2,0,2,0
2020-03-17,Yuba,115,75493,4,0,0,0,0
2020-03-16,Alameda,001,1643700,262,17,0,17,0
2020-03-16,Alpine,003,1148,0,0,0,0,0
2020-03-16,Amador,005,37829,1,0,0,0,0
2020-03-16,Butte,007,227075,3,0,0,0,0
2020-03-16,Calaveras,009,45235,4,2,0,2,0
2020-03-16,Colusa,011,21464,0,0,0,0,0
2020-03-16,Contra Costa,013,1133247,186,36,0,36,0
2020-03-16,Del Norte,015,27424,0,0,0,0,0
2020-03-16,El Dorado,017,186661,15,0,0,0,0
2020-03-16,Fresno,019,978130,52,2,1,3,0
2020-03-16,Glenn,021,27897,0,0,0,0,0
2020-03-16,Humboldt,023,135768,13,1,0,1,0
2020-03-16,Imperial,025,180216,22,2,0,2,0
2020-03-16,Inyo,027,18085,0,0,0,0,0
2020-03-16,Kern,029,883053,43,0,0,0,0
2020-03-16,Kings,031,150075,7,0,1,1,0
2020-03-16,Lake,033,64148,0,0,0,0,0
2020-03-16,Lassen,035,31185,0,0,0,0,0
2020-03-16,Los Angeles,037,10098052,1588,43,12,55,0
2020-03-16,Madera,039,155013,21,2,0,2,0
2020-03-16,Marin,041,260295,48,4,0,4,0
2020-03-16,Mariposa,043,17540,0,0,0,0,0
2020-03-16,Mendocino,045,87422,2,0,0,0,0
2020-03-16,Merced,047,269075,5,0,0,0,0
2020-03-16,Modoc,049,8938,0,0,0,0,0
2020-03-16,Mono,051,14174,7,0,0,0,0
2020-03-16,Monterey,053,433212,25,0,0,0,0
2020-03-16,Napa,055,140530,7,0,0,0,0
2020-03-16,Nevada,057,99092,11,1,1,2,0
2020-03-16,Orange,059,3164182,420,18,4,22,0
2020-03-16,Placer,061,380077,38,7,0,7,1
2020-03-16,Plumas,063,18699,0,0,0,0,0
2020-03-16,Riverside,065,2383286,212,10,2,12,0
2020-03-16,Sacramento,067,1510023,209,34,0,34,1
2020-03-16,San Benito,069,59416,8,2,0,2,0
2020-03-16,San Bernardino,071,2135413,142,1,0,1,0
2020-03-16,San Diego,073,3302833,525,17,0,17,0
2020-03-16,San Francisco,075,870044,262,40,0,40,0
2020-03-16,San Joaquin,077,732212,74,9,3,12,0
2020-03-16,San Luis Obispo,079,281455,54,1,0,1,0
2020-03-16,San Mateo,081,765935,270,42,2,44,1
2020-03-16,Santa Barbara,083,443738,63,0,0,0,0
2020-03-16,Santa Clara,085,1922200,649,115,1,116,2
2020-03-16,Santa Cruz,087,273765,44,9,0,9,0
2020-03-16,Shasta,089,179085,4,1,0,1,0
2020-03-16,Sierra,091,2930,0,0,0,0,0
2020-03-16,Siskiyou,093,43540,2,0,0,0,0
2020-03-16,Solano,095,438530,43,27,0,27,0
2020-03-16,Sonoma,097,501317,63,4,0,4,0
2020-03-16,Stanislaus,099,539301,27,2,2,4,0
2020-03-16,Sutter,101,95872,3,0,0,0,0
2020-03-16,Tehama,103,63373,0,0,0,0,0
2020-03-16,Trinity,105,12862,0,0,0,0,0
2020-03-16,Tulare,107,460477,21,2,2,4,0
2020-03-16,Tuolumne,109,53932,2,0,0,0,0
2020-03-16,Ventura,111,848112,88,7,0,7,0
2020-03-16,Yolo,113,214977,18,2,0,2,0
2020-03-16,Yuba,115,75493,3,0,0,0,0
2020-03-15,Alameda,001,1643700,215,17,0,17,0
2020-03-15,Alpine,003,1148,0,0,0,0,0
2020-03-15,Amador,005,37829,1,0,0,0,0
2020-03-15,Butte,007,227075,3,0,0,0,0
2020-03-15,Calaveras,009,45235,2,2,0,2,0
2020-03-15,Colusa,011,21464,0,0,0,0,0
2020-03-15,Contra Costa,013,1133247,161,34,0,34,0
2020-03-15,Del Norte,015,27424,0,0,0,0,0
2020-03-15,El Dorado,017,186661,14,0,0,0,0
2020-03-15,Fresno,019,978130,32,1,1,2,0
2020-03-15,Glenn,021,27897,0,0,0,0,0
2020-03-15,Humboldt,023,135768,11,1,0,1,0
2020-03-15,Imperial,025,180216,17,2,0,2,0
2020-03-15,Inyo,027,18085,0,0,0,0,0
2020-03-15,Kern,029,883053,37,0,0,0,0
2020-03-15,Kings,031,150075,7,0,1,1,0
2020-03-15,Lake,033,64148,0,0,0,0,0
2020-03-15,Lassen,035,31185,0,0,0,0,0
2020-03-15,Los Angeles,037,10098052,1349,41,12,53,0
2020-03-15,Madera,039,155013,20,2,0,2,0
2020-03-15,Marin,041,260295,41,3,0,3,0
2020-03-15,Mariposa,043,17540,0,0,0,0,0
2020-03-15,Mendocino,045,87422,2,0,0,0,0
2020-03-15,Merced,047,269075,3,0,0,0,0
2020-03-15,Modoc,049,8938,0,0,0,0,0
2020-03-15,Mono,051,14174,6,0,0,0,0
2020-03-15,Monterey,053,433212,19,0,0,0,0
2020-03-15,Napa,055,140530,7,0,0,0,0
2020-03-15,Nevada,057,99092,11,0,1,1,0
2020-03-15,Orange,059,3164182,350,16,2,18,0
2020-03-15,Placer,061,380077,32,7,0,7,1
2020-03-15,Plumas,063,18699,0,0,0,0,0
2020-03-15,Riverside,065,2383286,167,10,2,12,0
2020-03-15,Sacramento,067,1510023,173,30,0,30,1
2020-03-15,San Benito,069,59416,8,2,0,2,0
2020-03-15,San Bernardino,071,2135413,120,0,0,0,0
2020-03-15,San Diego,073,3302833,438,16,0,16,0
2020-03-15,San Francisco,075,870044,206,31,0,31,0
2020-03-15,San Joaquin,077,732212,63,6,3,9,0
2020-03-15,San Luis Obispo,079,281455,45,1,0,1,0
2020-03-15,San Mateo,081,765935,236,29,1,30,1
2020-03-15,Santa Barbara,083,443738,53,0,0,0,0
2020-03-15,Santa Clara,085,1922200,578,79,1,80,2
2020-03-15,Santa Cruz,087,273765,38,8,0,8,0
2020-03-15,Shasta,089,179085,4,1,0,1,0
2020-03-15,Sierra,091,2930,0,0,0,0,0
2020-03-15,Siskiyou,093,43540,2,0,0,0,0
2020-03-15,Solano,095,438530,42,26,0,26,0
2020-03-15,Sonoma,097,501317,54,4,0,4,0
2020-03-15,Stanislaus,099,539301,26,2,2,4,0
2020-03-15,Sutter,101,95872,2,0,0,0,0
2020-03-15,Tehama,103,63373,0,0,0,0,0
2020-03-15,Trinity,105,12862,0,0,0,0,0
2020-03-15,Tulare,107,460477,16,2,2,4,0
2020-03-15,Tuolumne,109,53932,1,0,0,0,0
2020-03-15,Ventura,111,848112,77,5,0,5,0
2020-03-15,Yolo,113,214977,15,2,0,2,0
2020-03-15,Yuba,115,75493,2,0,0,0,0
2020-03-14,Alameda,001,1643700,196,11,0,11,0
2020-03-14,Alpine,003,1148,0,0,0,0,0
2020-03-14,Amador,005,37829,1,0,0,0,0
2020-03-14,Butte,007,227075,2,0,0,0,0
2020-03-14,Calaveras,009,45235,2,2,0,2,0
2020-03-14,Colusa,011,21464,0,0,0,0,0
2020-03-14,Contra Costa,013,1133247,139,30,0,30,0
2020-03-14,Del Norte,015,27424,0,0,0,0,0
2020-03-14,El Dorado,017,186661,12,0,0,0,0
2020-03-14,Fresno,019,978130,24,1,1,2,0
2020-03-14,Glenn,021,27897,0,0,0,0,0
2020-03-14,Humboldt,023,135768,7,1,0,1,0
2020-03-14,Imperial,025,180216,13,2,0,2,0
2020-03-14,Inyo,027,18085,0,0,0,0,0
2020-03-14,Kern,029,883053,32,0,0,0,0
2020-03-14,Kings,031,150075,7,0,1,1,0
2020-03-14,Lake,033,64148,0,0,0,0,0
2020-03-14,Lassen,035,31185,0,0,0,0,0
2020-03-14,Los Angeles,037,10098052,1171,35,12,47,0
2020-03-14,Madera,039,155013,19,2,0,2,0
2020-03-14,Marin,041,260295,37,3,0,3,0
2020-03-14,Mariposa,043,17540,0,0,0,0,0
2020-03-14,Mendocino,045,87422,2,0,0,0,0
2020-03-14,Merced,047,269075,3,0,0,0,0
2020-03-14,Modoc,049,8938,0,0,0,0,0
2020-03-14,Mono,051,14174,5,0,0,0,0
2020-03-14,Monterey,053,433212,13,0,0,0,0
2020-03-14,Napa,055,140530,5,0,0,0,0
2020-03-14,Nevada,057,99092,8,0,1,1,0
2020-03-14,Orange,059,3164182,311,14,1,15,0
2020-03-14,Placer,061,380077,28,6,0,6,1
2020-03-14,Plumas,063,18699,0,0,0,0,0
2020-03-14,Riverside,065,2383286,147,10,2,12,0
2020-03-14,Sacramento,067,1510023,151,31,0,31,1
2020-03-14,San Benito,069,59416,8,2,0,2,0
2020-03-14,San Bernardino,071,2135413,102,0,0,0,0
2020-03-14,San Diego,073,3302833,363,10,0,10,0
2020-03-14,San Francisco,075,870044,185,29,0,29,0
2020-03-14,San Joaquin,077,732212,54,6,3,9,0
2020-03-14,San Luis Obispo,079,281455,40,0,0,0,0
2020-03-14,San Mateo,081,765935,213,27,1,28,0
2020-03-14,Santa Barbara,083,443738,41,0,0,0,0
2020-03-14,Santa Clara,085,1922200,522,62,1,63,2
2020-03-14,Santa Cruz,087,273765,33,8,0,8,0
2020-03-14,Shasta,089,179085,4,1,0,1,0
2020-03-14,Sierra,091,2930,0,0,0,0,0
2020-03-14,Siskiyou,093,43540,1,0,0,0,0
2020-03-14,Solano,095,438530,40,26,0,26,0
2020-03-14,Sonoma,097,501317,41,2,0,2,0
2020-03-14,Stanislaus,099,539301,22,2,2,4,0
2020-03-14,Sutter,101,95872,2,0,0,0,0
2020-03-14,Tehama,103,63373,0,0,0,0,0
2020-03-14,Trinity,105,12862,0,0,0,0,0
2020-03-14,Tulare,107,460477,14,2,2,4,0
2020-03-14,Tuolumne,109,53932,1,0,0,0,0
2020-03-14,Ventura,111,848112,68,5,0,5,0
2020-03-14,Yolo,113,214977,15,2,0,2,0
2020-03-14,Yuba,115,75493,1,0,0,0,0
2020-03-13,Alameda,001,1643700,177,12,0,12,0
2020-03-13,Alpine,003,1148,0,0,0,0,0
2020-03-13,Amador,005,37829,1,0,0,0,0
2020-03-13,Butte,007,227075,0,0,0,0,0
2020-03-13,Calaveras,009,45235,2,2,0,2,0
2020-03-13,Colusa,011,21464,0,0,0,0,0
2020-03-13,Contra Costa,013,1133247,125,22,0,22,0
2020-03-13,Del Norte,015,27424,0,0,0,0,0
2020-03-13,El Dorado,017,186661,11,0,0,0,0
2020-03-13,Fresno,019,978130,19,1,1,2,0
2020-03-13,Glenn,021,27897,0,0,0,0,0
2020-03-13,Humboldt,023,135768,7,1,0,1,0
2020-03-13,Imperial,025,180216,12,2,0,2,0
2020-03-13,Inyo,027,18085,0,0,0,0,0
2020-03-13,Kern,029,883053,27,0,0,0,0
2020-03-13,Kings,031,150075,6,0,1,1,0
2020-03-13,Lake,033,64148,0,0,0,0,0
2020-03-13,Lassen,035,31185,0,0,0,0,0
2020-03-13,Los Angeles,037,10098052,1018,30,11,41,0
2020-03-13,Madera,039,155013,18,1,0,1,0
2020-03-13,Marin,041,260295,34,3,0,3,0
2020-03-13,Mariposa,043,17540,0,0,0,0,0
2020-03-13,Mendocino,045,87422,2,0,0,0,0
2020-03-13,Merced,047,269075,2,0,0,0,0
2020-03-13,Modoc,049,8938,0,0,0,0,0
2020-03-13,Mono,051,14174,3,0,0,0,0
2020-03-13,Monterey,053,433212,8,0,0,0,0
2020-03-13,Napa,055,140530,3,0,0,0,0
2020-03-13,Nevada,057,99092,7,0,1,1,0
2020-03-13,Orange,059,3164182,273,10,1,11,0
2020-03-13,Placer,061,380077,26,6,0,6,1
2020-03-13,Plumas,063,18699,0,0,0,0,0
2020-03-13,Riverside,065,2383286,121,5,2,7,0
2020-03-13,Sacramento,067,1510023,130,18,0,18,1
2020-03-13,San Benito,069,59416,6,2,0,2,0
2020-03-13,San Bernardino,071,2135413,95,0,0,0,0
2020-03-13,San Diego,073,3302833,313,8,0,8,0
2020-03-13,San Francisco,075,870044,171,28,0,28,0
2020-03-13,San Joaquin,077,732212,50,6,3,9,0
2020-03-13,San Luis Obispo,079,281455,32,0,0,0,0
2020-03-13,San Mateo,081,765935,192,24,1,25,0
2020-03-13,Santa Barbara,083,443738,37,0,0,0,0
2020-03-13,Santa Clara,085,1922200,460,59,1,60,1
2020-03-13,Santa Cruz,087,273765,32,7,0,7,0
2020-03-13,Shasta,089,179085,3,1,0,1,0
2020-03-13,Sierra,091,2930,0,0,0,0,0
2020-03-13,Siskiyou,093,43540,0,0,0,0,0
2020-03-13,Solano,095,438530,39,26,0,26,0
2020-03-13,Sonoma,097,501317,40,2,0,2,0
2020-03-13,Stanislaus,099,539301,17,2,2,4,0
2020-03-13,Sutter,101,95872,2,0,0,0,0
2020-03-13,Tehama,103,63373,0,0,0,0,0
2020-03-13,Trinity,105,12862,0,0,0,0,0
2020-03-13,Tulare,107,460477,11,2,2,4,0
2020-03-13,Tuolumne,109,53932,1,0,0,0,0
2020-03-13,Ventura,111,848112,54,5,0,5,0
2020-03-13,Yolo,113,214977,15,1,0,1,0
2020-03-13,Yuba,115,75493,1,0,0,0,0
2020-03-12,Alameda,001,1643700,152,9,0,9,0
2020-03-12,Alpine,003,1148,0,0,0,0,0
2020-03-12,Amador,005,37829,1,0,0,0,0
2020-03-12,Butte,007,227075,0,0,0,0,0
2020-03-12,Calaveras,009,45235,2,2,0,2,0
2020-03-12,Colusa,011,21464,0,0,0,0,0
2020-03-12,Contra Costa,013,1133247,108,18,0,18,0
2020-03-12,Del Norte,015,27424,0,0,0,0,0
2020-03-12,El Dorado,017,186661,9,0,0,0,0
2020-03-12,Fresno,019,978130,11,1,1,2,0
2020-03-12,Glenn,021,27897,0,0,0,0,0
2020-03-12,Humboldt,023,135768,6,1,0,1,0
2020-03-12,Imperial,025,180216,11,2,0,2,0
2020-03-12,Inyo,027,18085,0,0,0,0,0
2020-03-12,Kern,029,883053,18,0,0,0,0
2020-03-12,Kings,031,150075,5,0,1,1,0
2020-03-12,Lake,033,64148,0,0,0,0,0
2020-03-12,Lassen,035,31185,0,0,0,0,0
2020-03-12,Los Angeles,037,10098052,859,30,11,41,0
2020-03-12,Madera,039,155013,15,1,0,1,0
2020-03-12,Marin,041,260295,24,1,0,1,0
2020-03-12,Mariposa,043,17540,0,0,0,0,0
2020-03-12,Mendocino,045,87422,2,0,0,0,0
2020-03-12,Merced,047,269075,2,0,0,0,0
2020-03-12,Modoc,049,8938,0,0,0,0,0
2020-03-12,Mono,051,14174,3,0,0,0,0
2020-03-12,Monterey,053,433212,6,0,0,0,0
2020-03-12,Napa,055,140530,3,0,0,0,0
2020-03-12,Nevada,057,99092,4,0,1,1,0
2020-03-12,Orange,059,3164182,237,7,0,7,0
2020-03-12,Placer,061,380077,22,6,0,6,1
2020-03-12,Plumas,063,18699,0,0,0,0,0
2020-03-12,Riverside,065,2383286,98,5,1,6,0
2020-03-12,Sacramento,067,1510023,106,17,0,17,1
2020-03-12,San Benito,069,59416,5,2,0,2,0
2020-03-12,San Bernardino,071,2135413,79,0,0,0,0
2020-03-12,San Diego,073,3302833,258,9,0,9,0
2020-03-12,San Francisco,075,870044,148,20,0,20,0
2020-03-12,San Joaquin,077,732212,44,3,3,6,1
2020-03-12,San Luis Obispo,079,281455,25,0,0,0,0
2020-03-12,San Mateo,081,765935,158,21,1,22,0
2020-03-12,Santa Barbara,083,443738,25,0,0,0,0
2020-03-12,Santa Clara,085,1922200,402,51,1,52,1
2020-03-12,Santa Cruz,087,273765,29,5,0,5,0
2020-03-12,Shasta,089,179085,2,1,0,1,0
2020-03-12,Sierra,091,2930,0,0,0,0,0
2020-03-12,Siskiyou,093,43540,0,0,0,0,0
2020-03-12,Solano,095,438530,34,26,0,26,0
2020-03-12,Sonoma,097,501317,34,2,0,2,0
2020-03-12,Stanislaus,099,539301,15,2,2,4,0
2020-03-12,Sutter,101,95872,0,0,0,0,0
2020-03-12,Tehama,103,63373,0,0,0,0,0
2020-03-12,Trinity,105,12862,0,0,0,0,0
2020-03-12,Tulare,107,460477,11,1,1,2,0
2020-03-12,Tuolumne,109,53932,1,0,0,0,0
2020-03-12,Ventura,111,848112,45,3,0,3,0
2020-03-12,Yolo,113,214977,14,1,0,1,0
2020-03-12,Yuba,115,75493,1,0,0,0,0
2020-03-11,Alameda,001,1643700,120,5,0,5,0
2020-03-11,Alpine,003,1148,0,0,0,0,0
2020-03-11,Amador,005,37829,1,0,0,0,0
2020-03-11,Butte,007,227075,0,0,0,0,0
2020-03-11,Calaveras,009,45235,2,2,0,2,0
2020-03-11,Colusa,011,21464,0,0,0,0,0
2020-03-11,Contra Costa,013,1133247,93,16,0,16,0
2020-03-11,Del Norte,015,27424,0,0,0,0,0
2020-03-11,El Dorado,017,186661,8,0,0,0,0
2020-03-11,Fresno,019,978130,8,1,1,2,0
2020-03-11,Glenn,021,27897,0,0,0,0,0
2020-03-11,Humboldt,023,135768,6,1,0,1,0
2020-03-11,Imperial,025,180216,9,0,0,0,0
2020-03-11,Inyo,027,18085,0,0,0,0,0
2020-03-11,Kern,029,883053,16,0,0,0,0
2020-03-11,Kings,031,150075,3,0,1,1,0
2020-03-11,Lake,033,64148,0,0,0,0,0
2020-03-11,Lassen,035,31185,0,0,0,0,0
2020-03-11,Los Angeles,037,10098052,691,21,11,32,0
2020-03-11,Madera,039,155013,13,1,0,1,0
2020-03-11,Marin,041,260295,17,1,0,1,0
2020-03-11,Mariposa,043,17540,0,0,0,0,0
2020-03-11,Mendocino,045,87422,1,0,0,0,0
2020-03-11,Merced,047,269075,2,0,0,0,0
2020-03-11,Modoc,049,8938,0,0,0,0,0
2020-03-11,Mono,051,14174,3,0,0,0,0
2020-03-11,Monterey,053,433212,5,0,0,0,0
2020-03-11,Napa,055,140530,2,0,0,0,0
2020-03-11,Nevada,057,99092,4,0,1,1,0
2020-03-11,Orange,059,3164182,205,6,0,6,0
2020-03-11,Placer,061,380077,18,6,0,6,1
2020-03-11,Plumas,063,18699,0,0,0,0,0
2020-03-11,Riverside,065,2383286,75,4,1,5,0
2020-03-11,Sacramento,067,1510023,88,9,0,9,1
2020-03-11,San Benito,069,59416,5,2,0,2,0
2020-03-11,San Bernardino,071,2135413,72,0,0,0,0
2020-03-11,San Diego,073,3302833,208,4,0,4,0
2020-03-11,San Francisco,075,870044,123,17,0,17,0
2020-03-11,San Joaquin,077,732212,33,1,3,4,0
2020-03-11,San Luis Obispo,079,281455,22,0,0,0,0
2020-03-11,San Mateo,081,765935,140,16,0,16,0
2020-03-11,Santa Barbara,083,443738,15,0,0,0,0
2020-03-11,Santa Clara,085,1922200,362,48,1,49,1
2020-03-11,Santa Cruz,087,273765,26,2,0,2,0
2020-03-11,Shasta,089,179085,2,1,0,1,0
2020-03-11,Sierra,091,2930,0,0,0,0,0
2020-03-11,Siskiyou,093,43540,0,0,0,0,0
2020-03-11,Solano,095,438530,29,26,0,26,0
2020-03-11,Sonoma,097,501317,30,2,0,2,0
2020-03-11,Stanislaus,099,539301,15,2,2,4,0
2020-03-11,Sutter,101,95872,0,0,0,0,0
2020-03-11,Tehama,103,63373,0,0,0,0,0
2020-03-11,Trinity,105,12862,0,0,0,0,0
2020-03-11,Tulare,107,460477,10,0,1,1,0
2020-03-11,Tuolumne,109,53932,1,0,0,0,0
2020-03-11,Ventura,111,848112,37,3,0,3,0
2020-03-11,Yolo,113,214977,10,1,0,1,0
2020-03-11,Yuba,115,75493,1,0,0,0,0
2020-03-10,Alameda,001,1643700,99,4,0,4,0
2020-03-10,Alpine,003,1148,0,0,0,0,0
2020-03-10,Amador,005,37829,1,0,0,0,0
2020-03-10,Butte,007,227075,0,0,0,0,0
2020-03-10,Calaveras,009,45235,2,2,0,2,0
2020-03-10,Colusa,011,21464,0,0,0,0,0
2020-03-10,Contra Costa,013,1133247,84,11,0,11,0
2020-03-10,Del Norte,015,27424,0,0,0,0,0
2020-03-10,El Dorado,017,186661,7,0,0,0,0
2020-03-10,Fresno,019,978130,6,1,1,2,0
2020-03-10,Glenn,021,27897,0,0,0,0,0
2020-03-10,Humboldt,023,135768,6,1,0,1,0
2020-03-10,Imperial,025,180216,8,0,0,0,0
2020-03-10,Inyo,027,18085,0,0,0,0,0
2020-03-10,Kern,029,883053,11,0,0,0,0
2020-03-10,Kings,031,150075,3,0,1,1,0
2020-03-10,Lake,033,64148,0,0,0,0,0
2020-03-10,Lassen,035,31185,0,0,0,0,0
2020-03-10,Los Angeles,037,10098052,555,20,11,31,0
2020-03-10,Madera,039,155013,7,1,0,1,0
2020-03-10,Marin,041,260295,16,1,0,1,0
2020-03-10,Mariposa,043,17540,0,0,0,0,0
2020-03-10,Mendocino,045,87422,0,0,0,0,0
2020-03-10,Merced,047,269075,2,0,0,0,0
2020-03-10,Modoc,049,8938,0,0,0,0,0
2020-03-10,Mono,051,14174,3,0,0,0,0
2020-03-10,Monterey,053,433212,3,0,0,0,0
2020-03-10,Napa,055,140530,2,0,0,0,0
2020-03-10,Nevada,057,99092,3,0,1,1,0
2020-03-10,Orange,059,3164182,185,5,0,5,1
2020-03-10,Placer,061,380077,14,7,0,7,1
2020-03-10,Plumas,063,18699,0,0,0,0,0
2020-03-10,Riverside,065,2383286,56,4,1,5,0
2020-03-10,Sacramento,067,1510023,79,8,0,8,0
2020-03-10,San Benito,069,59416,5,2,0,2,0
2020-03-10,San Bernardino,071,2135413,64,0,0,0,0
2020-03-10,San Diego,073,3302833,165,3,0,3,0
2020-03-10,San Francisco,075,870044,91,16,0,16,0
2020-03-10,San Joaquin,077,732212,30,1,3,4,0
2020-03-10,San Luis Obispo,079,281455,15,0,0,0,0
2020-03-10,San Mateo,081,765935,124,11,0,11,0
2020-03-10,Santa Barbara,083,443738,11,0,0,0,0
2020-03-10,Santa Clara,085,1922200,315,45,1,46,1
2020-03-10,Santa Cruz,087,273765,22,2,0,2,0
2020-03-10,Shasta,089,179085,2,1,0,1,0
2020-03-10,Sierra,091,2930,0,0,0,0,0
2020-03-10,Siskiyou,093,43540,0,0,0,0,0
2020-03-10,Solano,095,438530,27,26,0,26,0
2020-03-10,Sonoma,097,501317,27,2,0,2,0
2020-03-10,Stanislaus,099,539301,11,0,2,2,0
2020-03-10,Sutter,101,95872,0,0,0,0,0
2020-03-10,Tehama,103,63373,0,0,0,0,0
2020-03-10,Trinity,105,12862,0,0,0,0,0
2020-03-10,Tulare,107,460477,9,0,1,1,0
2020-03-10,Tuolumne,109,53932,1,0,0,0,0
2020-03-10,Ventura,111,848112,29,1,0,1,0
2020-03-10,Yolo,113,214977,7,2,0,2,0
2020-03-10,Yuba,115,75493,1,0,0,0,0
2020-03-09,Alameda,001,1643700,71,4,0,4,0
2020-03-09,Alpine,003,1148,0,0,0,0,0
2020-03-09,Amador,005,37829,0,0,0,0,0
2020-03-09,Butte,007,227075,0,0,0,0,0
2020-03-09,Calaveras,009,45235,2,0,0,0,0
2020-03-09,Colusa,011,21464,0,0,0,0,0
2020-03-09,Contra Costa,013,1133247,72,9,0,9,0
2020-03-09,Del Norte,015,27424,0,0,0,0,0
2020-03-09,El Dorado,017,186661,5,0,0,0,0
2020-03-09,Fresno,019,978130,6,1,1,2,0
2020-03-09,Glenn,021,27897,0,0,0,0,0
2020-03-09,Humboldt,023,135768,5,1,0,1,0
2020-03-09,Imperial,025,180216,8,0,0,0,0
2020-03-09,Inyo,027,18085,0,0,0,0,0
2020-03-09,Kern,029,883053,8,0,0,0,0
2020-03-09,Kings,031,150075,2,0,1,1,0
2020-03-09,Lake,033,64148,0,0,0,0,0
2020-03-09,Lassen,035,31185,0,0,0,0,0
2020-03-09,Los Angeles,037,10098052,453,17,10,27,0
2020-03-09,Madera,039,155013,7,1,0,1,0
2020-03-09,Marin,041,260295,15,1,0,1,0
2020-03-09,Mariposa,043,17540,0,0,0,0,0
2020-03-09,Mendocino,045,87422,0,0,0,0,0
2020-03-09,Merced,047,269075,2,0,0,0,0
2020-03-09,Modoc,049,8938,0,0,0,0,0
2020-03-09,Mono,051,14174,3,0,0,0,0
2020-03-09,Monterey,053,433212,1,0,0,0,0
2020-03-09,Napa,055,140530,2,0,0,0,0
2020-03-09,Nevada,057,99092,2,0,1,1,0
2020-03-09,Orange,059,3164182,157,4,0,4,0
2020-03-09,Placer,061,380077,12,7,0,7,1
2020-03-09,Plumas,063,18699,0,0,0,0,0
2020-03-09,Riverside,065,2383286,47,4,1,5,0
2020-03-09,Sacramento,067,1510023,75,8,0,8,0
2020-03-09,San Benito,069,59416,3,2,0,2,0
2020-03-09,San Bernardino,071,2135413,53,0,0,0,0
2020-03-09,San Diego,073,3302833,126,2,0,2,0
2020-03-09,San Francisco,075,870044,71,14,0,14,0
2020-03-09,San Joaquin,077,732212,21,0,3,3,0
2020-03-09,San Luis Obispo,079,281455,15,0,0,0,0
2020-03-09,San Mateo,081,765935,110,6,0,6,0
2020-03-09,Santa Barbara,083,443738,9,0,0,0,0
2020-03-09,Santa Clara,085,1922200,271,42,1,43,1
2020-03-09,Santa Cruz,087,273765,19,2,0,2,0
2020-03-09,Shasta,089,179085,2,1,0,1,0
2020-03-09,Sierra,091,2930,0,0,0,0,0
2020-03-09,Siskiyou,093,43540,0,0,0,0,0
2020-03-09,Solano,095,438530,25,26,0,26,0
2020-03-09,Sonoma,097,501317,22,2,0,2,0
2020-03-09,Stanislaus,099,539301,11,0,2,2,0
2020-03-09,Sutter,101,95872,0,0,0,0,0
2020-03-09,Tehama,103,63373,0,0,0,0,0
2020-03-09,Trinity,105,12862,0,0,0,0,0
2020-03-09,Tulare,107,460477,9,0,1,1,0
2020-03-09,Tuolumne,109,53932,1,0,0,0,0
2020-03-09,Ventura,111,848112,25,1,0,1,0
2020-03-09,Yolo,113,214977,6,2,0,2,0
2020-03-09,Yuba,115,75493,0,0,0,0,0
2020-03-08,Alameda,001,1643700,46,4,0,4,0
2020-03-08,Alpine,003,1148,0,0,0,0,0
2020-03-08,Amador,005,37829,0,0,0,0,0
2020-03-08,Butte,007,227075,0,0,0,0,0
2020-03-08,Calaveras,009,45235,2,0,0,0,0
2020-03-08,Colusa,011,21464,0,0,0,0,0
2020-03-08,Contra Costa,013,1133247,58,9,0,9,0
2020-03-08,Del Norte,015,27424,0,0,0,0,0
2020-03-08,El Dorado,017,186661,5,0,0,0,0
2020-03-08,Fresno,019,978130,4,1,1,2,0
2020-03-08,Glenn,021,27897,0,0,0,0,0
2020-03-08,Humboldt,023,135768,5,1,0,1,0
2020-03-08,Imperial,025,180216,8,0,0,0,0
2020-03-08,Inyo,027,18085,0,0,0,0,0
2020-03-08,Kern,029,883053,8,0,0,0,0
2020-03-08,Kings,031,150075,1,0,1,1,0
2020-03-08,Lake,033,64148,0,0,0,0,0
2020-03-08,Lassen,035,31185,0,0,0,0,0
2020-03-08,Los Angeles,037,10098052,360,14,10,24,0
2020-03-08,Madera,039,155013,7,1,0,1,0
2020-03-08,Marin,041,260295,13,1,0,1,0
2020-03-08,Mariposa,043,17540,0,0,0,0,0
2020-03-08,Mendocino,045,87422,0,0,0,0,0
2020-03-08,Merced,047,269075,2,0,0,0,0
2020-03-08,Modoc,049,8938,0,0,0,0,0
2020-03-08,Mono,051,14174,3,0,0,0,0
2020-03-08,Monterey,053,433212,1,0,0,0,0
2020-03-08,Napa,055,140530,2,0,0,0,0
2020-03-08,Nevada,057,99092,1,0,1,1,0
2020-03-08,Orange,059,3164182,132,4,0,4,0
2020-03-08,Placer,061,380077,11,7,0,7,1
2020-03-08,Plumas,063,18699,0,0,0,0,0
2020-03-08,Riverside,065,2383286,40,1,1,2,0
2020-03-08,Sacramento,067,1510023,65,5,0,5,0
2020-03-08,San Benito,069,59416,3,2,0,2,0
2020-03-08,San Bernardino,071,2135413,42,0,0,0,0
2020-03-08,San Diego,073,3302833,92,2,0,2,0
2020-03-08,San Francisco,075,870044,52,9,0,9,0
2020-03-08,San Joaquin,077,732212,18,0,3,3,0
2020-03-08,San Luis Obispo,079,281455,9,0,0,0,0
2020-03-08,San Mateo,081,765935,97,4,0,4,0
2020-03-08,Santa Barbara,083,443738,6,0,0,0,0
2020-03-08,Santa Clara,085,1922200,230,36,1,37,0
2020-03-08,Santa Cruz,087,273765,17,1,0,1,0
2020-03-08,Shasta,089,179085,2,0,0,0,0
2020-03-08,Sierra,091,2930,0,0,0,0,0
2020-03-08,Siskiyou,093,43540,0,0,0,0,0
2020-03-08,Solano,095,438530,24,26,0,26,0
2020-03-08,Sonoma,097,501317,17,2,0,2,0
2020-03-08,Stanislaus,099,539301,10,0,2,2,0
2020-03-08,Sutter,101,95872,0,0,0,0,0
2020-03-08,Tehama,103,63373,0,0,0,0,0
2020-03-08,Trinity,105,12862,0,0,0,0,0
2020-03-08,Tulare,107,460477,9,0,0,0,0
2020-03-08,Tuolumne,109,53932,1,0,0,0,0
2020-03-08,Ventura,111,848112,21,1,0,1,0
2020-03-08,Yolo,113,214977,3,2,0,2,0
2020-03-08,Yuba,115,75493,0,0,0,0,0
2020-03-07,Alameda,001,1643700,41,3,0,3,0
2020-03-07,Alpine,003,1148,0,0,0,0,0
2020-03-07,Amador,005,37829,0,0,0,0,0
2020-03-07,Butte,007,227075,0,0,0,0,0
2020-03-07,Calaveras,009,45235,2,0,0,0,0
2020-03-07,Colusa,011,21464,0,0,0,0,0
2020-03-07,Contra Costa,013,1133247,55,4,0,4,0
2020-03-07,Del Norte,015,27424,0,0,0,0,0
2020-03-07,El Dorado,017,186661,4,0,0,0,0
2020-03-07,Fresno,019,978130,3,1,1,2,0
2020-03-07,Glenn,021,27897,0,0,0,0,0
2020-03-07,Humboldt,023,135768,5,1,0,1,0
2020-03-07,Imperial,025,180216,7,0,0,0,0
2020-03-07,Inyo,027,18085,0,0,0,0,0
2020-03-07,Kern,029,883053,7,0,0,0,0
2020-03-07,Kings,031,150075,1,0,1,1,0
2020-03-07,Lake,033,64148,0,0,0,0,0
2020-03-07,Lassen,035,31185,0,0,0,0,0
2020-03-07,Los Angeles,037,10098052,310,14,10,24,0
2020-03-07,Madera,039,155013,6,1,0,1,0
2020-03-07,Marin,041,260295,11,0,0,0,0
2020-03-07,Mariposa,043,17540,0,0,0,0,0
2020-03-07,Mendocino,045,87422,0,0,0,0,0
2020-03-07,Merced,047,269075,2,0,0,0,0
2020-03-07,Modoc,049,8938,0,0,0,0,0
2020-03-07,Mono,051,14174,3,0,0,0,0
2020-03-07,Monterey,053,433212,1,0,0,0,0
2020-03-07,Napa,055,140530,1,0,0,0,0
2020-03-07,Nevada,057,99092,1,0,1,1,0
2020-03-07,Orange,059,3164182,124,4,0,4,0
2020-03-07,Placer,061,380077,11,6,0,6,1
2020-03-07,Plumas,063,18699,0,0,0,0,0
2020-03-07,Riverside,065,2383286,30,0,1,1,0
2020-03-07,Sacramento,067,1510023,52,4,0,4,0
2020-03-07,San Benito,069,59416,3,2,0,2,0
2020-03-07,San Bernardino,071,2135413,40,0,0,0,0
2020-03-07,San Diego,073,3302833,74,2,0,2,0
2020-03-07,San Francisco,075,870044,46,9,0,9,0
2020-03-07,San Joaquin,077,732212,16,0,3,3,0
2020-03-07,San Luis Obispo,079,281455,6,0,0,0,0
2020-03-07,San Mateo,081,765935,87,1,0,1,0
2020-03-07,Santa Barbara,083,443738,5,0,0,0,0
2020-03-07,Santa Clara,085,1922200,201,31,1,32,0
2020-03-07,Santa Cruz,087,273765,17,1,0,1,0
2020-03-07,Shasta,089,179085,2,0,0,0,0
2020-03-07,Sierra,091,2930,0,0,0,0,0
2020-03-07,Siskiyou,093,43540,0,0,0,0,0
2020-03-07,Solano,095,438530,23,25,0,25,0
2020-03-07,Sonoma,097,501317,13,2,0,2,0
2020-03-07,Stanislaus,099,539301,9,0,2,2,0
2020-03-07,Sutter,101,95872,0,0,0,0,0
2020-03-07,Tehama,103,63373,0,0,0,0,0
2020-03-07,Trinity,105,12862,0,0,0,0,0
2020-03-07,Tulare,107,460477,6,0,0,0,0
2020-03-07,Tuolumne,109,53932,1,0,0,0,0
2020-03-07,Ventura,111,848112,18,1,0,1,0
2020-03-07,Yolo,113,214977,3,2,0,2,0
2020-03-07,Yuba,115,75493,0,0,0,0,0
2020-03-06,Alameda,001,1643700,39,3,0,3,0
2020-03-06,Alpine,003,1148,0,0,0,0,0
2020-03-06,Amador,005,37829,0,0,0,0,0
2020-03-06,Butte,007,227075,0,0,0,0,0
2020-03-06,Calaveras,009,45235,2,0,0,0,0
2020-03-06,Colusa,011,21464,0,0,0,0,0
2020-03-06,Contra Costa,013,1133247,46,4,0,4,0
2020-03-06,Del Norte,015,27424,0,0,0,0,0
2020-03-06,El Dorado,017,186661,3,0,0,0,0
2020-03-06,Fresno,019,978130,2,0,1,1,0
2020-03-06,Glenn,021,27897,0,0,0,0,0
2020-03-06,Humboldt,023,135768,4,1,0,1,0
2020-03-06,Imperial,025,180216,6,0,0,0,0
2020-03-06,Inyo,027,18085,0,0,0,0,0
2020-03-06,Kern,029,883053,6,0,0,0,0
2020-03-06,Kings,031,150075,1,0,1,1,0
2020-03-06,Lake,033,64148,0,0,0,0,0
2020-03-06,Lassen,035,31185,0,0,0,0,0
2020-03-06,Los Angeles,037,10098052,267,13,10,23,0
2020-03-06,Madera,039,155013,5,0,0,0,0
2020-03-06,Marin,041,260295,10,0,0,0,0
2020-03-06,Mariposa,043,17540,0,0,0,0,0
2020-03-06,Mendocino,045,87422,0,0,0,0,0
2020-03-06,Merced,047,269075,2,0,0,0,0
2020-03-06,Modoc,049,8938,0,0,0,0,0
2020-03-06,Mono,051,14174,1,0,0,0,0
2020-03-06,Monterey,053,433212,1,0,0,0,0
2020-03-06,Napa,055,140530,1,0,0,0,0
2020-03-06,Nevada,057,99092,1,0,1,1,0
2020-03-06,Orange,059,3164182,98,4,0,4,0
2020-03-06,Placer,061,380077,10,5,0,5,1
2020-03-06,Plumas,063,18699,0,0,0,0,0
2020-03-06,Riverside,065,2383286,30,0,1,1,0
2020-03-06,Sacramento,067,1510023,43,2,0,2,0
2020-03-06,San Benito,069,59416,3,2,0,2,0
2020-03-06,San Bernardino,071,2135413,38,0,0,0,0
2020-03-06,San Diego,073,3302833,61,2,0,2,0
2020-03-06,San Francisco,075,870044,40,2,0,2,0
2020-03-06,San Joaquin,077,732212,13,0,3,3,0
2020-03-06,San Luis Obispo,079,281455,4,0,0,0,0
2020-03-06,San Mateo,081,765935,79,1,0,1,0
2020-03-06,Santa Barbara,083,443738,3,0,0,0,0
2020-03-06,Santa Clara,085,1922200,183,20,1,21,0
2020-03-06,Santa Cruz,087,273765,15,0,0,0,0
2020-03-06,Shasta,089,179085,2,0,0,0,0
2020-03-06,Sierra,091,2930,0,0,0,0,0
2020-03-06,Siskiyou,093,43540,0,0,0,0,0
2020-03-06,Solano,095,438530,22,25,0,25,0
2020-03-06,Sonoma,097,501317,13,2,0,2,0
2020-03-06,Stanislaus,099,539301,5,0,2,2,0
2020-03-06,Sutter,101,95872,0,0,0,0,0
2020-03-06,Tehama,103,63373,0,0,0,0,0
2020-03-06,Trinity,105,12862,0,0,0,0,0
2020-03-06,Tulare,107,460477,6,0,0,0,0
2020-03-06,Tuolumne,109,53932,1,0,0,0,0
2020-03-06,Ventura,111,848112,15,1,0,1,0
2020-03-06,Yolo,113,214977,3,1,0,1,0
2020-03-06,Yuba,115,75493,0,0,0,0,0
2020-03-05,Alameda,001,1643700,34,2,0,2,0
2020-03-05,Alpine,003,1148,0,0,0,0,0
2020-03-05,Amador,005,37829,0,0,0,0,0
2020-03-05,Butte,007,227075,0,0,0,0,0
2020-03-05,Calaveras,009,45235,2,0,0,0,0
2020-03-05,Colusa,011,21464,0,0,0,0,0
2020-03-05,Contra Costa,013,1133247,39,1,0,1,0
2020-03-05,Del Norte,015,27424,0,0,0,0,0
2020-03-05,El Dorado,017,186661,1,0,0,0,0
2020-03-05,Fresno,019,978130,2,0,1,1,0
2020-03-05,Glenn,021,27897,0,0,0,0,0
2020-03-05,Humboldt,023,135768,4,1,0,1,0
2020-03-05,Imperial,025,180216,5,0,0,0,0
2020-03-05,Inyo,027,18085,0,0,0,0,0
2020-03-05,Kern,029,883053,6,0,0,0,0
2020-03-05,Kings,031,150075,1,0,1,1,0
2020-03-05,Lake,033,64148,0,0,0,0,0
2020-03-05,Lassen,035,31185,0,0,0,0,0
2020-03-05,Los Angeles,037,10098052,220,11,10,21,0
2020-03-05,Madera,039,155013,5,0,0,0,0
2020-03-05,Marin,041,260295,10,0,0,0,0
2020-03-05,Mariposa,043,17540,0,0,0,0,0
2020-03-05,Mendocino,045,87422,0,0,0,0,0
2020-03-05,Merced,047,269075,2,0,0,0,0
2020-03-05,Modoc,049,8938,0,0,0,0,0
2020-03-05,Mono,051,14174,1,0,0,0,0
2020-03-05,Monterey,053,433212,1,0,0,0,0
2020-03-05,Napa,055,140530,1,0,0,0,0
2020-03-05,Nevada,057,99092,0,0,1,1,0
2020-03-05,Orange,059,3164182,83,3,0,3,0
2020-03-05,Placer,061,380077,10,2,0,2,1
2020-03-05,Plumas,063,18699,0,0,0,0,0
2020-03-05,Riverside,065,2383286,27,0,1,1,0
2020-03-05,Sacramento,067,1510023,37,2,0,2,0
2020-03-05,San Benito,069,59416,1,2,0,2,0
2020-03-05,San Bernardino,071,2135413,33,0,0,0,0
2020-03-05,San Diego,073,3302833,54,2,0,2,0
2020-03-05,San Francisco,075,870044,30,2,0,2,0
2020-03-05,San Joaquin,077,732212,10,0,3,3,0
2020-03-05,San Luis Obispo,079,281455,4,0,0,0,0
2020-03-05,San Mateo,081,765935,65,1,0,1,0
2020-03-05,Santa Barbara,083,443738,2,0,0,0,0
2020-03-05,Santa Clara,085,1922200,162,14,1,15,0
2020-03-05,Santa Cruz,087,273765,13,0,0,0,0
2020-03-05,Shasta,089,179085,2,0,0,0,0
2020-03-05,Sierra,091,2930,0,0,0,0,0
2020-03-05,Siskiyou,093,43540,0,0,0,0,0
2020-03-05,Solano,095,438530,22,24,0,24,0
2020-03-05,Sonoma,097,501317,12,2,0,2,0
2020-03-05,Stanislaus,099,539301,4,0,2,2,0
2020-03-05,Sutter,101,95872,0,0,0,0,0
2020-03-05,Tehama,103,63373,0,0,0,0,0
2020-03-05,Trinity,105,12862,0,0,0,0,0
2020-03-05,Tulare,107,460477,6,0,0,0,0
2020-03-05,Tuolumne,109,53932,1,0,0,0,0
2020-03-05,Ventura,111,848112,13,0,0,0,0
2020-03-05,Yolo,113,214977,3,0,0,0,0
2020-03-05,Yuba,115,75493,0,0,0,0,0
2020-03-04,Alameda,001,1643700,30,2,0,2,0
2020-03-04,Alpine,003,1148,0,0,0,0,0
2020-03-04,Amador,005,37829,0,0,0,0,0
2020-03-04,Butte,007,227075,0,0,0,0,0
2020-03-04,Calaveras,009,45235,0,0,0,0,0
2020-03-04,Colusa,011,21464,0,0,0,0,0
2020-03-04,Contra Costa,013,1133247,34,1,0,1,0
2020-03-04,Del Norte,015,27424,0,0,0,0,0
2020-03-04,El Dorado,017,186661,1,0,0,0,0
2020-03-04,Fresno,019,978130,2,0,1,1,0
2020-03-04,Glenn,021,27897,0,0,0,0,0
2020-03-04,Humboldt,023,135768,1,1,0,1,0
2020-03-04,Imperial,025,180216,5,0,0,0,0
2020-03-04,Inyo,027,18085,0,0,0,0,0
2020-03-04,Kern,029,883053,6,0,0,0,0
2020-03-04,Kings,031,150075,1,0,1,1,0
2020-03-04,Lake,033,64148,0,0,0,0,0
2020-03-04,Lassen,035,31185,0,0,0,0,0
2020-03-04,Los Angeles,037,10098052,185,7,10,17,0
2020-03-04,Madera,039,155013,5,0,0,0,0
2020-03-04,Marin,041,260295,10,0,0,0,0
2020-03-04,Mariposa,043,17540,0,0,0,0,0
2020-03-04,Mendocino,045,87422,0,0,0,0,0
2020-03-04,Merced,047,269075,2,0,0,0,0
2020-03-04,Modoc,049,8938,0,0,0,0,0
2020-03-04,Mono,051,14174,1,0,0,0,0
2020-03-04,Monterey,053,433212,1,0,0,0,0
2020-03-04,Napa,055,140530,1,0,0,0,0
2020-03-04,Nevada,057,99092,0,0,1,1,0
2020-03-04,Orange,059,3164182,80,3,0,3,0
2020-03-04,Placer,061,380077,9,2,0,2,1
2020-03-04,Plumas,063,18699,0,0,0,0,0
2020-03-04,Riverside,065,2383286,23,0,1,1,0
2020-03-04,Sacramento,067,1510023,32,1,0,1,0
2020-03-04,San Benito,069,59416,1,2,0,2,0
2020-03-04,San Bernardino,071,2135413,30,0,0,0,0
2020-03-04,San Diego,073,3302833,41,2,0,2,0
2020-03-04,San Francisco,075,870044,25,0,0,0,0
2020-03-04,San Joaquin,077,732212,9,0,3,3,0
2020-03-04,San Luis Obispo,079,281455,4,0,0,0,0
2020-03-04,San Mateo,081,765935,60,1,0,1,0
2020-03-04,Santa Barbara,083,443738,2,0,0,0,0
2020-03-04,Santa Clara,085,1922200,145,12,1,13,0
2020-03-04,Santa Cruz,087,273765,13,0,0,0,0
2020-03-04,Shasta,089,179085,2,0,0,0,0
2020-03-04,Sierra,091,2930,0,0,0,0,0
2020-03-04,Siskiyou,093,43540,0,0,0,0,0
2020-03-04,Solano,095,438530,21,24,0,24,0
2020-03-04,Sonoma,097,501317,11,2,0,2,0
2020-03-04,Stanislaus,099,539301,4,0,2,2,0
2020-03-04,Sutter,101,95872,0,0,0,0,0
2020-03-04,Tehama,103,63373,0,0,0,0,0
2020-03-04,Trinity,105,12862,0,0,0,0,0
2020-03-04,Tulare,107,460477,6,0,0,0,0
2020-03-04,Tuolumne,109,53932,0,0,0,0,0
2020-03-04,Ventura,111,848112,12,0,0,0,0
2020-03-04,Yolo,113,214977,3,0,0,0,0
2020-03-04,Yuba,115,75493,0,0,0,0,0
2020-03-03,Alameda,001,1643700,24,2,0,2,0
2020-03-03,Alpine,003,1148,0,0,0,0,0
2020-03-03,Amador,005,37829,0,0,0,0,0
2020-03-03,Butte,007,227075,0,0,0,0,0
2020-03-03,Calaveras,009,45235,0,0,0,0,0
2020-03-03,Colusa,011,21464,0,0,0,0,0
2020-03-03,Contra Costa,013,1133247,30,0,0,0,0
2020-03-03,Del Norte,015,27424,0,0,0,0,0
2020-03-03,El Dorado,017,186661,1,0,0,0,0
2020-03-03,Fresno,019,978130,1,0,1,1,0
2020-03-03,Glenn,021,27897,0,0,0,0,0
2020-03-03,Humboldt,023,135768,1,1,0,1,0
2020-03-03,Imperial,025,180216,5,0,0,0,0
2020-03-03,Inyo,027,18085,0,0,0,0,0
2020-03-03,Kern,029,883053,4,0,0,0,0
2020-03-03,Kings,031,150075,1,0,1,1,0
2020-03-03,Lake,033,64148,0,0,0,0,0
2020-03-03,Lassen,035,31185,0,0,0,0,0
2020-03-03,Los Angeles,037,10098052,166,5,10,15,0
2020-03-03,Madera,039,155013,4,0,0,0,0
2020-03-03,Marin,041,260295,6,0,0,0,0
2020-03-03,Mariposa,043,17540,0,0,0,0,0
2020-03-03,Mendocino,045,87422,0,0,0,0,0
2020-03-03,Merced,047,269075,2,0,0,0,0
2020-03-03,Modoc,049,8938,0,0,0,0,0
2020-03-03,Mono,051,14174,1,0,0,0,0
2020-03-03,Monterey,053,433212,0,0,0,0,0
2020-03-03,Napa,055,140530,1,0,0,0,0
2020-03-03,Nevada,057,99092,0,0,1,1,0
2020-03-03,Orange,059,3164182,72,1,0,1,0
2020-03-03,Placer,061,380077,8,2,0,2,0
2020-03-03,Plumas,063,18699,0,0,0,0,0
2020-03-03,Riverside,065,2383286,20,0,1,1,0
2020-03-03,Sacramento,067,1510023,31,1,0,1,0
2020-03-03,San Benito,069,59416,1,2,0,2,0
2020-03-03,San Bernardino,071,2135413,27,0,0,0,0
2020-03-03,San Diego,073,3302833,34,2,0,2,0
2020-03-03,San Francisco,075,870044,23,0,0,0,0
2020-03-03,San Joaquin,077,732212,8,0,3,3,0
2020-03-03,San Luis Obispo,079,281455,2,0,0,0,0
2020-03-03,San Mateo,081,765935,53,1,0,1,0
2020-03-03,Santa Barbara,083,443738,1,0,0,0,0
2020-03-03,Santa Clara,085,1922200,130,11,1,12,0
2020-03-03,Santa Cruz,087,273765,10,0,0,0,0
2020-03-03,Shasta,089,179085,2,0,0,0,0
2020-03-03,Sierra,091,2930,0,0,0,0,0
2020-03-03,Siskiyou,093,43540,0,0,0,0,0
2020-03-03,Solano,095,438530,20,24,0,24,0
2020-03-03,Sonoma,097,501317,11,1,0,1,0
2020-03-03,Stanislaus,099,539301,4,0,2,2,0
2020-03-03,Sutter,101,95872,0,0,0,0,0
2020-03-03,Tehama,103,63373,0,0,0,0,0
2020-03-03,Trinity,105,12862,0,0,0,0,0
2020-03-03,Tulare,107,460477,6,0,0,0,0
2020-03-03,Tuolumne,109,53932,0,0,0,0,0
2020-03-03,Ventura,111,848112,11,0,0,0,0
2020-03-03,Yolo,113,214977,2,0,0,0,0
2020-03-03,Yuba,115,75493,0,0,0,0,0
2020-03-02,Alameda,001,1643700,21,1,0,1,0
2020-03-02,Alpine,003,1148,0,0,0,0,0
2020-03-02,Amador,005,37829,0,0,0,0,0
2020-03-02,Butte,007,227075,0,0,0,0,0
2020-03-02,Calaveras,009,45235,0,0,0,0,0
2020-03-02,Colusa,011,21464,0,0,0,0,0
2020-03-02,Contra Costa,013,1133247,27,0,0,0,0
2020-03-02,Del Norte,015,27424,0,0,0,0,0
2020-03-02,El Dorado,017,186661,1,0,0,0,0
2020-03-02,Fresno,019,978130,1,0,1,1,0
2020-03-02,Glenn,021,27897,0,0,0,0,0
2020-03-02,Humboldt,023,135768,1,1,0,1,0
2020-03-02,Imperial,025,180216,5,0,0,0,0
2020-03-02,Inyo,027,18085,0,0,0,0,0
2020-03-02,Kern,029,883053,4,0,0,0,0
2020-03-02,Kings,031,150075,1,0,1,1,0
2020-03-02,Lake,033,64148,0,0,0,0,0
2020-03-02,Lassen,035,31185,0,0,0,0,0
2020-03-02,Los Angeles,037,10098052,151,1,10,11,0
2020-03-02,Madera,039,155013,4,0,0,0,0
2020-03-02,Marin,041,260295,6,0,0,0,0
2020-03-02,Mariposa,043,17540,0,0,0,0,0
2020-03-02,Mendocino,045,87422,0,0,0,0,0
2020-03-02,Merced,047,269075,1,0,0,0,0
2020-03-02,Modoc,049,8938,0,0,0,0,0
2020-03-02,Mono,051,14174,1,0,0,0,0
2020-03-02,Monterey,053,433212,0,0,0,0,0
2020-03-02,Napa,055,140530,1,0,0,0,0
2020-03-02,Nevada,057,99092,0,0,1,1,0
2020-03-02,Orange,059,3164182,67,1,0,1,0
2020-03-02,Placer,061,380077,8,1,0,1,0
2020-03-02,Plumas,063,18699,0,0,0,0,0
2020-03-02,Riverside,065,2383286,19,0,1,1,0
2020-03-02,Sacramento,067,1510023,25,1,0,1,0
2020-03-02,San Benito,069,59416,1,2,0,2,0
2020-03-02,San Bernardino,071,2135413,27,0,0,0,0
2020-03-02,San Diego,073,3302833,28,2,0,2,0
2020-03-02,San Francisco,075,870044,17,0,0,0,0
2020-03-02,San Joaquin,077,732212,7,0,3,3,0
2020-03-02,San Luis Obispo,079,281455,2,0,0,0,0
2020-03-02,San Mateo,081,765935,44,1,0,1,0
2020-03-02,Santa Barbara,083,443738,1,0,0,0,0
2020-03-02,Santa Clara,085,1922200,108,7,1,8,0
2020-03-02,Santa Cruz,087,273765,9,0,0,0,0
2020-03-02,Shasta,089,179085,2,0,0,0,0
2020-03-02,Sierra,091,2930,0,0,0,0,0
2020-03-02,Siskiyou,093,43540,0,0,0,0,0
2020-03-02,Solano,095,438530,19,24,0,24,0
2020-03-02,Sonoma,097,501317,10,1,0,1,0
2020-03-02,Stanislaus,099,539301,2,0,2,2,0
2020-03-02,Sutter,101,95872,0,0,0,0,0
2020-03-02,Tehama,103,63373,0,0,0,0,0
2020-03-02,Trinity,105,12862,0,0,0,0,0
2020-03-02,Tulare,107,460477,6,0,0,0,0
2020-03-02,Tuolumne,109,53932,0,0,0,0,0
2020-03-02,Ventura,111,848112,10,0,0,0,0
2020-03-02,Yolo,113,214977,2,0,0,0,0
2020-03-02,Yuba,115,75493,0,0,0,0,0
2020-03-01,Alameda,001,1643700,20,1,0,1,0
2020-03-01,Alpine,003,1148,0,0,0,0,0
2020-03-01,Amador,005,37829,0,0,0,0,0
2020-03-01,Butte,007,227075,0,0,0,0,0
2020-03-01,Calaveras,009,45235,0,0,0,0,0
2020-03-01,Colusa,011,21464,0,0,0,0,0
2020-03-01,Contra Costa,013,1133247,24,0,0,0,0
2020-03-01,Del Norte,015,27424,0,0,0,0,0
2020-03-01,El Dorado,017,186661,1,0,0,0,0
2020-03-01,Fresno,019,978130,0,0,1,1,0
2020-03-01,Glenn,021,27897,0,0,0,0,0
2020-03-01,Humboldt,023,135768,1,1,0,1,0
2020-03-01,Imperial,025,180216,5,0,0,0,0
2020-03-01,Inyo,027,18085,0,0,0,0,0
2020-03-01,Kern,029,883053,2,0,0,0,0
2020-03-01,Kings,031,150075,1,0,1,1,0
2020-03-01,Lake,033,64148,0,0,0,0,0
2020-03-01,Lassen,035,31185,0,0,0,0,0
2020-03-01,Los Angeles,037,10098052,132,1,10,11,0
2020-03-01,Madera,039,155013,2,0,0,0,0
2020-03-01,Marin,041,260295,5,0,0,0,0
2020-03-01,Mariposa,043,17540,0,0,0,0,0
2020-03-01,Mendocino,045,87422,0,0,0,0,0
2020-03-01,Merced,047,269075,1,0,0,0,0
2020-03-01,Modoc,049,8938,0,0,0,0,0
2020-03-01,Mono,051,14174,1,0,0,0,0
2020-03-01,Monterey,053,433212,0,0,0,0,0
2020-03-01,Napa,055,140530,1,0,0,0,0
2020-03-01,Nevada,057,99092,0,0,1,1,0
2020-03-01,Orange,059,3164182,64,1,0,1,0
2020-03-01,Placer,061,380077,8,0,0,0,0
2020-03-01,Plumas,063,18699,0,0,0,0,0
2020-03-01,Riverside,065,2383286,18,0,1,1,0
2020-03-01,Sacramento,067,1510023,21,1,0,1,0
2020-03-01,San Benito,069,59416,0,2,0,2,0
2020-03-01,San Bernardino,071,2135413,25,0,0,0,0
2020-03-01,San Diego,073,3302833,21,2,0,2,0
2020-03-01,San Francisco,075,870044,13,0,0,0,0
2020-03-01,San Joaquin,077,732212,7,0,3,3,0
2020-03-01,San Luis Obispo,079,281455,2,0,0,0,0
2020-03-01,San Mateo,081,765935,36,0,0,0,0
2020-03-01,Santa Barbara,083,443738,1,0,0,0,0
2020-03-01,Santa Clara,085,1922200,95,6,1,7,0
2020-03-01,Santa Cruz,087,273765,8,0,0,0,0
2020-03-01,Shasta,089,179085,2,0,0,0,0
2020-03-01,Sierra,091,2930,0,0,0,0,0
2020-03-01,Siskiyou,093,43540,0,0,0,0,0
2020-03-01,Solano,095,438530,19,24,0,24,0
2020-03-01,Sonoma,097,501317,9,0,0,0,0
2020-03-01,Stanislaus,099,539301,2,0,2,2,0
2020-03-01,Sutter,101,95872,0,0,0,0,0
2020-03-01,Tehama,103,63373,0,0,0,0,0
2020-03-01,Trinity,105,12862,0,0,0,0,0
2020-03-01,Tulare,107,460477,6,0,0,0,0
2020-03-01,Tuolumne,109,53932,0,0,0,0,0
2020-03-01,Ventura,111,848112,8,0,0,0,0
2020-03-01,Yolo,113,214977,2,0,0,0,0
2020-03-01,Yuba,115,75493,0,0,0,0,0
2020-02-29,Alameda,001,1643700,16,0,0,0,0
2020-02-29,Alpine,003,1148,0,0,0,0,0
2020-02-29,Amador,005,37829,0,0,0,0,0
2020-02-29,Butte,007,227075,0,0,0,0,0
2020-02-29,Calaveras,009,45235,0,0,0,0,0
2020-02-29,Colusa,011,21464,0,0,0,0,0
2020-02-29,Contra Costa,013,1133247,20,0,0,0,0
2020-02-29,Del Norte,015,27424,0,0,0,0,0
2020-02-29,El Dorado,017,186661,1,0,0,0,0
2020-02-29,Fresno,019,978130,0,0,0,0,0
2020-02-29,Glenn,021,27897,0,0,0,0,0
2020-02-29,Humboldt,023,135768,1,1,0,1,0
2020-02-29,Imperial,025,180216,3,0,0,0,0
2020-02-29,Inyo,027,18085,0,0,0,0,0
2020-02-29,Kern,029,883053,2,0,0,0,0
2020-02-29,Kings,031,150075,1,0,1,1,0
2020-02-29,Lake,033,64148,0,0,0,0,0
2020-02-29,Lassen,035,31185,0,0,0,0,0
2020-02-29,Los Angeles,037,10098052,104,1,10,11,0
2020-02-29,Madera,039,155013,2,0,0,0,0
2020-02-29,Marin,041,260295,4,0,0,0,0
2020-02-29,Mariposa,043,17540,0,0,0,0,0
2020-02-29,Mendocino,045,87422,0,0,0,0,0
2020-02-29,Merced,047,269075,1,0,0,0,0
2020-02-29,Modoc,049,8938,0,0,0,0,0
2020-02-29,Mono,051,14174,1,0,0,0,0
2020-02-29,Monterey,053,433212,0,0,0,0,0
2020-02-29,Napa,055,140530,1,0,0,0,0
2020-02-29,Nevada,057,99092,0,0,1,1,0
2020-02-29,Orange,059,3164182,59,1,0,1,0
2020-02-29,Placer,061,380077,7,0,0,0,0
2020-02-29,Plumas,063,18699,0,0,0,0,0
2020-02-29,Riverside,065,2383286,15,0,1,1,0
2020-02-29,Sacramento,067,1510023,16,1,0,1,0
2020-02-29,San Benito,069,59416,0,2,0,2,0
2020-02-29,San Bernardino,071,2135413,23,0,0,0,0
2020-02-29,San Diego,073,3302833,16,2,0,2,0
2020-02-29,San Francisco,075,870044,12,0,0,0,0
2020-02-29,San Joaquin,077,732212,6,0,3,3,0
2020-02-29,San Luis Obispo,079,281455,2,0,0,0,0
2020-02-29,San Mateo,081,765935,29,0,0,0,0
2020-02-29,Santa Barbara,083,443738,0,0,0,0,0
2020-02-29,Santa Clara,085,1922200,73,3,1,4,0
2020-02-29,Santa Cruz,087,273765,8,0,0,0,0
2020-02-29,Shasta,089,179085,2,0,0,0,0
2020-02-29,Sierra,091,2930,0,0,0,0,0
2020-02-29,Siskiyou,093,43540,0,0,0,0,0
2020-02-29,Solano,095,438530,18,23,0,23,0
2020-02-29,Sonoma,097,501317,6,0,0,0,0
2020-02-29,Stanislaus,099,539301,2,0,2,2,0
2020-02-29,Sutter,101,95872,0,0,0,0,0
2020-02-29,Tehama,103,63373,0,0,0,0,0
2020-02-29,Trinity,105,12862,0,0,0,0,0
2020-02-29,Tulare,107,460477,4,0,0,0,0
2020-02-29,Tuolumne,109,53932,0,0,0,0,0
2020-02-29,Ventura,111,848112,6,0,0,0,0
2020-02-29,Yolo,113,214977,2,0,0,0,0
2020-02-29,Yuba,115,75493,0,0,0,0,0
2020-02-28,Alameda,001,1643700,14,0,0,0,0
2020-02-28,Alpine,003,1148,0,0,0,0,0
2020-02-28,Amador,005,37829,0,0,0,0,0
2020-02-28,Butte,007,227075,0,0,0,0,0
2020-02-28,Calaveras,009,45235,0,0,0,0,0
2020-02-28,Colusa,011,21464,0,0,0,0,0
2020-02-28,Contra Costa,013,1133247,20,0,0,0,0
2020-02-28,Del Norte,015,27424,0,0,0,0,0
2020-02-28,El Dorado,017,186661,0,0,0,0,0
2020-02-28,Fresno,019,978130,0,0,0,0,0
2020-02-28,Glenn,021,27897,0,0,0,0,0
2020-02-28,Humboldt,023,135768,1,1,0,1,0
2020-02-28,Imperial,025,180216,3,0,0,0,0
2020-02-28,Inyo,027,18085,0,0,0,0,0
2020-02-28,Kern,029,883053,2,0,0,0,0
2020-02-28,Kings,031,150075,1,0,1,1,0
2020-02-28,Lake,033,64148,0,0,0,0,0
2020-02-28,Lassen,035,31185,0,0,0,0,0
2020-02-28,Los Angeles,037,10098052,96,1,10,11,0
2020-02-28,Madera,039,155013,2,0,0,0,0
2020-02-28,Marin,041,260295,2,0,0,0,0
2020-02-28,Mariposa,043,17540,0,0,0,0,0
2020-02-28,Mendocino,045,87422,0,0,0,0,0
2020-02-28,Merced,047,269075,1,0,0,0,0
2020-02-28,Modoc,049,8938,0,0,0,0,0
2020-02-28,Mono,051,14174,0,0,0,0,0
2020-02-28,Monterey,053,433212,0,0,0,0,0
2020-02-28,Napa,055,140530,1,0,0,0,0
2020-02-28,Nevada,057,99092,0,0,1,1,0
2020-02-28,Orange,059,3164182,57,1,0,1,0
2020-02-28,Placer,061,380077,7,0,0,0,0
2020-02-28,Plumas,063,18699,0,0,0,0,0
2020-02-28,Riverside,065,2383286,13,0,1,1,0
2020-02-28,Sacramento,067,1510023,10,1,0,1,0
2020-02-28,San Benito,069,59416,0,2,0,2,0
2020-02-28,San Bernardino,071,2135413,23,0,0,0,0
2020-02-28,San Diego,073,3302833,13,2,0,2,0
2020-02-28,San Francisco,075,870044,10,0,0,0,0
2020-02-28,San Joaquin,077,732212,6,0,3,3,0
2020-02-28,San Luis Obispo,079,281455,2,0,0,0,0
2020-02-28,San Mateo,081,765935,24,0,0,0,0
2020-02-28,Santa Barbara,083,443738,0,0,0,0,0
2020-02-28,Santa Clara,085,1922200,69,3,1,4,0
2020-02-28,Santa Cruz,087,273765,8,0,0,0,0
2020-02-28,Shasta,089,179085,2,0,0,0,0
2020-02-28,Sierra,091,2930,0,0,0,0,0
2020-02-28,Siskiyou,093,43540,0,0,0,0,0
2020-02-28,Solano,095,438530,17,23,0,23,0
2020-02-28,Sonoma,097,501317,6,0,0,0,0
2020-02-28,Stanislaus,099,539301,2,0,2,2,0
2020-02-28,Sutter,101,95872,0,0,0,0,0
2020-02-28,Tehama,103,63373,0,0,0,0,0
2020-02-28,Trinity,105,12862,0,0,0,0,0
2020-02-28,Tulare,107,460477,3,0,0,0,0
2020-02-28,Tuolumne,109,53932,0,0,0,0,0
2020-02-28,Ventura,111,848112,6,0,0,0,0
2020-02-28,Yolo,113,214977,2,0,0,0,0
2020-02-28,Yuba,115,75493,0,0,0,0,0
2020-02-27,Alameda,001,1643700,13,0,0,0,0
2020-02-27,Alpine,003,1148,0,0,0,0,0
2020-02-27,Amador,005,37829,0,0,0,0,0
2020-02-27,Butte,007,227075,0,0,0,0,0
2020-02-27,Calaveras,009,45235,0,0,0,0,0
2020-02-27,Colusa,011,21464,0,0,0,0,0
2020-02-27,Contra Costa,013,1133247,14,0,0,0,0
2020-02-27,Del Norte,015,27424,0,0,0,0,0
2020-02-27,El Dorado,017,186661,0,0,0,0,0
2020-02-27,Fresno,019,978130,0,0,0,0,0
2020-02-27,Glenn,021,27897,0,0,0,0,0
2020-02-27,Humboldt,023,135768,1,1,0,1,0
2020-02-27,Imperial,025,180216,3,0,0,0,0
2020-02-27,Inyo,027,18085,0,0,0,0,0
2020-02-27,Kern,029,883053,2,0,0,0,0
2020-02-27,Kings,031,150075,1,0,1,1,0
2020-02-27,Lake,033,64148,0,0,0,0,0
2020-02-27,Lassen,035,31185,0,0,0,0,0
2020-02-27,Los Angeles,037,10098052,89,1,10,11,0
2020-02-27,Madera,039,155013,2,0,0,0,0
2020-02-27,Marin,041,260295,1,0,0,0,0
2020-02-27,Mariposa,043,17540,0,0,0,0,0
2020-02-27,Mendocino,045,87422,0,0,0,0,0
2020-02-27,Merced,047,269075,1,0,0,0,0
2020-02-27,Modoc,049,8938,0,0,0,0,0
2020-02-27,Mono,051,14174,0,0,0,0,0
2020-02-27,Monterey,053,433212,0,0,0,0,0
2020-02-27,Napa,055,140530,1,0,0,0,0
2020-02-27,Nevada,057,99092,0,0,1,1,0
2020-02-27,Orange,059,3164182,51,1,0,1,0
2020-02-27,Placer,061,380077,6,0,0,0,0
2020-02-27,Plumas,063,18699,0,0,0,0,0
2020-02-27,Riverside,065,2383286,12,0,1,1,0
2020-02-27,Sacramento,067,1510023,10,1,0,1,0
2020-02-27,San Benito,069,59416,0,2,0,2,0
2020-02-27,San Bernardino,071,2135413,23,0,0,0,0
2020-02-27,San Diego,073,3302833,12,2,0,2,0
2020-02-27,San Francisco,075,870044,9,0,0,0,0
2020-02-27,San Joaquin,077,732212,5,0,3,3,0
2020-02-27,San Luis Obispo,079,281455,2,0,0,0,0
2020-02-27,San Mateo,081,765935,20,0,0,0,0
2020-02-27,Santa Barbara,083,443738,0,0,0,0,0
2020-02-27,Santa Clara,085,1922200,58,2,1,3,0
2020-02-27,Santa Cruz,087,273765,6,0,0,0,0
2020-02-27,Shasta,089,179085,0,0,0,0,0
2020-02-27,Sierra,091,2930,0,0,0,0,0
2020-02-27,Siskiyou,093,43540,0,0,0,0,0
2020-02-27,Solano,095,438530,17,23,0,23,0
2020-02-27,Sonoma,097,501317,5,0,0,0,0
2020-02-27,Stanislaus,099,539301,2,0,2,2,0
2020-02-27,Sutter,101,95872,0,0,0,0,0
2020-02-27,Tehama,103,63373,0,0,0,0,0
2020-02-27,Trinity,105,12862,0,0,0,0,0
2020-02-27,Tulare,107,460477,3,0,0,0,0
2020-02-27,Tuolumne,109,53932,0,0,0,0,0
2020-02-27,Ventura,111,848112,4,0,0,0,0
2020-02-27,Yolo,113,214977,2,0,0,0,0
2020-02-27,Yuba,115,75493,0,0,0,0,0
2020-02-26,Alameda,001,1643700,13,0,0,0,0
2020-02-26,Alpine,003,1148,0,0,0,0,0
2020-02-26,Amador,005,37829,0,0,0,0,0
2020-02-26,Butte,007,227075,0,0,0,0,0
2020-02-26,Calaveras,009,45235,0,0,0,0,0
2020-02-26,Colusa,011,21464,0,0,0,0,0
2020-02-26,Contra Costa,013,1133247,13,0,0,0,0
2020-02-26,Del Norte,015,27424,0,0,0,0,0
2020-02-26,El Dorado,017,186661,0,0,0,0,0
2020-02-26,Fresno,019,978130,0,0,0,0,0
2020-02-26,Glenn,021,27897,0,0,0,0,0
2020-02-26,Humboldt,023,135768,1,1,0,1,0
2020-02-26,Imperial,025,180216,3,0,0,0,0
2020-02-26,Inyo,027,18085,0,0,0,0,0
2020-02-26,Kern,029,883053,2,0,0,0,0
2020-02-26,Kings,031,150075,1,0,1,1,0
2020-02-26,Lake,033,64148,0,0,0,0,0
2020-02-26,Lassen,035,31185,0,0,0,0,0
2020-02-26,Los Angeles,037,10098052,83,1,10,11,0
2020-02-26,Madera,039,155013,2,0,0,0,0
2020-02-26,Marin,041,260295,1,0,0,0,0
2020-02-26,Mariposa,043,17540,0,0,0,0,0
2020-02-26,Mendocino,045,87422,0,0,0,0,0
2020-02-26,Merced,047,269075,1,0,0,0,0
2020-02-26,Modoc,049,8938,0,0,0,0,0
2020-02-26,Mono,051,14174,0,0,0,0,0
2020-02-26,Monterey,053,433212,0,0,0,0,0
2020-02-26,Napa,055,140530,0,0,0,0,0
2020-02-26,Nevada,057,99092,0,0,1,1,0
2020-02-26,Orange,059,3164182,50,1,0,1,0
2020-02-26,Placer,061,380077,5,0,0,0,0
2020-02-26,Plumas,063,18699,0,0,0,0,0
2020-02-26,Riverside,065,2383286,10,0,1,1,0
2020-02-26,Sacramento,067,1510023,10,1,0,1,0
2020-02-26,San Benito,069,59416,0,2,0,2,0
2020-02-26,San Bernardino,071,2135413,21,0,0,0,0
2020-02-26,San Diego,073,3302833,11,2,0,2,0
2020-02-26,San Francisco,075,870044,9,0,0,0,0
2020-02-26,San Joaquin,077,732212,5,0,3,3,0
2020-02-26,San Luis Obispo,079,281455,2,0,0,0,0
2020-02-26,San Mateo,081,765935,18,0,0,0,0
2020-02-26,Santa Barbara,083,443738,0,0,0,0,0
2020-02-26,Santa Clara,085,1922200,50,2,1,3,0
2020-02-26,Santa Cruz,087,273765,6,0,0,0,0
2020-02-26,Shasta,089,179085,0,0,0,0,0
2020-02-26,Sierra,091,2930,0,0,0,0,0
2020-02-26,Siskiyou,093,43540,0,0,0,0,0
2020-02-26,Solano,095,438530,17,23,0,23,0
2020-02-26,Sonoma,097,501317,5,0,0,0,0
2020-02-26,Stanislaus,099,539301,2,0,2,2,0
2020-02-26,Sutter,101,95872,0,0,0,0,0
2020-02-26,Tehama,103,63373,0,0,0,0,0
2020-02-26,Trinity,105,12862,0,0,0,0,0
2020-02-26,Tulare,107,460477,3,0,0,0,0
2020-02-26,Tuolumne,109,53932,0,0,0,0,0
2020-02-26,Ventura,111,848112,4,0,0,0,0
2020-02-26,Yolo,113,214977,2,0,0,0,0
2020-02-26,Yuba,115,75493,0,0,0,0,0
2020-02-25,Alameda,001,1643700,13,0,0,0,0
2020-02-25,Alpine,003,1148,0,0,0,0,0
2020-02-25,Amador,005,37829,0,0,0,0,0
2020-02-25,Butte,007,227075,0,0,0,0,0
2020-02-25,Calaveras,009,45235,0,0,0,0,0
2020-02-25,Colusa,011,21464,0,0,0,0,0
2020-02-25,Contra Costa,013,1133247,11,0,0,0,0
2020-02-25,Del Norte,015,27424,0,0,0,0,0
2020-02-25,El Dorado,017,186661,0,0,0,0,0
2020-02-25,Fresno,019,978130,0,0,0,0,0
2020-02-25,Glenn,021,27897,0,0,0,0,0
2020-02-25,Humboldt,023,135768,1,1,0,1,0
2020-02-25,Imperial,025,180216,3,0,0,0,0
2020-02-25,Inyo,027,18085,0,0,0,0,0
2020-02-25,Kern,029,883053,2,0,0,0,0
2020-02-25,Kings,031,150075,1,0,1,1,0
2020-02-25,Lake,033,64148,0,0,0,0,0
2020-02-25,Lassen,035,31185,0,0,0,0,0
2020-02-25,Los Angeles,037,10098052,71,1,10,11,0
2020-02-25,Madera,039,155013,2,0,0,0,0
2020-02-25,Marin,041,260295,1,0,0,0,0
2020-02-25,Mariposa,043,17540,0,0,0,0,0
2020-02-25,Mendocino,045,87422,0,0,0,0,0
2020-02-25,Merced,047,269075,0,0,0,0,0
2020-02-25,Modoc,049,8938,0,0,0,0,0
2020-02-25,Mono,051,14174,0,0,0,0,0
2020-02-25,Monterey,053,433212,0,0,0,0,0
2020-02-25,Napa,055,140530,0,0,0,0,0
2020-02-25,Nevada,057,99092,0,0,1,1,0
2020-02-25,Orange,059,3164182,49,1,0,1,0
2020-02-25,Placer,061,380077,5,0,0,0,0
2020-02-25,Plumas,063,18699,0,0,0,0,0
2020-02-25,Riverside,065,2383286,10,0,1,1,0
2020-02-25,Sacramento,067,1510023,8,1,0,1,0
2020-02-25,San Benito,069,59416,0,2,0,2,0
2020-02-25,San Bernardino,071,2135413,19,0,0,0,0
2020-02-25,San Diego,073,3302833,7,2,0,2,0
2020-02-25,San Francisco,075,870044,7,0,0,0,0
2020-02-25,San Joaquin,077,732212,5,0,2,2,0
2020-02-25,San Luis Obispo,079,281455,2,0,0,0,0
2020-02-25,San Mateo,081,765935,17,0,0,0,0
2020-02-25,Santa Barbara,083,443738,0,0,0,0,0
2020-02-25,Santa Clara,085,1922200,40,2,1,3,0
2020-02-25,Santa Cruz,087,273765,5,0,0,0,0
2020-02-25,Shasta,089,179085,0,0,0,0,0
2020-02-25,Sierra,091,2930,0,0,0,0,0
2020-02-25,Siskiyou,093,43540,0,0,0,0,0
2020-02-25,Solano,095,438530,16,21,0,21,0
2020-02-25,Sonoma,097,501317,5,0,0,0,0
2020-02-25,Stanislaus,099,539301,2,0,2,2,0
2020-02-25,Sutter,101,95872,0,0,0,0,0
2020-02-25,Tehama,103,63373,0,0,0,0,0
2020-02-25,Trinity,105,12862,0,0,0,0,0
2020-02-25,Tulare,107,460477,3,0,0,0,0
2020-02-25,Tuolumne,109,53932,0,0,0,0,0
2020-02-25,Ventura,111,848112,4,0,0,0,0
2020-02-25,Yolo,113,214977,2,0,0,0,0
2020-02-25,Yuba,115,75493,0,0,0,0,0
2020-02-24,Alameda,001,1643700,13,0,0,0,0
2020-02-24,Alpine,003,1148,0,0,0,0,0
2020-02-24,Amador,005,37829,0,0,0,0,0
2020-02-24,Butte,007,227075,0,0,0,0,0
2020-02-24,Calaveras,009,45235,0,0,0,0,0
2020-02-24,Colusa,011,21464,0,0,0,0,0
2020-02-24,Contra Costa,013,1133247,9,0,0,0,0
2020-02-24,Del Norte,015,27424,0,0,0,0,0
2020-02-24,El Dorado,017,186661,0,0,0,0,0
2020-02-24,Fresno,019,978130,0,0,0,0,0
2020-02-24,Glenn,021,27897,0,0,0,0,0
2020-02-24,Humboldt,023,135768,1,1,0,1,0
2020-02-24,Imperial,025,180216,3,0,0,0,0
2020-02-24,Inyo,027,18085,0,0,0,0,0
2020-02-24,Kern,029,883053,2,0,0,0,0
2020-02-24,Kings,031,150075,1,0,1,1,0
2020-02-24,Lake,033,64148,0,0,0,0,0
2020-02-24,Lassen,035,31185,0,0,0,0,0
2020-02-24,Los Angeles,037,10098052,66,1,10,11,0
2020-02-24,Madera,039,155013,1,0,0,0,0
2020-02-24,Marin,041,260295,1,0,0,0,0
2020-02-24,Mariposa,043,17540,0,0,0,0,0
2020-02-24,Mendocino,045,87422,0,0,0,0,0
2020-02-24,Merced,047,269075,0,0,0,0,0
2020-02-24,Modoc,049,8938,0,0,0,0,0
2020-02-24,Mono,051,14174,0,0,0,0,0
2020-02-24,Monterey,053,433212,0,0,0,0,0
2020-02-24,Napa,055,140530,0,0,0,0,0
2020-02-24,Nevada,057,99092,0,0,1,1,0
2020-02-24,Orange,059,3164182,47,1,0,1,0
2020-02-24,Placer,061,380077,3,0,0,0,0
2020-02-24,Plumas,063,18699,0,0,0,0,0
2020-02-24,Riverside,065,2383286,9,0,1,1,0
2020-02-24,Sacramento,067,1510023,7,1,0,1,0
2020-02-24,San Benito,069,59416,0,2,0,2,0
2020-02-24,San Bernardino,071,2135413,19,0,0,0,0
2020-02-24,San Diego,073,3302833,7,2,0,2,0
2020-02-24,San Francisco,075,870044,6,0,0,0,0
2020-02-24,San Joaquin,077,732212,5,0,1,1,0
2020-02-24,San Luis Obispo,079,281455,2,0,0,0,0
2020-02-24,San Mateo,081,765935,13,0,0,0,0
2020-02-24,Santa Barbara,083,443738,0,0,0,0,0
2020-02-24,Santa Clara,085,1922200,38,2,1,3,0
2020-02-24,Santa Cruz,087,273765,5,0,0,0,0
2020-02-24,Shasta,089,179085,0,0,0,0,0
2020-02-24,Sierra,091,2930,0,0,0,0,0
2020-02-24,Siskiyou,093,43540,0,0,0,0,0
2020-02-24,Solano,095,438530,13,15,0,15,0
2020-02-24,Sonoma,097,501317,5,0,0,0,0
2020-02-24,Stanislaus,099,539301,2,0,2,2,0
2020-02-24,Sutter,101,95872,0,0,0,0,0
2020-02-24,Tehama,103,63373,0,0,0,0,0
2020-02-24,Trinity,105,12862,0,0,0,0,0
2020-02-24,Tulare,107,460477,3,0,0,0,0
2020-02-24,Tuolumne,109,53932,0,0,0,0,0
2020-02-24,Ventura,111,848112,4,0,0,0,0
2020-02-24,Yolo,113,214977,2,0,0,0,0
2020-02-24,Yuba,115,75493,0,0,0,0,0
2020-02-23,Alameda,001,1643700,11,0,0,0,0
2020-02-23,Alpine,003,1148,0,0,0,0,0
2020-02-23,Amador,005,37829,0,0,0,0,0
2020-02-23,Butte,007,227075,0,0,0,0,0
2020-02-23,Calaveras,009,45235,0,0,0,0,0
2020-02-23,Colusa,011,21464,0,0,0,0,0
2020-02-23,Contra Costa,013,1133247,6,0,0,0,0
2020-02-23,Del Norte,015,27424,0,0,0,0,0
2020-02-23,El Dorado,017,186661,0,0,0,0,0
2020-02-23,Fresno,019,978130,0,0,0,0,0
2020-02-23,Glenn,021,27897,0,0,0,0,0
2020-02-23,Humboldt,023,135768,1,1,0,1,0
2020-02-23,Imperial,025,180216,3,0,0,0,0
2020-02-23,Inyo,027,18085,0,0,0,0,0
2020-02-23,Kern,029,883053,2,0,0,0,0
2020-02-23,Kings,031,150075,1,0,1,1,0
2020-02-23,Lake,033,64148,0,0,0,0,0
2020-02-23,Lassen,035,31185,0,0,0,0,0
2020-02-23,Los Angeles,037,10098052,58,1,10,11,0
2020-02-23,Madera,039,155013,1,0,0,0,0
2020-02-23,Marin,041,260295,1,0,0,0,0
2020-02-23,Mariposa,043,17540,0,0,0,0,0
2020-02-23,Mendocino,045,87422,0,0,0,0,0
2020-02-23,Merced,047,269075,0,0,0,0,0
2020-02-23,Modoc,049,8938,0,0,0,0,0
2020-02-23,Mono,051,14174,0,0,0,0,0
2020-02-23,Monterey,053,433212,0,0,0,0,0
2020-02-23,Napa,055,140530,0,0,0,0,0
2020-02-23,Nevada,057,99092,0,0,1,1,0
2020-02-23,Orange,059,3164182,47,1,0,1,0
2020-02-23,Placer,061,380077,3,0,0,0,0
2020-02-23,Plumas,063,18699,0,0,0,0,0
2020-02-23,Riverside,065,2383286,9,0,0,0,0
2020-02-23,Sacramento,067,1510023,6,1,0,1,0
2020-02-23,San Benito,069,59416,0,2,0,2,0
2020-02-23,San Bernardino,071,2135413,18,0,0,0,0
2020-02-23,San Diego,073,3302833,6,2,0,2,0
2020-02-23,San Francisco,075,870044,5,0,0,0,0
2020-02-23,San Joaquin,077,732212,4,0,1,1,0
2020-02-23,San Luis Obispo,079,281455,2,0,0,0,0
2020-02-23,San Mateo,081,765935,10,0,0,0,0
2020-02-23,Santa Barbara,083,443738,0,0,0,0,0
2020-02-23,Santa Clara,085,1922200,26,2,1,3,0
2020-02-23,Santa Cruz,087,273765,2,0,0,0,0
2020-02-23,Shasta,089,179085,0,0,0,0,0
2020-02-23,Sierra,091,2930,0,0,0,0,0
2020-02-23,Siskiyou,093,43540,0,0,0,0,0
2020-02-23,Solano,095,438530,11,15,0,15,0
2020-02-23,Sonoma,097,501317,5,0,0,0,0
2020-02-23,Stanislaus,099,539301,2,0,2,2,0
2020-02-23,Sutter,101,95872,0,0,0,0,0
2020-02-23,Tehama,103,63373,0,0,0,0,0
2020-02-23,Trinity,105,12862,0,0,0,0,0
2020-02-23,Tulare,107,460477,2,0,0,0,0
2020-02-23,Tuolumne,109,53932,0,0,0,0,0
2020-02-23,Ventura,111,848112,4,0,0,0,0
2020-02-23,Yolo,113,214977,2,0,0,0,0
2020-02-23,Yuba,115,75493,0,0,0,0,0
2020-02-22,Alameda,001,1643700,10,0,0,0,0
2020-02-22,Alpine,003,1148,0,0,0,0,0
2020-02-22,Amador,005,37829,0,0,0,0,0
2020-02-22,Butte,007,227075,0,0,0,0,0
2020-02-22,Calaveras,009,45235,0,0,0,0,0
2020-02-22,Colusa,011,21464,0,0,0,0,0
2020-02-22,Contra Costa,013,1133247,5,0,0,0,0
2020-02-22,Del Norte,015,27424,0,0,0,0,0
2020-02-22,El Dorado,017,186661,0,0,0,0,0
2020-02-22,Fresno,019,978130,0,0,0,0,0
2020-02-22,Glenn,021,27897,0,0,0,0,0
2020-02-22,Humboldt,023,135768,1,1,0,1,0
2020-02-22,Imperial,025,180216,2,0,0,0,0
2020-02-22,Inyo,027,18085,0,0,0,0,0
2020-02-22,Kern,029,883053,2,0,0,0,0
2020-02-22,Kings,031,150075,1,0,1,1,0
2020-02-22,Lake,033,64148,0,0,0,0,0
2020-02-22,Lassen,035,31185,0,0,0,0,0
2020-02-22,Los Angeles,037,10098052,56,1,10,11,0
2020-02-22,Madera,039,155013,0,0,0,0,0
2020-02-22,Marin,041,260295,1,0,0,0,0
2020-02-22,Mariposa,043,17540,0,0,0,0,0
2020-02-22,Mendocino,045,87422,0,0,0,0,0
2020-02-22,Merced,047,269075,0,0,0,0,0
2020-02-22,Modoc,049,8938,0,0,0,0,0
2020-02-22,Mono,051,14174,0,0,0,0,0
2020-02-22,Monterey,053,433212,0,0,0,0,0
2020-02-22,Napa,055,140530,0,0,0,0,0
2020-02-22,Nevada,057,99092,0,0,1,1,0
2020-02-22,Orange,059,3164182,46,1,0,1,0
2020-02-22,Placer,061,380077,3,0,0,0,0
2020-02-22,Plumas,063,18699,0,0,0,0,0
2020-02-22,Riverside,065,2383286,9,0,0,0,0
2020-02-22,Sacramento,067,1510023,6,1,0,1,0
2020-02-22,San Benito,069,59416,0,2,0,2,0
2020-02-22,San Bernardino,071,2135413,16,0,0,0,0
2020-02-22,San Diego,073,3302833,5,2,0,2,0
2020-02-22,San Francisco,075,870044,3,0,0,0,0
2020-02-22,San Joaquin,077,732212,4,0,1,1,0
2020-02-22,San Luis Obispo,079,281455,2,0,0,0,0
2020-02-22,San Mateo,081,765935,8,0,0,0,0
2020-02-22,Santa Barbara,083,443738,0,0,0,0,0
2020-02-22,Santa Clara,085,1922200,23,2,1,3,0
2020-02-22,Santa Cruz,087,273765,2,0,0,0,0
2020-02-22,Shasta,089,179085,0,0,0,0,0
2020-02-22,Sierra,091,2930,0,0,0,0,0
2020-02-22,Siskiyou,093,43540,0,0,0,0,0
2020-02-22,Solano,095,438530,11,11,0,11,0
2020-02-22,Sonoma,097,501317,4,0,0,0,0
2020-02-22,Stanislaus,099,539301,2,0,2,2,0
2020-02-22,Sutter,101,95872,0,0,0,0,0
2020-02-22,Tehama,103,63373,0,0,0,0,0
2020-02-22,Trinity,105,12862,0,0,0,0,0
2020-02-22,Tulare,107,460477,2,0,0,0,0
2020-02-22,Tuolumne,109,53932,0,0,0,0,0
2020-02-22,Ventura,111,848112,4,0,0,0,0
2020-02-22,Yolo,113,214977,1,0,0,0,0
2020-02-22,Yuba,115,75493,0,0,0,0,0
2020-02-21,Alameda,001,1643700,9,0,0,0,0
2020-02-21,Alpine,003,1148,0,0,0,0,0
2020-02-21,Amador,005,37829,0,0,0,0,0
2020-02-21,Butte,007,227075,0,0,0,0,0
2020-02-21,Calaveras,009,45235,0,0,0,0,0
2020-02-21,Colusa,011,21464,0,0,0,0,0
2020-02-21,Contra Costa,013,1133247,4,0,0,0,0
2020-02-21,Del Norte,015,27424,0,0,0,0,0
2020-02-21,El Dorado,017,186661,0,0,0,0,0
2020-02-21,Fresno,019,978130,0,0,0,0,0
2020-02-21,Glenn,021,27897,0,0,0,0,0
2020-02-21,Humboldt,023,135768,1,1,0,1,0
2020-02-21,Imperial,025,180216,2,0,0,0,0
2020-02-21,Inyo,027,18085,0,0,0,0,0
2020-02-21,Kern,029,883053,2,0,0,0,0
2020-02-21,Kings,031,150075,1,0,1,1,0
2020-02-21,Lake,033,64148,0,0,0,0,0
2020-02-21,Lassen,035,31185,0,0,0,0,0
2020-02-21,Los Angeles,037,10098052,52,1,10,11,0
2020-02-21,Madera,039,155013,0,0,0,0,0
2020-02-21,Marin,041,260295,1,0,0,0,0
2020-02-21,Mariposa,043,17540,0,0,0,0,0
2020-02-21,Mendocino,045,87422,0,0,0,0,0
2020-02-21,Merced,047,269075,0,0,0,0,0
2020-02-21,Modoc,049,8938,0,0,0,0,0
2020-02-21,Mono,051,14174,0,0,0,0,0
2020-02-21,Monterey,053,433212,0,0,0,0,0
2020-02-21,Napa,055,140530,0,0,0,0,0
2020-02-21,Nevada,057,99092,0,0,1,1,0
2020-02-21,Orange,059,3164182,44,1,0,1,0
2020-02-21,Placer,061,380077,2,0,0,0,0
2020-02-21,Plumas,063,18699,0,0,0,0,0
2020-02-21,Riverside,065,2383286,9,0,0,0,0
2020-02-21,Sacramento,067,1510023,5,1,0,1,0
2020-02-21,San Benito,069,59416,0,2,0,2,0
2020-02-21,San Bernardino,071,2135413,15,0,0,0,0
2020-02-21,San Diego,073,3302833,5,2,0,2,0
2020-02-21,San Francisco,075,870044,3,0,0,0,0
2020-02-21,San Joaquin,077,732212,2,0,1,1,0
2020-02-21,San Luis Obispo,079,281455,2,0,0,0,0
2020-02-21,San Mateo,081,765935,8,0,0,0,0
2020-02-21,Santa Barbara,083,443738,0,0,0,0,0
2020-02-21,Santa Clara,085,1922200,21,2,1,3,0
2020-02-21,Santa Cruz,087,273765,2,0,0,0,0
2020-02-21,Shasta,089,179085,0,0,0,0,0
2020-02-21,Sierra,091,2930,0,0,0,0,0
2020-02-21,Siskiyou,093,43540,0,0,0,0,0
2020-02-21,Solano,095,438530,10,11,0,11,0
2020-02-21,Sonoma,097,501317,3,0,0,0,0
2020-02-21,Stanislaus,099,539301,2,0,2,2,0
2020-02-21,Sutter,101,95872,0,0,0,0,0
2020-02-21,Tehama,103,63373,0,0,0,0,0
2020-02-21,Trinity,105,12862,0,0,0,0,0
2020-02-21,Tulare,107,460477,2,0,0,0,0
2020-02-21,Tuolumne,109,53932,0,0,0,0,0
2020-02-21,Ventura,111,848112,4,0,0,0,0
2020-02-21,Yolo,113,214977,1,0,0,0,0
2020-02-21,Yuba,115,75493,0,0,0,0,0
2020-02-20,Alameda,001,1643700,7,0,0,0,0
2020-02-20,Alpine,003,1148,0,0,0,0,0
2020-02-20,Amador,005,37829,0,0,0,0,0
2020-02-20,Butte,007,227075,0,0,0,0,0
2020-02-20,Calaveras,009,45235,0,0,0,0,0
2020-02-20,Colusa,011,21464,0,0,0,0,0
2020-02-20,Contra Costa,013,1133247,3,0,0,0,0
2020-02-20,Del Norte,015,27424,0,0,0,0,0
2020-02-20,El Dorado,017,186661,0,0,0,0,0
2020-02-20,Fresno,019,978130,0,0,0,0,0
2020-02-20,Glenn,021,27897,0,0,0,0,0
2020-02-20,Humboldt,023,135768,1,1,0,1,0
2020-02-20,Imperial,025,180216,2,0,0,0,0
2020-02-20,Inyo,027,18085,0,0,0,0,0
2020-02-20,Kern,029,883053,2,0,0,0,0
2020-02-20,Kings,031,150075,1,0,1,1,0
2020-02-20,Lake,033,64148,0,0,0,0,0
2020-02-20,Lassen,035,31185,0,0,0,0,0
2020-02-20,Los Angeles,037,10098052,51,1,9,10,0
2020-02-20,Madera,039,155013,0,0,0,0,0
2020-02-20,Marin,041,260295,0,0,0,0,0
2020-02-20,Mariposa,043,17540,0,0,0,0,0
2020-02-20,Mendocino,045,87422,0,0,0,0,0
2020-02-20,Merced,047,269075,0,0,0,0,0
2020-02-20,Modoc,049,8938,0,0,0,0,0
2020-02-20,Mono,051,14174,0,0,0,0,0
2020-02-20,Monterey,053,433212,0,0,0,0,0
2020-02-20,Napa,055,140530,0,0,0,0,0
2020-02-20,Nevada,057,99092,0,0,1,1,0
2020-02-20,Orange,059,3164182,44,1,0,1,0
2020-02-20,Placer,061,380077,2,0,0,0,0
2020-02-20,Plumas,063,18699,0,0,0,0,0
2020-02-20,Riverside,065,2383286,7,0,0,0,0
2020-02-20,Sacramento,067,1510023,2,1,0,1,0
2020-02-20,San Benito,069,59416,0,2,0,2,0
2020-02-20,San Bernardino,071,2135413,13,0,0,0,0
2020-02-20,San Diego,073,3302833,5,2,0,2,0
2020-02-20,San Francisco,075,870044,3,0,0,0,0
2020-02-20,San Joaquin,077,732212,2,0,1,1,0
2020-02-20,San Luis Obispo,079,281455,2,0,0,0,0
2020-02-20,San Mateo,081,765935,7,0,0,0,0
2020-02-20,Santa Barbara,083,443738,0,0,0,0,0
2020-02-20,Santa Clara,085,1922200,17,2,1,3,0
2020-02-20,Santa Cruz,087,273765,2,0,0,0,0
2020-02-20,Shasta,089,179085,0,0,0,0,0
2020-02-20,Sierra,091,2930,0,0,0,0,0
2020-02-20,Siskiyou,093,43540,0,0,0,0,0
2020-02-20,Solano,095,438530,8,7,0,7,0
2020-02-20,Sonoma,097,501317,2,0,0,0,0
2020-02-20,Stanislaus,099,539301,2,0,2,2,0
2020-02-20,Sutter,101,95872,0,0,0,0,0
2020-02-20,Tehama,103,63373,0,0,0,0,0
2020-02-20,Trinity,105,12862,0,0,0,0,0
2020-02-20,Tulare,107,460477,2,0,0,0,0
2020-02-20,Tuolumne,109,53932,0,0,0,0,0
2020-02-20,Ventura,111,848112,4,0,0,0,0
2020-02-20,Yolo,113,214977,1,0,0,0,0
2020-02-20,Yuba,115,75493,0,0,0,0,0
2020-02-19,Alameda,001,1643700,6,0,0,0,0
2020-02-19,Alpine,003,1148,0,0,0,0,0
2020-02-19,Amador,005,37829,0,0,0,0,0
2020-02-19,Butte,007,227075,0,0,0,0,0
2020-02-19,Calaveras,009,45235,0,0,0,0,0
2020-02-19,Colusa,011,21464,0,0,0,0,0
2020-02-19,Contra Costa,013,1133247,3,0,0,0,0
2020-02-19,Del Norte,015,27424,0,0,0,0,0
2020-02-19,El Dorado,017,186661,0,0,0,0,0
2020-02-19,Fresno,019,978130,0,0,0,0,0
2020-02-19,Glenn,021,27897,0,0,0,0,0
2020-02-19,Humboldt,023,135768,1,0,0,0,0
2020-02-19,Imperial,025,180216,2,0,0,0,0
2020-02-19,Inyo,027,18085,0,0,0,0,0
2020-02-19,Kern,029,883053,2,0,0,0,0
2020-02-19,Kings,031,150075,1,0,1,1,0
2020-02-19,Lake,033,64148,0,0,0,0,0
2020-02-19,Lassen,035,31185,0,0,0,0,0
2020-02-19,Los Angeles,037,10098052,48,1,9,10,0
2020-02-19,Madera,039,155013,0,0,0,0,0
2020-02-19,Marin,041,260295,0,0,0,0,0
2020-02-19,Mariposa,043,17540,0,0,0,0,0
2020-02-19,Mendocino,045,87422,0,0,0,0,0
2020-02-19,Merced,047,269075,0,0,0,0,0
2020-02-19,Modoc,049,8938,0,0,0,0,0
2020-02-19,Mono,051,14174,0,0,0,0,0
2020-02-19,Monterey,053,433212,0,0,0,0,0
2020-02-19,Napa,055,140530,0,0,0,0,0
2020-02-19,Nevada,057,99092,0,0,1,1,0
2020-02-19,Orange,059,3164182,43,1,0,1,0
2020-02-19,Placer,061,380077,2,0,0,0,0
2020-02-19,Plumas,063,18699,0,0,0,0,0
2020-02-19,Riverside,065,2383286,5,0,0,0,0
2020-02-19,Sacramento,067,1510023,2,0,0,0,0
2020-02-19,San Benito,069,59416,0,2,0,2,0
2020-02-19,San Bernardino,071,2135413,12,0,0,0,0
2020-02-19,San Diego,073,3302833,4,2,0,2,0
2020-02-19,San Francisco,075,870044,2,0,0,0,0
2020-02-19,San Joaquin,077,732212,2,0,1,1,0
2020-02-19,San Luis Obispo,079,281455,2,0,0,0,0
2020-02-19,San Mateo,081,765935,6,0,0,0,0
2020-02-19,Santa Barbara,083,443738,0,0,0,0,0
2020-02-19,Santa Clara,085,1922200,15,2,1,3,0
2020-02-19,Santa Cruz,087,273765,0,0,0,0,0
2020-02-19,Shasta,089,179085,0,0,0,0,0
2020-02-19,Sierra,091,2930,0,0,0,0,0
2020-02-19,Siskiyou,093,43540,0,0,0,0,0
2020-02-19,Solano,095,438530,5,7,0,7,0
2020-02-19,Sonoma,097,501317,2,0,0,0,0
2020-02-19,Stanislaus,099,539301,1,0,2,2,0
2020-02-19,Sutter,101,95872,0,0,0,0,0
2020-02-19,Tehama,103,63373,0,0,0,0,0
2020-02-19,Trinity,105,12862,0,0,0,0,0
2020-02-19,Tulare,107,460477,2,0,0,0,0
2020-02-19,Tuolumne,109,53932,0,0,0,0,0
2020-02-19,Ventura,111,848112,2,0,0,0,0
2020-02-19,Yolo,113,214977,1,0,0,0,0
2020-02-19,Yuba,115,75493,0,0,0,0,0
2020-02-18,Alameda,001,1643700,6,0,0,0,0
2020-02-18,Alpine,003,1148,0,0,0,0,0
2020-02-18,Amador,005,37829,0,0,0,0,0
2020-02-18,Butte,007,227075,0,0,0,0,0
2020-02-18,Calaveras,009,45235,0,0,0,0,0
2020-02-18,Colusa,011,21464,0,0,0,0,0
2020-02-18,Contra Costa,013,1133247,3,0,0,0,0
2020-02-18,Del Norte,015,27424,0,0,0,0,0
2020-02-18,El Dorado,017,186661,0,0,0,0,0
2020-02-18,Fresno,019,978130,0,0,0,0,0
2020-02-18,Glenn,021,27897,0,0,0,0,0
2020-02-18,Humboldt,023,135768,1,0,0,0,0
2020-02-18,Imperial,025,180216,1,0,0,0,0
2020-02-18,Inyo,027,18085,0,0,0,0,0
2020-02-18,Kern,029,883053,2,0,0,0,0
2020-02-18,Kings,031,150075,1,0,1,1,0
2020-02-18,Lake,033,64148,0,0,0,0,0
2020-02-18,Lassen,035,31185,0,0,0,0,0
2020-02-18,Los Angeles,037,10098052,45,1,8,9,0
2020-02-18,Madera,039,155013,0,0,0,0,0
2020-02-18,Marin,041,260295,0,0,0,0,0
2020-02-18,Mariposa,043,17540,0,0,0,0,0
2020-02-18,Mendocino,045,87422,0,0,0,0,0
2020-02-18,Merced,047,269075,0,0,0,0,0
2020-02-18,Modoc,049,8938,0,0,0,0,0
2020-02-18,Mono,051,14174,0,0,0,0,0
2020-02-18,Monterey,053,433212,0,0,0,0,0
2020-02-18,Napa,055,140530,0,0,0,0,0
2020-02-18,Nevada,057,99092,0,0,1,1,0
2020-02-18,Orange,059,3164182,42,1,0,1,0
2020-02-18,Placer,061,380077,0,0,0,0,0
2020-02-18,Plumas,063,18699,0,0,0,0,0
2020-02-18,Riverside,065,2383286,5,0,0,0,0
2020-02-18,Sacramento,067,1510023,2,0,0,0,0
2020-02-18,San Benito,069,59416,0,2,0,2,0
2020-02-18,San Bernardino,071,2135413,12,0,0,0,0
2020-02-18,San Diego,073,3302833,4,2,0,2,0
2020-02-18,San Francisco,075,870044,2,0,0,0,0
2020-02-18,San Joaquin,077,732212,1,0,1,1,0
2020-02-18,San Luis Obispo,079,281455,2,0,0,0,0
2020-02-18,San Mateo,081,765935,5,0,0,0,0
2020-02-18,Santa Barbara,083,443738,0,0,0,0,0
2020-02-18,Santa Clara,085,1922200,14,2,1,3,0
2020-02-18,Santa Cruz,087,273765,0,0,0,0,0
2020-02-18,Shasta,089,179085,0,0,0,0,0
2020-02-18,Sierra,091,2930,0,0,0,0,0
2020-02-18,Siskiyou,093,43540,0,0,0,0,0
2020-02-18,Solano,095,438530,5,7,0,7,0
2020-02-18,Sonoma,097,501317,1,0,0,0,0
2020-02-18,Stanislaus,099,539301,1,0,2,2,0
2020-02-18,Sutter,101,95872,0,0,0,0,0
2020-02-18,Tehama,103,63373,0,0,0,0,0
2020-02-18,Trinity,105,12862,0,0,0,0,0
2020-02-18,Tulare,107,460477,2,0,0,0,0
2020-02-18,Tuolumne,109,53932,0,0,0,0,0
2020-02-18,Ventura,111,848112,2,0,0,0,0
2020-02-18,Yolo,113,214977,1,0,0,0,0
2020-02-18,Yuba,115,75493,0,0,0,0,0
2020-02-17,Alameda,001,1643700,6,0,0,0,0
2020-02-17,Alpine,003,1148,0,0,0,0,0
2020-02-17,Amador,005,37829,0,0,0,0,0
2020-02-17,Butte,007,227075,0,0,0,0,0
2020-02-17,Calaveras,009,45235,0,0,0,0,0
2020-02-17,Colusa,011,21464,0,0,0,0,0
2020-02-17,Contra Costa,013,1133247,3,0,0,0,0
2020-02-17,Del Norte,015,27424,0,0,0,0,0
2020-02-17,El Dorado,017,186661,0,0,0,0,0
2020-02-17,Fresno,019,978130,0,0,0,0,0
2020-02-17,Glenn,021,27897,0,0,0,0,0
2020-02-17,Humboldt,023,135768,1,0,0,0,0
2020-02-17,Imperial,025,180216,1,0,0,0,0
2020-02-17,Inyo,027,18085,0,0,0,0,0
2020-02-17,Kern,029,883053,2,0,0,0,0
2020-02-17,Kings,031,150075,1,0,0,0,0
2020-02-17,Lake,033,64148,0,0,0,0,0
2020-02-17,Lassen,035,31185,0,0,0,0,0
2020-02-17,Los Angeles,037,10098052,42,1,7,8,0
2020-02-17,Madera,039,155013,0,0,0,0,0
2020-02-17,Marin,041,260295,0,0,0,0,0
2020-02-17,Mariposa,043,17540,0,0,0,0,0
2020-02-17,Mendocino,045,87422,0,0,0,0,0
2020-02-17,Merced,047,269075,0,0,0,0,0
2020-02-17,Modoc,049,8938,0,0,0,0,0
2020-02-17,Mono,051,14174,0,0,0,0,0
2020-02-17,Monterey,053,433212,0,0,0,0,0
2020-02-17,Napa,055,140530,0,0,0,0,0
2020-02-17,Nevada,057,99092,0,0,1,1,0
2020-02-17,Orange,059,3164182,42,1,0,1,0
2020-02-17,Placer,061,380077,0,0,0,0,0
2020-02-17,Plumas,063,18699,0,0,0,0,0
2020-02-17,Riverside,065,2383286,5,0,0,0,0
2020-02-17,Sacramento,067,1510023,2,0,0,0,0
2020-02-17,San Benito,069,59416,0,2,0,2,0
2020-02-17,San Bernardino,071,2135413,10,0,0,0,0
2020-02-17,San Diego,073,3302833,4,2,0,2,0
2020-02-17,San Francisco,075,870044,2,0,0,0,0
2020-02-17,San Joaquin,077,732212,1,0,1,1,0
2020-02-17,San Luis Obispo,079,281455,1,0,0,0,0
2020-02-17,San Mateo,081,765935,5,0,0,0,0
2020-02-17,Santa Barbara,083,443738,0,0,0,0,0
2020-02-17,Santa Clara,085,1922200,12,2,1,3,0
2020-02-17,Santa Cruz,087,273765,0,0,0,0,0
2020-02-17,Shasta,089,179085,0,0,0,0,0
2020-02-17,Sierra,091,2930,0,0,0,0,0
2020-02-17,Siskiyou,093,43540,0,0,0,0,0
2020-02-17,Solano,095,438530,3,5,0,5,0
2020-02-17,Sonoma,097,501317,1,0,0,0,0
2020-02-17,Stanislaus,099,539301,1,0,2,2,0
2020-02-17,Sutter,101,95872,0,0,0,0,0
2020-02-17,Tehama,103,63373,0,0,0,0,0
2020-02-17,Trinity,105,12862,0,0,0,0,0
2020-02-17,Tulare,107,460477,2,0,0,0,0
2020-02-17,Tuolumne,109,53932,0,0,0,0,0
2020-02-17,Ventura,111,848112,2,0,0,0,0
2020-02-17,Yolo,113,214977,1,0,0,0,0
2020-02-17,Yuba,115,75493,0,0,0,0,0
2020-02-16,Alameda,001,1643700,5,0,0,0,0
2020-02-16,Alpine,003,1148,0,0,0,0,0
2020-02-16,Amador,005,37829,0,0,0,0,0
2020-02-16,Butte,007,227075,0,0,0,0,0
2020-02-16,Calaveras,009,45235,0,0,0,0,0
2020-02-16,Colusa,011,21464,0,0,0,0,0
2020-02-16,Contra Costa,013,1133247,3,0,0,0,0
2020-02-16,Del Norte,015,27424,0,0,0,0,0
2020-02-16,El Dorado,017,186661,0,0,0,0,0
2020-02-16,Fresno,019,978130,0,0,0,0,0
2020-02-16,Glenn,021,27897,0,0,0,0,0
2020-02-16,Humboldt,023,135768,1,0,0,0,0
2020-02-16,Imperial,025,180216,1,0,0,0,0
2020-02-16,Inyo,027,18085,0,0,0,0,0
2020-02-16,Kern,029,883053,2,0,0,0,0
2020-02-16,Kings,031,150075,1,0,0,0,0
2020-02-16,Lake,033,64148,0,0,0,0,0
2020-02-16,Lassen,035,31185,0,0,0,0,0
2020-02-16,Los Angeles,037,10098052,36,1,7,8,0
2020-02-16,Madera,039,155013,0,0,0,0,0
2020-02-16,Marin,041,260295,0,0,0,0,0
2020-02-16,Mariposa,043,17540,0,0,0,0,0
2020-02-16,Mendocino,045,87422,0,0,0,0,0
2020-02-16,Merced,047,269075,0,0,0,0,0
2020-02-16,Modoc,049,8938,0,0,0,0,0
2020-02-16,Mono,051,14174,0,0,0,0,0
2020-02-16,Monterey,053,433212,0,0,0,0,0
2020-02-16,Napa,055,140530,0,0,0,0,0
2020-02-16,Nevada,057,99092,0,0,0,0,0
2020-02-16,Orange,059,3164182,41,1,0,1,0
2020-02-16,Placer,061,380077,0,0,0,0,0
2020-02-16,Plumas,063,18699,0,0,0,0,0
2020-02-16,Riverside,065,2383286,5,0,0,0,0
2020-02-16,Sacramento,067,1510023,2,0,0,0,0
2020-02-16,San Benito,069,59416,0,2,0,2,0
2020-02-16,San Bernardino,071,2135413,9,0,0,0,0
2020-02-16,San Diego,073,3302833,4,2,0,2,0
2020-02-16,San Francisco,075,870044,2,0,0,0,0
2020-02-16,San Joaquin,077,732212,1,0,1,1,0
2020-02-16,San Luis Obispo,079,281455,1,0,0,0,0
2020-02-16,San Mateo,081,765935,4,0,0,0,0
2020-02-16,Santa Barbara,083,443738,0,0,0,0,0
2020-02-16,Santa Clara,085,1922200,10,2,1,3,0
2020-02-16,Santa Cruz,087,273765,0,0,0,0,0
2020-02-16,Shasta,089,179085,0,0,0,0,0
2020-02-16,Sierra,091,2930,0,0,0,0,0
2020-02-16,Siskiyou,093,43540,0,0,0,0,0
2020-02-16,Solano,095,438530,1,0,0,0,0
2020-02-16,Sonoma,097,501317,1,0,0,0,0
2020-02-16,Stanislaus,099,539301,1,0,2,2,0
2020-02-16,Sutter,101,95872,0,0,0,0,0
2020-02-16,Tehama,103,63373,0,0,0,0,0
2020-02-16,Trinity,105,12862,0,0,0,0,0
2020-02-16,Tulare,107,460477,2,0,0,0,0
2020-02-16,Tuolumne,109,53932,0,0,0,0,0
2020-02-16,Ventura,111,848112,2,0,0,0,0
2020-02-16,Yolo,113,214977,1,0,0,0,0
2020-02-16,Yuba,115,75493,0,0,0,0,0
2020-02-15,Alameda,001,1643700,5,0,0,0,0
2020-02-15,Alpine,003,1148,0,0,0,0,0
2020-02-15,Amador,005,37829,0,0,0,0,0
2020-02-15,Butte,007,227075,0,0,0,0,0
2020-02-15,Calaveras,009,45235,0,0,0,0,0
2020-02-15,Colusa,011,21464,0,0,0,0,0
2020-02-15,Contra Costa,013,1133247,3,0,0,0,0
2020-02-15,Del Norte,015,27424,0,0,0,0,0
2020-02-15,El Dorado,017,186661,0,0,0,0,0
2020-02-15,Fresno,019,978130,0,0,0,0,0
2020-02-15,Glenn,021,27897,0,0,0,0,0
2020-02-15,Humboldt,023,135768,1,0,0,0,0
2020-02-15,Imperial,025,180216,1,0,0,0,0
2020-02-15,Inyo,027,18085,0,0,0,0,0
2020-02-15,Kern,029,883053,2,0,0,0,0
2020-02-15,Kings,031,150075,1,0,0,0,0
2020-02-15,Lake,033,64148,0,0,0,0,0
2020-02-15,Lassen,035,31185,0,0,0,0,0
2020-02-15,Los Angeles,037,10098052,33,1,7,8,0
2020-02-15,Madera,039,155013,0,0,0,0,0
2020-02-15,Marin,041,260295,0,0,0,0,0
2020-02-15,Mariposa,043,17540,0,0,0,0,0
2020-02-15,Mendocino,045,87422,0,0,0,0,0
2020-02-15,Merced,047,269075,0,0,0,0,0
2020-02-15,Modoc,049,8938,0,0,0,0,0
2020-02-15,Mono,051,14174,0,0,0,0,0
2020-02-15,Monterey,053,433212,0,0,0,0,0
2020-02-15,Napa,055,140530,0,0,0,0,0
2020-02-15,Nevada,057,99092,0,0,0,0,0
2020-02-15,Orange,059,3164182,40,1,0,1,0
2020-02-15,Placer,061,380077,0,0,0,0,0
2020-02-15,Plumas,063,18699,0,0,0,0,0
2020-02-15,Riverside,065,2383286,4,0,0,0,0
2020-02-15,Sacramento,067,1510023,2,0,0,0,0
2020-02-15,San Benito,069,59416,0,2,0,2,0
2020-02-15,San Bernardino,071,2135413,8,0,0,0,0
2020-02-15,San Diego,073,3302833,4,2,0,2,0
2020-02-15,San Francisco,075,870044,2,0,0,0,0
2020-02-15,San Joaquin,077,732212,1,0,1,1,0
2020-02-15,San Luis Obispo,079,281455,1,0,0,0,0
2020-02-15,San Mateo,081,765935,4,0,0,0,0
2020-02-15,Santa Barbara,083,443738,0,0,0,0,0
2020-02-15,Santa Clara,085,1922200,10,2,1,3,0
2020-02-15,Santa Cruz,087,273765,0,0,0,0,0
2020-02-15,Shasta,089,179085,0,0,0,0,0
2020-02-15,Sierra,091,2930,0,0,0,0,0
2020-02-15,Siskiyou,093,43540,0,0,0,0,0
2020-02-15,Solano,095,438530,1,0,0,0,0
2020-02-15,Sonoma,097,501317,0,0,0,0,0
2020-02-15,Stanislaus,099,539301,1,0,2,2,0
2020-02-15,Sutter,101,95872,0,0,0,0,0
2020-02-15,Tehama,103,63373,0,0,0,0,0
2020-02-15,Trinity,105,12862,0,0,0,0,0
2020-02-15,Tulare,107,460477,2,0,0,0,0
2020-02-15,Tuolumne,109,53932,0,0,0,0,0
2020-02-15,Ventura,111,848112,2,0,0,0,0
2020-02-15,Yolo,113,214977,1,0,0,0,0
2020-02-15,Yuba,115,75493,0,0,0,0,0
2020-02-14,Alameda,001,1643700,4,0,0,0,0
2020-02-14,Alpine,003,1148,0,0,0,0,0
2020-02-14,Amador,005,37829,0,0,0,0,0
2020-02-14,Butte,007,227075,0,0,0,0,0
2020-02-14,Calaveras,009,45235,0,0,0,0,0
2020-02-14,Colusa,011,21464,0,0,0,0,0
2020-02-14,Contra Costa,013,1133247,3,0,0,0,0
2020-02-14,Del Norte,015,27424,0,0,0,0,0
2020-02-14,El Dorado,017,186661,0,0,0,0,0
2020-02-14,Fresno,019,978130,0,0,0,0,0
2020-02-14,Glenn,021,27897,0,0,0,0,0
2020-02-14,Humboldt,023,135768,1,0,0,0,0
2020-02-14,Imperial,025,180216,1,0,0,0,0
2020-02-14,Inyo,027,18085,0,0,0,0,0
2020-02-14,Kern,029,883053,2,0,0,0,0
2020-02-14,Kings,031,150075,1,0,0,0,0
2020-02-14,Lake,033,64148,0,0,0,0,0
2020-02-14,Lassen,035,31185,0,0,0,0,0
2020-02-14,Los Angeles,037,10098052,28,1,7,8,0
2020-02-14,Madera,039,155013,0,0,0,0,0
2020-02-14,Marin,041,260295,0,0,0,0,0
2020-02-14,Mariposa,043,17540,0,0,0,0,0
2020-02-14,Mendocino,045,87422,0,0,0,0,0
2020-02-14,Merced,047,269075,0,0,0,0,0
2020-02-14,Modoc,049,8938,0,0,0,0,0
2020-02-14,Mono,051,14174,0,0,0,0,0
2020-02-14,Monterey,053,433212,0,0,0,0,0
2020-02-14,Napa,055,140530,0,0,0,0,0
2020-02-14,Nevada,057,99092,0,0,0,0,0
2020-02-14,Orange,059,3164182,40,1,0,1,0
2020-02-14,Placer,061,380077,0,0,0,0,0
2020-02-14,Plumas,063,18699,0,0,0,0,0
2020-02-14,Riverside,065,2383286,4,0,0,0,0
2020-02-14,Sacramento,067,1510023,1,0,0,0,0
2020-02-14,San Benito,069,59416,0,2,0,2,0
2020-02-14,San Bernardino,071,2135413,8,0,0,0,0
2020-02-14,San Diego,073,3302833,3,2,0,2,0
2020-02-14,San Francisco,075,870044,2,0,0,0,0
2020-02-14,San Joaquin,077,732212,1,0,1,1,0
2020-02-14,San Luis Obispo,079,281455,0,0,0,0,0
2020-02-14,San Mateo,081,765935,3,0,0,0,0
2020-02-14,Santa Barbara,083,443738,0,0,0,0,0
2020-02-14,Santa Clara,085,1922200,8,2,1,3,0
2020-02-14,Santa Cruz,087,273765,0,0,0,0,0
2020-02-14,Shasta,089,179085,0,0,0,0,0
2020-02-14,Sierra,091,2930,0,0,0,0,0
2020-02-14,Siskiyou,093,43540,0,0,0,0,0
2020-02-14,Solano,095,438530,1,0,0,0,0
2020-02-14,Sonoma,097,501317,0,0,0,0,0
2020-02-14,Stanislaus,099,539301,1,0,2,2,0
2020-02-14,Sutter,101,95872,0,0,0,0,0
2020-02-14,Tehama,103,63373,0,0,0,0,0
2020-02-14,Trinity,105,12862,0,0,0,0,0
2020-02-14,Tulare,107,460477,2,0,0,0,0
2020-02-14,Tuolumne,109,53932,0,0,0,0,0
2020-02-14,Ventura,111,848112,2,0,0,0,0
2020-02-14,Yolo,113,214977,1,0,0,0,0
2020-02-14,Yuba,115,75493,0,0,0,0,0
2020-02-13,Alameda,001,1643700,4,0,0,0,0
2020-02-13,Alpine,003,1148,0,0,0,0,0
2020-02-13,Amador,005,37829,0,0,0,0,0
2020-02-13,Butte,007,227075,0,0,0,0,0
2020-02-13,Calaveras,009,45235,0,0,0,0,0
2020-02-13,Colusa,011,21464,0,0,0,0,0
2020-02-13,Contra Costa,013,1133247,3,0,0,0,0
2020-02-13,Del Norte,015,27424,0,0,0,0,0
2020-02-13,El Dorado,017,186661,0,0,0,0,0
2020-02-13,Fresno,019,978130,0,0,0,0,0
2020-02-13,Glenn,021,27897,0,0,0,0,0
2020-02-13,Humboldt,023,135768,1,0,0,0,0
2020-02-13,Imperial,025,180216,1,0,0,0,0
2020-02-13,Inyo,027,18085,0,0,0,0,0
2020-02-13,Kern,029,883053,2,0,0,0,0
2020-02-13,Kings,031,150075,1,0,0,0,0
2020-02-13,Lake,033,64148,0,0,0,0,0
2020-02-13,Lassen,035,31185,0,0,0,0,0
2020-02-13,Los Angeles,037,10098052,24,1,6,7,0
2020-02-13,Madera,039,155013,0,0,0,0,0
2020-02-13,Marin,041,260295,0,0,0,0,0
2020-02-13,Mariposa,043,17540,0,0,0,0,0
2020-02-13,Mendocino,045,87422,0,0,0,0,0
2020-02-13,Merced,047,269075,0,0,0,0,0
2020-02-13,Modoc,049,8938,0,0,0,0,0
2020-02-13,Mono,051,14174,0,0,0,0,0
2020-02-13,Monterey,053,433212,0,0,0,0,0
2020-02-13,Napa,055,140530,0,0,0,0,0
2020-02-13,Nevada,057,99092,0,0,0,0,0
2020-02-13,Orange,059,3164182,39,1,0,1,0
2020-02-13,Placer,061,380077,0,0,0,0,0
2020-02-13,Plumas,063,18699,0,0,0,0,0
2020-02-13,Riverside,065,2383286,4,0,0,0,0
2020-02-13,Sacramento,067,1510023,1,0,0,0,0
2020-02-13,San Benito,069,59416,0,2,0,2,0
2020-02-13,San Bernardino,071,2135413,8,0,0,0,0
2020-02-13,San Diego,073,3302833,2,2,0,2,0
2020-02-13,San Francisco,075,870044,2,0,0,0,0
2020-02-13,San Joaquin,077,732212,1,0,1,1,0
2020-02-13,San Luis Obispo,079,281455,0,0,0,0,0
2020-02-13,San Mateo,081,765935,2,0,0,0,0
2020-02-13,Santa Barbara,083,443738,0,0,0,0,0
2020-02-13,Santa Clara,085,1922200,7,2,0,2,0
2020-02-13,Santa Cruz,087,273765,0,0,0,0,0
2020-02-13,Shasta,089,179085,0,0,0,0,0
2020-02-13,Sierra,091,2930,0,0,0,0,0
2020-02-13,Siskiyou,093,43540,0,0,0,0,0
2020-02-13,Solano,095,438530,0,0,0,0,0
2020-02-13,Sonoma,097,501317,0,0,0,0,0
2020-02-13,Stanislaus,099,539301,1,0,1,1,0
2020-02-13,Sutter,101,95872,0,0,0,0,0
2020-02-13,Tehama,103,63373,0,0,0,0,0
2020-02-13,Trinity,105,12862,0,0,0,0,0
2020-02-13,Tulare,107,460477,2,0,0,0,0
2020-02-13,Tuolumne,109,53932,0,0,0,0,0
2020-02-13,Ventura,111,848112,2,0,0,0,0
2020-02-13,Yolo,113,214977,1,0,0,0,0
2020-02-13,Yuba,115,75493,0,0,0,0,0
2020-02-12,Alameda,001,1643700,4,0,0,0,0
2020-02-12,Alpine,003,1148,0,0,0,0,0
2020-02-12,Amador,005,37829,0,0,0,0,0
2020-02-12,Butte,007,227075,0,0,0,0,0
2020-02-12,Calaveras,009,45235,0,0,0,0,0
2020-02-12,Colusa,011,21464,0,0,0,0,0
2020-02-12,Contra Costa,013,1133247,3,0,0,0,0
2020-02-12,Del Norte,015,27424,0,0,0,0,0
2020-02-12,El Dorado,017,186661,0,0,0,0,0
2020-02-12,Fresno,019,978130,0,0,0,0,0
2020-02-12,Glenn,021,27897,0,0,0,0,0
2020-02-12,Humboldt,023,135768,1,0,0,0,0
2020-02-12,Imperial,025,180216,1,0,0,0,0
2020-02-12,Inyo,027,18085,0,0,0,0,0
2020-02-12,Kern,029,883053,2,0,0,0,0
2020-02-12,Kings,031,150075,1,0,0,0,0
2020-02-12,Lake,033,64148,0,0,0,0,0
2020-02-12,Lassen,035,31185,0,0,0,0,0
2020-02-12,Los Angeles,037,10098052,23,1,6,7,0
2020-02-12,Madera,039,155013,0,0,0,0,0
2020-02-12,Marin,041,260295,0,0,0,0,0
2020-02-12,Mariposa,043,17540,0,0,0,0,0
2020-02-12,Mendocino,045,87422,0,0,0,0,0
2020-02-12,Merced,047,269075,0,0,0,0,0
2020-02-12,Modoc,049,8938,0,0,0,0,0
2020-02-12,Mono,051,14174,0,0,0,0,0
2020-02-12,Monterey,053,433212,0,0,0,0,0
2020-02-12,Napa,055,140530,0,0,0,0,0
2020-02-12,Nevada,057,99092,0,0,0,0,0
2020-02-12,Orange,059,3164182,39,1,0,1,0
2020-02-12,Placer,061,380077,0,0,0,0,0
2020-02-12,Plumas,063,18699,0,0,0,0,0
2020-02-12,Riverside,065,2383286,4,0,0,0,0
2020-02-12,Sacramento,067,1510023,1,0,0,0,0
2020-02-12,San Benito,069,59416,0,2,0,2,0
2020-02-12,San Bernardino,071,2135413,8,0,0,0,0
2020-02-12,San Diego,073,3302833,2,2,0,2,0
2020-02-12,San Francisco,075,870044,2,0,0,0,0
2020-02-12,San Joaquin,077,732212,1,0,1,1,0
2020-02-12,San Luis Obispo,079,281455,0,0,0,0,0
2020-02-12,San Mateo,081,765935,2,0,0,0,0
2020-02-12,Santa Barbara,083,443738,0,0,0,0,0
2020-02-12,Santa Clara,085,1922200,6,2,0,2,0
2020-02-12,Santa Cruz,087,273765,0,0,0,0,0
2020-02-12,Shasta,089,179085,0,0,0,0,0
2020-02-12,Sierra,091,2930,0,0,0,0,0
2020-02-12,Siskiyou,093,43540,0,0,0,0,0
2020-02-12,Solano,095,438530,0,0,0,0,0
2020-02-12,Sonoma,097,501317,0,0,0,0,0
2020-02-12,Stanislaus,099,539301,1,0,1,1,0
2020-02-12,Sutter,101,95872,0,0,0,0,0
2020-02-12,Tehama,103,63373,0,0,0,0,0
2020-02-12,Trinity,105,12862,0,0,0,0,0
2020-02-12,Tulare,107,460477,2,0,0,0,0
2020-02-12,Tuolumne,109,53932,0,0,0,0,0
2020-02-12,Ventura,111,848112,2,0,0,0,0
2020-02-12,Yolo,113,214977,1,0,0,0,0
2020-02-12,Yuba,115,75493,0,0,0,0,0
2020-02-11,Alameda,001,1643700,4,0,0,0,0
2020-02-11,Alpine,003,1148,0,0,0,0,0
2020-02-11,Amador,005,37829,0,0,0,0,0
2020-02-11,Butte,007,227075,0,0,0,0,0
2020-02-11,Calaveras,009,45235,0,0,0,0,0
2020-02-11,Colusa,011,21464,0,0,0,0,0
2020-02-11,Contra Costa,013,1133247,3,0,0,0,0
2020-02-11,Del Norte,015,27424,0,0,0,0,0
2020-02-11,El Dorado,017,186661,0,0,0,0,0
2020-02-11,Fresno,019,978130,0,0,0,0,0
2020-02-11,Glenn,021,27897,0,0,0,0,0
2020-02-11,Humboldt,023,135768,1,0,0,0,0
2020-02-11,Imperial,025,180216,1,0,0,0,0
2020-02-11,Inyo,027,18085,0,0,0,0,0
2020-02-11,Kern,029,883053,2,0,0,0,0
2020-02-11,Kings,031,150075,1,0,0,0,0
2020-02-11,Lake,033,64148,0,0,0,0,0
2020-02-11,Lassen,035,31185,0,0,0,0,0
2020-02-11,Los Angeles,037,10098052,23,1,6,7,0
2020-02-11,Madera,039,155013,0,0,0,0,0
2020-02-11,Marin,041,260295,0,0,0,0,0
2020-02-11,Mariposa,043,17540,0,0,0,0,0
2020-02-11,Mendocino,045,87422,0,0,0,0,0
2020-02-11,Merced,047,269075,0,0,0,0,0
2020-02-11,Modoc,049,8938,0,0,0,0,0
2020-02-11,Mono,051,14174,0,0,0,0,0
2020-02-11,Monterey,053,433212,0,0,0,0,0
2020-02-11,Napa,055,140530,0,0,0,0,0
2020-02-11,Nevada,057,99092,0,0,0,0,0
2020-02-11,Orange,059,3164182,38,1,0,1,0
2020-02-11,Placer,061,380077,0,0,0,0,0
2020-02-11,Plumas,063,18699,0,0,0,0,0
2020-02-11,Riverside,065,2383286,4,0,0,0,0
2020-02-11,Sacramento,067,1510023,1,0,0,0,0
2020-02-11,San Benito,069,59416,0,2,0,2,0
2020-02-11,San Bernardino,071,2135413,8,0,0,0,0
2020-02-11,San Diego,073,3302833,2,1,0,1,0
2020-02-11,San Francisco,075,870044,2,0,0,0,0
2020-02-11,San Joaquin,077,732212,0,0,1,1,0
2020-02-11,San Luis Obispo,079,281455,0,0,0,0,0
2020-02-11,San Mateo,081,765935,2,0,0,0,0
2020-02-11,Santa Barbara,083,443738,0,0,0,0,0
2020-02-11,Santa Clara,085,1922200,5,2,0,2,0
2020-02-11,Santa Cruz,087,273765,0,0,0,0,0
2020-02-11,Shasta,089,179085,0,0,0,0,0
2020-02-11,Sierra,091,2930,0,0,0,0,0
2020-02-11,Siskiyou,093,43540,0,0,0,0,0
2020-02-11,Solano,095,438530,0,0,0,0,0
2020-02-11,Sonoma,097,501317,0,0,0,0,0
2020-02-11,Stanislaus,099,539301,1,0,1,1,0
2020-02-11,Sutter,101,95872,0,0,0,0,0
2020-02-11,Tehama,103,63373,0,0,0,0,0
2020-02-11,Trinity,105,12862,0,0,0,0,0
2020-02-11,Tulare,107,460477,2,0,0,0,0
2020-02-11,Tuolumne,109,53932,0,0,0,0,0
2020-02-11,Ventura,111,848112,2,0,0,0,0
2020-02-11,Yolo,113,214977,1,0,0,0,0
2020-02-11,Yuba,115,75493,0,0,0,0,0
2020-02-10,Alameda,001,1643700,4,0,0,0,0
2020-02-10,Alpine,003,1148,0,0,0,0,0
2020-02-10,Amador,005,37829,0,0,0,0,0
2020-02-10,Butte,007,227075,0,0,0,0,0
2020-02-10,Calaveras,009,45235,0,0,0,0,0
2020-02-10,Colusa,011,21464,0,0,0,0,0
2020-02-10,Contra Costa,013,1133247,3,0,0,0,0
2020-02-10,Del Norte,015,27424,0,0,0,0,0
2020-02-10,El Dorado,017,186661,0,0,0,0,0
2020-02-10,Fresno,019,978130,0,0,0,0,0
2020-02-10,Glenn,021,27897,0,0,0,0,0
2020-02-10,Humboldt,023,135768,0,0,0,0,0
2020-02-10,Imperial,025,180216,1,0,0,0,0
2020-02-10,Inyo,027,18085,0,0,0,0,0
2020-02-10,Kern,029,883053,2,0,0,0,0
2020-02-10,Kings,031,150075,1,0,0,0,0
2020-02-10,Lake,033,64148,0,0,0,0,0
2020-02-10,Lassen,035,31185,0,0,0,0,0
2020-02-10,Los Angeles,037,10098052,21,1,6,7,0
2020-02-10,Madera,039,155013,0,0,0,0,0
2020-02-10,Marin,041,260295,0,0,0,0,0
2020-02-10,Mariposa,043,17540,0,0,0,0,0
2020-02-10,Mendocino,045,87422,0,0,0,0,0
2020-02-10,Merced,047,269075,0,0,0,0,0
2020-02-10,Modoc,049,8938,0,0,0,0,0
2020-02-10,Mono,051,14174,0,0,0,0,0
2020-02-10,Monterey,053,433212,0,0,0,0,0
2020-02-10,Napa,055,140530,0,0,0,0,0
2020-02-10,Nevada,057,99092,0,0,0,0,0
2020-02-10,Orange,059,3164182,38,1,0,1,0
2020-02-10,Placer,061,380077,0,0,0,0,0
2020-02-10,Plumas,063,18699,0,0,0,0,0
2020-02-10,Riverside,065,2383286,4,0,0,0,0
2020-02-10,Sacramento,067,1510023,1,0,0,0,0
2020-02-10,San Benito,069,59416,0,2,0,2,0
2020-02-10,San Bernardino,071,2135413,7,0,0,0,0
2020-02-10,San Diego,073,3302833,2,0,0,0,0
2020-02-10,San Francisco,075,870044,2,0,0,0,0
2020-02-10,San Joaquin,077,732212,0,0,1,1,0
2020-02-10,San Luis Obispo,079,281455,0,0,0,0,0
2020-02-10,San Mateo,081,765935,2,0,0,0,0
2020-02-10,Santa Barbara,083,443738,0,0,0,0,0
2020-02-10,Santa Clara,085,1922200,5,2,0,2,0
2020-02-10,Santa Cruz,087,273765,0,0,0,0,0
2020-02-10,Shasta,089,179085,0,0,0,0,0
2020-02-10,Sierra,091,2930,0,0,0,0,0
2020-02-10,Siskiyou,093,43540,0,0,0,0,0
2020-02-10,Solano,095,438530,0,0,0,0,0
2020-02-10,Sonoma,097,501317,0,0,0,0,0
2020-02-10,Stanislaus,099,539301,1,0,0,0,0
2020-02-10,Sutter,101,95872,0,0,0,0,0
2020-02-10,Tehama,103,63373,0,0,0,0,0
2020-02-10,Trinity,105,12862,0,0,0,0,0
2020-02-10,Tulare,107,460477,2,0,0,0,0
2020-02-10,Tuolumne,109,53932,0,0,0,0,0
2020-02-10,Ventura,111,848112,2,0,0,0,0
2020-02-10,Yolo,113,214977,1,0,0,0,0
2020-02-10,Yuba,115,75493,0,0,0,0,0
2020-02-09,Alameda,001,1643700,4,0,0,0,0
2020-02-09,Alpine,003,1148,0,0,0,0,0
2020-02-09,Amador,005,37829,0,0,0,0,0
2020-02-09,Butte,007,227075,0,0,0,0,0
2020-02-09,Calaveras,009,45235,0,0,0,0,0
2020-02-09,Colusa,011,21464,0,0,0,0,0
2020-02-09,Contra Costa,013,1133247,3,0,0,0,0
2020-02-09,Del Norte,015,27424,0,0,0,0,0
2020-02-09,El Dorado,017,186661,0,0,0,0,0
2020-02-09,Fresno,019,978130,0,0,0,0,0
2020-02-09,Glenn,021,27897,0,0,0,0,0
2020-02-09,Humboldt,023,135768,0,0,0,0,0
2020-02-09,Imperial,025,180216,1,0,0,0,0
2020-02-09,Inyo,027,18085,0,0,0,0,0
2020-02-09,Kern,029,883053,2,0,0,0,0
2020-02-09,Kings,031,150075,1,0,0,0,0
2020-02-09,Lake,033,64148,0,0,0,0,0
2020-02-09,Lassen,035,31185,0,0,0,0,0
2020-02-09,Los Angeles,037,10098052,20,1,6,7,0
2020-02-09,Madera,039,155013,0,0,0,0,0
2020-02-09,Marin,041,260295,0,0,0,0,0
2020-02-09,Mariposa,043,17540,0,0,0,0,0
2020-02-09,Mendocino,045,87422,0,0,0,0,0
2020-02-09,Merced,047,269075,0,0,0,0,0
2020-02-09,Modoc,049,8938,0,0,0,0,0
2020-02-09,Mono,051,14174,0,0,0,0,0
2020-02-09,Monterey,053,433212,0,0,0,0,0
2020-02-09,Napa,055,140530,0,0,0,0,0
2020-02-09,Nevada,057,99092,0,0,0,0,0
2020-02-09,Orange,059,3164182,37,1,0,1,0
2020-02-09,Placer,061,380077,0,0,0,0,0
2020-02-09,Plumas,063,18699,0,0,0,0,0
2020-02-09,Riverside,065,2383286,4,0,0,0,0
2020-02-09,Sacramento,067,1510023,0,0,0,0,0
2020-02-09,San Benito,069,59416,0,2,0,2,0
2020-02-09,San Bernardino,071,2135413,7,0,0,0,0
2020-02-09,San Diego,073,3302833,2,0,0,0,0
2020-02-09,San Francisco,075,870044,1,0,0,0,0
2020-02-09,San Joaquin,077,732212,0,0,1,1,0
2020-02-09,San Luis Obispo,079,281455,0,0,0,0,0
2020-02-09,San Mateo,081,765935,2,0,0,0,0
2020-02-09,Santa Barbara,083,443738,0,0,0,0,0
2020-02-09,Santa Clara,085,1922200,4,2,0,2,0
2020-02-09,Santa Cruz,087,273765,0,0,0,0,0
2020-02-09,Shasta,089,179085,0,0,0,0,0
2020-02-09,Sierra,091,2930,0,0,0,0,0
2020-02-09,Siskiyou,093,43540,0,0,0,0,0
2020-02-09,Solano,095,438530,0,0,0,0,0
2020-02-09,Sonoma,097,501317,0,0,0,0,0
2020-02-09,Stanislaus,099,539301,0,0,0,0,0
2020-02-09,Sutter,101,95872,0,0,0,0,0
2020-02-09,Tehama,103,63373,0,0,0,0,0
2020-02-09,Trinity,105,12862,0,0,0,0,0
2020-02-09,Tulare,107,460477,2,0,0,0,0
2020-02-09,Tuolumne,109,53932,0,0,0,0,0
2020-02-09,Ventura,111,848112,1,0,0,0,0
2020-02-09,Yolo,113,214977,1,0,0,0,0
2020-02-09,Yuba,115,75493,0,0,0,0,0
2020-02-08,Alameda,001,1643700,3,0,0,0,0
2020-02-08,Alpine,003,1148,0,0,0,0,0
2020-02-08,Amador,005,37829,0,0,0,0,0
2020-02-08,Butte,007,227075,0,0,0,0,0
2020-02-08,Calaveras,009,45235,0,0,0,0,0
2020-02-08,Colusa,011,21464,0,0,0,0,0
2020-02-08,Contra Costa,013,1133247,2,0,0,0,0
2020-02-08,Del Norte,015,27424,0,0,0,0,0
2020-02-08,El Dorado,017,186661,0,0,0,0,0
2020-02-08,Fresno,019,978130,0,0,0,0,0
2020-02-08,Glenn,021,27897,0,0,0,0,0
2020-02-08,Humboldt,023,135768,0,0,0,0,0
2020-02-08,Imperial,025,180216,1,0,0,0,0
2020-02-08,Inyo,027,18085,0,0,0,0,0
2020-02-08,Kern,029,883053,2,0,0,0,0
2020-02-08,Kings,031,150075,1,0,0,0,0
2020-02-08,Lake,033,64148,0,0,0,0,0
2020-02-08,Lassen,035,31185,0,0,0,0,0
2020-02-08,Los Angeles,037,10098052,17,1,3,4,0
2020-02-08,Madera,039,155013,0,0,0,0,0
2020-02-08,Marin,041,260295,0,0,0,0,0
2020-02-08,Mariposa,043,17540,0,0,0,0,0
2020-02-08,Mendocino,045,87422,0,0,0,0,0
2020-02-08,Merced,047,269075,0,0,0,0,0
2020-02-08,Modoc,049,8938,0,0,0,0,0
2020-02-08,Mono,051,14174,0,0,0,0,0
2020-02-08,Monterey,053,433212,0,0,0,0,0
2020-02-08,Napa,055,140530,0,0,0,0,0
2020-02-08,Nevada,057,99092,0,0,0,0,0
2020-02-08,Orange,059,3164182,37,1,0,1,0
2020-02-08,Placer,061,380077,0,0,0,0,0
2020-02-08,Plumas,063,18699,0,0,0,0,0
2020-02-08,Riverside,065,2383286,4,0,0,0,0
2020-02-08,Sacramento,067,1510023,0,0,0,0,0
2020-02-08,San Benito,069,59416,0,2,0,2,0
2020-02-08,San Bernardino,071,2135413,7,0,0,0,0
2020-02-08,San Diego,073,3302833,1,0,0,0,0
2020-02-08,San Francisco,075,870044,1,0,0,0,0
2020-02-08,San Joaquin,077,732212,0,0,1,1,0
2020-02-08,San Luis Obispo,079,281455,0,0,0,0,0
2020-02-08,San Mateo,081,765935,2,0,0,0,0
2020-02-08,Santa Barbara,083,443738,0,0,0,0,0
2020-02-08,Santa Clara,085,1922200,4,2,0,2,0
2020-02-08,Santa Cruz,087,273765,0,0,0,0,0
2020-02-08,Shasta,089,179085,0,0,0,0,0
2020-02-08,Sierra,091,2930,0,0,0,0,0
2020-02-08,Siskiyou,093,43540,0,0,0,0,0
2020-02-08,Solano,095,438530,0,0,0,0,0
2020-02-08,Sonoma,097,501317,0,0,0,0,0
2020-02-08,Stanislaus,099,539301,0,0,0,0,0
2020-02-08,Sutter,101,95872,0,0,0,0,0
2020-02-08,Tehama,103,63373,0,0,0,0,0
2020-02-08,Trinity,105,12862,0,0,0,0,0
2020-02-08,Tulare,107,460477,2,0,0,0,0
2020-02-08,Tuolumne,109,53932,0,0,0,0,0
2020-02-08,Ventura,111,848112,1,0,0,0,0
2020-02-08,Yolo,113,214977,1,0,0,0,0
2020-02-08,Yuba,115,75493,0,0,0,0,0
2020-02-07,Alameda,001,1643700,3,0,0,0,0
2020-02-07,Alpine,003,1148,0,0,0,0,0
2020-02-07,Amador,005,37829,0,0,0,0,0
2020-02-07,Butte,007,227075,0,0,0,0,0
2020-02-07,Calaveras,009,45235,0,0,0,0,0
2020-02-07,Colusa,011,21464,0,0,0,0,0
2020-02-07,Contra Costa,013,1133247,2,0,0,0,0
2020-02-07,Del Norte,015,27424,0,0,0,0,0
2020-02-07,El Dorado,017,186661,0,0,0,0,0
2020-02-07,Fresno,019,978130,0,0,0,0,0
2020-02-07,Glenn,021,27897,0,0,0,0,0
2020-02-07,Humboldt,023,135768,0,0,0,0,0
2020-02-07,Imperial,025,180216,1,0,0,0,0
2020-02-07,Inyo,027,18085,0,0,0,0,0
2020-02-07,Kern,029,883053,2,0,0,0,0
2020-02-07,Kings,031,150075,1,0,0,0,0
2020-02-07,Lake,033,64148,0,0,0,0,0
2020-02-07,Lassen,035,31185,0,0,0,0,0
2020-02-07,Los Angeles,037,10098052,16,1,2,3,0
2020-02-07,Madera,039,155013,0,0,0,0,0
2020-02-07,Marin,041,260295,0,0,0,0,0
2020-02-07,Mariposa,043,17540,0,0,0,0,0
2020-02-07,Mendocino,045,87422,0,0,0,0,0
2020-02-07,Merced,047,269075,0,0,0,0,0
2020-02-07,Modoc,049,8938,0,0,0,0,0
2020-02-07,Mono,051,14174,0,0,0,0,0
2020-02-07,Monterey,053,433212,0,0,0,0,0
2020-02-07,Napa,055,140530,0,0,0,0,0
2020-02-07,Nevada,057,99092,0,0,0,0,0
2020-02-07,Orange,059,3164182,35,1,0,1,0
2020-02-07,Placer,061,380077,0,0,0,0,0
2020-02-07,Plumas,063,18699,0,0,0,0,0
2020-02-07,Riverside,065,2383286,4,0,0,0,0
2020-02-07,Sacramento,067,1510023,0,0,0,0,0
2020-02-07,San Benito,069,59416,0,2,0,2,0
2020-02-07,San Bernardino,071,2135413,4,0,0,0,0
2020-02-07,San Diego,073,3302833,1,0,0,0,0
2020-02-07,San Francisco,075,870044,1,0,0,0,0
2020-02-07,San Joaquin,077,732212,0,0,1,1,0
2020-02-07,San Luis Obispo,079,281455,0,0,0,0,0
2020-02-07,San Mateo,081,765935,1,0,0,0,0
2020-02-07,Santa Barbara,083,443738,0,0,0,0,0
2020-02-07,Santa Clara,085,1922200,4,2,0,2,0
2020-02-07,Santa Cruz,087,273765,0,0,0,0,0
2020-02-07,Shasta,089,179085,0,0,0,0,0
2020-02-07,Sierra,091,2930,0,0,0,0,0
2020-02-07,Siskiyou,093,43540,0,0,0,0,0
2020-02-07,Solano,095,438530,0,0,0,0,0
2020-02-07,Sonoma,097,501317,0,0,0,0,0
2020-02-07,Stanislaus,099,539301,0,0,0,0,0
2020-02-07,Sutter,101,95872,0,0,0,0,0
2020-02-07,Tehama,103,63373,0,0,0,0,0
2020-02-07,Trinity,105,12862,0,0,0,0,0
2020-02-07,Tulare,107,460477,2,0,0,0,0
2020-02-07,Tuolumne,109,53932,0,0,0,0,0
2020-02-07,Ventura,111,848112,1,0,0,0,0
2020-02-07,Yolo,113,214977,1,0,0,0,0
2020-02-07,Yuba,115,75493,0,0,0,0,0
2020-02-06,Alameda,001,1643700,3,0,0,0,0
2020-02-06,Alpine,003,1148,0,0,0,0,0
2020-02-06,Amador,005,37829,0,0,0,0,0
2020-02-06,Butte,007,227075,0,0,0,0,0
2020-02-06,Calaveras,009,45235,0,0,0,0,0
2020-02-06,Colusa,011,21464,0,0,0,0,0
2020-02-06,Contra Costa,013,1133247,2,0,0,0,0
2020-02-06,Del Norte,015,27424,0,0,0,0,0
2020-02-06,El Dorado,017,186661,0,0,0,0,0
2020-02-06,Fresno,019,978130,0,0,0,0,0
2020-02-06,Glenn,021,27897,0,0,0,0,0
2020-02-06,Humboldt,023,135768,0,0,0,0,0
2020-02-06,Imperial,025,180216,1,0,0,0,0
2020-02-06,Inyo,027,18085,0,0,0,0,0
2020-02-06,Kern,029,883053,2,0,0,0,0
2020-02-06,Kings,031,150075,0,0,0,0,0
2020-02-06,Lake,033,64148,0,0,0,0,0
2020-02-06,Lassen,035,31185,0,0,0,0,0
2020-02-06,Los Angeles,037,10098052,15,1,2,3,0
2020-02-06,Madera,039,155013,0,0,0,0,0
2020-02-06,Marin,041,260295,0,0,0,0,0
2020-02-06,Mariposa,043,17540,0,0,0,0,0
2020-02-06,Mendocino,045,87422,0,0,0,0,0
2020-02-06,Merced,047,269075,0,0,0,0,0
2020-02-06,Modoc,049,8938,0,0,0,0,0
2020-02-06,Mono,051,14174,0,0,0,0,0
2020-02-06,Monterey,053,433212,0,0,0,0,0
2020-02-06,Napa,055,140530,0,0,0,0,0
2020-02-06,Nevada,057,99092,0,0,0,0,0
2020-02-06,Orange,059,3164182,5,1,0,1,0
2020-02-06,Placer,061,380077,0,0,0,0,0
2020-02-06,Plumas,063,18699,0,0,0,0,0
2020-02-06,Riverside,065,2383286,4,0,0,0,0
2020-02-06,Sacramento,067,1510023,0,0,0,0,0
2020-02-06,San Benito,069,59416,0,2,0,2,0
2020-02-06,San Bernardino,071,2135413,4,0,0,0,0
2020-02-06,San Diego,073,3302833,1,0,0,0,0
2020-02-06,San Francisco,075,870044,1,0,0,0,0
2020-02-06,San Joaquin,077,732212,0,0,1,1,0
2020-02-06,San Luis Obispo,079,281455,0,0,0,0,0
2020-02-06,San Mateo,081,765935,1,0,0,0,0
2020-02-06,Santa Barbara,083,443738,0,0,0,0,0
2020-02-06,Santa Clara,085,1922200,4,2,0,2,0
2020-02-06,Santa Cruz,087,273765,0,0,0,0,0
2020-02-06,Shasta,089,179085,0,0,0,0,0
2020-02-06,Sierra,091,2930,0,0,0,0,0
2020-02-06,Siskiyou,093,43540,0,0,0,0,0
2020-02-06,Solano,095,438530,0,0,0,0,0
2020-02-06,Sonoma,097,501317,0,0,0,0,0
2020-02-06,Stanislaus,099,539301,0,0,0,0,0
2020-02-06,Sutter,101,95872,0,0,0,0,0
2020-02-06,Tehama,103,63373,0,0,0,0,0
2020-02-06,Trinity,105,12862,0,0,0,0,0
2020-02-06,Tulare,107,460477,2,0,0,0,0
2020-02-06,Tuolumne,109,53932,0,0,0,0,0
2020-02-06,Ventura,111,848112,1,0,0,0,0
2020-02-06,Yolo,113,214977,1,0,0,0,0
2020-02-06,Yuba,115,75493,0,0,0,0,0
2020-02-05,Alameda,001,1643700,3,0,0,0,0
2020-02-05,Alpine,003,1148,0,0,0,0,0
2020-02-05,Amador,005,37829,0,0,0,0,0
2020-02-05,Butte,007,227075,0,0,0,0,0
2020-02-05,Calaveras,009,45235,0,0,0,0,0
2020-02-05,Colusa,011,21464,0,0,0,0,0
2020-02-05,Contra Costa,013,1133247,2,0,0,0,0
2020-02-05,Del Norte,015,27424,0,0,0,0,0
2020-02-05,El Dorado,017,186661,0,0,0,0,0
2020-02-05,Fresno,019,978130,0,0,0,0,0
2020-02-05,Glenn,021,27897,0,0,0,0,0
2020-02-05,Humboldt,023,135768,0,0,0,0,0
2020-02-05,Imperial,025,180216,1,0,0,0,0
2020-02-05,Inyo,027,18085,0,0,0,0,0
2020-02-05,Kern,029,883053,1,0,0,0,0
2020-02-05,Kings,031,150075,0,0,0,0,0
2020-02-05,Lake,033,64148,0,0,0,0,0
2020-02-05,Lassen,035,31185,0,0,0,0,0
2020-02-05,Los Angeles,037,10098052,15,1,1,2,0
2020-02-05,Madera,039,155013,0,0,0,0,0
2020-02-05,Marin,041,260295,0,0,0,0,0
2020-02-05,Mariposa,043,17540,0,0,0,0,0
2020-02-05,Mendocino,045,87422,0,0,0,0,0
2020-02-05,Merced,047,269075,0,0,0,0,0
2020-02-05,Modoc,049,8938,0,0,0,0,0
2020-02-05,Mono,051,14174,0,0,0,0,0
2020-02-05,Monterey,053,433212,0,0,0,0,0
2020-02-05,Napa,055,140530,0,0,0,0,0
2020-02-05,Nevada,057,99092,0,0,0,0,0
2020-02-05,Orange,059,3164182,4,1,0,1,0
2020-02-05,Placer,061,380077,0,0,0,0,0
2020-02-05,Plumas,063,18699,0,0,0,0,0
2020-02-05,Riverside,065,2383286,4,0,0,0,0
2020-02-05,Sacramento,067,1510023,0,0,0,0,0
2020-02-05,San Benito,069,59416,0,2,0,2,0
2020-02-05,San Bernardino,071,2135413,4,0,0,0,0
2020-02-05,San Diego,073,3302833,0,0,0,0,0
2020-02-05,San Francisco,075,870044,1,0,0,0,0
2020-02-05,San Joaquin,077,732212,0,0,1,1,0
2020-02-05,San Luis Obispo,079,281455,0,0,0,0,0
2020-02-05,San Mateo,081,765935,1,0,0,0,0
2020-02-05,Santa Barbara,083,443738,0,0,0,0,0
2020-02-05,Santa Clara,085,1922200,2,2,0,2,0
2020-02-05,Santa Cruz,087,273765,0,0,0,0,0
2020-02-05,Shasta,089,179085,0,0,0,0,0
2020-02-05,Sierra,091,2930,0,0,0,0,0
2020-02-05,Siskiyou,093,43540,0,0,0,0,0
2020-02-05,Solano,095,438530,0,0,0,0,0
2020-02-05,Sonoma,097,501317,0,0,0,0,0
2020-02-05,Stanislaus,099,539301,0,0,0,0,0
2020-02-05,Sutter,101,95872,0,0,0,0,0
2020-02-05,Tehama,103,63373,0,0,0,0,0
2020-02-05,Trinity,105,12862,0,0,0,0,0
2020-02-05,Tulare,107,460477,2,0,0,0,0
2020-02-05,Tuolumne,109,53932,0,0,0,0,0
2020-02-05,Ventura,111,848112,0,0,0,0,0
2020-02-05,Yolo,113,214977,1,0,0,0,0
2020-02-05,Yuba,115,75493,0,0,0,0,0
2020-02-04,Alameda,001,1643700,3,0,0,0,0
2020-02-04,Alpine,003,1148,0,0,0,0,0
2020-02-04,Amador,005,37829,0,0,0,0,0
2020-02-04,Butte,007,227075,0,0,0,0,0
2020-02-04,Calaveras,009,45235,0,0,0,0,0
2020-02-04,Colusa,011,21464,0,0,0,0,0
2020-02-04,Contra Costa,013,1133247,2,0,0,0,0
2020-02-04,Del Norte,015,27424,0,0,0,0,0
2020-02-04,El Dorado,017,186661,0,0,0,0,0
2020-02-04,Fresno,019,978130,0,0,0,0,0
2020-02-04,Glenn,021,27897,0,0,0,0,0
2020-02-04,Humboldt,023,135768,0,0,0,0,0
2020-02-04,Imperial,025,180216,1,0,0,0,0
2020-02-04,Inyo,027,18085,0,0,0,0,0
2020-02-04,Kern,029,883053,0,0,0,0,0
2020-02-04,Kings,031,150075,0,0,0,0,0
2020-02-04,Lake,033,64148,0,0,0,0,0
2020-02-04,Lassen,035,31185,0,0,0,0,0
2020-02-04,Los Angeles,037,10098052,15,1,1,2,0
2020-02-04,Madera,039,155013,0,0,0,0,0
2020-02-04,Marin,041,260295,0,0,0,0,0
2020-02-04,Mariposa,043,17540,0,0,0,0,0
2020-02-04,Mendocino,045,87422,0,0,0,0,0
2020-02-04,Merced,047,269075,0,0,0,0,0
2020-02-04,Modoc,049,8938,0,0,0,0,0
2020-02-04,Mono,051,14174,0,0,0,0,0
2020-02-04,Monterey,053,433212,0,0,0,0,0
2020-02-04,Napa,055,140530,0,0,0,0,0
2020-02-04,Nevada,057,99092,0,0,0,0,0
2020-02-04,Orange,059,3164182,4,1,0,1,0
2020-02-04,Placer,061,380077,0,0,0,0,0
2020-02-04,Plumas,063,18699,0,0,0,0,0
2020-02-04,Riverside,065,2383286,4,0,0,0,0
2020-02-04,Sacramento,067,1510023,0,0,0,0,0
2020-02-04,San Benito,069,59416,0,2,0,2,0
2020-02-04,San Bernardino,071,2135413,3,0,0,0,0
2020-02-04,San Diego,073,3302833,0,0,0,0,0
2020-02-04,San Francisco,075,870044,1,0,0,0,0
2020-02-04,San Joaquin,077,732212,0,0,1,1,0
2020-02-04,San Luis Obispo,079,281455,0,0,0,0,0
2020-02-04,San Mateo,081,765935,0,0,0,0,0
2020-02-04,Santa Barbara,083,443738,0,0,0,0,0
2020-02-04,Santa Clara,085,1922200,2,2,0,2,0
2020-02-04,Santa Cruz,087,273765,0,0,0,0,0
2020-02-04,Shasta,089,179085,0,0,0,0,0
2020-02-04,Sierra,091,2930,0,0,0,0,0
2020-02-04,Siskiyou,093,43540,0,0,0,0,0
2020-02-04,Solano,095,438530,0,0,0,0,0
2020-02-04,Sonoma,097,501317,0,0,0,0,0
2020-02-04,Stanislaus,099,539301,0,0,0,0,0
2020-02-04,Sutter,101,95872,0,0,0,0,0
2020-02-04,Tehama,103,63373,0,0,0,0,0
2020-02-04,Trinity,105,12862,0,0,0,0,0
2020-02-04,Tulare,107,460477,2,0,0,0,0
2020-02-04,Tuolumne,109,53932,0,0,0,0,0
2020-02-04,Ventura,111,848112,0,0,0,0,0
2020-02-04,Yolo,113,214977,1,0,0,0,0
2020-02-04,Yuba,115,75493,0,0,0,0,0
2020-02-03,Alameda,001,1643700,3,0,0,0,0
2020-02-03,Alpine,003,1148,0,0,0,0,0
2020-02-03,Amador,005,37829,0,0,0,0,0
2020-02-03,Butte,007,227075,0,0,0,0,0
2020-02-03,Calaveras,009,45235,0,0,0,0,0
2020-02-03,Colusa,011,21464,0,0,0,0,0
2020-02-03,Contra Costa,013,1133247,2,0,0,0,0
2020-02-03,Del Norte,015,27424,0,0,0,0,0
2020-02-03,El Dorado,017,186661,0,0,0,0,0
2020-02-03,Fresno,019,978130,0,0,0,0,0
2020-02-03,Glenn,021,27897,0,0,0,0,0
2020-02-03,Humboldt,023,135768,0,0,0,0,0
2020-02-03,Imperial,025,180216,1,0,0,0,0
2020-02-03,Inyo,027,18085,0,0,0,0,0
2020-02-03,Kern,029,883053,0,0,0,0,0
2020-02-03,Kings,031,150075,0,0,0,0,0
2020-02-03,Lake,033,64148,0,0,0,0,0
2020-02-03,Lassen,035,31185,0,0,0,0,0
2020-02-03,Los Angeles,037,10098052,15,1,0,1,0
2020-02-03,Madera,039,155013,0,0,0,0,0
2020-02-03,Marin,041,260295,0,0,0,0,0
2020-02-03,Mariposa,043,17540,0,0,0,0,0
2020-02-03,Mendocino,045,87422,0,0,0,0,0
2020-02-03,Merced,047,269075,0,0,0,0,0
2020-02-03,Modoc,049,8938,0,0,0,0,0
2020-02-03,Mono,051,14174,0,0,0,0,0
2020-02-03,Monterey,053,433212,0,0,0,0,0
2020-02-03,Napa,055,140530,0,0,0,0,0
2020-02-03,Nevada,057,99092,0,0,0,0,0
2020-02-03,Orange,059,3164182,3,1,0,1,0
2020-02-03,Placer,061,380077,0,0,0,0,0
2020-02-03,Plumas,063,18699,0,0,0,0,0
2020-02-03,Riverside,065,2383286,4,0,0,0,0
2020-02-03,Sacramento,067,1510023,0,0,0,0,0
2020-02-03,San Benito,069,59416,0,2,0,2,0
2020-02-03,San Bernardino,071,2135413,3,0,0,0,0
2020-02-03,San Diego,073,3302833,0,0,0,0,0
2020-02-03,San Francisco,075,870044,1,0,0,0,0
2020-02-03,San Joaquin,077,732212,0,0,1,1,0
2020-02-03,San Luis Obispo,079,281455,0,0,0,0,0
2020-02-03,San Mateo,081,765935,0,0,0,0,0
2020-02-03,Santa Barbara,083,443738,0,0,0,0,0
2020-02-03,Santa Clara,085,1922200,2,2,0,2,0
2020-02-03,Santa Cruz,087,273765,0,0,0,0,0
2020-02-03,Shasta,089,179085,0,0,0,0,0
2020-02-03,Sierra,091,2930,0,0,0,0,0
2020-02-03,Siskiyou,093,43540,0,0,0,0,0
2020-02-03,Solano,095,438530,0,0,0,0,0
2020-02-03,Sonoma,097,501317,0,0,0,0,0
2020-02-03,Stanislaus,099,539301,0,0,0,0,0
2020-02-03,Sutter,101,95872,0,0,0,0,0
2020-02-03,Tehama,103,63373,0,0,0,0,0
2020-02-03,Trinity,105,12862,0,0,0,0,0
2020-02-03,Tulare,107,460477,2,0,0,0,0
2020-02-03,Tuolumne,109,53932,0,0,0,0,0
2020-02-03,Ventura,111,848112,0,0,0,0,0
2020-02-03,Yolo,113,214977,1,0,0,0,0
2020-02-03,Yuba,115,75493,0,0,0,0,0
2020-02-02,Alameda,001,1643700,3,0,0,0,0
2020-02-02,Alpine,003,1148,0,0,0,0,0
2020-02-02,Amador,005,37829,0,0,0,0,0
2020-02-02,Butte,007,227075,0,0,0,0,0
2020-02-02,Calaveras,009,45235,0,0,0,0,0
2020-02-02,Colusa,011,21464,0,0,0,0,0
2020-02-02,Contra Costa,013,1133247,1,0,0,0,0
2020-02-02,Del Norte,015,27424,0,0,0,0,0
2020-02-02,El Dorado,017,186661,0,0,0,0,0
2020-02-02,Fresno,019,978130,0,0,0,0,0
2020-02-02,Glenn,021,27897,0,0,0,0,0
2020-02-02,Humboldt,023,135768,0,0,0,0,0
2020-02-02,Imperial,025,180216,1,0,0,0,0
2020-02-02,Inyo,027,18085,0,0,0,0,0
2020-02-02,Kern,029,883053,0,0,0,0,0
2020-02-02,Kings,031,150075,0,0,0,0,0
2020-02-02,Lake,033,64148,0,0,0,0,0
2020-02-02,Lassen,035,31185,0,0,0,0,0
2020-02-02,Los Angeles,037,10098052,13,1,0,1,0
2020-02-02,Madera,039,155013,0,0,0,0,0
2020-02-02,Marin,041,260295,0,0,0,0,0
2020-02-02,Mariposa,043,17540,0,0,0,0,0
2020-02-02,Mendocino,045,87422,0,0,0,0,0
2020-02-02,Merced,047,269075,0,0,0,0,0
2020-02-02,Modoc,049,8938,0,0,0,0,0
2020-02-02,Mono,051,14174,0,0,0,0,0
2020-02-02,Monterey,053,433212,0,0,0,0,0
2020-02-02,Napa,055,140530,0,0,0,0,0
2020-02-02,Nevada,057,99092,0,0,0,0,0
2020-02-02,Orange,059,3164182,3,1,0,1,0
2020-02-02,Placer,061,380077,0,0,0,0,0
2020-02-02,Plumas,063,18699,0,0,0,0,0
2020-02-02,Riverside,065,2383286,3,0,0,0,0
2020-02-02,Sacramento,067,1510023,0,0,0,0,0
2020-02-02,San Benito,069,59416,0,2,0,2,0
2020-02-02,San Bernardino,071,2135413,2,0,0,0,0
2020-02-02,San Diego,073,3302833,0,0,0,0,0
2020-02-02,San Francisco,075,870044,1,0,0,0,0
2020-02-02,San Joaquin,077,732212,0,0,1,1,0
2020-02-02,San Luis Obispo,079,281455,0,0,0,0,0
2020-02-02,San Mateo,081,765935,0,0,0,0,0
2020-02-02,Santa Barbara,083,443738,0,0,0,0,0
2020-02-02,Santa Clara,085,1922200,2,2,0,2,0
2020-02-02,Santa Cruz,087,273765,0,0,0,0,0
2020-02-02,Shasta,089,179085,0,0,0,0,0
2020-02-02,Sierra,091,2930,0,0,0,0,0
2020-02-02,Siskiyou,093,43540,0,0,0,0,0
2020-02-02,Solano,095,438530,0,0,0,0,0
2020-02-02,Sonoma,097,501317,0,0,0,0,0
2020-02-02,Stanislaus,099,539301,0,0,0,0,0
2020-02-02,Sutter,101,95872,0,0,0,0,0
2020-02-02,Tehama,103,63373,0,0,0,0,0
2020-02-02,Trinity,105,12862,0,0,0,0,0
2020-02-02,Tulare,107,460477,2,0,0,0,0
2020-02-02,Tuolumne,109,53932,0,0,0,0,0
2020-02-02,Ventura,111,848112,0,0,0,0,0
2020-02-02,Yolo,113,214977,1,0,0,0,0
2020-02-02,Yuba,115,75493,0,0,0,0,0
2020-02-01,Alameda,001,1643700,3,0,0,0,0
2020-02-01,Alpine,003,1148,0,0,0,0,0
2020-02-01,Amador,005,37829,0,0,0,0,0
2020-02-01,Butte,007,227075,0,0,0,0,0
2020-02-01,Calaveras,009,45235,0,0,0,0,0
2020-02-01,Colusa,011,21464,0,0,0,0,0
2020-02-01,Contra Costa,013,1133247,0,0,0,0,0
2020-02-01,Del Norte,015,27424,0,0,0,0,0
2020-02-01,El Dorado,017,186661,0,0,0,0,0
2020-02-01,Fresno,019,978130,0,0,0,0,0
2020-02-01,Glenn,021,27897,0,0,0,0,0
2020-02-01,Humboldt,023,135768,0,0,0,0,0
2020-02-01,Imperial,025,180216,0,0,0,0,0
2020-02-01,Inyo,027,18085,0,0,0,0,0
2020-02-01,Kern,029,883053,0,0,0,0,0
2020-02-01,Kings,031,150075,0,0,0,0,0
2020-02-01,Lake,033,64148,0,0,0,0,0
2020-02-01,Lassen,035,31185,0,0,0,0,0
2020-02-01,Los Angeles,037,10098052,12,1,0,1,0
2020-02-01,Madera,039,155013,0,0,0,0,0
2020-02-01,Marin,041,260295,0,0,0,0,0
2020-02-01,Mariposa,043,17540,0,0,0,0,0
2020-02-01,Mendocino,045,87422,0,0,0,0,0
2020-02-01,Merced,047,269075,0,0,0,0,0
2020-02-01,Modoc,049,8938,0,0,0,0,0
2020-02-01,Mono,051,14174,0,0,0,0,0
2020-02-01,Monterey,053,433212,0,0,0,0,0
2020-02-01,Napa,055,140530,0,0,0,0,0
2020-02-01,Nevada,057,99092,0,0,0,0,0
2020-02-01,Orange,059,3164182,3,1,0,1,0
2020-02-01,Placer,061,380077,0,0,0,0,0
2020-02-01,Plumas,063,18699,0,0,0,0,0
2020-02-01,Riverside,065,2383286,2,0,0,0,0
2020-02-01,Sacramento,067,1510023,0,0,0,0,0
2020-02-01,San Benito,069,59416,0,0,0,0,0
2020-02-01,San Bernardino,071,2135413,1,0,0,0,0
2020-02-01,San Diego,073,3302833,0,0,0,0,0
2020-02-01,San Francisco,075,870044,1,0,0,0,0
2020-02-01,San Joaquin,077,732212,0,0,1,1,0
2020-02-01,San Luis Obispo,079,281455,0,0,0,0,0
2020-02-01,San Mateo,081,765935,0,0,0,0,0
2020-02-01,Santa Barbara,083,443738,0,0,0,0,0
2020-02-01,Santa Clara,085,1922200,2,1,0,1,0
2020-02-01,Santa Cruz,087,273765,0,0,0,0,0
2020-02-01,Shasta,089,179085,0,0,0,0,0
2020-02-01,Sierra,091,2930,0,0,0,0,0
2020-02-01,Siskiyou,093,43540,0,0,0,0,0
2020-02-01,Solano,095,438530,0,0,0,0,0
2020-02-01,Sonoma,097,501317,0,0,0,0,0
2020-02-01,Stanislaus,099,539301,0,0,0,0,0
2020-02-01,Sutter,101,95872,0,0,0,0,0
2020-02-01,Tehama,103,63373,0,0,0,0,0
2020-02-01,Trinity,105,12862,0,0,0,0,0
2020-02-01,Tulare,107,460477,1,0,0,0,0
2020-02-01,Tuolumne,109,53932,0,0,0,0,0
2020-02-01,Ventura,111,848112,0,0,0,0,0
2020-02-01,Yolo,113,214977,0,0,0,0,0
2020-02-01,Yuba,115,75493,0,0,0,0,0
