date,county,fips,population,confirmed_cases,reported_cases,probable_cases,reported_and_probable_cases,reported_deaths
2022-06-23,Alameda,001,1643700,302061,302071,16692,318763,1891
2022-06-23,Alpine,003,1148,129,129,1,130,0
2022-06-23,Amador,005,37829,9134,9135,702,9837,87
2022-06-23,Butte,007,227075,35406,35406,7301,42707,433
2022-06-23,Calaveras,009,45235,7754,7754,413,8167,124
2022-06-23,Colusa,011,21464,3538,3540,1131,4671,22
2022-06-23,Contra Costa,013,1133247,218051,218053,15731,233784,1335
2022-06-23,Del Norte,015,27424,6398,6398,289,6687,52
2022-06-23,El Dorado,017,186661,29313,29313,3504,32817,216
2022-06-23,Fresno,019,978130,245116,245118,25467,270585,2777
2022-06-23,Glenn,021,27897,5178,5178,1665,6843,48
2022-06-23,Humboldt,023,135768,19231,19234,3612,22846,149
2022-06-23,Imperial,025,180216,58126,58127,11426,69553,944
2022-06-23,Inyo,027,18085,4228,4228,629,4857,56
2022-06-23,Kern,029,883053,200545,200556,49157,249713,2344
2022-06-23,Kings,031,150075,53781,53783,3755,57538,448
2022-06-23,Lake,033,64148,11471,11471,966,12437,140
2022-06-23,Lassen,035,31185,9287,9287,930,10217,64
2022-06-23,Los Angeles,037,10098052,2936561,2936815,140380,3077195,32036
2022-06-23,Madera,039,155013,39317,39319,6486,45805,372
2022-06-23,Marin,041,260295,39975,39979,4505,44484,297
2022-06-23,Mariposa,043,17540,2713,2713,235,2948,30
2022-06-23,Mendocino,045,87422,14292,14292,3580,17872,127
2022-06-23,Merced,047,269075,65405,65408,9392,74800,828
2022-06-23,Modoc,049,8938,777,777,265,1042,8
2022-06-23,Mono,051,14174,3076,3076,177,3253,7
2022-06-23,Monterey,053,433212,85274,85275,16535,101810,743
2022-06-23,Napa,055,140530,29053,29054,1204,30258,144
2022-06-23,Nevada,057,99092,17334,17339,1355,18694,129
2022-06-23,Orange,059,3164182,595760,595761,48151,643912,7090
2022-06-23,Placer,061,380077,68785,68785,8072,76857,628
2022-06-23,Plumas,063,18699,3241,3241,393,3634,13
2022-06-23,Riverside,065,2383286,625738,625794,30292,656086,6493
2022-06-23,Sacramento,067,1510023,310835,310837,30795,341632,3077
2022-06-23,San Benito,069,59416,14190,14192,602,14794,99
2022-06-23,San Bernardino,071,2135413,598011,598062,26395,624457,7803
2022-06-23,San Diego,073,3302833,822848,822848,58362,881210,5332
2022-06-23,San Francisco,075,870044,155603,155609,10117,165726,899
2022-06-23,San Joaquin,077,732212,178440,178447,11646,190093,2252
2022-06-23,San Luis Obispo,079,281455,57461,57472,5135,62607,485
2022-06-23,San Mateo,081,765935,146953,146955,8979,155934,723
2022-06-23,Santa Barbara,083,443738,94017,94017,5249,99266,699
2022-06-23,Santa Clara,085,1922200,373944,373961,15826,389787,2338
2022-06-23,Santa Cruz,087,273765,54874,54874,2577,57451,265
2022-06-23,Shasta,089,179085,31921,31921,6373,38294,570
2022-06-23,Sierra,091,2930,283,283,56,339,4
2022-06-23,Siskiyou,093,43540,4744,4744,2964,7708,81
2022-06-23,Solano,095,438530,92236,92248,6358,98606,455
2022-06-23,Sonoma,097,501317,95974,95981,3946,99927,493
2022-06-23,Stanislaus,099,539301,124473,124493,18623,143116,1672
2022-06-23,Sutter,101,95872,21728,21733,2288,24021,227
2022-06-23,Tehama,103,63373,12510,12510,2739,15249,205
2022-06-23,Trinity,105,12862,1233,1233,299,1532,20
2022-06-23,Tulare,107,460477,111187,111188,30748,141936,1496
2022-06-23,Tuolumne,109,53932,13688,13688,641,14329,189
2022-06-23,Ventura,111,848112,187387,187389,10769,198158,1514
2022-06-23,Yolo,113,214977,41932,41932,3649,45581,323
2022-06-23,Yuba,115,75493,16991,16994,1431,18425,124
2022-06-22,Alameda,001,1643700,302061,299567,16692,316259,1888
2022-06-22,Alpine,003,1148,129,129,1,130,0
2022-06-22,Amador,005,37829,9134,9049,702,9751,87
2022-06-22,Butte,007,227075,35406,35203,7301,42504,433
2022-06-22,Calaveras,009,45235,7754,7716,413,8129,122
2022-06-22,Colusa,011,21464,3538,3529,1131,4660,21
2022-06-22,Contra Costa,013,1133247,218051,216355,15731,232086,1328
2022-06-22,Del Norte,015,27424,6398,6367,289,6656,52
2022-06-22,El Dorado,017,186661,29313,29139,3504,32643,215
2022-06-22,Fresno,019,978130,245116,244129,25467,269596,2772
2022-06-22,Glenn,021,27897,5178,5161,1665,6826,48
2022-06-22,Humboldt,023,135768,19231,19111,3612,22723,148
2022-06-22,Imperial,025,180216,58126,57866,11426,69292,944
2022-06-22,Inyo,027,18085,4228,4222,629,4851,56
2022-06-22,Kern,029,883053,200545,199721,49157,248878,2341
2022-06-22,Kings,031,150075,53781,53568,3755,57323,448
2022-06-22,Lake,033,64148,11471,11426,966,12392,140
2022-06-22,Lassen,035,31185,9287,9259,930,10189,64
2022-06-22,Los Angeles,037,10098052,2936561,2925667,140380,3066047,32015
2022-06-22,Madera,039,155013,39317,39139,6486,45625,372
2022-06-22,Marin,041,260295,39975,39687,4505,44192,297
2022-06-22,Mariposa,043,17540,2713,2695,235,2930,30
2022-06-22,Mendocino,045,87422,14292,14201,3580,17781,127
2022-06-22,Merced,047,269075,65405,65120,9392,74512,827
2022-06-22,Modoc,049,8938,777,773,265,1038,8
2022-06-22,Mono,051,14174,3076,3073,177,3250,7
2022-06-22,Monterey,053,433212,85274,84752,16535,101287,742
2022-06-22,Napa,055,140530,29053,28894,1204,30098,144
2022-06-22,Nevada,057,99092,17334,17280,1355,18635,129
2022-06-22,Orange,059,3164182,595760,592215,48151,640366,7084
2022-06-22,Placer,061,380077,68785,68447,8072,76519,628
2022-06-22,Plumas,063,18699,3241,3220,393,3613,13
2022-06-22,Riverside,065,2383286,625738,623584,30292,653876,6491
2022-06-22,Sacramento,067,1510023,310835,309105,30795,339900,3071
2022-06-22,San Benito,069,59416,14190,14128,602,14730,99
2022-06-22,San Bernardino,071,2135413,598011,595517,26395,621912,7774
2022-06-22,San Diego,073,3302833,822848,815124,58362,873486,5318
2022-06-22,San Francisco,075,870044,155603,154213,10117,164330,897
2022-06-22,San Joaquin,077,732212,178440,177637,11646,189283,2251
2022-06-22,San Luis Obispo,079,281455,57461,57177,5135,62312,485
2022-06-22,San Mateo,081,765935,146953,145781,8979,154760,723
2022-06-22,Santa Barbara,083,443738,94017,93576,5249,98825,700
2022-06-22,Santa Clara,085,1922200,373944,370678,15826,386504,2340
2022-06-22,Santa Cruz,087,273765,54874,54525,2577,57102,265
2022-06-22,Shasta,089,179085,31921,31786,6373,38159,570
2022-06-22,Sierra,091,2930,283,283,56,339,4
2022-06-22,Siskiyou,093,43540,4744,4711,2964,7675,81
2022-06-22,Solano,095,438530,92236,91528,6358,97886,454
2022-06-22,Sonoma,097,501317,95974,95363,3946,99309,493
2022-06-22,Stanislaus,099,539301,124473,124023,18623,142646,1670
2022-06-22,Sutter,101,95872,21728,21649,2288,23937,227
2022-06-22,Tehama,103,63373,12510,12465,2739,15204,205
2022-06-22,Trinity,105,12862,1233,1223,299,1522,20
2022-06-22,Tulare,107,460477,111187,110768,30748,141516,1496
2022-06-22,Tuolumne,109,53932,13688,13596,641,14237,189
2022-06-22,Ventura,111,848112,187387,186601,10769,197370,1514
2022-06-22,Yolo,113,214977,41932,41689,3649,45338,323
2022-06-22,Yuba,115,75493,16991,16912,1431,18343,124
2022-06-21,Alameda,001,1643700,301947,299567,16692,316259,1888
2022-06-21,Alpine,003,1148,129,129,1,130,0
2022-06-21,Amador,005,37829,9131,9049,702,9751,87
2022-06-21,Butte,007,227075,35394,35203,7301,42504,433
2022-06-21,Calaveras,009,45235,7747,7716,413,8129,122
2022-06-21,Colusa,011,21464,3534,3529,1131,4660,21
2022-06-21,Contra Costa,013,1133247,217999,216355,15731,232086,1328
2022-06-21,Del Norte,015,27424,6394,6367,289,6656,52
2022-06-21,El Dorado,017,186661,29300,29139,3504,32643,215
2022-06-21,Fresno,019,978130,245057,244129,25467,269596,2772
2022-06-21,Glenn,021,27897,5177,5161,1665,6826,48
2022-06-21,Humboldt,023,135768,19227,19111,3612,22723,148
2022-06-21,Imperial,025,180216,58096,57866,11426,69292,944
2022-06-21,Inyo,027,18085,4227,4222,629,4851,56
2022-06-21,Kern,029,883053,200525,199721,49157,248878,2341
2022-06-21,Kings,031,150075,53757,53568,3755,57323,448
2022-06-21,Lake,033,64148,11465,11426,966,12392,140
2022-06-21,Lassen,035,31185,9283,9259,930,10189,64
2022-06-21,Los Angeles,037,10098052,2936472,2925667,140380,3066047,32015
2022-06-21,Madera,039,155013,39303,39139,6486,45625,372
2022-06-21,Marin,041,260295,39943,39687,4505,44192,297
2022-06-21,Mariposa,043,17540,2713,2695,235,2930,30
2022-06-21,Mendocino,045,87422,14278,14201,3580,17781,127
2022-06-21,Merced,047,269075,65398,65120,9392,74512,827
2022-06-21,Modoc,049,8938,776,773,265,1038,8
2022-06-21,Mono,051,14174,3075,3073,177,3250,7
2022-06-21,Monterey,053,433212,85237,84752,16535,101287,742
2022-06-21,Napa,055,140530,29044,28894,1204,30098,144
2022-06-21,Nevada,057,99092,17330,17280,1355,18635,129
2022-06-21,Orange,059,3164182,595570,592215,48151,640366,7084
2022-06-21,Placer,061,380077,68773,68447,8072,76519,628
2022-06-21,Plumas,063,18699,3235,3220,393,3613,13
2022-06-21,Riverside,065,2383286,625651,623584,30292,653876,6491
2022-06-21,Sacramento,067,1510023,310761,309105,30795,339900,3071
2022-06-21,San Benito,069,59416,14185,14128,602,14730,99
2022-06-21,San Bernardino,071,2135413,597951,595517,26395,621912,7774
2022-06-21,San Diego,073,3302833,822629,815124,58362,873486,5318
2022-06-21,San Francisco,075,870044,155525,154213,10117,164330,897
2022-06-21,San Joaquin,077,732212,178371,177637,11646,189283,2251
2022-06-21,San Luis Obispo,079,281455,57450,57177,5135,62312,485
2022-06-21,San Mateo,081,765935,146873,145781,8979,154760,723
2022-06-21,Santa Barbara,083,443738,93962,93576,5249,98825,700
2022-06-21,Santa Clara,085,1922200,373834,370678,15826,386504,2340
2022-06-21,Santa Cruz,087,273765,54865,54525,2577,57102,265
2022-06-21,Shasta,089,179085,31914,31786,6373,38159,570
2022-06-21,Sierra,091,2930,283,283,56,339,4
2022-06-21,Siskiyou,093,43540,4738,4711,2964,7675,81
2022-06-21,Solano,095,438530,92199,91528,6358,97886,454
2022-06-21,Sonoma,097,501317,95951,95363,3946,99309,493
2022-06-21,Stanislaus,099,539301,124444,124023,18623,142646,1670
2022-06-21,Sutter,101,95872,21715,21649,2288,23937,227
2022-06-21,Tehama,103,63373,12507,12465,2739,15204,205
2022-06-21,Trinity,105,12862,1230,1223,299,1522,20
2022-06-21,Tulare,107,460477,111144,110768,30748,141516,1496
2022-06-21,Tuolumne,109,53932,13678,13596,641,14237,189
2022-06-21,Ventura,111,848112,187343,186601,10769,197370,1514
2022-06-21,Yolo,113,214977,41922,41689,3649,45338,323
2022-06-21,Yuba,115,75493,16983,16912,1431,18343,124
2022-06-20,Alameda,001,1643700,301353,299567,16692,316259,1888
2022-06-20,Alpine,003,1148,129,129,1,130,0
2022-06-20,Amador,005,37829,9130,9049,702,9751,87
2022-06-20,Butte,007,227075,35362,35203,7301,42504,433
2022-06-20,Calaveras,009,45235,7741,7716,413,8129,122
2022-06-20,Colusa,011,21464,3532,3529,1131,4660,21
2022-06-20,Contra Costa,013,1133247,217579,216355,15731,232086,1328
2022-06-20,Del Norte,015,27424,6386,6367,289,6656,52
2022-06-20,El Dorado,017,186661,29259,29139,3504,32643,215
2022-06-20,Fresno,019,978130,244802,244129,25467,269596,2772
2022-06-20,Glenn,021,27897,5174,5161,1665,6826,48
2022-06-20,Humboldt,023,135768,19213,19111,3612,22723,148
2022-06-20,Imperial,025,180216,58054,57866,11426,69292,944
2022-06-20,Inyo,027,18085,4227,4222,629,4851,56
2022-06-20,Kern,029,883053,200423,199721,49157,248878,2341
2022-06-20,Kings,031,150075,53716,53568,3755,57323,448
2022-06-20,Lake,033,64148,11451,11426,966,12392,140
2022-06-20,Lassen,035,31185,9280,9259,930,10189,64
2022-06-20,Los Angeles,037,10098052,2934532,2925667,140380,3066047,32015
2022-06-20,Madera,039,155013,39275,39139,6486,45625,372
2022-06-20,Marin,041,260295,39871,39687,4505,44192,297
2022-06-20,Mariposa,043,17540,2711,2695,235,2930,30
2022-06-20,Mendocino,045,87422,14268,14201,3580,17781,127
2022-06-20,Merced,047,269075,65346,65120,9392,74512,827
2022-06-20,Modoc,049,8938,776,773,265,1038,8
2022-06-20,Mono,051,14174,3074,3073,177,3250,7
2022-06-20,Monterey,053,433212,85143,84752,16535,101287,742
2022-06-20,Napa,055,140530,29012,28894,1204,30098,144
2022-06-20,Nevada,057,99092,17320,17280,1355,18635,129
2022-06-20,Orange,059,3164182,595022,592215,48151,640366,7084
2022-06-20,Placer,061,380077,68704,68447,8072,76519,628
2022-06-20,Plumas,063,18699,3230,3220,393,3613,13
2022-06-20,Riverside,065,2383286,625142,623584,30292,653876,6491
2022-06-20,Sacramento,067,1510023,310323,309105,30795,339900,3071
2022-06-20,San Benito,069,59416,14167,14128,602,14730,99
2022-06-20,San Bernardino,071,2135413,597327,595517,26395,621912,7774
2022-06-20,San Diego,073,3302833,821521,815124,58362,873486,5318
2022-06-20,San Francisco,075,870044,155050,154213,10117,164330,897
2022-06-20,San Joaquin,077,732212,178179,177637,11646,189283,2251
2022-06-20,San Luis Obispo,079,281455,57400,57177,5135,62312,485
2022-06-20,San Mateo,081,765935,146539,145781,8979,154760,723
2022-06-20,Santa Barbara,083,443738,93853,93576,5249,98825,700
2022-06-20,Santa Clara,085,1922200,372838,370678,15826,386504,2340
2022-06-20,Santa Cruz,087,273765,54810,54525,2577,57102,265
2022-06-20,Shasta,089,179085,31900,31786,6373,38159,570
2022-06-20,Sierra,091,2930,283,283,56,339,4
2022-06-20,Siskiyou,093,43540,4731,4711,2964,7675,81
2022-06-20,Solano,095,438530,92032,91528,6358,97886,454
2022-06-20,Sonoma,097,501317,95843,95363,3946,99309,493
2022-06-20,Stanislaus,099,539301,124338,124023,18623,142646,1670
2022-06-20,Sutter,101,95872,21689,21649,2288,23937,227
2022-06-20,Tehama,103,63373,12503,12465,2739,15204,205
2022-06-20,Trinity,105,12862,1227,1223,299,1522,20
2022-06-20,Tulare,107,460477,111056,110768,30748,141516,1496
2022-06-20,Tuolumne,109,53932,13658,13596,641,14237,189
2022-06-20,Ventura,111,848112,187175,186601,10769,197370,1514
2022-06-20,Yolo,113,214977,41851,41689,3649,45338,323
2022-06-20,Yuba,115,75493,16967,16912,1431,18343,124
2022-06-19,Alameda,001,1643700,300497,296062,16692,312754,1883
2022-06-19,Alpine,003,1148,129,129,1,130,0
2022-06-19,Amador,005,37829,9123,8985,702,9687,87
2022-06-19,Butte,007,227075,35304,34920,7301,42221,432
2022-06-19,Calaveras,009,45235,7721,7664,413,8077,122
2022-06-19,Colusa,011,21464,3530,3519,1131,4650,21
2022-06-19,Contra Costa,013,1133247,216991,213994,15731,229725,1323
2022-06-19,Del Norte,015,27424,6378,6307,289,6596,52
2022-06-19,El Dorado,017,186661,29188,28904,3504,32408,215
2022-06-19,Fresno,019,978130,244433,242214,25467,267681,2768
2022-06-19,Glenn,021,27897,5164,5131,1665,6796,48
2022-06-19,Humboldt,023,135768,19173,18885,3612,22497,148
2022-06-19,Imperial,025,180216,57988,57450,11426,68876,944
2022-06-19,Inyo,027,18085,4227,4209,629,4838,56
2022-06-19,Kern,029,883053,200197,198567,49157,247724,2340
2022-06-19,Kings,031,150075,53623,53242,3755,56997,448
2022-06-19,Lake,033,64148,11439,11318,966,12284,140
2022-06-19,Lassen,035,31185,9268,9225,930,10155,64
2022-06-19,Los Angeles,037,10098052,2931466,2909197,140380,3049577,31999
2022-06-19,Madera,039,155013,39210,38859,6486,45345,372
2022-06-19,Marin,041,260295,39766,39214,4505,43719,294
2022-06-19,Mariposa,043,17540,2708,2662,235,2897,30
2022-06-19,Mendocino,045,87422,14248,14090,3580,17670,127
2022-06-19,Merced,047,269075,65250,64734,9392,74126,827
2022-06-19,Modoc,049,8938,773,771,265,1036,8
2022-06-19,Mono,051,14174,3073,3066,177,3243,6
2022-06-19,Monterey,053,433212,85015,84032,16535,100567,744
2022-06-19,Napa,055,140530,28965,28619,1204,29823,144
2022-06-19,Nevada,057,99092,17301,17134,1355,18489,129
2022-06-19,Orange,059,3164182,593905,587176,48151,635327,7074
2022-06-19,Placer,061,380077,68614,67961,8072,76033,628
2022-06-19,Plumas,063,18699,3226,3201,393,3594,13
2022-06-19,Riverside,065,2383286,624469,619760,30292,650052,6488
2022-06-19,Sacramento,067,1510023,309706,306215,30795,337010,3072
2022-06-19,San Benito,069,59416,14150,13985,602,14587,99
2022-06-19,San Bernardino,071,2135413,596709,591926,26395,618321,7765
2022-06-19,San Diego,073,3302833,820188,815124,58362,873486,5318
2022-06-19,San Francisco,075,870044,154644,151898,10117,162015,897
2022-06-19,San Joaquin,077,732212,177923,176323,11646,187969,2251
2022-06-19,San Luis Obispo,079,281455,57280,56767,5135,61902,485
2022-06-19,San Mateo,081,765935,146181,143879,8979,152858,723
2022-06-19,Santa Barbara,083,443738,93735,92906,5249,98155,699
2022-06-19,Santa Clara,085,1922200,371889,365638,15826,381464,2328
2022-06-19,Santa Cruz,087,273765,54674,53866,2577,56443,264
2022-06-19,Shasta,089,179085,31859,31647,6373,38020,568
2022-06-19,Sierra,091,2930,283,281,56,337,4
2022-06-19,Siskiyou,093,43540,4722,4672,2964,7636,81
2022-06-19,Solano,095,438530,91788,90548,6358,96906,454
2022-06-19,Sonoma,097,501317,95628,94318,3946,98264,493
2022-06-19,Stanislaus,099,539301,124176,123264,18623,141887,1668
2022-06-19,Sutter,101,95872,21659,21501,2288,23789,227
2022-06-19,Tehama,103,63373,12495,12410,2739,15149,205
2022-06-19,Trinity,105,12862,1226,1220,299,1519,20
2022-06-19,Tulare,107,460477,110905,110041,30748,140789,1496
2022-06-19,Tuolumne,109,53932,13633,13487,641,14128,189
2022-06-19,Ventura,111,848112,186922,185219,10769,195988,1513
2022-06-19,Yolo,113,214977,41805,41135,3649,44784,323
2022-06-19,Yuba,115,75493,16940,16786,1431,18217,124
2022-06-18,Alameda,001,1643700,300140,296062,16692,312754,1883
2022-06-18,Alpine,003,1148,129,129,1,130,0
2022-06-18,Amador,005,37829,9118,8985,702,9687,87
2022-06-18,Butte,007,227075,35266,34920,7301,42221,432
2022-06-18,Calaveras,009,45235,7715,7664,413,8077,122
2022-06-18,Colusa,011,21464,3530,3519,1131,4650,21
2022-06-18,Contra Costa,013,1133247,216764,213994,15731,229725,1323
2022-06-18,Del Norte,015,27424,6374,6307,289,6596,52
2022-06-18,El Dorado,017,186661,29169,28904,3504,32408,215
2022-06-18,Fresno,019,978130,244308,242214,25467,267681,2768
2022-06-18,Glenn,021,27897,5162,5131,1665,6796,48
2022-06-18,Humboldt,023,135768,19152,18885,3612,22497,148
2022-06-18,Imperial,025,180216,57932,57450,11426,68876,944
2022-06-18,Inyo,027,18085,4227,4209,629,4838,56
2022-06-18,Kern,029,883053,200108,198567,49157,247724,2340
2022-06-18,Kings,031,150075,53598,53242,3755,56997,448
2022-06-18,Lake,033,64148,11433,11318,966,12284,140
2022-06-18,Lassen,035,31185,9264,9225,930,10155,64
2022-06-18,Los Angeles,037,10098052,2929629,2909197,140380,3049577,31999
2022-06-18,Madera,039,155013,39193,38859,6486,45345,372
2022-06-18,Marin,041,260295,39730,39214,4505,43719,294
2022-06-18,Mariposa,043,17540,2706,2662,235,2897,30
2022-06-18,Mendocino,045,87422,14234,14090,3580,17670,127
2022-06-18,Merced,047,269075,65216,64734,9392,74126,827
2022-06-18,Modoc,049,8938,773,771,265,1036,8
2022-06-18,Mono,051,14174,3072,3066,177,3243,6
2022-06-18,Monterey,053,433212,84954,84032,16535,100567,744
2022-06-18,Napa,055,140530,28954,28619,1204,29823,144
2022-06-18,Nevada,057,99092,17293,17134,1355,18489,129
2022-06-18,Orange,059,3164182,593340,587176,48151,635327,7074
2022-06-18,Placer,061,380077,68573,67961,8072,76033,628
2022-06-18,Plumas,063,18699,3226,3201,393,3594,13
2022-06-18,Riverside,065,2383286,624105,619760,30292,650052,6488
2022-06-18,Sacramento,067,1510023,309459,306215,30795,337010,3072
2022-06-18,San Benito,069,59416,14136,13985,602,14587,99
2022-06-18,San Bernardino,071,2135413,596436,591926,26395,618321,7765
2022-06-18,San Diego,073,3302833,819540,815124,58362,873486,5318
2022-06-18,San Francisco,075,870044,154426,151898,10117,162015,897
2022-06-18,San Joaquin,077,732212,177802,176323,11646,187969,2251
2022-06-18,San Luis Obispo,079,281455,57237,56767,5135,61902,485
2022-06-18,San Mateo,081,765935,146010,143879,8979,152858,723
2022-06-18,Santa Barbara,083,443738,93662,92906,5249,98155,699
2022-06-18,Santa Clara,085,1922200,371328,365638,15826,381464,2328
2022-06-18,Santa Cruz,087,273765,54632,53866,2577,56443,264
2022-06-18,Shasta,089,179085,31844,31647,6373,38020,568
2022-06-18,Sierra,091,2930,283,281,56,337,4
2022-06-18,Siskiyou,093,43540,4715,4672,2964,7636,81
2022-06-18,Solano,095,438530,91708,90548,6358,96906,454
2022-06-18,Sonoma,097,501317,95549,94318,3946,98264,493
2022-06-18,Stanislaus,099,539301,124101,123264,18623,141887,1668
2022-06-18,Sutter,101,95872,21638,21501,2288,23789,227
2022-06-18,Tehama,103,63373,12489,12410,2739,15149,205
2022-06-18,Trinity,105,12862,1226,1220,299,1519,20
2022-06-18,Tulare,107,460477,110855,110041,30748,140789,1496
2022-06-18,Tuolumne,109,53932,13620,13487,641,14128,189
2022-06-18,Ventura,111,848112,186805,185219,10769,195988,1513
2022-06-18,Yolo,113,214977,41766,41135,3649,44784,323
2022-06-18,Yuba,115,75493,16930,16786,1431,18217,124
2022-06-17,Alameda,001,1643700,299750,296062,16692,312754,1883
2022-06-17,Alpine,003,1148,129,129,1,130,0
2022-06-17,Amador,005,37829,9110,8985,702,9687,87
2022-06-17,Butte,007,227075,35243,34920,7301,42221,432
2022-06-17,Calaveras,009,45235,7713,7664,413,8077,122
2022-06-17,Colusa,011,21464,3530,3519,1131,4650,21
2022-06-17,Contra Costa,013,1133247,216552,213994,15731,229725,1323
2022-06-17,Del Norte,015,27424,6363,6307,289,6596,52
2022-06-17,El Dorado,017,186661,29148,28904,3504,32408,215
2022-06-17,Fresno,019,978130,244119,242214,25467,267681,2768
2022-06-17,Glenn,021,27897,5162,5131,1665,6796,48
2022-06-17,Humboldt,023,135768,19133,18885,3612,22497,148
2022-06-17,Imperial,025,180216,57880,57450,11426,68876,944
2022-06-17,Inyo,027,18085,4222,4209,629,4838,56
2022-06-17,Kern,029,883053,200006,198567,49157,247724,2340
2022-06-17,Kings,031,150075,53578,53242,3755,56997,448
2022-06-17,Lake,033,64148,11427,11318,966,12284,140
2022-06-17,Lassen,035,31185,9263,9225,930,10155,64
2022-06-17,Los Angeles,037,10098052,2927077,2909197,140380,3049577,31999
2022-06-17,Madera,039,155013,39174,38859,6486,45345,372
2022-06-17,Marin,041,260295,39659,39214,4505,43719,294
2022-06-17,Mariposa,043,17540,2703,2662,235,2897,30
2022-06-17,Mendocino,045,87422,14223,14090,3580,17670,127
2022-06-17,Merced,047,269075,65183,64734,9392,74126,827
2022-06-17,Modoc,049,8938,773,771,265,1036,8
2022-06-17,Mono,051,14174,3072,3066,177,3243,6
2022-06-17,Monterey,053,433212,84886,84032,16535,100567,744
2022-06-17,Napa,055,140530,28922,28619,1204,29823,144
2022-06-17,Nevada,057,99092,17282,17134,1355,18489,129
2022-06-17,Orange,059,3164182,592691,587176,48151,635327,7074
2022-06-17,Placer,061,380077,68530,67961,8072,76033,628
2022-06-17,Plumas,063,18699,3226,3201,393,3594,13
2022-06-17,Riverside,065,2383286,623697,619760,30292,650052,6488
2022-06-17,Sacramento,067,1510023,309112,306215,30795,337010,3072
2022-06-17,San Benito,069,59416,14124,13985,602,14587,99
2022-06-17,San Bernardino,071,2135413,596131,591926,26395,618321,7765
2022-06-17,San Diego,073,3302833,818658,815124,58362,873486,5318
2022-06-17,San Francisco,075,870044,154156,151898,10117,162015,897
2022-06-17,San Joaquin,077,732212,177693,176323,11646,187969,2251
2022-06-17,San Luis Obispo,079,281455,57201,56767,5135,61902,485
2022-06-17,San Mateo,081,765935,145765,143879,8979,152858,723
2022-06-17,Santa Barbara,083,443738,93588,92906,5249,98155,699
2022-06-17,Santa Clara,085,1922200,370639,365638,15826,381464,2328
2022-06-17,Santa Cruz,087,273765,54585,53866,2577,56443,264
2022-06-17,Shasta,089,179085,31828,31647,6373,38020,568
2022-06-17,Sierra,091,2930,283,281,56,337,4
2022-06-17,Siskiyou,093,43540,4709,4672,2964,7636,81
2022-06-17,Solano,095,438530,91576,90548,6358,96906,454
2022-06-17,Sonoma,097,501317,95420,94318,3946,98264,493
2022-06-17,Stanislaus,099,539301,124033,123264,18623,141887,1668
2022-06-17,Sutter,101,95872,21617,21501,2288,23789,227
2022-06-17,Tehama,103,63373,12480,12410,2739,15149,205
2022-06-17,Trinity,105,12862,1225,1220,299,1519,20
2022-06-17,Tulare,107,460477,110790,110041,30748,140789,1496
2022-06-17,Tuolumne,109,53932,13608,13487,641,14128,189
2022-06-17,Ventura,111,848112,186674,185219,10769,195988,1513
2022-06-17,Yolo,113,214977,41701,41135,3649,44784,323
2022-06-17,Yuba,115,75493,16925,16786,1431,18217,124
2022-06-16,Alameda,001,1643700,299038,296062,16692,312754,1883
2022-06-16,Alpine,003,1148,129,129,1,130,0
2022-06-16,Amador,005,37829,9102,8985,702,9687,87
2022-06-16,Butte,007,227075,35177,34920,7301,42221,432
2022-06-16,Calaveras,009,45235,7707,7664,413,8077,122
2022-06-16,Colusa,011,21464,3528,3519,1131,4650,21
2022-06-16,Contra Costa,013,1133247,216147,213994,15731,229725,1323
2022-06-16,Del Norte,015,27424,6352,6307,289,6596,52
2022-06-16,El Dorado,017,186661,29104,28904,3504,32408,215
2022-06-16,Fresno,019,978130,243792,242214,25467,267681,2768
2022-06-16,Glenn,021,27897,5155,5131,1665,6796,48
2022-06-16,Humboldt,023,135768,19106,18885,3612,22497,148
2022-06-16,Imperial,025,180216,57801,57450,11426,68876,944
2022-06-16,Inyo,027,18085,4221,4209,629,4838,56
2022-06-16,Kern,029,883053,199826,198567,49157,247724,2340
2022-06-16,Kings,031,150075,53512,53242,3755,56997,448
2022-06-16,Lake,033,64148,11412,11318,966,12284,140
2022-06-16,Lassen,035,31185,9256,9225,930,10155,64
2022-06-16,Los Angeles,037,10098052,2923227,2909197,140380,3049577,31999
2022-06-16,Madera,039,155013,39149,38859,6486,45345,372
2022-06-16,Marin,041,260295,39575,39214,4505,43719,294
2022-06-16,Mariposa,043,17540,2697,2662,235,2897,30
2022-06-16,Mendocino,045,87422,14197,14090,3580,17670,127
2022-06-16,Merced,047,269075,65129,64734,9392,74126,827
2022-06-16,Modoc,049,8938,773,771,265,1036,8
2022-06-16,Mono,051,14174,3071,3066,177,3243,6
2022-06-16,Monterey,053,433212,84765,84032,16535,100567,744
2022-06-16,Napa,055,140530,28879,28619,1204,29823,144
2022-06-16,Nevada,057,99092,17264,17134,1355,18489,129
2022-06-16,Orange,059,3164182,591684,587176,48151,635327,7074
2022-06-16,Placer,061,380077,68454,67961,8072,76033,628
2022-06-16,Plumas,063,18699,3220,3201,393,3594,13
2022-06-16,Riverside,065,2383286,623079,619760,30292,650052,6488
2022-06-16,Sacramento,067,1510023,308555,306215,30795,337010,3072
2022-06-16,San Benito,069,59416,14099,13985,602,14587,99
2022-06-16,San Bernardino,071,2135413,595568,591926,26395,618321,7765
2022-06-16,San Diego,073,3302833,817167,815124,58362,873486,5318
2022-06-16,San Francisco,075,870044,153750,151898,10117,162015,897
2022-06-16,San Joaquin,077,732212,177476,176323,11646,187969,2251
2022-06-16,San Luis Obispo,079,281455,57125,56767,5135,61902,485
2022-06-16,San Mateo,081,765935,145450,143879,8979,152858,723
2022-06-16,Santa Barbara,083,443738,93466,92906,5249,98155,699
2022-06-16,Santa Clara,085,1922200,369794,365638,15826,381464,2328
2022-06-16,Santa Cruz,087,273765,54472,53866,2577,56443,264
2022-06-16,Shasta,089,179085,31806,31647,6373,38020,568
2022-06-16,Sierra,091,2930,283,281,56,337,4
2022-06-16,Siskiyou,093,43540,4702,4672,2964,7636,81
2022-06-16,Solano,095,438530,91407,90548,6358,96906,454
2022-06-16,Sonoma,097,501317,95253,94318,3946,98264,493
2022-06-16,Stanislaus,099,539301,123895,123264,18623,141887,1668
2022-06-16,Sutter,101,95872,21593,21501,2288,23789,227
2022-06-16,Tehama,103,63373,12463,12410,2739,15149,205
2022-06-16,Trinity,105,12862,1224,1220,299,1519,20
2022-06-16,Tulare,107,460477,110680,110041,30748,140789,1496
2022-06-16,Tuolumne,109,53932,13589,13487,641,14128,189
2022-06-16,Ventura,111,848112,186446,185219,10769,195988,1513
2022-06-16,Yolo,113,214977,41624,41135,3649,44784,323
2022-06-16,Yuba,115,75493,16904,16786,1431,18217,124
2022-06-15,Alameda,001,1643700,298297,295002,16692,311694,1880
2022-06-15,Alpine,003,1148,129,129,1,130,0
2022-06-15,Amador,005,37829,9097,8972,702,9674,87
2022-06-15,Butte,007,227075,35112,34841,7301,42142,430
2022-06-15,Calaveras,009,45235,7704,7648,413,8061,122
2022-06-15,Colusa,011,21464,3524,3515,1131,4646,21
2022-06-15,Contra Costa,013,1133247,215737,213219,15731,228950,1321
2022-06-15,Del Norte,015,27424,6343,6298,289,6587,52
2022-06-15,El Dorado,017,186661,29060,28829,3504,32333,215
2022-06-15,Fresno,019,978130,243457,241768,25467,267235,2767
2022-06-15,Glenn,021,27897,5150,5128,1665,6793,48
2022-06-15,Humboldt,023,135768,19076,18836,3612,22448,148
2022-06-15,Imperial,025,180216,57729,57373,11426,68799,941
2022-06-15,Inyo,027,18085,4219,4205,629,4834,56
2022-06-15,Kern,029,883053,199599,198216,49157,247373,2338
2022-06-15,Kings,031,150075,53457,53170,3755,56925,448
2022-06-15,Lake,033,64148,11396,11303,966,12269,140
2022-06-15,Lassen,035,31185,9252,9209,930,10139,64
2022-06-15,Los Angeles,037,10098052,2919032,2897298,140380,3037678,31971
2022-06-15,Madera,039,155013,39106,38776,6486,45262,372
2022-06-15,Marin,041,260295,39495,39027,4505,43532,294
2022-06-15,Mariposa,043,17540,2692,2651,235,2886,30
2022-06-15,Mendocino,045,87422,14173,14052,3580,17632,127
2022-06-15,Merced,047,269075,65063,64595,9392,73987,825
2022-06-15,Modoc,049,8938,772,772,265,1037,8
2022-06-15,Mono,051,14174,3070,3060,177,3237,6
2022-06-15,Monterey,053,433212,84645,83837,16535,100372,741
2022-06-15,Napa,055,140530,28823,28518,1204,29722,144
2022-06-15,Nevada,057,99092,17242,17107,1355,18462,127
2022-06-15,Orange,059,3164182,590644,585496,48151,633647,7067
2022-06-15,Placer,061,380077,68346,67805,8072,75877,628
2022-06-15,Plumas,063,18699,3216,3185,393,3578,13
2022-06-15,Riverside,065,2383286,622434,618584,30292,648876,6482
2022-06-15,Sacramento,067,1510023,307987,305361,30795,336156,3059
2022-06-15,San Benito,069,59416,14062,13953,602,14555,99
2022-06-15,San Bernardino,071,2135413,594962,590328,26395,616723,7735
2022-06-15,San Diego,073,3302833,815639,811093,58362,869455,5316
2022-06-15,San Francisco,075,870044,153338,151170,10117,161287,890
2022-06-15,San Joaquin,077,732212,177256,175966,11646,187612,2244
2022-06-15,San Luis Obispo,079,281455,57038,56535,5135,61670,486
2022-06-15,San Mateo,081,765935,145075,143277,8979,152256,722
2022-06-15,Santa Barbara,083,443738,93346,92710,5249,97959,698
2022-06-15,Santa Clara,085,1922200,368867,364014,15826,379840,2323
2022-06-15,Santa Cruz,087,273765,54368,53718,2577,56295,265
2022-06-15,Shasta,089,179085,31773,31598,6373,37971,568
2022-06-15,Sierra,091,2930,281,280,56,336,4
2022-06-15,Siskiyou,093,43540,4690,4656,2964,7620,81
2022-06-15,Solano,095,438530,91200,90265,6358,96623,453
2022-06-15,Sonoma,097,501317,95075,94041,3946,97987,492
2022-06-15,Stanislaus,099,539301,123765,122944,18623,141567,1668
2022-06-15,Sutter,101,95872,21565,21448,2288,23736,227
2022-06-15,Tehama,103,63373,12457,12392,2739,15131,205
2022-06-15,Trinity,105,12862,1223,1217,299,1516,20
2022-06-15,Tulare,107,460477,110598,109930,30748,140678,1495
2022-06-15,Tuolumne,109,53932,13579,13459,641,14100,189
2022-06-15,Ventura,111,848112,186200,184750,10769,195519,1509
2022-06-15,Yolo,113,214977,41535,40756,3649,44405,322
2022-06-15,Yuba,115,75493,16879,16754,1431,18185,124
2022-06-14,Alameda,001,1643700,297644,295002,16692,311694,1880
2022-06-14,Alpine,003,1148,129,129,1,130,0
2022-06-14,Amador,005,37829,9083,8972,702,9674,87
2022-06-14,Butte,007,227075,35062,34841,7301,42142,430
2022-06-14,Calaveras,009,45235,7697,7648,413,8061,122
2022-06-14,Colusa,011,21464,3522,3515,1125,4640,21
2022-06-14,Contra Costa,013,1133247,215230,213219,15731,228950,1321
2022-06-14,Del Norte,015,27424,6336,6298,289,6587,52
2022-06-14,El Dorado,017,186661,29014,28829,3502,32331,215
2022-06-14,Fresno,019,978130,243089,241768,25467,267235,2767
2022-06-14,Glenn,021,27897,5142,5128,1665,6793,48
2022-06-14,Humboldt,023,135768,19033,18836,3612,22448,148
2022-06-14,Imperial,025,180216,57662,57373,11426,68799,941
2022-06-14,Inyo,027,18085,4215,4205,625,4830,56
2022-06-14,Kern,029,883053,199365,198216,49157,247373,2338
2022-06-14,Kings,031,150075,53390,53170,3754,56924,448
2022-06-14,Lake,033,64148,11372,11303,966,12269,140
2022-06-14,Lassen,035,31185,9246,9209,930,10139,64
2022-06-14,Los Angeles,037,10098052,2914670,2897298,140367,3037665,31971
2022-06-14,Madera,039,155013,39052,38776,6486,45262,372
2022-06-14,Marin,041,260295,39394,39027,4495,43522,294
2022-06-14,Mariposa,043,17540,2684,2651,235,2886,30
2022-06-14,Mendocino,045,87422,14146,14052,3580,17632,127
2022-06-14,Merced,047,269075,64990,64595,9391,73986,825
2022-06-14,Modoc,049,8938,772,772,265,1037,8
2022-06-14,Mono,051,14174,3070,3060,177,3237,6
2022-06-14,Monterey,053,433212,84526,83837,16534,100371,741
2022-06-14,Napa,055,140530,28766,28518,1204,29722,144
2022-06-14,Nevada,057,99092,17214,17107,1354,18461,127
2022-06-14,Orange,059,3164182,589531,585496,48151,633647,7067
2022-06-14,Placer,061,380077,68236,67805,8072,75877,628
2022-06-14,Plumas,063,18699,3211,3185,393,3578,13
2022-06-14,Riverside,065,2383286,621687,618584,30291,648875,6482
2022-06-14,Sacramento,067,1510023,307365,305361,30795,336156,3059
2022-06-14,San Benito,069,59416,14027,13953,602,14555,99
2022-06-14,San Bernardino,071,2135413,594307,590328,26393,616721,7735
2022-06-14,San Diego,073,3302833,813966,811093,58190,869283,5316
2022-06-14,San Francisco,075,870044,152881,151170,10117,161287,890
2022-06-14,San Joaquin,077,732212,176998,175966,11636,187602,2244
2022-06-14,San Luis Obispo,079,281455,56934,56535,5130,61665,486
2022-06-14,San Mateo,081,765935,144714,143277,8979,152256,722
2022-06-14,Santa Barbara,083,443738,93221,92710,5249,97959,698
2022-06-14,Santa Clara,085,1922200,367850,364014,15826,379840,2323
2022-06-14,Santa Cruz,087,273765,54252,53718,2577,56295,265
2022-06-14,Shasta,089,179085,31745,31598,6373,37971,568
2022-06-14,Sierra,091,2930,281,280,56,336,4
2022-06-14,Siskiyou,093,43540,4680,4656,2963,7619,81
2022-06-14,Solano,095,438530,90977,90265,6356,96621,453
2022-06-14,Sonoma,097,501317,94875,94041,3945,97986,492
2022-06-14,Stanislaus,099,539301,123595,122944,18601,141545,1668
2022-06-14,Sutter,101,95872,21528,21448,2288,23736,227
2022-06-14,Tehama,103,63373,12441,12392,2738,15130,205
2022-06-14,Trinity,105,12862,1222,1217,299,1516,20
2022-06-14,Tulare,107,460477,110473,109930,30739,140669,1495
2022-06-14,Tuolumne,109,53932,13563,13459,641,14100,189
2022-06-14,Ventura,111,848112,185927,184750,10757,195507,1509
2022-06-14,Yolo,113,214977,41435,40756,3649,44405,322
2022-06-14,Yuba,115,75493,16852,16754,1431,18185,124
2022-06-13,Alameda,001,1643700,296866,295002,16688,311690,1880
2022-06-13,Alpine,003,1148,129,129,1,130,0
2022-06-13,Amador,005,37829,9077,8972,702,9674,87
2022-06-13,Butte,007,227075,34998,34841,7301,42142,430
2022-06-13,Calaveras,009,45235,7679,7648,413,8061,122
2022-06-13,Colusa,011,21464,3522,3515,1124,4639,21
2022-06-13,Contra Costa,013,1133247,214678,213219,15731,228950,1321
2022-06-13,Del Norte,015,27424,6325,6298,289,6587,52
2022-06-13,El Dorado,017,186661,28967,28829,3501,32330,215
2022-06-13,Fresno,019,978130,242683,241768,25467,267235,2767
2022-06-13,Glenn,021,27897,5139,5128,1665,6793,48
2022-06-13,Humboldt,023,135768,18981,18836,3607,22443,148
2022-06-13,Imperial,025,180216,57577,57373,11426,68799,941
2022-06-13,Inyo,027,18085,4212,4205,623,4828,56
2022-06-13,Kern,029,883053,199115,198216,49157,247373,2338
2022-06-13,Kings,031,150075,53324,53170,3751,56921,448
2022-06-13,Lake,033,64148,11347,11303,966,12269,140
2022-06-13,Lassen,035,31185,9238,9209,930,10139,64
2022-06-13,Los Angeles,037,10098052,2910241,2897298,140150,3037448,31971
2022-06-13,Madera,039,155013,38985,38776,6485,45261,372
2022-06-13,Marin,041,260295,39291,39027,4469,43496,294
2022-06-13,Mariposa,043,17540,2672,2651,235,2886,30
2022-06-13,Mendocino,045,87422,14124,14052,3580,17632,127
2022-06-13,Merced,047,269075,64923,64595,9384,73979,825
2022-06-13,Modoc,049,8938,771,772,265,1037,8
2022-06-13,Mono,051,14174,3067,3060,177,3237,6
2022-06-13,Monterey,053,433212,84404,83837,16531,100368,741
2022-06-13,Napa,055,140530,28697,28518,1204,29722,144
2022-06-13,Nevada,057,99092,17188,17107,1354,18461,127
2022-06-13,Orange,059,3164182,588294,585496,48151,633647,7067
2022-06-13,Placer,061,380077,68152,67805,8072,75877,628
2022-06-13,Plumas,063,18699,3207,3185,393,3578,13
2022-06-13,Riverside,065,2383286,620998,618584,30291,648875,6482
2022-06-13,Sacramento,067,1510023,306726,305361,30795,336156,3059
2022-06-13,San Benito,069,59416,14001,13953,602,14555,99
2022-06-13,San Bernardino,071,2135413,593570,590328,26391,616719,7735
2022-06-13,San Diego,073,3302833,812282,811093,58093,869186,5316
2022-06-13,San Francisco,075,870044,152360,151170,10117,161287,890
2022-06-13,San Joaquin,077,732212,176744,175966,11618,187584,2244
2022-06-13,San Luis Obispo,079,281455,56838,56535,5118,61653,486
2022-06-13,San Mateo,081,765935,144299,143277,8979,152256,722
2022-06-13,Santa Barbara,083,443738,93102,92710,5249,97959,698
2022-06-13,Santa Clara,085,1922200,366857,364014,15826,379840,2323
2022-06-13,Santa Cruz,087,273765,54121,53718,2575,56293,265
2022-06-13,Shasta,089,179085,31720,31598,6373,37971,568
2022-06-13,Sierra,091,2930,281,280,56,336,4
2022-06-13,Siskiyou,093,43540,4676,4656,2961,7617,81
2022-06-13,Solano,095,438530,90758,90265,6356,96621,453
2022-06-13,Sonoma,097,501317,94650,94041,3943,97984,492
2022-06-13,Stanislaus,099,539301,123429,122944,18574,141518,1668
2022-06-13,Sutter,101,95872,21500,21448,2288,23736,227
2022-06-13,Tehama,103,63373,12425,12392,2737,15129,205
2022-06-13,Trinity,105,12862,1221,1217,299,1516,20
2022-06-13,Tulare,107,460477,110326,109930,30721,140651,1495
2022-06-13,Tuolumne,109,53932,13543,13459,641,14100,189
2022-06-13,Ventura,111,848112,185650,184750,10740,195490,1509
2022-06-13,Yolo,113,214977,41301,40756,3649,44405,322
2022-06-13,Yuba,115,75493,16835,16754,1427,18181,124
2022-06-12,Alameda,001,1643700,296088,292112,16687,308799,1877
2022-06-12,Alpine,003,1148,129,129,1,130,0
2022-06-12,Amador,005,37829,9055,8869,702,9571,87
2022-06-12,Butte,007,227075,34947,34596,7299,41895,427
2022-06-12,Calaveras,009,45235,7668,7604,412,8016,122
2022-06-12,Colusa,011,21464,3521,3505,1123,4628,21
2022-06-12,Contra Costa,013,1133247,214119,211229,15730,226959,1315
2022-06-12,Del Norte,015,27424,6312,6253,289,6542,52
2022-06-12,El Dorado,017,186661,28912,28641,3501,32142,215
2022-06-12,Fresno,019,978130,242231,240345,25467,265812,2766
2022-06-12,Glenn,021,27897,5135,5104,1665,6769,48
2022-06-12,Humboldt,023,135768,18914,18696,3607,22303,148
2022-06-12,Imperial,025,180216,57507,57129,11426,68555,941
2022-06-12,Inyo,027,18085,4211,4194,621,4815,56
2022-06-12,Kern,029,883053,198846,197353,49154,246507,2338
2022-06-12,Kings,031,150075,53243,52978,3749,56727,447
2022-06-12,Lake,033,64148,11326,11202,966,12168,139
2022-06-12,Lassen,035,31185,9220,9172,930,10102,64
2022-06-12,Los Angeles,037,10098052,2905587,2878981,139800,3018781,31947
2022-06-12,Madera,039,155013,38893,38567,6485,45052,372
2022-06-12,Marin,041,260295,39183,38593,4451,43044,294
2022-06-12,Mariposa,043,17540,2667,2625,235,2860,30
2022-06-12,Mendocino,045,87422,14101,13945,3580,17525,127
2022-06-12,Merced,047,269075,64812,64286,9382,73668,825
2022-06-12,Modoc,049,8938,771,767,265,1032,8
2022-06-12,Mono,051,14174,3063,3052,177,3229,6
2022-06-12,Monterey,053,433212,84255,83391,16512,99903,739
2022-06-12,Napa,055,140530,28635,28202,1204,29406,143
2022-06-12,Nevada,057,99092,17146,16989,1354,18343,127
2022-06-12,Orange,059,3164182,587029,581624,48150,629774,7057
2022-06-12,Placer,061,380077,68043,67306,8072,75378,628
2022-06-12,Plumas,063,18699,3201,3172,393,3565,13
2022-06-12,Riverside,065,2383286,620082,615556,30291,645847,6481
2022-06-12,Sacramento,067,1510023,306008,302721,30795,333516,3058
2022-06-12,San Benito,069,59416,13966,13832,601,14433,99
2022-06-12,San Bernardino,071,2135413,592694,587385,26391,613776,7708
2022-06-12,San Diego,073,3302833,810575,805360,57971,863331,5315
2022-06-12,San Francisco,075,870044,151814,149278,10117,159395,890
2022-06-12,San Joaquin,077,732212,176396,174822,11613,186435,2244
2022-06-12,San Luis Obispo,079,281455,56705,56160,5104,61264,485
2022-06-12,San Mateo,081,765935,143852,141719,8979,150698,715
2022-06-12,Santa Barbara,083,443738,92930,92177,5249,97426,694
2022-06-12,Santa Clara,085,1922200,365702,359925,15825,375750,2322
2022-06-12,Santa Cruz,087,273765,53963,53171,2575,55746,264
2022-06-12,Shasta,089,179085,31677,31483,6373,37856,566
2022-06-12,Sierra,091,2930,281,278,56,334,4
2022-06-12,Siskiyou,093,43540,4668,4633,2960,7593,81
2022-06-12,Solano,095,438530,90489,89424,6356,95780,453
2022-06-12,Sonoma,097,501317,94403,93218,3927,97145,492
2022-06-12,Stanislaus,099,539301,123237,122267,18532,140799,1665
2022-06-12,Sutter,101,95872,21458,21333,2288,23621,227
2022-06-12,Tehama,103,63373,12410,12343,2736,15079,205
2022-06-12,Trinity,105,12862,1219,1213,299,1512,20
2022-06-12,Tulare,107,460477,110131,109467,30691,140158,1495
2022-06-12,Tuolumne,109,53932,13517,13382,641,14023,189
2022-06-12,Ventura,111,848112,185302,183680,10738,194418,1508
2022-06-12,Yolo,113,214977,41185,40202,3649,43851,323
2022-06-12,Yuba,115,75493,16808,16653,1423,18076,123
2022-06-11,Alameda,001,1643700,295704,292112,16682,308794,1877
2022-06-11,Alpine,003,1148,129,129,1,130,0
2022-06-11,Amador,005,37829,9041,8869,702,9571,87
2022-06-11,Butte,007,227075,34913,34596,7288,41884,427
2022-06-11,Calaveras,009,45235,7662,7604,411,8015,122
2022-06-11,Colusa,011,21464,3519,3505,1123,4628,21
2022-06-11,Contra Costa,013,1133247,213821,211229,15715,226944,1315
2022-06-11,Del Norte,015,27424,6304,6253,289,6542,52
2022-06-11,El Dorado,017,186661,28894,28641,3500,32141,215
2022-06-11,Fresno,019,978130,242041,240345,25467,265812,2766
2022-06-11,Glenn,021,27897,5133,5104,1665,6769,48
2022-06-11,Humboldt,023,135768,18889,18696,3599,22295,148
2022-06-11,Imperial,025,180216,57452,57129,11424,68553,941
2022-06-11,Inyo,027,18085,4211,4194,620,4814,56
2022-06-11,Kern,029,883053,198725,197353,49136,246489,2338
2022-06-11,Kings,031,150075,53211,52978,3748,56726,447
2022-06-11,Lake,033,64148,11318,11202,966,12168,139
2022-06-11,Lassen,035,31185,9216,9172,928,10100,64
2022-06-11,Los Angeles,037,10098052,2903618,2878981,139583,3018564,31947
2022-06-11,Madera,039,155013,38872,38567,6485,45052,372
2022-06-11,Marin,041,260295,39108,38593,4424,43017,294
2022-06-11,Mariposa,043,17540,2663,2625,235,2860,30
2022-06-11,Mendocino,045,87422,14090,13945,3580,17525,127
2022-06-11,Merced,047,269075,64763,64286,9381,73667,825
2022-06-11,Modoc,049,8938,771,767,265,1032,8
2022-06-11,Mono,051,14174,3063,3052,176,3228,6
2022-06-11,Monterey,053,433212,84176,83391,16500,99891,739
2022-06-11,Napa,055,140530,28600,28202,1204,29406,143
2022-06-11,Nevada,057,99092,17135,16989,1354,18343,127
2022-06-11,Orange,059,3164182,586393,581624,48058,629682,7057
2022-06-11,Placer,061,380077,67960,67306,8072,75378,628
2022-06-11,Plumas,063,18699,3199,3172,393,3565,13
2022-06-11,Riverside,065,2383286,619574,615556,30277,645833,6481
2022-06-11,Sacramento,067,1510023,305711,302721,30781,333502,3058
2022-06-11,San Benito,069,59416,13956,13832,600,14432,99
2022-06-11,San Bernardino,071,2135413,592294,587385,26379,613764,7708
2022-06-11,San Diego,073,3302833,809898,805360,57926,863286,5315
2022-06-11,San Francisco,075,870044,151498,149278,10112,159390,890
2022-06-11,San Joaquin,077,732212,176245,174822,11606,186428,2244
2022-06-11,San Luis Obispo,079,281455,56673,56160,5098,61258,485
2022-06-11,San Mateo,081,765935,143632,141719,8975,150694,715
2022-06-11,Santa Barbara,083,443738,92863,92177,5249,97426,694
2022-06-11,Santa Clara,085,1922200,364946,359925,15815,375740,2322
2022-06-11,Santa Cruz,087,273765,53911,53171,2571,55742,264
2022-06-11,Shasta,089,179085,31662,31483,6373,37856,566
2022-06-11,Sierra,091,2930,281,278,56,334,4
2022-06-11,Siskiyou,093,43540,4664,4633,2955,7588,81
2022-06-11,Solano,095,438530,90404,89424,6345,95769,453
2022-06-11,Sonoma,097,501317,94296,93218,3920,97138,492
2022-06-11,Stanislaus,099,539301,123135,122267,18517,140784,1665
2022-06-11,Sutter,101,95872,21441,21333,2288,23621,227
2022-06-11,Tehama,103,63373,12404,12343,2736,15079,205
2022-06-11,Trinity,105,12862,1219,1213,299,1512,20
2022-06-11,Tulare,107,460477,110048,109467,30669,140136,1495
2022-06-11,Tuolumne,109,53932,13492,13382,641,14023,189
2022-06-11,Ventura,111,848112,185129,183680,10734,194414,1508
2022-06-11,Yolo,113,214977,41122,40202,3649,43851,323
2022-06-11,Yuba,115,75493,16790,16653,1420,18073,123
2022-06-10,Alameda,001,1643700,295245,292112,16665,308777,1877
2022-06-10,Alpine,003,1148,129,129,1,130,0
2022-06-10,Amador,005,37829,9030,8869,701,9570,87
2022-06-10,Butte,007,227075,34885,34596,7278,41874,427
2022-06-10,Calaveras,009,45235,7657,7604,411,8015,122
2022-06-10,Colusa,011,21464,3514,3505,1123,4628,21
2022-06-10,Contra Costa,013,1133247,213559,211229,15689,226918,1315
2022-06-10,Del Norte,015,27424,6298,6253,289,6542,52
2022-06-10,El Dorado,017,186661,28865,28641,3495,32136,215
2022-06-10,Fresno,019,978130,241816,240345,25446,265791,2766
2022-06-10,Glenn,021,27897,5131,5104,1662,6766,48
2022-06-10,Humboldt,023,135768,18870,18696,3594,22290,148
2022-06-10,Imperial,025,180216,57409,57129,11424,68553,941
2022-06-10,Inyo,027,18085,4211,4194,616,4810,56
2022-06-10,Kern,029,883053,198582,197353,49114,246467,2338
2022-06-10,Kings,031,150075,53191,52978,3747,56725,447
2022-06-10,Lake,033,64148,11302,11202,966,12168,139
2022-06-10,Lassen,035,31185,9213,9172,928,10100,64
2022-06-10,Los Angeles,037,10098052,2901157,2878981,139360,3018341,31947
2022-06-10,Madera,039,155013,38845,38567,6477,45044,372
2022-06-10,Marin,041,260295,39016,38593,4398,42991,294
2022-06-10,Mariposa,043,17540,2659,2625,234,2859,30
2022-06-10,Mendocino,045,87422,14075,13945,3579,17524,127
2022-06-10,Merced,047,269075,64721,64286,9378,73664,825
2022-06-10,Modoc,049,8938,771,767,265,1032,8
2022-06-10,Mono,051,14174,3063,3052,176,3228,6
2022-06-10,Monterey,053,433212,84091,83391,16479,99870,739
2022-06-10,Napa,055,140530,28569,28202,1204,29406,143
2022-06-10,Nevada,057,99092,17124,16989,1354,18343,127
2022-06-10,Orange,059,3164182,585740,581624,47941,629565,7057
2022-06-10,Placer,061,380077,67894,67306,8070,75376,628
2022-06-10,Plumas,063,18699,3195,3172,393,3565,13
2022-06-10,Riverside,065,2383286,619063,615556,30261,645817,6481
2022-06-10,Sacramento,067,1510023,305317,302721,30766,333487,3058
2022-06-10,San Benito,069,59416,13942,13832,599,14431,99
2022-06-10,San Bernardino,071,2135413,591903,587385,26353,613738,7708
2022-06-10,San Diego,073,3302833,808991,805360,57896,863256,5315
2022-06-10,San Francisco,075,870044,151191,149278,10081,159359,890
2022-06-10,San Joaquin,077,732212,176131,174822,11596,186418,2244
2022-06-10,San Luis Obispo,079,281455,56639,56160,5092,61252,485
2022-06-10,San Mateo,081,765935,143383,141719,8963,150682,715
2022-06-10,Santa Barbara,083,443738,92763,92177,5248,97425,694
2022-06-10,Santa Clara,085,1922200,364211,359925,15794,375719,2322
2022-06-10,Santa Cruz,087,273765,53813,53171,2569,55740,264
2022-06-10,Shasta,089,179085,31643,31483,6370,37853,566
2022-06-10,Sierra,091,2930,280,278,56,334,4
2022-06-10,Siskiyou,093,43540,4657,4633,2950,7583,81
2022-06-10,Solano,095,438530,90273,89424,6330,95754,453
2022-06-10,Sonoma,097,501317,94139,93218,3912,97130,492
2022-06-10,Stanislaus,099,539301,123018,122267,18507,140774,1665
2022-06-10,Sutter,101,95872,21427,21333,2287,23620,227
2022-06-10,Tehama,103,63373,12396,12343,2736,15079,205
2022-06-10,Trinity,105,12862,1217,1213,299,1512,20
2022-06-10,Tulare,107,460477,109984,109467,30650,140117,1495
2022-06-10,Tuolumne,109,53932,13479,13382,641,14023,189
2022-06-10,Ventura,111,848112,184949,183680,10721,194401,1508
2022-06-10,Yolo,113,214977,41034,40202,3645,43847,323
2022-06-10,Yuba,115,75493,16769,16653,1419,18072,123
2022-06-09,Alameda,001,1643700,294344,292112,16611,308723,1877
2022-06-09,Alpine,003,1148,129,129,1,130,0
2022-06-09,Amador,005,37829,9020,8869,700,9569,87
2022-06-09,Butte,007,227075,34827,34596,7269,41865,427
2022-06-09,Calaveras,009,45235,7647,7604,411,8015,122
2022-06-09,Colusa,011,21464,3513,3505,1123,4628,21
2022-06-09,Contra Costa,013,1133247,213060,211229,15645,226874,1315
2022-06-09,Del Norte,015,27424,6287,6253,286,6539,52
2022-06-09,El Dorado,017,186661,28808,28641,3494,32135,215
2022-06-09,Fresno,019,978130,241463,240345,25405,265750,2766
2022-06-09,Glenn,021,27897,5126,5104,1660,6764,48
2022-06-09,Humboldt,023,135768,18822,18696,3583,22279,148
2022-06-09,Imperial,025,180216,57356,57129,11417,68546,941
2022-06-09,Inyo,027,18085,4208,4194,611,4805,56
2022-06-09,Kern,029,883053,198381,197353,49073,246426,2338
2022-06-09,Kings,031,150075,53147,52978,3744,56722,447
2022-06-09,Lake,033,64148,11278,11202,966,12168,139
2022-06-09,Lassen,035,31185,9194,9172,927,10099,64
2022-06-09,Los Angeles,037,10098052,2896943,2878981,139029,3018010,31947
2022-06-09,Madera,039,155013,38791,38567,6471,45038,372
2022-06-09,Marin,041,260295,38914,38593,4373,42966,294
2022-06-09,Mariposa,043,17540,2655,2625,234,2859,30
2022-06-09,Mendocino,045,87422,14047,13945,3578,17523,127
2022-06-09,Merced,047,269075,64644,64286,9369,73655,825
2022-06-09,Modoc,049,8938,770,767,265,1032,8
2022-06-09,Mono,051,14174,3058,3052,175,3227,6
2022-06-09,Monterey,053,433212,83974,83391,16416,99807,739
2022-06-09,Napa,055,140530,28509,28202,1202,29404,143
2022-06-09,Nevada,057,99092,17089,16989,1354,18343,127
2022-06-09,Orange,059,3164182,584662,581624,47798,629422,7057
2022-06-09,Placer,061,380077,67776,67306,8059,75365,628
2022-06-09,Plumas,063,18699,3189,3172,393,3565,13
2022-06-09,Riverside,065,2383286,618374,615556,30224,645780,6481
2022-06-09,Sacramento,067,1510023,304744,302721,30693,333414,3058
2022-06-09,San Benito,069,59416,13923,13832,597,14429,99
2022-06-09,San Bernardino,071,2135413,591244,587385,26325,613710,7708
2022-06-09,San Diego,073,3302833,807591,805360,57785,863145,5315
2022-06-09,San Francisco,075,870044,150795,149278,10052,159330,890
2022-06-09,San Joaquin,077,732212,175846,174822,11581,186403,2244
2022-06-09,San Luis Obispo,079,281455,56550,56160,5062,61222,485
2022-06-09,San Mateo,081,765935,143002,141719,8939,150658,715
2022-06-09,Santa Barbara,083,443738,92630,92177,5245,97422,694
2022-06-09,Santa Clara,085,1922200,363246,359925,15745,375670,2322
2022-06-09,Santa Cruz,087,273765,53684,53171,2561,55732,264
2022-06-09,Shasta,089,179085,31612,31483,6365,37848,566
2022-06-09,Sierra,091,2930,280,278,56,334,4
2022-06-09,Siskiyou,093,43540,4650,4633,2936,7569,81
2022-06-09,Solano,095,438530,90067,89424,6319,95743,453
2022-06-09,Sonoma,097,501317,93986,93218,3902,97120,492
2022-06-09,Stanislaus,099,539301,122850,122267,18491,140758,1665
2022-06-09,Sutter,101,95872,21388,21333,2286,23619,227
2022-06-09,Tehama,103,63373,12379,12343,2735,15078,205
2022-06-09,Trinity,105,12862,1216,1213,299,1512,20
2022-06-09,Tulare,107,460477,109866,109467,30618,140085,1495
2022-06-09,Tuolumne,109,53932,13450,13382,637,14019,189
2022-06-09,Ventura,111,848112,184685,183680,10704,194384,1508
2022-06-09,Yolo,113,214977,40925,40202,3634,43836,323
2022-06-09,Yuba,115,75493,16748,16653,1417,18070,123
2022-06-08,Alameda,001,1643700,293598,289661,16580,306241,1873
2022-06-08,Alpine,003,1148,129,128,1,129,0
2022-06-08,Amador,005,37829,9012,8818,700,9518,87
2022-06-08,Butte,007,227075,34762,34380,7256,41636,427
2022-06-08,Calaveras,009,45235,7633,7564,411,7975,122
2022-06-08,Colusa,011,21464,3511,3495,1121,4616,21
2022-06-08,Contra Costa,013,1133247,212567,209384,15603,224987,1310
2022-06-08,Del Norte,015,27424,6266,6229,286,6515,52
2022-06-08,El Dorado,017,186661,28756,28478,3490,31968,215
2022-06-08,Fresno,019,978130,241132,239376,25359,264735,2766
2022-06-08,Glenn,021,27897,5122,5095,1659,6754,48
2022-06-08,Humboldt,023,135768,18792,18598,3563,22161,147
2022-06-08,Imperial,025,180216,57285,56912,11404,68316,941
2022-06-08,Inyo,027,18085,4206,4189,611,4800,56
2022-06-08,Kern,029,883053,198107,196763,49018,245781,2338
2022-06-08,Kings,031,150075,53078,52821,3738,56559,447
2022-06-08,Lake,033,64148,11258,11158,966,12124,137
2022-06-08,Lassen,035,31185,9181,9148,927,10075,64
2022-06-08,Los Angeles,037,10098052,2892453,2865901,138689,3004590,31920
2022-06-08,Madera,039,155013,38745,38408,6469,44877,372
2022-06-08,Marin,041,260295,38822,38338,4357,42695,294
2022-06-08,Mariposa,043,17540,2645,2614,234,2848,30
2022-06-08,Mendocino,045,87422,14027,13859,3571,17430,127
2022-06-08,Merced,047,269075,64581,64080,9359,73439,825
2022-06-08,Modoc,049,8938,766,761,265,1026,8
2022-06-08,Mono,051,14174,3054,3044,175,3219,6
2022-06-08,Monterey,053,433212,83864,83063,16378,99441,740
2022-06-08,Napa,055,140530,28424,27996,1200,29196,143
2022-06-08,Nevada,057,99092,17063,16907,1353,18260,127
2022-06-08,Orange,059,3164182,583561,578530,47607,626137,7044
2022-06-08,Placer,061,380077,67646,66951,8055,75006,627
2022-06-08,Plumas,063,18699,3186,3150,392,3542,13
2022-06-08,Riverside,065,2383286,617693,613469,30190,643659,6480
2022-06-08,Sacramento,067,1510023,304112,300875,30602,331477,3054
2022-06-08,San Benito,069,59416,13890,13734,596,14330,99
2022-06-08,San Bernardino,071,2135413,590558,585029,26293,611322,7685
2022-06-08,San Diego,073,3302833,806114,800840,57656,858496,5308
2022-06-08,San Francisco,075,870044,150375,147960,10029,157989,885
2022-06-08,San Joaquin,077,732212,175574,173887,11558,185445,2241
2022-06-08,San Luis Obispo,079,281455,56399,55822,4993,60815,484
2022-06-08,San Mateo,081,765935,142608,140569,8899,149468,710
2022-06-08,Santa Barbara,083,443738,92496,91747,5243,96990,693
2022-06-08,Santa Clara,085,1922200,362294,356452,15696,372148,2321
2022-06-08,Santa Cruz,087,273765,53545,52753,2551,55304,264
2022-06-08,Shasta,089,179085,31582,31394,6361,37755,565
2022-06-08,Sierra,091,2930,280,278,56,334,4
2022-06-08,Siskiyou,093,43540,4645,4609,2934,7543,81
2022-06-08,Solano,095,438530,89835,88522,6302,94824,453
2022-06-08,Sonoma,097,501317,93801,92644,3878,96522,491
2022-06-08,Stanislaus,099,539301,122667,121787,18464,140251,1662
2022-06-08,Sutter,101,95872,21365,21256,2285,23541,227
2022-06-08,Tehama,103,63373,12372,12306,2732,15038,205
2022-06-08,Trinity,105,12862,1215,1211,298,1509,20
2022-06-08,Tulare,107,460477,109778,109091,30572,139663,1494
2022-06-08,Tuolumne,109,53932,13434,13335,636,13971,189
2022-06-08,Ventura,111,848112,184416,182847,10688,193535,1506
2022-06-08,Yolo,113,214977,40822,39962,3626,43588,321
2022-06-08,Yuba,115,75493,16723,16558,1409,17967,122
2022-06-07,Alameda,001,1643700,292804,289661,16538,306199,1873
2022-06-07,Alpine,003,1148,129,128,1,129,0
2022-06-07,Amador,005,37829,9002,8818,698,9516,87
2022-06-07,Butte,007,227075,34685,34380,7231,41611,427
2022-06-07,Calaveras,009,45235,7625,7564,409,7973,122
2022-06-07,Colusa,011,21464,3511,3495,1117,4612,21
2022-06-07,Contra Costa,013,1133247,212029,209384,15568,224952,1310
2022-06-07,Del Norte,015,27424,6260,6229,284,6513,52
2022-06-07,El Dorado,017,186661,28692,28478,3484,31962,215
2022-06-07,Fresno,019,978130,240748,239376,25311,264687,2766
2022-06-07,Glenn,021,27897,5116,5095,1659,6754,48
2022-06-07,Humboldt,023,135768,18755,18598,3554,22152,147
2022-06-07,Imperial,025,180216,57230,56912,11379,68291,941
2022-06-07,Inyo,027,18085,4205,4189,606,4795,56
2022-06-07,Kern,029,883053,197852,196763,48959,245722,2338
2022-06-07,Kings,031,150075,53021,52821,3731,56552,447
2022-06-07,Lake,033,64148,11234,11158,960,12118,137
2022-06-07,Lassen,035,31185,9172,9148,925,10073,64
2022-06-07,Los Angeles,037,10098052,2887244,2865901,138304,3004205,31920
2022-06-07,Madera,039,155013,38671,38408,6466,44874,372
2022-06-07,Marin,041,260295,38738,38338,4333,42671,294
2022-06-07,Mariposa,043,17540,2638,2614,232,2846,30
2022-06-07,Mendocino,045,87422,13998,13859,3544,17403,127
2022-06-07,Merced,047,269075,64491,64080,9355,73435,825
2022-06-07,Modoc,049,8938,766,761,264,1025,8
2022-06-07,Mono,051,14174,3051,3044,172,3216,6
2022-06-07,Monterey,053,433212,83738,83063,16345,99408,740
2022-06-07,Napa,055,140530,28351,27996,1196,29192,143
2022-06-07,Nevada,057,99092,17036,16907,1349,18256,127
2022-06-07,Orange,059,3164182,582446,578530,47433,625963,7044
2022-06-07,Placer,061,380077,67499,66951,8047,74998,627
2022-06-07,Plumas,063,18699,3182,3150,391,3541,13
2022-06-07,Riverside,065,2383286,616821,613469,30132,643601,6480
2022-06-07,Sacramento,067,1510023,303401,300875,30487,331362,3054
2022-06-07,San Benito,069,59416,13848,13734,594,14328,99
2022-06-07,San Bernardino,071,2135413,589791,585029,26270,611299,7685
2022-06-07,San Diego,073,3302833,804542,800840,57516,858356,5308
2022-06-07,San Francisco,075,870044,149854,147960,10010,157970,885
2022-06-07,San Joaquin,077,732212,175247,173887,11519,185406,2241
2022-06-07,San Luis Obispo,079,281455,56297,55822,4945,60767,484
2022-06-07,San Mateo,081,765935,142189,140569,8853,149422,710
2022-06-07,Santa Barbara,083,443738,92360,91747,5236,96983,693
2022-06-07,Santa Clara,085,1922200,361169,356452,15622,372074,2321
2022-06-07,Santa Cruz,087,273765,53444,52753,2547,55300,264
2022-06-07,Shasta,089,179085,31546,31394,6356,37750,565
2022-06-07,Sierra,091,2930,279,278,56,334,4
2022-06-07,Siskiyou,093,43540,4638,4609,2929,7538,81
2022-06-07,Solano,095,438530,89548,88522,6287,94809,453
2022-06-07,Sonoma,097,501317,93574,92644,3857,96501,491
2022-06-07,Stanislaus,099,539301,122496,121787,18445,140232,1662
2022-06-07,Sutter,101,95872,21337,21256,2282,23538,227
2022-06-07,Tehama,103,63373,12357,12306,2729,15035,205
2022-06-07,Trinity,105,12862,1214,1211,298,1509,20
2022-06-07,Tulare,107,460477,109658,109091,30523,139614,1494
2022-06-07,Tuolumne,109,53932,13421,13335,635,13970,189
2022-06-07,Ventura,111,848112,184068,182847,10662,193509,1506
2022-06-07,Yolo,113,214977,40705,39962,3615,43577,321
2022-06-07,Yuba,115,75493,16695,16558,1407,17965,122
2022-06-06,Alameda,001,1643700,291927,289661,16495,306156,1873
2022-06-06,Alpine,003,1148,129,128,1,129,0
2022-06-06,Amador,005,37829,8952,8818,694,9512,87
2022-06-06,Butte,007,227075,34623,34380,7218,41598,427
2022-06-06,Calaveras,009,45235,7614,7564,409,7973,122
2022-06-06,Colusa,011,21464,3510,3495,1112,4607,21
2022-06-06,Contra Costa,013,1133247,211388,209384,15496,224880,1310
2022-06-06,Del Norte,015,27424,6252,6229,282,6511,52
2022-06-06,El Dorado,017,186661,28648,28478,3480,31958,215
2022-06-06,Fresno,019,978130,240331,239376,25269,264645,2766
2022-06-06,Glenn,021,27897,5109,5095,1656,6751,48
2022-06-06,Humboldt,023,135768,18717,18598,3545,22143,147
2022-06-06,Imperial,025,180216,57159,56912,11347,68259,941
2022-06-06,Inyo,027,18085,4201,4189,603,4792,56
2022-06-06,Kern,029,883053,197575,196763,48875,245638,2338
2022-06-06,Kings,031,150075,52964,52821,3725,56546,447
2022-06-06,Lake,033,64148,11214,11158,960,12118,137
2022-06-06,Lassen,035,31185,9162,9148,924,10072,64
2022-06-06,Los Angeles,037,10098052,2881789,2865901,137954,3003855,31920
2022-06-06,Madera,039,155013,38603,38408,6460,44868,372
2022-06-06,Marin,041,260295,38614,38338,4297,42635,294
2022-06-06,Mariposa,043,17540,2627,2614,231,2845,30
2022-06-06,Mendocino,045,87422,13969,13859,3536,17395,127
2022-06-06,Merced,047,269075,64373,64080,9343,73423,825
2022-06-06,Modoc,049,8938,764,761,262,1023,8
2022-06-06,Mono,051,14174,3049,3044,171,3215,6
2022-06-06,Monterey,053,433212,83593,83063,16281,99344,740
2022-06-06,Napa,055,140530,28272,27996,1193,29189,143
2022-06-06,Nevada,057,99092,17010,16907,1345,18252,127
2022-06-06,Orange,059,3164182,581324,578530,47260,625790,7044
2022-06-06,Placer,061,380077,67389,66951,8036,74987,627
2022-06-06,Plumas,063,18699,3175,3150,390,3540,13
2022-06-06,Riverside,065,2383286,616029,613469,30094,643563,6480
2022-06-06,Sacramento,067,1510023,302668,300875,30375,331250,3054
2022-06-06,San Benito,069,59416,13800,13734,590,14324,99
2022-06-06,San Bernardino,071,2135413,589021,585029,26228,611257,7685
2022-06-06,San Diego,073,3302833,802770,800840,57336,858176,5308
2022-06-06,San Francisco,075,870044,149326,147960,9991,157951,885
2022-06-06,San Joaquin,077,732212,174863,173887,11491,185378,2241
2022-06-06,San Luis Obispo,079,281455,56187,55822,4906,60728,484
2022-06-06,San Mateo,081,765935,141713,140569,8826,149395,710
2022-06-06,Santa Barbara,083,443738,92183,91747,5230,96977,693
2022-06-06,Santa Clara,085,1922200,359909,356452,15539,371991,2321
2022-06-06,Santa Cruz,087,273765,53289,52753,2541,55294,264
2022-06-06,Shasta,089,179085,31518,31394,6342,37736,565
2022-06-06,Sierra,091,2930,279,278,56,334,4
2022-06-06,Siskiyou,093,43540,4630,4609,2915,7524,81
2022-06-06,Solano,095,438530,89284,88522,6272,94794,453
2022-06-06,Sonoma,097,501317,93336,92644,3834,96478,491
2022-06-06,Stanislaus,099,539301,122313,121787,18424,140211,1662
2022-06-06,Sutter,101,95872,21305,21256,2277,23533,227
2022-06-06,Tehama,103,63373,12348,12306,2726,15032,205
2022-06-06,Trinity,105,12862,1212,1211,298,1509,20
2022-06-06,Tulare,107,460477,109520,109091,30467,139558,1494
2022-06-06,Tuolumne,109,53932,13402,13335,633,13968,189
2022-06-06,Ventura,111,848112,183764,182847,10645,193492,1506
2022-06-06,Yolo,113,214977,40557,39962,3606,43568,321
2022-06-06,Yuba,115,75493,16651,16558,1400,17958,122
2022-06-05,Alameda,001,1643700,290885,285785,16442,302227,1873
2022-06-05,Alpine,003,1148,128,128,1,129,0
2022-06-05,Amador,005,37829,8915,8775,694,9469,87
2022-06-05,Butte,007,227075,34543,34129,7199,41328,427
2022-06-05,Calaveras,009,45235,7598,7525,404,7929,121
2022-06-05,Colusa,011,21464,3503,3484,1112,4596,21
2022-06-05,Contra Costa,013,1133247,210682,206711,15405,222116,1310
2022-06-05,Del Norte,015,27424,6242,6206,277,6483,52
2022-06-05,El Dorado,017,186661,28574,28241,3479,31720,214
2022-06-05,Fresno,019,978130,239869,237945,25191,263136,2766
2022-06-05,Glenn,021,27897,5103,5063,1656,6719,48
2022-06-05,Humboldt,023,135768,18667,18433,3527,21960,147
2022-06-05,Imperial,025,180216,57068,56690,11308,67998,941
2022-06-05,Inyo,027,18085,4197,4176,599,4775,56
2022-06-05,Kern,029,883053,197269,195863,48788,244651,2338
2022-06-05,Kings,031,150075,52890,52597,3718,56315,447
2022-06-05,Lake,033,64148,11195,11064,957,12021,137
2022-06-05,Lassen,035,31185,9154,9106,919,10025,64
2022-06-05,Los Angeles,037,10098052,2876054,2846989,137499,2984488,31899
2022-06-05,Madera,039,155013,38540,38188,6452,44640,372
2022-06-05,Marin,041,260295,38502,37879,4261,42140,294
2022-06-05,Mariposa,043,17540,2625,2557,230,2787,30
2022-06-05,Mendocino,045,87422,13934,13738,3494,17232,125
2022-06-05,Merced,047,269075,64283,63756,9332,73088,825
2022-06-05,Modoc,049,8938,763,759,262,1021,8
2022-06-05,Mono,051,14174,3048,3037,168,3205,6
2022-06-05,Monterey,053,433212,83432,82451,16200,98651,738
2022-06-05,Napa,055,140530,28145,27686,1183,28869,143
2022-06-05,Nevada,057,99092,16967,16728,1337,18065,127
2022-06-05,Orange,059,3164182,580058,574146,47070,621216,7038
2022-06-05,Placer,061,380077,67250,66428,8026,74454,627
2022-06-05,Plumas,063,18699,3168,3138,390,3528,13
2022-06-05,Riverside,065,2383286,615095,610369,30030,640399,6481
2022-06-05,Sacramento,067,1510023,301762,297787,30223,328010,3052
2022-06-05,San Benito,069,59416,13754,13572,585,14157,99
2022-06-05,San Bernardino,071,2135413,588040,582305,26191,608496,7664
2022-06-05,San Diego,073,3302833,800881,794822,57173,851995,5303
2022-06-05,San Francisco,075,870044,148735,145876,9936,155812,881
2022-06-05,San Joaquin,077,732212,174435,172621,11455,184076,2242
2022-06-05,San Luis Obispo,079,281455,56026,55333,4837,60170,484
2022-06-05,San Mateo,081,765935,141200,138536,8790,147326,710
2022-06-05,Santa Barbara,083,443738,91992,90911,5217,96128,693
2022-06-05,Santa Clara,085,1922200,358501,351492,15454,366946,2317
2022-06-05,Santa Cruz,087,273765,53098,52333,2528,54861,263
2022-06-05,Shasta,089,179085,31479,31272,6330,37602,565
2022-06-05,Sierra,091,2930,279,278,56,334,4
2022-06-05,Siskiyou,093,43540,4625,4591,2904,7495,81
2022-06-05,Solano,095,438530,88975,87571,6264,93835,452
2022-06-05,Sonoma,097,501317,93057,91518,3808,95326,491
2022-06-05,Stanislaus,099,539301,122115,121001,18391,139392,1661
2022-06-05,Sutter,101,95872,21274,21125,2274,23399,227
2022-06-05,Tehama,103,63373,12330,12262,2724,14986,204
2022-06-05,Trinity,105,12862,1212,1204,298,1502,20
2022-06-05,Tulare,107,460477,109324,108598,30388,138986,1490
2022-06-05,Tuolumne,109,53932,13375,13251,620,13871,189
2022-06-05,Ventura,111,848112,183411,181709,10624,192333,1505
2022-06-05,Yolo,113,214977,40435,39561,3596,43157,321
2022-06-05,Yuba,115,75493,16610,16467,1391,17858,122
2022-06-04,Alameda,001,1643700,290395,285785,16419,302204,1873
2022-06-04,Alpine,003,1148,128,128,1,129,0
2022-06-04,Amador,005,37829,8906,8775,693,9468,87
2022-06-04,Butte,007,227075,34502,34129,7195,41324,427
2022-06-04,Calaveras,009,45235,7584,7525,403,7928,121
2022-06-04,Colusa,011,21464,3500,3484,1108,4592,21
2022-06-04,Contra Costa,013,1133247,210296,206711,15380,222091,1310
2022-06-04,Del Norte,015,27424,6240,6206,277,6483,52
2022-06-04,El Dorado,017,186661,28535,28241,3475,31716,214
2022-06-04,Fresno,019,978130,239701,237945,25177,263122,2766
2022-06-04,Glenn,021,27897,5099,5063,1655,6718,48
2022-06-04,Humboldt,023,135768,18647,18433,3524,21957,147
2022-06-04,Imperial,025,180216,57017,56690,11296,67986,941
2022-06-04,Inyo,027,18085,4197,4176,598,4774,56
2022-06-04,Kern,029,883053,197151,195863,48739,244602,2338
2022-06-04,Kings,031,150075,52847,52597,3718,56315,447
2022-06-04,Lake,033,64148,11180,11064,950,12014,137
2022-06-04,Lassen,035,31185,9149,9106,918,10024,64
2022-06-04,Los Angeles,037,10098052,2873798,2846989,137253,2984242,31899
2022-06-04,Madera,039,155013,38505,38188,6448,44636,372
2022-06-04,Marin,041,260295,38425,37879,4219,42098,294
2022-06-04,Mariposa,043,17540,2622,2557,230,2787,30
2022-06-04,Mendocino,045,87422,13921,13738,3493,17231,125
2022-06-04,Merced,047,269075,64235,63756,9327,73083,825
2022-06-04,Modoc,049,8938,762,759,261,1020,8
2022-06-04,Mono,051,14174,3048,3037,168,3205,6
2022-06-04,Monterey,053,433212,83347,82451,16169,98620,738
2022-06-04,Napa,055,140530,28102,27686,1183,28869,143
2022-06-04,Nevada,057,99092,16954,16728,1335,18063,127
2022-06-04,Orange,059,3164182,579422,574146,46938,621084,7038
2022-06-04,Placer,061,380077,67169,66428,8020,74448,627
2022-06-04,Plumas,063,18699,3164,3138,389,3527,13
2022-06-04,Riverside,065,2383286,614562,610369,30000,640369,6481
2022-06-04,Sacramento,067,1510023,301404,297787,30200,327987,3052
2022-06-04,San Benito,069,59416,13728,13572,582,14154,99
2022-06-04,San Bernardino,071,2135413,587601,582305,26172,608477,7664
2022-06-04,San Diego,073,3302833,800164,794822,57130,851952,5303
2022-06-04,San Francisco,075,870044,148399,145876,9910,155786,881
2022-06-04,San Joaquin,077,732212,174290,172621,11431,184052,2242
2022-06-04,San Luis Obispo,079,281455,55988,55333,4832,60165,484
2022-06-04,San Mateo,081,765935,140896,138536,8772,147308,710
2022-06-04,Santa Barbara,083,443738,91894,90911,5214,96125,693
2022-06-04,Santa Clara,085,1922200,357622,351492,15421,366913,2317
2022-06-04,Santa Cruz,087,273765,53015,52333,2521,54854,263
2022-06-04,Shasta,089,179085,31454,31272,6327,37599,565
2022-06-04,Sierra,091,2930,279,278,56,334,4
2022-06-04,Siskiyou,093,43540,4622,4591,2899,7490,81
2022-06-04,Solano,095,438530,88893,87571,6251,93822,452
2022-06-04,Sonoma,097,501317,92906,91518,3798,95316,491
2022-06-04,Stanislaus,099,539301,121978,121001,18380,139381,1661
2022-06-04,Sutter,101,95872,21248,21125,2270,23395,227
2022-06-04,Tehama,103,63373,12318,12262,2722,14984,204
2022-06-04,Trinity,105,12862,1212,1204,298,1502,20
2022-06-04,Tulare,107,460477,109257,108598,30341,138939,1490
2022-06-04,Tuolumne,109,53932,13365,13251,616,13867,189
2022-06-04,Ventura,111,848112,183230,181709,10615,192324,1505
2022-06-04,Yolo,113,214977,40367,39561,3594,43155,321
2022-06-04,Yuba,115,75493,16594,16467,1387,17854,122
2022-06-03,Alameda,001,1643700,289873,285785,16397,302182,1873
2022-06-03,Alpine,003,1148,128,128,1,129,0
2022-06-03,Amador,005,37829,8901,8775,693,9468,87
2022-06-03,Butte,007,227075,34451,34129,7186,41315,427
2022-06-03,Calaveras,009,45235,7579,7525,403,7928,121
2022-06-03,Colusa,011,21464,3500,3484,1107,4591,21
2022-06-03,Contra Costa,013,1133247,209982,206711,15367,222078,1310
2022-06-03,Del Norte,015,27424,6236,6206,276,6482,52
2022-06-03,El Dorado,017,186661,28506,28241,3473,31714,214
2022-06-03,Fresno,019,978130,239482,237945,25162,263107,2766
2022-06-03,Glenn,021,27897,5093,5063,1653,6716,48
2022-06-03,Humboldt,023,135768,18626,18433,3521,21954,147
2022-06-03,Imperial,025,180216,56974,56690,11284,67974,941
2022-06-03,Inyo,027,18085,4196,4176,598,4774,56
2022-06-03,Kern,029,883053,197014,195863,48677,244540,2338
2022-06-03,Kings,031,150075,52823,52597,3718,56315,447
2022-06-03,Lake,033,64148,11169,11064,947,12011,137
2022-06-03,Lassen,035,31185,9144,9106,918,10024,64
2022-06-03,Los Angeles,037,10098052,2871043,2846989,137001,2983990,31899
2022-06-03,Madera,039,155013,38461,38188,6445,44633,372
2022-06-03,Marin,041,260295,38355,37879,4183,42062,294
2022-06-03,Mariposa,043,17540,2618,2557,230,2787,30
2022-06-03,Mendocino,045,87422,13899,13738,3493,17231,125
2022-06-03,Merced,047,269075,64182,63756,9323,73079,825
2022-06-03,Modoc,049,8938,762,759,261,1020,8
2022-06-03,Mono,051,14174,3045,3037,168,3205,6
2022-06-03,Monterey,053,433212,83251,82451,16123,98574,738
2022-06-03,Napa,055,140530,28053,27686,1179,28865,143
2022-06-03,Nevada,057,99092,16933,16728,1334,18062,127
2022-06-03,Orange,059,3164182,578729,574146,46821,620967,7038
2022-06-03,Placer,061,380077,67090,66428,8007,74435,627
2022-06-03,Plumas,063,18699,3162,3138,388,3526,13
2022-06-03,Riverside,065,2383286,614038,610369,29967,640336,6481
2022-06-03,Sacramento,067,1510023,300936,297787,30164,327951,3052
2022-06-03,San Benito,069,59416,13714,13572,579,14151,99
2022-06-03,San Bernardino,071,2135413,587155,582305,26147,608452,7664
2022-06-03,San Diego,073,3302833,799216,794822,57054,851876,5303
2022-06-03,San Francisco,075,870044,148033,145876,9875,155751,881
2022-06-03,San Joaquin,077,732212,174131,172621,11419,184040,2242
2022-06-03,San Luis Obispo,079,281455,55944,55333,4825,60158,484
2022-06-03,San Mateo,081,765935,140610,138536,8759,147295,710
2022-06-03,Santa Barbara,083,443738,91775,90911,5212,96123,693
2022-06-03,Santa Clara,085,1922200,356730,351492,15376,366868,2317
2022-06-03,Santa Cruz,087,273765,52882,52333,2512,54845,263
2022-06-03,Shasta,089,179085,31442,31272,6325,37597,565
2022-06-03,Sierra,091,2930,279,278,56,334,4
2022-06-03,Siskiyou,093,43540,4618,4591,2898,7489,81
2022-06-03,Solano,095,438530,88781,87571,6242,93813,452
2022-06-03,Sonoma,097,501317,92763,91518,3789,95307,491
2022-06-03,Stanislaus,099,539301,121869,121001,18368,139369,1661
2022-06-03,Sutter,101,95872,21225,21125,2269,23394,227
2022-06-03,Tehama,103,63373,12312,12262,2721,14983,204
2022-06-03,Trinity,105,12862,1210,1204,298,1502,20
2022-06-03,Tulare,107,460477,109190,108598,30296,138894,1490
2022-06-03,Tuolumne,109,53932,13355,13251,613,13864,189
2022-06-03,Ventura,111,848112,183043,181709,10599,192308,1505
2022-06-03,Yolo,113,214977,40314,39561,3586,43147,321
2022-06-03,Yuba,115,75493,16569,16467,1384,17851,122
2022-06-02,Alameda,001,1643700,288977,285785,16340,302125,1873
2022-06-02,Alpine,003,1148,128,128,1,129,0
2022-06-02,Amador,005,37829,8879,8775,691,9466,87
2022-06-02,Butte,007,227075,34375,34129,7168,41297,427
2022-06-02,Calaveras,009,45235,7566,7525,402,7927,121
2022-06-02,Colusa,011,21464,3498,3484,1107,4591,21
2022-06-02,Contra Costa,013,1133247,209398,206711,15292,222003,1310
2022-06-02,Del Norte,015,27424,6227,6206,274,6480,52
2022-06-02,El Dorado,017,186661,28440,28241,3465,31706,214
2022-06-02,Fresno,019,978130,239143,237945,25114,263059,2766
2022-06-02,Glenn,021,27897,5087,5063,1648,6711,48
2022-06-02,Humboldt,023,135768,18585,18433,3509,21942,147
2022-06-02,Imperial,025,180216,56917,56690,11269,67959,941
2022-06-02,Inyo,027,18085,4196,4176,595,4771,56
2022-06-02,Kern,029,883053,196733,195863,48571,244434,2338
2022-06-02,Kings,031,150075,52770,52597,3712,56309,447
2022-06-02,Lake,033,64148,11147,11064,946,12010,137
2022-06-02,Lassen,035,31185,9133,9106,918,10024,64
2022-06-02,Los Angeles,037,10098052,2866265,2846989,136619,2983608,31899
2022-06-02,Madera,039,155013,38407,38188,6439,44627,372
2022-06-02,Marin,041,260295,38257,37879,4151,42030,294
2022-06-02,Mariposa,043,17540,2613,2557,229,2786,30
2022-06-02,Mendocino,045,87422,13871,13738,3485,17223,125
2022-06-02,Merced,047,269075,64106,63756,9317,73073,825
2022-06-02,Modoc,049,8938,761,759,261,1020,8
2022-06-02,Mono,051,14174,3045,3037,167,3204,6
2022-06-02,Monterey,053,433212,83103,82451,16056,98507,738
2022-06-02,Napa,055,140530,27978,27686,1178,28864,143
2022-06-02,Nevada,057,99092,16896,16728,1333,18061,127
2022-06-02,Orange,059,3164182,577696,574146,46667,620813,7038
2022-06-02,Placer,061,380077,66974,66428,8000,74428,627
2022-06-02,Plumas,063,18699,3153,3138,388,3526,13
2022-06-02,Riverside,065,2383286,613357,610369,29909,640278,6481
2022-06-02,Sacramento,067,1510023,300304,297787,30053,327840,3052
2022-06-02,San Benito,069,59416,13682,13572,578,14150,99
2022-06-02,San Bernardino,071,2135413,586478,582305,26113,608418,7664
2022-06-02,San Diego,073,3302833,797855,794822,56938,851760,5303
2022-06-02,San Francisco,075,870044,147610,145876,9819,155695,881
2022-06-02,San Joaquin,077,732212,173822,172621,11399,184020,2242
2022-06-02,San Luis Obispo,079,281455,55811,55333,4805,60138,484
2022-06-02,San Mateo,081,765935,140231,138536,8707,147243,710
2022-06-02,Santa Barbara,083,443738,91603,90911,5206,96117,693
2022-06-02,Santa Clara,085,1922200,355636,351492,15255,366747,2317
2022-06-02,Santa Cruz,087,273765,52767,52333,2503,54836,263
2022-06-02,Shasta,089,179085,31413,31272,6318,37590,565
2022-06-02,Sierra,091,2930,279,278,56,334,4
2022-06-02,Siskiyou,093,43540,4611,4591,2887,7478,81
2022-06-02,Solano,095,438530,88559,87571,6231,93802,452
2022-06-02,Sonoma,097,501317,92541,91518,3771,95289,491
2022-06-02,Stanislaus,099,539301,121709,121001,18347,139348,1661
2022-06-02,Sutter,101,95872,21197,21125,2264,23389,227
2022-06-02,Tehama,103,63373,12301,12262,2716,14978,204
2022-06-02,Trinity,105,12862,1208,1204,298,1502,20
2022-06-02,Tulare,107,460477,109067,108598,30227,138825,1490
2022-06-02,Tuolumne,109,53932,13336,13251,611,13862,189
2022-06-02,Ventura,111,848112,182771,181709,10579,192288,1505
2022-06-02,Yolo,113,214977,40233,39561,3580,43141,321
2022-06-02,Yuba,115,75493,16548,16467,1377,17844,122
2022-06-01,Alameda,001,1643700,287977,284051,16286,300337,1868
2022-06-01,Alpine,003,1148,128,128,1,129,0
2022-06-01,Amador,005,37829,8874,8741,690,9431,87
2022-06-01,Butte,007,227075,34305,34059,7154,41213,427
2022-06-01,Calaveras,009,45235,7561,7502,400,7902,120
2022-06-01,Colusa,011,21464,3495,3476,1107,4583,21
2022-06-01,Contra Costa,013,1133247,208757,205699,15225,220924,1310
2022-06-01,Del Norte,015,27424,6219,6188,271,6459,51
2022-06-01,El Dorado,017,186661,28379,28133,3453,31586,214
2022-06-01,Fresno,019,978130,238789,237367,25074,262441,2765
2022-06-01,Glenn,021,27897,5082,5059,1648,6707,48
2022-06-01,Humboldt,023,135768,18542,18371,3489,21860,147
2022-06-01,Imperial,025,180216,56850,56445,11250,67695,938
2022-06-01,Inyo,027,18085,4192,4171,589,4760,56
2022-06-01,Kern,029,883053,196508,195438,48499,243937,2336
2022-06-01,Kings,031,150075,52715,52491,3706,56197,447
2022-06-01,Lake,033,64148,11126,11024,945,11969,137
2022-06-01,Lassen,035,31185,9120,9083,915,9998,64
2022-06-01,Los Angeles,037,10098052,2860990,2836856,136240,2973096,31882
2022-06-01,Madera,039,155013,38368,38115,6430,44545,372
2022-06-01,Marin,041,260295,38145,37654,4115,41769,293
2022-06-01,Mariposa,043,17540,2598,2549,228,2777,30
2022-06-01,Mendocino,045,87422,13844,13692,3474,17166,125
2022-06-01,Merced,047,269075,64030,63637,9304,72941,824
2022-06-01,Modoc,049,8938,760,755,259,1014,8
2022-06-01,Mono,051,14174,3043,3035,166,3201,6
2022-06-01,Monterey,053,433212,82946,82215,16004,98219,737
2022-06-01,Napa,055,140530,27902,27580,1170,28750,143
2022-06-01,Nevada,057,99092,16857,16693,1326,18019,127
2022-06-01,Orange,059,3164182,576439,571973,46501,618474,7032
2022-06-01,Placer,061,380077,66834,66199,7989,74188,627
2022-06-01,Plumas,063,18699,3146,3117,387,3504,13
2022-06-01,Riverside,065,2383286,612624,608913,29867,638780,6480
2022-06-01,Sacramento,067,1510023,299563,296457,29942,326399,3045
2022-06-01,San Benito,069,59416,13644,13510,577,14087,98
2022-06-01,San Bernardino,071,2135413,585779,580767,26077,606844,7641
2022-06-01,San Diego,073,3302833,796162,791557,56785,848342,5292
2022-06-01,San Francisco,075,870044,147095,144476,9777,154253,879
2022-06-01,San Joaquin,077,732212,173527,172170,11371,183541,2241
2022-06-01,San Luis Obispo,079,281455,55646,55099,4769,59868,482
2022-06-01,San Mateo,081,765935,139751,137566,8647,146213,710
2022-06-01,Santa Barbara,083,443738,91421,90531,5198,95729,693
2022-06-01,Santa Clara,085,1922200,354480,348742,15180,363922,2317
2022-06-01,Santa Cruz,087,273765,52657,52141,2493,54634,263
2022-06-01,Shasta,089,179085,31382,31247,6315,37562,564
2022-06-01,Sierra,091,2930,279,280,56,336,4
2022-06-01,Siskiyou,093,43540,4605,4574,2880,7454,81
2022-06-01,Solano,095,438530,88336,87206,6202,93408,452
2022-06-01,Sonoma,097,501317,92293,91174,3752,94926,491
2022-06-01,Stanislaus,099,539301,121519,120778,18329,139107,1656
2022-06-01,Sutter,101,95872,21166,21065,2259,23324,227
2022-06-01,Tehama,103,63373,12294,12245,2712,14957,204
2022-06-01,Trinity,105,12862,1207,1200,297,1497,20
2022-06-01,Tulare,107,460477,108952,108401,30165,138566,1490
2022-06-01,Tuolumne,109,53932,13321,13221,610,13831,189
2022-06-01,Ventura,111,848112,182492,181163,10564,191727,1503
2022-06-01,Yolo,113,214977,40176,39371,3568,42939,320
2022-06-01,Yuba,115,75493,16524,16406,1370,17776,122
2022-05-31,Alameda,001,1643700,286889,284051,16233,300284,1868
2022-05-31,Alpine,003,1148,128,128,1,129,0
2022-05-31,Amador,005,37829,8856,8741,690,9431,87
2022-05-31,Butte,007,227075,34241,34059,7132,41191,427
2022-05-31,Calaveras,009,45235,7550,7502,400,7902,120
2022-05-31,Colusa,011,21464,3490,3476,1106,4582,21
2022-05-31,Contra Costa,013,1133247,208012,205699,15154,220853,1310
2022-05-31,Del Norte,015,27424,6211,6188,268,6456,51
2022-05-31,El Dorado,017,186661,28318,28133,3448,31581,214
2022-05-31,Fresno,019,978130,238391,237367,25019,262386,2765
2022-05-31,Glenn,021,27897,5074,5059,1648,6707,48
2022-05-31,Humboldt,023,135768,18512,18371,3467,21838,147
2022-05-31,Imperial,025,180216,56786,56445,11227,67672,938
2022-05-31,Inyo,027,18085,4186,4171,587,4758,56
2022-05-31,Kern,029,883053,196265,195438,48407,243845,2336
2022-05-31,Kings,031,150075,52664,52491,3699,56190,447
2022-05-31,Lake,033,64148,11107,11024,941,11965,137
2022-05-31,Lassen,035,31185,9108,9083,914,9997,64
2022-05-31,Los Angeles,037,10098052,2855072,2836856,135842,2972698,31882
2022-05-31,Madera,039,155013,38304,38115,6417,44532,372
2022-05-31,Marin,041,260295,38008,37654,4079,41733,293
2022-05-31,Mariposa,043,17540,2593,2549,227,2776,30
2022-05-31,Mendocino,045,87422,13809,13692,3462,17154,125
2022-05-31,Merced,047,269075,63946,63637,9287,72924,824
2022-05-31,Modoc,049,8938,758,755,259,1014,8
2022-05-31,Mono,051,14174,3039,3035,165,3200,6
2022-05-31,Monterey,053,433212,82787,82215,15938,98153,737
2022-05-31,Napa,055,140530,27811,27580,1165,28745,143
2022-05-31,Nevada,057,99092,16811,16693,1325,18018,127
2022-05-31,Orange,059,3164182,575205,571973,46307,618280,7032
2022-05-31,Placer,061,380077,66676,66199,7973,74172,627
2022-05-31,Plumas,063,18699,3143,3117,386,3503,13
2022-05-31,Riverside,065,2383286,611716,608913,29804,638717,6480
2022-05-31,Sacramento,067,1510023,298702,296457,29789,326246,3045
2022-05-31,San Benito,069,59416,13588,13510,575,14085,98
2022-05-31,San Bernardino,071,2135413,584906,580767,26047,606814,7641
2022-05-31,San Diego,073,3302833,794288,791557,56647,848204,5292
2022-05-31,San Francisco,075,870044,146450,144476,9735,154211,879
2022-05-31,San Joaquin,077,732212,173151,172170,11331,183501,2241
2022-05-31,San Luis Obispo,079,281455,55495,55099,4698,59797,482
2022-05-31,San Mateo,081,765935,139193,137566,8615,146181,710
2022-05-31,Santa Barbara,083,443738,91197,90531,5187,95718,693
2022-05-31,Santa Clara,085,1922200,352980,348742,15098,363840,2317
2022-05-31,Santa Cruz,087,273765,52541,52141,2477,54618,263
2022-05-31,Shasta,089,179085,31345,31247,6304,37551,564
2022-05-31,Sierra,091,2930,278,280,55,335,4
2022-05-31,Siskiyou,093,43540,4600,4574,2872,7446,81
2022-05-31,Solano,095,438530,88025,87206,6180,93386,452
2022-05-31,Sonoma,097,501317,92005,91174,3723,94897,491
2022-05-31,Stanislaus,099,539301,121313,120778,18305,139083,1656
2022-05-31,Sutter,101,95872,21137,21065,2254,23319,227
2022-05-31,Tehama,103,63373,12285,12245,2708,14953,204
2022-05-31,Trinity,105,12862,1206,1200,297,1497,20
2022-05-31,Tulare,107,460477,108814,108401,30096,138497,1490
2022-05-31,Tuolumne,109,53932,13305,13221,607,13828,189
2022-05-31,Ventura,111,848112,182174,181163,10538,191701,1503
2022-05-31,Yolo,113,214977,40049,39371,3555,42926,320
2022-05-31,Yuba,115,75493,16492,16406,1364,17770,122
2022-05-30,Alameda,001,1643700,285514,284051,16155,300206,1868
2022-05-30,Alpine,003,1148,128,128,1,129,0
2022-05-30,Amador,005,37829,8841,8741,689,9430,87
2022-05-30,Butte,007,227075,34165,34059,7112,41171,427
2022-05-30,Calaveras,009,45235,7541,7502,400,7902,120
2022-05-30,Colusa,011,21464,3488,3476,1105,4581,21
2022-05-30,Contra Costa,013,1133247,207162,205699,15041,220740,1310
2022-05-30,Del Norte,015,27424,6196,6188,267,6455,51
2022-05-30,El Dorado,017,186661,28241,28133,3440,31573,214
2022-05-30,Fresno,019,978130,237923,237367,24961,262328,2765
2022-05-30,Glenn,021,27897,5069,5059,1645,6704,48
2022-05-30,Humboldt,023,135768,18457,18371,3440,21811,147
2022-05-30,Imperial,025,180216,56703,56445,11195,67640,938
2022-05-30,Inyo,027,18085,4181,4171,586,4757,56
2022-05-30,Kern,029,883053,195979,195438,48294,243732,2336
2022-05-30,Kings,031,150075,52567,52491,3699,56190,447
2022-05-30,Lake,033,64148,11077,11024,937,11961,137
2022-05-30,Lassen,035,31185,9094,9083,910,9993,64
2022-05-30,Los Angeles,037,10098052,2847864,2836856,135373,2972229,31882
2022-05-30,Madera,039,155013,38249,38115,6391,44506,372
2022-05-30,Marin,041,260295,37883,37654,4038,41692,293
2022-05-30,Mariposa,043,17540,2570,2549,226,2775,30
2022-05-30,Mendocino,045,87422,13761,13692,3449,17141,125
2022-05-30,Merced,047,269075,63852,63637,9264,72901,824
2022-05-30,Modoc,049,8938,755,755,257,1012,8
2022-05-30,Mono,051,14174,3036,3035,165,3200,6
2022-05-30,Monterey,053,433212,82599,82215,15859,98074,737
2022-05-30,Napa,055,140530,27734,27580,1159,28739,143
2022-05-30,Nevada,057,99092,16764,16693,1322,18015,127
2022-05-30,Orange,059,3164182,573736,571973,46086,618059,7032
2022-05-30,Placer,061,380077,66536,66199,7953,74152,627
2022-05-30,Plumas,063,18699,3137,3117,383,3500,13
2022-05-30,Riverside,065,2383286,610702,608913,29728,638641,6480
2022-05-30,Sacramento,067,1510023,297748,296457,29624,326081,3045
2022-05-30,San Benito,069,59416,13527,13510,569,14079,98
2022-05-30,San Bernardino,071,2135413,583917,580767,26012,606779,7641
2022-05-30,San Diego,073,3302833,792009,791557,56418,847975,5292
2022-05-30,San Francisco,075,870044,145787,144476,9680,154156,879
2022-05-30,San Joaquin,077,732212,172758,172170,11294,183464,2241
2022-05-30,San Luis Obispo,079,281455,55292,55099,4630,59729,482
2022-05-30,San Mateo,081,765935,138513,137566,8581,146147,710
2022-05-30,Santa Barbara,083,443738,90940,90531,5165,95696,693
2022-05-30,Santa Clara,085,1922200,351418,348742,15010,363752,2317
2022-05-30,Santa Cruz,087,273765,52403,52141,2469,54610,263
2022-05-30,Shasta,089,179085,31306,31247,6295,37542,564
2022-05-30,Sierra,091,2930,278,280,55,335,4
2022-05-30,Siskiyou,093,43540,4591,4574,2858,7432,81
2022-05-30,Solano,095,438530,87719,87206,6132,93338,452
2022-05-30,Sonoma,097,501317,91722,91174,3688,94862,491
2022-05-30,Stanislaus,099,539301,121121,120778,18279,139057,1656
2022-05-30,Sutter,101,95872,21097,21065,2248,23313,227
2022-05-30,Tehama,103,63373,12269,12245,2704,14949,204
2022-05-30,Trinity,105,12862,1205,1200,297,1497,20
2022-05-30,Tulare,107,460477,108652,108401,30003,138404,1490
2022-05-30,Tuolumne,109,53932,13281,13221,607,13828,189
2022-05-30,Ventura,111,848112,181800,181163,10519,191682,1503
2022-05-30,Yolo,113,214977,39923,39371,3543,42914,320
2022-05-30,Yuba,115,75493,16464,16406,1360,17766,122
2022-05-29,Alameda,001,1643700,285035,280775,16129,296904,1863
2022-05-29,Alpine,003,1148,128,126,1,127,0
2022-05-29,Amador,005,37829,8835,8696,688,9384,86
2022-05-29,Butte,007,227075,34150,33876,7103,40979,426
2022-05-29,Calaveras,009,45235,7530,7469,400,7869,120
2022-05-29,Colusa,011,21464,3487,3474,1103,4577,21
2022-05-29,Contra Costa,013,1133247,206823,203528,15018,218546,1306
2022-05-29,Del Norte,015,27424,6194,6166,265,6431,51
2022-05-29,El Dorado,017,186661,28214,27898,3433,31331,214
2022-05-29,Fresno,019,978130,237796,236250,24943,261193,2764
2022-05-29,Glenn,021,27897,5064,5048,1645,6693,48
2022-05-29,Humboldt,023,135768,18436,18257,3430,21687,147
2022-05-29,Imperial,025,180216,56666,56323,11180,67503,939
2022-05-29,Inyo,027,18085,4180,4161,586,4747,56
2022-05-29,Kern,029,883053,195879,194687,48223,242910,2334
2022-05-29,Kings,031,150075,52541,52292,3698,55990,447
2022-05-29,Lake,033,64148,11068,10958,935,11893,137
2022-05-29,Lassen,035,31185,9090,9049,910,9959,64
2022-05-29,Los Angeles,037,10098052,2845727,2819145,135115,2954260,31862
2022-05-29,Madera,039,155013,38227,37955,6385,44340,371
2022-05-29,Marin,041,260295,37817,37215,4004,41219,293
2022-05-29,Mariposa,043,17540,2565,2526,226,2752,31
2022-05-29,Mendocino,045,87422,13741,13612,3448,17060,124
2022-05-29,Merced,047,269075,63832,63389,9262,72651,824
2022-05-29,Modoc,049,8938,755,751,257,1008,8
2022-05-29,Mono,051,14174,3036,3030,165,3195,6
2022-05-29,Monterey,053,433212,82536,81875,15819,97694,737
2022-05-29,Napa,055,140530,27708,27376,1157,28533,144
2022-05-29,Nevada,057,99092,16749,16568,1320,17888,127
2022-05-29,Orange,059,3164182,573151,568369,45907,614276,7028
2022-05-29,Placer,061,380077,66466,65672,7947,73619,626
2022-05-29,Plumas,063,18699,3130,3096,383,3479,13
2022-05-29,Riverside,065,2383286,610361,606444,29691,636135,6480
2022-05-29,Sacramento,067,1510023,297294,294000,29602,323602,3032
2022-05-29,San Benito,069,59416,13521,13402,567,13969,98
2022-05-29,San Bernardino,071,2135413,583632,578656,25994,604650,7610
2022-05-29,San Diego,073,3302833,791269,786243,56342,842585,5288
2022-05-29,San Francisco,075,870044,145355,142456,9669,152125,879
2022-05-29,San Joaquin,077,732212,172596,171282,11281,182563,2241
2022-05-29,San Luis Obispo,079,281455,55240,54701,4617,59318,481
2022-05-29,San Mateo,081,765935,138264,135746,8568,144314,710
2022-05-29,Santa Barbara,083,443738,90809,89940,5163,95103,693
2022-05-29,Santa Clara,085,1922200,350623,344223,14968,359191,2304
2022-05-29,Santa Cruz,087,273765,52327,51819,2461,54280,263
2022-05-29,Shasta,089,179085,31295,31165,6293,37458,564
2022-05-29,Sierra,091,2930,278,278,55,333,4
2022-05-29,Siskiyou,093,43540,4586,4537,2856,7393,81
2022-05-29,Solano,095,438530,87668,86565,6121,92686,452
2022-05-29,Sonoma,097,501317,91630,90364,3672,94036,490
2022-05-29,Stanislaus,099,539301,121022,120241,18259,138500,1657
2022-05-29,Sutter,101,95872,21077,20976,2248,23224,227
2022-05-29,Tehama,103,63373,12258,12210,2702,14912,204
2022-05-29,Trinity,105,12862,1204,1196,297,1493,20
2022-05-29,Tulare,107,460477,108572,108029,29950,137979,1484
2022-05-29,Tuolumne,109,53932,13267,13141,607,13748,189
2022-05-29,Ventura,111,848112,181659,179953,10509,190462,1503
2022-05-29,Yolo,113,214977,39875,39016,3540,42556,319
2022-05-29,Yuba,115,75493,16448,16314,1356,17670,122
2022-05-28,Alameda,001,1643700,284665,280775,16104,296879,1863
2022-05-28,Alpine,003,1148,128,126,1,127,0
2022-05-28,Amador,005,37829,8826,8696,688,9384,86
2022-05-28,Butte,007,227075,34130,33876,7087,40963,426
2022-05-28,Calaveras,009,45235,7526,7469,400,7869,120
2022-05-28,Colusa,011,21464,3482,3474,1102,4576,21
2022-05-28,Contra Costa,013,1133247,206560,203528,15006,218534,1306
2022-05-28,Del Norte,015,27424,6191,6166,265,6431,51
2022-05-28,El Dorado,017,186661,28184,27898,3432,31330,214
2022-05-28,Fresno,019,978130,237640,236250,24920,261170,2764
2022-05-28,Glenn,021,27897,5061,5048,1645,6693,48
2022-05-28,Humboldt,023,135768,18412,18257,3428,21685,147
2022-05-28,Imperial,025,180216,56640,56323,11169,67492,939
2022-05-28,Inyo,027,18085,4180,4161,583,4744,56
2022-05-28,Kern,029,883053,195777,194687,48171,242858,2334
2022-05-28,Kings,031,150075,52517,52292,3697,55989,447
2022-05-28,Lake,033,64148,11058,10958,934,11892,137
2022-05-28,Lassen,035,31185,9085,9049,910,9959,64
2022-05-28,Los Angeles,037,10098052,2843793,2819145,134857,2954002,31862
2022-05-28,Madera,039,155013,38210,37955,6385,44340,371
2022-05-28,Marin,041,260295,37753,37215,3972,41187,293
2022-05-28,Mariposa,043,17540,2561,2526,226,2752,31
2022-05-28,Mendocino,045,87422,13729,13612,3448,17060,124
2022-05-28,Merced,047,269075,63801,63389,9256,72645,824
2022-05-28,Modoc,049,8938,755,751,257,1008,8
2022-05-28,Mono,051,14174,3036,3030,164,3194,6
2022-05-28,Monterey,053,433212,82469,81875,15792,97667,737
2022-05-28,Napa,055,140530,27663,27376,1155,28531,144
2022-05-28,Nevada,057,99092,16738,16568,1318,17886,127
2022-05-28,Orange,059,3164182,572634,568369,45787,614156,7028
2022-05-28,Placer,061,380077,66392,65672,7934,73606,626
2022-05-28,Plumas,063,18699,3124,3096,382,3478,13
2022-05-28,Riverside,065,2383286,609986,606444,29666,636110,6480
2022-05-28,Sacramento,067,1510023,297019,294000,29585,323585,3032
2022-05-28,San Benito,069,59416,13506,13402,566,13968,98
2022-05-28,San Bernardino,071,2135413,583276,578656,25966,604622,7610
2022-05-28,San Diego,073,3302833,790615,786243,56299,842542,5288
2022-05-28,San Francisco,075,870044,145051,142456,9647,152103,879
2022-05-28,San Joaquin,077,732212,172494,171282,11270,182552,2241
2022-05-28,San Luis Obispo,079,281455,55205,54701,4613,59314,481
2022-05-28,San Mateo,081,765935,137988,135746,8553,144299,710
2022-05-28,Santa Barbara,083,443738,90708,89940,5160,95100,693
2022-05-28,Santa Clara,085,1922200,349838,344223,14940,359163,2304
2022-05-28,Santa Cruz,087,273765,52286,51819,2453,54272,263
2022-05-28,Shasta,089,179085,31284,31165,6288,37453,564
2022-05-28,Sierra,091,2930,278,278,54,332,4
2022-05-28,Siskiyou,093,43540,4578,4537,2851,7388,81
2022-05-28,Solano,095,438530,87600,86565,6112,92677,452
2022-05-28,Sonoma,097,501317,91489,90364,3664,94028,490
2022-05-28,Stanislaus,099,539301,120924,120241,18252,138493,1657
2022-05-28,Sutter,101,95872,21062,20976,2243,23219,227
2022-05-28,Tehama,103,63373,12247,12210,2698,14908,204
2022-05-28,Trinity,105,12862,1203,1196,297,1493,20
2022-05-28,Tulare,107,460477,108514,108029,29916,137945,1484
2022-05-28,Tuolumne,109,53932,13252,13141,606,13747,189
2022-05-28,Ventura,111,848112,181491,179953,10496,190449,1503
2022-05-28,Yolo,113,214977,39827,39016,3535,42551,319
2022-05-28,Yuba,115,75493,16434,16314,1354,17668,122
2022-05-27,Alameda,001,1643700,284200,280775,16082,296857,1863
2022-05-27,Alpine,003,1148,127,126,1,127,0
2022-05-27,Amador,005,37829,8821,8696,688,9384,86
2022-05-27,Butte,007,227075,34105,33876,7071,40947,426
2022-05-27,Calaveras,009,45235,7519,7469,400,7869,120
2022-05-27,Colusa,011,21464,3482,3474,1102,4576,21
2022-05-27,Contra Costa,013,1133247,206278,203528,14990,218518,1306
2022-05-27,Del Norte,015,27424,6184,6166,265,6431,51
2022-05-27,El Dorado,017,186661,28160,27898,3423,31321,214
2022-05-27,Fresno,019,978130,237470,236250,24899,261149,2764
2022-05-27,Glenn,021,27897,5060,5048,1645,6693,48
2022-05-27,Humboldt,023,135768,18402,18257,3425,21682,147
2022-05-27,Imperial,025,180216,56558,56323,11162,67485,939
2022-05-27,Inyo,027,18085,4178,4161,582,4743,56
2022-05-27,Kern,029,883053,195669,194687,48103,242790,2334
2022-05-27,Kings,031,150075,52489,52292,3694,55986,447
2022-05-27,Lake,033,64148,11052,10958,933,11891,137
2022-05-27,Lassen,035,31185,9081,9049,910,9959,64
2022-05-27,Los Angeles,037,10098052,2841490,2819145,134616,2953761,31862
2022-05-27,Madera,039,155013,38176,37955,6379,44334,371
2022-05-27,Marin,041,260295,37688,37215,3937,41152,293
2022-05-27,Mariposa,043,17540,2555,2526,226,2752,31
2022-05-27,Mendocino,045,87422,13713,13612,3448,17060,124
2022-05-27,Merced,047,269075,63758,63389,9249,72638,824
2022-05-27,Modoc,049,8938,755,751,257,1008,8
2022-05-27,Mono,051,14174,3035,3030,164,3194,6
2022-05-27,Monterey,053,433212,82410,81875,15756,97631,737
2022-05-27,Napa,055,140530,27631,27376,1151,28527,144
2022-05-27,Nevada,057,99092,16727,16568,1316,17884,127
2022-05-27,Orange,059,3164182,572077,568369,45667,614036,7028
2022-05-27,Placer,061,380077,66322,65672,7926,73598,626
2022-05-27,Plumas,063,18699,3121,3096,382,3478,13
2022-05-27,Riverside,065,2383286,609576,606444,29642,636086,6480
2022-05-27,Sacramento,067,1510023,296640,294000,29544,323544,3032
2022-05-27,San Benito,069,59416,13495,13402,566,13968,98
2022-05-27,San Bernardino,071,2135413,582948,578656,25951,604607,7610
2022-05-27,San Diego,073,3302833,789745,786243,56247,842490,5288
2022-05-27,San Francisco,075,870044,144717,142456,9605,152061,879
2022-05-27,San Joaquin,077,732212,172366,171282,11253,182535,2241
2022-05-27,San Luis Obispo,079,281455,55145,54701,4599,59300,481
2022-05-27,San Mateo,081,765935,137741,135746,8530,144276,710
2022-05-27,Santa Barbara,083,443738,90619,89940,5158,95098,693
2022-05-27,Santa Clara,085,1922200,349082,344223,14921,359144,2304
2022-05-27,Santa Cruz,087,273765,52232,51819,2444,54263,263
2022-05-27,Shasta,089,179085,31275,31165,6282,37447,564
2022-05-27,Sierra,091,2930,278,278,54,332,4
2022-05-27,Siskiyou,093,43540,4575,4537,2849,7386,81
2022-05-27,Solano,095,438530,87478,86565,6103,92668,452
2022-05-27,Sonoma,097,501317,91342,90364,3654,94018,490
2022-05-27,Stanislaus,099,539301,120840,120241,18237,138478,1657
2022-05-27,Sutter,101,95872,21045,20976,2242,23218,227
2022-05-27,Tehama,103,63373,12244,12210,2697,14907,204
2022-05-27,Trinity,105,12862,1203,1196,297,1493,20
2022-05-27,Tulare,107,460477,108447,108029,29873,137902,1484
2022-05-27,Tuolumne,109,53932,13242,13141,606,13747,189
2022-05-27,Ventura,111,848112,181313,179953,10486,190439,1503
2022-05-27,Yolo,113,214977,39764,39016,3529,42545,319
2022-05-27,Yuba,115,75493,16420,16314,1352,17666,122
2022-05-26,Alameda,001,1643700,283353,280775,16007,296782,1863
2022-05-26,Alpine,003,1148,127,126,1,127,0
2022-05-26,Amador,005,37829,8808,8696,687,9383,86
2022-05-26,Butte,007,227075,34051,33876,7048,40924,426
2022-05-26,Calaveras,009,45235,7509,7469,400,7869,120
2022-05-26,Colusa,011,21464,3479,3474,1098,4572,21
2022-05-26,Contra Costa,013,1133247,205803,203528,14953,218481,1306
2022-05-26,Del Norte,015,27424,6176,6166,261,6427,51
2022-05-26,El Dorado,017,186661,28111,27898,3413,31311,214
2022-05-26,Fresno,019,978130,237211,236250,24858,261108,2764
2022-05-26,Glenn,021,27897,5055,5048,1645,6693,48
2022-05-26,Humboldt,023,135768,18363,18257,3414,21671,147
2022-05-26,Imperial,025,180216,56526,56323,11149,67472,939
2022-05-26,Inyo,027,18085,4177,4161,579,4740,56
2022-05-26,Kern,029,883053,195504,194687,48025,242712,2334
2022-05-26,Kings,031,150075,52439,52292,3690,55982,447
2022-05-26,Lake,033,64148,11037,10958,933,11891,137
2022-05-26,Lassen,035,31185,9072,9049,910,9959,64
2022-05-26,Los Angeles,037,10098052,2837338,2819145,134298,2953443,31862
2022-05-26,Madera,039,155013,38134,37955,6376,44331,371
2022-05-26,Marin,041,260295,37594,37215,3898,41113,293
2022-05-26,Mariposa,043,17540,2550,2526,226,2752,31
2022-05-26,Mendocino,045,87422,13687,13612,3439,17051,124
2022-05-26,Merced,047,269075,63692,63389,9241,72630,824
2022-05-26,Modoc,049,8938,754,751,257,1008,8
2022-05-26,Mono,051,14174,3034,3030,163,3193,6
2022-05-26,Monterey,053,433212,82331,81875,15708,97583,737
2022-05-26,Napa,055,140530,27579,27376,1151,28527,144
2022-05-26,Nevada,057,99092,16697,16568,1312,17880,127
2022-05-26,Orange,059,3164182,571159,568369,45539,613908,7028
2022-05-26,Placer,061,380077,66186,65672,7916,73588,626
2022-05-26,Plumas,063,18699,3117,3096,381,3477,13
2022-05-26,Riverside,065,2383286,608963,606444,29592,636036,6480
2022-05-26,Sacramento,067,1510023,295989,294000,29448,323448,3032
2022-05-26,San Benito,069,59416,13480,13402,564,13966,98
2022-05-26,San Bernardino,071,2135413,582416,578656,25936,604592,7610
2022-05-26,San Diego,073,3302833,788446,786243,56131,842374,5288
2022-05-26,San Francisco,075,870044,144258,142456,9561,152017,879
2022-05-26,San Joaquin,077,732212,172147,171282,11231,182513,2241
2022-05-26,San Luis Obispo,079,281455,55049,54701,4567,59268,481
2022-05-26,San Mateo,081,765935,137350,135746,8491,144237,710
2022-05-26,Santa Barbara,083,443738,90473,89940,5143,95083,693
2022-05-26,Santa Clara,085,1922200,348113,344223,14832,359055,2304
2022-05-26,Santa Cruz,087,273765,52142,51819,2439,54258,263
2022-05-26,Shasta,089,179085,31250,31165,6279,37444,564
2022-05-26,Sierra,091,2930,278,278,54,332,4
2022-05-26,Siskiyou,093,43540,4571,4537,2846,7383,81
2022-05-26,Solano,095,438530,87278,86565,6096,92661,452
2022-05-26,Sonoma,097,501317,91152,90364,3628,93992,490
2022-05-26,Stanislaus,099,539301,120734,120241,18225,138466,1657
2022-05-26,Sutter,101,95872,21025,20976,2239,23215,227
2022-05-26,Tehama,103,63373,12234,12210,2696,14906,204
2022-05-26,Trinity,105,12862,1201,1196,297,1493,20
2022-05-26,Tulare,107,460477,108378,108029,29815,137844,1484
2022-05-26,Tuolumne,109,53932,13222,13141,604,13745,189
2022-05-26,Ventura,111,848112,181049,179953,10468,190421,1503
2022-05-26,Yolo,113,214977,39676,39016,3522,42538,319
2022-05-26,Yuba,115,75493,16403,16314,1350,17664,122
2022-05-25,Alameda,001,1643700,282453,278228,15951,294179,1860
2022-05-25,Alpine,003,1148,126,126,1,127,0
2022-05-25,Amador,005,37829,8792,8654,685,9339,86
2022-05-25,Butte,007,227075,33987,33755,7025,40780,426
2022-05-25,Calaveras,009,45235,7501,7450,398,7848,120
2022-05-25,Colusa,011,21464,3478,3471,1096,4567,21
2022-05-25,Contra Costa,013,1133247,205246,201866,14901,216767,1306
2022-05-25,Del Norte,015,27424,6170,6145,255,6400,50
2022-05-25,El Dorado,017,186661,28059,27715,3407,31122,213
2022-05-25,Fresno,019,978130,236929,235569,24809,260378,2763
2022-05-25,Glenn,021,27897,5050,5030,1643,6673,48
2022-05-25,Humboldt,023,135768,18337,18133,3403,21536,147
2022-05-25,Imperial,025,180216,56469,56203,11143,67346,923
2022-05-25,Inyo,027,18085,4174,4152,579,4731,56
2022-05-25,Kern,029,883053,195311,194251,47935,242186,2336
2022-05-25,Kings,031,150075,52389,52178,3686,55864,447
2022-05-25,Lake,033,64148,11024,10908,932,11840,137
2022-05-25,Lassen,035,31185,9065,9028,910,9938,64
2022-05-25,Los Angeles,037,10098052,2832743,2806770,133942,2940712,31845
2022-05-25,Madera,039,155013,38094,37867,6368,44235,370
2022-05-25,Marin,041,260295,37494,36890,3871,40761,293
2022-05-25,Mariposa,043,17540,2540,2514,225,2739,30
2022-05-25,Mendocino,045,87422,13669,13545,3432,16977,124
2022-05-25,Merced,047,269075,63623,63220,9212,72432,823
2022-05-25,Modoc,049,8938,753,750,256,1006,8
2022-05-25,Mono,051,14174,3034,3024,162,3186,6
2022-05-25,Monterey,053,433212,82265,81592,15666,97258,737
2022-05-25,Napa,055,140530,27529,27240,1144,28384,143
2022-05-25,Nevada,057,99092,16662,16517,1306,17823,127
2022-05-25,Orange,059,3164182,570147,565564,45385,610949,7026
2022-05-25,Placer,061,380077,66038,65309,7906,73215,626
2022-05-25,Plumas,063,18699,3111,3065,380,3445,13
2022-05-25,Riverside,065,2383286,608288,604465,29540,634005,6480
2022-05-25,Sacramento,067,1510023,295348,292211,29332,321543,3028
2022-05-25,San Benito,069,59416,13445,13338,561,13899,98
2022-05-25,San Bernardino,071,2135413,581877,576982,25909,602891,7568
2022-05-25,San Diego,073,3302833,786987,782420,55995,838415,5284
2022-05-25,San Francisco,075,870044,143757,141015,9536,150551,872
2022-05-25,San Joaquin,077,732212,171913,170626,11210,181836,2238
2022-05-25,San Luis Obispo,079,281455,54942,54342,4518,58860,481
2022-05-25,San Mateo,081,765935,136887,134441,8433,142874,710
2022-05-25,Santa Barbara,083,443738,90307,89426,5133,94559,693
2022-05-25,Santa Clara,085,1922200,347045,340868,14717,355585,2304
2022-05-25,Santa Cruz,087,273765,52061,51644,2428,54072,263
2022-05-25,Shasta,089,179085,31223,31072,6270,37342,564
2022-05-25,Sierra,091,2930,278,277,54,331,4
2022-05-25,Siskiyou,093,43540,4561,4516,2843,7359,81
2022-05-25,Solano,095,438530,87082,86024,6078,92102,451
2022-05-25,Sonoma,097,501317,90959,89810,3596,93406,490
2022-05-25,Stanislaus,099,539301,120594,119894,18203,138097,1654
2022-05-25,Sutter,101,95872,21001,20904,2236,23140,226
2022-05-25,Tehama,103,63373,12228,12189,2692,14881,201
2022-05-25,Trinity,105,12862,1201,1194,297,1491,20
2022-05-25,Tulare,107,460477,108297,107790,29770,137560,1482
2022-05-25,Tuolumne,109,53932,13201,13086,601,13687,182
2022-05-25,Ventura,111,848112,180758,179116,10453,189569,1499
2022-05-25,Yolo,113,214977,39602,38782,3515,42297,319
2022-05-25,Yuba,115,75493,16376,16260,1343,17603,122
2022-05-24,Alameda,001,1643700,281579,278228,15894,294122,1860
2022-05-24,Alpine,003,1148,126,126,1,127,0
2022-05-24,Amador,005,37829,8785,8654,684,9338,86
2022-05-24,Butte,007,227075,33940,33755,7004,40759,426
2022-05-24,Calaveras,009,45235,7494,7450,396,7846,120
2022-05-24,Colusa,011,21464,3476,3471,1094,4565,21
2022-05-24,Contra Costa,013,1133247,204594,201866,14816,216682,1306
2022-05-24,Del Norte,015,27424,6165,6145,253,6398,50
2022-05-24,El Dorado,017,186661,27991,27715,3401,31116,213
2022-05-24,Fresno,019,978130,236607,235569,24776,260345,2763
2022-05-24,Glenn,021,27897,5048,5030,1643,6673,48
2022-05-24,Humboldt,023,135768,18305,18133,3387,21520,147
2022-05-24,Imperial,025,180216,56414,56203,11129,67332,923
2022-05-24,Inyo,027,18085,4166,4152,577,4729,56
2022-05-24,Kern,029,883053,195116,194251,47829,242080,2336
2022-05-24,Kings,031,150075,52322,52178,3679,55857,447
2022-05-24,Lake,033,64148,11007,10908,930,11838,137
2022-05-24,Lassen,035,31185,9052,9028,906,9934,64
2022-05-24,Los Angeles,037,10098052,2827493,2806770,133570,2940340,31845
2022-05-24,Madera,039,155013,38045,37867,6357,44224,370
2022-05-24,Marin,041,260295,37389,36890,3818,40708,293
2022-05-24,Mariposa,043,17540,2533,2514,224,2738,30
2022-05-24,Mendocino,045,87422,13645,13545,3424,16969,124
2022-05-24,Merced,047,269075,63560,63220,9181,72401,823
2022-05-24,Modoc,049,8938,752,750,255,1005,8
2022-05-24,Mono,051,14174,3031,3024,162,3186,6
2022-05-24,Monterey,053,433212,82174,81592,15607,97199,737
2022-05-24,Napa,055,140530,27482,27240,1132,28372,143
2022-05-24,Nevada,057,99092,16621,16517,1304,17821,127
2022-05-24,Orange,059,3164182,569102,565564,45210,610774,7026
2022-05-24,Placer,061,380077,65940,65309,7891,73200,626
2022-05-24,Plumas,063,18699,3105,3065,380,3445,13
2022-05-24,Riverside,065,2383286,607591,604465,29493,633958,6480
2022-05-24,Sacramento,067,1510023,294672,292211,29212,321423,3028
2022-05-24,San Benito,069,59416,13411,13338,560,13898,98
2022-05-24,San Bernardino,071,2135413,581263,576982,25877,602859,7568
2022-05-24,San Diego,073,3302833,785352,782420,55819,838239,5284
2022-05-24,San Francisco,075,870044,143210,141015,9516,150531,872
2022-05-24,San Joaquin,077,732212,171652,170626,11173,181799,2238
2022-05-24,San Luis Obispo,079,281455,54793,54342,4460,58802,481
2022-05-24,San Mateo,081,765935,136353,134441,8381,142822,710
2022-05-24,Santa Barbara,083,443738,90144,89426,5111,94537,693
2022-05-24,Santa Clara,085,1922200,345766,340868,14619,355487,2304
2022-05-24,Santa Cruz,087,273765,51986,51644,2419,54063,263
2022-05-24,Shasta,089,179085,31198,31072,6260,37332,564
2022-05-24,Sierra,091,2930,278,277,54,331,4
2022-05-24,Siskiyou,093,43540,4552,4516,2835,7351,81
2022-05-24,Solano,095,438530,86863,86024,6052,92076,451
2022-05-24,Sonoma,097,501317,90754,89810,3560,93370,490
2022-05-24,Stanislaus,099,539301,120456,119894,18171,138065,1654
2022-05-24,Sutter,101,95872,20980,20904,2231,23135,226
2022-05-24,Tehama,103,63373,12220,12189,2690,14879,201
2022-05-24,Trinity,105,12862,1198,1194,297,1491,20
2022-05-24,Tulare,107,460477,108180,107790,29709,137499,1482
2022-05-24,Tuolumne,109,53932,13186,13086,601,13687,182
2022-05-24,Ventura,111,848112,180445,179116,10428,189544,1499
2022-05-24,Yolo,113,214977,39522,38782,3507,42289,319
2022-05-24,Yuba,115,75493,16348,16260,1336,17596,122
2022-05-23,Alameda,001,1643700,280641,278228,15818,294046,1860
2022-05-23,Alpine,003,1148,126,126,1,127,0
2022-05-23,Amador,005,37829,8753,8654,681,9335,86
2022-05-23,Butte,007,227075,33889,33755,6979,40734,426
2022-05-23,Calaveras,009,45235,7487,7450,394,7844,120
2022-05-23,Colusa,011,21464,3475,3471,1091,4562,21
2022-05-23,Contra Costa,013,1133247,203862,201866,14754,216620,1306
2022-05-23,Del Norte,015,27424,6160,6145,248,6393,50
2022-05-23,El Dorado,017,186661,27909,27715,3394,31109,213
2022-05-23,Fresno,019,978130,236261,235569,24717,260286,2763
2022-05-23,Glenn,021,27897,5045,5030,1640,6670,48
2022-05-23,Humboldt,023,135768,18278,18133,3374,21507,147
2022-05-23,Imperial,025,180216,56367,56203,11107,67310,923
2022-05-23,Inyo,027,18085,4163,4152,575,4727,56
2022-05-23,Kern,029,883053,194894,194251,47739,241990,2336
2022-05-23,Kings,031,150075,52275,52178,3673,55851,447
2022-05-23,Lake,033,64148,10988,10908,930,11838,137
2022-05-23,Lassen,035,31185,9044,9028,903,9931,64
2022-05-23,Los Angeles,037,10098052,2822109,2806770,133208,2939978,31845
2022-05-23,Madera,039,155013,38014,37867,6340,44207,370
2022-05-23,Marin,041,260295,37248,36890,3775,40665,293
2022-05-23,Mariposa,043,17540,2531,2514,222,2736,30
2022-05-23,Mendocino,045,87422,13623,13545,3416,16961,124
2022-05-23,Merced,047,269075,63482,63220,9154,72374,823
2022-05-23,Modoc,049,8938,752,750,255,1005,8
2022-05-23,Mono,051,14174,3031,3024,162,3186,6
2022-05-23,Monterey,053,433212,82074,81592,15547,97139,737
2022-05-23,Napa,055,140530,27425,27240,1126,28366,143
2022-05-23,Nevada,057,99092,16586,16517,1304,17821,127
2022-05-23,Orange,059,3164182,568095,565564,45064,610628,7026
2022-05-23,Placer,061,380077,65795,65309,7869,73178,626
2022-05-23,Plumas,063,18699,3102,3065,379,3444,13
2022-05-23,Riverside,065,2383286,606869,604465,29445,633910,6480
2022-05-23,Sacramento,067,1510023,293924,292211,29083,321294,3028
2022-05-23,San Benito,069,59416,13376,13338,558,13896,98
2022-05-23,San Bernardino,071,2135413,580618,576982,25844,602826,7568
2022-05-23,San Diego,073,3302833,783632,782420,55629,838049,5284
2022-05-23,San Francisco,075,870044,142636,141015,9489,150504,872
2022-05-23,San Joaquin,077,732212,171383,170626,11142,181768,2238
2022-05-23,San Luis Obispo,079,281455,54646,54342,4414,58756,481
2022-05-23,San Mateo,081,765935,135781,134441,8347,142788,710
2022-05-23,Santa Barbara,083,443738,89908,89426,5092,94518,693
2022-05-23,Santa Clara,085,1922200,344391,340868,14542,355410,2304
2022-05-23,Santa Cruz,087,273765,51886,51644,2409,54053,263
2022-05-23,Shasta,089,179085,31177,31072,6255,37327,564
2022-05-23,Sierra,091,2930,278,277,54,331,4
2022-05-23,Siskiyou,093,43540,4538,4516,2831,7347,81
2022-05-23,Solano,095,438530,86597,86024,6035,92059,451
2022-05-23,Sonoma,097,501317,90523,89810,3514,93324,490
2022-05-23,Stanislaus,099,539301,120314,119894,18135,138029,1654
2022-05-23,Sutter,101,95872,20940,20904,2227,23131,226
2022-05-23,Tehama,103,63373,12208,12189,2687,14876,201
2022-05-23,Trinity,105,12862,1197,1194,297,1491,20
2022-05-23,Tulare,107,460477,108055,107790,29637,137427,1482
2022-05-23,Tuolumne,109,53932,13162,13086,599,13685,182
2022-05-23,Ventura,111,848112,180109,179116,10410,189526,1499
2022-05-23,Yolo,113,214977,39418,38782,3490,42272,319
2022-05-23,Yuba,115,75493,16319,16260,1331,17591,122
2022-05-22,Alameda,001,1643700,279552,274996,15711,290707,1858
2022-05-22,Alpine,003,1148,126,126,1,127,0
2022-05-22,Amador,005,37829,8736,8628,679,9307,86
2022-05-22,Butte,007,227075,33833,33606,6954,40560,426
2022-05-22,Calaveras,009,45235,7476,7424,389,7813,120
2022-05-22,Colusa,011,21464,3471,3468,1088,4556,21
2022-05-22,Contra Costa,013,1133247,203137,199703,14649,214352,1305
2022-05-22,Del Norte,015,27424,6145,6045,237,6282,50
2022-05-22,El Dorado,017,186661,27833,27517,3386,30903,213
2022-05-22,Fresno,019,978130,235919,234657,24671,259328,2760
2022-05-22,Glenn,021,27897,5035,5020,1640,6660,48
2022-05-22,Humboldt,023,135768,18225,17984,3348,21332,146
2022-05-22,Imperial,025,180216,56297,56014,11092,67106,923
2022-05-22,Inyo,027,18085,4156,4135,573,4708,56
2022-05-22,Kern,029,883053,194657,193705,47639,241344,2334
2022-05-22,Kings,031,150075,52212,52038,3670,55708,447
2022-05-22,Lake,033,64148,10956,10867,930,11797,137
2022-05-22,Lassen,035,31185,9028,9011,900,9911,64
2022-05-22,Los Angeles,037,10098052,2816280,2791671,132775,2924446,31815
2022-05-22,Madera,039,155013,37968,37744,6310,44054,370
2022-05-22,Marin,041,260295,37102,36394,3730,40124,293
2022-05-22,Mariposa,043,17540,2526,2490,220,2710,30
2022-05-22,Mendocino,045,87422,13595,13461,3391,16852,124
2022-05-22,Merced,047,269075,63403,62969,9122,72091,823
2022-05-22,Modoc,049,8938,751,750,255,1005,8
2022-05-22,Mono,051,14174,3030,3012,162,3174,6
2022-05-22,Monterey,053,433212,81917,81224,15445,96669,735
2022-05-22,Napa,055,140530,27355,27034,1119,28153,143
2022-05-22,Nevada,057,99092,16553,16410,1299,17709,127
2022-05-22,Orange,059,3164182,567002,562531,44862,607393,7025
2022-05-22,Placer,061,380077,65639,64802,7839,72641,626
2022-05-22,Plumas,063,18699,3095,3052,377,3429,13
2022-05-22,Riverside,065,2383286,606037,601808,29378,631186,6476
2022-05-22,Sacramento,067,1510023,293127,289972,28922,318894,3027
2022-05-22,San Benito,069,59416,13344,13234,552,13786,98
2022-05-22,San Bernardino,071,2135413,579908,575194,25804,600998,7523
2022-05-22,San Diego,073,3302833,782022,777404,55450,832854,5282
2022-05-22,San Francisco,075,870044,141947,138922,9469,148391,871
2022-05-22,San Joaquin,077,732212,171082,169745,11106,180851,2237
2022-05-22,San Luis Obispo,079,281455,54492,54012,4354,58366,481
2022-05-22,San Mateo,081,765935,135217,132636,8299,140935,711
2022-05-22,Santa Barbara,083,443738,89679,88783,5064,93847,692
2022-05-22,Santa Clara,085,1922200,342953,336488,14463,350951,2301
2022-05-22,Santa Cruz,087,273765,51795,51333,2399,53732,263
2022-05-22,Shasta,089,179085,31128,30966,6241,37207,564
2022-05-22,Sierra,091,2930,278,276,54,330,4
2022-05-22,Siskiyou,093,43540,4529,4501,2829,7330,81
2022-05-22,Solano,095,438530,86331,85038,6010,91048,451
2022-05-22,Sonoma,097,501317,90236,88889,3461,92350,489
2022-05-22,Stanislaus,099,539301,120140,119396,18109,137505,1653
2022-05-22,Sutter,101,95872,20911,20809,2218,23027,226
2022-05-22,Tehama,103,63373,12199,12162,2682,14844,201
2022-05-22,Trinity,105,12862,1197,1191,297,1488,20
2022-05-22,Tulare,107,460477,107949,107485,29555,137040,1477
2022-05-22,Tuolumne,109,53932,13142,12977,599,13576,182
2022-05-22,Ventura,111,848112,179752,178024,10381,188405,1499
2022-05-22,Yolo,113,214977,39320,38377,3466,41843,319
2022-05-22,Yuba,115,75493,16292,16180,1322,17502,122
2022-05-21,Alameda,001,1643700,279100,274996,15688,290684,1858
2022-05-21,Alpine,003,1148,126,126,1,127,0
2022-05-21,Amador,005,37829,8726,8628,677,9305,86
2022-05-21,Butte,007,227075,33814,33606,6944,40550,426
2022-05-21,Calaveras,009,45235,7470,7424,389,7813,120
2022-05-21,Colusa,011,21464,3471,3468,1087,4555,21
2022-05-21,Contra Costa,013,1133247,202779,199703,14633,214336,1305
2022-05-21,Del Norte,015,27424,6140,6045,235,6280,50
2022-05-21,El Dorado,017,186661,27797,27517,3384,30901,213
2022-05-21,Fresno,019,978130,235786,234657,24658,259315,2760
2022-05-21,Glenn,021,27897,5031,5020,1639,6659,48
2022-05-21,Humboldt,023,135768,18200,17984,3346,21330,146
2022-05-21,Imperial,025,180216,56262,56014,11089,67103,923
2022-05-21,Inyo,027,18085,4154,4135,571,4706,56
2022-05-21,Kern,029,883053,194562,193705,47573,241278,2334
2022-05-21,Kings,031,150075,52189,52038,3669,55707,447
2022-05-21,Lake,033,64148,10948,10867,930,11797,137
2022-05-21,Lassen,035,31185,9025,9011,900,9911,64
2022-05-21,Los Angeles,037,10098052,2814006,2791671,132532,2924203,31815
2022-05-21,Madera,039,155013,37950,37744,6305,44049,370
2022-05-21,Marin,041,260295,37008,36394,3685,40079,293
2022-05-21,Mariposa,043,17540,2524,2490,220,2710,30
2022-05-21,Mendocino,045,87422,13584,13461,3386,16847,124
2022-05-21,Merced,047,269075,63368,62969,9116,72085,823
2022-05-21,Modoc,049,8938,750,750,255,1005,8
2022-05-21,Mono,051,14174,3030,3012,162,3174,6
2022-05-21,Monterey,053,433212,81850,81224,15393,96617,735
2022-05-21,Napa,055,140530,27322,27034,1116,28150,143
2022-05-21,Nevada,057,99092,16547,16410,1299,17709,127
2022-05-21,Orange,059,3164182,566492,562531,44756,607287,7025
2022-05-21,Placer,061,380077,65531,64802,7825,72627,626
2022-05-21,Plumas,063,18699,3088,3052,377,3429,13
2022-05-21,Riverside,065,2383286,605567,601808,29351,631159,6476
2022-05-21,Sacramento,067,1510023,292797,289972,28894,318866,3027
2022-05-21,San Benito,069,59416,13332,13234,551,13785,98
2022-05-21,San Bernardino,071,2135413,579571,575194,25780,600974,7523
2022-05-21,San Diego,073,3302833,781335,777404,55397,832801,5282
2022-05-21,San Francisco,075,870044,141637,138922,9456,148378,871
2022-05-21,San Joaquin,077,732212,170964,169745,11089,180834,2237
2022-05-21,San Luis Obispo,079,281455,54413,54012,4341,58353,481
2022-05-21,San Mateo,081,765935,134902,132636,8279,140915,711
2022-05-21,Santa Barbara,083,443738,89587,88783,5061,93844,692
2022-05-21,Santa Clara,085,1922200,342102,336488,14421,350909,2301
2022-05-21,Santa Cruz,087,273765,51750,51333,2395,53728,263
2022-05-21,Shasta,089,179085,31116,30966,6238,37204,564
2022-05-21,Sierra,091,2930,277,276,54,330,4
2022-05-21,Siskiyou,093,43540,4525,4501,2827,7328,81
2022-05-21,Solano,095,438530,86248,85038,6007,91045,451
2022-05-21,Sonoma,097,501317,90110,88889,3455,92344,489
2022-05-21,Stanislaus,099,539301,120061,119396,18088,137484,1653
2022-05-21,Sutter,101,95872,20901,20809,2213,23022,226
2022-05-21,Tehama,103,63373,12197,12162,2681,14843,201
2022-05-21,Trinity,105,12862,1197,1191,297,1488,20
2022-05-21,Tulare,107,460477,107886,107485,29516,137001,1477
2022-05-21,Tuolumne,109,53932,13135,12977,599,13576,182
2022-05-21,Ventura,111,848112,179582,178024,10366,188390,1499
2022-05-21,Yolo,113,214977,39263,38377,3460,41837,319
2022-05-21,Yuba,115,75493,16279,16180,1320,17500,122
2022-05-20,Alameda,001,1643700,278562,274996,15666,290662,1858
2022-05-20,Alpine,003,1148,126,126,1,127,0
2022-05-20,Amador,005,37829,8719,8628,677,9305,86
2022-05-20,Butte,007,227075,33794,33606,6935,40541,426
2022-05-20,Calaveras,009,45235,7462,7424,389,7813,120
2022-05-20,Colusa,011,21464,3471,3468,1087,4555,21
2022-05-20,Contra Costa,013,1133247,202423,199703,14624,214327,1305
2022-05-20,Del Norte,015,27424,6136,6045,234,6279,50
2022-05-20,El Dorado,017,186661,27765,27517,3381,30898,213
2022-05-20,Fresno,019,978130,235629,234657,24641,259298,2760
2022-05-20,Glenn,021,27897,5028,5020,1639,6659,48
2022-05-20,Humboldt,023,135768,18178,17984,3344,21328,146
2022-05-20,Imperial,025,180216,56237,56014,11086,67100,923
2022-05-20,Inyo,027,18085,4151,4135,567,4702,56
2022-05-20,Kern,029,883053,194459,193705,47522,241227,2334
2022-05-20,Kings,031,150075,52174,52038,3668,55706,447
2022-05-20,Lake,033,64148,10931,10867,930,11797,137
2022-05-20,Lassen,035,31185,9023,9011,900,9911,64
2022-05-20,Los Angeles,037,10098052,2811677,2791671,132318,2923989,31815
2022-05-20,Madera,039,155013,37931,37744,6303,44047,370
2022-05-20,Marin,041,260295,36935,36394,3646,40040,293
2022-05-20,Mariposa,043,17540,2519,2490,220,2710,30
2022-05-20,Mendocino,045,87422,13569,13461,3385,16846,124
2022-05-20,Merced,047,269075,63333,62969,9114,72083,823
2022-05-20,Modoc,049,8938,750,750,255,1005,8
2022-05-20,Mono,051,14174,3026,3012,162,3174,6
2022-05-20,Monterey,053,433212,81791,81224,15359,96583,735
2022-05-20,Napa,055,140530,27292,27034,1113,28147,143
2022-05-20,Nevada,057,99092,16539,16410,1297,17707,127
2022-05-20,Orange,059,3164182,565919,562531,44652,607183,7025
2022-05-20,Placer,061,380077,65458,64802,7810,72612,626
2022-05-20,Plumas,063,18699,3086,3052,377,3429,13
2022-05-20,Riverside,065,2383286,605122,601808,29326,631134,6476
2022-05-20,Sacramento,067,1510023,292418,289972,28872,318844,3027
2022-05-20,San Benito,069,59416,13316,13234,551,13785,98
2022-05-20,San Bernardino,071,2135413,579252,575194,25763,600957,7523
2022-05-20,San Diego,073,3302833,780543,777404,55337,832741,5282
2022-05-20,San Francisco,075,870044,141305,138922,9425,148347,871
2022-05-20,San Joaquin,077,732212,170843,169745,11082,180827,2237
2022-05-20,San Luis Obispo,079,281455,54377,54012,4337,58349,481
2022-05-20,San Mateo,081,765935,134587,132636,8258,140894,711
2022-05-20,Santa Barbara,083,443738,89503,88783,5056,93839,692
2022-05-20,Santa Clara,085,1922200,341309,336488,14366,350854,2301
2022-05-20,Santa Cruz,087,273765,51706,51333,2381,53714,263
2022-05-20,Shasta,089,179085,31103,30966,6234,37200,564
2022-05-20,Sierra,091,2930,277,276,54,330,4
2022-05-20,Siskiyou,093,43540,4522,4501,2825,7326,81
2022-05-20,Solano,095,438530,86107,85038,6000,91038,451
2022-05-20,Sonoma,097,501317,89983,88889,3442,92331,489
2022-05-20,Stanislaus,099,539301,119979,119396,18079,137475,1653
2022-05-20,Sutter,101,95872,20892,20809,2213,23022,226
2022-05-20,Tehama,103,63373,12193,12162,2680,14842,201
2022-05-20,Trinity,105,12862,1197,1191,297,1488,20
2022-05-20,Tulare,107,460477,107829,107485,29475,136960,1477
2022-05-20,Tuolumne,109,53932,13116,12977,598,13575,182
2022-05-20,Ventura,111,848112,179386,178024,10355,188379,1499
2022-05-20,Yolo,113,214977,39204,38377,3454,41831,319
2022-05-20,Yuba,115,75493,16263,16180,1317,17497,122
2022-05-19,Alameda,001,1643700,277732,274996,15602,290598,1858
2022-05-19,Alpine,003,1148,126,126,1,127,0
2022-05-19,Amador,005,37829,8711,8628,677,9305,86
2022-05-19,Butte,007,227075,33763,33606,6928,40534,426
2022-05-19,Calaveras,009,45235,7456,7424,386,7810,120
2022-05-19,Colusa,011,21464,3470,3468,1086,4554,21
2022-05-19,Contra Costa,013,1133247,201883,199703,14562,214265,1305
2022-05-19,Del Norte,015,27424,6131,6045,227,6272,50
2022-05-19,El Dorado,017,186661,27713,27517,3373,30890,213
2022-05-19,Fresno,019,978130,235407,234657,24601,259258,2760
2022-05-19,Glenn,021,27897,5027,5020,1635,6655,48
2022-05-19,Humboldt,023,135768,18144,17984,3333,21317,146
2022-05-19,Imperial,025,180216,56191,56014,11084,67098,923
2022-05-19,Inyo,027,18085,4147,4135,566,4701,56
2022-05-19,Kern,029,883053,194316,193705,47440,241145,2334
2022-05-19,Kings,031,150075,52146,52038,3666,55704,447
2022-05-19,Lake,033,64148,10923,10867,929,11796,137
2022-05-19,Lassen,035,31185,9019,9011,899,9910,64
2022-05-19,Los Angeles,037,10098052,2807748,2791671,131992,2923663,31815
2022-05-19,Madera,039,155013,37895,37744,6294,44038,370
2022-05-19,Marin,041,260295,36839,36394,3612,40006,293
2022-05-19,Mariposa,043,17540,2511,2490,220,2710,30
2022-05-19,Mendocino,045,87422,13546,13461,3378,16839,124
2022-05-19,Merced,047,269075,63270,62969,9100,72069,823
2022-05-19,Modoc,049,8938,750,750,255,1005,8
2022-05-19,Mono,051,14174,3025,3012,158,3170,6
2022-05-19,Monterey,053,433212,81711,81224,15291,96515,735
2022-05-19,Napa,055,140530,27235,27034,1110,28144,143
2022-05-19,Nevada,057,99092,16505,16410,1292,17702,127
2022-05-19,Orange,059,3164182,565083,562531,44517,607048,7025
2022-05-19,Placer,061,380077,65339,64802,7797,72599,626
2022-05-19,Plumas,063,18699,3080,3052,376,3428,13
2022-05-19,Riverside,065,2383286,604489,601808,29283,631091,6476
2022-05-19,Sacramento,067,1510023,291861,289972,28783,318755,3027
2022-05-19,San Benito,069,59416,13288,13234,550,13784,98
2022-05-19,San Bernardino,071,2135413,578740,575194,25743,600937,7523
2022-05-19,San Diego,073,3302833,779314,777404,55215,832619,5282
2022-05-19,San Francisco,075,870044,140830,138922,9384,148306,871
2022-05-19,San Joaquin,077,732212,170603,169745,11064,180809,2237
2022-05-19,San Luis Obispo,079,281455,54274,54012,4306,58318,481
2022-05-19,San Mateo,081,765935,134125,132636,8205,140841,711
2022-05-19,Santa Barbara,083,443738,89349,88783,5038,93821,692
2022-05-19,Santa Clara,085,1922200,340216,336488,14269,350757,2301
2022-05-19,Santa Cruz,087,273765,51628,51333,2370,53703,263
2022-05-19,Shasta,089,179085,31074,30966,6227,37193,564
2022-05-19,Sierra,091,2930,277,276,54,330,4
2022-05-19,Siskiyou,093,43540,4519,4501,2823,7324,81
2022-05-19,Solano,095,438530,85944,85038,5979,91017,451
2022-05-19,Sonoma,097,501317,89779,88889,3408,92297,489
2022-05-19,Stanislaus,099,539301,119850,119396,18059,137455,1653
2022-05-19,Sutter,101,95872,20856,20809,2209,23018,226
2022-05-19,Tehama,103,63373,12183,12162,2676,14838,201
2022-05-19,Trinity,105,12862,1196,1191,297,1488,20
2022-05-19,Tulare,107,460477,107738,107485,29428,136913,1477
2022-05-19,Tuolumne,109,53932,13091,12977,597,13574,182
2022-05-19,Ventura,111,848112,179115,178024,10323,188347,1499
2022-05-19,Yolo,113,214977,39124,38377,3448,41825,319
2022-05-19,Yuba,115,75493,16243,16180,1307,17487,122
2022-05-18,Alameda,001,1643700,276886,272530,15539,288069,1859
2022-05-18,Alpine,003,1148,126,126,1,127,0
2022-05-18,Amador,005,37829,8693,8592,677,9269,86
2022-05-18,Butte,007,227075,33723,33486,6914,40400,426
2022-05-18,Calaveras,009,45235,7448,7400,386,7786,120
2022-05-18,Colusa,011,21464,3470,3467,1085,4552,21
2022-05-18,Contra Costa,013,1133247,201323,198207,14501,212708,1303
2022-05-18,Del Norte,015,27424,6124,6001,223,6224,50
2022-05-18,El Dorado,017,186661,27663,27388,3366,30754,212
2022-05-18,Fresno,019,978130,235147,234055,24563,258618,2759
2022-05-18,Glenn,021,27897,5026,5012,1635,6647,48
2022-05-18,Humboldt,023,135768,18119,17868,3321,21189,146
2022-05-18,Imperial,025,180216,56129,55915,11078,66993,918
2022-05-18,Inyo,027,18085,4143,4120,560,4680,56
2022-05-18,Kern,029,883053,194193,193338,47379,240717,2327
2022-05-18,Kings,031,150075,52117,51903,3662,55565,447
2022-05-18,Lake,033,64148,10914,10831,928,11759,137
2022-05-18,Lassen,035,31185,9013,8994,899,9893,65
2022-05-18,Los Angeles,037,10098052,2803439,2780354,131712,2912066,31789
2022-05-18,Madera,039,155013,37858,37644,6287,43931,365
2022-05-18,Marin,041,260295,36749,36024,3570,39594,293
2022-05-18,Mariposa,043,17540,2504,2481,220,2701,30
2022-05-18,Mendocino,045,87422,13525,13403,3362,16765,124
2022-05-18,Merced,047,269075,63205,62802,9071,71873,818
2022-05-18,Modoc,049,8938,750,748,255,1003,8
2022-05-18,Mono,051,14174,3023,3010,156,3166,6
2022-05-18,Monterey,053,433212,81603,80955,15235,96190,735
2022-05-18,Napa,055,140530,27195,26912,1104,28016,143
2022-05-18,Nevada,057,99092,16484,16361,1289,17650,127
2022-05-18,Orange,059,3164182,564305,560094,44402,604496,7021
2022-05-18,Placer,061,380077,65195,64432,7787,72219,626
2022-05-18,Plumas,063,18699,3072,3022,374,3396,13
2022-05-18,Riverside,065,2383286,603848,599947,29230,629177,6471
2022-05-18,Sacramento,067,1510023,291337,288335,28693,317028,3022
2022-05-18,San Benito,069,59416,13265,13186,548,13734,98
2022-05-18,San Bernardino,071,2135413,578269,573790,25718,599508,7455
2022-05-18,San Diego,073,3302833,777882,773934,55087,829021,5277
2022-05-18,San Francisco,075,870044,140302,137341,9362,146703,869
2022-05-18,San Joaquin,077,732212,170371,169045,10976,180021,2236
2022-05-18,San Luis Obispo,079,281455,54177,53756,4268,58024,478
2022-05-18,San Mateo,081,765935,133700,131330,8140,139470,709
2022-05-18,Santa Barbara,083,443738,89188,88317,5020,93337,693
2022-05-18,Santa Clara,085,1922200,339066,333230,14171,347401,2300
2022-05-18,Santa Cruz,087,273765,51536,51020,2358,53378,263
2022-05-18,Shasta,089,179085,31051,30899,6221,37120,558
2022-05-18,Sierra,091,2930,277,275,54,329,4
2022-05-18,Siskiyou,093,43540,4514,4495,2821,7316,81
2022-05-18,Solano,095,438530,85692,84476,5963,90439,451
2022-05-18,Sonoma,097,501317,89581,88195,3374,91569,489
2022-05-18,Stanislaus,099,539301,119741,119025,18031,137056,1645
2022-05-18,Sutter,101,95872,20834,20763,2201,22964,226
2022-05-18,Tehama,103,63373,12177,12133,2673,14806,201
2022-05-18,Trinity,105,12862,1196,1189,297,1486,20
2022-05-18,Tulare,107,460477,107668,107292,29370,136662,1477
2022-05-18,Tuolumne,109,53932,13072,12917,595,13512,182
2022-05-18,Ventura,111,848112,178849,177233,10293,187526,1497
2022-05-18,Yolo,113,214977,39038,38139,3440,41579,316
2022-05-18,Yuba,115,75493,16219,16109,1301,17410,122
2022-05-17,Alameda,001,1643700,276066,272530,15481,288011,1859
2022-05-17,Alpine,003,1148,126,126,1,127,0
2022-05-17,Amador,005,37829,8685,8592,676,9268,86
2022-05-17,Butte,007,227075,33670,33486,6901,40387,426
2022-05-17,Calaveras,009,45235,7441,7400,386,7786,120
2022-05-17,Colusa,011,21464,3469,3467,1084,4551,21
2022-05-17,Contra Costa,013,1133247,200680,198207,14431,212638,1303
2022-05-17,Del Norte,015,27424,6112,6001,222,6223,50
2022-05-17,El Dorado,017,186661,27608,27388,3363,30751,212
2022-05-17,Fresno,019,978130,234897,234055,24538,258593,2759
2022-05-17,Glenn,021,27897,5023,5012,1634,6646,48
2022-05-17,Humboldt,023,135768,18079,17868,3306,21174,146
2022-05-17,Imperial,025,180216,56084,55915,11066,66981,918
2022-05-17,Inyo,027,18085,4141,4120,551,4671,56
2022-05-17,Kern,029,883053,194035,193338,47321,240659,2327
2022-05-17,Kings,031,150075,52074,51903,3658,55561,447
2022-05-17,Lake,033,64148,10899,10831,926,11757,137
2022-05-17,Lassen,035,31185,9008,8994,898,9892,65
2022-05-17,Los Angeles,037,10098052,2798927,2780354,131411,2911765,31789
2022-05-17,Madera,039,155013,37832,37644,6272,43916,365
2022-05-17,Marin,041,260295,36616,36024,3507,39531,293
2022-05-17,Mariposa,043,17540,2499,2481,219,2700,30
2022-05-17,Mendocino,045,87422,13499,13403,3353,16756,124
2022-05-17,Merced,047,269075,63140,62802,9052,71854,818
2022-05-17,Modoc,049,8938,750,748,255,1003,8
2022-05-17,Mono,051,14174,3017,3010,154,3164,6
2022-05-17,Monterey,053,433212,81488,80955,15163,96118,735
2022-05-17,Napa,055,140530,27147,26912,1096,28008,143
2022-05-17,Nevada,057,99092,16456,16361,1283,17644,127
2022-05-17,Orange,059,3164182,563405,560094,44259,604353,7021
2022-05-17,Placer,061,380077,65036,64432,7755,72187,626
2022-05-17,Plumas,063,18699,3066,3022,373,3395,13
2022-05-17,Riverside,065,2383286,603167,599947,29183,629130,6471
2022-05-17,Sacramento,067,1510023,290708,288335,28577,316912,3022
2022-05-17,San Benito,069,59416,13229,13186,548,13734,98
2022-05-17,San Bernardino,071,2135413,577788,573790,25704,599494,7455
2022-05-17,San Diego,073,3302833,776376,773934,54945,828879,5277
2022-05-17,San Francisco,075,870044,139722,137341,9332,146673,869
2022-05-17,San Joaquin,077,732212,170130,169045,10942,179987,2236
2022-05-17,San Luis Obispo,079,281455,54084,53756,4221,57977,478
2022-05-17,San Mateo,081,765935,133208,131330,8101,139431,709
2022-05-17,Santa Barbara,083,443738,88990,88317,5006,93323,693
2022-05-17,Santa Clara,085,1922200,337885,333230,14088,347318,2300
2022-05-17,Santa Cruz,087,273765,51459,51020,2350,53370,263
2022-05-17,Shasta,089,179085,31014,30899,6216,37115,558
2022-05-17,Sierra,091,2930,277,275,54,329,4
2022-05-17,Siskiyou,093,43540,4512,4495,2819,7314,81
2022-05-17,Solano,095,438530,85424,84476,5936,90412,451
2022-05-17,Sonoma,097,501317,89337,88195,3329,91524,489
2022-05-17,Stanislaus,099,539301,119593,119025,18005,137030,1645
2022-05-17,Sutter,101,95872,20814,20763,2198,22961,226
2022-05-17,Tehama,103,63373,12164,12133,2669,14802,201
2022-05-17,Trinity,105,12862,1195,1189,297,1486,20
2022-05-17,Tulare,107,460477,107575,107292,29326,136618,1477
2022-05-17,Tuolumne,109,53932,13057,12917,595,13512,182
2022-05-17,Ventura,111,848112,178527,177233,10251,187484,1497
2022-05-17,Yolo,113,214977,38938,38139,3433,41572,316
2022-05-17,Yuba,115,75493,16195,16109,1299,17408,122
2022-05-16,Alameda,001,1643700,275063,272530,15408,287938,1859
2022-05-16,Alpine,003,1148,126,126,1,127,0
2022-05-16,Amador,005,37829,8675,8592,675,9267,86
2022-05-16,Butte,007,227075,33614,33486,6890,40376,426
2022-05-16,Calaveras,009,45235,7434,7400,384,7784,120
2022-05-16,Colusa,011,21464,3468,3467,1084,4551,21
2022-05-16,Contra Costa,013,1133247,200043,198207,14371,212578,1303
2022-05-16,Del Norte,015,27424,6099,6001,219,6220,50
2022-05-16,El Dorado,017,186661,27552,27388,3356,30744,212
2022-05-16,Fresno,019,978130,234638,234055,24509,258564,2759
2022-05-16,Glenn,021,27897,5019,5012,1631,6643,48
2022-05-16,Humboldt,023,135768,18034,17868,3296,21164,146
2022-05-16,Imperial,025,180216,56018,55915,11054,66969,918
2022-05-16,Inyo,027,18085,4137,4120,548,4668,56
2022-05-16,Kern,029,883053,193880,193338,47251,240589,2327
2022-05-16,Kings,031,150075,52024,51903,3657,55560,447
2022-05-16,Lake,033,64148,10893,10831,925,11756,137
2022-05-16,Lassen,035,31185,9003,8994,895,9889,65
2022-05-16,Los Angeles,037,10098052,2794511,2780354,131133,2911487,31789
2022-05-16,Madera,039,155013,37800,37644,6261,43905,365
2022-05-16,Marin,041,260295,36452,36024,3457,39481,293
2022-05-16,Mariposa,043,17540,2498,2481,218,2699,30
2022-05-16,Mendocino,045,87422,13473,13403,3341,16744,124
2022-05-16,Merced,047,269075,63070,62802,9021,71823,818
2022-05-16,Modoc,049,8938,750,748,255,1003,8
2022-05-16,Mono,051,14174,3015,3010,152,3162,6
2022-05-16,Monterey,053,433212,81377,80955,15074,96029,735
2022-05-16,Napa,055,140530,27095,26912,1093,28005,143
2022-05-16,Nevada,057,99092,16437,16361,1277,17638,127
2022-05-16,Orange,059,3164182,562544,560094,44127,604221,7021
2022-05-16,Placer,061,380077,64928,64432,7728,72160,626
2022-05-16,Plumas,063,18699,3056,3022,373,3395,13
2022-05-16,Riverside,065,2383286,602452,599947,29130,629077,6471
2022-05-16,Sacramento,067,1510023,290047,288335,28478,316813,3022
2022-05-16,San Benito,069,59416,13211,13186,543,13729,98
2022-05-16,San Bernardino,071,2135413,577329,573790,25675,599465,7455
2022-05-16,San Diego,073,3302833,774846,773934,54794,828728,5277
2022-05-16,San Francisco,075,870044,139016,137341,9300,146641,869
2022-05-16,San Joaquin,077,732212,169854,169045,10735,179780,2236
2022-05-16,San Luis Obispo,079,281455,53981,53756,4190,57946,478
2022-05-16,San Mateo,081,765935,132667,131330,8054,139384,709
2022-05-16,Santa Barbara,083,443738,88847,88317,4997,93314,693
2022-05-16,Santa Clara,085,1922200,336561,333230,14010,347240,2300
2022-05-16,Santa Cruz,087,273765,51383,51020,2337,53357,263
2022-05-16,Shasta,089,179085,30981,30899,6207,37106,558
2022-05-16,Sierra,091,2930,277,275,53,328,4
2022-05-16,Siskiyou,093,43540,4509,4495,2811,7306,81
2022-05-16,Solano,095,438530,85183,84476,5913,90389,451
2022-05-16,Sonoma,097,501317,89038,88195,3296,91491,489
2022-05-16,Stanislaus,099,539301,119447,119025,17970,136995,1645
2022-05-16,Sutter,101,95872,20800,20763,2193,22956,226
2022-05-16,Tehama,103,63373,12156,12133,2666,14799,201
2022-05-16,Trinity,105,12862,1194,1189,297,1486,20
2022-05-16,Tulare,107,460477,107500,107292,29270,136562,1477
2022-05-16,Tuolumne,109,53932,13025,12917,593,13510,182
2022-05-16,Ventura,111,848112,178193,177233,10197,187430,1497
2022-05-16,Yolo,113,214977,38834,38139,3424,41563,316
2022-05-16,Yuba,115,75493,16168,16109,1296,17405,122
2022-05-15,Alameda,001,1643700,274003,268944,15343,284287,1857
2022-05-15,Alpine,003,1148,126,125,1,126,0
2022-05-15,Amador,005,37829,8659,8574,674,9248,86
2022-05-15,Butte,007,227075,33560,33377,6868,40245,424
2022-05-15,Calaveras,009,45235,7415,7378,382,7760,120
2022-05-15,Colusa,011,21464,3465,3463,1082,4545,21
2022-05-15,Contra Costa,013,1133247,199285,195925,14301,210226,1301
2022-05-15,Del Norte,015,27424,6027,5919,217,6136,50
2022-05-15,El Dorado,017,186661,27491,27216,3344,30560,212
2022-05-15,Fresno,019,978130,234372,233305,24478,257783,2757
2022-05-15,Glenn,021,27897,5016,5004,1630,6634,48
2022-05-15,Humboldt,023,135768,17984,17633,3261,20894,146
2022-05-15,Imperial,025,180216,55982,55756,11031,66787,917
2022-05-15,Inyo,027,18085,4133,4114,543,4657,56
2022-05-15,Kern,029,883053,193703,192939,47170,240109,2314
2022-05-15,Kings,031,150075,51965,51779,3652,55431,447
2022-05-15,Lake,033,64148,10875,10790,922,11712,137
2022-05-15,Lassen,035,31185,8995,8987,894,9881,65
2022-05-15,Los Angeles,037,10098052,2789944,2768726,130756,2899482,31768
2022-05-15,Madera,039,155013,37758,37520,6246,43766,365
2022-05-15,Marin,041,260295,36281,35486,3417,38903,293
2022-05-15,Mariposa,043,17540,2493,2463,217,2680,30
2022-05-15,Mendocino,045,87422,13454,13349,3314,16663,124
2022-05-15,Merced,047,269075,62985,62627,8975,71602,818
2022-05-15,Modoc,049,8938,749,747,255,1002,8
2022-05-15,Mono,051,14174,3013,3002,151,3153,6
2022-05-15,Monterey,053,433212,81267,80620,14982,95602,735
2022-05-15,Napa,055,140530,27043,26698,1089,27787,143
2022-05-15,Nevada,057,99092,16407,16240,1275,17515,127
2022-05-15,Orange,059,3164182,561598,557134,43984,601118,7017
2022-05-15,Placer,061,380077,64748,63963,7704,71667,626
2022-05-15,Plumas,063,18699,3050,3006,373,3379,13
2022-05-15,Riverside,065,2383286,601735,597914,29060,626974,6471
2022-05-15,Sacramento,067,1510023,289330,286403,28338,314741,3022
2022-05-15,San Benito,069,59416,13186,13106,541,13647,98
2022-05-15,San Bernardino,071,2135413,576785,572057,25646,597703,7423
2022-05-15,San Diego,073,3302833,773352,770323,54613,824936,5271
2022-05-15,San Francisco,075,870044,138298,134916,9263,144179,866
2022-05-15,San Joaquin,077,732212,169612,168174,10660,178834,2236
2022-05-15,San Luis Obispo,079,281455,53854,53502,4145,57647,478
2022-05-15,San Mateo,081,765935,132136,129480,7987,137467,709
2022-05-15,Santa Barbara,083,443738,88616,87773,4965,92738,693
2022-05-15,Santa Clara,085,1922200,335143,328609,13924,342533,2297
2022-05-15,Santa Cruz,087,273765,51279,50268,2322,52590,263
2022-05-15,Shasta,089,179085,30940,30799,6201,37000,557
2022-05-15,Sierra,091,2930,277,275,53,328,4
2022-05-15,Siskiyou,093,43540,4507,4482,2808,7290,81
2022-05-15,Solano,095,438530,84885,83669,5883,89552,451
2022-05-15,Sonoma,097,501317,88714,87070,3271,90341,488
2022-05-15,Stanislaus,099,539301,119278,118586,17938,136524,1645
2022-05-15,Sutter,101,95872,20773,20690,2187,22877,226
2022-05-15,Tehama,103,63373,12138,12115,2660,14775,201
2022-05-15,Trinity,105,12862,1193,1188,297,1485,20
2022-05-15,Tulare,107,460477,107401,107077,29213,136290,1469
2022-05-15,Tuolumne,109,53932,12974,12851,592,13443,182
2022-05-15,Ventura,111,848112,177850,176317,10151,186468,1497
2022-05-15,Yolo,113,214977,38744,37737,3411,41148,316
2022-05-15,Yuba,115,75493,16134,16028,1286,17314,122
2022-05-14,Alameda,001,1643700,273589,268944,15324,284268,1857
2022-05-14,Alpine,003,1148,125,125,1,126,0
2022-05-14,Amador,005,37829,8653,8574,674,9248,86
2022-05-14,Butte,007,227075,33541,33377,6862,40239,424
2022-05-14,Calaveras,009,45235,7413,7378,382,7760,120
2022-05-14,Colusa,011,21464,3465,3463,1082,4545,21
2022-05-14,Contra Costa,013,1133247,198917,195925,14288,210213,1301
2022-05-14,Del Norte,015,27424,6021,5919,215,6134,50
2022-05-14,El Dorado,017,186661,27461,27216,3338,30554,212
2022-05-14,Fresno,019,978130,234248,233305,24471,257776,2757
2022-05-14,Glenn,021,27897,5015,5004,1627,6631,48
2022-05-14,Humboldt,023,135768,17958,17633,3255,20888,146
2022-05-14,Imperial,025,180216,55951,55756,11026,66782,917
2022-05-14,Inyo,027,18085,4128,4114,543,4657,56
2022-05-14,Kern,029,883053,193630,192939,47124,240063,2314
2022-05-14,Kings,031,150075,51938,51779,3652,55431,447
2022-05-14,Lake,033,64148,10865,10790,917,11707,137
2022-05-14,Lassen,035,31185,8993,8987,894,9881,65
2022-05-14,Los Angeles,037,10098052,2788039,2768726,130537,2899263,31768
2022-05-14,Madera,039,155013,37744,37520,6246,43766,365
2022-05-14,Marin,041,260295,36175,35486,3366,38852,293
2022-05-14,Mariposa,043,17540,2492,2463,217,2680,30
2022-05-14,Mendocino,045,87422,13444,13349,3312,16661,124
2022-05-14,Merced,047,269075,62951,62627,8971,71598,818
2022-05-14,Modoc,049,8938,748,747,255,1002,8
2022-05-14,Mono,051,14174,3013,3002,150,3152,6
2022-05-14,Monterey,053,433212,81203,80620,14927,95547,735
2022-05-14,Napa,055,140530,27020,26698,1082,27780,143
2022-05-14,Nevada,057,99092,16392,16240,1274,17514,127
2022-05-14,Orange,059,3164182,561152,557134,43891,601025,7017
2022-05-14,Placer,061,380077,64643,63963,7683,71646,626
2022-05-14,Plumas,063,18699,3046,3006,373,3379,13
2022-05-14,Riverside,065,2383286,601328,597914,29033,626947,6471
2022-05-14,Sacramento,067,1510023,289059,286403,28318,314721,3022
2022-05-14,San Benito,069,59416,13175,13106,539,13645,98
2022-05-14,San Bernardino,071,2135413,576510,572057,25634,597691,7423
2022-05-14,San Diego,073,3302833,772759,770323,54568,824891,5271
2022-05-14,San Francisco,075,870044,137937,134916,9240,144156,866
2022-05-14,San Joaquin,077,732212,169473,168174,10645,178819,2236
2022-05-14,San Luis Obispo,079,281455,53827,53502,4142,57644,478
2022-05-14,San Mateo,081,765935,131811,129480,7968,137448,709
2022-05-14,Santa Barbara,083,443738,88509,87773,4965,92738,693
2022-05-14,Santa Clara,085,1922200,334312,328609,13882,342491,2297
2022-05-14,Santa Cruz,087,273765,51232,50268,2312,52580,263
2022-05-14,Shasta,089,179085,30935,30799,6200,36999,557
2022-05-14,Sierra,091,2930,277,275,53,328,4
2022-05-14,Siskiyou,093,43540,4504,4482,2806,7288,81
2022-05-14,Solano,095,438530,84825,83669,5871,89540,451
2022-05-14,Sonoma,097,501317,88569,87070,3262,90332,488
2022-05-14,Stanislaus,099,539301,119194,118586,17927,136513,1645
2022-05-14,Sutter,101,95872,20765,20690,2186,22876,226
2022-05-14,Tehama,103,63373,12132,12115,2659,14774,201
2022-05-14,Trinity,105,12862,1193,1188,297,1485,20
2022-05-14,Tulare,107,460477,107356,107077,29181,136258,1469
2022-05-14,Tuolumne,109,53932,12962,12851,592,13443,182
2022-05-14,Ventura,111,848112,177688,176317,10129,186446,1497
2022-05-14,Yolo,113,214977,38691,37737,3404,41141,316
2022-05-14,Yuba,115,75493,16127,16028,1285,17313,122
2022-05-13,Alameda,001,1643700,273115,268944,15302,284246,1857
2022-05-13,Alpine,003,1148,125,125,1,126,0
2022-05-13,Amador,005,37829,8648,8574,674,9248,86
2022-05-13,Butte,007,227075,33524,33377,6859,40236,424
2022-05-13,Calaveras,009,45235,7409,7378,382,7760,120
2022-05-13,Colusa,011,21464,3464,3463,1082,4545,21
2022-05-13,Contra Costa,013,1133247,198578,195925,14267,210192,1301
2022-05-13,Del Norte,015,27424,6018,5919,215,6134,50
2022-05-13,El Dorado,017,186661,27433,27216,3338,30554,212
2022-05-13,Fresno,019,978130,234140,233305,24463,257768,2757
2022-05-13,Glenn,021,27897,5013,5004,1626,6630,48
2022-05-13,Humboldt,023,135768,17934,17633,3252,20885,146
2022-05-13,Imperial,025,180216,55932,55756,11025,66781,917
2022-05-13,Inyo,027,18085,4128,4114,542,4656,56
2022-05-13,Kern,029,883053,193556,192939,47093,240032,2314
2022-05-13,Kings,031,150075,51914,51779,3652,55431,447
2022-05-13,Lake,033,64148,10862,10790,917,11707,137
2022-05-13,Lassen,035,31185,8992,8987,894,9881,65
2022-05-13,Los Angeles,037,10098052,2786117,2768726,130353,2899079,31768
2022-05-13,Madera,039,155013,37723,37520,6244,43764,365
2022-05-13,Marin,041,260295,36072,35486,3322,38808,293
2022-05-13,Mariposa,043,17540,2490,2463,217,2680,30
2022-05-13,Mendocino,045,87422,13430,13349,3307,16656,124
2022-05-13,Merced,047,269075,62916,62627,8963,71590,818
2022-05-13,Modoc,049,8938,748,747,255,1002,8
2022-05-13,Mono,051,14174,3012,3002,149,3151,6
2022-05-13,Monterey,053,433212,81146,80620,14886,95506,735
2022-05-13,Napa,055,140530,26984,26698,1080,27778,143
2022-05-13,Nevada,057,99092,16377,16240,1273,17513,127
2022-05-13,Orange,059,3164182,560687,557134,43819,600953,7017
2022-05-13,Placer,061,380077,64565,63963,7673,71636,626
2022-05-13,Plumas,063,18699,3039,3006,373,3379,13
2022-05-13,Riverside,065,2383286,600940,597914,29002,626916,6471
2022-05-13,Sacramento,067,1510023,288719,286403,28299,314702,3022
2022-05-13,San Benito,069,59416,13171,13106,539,13645,98
2022-05-13,San Bernardino,071,2135413,576276,572057,25624,597681,7423
2022-05-13,San Diego,073,3302833,772124,770323,54514,824837,5271
2022-05-13,San Francisco,075,870044,137583,134916,9220,144136,866
2022-05-13,San Joaquin,077,732212,169354,168174,10633,178807,2236
2022-05-13,San Luis Obispo,079,281455,53791,53502,4138,57640,478
2022-05-13,San Mateo,081,765935,131523,129480,7947,137427,709
2022-05-13,Santa Barbara,083,443738,88416,87773,4962,92735,693
2022-05-13,Santa Clara,085,1922200,333512,328609,13850,342459,2297
2022-05-13,Santa Cruz,087,273765,51145,50268,2304,52572,263
2022-05-13,Shasta,089,179085,30932,30799,6200,36999,557
2022-05-13,Sierra,091,2930,276,275,50,325,4
2022-05-13,Siskiyou,093,43540,4503,4482,2805,7287,81
2022-05-13,Solano,095,438530,84702,83669,5865,89534,451
2022-05-13,Sonoma,097,501317,88393,87070,3252,90322,488
2022-05-13,Stanislaus,099,539301,119098,118586,17918,136504,1645
2022-05-13,Sutter,101,95872,20753,20690,2185,22875,226
2022-05-13,Tehama,103,63373,12130,12115,2657,14772,201
2022-05-13,Trinity,105,12862,1192,1188,297,1485,20
2022-05-13,Tulare,107,460477,107311,107077,29142,136219,1469
2022-05-13,Tuolumne,109,53932,12946,12851,592,13443,182
2022-05-13,Ventura,111,848112,177512,176317,10117,186434,1497
2022-05-13,Yolo,113,214977,38629,37737,3400,41137,316
2022-05-13,Yuba,115,75493,16114,16028,1282,17310,122
2022-05-12,Alameda,001,1643700,272371,268944,15252,284196,1857
2022-05-12,Alpine,003,1148,125,125,1,126,0
2022-05-12,Amador,005,37829,8639,8574,674,9248,86
2022-05-12,Butte,007,227075,33499,33377,6849,40226,424
2022-05-12,Calaveras,009,45235,7405,7378,382,7760,120
2022-05-12,Colusa,011,21464,3464,3463,1081,4544,21
2022-05-12,Contra Costa,013,1133247,198057,195925,14211,210136,1301
2022-05-12,Del Norte,015,27424,6001,5919,213,6132,50
2022-05-12,El Dorado,017,186661,27392,27216,3329,30545,212
2022-05-12,Fresno,019,978130,233991,233305,24449,257754,2757
2022-05-12,Glenn,021,27897,5009,5004,1626,6630,48
2022-05-12,Humboldt,023,135768,17890,17633,3238,20871,146
2022-05-12,Imperial,025,180216,55905,55756,11010,66766,917
2022-05-12,Inyo,027,18085,4124,4114,537,4651,56
2022-05-12,Kern,029,883053,193490,192939,47043,239982,2314
2022-05-12,Kings,031,150075,51892,51779,3649,55428,447
2022-05-12,Lake,033,64148,10844,10790,912,11702,137
2022-05-12,Lassen,035,31185,8991,8987,893,9880,65
2022-05-12,Los Angeles,037,10098052,2782925,2768726,130095,2898821,31768
2022-05-12,Madera,039,155013,37697,37520,6236,43756,365
2022-05-12,Marin,041,260295,35972,35486,3300,38786,293
2022-05-12,Mariposa,043,17540,2485,2463,217,2680,30
2022-05-12,Mendocino,045,87422,13413,13349,3294,16643,124
2022-05-12,Merced,047,269075,62883,62627,8948,71575,818
2022-05-12,Modoc,049,8938,747,747,255,1002,8
2022-05-12,Mono,051,14174,3012,3002,149,3151,6
2022-05-12,Monterey,053,433212,81087,80620,14835,95455,735
2022-05-12,Napa,055,140530,26938,26698,1078,27776,143
2022-05-12,Nevada,057,99092,16355,16240,1272,17512,127
2022-05-12,Orange,059,3164182,560047,557134,43708,600842,7017
2022-05-12,Placer,061,380077,64467,63963,7656,71619,626
2022-05-12,Plumas,063,18699,3033,3006,373,3379,13
2022-05-12,Riverside,065,2383286,600483,597914,28967,626881,6471
2022-05-12,Sacramento,067,1510023,288263,286403,28230,314633,3022
2022-05-12,San Benito,069,59416,13156,13106,537,13643,98
2022-05-12,San Bernardino,071,2135413,575934,572057,25605,597662,7423
2022-05-12,San Diego,073,3302833,771172,770323,54443,824766,5271
2022-05-12,San Francisco,075,870044,137202,134916,9178,144094,866
2022-05-12,San Joaquin,077,732212,169175,168174,10597,178771,2236
2022-05-12,San Luis Obispo,079,281455,53732,53502,4108,57610,478
2022-05-12,San Mateo,081,765935,131116,129480,7897,137377,709
2022-05-12,Santa Barbara,083,443738,88310,87773,4955,92728,693
2022-05-12,Santa Clara,085,1922200,332533,328609,13758,342367,2297
2022-05-12,Santa Cruz,087,273765,51001,50268,2300,52568,263
2022-05-12,Shasta,089,179085,30919,30799,6197,36996,557
2022-05-12,Sierra,091,2930,275,275,50,325,4
2022-05-12,Siskiyou,093,43540,4498,4482,2803,7285,81
2022-05-12,Solano,095,438530,84500,83669,5852,89521,451
2022-05-12,Sonoma,097,501317,88176,87070,3228,90298,488
2022-05-12,Stanislaus,099,539301,118997,118586,17891,136477,1645
2022-05-12,Sutter,101,95872,20737,20690,2184,22874,226
2022-05-12,Tehama,103,63373,12123,12115,2655,14770,201
2022-05-12,Trinity,105,12862,1191,1188,296,1484,20
2022-05-12,Tulare,107,460477,107260,107077,29084,136161,1469
2022-05-12,Tuolumne,109,53932,12926,12851,592,13443,182
2022-05-12,Ventura,111,848112,177282,176317,10084,186401,1497
2022-05-12,Yolo,113,214977,38522,37737,3389,41126,316
2022-05-12,Yuba,115,75493,16098,16028,1278,17306,122
2022-05-11,Alameda,001,1643700,271663,267982,15202,283184,1853
2022-05-11,Alpine,003,1148,125,125,1,126,0
2022-05-11,Amador,005,37829,8632,8564,674,9238,86
2022-05-11,Butte,007,227075,33466,33339,6844,40183,423
2022-05-11,Calaveras,009,45235,7400,7368,378,7746,120
2022-05-11,Colusa,011,21464,3463,3462,1081,4543,21
2022-05-11,Contra Costa,013,1133247,197545,195153,14165,209318,1302
2022-05-11,Del Norte,015,27424,5991,5911,213,6124,50
2022-05-11,El Dorado,017,186661,27356,27172,3326,30498,212
2022-05-11,Fresno,019,978130,233826,233021,24426,257447,2754
2022-05-11,Glenn,021,27897,5009,5001,1625,6626,48
2022-05-11,Humboldt,023,135768,17848,17585,3225,20810,146
2022-05-11,Imperial,025,180216,55878,55751,10999,66750,917
2022-05-11,Inyo,027,18085,4123,4093,536,4629,56
2022-05-11,Kern,029,883053,193395,192795,46995,239790,2292
2022-05-11,Kings,031,150075,51864,51752,3647,55399,447
2022-05-11,Lake,033,64148,10831,10786,911,11697,137
2022-05-11,Lassen,035,31185,8990,8984,892,9876,65
2022-05-11,Los Angeles,037,10098052,2779806,2761410,129868,2891278,31747
2022-05-11,Madera,039,155013,37664,37496,6226,43722,365
2022-05-11,Marin,041,260295,35871,35336,3259,38595,292
2022-05-11,Mariposa,043,17540,2480,2461,217,2678,30
2022-05-11,Mendocino,045,87422,13398,13320,3278,16598,124
2022-05-11,Merced,047,269075,62842,62567,8930,71497,818
2022-05-11,Modoc,049,8938,746,747,255,1002,8
2022-05-11,Mono,051,14174,3012,2999,148,3147,6
2022-05-11,Monterey,053,433212,81024,80534,14782,95316,733
2022-05-11,Napa,055,140530,26887,26660,1076,27736,143
2022-05-11,Nevada,057,99092,16339,16230,1269,17499,127
2022-05-11,Orange,059,3164182,559374,556265,43625,599890,7009
2022-05-11,Placer,061,380077,64369,63823,7642,71465,625
2022-05-11,Plumas,063,18699,3025,2998,373,3371,13
2022-05-11,Riverside,065,2383286,600032,597302,28934,626236,6468
2022-05-11,Sacramento,067,1510023,287852,285799,28178,313977,3020
2022-05-11,San Benito,069,59416,13135,13088,537,13625,98
2022-05-11,San Bernardino,071,2135413,575573,571372,25596,596968,7354
2022-05-11,San Diego,073,3302833,770190,768135,54343,822478,5257
2022-05-11,San Francisco,075,870044,136705,134027,9145,143172,864
2022-05-11,San Joaquin,077,732212,168999,167949,10571,178520,2233
2022-05-11,San Luis Obispo,079,281455,53685,53420,4090,57510,478
2022-05-11,San Mateo,081,765935,130721,128821,7862,136683,711
2022-05-11,Santa Barbara,083,443738,88181,87593,4944,92537,693
2022-05-11,Santa Clara,085,1922200,331529,327177,13709,340886,2294
2022-05-11,Santa Cruz,087,273765,50843,50031,2288,52319,263
2022-05-11,Shasta,089,179085,30887,30768,6194,36962,564
2022-05-11,Sierra,091,2930,275,275,50,325,4
2022-05-11,Siskiyou,093,43540,4496,4478,2803,7281,81
2022-05-11,Solano,095,438530,84314,83464,5840,89304,450
2022-05-11,Sonoma,097,501317,87968,86798,3216,90014,488
2022-05-11,Stanislaus,099,539301,118898,118445,17873,136318,1644
2022-05-11,Sutter,101,95872,20722,20668,2184,22852,225
2022-05-11,Tehama,103,63373,12123,12106,2654,14760,201
2022-05-11,Trinity,105,12862,1189,1188,296,1484,20
2022-05-11,Tulare,107,460477,107204,107068,29050,136118,1468
2022-05-11,Tuolumne,109,53932,12907,12829,592,13421,181
2022-05-11,Ventura,111,848112,177085,175955,10051,186006,1491
2022-05-11,Yolo,113,214977,38417,37654,3386,41040,316
2022-05-11,Yuba,115,75493,16079,15997,1269,17266,122
2022-05-10,Alameda,001,1643700,270888,267982,15152,283134,1853
2022-05-10,Alpine,003,1148,125,125,1,126,0
2022-05-10,Amador,005,37829,8629,8564,673,9237,86
2022-05-10,Butte,007,227075,33442,33339,6841,40180,423
2022-05-10,Calaveras,009,45235,7396,7368,376,7744,120
2022-05-10,Colusa,011,21464,3463,3462,1080,4542,21
2022-05-10,Contra Costa,013,1133247,197064,195153,14130,209283,1302
2022-05-10,Del Norte,015,27424,5938,5911,213,6124,50
2022-05-10,El Dorado,017,186661,27319,27172,3322,30494,212
2022-05-10,Fresno,019,978130,233664,233021,24403,257424,2754
2022-05-10,Glenn,021,27897,5006,5001,1625,6626,48
2022-05-10,Humboldt,023,135768,17810,17585,3215,20800,146
2022-05-10,Imperial,025,180216,55843,55751,10980,66731,917
2022-05-10,Inyo,027,18085,4121,4093,529,4622,56
2022-05-10,Kern,029,883053,193292,192795,46955,239750,2292
2022-05-10,Kings,031,150075,51832,51752,3647,55399,447
2022-05-10,Lake,033,64148,10826,10786,911,11697,137
2022-05-10,Lassen,035,31185,8985,8984,892,9876,65
2022-05-10,Los Angeles,037,10098052,2776520,2761410,129641,2891051,31747
2022-05-10,Madera,039,155013,37632,37496,6220,43716,365
2022-05-10,Marin,041,260295,35759,35336,3219,38555,292
2022-05-10,Mariposa,043,17540,2480,2461,217,2678,30
2022-05-10,Mendocino,045,87422,13386,13320,3265,16585,124
2022-05-10,Merced,047,269075,62795,62567,8911,71478,818
2022-05-10,Modoc,049,8938,746,747,255,1002,8
2022-05-10,Mono,051,14174,3008,2999,145,3144,6
2022-05-10,Monterey,053,433212,80957,80534,14738,95272,733
2022-05-10,Napa,055,140530,26849,26660,1074,27734,143
2022-05-10,Nevada,057,99092,16319,16230,1267,17497,127
2022-05-10,Orange,059,3164182,558665,556265,43531,599796,7009
2022-05-10,Placer,061,380077,64256,63823,7630,71453,625
2022-05-10,Plumas,063,18699,3017,2998,372,3370,13
2022-05-10,Riverside,065,2383286,599605,597302,28901,626203,6468
2022-05-10,Sacramento,067,1510023,287351,285799,28106,313905,3020
2022-05-10,San Benito,069,59416,13118,13088,532,13620,98
2022-05-10,San Bernardino,071,2135413,575222,571372,25571,596943,7354
2022-05-10,San Diego,073,3302833,769171,768135,54236,822371,5257
2022-05-10,San Francisco,075,870044,136150,134027,9114,143141,864
2022-05-10,San Joaquin,077,732212,168841,167949,10506,178455,2233
2022-05-10,San Luis Obispo,079,281455,53609,53420,4063,57483,478
2022-05-10,San Mateo,081,765935,130345,128821,7824,136645,711
2022-05-10,Santa Barbara,083,443738,88065,87593,4930,92523,693
2022-05-10,Santa Clara,085,1922200,330501,327177,13625,340802,2294
2022-05-10,Santa Cruz,087,273765,50718,50031,2279,52310,263
2022-05-10,Shasta,089,179085,30867,30768,6193,36961,564
2022-05-10,Sierra,091,2930,275,275,49,324,4
2022-05-10,Siskiyou,093,43540,4492,4478,2803,7281,81
2022-05-10,Solano,095,438530,84130,83464,5821,89285,450
2022-05-10,Sonoma,097,501317,87727,86798,3178,89976,488
2022-05-10,Stanislaus,099,539301,118804,118445,17855,136300,1644
2022-05-10,Sutter,101,95872,20703,20668,2181,22849,225
2022-05-10,Tehama,103,63373,12120,12106,2647,14753,201
2022-05-10,Trinity,105,12862,1189,1188,296,1484,20
2022-05-10,Tulare,107,460477,107162,107068,29018,136086,1468
2022-05-10,Tuolumne,109,53932,12895,12829,592,13421,181
2022-05-10,Ventura,111,848112,176872,175955,10020,185975,1491
2022-05-10,Yolo,113,214977,38319,37654,3375,41029,316
2022-05-10,Yuba,115,75493,16058,15997,1266,17263,122
2022-05-09,Alameda,001,1643700,270121,267982,15110,283092,1853
2022-05-09,Alpine,003,1148,125,125,1,126,0
2022-05-09,Amador,005,37829,8622,8564,673,9237,86
2022-05-09,Butte,007,227075,33415,33339,6834,40173,423
2022-05-09,Calaveras,009,45235,7390,7368,376,7744,120
2022-05-09,Colusa,011,21464,3461,3462,1078,4540,21
2022-05-09,Contra Costa,013,1133247,196594,195153,14077,209230,1302
2022-05-09,Del Norte,015,27424,5929,5911,212,6123,50
2022-05-09,El Dorado,017,186661,27283,27172,3315,30487,212
2022-05-09,Fresno,019,978130,233506,233021,24381,257402,2754
2022-05-09,Glenn,021,27897,5004,5001,1623,6624,48
2022-05-09,Humboldt,023,135768,17759,17585,3197,20782,146
2022-05-09,Imperial,025,180216,55809,55751,10966,66717,917
2022-05-09,Inyo,027,18085,4118,4093,526,4619,56
2022-05-09,Kern,029,883053,193191,192795,46898,239693,2292
2022-05-09,Kings,031,150075,51801,51752,3646,55398,447
2022-05-09,Lake,033,64148,10819,10786,910,11696,137
2022-05-09,Lassen,035,31185,8983,8984,892,9876,65
2022-05-09,Los Angeles,037,10098052,2773166,2761410,129407,2890817,31747
2022-05-09,Madera,039,155013,37602,37496,6210,43706,365
2022-05-09,Marin,041,260295,35642,35336,3182,38518,292
2022-05-09,Mariposa,043,17540,2475,2461,217,2678,30
2022-05-09,Mendocino,045,87422,13375,13320,3256,16576,124
2022-05-09,Merced,047,269075,62754,62567,8895,71462,818
2022-05-09,Modoc,049,8938,746,747,255,1002,8
2022-05-09,Mono,051,14174,3006,2999,141,3140,6
2022-05-09,Monterey,053,433212,80862,80534,14691,95225,733
2022-05-09,Napa,055,140530,26799,26660,1073,27733,143
2022-05-09,Nevada,057,99092,16291,16230,1262,17492,127
2022-05-09,Orange,059,3164182,557999,556265,43445,599710,7009
2022-05-09,Placer,061,380077,64197,63823,7616,71439,625
2022-05-09,Plumas,063,18699,3008,2998,372,3370,13
2022-05-09,Riverside,065,2383286,599119,597302,28863,626165,6468
2022-05-09,Sacramento,067,1510023,286924,285799,28024,313823,3020
2022-05-09,San Benito,069,59416,13100,13088,532,13620,98
2022-05-09,San Bernardino,071,2135413,574893,571372,25557,596929,7354
2022-05-09,San Diego,073,3302833,768195,768135,54115,822250,5257
2022-05-09,San Francisco,075,870044,135601,134027,9089,143116,864
2022-05-09,San Joaquin,077,732212,168658,167949,10478,178427,2233
2022-05-09,San Luis Obispo,079,281455,53557,53420,4043,57463,478
2022-05-09,San Mateo,081,765935,129920,128821,7795,136616,711
2022-05-09,Santa Barbara,083,443738,87937,87593,4921,92514,693
2022-05-09,Santa Clara,085,1922200,329351,327177,13560,340737,2294
2022-05-09,Santa Cruz,087,273765,50580,50031,2274,52305,263
2022-05-09,Shasta,089,179085,30853,30768,6191,36959,564
2022-05-09,Sierra,091,2930,275,275,49,324,4
2022-05-09,Siskiyou,093,43540,4491,4478,2802,7280,81
2022-05-09,Solano,095,438530,83975,83464,5808,89272,450
2022-05-09,Sonoma,097,501317,87467,86798,3152,89950,488
2022-05-09,Stanislaus,099,539301,118707,118445,17840,136285,1644
2022-05-09,Sutter,101,95872,20690,20668,2180,22848,225
2022-05-09,Tehama,103,63373,12118,12106,2645,14751,201
2022-05-09,Trinity,105,12862,1189,1188,296,1484,20
2022-05-09,Tulare,107,460477,107114,107068,28978,136046,1468
2022-05-09,Tuolumne,109,53932,12887,12829,592,13421,181
2022-05-09,Ventura,111,848112,176654,175955,9983,185938,1491
2022-05-09,Yolo,113,214977,38213,37654,3365,41019,316
2022-05-09,Yuba,115,75493,16049,15997,1265,17262,122
2022-05-08,Alameda,001,1643700,269236,265198,15045,280243,1855
2022-05-08,Alpine,003,1148,125,125,1,126,0
2022-05-08,Amador,005,37829,8611,8556,672,9228,86
2022-05-08,Butte,007,227075,33392,33269,6824,40093,421
2022-05-08,Calaveras,009,45235,7383,7353,375,7728,120
2022-05-08,Colusa,011,21464,3460,3459,1077,4536,21
2022-05-08,Contra Costa,013,1133247,196083,193961,14017,207978,1302
2022-05-08,Del Norte,015,27424,5915,5884,212,6096,50
2022-05-08,El Dorado,017,186661,27245,27081,3310,30391,210
2022-05-08,Fresno,019,978130,233339,232655,24361,257016,2754
2022-05-08,Glenn,021,27897,5002,4996,1623,6619,48
2022-05-08,Humboldt,023,135768,17707,17410,3169,20579,146
2022-05-08,Imperial,025,180216,55776,55683,10953,66636,917
2022-05-08,Inyo,027,18085,4111,4087,525,4612,56
2022-05-08,Kern,029,883053,193097,192590,46852,239442,2287
2022-05-08,Kings,031,150075,51784,51702,3646,55348,447
2022-05-08,Lake,033,64148,10812,10766,910,11676,137
2022-05-08,Lassen,035,31185,8979,8978,892,9870,65
2022-05-08,Los Angeles,037,10098052,2769592,2751478,129117,2880595,31738
2022-05-08,Madera,039,155013,37582,37420,6192,43612,365
2022-05-08,Marin,041,260295,35518,34934,3134,38068,292
2022-05-08,Mariposa,043,17540,2468,2438,216,2654,30
2022-05-08,Mendocino,045,87422,13356,13270,3229,16499,124
2022-05-08,Merced,047,269075,62703,62471,8869,71340,818
2022-05-08,Modoc,049,8938,746,745,255,1000,8
2022-05-08,Mono,051,14174,3004,2997,138,3135,6
2022-05-08,Monterey,053,433212,80770,80246,14605,94851,733
2022-05-08,Napa,055,140530,26758,26524,1070,27594,143
2022-05-08,Nevada,057,99092,16267,16171,1260,17431,127
2022-05-08,Orange,059,3164182,557325,554411,43332,597743,7007
2022-05-08,Placer,061,380077,64080,63577,7591,71168,625
2022-05-08,Plumas,063,18699,3004,2996,372,3368,13
2022-05-08,Riverside,065,2383286,598631,596022,28825,624847,6467
2022-05-08,Sacramento,067,1510023,286419,284564,27948,312512,3016
2022-05-08,San Benito,069,59416,13085,13047,530,13577,98
2022-05-08,San Bernardino,071,2135413,574467,570381,25524,595905,7306
2022-05-08,San Diego,073,3302833,767171,765377,54017,819394,5244
2022-05-08,San Francisco,075,870044,134946,132659,9057,141716,861
2022-05-08,San Joaquin,077,732212,168472,167568,10430,177998,2229
2022-05-08,San Luis Obispo,079,281455,53487,53273,4022,57295,477
2022-05-08,San Mateo,081,765935,129458,127615,7749,135364,709
2022-05-08,Santa Barbara,083,443738,87803,87305,4912,92217,692
2022-05-08,Santa Clara,085,1922200,328272,324946,13493,338439,2287
2022-05-08,Santa Cruz,087,273765,50400,49605,2270,51875,262
2022-05-08,Shasta,089,179085,30825,30721,6187,36908,563
2022-05-08,Sierra,091,2930,275,275,49,324,4
2022-05-08,Siskiyou,093,43540,4488,4470,2796,7266,81
2022-05-08,Solano,095,438530,83804,83038,5784,88822,450
2022-05-08,Sonoma,097,501317,87246,86150,3119,89269,488
2022-05-08,Stanislaus,099,539301,118600,118235,17818,136053,1643
2022-05-08,Sutter,101,95872,20669,20694,2176,22870,225
2022-05-08,Tehama,103,63373,12112,12098,2642,14740,201
2022-05-08,Trinity,105,12862,1188,1180,296,1476,20
2022-05-08,Tulare,107,460477,107072,106987,28941,135928,1468
2022-05-08,Tuolumne,109,53932,12874,12793,590,13383,181
2022-05-08,Ventura,111,848112,176418,175454,9935,185389,1491
2022-05-08,Yolo,113,214977,38117,37456,3350,40806,315
2022-05-08,Yuba,115,75493,16027,15964,1261,17225,122
2022-05-07,Alameda,001,1643700,268865,265198,15029,280227,1855
2022-05-07,Alpine,003,1148,125,125,1,126,0
2022-05-07,Amador,005,37829,8609,8556,672,9228,86
2022-05-07,Butte,007,227075,33384,33269,6817,40086,421
2022-05-07,Calaveras,009,45235,7376,7353,375,7728,120
2022-05-07,Colusa,011,21464,3460,3459,1077,4536,21
2022-05-07,Contra Costa,013,1133247,195845,193961,14005,207966,1302
2022-05-07,Del Norte,015,27424,5913,5884,212,6096,50
2022-05-07,El Dorado,017,186661,27227,27081,3309,30390,210
2022-05-07,Fresno,019,978130,233284,232655,24354,257009,2754
2022-05-07,Glenn,021,27897,5001,4996,1623,6619,48
2022-05-07,Humboldt,023,135768,17678,17410,3163,20573,146
2022-05-07,Imperial,025,180216,55753,55683,10944,66627,917
2022-05-07,Inyo,027,18085,4108,4087,525,4612,56
2022-05-07,Kern,029,883053,193061,192590,46830,239420,2287
2022-05-07,Kings,031,150075,51773,51702,3646,55348,447
2022-05-07,Lake,033,64148,10808,10766,910,11676,137
2022-05-07,Lassen,035,31185,8979,8978,892,9870,65
2022-05-07,Los Angeles,037,10098052,2768002,2751478,128950,2880428,31738
2022-05-07,Madera,039,155013,37575,37420,6192,43612,365
2022-05-07,Marin,041,260295,35444,34934,3101,38035,292
2022-05-07,Mariposa,043,17540,2465,2438,216,2654,30
2022-05-07,Mendocino,045,87422,13347,13270,3226,16496,124
2022-05-07,Merced,047,269075,62690,62471,8868,71339,818
2022-05-07,Modoc,049,8938,746,745,255,1000,8
2022-05-07,Mono,051,14174,3003,2997,138,3135,6
2022-05-07,Monterey,053,433212,80710,80246,14580,94826,733
2022-05-07,Napa,055,140530,26728,26524,1069,27593,143
2022-05-07,Nevada,057,99092,16257,16171,1255,17426,127
2022-05-07,Orange,059,3164182,556996,554411,43277,597688,7007
2022-05-07,Placer,061,380077,64017,63577,7586,71163,625
2022-05-07,Plumas,063,18699,3004,2996,371,3367,13
2022-05-07,Riverside,065,2383286,598376,596022,28795,624817,6467
2022-05-07,Sacramento,067,1510023,286226,284564,27935,312499,3016
2022-05-07,San Benito,069,59416,13076,13047,530,13577,98
2022-05-07,San Bernardino,071,2135413,574256,570381,25519,595900,7306
2022-05-07,San Diego,073,3302833,766687,765377,53987,819364,5244
2022-05-07,San Francisco,075,870044,134612,132659,9037,141696,861
2022-05-07,San Joaquin,077,732212,168366,167568,10422,177990,2229
2022-05-07,San Luis Obispo,079,281455,53475,53273,4012,57285,477
2022-05-07,San Mateo,081,765935,129173,127615,7736,135351,709
2022-05-07,Santa Barbara,083,443738,87723,87305,4910,92215,692
2022-05-07,Santa Clara,085,1922200,327652,324946,13471,338417,2287
2022-05-07,Santa Cruz,087,273765,50347,49605,2259,51864,262
2022-05-07,Shasta,089,179085,30817,30721,6187,36908,563
2022-05-07,Sierra,091,2930,275,275,49,324,4
2022-05-07,Siskiyou,093,43540,4486,4470,2795,7265,81
2022-05-07,Solano,095,438530,83749,83038,5779,88817,450
2022-05-07,Sonoma,097,501317,87122,86150,3109,89259,488
2022-05-07,Stanislaus,099,539301,118553,118235,17811,136046,1643
2022-05-07,Sutter,101,95872,20660,20694,2176,22870,225
2022-05-07,Tehama,103,63373,12110,12098,2641,14739,201
2022-05-07,Trinity,105,12862,1188,1180,296,1476,20
2022-05-07,Tulare,107,460477,107048,106987,28928,135915,1468
2022-05-07,Tuolumne,109,53932,12867,12793,590,13383,181
2022-05-07,Ventura,111,848112,176308,175454,9908,185362,1491
2022-05-07,Yolo,113,214977,38072,37456,3348,40804,315
2022-05-07,Yuba,115,75493,16018,15964,1260,17224,122
2022-05-06,Alameda,001,1643700,268486,265198,15012,280210,1855
2022-05-06,Alpine,003,1148,125,125,1,126,0
2022-05-06,Amador,005,37829,8608,8556,671,9227,86
2022-05-06,Butte,007,227075,33375,33269,6815,40084,421
2022-05-06,Calaveras,009,45235,7373,7353,375,7728,120
2022-05-06,Colusa,011,21464,3460,3459,1077,4536,21
2022-05-06,Contra Costa,013,1133247,195619,193961,13993,207954,1302
2022-05-06,Del Norte,015,27424,5904,5884,212,6096,50
2022-05-06,El Dorado,017,186661,27202,27081,3307,30388,210
2022-05-06,Fresno,019,978130,233208,232655,24346,257001,2754
2022-05-06,Glenn,021,27897,5001,4996,1623,6619,48
2022-05-06,Humboldt,023,135768,17651,17410,3160,20570,146
2022-05-06,Imperial,025,180216,55742,55683,10939,66622,917
2022-05-06,Inyo,027,18085,4098,4087,522,4609,56
2022-05-06,Kern,029,883053,193009,192590,46804,239394,2287
2022-05-06,Kings,031,150075,51765,51702,3646,55348,447
2022-05-06,Lake,033,64148,10806,10766,910,11676,137
2022-05-06,Lassen,035,31185,8979,8978,892,9870,65
2022-05-06,Los Angeles,037,10098052,2766181,2751478,128815,2880293,31738
2022-05-06,Madera,039,155013,37561,37420,6189,43609,365
2022-05-06,Marin,041,260295,35367,34934,3053,37987,292
2022-05-06,Mariposa,043,17540,2464,2438,211,2649,30
2022-05-06,Mendocino,045,87422,13335,13270,3224,16494,124
2022-05-06,Merced,047,269075,62672,62471,8867,71338,818
2022-05-06,Modoc,049,8938,746,745,255,1000,8
2022-05-06,Mono,051,14174,3002,2997,138,3135,6
2022-05-06,Monterey,053,433212,80671,80246,14544,94790,733
2022-05-06,Napa,055,140530,26711,26524,1069,27593,143
2022-05-06,Nevada,057,99092,16245,16171,1252,17423,127
2022-05-06,Orange,059,3164182,556650,554411,43208,597619,7007
2022-05-06,Placer,061,380077,63957,63577,7573,71150,625
2022-05-06,Plumas,063,18699,3002,2996,371,3367,13
2022-05-06,Riverside,065,2383286,598147,596022,28773,624795,6467
2022-05-06,Sacramento,067,1510023,285970,284564,27915,312479,3016
2022-05-06,San Benito,069,59416,13072,13047,530,13577,98
2022-05-06,San Bernardino,071,2135413,574081,570381,25515,595896,7306
2022-05-06,San Diego,073,3302833,766176,765377,53961,819338,5244
2022-05-06,San Francisco,075,870044,134286,132659,9010,141669,861
2022-05-06,San Joaquin,077,732212,168276,167568,10411,177979,2229
2022-05-06,San Luis Obispo,079,281455,53451,53273,4007,57280,477
2022-05-06,San Mateo,081,765935,128945,127615,7728,135343,709
2022-05-06,Santa Barbara,083,443738,87669,87305,4908,92213,692
2022-05-06,Santa Clara,085,1922200,327061,324946,13456,338402,2287
2022-05-06,Santa Cruz,087,273765,50283,49605,2255,51860,262
2022-05-06,Shasta,089,179085,30811,30721,6186,36907,563
2022-05-06,Sierra,091,2930,275,275,49,324,4
2022-05-06,Siskiyou,093,43540,4484,4470,2792,7262,81
2022-05-06,Solano,095,438530,83661,83038,5771,88809,450
2022-05-06,Sonoma,097,501317,87000,86150,3094,89244,488
2022-05-06,Stanislaus,099,539301,118496,118235,17804,136039,1643
2022-05-06,Sutter,101,95872,20654,20694,2176,22870,225
2022-05-06,Tehama,103,63373,12105,12098,2641,14739,201
2022-05-06,Trinity,105,12862,1187,1180,296,1476,20
2022-05-06,Tulare,107,460477,107029,106987,28916,135903,1468
2022-05-06,Tuolumne,109,53932,12860,12793,589,13382,181
2022-05-06,Ventura,111,848112,176190,175454,9881,185335,1491
2022-05-06,Yolo,113,214977,38026,37456,3344,40800,315
2022-05-06,Yuba,115,75493,16007,15964,1259,17223,122
2022-05-05,Alameda,001,1643700,267899,265198,14969,280167,1855
2022-05-05,Alpine,003,1148,125,125,1,126,0
2022-05-05,Amador,005,37829,8606,8556,670,9226,86
2022-05-05,Butte,007,227075,33356,33269,6811,40080,421
2022-05-05,Calaveras,009,45235,7370,7353,372,7725,120
2022-05-05,Colusa,011,21464,3460,3459,1074,4533,21
2022-05-05,Contra Costa,013,1133247,195231,193961,13955,207916,1302
2022-05-05,Del Norte,015,27424,5903,5884,212,6096,50
2022-05-05,El Dorado,017,186661,27177,27081,3302,30383,210
2022-05-05,Fresno,019,978130,233107,232655,24329,256984,2754
2022-05-05,Glenn,021,27897,5001,4996,1623,6619,48
2022-05-05,Humboldt,023,135768,17614,17410,3146,20556,146
2022-05-05,Imperial,025,180216,55735,55683,10928,66611,917
2022-05-05,Inyo,027,18085,4094,4087,521,4608,56
2022-05-05,Kern,029,883053,192952,192590,46766,239356,2287
2022-05-05,Kings,031,150075,51757,51702,3646,55348,447
2022-05-05,Lake,033,64148,10802,10766,910,11676,137
2022-05-05,Lassen,035,31185,8979,8978,892,9870,65
2022-05-05,Los Angeles,037,10098052,2763600,2751478,128593,2880071,31738
2022-05-05,Madera,039,155013,37544,37420,6184,43604,365
2022-05-05,Marin,041,260295,35258,34934,3028,37962,292
2022-05-05,Mariposa,043,17540,2462,2438,211,2649,30
2022-05-05,Mendocino,045,87422,13324,13270,3215,16485,124
2022-05-05,Merced,047,269075,62639,62471,8862,71333,818
2022-05-05,Modoc,049,8938,746,745,253,998,8
2022-05-05,Mono,051,14174,3002,2997,137,3134,6
2022-05-05,Monterey,053,433212,80618,80246,14515,94761,733
2022-05-05,Napa,055,140530,26678,26524,1068,27592,143
2022-05-05,Nevada,057,99092,16235,16171,1250,17421,127
2022-05-05,Orange,059,3164182,556138,554411,43149,597560,7007
2022-05-05,Placer,061,380077,63896,63577,7565,71142,625
2022-05-05,Plumas,063,18699,3001,2996,371,3367,13
2022-05-05,Riverside,065,2383286,597807,596022,28745,624767,6467
2022-05-05,Sacramento,067,1510023,285635,284564,27858,312422,3016
2022-05-05,San Benito,069,59416,13061,13047,530,13577,98
2022-05-05,San Bernardino,071,2135413,573795,570381,25501,595882,7306
2022-05-05,San Diego,073,3302833,765438,765377,53900,819277,5244
2022-05-05,San Francisco,075,870044,133873,132659,8975,141634,861
2022-05-05,San Joaquin,077,732212,168184,167568,10380,177948,2229
2022-05-05,San Luis Obispo,079,281455,53415,53273,3990,57263,477
2022-05-05,San Mateo,081,765935,128608,127615,7699,135314,709
2022-05-05,Santa Barbara,083,443738,87594,87305,4903,92208,692
2022-05-05,Santa Clara,085,1922200,326263,324946,13395,338341,2287
2022-05-05,Santa Cruz,087,273765,50185,49605,2251,51856,262
2022-05-05,Shasta,089,179085,30801,30721,6185,36906,563
2022-05-05,Sierra,091,2930,275,275,49,324,4
2022-05-05,Siskiyou,093,43540,4482,4470,2792,7262,81
2022-05-05,Solano,095,438530,83541,83038,5753,88791,450
2022-05-05,Sonoma,097,501317,86827,86150,3076,89226,488
2022-05-05,Stanislaus,099,539301,118438,118235,17789,136024,1643
2022-05-05,Sutter,101,95872,20652,20694,2174,22868,225
2022-05-05,Tehama,103,63373,12101,12098,2639,14737,201
2022-05-05,Trinity,105,12862,1187,1180,296,1476,20
2022-05-05,Tulare,107,460477,106999,106987,28897,135884,1468
2022-05-05,Tuolumne,109,53932,12842,12793,587,13380,181
2022-05-05,Ventura,111,848112,176007,175454,9839,185293,1491
2022-05-05,Yolo,113,214977,37956,37456,3333,40789,315
2022-05-05,Yuba,115,75493,15997,15964,1256,17220,122
2022-05-04,Alameda,001,1643700,267239,263736,14929,278665,1850
2022-05-04,Alpine,003,1148,125,124,1,125,0
2022-05-04,Amador,005,37829,8603,8546,669,9215,86
2022-05-04,Butte,007,227075,33338,33220,6804,40024,417
2022-05-04,Calaveras,009,45235,7365,7344,372,7716,120
2022-05-04,Colusa,011,21464,3459,3460,1074,4534,21
2022-05-04,Contra Costa,013,1133247,194868,193175,13904,207079,1302
2022-05-04,Del Norte,015,27424,5895,5866,212,6078,50
2022-05-04,El Dorado,017,186661,27151,27021,3297,30318,210
2022-05-04,Fresno,019,978130,232990,232332,24319,256651,2751
2022-05-04,Glenn,021,27897,4999,4995,1623,6618,48
2022-05-04,Humboldt,023,135768,17574,17316,3137,20453,146
2022-05-04,Imperial,025,180216,55713,55548,10917,66465,910
2022-05-04,Inyo,027,18085,4094,4085,518,4603,56
2022-05-04,Kern,029,883053,192888,192432,46728,239160,2281
2022-05-04,Kings,031,150075,51740,51663,3644,55307,447
2022-05-04,Lake,033,64148,10797,10758,910,11668,137
2022-05-04,Lassen,035,31185,8978,8972,890,9862,65
2022-05-04,Los Angeles,037,10098052,2760827,2744894,128408,2873302,31722
2022-05-04,Madera,039,155013,37520,37395,6175,43570,365
2022-05-04,Marin,041,260295,35173,34727,3006,37733,291
2022-05-04,Mariposa,043,17540,2456,2435,207,2642,30
2022-05-04,Mendocino,045,87422,13316,13247,3207,16454,123
2022-05-04,Merced,047,269075,62613,62419,8852,71271,818
2022-05-04,Modoc,049,8938,746,746,253,999,8
2022-05-04,Mono,051,14174,3001,2993,135,3128,6
2022-05-04,Monterey,053,433212,80556,80038,14493,94531,732
2022-05-04,Napa,055,140530,26640,26434,1064,27498,143
2022-05-04,Nevada,057,99092,16219,16136,1247,17383,127
2022-05-04,Orange,059,3164182,555552,553177,43072,596249,7006
2022-05-04,Placer,061,380077,63813,63410,7560,70970,625
2022-05-04,Plumas,063,18699,2999,2947,371,3318,13
2022-05-04,Riverside,065,2383286,597471,594981,28718,623699,6457
2022-05-04,Sacramento,067,1510023,285305,283939,27817,311756,3013
2022-05-04,San Benito,069,59416,13051,13019,529,13548,98
2022-05-04,San Bernardino,071,2135413,573536,569570,25489,595059,7240
2022-05-04,San Diego,073,3302833,764691,763453,53819,817272,5239
2022-05-04,San Francisco,075,870044,133463,131599,8956,140555,860
2022-05-04,San Joaquin,077,732212,168079,167280,10349,177629,2225
2022-05-04,San Luis Obispo,079,281455,53371,53156,3979,57135,477
2022-05-04,San Mateo,081,765935,128285,126800,7669,134469,710
2022-05-04,Santa Barbara,083,443738,87490,87058,4889,91947,688
2022-05-04,Santa Clara,085,1922200,325455,322805,13336,336141,2285
2022-05-04,Santa Cruz,087,273765,50071,49230,2248,51478,262
2022-05-04,Shasta,089,179085,30785,30681,6182,36863,556
2022-05-04,Sierra,091,2930,275,275,49,324,4
2022-05-04,Siskiyou,093,43540,4478,4463,2789,7252,81
2022-05-04,Solano,095,438530,83397,82796,5743,88539,449
2022-05-04,Sonoma,097,501317,86651,85694,3054,88748,488
2022-05-04,Stanislaus,099,539301,118377,118123,17779,135902,1643
2022-05-04,Sutter,101,95872,20641,20672,2172,22844,224
2022-05-04,Tehama,103,63373,12099,12090,2636,14726,201
2022-05-04,Trinity,105,12862,1187,1180,296,1476,20
2022-05-04,Tulare,107,460477,106980,106935,28881,135816,1464
2022-05-04,Tuolumne,109,53932,12835,12757,586,13343,181
2022-05-04,Ventura,111,848112,175842,175066,9802,184868,1486
2022-05-04,Yolo,113,214977,37886,37344,3327,40671,315
2022-05-04,Yuba,115,75493,15988,15940,1254,17194,122
2022-05-03,Alameda,001,1643700,266622,263736,14883,278619,1850
2022-05-03,Alpine,003,1148,125,124,1,125,0
2022-05-03,Amador,005,37829,8600,8546,669,9215,86
2022-05-03,Butte,007,227075,33322,33220,6800,40020,417
2022-05-03,Calaveras,009,45235,7358,7344,370,7714,120
2022-05-03,Colusa,011,21464,3458,3460,1074,4534,21
2022-05-03,Contra Costa,013,1133247,194478,193175,13875,207050,1302
2022-05-03,Del Norte,015,27424,5889,5866,210,6076,50
2022-05-03,El Dorado,017,186661,27129,27021,3293,30314,210
2022-05-03,Fresno,019,978130,232881,232332,24303,256635,2751
2022-05-03,Glenn,021,27897,4998,4995,1623,6618,48
2022-05-03,Humboldt,023,135768,17538,17316,3122,20438,146
2022-05-03,Imperial,025,180216,55691,55548,10910,66458,910
2022-05-03,Inyo,027,18085,4092,4085,518,4603,56
2022-05-03,Kern,029,883053,192809,192432,46696,239128,2281
2022-05-03,Kings,031,150075,51728,51663,3644,55307,447
2022-05-03,Lake,033,64148,10792,10758,910,11668,137
2022-05-03,Lassen,035,31185,8978,8972,890,9862,65
2022-05-03,Los Angeles,037,10098052,2757769,2744894,128186,2873080,31722
2022-05-03,Madera,039,155013,37490,37395,6170,43565,365
2022-05-03,Marin,041,260295,35062,34727,2984,37711,291
2022-05-03,Mariposa,043,17540,2448,2435,207,2642,30
2022-05-03,Mendocino,045,87422,13302,13247,3192,16439,123
2022-05-03,Merced,047,269075,62586,62419,8833,71252,818
2022-05-03,Modoc,049,8938,745,746,253,999,8
2022-05-03,Mono,051,14174,2998,2993,134,3127,6
2022-05-03,Monterey,053,433212,80502,80038,14461,94499,732
2022-05-03,Napa,055,140530,26605,26434,1057,27491,143
2022-05-03,Nevada,057,99092,16208,16136,1247,17383,127
2022-05-03,Orange,059,3164182,555024,553177,42992,596169,7006
2022-05-03,Placer,061,380077,63719,63410,7546,70956,625
2022-05-03,Plumas,063,18699,2995,2947,371,3318,13
2022-05-03,Riverside,065,2383286,597102,594981,28694,623675,6457
2022-05-03,Sacramento,067,1510023,284995,283939,27764,311703,3013
2022-05-03,San Benito,069,59416,13037,13019,528,13547,98
2022-05-03,San Bernardino,071,2135413,573272,569570,25476,595046,7240
2022-05-03,San Diego,073,3302833,763848,763453,53732,817185,5239
2022-05-03,San Francisco,075,870044,132987,131599,8923,140522,860
2022-05-03,San Joaquin,077,732212,167995,167280,10318,177598,2225
2022-05-03,San Luis Obispo,079,281455,53323,53156,3968,57124,477
2022-05-03,San Mateo,081,765935,127940,126800,7631,134431,710
2022-05-03,Santa Barbara,083,443738,87398,87058,4888,91946,688
2022-05-03,Santa Clara,085,1922200,324639,322805,13281,336086,2285
2022-05-03,Santa Cruz,087,273765,49981,49230,2243,51473,262
2022-05-03,Shasta,089,179085,30766,30681,6181,36862,556
2022-05-03,Sierra,091,2930,275,275,49,324,4
2022-05-03,Siskiyou,093,43540,4477,4463,2789,7252,81
2022-05-03,Solano,095,438530,83216,82796,5736,88532,449
2022-05-03,Sonoma,097,501317,86472,85694,3029,88723,488
2022-05-03,Stanislaus,099,539301,118324,118123,17769,135892,1643
2022-05-03,Sutter,101,95872,20636,20672,2170,22842,224
2022-05-03,Tehama,103,63373,12095,12090,2635,14725,201
2022-05-03,Trinity,105,12862,1187,1180,296,1476,20
2022-05-03,Tulare,107,460477,106951,106935,28866,135801,1464
2022-05-03,Tuolumne,109,53932,12822,12757,586,13343,181
2022-05-03,Ventura,111,848112,175673,175066,9765,184831,1486
2022-05-03,Yolo,113,214977,37823,37344,3325,40669,315
2022-05-03,Yuba,115,75493,15977,15940,1246,17186,122
2022-05-02,Alameda,001,1643700,265996,263736,14843,278579,1850
2022-05-02,Alpine,003,1148,125,124,1,125,0
2022-05-02,Amador,005,37829,8597,8546,666,9212,86
2022-05-02,Butte,007,227075,33300,33220,6799,40019,417
2022-05-02,Calaveras,009,45235,7357,7344,369,7713,120
2022-05-02,Colusa,011,21464,3458,3460,1074,4534,21
2022-05-02,Contra Costa,013,1133247,194110,193175,13839,207014,1302
2022-05-02,Del Norte,015,27424,5884,5866,204,6070,50
2022-05-02,El Dorado,017,186661,27106,27021,3288,30309,210
2022-05-02,Fresno,019,978130,232771,232332,24274,256606,2751
2022-05-02,Glenn,021,27897,4996,4995,1623,6618,48
2022-05-02,Humboldt,023,135768,17488,17316,3107,20423,146
2022-05-02,Imperial,025,180216,55678,55548,10903,66451,910
2022-05-02,Inyo,027,18085,4091,4085,516,4601,56
2022-05-02,Kern,029,883053,192725,192432,46668,239100,2281
2022-05-02,Kings,031,150075,51712,51663,3644,55307,447
2022-05-02,Lake,033,64148,10788,10758,910,11668,137
2022-05-02,Lassen,035,31185,8977,8972,890,9862,65
2022-05-02,Los Angeles,037,10098052,2754730,2744894,127978,2872872,31722
2022-05-02,Madera,039,155013,37473,37395,6163,43558,365
2022-05-02,Marin,041,260295,34937,34727,2961,37688,291
2022-05-02,Mariposa,043,17540,2443,2435,207,2642,30
2022-05-02,Mendocino,045,87422,13284,13247,3180,16427,123
2022-05-02,Merced,047,269075,62555,62419,8826,71245,818
2022-05-02,Modoc,049,8938,744,746,253,999,8
2022-05-02,Mono,051,14174,2996,2993,133,3126,6
2022-05-02,Monterey,053,433212,80425,80038,14422,94460,732
2022-05-02,Napa,055,140530,26566,26434,1055,27489,143
2022-05-02,Nevada,057,99092,16190,16136,1245,17381,127
2022-05-02,Orange,059,3164182,554482,553177,42897,596074,7006
2022-05-02,Placer,061,380077,63662,63410,7539,70949,625
2022-05-02,Plumas,063,18699,2995,2947,371,3318,13
2022-05-02,Riverside,065,2383286,596712,594981,28663,623644,6457
2022-05-02,Sacramento,067,1510023,284685,283939,27722,311661,3013
2022-05-02,San Benito,069,59416,13025,13019,528,13547,98
2022-05-02,San Bernardino,071,2135413,572986,569570,25458,595028,7240
2022-05-02,San Diego,073,3302833,762986,763453,53649,817102,5239
2022-05-02,San Francisco,075,870044,132549,131599,8892,140491,860
2022-05-02,San Joaquin,077,732212,167878,167280,10306,177586,2225
2022-05-02,San Luis Obispo,079,281455,53270,53156,3956,57112,477
2022-05-02,San Mateo,081,765935,127616,126800,7618,134418,710
2022-05-02,Santa Barbara,083,443738,87297,87058,4884,91942,688
2022-05-02,Santa Clara,085,1922200,323732,322805,13232,336037,2285
2022-05-02,Santa Cruz,087,273765,49853,49230,2239,51469,262
2022-05-02,Shasta,089,179085,30747,30681,6180,36861,556
2022-05-02,Sierra,091,2930,275,275,49,324,4
2022-05-02,Siskiyou,093,43540,4474,4463,2787,7250,81
2022-05-02,Solano,095,438530,83084,82796,5727,88523,449
2022-05-02,Sonoma,097,501317,86290,85694,3014,88708,488
2022-05-02,Stanislaus,099,539301,118251,118123,17755,135878,1643
2022-05-02,Sutter,101,95872,20629,20672,2169,22841,224
2022-05-02,Tehama,103,63373,12090,12090,2632,14722,201
2022-05-02,Trinity,105,12862,1186,1180,296,1476,20
2022-05-02,Tulare,107,460477,106929,106935,28846,135781,1464
2022-05-02,Tuolumne,109,53932,12816,12757,586,13343,181
2022-05-02,Ventura,111,848112,175510,175066,9736,184802,1486
2022-05-02,Yolo,113,214977,37751,37344,3319,40663,315
2022-05-02,Yuba,115,75493,15972,15940,1243,17183,122
2022-05-01,Alameda,001,1643700,265299,262027,14789,276816,1851
2022-05-01,Alpine,003,1148,125,124,1,125,0
2022-05-01,Amador,005,37829,8597,8533,666,9199,86
2022-05-01,Butte,007,227075,33272,33172,6792,39964,418
2022-05-01,Calaveras,009,45235,7353,7328,364,7692,120
2022-05-01,Colusa,011,21464,3458,3457,1074,4531,21
2022-05-01,Contra Costa,013,1133247,193729,192136,13777,205913,1301
2022-05-01,Del Norte,015,27424,5876,5841,204,6045,50
2022-05-01,El Dorado,017,186661,27074,26946,3284,30230,210
2022-05-01,Fresno,019,978130,232666,232067,24255,256322,2748
2022-05-01,Glenn,021,27897,4996,4995,1623,6618,48
2022-05-01,Humboldt,023,135768,17424,17194,3087,20281,145
2022-05-01,Imperial,025,180216,55654,55503,10898,66401,910
2022-05-01,Inyo,027,18085,4090,4084,515,4599,56
2022-05-01,Kern,029,883053,192663,192250,46621,238871,2265
2022-05-01,Kings,031,150075,51690,51640,3640,55280,447
2022-05-01,Lake,033,64148,10781,10742,908,11650,137
2022-05-01,Lassen,035,31185,8977,8966,890,9856,65
2022-05-01,Los Angeles,037,10098052,2751723,2736900,127747,2864647,31712
2022-05-01,Madera,039,155013,37455,37360,6153,43513,365
2022-05-01,Marin,041,260295,34850,34519,2928,37447,291
2022-05-01,Mariposa,043,17540,2442,2430,207,2637,30
2022-05-01,Mendocino,045,87422,13265,13219,3162,16381,123
2022-05-01,Merced,047,269075,62524,62357,8811,71168,818
2022-05-01,Modoc,049,8938,744,745,253,998,8
2022-05-01,Mono,051,14174,2993,2989,131,3120,6
2022-05-01,Monterey,053,433212,80345,79881,14381,94262,731
2022-05-01,Napa,055,140530,26521,26319,1051,27370,143
2022-05-01,Nevada,057,99092,16170,16100,1243,17343,127
2022-05-01,Orange,059,3164182,553924,551822,42798,594620,6998
2022-05-01,Placer,061,380077,63589,63273,7531,70804,625
2022-05-01,Plumas,063,18699,2994,2946,371,3317,13
2022-05-01,Riverside,065,2383286,596250,593965,28627,622592,6457
2022-05-01,Sacramento,067,1510023,284354,283048,27658,310706,3007
2022-05-01,San Benito,069,59416,13017,12988,526,13514,98
2022-05-01,San Bernardino,071,2135413,572669,568758,25444,594202,7191
2022-05-01,San Diego,073,3302833,762105,761253,53561,814814,5238
2022-05-01,San Francisco,075,870044,132055,130241,8863,139104,860
2022-05-01,San Joaquin,077,732212,167737,167028,10269,177297,2225
2022-05-01,San Luis Obispo,079,281455,53198,53040,3939,56979,477
2022-05-01,San Mateo,081,765935,127250,125807,7582,133389,705
2022-05-01,Santa Barbara,083,443738,87192,86768,4876,91644,688
2022-05-01,Santa Clara,085,1922200,322793,320709,13176,333885,2281
2022-05-01,Santa Cruz,087,273765,49701,48798,2232,51030,262
2022-05-01,Shasta,089,179085,30731,30649,6178,36827,554
2022-05-01,Sierra,091,2930,275,274,49,323,4
2022-05-01,Siskiyou,093,43540,4473,4458,2781,7239,81
2022-05-01,Solano,095,438530,82965,82459,5714,88173,449
2022-05-01,Sonoma,097,501317,86070,85290,2968,88258,488
2022-05-01,Stanislaus,099,539301,118196,117943,17739,135682,1643
2022-05-01,Sutter,101,95872,20621,20644,2162,22806,224
2022-05-01,Tehama,103,63373,12089,12078,2631,14709,202
2022-05-01,Trinity,105,12862,1186,1179,296,1475,20
2022-05-01,Tulare,107,460477,106896,106856,28825,135681,1458
2022-05-01,Tuolumne,109,53932,12796,12713,581,13294,181
2022-05-01,Ventura,111,848112,175339,174679,9685,184364,1486
2022-05-01,Yolo,113,214977,37693,37173,3307,40480,314
2022-05-01,Yuba,115,75493,15962,15917,1239,17156,121
2022-04-30,Alameda,001,1643700,264901,262027,14774,276801,1851
2022-04-30,Alpine,003,1148,125,124,1,125,0
2022-04-30,Amador,005,37829,8595,8533,666,9199,86
2022-04-30,Butte,007,227075,33267,33172,6787,39959,418
2022-04-30,Calaveras,009,45235,7350,7328,364,7692,120
2022-04-30,Colusa,011,21464,3457,3457,1074,4531,21
2022-04-30,Contra Costa,013,1133247,193485,192136,13768,205904,1301
2022-04-30,Del Norte,015,27424,5871,5841,204,6045,50
2022-04-30,El Dorado,017,186661,27056,26946,3280,30226,210
2022-04-30,Fresno,019,978130,232621,232067,24248,256315,2748
2022-04-30,Glenn,021,27897,4995,4995,1623,6618,48
2022-04-30,Humboldt,023,135768,17382,17194,3082,20276,145
2022-04-30,Imperial,025,180216,55641,55503,10896,66399,910
2022-04-30,Inyo,027,18085,4090,4084,515,4599,56
2022-04-30,Kern,029,883053,192627,192250,46601,238851,2265
2022-04-30,Kings,031,150075,51685,51640,3639,55279,447
2022-04-30,Lake,033,64148,10778,10742,908,11650,137
2022-04-30,Lassen,035,31185,8977,8966,890,9856,65
2022-04-30,Los Angeles,037,10098052,2750351,2736900,127575,2864475,31712
2022-04-30,Madera,039,155013,37444,37360,6152,43512,365
2022-04-30,Marin,041,260295,34804,34519,2896,37415,291
2022-04-30,Mariposa,043,17540,2440,2430,206,2636,30
2022-04-30,Mendocino,045,87422,13261,13219,3162,16381,123
2022-04-30,Merced,047,269075,62510,62357,8809,71166,818
2022-04-30,Modoc,049,8938,744,745,253,998,8
2022-04-30,Mono,051,14174,2993,2989,131,3120,6
2022-04-30,Monterey,053,433212,80278,79881,14362,94243,731
2022-04-30,Napa,055,140530,26498,26319,1050,27369,143
2022-04-30,Nevada,057,99092,16156,16100,1242,17342,127
2022-04-30,Orange,059,3164182,553657,551822,42758,594580,6998
2022-04-30,Placer,061,380077,63544,63273,7525,70798,625
2022-04-30,Plumas,063,18699,2991,2946,371,3317,13
2022-04-30,Riverside,065,2383286,596007,593965,28606,622571,6457
2022-04-30,Sacramento,067,1510023,284232,283048,27645,310693,3007
2022-04-30,San Benito,069,59416,13014,12988,526,13514,98
2022-04-30,San Bernardino,071,2135413,572496,568758,25432,594190,7191
2022-04-30,San Diego,073,3302833,761731,761253,53533,814786,5238
2022-04-30,San Francisco,075,870044,131770,130241,8838,139079,860
2022-04-30,San Joaquin,077,732212,167682,167028,10264,177292,2225
2022-04-30,San Luis Obispo,079,281455,53187,53040,3936,56976,477
2022-04-30,San Mateo,081,765935,127032,125807,7563,133370,705
2022-04-30,Santa Barbara,083,443738,87136,86768,4873,91641,688
2022-04-30,Santa Clara,085,1922200,322220,320709,13151,333860,2281
2022-04-30,Santa Cruz,087,273765,49654,48798,2232,51030,262
2022-04-30,Shasta,089,179085,30725,30649,6176,36825,554
2022-04-30,Sierra,091,2930,275,274,49,323,4
2022-04-30,Siskiyou,093,43540,4471,4458,2780,7238,81
2022-04-30,Solano,095,438530,82948,82459,5713,88172,449
2022-04-30,Sonoma,097,501317,85953,85290,2957,88247,488
2022-04-30,Stanislaus,099,539301,118165,117943,17734,135677,1643
2022-04-30,Sutter,101,95872,20616,20644,2162,22806,224
2022-04-30,Tehama,103,63373,12085,12078,2629,14707,202
2022-04-30,Trinity,105,12862,1186,1179,296,1475,20
2022-04-30,Tulare,107,460477,106878,106856,28812,135668,1458
2022-04-30,Tuolumne,109,53932,12788,12713,581,13294,181
2022-04-30,Ventura,111,848112,175255,174679,9653,184332,1486
2022-04-30,Yolo,113,214977,37646,37173,3307,40480,314
2022-04-30,Yuba,115,75493,15955,15917,1238,17155,121
2022-04-29,Alameda,001,1643700,264586,262027,14762,276789,1851
2022-04-29,Alpine,003,1148,124,124,1,125,0
2022-04-29,Amador,005,37829,8588,8533,666,9199,86
2022-04-29,Butte,007,227075,33263,33172,6781,39953,418
2022-04-29,Calaveras,009,45235,7348,7328,364,7692,120
2022-04-29,Colusa,011,21464,3456,3457,1074,4531,21
2022-04-29,Contra Costa,013,1133247,193294,192136,13755,205891,1301
2022-04-29,Del Norte,015,27424,5867,5841,204,6045,50
2022-04-29,El Dorado,017,186661,27044,26946,3278,30224,210
2022-04-29,Fresno,019,978130,232570,232067,24244,256311,2748
2022-04-29,Glenn,021,27897,4995,4995,1623,6618,48
2022-04-29,Humboldt,023,135768,17357,17194,3076,20270,145
2022-04-29,Imperial,025,180216,55625,55503,10895,66398,910
2022-04-29,Inyo,027,18085,4090,4084,513,4597,56
2022-04-29,Kern,029,883053,192601,192250,46589,238839,2265
2022-04-29,Kings,031,150075,51680,51640,3639,55279,447
2022-04-29,Lake,033,64148,10777,10742,908,11650,137
2022-04-29,Lassen,035,31185,8976,8966,890,9856,65
2022-04-29,Los Angeles,037,10098052,2749052,2736900,127432,2864332,31712
2022-04-29,Madera,039,155013,37434,37360,6152,43512,365
2022-04-29,Marin,041,260295,34738,34519,2876,37395,291
2022-04-29,Mariposa,043,17540,2438,2430,206,2636,30
2022-04-29,Mendocino,045,87422,13256,13219,3161,16380,123
2022-04-29,Merced,047,269075,62498,62357,8808,71165,818
2022-04-29,Modoc,049,8938,744,745,253,998,8
2022-04-29,Mono,051,14174,2993,2989,131,3120,6
2022-04-29,Monterey,053,433212,80244,79881,14347,94228,731
2022-04-29,Napa,055,140530,26470,26319,1049,27368,143
2022-04-29,Nevada,057,99092,16149,16100,1241,17341,127
2022-04-29,Orange,059,3164182,553393,551822,42711,594533,6998
2022-04-29,Placer,061,380077,63515,63273,7518,70791,625
2022-04-29,Plumas,063,18699,2990,2946,371,3317,13
2022-04-29,Riverside,065,2383286,595786,593965,28585,622550,6457
2022-04-29,Sacramento,067,1510023,284086,283048,27638,310686,3007
2022-04-29,San Benito,069,59416,13009,12988,526,13514,98
2022-04-29,San Bernardino,071,2135413,572339,568758,25424,594182,7191
2022-04-29,San Diego,073,3302833,761312,761253,53515,814768,5238
2022-04-29,San Francisco,075,870044,131549,130241,8817,139058,860
2022-04-29,San Joaquin,077,732212,167626,167028,10259,177287,2225
2022-04-29,San Luis Obispo,079,281455,53172,53040,3931,56971,477
2022-04-29,San Mateo,081,765935,126834,125807,7548,133355,705
2022-04-29,Santa Barbara,083,443738,87096,86768,4871,91639,688
2022-04-29,Santa Clara,085,1922200,321713,320709,13120,333829,2281
2022-04-29,Santa Cruz,087,273765,49598,48798,2228,51026,262
2022-04-29,Shasta,089,179085,30723,30649,6175,36824,554
2022-04-29,Sierra,091,2930,275,274,49,323,4
2022-04-29,Siskiyou,093,43540,4470,4458,2780,7238,81
2022-04-29,Solano,095,438530,82891,82459,5707,88166,449
2022-04-29,Sonoma,097,501317,85845,85290,2946,88236,488
2022-04-29,Stanislaus,099,539301,118142,117943,17729,135672,1643
2022-04-29,Sutter,101,95872,20609,20644,2161,22805,224
2022-04-29,Tehama,103,63373,12083,12078,2629,14707,202
2022-04-29,Trinity,105,12862,1186,1179,296,1475,20
2022-04-29,Tulare,107,460477,106860,106856,28796,135652,1458
2022-04-29,Tuolumne,109,53932,12781,12713,579,13292,181
2022-04-29,Ventura,111,848112,175179,174679,9629,184308,1486
2022-04-29,Yolo,113,214977,37614,37173,3304,40477,314
2022-04-29,Yuba,115,75493,15950,15917,1238,17155,121
2022-04-28,Alameda,001,1643700,264148,262027,14725,276752,1851
2022-04-28,Alpine,003,1148,124,124,1,125,0
2022-04-28,Amador,005,37829,8585,8533,666,9199,86
2022-04-28,Butte,007,227075,33254,33172,6777,39949,418
2022-04-28,Calaveras,009,45235,7344,7328,364,7692,120
2022-04-28,Colusa,011,21464,3455,3457,1074,4531,21
2022-04-28,Contra Costa,013,1133247,193038,192136,13723,205859,1301
2022-04-28,Del Norte,015,27424,5863,5841,204,6045,50
2022-04-28,El Dorado,017,186661,27022,26946,3275,30221,210
2022-04-28,Fresno,019,978130,232511,232067,24234,256301,2748
2022-04-28,Glenn,021,27897,4992,4995,1623,6618,48
2022-04-28,Humboldt,023,135768,17323,17194,3069,20263,145
2022-04-28,Imperial,025,180216,55613,55503,10890,66393,910
2022-04-28,Inyo,027,18085,4090,4084,513,4597,56
2022-04-28,Kern,029,883053,192561,192250,46572,238822,2265
2022-04-28,Kings,031,150075,51674,51640,3639,55279,447
2022-04-28,Lake,033,64148,10773,10742,908,11650,137
2022-04-28,Lassen,035,31185,8976,8966,890,9856,65
2022-04-28,Los Angeles,037,10098052,2746986,2736900,127256,2864156,31712
2022-04-28,Madera,039,155013,37428,37360,6148,43508,365
2022-04-28,Marin,041,260295,34688,34519,2860,37379,291
2022-04-28,Mariposa,043,17540,2438,2430,206,2636,30
2022-04-28,Mendocino,045,87422,13245,13219,3144,16363,123
2022-04-28,Merced,047,269075,62480,62357,8800,71157,818
2022-04-28,Modoc,049,8938,744,745,253,998,8
2022-04-28,Mono,051,14174,2991,2989,131,3120,6
2022-04-28,Monterey,053,433212,80205,79881,14322,94203,731
2022-04-28,Napa,055,140530,26440,26319,1046,27365,143
2022-04-28,Nevada,057,99092,16141,16100,1238,17338,127
2022-04-28,Orange,059,3164182,553033,551822,42648,594470,6998
2022-04-28,Placer,061,380077,63468,63273,7509,70782,625
2022-04-28,Plumas,063,18699,2989,2946,371,3317,13
2022-04-28,Riverside,065,2383286,595503,593965,28562,622527,6457
2022-04-28,Sacramento,067,1510023,283904,283048,27598,310646,3007
2022-04-28,San Benito,069,59416,13000,12988,524,13512,98
2022-04-28,San Bernardino,071,2135413,572140,568758,25417,594175,7191
2022-04-28,San Diego,073,3302833,760770,761253,53456,814709,5238
2022-04-28,San Francisco,075,870044,131250,130241,8784,139025,860
2022-04-28,San Joaquin,077,732212,167556,167028,10244,177272,2225
2022-04-28,San Luis Obispo,079,281455,53144,53040,3913,56953,477
2022-04-28,San Mateo,081,765935,126591,125807,7519,133326,705
2022-04-28,Santa Barbara,083,443738,87043,86768,4868,91636,688
2022-04-28,Santa Clara,085,1922200,321172,320709,13084,333793,2281
2022-04-28,Santa Cruz,087,273765,49503,48798,2223,51021,262
2022-04-28,Shasta,089,179085,30715,30649,6175,36824,554
2022-04-28,Sierra,091,2930,275,274,49,323,4
2022-04-28,Siskiyou,093,43540,4467,4458,2780,7238,81
2022-04-28,Solano,095,438530,82810,82459,5701,88160,449
2022-04-28,Sonoma,097,501317,85728,85290,2934,88224,488
2022-04-28,Stanislaus,099,539301,118104,117943,17721,135664,1643
2022-04-28,Sutter,101,95872,20599,20644,2158,22802,224
2022-04-28,Tehama,103,63373,12082,12078,2628,14706,202
2022-04-28,Trinity,105,12862,1186,1179,296,1475,20
2022-04-28,Tulare,107,460477,106838,106856,28784,135640,1458
2022-04-28,Tuolumne,109,53932,12769,12713,579,13292,181
2022-04-28,Ventura,111,848112,175090,174679,9593,184272,1486
2022-04-28,Yolo,113,214977,37585,37173,3299,40472,314
2022-04-28,Yuba,115,75493,15941,15917,1235,17152,121
2022-04-27,Alameda,001,1643700,263668,260871,14680,275551,1843
2022-04-27,Alpine,003,1148,124,124,1,125,0
2022-04-27,Amador,005,37829,8584,8518,666,9184,86
2022-04-27,Butte,007,227075,33242,33118,6772,39890,411
2022-04-27,Calaveras,009,45235,7341,7307,364,7671,119
2022-04-27,Colusa,011,21464,3454,3457,1074,4531,21
2022-04-27,Contra Costa,013,1133247,192776,191412,13694,205106,1300
2022-04-27,Del Norte,015,27424,5858,5833,204,6037,50
2022-04-27,El Dorado,017,186661,27012,26898,3271,30169,209
2022-04-27,Fresno,019,978130,232446,231951,24221,256172,2744
2022-04-27,Glenn,021,27897,4992,4993,1623,6616,48
2022-04-27,Humboldt,023,135768,17293,17138,3059,20197,145
2022-04-27,Imperial,025,180216,55595,55480,10886,66366,910
2022-04-27,Inyo,027,18085,4089,4080,512,4592,56
2022-04-27,Kern,029,883053,192524,192157,46551,238708,2271
2022-04-27,Kings,031,150075,51669,51617,3638,55255,444
2022-04-27,Lake,033,64148,10769,10732,908,11640,135
2022-04-27,Lassen,035,31185,8975,8965,890,9855,65
2022-04-27,Los Angeles,037,10098052,2744658,2731988,127077,2859065,31691
2022-04-27,Madera,039,155013,37419,37339,6147,43486,354
2022-04-27,Marin,041,260295,34628,34354,2845,37199,288
2022-04-27,Mariposa,043,17540,2436,2427,206,2633,30
2022-04-27,Mendocino,045,87422,13238,13188,3137,16325,123
2022-04-27,Merced,047,269075,62466,62315,8796,71111,815
2022-04-27,Modoc,049,8938,744,745,253,998,8
2022-04-27,Mono,051,14174,2991,2989,131,3120,6
2022-04-27,Monterey,053,433212,80162,79695,14281,93976,729
2022-04-27,Napa,055,140530,26411,26210,1042,27252,143
2022-04-27,Nevada,057,99092,16125,16080,1235,17315,127
2022-04-27,Orange,059,3164182,552659,550859,42589,593448,6991
2022-04-27,Placer,061,380077,63427,63154,7496,70650,623
2022-04-27,Plumas,063,18699,2988,2934,371,3305,13
2022-04-27,Riverside,065,2383286,595238,593397,28541,621938,6453
2022-04-27,Sacramento,067,1510023,283703,281802,27563,309365,3001
2022-04-27,San Benito,069,59416,12987,12989,522,13511,98
2022-04-27,San Bernardino,071,2135413,571942,568018,25407,593425,7105
2022-04-27,San Diego,073,3302833,760198,759873,53395,813268,5236
2022-04-27,San Francisco,075,870044,130899,129284,8760,138044,857
2022-04-27,San Joaquin,077,732212,167483,166848,10227,177075,2225
2022-04-27,San Luis Obispo,079,281455,53099,52911,3905,56816,476
2022-04-27,San Mateo,081,765935,126362,125018,7462,132480,702
2022-04-27,Santa Barbara,083,443738,86979,86557,4862,91419,685
2022-04-27,Santa Clara,085,1922200,320603,319077,13036,332113,2282
2022-04-27,Santa Cruz,087,273765,49421,48500,2217,50717,262
2022-04-27,Shasta,089,179085,30703,30633,6171,36804,554
2022-04-27,Sierra,091,2930,274,276,49,325,4
2022-04-27,Siskiyou,093,43540,4467,4455,2776,7231,81
2022-04-27,Solano,095,438530,82698,82220,5691,87911,448
2022-04-27,Sonoma,097,501317,85618,84983,2912,87895,487
2022-04-27,Stanislaus,099,539301,118060,117841,17710,135551,1643
2022-04-27,Sutter,101,95872,20595,20627,2154,22781,224
2022-04-27,Tehama,103,63373,12082,12073,2628,14701,201
2022-04-27,Trinity,105,12862,1186,1179,296,1475,20
2022-04-27,Tulare,107,460477,106820,106580,28774,135354,1453
2022-04-27,Tuolumne,109,53932,12752,12684,578,13262,181
2022-04-27,Ventura,111,848112,174987,174425,9578,184003,1480
2022-04-27,Yolo,113,214977,37542,37096,3293,40389,314
2022-04-27,Yuba,115,75493,15937,15902,1230,17132,121
2022-04-26,Alameda,001,1643700,263157,260871,14640,275511,1843
2022-04-26,Alpine,003,1148,124,124,1,125,0
2022-04-26,Amador,005,37829,8581,8518,666,9184,86
2022-04-26,Butte,007,227075,33225,33118,6766,39884,411
2022-04-26,Calaveras,009,45235,7337,7307,363,7670,119
2022-04-26,Colusa,011,21464,3454,3457,1074,4531,21
2022-04-26,Contra Costa,013,1133247,192517,191412,13664,205076,1300
2022-04-26,Del Norte,015,27424,5851,5833,204,6037,50
2022-04-26,El Dorado,017,186661,26991,26898,3268,30166,209
2022-04-26,Fresno,019,978130,232366,231951,24212,256163,2744
2022-04-26,Glenn,021,27897,4992,4993,1622,6615,48
2022-04-26,Humboldt,023,135768,17262,17138,3053,20191,145
2022-04-26,Imperial,025,180216,55575,55480,10879,66359,910
2022-04-26,Inyo,027,18085,4089,4080,512,4592,56
2022-04-26,Kern,029,883053,192475,192157,46528,238685,2271
2022-04-26,Kings,031,150075,51663,51617,3638,55255,444
2022-04-26,Lake,033,64148,10762,10732,908,11640,135
2022-04-26,Lassen,035,31185,8970,8965,890,9855,65
2022-04-26,Los Angeles,037,10098052,2742270,2731988,126898,2858886,31691
2022-04-26,Madera,039,155013,37411,37339,6143,43482,354
2022-04-26,Marin,041,260295,34575,34354,2826,37180,288
2022-04-26,Mariposa,043,17540,2436,2427,206,2633,30
2022-04-26,Mendocino,045,87422,13234,13188,3131,16319,123
2022-04-26,Merced,047,269075,62443,62315,8778,71093,815
2022-04-26,Modoc,049,8938,744,745,253,998,8
2022-04-26,Mono,051,14174,2991,2989,130,3119,6
2022-04-26,Monterey,053,433212,80108,79695,14239,93934,729
2022-04-26,Napa,055,140530,26381,26210,1038,27248,143
2022-04-26,Nevada,057,99092,16116,16080,1235,17315,127
2022-04-26,Orange,059,3164182,552251,550859,42529,593388,6991
2022-04-26,Placer,061,380077,63397,63154,7495,70649,623
2022-04-26,Plumas,063,18699,2988,2934,371,3305,13
2022-04-26,Riverside,065,2383286,594929,593397,28514,621911,6453
2022-04-26,Sacramento,067,1510023,283469,281802,27541,309343,3001
2022-04-26,San Benito,069,59416,12983,12989,521,13510,98
2022-04-26,San Bernardino,071,2135413,571732,568018,25390,593408,7105
2022-04-26,San Diego,073,3302833,759538,759873,53302,813175,5236
2022-04-26,San Francisco,075,870044,130500,129284,8738,138022,857
2022-04-26,San Joaquin,077,732212,167421,166848,10213,177061,2225
2022-04-26,San Luis Obispo,079,281455,53069,52911,3892,56803,476
2022-04-26,San Mateo,081,765935,126092,125018,7426,132444,702
2022-04-26,Santa Barbara,083,443738,86918,86557,4858,91415,685
2022-04-26,Santa Clara,085,1922200,320043,319077,12992,332069,2282
2022-04-26,Santa Cruz,087,273765,49321,48500,2214,50714,262
2022-04-26,Shasta,089,179085,30691,30633,6171,36804,554
2022-04-26,Sierra,091,2930,274,276,49,325,4
2022-04-26,Siskiyou,093,43540,4465,4455,2774,7229,81
2022-04-26,Solano,095,438530,82600,82220,5682,87902,448
2022-04-26,Sonoma,097,501317,85513,84983,2895,87878,487
2022-04-26,Stanislaus,099,539301,118024,117841,17699,135540,1643
2022-04-26,Sutter,101,95872,20585,20627,2154,22781,224
2022-04-26,Tehama,103,63373,12073,12073,2628,14701,201
2022-04-26,Trinity,105,12862,1186,1179,296,1475,20
2022-04-26,Tulare,107,460477,106792,106580,28759,135339,1453
2022-04-26,Tuolumne,109,53932,12733,12684,577,13261,181
2022-04-26,Ventura,111,848112,174876,174425,9555,183980,1480
2022-04-26,Yolo,113,214977,37501,37096,3286,40382,314
2022-04-26,Yuba,115,75493,15935,15902,1230,17132,121
2022-04-25,Alameda,001,1643700,262649,260871,14602,275473,1843
2022-04-25,Alpine,003,1148,124,124,1,125,0
2022-04-25,Amador,005,37829,8578,8518,666,9184,86
2022-04-25,Butte,007,227075,33210,33118,6757,39875,411
2022-04-25,Calaveras,009,45235,7334,7307,363,7670,119
2022-04-25,Colusa,011,21464,3454,3457,1074,4531,21
2022-04-25,Contra Costa,013,1133247,192253,191412,13631,205043,1300
2022-04-25,Del Norte,015,27424,5845,5833,202,6035,50
2022-04-25,El Dorado,017,186661,26970,26898,3267,30165,209
2022-04-25,Fresno,019,978130,232276,231951,24199,256150,2744
2022-04-25,Glenn,021,27897,4991,4993,1622,6615,48
2022-04-25,Humboldt,023,135768,17220,17138,3048,20186,145
2022-04-25,Imperial,025,180216,55555,55480,10874,66354,910
2022-04-25,Inyo,027,18085,4089,4080,512,4592,56
2022-04-25,Kern,029,883053,192430,192157,46508,238665,2271
2022-04-25,Kings,031,150075,51654,51617,3637,55254,444
2022-04-25,Lake,033,64148,10759,10732,907,11639,135
2022-04-25,Lassen,035,31185,8969,8965,890,9855,65
2022-04-25,Los Angeles,037,10098052,2739885,2731988,126737,2858725,31691
2022-04-25,Madera,039,155013,37398,37339,6140,43479,354
2022-04-25,Marin,041,260295,34510,34354,2803,37157,288
2022-04-25,Mariposa,043,17540,2436,2427,206,2633,30
2022-04-25,Mendocino,045,87422,13224,13188,3114,16302,123
2022-04-25,Merced,047,269075,62430,62315,8775,71090,815
2022-04-25,Modoc,049,8938,744,745,253,998,8
2022-04-25,Mono,051,14174,2990,2989,130,3119,6
2022-04-25,Monterey,053,433212,80070,79695,14213,93908,729
2022-04-25,Napa,055,140530,26341,26210,1036,27246,143
2022-04-25,Nevada,057,99092,16110,16080,1234,17314,127
2022-04-25,Orange,059,3164182,551844,550859,42466,593325,6991
2022-04-25,Placer,061,380077,63361,63154,7490,70644,623
2022-04-25,Plumas,063,18699,2986,2934,371,3305,13
2022-04-25,Riverside,065,2383286,594665,593397,28497,621894,6453
2022-04-25,Sacramento,067,1510023,283305,281802,27505,309307,3001
2022-04-25,San Benito,069,59416,12976,12989,520,13509,98
2022-04-25,San Bernardino,071,2135413,571507,568018,25378,593396,7105
2022-04-25,San Diego,073,3302833,758859,759873,53242,813115,5236
2022-04-25,San Francisco,075,870044,130141,129284,8720,138004,857
2022-04-25,San Joaquin,077,732212,167337,166848,10196,177044,2225
2022-04-25,San Luis Obispo,079,281455,53020,52911,3885,56796,476
2022-04-25,San Mateo,081,765935,125820,125018,7406,132424,702
2022-04-25,Santa Barbara,083,443738,86856,86557,4854,91411,685
2022-04-25,Santa Clara,085,1922200,319401,319077,12947,332024,2282
2022-04-25,Santa Cruz,087,273765,49181,48500,2205,50705,262
2022-04-25,Shasta,089,179085,30679,30633,6168,36801,554
2022-04-25,Sierra,091,2930,274,276,49,325,4
2022-04-25,Siskiyou,093,43540,4465,4455,2773,7228,81
2022-04-25,Solano,095,438530,82482,82220,5673,87893,448
2022-04-25,Sonoma,097,501317,85391,84983,2875,87858,487
2022-04-25,Stanislaus,099,539301,117977,117841,17692,135533,1643
2022-04-25,Sutter,101,95872,20582,20627,2154,22781,224
2022-04-25,Tehama,103,63373,12073,12073,2628,14701,201
2022-04-25,Trinity,105,12862,1185,1179,296,1475,20
2022-04-25,Tulare,107,460477,106767,106580,28746,135326,1453
2022-04-25,Tuolumne,109,53932,12724,12684,577,13261,181
2022-04-25,Ventura,111,848112,174766,174425,9533,183958,1480
2022-04-25,Yolo,113,214977,37455,37096,3281,40377,314
2022-04-25,Yuba,115,75493,15925,15902,1229,17131,121
2022-04-24,Alameda,001,1643700,262066,259619,14555,274174,1837
2022-04-24,Alpine,003,1148,124,124,1,125,0
2022-04-24,Amador,005,37829,8569,8509,665,9174,86
2022-04-24,Butte,007,227075,33188,33105,6750,39855,411
2022-04-24,Calaveras,009,45235,7325,7296,361,7657,119
2022-04-24,Colusa,011,21464,3453,3453,1074,4527,21
2022-04-24,Contra Costa,013,1133247,191952,190611,13598,204209,1298
2022-04-24,Del Norte,015,27424,5836,5827,200,6027,50
2022-04-24,El Dorado,017,186661,26952,26837,3265,30102,209
2022-04-24,Fresno,019,978130,232195,231751,24185,255936,2744
2022-04-24,Glenn,021,27897,4991,4989,1620,6609,48
2022-04-24,Humboldt,023,135768,17195,17033,3036,20069,145
2022-04-24,Imperial,025,180216,55543,55434,10865,66299,910
2022-04-24,Inyo,027,18085,4085,4079,511,4590,56
2022-04-24,Kern,029,883053,192379,192012,46492,238504,2267
2022-04-24,Kings,031,150075,51645,51588,3637,55225,444
2022-04-24,Lake,033,64148,10751,10720,904,11624,134
2022-04-24,Lassen,035,31185,8968,8966,890,9856,65
2022-04-24,Los Angeles,037,10098052,2737540,2725630,126590,2852220,31667
2022-04-24,Madera,039,155013,37383,37333,6135,43468,354
2022-04-24,Marin,041,260295,34456,34150,2768,36918,288
2022-04-24,Mariposa,043,17540,2433,2422,206,2628,30
2022-04-24,Mendocino,045,87422,13219,13158,3102,16260,122
2022-04-24,Merced,047,269075,62406,62286,8766,71052,815
2022-04-24,Modoc,049,8938,744,745,253,998,8
2022-04-24,Mono,051,14174,2989,2986,130,3116,6
2022-04-24,Monterey,053,433212,80017,79560,14180,93740,729
2022-04-24,Napa,055,140530,26305,26093,1035,27128,143
2022-04-24,Nevada,057,99092,16094,16052,1232,17284,127
2022-04-24,Orange,059,3164182,551422,549765,42401,592166,6989
2022-04-24,Placer,061,380077,63307,63037,7482,70519,622
2022-04-24,Plumas,063,18699,2984,2934,371,3305,13
2022-04-24,Riverside,065,2383286,594389,592683,28456,621139,6450
2022-04-24,Sacramento,067,1510023,283100,280551,27468,308019,2993
2022-04-24,San Benito,069,59416,12971,12966,520,13486,98
2022-04-24,San Bernardino,071,2135413,571275,566806,25354,592160,7047
2022-04-24,San Diego,073,3302833,758230,758311,53184,811495,5233
2022-04-24,San Francisco,075,870044,129695,128323,8696,137019,857
2022-04-24,San Joaquin,077,732212,167248,166626,10153,176779,2224
2022-04-24,San Luis Obispo,079,281455,52944,52826,3875,56701,476
2022-04-24,San Mateo,081,765935,125512,124106,7376,131482,703
2022-04-24,Santa Barbara,083,443738,86787,86376,4853,91229,685
2022-04-24,Santa Clara,085,1922200,318719,317487,12897,330384,2277
2022-04-24,Santa Cruz,087,273765,49069,48255,2201,50456,261
2022-04-24,Shasta,089,179085,30667,30607,6167,36774,557
2022-04-24,Sierra,091,2930,274,276,49,325,4
2022-04-24,Siskiyou,093,43540,4463,4453,2771,7224,81
2022-04-24,Solano,095,438530,82375,81982,5664,87646,448
2022-04-24,Sonoma,097,501317,85256,84581,2855,87436,486
2022-04-24,Stanislaus,099,539301,117926,117737,17687,135424,1632
2022-04-24,Sutter,101,95872,20573,20605,2151,22756,224
2022-04-24,Tehama,103,63373,12069,12064,2628,14692,201
2022-04-24,Trinity,105,12862,1185,1177,296,1473,20
2022-04-24,Tulare,107,460477,106740,106354,28735,135089,1446
2022-04-24,Tuolumne,109,53932,12711,12664,576,13240,181
2022-04-24,Ventura,111,848112,174654,174091,9516,183607,1479
2022-04-24,Yolo,113,214977,37424,36990,3278,40268,314
2022-04-24,Yuba,115,75493,15921,15888,1228,17116,121
2022-04-23,Alameda,001,1643700,261822,259619,14543,274162,1837
2022-04-23,Alpine,003,1148,124,124,1,125,0
2022-04-23,Amador,005,37829,8563,8509,665,9174,86
2022-04-23,Butte,007,227075,33179,33105,6747,39852,411
2022-04-23,Calaveras,009,45235,7317,7296,361,7657,119
2022-04-23,Colusa,011,21464,3453,3453,1074,4527,21
2022-04-23,Contra Costa,013,1133247,191800,190611,13587,204198,1298
2022-04-23,Del Norte,015,27424,5834,5827,199,6026,50
2022-04-23,El Dorado,017,186661,26942,26837,3264,30101,209
2022-04-23,Fresno,019,978130,232161,231751,24181,255932,2744
2022-04-23,Glenn,021,27897,4991,4989,1620,6609,48
2022-04-23,Humboldt,023,135768,17179,17033,3034,20067,145
2022-04-23,Imperial,025,180216,55533,55434,10863,66297,910
2022-04-23,Inyo,027,18085,4085,4079,510,4589,56
2022-04-23,Kern,029,883053,192352,192012,46477,238489,2267
2022-04-23,Kings,031,150075,51640,51588,3636,55224,444
2022-04-23,Lake,033,64148,10750,10720,904,11624,134
2022-04-23,Lassen,035,31185,8968,8966,890,9856,65
2022-04-23,Los Angeles,037,10098052,2736601,2725630,126495,2852125,31667
2022-04-23,Madera,039,155013,37376,37333,6134,43467,354
2022-04-23,Marin,041,260295,34421,34150,2722,36872,288
2022-04-23,Mariposa,043,17540,2433,2422,206,2628,30
2022-04-23,Mendocino,045,87422,13212,13158,3102,16260,122
2022-04-23,Merced,047,269075,62396,62286,8766,71052,815
2022-04-23,Modoc,049,8938,744,745,253,998,8
2022-04-23,Mono,051,14174,2989,2986,130,3116,6
2022-04-23,Monterey,053,433212,79948,79560,14166,93726,729
2022-04-23,Napa,055,140530,26284,26093,1033,27126,143
2022-04-23,Nevada,057,99092,16088,16052,1230,17282,127
2022-04-23,Orange,059,3164182,551206,549765,42350,592115,6989
2022-04-23,Placer,061,380077,63277,63037,7482,70519,622
2022-04-23,Plumas,063,18699,2984,2934,371,3305,13
2022-04-23,Riverside,065,2383286,594251,592683,28445,621128,6450
2022-04-23,Sacramento,067,1510023,283002,280551,27465,308016,2993
2022-04-23,San Benito,069,59416,12970,12966,520,13486,98
2022-04-23,San Bernardino,071,2135413,571157,566806,25349,592155,7047
2022-04-23,San Diego,073,3302833,757972,758311,53166,811477,5233
2022-04-23,San Francisco,075,870044,129492,128323,8672,136995,857
2022-04-23,San Joaquin,077,732212,167207,166626,10145,176771,2224
2022-04-23,San Luis Obispo,079,281455,52929,52826,3871,56697,476
2022-04-23,San Mateo,081,765935,125354,124106,7365,131471,703
2022-04-23,Santa Barbara,083,443738,86751,86376,4852,91228,685
2022-04-23,Santa Clara,085,1922200,318342,317487,12871,330358,2277
2022-04-23,Santa Cruz,087,273765,49019,48255,2200,50455,261
2022-04-23,Shasta,089,179085,30664,30607,6167,36774,557
2022-04-23,Sierra,091,2930,274,276,49,325,4
2022-04-23,Siskiyou,093,43540,4461,4453,2770,7223,81
2022-04-23,Solano,095,438530,82348,81982,5661,87643,448
2022-04-23,Sonoma,097,501317,85188,84581,2847,87428,486
2022-04-23,Stanislaus,099,539301,117890,117737,17684,135421,1632
2022-04-23,Sutter,101,95872,20567,20605,2151,22756,224
2022-04-23,Tehama,103,63373,12068,12064,2628,14692,201
2022-04-23,Trinity,105,12862,1185,1177,296,1473,20
2022-04-23,Tulare,107,460477,106732,106354,28725,135079,1446
2022-04-23,Tuolumne,109,53932,12706,12664,576,13240,181
2022-04-23,Ventura,111,848112,174592,174091,9509,183600,1479
2022-04-23,Yolo,113,214977,37400,36990,3274,40264,314
2022-04-23,Yuba,115,75493,15919,15888,1228,17116,121
2022-04-22,Alameda,001,1643700,261586,259619,14524,274143,1837
2022-04-22,Alpine,003,1148,124,124,1,125,0
2022-04-22,Amador,005,37829,8562,8509,663,9172,86
2022-04-22,Butte,007,227075,33173,33105,6745,39850,411
2022-04-22,Calaveras,009,45235,7316,7296,361,7657,119
2022-04-22,Colusa,011,21464,3453,3453,1074,4527,21
2022-04-22,Contra Costa,013,1133247,191668,190611,13572,204183,1298
2022-04-22,Del Norte,015,27424,5834,5827,199,6026,50
2022-04-22,El Dorado,017,186661,26929,26837,3259,30096,209
2022-04-22,Fresno,019,978130,232131,231751,24178,255929,2744
2022-04-22,Glenn,021,27897,4990,4989,1620,6609,48
2022-04-22,Humboldt,023,135768,17163,17033,3027,20060,145
2022-04-22,Imperial,025,180216,55527,55434,10863,66297,910
2022-04-22,Inyo,027,18085,4085,4079,509,4588,56
2022-04-22,Kern,029,883053,192332,192012,46473,238485,2267
2022-04-22,Kings,031,150075,51636,51588,3635,55223,444
2022-04-22,Lake,033,64148,10749,10720,904,11624,134
2022-04-22,Lassen,035,31185,8968,8966,890,9856,65
2022-04-22,Los Angeles,037,10098052,2735508,2725630,126434,2852064,31667
2022-04-22,Madera,039,155013,37371,37333,6134,43467,354
2022-04-22,Marin,041,260295,34384,34150,2711,36861,288
2022-04-22,Mariposa,043,17540,2432,2422,206,2628,30
2022-04-22,Mendocino,045,87422,13207,13158,3100,16258,122
2022-04-22,Merced,047,269075,62389,62286,8754,71040,815
2022-04-22,Modoc,049,8938,744,745,253,998,8
2022-04-22,Mono,051,14174,2989,2986,129,3115,6
2022-04-22,Monterey,053,433212,79913,79560,14152,93712,729
2022-04-22,Napa,055,140530,26267,26093,1031,27124,143
2022-04-22,Nevada,057,99092,16088,16052,1230,17282,127
2022-04-22,Orange,059,3164182,551020,549765,42301,592066,6989
2022-04-22,Placer,061,380077,63254,63037,7479,70516,622
2022-04-22,Plumas,063,18699,2984,2934,371,3305,13
2022-04-22,Riverside,065,2383286,594108,592683,28430,621113,6450
2022-04-22,Sacramento,067,1510023,282915,280551,27452,308003,2993
2022-04-22,San Benito,069,59416,12965,12966,520,13486,98
2022-04-22,San Bernardino,071,2135413,571044,566806,25341,592147,7047
2022-04-22,San Diego,073,3302833,757658,758311,53146,811457,5233
2022-04-22,San Francisco,075,870044,129329,128323,8645,136968,857
2022-04-22,San Joaquin,077,732212,167177,166626,10144,176770,2224
2022-04-22,San Luis Obispo,079,281455,52923,52826,3870,56696,476
2022-04-22,San Mateo,081,765935,125192,124106,7351,131457,703
2022-04-22,Santa Barbara,083,443738,86705,86376,4851,91227,685
2022-04-22,Santa Clara,085,1922200,317994,317487,12858,330345,2277
2022-04-22,Santa Cruz,087,273765,48981,48255,2200,50455,261
2022-04-22,Shasta,089,179085,30659,30607,6166,36773,557
2022-04-22,Sierra,091,2930,274,276,48,324,4
2022-04-22,Siskiyou,093,43540,4461,4453,2770,7223,81
2022-04-22,Solano,095,438530,82291,81982,5659,87641,448
2022-04-22,Sonoma,097,501317,85123,84581,2843,87424,486
2022-04-22,Stanislaus,099,539301,117868,117737,17680,135417,1632
2022-04-22,Sutter,101,95872,20561,20605,2151,22756,224
2022-04-22,Tehama,103,63373,12063,12064,2627,14691,201
2022-04-22,Trinity,105,12862,1185,1177,295,1472,20
2022-04-22,Tulare,107,460477,106722,106354,28716,135070,1446
2022-04-22,Tuolumne,109,53932,12699,12664,574,13238,181
2022-04-22,Ventura,111,848112,174517,174091,9498,183589,1479
2022-04-22,Yolo,113,214977,37381,36990,3271,40261,314
2022-04-22,Yuba,115,75493,15916,15888,1227,17115,121
2022-04-21,Alameda,001,1643700,261229,259619,14484,274103,1837
2022-04-21,Alpine,003,1148,124,124,1,125,0
2022-04-21,Amador,005,37829,8559,8509,663,9172,86
2022-04-21,Butte,007,227075,33165,33105,6738,39843,411
2022-04-21,Calaveras,009,45235,7313,7296,361,7657,119
2022-04-21,Colusa,011,21464,3452,3453,1074,4527,21
2022-04-21,Contra Costa,013,1133247,191472,190611,13549,204160,1298
2022-04-21,Del Norte,015,27424,5833,5827,199,6026,50
2022-04-21,El Dorado,017,186661,26913,26837,3258,30095,209
2022-04-21,Fresno,019,978130,232089,231751,24172,255923,2744
2022-04-21,Glenn,021,27897,4990,4989,1619,6608,48
2022-04-21,Humboldt,023,135768,17140,17033,3019,20052,145
2022-04-21,Imperial,025,180216,55518,55434,10863,66297,910
2022-04-21,Inyo,027,18085,4085,4079,509,4588,56
2022-04-21,Kern,029,883053,192299,192012,46457,238469,2267
2022-04-21,Kings,031,150075,51628,51588,3635,55223,444
2022-04-21,Lake,033,64148,10746,10720,903,11623,134
2022-04-21,Lassen,035,31185,8968,8966,890,9856,65
2022-04-21,Los Angeles,037,10098052,2733864,2725630,126324,2851954,31667
2022-04-21,Madera,039,155013,37368,37333,6133,43466,354
2022-04-21,Marin,041,260295,34336,34150,2702,36852,288
2022-04-21,Mariposa,043,17540,2431,2422,206,2628,30
2022-04-21,Mendocino,045,87422,13200,13158,3096,16254,122
2022-04-21,Merced,047,269075,62370,62286,8751,71037,815
2022-04-21,Modoc,049,8938,744,745,253,998,8
2022-04-21,Mono,051,14174,2988,2986,128,3114,6
2022-04-21,Monterey,053,433212,79886,79560,14139,93699,729
2022-04-21,Napa,055,140530,26237,26093,1030,27123,143
2022-04-21,Nevada,057,99092,16084,16052,1230,17282,127
2022-04-21,Orange,059,3164182,550764,549765,42261,592026,6989
2022-04-21,Placer,061,380077,63216,63037,7473,70510,622
2022-04-21,Plumas,063,18699,2984,2934,371,3305,13
2022-04-21,Riverside,065,2383286,593949,592683,28411,621094,6450
2022-04-21,Sacramento,067,1510023,282768,280551,27428,307979,2993
2022-04-21,San Benito,069,59416,12959,12966,520,13486,98
2022-04-21,San Bernardino,071,2135413,570855,566806,25331,592137,7047
2022-04-21,San Diego,073,3302833,757235,758311,53105,811416,5233
2022-04-21,San Francisco,075,870044,129106,128323,8618,136941,857
2022-04-21,San Joaquin,077,732212,167124,166626,10139,176765,2224
2022-04-21,San Luis Obispo,079,281455,52903,52826,3864,56690,476
2022-04-21,San Mateo,081,765935,124991,124106,7330,131436,703
2022-04-21,Santa Barbara,083,443738,86646,86376,4847,91223,685
2022-04-21,Santa Clara,085,1922200,317545,317487,12836,330323,2277
2022-04-21,Santa Cruz,087,273765,48936,48255,2197,50452,261
2022-04-21,Shasta,089,179085,30651,30607,6166,36773,557
2022-04-21,Sierra,091,2930,274,276,48,324,4
2022-04-21,Siskiyou,093,43540,4461,4453,2770,7223,81
2022-04-21,Solano,095,438530,82229,81982,5652,87634,448
2022-04-21,Sonoma,097,501317,85012,84581,2824,87405,486
2022-04-21,Stanislaus,099,539301,117830,117737,17672,135409,1632
2022-04-21,Sutter,101,95872,20552,20605,2150,22755,224
2022-04-21,Tehama,103,63373,12063,12064,2627,14691,201
2022-04-21,Trinity,105,12862,1185,1177,295,1472,20
2022-04-21,Tulare,107,460477,106715,106354,28712,135066,1446
2022-04-21,Tuolumne,109,53932,12694,12664,573,13237,181
2022-04-21,Ventura,111,848112,174434,174091,9493,183584,1479
2022-04-21,Yolo,113,214977,37361,36990,3271,40261,314
2022-04-21,Yuba,115,75493,15914,15888,1227,17115,121
2022-04-20,Alameda,001,1643700,260865,258734,14458,273192,1832
2022-04-20,Alpine,003,1148,124,124,1,125,0
2022-04-20,Amador,005,37829,8557,8494,663,9157,86
2022-04-20,Butte,007,227075,33158,33083,6730,39813,408
2022-04-20,Calaveras,009,45235,7307,7288,360,7648,119
2022-04-20,Colusa,011,21464,3452,3453,1074,4527,21
2022-04-20,Contra Costa,013,1133247,191243,190042,13525,203567,1299
2022-04-20,Del Norte,015,27424,5828,5814,199,6013,50
2022-04-20,El Dorado,017,186661,26898,26821,3253,30074,209
2022-04-20,Fresno,019,978130,232039,231568,24170,255738,2740
2022-04-20,Glenn,021,27897,4989,4988,1616,6604,48
2022-04-20,Humboldt,023,135768,17118,16976,3015,19991,145
2022-04-20,Imperial,025,180216,55510,55405,10860,66265,910
2022-04-20,Inyo,027,18085,4085,4075,508,4583,56
2022-04-20,Kern,029,883053,192264,191915,46440,238355,2262
2022-04-20,Kings,031,150075,51619,51571,3633,55204,445
2022-04-20,Lake,033,64148,10746,10711,903,11614,134
2022-04-20,Lassen,035,31185,8968,8951,890,9841,65
2022-04-20,Los Angeles,037,10098052,2732126,2721699,126212,2847911,31630
2022-04-20,Madera,039,155013,37365,37333,6130,43463,354
2022-04-20,Marin,041,260295,34295,33985,2678,36663,288
2022-04-20,Mariposa,043,17540,2429,2412,206,2618,30
2022-04-20,Mendocino,045,87422,13194,13128,3086,16214,122
2022-04-20,Merced,047,269075,62360,62322,8736,71058,813
2022-04-20,Modoc,049,8938,744,744,253,997,8
2022-04-20,Mono,051,14174,2987,2984,128,3112,6
2022-04-20,Monterey,053,433212,79841,79419,14117,93536,727
2022-04-20,Napa,055,140530,26203,26016,1027,27043,143
2022-04-20,Nevada,057,99092,16074,16034,1228,17262,127
2022-04-20,Orange,059,3164182,550437,549136,42212,591348,6963
2022-04-20,Placer,061,380077,63191,62928,7469,70397,619
2022-04-20,Plumas,063,18699,2984,2932,371,3303,13
2022-04-20,Riverside,065,2383286,593755,592224,28388,620612,6447
2022-04-20,Sacramento,067,1510023,282625,279326,27409,306735,2987
2022-04-20,San Benito,069,59416,12953,12971,520,13491,98
2022-04-20,San Bernardino,071,2135413,570649,565405,25313,590718,6977
2022-04-20,San Diego,073,3302833,756795,757138,53049,810187,5231
2022-04-20,San Francisco,075,870044,128800,127594,8598,136192,854
2022-04-20,San Joaquin,077,732212,167053,166531,10130,176661,2222
2022-04-20,San Luis Obispo,079,281455,52876,52740,3856,56596,476
2022-04-20,San Mateo,081,765935,124773,123279,7298,130577,701
2022-04-20,Santa Barbara,083,443738,86609,86214,4842,91056,685
2022-04-20,Santa Clara,085,1922200,317137,316355,12800,329155,2274
2022-04-20,Santa Cruz,087,273765,48873,47997,2193,50190,261
2022-04-20,Shasta,089,179085,30647,30590,6165,36755,554
2022-04-20,Sierra,091,2930,274,276,48,324,4
2022-04-20,Siskiyou,093,43540,4460,4446,2769,7215,80
2022-04-20,Solano,095,438530,82157,81841,5650,87491,447
2022-04-20,Sonoma,097,501317,84924,84429,2800,87229,485
2022-04-20,Stanislaus,099,539301,117795,117540,17662,135202,1630
2022-04-20,Sutter,101,95872,20545,20632,2150,22782,224
2022-04-20,Tehama,103,63373,12060,12061,2626,14687,199
2022-04-20,Trinity,105,12862,1185,1178,295,1473,20
2022-04-20,Tulare,107,460477,106707,105974,28701,134675,1439
2022-04-20,Tuolumne,109,53932,12689,12648,572,13220,180
2022-04-20,Ventura,111,848112,174346,173904,9484,183388,1475
2022-04-20,Yolo,113,214977,37332,36785,3267,40052,311
2022-04-20,Yuba,115,75493,15910,15868,1225,17093,121
2022-04-19,Alameda,001,1643700,260510,258734,14423,273157,1832
2022-04-19,Alpine,003,1148,124,124,1,125,0
2022-04-19,Amador,005,37829,8553,8494,661,9155,86
2022-04-19,Butte,007,227075,33151,33083,6726,39809,408
2022-04-19,Calaveras,009,45235,7304,7288,360,7648,119
2022-04-19,Colusa,011,21464,3452,3453,1074,4527,21
2022-04-19,Contra Costa,013,1133247,190996,190042,13511,203553,1299
2022-04-19,Del Norte,015,27424,5826,5814,197,6011,50
2022-04-19,El Dorado,017,186661,26883,26821,3250,30071,209
2022-04-19,Fresno,019,978130,231984,231568,24161,255729,2740
2022-04-19,Glenn,021,27897,4988,4988,1616,6604,48
2022-04-19,Humboldt,023,135768,17080,16976,3005,19981,145
2022-04-19,Imperial,025,180216,55503,55405,10856,66261,910
2022-04-19,Inyo,027,18085,4082,4075,508,4583,56
2022-04-19,Kern,029,883053,192228,191915,46428,238343,2262
2022-04-19,Kings,031,150075,51605,51571,3632,55203,445
2022-04-19,Lake,033,64148,10742,10711,903,11614,134
2022-04-19,Lassen,035,31185,8968,8951,890,9841,65
2022-04-19,Los Angeles,037,10098052,2730330,2721699,126085,2847784,31630
2022-04-19,Madera,039,155013,37362,37333,6129,43462,354
2022-04-19,Marin,041,260295,34244,33985,2661,36646,288
2022-04-19,Mariposa,043,17540,2429,2412,205,2617,30
2022-04-19,Mendocino,045,87422,13186,13128,3076,16204,122
2022-04-19,Merced,047,269075,62341,62322,8731,71053,813
2022-04-19,Modoc,049,8938,744,744,253,997,8
2022-04-19,Mono,051,14174,2987,2984,128,3112,6
2022-04-19,Monterey,053,433212,79820,79419,14104,93523,727
2022-04-19,Napa,055,140530,26180,26016,1019,27035,143
2022-04-19,Nevada,057,99092,16068,16034,1226,17260,127
2022-04-19,Orange,059,3164182,550158,549136,42167,591303,6963
2022-04-19,Placer,061,380077,63159,62928,7464,70392,619
2022-04-19,Plumas,063,18699,2984,2932,371,3303,13
2022-04-19,Riverside,065,2383286,593572,592224,28373,620597,6447
2022-04-19,Sacramento,067,1510023,282450,279326,27385,306711,2987
2022-04-19,San Benito,069,59416,12947,12971,520,13491,98
2022-04-19,San Bernardino,071,2135413,570433,565405,25290,590695,6977
2022-04-19,San Diego,073,3302833,756337,757138,52995,810133,5231
2022-04-19,San Francisco,075,870044,128467,127594,8581,136175,854
2022-04-19,San Joaquin,077,732212,167002,166531,10124,176655,2222
2022-04-19,San Luis Obispo,079,281455,52841,52740,3848,56588,476
2022-04-19,San Mateo,081,765935,124543,123279,7276,130555,701
2022-04-19,Santa Barbara,083,443738,86555,86214,4835,91049,685
2022-04-19,Santa Clara,085,1922200,316716,316355,12770,329125,2274
2022-04-19,Santa Cruz,087,273765,48818,47997,2191,50188,261
2022-04-19,Shasta,089,179085,30635,30590,6164,36754,554
2022-04-19,Sierra,091,2930,274,276,48,324,4
2022-04-19,Siskiyou,093,43540,4459,4446,2767,7213,80
2022-04-19,Solano,095,438530,82079,81841,5645,87486,447
2022-04-19,Sonoma,097,501317,84820,84429,2777,87206,485
2022-04-19,Stanislaus,099,539301,117768,117540,17658,135198,1630
2022-04-19,Sutter,101,95872,20545,20632,2150,22782,224
2022-04-19,Tehama,103,63373,12059,12061,2626,14687,199
2022-04-19,Trinity,105,12862,1184,1178,295,1473,20
2022-04-19,Tulare,107,460477,106691,105974,28695,134669,1439
2022-04-19,Tuolumne,109,53932,12687,12648,572,13220,180
2022-04-19,Ventura,111,848112,174252,173904,9474,183378,1475
2022-04-19,Yolo,113,214977,37299,36785,3265,40050,311
2022-04-19,Yuba,115,75493,15903,15868,1225,17093,121
2022-04-18,Alameda,001,1643700,260124,258734,14401,273135,1832
2022-04-18,Alpine,003,1148,124,124,1,125,0
2022-04-18,Amador,005,37829,8552,8494,660,9154,86
2022-04-18,Butte,007,227075,33147,33083,6721,39804,408
2022-04-18,Calaveras,009,45235,7300,7288,359,7647,119
2022-04-18,Colusa,011,21464,3451,3453,1074,4527,21
2022-04-18,Contra Costa,013,1133247,190760,190042,13491,203533,1299
2022-04-18,Del Norte,015,27424,5821,5814,197,6011,50
2022-04-18,El Dorado,017,186661,26866,26821,3247,30068,209
2022-04-18,Fresno,019,978130,231939,231568,24150,255718,2740
2022-04-18,Glenn,021,27897,4987,4988,1615,6603,48
2022-04-18,Humboldt,023,135768,17048,16976,3003,19979,145
2022-04-18,Imperial,025,180216,55491,55405,10854,66259,910
2022-04-18,Inyo,027,18085,4082,4075,508,4583,56
2022-04-18,Kern,029,883053,192183,191915,46416,238331,2262
2022-04-18,Kings,031,150075,51600,51571,3632,55203,445
2022-04-18,Lake,033,64148,10738,10711,903,11614,134
2022-04-18,Lassen,035,31185,8968,8951,890,9841,65
2022-04-18,Los Angeles,037,10098052,2728496,2721699,125971,2847670,31630
2022-04-18,Madera,039,155013,37354,37333,6128,43461,354
2022-04-18,Marin,041,260295,34180,33985,2637,36622,288
2022-04-18,Mariposa,043,17540,2427,2412,205,2617,30
2022-04-18,Mendocino,045,87422,13169,13128,3070,16198,122
2022-04-18,Merced,047,269075,62329,62322,8725,71047,813
2022-04-18,Modoc,049,8938,743,744,253,997,8
2022-04-18,Mono,051,14174,2986,2984,128,3112,6
2022-04-18,Monterey,053,433212,79746,79419,14088,93507,727
2022-04-18,Napa,055,140530,26144,26016,1018,27034,143
2022-04-18,Nevada,057,99092,16058,16034,1224,17258,127
2022-04-18,Orange,059,3164182,549869,549136,42133,591269,6963
2022-04-18,Placer,061,380077,63126,62928,7462,70390,619
2022-04-18,Plumas,063,18699,2984,2932,371,3303,13
2022-04-18,Riverside,065,2383286,593364,592224,28353,620577,6447
2022-04-18,Sacramento,067,1510023,282294,279326,27372,306698,2987
2022-04-18,San Benito,069,59416,12941,12971,520,13491,98
2022-04-18,San Bernardino,071,2135413,570223,565405,25267,590672,6977
2022-04-18,San Diego,073,3302833,755870,757138,52946,810084,5231
2022-04-18,San Francisco,075,870044,128148,127594,8569,136163,854
2022-04-18,San Joaquin,077,732212,166943,166531,10117,176648,2222
2022-04-18,San Luis Obispo,079,281455,52813,52740,3843,56583,476
2022-04-18,San Mateo,081,765935,124311,123279,7254,130533,701
2022-04-18,Santa Barbara,083,443738,86484,86214,4832,91046,685
2022-04-18,Santa Clara,085,1922200,316268,316355,12745,329100,2274
2022-04-18,Santa Cruz,087,273765,48713,47997,2186,50183,261
2022-04-18,Shasta,089,179085,30629,30590,6162,36752,554
2022-04-18,Sierra,091,2930,274,276,48,324,4
2022-04-18,Siskiyou,093,43540,4458,4446,2766,7212,80
2022-04-18,Solano,095,438530,82018,81841,5640,87481,447
2022-04-18,Sonoma,097,501317,84721,84429,2763,87192,485
2022-04-18,Stanislaus,099,539301,117738,117540,17654,135194,1630
2022-04-18,Sutter,101,95872,20543,20632,2147,22779,224
2022-04-18,Tehama,103,63373,12055,12061,2626,14687,199
2022-04-18,Trinity,105,12862,1184,1178,295,1473,20
2022-04-18,Tulare,107,460477,106677,105974,28684,134658,1439
2022-04-18,Tuolumne,109,53932,12680,12648,571,13219,180
2022-04-18,Ventura,111,848112,174160,173904,9467,183371,1475
2022-04-18,Yolo,113,214977,37256,36785,3265,40050,311
2022-04-18,Yuba,115,75493,15894,15868,1222,17090,121
2022-04-17,Alameda,001,1643700,259735,257897,14374,272271,1829
2022-04-17,Alpine,003,1148,124,124,1,125,0
2022-04-17,Amador,005,37829,8547,8491,658,9149,86
2022-04-17,Butte,007,227075,33144,33053,6718,39771,405
2022-04-17,Calaveras,009,45235,7297,7275,357,7632,119
2022-04-17,Colusa,011,21464,3450,3450,1074,4524,21
2022-04-17,Contra Costa,013,1133247,190531,189742,13455,203197,1298
2022-04-17,Del Norte,015,27424,5817,5809,197,6006,50
2022-04-17,El Dorado,017,186661,26854,26796,3246,30042,209
2022-04-17,Fresno,019,978130,231861,231455,24144,255599,2739
2022-04-17,Glenn,021,27897,4987,4991,1615,6606,48
2022-04-17,Humboldt,023,135768,17014,16929,3000,19929,143
2022-04-17,Imperial,025,180216,55482,55371,10852,66223,910
2022-04-17,Inyo,027,18085,4080,4075,508,4583,56
2022-04-17,Kern,029,883053,192148,191866,46401,238267,2258
2022-04-17,Kings,031,150075,51589,51544,3630,55174,445
2022-04-17,Lake,033,64148,10737,10702,903,11605,134
2022-04-17,Lassen,035,31185,8968,8950,890,9840,65
2022-04-17,Los Angeles,037,10098052,2726502,2717479,125853,2843332,31598
2022-04-17,Madera,039,155013,37348,37362,6128,43490,354
2022-04-17,Marin,041,260295,34113,33829,2607,36436,288
2022-04-17,Mariposa,043,17540,2419,2406,205,2611,30
2022-04-17,Mendocino,045,87422,13154,13107,3066,16173,122
2022-04-17,Merced,047,269075,62310,62295,8722,71017,813
2022-04-17,Modoc,049,8938,743,743,253,996,8
2022-04-17,Mono,051,14174,2985,2977,128,3105,6
2022-04-17,Monterey,053,433212,79714,79311,14067,93378,727
2022-04-17,Napa,055,140530,26100,25929,1012,26941,143
2022-04-17,Nevada,057,99092,16042,16014,1221,17235,123
2022-04-17,Orange,059,3164182,549502,548311,42081,590392,6945
2022-04-17,Placer,061,380077,63086,62882,7456,70338,618
2022-04-17,Plumas,063,18699,2984,2929,371,3300,13
2022-04-17,Riverside,065,2383286,593146,591772,28330,620102,6443
2022-04-17,Sacramento,067,1510023,282132,278523,27346,305869,2978
2022-04-17,San Benito,069,59416,12938,12926,519,13445,98
2022-04-17,San Bernardino,071,2135413,569983,564397,25251,589648,6948
2022-04-17,San Diego,073,3302833,755385,756165,52878,809043,5229
2022-04-17,San Francisco,075,870044,127829,126976,8553,135529,854
2022-04-17,San Joaquin,077,732212,166893,166645,10110,176755,2220
2022-04-17,San Luis Obispo,079,281455,52744,52698,3839,56537,476
2022-04-17,San Mateo,081,765935,124075,122652,7240,129892,699
2022-04-17,Santa Barbara,083,443738,86426,86030,4826,90856,684
2022-04-17,Santa Clara,085,1922200,315772,315296,12717,328013,2268
2022-04-17,Santa Cruz,087,273765,48591,47895,2183,50078,261
2022-04-17,Shasta,089,179085,30618,30578,6158,36736,554
2022-04-17,Sierra,091,2930,274,276,48,324,4
2022-04-17,Siskiyou,093,43540,4453,4444,2765,7209,80
2022-04-17,Solano,095,438530,81955,81781,5637,87418,447
2022-04-17,Sonoma,097,501317,84610,84172,2755,86927,485
2022-04-17,Stanislaus,099,539301,117708,117567,17646,135213,1619
2022-04-17,Sutter,101,95872,20538,20621,2146,22767,224
2022-04-17,Tehama,103,63373,12054,12061,2626,14687,199
2022-04-17,Trinity,105,12862,1183,1178,295,1473,20
2022-04-17,Tulare,107,460477,106663,105757,28675,134432,1428
2022-04-17,Tuolumne,109,53932,12674,12640,571,13211,180
2022-04-17,Ventura,111,848112,174064,173665,9455,183120,1474
2022-04-17,Yolo,113,214977,37227,36752,3263,40015,311
2022-04-17,Yuba,115,75493,15888,15857,1222,17079,121
2022-04-16,Alameda,001,1643700,259580,257897,14364,272261,1829
2022-04-16,Alpine,003,1148,124,124,1,125,0
2022-04-16,Amador,005,37829,8545,8491,658,9149,86
2022-04-16,Butte,007,227075,33141,33053,6716,39769,405
2022-04-16,Calaveras,009,45235,7295,7275,357,7632,119
2022-04-16,Colusa,011,21464,3450,3450,1074,4524,21
2022-04-16,Contra Costa,013,1133247,190440,189742,13449,203191,1298
2022-04-16,Del Norte,015,27424,5817,5809,197,6006,50
2022-04-16,El Dorado,017,186661,26843,26796,3246,30042,209
2022-04-16,Fresno,019,978130,231834,231455,24143,255598,2739
2022-04-16,Glenn,021,27897,4987,4991,1615,6606,48
2022-04-16,Humboldt,023,135768,17006,16929,2995,19924,143
2022-04-16,Imperial,025,180216,55476,55371,10851,66222,910
2022-04-16,Inyo,027,18085,4080,4075,508,4583,56
2022-04-16,Kern,029,883053,192137,191866,46388,238254,2258
2022-04-16,Kings,031,150075,51586,51544,3630,55174,445
2022-04-16,Lake,033,64148,10735,10702,903,11605,134
2022-04-16,Lassen,035,31185,8968,8950,890,9840,65
2022-04-16,Los Angeles,037,10098052,2725795,2717479,125803,2843282,31598
2022-04-16,Madera,039,155013,37346,37362,6128,43490,354
2022-04-16,Marin,041,260295,34075,33829,2581,36410,288
2022-04-16,Mariposa,043,17540,2418,2406,205,2611,30
2022-04-16,Mendocino,045,87422,13148,13107,3066,16173,122
2022-04-16,Merced,047,269075,62307,62295,8722,71017,813
2022-04-16,Modoc,049,8938,743,743,253,996,8
2022-04-16,Mono,051,14174,2985,2977,128,3105,6
2022-04-16,Monterey,053,433212,79698,79311,14058,93369,727
2022-04-16,Napa,055,140530,26077,25929,1009,26938,143
2022-04-16,Nevada,057,99092,16039,16014,1220,17234,123
2022-04-16,Orange,059,3164182,549387,548311,42052,590363,6945
2022-04-16,Placer,061,380077,63070,62882,7454,70336,618
2022-04-16,Plumas,063,18699,2982,2929,371,3300,13
2022-04-16,Riverside,065,2383286,593066,591772,28324,620096,6443
2022-04-16,Sacramento,067,1510023,282081,278523,27338,305861,2978
2022-04-16,San Benito,069,59416,12937,12926,519,13445,98
2022-04-16,San Bernardino,071,2135413,569884,564397,25247,589644,6948
2022-04-16,San Diego,073,3302833,755240,756165,52866,809031,5229
2022-04-16,San Francisco,075,870044,127674,126976,8544,135520,854
2022-04-16,San Joaquin,077,732212,166853,166645,10106,176751,2220
2022-04-16,San Luis Obispo,079,281455,52738,52698,3838,56536,476
2022-04-16,San Mateo,081,765935,123979,122652,7234,129886,699
2022-04-16,Santa Barbara,083,443738,86396,86030,4826,90856,684
2022-04-16,Santa Clara,085,1922200,315533,315296,12708,328004,2268
2022-04-16,Santa Cruz,087,273765,48564,47895,2183,50078,261
2022-04-16,Shasta,089,179085,30614,30578,6158,36736,554
2022-04-16,Sierra,091,2930,274,276,48,324,4
2022-04-16,Siskiyou,093,43540,4453,4444,2765,7209,80
2022-04-16,Solano,095,438530,81940,81781,5634,87415,447
2022-04-16,Sonoma,097,501317,84560,84172,2745,86917,485
2022-04-16,Stanislaus,099,539301,117688,117567,17641,135208,1619
2022-04-16,Sutter,101,95872,20534,20621,2146,22767,224
2022-04-16,Tehama,103,63373,12053,12061,2626,14687,199
2022-04-16,Trinity,105,12862,1183,1178,295,1473,20
2022-04-16,Tulare,107,460477,106652,105757,28672,134429,1428
2022-04-16,Tuolumne,109,53932,12673,12640,571,13211,180
2022-04-16,Ventura,111,848112,174035,173665,9452,183117,1474
2022-04-16,Yolo,113,214977,37218,36752,3262,40014,311
2022-04-16,Yuba,115,75493,15884,15857,1222,17079,121
2022-04-15,Alameda,001,1643700,259396,257897,14356,272253,1829
2022-04-15,Alpine,003,1148,124,124,1,125,0
2022-04-15,Amador,005,37829,8544,8491,657,9148,86
2022-04-15,Butte,007,227075,33139,33053,6713,39766,405
2022-04-15,Calaveras,009,45235,7293,7275,357,7632,119
2022-04-15,Colusa,011,21464,3450,3450,1074,4524,21
2022-04-15,Contra Costa,013,1133247,190323,189742,13445,203187,1298
2022-04-15,Del Norte,015,27424,5817,5809,197,6006,50
2022-04-15,El Dorado,017,186661,26829,26796,3245,30041,209
2022-04-15,Fresno,019,978130,231805,231455,24143,255598,2739
2022-04-15,Glenn,021,27897,4987,4991,1615,6606,48
2022-04-15,Humboldt,023,135768,16994,16929,2994,19923,143
2022-04-15,Imperial,025,180216,55474,55371,10851,66222,910
2022-04-15,Inyo,027,18085,4080,4075,507,4582,56
2022-04-15,Kern,029,883053,192122,191866,46380,238246,2258
2022-04-15,Kings,031,150075,51582,51544,3630,55174,445
2022-04-15,Lake,033,64148,10730,10702,903,11605,134
2022-04-15,Lassen,035,31185,8968,8950,890,9840,65
2022-04-15,Los Angeles,037,10098052,2725021,2717479,125737,2843216,31598
2022-04-15,Madera,039,155013,37344,37362,6128,43490,354
2022-04-15,Marin,041,260295,34041,33829,2560,36389,288
2022-04-15,Mariposa,043,17540,2417,2406,205,2611,30
2022-04-15,Mendocino,045,87422,13142,13107,3065,16172,122
2022-04-15,Merced,047,269075,62303,62295,8722,71017,813
2022-04-15,Modoc,049,8938,743,743,253,996,8
2022-04-15,Mono,051,14174,2981,2977,127,3104,6
2022-04-15,Monterey,053,433212,79671,79311,14052,93363,727
2022-04-15,Napa,055,140530,26060,25929,1007,26936,143
2022-04-15,Nevada,057,99092,16037,16014,1219,17233,123
2022-04-15,Orange,059,3164182,549266,548311,42022,590333,6945
2022-04-15,Placer,061,380077,63056,62882,7453,70335,618
2022-04-15,Plumas,063,18699,2982,2929,371,3300,13
2022-04-15,Riverside,065,2383286,592965,591772,28318,620090,6443
2022-04-15,Sacramento,067,1510023,282001,278523,27334,305857,2978
2022-04-15,San Benito,069,59416,12935,12926,518,13444,98
2022-04-15,San Bernardino,071,2135413,569802,564397,25243,589640,6948
2022-04-15,San Diego,073,3302833,755050,756165,52851,809016,5229
2022-04-15,San Francisco,075,870044,127523,126976,8531,135507,854
2022-04-15,San Joaquin,077,732212,166831,166645,10103,176748,2220
2022-04-15,San Luis Obispo,079,281455,52730,52698,3838,56536,476
2022-04-15,San Mateo,081,765935,123848,122652,7223,129875,699
2022-04-15,Santa Barbara,083,443738,86362,86030,4825,90855,684
2022-04-15,Santa Clara,085,1922200,315240,315296,12700,327996,2268
2022-04-15,Santa Cruz,087,273765,48536,47895,2182,50077,261
2022-04-15,Shasta,089,179085,30605,30578,6158,36736,554
2022-04-15,Sierra,091,2930,274,276,48,324,4
2022-04-15,Siskiyou,093,43540,4451,4444,2765,7209,80
2022-04-15,Solano,095,438530,81915,81781,5634,87415,447
2022-04-15,Sonoma,097,501317,84508,84172,2730,86902,485
2022-04-15,Stanislaus,099,539301,117669,117567,17639,135206,1619
2022-04-15,Sutter,101,95872,20531,20621,2146,22767,224
2022-04-15,Tehama,103,63373,12053,12061,2626,14687,199
2022-04-15,Trinity,105,12862,1183,1178,295,1473,20
2022-04-15,Tulare,107,460477,106646,105757,28666,134423,1428
2022-04-15,Tuolumne,109,53932,12670,12640,570,13210,180
2022-04-15,Ventura,111,848112,174007,173665,9445,183110,1474
2022-04-15,Yolo,113,214977,37207,36752,3262,40014,311
2022-04-15,Yuba,115,75493,15881,15857,1222,17079,121
2022-04-14,Alameda,001,1643700,259129,257897,14345,272242,1829
2022-04-14,Alpine,003,1148,124,124,1,125,0
2022-04-14,Amador,005,37829,8544,8491,657,9148,86
2022-04-14,Butte,007,227075,33134,33053,6707,39760,405
2022-04-14,Calaveras,009,45235,7292,7275,357,7632,119
2022-04-14,Colusa,011,21464,3450,3450,1074,4524,21
2022-04-14,Contra Costa,013,1133247,190169,189742,13435,203177,1298
2022-04-14,Del Norte,015,27424,5815,5809,197,6006,50
2022-04-14,El Dorado,017,186661,26826,26796,3243,30039,209
2022-04-14,Fresno,019,978130,231779,231455,24142,255597,2739
2022-04-14,Glenn,021,27897,4986,4991,1613,6604,48
2022-04-14,Humboldt,023,135768,16979,16929,2992,19921,143
2022-04-14,Imperial,025,180216,55464,55371,10851,66222,910
2022-04-14,Inyo,027,18085,4080,4075,506,4581,56
2022-04-14,Kern,029,883053,192103,191866,46372,238238,2258
2022-04-14,Kings,031,150075,51574,51544,3630,55174,445
2022-04-14,Lake,033,64148,10729,10702,903,11605,134
2022-04-14,Lassen,035,31185,8968,8950,889,9839,65
2022-04-14,Los Angeles,037,10098052,2723935,2717479,125646,2843125,31598
2022-04-14,Madera,039,155013,37342,37362,6128,43490,354
2022-04-14,Marin,041,260295,34007,33829,2533,36362,288
2022-04-14,Mariposa,043,17540,2416,2406,205,2611,30
2022-04-14,Mendocino,045,87422,13137,13107,3065,16172,122
2022-04-14,Merced,047,269075,62298,62295,8722,71017,813
2022-04-14,Modoc,049,8938,742,743,253,996,8
2022-04-14,Mono,051,14174,2981,2977,125,3102,6
2022-04-14,Monterey,053,433212,79646,79311,14046,93357,727
2022-04-14,Napa,055,140530,26038,25929,1006,26935,143
2022-04-14,Nevada,057,99092,16029,16014,1218,17232,123
2022-04-14,Orange,059,3164182,549077,548311,41995,590306,6945
2022-04-14,Placer,061,380077,63038,62882,7448,70330,618
2022-04-14,Plumas,063,18699,2982,2929,371,3300,13
2022-04-14,Riverside,065,2383286,592849,591772,28308,620080,6443
2022-04-14,Sacramento,067,1510023,281881,278523,27320,305843,2978
2022-04-14,San Benito,069,59416,12929,12926,518,13444,98
2022-04-14,San Bernardino,071,2135413,569631,564397,25237,589634,6948
2022-04-14,San Diego,073,3302833,754772,756165,52818,808983,5229
2022-04-14,San Francisco,075,870044,127322,126976,8520,135496,854
2022-04-14,San Joaquin,077,732212,166800,166645,10100,176745,2220
2022-04-14,San Luis Obispo,079,281455,52714,52698,3835,56533,476
2022-04-14,San Mateo,081,765935,123693,122652,7204,129856,699
2022-04-14,Santa Barbara,083,443738,86317,86030,4824,90854,684
2022-04-14,Santa Clara,085,1922200,314938,315296,12691,327987,2268
2022-04-14,Santa Cruz,087,273765,48506,47895,2181,50076,261
2022-04-14,Shasta,089,179085,30603,30578,6157,36735,554
2022-04-14,Sierra,091,2930,274,276,48,324,4
2022-04-14,Siskiyou,093,43540,4451,4444,2764,7208,80
2022-04-14,Solano,095,438530,81876,81781,5627,87408,447
2022-04-14,Sonoma,097,501317,84414,84172,2725,86897,485
2022-04-14,Stanislaus,099,539301,117649,117567,17636,135203,1619
2022-04-14,Sutter,101,95872,20529,20621,2137,22758,224
2022-04-14,Tehama,103,63373,12052,12061,2625,14686,199
2022-04-14,Trinity,105,12862,1183,1178,295,1473,20
2022-04-14,Tulare,107,460477,106632,105757,28662,134419,1428
2022-04-14,Tuolumne,109,53932,12666,12640,570,13210,180
2022-04-14,Ventura,111,848112,173958,173665,9438,183103,1474
2022-04-14,Yolo,113,214977,37196,36752,3258,40010,311
2022-04-14,Yuba,115,75493,15878,15857,1222,17079,121
2022-04-13,Alameda,001,1643700,258878,257440,14326,271766,1833
2022-04-13,Alpine,003,1148,124,124,1,125,0
2022-04-13,Amador,005,37829,8542,8490,657,9147,86
2022-04-13,Butte,007,227075,33126,33044,6707,39751,402
2022-04-13,Calaveras,009,45235,7291,7270,357,7627,119
2022-04-13,Colusa,011,21464,3450,3451,1074,4525,21
2022-04-13,Contra Costa,013,1133247,190037,189471,13420,202891,1298
2022-04-13,Del Norte,015,27424,5813,5812,197,6009,50
2022-04-13,El Dorado,017,186661,26822,26794,3243,30037,208
2022-04-13,Fresno,019,978130,231747,231325,24130,255455,2738
2022-04-13,Glenn,021,27897,4985,4989,1613,6602,48
2022-04-13,Humboldt,023,135768,16965,16922,2991,19913,143
2022-04-13,Imperial,025,180216,55452,55353,10846,66199,910
2022-04-13,Inyo,027,18085,4080,4074,503,4577,56
2022-04-13,Kern,029,883053,192078,191859,46366,238225,2249
2022-04-13,Kings,031,150075,51568,51535,3630,55165,443
2022-04-13,Lake,033,64148,10727,10695,903,11598,134
2022-04-13,Lassen,035,31185,8967,8949,889,9838,65
2022-04-13,Los Angeles,037,10098052,2722677,2715722,125572,2841294,31578
2022-04-13,Madera,039,155013,37339,37361,6127,43488,354
2022-04-13,Marin,041,260295,33968,33747,2503,36250,288
2022-04-13,Mariposa,043,17540,2410,2402,205,2607,29
2022-04-13,Mendocino,045,87422,13128,13101,3063,16164,120
2022-04-13,Merced,047,269075,62288,62276,8721,70997,811
2022-04-13,Modoc,049,8938,742,743,253,996,8
2022-04-13,Mono,051,14174,2979,2971,125,3096,6
2022-04-13,Monterey,053,433212,79633,79179,14036,93215,727
2022-04-13,Napa,055,140530,26021,25892,1003,26895,143
2022-04-13,Nevada,057,99092,16023,16002,1218,17220,123
2022-04-13,Orange,059,3164182,548875,547783,41968,589751,6935
2022-04-13,Placer,061,380077,63011,62851,7444,70295,615
2022-04-13,Plumas,063,18699,2981,2923,371,3294,13
2022-04-13,Riverside,065,2383286,592710,591659,28301,619960,6437
2022-04-13,Sacramento,067,1510023,281795,277866,27317,305183,2974
2022-04-13,San Benito,069,59416,12923,12927,518,13445,98
2022-04-13,San Bernardino,071,2135413,569487,563709,25229,588938,6905
2022-04-13,San Diego,073,3302833,754486,755584,52789,808373,5223
2022-04-13,San Francisco,075,870044,127152,126608,8504,135112,850
2022-04-13,San Joaquin,077,732212,166765,166654,10098,176752,2219
2022-04-13,San Luis Obispo,079,281455,52690,52660,3835,56495,476
2022-04-13,San Mateo,081,765935,123543,122167,7181,129348,699
2022-04-13,Santa Barbara,083,443738,86277,85938,4820,90758,684
2022-04-13,Santa Clara,085,1922200,314669,314863,12673,327536,2267
2022-04-13,Santa Cruz,087,273765,48452,47765,2180,49945,260
2022-04-13,Shasta,089,179085,30601,30569,6157,36726,551
2022-04-13,Sierra,091,2930,274,276,48,324,4
2022-04-13,Siskiyou,093,43540,4450,4444,2763,7207,80
2022-04-13,Solano,095,438530,81838,81843,5625,87468,448
2022-04-13,Sonoma,097,501317,84346,84033,2710,86743,485
2022-04-13,Stanislaus,099,539301,117631,117573,17633,135206,1577
2022-04-13,Sutter,101,95872,20525,20610,2137,22747,223
2022-04-13,Tehama,103,63373,12051,12062,2624,14686,200
2022-04-13,Trinity,105,12862,1183,1177,295,1472,20
2022-04-13,Tulare,107,460477,106625,105519,28657,134176,1426
2022-04-13,Tuolumne,109,53932,12660,12639,570,13209,180
2022-04-13,Ventura,111,848112,173900,173558,9434,182992,1474
2022-04-13,Yolo,113,214977,37175,36684,3256,39940,311
2022-04-13,Yuba,115,75493,15874,15851,1222,17073,121
2022-04-12,Alameda,001,1643700,258634,257440,14316,271756,1833
2022-04-12,Alpine,003,1148,124,124,1,125,0
2022-04-12,Amador,005,37829,8541,8490,657,9147,86
2022-04-12,Butte,007,227075,33114,33044,6701,39745,402
2022-04-12,Calaveras,009,45235,7287,7270,356,7626,119
2022-04-12,Colusa,011,21464,3450,3451,1074,4525,21
2022-04-12,Contra Costa,013,1133247,189879,189471,13406,202877,1298
2022-04-12,Del Norte,015,27424,5811,5812,197,6009,50
2022-04-12,El Dorado,017,186661,26810,26794,3243,30037,208
2022-04-12,Fresno,019,978130,231717,231325,24123,255448,2738
2022-04-12,Glenn,021,27897,4985,4989,1613,6602,48
2022-04-12,Humboldt,023,135768,16957,16922,2990,19912,143
2022-04-12,Imperial,025,180216,55447,55353,10837,66190,910
2022-04-12,Inyo,027,18085,4080,4074,502,4576,56
2022-04-12,Kern,029,883053,192058,191859,46357,238216,2249
2022-04-12,Kings,031,150075,51560,51535,3628,55163,443
2022-04-12,Lake,033,64148,10723,10695,902,11597,134
2022-04-12,Lassen,035,31185,8967,8949,889,9838,65
2022-04-12,Los Angeles,037,10098052,2721432,2715722,125472,2841194,31578
2022-04-12,Madera,039,155013,37338,37361,6127,43488,354
2022-04-12,Marin,041,260295,33923,33747,2476,36223,288
2022-04-12,Mariposa,043,17540,2410,2402,205,2607,29
2022-04-12,Mendocino,045,87422,13120,13101,3058,16159,120
2022-04-12,Merced,047,269075,62274,62276,8719,70995,811
2022-04-12,Modoc,049,8938,742,743,252,995,8
2022-04-12,Mono,051,14174,2979,2971,125,3096,6
2022-04-12,Monterey,053,433212,79609,79179,14030,93209,727
2022-04-12,Napa,055,140530,25998,25892,993,26885,143
2022-04-12,Nevada,057,99092,16020,16002,1217,17219,123
2022-04-12,Orange,059,3164182,548622,547783,41934,589717,6935
2022-04-12,Placer,061,380077,62988,62851,7439,70290,615
2022-04-12,Plumas,063,18699,2980,2923,371,3294,13
2022-04-12,Riverside,065,2383286,592564,591659,28279,619938,6437
2022-04-12,Sacramento,067,1510023,281679,277866,27315,305181,2974
2022-04-12,San Benito,069,59416,12919,12927,517,13444,98
2022-04-12,San Bernardino,071,2135413,569314,563709,25223,588932,6905
2022-04-12,San Diego,073,3302833,754155,755584,52750,808334,5223
2022-04-12,San Francisco,075,870044,126943,126608,8488,135096,850
2022-04-12,San Joaquin,077,732212,166735,166654,10096,176750,2219
2022-04-12,San Luis Obispo,079,281455,52657,52660,3830,56490,476
2022-04-12,San Mateo,081,765935,123386,122167,7156,129323,699
2022-04-12,Santa Barbara,083,443738,86231,85938,4817,90755,684
2022-04-12,Santa Clara,085,1922200,314377,314863,12666,327529,2267
2022-04-12,Santa Cruz,087,273765,48373,47765,2178,49943,260
2022-04-12,Shasta,089,179085,30601,30569,6156,36725,551
2022-04-12,Sierra,091,2930,274,276,48,324,4
2022-04-12,Siskiyou,093,43540,4450,4444,2761,7205,80
2022-04-12,Solano,095,438530,81798,81843,5623,87466,448
2022-04-12,Sonoma,097,501317,84288,84033,2704,86737,485
2022-04-12,Stanislaus,099,539301,117611,117573,17627,135200,1577
2022-04-12,Sutter,101,95872,20522,20610,2137,22747,223
2022-04-12,Tehama,103,63373,12049,12062,2624,14686,200
2022-04-12,Trinity,105,12862,1183,1177,295,1472,20
2022-04-12,Tulare,107,460477,106610,105519,28652,134171,1426
2022-04-12,Tuolumne,109,53932,12658,12639,568,13207,180
2022-04-12,Ventura,111,848112,173851,173558,9430,182988,1474
2022-04-12,Yolo,113,214977,37161,36684,3249,39933,311
2022-04-12,Yuba,115,75493,15869,15851,1222,17073,121
2022-04-11,Alameda,001,1643700,258341,256649,14299,270948,1826
2022-04-11,Alpine,003,1148,124,124,1,125,0
2022-04-11,Amador,005,37829,8540,8489,657,9146,86
2022-04-11,Butte,007,227075,33101,33031,6698,39729,399
2022-04-11,Calaveras,009,45235,7284,7260,356,7616,119
2022-04-11,Colusa,011,21464,3448,3449,1074,4523,21
2022-04-11,Contra Costa,013,1133247,189712,189154,13390,202544,1296
2022-04-11,Del Norte,015,27424,5810,5811,197,6008,50
2022-04-11,El Dorado,017,186661,26798,26757,3242,29999,207
2022-04-11,Fresno,019,978130,231697,231090,24122,255212,2731
2022-04-11,Glenn,021,27897,4984,4988,1612,6600,47
2022-04-11,Humboldt,023,135768,16942,16913,2990,19903,141
2022-04-11,Imperial,025,180216,55442,55267,10835,66102,910
2022-04-11,Inyo,027,18085,4079,4071,502,4573,56
2022-04-11,Kern,029,883053,192033,191542,46352,237894,2244
2022-04-11,Kings,031,150075,51556,51519,3628,55147,443
2022-04-11,Lake,033,64148,10722,10690,901,11591,134
2022-04-11,Lassen,035,31185,8967,8948,889,9837,65
2022-04-11,Los Angeles,037,10098052,2720175,2709735,125401,2835136,31509
2022-04-11,Madera,039,155013,37331,37356,6127,43483,354
2022-04-11,Marin,041,260295,33867,33648,2457,36105,288
2022-04-11,Mariposa,043,17540,2409,2394,205,2599,29
2022-04-11,Mendocino,045,87422,13116,13087,3056,16143,120
2022-04-11,Merced,047,269075,62265,62231,8717,70948,811
2022-04-11,Modoc,049,8938,742,743,252,995,8
2022-04-11,Mono,051,14174,2978,2967,124,3091,6
2022-04-11,Monterey,053,433212,79589,79103,14019,93122,727
2022-04-11,Napa,055,140530,25981,25824,991,26815,144
2022-04-11,Nevada,057,99092,16016,15976,1217,17193,123
2022-04-11,Orange,059,3164182,548415,546983,41898,588881,6912
2022-04-11,Placer,061,380077,62966,62831,7437,70268,616
2022-04-11,Plumas,063,18699,2978,2887,371,3258,13
2022-04-11,Riverside,065,2383286,592437,591268,28261,619529,6429
2022-04-11,Sacramento,067,1510023,281578,277125,27312,304437,2972
2022-04-11,San Benito,069,59416,12917,12917,517,13434,98
2022-04-11,San Bernardino,071,2135413,569162,562571,25214,587785,6892
2022-04-11,San Diego,073,3302833,753830,754281,52713,806994,5210
2022-04-11,San Francisco,075,870044,126713,125963,8475,134438,844
2022-04-11,San Joaquin,077,732212,166697,166547,10091,176638,2212
2022-04-11,San Luis Obispo,079,281455,52634,52609,3829,56438,476
2022-04-11,San Mateo,081,765935,123200,121514,7144,128658,698
2022-04-11,Santa Barbara,083,443738,86183,85754,4812,90566,680
2022-04-11,Santa Clara,085,1922200,314034,313965,12651,326616,2266
2022-04-11,Santa Cruz,087,273765,48279,47624,2169,49793,259
2022-04-11,Shasta,089,179085,30596,30586,6155,36741,549
2022-04-11,Sierra,091,2930,274,272,48,320,4
2022-04-11,Siskiyou,093,43540,4450,4444,2759,7203,80
2022-04-11,Solano,095,438530,81770,81886,5622,87508,448
2022-04-11,Sonoma,097,501317,84220,83600,2696,86296,485
2022-04-11,Stanislaus,099,539301,117577,117528,17619,135147,1578
2022-04-11,Sutter,101,95872,20519,20591,2137,22728,223
2022-04-11,Tehama,103,63373,12048,12059,2624,14683,201
2022-04-11,Trinity,105,12862,1183,1177,295,1472,20
2022-04-11,Tulare,107,460477,106599,105278,28644,133922,1415
2022-04-11,Tuolumne,109,53932,12655,12632,568,13200,180
2022-04-11,Ventura,111,848112,173793,173343,9429,182772,1467
2022-04-11,Yolo,113,214977,37142,36587,3246,39833,312
2022-04-11,Yuba,115,75493,15866,15848,1221,17069,121
2022-04-10,Alameda,001,1643700,258003,256649,14285,270934,1826
2022-04-10,Alpine,003,1148,124,124,1,125,0
2022-04-10,Amador,005,37829,8538,8489,657,9146,86
2022-04-10,Butte,007,227075,33097,33031,6695,39726,399
2022-04-10,Calaveras,009,45235,7281,7260,356,7616,119
2022-04-10,Colusa,011,21464,3447,3449,1074,4523,21
2022-04-10,Contra Costa,013,1133247,189552,189154,13373,202527,1296
2022-04-10,Del Norte,015,27424,5807,5811,197,6008,50
2022-04-10,El Dorado,017,186661,26791,26757,3240,29997,207
2022-04-10,Fresno,019,978130,231659,231090,24120,255210,2731
2022-04-10,Glenn,021,27897,4984,4988,1612,6600,47
2022-04-10,Humboldt,023,135768,16932,16913,2989,19902,141
2022-04-10,Imperial,025,180216,55438,55267,10831,66098,910
2022-04-10,Inyo,027,18085,4079,4071,500,4571,56
2022-04-10,Kern,029,883053,192014,191542,46347,237889,2244
2022-04-10,Kings,031,150075,51554,51519,3628,55147,443
2022-04-10,Lake,033,64148,10718,10690,899,11589,134
2022-04-10,Lassen,035,31185,8966,8948,889,9837,65
2022-04-10,Los Angeles,037,10098052,2718846,2709735,125309,2835044,31509
2022-04-10,Madera,039,155013,37326,37356,6126,43482,354
2022-04-10,Marin,041,260295,33827,33648,2428,36076,288
2022-04-10,Mariposa,043,17540,2407,2394,205,2599,29
2022-04-10,Mendocino,045,87422,13108,13087,3055,16142,120
2022-04-10,Merced,047,269075,62253,62231,8714,70945,811
2022-04-10,Modoc,049,8938,742,743,252,995,8
2022-04-10,Mono,051,14174,2975,2967,124,3091,6
2022-04-10,Monterey,053,433212,79574,79103,14009,93112,727
2022-04-10,Napa,055,140530,25959,25824,989,26813,144
2022-04-10,Nevada,057,99092,15999,15976,1217,17193,123
2022-04-10,Orange,059,3164182,548163,546983,41857,588840,6912
2022-04-10,Placer,061,380077,62934,62831,7436,70267,616
2022-04-10,Plumas,063,18699,2975,2887,371,3258,13
2022-04-10,Riverside,065,2383286,592285,591268,28249,619517,6429
2022-04-10,Sacramento,067,1510023,281482,277125,27301,304426,2972
2022-04-10,San Benito,069,59416,12914,12917,517,13434,98
2022-04-10,San Bernardino,071,2135413,568928,562571,25204,587775,6892
2022-04-10,San Diego,073,3302833,753507,754281,52670,806951,5210
2022-04-10,San Francisco,075,870044,126475,125963,8460,134423,844
2022-04-10,San Joaquin,077,732212,166649,166547,10084,176631,2212
2022-04-10,San Luis Obispo,079,281455,52600,52609,3826,56435,476
2022-04-10,San Mateo,081,765935,123034,121514,7132,128646,698
2022-04-10,Santa Barbara,083,443738,86099,85754,4802,90556,680
2022-04-10,Santa Clara,085,1922200,313705,313965,12637,326602,2266
2022-04-10,Santa Cruz,087,273765,48189,47624,2166,49790,259
2022-04-10,Shasta,089,179085,30589,30586,6155,36741,549
2022-04-10,Sierra,091,2930,274,272,48,320,4
2022-04-10,Siskiyou,093,43540,4450,4444,2757,7201,80
2022-04-10,Solano,095,438530,81723,81886,5618,87504,448
2022-04-10,Sonoma,097,501317,84118,83600,2692,86292,485
2022-04-10,Stanislaus,099,539301,117554,117528,17612,135140,1578
2022-04-10,Sutter,101,95872,20515,20591,2133,22724,223
2022-04-10,Tehama,103,63373,12046,12059,2624,14683,201
2022-04-10,Trinity,105,12862,1183,1177,295,1472,20
2022-04-10,Tulare,107,460477,106584,105278,28640,133918,1415
2022-04-10,Tuolumne,109,53932,12648,12632,568,13200,180
2022-04-10,Ventura,111,848112,173714,173343,9426,182769,1467
2022-04-10,Yolo,113,214977,37123,36587,3241,39828,312
2022-04-10,Yuba,115,75493,15865,15848,1221,17069,121
2022-04-09,Alameda,001,1643700,257829,256649,14280,270929,1826
2022-04-09,Alpine,003,1148,124,124,1,125,0
2022-04-09,Amador,005,37829,8538,8489,656,9145,86
2022-04-09,Butte,007,227075,33094,33031,6695,39726,399
2022-04-09,Calaveras,009,45235,7280,7260,356,7616,119
2022-04-09,Colusa,011,21464,3446,3449,1074,4523,21
2022-04-09,Contra Costa,013,1133247,189455,189154,13365,202519,1296
2022-04-09,Del Norte,015,27424,5806,5811,197,6008,50
2022-04-09,El Dorado,017,186661,26784,26757,3240,29997,207
2022-04-09,Fresno,019,978130,231638,231090,24120,255210,2731
2022-04-09,Glenn,021,27897,4984,4988,1612,6600,47
2022-04-09,Humboldt,023,135768,16925,16913,2989,19902,141
2022-04-09,Imperial,025,180216,55434,55267,10830,66097,910
2022-04-09,Inyo,027,18085,4079,4071,500,4571,56
2022-04-09,Kern,029,883053,192005,191542,46342,237884,2244
2022-04-09,Kings,031,150075,51548,51519,3628,55147,443
2022-04-09,Lake,033,64148,10716,10690,899,11589,134
2022-04-09,Lassen,035,31185,8966,8948,889,9837,65
2022-04-09,Los Angeles,037,10098052,2718171,2709735,125240,2834975,31509
2022-04-09,Madera,039,155013,37323,37356,6126,43482,354
2022-04-09,Marin,041,260295,33793,33648,2385,36033,288
2022-04-09,Mariposa,043,17540,2407,2394,205,2599,29
2022-04-09,Mendocino,045,87422,13106,13087,3055,16142,120
2022-04-09,Merced,047,269075,62237,62231,8712,70943,811
2022-04-09,Modoc,049,8938,742,743,252,995,8
2022-04-09,Mono,051,14174,2974,2967,124,3091,6
2022-04-09,Monterey,053,433212,79565,79103,14005,93108,727
2022-04-09,Napa,055,140530,25935,25824,989,26813,144
2022-04-09,Nevada,057,99092,15996,15976,1217,17193,123
2022-04-09,Orange,059,3164182,548039,546983,41835,588818,6912
2022-04-09,Placer,061,380077,62918,62831,7434,70265,616
2022-04-09,Plumas,063,18699,2975,2887,371,3258,13
2022-04-09,Riverside,065,2383286,592194,591268,28239,619507,6429
2022-04-09,Sacramento,067,1510023,281435,277125,27299,304424,2972
2022-04-09,San Benito,069,59416,12913,12917,517,13434,98
2022-04-09,San Bernardino,071,2135413,568862,562571,25199,587770,6892
2022-04-09,San Diego,073,3302833,753359,754281,52656,806937,5210
2022-04-09,San Francisco,075,870044,126351,125963,8454,134417,844
2022-04-09,San Joaquin,077,732212,166633,166547,10081,176628,2212
2022-04-09,San Luis Obispo,079,281455,52600,52609,3823,56432,476
2022-04-09,San Mateo,081,765935,122944,121514,7126,128640,698
2022-04-09,Santa Barbara,083,443738,86066,85754,4802,90556,680
2022-04-09,Santa Clara,085,1922200,313509,313965,12634,326599,2266
2022-04-09,Santa Cruz,087,273765,48156,47624,2164,49788,259
2022-04-09,Shasta,089,179085,30587,30586,6155,36741,549
2022-04-09,Sierra,091,2930,274,272,48,320,4
2022-04-09,Siskiyou,093,43540,4449,4444,2756,7200,80
2022-04-09,Solano,095,438530,81705,81886,5617,87503,448
2022-04-09,Sonoma,097,501317,84079,83600,2688,86288,485
2022-04-09,Stanislaus,099,539301,117541,117528,17610,135138,1578
2022-04-09,Sutter,101,95872,20515,20591,2133,22724,223
2022-04-09,Tehama,103,63373,12046,12059,2624,14683,201
2022-04-09,Trinity,105,12862,1183,1177,295,1472,20
2022-04-09,Tulare,107,460477,106581,105278,28638,133916,1415
2022-04-09,Tuolumne,109,53932,12646,12632,568,13200,180
2022-04-09,Ventura,111,848112,173677,173343,9423,182766,1467
2022-04-09,Yolo,113,214977,37106,36587,3241,39828,312
2022-04-09,Yuba,115,75493,15864,15848,1221,17069,121
2022-04-08,Alameda,001,1643700,257672,256649,14274,270923,1826
2022-04-08,Alpine,003,1148,124,124,1,125,0
2022-04-08,Amador,005,37829,8536,8489,655,9144,86
2022-04-08,Butte,007,227075,33088,33031,6692,39723,399
2022-04-08,Calaveras,009,45235,7278,7260,356,7616,119
2022-04-08,Colusa,011,21464,3446,3449,1074,4523,21
2022-04-08,Contra Costa,013,1133247,189377,189154,13354,202508,1296
2022-04-08,Del Norte,015,27424,5804,5811,197,6008,50
2022-04-08,El Dorado,017,186661,26782,26757,3240,29997,207
2022-04-08,Fresno,019,978130,231618,231090,24119,255209,2731
2022-04-08,Glenn,021,27897,4984,4988,1612,6600,47
2022-04-08,Humboldt,023,135768,16921,16913,2987,19900,141
2022-04-08,Imperial,025,180216,55430,55267,10830,66097,910
2022-04-08,Inyo,027,18085,4077,4071,499,4570,56
2022-04-08,Kern,029,883053,191986,191542,46341,237883,2244
2022-04-08,Kings,031,150075,51543,51519,3628,55147,443
2022-04-08,Lake,033,64148,10716,10690,899,11589,134
2022-04-08,Lassen,035,31185,8966,8948,889,9837,65
2022-04-08,Los Angeles,037,10098052,2717541,2709735,125186,2834921,31509
2022-04-08,Madera,039,155013,37321,37356,6125,43481,354
2022-04-08,Marin,041,260295,33774,33648,2369,36017,288
2022-04-08,Mariposa,043,17540,2407,2394,205,2599,29
2022-04-08,Mendocino,045,87422,13104,13087,3055,16142,120
2022-04-08,Merced,047,269075,62230,62231,8710,70941,811
2022-04-08,Modoc,049,8938,742,743,252,995,8
2022-04-08,Mono,051,14174,2972,2967,124,3091,6
2022-04-08,Monterey,053,433212,79555,79103,14004,93107,727
2022-04-08,Napa,055,140530,25923,25824,982,26806,144
2022-04-08,Nevada,057,99092,15993,15976,1216,17192,123
2022-04-08,Orange,059,3164182,547920,546983,41820,588803,6912
2022-04-08,Placer,061,380077,62900,62831,7432,70263,616
2022-04-08,Plumas,063,18699,2972,2887,371,3258,13
2022-04-08,Riverside,065,2383286,592118,591268,28236,619504,6429
2022-04-08,Sacramento,067,1510023,281388,277125,27297,304422,2972
2022-04-08,San Benito,069,59416,12913,12917,517,13434,98
2022-04-08,San Bernardino,071,2135413,568809,562571,25196,587767,6892
2022-04-08,San Diego,073,3302833,753190,754281,52648,806929,5210
2022-04-08,San Francisco,075,870044,126255,125963,8450,134413,844
2022-04-08,San Joaquin,077,732212,166615,166547,10079,176626,2212
2022-04-08,San Luis Obispo,079,281455,52595,52609,3823,56432,476
2022-04-08,San Mateo,081,765935,122838,121514,7121,128635,698
2022-04-08,Santa Barbara,083,443738,86045,85754,4802,90556,680
2022-04-08,Santa Clara,085,1922200,313324,313965,12626,326591,2266
2022-04-08,Santa Cruz,087,273765,48139,47624,2161,49785,259
2022-04-08,Shasta,089,179085,30584,30586,6155,36741,549
2022-04-08,Sierra,091,2930,274,272,48,320,4
2022-04-08,Siskiyou,093,43540,4449,4444,2756,7200,80
2022-04-08,Solano,095,438530,81685,81886,5616,87502,448
2022-04-08,Sonoma,097,501317,84028,83600,2683,86283,485
2022-04-08,Stanislaus,099,539301,117526,117528,17609,135137,1578
2022-04-08,Sutter,101,95872,20515,20591,2133,22724,223
2022-04-08,Tehama,103,63373,12046,12059,2624,14683,201
2022-04-08,Trinity,105,12862,1183,1177,295,1472,20
2022-04-08,Tulare,107,460477,106576,105278,28634,133912,1415
2022-04-08,Tuolumne,109,53932,12645,12632,568,13200,180
2022-04-08,Ventura,111,848112,173648,173343,9421,182764,1467
2022-04-08,Yolo,113,214977,37098,36587,3240,39827,312
2022-04-08,Yuba,115,75493,15863,15848,1221,17069,121
2022-04-07,Alameda,001,1643700,257477,256649,14266,270915,1826
2022-04-07,Alpine,003,1148,124,124,1,125,0
2022-04-07,Amador,005,37829,8535,8489,653,9142,86
2022-04-07,Butte,007,227075,33084,33031,6691,39722,399
2022-04-07,Calaveras,009,45235,7276,7260,356,7616,119
2022-04-07,Colusa,011,21464,3445,3449,1074,4523,21
2022-04-07,Contra Costa,013,1133247,189257,189154,13343,202497,1296
2022-04-07,Del Norte,015,27424,5803,5811,197,6008,50
2022-04-07,El Dorado,017,186661,26770,26757,3238,29995,207
2022-04-07,Fresno,019,978130,231592,231090,24117,255207,2731
2022-04-07,Glenn,021,27897,4982,4988,1611,6599,47
2022-04-07,Humboldt,023,135768,16914,16913,2985,19898,141
2022-04-07,Imperial,025,180216,55428,55267,10827,66094,910
2022-04-07,Inyo,027,18085,4077,4071,499,4570,56
2022-04-07,Kern,029,883053,191962,191542,46338,237880,2244
2022-04-07,Kings,031,150075,51535,51519,3628,55147,443
2022-04-07,Lake,033,64148,10712,10690,899,11589,134
2022-04-07,Lassen,035,31185,8966,8948,889,9837,65
2022-04-07,Los Angeles,037,10098052,2716627,2709735,125110,2834845,31509
2022-04-07,Madera,039,155013,37316,37356,6125,43481,354
2022-04-07,Marin,041,260295,33756,33648,2349,35997,288
2022-04-07,Mariposa,043,17540,2404,2394,204,2598,29
2022-04-07,Mendocino,045,87422,13100,13087,3054,16141,120
2022-04-07,Merced,047,269075,62221,62231,8706,70937,811
2022-04-07,Modoc,049,8938,742,743,252,995,8
2022-04-07,Mono,051,14174,2971,2967,123,3090,6
2022-04-07,Monterey,053,433212,79535,79103,14000,93103,727
2022-04-07,Napa,055,140530,25907,25824,978,26802,144
2022-04-07,Nevada,057,99092,15986,15976,1215,17191,123
2022-04-07,Orange,059,3164182,547762,546983,41790,588773,6912
2022-04-07,Placer,061,380077,62883,62831,7429,70260,616
2022-04-07,Plumas,063,18699,2972,2887,371,3258,13
2022-04-07,Riverside,065,2383286,592016,591268,28223,619491,6429
2022-04-07,Sacramento,067,1510023,281322,277125,27290,304415,2972
2022-04-07,San Benito,069,59416,12912,12917,517,13434,98
2022-04-07,San Bernardino,071,2135413,568645,562571,25184,587755,6892
2022-04-07,San Diego,073,3302833,752925,754281,52621,806902,5210
2022-04-07,San Francisco,075,870044,126098,125963,8434,134397,844
2022-04-07,San Joaquin,077,732212,166575,166547,10076,176623,2212
2022-04-07,San Luis Obispo,079,281455,52577,52609,3821,56430,476
2022-04-07,San Mateo,081,765935,122716,121514,7105,128619,698
2022-04-07,Santa Barbara,083,443738,86001,85754,4800,90554,680
2022-04-07,Santa Clara,085,1922200,313101,313965,12613,326578,2266
2022-04-07,Santa Cruz,087,273765,48120,47624,2157,49781,259
2022-04-07,Shasta,089,179085,30583,30586,6155,36741,549
2022-04-07,Sierra,091,2930,274,272,48,320,4
2022-04-07,Siskiyou,093,43540,4449,4444,2754,7198,80
2022-04-07,Solano,095,438530,81655,81886,5615,87501,448
2022-04-07,Sonoma,097,501317,83985,83600,2677,86277,485
2022-04-07,Stanislaus,099,539301,117504,117528,17605,135133,1578
2022-04-07,Sutter,101,95872,20511,20591,2132,22723,223
2022-04-07,Tehama,103,63373,12044,12059,2624,14683,201
2022-04-07,Trinity,105,12862,1183,1177,295,1472,20
2022-04-07,Tulare,107,460477,106570,105278,28632,133910,1415
2022-04-07,Tuolumne,109,53932,12643,12632,567,13199,180
2022-04-07,Ventura,111,848112,173619,173343,9419,182762,1467
2022-04-07,Yolo,113,214977,37084,36587,3240,39827,312
2022-04-07,Yuba,115,75493,15861,15848,1221,17069,121
2022-04-06,Alameda,001,1643700,257290,256143,14259,270402,1814
2022-04-06,Alpine,003,1148,124,124,1,125,0
2022-04-06,Amador,005,37829,8534,8488,653,9141,86
2022-04-06,Butte,007,227075,33079,32997,6689,39686,396
2022-04-06,Calaveras,009,45235,7274,7258,356,7614,120
2022-04-06,Colusa,011,21464,3445,3447,1074,4521,21
2022-04-06,Contra Costa,013,1133247,189190,188850,13328,202178,1296
2022-04-06,Del Norte,015,27424,5802,5809,197,6006,50
2022-04-06,El Dorado,017,186661,26767,26744,3238,29982,205
2022-04-06,Fresno,019,978130,231557,230942,24115,255057,2725
2022-04-06,Glenn,021,27897,4982,4986,1610,6596,47
2022-04-06,Humboldt,023,135768,16910,16904,2984,19888,140
2022-04-06,Imperial,025,180216,55422,55294,10827,66121,908
2022-04-06,Inyo,027,18085,4076,4068,497,4565,56
2022-04-06,Kern,029,883053,191940,191449,46335,237784,2234
2022-04-06,Kings,031,150075,51534,51491,3627,55118,443
2022-04-06,Lake,033,64148,10708,10679,899,11578,136
2022-04-06,Lassen,035,31185,8966,8945,889,9834,65
2022-04-06,Los Angeles,037,10098052,2715581,2707306,125046,2832352,31465
2022-04-06,Madera,039,155013,37311,37349,6125,43474,354
2022-04-06,Marin,041,260295,33736,33566,2341,35907,288
2022-04-06,Mariposa,043,17540,2403,2392,204,2596,29
2022-04-06,Mendocino,045,87422,13096,13074,3053,16127,119
2022-04-06,Merced,047,269075,62212,62195,8703,70898,810
2022-04-06,Modoc,049,8938,742,741,252,993,8
2022-04-06,Mono,051,14174,2970,2967,123,3090,6
2022-04-06,Monterey,053,433212,79522,79019,13990,93009,727
2022-04-06,Napa,055,140530,25888,25790,975,26765,143
2022-04-06,Nevada,057,99092,15984,15974,1215,17189,123
2022-04-06,Orange,059,3164182,547592,546491,41763,588254,6887
2022-04-06,Placer,061,380077,62877,62787,7428,70215,615
2022-04-06,Plumas,063,18699,2972,2850,371,3221,13
2022-04-06,Riverside,065,2383286,591919,590826,28218,619044,6424
2022-04-06,Sacramento,067,1510023,281245,276567,27286,303853,2953
2022-04-06,San Benito,069,59416,12911,12908,517,13425,98
2022-04-06,San Bernardino,071,2135413,568514,561648,25182,586830,6883
2022-04-06,San Diego,073,3302833,752633,753402,52585,805987,5192
2022-04-06,San Francisco,075,870044,125939,125536,8427,133963,843
2022-04-06,San Joaquin,077,732212,166544,166415,10073,176488,2207
2022-04-06,San Luis Obispo,079,281455,52555,52557,3819,56376,475
2022-04-06,San Mateo,081,765935,122608,121041,7093,128134,693
2022-04-06,Santa Barbara,083,443738,85962,85630,4796,90426,679
2022-04-06,Santa Clara,085,1922200,312902,313278,12590,325868,2265
2022-04-06,Santa Cruz,087,273765,48065,47446,2151,49597,259
2022-04-06,Shasta,089,179085,30582,30565,6155,36720,529
2022-04-06,Sierra,091,2930,274,272,48,320,4
2022-04-06,Siskiyou,093,43540,4449,4442,2754,7196,80
2022-04-06,Solano,095,438530,81621,81789,5611,87400,447
2022-04-06,Sonoma,097,501317,83923,83361,2670,86031,485
2022-04-06,Stanislaus,099,539301,117488,117534,17599,135133,1578
2022-04-06,Sutter,101,95872,20506,20581,2132,22713,222
2022-04-06,Tehama,103,63373,12043,12049,2624,14673,198
2022-04-06,Trinity,105,12862,1183,1173,295,1468,20
2022-04-06,Tulare,107,460477,106564,104826,28627,133453,1414
2022-04-06,Tuolumne,109,53932,12641,12621,567,13188,180
2022-04-06,Ventura,111,848112,173565,173179,9415,182594,1460
2022-04-06,Yolo,113,214977,37062,36393,3239,39632,314
2022-04-06,Yuba,115,75493,15856,15839,1221,17060,121
2022-04-05,Alameda,001,1643700,257076,256143,14250,270393,1814
2022-04-05,Alpine,003,1148,124,124,1,125,0
2022-04-05,Amador,005,37829,8532,8488,653,9141,86
2022-04-05,Butte,007,227075,33073,32997,6685,39682,396
2022-04-05,Calaveras,009,45235,7270,7258,356,7614,120
2022-04-05,Colusa,011,21464,3443,3447,1073,4520,21
2022-04-05,Contra Costa,013,1133247,189094,188850,13322,202172,1296
2022-04-05,Del Norte,015,27424,5800,5809,197,6006,50
2022-04-05,El Dorado,017,186661,26755,26744,3238,29982,205
2022-04-05,Fresno,019,978130,231522,230942,24108,255050,2725
2022-04-05,Glenn,021,27897,4982,4986,1609,6595,47
2022-04-05,Humboldt,023,135768,16904,16904,2984,19888,140
2022-04-05,Imperial,025,180216,55420,55294,10827,66121,908
2022-04-05,Inyo,027,18085,4075,4068,496,4564,56
2022-04-05,Kern,029,883053,191920,191449,46332,237781,2234
2022-04-05,Kings,031,150075,51531,51491,3627,55118,443
2022-04-05,Lake,033,64148,10705,10679,899,11578,136
2022-04-05,Lassen,035,31185,8966,8945,889,9834,65
2022-04-05,Los Angeles,037,10098052,2714522,2707306,124971,2832277,31465
2022-04-05,Madera,039,155013,37304,37349,6123,43472,354
2022-04-05,Marin,041,260295,33681,33566,2326,35892,288
2022-04-05,Mariposa,043,17540,2403,2392,204,2596,29
2022-04-05,Mendocino,045,87422,13090,13074,3052,16126,119
2022-04-05,Merced,047,269075,62201,62195,8696,70891,810
2022-04-05,Modoc,049,8938,742,741,252,993,8
2022-04-05,Mono,051,14174,2969,2967,123,3090,6
2022-04-05,Monterey,053,433212,79499,79019,13978,92997,727
2022-04-05,Napa,055,140530,25879,25790,970,26760,143
2022-04-05,Nevada,057,99092,15976,15974,1215,17189,123
2022-04-05,Orange,059,3164182,547408,546491,41734,588225,6887
2022-04-05,Placer,061,380077,62851,62787,7428,70215,615
2022-04-05,Plumas,063,18699,2972,2850,371,3221,13
2022-04-05,Riverside,065,2383286,591798,590826,28206,619032,6424
2022-04-05,Sacramento,067,1510023,281166,276567,27281,303848,2953
2022-04-05,San Benito,069,59416,12903,12908,517,13425,98
2022-04-05,San Bernardino,071,2135413,568388,561648,25170,586818,6883
2022-04-05,San Diego,073,3302833,752328,753402,52542,805944,5192
2022-04-05,San Francisco,075,870044,125736,125536,8419,133955,843
2022-04-05,San Joaquin,077,732212,166502,166415,10070,176485,2207
2022-04-05,San Luis Obispo,079,281455,52538,52557,3814,56371,475
2022-04-05,San Mateo,081,765935,122491,121041,7082,128123,693
2022-04-05,Santa Barbara,083,443738,85926,85630,4794,90424,679
2022-04-05,Santa Clara,085,1922200,312642,313278,12577,325855,2265
2022-04-05,Santa Cruz,087,273765,47998,47446,2148,49594,259
2022-04-05,Shasta,089,179085,30582,30565,6153,36718,529
2022-04-05,Sierra,091,2930,274,272,48,320,4
2022-04-05,Siskiyou,093,43540,4449,4442,2754,7196,80
2022-04-05,Solano,095,438530,81571,81789,5608,87397,447
2022-04-05,Sonoma,097,501317,83859,83361,2661,86022,485
2022-04-05,Stanislaus,099,539301,117474,117534,17590,135124,1578
2022-04-05,Sutter,101,95872,20502,20581,2131,22712,222
2022-04-05,Tehama,103,63373,12041,12049,2623,14672,198
2022-04-05,Trinity,105,12862,1183,1173,295,1468,20
2022-04-05,Tulare,107,460477,106553,104826,28624,133450,1414
2022-04-05,Tuolumne,109,53932,12640,12621,567,13188,180
2022-04-05,Ventura,111,848112,173509,173179,9409,182588,1460
2022-04-05,Yolo,113,214977,37049,36393,3236,39629,314
2022-04-05,Yuba,115,75493,15854,15839,1221,17060,121
2022-04-04,Alameda,001,1643700,256842,256143,14236,270379,1814
2022-04-04,Alpine,003,1148,124,124,1,125,0
2022-04-04,Amador,005,37829,8531,8488,652,9140,86
2022-04-04,Butte,007,227075,33068,32997,6682,39679,396
2022-04-04,Calaveras,009,45235,7270,7258,356,7614,120
2022-04-04,Colusa,011,21464,3442,3447,1073,4520,21
2022-04-04,Contra Costa,013,1133247,188994,188850,13318,202168,1296
2022-04-04,Del Norte,015,27424,5800,5809,197,6006,50
2022-04-04,El Dorado,017,186661,26750,26744,3237,29981,205
2022-04-04,Fresno,019,978130,231504,230942,24104,255046,2725
2022-04-04,Glenn,021,27897,4981,4986,1609,6595,47
2022-04-04,Humboldt,023,135768,16896,16904,2979,19883,140
2022-04-04,Imperial,025,180216,55415,55294,10827,66121,908
2022-04-04,Inyo,027,18085,4075,4068,494,4562,56
2022-04-04,Kern,029,883053,191898,191449,46326,237775,2234
2022-04-04,Kings,031,150075,51524,51491,3627,55118,443
2022-04-04,Lake,033,64148,10700,10679,899,11578,136
2022-04-04,Lassen,035,31185,8966,8945,889,9834,65
2022-04-04,Los Angeles,037,10098052,2713422,2707306,124925,2832231,31465
2022-04-04,Madera,039,155013,37300,37349,6123,43472,354
2022-04-04,Marin,041,260295,33664,33566,2317,35883,288
2022-04-04,Mariposa,043,17540,2402,2392,204,2596,29
2022-04-04,Mendocino,045,87422,13084,13074,3052,16126,119
2022-04-04,Merced,047,269075,62191,62195,8691,70886,810
2022-04-04,Modoc,049,8938,742,741,252,993,8
2022-04-04,Mono,051,14174,2969,2967,123,3090,6
2022-04-04,Monterey,053,433212,79483,79019,13972,92991,727
2022-04-04,Napa,055,140530,25862,25790,970,26760,143
2022-04-04,Nevada,057,99092,15972,15974,1215,17189,123
2022-04-04,Orange,059,3164182,547241,546491,41708,588199,6887
2022-04-04,Placer,061,380077,62840,62787,7427,70214,615
2022-04-04,Plumas,063,18699,2971,2850,371,3221,13
2022-04-04,Riverside,065,2383286,591706,590826,28194,619020,6424
2022-04-04,Sacramento,067,1510023,281074,276567,27271,303838,2953
2022-04-04,San Benito,069,59416,12900,12908,517,13425,98
2022-04-04,San Bernardino,071,2135413,568255,561648,25162,586810,6883
2022-04-04,San Diego,073,3302833,752010,753402,52507,805909,5192
2022-04-04,San Francisco,075,870044,125539,125536,8410,133946,843
2022-04-04,San Joaquin,077,732212,166476,166415,10067,176482,2207
2022-04-04,San Luis Obispo,079,281455,52515,52557,3812,56369,475
2022-04-04,San Mateo,081,765935,122355,121041,7068,128109,693
2022-04-04,Santa Barbara,083,443738,85881,85630,4793,90423,679
2022-04-04,Santa Clara,085,1922200,312373,313278,12565,325843,2265
2022-04-04,Santa Cruz,087,273765,47950,47446,2147,49593,259
2022-04-04,Shasta,089,179085,30579,30565,6152,36717,529
2022-04-04,Sierra,091,2930,274,272,48,320,4
2022-04-04,Siskiyou,093,43540,4449,4442,2754,7196,80
2022-04-04,Solano,095,438530,81527,81789,5605,87394,447
2022-04-04,Sonoma,097,501317,83804,83361,2654,86015,485
2022-04-04,Stanislaus,099,539301,117453,117534,17583,135117,1578
2022-04-04,Sutter,101,95872,20499,20581,2131,22712,222
2022-04-04,Tehama,103,63373,12039,12049,2623,14672,198
2022-04-04,Trinity,105,12862,1183,1173,295,1468,20
2022-04-04,Tulare,107,460477,106544,104826,28620,133446,1414
2022-04-04,Tuolumne,109,53932,12633,12621,567,13188,180
2022-04-04,Ventura,111,848112,173469,173179,9407,182586,1460
2022-04-04,Yolo,113,214977,37039,36393,3234,39627,314
2022-04-04,Yuba,115,75493,15852,15839,1221,17060,121
2022-04-03,Alameda,001,1643700,256580,255650,14234,269884,1813
2022-04-03,Alpine,003,1148,124,124,1,125,0
2022-04-03,Amador,005,37829,8531,8485,652,9137,86
2022-04-03,Butte,007,227075,33061,32981,6680,39661,396
2022-04-03,Calaveras,009,45235,7270,7254,356,7610,119
2022-04-03,Colusa,011,21464,3442,3445,1073,4518,21
2022-04-03,Contra Costa,013,1133247,188888,188658,13309,201967,1291
2022-04-03,Del Norte,015,27424,5800,5812,197,6009,50
2022-04-03,El Dorado,017,186661,26736,26732,3236,29968,200
2022-04-03,Fresno,019,978130,231471,230559,24101,254660,2722
2022-04-03,Glenn,021,27897,4981,4982,1609,6591,47
2022-04-03,Humboldt,023,135768,16891,16898,2979,19877,140
2022-04-03,Imperial,025,180216,55413,55266,10824,66090,908
2022-04-03,Inyo,027,18085,4073,4063,494,4557,56
2022-04-03,Kern,029,883053,191873,191384,46321,237705,2224
2022-04-03,Kings,031,150075,51518,51470,3625,55095,443
2022-04-03,Lake,033,64148,10698,10674,899,11573,136
2022-04-03,Lassen,035,31185,8965,8943,889,9832,65
2022-04-03,Los Angeles,037,10098052,2712228,2703576,124841,2828417,31410
2022-04-03,Madera,039,155013,37298,37333,6121,43454,354
2022-04-03,Marin,041,260295,33629,33493,2308,35801,287
2022-04-03,Mariposa,043,17540,2401,2391,204,2595,29
2022-04-03,Mendocino,045,87422,13078,13058,3050,16108,119
2022-04-03,Merced,047,269075,62176,62149,8687,70836,808
2022-04-03,Modoc,049,8938,741,741,252,993,8
2022-04-03,Mono,051,14174,2969,2967,123,3090,6
2022-04-03,Monterey,053,433212,79465,78964,13948,92912,726
2022-04-03,Napa,055,140530,25842,25757,969,26726,143
2022-04-03,Nevada,057,99092,15966,15962,1215,17177,123
2022-04-03,Orange,059,3164182,547039,546047,41682,587729,6880
2022-04-03,Placer,061,380077,62814,62740,7422,70162,614
2022-04-03,Plumas,063,18699,2970,2803,371,3174,14
2022-04-03,Riverside,065,2383286,591549,590563,28177,618740,6418
2022-04-03,Sacramento,067,1510023,280998,276218,27257,303475,2950
2022-04-03,San Benito,069,59416,12896,12901,517,13418,98
2022-04-03,San Bernardino,071,2135413,568109,561362,25157,586519,6865
2022-04-03,San Diego,073,3302833,751680,752281,52470,804751,5178
2022-04-03,San Francisco,075,870044,125309,125075,8404,133479,843
2022-04-03,San Joaquin,077,732212,166419,166336,10062,176398,2202
2022-04-03,San Luis Obispo,079,281455,52496,52512,3812,56324,475
2022-04-03,San Mateo,081,765935,122215,120717,7061,127778,693
2022-04-03,Santa Barbara,083,443738,85836,85611,4791,90402,678
2022-04-03,Santa Clara,085,1922200,312075,312517,12555,325072,2258
2022-04-03,Santa Cruz,087,273765,47895,47371,2145,49516,259
2022-04-03,Shasta,089,179085,30569,30556,6151,36707,530
2022-04-03,Sierra,091,2930,274,273,48,321,4
2022-04-03,Siskiyou,093,43540,4449,4439,2754,7193,80
2022-04-03,Solano,095,438530,81486,81848,5600,87448,446
2022-04-03,Sonoma,097,501317,83726,83235,2647,85882,485
2022-04-03,Stanislaus,099,539301,117422,117536,17578,135114,1581
2022-04-03,Sutter,101,95872,20496,20570,2131,22701,222
2022-04-03,Tehama,103,63373,12036,12046,2623,14669,198
2022-04-03,Trinity,105,12862,1183,1173,295,1468,20
2022-04-03,Tulare,107,460477,106537,104736,28611,133347,1410
2022-04-03,Tuolumne,109,53932,12632,12618,567,13185,180
2022-04-03,Ventura,111,848112,173416,173044,9404,182448,1460
2022-04-03,Yolo,113,214977,37021,36347,3232,39579,313
2022-04-03,Yuba,115,75493,15850,15835,1221,17056,120
2022-04-02,Alameda,001,1643700,256476,255650,14233,269883,1813
2022-04-02,Alpine,003,1148,124,124,1,125,0
2022-04-02,Amador,005,37829,8531,8485,652,9137,86
2022-04-02,Butte,007,227075,33057,32981,6680,39661,396
2022-04-02,Calaveras,009,45235,7270,7254,356,7610,119
2022-04-02,Colusa,011,21464,3442,3445,1073,4518,21
2022-04-02,Contra Costa,013,1133247,188829,188658,13306,201964,1291
2022-04-02,Del Norte,015,27424,5799,5812,197,6009,50
2022-04-02,El Dorado,017,186661,26733,26732,3236,29968,200
2022-04-02,Fresno,019,978130,231443,230559,24100,254659,2722
2022-04-02,Glenn,021,27897,4981,4982,1609,6591,47
2022-04-02,Humboldt,023,135768,16887,16898,2979,19877,140
2022-04-02,Imperial,025,180216,55409,55266,10824,66090,908
2022-04-02,Inyo,027,18085,4073,4063,494,4557,56
2022-04-02,Kern,029,883053,191859,191384,46317,237701,2224
2022-04-02,Kings,031,150075,51515,51470,3625,55095,443
2022-04-02,Lake,033,64148,10697,10674,899,11573,136
2022-04-02,Lassen,035,31185,8965,8943,889,9832,65
2022-04-02,Los Angeles,037,10098052,2711721,2703576,124801,2828377,31410
2022-04-02,Madera,039,155013,37295,37333,6121,43454,354
2022-04-02,Marin,041,260295,33606,33493,2300,35793,287
2022-04-02,Mariposa,043,17540,2400,2391,204,2595,29
2022-04-02,Mendocino,045,87422,13076,13058,3050,16108,119
2022-04-02,Merced,047,269075,62173,62149,8687,70836,808
2022-04-02,Modoc,049,8938,741,741,252,993,8
2022-04-02,Mono,051,14174,2969,2967,122,3089,6
2022-04-02,Monterey,053,433212,79452,78964,13942,92906,726
2022-04-02,Napa,055,140530,25828,25757,968,26725,143
2022-04-02,Nevada,057,99092,15962,15962,1214,17176,123
2022-04-02,Orange,059,3164182,546933,546047,41669,587716,6880
2022-04-02,Placer,061,380077,62804,62740,7420,70160,614
2022-04-02,Plumas,063,18699,2970,2803,371,3174,14
2022-04-02,Riverside,065,2383286,591475,590563,28172,618735,6418
2022-04-02,Sacramento,067,1510023,280961,276218,27256,303474,2950
2022-04-02,San Benito,069,59416,12895,12901,517,13418,98
2022-04-02,San Bernardino,071,2135413,568057,561362,25153,586515,6865
2022-04-02,San Diego,073,3302833,751555,752281,52462,804743,5178
2022-04-02,San Francisco,075,870044,125206,125075,8394,133469,843
2022-04-02,San Joaquin,077,732212,166398,166336,10060,176396,2202
2022-04-02,San Luis Obispo,079,281455,52491,52512,3812,56324,475
2022-04-02,San Mateo,081,765935,122120,120717,7052,127769,693
2022-04-02,Santa Barbara,083,443738,85817,85611,4790,90401,678
2022-04-02,Santa Clara,085,1922200,311910,312517,12551,325068,2258
2022-04-02,Santa Cruz,087,273765,47883,47371,2144,49515,259
2022-04-02,Shasta,089,179085,30568,30556,6151,36707,530
2022-04-02,Sierra,091,2930,274,273,48,321,4
2022-04-02,Siskiyou,093,43540,4448,4439,2753,7192,80
2022-04-02,Solano,095,438530,81471,81848,5600,87448,446
2022-04-02,Sonoma,097,501317,83678,83235,2641,85876,485
2022-04-02,Stanislaus,099,539301,117413,117536,17576,135112,1581
2022-04-02,Sutter,101,95872,20491,20570,2131,22701,222
2022-04-02,Tehama,103,63373,12036,12046,2623,14669,198
2022-04-02,Trinity,105,12862,1183,1173,295,1468,20
2022-04-02,Tulare,107,460477,106534,104736,28611,133347,1410
2022-04-02,Tuolumne,109,53932,12630,12618,567,13185,180
2022-04-02,Ventura,111,848112,173376,173044,9404,182448,1460
2022-04-02,Yolo,113,214977,37012,36347,3229,39576,313
2022-04-02,Yuba,115,75493,15849,15835,1221,17056,120
2022-04-01,Alameda,001,1643700,256361,255650,14229,269879,1813
2022-04-01,Alpine,003,1148,124,124,1,125,0
2022-04-01,Amador,005,37829,8531,8485,652,9137,86
2022-04-01,Butte,007,227075,33053,32981,6676,39657,396
2022-04-01,Calaveras,009,45235,7268,7254,356,7610,119
2022-04-01,Colusa,011,21464,3441,3445,1073,4518,21
2022-04-01,Contra Costa,013,1133247,188776,188658,13305,201963,1291
2022-04-01,Del Norte,015,27424,5797,5812,197,6009,50
2022-04-01,El Dorado,017,186661,26730,26732,3235,29967,200
2022-04-01,Fresno,019,978130,231417,230559,24098,254657,2722
2022-04-01,Glenn,021,27897,4981,4982,1609,6591,47
2022-04-01,Humboldt,023,135768,16885,16898,2979,19877,140
2022-04-01,Imperial,025,180216,55407,55266,10824,66090,908
2022-04-01,Inyo,027,18085,4071,4063,493,4556,56
2022-04-01,Kern,029,883053,191848,191384,46314,237698,2224
2022-04-01,Kings,031,150075,51512,51470,3625,55095,443
2022-04-01,Lake,033,64148,10695,10674,899,11573,136
2022-04-01,Lassen,035,31185,8964,8943,889,9832,65
2022-04-01,Los Angeles,037,10098052,2711224,2703576,124758,2828334,31410
2022-04-01,Madera,039,155013,37294,37333,6121,43454,354
2022-04-01,Marin,041,260295,33588,33493,2293,35786,287
2022-04-01,Mariposa,043,17540,2397,2391,204,2595,29
2022-04-01,Mendocino,045,87422,13073,13058,3050,16108,119
2022-04-01,Merced,047,269075,62166,62149,8685,70834,808
2022-04-01,Modoc,049,8938,741,741,252,993,8
2022-04-01,Mono,051,14174,2969,2967,122,3089,6
2022-04-01,Monterey,053,433212,79434,78964,13939,92903,726
2022-04-01,Napa,055,140530,25819,25757,968,26725,143
2022-04-01,Nevada,057,99092,15962,15962,1213,17175,123
2022-04-01,Orange,059,3164182,546825,546047,41659,587706,6880
2022-04-01,Placer,061,380077,62790,62740,7420,70160,614
2022-04-01,Plumas,063,18699,2970,2803,370,3173,14
2022-04-01,Riverside,065,2383286,591409,590563,28158,618721,6418
2022-04-01,Sacramento,067,1510023,280922,276218,27252,303470,2950
2022-04-01,San Benito,069,59416,12894,12901,517,13418,98
2022-04-01,San Bernardino,071,2135413,568001,561362,25149,586511,6865
2022-04-01,San Diego,073,3302833,751407,752281,52447,804728,5178
2022-04-01,San Francisco,075,870044,125095,125075,8387,133462,843
2022-04-01,San Joaquin,077,732212,166378,166336,10058,176394,2202
2022-04-01,San Luis Obispo,079,281455,52485,52512,3811,56323,475
2022-04-01,San Mateo,081,765935,122058,120717,7046,127763,693
2022-04-01,Santa Barbara,083,443738,85797,85611,4789,90400,678
2022-04-01,Santa Clara,085,1922200,311760,312517,12550,325067,2258
2022-04-01,Santa Cruz,087,273765,47868,47371,2142,49513,259
2022-04-01,Shasta,089,179085,30567,30556,6151,36707,530
2022-04-01,Sierra,091,2930,274,273,48,321,4
2022-04-01,Siskiyou,093,43540,4448,4439,2752,7191,80
2022-04-01,Solano,095,438530,81456,81848,5600,87448,446
2022-04-01,Sonoma,097,501317,83634,83235,2640,85875,485
2022-04-01,Stanislaus,099,539301,117401,117536,17573,135109,1581
2022-04-01,Sutter,101,95872,20491,20570,2131,22701,222
2022-04-01,Tehama,103,63373,12036,12046,2623,14669,198
2022-04-01,Trinity,105,12862,1183,1173,295,1468,20
2022-04-01,Tulare,107,460477,106529,104736,28607,133343,1410
2022-04-01,Tuolumne,109,53932,12629,12618,567,13185,180
2022-04-01,Ventura,111,848112,173345,173044,9400,182444,1460
2022-04-01,Yolo,113,214977,37002,36347,3228,39575,313
2022-04-01,Yuba,115,75493,15848,15835,1221,17056,120
2022-03-31,Alameda,001,1643700,256187,255650,14217,269867,1813
2022-03-31,Alpine,003,1148,124,124,1,125,0
2022-03-31,Amador,005,37829,8531,8485,652,9137,86
2022-03-31,Butte,007,227075,33049,32981,6673,39654,396
2022-03-31,Calaveras,009,45235,7265,7254,356,7610,119
2022-03-31,Colusa,011,21464,3440,3445,1073,4518,21
2022-03-31,Contra Costa,013,1133247,188680,188658,13299,201957,1291
2022-03-31,Del Norte,015,27424,5796,5812,197,6009,50
2022-03-31,El Dorado,017,186661,26723,26732,3235,29967,200
2022-03-31,Fresno,019,978130,231381,230559,24074,254633,2722
2022-03-31,Glenn,021,27897,4979,4982,1609,6591,47
2022-03-31,Humboldt,023,135768,16881,16898,2979,19877,140
2022-03-31,Imperial,025,180216,55404,55266,10823,66089,908
2022-03-31,Inyo,027,18085,4070,4063,490,4553,56
2022-03-31,Kern,029,883053,191832,191384,46305,237689,2224
2022-03-31,Kings,031,150075,51503,51470,3625,55095,443
2022-03-31,Lake,033,64148,10694,10674,898,11572,136
2022-03-31,Lassen,035,31185,8962,8943,889,9832,65
2022-03-31,Los Angeles,037,10098052,2710477,2703576,124706,2828282,31410
2022-03-31,Madera,039,155013,37291,37333,6121,43454,354
2022-03-31,Marin,041,260295,33562,33493,2281,35774,287
2022-03-31,Mariposa,043,17540,2396,2391,203,2594,29
2022-03-31,Mendocino,045,87422,13069,13058,3050,16108,119
2022-03-31,Merced,047,269075,62161,62149,8682,70831,808
2022-03-31,Modoc,049,8938,741,741,252,993,8
2022-03-31,Mono,051,14174,2969,2967,122,3089,6
2022-03-31,Monterey,053,433212,79417,78964,13927,92891,726
2022-03-31,Napa,055,140530,25810,25757,966,26723,143
2022-03-31,Nevada,057,99092,15955,15962,1212,17174,123
2022-03-31,Orange,059,3164182,546677,546047,41644,587691,6880
2022-03-31,Placer,061,380077,62765,62740,7418,70158,614
2022-03-31,Plumas,063,18699,2970,2803,369,3172,14
2022-03-31,Riverside,065,2383286,591298,590563,28154,618717,6418
2022-03-31,Sacramento,067,1510023,280848,276218,27244,303462,2950
2022-03-31,San Benito,069,59416,12893,12901,517,13418,98
2022-03-31,San Bernardino,071,2135413,567904,561362,25137,586499,6865
2022-03-31,San Diego,073,3302833,751172,752281,52421,804702,5178
2022-03-31,San Francisco,075,870044,124935,125075,8374,133449,843
2022-03-31,San Joaquin,077,732212,166344,166336,10044,176380,2202
2022-03-31,San Luis Obispo,079,281455,52471,52512,3810,56322,475
2022-03-31,San Mateo,081,765935,121947,120717,7044,127761,693
2022-03-31,Santa Barbara,083,443738,85769,85611,4788,90399,678
2022-03-31,Santa Clara,085,1922200,311532,312517,12536,325053,2258
2022-03-31,Santa Cruz,087,273765,47848,47371,2140,49511,259
2022-03-31,Shasta,089,179085,30561,30556,6151,36707,530
2022-03-31,Sierra,091,2930,271,273,48,321,4
2022-03-31,Siskiyou,093,43540,4446,4439,2752,7191,80
2022-03-31,Solano,095,438530,81427,81848,5597,87445,446
2022-03-31,Sonoma,097,501317,83591,83235,2634,85869,485
2022-03-31,Stanislaus,099,539301,117384,117536,17568,135104,1581
2022-03-31,Sutter,101,95872,20488,20570,2130,22700,222
2022-03-31,Tehama,103,63373,12036,12046,2622,14668,198
2022-03-31,Trinity,105,12862,1183,1173,295,1468,20
2022-03-31,Tulare,107,460477,106520,104736,28599,133335,1410
2022-03-31,Tuolumne,109,53932,12628,12618,567,13185,180
2022-03-31,Ventura,111,848112,173305,173044,9397,182441,1460
2022-03-31,Yolo,113,214977,36990,36347,3228,39575,313
2022-03-31,Yuba,115,75493,15848,15835,1217,17052,120
2022-03-30,Alameda,001,1643700,256056,255467,14209,269676,1812
2022-03-30,Alpine,003,1148,124,124,1,125,0
2022-03-30,Amador,005,37829,8531,8485,652,9137,86
2022-03-30,Butte,007,227075,33044,32968,6667,39635,396
2022-03-30,Calaveras,009,45235,7263,7253,355,7608,119
2022-03-30,Colusa,011,21464,3440,3445,1073,4518,21
2022-03-30,Contra Costa,013,1133247,188618,188496,13290,201786,1291
2022-03-30,Del Norte,015,27424,5794,5808,197,6005,50
2022-03-30,El Dorado,017,186661,26715,26722,3235,29957,200
2022-03-30,Fresno,019,978130,231370,230448,24068,254516,2720
2022-03-30,Glenn,021,27897,4978,4982,1609,6591,47
2022-03-30,Humboldt,023,135768,16878,16894,2979,19873,140
2022-03-30,Imperial,025,180216,55400,55252,10820,66072,908
2022-03-30,Inyo,027,18085,4069,4062,488,4550,56
2022-03-30,Kern,029,883053,191804,191363,46300,237663,2219
2022-03-30,Kings,031,150075,51497,51446,3623,55069,443
2022-03-30,Lake,033,64148,10692,10674,898,11572,136
2022-03-30,Lassen,035,31185,8962,8943,889,9832,65
2022-03-30,Los Angeles,037,10098052,2709653,2702536,124653,2827189,31384
2022-03-30,Madera,039,155013,37286,37330,6120,43450,354
2022-03-30,Marin,041,260295,33542,33453,2262,35715,287
2022-03-30,Mariposa,043,17540,2396,2390,203,2593,27
2022-03-30,Mendocino,045,87422,13065,13055,3047,16102,118
2022-03-30,Merced,047,269075,62155,62136,8676,70812,808
2022-03-30,Modoc,049,8938,741,739,252,991,8
2022-03-30,Mono,051,14174,2968,2967,122,3089,6
2022-03-30,Monterey,053,433212,79400,78911,13921,92832,726
2022-03-30,Napa,055,140530,25798,25745,965,26710,141
2022-03-30,Nevada,057,99092,15952,15960,1210,17170,123
2022-03-30,Orange,059,3164182,546523,545895,41621,587516,6876
2022-03-30,Placer,061,380077,62750,62705,7414,70119,614
2022-03-30,Plumas,063,18699,2970,2762,367,3129,13
2022-03-30,Riverside,065,2383286,591215,590437,28140,618577,6411
2022-03-30,Sacramento,067,1510023,280780,276081,27237,303318,2949
2022-03-30,San Benito,069,59416,12889,12898,517,13415,98
2022-03-30,San Bernardino,071,2135413,567819,561153,25132,586285,6863
2022-03-30,San Diego,073,3302833,750942,751684,52396,804080,5169
2022-03-30,San Francisco,075,870044,124828,124930,8363,133293,841
2022-03-30,San Joaquin,077,732212,166316,166299,10038,176337,2201
2022-03-30,San Luis Obispo,079,281455,52458,52484,3806,56290,475
2022-03-30,San Mateo,081,765935,121845,120548,7044,127592,693
2022-03-30,Santa Barbara,083,443738,85747,85488,4785,90273,677
2022-03-30,Santa Clara,085,1922200,311350,312253,12516,324769,2258
2022-03-30,Santa Cruz,087,273765,47792,47340,2140,49480,259
2022-03-30,Shasta,089,179085,30558,30555,6151,36706,530
2022-03-30,Sierra,091,2930,271,273,48,321,4
2022-03-30,Siskiyou,093,43540,4446,4439,2752,7191,80
2022-03-30,Solano,095,438530,81408,81816,5594,87410,443
2022-03-30,Sonoma,097,501317,83554,83163,2633,85796,485
2022-03-30,Stanislaus,099,539301,117371,117593,17565,135158,1559
2022-03-30,Sutter,101,95872,20483,20565,2130,22695,222
2022-03-30,Tehama,103,63373,12035,12045,2621,14666,198
2022-03-30,Trinity,105,12862,1182,1173,295,1468,20
2022-03-30,Tulare,107,460477,106514,104667,28593,133260,1410
2022-03-30,Tuolumne,109,53932,12626,12616,567,13183,180
2022-03-30,Ventura,111,848112,173264,172984,9389,182373,1460
2022-03-30,Yolo,113,214977,36983,36325,3225,39550,313
2022-03-30,Yuba,115,75493,15846,15830,1217,17047,120
2022-03-29,Alameda,001,1643700,255932,255261,14199,269460,1810
2022-03-29,Alpine,003,1148,124,124,1,125,0
2022-03-29,Amador,005,37829,8531,8483,652,9135,86
2022-03-29,Butte,007,227075,33041,32954,6666,39620,396
2022-03-29,Calaveras,009,45235,7262,7250,354,7604,119
2022-03-29,Colusa,011,21464,3440,3445,1073,4518,21
2022-03-29,Contra Costa,013,1133247,188530,188359,13283,201642,1290
2022-03-29,Del Norte,015,27424,5794,5806,196,6002,50
2022-03-29,El Dorado,017,186661,26710,26706,3235,29941,200
2022-03-29,Fresno,019,978130,231342,230256,24063,254319,2718
2022-03-29,Glenn,021,27897,4977,4983,1609,6592,47
2022-03-29,Humboldt,023,135768,16875,16892,2976,19868,140
2022-03-29,Imperial,025,180216,55386,55233,10819,66052,908
2022-03-29,Inyo,027,18085,4067,4062,487,4549,56
2022-03-29,Kern,029,883053,191772,191338,46293,237631,2220
2022-03-29,Kings,031,150075,51489,51416,3622,55038,443
2022-03-29,Lake,033,64148,10688,10674,898,11572,136
2022-03-29,Lassen,035,31185,8961,8943,889,9832,65
2022-03-29,Los Angeles,037,10098052,2708825,2702005,124606,2826611,31378
2022-03-29,Madera,039,155013,37278,37325,6118,43443,354
2022-03-29,Marin,041,260295,33522,33431,2257,35688,287
2022-03-29,Mariposa,043,17540,2396,2388,202,2590,23
2022-03-29,Mendocino,045,87422,13061,13053,3046,16099,119
2022-03-29,Merced,047,269075,62143,62123,8675,70798,806
2022-03-29,Modoc,049,8938,739,737,252,989,8
2022-03-29,Mono,051,14174,2968,2966,122,3088,5
2022-03-29,Monterey,053,433212,79387,78774,13913,92687,725
2022-03-29,Napa,055,140530,25791,25732,965,26697,141
2022-03-29,Nevada,057,99092,15944,15956,1210,17166,123
2022-03-29,Orange,059,3164182,546375,545832,41605,587437,6871
2022-03-29,Placer,061,380077,62732,62687,7409,70096,614
2022-03-29,Plumas,063,18699,2968,2761,367,3128,13
2022-03-29,Riverside,065,2383286,591115,590359,28132,618491,6403
2022-03-29,Sacramento,067,1510023,280714,276040,27224,303264,2946
2022-03-29,San Benito,069,59416,12887,12892,517,13409,97
2022-03-29,San Bernardino,071,2135413,567723,561026,25122,586148,6860
2022-03-29,San Diego,073,3302833,750700,751240,52374,803614,5159
2022-03-29,San Francisco,075,870044,124677,124789,8357,133146,840
2022-03-29,San Joaquin,077,732212,166279,166241,10030,176271,2198
2022-03-29,San Luis Obispo,079,281455,52442,52455,3802,56257,472
2022-03-29,San Mateo,081,765935,121751,120435,7041,127476,686
2022-03-29,Santa Barbara,083,443738,85724,85464,4785,90249,676
2022-03-29,Santa Clara,085,1922200,311110,312067,12498,324565,2259
2022-03-29,Santa Cruz,087,273765,47772,47323,2139,49462,259
2022-03-29,Shasta,089,179085,30551,30552,6148,36700,529
2022-03-29,Sierra,091,2930,271,273,48,321,4
2022-03-29,Siskiyou,093,43540,4446,4439,2751,7190,80
2022-03-29,Solano,095,438530,81385,81713,5591,87304,441
2022-03-29,Sonoma,097,501317,83520,83130,2627,85757,485
2022-03-29,Stanislaus,099,539301,117352,117683,17559,135242,1559
2022-03-29,Sutter,101,95872,20481,20556,2129,22685,221
2022-03-29,Tehama,103,63373,12033,12045,2621,14666,198
2022-03-29,Trinity,105,12862,1182,1173,295,1468,20
2022-03-29,Tulare,107,460477,106509,104622,28587,133209,1406
2022-03-29,Tuolumne,109,53932,12623,12615,567,13182,180
2022-03-29,Ventura,111,848112,173209,172946,9388,182334,1460
2022-03-29,Yolo,113,214977,36975,36296,3224,39520,313
2022-03-29,Yuba,115,75493,15842,15824,1216,17040,117
2022-03-28,Alameda,001,1643700,255780,255192,14189,269381,1808
2022-03-28,Alpine,003,1148,124,124,1,125,0
2022-03-28,Amador,005,37829,8530,8480,652,9132,86
2022-03-28,Butte,007,227075,33024,32947,6665,39612,392
2022-03-28,Calaveras,009,45235,7262,7247,354,7601,119
2022-03-28,Colusa,011,21464,3440,3445,1073,4518,21
2022-03-28,Contra Costa,013,1133247,188449,188305,13278,201583,1290
2022-03-28,Del Norte,015,27424,5792,5834,196,6030,50
2022-03-28,El Dorado,017,186661,26703,26703,3233,29936,200
2022-03-28,Fresno,019,978130,231313,230144,24046,254190,2717
2022-03-28,Glenn,021,27897,4977,4983,1609,6592,47
2022-03-28,Humboldt,023,135768,16874,16916,2976,19892,140
2022-03-28,Imperial,025,180216,55375,55245,10819,66064,909
2022-03-28,Inyo,027,18085,4066,4062,487,4549,56
2022-03-28,Kern,029,883053,191748,191333,46283,237616,2212
2022-03-28,Kings,031,150075,51476,51405,3622,55027,443
2022-03-28,Lake,033,64148,10686,10673,898,11571,136
2022-03-28,Lassen,035,31185,8961,8946,889,9835,63
2022-03-28,Los Angeles,037,10098052,2707942,2700997,124567,2825564,31349
2022-03-28,Madera,039,155013,37274,37324,6118,43442,354
2022-03-28,Marin,041,260295,33497,33391,2252,35643,287
2022-03-28,Mariposa,043,17540,2395,2388,202,2590,23
2022-03-28,Mendocino,045,87422,13059,13046,3045,16091,118
2022-03-28,Merced,047,269075,62133,62116,8670,70786,805
2022-03-28,Modoc,049,8938,738,736,252,988,7
2022-03-28,Mono,051,14174,2968,2966,122,3088,5
2022-03-28,Monterey,053,433212,79354,78784,13908,92692,724
2022-03-28,Napa,055,140530,25785,25723,964,26687,140
2022-03-28,Nevada,057,99092,15942,15969,1210,17179,123
2022-03-28,Orange,059,3164182,546243,545700,41577,587277,6860
2022-03-28,Placer,061,380077,62711,62687,7408,70095,613
2022-03-28,Plumas,063,18699,2967,2760,367,3127,13
2022-03-28,Riverside,065,2383286,591016,590298,28122,618420,6397
2022-03-28,Sacramento,067,1510023,280645,275889,27213,303102,2946
2022-03-28,San Benito,069,59416,12887,12889,517,13406,97
2022-03-28,San Bernardino,071,2135413,567640,560836,25109,585945,6858
2022-03-28,San Diego,073,3302833,750461,750659,52340,802999,5155
2022-03-28,San Francisco,075,870044,124537,124678,8346,133024,839
2022-03-28,San Joaquin,077,732212,166247,166247,10026,176273,2196
2022-03-28,San Luis Obispo,079,281455,52417,52434,3798,56232,470
2022-03-28,San Mateo,081,765935,121637,120337,7034,127371,686
2022-03-28,Santa Barbara,083,443738,85696,85442,4783,90225,675
2022-03-28,Santa Clara,085,1922200,310881,311953,12488,324441,2257
2022-03-28,Santa Cruz,087,273765,47739,47324,2139,49463,259
2022-03-28,Shasta,089,179085,30550,30550,6147,36697,527
2022-03-28,Sierra,091,2930,271,273,48,321,4
2022-03-28,Siskiyou,093,43540,4445,4438,2751,7189,80
2022-03-28,Solano,095,438530,81357,81704,5586,87290,441
2022-03-28,Sonoma,097,501317,83476,83105,2622,85727,485
2022-03-28,Stanislaus,099,539301,117340,117783,17554,135337,1562
2022-03-28,Sutter,101,95872,20476,20549,2129,22678,221
2022-03-28,Tehama,103,63373,12033,12041,2620,14661,200
2022-03-28,Trinity,105,12862,1182,1173,295,1468,20
2022-03-28,Tulare,107,460477,106497,104576,28580,133156,1404
2022-03-28,Tuolumne,109,53932,12623,12627,567,13194,180
2022-03-28,Ventura,111,848112,173169,172867,9387,182254,1455
2022-03-28,Yolo,113,214977,36965,36282,3222,39504,312
2022-03-28,Yuba,115,75493,15841,15821,1214,17035,117
2022-03-27,Alameda,001,1643700,255596,255132,14180,269312,1809
2022-03-27,Alpine,003,1148,124,124,1,125,0
2022-03-27,Amador,005,37829,8527,8480,652,9132,86
2022-03-27,Butte,007,227075,33011,32943,6658,39601,392
2022-03-27,Calaveras,009,45235,7260,7245,354,7599,119
2022-03-27,Colusa,011,21464,3440,3445,1072,4517,21
2022-03-27,Contra Costa,013,1133247,188334,188251,13262,201513,1290
2022-03-27,Del Norte,015,27424,5791,5836,196,6032,50
2022-03-27,El Dorado,017,186661,26689,26699,3230,29929,200
2022-03-27,Fresno,019,978130,231266,230049,24028,254077,2717
2022-03-27,Glenn,021,27897,4976,4983,1609,6592,47
2022-03-27,Humboldt,023,135768,16870,16920,2976,19896,140
2022-03-27,Imperial,025,180216,55362,55240,10816,66056,909
2022-03-27,Inyo,027,18085,4065,4062,485,4547,56
2022-03-27,Kern,029,883053,191710,191332,46277,237609,2213
2022-03-27,Kings,031,150075,51467,51400,3622,55022,443
2022-03-27,Lake,033,64148,10685,10672,897,11569,136
2022-03-27,Lassen,035,31185,8961,8946,889,9835,63
2022-03-27,Los Angeles,037,10098052,2707136,2700983,124519,2825502,31348
2022-03-27,Madera,039,155013,37270,37323,6116,43439,354
2022-03-27,Marin,041,260295,33460,33391,2242,35633,287
2022-03-27,Mariposa,043,17540,2395,2390,202,2592,23
2022-03-27,Mendocino,045,87422,13055,13046,3043,16089,118
2022-03-27,Merced,047,269075,62123,62110,8668,70778,805
2022-03-27,Modoc,049,8938,737,736,250,986,7
2022-03-27,Mono,051,14174,2968,2966,122,3088,5
2022-03-27,Monterey,053,433212,79333,78778,13896,92674,724
2022-03-27,Napa,055,140530,25771,25723,964,26687,140
2022-03-27,Nevada,057,99092,15938,15967,1208,17175,123
2022-03-27,Orange,059,3164182,546109,545644,41542,587186,6860
2022-03-27,Placer,061,380077,62692,62680,7408,70088,613
2022-03-27,Plumas,063,18699,2966,2760,365,3125,13
2022-03-27,Riverside,065,2383286,590930,590251,28111,618362,6395
2022-03-27,Sacramento,067,1510023,280564,275854,27206,303060,2941
2022-03-27,San Benito,069,59416,12882,12889,516,13405,97
2022-03-27,San Bernardino,071,2135413,567523,560853,25105,585958,6862
2022-03-27,San Diego,073,3302833,750210,750659,52317,802976,5155
2022-03-27,San Francisco,075,870044,124351,124619,8334,132953,839
2022-03-27,San Joaquin,077,732212,166211,166238,10023,176261,2196
2022-03-27,San Luis Obispo,079,281455,52396,52430,3796,56226,470
2022-03-27,San Mateo,081,765935,121533,120324,7028,127352,686
2022-03-27,Santa Barbara,083,443738,85660,85434,4781,90215,675
2022-03-27,Santa Clara,085,1922200,310669,311822,12481,324303,2257
2022-03-27,Santa Cruz,087,273765,47706,47321,2134,49455,259
2022-03-27,Shasta,089,179085,30546,30550,6145,36695,527
2022-03-27,Sierra,091,2930,271,273,48,321,4
2022-03-27,Siskiyou,093,43540,4445,4436,2750,7186,80
2022-03-27,Solano,095,438530,81316,81691,5583,87274,441
2022-03-27,Sonoma,097,501317,83422,83088,2618,85706,485
2022-03-27,Stanislaus,099,539301,117320,117778,17551,135329,1562
2022-03-27,Sutter,101,95872,20470,20545,2129,22674,221
2022-03-27,Tehama,103,63373,12033,12040,2620,14660,200
2022-03-27,Trinity,105,12862,1182,1173,295,1468,20
2022-03-27,Tulare,107,460477,106488,104582,28570,133152,1404
2022-03-27,Tuolumne,109,53932,12621,12628,567,13195,180
2022-03-27,Ventura,111,848112,173124,172831,9385,182216,1455
2022-03-27,Yolo,113,214977,36955,36232,3219,39451,312
2022-03-27,Yuba,115,75493,15838,15821,1207,17028,117
2022-03-26,Alameda,001,1643700,255516,254691,14178,268869,1803
2022-03-26,Alpine,003,1148,124,124,1,125,0
2022-03-26,Amador,005,37829,8527,8476,652,9128,86
2022-03-26,Butte,007,227075,33007,32929,6656,39585,391
2022-03-26,Calaveras,009,45235,7258,7240,354,7594,120
2022-03-26,Colusa,011,21464,3438,3445,1072,4517,21
2022-03-26,Contra Costa,013,1133247,188280,187990,13259,201249,1285
2022-03-26,Del Norte,015,27424,5789,5831,196,6027,50
2022-03-26,El Dorado,017,186661,26681,26674,3228,29902,200
2022-03-26,Fresno,019,978130,231243,229799,24027,253826,2710
2022-03-26,Glenn,021,27897,4976,4978,1609,6587,47
2022-03-26,Humboldt,023,135768,16866,16911,2976,19887,139
2022-03-26,Imperial,025,180216,55356,55230,10815,66045,913
2022-03-26,Inyo,027,18085,4065,4060,484,4544,56
2022-03-26,Kern,029,883053,191696,191288,46272,237560,2201
2022-03-26,Kings,031,150075,51466,51397,3622,55019,444
2022-03-26,Lake,033,64148,10685,10659,897,11556,136
2022-03-26,Lassen,035,31185,8961,8944,889,9833,63
2022-03-26,Los Angeles,037,10098052,2706680,2698028,124477,2822505,31291
2022-03-26,Madera,039,155013,37267,37321,6114,43435,354
2022-03-26,Marin,041,260295,33450,33317,2238,35555,287
2022-03-26,Mariposa,043,17540,2395,2386,202,2588,23
2022-03-26,Mendocino,045,87422,13051,13038,3043,16081,118
2022-03-26,Merced,047,269075,62117,62083,8666,70749,805
2022-03-26,Modoc,049,8938,737,736,250,986,7
2022-03-26,Mono,051,14174,2968,2966,122,3088,5
2022-03-26,Monterey,053,433212,79326,78688,13894,92582,724
2022-03-26,Napa,055,140530,25768,25701,964,26665,139
2022-03-26,Nevada,057,99092,15934,15960,1208,17168,123
2022-03-26,Orange,059,3164182,546032,545294,41531,586825,6853
2022-03-26,Placer,061,380077,62680,62634,7404,70038,613
2022-03-26,Plumas,063,18699,2966,2758,364,3122,13
2022-03-26,Riverside,065,2383286,590860,590060,28110,618170,6397
2022-03-26,Sacramento,067,1510023,280531,275529,27204,302733,2935
2022-03-26,San Benito,069,59416,12882,12885,516,13401,97
2022-03-26,San Bernardino,071,2135413,567464,560742,25101,585843,6840
2022-03-26,San Diego,073,3302833,750086,750170,52310,802480,5146
2022-03-26,San Francisco,075,870044,124245,124265,8325,132590,839
2022-03-26,San Joaquin,077,732212,166190,166079,10022,176101,2195
2022-03-26,San Luis Obispo,079,281455,52390,52369,3796,56165,469
2022-03-26,San Mateo,081,765935,121474,120165,7020,127185,684
2022-03-26,Santa Barbara,083,443738,85640,85477,4779,90256,674
2022-03-26,Santa Clara,085,1922200,310511,311189,12472,323661,2250
2022-03-26,Santa Cruz,087,273765,47695,47329,2134,49463,259
2022-03-26,Shasta,089,179085,30545,30542,6144,36686,527
2022-03-26,Sierra,091,2930,271,273,48,321,4
2022-03-26,Siskiyou,093,43540,4444,4433,2750,7183,80
2022-03-26,Solano,095,438530,81306,81659,5583,87242,441
2022-03-26,Sonoma,097,501317,83392,83113,2613,85726,485
2022-03-26,Stanislaus,099,539301,117313,117962,17550,135512,1565
2022-03-26,Sutter,101,95872,20468,20536,2129,22665,221
2022-03-26,Tehama,103,63373,12033,12036,2619,14655,195
2022-03-26,Trinity,105,12862,1182,1174,295,1469,20
2022-03-26,Tulare,107,460477,106481,104538,28569,133107,1400
2022-03-26,Tuolumne,109,53932,12619,12628,567,13195,180
2022-03-26,Ventura,111,848112,173083,172690,9381,182071,1455
2022-03-26,Yolo,113,214977,36951,36234,3219,39453,311
2022-03-26,Yuba,115,75493,15837,15807,1207,17014,117
2022-03-25,Alameda,001,1643700,255451,254691,14176,268867,1803
2022-03-25,Alpine,003,1148,124,124,1,125,0
2022-03-25,Amador,005,37829,8526,8476,652,9128,86
2022-03-25,Butte,007,227075,33002,32929,6655,39584,391
2022-03-25,Calaveras,009,45235,7257,7240,354,7594,120
2022-03-25,Colusa,011,21464,3438,3445,1072,4517,21
2022-03-25,Contra Costa,013,1133247,188232,187990,13255,201245,1285
2022-03-25,Del Norte,015,27424,5789,5831,196,6027,50
2022-03-25,El Dorado,017,186661,26677,26674,3228,29902,200
2022-03-25,Fresno,019,978130,231215,229799,24018,253817,2710
2022-03-25,Glenn,021,27897,4976,4978,1609,6587,47
2022-03-25,Humboldt,023,135768,16866,16911,2976,19887,139
2022-03-25,Imperial,025,180216,55351,55230,10814,66044,913
2022-03-25,Inyo,027,18085,4064,4060,484,4544,56
2022-03-25,Kern,029,883053,191686,191288,46271,237559,2201
2022-03-25,Kings,031,150075,51465,51397,3622,55019,444
2022-03-25,Lake,033,64148,10685,10659,897,11556,136
2022-03-25,Lassen,035,31185,8960,8944,889,9833,63
2022-03-25,Los Angeles,037,10098052,2706263,2698028,124446,2822474,31291
2022-03-25,Madera,039,155013,37266,37321,6113,43434,354
2022-03-25,Marin,041,260295,33435,33317,2229,35546,287
2022-03-25,Mariposa,043,17540,2395,2386,202,2588,23
2022-03-25,Mendocino,045,87422,13051,13038,3043,16081,118
2022-03-25,Merced,047,269075,62110,62083,8665,70748,805
2022-03-25,Modoc,049,8938,737,736,250,986,7
2022-03-25,Mono,051,14174,2967,2966,122,3088,5
2022-03-25,Monterey,053,433212,79315,78688,13891,92579,724
2022-03-25,Napa,055,140530,25761,25701,964,26665,139
2022-03-25,Nevada,057,99092,15933,15960,1208,17168,123
2022-03-25,Orange,059,3164182,545957,545294,41514,586808,6853
2022-03-25,Placer,061,380077,62674,62634,7401,70035,613
2022-03-25,Plumas,063,18699,2965,2758,364,3122,13
2022-03-25,Riverside,065,2383286,590801,590060,28099,618159,6397
2022-03-25,Sacramento,067,1510023,280490,275529,27202,302731,2935
2022-03-25,San Benito,069,59416,12882,12885,516,13401,97
2022-03-25,San Bernardino,071,2135413,567425,560742,25098,585840,6840
2022-03-25,San Diego,073,3302833,749964,750170,52300,802470,5146
2022-03-25,San Francisco,075,870044,124164,124265,8311,132576,839
2022-03-25,San Joaquin,077,732212,166176,166079,10019,176098,2195
2022-03-25,San Luis Obispo,079,281455,52387,52369,3795,56164,469
2022-03-25,San Mateo,081,765935,121422,120165,7020,127185,684
2022-03-25,Santa Barbara,083,443738,85625,85477,4777,90254,674
2022-03-25,Santa Clara,085,1922200,310360,311189,12467,323656,2250
2022-03-25,Santa Cruz,087,273765,47687,47329,2134,49463,259
2022-03-25,Shasta,089,179085,30541,30542,6143,36685,527
2022-03-25,Sierra,091,2930,271,273,48,321,4
2022-03-25,Siskiyou,093,43540,4442,4433,2748,7181,80
2022-03-25,Solano,095,438530,81292,81659,5581,87240,441
2022-03-25,Sonoma,097,501317,83355,83113,2613,85726,485
2022-03-25,Stanislaus,099,539301,117299,117962,17549,135511,1565
2022-03-25,Sutter,101,95872,20463,20536,2129,22665,221
2022-03-25,Tehama,103,63373,12031,12036,2619,14655,195
2022-03-25,Trinity,105,12862,1182,1174,295,1469,20
2022-03-25,Tulare,107,460477,106477,104538,28566,133104,1400
2022-03-25,Tuolumne,109,53932,12618,12628,567,13195,180
2022-03-25,Ventura,111,848112,173045,172690,9381,182071,1455
2022-03-25,Yolo,113,214977,36939,36234,3219,39453,311
2022-03-25,Yuba,115,75493,15832,15807,1206,17013,117
2022-03-24,Alameda,001,1643700,255334,254691,14160,268851,1803
2022-03-24,Alpine,003,1148,124,124,1,125,0
2022-03-24,Amador,005,37829,8526,8476,652,9128,86
2022-03-24,Butte,007,227075,32996,32929,6655,39584,391
2022-03-24,Calaveras,009,45235,7254,7240,354,7594,120
2022-03-24,Colusa,011,21464,3438,3445,1072,4517,21
2022-03-24,Contra Costa,013,1133247,188153,187990,13254,201244,1285
2022-03-24,Del Norte,015,27424,5785,5831,196,6027,50
2022-03-24,El Dorado,017,186661,26666,26674,3228,29902,200
2022-03-24,Fresno,019,978130,231174,229799,24006,253805,2710
2022-03-24,Glenn,021,27897,4975,4978,1609,6587,47
2022-03-24,Humboldt,023,135768,16861,16911,2974,19885,139
2022-03-24,Imperial,025,180216,55344,55230,10814,66044,913
2022-03-24,Inyo,027,18085,4063,4060,484,4544,56
2022-03-24,Kern,029,883053,191676,191288,46268,237556,2201
2022-03-24,Kings,031,150075,51456,51397,3620,55017,444
2022-03-24,Lake,033,64148,10684,10659,897,11556,136
2022-03-24,Lassen,035,31185,8959,8944,889,9833,63
2022-03-24,Los Angeles,037,10098052,2705701,2698028,124401,2822429,31291
2022-03-24,Madera,039,155013,37264,37321,6111,43432,354
2022-03-24,Marin,041,260295,33413,33317,2220,35537,287
2022-03-24,Mariposa,043,17540,2395,2386,202,2588,23
2022-03-24,Mendocino,045,87422,13045,13038,3040,16078,118
2022-03-24,Merced,047,269075,62103,62083,8664,70747,805
2022-03-24,Modoc,049,8938,737,736,250,986,7
2022-03-24,Mono,051,14174,2967,2966,122,3088,5
2022-03-24,Monterey,053,433212,79289,78688,13877,92565,724
2022-03-24,Napa,055,140530,25752,25701,964,26665,139
2022-03-24,Nevada,057,99092,15929,15960,1207,17167,123
2022-03-24,Orange,059,3164182,545855,545294,41497,586791,6853
2022-03-24,Placer,061,380077,62654,62634,7400,70034,613
2022-03-24,Plumas,063,18699,2965,2758,364,3122,13
2022-03-24,Riverside,065,2383286,590725,590060,28090,618150,6397
2022-03-24,Sacramento,067,1510023,280420,275529,27197,302726,2935
2022-03-24,San Benito,069,59416,12881,12885,515,13400,97
2022-03-24,San Bernardino,071,2135413,567342,560742,25094,585836,6840
2022-03-24,San Diego,073,3302833,749755,750170,52289,802459,5146
2022-03-24,San Francisco,075,870044,124083,124265,8305,132570,839
2022-03-24,San Joaquin,077,732212,166149,166079,10018,176097,2195
2022-03-24,San Luis Obispo,079,281455,52372,52369,3794,56163,469
2022-03-24,San Mateo,081,765935,121374,120165,7015,127180,684
2022-03-24,Santa Barbara,083,443738,85610,85477,4774,90251,674
2022-03-24,Santa Clara,085,1922200,310214,311189,12449,323638,2250
2022-03-24,Santa Cruz,087,273765,47670,47329,2133,49462,259
2022-03-24,Shasta,089,179085,30533,30542,6143,36685,527
2022-03-24,Sierra,091,2930,271,273,48,321,4
2022-03-24,Siskiyou,093,43540,4439,4433,2748,7181,80
2022-03-24,Solano,095,438530,81273,81659,5580,87239,441
2022-03-24,Sonoma,097,501317,83320,83113,2611,85724,485
2022-03-24,Stanislaus,099,539301,117289,117962,17546,135508,1565
2022-03-24,Sutter,101,95872,20458,20536,2129,22665,221
2022-03-24,Tehama,103,63373,12029,12036,2617,14653,195
2022-03-24,Trinity,105,12862,1182,1174,295,1469,20
2022-03-24,Tulare,107,460477,106466,104538,28560,133098,1400
2022-03-24,Tuolumne,109,53932,12616,12628,567,13195,180
2022-03-24,Ventura,111,848112,173002,172690,9380,182070,1455
2022-03-24,Yolo,113,214977,36933,36234,3215,39449,311
2022-03-24,Yuba,115,75493,15828,15807,1203,17010,117
2022-03-23,Alameda,001,1643700,255200,254559,14149,268708,1802
2022-03-23,Alpine,003,1148,124,124,1,125,0
2022-03-23,Amador,005,37829,8526,8475,652,9127,86
2022-03-23,Butte,007,227075,32982,32920,6654,39574,387
2022-03-23,Calaveras,009,45235,7249,7237,354,7591,120
2022-03-23,Colusa,011,21464,3437,3444,1072,4516,21
2022-03-23,Contra Costa,013,1133247,188054,187898,13242,201140,1279
2022-03-23,Del Norte,015,27424,5783,5830,196,6026,50
2022-03-23,El Dorado,017,186661,26660,26670,3228,29898,200
2022-03-23,Fresno,019,978130,231138,229656,23992,253648,2710
2022-03-23,Glenn,021,27897,4975,4975,1609,6584,47
2022-03-23,Humboldt,023,135768,16860,16908,2972,19880,139
2022-03-23,Imperial,025,180216,55338,55211,10813,66024,909
2022-03-23,Inyo,027,18085,4063,4060,484,4544,56
2022-03-23,Kern,029,883053,191659,191241,46263,237504,2196
2022-03-23,Kings,031,150075,51445,51384,3619,55003,442
2022-03-23,Lake,033,64148,10680,10658,896,11554,135
2022-03-23,Lassen,035,31185,8958,8944,888,9832,63
2022-03-23,Los Angeles,037,10098052,2705026,2697227,124369,2821596,31267
2022-03-23,Madera,039,155013,37259,37317,6107,43424,354
2022-03-23,Marin,041,260295,33387,33274,2215,35489,287
2022-03-23,Mariposa,043,17540,2393,2382,201,2583,11
2022-03-23,Mendocino,045,87422,13041,13033,3039,16072,118
2022-03-23,Merced,047,269075,62093,62056,8660,70716,805
2022-03-23,Modoc,049,8938,737,736,250,986,7
2022-03-23,Mono,051,14174,2967,2966,122,3088,5
2022-03-23,Monterey,053,433212,79272,78655,13852,92507,724
2022-03-23,Napa,055,140530,25739,25691,962,26653,139
2022-03-23,Nevada,057,99092,15927,15958,1207,17165,123
2022-03-23,Orange,059,3164182,545725,545158,41484,586642,6852
2022-03-23,Placer,061,380077,62635,62622,7398,70020,613
2022-03-23,Plumas,063,18699,2965,2747,364,3111,13
2022-03-23,Riverside,065,2383286,590651,589947,28085,618032,6388
2022-03-23,Sacramento,067,1510023,280358,275398,27190,302588,2934
2022-03-23,San Benito,069,59416,12880,12884,515,13399,97
2022-03-23,San Bernardino,071,2135413,567268,560550,25089,585639,6828
2022-03-23,San Diego,073,3302833,749562,749871,52266,802137,5143
2022-03-23,San Francisco,075,870044,123970,124110,8299,132409,838
2022-03-23,San Joaquin,077,732212,166111,166041,10011,176052,2187
2022-03-23,San Luis Obispo,079,281455,52355,52344,3788,56132,469
2022-03-23,San Mateo,081,765935,121290,120080,7005,127085,685
2022-03-23,Santa Barbara,083,443738,85593,85464,4773,90237,673
2022-03-23,Santa Clara,085,1922200,310050,310956,12437,323393,2250
2022-03-23,Santa Cruz,087,273765,47651,47314,2127,49441,259
2022-03-23,Shasta,089,179085,30529,30524,6142,36666,526
2022-03-23,Sierra,091,2930,271,273,48,321,4
2022-03-23,Siskiyou,093,43540,4438,4433,2748,7181,80
2022-03-23,Solano,095,438530,81239,81615,5579,87194,441
2022-03-23,Sonoma,097,501317,83287,83074,2608,85682,482
2022-03-23,Stanislaus,099,539301,117272,118041,17543,135584,1568
2022-03-23,Sutter,101,95872,20455,20532,2129,22661,218
2022-03-23,Tehama,103,63373,12026,12035,2617,14652,195
2022-03-23,Trinity,105,12862,1182,1174,295,1469,20
2022-03-23,Tulare,107,460477,106449,104489,28554,133043,1394
2022-03-23,Tuolumne,109,53932,12615,12629,567,13196,180
2022-03-23,Ventura,111,848112,172954,172647,9378,182025,1455
2022-03-23,Yolo,113,214977,36915,36197,3213,39410,308
2022-03-23,Yuba,115,75493,15821,15801,1202,17003,117
2022-03-22,Alameda,001,1643700,255077,254467,13773,268240,1802
2022-03-22,Alpine,003,1148,124,122,1,123,0
2022-03-22,Amador,005,37829,8525,8462,651,9113,86
2022-03-22,Butte,007,227075,32972,32907,6650,39557,387
2022-03-22,Calaveras,009,45235,7247,7237,354,7591,120
2022-03-22,Colusa,011,21464,3436,3445,1072,4517,21
2022-03-22,Contra Costa,013,1133247,187978,187813,13220,201033,1279
2022-03-22,Del Norte,015,27424,5778,5824,196,6020,50
2022-03-22,El Dorado,017,186661,26653,26661,3228,29889,200
2022-03-22,Fresno,019,978130,231089,229551,23982,253533,2708
2022-03-22,Glenn,021,27897,4972,4971,1609,6580,47
2022-03-22,Humboldt,023,135768,16857,16911,2972,19883,139
2022-03-22,Imperial,025,180216,55327,55170,10810,65980,908
2022-03-22,Inyo,027,18085,4063,4060,484,4544,56
2022-03-22,Kern,029,883053,191636,191213,46254,237467,2195
2022-03-22,Kings,031,150075,51433,51369,3618,54987,442
2022-03-22,Lake,033,64148,10678,10657,895,11552,135
2022-03-22,Lassen,035,31185,8958,8940,887,9827,63
2022-03-22,Los Angeles,037,10098052,2704363,2696746,124320,2821066,31250
2022-03-22,Madera,039,155013,37255,37304,6104,43408,354
2022-03-22,Marin,041,260295,33362,33253,2211,35464,287
2022-03-22,Mariposa,043,17540,2391,2382,201,2583,6
2022-03-22,Mendocino,045,87422,13036,13030,3037,16067,118
2022-03-22,Merced,047,269075,62083,62056,8656,70712,805
2022-03-22,Modoc,049,8938,737,735,250,985,7
2022-03-22,Mono,051,14174,2967,2963,122,3085,5
2022-03-22,Monterey,053,433212,79255,78614,13841,92455,724
2022-03-22,Napa,055,140530,25729,25688,961,26649,139
2022-03-22,Nevada,057,99092,15919,15950,1207,17157,123
2022-03-22,Orange,059,3164182,545581,545075,41464,586539,6843
2022-03-22,Placer,061,380077,62622,62604,7396,70000,610
2022-03-22,Plumas,063,18699,2964,2744,364,3108,13
2022-03-22,Riverside,065,2383286,590576,589816,28082,617898,6383
2022-03-22,Sacramento,067,1510023,280281,275374,27178,302552,2927
2022-03-22,San Benito,069,59416,12879,12884,514,13398,97
2022-03-22,San Bernardino,071,2135413,567186,560371,25069,585440,6811
2022-03-22,San Diego,073,3302833,749361,749647,52246,801893,5141
2022-03-22,San Francisco,075,870044,123863,123998,8293,132291,838
2022-03-22,San Joaquin,077,732212,166083,165992,10007,175999,2187
2022-03-22,San Luis Obispo,079,281455,52347,52257,3788,56045,465
2022-03-22,San Mateo,081,765935,121216,119975,7001,126976,686
2022-03-22,Santa Barbara,083,443738,85576,85457,4772,90229,672
2022-03-22,Santa Clara,085,1922200,309881,310787,12425,323212,2249
2022-03-22,Santa Cruz,087,273765,47631,47287,2126,49413,259
2022-03-22,Shasta,089,179085,30523,30528,6141,36669,525
2022-03-22,Sierra,091,2930,271,273,48,321,4
2022-03-22,Siskiyou,093,43540,4438,4429,2747,7176,80
2022-03-22,Solano,095,438530,81216,81587,5578,87165,440
2022-03-22,Sonoma,097,501317,83258,83042,2604,85646,482
2022-03-22,Stanislaus,099,539301,117255,118025,17540,135565,1568
2022-03-22,Sutter,101,95872,20454,20525,2125,22650,218
2022-03-22,Tehama,103,63373,12024,12034,2617,14651,162
2022-03-22,Trinity,105,12862,1182,1174,295,1469,20
2022-03-22,Tulare,107,460477,106437,104431,28545,132976,1391
2022-03-22,Tuolumne,109,53932,12615,12628,567,13195,180
2022-03-22,Ventura,111,848112,172905,172590,9376,181966,1455
2022-03-22,Yolo,113,214977,36896,36184,3212,39396,308
2022-03-22,Yuba,115,75493,15818,15795,1201,16996,117
2022-03-21,Alameda,001,1643700,254860,254354,13765,268119,1799
2022-03-21,Alpine,003,1148,124,122,1,123,0
2022-03-21,Amador,005,37829,8522,8461,650,9111,85
2022-03-21,Butte,007,227075,32961,32895,6646,39541,385
2022-03-21,Calaveras,009,45235,7246,7237,354,7591,119
2022-03-21,Colusa,011,21464,3436,3445,1072,4517,21
2022-03-21,Contra Costa,013,1133247,187914,187509,13203,200712,1276
2022-03-21,Del Norte,015,27424,5777,5824,196,6020,50
2022-03-21,El Dorado,017,186661,26642,26610,3227,29837,199
2022-03-21,Fresno,019,978130,231040,229374,23973,253347,2707
2022-03-21,Glenn,021,27897,4970,4972,1603,6575,46
2022-03-21,Humboldt,023,135768,16847,16912,2959,19871,139
2022-03-21,Imperial,025,180216,55313,55133,10809,65942,908
2022-03-21,Inyo,027,18085,4062,4060,484,4544,56
2022-03-21,Kern,029,883053,191603,191184,46248,237432,2187
2022-03-21,Kings,031,150075,51419,51366,3616,54982,441
2022-03-21,Lake,033,64148,10676,10655,895,11550,135
2022-03-21,Lassen,035,31185,8957,8939,887,9826,63
2022-03-21,Los Angeles,037,10098052,2703498,2694711,124271,2818982,31218
2022-03-21,Madera,039,155013,37250,37288,6100,43388,354
2022-03-21,Marin,041,260295,33318,33242,2206,35448,287
2022-03-21,Mariposa,043,17540,2390,2383,200,2583,6
2022-03-21,Mendocino,045,87422,13028,13028,3035,16063,118
2022-03-21,Merced,047,269075,62069,62048,8651,70699,803
2022-03-21,Modoc,049,8938,735,734,250,984,7
2022-03-21,Mono,051,14174,2967,2962,122,3084,5
2022-03-21,Monterey,053,433212,79206,78572,13827,92399,724
2022-03-21,Napa,055,140530,25721,25684,959,26643,138
2022-03-21,Nevada,057,99092,15915,15963,1206,17169,123
2022-03-21,Orange,059,3164182,545427,544943,41447,586390,6841
2022-03-21,Placer,061,380077,62603,62550,7395,69945,610
2022-03-21,Plumas,063,18699,2964,2744,364,3108,13
2022-03-21,Riverside,065,2383286,590495,589707,28076,617783,6376
2022-03-21,Sacramento,067,1510023,280191,275334,27164,302498,2925
2022-03-21,San Benito,069,59416,12873,12872,514,13386,97
2022-03-21,San Bernardino,071,2135413,567097,560210,25056,585266,6807
2022-03-21,San Diego,073,3302833,749139,748833,52225,801058,5138
2022-03-21,San Francisco,075,870044,123696,123912,8284,132196,835
2022-03-21,San Joaquin,077,732212,166057,165939,10004,175943,2185
2022-03-21,San Luis Obispo,079,281455,52322,52219,3783,56002,463
2022-03-21,San Mateo,081,765935,121057,119899,6999,126898,684
2022-03-21,Santa Barbara,083,443738,85561,85416,4770,90186,672
2022-03-21,Santa Clara,085,1922200,309619,310509,12422,322931,2245
2022-03-21,Santa Cruz,087,273765,47594,47267,2125,49392,259
2022-03-21,Shasta,089,179085,30517,30523,6139,36662,525
2022-03-21,Sierra,091,2930,271,273,48,321,4
2022-03-21,Siskiyou,093,43540,4438,4426,2747,7173,80
2022-03-21,Solano,095,438530,81188,81399,5578,86977,441
2022-03-21,Sonoma,097,501317,83219,82979,2599,85578,482
2022-03-21,Stanislaus,099,539301,117222,118144,17537,135681,1571
2022-03-21,Sutter,101,95872,20451,20523,2112,22635,218
2022-03-21,Tehama,103,63373,12020,12030,2617,14647,160
2022-03-21,Trinity,105,12862,1182,1174,295,1469,20
2022-03-21,Tulare,107,460477,106417,104350,28540,132890,1389
2022-03-21,Tuolumne,109,53932,12615,12620,567,13187,180
2022-03-21,Ventura,111,848112,172835,172537,9372,181909,1452
2022-03-21,Yolo,113,214977,36880,36141,3210,39351,307
2022-03-21,Yuba,115,75493,15815,15790,1200,16990,117
2022-03-20,Alameda,001,1643700,254725,254293,13754,268047,1801
2022-03-20,Alpine,003,1148,122,122,1,123,0
2022-03-20,Amador,005,37829,8519,8460,650,9110,85
2022-03-20,Butte,007,227075,32946,32892,6642,39534,385
2022-03-20,Calaveras,009,45235,7245,7233,351,7584,119
2022-03-20,Colusa,011,21464,3436,3446,1072,4518,21
2022-03-20,Contra Costa,013,1133247,187811,187467,13192,200659,1276
2022-03-20,Del Norte,015,27424,5775,5821,196,6017,50
2022-03-20,El Dorado,017,186661,26634,26608,3227,29835,199
2022-03-20,Fresno,019,978130,230963,229297,23962,253259,2707
2022-03-20,Glenn,021,27897,4969,4972,1603,6575,46
2022-03-20,Humboldt,023,135768,16845,16913,2957,19870,139
2022-03-20,Imperial,025,180216,55302,55133,10808,65941,908
2022-03-20,Inyo,027,18085,4062,4060,484,4544,56
2022-03-20,Kern,029,883053,191559,191170,46243,237413,2187
2022-03-20,Kings,031,150075,51408,51360,3616,54976,441
2022-03-20,Lake,033,64148,10672,10652,895,11547,135
2022-03-20,Lassen,035,31185,8955,8938,887,9825,63
2022-03-20,Los Angeles,037,10098052,2702704,2694698,124224,2818922,31219
2022-03-20,Madera,039,155013,37245,37284,6096,43380,354
2022-03-20,Marin,041,260295,33302,33232,2205,35437,275
2022-03-20,Mariposa,043,17540,2390,2383,200,2583,6
2022-03-20,Mendocino,045,87422,13021,13027,3030,16057,118
2022-03-20,Merced,047,269075,62058,62041,8645,70686,803
2022-03-20,Modoc,049,8938,735,734,250,984,7
2022-03-20,Mono,051,14174,2965,2962,122,3084,5
2022-03-20,Monterey,053,433212,79173,78566,13816,92382,723
2022-03-20,Napa,055,140530,25709,25682,958,26640,138
2022-03-20,Nevada,057,99092,15911,15964,1206,17170,123
2022-03-20,Orange,059,3164182,545306,544862,41427,586289,6841
2022-03-20,Placer,061,380077,62583,62525,7395,69920,610
2022-03-20,Plumas,063,18699,2964,2744,364,3108,13
2022-03-20,Riverside,065,2383286,590398,589657,28071,617728,6376
2022-03-20,Sacramento,067,1510023,280113,275317,27149,302466,2927
2022-03-20,San Benito,069,59416,12873,12869,513,13382,97
2022-03-20,San Bernardino,071,2135413,567016,560220,25047,585267,6805
2022-03-20,San Diego,073,3302833,748903,748833,52192,801025,5138
2022-03-20,San Francisco,075,870044,123546,123858,8272,132130,835
2022-03-20,San Joaquin,077,732212,166024,165927,10000,175927,2185
2022-03-20,San Luis Obispo,079,281455,52298,52217,3780,55997,463
2022-03-20,San Mateo,081,765935,120997,119901,6993,126894,684
2022-03-20,Santa Barbara,083,443738,85536,85412,4768,90180,672
2022-03-20,Santa Clara,085,1922200,309410,310412,12414,322826,2243
2022-03-20,Santa Cruz,087,273765,47567,47265,2124,49389,259
2022-03-20,Shasta,089,179085,30507,30522,6138,36660,525
2022-03-20,Sierra,091,2930,271,273,48,321,4
2022-03-20,Siskiyou,093,43540,4437,4426,2747,7173,80
2022-03-20,Solano,095,438530,81158,81393,5576,86969,441
2022-03-20,Sonoma,097,501317,83176,82965,2598,85563,481
2022-03-20,Stanislaus,099,539301,117196,118146,17533,135679,1572
2022-03-20,Sutter,101,95872,20444,20519,2102,22621,218
2022-03-20,Tehama,103,63373,12018,12030,2617,14647,160
2022-03-20,Trinity,105,12862,1182,1174,295,1469,20
2022-03-20,Tulare,107,460477,106396,104353,28525,132878,1389
2022-03-20,Tuolumne,109,53932,12610,12617,567,13184,180
2022-03-20,Ventura,111,848112,172785,172514,9367,181881,1451
2022-03-20,Yolo,113,214977,36861,36135,3209,39344,307
2022-03-20,Yuba,115,75493,15806,15787,1198,16985,117
2022-03-19,Alameda,001,1643700,254645,253936,13752,267688,1797
2022-03-19,Alpine,003,1148,122,122,1,123,0
2022-03-19,Amador,005,37829,8516,8456,650,9106,85
2022-03-19,Butte,007,227075,32938,32856,6642,39498,385
2022-03-19,Calaveras,009,45235,7244,7229,351,7580,119
2022-03-19,Colusa,011,21464,3434,3445,1072,4517,21
2022-03-19,Contra Costa,013,1133247,187775,187225,13191,200416,1276
2022-03-19,Del Norte,015,27424,5772,5815,196,6011,48
2022-03-19,El Dorado,017,186661,26630,26618,3227,29845,199
2022-03-19,Fresno,019,978130,230940,228965,23961,252926,2694
2022-03-19,Glenn,021,27897,4969,4971,1603,6574,44
2022-03-19,Humboldt,023,135768,16839,16901,2957,19858,138
2022-03-19,Imperial,025,180216,55301,55038,10807,65845,898
2022-03-19,Inyo,027,18085,4062,4061,484,4545,56
2022-03-19,Kern,029,883053,191545,190943,46235,237178,2184
2022-03-19,Kings,031,150075,51403,51334,3616,54950,441
2022-03-19,Lake,033,64148,10672,10641,895,11536,135
2022-03-19,Lassen,035,31185,8955,8925,887,9812,63
2022-03-19,Los Angeles,037,10098052,2702330,2686759,124190,2810949,31133
2022-03-19,Madera,039,155013,37245,37273,6096,43369,354
2022-03-19,Marin,041,260295,33284,33163,2201,35364,272
2022-03-19,Mariposa,043,17540,2389,2378,200,2578,6
2022-03-19,Mendocino,045,87422,13021,13012,3030,16042,117
2022-03-19,Merced,047,269075,62052,61985,8643,70628,800
2022-03-19,Modoc,049,8938,735,734,250,984,7
2022-03-19,Mono,051,14174,2965,2961,122,3083,5
2022-03-19,Monterey,053,433212,79162,78483,13809,92292,720
2022-03-19,Napa,055,140530,25706,25654,958,26612,138
2022-03-19,Nevada,057,99092,15909,15960,1206,17166,123
2022-03-19,Orange,059,3164182,545234,543907,41411,585318,6817
2022-03-19,Placer,061,380077,62569,62483,7395,69878,605
2022-03-19,Plumas,063,18699,2964,2724,364,3088,13
2022-03-19,Riverside,065,2383286,590347,589017,28063,617080,6359
2022-03-19,Sacramento,067,1510023,280072,274855,27145,302000,2913
2022-03-19,San Benito,069,59416,12872,12859,513,13372,97
2022-03-19,San Bernardino,071,2135413,566970,559935,25045,584980,6778
2022-03-19,San Diego,073,3302833,748803,747344,52180,799524,5133
2022-03-19,San Francisco,075,870044,123476,123587,8269,131856,833
2022-03-19,San Joaquin,077,732212,165999,165765,9997,175762,2181
2022-03-19,San Luis Obispo,079,281455,52292,52174,3780,55954,463
2022-03-19,San Mateo,081,765935,120960,119782,6992,126774,667
2022-03-19,Santa Barbara,083,443738,85521,85336,4767,90103,671
2022-03-19,Santa Clara,085,1922200,309288,309918,12405,322323,2225
2022-03-19,Santa Cruz,087,273765,47559,47203,2120,49323,256
2022-03-19,Shasta,089,179085,30503,30495,6138,36633,525
2022-03-19,Sierra,091,2930,271,273,48,321,4
2022-03-19,Siskiyou,093,43540,4436,4422,2747,7169,76
2022-03-19,Solano,095,438530,81149,81340,5573,86913,441
2022-03-19,Sonoma,097,501317,83159,82838,2595,85433,472
2022-03-19,Stanislaus,099,539301,117186,118138,17531,135669,1568
2022-03-19,Sutter,101,95872,20441,20503,2102,22605,218
2022-03-19,Tehama,103,63373,12018,12007,2617,14624,160
2022-03-19,Trinity,105,12862,1182,1173,295,1468,20
2022-03-19,Tulare,107,460477,106387,104290,28520,132810,1384
2022-03-19,Tuolumne,109,53932,12609,12617,567,13184,180
2022-03-19,Ventura,111,848112,172754,172380,9366,181746,1451
2022-03-19,Yolo,113,214977,36852,36086,3209,39295,306
2022-03-19,Yuba,115,75493,15802,15768,1197,16965,117
2022-03-18,Alameda,001,1643700,254586,253936,13748,267684,1797
2022-03-18,Alpine,003,1148,122,122,1,123,0
2022-03-18,Amador,005,37829,8516,8456,650,9106,85
2022-03-18,Butte,007,227075,32933,32856,6640,39496,385
2022-03-18,Calaveras,009,45235,7244,7229,351,7580,119
2022-03-18,Colusa,011,21464,3434,3445,1072,4517,21
2022-03-18,Contra Costa,013,1133247,187743,187225,13189,200414,1276
2022-03-18,Del Norte,015,27424,5770,5815,195,6010,48
2022-03-18,El Dorado,017,186661,26625,26618,3225,29843,199
2022-03-18,Fresno,019,978130,230908,228965,23961,252926,2694
2022-03-18,Glenn,021,27897,4969,4971,1603,6574,44
2022-03-18,Humboldt,023,135768,16836,16901,2956,19857,138
2022-03-18,Imperial,025,180216,55299,55038,10807,65845,898
2022-03-18,Inyo,027,18085,4062,4061,484,4545,56
2022-03-18,Kern,029,883053,191534,190943,46232,237175,2184
2022-03-18,Kings,031,150075,51395,51334,3616,54950,441
2022-03-18,Lake,033,64148,10670,10641,894,11535,135
2022-03-18,Lassen,035,31185,8954,8925,887,9812,63
2022-03-18,Los Angeles,037,10098052,2701980,2686759,124164,2810923,31133
2022-03-18,Madera,039,155013,37240,37273,6096,43369,354
2022-03-18,Marin,041,260295,33270,33163,2201,35364,272
2022-03-18,Mariposa,043,17540,2388,2378,200,2578,6
2022-03-18,Mendocino,045,87422,13017,13012,3030,16042,117
2022-03-18,Merced,047,269075,62041,61985,8643,70628,800
2022-03-18,Modoc,049,8938,735,734,250,984,7
2022-03-18,Mono,051,14174,2964,2961,122,3083,5
2022-03-18,Monterey,053,433212,79144,78483,13806,92289,720
2022-03-18,Napa,055,140530,25703,25654,958,26612,138
2022-03-18,Nevada,057,99092,15906,15960,1205,17165,123
2022-03-18,Orange,059,3164182,545168,543907,41402,585309,6817
2022-03-18,Placer,061,380077,62560,62483,7395,69878,605
2022-03-18,Plumas,063,18699,2964,2724,364,3088,13
2022-03-18,Riverside,065,2383286,590287,589017,28059,617076,6359
2022-03-18,Sacramento,067,1510023,280036,274855,27140,301995,2913
2022-03-18,San Benito,069,59416,12870,12859,513,13372,97
2022-03-18,San Bernardino,071,2135413,566932,559935,25043,584978,6778
2022-03-18,San Diego,073,3302833,748695,747344,52165,799509,5133
2022-03-18,San Francisco,075,870044,123397,123587,8262,131849,833
2022-03-18,San Joaquin,077,732212,165984,165765,9992,175757,2181
2022-03-18,San Luis Obispo,079,281455,52286,52174,3780,55954,463
2022-03-18,San Mateo,081,765935,120925,119782,6989,126771,667
2022-03-18,Santa Barbara,083,443738,85511,85336,4766,90102,671
2022-03-18,Santa Clara,085,1922200,309184,309918,12402,322320,2225
2022-03-18,Santa Cruz,087,273765,47547,47203,2119,49322,256
2022-03-18,Shasta,089,179085,30502,30495,6138,36633,525
2022-03-18,Sierra,091,2930,271,273,48,321,4
2022-03-18,Siskiyou,093,43540,4436,4422,2747,7169,76
2022-03-18,Solano,095,438530,81138,81340,5567,86907,441
2022-03-18,Sonoma,097,501317,83138,82838,2594,85432,472
2022-03-18,Stanislaus,099,539301,117173,118138,17531,135669,1568
2022-03-18,Sutter,101,95872,20438,20503,2102,22605,218
2022-03-18,Tehama,103,63373,12017,12007,2617,14624,160
2022-03-18,Trinity,105,12862,1182,1173,295,1468,20
2022-03-18,Tulare,107,460477,106381,104290,28514,132804,1384
2022-03-18,Tuolumne,109,53932,12608,12617,567,13184,180
2022-03-18,Ventura,111,848112,172734,172380,9361,181741,1451
2022-03-18,Yolo,113,214977,36841,36086,3209,39295,306
2022-03-18,Yuba,115,75493,15800,15768,1197,16965,117
2022-03-17,Alameda,001,1643700,254486,253936,13741,267677,1797
2022-03-17,Alpine,003,1148,122,122,1,123,0
2022-03-17,Amador,005,37829,8509,8456,650,9106,85
2022-03-17,Butte,007,227075,32919,32856,6638,39494,385
2022-03-17,Calaveras,009,45235,7241,7229,351,7580,119
2022-03-17,Colusa,011,21464,3434,3445,1072,4517,21
2022-03-17,Contra Costa,013,1133247,187679,187225,13179,200404,1276
2022-03-17,Del Norte,015,27424,5768,5815,195,6010,48
2022-03-17,El Dorado,017,186661,26619,26618,3225,29843,199
2022-03-17,Fresno,019,978130,230858,228965,23956,252921,2694
2022-03-17,Glenn,021,27897,4969,4971,1603,6574,44
2022-03-17,Humboldt,023,135768,16832,16901,2954,19855,138
2022-03-17,Imperial,025,180216,55288,55038,10807,65845,898
2022-03-17,Inyo,027,18085,4062,4061,484,4545,56
2022-03-17,Kern,029,883053,191505,190943,46229,237172,2184
2022-03-17,Kings,031,150075,51392,51334,3615,54949,441
2022-03-17,Lake,033,64148,10667,10641,894,11535,135
2022-03-17,Lassen,035,31185,8952,8925,887,9812,63
2022-03-17,Los Angeles,037,10098052,2701318,2686759,124127,2810886,31133
2022-03-17,Madera,039,155013,37236,37273,6095,43368,354
2022-03-17,Marin,041,260295,33258,33163,2200,35363,272
2022-03-17,Mariposa,043,17540,2388,2378,200,2578,6
2022-03-17,Mendocino,045,87422,13013,13012,3027,16039,117
2022-03-17,Merced,047,269075,62035,61985,8641,70626,800
2022-03-17,Modoc,049,8938,735,734,250,984,7
2022-03-17,Mono,051,14174,2964,2961,121,3082,5
2022-03-17,Monterey,053,433212,79121,78483,13800,92283,720
2022-03-17,Napa,055,140530,25698,25654,958,26612,138
2022-03-17,Nevada,057,99092,15903,15960,1205,17165,123
2022-03-17,Orange,059,3164182,545074,543907,41392,585299,6817
2022-03-17,Placer,061,380077,62545,62483,7393,69876,605
2022-03-17,Plumas,063,18699,2963,2724,364,3088,13
2022-03-17,Riverside,065,2383286,590207,589017,28052,617069,6359
2022-03-17,Sacramento,067,1510023,279970,274855,27132,301987,2913
2022-03-17,San Benito,069,59416,12869,12859,513,13372,97
2022-03-17,San Bernardino,071,2135413,566868,559935,25040,584975,6778
2022-03-17,San Diego,073,3302833,748519,747344,52151,799495,5133
2022-03-17,San Francisco,075,870044,123316,123587,8257,131844,833
2022-03-17,San Joaquin,077,732212,165964,165765,9990,175755,2181
2022-03-17,San Luis Obispo,079,281455,52272,52174,3778,55952,463
2022-03-17,San Mateo,081,765935,120878,119782,6985,126767,667
2022-03-17,Santa Barbara,083,443738,85495,85336,4766,90102,671
2022-03-17,Santa Clara,085,1922200,309063,309918,12397,322315,2225
2022-03-17,Santa Cruz,087,273765,47531,47203,2117,49320,256
2022-03-17,Shasta,089,179085,30498,30495,6136,36631,525
2022-03-17,Sierra,091,2930,271,273,48,321,4
2022-03-17,Siskiyou,093,43540,4435,4422,2747,7169,76
2022-03-17,Solano,095,438530,81109,81340,5564,86904,441
2022-03-17,Sonoma,097,501317,83108,82838,2592,85430,472
2022-03-17,Stanislaus,099,539301,117159,118138,17526,135664,1568
2022-03-17,Sutter,101,95872,20428,20503,2088,22591,218
2022-03-17,Tehama,103,63373,12017,12007,2616,14623,160
2022-03-17,Trinity,105,12862,1182,1173,295,1468,20
2022-03-17,Tulare,107,460477,106365,104290,28503,132793,1384
2022-03-17,Tuolumne,109,53932,12605,12617,566,13183,180
2022-03-17,Ventura,111,848112,172685,172380,9359,181739,1451
2022-03-17,Yolo,113,214977,36826,36086,3209,39295,306
2022-03-17,Yuba,115,75493,15798,15768,1196,16964,117
2022-03-16,Alameda,001,1643700,254386,253792,13737,267529,1794
2022-03-16,Alpine,003,1148,122,122,1,123,0
2022-03-16,Amador,005,37829,8501,8449,650,9099,85
2022-03-16,Butte,007,227075,32908,32837,6633,39470,385
2022-03-16,Calaveras,009,45235,7239,7229,351,7580,120
2022-03-16,Colusa,011,21464,3434,3445,1072,4517,22
2022-03-16,Contra Costa,013,1133247,187621,187100,13170,200270,1266
2022-03-16,Del Norte,015,27424,5767,5811,193,6004,48
2022-03-16,El Dorado,017,186661,26606,26602,3224,29826,199
2022-03-16,Fresno,019,978130,230811,228786,23945,252731,2689
2022-03-16,Glenn,021,27897,4969,4969,1602,6571,44
2022-03-16,Humboldt,023,135768,16829,16893,2954,19847,138
2022-03-16,Imperial,025,180216,55276,55002,10806,65808,897
2022-03-16,Inyo,027,18085,4061,4061,484,4545,56
2022-03-16,Kern,029,883053,191463,190835,46222,237057,2170
2022-03-16,Kings,031,150075,51377,51321,3615,54936,437
2022-03-16,Lake,033,64148,10665,10633,893,11526,133
2022-03-16,Lassen,035,31185,8949,8924,887,9811,62
2022-03-16,Los Angeles,037,10098052,2700690,2685789,124086,2809875,31102
2022-03-16,Madera,039,155013,37226,37262,6094,43356,354
2022-03-16,Marin,041,260295,33237,33136,2198,35334,272
2022-03-16,Mariposa,043,17540,2386,2376,200,2576,6
2022-03-16,Mendocino,045,87422,13010,13011,3026,16037,117
2022-03-16,Merced,047,269075,62020,61959,8635,70594,798
2022-03-16,Modoc,049,8938,734,734,250,984,7
2022-03-16,Mono,051,14174,2964,2960,121,3081,5
2022-03-16,Monterey,053,433212,79099,78416,13795,92211,720
2022-03-16,Napa,055,140530,25689,25638,957,26595,138
2022-03-16,Nevada,057,99092,15901,15960,1205,17165,123
2022-03-16,Orange,059,3164182,544951,543326,41368,584694,6791
2022-03-16,Placer,061,380077,62529,62435,7391,69826,605
2022-03-16,Plumas,063,18699,2963,2723,364,3087,13
2022-03-16,Riverside,065,2383286,590110,588761,28049,616810,6351
2022-03-16,Sacramento,067,1510023,279904,274709,27125,301834,2910
2022-03-16,San Benito,069,59416,12864,12854,513,13367,97
2022-03-16,San Bernardino,071,2135413,566788,559746,25033,584779,6775
2022-03-16,San Diego,073,3302833,748314,746970,52127,799097,5126
2022-03-16,San Francisco,075,870044,123216,123446,8249,131695,831
2022-03-16,San Joaquin,077,732212,165917,165703,9987,175690,2169
2022-03-16,San Luis Obispo,079,281455,52254,52132,3774,55906,462
2022-03-16,San Mateo,081,765935,120815,119680,6976,126656,660
2022-03-16,Santa Barbara,083,443738,85462,85322,4761,90083,670
2022-03-16,Santa Clara,085,1922200,308877,309689,12382,322071,2224
2022-03-16,Santa Cruz,087,273765,47502,47161,2117,49278,255
2022-03-16,Shasta,089,179085,30489,30489,6132,36621,527
2022-03-16,Sierra,091,2930,271,273,48,321,4
2022-03-16,Siskiyou,093,43540,4432,4419,2745,7164,76
2022-03-16,Solano,095,438530,81086,81277,5562,86839,440
2022-03-16,Sonoma,097,501317,83064,82791,2583,85374,472
2022-03-16,Stanislaus,099,539301,117133,118072,17524,135596,1567
2022-03-16,Sutter,101,95872,20426,20494,2087,22581,218
2022-03-16,Tehama,103,63373,12015,11999,2616,14615,160
2022-03-16,Trinity,105,12862,1182,1173,295,1468,20
2022-03-16,Tulare,107,460477,106351,104217,28497,132714,1377
2022-03-16,Tuolumne,109,53932,12600,12610,566,13176,180
2022-03-16,Ventura,111,848112,172644,172212,9355,181567,1451
2022-03-16,Yolo,113,214977,36803,36079,3206,39285,307
2022-03-16,Yuba,115,75493,15793,15758,1196,16954,117
2022-03-15,Alameda,001,1643700,254254,253694,13727,267421,1793
2022-03-15,Alpine,003,1148,122,122,1,123,0
2022-03-15,Amador,005,37829,8498,8448,650,9098,85
2022-03-15,Butte,007,227075,32895,32822,6631,39453,385
2022-03-15,Calaveras,009,45235,7237,7236,351,7587,118
2022-03-15,Colusa,011,21464,3434,3445,1072,4517,21
2022-03-15,Contra Costa,013,1133247,187540,187021,13161,200182,1265
2022-03-15,Del Norte,015,27424,5764,5806,190,5996,48
2022-03-15,El Dorado,017,186661,26603,26596,3223,29819,199
2022-03-15,Fresno,019,978130,230768,228631,23935,252566,2689
2022-03-15,Glenn,021,27897,4967,4966,1602,6568,44
2022-03-15,Humboldt,023,135768,16823,16889,2953,19842,138
2022-03-15,Imperial,025,180216,55266,54981,10802,65783,896
2022-03-15,Inyo,027,18085,4061,4062,483,4545,56
2022-03-15,Kern,029,883053,191434,190645,46212,236857,2168
2022-03-15,Kings,031,150075,51358,51317,3611,54928,437
2022-03-15,Lake,033,64148,10661,10631,893,11524,131
2022-03-15,Lassen,035,31185,8947,8926,886,9812,62
2022-03-15,Los Angeles,037,10098052,2700013,2685071,124026,2809097,31077
2022-03-15,Madera,039,155013,37217,37258,6093,43351,354
2022-03-15,Marin,041,260295,33214,33111,2197,35308,272
2022-03-15,Mariposa,043,17540,2384,2377,200,2577,6
2022-03-15,Mendocino,045,87422,13005,13005,3025,16030,117
2022-03-15,Merced,047,269075,62003,61916,8626,70542,798
2022-03-15,Modoc,049,8938,734,733,250,983,7
2022-03-15,Mono,051,14174,2964,2961,121,3082,5
2022-03-15,Monterey,053,433212,79069,78400,13787,92187,718
2022-03-15,Napa,055,140530,25681,25657,955,26612,138
2022-03-15,Nevada,057,99092,15899,15960,1203,17163,123
2022-03-15,Orange,059,3164182,544810,543197,41361,584558,6780
2022-03-15,Placer,061,380077,62512,62398,7387,69785,604
2022-03-15,Plumas,063,18699,2962,2722,364,3086,13
2022-03-15,Riverside,065,2383286,590009,588622,28041,616663,6333
2022-03-15,Sacramento,067,1510023,279819,274633,27118,301751,2907
2022-03-15,San Benito,069,59416,12860,12849,513,13362,95
2022-03-15,San Bernardino,071,2135413,566713,559605,25028,584633,6770
2022-03-15,San Diego,073,3302833,748070,746474,52105,798579,5116
2022-03-15,San Francisco,075,870044,123100,123526,8240,131766,831
2022-03-15,San Joaquin,077,732212,165874,165664,9981,175645,2161
2022-03-15,San Luis Obispo,079,281455,52244,52060,3770,55830,458
2022-03-15,San Mateo,081,765935,120764,119586,6970,126556,649
2022-03-15,Santa Barbara,083,443738,85437,85353,4757,90110,668
2022-03-15,Santa Clara,085,1922200,308716,309535,12370,321905,2224
2022-03-15,Santa Cruz,087,273765,47449,47117,2117,49234,255
2022-03-15,Shasta,089,179085,30480,30476,6129,36605,524
2022-03-15,Sierra,091,2930,271,273,48,321,4
2022-03-15,Siskiyou,093,43540,4432,4420,2745,7165,76
2022-03-15,Solano,095,438530,81051,81260,5561,86821,440
2022-03-15,Sonoma,097,501317,83023,82737,2583,85320,472
2022-03-15,Stanislaus,099,539301,117115,118085,17520,135605,1567
2022-03-15,Sutter,101,95872,20423,20480,2077,22557,217
2022-03-15,Tehama,103,63373,12012,11997,2615,14612,160
2022-03-15,Trinity,105,12862,1182,1173,295,1468,20
2022-03-15,Tulare,107,460477,106332,104153,28485,132638,1375
2022-03-15,Tuolumne,109,53932,12596,12602,566,13168,180
2022-03-15,Ventura,111,848112,172599,172150,9351,181501,1451
2022-03-15,Yolo,113,214977,36787,36079,3200,39279,308
2022-03-15,Yuba,115,75493,15785,15756,1196,16952,116
2022-03-14,Alameda,001,1643700,254140,253629,13723,267352,1791
2022-03-14,Alpine,003,1148,122,122,1,123,0
2022-03-14,Amador,005,37829,8493,8448,650,9098,85
2022-03-14,Butte,007,227075,32877,32812,6630,39442,385
2022-03-14,Calaveras,009,45235,7236,7245,351,7596,118
2022-03-14,Colusa,011,21464,3433,3445,1072,4517,21
2022-03-14,Contra Costa,013,1133247,187447,186969,13152,200121,1265
2022-03-14,Del Norte,015,27424,5758,5807,190,5997,48
2022-03-14,El Dorado,017,186661,26598,26570,3223,29793,199
2022-03-14,Fresno,019,978130,230694,228470,23925,252395,2682
2022-03-14,Glenn,021,27897,4965,4966,1601,6567,44
2022-03-14,Humboldt,023,135768,16816,16890,2951,19841,137
2022-03-14,Imperial,025,180216,55255,54933,10801,65734,897
2022-03-14,Inyo,027,18085,4061,4062,483,4545,56
2022-03-14,Kern,029,883053,191399,190526,46201,236727,2166
2022-03-14,Kings,031,150075,51340,51293,3610,54903,437
2022-03-14,Lake,033,64148,10658,10631,893,11524,131
2022-03-14,Lassen,035,31185,8947,8927,885,9812,62
2022-03-14,Los Angeles,037,10098052,2699383,2683369,123959,2807328,31034
2022-03-14,Madera,039,155013,37210,37255,6092,43347,354
2022-03-14,Marin,041,260295,33185,33099,2197,35296,272
2022-03-14,Mariposa,043,17540,2383,2376,200,2576,6
2022-03-14,Mendocino,045,87422,13000,12992,3018,16010,117
2022-03-14,Merced,047,269075,61984,61905,8624,70529,795
2022-03-14,Modoc,049,8938,733,731,250,981,7
2022-03-14,Mono,051,14174,2963,2961,121,3082,5
2022-03-14,Monterey,053,433212,79054,78376,13750,92126,718
2022-03-14,Napa,055,140530,25667,25649,955,26604,138
2022-03-14,Nevada,057,99092,15897,15954,1203,17157,123
2022-03-14,Orange,059,3164182,544672,543099,41353,584452,6775
2022-03-14,Placer,061,380077,62494,62389,7385,69774,601
2022-03-14,Plumas,063,18699,2962,2711,364,3075,13
2022-03-14,Riverside,065,2383286,589874,588531,28029,616560,6332
2022-03-14,Sacramento,067,1510023,279740,274682,27113,301795,2899
2022-03-14,San Benito,069,59416,12855,12846,512,13358,95
2022-03-14,San Bernardino,071,2135413,566625,559505,25023,584528,6767
2022-03-14,San Diego,073,3302833,747767,745515,52077,797592,5108
2022-03-14,San Francisco,075,870044,123009,123575,8234,131809,824
2022-03-14,San Joaquin,077,732212,165835,165662,9980,175642,2142
2022-03-14,San Luis Obispo,079,281455,52217,52046,3767,55813,458
2022-03-14,San Mateo,081,765935,120691,119564,6967,126531,649
2022-03-14,Santa Barbara,083,443738,85400,85396,4756,90152,667
2022-03-14,Santa Clara,085,1922200,308532,309600,12365,321965,2223
2022-03-14,Santa Cruz,087,273765,47411,47107,2114,49221,255
2022-03-14,Shasta,089,179085,30475,30462,6126,36588,520
2022-03-14,Sierra,091,2930,271,273,48,321,4
2022-03-14,Siskiyou,093,43540,4427,4419,2744,7163,76
2022-03-14,Solano,095,438530,81003,81233,5556,86789,440
2022-03-14,Sonoma,097,501317,82988,82731,2579,85310,473
2022-03-14,Stanislaus,099,539301,117079,118088,17516,135604,1567
2022-03-14,Sutter,101,95872,20416,20478,2077,22555,217
2022-03-14,Tehama,103,63373,12010,11996,2615,14611,160
2022-03-14,Trinity,105,12862,1182,1172,295,1467,20
2022-03-14,Tulare,107,460477,106303,104121,28477,132598,1365
2022-03-14,Tuolumne,109,53932,12595,12567,565,13132,180
2022-03-14,Ventura,111,848112,172546,172107,9349,181456,1442
2022-03-14,Yolo,113,214977,36771,36059,3198,39257,308
2022-03-14,Yuba,115,75493,15773,15748,1196,16944,116
2022-03-13,Alameda,001,1643700,254013,253547,13714,267261,1792
2022-03-13,Alpine,003,1148,122,122,1,123,0
2022-03-13,Amador,005,37829,8491,8444,650,9094,85
2022-03-13,Butte,007,227075,32857,32806,6626,39432,384
2022-03-13,Calaveras,009,45235,7231,7253,351,7604,118
2022-03-13,Colusa,011,21464,3433,3444,1070,4514,21
2022-03-13,Contra Costa,013,1133247,187352,186911,13137,200048,1265
2022-03-13,Del Norte,015,27424,5754,5808,190,5998,48
2022-03-13,El Dorado,017,186661,26593,26563,3222,29785,199
2022-03-13,Fresno,019,978130,230614,228421,23911,252332,2683
2022-03-13,Glenn,021,27897,4961,4966,1600,6566,44
2022-03-13,Humboldt,023,135768,16808,16883,2951,19834,137
2022-03-13,Imperial,025,180216,55244,54934,10799,65733,897
2022-03-13,Inyo,027,18085,4061,4062,482,4544,56
2022-03-13,Kern,029,883053,191345,190495,46187,236682,2166
2022-03-13,Kings,031,150075,51332,51273,3609,54882,437
2022-03-13,Lake,033,64148,10655,10626,893,11519,131
2022-03-13,Lassen,035,31185,8946,8929,884,9813,62
2022-03-13,Los Angeles,037,10098052,2698660,2683351,123915,2807266,31034
2022-03-13,Madera,039,155013,37202,37248,6092,43340,354
2022-03-13,Marin,041,260295,33161,33083,2195,35278,272
2022-03-13,Mariposa,043,17540,2381,2376,200,2576,6
2022-03-13,Mendocino,045,87422,12994,12987,3013,16000,117
2022-03-13,Merced,047,269075,61961,61895,8613,70508,795
2022-03-13,Modoc,049,8938,733,731,250,981,7
2022-03-13,Mono,051,14174,2963,2961,121,3082,5
2022-03-13,Monterey,053,433212,79018,78366,13700,92066,718
2022-03-13,Napa,055,140530,25653,25639,954,26593,138
2022-03-13,Nevada,057,99092,15890,15959,1203,17162,123
2022-03-13,Orange,059,3164182,544550,543036,41329,584365,6774
2022-03-13,Placer,061,380077,62467,62372,7382,69754,601
2022-03-13,Plumas,063,18699,2962,2711,364,3075,13
2022-03-13,Riverside,065,2383286,589741,588487,28023,616510,6332
2022-03-13,Sacramento,067,1510023,279641,274715,27101,301816,2899
2022-03-13,San Benito,069,59416,12849,12844,510,13354,95
2022-03-13,San Bernardino,071,2135413,566533,559450,25012,584462,6767
2022-03-13,San Diego,073,3302833,747425,745515,52043,797558,5108
2022-03-13,San Francisco,075,870044,122888,123622,8228,131850,824
2022-03-13,San Joaquin,077,732212,165786,165641,9978,175619,2142
2022-03-13,San Luis Obispo,079,281455,52187,52040,3764,55804,458
2022-03-13,San Mateo,081,765935,120613,119521,6958,126479,649
2022-03-13,Santa Barbara,083,443738,85360,85453,4754,90207,667
2022-03-13,Santa Clara,085,1922200,308362,309493,12356,321849,2225
2022-03-13,Santa Cruz,087,273765,47360,47087,2113,49200,255
2022-03-13,Shasta,089,179085,30458,30457,6124,36581,520
2022-03-13,Sierra,091,2930,271,273,48,321,4
2022-03-13,Siskiyou,093,43540,4427,4418,2744,7162,76
2022-03-13,Solano,095,438530,80968,81217,5552,86769,440
2022-03-13,Sonoma,097,501317,82953,82711,2576,85287,473
2022-03-13,Stanislaus,099,539301,117045,118075,17513,135588,1567
2022-03-13,Sutter,101,95872,20412,20474,2076,22550,217
2022-03-13,Tehama,103,63373,12009,11997,2614,14611,160
2022-03-13,Trinity,105,12862,1182,1172,295,1467,20
2022-03-13,Tulare,107,460477,106269,104119,28467,132586,1365
2022-03-13,Tuolumne,109,53932,12592,12565,565,13130,180
2022-03-13,Ventura,111,848112,172488,172080,9342,181422,1442
2022-03-13,Yolo,113,214977,36753,36019,3194,39213,308
2022-03-13,Yuba,115,75493,15768,15741,1196,16937,116
2022-03-12,Alameda,001,1643700,253946,253079,13709,266788,1783
2022-03-12,Alpine,003,1148,122,122,1,123,0
2022-03-12,Amador,005,37829,8487,8427,650,9077,84
2022-03-12,Butte,007,227075,32853,32774,6624,39398,380
2022-03-12,Calaveras,009,45235,7230,7253,351,7604,118
2022-03-12,Colusa,011,21464,3433,3440,1070,4510,21
2022-03-12,Contra Costa,013,1133247,187308,186618,13136,199754,1256
2022-03-12,Del Norte,015,27424,5753,5791,190,5981,48
2022-03-12,El Dorado,017,186661,26589,26538,3222,29760,199
2022-03-12,Fresno,019,978130,230592,228041,23911,251952,2653
2022-03-12,Glenn,021,27897,4961,4955,1600,6555,44
2022-03-12,Humboldt,023,135768,16804,16862,2950,19812,137
2022-03-12,Imperial,025,180216,55239,54837,10795,65632,896
2022-03-12,Inyo,027,18085,4061,4056,482,4538,56
2022-03-12,Kern,029,883053,191328,190330,46182,236512,2162
2022-03-12,Kings,031,150075,51326,51145,3609,54754,436
2022-03-12,Lake,033,64148,10653,10594,892,11486,131
2022-03-12,Lassen,035,31185,8945,8915,884,9799,62
2022-03-12,Los Angeles,037,10098052,2698333,2678858,123896,2802754,30901
2022-03-12,Madera,039,155013,37197,37223,6092,43315,354
2022-03-12,Marin,041,260295,33137,33015,2194,35209,272
2022-03-12,Mariposa,043,17540,2381,2372,200,2572,6
2022-03-12,Mendocino,045,87422,12990,12965,3013,15978,117
2022-03-12,Merced,047,269075,61954,61840,8612,70452,795
2022-03-12,Modoc,049,8938,733,730,250,980,7
2022-03-12,Mono,051,14174,2963,2960,120,3080,5
2022-03-12,Monterey,053,433212,79011,78285,13698,91983,716
2022-03-12,Napa,055,140530,25643,25584,953,26537,138
2022-03-12,Nevada,057,99092,15884,15947,1203,17150,123
2022-03-12,Orange,059,3164182,544484,542354,41320,583674,6718
2022-03-12,Placer,061,380077,62458,62282,7382,69664,598
2022-03-12,Plumas,063,18699,2962,2707,364,3071,13
2022-03-12,Riverside,065,2383286,589676,588022,28018,616040,6317
2022-03-12,Sacramento,067,1510023,279602,274519,27097,301616,2886
2022-03-12,San Benito,069,59416,12846,12868,510,13378,95
2022-03-12,San Bernardino,071,2135413,566489,559013,25011,584024,6734
2022-03-12,San Diego,073,3302833,747303,744386,52021,796407,5090
2022-03-12,San Francisco,075,870044,122823,123610,8222,131832,823
2022-03-12,San Joaquin,077,732212,165769,165516,9975,175491,2117
2022-03-12,San Luis Obispo,079,281455,52178,51947,3761,55708,457
2022-03-12,San Mateo,081,765935,120577,119288,6957,126245,641
2022-03-12,Santa Barbara,083,443738,85341,85421,4754,90175,664
2022-03-12,Santa Clara,085,1922200,308264,308989,12350,321339,2208
2022-03-12,Santa Cruz,087,273765,47347,46982,2112,49094,254
2022-03-12,Shasta,089,179085,30446,30419,6122,36541,517
2022-03-12,Sierra,091,2930,271,273,48,321,4
2022-03-12,Siskiyou,093,43540,4427,4405,2744,7149,75
2022-03-12,Solano,095,438530,80954,81058,5552,86610,436
2022-03-12,Sonoma,097,501317,82936,82622,2574,85196,473
2022-03-12,Stanislaus,099,539301,117031,117884,17512,135396,1564
2022-03-12,Sutter,101,95872,20411,20429,2076,22505,217
2022-03-12,Tehama,103,63373,12009,11983,2614,14597,159
2022-03-12,Trinity,105,12862,1181,1172,295,1467,20
2022-03-12,Tulare,107,460477,106264,103994,28462,132456,1358
2022-03-12,Tuolumne,109,53932,12591,12476,565,13041,180
2022-03-12,Ventura,111,848112,172463,171932,9340,181272,1442
2022-03-12,Yolo,113,214977,36746,35982,3192,39174,308
2022-03-12,Yuba,115,75493,15768,15722,1196,16918,116
2022-03-11,Alameda,001,1643700,253881,253079,13709,266788,1783
2022-03-11,Alpine,003,1148,122,122,1,123,0
2022-03-11,Amador,005,37829,8485,8427,650,9077,84
2022-03-11,Butte,007,227075,32849,32774,6623,39397,380
2022-03-11,Calaveras,009,45235,7230,7253,351,7604,118
2022-03-11,Colusa,011,21464,3433,3440,1070,4510,21
2022-03-11,Contra Costa,013,1133247,187260,186618,13134,199752,1256
2022-03-11,Del Norte,015,27424,5749,5791,190,5981,48
2022-03-11,El Dorado,017,186661,26585,26538,3222,29760,199
2022-03-11,Fresno,019,978130,230536,228041,23907,251948,2653
2022-03-11,Glenn,021,27897,4961,4955,1600,6555,44
2022-03-11,Humboldt,023,135768,16799,16862,2948,19810,137
2022-03-11,Imperial,025,180216,55233,54837,10794,65631,896
2022-03-11,Inyo,027,18085,4061,4056,482,4538,56
2022-03-11,Kern,029,883053,191307,190330,46177,236507,2162
2022-03-11,Kings,031,150075,51306,51145,3609,54754,436
2022-03-11,Lake,033,64148,10649,10594,892,11486,131
2022-03-11,Lassen,035,31185,8944,8915,884,9799,62
2022-03-11,Los Angeles,037,10098052,2698013,2678858,123871,2802729,30901
2022-03-11,Madera,039,155013,37192,37223,6092,43315,354
2022-03-11,Marin,041,260295,33121,33015,2193,35208,272
2022-03-11,Mariposa,043,17540,2380,2372,200,2572,6
2022-03-11,Mendocino,045,87422,12984,12965,3013,15978,117
2022-03-11,Merced,047,269075,61944,61840,8610,70450,795
2022-03-11,Modoc,049,8938,733,730,250,980,7
2022-03-11,Mono,051,14174,2962,2960,120,3080,5
2022-03-11,Monterey,053,433212,78998,78285,13692,91977,716
2022-03-11,Napa,055,140530,25632,25584,953,26537,138
2022-03-11,Nevada,057,99092,15881,15947,1203,17150,123
2022-03-11,Orange,059,3164182,544414,542354,41306,583660,6718
2022-03-11,Placer,061,380077,62447,62282,7381,69663,598
2022-03-11,Plumas,063,18699,2960,2707,364,3071,13
2022-03-11,Riverside,065,2383286,589598,588022,28014,616036,6317
2022-03-11,Sacramento,067,1510023,279534,274519,27094,301613,2886
2022-03-11,San Benito,069,59416,12845,12868,510,13378,95
2022-03-11,San Bernardino,071,2135413,566432,559013,25005,584018,6734
2022-03-11,San Diego,073,3302833,747137,744386,52007,796393,5090
2022-03-11,San Francisco,075,870044,122772,123610,8218,131828,823
2022-03-11,San Joaquin,077,732212,165735,165516,9972,175488,2117
2022-03-11,San Luis Obispo,079,281455,52170,51947,3760,55707,457
2022-03-11,San Mateo,081,765935,120528,119288,6954,126242,641
2022-03-11,Santa Barbara,083,443738,85321,85421,4753,90174,664
2022-03-11,Santa Clara,085,1922200,308164,308989,12346,321335,2208
2022-03-11,Santa Cruz,087,273765,47332,46982,2112,49094,254
2022-03-11,Shasta,089,179085,30441,30419,6119,36538,517
2022-03-11,Sierra,091,2930,271,273,48,321,4
2022-03-11,Siskiyou,093,43540,4425,4405,2742,7147,75
2022-03-11,Solano,095,438530,80940,81058,5551,86609,436
2022-03-11,Sonoma,097,501317,82910,82622,2572,85194,473
2022-03-11,Stanislaus,099,539301,117017,117884,17511,135395,1564
2022-03-11,Sutter,101,95872,20409,20429,2076,22505,217
2022-03-11,Tehama,103,63373,12007,11983,2614,14597,159
2022-03-11,Trinity,105,12862,1181,1172,295,1467,20
2022-03-11,Tulare,107,460477,106250,103994,28456,132450,1358
2022-03-11,Tuolumne,109,53932,12589,12476,565,13041,180
2022-03-11,Ventura,111,848112,172427,171932,9335,181267,1442
2022-03-11,Yolo,113,214977,36735,35982,3192,39174,308
2022-03-11,Yuba,115,75493,15765,15722,1196,16918,116
2022-03-10,Alameda,001,1643700,253770,253079,13702,266781,1783
2022-03-10,Alpine,003,1148,122,122,1,123,0
2022-03-10,Amador,005,37829,8484,8427,650,9077,84
2022-03-10,Butte,007,227075,32835,32774,6621,39395,380
2022-03-10,Calaveras,009,45235,7229,7253,350,7603,118
2022-03-10,Colusa,011,21464,3433,3440,1070,4510,21
2022-03-10,Contra Costa,013,1133247,187176,186618,13124,199742,1256
2022-03-10,Del Norte,015,27424,5740,5791,190,5981,48
2022-03-10,El Dorado,017,186661,26573,26538,3221,29759,199
2022-03-10,Fresno,019,978130,230462,228041,23897,251938,2653
2022-03-10,Glenn,021,27897,4959,4955,1600,6555,44
2022-03-10,Humboldt,023,135768,16790,16862,2947,19809,137
2022-03-10,Imperial,025,180216,55223,54837,10793,65630,896
2022-03-10,Inyo,027,18085,4060,4056,482,4538,56
2022-03-10,Kern,029,883053,191274,190330,46162,236492,2162
2022-03-10,Kings,031,150075,51277,51145,3608,54753,436
2022-03-10,Lake,033,64148,10639,10594,891,11485,131
2022-03-10,Lassen,035,31185,8944,8915,884,9799,62
2022-03-10,Los Angeles,037,10098052,2697459,2678858,123832,2802690,30901
2022-03-10,Madera,039,155013,37186,37223,6085,43308,354
2022-03-10,Marin,041,260295,33108,33015,2189,35204,272
2022-03-10,Mariposa,043,17540,2380,2372,200,2572,6
2022-03-10,Mendocino,045,87422,12980,12965,3013,15978,117
2022-03-10,Merced,047,269075,61928,61840,8604,70444,795
2022-03-10,Modoc,049,8938,732,730,250,980,7
2022-03-10,Mono,051,14174,2962,2960,120,3080,5
2022-03-10,Monterey,053,433212,78975,78285,13666,91951,716
2022-03-10,Napa,055,140530,25623,25584,952,26536,138
2022-03-10,Nevada,057,99092,15874,15947,1203,17150,123
2022-03-10,Orange,059,3164182,544289,542354,41289,583643,6718
2022-03-10,Placer,061,380077,62425,62282,7375,69657,598
2022-03-10,Plumas,063,18699,2959,2707,364,3071,13
2022-03-10,Riverside,065,2383286,589483,588022,28007,616029,6317
2022-03-10,Sacramento,067,1510023,279457,274519,27088,301607,2886
2022-03-10,San Benito,069,59416,12844,12868,509,13377,95
2022-03-10,San Bernardino,071,2135413,566360,559013,24998,584011,6734
2022-03-10,San Diego,073,3302833,746881,744386,51976,796362,5090
2022-03-10,San Francisco,075,870044,122704,123610,8211,131821,823
2022-03-10,San Joaquin,077,732212,165704,165516,9970,175486,2117
2022-03-10,San Luis Obispo,079,281455,52147,51947,3757,55704,457
2022-03-10,San Mateo,081,765935,120465,119288,6951,126239,641
2022-03-10,Santa Barbara,083,443738,85288,85421,4752,90173,664
2022-03-10,Santa Clara,085,1922200,308038,308989,12337,321326,2208
2022-03-10,Santa Cruz,087,273765,47300,46982,2112,49094,254
2022-03-10,Shasta,089,179085,30432,30419,6117,36536,517
2022-03-10,Sierra,091,2930,271,273,48,321,4
2022-03-10,Siskiyou,093,43540,4425,4405,2742,7147,75
2022-03-10,Solano,095,438530,80904,81058,5546,86604,436
2022-03-10,Sonoma,097,501317,82883,82622,2572,85194,473
2022-03-10,Stanislaus,099,539301,116981,117884,17509,135393,1564
2022-03-10,Sutter,101,95872,20405,20429,2076,22505,217
2022-03-10,Tehama,103,63373,12006,11983,2614,14597,159
2022-03-10,Trinity,105,12862,1181,1172,295,1467,20
2022-03-10,Tulare,107,460477,106231,103994,28450,132444,1358
2022-03-10,Tuolumne,109,53932,12586,12476,565,13041,180
2022-03-10,Ventura,111,848112,172386,171932,9332,181264,1442
2022-03-10,Yolo,113,214977,36722,35982,3191,39173,308
2022-03-10,Yuba,115,75493,15755,15722,1195,16917,116
2022-03-09,Alameda,001,1643700,253647,252893,13695,266588,1781
2022-03-09,Alpine,003,1148,122,125,1,126,0
2022-03-09,Amador,005,37829,8478,8409,650,9059,84
2022-03-09,Butte,007,227075,32826,32767,6616,39383,380
2022-03-09,Calaveras,009,45235,7227,7249,350,7599,117
2022-03-09,Colusa,011,21464,3432,3439,1070,4509,21
2022-03-09,Contra Costa,013,1133247,187081,186483,13108,199591,1256
2022-03-09,Del Norte,015,27424,5736,5765,190,5955,48
2022-03-09,El Dorado,017,186661,26568,26515,3221,29736,198
2022-03-09,Fresno,019,978130,230364,227885,23889,251774,2653
2022-03-09,Glenn,021,27897,4957,4953,1599,6552,44
2022-03-09,Humboldt,023,135768,16785,16854,2944,19798,137
2022-03-09,Imperial,025,180216,55218,54764,10791,65555,894
2022-03-09,Inyo,027,18085,4060,4056,482,4538,56
2022-03-09,Kern,029,883053,191226,190254,46149,236403,2159
2022-03-09,Kings,031,150075,51256,51122,3608,54730,435
2022-03-09,Lake,033,64148,10632,10586,891,11477,130
2022-03-09,Lassen,035,31185,8944,8901,884,9785,62
2022-03-09,Los Angeles,037,10098052,2696811,2677901,123793,2801694,30842
2022-03-09,Madera,039,155013,37179,37207,6084,43291,354
2022-03-09,Marin,041,260295,33090,32967,2189,35156,272
2022-03-09,Mariposa,043,17540,2377,2372,200,2572,6
2022-03-09,Mendocino,045,87422,12976,12957,3008,15965,117
2022-03-09,Merced,047,269075,61913,61792,8598,70390,792
2022-03-09,Modoc,049,8938,731,730,249,979,7
2022-03-09,Mono,051,14174,2962,2962,120,3082,5
2022-03-09,Monterey,053,433212,78951,78258,13619,91877,716
2022-03-09,Napa,055,140530,25602,25561,951,26512,138
2022-03-09,Nevada,057,99092,15865,15938,1202,17140,123
2022-03-09,Orange,059,3164182,544157,542278,41276,583554,6700
2022-03-09,Placer,061,380077,62403,62242,7371,69613,598
2022-03-09,Plumas,063,18699,2958,2708,364,3072,13
2022-03-09,Riverside,065,2383286,589386,587833,27997,615830,6305
2022-03-09,Sacramento,067,1510023,279372,274373,27071,301444,2877
2022-03-09,San Benito,069,59416,12841,12864,509,13373,95
2022-03-09,San Bernardino,071,2135413,566266,558795,24986,583781,6723
2022-03-09,San Diego,073,3302833,746610,743956,51949,795905,5083
2022-03-09,San Francisco,075,870044,122614,123676,8207,131883,812
2022-03-09,San Joaquin,077,732212,165664,165444,9964,175408,2113
2022-03-09,San Luis Obispo,079,281455,52128,51923,3754,55677,457
2022-03-09,San Mateo,081,765935,120407,119194,6939,126133,639
2022-03-09,Santa Barbara,083,443738,85272,85382,4750,90132,661
2022-03-09,Santa Clara,085,1922200,307901,308765,12326,321091,2206
2022-03-09,Santa Cruz,087,273765,47260,46917,2111,49028,254
2022-03-09,Shasta,089,179085,30410,30407,6116,36523,493
2022-03-09,Sierra,091,2930,271,273,48,321,4
2022-03-09,Siskiyou,093,43540,4423,4403,2741,7144,75
2022-03-09,Solano,095,438530,80868,80984,5544,86528,436
2022-03-09,Sonoma,097,501317,82851,82574,2570,85144,473
2022-03-09,Stanislaus,099,539301,116944,117827,17504,135331,1541
2022-03-09,Sutter,101,95872,20394,20409,2072,22481,217
2022-03-09,Tehama,103,63373,12002,11980,2614,14594,159
2022-03-09,Trinity,105,12862,1181,1174,295,1469,20
2022-03-09,Tulare,107,460477,106202,103932,28436,132368,1350
2022-03-09,Tuolumne,109,53932,12584,12444,565,13009,180
2022-03-09,Ventura,111,848112,172336,171852,9329,181181,1448
2022-03-09,Yolo,113,214977,36703,35973,3176,39149,308
2022-03-09,Yuba,115,75493,15750,15714,1194,16908,115
2022-03-08,Alameda,001,1643700,253493,252744,13683,266427,1769
2022-03-08,Alpine,003,1148,122,125,1,126,0
2022-03-08,Amador,005,37829,8464,8407,650,9057,84
2022-03-08,Butte,007,227075,32813,32759,6611,39370,380
2022-03-08,Calaveras,009,45235,7223,7245,350,7595,117
2022-03-08,Colusa,011,21464,3429,3439,1069,4508,21
2022-03-08,Contra Costa,013,1133247,186995,186396,13094,199490,1256
2022-03-08,Del Norte,015,27424,5731,5763,190,5953,48
2022-03-08,El Dorado,017,186661,26558,26503,3214,29717,197
2022-03-08,Fresno,019,978130,230265,227808,23880,251688,2653
2022-03-08,Glenn,021,27897,4956,4944,1598,6542,43
2022-03-08,Humboldt,023,135768,16773,16837,2931,19768,137
2022-03-08,Imperial,025,180216,55203,54721,10789,65510,890
2022-03-08,Inyo,027,18085,4057,4056,482,4538,56
2022-03-08,Kern,029,883053,191162,190208,46134,236342,2154
2022-03-08,Kings,031,150075,51214,51089,3605,54694,434
2022-03-08,Lake,033,64148,10622,10571,891,11462,130
2022-03-08,Lassen,035,31185,8943,8897,884,9781,62
2022-03-08,Los Angeles,037,10098052,2696117,2677166,123754,2800920,30803
2022-03-08,Madera,039,155013,37169,37185,6083,43268,354
2022-03-08,Marin,041,260295,33053,32943,2188,35131,272
2022-03-08,Mariposa,043,17540,2375,2371,200,2571,6
2022-03-08,Mendocino,045,87422,12972,12950,3007,15957,117
2022-03-08,Merced,047,269075,61893,61767,8587,70354,791
2022-03-08,Modoc,049,8938,730,729,249,978,7
2022-03-08,Mono,051,14174,2961,2961,120,3081,5
2022-03-08,Monterey,053,433212,78931,78247,13580,91827,711
2022-03-08,Napa,055,140530,25576,25528,950,26478,137
2022-03-08,Nevada,057,99092,15854,15939,1201,17140,122
2022-03-08,Orange,059,3164182,544007,542164,41255,583419,6692
2022-03-08,Placer,061,380077,62376,62221,7370,69591,594
2022-03-08,Plumas,063,18699,2958,2703,364,3067,13
2022-03-08,Riverside,065,2383286,589276,587686,27989,615675,6294
2022-03-08,Sacramento,067,1510023,279278,274276,27052,301328,2872
2022-03-08,San Benito,069,59416,12839,12855,509,13364,94
2022-03-08,San Bernardino,071,2135413,566173,558512,24976,583488,6715
2022-03-08,San Diego,073,3302833,746265,743604,51932,795536,5077
2022-03-08,San Francisco,075,870044,122524,123675,8202,131877,807
2022-03-08,San Joaquin,077,732212,165629,165381,9959,175340,2104
2022-03-08,San Luis Obispo,079,281455,52102,51900,3751,55651,451
2022-03-08,San Mateo,081,765935,120326,119103,6929,126032,638
2022-03-08,Santa Barbara,083,443738,85240,85363,4750,90113,659
2022-03-08,Santa Clara,085,1922200,307692,308528,12317,320845,2206
2022-03-08,Santa Cruz,087,273765,47224,46875,2110,48985,254
2022-03-08,Shasta,089,179085,30391,30372,6113,36485,493
2022-03-08,Sierra,091,2930,271,273,48,321,4
2022-03-08,Siskiyou,093,43540,4419,4404,2741,7145,74
2022-03-08,Solano,095,438530,80840,80924,5540,86464,434
2022-03-08,Sonoma,097,501317,82803,82571,2569,85140,473
2022-03-08,Stanislaus,099,539301,116900,117782,17495,135277,1541
2022-03-08,Sutter,101,95872,20386,20403,2072,22475,217
2022-03-08,Tehama,103,63373,11998,11972,2613,14585,158
2022-03-08,Trinity,105,12862,1181,1174,295,1469,20
2022-03-08,Tulare,107,460477,106163,103893,28424,132317,1334
2022-03-08,Tuolumne,109,53932,12579,12427,563,12990,180
2022-03-08,Ventura,111,848112,172272,171806,9322,181128,1447
2022-03-08,Yolo,113,214977,36678,35946,3175,39121,306
2022-03-08,Yuba,115,75493,15744,15705,1193,16898,115
2022-03-07,Alameda,001,1643700,253289,252578,13668,266246,1766
2022-03-07,Alpine,003,1148,122,125,1,126,0
2022-03-07,Amador,005,37829,8461,8368,650,9018,84
2022-03-07,Butte,007,227075,32798,32734,6608,39342,378
2022-03-07,Calaveras,009,45235,7219,7242,350,7592,116
2022-03-07,Colusa,011,21464,3427,3437,1069,4506,21
2022-03-07,Contra Costa,013,1133247,186896,186087,13070,199157,1256
2022-03-07,Del Norte,015,27424,5727,5758,190,5948,48
2022-03-07,El Dorado,017,186661,26552,26487,3213,29700,196
2022-03-07,Fresno,019,978130,230175,227670,23856,251526,2653
2022-03-07,Glenn,021,27897,4950,4939,1598,6537,43
2022-03-07,Humboldt,023,135768,16760,16829,2926,19755,137
2022-03-07,Imperial,025,180216,55181,54712,10784,65496,890
2022-03-07,Inyo,027,18085,4055,4054,482,4536,56
2022-03-07,Kern,029,883053,191104,190163,46109,236272,2152
2022-03-07,Kings,031,150075,51184,51065,3599,54664,433
2022-03-07,Lake,033,64148,10610,10562,890,11452,130
2022-03-07,Lassen,035,31185,8942,8896,884,9780,62
2022-03-07,Los Angeles,037,10098052,2695305,2675497,123714,2799211,30759
2022-03-07,Madera,039,155013,37159,37164,6080,43244,354
2022-03-07,Marin,041,260295,33015,32919,2185,35104,272
2022-03-07,Mariposa,043,17540,2374,2369,200,2569,6
2022-03-07,Mendocino,045,87422,12964,12940,3006,15946,117
2022-03-07,Merced,047,269075,61853,61751,8580,70331,791
2022-03-07,Modoc,049,8938,730,729,249,978,7
2022-03-07,Mono,051,14174,2961,2960,120,3080,5
2022-03-07,Monterey,053,433212,78897,78161,13531,91692,706
2022-03-07,Napa,055,140530,25546,25500,950,26450,136
2022-03-07,Nevada,057,99092,15847,15935,1195,17130,122
2022-03-07,Orange,059,3164182,543832,542028,41229,583257,6687
2022-03-07,Placer,061,380077,62347,62215,7368,69583,591
2022-03-07,Plumas,063,18699,2958,2702,364,3066,13
2022-03-07,Riverside,065,2383286,589145,587537,27981,615518,6279
2022-03-07,Sacramento,067,1510023,279177,274079,27039,301118,2866
2022-03-07,San Benito,069,59416,12833,12843,509,13352,94
2022-03-07,San Bernardino,071,2135413,566069,558265,24964,583229,6703
2022-03-07,San Diego,073,3302833,745923,742287,51889,794176,5068
2022-03-07,San Francisco,075,870044,122421,123655,8196,131851,807
2022-03-07,San Joaquin,077,732212,165578,165343,9951,175294,2091
2022-03-07,San Luis Obispo,079,281455,52060,51874,3746,55620,448
2022-03-07,San Mateo,081,765935,120250,119035,6922,125957,630
2022-03-07,Santa Barbara,083,443738,85202,85345,4749,90094,659
2022-03-07,Santa Clara,085,1922200,307505,308517,12311,320828,2202
2022-03-07,Santa Cruz,087,273765,47174,46823,2109,48932,254
2022-03-07,Shasta,089,179085,30378,30352,6110,36462,493
2022-03-07,Sierra,091,2930,271,273,48,321,4
2022-03-07,Siskiyou,093,43540,4415,4398,2740,7138,74
2022-03-07,Solano,095,438530,80783,80886,5538,86424,435
2022-03-07,Sonoma,097,501317,82760,82530,2568,85098,473
2022-03-07,Stanislaus,099,539301,116861,117713,17487,135200,1537
2022-03-07,Sutter,101,95872,20375,20400,2071,22471,217
2022-03-07,Tehama,103,63373,11992,11966,2610,14576,158
2022-03-07,Trinity,105,12862,1179,1173,295,1468,20
2022-03-07,Tulare,107,460477,106126,103834,28413,132247,1316
2022-03-07,Tuolumne,109,53932,12573,12408,562,12970,179
2022-03-07,Ventura,111,848112,172221,171886,9320,181206,1436
2022-03-07,Yolo,113,214977,36655,35934,3169,39103,306
2022-03-07,Yuba,115,75493,15737,15701,1192,16893,115
2022-03-06,Alameda,001,1643700,253102,252460,13659,266119,1766
2022-03-06,Alpine,003,1148,122,125,1,126,0
2022-03-06,Amador,005,37829,8458,8367,648,9015,84
2022-03-06,Butte,007,227075,32788,32714,6604,39318,376
2022-03-06,Calaveras,009,45235,7217,7236,349,7585,116
2022-03-06,Colusa,011,21464,3427,3435,1068,4503,21
2022-03-06,Contra Costa,013,1133247,186782,185974,13045,199019,1256
2022-03-06,Del Norte,015,27424,5711,5744,188,5932,48
2022-03-06,El Dorado,017,186661,26543,26478,3211,29689,196
2022-03-06,Fresno,019,978130,230031,227514,23845,251359,2653
2022-03-06,Glenn,021,27897,4946,4939,1598,6537,43
2022-03-06,Humboldt,023,135768,16749,16813,2923,19736,137
2022-03-06,Imperial,025,180216,55163,54719,10772,65491,890
2022-03-06,Inyo,027,18085,4053,4053,482,4535,56
2022-03-06,Kern,029,883053,191049,190088,46087,236175,2152
2022-03-06,Kings,031,150075,51115,51050,3596,54646,432
2022-03-06,Lake,033,64148,10596,10539,889,11428,130
2022-03-06,Lassen,035,31185,8929,8887,883,9770,62
2022-03-06,Los Angeles,037,10098052,2694372,2675456,123658,2799114,30759
2022-03-06,Madera,039,155013,37130,37135,6072,43207,354
2022-03-06,Marin,041,260295,32989,32879,2184,35063,272
2022-03-06,Mariposa,043,17540,2373,2365,199,2564,6
2022-03-06,Mendocino,045,87422,12952,12923,3002,15925,116
2022-03-06,Merced,047,269075,61821,61722,8563,70285,791
2022-03-06,Modoc,049,8938,730,729,249,978,7
2022-03-06,Mono,051,14174,2961,2959,120,3079,5
2022-03-06,Monterey,053,433212,78851,78154,13499,91653,706
2022-03-06,Napa,055,140530,25511,25457,948,26405,136
2022-03-06,Nevada,057,99092,15836,15924,1194,17118,122
2022-03-06,Orange,059,3164182,543673,541903,41181,583084,6688
2022-03-06,Placer,061,380077,62314,62185,7364,69549,591
2022-03-06,Plumas,063,18699,2953,2704,364,3068,13
2022-03-06,Riverside,065,2383286,588983,587388,27960,615348,6279
2022-03-06,Sacramento,067,1510023,279042,273935,27015,300950,2869
2022-03-06,San Benito,069,59416,12822,12835,508,13343,94
2022-03-06,San Bernardino,071,2135413,565945,558139,24950,583089,6701
2022-03-06,San Diego,073,3302833,745529,742287,51840,794127,5068
2022-03-06,San Francisco,075,870044,122300,123742,8193,131935,806
2022-03-06,San Joaquin,077,732212,165496,165252,9945,175197,2091
2022-03-06,San Luis Obispo,079,281455,52022,51828,3743,55571,448
2022-03-06,San Mateo,081,765935,120167,118916,6913,125829,630
2022-03-06,Santa Barbara,083,443738,85162,85317,4744,90061,659
2022-03-06,Santa Clara,085,1922200,307246,308250,12309,320559,2201
2022-03-06,Santa Cruz,087,273765,47123,46755,2108,48863,254
2022-03-06,Shasta,089,179085,30355,30332,6093,36425,493
2022-03-06,Sierra,091,2930,271,273,48,321,4
2022-03-06,Siskiyou,093,43540,4411,4398,2738,7136,74
2022-03-06,Solano,095,438530,80727,80833,5532,86365,435
2022-03-06,Sonoma,097,501317,82724,82458,2563,85021,473
2022-03-06,Stanislaus,099,539301,116815,117680,17477,135157,1536
2022-03-06,Sutter,101,95872,20364,20390,2067,22457,217
2022-03-06,Tehama,103,63373,11984,11963,2610,14573,158
2022-03-06,Trinity,105,12862,1179,1172,294,1466,20
2022-03-06,Tulare,107,460477,106068,103794,28398,132192,1316
2022-03-06,Tuolumne,109,53932,12567,12379,560,12939,179
2022-03-06,Ventura,111,848112,172152,171819,9318,181137,1436
2022-03-06,Yolo,113,214977,36629,35882,3165,39047,306
2022-03-06,Yuba,115,75493,15733,15694,1191,16885,115
2022-03-05,Alameda,001,1643700,252987,251988,13654,265642,1760
2022-03-05,Alpine,003,1148,122,125,1,126,0
2022-03-05,Amador,005,37829,8455,8344,648,8992,83
2022-03-05,Butte,007,227075,32781,32663,6599,39262,372
2022-03-05,Calaveras,009,45235,7214,7236,349,7585,116
2022-03-05,Colusa,011,21464,3427,3433,1068,4501,21
2022-03-05,Contra Costa,013,1133247,186719,185734,13039,198773,1235
2022-03-05,Del Norte,015,27424,5708,5725,188,5913,48
2022-03-05,El Dorado,017,186661,26537,26446,3208,29654,193
2022-03-05,Fresno,019,978130,229979,227154,23843,250997,2640
2022-03-05,Glenn,021,27897,4944,4927,1598,6525,43
2022-03-05,Humboldt,023,135768,16743,16781,2921,19702,136
2022-03-05,Imperial,025,180216,55153,54650,10770,65420,880
2022-03-05,Inyo,027,18085,4052,4043,481,4524,56
2022-03-05,Kern,029,883053,191017,189817,46069,235886,2141
2022-03-05,Kings,031,150075,51108,50926,3594,54520,431
2022-03-05,Lake,033,64148,10588,10512,888,11400,130
2022-03-05,Lassen,035,31185,8920,8818,883,9701,62
2022-03-05,Los Angeles,037,10098052,2694015,2671564,123621,2795185,30608
2022-03-05,Madera,039,155013,37115,37100,6072,43172,354
2022-03-05,Marin,041,260295,32977,32829,2184,35013,272
2022-03-05,Mariposa,043,17540,2373,2363,199,2562,6
2022-03-05,Mendocino,045,87422,12949,12845,3001,15846,113
2022-03-05,Merced,047,269075,61811,61653,8563,70216,789
2022-03-05,Modoc,049,8938,730,729,249,978,7
2022-03-05,Mono,051,14174,2961,2961,120,3081,5
2022-03-05,Monterey,053,433212,78832,78028,13492,91520,704
2022-03-05,Napa,055,140530,25493,25405,948,26353,134
2022-03-05,Nevada,057,99092,15832,15907,1194,17101,122
2022-03-05,Orange,059,3164182,543548,541463,41170,582633,6638
2022-03-05,Placer,061,380077,62300,62117,7357,69474,591
2022-03-05,Plumas,063,18699,2952,2701,364,3065,13
2022-03-05,Riverside,065,2383286,588892,586785,27956,614741,6239
2022-03-05,Sacramento,067,1510023,278978,273487,27010,300497,2847
2022-03-05,San Benito,069,59416,12820,12820,508,13328,94
2022-03-05,San Bernardino,071,2135413,565887,557421,24944,582365,6641
2022-03-05,San Diego,073,3302833,745341,740747,51829,792576,5045
2022-03-05,San Francisco,075,870044,122236,123537,8188,131725,798
2022-03-05,San Joaquin,077,732212,165455,165085,9937,175022,2069
2022-03-05,San Luis Obispo,079,281455,52014,51739,3741,55480,446
2022-03-05,San Mateo,081,765935,120112,118646,6910,125556,621
2022-03-05,Santa Barbara,083,443738,85147,85249,4744,89993,655
2022-03-05,Santa Clara,085,1922200,307128,307689,12306,319995,2195
2022-03-05,Santa Cruz,087,273765,47103,46622,2108,48730,253
2022-03-05,Shasta,089,179085,30343,30282,6092,36374,492
2022-03-05,Sierra,091,2930,271,273,47,320,4
2022-03-05,Siskiyou,093,43540,4410,4389,2737,7126,74
2022-03-05,Solano,095,438530,80710,80690,5532,86222,435
2022-03-05,Sonoma,097,501317,82702,82313,2563,84876,473
2022-03-05,Stanislaus,099,539301,116789,117501,17474,134975,1531
2022-03-05,Sutter,101,95872,20356,20346,2067,22413,217
2022-03-05,Tehama,103,63373,11982,11939,2610,14549,158
2022-03-05,Trinity,105,12862,1179,1170,292,1462,20
2022-03-05,Tulare,107,460477,106055,103534,28389,131923,1305
2022-03-05,Tuolumne,109,53932,12563,12325,559,12884,178
2022-03-05,Ventura,111,848112,172111,171666,9316,180982,1436
2022-03-05,Yolo,113,214977,36615,35856,3165,39021,306
2022-03-05,Yuba,115,75493,15725,15666,1191,16857,115
2022-03-04,Alameda,001,1643700,252892,251988,13646,265634,1760
2022-03-04,Alpine,003,1148,122,125,1,126,0
2022-03-04,Amador,005,37829,8454,8344,648,8992,83
2022-03-04,Butte,007,227075,32775,32663,6593,39256,372
2022-03-04,Calaveras,009,45235,7213,7236,349,7585,116
2022-03-04,Colusa,011,21464,3425,3433,1068,4501,21
2022-03-04,Contra Costa,013,1133247,186651,185734,13036,198770,1235
2022-03-04,Del Norte,015,27424,5698,5725,188,5913,48
2022-03-04,El Dorado,017,186661,26533,26446,3208,29654,193
2022-03-04,Fresno,019,978130,229916,227154,23836,250990,2640
2022-03-04,Glenn,021,27897,4943,4927,1598,6525,43
2022-03-04,Humboldt,023,135768,16739,16781,2921,19702,136
2022-03-04,Imperial,025,180216,55146,54650,10766,65416,880
2022-03-04,Inyo,027,18085,4052,4043,481,4524,56
2022-03-04,Kern,029,883053,190976,189817,46057,235874,2141
2022-03-04,Kings,031,150075,51095,50926,3594,54520,431
2022-03-04,Lake,033,64148,10587,10512,888,11400,130
2022-03-04,Lassen,035,31185,8918,8818,883,9701,62
2022-03-04,Los Angeles,037,10098052,2693490,2671564,123591,2795155,30608
2022-03-04,Madera,039,155013,37106,37100,6072,43172,354
2022-03-04,Marin,041,260295,32955,32829,2182,35011,272
2022-03-04,Mariposa,043,17540,2368,2363,199,2562,6
2022-03-04,Mendocino,045,87422,12943,12845,3001,15846,113
2022-03-04,Merced,047,269075,61799,61653,8561,70214,789
2022-03-04,Modoc,049,8938,730,729,249,978,7
2022-03-04,Mono,051,14174,2961,2961,120,3081,5
2022-03-04,Monterey,053,433212,78812,78028,13485,91513,704
2022-03-04,Napa,055,140530,25478,25405,947,26352,134
2022-03-04,Nevada,057,99092,15827,15907,1194,17101,122
2022-03-04,Orange,059,3164182,543429,541463,41151,582614,6638
2022-03-04,Placer,061,380077,62287,62117,7354,69471,591
2022-03-04,Plumas,063,18699,2952,2701,363,3064,13
2022-03-04,Riverside,065,2383286,588805,586785,27955,614740,6239
2022-03-04,Sacramento,067,1510023,278905,273487,27006,300493,2847
2022-03-04,San Benito,069,59416,12816,12820,508,13328,94
2022-03-04,San Bernardino,071,2135413,565804,557421,24943,582364,6641
2022-03-04,San Diego,073,3302833,745103,740747,51812,792559,5045
2022-03-04,San Francisco,075,870044,122176,123537,8181,131718,798
2022-03-04,San Joaquin,077,732212,165423,165085,9936,175021,2069
2022-03-04,San Luis Obispo,079,281455,52006,51739,3740,55479,446
2022-03-04,San Mateo,081,765935,120054,118646,6908,125554,621
2022-03-04,Santa Barbara,083,443738,85125,85249,4744,89993,655
2022-03-04,Santa Clara,085,1922200,306978,307689,12303,319992,2195
2022-03-04,Santa Cruz,087,273765,47080,46622,2108,48730,253
2022-03-04,Shasta,089,179085,30335,30282,6089,36371,492
2022-03-04,Sierra,091,2930,271,273,47,320,4
2022-03-04,Siskiyou,093,43540,4408,4389,2733,7122,74
2022-03-04,Solano,095,438530,80677,80690,5529,86219,435
2022-03-04,Sonoma,097,501317,82671,82313,2562,84875,473
2022-03-04,Stanislaus,099,539301,116771,117501,17472,134973,1531
2022-03-04,Sutter,101,95872,20352,20346,2067,22413,217
2022-03-04,Tehama,103,63373,11979,11939,2610,14549,158
2022-03-04,Trinity,105,12862,1179,1170,292,1462,20
2022-03-04,Tulare,107,460477,106036,103534,28384,131918,1305
2022-03-04,Tuolumne,109,53932,12558,12325,559,12884,178
2022-03-04,Ventura,111,848112,172064,171666,9313,180979,1436
2022-03-04,Yolo,113,214977,36598,35856,3165,39021,306
2022-03-04,Yuba,115,75493,15720,15666,1190,16856,115
2022-03-03,Alameda,001,1643700,252773,251988,13634,265622,1760
2022-03-03,Alpine,003,1148,122,125,1,126,0
2022-03-03,Amador,005,37829,8453,8344,648,8992,83
2022-03-03,Butte,007,227075,32758,32663,6587,39250,372
2022-03-03,Calaveras,009,45235,7201,7236,349,7585,116
2022-03-03,Colusa,011,21464,3425,3433,1068,4501,21
2022-03-03,Contra Costa,013,1133247,186576,185734,13021,198755,1235
2022-03-03,Del Norte,015,27424,5691,5725,188,5913,48
2022-03-03,El Dorado,017,186661,26515,26446,3207,29653,193
2022-03-03,Fresno,019,978130,229789,227154,23828,250982,2640
2022-03-03,Glenn,021,27897,4941,4927,1597,6524,43
2022-03-03,Humboldt,023,135768,16724,16781,2920,19701,136
2022-03-03,Imperial,025,180216,55130,54650,10764,65414,880
2022-03-03,Inyo,027,18085,4051,4043,481,4524,56
2022-03-03,Kern,029,883053,190908,189817,46038,235855,2141
2022-03-03,Kings,031,150075,51072,50926,3591,54517,431
2022-03-03,Lake,033,64148,10582,10512,886,11398,130
2022-03-03,Lassen,035,31185,8910,8818,883,9701,62
2022-03-03,Los Angeles,037,10098052,2692765,2671564,123550,2795114,30608
2022-03-03,Madera,039,155013,37090,37100,6067,43167,354
2022-03-03,Marin,041,260295,32929,32829,2181,35010,272
2022-03-03,Mariposa,043,17540,2367,2363,199,2562,6
2022-03-03,Mendocino,045,87422,12932,12845,2998,15843,113
2022-03-03,Merced,047,269075,61780,61653,8555,70208,789
2022-03-03,Modoc,049,8938,730,729,249,978,7
2022-03-03,Mono,051,14174,2960,2961,120,3081,5
2022-03-03,Monterey,053,433212,78782,78028,13467,91495,704
2022-03-03,Napa,055,140530,25454,25405,946,26351,134
2022-03-03,Nevada,057,99092,15822,15907,1189,17096,122
2022-03-03,Orange,059,3164182,543252,541463,41125,582588,6638
2022-03-03,Placer,061,380077,62265,62117,7350,69467,591
2022-03-03,Plumas,063,18699,2951,2701,363,3064,13
2022-03-03,Riverside,065,2383286,588671,586785,27950,614735,6239
2022-03-03,Sacramento,067,1510023,278798,273487,26988,300475,2847
2022-03-03,San Benito,069,59416,12813,12820,508,13328,94
2022-03-03,San Bernardino,071,2135413,565698,557421,24937,582358,6641
2022-03-03,San Diego,073,3302833,744762,740747,51794,792541,5045
2022-03-03,San Francisco,075,870044,122103,123537,8170,131707,798
2022-03-03,San Joaquin,077,732212,165349,165085,9933,175018,2069
2022-03-03,San Luis Obispo,079,281455,51951,51739,3732,55471,446
2022-03-03,San Mateo,081,765935,119979,118646,6898,125544,621
2022-03-03,Santa Barbara,083,443738,85106,85249,4735,89984,655
2022-03-03,Santa Clara,085,1922200,306796,307689,12288,319977,2195
2022-03-03,Santa Cruz,087,273765,47032,46622,2106,48728,253
2022-03-03,Shasta,089,179085,30317,30282,6085,36367,492
2022-03-03,Sierra,091,2930,271,273,47,320,4
2022-03-03,Siskiyou,093,43540,4405,4389,2733,7122,74
2022-03-03,Solano,095,438530,80628,80690,5527,86217,435
2022-03-03,Sonoma,097,501317,82624,82313,2557,84870,473
2022-03-03,Stanislaus,099,539301,116738,117501,17464,134965,1531
2022-03-03,Sutter,101,95872,20344,20346,2067,22413,217
2022-03-03,Tehama,103,63373,11976,11939,2610,14549,158
2022-03-03,Trinity,105,12862,1178,1170,292,1462,20
2022-03-03,Tulare,107,460477,105992,103534,28374,131908,1305
2022-03-03,Tuolumne,109,53932,12547,12325,559,12884,178
2022-03-03,Ventura,111,848112,172011,171666,9311,180977,1436
2022-03-03,Yolo,113,214977,36574,35856,3158,39014,306
2022-03-03,Yuba,115,75493,15714,15666,1185,16851,115
2022-03-02,Alameda,001,1643700,252595,251886,13617,265503,1759
2022-03-02,Alpine,003,1148,122,125,1,126,0
2022-03-02,Amador,005,37829,8441,8341,648,8989,83
2022-03-02,Butte,007,227075,32746,32636,6582,39218,372
2022-03-02,Calaveras,009,45235,7200,7225,349,7574,116
2022-03-02,Colusa,011,21464,3422,3428,1068,4496,21
2022-03-02,Contra Costa,013,1133247,186483,185589,13002,198591,1236
2022-03-02,Del Norte,015,27424,5684,5708,186,5894,47
2022-03-02,El Dorado,017,186661,26504,26433,3204,29637,192
2022-03-02,Fresno,019,978130,229657,226932,23817,250749,2629
2022-03-02,Glenn,021,27897,4941,4922,1596,6518,43
2022-03-02,Humboldt,023,135768,16714,16747,2913,19660,135
2022-03-02,Imperial,025,180216,55104,54629,10759,65388,878
2022-03-02,Inyo,027,18085,4049,4041,480,4521,56
2022-03-02,Kern,029,883053,190842,189656,46018,235674,2136
2022-03-02,Kings,031,150075,51046,50819,3588,54407,431
2022-03-02,Lake,033,64148,10569,10495,884,11379,130
2022-03-02,Lassen,035,31185,8907,8811,882,9693,62
2022-03-02,Los Angeles,037,10098052,2691884,2670287,123503,2793790,30535
2022-03-02,Madera,039,155013,37073,37077,6065,43142,354
2022-03-02,Marin,041,260295,32911,32794,2180,34974,272
2022-03-02,Mariposa,043,17540,2367,2359,199,2558,6
2022-03-02,Mendocino,045,87422,12919,12832,2993,15825,112
2022-03-02,Merced,047,269075,61754,61606,8545,70151,785
2022-03-02,Modoc,049,8938,730,729,249,978,7
2022-03-02,Mono,051,14174,2960,2961,120,3081,5
2022-03-02,Monterey,053,433212,78746,77963,13444,91407,703
2022-03-02,Napa,055,140530,25405,25382,945,26327,134
2022-03-02,Nevada,057,99092,15811,15920,1188,17108,122
2022-03-02,Orange,059,3164182,543046,541230,41098,582328,6623
2022-03-02,Placer,061,380077,62243,62066,7347,69413,589
2022-03-02,Plumas,063,18699,2951,2700,362,3062,13
2022-03-02,Riverside,065,2383286,588521,586513,27939,614452,6229
2022-03-02,Sacramento,067,1510023,278681,273291,26977,300268,2837
2022-03-02,San Benito,069,59416,12802,12814,508,13322,94
2022-03-02,San Bernardino,071,2135413,565589,557082,24931,582013,6619
2022-03-02,San Diego,073,3302833,744404,739803,51746,791549,5034
2022-03-02,San Francisco,075,870044,122008,123442,8168,131610,792
2022-03-02,San Joaquin,077,732212,165288,164968,9928,174896,2063
2022-03-02,San Luis Obispo,079,281455,51913,51686,3727,55413,446
2022-03-02,San Mateo,081,765935,119892,118518,6882,125400,617
2022-03-02,Santa Barbara,083,443738,85081,85183,4734,89917,655
2022-03-02,Santa Clara,085,1922200,306581,307354,12274,319628,2184
2022-03-02,Santa Cruz,087,273765,46962,46534,2105,48639,253
2022-03-02,Shasta,089,179085,30292,30253,6075,36328,490
2022-03-02,Sierra,091,2930,271,273,47,320,4
2022-03-02,Siskiyou,093,43540,4403,4384,2730,7114,74
2022-03-02,Solano,095,438530,80562,80626,5524,86150,433
2022-03-02,Sonoma,097,501317,82578,82208,2553,84761,473
2022-03-02,Stanislaus,099,539301,116702,117411,17438,134849,1519
2022-03-02,Sutter,101,95872,20322,20317,2049,22366,216
2022-03-02,Tehama,103,63373,11971,11930,2609,14539,158
2022-03-02,Trinity,105,12862,1176,1160,292,1452,20
2022-03-02,Tulare,107,460477,105950,103451,28357,131808,1302
2022-03-02,Tuolumne,109,53932,12542,12297,559,12856,179
2022-03-02,Ventura,111,848112,171958,171770,9307,181077,1427
2022-03-02,Yolo,113,214977,36556,35799,3152,38951,305
2022-03-02,Yuba,115,75493,15701,15653,1180,16833,115
2022-03-01,Alameda,001,1643700,252430,251830,13606,265436,1749
2022-03-01,Alpine,003,1148,122,125,1,126,0
2022-03-01,Amador,005,37829,8393,8334,646,8980,83
2022-03-01,Butte,007,227075,32722,32575,6578,39153,372
2022-03-01,Calaveras,009,45235,7197,7223,348,7571,116
2022-03-01,Colusa,011,21464,3421,3423,1068,4491,21
2022-03-01,Contra Costa,013,1133247,186373,185378,12987,198365,1231
2022-03-01,Del Norte,015,27424,5681,5701,184,5885,45
2022-03-01,El Dorado,017,186661,26485,26413,3202,29615,192
2022-03-01,Fresno,019,978130,229517,226594,23804,250398,2628
2022-03-01,Glenn,021,27897,4940,4919,1594,6513,40
2022-03-01,Humboldt,023,135768,16693,16727,2906,19633,135
2022-03-01,Imperial,025,180216,55087,54570,10753,65323,875
2022-03-01,Inyo,027,18085,4045,4041,479,4520,56
2022-03-01,Kern,029,883053,190768,189365,45994,235359,2120
2022-03-01,Kings,031,150075,51024,50763,3584,54347,427
2022-03-01,Lake,033,64148,10558,10471,882,11353,128
2022-03-01,Lassen,035,31185,8903,8801,882,9683,61
2022-03-01,Los Angeles,037,10098052,2690935,2669489,123445,2792934,30486
2022-03-01,Madera,039,155013,37053,37046,6058,43104,354
2022-03-01,Marin,041,260295,32886,32764,2178,34942,272
2022-03-01,Mariposa,043,17540,2366,2357,198,2555,6
2022-03-01,Mendocino,045,87422,12908,12818,2991,15809,112
2022-03-01,Merced,047,269075,61726,61549,8530,70079,781
2022-03-01,Modoc,049,8938,730,729,249,978,7
2022-03-01,Mono,051,14174,2959,2960,120,3080,6
2022-03-01,Monterey,053,433212,78720,77911,13432,91343,696
2022-03-01,Napa,055,140530,25373,25344,945,26289,134
2022-03-01,Nevada,057,99092,15803,15916,1185,17101,121
2022-03-01,Orange,059,3164182,542826,541054,41062,582116,6612
2022-03-01,Placer,061,380077,62215,62021,7341,69362,583
2022-03-01,Plumas,063,18699,2951,2694,362,3056,13
2022-03-01,Riverside,065,2383286,588355,586184,27938,614122,6198
2022-03-01,Sacramento,067,1510023,278549,273089,26963,300052,2831
2022-03-01,San Benito,069,59416,12798,12806,508,13314,94
2022-03-01,San Bernardino,071,2135413,565458,556743,24928,581671,6588
2022-03-01,San Diego,073,3302833,743979,739136,51705,790841,5029
2022-03-01,San Francisco,075,870044,121906,123481,8162,131643,792
2022-03-01,San Joaquin,077,732212,165221,164894,9923,174817,2062
2022-03-01,San Luis Obispo,079,281455,51877,51592,3723,55315,445
2022-03-01,San Mateo,081,765935,119815,118358,6875,125233,613
2022-03-01,Santa Barbara,083,443738,85043,85134,4730,89864,654
2022-03-01,Santa Clara,085,1922200,306330,306978,12262,319240,2190
2022-03-01,Santa Cruz,087,273765,46912,46471,2102,48573,253
2022-03-01,Shasta,089,179085,30263,30227,6072,36299,489
2022-03-01,Sierra,091,2930,271,274,47,321,5
2022-03-01,Siskiyou,093,43540,4399,4384,2725,7109,74
2022-03-01,Solano,095,438530,80500,80556,5521,86077,434
2022-03-01,Sonoma,097,501317,82508,82103,2547,84650,477
2022-03-01,Stanislaus,099,539301,116650,117308,17413,134721,1521
2022-03-01,Sutter,101,95872,20308,20288,2045,22333,217
2022-03-01,Tehama,103,63373,11965,11923,2606,14529,158
2022-03-01,Trinity,105,12862,1175,1159,292,1451,20
2022-03-01,Tulare,107,460477,105868,103371,28337,131708,1302
2022-03-01,Tuolumne,109,53932,12535,12276,557,12833,175
2022-03-01,Ventura,111,848112,171888,171672,9300,180972,1427
2022-03-01,Yolo,113,214977,36531,35801,3146,38947,299
2022-03-01,Yuba,115,75493,15693,15637,1180,16817,116
2022-02-28,Alameda,001,1643700,252212,251714,13591,265305,1742
2022-02-28,Alpine,003,1148,122,125,1,126,0
2022-02-28,Amador,005,37829,8387,8308,645,8953,83
2022-02-28,Butte,007,227075,32699,32550,6573,39123,368
2022-02-28,Calaveras,009,45235,7194,7220,347,7567,110
2022-02-28,Colusa,011,21464,3418,3422,1066,4488,21
2022-02-28,Contra Costa,013,1133247,186265,185272,12967,198239,1231
2022-02-28,Del Norte,015,27424,5677,5699,183,5882,45
2022-02-28,El Dorado,017,186661,26475,26409,3197,29606,191
2022-02-28,Fresno,019,978130,229316,226519,23782,250301,2622
2022-02-28,Glenn,021,27897,4936,4918,1594,6512,40
2022-02-28,Humboldt,023,135768,16678,16717,2902,19619,135
2022-02-28,Imperial,025,180216,55061,54517,10748,65265,875
2022-02-28,Inyo,027,18085,4045,4041,478,4519,56
2022-02-28,Kern,029,883053,190678,189245,45963,235208,2115
2022-02-28,Kings,031,150075,50985,50741,3583,54324,427
2022-02-28,Lake,033,64148,10546,10468,878,11346,128
2022-02-28,Lassen,035,31185,8846,8794,882,9676,55
2022-02-28,Los Angeles,037,10098052,2689762,2666804,123349,2790153,30410
2022-02-28,Madera,039,155013,37026,37023,6042,43065,354
2022-02-28,Marin,041,260295,32861,32775,2178,34953,272
2022-02-28,Mariposa,043,17540,2363,2354,196,2550,6
2022-02-28,Mendocino,045,87422,12899,12800,2983,15783,112
2022-02-28,Merced,047,269075,61682,61519,8512,70031,781
2022-02-28,Modoc,049,8938,730,727,249,976,7
2022-02-28,Mono,051,14174,2959,2961,120,3081,5
2022-02-28,Monterey,053,433212,78653,77865,13409,91274,693
2022-02-28,Napa,055,140530,25346,25317,945,26262,129
2022-02-28,Nevada,057,99092,15797,15908,1179,17087,121
2022-02-28,Orange,059,3164182,542573,540839,41048,581887,6605
2022-02-28,Placer,061,380077,62183,61976,7335,69311,577
2022-02-28,Plumas,063,18699,2951,2691,361,3052,13
2022-02-28,Riverside,065,2383286,588159,585891,27905,613796,6179
2022-02-28,Sacramento,067,1510023,278411,273038,26938,299976,2825
2022-02-28,San Benito,069,59416,12794,12798,508,13306,94
2022-02-28,San Bernardino,071,2135413,565269,556540,24914,581454,6576
2022-02-28,San Diego,073,3302833,743592,737760,51676,789436,5018
2022-02-28,San Francisco,075,870044,121746,123402,8154,131556,792
2022-02-28,San Joaquin,077,732212,165135,164833,9913,174746,2060
2022-02-28,San Luis Obispo,079,281455,51818,51565,3715,55280,440
2022-02-28,San Mateo,081,765935,119715,118301,6869,125170,611
2022-02-28,Santa Barbara,083,443738,85000,85076,4725,89801,653
2022-02-28,Santa Clara,085,1922200,306054,306930,12240,319170,2180
2022-02-28,Santa Cruz,087,273765,46843,46447,2101,48548,253
2022-02-28,Shasta,089,179085,30238,30213,6068,36281,488
2022-02-28,Sierra,091,2930,271,273,47,320,4
2022-02-28,Siskiyou,093,43540,4396,4382,2719,7101,74
2022-02-28,Solano,095,438530,80434,80544,5510,86054,430
2022-02-28,Sonoma,097,501317,82440,82058,2544,84602,477
2022-02-28,Stanislaus,099,539301,116586,117231,17397,134628,1521
2022-02-28,Sutter,101,95872,20295,20285,2042,22327,214
2022-02-28,Tehama,103,63373,11952,11917,2605,14522,158
2022-02-28,Trinity,105,12862,1175,1160,292,1452,20
2022-02-28,Tulare,107,460477,105818,103304,28319,131623,1300
2022-02-28,Tuolumne,109,53932,12525,12247,556,12803,175
2022-02-28,Ventura,111,848112,171804,171614,9299,180913,1423
2022-02-28,Yolo,113,214977,36495,35754,3139,38893,299
2022-02-28,Yuba,115,75493,15678,15625,1179,16804,115
2022-02-27,Alameda,001,1643700,251935,251624,13582,265206,1744
2022-02-27,Alpine,003,1148,122,125,1,126,0
2022-02-27,Amador,005,37829,8383,8305,642,8947,83
2022-02-27,Butte,007,227075,32662,32551,6561,39112,368
2022-02-27,Calaveras,009,45235,7187,7214,347,7561,110
2022-02-27,Colusa,011,21464,3417,3422,1066,4488,21
2022-02-27,Contra Costa,013,1133247,186139,185185,12947,198132,1230
2022-02-27,Del Norte,015,27424,5659,5691,181,5872,45
2022-02-27,El Dorado,017,186661,26457,26410,3195,29605,191
2022-02-27,Fresno,019,978130,229118,226397,23754,250151,2621
2022-02-27,Glenn,021,27897,4934,4915,1594,6509,40
2022-02-27,Humboldt,023,135768,16656,16713,2895,19608,135
2022-02-27,Imperial,025,180216,55013,54509,10730,65239,875
2022-02-27,Inyo,027,18085,4044,4041,474,4515,56
2022-02-27,Kern,029,883053,190559,189219,45923,235142,2115
2022-02-27,Kings,031,150075,50957,50733,3581,54314,428
2022-02-27,Lake,033,64148,10527,10463,878,11341,128
2022-02-27,Lassen,035,31185,8838,8786,882,9668,55
2022-02-27,Los Angeles,037,10098052,2688455,2666789,123266,2790055,30410
2022-02-27,Madera,039,155013,37000,37009,6034,43043,354
2022-02-27,Marin,041,260295,32823,32756,2176,34932,272
2022-02-27,Mariposa,043,17540,2360,2352,196,2548,6
2022-02-27,Mendocino,045,87422,12883,12798,2970,15768,112
2022-02-27,Merced,047,269075,61630,61491,8495,69986,779
2022-02-27,Modoc,049,8938,729,727,249,976,7
2022-02-27,Mono,051,14174,2958,2960,120,3080,5
2022-02-27,Monterey,053,433212,78595,77851,13384,91235,693
2022-02-27,Napa,055,140530,25308,25316,945,26261,129
2022-02-27,Nevada,057,99092,15789,15900,1175,17075,121
2022-02-27,Orange,059,3164182,542326,540659,41018,581677,6605
2022-02-27,Placer,061,380077,62141,61965,7331,69296,577
2022-02-27,Plumas,063,18699,2948,2691,361,3052,13
2022-02-27,Riverside,065,2383286,587917,585833,27879,613712,6179
2022-02-27,Sacramento,067,1510023,278225,272927,26906,299833,2822
2022-02-27,San Benito,069,59416,12787,12798,508,13306,94
2022-02-27,San Bernardino,071,2135413,565085,556457,24904,581361,6572
2022-02-27,San Diego,073,3302833,743120,737760,51635,789395,5018
2022-02-27,San Francisco,075,870044,121623,123327,8143,131470,791
2022-02-27,San Joaquin,077,732212,165031,164814,9909,174723,2060
2022-02-27,San Luis Obispo,079,281455,51726,51564,3708,55272,439
2022-02-27,San Mateo,081,765935,119602,118244,6864,125108,611
2022-02-27,Santa Barbara,083,443738,84962,85050,4721,89771,653
2022-02-27,Santa Clara,085,1922200,305766,306756,12211,318967,2180
2022-02-27,Santa Cruz,087,273765,46783,46411,2100,48511,253
2022-02-27,Shasta,089,179085,30206,30206,6062,36268,488
2022-02-27,Sierra,091,2930,271,273,47,320,4
2022-02-27,Siskiyou,093,43540,4391,4378,2706,7084,74
2022-02-27,Solano,095,438530,80358,80515,5499,86014,430
2022-02-27,Sonoma,097,501317,82358,82041,2538,84579,476
2022-02-27,Stanislaus,099,539301,116519,117200,17378,134578,1522
2022-02-27,Sutter,101,95872,20278,20280,2036,22316,214
2022-02-27,Tehama,103,63373,11939,11915,2604,14519,158
2022-02-27,Trinity,105,12862,1174,1158,292,1450,20
2022-02-27,Tulare,107,460477,105749,103270,28268,131538,1300
2022-02-27,Tuolumne,109,53932,12512,12243,555,12798,175
2022-02-27,Ventura,111,848112,171729,171660,9296,180956,1423
2022-02-27,Yolo,113,214977,36467,35744,3134,38878,299
2022-02-27,Yuba,115,75493,15668,15619,1177,16796,113
2022-02-26,Alameda,001,1643700,251828,250867,13577,264444,1716
2022-02-26,Alpine,003,1148,122,125,1,126,0
2022-02-26,Amador,005,37829,8381,8282,641,8923,83
2022-02-26,Butte,007,227075,32648,32466,6559,39025,368
2022-02-26,Calaveras,009,45235,7186,7192,347,7539,110
2022-02-26,Colusa,011,21464,3417,3414,1066,4480,21
2022-02-26,Contra Costa,013,1133247,186070,184686,12928,197614,1209
2022-02-26,Del Norte,015,27424,5654,5639,181,5820,45
2022-02-26,El Dorado,017,186661,26446,26355,3191,29546,191
2022-02-26,Fresno,019,978130,229028,225679,23754,249433,2597
2022-02-26,Glenn,021,27897,4932,4909,1593,6502,40
2022-02-26,Humboldt,023,135768,16631,16619,2894,19513,133
2022-02-26,Imperial,025,180216,54986,54367,10728,65095,871
2022-02-26,Inyo,027,18085,4043,4034,469,4503,56
2022-02-26,Kern,029,883053,190506,188584,45904,234488,2106
2022-02-26,Kings,031,150075,50944,50579,3581,54160,423
2022-02-26,Lake,033,64148,10522,10383,878,11261,128
2022-02-26,Lassen,035,31185,8837,8761,882,9643,55
2022-02-26,Los Angeles,037,10098052,2687881,2660973,123226,2784199,30202
2022-02-26,Madera,039,155013,36985,36933,6032,42965,330
2022-02-26,Marin,041,260295,32807,32651,2174,34825,267
2022-02-26,Mariposa,043,17540,2359,2332,196,2528,6
2022-02-26,Mendocino,045,87422,12876,12762,2970,15732,111
2022-02-26,Merced,047,269075,61609,61348,8494,69842,775
2022-02-26,Modoc,049,8938,729,726,249,975,7
2022-02-26,Mono,051,14174,2958,2959,119,3078,5
2022-02-26,Monterey,053,433212,78564,77610,13378,90988,692
2022-02-26,Napa,055,140530,25293,25221,944,26165,130
2022-02-26,Nevada,057,99092,15785,15850,1173,17023,121
2022-02-26,Orange,059,3164182,542215,539992,41001,580993,6540
2022-02-26,Placer,061,380077,62122,61803,7328,69131,573
2022-02-26,Plumas,063,18699,2948,2673,361,3034,13
2022-02-26,Riverside,065,2383286,587797,584835,27870,612705,6143
2022-02-26,Sacramento,067,1510023,278131,272339,26893,299232,2793
2022-02-26,San Benito,069,59416,12783,12770,508,13278,92
2022-02-26,San Bernardino,071,2135413,564994,555668,24899,580567,6505
2022-02-26,San Diego,073,3302833,742897,736049,51613,787662,5002
2022-02-26,San Francisco,075,870044,121553,123079,8135,131214,769
2022-02-26,San Joaquin,077,732212,164997,164418,9908,174326,2048
2022-02-26,San Luis Obispo,079,281455,51712,51358,3705,55063,438
2022-02-26,San Mateo,081,765935,119548,117860,6863,124723,603
2022-02-26,Santa Barbara,083,443738,84931,84830,4721,89551,652
2022-02-26,Santa Clara,085,1922200,305617,305895,12208,318103,2166
2022-02-26,Santa Cruz,087,273765,46760,46186,2100,48286,251
2022-02-26,Shasta,089,179085,30197,30108,6056,36164,485
2022-02-26,Sierra,091,2930,271,270,47,317,1
2022-02-26,Siskiyou,093,43540,4391,4359,2704,7063,72
2022-02-26,Solano,095,438530,80324,80225,5496,85721,428
2022-02-26,Sonoma,097,501317,82324,81702,2536,84238,432
2022-02-26,Stanislaus,099,539301,116481,116896,17373,134269,1503
2022-02-26,Sutter,101,95872,20269,20230,2036,22266,214
2022-02-26,Tehama,103,63373,11933,11878,2602,14480,158
2022-02-26,Trinity,105,12862,1173,1156,292,1448,20
2022-02-26,Tulare,107,460477,105713,102983,28253,131236,1295
2022-02-26,Tuolumne,109,53932,12509,12169,555,12724,175
2022-02-26,Ventura,111,848112,171697,171292,9294,180586,1411
2022-02-26,Yolo,113,214977,36446,35615,3131,38746,296
2022-02-26,Yuba,115,75493,15656,15587,1177,16764,113
2022-02-25,Alameda,001,1643700,251705,250867,13567,264434,1716
2022-02-25,Alpine,003,1148,122,125,1,126,0
2022-02-25,Amador,005,37829,8370,8282,641,8923,83
2022-02-25,Butte,007,227075,32636,32466,6557,39023,368
2022-02-25,Calaveras,009,45235,7184,7192,347,7539,110
2022-02-25,Colusa,011,21464,3417,3414,1066,4480,21
2022-02-25,Contra Costa,013,1133247,185986,184686,12906,197592,1209
2022-02-25,Del Norte,015,27424,5645,5639,181,5820,45
2022-02-25,El Dorado,017,186661,26437,26355,3191,29546,191
2022-02-25,Fresno,019,978130,228930,225679,23747,249426,2597
2022-02-25,Glenn,021,27897,4930,4909,1593,6502,40
2022-02-25,Humboldt,023,135768,16620,16619,2894,19513,133
2022-02-25,Imperial,025,180216,54968,54367,10727,65094,871
2022-02-25,Inyo,027,18085,4042,4034,469,4503,56
2022-02-25,Kern,029,883053,190441,188584,45891,234475,2106
2022-02-25,Kings,031,150075,50930,50579,3580,54159,423
2022-02-25,Lake,033,64148,10504,10383,878,11261,128
2022-02-25,Lassen,035,31185,8834,8761,882,9643,55
2022-02-25,Los Angeles,037,10098052,2687293,2660973,123196,2784169,30202
2022-02-25,Madera,039,155013,36965,36933,6031,42964,330
2022-02-25,Marin,041,260295,32793,32651,2174,34825,267
2022-02-25,Mariposa,043,17540,2356,2332,196,2528,6
2022-02-25,Mendocino,045,87422,12874,12762,2970,15732,111
2022-02-25,Merced,047,269075,61578,61348,8489,69837,775
2022-02-25,Modoc,049,8938,729,726,249,975,7
2022-02-25,Mono,051,14174,2957,2959,119,3078,5
2022-02-25,Monterey,053,433212,78536,77610,13372,90982,692
2022-02-25,Napa,055,140530,25284,25221,944,26165,130
2022-02-25,Nevada,057,99092,15774,15850,1170,17020,121
2022-02-25,Orange,059,3164182,542080,539992,40978,580970,6540
2022-02-25,Placer,061,380077,62106,61803,7322,69125,573
2022-02-25,Plumas,063,18699,2946,2673,360,3033,13
2022-02-25,Riverside,065,2383286,587642,584835,27858,612693,6143
2022-02-25,Sacramento,067,1510023,278029,272339,26888,299227,2793
2022-02-25,San Benito,069,59416,12781,12770,508,13278,92
2022-02-25,San Bernardino,071,2135413,564887,555668,24892,580560,6505
2022-02-25,San Diego,073,3302833,742617,736049,51594,787643,5002
2022-02-25,San Francisco,075,870044,121473,123079,8132,131211,769
2022-02-25,San Joaquin,077,732212,164956,164418,9903,174321,2048
2022-02-25,San Luis Obispo,079,281455,51708,51358,3696,55054,438
2022-02-25,San Mateo,081,765935,119486,117860,6859,124719,603
2022-02-25,Santa Barbara,083,443738,84894,84830,4721,89551,652
2022-02-25,Santa Clara,085,1922200,305432,305895,12205,318100,2166
2022-02-25,Santa Cruz,087,273765,46726,46186,2098,48284,251
2022-02-25,Shasta,089,179085,30188,30108,6054,36162,485
2022-02-25,Sierra,091,2930,271,270,47,317,1
2022-02-25,Siskiyou,093,43540,4391,4359,2703,7062,72
2022-02-25,Solano,095,438530,80295,80225,5495,85720,428
2022-02-25,Sonoma,097,501317,82273,81702,2534,84236,432
2022-02-25,Stanislaus,099,539301,116453,116896,17369,134265,1503
2022-02-25,Sutter,101,95872,20260,20230,2036,22266,214
2022-02-25,Tehama,103,63373,11931,11878,2602,14480,158
2022-02-25,Trinity,105,12862,1173,1156,292,1448,20
2022-02-25,Tulare,107,460477,105678,102983,28231,131214,1295
2022-02-25,Tuolumne,109,53932,12506,12169,555,12724,175
2022-02-25,Ventura,111,848112,171646,171292,9294,180586,1411
2022-02-25,Yolo,113,214977,36431,35615,3131,38746,296
2022-02-25,Yuba,115,75493,15649,15587,1177,16764,113
2022-02-24,Alameda,001,1643700,251499,250867,13558,264425,1716
2022-02-24,Alpine,003,1148,122,125,1,126,0
2022-02-24,Amador,005,37829,8365,8282,640,8922,83
2022-02-24,Butte,007,227075,32615,32466,6552,39018,368
2022-02-24,Calaveras,009,45235,7182,7192,345,7537,110
2022-02-24,Colusa,011,21464,3416,3414,1065,4479,21
2022-02-24,Contra Costa,013,1133247,185856,184686,12898,197584,1209
2022-02-24,Del Norte,015,27424,5630,5639,180,5819,45
2022-02-24,El Dorado,017,186661,26422,26355,3191,29546,191
2022-02-24,Fresno,019,978130,228734,225679,23732,249411,2597
2022-02-24,Glenn,021,27897,4928,4909,1592,6501,40
2022-02-24,Humboldt,023,135768,16603,16619,2893,19512,133
2022-02-24,Imperial,025,180216,54928,54367,10717,65084,871
2022-02-24,Inyo,027,18085,4041,4034,468,4502,56
2022-02-24,Kern,029,883053,190300,188584,45857,234441,2106
2022-02-24,Kings,031,150075,50900,50579,3575,54154,423
2022-02-24,Lake,033,64148,10486,10383,878,11261,128
2022-02-24,Lassen,035,31185,8830,8761,881,9642,55
2022-02-24,Los Angeles,037,10098052,2686133,2660973,123140,2784113,30202
2022-02-24,Madera,039,155013,36939,36933,6029,42962,330
2022-02-24,Marin,041,260295,32773,32651,2173,34824,267
2022-02-24,Mariposa,043,17540,2350,2332,195,2527,6
2022-02-24,Mendocino,045,87422,12867,12762,2966,15728,111
2022-02-24,Merced,047,269075,61548,61348,8480,69828,775
2022-02-24,Modoc,049,8938,728,726,249,975,7
2022-02-24,Mono,051,14174,2956,2959,119,3078,5
2022-02-24,Monterey,053,433212,78484,77610,13363,90973,692
2022-02-24,Napa,055,140530,25244,25221,940,26161,130
2022-02-24,Nevada,057,99092,15760,15850,1170,17020,121
2022-02-24,Orange,059,3164182,541829,539992,40944,580936,6540
2022-02-24,Placer,061,380077,62069,61803,7320,69123,573
2022-02-24,Plumas,063,18699,2941,2673,359,3032,13
2022-02-24,Riverside,065,2383286,587389,584835,27831,612666,6143
2022-02-24,Sacramento,067,1510023,277855,272339,26870,299209,2793
2022-02-24,San Benito,069,59416,12770,12770,507,13277,92
2022-02-24,San Bernardino,071,2135413,564695,555668,24879,580547,6505
2022-02-24,San Diego,073,3302833,742207,736049,51549,787598,5002
2022-02-24,San Francisco,075,870044,121350,123079,8125,131204,769
2022-02-24,San Joaquin,077,732212,164827,164418,9898,174316,2048
2022-02-24,San Luis Obispo,079,281455,51662,51358,3694,55052,438
2022-02-24,San Mateo,081,765935,119394,117860,6852,124712,603
2022-02-24,Santa Barbara,083,443738,84829,84830,4720,89550,652
2022-02-24,Santa Clara,085,1922200,305196,305895,12191,318086,2166
2022-02-24,Santa Cruz,087,273765,46646,46186,2096,48282,251
2022-02-24,Shasta,089,179085,30169,30108,6048,36156,485
2022-02-24,Sierra,091,2930,271,270,47,317,1
2022-02-24,Siskiyou,093,43540,4388,4359,2699,7058,72
2022-02-24,Solano,095,438530,80216,80225,5492,85717,428
2022-02-24,Sonoma,097,501317,82218,81702,2529,84231,432
2022-02-24,Stanislaus,099,539301,116377,116896,17360,134256,1503
2022-02-24,Sutter,101,95872,20246,20230,2020,22250,214
2022-02-24,Tehama,103,63373,11925,11878,2601,14479,158
2022-02-24,Trinity,105,12862,1171,1156,292,1448,20
2022-02-24,Tulare,107,460477,105621,102983,28198,131181,1295
2022-02-24,Tuolumne,109,53932,12495,12169,553,12722,175
2022-02-24,Ventura,111,848112,171567,171292,9291,180583,1411
2022-02-24,Yolo,113,214977,36405,35615,3129,38744,296
2022-02-24,Yuba,115,75493,15635,15587,1177,16764,113
2022-02-23,Alameda,001,1643700,251274,247686,13539,261225,1713
2022-02-23,Alpine,003,1148,122,125,1,126,0
2022-02-23,Amador,005,37829,8347,8274,640,8914,79
2022-02-23,Butte,007,227075,32588,32417,6549,38966,367
2022-02-23,Calaveras,009,45235,7172,7182,344,7526,107
2022-02-23,Colusa,011,21464,3412,3411,1065,4476,21
2022-02-23,Contra Costa,013,1133247,185712,184013,12883,196896,1209
2022-02-23,Del Norte,015,27424,5619,5625,179,5804,45
2022-02-23,El Dorado,017,186661,26406,26317,3187,29504,189
2022-02-23,Fresno,019,978130,228545,225308,23710,249018,2596
2022-02-23,Glenn,021,27897,4924,4909,1590,6499,40
2022-02-23,Humboldt,023,135768,16587,16601,2890,19491,132
2022-02-23,Imperial,025,180216,54889,54292,10703,64995,871
2022-02-23,Inyo,027,18085,4040,4031,465,4496,54
2022-02-23,Kern,029,883053,190197,188432,45807,234239,2106
2022-02-23,Kings,031,150075,50867,50416,3573,53989,423
2022-02-23,Lake,033,64148,10468,10368,877,11245,126
2022-02-23,Lassen,035,31185,8814,8749,881,9630,55
2022-02-23,Los Angeles,037,10098052,2684761,2659569,123094,2782663,30167
2022-02-23,Madera,039,155013,36907,36876,6019,42895,330
2022-02-23,Marin,041,260295,32750,32625,2172,34797,267
2022-02-23,Mariposa,043,17540,2345,2325,194,2519,6
2022-02-23,Mendocino,045,87422,12857,12747,2962,15709,111
2022-02-23,Merced,047,269075,61518,61295,8475,69770,772
2022-02-23,Modoc,049,8938,728,723,248,971,7
2022-02-23,Mono,051,14174,2955,2960,119,3079,5
2022-02-23,Monterey,053,433212,78446,77472,13340,90812,691
2022-02-23,Napa,055,140530,25220,25185,935,26120,128
2022-02-23,Nevada,057,99092,15754,15825,1167,16992,121
2022-02-23,Orange,059,3164182,541521,539631,40921,580552,6520
2022-02-23,Placer,061,380077,62022,61758,7312,69070,573
2022-02-23,Plumas,063,18699,2937,2663,359,3022,13
2022-02-23,Riverside,065,2383286,587098,584381,27794,612175,6119
2022-02-23,Sacramento,067,1510023,277697,272057,26847,298904,2796
2022-02-23,San Benito,069,59416,12763,12756,506,13262,92
2022-02-23,San Bernardino,071,2135413,564532,555238,24861,580099,6479
2022-02-23,San Diego,073,3302833,741706,735406,51508,786914,4988
2022-02-23,San Francisco,075,870044,121223,122127,8123,130250,769
2022-02-23,San Joaquin,077,732212,164734,164257,9893,174150,2042
2022-02-23,San Luis Obispo,079,281455,51614,51264,3692,54956,434
2022-02-23,San Mateo,081,765935,119303,117585,6843,124428,603
2022-02-23,Santa Barbara,083,443738,84768,84760,4716,89476,651
2022-02-23,Santa Clara,085,1922200,304940,305484,12182,317666,2157
2022-02-23,Santa Cruz,087,273765,46576,46059,2095,48154,251
2022-02-23,Shasta,089,179085,30142,30066,6045,36111,481
2022-02-23,Sierra,091,2930,271,270,47,317,1
2022-02-23,Siskiyou,093,43540,4385,4356,2697,7053,71
2022-02-23,Solano,095,438530,80126,80103,5490,85593,427
2022-02-23,Sonoma,097,501317,82165,81594,2527,84121,432
2022-02-23,Stanislaus,099,539301,116300,116789,17351,134140,1482
2022-02-23,Sutter,101,95872,20229,20194,2016,22210,213
2022-02-23,Tehama,103,63373,11915,11863,2601,14464,154
2022-02-23,Trinity,105,12862,1171,1156,292,1448,20
2022-02-23,Tulare,107,460477,105555,102812,28171,130983,1290
2022-02-23,Tuolumne,109,53932,12486,12158,552,12710,175
2022-02-23,Ventura,111,848112,171480,171163,9284,180447,1401
2022-02-23,Yolo,113,214977,36368,35590,3122,38712,296
2022-02-23,Yuba,115,75493,15632,15571,1175,16746,113
2022-02-22,Alameda,001,1643700,251030,247434,13524,260958,1706
2022-02-22,Alpine,003,1148,122,124,1,125,0
2022-02-22,Amador,005,37829,8337,8243,640,8883,79
2022-02-22,Butte,007,227075,32554,32359,6543,38902,366
2022-02-22,Calaveras,009,45235,7163,7178,344,7522,107
2022-02-22,Colusa,011,21464,3412,3402,1063,4465,21
2022-02-22,Contra Costa,013,1133247,185559,183812,12864,196676,1201
2022-02-22,Del Norte,015,27424,5610,5611,178,5789,45
2022-02-22,El Dorado,017,186661,26396,26289,3187,29476,189
2022-02-22,Fresno,019,978130,228317,225104,23679,248783,2592
2022-02-22,Glenn,021,27897,4923,4900,1589,6489,40
2022-02-22,Humboldt,023,135768,16565,16559,2886,19445,132
2022-02-22,Imperial,025,180216,54857,54227,10699,64926,864
2022-02-22,Inyo,027,18085,4038,4026,463,4489,54
2022-02-22,Kern,029,883053,190076,188237,45770,234007,2102
2022-02-22,Kings,031,150075,50805,50359,3570,53929,423
2022-02-22,Lake,033,64148,10457,10353,875,11228,126
2022-02-22,Lassen,035,31185,8810,8730,881,9611,55
2022-02-22,Los Angeles,037,10098052,2683296,2658230,123006,2781236,30129
2022-02-22,Madera,039,155013,36874,36833,6009,42842,330
2022-02-22,Marin,041,260295,32725,32591,2171,34762,267
2022-02-22,Mariposa,043,17540,2337,2322,194,2516,6
2022-02-22,Mendocino,045,87422,12843,12714,2952,15666,110
2022-02-22,Merced,047,269075,61458,61241,8468,69709,770
2022-02-22,Modoc,049,8938,725,720,248,968,6
2022-02-22,Mono,051,14174,2955,2961,119,3080,5
2022-02-22,Monterey,053,433212,78393,77359,13320,90679,690
2022-02-22,Napa,055,140530,25191,25151,934,26085,128
2022-02-22,Nevada,057,99092,15738,15815,1166,16981,121
2022-02-22,Orange,059,3164182,541233,539390,40888,580278,6502
2022-02-22,Placer,061,380077,61984,61709,7307,69016,572
2022-02-22,Plumas,063,18699,2931,2659,357,3016,13
2022-02-22,Riverside,065,2383286,586842,583969,27772,611741,6097
2022-02-22,Sacramento,067,1510023,277508,271789,26823,298612,2775
2022-02-22,San Benito,069,59416,12752,12742,505,13247,92
2022-02-22,San Bernardino,071,2135413,564330,554903,24842,579745,6451
2022-02-22,San Diego,073,3302833,741183,734536,51457,785993,4974
2022-02-22,San Francisco,075,870044,121094,121954,8119,130073,769
2022-02-22,San Joaquin,077,732212,164610,164111,9882,173993,2040
2022-02-22,San Luis Obispo,079,281455,51529,51193,3686,54879,431
2022-02-22,San Mateo,081,765935,119209,117418,6838,124256,603
2022-02-22,Santa Barbara,083,443738,84706,84701,4710,89411,650
2022-02-22,Santa Clara,085,1922200,304657,305045,12176,317221,2155
2022-02-22,Santa Cruz,087,273765,46511,45958,2095,48053,251
2022-02-22,Shasta,089,179085,30117,30024,6040,36064,479
2022-02-22,Sierra,091,2930,271,269,46,315,0
2022-02-22,Siskiyou,093,43540,4382,4350,2692,7042,70
2022-02-22,Solano,095,438530,80050,79968,5488,85456,425
2022-02-22,Sonoma,097,501317,82099,81412,2523,83935,431
2022-02-22,Stanislaus,099,539301,116218,116676,17333,134009,1475
2022-02-22,Sutter,101,95872,20213,20164,2013,22177,210
2022-02-22,Tehama,103,63373,11906,11852,2600,14452,152
2022-02-22,Trinity,105,12862,1171,1147,291,1438,20
2022-02-22,Tulare,107,460477,105448,102717,28137,130854,1287
2022-02-22,Tuolumne,109,53932,12467,12136,551,12687,175
2022-02-22,Ventura,111,848112,171395,171064,9278,180342,1401
2022-02-22,Yolo,113,214977,36331,35527,3116,38643,292
2022-02-22,Yuba,115,75493,15622,15550,1174,16724,110
2022-02-21,Alameda,001,1643700,250745,247434,13508,260942,1704
2022-02-21,Alpine,003,1148,122,124,1,125,0
2022-02-21,Amador,005,37829,8331,8246,640,8886,79
2022-02-21,Butte,007,227075,32514,32356,6520,38876,366
2022-02-21,Calaveras,009,45235,7155,7175,344,7519,107
2022-02-21,Colusa,011,21464,3410,3401,1061,4462,21
2022-02-21,Contra Costa,013,1133247,185333,183701,12850,196551,1201
2022-02-21,Del Norte,015,27424,5592,5601,177,5778,45
2022-02-21,El Dorado,017,186661,26369,26273,3182,29455,189
2022-02-21,Fresno,019,978130,228003,224923,23623,248546,2592
2022-02-21,Glenn,021,27897,4918,4897,1589,6486,40
2022-02-21,Humboldt,023,135768,16521,16548,2878,19426,132
2022-02-21,Imperial,025,180216,54797,54208,10682,64890,864
2022-02-21,Inyo,027,18085,4035,4023,463,4486,54
2022-02-21,Kern,029,883053,189883,188188,45717,233905,2102
2022-02-21,Kings,031,150075,50739,50188,3567,53755,422
2022-02-21,Lake,033,64148,10435,10334,873,11207,126
2022-02-21,Lassen,035,31185,8802,8705,876,9581,55
2022-02-21,Los Angeles,037,10098052,2681517,2656873,122907,2779780,30108
2022-02-21,Madera,039,155013,36836,36796,5988,42784,330
2022-02-21,Marin,041,260295,32702,32570,2171,34741,258
2022-02-21,Mariposa,043,17540,2334,2321,194,2515,6
2022-02-21,Mendocino,045,87422,12817,12706,2940,15646,110
2022-02-21,Merced,047,269075,61401,61209,8451,69660,770
2022-02-21,Modoc,049,8938,724,718,248,966,6
2022-02-21,Mono,051,14174,2954,2960,119,3079,5
2022-02-21,Monterey,053,433212,78299,77354,13278,90632,690
2022-02-21,Napa,055,140530,25152,25126,934,26060,128
2022-02-21,Nevada,057,99092,15727,15810,1163,16973,121
2022-02-21,Orange,059,3164182,540880,539068,40863,579931,6502
2022-02-21,Placer,061,380077,61930,61727,7303,69030,572
2022-02-21,Plumas,063,18699,2927,2657,352,3009,13
2022-02-21,Riverside,065,2383286,586474,583712,27723,611435,6097
2022-02-21,Sacramento,067,1510023,277254,271588,26790,298378,2769
2022-02-21,San Benito,069,59416,12739,12731,505,13236,92
2022-02-21,San Bernardino,071,2135413,564091,554662,24820,579482,6441
2022-02-21,San Diego,073,3302833,740570,732298,51385,783683,4974
2022-02-21,San Francisco,075,870044,120913,121865,8115,129980,769
2022-02-21,San Joaquin,077,732212,164466,164036,9871,173907,2040
2022-02-21,San Luis Obispo,079,281455,51438,51184,3679,54863,429
2022-02-21,San Mateo,081,765935,119116,117259,6830,124089,605
2022-02-21,Santa Barbara,083,443738,84629,84626,4702,89328,650
2022-02-21,Santa Clara,085,1922200,304329,304858,12170,317028,2158
2022-02-21,Santa Cruz,087,273765,46385,45941,2094,48035,251
2022-02-21,Shasta,089,179085,30071,30004,6032,36036,479
2022-02-21,Sierra,091,2930,271,269,46,315,0
2022-02-21,Siskiyou,093,43540,4370,4337,2687,7024,70
2022-02-21,Solano,095,438530,79957,79906,5482,85388,425
2022-02-21,Sonoma,097,501317,81986,81361,2517,83878,431
2022-02-21,Stanislaus,099,539301,116106,116597,17309,133906,1475
2022-02-21,Sutter,101,95872,20187,20152,2011,22163,210
2022-02-21,Tehama,103,63373,11893,11842,2599,14441,152
2022-02-21,Trinity,105,12862,1170,1147,291,1438,20
2022-02-21,Tulare,107,460477,105351,102614,28090,130704,1287
2022-02-21,Tuolumne,109,53932,12456,12126,548,12674,175
2022-02-21,Ventura,111,848112,171256,170939,9269,180208,1401
2022-02-21,Yolo,113,214977,36288,35518,3107,38625,292
2022-02-21,Yuba,115,75493,15603,15546,1165,16711,110
2022-02-20,Alameda,001,1643700,250515,246028,13499,259527,1700
2022-02-20,Alpine,003,1148,122,124,1,125,0
2022-02-20,Amador,005,37829,8320,8203,640,8843,79
2022-02-20,Butte,007,227075,32485,32173,6515,38688,364
2022-02-20,Calaveras,009,45235,7152,7136,343,7479,107
2022-02-20,Colusa,011,21464,3407,3389,1060,4449,21
2022-02-20,Contra Costa,013,1133247,185205,182797,12845,195642,1190
2022-02-20,Del Norte,015,27424,5577,5511,177,5688,45
2022-02-20,El Dorado,017,186661,26348,26101,3181,29282,189
2022-02-20,Fresno,019,978130,227812,223594,23607,247201,2544
2022-02-20,Glenn,021,27897,4915,4881,1589,6470,39
2022-02-20,Humboldt,023,135768,16509,16393,2874,19267,132
2022-02-20,Imperial,025,180216,54732,53967,10669,64636,862
2022-02-20,Inyo,027,18085,4035,4018,462,4480,52
2022-02-20,Kern,029,883053,189748,187158,45673,232831,2095
2022-02-20,Kings,031,150075,50711,49724,3563,53287,421
2022-02-20,Lake,033,64148,10402,10184,872,11056,126
2022-02-20,Lassen,035,31185,8790,8640,876,9516,55
2022-02-20,Los Angeles,037,10098052,2680191,2642878,122821,2765699,29842
2022-02-20,Madera,039,155013,36805,36526,5984,42510,330
2022-02-20,Marin,041,260295,32685,32441,2170,34611,258
2022-02-20,Mariposa,043,17540,2328,2310,192,2502,6
2022-02-20,Mendocino,045,87422,12807,12625,2937,15562,110
2022-02-20,Merced,047,269075,61373,60886,8449,69335,769
2022-02-20,Modoc,049,8938,723,714,248,962,6
2022-02-20,Mono,051,14174,2954,2956,119,3075,5
2022-02-20,Monterey,053,433212,78239,76765,13264,90029,682
2022-02-20,Napa,055,140530,25130,24970,932,25902,127
2022-02-20,Nevada,057,99092,15716,15715,1162,16877,121
2022-02-20,Orange,059,3164182,540561,538019,40827,578846,6416
2022-02-20,Placer,061,380077,61898,61417,7295,68712,560
2022-02-20,Plumas,063,18699,2923,2646,350,2996,13
2022-02-20,Riverside,065,2383286,586206,581788,27695,609483,6087
2022-02-20,Sacramento,067,1510023,277075,270080,26765,296845,2747
2022-02-20,San Benito,069,59416,12736,12665,505,13170,92
2022-02-20,San Bernardino,071,2135413,563885,553151,24802,577953,6400
2022-02-20,San Diego,073,3302833,739999,729549,51331,780880,4947
2022-02-20,San Francisco,075,870044,120773,121197,8105,129302,756
2022-02-20,San Joaquin,077,732212,164347,163083,9860,172943,2033
2022-02-20,San Luis Obispo,079,281455,51409,50823,3675,54498,424
2022-02-20,San Mateo,081,765935,119042,116648,6822,123470,598
2022-02-20,Santa Barbara,083,443738,84585,83988,4700,88688,642
2022-02-20,Santa Clara,085,1922200,304049,303077,12162,315239,2138
2022-02-20,Santa Cruz,087,273765,46319,45532,2091,47623,250
2022-02-20,Shasta,089,179085,30041,29847,6025,35872,479
2022-02-20,Sierra,091,2930,271,269,46,315,0
2022-02-20,Siskiyou,093,43540,4365,4307,2686,6993,70
2022-02-20,Solano,095,438530,79882,78914,5477,84391,424
2022-02-20,Sonoma,097,501317,81911,80843,2514,83357,431
2022-02-20,Stanislaus,099,539301,116039,115976,17292,133268,1454
2022-02-20,Sutter,101,95872,20175,20060,2008,22068,210
2022-02-20,Tehama,103,63373,11881,11760,2596,14356,152
2022-02-20,Trinity,105,12862,1169,1130,291,1421,20
2022-02-20,Tulare,107,460477,105263,101996,28063,130059,1286
2022-02-20,Tuolumne,109,53932,12435,12036,547,12583,175
2022-02-20,Ventura,111,848112,171160,170331,9263,179594,1384
2022-02-20,Yolo,113,214977,36262,35363,3104,38467,293
2022-02-20,Yuba,115,75493,15588,15449,1164,16613,112
2022-02-19,Alameda,001,1643700,250340,246028,13496,259524,1700
2022-02-19,Alpine,003,1148,122,124,1,125,0
2022-02-19,Amador,005,37829,8316,8203,640,8843,79
2022-02-19,Butte,007,227075,32461,32173,6512,38685,364
2022-02-19,Calaveras,009,45235,7152,7136,343,7479,107
2022-02-19,Colusa,011,21464,3406,3389,1058,4447,21
2022-02-19,Contra Costa,013,1133247,185108,182797,12844,195641,1190
2022-02-19,Del Norte,015,27424,5567,5511,176,5687,45
2022-02-19,El Dorado,017,186661,26330,26101,3179,29280,189
2022-02-19,Fresno,019,978130,227696,223594,23598,247192,2544
2022-02-19,Glenn,021,27897,4911,4881,1589,6470,39
2022-02-19,Humboldt,023,135768,16494,16393,2874,19267,132
2022-02-19,Imperial,025,180216,54716,53967,10663,64630,862
2022-02-19,Inyo,027,18085,4034,4018,461,4479,52
2022-02-19,Kern,029,883053,189645,187158,45648,232806,2095
2022-02-19,Kings,031,150075,50688,49724,3561,53285,421
2022-02-19,Lake,033,64148,10393,10184,872,11056,126
2022-02-19,Lassen,035,31185,8778,8640,875,9515,55
2022-02-19,Los Angeles,037,10098052,2679397,2642878,122780,2765658,29842
2022-02-19,Madera,039,155013,36783,36526,5983,42509,330
2022-02-19,Marin,041,260295,32662,32441,2169,34610,258
2022-02-19,Mariposa,043,17540,2325,2310,192,2502,6
2022-02-19,Mendocino,045,87422,12797,12625,2937,15562,110
2022-02-19,Merced,047,269075,61328,60886,8445,69331,769
2022-02-19,Modoc,049,8938,723,714,247,961,6
2022-02-19,Mono,051,14174,2953,2956,119,3075,5
2022-02-19,Monterey,053,433212,78150,76765,13253,90018,682
2022-02-19,Napa,055,140530,25120,24970,932,25902,127
2022-02-19,Nevada,057,99092,15708,15715,1162,16877,121
2022-02-19,Orange,059,3164182,540359,538019,40802,578821,6416
2022-02-19,Placer,061,380077,61851,61417,7294,68711,560
2022-02-19,Plumas,063,18699,2922,2646,350,2996,13
2022-02-19,Riverside,065,2383286,586023,581788,27682,609470,6087
2022-02-19,Sacramento,067,1510023,276933,270080,26754,296834,2747
2022-02-19,San Benito,069,59416,12723,12665,504,13169,92
2022-02-19,San Bernardino,071,2135413,563722,553151,24795,577946,6400
2022-02-19,San Diego,073,3302833,739655,729549,51289,780838,4947
2022-02-19,San Francisco,075,870044,120687,121197,8101,129298,756
2022-02-19,San Joaquin,077,732212,164273,163083,9849,172932,2033
2022-02-19,San Luis Obispo,079,281455,51396,50823,3671,54494,424
2022-02-19,San Mateo,081,765935,119001,116648,6820,123468,598
2022-02-19,Santa Barbara,083,443738,84518,83988,4699,88687,642
2022-02-19,Santa Clara,085,1922200,303855,303077,12160,315237,2138
2022-02-19,Santa Cruz,087,273765,46281,45532,2089,47621,250
2022-02-19,Shasta,089,179085,30027,29847,6022,35869,479
2022-02-19,Sierra,091,2930,271,269,46,315,0
2022-02-19,Siskiyou,093,43540,4362,4307,2686,6993,70
2022-02-19,Solano,095,438530,79840,78914,5476,84390,424
2022-02-19,Sonoma,097,501317,81869,80843,2514,83357,431
2022-02-19,Stanislaus,099,539301,115968,115976,17286,133262,1454
2022-02-19,Sutter,101,95872,20167,20060,2008,22068,210
2022-02-19,Tehama,103,63373,11874,11760,2596,14356,152
2022-02-19,Trinity,105,12862,1167,1130,291,1421,20
2022-02-19,Tulare,107,460477,105215,101996,28037,130033,1286
2022-02-19,Tuolumne,109,53932,12426,12036,547,12583,175
2022-02-19,Ventura,111,848112,171085,170331,9259,179590,1384
2022-02-19,Yolo,113,214977,36231,35363,3100,38463,293
2022-02-19,Yuba,115,75493,15579,15449,1164,16613,112
2022-02-18,Alameda,001,1643700,250173,246028,13488,259516,1700
2022-02-18,Alpine,003,1148,121,124,1,125,0
2022-02-18,Amador,005,37829,8309,8203,638,8841,79
2022-02-18,Butte,007,227075,32440,32173,6506,38679,364
2022-02-18,Calaveras,009,45235,7147,7136,342,7478,107
2022-02-18,Colusa,011,21464,3404,3389,1058,4447,21
2022-02-18,Contra Costa,013,1133247,185001,182797,12838,195635,1190
2022-02-18,Del Norte,015,27424,5555,5511,176,5687,45
2022-02-18,El Dorado,017,186661,26319,26101,3179,29280,189
2022-02-18,Fresno,019,978130,227508,223594,23586,247180,2544
2022-02-18,Glenn,021,27897,4910,4881,1588,6469,39
2022-02-18,Humboldt,023,135768,16477,16393,2869,19262,132
2022-02-18,Imperial,025,180216,54690,53967,10652,64619,862
2022-02-18,Inyo,027,18085,4032,4018,461,4479,52
2022-02-18,Kern,029,883053,189533,187158,45603,232761,2095
2022-02-18,Kings,031,150075,50601,49724,3561,53285,421
2022-02-18,Lake,033,64148,10376,10184,870,11054,126
2022-02-18,Lassen,035,31185,8758,8640,874,9514,55
2022-02-18,Los Angeles,037,10098052,2678413,2642878,122725,2765603,29842
2022-02-18,Madera,039,155013,36760,36526,5981,42507,330
2022-02-18,Marin,041,260295,32644,32441,2167,34608,258
2022-02-18,Mariposa,043,17540,2323,2310,192,2502,6
2022-02-18,Mendocino,045,87422,12787,12625,2937,15562,110
2022-02-18,Merced,047,269075,61286,60886,8435,69321,769
2022-02-18,Modoc,049,8938,723,714,247,961,6
2022-02-18,Mono,051,14174,2953,2956,119,3075,5
2022-02-18,Monterey,053,433212,78077,76765,13245,90010,682
2022-02-18,Napa,055,140530,25102,24970,932,25902,127
2022-02-18,Nevada,057,99092,15700,15715,1162,16877,121
2022-02-18,Orange,059,3164182,540121,538019,40763,578782,6416
2022-02-18,Placer,061,380077,61822,61417,7286,68703,560
2022-02-18,Plumas,063,18699,2919,2646,350,2996,13
2022-02-18,Riverside,065,2383286,585842,581788,27673,609461,6087
2022-02-18,Sacramento,067,1510023,276742,270080,26746,296826,2747
2022-02-18,San Benito,069,59416,12715,12665,504,13169,92
2022-02-18,San Bernardino,071,2135413,563544,553151,24790,577941,6400
2022-02-18,San Diego,073,3302833,739232,729549,51266,780815,4947
2022-02-18,San Francisco,075,870044,120599,121197,8093,129290,756
2022-02-18,San Joaquin,077,732212,164203,163083,9841,172924,2033
2022-02-18,San Luis Obispo,079,281455,51380,50823,3668,54491,424
2022-02-18,San Mateo,081,765935,118936,116648,6817,123465,598
2022-02-18,Santa Barbara,083,443738,84478,83988,4697,88685,642
2022-02-18,Santa Clara,085,1922200,303619,303077,12159,315236,2138
2022-02-18,Santa Cruz,087,273765,46247,45532,2088,47620,250
2022-02-18,Shasta,089,179085,30014,29847,6021,35868,479
2022-02-18,Sierra,091,2930,271,269,46,315,0
2022-02-18,Siskiyou,093,43540,4359,4307,2684,6991,70
2022-02-18,Solano,095,438530,79770,78914,5475,84389,424
2022-02-18,Sonoma,097,501317,81812,80843,2513,83356,431
2022-02-18,Stanislaus,099,539301,115918,115976,17272,133248,1454
2022-02-18,Sutter,101,95872,20155,20060,2008,22068,210
2022-02-18,Tehama,103,63373,11863,11760,2596,14356,152
2022-02-18,Trinity,105,12862,1166,1130,290,1420,20
2022-02-18,Tulare,107,460477,105165,101996,27993,129989,1286
2022-02-18,Tuolumne,109,53932,12420,12036,546,12582,175
2022-02-18,Ventura,111,848112,170995,170331,9255,179586,1384
2022-02-18,Yolo,113,214977,36203,35363,3098,38461,293
2022-02-18,Yuba,115,75493,15564,15449,1164,16613,112
2022-02-17,Alameda,001,1643700,249911,246028,13467,259495,1700
2022-02-17,Alpine,003,1148,121,124,1,125,0
2022-02-17,Amador,005,37829,8305,8203,636,8839,79
2022-02-17,Butte,007,227075,32402,32173,6501,38674,364
2022-02-17,Calaveras,009,45235,7138,7136,339,7475,107
2022-02-17,Colusa,011,21464,3401,3389,1058,4447,21
2022-02-17,Contra Costa,013,1133247,184805,182797,12804,195601,1190
2022-02-17,Del Norte,015,27424,5534,5511,176,5687,45
2022-02-17,El Dorado,017,186661,26294,26101,3169,29270,189
2022-02-17,Fresno,019,978130,227215,223594,23555,247149,2544
2022-02-17,Glenn,021,27897,4908,4881,1585,6466,39
2022-02-17,Humboldt,023,135768,16437,16393,2868,19261,132
2022-02-17,Imperial,025,180216,54618,53967,10635,64602,862
2022-02-17,Inyo,027,18085,4030,4018,460,4478,52
2022-02-17,Kern,029,883053,189379,187158,45553,232711,2095
2022-02-17,Kings,031,150075,50537,49724,3555,53279,421
2022-02-17,Lake,033,64148,10346,10184,866,11050,126
2022-02-17,Lassen,035,31185,8748,8640,872,9512,55
2022-02-17,Los Angeles,037,10098052,2676574,2642878,122644,2765522,29842
2022-02-17,Madera,039,155013,36717,36526,5974,42500,330
2022-02-17,Marin,041,260295,32618,32441,2165,34606,258
2022-02-17,Mariposa,043,17540,2321,2310,191,2501,6
2022-02-17,Mendocino,045,87422,12770,12625,2934,15559,110
2022-02-17,Merced,047,269075,61212,60886,8417,69303,769
2022-02-17,Modoc,049,8938,722,714,247,961,6
2022-02-17,Mono,051,14174,2951,2956,119,3075,5
2022-02-17,Monterey,053,433212,77965,76765,13203,89968,682
2022-02-17,Napa,055,140530,25070,24970,930,25900,127
2022-02-17,Nevada,057,99092,15688,15715,1161,16876,121
2022-02-17,Orange,059,3164182,539783,538019,40735,578754,6416
2022-02-17,Placer,061,380077,61780,61417,7278,68695,560
2022-02-17,Plumas,063,18699,2916,2646,350,2996,13
2022-02-17,Riverside,065,2383286,585463,581788,27646,609434,6087
2022-02-17,Sacramento,067,1510023,276456,270080,26698,296778,2747
2022-02-17,San Benito,069,59416,12704,12665,504,13169,92
2022-02-17,San Bernardino,071,2135413,563244,553151,24776,577927,6400
2022-02-17,San Diego,073,3302833,738637,729549,51220,780769,4947
2022-02-17,San Francisco,075,870044,120465,121197,8082,129279,756
2022-02-17,San Joaquin,077,732212,164039,163083,9827,172910,2033
2022-02-17,San Luis Obispo,079,281455,51275,50823,3660,54483,424
2022-02-17,San Mateo,081,765935,118842,116648,6808,123456,598
2022-02-17,Santa Barbara,083,443738,84378,83988,4689,88677,642
2022-02-17,Santa Clara,085,1922200,303254,303077,12144,315221,2138
2022-02-17,Santa Cruz,087,273765,46166,45532,2086,47618,250
2022-02-17,Shasta,089,179085,29987,29847,6018,35865,479
2022-02-17,Sierra,091,2930,271,269,46,315,0
2022-02-17,Siskiyou,093,43540,4350,4307,2680,6987,70
2022-02-17,Solano,095,438530,79689,78914,5467,84381,424
2022-02-17,Sonoma,097,501317,81746,80843,2506,83349,431
2022-02-17,Stanislaus,099,539301,115815,115976,17255,133231,1454
2022-02-17,Sutter,101,95872,20140,20060,2000,22060,210
2022-02-17,Tehama,103,63373,11855,11760,2595,14355,152
2022-02-17,Trinity,105,12862,1164,1130,288,1418,20
2022-02-17,Tulare,107,460477,105052,101996,27967,129963,1286
2022-02-17,Tuolumne,109,53932,12409,12036,546,12582,175
2022-02-17,Ventura,111,848112,170855,170331,9254,179585,1384
2022-02-17,Yolo,113,214977,36165,35363,3097,38460,293
2022-02-17,Yuba,115,75493,15549,15449,1164,16613,112
2022-02-16,Alameda,001,1643700,249600,245662,13428,259090,1691
2022-02-16,Alpine,003,1148,121,124,1,125,0
2022-02-16,Amador,005,37829,8287,8197,634,8831,77
2022-02-16,Butte,007,227075,32359,32095,6489,38584,363
2022-02-16,Calaveras,009,45235,7134,7129,336,7465,107
2022-02-16,Colusa,011,21464,3396,3384,1058,4442,21
2022-02-16,Contra Costa,013,1133247,184569,182423,12767,195190,1179
2022-02-16,Del Norte,015,27424,5515,5473,172,5645,45
2022-02-16,El Dorado,017,186661,26267,26061,3165,29226,189
2022-02-16,Fresno,019,978130,226855,223056,23504,246560,2542
2022-02-16,Glenn,021,27897,4904,4873,1580,6453,39
2022-02-16,Humboldt,023,135768,16413,16342,2857,19199,132
2022-02-16,Imperial,025,180216,54540,53901,10604,64505,861
2022-02-16,Inyo,027,18085,4027,4013,457,4470,52
2022-02-16,Kern,029,883053,189161,186740,45462,232202,2084
2022-02-16,Kings,031,150075,50484,49575,3546,53121,420
2022-02-16,Lake,033,64148,10320,10145,866,11011,125
2022-02-16,Lassen,035,31185,8715,8618,872,9490,55
2022-02-16,Los Angeles,037,10098052,2674483,2640005,122532,2762537,29749
2022-02-16,Madera,039,155013,36649,36382,5959,42341,330
2022-02-16,Marin,041,260295,32582,32381,2162,34543,257
2022-02-16,Mariposa,043,17540,2319,2305,191,2496,6
2022-02-16,Mendocino,045,87422,12748,12605,2924,15529,108
2022-02-16,Merced,047,269075,61146,60776,8384,69160,767
2022-02-16,Modoc,049,8938,722,711,243,954,6
2022-02-16,Mono,051,14174,2949,2953,119,3072,5
2022-02-16,Monterey,053,433212,77817,76624,13162,89786,682
2022-02-16,Napa,055,140530,25031,24897,927,25824,128
2022-02-16,Nevada,057,99092,15671,15677,1157,16834,121
2022-02-16,Orange,059,3164182,539381,537934,40690,578624,6392
2022-02-16,Placer,061,380077,61736,61278,7265,68543,556
2022-02-16,Plumas,063,18699,2913,2644,348,2992,13
2022-02-16,Riverside,065,2383286,585064,580828,27599,608427,6064
2022-02-16,Sacramento,067,1510023,276131,269416,26642,296058,2736
2022-02-16,San Benito,069,59416,12677,12644,504,13148,92
2022-02-16,San Bernardino,071,2135413,562970,552353,24751,577104,6379
2022-02-16,San Diego,073,3302833,737879,728610,51147,779757,4931
2022-02-16,San Francisco,075,870044,120292,120987,8077,129064,756
2022-02-16,San Joaquin,077,732212,163870,162752,9817,172569,2032
2022-02-16,San Luis Obispo,079,281455,51203,50704,3647,54351,425
2022-02-16,San Mateo,081,765935,118724,116438,6790,123228,595
2022-02-16,Santa Barbara,083,443738,84302,83968,4676,88644,642
2022-02-16,Santa Clara,085,1922200,302869,302439,12109,314548,2130
2022-02-16,Santa Cruz,087,273765,46076,45274,2084,47358,250
2022-02-16,Shasta,089,179085,29949,29767,6006,35773,477
2022-02-16,Sierra,091,2930,270,269,46,315,0
2022-02-16,Siskiyou,093,43540,4343,4302,2674,6976,71
2022-02-16,Solano,095,438530,79574,78742,5460,84202,422
2022-02-16,Sonoma,097,501317,81619,80642,2496,83138,431
2022-02-16,Stanislaus,099,539301,115696,115751,17224,132975,1443
2022-02-16,Sutter,101,95872,20123,20020,1997,22017,210
2022-02-16,Tehama,103,63373,11838,11738,2593,14331,152
2022-02-16,Trinity,105,12862,1164,1130,287,1417,20
2022-02-16,Tulare,107,460477,104932,101817,27914,129731,1281
2022-02-16,Tuolumne,109,53932,12397,11991,545,12536,171
2022-02-16,Ventura,111,848112,170718,170117,9246,179363,1372
2022-02-16,Yolo,113,214977,36114,35284,3094,38378,292
2022-02-16,Yuba,115,75493,15527,15405,1161,16566,110
2022-02-15,Alameda,001,1643700,249248,245265,13398,258663,1683
2022-02-15,Alpine,003,1148,121,124,1,125,0
2022-02-15,Amador,005,37829,8277,8183,633,8816,77
2022-02-15,Butte,007,227075,32310,32011,6475,38486,361
2022-02-15,Calaveras,009,45235,7124,7115,336,7451,106
2022-02-15,Colusa,011,21464,3388,3374,1057,4431,21
2022-02-15,Contra Costa,013,1133247,184311,182041,12735,194776,1179
2022-02-15,Del Norte,015,27424,5488,5439,170,5609,45
2022-02-15,El Dorado,017,186661,26248,25988,3160,29148,189
2022-02-15,Fresno,019,978130,226479,222673,23439,246112,2543
2022-02-15,Glenn,021,27897,4895,4862,1579,6441,39
2022-02-15,Humboldt,023,135768,16369,16297,2842,19139,132
2022-02-15,Imperial,025,180216,54477,53813,10589,64402,860
2022-02-15,Inyo,027,18085,4026,4009,456,4465,52
2022-02-15,Kern,029,883053,188940,186324,45371,231695,2072
2022-02-15,Kings,031,150075,50391,49473,3537,53010,418
2022-02-15,Lake,033,64148,10288,10112,860,10972,123
2022-02-15,Lassen,035,31185,8701,8587,870,9457,55
2022-02-15,Los Angeles,037,10098052,2672225,2638266,122397,2760663,29691
2022-02-15,Madera,039,155013,36582,36260,5938,42198,330
2022-02-15,Marin,041,260295,32540,32355,2160,34515,255
2022-02-15,Mariposa,043,17540,2318,2302,191,2493,6
2022-02-15,Mendocino,045,87422,12731,12580,2905,15485,108
2022-02-15,Merced,047,269075,61063,60674,8353,69027,763
2022-02-15,Modoc,049,8938,720,710,240,950,6
2022-02-15,Mono,051,14174,2948,2952,119,3071,5
2022-02-15,Monterey,053,433212,77691,75530,13102,88632,682
2022-02-15,Napa,055,140530,24981,24832,920,25752,127
2022-02-15,Nevada,057,99092,15645,15643,1156,16799,121
2022-02-15,Orange,059,3164182,538922,537478,40646,578124,6374
2022-02-15,Placer,061,380077,61675,61170,7254,68424,554
2022-02-15,Plumas,063,18699,2909,2638,348,2986,13
2022-02-15,Riverside,065,2383286,584577,579940,27539,607479,6049
2022-02-15,Sacramento,067,1510023,275742,268950,26562,295512,2721
2022-02-15,San Benito,069,59416,12658,12616,504,13120,91
2022-02-15,San Bernardino,071,2135413,562607,551803,24729,576532,6372
2022-02-15,San Diego,073,3302833,736919,727486,51056,778542,4914
2022-02-15,San Francisco,075,870044,120121,120759,8065,128824,756
2022-02-15,San Joaquin,077,732212,163651,162518,9803,172321,2021
2022-02-15,San Luis Obispo,079,281455,51106,50534,3632,54166,419
2022-02-15,San Mateo,081,765935,118588,116253,6768,123021,595
2022-02-15,Santa Barbara,083,443738,84167,83734,4662,88396,640
2022-02-15,Santa Clara,085,1922200,302377,301831,12070,313901,2130
2022-02-15,Santa Cruz,087,273765,45972,45171,2079,47250,250
2022-02-15,Shasta,089,179085,29898,29684,5992,35676,477
2022-02-15,Sierra,091,2930,270,269,46,315,0
2022-02-15,Siskiyou,093,43540,4336,4288,2667,6955,70
2022-02-15,Solano,095,438530,79441,78626,5453,84079,426
2022-02-15,Sonoma,097,501317,81498,80433,2490,82923,431
2022-02-15,Stanislaus,099,539301,115555,115549,17191,132740,1429
2022-02-15,Sutter,101,95872,20095,19980,1992,21972,208
2022-02-15,Tehama,103,63373,11820,11717,2591,14308,151
2022-02-15,Trinity,105,12862,1158,1125,284,1409,20
2022-02-15,Tulare,107,460477,104777,101645,27855,129500,1278
2022-02-15,Tuolumne,109,53932,12378,11945,543,12488,171
2022-02-15,Ventura,111,848112,170544,169942,9238,179180,1372
2022-02-15,Yolo,113,214977,36063,35241,3084,38325,289
2022-02-15,Yuba,115,75493,15499,15372,1156,16528,109
2022-02-14,Alameda,001,1643700,248813,244315,13365,257680,1677
2022-02-14,Alpine,003,1148,121,125,1,126,0
2022-02-14,Amador,005,37829,8262,8164,630,8794,77
2022-02-14,Butte,007,227075,32253,31946,6460,38406,360
2022-02-14,Calaveras,009,45235,7111,7097,334,7431,106
2022-02-14,Colusa,011,21464,3385,3367,1053,4420,21
2022-02-14,Contra Costa,013,1133247,184026,181753,12696,194449,1167
2022-02-14,Del Norte,015,27424,5466,5426,169,5595,45
2022-02-14,El Dorado,017,186661,26213,25915,3151,29066,188
2022-02-14,Fresno,019,978130,225999,222360,23349,245709,2538
2022-02-14,Glenn,021,27897,4889,4854,1579,6433,39
2022-02-14,Humboldt,023,135768,16329,16264,2817,19081,132
2022-02-14,Imperial,025,180216,54406,53765,10560,64325,860
2022-02-14,Inyo,027,18085,4025,4010,455,4465,52
2022-02-14,Kern,029,883053,188596,186037,45262,231299,2063
2022-02-14,Kings,031,150075,50285,49395,3528,52923,419
2022-02-14,Lake,033,64148,10251,10090,857,10947,123
2022-02-14,Lassen,035,31185,8691,8539,868,9407,55
2022-02-14,Los Angeles,037,10098052,2669644,2636064,122268,2758332,29650
2022-02-14,Madera,039,155013,36517,36194,5915,42109,330
2022-02-14,Marin,041,260295,32504,32304,2157,34461,255
2022-02-14,Mariposa,043,17540,2311,2295,191,2486,6
2022-02-14,Mendocino,045,87422,12704,12541,2873,15414,108
2022-02-14,Merced,047,269075,60974,60591,8308,68899,758
2022-02-14,Modoc,049,8938,715,707,240,947,6
2022-02-14,Mono,051,14174,2947,2954,119,3073,5
2022-02-14,Monterey,053,433212,77519,75407,13018,88425,678
2022-02-14,Napa,055,140530,24922,24776,920,25696,127
2022-02-14,Nevada,057,99092,15626,15629,1155,16784,121
2022-02-14,Orange,059,3164182,538416,536924,40580,577504,6355
2022-02-14,Placer,061,380077,61605,61123,7239,68362,554
2022-02-14,Plumas,063,18699,2907,2631,348,2979,13
2022-02-14,Riverside,065,2383286,584031,579174,27469,606643,5994
2022-02-14,Sacramento,067,1510023,275302,268547,26448,294995,2717
2022-02-14,San Benito,069,59416,12634,12598,503,13101,91
2022-02-14,San Bernardino,071,2135413,562192,551338,24709,576047,6372
2022-02-14,San Diego,073,3302833,735952,723902,50963,774865,4894
2022-02-14,San Francisco,075,870044,119931,120581,8055,128636,756
2022-02-14,San Joaquin,077,732212,163411,162363,9780,172143,2018
2022-02-14,San Luis Obispo,079,281455,50997,50465,3622,54087,416
2022-02-14,San Mateo,081,765935,118423,116129,6759,122888,592
2022-02-14,Santa Barbara,083,443738,84021,83697,4652,88349,636
2022-02-14,Santa Clara,085,1922200,301841,301319,12046,313365,2127
2022-02-14,Santa Cruz,087,273765,45809,45042,2075,47117,250
2022-02-14,Shasta,089,179085,29812,29595,5974,35569,474
2022-02-14,Sierra,091,2930,270,269,46,315,0
2022-02-14,Siskiyou,093,43540,4323,4278,2653,6931,69
2022-02-14,Solano,095,438530,79262,78533,5441,83974,427
2022-02-14,Sonoma,097,501317,81354,80336,2480,82816,431
2022-02-14,Stanislaus,099,539301,115378,115426,17145,132571,1406
2022-02-14,Sutter,101,95872,20067,19957,1986,21943,209
2022-02-14,Tehama,103,63373,11797,11686,2590,14276,151
2022-02-14,Trinity,105,12862,1155,1123,284,1407,20
2022-02-14,Tulare,107,460477,104569,101448,27754,129202,1276
2022-02-14,Tuolumne,109,53932,12349,11920,540,12460,170
2022-02-14,Ventura,111,848112,170367,169725,9226,178951,1361
2022-02-14,Yolo,113,214977,36005,35112,3074,38186,286
2022-02-14,Yuba,115,75493,15469,15375,1152,16527,108
2022-02-13,Alameda,001,1643700,248321,243681,13330,257011,1677
2022-02-13,Alpine,003,1148,121,125,1,126,0
2022-02-13,Amador,005,37829,8233,8146,627,8773,77
2022-02-13,Butte,007,227075,32181,31865,6436,38301,360
2022-02-13,Calaveras,009,45235,7104,7083,331,7414,106
2022-02-13,Colusa,011,21464,3382,3366,1051,4417,21
2022-02-13,Contra Costa,013,1133247,183661,181313,12631,193944,1159
2022-02-13,Del Norte,015,27424,5433,5379,169,5548,45
2022-02-13,El Dorado,017,186661,26177,25871,3143,29014,188
2022-02-13,Fresno,019,978130,225459,221686,23282,244968,2537
2022-02-13,Glenn,021,27897,4879,4847,1576,6423,39
2022-02-13,Humboldt,023,135768,16282,16210,2789,18999,132
2022-02-13,Imperial,025,180216,54308,53658,10522,64180,860
2022-02-13,Inyo,027,18085,4022,4006,453,4459,52
2022-02-13,Kern,029,883053,188344,185640,45175,230815,2063
2022-02-13,Kings,031,150075,50158,49243,3514,52757,416
2022-02-13,Lake,033,64148,10188,10042,849,10891,123
2022-02-13,Lassen,035,31185,8665,8503,866,9369,55
2022-02-13,Los Angeles,037,10098052,2666476,2631267,122123,2753390,29595
2022-02-13,Madera,039,155013,36399,36054,5886,41940,330
2022-02-13,Marin,041,260295,32433,32222,2150,34372,255
2022-02-13,Mariposa,043,17540,2305,2292,189,2481,6
2022-02-13,Mendocino,045,87422,12675,12521,2832,15353,108
2022-02-13,Merced,047,269075,60832,60460,8254,68714,758
2022-02-13,Modoc,049,8938,713,704,233,937,6
2022-02-13,Mono,051,14174,2946,2949,119,3068,5
2022-02-13,Monterey,053,433212,77312,75295,12943,88238,678
2022-02-13,Napa,055,140530,24845,24743,917,25660,127
2022-02-13,Nevada,057,99092,15592,15590,1148,16738,121
2022-02-13,Orange,059,3164182,537788,536134,40518,576652,6355
2022-02-13,Placer,061,380077,61528,61020,7215,68235,554
2022-02-13,Plumas,063,18699,2899,2626,345,2971,13
2022-02-13,Riverside,065,2383286,583439,578363,27424,605787,5995
2022-02-13,Sacramento,067,1510023,274793,267947,26315,294262,2699
2022-02-13,San Benito,069,59416,12601,12578,502,13080,91
2022-02-13,San Bernardino,071,2135413,561704,550632,24675,575307,6367
2022-02-13,San Diego,073,3302833,734817,723902,50855,774757,4894
2022-02-13,San Francisco,075,870044,119679,120295,8043,128338,756
2022-02-13,San Joaquin,077,732212,163105,162028,9751,171779,2018
2022-02-13,San Luis Obispo,079,281455,50852,50384,3614,53998,415
2022-02-13,San Mateo,081,765935,118202,115876,6734,122610,592
2022-02-13,Santa Barbara,083,443738,83857,83547,4644,88191,635
2022-02-13,Santa Clara,085,1922200,301201,300412,12009,312421,2114
2022-02-13,Santa Cruz,087,273765,45654,44887,2073,46960,240
2022-02-13,Shasta,089,179085,29733,29531,5949,35480,474
2022-02-13,Sierra,091,2930,270,269,46,315,0
2022-02-13,Siskiyou,093,43540,4316,4264,2637,6901,69
2022-02-13,Solano,095,438530,79106,78424,5416,83840,426
2022-02-13,Sonoma,097,501317,81189,80172,2468,82640,431
2022-02-13,Stanislaus,099,539301,115182,115156,17104,132260,1406
2022-02-13,Sutter,101,95872,20028,19900,1986,21886,209
2022-02-13,Tehama,103,63373,11771,11644,2585,14229,151
2022-02-13,Trinity,105,12862,1152,1120,281,1401,20
2022-02-13,Tulare,107,460477,104350,101135,27660,128795,1276
2022-02-13,Tuolumne,109,53932,12324,11891,535,12426,170
2022-02-13,Ventura,111,848112,170173,169422,9206,178628,1361
2022-02-13,Yolo,113,214977,35938,35057,3062,38119,286
2022-02-13,Yuba,115,75493,15435,15346,1150,16496,107
2022-02-12,Alameda,001,1643700,248101,242137,13316,255453,1668
2022-02-12,Alpine,003,1148,121,124,1,125,0
2022-02-12,Amador,005,37829,8227,8091,627,8718,76
2022-02-12,Butte,007,227075,32154,31601,6431,38032,360
2022-02-12,Calaveras,009,45235,7101,7022,330,7352,106
2022-02-12,Colusa,011,21464,3379,3345,1051,4396,21
2022-02-12,Contra Costa,013,1133247,183470,180270,12624,192894,1141
2022-02-12,Del Norte,015,27424,5413,5262,169,5431,45
2022-02-12,El Dorado,017,186661,26161,25692,3143,28835,188
2022-02-12,Fresno,019,978130,225245,219909,23265,243174,2509
2022-02-12,Glenn,021,27897,4878,4818,1575,6393,39
2022-02-12,Humboldt,023,135768,16259,16058,2785,18843,132
2022-02-12,Imperial,025,180216,54264,53304,10511,63815,860
2022-02-12,Inyo,027,18085,4020,3991,453,4444,52
2022-02-12,Kern,029,883053,188233,184639,45138,229777,2037
2022-02-12,Kings,031,150075,50118,48893,3507,52400,415
2022-02-12,Lake,033,64148,10167,9926,844,10770,123
2022-02-12,Lassen,035,31185,8642,8477,865,9342,55
2022-02-12,Los Angeles,037,10098052,2665317,2616426,122046,2738472,29364
2022-02-12,Madera,039,155013,36365,35710,5879,41589,330
2022-02-12,Marin,041,260295,32401,32048,2147,34195,255
2022-02-12,Mariposa,043,17540,2305,2286,189,2475,6
2022-02-12,Mendocino,045,87422,12659,12439,2832,15271,107
2022-02-12,Merced,047,269075,60778,60187,8249,68436,758
2022-02-12,Modoc,049,8938,713,697,233,930,6
2022-02-12,Mono,051,14174,2945,2939,119,3058,5
2022-02-12,Monterey,053,433212,77251,74842,12918,87760,672
2022-02-12,Napa,055,140530,24817,24530,917,25447,124
2022-02-12,Nevada,057,99092,15579,15499,1146,16645,119
2022-02-12,Orange,059,3164182,537499,534503,40482,574985,6305
2022-02-12,Placer,061,380077,61470,60636,7212,67848,554
2022-02-12,Plumas,063,18699,2898,2617,344,2961,13
2022-02-12,Riverside,065,2383286,583077,575566,27400,602966,5961
2022-02-12,Sacramento,067,1510023,274556,266347,26306,292653,2686
2022-02-12,San Benito,069,59416,12589,12526,502,13028,91
2022-02-12,San Bernardino,071,2135413,561471,548822,24662,573484,6360
2022-02-12,San Diego,073,3302833,734319,720287,50809,771096,4854
2022-02-12,San Francisco,075,870044,119557,119113,8032,127145,740
2022-02-12,San Joaquin,077,732212,162975,161234,9745,170979,2014
2022-02-12,San Luis Obispo,079,281455,50816,50064,3610,53674,416
2022-02-12,San Mateo,081,765935,118114,115235,6726,121961,589
2022-02-12,Santa Barbara,083,443738,83771,83390,4634,88024,631
2022-02-12,Santa Clara,085,1922200,300863,298176,12001,310177,2093
2022-02-12,Santa Cruz,087,273765,45618,44447,2071,46518,239
2022-02-12,Shasta,089,179085,29704,29370,5945,35315,473
2022-02-12,Sierra,091,2930,270,268,46,314,0
2022-02-12,Siskiyou,093,43540,4309,4231,2634,6865,68
2022-02-12,Solano,095,438530,79064,77865,5413,83278,424
2022-02-12,Sonoma,097,501317,81084,79533,2466,81999,431
2022-02-12,Stanislaus,099,539301,115057,114531,17092,131623,1406
2022-02-12,Sutter,101,95872,20013,19800,1986,21786,211
2022-02-12,Tehama,103,63373,11756,11580,2585,14165,151
2022-02-12,Trinity,105,12862,1151,1115,281,1396,20
2022-02-12,Tulare,107,460477,104255,100434,27621,128055,1273
2022-02-12,Tuolumne,109,53932,12306,11754,535,12289,125
2022-02-12,Ventura,111,848112,170065,168736,9201,177937,1340
2022-02-12,Yolo,113,214977,35896,34773,3059,37832,286
2022-02-12,Yuba,115,75493,15421,15242,1149,16391,107
2022-02-11,Alameda,001,1643700,247821,242137,13302,255439,1668
2022-02-11,Alpine,003,1148,121,124,1,125,0
2022-02-11,Amador,005,37829,8215,8091,627,8718,76
2022-02-11,Butte,007,227075,32110,31601,6420,38021,360
2022-02-11,Calaveras,009,45235,7098,7022,330,7352,106
2022-02-11,Colusa,011,21464,3377,3345,1050,4395,21
2022-02-11,Contra Costa,013,1133247,183266,180270,12605,192875,1141
2022-02-11,Del Norte,015,27424,5398,5262,168,5430,45
2022-02-11,El Dorado,017,186661,26142,25692,3142,28834,188
2022-02-11,Fresno,019,978130,224949,219909,23247,243156,2509
2022-02-11,Glenn,021,27897,4874,4818,1575,6393,39
2022-02-11,Humboldt,023,135768,16230,16058,2780,18838,132
2022-02-11,Imperial,025,180216,54234,53304,10500,63804,860
2022-02-11,Inyo,027,18085,4016,3991,448,4439,52
2022-02-11,Kern,029,883053,188075,184639,45084,229723,2037
2022-02-11,Kings,031,150075,50078,48893,3506,52399,415
2022-02-11,Lake,033,64148,10142,9926,842,10768,123
2022-02-11,Lassen,035,31185,8602,8477,865,9342,55
2022-02-11,Los Angeles,037,10098052,2663689,2616426,121957,2738383,29364
2022-02-11,Madera,039,155013,36323,35710,5873,41583,330
2022-02-11,Marin,041,260295,32369,32048,2144,34192,255
2022-02-11,Mariposa,043,17540,2300,2286,189,2475,6
2022-02-11,Mendocino,045,87422,12643,12439,2832,15271,107
2022-02-11,Merced,047,269075,60728,60187,8242,68429,758
2022-02-11,Modoc,049,8938,711,697,233,930,6
2022-02-11,Mono,051,14174,2944,2939,119,3058,5
2022-02-11,Monterey,053,433212,77135,74842,12904,87746,672
2022-02-11,Napa,055,140530,24790,24530,917,25447,124
2022-02-11,Nevada,057,99092,15565,15499,1143,16642,119
2022-02-11,Orange,059,3164182,537148,534503,40418,574921,6305
2022-02-11,Placer,061,380077,61418,60636,7210,67846,554
2022-02-11,Plumas,063,18699,2894,2617,342,2959,13
2022-02-11,Riverside,065,2383286,582657,575566,27384,602950,5961
2022-02-11,Sacramento,067,1510023,274291,266347,26294,292641,2686
2022-02-11,San Benito,069,59416,12584,12526,502,13028,91
2022-02-11,San Bernardino,071,2135413,561156,548822,24647,573469,6360
2022-02-11,San Diego,073,3302833,733618,720287,50752,771039,4854
2022-02-11,San Francisco,075,870044,119436,119113,8016,127129,740
2022-02-11,San Joaquin,077,732212,162807,161234,9733,170967,2014
2022-02-11,San Luis Obispo,079,281455,50779,50064,3606,53670,416
2022-02-11,San Mateo,081,765935,117997,115235,6717,121952,589
2022-02-11,Santa Barbara,083,443738,83687,83390,4633,88023,631
2022-02-11,Santa Clara,085,1922200,300437,298176,11981,310157,2093
2022-02-11,Santa Cruz,087,273765,45526,44447,2071,46518,239
2022-02-11,Shasta,089,179085,29673,29370,5937,35307,473
2022-02-11,Sierra,091,2930,269,268,45,313,0
2022-02-11,Siskiyou,093,43540,4298,4231,2628,6859,68
2022-02-11,Solano,095,438530,78940,77865,5408,83273,424
2022-02-11,Sonoma,097,501317,80996,79533,2461,81994,431
2022-02-11,Stanislaus,099,539301,114955,114531,17078,131609,1406
2022-02-11,Sutter,101,95872,19990,19800,1984,21784,211
2022-02-11,Tehama,103,63373,11743,11580,2584,14164,151
2022-02-11,Trinity,105,12862,1150,1115,280,1395,20
2022-02-11,Tulare,107,460477,104136,100434,27567,128001,1273
2022-02-11,Tuolumne,109,53932,12291,11754,533,12287,125
2022-02-11,Ventura,111,848112,169926,168736,9196,177932,1340
2022-02-11,Yolo,113,214977,35863,34773,3057,37830,286
2022-02-11,Yuba,115,75493,15404,15242,1148,16390,107
2022-02-10,Alameda,001,1643700,247296,242137,13255,255392,1668
2022-02-10,Alpine,003,1148,121,124,1,125,0
2022-02-10,Amador,005,37829,8203,8091,620,8711,76
2022-02-10,Butte,007,227075,32058,31601,6408,38009,360
2022-02-10,Calaveras,009,45235,7086,7022,328,7350,106
2022-02-10,Colusa,011,21464,3371,3345,1048,4393,21
2022-02-10,Contra Costa,013,1133247,182905,180270,12540,192810,1141
2022-02-10,Del Norte,015,27424,5369,5262,166,5428,45
2022-02-10,El Dorado,017,186661,26097,25692,3135,28827,188
2022-02-10,Fresno,019,978130,224369,219909,23158,243067,2509
2022-02-10,Glenn,021,27897,4870,4818,1573,6391,39
2022-02-10,Humboldt,023,135768,16180,16058,2758,18816,132
2022-02-10,Imperial,025,180216,54164,53304,10456,63760,860
2022-02-10,Inyo,027,18085,4012,3991,448,4439,52
2022-02-10,Kern,029,883053,187766,184639,44971,229610,2037
2022-02-10,Kings,031,150075,49967,48893,3495,52388,415
2022-02-10,Lake,033,64148,10111,9926,840,10766,123
2022-02-10,Lassen,035,31185,8588,8477,863,9340,55
2022-02-10,Los Angeles,037,10098052,2660536,2616426,121769,2738195,29364
2022-02-10,Madera,039,155013,36225,35710,5841,41551,330
2022-02-10,Marin,041,260295,32311,32048,2132,34180,255
2022-02-10,Mariposa,043,17540,2296,2286,188,2474,6
2022-02-10,Mendocino,045,87422,12621,12439,2808,15247,107
2022-02-10,Merced,047,269075,60603,60187,8186,68373,758
2022-02-10,Modoc,049,8938,710,697,232,929,6
2022-02-10,Mono,051,14174,2942,2939,118,3057,5
2022-02-10,Monterey,053,433212,76952,74842,12817,87659,672
2022-02-10,Napa,055,140530,24725,24530,915,25445,124
2022-02-10,Nevada,057,99092,15540,15499,1142,16641,119
2022-02-10,Orange,059,3164182,536497,534503,40348,574851,6305
2022-02-10,Placer,061,380077,61337,60636,7201,67837,554
2022-02-10,Plumas,063,18699,2891,2617,335,2952,13
2022-02-10,Riverside,065,2383286,581928,575566,27326,602892,5961
2022-02-10,Sacramento,067,1510023,273811,266347,26202,292549,2686
2022-02-10,San Benito,069,59416,12563,12526,500,13026,91
2022-02-10,San Bernardino,071,2135413,560613,548822,24615,573437,6360
2022-02-10,San Diego,073,3302833,732510,720287,50632,770919,4854
2022-02-10,San Francisco,075,870044,119223,119113,7998,127111,740
2022-02-10,San Joaquin,077,732212,162494,161234,9725,170959,2014
2022-02-10,San Luis Obispo,079,281455,50680,50064,3595,53659,416
2022-02-10,San Mateo,081,765935,117771,115235,6700,121935,589
2022-02-10,Santa Barbara,083,443738,83503,83390,4626,88016,631
2022-02-10,Santa Clara,085,1922200,299767,298176,11923,310099,2093
2022-02-10,Santa Cruz,087,273765,45382,44447,2070,46517,239
2022-02-10,Shasta,089,179085,29611,29370,5917,35287,473
2022-02-10,Sierra,091,2930,269,268,45,313,0
2022-02-10,Siskiyou,093,43540,4293,4231,2615,6846,68
2022-02-10,Solano,095,438530,78748,77865,5390,83255,424
2022-02-10,Sonoma,097,501317,80861,79533,2445,81978,431
2022-02-10,Stanislaus,099,539301,114776,114531,17034,131565,1406
2022-02-10,Sutter,101,95872,19951,19800,1969,21769,211
2022-02-10,Tehama,103,63373,11713,11580,2581,14161,151
2022-02-10,Trinity,105,12862,1147,1115,279,1394,20
2022-02-10,Tulare,107,460477,103947,100434,27486,127920,1273
2022-02-10,Tuolumne,109,53932,12269,11754,528,12282,125
2022-02-10,Ventura,111,848112,169645,168736,9181,177917,1340
2022-02-10,Yolo,113,214977,35785,34773,3051,37824,286
2022-02-10,Yuba,115,75493,15372,15242,1142,16384,107
2022-02-09,Alameda,001,1643700,246766,241141,13196,254337,1668
2022-02-09,Alpine,003,1148,120,124,1,125,0
2022-02-09,Amador,005,37829,8189,8069,615,8684,76
2022-02-09,Butte,007,227075,31965,31433,6392,37825,359
2022-02-09,Calaveras,009,45235,7071,7005,324,7329,106
2022-02-09,Colusa,011,21464,3368,3331,1047,4378,21
2022-02-09,Contra Costa,013,1133247,182551,179695,12493,192188,1132
2022-02-09,Del Norte,015,27424,5321,5204,165,5369,45
2022-02-09,El Dorado,017,186661,26060,25572,3123,28695,186
2022-02-09,Fresno,019,978130,223753,218989,23066,242055,2502
2022-02-09,Glenn,021,27897,4857,4804,1572,6376,39
2022-02-09,Humboldt,023,135768,16132,15929,2733,18662,131
2022-02-09,Imperial,025,180216,54061,53102,10383,63485,858
2022-02-09,Inyo,027,18085,4006,3989,447,4436,52
2022-02-09,Kern,029,883053,187389,184068,44856,228924,2021
2022-02-09,Kings,031,150075,49856,48718,3489,52207,410
2022-02-09,Lake,033,64148,10071,9880,835,10715,124
2022-02-09,Lassen,035,31185,8563,8459,862,9321,55
2022-02-09,Los Angeles,037,10098052,2656853,2611611,121633,2733244,29263
2022-02-09,Madera,039,155013,36127,35559,5808,41367,330
2022-02-09,Marin,041,260295,32261,31965,2125,34090,255
2022-02-09,Mariposa,043,17540,2293,2279,188,2467,6
2022-02-09,Mendocino,045,87422,12587,12378,2779,15157,107
2022-02-09,Merced,047,269075,60473,59952,8134,68086,755
2022-02-09,Modoc,049,8938,707,691,231,922,6
2022-02-09,Mono,051,14174,2940,2937,118,3055,5
2022-02-09,Monterey,053,433212,76749,74500,12726,87226,670
2022-02-09,Napa,055,140530,24679,24429,910,25339,123
2022-02-09,Nevada,057,99092,15519,15446,1140,16586,119
2022-02-09,Orange,059,3164182,535866,534316,40268,574584,6263
2022-02-09,Placer,061,380077,61242,60490,7181,67671,553
2022-02-09,Plumas,063,18699,2886,2609,331,2940,13
2022-02-09,Riverside,065,2383286,581182,573907,27279,601186,5911
2022-02-09,Sacramento,067,1510023,273244,265624,26083,291707,2673
2022-02-09,San Benito,069,59416,12539,12492,500,12992,91
2022-02-09,San Bernardino,071,2135413,560004,547768,24587,572355,6349
2022-02-09,San Diego,073,3302833,731160,717896,50524,768420,4832
2022-02-09,San Francisco,075,870044,118973,118550,7987,126537,731
2022-02-09,San Joaquin,077,732212,162190,160618,9715,170333,2014
2022-02-09,San Luis Obispo,079,281455,50534,49833,3590,53423,414
2022-02-09,San Mateo,081,765935,117583,114890,6659,121549,589
2022-02-09,Santa Barbara,083,443738,83321,82830,4620,87450,629
2022-02-09,Santa Clara,085,1922200,299048,297157,11865,309022,2090
2022-02-09,Santa Cruz,087,273765,45200,44200,2063,46263,239
2022-02-09,Shasta,089,179085,29542,29215,5896,35111,471
2022-02-09,Sierra,091,2930,268,268,44,312,0
2022-02-09,Siskiyou,093,43540,4279,4217,2609,6826,68
2022-02-09,Solano,095,438530,78557,77299,5378,82677,423
2022-02-09,Sonoma,097,501317,80689,79165,2438,81603,431
2022-02-09,Stanislaus,099,539301,114527,114039,16786,130825,1406
2022-02-09,Sutter,101,95872,19909,19758,1956,21714,207
2022-02-09,Tehama,103,63373,11686,11542,2577,14119,149
2022-02-09,Trinity,105,12862,1143,1110,278,1388,20
2022-02-09,Tulare,107,460477,103732,100049,27389,127438,1271
2022-02-09,Tuolumne,109,53932,12231,11702,525,12227,95
2022-02-09,Ventura,111,848112,169408,168253,9169,177422,1325
2022-02-09,Yolo,113,214977,35714,34588,3035,37623,285
2022-02-09,Yuba,115,75493,15341,15187,1130,16317,105
2022-02-08,Alameda,001,1643700,246130,240587,13122,253709,1651
2022-02-08,Alpine,003,1148,120,124,1,125,0
2022-02-08,Amador,005,37829,8181,8050,608,8658,76
2022-02-08,Butte,007,227075,31880,31353,6368,37721,359
2022-02-08,Calaveras,009,45235,7054,6981,322,7303,101
2022-02-08,Colusa,011,21464,3360,3320,1046,4366,21
2022-02-08,Contra Costa,013,1133247,182119,179078,12415,191493,1132
2022-02-08,Del Norte,015,27424,5295,5156,160,5316,44
2022-02-08,El Dorado,017,186661,26015,25446,3112,28558,186
2022-02-08,Fresno,019,978130,223007,218416,22960,241376,2502
2022-02-08,Glenn,021,27897,4840,4784,1568,6352,39
2022-02-08,Humboldt,023,135768,16071,15865,2700,18565,130
2022-02-08,Imperial,025,180216,53932,52977,10338,63315,855
2022-02-08,Inyo,027,18085,4001,3983,447,4430,52
2022-02-08,Kern,029,883053,187053,183519,44723,228242,2010
2022-02-08,Kings,031,150075,49696,48479,3477,51956,411
2022-02-08,Lake,033,64148,10041,9806,829,10635,125
2022-02-08,Lassen,035,31185,8554,8423,858,9281,55
2022-02-08,Los Angeles,037,10098052,2652518,2611204,121443,2732647,29259
2022-02-08,Madera,039,155013,36020,35381,5752,41133,330
2022-02-08,Marin,041,260295,32187,31878,2120,33998,255
2022-02-08,Mariposa,043,17540,2291,2266,180,2446,6
2022-02-08,Mendocino,045,87422,12555,12336,2748,15084,107
2022-02-08,Merced,047,269075,60364,59789,8075,67864,751
2022-02-08,Modoc,049,8938,703,684,231,915,6
2022-02-08,Mono,051,14174,2939,2932,118,3050,5
2022-02-08,Monterey,053,433212,76542,74316,12632,86948,670
2022-02-08,Napa,055,140530,24606,24346,903,25249,121
2022-02-08,Nevada,057,99092,15492,15383,1137,16520,117
2022-02-08,Orange,059,3164182,535180,533507,40180,573687,6205
2022-02-08,Placer,061,380077,61134,60301,7168,67469,553
2022-02-08,Plumas,063,18699,2875,2596,324,2920,13
2022-02-08,Riverside,065,2383286,580351,571892,27203,599095,5908
2022-02-08,Sacramento,067,1510023,272573,264479,25900,290379,2664
2022-02-08,San Benito,069,59416,12515,12434,498,12932,91
2022-02-08,San Bernardino,071,2135413,559293,544658,24542,569200,6335
2022-02-08,San Diego,073,3302833,729590,717896,50395,768291,4832
2022-02-08,San Francisco,075,870044,118660,117942,7978,125920,731
2022-02-08,San Joaquin,077,732212,161807,160147,9696,169843,2005
2022-02-08,San Luis Obispo,079,281455,50364,49556,3558,53114,410
2022-02-08,San Mateo,081,765935,117365,114541,6629,121170,589
2022-02-08,Santa Barbara,083,443738,83152,82461,4594,87055,627
2022-02-08,Santa Clara,085,1922200,298168,295679,11815,307494,2091
2022-02-08,Santa Cruz,087,273765,45045,43884,2058,45942,239
2022-02-08,Shasta,089,179085,29459,29084,5867,34951,470
2022-02-08,Sierra,091,2930,268,267,44,311,0
2022-02-08,Siskiyou,093,43540,4269,4191,2599,6790,68
2022-02-08,Solano,095,438530,78326,77031,5364,82395,421
2022-02-08,Sonoma,097,501317,80475,78798,2416,81214,431
2022-02-08,Stanislaus,099,539301,114274,113733,16710,130443,1406
2022-02-08,Sutter,101,95872,19871,19717,1944,21661,203
2022-02-08,Tehama,103,63373,11659,11491,2569,14060,149
2022-02-08,Trinity,105,12862,1137,1110,278,1388,20
2022-02-08,Tulare,107,460477,103440,99694,27253,126947,1267
2022-02-08,Tuolumne,109,53932,12207,11665,523,12188,92
2022-02-08,Ventura,111,848112,169171,167830,9153,176983,1325
2022-02-08,Yolo,113,214977,35632,34462,3021,37483,281
2022-02-08,Yuba,115,75493,15296,15126,1108,16234,107
2022-02-07,Alameda,001,1643700,245421,238678,13054,251732,1643
2022-02-07,Alpine,003,1148,120,124,1,125,0
2022-02-07,Amador,005,37829,8153,7980,600,8580,75
2022-02-07,Butte,007,227075,31792,31184,6342,37526,355
2022-02-07,Calaveras,009,45235,7032,6910,321,7231,100
2022-02-07,Colusa,011,21464,3349,3283,1040,4323,21
2022-02-07,Contra Costa,013,1133247,181658,177767,12343,190110,1130
2022-02-07,Del Norte,015,27424,5255,5093,155,5248,44
2022-02-07,El Dorado,017,186661,25952,25257,3100,28357,185
2022-02-07,Fresno,019,978130,222154,216495,22814,239309,2493
2022-02-07,Glenn,021,27897,4833,4762,1564,6326,39
2022-02-07,Humboldt,023,135768,15996,15764,2675,18439,129
2022-02-07,Imperial,025,180216,53818,52689,10269,62958,853
2022-02-07,Inyo,027,18085,3996,3976,441,4417,51
2022-02-07,Kern,029,883053,186580,182047,44552,226599,1998
2022-02-07,Kings,031,150075,49512,48147,3460,51607,403
2022-02-07,Lake,033,64148,9995,9519,821,10340,125
2022-02-07,Lassen,035,31185,8536,8362,852,9214,55
2022-02-07,Los Angeles,037,10098052,2648064,2607438,121231,2728669,29210
2022-02-07,Madera,039,155013,35896,35083,5702,40785,330
2022-02-07,Marin,041,260295,32121,31670,2109,33779,255
2022-02-07,Mariposa,043,17540,2286,2253,176,2429,6
2022-02-07,Mendocino,045,87422,12497,12237,2710,14947,107
2022-02-07,Merced,047,269075,60237,59472,7982,67454,748
2022-02-07,Modoc,049,8938,699,679,231,910,6
2022-02-07,Mono,051,14174,2937,2917,118,3035,5
2022-02-07,Monterey,053,433212,76288,69433,12523,81956,670
2022-02-07,Napa,055,140530,24520,23237,893,24130,120
2022-02-07,Nevada,057,99092,15458,15268,1131,16399,113
2022-02-07,Orange,059,3164182,534416,531442,40097,571539,6179
2022-02-07,Placer,061,380077,61010,59894,7153,67047,546
2022-02-07,Plumas,063,18699,2864,2573,315,2888,13
2022-02-07,Riverside,065,2383286,579406,568874,27116,595990,5868
2022-02-07,Sacramento,067,1510023,271894,262834,25708,288542,2631
2022-02-07,San Benito,069,59416,12477,12285,496,12781,90
2022-02-07,San Bernardino,071,2135413,558495,542846,24503,567349,6335
2022-02-07,San Diego,073,3302833,727871,716244,50212,766456,4811
2022-02-07,San Francisco,075,870044,118321,113945,7953,121898,727
2022-02-07,San Joaquin,077,732212,161425,159358,9676,169034,1998
2022-02-07,San Luis Obispo,079,281455,50194,48994,3537,52531,406
2022-02-07,San Mateo,081,765935,117080,107060,6600,113660,589
2022-02-07,Santa Barbara,083,443738,82964,81608,4579,86187,624
2022-02-07,Santa Clara,085,1922200,297214,293360,11767,305127,2085
2022-02-07,Santa Cruz,087,273765,44829,43244,2054,45298,239
2022-02-07,Shasta,089,179085,29368,28900,5840,34740,468
2022-02-07,Sierra,091,2930,268,265,44,309,0
2022-02-07,Siskiyou,093,43540,4258,4157,2583,6740,68
2022-02-07,Solano,095,438530,78069,73934,5338,79272,420
2022-02-07,Sonoma,097,501317,80219,78296,2405,80701,431
2022-02-07,Stanislaus,099,539301,114016,113029,16554,129583,1406
2022-02-07,Sutter,101,95872,19839,19599,1916,21515,203
2022-02-07,Tehama,103,63373,11618,11418,2561,13979,146
2022-02-07,Trinity,105,12862,1133,1109,275,1384,20
2022-02-07,Tulare,107,460477,103079,98774,27109,125883,1263
2022-02-07,Tuolumne,109,53932,12159,11578,519,12097,92
2022-02-07,Ventura,111,848112,168853,166904,9139,176043,1324
2022-02-07,Yolo,113,214977,35521,34007,3006,37013,281
2022-02-07,Yuba,115,75493,15249,14998,1101,16099,105
2022-02-06,Alameda,001,1643700,244509,237188,12970,250158,1643
2022-02-06,Alpine,003,1148,120,123,1,124,0
2022-02-06,Amador,005,37829,8123,7922,588,8510,73
2022-02-06,Butte,007,227075,31665,31021,6296,37317,355
2022-02-06,Calaveras,009,45235,7005,6870,316,7186,99
2022-02-06,Colusa,011,21464,3339,3282,1039,4321,21
2022-02-06,Contra Costa,013,1133247,181033,176863,12184,189047,1128
2022-02-06,Del Norte,015,27424,5199,5038,153,5191,44
2022-02-06,El Dorado,017,186661,25889,25165,3088,28253,185
2022-02-06,Fresno,019,978130,221308,214726,22553,237279,2489
2022-02-06,Glenn,021,27897,4820,4738,1554,6292,39
2022-02-06,Humboldt,023,135768,15912,15658,2635,18293,128
2022-02-06,Imperial,025,180216,53631,52396,10221,62617,853
2022-02-06,Inyo,027,18085,3994,3970,438,4408,51
2022-02-06,Kern,029,883053,186028,181188,44311,225499,1996
2022-02-06,Kings,031,150075,49289,47669,3434,51103,401
2022-02-06,Lake,033,64148,9926,9468,803,10271,125
2022-02-06,Lassen,035,31185,8516,8326,847,9173,55
2022-02-06,Los Angeles,037,10098052,2642532,2602620,120965,2723585,29180
2022-02-06,Madera,039,155013,35712,34901,5608,40509,330
2022-02-06,Marin,041,260295,32024,31488,2096,33584,255
2022-02-06,Mariposa,043,17540,2278,2244,165,2409,6
2022-02-06,Mendocino,045,87422,12454,12169,2640,14809,107
2022-02-06,Merced,047,269075,60019,59112,7820,66932,748
2022-02-06,Modoc,049,8938,694,675,230,905,6
2022-02-06,Mono,051,14174,2932,2901,116,3017,5
2022-02-06,Monterey,053,433212,75922,67912,12357,80269,670
2022-02-06,Napa,055,140530,24401,23230,885,24115,120
2022-02-06,Nevada,057,99092,15393,15192,1118,16310,113
2022-02-06,Orange,059,3164182,533464,527906,39995,567901,6171
2022-02-06,Placer,061,380077,60834,59507,7127,66634,544
2022-02-06,Plumas,063,18699,2850,2559,306,2865,13
2022-02-06,Riverside,065,2383286,578263,568276,27037,595313,5865
2022-02-06,Sacramento,067,1510023,271022,261353,25436,286789,2631
2022-02-06,San Benito,069,59416,12422,12186,488,12674,90
2022-02-06,San Bernardino,071,2135413,557508,541103,24432,565535,6334
2022-02-06,San Diego,073,3302833,725809,709938,49973,759911,4786
2022-02-06,San Francisco,075,870044,117938,113115,7926,121041,728
2022-02-06,San Joaquin,077,732212,160860,158510,9636,168146,1997
2022-02-06,San Luis Obispo,079,281455,49970,48843,3480,52323,405
2022-02-06,San Mateo,081,765935,116741,105556,6560,112116,587
2022-02-06,Santa Barbara,083,443738,82646,81118,4540,85658,623
2022-02-06,Santa Clara,085,1922200,296107,291732,11646,303378,2075
2022-02-06,Santa Cruz,087,273765,44516,42952,2039,44991,239
2022-02-06,Shasta,089,179085,29245,28762,5790,34552,468
2022-02-06,Sierra,091,2930,268,265,44,309,0
2022-02-06,Siskiyou,093,43540,4237,4118,2557,6675,68
2022-02-06,Solano,095,438530,77771,73475,5296,78771,419
2022-02-06,Sonoma,097,501317,79883,77887,2390,80277,431
2022-02-06,Stanislaus,099,539301,113619,112521,16407,128928,1406
2022-02-06,Sutter,101,95872,19796,19523,1873,21396,203
2022-02-06,Tehama,103,63373,11578,11366,2541,13907,146
2022-02-06,Trinity,105,12862,1132,1102,274,1376,20
2022-02-06,Tulare,107,460477,102642,98260,26904,125164,1262
2022-02-06,Tuolumne,109,53932,12107,11507,502,12009,92
2022-02-06,Ventura,111,848112,168477,166235,9128,175363,1323
2022-02-06,Yolo,113,214977,35382,33784,2990,36774,281
2022-02-06,Yuba,115,75493,15203,14917,1092,16009,104
2022-02-05,Alameda,001,1643700,244096,235698,12961,248659,1638
2022-02-05,Alpine,003,1148,120,124,1,125,0
2022-02-05,Amador,005,37829,8114,7855,585,8440,71
2022-02-05,Butte,007,227075,31611,30733,6282,37015,355
2022-02-05,Calaveras,009,45235,6989,6789,316,7105,99
2022-02-05,Colusa,011,21464,3332,3234,1037,4271,21
2022-02-05,Contra Costa,013,1133247,180764,175871,12168,188039,1115
2022-02-05,Del Norte,015,27424,5159,4978,151,5129,44
2022-02-05,El Dorado,017,186661,25858,24813,3086,27899,185
2022-02-05,Fresno,019,978130,220962,213539,22531,236070,2477
2022-02-05,Glenn,021,27897,4818,4691,1547,6238,39
2022-02-05,Humboldt,023,135768,15864,15514,2631,18145,127
2022-02-05,Imperial,025,180216,53568,52153,10208,62361,853
2022-02-05,Inyo,027,18085,3991,3948,438,4386,51
2022-02-05,Kern,029,883053,185819,180296,44206,224502,1987
2022-02-05,Kings,031,150075,49202,47538,3427,50965,402
2022-02-05,Lake,033,64148,9907,9289,796,10085,124
2022-02-05,Lassen,035,31185,8505,8288,845,9133,55
2022-02-05,Los Angeles,037,10098052,2640349,2572702,120838,2693540,28947
2022-02-05,Madera,039,155013,35659,34471,5596,40067,329
2022-02-05,Marin,041,260295,31977,31299,2092,33391,255
2022-02-05,Mariposa,043,17540,2277,2222,164,2386,6
2022-02-05,Mendocino,045,87422,12426,12066,2638,14704,107
2022-02-05,Merced,047,269075,59925,58908,7812,66720,744
2022-02-05,Modoc,049,8938,693,664,230,894,6
2022-02-05,Mono,051,14174,2931,2904,116,3020,5
2022-02-05,Monterey,053,433212,75806,67342,12313,79655,666
2022-02-05,Napa,055,140530,24345,22973,884,23857,118
2022-02-05,Nevada,057,99092,15372,15002,1113,16115,113
2022-02-05,Orange,059,3164182,533023,527516,39904,567420,6134
2022-02-05,Placer,061,380077,60709,59043,7113,66156,533
2022-02-05,Plumas,063,18699,2849,2550,305,2855,13
2022-02-05,Riverside,065,2383286,577659,563991,26966,590957,5827
2022-02-05,Sacramento,067,1510023,270626,259437,25398,284835,2610
2022-02-05,San Benito,069,59416,12377,12142,488,12630,90
2022-02-05,San Bernardino,071,2135413,556997,539312,24410,563722,6322
2022-02-05,San Diego,073,3302833,724949,703957,49900,753857,4735
2022-02-05,San Francisco,075,870044,117729,112481,7897,120378,720
2022-02-05,San Joaquin,077,732212,160674,157420,9625,167045,1989
2022-02-05,San Luis Obispo,079,281455,49933,48361,3478,51839,404
2022-02-05,San Mateo,081,765935,116553,104810,6552,111362,587
2022-02-05,Santa Barbara,083,443738,82483,80478,4528,85006,617
2022-02-05,Santa Clara,085,1922200,295452,289262,11630,300892,2067
2022-02-05,Santa Cruz,087,273765,44442,42553,2036,44589,239
2022-02-05,Shasta,089,179085,29202,28604,5780,34384,466
2022-02-05,Sierra,091,2930,268,262,44,306,0
2022-02-05,Siskiyou,093,43540,4230,4106,2544,6650,67
2022-02-05,Solano,095,438530,77696,73112,5288,78400,415
2022-02-05,Sonoma,097,501317,79716,77213,2386,79599,431
2022-02-05,Stanislaus,099,539301,113417,111783,16387,128170,1406
2022-02-05,Sutter,101,95872,19766,19406,1867,21273,203
2022-02-05,Tehama,103,63373,11559,11259,2534,13793,146
2022-02-05,Trinity,105,12862,1130,1085,274,1359,20
2022-02-05,Tulare,107,460477,102473,97414,26821,124235,1254
2022-02-05,Tuolumne,109,53932,12082,11409,499,11908,91
2022-02-05,Ventura,111,848112,168251,165532,9112,174644,1308
2022-02-05,Yolo,113,214977,35297,33614,2976,36590,281
2022-02-05,Yuba,115,75493,15172,14801,1084,15885,105
2022-02-04,Alameda,001,1643700,243609,235698,12951,248649,1638
2022-02-04,Alpine,003,1148,120,124,1,125,0
2022-02-04,Amador,005,37829,8098,7855,581,8436,71
2022-02-04,Butte,007,227075,31551,30733,6271,37004,355
2022-02-04,Calaveras,009,45235,6979,6789,314,7103,99
2022-02-04,Colusa,011,21464,3327,3234,1035,4269,21
2022-02-04,Contra Costa,013,1133247,180441,175871,12139,188010,1115
2022-02-04,Del Norte,015,27424,5139,4978,151,5129,44
2022-02-04,El Dorado,017,186661,25822,24813,3081,27894,185
2022-02-04,Fresno,019,978130,220481,213539,22498,236037,2477
2022-02-04,Glenn,021,27897,4809,4691,1544,6235,39
2022-02-04,Humboldt,023,135768,15837,15514,2628,18142,127
2022-02-04,Imperial,025,180216,53491,52153,10191,62344,853
2022-02-04,Inyo,027,18085,3988,3948,437,4385,51
2022-02-04,Kern,029,883053,185594,180296,44078,224374,1987
2022-02-04,Kings,031,150075,49126,47538,3420,50958,402
2022-02-04,Lake,033,64148,9885,9289,793,10082,124
2022-02-04,Lassen,035,31185,8482,8288,845,9133,55
2022-02-04,Los Angeles,037,10098052,2637712,2572702,120709,2693411,28947
2022-02-04,Madera,039,155013,35576,34471,5588,40059,329
2022-02-04,Marin,041,260295,31913,31299,2083,33382,255
2022-02-04,Mariposa,043,17540,2275,2222,162,2384,6
2022-02-04,Mendocino,045,87422,12395,12066,2636,14702,107
2022-02-04,Merced,047,269075,59844,58908,7802,66710,744
2022-02-04,Modoc,049,8938,693,664,230,894,6
2022-02-04,Mono,051,14174,2929,2904,116,3020,5
2022-02-04,Monterey,053,433212,75616,67342,12270,79612,666
2022-02-04,Napa,055,140530,24298,22973,880,23853,118
2022-02-04,Nevada,057,99092,15338,15002,1109,16111,113
2022-02-04,Orange,059,3164182,532473,527516,39847,567363,6134
2022-02-04,Placer,061,380077,60606,59043,7102,66145,533
2022-02-04,Plumas,063,18699,2842,2550,304,2854,13
2022-02-04,Riverside,065,2383286,576947,563991,26953,590944,5827
2022-02-04,Sacramento,067,1510023,270123,259437,25375,284812,2610
2022-02-04,San Benito,069,59416,12358,12142,486,12628,90
2022-02-04,San Bernardino,071,2135413,556415,539312,24388,563700,6322
2022-02-04,San Diego,073,3302833,723813,703957,49826,753783,4735
2022-02-04,San Francisco,075,870044,117486,112481,7872,120353,720
2022-02-04,San Joaquin,077,732212,160444,157420,9613,167033,1989
2022-02-04,San Luis Obispo,079,281455,49872,48361,3471,51832,404
2022-02-04,San Mateo,081,765935,116323,104810,6538,111348,587
2022-02-04,Santa Barbara,083,443738,82333,80478,4527,85005,617
2022-02-04,Santa Clara,085,1922200,294784,289262,11609,300871,2067
2022-02-04,Santa Cruz,087,273765,44237,42553,2032,44585,239
2022-02-04,Shasta,089,179085,29149,28604,5769,34373,466
2022-02-04,Sierra,091,2930,268,262,44,306,0
2022-02-04,Siskiyou,093,43540,4222,4106,2537,6643,67
2022-02-04,Solano,095,438530,77504,73112,5252,78364,415
2022-02-04,Sonoma,097,501317,79557,77213,2305,79518,431
2022-02-04,Stanislaus,099,539301,113236,111783,16360,128143,1406
2022-02-04,Sutter,101,95872,19742,19406,1860,21266,203
2022-02-04,Tehama,103,63373,11544,11259,2533,13792,146
2022-02-04,Trinity,105,12862,1129,1085,273,1358,20
2022-02-04,Tulare,107,460477,102287,97414,26738,124152,1254
2022-02-04,Tuolumne,109,53932,12069,11409,498,11907,91
2022-02-04,Ventura,111,848112,167982,165532,9104,174636,1308
2022-02-04,Yolo,113,214977,35203,33614,2969,36583,281
2022-02-04,Yuba,115,75493,15154,14801,1084,15885,105
2022-02-03,Alameda,001,1643700,242843,235698,12888,248586,1638
2022-02-03,Alpine,003,1148,120,124,1,125,0
2022-02-03,Amador,005,37829,8078,7855,576,8431,71
2022-02-03,Butte,007,227075,31443,30733,6243,36976,355
2022-02-03,Calaveras,009,45235,6949,6789,310,7099,99
2022-02-03,Colusa,011,21464,3314,3234,1033,4267,21
2022-02-03,Contra Costa,013,1133247,179846,175871,12038,187909,1115
2022-02-03,Del Norte,015,27424,5098,4978,148,5126,44
2022-02-03,El Dorado,017,186661,25750,24813,3075,27888,185
2022-02-03,Fresno,019,978130,219551,213539,22327,235866,2477
2022-02-03,Glenn,021,27897,4792,4691,1526,6217,39
2022-02-03,Humboldt,023,135768,15761,15514,2592,18106,127
2022-02-03,Imperial,025,180216,53347,52153,10140,62293,853
2022-02-03,Inyo,027,18085,3985,3948,433,4381,51
2022-02-03,Kern,029,883053,185131,180296,43862,224158,1987
2022-02-03,Kings,031,150075,48969,47538,3412,50950,402
2022-02-03,Lake,033,64148,9831,9289,787,10076,124
2022-02-03,Lassen,035,31185,8458,8288,844,9132,55
2022-02-03,Los Angeles,037,10098052,2632276,2572702,120441,2693143,28947
2022-02-03,Madera,039,155013,35439,34471,5542,40013,329
2022-02-03,Marin,041,260295,31817,31299,2078,33377,255
2022-02-03,Mariposa,043,17540,2263,2222,159,2381,6
2022-02-03,Mendocino,045,87422,12351,12066,2612,14678,107
2022-02-03,Merced,047,269075,59694,58908,7706,66614,744
2022-02-03,Modoc,049,8938,690,664,230,894,6
2022-02-03,Mono,051,14174,2924,2904,115,3019,5
2022-02-03,Monterey,053,433212,75328,67342,12071,79413,666
2022-02-03,Napa,055,140530,24164,22973,880,23853,118
2022-02-03,Nevada,057,99092,15297,15002,1098,16100,113
2022-02-03,Orange,059,3164182,531549,527516,39754,567270,6134
2022-02-03,Placer,061,380077,60409,59043,7079,66122,533
2022-02-03,Plumas,063,18699,2828,2550,300,2850,13
2022-02-03,Riverside,065,2383286,575748,563991,26881,590872,5827
2022-02-03,Sacramento,067,1510023,269168,259437,25181,284618,2610
2022-02-03,San Benito,069,59416,12331,12142,483,12625,90
2022-02-03,San Bernardino,071,2135413,555396,539312,24348,563660,6322
2022-02-03,San Diego,073,3302833,721843,703957,49664,753621,4735
2022-02-03,San Francisco,075,870044,117151,112481,7841,120322,720
2022-02-03,San Joaquin,077,732212,159962,157420,9584,167004,1989
2022-02-03,San Luis Obispo,079,281455,49675,48361,3454,51815,404
2022-02-03,San Mateo,081,765935,115971,104810,6504,111314,587
2022-02-03,Santa Barbara,083,443738,81975,80478,4498,84976,617
2022-02-03,Santa Clara,085,1922200,293620,289262,11498,300760,2067
2022-02-03,Santa Cruz,087,273765,43897,42553,2025,44578,239
2022-02-03,Shasta,089,179085,29044,28604,5741,34345,466
2022-02-03,Sierra,091,2930,268,262,44,306,0
2022-02-03,Siskiyou,093,43540,4207,4106,2520,6626,67
2022-02-03,Solano,095,438530,77175,73112,5234,78346,415
2022-02-03,Sonoma,097,501317,79259,77213,2298,79511,431
2022-02-03,Stanislaus,099,539301,112858,111783,16273,128056,1406
2022-02-03,Sutter,101,95872,19690,19406,1841,21247,203
2022-02-03,Tehama,103,63373,11513,11259,2525,13784,146
2022-02-03,Trinity,105,12862,1127,1085,272,1357,20
2022-02-03,Tulare,107,460477,101877,97414,26591,124005,1254
2022-02-03,Tuolumne,109,53932,12028,11409,486,11895,91
2022-02-03,Ventura,111,848112,167597,165532,9094,174626,1308
2022-02-03,Yolo,113,214977,35094,33614,2956,36570,281
2022-02-03,Yuba,115,75493,15103,14801,1068,15869,105
2022-02-02,Alameda,001,1643700,241899,234300,12784,247084,1632
2022-02-02,Alpine,003,1148,120,123,1,124,0
2022-02-02,Amador,005,37829,8048,7781,566,8347,71
2022-02-02,Butte,007,227075,31334,30550,6212,36762,355
2022-02-02,Calaveras,009,45235,6923,6753,306,7059,99
2022-02-02,Colusa,011,21464,3299,3211,1032,4243,21
2022-02-02,Contra Costa,013,1133247,179256,174876,11941,186817,1113
2022-02-02,Del Norte,015,27424,5058,4924,143,5067,44
2022-02-02,El Dorado,017,186661,25683,24690,3056,27746,185
2022-02-02,Fresno,019,978130,218538,211976,22194,234170,2463
2022-02-02,Glenn,021,27897,4768,4667,1516,6183,39
2022-02-02,Humboldt,023,135768,15700,15392,2553,17945,127
2022-02-02,Imperial,025,180216,53151,51875,10012,61887,853
2022-02-02,Inyo,027,18085,3979,3944,432,4376,51
2022-02-02,Kern,029,883053,184533,179386,43643,223029,1974
2022-02-02,Kings,031,150075,48778,47061,3386,50447,401
2022-02-02,Lake,033,64148,9773,9235,780,10015,120
2022-02-02,Lassen,035,31185,8445,8258,835,9093,55
2022-02-02,Los Angeles,037,10098052,2626054,2561902,120051,2681953,28850
2022-02-02,Madera,039,155013,35271,34265,5468,39733,329
2022-02-02,Marin,041,260295,31714,31149,2068,33217,255
2022-02-02,Mariposa,043,17540,2252,2215,155,2370,6
2022-02-02,Mendocino,045,87422,12298,11996,2572,14568,105
2022-02-02,Merced,047,269075,59521,58532,7619,66151,744
2022-02-02,Modoc,049,8938,684,662,230,892,6
2022-02-02,Mono,051,14174,2913,2887,115,3002,5
2022-02-02,Monterey,053,433212,74937,66852,11883,78735,666
2022-02-02,Napa,055,140530,24043,22859,867,23726,117
2022-02-02,Nevada,057,99092,15239,14895,1074,15969,112
2022-02-02,Orange,059,3164182,530493,524418,39660,564078,6127
2022-02-02,Placer,061,380077,60214,58654,7048,65702,533
2022-02-02,Plumas,063,18699,2812,2540,296,2836,12
2022-02-02,Riverside,065,2383286,574469,561220,26833,588053,5827
2022-02-02,Sacramento,067,1510023,268158,258078,24967,283045,2602
2022-02-02,San Benito,069,59416,12292,12058,479,12537,90
2022-02-02,San Bernardino,071,2135413,554386,537485,24282,561767,6317
2022-02-02,San Diego,073,3302833,719643,703957,49484,753441,4735
2022-02-02,San Francisco,075,870044,116782,112008,7825,119833,714
2022-02-02,San Joaquin,077,732212,159386,156537,9560,166097,1986
2022-02-02,San Luis Obispo,079,281455,49477,48119,3441,51560,403
2022-02-02,San Mateo,081,765935,115597,104201,6436,110637,587
2022-02-02,Santa Barbara,083,443738,81632,79979,4467,84446,612
2022-02-02,Santa Clara,085,1922200,292475,287443,11383,298826,2051
2022-02-02,Santa Cruz,087,273765,43607,42127,2014,44141,239
2022-02-02,Shasta,089,179085,28942,28429,5696,34125,465
2022-02-02,Sierra,091,2930,268,262,44,306,0
2022-02-02,Siskiyou,093,43540,4197,4078,2493,6571,67
2022-02-02,Solano,095,438530,76821,72711,5210,77921,414
2022-02-02,Sonoma,097,501317,78947,76681,2285,78966,431
2022-02-02,Stanislaus,099,539301,112463,111167,16140,127307,1403
2022-02-02,Sutter,101,95872,19625,19290,1812,21102,203
2022-02-02,Tehama,103,63373,11457,11193,2506,13699,146
2022-02-02,Trinity,105,12862,1124,1074,270,1344,20
2022-02-02,Tulare,107,460477,101484,96820,26417,123237,1249
2022-02-02,Tuolumne,109,53932,11951,11342,483,11825,91
2022-02-02,Ventura,111,848112,167198,164905,9075,173980,1292
2022-02-02,Yolo,113,214977,34972,33332,2933,36265,281
2022-02-02,Yuba,115,75493,15038,14720,1060,15780,104
2022-02-01,Alameda,001,1643700,240823,233782,12678,246460,1620
2022-02-01,Alpine,003,1148,120,123,1,124,0
2022-02-01,Amador,005,37829,8002,7783,560,8343,73
2022-02-01,Butte,007,227075,31196,30496,6173,36669,355
2022-02-01,Calaveras,009,45235,6886,6749,302,7051,98
2022-02-01,Colusa,011,21464,3283,3202,1010,4212,21
2022-02-01,Contra Costa,013,1133247,178524,174379,11799,186178,1115
2022-02-01,Del Norte,015,27424,5012,4907,140,5047,44
2022-02-01,El Dorado,017,186661,25624,24664,3039,27703,184
2022-02-01,Fresno,019,978130,217374,211352,22030,233382,2464
2022-02-01,Glenn,021,27897,4754,4649,1506,6155,39
2022-02-01,Humboldt,023,135768,15618,15354,2523,17877,127
2022-02-01,Imperial,025,180216,52936,51675,9945,61620,846
2022-02-01,Inyo,027,18085,3969,3928,429,4357,51
2022-02-01,Kern,029,883053,183886,178987,43396,222383,1967
2022-02-01,Kings,031,150075,48519,46959,3362,50321,400
2022-02-01,Lake,033,64148,9716,9211,773,9984,119
2022-02-01,Lassen,035,31185,8427,8231,830,9061,55
2022-02-01,Los Angeles,037,10098052,2618866,2548794,119671,2668465,28752
2022-02-01,Madera,039,155013,35049,34124,5387,39511,329
2022-02-01,Marin,041,260295,31592,31099,2052,33151,255
2022-02-01,Mariposa,043,17540,2245,2210,154,2364,6
2022-02-01,Mendocino,045,87422,12236,11978,2535,14513,105
2022-02-01,Merced,047,269075,59336,58362,7494,65856,743
2022-02-01,Modoc,049,8938,677,664,230,894,6
2022-02-01,Mono,051,14174,2907,2888,115,3003,5
2022-02-01,Monterey,053,433212,74516,66553,11681,78234,665
2022-02-01,Napa,055,140530,23944,22795,850,23645,116
2022-02-01,Nevada,057,99092,15178,14863,1061,15924,112
2022-02-01,Orange,059,3164182,529342,523741,39516,563257,6108
2022-02-01,Placer,061,380077,59966,58486,7008,65494,532
2022-02-01,Plumas,063,18699,2797,2526,293,2819,12
2022-02-01,Riverside,065,2383286,573079,560010,26784,586794,5825
2022-02-01,Sacramento,067,1510023,267104,257504,24689,282193,2593
2022-02-01,San Benito,069,59416,12226,12053,476,12529,90
2022-02-01,San Bernardino,071,2135413,553125,536591,24216,560807,6311
2022-02-01,San Diego,073,3302833,717124,701009,49266,750275,4710
2022-02-01,San Francisco,075,870044,116315,111606,7806,119412,713
2022-02-01,San Joaquin,077,732212,158856,156300,9537,165837,1987
2022-02-01,San Luis Obispo,079,281455,49248,47842,3379,51221,403
2022-02-01,San Mateo,081,765935,115129,103868,6394,110262,589
2022-02-01,Santa Barbara,083,443738,81187,79659,4431,84090,608
2022-02-01,Santa Clara,085,1922200,290954,286109,11277,297386,2070
2022-02-01,Santa Cruz,087,273765,43308,41782,1998,43780,239
2022-02-01,Shasta,089,179085,28823,28382,5643,34025,465
2022-02-01,Sierra,091,2930,266,262,44,306,0
2022-02-01,Siskiyou,093,43540,4183,4072,2466,6538,66
2022-02-01,Solano,095,438530,76549,72494,5194,77688,415
2022-02-01,Sonoma,097,501317,78586,76379,2261,78640,431
2022-02-01,Stanislaus,099,539301,112052,110925,16036,126961,1403
2022-02-01,Sutter,101,95872,19557,19256,1779,21035,202
2022-02-01,Tehama,103,63373,11400,11165,2492,13657,146
2022-02-01,Trinity,105,12862,1120,1073,270,1343,19
2022-02-01,Tulare,107,460477,100990,96467,26195,122662,1247
2022-02-01,Tuolumne,109,53932,11901,11318,474,11792,91
2022-02-01,Ventura,111,848112,166693,164721,9052,173773,1293
2022-02-01,Yolo,113,214977,34823,33257,2904,36161,275
2022-02-01,Yuba,115,75493,14977,14693,1053,15746,103
2022-01-31,Alameda,001,1643700,239474,232743,12559,245302,1607
2022-01-31,Alpine,003,1148,119,123,1,124,0
2022-01-31,Amador,005,37829,7948,7682,543,8225,73
2022-01-31,Butte,007,227075,31034,30371,6134,36505,354
2022-01-31,Calaveras,009,45235,6851,6700,291,6991,96
2022-01-31,Colusa,011,21464,3271,3187,1001,4188,21
2022-01-31,Contra Costa,013,1133247,177726,173466,11671,185137,1115
2022-01-31,Del Norte,015,27424,4979,4879,136,5015,43
2022-01-31,El Dorado,017,186661,25521,24545,3009,27554,184
2022-01-31,Fresno,019,978130,215888,210589,21824,232413,2464
2022-01-31,Glenn,021,27897,4718,4641,1494,6135,39
2022-01-31,Humboldt,023,135768,15529,15308,2490,17798,126
2022-01-31,Imperial,025,180216,52720,51472,9829,61301,846
2022-01-31,Inyo,027,18085,3958,3922,423,4345,50
2022-01-31,Kern,029,883053,183105,178375,43069,221444,1967
2022-01-31,Kings,031,150075,48162,46845,3328,50173,398
2022-01-31,Lake,033,64148,9643,9141,761,9902,119
2022-01-31,Lassen,035,31185,8396,8162,824,8986,55
2022-01-31,Los Angeles,037,10098052,2610615,2541189,119263,2660452,28718
2022-01-31,Madera,039,155013,34833,33886,5291,39177,329
2022-01-31,Marin,041,260295,31467,31023,2035,33058,253
2022-01-31,Mariposa,043,17540,2235,2203,145,2348,6
2022-01-31,Mendocino,045,87422,12170,11896,2492,14388,104
2022-01-31,Merced,047,269075,59058,58198,7302,65500,740
2022-01-31,Modoc,049,8938,674,661,230,891,6
2022-01-31,Mono,051,14174,2893,2889,115,3004,5
2022-01-31,Monterey,053,433212,74065,66117,11459,77576,661
2022-01-31,Napa,055,140530,23776,22707,833,23540,113
2022-01-31,Nevada,057,99092,15102,14813,1048,15861,112
2022-01-31,Orange,059,3164182,528018,522358,39380,561738,6098
2022-01-31,Placer,061,380077,59718,58252,6975,65227,523
2022-01-31,Plumas,063,18699,2784,2513,291,2804,12
2022-01-31,Riverside,065,2383286,571262,558166,26717,584883,5785
2022-01-31,Sacramento,067,1510023,265809,256594,24427,281021,2571
2022-01-31,San Benito,069,59416,12167,11976,475,12451,90
2022-01-31,San Bernardino,071,2135413,551491,535276,24128,559404,6302
2022-01-31,San Diego,073,3302833,714217,698571,49007,747578,4686
2022-01-31,San Francisco,075,870044,115905,111119,7772,118891,712
2022-01-31,San Joaquin,077,732212,158097,155736,9504,165240,1985
2022-01-31,San Luis Obispo,079,281455,48994,47656,3320,50976,395
2022-01-31,San Mateo,081,765935,114617,103313,6334,109647,589
2022-01-31,Santa Barbara,083,443738,80679,79267,4389,83656,606
2022-01-31,Santa Clara,085,1922200,289278,284562,11169,295731,2041
2022-01-31,Santa Cruz,087,273765,42929,41630,1991,43621,239
2022-01-31,Shasta,089,179085,28692,28190,5602,33792,462
2022-01-31,Sierra,091,2930,266,261,44,305,0
2022-01-31,Siskiyou,093,43540,4167,4054,2450,6504,66
2022-01-31,Solano,095,438530,75843,72258,5148,77406,414
2022-01-31,Sonoma,097,501317,78132,76199,2231,78430,431
2022-01-31,Stanislaus,099,539301,111525,110493,15865,126358,1403
2022-01-31,Sutter,101,95872,19477,19189,1726,20915,202
2022-01-31,Tehama,103,63373,11338,11112,2462,13574,145
2022-01-31,Trinity,105,12862,1115,1071,267,1338,19
2022-01-31,Tulare,107,460477,100347,96053,25939,121992,1245
2022-01-31,Tuolumne,109,53932,11810,11278,467,11745,91
2022-01-31,Ventura,111,848112,166157,164060,9028,173088,1286
2022-01-31,Yolo,113,214977,34663,33175,2879,36054,274
2022-01-31,Yuba,115,75493,14914,14652,1033,15685,103
2022-01-30,Alameda,001,1643700,237932,231838,12407,244245,1607
2022-01-30,Alpine,003,1148,119,123,1,124,0
2022-01-30,Amador,005,37829,7897,7644,519,8163,73
2022-01-30,Butte,007,227075,30832,30255,6069,36324,354
2022-01-30,Calaveras,009,45235,6796,6676,277,6953,96
2022-01-30,Colusa,011,21464,3251,3168,989,4157,21
2022-01-30,Contra Costa,013,1133247,176777,172902,11466,184368,1102
2022-01-30,Del Norte,015,27424,4938,4833,133,4966,43
2022-01-30,El Dorado,017,186661,25401,24491,2982,27473,184
2022-01-30,Fresno,019,978130,214323,209645,21562,231207,2463
2022-01-30,Glenn,021,27897,4687,4619,1484,6103,39
2022-01-30,Humboldt,023,135768,15417,15247,2433,17680,126
2022-01-30,Imperial,025,180216,52394,51415,9654,61069,846
2022-01-30,Inyo,027,18085,3941,3921,420,4341,50
2022-01-30,Kern,029,883053,182239,177924,42744,220668,1967
2022-01-30,Kings,031,150075,47809,46654,3269,49923,398
2022-01-30,Lake,033,64148,9554,9080,740,9820,119
2022-01-30,Lassen,035,31185,8372,8158,816,8974,55
2022-01-30,Los Angeles,037,10098052,2600476,2530739,118781,2649520,28678
2022-01-30,Madera,039,155013,34534,33752,5103,38855,329
2022-01-30,Marin,041,260295,31319,30875,2021,32896,253
2022-01-30,Mariposa,043,17540,2223,2177,139,2316,6
2022-01-30,Mendocino,045,87422,12097,11860,2386,14246,104
2022-01-30,Merced,047,269075,58693,58006,7007,65013,740
2022-01-30,Modoc,049,8938,671,661,230,891,6
2022-01-30,Mono,051,14174,2887,2888,115,3003,5
2022-01-30,Monterey,053,433212,73478,65996,11173,77169,661
2022-01-30,Napa,055,140530,23608,22588,816,23404,114
2022-01-30,Nevada,057,99092,15014,14741,1032,15773,112
2022-01-30,Orange,059,3164182,526385,521334,39232,560566,6098
2022-01-30,Placer,061,380077,59388,58030,6934,64964,523
2022-01-30,Plumas,063,18699,2759,2510,277,2787,12
2022-01-30,Riverside,065,2383286,569195,557088,26615,583703,5767
2022-01-30,Sacramento,067,1510023,264348,255715,23921,279636,2572
2022-01-30,San Benito,069,59416,12101,11945,470,12415,90
2022-01-30,San Bernardino,071,2135413,549756,534050,24018,558068,6302
2022-01-30,San Diego,073,3302833,710680,687145,48584,735729,4665
2022-01-30,San Francisco,075,870044,115357,110772,7737,118509,712
2022-01-30,San Joaquin,077,732212,157112,155165,9469,164634,1985
2022-01-30,San Luis Obispo,079,281455,48596,47599,3282,50881,394
2022-01-30,San Mateo,081,765935,114041,102979,6287,109266,589
2022-01-30,Santa Barbara,083,443738,80002,79072,4328,83400,606
2022-01-30,Santa Clara,085,1922200,287316,282846,11038,293884,2035
2022-01-30,Santa Cruz,087,273765,42470,41330,1981,43311,239
2022-01-30,Shasta,089,179085,28532,28105,5516,33621,462
2022-01-30,Sierra,091,2930,266,261,44,305,0
2022-01-30,Siskiyou,093,43540,4137,4039,2403,6442,66
2022-01-30,Solano,095,438530,75319,71857,5101,76958,414
2022-01-30,Sonoma,097,501317,77612,75890,2203,78093,431
2022-01-30,Stanislaus,099,539301,110868,110111,15663,125774,1403
2022-01-30,Sutter,101,95872,19385,19108,1629,20737,202
2022-01-30,Tehama,103,63373,11266,11071,2432,13503,145
2022-01-30,Trinity,105,12862,1109,1068,267,1335,19
2022-01-30,Tulare,107,460477,99599,95676,25645,121321,1245
2022-01-30,Tuolumne,109,53932,11703,11242,430,11672,91
2022-01-30,Ventura,111,848112,165577,163521,8998,172519,1286
2022-01-30,Yolo,113,214977,34445,33043,2846,35889,274
2022-01-30,Yuba,115,75493,14824,14584,1013,15597,103
2022-01-29,Alameda,001,1643700,237258,225602,12390,237992,1605
2022-01-29,Alpine,003,1148,119,123,1,124,0
2022-01-29,Amador,005,37829,7875,7505,516,8021,73
2022-01-29,Butte,007,227075,30747,29557,6045,35602,353
2022-01-29,Calaveras,009,45235,6777,6484,277,6761,96
2022-01-29,Colusa,011,21464,3246,3107,985,4092,21
2022-01-29,Contra Costa,013,1133247,176254,168003,11436,179439,1101
2022-01-29,Del Norte,015,27424,4920,4589,130,4719,43
2022-01-29,El Dorado,017,186661,25359,24008,2975,26983,184
2022-01-29,Fresno,019,978130,213865,202691,21520,224211,2457
2022-01-29,Glenn,021,27897,4680,4516,1477,5993,39
2022-01-29,Humboldt,023,135768,15370,14812,2426,17238,126
2022-01-29,Imperial,025,180216,52278,50153,9598,59751,845
2022-01-29,Inyo,027,18085,3939,3895,412,4307,50
2022-01-29,Kern,029,883053,181899,174456,42577,217033,1962
2022-01-29,Kings,031,150075,47691,45047,3262,48309,397
2022-01-29,Lake,033,64148,9521,8747,736,9483,119
2022-01-29,Lassen,035,31185,8351,7961,813,8774,55
2022-01-29,Los Angeles,037,10098052,2596551,2473332,118511,2591843,28467
2022-01-29,Madera,039,155013,34424,32753,5073,37826,329
2022-01-29,Marin,041,260295,31254,30137,2019,32156,253
2022-01-29,Mariposa,043,17540,2221,2117,137,2254,6
2022-01-29,Mendocino,045,87422,12073,11591,2370,13961,104
2022-01-29,Merced,047,269075,58586,56472,7002,63474,735
2022-01-29,Modoc,049,8938,671,654,230,884,6
2022-01-29,Mono,051,14174,2885,2860,115,2975,5
2022-01-29,Monterey,053,433212,73323,64090,11108,75198,658
2022-01-29,Napa,055,140530,23551,22121,814,22935,113
2022-01-29,Nevada,057,99092,14980,14337,1029,15366,112
2022-01-29,Orange,059,3164182,525680,511255,39125,550380,6038
2022-01-29,Placer,061,380077,59195,56562,6918,63480,523
2022-01-29,Plumas,063,18699,2749,2463,273,2736,12
2022-01-29,Riverside,065,2383286,568172,548121,26573,574694,5726
2022-01-29,Sacramento,067,1510023,263702,249130,23874,273004,2558
2022-01-29,San Benito,069,59416,12044,11670,469,12139,90
2022-01-29,San Bernardino,071,2135413,549008,525249,23973,549222,6297
2022-01-29,San Diego,073,3302833,709346,683027,48486,731513,4643
2022-01-29,San Francisco,075,870044,115082,108265,7689,115954,712
2022-01-29,San Joaquin,077,732212,156867,150849,9447,160296,1971
2022-01-29,San Luis Obispo,079,281455,48506,46374,3278,49652,391
2022-01-29,San Mateo,081,765935,113704,100306,6264,106570,586
2022-01-29,Santa Barbara,083,443738,79780,76546,4321,80867,604
2022-01-29,Santa Clara,085,1922200,286379,273879,11010,284889,2019
2022-01-29,Santa Cruz,087,273765,42339,39228,1979,41207,240
2022-01-29,Shasta,089,179085,28472,27504,5502,33006,452
2022-01-29,Sierra,091,2930,266,260,43,303,0
2022-01-29,Siskiyou,093,43540,4127,3987,2396,6383,66
2022-01-29,Solano,095,438530,75176,69862,5089,74951,407
2022-01-29,Sonoma,097,501317,77398,73439,2198,75637,427
2022-01-29,Stanislaus,099,539301,110620,107668,15616,123284,1403
2022-01-29,Sutter,101,95872,19337,18797,1612,20409,202
2022-01-29,Tehama,103,63373,11231,10880,2423,13303,145
2022-01-29,Trinity,105,12862,1106,1033,266,1299,19
2022-01-29,Tulare,107,460477,99344,93154,25567,118721,1237
2022-01-29,Tuolumne,109,53932,11678,10806,422,11228,91
2022-01-29,Ventura,111,848112,165247,160466,8980,169446,1271
2022-01-29,Yolo,113,214977,34331,32123,2830,34953,275
2022-01-29,Yuba,115,75493,14783,14295,1011,15306,103
2022-01-28,Alameda,001,1643700,236312,225602,12372,237974,1605
2022-01-28,Alpine,003,1148,119,123,1,124,0
2022-01-28,Amador,005,37829,7849,7505,515,8020,73
2022-01-28,Butte,007,227075,30671,29557,6026,35583,353
2022-01-28,Calaveras,009,45235,6759,6484,276,6760,96
2022-01-28,Colusa,011,21464,3241,3107,983,4090,21
2022-01-28,Contra Costa,013,1133247,175732,168003,11399,179402,1101
2022-01-28,Del Norte,015,27424,4896,4589,129,4718,43
2022-01-28,El Dorado,017,186661,25312,24008,2969,26977,184
2022-01-28,Fresno,019,978130,212995,202691,21462,224153,2457
2022-01-28,Glenn,021,27897,4667,4516,1475,5991,39
2022-01-28,Humboldt,023,135768,15334,14812,2416,17228,126
2022-01-28,Imperial,025,180216,52149,50153,9566,59719,845
2022-01-28,Inyo,027,18085,3935,3895,409,4304,50
2022-01-28,Kern,029,883053,181488,174456,42418,216874,1962
2022-01-28,Kings,031,150075,47560,45047,3252,48299,397
2022-01-28,Lake,033,64148,9489,8747,734,9481,119
2022-01-28,Lassen,035,31185,8281,7961,811,8772,55
2022-01-28,Los Angeles,037,10098052,2590818,2473332,118297,2591629,28467
2022-01-28,Madera,039,155013,34296,32753,5056,37809,329
2022-01-28,Marin,041,260295,31161,30137,1997,32134,253
2022-01-28,Mariposa,043,17540,2211,2117,135,2252,6
2022-01-28,Mendocino,045,87422,12029,11591,2368,13959,104
2022-01-28,Merced,047,269075,58489,56472,6987,63459,735
2022-01-28,Modoc,049,8938,670,654,230,884,6
2022-01-28,Mono,051,14174,2880,2860,114,2974,5
2022-01-28,Monterey,053,433212,73121,64090,11059,75149,658
2022-01-28,Napa,055,140530,23473,22121,812,22933,113
2022-01-28,Nevada,057,99092,14943,14337,1027,15364,112
2022-01-28,Orange,059,3164182,524611,511255,39035,550290,6038
2022-01-28,Placer,061,380077,58991,56562,6895,63457,523
2022-01-28,Plumas,063,18699,2741,2463,271,2734,12
2022-01-28,Riverside,065,2383286,566848,548121,26532,574653,5726
2022-01-28,Sacramento,067,1510023,262921,249130,23820,272950,2558
2022-01-28,San Benito,069,59416,12022,11670,464,12134,90
2022-01-28,San Bernardino,071,2135413,547964,525249,23935,549184,6297
2022-01-28,San Diego,073,3302833,707524,683027,48410,731437,4643
2022-01-28,San Francisco,075,870044,114727,108265,7640,115905,712
2022-01-28,San Joaquin,077,732212,156578,150849,9433,160282,1971
2022-01-28,San Luis Obispo,079,281455,48422,46374,3270,49644,391
2022-01-28,San Mateo,081,765935,113352,100306,6242,106548,586
2022-01-28,Santa Barbara,083,443738,79531,76546,4319,80865,604
2022-01-28,Santa Clara,085,1922200,285194,273879,10961,284840,2019
2022-01-28,Santa Cruz,087,273765,42147,39228,1966,41194,240
2022-01-28,Shasta,089,179085,28412,27504,5488,32992,452
2022-01-28,Sierra,091,2930,266,260,43,303,0
2022-01-28,Siskiyou,093,43540,4117,3987,2392,6379,66
2022-01-28,Solano,095,438530,74623,69862,5022,74884,407
2022-01-28,Sonoma,097,501317,77193,73439,2189,75628,427
2022-01-28,Stanislaus,099,539301,110348,107668,15574,123242,1403
2022-01-28,Sutter,101,95872,19292,18797,1610,20407,202
2022-01-28,Tehama,103,63373,11199,10880,2416,13296,145
2022-01-28,Trinity,105,12862,1097,1033,266,1299,19
2022-01-28,Tulare,107,460477,99068,93154,25457,118611,1237
2022-01-28,Tuolumne,109,53932,11645,10806,418,11224,91
2022-01-28,Ventura,111,848112,164792,160466,8959,169425,1271
2022-01-28,Yolo,113,214977,34226,32123,2822,34945,275
2022-01-28,Yuba,115,75493,14744,14295,1006,15301,103
2022-01-27,Alameda,001,1643700,234733,225602,12236,237838,1605
2022-01-27,Alpine,003,1148,119,123,1,124,0
2022-01-27,Amador,005,37829,7802,7505,503,8008,73
2022-01-27,Butte,007,227075,30519,29557,5974,35531,353
2022-01-27,Calaveras,009,45235,6733,6484,260,6744,96
2022-01-27,Colusa,011,21464,3226,3107,979,4086,21
2022-01-27,Contra Costa,013,1133247,174727,168003,11224,179227,1101
2022-01-27,Del Norte,015,27424,4852,4589,125,4714,43
2022-01-27,El Dorado,017,186661,25201,24008,2949,26957,184
2022-01-27,Fresno,019,978130,211369,202691,21244,223935,2457
2022-01-27,Glenn,021,27897,4636,4516,1467,5983,39
2022-01-27,Humboldt,023,135768,15246,14812,2379,17191,126
2022-01-27,Imperial,025,180216,51879,50153,9452,59605,845
2022-01-27,Inyo,027,18085,3928,3895,399,4294,50
2022-01-27,Kern,029,883053,180708,174456,42053,216509,1962
2022-01-27,Kings,031,150075,47217,45047,3213,48260,397
2022-01-27,Lake,033,64148,9436,8747,717,9464,119
2022-01-27,Lassen,035,31185,8240,7961,805,8766,55
2022-01-27,Los Angeles,037,10098052,2579662,2473332,117781,2591113,28467
2022-01-27,Madera,039,155013,34086,32753,4949,37702,329
2022-01-27,Marin,041,260295,30998,30137,1982,32119,253
2022-01-27,Mariposa,043,17540,2188,2117,132,2249,6
2022-01-27,Mendocino,045,87422,11978,11591,2319,13910,104
2022-01-27,Merced,047,269075,58227,56472,6821,63293,735
2022-01-27,Modoc,049,8938,668,654,229,883,6
2022-01-27,Mono,051,14174,2875,2860,114,2974,5
2022-01-27,Monterey,053,433212,72500,64090,10804,74894,658
2022-01-27,Napa,055,140530,23316,22121,784,22905,113
2022-01-27,Nevada,057,99092,14870,14337,999,15336,112
2022-01-27,Orange,059,3164182,522884,511255,38899,550154,6038
2022-01-27,Placer,061,380077,58674,56562,6841,63403,523
2022-01-27,Plumas,063,18699,2730,2463,259,2722,12
2022-01-27,Riverside,065,2383286,564673,548121,26462,574583,5726
2022-01-27,Sacramento,067,1510023,261643,249130,23488,272618,2558
2022-01-27,San Benito,069,59416,11967,11670,459,12129,90
2022-01-27,San Bernardino,071,2135413,546072,525249,23834,549083,6297
2022-01-27,San Diego,073,3302833,704177,683027,48058,731085,4643
2022-01-27,San Francisco,075,870044,114222,108265,7579,115844,712
2022-01-27,San Joaquin,077,732212,155721,150849,9364,160213,1971
2022-01-27,San Luis Obispo,079,281455,48151,46374,3232,49606,391
2022-01-27,San Mateo,081,765935,112769,100306,6173,106479,586
2022-01-27,Santa Barbara,083,443738,79052,76546,4263,80809,604
2022-01-27,Santa Clara,085,1922200,283133,273879,10812,284691,2019
2022-01-27,Santa Cruz,087,273765,41481,39228,1947,41175,240
2022-01-27,Shasta,089,179085,28286,27504,5439,32943,452
2022-01-27,Sierra,091,2930,265,260,42,302,0
2022-01-27,Siskiyou,093,43540,4096,3987,2355,6342,66
2022-01-27,Solano,095,438530,73985,69862,4971,74833,407
2022-01-27,Sonoma,097,501317,76728,73439,2176,75615,427
2022-01-27,Stanislaus,099,539301,109821,107668,15427,123095,1403
2022-01-27,Sutter,101,95872,19187,18797,1585,20382,202
2022-01-27,Tehama,103,63373,11146,10880,2400,13280,145
2022-01-27,Trinity,105,12862,1093,1033,265,1298,19
2022-01-27,Tulare,107,460477,98400,93154,25173,118327,1237
2022-01-27,Tuolumne,109,53932,11592,10806,409,11215,91
2022-01-27,Ventura,111,848112,164140,160466,8926,169392,1271
2022-01-27,Yolo,113,214977,34082,32123,2804,34927,275
2022-01-27,Yuba,115,75493,14666,14295,990,15285,103
2022-01-26,Alameda,001,1643700,232839,222680,12064,234744,1596
2022-01-26,Alpine,003,1148,119,123,1,124,0
2022-01-26,Amador,005,37829,7728,7427,488,7915,73
2022-01-26,Butte,007,227075,30321,29229,5918,35147,353
2022-01-26,Calaveras,009,45235,6695,6387,253,6640,96
2022-01-26,Colusa,011,21464,3208,3094,972,4066,21
2022-01-26,Contra Costa,013,1133247,173598,165972,11059,177031,1095
2022-01-26,Del Norte,015,27424,4795,4542,124,4666,43
2022-01-26,El Dorado,017,186661,25081,23819,2926,26745,181
2022-01-26,Fresno,019,978130,209519,199689,21026,220715,2452
2022-01-26,Glenn,021,27897,4603,4472,1462,5934,39
2022-01-26,Humboldt,023,135768,15147,14715,2334,17049,126
2022-01-26,Imperial,025,180216,51522,49477,9304,58781,839
2022-01-26,Inyo,027,18085,3925,3889,367,4256,50
2022-01-26,Kern,029,883053,179769,173052,41708,214760,1953
2022-01-26,Kings,031,150075,46812,44367,3183,47550,396
2022-01-26,Lake,033,64148,9354,8645,707,9352,119
2022-01-26,Lassen,035,31185,8200,7888,805,8693,55
2022-01-26,Los Angeles,037,10098052,2567440,2450620,117330,2567950,28382
2022-01-26,Madera,039,155013,33847,32323,4812,37135,329
2022-01-26,Marin,041,260295,30816,29813,1965,31778,253
2022-01-26,Mariposa,043,17540,2171,2108,125,2233,6
2022-01-26,Mendocino,045,87422,11931,11453,2268,13721,103
2022-01-26,Merced,047,269075,57859,56060,6643,62703,733
2022-01-26,Modoc,049,8938,667,652,228,880,6
2022-01-26,Mono,051,14174,2872,2852,114,2966,4
2022-01-26,Monterey,053,433212,71943,63264,10507,73771,659
2022-01-26,Napa,055,140530,23160,21864,773,22637,112
2022-01-26,Nevada,057,99092,14776,14128,988,15116,112
2022-01-26,Orange,059,3164182,520897,506419,38735,545154,6007
2022-01-26,Placer,061,380077,58335,55892,6777,62669,524
2022-01-26,Plumas,063,18699,2703,2425,257,2682,12
2022-01-26,Riverside,065,2383286,562149,543788,26343,570131,5701
2022-01-26,Sacramento,067,1510023,259950,246416,23147,269563,2559
2022-01-26,San Benito,069,59416,11896,11563,447,12010,90
2022-01-26,San Bernardino,071,2135413,543844,521699,23725,545424,6291
2022-01-26,San Diego,073,3302833,699963,676392,47699,724091,4622
2022-01-26,San Francisco,075,870044,113586,107174,7545,114719,704
2022-01-26,San Joaquin,077,732212,154732,148770,9310,158080,1971
2022-01-26,San Luis Obispo,079,281455,47847,45716,3205,48921,391
2022-01-26,San Mateo,081,765935,112102,99016,6044,105060,586
2022-01-26,Santa Barbara,083,443738,78523,75548,4202,79750,600
2022-01-26,Santa Clara,085,1922200,281041,270470,10636,281106,2015
2022-01-26,Santa Cruz,087,273765,40961,38298,1933,40231,239
2022-01-26,Shasta,089,179085,28138,27255,5392,32647,452
2022-01-26,Sierra,091,2930,264,260,41,301,0
2022-01-26,Siskiyou,093,43540,4080,3971,2330,6301,66
2022-01-26,Solano,095,438530,73290,69150,4904,74054,401
2022-01-26,Sonoma,097,501317,76168,72509,2141,74650,423
2022-01-26,Stanislaus,099,539301,109264,106582,15207,121789,1396
2022-01-26,Sutter,101,95872,19077,18670,1539,20209,202
2022-01-26,Tehama,103,63373,11092,10749,2383,13132,145
2022-01-26,Trinity,105,12862,1088,1008,265,1273,19
2022-01-26,Tulare,107,460477,97590,91904,24927,116831,1234
2022-01-26,Tuolumne,109,53932,11409,10699,398,11097,91
2022-01-26,Ventura,111,848112,163428,159077,8886,167963,1263
2022-01-26,Yolo,113,214977,33866,31913,2765,34678,275
2022-01-26,Yuba,115,75493,14581,14171,968,15139,103
2022-01-25,Alameda,001,1643700,230948,219753,11882,231635,1589
2022-01-25,Alpine,003,1148,119,122,1,123,0
2022-01-25,Amador,005,37829,7651,7352,477,7829,73
2022-01-25,Butte,007,227075,30113,28887,5845,34732,351
2022-01-25,Calaveras,009,45235,6637,6266,239,6505,95
2022-01-25,Colusa,011,21464,3188,3074,970,4044,21
2022-01-25,Contra Costa,013,1133247,172279,163792,10840,174632,1092
2022-01-25,Del Norte,015,27424,4725,4514,118,4632,43
2022-01-25,El Dorado,017,186661,24945,23339,2900,26239,179
2022-01-25,Fresno,019,978130,207377,198262,20738,219000,2434
2022-01-25,Glenn,021,27897,4571,4418,1446,5864,39
2022-01-25,Humboldt,023,135768,15056,14574,2308,16882,126
2022-01-25,Imperial,025,180216,51066,48913,9079,57992,832
2022-01-25,Inyo,027,18085,3910,3857,322,4179,50
2022-01-25,Kern,029,883053,178763,171695,41248,212943,1947
2022-01-25,Kings,031,150075,46342,43853,3137,46990,396
2022-01-25,Lake,033,64148,9275,8543,695,9238,118
2022-01-25,Lassen,035,31185,8169,7834,794,8628,55
2022-01-25,Los Angeles,037,10098052,2552500,2433516,116688,2550204,28293
2022-01-25,Madera,039,155013,33524,31794,4676,36470,329
2022-01-25,Marin,041,260295,30638,29589,1952,31541,253
2022-01-25,Mariposa,043,17540,2159,2069,119,2188,6
2022-01-25,Mendocino,045,87422,11811,11280,2165,13445,103
2022-01-25,Merced,047,269075,57479,55555,6499,62054,733
2022-01-25,Modoc,049,8938,665,652,228,880,6
2022-01-25,Mono,051,14174,2862,2826,113,2939,4
2022-01-25,Monterey,053,433212,71369,62498,10099,72597,654
2022-01-25,Napa,055,140530,22965,21668,738,22406,111
2022-01-25,Nevada,057,99092,14663,13944,964,14908,112
2022-01-25,Orange,059,3164182,518617,504274,38542,542816,5980
2022-01-25,Placer,061,380077,57934,55465,6704,62169,518
2022-01-25,Plumas,063,18699,2678,2397,253,2650,12
2022-01-25,Riverside,065,2383286,559055,540723,26175,566898,5686
2022-01-25,Sacramento,067,1510023,258004,244468,22602,267070,2545
2022-01-25,San Benito,069,59416,11796,11446,443,11889,88
2022-01-25,San Bernardino,071,2135413,541288,519150,23609,542759,6288
2022-01-25,San Diego,073,3302833,694968,670110,47248,717358,4604
2022-01-25,San Francisco,075,870044,112824,106254,7501,113755,703
2022-01-25,San Joaquin,077,732212,153742,147271,9245,156516,1972
2022-01-25,San Luis Obispo,079,281455,47485,45130,3157,48287,391
2022-01-25,San Mateo,081,765935,111269,98010,5933,103943,586
2022-01-25,Santa Barbara,083,443738,77855,74686,4120,78806,594
2022-01-25,Santa Clara,085,1922200,278429,268031,10431,278462,2006
2022-01-25,Santa Cruz,087,273765,40290,37850,1917,39767,237
2022-01-25,Shasta,089,179085,27976,27090,5325,32415,452
2022-01-25,Sierra,091,2930,264,260,37,297,0
2022-01-25,Siskiyou,093,43540,4056,3958,2295,6253,65
2022-01-25,Solano,095,438530,72722,68657,4847,73504,399
2022-01-25,Sonoma,097,501317,75475,71633,2101,73734,423
2022-01-25,Stanislaus,099,539301,108593,105965,14982,120947,1396
2022-01-25,Sutter,101,95872,18974,18508,1497,20005,200
2022-01-25,Tehama,103,63373,11029,10669,2357,13026,145
2022-01-25,Trinity,105,12862,1081,999,263,1262,19
2022-01-25,Tulare,107,460477,96716,91237,24580,115817,1229
2022-01-25,Tuolumne,109,53932,11228,10516,374,10890,91
2022-01-25,Ventura,111,848112,162573,157971,8840,166811,1263
2022-01-25,Yolo,113,214977,33606,31677,2719,34396,274
2022-01-25,Yuba,115,75493,14496,14038,940,14978,103
2022-01-24,Alameda,001,1643700,228500,216252,11612,227864,1581
2022-01-24,Alpine,003,1148,119,120,1,121,0
2022-01-24,Amador,005,37829,7600,7166,439,7605,73
2022-01-24,Butte,007,227075,29886,28607,5782,34389,350
2022-01-24,Calaveras,009,45235,6588,6172,225,6397,95
2022-01-24,Colusa,011,21464,3169,3052,954,4006,21
2022-01-24,Contra Costa,013,1133247,170790,162161,10623,172784,1092
2022-01-24,Del Norte,015,27424,4665,4460,118,4578,43
2022-01-24,El Dorado,017,186661,24779,23128,2871,25999,179
2022-01-24,Fresno,019,978130,205073,196092,20432,216524,2430
2022-01-24,Glenn,021,27897,4530,4367,1436,5803,39
2022-01-24,Humboldt,023,135768,14944,14416,2262,16678,126
2022-01-24,Imperial,025,180216,50524,48228,8791,57019,824
2022-01-24,Inyo,027,18085,3904,3805,297,4102,50
2022-01-24,Kern,029,883053,177453,169892,40770,210662,1946
2022-01-24,Kings,031,150075,45767,43260,3064,46324,396
2022-01-24,Lake,033,64148,9166,8423,680,9103,118
2022-01-24,Lassen,035,31185,8085,7732,775,8507,55
2022-01-24,Los Angeles,037,10098052,2535978,2391045,115909,2506954,28230
2022-01-24,Madera,039,155013,33086,31339,4488,35827,329
2022-01-24,Marin,041,260295,30407,29301,1915,31216,253
2022-01-24,Mariposa,043,17540,2134,2033,115,2148,6
2022-01-24,Mendocino,045,87422,11707,11002,2084,13086,103
2022-01-24,Merced,047,269075,56986,54970,6214,61184,730
2022-01-24,Modoc,049,8938,662,648,227,875,6
2022-01-24,Mono,051,14174,2852,2802,112,2914,4
2022-01-24,Monterey,053,433212,70507,61975,9736,71711,654
2022-01-24,Napa,055,140530,22785,21494,725,22219,111
2022-01-24,Nevada,057,99092,14536,13774,941,14715,112
2022-01-24,Orange,059,3164182,516044,501634,38280,539914,5969
2022-01-24,Placer,061,380077,57456,54933,6653,61586,518
2022-01-24,Plumas,063,18699,2647,2370,239,2609,12
2022-01-24,Riverside,065,2383286,555327,535962,25965,561927,5661
2022-01-24,Sacramento,067,1510023,255637,241522,22021,263543,2526
2022-01-24,San Benito,069,59416,11699,11331,430,11761,88
2022-01-24,San Bernardino,071,2135413,538361,515604,23445,539049,6285
2022-01-24,San Diego,073,3302833,689316,663580,46697,710277,4586
2022-01-24,San Francisco,075,870044,111863,105418,7405,112823,703
2022-01-24,San Joaquin,077,732212,152430,145984,9169,155153,1959
2022-01-24,San Luis Obispo,079,281455,47013,44616,3102,47718,387
2022-01-24,San Mateo,081,765935,110305,96968,5816,102784,586
2022-01-24,Santa Barbara,083,443738,77044,73866,4024,77890,591
2022-01-24,Santa Clara,085,1922200,275556,265341,10219,275560,2006
2022-01-24,Santa Cruz,087,273765,39491,37188,1895,39083,237
2022-01-24,Shasta,089,179085,27793,26871,5237,32108,452
2022-01-24,Sierra,091,2930,264,258,37,295,0
2022-01-24,Siskiyou,093,43540,4047,3934,2256,6190,64
2022-01-24,Solano,095,438530,72039,68094,4768,72862,400
2022-01-24,Sonoma,097,501317,74559,70733,2069,72802,423
2022-01-24,Stanislaus,099,539301,107836,104933,14706,119639,1395
2022-01-24,Sutter,101,95872,18858,18336,1408,19744,200
2022-01-24,Tehama,103,63373,10959,10567,2337,12904,145
2022-01-24,Trinity,105,12862,1072,978,261,1239,19
2022-01-24,Tulare,107,460477,95645,90089,24179,114268,1219
2022-01-24,Tuolumne,109,53932,11108,10374,365,10739,91
2022-01-24,Ventura,111,848112,161550,156551,8795,165346,1261
2022-01-24,Yolo,113,214977,33314,31480,2681,34161,273
2022-01-24,Yuba,115,75493,14389,13862,899,14761,103
2022-01-23,Alameda,001,1643700,225802,214003,11279,225282,1583
2022-01-23,Alpine,003,1148,119,120,1,121,0
2022-01-23,Amador,005,37829,7544,7090,399,7489,73
2022-01-23,Butte,007,227075,29591,28340,5675,34015,350
2022-01-23,Calaveras,009,45235,6523,6095,202,6297,95
2022-01-23,Colusa,011,21464,3145,3040,947,3987,21
2022-01-23,Contra Costa,013,1133247,168943,160798,10260,171058,1092
2022-01-23,Del Norte,015,27424,4599,4419,112,4531,43
2022-01-23,El Dorado,017,186661,24588,22925,2822,25747,179
2022-01-23,Fresno,019,978130,202601,193642,19952,213594,2430
2022-01-23,Glenn,021,27897,4479,4340,1412,5752,39
2022-01-23,Humboldt,023,135768,14822,14296,2180,16476,126
2022-01-23,Imperial,025,180216,49925,47935,8503,56438,824
2022-01-23,Inyo,027,18085,3877,3781,283,4064,50
2022-01-23,Kern,029,883053,176090,168585,40240,208825,1946
2022-01-23,Kings,031,150075,45131,42622,2960,45582,397
2022-01-23,Lake,033,64148,8996,8363,653,9016,118
2022-01-23,Lassen,035,31185,8036,7710,751,8461,55
2022-01-23,Los Angeles,037,10098052,2515685,2390590,114749,2505339,28231
2022-01-23,Madera,039,155013,32726,30962,4246,35208,329
2022-01-23,Marin,041,260295,30154,29025,1877,30902,253
2022-01-23,Mariposa,043,17540,2119,2011,112,2123,6
2022-01-23,Mendocino,045,87422,11582,10889,1951,12840,103
2022-01-23,Merced,047,269075,56432,54644,5766,60410,730
2022-01-23,Modoc,049,8938,660,645,224,869,6
2022-01-23,Mono,051,14174,2844,2788,110,2898,4
2022-01-23,Monterey,053,433212,69668,61522,9292,70814,654
2022-01-23,Napa,055,140530,22523,21281,712,21993,111
2022-01-23,Nevada,057,99092,14371,13629,913,14542,112
2022-01-23,Orange,059,3164182,512944,498968,37986,536954,5970
2022-01-23,Placer,061,380077,56885,54568,6563,61131,518
2022-01-23,Plumas,063,18699,2614,2368,210,2578,12
2022-01-23,Riverside,065,2383286,550881,532273,25658,557931,5661
2022-01-23,Sacramento,067,1510023,252997,239589,21051,260640,2530
2022-01-23,San Benito,069,59416,11577,11225,419,11644,88
2022-01-23,San Bernardino,071,2135413,534921,512657,23166,535823,6281
2022-01-23,San Diego,073,3302833,682703,640215,45896,686111,4566
2022-01-23,San Francisco,075,870044,110797,104485,7297,111782,704
2022-01-23,San Joaquin,077,732212,150813,144621,9085,153706,1959
2022-01-23,San Luis Obispo,079,281455,46319,44183,3023,47206,386
2022-01-23,San Mateo,081,765935,109188,95940,5668,101608,586
2022-01-23,Santa Barbara,083,443738,75921,73041,3898,76939,590
2022-01-23,Santa Clara,085,1922200,272257,261991,9892,271883,2005
2022-01-23,Santa Cruz,087,273765,38960,36547,1863,38410,237
2022-01-23,Shasta,089,179085,27512,26732,5115,31847,452
2022-01-23,Sierra,091,2930,263,252,37,289,0
2022-01-23,Siskiyou,093,43540,4021,3916,2198,6114,64
2022-01-23,Solano,095,438530,71242,67457,4672,72129,400
2022-01-23,Sonoma,097,501317,73602,69791,2013,71804,423
2022-01-23,Stanislaus,099,539301,106976,104067,14425,118492,1395
2022-01-23,Sutter,101,95872,18701,18175,1293,19468,200
2022-01-23,Tehama,103,63373,10861,10481,2305,12786,145
2022-01-23,Trinity,105,12862,1069,961,259,1220,19
2022-01-23,Tulare,107,460477,94383,89120,23740,112860,1219
2022-01-23,Tuolumne,109,53932,10917,10243,347,10590,91
2022-01-23,Ventura,111,848112,160368,155052,8721,163773,1261
2022-01-23,Yolo,113,214977,32936,30908,2639,33547,273
2022-01-23,Yuba,115,75493,14265,13762,844,14606,103
2022-01-22,Alameda,001,1643700,224711,203927,11245,215172,1575
2022-01-22,Alpine,003,1148,118,119,1,120,0
2022-01-22,Amador,005,37829,7510,6845,394,7239,73
2022-01-22,Butte,007,227075,29473,27232,5651,32883,350
2022-01-22,Calaveras,009,45235,6493,5835,201,6036,95
2022-01-22,Colusa,011,21464,3128,2954,944,3898,21
2022-01-22,Contra Costa,013,1133247,168012,154111,10230,164341,1091
2022-01-22,Del Norte,015,27424,4562,4269,108,4377,43
2022-01-22,El Dorado,017,186661,24519,22273,2812,25085,179
2022-01-22,Fresno,019,978130,201782,185292,19883,205175,2429
2022-01-22,Glenn,021,27897,4473,4174,1409,5583,39
2022-01-22,Humboldt,023,135768,14755,13628,2167,15795,125
2022-01-22,Imperial,025,180216,49735,45741,8443,54184,820
2022-01-22,Inyo,027,18085,3873,3706,259,3965,50
2022-01-22,Kern,029,883053,175464,162902,39935,202837,1946
2022-01-22,Kings,031,150075,44923,40580,2947,43527,396
2022-01-22,Lake,033,64148,8962,8056,645,8701,118
2022-01-22,Lassen,035,31185,8002,7545,744,8289,55
2022-01-22,Los Angeles,037,10098052,2508284,2286280,114240,2400520,28038
2022-01-22,Madera,039,155013,32607,29595,4231,33826,329
2022-01-22,Marin,041,260295,30028,27893,1872,29765,253
2022-01-22,Mariposa,043,17540,2115,1920,112,2032,6
2022-01-22,Mendocino,045,87422,11532,10395,1929,12324,103
2022-01-22,Merced,047,269075,56280,53025,5757,58782,727
2022-01-22,Modoc,049,8938,659,639,224,863,6
2022-01-22,Mono,051,14174,2843,2723,106,2829,4
2022-01-22,Monterey,053,433212,69461,59038,9248,68286,651
2022-01-22,Napa,055,140530,22428,20402,702,21104,111
2022-01-22,Nevada,057,99092,14304,12957,905,13862,112
2022-01-22,Orange,059,3164182,511340,480329,37737,518066,5946
2022-01-22,Placer,061,380077,56615,52557,6524,59081,512
2022-01-22,Plumas,063,18699,2597,2289,206,2495,12
2022-01-22,Riverside,065,2383286,548965,513567,25585,539152,5623
2022-01-22,Sacramento,067,1510023,251947,230206,20945,251151,2510
2022-01-22,San Benito,069,59416,11518,10743,414,11157,88
2022-01-22,San Bernardino,071,2135413,533421,495209,23070,518279,6267
2022-01-22,San Diego,073,3302833,680212,628904,45681,674585,4559
2022-01-22,San Francisco,075,870044,110140,100238,7148,107386,702
2022-01-22,San Joaquin,077,732212,150374,138264,9042,147306,1960
2022-01-22,San Luis Obispo,079,281455,46201,42154,3016,45170,385
2022-01-22,San Mateo,081,765935,108603,91440,5605,97045,585
2022-01-22,Santa Barbara,083,443738,75499,69555,3892,73447,589
2022-01-22,Santa Clara,085,1922200,270578,249205,9825,259030,1993
2022-01-22,Santa Cruz,087,273765,38778,33741,1856,35597,237
2022-01-22,Shasta,089,179085,27416,25919,5093,31012,450
2022-01-22,Sierra,091,2930,263,248,36,284,0
2022-01-22,Siskiyou,093,43540,4003,3845,2177,6022,62
2022-01-22,Solano,095,438530,71019,63882,4633,68515,391
2022-01-22,Sonoma,097,501317,73178,66013,2003,68016,422
2022-01-22,Stanislaus,099,539301,106518,100092,14334,114426,1393
2022-01-22,Sutter,101,95872,18633,17616,1280,18896,199
2022-01-22,Tehama,103,63373,10826,10171,2295,12466,142
2022-01-22,Trinity,105,12862,1067,925,259,1184,19
2022-01-22,Tulare,107,460477,94000,85223,23611,108834,1211
2022-01-22,Tuolumne,109,53932,10849,9731,341,10072,91
2022-01-22,Ventura,111,848112,159677,148742,8687,157429,1250
2022-01-22,Yolo,113,214977,32758,30061,2622,32683,273
2022-01-22,Yuba,115,75493,14175,13288,839,14127,103
2022-01-21,Alameda,001,1643700,223140,203927,11213,215140,1575
2022-01-21,Alpine,003,1148,118,119,1,120,0
2022-01-21,Amador,005,37829,7453,6845,391,7236,73
2022-01-21,Butte,007,227075,29345,27232,5609,32841,350
2022-01-21,Calaveras,009,45235,6447,5835,201,6036,95
2022-01-21,Colusa,011,21464,3121,2954,939,3893,21
2022-01-21,Contra Costa,013,1133247,166960,154111,10151,164262,1091
2022-01-21,Del Norte,015,27424,4521,4269,108,4377,43
2022-01-21,El Dorado,017,186661,24436,22273,2795,25068,179
2022-01-21,Fresno,019,978130,200539,185292,19782,205074,2429
2022-01-21,Glenn,021,27897,4454,4174,1404,5578,39
2022-01-21,Humboldt,023,135768,14686,13628,2148,15776,125
2022-01-21,Imperial,025,180216,49544,45741,8365,54106,820
2022-01-21,Inyo,027,18085,3860,3706,254,3960,50
2022-01-21,Kern,029,883053,174745,162902,39560,202462,1946
2022-01-21,Kings,031,150075,44726,40580,2939,43519,396
2022-01-21,Lake,033,64148,8905,8056,632,8688,118
2022-01-21,Lassen,035,31185,7953,7545,740,8285,55
2022-01-21,Los Angeles,037,10098052,2496980,2286280,113779,2400059,28038
2022-01-21,Madera,039,155013,32315,29595,4203,33798,329
2022-01-21,Marin,041,260295,29851,27893,1852,29745,253
2022-01-21,Mariposa,043,17540,2103,1920,111,2031,6
2022-01-21,Mendocino,045,87422,11451,10395,1926,12321,103
2022-01-21,Merced,047,269075,56119,53025,5753,58778,727
2022-01-21,Modoc,049,8938,658,639,224,863,6
2022-01-21,Mono,051,14174,2829,2723,103,2826,4
2022-01-21,Monterey,053,433212,68989,59038,9116,68154,651
2022-01-21,Napa,055,140530,22308,20402,694,21096,111
2022-01-21,Nevada,057,99092,14208,12957,901,13858,112
2022-01-21,Orange,059,3164182,509102,480329,37491,517820,5946
2022-01-21,Placer,061,380077,56222,52557,6462,59019,512
2022-01-21,Plumas,063,18699,2585,2289,201,2490,12
2022-01-21,Riverside,065,2383286,546307,513567,25506,539073,5623
2022-01-21,Sacramento,067,1510023,250503,230206,20842,251048,2510
2022-01-21,San Benito,069,59416,11483,10743,411,11154,88
2022-01-21,San Bernardino,071,2135413,531391,495209,22994,518203,6267
2022-01-21,San Diego,073,3302833,676045,628904,45505,674409,4559
2022-01-21,San Francisco,075,870044,109380,100238,7060,107298,702
2022-01-21,San Joaquin,077,732212,149780,138264,8981,147245,1960
2022-01-21,San Luis Obispo,079,281455,46075,42154,3013,45167,385
2022-01-21,San Mateo,081,765935,107931,91440,5564,97004,585
2022-01-21,Santa Barbara,083,443738,74997,69555,3882,73437,589
2022-01-21,Santa Clara,085,1922200,268752,249205,9717,258922,1993
2022-01-21,Santa Cruz,087,273765,38059,33741,1843,35584,237
2022-01-21,Shasta,089,179085,27327,25919,5046,30965,450
2022-01-21,Sierra,091,2930,261,248,35,283,0
2022-01-21,Siskiyou,093,43540,3994,3845,2159,6004,62
2022-01-21,Solano,095,438530,70608,63882,4551,68433,391
2022-01-21,Sonoma,097,501317,72652,66013,1993,68006,422
2022-01-21,Stanislaus,099,539301,106015,100092,14274,114366,1393
2022-01-21,Sutter,101,95872,18546,17616,1266,18882,199
2022-01-21,Tehama,103,63373,10790,10171,2293,12464,142
2022-01-21,Trinity,105,12862,1061,925,258,1183,19
2022-01-21,Tulare,107,460477,93521,85223,23447,108670,1211
2022-01-21,Tuolumne,109,53932,10766,9731,334,10065,91
2022-01-21,Ventura,111,848112,158868,148742,8658,157400,1250
2022-01-21,Yolo,113,214977,32594,30061,2599,32660,273
2022-01-21,Yuba,115,75493,14103,13288,832,14120,103
2022-01-20,Alameda,001,1643700,220076,203927,10973,214900,1575
2022-01-20,Alpine,003,1148,118,119,1,120,0
2022-01-20,Amador,005,37829,7389,6845,373,7218,73
2022-01-20,Butte,007,227075,29090,27232,5531,32763,350
2022-01-20,Calaveras,009,45235,6342,5835,192,6027,95
2022-01-20,Colusa,011,21464,3091,2954,927,3881,21
2022-01-20,Contra Costa,013,1133247,164997,154111,9885,163996,1091
2022-01-20,Del Norte,015,27424,4481,4269,105,4374,43
2022-01-20,El Dorado,017,186661,24233,22273,2752,25025,179
2022-01-20,Fresno,019,978130,197939,185292,19411,204703,2429
2022-01-20,Glenn,021,27897,4419,4174,1395,5569,39
2022-01-20,Humboldt,023,135768,14557,13628,2096,15724,125
2022-01-20,Imperial,025,180216,49023,45741,8186,53927,820
2022-01-20,Inyo,027,18085,3848,3706,243,3949,50
2022-01-20,Kern,029,883053,173219,162902,39013,201915,1946
2022-01-20,Kings,031,150075,44170,40580,2896,43476,396
2022-01-20,Lake,033,64148,8809,8056,604,8660,118
2022-01-20,Lassen,035,31185,7900,7545,725,8270,55
2022-01-20,Los Angeles,037,10098052,2472260,2286280,112793,2399073,28038
2022-01-20,Madera,039,155013,31927,29595,4076,33671,329
2022-01-20,Marin,041,260295,29558,27893,1815,29708,253
2022-01-20,Mariposa,043,17540,2076,1920,108,2028,6
2022-01-20,Mendocino,045,87422,11353,10395,1848,12243,103
2022-01-20,Merced,047,269075,55689,53025,5524,58549,727
2022-01-20,Modoc,049,8938,656,639,224,863,6
2022-01-20,Mono,051,14174,2821,2723,102,2825,4
2022-01-20,Monterey,053,433212,68223,59038,8697,67735,651
2022-01-20,Napa,055,140530,22042,20402,655,21057,111
2022-01-20,Nevada,057,99092,14062,12957,878,13835,112
2022-01-20,Orange,059,3164182,505158,480329,37119,517448,5946
2022-01-20,Placer,061,380077,55734,52557,6401,58958,512
2022-01-20,Plumas,063,18699,2558,2289,197,2486,12
2022-01-20,Riverside,065,2383286,541730,513567,25268,538835,5623
2022-01-20,Sacramento,067,1510023,248211,230206,20191,250397,2510
2022-01-20,San Benito,069,59416,11372,10743,398,11141,88
2022-01-20,San Bernardino,071,2135413,527236,495209,22710,517919,6267
2022-01-20,San Diego,073,3302833,668943,628904,44805,673709,4559
2022-01-20,San Francisco,075,870044,108226,100238,6919,107157,702
2022-01-20,San Joaquin,077,732212,148141,138264,8853,147117,1960
2022-01-20,San Luis Obispo,079,281455,45564,42154,2979,45133,385
2022-01-20,San Mateo,081,765935,106704,91440,5358,96798,585
2022-01-20,Santa Barbara,083,443738,74098,69555,3769,73324,589
2022-01-20,Santa Clara,085,1922200,265441,249205,9388,258593,1993
2022-01-20,Santa Cruz,087,273765,37175,33741,1820,35561,237
2022-01-20,Shasta,089,179085,27137,25919,4979,30898,450
2022-01-20,Sierra,091,2930,261,248,33,281,0
2022-01-20,Siskiyou,093,43540,3982,3845,2126,5971,62
2022-01-20,Solano,095,438530,69662,63882,4462,68344,391
2022-01-20,Sonoma,097,501317,71624,66013,1943,67956,422
2022-01-20,Stanislaus,099,539301,105058,100092,14067,114159,1393
2022-01-20,Sutter,101,95872,18381,17616,1237,18853,199
2022-01-20,Tehama,103,63373,10717,10171,2275,12446,142
2022-01-20,Trinity,105,12862,1047,925,257,1182,19
2022-01-20,Tulare,107,460477,92463,85223,23137,108360,1211
2022-01-20,Tuolumne,109,53932,10624,9731,322,10053,91
2022-01-20,Ventura,111,848112,157483,148742,8583,157325,1250
2022-01-20,Yolo,113,214977,32306,30061,2566,32627,273
2022-01-20,Yuba,115,75493,13997,13288,799,14087,103
2022-01-19,Alameda,001,1643700,216682,199739,10633,210372,1571
2022-01-19,Alpine,003,1148,117,119,1,120,0
2022-01-19,Amador,005,37829,7308,6789,331,7120,73
2022-01-19,Butte,007,227075,28788,26839,5456,32295,351
2022-01-19,Calaveras,009,45235,6252,5765,183,5948,95
2022-01-19,Colusa,011,21464,3066,2938,920,3858,21
2022-01-19,Contra Costa,013,1133247,162688,151543,9644,161187,1091
2022-01-19,Del Norte,015,27424,4442,4240,104,4344,43
2022-01-19,El Dorado,017,186661,23979,21953,2710,24663,177
2022-01-19,Fresno,019,978130,195036,181526,19080,200606,2430
2022-01-19,Glenn,021,27897,4368,4127,1385,5512,39
2022-01-19,Humboldt,023,135768,14398,13391,2043,15434,125
2022-01-19,Imperial,025,180216,48290,45156,7981,53137,820
2022-01-19,Inyo,027,18085,3825,3680,204,3884,49
2022-01-19,Kern,029,883053,171455,160747,38328,199075,1946
2022-01-19,Kings,031,150075,43473,40027,2817,42844,395
2022-01-19,Lake,033,64148,8682,7972,591,8563,118
2022-01-19,Lassen,035,31185,7843,7507,703,8210,55
2022-01-19,Los Angeles,037,10098052,2443882,2251718,111355,2363073,27934
2022-01-19,Madera,039,155013,31545,29021,3903,32924,329
2022-01-19,Marin,041,260295,29262,27375,1772,29147,251
2022-01-19,Mariposa,043,17540,2051,1896,102,1998,6
2022-01-19,Mendocino,045,87422,11182,10252,1754,12006,103
2022-01-19,Merced,047,269075,55143,52355,5168,57523,724
2022-01-19,Modoc,049,8938,654,635,223,858,6
2022-01-19,Mono,051,14174,2799,2677,100,2777,4
2022-01-19,Monterey,053,433212,67314,58426,8234,66660,651
2022-01-19,Napa,055,140530,21789,20090,628,20718,110
2022-01-19,Nevada,057,99092,13905,12703,849,13552,112
2022-01-19,Orange,059,3164182,500673,468460,36747,505207,5943
2022-01-19,Placer,061,380077,55170,51545,6330,57875,511
2022-01-19,Plumas,063,18699,2518,2239,190,2429,12
2022-01-19,Riverside,065,2383286,536201,503575,25028,528603,5604
2022-01-19,Sacramento,067,1510023,245317,226035,19450,245485,2512
2022-01-19,San Benito,069,59416,11231,10639,386,11025,88
2022-01-19,San Bernardino,071,2135413,522601,487846,22328,510174,6265
2022-01-19,San Diego,073,3302833,660166,614709,44078,658787,4553
2022-01-19,San Francisco,075,870044,106854,98652,6840,105492,694
2022-01-19,San Joaquin,077,732212,146245,135953,8721,144674,1959
2022-01-19,San Luis Obispo,079,281455,44965,41374,2913,44287,382
2022-01-19,San Mateo,081,765935,105287,89715,5091,94806,585
2022-01-19,Santa Barbara,083,443738,73101,68531,3668,72199,586
2022-01-19,Santa Clara,085,1922200,261710,244922,9023,253945,1991
2022-01-19,Santa Cruz,087,273765,35872,33026,1795,34821,237
2022-01-19,Shasta,089,179085,26869,25355,4907,30262,450
2022-01-19,Sierra,091,2930,261,245,32,277,0
2022-01-19,Siskiyou,093,43540,3958,3821,2070,5891,62
2022-01-19,Solano,095,438530,68820,63003,4334,67337,392
2022-01-19,Sonoma,097,501317,70524,64689,1898,66587,420
2022-01-19,Stanislaus,099,539301,104007,98952,13775,112727,1381
2022-01-19,Sutter,101,95872,18214,17436,1145,18581,199
2022-01-19,Tehama,103,63373,10603,10064,2226,12290,142
2022-01-19,Trinity,105,12862,1035,916,256,1172,19
2022-01-19,Tulare,107,460477,91165,83743,22650,106393,1200
2022-01-19,Tuolumne,109,53932,10466,9613,298,9911,91
2022-01-19,Ventura,111,848112,155967,144738,8510,153248,1234
2022-01-19,Yolo,113,214977,31941,29392,2530,31922,273
2022-01-19,Yuba,115,75493,13834,13114,786,13900,104
2022-01-18,Alameda,001,1643700,213329,195728,10317,206045,1566
2022-01-18,Alpine,003,1148,117,118,1,119,0
2022-01-18,Amador,005,37829,7171,6691,294,6985,73
2022-01-18,Butte,007,227075,28398,26514,5379,31893,347
2022-01-18,Calaveras,009,45235,6163,5684,168,5852,94
2022-01-18,Colusa,011,21464,3022,2903,915,3818,21
2022-01-18,Contra Costa,013,1133247,160681,149446,9276,158722,1085
2022-01-18,Del Norte,015,27424,4372,4229,99,4328,43
2022-01-18,El Dorado,017,186661,23598,21707,2664,24371,175
2022-01-18,Fresno,019,978130,191538,178922,18638,197560,2425
2022-01-18,Glenn,021,27897,4335,4070,1373,5443,39
2022-01-18,Humboldt,023,135768,14231,13218,1971,15189,125
2022-01-18,Imperial,025,180216,47594,44742,7794,52536,819
2022-01-18,Inyo,027,18085,3784,3654,193,3847,49
2022-01-18,Kern,029,883053,169432,158864,37563,196427,1943
2022-01-18,Kings,031,150075,42598,39440,2735,42175,392
2022-01-18,Lake,033,64148,8569,7919,571,8490,117
2022-01-18,Lassen,035,31185,7760,7461,664,8125,55
2022-01-18,Los Angeles,037,10098052,2410478,2227360,109916,2337276,27871
2022-01-18,Madera,039,155013,31023,28717,3709,32426,329
2022-01-18,Marin,041,260295,28959,27036,1729,28765,251
2022-01-18,Mariposa,043,17540,2026,1872,98,1970,6
2022-01-18,Mendocino,045,87422,11013,10114,1666,11780,103
2022-01-18,Merced,047,269075,54530,51746,4886,56632,718
2022-01-18,Modoc,049,8938,652,633,218,851,6
2022-01-18,Mono,051,14174,2778,2643,99,2742,4
2022-01-18,Monterey,053,433212,66538,57846,7750,65596,650
2022-01-18,Napa,055,140530,21456,19911,611,20522,109
2022-01-18,Nevada,057,99092,13722,12584,806,13390,111
2022-01-18,Orange,059,3164182,495327,461324,36236,497560,5938
2022-01-18,Placer,061,380077,54528,50983,6254,57237,508
2022-01-18,Plumas,063,18699,2480,2218,184,2402,12
2022-01-18,Riverside,065,2383286,530220,497278,24719,521997,5599
2022-01-18,Sacramento,067,1510023,242226,223745,18441,242186,2496
2022-01-18,San Benito,069,59416,11090,10520,372,10892,88
2022-01-18,San Bernardino,071,2135413,517256,483753,21894,505647,6258
2022-01-18,San Diego,073,3302833,649961,605137,43042,648179,4547
2022-01-18,San Francisco,075,870044,105390,96505,6724,103229,694
2022-01-18,San Joaquin,077,732212,144302,134365,8504,142869,1957
2022-01-18,San Luis Obispo,079,281455,44283,40848,2826,43674,381
2022-01-18,San Mateo,081,765935,103774,88225,4893,93118,585
2022-01-18,Santa Barbara,083,443738,71879,67216,3495,70711,581
2022-01-18,Santa Clara,085,1922200,257594,240281,8622,248903,1986
2022-01-18,Santa Cruz,087,273765,35221,32203,1760,33963,237
2022-01-18,Shasta,089,179085,26587,25162,4813,29975,448
2022-01-18,Sierra,091,2930,257,244,32,276,0
2022-01-18,Siskiyou,093,43540,3925,3799,2016,5815,62
2022-01-18,Solano,095,438530,67971,62204,4225,66429,391
2022-01-18,Sonoma,097,501317,69136,63714,1842,65556,419
2022-01-18,Stanislaus,099,539301,102791,98000,13413,111413,1379
2022-01-18,Sutter,101,95872,18023,17295,1073,18368,198
2022-01-18,Tehama,103,63373,10507,9975,2173,12148,142
2022-01-18,Trinity,105,12862,1022,907,255,1162,19
2022-01-18,Tulare,107,460477,89696,82667,22218,104885,1196
2022-01-18,Tuolumne,109,53932,10298,9528,286,9814,91
2022-01-18,Ventura,111,848112,154253,143384,8432,151816,1233
2022-01-18,Yolo,113,214977,31543,28786,2479,31265,270
2022-01-18,Yuba,115,75493,13672,12971,760,13731,101
2022-01-17,Alameda,001,1643700,208622,193276,9723,202999,1565
2022-01-17,Alpine,003,1148,116,118,0,118,0
2022-01-17,Amador,005,37829,7056,6640,236,6876,73
2022-01-17,Butte,007,227075,28016,26303,5274,31577,348
2022-01-17,Calaveras,009,45235,6032,5584,140,5724,94
2022-01-17,Colusa,011,21464,2998,2905,908,3813,21
2022-01-17,Contra Costa,013,1133247,157922,147993,8791,156784,1086
2022-01-17,Del Norte,015,27424,4321,4209,92,4301,43
2022-01-17,El Dorado,017,186661,23350,21540,2582,24122,175
2022-01-17,Fresno,019,978130,187831,176959,18132,195091,2426
2022-01-17,Glenn,021,27897,4282,4055,1359,5414,39
2022-01-17,Humboldt,023,135768,14027,13120,1804,14924,125
2022-01-17,Imperial,025,180216,46906,44412,7622,52034,821
2022-01-17,Inyo,027,18085,3762,3650,167,3817,49
2022-01-17,Kern,029,883053,166888,157645,36678,194323,1944
2022-01-17,Kings,031,150075,41465,39143,2613,41756,392
2022-01-17,Lake,033,64148,8420,7864,531,8395,117
2022-01-17,Lassen,035,31185,7667,7417,626,8043,55
2022-01-17,Los Angeles,037,10098052,2371300,2205740,107947,2313687,27832
2022-01-17,Madera,039,155013,30369,28568,3523,32091,329
2022-01-17,Marin,041,260295,28553,26633,1673,28306,251
2022-01-17,Mariposa,043,17540,2000,1862,92,1954,6
2022-01-17,Mendocino,045,87422,10789,10030,1524,11554,103
2022-01-17,Merced,047,269075,53850,51227,4324,55551,718
2022-01-17,Modoc,049,8938,648,630,218,848,6
2022-01-17,Mono,051,14174,2755,2642,98,2740,4
2022-01-17,Monterey,053,433212,65418,57318,7325,64643,647
2022-01-17,Napa,055,140530,21111,19647,588,20235,109
2022-01-17,Nevada,057,99092,13537,12414,768,13182,111
2022-01-17,Orange,059,3164182,489367,457418,35760,493178,5933
2022-01-17,Placer,061,380077,53796,50511,6108,56619,508
2022-01-17,Plumas,063,18699,2434,2205,152,2357,12
2022-01-17,Riverside,065,2383286,523406,491322,24261,515583,5600
2022-01-17,Sacramento,067,1510023,238143,221143,17060,238203,2497
2022-01-17,San Benito,069,59416,10923,10432,344,10776,88
2022-01-17,San Bernardino,071,2135413,510933,480243,21334,501577,6259
2022-01-17,San Diego,073,3302833,637745,569241,41841,611082,4545
2022-01-17,San Francisco,075,870044,103763,95292,6530,101822,694
2022-01-17,San Joaquin,077,732212,141468,133414,8314,141728,1958
2022-01-17,San Luis Obispo,079,281455,43454,40425,2724,43149,379
2022-01-17,San Mateo,081,765935,101806,87013,4635,91648,585
2022-01-17,Santa Barbara,083,443738,70556,66704,3294,69998,581
2022-01-17,Santa Clara,085,1922200,253104,237934,8179,246113,1985
2022-01-17,Santa Cruz,087,273765,34451,31714,1722,33436,237
2022-01-17,Shasta,089,179085,26307,25025,4691,29716,448
2022-01-17,Sierra,091,2930,256,242,32,274,0
2022-01-17,Siskiyou,093,43540,3886,3764,1936,5700,62
2022-01-17,Solano,095,438530,66933,61497,3963,65460,391
2022-01-17,Sonoma,097,501317,67631,62763,1778,64541,419
2022-01-17,Stanislaus,099,539301,101477,96951,12926,109877,1379
2022-01-17,Sutter,101,95872,17814,17159,934,18093,198
2022-01-17,Tehama,103,63373,10384,9912,2114,12026,142
2022-01-17,Trinity,105,12862,1009,906,251,1157,19
2022-01-17,Tulare,107,460477,87936,81741,21649,103390,1199
2022-01-17,Tuolumne,109,53932,10163,9416,252,9668,91
2022-01-17,Ventura,111,848112,152136,142070,8318,150388,1234
2022-01-17,Yolo,113,214977,31012,28638,2412,31050,270
2022-01-17,Yuba,115,75493,13476,12871,704,13575,101
2022-01-16,Alameda,001,1643700,205551,190691,9459,200150,1564
2022-01-16,Alpine,003,1148,116,118,0,118,0
2022-01-16,Amador,005,37829,6983,6618,228,6846,73
2022-01-16,Butte,007,227075,27673,26139,5225,31364,348
2022-01-16,Calaveras,009,45235,5931,5537,136,5673,94
2022-01-16,Colusa,011,21464,2981,2886,896,3782,21
2022-01-16,Contra Costa,013,1133247,156012,146307,8590,154897,1086
2022-01-16,Del Norte,015,27424,4279,4177,90,4267,43
2022-01-16,El Dorado,017,186661,23075,21303,2543,23846,175
2022-01-16,Fresno,019,978130,185118,174818,17774,192592,2425
2022-01-16,Glenn,021,27897,4227,4049,1337,5386,39
2022-01-16,Humboldt,023,135768,13880,13075,1785,14860,125
2022-01-16,Imperial,025,180216,46334,44035,7453,51488,821
2022-01-16,Inyo,027,18085,3725,3602,145,3747,49
2022-01-16,Kern,029,883053,165616,156655,35887,192542,1944
2022-01-16,Kings,031,150075,41092,38861,2584,41445,392
2022-01-16,Lake,033,64148,8316,7823,497,8320,117
2022-01-16,Lassen,035,31185,7622,7391,612,8003,55
2022-01-16,Los Angeles,037,10098052,2348134,2174403,106411,2280814,27805
2022-01-16,Madera,039,155013,29999,28313,3471,31784,329
2022-01-16,Marin,041,260295,28259,26292,1659,27951,251
2022-01-16,Mariposa,043,17540,1973,1851,87,1938,6
2022-01-16,Mendocino,045,87422,10642,9992,1407,11399,102
2022-01-16,Merced,047,269075,53259,50882,4299,55181,718
2022-01-16,Modoc,049,8938,645,629,218,847,6
2022-01-16,Mono,051,14174,2751,2614,96,2710,4
2022-01-16,Monterey,053,433212,64652,57012,7176,64188,647
2022-01-16,Napa,055,140530,20843,19521,577,20098,109
2022-01-16,Nevada,057,99092,13323,12307,749,13056,111
2022-01-16,Orange,059,3164182,483969,451962,35207,487169,5932
2022-01-16,Placer,061,380077,53089,50076,5995,56071,508
2022-01-16,Plumas,063,18699,2399,2204,142,2346,12
2022-01-16,Riverside,065,2383286,517901,485191,24034,509225,5600
2022-01-16,Sacramento,067,1510023,235184,218819,16319,235138,2491
2022-01-16,San Benito,069,59416,10765,10377,342,10719,88
2022-01-16,San Bernardino,071,2135413,507042,474425,21076,495501,6259
2022-01-16,San Diego,073,3302833,630157,569241,41403,610644,4545
2022-01-16,San Francisco,075,870044,102247,94139,6391,100530,694
2022-01-16,San Joaquin,077,732212,139684,132214,8170,140384,1958
2022-01-16,San Luis Obispo,079,281455,42796,40113,2684,42797,379
2022-01-16,San Mateo,081,765935,100278,85966,4540,90506,585
2022-01-16,Santa Barbara,083,443738,69529,66111,3254,69365,582
2022-01-16,Santa Clara,085,1922200,249441,234293,8025,242318,1984
2022-01-16,Santa Cruz,087,273765,33820,31469,1699,33168,237
2022-01-16,Shasta,089,179085,26051,24980,4623,29603,449
2022-01-16,Sierra,091,2930,252,238,31,269,0
2022-01-16,Siskiyou,093,43540,3858,3748,1896,5644,62
2022-01-16,Solano,095,438530,66259,60885,3831,64716,391
2022-01-16,Sonoma,097,501317,66552,61842,1759,63601,419
2022-01-16,Stanislaus,099,539301,100413,96370,12773,109143,1379
2022-01-16,Sutter,101,95872,17614,16996,911,17907,198
2022-01-16,Tehama,103,63373,10300,9868,2092,11960,142
2022-01-16,Trinity,105,12862,1004,889,249,1138,19
2022-01-16,Tulare,107,460477,86613,80867,21377,102244,1199
2022-01-16,Tuolumne,109,53932,10058,9369,243,9612,91
2022-01-16,Ventura,111,848112,150562,140715,8242,148957,1234
2022-01-16,Yolo,113,214977,30620,28481,2358,30839,270
2022-01-16,Yuba,115,75493,13298,12760,698,13458,101
2022-01-15,Alameda,001,1643700,204185,177768,9406,187174,1561
2022-01-15,Alpine,003,1148,116,117,0,117,0
2022-01-15,Amador,005,37829,6951,6434,214,6648,72
2022-01-15,Butte,007,227075,27518,25032,5176,30208,348
2022-01-15,Calaveras,009,45235,5899,5258,136,5394,93
2022-01-15,Colusa,011,21464,2967,2796,888,3684,21
2022-01-15,Contra Costa,013,1133247,154802,137643,8546,146189,1082
2022-01-15,Del Norte,015,27424,4264,4065,88,4153,43
2022-01-15,El Dorado,017,186661,22977,20434,2526,22960,175
2022-01-15,Fresno,019,978130,184187,167361,17687,185048,2415
2022-01-15,Glenn,021,27897,4220,3906,1330,5236,39
2022-01-15,Humboldt,023,135768,13777,12419,1769,14188,123
2022-01-15,Imperial,025,180216,46196,42508,7340,49848,817
2022-01-15,Inyo,027,18085,3715,3395,145,3540,49
2022-01-15,Kern,029,883053,164772,150085,35495,185580,1938
2022-01-15,Kings,031,150075,40843,37221,2572,39793,391
2022-01-15,Lake,033,64148,8277,7641,484,8125,117
2022-01-15,Lassen,035,31185,7581,7274,606,7880,55
2022-01-15,Los Angeles,037,10098052,2336611,2047927,105454,2153381,27641
2022-01-15,Madera,039,155013,29852,27294,3448,30742,329
2022-01-15,Marin,041,260295,28073,25248,1652,26900,251
2022-01-15,Mariposa,043,17540,1966,1762,87,1849,6
2022-01-15,Mendocino,045,87422,10569,9534,1401,10935,102
2022-01-15,Merced,047,269075,53093,48904,4288,53192,715
2022-01-15,Modoc,049,8938,643,628,218,846,6
2022-01-15,Mono,051,14174,2746,2508,95,2603,4
2022-01-15,Monterey,053,433212,64138,55315,7108,62423,647
2022-01-15,Napa,055,140530,20722,17648,572,18220,109
2022-01-15,Nevada,057,99092,13264,11773,735,12508,111
2022-01-15,Orange,059,3164182,481376,433141,34931,468072,5914
2022-01-15,Placer,061,380077,52799,47780,5961,53741,501
2022-01-15,Plumas,063,18699,2378,2158,136,2294,12
2022-01-15,Riverside,065,2383286,515218,466381,23899,490280,5578
2022-01-15,Sacramento,067,1510023,234026,208156,16215,224371,2491
2022-01-15,San Benito,069,59416,10666,9868,336,10204,87
2022-01-15,San Bernardino,071,2135413,504738,454395,20923,475318,6233
2022-01-15,San Diego,073,3302833,626364,559385,41147,600532,4540
2022-01-15,San Francisco,075,870044,101253,88004,6256,94260,692
2022-01-15,San Joaquin,077,732212,139120,125136,8070,133206,1954
2022-01-15,San Luis Obispo,079,281455,42607,38231,2671,40902,374
2022-01-15,San Mateo,081,765935,99322,80494,4499,84993,582
2022-01-15,Santa Barbara,083,443738,68931,62312,3243,65555,579
2022-01-15,Santa Clara,085,1922200,247238,218986,7900,226886,1974
2022-01-15,Santa Cruz,087,273765,33466,29414,1691,31105,235
2022-01-15,Shasta,089,179085,25960,24482,4591,29073,445
2022-01-15,Sierra,091,2930,251,232,30,262,0
2022-01-15,Siskiyou,093,43540,3846,3661,1885,5546,62
2022-01-15,Solano,095,438530,65980,58061,3780,61841,389
2022-01-15,Sonoma,097,501317,65964,58181,1753,59934,418
2022-01-15,Stanislaus,099,539301,99829,92986,12675,105661,1379
2022-01-15,Sutter,101,95872,17523,16345,901,17246,197
2022-01-15,Tehama,103,63373,10250,9572,2073,11645,141
2022-01-15,Trinity,105,12862,1001,872,249,1121,19
2022-01-15,Tulare,107,460477,86166,77769,21253,99022,1192
2022-01-15,Tuolumne,109,53932,9959,9042,238,9280,91
2022-01-15,Ventura,111,848112,149787,134736,8205,142941,1227
2022-01-15,Yolo,113,214977,30440,27311,2338,29649,270
2022-01-15,Yuba,115,75493,13235,12200,694,12894,101
2022-01-14,Alameda,001,1643700,202144,177768,9354,187122,1561
2022-01-14,Alpine,003,1148,116,117,0,117,0
2022-01-14,Amador,005,37829,6875,6434,205,6639,72
2022-01-14,Butte,007,227075,27337,25032,5147,30179,348
2022-01-14,Calaveras,009,45235,5862,5258,135,5393,93
2022-01-14,Colusa,011,21464,2958,2796,878,3674,21
2022-01-14,Contra Costa,013,1133247,153358,137643,8444,146087,1082
2022-01-14,Del Norte,015,27424,4239,4065,87,4152,43
2022-01-14,El Dorado,017,186661,22822,20434,2508,22942,175
2022-01-14,Fresno,019,978130,182532,167361,17611,184972,2415
2022-01-14,Glenn,021,27897,4198,3906,1321,5227,39
2022-01-14,Humboldt,023,135768,13670,12419,1736,14155,123
2022-01-14,Imperial,025,180216,46024,42508,7320,49828,817
2022-01-14,Inyo,027,18085,3690,3395,141,3536,49
2022-01-14,Kern,029,883053,163773,150085,35058,185143,1938
2022-01-14,Kings,031,150075,40592,37221,2563,39784,391
2022-01-14,Lake,033,64148,8220,7641,471,8112,117
2022-01-14,Lassen,035,31185,7547,7274,594,7868,55
2022-01-14,Los Angeles,037,10098052,2317302,2047927,104408,2152335,27641
2022-01-14,Madera,039,155013,29615,27294,3423,30717,329
2022-01-14,Marin,041,260295,27814,25248,1617,26865,251
2022-01-14,Mariposa,043,17540,1951,1762,87,1849,6
2022-01-14,Mendocino,045,87422,10457,9534,1388,10922,102
2022-01-14,Merced,047,269075,52908,48904,4272,53176,715
2022-01-14,Modoc,049,8938,642,628,218,846,6
2022-01-14,Mono,051,14174,2725,2508,93,2601,4
2022-01-14,Monterey,053,433212,63441,55315,7016,62331,647
2022-01-14,Napa,055,140530,20552,17648,566,18214,109
2022-01-14,Nevada,057,99092,13141,11773,722,12495,111
2022-01-14,Orange,059,3164182,477642,433141,34609,467750,5914
2022-01-14,Placer,061,380077,52362,47780,5875,53655,501
2022-01-14,Plumas,063,18699,2370,2158,129,2287,12
2022-01-14,Riverside,065,2383286,511690,466381,23755,490136,5578
2022-01-14,Sacramento,067,1510023,232081,208156,16058,224214,2491
2022-01-14,San Benito,069,59416,10614,9868,335,10203,87
2022-01-14,San Bernardino,071,2135413,501609,454395,20734,475129,6233
2022-01-14,San Diego,073,3302833,620713,559385,40842,600227,4540
2022-01-14,San Francisco,075,870044,100081,88004,6079,94083,692
2022-01-14,San Joaquin,077,732212,138272,125136,7988,133124,1954
2022-01-14,San Luis Obispo,079,281455,42441,38231,2648,40879,374
2022-01-14,San Mateo,081,765935,98095,80494,4470,84964,582
2022-01-14,Santa Barbara,083,443738,68412,62312,3233,65545,579
2022-01-14,Santa Clara,085,1922200,244665,218986,7793,226779,1974
2022-01-14,Santa Cruz,087,273765,33089,29414,1681,31095,235
2022-01-14,Shasta,089,179085,25839,24482,4557,29039,445
2022-01-14,Sierra,091,2930,249,232,28,260,0
2022-01-14,Siskiyou,093,43540,3835,3661,1872,5533,62
2022-01-14,Solano,095,438530,65137,58061,3690,61751,389
2022-01-14,Sonoma,097,501317,65427,58181,1726,59907,418
2022-01-14,Stanislaus,099,539301,99223,92986,12574,105560,1379
2022-01-14,Sutter,101,95872,17397,16345,892,17237,197
2022-01-14,Tehama,103,63373,10197,9572,2060,11632,141
2022-01-14,Trinity,105,12862,996,872,247,1119,19
2022-01-14,Tulare,107,460477,85633,77769,21078,98847,1192
2022-01-14,Tuolumne,109,53932,9836,9042,233,9275,91
2022-01-14,Ventura,111,848112,148680,134736,8147,142883,1227
2022-01-14,Yolo,113,214977,30198,27311,2308,29619,270
2022-01-14,Yuba,115,75493,13132,12200,689,12889,101
2022-01-13,Alameda,001,1643700,197832,177768,9003,186771,1561
2022-01-13,Alpine,003,1148,115,117,0,117,0
2022-01-13,Amador,005,37829,6815,6434,184,6618,72
2022-01-13,Butte,007,227075,27036,25032,5035,30067,348
2022-01-13,Calaveras,009,45235,5771,5258,131,5389,93
2022-01-13,Colusa,011,21464,2926,2796,868,3664,21
2022-01-13,Contra Costa,013,1133247,150837,137643,7988,145631,1082
2022-01-13,Del Norte,015,27424,4203,4065,86,4151,43
2022-01-13,El Dorado,017,186661,22574,20434,2462,22896,175
2022-01-13,Fresno,019,978130,179730,167361,17246,184607,2415
2022-01-13,Glenn,021,27897,4151,3906,1295,5201,39
2022-01-13,Humboldt,023,135768,13516,12419,1674,14093,123
2022-01-13,Imperial,025,180216,45480,42508,7097,49605,817
2022-01-13,Inyo,027,18085,3634,3395,124,3519,49
2022-01-13,Kern,029,883053,162188,150085,34461,184546,1938
2022-01-13,Kings,031,150075,40111,37221,2518,39739,391
2022-01-13,Lake,033,64148,8119,7641,450,8091,117
2022-01-13,Lassen,035,31185,7513,7274,578,7852,55
2022-01-13,Los Angeles,037,10098052,2280848,2047927,102621,2150548,27641
2022-01-13,Madera,039,155013,29148,27294,3329,30623,329
2022-01-13,Marin,041,260295,27469,25248,1573,26821,251
2022-01-13,Mariposa,043,17540,1928,1762,84,1846,6
2022-01-13,Mendocino,045,87422,10366,9534,1320,10854,102
2022-01-13,Merced,047,269075,52249,48904,4010,52914,715
2022-01-13,Modoc,049,8938,639,628,218,846,6
2022-01-13,Mono,051,14174,2702,2508,90,2598,4
2022-01-13,Monterey,053,433212,62505,55315,6728,62043,647
2022-01-13,Napa,055,140530,20254,17648,556,18204,109
2022-01-13,Nevada,057,99092,12950,11773,692,12465,111
2022-01-13,Orange,059,3164182,471200,433141,34154,467295,5914
2022-01-13,Placer,061,380077,51731,47780,5760,53540,501
2022-01-13,Plumas,063,18699,2350,2158,119,2277,12
2022-01-13,Riverside,065,2383286,505395,466381,23425,489806,5578
2022-01-13,Sacramento,067,1510023,228982,208156,15252,223408,2491
2022-01-13,San Benito,069,59416,10510,9868,327,10195,87
2022-01-13,San Bernardino,071,2135413,495910,454395,20257,474652,6233
2022-01-13,San Diego,073,3302833,612192,559385,39968,599353,4540
2022-01-13,San Francisco,075,870044,98345,88004,5881,93885,692
2022-01-13,San Joaquin,077,732212,136206,125136,7838,132974,1954
2022-01-13,San Luis Obispo,079,281455,41838,38231,2543,40774,374
2022-01-13,San Mateo,081,765935,96313,80494,4229,84723,582
2022-01-13,Santa Barbara,083,443738,67414,62312,3047,65359,579
2022-01-13,Santa Clara,085,1922200,240412,218986,7456,226442,1974
2022-01-13,Santa Cruz,087,273765,32273,29414,1659,31073,235
2022-01-13,Shasta,089,179085,25630,24482,4484,28966,445
2022-01-13,Sierra,091,2930,248,232,28,260,0
2022-01-13,Siskiyou,093,43540,3813,3661,1831,5492,62
2022-01-13,Solano,095,438530,64006,58061,3578,61639,389
2022-01-13,Sonoma,097,501317,64360,58181,1668,59849,418
2022-01-13,Stanislaus,099,539301,98106,92986,12292,105278,1379
2022-01-13,Sutter,101,95872,17201,16345,827,17172,197
2022-01-13,Tehama,103,63373,10098,9572,2011,11583,141
2022-01-13,Trinity,105,12862,988,872,247,1119,19
2022-01-13,Tulare,107,460477,84347,77769,20762,98531,1192
2022-01-13,Tuolumne,109,53932,9697,9042,215,9257,91
2022-01-13,Ventura,111,848112,146897,134736,8057,142793,1227
2022-01-13,Yolo,113,214977,29785,27311,2261,29572,270
2022-01-13,Yuba,115,75493,12997,12200,660,12860,101
2022-01-12,Alameda,001,1643700,193207,173001,8542,181543,1563
2022-01-12,Alpine,003,1148,115,117,0,117,0
2022-01-12,Amador,005,37829,6767,6354,170,6524,71
2022-01-12,Butte,007,227075,26711,24631,4947,29578,348
2022-01-12,Calaveras,009,45235,5692,5151,125,5276,93
2022-01-12,Colusa,011,21464,2887,2772,855,3627,21
2022-01-12,Contra Costa,013,1133247,148293,134579,7625,142204,1077
2022-01-12,Del Norte,015,27424,4176,4019,84,4103,43
2022-01-12,El Dorado,017,186661,22252,20092,2421,22513,175
2022-01-12,Fresno,019,978130,176995,165316,16825,182141,2413
2022-01-12,Glenn,021,27897,4099,3859,1273,5132,39
2022-01-12,Humboldt,023,135768,13344,12081,1592,13673,122
2022-01-12,Imperial,025,180216,44824,41985,6783,48768,814
2022-01-12,Inyo,027,18085,3588,3334,108,3442,49
2022-01-12,Kern,029,883053,160048,148435,33723,182158,1933
2022-01-12,Kings,031,150075,39479,36780,2476,39256,391
2022-01-12,Lake,033,64148,8003,7535,406,7941,117
2022-01-12,Lassen,035,31185,7470,7223,551,7774,55
2022-01-12,Los Angeles,037,10098052,2241138,2005065,100366,2105431,27601
2022-01-12,Madera,039,155013,28831,26952,3231,30183,329
2022-01-12,Marin,041,260295,26979,24704,1522,26226,251
2022-01-12,Mariposa,043,17540,1899,1725,82,1807,6
2022-01-12,Mendocino,045,87422,10201,9379,1220,10599,103
2022-01-12,Merced,047,269075,51549,48441,3734,52175,710
2022-01-12,Modoc,049,8938,637,627,218,845,6
2022-01-12,Mono,051,14174,2666,2466,86,2552,4
2022-01-12,Monterey,053,433212,61519,54524,6365,60889,647
2022-01-12,Napa,055,140530,19996,17347,533,17880,109
2022-01-12,Nevada,057,99092,12736,11552,644,12196,111
2022-01-12,Orange,059,3164182,464415,425737,33562,459299,5912
2022-01-12,Placer,061,380077,51075,47004,5647,52651,501
2022-01-12,Plumas,063,18699,2310,2135,108,2243,12
2022-01-12,Riverside,065,2383286,498182,458881,23079,481960,5565
2022-01-12,Sacramento,067,1510023,225392,204696,14353,219049,2479
2022-01-12,San Benito,069,59416,10379,9737,315,10052,87
2022-01-12,San Bernardino,071,2135413,489619,447869,19632,467501,6222
2022-01-12,San Diego,073,3302833,601684,551669,39110,590779,4529
2022-01-12,San Francisco,075,870044,96508,85700,5768,91468,691
2022-01-12,San Joaquin,077,732212,133923,122850,7710,130560,1948
2022-01-12,San Luis Obispo,079,281455,41110,37727,2460,40187,373
2022-01-12,San Mateo,081,765935,94281,78476,3851,82327,582
2022-01-12,Santa Barbara,083,443738,66270,60815,2942,63757,578
2022-01-12,Santa Clara,085,1922200,235919,213177,7073,220250,1971
2022-01-12,Santa Cruz,087,273765,31618,28463,1610,30073,235
2022-01-12,Shasta,089,179085,25417,24324,4418,28742,446
2022-01-12,Sierra,091,2930,247,228,28,256,0
2022-01-12,Siskiyou,093,43540,3785,3639,1784,5423,62
2022-01-12,Solano,095,438530,62960,57052,3456,60508,386
2022-01-12,Sonoma,097,501317,63073,56394,1584,57978,417
2022-01-12,Stanislaus,099,539301,96874,91738,11951,103689,1373
2022-01-12,Sutter,101,95872,17006,16135,794,16929,197
2022-01-12,Tehama,103,63373,10009,9475,1950,11425,141
2022-01-12,Trinity,105,12862,984,868,246,1114,19
2022-01-12,Tulare,107,460477,83213,76943,20351,97294,1192
2022-01-12,Tuolumne,109,53932,9566,8870,197,9067,91
2022-01-12,Ventura,111,848112,144986,132180,7976,140156,1220
2022-01-12,Yolo,113,214977,29372,26888,2183,29071,270
2022-01-12,Yuba,115,75493,12837,12015,633,12648,101
2022-01-11,Alameda,001,1643700,188686,169181,8141,177322,1561
2022-01-11,Alpine,003,1148,115,116,0,116,0
2022-01-11,Amador,005,37829,6683,6317,155,6472,71
2022-01-11,Butte,007,227075,26318,24479,4857,29336,347
2022-01-11,Calaveras,009,45235,5561,5083,111,5194,93
2022-01-11,Colusa,011,21464,2864,2766,841,3607,21
2022-01-11,Contra Costa,013,1133247,145325,132410,7141,139551,1077
2022-01-11,Del Norte,015,27424,4143,4006,82,4088,43
2022-01-11,El Dorado,017,186661,21906,19842,2348,22190,174
2022-01-11,Fresno,019,978130,173947,163509,16478,179987,2404
2022-01-11,Glenn,021,27897,4037,3844,1228,5072,39
2022-01-11,Humboldt,023,135768,13123,11960,1499,13459,122
2022-01-11,Imperial,025,180216,44219,41444,6576,48020,813
2022-01-11,Inyo,027,18085,3490,3278,101,3379,49
2022-01-11,Kern,029,883053,157764,146942,32891,179833,1929
2022-01-11,Kings,031,150075,38891,36524,2445,38969,389
2022-01-11,Lake,033,64148,7925,7494,390,7884,117
2022-01-11,Lassen,035,31185,7420,7210,537,7747,55
2022-01-11,Los Angeles,037,10098052,2198727,1966319,98135,2064454,27563
2022-01-11,Madera,039,155013,28415,26688,3151,29839,329
2022-01-11,Marin,041,260295,26621,24387,1477,25864,251
2022-01-11,Mariposa,043,17540,1877,1718,78,1796,6
2022-01-11,Mendocino,045,87422,10040,9301,1122,10423,102
2022-01-11,Merced,047,269075,50784,48068,3551,51619,708
2022-01-11,Modoc,049,8938,636,626,217,843,6
2022-01-11,Mono,051,14174,2623,2425,85,2510,4
2022-01-11,Monterey,053,433212,60476,53911,6013,59924,646
2022-01-11,Napa,055,140530,19555,17020,485,17505,109
2022-01-11,Nevada,057,99092,12510,11467,609,12076,110
2022-01-11,Orange,059,3164182,456744,417703,32926,450629,5909
2022-01-11,Placer,061,380077,50321,46459,5503,51962,500
2022-01-11,Plumas,063,18699,2275,2099,100,2199,12
2022-01-11,Riverside,065,2383286,490454,453766,22762,476528,5551
2022-01-11,Sacramento,067,1510023,221207,201058,13303,214361,2489
2022-01-11,San Benito,069,59416,10242,9624,302,9926,83
2022-01-11,San Bernardino,071,2135413,481897,442960,19023,461983,6198
2022-01-11,San Diego,073,3302833,589677,536954,38003,574957,4520
2022-01-11,San Francisco,075,870044,94305,83678,5608,89286,691
2022-01-11,San Joaquin,077,732212,131547,121139,7539,128678,1944
2022-01-11,San Luis Obispo,079,281455,40335,37183,2341,39524,372
2022-01-11,San Mateo,081,765935,91985,76756,3629,80385,582
2022-01-11,Santa Barbara,083,443738,64966,59758,2803,62561,578
2022-01-11,Santa Clara,085,1922200,230537,208425,6616,215041,1971
2022-01-11,Santa Cruz,087,273765,31110,27709,1559,29268,232
2022-01-11,Shasta,089,179085,25158,24132,4324,28456,446
2022-01-11,Sierra,091,2930,245,228,28,256,0
2022-01-11,Siskiyou,093,43540,3761,3621,1734,5355,62
2022-01-11,Solano,095,438530,61564,56349,3300,59649,388
2022-01-11,Sonoma,097,501317,61555,55411,1503,56914,416
2022-01-11,Stanislaus,099,539301,95507,90998,11586,102584,1372
2022-01-11,Sutter,101,95872,16805,15993,738,16731,197
2022-01-11,Tehama,103,63373,9879,9406,1902,11308,140
2022-01-11,Trinity,105,12862,972,858,244,1102,19
2022-01-11,Tulare,107,460477,81906,76267,19941,96208,1188
2022-01-11,Tuolumne,109,53932,9408,8811,190,9001,91
2022-01-11,Ventura,111,848112,142755,129548,7835,137383,1220
2022-01-11,Yolo,113,214977,28796,26482,2119,28601,270
2022-01-11,Yuba,115,75493,12663,11912,612,12524,101
2022-01-10,Alameda,001,1643700,183580,165657,7613,173270,1559
2022-01-10,Alpine,003,1148,115,116,0,116,0
2022-01-10,Amador,005,37829,6580,6279,139,6418,71
2022-01-10,Butte,007,227075,25978,24217,4767,28984,347
2022-01-10,Calaveras,009,45235,5462,5025,105,5130,93
2022-01-10,Colusa,011,21464,2835,2758,832,3590,21
2022-01-10,Contra Costa,013,1133247,142598,129951,6629,136580,1077
2022-01-10,Del Norte,015,27424,4120,3970,82,4052,43
2022-01-10,El Dorado,017,186661,21340,19606,2291,21897,172
2022-01-10,Fresno,019,978130,170903,161593,16079,177672,2404
2022-01-10,Glenn,021,27897,3978,3807,1214,5021,39
2022-01-10,Humboldt,023,135768,12880,11778,1366,13144,121
2022-01-10,Imperial,025,180216,43493,41080,6354,47434,811
2022-01-10,Inyo,027,18085,3435,3227,89,3316,49
2022-01-10,Kern,029,883053,155192,145744,32137,177881,1929
2022-01-10,Kings,031,150075,38272,36286,2408,38694,389
2022-01-10,Lake,033,64148,7836,7416,366,7782,117
2022-01-10,Lassen,035,31185,7382,7192,514,7706,55
2022-01-10,Los Angeles,037,10098052,2153211,1932475,95645,2028120,27546
2022-01-10,Madera,039,155013,27962,26501,3049,29550,328
2022-01-10,Marin,041,260295,26132,24023,1403,25426,251
2022-01-10,Mariposa,043,17540,1837,1684,72,1756,6
2022-01-10,Mendocino,045,87422,9867,9163,1034,10197,101
2022-01-10,Merced,047,269075,49975,47632,3270,50902,707
2022-01-10,Modoc,049,8938,635,622,215,837,6
2022-01-10,Mono,051,14174,2557,2415,80,2495,4
2022-01-10,Monterey,053,433212,59519,53485,5696,59181,645
2022-01-10,Napa,055,140530,19178,16775,470,17245,109
2022-01-10,Nevada,057,99092,12286,11300,571,11871,110
2022-01-10,Orange,059,3164182,448050,406170,32071,438241,5906
2022-01-10,Placer,061,380077,49471,45642,5341,50983,498
2022-01-10,Plumas,063,18699,2240,2086,98,2184,12
2022-01-10,Riverside,065,2383286,482201,445536,22308,467844,5546
2022-01-10,Sacramento,067,1510023,216699,198023,12231,210254,2474
2022-01-10,San Benito,069,59416,10071,9467,292,9759,83
2022-01-10,San Bernardino,071,2135413,473698,437207,18296,455503,6184
2022-01-10,San Diego,073,3302833,576978,530506,36865,567371,4500
2022-01-10,San Francisco,075,870044,92510,82209,5347,87556,690
2022-01-10,San Joaquin,077,732212,128883,119587,7252,126839,1927
2022-01-10,San Luis Obispo,079,281455,39518,36618,2243,38861,371
2022-01-10,San Mateo,081,765935,89337,75210,3371,78581,582
2022-01-10,Santa Barbara,083,443738,63706,58957,2613,61570,578
2022-01-10,Santa Clara,085,1922200,224756,203540,6130,209670,1971
2022-01-10,Santa Cruz,087,273765,30269,26906,1520,28426,232
2022-01-10,Shasta,089,179085,24961,23983,4246,28229,446
2022-01-10,Sierra,091,2930,242,223,28,251,0
2022-01-10,Siskiyou,093,43540,3728,3592,1690,5282,62
2022-01-10,Solano,095,438530,60526,55663,3091,58754,385
2022-01-10,Sonoma,097,501317,60007,54478,1456,55934,412
2022-01-10,Stanislaus,099,539301,94173,89997,11256,101253,1372
2022-01-10,Sutter,101,95872,16561,15823,691,16514,196
2022-01-10,Tehama,103,63373,9767,9360,1846,11206,140
2022-01-10,Trinity,105,12862,968,849,242,1091,19
2022-01-10,Tulare,107,460477,80405,75498,19527,95025,1186
2022-01-10,Tuolumne,109,53932,9282,8685,178,8863,91
2022-01-10,Ventura,111,848112,140147,126240,7689,133929,1217
2022-01-10,Yolo,113,214977,28199,26065,2064,28129,270
2022-01-10,Yuba,115,75493,12415,11776,577,12353,101
2022-01-09,Alameda,001,1643700,179076,162701,6938,169639,1561
2022-01-09,Alpine,003,1148,115,116,0,116,0
2022-01-09,Amador,005,37829,6492,6215,127,6342,71
2022-01-09,Butte,007,227075,25590,24018,4652,28670,347
2022-01-09,Calaveras,009,45235,5333,4976,96,5072,93
2022-01-09,Colusa,011,21464,2808,2750,809,3559,21
2022-01-09,Contra Costa,013,1133247,139738,128050,5976,134026,1077
2022-01-09,Del Norte,015,27424,4080,3950,78,4028,43
2022-01-09,El Dorado,017,186661,20978,19430,2225,21655,172
2022-01-09,Fresno,019,978130,168320,159989,15697,175686,2405
2022-01-09,Glenn,021,27897,3923,3797,1193,4990,39
2022-01-09,Humboldt,023,135768,12636,11582,1243,12825,121
2022-01-09,Imperial,025,180216,42653,40608,6085,46693,811
2022-01-09,Inyo,027,18085,3332,3149,80,3229,49
2022-01-09,Kern,029,883053,152733,144819,31388,176207,1927
2022-01-09,Kings,031,150075,37594,36041,2370,38411,389
2022-01-09,Lake,033,64148,7725,7393,321,7714,117
2022-01-09,Lassen,035,31185,7318,7172,485,7657,55
2022-01-09,Los Angeles,037,10098052,2105201,1887830,92640,1980470,27532
2022-01-09,Madera,039,155013,27580,26325,2948,29273,328
2022-01-09,Marin,041,260295,25682,23708,1312,25020,251
2022-01-09,Mariposa,043,17540,1787,1660,71,1731,6
2022-01-09,Mendocino,045,87422,9660,9097,922,10019,101
2022-01-09,Merced,047,269075,49104,47294,2998,50292,706
2022-01-09,Modoc,049,8938,633,619,215,834,6
2022-01-09,Mono,051,14174,2522,2390,73,2463,4
2022-01-09,Monterey,053,433212,58457,53251,5424,58675,645
2022-01-09,Napa,055,140530,18683,16614,454,17068,109
2022-01-09,Nevada,057,99092,12031,11152,510,11662,110
2022-01-09,Orange,059,3164182,438056,400563,31114,431677,5905
2022-01-09,Placer,061,380077,48480,45081,5190,50271,498
2022-01-09,Plumas,063,18699,2201,2081,78,2159,12
2022-01-09,Riverside,065,2383286,473215,440413,21760,462173,5546
2022-01-09,Sacramento,067,1510023,211898,195444,11081,206525,2475
2022-01-09,San Benito,069,59416,9885,9363,264,9627,83
2022-01-09,San Bernardino,071,2135413,465492,430257,17475,447732,6180
2022-01-09,San Diego,073,3302833,563820,478206,35010,513216,4500
2022-01-09,San Francisco,075,870044,90644,80463,5099,85562,690
2022-01-09,San Joaquin,077,732212,125804,118422,7085,125507,1927
2022-01-09,San Luis Obispo,079,281455,38711,36291,2135,38426,371
2022-01-09,San Mateo,081,765935,86827,73867,3040,76907,582
2022-01-09,Santa Barbara,083,443738,62022,58280,2350,60630,578
2022-01-09,Santa Clara,085,1922200,218707,199889,5584,205473,1976
2022-01-09,Santa Cruz,087,273765,29518,26513,1488,28001,232
2022-01-09,Shasta,089,179085,24720,23926,4158,28084,446
2022-01-09,Sierra,091,2930,239,223,26,249,0
2022-01-09,Siskiyou,093,43540,3699,3580,1629,5209,62
2022-01-09,Solano,095,438530,59370,54985,2804,57789,384
2022-01-09,Sonoma,097,501317,58331,53543,1418,54961,412
2022-01-09,Stanislaus,099,539301,92805,89248,10994,100242,1372
2022-01-09,Sutter,101,95872,16273,15695,610,16305,196
2022-01-09,Tehama,103,63373,9649,9306,1794,11100,140
2022-01-09,Trinity,105,12862,964,848,240,1088,19
2022-01-09,Tulare,107,460477,78986,75085,19132,94217,1186
2022-01-09,Tuolumne,109,53932,9126,8595,159,8754,91
2022-01-09,Ventura,111,848112,137094,124269,7449,131718,1217
2022-01-09,Yolo,113,214977,27590,25632,2017,27649,270
2022-01-09,Yuba,115,75493,12217,11666,546,12212,101
2022-01-08,Alameda,001,1643700,177188,148560,6794,155354,1558
2022-01-08,Alpine,003,1148,115,114,0,114,0
2022-01-08,Amador,005,37829,6461,6091,122,6213,71
2022-01-08,Butte,007,227075,25407,23429,4613,28042,347
2022-01-08,Calaveras,009,45235,5288,4823,92,4915,93
2022-01-08,Colusa,011,21464,2800,2713,806,3519,21
2022-01-08,Contra Costa,013,1133247,138232,119907,5896,125803,1077
2022-01-08,Del Norte,015,27424,4063,3902,78,3980,43
2022-01-08,El Dorado,017,186661,20797,18599,2191,20790,172
2022-01-08,Fresno,019,978130,167435,155394,15561,170955,2393
2022-01-08,Glenn,021,27897,3915,3732,1188,4920,39
2022-01-08,Humboldt,023,135768,12515,11149,1217,12366,121
2022-01-08,Imperial,025,180216,42465,39429,5940,45369,800
2022-01-08,Inyo,027,18085,3318,3020,77,3097,49
2022-01-08,Kern,029,883053,151597,140410,30954,171364,1921
2022-01-08,Kings,031,150075,37353,35275,2352,37627,390
2022-01-08,Lake,033,64148,7685,7209,313,7522,117
2022-01-08,Lassen,035,31185,7288,7127,469,7596,55
2022-01-08,Los Angeles,037,10098052,2086828,1765787,90891,1856678,27476
2022-01-08,Madera,039,155013,27413,25767,2911,28678,328
2022-01-08,Marin,041,260295,25400,22377,1301,23678,251
2022-01-08,Mariposa,043,17540,1777,1588,71,1659,6
2022-01-08,Mendocino,045,87422,9586,8792,920,9712,101
2022-01-08,Merced,047,269075,48931,46094,2978,49072,703
2022-01-08,Modoc,049,8938,633,610,215,825,6
2022-01-08,Mono,051,14174,2511,2240,68,2308,4
2022-01-08,Monterey,053,433212,58069,51721,5331,57052,644
2022-01-08,Napa,055,140530,18529,15819,428,16247,109
2022-01-08,Nevada,057,99092,11944,10765,497,11262,110
2022-01-08,Orange,059,3164182,434261,375124,30258,405382,5903
2022-01-08,Placer,061,380077,48036,43172,5148,48320,495
2022-01-08,Plumas,063,18699,2191,2053,73,2126,12
2022-01-08,Riverside,065,2383286,469699,422591,21486,444077,5535
2022-01-08,Sacramento,067,1510023,210466,185118,10916,196034,2470
2022-01-08,San Benito,069,59416,9722,9016,261,9277,83
2022-01-08,San Bernardino,071,2135413,462144,411724,17076,428800,6122
2022-01-08,San Diego,073,3302833,558918,472273,34466,506739,4495
2022-01-08,San Francisco,075,870044,89444,73660,4818,78478,690
2022-01-08,San Joaquin,077,732212,124835,112514,6984,119498,1916
2022-01-08,San Luis Obispo,079,281455,38509,34489,2092,36581,369
2022-01-08,San Mateo,081,765935,85444,67918,2953,70871,582
2022-01-08,Santa Barbara,083,443738,61327,54617,2316,56933,575
2022-01-08,Santa Clara,085,1922200,215667,183842,5376,189218,1966
2022-01-08,Santa Cruz,087,273765,29092,24678,1467,26145,230
2022-01-08,Shasta,089,179085,24628,23585,4126,27711,445
2022-01-08,Sierra,091,2930,235,215,25,240,0
2022-01-08,Siskiyou,093,43540,3687,3545,1615,5160,62
2022-01-08,Solano,095,438530,58962,52452,2735,55187,383
2022-01-08,Sonoma,097,501317,57807,50130,1384,51514,411
2022-01-08,Stanislaus,099,539301,92165,87049,10885,97934,1372
2022-01-08,Sutter,101,95872,16154,15261,597,15858,195
2022-01-08,Tehama,103,63373,9618,9109,1786,10895,140
2022-01-08,Trinity,105,12862,958,836,240,1076,19
2022-01-08,Tulare,107,460477,78593,73600,18995,92595,1185
2022-01-08,Tuolumne,109,53932,9020,8360,156,8516,91
2022-01-08,Ventura,111,848112,135924,117229,7315,124544,1216
2022-01-08,Yolo,113,214977,27296,24006,1987,25993,270
2022-01-08,Yuba,115,75493,12130,11277,543,11820,101
2022-01-07,Alameda,001,1643700,174500,148560,6683,155243,1558
2022-01-07,Alpine,003,1148,115,114,0,114,0
2022-01-07,Amador,005,37829,6412,6091,119,6210,71
2022-01-07,Butte,007,227075,25203,23429,4580,28009,347
2022-01-07,Calaveras,009,45235,5249,4823,92,4915,93
2022-01-07,Colusa,011,21464,2791,2713,795,3508,21
2022-01-07,Contra Costa,013,1133247,136368,119907,5774,125681,1077
2022-01-07,Del Norte,015,27424,4047,3902,77,3979,43
2022-01-07,El Dorado,017,186661,20634,18599,2177,20776,172
2022-01-07,Fresno,019,978130,166075,155394,15463,170857,2393
2022-01-07,Glenn,021,27897,3895,3732,1185,4917,39
2022-01-07,Humboldt,023,135768,12372,11149,1189,12338,121
2022-01-07,Imperial,025,180216,42306,39429,5856,45285,800
2022-01-07,Inyo,027,18085,3299,3020,75,3095,49
2022-01-07,Kern,029,883053,150627,140410,30509,170919,1921
2022-01-07,Kings,031,150075,37172,35275,2338,37613,390
2022-01-07,Lake,033,64148,7637,7209,287,7496,117
2022-01-07,Lassen,035,31185,7272,7127,466,7593,55
2022-01-07,Los Angeles,037,10098052,2055657,1765787,89421,1855208,27476
2022-01-07,Madera,039,155013,27231,25767,2876,28643,328
2022-01-07,Marin,041,260295,25019,22377,1283,23660,251
2022-01-07,Mariposa,043,17540,1761,1588,71,1659,6
2022-01-07,Mendocino,045,87422,9493,8792,919,9711,101
2022-01-07,Merced,047,269075,48765,46094,2954,49048,703
2022-01-07,Modoc,049,8938,632,610,215,825,6
2022-01-07,Mono,051,14174,2473,2240,62,2302,4
2022-01-07,Monterey,053,433212,57649,51721,5237,56958,644
2022-01-07,Napa,055,140530,18302,15819,407,16226,109
2022-01-07,Nevada,057,99092,11815,10765,476,11241,110
2022-01-07,Orange,059,3164182,429449,375124,29637,404761,5903
2022-01-07,Placer,061,380077,47529,43172,5099,48271,495
2022-01-07,Plumas,063,18699,2182,2053,72,2125,12
2022-01-07,Riverside,065,2383286,465867,422591,21256,443847,5535
2022-01-07,Sacramento,067,1510023,208187,185118,10756,195874,2470
2022-01-07,San Benito,069,59416,9677,9016,260,9276,83
2022-01-07,San Bernardino,071,2135413,458197,411724,16843,428567,6122
2022-01-07,San Diego,073,3302833,551791,472273,33919,506192,4495
2022-01-07,San Francisco,075,870044,88003,73660,4558,78218,690
2022-01-07,San Joaquin,077,732212,123885,112514,6922,119436,1916
2022-01-07,San Luis Obispo,079,281455,38294,34489,2037,36526,369
2022-01-07,San Mateo,081,765935,83977,67918,2894,70812,582
2022-01-07,Santa Barbara,083,443738,60631,54617,2294,56911,575
2022-01-07,Santa Clara,085,1922200,212420,183842,5266,189108,1966
2022-01-07,Santa Cruz,087,273765,28613,24678,1451,26129,230
2022-01-07,Shasta,089,179085,24529,23585,4092,27677,445
2022-01-07,Sierra,091,2930,232,215,25,240,0
2022-01-07,Siskiyou,093,43540,3676,3545,1603,5148,62
2022-01-07,Solano,095,438530,58281,52452,2690,55142,383
2022-01-07,Sonoma,097,501317,57204,50130,1296,51426,411
2022-01-07,Stanislaus,099,539301,91637,87049,10798,97847,1372
2022-01-07,Sutter,101,95872,16003,15261,584,15845,195
2022-01-07,Tehama,103,63373,9582,9109,1773,10882,140
2022-01-07,Trinity,105,12862,951,836,239,1075,19
2022-01-07,Tulare,107,460477,78161,73600,18848,92448,1185
2022-01-07,Tuolumne,109,53932,8932,8360,152,8512,91
2022-01-07,Ventura,111,848112,134295,117229,7180,124409,1216
2022-01-07,Yolo,113,214977,26922,24006,1968,25974,270
2022-01-07,Yuba,115,75493,12025,11277,538,11815,101
2022-01-06,Alameda,001,1643700,169136,148560,6270,154830,1558
2022-01-06,Alpine,003,1148,114,114,0,114,0
2022-01-06,Amador,005,37829,6361,6091,113,6204,71
2022-01-06,Butte,007,227075,24910,23429,4495,27924,347
2022-01-06,Calaveras,009,45235,5132,4823,90,4913,93
2022-01-06,Colusa,011,21464,2771,2713,786,3499,21
2022-01-06,Contra Costa,013,1133247,133500,119907,5359,125266,1077
2022-01-06,Del Norte,015,27424,4013,3902,75,3977,43
2022-01-06,El Dorado,017,186661,20301,18599,2137,20736,172
2022-01-06,Fresno,019,978130,163946,155394,15197,170591,2393
2022-01-06,Glenn,021,27897,3868,3732,1159,4891,39
2022-01-06,Humboldt,023,135768,12146,11149,1148,12297,121
2022-01-06,Imperial,025,180216,41721,39429,5653,45082,800
2022-01-06,Inyo,027,18085,3261,3020,75,3095,49
2022-01-06,Kern,029,883053,148957,140410,29832,170242,1921
2022-01-06,Kings,031,150075,36847,35275,2312,37587,390
2022-01-06,Lake,033,64148,7564,7209,275,7484,117
2022-01-06,Lassen,035,31185,7249,7127,460,7587,55
2022-01-06,Los Angeles,037,10098052,2001529,1765787,87049,1852836,27476
2022-01-06,Madera,039,155013,26926,25767,2819,28586,328
2022-01-06,Marin,041,260295,24618,22377,1250,23627,251
2022-01-06,Mariposa,043,17540,1742,1588,70,1658,6
2022-01-06,Mendocino,045,87422,9396,8792,878,9670,101
2022-01-06,Merced,047,269075,48216,46094,2814,48908,703
2022-01-06,Modoc,049,8938,631,610,215,825,6
2022-01-06,Mono,051,14174,2450,2240,59,2299,4
2022-01-06,Monterey,053,433212,56927,51721,4983,56704,644
2022-01-06,Napa,055,140530,17904,15819,398,16217,109
2022-01-06,Nevada,057,99092,11620,10765,464,11229,110
2022-01-06,Orange,059,3164182,419999,375124,28889,404013,5903
2022-01-06,Placer,061,380077,46783,43172,5011,48183,495
2022-01-06,Plumas,063,18699,2164,2053,64,2117,12
2022-01-06,Riverside,065,2383286,458393,422591,20961,443552,5535
2022-01-06,Sacramento,067,1510023,204129,185118,9993,195111,2470
2022-01-06,San Benito,069,59416,9576,9016,253,9269,83
2022-01-06,San Bernardino,071,2135413,450780,411724,16350,428074,6122
2022-01-06,San Diego,073,3302833,540151,472273,32915,505188,4495
2022-01-06,San Francisco,075,870044,85691,73660,4304,77964,690
2022-01-06,San Joaquin,077,732212,121721,112514,6837,119351,1916
2022-01-06,San Luis Obispo,079,281455,37593,34489,1966,36455,369
2022-01-06,San Mateo,081,765935,81554,67918,2713,70631,582
2022-01-06,Santa Barbara,083,443738,59463,54617,2232,56849,575
2022-01-06,Santa Clara,085,1922200,207527,183842,4875,188717,1966
2022-01-06,Santa Cruz,087,273765,28053,24678,1427,26105,230
2022-01-06,Shasta,089,179085,24382,23585,4042,27627,445
2022-01-06,Sierra,091,2930,229,215,25,240,0
2022-01-06,Siskiyou,093,43540,3660,3545,1557,5102,62
2022-01-06,Solano,095,438530,57269,52452,2505,54957,383
2022-01-06,Sonoma,097,501317,55812,50130,1263,51393,411
2022-01-06,Stanislaus,099,539301,90488,87049,10633,97682,1372
2022-01-06,Sutter,101,95872,15826,15261,555,15816,195
2022-01-06,Tehama,103,63373,9504,9109,1746,10855,140
2022-01-06,Trinity,105,12862,944,836,238,1074,19
2022-01-06,Tulare,107,460477,77453,73600,18675,92275,1185
2022-01-06,Tuolumne,109,53932,8823,8360,146,8506,91
2022-01-06,Ventura,111,848112,131599,117229,7022,124251,1216
2022-01-06,Yolo,113,214977,26367,24006,1924,25930,270
2022-01-06,Yuba,115,75493,11889,11277,521,11798,101
2022-01-05,Alameda,001,1643700,163970,144824,5847,150671,1548
2022-01-05,Alpine,003,1148,114,112,0,112,0
2022-01-05,Amador,005,37829,6318,6012,110,6122,70
2022-01-05,Butte,007,227075,24606,23134,4438,27572,343
2022-01-05,Calaveras,009,45235,5075,4758,88,4846,90
2022-01-05,Colusa,011,21464,2759,2704,775,3479,21
2022-01-05,Contra Costa,013,1133247,130493,117188,4910,122098,1071
2022-01-05,Del Norte,015,27424,3992,3862,73,3935,43
2022-01-05,El Dorado,017,186661,19915,18367,2107,20474,171
2022-01-05,Fresno,019,978130,161934,153033,14933,167966,2377
2022-01-05,Glenn,021,27897,3820,3700,1149,4849,39
2022-01-05,Humboldt,023,135768,11942,10938,1100,12038,120
2022-01-05,Imperial,025,180216,41091,38789,5497,44286,800
2022-01-05,Inyo,027,18085,3179,2939,71,3010,49
2022-01-05,Kern,029,883053,147178,138186,29255,167441,1913
2022-01-05,Kings,031,150075,36504,34893,2293,37186,387
2022-01-05,Lake,033,64148,7481,7129,259,7388,117
2022-01-05,Lassen,035,31185,7229,7077,452,7529,55
2022-01-05,Los Angeles,037,10098052,1945268,1729640,84650,1814290,27443
2022-01-05,Madera,039,155013,26686,25392,2727,28119,327
2022-01-05,Marin,041,260295,24273,21829,1197,23026,251
2022-01-05,Mariposa,043,17540,1716,1564,69,1633,6
2022-01-05,Mendocino,045,87422,9265,8625,843,9468,101
2022-01-05,Merced,047,269075,47640,45721,2682,48403,700
2022-01-05,Modoc,049,8938,628,603,215,818,6
2022-01-05,Mono,051,14174,2431,2201,55,2256,4
2022-01-05,Monterey,053,433212,56104,51241,4782,56023,639
2022-01-05,Napa,055,140530,17540,15494,366,15860,108
2022-01-05,Nevada,057,99092,11425,10624,447,11071,110
2022-01-05,Orange,059,3164182,409959,366139,27837,393976,5869
2022-01-05,Placer,061,380077,45906,42456,4915,47371,492
2022-01-05,Plumas,063,18699,2144,2020,62,2082,12
2022-01-05,Riverside,065,2383286,450932,415253,20605,435858,5502
2022-01-05,Sacramento,067,1510023,199345,181488,9006,190494,2455
2022-01-05,San Benito,069,59416,9383,8829,241,9070,83
2022-01-05,San Bernardino,071,2135413,442427,405323,15790,421113,6085
2022-01-05,San Diego,073,3302833,526556,466602,31935,498537,4495
2022-01-05,San Francisco,075,870044,83132,71405,4166,75571,686
2022-01-05,San Joaquin,077,732212,119196,110497,6757,117254,1903
2022-01-05,San Luis Obispo,079,281455,36796,34066,1889,35955,369
2022-01-05,San Mateo,081,765935,79391,66018,2514,68532,578
2022-01-05,Santa Barbara,083,443738,58158,53082,2152,55234,570
2022-01-05,Santa Clara,085,1922200,201772,178629,4457,183086,1961
2022-01-05,Santa Cruz,087,273765,27299,24394,1404,25798,229
2022-01-05,Shasta,089,179085,24226,23361,4013,27374,441
2022-01-05,Sierra,091,2930,226,210,23,233,0
2022-01-05,Siskiyou,093,43540,3650,3513,1528,5041,60
2022-01-05,Solano,095,438530,56223,51505,2369,53874,380
2022-01-05,Sonoma,097,501317,54547,49120,1101,50221,412
2022-01-05,Stanislaus,099,539301,89506,86248,10477,96725,1360
2022-01-05,Sutter,101,95872,15624,15117,515,15632,193
2022-01-05,Tehama,103,63373,9407,9011,1715,10726,140
2022-01-05,Trinity,105,12862,940,822,236,1058,19
2022-01-05,Tulare,107,460477,76674,72718,18499,91217,1173
2022-01-05,Tuolumne,109,53932,8730,8223,139,8362,90
2022-01-05,Ventura,111,848112,128846,114752,6813,121565,1211
2022-01-05,Yolo,113,214977,25756,23401,1880,25281,269
2022-01-05,Yuba,115,75493,11708,11138,495,11633,100
2022-01-04,Alameda,001,1643700,158420,143360,5439,148799,1532
2022-01-04,Alpine,003,1148,114,113,0,113,0
2022-01-04,Amador,005,37829,6250,6025,105,6130,71
2022-01-04,Butte,007,227075,24310,23094,4370,27464,346
2022-01-04,Calaveras,009,45235,4999,4767,85,4852,93
2022-01-04,Colusa,011,21464,2742,2689,768,3457,21
2022-01-04,Contra Costa,013,1133247,127431,116005,4550,120555,1075
2022-01-04,Del Norte,015,27424,3960,3882,70,3952,43
2022-01-04,El Dorado,017,186661,19556,18339,2085,20424,172
2022-01-04,Fresno,019,978130,159779,153244,14679,167923,2380
2022-01-04,Glenn,021,27897,3790,3705,1135,4840,39
2022-01-04,Humboldt,023,135768,11692,10865,1049,11914,120
2022-01-04,Imperial,025,180216,40489,38596,5234,43830,800
2022-01-04,Inyo,027,18085,3096,2870,70,2940,49
2022-01-04,Kern,029,883053,145246,138245,28668,166913,1916
2022-01-04,Kings,031,150075,36182,34931,2277,37208,388
2022-01-04,Lake,033,64148,7440,7152,249,7401,117
2022-01-04,Lassen,035,31185,7206,7111,448,7559,55
2022-01-04,Los Angeles,037,10098052,1885331,1705253,82298,1787551,27419
2022-01-04,Madera,039,155013,26342,25425,2659,28084,328
2022-01-04,Marin,041,260295,23792,21675,1137,22812,251
2022-01-04,Mariposa,043,17540,1680,1564,68,1632,6
2022-01-04,Mendocino,045,87422,9142,8636,819,9455,101
2022-01-04,Merced,047,269075,47029,45583,2553,48136,700
2022-01-04,Modoc,049,8938,625,611,215,826,6
2022-01-04,Mono,051,14174,2382,2190,45,2235,4
2022-01-04,Monterey,053,433212,55370,51176,4557,55733,643
2022-01-04,Napa,055,140530,17036,15370,336,15706,107
2022-01-04,Nevada,057,99092,11267,10608,435,11043,110
2022-01-04,Orange,059,3164182,399207,362051,26696,388747,5897
2022-01-04,Placer,061,380077,45068,42285,4797,47082,494
2022-01-04,Plumas,063,18699,2118,2014,60,2074,12
2022-01-04,Riverside,065,2383286,442399,413366,20253,433619,5504
2022-01-04,Sacramento,067,1510023,194370,181271,8249,189520,2453
2022-01-04,San Benito,069,59416,9195,8763,233,8996,79
2022-01-04,San Bernardino,071,2135413,433621,404409,15252,419661,6060
2022-01-04,San Diego,073,3302833,510194,458499,30974,489473,4487
2022-01-04,San Francisco,075,870044,80289,70666,4020,74686,688
2022-01-04,San Joaquin,077,732212,116783,110374,6603,116977,1911
2022-01-04,San Luis Obispo,079,281455,35987,33788,1801,35589,371
2022-01-04,San Mateo,081,765935,77087,65157,2324,67481,582
2022-01-04,Santa Barbara,083,443738,56634,52449,2074,54523,574
2022-01-04,Santa Clara,085,1922200,195812,176854,3989,180843,1964
2022-01-04,Santa Cruz,087,273765,26537,23904,1368,25272,228
2022-01-04,Shasta,089,179085,24081,23366,3959,27325,442
2022-01-04,Sierra,091,2930,225,214,22,236,0
2022-01-04,Siskiyou,093,43540,3634,3509,1509,5018,61
2022-01-04,Solano,095,438530,54920,51300,2172,53472,383
2022-01-04,Sonoma,097,501317,52841,48653,978,49631,410
2022-01-04,Stanislaus,099,539301,88447,86107,10319,96426,1361
2022-01-04,Sutter,101,95872,15471,15032,491,15523,193
2022-01-04,Tehama,103,63373,9328,9020,1692,10712,140
2022-01-04,Trinity,105,12862,935,833,232,1065,18
2022-01-04,Tulare,107,460477,75882,72893,18294,91187,1172
2022-01-04,Tuolumne,109,53932,8621,8235,134,8369,91
2022-01-04,Ventura,111,848112,125780,114079,6581,120660,1213
2022-01-04,Yolo,113,214977,25105,22938,1835,24773,270
2022-01-04,Yuba,115,75493,11528,11104,480,11584,101
2022-01-03,Alameda,001,1643700,152491,142090,5004,147094,1529
2022-01-03,Alpine,003,1148,113,113,0,113,0
2022-01-03,Amador,005,37829,6188,6004,100,6104,71
2022-01-03,Butte,007,227075,24019,22924,4318,27242,345
2022-01-03,Calaveras,009,45235,4939,4742,80,4822,93
2022-01-03,Colusa,011,21464,2733,2683,761,3444,21
2022-01-03,Contra Costa,013,1133247,124150,114966,3962,118928,1073
2022-01-03,Del Norte,015,27424,3940,3873,66,3939,43
2022-01-03,El Dorado,017,186661,19164,18183,2059,20242,172
2022-01-03,Fresno,019,978130,157797,152674,14478,167152,2379
2022-01-03,Glenn,021,27897,3761,3703,1100,4803,39
2022-01-03,Humboldt,023,135768,11484,10784,1001,11785,119
2022-01-03,Imperial,025,180216,39857,38411,5054,43465,800
2022-01-03,Inyo,027,18085,3027,2845,66,2911,49
2022-01-03,Kern,029,883053,143250,137773,28071,165844,1916
2022-01-03,Kings,031,150075,35859,34817,2248,37065,387
2022-01-03,Lake,033,64148,7338,7134,231,7365,117
2022-01-03,Lassen,035,31185,7188,7103,445,7548,55
2022-01-03,Los Angeles,037,10098052,1824565,1686203,79525,1765728,27394
2022-01-03,Madera,039,155013,26049,25323,2615,27938,320
2022-01-03,Marin,041,260295,23199,21532,1098,22630,251
2022-01-03,Mariposa,043,17540,1638,1559,68,1627,6
2022-01-03,Mendocino,045,87422,8994,8573,769,9342,101
2022-01-03,Merced,047,269075,46435,45459,2446,47905,696
2022-01-03,Modoc,049,8938,622,602,215,817,6
2022-01-03,Mono,051,14174,2304,2172,40,2212,4
2022-01-03,Monterey,053,433212,54542,51047,4348,55395,644
2022-01-03,Napa,055,140530,16528,15260,303,15563,107
2022-01-03,Nevada,057,99092,11102,10572,426,10998,110
2022-01-03,Orange,059,3164182,388033,358052,25501,383553,5894
2022-01-03,Placer,061,380077,44245,42054,4733,46787,489
2022-01-03,Plumas,063,18699,2098,2005,60,2065,12
2022-01-03,Riverside,065,2383286,433918,410155,19756,429911,5504
2022-01-03,Sacramento,067,1510023,189206,179992,7680,187672,2452
2022-01-03,San Benito,069,59416,9031,8688,226,8914,79
2022-01-03,San Bernardino,071,2135413,425087,401938,14790,416728,6056
2022-01-03,San Diego,073,3302833,494075,451154,30011,481165,4476
2022-01-03,San Francisco,075,870044,77488,69315,3771,73086,686
2022-01-03,San Joaquin,077,732212,114477,109757,6471,116228,1903
2022-01-03,San Luis Obispo,079,281455,35177,33667,1708,35375,367
2022-01-03,San Mateo,081,765935,74380,64470,2167,66637,582
2022-01-03,Santa Barbara,083,443738,55173,51912,1979,53891,571
2022-01-03,Santa Clara,085,1922200,189878,174215,3512,177727,1963
2022-01-03,Santa Cruz,087,273765,25728,23765,1335,25100,228
2022-01-03,Shasta,089,179085,23903,23301,3932,27233,440
2022-01-03,Sierra,091,2930,218,213,21,234,0
2022-01-03,Siskiyou,093,43540,3608,3500,1487,4987,61
2022-01-03,Solano,095,438530,53621,51030,1980,53010,380
2022-01-03,Sonoma,097,501317,51140,48391,880,49271,410
2022-01-03,Stanislaus,099,539301,87456,85793,10147,95940,1332
2022-01-03,Sutter,101,95872,15314,14973,470,15443,193
2022-01-03,Tehama,103,63373,9253,9005,1666,10671,140
2022-01-03,Trinity,105,12862,930,833,231,1064,18
2022-01-03,Tulare,107,460477,75182,72664,18072,90736,1167
2022-01-03,Tuolumne,109,53932,8484,8179,130,8309,91
2022-01-03,Ventura,111,848112,122607,112762,6344,119106,1211
2022-01-03,Yolo,113,214977,24423,22563,1772,24335,270
2022-01-03,Yuba,115,75493,11395,11037,461,11498,99
2022-01-02,Alameda,001,1643700,148083,133486,4520,138006,1528
2022-01-02,Alpine,003,1148,111,113,0,113,0
2022-01-02,Amador,005,37829,6120,5913,95,6008,70
2022-01-02,Butte,007,227075,23682,22469,4259,26728,341
2022-01-02,Calaveras,009,45235,4870,4668,72,4740,93
2022-01-02,Colusa,011,21464,2727,2659,750,3409,21
2022-01-02,Contra Costa,013,1133247,120590,109593,3522,113115,1073
2022-01-02,Del Norte,015,27424,3908,3841,64,3905,43
2022-01-02,El Dorado,017,186661,18826,17621,2007,19628,172
2022-01-02,Fresno,019,978130,156076,149927,14247,164174,2379
2022-01-02,Glenn,021,27897,3742,3663,1091,4754,39
2022-01-02,Humboldt,023,135768,11241,10381,923,11304,119
2022-01-02,Imperial,025,180216,39201,37672,4843,42515,800
2022-01-02,Inyo,027,18085,2958,2726,55,2781,49
2022-01-02,Kern,029,883053,141328,136123,27472,163595,1917
2022-01-02,Kings,031,150075,35535,34318,2213,36531,386
2022-01-02,Lake,033,64148,7267,7060,217,7277,117
2022-01-02,Lassen,035,31185,7172,7089,443,7532,55
2022-01-02,Los Angeles,037,10098052,1773432,1596123,76629,1672752,27371
2022-01-02,Madera,039,155013,25796,25002,2556,27558,320
2022-01-02,Marin,041,260295,22635,20475,1027,21502,249
2022-01-02,Mariposa,043,17540,1607,1509,66,1575,6
2022-01-02,Mendocino,045,87422,8870,8422,751,9173,101
2022-01-02,Merced,047,269075,45897,44769,2350,47119,694
2022-01-02,Modoc,049,8938,620,601,214,815,6
2022-01-02,Mono,051,14174,2275,2101,35,2136,4
2022-01-02,Monterey,053,433212,53917,50251,4137,54388,643
2022-01-02,Napa,055,140530,15986,14439,292,14731,107
2022-01-02,Nevada,057,99092,10913,10299,409,10708,110
2022-01-02,Orange,059,3164182,377024,339526,24350,363876,5890
2022-01-02,Placer,061,380077,43520,40857,4646,45503,489
2022-01-02,Plumas,063,18699,2083,1994,56,2050,12
2022-01-02,Riverside,065,2383286,425577,397124,19235,416359,5501
2022-01-02,Sacramento,067,1510023,185122,173562,6819,180381,2448
2022-01-02,San Benito,069,59416,8849,8320,211,8531,79
2022-01-02,San Bernardino,071,2135413,417285,386278,14232,400510,6051
2022-01-02,San Diego,073,3302833,479034,427087,28829,455916,4469
2022-01-02,San Francisco,075,870044,74553,64498,3531,68029,682
2022-01-02,San Joaquin,077,732212,112601,106640,6324,112964,1902
2022-01-02,San Luis Obispo,079,281455,34442,32342,1625,33967,365
2022-01-02,San Mateo,081,765935,71811,60504,1925,62429,581
2022-01-02,Santa Barbara,083,443738,53739,49555,1916,51471,568
2022-01-02,Santa Clara,085,1922200,183733,164547,3111,167658,1969
2022-01-02,Santa Cruz,087,273765,25058,22980,1302,24282,228
2022-01-02,Shasta,089,179085,23710,23161,3883,27044,435
2022-01-02,Sierra,091,2930,217,206,21,227,0
2022-01-02,Siskiyou,093,43540,3583,3474,1464,4938,61
2022-01-02,Solano,095,438530,52680,48957,1815,50772,379
2022-01-02,Sonoma,097,501317,49822,46040,843,46883,410
2022-01-02,Stanislaus,099,539301,86603,84367,10029,94396,1332
2022-01-02,Sutter,101,95872,15141,14741,451,15192,193
2022-01-02,Tehama,103,63373,9190,8944,1643,10587,139
2022-01-02,Trinity,105,12862,928,832,230,1062,17
2022-01-02,Tulare,107,460477,74524,71941,17877,89818,1160
2022-01-02,Tuolumne,109,53932,8378,8044,125,8169,91
2022-01-02,Ventura,111,848112,119684,107992,6123,114115,1211
2022-01-02,Yolo,113,214977,23747,21747,1702,23449,270
2022-01-02,Yuba,115,75493,11270,10844,444,11288,99
2022-01-01,Alameda,001,1643700,146284,133486,4268,137754,1528
2022-01-01,Alpine,003,1148,111,113,0,113,0
2022-01-01,Amador,005,37829,6085,5913,90,6003,70
2022-01-01,Butte,007,227075,23486,22469,4228,26697,341
2022-01-01,Calaveras,009,45235,4833,4668,70,4738,93
2022-01-01,Colusa,011,21464,2723,2659,739,3398,21
2022-01-01,Contra Costa,013,1133247,119229,109593,3394,112987,1073
2022-01-01,Del Norte,015,27424,3902,3841,64,3905,43
2022-01-01,El Dorado,017,186661,18679,17621,1992,19613,172
2022-01-01,Fresno,019,978130,155410,149927,14168,164095,2379
2022-01-01,Glenn,021,27897,3735,3663,1091,4754,39
2022-01-01,Humboldt,023,135768,11104,10381,902,11283,119
2022-01-01,Imperial,025,180216,39053,37672,4795,42467,800
2022-01-01,Inyo,027,18085,2929,2726,53,2779,49
2022-01-01,Kern,029,883053,140628,136123,27162,163285,1917
2022-01-01,Kings,031,150075,35394,34318,2186,36504,386
2022-01-01,Lake,033,64148,7229,7060,212,7272,117
2022-01-01,Lassen,035,31185,7166,7089,438,7527,55
2022-01-01,Los Angeles,037,10098052,1753325,1596123,74662,1670785,27371
2022-01-01,Madera,039,155013,25712,25002,2542,27544,320
2022-01-01,Marin,041,260295,22322,20475,986,21461,249
2022-01-01,Mariposa,043,17540,1596,1509,66,1575,6
2022-01-01,Mendocino,045,87422,8778,8422,745,9167,101
2022-01-01,Merced,047,269075,45764,44769,2340,47109,694
2022-01-01,Modoc,049,8938,617,601,214,815,6
2022-01-01,Mono,051,14174,2251,2101,30,2131,4
2022-01-01,Monterey,053,433212,53607,50251,4052,54303,643
2022-01-01,Napa,055,140530,15836,14439,277,14716,107
2022-01-01,Nevada,057,99092,10838,10299,402,10701,110
2022-01-01,Orange,059,3164182,372803,339526,23639,363165,5890
2022-01-01,Placer,061,380077,43217,40857,4581,45438,489
2022-01-01,Plumas,063,18699,2071,1994,56,2050,12
2022-01-01,Riverside,065,2383286,422087,397124,19031,416155,5501
2022-01-01,Sacramento,067,1510023,183850,173562,6551,180113,2448
2022-01-01,San Benito,069,59416,8759,8320,211,8531,79
2022-01-01,San Bernardino,071,2135413,414128,386278,13942,400220,6051
2022-01-01,San Diego,073,3302833,473096,427087,28311,455398,4469
2022-01-01,San Francisco,075,870044,73156,64498,3319,67817,682
2022-01-01,San Joaquin,077,732212,111900,106640,6251,112891,1902
2022-01-01,San Luis Obispo,079,281455,34240,32342,1615,33957,365
2022-01-01,San Mateo,081,765935,70343,60504,1774,62278,581
2022-01-01,Santa Barbara,083,443738,52999,49555,1880,51435,568
2022-01-01,Santa Clara,085,1922200,180697,164547,2913,167460,1969
2022-01-01,Santa Cruz,087,273765,24738,22980,1284,24264,228
2022-01-01,Shasta,089,179085,23626,23161,3865,27026,435
2022-01-01,Sierra,091,2930,216,206,21,227,0
2022-01-01,Siskiyou,093,43540,3580,3474,1454,4928,61
2022-01-01,Solano,095,438530,52413,48957,1757,50714,379
2022-01-01,Sonoma,097,501317,49428,46040,811,46851,410
2022-01-01,Stanislaus,099,539301,86196,84367,9961,94328,1332
2022-01-01,Sutter,101,95872,15064,14741,449,15190,193
2022-01-01,Tehama,103,63373,9157,8944,1631,10575,139
2022-01-01,Trinity,105,12862,925,832,230,1062,17
2022-01-01,Tulare,107,460477,74278,71941,17771,89712,1160
2022-01-01,Tuolumne,109,53932,8318,8044,122,8166,91
2022-01-01,Ventura,111,848112,118297,107992,5993,113985,1211
2022-01-01,Yolo,113,214977,23327,21747,1662,23409,270
2022-01-01,Yuba,115,75493,11204,10844,438,11282,99
2021-12-31,Alameda,001,1643700,145550,133486,4173,137659,1528
2021-12-31,Alpine,003,1148,111,113,0,113,0
2021-12-31,Amador,005,37829,6061,5913,89,6002,70
2021-12-31,Butte,007,227075,23381,22469,4197,26666,341
2021-12-31,Calaveras,009,45235,4800,4668,70,4738,93
2021-12-31,Colusa,011,21464,2714,2659,733,3392,21
2021-12-31,Contra Costa,013,1133247,118349,109593,3315,112908,1073
2021-12-31,Del Norte,015,27424,3893,3841,62,3903,43
2021-12-31,El Dorado,017,186661,18598,17621,1974,19595,172
2021-12-31,Fresno,019,978130,155105,149927,14146,164073,2379
2021-12-31,Glenn,021,27897,3734,3663,1089,4752,39
2021-12-31,Humboldt,023,135768,11017,10381,883,11264,119
2021-12-31,Imperial,025,180216,38922,37672,4779,42451,800
2021-12-31,Inyo,027,18085,2902,2726,53,2779,49
2021-12-31,Kern,029,883053,140123,136123,27024,163147,1917
2021-12-31,Kings,031,150075,35284,34318,2176,36494,386
2021-12-31,Lake,033,64148,7206,7060,207,7267,117
2021-12-31,Lassen,035,31185,7152,7089,438,7527,55
2021-12-31,Los Angeles,037,10098052,1742566,1596123,73904,1670027,27371
2021-12-31,Madera,039,155013,25642,25002,2525,27527,320
2021-12-31,Marin,041,260295,22166,20475,955,21430,249
2021-12-31,Mariposa,043,17540,1589,1509,65,1574,6
2021-12-31,Mendocino,045,87422,8745,8422,742,9164,101
2021-12-31,Merced,047,269075,45679,44769,2323,47092,694
2021-12-31,Modoc,049,8938,613,601,212,813,6
2021-12-31,Mono,051,14174,2238,2101,29,2130,4
2021-12-31,Monterey,053,433212,53481,50251,3986,54237,643
2021-12-31,Napa,055,140530,15724,14439,267,14706,107
2021-12-31,Nevada,057,99092,10771,10299,396,10695,110
2021-12-31,Orange,059,3164182,370294,339526,23215,362741,5890
2021-12-31,Placer,061,380077,42983,40857,4515,45372,489
2021-12-31,Plumas,063,18699,2066,1994,56,2050,12
2021-12-31,Riverside,065,2383286,420396,397124,18873,415997,5501
2021-12-31,Sacramento,067,1510023,182986,173562,6445,180007,2448
2021-12-31,San Benito,069,59416,8745,8320,210,8530,79
2021-12-31,San Bernardino,071,2135413,411906,386278,13750,400028,6051
2021-12-31,San Diego,073,3302833,469883,427087,27995,455082,4469
2021-12-31,San Francisco,075,870044,72233,64498,3263,67761,682
2021-12-31,San Joaquin,077,732212,111273,106640,6185,112825,1902
2021-12-31,San Luis Obispo,079,281455,34131,32342,1602,33944,365
2021-12-31,San Mateo,081,765935,69465,60504,1720,62224,581
2021-12-31,Santa Barbara,083,443738,52600,49555,1866,51421,568
2021-12-31,Santa Clara,085,1922200,178744,164547,2771,167318,1969
2021-12-31,Santa Cruz,087,273765,24500,22980,1262,24242,228
2021-12-31,Shasta,089,179085,23563,23161,3844,27005,435
2021-12-31,Sierra,091,2930,216,206,21,227,0
2021-12-31,Siskiyou,093,43540,3573,3474,1443,4917,61
2021-12-31,Solano,095,438530,52255,48957,1731,50688,379
2021-12-31,Sonoma,097,501317,49175,46040,798,46838,410
2021-12-31,Stanislaus,099,539301,85869,84367,9917,94284,1332
2021-12-31,Sutter,101,95872,15003,14741,443,15184,193
2021-12-31,Tehama,103,63373,9125,8944,1622,10566,139
2021-12-31,Trinity,105,12862,924,832,230,1062,17
2021-12-31,Tulare,107,460477,74073,71941,17683,89624,1160
2021-12-31,Tuolumne,109,53932,8274,8044,121,8165,91
2021-12-31,Ventura,111,848112,117323,107992,5911,113903,1211
2021-12-31,Yolo,113,214977,23106,21747,1639,23386,270
2021-12-31,Yuba,115,75493,11147,10844,432,11276,99
2021-12-30,Alameda,001,1643700,144291,133486,4043,137529,1528
2021-12-30,Alpine,003,1148,110,113,0,113,0
2021-12-30,Amador,005,37829,6042,5913,88,6001,70
2021-12-30,Butte,007,227075,23252,22469,4175,26644,341
2021-12-30,Calaveras,009,45235,4781,4668,70,4738,93
2021-12-30,Colusa,011,21464,2713,2659,731,3390,21
2021-12-30,Contra Costa,013,1133247,117258,109593,3204,112797,1073
2021-12-30,Del Norte,015,27424,3882,3841,61,3902,43
2021-12-30,El Dorado,017,186661,18493,17621,1953,19574,172
2021-12-30,Fresno,019,978130,154577,149927,14072,163999,2379
2021-12-30,Glenn,021,27897,3729,3663,1086,4749,39
2021-12-30,Humboldt,023,135768,10948,10381,871,11252,119
2021-12-30,Imperial,025,180216,38754,37672,4665,42337,800
2021-12-30,Inyo,027,18085,2883,2726,51,2777,49
2021-12-30,Kern,029,883053,139589,136123,26723,162846,1917
2021-12-30,Kings,031,150075,35166,34318,2161,36479,386
2021-12-30,Lake,033,64148,7191,7060,202,7262,117
2021-12-30,Lassen,035,31185,7146,7089,438,7527,55
2021-12-30,Los Angeles,037,10098052,1719262,1596123,72642,1668765,27371
2021-12-30,Madera,039,155013,25564,25002,2505,27507,320
2021-12-30,Marin,041,260295,21988,20475,931,21406,249
2021-12-30,Mariposa,043,17540,1583,1509,65,1574,6
2021-12-30,Mendocino,045,87422,8728,8422,731,9153,101
2021-12-30,Merced,047,269075,45577,44769,2309,47078,694
2021-12-30,Modoc,049,8938,612,601,212,813,6
2021-12-30,Mono,051,14174,2233,2101,28,2129,4
2021-12-30,Monterey,053,433212,53169,50251,3925,54176,643
2021-12-30,Napa,055,140530,15580,14439,258,14697,107
2021-12-30,Nevada,057,99092,10707,10299,387,10686,110
2021-12-30,Orange,059,3164182,365207,339526,22656,362182,5890
2021-12-30,Placer,061,380077,42708,40857,4467,45324,489
2021-12-30,Plumas,063,18699,2062,1994,55,2049,12
2021-12-30,Riverside,065,2383286,417122,397124,18717,415841,5501
2021-12-30,Sacramento,067,1510023,181728,173562,6297,179859,2448
2021-12-30,San Benito,069,59416,8700,8320,207,8527,79
2021-12-30,San Bernardino,071,2135413,409368,386278,13601,399879,6051
2021-12-30,San Diego,073,3302833,464742,427087,27487,454574,4469
2021-12-30,San Francisco,075,870044,71145,64498,3190,67688,682
2021-12-30,San Joaquin,077,732212,110679,106640,6142,112782,1902
2021-12-30,San Luis Obispo,079,281455,34012,32342,1588,33930,365
2021-12-30,San Mateo,081,765935,68420,60504,1588,62092,581
2021-12-30,Santa Barbara,083,443738,52122,49555,1846,51401,568
2021-12-30,Santa Clara,085,1922200,176467,164547,2647,167194,1969
2021-12-30,Santa Cruz,087,273765,24262,22980,1227,24207,228
2021-12-30,Shasta,089,179085,23510,23161,3838,26999,435
2021-12-30,Sierra,091,2930,216,206,21,227,0
2021-12-30,Siskiyou,093,43540,3564,3474,1441,4915,61
2021-12-30,Solano,095,438530,51906,48957,1684,50641,379
2021-12-30,Sonoma,097,501317,48839,46040,788,46828,410
2021-12-30,Stanislaus,099,539301,85555,84367,9867,94234,1332
2021-12-30,Sutter,101,95872,14941,14741,442,15183,193
2021-12-30,Tehama,103,63373,9097,8944,1616,10560,139
2021-12-30,Trinity,105,12862,921,832,230,1062,17
2021-12-30,Tulare,107,460477,73891,71941,17601,89542,1160
2021-12-30,Tuolumne,109,53932,8235,8044,120,8164,91
2021-12-30,Ventura,111,848112,116064,107992,5809,113801,1211
2021-12-30,Yolo,113,214977,22968,21747,1614,23361,270
2021-12-30,Yuba,115,75493,11100,10844,430,11274,99
2021-12-29,Alameda,001,1643700,141133,131586,3888,135474,1529
2021-12-29,Alpine,003,1148,110,113,0,113,0
2021-12-29,Amador,005,37829,6019,5905,85,5990,70
2021-12-29,Butte,007,227075,23112,22353,4138,26491,338
2021-12-29,Calaveras,009,45235,4753,4646,68,4714,93
2021-12-29,Colusa,011,21464,2703,2657,726,3383,21
2021-12-29,Contra Costa,013,1133247,115162,108165,3078,111243,1072
2021-12-29,Del Norte,015,27424,3868,3826,59,3885,43
2021-12-29,El Dorado,017,186661,18269,17489,1935,19424,172
2021-12-29,Fresno,019,978130,153445,149318,13957,163275,2364
2021-12-29,Glenn,021,27897,3719,3653,1084,4737,39
2021-12-29,Humboldt,023,135768,10839,10249,849,11098,119
2021-12-29,Imperial,025,180216,38518,37460,4596,42056,800
2021-12-29,Inyo,027,18085,2850,2703,51,2754,49
2021-12-29,Kern,029,883053,138786,135648,26334,161982,1913
2021-12-29,Kings,031,150075,35051,34216,2155,36371,386
2021-12-29,Lake,033,64148,7160,7048,200,7248,117
2021-12-29,Lassen,035,31185,7142,7085,437,7522,55
2021-12-29,Los Angeles,037,10098052,1689278,1576414,70917,1647331,27349
2021-12-29,Madera,039,155013,25460,24923,2494,27417,320
2021-12-29,Marin,041,260295,21632,20025,910,20935,249
2021-12-29,Mariposa,043,17540,1561,1507,65,1572,6
2021-12-29,Mendocino,045,87422,8669,8386,727,9113,99
2021-12-29,Merced,047,269075,45361,44548,2295,46843,693
2021-12-29,Modoc,049,8938,609,600,212,812,6
2021-12-29,Mono,051,14174,2209,2056,27,2083,4
2021-12-29,Monterey,053,433212,52758,50097,3820,53917,641
2021-12-29,Napa,055,140530,15256,14247,239,14486,107
2021-12-29,Nevada,057,99092,10615,10274,386,10660,110
2021-12-29,Orange,059,3164182,357668,334557,21978,356535,5887
2021-12-29,Placer,061,380077,42220,40545,4392,44937,489
2021-12-29,Plumas,063,18699,2050,1990,55,2045,12
2021-12-29,Riverside,065,2383286,411699,392989,18506,411495,5486
2021-12-29,Sacramento,067,1510023,179396,172145,6131,178276,2437
2021-12-29,San Benito,069,59416,8557,8239,206,8445,79
2021-12-29,San Bernardino,071,2135413,404009,382872,13387,396259,6049
2021-12-29,San Diego,073,3302833,453913,421045,26772,447817,4461
2021-12-29,San Francisco,075,870044,69448,63117,3118,66235,684
2021-12-29,San Joaquin,077,732212,109500,106063,6070,112133,1891
2021-12-29,San Luis Obispo,079,281455,33618,31936,1539,33475,365
2021-12-29,San Mateo,081,765935,66806,59478,1478,60956,581
2021-12-29,Santa Barbara,083,443738,51281,49003,1821,50824,568
2021-12-29,Santa Clara,085,1922200,173315,162008,2514,164522,1962
2021-12-29,Santa Cruz,087,273765,23983,22669,1195,23864,228
2021-12-29,Shasta,089,179085,23435,23083,3826,26909,435
2021-12-29,Sierra,091,2930,215,206,21,227,0
2021-12-29,Siskiyou,093,43540,3552,3472,1430,4902,61
2021-12-29,Solano,095,438530,51201,48562,1628,50190,379
2021-12-29,Sonoma,097,501317,48037,45479,764,46243,410
2021-12-29,Stanislaus,099,539301,85073,84083,9813,93896,1332
2021-12-29,Sutter,101,95872,14872,14688,440,15128,193
2021-12-29,Tehama,103,63373,9072,8914,1603,10517,138
2021-12-29,Trinity,105,12862,919,832,230,1062,17
2021-12-29,Tulare,107,460477,73602,71752,17484,89236,1160
2021-12-29,Tuolumne,109,53932,8182,8012,119,8131,91
2021-12-29,Ventura,111,848112,114122,106974,5629,112603,1207
2021-12-29,Yolo,113,214977,22729,21564,1583,23147,270
2021-12-29,Yuba,115,75493,11039,10808,426,11234,99
2021-12-28,Alameda,001,1643700,138046,130427,3728,134155,1522
2021-12-28,Alpine,003,1148,110,113,0,113,0
2021-12-28,Amador,005,37829,5999,5900,84,5984,70
2021-12-28,Butte,007,227075,22968,22285,4121,26406,338
2021-12-28,Calaveras,009,45235,4736,4641,67,4708,91
2021-12-28,Colusa,011,21464,2697,2653,724,3377,21
2021-12-28,Contra Costa,013,1133247,112861,107160,2960,110120,1072
2021-12-28,Del Norte,015,27424,3862,3815,59,3874,43
2021-12-28,El Dorado,017,186661,18044,17419,1924,19343,172
2021-12-28,Fresno,019,978130,152365,148987,13873,162860,2365
2021-12-28,Glenn,021,27897,3693,3639,1080,4719,39
2021-12-28,Humboldt,023,135768,10718,10198,825,11023,119
2021-12-28,Imperial,025,180216,38221,37223,4492,41715,800
2021-12-28,Inyo,027,18085,2792,2676,50,2726,48
2021-12-28,Kern,029,883053,138065,135346,25979,161325,1909
2021-12-28,Kings,031,150075,34915,34165,2140,36305,386
2021-12-28,Lake,033,64148,7141,7044,194,7238,116
2021-12-28,Lassen,035,31185,7133,7083,437,7520,55
2021-12-28,Los Angeles,037,10098052,1657052,1561791,69250,1631041,27323
2021-12-28,Madera,039,155013,25334,24865,2474,27339,320
2021-12-28,Marin,041,260295,21221,19739,880,20619,249
2021-12-28,Mariposa,043,17540,1550,1499,64,1563,6
2021-12-28,Mendocino,045,87422,8609,8366,719,9085,98
2021-12-28,Merced,047,269075,45122,44434,2285,46719,691
2021-12-28,Modoc,049,8938,609,599,211,810,6
2021-12-28,Mono,051,14174,2186,2045,25,2070,4
2021-12-28,Monterey,053,433212,52382,49973,3747,53720,639
2021-12-28,Napa,055,140530,14939,14131,212,14343,107
2021-12-28,Nevada,057,99092,10523,10250,383,10633,110
2021-12-28,Orange,059,3164182,349994,331279,21235,352514,5882
2021-12-28,Placer,061,380077,41753,40410,4322,44732,489
2021-12-28,Plumas,063,18699,2047,1989,55,2044,12
2021-12-28,Riverside,065,2383286,406457,390343,18259,408602,5470
2021-12-28,Sacramento,067,1510023,177112,171290,5998,177288,2426
2021-12-28,San Benito,069,59416,8414,8170,204,8374,79
2021-12-28,San Bernardino,071,2135413,398384,381316,13173,394489,6047
2021-12-28,San Diego,073,3302833,443224,417383,26226,443609,4450
2021-12-28,San Francisco,075,870044,67831,61745,3059,64804,682
2021-12-28,San Joaquin,077,732212,108448,105572,6025,111597,1884
2021-12-28,San Luis Obispo,079,281455,33158,31759,1523,33282,365
2021-12-28,San Mateo,081,765935,65292,58712,1389,60101,582
2021-12-28,Santa Barbara,083,443738,50635,48493,1801,50294,568
2021-12-28,Santa Clara,085,1922200,170181,160811,2418,163229,1962
2021-12-28,Santa Cruz,087,273765,23609,22513,1156,23669,228
2021-12-28,Shasta,089,179085,23365,23035,3821,26856,434
2021-12-28,Sierra,091,2930,212,206,21,227,0
2021-12-28,Siskiyou,093,43540,3543,3468,1425,4893,60
2021-12-28,Solano,095,438530,50286,48318,1574,49892,378
2021-12-28,Sonoma,097,501317,47176,45086,738,45824,410
2021-12-28,Stanislaus,099,539301,84593,83946,9760,93706,1331
2021-12-28,Sutter,101,95872,14823,14662,437,15099,193
2021-12-28,Tehama,103,63373,9055,8893,1601,10494,138
2021-12-28,Trinity,105,12862,917,831,229,1060,17
2021-12-28,Tulare,107,460477,73321,71630,17359,88989,1156
2021-12-28,Tuolumne,109,53932,8140,8006,119,8125,91
2021-12-28,Ventura,111,848112,112012,105883,5498,111381,1207
2021-12-28,Yolo,113,214977,22392,21320,1531,22851,270
2021-12-28,Yuba,115,75493,10983,10778,423,11201,99
2021-12-27,Alameda,001,1643700,135480,129910,3588,133498,1530
2021-12-27,Alpine,003,1148,110,113,0,113,0
2021-12-27,Amador,005,37829,5971,5891,84,5975,70
2021-12-27,Butte,007,227075,22833,22234,4098,26332,335
2021-12-27,Calaveras,009,45235,4711,4630,66,4696,91
2021-12-27,Colusa,011,21464,2686,2652,718,3370,21
2021-12-27,Contra Costa,013,1133247,110698,106692,2879,109571,1071
2021-12-27,Del Norte,015,27424,3853,3802,58,3860,43
2021-12-27,El Dorado,017,186661,17885,17361,1911,19272,172
2021-12-27,Fresno,019,978130,151403,148826,13792,162618,2364
2021-12-27,Glenn,021,27897,3685,3634,1074,4708,39
2021-12-27,Humboldt,023,135768,10605,10164,803,10967,119
2021-12-27,Imperial,025,180216,37980,37180,4393,41573,800
2021-12-27,Inyo,027,18085,2763,2662,48,2710,48
2021-12-27,Kern,029,883053,137414,135119,25676,160795,1907
2021-12-27,Kings,031,150075,34766,34126,2127,36253,382
2021-12-27,Lake,033,64148,7118,7037,184,7221,116
2021-12-27,Lassen,035,31185,7127,7080,437,7517,55
2021-12-27,Los Angeles,037,10098052,1620733,1554074,67490,1621564,27300
2021-12-27,Madera,039,155013,25214,24840,2455,27295,320
2021-12-27,Marin,041,260295,20831,19601,853,20454,249
2021-12-27,Mariposa,043,17540,1535,1495,64,1559,6
2021-12-27,Mendocino,045,87422,8542,8351,714,9065,98
2021-12-27,Merced,047,269075,44892,44383,2268,46651,690
2021-12-27,Modoc,049,8938,607,599,211,810,6
2021-12-27,Mono,051,14174,2123,2026,25,2051,4
2021-12-27,Monterey,053,433212,52080,49918,3696,53614,639
2021-12-27,Napa,055,140530,14669,14083,203,14286,107
2021-12-27,Nevada,057,99092,10454,10239,375,10614,110
2021-12-27,Orange,059,3164182,342519,329222,20428,349650,5875
2021-12-27,Placer,061,380077,41376,40263,4273,44536,489
2021-12-27,Plumas,063,18699,2045,1988,53,2041,12
2021-12-27,Riverside,065,2383286,401867,389096,18000,407096,5470
2021-12-27,Sacramento,067,1510023,175083,170858,5826,176684,2422
2021-12-27,San Benito,069,59416,8297,8133,200,8333,79
2021-12-27,San Bernardino,071,2135413,392610,380526,12972,393498,6047
2021-12-27,San Diego,073,3302833,433028,414968,25737,440705,4445
2021-12-27,San Francisco,075,870044,66089,60920,2994,63914,682
2021-12-27,San Joaquin,077,732212,107529,105413,5962,111375,1876
2021-12-27,San Luis Obispo,079,281455,32715,31671,1501,33172,365
2021-12-27,San Mateo,081,765935,63768,58397,1289,59686,581
2021-12-27,Santa Barbara,083,443738,49849,48209,1780,49989,568
2021-12-27,Santa Clara,085,1922200,167211,159904,2291,162195,1961
2021-12-27,Santa Cruz,087,273765,23321,22456,1138,23594,228
2021-12-27,Shasta,089,179085,23303,23015,3810,26825,432
2021-12-27,Sierra,091,2930,212,206,21,227,0
2021-12-27,Siskiyou,093,43540,3534,3466,1420,4886,60
2021-12-27,Solano,095,438530,49553,48172,1526,49698,378
2021-12-27,Sonoma,097,501317,46600,44990,719,45709,410
2021-12-27,Stanislaus,099,539301,84144,83833,9722,93555,1331
2021-12-27,Sutter,101,95872,14767,14642,432,15074,191
2021-12-27,Tehama,103,63373,9040,8887,1594,10481,136
2021-12-27,Trinity,105,12862,917,827,229,1056,17
2021-12-27,Tulare,107,460477,73054,71562,17262,88824,1146
2021-12-27,Tuolumne,109,53932,8102,7978,118,8096,91
2021-12-27,Ventura,111,848112,109924,105212,5362,110574,1206
2021-12-27,Yolo,113,214977,22098,21300,1496,22796,270
2021-12-27,Yuba,115,75493,10922,10759,422,11181,98
2021-12-26,Alameda,001,1643700,133430,127221,3514,130735,1525
2021-12-26,Alpine,003,1148,110,113,0,113,0
2021-12-26,Amador,005,37829,5955,5861,82,5943,70
2021-12-26,Butte,007,227075,22678,22087,4075,26162,330
2021-12-26,Calaveras,009,45235,4689,4591,66,4657,91
2021-12-26,Colusa,011,21464,2675,2647,712,3359,21
2021-12-26,Contra Costa,013,1133247,108936,105022,2780,107802,1071
2021-12-26,Del Norte,015,27424,3848,3795,58,3853,43
2021-12-26,El Dorado,017,186661,17729,17188,1902,19090,172
2021-12-26,Fresno,019,978130,150699,148027,13711,161738,2358
2021-12-26,Glenn,021,27897,3677,3611,1063,4674,39
2021-12-26,Humboldt,023,135768,10462,10052,780,10832,119
2021-12-26,Imperial,025,180216,37677,36878,4301,41179,800
2021-12-26,Inyo,027,18085,2739,2636,45,2681,47
2021-12-26,Kern,029,883053,136692,134591,25419,160010,1908
2021-12-26,Kings,031,150075,34613,34009,2121,36130,379
2021-12-26,Lake,033,64148,7096,7019,181,7200,116
2021-12-26,Lassen,035,31185,7121,7072,436,7508,55
2021-12-26,Los Angeles,037,10098052,1590894,1515469,65683,1581152,27257
2021-12-26,Madera,039,155013,25095,24741,2439,27180,320
2021-12-26,Marin,041,260295,20452,19085,793,19878,249
2021-12-26,Mariposa,043,17540,1529,1480,64,1544,6
2021-12-26,Mendocino,045,87422,8491,8314,712,9026,98
2021-12-26,Merced,047,269075,44641,44208,2257,46465,690
2021-12-26,Modoc,049,8938,606,597,209,806,6
2021-12-26,Mono,051,14174,2097,2000,25,2025,4
2021-12-26,Monterey,053,433212,51799,49709,3647,53356,638
2021-12-26,Napa,055,140530,14432,13809,198,14007,107
2021-12-26,Nevada,057,99092,10394,10153,368,10521,110
2021-12-26,Orange,059,3164182,336185,322991,19625,342616,5863
2021-12-26,Placer,061,380077,41025,39852,4202,44054,489
2021-12-26,Plumas,063,18699,2037,1987,52,2039,12
2021-12-26,Riverside,065,2383286,397681,384567,17830,402397,5470
2021-12-26,Sacramento,067,1510023,173356,169144,5676,174820,2418
2021-12-26,San Benito,069,59416,8208,7991,196,8187,79
2021-12-26,San Bernardino,071,2135413,387954,376052,12793,388845,6043
2021-12-26,San Diego,073,3302833,424037,406616,25240,431856,4442
2021-12-26,San Francisco,075,870044,64517,58229,2932,61161,682
2021-12-26,San Joaquin,077,732212,106713,104590,5909,110499,1872
2021-12-26,San Luis Obispo,079,281455,32275,31290,1483,32773,365
2021-12-26,San Mateo,081,765935,62368,56973,1241,58214,581
2021-12-26,Santa Barbara,083,443738,49173,47553,1750,49303,567
2021-12-26,Santa Clara,085,1922200,164511,156872,2158,159030,1967
2021-12-26,Santa Cruz,087,273765,23036,22176,1124,23300,228
2021-12-26,Shasta,089,179085,23220,22959,3798,26757,432
2021-12-26,Sierra,091,2930,212,202,21,223,0
2021-12-26,Siskiyou,093,43540,3526,3460,1411,4871,60
2021-12-26,Solano,095,438530,49050,47646,1488,49134,377
2021-12-26,Sonoma,097,501317,46102,44358,687,45045,408
2021-12-26,Stanislaus,099,539301,83772,83368,9683,93051,1331
2021-12-26,Sutter,101,95872,14702,14533,429,14962,191
2021-12-26,Tehama,103,63373,9007,8861,1591,10452,136
2021-12-26,Trinity,105,12862,917,826,228,1054,17
2021-12-26,Tulare,107,460477,72804,71292,17151,88443,1137
2021-12-26,Tuolumne,109,53932,8065,7919,118,8037,91
2021-12-26,Ventura,111,848112,108087,103498,5212,108710,1206
2021-12-26,Yolo,113,214977,21812,21084,1456,22540,270
2021-12-26,Yuba,115,75493,10871,10694,420,11114,98
2021-12-25,Alameda,001,1643700,132360,127221,3449,130670,1525
2021-12-25,Alpine,003,1148,110,113,0,113,0
2021-12-25,Amador,005,37829,5936,5861,82,5943,70
2021-12-25,Butte,007,227075,22581,22087,4059,26146,330
2021-12-25,Calaveras,009,45235,4660,4591,65,4656,91
2021-12-25,Colusa,011,21464,2670,2647,706,3353,21
2021-12-25,Contra Costa,013,1133247,108113,105022,2727,107749,1071
2021-12-25,Del Norte,015,27424,3841,3795,57,3852,43
2021-12-25,El Dorado,017,186661,17676,17188,1891,19079,172
2021-12-25,Fresno,019,978130,150386,148027,13663,161690,2358
2021-12-25,Glenn,021,27897,3666,3611,1059,4670,39
2021-12-25,Humboldt,023,135768,10381,10052,773,10825,119
2021-12-25,Imperial,025,180216,37555,36878,4278,41156,800
2021-12-25,Inyo,027,18085,2719,2636,45,2681,47
2021-12-25,Kern,029,883053,136345,134591,25294,159885,1908
2021-12-25,Kings,031,150075,34523,34009,2114,36123,379
2021-12-25,Lake,033,64148,7084,7019,179,7198,116
2021-12-25,Lassen,035,31185,7119,7072,436,7508,55
2021-12-25,Los Angeles,037,10098052,1578089,1515469,64351,1579820,27257
2021-12-25,Madera,039,155013,25045,24741,2433,27174,320
2021-12-25,Marin,041,260295,20110,19085,744,19829,249
2021-12-25,Mariposa,043,17540,1523,1480,64,1544,6
2021-12-25,Mendocino,045,87422,8453,8314,712,9026,98
2021-12-25,Merced,047,269075,44541,44208,2255,46463,690
2021-12-25,Modoc,049,8938,606,597,209,806,6
2021-12-25,Mono,051,14174,2080,2000,25,2025,4
2021-12-25,Monterey,053,433212,51631,49709,3612,53321,638
2021-12-25,Napa,055,140530,14317,13809,190,13999,107
2021-12-25,Nevada,057,99092,10365,10153,368,10521,110
2021-12-25,Orange,059,3164182,333316,322991,19050,342041,5863
2021-12-25,Placer,061,380077,40841,39852,4166,44018,489
2021-12-25,Plumas,063,18699,2035,1987,52,2039,12
2021-12-25,Riverside,065,2383286,395400,384567,17710,402277,5470
2021-12-25,Sacramento,067,1510023,172542,169144,5568,174712,2418
2021-12-25,San Benito,069,59416,8143,7991,196,8187,79
2021-12-25,San Bernardino,071,2135413,385762,376052,12652,388704,6043
2021-12-25,San Diego,073,3302833,419971,406616,24970,431586,4442
2021-12-25,San Francisco,075,870044,63494,58229,2896,61125,682
2021-12-25,San Joaquin,077,732212,106378,104590,5877,110467,1872
2021-12-25,San Luis Obispo,079,281455,32120,31290,1474,32764,365
2021-12-25,San Mateo,081,765935,61337,56973,1198,58171,581
2021-12-25,Santa Barbara,083,443738,48809,47553,1738,49291,567
2021-12-25,Santa Clara,085,1922200,163032,156872,2091,158963,1967
2021-12-25,Santa Cruz,087,273765,22876,22176,1118,23294,228
2021-12-25,Shasta,089,179085,23187,22959,3792,26751,432
2021-12-25,Sierra,091,2930,212,202,21,223,0
2021-12-25,Siskiyou,093,43540,3523,3460,1405,4865,60
2021-12-25,Solano,095,438530,48925,47646,1470,49116,377
2021-12-25,Sonoma,097,501317,45717,44358,661,45019,408
2021-12-25,Stanislaus,099,539301,83559,83368,9660,93028,1331
2021-12-25,Sutter,101,95872,14661,14533,427,14960,191
2021-12-25,Tehama,103,63373,8987,8861,1587,10448,136
2021-12-25,Trinity,105,12862,916,826,228,1054,17
2021-12-25,Tulare,107,460477,72668,71292,17071,88363,1137
2021-12-25,Tuolumne,109,53932,8034,7919,118,8037,91
2021-12-25,Ventura,111,848112,106914,103498,5103,108601,1206
2021-12-25,Yolo,113,214977,21700,21084,1434,22518,270
2021-12-25,Yuba,115,75493,10844,10694,419,11113,98
2021-12-24,Alameda,001,1643700,131751,127221,3431,130652,1525
2021-12-24,Alpine,003,1148,110,113,0,113,0
2021-12-24,Amador,005,37829,5928,5861,81,5942,70
2021-12-24,Butte,007,227075,22525,22087,4046,26133,330
2021-12-24,Calaveras,009,45235,4654,4591,65,4656,91
2021-12-24,Colusa,011,21464,2668,2647,705,3352,21
2021-12-24,Contra Costa,013,1133247,107795,105022,2695,107717,1071
2021-12-24,Del Norte,015,27424,3834,3795,57,3852,43
2021-12-24,El Dorado,017,186661,17623,17188,1886,19074,172
2021-12-24,Fresno,019,978130,150220,148027,13650,161677,2358
2021-12-24,Glenn,021,27897,3665,3611,1059,4670,39
2021-12-24,Humboldt,023,135768,10325,10052,767,10819,119
2021-12-24,Imperial,025,180216,37472,36878,4274,41152,800
2021-12-24,Inyo,027,18085,2699,2636,45,2681,47
2021-12-24,Kern,029,883053,136222,134591,25252,159843,1908
2021-12-24,Kings,031,150075,34455,34009,2113,36122,379
2021-12-24,Lake,033,64148,7080,7019,179,7198,116
2021-12-24,Lassen,035,31185,7116,7072,436,7508,55
2021-12-24,Los Angeles,037,10098052,1573231,1515469,63821,1579290,27257
2021-12-24,Madera,039,155013,25010,24741,2428,27169,320
2021-12-24,Marin,041,260295,19964,19085,713,19798,249
2021-12-24,Mariposa,043,17540,1521,1480,64,1544,6
2021-12-24,Mendocino,045,87422,8436,8314,712,9026,98
2021-12-24,Merced,047,269075,44491,44208,2253,46461,690
2021-12-24,Modoc,049,8938,606,597,209,806,6
2021-12-24,Mono,051,14174,2067,2000,25,2025,4
2021-12-24,Monterey,053,433212,51534,49709,3586,53295,638
2021-12-24,Napa,055,140530,14251,13809,186,13995,107
2021-12-24,Nevada,057,99092,10339,10153,366,10519,110
2021-12-24,Orange,059,3164182,332264,322991,18890,341881,5863
2021-12-24,Placer,061,380077,40721,39852,4150,44002,489
2021-12-24,Plumas,063,18699,2034,1987,52,2039,12
2021-12-24,Riverside,065,2383286,394403,384567,17619,402186,5470
2021-12-24,Sacramento,067,1510023,172227,169144,5532,174676,2418
2021-12-24,San Benito,069,59416,8134,7991,195,8186,79
2021-12-24,San Bernardino,071,2135413,384651,376052,12580,388632,6043
2021-12-24,San Diego,073,3302833,418850,406616,24842,431458,4442
2021-12-24,San Francisco,075,870044,62984,58229,2878,61107,682
2021-12-24,San Joaquin,077,732212,106183,104590,5870,110460,1872
2021-12-24,San Luis Obispo,079,281455,32058,31290,1464,32754,365
2021-12-24,San Mateo,081,765935,60905,56973,1175,58148,581
2021-12-24,Santa Barbara,083,443738,48604,47553,1731,49284,567
2021-12-24,Santa Clara,085,1922200,162208,156872,2057,158929,1967
2021-12-24,Santa Cruz,087,273765,22793,22176,1115,23291,228
2021-12-24,Shasta,089,179085,23153,22959,3788,26747,432
2021-12-24,Sierra,091,2930,211,202,21,223,0
2021-12-24,Siskiyou,093,43540,3518,3460,1401,4861,60
2021-12-24,Solano,095,438530,48873,47646,1468,49114,377
2021-12-24,Sonoma,097,501317,45552,44358,653,45011,408
2021-12-24,Stanislaus,099,539301,83447,83368,9640,93008,1331
2021-12-24,Sutter,101,95872,14641,14533,424,14957,191
2021-12-24,Tehama,103,63373,8978,8861,1584,10445,136
2021-12-24,Trinity,105,12862,914,826,228,1054,17
2021-12-24,Tulare,107,460477,72601,71292,17028,88320,1137
2021-12-24,Tuolumne,109,53932,8009,7919,118,8037,91
2021-12-24,Ventura,111,848112,106467,103498,5047,108545,1206
2021-12-24,Yolo,113,214977,21626,21084,1416,22500,270
2021-12-24,Yuba,115,75493,10821,10694,418,11112,98
2021-12-23,Alameda,001,1643700,131057,127221,3397,130618,1525
2021-12-23,Alpine,003,1148,110,113,0,113,0
2021-12-23,Amador,005,37829,5916,5861,79,5940,70
2021-12-23,Butte,007,227075,22475,22087,4034,26121,330
2021-12-23,Calaveras,009,45235,4643,4591,65,4656,91
2021-12-23,Colusa,011,21464,2662,2647,701,3348,21
2021-12-23,Contra Costa,013,1133247,107365,105022,2650,107672,1071
2021-12-23,Del Norte,015,27424,3831,3795,57,3852,43
2021-12-23,El Dorado,017,186661,17560,17188,1880,19068,172
2021-12-23,Fresno,019,978130,150015,148027,13628,161655,2358
2021-12-23,Glenn,021,27897,3661,3611,1059,4670,39
2021-12-23,Humboldt,023,135768,10272,10052,764,10816,119
2021-12-23,Imperial,025,180216,37398,36878,4246,41124,800
2021-12-23,Inyo,027,18085,2686,2636,45,2681,47
2021-12-23,Kern,029,883053,136071,134591,25154,159745,1908
2021-12-23,Kings,031,150075,34414,34009,2112,36121,379
2021-12-23,Lake,033,64148,7068,7019,177,7196,116
2021-12-23,Lassen,035,31185,7115,7072,436,7508,55
2021-12-23,Los Angeles,037,10098052,1563702,1515469,62719,1578188,27257
2021-12-23,Madera,039,155013,24977,24741,2423,27164,320
2021-12-23,Marin,041,260295,19830,19085,696,19781,249
2021-12-23,Mariposa,043,17540,1516,1480,64,1544,6
2021-12-23,Mendocino,045,87422,8427,8314,712,9026,98
2021-12-23,Merced,047,269075,44442,44208,2251,46459,690
2021-12-23,Modoc,049,8938,606,597,209,806,6
2021-12-23,Mono,051,14174,2046,2000,24,2024,4
2021-12-23,Monterey,053,433212,51412,49709,3565,53274,638
2021-12-23,Napa,055,140530,14170,13809,181,13990,107
2021-12-23,Nevada,057,99092,10315,10153,365,10518,110
2021-12-23,Orange,059,3164182,330574,322991,18557,341548,5863
2021-12-23,Placer,061,380077,40598,39852,4134,43986,489
2021-12-23,Plumas,063,18699,2034,1987,52,2039,12
2021-12-23,Riverside,065,2383286,393186,384567,17550,402117,5470
2021-12-23,Sacramento,067,1510023,171771,169144,5484,174628,2418
2021-12-23,San Benito,069,59416,8115,7991,193,8184,79
2021-12-23,San Bernardino,071,2135413,383483,376052,12473,388525,6043
2021-12-23,San Diego,073,3302833,417002,406616,24642,431258,4442
2021-12-23,San Francisco,075,870044,62256,58229,2850,61079,682
2021-12-23,San Joaquin,077,732212,105965,104590,5857,110447,1872
2021-12-23,San Luis Obispo,079,281455,31986,31290,1460,32750,365
2021-12-23,San Mateo,081,765935,60343,56973,1154,58127,581
2021-12-23,Santa Barbara,083,443738,48405,47553,1729,49282,567
2021-12-23,Santa Clara,085,1922200,161301,156872,1998,158870,1967
2021-12-23,Santa Cruz,087,273765,22678,22176,1103,23279,228
2021-12-23,Shasta,089,179085,23123,22959,3785,26744,432
2021-12-23,Sierra,091,2930,208,202,21,223,0
2021-12-23,Siskiyou,093,43540,3518,3460,1399,4859,60
2021-12-23,Solano,095,438530,48767,47646,1452,49098,377
2021-12-23,Sonoma,097,501317,45375,44358,650,45008,408
2021-12-23,Stanislaus,099,539301,83318,83368,9624,92992,1331
2021-12-23,Sutter,101,95872,14624,14533,423,14956,191
2021-12-23,Tehama,103,63373,8966,8861,1580,10441,136
2021-12-23,Trinity,105,12862,914,826,228,1054,17
2021-12-23,Tulare,107,460477,72526,71292,16983,88275,1137
2021-12-23,Tuolumne,109,53932,7991,7919,117,8036,91
2021-12-23,Ventura,111,848112,105931,103498,4980,108478,1206
2021-12-23,Yolo,113,214977,21554,21084,1398,22482,270
2021-12-23,Yuba,115,75493,10808,10694,418,11112,98
2021-12-22,Alameda,001,1643700,130143,126533,3312,129845,1522
2021-12-22,Alpine,003,1148,110,112,0,112,0
2021-12-22,Amador,005,37829,5903,5850,78,5928,70
2021-12-22,Butte,007,227075,22425,22070,4023,26093,330
2021-12-22,Calaveras,009,45235,4634,4580,65,4645,91
2021-12-22,Colusa,011,21464,2662,2645,698,3343,21
2021-12-22,Contra Costa,013,1133247,106728,104559,2607,107166,1070
2021-12-22,Del Norte,015,27424,3831,3794,57,3851,43
2021-12-22,El Dorado,017,186661,17499,17140,1871,19011,172
2021-12-22,Fresno,019,978130,149733,147838,13594,161432,2349
2021-12-22,Glenn,021,27897,3656,3604,1059,4663,39
2021-12-22,Humboldt,023,135768,10211,10022,759,10781,119
2021-12-22,Imperial,025,180216,37312,36755,4209,40964,798
2021-12-22,Inyo,027,18085,2668,2632,45,2677,47
2021-12-22,Kern,029,883053,135836,134433,25069,159502,1900
2021-12-22,Kings,031,150075,34364,33953,2105,36058,376
2021-12-22,Lake,033,64148,7061,7008,175,7183,116
2021-12-22,Lassen,035,31185,7110,7069,435,7504,55
2021-12-22,Los Angeles,037,10098052,1550170,1507110,61542,1568652,27234
2021-12-22,Madera,039,155013,24939,24702,2419,27121,320
2021-12-22,Marin,041,260295,19609,18927,673,19600,249
2021-12-22,Mariposa,043,17540,1509,1480,64,1544,6
2021-12-22,Mendocino,045,87422,8418,8299,712,9011,99
2021-12-22,Merced,047,269075,44371,44137,2249,46386,689
2021-12-22,Modoc,049,8938,606,595,209,804,6
2021-12-22,Mono,051,14174,2042,1979,24,2003,4
2021-12-22,Monterey,053,433212,51255,49650,3548,53198,639
2021-12-22,Napa,055,140530,14043,13746,171,13917,107
2021-12-22,Nevada,057,99092,10287,10101,360,10461,110
2021-12-22,Orange,059,3164182,328279,321765,18124,339889,5858
2021-12-22,Placer,061,380077,40414,39758,4097,43855,489
2021-12-22,Plumas,063,18699,2030,1986,52,2038,12
2021-12-22,Riverside,065,2383286,391354,383319,17435,400754,5472
2021-12-22,Sacramento,067,1510023,171112,168695,5415,174110,2422
2021-12-22,San Benito,069,59416,8063,7971,191,8162,79
2021-12-22,San Bernardino,071,2135413,381818,375044,12388,387432,6039
2021-12-22,San Diego,073,3302833,412883,404269,24313,428582,4434
2021-12-22,San Francisco,075,870044,61267,57520,2805,60325,682
2021-12-22,San Joaquin,077,732212,105695,104385,5843,110228,1870
2021-12-22,San Luis Obispo,079,281455,31845,31175,1440,32615,365
2021-12-22,San Mateo,081,765935,59658,56604,1125,57729,581
2021-12-22,Santa Barbara,083,443738,48149,47372,1713,49085,566
2021-12-22,Santa Clara,085,1922200,160182,156258,1957,158215,1954
2021-12-22,Santa Cruz,087,273765,22571,22075,1097,23172,228
2021-12-22,Shasta,089,179085,23094,22937,3780,26717,432
2021-12-22,Sierra,091,2930,208,202,21,223,0
2021-12-22,Siskiyou,093,43540,3515,3458,1396,4854,59
2021-12-22,Solano,095,438530,48538,47531,1438,48969,375
2021-12-22,Sonoma,097,501317,45100,44201,639,44840,408
2021-12-22,Stanislaus,099,539301,83177,83245,9609,92854,1331
2021-12-22,Sutter,101,95872,14588,14513,420,14933,191
2021-12-22,Tehama,103,63373,8953,8853,1577,10430,136
2021-12-22,Trinity,105,12862,914,826,228,1054,17
2021-12-22,Tulare,107,460477,72425,71226,16930,88156,1137
2021-12-22,Tuolumne,109,53932,7970,7903,117,8020,91
2021-12-22,Ventura,111,848112,105325,103089,4873,107962,1206
2021-12-22,Yolo,113,214977,21478,21012,1382,22394,270
2021-12-22,Yuba,115,75493,10791,10681,418,11099,98
2021-12-21,Alameda,001,1643700,129155,126007,3256,129263,1518
2021-12-21,Alpine,003,1148,110,112,0,112,0
2021-12-21,Amador,005,37829,5893,5845,78,5923,70
2021-12-21,Butte,007,227075,22362,22041,4010,26051,330
2021-12-21,Calaveras,009,45235,4621,4575,65,4640,91
2021-12-21,Colusa,011,21464,2660,2643,697,3340,21
2021-12-21,Contra Costa,013,1133247,106096,104255,2541,106796,1068
2021-12-21,Del Norte,015,27424,3830,3793,57,3850,43
2021-12-21,El Dorado,017,186661,17434,17098,1859,18957,172
2021-12-21,Fresno,019,978130,149446,147707,13559,161266,2341
2021-12-21,Glenn,021,27897,3642,3602,1059,4661,39
2021-12-21,Humboldt,023,135768,10146,9989,754,10743,118
2021-12-21,Imperial,025,180216,37214,36580,4167,40747,792
2021-12-21,Inyo,027,18085,2657,2627,45,2672,47
2021-12-21,Kern,029,883053,135627,134321,24963,159284,1892
2021-12-21,Kings,031,150075,34303,33914,2104,36018,376
2021-12-21,Lake,033,64148,7056,7004,173,7177,116
2021-12-21,Lassen,035,31185,7108,7069,435,7504,55
2021-12-21,Los Angeles,037,10098052,1536292,1501169,60502,1561671,27220
2021-12-21,Madera,039,155013,24902,24688,2412,27100,320
2021-12-21,Marin,041,260295,19439,18828,638,19466,249
2021-12-21,Mariposa,043,17540,1508,1480,63,1543,6
2021-12-21,Mendocino,045,87422,8402,8282,710,8992,97
2021-12-21,Merced,047,269075,44299,44096,2246,46342,688
2021-12-21,Modoc,049,8938,604,595,207,802,6
2021-12-21,Mono,051,14174,2023,1979,24,2003,4
2021-12-21,Monterey,053,433212,51164,49586,3531,53117,638
2021-12-21,Napa,055,140530,13942,13703,160,13863,107
2021-12-21,Nevada,057,99092,10258,10095,360,10455,110
2021-12-21,Orange,059,3164182,326152,320705,17670,338375,5855
2021-12-21,Placer,061,380077,40273,39649,4068,43717,487
2021-12-21,Plumas,063,18699,2030,1975,52,2027,12
2021-12-21,Riverside,065,2383286,389628,382415,17314,399729,5465
2021-12-21,Sacramento,067,1510023,170461,168422,5359,173781,2419
2021-12-21,San Benito,069,59416,8024,7950,189,8139,79
2021-12-21,San Bernardino,071,2135413,380195,374219,12280,386499,6026
2021-12-21,San Diego,073,3302833,409157,402386,23976,426362,4424
2021-12-21,San Francisco,075,870044,60316,56950,2771,59721,681
2021-12-21,San Joaquin,077,732212,105408,104238,5824,110062,1870
2021-12-21,San Luis Obispo,079,281455,31681,31103,1428,32531,365
2021-12-21,San Mateo,081,765935,59041,56381,1101,57482,581
2021-12-21,Santa Barbara,083,443738,47921,47194,1698,48892,564
2021-12-21,Santa Clara,085,1922200,159158,155769,1915,157684,1951
2021-12-21,Santa Cruz,087,273765,22454,22028,1086,23114,228
2021-12-21,Shasta,089,179085,23063,22920,3776,26696,429
2021-12-21,Sierra,091,2930,206,201,21,222,0
2021-12-21,Siskiyou,093,43540,3514,3455,1396,4851,59
2021-12-21,Solano,095,438530,48384,47474,1431,48905,372
2021-12-21,Sonoma,097,501317,44877,44051,629,44680,408
2021-12-21,Stanislaus,099,539301,83022,83167,9582,92749,1331
2021-12-21,Sutter,101,95872,14565,14492,419,14911,190
2021-12-21,Tehama,103,63373,8945,8849,1572,10421,136
2021-12-21,Trinity,105,12862,913,826,228,1054,17
2021-12-21,Tulare,107,460477,72332,71166,16888,88054,1137
2021-12-21,Tuolumne,109,53932,7946,7893,117,8010,91
2021-12-21,Ventura,111,848112,104706,102631,4760,107391,1205
2021-12-21,Yolo,113,214977,21369,20944,1378,22322,267
2021-12-21,Yuba,115,75493,10774,10668,418,11086,98
2021-12-20,Alameda,001,1643700,128226,125762,3188,128950,1515
2021-12-20,Alpine,003,1148,110,112,0,112,0
2021-12-20,Amador,005,37829,5879,5838,78,5916,70
2021-12-20,Butte,007,227075,22300,22030,4001,26031,329
2021-12-20,Calaveras,009,45235,4611,4569,65,4634,91
2021-12-20,Colusa,011,21464,2659,2644,697,3341,21
2021-12-20,Contra Costa,013,1133247,105561,104051,2494,106545,1068
2021-12-20,Del Norte,015,27424,3828,3792,57,3849,43
2021-12-20,El Dorado,017,186661,17373,17083,1850,18933,172
2021-12-20,Fresno,019,978130,149203,147605,13530,161135,2341
2021-12-20,Glenn,021,27897,3636,3597,1059,4656,39
2021-12-20,Humboldt,023,135768,10104,9973,750,10723,118
2021-12-20,Imperial,025,180216,37098,36532,4137,40669,792
2021-12-20,Inyo,027,18085,2654,2615,45,2660,47
2021-12-20,Kern,029,883053,135428,134203,24903,159106,1883
2021-12-20,Kings,031,150075,34261,33898,2103,36001,376
2021-12-20,Lake,033,64148,7051,6999,173,7172,116
2021-12-20,Lassen,035,31185,7106,7065,434,7499,55
2021-12-20,Los Angeles,037,10098052,1524825,1495251,59769,1555020,27188
2021-12-20,Madera,039,155013,24873,24668,2408,27076,313
2021-12-20,Marin,041,260295,19225,18747,620,19367,249
2021-12-20,Mariposa,043,17540,1499,1479,63,1542,6
2021-12-20,Mendocino,045,87422,8390,8264,708,8972,96
2021-12-20,Merced,047,269075,44242,44071,2241,46312,687
2021-12-20,Modoc,049,8938,604,595,204,799,6
2021-12-20,Mono,051,14174,2000,1973,24,1997,4
2021-12-20,Monterey,053,433212,51067,49556,3511,53067,636
2021-12-20,Napa,055,140530,13857,13672,150,13822,107
2021-12-20,Nevada,057,99092,10218,10079,359,10438,109
2021-12-20,Orange,059,3164182,324545,320235,17350,337585,5852
2021-12-20,Placer,061,380077,40144,39579,4038,43617,485
2021-12-20,Plumas,063,18699,2027,1971,50,2021,12
2021-12-20,Riverside,065,2383286,388179,381841,17224,399065,5452
2021-12-20,Sacramento,067,1510023,169890,168153,5316,173469,2414
2021-12-20,San Benito,069,59416,7980,7934,187,8121,79
2021-12-20,San Bernardino,071,2135413,378703,373881,12195,386076,6023
2021-12-20,San Diego,073,3302833,405947,401483,23735,425218,4412
2021-12-20,San Francisco,075,870044,59261,56661,2710,59371,681
2021-12-20,San Joaquin,077,732212,105165,104188,5815,110003,1865
2021-12-20,San Luis Obispo,079,281455,31568,31075,1420,32495,365
2021-12-20,San Mateo,081,765935,58493,56247,1082,57329,581
2021-12-20,Santa Barbara,083,443738,47711,47131,1693,48824,562
2021-12-20,Santa Clara,085,1922200,158197,155427,1866,157293,1950
2021-12-20,Santa Cruz,087,273765,22373,21989,1081,23070,227
2021-12-20,Shasta,089,179085,23042,22888,3771,26659,429
2021-12-20,Sierra,091,2930,205,201,21,222,0
2021-12-20,Siskiyou,093,43540,3513,3453,1394,4847,59
2021-12-20,Solano,095,438530,48256,47394,1423,48817,370
2021-12-20,Sonoma,097,501317,44685,43982,621,44603,408
2021-12-20,Stanislaus,099,539301,82898,83110,9555,92665,1331
2021-12-20,Sutter,101,95872,14542,14480,419,14899,190
2021-12-20,Tehama,103,63373,8937,8840,1569,10409,136
2021-12-20,Trinity,105,12862,913,826,228,1054,17
2021-12-20,Tulare,107,460477,72238,71124,16828,87952,1129
2021-12-20,Tuolumne,109,53932,7932,7867,113,7980,91
2021-12-20,Ventura,111,848112,104198,102452,4682,107134,1203
2021-12-20,Yolo,113,214977,21276,20903,1366,22269,267
2021-12-20,Yuba,115,75493,10758,10656,415,11071,97
2021-12-19,Alameda,001,1643700,127342,125464,3145,128609,1519
2021-12-19,Alpine,003,1148,110,112,0,112,0
2021-12-19,Amador,005,37829,5867,5832,77,5909,70
2021-12-19,Butte,007,227075,22246,22022,3995,26017,329
2021-12-19,Calaveras,009,45235,4595,4563,64,4627,91
2021-12-19,Colusa,011,21464,2659,2643,694,3337,21
2021-12-19,Contra Costa,013,1133247,105070,103906,2459,106365,1068
2021-12-19,Del Norte,015,27424,3824,3797,57,3854,43
2021-12-19,El Dorado,017,186661,17317,17067,1848,18915,172
2021-12-19,Fresno,019,978130,148962,147505,13504,161009,2341
2021-12-19,Glenn,021,27897,3632,3596,1058,4654,39
2021-12-19,Humboldt,023,135768,10062,9957,745,10702,118
2021-12-19,Imperial,025,180216,36969,36501,4093,40594,792
2021-12-19,Inyo,027,18085,2645,2613,45,2658,47
2021-12-19,Kern,029,883053,135229,134136,24832,158968,1883
2021-12-19,Kings,031,150075,34203,33874,2099,35973,378
2021-12-19,Lake,033,64148,7042,6999,170,7169,116
2021-12-19,Lassen,035,31185,7102,7065,434,7499,55
2021-12-19,Los Angeles,037,10098052,1515840,1495082,59157,1554239,27189
2021-12-19,Madera,039,155013,24849,24642,2402,27044,313
2021-12-19,Marin,041,260295,19049,18707,597,19304,249
2021-12-19,Mariposa,043,17540,1493,1475,63,1538,6
2021-12-19,Mendocino,045,87422,8373,8257,705,8962,96
2021-12-19,Merced,047,269075,44147,44045,2234,46279,687
2021-12-19,Modoc,049,8938,603,595,204,799,6
2021-12-19,Mono,051,14174,1989,1968,23,1991,4
2021-12-19,Monterey,053,433212,50965,49516,3489,53005,636
2021-12-19,Napa,055,140530,13784,13659,141,13800,107
2021-12-19,Nevada,057,99092,10182,10057,356,10413,109
2021-12-19,Orange,059,3164182,323140,319615,17121,336736,5852
2021-12-19,Placer,061,380077,40022,39525,4021,43546,485
2021-12-19,Plumas,063,18699,2024,1971,50,2021,12
2021-12-19,Riverside,065,2383286,386735,381305,17148,398453,5452
2021-12-19,Sacramento,067,1510023,169395,167933,5287,173220,2415
2021-12-19,San Benito,069,59416,7954,7929,186,8115,79
2021-12-19,San Bernardino,071,2135413,377407,373480,12154,385634,6023
2021-12-19,San Diego,073,3302833,403470,398197,23539,421736,4406
2021-12-19,San Francisco,075,870044,58388,56358,2654,59012,681
2021-12-19,San Joaquin,077,732212,104908,104125,5801,109926,1865
2021-12-19,San Luis Obispo,079,281455,31445,31035,1408,32443,366
2021-12-19,San Mateo,081,765935,58028,56132,1067,57199,581
2021-12-19,Santa Barbara,083,443738,47488,47070,1686,48756,562
2021-12-19,Santa Clara,085,1922200,157312,155049,1838,156887,1950
2021-12-19,Santa Cruz,087,273765,22274,21960,1076,23036,227
2021-12-19,Shasta,089,179085,23005,22875,3767,26642,429
2021-12-19,Sierra,091,2930,204,201,21,222,0
2021-12-19,Siskiyou,093,43540,3510,3452,1394,4846,59
2021-12-19,Solano,095,438530,48134,47341,1417,48758,370
2021-12-19,Sonoma,097,501317,44501,43944,619,44563,408
2021-12-19,Stanislaus,099,539301,82760,83040,9524,92564,1331
2021-12-19,Sutter,101,95872,14502,14475,418,14893,190
2021-12-19,Tehama,103,63373,8929,8840,1569,10409,136
2021-12-19,Trinity,105,12862,913,826,228,1054,17
2021-12-19,Tulare,107,460477,72145,71085,16786,87871,1129
2021-12-19,Tuolumne,109,53932,7915,7865,112,7977,91
2021-12-19,Ventura,111,848112,103618,102170,4617,106787,1203
2021-12-19,Yolo,113,214977,21195,20887,1346,22233,267
2021-12-19,Yuba,115,75493,10741,10646,413,11059,97
2021-12-18,Alameda,001,1643700,126937,124583,3120,127703,1512
2021-12-18,Alpine,003,1148,110,110,0,110,0
2021-12-18,Amador,005,37829,5861,5821,77,5898,69
2021-12-18,Butte,007,227075,22230,21956,3990,25946,328
2021-12-18,Calaveras,009,45235,4588,4534,64,4598,91
2021-12-18,Colusa,011,21464,2655,2635,692,3327,21
2021-12-18,Contra Costa,013,1133247,104856,103380,2445,105825,1065
2021-12-18,Del Norte,015,27424,3821,3791,57,3848,43
2021-12-18,El Dorado,017,186661,17289,16968,1845,18813,171
2021-12-18,Fresno,019,978130,148859,147038,13490,160528,2335
2021-12-18,Glenn,021,27897,3629,3590,1058,4648,39
2021-12-18,Humboldt,023,135768,10046,9889,745,10634,118
2021-12-18,Imperial,025,180216,36896,36280,4081,40361,790
2021-12-18,Inyo,027,18085,2639,2607,45,2652,47
2021-12-18,Kern,029,883053,135139,133754,24785,158539,1873
2021-12-18,Kings,031,150075,34170,33783,2095,35878,374
2021-12-18,Lake,033,64148,7041,6976,170,7146,115
2021-12-18,Lassen,035,31185,7100,7061,433,7494,55
2021-12-18,Los Angeles,037,10098052,1511742,1484840,58842,1543682,27135
2021-12-18,Madera,039,155013,24834,24575,2400,26975,313
2021-12-18,Marin,041,260295,18948,18537,585,19122,249
2021-12-18,Mariposa,043,17540,1492,1468,63,1531,6
2021-12-18,Mendocino,045,87422,8367,8219,705,8924,95
2021-12-18,Merced,047,269075,44113,43929,2233,46162,686
2021-12-18,Modoc,049,8938,601,595,204,799,6
2021-12-18,Mono,051,14174,1987,1956,23,1979,4
2021-12-18,Monterey,053,433212,50907,49343,3484,52827,635
2021-12-18,Napa,055,140530,13758,13581,139,13720,107
2021-12-18,Nevada,057,99092,10160,9991,354,10345,108
2021-12-18,Orange,059,3164182,322476,318149,16981,335130,5844
2021-12-18,Placer,061,380077,39921,39336,4007,43343,485
2021-12-18,Plumas,063,18699,2024,1964,50,2014,13
2021-12-18,Riverside,065,2383286,386037,379354,17106,396460,5439
2021-12-18,Sacramento,067,1510023,169158,167046,5267,172313,2404
2021-12-18,San Benito,069,59416,7939,7894,186,8080,79
2021-12-18,San Bernardino,071,2135413,376749,371658,12126,383784,6017
2021-12-18,San Diego,073,3302833,402505,397130,23487,420617,4399
2021-12-18,San Francisco,075,870044,57894,55562,2624,58186,679
2021-12-18,San Joaquin,077,732212,104821,103698,5791,109489,1858
2021-12-18,San Luis Obispo,079,281455,31402,30873,1402,32275,365
2021-12-18,San Mateo,081,765935,57788,55730,1062,56792,580
2021-12-18,Santa Barbara,083,443738,47392,46776,1684,48460,562
2021-12-18,Santa Clara,085,1922200,156856,154243,1825,156068,1946
2021-12-18,Santa Cruz,087,273765,22222,21805,1074,22879,225
2021-12-18,Shasta,089,179085,22984,22811,3767,26578,429
2021-12-18,Sierra,091,2930,204,199,21,220,0
2021-12-18,Siskiyou,093,43540,3508,3441,1393,4834,58
2021-12-18,Solano,095,438530,48088,47174,1415,48589,369
2021-12-18,Sonoma,097,501317,44391,43658,615,44273,407
2021-12-18,Stanislaus,099,539301,82678,82736,9513,92249,1330
2021-12-18,Sutter,101,95872,14484,14435,418,14853,190
2021-12-18,Tehama,103,63373,8923,8814,1568,10382,136
2021-12-18,Trinity,105,12862,913,823,228,1051,17
2021-12-18,Tulare,107,460477,72107,70922,16761,87683,1120
2021-12-18,Tuolumne,109,53932,7901,7834,112,7946,91
2021-12-18,Ventura,111,848112,103333,101612,4593,106205,1201
2021-12-18,Yolo,113,214977,21155,20793,1340,22133,267
2021-12-18,Yuba,115,75493,10729,10599,413,11012,96
2021-12-17,Alameda,001,1643700,126604,124583,3101,127684,1512
2021-12-17,Alpine,003,1148,110,110,0,110,0
2021-12-17,Amador,005,37829,5854,5821,77,5898,69
2021-12-17,Butte,007,227075,22210,21956,3984,25940,328
2021-12-17,Calaveras,009,45235,4584,4534,64,4598,91
2021-12-17,Colusa,011,21464,2654,2635,691,3326,21
2021-12-17,Contra Costa,013,1133247,104654,103380,2441,105821,1065
2021-12-17,Del Norte,015,27424,3820,3791,57,3848,43
2021-12-17,El Dorado,017,186661,17260,16968,1842,18810,171
2021-12-17,Fresno,019,978130,148756,147038,13490,160528,2335
2021-12-17,Glenn,021,27897,3622,3590,1058,4648,39
2021-12-17,Humboldt,023,135768,10026,9889,743,10632,118
2021-12-17,Imperial,025,180216,36833,36280,4063,40343,790
2021-12-17,Inyo,027,18085,2634,2607,45,2652,47
2021-12-17,Kern,029,883053,135048,133754,24743,158497,1873
2021-12-17,Kings,031,150075,34151,33783,2095,35878,374
2021-12-17,Lake,033,64148,7037,6976,170,7146,115
2021-12-17,Lassen,035,31185,7100,7061,432,7493,55
2021-12-17,Los Angeles,037,10098052,1507768,1484840,58599,1543439,27135
2021-12-17,Madera,039,155013,24818,24575,2395,26970,313
2021-12-17,Marin,041,260295,18872,18537,581,19118,249
2021-12-17,Mariposa,043,17540,1488,1468,63,1531,6
2021-12-17,Mendocino,045,87422,8356,8219,705,8924,95
2021-12-17,Merced,047,269075,44086,43929,2232,46161,686
2021-12-17,Modoc,049,8938,601,595,204,799,6
2021-12-17,Mono,051,14174,1984,1956,23,1979,4
2021-12-17,Monterey,053,433212,50849,49343,3479,52822,635
2021-12-17,Napa,055,140530,13731,13581,138,13719,107
2021-12-17,Nevada,057,99092,10149,9991,354,10345,108
2021-12-17,Orange,059,3164182,321912,318149,16913,335062,5844
2021-12-17,Placer,061,380077,39866,39336,4001,43337,485
2021-12-17,Plumas,063,18699,2023,1964,50,2014,13
2021-12-17,Riverside,065,2383286,385385,379354,17095,396449,5439
2021-12-17,Sacramento,067,1510023,168926,167046,5254,172300,2404
2021-12-17,San Benito,069,59416,7937,7894,186,8080,79
2021-12-17,San Bernardino,071,2135413,376203,371658,12109,383767,6017
2021-12-17,San Diego,073,3302833,401577,397130,23439,420569,4399
2021-12-17,San Francisco,075,870044,57568,55562,2594,58156,679
2021-12-17,San Joaquin,077,732212,104747,103698,5773,109471,1858
2021-12-17,San Luis Obispo,079,281455,31374,30873,1398,32271,365
2021-12-17,San Mateo,081,765935,57599,55730,1055,56785,580
2021-12-17,Santa Barbara,083,443738,47315,46776,1678,48454,562
2021-12-17,Santa Clara,085,1922200,156484,154243,1810,156053,1946
2021-12-17,Santa Cruz,087,273765,22175,21805,1071,22876,225
2021-12-17,Shasta,089,179085,22972,22811,3765,26576,429
2021-12-17,Sierra,091,2930,203,199,21,220,0
2021-12-17,Siskiyou,093,43540,3504,3441,1391,4832,58
2021-12-17,Solano,095,438530,48020,47174,1411,48585,369
2021-12-17,Sonoma,097,501317,44294,43658,612,44270,407
2021-12-17,Stanislaus,099,539301,82627,82736,9507,92243,1330
2021-12-17,Sutter,101,95872,14472,14435,416,14851,190
2021-12-17,Tehama,103,63373,8916,8814,1567,10381,136
2021-12-17,Trinity,105,12862,913,823,228,1051,17
2021-12-17,Tulare,107,460477,72065,70922,16731,87653,1120
2021-12-17,Tuolumne,109,53932,7889,7834,112,7946,91
2021-12-17,Ventura,111,848112,103083,101612,4581,106193,1201
2021-12-17,Yolo,113,214977,21122,20793,1334,22127,267
2021-12-17,Yuba,115,75493,10718,10599,410,11009,96
2021-12-16,Alameda,001,1643700,126231,124583,3086,127669,1512
2021-12-16,Alpine,003,1148,108,110,0,110,0
2021-12-16,Amador,005,37829,5846,5821,77,5898,69
2021-12-16,Butte,007,227075,22190,21956,3981,25937,328
2021-12-16,Calaveras,009,45235,4577,4534,64,4598,91
2021-12-16,Colusa,011,21464,2654,2635,691,3326,21
2021-12-16,Contra Costa,013,1133247,104431,103380,2428,105808,1065
2021-12-16,Del Norte,015,27424,3817,3791,57,3848,43
2021-12-16,El Dorado,017,186661,17225,16968,1837,18805,171
2021-12-16,Fresno,019,978130,148596,147038,13483,160521,2335
2021-12-16,Glenn,021,27897,3621,3590,1055,4645,39
2021-12-16,Humboldt,023,135768,10002,9889,733,10622,118
2021-12-16,Imperial,025,180216,36749,36280,4033,40313,790
2021-12-16,Inyo,027,18085,2630,2607,44,2651,47
2021-12-16,Kern,029,883053,134904,133754,24692,158446,1873
2021-12-16,Kings,031,150075,34127,33783,2094,35877,374
2021-12-16,Lake,033,64148,7033,6976,170,7146,115
2021-12-16,Lassen,035,31185,7097,7061,431,7492,55
2021-12-16,Los Angeles,037,10098052,1503531,1484840,58328,1543168,27135
2021-12-16,Madera,039,155013,24789,24575,2391,26966,313
2021-12-16,Marin,041,260295,18826,18537,574,19111,249
2021-12-16,Mariposa,043,17540,1486,1468,63,1531,6
2021-12-16,Mendocino,045,87422,8345,8219,700,8919,95
2021-12-16,Merced,047,269075,44047,43929,2231,46160,686
2021-12-16,Modoc,049,8938,601,595,204,799,6
2021-12-16,Mono,051,14174,1981,1956,23,1979,4
2021-12-16,Monterey,053,433212,50778,49343,3462,52805,635
2021-12-16,Napa,055,140530,13699,13581,138,13719,107
2021-12-16,Nevada,057,99092,10123,9991,354,10345,108
2021-12-16,Orange,059,3164182,321304,318149,16834,334983,5844
2021-12-16,Placer,061,380077,39789,39336,3996,43332,485
2021-12-16,Plumas,063,18699,2023,1964,50,2014,13
2021-12-16,Riverside,065,2383286,384579,379354,17081,396435,5439
2021-12-16,Sacramento,067,1510023,168640,167046,5229,172275,2404
2021-12-16,San Benito,069,59416,7930,7894,186,8080,79
2021-12-16,San Bernardino,071,2135413,375553,371658,12090,383748,6017
2021-12-16,San Diego,073,3302833,400410,397130,23373,420503,4399
2021-12-16,San Francisco,075,870044,57193,55562,2572,58134,679
2021-12-16,San Joaquin,077,732212,104623,103698,5766,109464,1858
2021-12-16,San Luis Obispo,079,281455,31304,30873,1392,32265,365
2021-12-16,San Mateo,081,765935,57399,55730,1052,56782,580
2021-12-16,Santa Barbara,083,443738,47194,46776,1674,48450,562
2021-12-16,Santa Clara,085,1922200,156154,154243,1800,156043,1946
2021-12-16,Santa Cruz,087,273765,22129,21805,1070,22875,225
2021-12-16,Shasta,089,179085,22942,22811,3763,26574,429
2021-12-16,Sierra,091,2930,203,199,21,220,0
2021-12-16,Siskiyou,093,43540,3503,3441,1387,4828,58
2021-12-16,Solano,095,438530,47952,47174,1404,48578,369
2021-12-16,Sonoma,097,501317,44195,43658,610,44268,407
2021-12-16,Stanislaus,099,539301,82540,82736,9493,92229,1330
2021-12-16,Sutter,101,95872,14458,14435,415,14850,190
2021-12-16,Tehama,103,63373,8909,8814,1566,10380,136
2021-12-16,Trinity,105,12862,913,823,228,1051,17
2021-12-16,Tulare,107,460477,72017,70922,16705,87627,1120
2021-12-16,Tuolumne,109,53932,7870,7834,112,7946,91
2021-12-16,Ventura,111,848112,102815,101612,4574,106186,1201
2021-12-16,Yolo,113,214977,21071,20793,1329,22122,267
2021-12-16,Yuba,115,75493,10702,10599,409,11008,96
2021-12-15,Alameda,001,1643700,125904,124342,3074,127416,1509
2021-12-15,Alpine,003,1148,108,109,0,109,0
2021-12-15,Amador,005,37829,5840,5810,77,5887,69
2021-12-15,Butte,007,227075,22168,21922,3980,25902,327
2021-12-15,Calaveras,009,45235,4571,4523,64,4587,89
2021-12-15,Colusa,011,21464,2653,2632,690,3322,21
2021-12-15,Contra Costa,013,1133247,104212,103236,2425,105661,1064
2021-12-15,Del Norte,015,27424,3816,3789,56,3845,43
2021-12-15,El Dorado,017,186661,17193,16936,1831,18767,171
2021-12-15,Fresno,019,978130,148468,146859,13468,160327,2319
2021-12-15,Glenn,021,27897,3621,3589,1055,4644,39
2021-12-15,Humboldt,023,135768,9982,9854,732,10586,118
2021-12-15,Imperial,025,180216,36670,36187,3989,40176,789
2021-12-15,Inyo,027,18085,2625,2606,44,2650,47
2021-12-15,Kern,029,883053,134765,133590,24645,158235,1866
2021-12-15,Kings,031,150075,34098,33716,2090,35806,374
2021-12-15,Lake,033,64148,7025,6968,169,7137,115
2021-12-15,Lassen,035,31185,7097,7062,431,7493,55
2021-12-15,Los Angeles,037,10098052,1499615,1482735,58131,1540866,27116
2021-12-15,Madera,039,155013,24771,24549,2385,26934,313
2021-12-15,Marin,041,260295,18767,18514,569,19083,249
2021-12-15,Mariposa,043,17540,1483,1463,63,1526,6
2021-12-15,Mendocino,045,87422,8340,8209,697,8906,95
2021-12-15,Merced,047,269075,44005,43890,2219,46109,685
2021-12-15,Modoc,049,8938,601,595,204,799,6
2021-12-15,Mono,051,14174,1977,1955,23,1978,4
2021-12-15,Monterey,053,433212,50723,49279,3444,52723,635
2021-12-15,Napa,055,140530,13670,13557,136,13693,107
2021-12-15,Nevada,057,99092,10102,9958,354,10312,107
2021-12-15,Orange,059,3164182,320723,317808,16792,334600,5838
2021-12-15,Placer,061,380077,39733,39264,3986,43250,485
2021-12-15,Plumas,063,18699,2019,1957,50,2007,12
2021-12-15,Riverside,065,2383286,383859,378769,17069,395838,5438
2021-12-15,Sacramento,067,1510023,168330,166793,5208,172001,2401
2021-12-15,San Benito,069,59416,7915,7877,186,8063,79
2021-12-15,San Bernardino,071,2135413,375009,371122,12058,383180,6013
2021-12-15,San Diego,073,3302833,399216,396546,23304,419850,4395
2021-12-15,San Francisco,075,870044,56875,55414,2554,57968,679
2021-12-15,San Joaquin,077,732212,104466,103579,5756,109335,1853
2021-12-15,San Luis Obispo,079,281455,31255,30784,1385,32169,365
2021-12-15,San Mateo,081,765935,57257,55657,1042,56699,580
2021-12-15,Santa Barbara,083,443738,47113,46681,1672,48353,562
2021-12-15,Santa Clara,085,1922200,155843,153928,1779,155707,1944
2021-12-15,Santa Cruz,087,273765,22089,21753,1063,22816,225
2021-12-15,Shasta,089,179085,22927,22778,3759,26537,427
2021-12-15,Sierra,091,2930,203,199,21,220,0
2021-12-15,Siskiyou,093,43540,3502,3434,1386,4820,58
2021-12-15,Solano,095,438530,47881,47098,1397,48495,367
2021-12-15,Sonoma,097,501317,44113,43580,605,44185,407
2021-12-15,Stanislaus,099,539301,82434,82628,9485,92113,1298
2021-12-15,Sutter,101,95872,14438,14428,414,14842,189
2021-12-15,Tehama,103,63373,8902,8806,1565,10371,136
2021-12-15,Trinity,105,12862,912,822,228,1050,17
2021-12-15,Tulare,107,460477,71966,70846,16676,87522,1120
2021-12-15,Tuolumne,109,53932,7861,7818,111,7929,91
2021-12-15,Ventura,111,848112,102600,101447,4568,106015,1199
2021-12-15,Yolo,113,214977,21043,20749,1324,22073,267
2021-12-15,Yuba,115,75493,10691,10587,408,10995,96
2021-12-14,Alameda,001,1643700,125576,124272,3062,127334,1506
2021-12-14,Alpine,003,1148,107,109,0,109,0
2021-12-14,Amador,005,37829,5834,5808,76,5884,69
2021-12-14,Butte,007,227075,22135,21901,3978,25879,326
2021-12-14,Calaveras,009,45235,4559,4517,64,4581,89
2021-12-14,Colusa,011,21464,2651,2628,690,3318,21
2021-12-14,Contra Costa,013,1133247,104028,103135,2421,105556,1064
2021-12-14,Del Norte,015,27424,3813,3788,56,3844,43
2021-12-14,El Dorado,017,186661,17159,16915,1829,18744,170
2021-12-14,Fresno,019,978130,148298,146756,13460,160216,2316
2021-12-14,Glenn,021,27897,3620,3589,1055,4644,39
2021-12-14,Humboldt,023,135768,9970,9836,724,10560,118
2021-12-14,Imperial,025,180216,36597,36049,3946,39995,789
2021-12-14,Inyo,027,18085,2624,2601,44,2645,46
2021-12-14,Kern,029,883053,134627,133498,24596,158094,1863
2021-12-14,Kings,031,150075,34061,33693,2087,35780,373
2021-12-14,Lake,033,64148,7016,6961,169,7130,115
2021-12-14,Lassen,035,31185,7096,7061,431,7492,55
2021-12-14,Los Angeles,037,10098052,1495948,1481131,57949,1539080,27099
2021-12-14,Madera,039,155013,24744,24535,2377,26912,313
2021-12-14,Marin,041,260295,18719,18491,567,19058,249
2021-12-14,Mariposa,043,17540,1480,1463,62,1525,6
2021-12-14,Mendocino,045,87422,8312,8206,695,8901,95
2021-12-14,Merced,047,269075,43959,43870,2217,46087,684
2021-12-14,Modoc,049,8938,600,595,204,799,6
2021-12-14,Mono,051,14174,1970,1955,23,1978,4
2021-12-14,Monterey,053,433212,50639,49237,3433,52670,635
2021-12-14,Napa,055,140530,13641,13528,136,13664,107
2021-12-14,Nevada,057,99092,10076,9956,353,10309,106
2021-12-14,Orange,059,3164182,320169,317465,16738,334203,5827
2021-12-14,Placer,061,380077,39658,39221,3981,43202,482
2021-12-14,Plumas,063,18699,2015,1950,48,1998,12
2021-12-14,Riverside,065,2383286,383167,378227,17052,395279,5427
2021-12-14,Sacramento,067,1510023,168019,166605,5185,171790,2394
2021-12-14,San Benito,069,59416,7896,7871,186,8057,79
2021-12-14,San Bernardino,071,2135413,374389,370604,12028,382632,6013
2021-12-14,San Diego,073,3302833,398077,395876,23253,419129,4393
2021-12-14,San Francisco,075,870044,56562,55278,2542,57820,679
2021-12-14,San Joaquin,077,732212,104320,103488,5738,109226,1848
2021-12-14,San Luis Obispo,079,281455,31195,30753,1381,32134,363
2021-12-14,San Mateo,081,765935,57093,55601,1035,56636,580
2021-12-14,Santa Barbara,083,443738,47011,46648,1667,48315,560
2021-12-14,Santa Clara,085,1922200,155520,153814,1766,155580,1945
2021-12-14,Santa Cruz,087,273765,22024,21737,1058,22795,225
2021-12-14,Shasta,089,179085,22900,22756,3758,26514,427
2021-12-14,Sierra,091,2930,201,199,21,220,0
2021-12-14,Siskiyou,093,43540,3497,3430,1385,4815,58
2021-12-14,Solano,095,438530,47834,47065,1391,48456,367
2021-12-14,Sonoma,097,501317,44030,43538,603,44141,407
2021-12-14,Stanislaus,099,539301,82349,82581,9471,92052,1293
2021-12-14,Sutter,101,95872,14426,14421,413,14834,189
2021-12-14,Tehama,103,63373,8898,8805,1565,10370,134
2021-12-14,Trinity,105,12862,912,821,228,1049,17
2021-12-14,Tulare,107,460477,71894,70803,16645,87448,1120
2021-12-14,Tuolumne,109,53932,7848,7815,111,7926,91
2021-12-14,Ventura,111,848112,102375,101343,4561,105904,1199
2021-12-14,Yolo,113,214977,21009,20734,1310,22044,267
2021-12-14,Yuba,115,75493,10674,10574,408,10982,92
2021-12-13,Alameda,001,1643700,125292,124174,3045,127219,1501
2021-12-13,Alpine,003,1148,107,109,0,109,0
2021-12-13,Amador,005,37829,5830,5797,76,5873,69
2021-12-13,Butte,007,227075,22111,21889,3974,25863,326
2021-12-13,Calaveras,009,45235,4552,4507,63,4570,89
2021-12-13,Colusa,011,21464,2649,2627,690,3317,21
2021-12-13,Contra Costa,013,1133247,103878,103041,2410,105451,1064
2021-12-13,Del Norte,015,27424,3809,3787,56,3843,42
2021-12-13,El Dorado,017,186661,17136,16896,1827,18723,170
2021-12-13,Fresno,019,978130,148147,146641,13450,160091,2312
2021-12-13,Glenn,021,27897,3615,3589,1053,4642,37
2021-12-13,Humboldt,023,135768,9941,9821,720,10541,118
2021-12-13,Imperial,025,180216,36513,35974,3925,39899,787
2021-12-13,Inyo,027,18085,2623,2592,44,2636,46
2021-12-13,Kern,029,883053,134500,133381,24543,157924,1863
2021-12-13,Kings,031,150075,34018,33680,2082,35762,372
2021-12-13,Lake,033,64148,7014,6958,167,7125,115
2021-12-13,Lassen,035,31185,7095,7057,431,7488,55
2021-12-13,Los Angeles,037,10098052,1493143,1480195,57783,1537978,27085
2021-12-13,Madera,039,155013,24715,24527,2372,26899,311
2021-12-13,Marin,041,260295,18659,18471,564,19035,249
2021-12-13,Mariposa,043,17540,1478,1462,62,1524,6
2021-12-13,Mendocino,045,87422,8299,8196,693,8889,95
2021-12-13,Merced,047,269075,43920,43848,2213,46061,682
2021-12-13,Modoc,049,8938,599,595,204,799,6
2021-12-13,Mono,051,14174,1963,1952,23,1975,4
2021-12-13,Monterey,053,433212,50587,49222,3413,52635,631
2021-12-13,Napa,055,140530,13628,13518,136,13654,107
2021-12-13,Nevada,057,99092,10057,9946,352,10298,106
2021-12-13,Orange,059,3164182,319699,317112,16684,333796,5824
2021-12-13,Placer,061,380077,39597,39168,3970,43138,481
2021-12-13,Plumas,063,18699,2011,1943,48,1991,12
2021-12-13,Riverside,065,2383286,382584,377728,17037,394765,5414
2021-12-13,Sacramento,067,1510023,167741,166439,5153,171592,2392
2021-12-13,San Benito,069,59416,7887,7856,186,8042,79
2021-12-13,San Bernardino,071,2135413,373814,370274,12020,382294,6011
2021-12-13,San Diego,073,3302833,397271,395266,23200,418466,4389
2021-12-13,San Francisco,075,870044,56291,55245,2529,57774,678
2021-12-13,San Joaquin,077,732212,104204,103449,5729,109178,1846
2021-12-13,San Luis Obispo,079,281455,31145,30746,1377,32123,363
2021-12-13,San Mateo,081,765935,56934,55569,1026,56595,580
2021-12-13,Santa Barbara,083,443738,46923,46608,1662,48270,560
2021-12-13,Santa Clara,085,1922200,155255,153672,1755,155427,1944
2021-12-13,Santa Cruz,087,273765,21969,21698,1055,22753,225
2021-12-13,Shasta,089,179085,22879,22731,3756,26487,426
2021-12-13,Sierra,091,2930,201,199,21,220,0
2021-12-13,Siskiyou,093,43540,3493,3426,1382,4808,57
2021-12-13,Solano,095,438530,47760,47045,1386,48431,365
2021-12-13,Sonoma,097,501317,43934,43492,601,44093,407
2021-12-13,Stanislaus,099,539301,82233,82507,9448,91955,1282
2021-12-13,Sutter,101,95872,14419,14408,413,14821,188
2021-12-13,Tehama,103,63373,8885,8800,1565,10365,134
2021-12-13,Trinity,105,12862,912,820,228,1048,17
2021-12-13,Tulare,107,460477,71836,70758,16621,87379,1114
2021-12-13,Tuolumne,109,53932,7837,7804,111,7915,91
2021-12-13,Ventura,111,848112,102150,101180,4550,105730,1197
2021-12-13,Yolo,113,214977,20960,20706,1305,22011,267
2021-12-13,Yuba,115,75493,10657,10570,408,10978,92
2021-12-12,Alameda,001,1643700,125006,124075,3032,127107,1503
2021-12-12,Alpine,003,1148,107,109,0,109,0
2021-12-12,Amador,005,37829,5822,5797,75,5872,69
2021-12-12,Butte,007,227075,22087,21874,3971,25845,326
2021-12-12,Calaveras,009,45235,4541,4501,63,4564,89
2021-12-12,Colusa,011,21464,2644,2627,687,3314,21
2021-12-12,Contra Costa,013,1133247,103689,102976,2408,105384,1065
2021-12-12,Del Norte,015,27424,3806,3793,56,3849,42
2021-12-12,El Dorado,017,186661,17100,16890,1819,18709,170
2021-12-12,Fresno,019,978130,147985,146518,13434,159952,2310
2021-12-12,Glenn,021,27897,3612,3589,1053,4642,37
2021-12-12,Humboldt,023,135768,9917,9804,713,10517,118
2021-12-12,Imperial,025,180216,36379,35926,3893,39819,787
2021-12-12,Inyo,027,18085,2618,2592,44,2636,46
2021-12-12,Kern,029,883053,134334,133314,24502,157816,1861
2021-12-12,Kings,031,150075,33967,33661,2080,35741,372
2021-12-12,Lake,033,64148,7007,6955,165,7120,115
2021-12-12,Lassen,035,31185,7094,7057,431,7488,55
2021-12-12,Los Angeles,037,10098052,1490211,1479054,57599,1536653,27074
2021-12-12,Madera,039,155013,24685,24493,2364,26857,311
2021-12-12,Marin,041,260295,18606,18451,560,19011,249
2021-12-12,Mariposa,043,17540,1477,1461,62,1523,6
2021-12-12,Mendocino,045,87422,8286,8190,692,8882,95
2021-12-12,Merced,047,269075,43886,43821,2206,46027,682
2021-12-12,Modoc,049,8938,599,595,203,798,6
2021-12-12,Mono,051,14174,1959,1947,23,1970,4
2021-12-12,Monterey,053,433212,50534,49192,3387,52579,631
2021-12-12,Napa,055,140530,13585,13508,134,13642,107
2021-12-12,Nevada,057,99092,10030,9938,351,10289,106
2021-12-12,Orange,059,3164182,319193,316918,16619,333537,5825
2021-12-12,Placer,061,380077,39532,39139,3964,43103,481
2021-12-12,Plumas,063,18699,2007,1942,46,1988,12
2021-12-12,Riverside,065,2383286,381908,377467,17011,394478,5414
2021-12-12,Sacramento,067,1510023,167475,166291,5132,171423,2392
2021-12-12,San Benito,069,59416,7867,7853,186,8039,79
2021-12-12,San Bernardino,071,2135413,373172,369977,11996,381973,6011
2021-12-12,San Diego,073,3302833,396377,393307,23162,416469,4378
2021-12-12,San Francisco,075,870044,56037,55180,2517,57697,678
2021-12-12,San Joaquin,077,732212,104065,103405,5719,109124,1846
2021-12-12,San Luis Obispo,079,281455,31092,30719,1375,32094,363
2021-12-12,San Mateo,081,765935,56819,55505,1022,56527,580
2021-12-12,Santa Barbara,083,443738,46848,46586,1660,48246,560
2021-12-12,Santa Clara,085,1922200,154976,153452,1741,155193,1945
2021-12-12,Santa Cruz,087,273765,21920,21671,1053,22724,225
2021-12-12,Shasta,089,179085,22851,22732,3755,26487,426
2021-12-12,Sierra,091,2930,201,199,21,220,0
2021-12-12,Siskiyou,093,43540,3493,3424,1382,4806,57
2021-12-12,Solano,095,438530,47694,47021,1381,48402,365
2021-12-12,Sonoma,097,501317,43841,43424,598,44022,407
2021-12-12,Stanislaus,099,539301,82135,82460,9435,91895,1282
2021-12-12,Sutter,101,95872,14408,14396,413,14809,189
2021-12-12,Tehama,103,63373,8874,8796,1563,10359,134
2021-12-12,Trinity,105,12862,910,820,228,1048,17
2021-12-12,Tulare,107,460477,71759,70733,16579,87312,1115
2021-12-12,Tuolumne,109,53932,7820,7794,111,7905,91
2021-12-12,Ventura,111,848112,101956,101105,4536,105641,1197
2021-12-12,Yolo,113,214977,20910,20685,1294,21979,267
2021-12-12,Yuba,115,75493,10643,10565,405,10970,92
2021-12-11,Alameda,001,1643700,124869,123572,3030,126602,1496
2021-12-11,Alpine,003,1148,107,109,0,109,0
2021-12-11,Amador,005,37829,5817,5787,75,5862,69
2021-12-11,Butte,007,227075,22073,21819,3970,25789,326
2021-12-11,Calaveras,009,45235,4533,4469,62,4531,89
2021-12-11,Colusa,011,21464,2640,2619,686,3305,21
2021-12-11,Contra Costa,013,1133247,103603,102618,2406,105024,1061
2021-12-11,Del Norte,015,27424,3806,3778,56,3834,42
2021-12-11,El Dorado,017,186661,17079,16796,1818,18614,170
2021-12-11,Fresno,019,978130,147896,145988,13425,159413,2294
2021-12-11,Glenn,021,27897,3611,3585,1053,4638,37
2021-12-11,Humboldt,023,135768,9900,9721,710,10431,118
2021-12-11,Imperial,025,180216,36320,35635,3883,39518,782
2021-12-11,Inyo,027,18085,2613,2576,44,2620,46
2021-12-11,Kern,029,883053,134265,132852,24467,157319,1854
2021-12-11,Kings,031,150075,33954,33530,2078,35608,371
2021-12-11,Lake,033,64148,7006,6932,163,7095,114
2021-12-11,Lassen,035,31185,7093,7049,431,7480,55
2021-12-11,Los Angeles,037,10098052,1488986,1474030,57507,1531537,27031
2021-12-11,Madera,039,155013,24679,24417,2363,26780,311
2021-12-11,Marin,041,260295,18573,18339,557,18896,249
2021-12-11,Mariposa,043,17540,1476,1450,62,1512,6
2021-12-11,Mendocino,045,87422,8279,8130,692,8822,95
2021-12-11,Merced,047,269075,43867,43690,2205,45895,681
2021-12-11,Modoc,049,8938,599,594,203,797,6
2021-12-11,Mono,051,14174,1955,1926,23,1949,4
2021-12-11,Monterey,053,433212,50506,49008,3384,52392,631
2021-12-11,Napa,055,140530,13568,13459,134,13593,107
2021-12-11,Nevada,057,99092,10017,9880,351,10231,106
2021-12-11,Orange,059,3164182,318941,315759,16591,332350,5805
2021-12-11,Placer,061,380077,39474,38959,3957,42916,481
2021-12-11,Plumas,063,18699,2001,1934,46,1980,12
2021-12-11,Riverside,065,2383286,381488,375649,16996,392645,5408
2021-12-11,Sacramento,067,1510023,167345,165530,5122,170652,2386
2021-12-11,San Benito,069,59416,7853,7808,186,7994,79
2021-12-11,San Bernardino,071,2135413,372812,368145,11986,380131,6007
2021-12-11,San Diego,073,3302833,395957,392274,23124,415398,4374
2021-12-11,San Francisco,075,870044,55884,54869,2512,57381,678
2021-12-11,San Joaquin,077,732212,104004,103013,5715,108728,1842
2021-12-11,San Luis Obispo,079,281455,31070,30567,1371,31938,362
2021-12-11,San Mateo,081,765935,56740,55284,1020,56304,580
2021-12-11,Santa Barbara,083,443738,46813,46309,1660,47969,559
2021-12-11,Santa Clara,085,1922200,154778,152846,1729,154575,1941
2021-12-11,Santa Cruz,087,273765,21896,21557,1053,22610,225
2021-12-11,Shasta,089,179085,22836,22660,3751,26411,419
2021-12-11,Sierra,091,2930,201,199,21,220,0
2021-12-11,Siskiyou,093,43540,3487,3418,1379,4797,57
2021-12-11,Solano,095,438530,47665,46891,1376,48267,365
2021-12-11,Sonoma,097,501317,43793,43227,598,43825,407
2021-12-11,Stanislaus,099,539301,82086,82133,9426,91559,1264
2021-12-11,Sutter,101,95872,14399,14354,413,14767,187
2021-12-11,Tehama,103,63373,8871,8776,1561,10337,134
2021-12-11,Trinity,105,12862,910,819,228,1047,17
2021-12-11,Tulare,107,460477,71715,70523,16569,87092,1103
2021-12-11,Tuolumne,109,53932,7811,7760,111,7871,91
2021-12-11,Ventura,111,848112,101881,100711,4529,105240,1195
2021-12-11,Yolo,113,214977,20891,20608,1290,21898,267
2021-12-11,Yuba,115,75493,10631,10519,404,10923,92
2021-12-10,Alameda,001,1643700,124743,123572,3023,126595,1496
2021-12-10,Alpine,003,1148,106,109,0,109,0
2021-12-10,Amador,005,37829,5810,5787,75,5862,69
2021-12-10,Butte,007,227075,22060,21819,3968,25787,326
2021-12-10,Calaveras,009,45235,4530,4469,62,4531,89
2021-12-10,Colusa,011,21464,2639,2619,686,3305,21
2021-12-10,Contra Costa,013,1133247,103507,102618,2405,105023,1061
2021-12-10,Del Norte,015,27424,3806,3778,56,3834,42
2021-12-10,El Dorado,017,186661,17066,16796,1818,18614,170
2021-12-10,Fresno,019,978130,147808,145988,13414,159402,2294
2021-12-10,Glenn,021,27897,3611,3585,1053,4638,37
2021-12-10,Humboldt,023,135768,9883,9721,708,10429,118
2021-12-10,Imperial,025,180216,36265,35635,3868,39503,782
2021-12-10,Inyo,027,18085,2610,2576,44,2620,46
2021-12-10,Kern,029,883053,134176,132852,24443,157295,1854
2021-12-10,Kings,031,150075,33939,33530,2076,35606,371
2021-12-10,Lake,033,64148,6999,6932,163,7095,114
2021-12-10,Lassen,035,31185,7092,7049,431,7480,55
2021-12-10,Los Angeles,037,10098052,1487883,1474030,57419,1531449,27031
2021-12-10,Madera,039,155013,24661,24417,2361,26778,311
2021-12-10,Marin,041,260295,18551,18339,557,18896,249
2021-12-10,Mariposa,043,17540,1473,1450,62,1512,6
2021-12-10,Mendocino,045,87422,8272,8130,691,8821,95
2021-12-10,Merced,047,269075,43849,43690,2203,45893,681
2021-12-10,Modoc,049,8938,599,594,203,797,6
2021-12-10,Mono,051,14174,1952,1926,23,1949,4
2021-12-10,Monterey,053,433212,50469,49008,3378,52386,631
2021-12-10,Napa,055,140530,13556,13459,133,13592,107
2021-12-10,Nevada,057,99092,10008,9880,351,10231,106
2021-12-10,Orange,059,3164182,318669,315759,16559,332318,5805
2021-12-10,Placer,061,380077,39431,38959,3954,42913,481
2021-12-10,Plumas,063,18699,1999,1934,46,1980,12
2021-12-10,Riverside,065,2383286,381082,375649,16985,392634,5408
2021-12-10,Sacramento,067,1510023,167191,165530,5120,170650,2386
2021-12-10,San Benito,069,59416,7849,7808,186,7994,79
2021-12-10,San Bernardino,071,2135413,372441,368145,11963,380108,6007
2021-12-10,San Diego,073,3302833,395477,392274,23110,415384,4374
2021-12-10,San Francisco,075,870044,55799,54869,2506,57375,678
2021-12-10,San Joaquin,077,732212,103949,103013,5711,108724,1842
2021-12-10,San Luis Obispo,079,281455,31060,30567,1368,31935,362
2021-12-10,San Mateo,081,765935,56683,55284,1017,56301,580
2021-12-10,Santa Barbara,083,443738,46777,46309,1659,47968,559
2021-12-10,Santa Clara,085,1922200,154608,152846,1716,154562,1941
2021-12-10,Santa Cruz,087,273765,21876,21557,1052,22609,225
2021-12-10,Shasta,089,179085,22825,22660,3748,26408,419
2021-12-10,Sierra,091,2930,201,199,21,220,0
2021-12-10,Siskiyou,093,43540,3480,3418,1379,4797,57
2021-12-10,Solano,095,438530,47623,46891,1372,48263,365
2021-12-10,Sonoma,097,501317,43759,43227,597,43824,407
2021-12-10,Stanislaus,099,539301,82020,82133,9420,91553,1264
2021-12-10,Sutter,101,95872,14391,14354,413,14767,187
2021-12-10,Tehama,103,63373,8869,8776,1559,10335,134
2021-12-10,Trinity,105,12862,910,819,228,1047,17
2021-12-10,Tulare,107,460477,71686,70523,16544,87067,1103
2021-12-10,Tuolumne,109,53932,7805,7760,111,7871,91
2021-12-10,Ventura,111,848112,101777,100711,4526,105237,1195
2021-12-10,Yolo,113,214977,20877,20608,1288,21896,267
2021-12-10,Yuba,115,75493,10619,10519,403,10922,92
2021-12-09,Alameda,001,1643700,124598,123572,3018,126590,1496
2021-12-09,Alpine,003,1148,106,109,0,109,0
2021-12-09,Amador,005,37829,5807,5787,74,5861,69
2021-12-09,Butte,007,227075,22040,21819,3965,25784,326
2021-12-09,Calaveras,009,45235,4521,4469,62,4531,89
2021-12-09,Colusa,011,21464,2637,2619,686,3305,21
2021-12-09,Contra Costa,013,1133247,103388,102618,2399,105017,1061
2021-12-09,Del Norte,015,27424,3805,3778,56,3834,42
2021-12-09,El Dorado,017,186661,17038,16796,1813,18609,170
2021-12-09,Fresno,019,978130,147662,145988,13403,159391,2294
2021-12-09,Glenn,021,27897,3611,3585,1053,4638,37
2021-12-09,Humboldt,023,135768,9860,9721,707,10428,118
2021-12-09,Imperial,025,180216,36194,35635,3838,39473,782
2021-12-09,Inyo,027,18085,2608,2576,44,2620,46
2021-12-09,Kern,029,883053,134050,132852,24410,157262,1854
2021-12-09,Kings,031,150075,33911,33530,2073,35603,371
2021-12-09,Lake,033,64148,6991,6932,163,7095,114
2021-12-09,Lassen,035,31185,7090,7049,431,7480,55
2021-12-09,Los Angeles,037,10098052,1486323,1474030,57333,1531363,27031
2021-12-09,Madera,039,155013,24636,24417,2358,26775,311
2021-12-09,Marin,041,260295,18537,18339,555,18894,249
2021-12-09,Mariposa,043,17540,1472,1450,62,1512,6
2021-12-09,Mendocino,045,87422,8259,8130,688,8818,95
2021-12-09,Merced,047,269075,43811,43690,2191,45881,681
2021-12-09,Modoc,049,8938,599,594,203,797,6
2021-12-09,Mono,051,14174,1948,1926,23,1949,4
2021-12-09,Monterey,053,433212,50422,49008,3367,52375,631
2021-12-09,Napa,055,140530,13536,13459,129,13588,107
2021-12-09,Nevada,057,99092,9989,9880,351,10231,106
2021-12-09,Orange,059,3164182,318336,315759,16520,332279,5805
2021-12-09,Placer,061,380077,39387,38959,3941,42900,481
2021-12-09,Plumas,063,18699,1991,1934,46,1980,12
2021-12-09,Riverside,065,2383286,380531,375649,16969,392618,5408
2021-12-09,Sacramento,067,1510023,166972,165530,5105,170635,2386
2021-12-09,San Benito,069,59416,7837,7808,185,7993,79
2021-12-09,San Bernardino,071,2135413,371935,368145,11939,380084,6007
2021-12-09,San Diego,073,3302833,394832,392274,23080,415354,4374
2021-12-09,San Francisco,075,870044,55714,54869,2499,57368,678
2021-12-09,San Joaquin,077,732212,103857,103013,5705,108718,1842
2021-12-09,San Luis Obispo,079,281455,31032,30567,1366,31933,362
2021-12-09,San Mateo,081,765935,56595,55284,1015,56299,580
2021-12-09,Santa Barbara,083,443738,46697,46309,1652,47961,559
2021-12-09,Santa Clara,085,1922200,154393,152846,1705,154551,1941
2021-12-09,Santa Cruz,087,273765,21848,21557,1052,22609,225
2021-12-09,Shasta,089,179085,22809,22660,3747,26407,419
2021-12-09,Sierra,091,2930,201,199,21,220,0
2021-12-09,Siskiyou,093,43540,3476,3418,1378,4796,57
2021-12-09,Solano,095,438530,47586,46891,1370,48261,365
2021-12-09,Sonoma,097,501317,43702,43227,596,43823,407
2021-12-09,Stanislaus,099,539301,81950,82133,9405,91538,1264
2021-12-09,Sutter,101,95872,14376,14354,413,14767,187
2021-12-09,Tehama,103,63373,8862,8776,1557,10333,134
2021-12-09,Trinity,105,12862,910,819,228,1047,17
2021-12-09,Tulare,107,460477,71630,70523,16515,87038,1103
2021-12-09,Tuolumne,109,53932,7794,7760,111,7871,91
2021-12-09,Ventura,111,848112,101632,100711,4514,105225,1195
2021-12-09,Yolo,113,214977,20854,20608,1280,21888,267
2021-12-09,Yuba,115,75493,10611,10519,400,10919,92
2021-12-08,Alameda,001,1643700,124450,123438,3008,126446,1496
2021-12-08,Alpine,003,1148,106,108,0,108,0
2021-12-08,Amador,005,37829,5802,5781,74,5855,69
2021-12-08,Butte,007,227075,22023,21780,3962,25742,326
2021-12-08,Calaveras,009,45235,4513,4455,62,4517,89
2021-12-08,Colusa,011,21464,2634,2619,685,3304,21
2021-12-08,Contra Costa,013,1133247,103259,102506,2398,104904,1058
2021-12-08,Del Norte,015,27424,3804,3767,56,3823,42
2021-12-08,El Dorado,017,186661,17006,16757,1813,18570,170
2021-12-08,Fresno,019,978130,147501,145830,13388,159218,2293
2021-12-08,Glenn,021,27897,3611,3584,1049,4633,37
2021-12-08,Humboldt,023,135768,9838,9704,705,10409,117
2021-12-08,Imperial,025,180216,36114,35537,3807,39344,782
2021-12-08,Inyo,027,18085,2605,2570,44,2614,46
2021-12-08,Kern,029,883053,133927,132709,24362,157071,1846
2021-12-08,Kings,031,150075,33876,33468,2072,35540,371
2021-12-08,Lake,033,64148,6985,6927,162,7089,114
2021-12-08,Lassen,035,31185,7089,7041,429,7470,55
2021-12-08,Los Angeles,037,10098052,1484752,1472410,57221,1529631,27018
2021-12-08,Madera,039,155013,24615,24396,2351,26747,311
2021-12-08,Marin,041,260295,18516,18305,552,18857,249
2021-12-08,Mariposa,043,17540,1469,1447,62,1509,6
2021-12-08,Mendocino,045,87422,8246,8118,687,8805,95
2021-12-08,Merced,047,269075,43779,43631,2184,45815,680
2021-12-08,Modoc,049,8938,599,594,203,797,6
2021-12-08,Mono,051,14174,1942,1924,23,1947,4
2021-12-08,Monterey,053,433212,50357,48957,3352,52309,631
2021-12-08,Napa,055,140530,13522,13421,129,13550,107
2021-12-08,Nevada,057,99092,9973,9862,351,10213,106
2021-12-08,Orange,059,3164182,317987,315421,16482,331903,5795
2021-12-08,Placer,061,380077,39335,38934,3936,42870,478
2021-12-08,Plumas,063,18699,1989,1924,46,1970,12
2021-12-08,Riverside,065,2383286,380017,375099,16946,392045,5404
2021-12-08,Sacramento,067,1510023,166718,165278,5077,170355,2373
2021-12-08,San Benito,069,59416,7828,7793,185,7978,79
2021-12-08,San Bernardino,071,2135413,371456,367516,11911,379427,6006
2021-12-08,San Diego,073,3302833,394183,391676,23048,414724,4369
2021-12-08,San Francisco,075,870044,55627,54792,2491,57283,677
2021-12-08,San Joaquin,077,732212,103755,102877,5696,108573,1841
2021-12-08,San Luis Obispo,079,281455,30984,30519,1361,31880,361
2021-12-08,San Mateo,081,765935,56528,55220,1009,56229,580
2021-12-08,Santa Barbara,083,443738,46642,46250,1649,47899,558
2021-12-08,Santa Clara,085,1922200,154229,152674,1694,154368,1937
2021-12-08,Santa Cruz,087,273765,21802,21505,1050,22555,224
2021-12-08,Shasta,089,179085,22789,22616,3741,26357,419
2021-12-08,Sierra,091,2930,201,199,21,220,0
2021-12-08,Siskiyou,093,43540,3475,3415,1376,4791,57
2021-12-08,Solano,095,438530,47556,46837,1369,48206,365
2021-12-08,Sonoma,097,501317,43640,43179,595,43774,405
2021-12-08,Stanislaus,099,539301,81868,82038,9392,91430,1264
2021-12-08,Sutter,101,95872,14360,14336,411,14747,187
2021-12-08,Tehama,103,63373,8853,8768,1557,10325,133
2021-12-08,Trinity,105,12862,910,818,228,1046,17
2021-12-08,Tulare,107,460477,71567,70472,16490,86962,1102
2021-12-08,Tuolumne,109,53932,7781,7749,111,7860,91
2021-12-08,Ventura,111,848112,101503,100647,4511,105158,1194
2021-12-08,Yolo,113,214977,20828,20575,1274,21849,267
2021-12-08,Yuba,115,75493,10597,10499,397,10896,92
2021-12-07,Alameda,001,1643700,124275,123325,2999,126324,1497
2021-12-07,Alpine,003,1148,106,108,0,108,0
2021-12-07,Amador,005,37829,5799,5778,73,5851,69
2021-12-07,Butte,007,227075,21998,21761,3957,25718,324
2021-12-07,Calaveras,009,45235,4496,4445,62,4507,88
2021-12-07,Colusa,011,21464,2632,2619,685,3304,21
2021-12-07,Contra Costa,013,1133247,103138,102421,2389,104810,1058
2021-12-07,Del Norte,015,27424,3803,3766,56,3822,42
2021-12-07,El Dorado,017,186661,16981,16742,1810,18552,170
2021-12-07,Fresno,019,978130,147353,145715,13373,159088,2289
2021-12-07,Glenn,021,27897,3610,3579,1049,4628,36
2021-12-07,Humboldt,023,135768,9813,9693,700,10393,117
2021-12-07,Imperial,025,180216,36036,35502,3786,39288,778
2021-12-07,Inyo,027,18085,2602,2567,44,2611,46
2021-12-07,Kern,029,883053,133767,132564,24309,156873,1838
2021-12-07,Kings,031,150075,33844,33441,2069,35510,372
2021-12-07,Lake,033,64148,6980,6925,162,7087,113
2021-12-07,Lassen,035,31185,7087,7040,428,7468,55
2021-12-07,Los Angeles,037,10098052,1482946,1470904,57119,1528023,27007
2021-12-07,Madera,039,155013,24592,24367,2344,26711,311
2021-12-07,Marin,041,260295,18483,18284,546,18830,249
2021-12-07,Mariposa,043,17540,1467,1446,62,1508,6
2021-12-07,Mendocino,045,87422,8227,8107,687,8794,95
2021-12-07,Merced,047,269075,43738,43600,2177,45777,675
2021-12-07,Modoc,049,8938,599,594,202,796,6
2021-12-07,Mono,051,14174,1940,1921,23,1944,4
2021-12-07,Monterey,053,433212,50274,48880,3335,52215,631
2021-12-07,Napa,055,140530,13504,13409,129,13538,107
2021-12-07,Nevada,057,99092,9958,9858,350,10208,105
2021-12-07,Orange,059,3164182,317652,315138,16433,331571,5784
2021-12-07,Placer,061,380077,39258,38860,3932,42792,474
2021-12-07,Plumas,063,18699,1985,1915,46,1961,12
2021-12-07,Riverside,065,2383286,379484,374552,16930,391482,5397
2021-12-07,Sacramento,067,1510023,166471,165148,5063,170211,2375
2021-12-07,San Benito,069,59416,7811,7776,185,7961,78
2021-12-07,San Bernardino,071,2135413,370874,366981,11892,378873,6007
2021-12-07,San Diego,073,3302833,393341,391110,23010,414120,4357
2021-12-07,San Francisco,075,870044,55517,54729,2486,57215,676
2021-12-07,San Joaquin,077,732212,103637,102797,5684,108481,1839
2021-12-07,San Luis Obispo,079,281455,30944,30495,1359,31854,361
2021-12-07,San Mateo,081,765935,56436,55163,1003,56166,580
2021-12-07,Santa Barbara,083,443738,46570,46205,1647,47852,556
2021-12-07,Santa Clara,085,1922200,154043,152465,1685,154150,1941
2021-12-07,Santa Cruz,087,273765,21755,21493,1050,22543,224
2021-12-07,Shasta,089,179085,22767,22594,3738,26332,418
2021-12-07,Sierra,091,2930,201,199,21,220,0
2021-12-07,Siskiyou,093,43540,3473,3412,1376,4788,57
2021-12-07,Solano,095,438530,47516,46812,1367,48179,365
2021-12-07,Sonoma,097,501317,43566,43154,594,43748,405
2021-12-07,Stanislaus,099,539301,81791,81980,9381,91361,1258
2021-12-07,Sutter,101,95872,14352,14322,410,14732,186
2021-12-07,Tehama,103,63373,8845,8765,1556,10321,133
2021-12-07,Trinity,105,12862,910,818,228,1046,17
2021-12-07,Tulare,107,460477,71511,70411,16461,86872,1103
2021-12-07,Tuolumne,109,53932,7773,7743,111,7854,91
2021-12-07,Ventura,111,848112,101406,100569,4501,105070,1194
2021-12-07,Yolo,113,214977,20802,20560,1271,21831,263
2021-12-07,Yuba,115,75493,10579,10491,396,10887,91
2021-12-06,Alameda,001,1643700,124110,123227,2996,126223,1496
2021-12-06,Alpine,003,1148,106,108,0,108,0
2021-12-06,Amador,005,37829,5792,5769,72,5841,67
2021-12-06,Butte,007,227075,21980,21732,3954,25686,321
2021-12-06,Calaveras,009,45235,4489,4443,62,4505,88
2021-12-06,Colusa,011,21464,2631,2615,681,3296,21
2021-12-06,Contra Costa,013,1133247,103017,102327,2385,104712,1058
2021-12-06,Del Norte,015,27424,3801,3744,56,3800,42
2021-12-06,El Dorado,017,186661,16956,16726,1808,18534,168
2021-12-06,Fresno,019,978130,147155,145539,13363,158902,2285
2021-12-06,Glenn,021,27897,3607,3577,1048,4625,36
2021-12-06,Humboldt,023,135768,9793,9671,693,10364,117
2021-12-06,Imperial,025,180216,35955,35453,3768,39221,778
2021-12-06,Inyo,027,18085,2596,2562,43,2605,46
2021-12-06,Kern,029,883053,133580,132366,24251,156617,1835
2021-12-06,Kings,031,150075,33811,33399,2064,35463,368
2021-12-06,Lake,033,64148,6976,6922,162,7084,113
2021-12-06,Lassen,035,31185,7082,7032,426,7458,51
2021-12-06,Los Angeles,037,10098052,1481267,1470059,57027,1527086,26993
2021-12-06,Madera,039,155013,24565,24334,2341,26675,307
2021-12-06,Marin,041,260295,18455,18252,544,18796,249
2021-12-06,Mariposa,043,17540,1464,1443,62,1505,6
2021-12-06,Mendocino,045,87422,8214,8079,683,8762,95
2021-12-06,Merced,047,269075,43698,43549,2167,45716,672
2021-12-06,Modoc,049,8938,599,593,202,795,6
2021-12-06,Mono,051,14174,1935,1913,23,1936,4
2021-12-06,Monterey,053,433212,50197,48831,3316,52147,626
2021-12-06,Napa,055,140530,13481,13387,127,13514,107
2021-12-06,Nevada,057,99092,9930,9847,349,10196,105
2021-12-06,Orange,059,3164182,317272,314859,16390,331249,5771
2021-12-06,Placer,061,380077,39200,38785,3927,42712,473
2021-12-06,Plumas,063,18699,1977,1913,46,1959,10
2021-12-06,Riverside,065,2383286,378960,374116,16916,391032,5388
2021-12-06,Sacramento,067,1510023,166194,164926,5042,169968,2367
2021-12-06,San Benito,069,59416,7795,7755,185,7940,78
2021-12-06,San Bernardino,071,2135413,370320,366606,11864,378470,5998
2021-12-06,San Diego,073,3302833,392496,390389,22965,413354,4352
2021-12-06,San Francisco,075,870044,55410,54659,2481,57140,674
2021-12-06,San Joaquin,077,732212,103509,102728,5677,108405,1837
2021-12-06,San Luis Obispo,079,281455,30907,30464,1357,31821,361
2021-12-06,San Mateo,081,765935,56362,55112,1000,56112,580
2021-12-06,Santa Barbara,083,443738,46477,46146,1646,47792,556
2021-12-06,Santa Clara,085,1922200,153834,152310,1668,153978,1937
2021-12-06,Santa Cruz,087,273765,21720,21450,1047,22497,224
2021-12-06,Shasta,089,179085,22744,22556,3730,26286,416
2021-12-06,Sierra,091,2930,200,198,21,219,0
2021-12-06,Siskiyou,093,43540,3471,3409,1371,4780,57
2021-12-06,Solano,095,438530,47471,46748,1366,48114,360
2021-12-06,Sonoma,097,501317,43496,43114,586,43700,405
2021-12-06,Stanislaus,099,539301,81697,81889,9347,91236,1241
2021-12-06,Sutter,101,95872,14340,14319,410,14729,186
2021-12-06,Tehama,103,63373,8837,8760,1556,10316,133
2021-12-06,Trinity,105,12862,910,815,227,1042,17
2021-12-06,Tulare,107,460477,71434,70285,16422,86707,1101
2021-12-06,Tuolumne,109,53932,7759,7726,111,7837,91
2021-12-06,Ventura,111,848112,101304,100426,4493,104919,1194
2021-12-06,Yolo,113,214977,20778,20548,1270,21818,263
2021-12-06,Yuba,115,75493,10564,10480,391,10871,91
2021-12-05,Alameda,001,1643700,123926,123104,2988,126092,1496
2021-12-05,Alpine,003,1148,105,108,0,108,0
2021-12-05,Amador,005,37829,5789,5761,72,5833,67
2021-12-05,Butte,007,227075,21947,21720,3948,25668,320
2021-12-05,Calaveras,009,45235,4472,4434,62,4496,88
2021-12-05,Colusa,011,21464,2630,2615,680,3295,21
2021-12-05,Contra Costa,013,1133247,102886,102251,2375,104626,1058
2021-12-05,Del Norte,015,27424,3799,3751,56,3807,42
2021-12-05,El Dorado,017,186661,16919,16717,1802,18519,168
2021-12-05,Fresno,019,978130,146981,145452,13342,158794,2284
2021-12-05,Glenn,021,27897,3605,3577,1047,4624,36
2021-12-05,Humboldt,023,135768,9763,9662,690,10352,117
2021-12-05,Imperial,025,180216,35861,35422,3739,39161,778
2021-12-05,Inyo,027,18085,2589,2559,43,2602,46
2021-12-05,Kern,029,883053,133415,132286,24199,156485,1833
2021-12-05,Kings,031,150075,33748,33360,2064,35424,369
2021-12-05,Lake,033,64148,6971,6919,161,7080,113
2021-12-05,Lassen,035,31185,7080,7031,426,7457,51
2021-12-05,Los Angeles,037,10098052,1479405,1468937,56886,1525823,26991
2021-12-05,Madera,039,155013,24524,24311,2338,26649,307
2021-12-05,Marin,041,260295,18408,18216,536,18752,249
2021-12-05,Mariposa,043,17540,1461,1440,61,1501,6
2021-12-05,Mendocino,045,87422,8195,8069,677,8746,95
2021-12-05,Merced,047,269075,43653,43534,2158,45692,672
2021-12-05,Modoc,049,8938,599,593,202,795,6
2021-12-05,Mono,051,14174,1928,1907,23,1930,4
2021-12-05,Monterey,053,433212,50125,48813,3284,52097,626
2021-12-05,Napa,055,140530,13455,13382,124,13506,107
2021-12-05,Nevada,057,99092,9909,9827,349,10176,105
2021-12-05,Orange,059,3164182,316837,314560,16347,330907,5771
2021-12-05,Placer,061,380077,39142,38738,3918,42656,473
2021-12-05,Plumas,063,18699,1973,1913,45,1958,9
2021-12-05,Riverside,065,2383286,378303,373827,16886,390713,5388
2021-12-05,Sacramento,067,1510023,165889,164721,5024,169745,2367
2021-12-05,San Benito,069,59416,7778,7748,184,7932,78
2021-12-05,San Bernardino,071,2135413,369618,366282,11817,378099,5998
2021-12-05,San Diego,073,3302833,391702,387979,22916,410895,4351
2021-12-05,San Francisco,075,870044,55309,54603,2479,57082,674
2021-12-05,San Joaquin,077,732212,103368,102698,5672,108370,1837
2021-12-05,San Luis Obispo,079,281455,30837,30454,1354,31808,360
2021-12-05,San Mateo,081,765935,56273,55050,990,56040,580
2021-12-05,Santa Barbara,083,443738,46394,46097,1638,47735,555
2021-12-05,Santa Clara,085,1922200,153581,152114,1648,153762,1933
2021-12-05,Santa Cruz,087,273765,21670,21424,1047,22471,224
2021-12-05,Shasta,089,179085,22687,22550,3729,26279,416
2021-12-05,Sierra,091,2930,200,198,21,219,0
2021-12-05,Siskiyou,093,43540,3469,3409,1369,4778,57
2021-12-05,Solano,095,438530,47408,46715,1364,48079,360
2021-12-05,Sonoma,097,501317,43419,43038,581,43619,405
2021-12-05,Stanislaus,099,539301,81564,81847,9337,91184,1241
2021-12-05,Sutter,101,95872,14316,14303,405,14708,186
2021-12-05,Tehama,103,63373,8829,8755,1555,10310,133
2021-12-05,Trinity,105,12862,909,815,227,1042,17
2021-12-05,Tulare,107,460477,71353,70254,16375,86629,1102
2021-12-05,Tuolumne,109,53932,7746,7718,111,7829,91
2021-12-05,Ventura,111,848112,101168,100367,4480,104847,1194
2021-12-05,Yolo,113,214977,20736,20512,1268,21780,263
2021-12-05,Yuba,115,75493,10551,10467,384,10851,91
2021-12-04,Alameda,001,1643700,123812,122508,2984,125492,1494
2021-12-04,Alpine,003,1148,105,108,0,108,0
2021-12-04,Amador,005,37829,5786,5729,72,5801,67
2021-12-04,Butte,007,227075,21928,21638,3944,25582,318
2021-12-04,Calaveras,009,45235,4464,4392,61,4453,88
2021-12-04,Colusa,011,21464,2630,2600,678,3278,21
2021-12-04,Contra Costa,013,1133247,102814,101824,2369,104193,1056
2021-12-04,Del Norte,015,27424,3796,3726,56,3782,42
2021-12-04,El Dorado,017,186661,16910,16621,1801,18422,168
2021-12-04,Fresno,019,978130,146892,144734,13333,158067,2270
2021-12-04,Glenn,021,27897,3605,3559,1047,4606,36
2021-12-04,Humboldt,023,135768,9748,9596,686,10282,117
2021-12-04,Imperial,025,180216,35807,35206,3726,38932,776
2021-12-04,Inyo,027,18085,2584,2538,43,2581,46
2021-12-04,Kern,029,883053,133335,131771,24176,155947,1817
2021-12-04,Kings,031,150075,33724,33183,2063,35246,367
2021-12-04,Lake,033,64148,6962,6903,161,7064,113
2021-12-04,Lassen,035,31185,7079,7014,424,7438,51
2021-12-04,Los Angeles,037,10098052,1478526,1463270,56809,1520079,26952
2021-12-04,Madera,039,155013,24510,24188,2334,26522,307
2021-12-04,Marin,041,260295,18387,18075,535,18610,249
2021-12-04,Mariposa,043,17540,1457,1421,61,1482,6
2021-12-04,Mendocino,045,87422,8190,7981,677,8658,91
2021-12-04,Merced,047,269075,43626,43337,2156,45493,671
2021-12-04,Modoc,049,8938,599,591,202,793,6
2021-12-04,Mono,051,14174,1928,1883,23,1906,4
2021-12-04,Monterey,053,433212,50093,48682,3277,51959,626
2021-12-04,Napa,055,140530,13445,13327,123,13450,106
2021-12-04,Nevada,057,99092,9901,9752,349,10101,105
2021-12-04,Orange,059,3164182,316607,313112,16321,329433,5748
2021-12-04,Placer,061,380077,39102,38460,3912,42372,473
2021-12-04,Plumas,063,18699,1970,1903,45,1948,7
2021-12-04,Riverside,065,2383286,377944,371768,16880,388648,5381
2021-12-04,Sacramento,067,1510023,165745,163900,5016,168916,2365
2021-12-04,San Benito,069,59416,7752,7688,184,7872,78
2021-12-04,San Bernardino,071,2135413,369229,364154,11803,375957,5983
2021-12-04,San Diego,073,3302833,391222,386710,22886,409596,4350
2021-12-04,San Francisco,075,870044,55241,54286,2476,56762,674
2021-12-04,San Joaquin,077,732212,103314,102286,5670,107956,1835
2021-12-04,San Luis Obispo,079,281455,30816,30318,1350,31668,360
2021-12-04,San Mateo,081,765935,56224,54774,987,55761,579
2021-12-04,Santa Barbara,083,443738,46349,45774,1638,47412,555
2021-12-04,Santa Clara,085,1922200,153426,151275,1634,152909,1928
2021-12-04,Santa Cruz,087,273765,21644,21286,1046,22332,224
2021-12-04,Shasta,089,179085,22670,22418,3727,26145,414
2021-12-04,Sierra,091,2930,200,196,21,217,0
2021-12-04,Siskiyou,093,43540,3467,3398,1369,4767,57
2021-12-04,Solano,095,438530,47388,46529,1363,47892,360
2021-12-04,Sonoma,097,501317,43374,42778,578,43356,405
2021-12-04,Stanislaus,099,539301,81493,81462,9330,90792,1231
2021-12-04,Sutter,101,95872,14308,14258,404,14662,186
2021-12-04,Tehama,103,63373,8827,8742,1555,10297,131
2021-12-04,Trinity,105,12862,908,801,227,1028,17
2021-12-04,Tulare,107,460477,71315,70014,16347,86361,1100
2021-12-04,Tuolumne,109,53932,7741,7676,111,7787,91
2021-12-04,Ventura,111,848112,101077,99751,4476,104227,1192
2021-12-04,Yolo,113,214977,20713,20442,1265,21707,261
2021-12-04,Yuba,115,75493,10540,10418,383,10801,91
2021-12-03,Alameda,001,1643700,123720,122508,2974,125482,1494
2021-12-03,Alpine,003,1148,105,108,0,108,0
2021-12-03,Amador,005,37829,5781,5729,71,5800,67
2021-12-03,Butte,007,227075,21915,21638,3939,25577,318
2021-12-03,Calaveras,009,45235,4455,4392,61,4453,88
2021-12-03,Colusa,011,21464,2628,2600,678,3278,21
2021-12-03,Contra Costa,013,1133247,102741,101824,2364,104188,1056
2021-12-03,Del Norte,015,27424,3794,3726,56,3782,42
2021-12-03,El Dorado,017,186661,16881,16621,1799,18420,168
2021-12-03,Fresno,019,978130,146778,144734,13330,158064,2270
2021-12-03,Glenn,021,27897,3604,3559,1046,4605,36
2021-12-03,Humboldt,023,135768,9731,9596,684,10280,117
2021-12-03,Imperial,025,180216,35765,35206,3696,38902,776
2021-12-03,Inyo,027,18085,2577,2538,43,2581,46
2021-12-03,Kern,029,883053,133264,131771,24141,155912,1817
2021-12-03,Kings,031,150075,33697,33183,2063,35246,367
2021-12-03,Lake,033,64148,6962,6903,161,7064,113
2021-12-03,Lassen,035,31185,7077,7014,423,7437,51
2021-12-03,Los Angeles,037,10098052,1477578,1463270,56728,1519998,26952
2021-12-03,Madera,039,155013,24484,24188,2330,26518,307
2021-12-03,Marin,041,260295,18354,18075,531,18606,249
2021-12-03,Mariposa,043,17540,1455,1421,61,1482,6
2021-12-03,Mendocino,045,87422,8183,7981,677,8658,91
2021-12-03,Merced,047,269075,43603,43337,2153,45490,671
2021-12-03,Modoc,049,8938,599,591,202,793,6
2021-12-03,Mono,051,14174,1922,1883,23,1906,4
2021-12-03,Monterey,053,433212,50054,48682,3266,51948,626
2021-12-03,Napa,055,140530,13433,13327,123,13450,106
2021-12-03,Nevada,057,99092,9890,9752,349,10101,105
2021-12-03,Orange,059,3164182,316336,313112,16289,329401,5748
2021-12-03,Placer,061,380077,39065,38460,3905,42365,473
2021-12-03,Plumas,063,18699,1967,1903,45,1948,7
2021-12-03,Riverside,065,2383286,377551,371768,16874,388642,5381
2021-12-03,Sacramento,067,1510023,165565,163900,5002,168902,2365
2021-12-03,San Benito,069,59416,7745,7688,184,7872,78
2021-12-03,San Bernardino,071,2135413,368785,364154,11793,375947,5983
2021-12-03,San Diego,073,3302833,390747,386710,22862,409572,4350
2021-12-03,San Francisco,075,870044,55172,54286,2472,56758,674
2021-12-03,San Joaquin,077,732212,103257,102286,5669,107955,1835
2021-12-03,San Luis Obispo,079,281455,30790,30318,1347,31665,360
2021-12-03,San Mateo,081,765935,56159,54774,984,55758,579
2021-12-03,Santa Barbara,083,443738,46313,45774,1638,47412,555
2021-12-03,Santa Clara,085,1922200,153244,151275,1619,152894,1928
2021-12-03,Santa Cruz,087,273765,21617,21286,1046,22332,224
2021-12-03,Shasta,089,179085,22655,22418,3727,26145,414
2021-12-03,Sierra,091,2930,200,196,21,217,0
2021-12-03,Siskiyou,093,43540,3464,3398,1367,4765,57
2021-12-03,Solano,095,438530,47346,46529,1362,47891,360
2021-12-03,Sonoma,097,501317,43338,42778,576,43354,405
2021-12-03,Stanislaus,099,539301,81436,81462,9321,90783,1231
2021-12-03,Sutter,101,95872,14295,14258,402,14660,186
2021-12-03,Tehama,103,63373,8826,8742,1554,10296,131
2021-12-03,Trinity,105,12862,908,801,227,1028,17
2021-12-03,Tulare,107,460477,71276,70014,16315,86329,1100
2021-12-03,Tuolumne,109,53932,7732,7676,111,7787,91
2021-12-03,Ventura,111,848112,100991,99751,4469,104220,1192
2021-12-03,Yolo,113,214977,20696,20442,1264,21706,261
2021-12-03,Yuba,115,75493,10532,10418,383,10801,91
2021-12-02,Alameda,001,1643700,123563,122508,2966,125474,1494
2021-12-02,Alpine,003,1148,105,108,0,108,0
2021-12-02,Amador,005,37829,5776,5729,70,5799,67
2021-12-02,Butte,007,227075,21890,21638,3936,25574,318
2021-12-02,Calaveras,009,45235,4445,4392,60,4452,88
2021-12-02,Colusa,011,21464,2627,2600,678,3278,21
2021-12-02,Contra Costa,013,1133247,102626,101824,2360,104184,1056
2021-12-02,Del Norte,015,27424,3786,3726,56,3782,42
2021-12-02,El Dorado,017,186661,16860,16621,1797,18418,168
2021-12-02,Fresno,019,978130,146609,144734,13318,158052,2270
2021-12-02,Glenn,021,27897,3604,3559,1043,4602,36
2021-12-02,Humboldt,023,135768,9712,9596,683,10279,117
2021-12-02,Imperial,025,180216,35697,35206,3673,38879,776
2021-12-02,Inyo,027,18085,2572,2538,43,2581,46
2021-12-02,Kern,029,883053,133093,131771,24088,155859,1817
2021-12-02,Kings,031,150075,33644,33183,2061,35244,367
2021-12-02,Lake,033,64148,6958,6903,161,7064,113
2021-12-02,Lassen,035,31185,7073,7014,423,7437,51
2021-12-02,Los Angeles,037,10098052,1476048,1463270,56641,1519911,26952
2021-12-02,Madera,039,155013,24447,24188,2321,26509,307
2021-12-02,Marin,041,260295,18323,18075,527,18602,249
2021-12-02,Mariposa,043,17540,1453,1421,61,1482,6
2021-12-02,Mendocino,045,87422,8167,7981,676,8657,91
2021-12-02,Merced,047,269075,43557,43337,2148,45485,671
2021-12-02,Modoc,049,8938,598,591,202,793,6
2021-12-02,Mono,051,14174,1916,1883,23,1906,4
2021-12-02,Monterey,053,433212,49977,48682,3244,51926,626
2021-12-02,Napa,055,140530,13420,13327,123,13450,106
2021-12-02,Nevada,057,99092,9872,9752,348,10100,105
2021-12-02,Orange,059,3164182,315993,313112,16252,329364,5748
2021-12-02,Placer,061,380077,39000,38460,3900,42360,473
2021-12-02,Plumas,063,18699,1964,1903,45,1948,7
2021-12-02,Riverside,065,2383286,377023,371768,16864,388632,5381
2021-12-02,Sacramento,067,1510023,165337,163900,4992,168892,2365
2021-12-02,San Benito,069,59416,7725,7688,184,7872,78
2021-12-02,San Bernardino,071,2135413,368239,364154,11774,375928,5983
2021-12-02,San Diego,073,3302833,390106,386710,22807,409517,4350
2021-12-02,San Francisco,075,870044,55077,54286,2467,56753,674
2021-12-02,San Joaquin,077,732212,103143,102286,5664,107950,1835
2021-12-02,San Luis Obispo,079,281455,30756,30318,1340,31658,360
2021-12-02,San Mateo,081,765935,56078,54774,976,55750,579
2021-12-02,Santa Barbara,083,443738,46232,45774,1635,47409,555
2021-12-02,Santa Clara,085,1922200,152998,151275,1602,152877,1928
2021-12-02,Santa Cruz,087,273765,21566,21286,1045,22331,224
2021-12-02,Shasta,089,179085,22622,22418,3726,26144,414
2021-12-02,Sierra,091,2930,200,196,21,217,0
2021-12-02,Siskiyou,093,43540,3463,3398,1360,4758,57
2021-12-02,Solano,095,438530,47296,46529,1360,47889,360
2021-12-02,Sonoma,097,501317,43264,42778,576,43354,405
2021-12-02,Stanislaus,099,539301,81344,81462,9313,90775,1231
2021-12-02,Sutter,101,95872,14282,14258,399,14657,186
2021-12-02,Tehama,103,63373,8819,8742,1552,10294,131
2021-12-02,Trinity,105,12862,908,801,227,1028,17
2021-12-02,Tulare,107,460477,71189,70014,16265,86279,1100
2021-12-02,Tuolumne,109,53932,7717,7676,110,7786,91
2021-12-02,Ventura,111,848112,100866,99751,4467,104218,1192
2021-12-02,Yolo,113,214977,20672,20442,1260,21702,261
2021-12-02,Yuba,115,75493,10516,10418,380,10798,91
2021-12-01,Alameda,001,1643700,123413,122298,2956,125254,1492
2021-12-01,Alpine,003,1148,105,108,0,108,0
2021-12-01,Amador,005,37829,5769,5723,70,5793,67
2021-12-01,Butte,007,227075,21871,21600,3931,25531,318
2021-12-01,Calaveras,009,45235,4440,4371,60,4431,88
2021-12-01,Colusa,011,21464,2620,2595,675,3270,20
2021-12-01,Contra Costa,013,1133247,102518,101651,2349,104000,1048
2021-12-01,Del Norte,015,27424,3784,3722,56,3778,42
2021-12-01,El Dorado,017,186661,16839,16575,1795,18370,166
2021-12-01,Fresno,019,978130,146401,144507,13310,157817,2264
2021-12-01,Glenn,021,27897,3597,3556,1042,4598,36
2021-12-01,Humboldt,023,135768,9688,9573,678,10251,117
2021-12-01,Imperial,025,180216,35617,35085,3646,38731,776
2021-12-01,Inyo,027,18085,2568,2533,43,2576,46
2021-12-01,Kern,029,883053,132946,131580,24033,155613,1804
2021-12-01,Kings,031,150075,33594,33112,2060,35172,364
2021-12-01,Lake,033,64148,6950,6896,160,7056,112
2021-12-01,Lassen,035,31185,7068,7008,421,7429,51
2021-12-01,Los Angeles,037,10098052,1474444,1461394,56546,1517940,26928
2021-12-01,Madera,039,155013,24416,24134,2312,26446,307
2021-12-01,Marin,041,260295,18285,18038,521,18559,249
2021-12-01,Mariposa,043,17540,1449,1415,61,1476,6
2021-12-01,Mendocino,045,87422,8153,7966,671,8637,90
2021-12-01,Merced,047,269075,43501,43259,2127,45386,670
2021-12-01,Modoc,049,8938,598,576,202,778,5
2021-12-01,Mono,051,14174,1911,1876,23,1899,4
2021-12-01,Monterey,053,433212,49928,48611,3235,51846,626
2021-12-01,Napa,055,140530,13403,13319,120,13439,107
2021-12-01,Nevada,057,99092,9859,9706,348,10054,105
2021-12-01,Orange,059,3164182,315628,312772,16214,328986,5735
2021-12-01,Placer,061,380077,38945,38373,3894,42267,472
2021-12-01,Plumas,063,18699,1960,1893,45,1938,7
2021-12-01,Riverside,065,2383286,376498,371189,16847,388036,5369
2021-12-01,Sacramento,067,1510023,165124,163616,4973,168589,2360
2021-12-01,San Benito,069,59416,7711,7669,184,7853,78
2021-12-01,San Bernardino,071,2135413,367650,363368,11747,375115,5973
2021-12-01,San Diego,073,3302833,389310,386056,22752,408808,4346
2021-12-01,San Francisco,075,870044,54995,54199,2460,56659,672
2021-12-01,San Joaquin,077,732212,103036,102109,5663,107772,1834
2021-12-01,San Luis Obispo,079,281455,30714,30238,1336,31574,360
2021-12-01,San Mateo,081,765935,55997,54711,973,55684,579
2021-12-01,Santa Barbara,083,443738,46162,45681,1633,47314,554
2021-12-01,Santa Clara,085,1922200,152778,150961,1585,152546,1925
2021-12-01,Santa Cruz,087,273765,21537,21191,1044,22235,224
2021-12-01,Shasta,089,179085,22590,22375,3720,26095,410
2021-12-01,Sierra,091,2930,200,195,21,216,0
2021-12-01,Siskiyou,093,43540,3460,3391,1360,4751,55
2021-12-01,Solano,095,438530,47251,46485,1360,47845,360
2021-12-01,Sonoma,097,501317,43188,42713,575,43288,405
2021-12-01,Stanislaus,099,539301,81251,81330,9300,90630,1231
2021-12-01,Sutter,101,95872,14267,14229,398,14627,186
2021-12-01,Tehama,103,63373,8809,8728,1552,10280,130
2021-12-01,Trinity,105,12862,903,801,227,1028,17
2021-12-01,Tulare,107,460477,71112,69953,16225,86178,1098
2021-12-01,Tuolumne,109,53932,7709,7655,110,7765,91
2021-12-01,Ventura,111,848112,100760,99680,4456,104136,1191
2021-12-01,Yolo,113,214977,20644,20393,1260,21653,260
2021-12-01,Yuba,115,75493,10505,10401,380,10781,89
2021-11-30,Alameda,001,1643700,123242,122196,2947,125143,1489
2021-11-30,Alpine,003,1148,105,108,0,108,0
2021-11-30,Amador,005,37829,5761,5716,70,5786,66
2021-11-30,Butte,007,227075,21842,21565,3922,25487,318
2021-11-30,Calaveras,009,45235,4422,4360,60,4420,88
2021-11-30,Colusa,011,21464,2619,2592,675,3267,21
2021-11-30,Contra Costa,013,1133247,102382,101538,2342,103880,1046
2021-11-30,Del Norte,015,27424,3778,3718,56,3774,42
2021-11-30,El Dorado,017,186661,16811,16558,1789,18347,166
2021-11-30,Fresno,019,978130,146200,144384,13302,157686,2259
2021-11-30,Glenn,021,27897,3592,3555,1041,4596,36
2021-11-30,Humboldt,023,135768,9657,9539,672,10211,116
2021-11-30,Imperial,025,180216,35509,34999,3618,38617,773
2021-11-30,Inyo,027,18085,2559,2530,43,2573,46
2021-11-30,Kern,029,883053,132773,131451,23976,155427,1799
2021-11-30,Kings,031,150075,33542,33074,2056,35130,362
2021-11-30,Lake,033,64148,6944,6892,158,7050,110
2021-11-30,Lassen,035,31185,7064,7003,420,7423,51
2021-11-30,Los Angeles,037,10098052,1472636,1460177,56444,1516621,26913
2021-11-30,Madera,039,155013,24382,24108,2307,26415,307
2021-11-30,Marin,041,260295,18241,18010,519,18529,249
2021-11-30,Mariposa,043,17540,1443,1412,61,1473,6
2021-11-30,Mendocino,045,87422,8124,7960,665,8625,89
2021-11-30,Merced,047,269075,43432,43200,2119,45319,668
2021-11-30,Modoc,049,8938,597,576,202,778,5
2021-11-30,Mono,051,14174,1908,1873,23,1896,4
2021-11-30,Monterey,053,433212,49865,48581,3225,51806,626
2021-11-30,Napa,055,140530,13383,13308,120,13428,105
2021-11-30,Nevada,057,99092,9843,9699,347,10046,105
2021-11-30,Orange,059,3164182,315207,312451,16172,328623,5724
2021-11-30,Placer,061,380077,38842,38324,3886,42210,470
2021-11-30,Plumas,063,18699,1955,1887,44,1931,7
2021-11-30,Riverside,065,2383286,375812,370739,16822,387561,5358
2021-11-30,Sacramento,067,1510023,164844,163420,4951,168371,2353
2021-11-30,San Benito,069,59416,7689,7645,183,7828,78
2021-11-30,San Bernardino,071,2135413,366975,363006,11725,374731,5967
2021-11-30,San Diego,073,3302833,388381,385405,22705,408110,4340
2021-11-30,San Francisco,075,870044,54888,54147,2451,56598,672
2021-11-30,San Joaquin,077,732212,102910,101972,5655,107627,1834
2021-11-30,San Luis Obispo,079,281455,30689,30200,1333,31533,360
2021-11-30,San Mateo,081,765935,55892,54656,963,55619,579
2021-11-30,Santa Barbara,083,443738,46066,45628,1627,47255,553
2021-11-30,Santa Clara,085,1922200,152519,150799,1567,152366,1929
2021-11-30,Santa Cruz,087,273765,21479,21169,1040,22209,224
2021-11-30,Shasta,089,179085,22560,22347,3717,26064,401
2021-11-30,Sierra,091,2930,197,195,21,216,0
2021-11-30,Siskiyou,093,43540,3456,3385,1357,4742,55
2021-11-30,Solano,095,438530,47188,46434,1354,47788,358
2021-11-30,Sonoma,097,501317,43109,42663,573,43236,405
2021-11-30,Stanislaus,099,539301,81151,81276,9273,90549,1227
2021-11-30,Sutter,101,95872,14256,14210,395,14605,186
2021-11-30,Tehama,103,63373,8802,8727,1551,10278,130
2021-11-30,Trinity,105,12862,902,799,227,1026,17
2021-11-30,Tulare,107,460477,71026,69900,16175,86075,1099
2021-11-30,Tuolumne,109,53932,7694,7643,110,7753,91
2021-11-30,Ventura,111,848112,100606,99601,4444,104045,1191
2021-11-30,Yolo,113,214977,20602,20376,1254,21630,260
2021-11-30,Yuba,115,75493,10486,10398,375,10773,89
2021-11-29,Alameda,001,1643700,123085,122136,2938,125074,1489
2021-11-29,Alpine,003,1148,105,108,0,108,0
2021-11-29,Amador,005,37829,5754,5706,70,5776,66
2021-11-29,Butte,007,227075,21814,21544,3916,25460,314
2021-11-29,Calaveras,009,45235,4406,4353,60,4413,88
2021-11-29,Colusa,011,21464,2617,2585,672,3257,20
2021-11-29,Contra Costa,013,1133247,102233,101441,2334,103775,1046
2021-11-29,Del Norte,015,27424,3775,3704,56,3760,42
2021-11-29,El Dorado,017,186661,16793,16534,1784,18318,166
2021-11-29,Fresno,019,978130,145994,144282,13279,157561,2254
2021-11-29,Glenn,021,27897,3589,3555,1040,4595,36
2021-11-29,Humboldt,023,135768,9640,9514,665,10179,115
2021-11-29,Imperial,025,180216,35444,34960,3597,38557,773
2021-11-29,Inyo,027,18085,2554,2529,43,2572,46
2021-11-29,Kern,029,883053,132589,131362,23934,155296,1789
2021-11-29,Kings,031,150075,33489,33059,2052,35111,363
2021-11-29,Lake,033,64148,6932,6889,158,7047,110
2021-11-29,Lassen,035,31185,7061,7003,418,7421,51
2021-11-29,Los Angeles,037,10098052,1470772,1459446,56357,1515803,26889
2021-11-29,Madera,039,155013,24346,24069,2299,26368,307
2021-11-29,Marin,041,260295,18194,17980,514,18494,249
2021-11-29,Mariposa,043,17540,1435,1409,61,1470,6
2021-11-29,Mendocino,045,87422,8107,7954,661,8615,89
2021-11-29,Merced,047,269075,43358,43167,2111,45278,667
2021-11-29,Modoc,049,8938,596,569,202,771,5
2021-11-29,Mono,051,14174,1891,1859,23,1882,4
2021-11-29,Monterey,053,433212,49804,48548,3209,51757,626
2021-11-29,Napa,055,140530,13373,13304,120,13424,104
2021-11-29,Nevada,057,99092,9829,9689,347,10036,105
2021-11-29,Orange,059,3164182,314804,312203,16126,328329,5709
2021-11-29,Placer,061,380077,38777,38261,3881,42142,470
2021-11-29,Plumas,063,18699,1952,1884,44,1928,7
2021-11-29,Riverside,065,2383286,375274,370334,16811,387145,5358
2021-11-29,Sacramento,067,1510023,164597,163282,4918,168200,2342
2021-11-29,San Benito,069,59416,7670,7631,182,7813,77
2021-11-29,San Bernardino,071,2135413,366367,362694,11692,374386,5962
2021-11-29,San Diego,073,3302833,387493,384853,22671,407524,4335
2021-11-29,San Francisco,075,870044,54790,54125,2447,56572,669
2021-11-29,San Joaquin,077,732212,102771,101927,5648,107575,1834
2021-11-29,San Luis Obispo,079,281455,30654,30165,1329,31494,359
2021-11-29,San Mateo,081,765935,55789,54622,959,55581,579
2021-11-29,Santa Barbara,083,443738,45969,45576,1623,47199,549
2021-11-29,Santa Clara,085,1922200,152245,150620,1561,152181,1925
2021-11-29,Santa Cruz,087,273765,21441,21149,1039,22188,224
2021-11-29,Shasta,089,179085,22525,22315,3713,26028,399
2021-11-29,Sierra,091,2930,197,195,21,216,0
2021-11-29,Siskiyou,093,43540,3453,3374,1350,4724,55
2021-11-29,Solano,095,438530,47136,46412,1352,47764,357
2021-11-29,Sonoma,097,501317,43032,42624,570,43194,405
2021-11-29,Stanislaus,099,539301,81071,81227,9255,90482,1223
2021-11-29,Sutter,101,95872,14240,14204,392,14596,186
2021-11-29,Tehama,103,63373,8797,8720,1546,10266,130
2021-11-29,Trinity,105,12862,897,798,227,1025,17
2021-11-29,Tulare,107,460477,70947,69850,16141,85991,1096
2021-11-29,Tuolumne,109,53932,7681,7627,110,7737,90
2021-11-29,Ventura,111,848112,100486,99520,4434,103954,1190
2021-11-29,Yolo,113,214977,20557,20344,1252,21596,257
2021-11-29,Yuba,115,75493,10469,10395,374,10769,89
2021-11-28,Alameda,001,1643700,122865,122082,2932,125014,1491
2021-11-28,Alpine,003,1148,105,108,0,108,0
2021-11-28,Amador,005,37829,5744,5703,70,5773,66
2021-11-28,Butte,007,227075,21775,21530,3914,25444,313
2021-11-28,Calaveras,009,45235,4385,4350,60,4410,88
2021-11-28,Colusa,011,21464,2613,2586,671,3257,19
2021-11-28,Contra Costa,013,1133247,102060,101355,2324,103679,1046
2021-11-28,Del Norte,015,27424,3770,3703,56,3759,42
2021-11-28,El Dorado,017,186661,16752,16527,1782,18309,166
2021-11-28,Fresno,019,978130,145748,144164,13254,157418,2252
2021-11-28,Glenn,021,27897,3586,3547,1038,4585,36
2021-11-28,Humboldt,023,135768,9608,9499,661,10160,115
2021-11-28,Imperial,025,180216,35336,34929,3573,38502,773
2021-11-28,Inyo,027,18085,2547,2531,43,2574,46
2021-11-28,Kern,029,883053,132383,131279,23877,155156,1789
2021-11-28,Kings,031,150075,33416,33057,2045,35102,364
2021-11-28,Lake,033,64148,6922,6885,157,7042,110
2021-11-28,Lassen,035,31185,7052,7002,414,7416,51
2021-11-28,Los Angeles,037,10098052,1468588,1458646,56269,1514915,26878
2021-11-28,Madera,039,155013,24298,24055,2292,26347,307
2021-11-28,Marin,041,260295,18146,17962,510,18472,249
2021-11-28,Mariposa,043,17540,1431,1406,61,1467,6
2021-11-28,Mendocino,045,87422,8077,7943,656,8599,89
2021-11-28,Merced,047,269075,43292,43166,2096,45262,667
2021-11-28,Modoc,049,8938,595,569,202,771,5
2021-11-28,Mono,051,14174,1885,1841,23,1864,4
2021-11-28,Monterey,053,433212,49739,48537,3190,51727,626
2021-11-28,Napa,055,140530,13360,13303,120,13423,104
2021-11-28,Nevada,057,99092,9803,9684,346,10030,105
2021-11-28,Orange,059,3164182,314419,312028,16083,328111,5693
2021-11-28,Placer,061,380077,38695,38240,3862,42102,470
2021-11-28,Plumas,063,18699,1946,1884,43,1927,7
2021-11-28,Riverside,065,2383286,374613,370051,16789,386840,5358
2021-11-28,Sacramento,067,1510023,164239,163170,4895,168065,2335
2021-11-28,San Benito,069,59416,7651,7623,181,7804,77
2021-11-28,San Bernardino,071,2135413,365640,362407,11664,374071,5958
2021-11-28,San Diego,073,3302833,386604,383025,22607,405632,4325
2021-11-28,San Francisco,075,870044,54714,54082,2442,56524,669
2021-11-28,San Joaquin,077,732212,102590,101895,5631,107526,1834
2021-11-28,San Luis Obispo,079,281455,30590,30152,1325,31477,358
2021-11-28,San Mateo,081,765935,55695,54567,955,55522,579
2021-11-28,Santa Barbara,083,443738,45890,45551,1612,47163,549
2021-11-28,Santa Clara,085,1922200,151944,150436,1546,151982,1920
2021-11-28,Santa Cruz,087,273765,21370,21110,1038,22148,224
2021-11-28,Shasta,089,179085,22486,22316,3711,26027,400
2021-11-28,Sierra,091,2930,197,195,21,216,0
2021-11-28,Siskiyou,093,43540,3447,3372,1346,4718,55
2021-11-28,Solano,095,438530,47074,46385,1351,47736,356
2021-11-28,Sonoma,097,501317,42946,42583,567,43150,405
2021-11-28,Stanislaus,099,539301,80953,81181,9233,90414,1223
2021-11-28,Sutter,101,95872,14218,14192,386,14578,186
2021-11-28,Tehama,103,63373,8789,8720,1542,10262,130
2021-11-28,Trinity,105,12862,896,797,227,1024,17
2021-11-28,Tulare,107,460477,70849,69833,16088,85921,1095
2021-11-28,Tuolumne,109,53932,7660,7620,110,7730,90
2021-11-28,Ventura,111,848112,100330,99486,4423,103909,1190
2021-11-28,Yolo,113,214977,20514,20333,1251,21584,257
2021-11-28,Yuba,115,75493,10451,10391,372,10763,89
2021-11-27,Alameda,001,1643700,122767,121618,2929,124547,1477
2021-11-27,Alpine,003,1148,105,106,0,106,0
2021-11-27,Amador,005,37829,5743,5670,70,5740,66
2021-11-27,Butte,007,227075,21752,21384,3909,25293,309
2021-11-27,Calaveras,009,45235,4379,4294,60,4354,85
2021-11-27,Colusa,011,21464,2612,2568,669,3237,19
2021-11-27,Contra Costa,013,1133247,101975,100961,2323,103284,1045
2021-11-27,Del Norte,015,27424,3763,3661,56,3717,42
2021-11-27,El Dorado,017,186661,16717,16399,1781,18180,161
2021-11-27,Fresno,019,978130,145636,143386,13248,156634,2246
2021-11-27,Glenn,021,27897,3582,3532,1037,4569,36
2021-11-27,Humboldt,023,135768,9580,9399,659,10058,115
2021-11-27,Imperial,025,180216,35254,34611,3557,38168,769
2021-11-27,Inyo,027,18085,2544,2506,43,2549,45
2021-11-27,Kern,029,883053,132299,130245,23848,154093,1773
2021-11-27,Kings,031,150075,33394,32891,2042,34933,358
2021-11-27,Lake,033,64148,6919,6836,156,6992,110
2021-11-27,Lassen,035,31185,7050,6959,413,7372,47
2021-11-27,Los Angeles,037,10098052,1467579,1454495,56199,1510694,26817
2021-11-27,Madera,039,155013,24277,23880,2287,26167,296
2021-11-27,Marin,041,260295,18107,17857,505,18362,248
2021-11-27,Mariposa,043,17540,1429,1374,61,1435,6
2021-11-27,Mendocino,045,87422,8058,7871,656,8527,89
2021-11-27,Merced,047,269075,43257,42921,2093,45014,664
2021-11-27,Modoc,049,8938,593,551,202,753,5
2021-11-27,Mono,051,14174,1883,1810,23,1833,4
2021-11-27,Monterey,053,433212,49706,48400,3176,51576,625
2021-11-27,Napa,055,140530,13346,13256,120,13376,104
2021-11-27,Nevada,057,99092,9781,9584,345,9929,103
2021-11-27,Orange,059,3164182,314167,310809,16046,326855,5665
2021-11-27,Placer,061,380077,38634,38001,3856,41857,468
2021-11-27,Plumas,063,18699,1942,1860,43,1903,7
2021-11-27,Riverside,065,2383286,374255,367601,16782,384383,5306
2021-11-27,Sacramento,067,1510023,164081,162328,4892,167220,2335
2021-11-27,San Benito,069,59416,7635,7575,181,7756,77
2021-11-27,San Bernardino,071,2135413,365208,360033,11655,371688,5932
2021-11-27,San Diego,073,3302833,386109,382634,22581,405215,4319
2021-11-27,San Francisco,075,870044,54664,53830,2439,56269,669
2021-11-27,San Joaquin,077,732212,102523,101368,5628,106996,1833
2021-11-27,San Luis Obispo,079,281455,30555,29983,1321,31304,358
2021-11-27,San Mateo,081,765935,55638,54360,952,55312,577
2021-11-27,Santa Barbara,083,443738,45836,45318,1610,46928,548
2021-11-27,Santa Clara,085,1922200,151737,149700,1539,151239,1922
2021-11-27,Santa Cruz,087,273765,21330,20929,1035,21964,222
2021-11-27,Shasta,089,179085,22463,22151,3710,25861,396
2021-11-27,Sierra,091,2930,196,194,21,215,0
2021-11-27,Siskiyou,093,43540,3444,3336,1344,4680,54
2021-11-27,Solano,095,438530,47038,46163,1348,47511,356
2021-11-27,Sonoma,097,501317,42883,42368,567,42935,405
2021-11-27,Stanislaus,099,539301,80885,80782,9215,89997,1220
2021-11-27,Sutter,101,95872,14210,14127,385,14512,181
2021-11-27,Tehama,103,63373,8787,8675,1541,10216,129
2021-11-27,Trinity,105,12862,896,789,227,1016,17
2021-11-27,Tulare,107,460477,70797,69377,16072,85449,1082
2021-11-27,Tuolumne,109,53932,7647,7574,110,7684,90
2021-11-27,Ventura,111,848112,100257,99163,4416,103579,1188
2021-11-27,Yolo,113,214977,20493,20237,1242,21479,257
2021-11-27,Yuba,115,75493,10440,10335,372,10707,88
2021-11-26,Alameda,001,1643700,122656,121618,2927,124545,1477
2021-11-26,Alpine,003,1148,105,106,0,106,0
2021-11-26,Amador,005,37829,5739,5670,70,5740,66
2021-11-26,Butte,007,227075,21728,21384,3904,25288,309
2021-11-26,Calaveras,009,45235,4370,4294,60,4354,85
2021-11-26,Colusa,011,21464,2610,2568,668,3236,19
2021-11-26,Contra Costa,013,1133247,101887,100961,2319,103280,1045
2021-11-26,Del Norte,015,27424,3760,3661,56,3717,42
2021-11-26,El Dorado,017,186661,16700,16399,1778,18177,161
2021-11-26,Fresno,019,978130,145504,143386,13238,156624,2246
2021-11-26,Glenn,021,27897,3580,3532,1037,4569,36
2021-11-26,Humboldt,023,135768,9561,9399,655,10054,115
2021-11-26,Imperial,025,180216,35197,34611,3544,38155,769
2021-11-26,Inyo,027,18085,2544,2506,43,2549,45
2021-11-26,Kern,029,883053,132216,130245,23804,154049,1773
2021-11-26,Kings,031,150075,33370,32891,2040,34931,358
2021-11-26,Lake,033,64148,6917,6836,156,6992,110
2021-11-26,Lassen,035,31185,7044,6959,413,7372,47
2021-11-26,Los Angeles,037,10098052,1466728,1454495,56136,1510631,26817
2021-11-26,Madera,039,155013,24250,23880,2285,26165,296
2021-11-26,Marin,041,260295,18078,17857,505,18362,248
2021-11-26,Mariposa,043,17540,1423,1374,60,1434,6
2021-11-26,Mendocino,045,87422,8048,7871,656,8527,89
2021-11-26,Merced,047,269075,43227,42921,2088,45009,664
2021-11-26,Modoc,049,8938,591,551,202,753,5
2021-11-26,Mono,051,14174,1872,1810,23,1833,4
2021-11-26,Monterey,053,433212,49662,48400,3169,51569,625
2021-11-26,Napa,055,140530,13330,13256,120,13376,104
2021-11-26,Nevada,057,99092,9769,9584,345,9929,103
2021-11-26,Orange,059,3164182,313898,310809,16014,326823,5665
2021-11-26,Placer,061,380077,38589,38001,3848,41849,468
2021-11-26,Plumas,063,18699,1937,1860,43,1903,7
2021-11-26,Riverside,065,2383286,373854,367601,16775,384376,5306
2021-11-26,Sacramento,067,1510023,163968,162328,4887,167215,2335
2021-11-26,San Benito,069,59416,7627,7575,181,7756,77
2021-11-26,San Bernardino,071,2135413,364782,360033,11648,371681,5932
2021-11-26,San Diego,073,3302833,385564,382634,22569,405203,4319
2021-11-26,San Francisco,075,870044,54617,53830,2437,56267,669
2021-11-26,San Joaquin,077,732212,102466,101368,5627,106995,1833
2021-11-26,San Luis Obispo,079,281455,30513,29983,1318,31301,358
2021-11-26,San Mateo,081,765935,55575,54360,951,55311,577
2021-11-26,Santa Barbara,083,443738,45789,45318,1609,46927,548
2021-11-26,Santa Clara,085,1922200,151568,149700,1531,151231,1922
2021-11-26,Santa Cruz,087,273765,21290,20929,1035,21964,222
2021-11-26,Shasta,089,179085,22443,22151,3708,25859,396
2021-11-26,Sierra,091,2930,196,194,21,215,0
2021-11-26,Siskiyou,093,43540,3441,3336,1343,4679,54
2021-11-26,Solano,095,438530,46997,46163,1347,47510,356
2021-11-26,Sonoma,097,501317,42833,42368,565,42933,405
2021-11-26,Stanislaus,099,539301,80812,80782,9204,89986,1220
2021-11-26,Sutter,101,95872,14197,14127,384,14511,181
2021-11-26,Tehama,103,63373,8785,8675,1540,10215,129
2021-11-26,Trinity,105,12862,895,789,227,1016,17
2021-11-26,Tulare,107,460477,70751,69377,16040,85417,1082
2021-11-26,Tuolumne,109,53932,7637,7574,110,7684,90
2021-11-26,Ventura,111,848112,100177,99163,4411,103574,1188
2021-11-26,Yolo,113,214977,20474,20237,1234,21471,257
2021-11-26,Yuba,115,75493,10434,10335,372,10707,88
2021-11-25,Alameda,001,1643700,122548,121618,2922,124540,1477
2021-11-25,Alpine,003,1148,105,106,0,106,0
2021-11-25,Amador,005,37829,5731,5670,70,5740,66
2021-11-25,Butte,007,227075,21710,21384,3902,25286,309
2021-11-25,Calaveras,009,45235,4365,4294,60,4354,85
2021-11-25,Colusa,011,21464,2607,2568,666,3234,19
2021-11-25,Contra Costa,013,1133247,101783,100961,2315,103276,1045
2021-11-25,Del Norte,015,27424,3755,3661,56,3717,42
2021-11-25,El Dorado,017,186661,16681,16399,1777,18176,161
2021-11-25,Fresno,019,978130,145370,143386,13229,156615,2246
2021-11-25,Glenn,021,27897,3579,3532,1036,4568,36
2021-11-25,Humboldt,023,135768,9542,9399,652,10051,115
2021-11-25,Imperial,025,180216,35152,34611,3532,38143,769
2021-11-25,Inyo,027,18085,2542,2506,43,2549,45
2021-11-25,Kern,029,883053,132118,130245,23758,154003,1773
2021-11-25,Kings,031,150075,33342,32891,2039,34930,358
2021-11-25,Lake,033,64148,6910,6836,156,6992,110
2021-11-25,Lassen,035,31185,7042,6959,412,7371,47
2021-11-25,Los Angeles,037,10098052,1465744,1454495,56079,1510574,26817
2021-11-25,Madera,039,155013,24214,23880,2284,26164,296
2021-11-25,Marin,041,260295,18051,17857,499,18356,248
2021-11-25,Mariposa,043,17540,1420,1374,60,1434,6
2021-11-25,Mendocino,045,87422,8030,7871,656,8527,89
2021-11-25,Merced,047,269075,43188,42921,2082,45003,664
2021-11-25,Modoc,049,8938,590,551,202,753,5
2021-11-25,Mono,051,14174,1861,1810,23,1833,4
2021-11-25,Monterey,053,433212,49618,48400,3160,51560,625
2021-11-25,Napa,055,140530,13322,13256,120,13376,104
2021-11-25,Nevada,057,99092,9750,9584,342,9926,103
2021-11-25,Orange,059,3164182,313636,310809,15982,326791,5665
2021-11-25,Placer,061,380077,38543,38001,3842,41843,468
2021-11-25,Plumas,063,18699,1935,1860,43,1903,7
2021-11-25,Riverside,065,2383286,373440,367601,16768,384369,5306
2021-11-25,Sacramento,067,1510023,163789,162328,4881,167209,2335
2021-11-25,San Benito,069,59416,7620,7575,181,7756,77
2021-11-25,San Bernardino,071,2135413,364389,360033,11631,371664,5932
2021-11-25,San Diego,073,3302833,385123,382634,22550,405184,4319
2021-11-25,San Francisco,075,870044,54567,53830,2434,56264,669
2021-11-25,San Joaquin,077,732212,102383,101368,5623,106991,1833
2021-11-25,San Luis Obispo,079,281455,30483,29983,1316,31299,358
2021-11-25,San Mateo,081,765935,55526,54360,949,55309,577
2021-11-25,Santa Barbara,083,443738,45750,45318,1607,46925,548
2021-11-25,Santa Clara,085,1922200,151411,149700,1526,151226,1922
2021-11-25,Santa Cruz,087,273765,21257,20929,1035,21964,222
2021-11-25,Shasta,089,179085,22417,22151,3708,25859,396
2021-11-25,Sierra,091,2930,196,194,21,215,0
2021-11-25,Siskiyou,093,43540,3438,3336,1343,4679,54
2021-11-25,Solano,095,438530,46960,46163,1346,47509,356
2021-11-25,Sonoma,097,501317,42776,42368,561,42929,405
2021-11-25,Stanislaus,099,539301,80747,80782,9190,89972,1220
2021-11-25,Sutter,101,95872,14181,14127,383,14510,181
2021-11-25,Tehama,103,63373,8777,8675,1540,10215,129
2021-11-25,Trinity,105,12862,895,789,227,1016,17
2021-11-25,Tulare,107,460477,70683,69377,16013,85390,1082
2021-11-25,Tuolumne,109,53932,7625,7574,110,7684,90
2021-11-25,Ventura,111,848112,100110,99163,4408,103571,1188
2021-11-25,Yolo,113,214977,20444,20237,1229,21466,257
2021-11-25,Yuba,115,75493,10425,10335,371,10706,88
2021-11-24,Alameda,001,1643700,122484,121618,2918,124536,1477
2021-11-24,Alpine,003,1148,105,106,0,106,0
2021-11-24,Amador,005,37829,5721,5670,70,5740,66
2021-11-24,Butte,007,227075,21694,21384,3901,25285,309
2021-11-24,Calaveras,009,45235,4358,4294,60,4354,85
2021-11-24,Colusa,011,21464,2607,2568,665,3233,19
2021-11-24,Contra Costa,013,1133247,101745,100961,2312,103273,1045
2021-11-24,Del Norte,015,27424,3752,3661,56,3717,42
2021-11-24,El Dorado,017,186661,16669,16399,1776,18175,161
2021-11-24,Fresno,019,978130,145315,143386,13228,156614,2246
2021-11-24,Glenn,021,27897,3574,3532,1035,4567,36
2021-11-24,Humboldt,023,135768,9527,9399,652,10051,115
2021-11-24,Imperial,025,180216,35123,34611,3526,38137,769
2021-11-24,Inyo,027,18085,2539,2506,43,2549,45
2021-11-24,Kern,029,883053,132056,130245,23746,153991,1773
2021-11-24,Kings,031,150075,33328,32891,2038,34929,358
2021-11-24,Lake,033,64148,6906,6836,156,6992,110
2021-11-24,Lassen,035,31185,7042,6959,412,7371,47
2021-11-24,Los Angeles,037,10098052,1465253,1454495,56035,1510530,26817
2021-11-24,Madera,039,155013,24191,23880,2278,26158,296
2021-11-24,Marin,041,260295,18039,17857,497,18354,248
2021-11-24,Mariposa,043,17540,1420,1374,60,1434,6
2021-11-24,Mendocino,045,87422,8018,7871,656,8527,89
2021-11-24,Merced,047,269075,43156,42921,2079,45000,664
2021-11-24,Modoc,049,8938,590,551,202,753,5
2021-11-24,Mono,051,14174,1858,1810,23,1833,4
2021-11-24,Monterey,053,433212,49605,48400,3158,51558,625
2021-11-24,Napa,055,140530,13318,13256,120,13376,104
2021-11-24,Nevada,057,99092,9735,9584,342,9926,103
2021-11-24,Orange,059,3164182,313481,310809,15967,326776,5665
2021-11-24,Placer,061,380077,38510,38001,3840,41841,468
2021-11-24,Plumas,063,18699,1933,1860,43,1903,7
2021-11-24,Riverside,065,2383286,373260,367601,16762,384363,5306
2021-11-24,Sacramento,067,1510023,163717,162328,4881,167209,2335
2021-11-24,San Benito,069,59416,7618,7575,181,7756,77
2021-11-24,San Bernardino,071,2135413,364178,360033,11621,371654,5932
2021-11-24,San Diego,073,3302833,384865,382634,22537,405171,4319
2021-11-24,San Francisco,075,870044,54536,53830,2432,56262,669
2021-11-24,San Joaquin,077,732212,102342,101368,5620,106988,1833
2021-11-24,San Luis Obispo,079,281455,30464,29983,1316,31299,358
2021-11-24,San Mateo,081,765935,55496,54360,948,55308,577
2021-11-24,Santa Barbara,083,443738,45723,45318,1607,46925,548
2021-11-24,Santa Clara,085,1922200,151315,149700,1525,151225,1922
2021-11-24,Santa Cruz,087,273765,21234,20929,1034,21963,222
2021-11-24,Shasta,089,179085,22406,22151,3705,25856,396
2021-11-24,Sierra,091,2930,196,194,21,215,0
2021-11-24,Siskiyou,093,43540,3435,3336,1343,4679,54
2021-11-24,Solano,095,438530,46932,46163,1344,47507,356
2021-11-24,Sonoma,097,501317,42744,42368,559,42927,405
2021-11-24,Stanislaus,099,539301,80710,80782,9185,89967,1220
2021-11-24,Sutter,101,95872,14168,14127,381,14508,181
2021-11-24,Tehama,103,63373,8774,8675,1539,10214,129
2021-11-24,Trinity,105,12862,895,789,227,1016,17
2021-11-24,Tulare,107,460477,70659,69377,15994,85371,1082
2021-11-24,Tuolumne,109,53932,7621,7574,110,7684,90
2021-11-24,Ventura,111,848112,100075,99163,4404,103567,1188
2021-11-24,Yolo,113,214977,20436,20237,1228,21465,257
2021-11-24,Yuba,115,75493,10421,10335,370,10705,88
2021-11-23,Alameda,001,1643700,122365,121618,2911,124529,1477
2021-11-23,Alpine,003,1148,105,106,0,106,0
2021-11-23,Amador,005,37829,5714,5670,70,5740,66
2021-11-23,Butte,007,227075,21665,21384,3897,25281,309
2021-11-23,Calaveras,009,45235,4352,4294,59,4353,85
2021-11-23,Colusa,011,21464,2603,2568,663,3231,19
2021-11-23,Contra Costa,013,1133247,101638,100961,2310,103271,1045
2021-11-23,Del Norte,015,27424,3749,3661,56,3717,42
2021-11-23,El Dorado,017,186661,16637,16399,1773,18172,161
2021-11-23,Fresno,019,978130,145177,143386,13219,156605,2246
2021-11-23,Glenn,021,27897,3569,3532,1035,4567,36
2021-11-23,Humboldt,023,135768,9505,9399,649,10048,115
2021-11-23,Imperial,025,180216,35054,34611,3507,38118,769
2021-11-23,Inyo,027,18085,2535,2506,43,2549,45
2021-11-23,Kern,029,883053,131947,130245,23697,153942,1773
2021-11-23,Kings,031,150075,33286,32891,2037,34928,358
2021-11-23,Lake,033,64148,6901,6836,156,6992,110
2021-11-23,Lassen,035,31185,7039,6959,409,7368,47
2021-11-23,Los Angeles,037,10098052,1464230,1454495,55967,1510462,26817
2021-11-23,Madera,039,155013,24165,23880,2276,26156,296
2021-11-23,Marin,041,260295,18008,17857,493,18350,248
2021-11-23,Mariposa,043,17540,1417,1374,60,1434,6
2021-11-23,Mendocino,045,87422,7997,7871,653,8524,89
2021-11-23,Merced,047,269075,43118,42921,2078,44999,664
2021-11-23,Modoc,049,8938,588,551,202,753,5
2021-11-23,Mono,051,14174,1844,1810,23,1833,4
2021-11-23,Monterey,053,433212,49569,48400,3152,51552,625
2021-11-23,Napa,055,140530,13309,13256,120,13376,104
2021-11-23,Nevada,057,99092,9706,9584,341,9925,103
2021-11-23,Orange,059,3164182,313231,310809,15931,326740,5665
2021-11-23,Placer,061,380077,38451,38001,3823,41824,468
2021-11-23,Plumas,063,18699,1929,1860,43,1903,7
2021-11-23,Riverside,065,2383286,372877,367601,16749,384350,5306
2021-11-23,Sacramento,067,1510023,163531,162328,4870,167198,2335
2021-11-23,San Benito,069,59416,7609,7575,179,7754,77
2021-11-23,San Bernardino,071,2135413,363761,360033,11606,371639,5932
2021-11-23,San Diego,073,3302833,384382,382634,22514,405148,4319
2021-11-23,San Francisco,075,870044,54477,53830,2429,56259,669
2021-11-23,San Joaquin,077,732212,102233,101368,5609,106977,1833
2021-11-23,San Luis Obispo,079,281455,30429,29983,1313,31296,358
2021-11-23,San Mateo,081,765935,55447,54360,947,55307,577
2021-11-23,Santa Barbara,083,443738,45670,45318,1607,46925,548
2021-11-23,Santa Clara,085,1922200,151104,149700,1513,151213,1922
2021-11-23,Santa Cruz,087,273765,21196,20929,1034,21963,222
2021-11-23,Shasta,089,179085,22370,22151,3703,25854,396
2021-11-23,Sierra,091,2930,196,194,21,215,0
2021-11-23,Siskiyou,093,43540,3430,3336,1342,4678,54
2021-11-23,Solano,095,438530,46878,46163,1340,47503,356
2021-11-23,Sonoma,097,501317,42693,42368,556,42924,405
2021-11-23,Stanislaus,099,539301,80641,80782,9172,89954,1220
2021-11-23,Sutter,101,95872,14152,14127,380,14507,181
2021-11-23,Tehama,103,63373,8761,8675,1538,10213,129
2021-11-23,Trinity,105,12862,894,789,227,1016,17
2021-11-23,Tulare,107,460477,70612,69377,15964,85341,1082
2021-11-23,Tuolumne,109,53932,7609,7574,110,7684,90
2021-11-23,Ventura,111,848112,99992,99163,4398,103561,1188
2021-11-23,Yolo,113,214977,20415,20237,1220,21457,257
2021-11-23,Yuba,115,75493,10409,10335,370,10705,88
2021-11-22,Alameda,001,1643700,122253,121566,2908,124474,1475
2021-11-22,Alpine,003,1148,105,106,0,106,0
2021-11-22,Amador,005,37829,5701,5670,70,5740,66
2021-11-22,Butte,007,227075,21627,21363,3891,25254,305
2021-11-22,Calaveras,009,45235,4340,4294,59,4353,84
2021-11-22,Colusa,011,21464,2600,2565,663,3228,19
2021-11-22,Contra Costa,013,1133247,101550,100877,2305,103182,1045
2021-11-22,Del Norte,015,27424,3746,3659,56,3715,42
2021-11-22,El Dorado,017,186661,16614,16378,1770,18148,161
2021-11-22,Fresno,019,978130,145044,143290,13211,156501,2243
2021-11-22,Glenn,021,27897,3564,3530,1034,4564,36
2021-11-22,Humboldt,023,135768,9479,9389,644,10033,115
2021-11-22,Imperial,025,180216,34993,34562,3493,38055,766
2021-11-22,Inyo,027,18085,2529,2501,43,2544,44
2021-11-22,Kern,029,883053,131786,130091,23646,153737,1762
2021-11-22,Kings,031,150075,33249,32867,2032,34899,358
2021-11-22,Lake,033,64148,6896,6837,156,6993,110
2021-11-22,Lassen,035,31185,7037,6954,408,7362,47
2021-11-22,Los Angeles,037,10098052,1463161,1453945,55885,1509830,26800
2021-11-22,Madera,039,155013,24131,23872,2268,26140,296
2021-11-22,Marin,041,260295,17977,17842,491,18333,248
2021-11-22,Mariposa,043,17540,1413,1372,60,1432,6
2021-11-22,Mendocino,045,87422,7981,7859,652,8511,89
2021-11-22,Merced,047,269075,43067,42898,2067,44965,660
2021-11-22,Modoc,049,8938,587,551,202,753,5
2021-11-22,Mono,051,14174,1837,1809,23,1832,4
2021-11-22,Monterey,053,433212,49541,48374,3148,51522,611
2021-11-22,Napa,055,140530,13301,13255,119,13374,104
2021-11-22,Nevada,057,99092,9689,9575,339,9914,96
2021-11-22,Orange,059,3164182,312991,310654,15905,326559,5663
2021-11-22,Placer,061,380077,38406,37956,3815,41771,465
2021-11-22,Plumas,063,18699,1926,1858,43,1901,7
2021-11-22,Riverside,065,2383286,372440,367301,16740,384041,5283
2021-11-22,Sacramento,067,1510023,163339,162222,4861,167083,2328
2021-11-22,San Benito,069,59416,7589,7567,179,7746,77
2021-11-22,San Bernardino,071,2135413,363348,359851,11596,371447,5916
2021-11-22,San Diego,073,3302833,383889,382132,22490,404622,4317
2021-11-22,San Francisco,075,870044,54385,53778,2423,56201,669
2021-11-22,San Joaquin,077,732212,102108,101299,5604,106903,1833
2021-11-22,San Luis Obispo,079,281455,30403,29963,1310,31273,358
2021-11-22,San Mateo,081,765935,55390,54330,945,55275,577
2021-11-22,Santa Barbara,083,443738,45594,45279,1607,46886,546
2021-11-22,Santa Clara,085,1922200,150920,149541,1503,151044,1919
2021-11-22,Santa Cruz,087,273765,21155,20891,1034,21925,222
2021-11-22,Shasta,089,179085,22356,22116,3698,25814,393
2021-11-22,Sierra,091,2930,196,193,21,214,0
2021-11-22,Siskiyou,093,43540,3425,3336,1340,4676,54
2021-11-22,Solano,095,438530,46829,46153,1338,47491,356
2021-11-22,Sonoma,097,501317,42632,42344,555,42899,404
2021-11-22,Stanislaus,099,539301,80553,80718,9162,89880,1209
2021-11-22,Sutter,101,95872,14136,14125,378,14503,181
2021-11-22,Tehama,103,63373,8754,8669,1533,10202,127
2021-11-22,Trinity,105,12862,893,785,227,1012,17
2021-11-22,Tulare,107,460477,70550,69314,15927,85241,1075
2021-11-22,Tuolumne,109,53932,7594,7567,110,7677,90
2021-11-22,Ventura,111,848112,99926,99114,4395,103509,1186
2021-11-22,Yolo,113,214977,20392,20227,1218,21445,257
2021-11-22,Yuba,115,75493,10400,10332,369,10701,88
2021-11-21,Alameda,001,1643700,122122,121443,2904,124347,1475
2021-11-21,Alpine,003,1148,103,106,0,106,0
2021-11-21,Amador,005,37829,5696,5662,69,5731,66
2021-11-21,Butte,007,227075,21585,21342,3886,25228,306
2021-11-21,Calaveras,009,45235,4331,4287,59,4346,84
2021-11-21,Colusa,011,21464,2596,2562,662,3224,19
2021-11-21,Contra Costa,013,1133247,101448,100807,2299,103106,1045
2021-11-21,Del Norte,015,27424,3742,3659,56,3715,42
2021-11-21,El Dorado,017,186661,16587,16370,1764,18134,161
2021-11-21,Fresno,019,978130,144872,143203,13191,156394,2242
2021-11-21,Glenn,021,27897,3560,3529,1034,4563,36
2021-11-21,Humboldt,023,135768,9456,9378,643,10021,115
2021-11-21,Imperial,025,180216,34905,34527,3483,38010,766
2021-11-21,Inyo,027,18085,2522,2501,43,2544,44
2021-11-21,Kern,029,883053,131622,130020,23600,153620,1762
2021-11-21,Kings,031,150075,33211,32843,2028,34871,356
2021-11-21,Lake,033,64148,6889,6834,156,6990,110
2021-11-21,Lassen,035,31185,7028,6953,408,7361,47
2021-11-21,Los Angeles,037,10098052,1462092,1453181,55828,1509009,26793
2021-11-21,Madera,039,155013,24106,23856,2263,26119,296
2021-11-21,Marin,041,260295,17948,17829,488,18317,248
2021-11-21,Mariposa,043,17540,1412,1371,59,1430,6
2021-11-21,Mendocino,045,87422,7975,7846,649,8495,89
2021-11-21,Merced,047,269075,43012,42881,2063,44944,660
2021-11-21,Modoc,049,8938,583,551,202,753,5
2021-11-21,Mono,051,14174,1827,1799,22,1821,4
2021-11-21,Monterey,053,433212,49495,48358,3139,51497,611
2021-11-21,Napa,055,140530,13288,13250,119,13369,104
2021-11-21,Nevada,057,99092,9663,9556,338,9894,96
2021-11-21,Orange,059,3164182,312735,310477,15873,326350,5663
2021-11-21,Placer,061,380077,38324,37929,3814,41743,465
2021-11-21,Plumas,063,18699,1921,1858,43,1901,7
2021-11-21,Riverside,065,2383286,371948,367093,16732,383825,5283
2021-11-21,Sacramento,067,1510023,163122,162087,4851,166938,2327
2021-11-21,San Benito,069,59416,7575,7563,178,7741,77
2021-11-21,San Bernardino,071,2135413,362860,359621,11559,371180,5912
2021-11-21,San Diego,073,3302833,383358,380747,22465,403212,4317
2021-11-21,San Francisco,075,870044,54316,53741,2418,56159,669
2021-11-21,San Joaquin,077,732212,102002,101264,5591,106855,1833
2021-11-21,San Luis Obispo,079,281455,30365,29948,1310,31258,358
2021-11-21,San Mateo,081,765935,55338,54290,943,55233,577
2021-11-21,Santa Barbara,083,443738,45533,45237,1604,46841,546
2021-11-21,Santa Clara,085,1922200,150715,149387,1483,150870,1918
2021-11-21,Santa Cruz,087,273765,21111,20866,1032,21898,222
2021-11-21,Shasta,089,179085,22326,22112,3696,25808,393
2021-11-21,Sierra,091,2930,196,193,21,214,0
2021-11-21,Siskiyou,093,43540,3420,3333,1339,4672,54
2021-11-21,Solano,095,438530,46773,46122,1331,47453,356
2021-11-21,Sonoma,097,501317,42572,42298,554,42852,404
2021-11-21,Stanislaus,099,539301,80458,80687,9147,89834,1209
2021-11-21,Sutter,101,95872,14122,14111,378,14489,181
2021-11-21,Tehama,103,63373,8748,8669,1532,10201,127
2021-11-21,Trinity,105,12862,891,784,225,1009,17
2021-11-21,Tulare,107,460477,70466,69285,15888,85173,1075
2021-11-21,Tuolumne,109,53932,7586,7560,109,7669,90
2021-11-21,Ventura,111,848112,99835,99081,4391,103472,1186
2021-11-21,Yolo,113,214977,20364,20209,1215,21424,257
2021-11-21,Yuba,115,75493,10391,10326,369,10695,88
2021-11-20,Alameda,001,1643700,122029,121059,2897,123956,1473
2021-11-20,Alpine,003,1148,103,105,0,105,0
2021-11-20,Amador,005,37829,5690,5652,68,5720,66
2021-11-20,Butte,007,227075,21570,21265,3882,25147,300
2021-11-20,Calaveras,009,45235,4321,4268,59,4327,84
2021-11-20,Colusa,011,21464,2595,2549,661,3210,19
2021-11-20,Contra Costa,013,1133247,101371,100491,2295,102786,1043
2021-11-20,Del Norte,015,27424,3739,3637,56,3693,42
2021-11-20,El Dorado,017,186661,16566,16308,1762,18070,161
2021-11-20,Fresno,019,978130,144802,142579,13182,155761,2233
2021-11-20,Glenn,021,27897,3559,3526,1033,4559,35
2021-11-20,Humboldt,023,135768,9443,9302,641,9943,115
2021-11-20,Imperial,025,180216,34853,34312,3477,37789,766
2021-11-20,Inyo,027,18085,2521,2467,43,2510,44
2021-11-20,Kern,029,883053,131522,129488,23563,153051,1750
2021-11-20,Kings,031,150075,33201,32720,2028,34748,354
2021-11-20,Lake,033,64148,6886,6808,156,6964,110
2021-11-20,Lassen,035,31185,7027,6931,408,7339,47
2021-11-20,Los Angeles,037,10098052,1461474,1448963,55780,1504743,26741
2021-11-20,Madera,039,155013,24092,23720,2259,25979,296
2021-11-20,Marin,041,260295,17933,17774,488,18262,248
2021-11-20,Mariposa,043,17540,1411,1354,59,1413,6
2021-11-20,Mendocino,045,87422,7967,7773,649,8422,89
2021-11-20,Merced,047,269075,42986,42692,2063,44755,656
2021-11-20,Modoc,049,8938,582,550,202,752,5
2021-11-20,Mono,051,14174,1821,1767,22,1789,4
2021-11-20,Monterey,053,433212,49482,48260,3131,51391,609
2021-11-20,Napa,055,140530,13285,13184,119,13303,103
2021-11-20,Nevada,057,99092,9647,9480,338,9818,92
2021-11-20,Orange,059,3164182,312536,309672,15856,325528,5658
2021-11-20,Placer,061,380077,38284,37800,3809,41609,462
2021-11-20,Plumas,063,18699,1917,1841,43,1884,7
2021-11-20,Riverside,065,2383286,371675,365809,16720,382529,5265
2021-11-20,Sacramento,067,1510023,163018,161533,4847,166380,2316
2021-11-20,San Benito,069,59416,7571,7533,178,7711,77
2021-11-20,San Bernardino,071,2135413,362586,358322,11548,369870,5897
2021-11-20,San Diego,073,3302833,383033,380147,22439,402586,4311
2021-11-20,San Francisco,075,870044,54277,53525,2417,55942,669
2021-11-20,San Joaquin,077,732212,101952,100922,5586,106508,1832
2021-11-20,San Luis Obispo,079,281455,30351,29815,1309,31124,355
2021-11-20,San Mateo,081,765935,55304,54132,942,55074,577
2021-11-20,Santa Barbara,083,443738,45501,45074,1604,46678,544
2021-11-20,Santa Clara,085,1922200,150608,148829,1482,150311,1917
2021-11-20,Santa Cruz,087,273765,21093,20756,1032,21788,222
2021-11-20,Shasta,089,179085,22302,21968,3695,25663,383
2021-11-20,Sierra,091,2930,196,191,21,212,0
2021-11-20,Siskiyou,093,43540,3417,3313,1339,4652,54
2021-11-20,Solano,095,438530,46752,46006,1331,47337,356
2021-11-20,Sonoma,097,501317,42541,42151,554,42705,403
2021-11-20,Stanislaus,099,539301,80412,80412,9143,89555,1205
2021-11-20,Sutter,101,95872,14114,14074,378,14452,181
2021-11-20,Tehama,103,63373,8743,8648,1532,10180,125
2021-11-20,Trinity,105,12862,887,771,225,996,17
2021-11-20,Tulare,107,460477,70427,69074,15867,84941,1054
2021-11-20,Tuolumne,109,53932,7578,7511,109,7620,90
2021-11-20,Ventura,111,848112,99786,98893,4384,103277,1186
2021-11-20,Yolo,113,214977,20356,20139,1211,21350,257
2021-11-20,Yuba,115,75493,10385,10290,368,10658,88
2021-11-19,Alameda,001,1643700,121953,121059,2894,123953,1473
2021-11-19,Alpine,003,1148,103,105,0,105,0
2021-11-19,Amador,005,37829,5680,5652,68,5720,66
2021-11-19,Butte,007,227075,21547,21265,3875,25140,300
2021-11-19,Calaveras,009,45235,4314,4268,59,4327,84
2021-11-19,Colusa,011,21464,2593,2549,660,3209,19
2021-11-19,Contra Costa,013,1133247,101313,100491,2290,102781,1043
2021-11-19,Del Norte,015,27424,3734,3637,56,3693,42
2021-11-19,El Dorado,017,186661,16545,16308,1760,18068,161
2021-11-19,Fresno,019,978130,144684,142579,13173,155752,2233
2021-11-19,Glenn,021,27897,3558,3526,1032,4558,35
2021-11-19,Humboldt,023,135768,9430,9302,638,9940,115
2021-11-19,Imperial,025,180216,34816,34312,3470,37782,766
2021-11-19,Inyo,027,18085,2517,2467,43,2510,44
2021-11-19,Kern,029,883053,131418,129488,23520,153008,1750
2021-11-19,Kings,031,150075,33176,32720,2026,34746,354
2021-11-19,Lake,033,64148,6883,6808,156,6964,110
2021-11-19,Lassen,035,31185,7022,6931,407,7338,47
2021-11-19,Los Angeles,037,10098052,1460791,1448963,55725,1504688,26741
2021-11-19,Madera,039,155013,24071,23720,2254,25974,296
2021-11-19,Marin,041,260295,17915,17774,486,18260,248
2021-11-19,Mariposa,043,17540,1409,1354,59,1413,6
2021-11-19,Mendocino,045,87422,7947,7773,649,8422,89
2021-11-19,Merced,047,269075,42960,42692,2062,44754,656
2021-11-19,Modoc,049,8938,581,550,202,752,5
2021-11-19,Mono,051,14174,1810,1767,22,1789,4
2021-11-19,Monterey,053,433212,49460,48260,3131,51391,609
2021-11-19,Napa,055,140530,13275,13184,118,13302,103
2021-11-19,Nevada,057,99092,9634,9480,338,9818,92
2021-11-19,Orange,059,3164182,312383,309672,15831,325503,5658
2021-11-19,Placer,061,380077,38247,37800,3805,41605,462
2021-11-19,Plumas,063,18699,1913,1841,43,1884,7
2021-11-19,Riverside,065,2383286,371401,365809,16716,382525,5265
2021-11-19,Sacramento,067,1510023,162893,161533,4843,166376,2316
2021-11-19,San Benito,069,59416,7565,7533,176,7709,77
2021-11-19,San Bernardino,071,2135413,362265,358322,11539,369861,5897
2021-11-19,San Diego,073,3302833,382642,380147,22413,402560,4311
2021-11-19,San Francisco,075,870044,54239,53525,2417,55942,669
2021-11-19,San Joaquin,077,732212,101895,100922,5582,106504,1832
2021-11-19,San Luis Obispo,079,281455,30333,29815,1307,31122,355
2021-11-19,San Mateo,081,765935,55256,54132,938,55070,577
2021-11-19,Santa Barbara,083,443738,45464,45074,1604,46678,544
2021-11-19,Santa Clara,085,1922200,150459,148829,1479,150308,1917
2021-11-19,Santa Cruz,087,273765,21066,20756,1029,21785,222
2021-11-19,Shasta,089,179085,22290,21968,3694,25662,383
2021-11-19,Sierra,091,2930,196,191,21,212,0
2021-11-19,Siskiyou,093,43540,3414,3313,1339,4652,54
2021-11-19,Solano,095,438530,46722,46006,1327,47333,356
2021-11-19,Sonoma,097,501317,42508,42151,551,42702,403
2021-11-19,Stanislaus,099,539301,80355,80412,9133,89545,1205
2021-11-19,Sutter,101,95872,14112,14074,378,14452,181
2021-11-19,Tehama,103,63373,8740,8648,1532,10180,125
2021-11-19,Trinity,105,12862,885,771,225,996,17
2021-11-19,Tulare,107,460477,70386,69074,15839,84913,1054
2021-11-19,Tuolumne,109,53932,7567,7511,109,7620,90
2021-11-19,Ventura,111,848112,99721,98893,4380,103273,1186
2021-11-19,Yolo,113,214977,20345,20139,1209,21348,257
2021-11-19,Yuba,115,75493,10382,10290,368,10658,88
2021-11-18,Alameda,001,1643700,121828,121059,2887,123946,1473
2021-11-18,Alpine,003,1148,103,105,0,105,0
2021-11-18,Amador,005,37829,5678,5652,68,5720,66
2021-11-18,Butte,007,227075,21530,21265,3868,25133,300
2021-11-18,Calaveras,009,45235,4307,4268,58,4326,84
2021-11-18,Colusa,011,21464,2585,2549,660,3209,19
2021-11-18,Contra Costa,013,1133247,101211,100491,2282,102773,1043
2021-11-18,Del Norte,015,27424,3731,3637,56,3693,42
2021-11-18,El Dorado,017,186661,16526,16308,1757,18065,161
2021-11-18,Fresno,019,978130,144544,142579,13163,155742,2233
2021-11-18,Glenn,021,27897,3557,3526,1031,4557,35
2021-11-18,Humboldt,023,135768,9414,9302,633,9935,115
2021-11-18,Imperial,025,180216,34761,34312,3454,37766,766
2021-11-18,Inyo,027,18085,2509,2467,43,2510,44
2021-11-18,Kern,029,883053,131274,129488,23472,152960,1750
2021-11-18,Kings,031,150075,33139,32720,2023,34743,354
2021-11-18,Lake,033,64148,6878,6808,156,6964,110
2021-11-18,Lassen,035,31185,7019,6931,402,7333,47
2021-11-18,Los Angeles,037,10098052,1459799,1448963,55662,1504625,26741
2021-11-18,Madera,039,155013,24046,23720,2250,25970,296
2021-11-18,Marin,041,260295,17898,17774,482,18256,248
2021-11-18,Mariposa,043,17540,1406,1354,59,1413,6
2021-11-18,Mendocino,045,87422,7925,7773,640,8413,89
2021-11-18,Merced,047,269075,42903,42692,2060,44752,656
2021-11-18,Modoc,049,8938,569,550,202,752,5
2021-11-18,Mono,051,14174,1802,1767,22,1789,4
2021-11-18,Monterey,053,433212,49435,48260,3126,51386,609
2021-11-18,Napa,055,140530,13263,13184,117,13301,103
2021-11-18,Nevada,057,99092,9610,9480,338,9818,92
2021-11-18,Orange,059,3164182,312147,309672,15811,325483,5658
2021-11-18,Placer,061,380077,38204,37800,3794,41594,462
2021-11-18,Plumas,063,18699,1912,1841,43,1884,7
2021-11-18,Riverside,065,2383286,371029,365809,16703,382512,5265
2021-11-18,Sacramento,067,1510023,162665,161533,4828,166361,2316
2021-11-18,San Benito,069,59416,7555,7533,176,7709,77
2021-11-18,San Bernardino,071,2135413,361829,358322,11520,369842,5897
2021-11-18,San Diego,073,3302833,382145,380147,22397,402544,4311
2021-11-18,San Francisco,075,870044,54187,53525,2413,55938,669
2021-11-18,San Joaquin,077,732212,101802,100922,5573,106495,1832
2021-11-18,San Luis Obispo,079,281455,30303,29815,1306,31121,355
2021-11-18,San Mateo,081,765935,55197,54132,935,55067,577
2021-11-18,Santa Barbara,083,443738,45418,45074,1597,46671,544
2021-11-18,Santa Clara,085,1922200,150272,148829,1471,150300,1917
2021-11-18,Santa Cruz,087,273765,21015,20756,1028,21784,222
2021-11-18,Shasta,089,179085,22254,21968,3689,25657,383
2021-11-18,Sierra,091,2930,195,191,21,212,0
2021-11-18,Siskiyou,093,43540,3414,3313,1335,4648,54
2021-11-18,Solano,095,438530,46680,46006,1324,47330,356
2021-11-18,Sonoma,097,501317,42459,42151,549,42700,403
2021-11-18,Stanislaus,099,539301,80288,80412,9125,89537,1205
2021-11-18,Sutter,101,95872,14101,14074,377,14451,181
2021-11-18,Tehama,103,63373,8735,8648,1532,10180,125
2021-11-18,Trinity,105,12862,884,771,225,996,17
2021-11-18,Tulare,107,460477,70313,69074,15791,84865,1054
2021-11-18,Tuolumne,109,53932,7557,7511,109,7620,90
2021-11-18,Ventura,111,848112,99644,98893,4376,103269,1186
2021-11-18,Yolo,113,214977,20328,20139,1205,21344,257
2021-11-18,Yuba,115,75493,10376,10290,368,10658,88
2021-11-17,Alameda,001,1643700,121706,120913,2886,123799,1472
2021-11-17,Alpine,003,1148,103,105,0,105,0
2021-11-17,Amador,005,37829,5672,5646,68,5714,66
2021-11-17,Butte,007,227075,21504,21230,3865,25095,300
2021-11-17,Calaveras,009,45235,4300,4259,58,4317,84
2021-11-17,Colusa,011,21464,2582,2546,659,3205,19
2021-11-17,Contra Costa,013,1133247,101119,100387,2278,102665,1039
2021-11-17,Del Norte,015,27424,3728,3630,56,3686,42
2021-11-17,El Dorado,017,186661,16507,16269,1756,18025,161
2021-11-17,Fresno,019,978130,144361,142366,13150,155516,2230
2021-11-17,Glenn,021,27897,3555,3527,1030,4557,34
2021-11-17,Humboldt,023,135768,9403,9270,630,9900,115
2021-11-17,Imperial,025,180216,34705,34256,3432,37688,766
2021-11-17,Inyo,027,18085,2503,2457,43,2500,44
2021-11-17,Kern,029,883053,131101,129307,23430,152737,1743
2021-11-17,Kings,031,150075,33112,32669,2019,34688,352
2021-11-17,Lake,033,64148,6874,6795,155,6950,110
2021-11-17,Lassen,035,31185,7017,6918,402,7320,47
2021-11-17,Los Angeles,037,10098052,1458695,1447947,55596,1503543,26721
2021-11-17,Madera,039,155013,24013,23673,2248,25921,287
2021-11-17,Marin,041,260295,17878,17757,480,18237,248
2021-11-17,Mariposa,043,17540,1402,1353,59,1412,6
2021-11-17,Mendocino,045,87422,7917,7735,639,8374,89
2021-11-17,Merced,047,269075,42844,42612,2055,44667,654
2021-11-17,Modoc,049,8938,565,540,202,742,5
2021-11-17,Mono,051,14174,1798,1765,22,1787,5
2021-11-17,Monterey,053,433212,49387,48221,3115,51336,609
2021-11-17,Napa,055,140530,13239,13167,117,13284,103
2021-11-17,Nevada,057,99092,9597,9447,338,9785,92
2021-11-17,Orange,059,3164182,311899,309396,15777,325173,5651
2021-11-17,Placer,061,380077,38156,37725,3785,41510,460
2021-11-17,Plumas,063,18699,1907,1833,43,1876,7
2021-11-17,Riverside,065,2383286,370618,365406,16690,382096,5229
2021-11-17,Sacramento,067,1510023,162495,161269,4821,166090,2302
2021-11-17,San Benito,069,59416,7548,7524,176,7700,77
2021-11-17,San Bernardino,071,2135413,361464,357947,11503,369450,5893
2021-11-17,San Diego,073,3302833,381655,379769,22371,402140,4301
2021-11-17,San Francisco,075,870044,54132,53469,2410,55879,667
2021-11-17,San Joaquin,077,732212,101700,100764,5568,106332,1828
2021-11-17,San Luis Obispo,079,281455,30277,29731,1303,31034,354
2021-11-17,San Mateo,081,765935,55129,54092,932,55024,577
2021-11-17,Santa Barbara,083,443738,45380,45000,1597,46597,542
2021-11-17,Santa Clara,085,1922200,150108,148626,1463,150089,1915
2021-11-17,Santa Cruz,087,273765,20980,20700,1028,21728,222
2021-11-17,Shasta,089,179085,22221,21883,3687,25570,382
2021-11-17,Sierra,091,2930,194,189,21,210,0
2021-11-17,Siskiyou,093,43540,3410,3307,1332,4639,54
2021-11-17,Solano,095,438530,46647,45948,1323,47271,353
2021-11-17,Sonoma,097,501317,42413,42093,546,42639,403
2021-11-17,Stanislaus,099,539301,80200,80276,9115,89391,1199
2021-11-17,Sutter,101,95872,14087,14064,375,14439,181
2021-11-17,Tehama,103,63373,8725,8633,1529,10162,125
2021-11-17,Trinity,105,12862,883,765,225,990,17
2021-11-17,Tulare,107,460477,70241,68977,15764,84741,1047
2021-11-17,Tuolumne,109,53932,7540,7485,109,7594,90
2021-11-17,Ventura,111,848112,99582,98812,4370,103182,1183
2021-11-17,Yolo,113,214977,20309,20100,1201,21301,257
2021-11-17,Yuba,115,75493,10364,10275,364,10639,88
2021-11-16,Alameda,001,1643700,121596,120809,2882,123691,1467
2021-11-16,Alpine,003,1148,103,105,0,105,0
2021-11-16,Amador,005,37829,5666,5644,68,5712,66
2021-11-16,Butte,007,227075,21479,21208,3860,25068,297
2021-11-16,Calaveras,009,45235,4291,4249,58,4307,83
2021-11-16,Colusa,011,21464,2576,2538,659,3197,19
2021-11-16,Contra Costa,013,1133247,100998,100320,2275,102595,1038
2021-11-16,Del Norte,015,27424,3722,3630,56,3686,42
2021-11-16,El Dorado,017,186661,16482,16248,1754,18002,159
2021-11-16,Fresno,019,978130,144174,142200,13129,155329,2218
2021-11-16,Glenn,021,27897,3554,3527,1027,4554,34
2021-11-16,Humboldt,023,135768,9382,9252,626,9878,115
2021-11-16,Imperial,025,180216,34621,34177,3418,37595,766
2021-11-16,Inyo,027,18085,2496,2449,43,2492,42
2021-11-16,Kern,029,883053,130941,129136,23369,152505,1735
2021-11-16,Kings,031,150075,33059,32614,2012,34626,350
2021-11-16,Lake,033,64148,6869,6789,155,6944,110
2021-11-16,Lassen,035,31185,7007,6915,402,7317,47
2021-11-16,Los Angeles,037,10098052,1457522,1446815,55524,1502339,26703
2021-11-16,Madera,039,155013,23975,23642,2242,25884,287
2021-11-16,Marin,041,260295,17859,17736,479,18215,248
2021-11-16,Mariposa,043,17540,1394,1349,58,1407,6
2021-11-16,Mendocino,045,87422,7875,7723,635,8358,89
2021-11-16,Merced,047,269075,42807,42578,2048,44626,653
2021-11-16,Modoc,049,8938,564,539,201,740,5
2021-11-16,Mono,051,14174,1789,1767,22,1789,4
2021-11-16,Monterey,053,433212,49357,48195,3101,51296,609
2021-11-16,Napa,055,140530,13228,13151,117,13268,103
2021-11-16,Nevada,057,99092,9580,9435,337,9772,92
2021-11-16,Orange,059,3164182,311632,309170,15742,324912,5651
2021-11-16,Placer,061,380077,38114,37676,3779,41455,459
2021-11-16,Plumas,063,18699,1898,1832,43,1875,7
2021-11-16,Riverside,065,2383286,370196,365078,16668,381746,5208
2021-11-16,Sacramento,067,1510023,162315,161102,4808,165910,2299
2021-11-16,San Benito,069,59416,7534,7513,176,7689,77
2021-11-16,San Bernardino,071,2135413,361050,357528,11451,368979,5901
2021-11-16,San Diego,073,3302833,381103,379435,22344,401779,4287
2021-11-16,San Francisco,075,870044,54059,53415,2402,55817,667
2021-11-16,San Joaquin,077,732212,101560,100637,5552,106189,1807
2021-11-16,San Luis Obispo,079,281455,30245,29703,1300,31003,356
2021-11-16,San Mateo,081,765935,55067,54034,930,54964,577
2021-11-16,Santa Barbara,083,443738,45312,44932,1594,46526,539
2021-11-16,Santa Clara,085,1922200,149927,148452,1451,149903,1916
2021-11-16,Santa Cruz,087,273765,20935,20684,1026,21710,222
2021-11-16,Shasta,089,179085,22182,21853,3683,25536,379
2021-11-16,Sierra,091,2930,194,189,21,210,0
2021-11-16,Siskiyou,093,43540,3407,3304,1330,4634,54
2021-11-16,Solano,095,438530,46607,45908,1322,47230,351
2021-11-16,Sonoma,097,501317,42364,42056,545,42601,401
2021-11-16,Stanislaus,099,539301,80105,80214,9091,89305,1196
2021-11-16,Sutter,101,95872,14075,14058,374,14432,181
2021-11-16,Tehama,103,63373,8718,8621,1522,10143,125
2021-11-16,Trinity,105,12862,883,762,224,986,17
2021-11-16,Tulare,107,460477,70161,68881,15727,84608,1039
2021-11-16,Tuolumne,109,53932,7530,7478,109,7587,90
2021-11-16,Ventura,111,848112,99507,98731,4367,103098,1183
2021-11-16,Yolo,113,214977,20270,20077,1198,21275,257
2021-11-16,Yuba,115,75493,10356,10262,362,10624,85
2021-11-15,Alameda,001,1643700,121440,120731,2877,123608,1464
2021-11-15,Alpine,003,1148,103,105,0,105,0
2021-11-15,Amador,005,37829,5661,5637,68,5705,66
2021-11-15,Butte,007,227075,21454,21182,3856,25038,296
2021-11-15,Calaveras,009,45235,4277,4237,58,4295,83
2021-11-15,Colusa,011,21464,2569,2535,656,3191,19
2021-11-15,Contra Costa,013,1133247,100891,100251,2272,102523,1038
2021-11-15,Del Norte,015,27424,3717,3630,55,3685,42
2021-11-15,El Dorado,017,186661,16458,16236,1750,17986,159
2021-11-15,Fresno,019,978130,143950,142015,13108,155123,2210
2021-11-15,Glenn,021,27897,3552,3526,1027,4553,34
2021-11-15,Humboldt,023,135768,9359,9230,618,9848,115
2021-11-15,Imperial,025,180216,34548,34130,3402,37532,766
2021-11-15,Inyo,027,18085,2491,2442,43,2485,42
2021-11-15,Kern,029,883053,130732,128928,23298,152226,1730
2021-11-15,Kings,031,150075,33025,32584,2007,34591,348
2021-11-15,Lake,033,64148,6865,6784,155,6939,109
2021-11-15,Lassen,035,31185,6996,6915,400,7315,47
2021-11-15,Los Angeles,037,10098052,1456327,1446114,55459,1501573,26677
2021-11-15,Madera,039,155013,23937,23605,2231,25836,287
2021-11-15,Marin,041,260295,17842,17723,478,18201,248
2021-11-15,Mariposa,043,17540,1393,1347,56,1403,6
2021-11-15,Mendocino,045,87422,7855,7694,629,8323,89
2021-11-15,Merced,047,269075,42750,42552,2037,44589,648
2021-11-15,Modoc,049,8938,563,538,200,738,5
2021-11-15,Mono,051,14174,1784,1763,22,1785,4
2021-11-15,Monterey,053,433212,49325,48154,3095,51249,609
2021-11-15,Napa,055,140530,13220,13143,117,13260,103
2021-11-15,Nevada,057,99092,9551,9420,336,9756,92
2021-11-15,Orange,059,3164182,311356,308859,15717,324576,5646
2021-11-15,Placer,061,380077,38050,37610,3775,41385,452
2021-11-15,Plumas,063,18699,1891,1829,43,1872,7
2021-11-15,Riverside,065,2383286,369750,364750,16649,381399,5199
2021-11-15,Sacramento,067,1510023,162095,160937,4795,165732,2293
2021-11-15,San Benito,069,59416,7529,7511,175,7686,77
2021-11-15,San Bernardino,071,2135413,360633,357306,11431,368737,5898
2021-11-15,San Diego,073,3302833,380567,378845,22319,401164,4284
2021-11-15,San Francisco,075,870044,53991,53374,2399,55773,667
2021-11-15,San Joaquin,077,732212,101406,100587,5541,106128,1799
2021-11-15,San Luis Obispo,079,281455,30202,29669,1288,30957,351
2021-11-15,San Mateo,081,765935,55014,54010,928,54938,576
2021-11-15,Santa Barbara,083,443738,45256,44879,1588,46467,539
2021-11-15,Santa Clara,085,1922200,149710,148313,1444,149757,1914
2021-11-15,Santa Cruz,087,273765,20893,20630,1025,21655,223
2021-11-15,Shasta,089,179085,22137,21779,3678,25457,374
2021-11-15,Sierra,091,2930,194,189,21,210,0
2021-11-15,Siskiyou,093,43540,3400,3302,1328,4630,54
2021-11-15,Solano,095,438530,46568,45885,1317,47202,351
2021-11-15,Sonoma,097,501317,42313,42021,544,42565,401
2021-11-15,Stanislaus,099,539301,80020,80129,9077,89206,1174
2021-11-15,Sutter,101,95872,14062,14043,373,14416,181
2021-11-15,Tehama,103,63373,8712,8615,1521,10136,125
2021-11-15,Trinity,105,12862,881,757,222,979,17
2021-11-15,Tulare,107,460477,70074,68826,15681,84507,1039
2021-11-15,Tuolumne,109,53932,7519,7461,109,7570,90
2021-11-15,Ventura,111,848112,99423,98605,4362,102967,1183
2021-11-15,Yolo,113,214977,20240,20065,1193,21258,255
2021-11-15,Yuba,115,75493,10337,10254,358,10612,85
2021-11-14,Alameda,001,1643700,121265,120629,2873,123502,1461
2021-11-14,Alpine,003,1148,102,105,0,105,0
2021-11-14,Amador,005,37829,5654,5632,67,5699,66
2021-11-14,Butte,007,227075,21423,21146,3847,24993,296
2021-11-14,Calaveras,009,45235,4266,4222,58,4280,83
2021-11-14,Colusa,011,21464,2567,2532,653,3185,19
2021-11-14,Contra Costa,013,1133247,100783,100188,2270,102458,1038
2021-11-14,Del Norte,015,27424,3714,3629,55,3684,42
2021-11-14,El Dorado,017,186661,16416,16212,1745,17957,159
2021-11-14,Fresno,019,978130,143667,141869,13075,154944,2209
2021-11-14,Glenn,021,27897,3550,3521,1027,4548,34
2021-11-14,Humboldt,023,135768,9329,9215,608,9823,115
2021-11-14,Imperial,025,180216,34445,34078,3387,37465,766
2021-11-14,Inyo,027,18085,2479,2441,43,2484,42
2021-11-14,Kern,029,883053,130492,128842,23228,152070,1730
2021-11-14,Kings,031,150075,32968,32545,2000,34545,349
2021-11-14,Lake,033,64148,6857,6777,155,6932,109
2021-11-14,Lassen,035,31185,6986,6911,399,7310,47
2021-11-14,Los Angeles,037,10098052,1454963,1445284,55383,1500667,26667
2021-11-14,Madera,039,155013,23887,23566,2222,25788,287
2021-11-14,Marin,041,260295,17827,17712,478,18190,247
2021-11-14,Mariposa,043,17540,1383,1337,52,1389,6
2021-11-14,Mendocino,045,87422,7822,7684,624,8308,89
2021-11-14,Merced,047,269075,42660,42513,2031,44544,648
2021-11-14,Modoc,049,8938,561,538,200,738,5
2021-11-14,Mono,051,14174,1772,1760,22,1782,4
2021-11-14,Monterey,053,433212,49270,48135,3077,51212,609
2021-11-14,Napa,055,140530,13202,13132,117,13249,103
2021-11-14,Nevada,057,99092,9523,9408,336,9744,92
2021-11-14,Orange,059,3164182,311036,308699,15696,324395,5646
2021-11-14,Placer,061,380077,37970,37569,3765,41334,452
2021-11-14,Plumas,063,18699,1888,1829,42,1871,7
2021-11-14,Riverside,065,2383286,369252,364490,16632,381122,5199
2021-11-14,Sacramento,067,1510023,161858,160761,4778,165539,2295
2021-11-14,San Benito,069,59416,7518,7507,174,7681,77
2021-11-14,San Bernardino,071,2135413,360052,357014,11414,368428,5897
2021-11-14,San Diego,073,3302833,379972,377633,22288,399921,4280
2021-11-14,San Francisco,075,870044,53916,53338,2394,55732,667
2021-11-14,San Joaquin,077,732212,101278,100518,5536,106054,1799
2021-11-14,San Luis Obispo,079,281455,30120,29645,1284,30929,352
2021-11-14,San Mateo,081,765935,54961,53978,926,54904,576
2021-11-14,Santa Barbara,083,443738,45177,44842,1585,46427,539
2021-11-14,Santa Clara,085,1922200,149512,148152,1436,149588,1913
2021-11-14,Santa Cruz,087,273765,20839,20609,1023,21632,223
2021-11-14,Shasta,089,179085,22085,21771,3665,25436,373
2021-11-14,Sierra,091,2930,194,189,21,210,0
2021-11-14,Siskiyou,093,43540,3391,3302,1327,4629,54
2021-11-14,Solano,095,438530,46512,45860,1310,47170,351
2021-11-14,Sonoma,097,501317,42247,41974,542,42516,401
2021-11-14,Stanislaus,099,539301,79885,80076,9059,89135,1174
2021-11-14,Sutter,101,95872,14045,14031,368,14399,181
2021-11-14,Tehama,103,63373,8702,8607,1519,10126,125
2021-11-14,Trinity,105,12862,878,754,220,974,17
2021-11-14,Tulare,107,460477,69956,68772,15623,84395,1037
2021-11-14,Tuolumne,109,53932,7501,7439,108,7547,90
2021-11-14,Ventura,111,848112,99308,98550,4361,102911,1183
2021-11-14,Yolo,113,214977,20213,20040,1187,21227,255
2021-11-14,Yuba,115,75493,10330,10238,357,10595,85
2021-11-13,Alameda,001,1643700,121193,120407,2871,123278,1454
2021-11-13,Alpine,003,1148,102,105,0,105,0
2021-11-13,Amador,005,37829,5653,5614,67,5681,66
2021-11-13,Butte,007,227075,21403,21104,3844,24948,296
2021-11-13,Calaveras,009,45235,4255,4203,58,4261,83
2021-11-13,Colusa,011,21464,2565,2522,653,3175,19
2021-11-13,Contra Costa,013,1133247,100711,100004,2264,102268,1028
2021-11-13,Del Norte,015,27424,3714,3629,55,3684,42
2021-11-13,El Dorado,017,186661,16404,16163,1742,17905,159
2021-11-13,Fresno,019,978130,143560,141452,13061,154513,2205
2021-11-13,Glenn,021,27897,3550,3514,1026,4540,34
2021-11-13,Humboldt,023,135768,9313,9177,603,9780,115
2021-11-13,Imperial,025,180216,34395,33990,3370,37360,766
2021-11-13,Inyo,027,18085,2473,2436,43,2479,42
2021-11-13,Kern,029,883053,130391,128472,23184,151656,1719
2021-11-13,Kings,031,150075,32951,32452,1999,34451,347
2021-11-13,Lake,033,64148,6852,6769,155,6924,109
2021-11-13,Lassen,035,31185,6981,6897,399,7296,47
2021-11-13,Los Angeles,037,10098052,1454300,1443088,55342,1498430,26649
2021-11-13,Madera,039,155013,23856,23462,2217,25679,287
2021-11-13,Marin,041,260295,17814,17684,476,18160,247
2021-11-13,Mariposa,043,17540,1380,1323,52,1375,6
2021-11-13,Mendocino,045,87422,7803,7652,623,8275,89
2021-11-13,Merced,047,269075,42622,42411,2028,44439,644
2021-11-13,Modoc,049,8938,560,536,200,736,5
2021-11-13,Mono,051,14174,1768,1750,22,1772,4
2021-11-13,Monterey,053,433212,49244,48087,3075,51162,609
2021-11-13,Napa,055,140530,13194,13110,117,13227,103
2021-11-13,Nevada,057,99092,9503,9369,334,9703,92
2021-11-13,Orange,059,3164182,310870,308211,15668,323879,5641
2021-11-13,Placer,061,380077,37920,37453,3762,41215,445
2021-11-13,Plumas,063,18699,1885,1828,42,1870,8
2021-11-13,Riverside,065,2383286,368946,363801,16625,380426,5187
2021-11-13,Sacramento,067,1510023,161721,160397,4765,165162,2291
2021-11-13,San Benito,069,59416,7505,7491,173,7664,77
2021-11-13,San Bernardino,071,2135413,359801,356325,11407,367732,5873
2021-11-13,San Diego,073,3302833,379642,377633,22260,399893,4280
2021-11-13,San Francisco,075,870044,53884,53195,2393,55588,667
2021-11-13,San Joaquin,077,732212,101221,100263,5527,105790,1799
2021-11-13,San Luis Obispo,079,281455,30090,29589,1282,30871,351
2021-11-13,San Mateo,081,765935,54923,53853,925,54778,574
2021-11-13,Santa Barbara,083,443738,45144,44734,1585,46319,537
2021-11-13,Santa Clara,085,1922200,149392,147821,1431,149252,1905
2021-11-13,Santa Cruz,087,273765,20824,20565,1022,21587,223
2021-11-13,Shasta,089,179085,22054,21713,3661,25374,366
2021-11-13,Sierra,091,2930,193,188,21,209,0
2021-11-13,Siskiyou,093,43540,3382,3299,1326,4625,54
2021-11-13,Solano,095,438530,46483,45774,1306,47080,350
2021-11-13,Sonoma,097,501317,42213,41882,541,42423,399
2021-11-13,Stanislaus,099,539301,79810,79872,9045,88917,1174
2021-11-13,Sutter,101,95872,14035,14017,367,14384,181
2021-11-13,Tehama,103,63373,8696,8592,1515,10107,125
2021-11-13,Trinity,105,12862,877,749,220,969,17
2021-11-13,Tulare,107,460477,69890,68619,15600,84219,1033
2021-11-13,Tuolumne,109,53932,7483,7392,108,7500,90
2021-11-13,Ventura,111,848112,99250,98452,4358,102810,1183
2021-11-13,Yolo,113,214977,20199,20009,1182,21191,255
2021-11-13,Yuba,115,75493,10320,10218,355,10573,85
2021-11-12,Alameda,001,1643700,121110,120407,2868,123275,1454
2021-11-12,Alpine,003,1148,102,105,0,105,0
2021-11-12,Amador,005,37829,5649,5614,66,5680,66
2021-11-12,Butte,007,227075,21386,21104,3840,24944,296
2021-11-12,Calaveras,009,45235,4244,4203,58,4261,83
2021-11-12,Colusa,011,21464,2561,2522,652,3174,19
2021-11-12,Contra Costa,013,1133247,100656,100004,2263,102267,1028
2021-11-12,Del Norte,015,27424,3714,3629,55,3684,42
2021-11-12,El Dorado,017,186661,16385,16163,1741,17904,159
2021-11-12,Fresno,019,978130,143417,141452,13047,154499,2205
2021-11-12,Glenn,021,27897,3547,3514,1025,4539,34
2021-11-12,Humboldt,023,135768,9306,9177,601,9778,115
2021-11-12,Imperial,025,180216,34369,33990,3360,37350,766
2021-11-12,Inyo,027,18085,2469,2436,43,2479,42
2021-11-12,Kern,029,883053,130254,128472,23152,151624,1719
2021-11-12,Kings,031,150075,32925,32452,1997,34449,347
2021-11-12,Lake,033,64148,6848,6769,155,6924,109
2021-11-12,Lassen,035,31185,6977,6897,398,7295,47
2021-11-12,Los Angeles,037,10098052,1453570,1443088,55297,1498385,26649
2021-11-12,Madera,039,155013,23827,23462,2212,25674,287
2021-11-12,Marin,041,260295,17798,17684,475,18159,247
2021-11-12,Mariposa,043,17540,1373,1323,52,1375,6
2021-11-12,Mendocino,045,87422,7791,7652,620,8272,89
2021-11-12,Merced,047,269075,42593,42411,2026,44437,644
2021-11-12,Modoc,049,8938,559,536,200,736,5
2021-11-12,Mono,051,14174,1766,1750,22,1772,4
2021-11-12,Monterey,053,433212,49212,48087,3069,51156,609
2021-11-12,Napa,055,140530,13185,13110,117,13227,103
2021-11-12,Nevada,057,99092,9489,9369,333,9702,92
2021-11-12,Orange,059,3164182,310682,308211,15650,323861,5641
2021-11-12,Placer,061,380077,37881,37453,3759,41212,445
2021-11-12,Plumas,063,18699,1879,1828,42,1870,8
2021-11-12,Riverside,065,2383286,368679,363801,16621,380422,5187
2021-11-12,Sacramento,067,1510023,161562,160397,4760,165157,2291
2021-11-12,San Benito,069,59416,7505,7491,173,7664,77
2021-11-12,San Bernardino,071,2135413,359493,356325,11396,367721,5873
2021-11-12,San Diego,073,3302833,379277,377633,22238,399871,4280
2021-11-12,San Francisco,075,870044,53849,53195,2389,55584,667
2021-11-12,San Joaquin,077,732212,101176,100263,5521,105784,1799
2021-11-12,San Luis Obispo,079,281455,30061,29589,1281,30870,351
2021-11-12,San Mateo,081,765935,54873,53853,922,54775,574
2021-11-12,Santa Barbara,083,443738,45089,44734,1584,46318,537
2021-11-12,Santa Clara,085,1922200,149250,147821,1426,149247,1905
2021-11-12,Santa Cruz,087,273765,20796,20565,1020,21585,223
2021-11-12,Shasta,089,179085,22021,21713,3658,25371,366
2021-11-12,Sierra,091,2930,192,188,21,209,0
2021-11-12,Siskiyou,093,43540,3381,3299,1324,4623,54
2021-11-12,Solano,095,438530,46456,45774,1302,47076,350
2021-11-12,Sonoma,097,501317,42173,41882,541,42423,399
2021-11-12,Stanislaus,099,539301,79758,79872,9037,88909,1174
2021-11-12,Sutter,101,95872,14028,14017,367,14384,181
2021-11-12,Tehama,103,63373,8692,8592,1514,10106,125
2021-11-12,Trinity,105,12862,870,749,220,969,17
2021-11-12,Tulare,107,460477,69848,68619,15565,84184,1033
2021-11-12,Tuolumne,109,53932,7470,7392,107,7499,90
2021-11-12,Ventura,111,848112,99185,98452,4357,102809,1183
2021-11-12,Yolo,113,214977,20185,20009,1176,21185,255
2021-11-12,Yuba,115,75493,10311,10218,354,10572,85
2021-11-11,Alameda,001,1643700,120994,120147,2860,123007,1453
2021-11-11,Alpine,003,1148,102,105,0,105,0
2021-11-11,Amador,005,37829,5646,5603,65,5668,66
2021-11-11,Butte,007,227075,21343,21047,3835,24882,293
2021-11-11,Calaveras,009,45235,4226,4179,58,4237,83
2021-11-11,Colusa,011,21464,2553,2518,650,3168,19
2021-11-11,Contra Costa,013,1133247,100551,99808,2258,102066,1028
2021-11-11,Del Norte,015,27424,3712,3622,55,3677,42
2021-11-11,El Dorado,017,186661,16351,16085,1738,17823,159
2021-11-11,Fresno,019,978130,143212,140833,13013,153846,2202
2021-11-11,Glenn,021,27897,3545,3503,1025,4528,34
2021-11-11,Humboldt,023,135768,9283,9125,598,9723,115
2021-11-11,Imperial,025,180216,34300,33844,3338,37182,766
2021-11-11,Inyo,027,18085,2464,2428,43,2471,42
2021-11-11,Kern,029,883053,130070,128023,23088,151111,1709
2021-11-11,Kings,031,150075,32875,32318,1995,34313,345
2021-11-11,Lake,033,64148,6841,6745,155,6900,107
2021-11-11,Lassen,035,31185,6971,6875,398,7273,47
2021-11-11,Los Angeles,037,10098052,1452472,1440436,55238,1495674,26614
2021-11-11,Madera,039,155013,23779,23316,2204,25520,287
2021-11-11,Marin,041,260295,17788,17639,475,18114,247
2021-11-11,Mariposa,043,17540,1363,1317,52,1369,6
2021-11-11,Mendocino,045,87422,7776,7612,611,8223,89
2021-11-11,Merced,047,269075,42537,42292,2023,44315,643
2021-11-11,Modoc,049,8938,557,536,200,736,5
2021-11-11,Mono,051,14174,1762,1743,22,1765,4
2021-11-11,Monterey,053,433212,49177,48008,3057,51065,609
2021-11-11,Napa,055,140530,13177,13075,117,13192,103
2021-11-11,Nevada,057,99092,9467,9308,333,9641,92
2021-11-11,Orange,059,3164182,310408,307674,15612,323286,5633
2021-11-11,Placer,061,380077,37830,37333,3751,41084,440
2021-11-11,Plumas,063,18699,1875,1814,42,1856,7
2021-11-11,Riverside,065,2383286,368246,362930,16603,379533,5175
2021-11-11,Sacramento,067,1510023,161349,159962,4741,164703,2289
2021-11-11,San Benito,069,59416,7497,7473,173,7646,76
2021-11-11,San Bernardino,071,2135413,359065,355413,11383,366796,5849
2021-11-11,San Diego,073,3302833,378769,376428,22215,398643,4272
2021-11-11,San Francisco,075,870044,53790,53063,2387,55450,666
2021-11-11,San Joaquin,077,732212,101081,99937,5506,105443,1799
2021-11-11,San Luis Obispo,079,281455,30010,29532,1279,30811,351
2021-11-11,San Mateo,081,765935,54824,53722,917,54639,574
2021-11-11,Santa Barbara,083,443738,45031,44603,1581,46184,534
2021-11-11,Santa Clara,085,1922200,149068,147458,1420,148878,1901
2021-11-11,Santa Cruz,087,273765,20751,20479,1020,21499,222
2021-11-11,Shasta,089,179085,21974,21600,3656,25256,364
2021-11-11,Sierra,091,2930,191,186,21,207,0
2021-11-11,Siskiyou,093,43540,3375,3297,1323,4620,53
2021-11-11,Solano,095,438530,46419,45679,1301,46980,350
2021-11-11,Sonoma,097,501317,42136,41774,541,42315,395
2021-11-11,Stanislaus,099,539301,79675,79570,9021,88591,1166
2021-11-11,Sutter,101,95872,14014,13993,366,14359,181
2021-11-11,Tehama,103,63373,8680,8565,1512,10077,125
2021-11-11,Trinity,105,12862,869,748,220,968,17
2021-11-11,Tulare,107,460477,69755,68367,15529,83896,1028
2021-11-11,Tuolumne,109,53932,7457,7354,107,7461,90
2021-11-11,Ventura,111,848112,99107,98297,4350,102647,1182
2021-11-11,Yolo,113,214977,20158,19946,1174,21120,255
2021-11-11,Yuba,115,75493,10295,10191,354,10545,85
2021-11-10,Alameda,001,1643700,120885,120147,2850,122997,1453
2021-11-10,Alpine,003,1148,102,105,0,105,0
2021-11-10,Amador,005,37829,5640,5603,65,5668,66
2021-11-10,Butte,007,227075,21317,21047,3831,24878,293
2021-11-10,Calaveras,009,45235,4215,4179,58,4237,83
2021-11-10,Colusa,011,21464,2547,2518,650,3168,19
2021-11-10,Contra Costa,013,1133247,100468,99808,2254,102062,1028
2021-11-10,Del Norte,015,27424,3711,3622,55,3677,42
2021-11-10,El Dorado,017,186661,16335,16085,1737,17822,159
2021-11-10,Fresno,019,978130,143034,140833,12999,153832,2202
2021-11-10,Glenn,021,27897,3545,3503,1024,4527,34
2021-11-10,Humboldt,023,135768,9265,9125,598,9723,115
2021-11-10,Imperial,025,180216,34252,33844,3319,37163,766
2021-11-10,Inyo,027,18085,2457,2428,43,2471,42
2021-11-10,Kern,029,883053,129921,128023,23032,151055,1709
2021-11-10,Kings,031,150075,32842,32318,1993,34311,345
2021-11-10,Lake,033,64148,6831,6745,155,6900,107
2021-11-10,Lassen,035,31185,6966,6875,398,7273,47
2021-11-10,Los Angeles,037,10098052,1451517,1440436,55179,1495615,26614
2021-11-10,Madera,039,155013,23729,23316,2198,25514,287
2021-11-10,Marin,041,260295,17775,17639,473,18112,247
2021-11-10,Mariposa,043,17540,1357,1317,52,1369,6
2021-11-10,Mendocino,045,87422,7764,7612,610,8222,89
2021-11-10,Merced,047,269075,42502,42292,2021,44313,643
2021-11-10,Modoc,049,8938,556,536,199,735,5
2021-11-10,Mono,051,14174,1760,1743,22,1765,4
2021-11-10,Monterey,053,433212,49143,48008,3045,51053,609
2021-11-10,Napa,055,140530,13163,13075,116,13191,103
2021-11-10,Nevada,057,99092,9460,9308,331,9639,92
2021-11-10,Orange,059,3164182,310145,307674,15580,323254,5633
2021-11-10,Placer,061,380077,37784,37333,3744,41077,440
2021-11-10,Plumas,063,18699,1869,1814,41,1855,7
2021-11-10,Riverside,065,2383286,367865,362930,16597,379527,5175
2021-11-10,Sacramento,067,1510023,161194,159962,4731,164693,2289
2021-11-10,San Benito,069,59416,7489,7473,173,7646,76
2021-11-10,San Bernardino,071,2135413,358728,355413,11376,366789,5849
2021-11-10,San Diego,073,3302833,378366,376428,22193,398621,4272
2021-11-10,San Francisco,075,870044,53729,53063,2384,55447,666
2021-11-10,San Joaquin,077,732212,100975,99937,5500,105437,1799
2021-11-10,San Luis Obispo,079,281455,29979,29532,1278,30810,351
2021-11-10,San Mateo,081,765935,54770,53722,916,54638,574
2021-11-10,Santa Barbara,083,443738,44993,44603,1580,46183,534
2021-11-10,Santa Clara,085,1922200,148921,147458,1414,148872,1901
2021-11-10,Santa Cruz,087,273765,20724,20479,1019,21498,222
2021-11-10,Shasta,089,179085,21938,21600,3654,25254,364
2021-11-10,Sierra,091,2930,190,186,21,207,0
2021-11-10,Siskiyou,093,43540,3373,3297,1323,4620,53
2021-11-10,Solano,095,438530,46389,45679,1299,46978,350
2021-11-10,Sonoma,097,501317,42085,41774,541,42315,395
2021-11-10,Stanislaus,099,539301,79573,79570,9005,88575,1166
2021-11-10,Sutter,101,95872,14006,13993,366,14359,181
2021-11-10,Tehama,103,63373,8668,8565,1506,10071,125
2021-11-10,Trinity,105,12862,865,748,219,967,17
2021-11-10,Tulare,107,460477,69695,68367,15488,83855,1028
2021-11-10,Tuolumne,109,53932,7433,7354,107,7461,90
2021-11-10,Ventura,111,848112,99036,98297,4350,102647,1182
2021-11-10,Yolo,113,214977,20139,19946,1173,21119,255
2021-11-10,Yuba,115,75493,10286,10191,354,10545,85
2021-11-09,Alameda,001,1643700,120748,120051,2840,122891,1450
2021-11-09,Alpine,003,1148,102,105,0,105,0
2021-11-09,Amador,005,37829,5634,5596,65,5661,66
2021-11-09,Butte,007,227075,21295,21022,3828,24850,291
2021-11-09,Calaveras,009,45235,4211,4174,58,4232,84
2021-11-09,Colusa,011,21464,2542,2517,649,3166,19
2021-11-09,Contra Costa,013,1133247,100373,99732,2246,101978,1028
2021-11-09,Del Norte,015,27424,3710,3620,55,3675,42
2021-11-09,El Dorado,017,186661,16297,16073,1732,17805,160
2021-11-09,Fresno,019,978130,142789,140666,12984,153650,2188
2021-11-09,Glenn,021,27897,3540,3499,1024,4523,34
2021-11-09,Humboldt,023,135768,9244,9112,593,9705,115
2021-11-09,Imperial,025,180216,34199,33751,3305,37056,766
2021-11-09,Inyo,027,18085,2453,2404,43,2447,42
2021-11-09,Kern,029,883053,129676,127901,22970,150871,1694
2021-11-09,Kings,031,150075,32775,32279,1989,34268,344
2021-11-09,Lake,033,64148,6822,6743,155,6898,106
2021-11-09,Lassen,035,31185,6954,6846,398,7244,47
2021-11-09,Los Angeles,037,10098052,1450270,1439125,55116,1494241,26581
2021-11-09,Madera,039,155013,23679,23285,2189,25474,287
2021-11-09,Marin,041,260295,17756,17630,471,18101,247
2021-11-09,Mariposa,043,17540,1349,1317,51,1368,5
2021-11-09,Mendocino,045,87422,7741,7598,604,8202,85
2021-11-09,Merced,047,269075,42461,42251,2015,44266,613
2021-11-09,Modoc,049,8938,555,536,197,733,5
2021-11-09,Mono,051,14174,1755,1738,22,1760,4
2021-11-09,Monterey,053,433212,49107,47975,3021,50996,609
2021-11-09,Napa,055,140530,13145,13051,116,13167,103
2021-11-09,Nevada,057,99092,9441,9288,331,9619,92
2021-11-09,Orange,059,3164182,309861,307412,15552,322964,5621
2021-11-09,Placer,061,380077,37729,37291,3727,41018,440
2021-11-09,Plumas,063,18699,1867,1802,41,1843,7
2021-11-09,Riverside,065,2383286,367400,362557,16582,379139,5160
2021-11-09,Sacramento,067,1510023,160953,159856,4722,164578,2286
2021-11-09,San Benito,069,59416,7479,7471,172,7643,76
2021-11-09,San Bernardino,071,2135413,358280,354972,11359,366331,5839
2021-11-09,San Diego,073,3302833,377871,375997,22167,398164,4272
2021-11-09,San Francisco,075,870044,53656,52996,2378,55374,666
2021-11-09,San Joaquin,077,732212,100800,99848,5487,105335,1794
2021-11-09,San Luis Obispo,079,281455,29936,29488,1277,30765,350
2021-11-09,San Mateo,081,765935,54723,53697,906,54603,574
2021-11-09,Santa Barbara,083,443738,44926,44579,1573,46152,533
2021-11-09,Santa Clara,085,1922200,148715,147281,1407,148688,1901
2021-11-09,Santa Cruz,087,273765,20690,20463,1018,21481,222
2021-11-09,Shasta,089,179085,21883,21558,3649,25207,364
2021-11-09,Sierra,091,2930,190,186,21,207,0
2021-11-09,Siskiyou,093,43540,3371,3295,1321,4616,52
2021-11-09,Solano,095,438530,46334,45639,1298,46937,350
2021-11-09,Sonoma,097,501317,42028,41727,539,42266,395
2021-11-09,Stanislaus,099,539301,79467,79505,8988,88493,1165
2021-11-09,Sutter,101,95872,13991,13988,364,14352,180
2021-11-09,Tehama,103,63373,8650,8555,1504,10059,125
2021-11-09,Trinity,105,12862,864,746,219,965,17
2021-11-09,Tulare,107,460477,69589,68298,15448,83746,1024
2021-11-09,Tuolumne,109,53932,7413,7347,107,7454,90
2021-11-09,Ventura,111,848112,98958,98202,4345,102547,1182
2021-11-09,Yolo,113,214977,20115,19931,1169,21100,255
2021-11-09,Yuba,115,75493,10269,10175,348,10523,85
2021-11-08,Alameda,001,1643700,120605,119983,2834,122817,1447
2021-11-08,Alpine,003,1148,102,105,0,105,0
2021-11-08,Amador,005,37829,5628,5590,65,5655,66
2021-11-08,Butte,007,227075,21267,21000,3820,24820,288
2021-11-08,Calaveras,009,45235,4203,4166,58,4224,82
2021-11-08,Colusa,011,21464,2541,2514,648,3162,19
2021-11-08,Contra Costa,013,1133247,100269,99669,2242,101911,1028
2021-11-08,Del Norte,015,27424,3706,3619,55,3674,42
2021-11-08,El Dorado,017,186661,16278,16055,1727,17782,156
2021-11-08,Fresno,019,978130,142488,140466,12962,153428,2179
2021-11-08,Glenn,021,27897,3538,3496,1020,4516,34
2021-11-08,Humboldt,023,135768,9217,9095,583,9678,109
2021-11-08,Imperial,025,180216,34119,33690,3287,36977,766
2021-11-08,Inyo,027,18085,2446,2398,43,2441,41
2021-11-08,Kern,029,883053,129440,127722,22887,150609,1692
2021-11-08,Kings,031,150075,32729,32248,1988,34236,344
2021-11-08,Lake,033,64148,6816,6737,155,6892,106
2021-11-08,Lassen,035,31185,6947,6830,396,7226,46
2021-11-08,Los Angeles,037,10098052,1448929,1438322,55056,1493378,26575
2021-11-08,Madera,039,155013,23630,23253,2178,25431,287
2021-11-08,Marin,041,260295,17739,17617,468,18085,247
2021-11-08,Mariposa,043,17540,1341,1316,50,1366,5
2021-11-08,Mendocino,045,87422,7728,7581,598,8179,85
2021-11-08,Merced,047,269075,42392,42224,2005,44229,607
2021-11-08,Modoc,049,8938,554,529,197,726,5
2021-11-08,Mono,051,14174,1751,1739,22,1761,4
2021-11-08,Monterey,053,433212,49066,47942,3000,50942,602
2021-11-08,Napa,055,140530,13131,13045,116,13161,103
2021-11-08,Nevada,057,99092,9422,9278,329,9607,92
2021-11-08,Orange,059,3164182,309588,307156,15521,322677,5616
2021-11-08,Placer,061,380077,37675,37250,3724,40974,439
2021-11-08,Plumas,063,18699,1866,1788,40,1828,7
2021-11-08,Riverside,065,2383286,366945,362201,16568,378769,5152
2021-11-08,Sacramento,067,1510023,160737,159735,4702,164437,2275
2021-11-08,San Benito,069,59416,7477,7461,172,7633,75
2021-11-08,San Bernardino,071,2135413,357769,354741,11341,366082,5836
2021-11-08,San Diego,073,3302833,377309,375557,22120,397677,4259
2021-11-08,San Francisco,075,870044,53603,52942,2372,55314,666
2021-11-08,San Joaquin,077,732212,100686,99736,5485,105221,1794
2021-11-08,San Luis Obispo,079,281455,29884,29464,1272,30736,350
2021-11-08,San Mateo,081,765935,54650,53658,901,54559,574
2021-11-08,Santa Barbara,083,443738,44872,44548,1572,46120,532
2021-11-08,Santa Clara,085,1922200,148487,147183,1401,148584,1899
2021-11-08,Santa Cruz,087,273765,20661,20435,1018,21453,222
2021-11-08,Shasta,089,179085,21836,21504,3643,25147,354
2021-11-08,Sierra,091,2930,190,183,21,204,0
2021-11-08,Siskiyou,093,43540,3367,3290,1310,4600,50
2021-11-08,Solano,095,438530,46293,45613,1294,46907,350
2021-11-08,Sonoma,097,501317,41960,41669,537,42206,395
2021-11-08,Stanislaus,099,539301,79315,79417,8974,88391,1150
2021-11-08,Sutter,101,95872,13983,13976,360,14336,180
2021-11-08,Tehama,103,63373,8641,8534,1504,10038,123
2021-11-08,Trinity,105,12862,864,743,218,961,13
2021-11-08,Tulare,107,460477,69472,68199,15410,83609,1020
2021-11-08,Tuolumne,109,53932,7394,7328,106,7434,90
2021-11-08,Ventura,111,848112,98865,98144,4343,102487,1182
2021-11-08,Yolo,113,214977,20077,19916,1164,21080,255
2021-11-08,Yuba,115,75493,10258,10172,345,10517,83
2021-11-07,Alameda,001,1643700,120448,119902,2828,122730,1444
2021-11-07,Alpine,003,1148,102,105,0,105,0
2021-11-07,Amador,005,37829,5620,5580,63,5643,66
2021-11-07,Butte,007,227075,21226,20969,3811,24780,288
2021-11-07,Calaveras,009,45235,4176,4158,57,4215,82
2021-11-07,Colusa,011,21464,2535,2511,646,3157,19
2021-11-07,Contra Costa,013,1133247,100158,99596,2233,101829,1028
2021-11-07,Del Norte,015,27424,3704,3617,55,3672,42
2021-11-07,El Dorado,017,186661,16241,16040,1724,17764,156
2021-11-07,Fresno,019,978130,142146,140263,12934,153197,2179
2021-11-07,Glenn,021,27897,3531,3493,1019,4512,34
2021-11-07,Humboldt,023,135768,9192,9074,579,9653,109
2021-11-07,Imperial,025,180216,34046,33674,3267,36941,766
2021-11-07,Inyo,027,18085,2433,2394,43,2437,41
2021-11-07,Kern,029,883053,129168,127583,22795,150378,1692
2021-11-07,Kings,031,150075,32638,32221,1985,34206,343
2021-11-07,Lake,033,64148,6800,6734,154,6888,106
2021-11-07,Lassen,035,31185,6939,6819,392,7211,46
2021-11-07,Los Angeles,037,10098052,1447436,1437314,54979,1492293,26573
2021-11-07,Madera,039,155013,23585,23225,2170,25395,287
2021-11-07,Marin,041,260295,17719,17594,467,18061,247
2021-11-07,Mariposa,043,17540,1339,1306,50,1356,5
2021-11-07,Mendocino,045,87422,7700,7567,594,8161,85
2021-11-07,Merced,047,269075,42314,42186,1974,44160,607
2021-11-07,Modoc,049,8938,551,528,196,724,5
2021-11-07,Mono,051,14174,1745,1739,22,1761,4
2021-11-07,Monterey,053,433212,49014,47924,2995,50919,602
2021-11-07,Napa,055,140530,13110,13041,116,13157,103
2021-11-07,Nevada,057,99092,9374,9254,329,9583,92
2021-11-07,Orange,059,3164182,309264,306954,15483,322437,5616
2021-11-07,Placer,061,380077,37599,37202,3709,40911,439
2021-11-07,Plumas,063,18699,1859,1787,39,1826,7
2021-11-07,Riverside,065,2383286,366411,361960,16548,378508,5152
2021-11-07,Sacramento,067,1510023,160505,159549,4685,164234,2277
2021-11-07,San Benito,069,59416,7464,7460,172,7632,75
2021-11-07,San Bernardino,071,2135413,357263,354488,11318,365806,5832
2021-11-07,San Diego,073,3302833,376732,375165,22087,397252,4250
2021-11-07,San Francisco,075,870044,53519,52868,2366,55234,666
2021-11-07,San Joaquin,077,732212,100501,99696,5479,105175,1794
2021-11-07,San Luis Obispo,079,281455,29833,29454,1268,30722,350
2021-11-07,San Mateo,081,765935,54591,53600,899,54499,574
2021-11-07,Santa Barbara,083,443738,44809,44501,1571,46072,532
2021-11-07,Santa Clara,085,1922200,148283,147054,1388,148442,1898
2021-11-07,Santa Cruz,087,273765,20603,20397,1017,21414,222
2021-11-07,Shasta,089,179085,21788,21479,3637,25116,354
2021-11-07,Sierra,091,2930,188,183,21,204,0
2021-11-07,Siskiyou,093,43540,3361,3289,1308,4597,51
2021-11-07,Solano,095,438530,46238,45582,1287,46869,350
2021-11-07,Sonoma,097,501317,41910,41630,536,42166,395
2021-11-07,Stanislaus,099,539301,79160,79351,8952,88303,1150
2021-11-07,Sutter,101,95872,13970,13964,357,14321,180
2021-11-07,Tehama,103,63373,8617,8528,1502,10030,121
2021-11-07,Trinity,105,12862,863,742,217,959,13
2021-11-07,Tulare,107,460477,69319,68145,15367,83512,1020
2021-11-07,Tuolumne,109,53932,7376,7300,104,7404,90
2021-11-07,Ventura,111,848112,98774,98085,4341,102426,1182
2021-11-07,Yolo,113,214977,20056,19899,1159,21058,255
2021-11-07,Yuba,115,75493,10241,10162,340,10502,83
2021-11-06,Alameda,001,1643700,120384,119499,2825,122324,1436
2021-11-06,Alpine,003,1148,102,105,0,105,0
2021-11-06,Amador,005,37829,5614,5557,63,5620,66
2021-11-06,Butte,007,227075,21206,20796,3807,24603,288
2021-11-06,Calaveras,009,45235,4168,4105,57,4162,82
2021-11-06,Colusa,011,21464,2534,2501,645,3146,19
2021-11-06,Contra Costa,013,1133247,100103,99282,2231,101513,1025
2021-11-06,Del Norte,015,27424,3701,3607,55,3662,42
2021-11-06,El Dorado,017,186661,16224,15958,1724,17682,156
2021-11-06,Fresno,019,978130,142028,139249,12929,152178,2170
2021-11-06,Glenn,021,27897,3528,3479,1019,4498,33
2021-11-06,Humboldt,023,135768,9180,8972,575,9547,109
2021-11-06,Imperial,025,180216,34002,33471,3261,36732,766
2021-11-06,Inyo,027,18085,2427,2353,43,2396,41
2021-11-06,Kern,029,883053,129034,126848,22742,149590,1684
2021-11-06,Kings,031,150075,32605,32018,1980,33998,342
2021-11-06,Lake,033,64148,6798,6695,154,6849,106
2021-11-06,Lassen,035,31185,6934,6796,391,7187,46
2021-11-06,Los Angeles,037,10098052,1446662,1433081,54936,1488017,26533
2021-11-06,Madera,039,155013,23549,22994,2160,25154,287
2021-11-06,Marin,041,260295,17700,17520,464,17984,247
2021-11-06,Mariposa,043,17540,1337,1282,50,1332,5
2021-11-06,Mendocino,045,87422,7678,7486,594,8080,85
2021-11-06,Merced,047,269075,42290,41958,1966,43924,604
2021-11-06,Modoc,049,8938,550,523,196,719,5
2021-11-06,Mono,051,14174,1743,1725,22,1747,4
2021-11-06,Monterey,053,433212,48982,47830,2985,50815,602
2021-11-06,Napa,055,140530,13100,12950,116,13066,103
2021-11-06,Nevada,057,99092,9352,9169,328,9497,91
2021-11-06,Orange,059,3164182,309057,306049,15457,321506,5611
2021-11-06,Placer,061,380077,37558,36967,3706,40673,438
2021-11-06,Plumas,063,18699,1855,1755,38,1793,7
2021-11-06,Riverside,065,2383286,366093,360584,16539,377123,5138
2021-11-06,Sacramento,067,1510023,160412,158766,4680,163446,2263
2021-11-06,San Benito,069,59416,7457,7429,172,7601,75
2021-11-06,San Bernardino,071,2135413,356992,353142,11314,364456,5813
2021-11-06,San Diego,073,3302833,376396,373423,22069,395492,4246
2021-11-06,San Francisco,075,870044,53466,52556,2363,54919,666
2021-11-06,San Joaquin,077,732212,100443,99372,5478,104850,1782
2021-11-06,San Luis Obispo,079,281455,29805,29335,1264,30599,350
2021-11-06,San Mateo,081,765935,54557,53442,898,54340,574
2021-11-06,Santa Barbara,083,443738,44773,44301,1570,45871,532
2021-11-06,Santa Clara,085,1922200,148138,146519,1383,147902,1894
2021-11-06,Santa Cruz,087,273765,20584,20311,1015,21326,222
2021-11-06,Shasta,089,179085,21769,21281,3632,24913,349
2021-11-06,Sierra,091,2930,188,181,21,202,0
2021-11-06,Siskiyou,093,43540,3361,3279,1306,4585,48
2021-11-06,Solano,095,438530,46208,45465,1286,46751,350
2021-11-06,Sonoma,097,501317,41860,41398,535,41933,395
2021-11-06,Stanislaus,099,539301,79092,78902,8944,87846,1193
2021-11-06,Sutter,101,95872,13966,13908,356,14264,180
2021-11-06,Tehama,103,63373,8606,8474,1500,9974,120
2021-11-06,Trinity,105,12862,860,732,217,949,11
2021-11-06,Tulare,107,460477,69269,67767,15338,83105,1010
2021-11-06,Tuolumne,109,53932,7364,7245,104,7349,90
2021-11-06,Ventura,111,848112,98707,97770,4336,102106,1180
2021-11-06,Yolo,113,214977,20039,19827,1155,20982,255
2021-11-06,Yuba,115,75493,10227,10107,340,10447,83
2021-11-05,Alameda,001,1643700,120301,119499,2823,122322,1436
2021-11-05,Alpine,003,1148,102,105,0,105,0
2021-11-05,Amador,005,37829,5609,5557,63,5620,66
2021-11-05,Butte,007,227075,21193,20796,3806,24602,288
2021-11-05,Calaveras,009,45235,4163,4105,57,4162,82
2021-11-05,Colusa,011,21464,2534,2501,644,3145,19
2021-11-05,Contra Costa,013,1133247,100038,99282,2229,101511,1025
2021-11-05,Del Norte,015,27424,3699,3607,55,3662,42
2021-11-05,El Dorado,017,186661,16205,15958,1718,17676,156
2021-11-05,Fresno,019,978130,141850,139249,12919,152168,2170
2021-11-05,Glenn,021,27897,3528,3479,1018,4497,33
2021-11-05,Humboldt,023,135768,9166,8972,575,9547,109
2021-11-05,Imperial,025,180216,33966,33471,3258,36729,766
2021-11-05,Inyo,027,18085,2419,2353,43,2396,41
2021-11-05,Kern,029,883053,128907,126848,22686,149534,1684
2021-11-05,Kings,031,150075,32581,32018,1979,33997,342
2021-11-05,Lake,033,64148,6792,6695,154,6849,106
2021-11-05,Lassen,035,31185,6930,6796,390,7186,46
2021-11-05,Los Angeles,037,10098052,1445843,1433081,54898,1487979,26533
2021-11-05,Madera,039,155013,23511,22994,2159,25153,287
2021-11-05,Marin,041,260295,17678,17520,463,17983,247
2021-11-05,Mariposa,043,17540,1334,1282,49,1331,5
2021-11-05,Mendocino,045,87422,7667,7486,593,8079,85
2021-11-05,Merced,047,269075,42264,41958,1957,43915,604
2021-11-05,Modoc,049,8938,550,523,196,719,5
2021-11-05,Mono,051,14174,1742,1725,22,1747,4
2021-11-05,Monterey,053,433212,48952,47830,2983,50813,602
2021-11-05,Napa,055,140530,13078,12950,116,13066,103
2021-11-05,Nevada,057,99092,9339,9169,328,9497,91
2021-11-05,Orange,059,3164182,308860,306049,15435,321484,5611
2021-11-05,Placer,061,380077,37531,36967,3697,40664,438
2021-11-05,Plumas,063,18699,1847,1755,38,1793,7
2021-11-05,Riverside,065,2383286,365752,360584,16529,377113,5138
2021-11-05,Sacramento,067,1510023,160290,158766,4674,163440,2263
2021-11-05,San Benito,069,59416,7455,7429,171,7600,75
2021-11-05,San Bernardino,071,2135413,356662,353142,11303,364445,5813
2021-11-05,San Diego,073,3302833,376043,373423,22057,395480,4246
2021-11-05,San Francisco,075,870044,53415,52556,2360,54916,666
2021-11-05,San Joaquin,077,732212,100390,99372,5469,104841,1782
2021-11-05,San Luis Obispo,079,281455,29782,29335,1264,30599,350
2021-11-05,San Mateo,081,765935,54515,53442,896,54338,574
2021-11-05,Santa Barbara,083,443738,44728,44301,1569,45870,532
2021-11-05,Santa Clara,085,1922200,148001,146519,1382,147901,1894
2021-11-05,Santa Cruz,087,273765,20560,20311,1014,21325,222
2021-11-05,Shasta,089,179085,21737,21281,3627,24908,349
2021-11-05,Sierra,091,2930,188,181,21,202,0
2021-11-05,Siskiyou,093,43540,3356,3279,1305,4584,48
2021-11-05,Solano,095,438530,46163,45465,1283,46748,350
2021-11-05,Sonoma,097,501317,41820,41398,535,41933,395
2021-11-05,Stanislaus,099,539301,79034,78902,8932,87834,1193
2021-11-05,Sutter,101,95872,13958,13908,355,14263,180
2021-11-05,Tehama,103,63373,8599,8474,1499,9973,120
2021-11-05,Trinity,105,12862,860,732,217,949,11
2021-11-05,Tulare,107,460477,69196,67767,15302,83069,1010
2021-11-05,Tuolumne,109,53932,7347,7245,103,7348,90
2021-11-05,Ventura,111,848112,98667,97770,4333,102103,1180
2021-11-05,Yolo,113,214977,20028,19827,1154,20981,255
2021-11-05,Yuba,115,75493,10214,10107,338,10445,83
2021-11-04,Alameda,001,1643700,120184,119499,2817,122316,1436
2021-11-04,Alpine,003,1148,102,105,0,105,0
2021-11-04,Amador,005,37829,5601,5557,63,5620,66
2021-11-04,Butte,007,227075,21151,20796,3796,24592,288
2021-11-04,Calaveras,009,45235,4149,4105,55,4160,82
2021-11-04,Colusa,011,21464,2528,2501,643,3144,19
2021-11-04,Contra Costa,013,1133247,99947,99282,2224,101506,1025
2021-11-04,Del Norte,015,27424,3696,3607,55,3662,42
2021-11-04,El Dorado,017,186661,16179,15958,1714,17672,156
2021-11-04,Fresno,019,978130,141568,139249,12910,152159,2170
2021-11-04,Glenn,021,27897,3523,3479,1017,4496,33
2021-11-04,Humboldt,023,135768,9141,8972,572,9544,109
2021-11-04,Imperial,025,180216,33909,33471,3249,36720,766
2021-11-04,Inyo,027,18085,2411,2353,43,2396,41
2021-11-04,Kern,029,883053,128675,126848,22618,149466,1684
2021-11-04,Kings,031,150075,32502,32018,1969,33987,342
2021-11-04,Lake,033,64148,6782,6695,152,6847,106
2021-11-04,Lassen,035,31185,6920,6796,385,7181,46
2021-11-04,Los Angeles,037,10098052,1444543,1433081,54816,1487897,26533
2021-11-04,Madera,039,155013,23456,22994,2148,25142,287
2021-11-04,Marin,041,260295,17666,17520,461,17981,247
2021-11-04,Mariposa,043,17540,1327,1282,49,1331,5
2021-11-04,Mendocino,045,87422,7654,7486,587,8073,85
2021-11-04,Merced,047,269075,42209,41958,1953,43911,604
2021-11-04,Modoc,049,8938,549,523,196,719,5
2021-11-04,Mono,051,14174,1737,1725,22,1747,4
2021-11-04,Monterey,053,433212,48908,47830,2967,50797,602
2021-11-04,Napa,055,140530,13057,12950,116,13066,103
2021-11-04,Nevada,057,99092,9308,9169,327,9496,91
2021-11-04,Orange,059,3164182,308612,306049,15416,321465,5611
2021-11-04,Placer,061,380077,37459,36967,3688,40655,438
2021-11-04,Plumas,063,18699,1839,1755,34,1789,7
2021-11-04,Riverside,065,2383286,365355,360584,16520,377104,5138
2021-11-04,Sacramento,067,1510023,160056,158766,4654,163420,2263
2021-11-04,San Benito,069,59416,7449,7429,171,7600,75
2021-11-04,San Bernardino,071,2135413,356227,353142,11295,364437,5813
2021-11-04,San Diego,073,3302833,375574,373423,22036,395459,4246
2021-11-04,San Francisco,075,870044,53334,52556,2356,54912,666
2021-11-04,San Joaquin,077,732212,100283,99372,5457,104829,1782
2021-11-04,San Luis Obispo,079,281455,29758,29335,1258,30593,350
2021-11-04,San Mateo,081,765935,54456,53442,890,54332,574
2021-11-04,Santa Barbara,083,443738,44672,44301,1569,45870,532
2021-11-04,Santa Clara,085,1922200,147847,146519,1378,147897,1894
2021-11-04,Santa Cruz,087,273765,20525,20311,1014,21325,222
2021-11-04,Shasta,089,179085,21679,21281,3621,24902,349
2021-11-04,Sierra,091,2930,186,181,21,202,0
2021-11-04,Siskiyou,093,43540,3353,3279,1298,4577,48
2021-11-04,Solano,095,438530,46121,45465,1282,46747,350
2021-11-04,Sonoma,097,501317,41760,41398,535,41933,395
2021-11-04,Stanislaus,099,539301,78896,78902,8924,87826,1193
2021-11-04,Sutter,101,95872,13947,13908,353,14261,180
2021-11-04,Tehama,103,63373,8590,8474,1495,9969,120
2021-11-04,Trinity,105,12862,859,732,217,949,11
2021-11-04,Tulare,107,460477,69081,67767,15256,83023,1010
2021-11-04,Tuolumne,109,53932,7325,7245,101,7346,90
2021-11-04,Ventura,111,848112,98579,97770,4330,102100,1180
2021-11-04,Yolo,113,214977,20003,19827,1148,20975,255
2021-11-04,Yuba,115,75493,10200,10107,336,10443,83
2021-11-03,Alameda,001,1643700,120043,119356,2813,122169,1428
2021-11-03,Alpine,003,1148,102,105,0,105,0
2021-11-03,Amador,005,37829,5595,5545,62,5607,66
2021-11-03,Butte,007,227075,21106,20769,3787,24556,284
2021-11-03,Calaveras,009,45235,4131,4087,54,4141,82
2021-11-03,Colusa,011,21464,2522,2499,643,3142,20
2021-11-03,Contra Costa,013,1133247,99847,99168,2219,101387,1025
2021-11-03,Del Norte,015,27424,3694,3600,54,3654,42
2021-11-03,El Dorado,017,186661,16152,15915,1710,17625,156
2021-11-03,Fresno,019,978130,141206,138873,12886,151759,2166
2021-11-03,Glenn,021,27897,3519,3470,1017,4487,33
2021-11-03,Humboldt,023,135768,9124,8949,567,9516,109
2021-11-03,Imperial,025,180216,33837,33402,3239,36641,766
2021-11-03,Inyo,027,18085,2390,2344,43,2387,41
2021-11-03,Kern,029,883053,128415,126523,22516,149039,1681
2021-11-03,Kings,031,150075,32447,31923,1962,33885,341
2021-11-03,Lake,033,64148,6766,6685,152,6837,106
2021-11-03,Lassen,035,31185,6903,6782,380,7162,46
2021-11-03,Los Angeles,037,10098052,1443193,1431209,54732,1485941,26517
2021-11-03,Madera,039,155013,23387,22893,2139,25032,287
2021-11-03,Marin,041,260295,17645,17491,457,17948,247
2021-11-03,Mariposa,043,17540,1317,1276,49,1325,5
2021-11-03,Mendocino,045,87422,7638,7457,579,8036,84
2021-11-03,Merced,047,269075,42148,41849,1943,43792,597
2021-11-03,Modoc,049,8938,549,521,194,715,5
2021-11-03,Mono,051,14174,1733,1719,22,1741,4
2021-11-03,Monterey,053,433212,48858,47794,2954,50748,601
2021-11-03,Napa,055,140530,13045,12937,115,13052,103
2021-11-03,Nevada,057,99092,9281,9131,326,9457,91
2021-11-03,Orange,059,3164182,308302,305661,15383,321044,5607
2021-11-03,Placer,061,380077,37389,36868,3683,40551,438
2021-11-03,Plumas,063,18699,1828,1739,33,1772,7
2021-11-03,Riverside,065,2383286,364897,360060,16516,376576,5131
2021-11-03,Sacramento,067,1510023,159832,158311,4643,162954,2259
2021-11-03,San Benito,069,59416,7441,7419,171,7590,75
2021-11-03,San Bernardino,071,2135413,355752,352225,11275,363500,5813
2021-11-03,San Diego,073,3302833,375074,372951,22013,394964,4241
2021-11-03,San Francisco,075,870044,53241,52493,2351,54844,663
2021-11-03,San Joaquin,077,732212,100171,99188,5446,104634,1776
2021-11-03,San Luis Obispo,079,281455,29716,29276,1252,30528,348
2021-11-03,San Mateo,081,765935,54392,53396,884,54280,571
2021-11-03,Santa Barbara,083,443738,44615,44220,1566,45786,531
2021-11-03,Santa Clara,085,1922200,147677,146259,1371,147630,1897
2021-11-03,Santa Cruz,087,273765,20490,20275,1014,21289,222
2021-11-03,Shasta,089,179085,21621,21215,3614,24829,346
2021-11-03,Sierra,091,2930,184,180,21,201,0
2021-11-03,Siskiyou,093,43540,3349,3276,1296,4572,46
2021-11-03,Solano,095,438530,46094,45411,1280,46691,351
2021-11-03,Sonoma,097,501317,41683,41326,533,41859,395
2021-11-03,Stanislaus,099,539301,78765,78736,8908,87644,1193
2021-11-03,Sutter,101,95872,13934,13876,351,14227,179
2021-11-03,Tehama,103,63373,8578,8438,1495,9933,118
2021-11-03,Trinity,105,12862,858,730,217,947,11
2021-11-03,Tulare,107,460477,68953,67588,15213,82801,1007
2021-11-03,Tuolumne,109,53932,7307,7218,99,7317,90
2021-11-03,Ventura,111,848112,98470,97682,4326,102008,1178
2021-11-03,Yolo,113,214977,19985,19758,1140,20898,250
2021-11-03,Yuba,115,75493,10188,10092,336,10428,83
2021-11-02,Alameda,001,1643700,119898,119241,2807,122048,1425
2021-11-02,Alpine,003,1148,101,105,0,105,0
2021-11-02,Amador,005,37829,5590,5535,62,5597,66
2021-11-02,Butte,007,227075,21062,20744,3776,24520,282
2021-11-02,Calaveras,009,45235,4108,4075,54,4129,82
2021-11-02,Colusa,011,21464,2517,2497,642,3139,19
2021-11-02,Contra Costa,013,1133247,99743,99080,2207,101287,1025
2021-11-02,Del Norte,015,27424,3692,3596,54,3650,42
2021-11-02,El Dorado,017,186661,16123,15883,1710,17593,154
2021-11-02,Fresno,019,978130,140882,138644,12855,151499,2158
2021-11-02,Glenn,021,27897,3511,3469,1014,4483,33
2021-11-02,Humboldt,023,135768,9082,8937,566,9503,109
2021-11-02,Imperial,025,180216,33764,33371,3227,36598,766
2021-11-02,Inyo,027,18085,2383,2324,43,2367,41
2021-11-02,Kern,029,883053,128160,126311,22394,148705,1665
2021-11-02,Kings,031,150075,32388,31896,1957,33853,339
2021-11-02,Lake,033,64148,6761,6681,151,6832,106
2021-11-02,Lassen,035,31185,6891,6777,377,7154,45
2021-11-02,Los Angeles,037,10098052,1441739,1429601,54656,1484257,26496
2021-11-02,Madera,039,155013,23306,22837,2128,24965,287
2021-11-02,Marin,041,260295,17617,17482,457,17939,247
2021-11-02,Mariposa,043,17540,1306,1270,48,1318,5
2021-11-02,Mendocino,045,87422,7614,7447,567,8014,84
2021-11-02,Merced,047,269075,42081,41785,1935,43720,596
2021-11-02,Modoc,049,8938,546,520,193,713,5
2021-11-02,Mono,051,14174,1729,1718,22,1740,4
2021-11-02,Monterey,053,433212,48807,47775,2936,50711,599
2021-11-02,Napa,055,140530,13027,12930,115,13045,104
2021-11-02,Nevada,057,99092,9251,9122,325,9447,91
2021-11-02,Orange,059,3164182,307987,305369,15336,320705,5600
2021-11-02,Placer,061,380077,37317,36817,3668,40485,438
2021-11-02,Plumas,063,18699,1817,1721,33,1754,7
2021-11-02,Riverside,065,2383286,364445,359586,16496,376082,5116
2021-11-02,Sacramento,067,1510023,159576,158112,4620,162732,2250
2021-11-02,San Benito,069,59416,7425,7407,171,7578,75
2021-11-02,San Bernardino,071,2135413,355278,351832,11221,363053,5813
2021-11-02,San Diego,073,3302833,374489,372440,21983,394423,4232
2021-11-02,San Francisco,075,870044,53122,52450,2347,54797,663
2021-11-02,San Joaquin,077,732212,100037,99076,5435,104511,1772
2021-11-02,San Luis Obispo,079,281455,29683,29224,1248,30472,348
2021-11-02,San Mateo,081,765935,54320,53351,881,54232,571
2021-11-02,Santa Barbara,083,443738,44559,44177,1563,45740,531
2021-11-02,Santa Clara,085,1922200,147483,146115,1364,147479,1896
2021-11-02,Santa Cruz,087,273765,20457,20266,1013,21279,222
2021-11-02,Shasta,089,179085,21547,21127,3604,24731,344
2021-11-02,Sierra,091,2930,184,180,20,200,0
2021-11-02,Siskiyou,093,43540,3347,3272,1293,4565,46
2021-11-02,Solano,095,438530,46054,45378,1274,46652,350
2021-11-02,Sonoma,097,501317,41602,41288,532,41820,395
2021-11-02,Stanislaus,099,539301,78610,78629,8888,87517,1193
2021-11-02,Sutter,101,95872,13914,13868,351,14219,179
2021-11-02,Tehama,103,63373,8562,8422,1492,9914,116
2021-11-02,Trinity,105,12862,858,729,217,946,11
2021-11-02,Tulare,107,460477,68828,67502,15164,82666,1002
2021-11-02,Tuolumne,109,53932,7286,7204,97,7301,90
2021-11-02,Ventura,111,848112,98365,97574,4322,101896,1178
2021-11-02,Yolo,113,214977,19955,19736,1138,20874,250
2021-11-02,Yuba,115,75493,10165,10080,334,10414,83
2021-11-01,Alameda,001,1643700,119758,119159,2804,121963,1421
2021-11-01,Alpine,003,1148,101,105,0,105,0
2021-11-01,Amador,005,37829,5588,5532,62,5594,64
2021-11-01,Butte,007,227075,21012,20710,3771,24481,281
2021-11-01,Calaveras,009,45235,4098,4059,53,4112,82
2021-11-01,Colusa,011,21464,2515,2494,639,3133,19
2021-11-01,Contra Costa,013,1133247,99618,99011,2199,101210,1025
2021-11-01,Del Norte,015,27424,3690,3594,54,3648,42
2021-11-01,El Dorado,017,186661,16099,15858,1704,17562,154
2021-11-01,Fresno,019,978130,140506,138421,12818,151239,2149
2021-11-01,Glenn,021,27897,3503,3461,1012,4473,33
2021-11-01,Humboldt,023,135768,9054,8929,562,9491,108
2021-11-01,Imperial,025,180216,33714,33342,3218,36560,766
2021-11-01,Inyo,027,18085,2371,2307,43,2350,41
2021-11-01,Kern,029,883053,127860,126092,22279,148371,1660
2021-11-01,Kings,031,150075,32335,31866,1953,33819,337
2021-11-01,Lake,033,64148,6750,6676,150,6826,106
2021-11-01,Lassen,035,31185,6876,6775,374,7149,42
2021-11-01,Los Angeles,037,10098052,1440349,1428891,54564,1483455,26483
2021-11-01,Madera,039,155013,23227,22801,2123,24924,283
2021-11-01,Marin,041,260295,17597,17460,455,17915,247
2021-11-01,Mariposa,043,17540,1298,1266,47,1313,5
2021-11-01,Mendocino,045,87422,7581,7422,549,7971,84
2021-11-01,Merced,047,269075,41990,41740,1933,43673,594
2021-11-01,Modoc,049,8938,541,520,191,711,5
2021-11-01,Mono,051,14174,1725,1714,22,1736,3
2021-11-01,Monterey,053,433212,48764,47756,2924,50680,597
2021-11-01,Napa,055,140530,13000,12916,114,13030,101
2021-11-01,Nevada,057,99092,9228,9108,324,9432,91
2021-11-01,Orange,059,3164182,307645,305192,15293,320485,5596
2021-11-01,Placer,061,380077,37234,36747,3656,40403,435
2021-11-01,Plumas,063,18699,1798,1719,33,1752,7
2021-11-01,Riverside,065,2383286,363943,359263,16474,375737,5115
2021-11-01,Sacramento,067,1510023,159304,157893,4596,162489,2239
2021-11-01,San Benito,069,59416,7415,7406,170,7576,73
2021-11-01,San Bernardino,071,2135413,354789,351620,11200,362820,5815
2021-11-01,San Diego,073,3302833,373926,372043,21965,394008,4232
2021-11-01,San Francisco,075,870044,53037,52418,2340,54758,661
2021-11-01,San Joaquin,077,732212,99874,98969,5428,104397,1772
2021-11-01,San Luis Obispo,079,281455,29639,29199,1243,30442,343
2021-11-01,San Mateo,081,765935,54253,53314,877,54191,571
2021-11-01,Santa Barbara,083,443738,44492,44146,1559,45705,529
2021-11-01,Santa Clara,085,1922200,147286,145978,1359,147337,1907
2021-11-01,Santa Cruz,087,273765,20422,20238,1013,21251,221
2021-11-01,Shasta,089,179085,21494,21104,3597,24701,338
2021-11-01,Sierra,091,2930,184,180,20,200,0
2021-11-01,Siskiyou,093,43540,3340,3272,1288,4560,46
2021-11-01,Solano,095,438530,46000,45358,1274,46632,350
2021-11-01,Sonoma,097,501317,41529,41234,531,41765,395
2021-11-01,Stanislaus,099,539301,78481,78534,8873,87407,1193
2021-11-01,Sutter,101,95872,13890,13852,349,14201,179
2021-11-01,Tehama,103,63373,8534,8412,1489,9901,116
2021-11-01,Trinity,105,12862,856,727,217,944,11
2021-11-01,Tulare,107,460477,68683,67388,15112,82500,1002
2021-11-01,Tuolumne,109,53932,7270,7175,96,7271,90
2021-11-01,Ventura,111,848112,98275,97507,4320,101827,1178
2021-11-01,Yolo,113,214977,19935,19708,1131,20839,250
2021-11-01,Yuba,115,75493,10147,10066,332,10398,83
2021-10-31,Alameda,001,1643700,119613,119071,2801,121872,1419
2021-10-31,Alpine,003,1148,101,105,0,105,0
2021-10-31,Amador,005,37829,5577,5518,62,5580,64
2021-10-31,Butte,007,227075,20951,20689,3762,24451,281
2021-10-31,Calaveras,009,45235,4080,4052,52,4104,82
2021-10-31,Colusa,011,21464,2513,2493,636,3129,18
2021-10-31,Contra Costa,013,1133247,99490,98936,2196,101132,1025
2021-10-31,Del Norte,015,27424,3684,3591,54,3645,42
2021-10-31,El Dorado,017,186661,16053,15841,1701,17542,154
2021-10-31,Fresno,019,978130,140099,138165,12781,150946,2147
2021-10-31,Glenn,021,27897,3498,3459,1012,4471,33
2021-10-31,Humboldt,023,135768,9006,8919,556,9475,108
2021-10-31,Imperial,025,180216,33639,33334,3206,36540,766
2021-10-31,Inyo,027,18085,2352,2309,43,2352,41
2021-10-31,Kern,029,883053,127491,125917,22155,148072,1666
2021-10-31,Kings,031,150075,32249,31814,1941,33755,338
2021-10-31,Lake,033,64148,6739,6665,148,6813,106
2021-10-31,Lassen,035,31185,6861,6768,369,7137,42
2021-10-31,Los Angeles,037,10098052,1438802,1427933,54479,1482412,26474
2021-10-31,Madera,039,155013,23131,22744,2110,24854,283
2021-10-31,Marin,041,260295,17569,17443,454,17897,247
2021-10-31,Mariposa,043,17540,1292,1257,46,1303,5
2021-10-31,Mendocino,045,87422,7540,7403,532,7935,84
2021-10-31,Merced,047,269075,41897,41699,1913,43612,589
2021-10-31,Modoc,049,8938,535,517,188,705,5
2021-10-31,Mono,051,14174,1721,1711,22,1733,3
2021-10-31,Monterey,053,433212,48723,47744,2906,50650,596
2021-10-31,Napa,055,140530,12983,12906,112,13018,101
2021-10-31,Nevada,057,99092,9191,9084,319,9403,91
2021-10-31,Orange,059,3164182,307296,305032,15210,320242,5596
2021-10-31,Placer,061,380077,37137,36698,3642,40340,435
2021-10-31,Plumas,063,18699,1780,1716,33,1749,7
2021-10-31,Riverside,065,2383286,363364,359005,16460,375465,5104
2021-10-31,Sacramento,067,1510023,158952,157667,4581,162248,2243
2021-10-31,San Benito,069,59416,7406,7397,168,7565,73
2021-10-31,San Bernardino,071,2135413,354256,351411,11186,362597,5810
2021-10-31,San Diego,073,3302833,373374,371603,21934,393537,4218
2021-10-31,San Francisco,075,870044,52929,52370,2334,54704,661
2021-10-31,San Joaquin,077,732212,99709,98893,5414,104307,1772
2021-10-31,San Luis Obispo,079,281455,29585,29176,1242,30418,343
2021-10-31,San Mateo,081,765935,54194,53284,875,54159,571
2021-10-31,Santa Barbara,083,443738,44422,44113,1554,45667,529
2021-10-31,Santa Clara,085,1922200,147071,145829,1345,147174,1908
2021-10-31,Santa Cruz,087,273765,20387,20218,1012,21230,221
2021-10-31,Shasta,089,179085,21411,21086,3585,24671,338
2021-10-31,Sierra,091,2930,184,180,20,200,0
2021-10-31,Siskiyou,093,43540,3334,3271,1287,4558,46
2021-10-31,Solano,095,438530,45952,45310,1267,46577,350
2021-10-31,Sonoma,097,501317,41459,41183,528,41711,395
2021-10-31,Stanislaus,099,539301,78291,78426,8856,87282,1193
2021-10-31,Sutter,101,95872,13871,13838,346,14184,179
2021-10-31,Tehama,103,63373,8503,8391,1485,9876,116
2021-10-31,Trinity,105,12862,856,724,217,941,11
2021-10-31,Tulare,107,460477,68489,67310,15021,82331,1002
2021-10-31,Tuolumne,109,53932,7241,7141,95,7236,90
2021-10-31,Ventura,111,848112,98153,97460,4315,101775,1178
2021-10-31,Yolo,113,214977,19891,19662,1125,20787,250
2021-10-31,Yuba,115,75493,10129,10051,322,10373,83
2021-10-30,Alameda,001,1643700,119553,118632,2798,121430,1419
2021-10-30,Alpine,003,1148,101,105,0,105,0
2021-10-30,Amador,005,37829,5568,5480,61,5541,64
2021-10-30,Butte,007,227075,20936,20516,3756,24272,277
2021-10-30,Calaveras,009,45235,4073,3992,52,4044,82
2021-10-30,Colusa,011,21464,2513,2484,635,3119,19
2021-10-30,Contra Costa,013,1133247,99428,98562,2195,100757,1024
2021-10-30,Del Norte,015,27424,3681,3574,54,3628,42
2021-10-30,El Dorado,017,186661,16037,15752,1696,17448,154
2021-10-30,Fresno,019,978130,139953,136901,12769,149670,2131
2021-10-30,Glenn,021,27897,3494,3442,1012,4454,33
2021-10-30,Humboldt,023,135768,8991,8871,554,9425,105
2021-10-30,Imperial,025,180216,33593,33156,3202,36358,766
2021-10-30,Inyo,027,18085,2349,2249,43,2292,41
2021-10-30,Kern,029,883053,127338,124892,22084,146976,1653
2021-10-30,Kings,031,150075,32215,31578,1937,33515,337
2021-10-30,Lake,033,64148,6734,6610,148,6758,106
2021-10-30,Lassen,035,31185,6855,6719,367,7086,42
2021-10-30,Los Angeles,037,10098052,1438078,1424257,54426,1478683,26625
2021-10-30,Madera,039,155013,23087,22524,2105,24629,283
2021-10-30,Marin,041,260295,17554,17380,452,17832,247
2021-10-30,Mariposa,043,17540,1289,1228,46,1274,5
2021-10-30,Mendocino,045,87422,7517,7338,530,7868,84
2021-10-30,Merced,047,269075,41857,41428,1911,43339,586
2021-10-30,Modoc,049,8938,533,513,187,700,5
2021-10-30,Mono,051,14174,1721,1684,22,1706,3
2021-10-30,Monterey,053,433212,48706,47649,2900,50549,588
2021-10-30,Napa,055,140530,12969,12863,111,12974,101
2021-10-30,Nevada,057,99092,9172,9015,319,9334,91
2021-10-30,Orange,059,3164182,307117,304120,15188,319308,5588
2021-10-30,Placer,061,380077,37091,36400,3636,40036,434
2021-10-30,Plumas,063,18699,1775,1695,33,1728,7
2021-10-30,Riverside,065,2383286,363062,357645,16451,374096,5088
2021-10-30,Sacramento,067,1510023,158793,157125,4572,161697,2233
2021-10-30,San Benito,069,59416,7399,7362,168,7530,71
2021-10-30,San Bernardino,071,2135413,353979,350076,11172,361248,5777
2021-10-30,San Diego,073,3302833,373011,370006,21912,391918,4213
2021-10-30,San Francisco,075,870044,52900,52161,2332,54493,661
2021-10-30,San Joaquin,077,732212,99653,98314,5413,103727,1768
2021-10-30,San Luis Obispo,079,281455,29553,29053,1239,30292,341
2021-10-30,San Mateo,081,765935,54155,53083,875,53958,571
2021-10-30,Santa Barbara,083,443738,44387,43972,1553,45525,528
2021-10-30,Santa Clara,085,1922200,146966,145262,1341,146603,1903
2021-10-30,Santa Cruz,087,273765,20369,20134,1010,21144,221
2021-10-30,Shasta,089,179085,21367,20878,3579,24457,332
2021-10-30,Sierra,091,2930,184,175,20,195,0
2021-10-30,Siskiyou,093,43540,3333,3257,1284,4541,46
2021-10-30,Solano,095,438530,45931,45146,1265,46411,346
2021-10-30,Sonoma,097,501317,41420,40924,528,41452,393
2021-10-30,Stanislaus,099,539301,78221,77871,8849,86720,1191
2021-10-30,Sutter,101,95872,13857,13773,346,14119,178
2021-10-30,Tehama,103,63373,8492,8307,1480,9787,114
2021-10-30,Trinity,105,12862,854,708,216,924,11
2021-10-30,Tulare,107,460477,68418,66745,14974,81719,995
2021-10-30,Tuolumne,109,53932,7217,7050,94,7144,90
2021-10-30,Ventura,111,848112,98104,97182,4312,101494,1174
2021-10-30,Yolo,113,214977,19872,19568,1123,20691,250
2021-10-30,Yuba,115,75493,10118,9969,322,10291,82
2021-10-29,Alameda,001,1643700,119473,118632,2793,121425,1419
2021-10-29,Alpine,003,1148,101,105,0,105,0
2021-10-29,Amador,005,37829,5557,5480,61,5541,64
2021-10-29,Butte,007,227075,20912,20516,3746,24262,277
2021-10-29,Calaveras,009,45235,4066,3992,52,4044,82
2021-10-29,Colusa,011,21464,2513,2484,633,3117,19
2021-10-29,Contra Costa,013,1133247,99360,98562,2193,100755,1024
2021-10-29,Del Norte,015,27424,3674,3574,54,3628,42
2021-10-29,El Dorado,017,186661,16023,15752,1696,17448,154
2021-10-29,Fresno,019,978130,139738,136901,12754,149655,2131
2021-10-29,Glenn,021,27897,3493,3442,1011,4453,33
2021-10-29,Humboldt,023,135768,8986,8871,553,9424,105
2021-10-29,Imperial,025,180216,33566,33156,3199,36355,766
2021-10-29,Inyo,027,18085,2346,2249,43,2292,41
2021-10-29,Kern,029,883053,127161,124892,21994,146886,1653
2021-10-29,Kings,031,150075,32181,31578,1935,33513,337
2021-10-29,Lake,033,64148,6725,6610,145,6755,106
2021-10-29,Lassen,035,31185,6846,6719,364,7083,42
2021-10-29,Los Angeles,037,10098052,1437231,1424257,54382,1478639,26625
2021-10-29,Madera,039,155013,23035,22524,2100,24624,283
2021-10-29,Marin,041,260295,17538,17380,451,17831,247
2021-10-29,Mariposa,043,17540,1285,1228,46,1274,5
2021-10-29,Mendocino,045,87422,7509,7338,530,7868,84
2021-10-29,Merced,047,269075,41807,41428,1905,43333,586
2021-10-29,Modoc,049,8938,531,513,186,699,5
2021-10-29,Mono,051,14174,1719,1684,22,1706,3
2021-10-29,Monterey,053,433212,48683,47649,2900,50549,588
2021-10-29,Napa,055,140530,12948,12863,111,12974,101
2021-10-29,Nevada,057,99092,9160,9015,319,9334,91
2021-10-29,Orange,059,3164182,306892,304120,15168,319288,5588
2021-10-29,Placer,061,380077,37055,36400,3625,40025,434
2021-10-29,Plumas,063,18699,1769,1695,33,1728,7
2021-10-29,Riverside,065,2383286,362728,357645,16446,374091,5088
2021-10-29,Sacramento,067,1510023,158604,157125,4563,161688,2233
2021-10-29,San Benito,069,59416,7396,7362,168,7530,71
2021-10-29,San Bernardino,071,2135413,353681,350076,11161,361237,5777
2021-10-29,San Diego,073,3302833,372641,370006,21884,391890,4213
2021-10-29,San Francisco,075,870044,52840,52161,2326,54487,661
2021-10-29,San Joaquin,077,732212,99596,98314,5408,103722,1768
2021-10-29,San Luis Obispo,079,281455,29527,29053,1237,30290,341
2021-10-29,San Mateo,081,765935,54112,53083,873,53956,571
2021-10-29,Santa Barbara,083,443738,44347,43972,1550,45522,528
2021-10-29,Santa Clara,085,1922200,146851,145262,1334,146596,1903
2021-10-29,Santa Cruz,087,273765,20362,20134,1009,21143,221
2021-10-29,Shasta,089,179085,21329,20878,3573,24451,332
2021-10-29,Sierra,091,2930,182,175,20,195,0
2021-10-29,Siskiyou,093,43540,3333,3257,1283,4540,46
2021-10-29,Solano,095,438530,45894,45146,1264,46410,346
2021-10-29,Sonoma,097,501317,41399,40924,528,41452,393
2021-10-29,Stanislaus,099,539301,78136,77871,8838,86709,1191
2021-10-29,Sutter,101,95872,13838,13773,346,14119,178
2021-10-29,Tehama,103,63373,8479,8307,1479,9786,114
2021-10-29,Trinity,105,12862,853,708,216,924,11
2021-10-29,Tulare,107,460477,68313,66745,14929,81674,995
2021-10-29,Tuolumne,109,53932,7204,7050,94,7144,90
2021-10-29,Ventura,111,848112,98049,97182,4308,101490,1174
2021-10-29,Yolo,113,214977,19854,19568,1118,20686,250
2021-10-29,Yuba,115,75493,10110,9969,318,10287,82
2021-10-28,Alameda,001,1643700,119351,118632,2786,121418,1419
2021-10-28,Alpine,003,1148,101,105,0,105,0
2021-10-28,Amador,005,37829,5544,5480,61,5541,64
2021-10-28,Butte,007,227075,20869,20516,3737,24253,277
2021-10-28,Calaveras,009,45235,4053,3992,52,4044,82
2021-10-28,Colusa,011,21464,2510,2484,632,3116,19
2021-10-28,Contra Costa,013,1133247,99230,98562,2188,100750,1024
2021-10-28,Del Norte,015,27424,3673,3574,54,3628,42
2021-10-28,El Dorado,017,186661,15997,15752,1693,17445,154
2021-10-28,Fresno,019,978130,139405,136901,12721,149622,2131
2021-10-28,Glenn,021,27897,3490,3442,1009,4451,33
2021-10-28,Humboldt,023,135768,8970,8871,548,9419,105
2021-10-28,Imperial,025,180216,33500,33156,3192,36348,766
2021-10-28,Inyo,027,18085,2329,2249,43,2292,41
2021-10-28,Kern,029,883053,126914,124892,21880,146772,1653
2021-10-28,Kings,031,150075,32112,31578,1930,33508,337
2021-10-28,Lake,033,64148,6715,6610,145,6755,106
2021-10-28,Lassen,035,31185,6836,6719,360,7079,42
2021-10-28,Los Angeles,037,10098052,1436089,1424257,54309,1478566,26625
2021-10-28,Madera,039,155013,22981,22524,2089,24613,283
2021-10-28,Marin,041,260295,17520,17380,450,17830,247
2021-10-28,Mariposa,043,17540,1281,1228,46,1274,5
2021-10-28,Mendocino,045,87422,7496,7338,519,7857,84
2021-10-28,Merced,047,269075,41722,41428,1893,43321,586
2021-10-28,Modoc,049,8938,530,513,186,699,5
2021-10-28,Mono,051,14174,1713,1684,22,1706,3
2021-10-28,Monterey,053,433212,48652,47649,2883,50532,588
2021-10-28,Napa,055,140530,12939,12863,110,12973,101
2021-10-28,Nevada,057,99092,9142,9015,319,9334,91
2021-10-28,Orange,059,3164182,306605,304120,15103,319223,5588
2021-10-28,Placer,061,380077,36976,36400,3616,40016,434
2021-10-28,Plumas,063,18699,1761,1695,33,1728,7
2021-10-28,Riverside,065,2383286,362290,357645,16422,374067,5088
2021-10-28,Sacramento,067,1510023,158338,157125,4551,161676,2233
2021-10-28,San Benito,069,59416,7388,7362,168,7530,71
2021-10-28,San Bernardino,071,2135413,353266,350076,11139,361215,5777
2021-10-28,San Diego,073,3302833,372185,370006,21861,391867,4213
2021-10-28,San Francisco,075,870044,52794,52161,2319,54480,661
2021-10-28,San Joaquin,077,732212,99468,98314,5407,103721,1768
2021-10-28,San Luis Obispo,079,281455,29498,29053,1234,30287,341
2021-10-28,San Mateo,081,765935,54067,53083,871,53954,571
2021-10-28,Santa Barbara,083,443738,44308,43972,1548,45520,528
2021-10-28,Santa Clara,085,1922200,146694,145262,1329,146591,1903
2021-10-28,Santa Cruz,087,273765,20338,20134,1009,21143,221
2021-10-28,Shasta,089,179085,21255,20878,3566,24444,332
2021-10-28,Sierra,091,2930,181,175,20,195,0
2021-10-28,Siskiyou,093,43540,3332,3257,1283,4540,46
2021-10-28,Solano,095,438530,45855,45146,1263,46409,346
2021-10-28,Sonoma,097,501317,41331,40924,527,41451,393
2021-10-28,Stanislaus,099,539301,77983,77871,8822,86693,1191
2021-10-28,Sutter,101,95872,13825,13773,342,14115,178
2021-10-28,Tehama,103,63373,8442,8307,1476,9783,114
2021-10-28,Trinity,105,12862,850,708,216,924,11
2021-10-28,Tulare,107,460477,68174,66745,14873,81618,995
2021-10-28,Tuolumne,109,53932,7173,7050,94,7144,90
2021-10-28,Ventura,111,848112,97964,97182,4305,101487,1174
2021-10-28,Yolo,113,214977,19816,19568,1113,20681,250
2021-10-28,Yuba,115,75493,10081,9969,315,10284,82
2021-10-27,Alameda,001,1643700,119228,118487,2784,121271,1414
2021-10-27,Alpine,003,1148,101,105,0,105,0
2021-10-27,Amador,005,37829,5532,5470,60,5530,64
2021-10-27,Butte,007,227075,20825,20446,3723,24169,274
2021-10-27,Calaveras,009,45235,4035,3970,51,4021,82
2021-10-27,Colusa,011,21464,2509,2480,631,3111,18
2021-10-27,Contra Costa,013,1133247,99122,98442,2176,100618,1018
2021-10-27,Del Norte,015,27424,3666,3571,53,3624,42
2021-10-27,El Dorado,017,186661,15966,15723,1688,17411,154
2021-10-27,Fresno,019,978130,139023,136447,12687,149134,2128
2021-10-27,Glenn,021,27897,3488,3435,1008,4443,33
2021-10-27,Humboldt,023,135768,8950,8851,546,9397,105
2021-10-27,Imperial,025,180216,33460,33068,3187,36255,766
2021-10-27,Inyo,027,18085,2309,2236,43,2279,41
2021-10-27,Kern,029,883053,126645,124557,21780,146337,1647
2021-10-27,Kings,031,150075,32046,31437,1924,33361,335
2021-10-27,Lake,033,64148,6689,6589,145,6734,105
2021-10-27,Lassen,035,31185,6823,6706,358,7064,42
2021-10-27,Los Angeles,037,10098052,1434856,1422615,54251,1476866,26604
2021-10-27,Madera,039,155013,22896,22413,2065,24478,283
2021-10-27,Marin,041,260295,17505,17362,450,17812,247
2021-10-27,Mariposa,043,17540,1268,1228,46,1274,5
2021-10-27,Mendocino,045,87422,7482,7321,512,7833,84
2021-10-27,Merced,047,269075,41625,41310,1879,43189,583
2021-10-27,Modoc,049,8938,526,513,186,699,5
2021-10-27,Mono,051,14174,1710,1682,22,1704,3
2021-10-27,Monterey,053,433212,48615,47610,2862,50472,588
2021-10-27,Napa,055,140530,12924,12856,109,12965,101
2021-10-27,Nevada,057,99092,9124,8987,318,9305,90
2021-10-27,Orange,059,3164182,306284,303825,15053,318878,5584
2021-10-27,Placer,061,380077,36911,36296,3609,39905,434
2021-10-27,Plumas,063,18699,1753,1686,33,1719,7
2021-10-27,Riverside,065,2383286,361860,357152,16414,373566,5081
2021-10-27,Sacramento,067,1510023,158070,156830,4530,161360,2230
2021-10-27,San Benito,069,59416,7381,7337,168,7505,71
2021-10-27,San Bernardino,071,2135413,352843,349624,11117,360741,5770
2021-10-27,San Diego,073,3302833,371629,369579,21837,391416,4207
2021-10-27,San Francisco,075,870044,52743,52108,2315,54423,655
2021-10-27,San Joaquin,077,732212,99310,98168,5392,103560,1753
2021-10-27,San Luis Obispo,079,281455,29459,29002,1232,30234,341
2021-10-27,San Mateo,081,765935,54012,53032,863,53895,571
2021-10-27,Santa Barbara,083,443738,44255,43901,1545,45446,527
2021-10-27,Santa Clara,085,1922200,146517,145081,1321,146402,1902
2021-10-27,Santa Cruz,087,273765,20311,20091,1007,21098,221
2021-10-27,Shasta,089,179085,21179,20813,3558,24371,331
2021-10-27,Sierra,091,2930,180,176,20,196,0
2021-10-27,Siskiyou,093,43540,3329,3256,1279,4535,46
2021-10-27,Solano,095,438530,45810,45089,1255,46344,346
2021-10-27,Sonoma,097,501317,41255,40829,525,41354,393
2021-10-27,Stanislaus,099,539301,77823,77687,8807,86494,1191
2021-10-27,Sutter,101,95872,13811,13754,342,14096,177
2021-10-27,Tehama,103,63373,8420,8265,1474,9739,113
2021-10-27,Trinity,105,12862,850,706,215,921,11
2021-10-27,Tulare,107,460477,68020,66568,14815,81383,991
2021-10-27,Tuolumne,109,53932,7146,7009,93,7102,90
2021-10-27,Ventura,111,848112,97872,97108,4300,101408,1172
2021-10-27,Yolo,113,214977,19787,19517,1106,20623,250
2021-10-27,Yuba,115,75493,10060,9945,313,10258,82
2021-10-26,Alameda,001,1643700,119091,118360,2782,121142,1407
2021-10-26,Alpine,003,1148,101,105,0,105,0
2021-10-26,Amador,005,37829,5524,5465,59,5524,64
2021-10-26,Butte,007,227075,20766,20387,3706,24093,274
2021-10-26,Calaveras,009,45235,4024,3966,51,4017,81
2021-10-26,Colusa,011,21464,2507,2478,630,3108,18
2021-10-26,Contra Costa,013,1133247,99000,98352,2165,100517,1017
2021-10-26,Del Norte,015,27424,3661,3563,53,3616,42
2021-10-26,El Dorado,017,186661,15938,15690,1679,17369,153
2021-10-26,Fresno,019,978130,138574,136211,12642,148853,2122
2021-10-26,Glenn,021,27897,3473,3431,1005,4436,33
2021-10-26,Humboldt,023,135768,8932,8830,540,9370,105
2021-10-26,Imperial,025,180216,33395,33012,3182,36194,766
2021-10-26,Inyo,027,18085,2294,2200,43,2243,41
2021-10-26,Kern,029,883053,126302,124351,21660,146011,1645
2021-10-26,Kings,031,150075,31979,31382,1917,33299,336
2021-10-26,Lake,033,64148,6679,6584,143,6727,105
2021-10-26,Lassen,035,31185,6802,6689,356,7045,42
2021-10-26,Los Angeles,037,10098052,1433509,1421795,54181,1475976,26599
2021-10-26,Madera,039,155013,22806,22363,2054,24417,283
2021-10-26,Marin,041,260295,17488,17354,449,17803,244
2021-10-26,Mariposa,043,17540,1263,1225,45,1270,5
2021-10-26,Mendocino,045,87422,7453,7308,495,7803,83
2021-10-26,Merced,047,269075,41547,41267,1871,43138,583
2021-10-26,Modoc,049,8938,526,513,186,699,5
2021-10-26,Mono,051,14174,1705,1680,22,1702,3
2021-10-26,Monterey,053,433212,48576,47572,2852,50424,588
2021-10-26,Napa,055,140530,12912,12849,109,12958,101
2021-10-26,Nevada,057,99092,9093,8971,317,9288,90
2021-10-26,Orange,059,3164182,306014,303533,15014,318547,5580
2021-10-26,Placer,061,380077,36814,36245,3603,39848,434
2021-10-26,Plumas,063,18699,1744,1645,33,1678,7
2021-10-26,Riverside,065,2383286,361370,356775,16404,373179,5068
2021-10-26,Sacramento,067,1510023,157769,156643,4513,161156,2228
2021-10-26,San Benito,069,59416,7358,7325,168,7493,71
2021-10-26,San Bernardino,071,2135413,352421,349346,11102,360448,5764
2021-10-26,San Diego,073,3302833,371113,369043,21807,390850,4198
2021-10-26,San Francisco,075,870044,52668,52063,2312,54375,655
2021-10-26,San Joaquin,077,732212,99131,98036,5377,103413,1748
2021-10-26,San Luis Obispo,079,281455,29420,28928,1226,30154,337
2021-10-26,San Mateo,081,765935,53940,52974,860,53834,571
2021-10-26,Santa Barbara,083,443738,44209,43835,1544,45379,525
2021-10-26,Santa Clara,085,1922200,146318,144932,1315,146247,1903
2021-10-26,Santa Cruz,087,273765,20280,20067,1006,21073,221
2021-10-26,Shasta,089,179085,21118,20725,3540,24265,330
2021-10-26,Sierra,091,2930,180,169,20,189,0
2021-10-26,Siskiyou,093,43540,3323,3254,1277,4531,46
2021-10-26,Solano,095,438530,45754,45044,1254,46298,344
2021-10-26,Sonoma,097,501317,41173,40794,523,41317,393
2021-10-26,Stanislaus,099,539301,77649,77552,8782,86334,1157
2021-10-26,Sutter,101,95872,13782,13739,341,14080,176
2021-10-26,Tehama,103,63373,8392,8247,1468,9715,112
2021-10-26,Trinity,105,12862,846,705,215,920,11
2021-10-26,Tulare,107,460477,67860,66476,14754,81230,991
2021-10-26,Tuolumne,109,53932,7120,6995,91,7086,90
2021-10-26,Ventura,111,848112,97763,97014,4296,101310,1170
2021-10-26,Yolo,113,214977,19758,19490,1103,20593,248
2021-10-26,Yuba,115,75493,10042,9927,308,10235,82
2021-10-25,Alameda,001,1643700,118946,118319,2780,121099,1404
2021-10-25,Alpine,003,1148,101,105,0,105,0
2021-10-25,Amador,005,37829,5510,5455,59,5514,64
2021-10-25,Butte,007,227075,20692,20331,3698,24029,273
2021-10-25,Calaveras,009,45235,3994,3942,50,3992,82
2021-10-25,Colusa,011,21464,2505,2471,628,3099,18
2021-10-25,Contra Costa,013,1133247,98883,98267,2161,100428,1017
2021-10-25,Del Norte,015,27424,3654,3562,53,3615,42
2021-10-25,El Dorado,017,186661,15903,15663,1677,17340,149
2021-10-25,Fresno,019,978130,138139,135974,12603,148577,2112
2021-10-25,Glenn,021,27897,3470,3421,1004,4425,33
2021-10-25,Humboldt,023,135768,8909,8825,535,9360,105
2021-10-25,Imperial,025,180216,33333,32968,3171,36139,766
2021-10-25,Inyo,027,18085,2276,2183,43,2226,41
2021-10-25,Kern,029,883053,125950,124078,21521,145599,1649
2021-10-25,Kings,031,150075,31890,31329,1908,33237,335
2021-10-25,Lake,033,64148,6666,6571,143,6714,105
2021-10-25,Lassen,035,31185,6791,6688,354,7042,42
2021-10-25,Los Angeles,037,10098052,1432138,1421061,54114,1475175,26579
2021-10-25,Madera,039,155013,22752,22325,2047,24372,281
2021-10-25,Marin,041,260295,17466,17334,447,17781,244
2021-10-25,Mariposa,043,17540,1249,1220,45,1265,5
2021-10-25,Mendocino,045,87422,7423,7296,491,7787,82
2021-10-25,Merced,047,269075,41479,41207,1844,43051,583
2021-10-25,Modoc,049,8938,524,512,184,696,5
2021-10-25,Mono,051,14174,1697,1677,22,1699,3
2021-10-25,Monterey,053,433212,48543,47547,2850,50397,587
2021-10-25,Napa,055,140530,12899,12841,109,12950,100
2021-10-25,Nevada,057,99092,9067,8958,317,9275,90
2021-10-25,Orange,059,3164182,305717,303279,14976,318255,5574
2021-10-25,Placer,061,380077,36706,36153,3593,39746,431
2021-10-25,Plumas,063,18699,1732,1641,33,1674,7
2021-10-25,Riverside,065,2383286,360943,356381,16389,372770,5056
2021-10-25,Sacramento,067,1510023,157466,156516,4487,161003,2235
2021-10-25,San Benito,069,59416,7345,7314,167,7481,71
2021-10-25,San Bernardino,071,2135413,351924,349075,11090,360165,5748
2021-10-25,San Diego,073,3302833,370545,368386,21779,390165,4196
2021-10-25,San Francisco,075,870044,52595,52041,2305,54346,649
2021-10-25,San Joaquin,077,732212,98929,97980,5368,103348,1740
2021-10-25,San Luis Obispo,079,281455,29372,28907,1221,30128,336
2021-10-25,San Mateo,081,765935,53880,52927,856,53783,571
2021-10-25,Santa Barbara,083,443738,44150,43775,1544,45319,525
2021-10-25,Santa Clara,085,1922200,146127,144895,1310,146205,1901
2021-10-25,Santa Cruz,087,273765,20251,20053,1005,21058,221
2021-10-25,Shasta,089,179085,21046,20666,3533,24199,326
2021-10-25,Sierra,091,2930,180,168,20,188,0
2021-10-25,Siskiyou,093,43540,3319,3248,1272,4520,46
2021-10-25,Solano,095,438530,45693,45022,1252,46274,344
2021-10-25,Sonoma,097,501317,41100,40746,521,41267,393
2021-10-25,Stanislaus,099,539301,77457,77452,8753,86205,1145
2021-10-25,Sutter,101,95872,13769,13721,338,14059,176
2021-10-25,Tehama,103,63373,8365,8224,1464,9688,111
2021-10-25,Trinity,105,12862,841,699,214,913,11
2021-10-25,Tulare,107,460477,67665,66357,14692,81049,986
2021-10-25,Tuolumne,109,53932,7086,6952,89,7041,90
2021-10-25,Ventura,111,848112,97672,96932,4293,101225,1167
2021-10-25,Yolo,113,214977,19709,19457,1099,20556,248
2021-10-25,Yuba,115,75493,10026,9924,304,10228,82
2021-10-24,Alameda,001,1643700,118815,117816,2775,120591,1397
2021-10-24,Alpine,003,1148,101,105,0,105,0
2021-10-24,Amador,005,37829,5505,5412,59,5471,64
2021-10-24,Butte,007,227075,20621,20101,3686,23787,273
2021-10-24,Calaveras,009,45235,3975,3865,49,3914,81
2021-10-24,Colusa,011,21464,2501,2458,625,3083,18
2021-10-24,Contra Costa,013,1133247,98765,97855,2152,100007,1008
2021-10-24,Del Norte,015,27424,3650,3540,53,3593,42
2021-10-24,El Dorado,017,186661,15867,15540,1673,17213,149
2021-10-24,Fresno,019,978130,137703,134466,12554,147020,2094
2021-10-24,Glenn,021,27897,3463,3399,1002,4401,33
2021-10-24,Humboldt,023,135768,8896,8753,529,9282,105
2021-10-24,Imperial,025,180216,33255,32777,3164,35941,766
2021-10-24,Inyo,027,18085,2244,2108,43,2151,41
2021-10-24,Kern,029,883053,125616,122939,21403,144342,1636
2021-10-24,Kings,031,150075,31761,30942,1892,32834,325
2021-10-24,Lake,033,64148,6643,6501,142,6643,105
2021-10-24,Lassen,035,31185,6774,6632,353,6985,27
2021-10-24,Los Angeles,037,10098052,1430689,1415919,54046,1469965,26527
2021-10-24,Madera,039,155013,22675,22062,2034,24096,281
2021-10-24,Marin,041,260295,17450,17264,446,17710,244
2021-10-24,Mariposa,043,17540,1246,1184,45,1229,5
2021-10-24,Mendocino,045,87422,7399,7220,480,7700,82
2021-10-24,Merced,047,269075,41358,40808,1838,42646,581
2021-10-24,Modoc,049,8938,523,507,184,691,5
2021-10-24,Mono,051,14174,1692,1655,22,1677,3
2021-10-24,Monterey,053,433212,48495,47456,2839,50295,586
2021-10-24,Napa,055,140530,12888,12789,109,12898,100
2021-10-24,Nevada,057,99092,9044,8861,314,9175,90
2021-10-24,Orange,059,3164182,305367,302237,14938,317175,5546
2021-10-24,Placer,061,380077,36602,35822,3579,39401,426
2021-10-24,Plumas,063,18699,1722,1623,32,1655,7
2021-10-24,Riverside,065,2383286,360469,354688,16369,371057,5041
2021-10-24,Sacramento,067,1510023,157125,155125,4464,159589,2232
2021-10-24,San Benito,069,59416,7325,7280,167,7447,71
2021-10-24,San Bernardino,071,2135413,351373,347681,11078,358759,5688
2021-10-24,San Diego,073,3302833,369962,366085,21748,387833,4183
2021-10-24,San Francisco,075,870044,52532,51820,2299,54119,649
2021-10-24,San Joaquin,077,732212,98756,97440,5362,102802,1721
2021-10-24,San Luis Obispo,079,281455,29311,28755,1214,29969,333
2021-10-24,San Mateo,081,765935,53808,52719,856,53575,571
2021-10-24,Santa Barbara,083,443738,44083,43552,1542,45094,523
2021-10-24,Santa Clara,085,1922200,145936,144276,1300,145576,1897
2021-10-24,Santa Cruz,087,273765,20213,19967,1004,20971,221
2021-10-24,Shasta,089,179085,20947,20386,3527,23913,321
2021-10-24,Sierra,091,2930,180,168,20,188,0
2021-10-24,Siskiyou,093,43540,3312,3231,1268,4499,46
2021-10-24,Solano,095,438530,45643,44861,1247,46108,341
2021-10-24,Sonoma,097,501317,41017,40476,521,40997,393
2021-10-24,Stanislaus,099,539301,77266,76812,8741,85553,1145
2021-10-24,Sutter,101,95872,13742,13616,330,13946,175
2021-10-24,Tehama,103,63373,8317,8105,1452,9557,110
2021-10-24,Trinity,105,12862,837,696,211,907,11
2021-10-24,Tulare,107,460477,67493,65585,14619,80204,978
2021-10-24,Tuolumne,109,53932,7046,6840,87,6927,90
2021-10-24,Ventura,111,848112,97565,96664,4292,100956,1167
2021-10-24,Yolo,113,214977,19660,19280,1096,20376,248
2021-10-24,Yuba,115,75493,10001,9838,303,10141,82
2021-10-23,Alameda,001,1643700,118727,117816,2770,120586,1397
2021-10-23,Alpine,003,1148,101,105,0,105,0
2021-10-23,Amador,005,37829,5498,5412,59,5471,64
2021-10-23,Butte,007,227075,20585,20101,3677,23778,273
2021-10-23,Calaveras,009,45235,3968,3865,48,3913,81
2021-10-23,Colusa,011,21464,2499,2458,624,3082,18
2021-10-23,Contra Costa,013,1133247,98713,97855,2148,100003,1008
2021-10-23,Del Norte,015,27424,3648,3540,53,3593,42
2021-10-23,El Dorado,017,186661,15841,15540,1671,17211,149
2021-10-23,Fresno,019,978130,137525,134466,12540,147006,2094
2021-10-23,Glenn,021,27897,3461,3399,1001,4400,33
2021-10-23,Humboldt,023,135768,8882,8753,524,9277,105
2021-10-23,Imperial,025,180216,33208,32777,3160,35937,766
2021-10-23,Inyo,027,18085,2233,2108,43,2151,41
2021-10-23,Kern,029,883053,125457,122939,21315,144254,1636
2021-10-23,Kings,031,150075,31715,30942,1890,32832,325
2021-10-23,Lake,033,64148,6638,6501,142,6643,105
2021-10-23,Lassen,035,31185,6771,6632,351,6983,27
2021-10-23,Los Angeles,037,10098052,1430013,1415919,53991,1469910,26527
2021-10-23,Madera,039,155013,22626,22062,2026,24088,281
2021-10-23,Marin,041,260295,17433,17264,445,17709,244
2021-10-23,Mariposa,043,17540,1243,1184,44,1228,5
2021-10-23,Mendocino,045,87422,7392,7220,479,7699,82
2021-10-23,Merced,047,269075,41317,40808,1833,42641,581
2021-10-23,Modoc,049,8938,521,507,184,691,5
2021-10-23,Mono,051,14174,1686,1655,22,1677,3
2021-10-23,Monterey,053,433212,48478,47456,2835,50291,586
2021-10-23,Napa,055,140530,12883,12789,109,12898,100
2021-10-23,Nevada,057,99092,9033,8861,312,9173,90
2021-10-23,Orange,059,3164182,305180,302237,14922,317159,5546
2021-10-23,Placer,061,380077,36540,35822,3573,39395,426
2021-10-23,Plumas,063,18699,1721,1623,32,1655,7
2021-10-23,Riverside,065,2383286,360148,354688,16362,371050,5041
2021-10-23,Sacramento,067,1510023,156996,155125,4455,159580,2232
2021-10-23,San Benito,069,59416,7315,7280,167,7447,71
2021-10-23,San Bernardino,071,2135413,351104,347681,11071,358752,5688
2021-10-23,San Diego,073,3302833,369621,366085,21717,387802,4183
2021-10-23,San Francisco,075,870044,52497,51820,2298,54118,649
2021-10-23,San Joaquin,077,732212,98688,97440,5353,102793,1721
2021-10-23,San Luis Obispo,079,281455,29274,28755,1212,29967,333
2021-10-23,San Mateo,081,765935,53770,52719,855,53574,571
2021-10-23,Santa Barbara,083,443738,44052,43552,1540,45092,523
2021-10-23,Santa Clara,085,1922200,145828,144276,1296,145572,1897
2021-10-23,Santa Cruz,087,273765,20201,19967,1004,20971,221
2021-10-23,Shasta,089,179085,20911,20386,3515,23901,321
2021-10-23,Sierra,091,2930,179,168,20,188,0
2021-10-23,Siskiyou,093,43540,3310,3231,1268,4499,46
2021-10-23,Solano,095,438530,45618,44861,1244,46105,341
2021-10-23,Sonoma,097,501317,40977,40476,521,40997,393
2021-10-23,Stanislaus,099,539301,77177,76812,8721,85533,1145
2021-10-23,Sutter,101,95872,13736,13616,329,13945,175
2021-10-23,Tehama,103,63373,8305,8105,1451,9556,110
2021-10-23,Trinity,105,12862,836,696,211,907,11
2021-10-23,Tulare,107,460477,67405,65585,14560,80145,978
2021-10-23,Tuolumne,109,53932,7025,6840,87,6927,90
2021-10-23,Ventura,111,848112,97504,96664,4292,100956,1167
2021-10-23,Yolo,113,214977,19643,19280,1093,20373,248
2021-10-23,Yuba,115,75493,9993,9838,303,10141,82
2021-10-22,Alameda,001,1643700,118643,117816,2767,120583,1397
2021-10-22,Alpine,003,1148,101,105,0,105,0
2021-10-22,Amador,005,37829,5487,5412,59,5471,64
2021-10-22,Butte,007,227075,20553,20101,3673,23774,273
2021-10-22,Calaveras,009,45235,3960,3865,48,3913,81
2021-10-22,Colusa,011,21464,2496,2458,624,3082,18
2021-10-22,Contra Costa,013,1133247,98622,97855,2146,100001,1008
2021-10-22,Del Norte,015,27424,3644,3540,53,3593,42
2021-10-22,El Dorado,017,186661,15828,15540,1669,17209,149
2021-10-22,Fresno,019,978130,137309,134466,12518,146984,2094
2021-10-22,Glenn,021,27897,3451,3399,1001,4400,33
2021-10-22,Humboldt,023,135768,8868,8753,523,9276,105
2021-10-22,Imperial,025,180216,33165,32777,3160,35937,766
2021-10-22,Inyo,027,18085,2220,2108,43,2151,41
2021-10-22,Kern,029,883053,125270,122939,21242,144181,1636
2021-10-22,Kings,031,150075,31680,30942,1889,32831,325
2021-10-22,Lake,033,64148,6628,6501,142,6643,105
2021-10-22,Lassen,035,31185,6764,6632,348,6980,27
2021-10-22,Los Angeles,037,10098052,1429258,1415919,53932,1469851,26527
2021-10-22,Madera,039,155013,22576,22062,2013,24075,281
2021-10-22,Marin,041,260295,17421,17264,445,17709,244
2021-10-22,Mariposa,043,17540,1240,1184,44,1228,5
2021-10-22,Mendocino,045,87422,7378,7220,478,7698,82
2021-10-22,Merced,047,269075,41280,40808,1826,42634,581
2021-10-22,Modoc,049,8938,521,507,184,691,5
2021-10-22,Mono,051,14174,1684,1655,22,1677,3
2021-10-22,Monterey,053,433212,48445,47456,2833,50289,586
2021-10-22,Napa,055,140530,12877,12789,109,12898,100
2021-10-22,Nevada,057,99092,9016,8861,311,9172,90
2021-10-22,Orange,059,3164182,304964,302237,14891,317128,5546
2021-10-22,Placer,061,380077,36512,35822,3564,39386,426
2021-10-22,Plumas,063,18699,1715,1623,32,1655,7
2021-10-22,Riverside,065,2383286,359837,354688,16357,371045,5041
2021-10-22,Sacramento,067,1510023,156810,155125,4445,159570,2232
2021-10-22,San Benito,069,59416,7310,7280,167,7447,71
2021-10-22,San Bernardino,071,2135413,350775,347681,11056,358737,5688
2021-10-22,San Diego,073,3302833,369223,366085,21699,387784,4183
2021-10-22,San Francisco,075,870044,52462,51820,2291,54111,649
2021-10-22,San Joaquin,077,732212,98629,97440,5350,102790,1721
2021-10-22,San Luis Obispo,079,281455,29244,28755,1212,29967,333
2021-10-22,San Mateo,081,765935,53719,52719,848,53567,571
2021-10-22,Santa Barbara,083,443738,44011,43552,1540,45092,523
2021-10-22,Santa Clara,085,1922200,145672,144276,1289,145565,1897
2021-10-22,Santa Cruz,087,273765,20179,19967,1004,20971,221
2021-10-22,Shasta,089,179085,20878,20386,3512,23898,321
2021-10-22,Sierra,091,2930,178,168,19,187,0
2021-10-22,Siskiyou,093,43540,3308,3231,1265,4496,46
2021-10-22,Solano,095,438530,45583,44861,1240,46101,341
2021-10-22,Sonoma,097,501317,40920,40476,521,40997,393
2021-10-22,Stanislaus,099,539301,77074,76812,8703,85515,1145
2021-10-22,Sutter,101,95872,13721,13616,329,13945,175
2021-10-22,Tehama,103,63373,8283,8105,1446,9551,110
2021-10-22,Trinity,105,12862,835,696,211,907,11
2021-10-22,Tulare,107,460477,67319,65585,14506,80091,978
2021-10-22,Tuolumne,109,53932,6990,6840,87,6927,90
2021-10-22,Ventura,111,848112,97451,96664,4286,100950,1167
2021-10-22,Yolo,113,214977,19616,19280,1091,20371,248
2021-10-22,Yuba,115,75493,9979,9838,301,10139,82
2021-10-21,Alameda,001,1643700,118527,117816,2762,120578,1397
2021-10-21,Alpine,003,1148,101,105,0,105,0
2021-10-21,Amador,005,37829,5479,5412,59,5471,64
2021-10-21,Butte,007,227075,20469,20101,3660,23761,273
2021-10-21,Calaveras,009,45235,3941,3865,48,3913,81
2021-10-21,Colusa,011,21464,2492,2458,620,3078,18
2021-10-21,Contra Costa,013,1133247,98507,97855,2140,99995,1008
2021-10-21,Del Norte,015,27424,3638,3540,52,3592,42
2021-10-21,El Dorado,017,186661,15800,15540,1662,17202,149
2021-10-21,Fresno,019,978130,136959,134466,12474,146940,2094
2021-10-21,Glenn,021,27897,3447,3399,998,4397,33
2021-10-21,Humboldt,023,135768,8854,8753,519,9272,105
2021-10-21,Imperial,025,180216,33110,32777,3156,35933,766
2021-10-21,Inyo,027,18085,2198,2108,43,2151,41
2021-10-21,Kern,029,883053,125022,122939,21131,144070,1636
2021-10-21,Kings,031,150075,31582,30942,1883,32825,325
2021-10-21,Lake,033,64148,6614,6501,141,6642,105
2021-10-21,Lassen,035,31185,6751,6632,344,6976,27
2021-10-21,Los Angeles,037,10098052,1428142,1415919,53881,1469800,26527
2021-10-21,Madera,039,155013,22518,22062,2003,24065,281
2021-10-21,Marin,041,260295,17403,17264,445,17709,244
2021-10-21,Mariposa,043,17540,1234,1184,43,1227,5
2021-10-21,Mendocino,045,87422,7360,7220,471,7691,82
2021-10-21,Merced,047,269075,41183,40808,1815,42623,581
2021-10-21,Modoc,049,8938,521,507,184,691,5
2021-10-21,Mono,051,14174,1675,1655,22,1677,3
2021-10-21,Monterey,053,433212,48411,47456,2821,50277,586
2021-10-21,Napa,055,140530,12865,12789,109,12898,100
2021-10-21,Nevada,057,99092,8991,8861,311,9172,90
2021-10-21,Orange,059,3164182,304692,302237,14855,317092,5546
2021-10-21,Placer,061,380077,36423,35822,3551,39373,426
2021-10-21,Plumas,063,18699,1701,1623,32,1655,7
2021-10-21,Riverside,065,2383286,359392,354688,16346,371034,5041
2021-10-21,Sacramento,067,1510023,156491,155125,4419,159544,2232
2021-10-21,San Benito,069,59416,7303,7280,165,7445,71
2021-10-21,San Bernardino,071,2135413,350397,347681,11021,358702,5688
2021-10-21,San Diego,073,3302833,368712,366085,21669,387754,4183
2021-10-21,San Francisco,075,870044,52407,51820,2290,54110,649
2021-10-21,San Joaquin,077,732212,98490,97440,5343,102783,1721
2021-10-21,San Luis Obispo,079,281455,29202,28755,1210,29965,333
2021-10-21,San Mateo,081,765935,53672,52719,847,53566,571
2021-10-21,Santa Barbara,083,443738,43945,43552,1538,45090,523
2021-10-21,Santa Clara,085,1922200,145501,144276,1285,145561,1897
2021-10-21,Santa Cruz,087,273765,20155,19967,1002,20969,221
2021-10-21,Shasta,089,179085,20816,20386,3497,23883,321
2021-10-21,Sierra,091,2930,177,168,18,186,0
2021-10-21,Siskiyou,093,43540,3303,3231,1263,4494,46
2021-10-21,Solano,095,438530,45531,44861,1238,46099,341
2021-10-21,Sonoma,097,501317,40851,40476,519,40995,393
2021-10-21,Stanislaus,099,539301,76905,76812,8692,85504,1145
2021-10-21,Sutter,101,95872,13693,13616,325,13941,175
2021-10-21,Tehama,103,63373,8256,8105,1439,9544,110
2021-10-21,Trinity,105,12862,833,696,211,907,11
2021-10-21,Tulare,107,460477,67129,65585,14435,80020,978
2021-10-21,Tuolumne,109,53932,6952,6840,86,6926,90
2021-10-21,Ventura,111,848112,97360,96664,4284,100948,1167
2021-10-21,Yolo,113,214977,19569,19280,1089,20369,248
2021-10-21,Yuba,115,75493,9955,9838,300,10138,82
2021-10-20,Alameda,001,1643700,118407,117654,2762,120416,1390
2021-10-20,Alpine,003,1148,101,103,0,103,0
2021-10-20,Amador,005,37829,5471,5379,59,5438,64
2021-10-20,Butte,007,227075,20415,20021,3645,23666,270
2021-10-20,Calaveras,009,45235,3921,3844,47,3891,81
2021-10-20,Colusa,011,21464,2488,2454,618,3072,18
2021-10-20,Contra Costa,013,1133247,98391,97721,2136,99857,1008
2021-10-20,Del Norte,015,27424,3634,3536,52,3588,42
2021-10-20,El Dorado,017,186661,15770,15502,1659,17161,149
2021-10-20,Fresno,019,978130,136557,134025,12437,146462,2084
2021-10-20,Glenn,021,27897,3439,3382,997,4379,33
2021-10-20,Humboldt,023,135768,8832,8727,517,9244,105
2021-10-20,Imperial,025,180216,33036,32705,3148,35853,766
2021-10-20,Inyo,027,18085,2178,2077,42,2119,40
2021-10-20,Kern,029,883053,124728,122630,21010,143640,1623
2021-10-20,Kings,031,150075,31505,30805,1873,32678,322
2021-10-20,Lake,033,64148,6592,6475,140,6615,104
2021-10-20,Lassen,035,31185,6736,6622,344,6966,27
2021-10-20,Los Angeles,037,10098052,1427022,1414931,53809,1468740,26506
2021-10-20,Madera,039,155013,22448,21983,1994,23977,281
2021-10-20,Marin,041,260295,17382,17250,443,17693,244
2021-10-20,Mariposa,043,17540,1227,1174,43,1217,5
2021-10-20,Mendocino,045,87422,7332,7189,468,7657,82
2021-10-20,Merced,047,269075,41102,40685,1798,42483,581
2021-10-20,Modoc,049,8938,521,504,184,688,5
2021-10-20,Mono,051,14174,1675,1653,22,1675,3
2021-10-20,Monterey,053,433212,48379,47430,2812,50242,587
2021-10-20,Napa,055,140530,12851,12773,108,12881,100
2021-10-20,Nevada,057,99092,8963,8836,311,9147,90
2021-10-20,Orange,059,3164182,304407,301957,14833,316790,5534
2021-10-20,Placer,061,380077,36333,35729,3542,39271,425
2021-10-20,Plumas,063,18699,1694,1604,32,1636,7
2021-10-20,Riverside,065,2383286,358948,354311,16329,370640,5030
2021-10-20,Sacramento,067,1510023,156191,154822,4396,159218,2222
2021-10-20,San Benito,069,59416,7300,7275,163,7438,71
2021-10-20,San Bernardino,071,2135413,349994,347217,10989,358206,5663
2021-10-20,San Diego,073,3302833,368206,365698,21650,387348,4178
2021-10-20,San Francisco,075,870044,52358,51755,2289,54044,646
2021-10-20,San Joaquin,077,732212,98345,97246,5335,102581,1721
2021-10-20,San Luis Obispo,079,281455,29157,28727,1206,29933,332
2021-10-20,San Mateo,081,765935,53601,52663,839,53502,571
2021-10-20,Santa Barbara,083,443738,43882,43489,1537,45026,523
2021-10-20,Santa Clara,085,1922200,145366,144124,1280,145404,1896
2021-10-20,Santa Cruz,087,273765,20142,19951,1002,20953,219
2021-10-20,Shasta,089,179085,20754,20313,3470,23783,320
2021-10-20,Sierra,091,2930,177,168,18,186,0
2021-10-20,Siskiyou,093,43540,3303,3224,1257,4481,46
2021-10-20,Solano,095,438530,45499,44819,1236,46055,341
2021-10-20,Sonoma,097,501317,40804,40404,519,40923,393
2021-10-20,Stanislaus,099,539301,76755,76631,8673,85304,1145
2021-10-20,Sutter,101,95872,13669,13592,319,13911,175
2021-10-20,Tehama,103,63373,8225,8081,1428,9509,110
2021-10-20,Trinity,105,12862,833,693,210,903,11
2021-10-20,Tulare,107,460477,66955,65413,14389,79802,967
2021-10-20,Tuolumne,109,53932,6929,6803,86,6889,89
2021-10-20,Ventura,111,848112,97278,96610,4280,100890,1166
2021-10-20,Yolo,113,214977,19525,19236,1086,20322,248
2021-10-20,Yuba,115,75493,9938,9808,297,10105,82
2021-10-19,Alameda,001,1643700,118285,117542,2756,120298,1383
2021-10-19,Alpine,003,1148,101,103,0,103,0
2021-10-19,Amador,005,37829,5455,5367,59,5426,64
2021-10-19,Butte,007,227075,20362,19974,3637,23611,268
2021-10-19,Calaveras,009,45235,3904,3826,46,3872,80
2021-10-19,Colusa,011,21464,2485,2447,616,3063,18
2021-10-19,Contra Costa,013,1133247,98300,97613,2131,99744,1004
2021-10-19,Del Norte,015,27424,3627,3531,52,3583,42
2021-10-19,El Dorado,017,186661,15745,15478,1654,17132,149
2021-10-19,Fresno,019,978130,136193,133813,12388,146201,2073
2021-10-19,Glenn,021,27897,3436,3380,995,4375,33
2021-10-19,Humboldt,023,135768,8808,8714,511,9225,105
2021-10-19,Imperial,025,180216,32970,32632,3144,35776,764
2021-10-19,Inyo,027,18085,2147,2045,42,2087,40
2021-10-19,Kern,029,883053,124411,122391,20886,143277,1613
2021-10-19,Kings,031,150075,31411,30757,1866,32623,322
2021-10-19,Lake,033,64148,6588,6465,140,6605,104
2021-10-19,Lassen,035,31185,6730,6612,340,6952,27
2021-10-19,Los Angeles,037,10098052,1425776,1413882,53732,1467614,26473
2021-10-19,Madera,039,155013,22385,21950,1986,23936,281
2021-10-19,Marin,041,260295,17368,17241,440,17681,244
2021-10-19,Mariposa,043,17540,1221,1171,41,1212,5
2021-10-19,Mendocino,045,87422,7317,7172,465,7637,82
2021-10-19,Merced,047,269075,40987,40628,1777,42405,580
2021-10-19,Modoc,049,8938,519,502,184,686,5
2021-10-19,Mono,051,14174,1671,1651,22,1673,3
2021-10-19,Monterey,053,433212,48342,47412,2801,50213,583
2021-10-19,Napa,055,140530,12844,12769,108,12877,100
2021-10-19,Nevada,057,99092,8942,8829,310,9139,90
2021-10-19,Orange,059,3164182,304150,301700,14799,316499,5527
2021-10-19,Placer,061,380077,36212,35663,3527,39190,422
2021-10-19,Plumas,063,18699,1676,1586,32,1618,8
2021-10-19,Riverside,065,2383286,358526,353891,16321,370212,5020
2021-10-19,Sacramento,067,1510023,155885,154570,4370,158940,2227
2021-10-19,San Benito,069,59416,7284,7264,163,7427,71
2021-10-19,San Bernardino,071,2135413,349593,346814,10959,357773,5627
2021-10-19,San Diego,073,3302833,367625,365285,21619,386904,4170
2021-10-19,San Francisco,075,870044,52295,51704,2287,53991,645
2021-10-19,San Joaquin,077,732212,98178,97105,5324,102429,1721
2021-10-19,San Luis Obispo,079,281455,29109,28670,1203,29873,332
2021-10-19,San Mateo,081,765935,53543,52617,837,53454,571
2021-10-19,Santa Barbara,083,443738,43815,43413,1535,44948,522
2021-10-19,Santa Clara,085,1922200,145193,143989,1272,145261,1898
2021-10-19,Santa Cruz,087,273765,20118,19895,1000,20895,218
2021-10-19,Shasta,089,179085,20678,20209,3462,23671,319
2021-10-19,Sierra,091,2930,174,168,18,186,0
2021-10-19,Siskiyou,093,43540,3299,3216,1252,4468,46
2021-10-19,Solano,095,438530,45457,44782,1230,46012,341
2021-10-19,Sonoma,097,501317,40730,40379,518,40897,392
2021-10-19,Stanislaus,099,539301,76613,76526,8661,85187,1145
2021-10-19,Sutter,101,95872,13645,13569,318,13887,174
2021-10-19,Tehama,103,63373,8195,8057,1412,9469,108
2021-10-19,Trinity,105,12862,826,691,210,901,11
2021-10-19,Tulare,107,460477,66768,65253,14320,79573,958
2021-10-19,Tuolumne,109,53932,6900,6782,85,6867,89
2021-10-19,Ventura,111,848112,97202,96539,4275,100814,1166
2021-10-19,Yolo,113,214977,19480,19206,1081,20287,248
2021-10-19,Yuba,115,75493,9920,9796,296,10092,82
2021-10-18,Alameda,001,1643700,118148,117506,2747,120253,1381
2021-10-18,Alpine,003,1148,101,103,0,103,0
2021-10-18,Amador,005,37829,5444,5345,59,5404,64
2021-10-18,Butte,007,227075,20311,19921,3629,23550,265
2021-10-18,Calaveras,009,45235,3879,3819,45,3864,80
2021-10-18,Colusa,011,21464,2484,2444,614,3058,18
2021-10-18,Contra Costa,013,1133247,98188,97585,2127,99712,995
2021-10-18,Del Norte,015,27424,3620,3529,52,3581,41
2021-10-18,El Dorado,017,186661,15714,15452,1652,17104,149
2021-10-18,Fresno,019,978130,135790,133688,12345,146033,2063
2021-10-18,Glenn,021,27897,3432,3370,991,4361,32
2021-10-18,Humboldt,023,135768,8789,8699,503,9202,104
2021-10-18,Imperial,025,180216,32879,32558,3144,35702,764
2021-10-18,Inyo,027,18085,2129,2020,42,2062,40
2021-10-18,Kern,029,883053,124112,122231,20791,143022,1605
2021-10-18,Kings,031,150075,31296,30698,1853,32551,320
2021-10-18,Lake,033,64148,6569,6455,136,6591,104
2021-10-18,Lassen,035,31185,6710,6607,337,6944,26
2021-10-18,Los Angeles,037,10098052,1424533,1413291,53655,1466946,26446
2021-10-18,Madera,039,155013,22331,21909,1973,23882,277
2021-10-18,Marin,041,260295,17348,17232,437,17669,244
2021-10-18,Mariposa,043,17540,1213,1160,41,1201,5
2021-10-18,Mendocino,045,87422,7298,7156,457,7613,82
2021-10-18,Merced,047,269075,40864,40573,1766,42339,579
2021-10-18,Modoc,049,8938,519,498,184,682,5
2021-10-18,Mono,051,14174,1665,1648,21,1669,3
2021-10-18,Monterey,053,433212,48320,47389,2796,50185,583
2021-10-18,Napa,055,140530,12829,12762,108,12870,100
2021-10-18,Nevada,057,99092,8923,8816,310,9126,90
2021-10-18,Orange,059,3164182,303811,301573,14765,316338,5524
2021-10-18,Placer,061,380077,36135,35598,3523,39121,420
2021-10-18,Plumas,063,18699,1668,1579,32,1611,6
2021-10-18,Riverside,065,2383286,358110,353699,16307,370006,5008
2021-10-18,Sacramento,067,1510023,155580,154428,4338,158766,2203
2021-10-18,San Benito,069,59416,7272,7253,163,7416,71
2021-10-18,San Bernardino,071,2135413,349171,346742,10944,357686,5606
2021-10-18,San Diego,073,3302833,367070,364948,21581,386529,4169
2021-10-18,San Francisco,075,870044,52232,51671,2281,53952,644
2021-10-18,San Joaquin,077,732212,98012,97041,5314,102355,1721
2021-10-18,San Luis Obispo,079,281455,29070,28644,1200,29844,331
2021-10-18,San Mateo,081,765935,53478,52594,836,53430,571
2021-10-18,Santa Barbara,083,443738,43756,43386,1533,44919,522
2021-10-18,Santa Clara,085,1922200,145038,143891,1263,145154,1895
2021-10-18,Santa Cruz,087,273765,20104,19876,998,20874,218
2021-10-18,Shasta,089,179085,20598,20146,3451,23597,313
2021-10-18,Sierra,091,2930,174,166,18,184,0
2021-10-18,Siskiyou,093,43540,3296,3210,1244,4454,42
2021-10-18,Solano,095,438530,45413,44758,1227,45985,339
2021-10-18,Sonoma,097,501317,40666,40349,515,40864,392
2021-10-18,Stanislaus,099,539301,76449,76466,8647,85113,1145
2021-10-18,Sutter,101,95872,13611,13557,316,13873,172
2021-10-18,Tehama,103,63373,8160,8042,1400,9442,107
2021-10-18,Trinity,105,12862,825,688,210,898,11
2021-10-18,Tulare,107,460477,66592,65171,14254,79425,958
2021-10-18,Tuolumne,109,53932,6871,6755,85,6840,89
2021-10-18,Ventura,111,848112,97107,96506,4272,100778,1165
2021-10-18,Yolo,113,214977,19442,19197,1078,20275,248
2021-10-18,Yuba,115,75493,9893,9782,294,10076,82
2021-10-17,Alameda,001,1643700,117995,117423,2742,120165,1376
2021-10-17,Alpine,003,1148,101,103,0,103,0
2021-10-17,Amador,005,37829,5421,5341,58,5399,64
2021-10-17,Butte,007,227075,20226,19897,3620,23517,265
2021-10-17,Calaveras,009,45235,3863,3805,45,3850,80
2021-10-17,Colusa,011,21464,2479,2442,607,3049,18
2021-10-17,Contra Costa,013,1133247,98065,97485,2116,99601,995
2021-10-17,Del Norte,015,27424,3615,3526,52,3578,41
2021-10-17,El Dorado,017,186661,15656,15438,1645,17083,149
2021-10-17,Fresno,019,978130,135323,133429,12304,145733,2063
2021-10-17,Glenn,021,27897,3422,3364,986,4350,32
2021-10-17,Humboldt,023,135768,8769,8690,500,9190,104
2021-10-17,Imperial,025,180216,32796,32520,3137,35657,764
2021-10-17,Inyo,027,18085,2101,2000,42,2042,40
2021-10-17,Kern,029,883053,123762,122085,20691,142776,1603
2021-10-17,Kings,031,150075,31183,30636,1844,32480,315
2021-10-17,Lake,033,64148,6553,6437,136,6573,104
2021-10-17,Lassen,035,31185,6698,6605,333,6938,26
2021-10-17,Los Angeles,037,10098052,1423195,1412371,53579,1465950,26443
2021-10-17,Madera,039,155013,22269,21869,1962,23831,277
2021-10-17,Marin,041,260295,17326,17211,437,17648,243
2021-10-17,Mariposa,043,17540,1206,1150,41,1191,5
2021-10-17,Mendocino,045,87422,7269,7148,451,7599,82
2021-10-17,Merced,047,269075,40738,40531,1750,42281,579
2021-10-17,Modoc,049,8938,516,498,182,680,5
2021-10-17,Mono,051,14174,1663,1640,20,1660,3
2021-10-17,Monterey,053,433212,48279,47369,2786,50155,583
2021-10-17,Napa,055,140530,12814,12753,105,12858,100
2021-10-17,Nevada,057,99092,8906,8794,309,9103,90
2021-10-17,Orange,059,3164182,303496,301414,14732,316146,5524
2021-10-17,Placer,061,380077,36035,35559,3508,39067,420
2021-10-17,Plumas,063,18699,1644,1571,31,1602,6
2021-10-17,Riverside,065,2383286,357626,353500,16293,369793,5008
2021-10-17,Sacramento,067,1510023,155180,154080,4320,158400,2213
2021-10-17,San Benito,069,59416,7263,7250,162,7412,71
2021-10-17,San Bernardino,071,2135413,348740,346524,10924,357448,5597
2021-10-17,San Diego,073,3302833,366479,364675,21553,386228,4163
2021-10-17,San Francisco,075,870044,52160,51625,2271,53896,644
2021-10-17,San Joaquin,077,732212,97839,96950,5305,102255,1721
2021-10-17,San Luis Obispo,079,281455,29018,28604,1192,29796,331
2021-10-17,San Mateo,081,765935,53426,52541,832,53373,571
2021-10-17,Santa Barbara,083,443738,43693,43344,1532,44876,522
2021-10-17,Santa Clara,085,1922200,144861,143768,1254,145022,1895
2021-10-17,Santa Cruz,087,273765,20076,19861,996,20857,218
2021-10-17,Shasta,089,179085,20508,20116,3441,23557,312
2021-10-17,Sierra,091,2930,172,165,18,183,0
2021-10-17,Siskiyou,093,43540,3288,3204,1241,4445,42
2021-10-17,Solano,095,438530,45356,44722,1226,45948,340
2021-10-17,Sonoma,097,501317,40590,40306,514,40820,392
2021-10-17,Stanislaus,099,539301,76252,76354,8632,84986,1145
2021-10-17,Sutter,101,95872,13594,13543,314,13857,172
2021-10-17,Tehama,103,63373,8128,8015,1383,9398,107
2021-10-17,Trinity,105,12862,822,686,209,895,11
2021-10-17,Tulare,107,460477,66407,65057,14180,79237,958
2021-10-17,Tuolumne,109,53932,6837,6735,84,6819,89
2021-10-17,Ventura,111,848112,97007,96458,4269,100727,1165
2021-10-17,Yolo,113,214977,19400,19171,1069,20240,248
2021-10-17,Yuba,115,75493,9867,9771,292,10063,82
2021-10-16,Alameda,001,1643700,117904,117027,2740,119767,1365
2021-10-16,Alpine,003,1148,100,102,0,102,0
2021-10-16,Amador,005,37829,5414,5310,58,5368,64
2021-10-16,Butte,007,227075,20195,19612,3613,23225,260
2021-10-16,Calaveras,009,45235,3856,3771,45,3816,80
2021-10-16,Colusa,011,21464,2475,2431,604,3035,18
2021-10-16,Contra Costa,013,1133247,97974,97107,2109,99216,982
2021-10-16,Del Norte,015,27424,3612,3516,52,3568,41
2021-10-16,El Dorado,017,186661,15635,15315,1643,16958,149
2021-10-16,Fresno,019,978130,135170,132433,12287,144720,2051
2021-10-16,Glenn,021,27897,3416,3331,986,4317,26
2021-10-16,Humboldt,023,135768,8757,8621,495,9116,104
2021-10-16,Imperial,025,180216,32781,32368,3135,35503,764
2021-10-16,Inyo,027,18085,2087,1932,42,1974,39
2021-10-16,Kern,029,883053,123607,121354,20609,141963,1590
2021-10-16,Kings,031,150075,31137,30418,1841,32259,314
2021-10-16,Lake,033,64148,6542,6378,136,6514,104
2021-10-16,Lassen,035,31185,6689,6559,328,6887,26
2021-10-16,Los Angeles,037,10098052,1422544,1409418,53525,1462943,26398
2021-10-16,Madera,039,155013,22225,21707,1958,23665,277
2021-10-16,Marin,041,260295,17316,17148,437,17585,243
2021-10-16,Mariposa,043,17540,1203,1096,41,1137,5
2021-10-16,Mendocino,045,87422,7258,7099,451,7550,82
2021-10-16,Merced,047,269075,40706,40265,1748,42013,577
2021-10-16,Modoc,049,8938,513,492,182,674,5
2021-10-16,Mono,051,14174,1659,1628,20,1648,3
2021-10-16,Monterey,053,433212,48262,47293,2778,50071,582
2021-10-16,Napa,055,140530,12803,12706,105,12811,100
2021-10-16,Nevada,057,99092,8886,8739,309,9048,90
2021-10-16,Orange,059,3164182,303320,300722,14707,315429,5509
2021-10-16,Placer,061,380077,35951,35343,3502,38845,412
2021-10-16,Plumas,063,18699,1639,1542,30,1572,6
2021-10-16,Riverside,065,2383286,357357,352435,16281,368716,4990
2021-10-16,Sacramento,067,1510023,154980,153264,4316,157580,2192
2021-10-16,San Benito,069,59416,7250,7210,161,7371,71
2021-10-16,San Bernardino,071,2135413,348534,345418,10917,356335,5566
2021-10-16,San Diego,073,3302833,366163,363109,21537,384646,4151
2021-10-16,San Francisco,075,870044,52113,51436,2267,53703,645
2021-10-16,San Joaquin,077,732212,97767,96507,5302,101809,1708
2021-10-16,San Luis Obispo,079,281455,28992,28460,1191,29651,329
2021-10-16,San Mateo,081,765935,53377,52399,831,53230,569
2021-10-16,Santa Barbara,083,443738,43657,43175,1531,44706,521
2021-10-16,Santa Clara,085,1922200,144761,143282,1246,144528,1890
2021-10-16,Santa Cruz,087,273765,20061,19794,995,20789,218
2021-10-16,Shasta,089,179085,20458,19932,3430,23362,309
2021-10-16,Sierra,091,2930,170,160,18,178,0
2021-10-16,Siskiyou,093,43540,3286,3173,1234,4407,42
2021-10-16,Solano,095,438530,45330,44585,1222,45807,334
2021-10-16,Sonoma,097,501317,40550,40195,514,40709,390
2021-10-16,Stanislaus,099,539301,76166,75868,8622,84490,1142
2021-10-16,Sutter,101,95872,13575,13471,313,13784,169
2021-10-16,Tehama,103,63373,8115,7907,1378,9285,104
2021-10-16,Trinity,105,12862,822,679,209,888,11
2021-10-16,Tulare,107,460477,66269,64489,14148,78637,951
2021-10-16,Tuolumne,109,53932,6805,6666,84,6750,89
2021-10-16,Ventura,111,848112,96975,96181,4264,100445,1164
2021-10-16,Yolo,113,214977,19373,19078,1063,20141,247
2021-10-16,Yuba,115,75493,9843,9705,289,9994,82
2021-10-15,Alameda,001,1643700,117833,117027,2736,119763,1365
2021-10-15,Alpine,003,1148,100,102,0,102,0
2021-10-15,Amador,005,37829,5390,5310,58,5368,64
2021-10-15,Butte,007,227075,20159,19612,3606,23218,260
2021-10-15,Calaveras,009,45235,3850,3771,45,3816,80
2021-10-15,Colusa,011,21464,2473,2431,601,3032,18
2021-10-15,Contra Costa,013,1133247,97892,97107,2105,99212,982
2021-10-15,Del Norte,015,27424,3610,3516,52,3568,41
2021-10-15,El Dorado,017,186661,15615,15315,1638,16953,149
2021-10-15,Fresno,019,978130,134916,132433,12278,144711,2051
2021-10-15,Glenn,021,27897,3410,3331,985,4316,26
2021-10-15,Humboldt,023,135768,8748,8621,493,9114,104
2021-10-15,Imperial,025,180216,32734,32368,3131,35499,764
2021-10-15,Inyo,027,18085,2069,1932,42,1974,39
2021-10-15,Kern,029,883053,123471,121354,20534,141888,1590
2021-10-15,Kings,031,150075,31082,30418,1837,32255,314
2021-10-15,Lake,033,64148,6533,6378,136,6514,104
2021-10-15,Lassen,035,31185,6677,6559,327,6886,26
2021-10-15,Los Angeles,037,10098052,1421853,1409418,53476,1462894,26398
2021-10-15,Madera,039,155013,22181,21707,1950,23657,277
2021-10-15,Marin,041,260295,17305,17148,437,17585,243
2021-10-15,Mariposa,043,17540,1195,1096,41,1137,5
2021-10-15,Mendocino,045,87422,7243,7099,451,7550,82
2021-10-15,Merced,047,269075,40676,40265,1745,42010,577
2021-10-15,Modoc,049,8938,512,492,182,674,5
2021-10-15,Mono,051,14174,1656,1628,20,1648,3
2021-10-15,Monterey,053,433212,48240,47293,2776,50069,582
2021-10-15,Napa,055,140530,12799,12706,105,12811,100
2021-10-15,Nevada,057,99092,8871,8739,309,9048,90
2021-10-15,Orange,059,3164182,303152,300722,14688,315410,5509
2021-10-15,Placer,061,380077,35897,35343,3496,38839,412
2021-10-15,Plumas,063,18699,1631,1542,30,1572,6
2021-10-15,Riverside,065,2383286,357115,352435,16276,368711,4990
2021-10-15,Sacramento,067,1510023,154793,153264,4306,157570,2192
2021-10-15,San Benito,069,59416,7247,7210,161,7371,71
2021-10-15,San Bernardino,071,2135413,348299,345418,10914,356332,5566
2021-10-15,San Diego,073,3302833,365804,363109,21512,384621,4151
2021-10-15,San Francisco,075,870044,52072,51436,2260,53696,645
2021-10-15,San Joaquin,077,732212,97689,96507,5295,101802,1708
2021-10-15,San Luis Obispo,079,281455,28971,28460,1189,29649,329
2021-10-15,San Mateo,081,765935,53333,52399,830,53229,569
2021-10-15,Santa Barbara,083,443738,43619,43175,1531,44706,521
2021-10-15,Santa Clara,085,1922200,144638,143282,1238,144520,1890
2021-10-15,Santa Cruz,087,273765,20050,19794,995,20789,218
2021-10-15,Shasta,089,179085,20401,19932,3422,23354,309
2021-10-15,Sierra,091,2930,170,160,18,178,0
2021-10-15,Siskiyou,093,43540,3285,3173,1231,4404,42
2021-10-15,Solano,095,438530,45304,44585,1222,45807,334
2021-10-15,Sonoma,097,501317,40516,40195,513,40708,390
2021-10-15,Stanislaus,099,539301,76086,75868,8606,84474,1142
2021-10-15,Sutter,101,95872,13558,13471,311,13782,169
2021-10-15,Tehama,103,63373,8094,7907,1372,9279,104
2021-10-15,Trinity,105,12862,822,679,209,888,11
2021-10-15,Tulare,107,460477,66190,64489,14111,78600,951
2021-10-15,Tuolumne,109,53932,6782,6666,82,6748,89
2021-10-15,Ventura,111,848112,96933,96181,4261,100442,1164
2021-10-15,Yolo,113,214977,19358,19078,1059,20137,247
2021-10-15,Yuba,115,75493,9833,9705,288,9993,82
2021-10-14,Alameda,001,1643700,117723,117027,2731,119758,1365
2021-10-14,Alpine,003,1148,100,102,0,102,0
2021-10-14,Amador,005,37829,5379,5310,58,5368,64
2021-10-14,Butte,007,227075,20107,19612,3601,23213,260
2021-10-14,Calaveras,009,45235,3837,3771,44,3815,80
2021-10-14,Colusa,011,21464,2471,2431,599,3030,18
2021-10-14,Contra Costa,013,1133247,97757,97107,2097,99204,982
2021-10-14,Del Norte,015,27424,3604,3516,52,3568,41
2021-10-14,El Dorado,017,186661,15577,15315,1635,16950,149
2021-10-14,Fresno,019,978130,134621,132433,12247,144680,2051
2021-10-14,Glenn,021,27897,3405,3331,984,4315,26
2021-10-14,Humboldt,023,135768,8731,8621,490,9111,104
2021-10-14,Imperial,025,180216,32671,32368,3124,35492,764
2021-10-14,Inyo,027,18085,2050,1932,42,1974,39
2021-10-14,Kern,029,883053,123201,121354,20434,141788,1590
2021-10-14,Kings,031,150075,31017,30418,1829,32247,314
2021-10-14,Lake,033,64148,6512,6378,135,6513,104
2021-10-14,Lassen,035,31185,6671,6559,326,6885,26
2021-10-14,Los Angeles,037,10098052,1420870,1409418,53424,1462842,26398
2021-10-14,Madera,039,155013,22116,21707,1944,23651,277
2021-10-14,Marin,041,260295,17300,17148,435,17583,243
2021-10-14,Mariposa,043,17540,1182,1096,40,1136,5
2021-10-14,Mendocino,045,87422,7229,7099,449,7548,82
2021-10-14,Merced,047,269075,40588,40265,1731,41996,577
2021-10-14,Modoc,049,8938,512,492,182,674,5
2021-10-14,Mono,051,14174,1649,1628,20,1648,3
2021-10-14,Monterey,053,433212,48214,47293,2771,50064,582
2021-10-14,Napa,055,140530,12784,12706,105,12811,100
2021-10-14,Nevada,057,99092,8844,8739,307,9046,90
2021-10-14,Orange,059,3164182,302943,300722,14671,315393,5509
2021-10-14,Placer,061,380077,35830,35343,3482,38825,412
2021-10-14,Plumas,063,18699,1616,1542,30,1572,6
2021-10-14,Riverside,065,2383286,356718,352435,16265,368700,4990
2021-10-14,Sacramento,067,1510023,154541,153264,4284,157548,2192
2021-10-14,San Benito,069,59416,7236,7210,161,7371,71
2021-10-14,San Bernardino,071,2135413,347939,345418,10908,356326,5566
2021-10-14,San Diego,073,3302833,365365,363109,21485,384594,4151
2021-10-14,San Francisco,075,870044,52016,51436,2256,53692,645
2021-10-14,San Joaquin,077,732212,97560,96507,5286,101793,1708
2021-10-14,San Luis Obispo,079,281455,28927,28460,1185,29645,329
2021-10-14,San Mateo,081,765935,53285,52399,829,53228,569
2021-10-14,Santa Barbara,083,443738,43563,43175,1526,44701,521
2021-10-14,Santa Clara,085,1922200,144497,143282,1232,144514,1890
2021-10-14,Santa Cruz,087,273765,20027,19794,995,20789,218
2021-10-14,Shasta,089,179085,20344,19932,3410,23342,309
2021-10-14,Sierra,091,2930,169,160,18,178,0
2021-10-14,Siskiyou,093,43540,3282,3173,1223,4396,42
2021-10-14,Solano,095,438530,45254,44585,1214,45799,334
2021-10-14,Sonoma,097,501317,40465,40195,510,40705,390
2021-10-14,Stanislaus,099,539301,75940,75868,8593,84461,1142
2021-10-14,Sutter,101,95872,13538,13471,310,13781,169
2021-10-14,Tehama,103,63373,8063,7907,1365,9272,104
2021-10-14,Trinity,105,12862,821,679,208,887,11
2021-10-14,Tulare,107,460477,66006,64489,14063,78552,951
2021-10-14,Tuolumne,109,53932,6751,6666,81,6747,89
2021-10-14,Ventura,111,848112,96865,96181,4255,100436,1164
2021-10-14,Yolo,113,214977,19325,19078,1052,20130,247
2021-10-14,Yuba,115,75493,9819,9705,279,9984,82
2021-10-13,Alameda,001,1643700,117616,116914,2726,119640,1360
2021-10-13,Alpine,003,1148,100,102,0,102,0
2021-10-13,Amador,005,37829,5365,5305,58,5363,63
2021-10-13,Butte,007,227075,20032,19546,3596,23142,257
2021-10-13,Calaveras,009,45235,3816,3756,42,3798,79
2021-10-13,Colusa,011,21464,2464,2430,595,3025,18
2021-10-13,Contra Costa,013,1133247,97641,96975,2096,99071,969
2021-10-13,Del Norte,015,27424,3599,3512,52,3564,39
2021-10-13,El Dorado,017,186661,15553,15302,1630,16932,149
2021-10-13,Fresno,019,978130,134287,132055,12214,144269,2048
2021-10-13,Glenn,021,27897,3400,3327,980,4307,26
2021-10-13,Humboldt,023,135768,8720,8604,486,9090,102
2021-10-13,Imperial,025,180216,32611,32317,3121,35438,762
2021-10-13,Inyo,027,18085,2013,1907,42,1949,39
2021-10-13,Kern,029,883053,122957,120956,20339,141295,1586
2021-10-13,Kings,031,150075,30936,30246,1822,32068,312
2021-10-13,Lake,033,64148,6492,6371,135,6506,103
2021-10-13,Lassen,035,31185,6660,6535,320,6855,25
2021-10-13,Los Angeles,037,10098052,1419814,1408384,53366,1461750,26379
2021-10-13,Madera,039,155013,22063,21609,1930,23539,277
2021-10-13,Marin,041,260295,17276,17137,434,17571,243
2021-10-13,Mariposa,043,17540,1168,1090,40,1130,5
2021-10-13,Mendocino,045,87422,7213,7088,441,7529,82
2021-10-13,Merced,047,269075,40503,40164,1720,41884,577
2021-10-13,Modoc,049,8938,510,490,180,670,5
2021-10-13,Mono,051,14174,1649,1612,20,1632,3
2021-10-13,Monterey,053,433212,48195,47273,2764,50037,582
2021-10-13,Napa,055,140530,12773,12695,103,12798,100
2021-10-13,Nevada,057,99092,8822,8725,307,9032,90
2021-10-13,Orange,059,3164182,302735,300468,14655,315123,5503
2021-10-13,Placer,061,380077,35763,35254,3473,38727,412
2021-10-13,Plumas,063,18699,1602,1514,30,1544,6
2021-10-13,Riverside,065,2383286,356388,352044,16252,368296,4978
2021-10-13,Sacramento,067,1510023,154292,153141,4262,157403,2182
2021-10-13,San Benito,069,59416,7230,7196,160,7356,71
2021-10-13,San Bernardino,071,2135413,347614,344951,10891,355842,5562
2021-10-13,San Diego,073,3302833,364934,362564,21463,384027,4141
2021-10-13,San Francisco,075,870044,51974,51379,2252,53631,644
2021-10-13,San Joaquin,077,732212,97417,96343,5281,101624,1696
2021-10-13,San Luis Obispo,079,281455,28889,28397,1182,29579,330
2021-10-13,San Mateo,081,765935,53234,52352,825,53177,569
2021-10-13,Santa Barbara,083,443738,43511,43109,1526,44635,518
2021-10-13,Santa Clara,085,1922200,144359,143064,1231,144295,1886
2021-10-13,Santa Cruz,087,273765,20001,19763,994,20757,217
2021-10-13,Shasta,089,179085,20274,19802,3389,23191,307
2021-10-13,Sierra,091,2930,169,155,18,173,0
2021-10-13,Siskiyou,093,43540,3274,3173,1222,4395,42
2021-10-13,Solano,095,438530,45215,44558,1211,45769,334
2021-10-13,Sonoma,097,501317,40409,40122,510,40632,390
2021-10-13,Stanislaus,099,539301,75798,75698,8583,84281,1136
2021-10-13,Sutter,101,95872,13508,13458,308,13766,169
2021-10-13,Tehama,103,63373,8027,7849,1359,9208,103
2021-10-13,Trinity,105,12862,818,677,208,885,11
2021-10-13,Tulare,107,460477,65826,64297,14007,78304,945
2021-10-13,Tuolumne,109,53932,6737,6644,80,6724,89
2021-10-13,Ventura,111,848112,96791,96099,4249,100348,1162
2021-10-13,Yolo,113,214977,19296,19023,1050,20073,247
2021-10-13,Yuba,115,75493,9794,9690,265,9955,80
2021-10-12,Alameda,001,1643700,117512,116813,2722,119535,1357
2021-10-12,Alpine,003,1148,100,102,0,102,0
2021-10-12,Amador,005,37829,5354,5301,58,5359,63
2021-10-12,Butte,007,227075,19962,19506,3584,23090,256
2021-10-12,Calaveras,009,45235,3801,3750,42,3792,75
2021-10-12,Colusa,011,21464,2461,2428,593,3021,18
2021-10-12,Contra Costa,013,1133247,97528,96894,2087,98981,960
2021-10-12,Del Norte,015,27424,3593,3511,52,3563,39
2021-10-12,El Dorado,017,186661,15519,15287,1628,16915,148
2021-10-12,Fresno,019,978130,133925,131848,12183,144031,2042
2021-10-12,Glenn,021,27897,3386,3321,979,4300,26
2021-10-12,Humboldt,023,135768,8693,8587,480,9067,102
2021-10-12,Imperial,025,180216,32559,32267,3119,35386,762
2021-10-12,Inyo,027,18085,1981,1889,42,1931,39
2021-10-12,Kern,029,883053,122670,120826,20228,141054,1580
2021-10-12,Kings,031,150075,30862,30200,1811,32011,312
2021-10-12,Lake,033,64148,6477,6372,133,6505,97
2021-10-12,Lassen,035,31185,6650,6526,319,6845,25
2021-10-12,Los Angeles,037,10098052,1418746,1407462,53318,1460780,26362
2021-10-12,Madera,039,155013,21992,21574,1917,23491,277
2021-10-12,Marin,041,260295,17253,17126,434,17560,242
2021-10-12,Mariposa,043,17540,1154,1088,40,1128,5
2021-10-12,Mendocino,045,87422,7184,7077,438,7515,82
2021-10-12,Merced,047,269075,40424,40113,1714,41827,567
2021-10-12,Modoc,049,8938,505,485,179,664,5
2021-10-12,Mono,051,14174,1647,1608,20,1628,3
2021-10-12,Monterey,053,433212,48164,47254,2756,50010,582
2021-10-12,Napa,055,140530,12759,12671,103,12774,97
2021-10-12,Nevada,057,99092,8810,8720,306,9026,89
2021-10-12,Orange,059,3164182,302480,300256,14629,314885,5499
2021-10-12,Placer,061,380077,35700,35214,3465,38679,404
2021-10-12,Plumas,063,18699,1588,1488,29,1517,6
2021-10-12,Riverside,065,2383286,356062,351771,16238,368009,4973
2021-10-12,Sacramento,067,1510023,153987,152935,4237,157172,2170
2021-10-12,San Benito,069,59416,7216,7193,160,7353,71
2021-10-12,San Bernardino,071,2135413,347299,344788,10880,355668,5563
2021-10-12,San Diego,073,3302833,364421,362256,21434,383690,4137
2021-10-12,San Francisco,075,870044,51911,51301,2251,53552,643
2021-10-12,San Joaquin,077,732212,97280,96237,5276,101513,1690
2021-10-12,San Luis Obispo,079,281455,28842,28379,1181,29560,327
2021-10-12,San Mateo,081,765935,53184,52328,824,53152,569
2021-10-12,Santa Barbara,083,443738,43450,43076,1526,44602,515
2021-10-12,Santa Clara,085,1922200,144206,142954,1229,144183,1882
2021-10-12,Santa Cruz,087,273765,19976,19757,994,20751,218
2021-10-12,Shasta,089,179085,20200,19731,3368,23099,304
2021-10-12,Sierra,091,2930,169,153,18,171,0
2021-10-12,Siskiyou,093,43540,3263,3166,1216,4382,42
2021-10-12,Solano,095,438530,45173,44516,1205,45721,329
2021-10-12,Sonoma,097,501317,40368,40105,509,40614,390
2021-10-12,Stanislaus,099,539301,75646,75589,8570,84159,1126
2021-10-12,Sutter,101,95872,13485,13436,304,13740,168
2021-10-12,Tehama,103,63373,7995,7820,1355,9175,103
2021-10-12,Trinity,105,12862,815,676,208,884,11
2021-10-12,Tulare,107,460477,65641,64216,13950,78166,944
2021-10-12,Tuolumne,109,53932,6720,6637,79,6716,89
2021-10-12,Ventura,111,848112,96690,96022,4244,100266,1160
2021-10-12,Yolo,113,214977,19269,18987,1042,20029,247
2021-10-12,Yuba,115,75493,9779,9676,261,9937,70
2021-10-11,Alameda,001,1643700,117371,116759,2721,119480,1358
2021-10-11,Alpine,003,1148,100,102,0,102,0
2021-10-11,Amador,005,37829,5342,5286,58,5344,62
2021-10-11,Butte,007,227075,19903,19452,3579,23031,253
2021-10-11,Calaveras,009,45235,3780,3750,42,3792,75
2021-10-11,Colusa,011,21464,2457,2427,585,3012,18
2021-10-11,Contra Costa,013,1133247,97392,96832,2082,98914,960
2021-10-11,Del Norte,015,27424,3590,3510,48,3558,39
2021-10-11,El Dorado,017,186661,15490,15273,1624,16897,146
2021-10-11,Fresno,019,978130,133595,131703,12148,143851,2036
2021-10-11,Glenn,021,27897,3369,3308,976,4284,26
2021-10-11,Humboldt,023,135768,8668,8571,473,9044,101
2021-10-11,Imperial,025,180216,32509,32207,3113,35320,762
2021-10-11,Inyo,027,18085,1958,1862,41,1903,39
2021-10-11,Kern,029,883053,122434,120684,20132,140816,1575
2021-10-11,Kings,031,150075,30773,30180,1801,31981,309
2021-10-11,Lake,033,64148,6461,6361,129,6490,97
2021-10-11,Lassen,035,31185,6630,6499,316,6815,25
2021-10-11,Los Angeles,037,10098052,1417698,1406826,53267,1460093,26346
2021-10-11,Madera,039,155013,21934,21555,1900,23455,272
2021-10-11,Marin,041,260295,17235,17121,430,17551,242
2021-10-11,Mariposa,043,17540,1124,1083,39,1122,5
2021-10-11,Mendocino,045,87422,7168,7064,434,7498,82
2021-10-11,Merced,047,269075,40308,40064,1689,41753,566
2021-10-11,Modoc,049,8938,502,482,176,658,5
2021-10-11,Mono,051,14174,1637,1604,20,1624,3
2021-10-11,Monterey,053,433212,48135,47241,2749,49990,580
2021-10-11,Napa,055,140530,12736,12654,101,12755,96
2021-10-11,Nevada,057,99092,8790,8716,305,9021,90
2021-10-11,Orange,059,3164182,302252,299941,14599,314540,5499
2021-10-11,Placer,061,380077,35631,35173,3448,38621,404
2021-10-11,Plumas,063,18699,1570,1469,27,1496,6
2021-10-11,Riverside,065,2383286,355718,351444,16233,367677,4973
2021-10-11,Sacramento,067,1510023,153697,152681,4206,156887,2169
2021-10-11,San Benito,069,59416,7195,7184,158,7342,71
2021-10-11,San Bernardino,071,2135413,346913,344594,10872,355466,5549
2021-10-11,San Diego,073,3302833,363909,361712,21402,383114,4124
2021-10-11,San Francisco,075,870044,51840,51275,2247,53522,643
2021-10-11,San Joaquin,077,732212,97126,96152,5265,101417,1681
2021-10-11,San Luis Obispo,079,281455,28795,28355,1176,29531,327
2021-10-11,San Mateo,081,765935,53136,52298,823,53121,569
2021-10-11,Santa Barbara,083,443738,43403,43018,1525,44543,515
2021-10-11,Santa Clara,085,1922200,144044,142836,1225,144061,1882
2021-10-11,Santa Cruz,087,273765,19952,19745,993,20738,217
2021-10-11,Shasta,089,179085,20121,19662,3352,23014,295
2021-10-11,Sierra,091,2930,166,147,17,164,0
2021-10-11,Siskiyou,093,43540,3256,3159,1212,4371,42
2021-10-11,Solano,095,438530,45124,44474,1202,45676,329
2021-10-11,Sonoma,097,501317,40323,40067,509,40576,390
2021-10-11,Stanislaus,099,539301,75474,75478,8549,84027,1118
2021-10-11,Sutter,101,95872,13466,13427,302,13729,165
2021-10-11,Tehama,103,63373,7954,7795,1346,9141,102
2021-10-11,Trinity,105,12862,809,675,207,882,11
2021-10-11,Tulare,107,460477,65461,64094,13883,77977,942
2021-10-11,Tuolumne,109,53932,6682,6602,79,6681,89
2021-10-11,Ventura,111,848112,96593,95876,4237,100113,1160
2021-10-11,Yolo,113,214977,19223,18977,1039,20016,247
2021-10-11,Yuba,115,75493,9762,9657,249,9906,69
2021-10-10,Alameda,001,1643700,117252,116679,2717,119396,1358
2021-10-10,Alpine,003,1148,100,102,0,102,0
2021-10-10,Amador,005,37829,5328,5278,58,5336,62
2021-10-10,Butte,007,227075,19838,19430,3565,22995,253
2021-10-10,Calaveras,009,45235,3768,3747,42,3789,75
2021-10-10,Colusa,011,21464,2456,2425,584,3009,18
2021-10-10,Contra Costa,013,1133247,97293,96760,2076,98836,960
2021-10-10,Del Norte,015,27424,3586,3507,48,3555,39
2021-10-10,El Dorado,017,186661,15459,15250,1618,16868,146
2021-10-10,Fresno,019,978130,133265,131434,12117,143551,2035
2021-10-10,Glenn,021,27897,3364,3297,974,4271,26
2021-10-10,Humboldt,023,135768,8646,8554,469,9023,101
2021-10-10,Imperial,025,180216,32435,32167,3112,35279,762
2021-10-10,Inyo,027,18085,1937,1857,41,1898,39
2021-10-10,Kern,029,883053,122108,120552,20028,140580,1573
2021-10-10,Kings,031,150075,30684,30122,1791,31913,308
2021-10-10,Lake,033,64148,6445,6349,128,6477,97
2021-10-10,Lassen,035,31185,6610,6495,315,6810,26
2021-10-10,Los Angeles,037,10098052,1416509,1406034,53193,1459227,26338
2021-10-10,Madera,039,155013,21888,21486,1891,23377,272
2021-10-10,Marin,041,260295,17218,17112,430,17542,242
2021-10-10,Mariposa,043,17540,1121,1074,39,1113,5
2021-10-10,Mendocino,045,87422,7153,7060,426,7486,81
2021-10-10,Merced,047,269075,40223,40036,1671,41707,566
2021-10-10,Modoc,049,8938,502,482,176,658,5
2021-10-10,Mono,051,14174,1636,1596,20,1616,3
2021-10-10,Monterey,053,433212,48105,47228,2748,49976,580
2021-10-10,Napa,055,140530,12713,12641,101,12742,96
2021-10-10,Nevada,057,99092,8778,8689,305,8994,90
2021-10-10,Orange,059,3164182,301990,299787,14571,314358,5499
2021-10-10,Placer,061,380077,35538,35128,3436,38564,404
2021-10-10,Plumas,063,18699,1554,1468,25,1493,6
2021-10-10,Riverside,065,2383286,355345,351248,16214,367462,4973
2021-10-10,Sacramento,067,1510023,153430,152405,4189,156594,2178
2021-10-10,San Benito,069,59416,7190,7180,157,7337,71
2021-10-10,San Bernardino,071,2135413,346607,344423,10864,355287,5551
2021-10-10,San Diego,073,3302833,363393,361038,21355,382393,4113
2021-10-10,San Francisco,075,870044,51793,51216,2244,53460,643
2021-10-10,San Joaquin,077,732212,96955,96084,5248,101332,1681
2021-10-10,San Luis Obispo,079,281455,28751,28343,1176,29519,326
2021-10-10,San Mateo,081,765935,53094,52273,822,53095,569
2021-10-10,Santa Barbara,083,443738,43356,42987,1524,44511,515
2021-10-10,Santa Clara,085,1922200,143879,142768,1218,143986,1881
2021-10-10,Santa Cruz,087,273765,19932,19727,993,20720,217
2021-10-10,Shasta,089,179085,20033,19635,3343,22978,296
2021-10-10,Sierra,091,2930,164,147,17,164,0
2021-10-10,Siskiyou,093,43540,3242,3155,1205,4360,42
2021-10-10,Solano,095,438530,45068,44431,1202,45633,329
2021-10-10,Sonoma,097,501317,40271,40027,509,40536,390
2021-10-10,Stanislaus,099,539301,75297,75403,8535,83938,1118
2021-10-10,Sutter,101,95872,13442,13412,297,13709,165
2021-10-10,Tehama,103,63373,7916,7764,1337,9101,102
2021-10-10,Trinity,105,12862,808,669,206,875,11
2021-10-10,Tulare,107,460477,65289,63930,13833,77763,940
2021-10-10,Tuolumne,109,53932,6658,6580,78,6658,89
2021-10-10,Ventura,111,848112,96504,95829,4237,100066,1160
2021-10-10,Yolo,113,214977,19191,18952,1034,19986,247
2021-10-10,Yuba,115,75493,9746,9641,244,9885,69
2021-10-09,Alameda,001,1643700,117153,116253,2715,118968,1356
2021-10-09,Alpine,003,1148,99,102,0,102,0
2021-10-09,Amador,005,37829,5326,5237,57,5294,62
2021-10-09,Butte,007,227075,19807,19277,3562,22839,250
2021-10-09,Calaveras,009,45235,3764,3716,42,3758,75
2021-10-09,Colusa,011,21464,2452,2419,583,3002,18
2021-10-09,Contra Costa,013,1133247,97223,96378,2070,98448,958
2021-10-09,Del Norte,015,27424,3585,3495,48,3543,39
2021-10-09,El Dorado,017,186661,15441,15153,1615,16768,144
2021-10-09,Fresno,019,978130,133133,130508,12098,142606,2018
2021-10-09,Glenn,021,27897,3360,3277,972,4249,26
2021-10-09,Humboldt,023,135768,8632,8448,467,8915,97
2021-10-09,Imperial,025,180216,32401,31989,3110,35099,760
2021-10-09,Inyo,027,18085,1928,1808,41,1849,39
2021-10-09,Kern,029,883053,121969,119795,20001,139796,1559
2021-10-09,Kings,031,150075,30635,29894,1789,31683,308
2021-10-09,Lake,033,64148,6426,6283,127,6410,97
2021-10-09,Lassen,035,31185,6605,6442,314,6756,25
2021-10-09,Los Angeles,037,10098052,1415920,1402810,53154,1455964,26280
2021-10-09,Madera,039,155013,21855,21313,1877,23190,271
2021-10-09,Marin,041,260295,17213,17049,428,17477,242
2021-10-09,Mariposa,043,17540,1114,1042,38,1080,5
2021-10-09,Mendocino,045,87422,7146,7011,425,7436,82
2021-10-09,Merced,047,269075,40180,39784,1671,41455,565
2021-10-09,Modoc,049,8938,500,477,175,652,5
2021-10-09,Mono,051,14174,1633,1577,20,1597,3
2021-10-09,Monterey,053,433212,48093,47168,2745,49913,577
2021-10-09,Napa,055,140530,12709,12586,101,12687,96
2021-10-09,Nevada,057,99092,8767,8613,304,8917,90
2021-10-09,Orange,059,3164182,301809,299089,14552,313641,5457
2021-10-09,Placer,061,380077,35500,34877,3429,38306,393
2021-10-09,Plumas,063,18699,1543,1418,25,1443,6
2021-10-09,Riverside,065,2383286,355094,350082,16197,366279,4965
2021-10-09,Sacramento,067,1510023,153220,151566,4176,155742,2160
2021-10-09,San Benito,069,59416,7182,7123,157,7280,71
2021-10-09,San Bernardino,071,2135413,346423,343452,10860,354312,5556
2021-10-09,San Diego,073,3302833,363088,359909,21350,381259,4111
2021-10-09,San Francisco,075,870044,51745,50960,2237,53197,643
2021-10-09,San Joaquin,077,732212,96889,95606,5243,100849,1669
2021-10-09,San Luis Obispo,079,281455,28734,28197,1174,29371,324
2021-10-09,San Mateo,081,765935,53063,52121,821,52942,569
2021-10-09,Santa Barbara,083,443738,43329,42735,1524,44259,514
2021-10-09,Santa Clara,085,1922200,143755,142298,1212,143510,1873
2021-10-09,Santa Cruz,087,273765,19922,19635,992,20627,217
2021-10-09,Shasta,089,179085,19983,19437,3338,22775,290
2021-10-09,Sierra,091,2930,161,141,17,158,0
2021-10-09,Siskiyou,093,43540,3241,3124,1204,4328,42
2021-10-09,Solano,095,438530,45051,44265,1201,45466,329
2021-10-09,Sonoma,097,501317,40227,39848,508,40356,387
2021-10-09,Stanislaus,099,539301,75207,74899,8525,83424,1114
2021-10-09,Sutter,101,95872,13433,13314,295,13609,165
2021-10-09,Tehama,103,63373,7905,7670,1332,9002,99
2021-10-09,Trinity,105,12862,807,660,206,866,11
2021-10-09,Tulare,107,460477,65181,63398,13811,77209,932
2021-10-09,Tuolumne,109,53932,6639,6521,78,6599,89
2021-10-09,Ventura,111,848112,96450,95542,4234,99776,1158
2021-10-09,Yolo,113,214977,19169,18850,1031,19881,247
2021-10-09,Yuba,115,75493,9734,9551,242,9793,69
2021-10-08,Alameda,001,1643700,117072,116253,2712,118965,1356
2021-10-08,Alpine,003,1148,99,102,0,102,0
2021-10-08,Amador,005,37829,5313,5237,57,5294,62
2021-10-08,Butte,007,227075,19778,19277,3558,22835,250
2021-10-08,Calaveras,009,45235,3759,3716,42,3758,75
2021-10-08,Colusa,011,21464,2450,2419,583,3002,18
2021-10-08,Contra Costa,013,1133247,97179,96378,2065,98443,958
2021-10-08,Del Norte,015,27424,3584,3495,48,3543,39
2021-10-08,El Dorado,017,186661,15421,15153,1611,16764,144
2021-10-08,Fresno,019,978130,132937,130508,12077,142585,2018
2021-10-08,Glenn,021,27897,3352,3277,970,4247,26
2021-10-08,Humboldt,023,135768,8621,8448,464,8912,97
2021-10-08,Imperial,025,180216,32371,31989,3106,35095,760
2021-10-08,Inyo,027,18085,1910,1808,41,1849,39
2021-10-08,Kern,029,883053,121832,119795,19959,139754,1559
2021-10-08,Kings,031,150075,30541,29894,1788,31682,308
2021-10-08,Lake,033,64148,6418,6283,127,6410,97
2021-10-08,Lassen,035,31185,6591,6442,311,6753,25
2021-10-08,Los Angeles,037,10098052,1415259,1402810,53117,1455927,26280
2021-10-08,Madera,039,155013,21796,21313,1870,23183,271
2021-10-08,Marin,041,260295,17202,17049,427,17476,242
2021-10-08,Mariposa,043,17540,1107,1042,36,1078,5
2021-10-08,Mendocino,045,87422,7133,7011,425,7436,82
2021-10-08,Merced,047,269075,40148,39784,1668,41452,565
2021-10-08,Modoc,049,8938,498,477,175,652,5
2021-10-08,Mono,051,14174,1630,1577,20,1597,3
2021-10-08,Monterey,053,433212,48066,47168,2743,49911,577
2021-10-08,Napa,055,140530,12693,12586,101,12687,96
2021-10-08,Nevada,057,99092,8754,8613,304,8917,90
2021-10-08,Orange,059,3164182,301662,299089,14532,313621,5457
2021-10-08,Placer,061,380077,35462,34877,3421,38298,393
2021-10-08,Plumas,063,18699,1531,1418,25,1443,6
2021-10-08,Riverside,065,2383286,354825,350082,16186,366268,4965
2021-10-08,Sacramento,067,1510023,153055,151566,4162,155728,2160
2021-10-08,San Benito,069,59416,7178,7123,155,7278,71
2021-10-08,San Bernardino,071,2135413,346215,343452,10852,354304,5556
2021-10-08,San Diego,073,3302833,362762,359909,21331,381240,4111
2021-10-08,San Francisco,075,870044,51698,50960,2228,53188,643
2021-10-08,San Joaquin,077,732212,96821,95606,5237,100843,1669
2021-10-08,San Luis Obispo,079,281455,28707,28197,1173,29370,324
2021-10-08,San Mateo,081,765935,53035,52121,821,52942,569
2021-10-08,Santa Barbara,083,443738,43294,42735,1523,44258,514
2021-10-08,Santa Clara,085,1922200,143642,142298,1207,143505,1873
2021-10-08,Santa Cruz,087,273765,19907,19635,992,20627,217
2021-10-08,Shasta,089,179085,19941,19437,3332,22769,290
2021-10-08,Sierra,091,2930,159,141,15,156,0
2021-10-08,Siskiyou,093,43540,3233,3124,1203,4327,42
2021-10-08,Solano,095,438530,45012,44265,1200,45465,329
2021-10-08,Sonoma,097,501317,40191,39848,508,40356,387
2021-10-08,Stanislaus,099,539301,75138,74899,8516,83415,1114
2021-10-08,Sutter,101,95872,13419,13314,293,13607,165
2021-10-08,Tehama,103,63373,7888,7670,1330,9000,99
2021-10-08,Trinity,105,12862,806,660,206,866,11
2021-10-08,Tulare,107,460477,65063,63398,13779,77177,932
2021-10-08,Tuolumne,109,53932,6616,6521,78,6599,89
2021-10-08,Ventura,111,848112,96399,95542,4228,99770,1158
2021-10-08,Yolo,113,214977,19156,18850,1027,19877,247
2021-10-08,Yuba,115,75493,9714,9551,241,9792,69
2021-10-07,Alameda,001,1643700,116952,116253,2711,118964,1356
2021-10-07,Alpine,003,1148,99,102,0,102,0
2021-10-07,Amador,005,37829,5306,5237,57,5294,62
2021-10-07,Butte,007,227075,19729,19277,3547,22824,250
2021-10-07,Calaveras,009,45235,3747,3716,42,3758,75
2021-10-07,Colusa,011,21464,2447,2419,577,2996,18
2021-10-07,Contra Costa,013,1133247,97056,96378,2061,98439,958
2021-10-07,Del Norte,015,27424,3581,3495,48,3543,39
2021-10-07,El Dorado,017,186661,15385,15153,1607,16760,144
2021-10-07,Fresno,019,978130,132662,130508,12053,142561,2018
2021-10-07,Glenn,021,27897,3345,3277,968,4245,26
2021-10-07,Humboldt,023,135768,8595,8448,461,8909,97
2021-10-07,Imperial,025,180216,32300,31989,3093,35082,760
2021-10-07,Inyo,027,18085,1891,1808,41,1849,39
2021-10-07,Kern,029,883053,121601,119795,19893,139688,1559
2021-10-07,Kings,031,150075,30476,29894,1782,31676,308
2021-10-07,Lake,033,64148,6407,6283,127,6410,97
2021-10-07,Lassen,035,31185,6573,6442,309,6751,25
2021-10-07,Los Angeles,037,10098052,1414301,1402810,53072,1455882,26280
2021-10-07,Madera,039,155013,21723,21313,1856,23169,271
2021-10-07,Marin,041,260295,17184,17049,427,17476,242
2021-10-07,Mariposa,043,17540,1099,1042,36,1078,5
2021-10-07,Mendocino,045,87422,7123,7011,421,7432,82
2021-10-07,Merced,047,269075,40081,39784,1651,41435,565
2021-10-07,Modoc,049,8938,495,477,174,651,5
2021-10-07,Mono,051,14174,1622,1577,20,1597,3
2021-10-07,Monterey,053,433212,48041,47168,2734,49902,577
2021-10-07,Napa,055,140530,12678,12586,101,12687,96
2021-10-07,Nevada,057,99092,8726,8613,304,8917,90
2021-10-07,Orange,059,3164182,301436,299089,14518,313607,5457
2021-10-07,Placer,061,380077,35400,34877,3414,38291,393
2021-10-07,Plumas,063,18699,1514,1418,25,1443,6
2021-10-07,Riverside,065,2383286,354492,350082,16174,366256,4965
2021-10-07,Sacramento,067,1510023,152773,151566,4135,155701,2160
2021-10-07,San Benito,069,59416,7162,7123,153,7276,71
2021-10-07,San Bernardino,071,2135413,345944,343452,10844,354296,5556
2021-10-07,San Diego,073,3302833,362367,359909,21310,381219,4111
2021-10-07,San Francisco,075,870044,51628,50960,2225,53185,643
2021-10-07,San Joaquin,077,732212,96667,95606,5229,100835,1669
2021-10-07,San Luis Obispo,079,281455,28656,28197,1171,29368,324
2021-10-07,San Mateo,081,765935,52995,52121,819,52940,569
2021-10-07,Santa Barbara,083,443738,43226,42735,1517,44252,514
2021-10-07,Santa Clara,085,1922200,143493,142298,1201,143499,1873
2021-10-07,Santa Cruz,087,273765,19887,19635,991,20626,217
2021-10-07,Shasta,089,179085,19852,19437,3317,22754,290
2021-10-07,Sierra,091,2930,158,141,15,156,0
2021-10-07,Siskiyou,093,43540,3229,3124,1198,4322,42
2021-10-07,Solano,095,438530,44967,44265,1196,45461,329
2021-10-07,Sonoma,097,501317,40154,39848,506,40354,387
2021-10-07,Stanislaus,099,539301,74976,74899,8491,83390,1114
2021-10-07,Sutter,101,95872,13397,13314,290,13604,165
2021-10-07,Tehama,103,63373,7855,7670,1324,8994,99
2021-10-07,Trinity,105,12862,804,660,206,866,11
2021-10-07,Tulare,107,460477,64896,63398,13741,77139,932
2021-10-07,Tuolumne,109,53932,6594,6521,78,6599,89
2021-10-07,Ventura,111,848112,96326,95542,4225,99767,1158
2021-10-07,Yolo,113,214977,19123,18850,1022,19872,247
2021-10-07,Yuba,115,75493,9688,9551,234,9785,69
2021-10-06,Alameda,001,1643700,116816,116058,2705,118763,1353
2021-10-06,Alpine,003,1148,99,102,0,102,0
2021-10-06,Amador,005,37829,5303,5205,57,5262,62
2021-10-06,Butte,007,227075,19667,19208,3540,22748,247
2021-10-06,Calaveras,009,45235,3738,3669,42,3711,75
2021-10-06,Colusa,011,21464,2445,2414,570,2984,18
2021-10-06,Contra Costa,013,1133247,96930,96184,2057,98241,953
2021-10-06,Del Norte,015,27424,3578,3490,45,3535,39
2021-10-06,El Dorado,017,186661,15360,15078,1604,16682,140
2021-10-06,Fresno,019,978130,132372,130074,12028,142102,2008
2021-10-06,Glenn,021,27897,3336,3270,966,4236,26
2021-10-06,Humboldt,023,135768,8580,8416,454,8870,94
2021-10-06,Imperial,025,180216,32247,31930,3082,35012,760
2021-10-06,Inyo,027,18085,1876,1806,41,1847,39
2021-10-06,Kern,029,883053,121344,119491,19800,139291,1552
2021-10-06,Kings,031,150075,30410,29785,1774,31559,308
2021-10-06,Lake,033,64148,6393,6271,127,6398,97
2021-10-06,Lassen,035,31185,6557,6429,308,6737,25
2021-10-06,Los Angeles,037,10098052,1413341,1401675,53024,1454699,26252
2021-10-06,Madera,039,155013,21668,21230,1846,23076,269
2021-10-06,Marin,041,260295,17175,17042,424,17466,242
2021-10-06,Mariposa,043,17540,1092,1036,36,1072,5
2021-10-06,Mendocino,045,87422,7114,6986,419,7405,81
2021-10-06,Merced,047,269075,40006,39666,1639,41305,563
2021-10-06,Modoc,049,8938,495,477,172,649,5
2021-10-06,Mono,051,14174,1610,1568,20,1588,3
2021-10-06,Monterey,053,433212,48008,47136,2729,49865,577
2021-10-06,Napa,055,140530,12654,12552,100,12652,96
2021-10-06,Nevada,057,99092,8710,8582,303,8885,90
2021-10-06,Orange,059,3164182,301198,298785,14505,313290,5448
2021-10-06,Placer,061,380077,35349,34764,3408,38172,390
2021-10-06,Plumas,063,18699,1491,1383,25,1408,6
2021-10-06,Riverside,065,2383286,354136,349645,16153,365798,4953
2021-10-06,Sacramento,067,1510023,152520,151164,4104,155268,2141
2021-10-06,San Benito,069,59416,7147,7108,153,7261,69
2021-10-06,San Bernardino,071,2135413,345651,343022,10837,353859,5551
2021-10-06,San Diego,073,3302833,361875,359564,21282,380846,4104
2021-10-06,San Francisco,075,870044,51565,50894,2222,53116,641
2021-10-06,San Joaquin,077,732212,96533,95418,5217,100635,1658
2021-10-06,San Luis Obispo,079,281455,28606,28170,1165,29335,323
2021-10-06,San Mateo,081,765935,52945,52056,814,52870,569
2021-10-06,Santa Barbara,083,443738,43143,42687,1515,44202,513
2021-10-06,Santa Clara,085,1922200,143342,142124,1196,143320,1872
2021-10-06,Santa Cruz,087,273765,19858,19604,989,20593,217
2021-10-06,Shasta,089,179085,19777,19325,3304,22629,287
2021-10-06,Sierra,091,2930,156,138,15,153,0
2021-10-06,Siskiyou,093,43540,3219,3116,1191,4307,42
2021-10-06,Solano,095,438530,44933,44185,1195,45380,328
2021-10-06,Sonoma,097,501317,40104,39787,505,40292,383
2021-10-06,Stanislaus,099,539301,74834,74699,8478,83177,1114
2021-10-06,Sutter,101,95872,13376,13284,288,13572,164
2021-10-06,Tehama,103,63373,7819,7629,1317,8946,99
2021-10-06,Trinity,105,12862,801,656,206,862,11
2021-10-06,Tulare,107,460477,64717,63198,13682,76880,926
2021-10-06,Tuolumne,109,53932,6569,6486,78,6564,89
2021-10-06,Ventura,111,848112,96235,95449,4217,99666,1158
2021-10-06,Yolo,113,214977,19091,18815,1017,19832,247
2021-10-06,Yuba,115,75493,9664,9520,233,9753,69
2021-10-05,Alameda,001,1643700,116672,115968,2700,118668,1350
2021-10-05,Alpine,003,1148,99,102,0,102,0
2021-10-05,Amador,005,37829,5282,5194,56,5250,61
2021-10-05,Butte,007,227075,19618,19137,3530,22667,246
2021-10-05,Calaveras,009,45235,3722,3657,42,3699,73
2021-10-05,Colusa,011,21464,2438,2414,569,2983,18
2021-10-05,Contra Costa,013,1133247,96813,96108,2051,98159,941
2021-10-05,Del Norte,015,27424,3576,3485,44,3529,39
2021-10-05,El Dorado,017,186661,15321,15052,1601,16653,140
2021-10-05,Fresno,019,978130,132032,129957,11991,141948,1987
2021-10-05,Glenn,021,27897,3326,3270,963,4233,26
2021-10-05,Humboldt,023,135768,8549,8398,450,8848,94
2021-10-05,Imperial,025,180216,32200,31909,3077,34986,759
2021-10-05,Inyo,027,18085,1859,1800,41,1841,39
2021-10-05,Kern,029,883053,121079,119260,19698,138958,1540
2021-10-05,Kings,031,150075,30335,29749,1768,31517,301
2021-10-05,Lake,033,64148,6372,6264,126,6390,97
2021-10-05,Lassen,035,31185,6538,6417,306,6723,25
2021-10-05,Los Angeles,037,10098052,1412197,1400300,52971,1453271,26223
2021-10-05,Madera,039,155013,21610,21183,1833,23016,269
2021-10-05,Marin,041,260295,17163,17024,424,17448,242
2021-10-05,Mariposa,043,17540,1073,1033,33,1066,5
2021-10-05,Mendocino,045,87422,7098,6972,412,7384,79
2021-10-05,Merced,047,269075,39940,39608,1631,41239,562
2021-10-05,Modoc,049,8938,491,475,171,646,5
2021-10-05,Mono,051,14174,1602,1565,20,1585,3
2021-10-05,Monterey,053,433212,47991,47087,2719,49806,573
2021-10-05,Napa,055,140530,12630,12533,100,12633,96
2021-10-05,Nevada,057,99092,8680,8576,303,8879,90
2021-10-05,Orange,059,3164182,300921,298589,14473,313062,5441
2021-10-05,Placer,061,380077,35269,34728,3401,38129,382
2021-10-05,Plumas,063,18699,1466,1357,25,1382,6
2021-10-05,Riverside,065,2383286,353776,349365,16138,365503,4942
2021-10-05,Sacramento,067,1510023,152246,151111,4076,155187,2126
2021-10-05,San Benito,069,59416,7129,7103,151,7254,69
2021-10-05,San Bernardino,071,2135413,345322,342711,10830,353541,5557
2021-10-05,San Diego,073,3302833,361300,359194,21255,380449,4092
2021-10-05,San Francisco,075,870044,51468,50826,2219,53045,641
2021-10-05,San Joaquin,077,732212,96380,95276,5190,100466,1651
2021-10-05,San Luis Obispo,079,281455,28562,28113,1163,29276,324
2021-10-05,San Mateo,081,765935,52898,52008,814,52822,569
2021-10-05,Santa Barbara,083,443738,43065,42595,1511,44106,511
2021-10-05,Santa Clara,085,1922200,143182,141971,1189,143160,1873
2021-10-05,Santa Cruz,087,273765,19816,19582,989,20571,216
2021-10-05,Shasta,089,179085,19703,19285,3291,22576,286
2021-10-05,Sierra,091,2930,152,136,15,151,0
2021-10-05,Siskiyou,093,43540,3205,3107,1191,4298,42
2021-10-05,Solano,095,438530,44862,44149,1193,45342,325
2021-10-05,Sonoma,097,501317,40049,39756,500,40256,383
2021-10-05,Stanislaus,099,539301,74672,74599,8461,83060,1114
2021-10-05,Sutter,101,95872,13348,13270,287,13557,164
2021-10-05,Tehama,103,63373,7789,7607,1308,8915,98
2021-10-05,Trinity,105,12862,798,655,206,861,11
2021-10-05,Tulare,107,460477,64510,63093,13628,76721,920
2021-10-05,Tuolumne,109,53932,6554,6473,77,6550,89
2021-10-05,Ventura,111,848112,96129,95351,4216,99567,1155
2021-10-05,Yolo,113,214977,19055,18782,1011,19793,245
2021-10-05,Yuba,115,75493,9632,9504,230,9734,69
2021-10-04,Alameda,001,1643700,116508,115845,2697,118542,1347
2021-10-04,Alpine,003,1148,99,102,0,102,0
2021-10-04,Amador,005,37829,5272,5163,55,5218,61
2021-10-04,Butte,007,227075,19541,19081,3518,22599,245
2021-10-04,Calaveras,009,45235,3713,3641,42,3683,73
2021-10-04,Colusa,011,21464,2437,2414,567,2981,18
2021-10-04,Contra Costa,013,1133247,96672,95958,2046,98004,937
2021-10-04,Del Norte,015,27424,3574,3485,40,3525,39
2021-10-04,El Dorado,017,186661,15274,15031,1594,16625,138
2021-10-04,Fresno,019,978130,131722,129665,11961,141626,1978
2021-10-04,Glenn,021,27897,3319,3270,960,4230,26
2021-10-04,Humboldt,023,135768,8517,8355,442,8797,94
2021-10-04,Imperial,025,180216,32151,31866,3070,34936,757
2021-10-04,Inyo,027,18085,1847,1792,38,1830,39
2021-10-04,Kern,029,883053,120788,118984,19577,138561,1531
2021-10-04,Kings,031,150075,30242,29702,1765,31467,303
2021-10-04,Lake,033,64148,6359,6248,126,6374,97
2021-10-04,Lassen,035,31185,6521,6405,306,6711,25
2021-10-04,Los Angeles,037,10098052,1411082,1399604,52911,1452515,26186
2021-10-04,Madera,039,155013,21546,21126,1821,22947,266
2021-10-04,Marin,041,260295,17147,17008,423,17431,242
2021-10-04,Mariposa,043,17540,1061,1024,33,1057,5
2021-10-04,Mendocino,045,87422,7080,6947,409,7356,79
2021-10-04,Merced,047,269075,39824,39565,1615,41180,558
2021-10-04,Modoc,049,8938,488,473,171,644,5
2021-10-04,Mono,051,14174,1594,1561,20,1581,3
2021-10-04,Monterey,053,433212,47970,47058,2712,49770,571
2021-10-04,Napa,055,140530,12606,12506,100,12606,96
2021-10-04,Nevada,057,99092,8660,8563,303,8866,90
2021-10-04,Orange,059,3164182,300625,298165,14441,312606,5438
2021-10-04,Placer,061,380077,35187,34630,3373,38003,379
2021-10-04,Plumas,063,18699,1444,1329,25,1354,6
2021-10-04,Riverside,065,2383286,353396,348828,16128,364956,4923
2021-10-04,Sacramento,067,1510023,151922,150887,4049,154936,2115
2021-10-04,San Benito,069,59416,7116,7099,151,7250,69
2021-10-04,San Bernardino,071,2135413,344961,342418,10818,353236,5551
2021-10-04,San Diego,073,3302833,360734,358525,21224,379749,4090
2021-10-04,San Francisco,075,870044,51373,50798,2215,53013,638
2021-10-04,San Joaquin,077,732212,96183,95198,5170,100368,1649
2021-10-04,San Luis Obispo,079,281455,28517,28090,1157,29247,323
2021-10-04,San Mateo,081,765935,52838,51958,813,52771,569
2021-10-04,Santa Barbara,083,443738,42980,42585,1510,44095,511
2021-10-04,Santa Clara,085,1922200,143037,141840,1183,143023,1869
2021-10-04,Santa Cruz,087,273765,19787,19559,988,20547,216
2021-10-04,Shasta,089,179085,19596,19170,3277,22447,279
2021-10-04,Sierra,091,2930,145,136,14,150,0
2021-10-04,Siskiyou,093,43540,3196,3103,1176,4279,42
2021-10-04,Solano,095,438530,44803,44092,1189,45281,322
2021-10-04,Sonoma,097,501317,39983,39720,500,40220,381
2021-10-04,Stanislaus,099,539301,74520,74444,8442,82886,1106
2021-10-04,Sutter,101,95872,13319,13261,286,13547,164
2021-10-04,Tehama,103,63373,7748,7585,1302,8887,95
2021-10-04,Trinity,105,12862,797,649,205,854,11
2021-10-04,Tulare,107,460477,64322,62957,13559,76516,920
2021-10-04,Tuolumne,109,53932,6528,6442,77,6519,89
2021-10-04,Ventura,111,848112,96037,95170,4210,99380,1153
2021-10-04,Yolo,113,214977,19011,18761,1007,19768,242
2021-10-04,Yuba,115,75493,9593,9481,228,9709,68
2021-10-03,Alameda,001,1643700,116367,115751,2687,118438,1349
2021-10-03,Alpine,003,1148,99,102,0,102,0
2021-10-03,Amador,005,37829,5254,5160,53,5213,61
2021-10-03,Butte,007,227075,19468,19066,3501,22567,245
2021-10-03,Calaveras,009,45235,3696,3632,42,3674,73
2021-10-03,Colusa,011,21464,2436,2413,564,2977,18
2021-10-03,Contra Costa,013,1133247,96540,95890,2039,97929,937
2021-10-03,Del Norte,015,27424,3568,3483,39,3522,39
2021-10-03,El Dorado,017,186661,15216,15014,1587,16601,139
2021-10-03,Fresno,019,978130,131340,129365,11919,141284,1978
2021-10-03,Glenn,021,27897,3312,3266,952,4218,26
2021-10-03,Humboldt,023,135768,8472,8352,438,8790,94
2021-10-03,Imperial,025,180216,32084,31844,3062,34906,757
2021-10-03,Inyo,027,18085,1826,1788,38,1826,39
2021-10-03,Kern,029,883053,120483,118851,19455,138306,1535
2021-10-03,Kings,031,150075,30141,29623,1758,31381,300
2021-10-03,Lake,033,64148,6333,6239,126,6365,97
2021-10-03,Lassen,035,31185,6499,6400,304,6704,25
2021-10-03,Los Angeles,037,10098052,1409812,1398790,52856,1451646,26179
2021-10-03,Madera,039,155013,21474,21066,1811,22877,266
2021-10-03,Marin,041,260295,17124,16995,418,17413,242
2021-10-03,Mariposa,043,17540,1054,1011,33,1044,5
2021-10-03,Mendocino,045,87422,7060,6939,400,7339,79
2021-10-03,Merced,047,269075,39717,39516,1595,41111,558
2021-10-03,Modoc,049,8938,487,472,170,642,5
2021-10-03,Mono,051,14174,1590,1554,20,1574,3
2021-10-03,Monterey,053,433212,47945,47049,2701,49750,571
2021-10-03,Napa,055,140530,12578,12489,98,12587,96
2021-10-03,Nevada,057,99092,8625,8545,303,8848,90
2021-10-03,Orange,059,3164182,300343,298027,14421,312448,5447
2021-10-03,Placer,061,380077,35048,34596,3356,37952,379
2021-10-03,Plumas,063,18699,1416,1328,25,1353,6
2021-10-03,Riverside,065,2383286,352965,348593,16107,364700,4924
2021-10-03,Sacramento,067,1510023,151633,150664,4020,154684,2120
2021-10-03,San Benito,069,59416,7107,7095,151,7246,69
2021-10-03,San Bernardino,071,2135413,344551,342302,10811,353113,5555
2021-10-03,San Diego,073,3302833,360155,358153,21192,379345,4081
2021-10-03,San Francisco,075,870044,51285,50733,2212,52945,638
2021-10-03,San Joaquin,077,732212,95994,95133,5162,100295,1649
2021-10-03,San Luis Obispo,079,281455,28450,28065,1152,29217,325
2021-10-03,San Mateo,081,765935,52771,51923,812,52735,569
2021-10-03,Santa Barbara,083,443738,42884,42550,1502,44052,511
2021-10-03,Santa Clara,085,1922200,142867,141737,1175,142912,1869
2021-10-03,Santa Cruz,087,273765,19747,19548,986,20534,216
2021-10-03,Shasta,089,179085,19491,19132,3249,22381,279
2021-10-03,Sierra,091,2930,142,136,14,150,0
2021-10-03,Siskiyou,093,43540,3183,3096,1165,4261,42
2021-10-03,Solano,095,438530,44739,44051,1186,45237,322
2021-10-03,Sonoma,097,501317,39917,39679,500,40179,381
2021-10-03,Stanislaus,099,539301,74332,74366,8424,82790,1106
2021-10-03,Sutter,101,95872,13304,13248,282,13530,164
2021-10-03,Tehama,103,63373,7705,7564,1297,8861,94
2021-10-03,Trinity,105,12862,793,647,203,850,11
2021-10-03,Tulare,107,460477,64118,62860,13486,76346,924
2021-10-03,Tuolumne,109,53932,6499,6430,75,6505,89
2021-10-03,Ventura,111,848112,95932,95108,4207,99315,1153
2021-10-03,Yolo,113,214977,18982,18720,999,19719,242
2021-10-03,Yuba,115,75493,9574,9462,227,9689,68
2021-10-02,Alameda,001,1643700,116259,115185,2683,117868,1343
2021-10-02,Alpine,003,1148,99,102,0,102,0
2021-10-02,Amador,005,37829,5245,5105,53,5158,61
2021-10-02,Butte,007,227075,19437,18911,3494,22405,243
2021-10-02,Calaveras,009,45235,3689,3585,42,3627,72
2021-10-02,Colusa,011,21464,2435,2403,562,2965,18
2021-10-02,Contra Costa,013,1133247,96469,95369,2035,97404,933
2021-10-02,Del Norte,015,27424,3563,3468,39,3507,39
2021-10-02,El Dorado,017,186661,15190,14887,1586,16473,136
2021-10-02,Fresno,019,978130,131169,128450,11906,140356,1964
2021-10-02,Glenn,021,27897,3307,3234,952,4186,26
2021-10-02,Humboldt,023,135768,8453,8244,438,8682,94
2021-10-02,Imperial,025,180216,32049,31674,3059,34733,757
2021-10-02,Inyo,027,18085,1817,1746,38,1784,39
2021-10-02,Kern,029,883053,120350,117962,19373,137335,1524
2021-10-02,Kings,031,150075,30092,29339,1754,31093,301
2021-10-02,Lake,033,64148,6324,6191,126,6317,97
2021-10-02,Lassen,035,31185,6494,6360,304,6664,25
2021-10-02,Los Angeles,037,10098052,1409205,1395070,52819,1447889,26126
2021-10-02,Madera,039,155013,21449,20931,1802,22733,266
2021-10-02,Marin,041,260295,17119,16936,415,17351,242
2021-10-02,Mariposa,043,17540,1052,967,33,1000,5
2021-10-02,Mendocino,045,87422,7050,6869,400,7269,78
2021-10-02,Merced,047,269075,39690,39196,1591,40787,552
2021-10-02,Modoc,049,8938,485,468,170,638,5
2021-10-02,Mono,051,14174,1588,1540,20,1560,3
2021-10-02,Monterey,053,433212,47890,46964,2700,49664,571
2021-10-02,Napa,055,140530,12567,12433,98,12531,96
2021-10-02,Nevada,057,99092,8614,8474,302,8776,87
2021-10-02,Orange,059,3164182,300178,297307,14401,311708,5435
2021-10-02,Placer,061,380077,34982,34377,3347,37724,381
2021-10-02,Plumas,063,18699,1405,1298,25,1323,6
2021-10-02,Riverside,065,2383286,352724,347227,16096,363323,4895
2021-10-02,Sacramento,067,1510023,151459,149897,4012,153909,2099
2021-10-02,San Benito,069,59416,7100,7055,151,7206,69
2021-10-02,San Bernardino,071,2135413,344368,341212,10759,351971,5540
2021-10-02,San Diego,073,3302833,359838,356454,21170,377624,4078
2021-10-02,San Francisco,075,870044,51236,50393,2207,52600,634
2021-10-02,San Joaquin,077,732212,95929,94599,5156,99755,1646
2021-10-02,San Luis Obispo,079,281455,28426,27915,1152,29067,323
2021-10-02,San Mateo,081,765935,52730,51767,808,52575,573
2021-10-02,Santa Barbara,083,443738,42844,42423,1502,43925,508
2021-10-02,Santa Clara,085,1922200,142753,141231,1171,142402,1862
2021-10-02,Santa Cruz,087,273765,19730,19461,985,20446,214
2021-10-02,Shasta,089,179085,19445,18912,3243,22155,270
2021-10-02,Sierra,091,2930,141,131,14,145,0
2021-10-02,Siskiyou,093,43540,3182,3053,1162,4215,42
2021-10-02,Solano,095,438530,44694,43800,1185,44985,321
2021-10-02,Sonoma,097,501317,39883,39497,499,39996,382
2021-10-02,Stanislaus,099,539301,74246,73859,8411,82270,1099
2021-10-02,Sutter,101,95872,13295,13160,281,13441,160
2021-10-02,Tehama,103,63373,7690,7453,1297,8750,93
2021-10-02,Trinity,105,12862,790,625,203,828,10
2021-10-02,Tulare,107,460477,64042,62247,13459,75706,908
2021-10-02,Tuolumne,109,53932,6485,6369,75,6444,89
2021-10-02,Ventura,111,848112,95860,94854,4202,99056,1148
2021-10-02,Yolo,113,214977,18957,18640,995,19635,242
2021-10-02,Yuba,115,75493,9555,9370,226,9596,66
2021-10-01,Alameda,001,1643700,116183,115185,2676,117861,1343
2021-10-01,Alpine,003,1148,99,102,0,102,0
2021-10-01,Amador,005,37829,5225,5105,53,5158,61
2021-10-01,Butte,007,227075,19396,18911,3488,22399,243
2021-10-01,Calaveras,009,45235,3679,3585,42,3627,72
2021-10-01,Colusa,011,21464,2433,2403,562,2965,18
2021-10-01,Contra Costa,013,1133247,96372,95369,2031,97400,933
2021-10-01,Del Norte,015,27424,3560,3468,38,3506,39
2021-10-01,El Dorado,017,186661,15173,14887,1582,16469,136
2021-10-01,Fresno,019,978130,130981,128450,11896,140346,1964
2021-10-01,Glenn,021,27897,3305,3234,951,4185,26
2021-10-01,Humboldt,023,135768,8436,8244,438,8682,94
2021-10-01,Imperial,025,180216,32030,31674,3050,34724,757
2021-10-01,Inyo,027,18085,1808,1746,38,1784,39
2021-10-01,Kern,029,883053,120197,117962,19315,137277,1524
2021-10-01,Kings,031,150075,30058,29339,1748,31087,301
2021-10-01,Lake,033,64148,6314,6191,126,6317,97
2021-10-01,Lassen,035,31185,6483,6360,303,6663,25
2021-10-01,Los Angeles,037,10098052,1408444,1395070,52774,1447844,26126
2021-10-01,Madera,039,155013,21399,20931,1793,22724,266
2021-10-01,Marin,041,260295,17104,16936,414,17350,242
2021-10-01,Mariposa,043,17540,1045,967,33,1000,5
2021-10-01,Mendocino,045,87422,7038,6869,400,7269,78
2021-10-01,Merced,047,269075,39646,39196,1582,40778,552
2021-10-01,Modoc,049,8938,484,468,170,638,5
2021-10-01,Mono,051,14174,1585,1540,20,1560,3
2021-10-01,Monterey,053,433212,47869,46964,2697,49661,571
2021-10-01,Napa,055,140530,12557,12433,97,12530,96
2021-10-01,Nevada,057,99092,8600,8474,301,8775,87
2021-10-01,Orange,059,3164182,299994,297307,14381,311688,5435
2021-10-01,Placer,061,380077,34948,34377,3343,37720,381
2021-10-01,Plumas,063,18699,1396,1298,25,1323,6
2021-10-01,Riverside,065,2383286,352431,347227,16088,363315,4895
2021-10-01,Sacramento,067,1510023,151307,149897,4001,153898,2099
2021-10-01,San Benito,069,59416,7098,7055,149,7204,69
2021-10-01,San Bernardino,071,2135413,344168,341212,10756,351968,5540
2021-10-01,San Diego,073,3302833,359478,356454,21149,377603,4078
2021-10-01,San Francisco,075,870044,51195,50393,2205,52598,634
2021-10-01,San Joaquin,077,732212,95859,94599,5152,99751,1646
2021-10-01,San Luis Obispo,079,281455,28402,27915,1149,29064,323
2021-10-01,San Mateo,081,765935,52690,51767,805,52572,573
2021-10-01,Santa Barbara,083,443738,42808,42423,1502,43925,508
2021-10-01,Santa Clara,085,1922200,142660,141231,1166,142397,1862
2021-10-01,Santa Cruz,087,273765,19710,19461,984,20445,214
2021-10-01,Shasta,089,179085,19391,18912,3235,22147,270
2021-10-01,Sierra,091,2930,141,131,14,145,0
2021-10-01,Siskiyou,093,43540,3181,3053,1159,4212,42
2021-10-01,Solano,095,438530,44642,43800,1179,44979,321
2021-10-01,Sonoma,097,501317,39851,39497,498,39995,382
2021-10-01,Stanislaus,099,539301,74162,73859,8400,82259,1099
2021-10-01,Sutter,101,95872,13279,13160,279,13439,160
2021-10-01,Tehama,103,63373,7678,7453,1295,8748,93
2021-10-01,Trinity,105,12862,788,625,203,828,10
2021-10-01,Tulare,107,460477,63939,62247,13424,75671,908
2021-10-01,Tuolumne,109,53932,6468,6369,75,6444,89
2021-10-01,Ventura,111,848112,95793,94854,4197,99051,1148
2021-10-01,Yolo,113,214977,18933,18640,991,19631,242
2021-10-01,Yuba,115,75493,9533,9370,226,9596,66
2021-09-30,Alameda,001,1643700,116037,115185,2673,117858,1343
2021-09-30,Alpine,003,1148,99,102,0,102,0
2021-09-30,Amador,005,37829,5213,5105,53,5158,61
2021-09-30,Butte,007,227075,19347,18911,3479,22390,243
2021-09-30,Calaveras,009,45235,3665,3585,42,3627,72
2021-09-30,Colusa,011,21464,2430,2403,561,2964,18
2021-09-30,Contra Costa,013,1133247,96267,95369,2025,97394,933
2021-09-30,Del Norte,015,27424,3556,3468,35,3503,39
2021-09-30,El Dorado,017,186661,15147,14887,1574,16461,136
2021-09-30,Fresno,019,978130,130705,128450,11862,140312,1964
2021-09-30,Glenn,021,27897,3295,3234,949,4183,26
2021-09-30,Humboldt,023,135768,8404,8244,432,8676,94
2021-09-30,Imperial,025,180216,31978,31674,3048,34722,757
2021-09-30,Inyo,027,18085,1798,1746,38,1784,39
2021-09-30,Kern,029,883053,119953,117962,19233,137195,1524
2021-09-30,Kings,031,150075,29968,29339,1744,31083,301
2021-09-30,Lake,033,64148,6296,6191,126,6317,97
2021-09-30,Lassen,035,31185,6469,6360,303,6663,25
2021-09-30,Los Angeles,037,10098052,1407239,1395070,52714,1447784,26126
2021-09-30,Madera,039,155013,21316,20931,1778,22709,266
2021-09-30,Marin,041,260295,17084,16936,413,17349,242
2021-09-30,Mariposa,043,17540,1023,967,33,1000,5
2021-09-30,Mendocino,045,87422,7029,6869,391,7260,78
2021-09-30,Merced,047,269075,39549,39196,1578,40774,552
2021-09-30,Modoc,049,8938,484,468,169,637,5
2021-09-30,Mono,051,14174,1577,1540,20,1560,3
2021-09-30,Monterey,053,433212,47839,46964,2685,49649,571
2021-09-30,Napa,055,140530,12537,12433,97,12530,96
2021-09-30,Nevada,057,99092,8583,8474,300,8774,87
2021-09-30,Orange,059,3164182,299722,297307,14342,311649,5435
2021-09-30,Placer,061,380077,34894,34377,3323,37700,381
2021-09-30,Plumas,063,18699,1378,1298,25,1323,6
2021-09-30,Riverside,065,2383286,351998,347227,16067,363294,4895
2021-09-30,Sacramento,067,1510023,151046,149897,3975,153872,2099
2021-09-30,San Benito,069,59416,7092,7055,149,7204,69
2021-09-30,San Bernardino,071,2135413,343857,341212,10742,351954,5540
2021-09-30,San Diego,073,3302833,358997,356454,21123,377577,4078
2021-09-30,San Francisco,075,870044,51118,50393,2201,52594,634
2021-09-30,San Joaquin,077,732212,95729,94599,5144,99743,1646
2021-09-30,San Luis Obispo,079,281455,28354,27915,1145,29060,323
2021-09-30,San Mateo,081,765935,52641,51767,802,52569,573
2021-09-30,Santa Barbara,083,443738,42751,42423,1501,43924,508
2021-09-30,Santa Clara,085,1922200,142510,141231,1163,142394,1862
2021-09-30,Santa Cruz,087,273765,19670,19461,983,20444,214
2021-09-30,Shasta,089,179085,19329,18912,3220,22132,270
2021-09-30,Sierra,091,2930,140,131,14,145,0
2021-09-30,Siskiyou,093,43540,3173,3053,1154,4207,42
2021-09-30,Solano,095,438530,44588,43800,1176,44976,321
2021-09-30,Sonoma,097,501317,39802,39497,498,39995,382
2021-09-30,Stanislaus,099,539301,74002,73859,8381,82240,1099
2021-09-30,Sutter,101,95872,13258,13160,279,13439,160
2021-09-30,Tehama,103,63373,7641,7453,1283,8736,93
2021-09-30,Trinity,105,12862,784,625,203,828,10
2021-09-30,Tulare,107,460477,63763,62247,13366,75613,908
2021-09-30,Tuolumne,109,53932,6445,6369,75,6444,89
2021-09-30,Ventura,111,848112,95688,94854,4190,99044,1148
2021-09-30,Yolo,113,214977,18894,18640,988,19628,242
2021-09-30,Yuba,115,75493,9510,9370,225,9595,66
2021-09-29,Alameda,001,1643700,115893,114998,2670,117668,1339
2021-09-29,Alpine,003,1148,99,101,0,101,0
2021-09-29,Amador,005,37829,5191,5058,53,5111,61
2021-09-29,Butte,007,227075,19293,18835,3472,22307,242
2021-09-29,Calaveras,009,45235,3648,3553,41,3594,72
2021-09-29,Colusa,011,21464,2428,2401,561,2962,18
2021-09-29,Contra Costa,013,1133247,96153,95213,2017,97230,929
2021-09-29,Del Norte,015,27424,3550,3467,35,3502,39
2021-09-29,El Dorado,017,186661,15113,14834,1567,16401,136
2021-09-29,Fresno,019,978130,130405,128068,11841,139909,1957
2021-09-29,Glenn,021,27897,3290,3213,947,4160,26
2021-09-29,Humboldt,023,135768,8380,8203,431,8634,94
2021-09-29,Imperial,025,180216,31911,31600,3043,34643,757
2021-09-29,Inyo,027,18085,1788,1740,37,1777,39
2021-09-29,Kern,029,883053,119718,117605,19157,136762,1513
2021-09-29,Kings,031,150075,29886,29195,1729,30924,299
2021-09-29,Lake,033,64148,6276,6164,126,6290,97
2021-09-29,Lassen,035,31185,6455,6347,303,6650,25
2021-09-29,Los Angeles,037,10098052,1406027,1393617,52642,1446259,26098
2021-09-29,Madera,039,155013,21271,20818,1762,22580,266
2021-09-29,Marin,041,260295,17066,16921,411,17332,242
2021-09-29,Mariposa,043,17540,1008,963,33,996,5
2021-09-29,Mendocino,045,87422,7017,6821,383,7204,78
2021-09-29,Merced,047,269075,39455,39026,1567,40593,552
2021-09-29,Modoc,049,8938,482,468,169,637,5
2021-09-29,Mono,051,14174,1575,1527,20,1547,3
2021-09-29,Monterey,053,433212,47801,46917,2671,49588,571
2021-09-29,Napa,055,140530,12517,12416,93,12509,96
2021-09-29,Nevada,057,99092,8570,8434,300,8734,87
2021-09-29,Orange,059,3164182,299454,296936,14306,311242,5429
2021-09-29,Placer,061,380077,34830,34271,3300,37571,379
2021-09-29,Plumas,063,18699,1359,1289,25,1314,6
2021-09-29,Riverside,065,2383286,351564,346558,16054,362612,4886
2021-09-29,Sacramento,067,1510023,150795,149686,3965,153651,2099
2021-09-29,San Benito,069,59416,7081,7039,149,7188,69
2021-09-29,San Bernardino,071,2135413,343535,340672,10728,351400,5539
2021-09-29,San Diego,073,3302833,358510,355899,21093,376992,4066
2021-09-29,San Francisco,075,870044,51033,50286,2197,52483,629
2021-09-29,San Joaquin,077,732212,95571,94356,5122,99478,1645
2021-09-29,San Luis Obispo,079,281455,28308,27800,1139,28939,323
2021-09-29,San Mateo,081,765935,52581,51673,800,52473,573
2021-09-29,Santa Barbara,083,443738,42679,42328,1498,43826,507
2021-09-29,Santa Clara,085,1922200,142375,141036,1157,142193,1861
2021-09-29,Santa Cruz,087,273765,19652,19425,982,20407,214
2021-09-29,Shasta,089,179085,19263,18805,3208,22013,271
2021-09-29,Sierra,091,2930,136,130,14,144,0
2021-09-29,Siskiyou,093,43540,3160,3043,1147,4190,42
2021-09-29,Solano,095,438530,44532,43724,1169,44893,321
2021-09-29,Sonoma,097,501317,39741,39426,496,39922,370
2021-09-29,Stanislaus,099,539301,73871,73634,8370,82004,1096
2021-09-29,Sutter,101,95872,13231,13135,276,13411,155
2021-09-29,Tehama,103,63373,7611,7409,1268,8677,88
2021-09-29,Trinity,105,12862,780,616,203,819,10
2021-09-29,Tulare,107,460477,63590,62046,13307,75353,908
2021-09-29,Tuolumne,109,53932,6428,6336,75,6411,89
2021-09-29,Ventura,111,848112,95598,94753,4186,98939,1144
2021-09-29,Yolo,113,214977,18861,18587,983,19570,239
2021-09-29,Yuba,115,75493,9479,9351,221,9572,66
2021-09-28,Alameda,001,1643700,115735,114869,2664,117533,1333
2021-09-28,Alpine,003,1148,99,101,0,101,0
2021-09-28,Amador,005,37829,5169,5049,53,5102,61
2021-09-28,Butte,007,227075,19244,18764,3459,22223,241
2021-09-28,Calaveras,009,45235,3628,3530,41,3571,72
2021-09-28,Colusa,011,21464,2425,2399,559,2958,18
2021-09-28,Contra Costa,013,1133247,96012,95115,2012,97127,929
2021-09-28,Del Norte,015,27424,3547,3462,35,3497,39
2021-09-28,El Dorado,017,186661,15067,14793,1563,16356,133
2021-09-28,Fresno,019,978130,130060,127877,11807,139684,1948
2021-09-28,Glenn,021,27897,3285,3205,946,4151,26
2021-09-28,Humboldt,023,135768,8339,8159,428,8587,91
2021-09-28,Imperial,025,180216,31866,31543,3039,34582,757
2021-09-28,Inyo,027,18085,1774,1708,36,1744,39
2021-09-28,Kern,029,883053,119449,117420,19062,136482,1506
2021-09-28,Kings,031,150075,29784,29141,1721,30862,295
2021-09-28,Lake,033,64148,6261,6155,126,6281,95
2021-09-28,Lassen,035,31185,6449,6340,299,6639,25
2021-09-28,Los Angeles,037,10098052,1404732,1392445,52573,1445018,26068
2021-09-28,Madera,039,155013,21217,20764,1746,22510,266
2021-09-28,Marin,041,260295,17047,16887,409,17296,242
2021-09-28,Mariposa,043,17540,1003,952,33,985,5
2021-09-28,Mendocino,045,87422,6995,6804,381,7185,78
2021-09-28,Merced,047,269075,39368,38953,1554,40507,551
2021-09-28,Modoc,049,8938,481,467,169,636,5
2021-09-28,Mono,051,14174,1565,1527,20,1547,3
2021-09-28,Monterey,053,433212,47764,46859,2662,49521,571
2021-09-28,Napa,055,140530,12500,12388,92,12480,96
2021-09-28,Nevada,057,99092,8547,8409,299,8708,84
2021-09-28,Orange,059,3164182,299201,296596,14278,310874,5421
2021-09-28,Placer,061,380077,34765,34187,3282,37469,370
2021-09-28,Plumas,063,18699,1350,1276,25,1301,6
2021-09-28,Riverside,065,2383286,351105,346096,16033,362129,4874
2021-09-28,Sacramento,067,1510023,150505,149310,3943,153253,2086
2021-09-28,San Benito,069,59416,7064,7028,148,7176,69
2021-09-28,San Bernardino,071,2135413,343186,340342,10711,351053,5540
2021-09-28,San Diego,073,3302833,357963,355373,21061,376434,4054
2021-09-28,San Francisco,075,870044,50932,50234,2196,52430,627
2021-09-28,San Joaquin,077,732212,95417,94194,5109,99303,1639
2021-09-28,San Luis Obispo,079,281455,28274,27755,1134,28889,321
2021-09-28,San Mateo,081,765935,52536,51620,799,52419,571
2021-09-28,Santa Barbara,083,443738,42606,42226,1497,43723,506
2021-09-28,Santa Clara,085,1922200,142214,140886,1148,142034,1858
2021-09-28,Santa Cruz,087,273765,19611,19324,981,20305,214
2021-09-28,Shasta,089,179085,19202,18701,3194,21895,267
2021-09-28,Sierra,091,2930,135,130,13,143,0
2021-09-28,Siskiyou,093,43540,3148,3032,1144,4176,42
2021-09-28,Solano,095,438530,44459,43652,1166,44818,316
2021-09-28,Sonoma,097,501317,39694,39395,495,39890,370
2021-09-28,Stanislaus,099,539301,73700,73528,8358,81886,1094
2021-09-28,Sutter,101,95872,13212,13102,272,13374,155
2021-09-28,Tehama,103,63373,7593,7382,1253,8635,88
2021-09-28,Trinity,105,12862,777,613,203,816,10
2021-09-28,Tulare,107,460477,63430,61916,13248,75164,905
2021-09-28,Tuolumne,109,53932,6402,6308,75,6383,89
2021-09-28,Ventura,111,848112,95472,94632,4183,98815,1143
2021-09-28,Yolo,113,214977,18835,18564,980,19544,239
2021-09-28,Yuba,115,75493,9460,9323,220,9543,66
2021-09-27,Alameda,001,1643700,115541,114731,2655,117386,1327
2021-09-27,Alpine,003,1148,99,101,0,101,0
2021-09-27,Amador,005,37829,5155,5017,53,5070,59
2021-09-27,Butte,007,227075,19185,18687,3443,22130,239
2021-09-27,Calaveras,009,45235,3608,3514,40,3554,70
2021-09-27,Colusa,011,21464,2424,2393,558,2951,18
2021-09-27,Contra Costa,013,1133247,95881,94979,2003,96982,924
2021-09-27,Del Norte,015,27424,3545,3468,33,3501,37
2021-09-27,El Dorado,017,186661,15028,14764,1556,16320,132
2021-09-27,Fresno,019,978130,129739,127475,11772,139247,1942
2021-09-27,Glenn,021,27897,3272,3189,942,4131,26
2021-09-27,Humboldt,023,135768,8299,8118,428,8546,91
2021-09-27,Imperial,025,180216,31803,31491,3032,34523,756
2021-09-27,Inyo,027,18085,1762,1698,36,1734,39
2021-09-27,Kern,029,883053,119174,117064,18964,136028,1503
2021-09-27,Kings,031,150075,29686,28998,1709,30707,297
2021-09-27,Lake,033,64148,6241,6126,124,6250,95
2021-09-27,Lassen,035,31185,6434,6327,295,6622,25
2021-09-27,Los Angeles,037,10098052,1403394,1391538,52504,1444042,26040
2021-09-27,Madera,039,155013,21152,20691,1738,22429,262
2021-09-27,Marin,041,260295,17026,16861,408,17269,242
2021-09-27,Mariposa,043,17540,993,931,33,964,5
2021-09-27,Mendocino,045,87422,6969,6761,374,7135,74
2021-09-27,Merced,047,269075,39268,38840,1548,40388,548
2021-09-27,Modoc,049,8938,480,465,167,632,5
2021-09-27,Mono,051,14174,1553,1525,20,1545,3
2021-09-27,Monterey,053,433212,47721,46811,2650,49461,571
2021-09-27,Napa,055,140530,12476,12354,91,12445,95
2021-09-27,Nevada,057,99092,8523,8379,296,8675,84
2021-09-27,Orange,059,3164182,298896,296334,14247,310581,5409
2021-09-27,Placer,061,380077,34678,34087,3277,37364,370
2021-09-27,Plumas,063,18699,1340,1269,25,1294,6
2021-09-27,Riverside,065,2383286,350663,345529,16023,361552,4864
2021-09-27,Sacramento,067,1510023,150188,149096,3921,153017,2076
2021-09-27,San Benito,069,59416,7047,7017,148,7165,67
2021-09-27,San Bernardino,071,2135413,342774,339952,10686,350638,5544
2021-09-27,San Diego,073,3302833,357311,354755,21036,375791,4054
2021-09-27,San Francisco,075,870044,50848,50157,2192,52349,622
2021-09-27,San Joaquin,077,732212,95233,94085,5106,99191,1633
2021-09-27,San Luis Obispo,079,281455,28219,27674,1131,28805,320
2021-09-27,San Mateo,081,765935,52460,51552,799,52351,571
2021-09-27,Santa Barbara,083,443738,42539,42012,1493,43505,505
2021-09-27,Santa Clara,085,1922200,142033,140802,1138,141940,1853
2021-09-27,Santa Cruz,087,273765,19587,19292,980,20272,214
2021-09-27,Shasta,089,179085,19121,18599,3167,21766,267
2021-09-27,Sierra,091,2930,135,128,13,141,0
2021-09-27,Siskiyou,093,43540,3136,3015,1139,4154,42
2021-09-27,Solano,095,438530,44384,43582,1160,44742,314
2021-09-27,Sonoma,097,501317,39640,39347,495,39842,370
2021-09-27,Stanislaus,099,539301,73546,73370,8338,81708,1091
2021-09-27,Sutter,101,95872,13181,13082,269,13351,155
2021-09-27,Tehama,103,63373,7552,7345,1244,8589,88
2021-09-27,Trinity,105,12862,766,605,202,807,9
2021-09-27,Tulare,107,460477,63230,61708,13177,74885,904
2021-09-27,Tuolumne,109,53932,6381,6264,75,6339,89
2021-09-27,Ventura,111,848112,95347,94477,4179,98656,1138
2021-09-27,Yolo,113,214977,18802,18524,979,19503,239
2021-09-27,Yuba,115,75493,9423,9292,216,9508,64
2021-09-26,Alameda,001,1643700,115344,114601,2648,117249,1326
2021-09-26,Alpine,003,1148,99,101,0,101,0
2021-09-26,Amador,005,37829,5123,5001,52,5053,59
2021-09-26,Butte,007,227075,19110,18634,3426,22060,238
2021-09-26,Calaveras,009,45235,3586,3505,40,3545,70
2021-09-26,Colusa,011,21464,2419,2392,556,2948,18
2021-09-26,Contra Costa,013,1133247,95706,94877,1990,96867,924
2021-09-26,Del Norte,015,27424,3540,3466,32,3498,37
2021-09-26,El Dorado,017,186661,14986,14738,1548,16286,132
2021-09-26,Fresno,019,978130,129381,127235,11726,138961,1939
2021-09-26,Glenn,021,27897,3264,3182,938,4120,26
2021-09-26,Humboldt,023,135768,8264,8098,427,8525,91
2021-09-26,Imperial,025,180216,31742,31462,3031,34493,756
2021-09-26,Inyo,027,18085,1747,1685,36,1721,39
2021-09-26,Kern,029,883053,118836,116927,18854,135781,1502
2021-09-26,Kings,031,150075,29585,28930,1698,30628,293
2021-09-26,Lake,033,64148,6224,6113,124,6237,95
2021-09-26,Lassen,035,31185,6424,6319,290,6609,25
2021-09-26,Los Angeles,037,10098052,1401906,1390577,52433,1443010,26035
2021-09-26,Madera,039,155013,21077,20629,1719,22348,262
2021-09-26,Marin,041,260295,17003,16860,408,17268,242
2021-09-26,Mariposa,043,17540,987,929,33,962,5
2021-09-26,Mendocino,045,87422,6935,6744,359,7103,74
2021-09-26,Merced,047,269075,39107,38717,1540,40257,548
2021-09-26,Modoc,049,8938,480,465,166,631,5
2021-09-26,Mono,051,14174,1549,1516,20,1536,3
2021-09-26,Monterey,053,433212,47674,46792,2636,49428,571
2021-09-26,Napa,055,140530,12452,12340,90,12430,95
2021-09-26,Nevada,057,99092,8492,8356,291,8647,84
2021-09-26,Orange,059,3164182,298557,296085,14214,310299,5409
2021-09-26,Placer,061,380077,34584,34043,3267,37310,370
2021-09-26,Plumas,063,18699,1322,1268,25,1293,6
2021-09-26,Riverside,065,2383286,350131,345257,16009,361266,4864
2021-09-26,Sacramento,067,1510023,149782,148745,3902,152647,2071
2021-09-26,San Benito,069,59416,7030,7012,147,7159,67
2021-09-26,San Bernardino,071,2135413,342316,339771,10671,350442,5545
2021-09-26,San Diego,073,3302833,356689,354414,20995,375409,4051
2021-09-26,San Francisco,075,870044,50722,50092,2183,52275,622
2021-09-26,San Joaquin,077,732212,95030,93935,5092,99027,1633
2021-09-26,San Luis Obispo,079,281455,28145,27624,1126,28750,319
2021-09-26,San Mateo,081,765935,52391,51496,797,52293,571
2021-09-26,Santa Barbara,083,443738,42452,41946,1490,43436,505
2021-09-26,Santa Clara,085,1922200,141832,140667,1134,141801,1852
2021-09-26,Santa Cruz,087,273765,19562,19279,980,20259,214
2021-09-26,Shasta,089,179085,19012,18566,3144,21710,266
2021-09-26,Sierra,091,2930,135,128,13,141,0
2021-09-26,Siskiyou,093,43540,3122,2998,1129,4127,42
2021-09-26,Solano,095,438530,44317,43537,1159,44696,314
2021-09-26,Sonoma,097,501317,39581,39302,495,39797,370
2021-09-26,Stanislaus,099,539301,73346,73243,8310,81553,1091
2021-09-26,Sutter,101,95872,13144,13045,268,13313,155
2021-09-26,Tehama,103,63373,7495,7323,1233,8556,88
2021-09-26,Trinity,105,12862,763,591,202,793,9
2021-09-26,Tulare,107,460477,63009,61560,13099,74659,904
2021-09-26,Tuolumne,109,53932,6353,6236,73,6309,89
2021-09-26,Ventura,111,848112,95233,94391,4172,98563,1138
2021-09-26,Yolo,113,214977,18765,18496,971,19467,239
2021-09-26,Yuba,115,75493,9396,9275,216,9491,64
2021-09-25,Alameda,001,1643700,115265,114014,2645,116659,1324
2021-09-25,Alpine,003,1148,99,101,0,101,0
2021-09-25,Amador,005,37829,5109,4934,52,4986,59
2021-09-25,Butte,007,227075,19081,18396,3417,21813,236
2021-09-25,Calaveras,009,45235,3583,3461,40,3501,70
2021-09-25,Colusa,011,21464,2416,2387,554,2941,16
2021-09-25,Contra Costa,013,1133247,95635,94337,1986,96323,924
2021-09-25,Del Norte,015,27424,3539,3404,32,3436,35
2021-09-25,El Dorado,017,186661,14963,14641,1544,16185,130
2021-09-25,Fresno,019,978130,129236,126299,11710,138009,1927
2021-09-25,Glenn,021,27897,3259,3144,937,4081,25
2021-09-25,Humboldt,023,135768,8245,8014,425,8439,88
2021-09-25,Imperial,025,180216,31715,31280,3031,34311,755
2021-09-25,Inyo,027,18085,1739,1657,36,1693,39
2021-09-25,Kern,029,883053,118681,116021,18786,134807,1485
2021-09-25,Kings,031,150075,29534,28636,1695,30331,293
2021-09-25,Lake,033,64148,6219,6046,122,6168,92
2021-09-25,Lassen,035,31185,6412,6248,289,6537,25
2021-09-25,Los Angeles,037,10098052,1401191,1386417,52392,1438809,25964
2021-09-25,Madera,039,155013,21052,20432,1713,22145,262
2021-09-25,Marin,041,260295,16994,16802,406,17208,242
2021-09-25,Mariposa,043,17540,982,906,33,939,5
2021-09-25,Mendocino,045,87422,6916,6657,358,7015,74
2021-09-25,Merced,047,269075,39061,38393,1538,39931,546
2021-09-25,Modoc,049,8938,480,460,166,626,5
2021-09-25,Mono,051,14174,1546,1501,20,1521,3
2021-09-25,Monterey,053,433212,47644,46653,2634,49287,567
2021-09-25,Napa,055,140530,12432,12266,90,12356,95
2021-09-25,Nevada,057,99092,8475,8285,291,8576,84
2021-09-25,Orange,059,3164182,298384,294514,14196,308710,5374
2021-09-25,Placer,061,380077,34520,33764,3264,37028,367
2021-09-25,Plumas,063,18699,1318,1238,25,1263,6
2021-09-25,Riverside,065,2383286,349808,343463,16001,359464,4843
2021-09-25,Sacramento,067,1510023,149607,147728,3893,151621,2049
2021-09-25,San Benito,069,59416,7025,6965,147,7112,67
2021-09-25,San Bernardino,071,2135413,342080,338413,10657,349070,5540
2021-09-25,San Diego,073,3302833,356344,352017,20969,372986,4039
2021-09-25,San Francisco,075,870044,50678,49840,2182,52022,615
2021-09-25,San Joaquin,077,732212,94944,93273,5090,98363,1628
2021-09-25,San Luis Obispo,079,281455,28107,27447,1122,28569,318
2021-09-25,San Mateo,081,765935,52327,51266,795,52061,568
2021-09-25,Santa Barbara,083,443738,42394,41728,1490,43218,505
2021-09-25,Santa Clara,085,1922200,141726,140023,1132,141155,1844
2021-09-25,Santa Cruz,087,273765,19546,19200,978,20178,214
2021-09-25,Shasta,089,179085,18961,18256,3135,21391,262
2021-09-25,Sierra,091,2930,134,127,13,140,0
2021-09-25,Siskiyou,093,43540,3115,2956,1119,4075,41
2021-09-25,Solano,095,438530,44276,43331,1156,44487,312
2021-09-25,Sonoma,097,501317,39540,39112,495,39607,369
2021-09-25,Stanislaus,099,539301,73236,72628,8296,80924,1091
2021-09-25,Sutter,101,95872,13126,12976,265,13241,154
2021-09-25,Tehama,103,63373,7479,7200,1231,8431,86
2021-09-25,Trinity,105,12862,763,576,202,778,9
2021-09-25,Tulare,107,460477,62927,60909,13055,73964,898
2021-09-25,Tuolumne,109,53932,6341,6168,73,6241,89
2021-09-25,Ventura,111,848112,95166,94059,4168,98227,1129
2021-09-25,Yolo,113,214977,18743,18393,970,19363,239
2021-09-25,Yuba,115,75493,9376,9191,216,9407,61
2021-09-24,Alameda,001,1643700,115161,114014,2641,116655,1324
2021-09-24,Alpine,003,1148,99,101,0,101,0
2021-09-24,Amador,005,37829,5079,4934,52,4986,59
2021-09-24,Butte,007,227075,19029,18396,3408,21804,236
2021-09-24,Calaveras,009,45235,3576,3461,39,3500,70
2021-09-24,Colusa,011,21464,2413,2387,553,2940,16
2021-09-24,Contra Costa,013,1133247,95525,94337,1982,96319,924
2021-09-24,Del Norte,015,27424,3536,3404,32,3436,35
2021-09-24,El Dorado,017,186661,14945,14641,1540,16181,130
2021-09-24,Fresno,019,978130,129038,126299,11698,137997,1927
2021-09-24,Glenn,021,27897,3251,3144,937,4081,25
2021-09-24,Humboldt,023,135768,8226,8014,422,8436,88
2021-09-24,Imperial,025,180216,31677,31280,3029,34309,755
2021-09-24,Inyo,027,18085,1730,1657,36,1693,39
2021-09-24,Kern,029,883053,118545,116021,18720,134741,1485
2021-09-24,Kings,031,150075,29493,28636,1690,30326,293
2021-09-24,Lake,033,64148,6211,6046,122,6168,92
2021-09-24,Lassen,035,31185,6404,6248,288,6536,25
2021-09-24,Los Angeles,037,10098052,1400308,1386417,52350,1438767,25964
2021-09-24,Madera,039,155013,21021,20432,1704,22136,262
2021-09-24,Marin,041,260295,16980,16802,405,17207,242
2021-09-24,Mariposa,043,17540,970,906,33,939,5
2021-09-24,Mendocino,045,87422,6903,6657,358,7015,74
2021-09-24,Merced,047,269075,39017,38393,1538,39931,546
2021-09-24,Modoc,049,8938,480,460,165,625,5
2021-09-24,Mono,051,14174,1541,1501,20,1521,3
2021-09-24,Monterey,053,433212,47623,46653,2626,49279,567
2021-09-24,Napa,055,140530,12413,12266,90,12356,95
2021-09-24,Nevada,057,99092,8461,8285,288,8573,84
2021-09-24,Orange,059,3164182,298177,294514,14178,308692,5374
2021-09-24,Placer,061,380077,34465,33764,3251,37015,367
2021-09-24,Plumas,063,18699,1314,1238,25,1263,6
2021-09-24,Riverside,065,2383286,349474,343463,15992,359455,4843
2021-09-24,Sacramento,067,1510023,149422,147728,3889,151617,2049
2021-09-24,San Benito,069,59416,7019,6965,147,7112,67
2021-09-24,San Bernardino,071,2135413,341811,338413,10647,349060,5540
2021-09-24,San Diego,073,3302833,355993,352017,20954,372971,4039
2021-09-24,San Francisco,075,870044,50614,49840,2174,52014,615
2021-09-24,San Joaquin,077,732212,94831,93273,5088,98361,1628
2021-09-24,San Luis Obispo,079,281455,28076,27447,1117,28564,318
2021-09-24,San Mateo,081,765935,52267,51266,794,52060,568
2021-09-24,Santa Barbara,083,443738,42354,41728,1489,43217,505
2021-09-24,Santa Clara,085,1922200,141614,140023,1131,141154,1844
2021-09-24,Santa Cruz,087,273765,19523,19200,977,20177,214
2021-09-24,Shasta,089,179085,18907,18256,3121,21377,262
2021-09-24,Sierra,091,2930,133,127,13,140,0
2021-09-24,Siskiyou,093,43540,3106,2956,1113,4069,41
2021-09-24,Solano,095,438530,44239,43331,1154,44485,312
2021-09-24,Sonoma,097,501317,39507,39112,495,39607,369
2021-09-24,Stanislaus,099,539301,73120,72628,8281,80909,1091
2021-09-24,Sutter,101,95872,13107,12976,264,13240,154
2021-09-24,Tehama,103,63373,7467,7200,1226,8426,86
2021-09-24,Trinity,105,12862,760,576,202,778,9
2021-09-24,Tulare,107,460477,62836,60909,13013,73922,898
2021-09-24,Tuolumne,109,53932,6312,6168,73,6241,89
2021-09-24,Ventura,111,848112,95088,94059,4161,98220,1129
2021-09-24,Yolo,113,214977,18711,18393,967,19360,239
2021-09-24,Yuba,115,75493,9357,9191,216,9407,61
2021-09-23,Alameda,001,1643700,115003,114014,2635,116649,1324
2021-09-23,Alpine,003,1148,99,101,0,101,0
2021-09-23,Amador,005,37829,5066,4934,52,4986,59
2021-09-23,Butte,007,227075,18967,18396,3384,21780,236
2021-09-23,Calaveras,009,45235,3555,3461,39,3500,70
2021-09-23,Colusa,011,21464,2411,2387,550,2937,16
2021-09-23,Contra Costa,013,1133247,95384,94337,1975,96312,924
2021-09-23,Del Norte,015,27424,3527,3404,31,3435,35
2021-09-23,El Dorado,017,186661,14919,14641,1534,16175,130
2021-09-23,Fresno,019,978130,128741,126299,11679,137978,1927
2021-09-23,Glenn,021,27897,3237,3144,934,4078,25
2021-09-23,Humboldt,023,135768,8201,8014,420,8434,88
2021-09-23,Imperial,025,180216,31641,31280,3029,34309,755
2021-09-23,Inyo,027,18085,1716,1657,36,1693,39
2021-09-23,Kern,029,883053,118287,116021,18639,134660,1485
2021-09-23,Kings,031,150075,29389,28636,1681,30317,293
2021-09-23,Lake,033,64148,6201,6046,122,6168,92
2021-09-23,Lassen,035,31185,6395,6248,283,6531,25
2021-09-23,Los Angeles,037,10098052,1399111,1386417,52286,1438703,25964
2021-09-23,Madera,039,155013,20939,20432,1700,22132,262
2021-09-23,Marin,041,260295,16965,16802,402,17204,242
2021-09-23,Mariposa,043,17540,957,906,33,939,5
2021-09-23,Mendocino,045,87422,6881,6657,353,7010,74
2021-09-23,Merced,047,269075,38914,38393,1531,39924,546
2021-09-23,Modoc,049,8938,479,460,165,625,5
2021-09-23,Mono,051,14174,1538,1501,20,1521,3
2021-09-23,Monterey,053,433212,47574,46653,2614,49267,567
2021-09-23,Napa,055,140530,12396,12266,90,12356,95
2021-09-23,Nevada,057,99092,8434,8285,288,8573,84
2021-09-23,Orange,059,3164182,297880,294514,14154,308668,5374
2021-09-23,Placer,061,380077,34389,33764,3244,37008,367
2021-09-23,Plumas,063,18699,1297,1238,24,1262,6
2021-09-23,Riverside,065,2383286,349021,343463,15985,359448,4843
2021-09-23,Sacramento,067,1510023,149092,147728,3869,151597,2049
2021-09-23,San Benito,069,59416,7008,6965,147,7112,67
2021-09-23,San Bernardino,071,2135413,341447,338413,10632,349045,5540
2021-09-23,San Diego,073,3302833,355537,352017,20915,372932,4039
2021-09-23,San Francisco,075,870044,50541,49840,2172,52012,615
2021-09-23,San Joaquin,077,732212,94658,93273,5073,98346,1628
2021-09-23,San Luis Obispo,079,281455,28033,27447,1115,28562,318
2021-09-23,San Mateo,081,765935,52192,51266,793,52059,568
2021-09-23,Santa Barbara,083,443738,42276,41728,1486,43214,505
2021-09-23,Santa Clara,085,1922200,141463,140023,1124,141147,1844
2021-09-23,Santa Cruz,087,273765,19492,19200,977,20177,214
2021-09-23,Shasta,089,179085,18827,18256,3104,21360,262
2021-09-23,Sierra,091,2930,133,127,13,140,0
2021-09-23,Siskiyou,093,43540,3102,2956,1102,4058,41
2021-09-23,Solano,095,438530,44171,43331,1151,44482,312
2021-09-23,Sonoma,097,501317,39448,39112,492,39604,369
2021-09-23,Stanislaus,099,539301,72964,72628,8249,80877,1091
2021-09-23,Sutter,101,95872,13078,12976,264,13240,154
2021-09-23,Tehama,103,63373,7426,7200,1221,8421,86
2021-09-23,Trinity,105,12862,746,576,201,777,9
2021-09-23,Tulare,107,460477,62659,60909,12959,73868,898
2021-09-23,Tuolumne,109,53932,6287,6168,72,6240,89
2021-09-23,Ventura,111,848112,94984,94059,4154,98213,1129
2021-09-23,Yolo,113,214977,18680,18393,962,19355,239
2021-09-23,Yuba,115,75493,9329,9191,215,9406,61
2021-09-22,Alameda,001,1643700,114848,113862,2631,116493,1322
2021-09-22,Alpine,003,1148,99,100,0,100,0
2021-09-22,Amador,005,37829,5050,4915,52,4967,59
2021-09-22,Butte,007,227075,18906,18337,3369,21706,235
2021-09-22,Calaveras,009,45235,3539,3448,39,3487,70
2021-09-22,Colusa,011,21464,2406,2384,549,2933,16
2021-09-22,Contra Costa,013,1133247,95199,94209,1966,96175,924
2021-09-22,Del Norte,015,27424,3516,3386,30,3416,35
2021-09-22,El Dorado,017,186661,14883,14605,1527,16132,127
2021-09-22,Fresno,019,978130,128484,126006,11664,137670,1908
2021-09-22,Glenn,021,27897,3230,3138,933,4071,25
2021-09-22,Humboldt,023,135768,8179,7998,412,8410,80
2021-09-22,Imperial,025,180216,31589,31243,3022,34265,755
2021-09-22,Inyo,027,18085,1706,1651,36,1687,39
2021-09-22,Kern,029,883053,118046,115757,18517,134274,1477
2021-09-22,Kings,031,150075,29304,28589,1675,30264,292
2021-09-22,Lake,033,64148,6189,6035,122,6157,93
2021-09-22,Lassen,035,31185,6375,6209,279,6488,25
2021-09-22,Los Angeles,037,10098052,1397786,1384719,52231,1436950,25930
2021-09-22,Madera,039,155013,20882,20382,1690,22072,262
2021-09-22,Marin,041,260295,16954,16782,399,17181,242
2021-09-22,Mariposa,043,17540,951,901,33,934,5
2021-09-22,Mendocino,045,87422,6854,6624,347,6971,70
2021-09-22,Merced,047,269075,38781,38305,1529,39834,541
2021-09-22,Modoc,049,8938,476,458,165,623,5
2021-09-22,Mono,051,14174,1529,1496,19,1515,3
2021-09-22,Monterey,053,433212,47523,46615,2607,49222,566
2021-09-22,Napa,055,140530,12373,12248,89,12337,95
2021-09-22,Nevada,057,99092,8411,8273,285,8558,84
2021-09-22,Orange,059,3164182,297604,294214,14136,308350,5366
2021-09-22,Placer,061,380077,34301,33661,3231,36892,367
2021-09-22,Plumas,063,18699,1284,1230,24,1254,6
2021-09-22,Riverside,065,2383286,348486,342946,15960,358906,4830
2021-09-22,Sacramento,067,1510023,148778,147533,3838,151371,2043
2021-09-22,San Benito,069,59416,6997,6961,145,7106,67
2021-09-22,San Bernardino,071,2135413,341053,337938,10623,348561,5528
2021-09-22,San Diego,073,3302833,355086,351132,20891,372023,4027
2021-09-22,San Francisco,075,870044,50456,49734,2167,51901,610
2021-09-22,San Joaquin,077,732212,94426,93010,5047,98057,1626
2021-09-22,San Luis Obispo,079,281455,27985,27398,1111,28509,315
2021-09-22,San Mateo,081,765935,52119,51197,789,51986,568
2021-09-22,Santa Barbara,083,443738,42213,41678,1485,43163,504
2021-09-22,Santa Clara,085,1922200,141299,139803,1117,140920,1844
2021-09-22,Santa Cruz,087,273765,19454,19177,977,20154,214
2021-09-22,Shasta,089,179085,18737,18153,3093,21246,260
2021-09-22,Sierra,091,2930,133,127,13,140,0
2021-09-22,Siskiyou,093,43540,3085,2947,1092,4039,41
2021-09-22,Solano,095,438530,44106,43269,1150,44419,312
2021-09-22,Sonoma,097,501317,39395,39063,491,39554,369
2021-09-22,Stanislaus,099,539301,72799,72355,8230,80585,1091
2021-09-22,Sutter,101,95872,13058,12960,261,13221,153
2021-09-22,Tehama,103,63373,7399,7173,1218,8391,86
2021-09-22,Trinity,105,12862,745,572,201,773,9
2021-09-22,Tulare,107,460477,62450,60776,12889,73665,896
2021-09-22,Tuolumne,109,53932,6266,6155,71,6226,89
2021-09-22,Ventura,111,848112,94879,93978,4148,98126,1122
2021-09-22,Yolo,113,214977,18641,18342,955,19297,239
2021-09-22,Yuba,115,75493,9300,9169,210,9379,61
2021-09-21,Alameda,001,1643700,114695,113765,2631,116396,1321
2021-09-21,Alpine,003,1148,99,100,0,100,0
2021-09-21,Amador,005,37829,5028,4897,52,4949,59
2021-09-21,Butte,007,227075,18809,18229,3331,21560,232
2021-09-21,Calaveras,009,45235,3522,3437,39,3476,70
2021-09-21,Colusa,011,21464,2403,2378,548,2926,16
2021-09-21,Contra Costa,013,1133247,95005,94101,1952,96053,924
2021-09-21,Del Norte,015,27424,3504,3378,30,3408,34
2021-09-21,El Dorado,017,186661,14853,14578,1520,16098,127
2021-09-21,Fresno,019,978130,128133,125789,11637,137426,1892
2021-09-21,Glenn,021,27897,3223,3134,929,4063,25
2021-09-21,Humboldt,023,135768,8147,7955,407,8362,80
2021-09-21,Imperial,025,180216,31532,31185,3020,34205,755
2021-09-21,Inyo,027,18085,1696,1646,36,1682,39
2021-09-21,Kern,029,883053,117754,115534,18403,133937,1467
2021-09-21,Kings,031,150075,29216,28545,1667,30212,291
2021-09-21,Lake,033,64148,6166,6013,122,6135,90
2021-09-21,Lassen,035,31185,6357,6159,275,6434,25
2021-09-21,Los Angeles,037,10098052,1396329,1383277,52174,1435451,25893
2021-09-21,Madera,039,155013,20822,20317,1680,21997,262
2021-09-21,Marin,041,260295,16939,16748,398,17146,242
2021-09-21,Mariposa,043,17540,946,894,32,926,5
2021-09-21,Mendocino,045,87422,6816,6580,336,6916,68
2021-09-21,Merced,047,269075,38659,38225,1525,39750,539
2021-09-21,Modoc,049,8938,473,458,165,623,5
2021-09-21,Mono,051,14174,1527,1495,18,1513,3
2021-09-21,Monterey,053,433212,47454,46583,2595,49178,565
2021-09-21,Napa,055,140530,12352,12238,89,12327,95
2021-09-21,Nevada,057,99092,8384,8259,276,8535,84
2021-09-21,Orange,059,3164182,297273,293898,14106,308004,5357
2021-09-21,Placer,061,380077,34200,33609,3220,36829,365
2021-09-21,Plumas,063,18699,1277,1225,24,1249,5
2021-09-21,Riverside,065,2383286,347926,342460,15936,358396,4817
2021-09-21,Sacramento,067,1510023,148396,147378,3810,151188,2027
2021-09-21,San Benito,069,59416,6986,6950,144,7094,67
2021-09-21,San Bernardino,071,2135413,340615,337387,10606,347993,5520
2021-09-21,San Diego,073,3302833,354480,350265,20865,371130,4021
2021-09-21,San Francisco,075,870044,50360,49653,2163,51816,609
2021-09-21,San Joaquin,077,732212,94192,92762,5036,97798,1621
2021-09-21,San Luis Obispo,079,281455,27926,27318,1107,28425,314
2021-09-21,San Mateo,081,765935,52050,51136,789,51925,568
2021-09-21,Santa Barbara,083,443738,42144,41644,1481,43125,503
2021-09-21,Santa Clara,085,1922200,141082,139657,1113,140770,1843
2021-09-21,Santa Cruz,087,273765,19424,19140,976,20116,212
2021-09-21,Shasta,089,179085,18609,18027,3069,21096,258
2021-09-21,Sierra,091,2930,133,127,13,140,0
2021-09-21,Siskiyou,093,43540,3071,2927,1078,4005,36
2021-09-21,Solano,095,438530,44030,43220,1150,44370,311
2021-09-21,Sonoma,097,501317,39342,39042,491,39533,369
2021-09-21,Stanislaus,099,539301,72615,72211,8208,80419,1091
2021-09-21,Sutter,101,95872,13035,12930,258,13188,153
2021-09-21,Tehama,103,63373,7353,7151,1214,8365,85
2021-09-21,Trinity,105,12862,734,572,199,771,9
2021-09-21,Tulare,107,460477,62236,60607,12828,73435,896
2021-09-21,Tuolumne,109,53932,6234,6139,71,6210,89
2021-09-21,Ventura,111,848112,94774,93818,4140,97958,1120
2021-09-21,Yolo,113,214977,18605,18313,952,19265,239
2021-09-21,Yuba,115,75493,9272,9135,210,9345,61
2021-09-20,Alameda,001,1643700,114513,113637,2627,116264,1320
2021-09-20,Alpine,003,1148,99,100,0,100,0
2021-09-20,Amador,005,37829,5010,4883,51,4934,59
2021-09-20,Butte,007,227075,18727,18135,3315,21450,231
2021-09-20,Calaveras,009,45235,3500,3395,38,3433,66
2021-09-20,Colusa,011,21464,2401,2376,545,2921,16
2021-09-20,Contra Costa,013,1133247,94855,93919,1946,95865,924
2021-09-20,Del Norte,015,27424,3496,3374,29,3403,34
2021-09-20,El Dorado,017,186661,14820,14545,1508,16053,127
2021-09-20,Fresno,019,978130,127720,125287,11609,136896,1889
2021-09-20,Glenn,021,27897,3212,3112,926,4038,25
2021-09-20,Humboldt,023,135768,8111,7938,402,8340,80
2021-09-20,Imperial,025,180216,31449,31146,3019,34165,755
2021-09-20,Inyo,027,18085,1688,1641,35,1676,39
2021-09-20,Kern,029,883053,117415,115271,18271,133542,1459
2021-09-20,Kings,031,150075,29129,28471,1661,30132,285
2021-09-20,Lake,033,64148,6151,5984,121,6105,87
2021-09-20,Lassen,035,31185,6327,6132,275,6407,25
2021-09-20,Los Angeles,037,10098052,1394807,1382206,52094,1434300,25858
2021-09-20,Madera,039,155013,20769,20203,1673,21876,257
2021-09-20,Marin,041,260295,16914,16732,396,17128,242
2021-09-20,Mariposa,043,17540,935,887,32,919,5
2021-09-20,Mendocino,045,87422,6782,6568,330,6898,67
2021-09-20,Merced,047,269075,38548,38144,1514,39658,536
2021-09-20,Modoc,049,8938,472,457,163,620,5
2021-09-20,Mono,051,14174,1521,1480,18,1498,3
2021-09-20,Monterey,053,433212,47412,46506,2577,49083,565
2021-09-20,Napa,055,140530,12327,12209,88,12297,95
2021-09-20,Nevada,057,99092,8364,8228,274,8502,84
2021-09-20,Orange,059,3164182,296930,293642,14079,307721,5354
2021-09-20,Placer,061,380077,34109,33531,3205,36736,364
2021-09-20,Plumas,063,18699,1272,1211,24,1235,5
2021-09-20,Riverside,065,2383286,347426,341961,15923,357884,4802
2021-09-20,Sacramento,067,1510023,148023,147016,3776,150792,2016
2021-09-20,San Benito,069,59416,6977,6947,143,7090,67
2021-09-20,San Bernardino,071,2135413,340219,337059,10590,347649,5507
2021-09-20,San Diego,073,3302833,353808,349579,20828,370407,4009
2021-09-20,San Francisco,075,870044,50253,49559,2162,51721,605
2021-09-20,San Joaquin,077,732212,93948,92614,5023,97637,1615
2021-09-20,San Luis Obispo,079,281455,27850,27259,1099,28358,313
2021-09-20,San Mateo,081,765935,51963,51100,786,51886,567
2021-09-20,Santa Barbara,083,443738,42045,41589,1477,43066,500
2021-09-20,Santa Clara,085,1922200,140882,139578,1111,140689,1841
2021-09-20,Santa Cruz,087,273765,19392,19121,976,20097,211
2021-09-20,Shasta,089,179085,18510,17893,3038,20931,258
2021-09-20,Sierra,091,2930,131,126,13,139,0
2021-09-20,Siskiyou,093,43540,3049,2902,1065,3967,35
2021-09-20,Solano,095,438530,43962,43152,1142,44294,312
2021-09-20,Sonoma,097,501317,39296,38991,491,39482,369
2021-09-20,Stanislaus,099,539301,72416,72031,8189,80220,1091
2021-09-20,Sutter,101,95872,12999,12896,253,13149,153
2021-09-20,Tehama,103,63373,7321,7121,1202,8323,84
2021-09-20,Trinity,105,12862,728,568,198,766,7
2021-09-20,Tulare,107,460477,62034,60302,12773,73075,896
2021-09-20,Tuolumne,109,53932,6208,6113,71,6184,89
2021-09-20,Ventura,111,848112,94661,93700,4133,97833,1120
2021-09-20,Yolo,113,214977,18559,18287,950,19237,239
2021-09-20,Yuba,115,75493,9236,9107,208,9315,61
2021-09-19,Alameda,001,1643700,114297,113446,2622,116068,1320
2021-09-19,Alpine,003,1148,99,100,0,100,0
2021-09-19,Amador,005,37829,4970,4875,50,4925,59
2021-09-19,Butte,007,227075,18634,18063,3288,21351,230
2021-09-19,Calaveras,009,45235,3476,3390,35,3425,66
2021-09-19,Colusa,011,21464,2399,2375,543,2918,16
2021-09-19,Contra Costa,013,1133247,94670,93788,1936,95724,924
2021-09-19,Del Norte,015,27424,3470,3344,28,3372,34
2021-09-19,El Dorado,017,186661,14767,14512,1502,16014,127
2021-09-19,Fresno,019,978130,127314,124985,11564,136549,1888
2021-09-19,Glenn,021,27897,3203,3102,923,4025,25
2021-09-19,Humboldt,023,135768,8066,7914,400,8314,80
2021-09-19,Imperial,025,180216,31380,31122,3016,34138,755
2021-09-19,Inyo,027,18085,1679,1639,35,1674,39
2021-09-19,Kern,029,883053,117103,115074,18165,133239,1459
2021-09-19,Kings,031,150075,29001,28416,1652,30068,284
2021-09-19,Lake,033,64148,6120,5962,121,6083,87
2021-09-19,Lassen,035,31185,6307,6129,269,6398,25
2021-09-19,Los Angeles,037,10098052,1392828,1381200,51997,1433197,25852
2021-09-19,Madera,039,155013,20690,20161,1662,21823,257
2021-09-19,Marin,041,260295,16885,16711,394,17105,242
2021-09-19,Mariposa,043,17540,927,881,32,913,5
2021-09-19,Mendocino,045,87422,6737,6538,324,6862,67
2021-09-19,Merced,047,269075,38391,38068,1505,39573,535
2021-09-19,Modoc,049,8938,469,457,161,618,5
2021-09-19,Mono,051,14174,1516,1480,18,1498,3
2021-09-19,Monterey,053,433212,47357,46486,2574,49060,565
2021-09-19,Napa,055,140530,12306,12190,86,12276,95
2021-09-19,Nevada,057,99092,8336,8203,272,8475,84
2021-09-19,Orange,059,3164182,296562,293258,14057,307315,5354
2021-09-19,Placer,061,380077,33996,33406,3187,36593,364
2021-09-19,Plumas,063,18699,1264,1211,24,1235,5
2021-09-19,Riverside,065,2383286,346833,341566,15914,357480,4804
2021-09-19,Sacramento,067,1510023,147663,146603,3730,150333,2012
2021-09-19,San Benito,069,59416,6958,6942,143,7085,67
2021-09-19,San Bernardino,071,2135413,339729,336688,10579,347267,5506
2021-09-19,San Diego,073,3302833,353105,349225,20791,370016,4006
2021-09-19,San Francisco,075,870044,50145,49458,2153,51611,605
2021-09-19,San Joaquin,077,732212,93651,92467,5012,97479,1615
2021-09-19,San Luis Obispo,079,281455,27749,27208,1090,28298,313
2021-09-19,San Mateo,081,765935,51865,51028,785,51813,567
2021-09-19,Santa Barbara,083,443738,41939,41512,1477,42989,500
2021-09-19,Santa Clara,085,1922200,140695,139410,1106,140516,1841
2021-09-19,Santa Cruz,087,273765,19353,19096,976,20072,211
2021-09-19,Shasta,089,179085,18396,17813,3003,20816,258
2021-09-19,Sierra,091,2930,130,126,13,139,0
2021-09-19,Siskiyou,093,43540,3023,2882,1056,3938,35
2021-09-19,Solano,095,438530,43873,43056,1137,44193,312
2021-09-19,Sonoma,097,501317,39224,38956,487,39443,369
2021-09-19,Stanislaus,099,539301,72172,71830,8164,79994,1091
2021-09-19,Sutter,101,95872,12972,12868,246,13114,153
2021-09-19,Tehama,103,63373,7267,7081,1193,8274,84
2021-09-19,Trinity,105,12862,717,562,196,758,7
2021-09-19,Tulare,107,460477,61773,60160,12678,72838,896
2021-09-19,Tuolumne,109,53932,6166,6097,71,6168,89
2021-09-19,Ventura,111,848112,94499,93491,4124,97615,1120
2021-09-19,Yolo,113,214977,18510,18238,944,19182,239
2021-09-19,Yuba,115,75493,9210,9087,207,9294,61
2021-09-18,Alameda,001,1643700,114196,113300,2621,115921,1320
2021-09-18,Alpine,003,1148,99,100,0,100,0
2021-09-18,Amador,005,37829,4960,4850,50,4900,59
2021-09-18,Butte,007,227075,18597,17961,3274,21235,230
2021-09-18,Calaveras,009,45235,3471,3361,34,3395,66
2021-09-18,Colusa,011,21464,2399,2373,542,2915,16
2021-09-18,Contra Costa,013,1133247,94580,93656,1932,95588,924
2021-09-18,Del Norte,015,27424,3462,3326,26,3352,34
2021-09-18,El Dorado,017,186661,14744,14472,1499,15971,127
2021-09-18,Fresno,019,978130,127172,124771,11546,136317,1889
2021-09-18,Glenn,021,27897,3194,3086,920,4006,25
2021-09-18,Humboldt,023,135768,8052,7881,399,8280,80
2021-09-18,Imperial,025,180216,31356,31096,3015,34111,755
2021-09-18,Inyo,027,18085,1673,1636,35,1671,39
2021-09-18,Kern,029,883053,116948,114781,18101,132882,1459
2021-09-18,Kings,031,150075,28953,28330,1647,29977,285
2021-09-18,Lake,033,64148,6103,5936,121,6057,87
2021-09-18,Lassen,035,31185,6297,6121,267,6388,25
2021-09-18,Los Angeles,037,10098052,1392069,1379880,51946,1431826,25849
2021-09-18,Madera,039,155013,20646,20126,1652,21778,257
2021-09-18,Marin,041,260295,16868,16685,393,17078,242
2021-09-18,Mariposa,043,17540,924,871,32,903,5
2021-09-18,Mendocino,045,87422,6716,6523,324,6847,67
2021-09-18,Merced,047,269075,38354,37977,1499,39476,535
2021-09-18,Modoc,049,8938,469,457,160,617,5
2021-09-18,Mono,051,14174,1513,1480,18,1498,3
2021-09-18,Monterey,053,433212,47319,46466,2571,49037,565
2021-09-18,Napa,055,140530,12294,12168,86,12254,95
2021-09-18,Nevada,057,99092,8319,8183,272,8455,84
2021-09-18,Orange,059,3164182,296368,293005,14043,307048,5354
2021-09-18,Placer,061,380077,33924,33309,3184,36493,364
2021-09-18,Plumas,063,18699,1263,1204,24,1228,5
2021-09-18,Riverside,065,2383286,346449,341136,15899,357035,4802
2021-09-18,Sacramento,067,1510023,147481,146162,3721,149883,2016
2021-09-18,San Benito,069,59416,6954,6937,143,7080,67
2021-09-18,San Bernardino,071,2135413,339455,336380,10566,346946,5501
2021-09-18,San Diego,073,3302833,352714,348848,20778,369626,4006
2021-09-18,San Francisco,075,870044,50082,49359,2148,51507,605
2021-09-18,San Joaquin,077,732212,93541,92242,5000,97242,1615
2021-09-18,San Luis Obispo,079,281455,27712,27181,1087,28268,313
2021-09-18,San Mateo,081,765935,51814,50961,783,51744,567
2021-09-18,Santa Barbara,083,443738,41874,41465,1477,42942,500
2021-09-18,Santa Clara,085,1922200,140575,139233,1103,140336,1841
2021-09-18,Santa Cruz,087,273765,19333,19079,976,20055,211
2021-09-18,Shasta,089,179085,18333,17777,2987,20764,258
2021-09-18,Sierra,091,2930,129,125,13,138,0
2021-09-18,Siskiyou,093,43540,3020,2875,1050,3925,35
2021-09-18,Solano,095,438530,43833,42966,1134,44100,312
2021-09-18,Sonoma,097,501317,39189,38891,485,39376,369
2021-09-18,Stanislaus,099,539301,72027,71587,8139,79726,1091
2021-09-18,Sutter,101,95872,12958,12829,246,13075,153
2021-09-18,Tehama,103,63373,7253,7055,1186,8241,84
2021-09-18,Trinity,105,12862,715,561,196,757,7
2021-09-18,Tulare,107,460477,61697,60003,12626,72629,896
2021-09-18,Tuolumne,109,53932,6151,6069,71,6140,89
2021-09-18,Ventura,111,848112,94431,93424,4119,97543,1120
2021-09-18,Yolo,113,214977,18483,18213,939,19152,239
2021-09-18,Yuba,115,75493,9196,9061,206,9267,61
2021-09-17,Alameda,001,1643700,114070,113070,2619,115689,1320
2021-09-17,Alpine,003,1148,99,99,0,99,0
2021-09-17,Amador,005,37829,4944,4835,49,4884,58
2021-09-17,Butte,007,227075,18545,17870,3265,21135,230
2021-09-17,Calaveras,009,45235,3459,3338,33,3371,66
2021-09-17,Colusa,011,21464,2398,2369,537,2906,16
2021-09-17,Contra Costa,013,1133247,94477,93485,1929,95414,924
2021-09-17,Del Norte,015,27424,3457,3311,24,3335,34
2021-09-17,El Dorado,017,186661,14725,14421,1497,15918,127
2021-09-17,Fresno,019,978130,126953,124296,11530,135826,1882
2021-09-17,Glenn,021,27897,3177,3072,916,3988,25
2021-09-17,Humboldt,023,135768,8031,7850,399,8249,80
2021-09-17,Imperial,025,180216,31330,31031,3014,34045,755
2021-09-17,Inyo,027,18085,1665,1634,35,1669,39
2021-09-17,Kern,029,883053,116757,114303,18004,132307,1456
2021-09-17,Kings,031,150075,28888,28240,1645,29885,281
2021-09-17,Lake,033,64148,6090,5915,121,6036,87
2021-09-17,Lassen,035,31185,6282,6080,265,6345,25
2021-09-17,Los Angeles,037,10098052,1391092,1377905,51879,1429784,25820
2021-09-17,Madera,039,155013,20595,20040,1640,21680,257
2021-09-17,Marin,041,260295,16855,16658,391,17049,242
2021-09-17,Mariposa,043,17540,922,869,32,901,5
2021-09-17,Mendocino,045,87422,6697,6498,324,6822,67
2021-09-17,Merced,047,269075,38307,37803,1497,39300,533
2021-09-17,Modoc,049,8938,469,456,160,616,5
2021-09-17,Mono,051,14174,1509,1457,18,1475,3
2021-09-17,Monterey,053,433212,47296,46421,2570,48991,564
2021-09-17,Napa,055,140530,12273,12153,86,12239,95
2021-09-17,Nevada,057,99092,8304,8157,272,8429,84
2021-09-17,Orange,059,3164182,296149,292685,14025,306710,5346
2021-09-17,Placer,061,380077,33864,33188,3174,36362,362
2021-09-17,Plumas,063,18699,1254,1192,23,1215,5
2021-09-17,Riverside,065,2383286,346049,340445,15888,356333,4792
2021-09-17,Sacramento,067,1510023,147282,145985,3710,149695,1999
2021-09-17,San Benito,069,59416,6951,6929,143,7072,67
2021-09-17,San Bernardino,071,2135413,339099,335810,10559,346369,5488
2021-09-17,San Diego,073,3302833,352290,348098,20761,368859,4002
2021-09-17,San Francisco,075,870044,50030,49249,2143,51392,605
2021-09-17,San Joaquin,077,732212,93403,91977,4989,96966,1610
2021-09-17,San Luis Obispo,079,281455,27678,27102,1076,28178,311
2021-09-17,San Mateo,081,765935,51761,50854,782,51636,564
2021-09-17,Santa Barbara,083,443738,41811,41354,1476,42830,498
2021-09-17,Santa Clara,085,1922200,140426,138939,1101,140040,1838
2021-09-17,Santa Cruz,087,273765,19309,19039,976,20015,211
2021-09-17,Shasta,089,179085,18263,17617,2974,20591,254
2021-09-17,Sierra,091,2930,129,124,13,137,0
2021-09-17,Siskiyou,093,43540,3005,2852,1050,3902,35
2021-09-17,Solano,095,438530,43770,42898,1130,44028,312
2021-09-17,Sonoma,097,501317,39152,38808,484,39292,369
2021-09-17,Stanislaus,099,539301,71920,71408,8121,79529,1091
2021-09-17,Sutter,101,95872,12942,12799,243,13042,153
2021-09-17,Tehama,103,63373,7230,7020,1174,8194,84
2021-09-17,Trinity,105,12862,710,556,195,751,7
2021-09-17,Tulare,107,460477,61582,59689,12591,72280,895
2021-09-17,Tuolumne,109,53932,6132,6047,71,6118,89
2021-09-17,Ventura,111,848112,94319,93273,4117,97390,1116
2021-09-17,Yolo,113,214977,18452,18177,935,19112,239
2021-09-17,Yuba,115,75493,9169,9019,205,9224,61
2021-09-16,Alameda,001,1643700,113892,112770,2616,115386,1318
2021-09-16,Alpine,003,1148,99,99,0,99,0
2021-09-16,Amador,005,37829,4924,4819,49,4868,58
2021-09-16,Butte,007,227075,18470,17750,3249,20999,230
2021-09-16,Calaveras,009,45235,3428,3313,33,3346,66
2021-09-16,Colusa,011,21464,2396,2363,535,2898,16
2021-09-16,Contra Costa,013,1133247,94305,93213,1921,95134,917
2021-09-16,Del Norte,015,27424,3439,3285,24,3309,34
2021-09-16,El Dorado,017,186661,14684,14372,1489,15861,127
2021-09-16,Fresno,019,978130,126596,123853,11487,135340,1868
2021-09-16,Glenn,021,27897,3167,3068,914,3982,24
2021-09-16,Humboldt,023,135768,7997,7809,389,8198,80
2021-09-16,Imperial,025,180216,31287,30966,3006,33972,753
2021-09-16,Inyo,027,18085,1663,1623,35,1658,39
2021-09-16,Kern,029,883053,116486,113828,17936,131764,1448
2021-09-16,Kings,031,150075,28802,28114,1636,29750,280
2021-09-16,Lake,033,64148,6066,5890,118,6008,87
2021-09-16,Lassen,035,31185,6247,6028,260,6288,25
2021-09-16,Los Angeles,037,10098052,1389701,1376277,51814,1428091,25796
2021-09-16,Madera,039,155013,20517,19974,1634,21608,257
2021-09-16,Marin,041,260295,16828,16625,390,17015,242
2021-09-16,Mariposa,043,17540,916,849,32,881,6
2021-09-16,Mendocino,045,87422,6659,6445,313,6758,67
2021-09-16,Merced,047,269075,38200,37675,1494,39169,532
2021-09-16,Modoc,049,8938,467,455,160,615,5
2021-09-16,Mono,051,14174,1503,1449,18,1467,3
2021-09-16,Monterey,053,433212,47242,46342,2564,48906,562
2021-09-16,Napa,055,140530,12248,12115,82,12197,95
2021-09-16,Nevada,057,99092,8277,8121,271,8392,84
2021-09-16,Orange,059,3164182,295803,292183,14005,306188,5340
2021-09-16,Placer,061,380077,33768,33037,3154,36191,354
2021-09-16,Plumas,063,18699,1245,1178,23,1201,5
2021-09-16,Riverside,065,2383286,345518,339770,15874,355644,4786
2021-09-16,Sacramento,067,1510023,146926,145754,3678,149432,1996
2021-09-16,San Benito,069,59416,6939,6913,142,7055,67
2021-09-16,San Bernardino,071,2135413,338672,335129,10552,345681,5474
2021-09-16,San Diego,073,3302833,351676,347472,20722,368194,3994
2021-09-16,San Francisco,075,870044,49944,49133,2134,51267,605
2021-09-16,San Joaquin,077,732212,93165,91650,4945,96595,1608
2021-09-16,San Luis Obispo,079,281455,27605,27044,1072,28116,310
2021-09-16,San Mateo,081,765935,51684,50773,780,51553,564
2021-09-16,Santa Barbara,083,443738,41745,41272,1473,42745,497
2021-09-16,Santa Clara,085,1922200,140272,138685,1097,139782,1835
2021-09-16,Santa Cruz,087,273765,19282,19011,976,19987,211
2021-09-16,Shasta,089,179085,18138,17438,2940,20378,251
2021-09-16,Sierra,091,2930,129,123,13,136,0
2021-09-16,Siskiyou,093,43540,2985,2819,1043,3862,35
2021-09-16,Solano,095,438530,43698,42792,1121,43913,312
2021-09-16,Sonoma,097,501317,39089,38707,483,39190,369
2021-09-16,Stanislaus,099,539301,71687,71105,8104,79209,1091
2021-09-16,Sutter,101,95872,12898,12729,237,12966,152
2021-09-16,Tehama,103,63373,7190,6953,1163,8116,83
2021-09-16,Trinity,105,12862,707,547,194,741,7
2021-09-16,Tulare,107,460477,61360,59459,12516,71975,894
2021-09-16,Tuolumne,109,53932,6112,5999,70,6069,89
2021-09-16,Ventura,111,848112,94179,93087,4113,97200,1110
2021-09-16,Yolo,113,214977,18420,18135,933,19068,239
2021-09-16,Yuba,115,75493,9135,8981,202,9183,61
2021-09-15,Alameda,001,1643700,113726,112498,2609,115107,1317
2021-09-15,Alpine,003,1148,99,99,0,99,0
2021-09-15,Amador,005,37829,4916,4792,49,4841,58
2021-09-15,Butte,007,227075,18371,17664,3231,20895,228
2021-09-15,Calaveras,009,45235,3399,3293,31,3324,66
2021-09-15,Colusa,011,21464,2394,2352,532,2884,16
2021-09-15,Contra Costa,013,1133247,94125,92989,1909,94898,913
2021-09-15,Del Norte,015,27424,3426,3271,22,3293,34
2021-09-15,El Dorado,017,186661,14658,14309,1481,15790,127
2021-09-15,Fresno,019,978130,126217,123370,11429,134799,1867
2021-09-15,Glenn,021,27897,3155,3051,909,3960,20
2021-09-15,Humboldt,023,135768,7962,7754,384,8138,52
2021-09-15,Imperial,025,180216,31232,30891,3001,33892,753
2021-09-15,Inyo,027,18085,1659,1614,35,1649,39
2021-09-15,Kern,029,883053,116139,113546,17837,131383,1434
2021-09-15,Kings,031,150075,28723,27991,1627,29618,279
2021-09-15,Lake,033,64148,6034,5852,117,5969,85
2021-09-15,Lassen,035,31185,6187,6018,255,6273,25
2021-09-15,Los Angeles,037,10098052,1388200,1374307,51745,1426052,25767
2021-09-15,Madera,039,155013,20442,19880,1626,21506,257
2021-09-15,Marin,041,260295,16793,16592,385,16977,242
2021-09-15,Mariposa,043,17540,904,843,32,875,5
2021-09-15,Mendocino,045,87422,6629,6399,308,6707,66
2021-09-15,Merced,047,269075,38092,37508,1492,39000,529
2021-09-15,Modoc,049,8938,467,454,160,614,5
2021-09-15,Mono,051,14174,1497,1445,18,1463,3
2021-09-15,Monterey,053,433212,47172,46317,2552,48869,562
2021-09-15,Napa,055,140530,12227,12082,82,12164,95
2021-09-15,Nevada,057,99092,8255,8081,268,8349,84
2021-09-15,Orange,059,3164182,295479,291834,13986,305820,5328
2021-09-15,Placer,061,380077,33656,32860,3133,35993,352
2021-09-15,Plumas,063,18699,1240,1164,22,1186,5
2021-09-15,Riverside,065,2383286,344935,339077,15850,354927,4769
2021-09-15,Sacramento,067,1510023,146499,145202,3647,148849,1981
2021-09-15,San Benito,069,59416,6936,6902,142,7044,67
2021-09-15,San Bernardino,071,2135413,338208,334556,10538,345094,5470
2021-09-15,San Diego,073,3302833,351057,346933,20694,367627,3983
2021-09-15,San Francisco,075,870044,49833,48999,2129,51128,605
2021-09-15,San Joaquin,077,732212,92889,91322,4903,96225,1607
2021-09-15,San Luis Obispo,079,281455,27522,26943,1066,28009,306
2021-09-15,San Mateo,081,765935,51602,50691,777,51468,564
2021-09-15,Santa Barbara,083,443738,41641,41077,1468,42545,497
2021-09-15,Santa Clara,085,1922200,140098,138410,1092,139502,1833
2021-09-15,Santa Cruz,087,273765,19244,18984,974,19958,210
2021-09-15,Shasta,089,179085,18027,17317,2919,20236,250
2021-09-15,Sierra,091,2930,129,123,13,136,0
2021-09-15,Siskiyou,093,43540,2965,2804,1013,3817,35
2021-09-15,Solano,095,438530,43626,42682,1116,43798,312
2021-09-15,Sonoma,097,501317,39031,38629,482,39111,369
2021-09-15,Stanislaus,099,539301,71463,70852,8082,78934,1091
2021-09-15,Sutter,101,95872,12865,12699,232,12931,151
2021-09-15,Tehama,103,63373,7149,6894,1154,8048,79
2021-09-15,Trinity,105,12862,705,541,192,733,7
2021-09-15,Tulare,107,460477,61101,59149,12455,71604,890
2021-09-15,Tuolumne,109,53932,6086,5969,70,6039,89
2021-09-15,Ventura,111,848112,94036,92960,4106,97066,1109
2021-09-15,Yolo,113,214977,18386,18064,926,18990,239
2021-09-15,Yuba,115,75493,9101,8953,202,9155,61
2021-09-14,Alameda,001,1643700,113519,112329,2604,114933,1316
2021-09-14,Alpine,003,1148,99,98,0,98,0
2021-09-14,Amador,005,37829,4896,4790,49,4839,57
2021-09-14,Butte,007,227075,18236,17516,3208,20724,226
2021-09-14,Calaveras,009,45235,3379,3280,28,3308,66
2021-09-14,Colusa,011,21464,2390,2344,528,2872,16
2021-09-14,Contra Costa,013,1133247,93927,92822,1901,94723,908
2021-09-14,Del Norte,015,27424,3410,3252,21,3273,32
2021-09-14,El Dorado,017,186661,14605,14247,1473,15720,123
2021-09-14,Fresno,019,978130,125742,123151,11376,134527,1856
2021-09-14,Glenn,021,27897,3138,3045,905,3950,20
2021-09-14,Humboldt,023,135768,7928,7717,379,8096,52
2021-09-14,Imperial,025,180216,31183,30845,2998,33843,752
2021-09-14,Inyo,027,18085,1650,1605,34,1639,39
2021-09-14,Kern,029,883053,115756,113250,17711,130961,1428
2021-09-14,Kings,031,150075,28647,27955,1619,29574,278
2021-09-14,Lake,033,64148,6002,5845,117,5962,83
2021-09-14,Lassen,035,31185,6173,5977,250,6227,25
2021-09-14,Los Angeles,037,10098052,1386360,1372831,51662,1424493,25729
2021-09-14,Madera,039,155013,20360,19800,1615,21415,254
2021-09-14,Marin,041,260295,16765,16584,383,16967,242
2021-09-14,Mariposa,043,17540,893,834,31,865,5
2021-09-14,Mendocino,045,87422,6593,6372,296,6668,65
2021-09-14,Merced,047,269075,37942,37430,1488,38918,526
2021-09-14,Modoc,049,8938,466,453,160,613,5
2021-09-14,Mono,051,14174,1493,1440,18,1458,4
2021-09-14,Monterey,053,433212,47131,46224,2540,48764,558
2021-09-14,Napa,055,140530,12194,12070,81,12151,91
2021-09-14,Nevada,057,99092,8221,8056,268,8324,83
2021-09-14,Orange,059,3164182,295086,291423,13962,305385,5319
2021-09-14,Placer,061,380077,33524,32735,3113,35848,350
2021-09-14,Plumas,063,18699,1225,1148,22,1170,5
2021-09-14,Riverside,065,2383286,344294,338534,15819,354353,4748
2021-09-14,Sacramento,067,1510023,146114,145051,3599,148650,1977
2021-09-14,San Benito,069,59416,6926,6887,142,7029,64
2021-09-14,San Bernardino,071,2135413,337711,333968,10512,344480,5465
2021-09-14,San Diego,073,3302833,350397,346204,20643,366847,3966
2021-09-14,San Francisco,075,870044,49699,48998,2127,51125,603
2021-09-14,San Joaquin,077,732212,92650,91128,4893,96021,1596
2021-09-14,San Luis Obispo,079,281455,27449,26845,1061,27906,304
2021-09-14,San Mateo,081,765935,51504,50602,774,51376,564
2021-09-14,Santa Barbara,083,443738,41545,40783,1459,42242,495
2021-09-14,Santa Clara,085,1922200,139863,138321,1089,139410,1828
2021-09-14,Santa Cruz,087,273765,19204,18965,972,19937,210
2021-09-14,Shasta,089,179085,17896,17152,2898,20050,246
2021-09-14,Sierra,091,2930,129,123,13,136,0
2021-09-14,Siskiyou,093,43540,2941,2756,996,3752,35
2021-09-14,Solano,095,438530,43543,42599,1113,43712,307
2021-09-14,Sonoma,097,501317,38962,38595,478,39073,369
2021-09-14,Stanislaus,099,539301,71204,70697,8054,78751,1091
2021-09-14,Sutter,101,95872,12823,12670,225,12895,149
2021-09-14,Tehama,103,63373,7095,6859,1146,8005,80
2021-09-14,Trinity,105,12862,699,538,191,729,7
2021-09-14,Tulare,107,460477,60848,58961,12383,71344,888
2021-09-14,Tuolumne,109,53932,6065,5951,68,6019,89
2021-09-14,Ventura,111,848112,93851,92841,4089,96930,1107
2021-09-14,Yolo,113,214977,18342,18039,921,18960,239
2021-09-14,Yuba,115,75493,9065,8928,202,9130,61
2021-09-13,Alameda,001,1643700,113303,112159,2599,114758,1309
2021-09-13,Alpine,003,1148,98,98,0,98,0
2021-09-13,Amador,005,37829,4878,4761,49,4810,56
2021-09-13,Butte,007,227075,18111,17393,3181,20574,225
2021-09-13,Calaveras,009,45235,3353,3253,27,3280,65
2021-09-13,Colusa,011,21464,2381,2346,524,2870,16
2021-09-13,Contra Costa,013,1133247,93681,92658,1896,94554,908
2021-09-13,Del Norte,015,27424,3374,3232,21,3253,28
2021-09-13,El Dorado,017,186661,14544,14194,1465,15659,119
2021-09-13,Fresno,019,978130,125275,122650,11310,133960,1853
2021-09-13,Glenn,021,27897,3124,3026,898,3924,20
2021-09-13,Humboldt,023,135768,7896,7659,376,8035,52
2021-09-13,Imperial,025,180216,31130,30802,2995,33797,751
2021-09-13,Inyo,027,18085,1643,1602,34,1636,39
2021-09-13,Kern,029,883053,115373,112930,17589,130519,1424
2021-09-13,Kings,031,150075,28537,27858,1607,29465,275
2021-09-13,Lake,033,64148,5980,5809,117,5926,82
2021-09-13,Lassen,035,31185,6138,5953,249,6202,25
2021-09-13,Los Angeles,037,10098052,1384495,1371423,51594,1423017,25703
2021-09-13,Madera,039,155013,20290,19735,1600,21335,252
2021-09-13,Marin,041,260295,16729,16557,382,16939,242
2021-09-13,Mariposa,043,17540,879,825,31,856,5
2021-09-13,Mendocino,045,87422,6558,6323,287,6610,61
2021-09-13,Merced,047,269075,37791,37291,1483,38774,521
2021-09-13,Modoc,049,8938,465,451,160,611,5
2021-09-13,Mono,051,14174,1487,1435,18,1453,3
2021-09-13,Monterey,053,433212,47040,46188,2527,48715,558
2021-09-13,Napa,055,140530,12176,12039,81,12120,91
2021-09-13,Nevada,057,99092,8195,8021,266,8287,83
2021-09-13,Orange,059,3164182,294654,291128,13941,305069,5312
2021-09-13,Placer,061,380077,33359,32617,3096,35713,343
2021-09-13,Plumas,063,18699,1216,1142,22,1164,5
2021-09-13,Riverside,065,2383286,343649,337876,15801,353677,4731
2021-09-13,Sacramento,067,1510023,145627,144537,3565,148102,1956
2021-09-13,San Benito,069,59416,6911,6867,141,7008,64
2021-09-13,San Bernardino,071,2135413,337220,333613,10487,344100,5441
2021-09-13,San Diego,073,3302833,349610,345647,20591,366238,3961
2021-09-13,San Francisco,075,870044,49570,48914,2121,51035,603
2021-09-13,San Joaquin,077,732212,92365,90966,4875,95841,1581
2021-09-13,San Luis Obispo,079,281455,27352,26805,1058,27863,300
2021-09-13,San Mateo,081,765935,51414,50525,769,51294,564
2021-09-13,Santa Barbara,083,443738,41426,40661,1452,42113,494
2021-09-13,Santa Clara,085,1922200,139617,138152,1084,139236,1820
2021-09-13,Santa Cruz,087,273765,19164,18917,971,19888,210
2021-09-13,Shasta,089,179085,17766,17033,2857,19890,243
2021-09-13,Sierra,091,2930,129,123,13,136,0
2021-09-13,Siskiyou,093,43540,2926,2745,984,3729,35
2021-09-13,Solano,095,438530,43439,42501,1110,43611,306
2021-09-13,Sonoma,097,501317,38895,38513,475,38988,368
2021-09-13,Stanislaus,099,539301,70950,70477,8018,78495,1091
2021-09-13,Sutter,101,95872,12765,12624,221,12845,145
2021-09-13,Tehama,103,63373,7032,6803,1134,7937,79
2021-09-13,Trinity,105,12862,697,533,189,722,7
2021-09-13,Tulare,107,460477,60564,58768,12323,71091,887
2021-09-13,Tuolumne,109,53932,6034,5909,68,5977,89
2021-09-13,Ventura,111,848112,93689,92679,4081,96760,1107
2021-09-13,Yolo,113,214977,18297,17974,915,18889,239
2021-09-13,Yuba,115,75493,9020,8884,201,9085,61
2021-09-12,Alameda,001,1643700,113039,111961,2596,114557,1309
2021-09-12,Alpine,003,1148,98,98,0,98,0
2021-09-12,Amador,005,37829,4857,4752,49,4801,56
2021-09-12,Butte,007,227075,17966,17257,3137,20394,221
2021-09-12,Calaveras,009,45235,3322,3236,23,3259,65
2021-09-12,Colusa,011,21464,2378,2344,523,2867,16
2021-09-12,Contra Costa,013,1133247,93413,92498,1884,94382,908
2021-09-12,Del Norte,015,27424,3339,3200,21,3221,28
2021-09-12,El Dorado,017,186661,14471,14167,1449,15616,119
2021-09-12,Fresno,019,978130,124755,122407,11253,133660,1853
2021-09-12,Glenn,021,27897,3107,3016,893,3909,20
2021-09-12,Humboldt,023,135768,7826,7636,365,8001,52
2021-09-12,Imperial,025,180216,31067,30790,2990,33780,751
2021-09-12,Inyo,027,18085,1633,1596,32,1628,39
2021-09-12,Kern,029,883053,114961,112602,17430,130032,1424
2021-09-12,Kings,031,150075,28426,27764,1590,29354,274
2021-09-12,Lake,033,64148,5940,5781,115,5896,82
2021-09-12,Lassen,035,31185,6101,5943,239,6182,25
2021-09-12,Los Angeles,037,10098052,1382434,1365968,51519,1417487,25630
2021-09-12,Madera,039,155013,20203,19691,1587,21278,252
2021-09-12,Marin,041,260295,16706,16526,382,16908,242
2021-09-12,Mariposa,043,17540,868,811,29,840,5
2021-09-12,Mendocino,045,87422,6518,6283,278,6561,61
2021-09-12,Merced,047,269075,37619,37172,1472,38644,521
2021-09-12,Modoc,049,8938,465,451,159,610,5
2021-09-12,Mono,051,14174,1480,1431,18,1449,3
2021-09-12,Monterey,053,433212,46941,46167,2517,48684,558
2021-09-12,Napa,055,140530,12146,12011,81,12092,91
2021-09-12,Nevada,057,99092,8155,7987,265,8252,83
2021-09-12,Orange,059,3164182,294190,290718,13920,304638,5312
2021-09-12,Placer,061,380077,33210,32520,3072,35592,343
2021-09-12,Plumas,063,18699,1197,1138,22,1160,5
2021-09-12,Riverside,065,2383286,342966,337332,15767,353099,4731
2021-09-12,Sacramento,067,1510023,145120,144030,3525,147555,1959
2021-09-12,San Benito,069,59416,6892,6852,140,6992,64
2021-09-12,San Bernardino,071,2135413,336606,333049,10474,343523,5439
2021-09-12,San Diego,073,3302833,348800,345058,20515,365573,3942
2021-09-12,San Francisco,075,870044,49459,48819,2114,50933,603
2021-09-12,San Joaquin,077,732212,92036,90730,4867,95597,1581
2021-09-12,San Luis Obispo,079,281455,27233,26729,1045,27774,299
2021-09-12,San Mateo,081,765935,51306,50432,765,51197,564
2021-09-12,Santa Barbara,083,443738,41314,40600,1445,42045,494
2021-09-12,Santa Clara,085,1922200,139360,137899,1081,138980,1820
2021-09-12,Santa Cruz,087,273765,19131,18892,970,19862,210
2021-09-12,Shasta,089,179085,17601,16957,2799,19756,243
2021-09-12,Sierra,091,2930,129,123,13,136,0
2021-09-12,Siskiyou,093,43540,2898,2730,969,3699,35
2021-09-12,Solano,095,438530,43333,42409,1105,43514,306
2021-09-12,Sonoma,097,501317,38815,38456,473,38929,368
2021-09-12,Stanislaus,099,539301,70651,70184,7979,78163,1091
2021-09-12,Sutter,101,95872,12723,12589,215,12804,145
2021-09-12,Tehama,103,63373,6968,6732,1122,7854,79
2021-09-12,Trinity,105,12862,693,529,187,716,7
2021-09-12,Tulare,107,460477,60211,58582,12263,70845,887
2021-09-12,Tuolumne,109,53932,6001,5888,68,5956,89
2021-09-12,Ventura,111,848112,93562,92496,4075,96571,1107
2021-09-12,Yolo,113,214977,18231,17943,907,18850,239
2021-09-12,Yuba,115,75493,8985,8842,201,9043,61
2021-09-11,Alameda,001,1643700,112913,111715,2594,114309,1309
2021-09-11,Alpine,003,1148,98,98,0,98,0
2021-09-11,Amador,005,37829,4844,4728,48,4776,56
2021-09-11,Butte,007,227075,17884,17218,3110,20328,221
2021-09-11,Calaveras,009,45235,3314,3208,22,3230,65
2021-09-11,Colusa,011,21464,2377,2338,520,2858,16
2021-09-11,Contra Costa,013,1133247,93294,92269,1879,94148,908
2021-09-11,Del Norte,015,27424,3323,3184,21,3205,28
2021-09-11,El Dorado,017,186661,14452,14117,1443,15560,119
2021-09-11,Fresno,019,978130,124575,122224,11228,133452,1853
2021-09-11,Glenn,021,27897,3097,3007,890,3897,20
2021-09-11,Humboldt,023,135768,7804,7615,362,7977,52
2021-09-11,Imperial,025,180216,31042,30760,2986,33746,751
2021-09-11,Inyo,027,18085,1630,1590,32,1622,39
2021-09-11,Kern,029,883053,114711,112205,17314,129519,1424
2021-09-11,Kings,031,150075,28377,27631,1584,29215,275
2021-09-11,Lake,033,64148,5919,5761,115,5876,82
2021-09-11,Lassen,035,31185,6086,5930,235,6165,25
2021-09-11,Los Angeles,037,10098052,1381468,1365831,51454,1417285,25630
2021-09-11,Madera,039,155013,20150,19648,1582,21230,252
2021-09-11,Marin,041,260295,16678,16496,381,16877,242
2021-09-11,Mariposa,043,17540,863,799,29,828,5
2021-09-11,Mendocino,045,87422,6494,6257,278,6535,61
2021-09-11,Merced,047,269075,37565,37042,1469,38511,521
2021-09-11,Modoc,049,8938,465,449,159,608,5
2021-09-11,Mono,051,14174,1474,1431,18,1449,3
2021-09-11,Monterey,053,433212,46904,46140,2514,48654,558
2021-09-11,Napa,055,140530,12123,11991,81,12072,91
2021-09-11,Nevada,057,99092,8140,7967,265,8232,83
2021-09-11,Orange,059,3164182,293888,290429,13903,304332,5306
2021-09-11,Placer,061,380077,33127,32414,3061,35475,344
2021-09-11,Plumas,063,18699,1190,1112,22,1134,5
2021-09-11,Riverside,065,2383286,342528,336585,15753,352338,4731
2021-09-11,Sacramento,067,1510023,144819,143557,3513,147070,1955
2021-09-11,San Benito,069,59416,6879,6844,140,6984,64
2021-09-11,San Bernardino,071,2135413,336264,332512,10460,342972,5430
2021-09-11,San Diego,073,3302833,348316,344355,20491,364846,3942
2021-09-11,San Francisco,075,870044,49404,48660,2109,50769,603
2021-09-11,San Joaquin,077,732212,91891,90482,4860,95342,1581
2021-09-11,San Luis Obispo,079,281455,27187,26651,1044,27695,299
2021-09-11,San Mateo,081,765935,51234,50341,764,51105,564
2021-09-11,Santa Barbara,083,443738,41241,40451,1445,41896,494
2021-09-11,Santa Clara,085,1922200,139208,137659,1078,138737,1820
2021-09-11,Santa Cruz,087,273765,19102,18865,970,19835,210
2021-09-11,Shasta,089,179085,17507,16877,2779,19656,243
2021-09-11,Sierra,091,2930,129,123,13,136,0
2021-09-11,Siskiyou,093,43540,2881,2717,966,3683,35
2021-09-11,Solano,095,438530,43282,42344,1102,43446,306
2021-09-11,Sonoma,097,501317,38768,38399,471,38870,368
2021-09-11,Stanislaus,099,539301,70526,69974,7966,77940,1091
2021-09-11,Sutter,101,95872,12697,12538,212,12750,145
2021-09-11,Tehama,103,63373,6947,6703,1114,7817,79
2021-09-11,Trinity,105,12862,686,526,187,713,7
2021-09-11,Tulare,107,460477,60099,58321,12216,70537,889
2021-09-11,Tuolumne,109,53932,5982,5879,65,5944,89
2021-09-11,Ventura,111,848112,93480,92328,4070,96398,1107
2021-09-11,Yolo,113,214977,18207,17906,902,18808,239
2021-09-11,Yuba,115,75493,8960,8813,201,9014,61
2021-09-10,Alameda,001,1643700,112723,111386,2593,113979,1306
2021-09-10,Alpine,003,1148,97,97,0,97,0
2021-09-10,Amador,005,37829,4832,4706,48,4754,56
2021-09-10,Butte,007,227075,17809,17051,3094,20145,222
2021-09-10,Calaveras,009,45235,3306,3183,22,3205,65
2021-09-10,Colusa,011,21464,2373,2327,517,2844,16
2021-09-10,Contra Costa,013,1133247,93171,92024,1877,93901,908
2021-09-10,Del Norte,015,27424,3308,3128,20,3148,28
2021-09-10,El Dorado,017,186661,14422,14051,1439,15490,119
2021-09-10,Fresno,019,978130,124252,121659,11198,132857,1846
2021-09-10,Glenn,021,27897,3090,2977,889,3866,20
2021-09-10,Humboldt,023,135768,7772,7543,358,7901,52
2021-09-10,Imperial,025,180216,31019,30716,2984,33700,751
2021-09-10,Inyo,027,18085,1626,1590,32,1622,39
2021-09-10,Kern,029,883053,114457,111832,17198,129030,1419
2021-09-10,Kings,031,150075,28303,27473,1575,29048,274
2021-09-10,Lake,033,64148,5903,5713,113,5826,79
2021-09-10,Lassen,035,31185,6078,5914,232,6146,25
2021-09-10,Los Angeles,037,10098052,1380260,1365709,51387,1417096,25630
2021-09-10,Madera,039,155013,20104,19520,1575,21095,252
2021-09-10,Marin,041,260295,16658,16458,378,16836,242
2021-09-10,Mariposa,043,17540,858,795,29,824,5
2021-09-10,Mendocino,045,87422,6462,6184,277,6461,61
2021-09-10,Merced,047,269075,37513,36884,1468,38352,521
2021-09-10,Modoc,049,8938,465,448,159,607,5
2021-09-10,Mono,051,14174,1469,1422,18,1440,3
2021-09-10,Monterey,053,433212,46860,46084,2512,48596,557
2021-09-10,Napa,055,140530,12098,11948,81,12029,90
2021-09-10,Nevada,057,99092,8122,7932,264,8196,83
2021-09-10,Orange,059,3164182,293580,290022,13893,303915,5302
2021-09-10,Placer,061,380077,33025,32264,3048,35312,343
2021-09-10,Plumas,063,18699,1182,1111,22,1133,5
2021-09-10,Riverside,065,2383286,342055,335988,15746,351734,4720
2021-09-10,Sacramento,067,1510023,144476,143244,3505,146749,1950
2021-09-10,San Benito,069,59416,6875,6824,140,6964,64
2021-09-10,San Bernardino,071,2135413,335845,331894,10450,342344,5422
2021-09-10,San Diego,073,3302833,347769,343173,20454,363627,3941
2021-09-10,San Francisco,075,870044,49325,48518,2102,50620,602
2021-09-10,San Joaquin,077,732212,91712,90208,4854,95062,1573
2021-09-10,San Luis Obispo,079,281455,27154,26526,1042,27568,299
2021-09-10,San Mateo,081,765935,51167,50251,763,51014,564
2021-09-10,Santa Barbara,083,443738,41188,40321,1442,41763,492
2021-09-10,Santa Clara,085,1922200,139024,137337,1077,138414,1817
2021-09-10,Santa Cruz,087,273765,19083,18785,969,19754,210
2021-09-10,Shasta,089,179085,17413,16667,2751,19418,242
2021-09-10,Sierra,091,2930,129,117,13,130,0
2021-09-10,Siskiyou,093,43540,2869,2702,962,3664,35
2021-09-10,Solano,095,438530,43208,42230,1095,43325,305
2021-09-10,Sonoma,097,501317,38710,38271,470,38741,368
2021-09-10,Stanislaus,099,539301,70370,69617,7942,77559,1091
2021-09-10,Sutter,101,95872,12663,12468,212,12680,145
2021-09-10,Tehama,103,63373,6914,6652,1108,7760,77
2021-09-10,Trinity,105,12862,682,524,187,711,7
2021-09-10,Tulare,107,460477,59951,57930,12169,70099,883
2021-09-10,Tuolumne,109,53932,5963,5842,64,5906,89
2021-09-10,Ventura,111,848112,93383,92145,4066,96211,1104
2021-09-10,Yolo,113,214977,18182,17825,897,18722,239
2021-09-10,Yuba,115,75493,8941,8760,200,8960,62
2021-09-09,Alameda,001,1643700,112504,111014,2589,113603,1306
2021-09-09,Alpine,003,1148,97,94,0,94,0
2021-09-09,Amador,005,37829,4811,4698,47,4745,56
2021-09-09,Butte,007,227075,17663,16874,3068,19942,221
2021-09-09,Calaveras,009,45235,3272,3165,22,3187,65
2021-09-09,Colusa,011,21464,2366,2321,516,2837,16
2021-09-09,Contra Costa,013,1133247,92961,91687,1872,93559,904
2021-09-09,Del Norte,015,27424,3285,3102,20,3122,28
2021-09-09,El Dorado,017,186661,14365,13970,1429,15399,119
2021-09-09,Fresno,019,978130,123777,121040,11151,132191,1838
2021-09-09,Glenn,021,27897,3078,2947,885,3832,20
2021-09-09,Humboldt,023,135768,7722,7471,352,7823,52
2021-09-09,Imperial,025,180216,30981,30661,2981,33642,751
2021-09-09,Inyo,027,18085,1619,1586,32,1618,39
2021-09-09,Kern,029,883053,114109,111390,17041,128431,1414
2021-09-09,Kings,031,150075,28202,27282,1564,28846,273
2021-09-09,Lake,033,64148,5879,5638,111,5749,79
2021-09-09,Lassen,035,31185,6028,5860,226,6086,25
2021-09-09,Los Angeles,037,10098052,1378395,1363735,51312,1415047,25583
2021-09-09,Madera,039,155013,20031,19401,1562,20963,252
2021-09-09,Marin,041,260295,16635,16416,375,16791,242
2021-09-09,Mariposa,043,17540,845,779,28,807,5
2021-09-09,Mendocino,045,87422,6428,6089,268,6357,61
2021-09-09,Merced,047,269075,37359,36634,1455,38089,516
2021-09-09,Modoc,049,8938,465,448,159,607,5
2021-09-09,Mono,051,14174,1459,1420,18,1438,3
2021-09-09,Monterey,053,433212,46806,45991,2501,48492,556
2021-09-09,Napa,055,140530,12066,11878,81,11959,90
2021-09-09,Nevada,057,99092,8084,7855,264,8119,82
2021-09-09,Orange,059,3164182,293171,289109,13862,302971,5299
2021-09-09,Placer,061,380077,32907,32048,3033,35081,342
2021-09-09,Plumas,063,18699,1171,1098,22,1120,5
2021-09-09,Riverside,065,2383286,341416,334774,15728,350502,4701
2021-09-09,Sacramento,067,1510023,143996,142728,3459,146187,1929
2021-09-09,San Benito,069,59416,6865,6820,139,6959,64
2021-09-09,San Bernardino,071,2135413,335280,331040,10438,341478,5417
2021-09-09,San Diego,073,3302833,347055,342149,20397,362546,3929
2021-09-09,San Francisco,075,870044,49211,48404,2093,50497,597
2021-09-09,San Joaquin,077,732212,91437,89874,4836,94710,1570
2021-09-09,San Luis Obispo,079,281455,27072,26472,1039,27511,296
2021-09-09,San Mateo,081,765935,51045,50143,760,50903,561
2021-09-09,Santa Barbara,083,443738,41082,40180,1438,41618,490
2021-09-09,Santa Clara,085,1922200,138801,137017,1072,138089,1816
2021-09-09,Santa Cruz,087,273765,19037,18728,969,19697,210
2021-09-09,Shasta,089,179085,17267,16401,2709,19110,238
2021-09-09,Sierra,091,2930,129,115,13,128,0
2021-09-09,Siskiyou,093,43540,2846,2683,948,3631,35
2021-09-09,Solano,095,438530,43092,42081,1091,43172,303
2021-09-09,Sonoma,097,501317,38642,38171,469,38640,360
2021-09-09,Stanislaus,099,539301,70091,69178,7909,77087,1074
2021-09-09,Sutter,101,95872,12608,12396,210,12606,144
2021-09-09,Tehama,103,63373,6860,6554,1103,7657,75
2021-09-09,Trinity,105,12862,676,523,185,708,6
2021-09-09,Tulare,107,460477,59709,57564,12109,69673,879
2021-09-09,Tuolumne,109,53932,5935,5802,63,5865,89
2021-09-09,Ventura,111,848112,93238,91610,4057,95667,1098
2021-09-09,Yolo,113,214977,18124,17724,894,18618,239
2021-09-09,Yuba,115,75493,8896,8707,197,8904,55
2021-09-08,Alameda,001,1643700,112256,110781,2586,113367,1305
2021-09-08,Alpine,003,1148,97,94,0,94,0
2021-09-08,Amador,005,37829,4799,4693,47,4740,56
2021-09-08,Butte,007,227075,17529,16775,3050,19825,220
2021-09-08,Calaveras,009,45235,3254,3157,22,3179,63
2021-09-08,Colusa,011,21464,2364,2308,516,2824,16
2021-09-08,Contra Costa,013,1133247,92682,91471,1867,93338,900
2021-09-08,Del Norte,015,27424,3262,3085,20,3105,25
2021-09-08,El Dorado,017,186661,14285,13928,1408,15336,119
2021-09-08,Fresno,019,978130,123279,120644,11085,131729,1831
2021-09-08,Glenn,021,27897,3063,2942,876,3818,20
2021-09-08,Humboldt,023,135768,7678,7438,344,7782,52
2021-09-08,Imperial,025,180216,30948,30609,2968,33577,751
2021-09-08,Inyo,027,18085,1608,1580,32,1612,39
2021-09-08,Kern,029,883053,113711,110933,16901,127834,1409
2021-09-08,Kings,031,150075,28073,27235,1549,28784,267
2021-09-08,Lake,033,64148,5849,5618,109,5727,79
2021-09-08,Lassen,035,31185,6010,5848,219,6067,25
2021-09-08,Los Angeles,037,10098052,1376326,1362029,51223,1413252,25533
2021-09-08,Madera,039,155013,19971,19352,1548,20900,252
2021-09-08,Marin,041,260295,16607,16386,374,16760,242
2021-09-08,Mariposa,043,17540,833,777,27,804,5
2021-09-08,Mendocino,045,87422,6384,6069,259,6328,61
2021-09-08,Merced,047,269075,37198,36500,1443,37943,516
2021-09-08,Modoc,049,8938,465,448,159,607,5
2021-09-08,Mono,051,14174,1453,1418,18,1436,3
2021-09-08,Monterey,053,433212,46757,45959,2495,48454,554
2021-09-08,Napa,055,140530,12031,11842,79,11921,90
2021-09-08,Nevada,057,99092,8049,7843,263,8106,82
2021-09-08,Orange,059,3164182,292762,288511,13838,302349,5290
2021-09-08,Placer,061,380077,32770,31852,3016,34868,337
2021-09-08,Plumas,063,18699,1164,1072,22,1094,5
2021-09-08,Riverside,065,2383286,340657,334037,15703,349740,4683
2021-09-08,Sacramento,067,1510023,143517,142448,3410,145858,1921
2021-09-08,San Benito,069,59416,6847,6800,139,6939,64
2021-09-08,San Bernardino,071,2135413,334677,330279,10422,340701,5411
2021-09-08,San Diego,073,3302833,346139,341437,20346,361783,3926
2021-09-08,San Francisco,075,870044,49073,48263,2089,50352,589
2021-09-08,San Joaquin,077,732212,91158,89631,4812,94443,1561
2021-09-08,San Luis Obispo,079,281455,26978,26303,1034,27337,294
2021-09-08,San Mateo,081,765935,50941,50051,760,50811,561
2021-09-08,Santa Barbara,083,443738,40970,40000,1434,41434,490
2021-09-08,Santa Clara,085,1922200,138568,136836,1068,137904,1810
2021-09-08,Santa Cruz,087,273765,19000,18699,969,19668,210
2021-09-08,Shasta,089,179085,17112,16227,2662,18889,234
2021-09-08,Sierra,091,2930,129,113,13,126,0
2021-09-08,Siskiyou,093,43540,2813,2643,937,3580,35
2021-09-08,Solano,095,438530,43000,41971,1088,43059,302
2021-09-08,Sonoma,097,501317,38558,38075,468,38543,360
2021-09-08,Stanislaus,099,539301,69860,68945,7870,76815,1074
2021-09-08,Sutter,101,95872,12543,12349,207,12556,144
2021-09-08,Tehama,103,63373,6793,6520,1086,7606,75
2021-09-08,Trinity,105,12862,673,520,181,701,6
2021-09-08,Tulare,107,460477,59385,57425,12053,69478,876
2021-09-08,Tuolumne,109,53932,5903,5783,61,5844,89
2021-09-08,Ventura,111,848112,93086,91345,4039,95384,1096
2021-09-08,Yolo,113,214977,18042,17680,889,18569,239
2021-09-08,Yuba,115,75493,8854,8675,195,8870,55
2021-09-07,Alameda,001,1643700,111955,110550,2579,113129,1301
2021-09-07,Alpine,003,1148,96,94,0,94,0
2021-09-07,Amador,005,37829,4772,4679,47,4726,53
2021-09-07,Butte,007,227075,17373,16723,3013,19736,220
2021-09-07,Calaveras,009,45235,3213,3140,20,3160,63
2021-09-07,Colusa,011,21464,2354,2306,514,2820,16
2021-09-07,Contra Costa,013,1133247,92419,91167,1861,93028,891
2021-09-07,Del Norte,015,27424,3248,3081,20,3101,24
2021-09-07,El Dorado,017,186661,14213,13892,1393,15285,119
2021-09-07,Fresno,019,978130,122721,120268,10988,131256,1828
2021-09-07,Glenn,021,27897,3051,2937,870,3807,20
2021-09-07,Humboldt,023,135768,7618,7397,327,7724,52
2021-09-07,Imperial,025,180216,30908,30584,2960,33544,751
2021-09-07,Inyo,027,18085,1602,1579,31,1610,39
2021-09-07,Kern,029,883053,113279,110674,16740,127414,1408
2021-09-07,Kings,031,150075,27949,27169,1531,28700,267
2021-09-07,Lake,033,64148,5806,5597,101,5698,78
2021-09-07,Lassen,035,31185,5992,5842,213,6055,21
2021-09-07,Los Angeles,037,10098052,1374091,1360407,51131,1411538,25486
2021-09-07,Madera,039,155013,19884,19316,1540,20856,249
2021-09-07,Marin,041,260295,16568,16363,374,16737,242
2021-09-07,Mariposa,043,17540,817,771,27,798,5
2021-09-07,Mendocino,045,87422,6324,6036,249,6285,61
2021-09-07,Merced,047,269075,37024,36400,1437,37837,513
2021-09-07,Modoc,049,8938,463,449,159,608,5
2021-09-07,Mono,051,14174,1444,1416,18,1434,3
2021-09-07,Monterey,053,433212,46674,45911,2483,48394,543
2021-09-07,Napa,055,140530,11990,11814,79,11893,90
2021-09-07,Nevada,057,99092,8022,7829,263,8092,82
2021-09-07,Orange,059,3164182,292333,288225,13807,302032,5274
2021-09-07,Placer,061,380077,32617,31710,2988,34698,337
2021-09-07,Plumas,063,18699,1149,1071,22,1093,5
2021-09-07,Riverside,065,2383286,339870,333390,15684,349074,4666
2021-09-07,Sacramento,067,1510023,142977,142364,3364,145728,1905
2021-09-07,San Benito,069,59416,6829,6786,139,6925,64
2021-09-07,San Bernardino,071,2135413,333930,329962,10398,340360,5407
2021-09-07,San Diego,073,3302833,345142,340709,20280,360989,3922
2021-09-07,San Francisco,075,870044,48933,48175,2084,50259,589
2021-09-07,San Joaquin,077,732212,90823,89468,4798,94266,1548
2021-09-07,San Luis Obispo,079,281455,26860,26253,1025,27278,287
2021-09-07,San Mateo,081,765935,50848,49913,759,50672,561
2021-09-07,Santa Barbara,083,443738,40844,39957,1429,41386,489
2021-09-07,Santa Clara,085,1922200,138281,136631,1063,137694,1807
2021-09-07,Santa Cruz,087,273765,18951,18669,967,19636,210
2021-09-07,Shasta,089,179085,16956,16096,2609,18705,226
2021-09-07,Sierra,091,2930,129,111,13,124,0
2021-09-07,Siskiyou,093,43540,2787,2607,920,3527,34
2021-09-07,Solano,095,438530,42870,41862,1084,42946,300
2021-09-07,Sonoma,097,501317,38474,38013,466,38479,358
2021-09-07,Stanislaus,099,539301,69589,68831,7842,76673,1074
2021-09-07,Sutter,101,95872,12469,12310,201,12511,138
2021-09-07,Tehama,103,63373,6741,6482,1066,7548,74
2021-09-07,Trinity,105,12862,667,517,181,698,6
2021-09-07,Tulare,107,460477,59035,57228,11974,69202,874
2021-09-07,Tuolumne,109,53932,5866,5759,61,5820,88
2021-09-07,Ventura,111,848112,92875,91246,4029,95275,1093
2021-09-07,Yolo,113,214977,17973,17653,884,18537,235
2021-09-07,Yuba,115,75493,8811,8642,190,8832,55
2021-09-06,Alameda,001,1643700,111641,110357,2571,112928,1301
2021-09-06,Alpine,003,1148,94,94,0,94,0
2021-09-06,Amador,005,37829,4756,4648,46,4694,53
2021-09-06,Butte,007,227075,17181,16588,2970,19558,218
2021-09-06,Calaveras,009,45235,3191,3122,20,3142,63
2021-09-06,Colusa,011,21464,2347,2306,510,2816,16
2021-09-06,Contra Costa,013,1133247,92124,90971,1851,92822,891
2021-09-06,Del Norte,015,27424,3207,3037,19,3056,24
2021-09-06,El Dorado,017,186661,14144,13848,1377,15225,119
2021-09-06,Fresno,019,978130,122148,119738,10913,130651,1828
2021-09-06,Glenn,021,27897,3022,2912,862,3774,20
2021-09-06,Humboldt,023,135768,7542,7320,309,7629,52
2021-09-06,Imperial,025,180216,30845,30576,2954,33530,751
2021-09-06,Inyo,027,18085,1593,1578,19,1597,39
2021-09-06,Kern,029,883053,112767,110347,16552,126899,1408
2021-09-06,Kings,031,150075,27806,27094,1516,28610,264
2021-09-06,Lake,033,64148,5742,5548,94,5642,78
2021-09-06,Lassen,035,31185,5966,5822,203,6025,21
2021-09-06,Los Angeles,037,10098052,1371712,1359348,51015,1410363,25477
2021-09-06,Madera,039,155013,19781,19191,1517,20708,249
2021-09-06,Marin,041,260295,16528,16356,374,16730,242
2021-09-06,Mariposa,043,17540,805,764,27,791,5
2021-09-06,Mendocino,045,87422,6254,5984,236,6220,61
2021-09-06,Merced,047,269075,36810,36300,1423,37723,513
2021-09-06,Modoc,049,8938,460,449,159,608,5
2021-09-06,Mono,051,14174,1440,1416,18,1434,3
2021-09-06,Monterey,053,433212,46580,45833,2466,48299,541
2021-09-06,Napa,055,140530,11947,11792,78,11870,90
2021-09-06,Nevada,057,99092,7974,7748,261,8009,82
2021-09-06,Orange,059,3164182,291839,287948,13754,301702,5274
2021-09-06,Placer,061,380077,32440,31595,2950,34545,337
2021-09-06,Plumas,063,18699,1128,1068,19,1087,5
2021-09-06,Riverside,065,2383286,339055,333052,15664,348716,4666
2021-09-06,Sacramento,067,1510023,142336,141730,3296,145026,1905
2021-09-06,San Benito,069,59416,6806,6777,136,6913,64
2021-09-06,San Bernardino,071,2135413,333046,329693,10367,340060,5398
2021-09-06,San Diego,073,3302833,344143,340222,20183,360405,3922
2021-09-06,San Francisco,075,870044,48799,48120,2077,50197,589
2021-09-06,San Joaquin,077,732212,90477,89293,4772,94065,1548
2021-09-06,San Luis Obispo,079,281455,26731,26183,1021,27204,286
2021-09-06,San Mateo,081,765935,50719,49859,757,50616,561
2021-09-06,Santa Barbara,083,443738,40714,39876,1420,41296,489
2021-09-06,Santa Clara,085,1922200,137989,136458,1061,137519,1807
2021-09-06,Santa Cruz,087,273765,18902,18615,964,19579,210
2021-09-06,Shasta,089,179085,16775,15985,2555,18540,226
2021-09-06,Sierra,091,2930,129,109,13,122,0
2021-09-06,Siskiyou,093,43540,2743,2595,886,3481,34
2021-09-06,Solano,095,438530,42722,41774,1077,42851,300
2021-09-06,Sonoma,097,501317,38353,37929,465,38394,358
2021-09-06,Stanislaus,099,539301,69248,68596,7798,76394,1074
2021-09-06,Sutter,101,95872,12407,12238,192,12430,138
2021-09-06,Tehama,103,63373,6679,6413,1039,7452,74
2021-09-06,Trinity,105,12862,664,515,179,694,6
2021-09-06,Tulare,107,460477,58677,57068,11894,68962,874
2021-09-06,Tuolumne,109,53932,5830,5697,61,5758,88
2021-09-06,Ventura,111,848112,92698,91132,4017,95149,1093
2021-09-06,Yolo,113,214977,17888,17576,878,18454,235
2021-09-06,Yuba,115,75493,8761,8584,186,8770,55
2021-09-05,Alameda,001,1643700,111450,110173,2568,112741,1301
2021-09-05,Alpine,003,1148,94,94,0,94,0
2021-09-05,Amador,005,37829,4744,4642,46,4688,53
2021-09-05,Butte,007,227075,17091,16504,2942,19446,218
2021-09-05,Calaveras,009,45235,3185,3106,20,3126,63
2021-09-05,Colusa,011,21464,2339,2305,508,2813,16
2021-09-05,Contra Costa,013,1133247,91939,90862,1846,92708,891
2021-09-05,Del Norte,015,27424,3187,3023,19,3042,24
2021-09-05,El Dorado,017,186661,14115,13827,1363,15190,119
2021-09-05,Fresno,019,978130,121849,119384,10871,130255,1828
2021-09-05,Glenn,021,27897,3008,2899,860,3759,20
2021-09-05,Humboldt,023,135768,7509,7312,306,7618,52
2021-09-05,Imperial,025,180216,30816,30548,2952,33500,751
2021-09-05,Inyo,027,18085,1590,1572,19,1591,39
2021-09-05,Kern,029,883053,112467,110073,16393,126466,1408
2021-09-05,Kings,031,150075,27729,26989,1512,28501,264
2021-09-05,Lake,033,64148,5722,5525,94,5619,78
2021-09-05,Lassen,035,31185,5944,5820,199,6019,21
2021-09-05,Los Angeles,037,10098052,1370419,1357748,50944,1408692,25465
2021-09-05,Madera,039,155013,19740,19155,1506,20661,249
2021-09-05,Marin,041,260295,16509,16342,373,16715,242
2021-09-05,Mariposa,043,17540,801,761,27,788,5
2021-09-05,Mendocino,045,87422,6220,5965,236,6201,61
2021-09-05,Merced,047,269075,36735,36243,1421,37664,513
2021-09-05,Modoc,049,8938,460,447,159,606,5
2021-09-05,Mono,051,14174,1440,1416,18,1434,3
2021-09-05,Monterey,053,433212,46551,45795,2457,48252,540
2021-09-05,Napa,055,140530,11922,11770,78,11848,90
2021-09-05,Nevada,057,99092,7952,7722,260,7982,82
2021-09-05,Orange,059,3164182,291551,287614,13737,301351,5274
2021-09-05,Placer,061,380077,32312,31487,2936,34423,337
2021-09-05,Plumas,063,18699,1121,1067,19,1086,5
2021-09-05,Riverside,065,2383286,338600,332604,15652,348256,4654
2021-09-05,Sacramento,067,1510023,141898,141276,3278,144554,1905
2021-09-05,San Benito,069,59416,6805,6764,136,6900,64
2021-09-05,San Bernardino,071,2135413,332663,329062,10352,339414,5392
2021-09-05,San Diego,073,3302833,343591,339427,20142,359569,3914
2021-09-05,San Francisco,075,870044,48721,48035,2072,50107,589
2021-09-05,San Joaquin,077,732212,90310,89121,4755,93876,1548
2021-09-05,San Luis Obispo,079,281455,26682,26098,1020,27118,285
2021-09-05,San Mateo,081,765935,50651,49809,753,50562,561
2021-09-05,Santa Barbara,083,443738,40647,39762,1417,41179,489
2021-09-05,Santa Clara,085,1922200,137779,136146,1059,137205,1807
2021-09-05,Santa Cruz,087,273765,18882,18588,962,19550,210
2021-09-05,Shasta,089,179085,16692,15960,2529,18489,226
2021-09-05,Sierra,091,2930,128,109,13,122,0
2021-09-05,Siskiyou,093,43540,2726,2585,872,3457,34
2021-09-05,Solano,095,438530,42627,41687,1072,42759,300
2021-09-05,Sonoma,097,501317,38268,37881,464,38345,358
2021-09-05,Stanislaus,099,539301,69109,68434,7773,76207,1074
2021-09-05,Sutter,101,95872,12377,12179,186,12365,138
2021-09-05,Tehama,103,63373,6653,6400,1033,7433,74
2021-09-05,Trinity,105,12862,658,505,178,683,6
2021-09-05,Tulare,107,460477,58507,56915,11850,68765,874
2021-09-05,Tuolumne,109,53932,5818,5688,61,5749,88
2021-09-05,Ventura,111,848112,92562,91004,4013,95017,1093
2021-09-05,Yolo,113,214977,17851,17557,872,18429,235
2021-09-05,Yuba,115,75493,8734,8521,184,8705,55
2021-09-04,Alameda,001,1643700,111327,109944,2561,112505,1301
2021-09-04,Alpine,003,1148,94,94,0,94,0
2021-09-04,Amador,005,37829,4726,4637,45,4682,53
2021-09-04,Butte,007,227075,17033,16403,2927,19330,218
2021-09-04,Calaveras,009,45235,3173,3087,19,3106,63
2021-09-04,Colusa,011,21464,2337,2301,508,2809,16
2021-09-04,Contra Costa,013,1133247,91822,90623,1843,92466,891
2021-09-04,Del Norte,015,27424,3176,2984,19,3003,24
2021-09-04,El Dorado,017,186661,14089,13782,1354,15136,119
2021-09-04,Fresno,019,978130,121653,119033,10850,129883,1828
2021-09-04,Glenn,021,27897,2998,2878,854,3732,20
2021-09-04,Humboldt,023,135768,7478,7298,300,7598,52
2021-09-04,Imperial,025,180216,30793,30526,2950,33476,751
2021-09-04,Inyo,027,18085,1588,1571,19,1590,39
2021-09-04,Kern,029,883053,112223,109751,16262,126013,1408
2021-09-04,Kings,031,150075,27642,26896,1506,28402,263
2021-09-04,Lake,033,64148,5704,5507,94,5601,78
2021-09-04,Lassen,035,31185,5929,5814,191,6005,21
2021-09-04,Los Angeles,037,10098052,1369469,1355634,50886,1406520,25454
2021-09-04,Madera,039,155013,19707,19112,1499,20611,249
2021-09-04,Marin,041,260295,16493,16319,372,16691,242
2021-09-04,Mariposa,043,17540,796,759,27,786,5
2021-09-04,Mendocino,045,87422,6184,5933,236,6169,61
2021-09-04,Merced,047,269075,36691,36083,1416,37499,513
2021-09-04,Modoc,049,8938,460,447,159,606,5
2021-09-04,Mono,051,14174,1437,1417,18,1435,3
2021-09-04,Monterey,053,433212,46520,45756,2453,48209,540
2021-09-04,Napa,055,140530,11897,11760,76,11836,90
2021-09-04,Nevada,057,99092,7937,7691,259,7950,82
2021-09-04,Orange,059,3164182,291288,287244,13716,300960,5274
2021-09-04,Placer,061,380077,32208,31374,2919,34293,337
2021-09-04,Plumas,063,18699,1113,1067,19,1086,5
2021-09-04,Riverside,065,2383286,338130,331958,15640,347598,4654
2021-09-04,Sacramento,067,1510023,141605,140735,3270,144005,1896
2021-09-04,San Benito,069,59416,6796,6758,136,6894,64
2021-09-04,San Bernardino,071,2135413,332331,328425,10338,338763,5393
2021-09-04,San Diego,073,3302833,343156,338748,20120,358868,3914
2021-09-04,San Francisco,075,870044,48646,47937,2063,50000,589
2021-09-04,San Joaquin,077,732212,90194,88846,4747,93593,1548
2021-09-04,San Luis Obispo,079,281455,26650,26020,1020,27040,285
2021-09-04,San Mateo,081,765935,50597,49721,753,50474,560
2021-09-04,Santa Barbara,083,443738,40581,39667,1415,41082,489
2021-09-04,Santa Clara,085,1922200,137594,135845,1056,136901,1806
2021-09-04,Santa Cruz,087,273765,18864,18579,958,19537,210
2021-09-04,Shasta,089,179085,16615,15924,2503,18427,226
2021-09-04,Sierra,091,2930,126,108,13,121,0
2021-09-04,Siskiyou,093,43540,2700,2563,861,3424,34
2021-09-04,Solano,095,438530,42554,41614,1070,42684,300
2021-09-04,Sonoma,097,501317,38235,37809,464,38273,358
2021-09-04,Stanislaus,099,539301,68962,68210,7748,75958,1074
2021-09-04,Sutter,101,95872,12336,12137,185,12322,138
2021-09-04,Tehama,103,63373,6628,6367,1015,7382,74
2021-09-04,Trinity,105,12862,656,497,178,675,6
2021-09-04,Tulare,107,460477,58399,56719,11807,68526,874
2021-09-04,Tuolumne,109,53932,5800,5667,59,5726,88
2021-09-04,Ventura,111,848112,92427,90904,4010,94914,1090
2021-09-04,Yolo,113,214977,17815,17522,868,18390,235
2021-09-04,Yuba,115,75493,8705,8475,183,8658,55
2021-09-03,Alameda,001,1643700,111172,109636,2558,112194,1301
2021-09-03,Alpine,003,1148,94,94,0,94,0
2021-09-03,Amador,005,37829,4704,4614,45,4659,53
2021-09-03,Butte,007,227075,16942,16259,2901,19160,215
2021-09-03,Calaveras,009,45235,3163,3069,19,3088,63
2021-09-03,Colusa,011,21464,2332,2295,507,2802,16
2021-09-03,Contra Costa,013,1133247,91670,90299,1840,92139,886
2021-09-03,Del Norte,015,27424,3148,2943,18,2961,24
2021-09-03,El Dorado,017,186661,14056,13710,1350,15060,119
2021-09-03,Fresno,019,978130,121318,118508,10828,129336,1822
2021-09-03,Glenn,021,27897,2989,2867,847,3714,20
2021-09-03,Humboldt,023,135768,7453,7194,295,7489,52
2021-09-03,Imperial,025,180216,30770,30475,2945,33420,751
2021-09-03,Inyo,027,18085,1583,1567,19,1586,39
2021-09-03,Kern,029,883053,112007,109296,16151,125447,1407
2021-09-03,Kings,031,150075,27558,26753,1503,28256,263
2021-09-03,Lake,033,64148,5684,5479,92,5571,78
2021-09-03,Lassen,035,31185,5912,5789,186,5975,21
2021-09-03,Los Angeles,037,10098052,1368138,1351185,50819,1402004,25384
2021-09-03,Madera,039,155013,19622,19021,1493,20514,247
2021-09-03,Marin,041,260295,16471,16293,371,16664,242
2021-09-03,Mariposa,043,17540,789,753,25,778,5
2021-09-03,Mendocino,045,87422,6149,5891,236,6127,61
2021-09-03,Merced,047,269075,36637,35941,1407,37348,512
2021-09-03,Modoc,049,8938,460,445,159,604,5
2021-09-03,Mono,051,14174,1436,1410,18,1428,3
2021-09-03,Monterey,053,433212,46482,45707,2449,48156,540
2021-09-03,Napa,055,140530,11876,11733,76,11809,89
2021-09-03,Nevada,057,99092,7903,7632,259,7891,82
2021-09-03,Orange,059,3164182,290971,286818,13688,300506,5253
2021-09-03,Placer,061,380077,32101,31238,2895,34133,335
2021-09-03,Plumas,063,18699,1102,1057,19,1076,5
2021-09-03,Riverside,065,2383286,337598,331011,15624,346635,4653
2021-09-03,Sacramento,067,1510023,141236,139982,3251,143233,1886
2021-09-03,San Benito,069,59416,6790,6746,136,6882,64
2021-09-03,San Bernardino,071,2135413,331915,327599,10327,337926,5381
2021-09-03,San Diego,073,3302833,342537,337627,20087,357714,3911
2021-09-03,San Francisco,075,870044,48570,47822,2057,49879,589
2021-09-03,San Joaquin,077,732212,90041,88366,4739,93105,1540
2021-09-03,San Luis Obispo,079,281455,26574,25917,1018,26935,283
2021-09-03,San Mateo,081,765935,50502,49617,751,50368,560
2021-09-03,Santa Barbara,083,443738,40514,39507,1412,40919,489
2021-09-03,Santa Clara,085,1922200,137392,135522,1052,136574,1801
2021-09-03,Santa Cruz,087,273765,18839,18532,958,19490,210
2021-09-03,Shasta,089,179085,16540,15778,2479,18257,226
2021-09-03,Sierra,091,2930,124,105,13,118,0
2021-09-03,Siskiyou,093,43540,2688,2529,848,3377,34
2021-09-03,Solano,095,438530,42458,41457,1067,42524,300
2021-09-03,Sonoma,097,501317,38172,37699,464,38163,358
2021-09-03,Stanislaus,099,539301,68787,67887,7722,75609,1074
2021-09-03,Sutter,101,95872,12297,12073,184,12257,139
2021-09-03,Tehama,103,63373,6589,6334,1008,7342,72
2021-09-03,Trinity,105,12862,654,490,173,663,6
2021-09-03,Tulare,107,460477,58272,56401,11754,68155,872
2021-09-03,Tuolumne,109,53932,5758,5630,59,5689,88
2021-09-03,Ventura,111,848112,92293,90742,4006,94748,1088
2021-09-03,Yolo,113,214977,17792,17446,862,18308,235
2021-09-03,Yuba,115,75493,8674,8412,183,8595,55
2021-09-02,Alameda,001,1643700,110913,109377,2555,111932,1301
2021-09-02,Alpine,003,1148,93,92,0,92,0
2021-09-02,Amador,005,37829,4688,4606,45,4651,53
2021-09-02,Butte,007,227075,16816,16154,2882,19036,215
2021-09-02,Calaveras,009,45235,3150,3042,19,3061,62
2021-09-02,Colusa,011,21464,2328,2290,507,2797,16
2021-09-02,Contra Costa,013,1133247,91487,90038,1829,91867,886
2021-09-02,Del Norte,015,27424,3117,2891,18,2909,24
2021-09-02,El Dorado,017,186661,13997,13641,1325,14966,119
2021-09-02,Fresno,019,978130,120830,117974,10773,128747,1804
2021-09-02,Glenn,021,27897,2973,2855,841,3696,20
2021-09-02,Humboldt,023,135768,7406,7141,284,7425,52
2021-09-02,Imperial,025,180216,30726,30449,2940,33389,751
2021-09-02,Inyo,027,18085,1578,1564,18,1582,39
2021-09-02,Kern,029,883053,111595,108930,16007,124937,1404
2021-09-02,Kings,031,150075,27465,26638,1493,28131,263
2021-09-02,Lake,033,64148,5654,5432,88,5520,78
2021-09-02,Lassen,035,31185,5898,5747,179,5926,21
2021-09-02,Los Angeles,037,10098052,1366275,1351105,50724,1401829,25382
2021-09-02,Madera,039,155013,19531,18937,1474,20411,247
2021-09-02,Marin,041,260295,16458,16244,369,16613,242
2021-09-02,Mariposa,043,17540,782,745,22,767,5
2021-09-02,Mendocino,045,87422,6107,5848,233,6081,61
2021-09-02,Merced,047,269075,36474,35820,1400,37220,508
2021-09-02,Modoc,049,8938,460,437,159,596,5
2021-09-02,Mono,051,14174,1436,1409,18,1427,3
2021-09-02,Monterey,053,433212,46416,45648,2434,48082,539
2021-09-02,Napa,055,140530,11847,11684,76,11760,88
2021-09-02,Nevada,057,99092,7851,7575,258,7833,82
2021-09-02,Orange,059,3164182,290511,286326,13654,299980,5240
2021-09-02,Placer,061,380077,31964,31067,2866,33933,330
2021-09-02,Plumas,063,18699,1091,1045,18,1063,5
2021-09-02,Riverside,065,2383286,336883,330190,15599,345789,4644
2021-09-02,Sacramento,067,1510023,140653,139274,3212,142486,1882
2021-09-02,San Benito,069,59416,6785,6734,135,6869,64
2021-09-02,San Bernardino,071,2135413,331308,326940,10254,337194,5369
2021-09-02,San Diego,073,3302833,341579,336382,20034,356416,3909
2021-09-02,San Francisco,075,870044,48462,47674,2053,49727,587
2021-09-02,San Joaquin,077,732212,89757,88056,4715,92771,1540
2021-09-02,San Luis Obispo,079,281455,26489,25851,1013,26864,283
2021-09-02,San Mateo,081,765935,50403,49490,748,50238,558
2021-09-02,Santa Barbara,083,443738,40424,39386,1399,40785,486
2021-09-02,Santa Clara,085,1922200,137091,135216,1046,136262,1799
2021-09-02,Santa Cruz,087,273765,18805,18473,955,19428,210
2021-09-02,Shasta,089,179085,16402,15670,2450,18120,224
2021-09-02,Sierra,091,2930,124,105,13,118,0
2021-09-02,Siskiyou,093,43540,2667,2513,820,3333,34
2021-09-02,Solano,095,438530,42352,41293,1064,42357,294
2021-09-02,Sonoma,097,501317,38091,37558,464,38022,352
2021-09-02,Stanislaus,099,539301,68546,67576,7700,75276,1074
2021-09-02,Sutter,101,95872,12228,11995,180,12175,138
2021-09-02,Tehama,103,63373,6531,6265,989,7254,72
2021-09-02,Trinity,105,12862,650,484,171,655,6
2021-09-02,Tulare,107,460477,58042,56105,11701,67806,872
2021-09-02,Tuolumne,109,53932,5702,5578,59,5637,88
2021-09-02,Ventura,111,848112,92110,90610,4001,94611,1084
2021-09-02,Yolo,113,214977,17722,17357,851,18208,235
2021-09-02,Yuba,115,75493,8614,8363,183,8546,55
2021-09-01,Alameda,001,1643700,110647,109075,2549,111624,1299
2021-09-01,Alpine,003,1148,93,92,0,92,0
2021-09-01,Amador,005,37829,4672,4599,44,4643,53
2021-09-01,Butte,007,227075,16701,16046,2856,18902,215
2021-09-01,Calaveras,009,45235,3138,3023,19,3042,59
2021-09-01,Colusa,011,21464,2323,2281,506,2787,16
2021-09-01,Contra Costa,013,1133247,91252,89834,1822,91656,877
2021-09-01,Del Norte,015,27424,3084,2860,18,2878,24
2021-09-01,El Dorado,017,186661,13941,13577,1296,14873,119
2021-09-01,Fresno,019,978130,120339,117492,10703,128195,1800
2021-09-01,Glenn,021,27897,2948,2846,833,3679,20
2021-09-01,Humboldt,023,135768,7359,7090,277,7367,52
2021-09-01,Imperial,025,180216,30688,30393,2935,33328,750
2021-09-01,Inyo,027,18085,1574,1561,17,1578,39
2021-09-01,Kern,029,883053,111164,108449,15865,124314,1400
2021-09-01,Kings,031,150075,27352,26443,1482,27925,263
2021-09-01,Lake,033,64148,5613,5396,83,5479,77
2021-09-01,Lassen,035,31185,5876,5731,175,5906,21
2021-09-01,Los Angeles,037,10098052,1364009,1348589,50620,1399209,25341
2021-09-01,Madera,039,155013,19453,18852,1459,20311,247
2021-09-01,Marin,041,260295,16436,16224,364,16588,240
2021-09-01,Mariposa,043,17540,774,735,22,757,5
2021-09-01,Mendocino,045,87422,6064,5821,228,6049,59
2021-09-01,Merced,047,269075,36297,35686,1390,37076,500
2021-09-01,Modoc,049,8938,454,436,157,593,5
2021-09-01,Mono,051,14174,1436,1400,18,1418,3
2021-09-01,Monterey,053,433212,46336,45590,2419,48009,539
2021-09-01,Napa,055,140530,11814,11653,76,11729,88
2021-09-01,Nevada,057,99092,7798,7508,257,7765,82
2021-09-01,Orange,059,3164182,290037,285840,13616,299456,5233
2021-09-01,Placer,061,380077,31809,30902,2852,33754,330
2021-09-01,Plumas,063,18699,1083,1033,18,1051,5
2021-09-01,Riverside,065,2383286,336067,329388,15569,344957,4634
2021-09-01,Sacramento,067,1510023,140044,138499,3166,141665,1875
2021-09-01,San Benito,069,59416,6768,6716,135,6851,64
2021-09-01,San Bernardino,071,2135413,330656,326250,10225,336475,5364
2021-09-01,San Diego,073,3302833,340557,335302,19978,355280,3908
2021-09-01,San Francisco,075,870044,48353,47538,2046,49584,584
2021-09-01,San Joaquin,077,732212,89435,87640,4692,92332,1540
2021-09-01,San Luis Obispo,079,281455,26393,25691,1008,26699,283
2021-09-01,San Mateo,081,765935,50283,49394,742,50136,558
2021-09-01,Santa Barbara,083,443738,40307,39263,1383,40646,483
2021-09-01,Santa Clara,085,1922200,136823,134855,1039,135894,1796
2021-09-01,Santa Cruz,087,273765,18758,18453,953,19406,210
2021-09-01,Shasta,089,179085,16270,15552,2409,17961,221
2021-09-01,Sierra,091,2930,123,98,13,111,0
2021-09-01,Siskiyou,093,43540,2637,2482,800,3282,34
2021-09-01,Solano,095,438530,42201,41194,1058,42252,293
2021-09-01,Sonoma,097,501317,37996,37454,463,37917,352
2021-09-01,Stanislaus,099,539301,68262,67287,7669,74956,1075
2021-09-01,Sutter,101,95872,12164,11945,173,12118,136
2021-09-01,Tehama,103,63373,6497,6228,972,7200,72
2021-09-01,Trinity,105,12862,649,482,168,650,5
2021-09-01,Tulare,107,460477,57759,55768,11664,67432,870
2021-09-01,Tuolumne,109,53932,5663,5553,59,5612,88
2021-09-01,Ventura,111,848112,91895,90471,3985,94456,1089
2021-09-01,Yolo,113,214977,17666,17264,845,18109,235
2021-09-01,Yuba,115,75493,8552,8308,183,8491,55
2021-08-31,Alameda,001,1643700,110354,108837,2542,111379,1297
2021-08-31,Alpine,003,1148,91,92,0,92,0
2021-08-31,Amador,005,37829,4651,4555,44,4599,53
2021-08-31,Butte,007,227075,16559,15896,2815,18711,216
2021-08-31,Calaveras,009,45235,3098,3008,19,3027,59
2021-08-31,Colusa,011,21464,2321,2275,504,2779,16
2021-08-31,Contra Costa,013,1133247,90957,89546,1810,91356,871
2021-08-31,Del Norte,015,27424,3048,2830,18,2848,19
2021-08-31,El Dorado,017,186661,13870,13539,1278,14817,119
2021-08-31,Fresno,019,978130,119763,117155,10624,127779,1801
2021-08-31,Glenn,021,27897,2932,2829,822,3651,20
2021-08-31,Humboldt,023,135768,7284,7030,264,7294,52
2021-08-31,Imperial,025,180216,30651,30348,2927,33275,750
2021-08-31,Inyo,027,18085,1570,1550,17,1567,39
2021-08-31,Kern,029,883053,110662,108151,15686,123837,1393
2021-08-31,Kings,031,150075,27210,26405,1468,27873,260
2021-08-31,Lake,033,64148,5569,5359,80,5439,74
2021-08-31,Lassen,035,31185,5850,5702,172,5874,21
2021-08-31,Los Angeles,037,10098052,1361420,1346686,50540,1397226,25303
2021-08-31,Madera,039,155013,19363,18811,1441,20252,247
2021-08-31,Marin,041,260295,16407,16215,361,16576,240
2021-08-31,Mariposa,043,17540,766,732,22,754,5
2021-08-31,Mendocino,045,87422,6022,5777,226,6003,59
2021-08-31,Merced,047,269075,36127,35512,1385,36897,498
2021-08-31,Modoc,049,8938,453,436,157,593,5
2021-08-31,Mono,051,14174,1424,1398,18,1416,3
2021-08-31,Monterey,053,433212,46252,45550,2406,47956,539
2021-08-31,Napa,055,140530,11767,11618,76,11694,88
2021-08-31,Nevada,057,99092,7731,7460,257,7717,82
2021-08-31,Orange,059,3164182,289438,285310,13582,298892,5229
2021-08-31,Placer,061,380077,31619,30745,2814,33559,325
2021-08-31,Plumas,063,18699,1079,1018,17,1035,5
2021-08-31,Riverside,065,2383286,335093,328556,15536,344092,4627
2021-08-31,Sacramento,067,1510023,139359,137879,3134,141013,1863
2021-08-31,San Benito,069,59416,6756,6694,133,6827,64
2021-08-31,San Bernardino,071,2135413,329909,325446,10205,335651,5350
2021-08-31,San Diego,073,3302833,339304,334377,19920,354297,3888
2021-08-31,San Francisco,075,870044,48203,47440,2035,49475,581
2021-08-31,San Joaquin,077,732212,88989,87365,4677,92042,1540
2021-08-31,San Luis Obispo,079,281455,26270,25518,1004,26522,282
2021-08-31,San Mateo,081,765935,50171,49299,742,50041,556
2021-08-31,Santa Barbara,083,443738,40156,39091,1377,40468,481
2021-08-31,Santa Clara,085,1922200,136472,134637,1032,135669,1793
2021-08-31,Santa Cruz,087,273765,18720,18419,950,19369,210
2021-08-31,Shasta,089,179085,16118,15368,2382,17750,220
2021-08-31,Sierra,091,2930,120,95,13,108,0
2021-08-31,Siskiyou,093,43540,2617,2435,784,3219,33
2021-08-31,Solano,095,438530,42062,41067,1051,42118,289
2021-08-31,Sonoma,097,501317,37900,37379,461,37840,352
2021-08-31,Stanislaus,099,539301,67907,67004,7634,74638,1075
2021-08-31,Sutter,101,95872,12099,11901,169,12070,136
2021-08-31,Tehama,103,63373,6436,6169,941,7110,72
2021-08-31,Trinity,105,12862,643,480,168,648,3
2021-08-31,Tulare,107,460477,57425,55567,11593,67160,870
2021-08-31,Tuolumne,109,53932,5627,5516,59,5575,88
2021-08-31,Ventura,111,848112,91676,90292,3973,94265,1081
2021-08-31,Yolo,113,214977,17585,17205,836,18041,234
2021-08-31,Yuba,115,75493,8498,8253,183,8436,54
2021-08-30,Alameda,001,1643700,110029,107734,2531,110265,1296
2021-08-30,Alpine,003,1148,91,92,0,92,0
2021-08-30,Amador,005,37829,4640,4507,44,4551,53
2021-08-30,Butte,007,227075,16408,15719,2782,18501,214
2021-08-30,Calaveras,009,45235,3083,2975,19,2994,59
2021-08-30,Colusa,011,21464,2312,2271,501,2772,16
2021-08-30,Contra Costa,013,1133247,90698,87679,1800,89479,872
2021-08-30,Del Norte,015,27424,3006,2796,17,2813,11
2021-08-30,El Dorado,017,186661,13801,13217,1261,14478,119
2021-08-30,Fresno,019,978130,119190,115867,10552,126419,1790
2021-08-30,Glenn,021,27897,2921,2804,816,3620,20
2021-08-30,Humboldt,023,135768,7230,6930,258,7188,52
2021-08-30,Imperial,025,180216,30613,30311,2922,33233,750
2021-08-30,Inyo,027,18085,1565,1544,17,1561,39
2021-08-30,Kern,029,883053,110183,107615,15522,123137,1389
2021-08-30,Kings,031,150075,27094,26236,1453,27689,259
2021-08-30,Lake,033,64148,5534,5323,77,5400,74
2021-08-30,Lassen,035,31185,5828,5667,166,5833,21
2021-08-30,Los Angeles,037,10098052,1358960,1344949,50454,1395403,25269
2021-08-30,Madera,039,155013,19281,18622,1421,20043,247
2021-08-30,Marin,041,260295,16376,16160,361,16521,240
2021-08-30,Mariposa,043,17540,760,715,21,736,5
2021-08-30,Mendocino,045,87422,5988,5721,222,5943,55
2021-08-30,Merced,047,269075,35999,35335,1381,36716,497
2021-08-30,Modoc,049,8938,451,436,156,592,5
2021-08-30,Mono,051,14174,1423,1390,18,1408,3
2021-08-30,Monterey,053,433212,46190,45463,2389,47852,539
2021-08-30,Napa,055,140530,11718,11579,74,11653,87
2021-08-30,Nevada,057,99092,7672,7356,254,7610,82
2021-08-30,Orange,059,3164182,288857,284750,13533,298283,5223
2021-08-30,Placer,061,380077,31454,29825,2791,32616,319
2021-08-30,Plumas,063,18699,1062,998,17,1015,5
2021-08-30,Riverside,065,2383286,334196,327593,15505,343098,4623
2021-08-30,Sacramento,067,1510023,138701,134571,3088,137659,1847
2021-08-30,San Benito,069,59416,6747,6663,133,6796,64
2021-08-30,San Bernardino,071,2135413,329231,324870,10175,335045,5348
2021-08-30,San Diego,073,3302833,338033,333011,19840,352851,3885
2021-08-30,San Francisco,075,870044,48064,46966,2021,48987,581
2021-08-30,San Joaquin,077,732212,88658,86203,4656,90859,1528
2021-08-30,San Luis Obispo,079,281455,26145,25422,997,26419,280
2021-08-30,San Mateo,081,765935,50045,48839,736,49575,554
2021-08-30,Santa Barbara,083,443738,40005,38998,1372,40370,481
2021-08-30,Santa Clara,085,1922200,136151,133281,1025,134306,1789
2021-08-30,Santa Cruz,087,273765,18666,18326,946,19272,210
2021-08-30,Shasta,089,179085,15989,15238,2340,17578,217
2021-08-30,Sierra,091,2930,118,91,13,104,0
2021-08-30,Siskiyou,093,43540,2604,2411,773,3184,33
2021-08-30,Solano,095,438530,41901,39986,1047,41033,290
2021-08-30,Sonoma,097,501317,37794,36764,461,37225,352
2021-08-30,Stanislaus,099,539301,67568,66173,7603,73776,1074
2021-08-30,Sutter,101,95872,12029,11791,162,11953,136
2021-08-30,Tehama,103,63373,6357,6085,917,7002,71
2021-08-30,Trinity,105,12862,632,468,165,633,3
2021-08-30,Tulare,107,460477,57113,55140,11517,66657,870
2021-08-30,Tuolumne,109,53932,5581,5492,59,5551,74
2021-08-30,Ventura,111,848112,91460,90149,3961,94110,1082
2021-08-30,Yolo,113,214977,17523,17071,832,17903,231
2021-08-30,Yuba,115,75493,8424,8129,182,8311,54
2021-08-29,Alameda,001,1643700,109685,107494,2519,110013,1296
2021-08-29,Alpine,003,1148,91,92,0,92,0
2021-08-29,Amador,005,37829,4626,4501,44,4545,53
2021-08-29,Butte,007,227075,16237,15602,2745,18347,214
2021-08-29,Calaveras,009,45235,3051,2970,19,2989,59
2021-08-29,Colusa,011,21464,2305,2260,495,2755,16
2021-08-29,Contra Costa,013,1133247,90401,87439,1795,89234,872
2021-08-29,Del Norte,015,27424,2963,2752,17,2769,11
2021-08-29,El Dorado,017,186661,13745,13166,1250,14416,119
2021-08-29,Fresno,019,978130,118593,115502,10482,125984,1790
2021-08-29,Glenn,021,27897,2903,2778,809,3587,20
2021-08-29,Humboldt,023,135768,7186,6922,243,7165,52
2021-08-29,Imperial,025,180216,30552,30293,2911,33204,750
2021-08-29,Inyo,027,18085,1555,1543,16,1559,39
2021-08-29,Kern,029,883053,109732,107324,15352,122676,1389
2021-08-29,Kings,031,150075,26941,26143,1438,27581,259
2021-08-29,Lake,033,64148,5494,5293,67,5360,74
2021-08-29,Lassen,035,31185,5805,5666,162,5828,21
2021-08-29,Los Angeles,037,10098052,1356200,1342541,50342,1392883,25263
2021-08-29,Madera,039,155013,19194,18594,1405,19999,247
2021-08-29,Marin,041,260295,16345,16134,359,16493,240
2021-08-29,Mariposa,043,17540,754,709,19,728,5
2021-08-29,Mendocino,045,87422,5930,5689,209,5898,55
2021-08-29,Merced,047,269075,35760,35250,1369,36619,497
2021-08-29,Modoc,049,8938,448,436,156,592,5
2021-08-29,Mono,051,14174,1416,1387,18,1405,3
2021-08-29,Monterey,053,433212,46084,45424,2365,47789,539
2021-08-29,Napa,055,140530,11687,11552,74,11626,87
2021-08-29,Nevada,057,99092,7615,7294,253,7547,82
2021-08-29,Orange,059,3164182,288229,284432,13490,297922,5223
2021-08-29,Placer,061,380077,31282,29674,2750,32424,319
2021-08-29,Plumas,063,18699,1051,996,17,1013,5
2021-08-29,Riverside,065,2383286,333339,326987,15484,342471,4623
2021-08-29,Sacramento,067,1510023,137948,133981,3039,137020,1843
2021-08-29,San Benito,069,59416,6722,6646,133,6779,64
2021-08-29,San Bernardino,071,2135413,328446,324266,10141,334407,5347
2021-08-29,San Diego,073,3302833,336927,332014,19744,351758,3880
2021-08-29,San Francisco,075,870044,47929,46885,2009,48894,581
2021-08-29,San Joaquin,077,732212,88211,85922,4635,90557,1528
2021-08-29,San Luis Obispo,079,281455,25947,25288,989,26277,280
2021-08-29,San Mateo,081,765935,49932,48737,731,49468,554
2021-08-29,Santa Barbara,083,443738,39839,38900,1368,40268,481
2021-08-29,Santa Clara,085,1922200,135798,132979,1019,133998,1789
2021-08-29,Santa Cruz,087,273765,18619,18285,944,19229,210
2021-08-29,Shasta,089,179085,15835,15198,2313,17511,217
2021-08-29,Sierra,091,2930,116,91,13,104,0
2021-08-29,Siskiyou,093,43540,2557,2407,753,3160,33
2021-08-29,Solano,095,438530,41747,39887,1040,40927,290
2021-08-29,Sonoma,097,501317,37658,36650,457,37107,352
2021-08-29,Stanislaus,099,539301,67223,65956,7567,73523,1074
2021-08-29,Sutter,101,95872,11970,11719,155,11874,136
2021-08-29,Tehama,103,63373,6286,6040,894,6934,71
2021-08-29,Trinity,105,12862,629,468,161,629,3
2021-08-29,Tulare,107,460477,56780,54974,11433,66407,870
2021-08-29,Tuolumne,109,53932,5556,5478,58,5536,74
2021-08-29,Ventura,111,848112,91202,90114,3952,94066,1082
2021-08-29,Yolo,113,214977,17423,17015,820,17835,231
2021-08-29,Yuba,115,75493,8360,8042,182,8224,54
2021-08-28,Alameda,001,1643700,109519,107007,2510,109517,1296
2021-08-28,Alpine,003,1148,91,92,0,92,0
2021-08-28,Amador,005,37829,4607,4484,43,4527,53
2021-08-28,Butte,007,227075,16178,15487,2717,18204,214
2021-08-28,Calaveras,009,45235,3041,2926,19,2945,59
2021-08-28,Colusa,011,21464,2301,2252,493,2745,16
2021-08-28,Contra Costa,013,1133247,90189,86938,1792,88730,872
2021-08-28,Del Norte,015,27424,2936,2734,16,2750,11
2021-08-28,El Dorado,017,186661,13705,13089,1244,14333,119
2021-08-28,Fresno,019,978130,118352,115079,10451,125530,1792
2021-08-28,Glenn,021,27897,2894,2773,802,3575,20
2021-08-28,Humboldt,023,135768,7151,6887,238,7125,52
2021-08-28,Imperial,025,180216,30525,30260,2908,33168,750
2021-08-28,Inyo,027,18085,1553,1539,16,1555,39
2021-08-28,Kern,029,883053,109494,107012,15210,122222,1389
2021-08-28,Kings,031,150075,26874,26059,1435,27494,257
2021-08-28,Lake,033,64148,5471,5267,63,5330,74
2021-08-28,Lassen,035,31185,5790,5665,161,5826,21
2021-08-28,Los Angeles,037,10098052,1354991,1337097,50269,1387366,25234
2021-08-28,Madera,039,155013,19143,18553,1391,19944,247
2021-08-28,Marin,041,260295,16330,16106,359,16465,240
2021-08-28,Mariposa,043,17540,752,704,19,723,5
2021-08-28,Mendocino,045,87422,5905,5658,209,5867,55
2021-08-28,Merced,047,269075,35708,35108,1366,36474,497
2021-08-28,Modoc,049,8938,448,436,155,591,5
2021-08-28,Mono,051,14174,1413,1385,18,1403,3
2021-08-28,Monterey,053,433212,46042,45394,2360,47754,539
2021-08-28,Napa,055,140530,11664,11512,73,11585,88
2021-08-28,Nevada,057,99092,7591,7238,251,7489,82
2021-08-28,Orange,059,3164182,287871,283953,13441,297394,5222
2021-08-28,Placer,061,380077,31173,29428,2737,32165,319
2021-08-28,Plumas,063,18699,1044,991,17,1008,5
2021-08-28,Riverside,065,2383286,332751,326222,15474,341696,4623
2021-08-28,Sacramento,067,1510023,137557,132985,3023,136008,1844
2021-08-28,San Benito,069,59416,6715,6636,133,6769,64
2021-08-28,San Bernardino,071,2135413,327998,323672,10133,333805,5348
2021-08-28,San Diego,073,3302833,336343,331330,19708,351038,3880
2021-08-28,San Francisco,075,870044,47857,46654,2002,48656,581
2021-08-28,San Joaquin,077,732212,88042,85481,4626,90107,1527
2021-08-28,San Luis Obispo,079,281455,25880,25138,984,26122,280
2021-08-28,San Mateo,081,765935,49858,48575,727,49302,554
2021-08-28,Santa Barbara,083,443738,39768,38780,1367,40147,481
2021-08-28,Santa Clara,085,1922200,135591,132488,1017,133505,1789
2021-08-28,Santa Cruz,087,273765,18602,18240,941,19181,210
2021-08-28,Shasta,089,179085,15732,15147,2294,17441,217
2021-08-28,Sierra,091,2930,112,91,13,104,0
2021-08-28,Siskiyou,093,43540,2549,2402,742,3144,33
2021-08-28,Solano,095,438530,41698,39610,1039,40649,290
2021-08-28,Sonoma,097,501317,37585,36466,455,36921,352
2021-08-28,Stanislaus,099,539301,67065,65670,7550,73220,1074
2021-08-28,Sutter,101,95872,11949,11669,154,11823,136
2021-08-28,Tehama,103,63373,6261,6004,881,6885,71
2021-08-28,Trinity,105,12862,625,463,160,623,3
2021-08-28,Tulare,107,460477,56650,54746,11391,66137,870
2021-08-28,Tuolumne,109,53932,5540,5469,58,5527,74
2021-08-28,Ventura,111,848112,91084,89934,3950,93884,1081
2021-08-28,Yolo,113,214977,17387,16907,813,17720,231
2021-08-28,Yuba,115,75493,8329,7985,181,8166,55
2021-08-27,Alameda,001,1643700,109308,106622,2507,109129,1296
2021-08-27,Alpine,003,1148,91,92,0,92,0
2021-08-27,Amador,005,37829,4591,4458,42,4500,53
2021-08-27,Butte,007,227075,16098,15277,2698,17975,214
2021-08-27,Calaveras,009,45235,3027,2903,19,2922,59
2021-08-27,Colusa,011,21464,2295,2240,491,2731,16
2021-08-27,Contra Costa,013,1133247,89991,86386,1789,88175,872
2021-08-27,Del Norte,015,27424,2904,2695,16,2711,11
2021-08-27,El Dorado,017,186661,13666,12968,1240,14208,119
2021-08-27,Fresno,019,978130,117918,114481,10427,124908,1774
2021-08-27,Glenn,021,27897,2876,2754,793,3547,20
2021-08-27,Humboldt,023,135768,7118,6782,235,7017,52
2021-08-27,Imperial,025,180216,30505,30201,2905,33106,750
2021-08-27,Inyo,027,18085,1552,1529,16,1545,39
2021-08-27,Kern,029,883053,109200,106570,15100,121670,1385
2021-08-27,Kings,031,150075,26795,25957,1433,27390,257
2021-08-27,Lake,033,64148,5446,5228,62,5290,74
2021-08-27,Lassen,035,31185,5774,5646,156,5802,21
2021-08-27,Los Angeles,037,10098052,1353465,1337006,50204,1387210,25230
2021-08-27,Madera,039,155013,19087,18476,1378,19854,247
2021-08-27,Marin,041,260295,16314,16055,357,16412,240
2021-08-27,Mariposa,043,17540,746,690,19,709,5
2021-08-27,Mendocino,045,87422,5874,5602,208,5810,55
2021-08-27,Merced,047,269075,35654,34906,1357,36263,495
2021-08-27,Modoc,049,8938,448,434,155,589,5
2021-08-27,Mono,051,14174,1408,1385,18,1403,3
2021-08-27,Monterey,053,433212,45993,45337,2352,47689,539
2021-08-27,Napa,055,140530,11630,11460,73,11533,87
2021-08-27,Nevada,057,99092,7551,7169,249,7418,82
2021-08-27,Orange,059,3164182,287510,283407,13402,296809,5206
2021-08-27,Placer,061,380077,31043,29157,2717,31874,320
2021-08-27,Plumas,063,18699,1038,984,17,1001,5
2021-08-27,Riverside,065,2383286,332233,325379,15459,340838,4622
2021-08-27,Sacramento,067,1510023,137122,131921,3010,134931,1838
2021-08-27,San Benito,069,59416,6709,6622,133,6755,64
2021-08-27,San Bernardino,071,2135413,327473,322893,10115,333008,5342
2021-08-27,San Diego,073,3302833,335563,330162,19654,349816,3877
2021-08-27,San Francisco,075,870044,47781,46456,1984,48440,581
2021-08-27,San Joaquin,077,732212,87859,84949,4607,89556,1524
2021-08-27,San Luis Obispo,079,281455,25832,24952,981,25933,280
2021-08-27,San Mateo,081,765935,49783,48424,723,49147,553
2021-08-27,Santa Barbara,083,443738,39676,38675,1365,40040,480
2021-08-27,Santa Clara,085,1922200,135361,132011,1014,133025,1783
2021-08-27,Santa Cruz,087,273765,18563,18163,937,19100,210
2021-08-27,Shasta,089,179085,15652,14996,2278,17274,217
2021-08-27,Sierra,091,2930,111,91,13,104,0
2021-08-27,Siskiyou,093,43540,2534,2358,728,3086,33
2021-08-27,Solano,095,438530,41584,39347,1035,40382,287
2021-08-27,Sonoma,097,501317,37513,36326,454,36780,342
2021-08-27,Stanislaus,099,539301,66855,65167,7512,72679,1061
2021-08-27,Sutter,101,95872,11903,11590,152,11742,135
2021-08-27,Tehama,103,63373,6228,5964,866,6830,71
2021-08-27,Trinity,105,12862,625,458,159,617,3
2021-08-27,Tulare,107,460477,56515,54443,11346,65789,870
2021-08-27,Tuolumne,109,53932,5508,5438,58,5496,74
2021-08-27,Ventura,111,848112,90955,89774,3946,93720,1076
2021-08-27,Yolo,113,214977,17344,16805,808,17613,231
2021-08-27,Yuba,115,75493,8272,7926,181,8107,54
2021-08-26,Alameda,001,1643700,109033,106146,2498,108644,1296
2021-08-26,Alpine,003,1148,91,92,0,92,0
2021-08-26,Amador,005,37829,4576,4442,41,4483,53
2021-08-26,Butte,007,227075,15965,15159,2663,17822,214
2021-08-26,Calaveras,009,45235,3016,2873,19,2892,59
2021-08-26,Colusa,011,21464,2288,2234,487,2721,16
2021-08-26,Contra Costa,013,1133247,89632,85808,1783,87591,866
2021-08-26,Del Norte,015,27424,2868,2625,16,2641,8
2021-08-26,El Dorado,017,186661,13597,12863,1226,14089,118
2021-08-26,Fresno,019,978130,117416,113854,10373,124227,1770
2021-08-26,Glenn,021,27897,2858,2740,784,3524,20
2021-08-26,Humboldt,023,135768,7060,6695,225,6920,53
2021-08-26,Imperial,025,180216,30456,30121,2897,33018,748
2021-08-26,Inyo,027,18085,1542,1521,15,1536,39
2021-08-26,Kern,029,883053,108772,106051,14957,121008,1380
2021-08-26,Kings,031,150075,26672,25838,1425,27263,260
2021-08-26,Lake,033,64148,5400,5196,59,5255,74
2021-08-26,Lassen,035,31185,5762,5626,154,5780,21
2021-08-26,Los Angeles,037,10098052,1351193,1334372,50109,1384481,25199
2021-08-26,Madera,039,155013,19017,18393,1365,19758,247
2021-08-26,Marin,041,260295,16285,15983,354,16337,240
2021-08-26,Mariposa,043,17540,736,677,19,696,5
2021-08-26,Mendocino,045,87422,5836,5533,203,5736,55
2021-08-26,Merced,047,269075,35487,34755,1336,36091,495
2021-08-26,Modoc,049,8938,448,433,155,588,5
2021-08-26,Mono,051,14174,1404,1385,18,1403,3
2021-08-26,Monterey,053,433212,45920,45265,2341,47606,539
2021-08-26,Napa,055,140530,11608,11394,72,11466,87
2021-08-26,Nevada,057,99092,7492,7086,246,7332,80
2021-08-26,Orange,059,3164182,287018,282814,13378,296192,5200
2021-08-26,Placer,061,380077,30874,28898,2691,31589,319
2021-08-26,Plumas,063,18699,1031,971,16,987,5
2021-08-26,Riverside,065,2383286,331441,324486,15438,339924,4615
2021-08-26,Sacramento,067,1510023,136589,130977,2969,133946,1827
2021-08-26,San Benito,069,59416,6699,6604,133,6737,64
2021-08-26,San Bernardino,071,2135413,326815,322100,10091,332191,5339
2021-08-26,San Diego,073,3302833,334536,328276,19588,347864,3869
2021-08-26,San Francisco,075,870044,47654,46288,1979,48267,581
2021-08-26,San Joaquin,077,732212,87481,84429,4585,89014,1513
2021-08-26,San Luis Obispo,079,281455,25683,24831,974,25805,278
2021-08-26,San Mateo,081,765935,49655,48263,721,48984,553
2021-08-26,Santa Barbara,083,443738,39592,38566,1364,39930,479
2021-08-26,Santa Clara,085,1922200,135035,131443,1010,132453,1782
2021-08-26,Santa Cruz,087,273765,18503,18072,935,19007,210
2021-08-26,Shasta,089,179085,15530,14891,2250,17141,217
2021-08-26,Sierra,091,2930,109,90,13,103,0
2021-08-26,Siskiyou,093,43540,2512,2342,715,3057,33
2021-08-26,Solano,095,438530,41435,39027,1027,40054,286
2021-08-26,Sonoma,097,501317,37424,36102,454,36556,337
2021-08-26,Stanislaus,099,539301,66557,64785,7471,72256,1061
2021-08-26,Sutter,101,95872,11843,11499,149,11648,135
2021-08-26,Tehama,103,63373,6170,5913,853,6766,68
2021-08-26,Trinity,105,12862,620,450,157,607,3
2021-08-26,Tulare,107,460477,56258,54157,11300,65457,870
2021-08-26,Tuolumne,109,53932,5488,5387,58,5445,74
2021-08-26,Ventura,111,848112,90769,89595,3937,93532,1080
2021-08-26,Yolo,113,214977,17280,16727,797,17524,231
2021-08-26,Yuba,115,75493,8199,7834,179,8013,54
2021-08-25,Alameda,001,1643700,108710,105636,2491,108127,1296
2021-08-25,Alpine,003,1148,91,92,0,92,0
2021-08-25,Amador,005,37829,4561,4415,41,4456,53
2021-08-25,Butte,007,227075,15858,15039,2621,17660,214
2021-08-25,Calaveras,009,45235,2997,2851,19,2870,59
2021-08-25,Colusa,011,21464,2281,2227,478,2705,16
2021-08-25,Contra Costa,013,1133247,89248,85322,1777,87099,863
2021-08-25,Del Norte,015,27424,2823,2573,16,2589,8
2021-08-25,El Dorado,017,186661,13538,12787,1210,13997,118
2021-08-25,Fresno,019,978130,116875,113384,10331,123715,1761
2021-08-25,Glenn,021,27897,2840,2728,769,3497,20
2021-08-25,Humboldt,023,135768,6991,6653,215,6868,52
2021-08-25,Imperial,025,180216,30419,30085,2891,32976,748
2021-08-25,Inyo,027,18085,1538,1518,15,1533,39
2021-08-25,Kern,029,883053,108341,105687,14801,120488,1379
2021-08-25,Kings,031,150075,26565,25676,1418,27094,258
2021-08-25,Lake,033,64148,5370,5163,56,5219,74
2021-08-25,Lassen,035,31185,5745,5583,153,5736,21
2021-08-25,Los Angeles,037,10098052,1348590,1331400,50011,1381411,25170
2021-08-25,Madera,039,155013,18953,18311,1342,19653,247
2021-08-25,Marin,041,260295,16263,15938,348,16286,240
2021-08-25,Mariposa,043,17540,730,676,19,695,5
2021-08-25,Mendocino,045,87422,5801,5486,197,5683,53
2021-08-25,Merced,047,269075,35355,34600,1323,35923,492
2021-08-25,Modoc,049,8938,448,433,155,588,5
2021-08-25,Mono,051,14174,1400,1382,18,1400,3
2021-08-25,Monterey,053,433212,45846,45196,2326,47522,539
2021-08-25,Napa,055,140530,11574,11348,71,11419,87
2021-08-25,Nevada,057,99092,7426,7000,245,7245,77
2021-08-25,Orange,059,3164182,286492,282061,13344,295405,5193
2021-08-25,Placer,061,380077,30698,28740,2658,31398,319
2021-08-25,Plumas,063,18699,1016,962,16,978,5
2021-08-25,Riverside,065,2383286,330596,323548,15416,338964,4610
2021-08-25,Sacramento,067,1510023,135909,130046,2930,132976,1827
2021-08-25,San Benito,069,59416,6678,6587,132,6719,64
2021-08-25,San Bernardino,071,2135413,326121,321228,10070,331298,5337
2021-08-25,San Diego,073,3302833,333268,327166,19503,346669,3859
2021-08-25,San Francisco,075,870044,47505,46107,1974,48081,578
2021-08-25,San Joaquin,077,732212,87096,84002,4569,88571,1510
2021-08-25,San Luis Obispo,079,281455,25491,24607,970,25577,276
2021-08-25,San Mateo,081,765935,49532,48153,718,48871,553
2021-08-25,Santa Barbara,083,443738,39463,38450,1364,39814,479
2021-08-25,Santa Clara,085,1922200,134666,130995,1007,132002,1783
2021-08-25,Santa Cruz,087,273765,18443,17987,932,18919,210
2021-08-25,Shasta,089,179085,15403,14752,2218,16970,217
2021-08-25,Sierra,091,2930,106,90,13,103,0
2021-08-25,Siskiyou,093,43540,2467,2322,696,3018,33
2021-08-25,Solano,095,438530,41264,38848,1015,39863,286
2021-08-25,Sonoma,097,501317,37300,35986,451,36437,336
2021-08-25,Stanislaus,099,539301,66276,64441,7439,71880,1061
2021-08-25,Sutter,101,95872,11775,11451,145,11596,134
2021-08-25,Tehama,103,63373,6111,5861,836,6697,68
2021-08-25,Trinity,105,12862,614,450,156,606,3
2021-08-25,Tulare,107,460477,55974,53877,11229,65106,866
2021-08-25,Tuolumne,109,53932,5462,5354,58,5412,74
2021-08-25,Ventura,111,848112,90585,89379,3923,93302,1068
2021-08-25,Yolo,113,214977,17215,16667,787,17454,231
2021-08-25,Yuba,115,75493,8133,7771,178,7949,54
2021-08-24,Alameda,001,1643700,108393,105319,2479,107798,1296
2021-08-24,Alpine,003,1148,91,92,0,92,0
2021-08-24,Amador,005,37829,4542,4380,41,4421,50
2021-08-24,Butte,007,227075,15703,14964,2587,17551,214
2021-08-24,Calaveras,009,45235,2958,2811,19,2830,59
2021-08-24,Colusa,011,21464,2273,2221,473,2694,16
2021-08-24,Contra Costa,013,1133247,88885,84963,1771,86734,857
2021-08-24,Del Norte,015,27424,2796,2543,16,2559,8
2021-08-24,El Dorado,017,186661,13461,12732,1194,13926,118
2021-08-24,Fresno,019,978130,116269,113024,10267,123291,1761
2021-08-24,Glenn,021,27897,2824,2717,762,3479,20
2021-08-24,Humboldt,023,135768,6928,6585,202,6787,52
2021-08-24,Imperial,025,180216,30358,30045,2885,32930,748
2021-08-24,Inyo,027,18085,1533,1512,15,1527,39
2021-08-24,Kern,029,883053,107877,105399,14633,120032,1375
2021-08-24,Kings,031,150075,26444,25629,1402,27031,258
2021-08-24,Lake,033,64148,5335,5135,56,5191,72
2021-08-24,Lassen,035,31185,5729,5576,151,5727,21
2021-08-24,Los Angeles,037,10098052,1345724,1328777,49902,1378679,25135
2021-08-24,Madera,039,155013,18877,18251,1325,19576,247
2021-08-24,Marin,041,260295,16227,15900,344,16244,240
2021-08-24,Mariposa,043,17540,723,670,19,689,5
2021-08-24,Mendocino,045,87422,5758,5416,190,5606,52
2021-08-24,Merced,047,269075,35187,34490,1312,35802,491
2021-08-24,Modoc,049,8938,448,432,155,587,5
2021-08-24,Mono,051,14174,1398,1382,18,1400,3
2021-08-24,Monterey,053,433212,45780,45126,2308,47434,539
2021-08-24,Napa,055,140530,11541,11299,70,11369,85
2021-08-24,Nevada,057,99092,7356,6981,243,7224,77
2021-08-24,Orange,059,3164182,285893,281461,13318,294779,5187
2021-08-24,Placer,061,380077,30495,28618,2619,31237,318
2021-08-24,Plumas,063,18699,1006,953,16,969,5
2021-08-24,Riverside,065,2383286,329723,322620,15385,338005,4605
2021-08-24,Sacramento,067,1510023,135225,129542,2882,132424,1812
2021-08-24,San Benito,069,59416,6665,6576,132,6708,64
2021-08-24,San Bernardino,071,2135413,325366,320300,10040,330340,5328
2021-08-24,San Diego,073,3302833,331825,325823,19394,345217,3851
2021-08-24,San Francisco,075,870044,47330,46010,1963,47973,574
2021-08-24,San Joaquin,077,732212,86656,83684,4531,88215,1508
2021-08-24,San Luis Obispo,079,281455,25313,24443,959,25402,274
2021-08-24,San Mateo,081,765935,49383,48050,716,48766,553
2021-08-24,Santa Barbara,083,443738,39332,38307,1363,39670,478
2021-08-24,Santa Clara,085,1922200,134242,130763,1003,131766,1779
2021-08-24,Santa Cruz,087,273765,18368,17928,926,18854,209
2021-08-24,Shasta,089,179085,15295,14664,2186,16850,217
2021-08-24,Sierra,091,2930,103,90,13,103,0
2021-08-24,Siskiyou,093,43540,2445,2294,681,2975,33
2021-08-24,Solano,095,438530,41055,38724,1003,39727,283
2021-08-24,Sonoma,097,501317,37172,35849,449,36298,336
2021-08-24,Stanislaus,099,539301,65947,64195,7385,71580,1058
2021-08-24,Sutter,101,95872,11708,11384,142,11526,134
2021-08-24,Tehama,103,63373,6065,5826,822,6648,67
2021-08-24,Trinity,105,12862,603,446,148,594,3
2021-08-24,Tulare,107,460477,55622,53702,11139,64841,856
2021-08-24,Tuolumne,109,53932,5431,5287,58,5345,74
2021-08-24,Ventura,111,848112,90401,89167,3912,93079,1068
2021-08-24,Yolo,113,214977,17138,16492,774,17266,231
2021-08-24,Yuba,115,75493,8050,7723,176,7899,54
2021-08-23,Alameda,001,1643700,107979,104922,2466,107388,1294
2021-08-23,Alpine,003,1148,91,91,0,91,0
2021-08-23,Amador,005,37829,4528,4369,41,4410,50
2021-08-23,Butte,007,227075,15558,14847,2552,17399,211
2021-08-23,Calaveras,009,45235,2931,2803,19,2822,59
2021-08-23,Colusa,011,21464,2269,2206,470,2676,16
2021-08-23,Contra Costa,013,1133247,88507,84651,1764,86415,857
2021-08-23,Del Norte,015,27424,2750,2499,16,2515,8
2021-08-23,El Dorado,017,186661,13358,12684,1172,13856,118
2021-08-23,Fresno,019,978130,115707,112445,10217,122662,1759
2021-08-23,Glenn,021,27897,2808,2696,752,3448,20
2021-08-23,Humboldt,023,135768,6855,6498,188,6686,52
2021-08-23,Imperial,025,180216,30307,30011,2882,32893,748
2021-08-23,Inyo,027,18085,1526,1509,15,1524,39
2021-08-23,Kern,029,883053,107422,104995,14478,119473,1375
2021-08-23,Kings,031,150075,26313,25465,1396,26861,257
2021-08-23,Lake,033,64148,5295,5099,54,5153,69
2021-08-23,Lassen,035,31185,5717,5562,151,5713,21
2021-08-23,Los Angeles,037,10098052,1342759,1326412,49770,1376182,25096
2021-08-23,Madera,039,155013,18791,18155,1310,19465,246
2021-08-23,Marin,041,260295,16179,15856,340,16196,240
2021-08-23,Mariposa,043,17540,712,645,19,664,5
2021-08-23,Mendocino,045,87422,5691,5374,183,5557,51
2021-08-23,Merced,047,269075,35005,34322,1307,35629,488
2021-08-23,Modoc,049,8938,445,431,154,585,6
2021-08-23,Mono,051,14174,1394,1384,18,1402,3
2021-08-23,Monterey,053,433212,45680,45047,2297,47344,538
2021-08-23,Napa,055,140530,11503,11257,70,11327,85
2021-08-23,Nevada,057,99092,7275,6930,241,7171,77
2021-08-23,Orange,059,3164182,285260,280891,13283,294174,5181
2021-08-23,Placer,061,380077,30295,28540,2581,31121,314
2021-08-23,Plumas,063,18699,998,934,16,950,5
2021-08-23,Riverside,065,2383286,328810,321650,15359,337009,4598
2021-08-23,Sacramento,067,1510023,134438,128969,2815,131784,1807
2021-08-23,San Benito,069,59416,6647,6562,130,6692,64
2021-08-23,San Bernardino,071,2135413,324561,319577,10001,329578,5324
2021-08-23,San Diego,073,3302833,330392,324536,19271,343807,3848
2021-08-23,San Francisco,075,870044,47175,45945,1954,47899,573
2021-08-23,San Joaquin,077,732212,86223,83466,4498,87964,1499
2021-08-23,San Luis Obispo,079,281455,25131,24317,957,25274,274
2021-08-23,San Mateo,081,765935,49245,47935,713,48648,553
2021-08-23,Santa Barbara,083,443738,39153,38181,1361,39542,478
2021-08-23,Santa Clara,085,1922200,133842,130489,999,131488,1778
2021-08-23,Santa Cruz,087,273765,18311,17871,924,18795,209
2021-08-23,Shasta,089,179085,15168,14537,2147,16684,216
2021-08-23,Sierra,091,2930,103,90,13,103,0
2021-08-23,Siskiyou,093,43540,2424,2274,660,2934,33
2021-08-23,Solano,095,438530,40902,38612,994,39606,283
2021-08-23,Sonoma,097,501317,37052,35769,448,36217,336
2021-08-23,Stanislaus,099,539301,65613,63922,7346,71268,1058
2021-08-23,Sutter,101,95872,11619,11314,134,11448,133
2021-08-23,Tehama,103,63373,6011,5805,804,6609,67
2021-08-23,Trinity,105,12862,600,435,145,580,3
2021-08-23,Tulare,107,460477,55315,53370,11067,64437,856
2021-08-23,Tuolumne,109,53932,5389,5240,58,5298,73
2021-08-23,Ventura,111,848112,90182,88960,3900,92860,1063
2021-08-23,Yolo,113,214977,17050,16445,759,17204,226
2021-08-23,Yuba,115,75493,7979,7653,174,7827,54
2021-08-22,Alameda,001,1643700,107532,104539,2438,106977,1294
2021-08-22,Alpine,003,1148,91,91,0,91,0
2021-08-22,Amador,005,37829,4498,4349,41,4390,50
2021-08-22,Butte,007,227075,15418,14791,2516,17307,211
2021-08-22,Calaveras,009,45235,2893,2771,19,2790,59
2021-08-22,Colusa,011,21464,2262,2201,464,2665,16
2021-08-22,Contra Costa,013,1133247,87966,84371,1751,86122,857
2021-08-22,Del Norte,015,27424,2690,2455,16,2471,8
2021-08-22,El Dorado,017,186661,13254,12629,1151,13780,118
2021-08-22,Fresno,019,978130,115108,112057,10148,122205,1759
2021-08-22,Glenn,021,27897,2780,2678,739,3417,20
2021-08-22,Humboldt,023,135768,6777,6483,170,6653,52
2021-08-22,Imperial,025,180216,30249,29993,2877,32870,748
2021-08-22,Inyo,027,18085,1520,1505,15,1520,39
2021-08-22,Kern,029,883053,106896,104691,14324,119015,1375
2021-08-22,Kings,031,150075,26155,25391,1379,26770,257
2021-08-22,Lake,033,64148,5250,5069,51,5120,69
2021-08-22,Lassen,035,31185,5685,5556,147,5703,21
2021-08-22,Los Angeles,037,10098052,1339451,1324151,49635,1373786,25089
2021-08-22,Madera,039,155013,18672,18120,1295,19415,246
2021-08-22,Marin,041,260295,16127,15822,332,16154,240
2021-08-22,Mariposa,043,17540,702,638,17,655,5
2021-08-22,Mendocino,045,87422,5632,5336,183,5519,51
2021-08-22,Merced,047,269075,34802,34234,1294,35528,488
2021-08-22,Modoc,049,8938,443,431,154,585,6
2021-08-22,Mono,051,14174,1392,1378,18,1396,3
2021-08-22,Monterey,053,433212,45581,45017,2283,47300,538
2021-08-22,Napa,055,140530,11458,11231,70,11301,85
2021-08-22,Nevada,057,99092,7201,6864,239,7103,77
2021-08-22,Orange,059,3164182,284566,280390,13238,293628,5181
2021-08-22,Placer,061,380077,30086,28395,2545,30940,314
2021-08-22,Plumas,063,18699,980,923,15,938,5
2021-08-22,Riverside,065,2383286,327789,320836,15311,336147,4594
2021-08-22,Sacramento,067,1510023,133661,128231,2775,131006,1802
2021-08-22,San Benito,069,59416,6631,6550,130,6680,64
2021-08-22,San Bernardino,071,2135413,323592,318839,9966,328805,5324
2021-08-22,San Diego,073,3302833,329071,323591,19165,342756,3848
2021-08-22,San Francisco,075,870044,47009,45831,1944,47775,573
2021-08-22,San Joaquin,077,732212,85765,83121,4463,87584,1498
2021-08-22,San Luis Obispo,079,281455,24925,24250,950,25200,274
2021-08-22,San Mateo,081,765935,49069,47821,708,48529,553
2021-08-22,Santa Barbara,083,443738,38972,38099,1353,39452,478
2021-08-22,Santa Clara,085,1922200,133425,130189,992,131181,1778
2021-08-22,Santa Cruz,087,273765,18253,17823,919,18742,209
2021-08-22,Shasta,089,179085,15031,14478,2111,16589,216
2021-08-22,Sierra,091,2930,103,87,13,100,0
2021-08-22,Siskiyou,093,43540,2395,2261,642,2903,33
2021-08-22,Solano,095,438530,40703,38489,981,39470,283
2021-08-22,Sonoma,097,501317,36896,35676,445,36121,336
2021-08-22,Stanislaus,099,539301,65261,63683,7256,70939,1058
2021-08-22,Sutter,101,95872,11537,11251,130,11381,133
2021-08-22,Tehama,103,63373,5965,5791,785,6576,67
2021-08-22,Trinity,105,12862,593,433,143,576,3
2021-08-22,Tulare,107,460477,54996,53220,10982,64202,856
2021-08-22,Tuolumne,109,53932,5345,5214,58,5272,73
2021-08-22,Ventura,111,848112,89973,88791,3883,92674,1063
2021-08-22,Yolo,113,214977,16947,16374,750,17124,226
2021-08-22,Yuba,115,75493,7906,7626,173,7799,54
2021-08-21,Alameda,001,1643700,107327,104281,2431,106712,1294
2021-08-21,Alpine,003,1148,91,91,0,91,0
2021-08-21,Amador,005,37829,4488,4338,39,4377,50
2021-08-21,Butte,007,227075,15350,14714,2495,17209,211
2021-08-21,Calaveras,009,45235,2877,2744,19,2763,59
2021-08-21,Colusa,011,21464,2256,2192,460,2652,16
2021-08-21,Contra Costa,013,1133247,87707,84136,1743,85879,857
2021-08-21,Del Norte,015,27424,2667,2409,16,2425,8
2021-08-21,El Dorado,017,186661,13210,12590,1147,13737,118
2021-08-21,Fresno,019,978130,114908,111765,10135,121900,1759
2021-08-21,Glenn,021,27897,2767,2654,731,3385,20
2021-08-21,Humboldt,023,135768,6739,6446,164,6610,52
2021-08-21,Imperial,025,180216,30206,29976,2874,32850,748
2021-08-21,Inyo,027,18085,1517,1500,15,1515,39
2021-08-21,Kern,029,883053,106641,104443,14200,118643,1375
2021-08-21,Kings,031,150075,26084,25313,1374,26687,257
2021-08-21,Lake,033,64148,5230,5055,49,5104,69
2021-08-21,Lassen,035,31185,5671,5553,147,5700,21
2021-08-21,Los Angeles,037,10098052,1338151,1321308,49541,1370849,25080
2021-08-21,Madera,039,155013,18634,18067,1289,19356,246
2021-08-21,Marin,041,260295,16093,15775,330,16105,240
2021-08-21,Mariposa,043,17540,692,634,17,651,5
2021-08-21,Mendocino,045,87422,5586,5307,182,5489,51
2021-08-21,Merced,047,269075,34697,34148,1289,35437,488
2021-08-21,Modoc,049,8938,443,430,154,584,6
2021-08-21,Mono,051,14174,1392,1378,18,1396,3
2021-08-21,Monterey,053,433212,45534,44969,2276,47245,538
2021-08-21,Napa,055,140530,11423,11211,70,11281,85
2021-08-21,Nevada,057,99092,7157,6810,237,7047,77
2021-08-21,Orange,059,3164182,284114,279855,13204,293059,5181
2021-08-21,Placer,061,380077,29948,28289,2520,30809,314
2021-08-21,Plumas,063,18699,976,916,14,930,5
2021-08-21,Riverside,065,2383286,327209,320086,15298,335384,4594
2021-08-21,Sacramento,067,1510023,133166,127751,2763,130514,1809
2021-08-21,San Benito,069,59416,6621,6542,129,6671,64
2021-08-21,San Bernardino,071,2135413,323141,318293,9945,328238,5324
2021-08-21,San Diego,073,3302833,328415,322620,19116,341736,3848
2021-08-21,San Francisco,075,870044,46907,45637,1937,47574,573
2021-08-21,San Joaquin,077,732212,85549,82825,4449,87274,1498
2021-08-21,San Luis Obispo,079,281455,24867,24169,950,25119,273
2021-08-21,San Mateo,081,765935,48974,47685,708,48393,553
2021-08-21,Santa Barbara,083,443738,38890,37951,1349,39300,478
2021-08-21,Santa Clara,085,1922200,133160,129911,988,130899,1778
2021-08-21,Santa Cruz,087,273765,18216,17763,914,18677,209
2021-08-21,Shasta,089,179085,14957,14417,2097,16514,217
2021-08-21,Sierra,091,2930,98,85,13,98,0
2021-08-21,Siskiyou,093,43540,2381,2246,631,2877,33
2021-08-21,Solano,095,438530,40592,38423,971,39394,281
2021-08-21,Sonoma,097,501317,36809,35582,444,36026,336
2021-08-21,Stanislaus,099,539301,65079,63512,7238,70750,1058
2021-08-21,Sutter,101,95872,11492,11204,128,11332,133
2021-08-21,Tehama,103,63373,5940,5757,778,6535,67
2021-08-21,Trinity,105,12862,588,431,141,572,3
2021-08-21,Tulare,107,460477,54853,53045,10938,63983,857
2021-08-21,Tuolumne,109,53932,5314,5193,58,5251,73
2021-08-21,Ventura,111,848112,89828,88558,3868,92426,1063
2021-08-21,Yolo,113,214977,16900,16322,744,17066,226
2021-08-21,Yuba,115,75493,7860,7580,172,7752,54
2021-08-20,Alameda,001,1643700,107088,103812,2423,106235,1294
2021-08-20,Alpine,003,1148,91,91,0,91,0
2021-08-20,Amador,005,37829,4462,4323,39,4362,50
2021-08-20,Butte,007,227075,15277,14617,2474,17091,211
2021-08-20,Calaveras,009,45235,2857,2717,19,2736,59
2021-08-20,Colusa,011,21464,2251,2178,458,2636,16
2021-08-20,Contra Costa,013,1133247,87432,83721,1736,85457,857
2021-08-20,Del Norte,015,27424,2635,2316,16,2332,8
2021-08-20,El Dorado,017,186661,13172,12495,1139,13634,118
2021-08-20,Fresno,019,978130,114552,111315,10101,121416,1759
2021-08-20,Glenn,021,27897,2760,2642,721,3363,20
2021-08-20,Humboldt,023,135768,6687,6349,159,6508,52
2021-08-20,Imperial,025,180216,30183,29934,2874,32808,747
2021-08-20,Inyo,027,18085,1511,1495,15,1510,39
2021-08-20,Kern,029,883053,106357,104048,14072,118120,1373
2021-08-20,Kings,031,150075,26018,25241,1372,26613,256
2021-08-20,Lake,033,64148,5215,5024,46,5070,69
2021-08-20,Lassen,035,31185,5651,5539,147,5686,21
2021-08-20,Los Angeles,037,10098052,1336273,1317541,49440,1366981,25049
2021-08-20,Madera,039,155013,18585,18018,1274,19292,246
2021-08-20,Marin,041,260295,16075,15727,326,16053,240
2021-08-20,Mariposa,043,17540,687,630,17,647,5
2021-08-20,Mendocino,045,87422,5540,5241,181,5422,51
2021-08-20,Merced,047,269075,34633,34035,1279,35314,486
2021-08-20,Modoc,049,8938,443,429,154,583,6
2021-08-20,Mono,051,14174,1391,1368,18,1386,3
2021-08-20,Monterey,053,433212,45496,44890,2269,47159,538
2021-08-20,Napa,055,140530,11391,11152,70,11222,83
2021-08-20,Nevada,057,99092,7115,6753,231,6984,77
2021-08-20,Orange,059,3164182,283669,279193,13183,292376,5179
2021-08-20,Placer,061,380077,29853,28156,2491,30647,313
2021-08-20,Plumas,063,18699,966,908,14,922,5
2021-08-20,Riverside,065,2383286,326513,319072,15267,334339,4594
2021-08-20,Sacramento,067,1510023,132690,127226,2746,129972,1797
2021-08-20,San Benito,069,59416,6607,6508,129,6637,64
2021-08-20,San Bernardino,071,2135413,322528,317372,9916,327288,5322
2021-08-20,San Diego,073,3302833,327506,321102,19046,340148,3846
2021-08-20,San Francisco,075,870044,46810,45432,1922,47354,573
2021-08-20,San Joaquin,077,732212,85319,82419,4431,86850,1496
2021-08-20,San Luis Obispo,079,281455,24789,23986,946,24932,273
2021-08-20,San Mateo,081,765935,48861,47561,705,48266,551
2021-08-20,Santa Barbara,083,443738,38805,37794,1344,39138,477
2021-08-20,Santa Clara,085,1922200,132877,129510,983,130493,1774
2021-08-20,Santa Cruz,087,273765,18176,17701,911,18612,209
2021-08-20,Shasta,089,179085,14877,14277,2078,16355,215
2021-08-20,Sierra,091,2930,97,83,13,96,0
2021-08-20,Siskiyou,093,43540,2365,2226,626,2852,33
2021-08-20,Solano,095,438530,40452,38214,960,39174,277
2021-08-20,Sonoma,097,501317,36741,35416,443,35859,336
2021-08-20,Stanislaus,099,539301,64890,63219,7214,70433,1047
2021-08-20,Sutter,101,95872,11436,11136,127,11263,133
2021-08-20,Tehama,103,63373,5924,5730,766,6496,66
2021-08-20,Trinity,105,12862,588,422,140,562,3
2021-08-20,Tulare,107,460477,54723,52855,10895,63750,856
2021-08-20,Tuolumne,109,53932,5290,5153,57,5210,73
2021-08-20,Ventura,111,848112,89660,88285,3865,92150,1061
2021-08-20,Yolo,113,214977,16846,16236,738,16974,225
2021-08-20,Yuba,115,75493,7819,7523,172,7695,54
2021-08-19,Alameda,001,1643700,106639,103276,2401,105677,1294
2021-08-19,Alpine,003,1148,91,91,0,91,0
2021-08-19,Amador,005,37829,4455,4317,39,4356,50
2021-08-19,Butte,007,227075,15143,14518,2445,16963,211
2021-08-19,Calaveras,009,45235,2835,2673,19,2692,59
2021-08-19,Colusa,011,21464,2242,2167,453,2620,16
2021-08-19,Contra Costa,013,1133247,86994,83296,1722,85018,852
2021-08-19,Del Norte,015,27424,2585,2257,16,2273,8
2021-08-19,El Dorado,017,186661,13087,12410,1120,13530,118
2021-08-19,Fresno,019,978130,114113,110947,10047,120994,1759
2021-08-19,Glenn,021,27897,2742,2629,714,3343,20
2021-08-19,Humboldt,023,135768,6625,6246,153,6399,52
2021-08-19,Imperial,025,180216,30137,29865,2869,32734,747
2021-08-19,Inyo,027,18085,1504,1494,15,1509,39
2021-08-19,Kern,029,883053,105961,103731,13931,117662,1371
2021-08-19,Kings,031,150075,25887,25128,1360,26488,256
2021-08-19,Lake,033,64148,5183,4991,42,5033,69
2021-08-19,Lassen,035,31185,5633,5520,146,5666,21
2021-08-19,Los Angeles,037,10098052,1333292,1314453,49297,1363750,25020
2021-08-19,Madera,039,155013,18523,17947,1259,19206,246
2021-08-19,Marin,041,260295,16042,15672,323,15995,240
2021-08-19,Mariposa,043,17540,672,618,17,635,5
2021-08-19,Mendocino,045,87422,5507,5167,178,5345,51
2021-08-19,Merced,047,269075,34498,33851,1266,35117,486
2021-08-19,Modoc,049,8938,443,427,154,581,6
2021-08-19,Mono,051,14174,1387,1349,18,1367,3
2021-08-19,Monterey,053,433212,45423,44821,2259,47080,538
2021-08-19,Napa,055,140530,11339,11104,70,11174,83
2021-08-19,Nevada,057,99092,7051,6695,229,6924,77
2021-08-19,Orange,059,3164182,283033,278562,13132,291694,5172
2021-08-19,Placer,061,380077,29673,27953,2473,30426,313
2021-08-19,Plumas,063,18699,953,896,14,910,5
2021-08-19,Riverside,065,2383286,325485,318056,15238,333294,4589
2021-08-19,Sacramento,067,1510023,131986,126720,2711,129431,1801
2021-08-19,San Benito,069,59416,6589,6493,128,6621,64
2021-08-19,San Bernardino,071,2135413,321704,316398,9893,326291,5318
2021-08-19,San Diego,073,3302833,326255,319582,18948,338530,3839
2021-08-19,San Francisco,075,870044,46647,45220,1909,47129,571
2021-08-19,San Joaquin,077,732212,84874,82047,4380,86427,1491
2021-08-19,San Luis Obispo,079,281455,24651,23878,939,24817,271
2021-08-19,San Mateo,081,765935,48729,47431,703,48134,551
2021-08-19,Santa Barbara,083,443738,38660,37693,1341,39034,477
2021-08-19,Santa Clara,085,1922200,132487,129133,976,130109,1774
2021-08-19,Santa Cruz,087,273765,18113,17644,904,18548,209
2021-08-19,Shasta,089,179085,14753,14200,2055,16255,214
2021-08-19,Sierra,091,2930,93,83,13,96,0
2021-08-19,Siskiyou,093,43540,2350,2218,614,2832,33
2021-08-19,Solano,095,438530,40294,38025,948,38973,273
2021-08-19,Sonoma,097,501317,36653,35233,442,35675,336
2021-08-19,Stanislaus,099,539301,64548,62928,7170,70098,1047
2021-08-19,Sutter,101,95872,11351,11057,126,11183,133
2021-08-19,Tehama,103,63373,5888,5683,739,6422,66
2021-08-19,Trinity,105,12862,584,414,138,552,3
2021-08-19,Tulare,107,460477,54491,52685,10831,63516,856
2021-08-19,Tuolumne,109,53932,5254,5112,56,5168,64
2021-08-19,Ventura,111,848112,89457,88073,3850,91923,1060
2021-08-19,Yolo,113,214977,16761,16153,730,16883,225
2021-08-19,Yuba,115,75493,7766,7458,171,7629,51
2021-08-18,Alameda,001,1643700,106224,102696,2379,105075,1294
2021-08-18,Alpine,003,1148,90,91,0,91,0
2021-08-18,Amador,005,37829,4438,4279,38,4317,50
2021-08-18,Butte,007,227075,15033,14426,2419,16845,208
2021-08-18,Calaveras,009,45235,2798,2643,18,2661,59
2021-08-18,Colusa,011,21464,2234,2160,449,2609,16
2021-08-18,Contra Costa,013,1133247,86493,82767,1716,84483,851
2021-08-18,Del Norte,015,27424,2528,2219,16,2235,8
2021-08-18,El Dorado,017,186661,12997,12306,1106,13412,118
2021-08-18,Fresno,019,978130,113659,110523,9984,120507,1759
2021-08-18,Glenn,021,27897,2710,2623,706,3329,20
2021-08-18,Humboldt,023,135768,6553,6195,148,6343,52
2021-08-18,Imperial,025,180216,30104,29821,2867,32688,746
2021-08-18,Inyo,027,18085,1501,1494,15,1509,39
2021-08-18,Kern,029,883053,105614,103440,13836,117276,1370
2021-08-18,Kings,031,150075,25778,24984,1352,26336,256
2021-08-18,Lake,033,64148,5142,4957,41,4998,69
2021-08-18,Lassen,035,31185,5614,5506,145,5651,21
2021-08-18,Los Angeles,037,10098052,1330142,1311477,49163,1360640,24984
2021-08-18,Madera,039,155013,18463,17871,1246,19117,246
2021-08-18,Marin,041,260295,16004,15610,320,15930,240
2021-08-18,Mariposa,043,17540,659,615,16,631,5
2021-08-18,Mendocino,045,87422,5456,5129,176,5305,51
2021-08-18,Merced,047,269075,34333,33708,1255,34963,484
2021-08-18,Modoc,049,8938,443,427,153,580,6
2021-08-18,Mono,051,14174,1384,1344,18,1362,3
2021-08-18,Monterey,053,433212,45339,44735,2242,46977,532
2021-08-18,Napa,055,140530,11300,11060,69,11129,83
2021-08-18,Nevada,057,99092,6985,6633,229,6862,76
2021-08-18,Orange,059,3164182,282396,277795,13077,290872,5168
2021-08-18,Placer,061,380077,29446,27741,2445,30186,312
2021-08-18,Plumas,063,18699,944,874,14,888,5
2021-08-18,Riverside,065,2383286,324485,317107,15204,332311,4585
2021-08-18,Sacramento,067,1510023,131226,125599,2679,128278,1781
2021-08-18,San Benito,069,59416,6578,6481,127,6608,64
2021-08-18,San Bernardino,071,2135413,320904,315477,9874,325351,5304
2021-08-18,San Diego,073,3302833,324915,318152,18882,337034,3834
2021-08-18,San Francisco,075,870044,46444,44957,1899,46856,568
2021-08-18,San Joaquin,077,732212,84422,81601,4349,85950,1491
2021-08-18,San Luis Obispo,079,281455,24501,23726,926,24652,270
2021-08-18,San Mateo,081,765935,48565,47255,702,47957,551
2021-08-18,Santa Barbara,083,443738,38529,37599,1335,38934,475
2021-08-18,Santa Clara,085,1922200,132123,128563,973,129536,1773
2021-08-18,Santa Cruz,087,273765,18058,17566,900,18466,209
2021-08-18,Shasta,089,179085,14654,14087,2036,16123,213
2021-08-18,Sierra,091,2930,92,83,13,96,0
2021-08-18,Siskiyou,093,43540,2321,2204,602,2806,33
2021-08-18,Solano,095,438530,40088,37812,933,38745,271
2021-08-18,Sonoma,097,501317,36509,35063,441,35504,333
2021-08-18,Stanislaus,099,539301,64218,62613,7126,69739,1047
2021-08-18,Sutter,101,95872,11279,11004,121,11125,130
2021-08-18,Tehama,103,63373,5853,5653,729,6382,66
2021-08-18,Trinity,105,12862,577,409,135,544,3
2021-08-18,Tulare,107,460477,54251,52486,10762,63248,856
2021-08-18,Tuolumne,109,53932,5218,5081,54,5135,64
2021-08-18,Ventura,111,848112,89225,87835,3840,91675,1055
2021-08-18,Yolo,113,214977,16678,16047,711,16758,225
2021-08-18,Yuba,115,75493,7701,7391,171,7562,51
2021-08-17,Alameda,001,1643700,105824,102379,2364,104743,1290
2021-08-17,Alpine,003,1148,90,91,0,91,0
2021-08-17,Amador,005,37829,4409,4266,38,4304,50
2021-08-17,Butte,007,227075,14926,14357,2385,16742,206
2021-08-17,Calaveras,009,45235,2764,2624,18,2642,59
2021-08-17,Colusa,011,21464,2225,2156,445,2601,16
2021-08-17,Contra Costa,013,1133247,86047,82482,1705,84187,848
2021-08-17,Del Norte,015,27424,2474,2188,16,2204,8
2021-08-17,El Dorado,017,186661,12910,12242,1092,13334,118
2021-08-17,Fresno,019,978130,113175,110263,9919,120182,1755
2021-08-17,Glenn,021,27897,2696,2608,697,3305,20
2021-08-17,Humboldt,023,135768,6473,6155,146,6301,52
2021-08-17,Imperial,025,180216,30053,29768,2863,32631,746
2021-08-17,Inyo,027,18085,1498,1492,15,1507,39
2021-08-17,Kern,029,883053,105220,103048,13712,116760,1367
2021-08-17,Kings,031,150075,25672,24930,1341,26271,254
2021-08-17,Lake,033,64148,5099,4930,35,4965,68
2021-08-17,Lassen,035,31185,5597,5499,143,5642,21
2021-08-17,Los Angeles,037,10098052,1326588,1307999,49033,1357032,24952
2021-08-17,Madera,039,155013,18389,17838,1226,19064,246
2021-08-17,Marin,041,260295,15948,15570,320,15890,240
2021-08-17,Mariposa,043,17540,651,609,15,624,5
2021-08-17,Mendocino,045,87422,5401,5097,176,5273,51
2021-08-17,Merced,047,269075,34183,33508,1245,34753,482
2021-08-17,Modoc,049,8938,440,424,151,575,6
2021-08-17,Mono,051,14174,1379,1341,18,1359,3
2021-08-17,Monterey,053,433212,45255,44672,2232,46904,528
2021-08-17,Napa,055,140530,11259,11007,68,11075,83
2021-08-17,Nevada,057,99092,6910,6605,227,6832,75
2021-08-17,Orange,059,3164182,281749,277121,13041,290162,5164
2021-08-17,Placer,061,380077,29231,27634,2416,30050,312
2021-08-17,Plumas,063,18699,932,860,14,874,5
2021-08-17,Riverside,065,2383286,323473,316051,15161,331212,4582
2021-08-17,Sacramento,067,1510023,130432,125151,2636,127787,1774
2021-08-17,San Benito,069,59416,6559,6470,127,6597,64
2021-08-17,San Bernardino,071,2135413,319967,314402,9834,324236,5302
2021-08-17,San Diego,073,3302833,323305,317058,18784,335842,3824
2021-08-17,San Francisco,075,870044,46244,44820,1893,46713,567
2021-08-17,San Joaquin,077,732212,83953,81300,4316,85616,1489
2021-08-17,San Luis Obispo,079,281455,24345,23556,923,24479,268
2021-08-17,San Mateo,081,765935,48410,47127,697,47824,551
2021-08-17,Santa Barbara,083,443738,38370,37478,1328,38806,475
2021-08-17,Santa Clara,085,1922200,131720,128354,966,129320,1773
2021-08-17,Santa Cruz,087,273765,17973,17528,899,18427,209
2021-08-17,Shasta,089,179085,14523,14012,2017,16029,214
2021-08-17,Sierra,091,2930,91,82,13,95,0
2021-08-17,Siskiyou,093,43540,2305,2183,589,2772,33
2021-08-17,Solano,095,438530,39859,37662,920,38582,269
2021-08-17,Sonoma,097,501317,36361,34943,437,35380,333
2021-08-17,Stanislaus,099,539301,63878,62385,7066,69451,1047
2021-08-17,Sutter,101,95872,11207,10973,121,11094,130
2021-08-17,Tehama,103,63373,5819,5612,707,6319,66
2021-08-17,Trinity,105,12862,572,406,132,538,3
2021-08-17,Tulare,107,460477,53983,52362,10697,63059,856
2021-08-17,Tuolumne,109,53932,5175,5042,53,5095,64
2021-08-17,Ventura,111,848112,88987,87601,3819,91420,1053
2021-08-17,Yolo,113,214977,16589,15975,697,16672,225
2021-08-17,Yuba,115,75493,7630,7355,171,7526,51
2021-08-16,Alameda,001,1643700,105321,102052,2355,104407,1287
2021-08-16,Alpine,003,1148,90,91,0,91,0
2021-08-16,Amador,005,37829,4399,4235,38,4273,50
2021-08-16,Butte,007,227075,14808,14283,2350,16633,206
2021-08-16,Calaveras,009,45235,2704,2609,17,2626,57
2021-08-16,Colusa,011,21464,2214,2147,441,2588,16
2021-08-16,Contra Costa,013,1133247,85503,82070,1695,83765,848
2021-08-16,Del Norte,015,27424,2397,2125,16,2141,8
2021-08-16,El Dorado,017,186661,12809,12139,1079,13218,118
2021-08-16,Fresno,019,978130,112677,109623,9867,119490,1753
2021-08-16,Glenn,021,27897,2677,2593,691,3284,20
2021-08-16,Humboldt,023,135768,6402,6064,125,6189,52
2021-08-16,Imperial,025,180216,30012,29737,2848,32585,746
2021-08-16,Inyo,027,18085,1495,1490,15,1505,39
2021-08-16,Kern,029,883053,104845,102690,13596,116286,1367
2021-08-16,Kings,031,150075,25569,24817,1331,26148,254
2021-08-16,Lake,033,64148,5072,4898,34,4932,68
2021-08-16,Lassen,035,31185,5581,5481,135,5616,21
2021-08-16,Los Angeles,037,10098052,1323205,1305330,48888,1354218,24923
2021-08-16,Madera,039,155013,18314,17756,1205,18961,246
2021-08-16,Marin,041,260295,15889,15497,319,15816,239
2021-08-16,Mariposa,043,17540,634,597,15,612,5
2021-08-16,Mendocino,045,87422,5345,5037,174,5211,49
2021-08-16,Merced,047,269075,33982,33364,1232,34596,481
2021-08-16,Modoc,049,8938,438,421,150,571,5
2021-08-16,Mono,051,14174,1374,1339,18,1357,3
2021-08-16,Monterey,053,433212,45176,44595,2220,46815,527
2021-08-16,Napa,055,140530,11230,10946,68,11014,83
2021-08-16,Nevada,057,99092,6855,6535,226,6761,74
2021-08-16,Orange,059,3164182,280955,275985,12995,288980,5161
2021-08-16,Placer,061,380077,29048,27384,2384,29768,306
2021-08-16,Plumas,063,18699,921,851,14,865,5
2021-08-16,Riverside,065,2383286,322382,314774,15124,329898,4582
2021-08-16,Sacramento,067,1510023,129622,124554,2593,127147,1762
2021-08-16,San Benito,069,59416,6535,6452,127,6579,64
2021-08-16,San Bernardino,071,2135413,319004,313617,9807,323424,5301
2021-08-16,San Diego,073,3302833,321707,315348,18644,333992,3824
2021-08-16,San Francisco,075,870044,46040,44681,1885,46566,567
2021-08-16,San Joaquin,077,732212,83450,81087,4289,85376,1488
2021-08-16,San Luis Obispo,079,281455,24195,23452,915,24367,265
2021-08-16,San Mateo,081,765935,48227,47024,690,47714,548
2021-08-16,Santa Barbara,083,443738,38199,37358,1323,38681,475
2021-08-16,Santa Clara,085,1922200,131256,127978,962,128940,1773
2021-08-16,Santa Cruz,087,273765,17909,17491,893,18384,209
2021-08-16,Shasta,089,179085,14434,13862,2001,15863,211
2021-08-16,Sierra,091,2930,88,82,13,95,0
2021-08-16,Siskiyou,093,43540,2288,2169,569,2738,33
2021-08-16,Solano,095,438530,39578,37436,906,38342,263
2021-08-16,Sonoma,097,501317,36193,34844,435,35279,333
2021-08-16,Stanislaus,099,539301,63539,62033,7014,69047,1039
2021-08-16,Sutter,101,95872,11138,10902,120,11022,130
2021-08-16,Tehama,103,63373,5756,5565,702,6267,66
2021-08-16,Trinity,105,12862,566,400,131,531,3
2021-08-16,Tulare,107,460477,53740,52162,10627,62789,856
2021-08-16,Tuolumne,109,53932,5136,4984,52,5036,64
2021-08-16,Ventura,111,848112,88742,86954,3801,90755,1052
2021-08-16,Yolo,113,214977,16488,15922,689,16611,225
2021-08-16,Yuba,115,75493,7546,7314,170,7484,51
2021-08-15,Alameda,001,1643700,104828,101660,2338,103998,1287
2021-08-15,Alpine,003,1148,90,91,0,91,0
2021-08-15,Amador,005,37829,4371,4231,38,4269,49
2021-08-15,Butte,007,227075,14684,14263,2327,16590,206
2021-08-15,Calaveras,009,45235,2662,2599,17,2616,57
2021-08-15,Colusa,011,21464,2202,2140,431,2571,16
2021-08-15,Contra Costa,013,1133247,85021,81781,1680,83461,848
2021-08-15,Del Norte,015,27424,2330,2060,16,2076,8
2021-08-15,El Dorado,017,186661,12674,12057,1062,13119,118
2021-08-15,Fresno,019,978130,112197,109382,9801,119183,1753
2021-08-15,Glenn,021,27897,2654,2592,679,3271,20
2021-08-15,Humboldt,023,135768,6327,6024,119,6143,52
2021-08-15,Imperial,025,180216,29946,29711,2844,32555,746
2021-08-15,Inyo,027,18085,1494,1489,15,1504,39
2021-08-15,Kern,029,883053,104401,102524,13483,116007,1367
2021-08-15,Kings,031,150075,25424,24736,1321,26057,254
2021-08-15,Lake,033,64148,5013,4886,33,4919,68
2021-08-15,Lassen,035,31185,5564,5482,134,5616,21
2021-08-15,Los Angeles,037,10098052,1319673,1302882,48716,1351598,24918
2021-08-15,Madera,039,155013,18226,17714,1189,18903,246
2021-08-15,Marin,041,260295,15830,15461,317,15778,239
2021-08-15,Mariposa,043,17540,627,591,14,605,5
2021-08-15,Mendocino,045,87422,5288,5022,168,5190,49
2021-08-15,Merced,047,269075,33737,33305,1221,34526,481
2021-08-15,Modoc,049,8938,436,421,150,571,5
2021-08-15,Mono,051,14174,1370,1334,18,1352,3
2021-08-15,Monterey,053,433212,45054,44567,2198,46765,527
2021-08-15,Napa,055,140530,11175,10919,68,10987,83
2021-08-15,Nevada,057,99092,6770,6486,226,6712,74
2021-08-15,Orange,059,3164182,280184,275447,12954,288401,5161
2021-08-15,Placer,061,380077,28826,27220,2336,29556,306
2021-08-15,Plumas,063,18699,909,850,14,864,5
2021-08-15,Riverside,065,2383286,321244,314133,15097,329230,4582
2021-08-15,Sacramento,067,1510023,128805,123924,2561,126485,1761
2021-08-15,San Benito,069,59416,6517,6446,126,6572,64
2021-08-15,San Bernardino,071,2135413,317928,313120,9777,322897,5301
2021-08-15,San Diego,073,3302833,320237,314247,18517,332764,3824
2021-08-15,San Francisco,075,870044,45816,44531,1868,46399,567
2021-08-15,San Joaquin,077,732212,82962,80832,4250,85082,1488
2021-08-15,San Luis Obispo,079,281455,23998,23404,905,24309,265
2021-08-15,San Mateo,081,765935,48039,46897,684,47581,548
2021-08-15,Santa Barbara,083,443738,38027,37276,1316,38592,475
2021-08-15,Santa Clara,085,1922200,130823,127715,956,128671,1773
2021-08-15,Santa Cruz,087,273765,17839,17440,886,18326,209
2021-08-15,Shasta,089,179085,14331,13835,1976,15811,211
2021-08-15,Sierra,091,2930,87,82,12,94,0
2021-08-15,Siskiyou,093,43540,2267,2169,555,2724,33
2021-08-15,Solano,095,438530,39322,37320,895,38215,263
2021-08-15,Sonoma,097,501317,35997,34706,427,35133,333
2021-08-15,Stanislaus,099,539301,63171,61795,6935,68730,1039
2021-08-15,Sutter,101,95872,11047,10863,120,10983,130
2021-08-15,Tehama,103,63373,5707,5550,696,6246,66
2021-08-15,Trinity,105,12862,562,400,130,530,3
2021-08-15,Tulare,107,460477,53483,52046,10567,62613,856
2021-08-15,Tuolumne,109,53932,5098,4934,50,4984,64
2021-08-15,Ventura,111,848112,88437,86797,3787,90584,1052
2021-08-15,Yolo,113,214977,16392,15873,679,16552,225
2021-08-15,Yuba,115,75493,7469,7265,169,7434,51
2021-08-14,Alameda,001,1643700,104612,101305,2334,103639,1287
2021-08-14,Alpine,003,1148,90,91,0,91,0
2021-08-14,Amador,005,37829,4353,4206,38,4244,49
2021-08-14,Butte,007,227075,14648,14192,2311,16503,206
2021-08-14,Calaveras,009,45235,2655,2579,17,2596,57
2021-08-14,Colusa,011,21464,2191,2134,427,2561,16
2021-08-14,Contra Costa,013,1133247,84772,81458,1672,83130,848
2021-08-14,Del Norte,015,27424,2303,2015,16,2031,8
2021-08-14,El Dorado,017,186661,12638,12019,1054,13073,118
2021-08-14,Fresno,019,978130,112036,109056,9771,118827,1753
2021-08-14,Glenn,021,27897,2643,2583,676,3259,20
2021-08-14,Humboldt,023,135768,6274,5998,115,6113,52
2021-08-14,Imperial,025,180216,29919,29671,2844,32515,746
2021-08-14,Inyo,027,18085,1492,1487,15,1502,39
2021-08-14,Kern,029,883053,104206,102306,13387,115693,1367
2021-08-14,Kings,031,150075,25326,24647,1312,25959,254
2021-08-14,Lake,033,64148,4996,4850,32,4882,68
2021-08-14,Lassen,035,31185,5557,5475,133,5608,21
2021-08-14,Los Angeles,037,10098052,1317900,1299346,48576,1347922,24911
2021-08-14,Madera,039,155013,18179,17691,1184,18875,246
2021-08-14,Marin,041,260295,15796,15441,317,15758,239
2021-08-14,Mariposa,043,17540,623,584,14,598,5
2021-08-14,Mendocino,045,87422,5252,4977,165,5142,49
2021-08-14,Merced,047,269075,33673,33234,1215,34449,481
2021-08-14,Modoc,049,8938,436,421,150,571,5
2021-08-14,Mono,051,14174,1365,1332,18,1350,3
2021-08-14,Monterey,053,433212,45009,44514,2195,46709,527
2021-08-14,Napa,055,140530,11145,10878,67,10945,83
2021-08-14,Nevada,057,99092,6735,6419,225,6644,74
2021-08-14,Orange,059,3164182,279750,274732,12926,287658,5161
2021-08-14,Placer,061,380077,28680,27115,2312,29427,306
2021-08-14,Plumas,063,18699,899,849,14,863,5
2021-08-14,Riverside,065,2383286,320528,313264,15076,328340,4582
2021-08-14,Sacramento,067,1510023,128311,123438,2543,125981,1758
2021-08-14,San Benito,069,59416,6504,6428,126,6554,64
2021-08-14,San Bernardino,071,2135413,317378,312142,9756,321898,5301
2021-08-14,San Diego,073,3302833,319566,313589,18449,332038,3824
2021-08-14,San Francisco,075,870044,45687,44353,1849,46202,567
2021-08-14,San Joaquin,077,732212,82746,80585,4235,84820,1488
2021-08-14,San Luis Obispo,079,281455,23937,23328,902,24230,265
2021-08-14,San Mateo,081,765935,47920,46792,680,47472,548
2021-08-14,Santa Barbara,083,443738,37933,37118,1313,38431,475
2021-08-14,Santa Clara,085,1922200,130544,127432,953,128385,1772
2021-08-14,Santa Cruz,087,273765,17800,17384,885,18269,209
2021-08-14,Shasta,089,179085,14256,13813,1955,15768,211
2021-08-14,Sierra,091,2930,86,81,12,93,0
2021-08-14,Siskiyou,093,43540,2257,2160,545,2705,33
2021-08-14,Solano,095,438530,39235,37237,883,38120,263
2021-08-14,Sonoma,097,501317,35874,34606,425,35031,333
2021-08-14,Stanislaus,099,539301,62997,61564,6890,68454,1039
2021-08-14,Sutter,101,95872,11002,10808,119,10927,130
2021-08-14,Tehama,103,63373,5683,5530,692,6222,66
2021-08-14,Trinity,105,12862,556,399,130,529,3
2021-08-14,Tulare,107,460477,53347,51951,10521,62472,856
2021-08-14,Tuolumne,109,53932,5063,4924,50,4974,64
2021-08-14,Ventura,111,848112,88281,86569,3767,90336,1052
2021-08-14,Yolo,113,214977,16347,15815,669,16484,225
2021-08-14,Yuba,115,75493,7420,7223,169,7392,51
2021-08-13,Alameda,001,1643700,104315,100930,2326,103256,1284
2021-08-13,Alpine,003,1148,90,91,0,91,0
2021-08-13,Amador,005,37829,4325,4169,38,4207,49
2021-08-13,Butte,007,227075,14578,14100,2295,16395,206
2021-08-13,Calaveras,009,45235,2649,2564,17,2581,57
2021-08-13,Colusa,011,21464,2184,2123,422,2545,16
2021-08-13,Contra Costa,013,1133247,84460,81046,1664,82710,848
2021-08-13,Del Norte,015,27424,2262,1973,16,1989,8
2021-08-13,El Dorado,017,186661,12598,11951,1042,12993,118
2021-08-13,Fresno,019,978130,111744,108638,9747,118385,1753
2021-08-13,Glenn,021,27897,2632,2574,672,3246,20
2021-08-13,Humboldt,023,135768,6227,5882,112,5994,52
2021-08-13,Imperial,025,180216,29892,29654,2843,32497,745
2021-08-13,Inyo,027,18085,1491,1484,15,1499,39
2021-08-13,Kern,029,883053,103997,102029,13278,115307,1364
2021-08-13,Kings,031,150075,25241,24531,1305,25836,253
2021-08-13,Lake,033,64148,4973,4811,31,4842,68
2021-08-13,Lassen,035,31185,5549,5455,132,5587,21
2021-08-13,Los Angeles,037,10098052,1315578,1295406,48439,1343845,24891
2021-08-13,Madera,039,155013,18130,17614,1175,18789,246
2021-08-13,Marin,041,260295,15765,15380,317,15697,239
2021-08-13,Mariposa,043,17540,617,577,14,591,5
2021-08-13,Mendocino,045,87422,5199,4924,163,5087,49
2021-08-13,Merced,047,269075,33626,33111,1209,34320,480
2021-08-13,Modoc,049,8938,435,421,149,570,5
2021-08-13,Mono,051,14174,1362,1331,18,1349,3
2021-08-13,Monterey,053,433212,44949,44450,2193,46643,527
2021-08-13,Napa,055,140530,11109,10830,67,10897,83
2021-08-13,Nevada,057,99092,6694,6356,224,6580,74
2021-08-13,Orange,059,3164182,279255,274004,12877,286881,5159
2021-08-13,Placer,061,380077,28580,26987,2285,29272,306
2021-08-13,Plumas,063,18699,885,842,14,856,5
2021-08-13,Riverside,065,2383286,319789,312408,15051,327459,4581
2021-08-13,Sacramento,067,1510023,127841,122868,2516,125384,1758
2021-08-13,San Benito,069,59416,6498,6422,124,6546,64
2021-08-13,San Bernardino,071,2135413,316710,311378,9737,321115,5301
2021-08-13,San Diego,073,3302833,318520,312293,18370,330663,3821
2021-08-13,San Francisco,075,870044,45551,44196,1826,46022,567
2021-08-13,San Joaquin,077,732212,82528,80232,4219,84451,1481
2021-08-13,San Luis Obispo,079,281455,23874,23226,899,24125,265
2021-08-13,San Mateo,081,765935,47801,46660,679,47339,548
2021-08-13,Santa Barbara,083,443738,37848,37023,1309,38332,474
2021-08-13,Santa Clara,085,1922200,130257,126958,947,127905,1769
2021-08-13,Santa Cruz,087,273765,17760,17332,878,18210,209
2021-08-13,Shasta,089,179085,14193,13698,1941,15639,211
2021-08-13,Sierra,091,2930,85,81,12,93,0
2021-08-13,Siskiyou,093,43540,2248,2147,541,2688,33
2021-08-13,Solano,095,438530,39101,37104,875,37979,264
2021-08-13,Sonoma,097,501317,35769,34464,425,34889,333
2021-08-13,Stanislaus,099,539301,62826,61294,6847,68141,1039
2021-08-13,Sutter,101,95872,10958,10751,118,10869,130
2021-08-13,Tehama,103,63373,5659,5496,690,6186,66
2021-08-13,Trinity,105,12862,552,392,130,522,3
2021-08-13,Tulare,107,460477,53243,51770,10446,62216,856
2021-08-13,Tuolumne,109,53932,5030,4899,49,4948,64
2021-08-13,Ventura,111,848112,88123,86368,3754,90122,1052
2021-08-13,Yolo,113,214977,16293,15761,659,16420,225
2021-08-13,Yuba,115,75493,7382,7184,169,7353,51
2021-08-12,Alameda,001,1643700,103822,100472,2313,102785,1284
2021-08-12,Alpine,003,1148,90,91,0,91,0
2021-08-12,Amador,005,37829,4295,4161,37,4198,49
2021-08-12,Butte,007,227075,14508,14006,2277,16283,206
2021-08-12,Calaveras,009,45235,2634,2531,17,2548,57
2021-08-12,Colusa,011,21464,2179,2111,421,2532,17
2021-08-12,Contra Costa,013,1133247,83978,80738,1649,82387,846
2021-08-12,Del Norte,015,27424,2190,1923,16,1939,8
2021-08-12,El Dorado,017,186661,12484,11880,1033,12913,118
2021-08-12,Fresno,019,978130,111322,108193,9679,117872,1753
2021-08-12,Glenn,021,27897,2624,2559,660,3219,20
2021-08-12,Humboldt,023,135768,6158,5845,108,5953,52
2021-08-12,Imperial,025,180216,29836,29585,2837,32422,745
2021-08-12,Inyo,027,18085,1489,1483,15,1498,39
2021-08-12,Kern,029,883053,103708,101698,13198,114896,1364
2021-08-12,Kings,031,150075,25141,24423,1296,25719,252
2021-08-12,Lake,033,64148,4947,4774,31,4805,68
2021-08-12,Lassen,035,31185,5527,5428,131,5559,21
2021-08-12,Los Angeles,037,10098052,1312389,1291875,48305,1340180,24874
2021-08-12,Madera,039,155013,18066,17564,1163,18727,246
2021-08-12,Marin,041,260295,15716,15277,314,15591,239
2021-08-12,Mariposa,043,17540,608,568,13,581,5
2021-08-12,Mendocino,045,87422,5169,4873,157,5030,49
2021-08-12,Merced,047,269075,33502,32960,1202,34162,480
2021-08-12,Modoc,049,8938,434,423,149,572,5
2021-08-12,Mono,051,14174,1357,1325,18,1343,3
2021-08-12,Monterey,053,433212,44873,44383,2176,46559,527
2021-08-12,Napa,055,140530,11060,10780,66,10846,83
2021-08-12,Nevada,057,99092,6633,6283,224,6507,74
2021-08-12,Orange,059,3164182,278577,273167,12819,285986,5158
2021-08-12,Placer,061,380077,28382,26856,2262,29118,306
2021-08-12,Plumas,063,18699,877,829,14,843,5
2021-08-12,Riverside,065,2383286,318779,311304,15018,326322,4575
2021-08-12,Sacramento,067,1510023,127070,122222,2486,124708,1758
2021-08-12,San Benito,069,59416,6481,6398,122,6520,64
2021-08-12,San Bernardino,071,2135413,315833,310420,9708,320128,5297
2021-08-12,San Diego,073,3302833,317150,310596,18281,328877,3821
2021-08-12,San Francisco,075,870044,45344,43774,1813,45587,564
2021-08-12,San Joaquin,077,732212,82131,79945,4196,84141,1479
2021-08-12,San Luis Obispo,079,281455,23774,23101,885,23986,264
2021-08-12,San Mateo,081,765935,47657,46435,676,47111,548
2021-08-12,Santa Barbara,083,443738,37711,36881,1301,38182,473
2021-08-12,Santa Clara,085,1922200,129808,126614,941,127555,1769
2021-08-12,Santa Cruz,087,273765,17696,17261,877,18138,209
2021-08-12,Shasta,089,179085,14107,13621,1914,15535,211
2021-08-12,Sierra,091,2930,85,81,12,93,0
2021-08-12,Siskiyou,093,43540,2241,2134,531,2665,33
2021-08-12,Solano,095,438530,38872,36980,866,37846,262
2021-08-12,Sonoma,097,501317,35621,34299,422,34721,333
2021-08-12,Stanislaus,099,539301,62562,61026,6788,67814,1039
2021-08-12,Sutter,101,95872,10897,10695,116,10811,130
2021-08-12,Tehama,103,63373,5629,5462,681,6143,66
2021-08-12,Trinity,105,12862,548,386,129,515,3
2021-08-12,Tulare,107,460477,53097,51632,10397,62029,856
2021-08-12,Tuolumne,109,53932,4983,4845,47,4892,64
2021-08-12,Ventura,111,848112,87885,86106,3730,89836,1052
2021-08-12,Yolo,113,214977,16221,15686,646,16332,224
2021-08-12,Yuba,115,75493,7334,7128,168,7296,51
2021-08-11,Alameda,001,1643700,103307,100040,2309,102349,1281
2021-08-11,Alpine,003,1148,90,91,0,91,0
2021-08-11,Amador,005,37829,4271,4127,37,4164,49
2021-08-11,Butte,007,227075,14408,13905,2252,16157,206
2021-08-11,Calaveras,009,45235,2612,2505,17,2522,57
2021-08-11,Colusa,011,21464,2169,2101,419,2520,16
2021-08-11,Contra Costa,013,1133247,83478,80275,1631,81906,843
2021-08-11,Del Norte,015,27424,2131,1893,16,1909,8
2021-08-11,El Dorado,017,186661,12373,11799,1021,12820,119
2021-08-11,Fresno,019,978130,110868,107773,9632,117405,1751
2021-08-11,Glenn,021,27897,2615,2547,650,3197,20
2021-08-11,Humboldt,023,135768,6111,5765,107,5872,52
2021-08-11,Imperial,025,180216,29793,29565,2833,32398,745
2021-08-11,Inyo,027,18085,1489,1483,15,1498,39
2021-08-11,Kern,029,883053,103394,101448,13088,114536,1363
2021-08-11,Kings,031,150075,25028,24304,1287,25591,250
2021-08-11,Lake,033,64148,4910,4713,30,4743,68
2021-08-11,Lassen,035,31185,5518,5408,129,5537,21
2021-08-11,Los Angeles,037,10098052,1309065,1288238,48117,1336355,24851
2021-08-11,Madera,039,155013,18016,17511,1152,18663,245
2021-08-11,Marin,041,260295,15667,15235,314,15549,239
2021-08-11,Mariposa,043,17540,598,554,12,566,5
2021-08-11,Mendocino,045,87422,5100,4796,148,4944,49
2021-08-11,Merced,047,269075,33369,32802,1198,34000,479
2021-08-11,Modoc,049,8938,434,421,149,570,5
2021-08-11,Mono,051,14174,1352,1320,18,1338,3
2021-08-11,Monterey,053,433212,44774,44314,2158,46472,527
2021-08-11,Napa,055,140530,11019,10732,66,10798,83
2021-08-11,Nevada,057,99092,6580,6172,221,6393,74
2021-08-11,Orange,059,3164182,277720,272212,12772,284984,5155
2021-08-11,Placer,061,380077,28170,26687,2236,28923,305
2021-08-11,Plumas,063,18699,868,824,14,838,5
2021-08-11,Riverside,065,2383286,317786,310265,14983,325248,4570
2021-08-11,Sacramento,067,1510023,126277,121603,2447,124050,1757
2021-08-11,San Benito,069,59416,6468,6381,122,6503,64
2021-08-11,San Bernardino,071,2135413,314938,309498,9687,319185,5296
2021-08-11,San Diego,073,3302833,315680,309406,18177,327583,3818
2021-08-11,San Francisco,075,870044,45119,43555,1805,45360,564
2021-08-11,San Joaquin,077,732212,81724,79641,4168,83809,1478
2021-08-11,San Luis Obispo,079,281455,23670,22920,878,23798,264
2021-08-11,San Mateo,081,765935,47489,46300,673,46973,548
2021-08-11,Santa Barbara,083,443738,37548,36699,1292,37991,472
2021-08-11,Santa Clara,085,1922200,129327,126301,933,127234,1769
2021-08-11,Santa Cruz,087,273765,17631,17191,874,18065,209
2021-08-11,Shasta,089,179085,14033,13546,1898,15444,211
2021-08-11,Sierra,091,2930,84,81,12,93,0
2021-08-11,Siskiyou,093,43540,2227,2124,524,2648,33
2021-08-11,Solano,095,438530,38637,36862,852,37714,262
2021-08-11,Sonoma,097,501317,35442,34188,417,34605,333
2021-08-11,Stanislaus,099,539301,62232,60767,6758,67525,1037
2021-08-11,Sutter,101,95872,10825,10628,116,10744,130
2021-08-11,Tehama,103,63373,5600,5410,664,6074,66
2021-08-11,Trinity,105,12862,546,385,129,514,3
2021-08-11,Tulare,107,460477,52929,51464,10352,61816,854
2021-08-11,Tuolumne,109,53932,4951,4794,47,4841,64
2021-08-11,Ventura,111,848112,87633,85863,3709,89572,1051
2021-08-11,Yolo,113,214977,16146,15593,630,16223,218
2021-08-11,Yuba,115,75493,7275,7063,167,7230,53
2021-08-10,Alameda,001,1643700,102827,99771,2301,102072,1281
2021-08-10,Alpine,003,1148,90,91,0,91,0
2021-08-10,Amador,005,37829,4255,4093,37,4130,49
2021-08-10,Butte,007,227075,14325,13853,2231,16084,205
2021-08-10,Calaveras,009,45235,2587,2491,15,2506,57
2021-08-10,Colusa,011,21464,2156,2088,410,2498,16
2021-08-10,Contra Costa,013,1133247,82934,80018,1621,81639,840
2021-08-10,Del Norte,015,27424,2087,1870,16,1886,8
2021-08-10,El Dorado,017,186661,12272,11734,1010,12744,117
2021-08-10,Fresno,019,978130,110412,107616,9576,117192,1747
2021-08-10,Glenn,021,27897,2602,2538,640,3178,20
2021-08-10,Humboldt,023,135768,6057,5718,104,5822,52
2021-08-10,Imperial,025,180216,29758,29522,2827,32349,745
2021-08-10,Inyo,027,18085,1489,1482,15,1497,39
2021-08-10,Kern,029,883053,103065,101254,12992,114246,1359
2021-08-10,Kings,031,150075,24902,24252,1271,25523,251
2021-08-10,Lake,033,64148,4869,4700,30,4730,67
2021-08-10,Lassen,035,31185,5500,5401,129,5530,21
2021-08-10,Los Angeles,037,10098052,1305314,1285140,47945,1333085,24821
2021-08-10,Madera,039,155013,17943,17481,1142,18623,245
2021-08-10,Marin,041,260295,15620,15194,314,15508,239
2021-08-10,Mariposa,043,17540,585,550,12,562,5
2021-08-10,Mendocino,045,87422,5055,4775,144,4919,49
2021-08-10,Merced,047,269075,33222,32721,1189,33910,477
2021-08-10,Modoc,049,8938,433,421,149,570,5
2021-08-10,Mono,051,14174,1347,1320,18,1338,3
2021-08-10,Monterey,053,433212,44712,44259,2143,46402,527
2021-08-10,Napa,055,140530,10963,10703,65,10768,83
2021-08-10,Nevada,057,99092,6515,6151,220,6371,73
2021-08-10,Orange,059,3164182,276841,271688,12724,284412,5155
2021-08-10,Placer,061,380077,27951,26561,2194,28755,305
2021-08-10,Plumas,063,18699,859,816,14,830,5
2021-08-10,Riverside,065,2383286,316671,309529,14957,324486,4564
2021-08-10,Sacramento,067,1510023,125424,121159,2417,123576,1755
2021-08-10,San Benito,069,59416,6454,6371,122,6493,64
2021-08-10,San Bernardino,071,2135413,314015,308672,9669,318341,5295
2021-08-10,San Diego,073,3302833,314039,308288,18085,326373,3815
2021-08-10,San Francisco,075,870044,44866,43389,1790,45179,564
2021-08-10,San Joaquin,077,732212,81326,79391,4151,83542,1478
2021-08-10,San Luis Obispo,079,281455,23544,22776,876,23652,264
2021-08-10,San Mateo,081,765935,47317,46184,671,46855,548
2021-08-10,Santa Barbara,083,443738,37383,36574,1285,37859,472
2021-08-10,Santa Clara,085,1922200,128864,126019,926,126945,1770
2021-08-10,Santa Cruz,087,273765,17548,17142,872,18014,209
2021-08-10,Shasta,089,179085,13955,13461,1874,15335,211
2021-08-10,Sierra,091,2930,84,76,12,88,0
2021-08-10,Siskiyou,093,43540,2218,2088,517,2605,33
2021-08-10,Solano,095,438530,38391,36767,841,37608,262
2021-08-10,Sonoma,097,501317,35297,34054,414,34468,333
2021-08-10,Stanislaus,099,539301,61886,60605,6721,67326,1037
2021-08-10,Sutter,101,95872,10760,10569,116,10685,130
2021-08-10,Tehama,103,63373,5571,5392,659,6051,66
2021-08-10,Trinity,105,12862,546,384,129,513,3
2021-08-10,Tulare,107,460477,52764,51390,10300,61690,854
2021-08-10,Tuolumne,109,53932,4922,4780,45,4825,64
2021-08-10,Ventura,111,848112,87343,85714,3688,89402,1051
2021-08-10,Yolo,113,214977,16059,15568,620,16188,218
2021-08-10,Yuba,115,75493,7225,7028,167,7195,50
2021-08-09,Alameda,001,1643700,102271,99496,2297,101793,1276
2021-08-09,Alpine,003,1148,90,91,0,91,0
2021-08-09,Amador,005,37829,4229,4078,37,4115,48
2021-08-09,Butte,007,227075,14226,13813,2203,16016,205
2021-08-09,Calaveras,009,45235,2561,2472,15,2487,57
2021-08-09,Colusa,011,21464,2146,2075,402,2477,16
2021-08-09,Contra Costa,013,1133247,82390,79740,1609,81349,840
2021-08-09,Del Norte,015,27424,2019,1848,16,1864,8
2021-08-09,El Dorado,017,186661,12165,11672,996,12668,117
2021-08-09,Fresno,019,978130,109918,107310,9538,116848,1747
2021-08-09,Glenn,021,27897,2591,2532,628,3160,20
2021-08-09,Humboldt,023,135768,5966,5632,102,5734,52
2021-08-09,Imperial,025,180216,29713,29512,2823,32335,745
2021-08-09,Inyo,027,18085,1489,1481,15,1496,39
2021-08-09,Kern,029,883053,102753,101069,12906,113975,1359
2021-08-09,Kings,031,150075,24795,24155,1256,25411,250
2021-08-09,Lake,033,64148,4834,4670,28,4698,66
2021-08-09,Lassen,035,31185,5478,5393,128,5521,21
2021-08-09,Los Angeles,037,10098052,1301301,1282891,47737,1330628,24798
2021-08-09,Madera,039,155013,17884,17429,1122,18551,245
2021-08-09,Marin,041,260295,15567,15154,313,15467,239
2021-08-09,Mariposa,043,17540,572,545,12,557,5
2021-08-09,Mendocino,045,87422,5004,4732,136,4868,49
2021-08-09,Merced,047,269075,33076,32666,1182,33848,477
2021-08-09,Modoc,049,8938,433,419,149,568,5
2021-08-09,Mono,051,14174,1344,1337,18,1355,3
2021-08-09,Monterey,053,433212,44639,44190,2127,46317,527
2021-08-09,Napa,055,140530,10916,10679,65,10744,83
2021-08-09,Nevada,057,99092,6443,6088,219,6307,73
2021-08-09,Orange,059,3164182,275804,271036,12668,283704,5153
2021-08-09,Placer,061,380077,27728,26457,2163,28620,305
2021-08-09,Plumas,063,18699,842,803,14,817,5
2021-08-09,Riverside,065,2383286,315595,308678,14937,323615,4562
2021-08-09,Sacramento,067,1510023,124589,120812,2392,123204,1748
2021-08-09,San Benito,069,59416,6434,6359,120,6479,63
2021-08-09,San Bernardino,071,2135413,313031,308038,9646,317684,5295
2021-08-09,San Diego,073,3302833,312379,306855,17986,324841,3811
2021-08-09,San Francisco,075,870044,44620,43261,1772,45033,564
2021-08-09,San Joaquin,077,732212,80944,79198,4133,83331,1469
2021-08-09,San Luis Obispo,079,281455,23405,22695,867,23562,264
2021-08-09,San Mateo,081,765935,47145,46040,667,46707,548
2021-08-09,Santa Barbara,083,443738,37199,36474,1277,37751,470
2021-08-09,Santa Clara,085,1922200,128361,125791,917,126708,2187
2021-08-09,Santa Cruz,087,273765,17486,17082,872,17954,209
2021-08-09,Shasta,089,179085,13838,13397,1863,15260,210
2021-08-09,Sierra,091,2930,83,75,12,87,0
2021-08-09,Siskiyou,093,43540,2206,2047,501,2548,32
2021-08-09,Solano,095,438530,38115,36653,839,37492,262
2021-08-09,Sonoma,097,501317,35116,33933,412,34345,333
2021-08-09,Stanislaus,099,539301,61609,60410,6670,67080,1037
2021-08-09,Sutter,101,95872,10711,10525,113,10638,129
2021-08-09,Tehama,103,63373,5528,5373,657,6030,66
2021-08-09,Trinity,105,12862,544,378,127,505,3
2021-08-09,Tulare,107,460477,52603,51274,10235,61509,854
2021-08-09,Tuolumne,109,53932,4880,4745,45,4790,64
2021-08-09,Ventura,111,848112,87071,85514,3677,89191,1047
2021-08-09,Yolo,113,214977,15981,15521,599,16120,218
2021-08-09,Yuba,115,75493,7166,6994,167,7161,50
2021-08-08,Alameda,001,1643700,101717,99135,2291,101426,1276
2021-08-08,Alpine,003,1148,90,91,0,91,0
2021-08-08,Amador,005,37829,4195,4057,36,4093,48
2021-08-08,Butte,007,227075,14144,13791,2185,15976,205
2021-08-08,Calaveras,009,45235,2528,2462,15,2477,57
2021-08-08,Colusa,011,21464,2129,2070,395,2465,16
2021-08-08,Contra Costa,013,1133247,81866,79454,1602,81056,840
2021-08-08,Del Norte,015,27424,1973,1810,16,1826,8
2021-08-08,El Dorado,017,186661,12045,11631,985,12616,117
2021-08-08,Fresno,019,978130,109475,107078,9500,116578,1747
2021-08-08,Glenn,021,27897,2583,2527,621,3148,20
2021-08-08,Humboldt,023,135768,5877,5571,102,5673,52
2021-08-08,Imperial,025,180216,29689,29485,2813,32298,745
2021-08-08,Inyo,027,18085,1489,1481,15,1496,39
2021-08-08,Kern,029,883053,102433,100909,12794,113703,1359
2021-08-08,Kings,031,150075,24681,24095,1247,25342,250
2021-08-08,Lake,033,64148,4784,4636,27,4663,66
2021-08-08,Lassen,035,31185,5463,5391,127,5518,21
2021-08-08,Los Angeles,037,10098052,1297047,1279982,47551,1327533,24793
2021-08-08,Madera,039,155013,17805,17398,1105,18503,245
2021-08-08,Marin,041,260295,15514,15124,311,15435,239
2021-08-08,Mariposa,043,17540,568,538,12,550,5
2021-08-08,Mendocino,045,87422,4942,4702,123,4825,49
2021-08-08,Merced,047,269075,32929,32634,1173,33807,477
2021-08-08,Modoc,049,8938,432,419,148,567,5
2021-08-08,Mono,051,14174,1340,1336,18,1354,3
2021-08-08,Monterey,053,433212,44569,44171,2116,46287,527
2021-08-08,Napa,055,140530,10880,10668,65,10733,83
2021-08-08,Nevada,057,99092,6359,6009,217,6226,73
2021-08-08,Orange,059,3164182,274890,270532,12626,283158,5153
2021-08-08,Placer,061,380077,27519,26332,2122,28454,305
2021-08-08,Plumas,063,18699,833,803,14,817,5
2021-08-08,Riverside,065,2383286,314474,308042,14913,322955,4562
2021-08-08,Sacramento,067,1510023,123761,120109,2380,122489,1744
2021-08-08,San Benito,069,59416,6417,6350,119,6469,63
2021-08-08,San Bernardino,071,2135413,311884,307378,9616,316994,5295
2021-08-08,San Diego,073,3302833,311039,305983,17888,323871,3811
2021-08-08,San Francisco,075,870044,44360,43098,1749,44847,564
2021-08-08,San Joaquin,077,732212,80494,79002,4117,83119,1469
2021-08-08,San Luis Obispo,079,281455,23231,22668,859,23527,263
2021-08-08,San Mateo,081,765935,46955,45927,664,46591,548
2021-08-08,Santa Barbara,083,443738,37022,36417,1270,37687,470
2021-08-08,Santa Clara,085,1922200,127909,125553,912,126465,2187
2021-08-08,Santa Cruz,087,273765,17415,17035,867,17902,209
2021-08-08,Shasta,089,179085,13753,13381,1852,15233,210
2021-08-08,Sierra,091,2930,83,74,12,86,0
2021-08-08,Siskiyou,093,43540,2190,2041,496,2537,32
2021-08-08,Solano,095,438530,37863,36551,835,37386,262
2021-08-08,Sonoma,097,501317,34872,33805,411,34216,333
2021-08-08,Stanislaus,099,539301,61286,60269,6625,66894,1037
2021-08-08,Sutter,101,95872,10651,10481,112,10593,129
2021-08-08,Tehama,103,63373,5490,5359,654,6013,66
2021-08-08,Trinity,105,12862,539,378,127,505,3
2021-08-08,Tulare,107,460477,52423,51220,10175,61395,854
2021-08-08,Tuolumne,109,53932,4841,4731,45,4776,64
2021-08-08,Ventura,111,848112,86780,85382,3667,89049,1047
2021-08-08,Yolo,113,214977,15889,15477,592,16069,218
2021-08-08,Yuba,115,75493,7127,6967,167,7134,50
2021-08-07,Alameda,001,1643700,101469,98812,2285,101097,1276
2021-08-07,Alpine,003,1148,90,91,0,91,0
2021-08-07,Amador,005,37829,4178,4041,35,4076,48
2021-08-07,Butte,007,227075,14092,13714,2173,15887,205
2021-08-07,Calaveras,009,45235,2518,2446,15,2461,57
2021-08-07,Colusa,011,21464,2124,2067,386,2453,16
2021-08-07,Contra Costa,013,1133247,81570,79168,1599,80767,840
2021-08-07,Del Norte,015,27424,1941,1791,16,1807,8
2021-08-07,El Dorado,017,186661,11996,11575,978,12553,117
2021-08-07,Fresno,019,978130,109270,106861,9473,116334,1747
2021-08-07,Glenn,021,27897,2575,2515,620,3135,20
2021-08-07,Humboldt,023,135768,5827,5510,99,5609,52
2021-08-07,Imperial,025,180216,29670,29470,2813,32283,745
2021-08-07,Inyo,027,18085,1487,1476,15,1491,39
2021-08-07,Kern,029,883053,102275,100693,12739,113432,1359
2021-08-07,Kings,031,150075,24620,24048,1241,25289,250
2021-08-07,Lake,033,64148,4763,4613,27,4640,66
2021-08-07,Lassen,035,31185,5459,5386,127,5513,21
2021-08-07,Los Angeles,037,10098052,1295021,1276853,47399,1324252,24786
2021-08-07,Madera,039,155013,17770,17366,1100,18466,245
2021-08-07,Marin,041,260295,15480,15085,310,15395,239
2021-08-07,Mariposa,043,17540,565,530,12,542,5
2021-08-07,Mendocino,045,87422,4906,4690,121,4811,49
2021-08-07,Merced,047,269075,32865,32569,1170,33739,477
2021-08-07,Modoc,049,8938,432,419,148,567,5
2021-08-07,Mono,051,14174,1337,1329,18,1347,3
2021-08-07,Monterey,053,433212,44517,44124,2111,46235,527
2021-08-07,Napa,055,140530,10859,10658,64,10722,83
2021-08-07,Nevada,057,99092,6309,5967,215,6182,73
2021-08-07,Orange,059,3164182,274297,269900,12595,282495,5153
2021-08-07,Placer,061,380077,27330,26244,2114,28358,305
2021-08-07,Plumas,063,18699,828,801,14,815,5
2021-08-07,Riverside,065,2383286,313802,307326,14906,322232,4562
2021-08-07,Sacramento,067,1510023,123260,119636,2376,122012,1744
2021-08-07,San Benito,069,59416,6407,6332,119,6451,63
2021-08-07,San Bernardino,071,2135413,311295,306663,9599,316262,5295
2021-08-07,San Diego,073,3302833,310284,304974,17853,322827,3811
2021-08-07,San Francisco,075,870044,44189,42926,1731,44657,564
2021-08-07,San Joaquin,077,732212,80330,78769,4103,82872,1469
2021-08-07,San Luis Obispo,079,281455,23162,22579,858,23437,263
2021-08-07,San Mateo,081,765935,46827,45804,662,46466,548
2021-08-07,Santa Barbara,083,443738,36926,36303,1264,37567,470
2021-08-07,Santa Clara,085,1922200,127638,125196,907,126103,2188
2021-08-07,Santa Cruz,087,273765,17372,16994,865,17859,209
2021-08-07,Shasta,089,179085,13697,13361,1844,15205,210
2021-08-07,Sierra,091,2930,83,74,12,86,0
2021-08-07,Siskiyou,093,43540,2178,2039,494,2533,32
2021-08-07,Solano,095,438530,37747,36458,827,37285,262
2021-08-07,Sonoma,097,501317,34750,33716,411,34127,333
2021-08-07,Stanislaus,099,539301,61117,60093,6595,66688,1037
2021-08-07,Sutter,101,95872,10614,10447,112,10559,129
2021-08-07,Tehama,103,63373,5480,5343,649,5992,66
2021-08-07,Trinity,105,12862,535,377,126,503,3
2021-08-07,Tulare,107,460477,52336,51133,10137,61270,854
2021-08-07,Tuolumne,109,53932,4811,4721,45,4766,64
2021-08-07,Ventura,111,848112,86600,85232,3652,88884,1047
2021-08-07,Yolo,113,214977,15845,15423,585,16008,218
2021-08-07,Yuba,115,75493,7102,6937,165,7102,50
2021-08-06,Alameda,001,1643700,101142,98487,2277,100764,1275
2021-08-06,Alpine,003,1148,90,91,0,91,0
2021-08-06,Amador,005,37829,4157,4002,35,4037,48
2021-08-06,Butte,007,227075,14042,13626,2158,15784,205
2021-08-06,Calaveras,009,45235,2507,2419,15,2434,57
2021-08-06,Colusa,011,21464,2117,2045,380,2425,16
2021-08-06,Contra Costa,013,1133247,81275,78796,1593,80389,840
2021-08-06,Del Norte,015,27424,1914,1755,15,1770,8
2021-08-06,El Dorado,017,186661,11946,11498,966,12464,117
2021-08-06,Fresno,019,978130,109006,106542,9446,115988,1747
2021-08-06,Glenn,021,27897,2560,2504,617,3121,20
2021-08-06,Humboldt,023,135768,5776,5421,96,5517,52
2021-08-06,Imperial,025,180216,29659,29404,2809,32213,745
2021-08-06,Inyo,027,18085,1484,1471,15,1486,39
2021-08-06,Kern,029,883053,102098,100427,12654,113081,1359
2021-08-06,Kings,031,150075,24565,23974,1237,25211,250
2021-08-06,Lake,033,64148,4740,4557,27,4584,66
2021-08-06,Lassen,035,31185,5437,5368,127,5495,21
2021-08-06,Los Angeles,037,10098052,1292534,1273081,47247,1320328,24772
2021-08-06,Madera,039,155013,17731,17324,1091,18415,245
2021-08-06,Marin,041,260295,15447,15051,310,15361,239
2021-08-06,Mariposa,043,17540,556,511,12,523,5
2021-08-06,Mendocino,045,87422,4864,4649,120,4769,49
2021-08-06,Merced,047,269075,32805,32456,1167,33623,477
2021-08-06,Modoc,049,8938,432,419,148,567,5
2021-08-06,Mono,051,14174,1336,1328,18,1346,3
2021-08-06,Monterey,053,433212,44449,44058,2098,46156,527
2021-08-06,Napa,055,140530,10832,10620,64,10684,83
2021-08-06,Nevada,057,99092,6253,5874,215,6089,73
2021-08-06,Orange,059,3164182,273732,269077,12578,281655,5151
2021-08-06,Placer,061,380077,27207,26086,2092,28178,305
2021-08-06,Plumas,063,18699,819,795,14,809,5
2021-08-06,Riverside,065,2383286,313092,306304,14895,321199,4562
2021-08-06,Sacramento,067,1510023,122768,119169,2356,121525,1740
2021-08-06,San Benito,069,59416,6390,6315,119,6434,63
2021-08-06,San Bernardino,071,2135413,310594,305806,9590,315396,5286
2021-08-06,San Diego,073,3302833,309245,303691,17804,321495,3810
2021-08-06,San Francisco,075,870044,44032,42659,1713,44372,565
2021-08-06,San Joaquin,077,732212,80181,78405,4091,82496,1469
2021-08-06,San Luis Obispo,079,281455,23094,22472,853,23325,263
2021-08-06,San Mateo,081,765935,46674,45665,657,46322,548
2021-08-06,Santa Barbara,083,443738,36837,36208,1260,37468,470
2021-08-06,Santa Clara,085,1922200,127348,124767,901,125668,2185
2021-08-06,Santa Cruz,087,273765,17328,16924,861,17785,207
2021-08-06,Shasta,089,179085,13631,13284,1838,15122,210
2021-08-06,Sierra,091,2930,83,73,12,85,0
2021-08-06,Siskiyou,093,43540,2168,2030,490,2520,32
2021-08-06,Solano,095,438530,37637,36351,818,37169,262
2021-08-06,Sonoma,097,501317,34664,33594,410,34004,333
2021-08-06,Stanislaus,099,539301,60979,59854,6574,66428,1037
2021-08-06,Sutter,101,95872,10571,10391,112,10503,128
2021-08-06,Tehama,103,63373,5456,5325,647,5972,66
2021-08-06,Trinity,105,12862,534,371,125,496,3
2021-08-06,Tulare,107,460477,52235,51018,10090,61108,854
2021-08-06,Tuolumne,109,53932,4784,4674,45,4719,64
2021-08-06,Ventura,111,848112,86429,85046,3640,88686,1047
2021-08-06,Yolo,113,214977,15792,15299,580,15879,218
2021-08-06,Yuba,115,75493,7079,6904,165,7069,50
2021-08-05,Alameda,001,1643700,100657,98052,2272,100324,1275
2021-08-05,Alpine,003,1148,90,91,0,91,0
2021-08-05,Amador,005,37829,4137,3992,35,4027,48
2021-08-05,Butte,007,227075,13981,13564,2135,15699,206
2021-08-05,Calaveras,009,45235,2488,2397,15,2412,57
2021-08-05,Colusa,011,21464,2105,2036,376,2412,16
2021-08-05,Contra Costa,013,1133247,80847,78514,1586,80100,840
2021-08-05,Del Norte,015,27424,1887,1731,15,1746,8
2021-08-05,El Dorado,017,186661,11862,11408,956,12364,117
2021-08-05,Fresno,019,978130,108635,106219,9408,115627,1747
2021-08-05,Glenn,021,27897,2554,2494,614,3108,20
2021-08-05,Humboldt,023,135768,5702,5328,95,5423,52
2021-08-05,Imperial,025,180216,29628,29383,2805,32188,745
2021-08-05,Inyo,027,18085,1480,1468,15,1483,38
2021-08-05,Kern,029,883053,101876,100091,12569,112660,1358
2021-08-05,Kings,031,150075,24481,23906,1231,25137,249
2021-08-05,Lake,033,64148,4701,4490,25,4515,66
2021-08-05,Lassen,035,31185,5429,5344,127,5471,21
2021-08-05,Los Angeles,037,10098052,1289313,1269445,47112,1316557,24756
2021-08-05,Madera,039,155013,17690,17301,1083,18384,245
2021-08-05,Marin,041,260295,15403,15005,306,15311,239
2021-08-05,Mariposa,043,17540,545,504,11,515,5
2021-08-05,Mendocino,045,87422,4821,4597,111,4708,49
2021-08-05,Merced,047,269075,32738,32381,1156,33537,477
2021-08-05,Modoc,049,8938,431,418,148,566,5
2021-08-05,Mono,051,14174,1328,1309,18,1327,3
2021-08-05,Monterey,053,433212,44392,43992,2080,46072,527
2021-08-05,Napa,055,140530,10796,10591,62,10653,83
2021-08-05,Nevada,057,99092,6171,5778,212,5990,73
2021-08-05,Orange,059,3164182,272951,268329,12552,280881,5149
2021-08-05,Placer,061,380077,27007,25965,2065,28030,305
2021-08-05,Plumas,063,18699,810,787,14,801,5
2021-08-05,Riverside,065,2383286,312175,305415,14868,320283,4562
2021-08-05,Sacramento,067,1510023,122058,118590,2343,120933,1739
2021-08-05,San Benito,069,59416,6372,6305,119,6424,63
2021-08-05,San Bernardino,071,2135413,309757,304956,9569,314525,5284
2021-08-05,San Diego,073,3302833,307973,302220,17722,319942,3806
2021-08-05,San Francisco,075,870044,43822,42301,1704,44005,564
2021-08-05,San Joaquin,077,732212,79819,78151,4073,82224,1468
2021-08-05,San Luis Obispo,079,281455,22979,22362,847,23209,263
2021-08-05,San Mateo,081,765935,46501,45554,655,46209,548
2021-08-05,Santa Barbara,083,443738,36730,36112,1257,37369,470
2021-08-05,Santa Clara,085,1922200,127015,124490,901,125391,2185
2021-08-05,Santa Cruz,087,273765,17284,16867,858,17725,207
2021-08-05,Shasta,089,179085,13573,13217,1830,15047,210
2021-08-05,Sierra,091,2930,78,73,12,85,0
2021-08-05,Siskiyou,093,43540,2147,2024,480,2504,32
2021-08-05,Solano,095,438530,37456,36250,811,37061,262
2021-08-05,Sonoma,097,501317,34529,33455,409,33864,330
2021-08-05,Stanislaus,099,539301,60762,59692,6535,66227,1037
2021-08-05,Sutter,101,95872,10516,10349,112,10461,127
2021-08-05,Tehama,103,63373,5438,5305,644,5949,66
2021-08-05,Trinity,105,12862,528,367,125,492,3
2021-08-05,Tulare,107,460477,52118,50889,10035,60924,854
2021-08-05,Tuolumne,109,53932,4754,4619,45,4664,64
2021-08-05,Ventura,111,848112,86178,84837,3626,88463,1047
2021-08-05,Yolo,113,214977,15725,15250,570,15820,218
2021-08-05,Yuba,115,75493,7036,6872,163,7035,50
2021-08-04,Alameda,001,1643700,100156,97477,2261,99738,1274
2021-08-04,Alpine,003,1148,90,91,0,91,0
2021-08-04,Amador,005,37829,4107,3962,34,3996,48
2021-08-04,Butte,007,227075,13913,13509,2118,15627,205
2021-08-04,Calaveras,009,45235,2463,2374,15,2389,57
2021-08-04,Colusa,011,21464,2093,2025,370,2395,16
2021-08-04,Contra Costa,013,1133247,80331,77966,1581,79547,840
2021-08-04,Del Norte,015,27424,1864,1701,15,1716,8
2021-08-04,El Dorado,017,186661,11784,11319,945,12264,117
2021-08-04,Fresno,019,978130,108267,105899,9367,115266,1747
2021-08-04,Glenn,021,27897,2546,2487,612,3099,20
2021-08-04,Humboldt,023,135768,5626,5271,94,5365,52
2021-08-04,Imperial,025,180216,29580,29375,2803,32178,745
2021-08-04,Inyo,027,18085,1479,1465,15,1480,38
2021-08-04,Kern,029,883053,101626,99868,12484,112352,1358
2021-08-04,Kings,031,150075,24409,23840,1223,25063,250
2021-08-04,Lake,033,64148,4671,4423,20,4443,65
2021-08-04,Lassen,035,31185,5421,5340,127,5467,21
2021-08-04,Los Angeles,037,10098052,1285827,1265788,46949,1312737,24737
2021-08-04,Madera,039,155013,17655,17251,1076,18327,245
2021-08-04,Marin,041,260295,15356,14950,304,15254,239
2021-08-04,Mariposa,043,17540,530,497,11,508,5
2021-08-04,Mendocino,045,87422,4797,4560,107,4667,49
2021-08-04,Merced,047,269075,32600,32274,1151,33425,476
2021-08-04,Modoc,049,8938,431,416,148,564,5
2021-08-04,Mono,051,14174,1324,1307,18,1325,3
2021-08-04,Monterey,053,433212,44327,43926,2069,45995,526
2021-08-04,Napa,055,140530,10759,10544,62,10606,82
2021-08-04,Nevada,057,99092,6107,5702,211,5913,73
2021-08-04,Orange,059,3164182,272077,267199,12513,279712,5146
2021-08-04,Placer,061,380077,26790,25688,2045,27733,305
2021-08-04,Plumas,063,18699,804,784,14,798,5
2021-08-04,Riverside,065,2383286,311250,304272,14842,319114,4562
2021-08-04,Sacramento,067,1510023,121300,117882,2317,120199,1736
2021-08-04,San Benito,069,59416,6357,6300,119,6419,63
2021-08-04,San Bernardino,071,2135413,308901,304164,9551,313715,5285
2021-08-04,San Diego,073,3302833,306459,301100,17656,318756,3805
2021-08-04,San Francisco,075,870044,43568,41913,1691,43604,562
2021-08-04,San Joaquin,077,732212,79462,77846,4061,81907,1466
2021-08-04,San Luis Obispo,079,281455,22871,22245,841,23086,262
2021-08-04,San Mateo,081,765935,46329,45392,654,46046,548
2021-08-04,Santa Barbara,083,443738,36601,36013,1249,37262,470
2021-08-04,Santa Clara,085,1922200,126624,124127,894,125021,2183
2021-08-04,Santa Cruz,087,273765,17222,16820,851,17671,208
2021-08-04,Shasta,089,179085,13522,13134,1819,14953,211
2021-08-04,Sierra,091,2930,78,73,12,85,0
2021-08-04,Siskiyou,093,43540,2127,2010,475,2485,32
2021-08-04,Solano,095,438530,37256,36025,802,36827,262
2021-08-04,Sonoma,097,501317,34357,33311,407,33718,330
2021-08-04,Stanislaus,099,539301,60538,59396,6497,65893,1037
2021-08-04,Sutter,101,95872,10479,10294,112,10406,127
2021-08-04,Tehama,103,63373,5412,5281,639,5920,66
2021-08-04,Trinity,105,12862,526,362,122,484,3
2021-08-04,Tulare,107,460477,52008,50797,9991,60788,855
2021-08-04,Tuolumne,109,53932,4729,4584,45,4629,64
2021-08-04,Ventura,111,848112,85920,84406,3604,88010,1047
2021-08-04,Yolo,113,214977,15646,15189,557,15746,215
2021-08-04,Yuba,115,75493,6996,6827,161,6988,50
2021-08-03,Alameda,001,1643700,99709,97275,2256,99531,1270
2021-08-03,Alpine,003,1148,90,91,0,91,0
2021-08-03,Amador,005,37829,4071,3953,34,3987,48
2021-08-03,Butte,007,227075,13845,13468,2103,15571,205
2021-08-03,Calaveras,009,45235,2441,2356,15,2371,57
2021-08-03,Colusa,011,21464,2080,2023,364,2387,16
2021-08-03,Contra Costa,013,1133247,79849,77739,1574,79313,836
2021-08-03,Del Norte,015,27424,1832,1691,14,1705,8
2021-08-03,El Dorado,017,186661,11694,11255,935,12190,117
2021-08-03,Fresno,019,978130,107905,105732,9335,115067,1746
2021-08-03,Glenn,021,27897,2539,2481,606,3087,20
2021-08-03,Humboldt,023,135768,5561,5199,89,5288,52
2021-08-03,Imperial,025,180216,29558,29333,2796,32129,745
2021-08-03,Inyo,027,18085,1476,1459,15,1474,38
2021-08-03,Kern,029,883053,101364,99708,12405,112113,1358
2021-08-03,Kings,031,150075,24321,23780,1216,24996,249
2021-08-03,Lake,033,64148,4615,4408,16,4424,66
2021-08-03,Lassen,035,31185,5411,5341,127,5468,21
2021-08-03,Los Angeles,037,10098052,1282088,1262678,46769,1309447,24721
2021-08-03,Madera,039,155013,17614,17220,1061,18281,245
2021-08-03,Marin,041,260295,15307,14906,301,15207,243
2021-08-03,Mariposa,043,17540,519,495,11,506,5
2021-08-03,Mendocino,045,87422,4748,4546,106,4652,49
2021-08-03,Merced,047,269075,32517,32197,1149,33346,476
2021-08-03,Modoc,049,8938,431,416,148,564,5
2021-08-03,Mono,051,14174,1319,1303,18,1321,3
2021-08-03,Monterey,053,433212,44263,43872,2056,45928,525
2021-08-03,Napa,055,140530,10716,10527,61,10588,82
2021-08-03,Nevada,057,99092,6026,5685,210,5895,73
2021-08-03,Orange,059,3164182,271338,266649,12483,279132,5146
2021-08-03,Placer,061,380077,26589,25624,2021,27645,305
2021-08-03,Plumas,063,18699,797,779,14,793,5
2021-08-03,Riverside,065,2383286,310326,303499,14815,318314,4562
2021-08-03,Sacramento,067,1510023,120555,117591,2296,119887,1732
2021-08-03,San Benito,069,59416,6342,6284,118,6402,63
2021-08-03,San Bernardino,071,2135413,307980,303386,9531,312917,5265
2021-08-03,San Diego,073,3302833,305020,300189,17546,317735,3803
2021-08-03,San Francisco,075,870044,43286,41758,1671,43429,562
2021-08-03,San Joaquin,077,732212,79113,77615,4040,81655,1461
2021-08-03,San Luis Obispo,079,281455,22731,22166,834,23000,264
2021-08-03,San Mateo,081,765935,46137,45255,649,45904,548
2021-08-03,Santa Barbara,083,443738,36482,35912,1243,37155,469
2021-08-03,Santa Clara,085,1922200,126203,123914,888,124802,2183
2021-08-03,Santa Cruz,087,273765,17156,16778,848,17626,207
2021-08-03,Shasta,089,179085,13448,13091,1808,14899,211
2021-08-03,Sierra,091,2930,78,72,12,84,0
2021-08-03,Siskiyou,093,43540,2116,1998,470,2468,32
2021-08-03,Solano,095,438530,37036,35953,790,36743,261
2021-08-03,Sonoma,097,501317,34176,33243,406,33649,330
2021-08-03,Stanislaus,099,539301,60317,59282,6478,65760,1037
2021-08-03,Sutter,101,95872,10439,10263,111,10374,127
2021-08-03,Tehama,103,63373,5387,5269,634,5903,66
2021-08-03,Trinity,105,12862,523,361,119,480,3
2021-08-03,Tulare,107,460477,51913,50729,9945,60674,854
2021-08-03,Tuolumne,109,53932,4694,4563,45,4608,64
2021-08-03,Ventura,111,848112,85676,84270,3583,87853,1046
2021-08-03,Yolo,113,214977,15554,15149,543,15692,215
2021-08-03,Yuba,115,75493,6959,6781,159,6940,50
2021-08-02,Alameda,001,1643700,99152,96954,2251,99205,1270
2021-08-02,Alpine,003,1148,90,91,0,91,0
2021-08-02,Amador,005,37829,4051,3927,34,3961,48
2021-08-02,Butte,007,227075,13765,13442,2084,15526,205
2021-08-02,Calaveras,009,45235,2416,2347,15,2362,57
2021-08-02,Colusa,011,21464,2068,2019,361,2380,16
2021-08-02,Contra Costa,013,1133247,79340,77516,1560,79076,836
2021-08-02,Del Norte,015,27424,1802,1653,14,1667,8
2021-08-02,El Dorado,017,186661,11590,11226,921,12147,116
2021-08-02,Fresno,019,978130,107558,105471,9298,114769,1744
2021-08-02,Glenn,021,27897,2531,2477,603,3080,20
2021-08-02,Humboldt,023,135768,5478,5161,87,5248,52
2021-08-02,Imperial,025,180216,29525,29302,2793,32095,743
2021-08-02,Inyo,027,18085,1470,1455,15,1470,38
2021-08-02,Kern,029,883053,101109,99556,12312,111868,1357
2021-08-02,Kings,031,150075,24251,23722,1210,24932,249
2021-08-02,Lake,033,64148,4572,4375,16,4391,66
2021-08-02,Lassen,035,31185,5388,5338,125,5463,21
2021-08-02,Los Angeles,037,10098052,1278367,1260807,46560,1307367,24705
2021-08-02,Madera,039,155013,17570,17158,1048,18206,245
2021-08-02,Marin,041,260295,15264,14859,299,15158,239
2021-08-02,Mariposa,043,17540,510,490,11,501,5
2021-08-02,Mendocino,045,87422,4708,4512,103,4615,49
2021-08-02,Merced,047,269075,32419,32163,1142,33305,474
2021-08-02,Modoc,049,8938,431,415,148,563,5
2021-08-02,Mono,051,14174,1312,1296,18,1314,3
2021-08-02,Monterey,053,433212,44203,43842,2048,45890,525
2021-08-02,Napa,055,140530,10673,10490,58,10548,82
2021-08-02,Nevada,057,99092,5955,5611,209,5820,73
2021-08-02,Orange,059,3164182,270424,266050,12437,278487,5146
2021-08-02,Placer,061,380077,26442,25516,1987,27503,306
2021-08-02,Plumas,063,18699,790,762,14,776,5
2021-08-02,Riverside,065,2383286,309388,302756,14800,317556,4562
2021-08-02,Sacramento,067,1510023,119858,117183,2275,119458,1728
2021-08-02,San Benito,069,59416,6323,6276,117,6393,63
2021-08-02,San Bernardino,071,2135413,307104,303000,9499,312499,5253
2021-08-02,San Diego,073,3302833,303540,299021,17466,316487,3798
2021-08-02,San Francisco,075,870044,43000,41553,1647,43200,562
2021-08-02,San Joaquin,077,732212,78770,77447,4013,81460,1461
2021-08-02,San Luis Obispo,079,281455,22637,22093,827,22920,261
2021-08-02,San Mateo,081,765935,45960,45154,636,45790,548
2021-08-02,Santa Barbara,083,443738,36343,35851,1237,37088,469
2021-08-02,Santa Clara,085,1922200,125733,123655,880,124535,2183
2021-08-02,Santa Cruz,087,273765,17098,16746,844,17590,207
2021-08-02,Shasta,089,179085,13385,13049,1794,14843,212
2021-08-02,Sierra,091,2930,78,71,12,83,0
2021-08-02,Siskiyou,093,43540,2105,1992,456,2448,31
2021-08-02,Solano,095,438530,36788,35852,777,36629,260
2021-08-02,Sonoma,097,501317,33950,33132,401,33533,330
2021-08-02,Stanislaus,099,539301,60098,59160,6450,65610,1037
2021-08-02,Sutter,101,95872,10393,10220,111,10331,127
2021-08-02,Tehama,103,63373,5363,5260,630,5890,66
2021-08-02,Trinity,105,12862,518,359,118,477,3
2021-08-02,Tulare,107,460477,51811,50640,9871,60511,854
2021-08-02,Tuolumne,109,53932,4627,4524,45,4569,64
2021-08-02,Ventura,111,848112,85491,84143,3560,87703,1044
2021-08-02,Yolo,113,214977,15456,15072,525,15597,215
2021-08-02,Yuba,115,75493,6917,6743,156,6899,50
2021-08-01,Alameda,001,1643700,98619,96775,2245,99020,1270
2021-08-01,Alpine,003,1148,90,91,0,91,0
2021-08-01,Amador,005,37829,4013,3923,34,3957,48
2021-08-01,Butte,007,227075,13684,13406,2067,15473,205
2021-08-01,Calaveras,009,45235,2392,2341,15,2356,57
2021-08-01,Colusa,011,21464,2057,2014,359,2373,16
2021-08-01,Contra Costa,013,1133247,78905,77360,1552,78912,836
2021-08-01,Del Norte,015,27424,1770,1642,14,1656,8
2021-08-01,El Dorado,017,186661,11489,11189,910,12099,116
2021-08-01,Fresno,019,978130,107232,105339,9251,114590,1744
2021-08-01,Glenn,021,27897,2525,2476,600,3076,20
2021-08-01,Humboldt,023,135768,5401,5118,83,5201,52
2021-08-01,Imperial,025,180216,29490,29297,2788,32085,743
2021-08-01,Inyo,027,18085,1468,1454,15,1469,38
2021-08-01,Kern,029,883053,100831,99396,12238,111634,1357
2021-08-01,Kings,031,150075,24164,23700,1205,24905,249
2021-08-01,Lake,033,64148,4493,4356,16,4372,66
2021-08-01,Lassen,035,31185,5375,5336,123,5459,21
2021-08-01,Los Angeles,037,10098052,1274680,1258461,46336,1304797,24700
2021-08-01,Madera,039,155013,17513,17146,1043,18189,245
2021-08-01,Marin,041,260295,15187,14844,298,15142,239
2021-08-01,Mariposa,043,17540,503,482,11,493,5
2021-08-01,Mendocino,045,87422,4662,4476,99,4575,49
2021-08-01,Merced,047,269075,32328,32144,1136,33280,474
2021-08-01,Modoc,049,8938,429,413,148,561,5
2021-08-01,Mono,051,14174,1309,1294,18,1312,3
2021-08-01,Monterey,053,433212,44156,43808,2035,45843,525
2021-08-01,Napa,055,140530,10625,10473,56,10529,82
2021-08-01,Nevada,057,99092,5868,5561,208,5769,73
2021-08-01,Orange,059,3164182,269611,265467,12394,277861,5146
2021-08-01,Placer,061,380077,26227,25464,1957,27421,306
2021-08-01,Plumas,063,18699,784,761,14,775,5
2021-08-01,Riverside,065,2383286,308455,302256,14782,317038,4562
2021-08-01,Sacramento,067,1510023,119122,116923,2259,119182,1727
2021-08-01,San Benito,069,59416,6306,6271,117,6388,63
2021-08-01,San Bernardino,071,2135413,306169,302542,9489,312031,5248
2021-08-01,San Diego,073,3302833,302354,298002,17401,315403,3798
2021-08-01,San Francisco,075,870044,42662,41432,1634,43066,562
2021-08-01,San Joaquin,077,732212,78403,77338,3986,81324,1461
2021-08-01,San Luis Obispo,079,281455,22534,22083,822,22905,261
2021-08-01,San Mateo,081,765935,45778,45036,628,45664,548
2021-08-01,Santa Barbara,083,443738,36219,35809,1233,37042,469
2021-08-01,Santa Clara,085,1922200,125321,123511,872,124383,2183
2021-08-01,Santa Cruz,087,273765,17019,16709,837,17546,207
2021-08-01,Shasta,089,179085,13314,13036,1785,14821,212
2021-08-01,Sierra,091,2930,76,71,12,83,0
2021-08-01,Siskiyou,093,43540,2099,1989,450,2439,31
2021-08-01,Solano,095,438530,36553,35800,768,36568,260
2021-08-01,Sonoma,097,501317,33758,33076,398,33474,330
2021-08-01,Stanislaus,099,539301,59861,59078,6418,65496,1037
2021-08-01,Sutter,101,95872,10338,10198,108,10306,127
2021-08-01,Tehama,103,63373,5346,5252,626,5878,66
2021-08-01,Trinity,105,12862,515,359,117,476,3
2021-08-01,Tulare,107,460477,51654,50600,9810,60410,854
2021-08-01,Tuolumne,109,53932,4589,4489,45,4534,64
2021-08-01,Ventura,111,848112,85261,84040,3545,87585,1044
2021-08-01,Yolo,113,214977,15384,15042,516,15558,215
2021-08-01,Yuba,115,75493,6880,6721,155,6876,50
2021-07-31,Alameda,001,1643700,98287,95279,2239,97518,1265
2021-07-31,Alpine,003,1148,90,89,0,89,0
2021-07-31,Amador,005,37829,3993,3877,34,3911,48
2021-07-31,Butte,007,227075,13651,13235,2047,15282,205
2021-07-31,Calaveras,009,45235,2383,2294,15,2309,57
2021-07-31,Colusa,011,21464,2051,2006,357,2363,16
2021-07-31,Contra Costa,013,1133247,78626,75866,1550,77416,832
2021-07-31,Del Norte,015,27424,1744,1576,14,1590,8
2021-07-31,El Dorado,017,186661,11436,11017,904,11921,116
2021-07-31,Fresno,019,978130,107073,104639,9237,113876,1744
2021-07-31,Glenn,021,27897,2520,2465,595,3060,20
2021-07-31,Humboldt,023,135768,5346,4978,82,5060,52
2021-07-31,Imperial,025,180216,29473,29164,2785,31949,743
2021-07-31,Inyo,027,18085,1465,1442,15,1457,38
2021-07-31,Kern,029,883053,100666,98903,12179,111082,1357
2021-07-31,Kings,031,150075,24111,23548,1200,24748,248
2021-07-31,Lake,033,64148,4468,4238,16,4254,66
2021-07-31,Lassen,035,31185,5368,5320,123,5443,21
2021-07-31,Los Angeles,037,10098052,1272484,1248545,46189,1294734,24691
2021-07-31,Madera,039,155013,17480,17058,1037,18095,245
2021-07-31,Marin,041,260295,15143,14701,297,14998,239
2021-07-31,Mariposa,043,17540,494,470,11,481,5
2021-07-31,Mendocino,045,87422,4637,4400,96,4496,49
2021-07-31,Merced,047,269075,32280,31959,1131,33090,474
2021-07-31,Modoc,049,8938,429,413,148,561,5
2021-07-31,Mono,051,14174,1307,1287,18,1305,3
2021-07-31,Monterey,053,433212,44116,43720,2025,45745,525
2021-07-31,Napa,055,140530,10605,10401,55,10456,82
2021-07-31,Nevada,057,99092,5829,5373,207,5580,72
2021-07-31,Orange,059,3164182,269037,263446,12375,275821,5144
2021-07-31,Placer,061,380077,26094,25104,1950,27054,306
2021-07-31,Plumas,063,18699,781,743,14,757,5
2021-07-31,Riverside,065,2383286,307839,300315,14772,315087,4554
2021-07-31,Sacramento,067,1510023,118710,115259,2253,117512,1720
2021-07-31,San Benito,069,59416,6295,6251,117,6368,63
2021-07-31,San Bernardino,071,2135413,305598,300726,9486,310212,5240
2021-07-31,San Diego,073,3302833,301681,295054,17355,312409,3798
2021-07-31,San Francisco,075,870044,42434,40412,1614,42026,562
2021-07-31,San Joaquin,077,732212,78238,76575,3973,80548,1443
2021-07-31,San Luis Obispo,079,281455,22480,21922,820,22742,260
2021-07-31,San Mateo,081,765935,45621,44622,623,45245,548
2021-07-31,Santa Barbara,083,443738,36138,35531,1232,36763,467
2021-07-31,Santa Clara,085,1922200,125066,122614,870,123484,2099
2021-07-31,Santa Cruz,087,273765,16980,16576,836,17412,207
2021-07-31,Shasta,089,179085,13277,12918,1777,14695,212
2021-07-31,Sierra,091,2930,76,68,12,80,0
2021-07-31,Siskiyou,093,43540,2090,1976,444,2420,31
2021-07-31,Solano,095,438530,36452,35340,760,36100,263
2021-07-31,Sonoma,097,501317,33632,32601,398,32999,329
2021-07-31,Stanislaus,099,539301,59702,58586,6395,64981,1035
2021-07-31,Sutter,101,95872,10304,10068,107,10175,127
2021-07-31,Tehama,103,63373,5331,5216,623,5839,66
2021-07-31,Trinity,105,12862,514,354,116,470,3
2021-07-31,Tulare,107,460477,51565,50409,9757,60166,854
2021-07-31,Tuolumne,109,53932,4550,4362,45,4407,64
2021-07-31,Ventura,111,848112,85100,83509,3528,87037,1044
2021-07-31,Yolo,113,214977,15336,14863,505,15368,215
2021-07-31,Yuba,115,75493,6857,6615,151,6766,50
2021-07-30,Alameda,001,1643700,97954,95279,2235,97514,1265
2021-07-30,Alpine,003,1148,90,89,0,89,0
2021-07-30,Amador,005,37829,3970,3877,34,3911,48
2021-07-30,Butte,007,227075,13596,13235,2034,15269,205
2021-07-30,Calaveras,009,45235,2373,2294,15,2309,57
2021-07-30,Colusa,011,21464,2047,2006,355,2361,16
2021-07-30,Contra Costa,013,1133247,78382,75866,1546,77412,832
2021-07-30,Del Norte,015,27424,1726,1576,14,1590,8
2021-07-30,El Dorado,017,186661,11403,11017,898,11915,116
2021-07-30,Fresno,019,978130,106879,104639,9225,113864,1744
2021-07-30,Glenn,021,27897,2515,2465,594,3059,20
2021-07-30,Humboldt,023,135768,5282,4978,79,5057,52
2021-07-30,Imperial,025,180216,29459,29164,2782,31946,743
2021-07-30,Inyo,027,18085,1464,1442,15,1457,38
2021-07-30,Kern,029,883053,100542,98903,12132,111035,1357
2021-07-30,Kings,031,150075,24071,23548,1196,24744,248
2021-07-30,Lake,033,64148,4440,4238,16,4254,66
2021-07-30,Lassen,035,31185,5364,5320,123,5443,21
2021-07-30,Los Angeles,037,10098052,1270163,1248545,46038,1294583,24691
2021-07-30,Madera,039,155013,17438,17058,1034,18092,245
2021-07-30,Marin,041,260295,15109,14701,297,14998,239
2021-07-30,Mariposa,043,17540,490,470,11,481,5
2021-07-30,Mendocino,045,87422,4607,4400,95,4495,49
2021-07-30,Merced,047,269075,32239,31959,1127,33086,474
2021-07-30,Modoc,049,8938,427,413,148,561,5
2021-07-30,Mono,051,14174,1302,1287,18,1305,3
2021-07-30,Monterey,053,433212,44082,43720,2016,45736,525
2021-07-30,Napa,055,140530,10583,10401,54,10455,82
2021-07-30,Nevada,057,99092,5772,5373,207,5580,72
2021-07-30,Orange,059,3164182,268411,263446,12349,275795,5144
2021-07-30,Placer,061,380077,26005,25104,1932,27036,306
2021-07-30,Plumas,063,18699,776,743,14,757,5
2021-07-30,Riverside,065,2383286,307201,300315,14762,315077,4554
2021-07-30,Sacramento,067,1510023,118259,115259,2249,117508,1720
2021-07-30,San Benito,069,59416,6288,6251,117,6368,63
2021-07-30,San Bernardino,071,2135413,305084,300726,9480,310206,5240
2021-07-30,San Diego,073,3302833,300907,295054,17297,312351,3798
2021-07-30,San Francisco,075,870044,42221,40412,1599,42011,562
2021-07-30,San Joaquin,077,732212,78084,76575,3968,80543,1443
2021-07-30,San Luis Obispo,079,281455,22442,21922,816,22738,260
2021-07-30,San Mateo,081,765935,45496,44622,610,45232,548
2021-07-30,Santa Barbara,083,443738,36069,35531,1226,36757,467
2021-07-30,Santa Clara,085,1922200,124842,122614,868,123482,2099
2021-07-30,Santa Cruz,087,273765,16954,16576,834,17410,207
2021-07-30,Shasta,089,179085,13232,12918,1777,14695,212
2021-07-30,Sierra,091,2930,75,68,12,80,0
2021-07-30,Siskiyou,093,43540,2081,1976,443,2419,31
2021-07-30,Solano,095,438530,36361,35340,744,36084,263
2021-07-30,Sonoma,097,501317,33537,32601,398,32999,329
2021-07-30,Stanislaus,099,539301,59556,58586,6375,64961,1035
2021-07-30,Sutter,101,95872,10269,10068,107,10175,127
2021-07-30,Tehama,103,63373,5320,5216,623,5839,66
2021-07-30,Trinity,105,12862,514,354,116,470,3
2021-07-30,Tulare,107,460477,51522,50409,9722,60131,854
2021-07-30,Tuolumne,109,53932,4532,4362,45,4407,64
2021-07-30,Ventura,111,848112,84936,83509,3513,87022,1044
2021-07-30,Yolo,113,214977,15275,14863,501,15364,215
2021-07-30,Yuba,115,75493,6821,6615,150,6765,50
2021-07-29,Alameda,001,1643700,97535,95279,2229,97508,1265
2021-07-29,Alpine,003,1148,90,89,0,89,0
2021-07-29,Amador,005,37829,3951,3877,34,3911,48
2021-07-29,Butte,007,227075,13549,13235,2026,15261,205
2021-07-29,Calaveras,009,45235,2358,2294,15,2309,57
2021-07-29,Colusa,011,21464,2040,2006,355,2361,16
2021-07-29,Contra Costa,013,1133247,77943,75866,1542,77408,832
2021-07-29,Del Norte,015,27424,1702,1576,14,1590,8
2021-07-29,El Dorado,017,186661,11339,11017,886,11903,116
2021-07-29,Fresno,019,978130,106614,104639,9197,113836,1744
2021-07-29,Glenn,021,27897,2505,2465,593,3058,20
2021-07-29,Humboldt,023,135768,5222,4978,77,5055,52
2021-07-29,Imperial,025,180216,29414,29164,2780,31944,743
2021-07-29,Inyo,027,18085,1460,1442,15,1457,38
2021-07-29,Kern,029,883053,100335,98903,12054,110957,1357
2021-07-29,Kings,031,150075,24025,23548,1192,24740,248
2021-07-29,Lake,033,64148,4405,4238,16,4254,66
2021-07-29,Lassen,035,31185,5356,5320,120,5440,21
2021-07-29,Los Angeles,037,10098052,1267070,1248545,45854,1294399,24691
2021-07-29,Madera,039,155013,17391,17058,1030,18088,245
2021-07-29,Marin,041,260295,15066,14701,297,14998,239
2021-07-29,Mariposa,043,17540,486,470,11,481,5
2021-07-29,Mendocino,045,87422,4584,4400,93,4493,49
2021-07-29,Merced,047,269075,32184,31959,1127,33086,474
2021-07-29,Modoc,049,8938,427,413,148,561,5
2021-07-29,Mono,051,14174,1300,1287,18,1305,3
2021-07-29,Monterey,053,433212,44033,43720,2006,45726,525
2021-07-29,Napa,055,140530,10551,10401,52,10453,82
2021-07-29,Nevada,057,99092,5720,5373,206,5579,72
2021-07-29,Orange,059,3164182,267699,263446,12317,275763,5144
2021-07-29,Placer,061,380077,25882,25104,1917,27021,306
2021-07-29,Plumas,063,18699,768,743,14,757,5
2021-07-29,Riverside,065,2383286,306496,300315,14738,315053,4554
2021-07-29,Sacramento,067,1510023,117704,115259,2236,117495,1720
2021-07-29,San Benito,069,59416,6277,6251,117,6368,63
2021-07-29,San Bernardino,071,2135413,304446,300726,9470,310196,5240
2021-07-29,San Diego,073,3302833,299850,295054,17229,312283,3798
2021-07-29,San Francisco,075,870044,41974,40412,1578,41990,562
2021-07-29,San Joaquin,077,732212,77828,76575,3960,80535,1443
2021-07-29,San Luis Obispo,079,281455,22388,21922,814,22736,260
2021-07-29,San Mateo,081,765935,45369,44622,600,45222,548
2021-07-29,Santa Barbara,083,443738,35983,35531,1225,36756,467
2021-07-29,Santa Clara,085,1922200,124545,122614,865,123479,2099
2021-07-29,Santa Cruz,087,273765,16901,16576,832,17408,207
2021-07-29,Shasta,089,179085,13178,12918,1768,14686,212
2021-07-29,Sierra,091,2930,75,68,12,80,0
2021-07-29,Siskiyou,093,43540,2076,1976,441,2417,31
2021-07-29,Solano,095,438530,36201,35340,734,36074,263
2021-07-29,Sonoma,097,501317,33363,32601,396,32997,329
2021-07-29,Stanislaus,099,539301,59384,58586,6360,64946,1035
2021-07-29,Sutter,101,95872,10223,10068,106,10174,127
2021-07-29,Tehama,103,63373,5308,5216,617,5833,66
2021-07-29,Trinity,105,12862,512,354,115,469,3
2021-07-29,Tulare,107,460477,51432,50409,9682,60091,854
2021-07-29,Tuolumne,109,53932,4492,4362,44,4406,64
2021-07-29,Ventura,111,848112,84770,83509,3506,87015,1044
2021-07-29,Yolo,113,214977,15206,14863,487,15350,215
2021-07-29,Yuba,115,75493,6772,6615,147,6762,50
2021-07-28,Alameda,001,1643700,97068,94965,2222,97187,1262
2021-07-28,Alpine,003,1148,90,89,0,89,0
2021-07-28,Amador,005,37829,3937,3870,34,3904,48
2021-07-28,Butte,007,227075,13492,13184,2013,15197,205
2021-07-28,Calaveras,009,45235,2337,2289,15,2304,57
2021-07-28,Colusa,011,21464,2037,2001,354,2355,16
2021-07-28,Contra Costa,013,1133247,77456,75487,1534,77021,832
2021-07-28,Del Norte,015,27424,1669,1545,14,1559,8
2021-07-28,El Dorado,017,186661,11290,10967,876,11843,116
2021-07-28,Fresno,019,978130,106366,104458,9176,113634,1744
2021-07-28,Glenn,021,27897,2502,2464,590,3054,20
2021-07-28,Humboldt,023,135768,5171,4946,76,5022,52
2021-07-28,Imperial,025,180216,29367,29096,2780,31876,743
2021-07-28,Inyo,027,18085,1454,1439,14,1453,38
2021-07-28,Kern,029,883053,100179,98781,12008,110789,1352
2021-07-28,Kings,031,150075,23961,23503,1182,24685,248
2021-07-28,Lake,033,64148,4359,4191,15,4206,65
2021-07-28,Lassen,035,31185,5348,5318,120,5438,21
2021-07-28,Los Angeles,037,10098052,1263905,1245485,45667,1291152,24673
2021-07-28,Madera,039,155013,17350,17024,1024,18048,245
2021-07-28,Marin,041,260295,15011,14652,297,14949,239
2021-07-28,Mariposa,043,17540,479,469,11,480,5
2021-07-28,Mendocino,045,87422,4556,4377,93,4470,49
2021-07-28,Merced,047,269075,32128,31886,1123,33009,474
2021-07-28,Modoc,049,8938,425,413,148,561,5
2021-07-28,Mono,051,14174,1299,1286,18,1304,3
2021-07-28,Monterey,053,433212,43986,43668,1996,45664,524
2021-07-28,Napa,055,140530,10511,10376,50,10426,82
2021-07-28,Nevada,057,99092,5666,5320,206,5526,72
2021-07-28,Orange,059,3164182,266906,262735,12287,275022,5143
2021-07-28,Placer,061,380077,25735,24978,1901,26879,306
2021-07-28,Plumas,063,18699,763,754,14,768,5
2021-07-28,Riverside,065,2383286,305729,299611,14719,314330,4554
2021-07-28,Sacramento,067,1510023,117053,114665,2216,116881,1714
2021-07-28,San Benito,069,59416,6266,6236,117,6353,63
2021-07-28,San Bernardino,071,2135413,303825,300121,9458,309579,5236
2021-07-28,San Diego,073,3302833,298577,294176,17156,311332,3798
2021-07-28,San Francisco,075,870044,41671,40144,1552,41696,561
2021-07-28,San Joaquin,077,732212,77577,76312,3930,80242,1443
2021-07-28,San Luis Obispo,079,281455,22329,21865,813,22678,260
2021-07-28,San Mateo,081,765935,45219,44477,591,45068,547
2021-07-28,Santa Barbara,083,443738,35908,35431,1220,36651,467
2021-07-28,Santa Clara,085,1922200,124284,122345,863,123208,2099
2021-07-28,Santa Cruz,087,273765,16863,16551,831,17382,207
2021-07-28,Shasta,089,179085,13133,12882,1758,14640,212
2021-07-28,Sierra,091,2930,71,67,12,79,0
2021-07-28,Siskiyou,093,43540,2067,1971,438,2409,31
2021-07-28,Solano,095,438530,36027,35204,727,35931,262
2021-07-28,Sonoma,097,501317,33220,32434,393,32827,328
2021-07-28,Stanislaus,099,539301,59187,58427,6344,64771,1035
2021-07-28,Sutter,101,95872,10191,10033,105,10138,126
2021-07-28,Tehama,103,63373,5296,5209,614,5823,66
2021-07-28,Trinity,105,12862,511,352,115,467,3
2021-07-28,Tulare,107,460477,51344,50363,9635,59998,854
2021-07-28,Tuolumne,109,53932,4453,4313,44,4357,64
2021-07-28,Ventura,111,848112,84574,83360,3490,86850,1043
2021-07-28,Yolo,113,214977,15134,14801,478,15279,215
2021-07-28,Yuba,115,75493,6739,6591,146,6737,51
2021-07-27,Alameda,001,1643700,96663,94682,2213,96895,1256
2021-07-27,Alpine,003,1148,90,89,0,89,0
2021-07-27,Amador,005,37829,3921,3861,34,3895,48
2021-07-27,Butte,007,227075,13444,13127,2002,15129,205
2021-07-27,Calaveras,009,45235,2326,2280,15,2295,57
2021-07-27,Colusa,011,21464,2028,1999,353,2352,16
2021-07-27,Contra Costa,013,1133247,76971,75227,1530,76757,830
2021-07-27,Del Norte,015,27424,1649,1538,14,1552,8
2021-07-27,El Dorado,017,186661,11230,10941,866,11807,116
2021-07-27,Fresno,019,978130,106073,104288,9152,113440,1746
2021-07-27,Glenn,021,27897,2494,2460,588,3048,20
2021-07-27,Humboldt,023,135768,5117,4925,75,5000,52
2021-07-27,Imperial,025,180216,29322,29048,2779,31827,743
2021-07-27,Inyo,027,18085,1452,1430,14,1444,38
2021-07-27,Kern,029,883053,100009,98724,11952,110676,1352
2021-07-27,Kings,031,150075,23904,23463,1172,24635,248
2021-07-27,Lake,033,64148,4320,4157,15,4172,65
2021-07-27,Lassen,035,31185,5342,5315,120,5435,21
2021-07-27,Los Angeles,037,10098052,1260448,1243336,45456,1288792,24658
2021-07-27,Madera,039,155013,17297,16998,1018,18016,245
2021-07-27,Marin,041,260295,14963,14631,294,14925,239
2021-07-27,Mariposa,043,17540,476,468,11,479,5
2021-07-27,Mendocino,045,87422,4533,4371,93,4464,49
2021-07-27,Merced,047,269075,32061,31825,1120,32945,473
2021-07-27,Modoc,049,8938,424,413,148,561,5
2021-07-27,Mono,051,14174,1295,1288,18,1306,3
2021-07-27,Monterey,053,433212,43946,43646,1985,45631,523
2021-07-27,Napa,055,140530,10481,10354,50,10404,82
2021-07-27,Nevada,057,99092,5589,5305,204,5509,72
2021-07-27,Orange,059,3164182,266162,262193,12262,274455,5143
2021-07-27,Placer,061,380077,25576,24916,1875,26791,306
2021-07-27,Plumas,063,18699,760,752,14,766,5
2021-07-27,Riverside,065,2383286,305000,299160,14700,313860,4554
2021-07-27,Sacramento,067,1510023,116450,114413,2207,116620,1710
2021-07-27,San Benito,069,59416,6257,6229,117,6346,63
2021-07-27,San Bernardino,071,2135413,303138,299593,9436,309029,5236
2021-07-27,San Diego,073,3302833,297488,293408,17077,310485,3798
2021-07-27,San Francisco,075,870044,41314,39939,1534,41473,561
2021-07-27,San Joaquin,077,732212,77314,76166,3911,80077,1442
2021-07-27,San Luis Obispo,079,281455,22274,21803,804,22607,260
2021-07-27,San Mateo,081,765935,45068,44378,588,44966,547
2021-07-27,Santa Barbara,083,443738,35813,35355,1218,36573,467
2021-07-27,Santa Clara,085,1922200,123990,122154,861,123015,2099
2021-07-27,Santa Cruz,087,273765,16817,16523,830,17353,207
2021-07-27,Shasta,089,179085,13083,12846,1745,14591,212
2021-07-27,Sierra,091,2930,71,65,12,77,0
2021-07-27,Siskiyou,093,43540,2062,1964,435,2399,31
2021-07-27,Solano,095,438530,35895,35093,717,35810,261
2021-07-27,Sonoma,097,501317,33076,32367,391,32758,328
2021-07-27,Stanislaus,099,539301,59018,58333,6316,64649,1033
2021-07-27,Sutter,101,95872,10150,9998,105,10103,115
2021-07-27,Tehama,103,63373,5275,5192,612,5804,66
2021-07-27,Trinity,105,12862,510,351,115,466,3
2021-07-27,Tulare,107,460477,51278,50324,9604,59928,854
2021-07-27,Tuolumne,109,53932,4401,4282,44,4326,64
2021-07-27,Ventura,111,848112,84366,83189,3478,86667,1043
2021-07-27,Yolo,113,214977,15060,14759,473,15232,215
2021-07-27,Yuba,115,75493,6717,6564,144,6708,51
2021-07-26,Alameda,001,1643700,96219,94436,2207,96643,1259
2021-07-26,Alpine,003,1148,90,89,0,89,0
2021-07-26,Amador,005,37829,3911,3854,34,3888,48
2021-07-26,Butte,007,227075,13389,13082,1991,15073,203
2021-07-26,Calaveras,009,45235,2320,2276,15,2291,57
2021-07-26,Colusa,011,21464,2021,1996,351,2347,16
2021-07-26,Contra Costa,013,1133247,76474,74854,1523,76377,830
2021-07-26,Del Norte,015,27424,1628,1530,14,1544,8
2021-07-26,El Dorado,017,186661,11166,10899,863,11762,116
2021-07-26,Fresno,019,978130,105869,104143,9128,113271,1742
2021-07-26,Glenn,021,27897,2492,2461,587,3048,20
2021-07-26,Humboldt,023,135768,5078,4906,73,4979,52
2021-07-26,Imperial,025,180216,29282,29034,2779,31813,743
2021-07-26,Inyo,027,18085,1447,1429,14,1443,38
2021-07-26,Kern,029,883053,99843,98633,11887,110520,1351
2021-07-26,Kings,031,150075,23855,23426,1168,24594,247
2021-07-26,Lake,033,64148,4299,4133,15,4148,65
2021-07-26,Lassen,035,31185,5338,5314,120,5434,21
2021-07-26,Los Angeles,037,10098052,1257110,1241527,45284,1286811,24647
2021-07-26,Madera,039,155013,17269,16971,1011,17982,245
2021-07-26,Marin,041,260295,14906,14579,293,14872,239
2021-07-26,Mariposa,043,17540,475,467,11,478,5
2021-07-26,Mendocino,045,87422,4512,4354,93,4447,49
2021-07-26,Merced,047,269075,31970,31774,1116,32890,473
2021-07-26,Modoc,049,8938,424,413,148,561,5
2021-07-26,Mono,051,14174,1294,1286,18,1304,3
2021-07-26,Monterey,053,433212,43903,43595,1972,45567,521
2021-07-26,Napa,055,140530,10458,10332,50,10382,82
2021-07-26,Nevada,057,99092,5503,5280,204,5484,72
2021-07-26,Orange,059,3164182,265523,261803,12241,274044,5142
2021-07-26,Placer,061,380077,25440,24842,1854,26696,304
2021-07-26,Plumas,063,18699,756,750,14,764,5
2021-07-26,Riverside,065,2383286,304307,298626,14686,313312,4553
2021-07-26,Sacramento,067,1510023,115851,113986,2191,116177,1705
2021-07-26,San Benito,069,59416,6251,6222,117,6339,63
2021-07-26,San Bernardino,071,2135413,302523,299238,9424,308662,5237
2021-07-26,San Diego,073,3302833,296381,292688,16995,309683,3793
2021-07-26,San Francisco,075,870044,40953,39800,1508,41308,561
2021-07-26,San Joaquin,077,732212,77079,76033,3907,79940,1440
2021-07-26,San Luis Obispo,079,281455,22225,21752,801,22553,260
2021-07-26,San Mateo,081,765935,44920,44297,579,44876,547
2021-07-26,Santa Barbara,083,443738,35740,35311,1206,36517,467
2021-07-26,Santa Clara,085,1922200,123681,121978,852,122830,2099
2021-07-26,Santa Cruz,087,273765,16777,16493,827,17320,207
2021-07-26,Shasta,089,179085,13034,12819,1732,14551,211
2021-07-26,Sierra,091,2930,70,65,12,77,0
2021-07-26,Siskiyou,093,43540,2059,1962,433,2395,31
2021-07-26,Solano,095,438530,35740,34990,709,35699,259
2021-07-26,Sonoma,097,501317,32940,32283,389,32672,328
2021-07-26,Stanislaus,099,539301,58873,58219,6296,64515,1033
2021-07-26,Sutter,101,95872,10110,9963,102,10065,115
2021-07-26,Tehama,103,63373,5265,5183,608,5791,66
2021-07-26,Trinity,105,12862,510,351,114,465,3
2021-07-26,Tulare,107,460477,51212,50265,9573,59838,854
2021-07-26,Tuolumne,109,53932,4370,4271,44,4315,64
2021-07-26,Ventura,111,848112,84193,83072,3463,86535,1041
2021-07-26,Yolo,113,214977,14999,14727,461,15188,215
2021-07-26,Yuba,115,75493,6683,6538,142,6680,51
2021-07-25,Alameda,001,1643700,95726,94146,2201,96347,1259
2021-07-25,Alpine,003,1148,88,89,0,89,0
2021-07-25,Amador,005,37829,3896,3848,34,3882,48
2021-07-25,Butte,007,227075,13350,13074,1981,15055,203
2021-07-25,Calaveras,009,45235,2310,2275,15,2290,57
2021-07-25,Colusa,011,21464,2012,1996,347,2343,16
2021-07-25,Contra Costa,013,1133247,75989,74634,1509,76143,830
2021-07-25,Del Norte,015,27424,1607,1526,14,1540,8
2021-07-25,El Dorado,017,186661,11109,10878,860,11738,116
2021-07-25,Fresno,019,978130,105628,104019,9112,113131,1742
2021-07-25,Glenn,021,27897,2483,2461,585,3046,20
2021-07-25,Humboldt,023,135768,5019,4892,72,4964,52
2021-07-25,Imperial,025,180216,29245,29037,2779,31816,743
2021-07-25,Inyo,027,18085,1442,1427,14,1441,38
2021-07-25,Kern,029,883053,99671,98503,11816,110319,1351
2021-07-25,Kings,031,150075,23801,23396,1164,24560,247
2021-07-25,Lake,033,64148,4246,4109,14,4123,65
2021-07-25,Lassen,035,31185,5333,5314,120,5434,21
2021-07-25,Los Angeles,037,10098052,1253696,1239596,45088,1284684,24643
2021-07-25,Madera,039,155013,17232,16947,1004,17951,245
2021-07-25,Marin,041,260295,14856,14558,290,14848,239
2021-07-25,Mariposa,043,17540,472,465,11,476,5
2021-07-25,Mendocino,045,87422,4483,4335,91,4426,49
2021-07-25,Merced,047,269075,31897,31760,1114,32874,473
2021-07-25,Modoc,049,8938,424,413,148,561,5
2021-07-25,Mono,051,14174,1291,1286,18,1304,3
2021-07-25,Monterey,053,433212,43865,43590,1964,45554,521
2021-07-25,Napa,055,140530,10422,10316,49,10365,82
2021-07-25,Nevada,057,99092,5438,5256,201,5457,72
2021-07-25,Orange,059,3164182,264815,261351,12218,273569,5142
2021-07-25,Placer,061,380077,25318,24755,1833,26588,304
2021-07-25,Plumas,063,18699,754,750,14,764,5
2021-07-25,Riverside,065,2383286,303542,298181,14668,312849,4553
2021-07-25,Sacramento,067,1510023,115301,113611,2175,115786,1704
2021-07-25,San Benito,069,59416,6244,6217,117,6334,63
2021-07-25,San Bernardino,071,2135413,301863,298982,9418,308400,5237
2021-07-25,San Diego,073,3302833,295319,290626,16921,307547,3793
2021-07-25,San Francisco,075,870044,40603,39663,1482,41145,561
2021-07-25,San Joaquin,077,732212,76824,75926,3888,79814,1440
2021-07-25,San Luis Obispo,079,281455,22152,21741,798,22539,260
2021-07-25,San Mateo,081,765935,44757,44189,573,44762,547
2021-07-25,Santa Barbara,083,443738,35660,35261,1203,36464,467
2021-07-25,Santa Clara,085,1922200,123351,121800,847,122647,2099
2021-07-25,Santa Cruz,087,273765,16730,16474,826,17300,207
2021-07-25,Shasta,089,179085,12987,12815,1727,14542,211
2021-07-25,Sierra,091,2930,70,65,12,77,0
2021-07-25,Siskiyou,093,43540,2051,1963,430,2393,31
2021-07-25,Solano,095,438530,35548,34863,706,35569,259
2021-07-25,Sonoma,097,501317,32815,32202,386,32588,328
2021-07-25,Stanislaus,099,539301,58707,58154,6291,64445,1033
2021-07-25,Sutter,101,95872,10057,9937,100,10037,115
2021-07-25,Tehama,103,63373,5249,5181,607,5788,66
2021-07-25,Trinity,105,12862,508,351,112,463,3
2021-07-25,Tulare,107,460477,51137,50221,9535,59756,854
2021-07-25,Tuolumne,109,53932,4318,4267,44,4311,64
2021-07-25,Ventura,111,848112,83979,82986,3440,86426,1041
2021-07-25,Yolo,113,214977,14938,14693,447,15140,215
2021-07-25,Yuba,115,75493,6650,6519,142,6661,51
2021-07-24,Alameda,001,1643700,95449,93170,2197,95367,1259
2021-07-24,Alpine,003,1148,88,89,0,89,0
2021-07-24,Amador,005,37829,3887,3816,34,3850,48
2021-07-24,Butte,007,227075,13321,12982,1979,14961,203
2021-07-24,Calaveras,009,45235,2305,2267,15,2282,57
2021-07-24,Colusa,011,21464,2011,1992,345,2337,16
2021-07-24,Contra Costa,013,1133247,75761,73682,1506,75188,830
2021-07-24,Del Norte,015,27424,1596,1497,14,1511,8
2021-07-24,El Dorado,017,186661,11075,10773,857,11630,116
2021-07-24,Fresno,019,978130,105510,103637,9102,112739,1736
2021-07-24,Glenn,021,27897,2481,2457,585,3042,20
2021-07-24,Humboldt,023,135768,4984,4780,71,4851,52
2021-07-24,Imperial,025,180216,29225,28996,2779,31775,742
2021-07-24,Inyo,027,18085,1439,1424,14,1438,38
2021-07-24,Kern,029,883053,99593,98261,11794,110055,1350
2021-07-24,Kings,031,150075,23770,23304,1161,24465,246
2021-07-24,Lake,033,64148,4223,3963,14,3977,64
2021-07-24,Lassen,035,31185,5332,5311,120,5431,21
2021-07-24,Los Angeles,037,10098052,1251918,1232164,44956,1277120,24623
2021-07-24,Madera,039,155013,17208,16885,1002,17887,245
2021-07-24,Marin,041,260295,14817,14454,290,14744,238
2021-07-24,Mariposa,043,17540,472,453,11,464,5
2021-07-24,Mendocino,045,87422,4458,4293,91,4384,49
2021-07-24,Merced,047,269075,31875,31661,1113,32774,473
2021-07-24,Modoc,049,8938,424,413,148,561,5
2021-07-24,Mono,051,14174,1289,1284,18,1302,3
2021-07-24,Monterey,053,433212,43840,43525,1957,45482,521
2021-07-24,Napa,055,140530,10406,10230,49,10279,81
2021-07-24,Nevada,057,99092,5406,5183,201,5384,72
2021-07-24,Orange,059,3164182,264350,259973,12206,272179,5141
2021-07-24,Placer,061,380077,25235,24530,1828,26358,303
2021-07-24,Plumas,063,18699,753,737,14,751,4
2021-07-24,Riverside,065,2383286,303074,296912,14658,311570,4552
2021-07-24,Sacramento,067,1510023,114986,112438,2171,114609,1698
2021-07-24,San Benito,069,59416,6240,6200,116,6316,63
2021-07-24,San Bernardino,071,2135413,301472,297899,9409,307308,5236
2021-07-24,San Diego,073,3302833,294853,289368,16893,306261,3788
2021-07-24,San Francisco,075,870044,40429,38954,1466,40420,561
2021-07-24,San Joaquin,077,732212,76696,75461,3877,79338,1436
2021-07-24,San Luis Obispo,079,281455,22121,21616,796,22412,260
2021-07-24,San Mateo,081,765935,44640,43880,567,44447,542
2021-07-24,Santa Barbara,083,443738,35601,35071,1199,36270,465
2021-07-24,Santa Clara,085,1922200,123139,121092,846,121938,2099
2021-07-24,Santa Cruz,087,273765,16707,16416,826,17242,207
2021-07-24,Shasta,089,179085,12959,12759,1724,14483,211
2021-07-24,Sierra,091,2930,69,64,12,76,0
2021-07-24,Siskiyou,093,43540,2051,1951,430,2381,31
2021-07-24,Solano,095,438530,35456,34499,697,35196,259
2021-07-24,Sonoma,097,501317,32690,31928,384,32312,327
2021-07-24,Stanislaus,099,539301,58615,57879,6281,64160,1030
2021-07-24,Sutter,101,95872,10030,9890,100,9990,115
2021-07-24,Tehama,103,63373,5242,5166,605,5771,65
2021-07-24,Trinity,105,12862,508,345,112,457,3
2021-07-24,Tulare,107,460477,51094,50104,9517,59621,854
2021-07-24,Tuolumne,109,53932,4292,4216,44,4260,64
2021-07-24,Ventura,111,848112,83852,82687,3423,86110,1041
2021-07-24,Yolo,113,214977,14900,14557,444,15001,214
2021-07-24,Yuba,115,75493,6631,6449,142,6591,51
2021-07-23,Alameda,001,1643700,95196,93170,2192,95362,1259
2021-07-23,Alpine,003,1148,88,89,0,89,0
2021-07-23,Amador,005,37829,3880,3816,34,3850,48
2021-07-23,Butte,007,227075,13292,12982,1971,14953,203
2021-07-23,Calaveras,009,45235,2295,2267,15,2282,57
2021-07-23,Colusa,011,21464,2010,1992,345,2337,16
2021-07-23,Contra Costa,013,1133247,75501,73682,1496,75178,830
2021-07-23,Del Norte,015,27424,1588,1497,14,1511,8
2021-07-23,El Dorado,017,186661,11046,10773,853,11626,116
2021-07-23,Fresno,019,978130,105378,103637,9092,112729,1736
2021-07-23,Glenn,021,27897,2479,2457,582,3039,20
2021-07-23,Humboldt,023,135768,4962,4780,68,4848,52
2021-07-23,Imperial,025,180216,29213,28996,2779,31775,742
2021-07-23,Inyo,027,18085,1436,1424,14,1438,38
2021-07-23,Kern,029,883053,99511,98261,11768,110029,1350
2021-07-23,Kings,031,150075,23739,23304,1158,24462,246
2021-07-23,Lake,033,64148,4194,3963,14,3977,64
2021-07-23,Lassen,035,31185,5330,5311,120,5431,21
2021-07-23,Los Angeles,037,10098052,1249983,1232164,44845,1277009,24623
2021-07-23,Madera,039,155013,17178,16885,997,17882,245
2021-07-23,Marin,041,260295,14780,14454,288,14742,238
2021-07-23,Mariposa,043,17540,469,453,11,464,5
2021-07-23,Mendocino,045,87422,4445,4293,91,4384,49
2021-07-23,Merced,047,269075,31850,31661,1113,32774,473
2021-07-23,Modoc,049,8938,424,413,148,561,5
2021-07-23,Mono,051,14174,1288,1284,18,1302,3
2021-07-23,Monterey,053,433212,43814,43525,1957,45482,521
2021-07-23,Napa,055,140530,10385,10230,49,10279,81
2021-07-23,Nevada,057,99092,5362,5183,201,5384,72
2021-07-23,Orange,059,3164182,263900,259973,12183,272156,5141
2021-07-23,Placer,061,380077,25155,24530,1812,26342,303
2021-07-23,Plumas,063,18699,751,737,14,751,4
2021-07-23,Riverside,065,2383286,302608,296912,14646,311558,4552
2021-07-23,Sacramento,067,1510023,114632,112438,2169,114607,1698
2021-07-23,San Benito,069,59416,6234,6200,116,6316,63
2021-07-23,San Bernardino,071,2135413,301091,297899,9400,307299,5236
2021-07-23,San Diego,073,3302833,294246,289368,16845,306213,3788
2021-07-23,San Francisco,075,870044,40242,38954,1453,40407,561
2021-07-23,San Joaquin,077,732212,76592,75461,3862,79323,1436
2021-07-23,San Luis Obispo,079,281455,22082,21616,796,22412,260
2021-07-23,San Mateo,081,765935,44537,43880,562,44442,542
2021-07-23,Santa Barbara,083,443738,35536,35071,1198,36269,465
2021-07-23,Santa Clara,085,1922200,122920,121092,843,121935,2099
2021-07-23,Santa Cruz,087,273765,16682,16416,826,17242,207
2021-07-23,Shasta,089,179085,12932,12759,1721,14480,211
2021-07-23,Sierra,091,2930,69,64,12,76,0
2021-07-23,Siskiyou,093,43540,2049,1951,430,2381,31
2021-07-23,Solano,095,438530,35364,34499,693,35192,259
2021-07-23,Sonoma,097,501317,32595,31928,383,32311,327
2021-07-23,Stanislaus,099,539301,58539,57879,6272,64151,1030
2021-07-23,Sutter,101,95872,10001,9890,100,9990,115
2021-07-23,Tehama,103,63373,5233,5166,605,5771,65
2021-07-23,Trinity,105,12862,507,345,111,456,3
2021-07-23,Tulare,107,460477,51048,50104,9492,59596,854
2021-07-23,Tuolumne,109,53932,4270,4216,44,4260,64
2021-07-23,Ventura,111,848112,83690,82687,3405,86092,1041
2021-07-23,Yolo,113,214977,14863,14557,437,14994,214
2021-07-23,Yuba,115,75493,6605,6449,141,6590,51
2021-07-22,Alameda,001,1643700,94842,93170,2187,95357,1259
2021-07-22,Alpine,003,1148,88,89,0,89,0
2021-07-22,Amador,005,37829,3871,3816,34,3850,48
2021-07-22,Butte,007,227075,13258,12982,1962,14944,203
2021-07-22,Calaveras,009,45235,2285,2267,15,2282,57
2021-07-22,Colusa,011,21464,2008,1992,342,2334,16
2021-07-22,Contra Costa,013,1133247,75161,73682,1491,75173,830
2021-07-22,Del Norte,015,27424,1571,1497,14,1511,8
2021-07-22,El Dorado,017,186661,11011,10773,845,11618,116
2021-07-22,Fresno,019,978130,105249,103637,9082,112719,1736
2021-07-22,Glenn,021,27897,2475,2457,582,3039,20
2021-07-22,Humboldt,023,135768,4931,4780,66,4846,52
2021-07-22,Imperial,025,180216,29183,28996,2779,31775,742
2021-07-22,Inyo,027,18085,1434,1424,14,1438,38
2021-07-22,Kern,029,883053,99396,98261,11727,109988,1350
2021-07-22,Kings,031,150075,23700,23304,1156,24460,246
2021-07-22,Lake,033,64148,4143,3963,14,3977,64
2021-07-22,Lassen,035,31185,5327,5311,120,5431,21
2021-07-22,Los Angeles,037,10098052,1247558,1232164,44660,1276824,24623
2021-07-22,Madera,039,155013,17143,16885,995,17880,245
2021-07-22,Marin,041,260295,14739,14454,287,14741,238
2021-07-22,Mariposa,043,17540,462,453,11,464,5
2021-07-22,Mendocino,045,87422,4432,4293,90,4383,49
2021-07-22,Merced,047,269075,31808,31661,1111,32772,473
2021-07-22,Modoc,049,8938,424,413,148,561,5
2021-07-22,Mono,051,14174,1287,1284,18,1302,3
2021-07-22,Monterey,053,433212,43786,43525,1951,45476,521
2021-07-22,Napa,055,140530,10367,10230,49,10279,81
2021-07-22,Nevada,057,99092,5336,5183,200,5383,72
2021-07-22,Orange,059,3164182,263347,259973,12174,272147,5141
2021-07-22,Placer,061,380077,25061,24530,1801,26331,303
2021-07-22,Plumas,063,18699,750,737,14,751,4
2021-07-22,Riverside,065,2383286,302099,296912,14625,311537,4552
2021-07-22,Sacramento,067,1510023,114194,112438,2160,114598,1698
2021-07-22,San Benito,069,59416,6227,6200,116,6316,63
2021-07-22,San Bernardino,071,2135413,300688,297899,9384,307283,5236
2021-07-22,San Diego,073,3302833,293516,289368,16785,306153,3788
2021-07-22,San Francisco,075,870044,40029,38954,1441,40395,561
2021-07-22,San Joaquin,077,732212,76449,75461,3849,79310,1436
2021-07-22,San Luis Obispo,079,281455,22044,21616,792,22408,260
2021-07-22,San Mateo,081,765935,44425,43880,557,44437,542
2021-07-22,Santa Barbara,083,443738,35470,35071,1196,36267,465
2021-07-22,Santa Clara,085,1922200,122678,121092,840,121932,2099
2021-07-22,Santa Cruz,087,273765,16645,16416,825,17241,207
2021-07-22,Shasta,089,179085,12908,12759,1717,14476,211
2021-07-22,Sierra,091,2930,67,64,12,76,0
2021-07-22,Siskiyou,093,43540,2046,1951,430,2381,31
2021-07-22,Solano,095,438530,35218,34499,686,35185,259
2021-07-22,Sonoma,097,501317,32485,31928,381,32309,327
2021-07-22,Stanislaus,099,539301,58411,57879,6260,64139,1030
2021-07-22,Sutter,101,95872,9980,9890,100,9990,115
2021-07-22,Tehama,103,63373,5227,5166,605,5771,65
2021-07-22,Trinity,105,12862,507,345,111,456,3
2021-07-22,Tulare,107,460477,51005,50104,9464,59568,854
2021-07-22,Tuolumne,109,53932,4258,4216,44,4260,64
2021-07-22,Ventura,111,848112,83556,82687,3392,86079,1041
2021-07-22,Yolo,113,214977,14825,14557,436,14993,214
2021-07-22,Yuba,115,75493,6574,6449,138,6587,51
2021-07-21,Alameda,001,1643700,94521,92840,2183,95023,1256
2021-07-21,Alpine,003,1148,88,89,0,89,0
2021-07-21,Amador,005,37829,3858,3813,34,3847,48
2021-07-21,Butte,007,227075,13217,12939,1957,14896,203
2021-07-21,Calaveras,009,45235,2281,2257,15,2272,57
2021-07-21,Colusa,011,21464,2004,1988,341,2329,16
2021-07-21,Contra Costa,013,1133247,74897,73320,1482,74802,827
2021-07-21,Del Norte,015,27424,1561,1492,14,1506,8
2021-07-21,El Dorado,017,186661,10975,10742,841,11583,116
2021-07-21,Fresno,019,978130,105101,103504,9073,112577,1736
2021-07-21,Glenn,021,27897,2473,2455,581,3036,20
2021-07-21,Humboldt,023,135768,4899,4763,64,4827,52
2021-07-21,Imperial,025,180216,29171,28964,2776,31740,742
2021-07-21,Inyo,027,18085,1434,1423,14,1437,38
2021-07-21,Kern,029,883053,99278,98152,11686,109838,1350
2021-07-21,Kings,031,150075,23672,23270,1152,24422,246
2021-07-21,Lake,033,64148,4077,3896,14,3910,64
2021-07-21,Lassen,035,31185,5324,5310,120,5430,21
2021-07-21,Los Angeles,037,10098052,1245050,1229598,44522,1274120,24609
2021-07-21,Madera,039,155013,17119,16858,992,17850,245
2021-07-21,Marin,041,260295,14690,14427,287,14714,238
2021-07-21,Mariposa,043,17540,458,449,11,460,5
2021-07-21,Mendocino,045,87422,4414,4274,90,4364,49
2021-07-21,Merced,047,269075,31769,31607,1107,32714,473
2021-07-21,Modoc,049,8938,424,413,148,561,5
2021-07-21,Mono,051,14174,1284,1282,18,1300,3
2021-07-21,Monterey,053,433212,43756,43502,1947,45449,515
2021-07-21,Napa,055,140530,10341,10209,49,10258,81
2021-07-21,Nevada,057,99092,5301,5152,200,5352,72
2021-07-21,Orange,059,3164182,262794,259615,12143,271758,5139
2021-07-21,Placer,061,380077,24952,24441,1790,26231,303
2021-07-21,Plumas,063,18699,750,736,14,750,4
2021-07-21,Riverside,065,2383286,301586,296419,14608,311027,4552
2021-07-21,Sacramento,067,1510023,113772,112043,2149,114192,1696
2021-07-21,San Benito,069,59416,6217,6196,116,6312,63
2021-07-21,San Bernardino,071,2135413,300236,297519,9376,306895,5230
2021-07-21,San Diego,073,3302833,292666,288682,16722,305404,3787
2021-07-21,San Francisco,075,870044,39804,38699,1436,40135,559
2021-07-21,San Joaquin,077,732212,76260,75288,3837,79125,1434
2021-07-21,San Luis Obispo,079,281455,22007,21579,789,22368,260
2021-07-21,San Mateo,081,765935,44333,43755,553,44308,542
2021-07-21,Santa Barbara,083,443738,35411,34998,1180,36178,465
2021-07-21,Santa Clara,085,1922200,122468,120838,838,121676,2099
2021-07-21,Santa Cruz,087,273765,16611,16407,825,17232,207
2021-07-21,Shasta,089,179085,12875,12751,1714,14465,211
2021-07-21,Sierra,091,2930,67,64,12,76,0
2021-07-21,Siskiyou,093,43540,2044,1943,428,2371,31
2021-07-21,Solano,095,438530,35060,34374,681,35055,258
2021-07-21,Sonoma,097,501317,32369,31789,381,32170,327
2021-07-21,Stanislaus,099,539301,58309,57774,6250,64024,1028
2021-07-21,Sutter,101,95872,9956,9862,100,9962,113
2021-07-21,Tehama,103,63373,5223,5161,605,5766,65
2021-07-21,Trinity,105,12862,505,345,110,455,3
2021-07-21,Tulare,107,460477,50945,50066,9438,59504,854
2021-07-21,Tuolumne,109,53932,4221,4156,44,4200,64
2021-07-21,Ventura,111,848112,83434,82573,3380,85953,1041
2021-07-21,Yolo,113,214977,14783,14525,435,14960,213
2021-07-21,Yuba,115,75493,6546,6425,138,6563,52
2021-07-20,Alameda,001,1643700,94147,92625,2169,94794,1256
2021-07-20,Alpine,003,1148,88,89,0,89,0
2021-07-20,Amador,005,37829,3847,3807,34,3841,48
2021-07-20,Butte,007,227075,13180,12916,1952,14868,203
2021-07-20,Calaveras,009,45235,2278,2249,15,2264,57
2021-07-20,Colusa,011,21464,2004,1985,341,2326,16
2021-07-20,Contra Costa,013,1133247,74613,73143,1464,74607,825
2021-07-20,Del Norte,015,27424,1551,1490,14,1504,8
2021-07-20,El Dorado,017,186661,10935,10727,837,11564,116
2021-07-20,Fresno,019,978130,104965,103438,9054,112492,1736
2021-07-20,Glenn,021,27897,2473,2453,581,3034,20
2021-07-20,Humboldt,023,135768,4854,4735,62,4797,52
2021-07-20,Imperial,025,180216,29151,28933,2776,31709,742
2021-07-20,Inyo,027,18085,1430,1420,14,1434,36
2021-07-20,Kern,029,883053,99166,98082,11658,109740,1350
2021-07-20,Kings,031,150075,23631,23254,1148,24402,246
2021-07-20,Lake,033,64148,4052,3871,14,3885,64
2021-07-20,Lassen,035,31185,5324,5306,120,5426,21
2021-07-20,Los Angeles,037,10098052,1242257,1227404,44354,1271758,24603
2021-07-20,Madera,039,155013,17098,16856,988,17844,245
2021-07-20,Marin,041,260295,14654,14396,284,14680,234
2021-07-20,Mariposa,043,17540,456,448,11,459,5
2021-07-20,Mendocino,045,87422,4397,4259,90,4349,49
2021-07-20,Merced,047,269075,31730,31578,1100,32678,473
2021-07-20,Modoc,049,8938,424,413,148,561,5
2021-07-20,Mono,051,14174,1280,1281,18,1299,3
2021-07-20,Monterey,053,433212,43725,43481,1944,45425,515
2021-07-20,Napa,055,140530,10318,10191,49,10240,81
2021-07-20,Nevada,057,99092,5282,5148,199,5347,72
2021-07-20,Orange,059,3164182,262237,259303,12111,271414,5139
2021-07-20,Placer,061,380077,24860,24408,1767,26175,303
2021-07-20,Plumas,063,18699,748,736,14,750,4
2021-07-20,Riverside,065,2383286,301051,296118,14594,310712,4543
2021-07-20,Sacramento,067,1510023,113332,111796,2119,113915,1695
2021-07-20,San Benito,069,59416,6210,6196,116,6312,63
2021-07-20,San Bernardino,071,2135413,299825,297222,9351,306573,5231
2021-07-20,San Diego,073,3302833,291740,288209,16626,304835,3786
2021-07-20,San Francisco,075,870044,39545,38536,1425,39961,558
2021-07-20,San Joaquin,077,732212,76088,75198,3824,79022,1433
2021-07-20,San Luis Obispo,079,281455,21961,21556,788,22344,259
2021-07-20,San Mateo,081,765935,44215,43670,552,44222,542
2021-07-20,Santa Barbara,083,443738,35341,34935,1174,36109,462
2021-07-20,Santa Clara,085,1922200,122211,120704,835,121539,2098
2021-07-20,Santa Cruz,087,273765,16582,16399,825,17224,207
2021-07-20,Shasta,089,179085,12849,12734,1710,14444,211
2021-07-20,Sierra,091,2930,67,64,12,76,0
2021-07-20,Siskiyou,093,43540,2040,1931,427,2358,31
2021-07-20,Solano,095,438530,34925,34337,674,35011,258
2021-07-20,Sonoma,097,501317,32250,31763,380,32143,326
2021-07-20,Stanislaus,099,539301,58194,57706,6244,63950,1028
2021-07-20,Sutter,101,95872,9929,9854,97,9951,114
2021-07-20,Tehama,103,63373,5221,5153,605,5758,65
2021-07-20,Trinity,105,12862,503,344,109,453,3
2021-07-20,Tulare,107,460477,50903,50047,9421,59468,854
2021-07-20,Tuolumne,109,53932,4202,4156,44,4200,64
2021-07-20,Ventura,111,848112,83281,82504,3363,85867,1041
2021-07-20,Yolo,113,214977,14718,14495,432,14927,213
2021-07-20,Yuba,115,75493,6521,6393,135,6528,52
2021-07-19,Alameda,001,1643700,93773,92357,2153,94510,1256
2021-07-19,Alpine,003,1148,88,89,0,89,0
2021-07-19,Amador,005,37829,3843,3802,34,3836,48
2021-07-19,Butte,007,227075,13136,12901,1946,14847,202
2021-07-19,Calaveras,009,45235,2274,2245,15,2260,57
2021-07-19,Colusa,011,21464,2002,1981,340,2321,16
2021-07-19,Contra Costa,013,1133247,74300,72935,1444,74379,825
2021-07-19,Del Norte,015,27424,1538,1484,14,1498,8
2021-07-19,El Dorado,017,186661,10905,10703,829,11532,114
2021-07-19,Fresno,019,978130,104835,103350,9041,112391,1731
2021-07-19,Glenn,021,27897,2473,2452,580,3032,20
2021-07-19,Humboldt,023,135768,4824,4719,60,4779,52
2021-07-19,Imperial,025,180216,29124,28888,2775,31663,742
2021-07-19,Inyo,027,18085,1429,1417,14,1431,36
2021-07-19,Kern,029,883053,99052,97999,11624,109623,1349
2021-07-19,Kings,031,150075,23601,23221,1142,24363,246
2021-07-19,Lake,033,64148,4016,3848,14,3862,64
2021-07-19,Lassen,035,31185,5323,5305,120,5425,21
2021-07-19,Los Angeles,037,10098052,1239658,1225946,44159,1270105,24600
2021-07-19,Madera,039,155013,17075,16846,985,17831,244
2021-07-19,Marin,041,260295,14619,14369,281,14650,234
2021-07-19,Mariposa,043,17540,450,447,11,458,5
2021-07-19,Mendocino,045,87422,4379,4251,90,4341,49
2021-07-19,Merced,047,269075,31666,31565,1093,32658,472
2021-07-19,Modoc,049,8938,423,413,148,561,5
2021-07-19,Mono,051,14174,1278,1280,18,1298,3
2021-07-19,Monterey,053,433212,43701,43436,1943,45379,515
2021-07-19,Napa,055,140530,10293,10180,47,10227,81
2021-07-19,Nevada,057,99092,5254,5133,198,5331,72
2021-07-19,Orange,059,3164182,261714,258927,12079,271006,5138
2021-07-19,Placer,061,380077,24761,24359,1745,26104,303
2021-07-19,Plumas,063,18699,748,730,14,744,4
2021-07-19,Riverside,065,2383286,300561,295736,14556,310292,4543
2021-07-19,Sacramento,067,1510023,112968,111470,2095,113565,1696
2021-07-19,San Benito,069,59416,6207,6193,116,6309,63
2021-07-19,San Bernardino,071,2135413,299453,296929,9333,306262,5235
2021-07-19,San Diego,073,3302833,290840,287695,16521,304216,3786
2021-07-19,San Francisco,075,870044,39273,38463,1412,39875,560
2021-07-19,San Joaquin,077,732212,75923,75086,3818,78904,1431
2021-07-19,San Luis Obispo,079,281455,21916,21531,784,22315,259
2021-07-19,San Mateo,081,765935,44073,43563,543,44106,542
2021-07-19,Santa Barbara,083,443738,35269,34904,1172,36076,461
2021-07-19,Santa Clara,085,1922200,121953,120554,834,121388,2098
2021-07-19,Santa Cruz,087,273765,16566,16387,825,17212,207
2021-07-19,Shasta,089,179085,12831,12723,1708,14431,209
2021-07-19,Sierra,091,2930,66,64,12,76,0
2021-07-19,Siskiyou,093,43540,2035,1927,425,2352,31
2021-07-19,Solano,095,438530,34750,34262,663,34925,261
2021-07-19,Sonoma,097,501317,32129,31713,379,32092,325
2021-07-19,Stanislaus,099,539301,58093,57644,6234,63878,1027
2021-07-19,Sutter,101,95872,9913,9834,97,9931,114
2021-07-19,Tehama,103,63373,5215,5152,603,5755,65
2021-07-19,Trinity,105,12862,503,344,108,452,3
2021-07-19,Tulare,107,460477,50856,49994,9404,59398,855
2021-07-19,Tuolumne,109,53932,4192,4151,44,4195,64
2021-07-19,Ventura,111,848112,83185,82409,3341,85750,1041
2021-07-19,Yolo,113,214977,14686,14439,430,14869,213
2021-07-19,Yuba,115,75493,6497,6370,135,6505,52
2021-07-18,Alameda,001,1643700,93416,92162,2140,94302,1256
2021-07-18,Alpine,003,1148,88,89,0,89,0
2021-07-18,Amador,005,37829,3832,3799,34,3833,48
2021-07-18,Butte,007,227075,13093,12888,1941,14829,202
2021-07-18,Calaveras,009,45235,2271,2243,15,2258,57
2021-07-18,Colusa,011,21464,2002,1981,339,2320,16
2021-07-18,Contra Costa,013,1133247,73984,72849,1426,74275,825
2021-07-18,Del Norte,015,27424,1529,1482,14,1496,8
2021-07-18,El Dorado,017,186661,10867,10687,821,11508,114
2021-07-18,Fresno,019,978130,104681,103298,9023,112321,1731
2021-07-18,Glenn,021,27897,2472,2452,579,3031,20
2021-07-18,Humboldt,023,135768,4788,4714,60,4774,52
2021-07-18,Imperial,025,180216,29087,28877,2774,31651,742
2021-07-18,Inyo,027,18085,1425,1417,14,1431,36
2021-07-18,Kern,029,883053,98926,97963,11582,109545,1349
2021-07-18,Kings,031,150075,23580,23203,1138,24341,246
2021-07-18,Lake,033,64148,3980,3825,14,3839,64
2021-07-18,Lassen,035,31185,5323,5305,120,5425,21
2021-07-18,Los Angeles,037,10098052,1236969,1224691,43968,1268659,24598
2021-07-18,Madera,039,155013,17050,16838,981,17819,244
2021-07-18,Marin,041,260295,14583,14358,279,14637,234
2021-07-18,Mariposa,043,17540,449,447,11,458,5
2021-07-18,Mendocino,045,87422,4358,4246,90,4336,49
2021-07-18,Merced,047,269075,31635,31537,1091,32628,471
2021-07-18,Modoc,049,8938,423,413,148,561,5
2021-07-18,Mono,051,14174,1277,1280,18,1298,3
2021-07-18,Monterey,053,433212,43683,43422,1934,45356,515
2021-07-18,Napa,055,140530,10276,10174,44,10218,81
2021-07-18,Nevada,057,99092,5228,5124,198,5322,72
2021-07-18,Orange,059,3164182,261229,258724,12049,270773,5138
2021-07-18,Placer,061,380077,24694,24313,1718,26031,303
2021-07-18,Plumas,063,18699,748,730,14,744,4
2021-07-18,Riverside,065,2383286,300069,295522,14514,310036,4543
2021-07-18,Sacramento,067,1510023,112536,111255,2063,113318,1696
2021-07-18,San Benito,069,59416,6199,6191,116,6307,63
2021-07-18,San Bernardino,071,2135413,298979,296739,9318,306057,5233
2021-07-18,San Diego,073,3302833,290024,286287,16437,302724,3786
2021-07-18,San Francisco,075,870044,39038,38367,1401,39768,560
2021-07-18,San Joaquin,077,732212,75746,74997,3805,78802,1431
2021-07-18,San Luis Obispo,079,281455,21881,21527,781,22308,259
2021-07-18,San Mateo,081,765935,43960,43506,537,44043,542
2021-07-18,Santa Barbara,083,443738,35204,34880,1170,36050,461
2021-07-18,Santa Clara,085,1922200,121739,120438,827,121265,2098
2021-07-18,Santa Cruz,087,273765,16534,16372,824,17196,207
2021-07-18,Shasta,089,179085,12806,12714,1704,14418,209
2021-07-18,Sierra,091,2930,66,64,12,76,0
2021-07-18,Siskiyou,093,43540,2029,1927,420,2347,31
2021-07-18,Solano,095,438530,34622,34215,659,34874,261
2021-07-18,Sonoma,097,501317,32024,31675,378,32053,325
2021-07-18,Stanislaus,099,539301,57982,57600,6209,63809,1028
2021-07-18,Sutter,101,95872,9881,9826,97,9923,114
2021-07-18,Tehama,103,63373,5212,5150,602,5752,65
2021-07-18,Trinity,105,12862,503,344,108,452,3
2021-07-18,Tulare,107,460477,50803,49985,9381,59366,855
2021-07-18,Tuolumne,109,53932,4174,4149,44,4193,64
2021-07-18,Ventura,111,848112,83071,82361,3317,85678,1041
2021-07-18,Yolo,113,214977,14627,14425,424,14849,213
2021-07-18,Yuba,115,75493,6456,6357,135,6492,52
2021-07-17,Alameda,001,1643700,93200,91346,2128,93474,1255
2021-07-17,Alpine,003,1148,88,89,0,89,0
2021-07-17,Amador,005,37829,3823,3785,34,3819,48
2021-07-17,Butte,007,227075,13079,12824,1936,14760,202
2021-07-17,Calaveras,009,45235,2265,2237,15,2252,57
2021-07-17,Colusa,011,21464,1999,1976,339,2315,16
2021-07-17,Contra Costa,013,1133247,73802,72254,1413,73667,824
2021-07-17,Del Norte,015,27424,1521,1475,14,1489,8
2021-07-17,El Dorado,017,186661,10840,10622,817,11439,114
2021-07-17,Fresno,019,978130,104608,103055,9009,112064,1730
2021-07-17,Glenn,021,27897,2471,2451,579,3030,20
2021-07-17,Humboldt,023,135768,4775,4654,59,4713,52
2021-07-17,Imperial,025,180216,29071,28840,2774,31614,742
2021-07-17,Inyo,027,18085,1425,1416,14,1430,36
2021-07-17,Kern,029,883053,98869,97796,11545,109341,1348
2021-07-17,Kings,031,150075,23560,23163,1137,24300,246
2021-07-17,Lake,033,64148,3955,3760,14,3774,64
2021-07-17,Lassen,035,31185,5323,5302,120,5422,21
2021-07-17,Los Angeles,037,10098052,1235442,1219733,43825,1263558,24582
2021-07-17,Madera,039,155013,17042,16804,981,17785,240
2021-07-17,Marin,041,260295,14565,14297,277,14574,234
2021-07-17,Mariposa,043,17540,449,445,11,456,5
2021-07-17,Mendocino,045,87422,4346,4209,90,4299,49
2021-07-17,Merced,047,269075,31614,31451,1087,32538,471
2021-07-17,Modoc,049,8938,423,412,148,560,5
2021-07-17,Mono,051,14174,1275,1277,18,1295,3
2021-07-17,Monterey,053,433212,43660,43367,1929,45296,515
2021-07-17,Napa,055,140530,10260,10129,44,10173,81
2021-07-17,Nevada,057,99092,5213,5066,198,5264,72
2021-07-17,Orange,059,3164182,260922,257805,12010,269815,5136
2021-07-17,Placer,061,380077,24627,24169,1704,25873,303
2021-07-17,Plumas,063,18699,743,721,14,735,4
2021-07-17,Riverside,065,2383286,299762,294751,14482,309233,4542
2021-07-17,Sacramento,067,1510023,112301,110432,2041,112473,1694
2021-07-17,San Benito,069,59416,6193,6181,116,6297,63
2021-07-17,San Bernardino,071,2135413,298743,296048,9299,305347,5218
2021-07-17,San Diego,073,3302833,289617,285698,16369,302067,3786
2021-07-17,San Francisco,075,870044,38916,37978,1397,39375,560
2021-07-17,San Joaquin,077,732212,75659,74695,3799,78494,1430
2021-07-17,San Luis Obispo,079,281455,21854,21462,781,22243,258
2021-07-17,San Mateo,081,765935,43889,43324,536,43860,542
2021-07-17,Santa Barbara,083,443738,35163,34769,1167,35936,461
2021-07-17,Santa Clara,085,1922200,121567,119980,824,120804,2097
2021-07-17,Santa Cruz,087,273765,16527,16337,824,17161,207
2021-07-17,Shasta,089,179085,12791,12683,1699,14382,210
2021-07-17,Sierra,091,2930,66,62,12,74,0
2021-07-17,Siskiyou,093,43540,2024,1922,417,2339,29
2021-07-17,Solano,095,438530,34557,34015,651,34666,263
2021-07-17,Sonoma,097,501317,31956,31536,377,31913,322
2021-07-17,Stanislaus,099,539301,57905,57400,6195,63595,1028
2021-07-17,Sutter,101,95872,9871,9778,97,9875,114
2021-07-17,Tehama,103,63373,5209,5145,602,5747,64
2021-07-17,Trinity,105,12862,502,341,108,449,3
2021-07-17,Tulare,107,460477,50782,49937,9369,59306,854
2021-07-17,Tuolumne,109,53932,4164,4131,44,4175,64
2021-07-17,Ventura,111,848112,83002,82125,3306,85431,1041
2021-07-17,Yolo,113,214977,14595,14356,417,14773,213
2021-07-17,Yuba,115,75493,6445,6309,135,6444,52
2021-07-16,Alameda,001,1643700,92961,91346,2116,93462,1255
2021-07-16,Alpine,003,1148,88,89,0,89,0
2021-07-16,Amador,005,37829,3820,3785,34,3819,48
2021-07-16,Butte,007,227075,13054,12824,1933,14757,202
2021-07-16,Calaveras,009,45235,2264,2237,15,2252,57
2021-07-16,Colusa,011,21464,1997,1976,338,2314,16
2021-07-16,Contra Costa,013,1133247,73613,72254,1409,73663,824
2021-07-16,Del Norte,015,27424,1519,1475,14,1489,8
2021-07-16,El Dorado,017,186661,10821,10622,816,11438,114
2021-07-16,Fresno,019,978130,104556,103055,8989,112044,1730
2021-07-16,Glenn,021,27897,2471,2451,579,3030,20
2021-07-16,Humboldt,023,135768,4753,4654,59,4713,52
2021-07-16,Imperial,025,180216,29059,28840,2774,31614,742
2021-07-16,Inyo,027,18085,1423,1416,14,1430,36
2021-07-16,Kern,029,883053,98807,97796,11505,109301,1348
2021-07-16,Kings,031,150075,23535,23163,1135,24298,246
2021-07-16,Lake,033,64148,3928,3760,14,3774,64
2021-07-16,Lassen,035,31185,5322,5302,120,5422,21
2021-07-16,Los Angeles,037,10098052,1233940,1219733,43680,1263413,24582
2021-07-16,Madera,039,155013,17024,16804,981,17785,240
2021-07-16,Marin,041,260295,14541,14297,274,14571,234
2021-07-16,Mariposa,043,17540,449,445,11,456,5
2021-07-16,Mendocino,045,87422,4337,4209,89,4298,49
2021-07-16,Merced,047,269075,31592,31451,1085,32536,471
2021-07-16,Modoc,049,8938,423,412,148,560,5
2021-07-16,Mono,051,14174,1274,1277,18,1295,3
2021-07-16,Monterey,053,433212,43638,43367,1928,45295,515
2021-07-16,Napa,055,140530,10236,10129,43,10172,81
2021-07-16,Nevada,057,99092,5203,5066,198,5264,72
2021-07-16,Orange,059,3164182,260650,257805,11970,269775,5136
2021-07-16,Placer,061,380077,24574,24169,1699,25868,303
2021-07-16,Plumas,063,18699,742,721,14,735,4
2021-07-16,Riverside,065,2383286,299486,294751,14456,309207,4542
2021-07-16,Sacramento,067,1510023,112084,110432,2028,112460,1694
2021-07-16,San Benito,069,59416,6191,6181,116,6297,63
2021-07-16,San Bernardino,071,2135413,298465,296048,9282,305330,5218
2021-07-16,San Diego,073,3302833,289175,285698,16322,302020,3786
2021-07-16,San Francisco,075,870044,38799,37978,1392,39370,560
2021-07-16,San Joaquin,077,732212,75564,74695,3796,78491,1430
2021-07-16,San Luis Obispo,079,281455,21837,21462,781,22243,258
2021-07-16,San Mateo,081,765935,43836,43324,535,43859,542
2021-07-16,Santa Barbara,083,443738,35125,34769,1167,35936,461
2021-07-16,Santa Clara,085,1922200,121420,119980,816,120796,2097
2021-07-16,Santa Cruz,087,273765,16514,16337,824,17161,207
2021-07-16,Shasta,089,179085,12781,12683,1698,14381,210
2021-07-16,Sierra,091,2930,66,62,12,74,0
2021-07-16,Siskiyou,093,43540,2022,1922,415,2337,29
2021-07-16,Solano,095,438530,34490,34015,643,34658,263
2021-07-16,Sonoma,097,501317,31904,31536,374,31910,322
2021-07-16,Stanislaus,099,539301,57855,57400,6185,63585,1028
2021-07-16,Sutter,101,95872,9859,9778,97,9875,114
2021-07-16,Tehama,103,63373,5207,5145,602,5747,64
2021-07-16,Trinity,105,12862,502,341,107,448,3
2021-07-16,Tulare,107,460477,50758,49937,9359,59296,854
2021-07-16,Tuolumne,109,53932,4158,4131,44,4175,64
2021-07-16,Ventura,111,848112,82937,82125,3299,85424,1041
2021-07-16,Yolo,113,214977,14569,14356,413,14769,213
2021-07-16,Yuba,115,75493,6423,6309,134,6443,52
2021-07-15,Alameda,001,1643700,92665,91346,2106,93452,1255
2021-07-15,Alpine,003,1148,88,89,0,89,0
2021-07-15,Amador,005,37829,3817,3785,34,3819,48
2021-07-15,Butte,007,227075,13028,12824,1931,14755,202
2021-07-15,Calaveras,009,45235,2261,2237,15,2252,57
2021-07-15,Colusa,011,21464,1996,1976,337,2313,16
2021-07-15,Contra Costa,013,1133247,73400,72254,1402,73656,824
2021-07-15,Del Norte,015,27424,1516,1475,14,1489,8
2021-07-15,El Dorado,017,186661,10794,10622,814,11436,114
2021-07-15,Fresno,019,978130,104459,103055,8969,112024,1730
2021-07-15,Glenn,021,27897,2471,2451,579,3030,20
2021-07-15,Humboldt,023,135768,4735,4654,58,4712,52
2021-07-15,Imperial,025,180216,29036,28840,2774,31614,742
2021-07-15,Inyo,027,18085,1423,1416,14,1430,36
2021-07-15,Kern,029,883053,98737,97796,11477,109273,1348
2021-07-15,Kings,031,150075,23497,23163,1132,24295,246
2021-07-15,Lake,033,64148,3889,3760,14,3774,64
2021-07-15,Lassen,035,31185,5321,5302,120,5422,21
2021-07-15,Los Angeles,037,10098052,1231960,1219733,43521,1263254,24582
2021-07-15,Madera,039,155013,17002,16804,977,17781,240
2021-07-15,Marin,041,260295,14516,14297,274,14571,234
2021-07-15,Mariposa,043,17540,449,445,11,456,5
2021-07-15,Mendocino,045,87422,4329,4209,88,4297,49
2021-07-15,Merced,047,269075,31562,31451,1085,32536,471
2021-07-15,Modoc,049,8938,423,412,148,560,5
2021-07-15,Mono,051,14174,1274,1277,18,1295,3
2021-07-15,Monterey,053,433212,43609,43367,1925,45292,515
2021-07-15,Napa,055,140530,10211,10129,42,10171,81
2021-07-15,Nevada,057,99092,5186,5066,197,5263,72
2021-07-15,Orange,059,3164182,260299,257805,11939,269744,5136
2021-07-15,Placer,061,380077,24514,24169,1682,25851,303
2021-07-15,Plumas,063,18699,741,721,14,735,4
2021-07-15,Riverside,065,2383286,299164,294751,14441,309192,4542
2021-07-15,Sacramento,067,1510023,111780,110432,2011,112443,1694
2021-07-15,San Benito,069,59416,6189,6181,116,6297,63
2021-07-15,San Bernardino,071,2135413,298160,296048,9267,305315,5218
2021-07-15,San Diego,073,3302833,288537,285698,16244,301942,3786
2021-07-15,San Francisco,075,870044,38647,37978,1384,39362,560
2021-07-15,San Joaquin,077,732212,75447,74695,3791,78486,1430
2021-07-15,San Luis Obispo,079,281455,21805,21462,781,22243,258
2021-07-15,San Mateo,081,765935,43732,43324,530,43854,542
2021-07-15,Santa Barbara,083,443738,35069,34769,1166,35935,461
2021-07-15,Santa Clara,085,1922200,121298,119980,813,120793,2097
2021-07-15,Santa Cruz,087,273765,16501,16337,824,17161,207
2021-07-15,Shasta,089,179085,12773,12683,1694,14377,210
2021-07-15,Sierra,091,2930,66,62,12,74,0
2021-07-15,Siskiyou,093,43540,2021,1922,415,2337,29
2021-07-15,Solano,095,438530,34415,34015,637,34652,263
2021-07-15,Sonoma,097,501317,31843,31536,374,31910,322
2021-07-15,Stanislaus,099,539301,57786,57400,6172,63572,1028
2021-07-15,Sutter,101,95872,9839,9778,96,9874,114
2021-07-15,Tehama,103,63373,5201,5145,601,5746,64
2021-07-15,Trinity,105,12862,502,341,107,448,3
2021-07-15,Tulare,107,460477,50738,49937,9342,59279,854
2021-07-15,Tuolumne,109,53932,4146,4131,44,4175,64
2021-07-15,Ventura,111,848112,82860,82125,3294,85419,1041
2021-07-15,Yolo,113,214977,14542,14356,412,14768,213
2021-07-15,Yuba,115,75493,6408,6309,133,6442,52
2021-07-14,Alameda,001,1643700,92404,91092,2088,93180,1255
2021-07-14,Alpine,003,1148,88,89,0,89,0
2021-07-14,Amador,005,37829,3809,3784,34,3818,48
2021-07-14,Butte,007,227075,13001,12813,1924,14737,202
2021-07-14,Calaveras,009,45235,2254,2234,15,2249,57
2021-07-14,Colusa,011,21464,1993,1974,337,2311,16
2021-07-14,Contra Costa,013,1133247,73173,72091,1390,73481,823
2021-07-14,Del Norte,015,27424,1515,1472,14,1486,8
2021-07-14,El Dorado,017,186661,10768,10598,811,11409,114
2021-07-14,Fresno,019,978130,104379,102966,8958,111924,1728
2021-07-14,Glenn,021,27897,2471,2449,579,3028,20
2021-07-14,Humboldt,023,135768,4712,4644,56,4700,52
2021-07-14,Imperial,025,180216,29007,28822,2774,31596,742
2021-07-14,Inyo,027,18085,1422,1415,14,1429,36
2021-07-14,Kern,029,883053,98673,97736,11452,109188,1346
2021-07-14,Kings,031,150075,23484,23142,1132,24274,246
2021-07-14,Lake,033,64148,3856,3739,14,3753,63
2021-07-14,Lassen,035,31185,5320,5298,120,5418,21
2021-07-14,Los Angeles,037,10098052,1229948,1218265,43378,1261643,24578
2021-07-14,Madera,039,155013,16990,16786,975,17761,240
2021-07-14,Marin,041,260295,14482,14269,272,14541,233
2021-07-14,Mariposa,043,17540,447,445,11,456,5
2021-07-14,Mendocino,045,87422,4316,4193,88,4281,49
2021-07-14,Merced,047,269075,31525,31412,1081,32493,471
2021-07-14,Modoc,049,8938,423,412,148,560,4
2021-07-14,Mono,051,14174,1274,1278,18,1296,3
2021-07-14,Monterey,053,433212,43585,43347,1923,45270,504
2021-07-14,Napa,055,140530,10189,10121,42,10163,81
2021-07-14,Nevada,057,99092,5166,5058,197,5255,72
2021-07-14,Orange,059,3164182,259982,257558,11909,269467,5137
2021-07-14,Placer,061,380077,24461,24125,1670,25795,303
2021-07-14,Plumas,063,18699,734,719,14,733,4
2021-07-14,Riverside,065,2383286,298840,294511,14425,308936,4542
2021-07-14,Sacramento,067,1510023,111452,110193,1987,112180,1688
2021-07-14,San Benito,069,59416,6186,6177,116,6293,63
2021-07-14,San Bernardino,071,2135413,297860,295820,9252,305072,5193
2021-07-14,San Diego,073,3302833,287965,285269,16164,301433,3786
2021-07-14,San Francisco,075,870044,38508,37836,1378,39214,559
2021-07-14,San Joaquin,077,732212,75355,74599,3782,78381,1416
2021-07-14,San Luis Obispo,079,281455,21783,21444,779,22223,258
2021-07-14,San Mateo,081,765935,43633,43249,526,43775,542
2021-07-14,Santa Barbara,083,443738,35027,34719,1164,35883,461
2021-07-14,Santa Clara,085,1922200,121148,119844,810,120654,2098
2021-07-14,Santa Cruz,087,273765,16489,16326,824,17150,207
2021-07-14,Shasta,089,179085,12753,12669,1691,14360,209
2021-07-14,Sierra,091,2930,66,62,12,74,0
2021-07-14,Siskiyou,093,43540,2014,1922,412,2334,29
2021-07-14,Solano,095,438530,34342,33948,637,34585,268
2021-07-14,Sonoma,097,501317,31791,31470,374,31844,322
2021-07-14,Stanislaus,099,539301,57711,57340,6160,63500,1028
2021-07-14,Sutter,101,95872,9817,9766,96,9862,114
2021-07-14,Tehama,103,63373,5199,5142,601,5743,64
2021-07-14,Trinity,105,12862,502,341,107,448,3
2021-07-14,Tulare,107,460477,50721,49908,9328,59236,853
2021-07-14,Tuolumne,109,53932,4143,4128,43,4171,64
2021-07-14,Ventura,111,848112,82766,82041,3283,85324,1040
2021-07-14,Yolo,113,214977,14509,14332,409,14741,213
2021-07-14,Yuba,115,75493,6390,6294,133,6427,52
2021-07-13,Alameda,001,1643700,92139,90874,2078,92952,1255
2021-07-13,Alpine,003,1148,88,89,0,89,0
2021-07-13,Amador,005,37829,3802,3783,34,3817,48
2021-07-13,Butte,007,227075,12987,12802,1923,14725,202
2021-07-13,Calaveras,009,45235,2250,2230,15,2245,57
2021-07-13,Colusa,011,21464,1991,1972,333,2305,16
2021-07-13,Contra Costa,013,1133247,72947,71963,1381,73344,823
2021-07-13,Del Norte,015,27424,1511,1471,14,1485,8
2021-07-13,El Dorado,017,186661,10750,10581,808,11389,114
2021-07-13,Fresno,019,978130,104303,102909,8948,111857,1727
2021-07-13,Glenn,021,27897,2469,2448,579,3027,20
2021-07-13,Humboldt,023,135768,4697,4634,56,4690,51
2021-07-13,Imperial,025,180216,28996,28792,2774,31566,741
2021-07-13,Inyo,027,18085,1421,1415,14,1429,36
2021-07-13,Kern,029,883053,98584,97698,11413,109111,1346
2021-07-13,Kings,031,150075,23466,23132,1132,24264,246
2021-07-13,Lake,033,64148,3829,3719,13,3732,63
2021-07-13,Lassen,035,31185,5318,5292,120,5412,21
2021-07-13,Los Angeles,037,10098052,1228099,1217184,43209,1260393,24569
2021-07-13,Madera,039,155013,16980,16773,971,17744,240
2021-07-13,Marin,041,260295,14453,14254,271,14525,233
2021-07-13,Mariposa,043,17540,446,443,11,454,5
2021-07-13,Mendocino,045,87422,4309,4185,88,4273,49
2021-07-13,Merced,047,269075,31504,31379,1078,32457,471
2021-07-13,Modoc,049,8938,423,411,148,559,4
2021-07-13,Mono,051,14174,1273,1277,18,1295,3
2021-07-13,Monterey,053,433212,43567,43333,1919,45252,504
2021-07-13,Napa,055,140530,10168,10118,42,10160,81
2021-07-13,Nevada,057,99092,5141,5053,197,5250,72
2021-07-13,Orange,059,3164182,259652,257339,11880,269219,5136
2021-07-13,Placer,061,380077,24415,24091,1657,25748,303
2021-07-13,Plumas,063,18699,733,716,14,730,4
2021-07-13,Riverside,065,2383286,298517,294302,14398,308700,4541
2021-07-13,Sacramento,067,1510023,111142,109990,1964,111954,1687
2021-07-13,San Benito,069,59416,6184,6173,116,6289,63
2021-07-13,San Bernardino,071,2135413,297584,295596,9230,304826,5183
2021-07-13,San Diego,073,3302833,287417,284997,16085,301082,3785
2021-07-13,San Francisco,075,870044,38364,37725,1372,39097,559
2021-07-13,San Joaquin,077,732212,75239,74500,3779,78279,1417
2021-07-13,San Luis Obispo,079,281455,21757,21423,776,22199,258
2021-07-13,San Mateo,081,765935,43564,43180,525,43705,542
2021-07-13,Santa Barbara,083,443738,34978,34679,1161,35840,461
2021-07-13,Santa Clara,085,1922200,120995,119727,806,120533,2098
2021-07-13,Santa Cruz,087,273765,16480,16315,822,17137,207
2021-07-13,Shasta,089,179085,12740,12659,1684,14343,209
2021-07-13,Sierra,091,2930,66,62,12,74,0
2021-07-13,Siskiyou,093,43540,2013,1916,410,2326,29
2021-07-13,Solano,095,438530,34277,33918,631,34549,268
2021-07-13,Sonoma,097,501317,31732,31431,374,31805,322
2021-07-13,Stanislaus,099,539301,57641,57282,6145,63427,1028
2021-07-13,Sutter,101,95872,9799,9752,95,9847,114
2021-07-13,Tehama,103,63373,5192,5144,601,5745,64
2021-07-13,Trinity,105,12862,502,341,106,447,3
2021-07-13,Tulare,107,460477,50695,49891,9312,59203,853
2021-07-13,Tuolumne,109,53932,4135,4122,42,4164,64
2021-07-13,Ventura,111,848112,82681,81982,3258,85240,1040
2021-07-13,Yolo,113,214977,14481,14320,402,14722,213
2021-07-13,Yuba,115,75493,6373,6279,133,6412,52
2021-07-12,Alameda,001,1643700,91879,90720,2071,92791,1254
2021-07-12,Alpine,003,1148,88,89,0,89,0
2021-07-12,Amador,005,37829,3795,3781,34,3815,47
2021-07-12,Butte,007,227075,12967,12796,1921,14717,202
2021-07-12,Calaveras,009,45235,2248,2228,15,2243,57
2021-07-12,Colusa,011,21464,1987,1971,332,2303,16
2021-07-12,Contra Costa,013,1133247,72746,71833,1376,73209,823
2021-07-12,Del Norte,015,27424,1508,1469,14,1483,8
2021-07-12,El Dorado,017,186661,10722,10569,806,11375,114
2021-07-12,Fresno,019,978130,104209,102853,8935,111788,1728
2021-07-12,Glenn,021,27897,2469,2446,579,3025,20
2021-07-12,Humboldt,023,135768,4681,4621,56,4677,51
2021-07-12,Imperial,025,180216,28966,28789,2774,31563,741
2021-07-12,Inyo,027,18085,1421,1415,14,1429,36
2021-07-12,Kern,029,883053,98515,97660,11388,109048,1346
2021-07-12,Kings,031,150075,23446,23124,1130,24254,246
2021-07-12,Lake,033,64148,3808,3706,13,3719,63
2021-07-12,Lassen,035,31185,5317,5292,120,5412,21
2021-07-12,Los Angeles,037,10098052,1226309,1216230,43072,1259302,24559
2021-07-12,Madera,039,155013,16969,16772,971,17743,240
2021-07-12,Marin,041,260295,14428,14238,270,14508,233
2021-07-12,Mariposa,043,17540,446,442,11,453,5
2021-07-12,Mendocino,045,87422,4298,4175,88,4263,49
2021-07-12,Merced,047,269075,31473,31374,1077,32451,471
2021-07-12,Modoc,049,8938,422,411,148,559,4
2021-07-12,Mono,051,14174,1271,1275,18,1293,3
2021-07-12,Monterey,053,433212,43546,43315,1915,45230,504
2021-07-12,Napa,055,140530,10150,10104,41,10145,81
2021-07-12,Nevada,057,99092,5118,5046,197,5243,72
2021-07-12,Orange,059,3164182,259299,257171,11855,269026,5136
2021-07-12,Placer,061,380077,24364,24052,1651,25703,302
2021-07-12,Plumas,063,18699,733,716,14,730,4
2021-07-12,Riverside,065,2383286,298209,294108,14368,308476,4541
2021-07-12,Sacramento,067,1510023,110927,109849,1938,111787,1685
2021-07-12,San Benito,069,59416,6181,6166,116,6282,63
2021-07-12,San Bernardino,071,2135413,297313,295447,9216,304663,5171
2021-07-12,San Diego,073,3302833,286948,284648,16009,300657,3785
2021-07-12,San Francisco,075,870044,38217,37656,1369,39025,559
2021-07-12,San Joaquin,077,732212,75145,74424,3769,78193,1415
2021-07-12,San Luis Obispo,079,281455,21738,21408,775,22183,258
2021-07-12,San Mateo,081,765935,43471,43138,518,43656,542
2021-07-12,Santa Barbara,083,443738,34935,34664,1159,35823,461
2021-07-12,Santa Clara,085,1922200,120830,119634,803,120437,2098
2021-07-12,Santa Cruz,087,273765,16455,16310,821,17131,207
2021-07-12,Shasta,089,179085,12733,12648,1681,14329,208
2021-07-12,Sierra,091,2930,66,62,12,74,0
2021-07-12,Siskiyou,093,43540,2008,1916,405,2321,29
2021-07-12,Solano,095,438530,34187,33859,622,34481,268
2021-07-12,Sonoma,097,501317,31684,31377,373,31750,322
2021-07-12,Stanislaus,099,539301,57572,57243,6138,63381,1028
2021-07-12,Sutter,101,95872,9782,9736,94,9830,114
2021-07-12,Tehama,103,63373,5187,5138,600,5738,63
2021-07-12,Trinity,105,12862,498,340,104,444,3
2021-07-12,Tulare,107,460477,50667,49882,9299,59181,853
2021-07-12,Tuolumne,109,53932,4131,4116,42,4158,64
2021-07-12,Ventura,111,848112,82580,81919,3237,85156,1040
2021-07-12,Yolo,113,214977,14453,14303,398,14701,213
2021-07-12,Yuba,115,75493,6358,6266,133,6399,52
2021-07-11,Alameda,001,1643700,91549,90597,2058,92655,1254
2021-07-11,Alpine,003,1148,88,89,0,89,0
2021-07-11,Amador,005,37829,3793,3779,34,3813,47
2021-07-11,Butte,007,227075,12945,12794,1915,14709,202
2021-07-11,Calaveras,009,45235,2246,2226,14,2240,57
2021-07-11,Colusa,011,21464,1986,1971,331,2302,16
2021-07-11,Contra Costa,013,1133247,72536,71744,1369,73113,823
2021-07-11,Del Norte,015,27424,1504,1467,13,1480,8
2021-07-11,El Dorado,017,186661,10693,10554,804,11358,114
2021-07-11,Fresno,019,978130,104114,102813,8915,111728,1728
2021-07-11,Glenn,021,27897,2468,2446,579,3025,20
2021-07-11,Humboldt,023,135768,4668,4611,55,4666,51
2021-07-11,Imperial,025,180216,28948,28787,2773,31560,741
2021-07-11,Inyo,027,18085,1419,1415,14,1429,36
2021-07-11,Kern,029,883053,98442,97637,11372,109009,1346
2021-07-11,Kings,031,150075,23415,23116,1127,24243,246
2021-07-11,Lake,033,64148,3777,3699,13,3712,63
2021-07-11,Lassen,035,31185,5314,5291,120,5411,21
2021-07-11,Los Angeles,037,10098052,1224559,1215182,42914,1258096,24558
2021-07-11,Madera,039,155013,16950,16766,970,17736,240
2021-07-11,Marin,041,260295,14402,14231,270,14501,233
2021-07-11,Mariposa,043,17540,445,442,11,453,5
2021-07-11,Mendocino,045,87422,4278,4167,88,4255,49
2021-07-11,Merced,047,269075,31449,31366,1072,32438,471
2021-07-11,Modoc,049,8938,421,411,148,559,4
2021-07-11,Mono,051,14174,1271,1275,18,1293,3
2021-07-11,Monterey,053,433212,43527,43307,1911,45218,504
2021-07-11,Napa,055,140530,10146,10100,41,10141,81
2021-07-11,Nevada,057,99092,5107,5035,196,5231,72
2021-07-11,Orange,059,3164182,258986,257009,11826,268835,5136
2021-07-11,Placer,061,380077,24307,24017,1639,25656,302
2021-07-11,Plumas,063,18699,733,716,14,730,4
2021-07-11,Riverside,065,2383286,297945,293969,14350,308319,4541
2021-07-11,Sacramento,067,1510023,110648,109696,1928,111624,1685
2021-07-11,San Benito,069,59416,6176,6163,116,6279,63
2021-07-11,San Bernardino,071,2135413,297006,295342,9191,304533,5167
2021-07-11,San Diego,073,3302833,286534,283819,15923,299742,3784
2021-07-11,San Francisco,075,870044,38088,37596,1363,38959,559
2021-07-11,San Joaquin,077,732212,75028,74376,3752,78128,1415
2021-07-11,San Luis Obispo,079,281455,21705,21403,774,22177,258
2021-07-11,San Mateo,081,765935,43392,43107,511,43618,542
2021-07-11,Santa Barbara,083,443738,34888,34646,1159,35805,461
2021-07-11,Santa Clara,085,1922200,120676,119549,802,120351,2098
2021-07-11,Santa Cruz,087,273765,16439,16303,821,17124,207
2021-07-11,Shasta,089,179085,12716,12647,1679,14326,208
2021-07-11,Sierra,091,2930,66,62,12,74,0
2021-07-11,Siskiyou,093,43540,2004,1915,403,2318,29
2021-07-11,Solano,095,438530,34105,33837,618,34455,268
2021-07-11,Sonoma,097,501317,31602,31352,373,31725,322
2021-07-11,Stanislaus,099,539301,57507,57230,6127,63357,1028
2021-07-11,Sutter,101,95872,9768,9728,94,9822,114
2021-07-11,Tehama,103,63373,5184,5138,600,5738,63
2021-07-11,Trinity,105,12862,497,340,104,444,3
2021-07-11,Tulare,107,460477,50642,49877,9281,59158,853
2021-07-11,Tuolumne,109,53932,4125,4116,42,4158,64
2021-07-11,Ventura,111,848112,82507,81875,3217,85092,1040
2021-07-11,Yolo,113,214977,14427,14285,392,14677,213
2021-07-11,Yuba,115,75493,6347,6260,133,6393,52
2021-07-10,Alameda,001,1643700,91398,90090,2054,92144,1252
2021-07-10,Alpine,003,1148,88,89,0,89,0
2021-07-10,Amador,005,37829,3787,3773,34,3807,47
2021-07-10,Butte,007,227075,12934,12764,1912,14676,202
2021-07-10,Calaveras,009,45235,2245,2214,14,2228,57
2021-07-10,Colusa,011,21464,1984,1969,331,2300,16
2021-07-10,Contra Costa,013,1133247,72436,71376,1368,72744,821
2021-07-10,Del Norte,015,27424,1502,1451,13,1464,8
2021-07-10,El Dorado,017,186661,10677,10508,800,11308,114
2021-07-10,Fresno,019,978130,104081,102675,8908,111583,1730
2021-07-10,Glenn,021,27897,2465,2440,578,3018,20
2021-07-10,Humboldt,023,135768,4659,4574,55,4629,51
2021-07-10,Imperial,025,180216,28935,28729,2773,31502,741
2021-07-10,Inyo,027,18085,1418,1415,14,1429,36
2021-07-10,Kern,029,883053,98402,97538,11355,108893,1346
2021-07-10,Kings,031,150075,23408,23090,1126,24216,246
2021-07-10,Lake,033,64148,3760,3667,13,3680,63
2021-07-10,Lassen,035,31185,5314,5290,120,5410,21
2021-07-10,Los Angeles,037,10098052,1223537,1212043,42811,1254854,24542
2021-07-10,Madera,039,155013,16944,16744,967,17711,241
2021-07-10,Marin,041,260295,14388,14194,270,14464,233
2021-07-10,Mariposa,043,17540,445,442,11,453,5
2021-07-10,Mendocino,045,87422,4271,4153,87,4240,49
2021-07-10,Merced,047,269075,31436,31328,1072,32400,470
2021-07-10,Modoc,049,8938,421,410,148,558,4
2021-07-10,Mono,051,14174,1271,1275,18,1293,3
2021-07-10,Monterey,053,433212,43513,43251,1909,45160,499
2021-07-10,Napa,055,140530,10134,10077,41,10118,81
2021-07-10,Nevada,057,99092,5098,5000,196,5196,72
2021-07-10,Orange,059,3164182,258808,256438,11810,268248,5135
2021-07-10,Placer,061,380077,24278,23916,1629,25545,302
2021-07-10,Plumas,063,18699,732,717,14,731,4
2021-07-10,Riverside,065,2383286,297755,293474,14336,307810,4541
2021-07-10,Sacramento,067,1510023,110499,109091,1923,111014,1682
2021-07-10,San Benito,069,59416,6171,6141,116,6257,63
2021-07-10,San Bernardino,071,2135413,296818,294932,9179,304111,5117
2021-07-10,San Diego,073,3302833,286244,283577,15870,299447,3783
2021-07-10,San Francisco,075,870044,38005,37338,1360,38698,559
2021-07-10,San Joaquin,077,732212,74971,74150,3746,77896,1412
2021-07-10,San Luis Obispo,079,281455,21694,21375,773,22148,258
2021-07-10,San Mateo,081,765935,43340,42948,509,43457,542
2021-07-10,Santa Barbara,083,443738,34861,34595,1159,35754,460
2021-07-10,Santa Clara,085,1922200,120573,119330,799,120129,2094
2021-07-10,Santa Cruz,087,273765,16432,16286,821,17107,207
2021-07-10,Shasta,089,179085,12703,12623,1674,14297,206
2021-07-10,Sierra,091,2930,66,61,12,73,0
2021-07-10,Siskiyou,093,43540,2002,1909,400,2309,29
2021-07-10,Solano,095,438530,34063,33678,612,34290,268
2021-07-10,Sonoma,097,501317,31551,31231,373,31604,317
2021-07-10,Stanislaus,099,539301,57471,57104,6117,63221,1026
2021-07-10,Sutter,101,95872,9756,9692,94,9786,114
2021-07-10,Tehama,103,63373,5181,5131,600,5731,63
2021-07-10,Trinity,105,12862,497,341,104,445,3
2021-07-10,Tulare,107,460477,50632,49850,9275,59125,853
2021-07-10,Tuolumne,109,53932,4123,4114,42,4156,64
2021-07-10,Ventura,111,848112,82462,81713,3199,84912,1039
2021-07-10,Yolo,113,214977,14406,14250,389,14639,213
2021-07-10,Yuba,115,75493,6337,6238,133,6371,52
2021-07-09,Alameda,001,1643700,91238,90090,2049,92139,1252
2021-07-09,Alpine,003,1148,88,89,0,89,0
2021-07-09,Amador,005,37829,3786,3773,34,3807,47
2021-07-09,Butte,007,227075,12923,12764,1910,14674,202
2021-07-09,Calaveras,009,45235,2243,2214,14,2228,57
2021-07-09,Colusa,011,21464,1983,1969,331,2300,16
2021-07-09,Contra Costa,013,1133247,72311,71376,1366,72742,821
2021-07-09,Del Norte,015,27424,1497,1451,13,1464,8
2021-07-09,El Dorado,017,186661,10662,10508,799,11307,114
2021-07-09,Fresno,019,978130,104025,102675,8901,111576,1730
2021-07-09,Glenn,021,27897,2464,2440,576,3016,20
2021-07-09,Humboldt,023,135768,4640,4574,55,4629,51
2021-07-09,Imperial,025,180216,28927,28729,2772,31501,741
2021-07-09,Inyo,027,18085,1417,1415,14,1429,36
2021-07-09,Kern,029,883053,98364,97538,11343,108881,1346
2021-07-09,Kings,031,150075,23397,23090,1125,24215,246
2021-07-09,Lake,033,64148,3746,3667,13,3680,63
2021-07-09,Lassen,035,31185,5312,5290,119,5409,21
2021-07-09,Los Angeles,037,10098052,1222532,1212043,42738,1254781,24542
2021-07-09,Madera,039,155013,16934,16744,966,17710,241
2021-07-09,Marin,041,260295,14367,14194,269,14463,233
2021-07-09,Mariposa,043,17540,445,442,11,453,5
2021-07-09,Mendocino,045,87422,4264,4153,87,4240,49
2021-07-09,Merced,047,269075,31421,31328,1072,32400,470
2021-07-09,Modoc,049,8938,421,410,148,558,4
2021-07-09,Mono,051,14174,1271,1275,18,1293,3
2021-07-09,Monterey,053,433212,43504,43251,1909,45160,499
2021-07-09,Napa,055,140530,10127,10077,41,10118,81
2021-07-09,Nevada,057,99092,5089,5000,196,5196,72
2021-07-09,Orange,059,3164182,258603,256438,11796,268234,5135
2021-07-09,Placer,061,380077,24256,23916,1623,25539,302
2021-07-09,Plumas,063,18699,730,717,14,731,4
2021-07-09,Riverside,065,2383286,297569,293474,14323,307797,4541
2021-07-09,Sacramento,067,1510023,110345,109091,1914,111005,1682
2021-07-09,San Benito,069,59416,6169,6141,116,6257,63
2021-07-09,San Bernardino,071,2135413,296666,294932,9172,304104,5117
2021-07-09,San Diego,073,3302833,285955,283577,15822,299399,3783
2021-07-09,San Francisco,075,870044,37925,37338,1353,38691,559
2021-07-09,San Joaquin,077,732212,74897,74150,3739,77889,1412
2021-07-09,San Luis Obispo,079,281455,21682,21375,773,22148,258
2021-07-09,San Mateo,081,765935,43296,42948,505,43453,542
2021-07-09,Santa Barbara,083,443738,34840,34595,1158,35753,460
2021-07-09,Santa Clara,085,1922200,120463,119330,799,120129,2094
2021-07-09,Santa Cruz,087,273765,16429,16286,821,17107,207
2021-07-09,Shasta,089,179085,12697,12623,1669,14292,206
2021-07-09,Sierra,091,2930,66,61,12,73,0
2021-07-09,Siskiyou,093,43540,2000,1909,399,2308,29
2021-07-09,Solano,095,438530,34027,33678,608,34286,268
2021-07-09,Sonoma,097,501317,31515,31231,373,31604,317
2021-07-09,Stanislaus,099,539301,57442,57104,6115,63219,1026
2021-07-09,Sutter,101,95872,9747,9692,94,9786,114
2021-07-09,Tehama,103,63373,5179,5131,600,5731,63
2021-07-09,Trinity,105,12862,496,341,101,442,3
2021-07-09,Tulare,107,460477,50619,49850,9269,59119,853
2021-07-09,Tuolumne,109,53932,4119,4114,42,4156,64
2021-07-09,Ventura,111,848112,82407,81713,3190,84903,1039
2021-07-09,Yolo,113,214977,14391,14250,385,14635,213
2021-07-09,Yuba,115,75493,6324,6238,133,6371,52
2021-07-08,Alameda,001,1643700,91031,90090,2046,92136,1252
2021-07-08,Alpine,003,1148,88,89,0,89,0
2021-07-08,Amador,005,37829,3784,3773,34,3807,47
2021-07-08,Butte,007,227075,12910,12764,1907,14671,202
2021-07-08,Calaveras,009,45235,2240,2214,13,2227,57
2021-07-08,Colusa,011,21464,1983,1969,331,2300,16
2021-07-08,Contra Costa,013,1133247,72183,71376,1361,72737,821
2021-07-08,Del Norte,015,27424,1495,1451,13,1464,8
2021-07-08,El Dorado,017,186661,10645,10508,794,11302,114
2021-07-08,Fresno,019,978130,103963,102675,8890,111565,1730
2021-07-08,Glenn,021,27897,2464,2440,576,3016,20
2021-07-08,Humboldt,023,135768,4624,4574,54,4628,51
2021-07-08,Imperial,025,180216,28915,28729,2771,31500,741
2021-07-08,Inyo,027,18085,1417,1415,14,1429,36
2021-07-08,Kern,029,883053,98316,97538,11328,108866,1346
2021-07-08,Kings,031,150075,23388,23090,1125,24215,246
2021-07-08,Lake,033,64148,3732,3667,13,3680,63
2021-07-08,Lassen,035,31185,5309,5290,119,5409,21
2021-07-08,Los Angeles,037,10098052,1221317,1212043,42643,1254686,24542
2021-07-08,Madera,039,155013,16918,16744,966,17710,241
2021-07-08,Marin,041,260295,14353,14194,269,14463,233
2021-07-08,Mariposa,043,17540,444,442,11,453,5
2021-07-08,Mendocino,045,87422,4261,4153,87,4240,49
2021-07-08,Merced,047,269075,31407,31328,1070,32398,470
2021-07-08,Modoc,049,8938,421,410,148,558,4
2021-07-08,Mono,051,14174,1271,1275,18,1293,3
2021-07-08,Monterey,053,433212,43484,43251,1903,45154,499
2021-07-08,Napa,055,140530,10123,10077,41,10118,81
2021-07-08,Nevada,057,99092,5083,5000,196,5196,72
2021-07-08,Orange,059,3164182,258408,256438,11774,268212,5135
2021-07-08,Placer,061,380077,24217,23916,1615,25531,302
2021-07-08,Plumas,063,18699,729,717,14,731,4
2021-07-08,Riverside,065,2383286,297368,293474,14307,307781,4541
2021-07-08,Sacramento,067,1510023,110123,109091,1907,110998,1682
2021-07-08,San Benito,069,59416,6166,6141,116,6257,63
2021-07-08,San Bernardino,071,2135413,296491,294932,9163,304095,5117
2021-07-08,San Diego,073,3302833,285628,283577,15774,299351,3783
2021-07-08,San Francisco,075,870044,37845,37338,1349,38687,559
2021-07-08,San Joaquin,077,732212,74809,74150,3726,77876,1412
2021-07-08,San Luis Obispo,079,281455,21670,21375,770,22145,258
2021-07-08,San Mateo,081,765935,43245,42948,504,43452,542
2021-07-08,Santa Barbara,083,443738,34813,34595,1156,35751,460
2021-07-08,Santa Clara,085,1922200,120370,119330,798,120128,2094
2021-07-08,Santa Cruz,087,273765,16423,16286,821,17107,207
2021-07-08,Shasta,089,179085,12691,12623,1665,14288,206
2021-07-08,Sierra,091,2930,66,61,12,73,0
2021-07-08,Siskiyou,093,43540,1995,1909,396,2305,29
2021-07-08,Solano,095,438530,33972,33678,602,34280,268
2021-07-08,Sonoma,097,501317,31484,31231,372,31603,317
2021-07-08,Stanislaus,099,539301,57416,57104,6111,63215,1026
2021-07-08,Sutter,101,95872,9733,9692,92,9784,114
2021-07-08,Tehama,103,63373,5176,5131,599,5730,63
2021-07-08,Trinity,105,12862,496,341,101,442,3
2021-07-08,Tulare,107,460477,50601,49850,9261,59111,853
2021-07-08,Tuolumne,109,53932,4117,4114,42,4156,64
2021-07-08,Ventura,111,848112,82343,81713,3174,84887,1039
2021-07-08,Yolo,113,214977,14372,14250,383,14633,213
2021-07-08,Yuba,115,75493,6316,6238,133,6371,52
2021-07-07,Alameda,001,1643700,90846,89995,2040,92035,1253
2021-07-07,Alpine,003,1148,88,89,0,89,0
2021-07-07,Amador,005,37829,3779,3770,34,3804,47
2021-07-07,Butte,007,227075,12897,12750,1902,14652,202
2021-07-07,Calaveras,009,45235,2233,2212,13,2225,57
2021-07-07,Colusa,011,21464,1979,1969,331,2300,16
2021-07-07,Contra Costa,013,1133247,72036,71308,1359,72667,821
2021-07-07,Del Norte,015,27424,1490,1446,13,1459,8
2021-07-07,El Dorado,017,186661,10625,10494,792,11286,114
2021-07-07,Fresno,019,978130,103913,102639,8883,111522,1729
2021-07-07,Glenn,021,27897,2464,2441,576,3017,20
2021-07-07,Humboldt,023,135768,4610,4566,54,4620,51
2021-07-07,Imperial,025,180216,28908,28701,2771,31472,740
2021-07-07,Inyo,027,18085,1416,1415,14,1429,36
2021-07-07,Kern,029,883053,98272,97507,11313,108820,1348
2021-07-07,Kings,031,150075,23375,23085,1122,24207,245
2021-07-07,Lake,033,64148,3713,3660,13,3673,63
2021-07-07,Lassen,035,31185,5309,5286,119,5405,21
2021-07-07,Los Angeles,037,10098052,1220138,1211316,42538,1253854,24531
2021-07-07,Madera,039,155013,16907,16733,964,17697,241
2021-07-07,Marin,041,260295,14334,14183,268,14451,233
2021-07-07,Mariposa,043,17540,442,442,11,453,5
2021-07-07,Mendocino,045,87422,4252,4145,87,4232,49
2021-07-07,Merced,047,269075,31392,31317,1070,32387,470
2021-07-07,Modoc,049,8938,421,410,148,558,4
2021-07-07,Mono,051,14174,1270,1274,18,1292,3
2021-07-07,Monterey,053,433212,43459,43233,1901,45134,494
2021-07-07,Napa,055,140530,10112,10078,41,10119,81
2021-07-07,Nevada,057,99092,5076,4996,196,5192,72
2021-07-07,Orange,059,3164182,258182,256301,11752,268053,5132
2021-07-07,Placer,061,380077,24181,23901,1605,25506,302
2021-07-07,Plumas,063,18699,729,710,14,724,4
2021-07-07,Riverside,065,2383286,297153,293331,14297,307628,4538
2021-07-07,Sacramento,067,1510023,109932,108954,1899,110853,1682
2021-07-07,San Benito,069,59416,6161,6137,116,6253,63
2021-07-07,San Bernardino,071,2135413,296323,294787,9156,303943,5087
2021-07-07,San Diego,073,3302833,285308,283377,15734,299111,3782
2021-07-07,San Francisco,075,870044,37753,37284,1346,38630,558
2021-07-07,San Joaquin,077,732212,74733,74095,3710,77805,1410
2021-07-07,San Luis Obispo,079,281455,21661,21360,768,22128,258
2021-07-07,San Mateo,081,765935,43191,42908,501,43409,542
2021-07-07,Santa Barbara,083,443738,34787,34582,1156,35738,460
2021-07-07,Santa Clara,085,1922200,120272,119250,797,120047,2094
2021-07-07,Santa Cruz,087,273765,16414,16279,820,17099,207
2021-07-07,Shasta,089,179085,12683,12613,1662,14275,206
2021-07-07,Sierra,091,2930,66,60,12,72,0
2021-07-07,Siskiyou,093,43540,1989,1908,392,2300,29
2021-07-07,Solano,095,438530,33923,33659,595,34254,268
2021-07-07,Sonoma,097,501317,31438,31172,372,31544,316
2021-07-07,Stanislaus,099,539301,57384,57102,6106,63208,1028
2021-07-07,Sutter,101,95872,9723,9683,92,9775,114
2021-07-07,Tehama,103,63373,5175,5129,599,5728,63
2021-07-07,Trinity,105,12862,496,341,101,442,3
2021-07-07,Tulare,107,460477,50597,49835,9252,59087,853
2021-07-07,Tuolumne,109,53932,4113,4115,41,4156,64
2021-07-07,Ventura,111,848112,82299,81608,3160,84768,1036
2021-07-07,Yolo,113,214977,14362,14236,380,14616,213
2021-07-07,Yuba,115,75493,6300,6233,133,6366,51
2021-07-06,Alameda,001,1643700,90648,89918,2032,91950,1253
2021-07-06,Alpine,003,1148,88,89,0,89,0
2021-07-06,Amador,005,37829,3778,3768,33,3801,47
2021-07-06,Butte,007,227075,12884,12744,1899,14643,201
2021-07-06,Calaveras,009,45235,2233,2211,13,2224,55
2021-07-06,Colusa,011,21464,1978,1967,328,2295,16
2021-07-06,Contra Costa,013,1133247,71908,71262,1356,72618,820
2021-07-06,Del Norte,015,27424,1486,1445,13,1458,8
2021-07-06,El Dorado,017,186661,10607,10484,791,11275,113
2021-07-06,Fresno,019,978130,103861,102616,8871,111487,1727
2021-07-06,Glenn,021,27897,2463,2438,576,3014,20
2021-07-06,Humboldt,023,135768,4596,4565,53,4618,49
2021-07-06,Imperial,025,180216,28893,28693,2769,31462,739
2021-07-06,Inyo,027,18085,1416,1412,14,1426,36
2021-07-06,Kern,029,883053,98230,97491,11302,108793,1346
2021-07-06,Kings,031,150075,23367,23077,1121,24198,245
2021-07-06,Lake,033,64148,3703,3659,13,3672,63
2021-07-06,Lassen,035,31185,5308,5288,118,5406,21
2021-07-06,Los Angeles,037,10098052,1218918,1210965,42439,1253404,24525
2021-07-06,Madera,039,155013,16895,16730,964,17694,241
2021-07-06,Marin,041,260295,14320,14181,268,14449,233
2021-07-06,Mariposa,043,17540,442,442,11,453,5
2021-07-06,Mendocino,045,87422,4245,4143,87,4230,49
2021-07-06,Merced,047,269075,31375,31317,1069,32386,470
2021-07-06,Modoc,049,8938,421,411,148,559,4
2021-07-06,Mono,051,14174,1269,1274,18,1292,3
2021-07-06,Monterey,053,433212,43436,43224,1900,45124,494
2021-07-06,Napa,055,140530,10101,10081,41,10122,81
2021-07-06,Nevada,057,99092,5067,4988,196,5184,72
2021-07-06,Orange,059,3164182,257938,256227,11735,267962,5129
2021-07-06,Placer,061,380077,24140,23876,1599,25475,302
2021-07-06,Plumas,063,18699,728,708,14,722,4
2021-07-06,Riverside,065,2383286,296951,293227,14279,307506,4539
2021-07-06,Sacramento,067,1510023,109721,108850,1891,110741,1679
2021-07-06,San Benito,069,59416,6157,6137,116,6253,63
2021-07-06,San Bernardino,071,2135413,296144,294712,9143,303855,5056
2021-07-06,San Diego,073,3302833,284950,283278,15675,298953,3782
2021-07-06,San Francisco,075,870044,37636,37251,1345,38596,558
2021-07-06,San Joaquin,077,732212,74663,74019,3698,77717,1410
2021-07-06,San Luis Obispo,079,281455,21644,21354,767,22121,257
2021-07-06,San Mateo,081,765935,43116,42895,501,43396,541
2021-07-06,Santa Barbara,083,443738,34768,34572,1154,35726,460
2021-07-06,Santa Clara,085,1922200,120154,119194,794,119988,2095
2021-07-06,Santa Cruz,087,273765,16409,16274,819,17093,207
2021-07-06,Shasta,089,179085,12673,12606,1660,14266,205
2021-07-06,Sierra,091,2930,65,60,12,72,0
2021-07-06,Siskiyou,093,43540,1986,1905,388,2293,29
2021-07-06,Solano,095,438530,33872,33619,592,34211,268
2021-07-06,Sonoma,097,501317,31375,31130,371,31501,316
2021-07-06,Stanislaus,099,539301,57337,57120,6095,63215,1029
2021-07-06,Sutter,101,95872,9714,9674,91,9765,114
2021-07-06,Tehama,103,63373,5172,5126,598,5724,63
2021-07-06,Trinity,105,12862,496,341,101,442,3
2021-07-06,Tulare,107,460477,50582,49826,9241,59067,853
2021-07-06,Tuolumne,109,53932,4111,4113,41,4154,64
2021-07-06,Ventura,111,848112,82259,81534,3134,84668,1033
2021-07-06,Yolo,113,214977,14340,14227,377,14604,213
2021-07-06,Yuba,115,75493,6289,6231,133,6364,51
2021-07-05,Alameda,001,1643700,90470,89892,2027,91919,1253
2021-07-05,Alpine,003,1148,88,89,0,89,0
2021-07-05,Amador,005,37829,3776,3768,33,3801,47
2021-07-05,Butte,007,227075,12876,12740,1889,14629,201
2021-07-05,Calaveras,009,45235,2231,2211,13,2224,55
2021-07-05,Colusa,011,21464,1976,1966,327,2293,16
2021-07-05,Contra Costa,013,1133247,71780,71235,1356,72591,820
2021-07-05,Del Norte,015,27424,1482,1446,13,1459,8
2021-07-05,El Dorado,017,186661,10582,10481,791,11272,113
2021-07-05,Fresno,019,978130,103802,102592,8856,111448,1727
2021-07-05,Glenn,021,27897,2460,2438,575,3013,20
2021-07-05,Humboldt,023,135768,4582,4563,53,4616,49
2021-07-05,Imperial,025,180216,28874,28689,2769,31458,739
2021-07-05,Inyo,027,18085,1416,1412,14,1426,36
2021-07-05,Kern,029,883053,98183,97479,11281,108760,1346
2021-07-05,Kings,031,150075,23359,23065,1118,24183,245
2021-07-05,Lake,033,64148,3685,3645,13,3658,63
2021-07-05,Lassen,035,31185,5305,5288,117,5405,21
2021-07-05,Los Angeles,037,10098052,1217727,1210653,42336,1252989,24522
2021-07-05,Madera,039,155013,16884,16722,963,17685,241
2021-07-05,Marin,041,260295,14299,14178,268,14446,233
2021-07-05,Mariposa,043,17540,442,441,11,452,5
2021-07-05,Mendocino,045,87422,4240,4139,86,4225,49
2021-07-05,Merced,047,269075,31355,31312,1069,32381,470
2021-07-05,Modoc,049,8938,421,410,148,558,4
2021-07-05,Mono,051,14174,1269,1273,18,1291,3
2021-07-05,Monterey,053,433212,43416,43218,1895,45113,494
2021-07-05,Napa,055,140530,10095,10074,41,10115,81
2021-07-05,Nevada,057,99092,5049,4980,195,5175,72
2021-07-05,Orange,059,3164182,257737,256173,11717,267890,5129
2021-07-05,Placer,061,380077,24093,23867,1591,25458,302
2021-07-05,Plumas,063,18699,727,708,14,722,4
2021-07-05,Riverside,065,2383286,296760,293193,14267,307460,4539
2021-07-05,Sacramento,067,1510023,109539,108758,1882,110640,1679
2021-07-05,San Benito,069,59416,6150,6137,116,6253,63
2021-07-05,San Bernardino,071,2135413,295981,294647,9136,303783,5037
2021-07-05,San Diego,073,3302833,284587,282834,15631,298465,3782
2021-07-05,San Francisco,075,870044,37550,37237,1340,38577,558
2021-07-05,San Joaquin,077,732212,74593,73999,3693,77692,1410
2021-07-05,San Luis Obispo,079,281455,21631,21351,766,22117,257
2021-07-05,San Mateo,081,765935,43064,42876,498,43374,541
2021-07-05,Santa Barbara,083,443738,34748,34569,1154,35723,460
2021-07-05,Santa Clara,085,1922200,120048,119184,792,119976,2095
2021-07-05,Santa Cruz,087,273765,16400,16273,818,17091,208
2021-07-05,Shasta,089,179085,12664,12603,1658,14261,205
2021-07-05,Sierra,091,2930,65,60,12,72,0
2021-07-05,Siskiyou,093,43540,1984,1904,387,2291,29
2021-07-05,Solano,095,438530,33802,33612,586,34198,268
2021-07-05,Sonoma,097,501317,31322,31116,371,31487,316
2021-07-05,Stanislaus,099,539301,57307,57109,6084,63193,1029
2021-07-05,Sutter,101,95872,9702,9667,91,9758,114
2021-07-05,Tehama,103,63373,5171,5125,598,5723,63
2021-07-05,Trinity,105,12862,495,341,100,441,3
2021-07-05,Tulare,107,460477,50564,49818,9238,59056,853
2021-07-05,Tuolumne,109,53932,4107,4112,41,4153,64
2021-07-05,Ventura,111,848112,82208,81519,3115,84634,1033
2021-07-05,Yolo,113,214977,14319,14225,369,14594,213
2021-07-05,Yuba,115,75493,6281,6223,133,6356,51
2021-07-04,Alameda,001,1643700,90305,89683,2024,91707,1253
2021-07-04,Alpine,003,1148,88,89,0,89,0
2021-07-04,Amador,005,37829,3775,3758,33,3791,46
2021-07-04,Butte,007,227075,12866,12684,1889,14573,201
2021-07-04,Calaveras,009,45235,2227,2200,13,2213,55
2021-07-04,Colusa,011,21464,1976,1969,327,2296,15
2021-07-04,Contra Costa,013,1133247,71674,70941,1351,72292,818
2021-07-04,Del Norte,015,27424,1479,1439,13,1452,8
2021-07-04,El Dorado,017,186661,10573,10433,790,11223,113
2021-07-04,Fresno,019,978130,103756,102512,8839,111351,1727
2021-07-04,Glenn,021,27897,2458,2442,574,3016,20
2021-07-04,Humboldt,023,135768,4574,4530,53,4583,49
2021-07-04,Imperial,025,180216,28868,28661,2769,31430,739
2021-07-04,Inyo,027,18085,1416,1412,14,1426,35
2021-07-04,Kern,029,883053,98164,97421,11272,108693,1347
2021-07-04,Kings,031,150075,23351,23051,1118,24169,245
2021-07-04,Lake,033,64148,3675,3623,13,3636,62
2021-07-04,Lassen,035,31185,5304,5277,117,5394,20
2021-07-04,Los Angeles,037,10098052,1216867,1208705,42249,1250954,24506
2021-07-04,Madera,039,155013,16872,16696,961,17657,240
2021-07-04,Marin,041,260295,14284,14143,268,14411,233
2021-07-04,Mariposa,043,17540,442,441,11,452,5
2021-07-04,Mendocino,045,87422,4230,4122,86,4208,49
2021-07-04,Merced,047,269075,31344,31297,1069,32366,469
2021-07-04,Modoc,049,8938,421,410,148,558,4
2021-07-04,Mono,051,14174,1269,1275,18,1293,3
2021-07-04,Monterey,053,433212,43400,43212,1894,45106,492
2021-07-04,Napa,055,140530,10087,10045,40,10085,81
2021-07-04,Nevada,057,99092,5039,4966,195,5161,72
2021-07-04,Orange,059,3164182,257562,255823,11696,267519,5126
2021-07-04,Placer,061,380077,24056,23764,1584,25348,299
2021-07-04,Plumas,063,18699,727,707,14,721,4
2021-07-04,Riverside,065,2383286,296600,293260,14261,307521,4536
2021-07-04,Sacramento,067,1510023,109369,108257,1876,110133,1676
2021-07-04,San Benito,069,59416,6143,6108,116,6224,63
2021-07-04,San Bernardino,071,2135413,295814,294294,9129,303423,5003
2021-07-04,San Diego,073,3302833,284363,282692,15593,298285,3780
2021-07-04,San Francisco,075,870044,37492,37107,1334,38441,558
2021-07-04,San Joaquin,077,732212,74527,73841,3685,77526,1409
2021-07-04,San Luis Obispo,079,281455,21625,21330,765,22095,256
2021-07-04,San Mateo,081,765935,43030,42691,498,43189,541
2021-07-04,Santa Barbara,083,443738,34725,34526,1153,35679,456
2021-07-04,Santa Clara,085,1922200,119958,118966,791,119757,2090
2021-07-04,Santa Cruz,087,273765,16389,16254,818,17072,208
2021-07-04,Shasta,089,179085,12660,12582,1657,14239,204
2021-07-04,Sierra,091,2930,64,60,12,72,0
2021-07-04,Siskiyou,093,43540,1980,1899,386,2285,29
2021-07-04,Solano,095,438530,33761,33486,584,34070,268
2021-07-04,Sonoma,097,501317,31292,31000,370,31370,316
2021-07-04,Stanislaus,099,539301,57292,57018,6078,63096,1018
2021-07-04,Sutter,101,95872,9691,9644,91,9735,114
2021-07-04,Tehama,103,63373,5167,5124,598,5722,63
2021-07-04,Trinity,105,12862,494,341,100,441,3
2021-07-04,Tulare,107,460477,50554,49789,9235,59024,853
2021-07-04,Tuolumne,109,53932,4099,4113,41,4154,64
2021-07-04,Ventura,111,848112,82150,81425,3104,84529,1033
2021-07-04,Yolo,113,214977,14299,14188,366,14554,213
2021-07-04,Yuba,115,75493,6273,6197,133,6330,51
2021-07-03,Alameda,001,1643700,90217,89683,2016,91699,1253
2021-07-03,Alpine,003,1148,88,89,0,89,0
2021-07-03,Amador,005,37829,3775,3758,33,3791,46
2021-07-03,Butte,007,227075,12862,12684,1888,14572,201
2021-07-03,Calaveras,009,45235,2225,2200,13,2213,55
2021-07-03,Colusa,011,21464,1975,1969,327,2296,15
2021-07-03,Contra Costa,013,1133247,71615,70941,1348,72289,818
2021-07-03,Del Norte,015,27424,1476,1439,13,1452,8
2021-07-03,El Dorado,017,186661,10566,10433,788,11221,113
2021-07-03,Fresno,019,978130,103732,102512,8830,111342,1727
2021-07-03,Glenn,021,27897,2458,2442,574,3016,20
2021-07-03,Humboldt,023,135768,4569,4530,53,4583,49
2021-07-03,Imperial,025,180216,28858,28661,2769,31430,739
2021-07-03,Inyo,027,18085,1416,1412,14,1426,35
2021-07-03,Kern,029,883053,98144,97421,11264,108685,1347
2021-07-03,Kings,031,150075,23351,23051,1117,24168,245
2021-07-03,Lake,033,64148,3665,3623,13,3636,62
2021-07-03,Lassen,035,31185,5303,5277,117,5394,20
2021-07-03,Los Angeles,037,10098052,1216439,1208705,42218,1250923,24506
2021-07-03,Madera,039,155013,16863,16696,958,17654,240
2021-07-03,Marin,041,260295,14280,14143,268,14411,233
2021-07-03,Mariposa,043,17540,442,441,11,452,5
2021-07-03,Mendocino,045,87422,4229,4122,86,4208,49
2021-07-03,Merced,047,269075,31331,31297,1068,32365,469
2021-07-03,Modoc,049,8938,420,410,148,558,4
2021-07-03,Mono,051,14174,1268,1275,18,1293,3
2021-07-03,Monterey,053,433212,43388,43212,1891,45103,492
2021-07-03,Napa,055,140530,10082,10045,40,10085,81
2021-07-03,Nevada,057,99092,5025,4966,195,5161,72
2021-07-03,Orange,059,3164182,257478,255823,11689,267512,5126
2021-07-03,Placer,061,380077,24037,23764,1581,25345,299
2021-07-03,Plumas,063,18699,727,707,14,721,4
2021-07-03,Riverside,065,2383286,296508,293260,14257,307517,4536
2021-07-03,Sacramento,067,1510023,109295,108257,1873,110130,1676
2021-07-03,San Benito,069,59416,6136,6108,116,6224,63
2021-07-03,San Bernardino,071,2135413,295724,294294,9126,303420,5003
2021-07-03,San Diego,073,3302833,284232,282692,15574,298266,3780
2021-07-03,San Francisco,075,870044,37451,37107,1331,38438,558
2021-07-03,San Joaquin,077,732212,74491,73841,3680,77521,1409
2021-07-03,San Luis Obispo,079,281455,21613,21330,765,22095,256
2021-07-03,San Mateo,081,765935,43005,42691,497,43188,541
2021-07-03,Santa Barbara,083,443738,34716,34526,1152,35678,456
2021-07-03,Santa Clara,085,1922200,119911,118966,791,119757,2090
2021-07-03,Santa Cruz,087,273765,16382,16254,818,17072,208
2021-07-03,Shasta,089,179085,12656,12582,1655,14237,204
2021-07-03,Sierra,091,2930,64,60,12,72,0
2021-07-03,Siskiyou,093,43540,1979,1899,385,2284,29
2021-07-03,Solano,095,438530,33717,33486,584,34070,268
2021-07-03,Sonoma,097,501317,31258,31000,370,31370,316
2021-07-03,Stanislaus,099,539301,57281,57018,6070,63088,1018
2021-07-03,Sutter,101,95872,9681,9644,91,9735,114
2021-07-03,Tehama,103,63373,5165,5124,598,5722,63
2021-07-03,Trinity,105,12862,494,341,100,441,3
2021-07-03,Tulare,107,460477,50548,49789,9229,59018,853
2021-07-03,Tuolumne,109,53932,4098,4113,41,4154,64
2021-07-03,Ventura,111,848112,82120,81425,3096,84521,1033
2021-07-03,Yolo,113,214977,14289,14188,363,14551,213
2021-07-03,Yuba,115,75493,6267,6197,133,6330,51
2021-07-02,Alameda,001,1643700,90135,89683,2015,91698,1253
2021-07-02,Alpine,003,1148,88,89,0,89,0
2021-07-02,Amador,005,37829,3773,3758,33,3791,46
2021-07-02,Butte,007,227075,12855,12684,1888,14572,201
2021-07-02,Calaveras,009,45235,2223,2200,13,2213,55
2021-07-02,Colusa,011,21464,1974,1969,326,2295,15
2021-07-02,Contra Costa,013,1133247,71545,70941,1344,72285,818
2021-07-02,Del Norte,015,27424,1476,1439,13,1452,8
2021-07-02,El Dorado,017,186661,10558,10433,788,11221,113
2021-07-02,Fresno,019,978130,103703,102512,8824,111336,1727
2021-07-02,Glenn,021,27897,2457,2442,573,3015,20
2021-07-02,Humboldt,023,135768,4566,4530,52,4582,49
2021-07-02,Imperial,025,180216,28852,28661,2768,31429,739
2021-07-02,Inyo,027,18085,1416,1412,14,1426,35
2021-07-02,Kern,029,883053,98126,97421,11255,108676,1347
2021-07-02,Kings,031,150075,23341,23051,1117,24168,245
2021-07-02,Lake,033,64148,3659,3623,13,3636,62
2021-07-02,Lassen,035,31185,5303,5277,117,5394,20
2021-07-02,Los Angeles,037,10098052,1215965,1208705,42180,1250885,24506
2021-07-02,Madera,039,155013,16854,16696,957,17653,240
2021-07-02,Marin,041,260295,14276,14143,268,14411,233
2021-07-02,Mariposa,043,17540,442,441,11,452,5
2021-07-02,Mendocino,045,87422,4225,4122,85,4207,49
2021-07-02,Merced,047,269075,31322,31297,1068,32365,469
2021-07-02,Modoc,049,8938,420,410,148,558,4
2021-07-02,Mono,051,14174,1267,1275,18,1293,3
2021-07-02,Monterey,053,433212,43380,43212,1890,45102,492
2021-07-02,Napa,055,140530,10077,10045,40,10085,81
2021-07-02,Nevada,057,99092,5016,4966,195,5161,72
2021-07-02,Orange,059,3164182,257367,255823,11682,267505,5126
2021-07-02,Placer,061,380077,24020,23764,1574,25338,299
2021-07-02,Plumas,063,18699,727,707,14,721,4
2021-07-02,Riverside,065,2383286,296411,293260,14252,307512,4536
2021-07-02,Sacramento,067,1510023,109217,108257,1872,110129,1676
2021-07-02,San Benito,069,59416,6133,6108,116,6224,63
2021-07-02,San Bernardino,071,2135413,295637,294294,9124,303418,5003
2021-07-02,San Diego,073,3302833,284087,282692,15548,298240,3780
2021-07-02,San Francisco,075,870044,37402,37107,1329,38436,558
2021-07-02,San Joaquin,077,732212,74458,73841,3674,77515,1409
2021-07-02,San Luis Obispo,079,281455,21607,21330,764,22094,256
2021-07-02,San Mateo,081,765935,42969,42691,497,43188,541
2021-07-02,Santa Barbara,083,443738,34706,34526,1152,35678,456
2021-07-02,Santa Clara,085,1922200,119833,118966,791,119757,2090
2021-07-02,Santa Cruz,087,273765,16378,16254,818,17072,208
2021-07-02,Shasta,089,179085,12652,12582,1655,14237,204
2021-07-02,Sierra,091,2930,63,60,12,72,0
2021-07-02,Siskiyou,093,43540,1976,1899,384,2283,29
2021-07-02,Solano,095,438530,33692,33486,584,34070,268
2021-07-02,Sonoma,097,501317,31235,31000,370,31370,316
2021-07-02,Stanislaus,099,539301,57264,57018,6069,63087,1018
2021-07-02,Sutter,101,95872,9677,9644,91,9735,114
2021-07-02,Tehama,103,63373,5163,5124,596,5720,63
2021-07-02,Trinity,105,12862,494,341,100,441,3
2021-07-02,Tulare,107,460477,50538,49789,9221,59010,853
2021-07-02,Tuolumne,109,53932,4095,4113,41,4154,64
2021-07-02,Ventura,111,848112,82077,81425,3088,84513,1033
2021-07-02,Yolo,113,214977,14273,14188,361,14549,213
2021-07-02,Yuba,115,75493,6259,6197,133,6330,51
2021-07-01,Alameda,001,1643700,90035,89683,2013,91696,1253
2021-07-01,Alpine,003,1148,88,89,0,89,0
2021-07-01,Amador,005,37829,3772,3758,33,3791,46
2021-07-01,Butte,007,227075,12843,12684,1886,14570,201
2021-07-01,Calaveras,009,45235,2221,2200,13,2213,55
2021-07-01,Colusa,011,21464,1974,1969,324,2293,15
2021-07-01,Contra Costa,013,1133247,71473,70941,1344,72285,818
2021-07-01,Del Norte,015,27424,1475,1439,13,1452,8
2021-07-01,El Dorado,017,186661,10546,10433,788,11221,113
2021-07-01,Fresno,019,978130,103664,102512,8819,111331,1727
2021-07-01,Glenn,021,27897,2457,2442,573,3015,20
2021-07-01,Humboldt,023,135768,4564,4530,52,4582,49
2021-07-01,Imperial,025,180216,28835,28661,2768,31429,739
2021-07-01,Inyo,027,18085,1416,1412,14,1426,35
2021-07-01,Kern,029,883053,98100,97421,11245,108666,1347
2021-07-01,Kings,031,150075,23327,23051,1117,24168,245
2021-07-01,Lake,033,64148,3656,3623,13,3636,62
2021-07-01,Lassen,035,31185,5301,5277,117,5394,20
2021-07-01,Los Angeles,037,10098052,1215366,1208705,42125,1250830,24506
2021-07-01,Madera,039,155013,16845,16696,956,17652,240
2021-07-01,Marin,041,260295,14272,14143,268,14411,233
2021-07-01,Mariposa,043,17540,442,441,11,452,5
2021-07-01,Mendocino,045,87422,4221,4122,84,4206,49
2021-07-01,Merced,047,269075,31316,31297,1068,32365,469
2021-07-01,Modoc,049,8938,420,410,148,558,4
2021-07-01,Mono,051,14174,1266,1275,18,1293,3
2021-07-01,Monterey,053,433212,43372,43212,1886,45098,492
2021-07-01,Napa,055,140530,10070,10045,40,10085,81
2021-07-01,Nevada,057,99092,5011,4966,195,5161,72
2021-07-01,Orange,059,3164182,257246,255823,11663,267486,5126
2021-07-01,Placer,061,380077,24001,23764,1571,25335,299
2021-07-01,Plumas,063,18699,724,707,12,719,4
2021-07-01,Riverside,065,2383286,296302,293260,14244,307504,4536
2021-07-01,Sacramento,067,1510023,109091,108257,1865,110122,1676
2021-07-01,San Benito,069,59416,6129,6108,116,6224,63
2021-07-01,San Bernardino,071,2135413,295517,294294,9119,303413,5003
2021-07-01,San Diego,073,3302833,283909,282692,15511,298203,3780
2021-07-01,San Francisco,075,870044,37366,37107,1327,38434,558
2021-07-01,San Joaquin,077,732212,74407,73841,3670,77511,1409
2021-07-01,San Luis Obispo,079,281455,21592,21330,763,22093,256
2021-07-01,San Mateo,081,765935,42941,42691,496,43187,541
2021-07-01,Santa Barbara,083,443738,34693,34526,1152,35678,456
2021-07-01,Santa Clara,085,1922200,119784,118966,791,119757,2090
2021-07-01,Santa Cruz,087,273765,16373,16254,818,17072,208
2021-07-01,Shasta,089,179085,12644,12582,1654,14236,204
2021-07-01,Sierra,091,2930,63,60,12,72,0
2021-07-01,Siskiyou,093,43540,1976,1899,384,2283,29
2021-07-01,Solano,095,438530,33651,33486,583,34069,268
2021-07-01,Sonoma,097,501317,31191,31000,370,31370,316
2021-07-01,Stanislaus,099,539301,57247,57018,6065,63083,1018
2021-07-01,Sutter,101,95872,9668,9644,91,9735,114
2021-07-01,Tehama,103,63373,5163,5124,595,5719,63
2021-07-01,Trinity,105,12862,494,341,100,441,3
2021-07-01,Tulare,107,460477,50529,49789,9214,59003,853
2021-07-01,Tuolumne,109,53932,4088,4113,41,4154,64
2021-07-01,Ventura,111,848112,82046,81425,3077,84502,1033
2021-07-01,Yolo,113,214977,14257,14188,359,14547,213
2021-07-01,Yuba,115,75493,6252,6197,133,6330,51
2021-06-30,Alameda,001,1643700,89956,89597,2008,91605,1256
2021-06-30,Alpine,003,1148,88,89,0,89,0
2021-06-30,Amador,005,37829,3770,3756,33,3789,46
2021-06-30,Butte,007,227075,12836,12676,1877,14553,201
2021-06-30,Calaveras,009,45235,2215,2198,13,2211,55
2021-06-30,Colusa,011,21464,1972,1967,321,2288,15
2021-06-30,Contra Costa,013,1133247,71408,70869,1341,72210,818
2021-06-30,Del Norte,015,27424,1470,1435,13,1448,8
2021-06-30,El Dorado,017,186661,10527,10420,788,11208,113
2021-06-30,Fresno,019,978130,103627,102490,8816,111306,1727
2021-06-30,Glenn,021,27897,2455,2440,573,3013,20
2021-06-30,Humboldt,023,135768,4548,4522,50,4572,49
2021-06-30,Imperial,025,180216,28827,28651,2768,31419,739
2021-06-30,Inyo,027,18085,1416,1409,14,1423,35
2021-06-30,Kern,029,883053,98059,97267,11233,108500,1348
2021-06-30,Kings,031,150075,23322,23038,1116,24154,245
2021-06-30,Lake,033,64148,3643,3601,13,3614,56
2021-06-30,Lassen,035,31185,5296,5269,117,5386,20
2021-06-30,Los Angeles,037,10098052,1214694,1208246,42080,1250326,24499
2021-06-30,Madera,039,155013,16837,16688,954,17642,240
2021-06-30,Marin,041,260295,14263,14133,267,14400,232
2021-06-30,Mariposa,043,17540,441,441,11,452,5
2021-06-30,Mendocino,045,87422,4211,4115,84,4199,49
2021-06-30,Merced,047,269075,31306,31286,1068,32354,469
2021-06-30,Modoc,049,8938,420,410,148,558,4
2021-06-30,Mono,051,14174,1266,1275,18,1293,3
2021-06-30,Monterey,053,433212,43367,43209,1884,45093,492
2021-06-30,Napa,055,140530,10062,10039,40,10079,81
2021-06-30,Nevada,057,99092,5000,4958,195,5153,72
2021-06-30,Orange,059,3164182,257119,255764,11652,267416,5125
2021-06-30,Placer,061,380077,23977,23721,1568,25289,299
2021-06-30,Plumas,063,18699,724,705,12,717,4
2021-06-30,Riverside,065,2383286,296188,293280,14234,307514,4535
2021-06-30,Sacramento,067,1510023,108952,108137,1861,109998,1676
2021-06-30,San Benito,069,59416,6125,6105,116,6221,63
2021-06-30,San Bernardino,071,2135413,295357,294211,9114,303325,4975
2021-06-30,San Diego,073,3302833,283773,282583,15483,298066,3780
2021-06-30,San Francisco,075,870044,37317,37065,1322,38387,558
2021-06-30,San Joaquin,077,732212,74345,73777,3669,77446,1409
2021-06-30,San Luis Obispo,079,281455,21579,21326,762,22088,256
2021-06-30,San Mateo,081,765935,42904,42599,495,43094,537
2021-06-30,Santa Barbara,083,443738,34677,34521,1152,35673,456
2021-06-30,Santa Clara,085,1922200,119737,118930,788,119718,2090
2021-06-30,Santa Cruz,087,273765,16367,16250,818,17068,208
2021-06-30,Shasta,089,179085,12638,12564,1654,14218,204
2021-06-30,Sierra,091,2930,63,60,12,72,0
2021-06-30,Siskiyou,093,43540,1974,1900,381,2281,29
2021-06-30,Solano,095,438530,33612,33453,581,34034,268
2021-06-30,Sonoma,097,501317,31161,30947,370,31317,316
2021-06-30,Stanislaus,099,539301,57230,56997,6064,63061,1018
2021-06-30,Sutter,101,95872,9658,9638,91,9729,114
2021-06-30,Tehama,103,63373,5161,5124,595,5719,63
2021-06-30,Trinity,105,12862,494,341,100,441,3
2021-06-30,Tulare,107,460477,50518,49764,9203,58967,853
2021-06-30,Tuolumne,109,53932,4085,4112,41,4153,64
2021-06-30,Ventura,111,848112,82003,81392,3072,84464,1032
2021-06-30,Yolo,113,214977,14251,14178,356,14534,213
2021-06-30,Yuba,115,75493,6245,6191,133,6324,51
2021-06-29,Alameda,001,1643700,89849,89519,2007,91526,1257
2021-06-29,Alpine,003,1148,88,89,0,89,0
2021-06-29,Amador,005,37829,3766,3754,33,3787,46
2021-06-29,Butte,007,227075,12828,12669,1877,14546,201
2021-06-29,Calaveras,009,45235,2209,2198,13,2211,55
2021-06-29,Colusa,011,21464,1970,1967,321,2288,15
2021-06-29,Contra Costa,013,1133247,71334,70775,1340,72115,817
2021-06-29,Del Norte,015,27424,1469,1435,13,1448,8
2021-06-29,El Dorado,017,186661,10514,10403,784,11187,113
2021-06-29,Fresno,019,978130,103594,102464,8813,111277,1725
2021-06-29,Glenn,021,27897,2454,2439,573,3012,20
2021-06-29,Humboldt,023,135768,4544,4514,49,4563,49
2021-06-29,Imperial,025,180216,28818,28645,2767,31412,737
2021-06-29,Inyo,027,18085,1416,1408,14,1422,35
2021-06-29,Kern,029,883053,98038,97173,11227,108400,1347
2021-06-29,Kings,031,150075,23313,23035,1115,24150,245
2021-06-29,Lake,033,64148,3637,3594,13,3607,56
2021-06-29,Lassen,035,31185,5289,5268,117,5385,20
2021-06-29,Los Angeles,037,10098052,1214085,1207895,42049,1249944,24498
2021-06-29,Madera,039,155013,16833,16680,953,17633,240
2021-06-29,Marin,041,260295,14251,14127,267,14394,232
2021-06-29,Mariposa,043,17540,441,441,11,452,5
2021-06-29,Mendocino,045,87422,4207,4107,83,4190,49
2021-06-29,Merced,047,269075,31294,31277,1068,32345,469
2021-06-29,Modoc,049,8938,419,408,148,556,3
2021-06-29,Mono,051,14174,1266,1275,18,1293,3
2021-06-29,Monterey,053,433212,43357,43196,1882,45078,471
2021-06-29,Napa,055,140530,10056,10033,40,10073,81
2021-06-29,Nevada,057,99092,4993,4952,195,5147,72
2021-06-29,Orange,059,3164182,257019,255686,11637,267323,5124
2021-06-29,Placer,061,380077,23957,23693,1566,25259,299
2021-06-29,Plumas,063,18699,724,704,12,716,4
2021-06-29,Riverside,065,2383286,296089,292962,14227,307189,4524
2021-06-29,Sacramento,067,1510023,108800,108067,1858,109925,1677
2021-06-29,San Benito,069,59416,6114,6099,116,6215,63
2021-06-29,San Bernardino,071,2135413,295245,294118,9112,303230,4940
2021-06-29,San Diego,073,3302833,283617,282499,15456,297955,3780
2021-06-29,San Francisco,075,870044,37279,37041,1319,38360,558
2021-06-29,San Joaquin,077,732212,74297,73724,3666,77390,1409
2021-06-29,San Luis Obispo,079,281455,21569,21324,761,22085,256
2021-06-29,San Mateo,081,765935,42870,42540,495,43035,540
2021-06-29,Santa Barbara,083,443738,34667,34507,1151,35658,455
2021-06-29,Santa Clara,085,1922200,119683,118893,787,119680,2090
2021-06-29,Santa Cruz,087,273765,16361,16249,818,17067,208
2021-06-29,Shasta,089,179085,12626,12564,1653,14217,204
2021-06-29,Sierra,091,2930,63,59,12,71,0
2021-06-29,Siskiyou,093,43540,1971,1897,377,2274,29
2021-06-29,Solano,095,438530,33579,33440,579,34019,268
2021-06-29,Sonoma,097,501317,31119,30950,368,31318,316
2021-06-29,Stanislaus,099,539301,57209,56980,6057,63037,1018
2021-06-29,Sutter,101,95872,9647,9634,91,9725,114
2021-06-29,Tehama,103,63373,5161,5124,595,5719,63
2021-06-29,Trinity,105,12862,494,341,100,441,3
2021-06-29,Tulare,107,460477,50505,49751,9198,58949,852
2021-06-29,Tuolumne,109,53932,4083,4111,41,4152,64
2021-06-29,Ventura,111,848112,81965,81363,3066,84429,1032
2021-06-29,Yolo,113,214977,14239,14171,355,14526,213
2021-06-29,Yuba,115,75493,6235,6188,133,6321,51
2021-06-28,Alameda,001,1643700,89756,89638,2004,91642,1259
2021-06-28,Alpine,003,1148,88,89,0,89,0
2021-06-28,Amador,005,37829,3765,3753,33,3786,46
2021-06-28,Butte,007,227075,12819,12697,1875,14572,198
2021-06-28,Calaveras,009,45235,2206,2203,13,2216,55
2021-06-28,Colusa,011,21464,1968,1974,321,2295,15
2021-06-28,Contra Costa,013,1133247,71260,70807,1338,72145,816
2021-06-28,Del Norte,015,27424,1469,1436,13,1449,8
2021-06-28,El Dorado,017,186661,10504,10422,780,11202,115
2021-06-28,Fresno,019,978130,103563,103121,8811,111932,1727
2021-06-28,Glenn,021,27897,2454,2439,573,3012,20
2021-06-28,Humboldt,023,135768,4537,4520,48,4568,49
2021-06-28,Imperial,025,180216,28810,28981,2766,31747,741
2021-06-28,Inyo,027,18085,1413,1407,14,1421,35
2021-06-28,Kern,029,883053,98019,97252,11222,108474,1348
2021-06-28,Kings,031,150075,23307,23134,1115,24249,246
2021-06-28,Lake,033,64148,3629,3591,13,3604,56
2021-06-28,Lassen,035,31185,5287,5268,117,5385,20
2021-06-28,Los Angeles,037,10098052,1213566,1207714,42014,1249728,24496
2021-06-28,Madera,039,155013,16822,16683,952,17635,240
2021-06-28,Marin,041,260295,14236,14186,267,14453,232
2021-06-28,Mariposa,043,17540,441,440,11,451,5
2021-06-28,Mendocino,045,87422,4198,4102,82,4184,49
2021-06-28,Merced,047,269075,31282,31277,1068,32345,469
2021-06-28,Modoc,049,8938,419,411,147,558,3
2021-06-28,Mono,051,14174,1266,1276,18,1294,3
2021-06-28,Monterey,053,433212,43353,43202,1881,45083,462
2021-06-28,Napa,055,140530,10047,10050,39,10089,81
2021-06-28,Nevada,057,99092,4989,4951,195,5146,72
2021-06-28,Orange,059,3164182,256929,255755,11623,267378,5123
2021-06-28,Placer,061,380077,23937,23756,1562,25318,299
2021-06-28,Plumas,063,18699,722,704,12,716,4
2021-06-28,Riverside,065,2383286,295963,292647,14214,306861,4507
2021-06-28,Sacramento,067,1510023,108668,108342,1853,110195,1675
2021-06-28,San Benito,069,59416,6112,6101,116,6217,63
2021-06-28,San Bernardino,071,2135413,295144,294151,9107,303258,4928
2021-06-28,San Diego,073,3302833,283453,282417,15427,297844,3780
2021-06-28,San Francisco,075,870044,37243,37372,1317,38689,559
2021-06-28,San Joaquin,077,732212,74250,73973,3662,77635,1411
2021-06-28,San Luis Obispo,079,281455,21565,21340,760,22100,256
2021-06-28,San Mateo,081,765935,42836,42927,494,43421,540
2021-06-28,Santa Barbara,083,443738,34660,34534,1149,35683,455
2021-06-28,Santa Clara,085,1922200,119619,120377,786,121163,2103
2021-06-28,Santa Cruz,087,273765,16356,16245,818,17063,208
2021-06-28,Shasta,089,179085,12622,12642,1651,14293,203
2021-06-28,Sierra,091,2930,63,58,12,70,0
2021-06-28,Siskiyou,093,43540,1970,1896,377,2273,29
2021-06-28,Solano,095,438530,33543,33524,577,34101,267
2021-06-28,Sonoma,097,501317,31082,31137,367,31504,315
2021-06-28,Stanislaus,099,539301,57191,57047,6053,63100,1018
2021-06-28,Sutter,101,95872,9643,9682,91,9773,114
2021-06-28,Tehama,103,63373,5159,5122,595,5717,63
2021-06-28,Trinity,105,12862,494,341,100,441,3
2021-06-28,Tulare,107,460477,50495,49751,9194,58945,850
2021-06-28,Tuolumne,109,53932,4076,4121,41,4162,64
2021-06-28,Ventura,111,848112,81908,81393,3061,84454,1032
2021-06-28,Yolo,113,214977,14230,14199,352,14551,213
2021-06-28,Yuba,115,75493,6230,6207,133,6340,51
2021-06-27,Alameda,001,1643700,89669,89611,2000,91611,1259
2021-06-27,Alpine,003,1148,88,89,0,89,0
2021-06-27,Amador,005,37829,3764,3752,33,3785,46
2021-06-27,Butte,007,227075,12810,12696,1874,14570,198
2021-06-27,Calaveras,009,45235,2205,2203,13,2216,55
2021-06-27,Colusa,011,21464,1968,1974,321,2295,15
2021-06-27,Contra Costa,013,1133247,71174,70762,1334,72096,816
2021-06-27,Del Norte,015,27424,1466,1436,13,1449,8
2021-06-27,El Dorado,017,186661,10492,10418,777,11195,115
2021-06-27,Fresno,019,978130,103534,103110,8809,111919,1727
2021-06-27,Glenn,021,27897,2453,2439,572,3011,20
2021-06-27,Humboldt,023,135768,4525,4513,45,4558,49
2021-06-27,Imperial,025,180216,28796,28987,2766,31753,741
2021-06-27,Inyo,027,18085,1413,1407,14,1421,35
2021-06-27,Kern,029,883053,97993,97249,11215,108464,1348
2021-06-27,Kings,031,150075,23297,23132,1115,24247,246
2021-06-27,Lake,033,64148,3622,3581,13,3594,56
2021-06-27,Lassen,035,31185,5286,5265,117,5382,20
2021-06-27,Los Angeles,037,10098052,1213021,1207461,41973,1249434,24493
2021-06-27,Madera,039,155013,16814,16680,952,17632,240
2021-06-27,Marin,041,260295,14227,14182,267,14449,232
2021-06-27,Mariposa,043,17540,441,440,11,451,5
2021-06-27,Mendocino,045,87422,4191,4100,82,4182,49
2021-06-27,Merced,047,269075,31270,31266,1068,32334,469
2021-06-27,Modoc,049,8938,419,411,147,558,3
2021-06-27,Mono,051,14174,1266,1279,18,1297,3
2021-06-27,Monterey,053,433212,43340,43199,1881,45080,462
2021-06-27,Napa,055,140530,10041,10046,39,10085,81
2021-06-27,Nevada,057,99092,4983,4946,195,5141,72
2021-06-27,Orange,059,3164182,256815,255710,11612,267322,5123
2021-06-27,Placer,061,380077,23904,23731,1559,25290,299
2021-06-27,Plumas,063,18699,722,704,12,716,4
2021-06-27,Riverside,065,2383286,295861,292641,14207,306848,4507
2021-06-27,Sacramento,067,1510023,108533,108279,1849,110128,1675
2021-06-27,San Benito,069,59416,6106,6101,116,6217,63
2021-06-27,San Bernardino,071,2135413,295031,294115,9105,303220,4927
2021-06-27,San Diego,073,3302833,283313,282359,15401,297760,3780
2021-06-27,San Francisco,075,870044,37206,37360,1316,38676,559
2021-06-27,San Joaquin,077,732212,74214,73960,3660,77620,1411
2021-06-27,San Luis Obispo,079,281455,21558,21340,759,22099,256
2021-06-27,San Mateo,081,765935,42807,42925,491,43416,539
2021-06-27,Santa Barbara,083,443738,34646,34533,1147,35680,455
2021-06-27,Santa Clara,085,1922200,119568,120352,785,121137,2103
2021-06-27,Santa Cruz,087,273765,16347,16241,818,17059,208
2021-06-27,Shasta,089,179085,12616,12640,1650,14290,203
2021-06-27,Sierra,091,2930,63,58,12,70,0
2021-06-27,Siskiyou,093,43540,1968,1896,376,2272,29
2021-06-27,Solano,095,438530,33515,33516,577,34093,267
2021-06-27,Sonoma,097,501317,31044,31129,367,31496,315
2021-06-27,Stanislaus,099,539301,57151,57021,6050,63071,1018
2021-06-27,Sutter,101,95872,9637,9678,91,9769,114
2021-06-27,Tehama,103,63373,5155,5122,595,5717,63
2021-06-27,Trinity,105,12862,494,341,99,440,3
2021-06-27,Tulare,107,460477,50482,49749,9187,58936,850
2021-06-27,Tuolumne,109,53932,4074,4121,41,4162,64
2021-06-27,Ventura,111,848112,81874,81361,3052,84413,1032
2021-06-27,Yolo,113,214977,14215,14194,348,14542,213
2021-06-27,Yuba,115,75493,6224,6205,133,6338,51
2021-06-26,Alameda,001,1643700,89612,89560,1998,91558,1259
2021-06-26,Alpine,003,1148,88,89,0,89,0
2021-06-26,Amador,005,37829,3764,3748,33,3781,46
2021-06-26,Butte,007,227075,12806,12693,1871,14564,198
2021-06-26,Calaveras,009,45235,2203,2202,13,2215,55
2021-06-26,Colusa,011,21464,1968,1973,321,2294,15
2021-06-26,Contra Costa,013,1133247,71131,70712,1333,72045,816
2021-06-26,Del Norte,015,27424,1465,1432,13,1445,8
2021-06-26,El Dorado,017,186661,10484,10414,776,11190,115
2021-06-26,Fresno,019,978130,103514,103091,8807,111898,1727
2021-06-26,Glenn,021,27897,2451,2441,572,3013,20
2021-06-26,Humboldt,023,135768,4522,4509,45,4554,49
2021-06-26,Imperial,025,180216,28792,28970,2766,31736,741
2021-06-26,Inyo,027,18085,1413,1407,14,1421,35
2021-06-26,Kern,029,883053,97967,97239,11206,108445,1348
2021-06-26,Kings,031,150075,23293,23128,1114,24242,246
2021-06-26,Lake,033,64148,3611,3576,13,3589,56
2021-06-26,Lassen,035,31185,5283,5263,117,5380,20
2021-06-26,Los Angeles,037,10098052,1212714,1207198,41940,1249138,24490
2021-06-26,Madera,039,155013,16807,16679,951,17630,240
2021-06-26,Marin,041,260295,14218,14180,267,14447,232
2021-06-26,Mariposa,043,17540,441,440,11,451,5
2021-06-26,Mendocino,045,87422,4189,4096,82,4178,49
2021-06-26,Merced,047,269075,31264,31259,1067,32326,469
2021-06-26,Modoc,049,8938,419,411,147,558,3
2021-06-26,Mono,051,14174,1266,1279,18,1297,3
2021-06-26,Monterey,053,433212,43337,43192,1881,45073,462
2021-06-26,Napa,055,140530,10035,10043,39,10082,81
2021-06-26,Nevada,057,99092,4978,4939,195,5134,72
2021-06-26,Orange,059,3164182,256736,255640,11605,267245,5123
2021-06-26,Placer,061,380077,23890,23702,1557,25259,299
2021-06-26,Plumas,063,18699,722,704,12,716,4
2021-06-26,Riverside,065,2383286,295803,292480,14201,306681,4505
2021-06-26,Sacramento,067,1510023,108462,108179,1847,110026,1675
2021-06-26,San Benito,069,59416,6102,6100,116,6216,63
2021-06-26,San Bernardino,071,2135413,294936,294034,9100,303134,4928
2021-06-26,San Diego,073,3302833,283228,282263,15383,297646,3780
2021-06-26,San Francisco,075,870044,37174,37348,1315,38663,559
2021-06-26,San Joaquin,077,732212,74185,73928,3659,77587,1411
2021-06-26,San Luis Obispo,079,281455,21557,21330,758,22088,256
2021-06-26,San Mateo,081,765935,42787,42898,491,43389,539
2021-06-26,Santa Barbara,083,443738,34637,34525,1147,35672,455
2021-06-26,Santa Clara,085,1922200,119535,120321,785,121106,2103
2021-06-26,Santa Cruz,087,273765,16344,16239,818,17057,208
2021-06-26,Shasta,089,179085,12612,12635,1646,14281,203
2021-06-26,Sierra,091,2930,63,58,12,70,0
2021-06-26,Siskiyou,093,43540,1967,1896,375,2271,29
2021-06-26,Solano,095,438530,33497,33489,575,34064,267
2021-06-26,Sonoma,097,501317,31018,31088,367,31455,315
2021-06-26,Stanislaus,099,539301,57135,57006,6048,63054,1018
2021-06-26,Sutter,101,95872,9636,9669,91,9760,114
2021-06-26,Tehama,103,63373,5155,5119,595,5714,63
2021-06-26,Trinity,105,12862,494,341,99,440,3
2021-06-26,Tulare,107,460477,50476,49745,9187,58932,850
2021-06-26,Tuolumne,109,53932,4074,4121,41,4162,64
2021-06-26,Ventura,111,848112,81850,81352,3051,84403,1032
2021-06-26,Yolo,113,214977,14207,14184,348,14532,213
2021-06-26,Yuba,115,75493,6221,6200,133,6333,51
2021-06-25,Alameda,001,1643700,89545,89453,1996,91449,1271
2021-06-25,Alpine,003,1148,88,89,0,89,0
2021-06-25,Amador,005,37829,3763,3746,33,3779,46
2021-06-25,Butte,007,227075,12801,12682,1868,14550,198
2021-06-25,Calaveras,009,45235,2202,2201,13,2214,55
2021-06-25,Colusa,011,21464,1968,1972,321,2293,15
2021-06-25,Contra Costa,013,1133247,71095,70659,1333,71992,815
2021-06-25,Del Norte,015,27424,1465,1426,13,1439,8
2021-06-25,El Dorado,017,186661,10476,10406,773,11179,115
2021-06-25,Fresno,019,978130,103496,103073,8803,111876,1727
2021-06-25,Glenn,021,27897,2451,2441,572,3013,20
2021-06-25,Humboldt,023,135768,4516,4503,43,4546,49
2021-06-25,Imperial,025,180216,28789,28968,2766,31734,740
2021-06-25,Inyo,027,18085,1412,1406,14,1420,35
2021-06-25,Kern,029,883053,97948,97182,11202,108384,1347
2021-06-25,Kings,031,150075,23287,23118,1114,24232,246
2021-06-25,Lake,033,64148,3605,3571,13,3584,56
2021-06-25,Lassen,035,31185,5282,5259,117,5376,20
2021-06-25,Los Angeles,037,10098052,1212431,1206909,41923,1248832,24483
2021-06-25,Madera,039,155013,16804,16670,951,17621,240
2021-06-25,Marin,041,260295,14215,14179,267,14446,232
2021-06-25,Mariposa,043,17540,441,440,11,451,5
2021-06-25,Mendocino,045,87422,4186,4089,82,4171,49
2021-06-25,Merced,047,269075,31256,31256,1067,32323,467
2021-06-25,Modoc,049,8938,419,411,147,558,3
2021-06-25,Mono,051,14174,1266,1279,18,1297,3
2021-06-25,Monterey,053,433212,43332,43184,1880,45064,462
2021-06-25,Napa,055,140530,10030,10037,39,10076,81
2021-06-25,Nevada,057,99092,4975,4932,195,5127,72
2021-06-25,Orange,059,3164182,256665,255574,11603,267177,5119
2021-06-25,Placer,061,380077,23871,23672,1556,25228,299
2021-06-25,Plumas,063,18699,722,702,11,713,4
2021-06-25,Riverside,065,2383286,295735,291663,14194,305857,4490
2021-06-25,Sacramento,067,1510023,108390,108034,1844,109878,1673
2021-06-25,San Benito,069,59416,6098,6098,116,6214,63
2021-06-25,San Bernardino,071,2135413,294881,293941,9098,303039,4911
2021-06-25,San Diego,073,3302833,283168,282157,15370,297527,3779
2021-06-25,San Francisco,075,870044,37151,37338,1314,38652,559
2021-06-25,San Joaquin,077,732212,74152,73860,3657,77517,1410
2021-06-25,San Luis Obispo,079,281455,21554,21325,757,22082,256
2021-06-25,San Mateo,081,765935,42769,42849,491,43340,537
2021-06-25,Santa Barbara,083,443738,34628,34518,1146,35664,454
2021-06-25,Santa Clara,085,1922200,119515,120272,785,121057,2103
2021-06-25,Santa Cruz,087,273765,16341,16230,816,17046,208
2021-06-25,Shasta,089,179085,12602,12633,1645,14278,202
2021-06-25,Sierra,091,2930,63,58,12,70,0
2021-06-25,Siskiyou,093,43540,1966,1894,375,2269,29
2021-06-25,Solano,095,438530,33477,33449,575,34024,267
2021-06-25,Sonoma,097,501317,30995,31043,367,31410,314
2021-06-25,Stanislaus,099,539301,57119,56973,6041,63014,1018
2021-06-25,Sutter,101,95872,9629,9664,91,9755,114
2021-06-25,Tehama,103,63373,5154,5119,595,5714,63
2021-06-25,Trinity,105,12862,494,338,99,437,3
2021-06-25,Tulare,107,460477,50469,49731,9184,58915,850
2021-06-25,Tuolumne,109,53932,4073,4121,41,4162,64
2021-06-25,Ventura,111,848112,81821,81342,3045,84387,1032
2021-06-25,Yolo,113,214977,14201,14172,348,14520,213
2021-06-25,Yuba,115,75493,6217,6195,133,6328,51
2021-06-24,Alameda,001,1643700,89474,89358,1993,91351,1268
2021-06-24,Alpine,003,1148,88,89,0,89,0
2021-06-24,Amador,005,37829,3759,3745,33,3778,46
2021-06-24,Butte,007,227075,12795,12673,1866,14539,198
2021-06-24,Calaveras,009,45235,2199,2202,13,2215,55
2021-06-24,Colusa,011,21464,1967,1972,321,2293,15
2021-06-24,Contra Costa,013,1133247,71036,70590,1333,71923,813
2021-06-24,Del Norte,015,27424,1464,1421,13,1434,8
2021-06-24,El Dorado,017,186661,10469,10402,773,11175,115
2021-06-24,Fresno,019,978130,103476,103061,8801,111862,1727
2021-06-24,Glenn,021,27897,2450,2439,572,3011,20
2021-06-24,Humboldt,023,135768,4511,4493,43,4536,49
2021-06-24,Imperial,025,180216,28786,28981,2766,31747,740
2021-06-24,Inyo,027,18085,1411,1406,14,1420,35
2021-06-24,Kern,029,883053,97929,97129,11189,108318,1346
2021-06-24,Kings,031,150075,23283,23114,1112,24226,246
2021-06-24,Lake,033,64148,3599,3571,13,3584,56
2021-06-24,Lassen,035,31185,5281,5258,117,5375,20
2021-06-24,Los Angeles,037,10098052,1212107,1206590,41900,1248490,24480
2021-06-24,Madera,039,155013,16793,16662,950,17612,240
2021-06-24,Marin,041,260295,14211,14180,267,14447,232
2021-06-24,Mariposa,043,17540,441,440,11,451,5
2021-06-24,Mendocino,045,87422,4178,4085,82,4167,49
2021-06-24,Merced,047,269075,31246,31248,1066,32314,466
2021-06-24,Modoc,049,8938,419,411,147,558,3
2021-06-24,Mono,051,14174,1266,1276,18,1294,3
2021-06-24,Monterey,053,433212,43325,43180,1880,45060,451
2021-06-24,Napa,055,140530,10028,10036,39,10075,80
2021-06-24,Nevada,057,99092,4973,4927,195,5122,72
2021-06-24,Orange,059,3164182,256601,255520,11595,267115,5117
2021-06-24,Placer,061,380077,23846,23659,1554,25213,299
2021-06-24,Plumas,063,18699,721,702,11,713,4
2021-06-24,Riverside,065,2383286,295655,291067,14183,305250,4473
2021-06-24,Sacramento,067,1510023,108302,107965,1842,109807,1672
2021-06-24,San Benito,069,59416,6095,6098,116,6214,63
2021-06-24,San Bernardino,071,2135413,294811,293895,9093,302988,4898
2021-06-24,San Diego,073,3302833,283064,282053,15357,297410,3778
2021-06-24,San Francisco,075,870044,37129,37320,1312,38632,559
2021-06-24,San Joaquin,077,732212,74104,73814,3657,77471,1408
2021-06-24,San Luis Obispo,079,281455,21548,21326,757,22083,256
2021-06-24,San Mateo,081,765935,42743,42814,490,43304,542
2021-06-24,Santa Barbara,083,443738,34622,34512,1145,35657,454
2021-06-24,Santa Clara,085,1922200,119484,120274,784,121058,2103
2021-06-24,Santa Cruz,087,273765,16340,16227,816,17043,208
2021-06-24,Shasta,089,179085,12597,12629,1641,14270,202
2021-06-24,Sierra,091,2930,63,58,12,70,0
2021-06-24,Siskiyou,093,43540,1966,1892,375,2267,28
2021-06-24,Solano,095,438530,33454,33432,573,34005,267
2021-06-24,Sonoma,097,501317,30966,31020,367,31387,314
2021-06-24,Stanislaus,099,539301,57093,56946,6041,62987,1018
2021-06-24,Sutter,101,95872,9622,9660,91,9751,113
2021-06-24,Tehama,103,63373,5151,5115,595,5710,63
2021-06-24,Trinity,105,12862,493,338,99,437,3
2021-06-24,Tulare,107,460477,50458,49730,9182,58912,850
2021-06-24,Tuolumne,109,53932,4071,4120,41,4161,64
2021-06-24,Ventura,111,848112,81793,81332,3044,84376,1032
2021-06-24,Yolo,113,214977,14192,14169,345,14514,213
2021-06-24,Yuba,115,75493,6212,6195,133,6328,51
2021-06-23,Alameda,001,1643700,89402,89338,1992,91330,1266
2021-06-23,Alpine,003,1148,88,88,0,88,0
2021-06-23,Amador,005,37829,3757,3743,33,3776,46
2021-06-23,Butte,007,227075,12788,12666,1866,14532,198
2021-06-23,Calaveras,009,45235,2198,2199,13,2212,55
2021-06-23,Colusa,011,21464,1966,1972,321,2293,15
2021-06-23,Contra Costa,013,1133247,70971,70526,1332,71858,813
2021-06-23,Del Norte,015,27424,1460,1418,13,1431,8
2021-06-23,El Dorado,017,186661,10460,10395,770,11165,115
2021-06-23,Fresno,019,978130,103447,103020,8799,111819,1724
2021-06-23,Glenn,021,27897,2450,2437,571,3008,20
2021-06-23,Humboldt,023,135768,4502,4490,43,4533,48
2021-06-23,Imperial,025,180216,28779,28908,2766,31674,740
2021-06-23,Inyo,027,18085,1411,1406,14,1420,35
2021-06-23,Kern,029,883053,97901,97078,11176,108254,1345
2021-06-23,Kings,031,150075,23276,23105,1110,24215,245
2021-06-23,Lake,033,64148,3590,3566,13,3579,53
2021-06-23,Lassen,035,31185,5278,5257,117,5374,20
2021-06-23,Los Angeles,037,10098052,1211770,1206358,41890,1248248,24472
2021-06-23,Madera,039,155013,16786,16660,950,17610,240
2021-06-23,Marin,041,260295,14205,14177,267,14444,230
2021-06-23,Mariposa,043,17540,441,439,11,450,5
2021-06-23,Mendocino,045,87422,4174,4078,82,4160,49
2021-06-23,Merced,047,269075,31237,31260,1066,32326,465
2021-06-23,Modoc,049,8938,417,407,147,554,3
2021-06-23,Mono,051,14174,1266,1279,18,1297,3
2021-06-23,Monterey,053,433212,43316,43166,1880,45046,439
2021-06-23,Napa,055,140530,10019,10032,39,10071,80
2021-06-23,Nevada,057,99092,4970,4924,195,5119,72
2021-06-23,Orange,059,3164182,256535,255479,11587,267066,5116
2021-06-23,Placer,061,380077,23817,23630,1549,25179,299
2021-06-23,Plumas,063,18699,720,701,11,712,4
2021-06-23,Riverside,065,2383286,295572,290343,14181,304524,4462
2021-06-23,Sacramento,067,1510023,108210,107868,1837,109705,1671
2021-06-23,San Benito,069,59416,6091,6097,116,6213,63
2021-06-23,San Bernardino,071,2135413,294732,293816,9088,302904,4886
2021-06-23,San Diego,073,3302833,282964,281937,15336,297273,3777
2021-06-23,San Francisco,075,870044,37105,37304,1310,38614,559
2021-06-23,San Joaquin,077,732212,74065,73764,3655,77419,1405
2021-06-23,San Luis Obispo,079,281455,21544,21323,756,22079,257
2021-06-23,San Mateo,081,765935,42727,42756,490,43246,542
2021-06-23,Santa Barbara,083,443738,34612,34505,1145,35650,454
2021-06-23,Santa Clara,085,1922200,119455,120233,784,121017,2098
2021-06-23,Santa Cruz,087,273765,16336,16215,816,17031,209
2021-06-23,Shasta,089,179085,12590,12604,1639,14243,202
2021-06-23,Sierra,091,2930,63,57,12,69,0
2021-06-23,Siskiyou,093,43540,1964,1892,375,2267,28
2021-06-23,Solano,095,438530,33410,33408,573,33981,267
2021-06-23,Sonoma,097,501317,30926,30959,365,31324,314
2021-06-23,Stanislaus,099,539301,57063,56926,6040,62966,1017
2021-06-23,Sutter,101,95872,9616,9653,91,9744,113
2021-06-23,Tehama,103,63373,5151,5119,594,5713,63
2021-06-23,Trinity,105,12862,493,338,99,437,3
2021-06-23,Tulare,107,460477,50451,49711,9178,58889,850
2021-06-23,Tuolumne,109,53932,4068,4120,41,4161,64
2021-06-23,Ventura,111,848112,81770,81312,3041,84353,1032
2021-06-23,Yolo,113,214977,14182,14161,345,14506,212
2021-06-23,Yuba,115,75493,6209,6190,133,6323,51
2021-06-22,Alameda,001,1643700,89335,89308,1992,91300,1263
2021-06-22,Alpine,003,1148,88,88,0,88,0
2021-06-22,Amador,005,37829,3754,3743,33,3776,46
2021-06-22,Butte,007,227075,12784,12662,1863,14525,198
2021-06-22,Calaveras,009,45235,2197,2198,13,2211,55
2021-06-22,Colusa,011,21464,1965,1971,321,2292,15
2021-06-22,Contra Costa,013,1133247,70915,70480,1331,71811,813
2021-06-22,Del Norte,015,27424,1457,1417,13,1430,8
2021-06-22,El Dorado,017,186661,10455,10380,769,11149,113
2021-06-22,Fresno,019,978130,103428,102996,8795,111791,1724
2021-06-22,Glenn,021,27897,2449,2435,569,3004,19
2021-06-22,Humboldt,023,135768,4492,4483,43,4526,42
2021-06-22,Imperial,025,180216,28774,28880,2766,31646,740
2021-06-22,Inyo,027,18085,1411,1405,14,1419,35
2021-06-22,Kern,029,883053,97888,97013,11172,108185,1342
2021-06-22,Kings,031,150075,23268,23098,1109,24207,245
2021-06-22,Lake,033,64148,3588,3564,13,3577,45
2021-06-22,Lassen,035,31185,5273,5254,117,5371,20
2021-06-22,Los Angeles,037,10098052,1211456,1206146,41878,1248024,24461
2021-06-22,Madera,039,155013,16781,16652,950,17602,240
2021-06-22,Marin,041,260295,14203,14174,267,14441,230
2021-06-22,Mariposa,043,17540,441,439,11,450,5
2021-06-22,Mendocino,045,87422,4168,4072,82,4154,49
2021-06-22,Merced,047,269075,31226,31267,1066,32333,464
2021-06-22,Modoc,049,8938,415,405,146,551,3
2021-06-22,Mono,051,14174,1266,1277,18,1295,3
2021-06-22,Monterey,053,433212,43313,43162,1879,45041,427
2021-06-22,Napa,055,140530,10015,10029,39,10068,80
2021-06-22,Nevada,057,99092,4964,4923,195,5118,72
2021-06-22,Orange,059,3164182,256466,255452,11576,267028,5114
2021-06-22,Placer,061,380077,23795,23603,1549,25152,299
2021-06-22,Plumas,063,18699,720,697,11,708,4
2021-06-22,Riverside,065,2383286,295511,289839,14177,304016,4456
2021-06-22,Sacramento,067,1510023,108109,107801,1832,109633,1670
2021-06-22,San Benito,069,59416,6090,6098,116,6214,63
2021-06-22,San Bernardino,071,2135413,294657,293770,9082,302852,4873
2021-06-22,San Diego,073,3302833,282860,281867,15313,297180,3771
2021-06-22,San Francisco,075,870044,37091,37287,1310,38597,556
2021-06-22,San Joaquin,077,732212,74035,73723,3653,77376,1405
2021-06-22,San Luis Obispo,079,281455,21541,21321,755,22076,257
2021-06-22,San Mateo,081,765935,42713,42725,485,43210,542
2021-06-22,Santa Barbara,083,443738,34601,34500,1144,35644,454
2021-06-22,Santa Clara,085,1922200,119423,120194,784,120978,2095
2021-06-22,Santa Cruz,087,273765,16331,16218,816,17034,209
2021-06-22,Shasta,089,179085,12579,12616,1636,14252,202
2021-06-22,Sierra,091,2930,62,57,12,69,0
2021-06-22,Siskiyou,093,43540,1964,1892,375,2267,28
2021-06-22,Solano,095,438530,33392,33397,572,33969,267
2021-06-22,Sonoma,097,501317,30886,30933,365,31298,314
2021-06-22,Stanislaus,099,539301,57047,56915,6038,62953,1017
2021-06-22,Sutter,101,95872,9609,9649,91,9740,113
2021-06-22,Tehama,103,63373,5149,5118,593,5711,63
2021-06-22,Trinity,105,12862,491,337,99,436,3
2021-06-22,Tulare,107,460477,50441,49706,9173,58879,850
2021-06-22,Tuolumne,109,53932,4066,4119,41,4160,64
2021-06-22,Ventura,111,848112,81756,81300,3040,84340,1032
2021-06-22,Yolo,113,214977,14177,14157,343,14500,212
2021-06-22,Yuba,115,75493,6205,6181,133,6314,51
2021-06-21,Alameda,001,1643700,89278,89281,1991,91272,1262
2021-06-21,Alpine,003,1148,88,88,0,88,0
2021-06-21,Amador,005,37829,3748,3742,33,3775,46
2021-06-21,Butte,007,227075,12778,12668,1861,14529,195
2021-06-21,Calaveras,009,45235,2195,2194,13,2207,55
2021-06-21,Colusa,011,21464,1964,1970,320,2290,15
2021-06-21,Contra Costa,013,1133247,70844,70439,1329,71768,813
2021-06-21,Del Norte,015,27424,1453,1416,13,1429,8
2021-06-21,El Dorado,017,186661,10449,10375,768,11143,113
2021-06-21,Fresno,019,978130,103408,102971,8792,111763,1724
2021-06-21,Glenn,021,27897,2448,2433,569,3002,19
2021-06-21,Humboldt,023,135768,4483,4478,42,4520,42
2021-06-21,Imperial,025,180216,28770,28855,2766,31621,740
2021-06-21,Inyo,027,18085,1410,1405,14,1419,35
2021-06-21,Kern,029,883053,97859,96995,11163,108158,1342
2021-06-21,Kings,031,150075,23261,23091,1106,24197,245
2021-06-21,Lake,033,64148,3582,3563,13,3576,45
2021-06-21,Lassen,035,31185,5271,5233,117,5350,19
2021-06-21,Los Angeles,037,10098052,1211164,1205994,41857,1247851,24459
2021-06-21,Madera,039,155013,16772,16647,950,17597,240
2021-06-21,Marin,041,260295,14199,14173,267,14440,230
2021-06-21,Mariposa,043,17540,441,439,11,450,5
2021-06-21,Mendocino,045,87422,4165,4085,82,4167,49
2021-06-21,Merced,047,269075,31216,31264,1065,32329,465
2021-06-21,Modoc,049,8938,415,405,146,551,3
2021-06-21,Mono,051,14174,1266,1277,18,1295,3
2021-06-21,Monterey,053,433212,43310,43157,1879,45036,427
2021-06-21,Napa,055,140530,10010,10028,39,10067,80
2021-06-21,Nevada,057,99092,4960,4921,195,5116,72
2021-06-21,Orange,059,3164182,256393,255400,11569,266969,5113
2021-06-21,Placer,061,380077,23771,23577,1549,25126,298
2021-06-21,Plumas,063,18699,718,697,11,708,4
2021-06-21,Riverside,065,2383286,295435,289797,14172,303969,4456
2021-06-21,Sacramento,067,1510023,107998,107757,1831,109588,1669
2021-06-21,San Benito,069,59416,6086,6098,116,6214,63
2021-06-21,San Bernardino,071,2135413,294570,293736,9078,302814,4850
2021-06-21,San Diego,073,3302833,282755,281811,15293,297104,3771
2021-06-21,San Francisco,075,870044,37075,37275,1309,38584,556
2021-06-21,San Joaquin,077,732212,73994,73687,3652,77339,1405
2021-06-21,San Luis Obispo,079,281455,21532,21316,755,22071,257
2021-06-21,San Mateo,081,765935,42697,42685,484,43169,542
2021-06-21,Santa Barbara,083,443738,34596,34492,1144,35636,455
2021-06-21,Santa Clara,085,1922200,119390,120192,783,120975,2093
2021-06-21,Santa Cruz,087,273765,16329,16212,816,17028,208
2021-06-21,Shasta,089,179085,12566,12617,1633,14250,201
2021-06-21,Sierra,091,2930,62,57,12,69,0
2021-06-21,Siskiyou,093,43540,1964,1892,375,2267,27
2021-06-21,Solano,095,438530,33369,33383,571,33954,266
2021-06-21,Sonoma,097,501317,30863,30912,365,31277,314
2021-06-21,Stanislaus,099,539301,57017,56891,6033,62924,1017
2021-06-21,Sutter,101,95872,9606,9649,91,9740,113
2021-06-21,Tehama,103,63373,5149,5115,592,5707,63
2021-06-21,Trinity,105,12862,491,337,99,436,3
2021-06-21,Tulare,107,460477,50430,49689,9169,58858,849
2021-06-21,Tuolumne,109,53932,4062,4119,41,4160,63
2021-06-21,Ventura,111,848112,81728,81291,3036,84327,1031
2021-06-21,Yolo,113,214977,14171,14165,343,14508,212
2021-06-21,Yuba,115,75493,6204,6172,133,6305,51
2021-06-20,Alameda,001,1643700,89213,89255,1990,91245,1263
2021-06-20,Alpine,003,1148,88,88,0,88,0
2021-06-20,Amador,005,37829,3745,3740,33,3773,46
2021-06-20,Butte,007,227075,12771,12668,1860,14528,194
2021-06-20,Calaveras,009,45235,2194,2193,13,2206,55
2021-06-20,Colusa,011,21464,1964,1970,320,2290,15
2021-06-20,Contra Costa,013,1133247,70787,70401,1327,71728,813
2021-06-20,Del Norte,015,27424,1449,1416,13,1429,8
2021-06-20,El Dorado,017,186661,10435,10372,765,11137,113
2021-06-20,Fresno,019,978130,103367,102947,8789,111736,1724
2021-06-20,Glenn,021,27897,2448,2434,569,3003,19
2021-06-20,Humboldt,023,135768,4477,4472,42,4514,42
2021-06-20,Imperial,025,180216,28761,28855,2766,31621,740
2021-06-20,Inyo,027,18085,1409,1405,14,1419,35
2021-06-20,Kern,029,883053,97838,96985,11152,108137,1342
2021-06-20,Kings,031,150075,23256,23088,1104,24192,245
2021-06-20,Lake,033,64148,3580,3563,13,3576,45
2021-06-20,Lassen,035,31185,5268,5230,117,5347,19
2021-06-20,Los Angeles,037,10098052,1210863,1205874,41849,1247723,24456
2021-06-20,Madera,039,155013,16764,16638,948,17586,240
2021-06-20,Marin,041,260295,14196,14166,267,14433,230
2021-06-20,Mariposa,043,17540,439,439,11,450,5
2021-06-20,Mendocino,045,87422,4158,4080,82,4162,49
2021-06-20,Merced,047,269075,31203,31265,1065,32330,465
2021-06-20,Modoc,049,8938,415,405,146,551,3
2021-06-20,Mono,051,14174,1266,1275,18,1293,3
2021-06-20,Monterey,053,433212,43301,43156,1878,45034,427
2021-06-20,Napa,055,140530,10003,10026,38,10064,80
2021-06-20,Nevada,057,99092,4953,4919,195,5114,72
2021-06-20,Orange,059,3164182,256329,255377,11558,266935,5113
2021-06-20,Placer,061,380077,23737,23562,1545,25107,298
2021-06-20,Plumas,063,18699,717,697,11,708,4
2021-06-20,Riverside,065,2383286,295356,289770,14161,303931,4456
2021-06-20,Sacramento,067,1510023,107887,107700,1828,109528,1669
2021-06-20,San Benito,069,59416,6086,6098,116,6214,63
2021-06-20,San Bernardino,071,2135413,294470,293713,9074,302787,4845
2021-06-20,San Diego,073,3302833,282649,281750,15271,297021,3771
2021-06-20,San Francisco,075,870044,37052,37269,1309,38578,556
2021-06-20,San Joaquin,077,732212,73949,73676,3643,77319,1405
2021-06-20,San Luis Obispo,079,281455,21530,21313,755,22068,257
2021-06-20,San Mateo,081,765935,42668,42681,484,43165,542
2021-06-20,Santa Barbara,083,443738,34587,34487,1144,35631,455
2021-06-20,Santa Clara,085,1922200,119355,120163,783,120946,2093
2021-06-20,Santa Cruz,087,273765,16323,16210,816,17026,208
2021-06-20,Shasta,089,179085,12561,12617,1631,14248,201
2021-06-20,Sierra,091,2930,62,57,12,69,0
2021-06-20,Siskiyou,093,43540,1963,1891,375,2266,27
2021-06-20,Solano,095,438530,33347,33361,569,33930,266
2021-06-20,Sonoma,097,501317,30816,30884,362,31246,314
2021-06-20,Stanislaus,099,539301,56985,56868,6032,62900,1017
2021-06-20,Sutter,101,95872,9603,9645,91,9736,113
2021-06-20,Tehama,103,63373,5145,5115,592,5707,63
2021-06-20,Trinity,105,12862,491,337,99,436,3
2021-06-20,Tulare,107,460477,50421,49685,9167,58852,849
2021-06-20,Tuolumne,109,53932,4059,4117,41,4158,63
2021-06-20,Ventura,111,848112,81712,81282,3034,84316,1031
2021-06-20,Yolo,113,214977,14164,14160,343,14503,212
2021-06-20,Yuba,115,75493,6197,6167,133,6300,51
2021-06-19,Alameda,001,1643700,89178,89202,1990,91192,1263
2021-06-19,Alpine,003,1148,88,88,0,88,0
2021-06-19,Amador,005,37829,3743,3739,33,3772,46
2021-06-19,Butte,007,227075,12767,12659,1860,14519,194
2021-06-19,Calaveras,009,45235,2194,2192,13,2205,55
2021-06-19,Colusa,011,21464,1964,1969,320,2289,15
2021-06-19,Contra Costa,013,1133247,70756,70334,1326,71660,813
2021-06-19,Del Norte,015,27424,1448,1416,13,1429,8
2021-06-19,El Dorado,017,186661,10434,10363,764,11127,113
2021-06-19,Fresno,019,978130,103354,102922,8786,111708,1724
2021-06-19,Glenn,021,27897,2447,2434,568,3002,19
2021-06-19,Humboldt,023,135768,4466,4463,42,4505,42
2021-06-19,Imperial,025,180216,28760,28813,2766,31579,740
2021-06-19,Inyo,027,18085,1409,1405,14,1419,35
2021-06-19,Kern,029,883053,97822,96966,11148,108114,1342
2021-06-19,Kings,031,150075,23253,23086,1104,24190,245
2021-06-19,Lake,033,64148,3576,3563,13,3576,45
2021-06-19,Lassen,035,31185,5267,5225,117,5342,19
2021-06-19,Los Angeles,037,10098052,1210661,1205602,41834,1247436,24454
2021-06-19,Madera,039,155013,16762,16632,948,17580,240
2021-06-19,Marin,041,260295,14188,14152,267,14419,230
2021-06-19,Mariposa,043,17540,439,439,11,450,5
2021-06-19,Mendocino,045,87422,4152,4077,82,4159,49
2021-06-19,Merced,047,269075,31201,31256,1065,32321,465
2021-06-19,Modoc,049,8938,414,402,146,548,3
2021-06-19,Mono,051,14174,1266,1275,18,1293,3
2021-06-19,Monterey,053,433212,43295,43153,1878,45031,427
2021-06-19,Napa,055,140530,9999,10025,38,10063,80
2021-06-19,Nevada,057,99092,4948,4910,195,5105,72
2021-06-19,Orange,059,3164182,256282,255329,11555,266884,5112
2021-06-19,Placer,061,380077,23721,23537,1542,25079,298
2021-06-19,Plumas,063,18699,716,697,11,708,4
2021-06-19,Riverside,065,2383286,295310,289720,14161,303881,4456
2021-06-19,Sacramento,067,1510023,107841,107631,1825,109456,1669
2021-06-19,San Benito,069,59416,6085,6098,116,6214,63
2021-06-19,San Bernardino,071,2135413,294426,293673,9071,302744,4844
2021-06-19,San Diego,073,3302833,282589,281682,15257,296939,3771
2021-06-19,San Francisco,075,870044,37039,37256,1309,38565,556
2021-06-19,San Joaquin,077,732212,73933,73652,3639,77291,1405
2021-06-19,San Luis Obispo,079,281455,21528,21308,755,22063,257
2021-06-19,San Mateo,081,765935,42650,42646,482,43128,542
2021-06-19,Santa Barbara,083,443738,34585,34472,1144,35616,455
2021-06-19,Santa Clara,085,1922200,119332,120110,782,120892,2093
2021-06-19,Santa Cruz,087,273765,16318,16206,816,17022,208
2021-06-19,Shasta,089,179085,12559,12615,1630,14245,201
2021-06-19,Sierra,091,2930,62,57,12,69,0
2021-06-19,Siskiyou,093,43540,1963,1891,374,2265,27
2021-06-19,Solano,095,438530,33337,33341,568,33909,266
2021-06-19,Sonoma,097,501317,30775,30841,361,31202,314
2021-06-19,Stanislaus,099,539301,56966,56847,6029,62876,1017
2021-06-19,Sutter,101,95872,9600,9645,91,9736,113
2021-06-19,Tehama,103,63373,5144,5115,592,5707,63
2021-06-19,Trinity,105,12862,491,337,99,436,3
2021-06-19,Tulare,107,460477,50414,49681,9162,58843,849
2021-06-19,Tuolumne,109,53932,4059,4117,41,4158,63
2021-06-19,Ventura,111,848112,81699,81270,3033,84303,1031
2021-06-19,Yolo,113,214977,14160,14156,342,14498,212
2021-06-19,Yuba,115,75493,6196,6157,133,6290,51
2021-06-18,Alameda,001,1643700,89141,89123,1990,91113,1263
2021-06-18,Alpine,003,1148,88,88,0,88,0
2021-06-18,Amador,005,37829,3743,3739,33,3772,46
2021-06-18,Butte,007,227075,12764,12653,1857,14510,194
2021-06-18,Calaveras,009,45235,2194,2191,13,2204,55
2021-06-18,Colusa,011,21464,1963,1969,320,2289,15
2021-06-18,Contra Costa,013,1133247,70714,70271,1324,71595,813
2021-06-18,Del Norte,015,27424,1448,1415,13,1428,8
2021-06-18,El Dorado,017,186661,10431,10348,762,11110,113
2021-06-18,Fresno,019,978130,103338,102894,8784,111678,1722
2021-06-18,Glenn,021,27897,2446,2430,568,2998,19
2021-06-18,Humboldt,023,135768,4458,4450,42,4492,42
2021-06-18,Imperial,025,180216,28758,28809,2766,31575,740
2021-06-18,Inyo,027,18085,1409,1405,14,1419,35
2021-06-18,Kern,029,883053,97811,96948,11142,108090,1341
2021-06-18,Kings,031,150075,23248,23082,1104,24186,245
2021-06-18,Lake,033,64148,3572,3563,13,3576,45
2021-06-18,Lassen,035,31185,5266,5224,117,5341,19
2021-06-18,Los Angeles,037,10098052,1210503,1205472,41817,1247289,24451
2021-06-18,Madera,039,155013,16756,16625,948,17573,241
2021-06-18,Marin,041,260295,14185,14147,267,14414,230
2021-06-18,Mariposa,043,17540,439,439,11,450,5
2021-06-18,Mendocino,045,87422,4147,4068,82,4150,49
2021-06-18,Merced,047,269075,31199,31262,1065,32327,464
2021-06-18,Modoc,049,8938,414,402,146,548,3
2021-06-18,Mono,051,14174,1265,1275,17,1292,3
2021-06-18,Monterey,053,433212,43292,43148,1878,45026,427
2021-06-18,Napa,055,140530,9995,10021,38,10059,80
2021-06-18,Nevada,057,99092,4940,4903,195,5098,72
2021-06-18,Orange,059,3164182,256245,255274,11552,266826,5108
2021-06-18,Placer,061,380077,23713,23500,1539,25039,298
2021-06-18,Plumas,063,18699,716,697,11,708,4
2021-06-18,Riverside,065,2383286,295262,289676,14160,303836,4457
2021-06-18,Sacramento,067,1510023,107793,107570,1825,109395,1669
2021-06-18,San Benito,069,59416,6084,6097,116,6213,63
2021-06-18,San Bernardino,071,2135413,294381,293629,9067,302696,4826
2021-06-18,San Diego,073,3302833,282513,281608,15246,296854,3771
2021-06-18,San Francisco,075,870044,37030,37246,1309,38555,556
2021-06-18,San Joaquin,077,732212,73915,73623,3637,77260,1403
2021-06-18,San Luis Obispo,079,281455,21524,21301,754,22055,257
2021-06-18,San Mateo,081,765935,42639,42630,481,43111,542
2021-06-18,Santa Barbara,083,443738,34575,34469,1144,35613,455
2021-06-18,Santa Clara,085,1922200,119311,120081,780,120861,2093
2021-06-18,Santa Cruz,087,273765,16314,16202,816,17018,208
2021-06-18,Shasta,089,179085,12555,12607,1628,14235,201
2021-06-18,Sierra,091,2930,61,57,12,69,0
2021-06-18,Siskiyou,093,43540,1963,1890,374,2264,27
2021-06-18,Solano,095,438530,33323,33323,568,33891,266
2021-06-18,Sonoma,097,501317,30757,30816,360,31176,313
2021-06-18,Stanislaus,099,539301,56951,56803,6027,62830,1012
2021-06-18,Sutter,101,95872,9597,9643,91,9734,113
2021-06-18,Tehama,103,63373,5142,5114,592,5706,63
2021-06-18,Trinity,105,12862,491,337,98,435,3
2021-06-18,Tulare,107,460477,50412,49664,9155,58819,849
2021-06-18,Tuolumne,109,53932,4057,4116,41,4157,63
2021-06-18,Ventura,111,848112,81689,81256,3028,84284,1031
2021-06-18,Yolo,113,214977,14157,14148,340,14488,212
2021-06-18,Yuba,115,75493,6190,6150,133,6283,51
2021-06-17,Alameda,001,1643700,89094,89087,1990,91077,1262
2021-06-17,Alpine,003,1148,88,88,0,88,0
2021-06-17,Amador,005,37829,3741,3731,33,3764,46
2021-06-17,Butte,007,227075,12754,12644,1856,14500,194
2021-06-17,Calaveras,009,45235,2193,2189,13,2202,55
2021-06-17,Colusa,011,21464,1962,1969,320,2289,15
2021-06-17,Contra Costa,013,1133247,70675,70190,1320,71510,810
2021-06-17,Del Norte,015,27424,1446,1413,13,1426,8
2021-06-17,El Dorado,017,186661,10421,10341,762,11103,113
2021-06-17,Fresno,019,978130,103312,102867,8780,111647,1722
2021-06-17,Glenn,021,27897,2446,2430,568,2998,19
2021-06-17,Humboldt,023,135768,4449,4438,42,4480,42
2021-06-17,Imperial,025,180216,28750,28801,2766,31567,741
2021-06-17,Inyo,027,18085,1409,1405,14,1419,35
2021-06-17,Kern,029,883053,97796,96840,11136,107976,1340
2021-06-17,Kings,031,150075,23244,23078,1103,24181,245
2021-06-17,Lake,033,64148,3569,3563,9,3572,45
2021-06-17,Lassen,035,31185,5262,5223,117,5340,19
2021-06-17,Los Angeles,037,10098052,1210290,1205301,41788,1247089,24444
2021-06-17,Madera,039,155013,16751,16618,948,17566,241
2021-06-17,Marin,041,260295,14185,14141,267,14408,229
2021-06-17,Mariposa,043,17540,439,439,11,450,5
2021-06-17,Mendocino,045,87422,4140,4054,82,4136,49
2021-06-17,Merced,047,269075,31194,31262,1065,32327,464
2021-06-17,Modoc,049,8938,413,401,146,547,3
2021-06-17,Mono,051,14174,1264,1275,17,1292,3
2021-06-17,Monterey,053,433212,43284,43140,1878,45018,416
2021-06-17,Napa,055,140530,9995,10014,38,10052,80
2021-06-17,Nevada,057,99092,4936,4898,195,5093,72
2021-06-17,Orange,059,3164182,256199,255240,11541,266781,5109
2021-06-17,Placer,061,380077,23697,23461,1537,24998,298
2021-06-17,Plumas,063,18699,715,697,11,708,4
2021-06-17,Riverside,065,2383286,295208,289627,14158,303785,4458
2021-06-17,Sacramento,067,1510023,107729,107492,1823,109315,1666
2021-06-17,San Benito,069,59416,6084,6097,116,6213,63
2021-06-17,San Bernardino,071,2135413,294340,293560,9067,302627,4811
2021-06-17,San Diego,073,3302833,282437,281531,15232,296763,3771
2021-06-17,San Francisco,075,870044,37019,37243,1308,38551,556
2021-06-17,San Joaquin,077,732212,73892,73560,3632,77192,1403
2021-06-17,San Luis Obispo,079,281455,21522,21297,754,22051,257
2021-06-17,San Mateo,081,765935,42633,42615,481,43096,542
2021-06-17,Santa Barbara,083,443738,34569,34466,1144,35610,453
2021-06-17,Santa Clara,085,1922200,119286,120032,779,120811,2093
2021-06-17,Santa Cruz,087,273765,16310,16197,816,17013,208
2021-06-17,Shasta,089,179085,12547,12597,1628,14225,201
2021-06-17,Sierra,091,2930,61,56,12,68,0
2021-06-17,Siskiyou,093,43540,1962,1889,374,2263,27
2021-06-17,Solano,095,438530,33302,33296,567,33863,266
2021-06-17,Sonoma,097,501317,30727,30793,360,31153,323
2021-06-17,Stanislaus,099,539301,56920,56752,6022,62774,1012
2021-06-17,Sutter,101,95872,9594,9629,91,9720,113
2021-06-17,Tehama,103,63373,5141,5112,590,5702,63
2021-06-17,Trinity,105,12862,490,337,98,435,3
2021-06-17,Tulare,107,460477,50407,49649,9147,58796,849
2021-06-17,Tuolumne,109,53932,4056,4116,41,4157,63
2021-06-17,Ventura,111,848112,81680,81248,3025,84273,1030
2021-06-17,Yolo,113,214977,14149,14141,340,14481,212
2021-06-17,Yuba,115,75493,6181,6140,133,6273,51
2021-06-16,Alameda,001,1643700,89045,89045,1989,91034,1265
2021-06-16,Alpine,003,1148,88,88,0,88,0
2021-06-16,Amador,005,37829,3740,3730,33,3763,46
2021-06-16,Butte,007,227075,12752,12635,1854,14489,194
2021-06-16,Calaveras,009,45235,2191,2188,13,2201,55
2021-06-16,Colusa,011,21464,1962,1967,320,2287,15
2021-06-16,Contra Costa,013,1133247,70623,70136,1319,71455,810
2021-06-16,Del Norte,015,27424,1443,1413,13,1426,8
2021-06-16,El Dorado,017,186661,10415,10334,761,11095,113
2021-06-16,Fresno,019,978130,103282,102842,8776,111618,1722
2021-06-16,Glenn,021,27897,2446,2430,568,2998,19
2021-06-16,Humboldt,023,135768,4440,4427,41,4468,42
2021-06-16,Imperial,025,180216,28747,28796,2766,31562,741
2021-06-16,Inyo,027,18085,1408,1405,14,1419,35
2021-06-16,Kern,029,883053,97774,96789,11129,107918,1339
2021-06-16,Kings,031,150075,23243,23072,1102,24174,245
2021-06-16,Lake,033,64148,3569,3562,9,3571,45
2021-06-16,Lassen,035,31185,5259,5216,117,5333,19
2021-06-16,Los Angeles,037,10098052,1210065,1205102,41777,1246879,24439
2021-06-16,Madera,039,155013,16747,16603,948,17551,240
2021-06-16,Marin,041,260295,14183,14137,267,14404,229
2021-06-16,Mariposa,043,17540,439,437,11,448,5
2021-06-16,Mendocino,045,87422,4132,4041,82,4123,49
2021-06-16,Merced,047,269075,31186,31250,1065,32315,463
2021-06-16,Modoc,049,8938,412,383,145,528,3
2021-06-16,Mono,051,14174,1264,1275,17,1292,3
2021-06-16,Monterey,053,433212,43281,43122,1878,45000,416
2021-06-16,Napa,055,140530,9991,10011,38,10049,80
2021-06-16,Nevada,057,99092,4931,4894,195,5089,72
2021-06-16,Orange,059,3164182,256145,255188,11533,266721,5109
2021-06-16,Placer,061,380077,23687,23425,1533,24958,298
2021-06-16,Plumas,063,18699,715,697,11,708,4
2021-06-16,Riverside,065,2383286,295147,289539,14156,303695,4457
2021-06-16,Sacramento,067,1510023,107659,107422,1819,109241,1665
2021-06-16,San Benito,069,59416,6084,6090,116,6206,63
2021-06-16,San Bernardino,071,2135413,294291,293499,9065,302564,4797
2021-06-16,San Diego,073,3302833,282358,281423,15219,296642,3770
2021-06-16,San Francisco,075,870044,37006,37222,1306,38528,555
2021-06-16,San Joaquin,077,732212,73853,73530,3628,77158,1399
2021-06-16,San Luis Obispo,079,281455,21517,21294,754,22048,257
2021-06-16,San Mateo,081,765935,42617,42601,481,43082,542
2021-06-16,Santa Barbara,083,443738,34563,34459,1144,35603,460
2021-06-16,Santa Clara,085,1922200,119254,119982,779,120761,2087
2021-06-16,Santa Cruz,087,273765,16307,16187,816,17003,208
2021-06-16,Shasta,089,179085,12542,12592,1627,14219,200
2021-06-16,Sierra,091,2930,61,56,12,68,0
2021-06-16,Siskiyou,093,43540,1961,1886,374,2260,26
2021-06-16,Solano,095,438530,33274,33276,567,33843,266
2021-06-16,Sonoma,097,501317,30691,30741,360,31101,323
2021-06-16,Stanislaus,099,539301,56889,56738,6020,62758,984
2021-06-16,Sutter,101,95872,9590,9620,91,9711,113
2021-06-16,Tehama,103,63373,5139,5106,590,5696,63
2021-06-16,Trinity,105,12862,489,332,98,430,3
2021-06-16,Tulare,107,460477,50402,49578,9143,58721,849
2021-06-16,Tuolumne,109,53932,4056,4110,41,4151,63
2021-06-16,Ventura,111,848112,81666,81229,3023,84252,1029
2021-06-16,Yolo,113,214977,14140,14135,339,14474,212
2021-06-16,Yuba,115,75493,6171,6134,133,6267,51
2021-06-15,Alameda,001,1643700,89002,89008,1989,90997,1262
2021-06-15,Alpine,003,1148,88,88,0,88,0
2021-06-15,Amador,005,37829,3737,3723,33,3756,46
2021-06-15,Butte,007,227075,12744,12620,1853,14473,194
2021-06-15,Calaveras,009,45235,2190,2188,13,2201,55
2021-06-15,Colusa,011,21464,1962,1967,318,2285,15
2021-06-15,Contra Costa,013,1133247,70561,70101,1319,71420,810
2021-06-15,Del Norte,015,27424,1442,1411,13,1424,8
2021-06-15,El Dorado,017,186661,10406,10330,761,11091,113
2021-06-15,Fresno,019,978130,103250,102828,8775,111603,1722
2021-06-15,Glenn,021,27897,2445,2426,568,2994,19
2021-06-15,Humboldt,023,135768,4431,4414,40,4454,42
2021-06-15,Imperial,025,180216,28741,28789,2766,31555,741
2021-06-15,Inyo,027,18085,1408,1405,14,1419,35
2021-06-15,Kern,029,883053,97746,96782,11121,107903,1338
2021-06-15,Kings,031,150075,23237,23070,1100,24170,245
2021-06-15,Lake,033,64148,3568,3559,9,3568,45
2021-06-15,Lassen,035,31185,5258,5211,117,5328,19
2021-06-15,Los Angeles,037,10098052,1209832,1204926,41769,1246695,24435
2021-06-15,Madera,039,155013,16740,16600,947,17547,240
2021-06-15,Marin,041,260295,14175,14135,267,14402,229
2021-06-15,Mariposa,043,17540,439,437,11,448,5
2021-06-15,Mendocino,045,87422,4125,4034,82,4116,49
2021-06-15,Merced,047,269075,31180,31244,1065,32309,461
2021-06-15,Modoc,049,8938,411,383,145,528,3
2021-06-15,Mono,051,14174,1264,1275,17,1292,3
2021-06-15,Monterey,053,433212,43275,43118,1878,44996,416
2021-06-15,Napa,055,140530,9989,10010,38,10048,80
2021-06-15,Nevada,057,99092,4928,4888,195,5083,72
2021-06-15,Orange,059,3164182,256104,255127,11524,266651,5105
2021-06-15,Placer,061,380077,23665,23396,1532,24928,298
2021-06-15,Plumas,063,18699,714,697,11,708,4
2021-06-15,Riverside,065,2383286,295087,289508,14152,303660,4455
2021-06-15,Sacramento,067,1510023,107584,107370,1813,109183,1662
2021-06-15,San Benito,069,59416,6083,6089,116,6205,63
2021-06-15,San Bernardino,071,2135413,294241,293463,9059,302522,4790
2021-06-15,San Diego,073,3302833,282274,281375,15204,296579,3770
2021-06-15,San Francisco,075,870044,36997,37210,1305,38515,555
2021-06-15,San Joaquin,077,732212,73813,73494,3623,77117,1399
2021-06-15,San Luis Obispo,079,281455,21512,21293,753,22046,257
2021-06-15,San Mateo,081,765935,42604,42593,481,43074,543
2021-06-15,Santa Barbara,083,443738,34558,34451,1144,35595,460
2021-06-15,Santa Clara,085,1922200,119216,119963,779,120742,2086
2021-06-15,Santa Cruz,087,273765,16301,16180,815,16995,208
2021-06-15,Shasta,089,179085,12536,12583,1627,14210,201
2021-06-15,Sierra,091,2930,60,55,12,67,0
2021-06-15,Siskiyou,093,43540,1960,1887,374,2261,26
2021-06-15,Solano,095,438530,33255,33264,567,33831,266
2021-06-15,Sonoma,097,501317,30652,30707,359,31066,323
2021-06-15,Stanislaus,099,539301,56861,56724,6017,62741,979
2021-06-15,Sutter,101,95872,9581,9616,91,9707,113
2021-06-15,Tehama,103,63373,5137,5102,590,5692,63
2021-06-15,Trinity,105,12862,488,332,97,429,3
2021-06-15,Tulare,107,460477,50395,49561,9140,58701,848
2021-06-15,Tuolumne,109,53932,4056,4111,41,4152,63
2021-06-15,Ventura,111,848112,81655,81215,3020,84235,1029
2021-06-15,Yolo,113,214977,14136,14127,337,14464,212
2021-06-15,Yuba,115,75493,6160,6130,133,6263,51
2021-06-14,Alameda,001,1643700,88953,88966,1989,90955,1264
2021-06-14,Alpine,003,1148,88,88,0,88,0
2021-06-14,Amador,005,37829,3736,3722,33,3755,46
2021-06-14,Butte,007,227075,12733,12613,1849,14462,194
2021-06-14,Calaveras,009,45235,2189,2190,13,2203,55
2021-06-14,Colusa,011,21464,1961,1966,318,2284,15
2021-06-14,Contra Costa,013,1133247,70508,70069,1317,71386,810
2021-06-14,Del Norte,015,27424,1442,1411,13,1424,8
2021-06-14,El Dorado,017,186661,10397,10327,760,11087,113
2021-06-14,Fresno,019,978130,103228,102812,8773,111585,1719
2021-06-14,Glenn,021,27897,2445,2426,568,2994,19
2021-06-14,Humboldt,023,135768,4423,4407,39,4446,42
2021-06-14,Imperial,025,180216,28729,28836,2766,31602,741
2021-06-14,Inyo,027,18085,1407,1405,14,1419,35
2021-06-14,Kern,029,883053,97726,96760,11111,107871,1337
2021-06-14,Kings,031,150075,23234,23071,1099,24170,245
2021-06-14,Lake,033,64148,3567,3557,9,3566,45
2021-06-14,Lassen,035,31185,5255,5209,116,5325,19
2021-06-14,Los Angeles,037,10098052,1209595,1204748,41759,1246507,24434
2021-06-14,Madera,039,155013,16734,16597,946,17543,240
2021-06-14,Marin,041,260295,14173,14133,267,14400,229
2021-06-14,Mariposa,043,17540,438,437,11,448,5
2021-06-14,Mendocino,045,87422,4119,4028,82,4110,49
2021-06-14,Merced,047,269075,31171,31241,1064,32305,461
2021-06-14,Modoc,049,8938,402,382,143,525,3
2021-06-14,Mono,051,14174,1264,1275,17,1292,3
2021-06-14,Monterey,053,433212,43272,43110,1878,44988,415
2021-06-14,Napa,055,140530,9985,10000,38,10038,80
2021-06-14,Nevada,057,99092,4921,4885,195,5080,72
2021-06-14,Orange,059,3164182,256066,255069,11519,266588,5103
2021-06-14,Placer,061,380077,23640,23379,1531,24910,298
2021-06-14,Plumas,063,18699,714,696,11,707,4
2021-06-14,Riverside,065,2383286,295033,289476,14152,303628,4453
2021-06-14,Sacramento,067,1510023,107530,107334,1808,109142,1661
2021-06-14,San Benito,069,59416,6083,6087,116,6203,63
2021-06-14,San Bernardino,071,2135413,294185,293446,9055,302501,4790
2021-06-14,San Diego,073,3302833,282168,281314,15184,296498,3770
2021-06-14,San Francisco,075,870044,36984,37206,1305,38511,555
2021-06-14,San Joaquin,077,732212,73784,73453,3623,77076,1398
2021-06-14,San Luis Obispo,079,281455,21510,21302,753,22055,256
2021-06-14,San Mateo,081,765935,42591,42619,480,43099,543
2021-06-14,Santa Barbara,083,443738,34555,34449,1144,35593,460
2021-06-14,Santa Clara,085,1922200,119185,119957,778,120735,2085
2021-06-14,Santa Cruz,087,273765,16298,16175,815,16990,208
2021-06-14,Shasta,089,179085,12525,12561,1624,14185,201
2021-06-14,Sierra,091,2930,59,55,12,67,0
2021-06-14,Siskiyou,093,43540,1960,1886,374,2260,26
2021-06-14,Solano,095,438530,33238,33243,566,33809,266
2021-06-14,Sonoma,097,501317,30620,30679,358,31037,323
2021-06-14,Stanislaus,099,539301,56825,56689,6014,62703,975
2021-06-14,Sutter,101,95872,9578,9607,91,9698,112
2021-06-14,Tehama,103,63373,5135,5102,590,5692,63
2021-06-14,Trinity,105,12862,488,332,97,429,3
2021-06-14,Tulare,107,460477,50390,49538,9137,58675,848
2021-06-14,Tuolumne,109,53932,4053,4108,41,4149,63
2021-06-14,Ventura,111,848112,81645,81209,3020,84229,1028
2021-06-14,Yolo,113,214977,14128,14123,337,14460,212
2021-06-14,Yuba,115,75493,6153,6127,133,6260,50
2021-06-13,Alameda,001,1643700,88896,88947,1988,90935,1264
2021-06-13,Alpine,003,1148,87,88,0,88,0
2021-06-13,Amador,005,37829,3732,3721,33,3754,46
2021-06-13,Butte,007,227075,12722,12586,1846,14432,194
2021-06-13,Calaveras,009,45235,2189,2189,13,2202,55
2021-06-13,Colusa,011,21464,1961,1965,317,2282,15
2021-06-13,Contra Costa,013,1133247,70454,70040,1315,71355,810
2021-06-13,Del Norte,015,27424,1440,1412,13,1425,8
2021-06-13,El Dorado,017,186661,10388,10324,760,11084,113
2021-06-13,Fresno,019,978130,103197,102795,8768,111563,1719
2021-06-13,Glenn,021,27897,2444,2425,566,2991,19
2021-06-13,Humboldt,023,135768,4410,4401,39,4440,42
2021-06-13,Imperial,025,180216,28720,28800,2766,31566,741
2021-06-13,Inyo,027,18085,1407,1405,14,1419,35
2021-06-13,Kern,029,883053,97702,96743,11099,107842,1337
2021-06-13,Kings,031,150075,23229,23069,1098,24167,245
2021-06-13,Lake,033,64148,3567,3556,9,3565,45
2021-06-13,Lassen,035,31185,5250,5209,116,5325,19
2021-06-13,Los Angeles,037,10098052,1209332,1204614,41746,1246360,24433
2021-06-13,Madera,039,155013,16720,16590,946,17536,240
2021-06-13,Marin,041,260295,14167,14126,267,14393,229
2021-06-13,Mariposa,043,17540,438,434,11,445,5
2021-06-13,Mendocino,045,87422,4112,4026,82,4108,49
2021-06-13,Merced,047,269075,31165,31240,1063,32303,461
2021-06-13,Modoc,049,8938,400,382,141,523,3
2021-06-13,Mono,051,14174,1264,1275,17,1292,3
2021-06-13,Monterey,053,433212,43264,43108,1878,44986,415
2021-06-13,Napa,055,140530,9979,9995,38,10033,80
2021-06-13,Nevada,057,99092,4916,4883,195,5078,72
2021-06-13,Orange,059,3164182,256011,255043,11516,266559,5103
2021-06-13,Placer,061,380077,23614,23365,1529,24894,295
2021-06-13,Plumas,063,18699,713,696,11,707,4
2021-06-13,Riverside,065,2383286,294966,289447,14149,303596,4453
2021-06-13,Sacramento,067,1510023,107454,107289,1805,109094,1658
2021-06-13,San Benito,069,59416,6083,6086,116,6202,63
2021-06-13,San Bernardino,071,2135413,294133,293416,9050,302466,4788
2021-06-13,San Diego,073,3302833,282089,281268,15168,296436,3770
2021-06-13,San Francisco,075,870044,36971,37197,1305,38502,555
2021-06-13,San Joaquin,077,732212,73748,73438,3621,77059,1398
2021-06-13,San Luis Obispo,079,281455,21504,21298,752,22050,256
2021-06-13,San Mateo,081,765935,42578,42611,480,43091,542
2021-06-13,Santa Barbara,083,443738,34544,34449,1143,35592,460
2021-06-13,Santa Clara,085,1922200,119161,119946,778,120724,2085
2021-06-13,Santa Cruz,087,273765,16291,16172,815,16987,208
2021-06-13,Shasta,089,179085,12516,12560,1623,14183,201
2021-06-13,Sierra,091,2930,59,55,12,67,0
2021-06-13,Siskiyou,093,43540,1959,1885,374,2259,26
2021-06-13,Solano,095,438530,33217,33234,566,33800,266
2021-06-13,Sonoma,097,501317,30585,30663,356,31019,323
2021-06-13,Stanislaus,099,539301,56799,56671,6011,62682,975
2021-06-13,Sutter,101,95872,9571,9603,91,9694,112
2021-06-13,Tehama,103,63373,5133,5100,590,5690,63
2021-06-13,Trinity,105,12862,487,332,97,429,3
2021-06-13,Tulare,107,460477,50381,49537,9132,58669,848
2021-06-13,Tuolumne,109,53932,4051,4107,40,4147,63
2021-06-13,Ventura,111,848112,81631,81201,3020,84221,1028
2021-06-13,Yolo,113,214977,14119,14120,335,14455,212
2021-06-13,Yuba,115,75493,6146,6125,133,6258,50
2021-06-12,Alameda,001,1643700,88869,88901,1988,90889,1271
2021-06-12,Alpine,003,1148,87,88,0,88,0
2021-06-12,Amador,005,37829,3731,3721,33,3754,46
2021-06-12,Butte,007,227075,12718,12576,1846,14422,194
2021-06-12,Calaveras,009,45235,2189,2189,13,2202,55
2021-06-12,Colusa,011,21464,1961,1965,317,2282,15
2021-06-12,Contra Costa,013,1133247,70423,69989,1312,71301,810
2021-06-12,Del Norte,015,27424,1440,1412,13,1425,8
2021-06-12,El Dorado,017,186661,10383,10320,759,11079,113
2021-06-12,Fresno,019,978130,103187,102783,8767,111550,1720
2021-06-12,Glenn,021,27897,2442,2425,566,2991,19
2021-06-12,Humboldt,023,135768,4402,4396,39,4435,42
2021-06-12,Imperial,025,180216,28717,28799,2766,31565,741
2021-06-12,Inyo,027,18085,1407,1405,14,1419,35
2021-06-12,Kern,029,883053,97687,96731,11095,107826,1337
2021-06-12,Kings,031,150075,23227,23067,1098,24165,245
2021-06-12,Lake,033,64148,3566,3552,9,3561,45
2021-06-12,Lassen,035,31185,5250,5208,116,5324,19
2021-06-12,Los Angeles,037,10098052,1209192,1204439,41740,1246179,24434
2021-06-12,Madera,039,155013,16716,16586,946,17532,240
2021-06-12,Marin,041,260295,14164,14121,267,14388,229
2021-06-12,Mariposa,043,17540,438,434,11,445,5
2021-06-12,Mendocino,045,87422,4109,4024,82,4106,49
2021-06-12,Merced,047,269075,31162,31236,1063,32299,461
2021-06-12,Modoc,049,8938,399,382,141,523,3
2021-06-12,Mono,051,14174,1264,1275,17,1292,3
2021-06-12,Monterey,053,433212,43259,43103,1878,44981,415
2021-06-12,Napa,055,140530,9975,9986,38,10024,80
2021-06-12,Nevada,057,99092,4910,4878,195,5073,72
2021-06-12,Orange,059,3164182,255978,255004,11514,266518,5103
2021-06-12,Placer,061,380077,23595,23345,1529,24874,295
2021-06-12,Plumas,063,18699,713,696,11,707,4
2021-06-12,Riverside,065,2383286,294924,289413,14146,303559,4453
2021-06-12,Sacramento,067,1510023,107394,107199,1802,109001,1658
2021-06-12,San Benito,069,59416,6081,6083,116,6199,63
2021-06-12,San Bernardino,071,2135413,294098,293375,9048,302423,4788
2021-06-12,San Diego,073,3302833,282032,281203,15159,296362,3770
2021-06-12,San Francisco,075,870044,36961,37189,1305,38494,555
2021-06-12,San Joaquin,077,732212,73729,73413,3620,77033,1398
2021-06-12,San Luis Obispo,079,281455,21501,21293,752,22045,256
2021-06-12,San Mateo,081,765935,42572,42604,480,43084,542
2021-06-12,Santa Barbara,083,443738,34539,34450,1143,35593,460
2021-06-12,Santa Clara,085,1922200,119121,119894,778,120672,2085
2021-06-12,Santa Cruz,087,273765,16283,16170,815,16985,208
2021-06-12,Shasta,089,179085,12513,12556,1622,14178,201
2021-06-12,Sierra,091,2930,59,55,12,67,0
2021-06-12,Siskiyou,093,43540,1958,1884,374,2258,25
2021-06-12,Solano,095,438530,33208,33219,566,33785,266
2021-06-12,Sonoma,097,501317,30556,30647,356,31003,323
2021-06-12,Stanislaus,099,539301,56782,56649,6010,62659,974
2021-06-12,Sutter,101,95872,9567,9603,91,9694,112
2021-06-12,Tehama,103,63373,5133,5099,589,5688,63
2021-06-12,Trinity,105,12862,487,332,97,429,3
2021-06-12,Tulare,107,460477,50376,49533,9125,58658,848
2021-06-12,Tuolumne,109,53932,4050,4105,40,4145,63
2021-06-12,Ventura,111,848112,81619,81197,3020,84217,1028
2021-06-12,Yolo,113,214977,14116,14118,334,14452,212
2021-06-12,Yuba,115,75493,6141,6120,133,6253,50
2021-06-11,Alameda,001,1643700,88841,88844,1988,90832,1278
2021-06-11,Alpine,003,1148,87,88,0,88,0
2021-06-11,Amador,005,37829,3730,3710,33,3743,46
2021-06-11,Butte,007,227075,12714,12576,1844,14420,194
2021-06-11,Calaveras,009,45235,2189,2188,13,2201,55
2021-06-11,Colusa,011,21464,1960,1964,317,2281,15
2021-06-11,Contra Costa,013,1133247,70390,69940,1310,71250,808
2021-06-11,Del Norte,015,27424,1440,1409,13,1422,8
2021-06-11,El Dorado,017,186661,10380,10316,759,11075,113
2021-06-11,Fresno,019,978130,103168,102770,8766,111536,1720
2021-06-11,Glenn,021,27897,2442,2425,566,2991,19
2021-06-11,Humboldt,023,135768,4398,4389,39,4428,42
2021-06-11,Imperial,025,180216,28712,28793,2766,31559,741
2021-06-11,Inyo,027,18085,1407,1405,14,1419,35
2021-06-11,Kern,029,883053,97675,96718,11092,107810,1340
2021-06-11,Kings,031,150075,23223,23069,1097,24166,245
2021-06-11,Lake,033,64148,3565,3550,9,3559,45
2021-06-11,Lassen,035,31185,5249,5204,116,5320,18
2021-06-11,Los Angeles,037,10098052,1209045,1204259,41725,1245984,24434
2021-06-11,Madera,039,155013,16713,16582,946,17528,240
2021-06-11,Marin,041,260295,14161,14116,267,14383,229
2021-06-11,Mariposa,043,17540,438,434,11,445,5
2021-06-11,Mendocino,045,87422,4106,4022,82,4104,49
2021-06-11,Merced,047,269075,31157,31231,1063,32294,461
2021-06-11,Modoc,049,8938,399,382,140,522,3
2021-06-11,Mono,051,14174,1264,1274,17,1291,3
2021-06-11,Monterey,053,433212,43255,43097,1878,44975,415
2021-06-11,Napa,055,140530,9972,9977,38,10015,80
2021-06-11,Nevada,057,99092,4908,4873,195,5068,72
2021-06-11,Orange,059,3164182,255944,254975,11511,266486,5101
2021-06-11,Placer,061,380077,23590,23330,1529,24859,294
2021-06-11,Plumas,063,18699,713,696,11,707,4
2021-06-11,Riverside,065,2383286,294886,289376,14141,303517,4451
2021-06-11,Sacramento,067,1510023,107334,107119,1801,108920,1659
2021-06-11,San Benito,069,59416,6080,6082,116,6198,63
2021-06-11,San Bernardino,071,2135413,294062,293335,9044,302379,4788
2021-06-11,San Diego,073,3302833,281992,281144,15152,296296,3768
2021-06-11,San Francisco,075,870044,36956,37177,1305,38482,555
2021-06-11,San Joaquin,077,732212,73712,73347,3617,76964,1397
2021-06-11,San Luis Obispo,079,281455,21500,21288,752,22040,256
2021-06-11,San Mateo,081,765935,42558,42585,480,43065,542
2021-06-11,Santa Barbara,083,443738,34536,34438,1143,35581,460
2021-06-11,Santa Clara,085,1922200,119101,119860,778,120638,2083
2021-06-11,Santa Cruz,087,273765,16275,16164,815,16979,208
2021-06-11,Shasta,089,179085,12505,12550,1620,14170,201
2021-06-11,Sierra,091,2930,59,55,12,67,0
2021-06-11,Siskiyou,093,43540,1957,1882,374,2256,25
2021-06-11,Solano,095,438530,33188,33179,565,33744,266
2021-06-11,Sonoma,097,501317,30538,30624,356,30980,323
2021-06-11,Stanislaus,099,539301,56756,56617,6006,62623,974
2021-06-11,Sutter,101,95872,9564,9600,90,9690,112
2021-06-11,Tehama,103,63373,5132,5099,589,5688,63
2021-06-11,Trinity,105,12862,487,331,97,428,3
2021-06-11,Tulare,107,460477,50370,49516,9124,58640,848
2021-06-11,Tuolumne,109,53932,4047,4104,40,4144,63
2021-06-11,Ventura,111,848112,81609,81189,3020,84209,1026
2021-06-11,Yolo,113,214977,14109,14111,330,14441,212
2021-06-11,Yuba,115,75493,6137,6113,133,6246,50
2021-06-10,Alameda,001,1643700,88797,88806,1987,90793,1275
2021-06-10,Alpine,003,1148,87,88,0,88,0
2021-06-10,Amador,005,37829,3726,3709,33,3742,46
2021-06-10,Butte,007,227075,12697,12565,1844,14409,194
2021-06-10,Calaveras,009,45235,2188,2188,13,2201,55
2021-06-10,Colusa,011,21464,1958,1964,317,2281,15
2021-06-10,Contra Costa,013,1133247,70336,69876,1310,71186,807
2021-06-10,Del Norte,015,27424,1440,1405,13,1418,8
2021-06-10,El Dorado,017,186661,10373,10314,755,11069,113
2021-06-10,Fresno,019,978130,103142,102724,8765,111489,1717
2021-06-10,Glenn,021,27897,2442,2425,566,2991,19
2021-06-10,Humboldt,023,135768,4390,4384,39,4423,42
2021-06-10,Imperial,025,180216,28706,28779,2766,31545,739
2021-06-10,Inyo,027,18085,1407,1405,14,1419,35
2021-06-10,Kern,029,883053,97661,96706,11087,107793,1336
2021-06-10,Kings,031,150075,23222,23067,1097,24164,245
2021-06-10,Lake,033,64148,3560,3550,9,3559,45
2021-06-10,Lassen,035,31185,5247,5201,116,5317,18
2021-06-10,Los Angeles,037,10098052,1208880,1204110,41708,1245818,24440
2021-06-10,Madera,039,155013,16706,16581,945,17526,240
2021-06-10,Marin,041,260295,14158,14118,267,14385,229
2021-06-10,Mariposa,043,17540,436,434,11,445,5
2021-06-10,Mendocino,045,87422,4101,4016,82,4098,48
2021-06-10,Merced,047,269075,31149,31231,1060,32291,461
2021-06-10,Modoc,049,8938,398,381,140,521,3
2021-06-10,Mono,051,14174,1263,1274,17,1291,3
2021-06-10,Monterey,053,433212,43249,43090,1878,44968,415
2021-06-10,Napa,055,140530,9971,9974,38,10012,80
2021-06-10,Nevada,057,99092,4903,4866,195,5061,72
2021-06-10,Orange,059,3164182,255914,254950,11504,266454,5097
2021-06-10,Placer,061,380077,23577,23296,1529,24825,293
2021-06-10,Plumas,063,18699,713,696,11,707,4
2021-06-10,Riverside,065,2383286,294844,289335,14136,303471,4450
2021-06-10,Sacramento,067,1510023,107272,107049,1801,108850,1658
2021-06-10,San Benito,069,59416,6080,6079,116,6195,63
2021-06-10,San Bernardino,071,2135413,294021,293281,9041,302322,4782
2021-06-10,San Diego,073,3302833,281934,281052,15135,296187,3766
2021-06-10,San Francisco,075,870044,36946,37159,1303,38462,552
2021-06-10,San Joaquin,077,732212,73678,73276,3616,76892,1393
2021-06-10,San Luis Obispo,079,281455,21497,21280,752,22032,256
2021-06-10,San Mateo,081,765935,42551,42562,480,43042,666
2021-06-10,Santa Barbara,083,443738,34532,34434,1143,35577,460
2021-06-10,Santa Clara,085,1922200,119066,119832,777,120609,2075
2021-06-10,Santa Cruz,087,273765,16274,16159,815,16974,208
2021-06-10,Shasta,089,179085,12495,12536,1619,14155,201
2021-06-10,Sierra,091,2930,58,55,12,67,0
2021-06-10,Siskiyou,093,43540,1957,1881,374,2255,25
2021-06-10,Solano,095,438530,33171,33150,564,33714,265
2021-06-10,Sonoma,097,501317,30502,30571,354,30925,323
2021-06-10,Stanislaus,099,539301,56735,56588,6002,62590,974
2021-06-10,Sutter,101,95872,9557,9594,90,9684,112
2021-06-10,Tehama,103,63373,5132,5096,589,5685,63
2021-06-10,Trinity,105,12862,487,331,97,428,3
2021-06-10,Tulare,107,460477,50362,49503,9124,58627,848
2021-06-10,Tuolumne,109,53932,4047,4100,40,4140,63
2021-06-10,Ventura,111,848112,81598,81172,3019,84191,1026
2021-06-10,Yolo,113,214977,14106,14107,330,14437,212
2021-06-10,Yuba,115,75493,6133,6112,133,6245,50
2021-06-09,Alameda,001,1643700,88754,88762,1986,90748,1271
2021-06-09,Alpine,003,1148,87,88,0,88,0
2021-06-09,Amador,005,37829,3722,3706,33,3739,46
2021-06-09,Butte,007,227075,12691,12555,1842,14397,194
2021-06-09,Calaveras,009,45235,2186,2184,13,2197,55
2021-06-09,Colusa,011,21464,1958,1962,316,2278,15
2021-06-09,Contra Costa,013,1133247,70299,69829,1309,71138,803
2021-06-09,Del Norte,015,27424,1436,1403,13,1416,8
2021-06-09,El Dorado,017,186661,10370,10312,754,11066,113
2021-06-09,Fresno,019,978130,103122,102690,8761,111451,1717
2021-06-09,Glenn,021,27897,2441,2424,566,2990,19
2021-06-09,Humboldt,023,135768,4385,4379,38,4417,42
2021-06-09,Imperial,025,180216,28703,28754,2766,31520,739
2021-06-09,Inyo,027,18085,1407,1405,14,1419,35
2021-06-09,Kern,029,883053,97647,96697,11078,107775,1328
2021-06-09,Kings,031,150075,23220,23061,1097,24158,245
2021-06-09,Lake,033,64148,3557,3541,9,3550,45
2021-06-09,Lassen,035,31185,5246,5200,116,5316,18
2021-06-09,Los Angeles,037,10098052,1208694,1203955,41695,1245650,24432
2021-06-09,Madera,039,155013,16701,16580,945,17525,240
2021-06-09,Marin,041,260295,14153,14114,267,14381,229
2021-06-09,Mariposa,043,17540,436,434,11,445,5
2021-06-09,Mendocino,045,87422,4095,4008,82,4090,47
2021-06-09,Merced,047,269075,31145,31225,1060,32285,461
2021-06-09,Modoc,049,8938,396,377,139,516,3
2021-06-09,Mono,051,14174,1263,1274,17,1291,3
2021-06-09,Monterey,053,433212,43242,43082,1878,44960,415
2021-06-09,Napa,055,140530,9965,9971,38,10009,80
2021-06-09,Nevada,057,99092,4893,4863,194,5057,72
2021-06-09,Orange,059,3164182,255870,254893,11499,266392,5080
2021-06-09,Placer,061,380077,23558,23237,1529,24766,293
2021-06-09,Plumas,063,18699,712,697,11,708,4
2021-06-09,Riverside,065,2383286,294798,289299,14134,303433,4450
2021-06-09,Sacramento,067,1510023,107210,106971,1798,108769,1657
2021-06-09,San Benito,069,59416,6077,6078,116,6194,63
2021-06-09,San Bernardino,071,2135413,293979,293222,9041,302263,4782
2021-06-09,San Diego,073,3302833,281870,280941,15123,296064,3765
2021-06-09,San Francisco,075,870044,36933,37143,1302,38445,552
2021-06-09,San Joaquin,077,732212,73652,73232,3615,76847,1392
2021-06-09,San Luis Obispo,079,281455,21496,21259,752,22011,256
2021-06-09,San Mateo,081,765935,42535,42502,478,42980,666
2021-06-09,Santa Barbara,083,443738,34521,34422,1143,35565,460
2021-06-09,Santa Clara,085,1922200,119028,119793,776,120569,2068
2021-06-09,Santa Cruz,087,273765,16271,16155,815,16970,208
2021-06-09,Shasta,089,179085,12485,12521,1617,14138,201
2021-06-09,Sierra,091,2930,57,55,12,67,0
2021-06-09,Siskiyou,093,43540,1956,1871,374,2245,25
2021-06-09,Solano,095,438530,33155,33137,563,33700,264
2021-06-09,Sonoma,097,501317,30480,30540,354,30894,323
2021-06-09,Stanislaus,099,539301,56715,56560,5999,62559,974
2021-06-09,Sutter,101,95872,9548,9586,89,9675,111
2021-06-09,Tehama,103,63373,5131,5093,589,5682,63
2021-06-09,Trinity,105,12862,486,331,97,428,3
2021-06-09,Tulare,107,460477,50358,49496,9122,58618,847
2021-06-09,Tuolumne,109,53932,4044,4100,40,4140,63
2021-06-09,Ventura,111,848112,81588,81154,3018,84172,1026
2021-06-09,Yolo,113,214977,14104,14102,329,14431,212
2021-06-09,Yuba,115,75493,6129,6109,133,6242,50
2021-06-08,Alameda,001,1643700,88706,88731,1986,90717,1267
2021-06-08,Alpine,003,1148,87,88,0,88,0
2021-06-08,Amador,005,37829,3721,3704,33,3737,46
2021-06-08,Butte,007,227075,12685,12540,1840,14380,194
2021-06-08,Calaveras,009,45235,2185,2181,13,2194,55
2021-06-08,Colusa,011,21464,1958,1961,316,2277,15
2021-06-08,Contra Costa,013,1133247,70251,69762,1308,71070,803
2021-06-08,Del Norte,015,27424,1434,1402,13,1415,8
2021-06-08,El Dorado,017,186661,10365,10306,752,11058,113
2021-06-08,Fresno,019,978130,103097,102680,8759,111439,1717
2021-06-08,Glenn,021,27897,2440,2423,566,2989,19
2021-06-08,Humboldt,023,135768,4380,4363,38,4401,42
2021-06-08,Imperial,025,180216,28694,28752,2766,31518,738
2021-06-08,Inyo,027,18085,1407,1405,14,1419,35
2021-06-08,Kern,029,883053,97628,96671,11071,107742,1325
2021-06-08,Kings,031,150075,23219,23036,1097,24133,245
2021-06-08,Lake,033,64148,3556,3540,9,3549,45
2021-06-08,Lassen,035,31185,5246,5200,116,5316,18
2021-06-08,Los Angeles,037,10098052,1208496,1203794,41683,1245477,24426
2021-06-08,Madera,039,155013,16695,16579,944,17523,240
2021-06-08,Marin,041,260295,14151,14111,266,14377,229
2021-06-08,Mariposa,043,17540,436,434,11,445,5
2021-06-08,Mendocino,045,87422,4088,4002,82,4084,47
2021-06-08,Merced,047,269075,31137,31225,1060,32285,461
2021-06-08,Modoc,049,8938,390,377,138,515,3
2021-06-08,Mono,051,14174,1263,1274,17,1291,3
2021-06-08,Monterey,053,433212,43236,43078,1877,44955,415
2021-06-08,Napa,055,140530,9961,9962,38,10000,80
2021-06-08,Nevada,057,99092,4888,4861,194,5055,72
2021-06-08,Orange,059,3164182,255828,254852,11492,266344,5078
2021-06-08,Placer,061,380077,23540,23209,1525,24734,293
2021-06-08,Plumas,063,18699,712,692,11,703,4
2021-06-08,Riverside,065,2383286,294762,289268,14126,303394,4452
2021-06-08,Sacramento,067,1510023,107148,106901,1795,108696,1654
2021-06-08,San Benito,069,59416,6075,6076,116,6192,63
2021-06-08,San Bernardino,071,2135413,293930,293186,9037,302223,4778
2021-06-08,San Diego,073,3302833,281807,280879,15114,295993,3764
2021-06-08,San Francisco,075,870044,36918,37134,1301,38435,552
2021-06-08,San Joaquin,077,732212,73608,73186,3610,76796,1390
2021-06-08,San Luis Obispo,079,281455,21490,21251,751,22002,255
2021-06-08,San Mateo,081,765935,42522,42488,478,42966,663
2021-06-08,Santa Barbara,083,443738,34517,34418,1143,35561,459
2021-06-08,Santa Clara,085,1922200,119007,119770,775,120545,2068
2021-06-08,Santa Cruz,087,273765,16268,16160,815,16975,208
2021-06-08,Shasta,089,179085,12470,12498,1617,14115,201
2021-06-08,Sierra,091,2930,57,55,12,67,0
2021-06-08,Siskiyou,093,43540,1954,1870,372,2242,21
2021-06-08,Solano,095,438530,33134,33130,563,33693,259
2021-06-08,Sonoma,097,501317,30453,30523,352,30875,323
2021-06-08,Stanislaus,099,539301,56688,56548,5997,62545,973
2021-06-08,Sutter,101,95872,9545,9581,89,9670,111
2021-06-08,Tehama,103,63373,5128,5093,589,5682,63
2021-06-08,Trinity,105,12862,486,330,96,426,3
2021-06-08,Tulare,107,460477,50346,49485,9117,58602,847
2021-06-08,Tuolumne,109,53932,4041,4099,40,4139,63
2021-06-08,Ventura,111,848112,81572,81142,3017,84159,1026
2021-06-08,Yolo,113,214977,14099,14099,328,14427,212
2021-06-08,Yuba,115,75493,6127,6103,133,6236,50
2021-06-07,Alameda,001,1643700,88649,88688,1986,90674,1267
2021-06-07,Alpine,003,1148,87,88,0,88,0
2021-06-07,Amador,005,37829,3711,3697,33,3730,46
2021-06-07,Butte,007,227075,12678,12533,1839,14372,194
2021-06-07,Calaveras,009,45235,2184,2181,13,2194,55
2021-06-07,Colusa,011,21464,1957,1960,316,2276,15
2021-06-07,Contra Costa,013,1133247,70194,69718,1307,71025,817
2021-06-07,Del Norte,015,27424,1434,1401,13,1414,8
2021-06-07,El Dorado,017,186661,10360,10305,752,11057,113
2021-06-07,Fresno,019,978130,103066,102659,8751,111410,1717
2021-06-07,Glenn,021,27897,2440,2423,566,2989,19
2021-06-07,Humboldt,023,135768,4372,4354,38,4392,42
2021-06-07,Imperial,025,180216,28692,28754,2766,31520,738
2021-06-07,Inyo,027,18085,1407,1404,14,1418,35
2021-06-07,Kern,029,883053,97612,96645,11064,107709,1324
2021-06-07,Kings,031,150075,23215,23023,1097,24120,244
2021-06-07,Lake,033,64148,3554,3540,9,3549,45
2021-06-07,Lassen,035,31185,5241,5198,116,5314,18
2021-06-07,Los Angeles,037,10098052,1208272,1203664,41668,1245332,24413
2021-06-07,Madera,039,155013,16688,16572,944,17516,240
2021-06-07,Marin,041,260295,14147,14108,265,14373,229
2021-06-07,Mariposa,043,17540,436,434,11,445,5
2021-06-07,Mendocino,045,87422,4082,3998,82,4080,47
2021-06-07,Merced,047,269075,31125,31212,1059,32271,459
2021-06-07,Modoc,049,8938,389,375,135,510,3
2021-06-07,Mono,051,14174,1263,1275,17,1292,3
2021-06-07,Monterey,053,433212,43229,43077,1877,44954,415
2021-06-07,Napa,055,140530,9953,9962,38,10000,80
2021-06-07,Nevada,057,99092,4886,4860,194,5054,72
2021-06-07,Orange,059,3164182,255788,254808,11484,266292,5073
2021-06-07,Placer,061,380077,23521,23176,1523,24699,293
2021-06-07,Plumas,063,18699,712,692,11,703,4
2021-06-07,Riverside,065,2383286,294719,289232,14122,303354,4451
2021-06-07,Sacramento,067,1510023,107072,106841,1792,108633,1655
2021-06-07,San Benito,069,59416,6074,6074,116,6190,63
2021-06-07,San Bernardino,071,2135413,293892,293129,9036,302165,4775
2021-06-07,San Diego,073,3302833,281725,280808,15101,295909,3764
2021-06-07,San Francisco,075,870044,36902,37122,1301,38423,552
2021-06-07,San Joaquin,077,732212,73563,73130,3603,76733,1388
2021-06-07,San Luis Obispo,079,281455,21477,21252,751,22003,255
2021-06-07,San Mateo,081,765935,42506,42479,478,42957,664
2021-06-07,Santa Barbara,083,443738,34511,34407,1143,35550,459
2021-06-07,Santa Clara,085,1922200,118975,119743,775,120518,2066
2021-06-07,Santa Cruz,087,273765,16267,16159,815,16974,208
2021-06-07,Shasta,089,179085,12456,12483,1612,14095,200
2021-06-07,Sierra,091,2930,57,55,12,67,0
2021-06-07,Siskiyou,093,43540,1954,1869,372,2241,21
2021-06-07,Solano,095,438530,33112,33124,562,33686,258
2021-06-07,Sonoma,097,501317,30417,30504,351,30855,323
2021-06-07,Stanislaus,099,539301,56655,56521,5995,62516,972
2021-06-07,Sutter,101,95872,9541,9571,89,9660,111
2021-06-07,Tehama,103,63373,5124,5092,587,5679,63
2021-06-07,Trinity,105,12862,486,329,96,425,3
2021-06-07,Tulare,107,460477,50340,49471,9117,58588,847
2021-06-07,Tuolumne,109,53932,4040,4098,40,4138,63
2021-06-07,Ventura,111,848112,81555,81137,3015,84152,1025
2021-06-07,Yolo,113,214977,14094,14097,327,14424,211
2021-06-07,Yuba,115,75493,6125,6099,130,6229,49
2021-06-06,Alameda,001,1643700,88611,88636,1985,90621,1267
2021-06-06,Alpine,003,1148,87,88,0,88,0
2021-06-06,Amador,005,37829,3708,3696,33,3729,46
2021-06-06,Butte,007,227075,12667,12527,1838,14365,194
2021-06-06,Calaveras,009,45235,2183,2181,13,2194,55
2021-06-06,Colusa,011,21464,1955,1959,316,2275,15
2021-06-06,Contra Costa,013,1133247,70129,69659,1305,70964,817
2021-06-06,Del Norte,015,27424,1429,1401,13,1414,8
2021-06-06,El Dorado,017,186661,10353,10294,752,11046,113
2021-06-06,Fresno,019,978130,103033,102642,8748,111390,1717
2021-06-06,Glenn,021,27897,2439,2423,566,2989,19
2021-06-06,Humboldt,023,135768,4361,4353,38,4391,42
2021-06-06,Imperial,025,180216,28686,28762,2766,31528,738
2021-06-06,Inyo,027,18085,1406,1404,14,1418,35
2021-06-06,Kern,029,883053,97594,96623,11057,107680,1324
2021-06-06,Kings,031,150075,23209,23021,1097,24118,244
2021-06-06,Lake,033,64148,3554,3535,9,3544,45
2021-06-06,Lassen,035,31185,5239,5191,116,5307,18
2021-06-06,Los Angeles,037,10098052,1208071,1203539,41653,1245192,24410
2021-06-06,Madera,039,155013,16681,16567,944,17511,240
2021-06-06,Marin,041,260295,14141,14106,264,14370,229
2021-06-06,Mariposa,043,17540,435,435,11,446,5
2021-06-06,Mendocino,045,87422,4078,3993,82,4075,47
2021-06-06,Merced,047,269075,31119,31215,1058,32273,459
2021-06-06,Modoc,049,8938,389,375,134,509,3
2021-06-06,Mono,051,14174,1263,1275,17,1292,3
2021-06-06,Monterey,053,433212,43224,43078,1877,44955,415
2021-06-06,Napa,055,140530,9947,9963,38,10001,80
2021-06-06,Nevada,057,99092,4879,4854,193,5047,72
2021-06-06,Orange,059,3164182,255752,254782,11479,266261,5073
2021-06-06,Placer,061,380077,23496,23156,1520,24676,293
2021-06-06,Plumas,063,18699,712,692,11,703,4
2021-06-06,Riverside,065,2383286,294680,289201,14116,303317,4451
2021-06-06,Sacramento,067,1510023,106986,106749,1791,108540,1655
2021-06-06,San Benito,069,59416,6068,6074,116,6190,63
2021-06-06,San Bernardino,071,2135413,293836,293117,9027,302144,4773
2021-06-06,San Diego,073,3302833,281645,280743,15084,295827,3764
2021-06-06,San Francisco,075,870044,36889,37118,1299,38417,552
2021-06-06,San Joaquin,077,732212,73531,73105,3599,76704,1388
2021-06-06,San Luis Obispo,079,281455,21474,21246,751,21997,255
2021-06-06,San Mateo,081,765935,42489,42457,478,42935,664
2021-06-06,Santa Barbara,083,443738,34507,34403,1142,35545,459
2021-06-06,Santa Clara,085,1922200,118953,119711,775,120486,2066
2021-06-06,Santa Cruz,087,273765,16266,16158,815,16973,208
2021-06-06,Shasta,089,179085,12441,12478,1609,14087,200
2021-06-06,Sierra,091,2930,57,55,12,67,0
2021-06-06,Siskiyou,093,43540,1951,1869,372,2241,21
2021-06-06,Solano,095,438530,33085,33093,562,33655,258
2021-06-06,Sonoma,097,501317,30386,30478,350,30828,323
2021-06-06,Stanislaus,099,539301,56619,56486,5992,62478,972
2021-06-06,Sutter,101,95872,9534,9567,89,9656,111
2021-06-06,Tehama,103,63373,5114,5092,585,5677,63
2021-06-06,Trinity,105,12862,486,328,96,424,3
2021-06-06,Tulare,107,460477,50332,49466,9112,58578,847
2021-06-06,Tuolumne,109,53932,4038,4097,40,4137,63
2021-06-06,Ventura,111,848112,81544,81130,3012,84142,1025
2021-06-06,Yolo,113,214977,14086,14089,326,14415,210
2021-06-06,Yuba,115,75493,6117,6096,130,6226,49
2021-06-05,Alameda,001,1643700,88578,88612,1985,90597,1268
2021-06-05,Alpine,003,1148,87,88,0,88,0
2021-06-05,Amador,005,37829,3708,3694,33,3727,46
2021-06-05,Butte,007,227075,12661,12514,1837,14351,194
2021-06-05,Calaveras,009,45235,2183,2181,13,2194,55
2021-06-05,Colusa,011,21464,1955,1959,316,2275,15
2021-06-05,Contra Costa,013,1133247,70100,69601,1305,70906,817
2021-06-05,Del Norte,015,27424,1429,1400,13,1413,8
2021-06-05,El Dorado,017,186661,10351,10288,751,11039,113
2021-06-05,Fresno,019,978130,103024,102626,8748,111374,1717
2021-06-05,Glenn,021,27897,2438,2423,566,2989,19
2021-06-05,Humboldt,023,135768,4356,4346,38,4384,42
2021-06-05,Imperial,025,180216,28683,28764,2766,31530,738
2021-06-05,Inyo,027,18085,1406,1405,14,1419,35
2021-06-05,Kern,029,883053,97581,96597,11053,107650,1324
2021-06-05,Kings,031,150075,23206,23017,1097,24114,244
2021-06-05,Lake,033,64148,3551,3534,9,3543,45
2021-06-05,Lassen,035,31185,5238,5191,116,5307,18
2021-06-05,Los Angeles,037,10098052,1207944,1203338,41642,1244980,24411
2021-06-05,Madera,039,155013,16677,16563,944,17507,240
2021-06-05,Marin,041,260295,14139,14101,264,14365,229
2021-06-05,Mariposa,043,17540,435,435,11,446,5
2021-06-05,Mendocino,045,87422,4075,3989,82,4071,47
2021-06-05,Merced,047,269075,31117,31212,1057,32269,459
2021-06-05,Modoc,049,8938,389,375,133,508,3
2021-06-05,Mono,051,14174,1263,1274,17,1291,3
2021-06-05,Monterey,053,433212,43220,43071,1876,44947,415
2021-06-05,Napa,055,140530,9942,9960,38,9998,80
2021-06-05,Nevada,057,99092,4877,4849,193,5042,72
2021-06-05,Orange,059,3164182,255728,254752,11476,266228,5069
2021-06-05,Placer,061,380077,23480,23133,1520,24653,293
2021-06-05,Plumas,063,18699,712,692,11,703,4
2021-06-05,Riverside,065,2383286,294645,289157,14112,303269,4451
2021-06-05,Sacramento,067,1510023,106934,106688,1789,108477,1655
2021-06-05,San Benito,069,59416,6066,6074,116,6190,63
2021-06-05,San Bernardino,071,2135413,293803,293081,9025,302106,4772
2021-06-05,San Diego,073,3302833,281604,280676,15071,295747,3764
2021-06-05,San Francisco,075,870044,36880,37111,1299,38410,552
2021-06-05,San Joaquin,077,732212,73515,73078,3593,76671,1388
2021-06-05,San Luis Obispo,079,281455,21471,21236,751,21987,255
2021-06-05,San Mateo,081,765935,42479,42433,478,42911,664
2021-06-05,Santa Barbara,083,443738,34504,34399,1141,35540,459
2021-06-05,Santa Clara,085,1922200,118931,119676,773,120449,2066
2021-06-05,Santa Cruz,087,273765,16266,16154,815,16969,208
2021-06-05,Shasta,089,179085,12431,12472,1608,14080,200
2021-06-05,Sierra,091,2930,57,55,12,67,0
2021-06-05,Siskiyou,093,43540,1951,1867,372,2239,21
2021-06-05,Solano,095,438530,33070,33074,562,33636,257
2021-06-05,Sonoma,097,501317,30359,30450,348,30798,323
2021-06-05,Stanislaus,099,539301,56611,56463,5990,62453,973
2021-06-05,Sutter,101,95872,9531,9559,89,9648,111
2021-06-05,Tehama,103,63373,5113,5092,584,5676,63
2021-06-05,Trinity,105,12862,486,328,96,424,3
2021-06-05,Tulare,107,460477,50326,49463,9112,58575,847
2021-06-05,Tuolumne,109,53932,4036,4098,40,4138,63
2021-06-05,Ventura,111,848112,81535,81119,3010,84129,1025
2021-06-05,Yolo,113,214977,14084,14088,326,14414,210
2021-06-05,Yuba,115,75493,6116,6087,130,6217,49
2021-06-04,Alameda,001,1643700,88551,88585,1982,90567,1263
2021-06-04,Alpine,003,1148,87,88,0,88,0
2021-06-04,Amador,005,37829,3708,3690,33,3723,46
2021-06-04,Butte,007,227075,12650,12494,1834,14328,193
2021-06-04,Calaveras,009,45235,2183,2179,13,2192,55
2021-06-04,Colusa,011,21464,1955,1959,316,2275,15
2021-06-04,Contra Costa,013,1133247,70065,69540,1302,70842,816
2021-06-04,Del Norte,015,27424,1429,1398,13,1411,8
2021-06-04,El Dorado,017,186661,10347,10284,749,11033,112
2021-06-04,Fresno,019,978130,103008,102601,8748,111349,1712
2021-06-04,Glenn,021,27897,2438,2423,565,2988,19
2021-06-04,Humboldt,023,135768,4351,4327,38,4365,42
2021-06-04,Imperial,025,180216,28679,28753,2766,31519,738
2021-06-04,Inyo,027,18085,1406,1404,14,1418,35
2021-06-04,Kern,029,883053,97563,96573,11051,107624,1327
2021-06-04,Kings,031,150075,23205,23002,1097,24099,244
2021-06-04,Lake,033,64148,3549,3528,9,3537,45
2021-06-04,Lassen,035,31185,5238,5180,116,5296,18
2021-06-04,Los Angeles,037,10098052,1207820,1203106,41633,1244739,24400
2021-06-04,Madera,039,155013,16675,16557,944,17501,240
2021-06-04,Marin,041,260295,14138,14099,263,14362,229
2021-06-04,Mariposa,043,17540,435,435,11,446,5
2021-06-04,Mendocino,045,87422,4066,3983,82,4065,47
2021-06-04,Merced,047,269075,31112,31204,1056,32260,459
2021-06-04,Modoc,049,8938,387,375,133,508,3
2021-06-04,Mono,051,14174,1263,1275,17,1292,3
2021-06-04,Monterey,053,433212,43216,43068,1876,44944,415
2021-06-04,Napa,055,140530,9938,9958,38,9996,80
2021-06-04,Nevada,057,99092,4873,4844,193,5037,72
2021-06-04,Orange,059,3164182,255691,254730,11472,266202,5059
2021-06-04,Placer,061,380077,23464,23110,1519,24629,293
2021-06-04,Plumas,063,18699,712,691,11,702,4
2021-06-04,Riverside,065,2383286,294619,289098,14108,303206,4452
2021-06-04,Sacramento,067,1510023,106880,106616,1788,108404,1654
2021-06-04,San Benito,069,59416,6064,6073,116,6189,63
2021-06-04,San Bernardino,071,2135413,293779,293056,9023,302079,4768
2021-06-04,San Diego,073,3302833,281561,280556,15064,295620,3763
2021-06-04,San Francisco,075,870044,36875,37079,1298,38377,551
2021-06-04,San Joaquin,077,732212,73496,73039,3591,76630,1388
2021-06-04,San Luis Obispo,079,281455,21468,21234,750,21984,255
2021-06-04,San Mateo,081,765935,42467,42413,478,42891,478
2021-06-04,Santa Barbara,083,443738,34498,34402,1140,35542,459
2021-06-04,Santa Clara,085,1922200,118901,119619,773,120392,2065
2021-06-04,Santa Cruz,087,273765,16263,16150,815,16965,207
2021-06-04,Shasta,089,179085,12425,12458,1603,14061,200
2021-06-04,Sierra,091,2930,57,55,12,67,0
2021-06-04,Siskiyou,093,43540,1950,1865,372,2237,21
2021-06-04,Solano,095,438530,33059,33058,562,33620,256
2021-06-04,Sonoma,097,501317,30338,30411,348,30759,323
2021-06-04,Stanislaus,099,539301,56596,56442,5988,62430,973
2021-06-04,Sutter,101,95872,9526,9554,89,9643,111
2021-06-04,Tehama,103,63373,5108,5090,584,5674,63
2021-06-04,Trinity,105,12862,486,328,96,424,3
2021-06-04,Tulare,107,460477,50317,49452,9110,58562,847
2021-06-04,Tuolumne,109,53932,4035,4095,40,4135,63
2021-06-04,Ventura,111,848112,81528,81104,3008,84112,1023
2021-06-04,Yolo,113,214977,14082,14083,326,14409,210
2021-06-04,Yuba,115,75493,6113,6084,130,6214,49
2021-06-03,Alameda,001,1643700,88513,88555,1979,90534,1257
2021-06-03,Alpine,003,1148,87,88,0,88,0
2021-06-03,Amador,005,37829,3700,3688,33,3721,46
2021-06-03,Butte,007,227075,12646,12478,1833,14311,193
2021-06-03,Calaveras,009,45235,2183,2179,13,2192,55
2021-06-03,Colusa,011,21464,1955,1957,316,2273,15
2021-06-03,Contra Costa,013,1133247,70011,69500,1297,70797,816
2021-06-03,Del Norte,015,27424,1427,1397,13,1410,8
2021-06-03,El Dorado,017,186661,10341,10284,746,11030,112
2021-06-03,Fresno,019,978130,102991,102566,8748,111314,1709
2021-06-03,Glenn,021,27897,2438,2421,565,2986,19
2021-06-03,Humboldt,023,135768,4343,4314,38,4352,42
2021-06-03,Imperial,025,180216,28668,28737,2766,31503,738
2021-06-03,Inyo,027,18085,1406,1404,14,1418,35
2021-06-03,Kern,029,883053,97536,96507,11037,107544,1326
2021-06-03,Kings,031,150075,23201,22982,1097,24079,244
2021-06-03,Lake,033,64148,3547,3526,9,3535,45
2021-06-03,Lassen,035,31185,5229,5177,116,5293,12
2021-06-03,Los Angeles,037,10098052,1207644,1202923,41625,1244548,24386
2021-06-03,Madera,039,155013,16668,16554,944,17498,240
2021-06-03,Marin,041,260295,14133,14095,263,14358,230
2021-06-03,Mariposa,043,17540,435,435,11,446,5
2021-06-03,Mendocino,045,87422,4059,3978,82,4060,47
2021-06-03,Merced,047,269075,31109,31199,1056,32255,459
2021-06-03,Modoc,049,8938,386,376,132,508,3
2021-06-03,Mono,051,14174,1263,1275,17,1292,3
2021-06-03,Monterey,053,433212,43213,43063,1876,44939,415
2021-06-03,Napa,055,140530,9931,9957,38,9995,81
2021-06-03,Nevada,057,99092,4869,4837,193,5030,72
2021-06-03,Orange,059,3164182,255663,254676,11462,266138,5056
2021-06-03,Placer,061,380077,23455,23100,1518,24618,293
2021-06-03,Plumas,063,18699,712,691,11,702,4
2021-06-03,Riverside,065,2383286,294564,289035,14104,303139,4447
2021-06-03,Sacramento,067,1510023,106801,106526,1786,108312,1654
2021-06-03,San Benito,069,59416,6064,6073,116,6189,63
2021-06-03,San Bernardino,071,2135413,293747,293021,9023,302044,4762
2021-06-03,San Diego,073,3302833,281497,280430,15054,295484,3761
2021-06-03,San Francisco,075,870044,36869,37072,1298,38370,551
2021-06-03,San Joaquin,077,732212,73468,72989,3587,76576,1388
2021-06-03,San Luis Obispo,079,281455,21463,21224,750,21974,255
2021-06-03,San Mateo,081,765935,42454,42396,478,42874,467
2021-06-03,Santa Barbara,083,443738,34495,34391,1140,35531,459
2021-06-03,Santa Clara,085,1922200,118879,119592,771,120363,2058
2021-06-03,Santa Cruz,087,273765,16261,16144,815,16959,207
2021-06-03,Shasta,089,179085,12410,12441,1600,14041,199
2021-06-03,Sierra,091,2930,57,55,12,67,0
2021-06-03,Siskiyou,093,43540,1950,1862,371,2233,21
2021-06-03,Solano,095,438530,33045,33019,562,33581,256
2021-06-03,Sonoma,097,501317,30316,30383,347,30730,322
2021-06-03,Stanislaus,099,539301,56578,56401,5982,62383,973
2021-06-03,Sutter,101,95872,9517,9539,89,9628,111
2021-06-03,Tehama,103,63373,5108,5087,584,5671,63
2021-06-03,Trinity,105,12862,486,328,96,424,3
2021-06-03,Tulare,107,460477,50314,49442,9106,58548,848
2021-06-03,Tuolumne,109,53932,4033,4095,40,4135,63
2021-06-03,Ventura,111,848112,81516,81078,3006,84084,1023
2021-06-03,Yolo,113,214977,14078,14078,323,14401,210
2021-06-03,Yuba,115,75493,6106,6077,130,6207,49
2021-06-02,Alameda,001,1643700,88468,88525,1977,90502,1254
2021-06-02,Alpine,003,1148,87,88,0,88,0
2021-06-02,Amador,005,37829,3698,3687,33,3720,46
2021-06-02,Butte,007,227075,12626,12432,1830,14262,193
2021-06-02,Calaveras,009,45235,2180,2174,13,2187,55
2021-06-02,Colusa,011,21464,1954,1957,316,2273,15
2021-06-02,Contra Costa,013,1133247,69960,69455,1295,70750,814
2021-06-02,Del Norte,015,27424,1425,1395,13,1408,8
2021-06-02,El Dorado,017,186661,10337,10275,746,11021,110
2021-06-02,Fresno,019,978130,102967,102547,8745,111292,1707
2021-06-02,Glenn,021,27897,2438,2421,565,2986,19
2021-06-02,Humboldt,023,135768,4328,4302,38,4340,42
2021-06-02,Imperial,025,180216,28662,28737,2765,31502,738
2021-06-02,Inyo,027,18085,1405,1403,14,1417,35
2021-06-02,Kern,029,883053,97509,96481,11030,107511,1326
2021-06-02,Kings,031,150075,23199,22981,1096,24077,244
2021-06-02,Lake,033,64148,3542,3522,9,3531,45
2021-06-02,Lassen,035,31185,5228,5177,116,5293,6
2021-06-02,Los Angeles,037,10098052,1207440,1202760,41616,1244376,24375
2021-06-02,Madera,039,155013,16660,16550,944,17494,240
2021-06-02,Marin,041,260295,14131,14091,262,14353,229
2021-06-02,Mariposa,043,17540,435,434,11,445,5
2021-06-02,Mendocino,045,87422,4053,3970,82,4052,47
2021-06-02,Merced,047,269075,31096,31195,1055,32250,458
2021-06-02,Modoc,049,8938,385,375,131,506,3
2021-06-02,Mono,051,14174,1263,1275,17,1292,3
2021-06-02,Monterey,053,433212,43211,43056,1876,44932,380
2021-06-02,Napa,055,140530,9930,9953,38,9991,82
2021-06-02,Nevada,057,99092,4866,4833,193,5026,72
2021-06-02,Orange,059,3164182,255614,254637,11455,266092,5055
2021-06-02,Placer,061,380077,23434,23058,1516,24574,293
2021-06-02,Plumas,063,18699,712,690,11,701,4
2021-06-02,Riverside,065,2383286,294506,289012,14094,303106,4445
2021-06-02,Sacramento,067,1510023,106736,106435,1780,108215,1649
2021-06-02,San Benito,069,59416,6063,6073,116,6189,63
2021-06-02,San Bernardino,071,2135413,293699,293004,9018,302022,4760
2021-06-02,San Diego,073,3302833,281417,280347,15033,295380,3760
2021-06-02,San Francisco,075,870044,36849,37050,1297,38347,550
2021-06-02,San Joaquin,077,732212,73437,72893,3584,76477,1387
2021-06-02,San Luis Obispo,079,281455,21456,21214,749,21963,255
2021-06-02,San Mateo,081,765935,42444,42383,477,42860,464
2021-06-02,Santa Barbara,083,443738,34488,34381,1140,35521,456
2021-06-02,Santa Clara,085,1922200,118851,119553,770,120323,2058
2021-06-02,Santa Cruz,087,273765,16258,16144,815,16959,207
2021-06-02,Shasta,089,179085,12392,12426,1595,14021,199
2021-06-02,Sierra,091,2930,57,55,12,67,0
2021-06-02,Siskiyou,093,43540,1950,1861,369,2230,21
2021-06-02,Solano,095,438530,33033,33007,561,33568,256
2021-06-02,Sonoma,097,501317,30297,30359,342,30701,322
2021-06-02,Stanislaus,099,539301,56560,56377,5977,62354,973
2021-06-02,Sutter,101,95872,9514,9533,89,9622,111
2021-06-02,Tehama,103,63373,5105,5081,584,5665,63
2021-06-02,Trinity,105,12862,484,328,96,424,3
2021-06-02,Tulare,107,460477,50305,49434,9102,58536,846
2021-06-02,Tuolumne,109,53932,4032,4095,40,4135,63
2021-06-02,Ventura,111,848112,81491,81033,3006,84039,1020
2021-06-02,Yolo,113,214977,14075,14074,322,14396,210
2021-06-02,Yuba,115,75493,6100,6072,130,6202,48
2021-06-01,Alameda,001,1643700,88433,88472,1975,90447,1253
2021-06-01,Alpine,003,1148,87,88,0,88,0
2021-06-01,Amador,005,37829,3696,3687,33,3720,46
2021-06-01,Butte,007,227075,12612,12427,1829,14256,193
2021-06-01,Calaveras,009,45235,2178,2173,13,2186,55
2021-06-01,Colusa,011,21464,1953,1955,315,2270,15
2021-06-01,Contra Costa,013,1133247,69902,69404,1295,70699,813
2021-06-01,Del Norte,015,27424,1424,1394,13,1407,8
2021-06-01,El Dorado,017,186661,10331,10271,746,11017,110
2021-06-01,Fresno,019,978130,102943,102534,8742,111276,1706
2021-06-01,Glenn,021,27897,2438,2422,565,2987,18
2021-06-01,Humboldt,023,135768,4318,4299,38,4337,42
2021-06-01,Imperial,025,180216,28658,28722,2763,31485,736
2021-06-01,Inyo,027,18085,1405,1403,14,1417,35
2021-06-01,Kern,029,883053,97482,96477,11022,107499,1319
2021-06-01,Kings,031,150075,23195,22977,1096,24073,244
2021-06-01,Lake,033,64148,3541,3523,9,3532,45
2021-06-01,Lassen,035,31185,5221,5172,116,5288,6
2021-06-01,Los Angeles,037,10098052,1207205,1202673,41602,1244275,24367
2021-06-01,Madera,039,155013,16651,16549,943,17492,240
2021-06-01,Marin,041,260295,14129,14081,262,14343,229
2021-06-01,Mariposa,043,17540,435,431,11,442,5
2021-06-01,Mendocino,045,87422,4046,3966,82,4048,47
2021-06-01,Merced,047,269075,31086,31195,1055,32250,456
2021-06-01,Modoc,049,8938,383,375,131,506,3
2021-06-01,Mono,051,14174,1263,1275,17,1292,3
2021-06-01,Monterey,053,433212,43205,43051,1876,44927,379
2021-06-01,Napa,055,140530,9928,9949,38,9987,82
2021-06-01,Nevada,057,99092,4861,4825,193,5018,72
2021-06-01,Orange,059,3164182,255578,254603,11447,266050,5051
2021-06-01,Placer,061,380077,23404,23021,1514,24535,293
2021-06-01,Plumas,063,18699,711,690,11,701,4
2021-06-01,Riverside,065,2383286,294453,288996,14088,303084,4442
2021-06-01,Sacramento,067,1510023,106664,106330,1778,108108,1644
2021-06-01,San Benito,069,59416,6062,6073,115,6188,63
2021-06-01,San Bernardino,071,2135413,293673,292990,9017,302007,4758
2021-06-01,San Diego,073,3302833,281313,280305,15016,295321,3756
2021-06-01,San Francisco,075,870044,36833,37031,1297,38328,550
2021-06-01,San Joaquin,077,732212,73405,72858,3582,76440,1383
2021-06-01,San Luis Obispo,079,281455,21451,21217,749,21966,256
2021-06-01,San Mateo,081,765935,42428,42383,476,42859,462
2021-06-01,Santa Barbara,083,443738,34484,34374,1140,35514,456
2021-06-01,Santa Clara,085,1922200,118823,119528,770,120298,2057
2021-06-01,Santa Cruz,087,273765,16254,16143,814,16957,207
2021-06-01,Shasta,089,179085,12383,12409,1590,13999,199
2021-06-01,Sierra,091,2930,57,55,12,67,0
2021-06-01,Siskiyou,093,43540,1943,1860,368,2228,21
2021-06-01,Solano,095,438530,33008,32974,560,33534,256
2021-06-01,Sonoma,097,501317,30258,30324,341,30665,322
2021-06-01,Stanislaus,099,539301,56544,56348,5975,62323,973
2021-06-01,Sutter,101,95872,9507,9528,89,9617,111
2021-06-01,Tehama,103,63373,5103,5079,584,5663,63
2021-06-01,Trinity,105,12862,483,328,95,423,3
2021-06-01,Tulare,107,460477,50297,49419,9098,58517,845
2021-06-01,Tuolumne,109,53932,4032,4094,40,4134,63
2021-06-01,Ventura,111,848112,81475,81018,3005,84023,1021
2021-06-01,Yolo,113,214977,14069,14067,322,14389,210
2021-06-01,Yuba,115,75493,6096,6067,130,6197,48
2021-05-31,Alameda,001,1643700,88397,88458,1971,90429,1253
2021-05-31,Alpine,003,1148,87,88,0,88,0
2021-05-31,Amador,005,37829,3690,3687,33,3720,46
2021-05-31,Butte,007,227075,12599,12429,1829,14258,193
2021-05-31,Calaveras,009,45235,2177,2171,13,2184,55
2021-05-31,Colusa,011,21464,1953,1956,314,2270,15
2021-05-31,Contra Costa,013,1133247,69865,69390,1293,70683,813
2021-05-31,Del Norte,015,27424,1421,1394,13,1407,8
2021-05-31,El Dorado,017,186661,10325,10271,744,11015,110
2021-05-31,Fresno,019,978130,102906,102507,8742,111249,1706
2021-05-31,Glenn,021,27897,2437,2422,564,2986,18
2021-05-31,Humboldt,023,135768,4305,4295,38,4333,42
2021-05-31,Imperial,025,180216,28652,28732,2760,31492,736
2021-05-31,Inyo,027,18085,1404,1403,14,1417,35
2021-05-31,Kern,029,883053,97446,96457,11013,107470,1319
2021-05-31,Kings,031,150075,23191,22977,1096,24073,244
2021-05-31,Lake,033,64148,3536,3523,9,3532,45
2021-05-31,Lassen,035,31185,5219,5172,115,5287,6
2021-05-31,Los Angeles,037,10098052,1206961,1202567,41594,1244161,24364
2021-05-31,Madera,039,155013,16650,16543,942,17485,240
2021-05-31,Marin,041,260295,14127,14080,262,14342,229
2021-05-31,Mariposa,043,17540,435,430,11,441,5
2021-05-31,Mendocino,045,87422,4036,3961,82,4043,47
2021-05-31,Merced,047,269075,31081,31194,1055,32249,456
2021-05-31,Modoc,049,8938,382,374,131,505,3
2021-05-31,Mono,051,14174,1263,1275,17,1292,3
2021-05-31,Monterey,053,433212,43201,43051,1876,44927,379
2021-05-31,Napa,055,140530,9921,9948,38,9986,82
2021-05-31,Nevada,057,99092,4851,4823,192,5015,72
2021-05-31,Orange,059,3164182,255550,254572,11439,266011,5051
2021-05-31,Placer,061,380077,23377,23019,1510,24529,293
2021-05-31,Plumas,063,18699,710,690,11,701,4
2021-05-31,Riverside,065,2383286,294396,288970,14076,303046,4442
2021-05-31,Sacramento,067,1510023,106567,106278,1772,108050,1644
2021-05-31,San Benito,069,59416,6062,6072,115,6187,63
2021-05-31,San Bernardino,071,2135413,293625,292973,9016,301989,4758
2021-05-31,San Diego,073,3302833,281209,280254,15004,295258,3756
2021-05-31,San Francisco,075,870044,36818,37022,1296,38318,550
2021-05-31,San Joaquin,077,732212,73356,72856,3576,76432,1383
2021-05-31,San Luis Obispo,079,281455,21443,21215,749,21964,256
2021-05-31,San Mateo,081,765935,42412,42389,476,42865,442
2021-05-31,Santa Barbara,083,443738,34471,34369,1138,35507,456
2021-05-31,Santa Clara,085,1922200,118779,119515,770,120285,2057
2021-05-31,Santa Cruz,087,273765,16251,16139,814,16953,207
2021-05-31,Shasta,089,179085,12367,12408,1587,13995,199
2021-05-31,Sierra,091,2930,57,55,12,67,0
2021-05-31,Siskiyou,093,43540,1942,1856,367,2223,21
2021-05-31,Solano,095,438530,32958,32973,560,33533,256
2021-05-31,Sonoma,097,501317,30215,30314,341,30655,322
2021-05-31,Stanislaus,099,539301,56502,56335,5972,62307,973
2021-05-31,Sutter,101,95872,9488,9523,89,9612,111
2021-05-31,Tehama,103,63373,5100,5076,583,5659,63
2021-05-31,Trinity,105,12862,483,328,95,423,3
2021-05-31,Tulare,107,460477,50286,49404,9093,58497,845
2021-05-31,Tuolumne,109,53932,4030,4095,40,4135,63
2021-05-31,Ventura,111,848112,81460,81017,3002,84019,1021
2021-05-31,Yolo,113,214977,14065,14064,322,14386,210
2021-05-31,Yuba,115,75493,6090,6063,127,6190,48
2021-05-30,Alameda,001,1643700,88374,88429,1971,90400,1253
2021-05-30,Alpine,003,1148,87,88,0,88,0
2021-05-30,Amador,005,37829,3686,3685,33,3718,46
2021-05-30,Butte,007,227075,12589,12427,1827,14254,190
2021-05-30,Calaveras,009,45235,2173,2166,13,2179,55
2021-05-30,Colusa,011,21464,1953,1954,314,2268,15
2021-05-30,Contra Costa,013,1133247,69831,69381,1291,70672,813
2021-05-30,Del Norte,015,27424,1420,1393,13,1406,8
2021-05-30,El Dorado,017,186661,10322,10271,744,11015,110
2021-05-30,Fresno,019,978130,102889,102499,8738,111237,1706
2021-05-30,Glenn,021,27897,2437,2422,563,2985,18
2021-05-30,Humboldt,023,135768,4297,4291,38,4329,42
2021-05-30,Imperial,025,180216,28648,28732,2759,31491,736
2021-05-30,Inyo,027,18085,1404,1403,14,1417,35
2021-05-30,Kern,029,883053,97430,96443,11010,107453,1319
2021-05-30,Kings,031,150075,23190,22974,1095,24069,244
2021-05-30,Lake,033,64148,3536,3517,9,3526,45
2021-05-30,Lassen,035,31185,5217,5171,115,5286,6
2021-05-30,Los Angeles,037,10098052,1206849,1202425,41587,1244012,24360
2021-05-30,Madera,039,155013,16646,16538,942,17480,240
2021-05-30,Marin,041,260295,14123,14083,261,14344,229
2021-05-30,Mariposa,043,17540,435,430,11,441,5
2021-05-30,Mendocino,045,87422,4029,3955,82,4037,47
2021-05-30,Merced,047,269075,31077,31189,1054,32243,456
2021-05-30,Modoc,049,8938,382,374,131,505,3
2021-05-30,Mono,051,14174,1263,1275,17,1292,3
2021-05-30,Monterey,053,433212,43198,43049,1876,44925,379
2021-05-30,Napa,055,140530,9920,9948,38,9986,82
2021-05-30,Nevada,057,99092,4845,4818,192,5010,72
2021-05-30,Orange,059,3164182,255527,254559,11438,265997,5051
2021-05-30,Placer,061,380077,23371,23016,1510,24526,293
2021-05-30,Plumas,063,18699,708,690,11,701,4
2021-05-30,Riverside,065,2383286,294375,288961,14074,303035,4442
2021-05-30,Sacramento,067,1510023,106522,106252,1770,108022,1644
2021-05-30,San Benito,069,59416,6062,6072,115,6187,63
2021-05-30,San Bernardino,071,2135413,293599,292981,9015,301996,4758
2021-05-30,San Diego,073,3302833,281153,280209,14999,295208,3756
2021-05-30,San Francisco,075,870044,36799,37016,1296,38312,550
2021-05-30,San Joaquin,077,732212,73339,72853,3575,76428,1383
2021-05-30,San Luis Obispo,079,281455,21434,21211,748,21959,256
2021-05-30,San Mateo,081,765935,42404,42386,476,42862,439
2021-05-30,Santa Barbara,083,443738,34467,34369,1138,35507,456
2021-05-30,Santa Clara,085,1922200,118757,119510,766,120276,2057
2021-05-30,Santa Cruz,087,273765,16249,16140,814,16954,207
2021-05-30,Shasta,089,179085,12365,12408,1584,13992,199
2021-05-30,Sierra,091,2930,57,55,12,67,0
2021-05-30,Siskiyou,093,43540,1942,1856,367,2223,21
2021-05-30,Solano,095,438530,32947,32952,559,33511,256
2021-05-30,Sonoma,097,501317,30198,30310,340,30650,322
2021-05-30,Stanislaus,099,539301,56491,56323,5971,62294,973
2021-05-30,Sutter,101,95872,9487,9519,88,9607,111
2021-05-30,Tehama,103,63373,5100,5073,583,5656,63
2021-05-30,Trinity,105,12862,483,328,95,423,3
2021-05-30,Tulare,107,460477,50279,49397,9084,58481,845
2021-05-30,Tuolumne,109,53932,4030,4094,40,4134,63
2021-05-30,Ventura,111,848112,81456,81012,3001,84013,1021
2021-05-30,Yolo,113,214977,14060,14059,321,14380,210
2021-05-30,Yuba,115,75493,6083,6063,126,6189,48
2021-05-29,Alameda,001,1643700,88351,88433,1969,90402,1253
2021-05-29,Alpine,003,1148,87,88,0,88,0
2021-05-29,Amador,005,37829,3685,3683,33,3716,46
2021-05-29,Butte,007,227075,12583,12425,1827,14252,190
2021-05-29,Calaveras,009,45235,2172,2166,13,2179,55
2021-05-29,Colusa,011,21464,1950,1954,314,2268,15
2021-05-29,Contra Costa,013,1133247,69798,69351,1291,70642,813
2021-05-29,Del Norte,015,27424,1420,1391,13,1404,8
2021-05-29,El Dorado,017,186661,10321,10269,742,11011,110
2021-05-29,Fresno,019,978130,102877,102470,8735,111205,1706
2021-05-29,Glenn,021,27897,2437,2422,562,2984,18
2021-05-29,Humboldt,023,135768,4291,4283,38,4321,42
2021-05-29,Imperial,025,180216,28645,28729,2758,31487,736
2021-05-29,Inyo,027,18085,1404,1404,14,1418,35
2021-05-29,Kern,029,883053,97419,96424,10997,107421,1319
2021-05-29,Kings,031,150075,23189,22970,1094,24064,244
2021-05-29,Lake,033,64148,3536,3515,9,3524,45
2021-05-29,Lassen,035,31185,5217,5171,115,5286,6
2021-05-29,Los Angeles,037,10098052,1206726,1202264,41583,1243847,24359
2021-05-29,Madera,039,155013,16644,16535,942,17477,240
2021-05-29,Marin,041,260295,14119,14071,260,14331,229
2021-05-29,Mariposa,043,17540,434,428,11,439,5
2021-05-29,Mendocino,045,87422,4023,3952,82,4034,47
2021-05-29,Merced,047,269075,31065,31187,1054,32241,456
2021-05-29,Modoc,049,8938,382,374,131,505,3
2021-05-29,Mono,051,14174,1263,1275,17,1292,3
2021-05-29,Monterey,053,433212,43196,43042,1876,44918,379
2021-05-29,Napa,055,140530,9917,9948,38,9986,82
2021-05-29,Nevada,057,99092,4844,4816,192,5008,72
2021-05-29,Orange,059,3164182,255505,254537,11428,265965,5049
2021-05-29,Placer,061,380077,23356,23009,1509,24518,293
2021-05-29,Plumas,063,18699,708,689,11,700,4
2021-05-29,Riverside,065,2383286,294355,288908,14073,302981,4442
2021-05-29,Sacramento,067,1510023,106492,106218,1769,107987,1643
2021-05-29,San Benito,069,59416,6061,6072,115,6187,63
2021-05-29,San Bernardino,071,2135413,293567,292961,9014,301975,4757
2021-05-29,San Diego,073,3302833,281094,280151,14994,295145,3756
2021-05-29,San Francisco,075,870044,36790,37008,1296,38304,550
2021-05-29,San Joaquin,077,732212,73323,72827,3573,76400,1383
2021-05-29,San Luis Obispo,079,281455,21432,21201,748,21949,256
2021-05-29,San Mateo,081,765935,42396,42375,475,42850,439
2021-05-29,Santa Barbara,083,443738,34463,34367,1138,35505,456
2021-05-29,Santa Clara,085,1922200,118733,119498,765,120263,2056
2021-05-29,Santa Cruz,087,273765,16248,16137,814,16951,207
2021-05-29,Shasta,089,179085,12357,12401,1583,13984,199
2021-05-29,Sierra,091,2930,57,55,12,67,0
2021-05-29,Siskiyou,093,43540,1937,1856,367,2223,21
2021-05-29,Solano,095,438530,32938,32917,559,33476,256
2021-05-29,Sonoma,097,501317,30175,30298,339,30637,322
2021-05-29,Stanislaus,099,539301,56473,56305,5969,62274,974
2021-05-29,Sutter,101,95872,9483,9516,88,9604,111
2021-05-29,Tehama,103,63373,5099,5070,583,5653,63
2021-05-29,Trinity,105,12862,483,328,95,423,3
2021-05-29,Tulare,107,460477,50269,49392,9080,58472,845
2021-05-29,Tuolumne,109,53932,4030,4093,40,4133,63
2021-05-29,Ventura,111,848112,81448,81008,3001,84009,1021
2021-05-29,Yolo,113,214977,14059,14055,321,14376,210
2021-05-29,Yuba,115,75493,6083,6059,126,6185,48
2021-05-28,Alameda,001,1643700,88327,88391,1965,90356,1261
2021-05-28,Alpine,003,1148,87,88,0,88,0
2021-05-28,Amador,005,37829,3685,3680,33,3713,46
2021-05-28,Butte,007,227075,12580,12407,1826,14233,190
2021-05-28,Calaveras,009,45235,2171,2165,13,2178,55
2021-05-28,Colusa,011,21464,1950,1954,312,2266,15
2021-05-28,Contra Costa,013,1133247,69762,69290,1290,70580,813
2021-05-28,Del Norte,015,27424,1419,1390,13,1403,8
2021-05-28,El Dorado,017,186661,10318,10265,742,11007,110
2021-05-28,Fresno,019,978130,102862,102437,8735,111172,1705
2021-05-28,Glenn,021,27897,2437,2419,562,2981,18
2021-05-28,Humboldt,023,135768,4284,4265,38,4303,42
2021-05-28,Imperial,025,180216,28642,28722,2758,31480,736
2021-05-28,Inyo,027,18085,1404,1404,14,1418,35
2021-05-28,Kern,029,883053,97402,96396,10989,107385,1320
2021-05-28,Kings,031,150075,23187,22962,1094,24056,244
2021-05-28,Lake,033,64148,3534,3515,9,3524,45
2021-05-28,Lassen,035,31185,5217,5169,115,5284,6
2021-05-28,Los Angeles,037,10098052,1206616,1202103,41572,1243675,24357
2021-05-28,Madera,039,155013,16642,16530,942,17472,240
2021-05-28,Marin,041,260295,14118,14063,259,14322,229
2021-05-28,Mariposa,043,17540,434,428,11,439,5
2021-05-28,Mendocino,045,87422,4018,3947,82,4029,47
2021-05-28,Merced,047,269075,31062,31176,1054,32230,455
2021-05-28,Modoc,049,8938,382,374,131,505,3
2021-05-28,Mono,051,14174,1263,1274,17,1291,3
2021-05-28,Monterey,053,433212,43195,43036,1876,44912,379
2021-05-28,Napa,055,140530,9917,9941,38,9979,82
2021-05-28,Nevada,057,99092,4842,4813,192,5005,71
2021-05-28,Orange,059,3164182,255485,254494,11426,265920,5047
2021-05-28,Placer,061,380077,23346,22987,1507,24494,293
2021-05-28,Plumas,063,18699,706,688,11,699,4
2021-05-28,Riverside,065,2383286,294333,288872,14071,302943,4442
2021-05-28,Sacramento,067,1510023,106436,106131,1767,107898,1642
2021-05-28,San Benito,069,59416,6061,6074,115,6189,63
2021-05-28,San Bernardino,071,2135413,293544,292905,9014,301919,4757
2021-05-28,San Diego,073,3302833,281031,280043,14983,295026,3756
2021-05-28,San Francisco,075,870044,36784,36987,1296,38283,546
2021-05-28,San Joaquin,077,732212,73293,72793,3571,76364,1383
2021-05-28,San Luis Obispo,079,281455,21427,21190,746,21936,256
2021-05-28,San Mateo,081,765935,42390,42364,475,42839,439
2021-05-28,Santa Barbara,083,443738,34462,34371,1138,35509,455
2021-05-28,Santa Clara,085,1922200,118709,119462,765,120227,2056
2021-05-28,Santa Cruz,087,273765,16247,16129,814,16943,207
2021-05-28,Shasta,089,179085,12348,12383,1581,13964,198
2021-05-28,Sierra,091,2930,57,54,12,66,0
2021-05-28,Siskiyou,093,43540,1935,1850,367,2217,19
2021-05-28,Solano,095,438530,32923,32892,559,33451,256
2021-05-28,Sonoma,097,501317,30156,30270,339,30609,321
2021-05-28,Stanislaus,099,539301,56455,56278,5966,62244,974
2021-05-28,Sutter,101,95872,9479,9511,88,9599,111
2021-05-28,Tehama,103,63373,5093,5064,583,5647,63
2021-05-28,Trinity,105,12862,483,328,95,423,3
2021-05-28,Tulare,107,460477,50264,49375,9071,58446,846
2021-05-28,Tuolumne,109,53932,4030,4090,40,4130,63
2021-05-28,Ventura,111,848112,81437,80985,3000,83985,1021
2021-05-28,Yolo,113,214977,14056,14050,320,14370,210
2021-05-28,Yuba,115,75493,6081,6050,125,6175,48
2021-05-27,Alameda,001,1643700,88292,88342,1964,90306,1274
2021-05-27,Alpine,003,1148,87,88,0,88,0
2021-05-27,Amador,005,37829,3682,3680,33,3713,46
2021-05-27,Butte,007,227075,12575,12401,1825,14226,190
2021-05-27,Calaveras,009,45235,2170,2163,13,2176,55
2021-05-27,Colusa,011,21464,1947,1952,312,2264,15
2021-05-27,Contra Costa,013,1133247,69720,69245,1288,70533,813
2021-05-27,Del Norte,015,27424,1419,1388,13,1401,8
2021-05-27,El Dorado,017,186661,10317,10248,742,10990,112
2021-05-27,Fresno,019,978130,102845,102413,8732,111145,1704
2021-05-27,Glenn,021,27897,2437,2415,562,2977,18
2021-05-27,Humboldt,023,135768,4276,4260,38,4298,42
2021-05-27,Imperial,025,180216,28631,28728,2758,31486,736
2021-05-27,Inyo,027,18085,1404,1404,14,1418,35
2021-05-27,Kern,029,883053,97386,96364,10981,107345,1322
2021-05-27,Kings,031,150075,23184,22953,1094,24047,245
2021-05-27,Lake,033,64148,3529,3509,9,3518,45
2021-05-27,Lassen,035,31185,5216,5170,114,5284,6
2021-05-27,Los Angeles,037,10098052,1206451,1201927,41556,1243483,24348
2021-05-27,Madera,039,155013,16633,16527,942,17469,240
2021-05-27,Marin,041,260295,14114,14061,259,14320,229
2021-05-27,Mariposa,043,17540,432,427,11,438,5
2021-05-27,Mendocino,045,87422,4012,3945,82,4027,47
2021-05-27,Merced,047,269075,31050,31161,1054,32215,455
2021-05-27,Modoc,049,8938,381,374,131,505,3
2021-05-27,Mono,051,14174,1263,1276,17,1293,3
2021-05-27,Monterey,053,433212,43189,43032,1876,44908,379
2021-05-27,Napa,055,140530,9916,9934,38,9972,82
2021-05-27,Nevada,057,99092,4838,4807,190,4997,71
2021-05-27,Orange,059,3164182,255448,254438,11422,265860,5059
2021-05-27,Placer,061,380077,23337,22966,1507,24473,293
2021-05-27,Plumas,063,18699,706,687,11,698,4
2021-05-27,Riverside,065,2383286,294297,288835,14066,302901,4443
2021-05-27,Sacramento,067,1510023,106361,106015,1765,107780,1642
2021-05-27,San Benito,069,59416,6060,6074,115,6189,63
2021-05-27,San Bernardino,071,2135413,293507,292755,9012,301767,4756
2021-05-27,San Diego,073,3302833,280957,279960,14969,294929,3756
2021-05-27,San Francisco,075,870044,36778,36980,1293,38273,546
2021-05-27,San Joaquin,077,732212,73261,72714,3567,76281,1388
2021-05-27,San Luis Obispo,079,281455,21422,21171,746,21917,256
2021-05-27,San Mateo,081,765935,42381,42345,475,42820,436
2021-05-27,Santa Barbara,083,443738,34457,34355,1138,35493,456
2021-05-27,Santa Clara,085,1922200,118688,119452,765,120217,2053
2021-05-27,Santa Cruz,087,273765,16245,16134,814,16948,207
2021-05-27,Shasta,089,179085,12338,12380,1581,13961,202
2021-05-27,Sierra,091,2930,57,54,12,66,0
2021-05-27,Siskiyou,093,43540,1932,1846,367,2213,18
2021-05-27,Solano,095,438530,32882,32855,558,33413,257
2021-05-27,Sonoma,097,501317,30129,30253,335,30588,321
2021-05-27,Stanislaus,099,539301,56430,56207,5965,62172,974
2021-05-27,Sutter,101,95872,9475,9501,88,9589,111
2021-05-27,Tehama,103,63373,5090,5064,582,5646,63
2021-05-27,Trinity,105,12862,483,328,95,423,3
2021-05-27,Tulare,107,460477,50250,49366,9062,58428,840
2021-05-27,Tuolumne,109,53932,4029,4090,40,4130,66
2021-05-27,Ventura,111,848112,81424,80965,2997,83962,1023
2021-05-27,Yolo,113,214977,14053,14036,320,14356,213
2021-05-27,Yuba,115,75493,6076,6040,124,6164,48
2021-05-26,Alameda,001,1643700,88263,88297,1964,90261,1266
2021-05-26,Alpine,003,1148,87,88,0,88,0
2021-05-26,Amador,005,37829,3682,3679,33,3712,46
2021-05-26,Butte,007,227075,12566,12332,1824,14156,190
2021-05-26,Calaveras,009,45235,2169,2154,13,2167,55
2021-05-26,Colusa,011,21464,1946,1952,312,2264,15
2021-05-26,Contra Costa,013,1133247,69683,69210,1288,70498,812
2021-05-26,Del Norte,015,27424,1419,1386,12,1398,8
2021-05-26,El Dorado,017,186661,10313,10242,741,10983,112
2021-05-26,Fresno,019,978130,102813,102374,8727,111101,1702
2021-05-26,Glenn,021,27897,2436,2415,562,2977,18
2021-05-26,Humboldt,023,135768,4271,4246,38,4284,42
2021-05-26,Imperial,025,180216,28626,28712,2756,31468,734
2021-05-26,Inyo,027,18085,1404,1403,14,1417,36
2021-05-26,Kern,029,883053,97361,96343,10974,107317,1320
2021-05-26,Kings,031,150075,23180,22950,1093,24043,245
2021-05-26,Lake,033,64148,3528,3508,9,3517,45
2021-05-26,Lassen,035,31185,5215,5164,114,5278,6
2021-05-26,Los Angeles,037,10098052,1206285,1198100,41539,1239639,24221
2021-05-26,Madera,039,155013,16630,16520,942,17462,240
2021-05-26,Marin,041,260295,14111,14061,258,14319,227
2021-05-26,Mariposa,043,17540,432,427,11,438,5
2021-05-26,Mendocino,045,87422,4006,3938,82,4020,47
2021-05-26,Merced,047,269075,31041,31139,1054,32193,455
2021-05-26,Modoc,049,8938,381,371,130,501,3
2021-05-26,Mono,051,14174,1263,1274,17,1291,3
2021-05-26,Monterey,053,433212,43183,43018,1875,44893,379
2021-05-26,Napa,055,140530,9909,9932,36,9968,82
2021-05-26,Nevada,057,99092,4833,4803,190,4993,70
2021-05-26,Orange,059,3164182,255412,254368,11419,265787,5058
2021-05-26,Placer,061,380077,23313,22940,1507,24447,293
2021-05-26,Plumas,063,18699,705,685,11,696,4
2021-05-26,Riverside,065,2383286,294251,288782,14059,302841,4443
2021-05-26,Sacramento,067,1510023,106275,105919,1761,107680,1637
2021-05-26,San Benito,069,59416,6060,6074,115,6189,63
2021-05-26,San Bernardino,071,2135413,293472,292662,9011,301673,4755
2021-05-26,San Diego,073,3302833,280882,279859,14959,294818,3755
2021-05-26,San Francisco,075,870044,36766,36954,1293,38247,546
2021-05-26,San Joaquin,077,732212,73219,72681,3564,76245,1388
2021-05-26,San Luis Obispo,079,281455,21416,21163,746,21909,256
2021-05-26,San Mateo,081,765935,42373,42331,475,42806,436
2021-05-26,Santa Barbara,083,443738,34448,34348,1138,35486,459
2021-05-26,Santa Clara,085,1922200,118661,119421,764,120185,2031
2021-05-26,Santa Cruz,087,273765,16244,16139,814,16953,207
2021-05-26,Shasta,089,179085,12323,12357,1578,13935,202
2021-05-26,Sierra,091,2930,57,54,12,66,0
2021-05-26,Siskiyou,093,43540,1930,1847,365,2212,18
2021-05-26,Solano,095,438530,32846,32831,558,33389,257
2021-05-26,Sonoma,097,501317,30102,30230,335,30565,321
2021-05-26,Stanislaus,099,539301,56408,56193,5963,62156,974
2021-05-26,Sutter,101,95872,9470,9495,88,9583,112
2021-05-26,Tehama,103,63373,5089,5054,579,5633,63
2021-05-26,Trinity,105,12862,483,328,95,423,3
2021-05-26,Tulare,107,460477,50243,49352,9058,58410,839
2021-05-26,Tuolumne,109,53932,4025,4088,39,4127,66
2021-05-26,Ventura,111,848112,81401,80944,2995,83939,1023
2021-05-26,Yolo,113,214977,14050,14025,320,14345,213
2021-05-26,Yuba,115,75493,6071,6036,124,6160,49
2021-05-25,Alameda,001,1643700,88233,88237,1964,90201,1263
2021-05-25,Alpine,003,1148,87,88,0,88,0
2021-05-25,Amador,005,37829,3677,3676,33,3709,46
2021-05-25,Butte,007,227075,12555,12295,1823,14118,189
2021-05-25,Calaveras,009,45235,2167,2148,13,2161,55
2021-05-25,Colusa,011,21464,1945,1949,312,2261,15
2021-05-25,Contra Costa,013,1133247,69631,69167,1283,70450,809
2021-05-25,Del Norte,015,27424,1419,1385,12,1397,8
2021-05-25,El Dorado,017,186661,10306,10240,740,10980,112
2021-05-25,Fresno,019,978130,102792,102329,8725,111054,1701
2021-05-25,Glenn,021,27897,2435,2414,561,2975,17
2021-05-25,Humboldt,023,135768,4264,4231,36,4267,42
2021-05-25,Imperial,025,180216,28619,28586,2756,31342,735
2021-05-25,Inyo,027,18085,1404,1402,14,1416,36
2021-05-25,Kern,029,883053,97330,96319,10960,107279,1319
2021-05-25,Kings,031,150075,23173,22944,1093,24037,245
2021-05-25,Lake,033,64148,3527,3508,9,3517,44
2021-05-25,Lassen,035,31185,5211,5164,114,5278,6
2021-05-25,Los Angeles,037,10098052,1206103,1197940,41520,1239460,24212
2021-05-25,Madera,039,155013,16625,16519,941,17460,240
2021-05-25,Marin,041,260295,14105,14053,258,14311,227
2021-05-25,Mariposa,043,17540,431,427,11,438,5
2021-05-25,Mendocino,045,87422,4001,3928,82,4010,47
2021-05-25,Merced,047,269075,31020,31132,1054,32186,455
2021-05-25,Modoc,049,8938,380,367,130,497,3
2021-05-25,Mono,051,14174,1263,1274,17,1291,3
2021-05-25,Monterey,053,433212,43179,43012,1874,44886,379
2021-05-25,Napa,055,140530,9907,9926,36,9962,82
2021-05-25,Nevada,057,99092,4827,4795,190,4985,70
2021-05-25,Orange,059,3164182,255383,254321,11418,265739,5057
2021-05-25,Placer,061,380077,23302,22920,1505,24425,292
2021-05-25,Plumas,063,18699,705,684,11,695,4
2021-05-25,Riverside,065,2383286,294212,288725,14056,302781,4443
2021-05-25,Sacramento,067,1510023,106194,105828,1757,107585,1633
2021-05-25,San Benito,069,59416,6060,6073,115,6188,63
2021-05-25,San Bernardino,071,2135413,293412,292485,9009,301494,4755
2021-05-25,San Diego,073,3302833,280800,279786,14954,294740,3753
2021-05-25,San Francisco,075,870044,36743,36939,1293,38232,546
2021-05-25,San Joaquin,077,732212,73177,72628,3561,76189,1387
2021-05-25,San Luis Obispo,079,281455,21413,21153,746,21899,256
2021-05-25,San Mateo,081,765935,42363,42268,475,42743,435
2021-05-25,Santa Barbara,083,443738,34445,34337,1138,35475,459
2021-05-25,Santa Clara,085,1922200,118637,119393,763,120156,2032
2021-05-25,Santa Cruz,087,273765,16239,16141,814,16955,207
2021-05-25,Shasta,089,179085,12314,12328,1576,13904,202
2021-05-25,Sierra,091,2930,56,54,12,66,0
2021-05-25,Siskiyou,093,43540,1929,1845,364,2209,18
2021-05-25,Solano,095,438530,32827,32817,557,33374,256
2021-05-25,Sonoma,097,501317,30073,30207,334,30541,321
2021-05-25,Stanislaus,099,539301,56372,56168,5960,62128,974
2021-05-25,Sutter,101,95872,9466,9495,88,9583,112
2021-05-25,Tehama,103,63373,5087,5048,578,5626,63
2021-05-25,Trinity,105,12862,483,328,94,422,3
2021-05-25,Tulare,107,460477,50233,49326,9050,58376,838
2021-05-25,Tuolumne,109,53932,4025,4084,39,4123,66
2021-05-25,Ventura,111,848112,81383,80905,2995,83900,1022
2021-05-25,Yolo,113,214977,14042,14018,318,14336,213
2021-05-25,Yuba,115,75493,6064,6028,124,6152,49
2021-05-24,Alameda,001,1643700,88193,88182,1963,90145,1263
2021-05-24,Alpine,003,1148,87,88,0,88,0
2021-05-24,Amador,005,37829,3675,3675,33,3708,46
2021-05-24,Butte,007,227075,12542,12279,1820,14099,189
2021-05-24,Calaveras,009,45235,2165,2146,13,2159,54
2021-05-24,Colusa,011,21464,1945,1949,312,2261,15
2021-05-24,Contra Costa,013,1133247,69590,69107,1279,70386,809
2021-05-24,Del Norte,015,27424,1418,1384,12,1396,8
2021-05-24,El Dorado,017,186661,10296,10227,739,10966,112
2021-05-24,Fresno,019,978130,102750,102289,8724,111013,1698
2021-05-24,Glenn,021,27897,2435,2413,561,2974,17
2021-05-24,Humboldt,023,135768,4257,4225,36,4261,42
2021-05-24,Imperial,025,180216,28617,28575,2756,31331,735
2021-05-24,Inyo,027,18085,1404,1402,14,1416,36
2021-05-24,Kern,029,883053,97303,96296,10955,107251,1319
2021-05-24,Kings,031,150075,23169,22940,1093,24033,246
2021-05-24,Lake,033,64148,3525,3506,9,3515,43
2021-05-24,Lassen,035,31185,5207,5163,114,5277,6
2021-05-24,Los Angeles,037,10098052,1205928,1197782,41506,1239288,24201
2021-05-24,Madera,039,155013,16621,16513,940,17453,239
2021-05-24,Marin,041,260295,14103,14051,258,14309,227
2021-05-24,Mariposa,043,17540,430,427,11,438,5
2021-05-24,Mendocino,045,87422,3999,3919,82,4001,47
2021-05-24,Merced,047,269075,31010,31128,1053,32181,455
2021-05-24,Modoc,049,8938,380,366,129,495,3
2021-05-24,Mono,051,14174,1263,1270,17,1287,3
2021-05-24,Monterey,053,433212,43174,43005,1873,44878,379
2021-05-24,Napa,055,140530,9907,9924,36,9960,82
2021-05-24,Nevada,057,99092,4824,4790,190,4980,70
2021-05-24,Orange,059,3164182,255349,254287,11408,265695,5056
2021-05-24,Placer,061,380077,23283,22895,1504,24399,292
2021-05-24,Plumas,063,18699,704,683,11,694,4
2021-05-24,Riverside,065,2383286,294155,288669,14046,302715,4442
2021-05-24,Sacramento,067,1510023,106079,105716,1756,107472,1632
2021-05-24,San Benito,069,59416,6060,6072,115,6187,63
2021-05-24,San Bernardino,071,2135413,293372,292343,9008,301351,4747
2021-05-24,San Diego,073,3302833,280692,279715,14944,294659,3749
2021-05-24,San Francisco,075,870044,36723,36934,1291,38225,547
2021-05-24,San Joaquin,077,732212,73145,72586,3560,76146,1371
2021-05-24,San Luis Obispo,079,281455,21395,21146,745,21891,256
2021-05-24,San Mateo,081,765935,42353,42249,475,42724,433
2021-05-24,Santa Barbara,083,443738,34440,34322,1138,35460,459
2021-05-24,Santa Clara,085,1922200,118605,119358,763,120121,2030
2021-05-24,Santa Cruz,087,273765,16233,16135,814,16949,207
2021-05-24,Shasta,089,179085,12297,12315,1573,13888,201
2021-05-24,Sierra,091,2930,56,54,12,66,0
2021-05-24,Siskiyou,093,43540,1926,1840,364,2204,17
2021-05-24,Solano,095,438530,32802,32792,556,33348,254
2021-05-24,Sonoma,097,501317,30058,30187,334,30521,321
2021-05-24,Stanislaus,099,539301,56338,56128,5956,62084,974
2021-05-24,Sutter,101,95872,9460,9486,88,9574,113
2021-05-24,Tehama,103,63373,5084,5043,576,5619,63
2021-05-24,Trinity,105,12862,483,328,94,422,3
2021-05-24,Tulare,107,460477,50226,49318,9046,58364,838
2021-05-24,Tuolumne,109,53932,4025,4083,39,4122,65
2021-05-24,Ventura,111,848112,81370,80876,2993,83869,1022
2021-05-24,Yolo,113,214977,14025,14012,316,14328,213
2021-05-24,Yuba,115,75493,6055,6022,124,6146,49
2021-05-23,Alameda,001,1643700,88130,88157,1960,90117,1263
2021-05-23,Alpine,003,1148,87,88,0,88,0
2021-05-23,Amador,005,37829,3674,3673,33,3706,46
2021-05-23,Butte,007,227075,12528,12271,1819,14090,189
2021-05-23,Calaveras,009,45235,2157,2144,13,2157,54
2021-05-23,Colusa,011,21464,1945,1949,310,2259,15
2021-05-23,Contra Costa,013,1133247,69546,69075,1277,70352,809
2021-05-23,Del Norte,015,27424,1414,1383,12,1395,8
2021-05-23,El Dorado,017,186661,10290,10222,739,10961,112
2021-05-23,Fresno,019,978130,102705,102270,8719,110989,1698
2021-05-23,Glenn,021,27897,2433,2413,561,2974,17
2021-05-23,Humboldt,023,135768,4240,4216,36,4252,42
2021-05-23,Imperial,025,180216,28611,28569,2755,31324,735
2021-05-23,Inyo,027,18085,1404,1402,14,1416,36
2021-05-23,Kern,029,883053,97279,96282,10947,107229,1319
2021-05-23,Kings,031,150075,23156,22939,1091,24030,246
2021-05-23,Lake,033,64148,3522,3504,9,3513,43
2021-05-23,Lassen,035,31185,5203,5163,113,5276,6
2021-05-23,Los Angeles,037,10098052,1205739,1197633,41495,1239128,24197
2021-05-23,Madera,039,155013,16615,16504,940,17444,239
2021-05-23,Marin,041,260295,14094,14048,257,14305,227
2021-05-23,Mariposa,043,17540,430,427,11,438,5
2021-05-23,Mendocino,045,87422,3993,3913,81,3994,47
2021-05-23,Merced,047,269075,31000,31118,1053,32171,455
2021-05-23,Modoc,049,8938,376,366,129,495,3
2021-05-23,Mono,051,14174,1262,1270,17,1287,3
2021-05-23,Monterey,053,433212,43164,43003,1873,44876,379
2021-05-23,Napa,055,140530,9903,9923,36,9959,82
2021-05-23,Nevada,057,99092,4814,4790,190,4980,70
2021-05-23,Orange,059,3164182,255311,254277,11402,265679,5050
2021-05-23,Placer,061,380077,23263,22888,1504,24392,292
2021-05-23,Plumas,063,18699,703,683,11,694,4
2021-05-23,Riverside,065,2383286,294086,288641,14042,302683,4442
2021-05-23,Sacramento,067,1510023,105963,105663,1753,107416,1632
2021-05-23,San Benito,069,59416,6059,6072,115,6187,63
2021-05-23,San Bernardino,071,2135413,293321,292327,9007,301334,4747
2021-05-23,San Diego,073,3302833,280602,279690,14933,294623,3751
2021-05-23,San Francisco,075,870044,36712,36927,1290,38217,547
2021-05-23,San Joaquin,077,732212,73096,72571,3557,76128,1371
2021-05-23,San Luis Obispo,079,281455,21385,21141,744,21885,256
2021-05-23,San Mateo,081,765935,42336,42248,475,42723,433
2021-05-23,Santa Barbara,083,443738,34433,34319,1138,35457,459
2021-05-23,Santa Clara,085,1922200,118581,119333,763,120096,2030
2021-05-23,Santa Cruz,087,273765,16230,16130,814,16944,207
2021-05-23,Shasta,089,179085,12280,12313,1569,13882,201
2021-05-23,Sierra,091,2930,56,54,12,66,0
2021-05-23,Siskiyou,093,43540,1921,1826,357,2183,17
2021-05-23,Solano,095,438530,32784,32780,555,33335,254
2021-05-23,Sonoma,097,501317,30029,30168,333,30501,321
2021-05-23,Stanislaus,099,539301,56290,56104,5953,62057,974
2021-05-23,Sutter,101,95872,9451,9479,88,9567,113
2021-05-23,Tehama,103,63373,5077,5041,574,5615,63
2021-05-23,Trinity,105,12862,483,328,94,422,3
2021-05-23,Tulare,107,460477,50212,49310,9042,58352,838
2021-05-23,Tuolumne,109,53932,4022,4081,39,4120,65
2021-05-23,Ventura,111,848112,81340,80872,2992,83864,1022
2021-05-23,Yolo,113,214977,14013,14004,313,14317,213
2021-05-23,Yuba,115,75493,6050,6017,124,6141,49
2021-05-22,Alameda,001,1643700,88103,88101,1960,90061,1263
2021-05-22,Alpine,003,1148,87,88,0,88,0
2021-05-22,Amador,005,37829,3673,3672,33,3705,46
2021-05-22,Butte,007,227075,12516,12265,1818,14083,189
2021-05-22,Calaveras,009,45235,2153,2141,13,2154,54
2021-05-22,Colusa,011,21464,1941,1949,309,2258,15
2021-05-22,Contra Costa,013,1133247,69513,69004,1276,70280,809
2021-05-22,Del Norte,015,27424,1413,1381,12,1393,8
2021-05-22,El Dorado,017,186661,10285,10215,739,10954,112
2021-05-22,Fresno,019,978130,102691,102238,8717,110955,1698
2021-05-22,Glenn,021,27897,2433,2412,561,2973,17
2021-05-22,Humboldt,023,135768,4231,4194,35,4229,42
2021-05-22,Imperial,025,180216,28602,28574,2755,31329,735
2021-05-22,Inyo,027,18085,1404,1402,14,1416,36
2021-05-22,Kern,029,883053,97267,96260,10940,107200,1319
2021-05-22,Kings,031,150075,23156,22936,1091,24027,246
2021-05-22,Lake,033,64148,3519,3502,9,3511,43
2021-05-22,Lassen,035,31185,5203,5163,113,5276,6
2021-05-22,Los Angeles,037,10098052,1205628,1197454,41487,1238941,24192
2021-05-22,Madera,039,155013,16612,16503,940,17443,239
2021-05-22,Marin,041,260295,14091,14043,257,14300,227
2021-05-22,Mariposa,043,17540,430,427,11,438,5
2021-05-22,Mendocino,045,87422,3987,3908,81,3989,47
2021-05-22,Merced,047,269075,30990,31099,1053,32152,455
2021-05-22,Modoc,049,8938,376,366,129,495,3
2021-05-22,Mono,051,14174,1260,1270,17,1287,3
2021-05-22,Monterey,053,433212,43158,42998,1873,44871,379
2021-05-22,Napa,055,140530,9901,9918,36,9954,82
2021-05-22,Nevada,057,99092,4807,4787,189,4976,70
2021-05-22,Orange,059,3164182,255290,254238,11396,265634,5048
2021-05-22,Placer,061,380077,23249,22865,1503,24368,292
2021-05-22,Plumas,063,18699,702,683,11,694,4
2021-05-22,Riverside,065,2383286,294054,288580,14041,302621,4442
2021-05-22,Sacramento,067,1510023,105888,105551,1750,107301,1632
2021-05-22,San Benito,069,59416,6059,6071,115,6186,63
2021-05-22,San Bernardino,071,2135413,293296,292292,9007,301299,4747
2021-05-22,San Diego,073,3302833,280543,279614,14925,294539,3751
2021-05-22,San Francisco,075,870044,36702,36906,1288,38194,547
2021-05-22,San Joaquin,077,732212,73074,72528,3554,76082,1371
2021-05-22,San Luis Obispo,079,281455,21377,21134,743,21877,256
2021-05-22,San Mateo,081,765935,42326,42218,475,42693,433
2021-05-22,Santa Barbara,083,443738,34429,34313,1137,35450,459
2021-05-22,Santa Clara,085,1922200,118557,119292,763,120055,2030
2021-05-22,Santa Cruz,087,273765,16230,16125,814,16939,207
2021-05-22,Shasta,089,179085,12273,12307,1566,13873,201
2021-05-22,Sierra,091,2930,56,54,12,66,0
2021-05-22,Siskiyou,093,43540,1920,1824,356,2180,17
2021-05-22,Solano,095,438530,32771,32753,555,33308,254
2021-05-22,Sonoma,097,501317,30017,30154,333,30487,321
2021-05-22,Stanislaus,099,539301,56267,56069,5951,62020,974
2021-05-22,Sutter,101,95872,9446,9476,88,9564,113
2021-05-22,Tehama,103,63373,5076,5036,574,5610,63
2021-05-22,Trinity,105,12862,483,328,94,422,3
2021-05-22,Tulare,107,460477,50206,49299,9037,58336,838
2021-05-22,Tuolumne,109,53932,4022,4078,39,4117,65
2021-05-22,Ventura,111,848112,81336,80859,2992,83851,1022
2021-05-22,Yolo,113,214977,14011,13997,313,14310,213
2021-05-22,Yuba,115,75493,6047,6010,124,6134,49
2021-05-21,Alameda,001,1643700,88077,88041,1959,90000,1263
2021-05-21,Alpine,003,1148,87,88,0,88,0
2021-05-21,Amador,005,37829,3670,3672,33,3705,46
2021-05-21,Butte,007,227075,12510,12236,1816,14052,188
2021-05-21,Calaveras,009,45235,2151,2138,13,2151,54
2021-05-21,Colusa,011,21464,1941,1947,309,2256,15
2021-05-21,Contra Costa,013,1133247,69470,68965,1275,70240,810
2021-05-21,Del Norte,015,27424,1412,1376,12,1388,8
2021-05-21,El Dorado,017,186661,10281,10204,739,10943,112
2021-05-21,Fresno,019,978130,102663,102189,8715,110904,1698
2021-05-21,Glenn,021,27897,2432,2408,561,2969,17
2021-05-21,Humboldt,023,135768,4224,4175,35,4210,42
2021-05-21,Imperial,025,180216,28595,28572,2754,31326,732
2021-05-21,Inyo,027,18085,1404,1402,14,1416,36
2021-05-21,Kern,029,883053,97253,96233,10933,107166,1318
2021-05-21,Kings,031,150075,23156,22927,1091,24018,246
2021-05-21,Lake,033,64148,3517,3500,9,3509,43
2021-05-21,Lassen,035,31185,5202,5161,113,5274,6
2021-05-21,Los Angeles,037,10098052,1205516,1197263,41478,1238741,24180
2021-05-21,Madera,039,155013,16611,16500,939,17439,238
2021-05-21,Marin,041,260295,14086,14042,257,14299,227
2021-05-21,Mariposa,043,17540,429,427,11,438,5
2021-05-21,Mendocino,045,87422,3981,3897,81,3978,47
2021-05-21,Merced,047,269075,30982,31076,1053,32129,455
2021-05-21,Modoc,049,8938,376,365,129,494,3
2021-05-21,Mono,051,14174,1260,1269,17,1286,3
2021-05-21,Monterey,053,433212,43156,42995,1873,44868,379
2021-05-21,Napa,055,140530,9897,9913,36,9949,82
2021-05-21,Nevada,057,99092,4806,4779,189,4968,70
2021-05-21,Orange,059,3164182,255271,254171,11394,265565,5042
2021-05-21,Placer,061,380077,23240,22853,1503,24356,292
2021-05-21,Plumas,063,18699,702,683,10,693,4
2021-05-21,Riverside,065,2383286,294027,288499,14034,302533,4442
2021-05-21,Sacramento,067,1510023,105821,105476,1747,107223,1632
2021-05-21,San Benito,069,59416,6059,6068,115,6183,63
2021-05-21,San Bernardino,071,2135413,293264,292205,9004,301209,4744
2021-05-21,San Diego,073,3302833,280470,279554,14915,294469,3748
2021-05-21,San Francisco,075,870044,36697,36879,1288,38167,546
2021-05-21,San Joaquin,077,732212,73054,72467,3552,76019,1371
2021-05-21,San Luis Obispo,079,281455,21371,21128,740,21868,256
2021-05-21,San Mateo,081,765935,42313,42163,474,42637,432
2021-05-21,Santa Barbara,083,443738,34424,34302,1137,35439,459
2021-05-21,Santa Clara,085,1922200,118530,119247,763,120010,2029
2021-05-21,Santa Cruz,087,273765,16226,16120,814,16934,207
2021-05-21,Shasta,089,179085,12256,12289,1564,13853,201
2021-05-21,Sierra,091,2930,56,54,12,66,0
2021-05-21,Siskiyou,093,43540,1919,1815,356,2171,16
2021-05-21,Solano,095,438530,32756,32742,555,33297,254
2021-05-21,Sonoma,097,501317,30004,30126,333,30459,321
2021-05-21,Stanislaus,099,539301,56238,56036,5949,61985,975
2021-05-21,Sutter,101,95872,9444,9470,88,9558,113
2021-05-21,Tehama,103,63373,5070,5030,574,5604,63
2021-05-21,Trinity,105,12862,483,329,93,422,3
2021-05-21,Tulare,107,460477,50201,49271,9035,58306,838
2021-05-21,Tuolumne,109,53932,4020,4079,39,4118,65
2021-05-21,Ventura,111,848112,81328,80821,2989,83810,1021
2021-05-21,Yolo,113,214977,14005,13983,313,14296,213
2021-05-21,Yuba,115,75493,6041,6006,124,6130,49
2021-05-20,Alameda,001,1643700,88033,87975,1958,89933,1264
2021-05-20,Alpine,003,1148,87,88,0,88,0
2021-05-20,Amador,005,37829,3669,3671,33,3704,46
2021-05-20,Butte,007,227075,12503,12220,1813,14033,188
2021-05-20,Calaveras,009,45235,2147,2138,13,2151,54
2021-05-20,Colusa,011,21464,1940,1946,307,2253,15
2021-05-20,Contra Costa,013,1133247,69425,68913,1273,70186,809
2021-05-20,Del Norte,015,27424,1412,1373,12,1385,8
2021-05-20,El Dorado,017,186661,10271,10188,739,10927,112
2021-05-20,Fresno,019,978130,102641,102135,8713,110848,1696
2021-05-20,Glenn,021,27897,2429,2406,561,2967,17
2021-05-20,Humboldt,023,135768,4207,4162,34,4196,42
2021-05-20,Imperial,025,180216,28590,28551,2754,31305,732
2021-05-20,Inyo,027,18085,1404,1402,14,1416,36
2021-05-20,Kern,029,883053,97232,96204,10926,107130,1317
2021-05-20,Kings,031,150075,23154,22922,1091,24013,246
2021-05-20,Lake,033,64148,3514,3500,9,3509,43
2021-05-20,Lassen,035,31185,5200,5160,112,5272,6
2021-05-20,Los Angeles,037,10098052,1205360,1197073,41468,1238541,24168
2021-05-20,Madera,039,155013,16605,16499,937,17436,238
2021-05-20,Marin,041,260295,14082,14036,256,14292,227
2021-05-20,Mariposa,043,17540,429,426,11,437,5
2021-05-20,Mendocino,045,87422,3974,3897,81,3978,47
2021-05-20,Merced,047,269075,30969,31046,1052,32098,454
2021-05-20,Modoc,049,8938,376,365,129,494,3
2021-05-20,Mono,051,14174,1259,1269,17,1286,3
2021-05-20,Monterey,053,433212,43150,42984,1872,44856,379
2021-05-20,Napa,055,140530,9894,9913,36,9949,82
2021-05-20,Nevada,057,99092,4805,4775,189,4964,70
2021-05-20,Orange,059,3164182,255228,254127,11391,265518,5038
2021-05-20,Placer,061,380077,23227,22823,1502,24325,292
2021-05-20,Plumas,063,18699,700,682,10,692,4
2021-05-20,Riverside,065,2383286,293979,288453,14029,302482,4442
2021-05-20,Sacramento,067,1510023,105725,105414,1744,107158,1629
2021-05-20,San Benito,069,59416,6058,6067,115,6182,63
2021-05-20,San Bernardino,071,2135413,293218,292153,9003,301156,4728
2021-05-20,San Diego,073,3302833,280382,279490,14903,294393,3749
2021-05-20,San Francisco,075,870044,36688,36860,1288,38148,546
2021-05-20,San Joaquin,077,732212,73016,72388,3550,75938,1371
2021-05-20,San Luis Obispo,079,281455,21359,21095,738,21833,256
2021-05-20,San Mateo,081,765935,42299,42152,472,42624,432
2021-05-20,Santa Barbara,083,443738,34420,34293,1137,35430,459
2021-05-20,Santa Clara,085,1922200,118509,119222,763,119985,2029
2021-05-20,Santa Cruz,087,273765,16221,16119,814,16933,207
2021-05-20,Shasta,089,179085,12243,12266,1561,13827,200
2021-05-20,Sierra,091,2930,56,54,12,66,0
2021-05-20,Siskiyou,093,43540,1912,1811,355,2166,16
2021-05-20,Solano,095,438530,32741,32725,555,33280,253
2021-05-20,Sonoma,097,501317,29987,30107,332,30439,321
2021-05-20,Stanislaus,099,539301,56213,55979,5947,61926,970
2021-05-20,Sutter,101,95872,9440,9467,88,9555,113
2021-05-20,Tehama,103,63373,5068,5029,574,5603,63
2021-05-20,Trinity,105,12862,483,329,92,421,3
2021-05-20,Tulare,107,460477,50190,49217,9032,58249,837
2021-05-20,Tuolumne,109,53932,4019,4077,39,4116,65
2021-05-20,Ventura,111,848112,81317,80800,2989,83789,1019
2021-05-20,Yolo,113,214977,14000,13973,313,14286,211
2021-05-20,Yuba,115,75493,6032,6002,124,6126,49
2021-05-19,Alameda,001,1643700,87993,87889,1956,89845,1260
2021-05-19,Alpine,003,1148,87,88,0,88,0
2021-05-19,Amador,005,37829,3669,3669,33,3702,46
2021-05-19,Butte,007,227075,12493,12198,1813,14011,188
2021-05-19,Calaveras,009,45235,2143,2132,13,2145,54
2021-05-19,Colusa,011,21464,1940,1945,305,2250,15
2021-05-19,Contra Costa,013,1133247,69378,68836,1273,70109,808
2021-05-19,Del Norte,015,27424,1410,1371,12,1383,8
2021-05-19,El Dorado,017,186661,10266,10179,738,10917,112
2021-05-19,Fresno,019,978130,102611,102085,8710,110795,1693
2021-05-19,Glenn,021,27897,2429,2404,561,2965,17
2021-05-19,Humboldt,023,135768,4197,4143,34,4177,42
2021-05-19,Imperial,025,180216,28581,28550,2754,31304,732
2021-05-19,Inyo,027,18085,1404,1402,14,1416,36
2021-05-19,Kern,029,883053,97203,96173,10918,107091,1316
2021-05-19,Kings,031,150075,23148,22919,1091,24010,246
2021-05-19,Lake,033,64148,3514,3497,9,3506,43
2021-05-19,Lassen,035,31185,5199,5157,112,5269,6
2021-05-19,Los Angeles,037,10098052,1205164,1196856,41454,1238310,24143
2021-05-19,Madera,039,155013,16602,16496,937,17433,238
2021-05-19,Marin,041,260295,14078,14033,254,14287,227
2021-05-19,Mariposa,043,17540,429,425,11,436,5
2021-05-19,Mendocino,045,87422,3970,3886,81,3967,47
2021-05-19,Merced,047,269075,30953,31044,1052,32096,452
2021-05-19,Modoc,049,8938,376,364,126,490,3
2021-05-19,Mono,051,14174,1259,1266,17,1283,3
2021-05-19,Monterey,053,433212,43145,42973,1871,44844,379
2021-05-19,Napa,055,140530,9891,9906,36,9942,82
2021-05-19,Nevada,057,99092,4803,4769,189,4958,70
2021-05-19,Orange,059,3164182,255191,254087,11381,265468,5035
2021-05-19,Placer,061,380077,23208,22784,1497,24281,291
2021-05-19,Plumas,063,18699,700,682,10,692,4
2021-05-19,Riverside,065,2383286,293932,288398,14027,302425,4442
2021-05-19,Sacramento,067,1510023,105648,105225,1743,106968,1629
2021-05-19,San Benito,069,59416,6057,6064,115,6179,63
2021-05-19,San Bernardino,071,2135413,293174,292078,9000,301078,4725
2021-05-19,San Diego,073,3302833,280297,279345,14882,294227,3746
2021-05-19,San Francisco,075,870044,36675,36835,1287,38122,546
2021-05-19,San Joaquin,077,732212,72973,72338,3545,75883,1369
2021-05-19,San Luis Obispo,079,281455,21351,21085,737,21822,256
2021-05-19,San Mateo,081,765935,42292,42126,472,42598,429
2021-05-19,Santa Barbara,083,443738,34412,34292,1137,35429,459
2021-05-19,Santa Clara,085,1922200,118469,119176,762,119938,2015
2021-05-19,Santa Cruz,087,273765,16217,16121,813,16934,207
2021-05-19,Shasta,089,179085,12225,12233,1558,13791,200
2021-05-19,Sierra,091,2930,56,54,12,66,0
2021-05-19,Siskiyou,093,43540,1909,1803,354,2157,16
2021-05-19,Solano,095,438530,32714,32678,553,33231,253
2021-05-19,Sonoma,097,501317,29972,30080,332,30412,321
2021-05-19,Stanislaus,099,539301,56195,55912,5942,61854,967
2021-05-19,Sutter,101,95872,9433,9459,87,9546,113
2021-05-19,Tehama,103,63373,5059,5026,568,5594,63
2021-05-19,Trinity,105,12862,483,329,92,421,3
2021-05-19,Tulare,107,460477,50177,49163,9027,58190,837
2021-05-19,Tuolumne,109,53932,4019,4074,39,4113,64
2021-05-19,Ventura,111,848112,81302,80747,2988,83735,1019
2021-05-19,Yolo,113,214977,13993,13961,312,14273,211
2021-05-19,Yuba,115,75493,6028,5993,124,6117,49
2021-05-18,Alameda,001,1643700,87919,87816,1956,89772,1254
2021-05-18,Alpine,003,1148,87,88,0,88,0
2021-05-18,Amador,005,37829,3669,3669,33,3702,46
2021-05-18,Butte,007,227075,12480,12164,1810,13974,191
2021-05-18,Calaveras,009,45235,2139,2131,13,2144,54
2021-05-18,Colusa,011,21464,1940,1943,305,2248,14
2021-05-18,Contra Costa,013,1133247,69321,68750,1272,70022,808
2021-05-18,Del Norte,015,27424,1407,1371,12,1383,8
2021-05-18,El Dorado,017,186661,10255,10169,737,10906,112
2021-05-18,Fresno,019,978130,102575,102056,8707,110763,1690
2021-05-18,Glenn,021,27897,2423,2403,560,2963,17
2021-05-18,Humboldt,023,135768,4179,4132,34,4166,42
2021-05-18,Imperial,025,180216,28575,28538,2752,31290,730
2021-05-18,Inyo,027,18085,1404,1401,14,1415,36
2021-05-18,Kern,029,883053,97169,96128,10904,107032,1315
2021-05-18,Kings,031,150075,23142,22916,1091,24007,247
2021-05-18,Lake,033,64148,3512,3495,9,3504,43
2021-05-18,Lassen,035,31185,5198,5157,111,5268,6
2021-05-18,Los Angeles,037,10098052,1204984,1196668,41443,1238111,24133
2021-05-18,Madera,039,155013,16592,16491,936,17427,238
2021-05-18,Marin,041,260295,14075,14026,254,14280,227
2021-05-18,Mariposa,043,17540,429,424,11,435,5
2021-05-18,Mendocino,045,87422,3958,3877,80,3957,47
2021-05-18,Merced,047,269075,30934,31036,1052,32088,452
2021-05-18,Modoc,049,8938,375,364,125,489,3
2021-05-18,Mono,051,14174,1258,1265,17,1282,3
2021-05-18,Monterey,053,433212,43139,43001,1871,44872,379
2021-05-18,Napa,055,140530,9891,9905,36,9941,82
2021-05-18,Nevada,057,99092,4796,4762,189,4951,70
2021-05-18,Orange,059,3164182,255150,254041,11371,265412,5031
2021-05-18,Placer,061,380077,23175,22726,1493,24219,291
2021-05-18,Plumas,063,18699,700,682,10,692,4
2021-05-18,Riverside,065,2383286,293877,288354,14020,302374,4438
2021-05-18,Sacramento,067,1510023,105546,105083,1741,106824,1629
2021-05-18,San Benito,069,59416,6056,6065,115,6180,63
2021-05-18,San Bernardino,071,2135413,293116,292014,8995,301009,4722
2021-05-18,San Diego,073,3302833,280189,279254,14873,294127,3742
2021-05-18,San Francisco,075,870044,36655,36818,1287,38105,546
2021-05-18,San Joaquin,077,732212,72926,72282,3541,75823,1368
2021-05-18,San Luis Obispo,079,281455,21341,21080,735,21815,256
2021-05-18,San Mateo,081,765935,42280,42099,471,42570,428
2021-05-18,Santa Barbara,083,443738,34403,34278,1137,35415,459
2021-05-18,Santa Clara,085,1922200,118442,119171,762,119933,2014
2021-05-18,Santa Cruz,087,273765,16209,16137,813,16950,207
2021-05-18,Shasta,089,179085,12207,12197,1552,13749,200
2021-05-18,Sierra,091,2930,56,54,12,66,0
2021-05-18,Siskiyou,093,43540,1908,1799,354,2153,16
2021-05-18,Solano,095,438530,32689,32644,553,33197,253
2021-05-18,Sonoma,097,501317,29952,30054,331,30385,321
2021-05-18,Stanislaus,099,539301,56160,55860,5942,61802,959
2021-05-18,Sutter,101,95872,9425,9453,87,9540,113
2021-05-18,Tehama,103,63373,5053,5020,566,5586,63
2021-05-18,Trinity,105,12862,483,329,91,420,3
2021-05-18,Tulare,107,460477,50169,49142,9022,58164,836
2021-05-18,Tuolumne,109,53932,4017,4073,39,4112,64
2021-05-18,Ventura,111,848112,81286,80726,2985,83711,1017
2021-05-18,Yolo,113,214977,13986,13951,311,14262,211
2021-05-18,Yuba,115,75493,6024,5989,123,6112,49
2021-05-17,Alameda,001,1643700,87866,87766,1953,89719,1253
2021-05-17,Alpine,003,1148,87,88,0,88,0
2021-05-17,Amador,005,37829,3666,3668,33,3701,46
2021-05-17,Butte,007,227075,12472,12144,1810,13954,192
2021-05-17,Calaveras,009,45235,2139,2131,13,2144,53
2021-05-17,Colusa,011,21464,1940,1943,305,2248,14
2021-05-17,Contra Costa,013,1133247,69266,68720,1271,69991,805
2021-05-17,Del Norte,015,27424,1402,1369,12,1381,8
2021-05-17,El Dorado,017,186661,10238,10163,737,10900,112
2021-05-17,Fresno,019,978130,102531,102013,8699,110712,1690
2021-05-17,Glenn,021,27897,2423,2401,560,2961,17
2021-05-17,Humboldt,023,135768,4168,4112,34,4146,42
2021-05-17,Imperial,025,180216,28569,28533,2750,31283,729
2021-05-17,Inyo,027,18085,1404,1401,14,1415,36
2021-05-17,Kern,029,883053,97140,96095,10887,106982,1315
2021-05-17,Kings,031,150075,23139,22918,1091,24009,246
2021-05-17,Lake,033,64148,3507,3489,9,3498,43
2021-05-17,Lassen,035,31185,5195,5156,110,5266,6
2021-05-17,Los Angeles,037,10098052,1204805,1196556,41437,1237993,24123
2021-05-17,Madera,039,155013,16585,16486,936,17422,238
2021-05-17,Marin,041,260295,14069,14021,254,14275,227
2021-05-17,Mariposa,043,17540,428,423,11,434,5
2021-05-17,Mendocino,045,87422,3949,3868,80,3948,46
2021-05-17,Merced,047,269075,30919,31031,1052,32083,450
2021-05-17,Modoc,049,8938,374,362,125,487,3
2021-05-17,Mono,051,14174,1254,1265,17,1282,3
2021-05-17,Monterey,053,433212,43132,42995,1871,44866,379
2021-05-17,Napa,055,140530,9890,9894,36,9930,82
2021-05-17,Nevada,057,99092,4792,4761,188,4949,70
2021-05-17,Orange,059,3164182,255103,253993,11364,265357,5031
2021-05-17,Placer,061,380077,23152,22706,1486,24192,289
2021-05-17,Plumas,063,18699,700,682,10,692,4
2021-05-17,Riverside,065,2383286,293808,288304,14016,302320,4433
2021-05-17,Sacramento,067,1510023,105438,105035,1739,106774,1629
2021-05-17,San Benito,069,59416,6053,6067,115,6182,63
2021-05-17,San Bernardino,071,2135413,293067,291989,8987,300976,4724
2021-05-17,San Diego,073,3302833,280057,279146,14851,293997,3742
2021-05-17,San Francisco,075,870044,36643,36816,1285,38101,546
2021-05-17,San Joaquin,077,732212,72888,72234,3538,75772,1359
2021-05-17,San Luis Obispo,079,281455,21332,21079,733,21812,256
2021-05-17,San Mateo,081,765935,42252,42083,471,42554,428
2021-05-17,Santa Barbara,083,443738,34396,34275,1137,35412,459
2021-05-17,Santa Clara,085,1922200,118405,119116,760,119876,2015
2021-05-17,Santa Cruz,087,273765,16206,16151,813,16964,206
2021-05-17,Shasta,089,179085,12185,12163,1551,13714,200
2021-05-17,Sierra,091,2930,56,54,12,66,0
2021-05-17,Siskiyou,093,43540,1899,1795,351,2146,15
2021-05-17,Solano,095,438530,32671,32627,552,33179,253
2021-05-17,Sonoma,097,501317,29929,30043,330,30373,321
2021-05-17,Stanislaus,099,539301,56114,55839,5935,61774,951
2021-05-17,Sutter,101,95872,9418,9447,87,9534,113
2021-05-17,Tehama,103,63373,5049,5016,565,5581,63
2021-05-17,Trinity,105,12862,483,328,91,419,3
2021-05-17,Tulare,107,460477,50147,49107,9017,58124,836
2021-05-17,Tuolumne,109,53932,4017,4071,39,4110,64
2021-05-17,Ventura,111,848112,81266,80699,2985,83684,1017
2021-05-17,Yolo,113,214977,13979,13941,311,14252,211
2021-05-17,Yuba,115,75493,6016,5987,123,6110,49
2021-05-16,Alameda,001,1643700,87802,87743,1953,89696,1253
2021-05-16,Alpine,003,1148,87,88,0,88,0
2021-05-16,Amador,005,37829,3665,3667,33,3700,46
2021-05-16,Butte,007,227075,12458,12140,1809,13949,192
2021-05-16,Calaveras,009,45235,2137,2129,13,2142,53
2021-05-16,Colusa,011,21464,1938,1943,305,2248,14
2021-05-16,Contra Costa,013,1133247,69198,68694,1268,69962,805
2021-05-16,Del Norte,015,27424,1399,1365,12,1377,8
2021-05-16,El Dorado,017,186661,10222,10159,736,10895,112
2021-05-16,Fresno,019,978130,102487,101987,8693,110680,1690
2021-05-16,Glenn,021,27897,2423,2401,559,2960,17
2021-05-16,Humboldt,023,135768,4153,4104,34,4138,42
2021-05-16,Imperial,025,180216,28558,28516,2749,31265,729
2021-05-16,Inyo,027,18085,1404,1401,14,1415,36
2021-05-16,Kern,029,883053,97107,96083,10867,106950,1315
2021-05-16,Kings,031,150075,23135,22918,1088,24006,246
2021-05-16,Lake,033,64148,3504,3489,9,3498,43
2021-05-16,Lassen,035,31185,5194,5156,110,5266,6
2021-05-16,Los Angeles,037,10098052,1204582,1196397,41421,1237818,24120
2021-05-16,Madera,039,155013,16580,16483,933,17416,238
2021-05-16,Marin,041,260295,14066,14015,254,14269,227
2021-05-16,Mariposa,043,17540,428,423,11,434,5
2021-05-16,Mendocino,045,87422,3939,3863,80,3943,46
2021-05-16,Merced,047,269075,30898,31023,1050,32073,450
2021-05-16,Modoc,049,8938,374,362,125,487,3
2021-05-16,Mono,051,14174,1254,1265,17,1282,3
2021-05-16,Monterey,053,433212,43127,42991,1871,44862,379
2021-05-16,Napa,055,140530,9887,9891,36,9927,82
2021-05-16,Nevada,057,99092,4788,4755,188,4943,70
2021-05-16,Orange,059,3164182,255071,253962,11361,265323,5031
2021-05-16,Placer,061,380077,23120,22696,1480,24176,289
2021-05-16,Plumas,063,18699,699,682,10,692,4
2021-05-16,Riverside,065,2383286,293732,288259,14008,302267,4433
2021-05-16,Sacramento,067,1510023,105324,105013,1737,106750,1628
2021-05-16,San Benito,069,59416,6052,6067,114,6181,63
2021-05-16,San Bernardino,071,2135413,292994,291940,8985,300925,4724
2021-05-16,San Diego,073,3302833,279939,279099,14838,293937,3742
2021-05-16,San Francisco,075,870044,36620,36808,1284,38092,546
2021-05-16,San Joaquin,077,732212,72839,72218,3533,75751,1359
2021-05-16,San Luis Obispo,079,281455,21324,21072,731,21803,256
2021-05-16,San Mateo,081,765935,42241,42063,470,42533,428
2021-05-16,Santa Barbara,083,443738,34389,34270,1137,35407,459
2021-05-16,Santa Clara,085,1922200,118376,119098,759,119857,2015
2021-05-16,Santa Cruz,087,273765,16204,16143,813,16956,206
2021-05-16,Shasta,089,179085,12169,12156,1547,13703,200
2021-05-16,Sierra,091,2930,56,54,12,66,0
2021-05-16,Siskiyou,093,43540,1895,1790,350,2140,15
2021-05-16,Solano,095,438530,32638,32619,550,33169,253
2021-05-16,Sonoma,097,501317,29910,30033,330,30363,321
2021-05-16,Stanislaus,099,539301,56065,55814,5923,61737,951
2021-05-16,Sutter,101,95872,9411,9445,87,9532,113
2021-05-16,Tehama,103,63373,5045,5013,564,5577,63
2021-05-16,Trinity,105,12862,483,328,91,419,3
2021-05-16,Tulare,107,460477,50130,49091,9014,58105,837
2021-05-16,Tuolumne,109,53932,4013,4070,39,4109,64
2021-05-16,Ventura,111,848112,81235,80689,2985,83674,1017
2021-05-16,Yolo,113,214977,13964,13938,311,14249,211
2021-05-16,Yuba,115,75493,6013,5987,123,6110,49
2021-05-15,Alameda,001,1643700,87776,87677,1952,89629,1252
2021-05-15,Alpine,003,1148,87,88,0,88,0
2021-05-15,Amador,005,37829,3665,3666,33,3699,46
2021-05-15,Butte,007,227075,12451,12095,1808,13903,192
2021-05-15,Calaveras,009,45235,2136,2126,13,2139,53
2021-05-15,Colusa,011,21464,1938,1941,303,2244,14
2021-05-15,Contra Costa,013,1133247,69152,68658,1268,69926,805
2021-05-15,Del Norte,015,27424,1394,1359,12,1371,8
2021-05-15,El Dorado,017,186661,10210,10156,735,10891,112
2021-05-15,Fresno,019,978130,102450,101957,8690,110647,1690
2021-05-15,Glenn,021,27897,2423,2400,559,2959,17
2021-05-15,Humboldt,023,135768,4143,4080,34,4114,42
2021-05-15,Imperial,025,180216,28555,28504,2748,31252,729
2021-05-15,Inyo,027,18085,1404,1402,14,1416,36
2021-05-15,Kern,029,883053,97093,96061,10852,106913,1315
2021-05-15,Kings,031,150075,23134,22913,1088,24001,246
2021-05-15,Lake,033,64148,3503,3485,9,3494,43
2021-05-15,Lassen,035,31185,5191,5156,109,5265,6
2021-05-15,Los Angeles,037,10098052,1204458,1196255,41408,1237663,24115
2021-05-15,Madera,039,155013,16577,16482,933,17415,238
2021-05-15,Marin,041,260295,14062,14012,254,14266,227
2021-05-15,Mariposa,043,17540,428,423,11,434,5
2021-05-15,Mendocino,045,87422,3936,3861,80,3941,46
2021-05-15,Merced,047,269075,30877,31012,1050,32062,450
2021-05-15,Modoc,049,8938,374,362,125,487,3
2021-05-15,Mono,051,14174,1254,1265,17,1282,3
2021-05-15,Monterey,053,433212,43123,42982,1871,44853,379
2021-05-15,Napa,055,140530,9884,9887,36,9923,82
2021-05-15,Nevada,057,99092,4787,4755,188,4943,70
2021-05-15,Orange,059,3164182,255044,253919,11354,265273,5030
2021-05-15,Placer,061,380077,23099,22688,1480,24168,289
2021-05-15,Plumas,063,18699,699,681,10,691,4
2021-05-15,Riverside,065,2383286,293690,288203,14003,302206,4433
2021-05-15,Sacramento,067,1510023,105252,104929,1734,106663,1628
2021-05-15,San Benito,069,59416,6052,6066,114,6180,63
2021-05-15,San Bernardino,071,2135413,292952,291892,8983,300875,4724
2021-05-15,San Diego,073,3302833,279868,278991,14823,293814,3737
2021-05-15,San Francisco,075,870044,36604,36795,1282,38077,546
2021-05-15,San Joaquin,077,732212,72813,72197,3531,75728,1359
2021-05-15,San Luis Obispo,079,281455,21321,21061,730,21791,256
2021-05-15,San Mateo,081,765935,42225,42059,470,42529,428
2021-05-15,Santa Barbara,083,443738,34381,34259,1137,35396,459
2021-05-15,Santa Clara,085,1922200,118355,119060,759,119819,2016
2021-05-15,Santa Cruz,087,273765,16200,16137,813,16950,206
2021-05-15,Shasta,089,179085,12157,12152,1544,13696,200
2021-05-15,Sierra,091,2930,56,54,12,66,0
2021-05-15,Siskiyou,093,43540,1889,1788,348,2136,15
2021-05-15,Solano,095,438530,32629,32604,549,33153,253
2021-05-15,Sonoma,097,501317,29891,30020,330,30350,321
2021-05-15,Stanislaus,099,539301,56035,55795,5916,61711,952
2021-05-15,Sutter,101,95872,9409,9436,87,9523,113
2021-05-15,Tehama,103,63373,5041,5012,563,5575,63
2021-05-15,Trinity,105,12862,483,328,91,419,3
2021-05-15,Tulare,107,460477,50120,49080,9010,58090,837
2021-05-15,Tuolumne,109,53932,4011,4064,39,4103,63
2021-05-15,Ventura,111,848112,81224,80662,2985,83647,1017
2021-05-15,Yolo,113,214977,13957,13932,310,14242,211
2021-05-15,Yuba,115,75493,6010,5979,122,6101,49
2021-05-14,Alameda,001,1643700,87742,87621,1949,89570,1249
2021-05-14,Alpine,003,1148,87,88,0,88,0
2021-05-14,Amador,005,37829,3665,3665,33,3698,46
2021-05-14,Butte,007,227075,12442,12076,1805,13881,192
2021-05-14,Calaveras,009,45235,2132,2121,13,2134,53
2021-05-14,Colusa,011,21464,1937,1940,302,2242,14
2021-05-14,Contra Costa,013,1133247,69110,68589,1266,69855,806
2021-05-14,Del Norte,015,27424,1394,1355,12,1367,8
2021-05-14,El Dorado,017,186661,10203,10143,734,10877,113
2021-05-14,Fresno,019,978130,102421,101917,8684,110601,1688
2021-05-14,Glenn,021,27897,2422,2398,559,2957,17
2021-05-14,Humboldt,023,135768,4136,4050,34,4084,37
2021-05-14,Imperial,025,180216,28548,28485,2747,31232,728
2021-05-14,Inyo,027,18085,1404,1400,14,1414,36
2021-05-14,Kern,029,883053,97063,96033,10843,106876,1311
2021-05-14,Kings,031,150075,23133,22910,1088,23998,246
2021-05-14,Lake,033,64148,3499,3483,9,3492,43
2021-05-14,Lassen,035,31185,5191,5154,109,5263,6
2021-05-14,Los Angeles,037,10098052,1204324,1196038,41403,1237441,24101
2021-05-14,Madera,039,155013,16574,16474,933,17407,238
2021-05-14,Marin,041,260295,14058,14010,254,14264,227
2021-05-14,Mariposa,043,17540,428,422,11,433,5
2021-05-14,Mendocino,045,87422,3934,3855,80,3935,46
2021-05-14,Merced,047,269075,30867,31010,1050,32060,450
2021-05-14,Modoc,049,8938,374,362,125,487,3
2021-05-14,Mono,051,14174,1253,1265,17,1282,3
2021-05-14,Monterey,053,433212,43118,42973,1871,44844,380
2021-05-14,Napa,055,140530,9881,9883,36,9919,82
2021-05-14,Nevada,057,99092,4782,4745,188,4933,70
2021-05-14,Orange,059,3164182,255010,253855,11347,265202,5028
2021-05-14,Placer,061,380077,23080,22660,1474,24134,287
2021-05-14,Plumas,063,18699,698,680,10,690,4
2021-05-14,Riverside,065,2383286,293640,288140,14000,302140,4433
2021-05-14,Sacramento,067,1510023,105163,104828,1733,106561,1627
2021-05-14,San Benito,069,59416,6052,6064,114,6178,63
2021-05-14,San Bernardino,071,2135413,292904,291834,8983,300817,4721
2021-05-14,San Diego,073,3302833,279795,278853,14812,293665,3732
2021-05-14,San Francisco,075,870044,36595,36771,1278,38049,545
2021-05-14,San Joaquin,077,732212,72781,72160,3524,75684,1359
2021-05-14,San Luis Obispo,079,281455,21317,21051,730,21781,256
2021-05-14,San Mateo,081,765935,42215,42041,470,42511,428
2021-05-14,Santa Barbara,083,443738,34371,34243,1137,35380,456
2021-05-14,Santa Clara,085,1922200,118326,119006,759,119765,2014
2021-05-14,Santa Cruz,087,273765,16195,16130,813,16943,207
2021-05-14,Shasta,089,179085,12151,12130,1539,13669,200
2021-05-14,Sierra,091,2930,56,54,12,66,0
2021-05-14,Siskiyou,093,43540,1882,1779,347,2126,14
2021-05-14,Solano,095,438530,32609,32585,548,33133,252
2021-05-14,Sonoma,097,501317,29872,30007,330,30337,321
2021-05-14,Stanislaus,099,539301,56002,55752,5910,61662,950
2021-05-14,Sutter,101,95872,9400,9433,85,9518,113
2021-05-14,Tehama,103,63373,5034,5005,563,5568,63
2021-05-14,Trinity,105,12862,483,328,91,419,3
2021-05-14,Tulare,107,460477,50103,49060,9005,58065,836
2021-05-14,Tuolumne,109,53932,4011,4060,39,4099,63
2021-05-14,Ventura,111,848112,81210,80628,2985,83613,1014
2021-05-14,Yolo,113,214977,13952,13922,306,14228,210
2021-05-14,Yuba,115,75493,6006,5970,122,6092,47
2021-05-13,Alameda,001,1643700,87699,87557,1948,89505,1250
2021-05-13,Alpine,003,1148,87,88,0,88,0
2021-05-13,Amador,005,37829,3665,3662,33,3695,46
2021-05-13,Butte,007,227075,12427,12051,1804,13855,196
2021-05-13,Calaveras,009,45235,2132,2120,13,2133,53
2021-05-13,Colusa,011,21464,1936,1939,298,2237,14
2021-05-13,Contra Costa,013,1133247,69062,68522,1265,69787,806
2021-05-13,Del Norte,015,27424,1392,1354,12,1366,8
2021-05-13,El Dorado,017,186661,10200,10133,734,10867,112
2021-05-13,Fresno,019,978130,102392,101862,8683,110545,1687
2021-05-13,Glenn,021,27897,2421,2395,559,2954,17
2021-05-13,Humboldt,023,135768,4118,4027,34,4061,37
2021-05-13,Imperial,025,180216,28533,28468,2745,31213,729
2021-05-13,Inyo,027,18085,1404,1400,14,1414,36
2021-05-13,Kern,029,883053,97039,95996,10825,106821,1311
2021-05-13,Kings,031,150075,23132,22904,1088,23992,246
2021-05-13,Lake,033,64148,3498,3479,9,3488,43
2021-05-13,Lassen,035,31185,5191,5152,108,5260,6
2021-05-13,Los Angeles,037,10098052,1204135,1195504,41389,1236893,24083
2021-05-13,Madera,039,155013,16566,16467,933,17400,238
2021-05-13,Marin,041,260295,14053,14004,252,14256,227
2021-05-13,Mariposa,043,17540,428,422,11,433,5
2021-05-13,Mendocino,045,87422,3930,3846,80,3926,46
2021-05-13,Merced,047,269075,30860,30989,1049,32038,450
2021-05-13,Modoc,049,8938,374,362,125,487,3
2021-05-13,Mono,051,14174,1253,1265,17,1282,3
2021-05-13,Monterey,053,433212,43103,42966,1871,44837,380
2021-05-13,Napa,055,140530,9874,9877,36,9913,82
2021-05-13,Nevada,057,99092,4778,4743,187,4930,70
2021-05-13,Orange,059,3164182,254965,253778,11345,265123,5026
2021-05-13,Placer,061,380077,23053,22668,1467,24135,288
2021-05-13,Plumas,063,18699,698,680,10,690,4
2021-05-13,Riverside,065,2383286,293574,288067,13995,302062,4433
2021-05-13,Sacramento,067,1510023,105077,104711,1731,106442,1626
2021-05-13,San Benito,069,59416,6050,6062,114,6176,63
2021-05-13,San Bernardino,071,2135413,292838,291765,8983,300748,4722
2021-05-13,San Diego,073,3302833,279681,278592,14795,293387,3729
2021-05-13,San Francisco,075,870044,36571,36741,1276,38017,544
2021-05-13,San Joaquin,077,732212,72739,72096,3520,75616,1357
2021-05-13,San Luis Obispo,079,281455,21302,21043,729,21772,255
2021-05-13,San Mateo,081,765935,42198,42059,470,42529,426
2021-05-13,Santa Barbara,083,443738,34359,34242,1137,35379,456
2021-05-13,Santa Clara,085,1922200,118299,118952,759,119711,2013
2021-05-13,Santa Cruz,087,273765,16189,16129,813,16942,208
2021-05-13,Shasta,089,179085,12131,12111,1535,13646,200
2021-05-13,Sierra,091,2930,56,54,12,66,0
2021-05-13,Siskiyou,093,43540,1875,1769,344,2113,14
2021-05-13,Solano,095,438530,32596,32548,546,33094,252
2021-05-13,Sonoma,097,501317,29847,29991,330,30321,321
2021-05-13,Stanislaus,099,539301,55965,55678,5904,61582,949
2021-05-13,Sutter,101,95872,9395,9431,84,9515,112
2021-05-13,Tehama,103,63373,5029,4997,563,5560,63
2021-05-13,Trinity,105,12862,482,327,90,417,3
2021-05-13,Tulare,107,460477,50077,49032,8997,58029,837
2021-05-13,Tuolumne,109,53932,4010,4059,39,4098,63
2021-05-13,Ventura,111,848112,81180,80615,2984,83599,1012
2021-05-13,Yolo,113,214977,13943,13914,304,14218,210
2021-05-13,Yuba,115,75493,5997,5962,122,6084,47
2021-05-12,Alameda,001,1643700,87667,87482,1946,89428,1261
2021-05-12,Alpine,003,1148,87,88,0,88,0
2021-05-12,Amador,005,37829,3665,3658,33,3691,46
2021-05-12,Butte,007,227075,12417,12026,1804,13830,199
2021-05-12,Calaveras,009,45235,2129,2119,13,2132,53
2021-05-12,Colusa,011,21464,1934,1939,297,2236,14
2021-05-12,Contra Costa,013,1133247,69003,68462,1259,69721,805
2021-05-12,Del Norte,015,27424,1390,1352,12,1364,8
2021-05-12,El Dorado,017,186661,10191,10123,734,10857,112
2021-05-12,Fresno,019,978130,102343,101838,8672,110510,1688
2021-05-12,Glenn,021,27897,2418,2391,559,2950,17
2021-05-12,Humboldt,023,135768,4090,3982,34,4016,37
2021-05-12,Imperial,025,180216,28515,28443,2742,31185,726
2021-05-12,Inyo,027,18085,1404,1400,14,1414,36
2021-05-12,Kern,029,883053,97003,95955,10818,106773,1310
2021-05-12,Kings,031,150075,23130,22896,1088,23984,246
2021-05-12,Lake,033,64148,3496,3476,9,3485,43
2021-05-12,Lassen,035,31185,5189,5151,108,5259,6
2021-05-12,Los Angeles,037,10098052,1203952,1195318,41372,1236690,24067
2021-05-12,Madera,039,155013,16559,16462,932,17394,238
2021-05-12,Marin,041,260295,14048,13997,252,14249,227
2021-05-12,Mariposa,043,17540,428,422,11,433,5
2021-05-12,Mendocino,045,87422,3920,3836,80,3916,46
2021-05-12,Merced,047,269075,30844,30941,1049,31990,450
2021-05-12,Modoc,049,8938,373,362,125,487,3
2021-05-12,Mono,051,14174,1253,1265,17,1282,3
2021-05-12,Monterey,053,433212,43091,42950,1870,44820,380
2021-05-12,Napa,055,140530,9868,9870,36,9906,82
2021-05-12,Nevada,057,99092,4774,4738,187,4925,70
2021-05-12,Orange,059,3164182,254914,253587,11341,264928,5024
2021-05-12,Placer,061,380077,23035,22652,1460,24112,288
2021-05-12,Plumas,063,18699,698,681,10,691,4
2021-05-12,Riverside,065,2383286,293504,287830,13991,301821,4431
2021-05-12,Sacramento,067,1510023,104981,104592,1729,106321,1621
2021-05-12,San Benito,069,59416,6050,6062,114,6176,63
2021-05-12,San Bernardino,071,2135413,292790,291505,8978,300483,4715
2021-05-12,San Diego,073,3302833,279577,278402,14774,293176,3729
2021-05-12,San Francisco,075,870044,36551,36720,1275,37995,544
2021-05-12,San Joaquin,077,732212,72685,72043,3516,75559,1356
2021-05-12,San Luis Obispo,079,281455,21292,21021,729,21750,255
2021-05-12,San Mateo,081,765935,42189,42038,468,42506,426
2021-05-12,Santa Barbara,083,443738,34351,34218,1137,35355,456
2021-05-12,Santa Clara,085,1922200,118255,118897,759,119656,2005
2021-05-12,Santa Cruz,087,273765,16183,16123,813,16936,207
2021-05-12,Shasta,089,179085,12111,12092,1533,13625,200
2021-05-12,Sierra,091,2930,56,54,12,66,0
2021-05-12,Siskiyou,093,43540,1871,1760,343,2103,13
2021-05-12,Solano,095,438530,32572,32519,546,33065,252
2021-05-12,Sonoma,097,501317,29835,29976,330,30306,320
2021-05-12,Stanislaus,099,539301,55925,55632,5897,61529,919
2021-05-12,Sutter,101,95872,9392,9427,84,9511,112
2021-05-12,Tehama,103,63373,5024,4989,563,5552,62
2021-05-12,Trinity,105,12862,482,327,90,417,3
2021-05-12,Tulare,107,460477,50061,49001,8989,57990,838
2021-05-12,Tuolumne,109,53932,4009,4056,39,4095,63
2021-05-12,Ventura,111,848112,81161,80577,2984,83561,1010
2021-05-12,Yolo,113,214977,13935,13910,303,14213,210
2021-05-12,Yuba,115,75493,5994,5956,122,6078,47
2021-05-11,Alameda,001,1643700,87602,87413,1942,89355,1290
2021-05-11,Alpine,003,1148,87,88,0,88,0
2021-05-11,Amador,005,37829,3663,3657,33,3690,46
2021-05-11,Butte,007,227075,12402,12008,1801,13809,199
2021-05-11,Calaveras,009,45235,2129,2118,13,2131,52
2021-05-11,Colusa,011,21464,1933,1939,297,2236,14
2021-05-11,Contra Costa,013,1133247,68943,68406,1258,69664,806
2021-05-11,Del Norte,015,27424,1388,1347,12,1359,8
2021-05-11,El Dorado,017,186661,10185,10108,733,10841,112
2021-05-11,Fresno,019,978130,102297,101792,8667,110459,1686
2021-05-11,Glenn,021,27897,2417,2387,558,2945,17
2021-05-11,Humboldt,023,135768,4069,3964,33,3997,37
2021-05-11,Imperial,025,180216,28507,28413,2738,31151,722
2021-05-11,Inyo,027,18085,1403,1402,14,1416,36
2021-05-11,Kern,029,883053,96975,95938,10805,106743,1310
2021-05-11,Kings,031,150075,23122,22887,1088,23975,246
2021-05-11,Lake,033,64148,3496,3473,9,3482,43
2021-05-11,Lassen,035,31185,5187,5148,108,5256,6
2021-05-11,Los Angeles,037,10098052,1203711,1195100,41355,1236455,24048
2021-05-11,Madera,039,155013,16555,16459,931,17390,238
2021-05-11,Marin,041,260295,14041,13987,252,14239,227
2021-05-11,Mariposa,043,17540,428,421,11,432,5
2021-05-11,Mendocino,045,87422,3912,3821,80,3901,46
2021-05-11,Merced,047,269075,30835,30893,1049,31942,449
2021-05-11,Modoc,049,8938,373,362,124,486,3
2021-05-11,Mono,051,14174,1253,1265,17,1282,3
2021-05-11,Monterey,053,433212,43083,42934,1869,44803,380
2021-05-11,Napa,055,140530,9861,9870,36,9906,81
2021-05-11,Nevada,057,99092,4770,4737,187,4924,70
2021-05-11,Orange,059,3164182,254851,253545,11333,264878,5017
2021-05-11,Placer,061,380077,23013,22615,1456,24071,287
2021-05-11,Plumas,063,18699,696,679,10,689,4
2021-05-11,Riverside,065,2383286,293442,287757,13986,301743,4429
2021-05-11,Sacramento,067,1510023,104882,104496,1726,106222,1616
2021-05-11,San Benito,069,59416,6047,6058,114,6172,63
2021-05-11,San Bernardino,071,2135413,292730,291421,8976,300397,4707
2021-05-11,San Diego,073,3302833,279442,278308,14755,293063,3725
2021-05-11,San Francisco,075,870044,36531,36707,1275,37982,543
2021-05-11,San Joaquin,077,732212,72637,71999,3513,75512,1356
2021-05-11,San Luis Obispo,079,281455,21285,21008,727,21735,255
2021-05-11,San Mateo,081,765935,42170,41985,467,42452,425
2021-05-11,Santa Barbara,083,443738,34341,34207,1137,35344,456
2021-05-11,Santa Clara,085,1922200,118208,118857,758,119615,2005
2021-05-11,Santa Cruz,087,273765,16179,16113,813,16926,206
2021-05-11,Shasta,089,179085,12088,12050,1527,13577,200
2021-05-11,Sierra,091,2930,56,54,12,66,0
2021-05-11,Siskiyou,093,43540,1861,1756,341,2097,13
2021-05-11,Solano,095,438530,32554,32499,544,33043,250
2021-05-11,Sonoma,097,501317,29820,29966,330,30296,318
2021-05-11,Stanislaus,099,539301,55878,55589,5893,61482,909
2021-05-11,Sutter,101,95872,9385,9417,84,9501,112
2021-05-11,Tehama,103,63373,5020,4985,562,5547,62
2021-05-11,Trinity,105,12862,482,327,89,416,3
2021-05-11,Tulare,107,460477,50033,48974,8975,57949,837
2021-05-11,Tuolumne,109,53932,4008,4056,39,4095,63
2021-05-11,Ventura,111,848112,81137,80544,2981,83525,1008
2021-05-11,Yolo,113,214977,13921,13902,300,14202,210
2021-05-11,Yuba,115,75493,5985,5950,122,6072,46
2021-05-10,Alameda,001,1643700,87531,87366,1941,89307,1284
2021-05-10,Alpine,003,1148,87,88,0,88,0
2021-05-10,Amador,005,37829,3662,3657,33,3690,46
2021-05-10,Butte,007,227075,12386,11993,1797,13790,199
2021-05-10,Calaveras,009,45235,2122,2118,13,2131,52
2021-05-10,Colusa,011,21464,1933,1939,297,2236,14
2021-05-10,Contra Costa,013,1133247,68879,68357,1258,69615,806
2021-05-10,Del Norte,015,27424,1385,1339,12,1351,8
2021-05-10,El Dorado,017,186661,10171,10093,733,10826,113
2021-05-10,Fresno,019,978130,102265,101755,8660,110415,1682
2021-05-10,Glenn,021,27897,2416,2384,556,2940,17
2021-05-10,Humboldt,023,135768,4039,3961,33,3994,36
2021-05-10,Imperial,025,180216,28493,28397,2734,31131,722
2021-05-10,Inyo,027,18085,1403,1401,14,1415,36
2021-05-10,Kern,029,883053,96931,95920,10791,106711,1310
2021-05-10,Kings,031,150075,23111,22884,1087,23971,246
2021-05-10,Lake,033,64148,3488,3471,9,3480,43
2021-05-10,Lassen,035,31185,5183,5148,108,5256,5
2021-05-10,Los Angeles,037,10098052,1203447,1194976,41338,1236314,24030
2021-05-10,Madera,039,155013,16545,16450,931,17381,238
2021-05-10,Marin,041,260295,14038,13981,252,14233,228
2021-05-10,Mariposa,043,17540,427,420,11,431,5
2021-05-10,Mendocino,045,87422,3906,3818,80,3898,46
2021-05-10,Merced,047,269075,30824,30880,1049,31929,448
2021-05-10,Modoc,049,8938,373,361,124,485,3
2021-05-10,Mono,051,14174,1253,1265,17,1282,3
2021-05-10,Monterey,053,433212,43077,42927,1864,44791,380
2021-05-10,Napa,055,140530,9859,9860,36,9896,81
2021-05-10,Nevada,057,99092,4763,4735,187,4922,70
2021-05-10,Orange,059,3164182,254798,253484,11327,264811,5008
2021-05-10,Placer,061,380077,22991,22590,1453,24043,286
2021-05-10,Plumas,063,18699,695,679,10,689,4
2021-05-10,Riverside,065,2383286,293373,287689,13980,301669,4427
2021-05-10,Sacramento,067,1510023,104769,104378,1721,106099,1613
2021-05-10,San Benito,069,59416,6046,6058,114,6172,63
2021-05-10,San Bernardino,071,2135413,292678,291360,8975,300335,4707
2021-05-10,San Diego,073,3302833,279278,278183,14728,292911,3725
2021-05-10,San Francisco,075,870044,36512,36683,1275,37958,543
2021-05-10,San Joaquin,077,732212,72600,71954,3498,75452,1356
2021-05-10,San Luis Obispo,079,281455,21267,20993,726,21719,256
2021-05-10,San Mateo,081,765935,42153,41926,467,42393,424
2021-05-10,Santa Barbara,083,443738,34333,34201,1137,35338,456
2021-05-10,Santa Clara,085,1922200,118149,118822,758,119580,2003
2021-05-10,Santa Cruz,087,273765,16174,16114,813,16927,206
2021-05-10,Shasta,089,179085,12074,12036,1523,13559,200
2021-05-10,Sierra,091,2930,56,54,12,66,0
2021-05-10,Siskiyou,093,43540,1851,1752,339,2091,13
2021-05-10,Solano,095,438530,32534,32466,542,33008,250
2021-05-10,Sonoma,097,501317,29805,29955,329,30284,318
2021-05-10,Stanislaus,099,539301,55804,55541,5887,61428,898
2021-05-10,Sutter,101,95872,9379,9412,84,9496,111
2021-05-10,Tehama,103,63373,5016,4980,562,5542,62
2021-05-10,Trinity,105,12862,482,327,87,414,3
2021-05-10,Tulare,107,460477,50010,48956,8969,57925,837
2021-05-10,Tuolumne,109,53932,4004,4054,38,4092,63
2021-05-10,Ventura,111,848112,81121,80501,2979,83480,1008
2021-05-10,Yolo,113,214977,13909,13898,298,14196,209
2021-05-10,Yuba,115,75493,5983,5942,122,6064,46
2021-05-09,Alameda,001,1643700,87460,87292,1938,89230,1284
2021-05-09,Alpine,003,1148,87,88,0,88,0
2021-05-09,Amador,005,37829,3660,3655,33,3688,46
2021-05-09,Butte,007,227075,12368,11985,1793,13778,199
2021-05-09,Calaveras,009,45235,2121,2116,13,2129,52
2021-05-09,Colusa,011,21464,1932,1940,297,2237,14
2021-05-09,Contra Costa,013,1133247,68816,68302,1256,69558,806
2021-05-09,Del Norte,015,27424,1378,1338,12,1350,8
2021-05-09,El Dorado,017,186661,10157,10089,730,10819,113
2021-05-09,Fresno,019,978130,102227,101729,8651,110380,1682
2021-05-09,Glenn,021,27897,2409,2382,553,2935,17
2021-05-09,Humboldt,023,135768,4019,3950,33,3983,36
2021-05-09,Imperial,025,180216,28470,28388,2726,31114,722
2021-05-09,Inyo,027,18085,1403,1401,13,1414,36
2021-05-09,Kern,029,883053,96903,95903,10781,106684,1310
2021-05-09,Kings,031,150075,23102,22878,1087,23965,246
2021-05-09,Lake,033,64148,3484,3471,9,3480,43
2021-05-09,Lassen,035,31185,5181,5147,108,5255,5
2021-05-09,Los Angeles,037,10098052,1203186,1194820,41322,1236142,24026
2021-05-09,Madera,039,155013,16536,16444,925,17369,238
2021-05-09,Marin,041,260295,14027,13979,251,14230,228
2021-05-09,Mariposa,043,17540,424,420,11,431,5
2021-05-09,Mendocino,045,87422,3896,3814,80,3894,46
2021-05-09,Merced,047,269075,30801,30883,1049,31932,448
2021-05-09,Modoc,049,8938,373,360,124,484,3
2021-05-09,Mono,051,14174,1253,1264,17,1281,3
2021-05-09,Monterey,053,433212,43059,42918,1864,44782,380
2021-05-09,Napa,055,140530,9848,9857,36,9893,81
2021-05-09,Nevada,057,99092,4756,4727,187,4914,70
2021-05-09,Orange,059,3164182,254744,253451,11319,264770,5008
2021-05-09,Placer,061,380077,22965,22566,1450,24016,286
2021-05-09,Plumas,063,18699,694,679,10,689,4
2021-05-09,Riverside,065,2383286,293293,287644,13974,301618,4427
2021-05-09,Sacramento,067,1510023,104620,104309,1715,106024,1612
2021-05-09,San Benito,069,59416,6044,6056,114,6170,63
2021-05-09,San Bernardino,071,2135413,292595,291337,8969,300306,4707
2021-05-09,San Diego,073,3302833,279111,277950,14706,292656,3725
2021-05-09,San Francisco,075,870044,36486,36669,1273,37942,543
2021-05-09,San Joaquin,077,732212,72554,71927,3497,75424,1356
2021-05-09,San Luis Obispo,079,281455,21256,20999,726,21725,256
2021-05-09,San Mateo,081,765935,42124,41903,467,42370,424
2021-05-09,Santa Barbara,083,443738,34320,34196,1136,35332,456
2021-05-09,Santa Clara,085,1922200,118095,118798,757,119555,2003
2021-05-09,Santa Cruz,087,273765,16168,16094,813,16907,206
2021-05-09,Shasta,089,179085,12044,12034,1518,13552,200
2021-05-09,Sierra,091,2930,56,54,12,66,0
2021-05-09,Siskiyou,093,43540,1844,1741,336,2077,13
2021-05-09,Solano,095,438530,32495,32434,539,32973,250
2021-05-09,Sonoma,097,501317,29791,29953,328,30281,318
2021-05-09,Stanislaus,099,539301,55738,55511,5883,61394,898
2021-05-09,Sutter,101,95872,9373,9413,84,9497,111
2021-05-09,Tehama,103,63373,5011,4979,562,5541,62
2021-05-09,Trinity,105,12862,482,327,87,414,3
2021-05-09,Tulare,107,460477,49983,48948,8964,57912,837
2021-05-09,Tuolumne,109,53932,4002,4053,38,4091,63
2021-05-09,Ventura,111,848112,81106,80487,2978,83465,1008
2021-05-09,Yolo,113,214977,13899,13897,297,14194,209
2021-05-09,Yuba,115,75493,5977,5934,122,6056,46
2021-05-08,Alameda,001,1643700,87418,87213,1934,89147,1284
2021-05-08,Alpine,003,1148,87,88,0,88,0
2021-05-08,Amador,005,37829,3658,3652,33,3685,46
2021-05-08,Butte,007,227075,12356,11962,1792,13754,199
2021-05-08,Calaveras,009,45235,2120,2114,13,2127,52
2021-05-08,Colusa,011,21464,1932,1939,297,2236,14
2021-05-08,Contra Costa,013,1133247,68783,68223,1254,69477,803
2021-05-08,Del Norte,015,27424,1375,1335,12,1347,8
2021-05-08,El Dorado,017,186661,10143,10079,730,10809,113
2021-05-08,Fresno,019,978130,102191,101676,8646,110322,1682
2021-05-08,Glenn,021,27897,2407,2382,551,2933,17
2021-05-08,Humboldt,023,135768,4003,3939,33,3972,36
2021-05-08,Imperial,025,180216,28462,28373,2726,31099,721
2021-05-08,Inyo,027,18085,1403,1402,13,1415,36
2021-05-08,Kern,029,883053,96878,95880,10768,106648,1310
2021-05-08,Kings,031,150075,23099,22872,1086,23958,246
2021-05-08,Lake,033,64148,3483,3470,9,3479,43
2021-05-08,Lassen,035,31185,5180,5145,108,5253,5
2021-05-08,Los Angeles,037,10098052,1203034,1194584,41306,1235890,24022
2021-05-08,Madera,039,155013,16532,16442,925,17367,238
2021-05-08,Marin,041,260295,14024,13974,250,14224,228
2021-05-08,Mariposa,043,17540,424,420,11,431,5
2021-05-08,Mendocino,045,87422,3891,3810,79,3889,46
2021-05-08,Merced,047,269075,30792,30876,1049,31925,448
2021-05-08,Modoc,049,8938,373,360,123,483,3
2021-05-08,Mono,051,14174,1253,1262,17,1279,3
2021-05-08,Monterey,053,433212,43054,42914,1863,44777,380
2021-05-08,Napa,055,140530,9841,9853,36,9889,81
2021-05-08,Nevada,057,99092,4753,4716,187,4903,70
2021-05-08,Orange,059,3164182,254710,253412,11316,264728,5006
2021-05-08,Placer,061,380077,22947,22547,1448,23995,286
2021-05-08,Plumas,063,18699,693,679,10,689,4
2021-05-08,Riverside,065,2383286,293250,287574,13972,301546,4427
2021-05-08,Sacramento,067,1510023,104535,104208,1712,105920,1610
2021-05-08,San Benito,069,59416,6043,6048,114,6162,63
2021-05-08,San Bernardino,071,2135413,292552,291296,8969,300265,4707
2021-05-08,San Diego,073,3302833,279028,277760,14688,292448,3725
2021-05-08,San Francisco,075,870044,36463,36642,1273,37915,543
2021-05-08,San Joaquin,077,732212,72525,71869,3488,75357,1356
2021-05-08,San Luis Obispo,079,281455,21245,20992,726,21718,256
2021-05-08,San Mateo,081,765935,42113,41871,467,42338,424
2021-05-08,Santa Barbara,083,443738,34307,34185,1136,35321,456
2021-05-08,Santa Clara,085,1922200,118064,118751,757,119508,2003
2021-05-08,Santa Cruz,087,273765,16165,16089,813,16902,206
2021-05-08,Shasta,089,179085,12034,12030,1514,13544,200
2021-05-08,Sierra,091,2930,56,54,12,66,0
2021-05-08,Siskiyou,093,43540,1843,1741,332,2073,13
2021-05-08,Solano,095,438530,32471,32395,537,32932,249
2021-05-08,Sonoma,097,501317,29778,29942,328,30270,318
2021-05-08,Stanislaus,099,539301,55707,55467,5879,61346,898
2021-05-08,Sutter,101,95872,9370,9413,84,9497,111
2021-05-08,Tehama,103,63373,5009,4977,562,5539,62
2021-05-08,Trinity,105,12862,482,327,87,414,3
2021-05-08,Tulare,107,460477,49969,48929,8954,57883,837
2021-05-08,Tuolumne,109,53932,4001,4050,38,4088,63
2021-05-08,Ventura,111,848112,81095,80481,2975,83456,1008
2021-05-08,Yolo,113,214977,13896,13894,296,14190,209
2021-05-08,Yuba,115,75493,5969,5928,122,6050,46
2021-05-07,Alameda,001,1643700,87364,87128,1933,89061,1280
2021-05-07,Alpine,003,1148,87,88,0,88,0
2021-05-07,Amador,005,37829,3655,3651,33,3684,46
2021-05-07,Butte,007,227075,12335,11943,1789,13732,199
2021-05-07,Calaveras,009,45235,2118,2114,13,2127,52
2021-05-07,Colusa,011,21464,1932,1937,297,2234,14
2021-05-07,Contra Costa,013,1133247,68736,68156,1252,69408,804
2021-05-07,Del Norte,015,27424,1370,1329,12,1341,8
2021-05-07,El Dorado,017,186661,10130,10065,728,10793,112
2021-05-07,Fresno,019,978130,102158,101625,8645,110270,1684
2021-05-07,Glenn,021,27897,2404,2381,550,2931,17
2021-05-07,Humboldt,023,135768,3988,3919,33,3952,36
2021-05-07,Imperial,025,180216,28454,28352,2726,31078,721
2021-05-07,Inyo,027,18085,1403,1402,13,1415,36
2021-05-07,Kern,029,883053,96865,95839,10756,106595,1308
2021-05-07,Kings,031,150075,23098,22857,1085,23942,246
2021-05-07,Lake,033,64148,3481,3467,9,3476,43
2021-05-07,Lassen,035,31185,5179,5144,107,5251,5
2021-05-07,Los Angeles,037,10098052,1202855,1194294,41299,1235593,24008
2021-05-07,Madera,039,155013,16527,16439,924,17363,238
2021-05-07,Marin,041,260295,14020,13968,250,14218,228
2021-05-07,Mariposa,043,17540,423,419,11,430,5
2021-05-07,Mendocino,045,87422,3885,3805,79,3884,46
2021-05-07,Merced,047,269075,30789,30862,1049,31911,446
2021-05-07,Modoc,049,8938,373,360,123,483,3
2021-05-07,Mono,051,14174,1252,1261,17,1278,3
2021-05-07,Monterey,053,433212,43048,42909,1861,44770,380
2021-05-07,Napa,055,140530,9840,9849,36,9885,81
2021-05-07,Nevada,057,99092,4749,4704,187,4891,70
2021-05-07,Orange,059,3164182,254670,253338,11307,264645,5000
2021-05-07,Placer,061,380077,22927,22524,1446,23970,286
2021-05-07,Plumas,063,18699,693,678,10,688,4
2021-05-07,Riverside,065,2383286,293192,287479,13971,301450,4426
2021-05-07,Sacramento,067,1510023,104463,104068,1707,105775,1609
2021-05-07,San Benito,069,59416,6042,6048,114,6162,63
2021-05-07,San Bernardino,071,2135413,292510,291185,8964,300149,4697
2021-05-07,San Diego,073,3302833,278942,277534,14672,292206,3718
2021-05-07,San Francisco,075,870044,36450,36616,1272,37888,543
2021-05-07,San Joaquin,077,732212,72485,71804,3486,75290,1351
2021-05-07,San Luis Obispo,079,281455,21238,20979,726,21705,256
2021-05-07,San Mateo,081,765935,42098,41844,467,42311,424
2021-05-07,Santa Barbara,083,443738,34297,34166,1136,35302,453
2021-05-07,Santa Clara,085,1922200,118031,118691,756,119447,2002
2021-05-07,Santa Cruz,087,273765,16162,16074,813,16887,206
2021-05-07,Shasta,089,179085,12012,12005,1512,13517,200
2021-05-07,Sierra,091,2930,56,54,12,66,0
2021-05-07,Siskiyou,093,43540,1840,1723,332,2055,13
2021-05-07,Solano,095,438530,32443,32352,535,32887,249
2021-05-07,Sonoma,097,501317,29760,29925,326,30251,318
2021-05-07,Stanislaus,099,539301,55666,55407,5874,61281,896
2021-05-07,Sutter,101,95872,9370,9407,83,9490,111
2021-05-07,Tehama,103,63373,5002,4974,562,5536,57
2021-05-07,Trinity,105,12862,482,327,87,414,3
2021-05-07,Tulare,107,460477,49952,48913,8949,57862,837
2021-05-07,Tuolumne,109,53932,3999,4048,38,4086,63
2021-05-07,Ventura,111,848112,81071,80444,2975,83419,1008
2021-05-07,Yolo,113,214977,13890,13875,295,14170,209
2021-05-07,Yuba,115,75493,5959,5910,122,6032,46
2021-05-06,Alameda,001,1643700,87288,87028,1930,88958,1278
2021-05-06,Alpine,003,1148,87,88,0,88,0
2021-05-06,Amador,005,37829,3653,3650,33,3683,46
2021-05-06,Butte,007,227075,12315,11929,1784,13713,198
2021-05-06,Calaveras,009,45235,2117,2111,13,2124,52
2021-05-06,Colusa,011,21464,1932,1935,297,2232,14
2021-05-06,Contra Costa,013,1133247,68681,68076,1249,69325,802
2021-05-06,Del Norte,015,27424,1362,1324,12,1336,6
2021-05-06,El Dorado,017,186661,10123,10048,728,10776,112
2021-05-06,Fresno,019,978130,102114,101536,8641,110177,1680
2021-05-06,Glenn,021,27897,2403,2380,549,2929,17
2021-05-06,Humboldt,023,135768,3963,3898,33,3931,36
2021-05-06,Imperial,025,180216,28443,28311,2725,31036,720
2021-05-06,Inyo,027,18085,1403,1401,13,1414,36
2021-05-06,Kern,029,883053,96840,95801,10739,106540,1307
2021-05-06,Kings,031,150075,23091,22848,1084,23932,246
2021-05-06,Lake,033,64148,3480,3465,9,3474,43
2021-05-06,Lassen,035,31185,5178,5143,107,5250,1
2021-05-06,Los Angeles,037,10098052,1202613,1193954,41283,1235237,23991
2021-05-06,Madera,039,155013,16519,16430,924,17354,238
2021-05-06,Marin,041,260295,14016,13956,250,14206,228
2021-05-06,Mariposa,043,17540,422,419,11,430,5
2021-05-06,Mendocino,045,87422,3874,3802,79,3881,46
2021-05-06,Merced,047,269075,30774,30863,1048,31911,444
2021-05-06,Modoc,049,8938,373,360,123,483,3
2021-05-06,Mono,051,14174,1250,1261,17,1278,3
2021-05-06,Monterey,053,433212,43033,42899,1861,44760,379
2021-05-06,Napa,055,140530,9834,9843,36,9879,81
2021-05-06,Nevada,057,99092,4748,4687,187,4874,70
2021-05-06,Orange,059,3164182,254602,253286,11301,264587,4991
2021-05-06,Placer,061,380077,22905,22493,1446,23939,286
2021-05-06,Plumas,063,18699,693,678,10,688,4
2021-05-06,Riverside,065,2383286,293119,287399,13966,301365,4422
2021-05-06,Sacramento,067,1510023,104346,103956,1704,105660,1609
2021-05-06,San Benito,069,59416,6041,6045,114,6159,63
2021-05-06,San Bernardino,071,2135413,292440,291085,8963,300048,4683
2021-05-06,San Diego,073,3302833,278815,277324,14649,291973,3716
2021-05-06,San Francisco,075,870044,36435,36599,1272,37871,543
2021-05-06,San Joaquin,077,732212,72430,71729,3483,75212,1350
2021-05-06,San Luis Obispo,079,281455,21226,20965,724,21689,256
2021-05-06,San Mateo,081,765935,42079,41802,466,42268,424
2021-05-06,Santa Barbara,083,443738,34284,34152,1136,35288,453
2021-05-06,Santa Clara,085,1922200,117990,118591,756,119347,2001
2021-05-06,Santa Cruz,087,273765,16155,16050,813,16863,206
2021-05-06,Shasta,089,179085,11990,11983,1506,13489,199
2021-05-06,Sierra,091,2930,56,54,12,66,0
2021-05-06,Siskiyou,093,43540,1830,1711,331,2042,12
2021-05-06,Solano,095,438530,32417,32320,527,32847,249
2021-05-06,Sonoma,097,501317,29752,29911,326,30237,318
2021-05-06,Stanislaus,099,539301,55610,55323,5869,61192,834
2021-05-06,Sutter,101,95872,9364,9396,83,9479,111
2021-05-06,Tehama,103,63373,4997,4970,562,5532,53
2021-05-06,Trinity,105,12862,482,327,87,414,3
2021-05-06,Tulare,107,460477,49927,48890,8934,57824,836
2021-05-06,Tuolumne,109,53932,3995,4047,38,4085,63
2021-05-06,Ventura,111,848112,81040,80411,2972,83383,1005
2021-05-06,Yolo,113,214977,13883,13871,291,14162,209
2021-05-06,Yuba,115,75493,5947,5901,122,6023,46
2021-05-05,Alameda,001,1643700,87226,86950,1928,88878,1278
2021-05-05,Alpine,003,1148,87,88,0,88,0
2021-05-05,Amador,005,37829,3650,3650,33,3683,46
2021-05-05,Butte,007,227075,12297,11907,1781,13688,198
2021-05-05,Calaveras,009,45235,2113,2103,13,2116,52
2021-05-05,Colusa,011,21464,1931,1933,297,2230,14
2021-05-05,Contra Costa,013,1133247,68616,67997,1245,69242,803
2021-05-05,Del Norte,015,27424,1359,1317,12,1329,6
2021-05-05,El Dorado,017,186661,10112,10020,727,10747,111
2021-05-05,Fresno,019,978130,102065,101491,8632,110123,1680
2021-05-05,Glenn,021,27897,2400,2380,548,2928,17
2021-05-05,Humboldt,023,135768,3944,3886,32,3918,36
2021-05-05,Imperial,025,180216,28402,28295,2718,31013,720
2021-05-05,Inyo,027,18085,1402,1401,13,1414,36
2021-05-05,Kern,029,883053,96796,95753,10735,106488,1304
2021-05-05,Kings,031,150075,23085,22840,1083,23923,246
2021-05-05,Lake,033,64148,3477,3458,9,3467,43
2021-05-05,Lassen,035,31185,5178,5143,106,5249,1
2021-05-05,Los Angeles,037,10098052,1202342,1193608,41269,1234877,23977
2021-05-05,Madera,039,155013,16517,16423,924,17347,235
2021-05-05,Marin,041,260295,14008,13950,249,14199,228
2021-05-05,Mariposa,043,17540,422,418,11,429,5
2021-05-05,Mendocino,045,87422,3870,3799,79,3878,46
2021-05-05,Merced,047,269075,30753,30844,1048,31892,444
2021-05-05,Modoc,049,8938,372,361,122,483,3
2021-05-05,Mono,051,14174,1250,1260,17,1277,3
2021-05-05,Monterey,053,433212,43020,42870,1858,44728,379
2021-05-05,Napa,055,140530,9828,9833,36,9869,81
2021-05-05,Nevada,057,99092,4745,4666,187,4853,70
2021-05-05,Orange,059,3164182,254544,253237,11296,264533,4978
2021-05-05,Placer,061,380077,22873,22362,1442,23804,287
2021-05-05,Plumas,063,18699,693,677,10,687,4
2021-05-05,Riverside,065,2383286,293024,287353,13956,301309,4414
2021-05-05,Sacramento,067,1510023,104258,103476,1699,105175,1607
2021-05-05,San Benito,069,59416,6032,6046,114,6160,63
2021-05-05,San Bernardino,071,2135413,292365,291008,8959,299967,4677
2021-05-05,San Diego,073,3302833,278678,277098,14630,291728,3716
2021-05-05,San Francisco,075,870044,36421,36577,1271,37848,543
2021-05-05,San Joaquin,077,732212,72377,71638,3480,75118,1345
2021-05-05,San Luis Obispo,079,281455,21218,20958,724,21682,256
2021-05-05,San Mateo,081,765935,42050,41755,465,42220,415
2021-05-05,Santa Barbara,083,443738,34269,34139,1135,35274,453
2021-05-05,Santa Clara,085,1922200,117960,118482,752,119234,1992
2021-05-05,Santa Cruz,087,273765,16149,16013,813,16826,207
2021-05-05,Shasta,089,179085,11974,11939,1502,13441,200
2021-05-05,Sierra,091,2930,56,54,12,66,0
2021-05-05,Siskiyou,093,43540,1813,1706,323,2029,11
2021-05-05,Solano,095,438530,32382,32250,525,32775,249
2021-05-05,Sonoma,097,501317,29739,29879,326,30205,318
2021-05-05,Stanislaus,099,539301,55553,55231,5867,61098,807
2021-05-05,Sutter,101,95872,9358,9387,83,9470,111
2021-05-05,Tehama,103,63373,4993,4968,562,5530,53
2021-05-05,Trinity,105,12862,482,326,87,413,3
2021-05-05,Tulare,107,460477,49903,48875,8927,57802,835
2021-05-05,Tuolumne,109,53932,3992,4040,38,4078,63
2021-05-05,Ventura,111,848112,81012,80372,2968,83340,1005
2021-05-05,Yolo,113,214977,13879,13846,289,14135,209
2021-05-05,Yuba,115,75493,5937,5895,121,6016,44
2021-05-04,Alameda,001,1643700,87134,86894,1928,88822,1277
2021-05-04,Alpine,003,1148,87,88,0,88,0
2021-05-04,Amador,005,37829,3650,3650,33,3683,46
2021-05-04,Butte,007,227075,12273,11883,1780,13663,198
2021-05-04,Calaveras,009,45235,2108,2100,13,2113,52
2021-05-04,Colusa,011,21464,1930,1933,297,2230,14
2021-05-04,Contra Costa,013,1133247,68536,67931,1243,69174,799
2021-05-04,Del Norte,015,27424,1359,1314,12,1326,6
2021-05-04,El Dorado,017,186661,10101,10009,723,10732,110
2021-05-04,Fresno,019,978130,102010,101451,8625,110076,1677
2021-05-04,Glenn,021,27897,2397,2379,545,2924,17
2021-05-04,Humboldt,023,135768,3918,3877,32,3909,36
2021-05-04,Imperial,025,180216,28382,28276,2714,30990,720
2021-05-04,Inyo,027,18085,1402,1399,13,1412,36
2021-05-04,Kern,029,883053,96760,95720,10717,106437,1301
2021-05-04,Kings,031,150075,23071,22822,1080,23902,246
2021-05-04,Lake,033,64148,3476,3454,9,3463,43
2021-05-04,Lassen,035,31185,5177,5142,106,5248,1
2021-05-04,Los Angeles,037,10098052,1202054,1193453,41257,1234710,23957
2021-05-04,Madera,039,155013,16516,16418,924,17342,235
2021-05-04,Marin,041,260295,14000,13935,249,14184,228
2021-05-04,Mariposa,043,17540,422,418,11,429,5
2021-05-04,Mendocino,045,87422,3865,3794,79,3873,46
2021-05-04,Merced,047,269075,30736,30829,1048,31877,444
2021-05-04,Modoc,049,8938,371,360,121,481,3
2021-05-04,Mono,051,14174,1250,1260,17,1277,3
2021-05-04,Monterey,053,433212,43008,42845,1857,44702,380
2021-05-04,Napa,055,140530,9819,9824,36,9860,81
2021-05-04,Nevada,057,99092,4738,4656,187,4843,70
2021-05-04,Orange,059,3164182,254476,253177,11286,264463,4977
2021-05-04,Placer,061,380077,22844,22326,1439,23765,287
2021-05-04,Plumas,063,18699,692,675,10,685,4
2021-05-04,Riverside,065,2383286,292940,287285,13949,301234,4411
2021-05-04,Sacramento,067,1510023,104129,103383,1694,105077,1604
2021-05-04,San Benito,069,59416,6031,6039,114,6153,63
2021-05-04,San Bernardino,071,2135413,292288,290934,8952,299886,4668
2021-05-04,San Diego,073,3302833,278511,276879,14613,291492,3713
2021-05-04,San Francisco,075,870044,36403,36550,1271,37821,541
2021-05-04,San Joaquin,077,732212,72316,71582,3475,75057,1342
2021-05-04,San Luis Obispo,079,281455,21212,20923,722,21645,255
2021-05-04,San Mateo,081,765935,42024,41708,465,42173,415
2021-05-04,Santa Barbara,083,443738,34253,34131,1134,35265,453
2021-05-04,Santa Clara,085,1922200,117897,118431,751,119182,1988
2021-05-04,Santa Cruz,087,273765,16143,16005,813,16818,207
2021-05-04,Shasta,089,179085,11954,11923,1496,13419,198
2021-05-04,Sierra,091,2930,56,54,12,66,0
2021-05-04,Siskiyou,093,43540,1806,1694,321,2015,11
2021-05-04,Solano,095,438530,32341,32220,523,32743,249
2021-05-04,Sonoma,097,501317,29719,29867,325,30192,318
2021-05-04,Stanislaus,099,539301,55497,55165,5864,61029,807
2021-05-04,Sutter,101,95872,9353,9375,83,9458,111
2021-05-04,Tehama,103,63373,4990,4959,561,5520,53
2021-05-04,Trinity,105,12862,482,326,87,413,3
2021-05-04,Tulare,107,460477,49876,48857,8918,57775,835
2021-05-04,Tuolumne,109,53932,3990,4041,38,4079,61
2021-05-04,Ventura,111,848112,80983,80351,2966,83317,1005
2021-05-04,Yolo,113,214977,13866,13820,287,14107,208
2021-05-04,Yuba,115,75493,5931,5891,121,6012,44
2021-05-03,Alameda,001,1643700,87058,86845,1922,88767,1272
2021-05-03,Alpine,003,1148,87,88,0,88,0
2021-05-03,Amador,005,37829,3650,3651,33,3684,46
2021-05-03,Butte,007,227075,12263,11864,1777,13641,198
2021-05-03,Calaveras,009,45235,2106,2099,13,2112,50
2021-05-03,Colusa,011,21464,1929,1931,295,2226,14
2021-05-03,Contra Costa,013,1133247,68477,67895,1239,69134,799
2021-05-03,Del Norte,015,27424,1354,1306,11,1317,6
2021-05-03,El Dorado,017,186661,10083,9984,718,10702,110
2021-05-03,Fresno,019,978130,101954,101405,8614,110019,1678
2021-05-03,Glenn,021,27897,2397,2375,544,2919,17
2021-05-03,Humboldt,023,135768,3903,3865,32,3897,36
2021-05-03,Imperial,025,180216,28360,28280,2711,30991,720
2021-05-03,Inyo,027,18085,1401,1398,13,1411,36
2021-05-03,Kern,029,883053,96723,95693,10705,106398,1299
2021-05-03,Kings,031,150075,23062,22821,1080,23901,246
2021-05-03,Lake,033,64148,3474,3446,9,3455,43
2021-05-03,Lassen,035,31185,5176,5142,106,5248,1
2021-05-03,Los Angeles,037,10098052,1201785,1193261,41231,1234492,23942
2021-05-03,Madera,039,155013,16511,16414,923,17337,235
2021-05-03,Marin,041,260295,13994,13927,249,14176,228
2021-05-03,Mariposa,043,17540,422,418,11,429,5
2021-05-03,Mendocino,045,87422,3858,3792,79,3871,46
2021-05-03,Merced,047,269075,30725,30814,1046,31860,444
2021-05-03,Modoc,049,8938,371,360,121,481,3
2021-05-03,Mono,051,14174,1250,1259,17,1276,3
2021-05-03,Monterey,053,433212,42996,42837,1855,44692,380
2021-05-03,Napa,055,140530,9814,9815,36,9851,81
2021-05-03,Nevada,057,99092,4730,4650,187,4837,70
2021-05-03,Orange,059,3164182,254417,253107,11277,264384,4968
2021-05-03,Placer,061,380077,22813,22289,1433,23722,287
2021-05-03,Plumas,063,18699,691,675,10,685,4
2021-05-03,Riverside,065,2383286,292866,287233,13948,301181,4412
2021-05-03,Sacramento,067,1510023,103976,103303,1684,104987,1602
2021-05-03,San Benito,069,59416,6030,6038,114,6152,63
2021-05-03,San Bernardino,071,2135413,292220,290886,8949,299835,4659
2021-05-03,San Diego,073,3302833,278348,276693,14588,291281,3712
2021-05-03,San Francisco,075,870044,36377,36538,1271,37809,541
2021-05-03,San Joaquin,077,732212,72266,71504,3472,74976,1325
2021-05-03,San Luis Obispo,079,281455,21196,20915,719,21634,254
2021-05-03,San Mateo,081,765935,42001,41689,464,42153,413
2021-05-03,Santa Barbara,083,443738,34241,34119,1134,35253,453
2021-05-03,Santa Clara,085,1922200,117843,118373,750,119123,1988
2021-05-03,Santa Cruz,087,273765,16140,16000,813,16813,207
2021-05-03,Shasta,089,179085,11931,11890,1491,13381,197
2021-05-03,Sierra,091,2930,56,54,12,66,0
2021-05-03,Siskiyou,093,43540,1800,1683,315,1998,11
2021-05-03,Solano,095,438530,32300,32201,522,32723,249
2021-05-03,Sonoma,097,501317,29707,29855,322,30177,318
2021-05-03,Stanislaus,099,539301,55431,55116,5855,60971,774
2021-05-03,Sutter,101,95872,9341,9370,83,9453,111
2021-05-03,Tehama,103,63373,4982,4952,561,5513,53
2021-05-03,Trinity,105,12862,482,326,87,413,3
2021-05-03,Tulare,107,460477,49859,48844,8908,57752,835
2021-05-03,Tuolumne,109,53932,3989,4038,38,4076,61
2021-05-03,Ventura,111,848112,80961,80291,2966,83257,1005
2021-05-03,Yolo,113,214977,13853,13809,285,14094,208
2021-05-03,Yuba,115,75493,5926,5880,121,6001,44
2021-05-02,Alameda,001,1643700,86973,86784,1921,88705,1272
2021-05-02,Alpine,003,1148,87,88,0,88,0
2021-05-02,Amador,005,37829,3650,3650,33,3683,46
2021-05-02,Butte,007,227075,12239,11859,1774,13633,198
2021-05-02,Calaveras,009,45235,2102,2098,13,2111,50
2021-05-02,Colusa,011,21464,1928,1931,294,2225,14
2021-05-02,Contra Costa,013,1133247,68392,67843,1237,69080,800
2021-05-02,Del Norte,015,27424,1347,1305,11,1316,6
2021-05-02,El Dorado,017,186661,10068,9962,717,10679,110
2021-05-02,Fresno,019,978130,101882,101372,8603,109975,1678
2021-05-02,Glenn,021,27897,2396,2374,542,2916,17
2021-05-02,Humboldt,023,135768,3891,3858,31,3889,36
2021-05-02,Imperial,025,180216,28326,28275,2702,30977,721
2021-05-02,Inyo,027,18085,1399,1398,13,1411,36
2021-05-02,Kern,029,883053,96665,95668,10698,106366,1299
2021-05-02,Kings,031,150075,23044,22816,1079,23895,246
2021-05-02,Lake,033,64148,3472,3443,9,3452,43
2021-05-02,Lassen,035,31185,5175,5142,105,5247,1
2021-05-02,Los Angeles,037,10098052,1201435,1193056,41208,1234264,23943
2021-05-02,Madera,039,155013,16505,16410,923,17333,235
2021-05-02,Marin,041,260295,13984,13917,249,14166,228
2021-05-02,Mariposa,043,17540,422,419,11,430,5
2021-05-02,Mendocino,045,87422,3853,3787,79,3866,46
2021-05-02,Merced,047,269075,30705,30793,1042,31835,444
2021-05-02,Modoc,049,8938,370,360,121,481,3
2021-05-02,Mono,051,14174,1249,1259,17,1276,3
2021-05-02,Monterey,053,433212,42982,42837,1854,44691,380
2021-05-02,Napa,055,140530,9810,9805,36,9841,81
2021-05-02,Nevada,057,99092,4714,4635,187,4822,70
2021-05-02,Orange,059,3164182,254343,253025,11263,264288,4968
2021-05-02,Placer,061,380077,22784,22264,1430,23694,287
2021-05-02,Plumas,063,18699,691,675,10,685,4
2021-05-02,Riverside,065,2383286,292766,287197,13938,301135,4412
2021-05-02,Sacramento,067,1510023,103836,103153,1677,104830,1602
2021-05-02,San Benito,069,59416,6025,6037,114,6151,63
2021-05-02,San Bernardino,071,2135413,292121,290859,8947,299806,4655
2021-05-02,San Diego,073,3302833,278152,276521,14561,291082,3712
2021-05-02,San Francisco,075,870044,36351,36522,1271,37793,541
2021-05-02,San Joaquin,077,732212,72202,71447,3465,74912,1325
2021-05-02,San Luis Obispo,079,281455,21175,20910,718,21628,254
2021-05-02,San Mateo,081,765935,41985,41656,463,42119,412
2021-05-02,Santa Barbara,083,443738,34227,34106,1134,35240,453
2021-05-02,Santa Clara,085,1922200,117769,118321,750,119071,1988
2021-05-02,Santa Cruz,087,273765,16135,15995,812,16807,207
2021-05-02,Shasta,089,179085,11915,11885,1483,13368,197
2021-05-02,Sierra,091,2930,56,54,12,66,0
2021-05-02,Siskiyou,093,43540,1789,1661,314,1975,11
2021-05-02,Solano,095,438530,32261,32151,518,32669,249
2021-05-02,Sonoma,097,501317,29685,29842,322,30164,318
2021-05-02,Stanislaus,099,539301,55357,55057,5848,60905,774
2021-05-02,Sutter,101,95872,9335,9363,83,9446,111
2021-05-02,Tehama,103,63373,4977,4950,559,5509,53
2021-05-02,Trinity,105,12862,482,326,87,413,3
2021-05-02,Tulare,107,460477,49841,48834,8900,57734,835
2021-05-02,Tuolumne,109,53932,3986,4038,38,4076,61
2021-05-02,Ventura,111,848112,80923,80284,2965,83249,1005
2021-05-02,Yolo,113,214977,13841,13799,284,14083,208
2021-05-02,Yuba,115,75493,5916,5879,121,6000,44
2021-05-01,Alameda,001,1643700,86930,86704,1918,88622,1270
2021-05-01,Alpine,003,1148,87,88,0,88,0
2021-05-01,Amador,005,37829,3650,3650,33,3683,46
2021-05-01,Butte,007,227075,12225,11845,1769,13614,198
2021-05-01,Calaveras,009,45235,2100,2096,13,2109,50
2021-05-01,Colusa,011,21464,1927,1931,294,2225,14
2021-05-01,Contra Costa,013,1133247,68340,67779,1234,69013,800
2021-05-01,Del Norte,015,27424,1346,1292,11,1303,6
2021-05-01,El Dorado,017,186661,10054,9944,715,10659,110
2021-05-01,Fresno,019,978130,101837,101326,8597,109923,1678
2021-05-01,Glenn,021,27897,2393,2369,541,2910,17
2021-05-01,Humboldt,023,135768,3877,3845,31,3876,36
2021-05-01,Imperial,025,180216,28319,28262,2702,30964,721
2021-05-01,Inyo,027,18085,1399,1397,13,1410,36
2021-05-01,Kern,029,883053,96638,95645,10687,106332,1299
2021-05-01,Kings,031,150075,23041,22797,1078,23875,246
2021-05-01,Lake,033,64148,3470,3441,9,3450,43
2021-05-01,Lassen,035,31185,5173,5142,105,5247,1
2021-05-01,Los Angeles,037,10098052,1201266,1192781,41193,1233974,23946
2021-05-01,Madera,039,155013,16501,16408,923,17331,235
2021-05-01,Marin,041,260295,13977,13902,249,14151,228
2021-05-01,Mariposa,043,17540,422,418,11,429,5
2021-05-01,Mendocino,045,87422,3851,3782,79,3861,46
2021-05-01,Merced,047,269075,30688,30771,1041,31812,444
2021-05-01,Modoc,049,8938,370,361,121,482,3
2021-05-01,Mono,051,14174,1249,1258,17,1275,3
2021-05-01,Monterey,053,433212,42976,42828,1854,44682,379
2021-05-01,Napa,055,140530,9807,9800,36,9836,81
2021-05-01,Nevada,057,99092,4709,4625,187,4812,70
2021-05-01,Orange,059,3164182,254300,252969,11252,264221,4964
2021-05-01,Placer,061,380077,22758,22240,1428,23668,287
2021-05-01,Plumas,063,18699,690,675,10,685,4
2021-05-01,Riverside,065,2383286,292727,287129,13936,301065,4412
2021-05-01,Sacramento,067,1510023,103755,103043,1676,104719,1602
2021-05-01,San Benito,069,59416,6022,6030,114,6144,63
2021-05-01,San Bernardino,071,2135413,292078,290802,8945,299747,4652
2021-05-01,San Diego,073,3302833,278028,276367,14540,290907,3706
2021-05-01,San Francisco,075,870044,36336,36496,1271,37767,541
2021-05-01,San Joaquin,077,732212,72153,71389,3463,74852,1325
2021-05-01,San Luis Obispo,079,281455,21170,20896,718,21614,254
2021-05-01,San Mateo,081,765935,41956,41617,462,42079,411
2021-05-01,Santa Barbara,083,443738,34222,34085,1133,35218,453
2021-05-01,Santa Clara,085,1922200,117717,118265,748,119013,1988
2021-05-01,Santa Cruz,087,273765,16132,15984,812,16796,207
2021-05-01,Shasta,089,179085,11895,11878,1475,13353,197
2021-05-01,Sierra,091,2930,56,53,12,65,0
2021-05-01,Siskiyou,093,43540,1781,1653,313,1966,11
2021-05-01,Solano,095,438530,32231,32124,510,32634,249
2021-05-01,Sonoma,097,501317,29682,29835,322,30157,318
2021-05-01,Stanislaus,099,539301,55322,55005,5842,60847,774
2021-05-01,Sutter,101,95872,9332,9358,83,9441,110
2021-05-01,Tehama,103,63373,4976,4950,558,5508,53
2021-05-01,Trinity,105,12862,482,326,86,412,3
2021-05-01,Tulare,107,460477,49834,48818,8894,57712,835
2021-05-01,Tuolumne,109,53932,3980,4035,38,4073,61
2021-05-01,Ventura,111,848112,80905,80268,2965,83233,1005
2021-05-01,Yolo,113,214977,13834,13784,282,14066,208
2021-05-01,Yuba,115,75493,5914,5875,121,5996,44
2021-04-30,Alameda,001,1643700,86869,86602,1915,88517,1268
2021-04-30,Alpine,003,1148,87,88,0,88,0
2021-04-30,Amador,005,37829,3648,3650,33,3683,46
2021-04-30,Butte,007,227075,12206,11812,1765,13577,197
2021-04-30,Calaveras,009,45235,2099,2087,13,2100,50
2021-04-30,Colusa,011,21464,1927,1931,293,2224,14
2021-04-30,Contra Costa,013,1133247,68292,67684,1231,68915,800
2021-04-30,Del Norte,015,27424,1334,1276,11,1287,6
2021-04-30,El Dorado,017,186661,10040,9906,715,10621,110
2021-04-30,Fresno,019,978130,101791,101263,8593,109856,1670
2021-04-30,Glenn,021,27897,2392,2369,541,2910,17
2021-04-30,Humboldt,023,135768,3864,3834,31,3865,36
2021-04-30,Imperial,025,180216,28310,28244,2699,30943,721
2021-04-30,Inyo,027,18085,1399,1397,13,1410,36
2021-04-30,Kern,029,883053,96621,95605,10683,106288,1298
2021-04-30,Kings,031,150075,23038,22793,1077,23870,246
2021-04-30,Lake,033,64148,3466,3440,9,3449,43
2021-04-30,Lassen,035,31185,5172,5140,105,5245,1
2021-04-30,Los Angeles,037,10098052,1201055,1192393,41180,1233573,23919
2021-04-30,Madera,039,155013,16495,16395,923,17318,235
2021-04-30,Marin,041,260295,13969,13895,247,14142,228
2021-04-30,Mariposa,043,17540,422,417,11,428,5
2021-04-30,Mendocino,045,87422,3847,3777,79,3856,46
2021-04-30,Merced,047,269075,30675,30740,1040,31780,444
2021-04-30,Modoc,049,8938,369,360,121,481,3
2021-04-30,Mono,051,14174,1249,1258,17,1275,3
2021-04-30,Monterey,053,433212,42962,42810,1853,44663,379
2021-04-30,Napa,055,140530,9803,9792,36,9828,81
2021-04-30,Nevada,057,99092,4701,4608,187,4795,70
2021-04-30,Orange,059,3164182,254243,252883,11246,264129,4956
2021-04-30,Placer,061,380077,22739,22190,1424,23614,287
2021-04-30,Plumas,063,18699,690,677,10,687,4
2021-04-30,Riverside,065,2383286,292669,287030,13929,300959,4412
2021-04-30,Sacramento,067,1510023,103654,102864,1672,104536,1596
2021-04-30,San Benito,069,59416,6018,6024,113,6137,63
2021-04-30,San Bernardino,071,2135413,292017,290704,8944,299648,4640
2021-04-30,San Diego,073,3302833,277932,276157,14529,290686,3702
2021-04-30,San Francisco,075,870044,36325,36453,1270,37723,538
2021-04-30,San Joaquin,077,732212,72101,71311,3460,74771,1306
2021-04-30,San Luis Obispo,079,281455,21164,20884,718,21602,255
2021-04-30,San Mateo,081,765935,41942,41583,461,42044,380
2021-04-30,Santa Barbara,083,443738,34209,34061,1133,35194,451
2021-04-30,Santa Clara,085,1922200,117659,118170,744,118914,1988
2021-04-30,Santa Cruz,087,273765,16127,15975,812,16787,207
2021-04-30,Shasta,089,179085,11874,11848,1472,13320,197
2021-04-30,Sierra,091,2930,56,53,12,65,0
2021-04-30,Siskiyou,093,43540,1770,1628,310,1938,11
2021-04-30,Solano,095,438530,32199,32050,507,32557,249
2021-04-30,Sonoma,097,501317,29672,29816,320,30136,318
2021-04-30,Stanislaus,099,539301,55271,54938,5839,60777,774
2021-04-30,Sutter,101,95872,9330,9353,83,9436,110
2021-04-30,Tehama,103,63373,4973,4944,558,5502,53
2021-04-30,Trinity,105,12862,482,326,86,412,3
2021-04-30,Tulare,107,460477,49824,48797,8878,57675,836
2021-04-30,Tuolumne,109,53932,3979,4033,38,4071,61
2021-04-30,Ventura,111,848112,80865,80232,2960,83192,1004
2021-04-30,Yolo,113,214977,13822,13756,282,14038,208
2021-04-30,Yuba,115,75493,5906,5870,121,5991,44
2021-04-29,Alameda,001,1643700,86803,86490,1914,88404,1263
2021-04-29,Alpine,003,1148,87,88,0,88,0
2021-04-29,Amador,005,37829,3648,3649,33,3682,46
2021-04-29,Butte,007,227075,12191,11787,1763,13550,196
2021-04-29,Calaveras,009,45235,2096,2082,13,2095,50
2021-04-29,Colusa,011,21464,1927,1929,293,2222,14
2021-04-29,Contra Costa,013,1133247,68237,67606,1228,68834,795
2021-04-29,Del Norte,015,27424,1330,1271,11,1282,6
2021-04-29,El Dorado,017,186661,10020,9884,712,10596,107
2021-04-29,Fresno,019,978130,101737,101189,8582,109771,1667
2021-04-29,Glenn,021,27897,2389,2369,541,2910,17
2021-04-29,Humboldt,023,135768,3850,3815,31,3846,36
2021-04-29,Imperial,025,180216,28298,28235,2698,30933,720
2021-04-29,Inyo,027,18085,1399,1396,13,1409,36
2021-04-29,Kern,029,883053,96588,95547,10679,106226,1295
2021-04-29,Kings,031,150075,23028,22777,1072,23849,245
2021-04-29,Lake,033,64148,3458,3438,9,3447,43
2021-04-29,Lassen,035,31185,5172,5140,105,5245,1
2021-04-29,Los Angeles,037,10098052,1200776,1192068,41160,1233228,23899
2021-04-29,Madera,039,155013,16490,16383,922,17305,235
2021-04-29,Marin,041,260295,13965,13884,239,14123,228
2021-04-29,Mariposa,043,17540,421,416,11,427,5
2021-04-29,Mendocino,045,87422,3841,3774,79,3853,46
2021-04-29,Merced,047,269075,30656,30706,1039,31745,444
2021-04-29,Modoc,049,8938,369,360,121,481,3
2021-04-29,Mono,051,14174,1246,1259,17,1276,3
2021-04-29,Monterey,053,433212,42945,42797,1852,44649,379
2021-04-29,Napa,055,140530,9789,9789,36,9825,81
2021-04-29,Nevada,057,99092,4690,4590,187,4777,70
2021-04-29,Orange,059,3164182,254173,252823,11231,264054,4934
2021-04-29,Placer,061,380077,22714,22161,1422,23583,286
2021-04-29,Plumas,063,18699,689,676,10,686,4
2021-04-29,Riverside,065,2383286,292601,286947,13926,300873,4409
2021-04-29,Sacramento,067,1510023,103521,102686,1662,104348,1593
2021-04-29,San Benito,069,59416,6017,6023,113,6136,63
2021-04-29,San Bernardino,071,2135413,291945,290606,8939,299545,4609
2021-04-29,San Diego,073,3302833,277781,275961,14512,290473,3700
2021-04-29,San Francisco,075,870044,36299,36412,1270,37682,537
2021-04-29,San Joaquin,077,732212,72035,71225,3455,74680,1301
2021-04-29,San Luis Obispo,079,281455,21153,20876,718,21594,255
2021-04-29,San Mateo,081,765935,41914,41538,460,41998,358
2021-04-29,Santa Barbara,083,443738,34193,34039,1131,35170,448
2021-04-29,Santa Clara,085,1922200,117604,118082,741,118823,1984
2021-04-29,Santa Cruz,087,273765,16121,15961,812,16773,205
2021-04-29,Shasta,089,179085,11843,11836,1464,13300,193
2021-04-29,Sierra,091,2930,56,53,12,65,0
2021-04-29,Siskiyou,093,43540,1761,1615,307,1922,11
2021-04-29,Solano,095,438530,32158,32002,503,32505,248
2021-04-29,Sonoma,097,501317,29657,29785,317,30102,318
2021-04-29,Stanislaus,099,539301,55204,54836,5834,60670,774
2021-04-29,Sutter,101,95872,9323,9346,83,9429,110
2021-04-29,Tehama,103,63373,4965,4939,558,5497,53
2021-04-29,Trinity,105,12862,482,326,86,412,3
2021-04-29,Tulare,107,460477,49806,48785,8866,57651,832
2021-04-29,Tuolumne,109,53932,3978,4030,38,4068,58
2021-04-29,Ventura,111,848112,80831,80188,2958,83146,1002
2021-04-29,Yolo,113,214977,13802,13745,281,14026,205
2021-04-29,Yuba,115,75493,5896,5865,121,5986,44
2021-04-28,Alameda,001,1643700,86731,86390,1910,88300,1260
2021-04-28,Alpine,003,1148,87,88,0,88,0
2021-04-28,Amador,005,37829,3648,3646,33,3679,46
2021-04-28,Butte,007,227075,12171,11762,1758,13520,196
2021-04-28,Calaveras,009,45235,2092,2078,12,2090,50
2021-04-28,Colusa,011,21464,1924,1927,292,2219,14
2021-04-28,Contra Costa,013,1133247,68177,67539,1226,68765,795
2021-04-28,Del Norte,015,27424,1322,1267,11,1278,6
2021-04-28,El Dorado,017,186661,9995,9873,712,10585,107
2021-04-28,Fresno,019,978130,101690,101161,8572,109733,1666
2021-04-28,Glenn,021,27897,2386,2368,541,2909,17
2021-04-28,Humboldt,023,135768,3834,3796,31,3827,36
2021-04-28,Imperial,025,180216,28284,28177,2697,30874,720
2021-04-28,Inyo,027,18085,1399,1396,12,1408,36
2021-04-28,Kern,029,883053,96559,95494,10670,106164,1295
2021-04-28,Kings,031,150075,23016,22767,1070,23837,245
2021-04-28,Lake,033,64148,3455,3433,9,3442,43
2021-04-28,Lassen,035,31185,5172,5138,105,5243,1
2021-04-28,Los Angeles,037,10098052,1200477,1191729,41133,1232862,23858
2021-04-28,Madera,039,155013,16486,16372,922,17294,235
2021-04-28,Marin,041,260295,13954,13866,239,14105,227
2021-04-28,Mariposa,043,17540,418,415,11,426,5
2021-04-28,Mendocino,045,87422,3835,3770,77,3847,46
2021-04-28,Merced,047,269075,30638,30649,1039,31688,443
2021-04-28,Modoc,049,8938,369,360,121,481,3
2021-04-28,Mono,051,14174,1246,1258,17,1275,3
2021-04-28,Monterey,053,433212,42940,42776,1852,44628,379
2021-04-28,Napa,055,140530,9778,9777,36,9813,81
2021-04-28,Nevada,057,99092,4670,4570,187,4757,70
2021-04-28,Orange,059,3164182,254093,252747,11218,263965,4931
2021-04-28,Placer,061,380077,22687,22115,1421,23536,285
2021-04-28,Plumas,063,18699,689,676,10,686,4
2021-04-28,Riverside,065,2383286,292545,286868,13920,300788,4407
2021-04-28,Sacramento,067,1510023,103399,102613,1658,104271,1591
2021-04-28,San Benito,069,59416,6015,6021,113,6134,63
2021-04-28,San Bernardino,071,2135413,291865,290548,8929,299477,4582
2021-04-28,San Diego,073,3302833,277627,275821,14498,290319,3698
2021-04-28,San Francisco,075,870044,36269,36382,1269,37651,534
2021-04-28,San Joaquin,077,732212,71955,71171,3447,74618,1301
2021-04-28,San Luis Obispo,079,281455,21145,20851,718,21569,255
2021-04-28,San Mateo,081,765935,41889,41498,458,41956,358
2021-04-28,Santa Barbara,083,443738,34179,34003,1131,35134,448
2021-04-28,Santa Clara,085,1922200,117535,117997,739,118736,1969
2021-04-28,Santa Cruz,087,273765,16117,15943,811,16754,205
2021-04-28,Shasta,089,179085,11827,11815,1457,13272,192
2021-04-28,Sierra,091,2930,56,51,12,63,0
2021-04-28,Siskiyou,093,43540,1748,1603,304,1907,11
2021-04-28,Solano,095,438530,32126,31982,498,32480,248
2021-04-28,Sonoma,097,501317,29643,29773,313,30086,318
2021-04-28,Stanislaus,099,539301,55149,54745,5831,60576,774
2021-04-28,Sutter,101,95872,9318,9343,83,9426,110
2021-04-28,Tehama,103,63373,4960,4930,557,5487,53
2021-04-28,Trinity,105,12862,482,326,86,412,3
2021-04-28,Tulare,107,460477,49788,48754,8851,57605,832
2021-04-28,Tuolumne,109,53932,3975,4029,38,4067,58
2021-04-28,Ventura,111,848112,80796,80172,2956,83128,1000
2021-04-28,Yolo,113,214977,13788,13721,280,14001,205
2021-04-28,Yuba,115,75493,5890,5857,121,5978,44
2021-04-27,Alameda,001,1643700,86641,86301,1904,88205,1260
2021-04-27,Alpine,003,1148,87,88,0,88,0
2021-04-27,Amador,005,37829,3648,3645,33,3678,46
2021-04-27,Butte,007,227075,12146,11738,1752,13490,196
2021-04-27,Calaveras,009,45235,2090,2076,12,2088,50
2021-04-27,Colusa,011,21464,1923,1926,292,2218,14
2021-04-27,Contra Costa,013,1133247,68108,67470,1222,68692,791
2021-04-27,Del Norte,015,27424,1310,1266,11,1277,6
2021-04-27,El Dorado,017,186661,9966,9866,709,10575,106
2021-04-27,Fresno,019,978130,101625,101138,8562,109700,1663
2021-04-27,Glenn,021,27897,2386,2368,541,2909,17
2021-04-27,Humboldt,023,135768,3822,3780,31,3811,35
2021-04-27,Imperial,025,180216,28268,28149,2691,30840,720
2021-04-27,Inyo,027,18085,1399,1396,12,1408,36
2021-04-27,Kern,029,883053,96502,95466,10659,106125,1295
2021-04-27,Kings,031,150075,23001,22759,1068,23827,244
2021-04-27,Lake,033,64148,3454,3431,9,3440,43
2021-04-27,Lassen,035,31185,5172,5137,105,5242,1
2021-04-27,Los Angeles,037,10098052,1200153,1191504,41103,1232607,23825
2021-04-27,Madera,039,155013,16479,16365,922,17287,235
2021-04-27,Marin,041,260295,13932,13855,239,14094,227
2021-04-27,Mariposa,043,17540,417,413,11,424,5
2021-04-27,Mendocino,045,87422,3831,3765,77,3842,46
2021-04-27,Merced,047,269075,30597,30620,1039,31659,443
2021-04-27,Modoc,049,8938,368,360,121,481,3
2021-04-27,Mono,051,14174,1246,1257,17,1274,3
2021-04-27,Monterey,053,433212,42922,42752,1849,44601,379
2021-04-27,Napa,055,140530,9771,9774,34,9808,81
2021-04-27,Nevada,057,99092,4655,4557,187,4744,70
2021-04-27,Orange,059,3164182,254023,252667,11213,263880,4925
2021-04-27,Placer,061,380077,22658,22050,1417,23467,285
2021-04-27,Plumas,063,18699,688,675,10,685,4
2021-04-27,Riverside,065,2383286,292469,286820,13916,300736,4405
2021-04-27,Sacramento,067,1510023,103270,102595,1648,104243,1589
2021-04-27,San Benito,069,59416,6010,6016,113,6129,63
2021-04-27,San Bernardino,071,2135413,291797,290461,8924,299385,4575
2021-04-27,San Diego,073,3302833,277470,275685,14478,290163,3692
2021-04-27,San Francisco,075,870044,36241,36358,1268,37626,533
2021-04-27,San Joaquin,077,732212,71902,71104,3441,74545,1301
2021-04-27,San Luis Obispo,079,281455,21138,20841,718,21559,255
2021-04-27,San Mateo,081,765935,41854,41474,457,41931,358
2021-04-27,Santa Barbara,083,443738,34155,33973,1130,35103,448
2021-04-27,Santa Clara,085,1922200,117485,117945,738,118683,1969
2021-04-27,Santa Cruz,087,273765,16110,15905,810,16715,205
2021-04-27,Shasta,089,179085,11799,11802,1450,13252,192
2021-04-27,Sierra,091,2930,56,51,12,63,0
2021-04-27,Siskiyou,093,43540,1733,1597,303,1900,11
2021-04-27,Solano,095,438530,32078,31964,497,32461,248
2021-04-27,Sonoma,097,501317,29625,29761,312,30073,318
2021-04-27,Stanislaus,099,539301,55079,54695,5823,60518,752
2021-04-27,Sutter,101,95872,9313,9342,83,9425,110
2021-04-27,Tehama,103,63373,4957,4922,553,5475,53
2021-04-27,Trinity,105,12862,482,326,86,412,3
2021-04-27,Tulare,107,460477,49772,48744,8842,57586,832
2021-04-27,Tuolumne,109,53932,3972,4028,38,4066,58
2021-04-27,Ventura,111,848112,80767,80152,2954,83106,1000
2021-04-27,Yolo,113,214977,13775,13697,278,13975,205
2021-04-27,Yuba,115,75493,5890,5853,121,5974,44
2021-04-26,Alameda,001,1643700,86547,86230,1901,88131,1256
2021-04-26,Alpine,003,1148,87,88,0,88,0
2021-04-26,Amador,005,37829,3647,3645,33,3678,46
2021-04-26,Butte,007,227075,12122,11720,1748,13468,196
2021-04-26,Calaveras,009,45235,2084,2074,12,2086,50
2021-04-26,Colusa,011,21464,1923,1925,291,2216,14
2021-04-26,Contra Costa,013,1133247,68041,67392,1218,68610,789
2021-04-26,Del Norte,015,27424,1301,1263,11,1274,6
2021-04-26,El Dorado,017,186661,9945,9849,708,10557,106
2021-04-26,Fresno,019,978130,101570,101099,8548,109647,1662
2021-04-26,Glenn,021,27897,2384,2367,541,2908,17
2021-04-26,Humboldt,023,135768,3812,3764,30,3794,35
2021-04-26,Imperial,025,180216,28255,28148,2688,30836,720
2021-04-26,Inyo,027,18085,1398,1396,12,1408,36
2021-04-26,Kern,029,883053,96475,95429,10653,106082,1295
2021-04-26,Kings,031,150075,22998,22756,1065,23821,244
2021-04-26,Lake,033,64148,3449,3428,9,3437,43
2021-04-26,Lassen,035,31185,5172,5138,105,5243,1
2021-04-26,Los Angeles,037,10098052,1199823,1191253,41084,1232337,23802
2021-04-26,Madera,039,155013,16467,16353,921,17274,231
2021-04-26,Marin,041,260295,13917,13849,239,14088,227
2021-04-26,Mariposa,043,17540,416,410,11,421,5
2021-04-26,Mendocino,045,87422,3829,3757,76,3833,46
2021-04-26,Merced,047,269075,30580,30611,1036,31647,443
2021-04-26,Modoc,049,8938,368,360,121,481,3
2021-04-26,Mono,051,14174,1246,1258,17,1275,3
2021-04-26,Monterey,053,433212,42906,42740,1848,44588,379
2021-04-26,Napa,055,140530,9759,9769,34,9803,79
2021-04-26,Nevada,057,99092,4634,4548,187,4735,70
2021-04-26,Orange,059,3164182,253939,252592,11202,263794,4919
2021-04-26,Placer,061,380077,22630,22032,1412,23444,285
2021-04-26,Plumas,063,18699,688,670,10,680,4
2021-04-26,Riverside,065,2383286,292407,286724,13908,300632,4401
2021-04-26,Sacramento,067,1510023,103098,102459,1635,104094,1587
2021-04-26,San Benito,069,59416,6008,6013,113,6126,63
2021-04-26,San Bernardino,071,2135413,291746,290394,8923,299317,4572
2021-04-26,San Diego,073,3302833,277295,275541,14450,289991,3692
2021-04-26,San Francisco,075,870044,36213,36330,1267,37597,532
2021-04-26,San Joaquin,077,732212,71836,71050,3433,74483,1301
2021-04-26,San Luis Obispo,079,281455,21130,20830,717,21547,255
2021-04-26,San Mateo,081,765935,41824,41457,457,41914,357
2021-04-26,Santa Barbara,083,443738,34124,33948,1130,35078,448
2021-04-26,Santa Clara,085,1922200,117385,117874,735,118609,1968
2021-04-26,Santa Cruz,087,273765,16101,15877,810,16687,205
2021-04-26,Shasta,089,179085,11782,11787,1444,13231,192
2021-04-26,Sierra,091,2930,55,51,12,63,0
2021-04-26,Siskiyou,093,43540,1723,1592,300,1892,11
2021-04-26,Solano,095,438530,32033,31913,495,32408,247
2021-04-26,Sonoma,097,501317,29602,29755,310,30065,318
2021-04-26,Stanislaus,099,539301,54989,54638,5817,60455,744
2021-04-26,Sutter,101,95872,9308,9328,83,9411,110
2021-04-26,Tehama,103,63373,4952,4920,550,5470,53
2021-04-26,Trinity,105,12862,482,326,86,412,3
2021-04-26,Tulare,107,460477,49752,48735,8833,57568,831
2021-04-26,Tuolumne,109,53932,3971,4024,38,4062,58
2021-04-26,Ventura,111,848112,80742,80137,2951,83088,999
2021-04-26,Yolo,113,214977,13755,13684,275,13959,205
2021-04-26,Yuba,115,75493,5888,5851,121,5972,44
2021-04-25,Alameda,001,1643700,86445,86162,1894,88056,1256
2021-04-25,Alpine,003,1148,87,87,0,87,0
2021-04-25,Amador,005,37829,3646,3643,33,3676,46
2021-04-25,Butte,007,227075,12093,11709,1741,13450,196
2021-04-25,Calaveras,009,45235,2079,2072,11,2083,50
2021-04-25,Colusa,011,21464,1922,1924,291,2215,14
2021-04-25,Contra Costa,013,1133247,67949,67316,1217,68533,789
2021-04-25,Del Norte,015,27424,1295,1259,11,1270,6
2021-04-25,El Dorado,017,186661,9929,9837,706,10543,106
2021-04-25,Fresno,019,978130,101511,101061,8536,109597,1662
2021-04-25,Glenn,021,27897,2384,2366,541,2907,17
2021-04-25,Humboldt,023,135768,3799,3751,30,3781,35
2021-04-25,Imperial,025,180216,28229,28136,2685,30821,720
2021-04-25,Inyo,027,18085,1398,1396,12,1408,36
2021-04-25,Kern,029,883053,96409,95398,10640,106038,1295
2021-04-25,Kings,031,150075,22984,22755,1063,23818,244
2021-04-25,Lake,033,64148,3447,3427,9,3436,43
2021-04-25,Lassen,035,31185,5170,5138,105,5243,1
2021-04-25,Los Angeles,037,10098052,1199486,1190970,41064,1232034,23799
2021-04-25,Madera,039,155013,16455,16346,921,17267,231
2021-04-25,Marin,041,260295,13908,13852,239,14091,227
2021-04-25,Mariposa,043,17540,416,410,11,421,5
2021-04-25,Mendocino,045,87422,3822,3757,76,3833,46
2021-04-25,Merced,047,269075,30546,30586,1035,31621,443
2021-04-25,Modoc,049,8938,368,360,121,481,3
2021-04-25,Mono,051,14174,1246,1257,17,1274,3
2021-04-25,Monterey,053,433212,42893,42737,1846,44583,379
2021-04-25,Napa,055,140530,9754,9762,34,9796,79
2021-04-25,Nevada,057,99092,4622,4536,187,4723,70
2021-04-25,Orange,059,3164182,253863,252531,11195,263726,4919
2021-04-25,Placer,061,380077,22584,22011,1404,23415,285
2021-04-25,Plumas,063,18699,687,670,10,680,4
2021-04-25,Riverside,065,2383286,292313,286651,13902,300553,4401
2021-04-25,Sacramento,067,1510023,102930,102319,1625,103944,1587
2021-04-25,San Benito,069,59416,6006,6014,112,6126,63
2021-04-25,San Bernardino,071,2135413,291671,290357,8915,299272,4571
2021-04-25,San Diego,073,3302833,277082,275412,14417,289829,3692
2021-04-25,San Francisco,075,870044,36182,36310,1267,37577,532
2021-04-25,San Joaquin,077,732212,71741,70987,3423,74410,1301
2021-04-25,San Luis Obispo,079,281455,21111,20820,715,21535,255
2021-04-25,San Mateo,081,765935,41789,41465,456,41921,356
2021-04-25,Santa Barbara,083,443738,34098,33931,1130,35061,448
2021-04-25,Santa Clara,085,1922200,117306,117778,733,118511,1968
2021-04-25,Santa Cruz,087,273765,16095,15868,808,16676,205
2021-04-25,Shasta,089,179085,11759,11784,1439,13223,192
2021-04-25,Sierra,091,2930,55,51,12,63,0
2021-04-25,Siskiyou,093,43540,1712,1580,298,1878,11
2021-04-25,Solano,095,438530,31986,31864,487,32351,247
2021-04-25,Sonoma,097,501317,29584,29756,310,30066,318
2021-04-25,Stanislaus,099,539301,54893,54543,5809,60352,744
2021-04-25,Sutter,101,95872,9302,9326,83,9409,110
2021-04-25,Tehama,103,63373,4948,4916,548,5464,53
2021-04-25,Trinity,105,12862,482,326,86,412,3
2021-04-25,Tulare,107,460477,49736,48728,8819,57547,831
2021-04-25,Tuolumne,109,53932,3969,4022,38,4060,58
2021-04-25,Ventura,111,848112,80718,80110,2951,83061,999
2021-04-25,Yolo,113,214977,13730,13667,273,13940,205
2021-04-25,Yuba,115,75493,5885,5849,120,5969,44
2021-04-24,Alameda,001,1643700,86391,86016,1892,87908,1257
2021-04-24,Alpine,003,1148,87,86,0,86,0
2021-04-24,Amador,005,37829,3645,3640,33,3673,46
2021-04-24,Butte,007,227075,12077,11678,1739,13417,196
2021-04-24,Calaveras,009,45235,2075,2067,11,2078,50
2021-04-24,Colusa,011,21464,1921,1921,291,2212,14
2021-04-24,Contra Costa,013,1133247,67879,67222,1215,68437,789
2021-04-24,Del Norte,015,27424,1290,1255,11,1266,6
2021-04-24,El Dorado,017,186661,9918,9814,705,10519,106
2021-04-24,Fresno,019,978130,101480,100991,8530,109521,1662
2021-04-24,Glenn,021,27897,2384,2363,541,2904,17
2021-04-24,Humboldt,023,135768,3785,3722,30,3752,35
2021-04-24,Imperial,025,180216,28222,28124,2684,30808,720
2021-04-24,Inyo,027,18085,1397,1396,12,1408,36
2021-04-24,Kern,029,883053,96390,95365,10630,105995,1295
2021-04-24,Kings,031,150075,22981,22749,1063,23812,244
2021-04-24,Lake,033,64148,3446,3426,9,3435,43
2021-04-24,Lassen,035,31185,5169,5137,105,5242,1
2021-04-24,Los Angeles,037,10098052,1199257,1190603,41048,1231651,23802
2021-04-24,Madera,039,155013,16452,16338,921,17259,231
2021-04-24,Marin,041,260295,13900,13847,239,14086,227
2021-04-24,Mariposa,043,17540,416,409,11,420,5
2021-04-24,Mendocino,045,87422,3820,3754,74,3828,46
2021-04-24,Merced,047,269075,30526,30559,1035,31594,443
2021-04-24,Modoc,049,8938,368,360,121,481,3
2021-04-24,Mono,051,14174,1246,1256,17,1273,3
2021-04-24,Monterey,053,433212,42881,42727,1845,44572,379
2021-04-24,Napa,055,140530,9748,9756,34,9790,79
2021-04-24,Nevada,057,99092,4615,4522,187,4709,70
2021-04-24,Orange,059,3164182,253819,252441,11189,263630,4910
2021-04-24,Placer,061,380077,22571,21983,1403,23386,285
2021-04-24,Plumas,063,18699,686,670,10,680,4
2021-04-24,Riverside,065,2383286,292245,286552,13898,300450,4400
2021-04-24,Sacramento,067,1510023,102847,102179,1618,103797,1587
2021-04-24,San Benito,069,59416,6004,6007,112,6119,63
2021-04-24,San Bernardino,071,2135413,291622,290264,8914,299178,4568
2021-04-24,San Diego,073,3302833,276979,275252,14397,289649,3688
2021-04-24,San Francisco,075,870044,36153,36285,1263,37548,532
2021-04-24,San Joaquin,077,732212,71698,70911,3420,74331,1301
2021-04-24,San Luis Obispo,079,281455,21101,20797,714,21511,255
2021-04-24,San Mateo,081,765935,41776,41424,454,41878,355
2021-04-24,Santa Barbara,083,443738,34083,33911,1129,35040,448
2021-04-24,Santa Clara,085,1922200,117251,117674,731,118405,1968
2021-04-24,Santa Cruz,087,273765,16087,15840,808,16648,205
2021-04-24,Shasta,089,179085,11741,11770,1436,13206,192
2021-04-24,Sierra,091,2930,55,51,12,63,0
2021-04-24,Siskiyou,093,43540,1702,1574,297,1871,11
2021-04-24,Solano,095,438530,31963,31821,484,32305,247
2021-04-24,Sonoma,097,501317,29582,29739,310,30049,318
2021-04-24,Stanislaus,099,539301,54844,54455,5806,60261,744
2021-04-24,Sutter,101,95872,9299,9316,83,9399,110
2021-04-24,Tehama,103,63373,4943,4907,548,5455,53
2021-04-24,Trinity,105,12862,482,326,86,412,3
2021-04-24,Tulare,107,460477,49725,48705,8809,57514,830
2021-04-24,Tuolumne,109,53932,3965,4020,38,4058,58
2021-04-24,Ventura,111,848112,80705,80097,2949,83046,999
2021-04-24,Yolo,113,214977,13719,13653,273,13926,205
2021-04-24,Yuba,115,75493,5883,5837,120,5957,44
2021-04-23,Alameda,001,1643700,86317,85935,1889,87824,1256
2021-04-23,Alpine,003,1148,86,86,0,86,0
2021-04-23,Amador,005,37829,3644,3637,33,3670,46
2021-04-23,Butte,007,227075,12056,11672,1734,13406,196
2021-04-23,Calaveras,009,45235,2072,2064,11,2075,50
2021-04-23,Colusa,011,21464,1920,1921,291,2212,14
2021-04-23,Contra Costa,013,1133247,67825,67164,1213,68377,785
2021-04-23,Del Norte,015,27424,1289,1254,11,1265,6
2021-04-23,El Dorado,017,186661,9901,9788,702,10490,106
2021-04-23,Fresno,019,978130,101439,100928,8524,109452,1662
2021-04-23,Glenn,021,27897,2384,2361,540,2901,17
2021-04-23,Humboldt,023,135768,3775,3698,30,3728,35
2021-04-23,Imperial,025,180216,28207,28108,2683,30791,720
2021-04-23,Inyo,027,18085,1397,1395,12,1407,36
2021-04-23,Kern,029,883053,96365,95330,10624,105954,1295
2021-04-23,Kings,031,150075,22978,22735,1063,23798,244
2021-04-23,Lake,033,64148,3444,3425,9,3434,43
2021-04-23,Lassen,035,31185,5169,5141,105,5246,1
2021-04-23,Los Angeles,037,10098052,1198992,1190264,41023,1231287,23785
2021-04-23,Madera,039,155013,16443,16328,921,17249,231
2021-04-23,Marin,041,260295,13895,13838,239,14077,227
2021-04-23,Mariposa,043,17540,415,405,11,416,5
2021-04-23,Mendocino,045,87422,3818,3745,73,3818,46
2021-04-23,Merced,047,269075,30509,30530,1034,31564,443
2021-04-23,Modoc,049,8938,368,360,121,481,3
2021-04-23,Mono,051,14174,1244,1256,17,1273,3
2021-04-23,Monterey,053,433212,42875,42722,1845,44567,377
2021-04-23,Napa,055,140530,9743,9752,34,9786,79
2021-04-23,Nevada,057,99092,4606,4510,187,4697,70
2021-04-23,Orange,059,3164182,253775,252399,11182,263581,4904
2021-04-23,Placer,061,380077,22548,21959,1402,23361,282
2021-04-23,Plumas,063,18699,685,670,10,680,4
2021-04-23,Riverside,065,2383286,292186,286456,13893,300349,4399
2021-04-23,Sacramento,067,1510023,102760,102041,1615,103656,1586
2021-04-23,San Benito,069,59416,6002,6005,112,6117,63
2021-04-23,San Bernardino,071,2135413,291571,290189,8913,299102,4568
2021-04-23,San Diego,073,3302833,276840,275097,14374,289471,3684
2021-04-23,San Francisco,075,870044,36137,36252,1262,37514,532
2021-04-23,San Joaquin,077,732212,71642,70840,3417,74257,1295
2021-04-23,San Luis Obispo,079,281455,21092,20781,713,21494,255
2021-04-23,San Mateo,081,765935,41750,41386,454,41840,355
2021-04-23,Santa Barbara,083,443738,34073,33895,1127,35022,447
2021-04-23,Santa Clara,085,1922200,117189,117593,730,118323,1965
2021-04-23,Santa Cruz,087,273765,16080,15802,808,16610,205
2021-04-23,Shasta,089,179085,11734,11759,1435,13194,192
2021-04-23,Sierra,091,2930,55,51,12,63,0
2021-04-23,Siskiyou,093,43540,1690,1567,296,1863,11
2021-04-23,Solano,095,438530,31931,31784,480,32264,247
2021-04-23,Sonoma,097,501317,29568,29727,310,30037,318
2021-04-23,Stanislaus,099,539301,54782,54391,5798,60189,744
2021-04-23,Sutter,101,95872,9297,9312,83,9395,110
2021-04-23,Tehama,103,63373,4940,4906,548,5454,53
2021-04-23,Trinity,105,12862,482,326,86,412,3
2021-04-23,Tulare,107,460477,49708,48694,8801,57495,829
2021-04-23,Tuolumne,109,53932,3964,4020,38,4058,58
2021-04-23,Ventura,111,848112,80686,80095,2949,83044,996
2021-04-23,Yolo,113,214977,13708,13647,272,13919,205
2021-04-23,Yuba,115,75493,5880,5828,120,5948,44
2021-04-22,Alameda,001,1643700,86227,85829,1888,87717,1253
2021-04-22,Alpine,003,1148,86,86,0,86,0
2021-04-22,Amador,005,37829,3643,3633,33,3666,46
2021-04-22,Butte,007,227075,12042,11656,1731,13387,196
2021-04-22,Calaveras,009,45235,2070,2059,11,2070,50
2021-04-22,Colusa,011,21464,1918,1920,289,2209,14
2021-04-22,Contra Costa,013,1133247,67753,67029,1208,68237,782
2021-04-22,Del Norte,015,27424,1284,1252,11,1263,6
2021-04-22,El Dorado,017,186661,9890,9773,699,10472,106
2021-04-22,Fresno,019,978130,101394,100864,8513,109377,1657
2021-04-22,Glenn,021,27897,2383,2361,540,2901,17
2021-04-22,Humboldt,023,135768,3766,3680,30,3710,35
2021-04-22,Imperial,025,180216,28186,28096,2680,30776,720
2021-04-22,Inyo,027,18085,1396,1394,12,1406,36
2021-04-22,Kern,029,883053,96322,95292,10608,105900,1299
2021-04-22,Kings,031,150075,22968,22725,1063,23788,243
2021-04-22,Lake,033,64148,3442,3423,9,3432,43
2021-04-22,Lassen,035,31185,5169,5155,105,5260,1
2021-04-22,Los Angeles,037,10098052,1198671,1189878,41002,1230880,23762
2021-04-22,Madera,039,155013,16424,16316,921,17237,231
2021-04-22,Marin,041,260295,13887,13832,239,14071,227
2021-04-22,Mariposa,043,17540,414,403,11,414,5
2021-04-22,Mendocino,045,87422,3812,3729,73,3802,46
2021-04-22,Merced,047,269075,30474,30490,1033,31523,443
2021-04-22,Modoc,049,8938,368,360,121,481,3
2021-04-22,Mono,051,14174,1244,1254,17,1271,3
2021-04-22,Monterey,053,433212,42868,42708,1843,44551,377
2021-04-22,Napa,055,140530,9733,9734,34,9768,79
2021-04-22,Nevada,057,99092,4596,4504,185,4689,70
2021-04-22,Orange,059,3164182,253702,252307,11169,263476,4898
2021-04-22,Placer,061,380077,22516,21916,1398,23314,282
2021-04-22,Plumas,063,18699,684,670,10,680,4
2021-04-22,Riverside,065,2383286,292087,286362,13884,300246,4398
2021-04-22,Sacramento,067,1510023,102611,101870,1606,103476,1585
2021-04-22,San Benito,069,59416,5998,5998,112,6110,63
2021-04-22,San Bernardino,071,2135413,291500,290125,8904,299029,4571
2021-04-22,San Diego,073,3302833,276674,275913,14352,290265,3684
2021-04-22,San Francisco,075,870044,36114,36218,1259,37477,532
2021-04-22,San Joaquin,077,732212,71583,70751,3410,74161,1295
2021-04-22,San Luis Obispo,079,281455,21078,20761,713,21474,255
2021-04-22,San Mateo,081,765935,41724,41345,452,41797,355
2021-04-22,Santa Barbara,083,443738,34050,33870,1126,34996,446
2021-04-22,Santa Clara,085,1922200,117101,117457,726,118183,1954
2021-04-22,Santa Cruz,087,273765,16077,15737,807,16544,205
2021-04-22,Shasta,089,179085,11719,11738,1433,13171,192
2021-04-22,Sierra,091,2930,55,51,12,63,0
2021-04-22,Siskiyou,093,43540,1686,1564,295,1859,11
2021-04-22,Solano,095,438530,31885,31731,477,32208,247
2021-04-22,Sonoma,097,501317,29553,29705,306,30011,318
2021-04-22,Stanislaus,099,539301,54709,54313,5792,60105,744
2021-04-22,Sutter,101,95872,9293,9302,83,9385,110
2021-04-22,Tehama,103,63373,4934,4896,544,5440,53
2021-04-22,Trinity,105,12862,482,326,86,412,3
2021-04-22,Tulare,107,460477,49688,48669,8792,57461,828
2021-04-22,Tuolumne,109,53932,3960,4020,38,4058,58
2021-04-22,Ventura,111,848112,80660,80073,2947,83020,996
2021-04-22,Yolo,113,214977,13687,13616,272,13888,205
2021-04-22,Yuba,115,75493,5870,5825,120,5945,44
2021-04-21,Alameda,001,1643700,86148,85762,1886,87648,1249
2021-04-21,Alpine,003,1148,86,86,0,86,0
2021-04-21,Amador,005,37829,3640,3632,33,3665,46
2021-04-21,Butte,007,227075,12022,11643,1729,13372,196
2021-04-21,Calaveras,009,45235,2062,2057,11,2068,50
2021-04-21,Colusa,011,21464,1916,1920,288,2208,14
2021-04-21,Contra Costa,013,1133247,67687,66981,1207,68188,782
2021-04-21,Del Norte,015,27424,1280,1252,11,1263,6
2021-04-21,El Dorado,017,186661,9873,9760,696,10456,106
2021-04-21,Fresno,019,978130,101338,100838,8507,109345,1654
2021-04-21,Glenn,021,27897,2382,2361,540,2901,17
2021-04-21,Humboldt,023,135768,3747,3642,30,3672,35
2021-04-21,Imperial,025,180216,28174,28052,2679,30731,719
2021-04-21,Inyo,027,18085,1396,1392,12,1404,36
2021-04-21,Kern,029,883053,96276,95257,10598,105855,1297
2021-04-21,Kings,031,150075,22961,22713,1062,23775,243
2021-04-21,Lake,033,64148,3439,3421,9,3430,43
2021-04-21,Lassen,035,31185,5168,5156,105,5261,1
2021-04-21,Los Angeles,037,10098052,1198330,1189530,40982,1230512,23729
2021-04-21,Madera,039,155013,16419,16309,921,17230,231
2021-04-21,Marin,041,260295,13872,13822,239,14061,227
2021-04-21,Mariposa,043,17540,413,402,11,413,5
2021-04-21,Mendocino,045,87422,3810,3729,73,3802,46
2021-04-21,Merced,047,269075,30454,30471,1031,31502,442
2021-04-21,Modoc,049,8938,368,360,121,481,3
2021-04-21,Mono,051,14174,1244,1254,17,1271,3
2021-04-21,Monterey,053,433212,42853,42699,1841,44540,377
2021-04-21,Napa,055,140530,9727,9727,34,9761,79
2021-04-21,Nevada,057,99092,4582,4499,185,4684,70
2021-04-21,Orange,059,3164182,253626,252243,11156,263399,4889
2021-04-21,Placer,061,380077,22485,21896,1393,23289,282
2021-04-21,Plumas,063,18699,684,670,10,680,4
2021-04-21,Riverside,065,2383286,291993,286299,13877,300176,4388
2021-04-21,Sacramento,067,1510023,102482,101803,1600,103403,1579
2021-04-21,San Benito,069,59416,5995,5998,112,6110,63
2021-04-21,San Bernardino,071,2135413,291424,290049,8902,298951,4572
2021-04-21,San Diego,073,3302833,276465,275632,14314,289946,3681
2021-04-21,San Francisco,075,870044,36094,36194,1258,37452,529
2021-04-21,San Joaquin,077,732212,71528,70687,3400,74087,1295
2021-04-21,San Luis Obispo,079,281455,21063,20724,712,21436,255
2021-04-21,San Mateo,081,765935,41693,41318,451,41769,355
2021-04-21,Santa Barbara,083,443738,34031,33830,1125,34955,445
2021-04-21,Santa Clara,085,1922200,117023,117318,720,118038,1946
2021-04-21,Santa Cruz,087,273765,16068,15698,807,16505,204
2021-04-21,Shasta,089,179085,11700,11722,1431,13153,192
2021-04-21,Sierra,091,2930,55,51,12,63,0
2021-04-21,Siskiyou,093,43540,1679,1557,295,1852,11
2021-04-21,Solano,095,438530,31846,31712,476,32188,244
2021-04-21,Sonoma,097,501317,29541,29697,304,30001,318
2021-04-21,Stanislaus,099,539301,54648,54290,5786,60076,742
2021-04-21,Sutter,101,95872,9285,9297,83,9380,110
2021-04-21,Tehama,103,63373,4927,4893,543,5436,53
2021-04-21,Trinity,105,12862,482,326,86,412,3
2021-04-21,Tulare,107,460477,49673,48653,8779,57432,828
2021-04-21,Tuolumne,109,53932,3957,4019,38,4057,58
2021-04-21,Ventura,111,848112,80628,80039,2944,82983,996
2021-04-21,Yolo,113,214977,13667,13606,271,13877,200
2021-04-21,Yuba,115,75493,5863,5822,119,5941,44
2021-04-20,Alameda,001,1643700,86053,85652,1884,87536,1248
2021-04-20,Alpine,003,1148,85,85,0,85,0
2021-04-20,Amador,005,37829,3639,3631,33,3664,46
2021-04-20,Butte,007,227075,12003,11619,1727,13346,196
2021-04-20,Calaveras,009,45235,2061,2053,11,2064,50
2021-04-20,Colusa,011,21464,1916,1915,287,2202,14
2021-04-20,Contra Costa,013,1133247,67603,66889,1204,68093,782
2021-04-20,Del Norte,015,27424,1279,1250,11,1261,6
2021-04-20,El Dorado,017,186661,9845,9743,694,10437,106
2021-04-20,Fresno,019,978130,101280,100768,8497,109265,1650
2021-04-20,Glenn,021,27897,2380,2359,539,2898,17
2021-04-20,Humboldt,023,135768,3729,3612,30,3642,35
2021-04-20,Imperial,025,180216,28155,28024,2675,30699,719
2021-04-20,Inyo,027,18085,1396,1393,12,1405,36
2021-04-20,Kern,029,883053,96240,95223,10581,105804,1295
2021-04-20,Kings,031,150075,22955,22693,1059,23752,243
2021-04-20,Lake,033,64148,3437,3418,9,3427,43
2021-04-20,Lassen,035,31185,5168,5155,105,5260,1
2021-04-20,Los Angeles,037,10098052,1197983,1189256,40952,1230208,23694
2021-04-20,Madera,039,155013,16413,16301,921,17222,231
2021-04-20,Marin,041,260295,13858,13807,239,14046,227
2021-04-20,Mariposa,043,17540,412,402,11,413,5
2021-04-20,Mendocino,045,87422,3809,3726,73,3799,46
2021-04-20,Merced,047,269075,30427,30439,1030,31469,441
2021-04-20,Modoc,049,8938,368,359,121,480,3
2021-04-20,Mono,051,14174,1243,1254,17,1271,3
2021-04-20,Monterey,053,433212,42842,42663,1838,44501,363
2021-04-20,Napa,055,140530,9723,9711,34,9745,79
2021-04-20,Nevada,057,99092,4564,4485,185,4670,70
2021-04-20,Orange,059,3164182,253536,252134,11144,263278,4887
2021-04-20,Placer,061,380077,22451,21846,1389,23235,282
2021-04-20,Plumas,063,18699,683,670,10,680,4
2021-04-20,Riverside,065,2383286,291896,286194,13872,300066,4388
2021-04-20,Sacramento,067,1510023,102344,101629,1592,103221,1574
2021-04-20,San Benito,069,59416,5992,5988,112,6100,63
2021-04-20,San Bernardino,071,2135413,291344,289905,8900,298805,4569
2021-04-20,San Diego,073,3302833,276234,275369,14281,289650,3674
2021-04-20,San Francisco,075,870044,36075,36117,1257,37374,529
2021-04-20,San Joaquin,077,732212,71455,70590,3391,73981,1289
2021-04-20,San Luis Obispo,079,281455,21040,20691,704,21395,254
2021-04-20,San Mateo,081,765935,41662,41251,451,41702,355
2021-04-20,Santa Barbara,083,443738,34012,33803,1125,34928,445
2021-04-20,Santa Clara,085,1922200,116925,117228,716,117944,1944
2021-04-20,Santa Cruz,087,273765,16056,15647,807,16454,204
2021-04-20,Shasta,089,179085,11684,11677,1428,13105,189
2021-04-20,Sierra,091,2930,55,51,12,63,0
2021-04-20,Siskiyou,093,43540,1671,1551,294,1845,10
2021-04-20,Solano,095,438530,31791,31673,472,32145,243
2021-04-20,Sonoma,097,501317,29532,29676,302,29978,311
2021-04-20,Stanislaus,099,539301,54583,54236,5773,60009,735
2021-04-20,Sutter,101,95872,9281,9279,83,9362,109
2021-04-20,Tehama,103,63373,4922,4887,542,5429,52
2021-04-20,Trinity,105,12862,482,326,86,412,3
2021-04-20,Tulare,107,460477,49650,48650,8771,57421,831
2021-04-20,Tuolumne,109,53932,3957,4014,38,4052,58
2021-04-20,Ventura,111,848112,80600,80018,2942,82960,995
2021-04-20,Yolo,113,214977,13647,13581,270,13851,200
2021-04-20,Yuba,115,75493,5853,5814,119,5933,44
2021-04-19,Alameda,001,1643700,85933,85583,1881,87464,1247
2021-04-19,Alpine,003,1148,85,85,0,85,0
2021-04-19,Amador,005,37829,3638,3629,33,3662,46
2021-04-19,Butte,007,227075,11985,11601,1722,13323,196
2021-04-19,Calaveras,009,45235,2059,2050,11,2061,50
2021-04-19,Colusa,011,21464,1916,1913,286,2199,14
2021-04-19,Contra Costa,013,1133247,67525,66833,1202,68035,782
2021-04-19,Del Norte,015,27424,1277,1247,11,1258,6
2021-04-19,El Dorado,017,186661,9829,9726,689,10415,106
2021-04-19,Fresno,019,978130,101212,100702,8485,109187,1646
2021-04-19,Glenn,021,27897,2380,2358,538,2896,17
2021-04-19,Humboldt,023,135768,3709,3602,28,3630,35
2021-04-19,Imperial,025,180216,28134,27995,2675,30670,719
2021-04-19,Inyo,027,18085,1396,1392,12,1404,36
2021-04-19,Kern,029,883053,96210,95162,10566,105728,1290
2021-04-19,Kings,031,150075,22939,22688,1059,23747,243
2021-04-19,Lake,033,64148,3436,3416,9,3425,43
2021-04-19,Lassen,035,31185,5167,5156,105,5261,1
2021-04-19,Los Angeles,037,10098052,1197606,1188945,40927,1229872,23666
2021-04-19,Madera,039,155013,16402,16289,920,17209,231
2021-04-19,Marin,041,260295,13847,13804,238,14042,226
2021-04-19,Mariposa,043,17540,411,401,11,412,5
2021-04-19,Mendocino,045,87422,3807,3722,73,3795,46
2021-04-19,Merced,047,269075,30398,30422,1029,31451,441
2021-04-19,Modoc,049,8938,368,359,121,480,3
2021-04-19,Mono,051,14174,1242,1254,17,1271,3
2021-04-19,Monterey,053,433212,42829,42642,1833,44475,356
2021-04-19,Napa,055,140530,9715,9680,34,9714,79
2021-04-19,Nevada,057,99092,4548,4477,185,4662,70
2021-04-19,Orange,059,3164182,253418,252013,11129,263142,4883
2021-04-19,Placer,061,380077,22428,21814,1385,23199,282
2021-04-19,Plumas,063,18699,683,665,10,675,4
2021-04-19,Riverside,065,2383286,291800,286087,13862,299949,4371
2021-04-19,Sacramento,067,1510023,102208,101482,1582,103064,1572
2021-04-19,San Benito,069,59416,5984,5989,112,6101,63
2021-04-19,San Bernardino,071,2135413,291258,289738,8894,298632,4561
2021-04-19,San Diego,073,3302833,275986,275113,14248,289361,3674
2021-04-19,San Francisco,075,870044,36039,36094,1254,37348,529
2021-04-19,San Joaquin,077,732212,71375,70514,3384,73898,1289
2021-04-19,San Luis Obispo,079,281455,21014,20669,698,21367,254
2021-04-19,San Mateo,081,765935,41629,41226,450,41676,355
2021-04-19,Santa Barbara,083,443738,33998,33786,1125,34911,446
2021-04-19,Santa Clara,085,1922200,116814,117099,712,117811,1944
2021-04-19,Santa Cruz,087,273765,16044,15600,807,16407,204
2021-04-19,Shasta,089,179085,11669,11662,1420,13082,189
2021-04-19,Sierra,091,2930,55,51,12,63,0
2021-04-19,Siskiyou,093,43540,1661,1544,294,1838,10
2021-04-19,Solano,095,438530,31752,31643,467,32110,239
2021-04-19,Sonoma,097,501317,29513,29667,302,29969,311
2021-04-19,Stanislaus,099,539301,54507,54179,5769,59948,728
2021-04-19,Sutter,101,95872,9270,9269,83,9352,109
2021-04-19,Tehama,103,63373,4916,4878,542,5420,52
2021-04-19,Trinity,105,12862,482,326,85,411,3
2021-04-19,Tulare,107,460477,49634,48630,8758,57388,831
2021-04-19,Tuolumne,109,53932,3956,4010,38,4048,58
2021-04-19,Ventura,111,848112,80574,80000,2940,82940,996
2021-04-19,Yolo,113,214977,13635,13572,267,13839,200
2021-04-19,Yuba,115,75493,5846,5804,118,5922,44
2021-04-18,Alameda,001,1643700,85819,85481,1873,87354,1247
2021-04-18,Alpine,003,1148,85,85,0,85,0
2021-04-18,Amador,005,37829,3635,3627,33,3660,46
2021-04-18,Butte,007,227075,11967,11591,1717,13308,196
2021-04-18,Calaveras,009,45235,2053,2047,11,2058,50
2021-04-18,Colusa,011,21464,1912,1912,285,2197,14
2021-04-18,Contra Costa,013,1133247,67422,66750,1198,67948,782
2021-04-18,Del Norte,015,27424,1277,1240,11,1251,6
2021-04-18,El Dorado,017,186661,9806,9710,687,10397,106
2021-04-18,Fresno,019,978130,101154,100621,8479,109100,1646
2021-04-18,Glenn,021,27897,2375,2358,538,2896,17
2021-04-18,Humboldt,023,135768,3681,3590,28,3618,35
2021-04-18,Imperial,025,180216,28119,27991,2670,30661,719
2021-04-18,Inyo,027,18085,1395,1392,12,1404,36
2021-04-18,Kern,029,883053,96174,95129,10550,105679,1290
2021-04-18,Kings,031,150075,22930,22685,1059,23744,243
2021-04-18,Lake,033,64148,3435,3413,9,3422,43
2021-04-18,Lassen,035,31185,5164,5156,105,5261,1
2021-04-18,Los Angeles,037,10098052,1197145,1188620,40904,1229524,23648
2021-04-18,Madera,039,155013,16391,16277,919,17196,231
2021-04-18,Marin,041,260295,13840,13801,237,14038,226
2021-04-18,Mariposa,043,17540,410,400,10,410,5
2021-04-18,Mendocino,045,87422,3804,3722,73,3795,46
2021-04-18,Merced,047,269075,30361,30405,1027,31432,441
2021-04-18,Modoc,049,8938,368,359,121,480,3
2021-04-18,Mono,051,14174,1242,1254,17,1271,3
2021-04-18,Monterey,053,433212,42817,42638,1832,44470,356
2021-04-18,Napa,055,140530,9699,9674,34,9708,79
2021-04-18,Nevada,057,99092,4533,4464,185,4649,70
2021-04-18,Orange,059,3164182,253304,251940,11122,263062,4883
2021-04-18,Placer,061,380077,22385,21783,1379,23162,282
2021-04-18,Plumas,063,18699,682,665,10,675,4
2021-04-18,Riverside,065,2383286,291710,286043,13858,299901,4371
2021-04-18,Sacramento,067,1510023,102033,101354,1576,102930,1572
2021-04-18,San Benito,069,59416,5982,5989,112,6101,63
2021-04-18,San Bernardino,071,2135413,291165,289691,8885,298576,4556
2021-04-18,San Diego,073,3302833,275707,274961,14213,289174,3674
2021-04-18,San Francisco,075,870044,36002,36073,1250,37323,525
2021-04-18,San Joaquin,077,732212,71294,70466,3375,73841,1289
2021-04-18,San Luis Obispo,079,281455,20992,20656,692,21348,254
2021-04-18,San Mateo,081,765935,41600,41201,449,41650,352
2021-04-18,Santa Barbara,083,443738,33963,33769,1124,34893,446
2021-04-18,Santa Clara,085,1922200,116646,116996,706,117702,1944
2021-04-18,Santa Cruz,087,273765,16034,15580,806,16386,204
2021-04-18,Shasta,089,179085,11648,11658,1417,13075,189
2021-04-18,Sierra,091,2930,55,51,12,63,0
2021-04-18,Siskiyou,093,43540,1650,1538,293,1831,10
2021-04-18,Solano,095,438530,31702,31606,466,32072,239
2021-04-18,Sonoma,097,501317,29497,29660,300,29960,311
2021-04-18,Stanislaus,099,539301,54425,54132,5762,59894,728
2021-04-18,Sutter,101,95872,9256,9261,83,9344,109
2021-04-18,Tehama,103,63373,4907,4877,541,5418,52
2021-04-18,Trinity,105,12862,482,326,85,411,3
2021-04-18,Tulare,107,460477,49622,48618,8752,57370,829
2021-04-18,Tuolumne,109,53932,3955,4008,37,4045,58
2021-04-18,Ventura,111,848112,80543,79984,2936,82920,996
2021-04-18,Yolo,113,214977,13623,13562,265,13827,200
2021-04-18,Yuba,115,75493,5839,5804,118,5922,44
2021-04-17,Alameda,001,1643700,85746,85367,1869,87236,1247
2021-04-17,Alpine,003,1148,85,85,0,85,0
2021-04-17,Amador,005,37829,3633,3625,33,3658,46
2021-04-17,Butte,007,227075,11947,11573,1713,13286,196
2021-04-17,Calaveras,009,45235,2051,2045,11,2056,50
2021-04-17,Colusa,011,21464,1912,1912,285,2197,14
2021-04-17,Contra Costa,013,1133247,67374,66657,1190,67847,782
2021-04-17,Del Norte,015,27424,1277,1238,11,1249,6
2021-04-17,El Dorado,017,186661,9791,9692,684,10376,106
2021-04-17,Fresno,019,978130,101121,100562,8474,109036,1646
2021-04-17,Glenn,021,27897,2375,2357,538,2895,17
2021-04-17,Humboldt,023,135768,3657,3579,28,3607,35
2021-04-17,Imperial,025,180216,28108,27987,2669,30656,719
2021-04-17,Inyo,027,18085,1392,1392,12,1404,36
2021-04-17,Kern,029,883053,96156,95102,10546,105648,1290
2021-04-17,Kings,031,150075,22925,22678,1058,23736,243
2021-04-17,Lake,033,64148,3434,3409,9,3418,43
2021-04-17,Lassen,035,31185,5164,5154,105,5259,1
2021-04-17,Los Angeles,037,10098052,1196888,1188262,40872,1229134,23653
2021-04-17,Madera,039,155013,16387,16260,918,17178,231
2021-04-17,Marin,041,260295,13836,13797,237,14034,226
2021-04-17,Mariposa,043,17540,409,398,10,408,5
2021-04-17,Mendocino,045,87422,3801,3721,73,3794,46
2021-04-17,Merced,047,269075,30345,30392,1026,31418,441
2021-04-17,Modoc,049,8938,368,357,121,478,3
2021-04-17,Mono,051,14174,1242,1253,17,1270,3
2021-04-17,Monterey,053,433212,42808,42630,1830,44460,356
2021-04-17,Napa,055,140530,9695,9666,34,9700,79
2021-04-17,Nevada,057,99092,4525,4457,185,4642,70
2021-04-17,Orange,059,3164182,253235,251873,11110,262983,4878
2021-04-17,Placer,061,380077,22362,21736,1374,23110,282
2021-04-17,Plumas,063,18699,681,666,10,676,4
2021-04-17,Riverside,065,2383286,291641,285963,13850,299813,4371
2021-04-17,Sacramento,067,1510023,101923,101172,1565,102737,1572
2021-04-17,San Benito,069,59416,5976,5986,112,6098,63
2021-04-17,San Bernardino,071,2135413,291110,289624,8882,298506,4555
2021-04-17,San Diego,073,3302833,275560,274812,14179,288991,3674
2021-04-17,San Francisco,075,870044,35980,36032,1247,37279,523
2021-04-17,San Joaquin,077,732212,71254,70372,3365,73737,1288
2021-04-17,San Luis Obispo,079,281455,20979,20642,689,21331,254
2021-04-17,San Mateo,081,765935,41577,41157,449,41606,352
2021-04-17,Santa Barbara,083,443738,33932,33738,1122,34860,446
2021-04-17,Santa Clara,085,1922200,116554,116887,704,117591,1944
2021-04-17,Santa Cruz,087,273765,16028,15571,806,16377,204
2021-04-17,Shasta,089,179085,11633,11647,1416,13063,189
2021-04-17,Sierra,091,2930,55,51,12,63,0
2021-04-17,Siskiyou,093,43540,1645,1539,290,1829,10
2021-04-17,Solano,095,438530,31671,31541,463,32004,239
2021-04-17,Sonoma,097,501317,29490,29637,300,29937,311
2021-04-17,Stanislaus,099,539301,54388,54058,5757,59815,728
2021-04-17,Sutter,101,95872,9250,9252,83,9335,109
2021-04-17,Tehama,103,63373,4901,4875,540,5415,52
2021-04-17,Trinity,105,12862,482,326,85,411,3
2021-04-17,Tulare,107,460477,49610,48603,8748,57351,829
2021-04-17,Tuolumne,109,53932,3953,4005,37,4042,58
2021-04-17,Ventura,111,848112,80522,79964,2936,82900,996
2021-04-17,Yolo,113,214977,13613,13580,265,13845,200
2021-04-17,Yuba,115,75493,5834,5802,117,5919,44
2021-04-16,Alameda,001,1643700,85667,85243,1867,87110,1245
2021-04-16,Alpine,003,1148,85,85,0,85,0
2021-04-16,Amador,005,37829,3628,3621,33,3654,46
2021-04-16,Butte,007,227075,11935,11549,1711,13260,196
2021-04-16,Calaveras,009,45235,2049,2042,11,2053,50
2021-04-16,Colusa,011,21464,1910,1911,285,2196,14
2021-04-16,Contra Costa,013,1133247,67320,66569,1187,67756,782
2021-04-16,Del Norte,015,27424,1276,1237,11,1248,6
2021-04-16,El Dorado,017,186661,9771,9665,680,10345,106
2021-04-16,Fresno,019,978130,101071,100500,8468,108968,1643
2021-04-16,Glenn,021,27897,2375,2355,538,2893,17
2021-04-16,Humboldt,023,135768,3636,3570,27,3597,35
2021-04-16,Imperial,025,180216,28098,27962,2669,30631,719
2021-04-16,Inyo,027,18085,1392,1392,12,1404,36
2021-04-16,Kern,029,883053,96127,95066,10543,105609,1288
2021-04-16,Kings,031,150075,22921,22667,1057,23724,243
2021-04-16,Lake,033,64148,3428,3406,9,3415,43
2021-04-16,Lassen,035,31185,5163,5155,105,5260,1
2021-04-16,Los Angeles,037,10098052,1196587,1187818,40836,1228654,23627
2021-04-16,Madera,039,155013,16381,16250,917,17167,231
2021-04-16,Marin,041,260295,13833,13788,237,14025,226
2021-04-16,Mariposa,043,17540,408,396,9,405,5
2021-04-16,Mendocino,045,87422,3799,3719,73,3792,46
2021-04-16,Merced,047,269075,30330,30355,1026,31381,438
2021-04-16,Modoc,049,8938,368,355,121,476,3
2021-04-16,Mono,051,14174,1242,1253,17,1270,3
2021-04-16,Monterey,053,433212,42797,42620,1827,44447,351
2021-04-16,Napa,055,140530,9687,9653,34,9687,79
2021-04-16,Nevada,057,99092,4516,4443,185,4628,70
2021-04-16,Orange,059,3164182,253171,251770,11101,262871,4873
2021-04-16,Placer,061,380077,22335,21680,1369,23049,282
2021-04-16,Plumas,063,18699,680,665,10,675,4
2021-04-16,Riverside,065,2383286,291564,285818,13848,299666,4369
2021-04-16,Sacramento,067,1510023,101826,100993,1560,102553,1572
2021-04-16,San Benito,069,59416,5974,5982,112,6094,63
2021-04-16,San Bernardino,071,2135413,291063,289424,8881,298305,4550
2021-04-16,San Diego,073,3302833,275406,274567,14161,288728,3662
2021-04-16,San Francisco,075,870044,35954,35993,1243,37236,517
2021-04-16,San Joaquin,077,732212,71187,70280,3357,73637,1288
2021-04-16,San Luis Obispo,079,281455,20967,20623,688,21311,253
2021-04-16,San Mateo,081,765935,41548,41107,448,41555,352
2021-04-16,Santa Barbara,083,443738,33914,33703,1122,34825,446
2021-04-16,Santa Clara,085,1922200,116454,116693,701,117394,1941
2021-04-16,Santa Cruz,087,273765,16026,15539,806,16345,204
2021-04-16,Shasta,089,179085,11621,11623,1414,13037,189
2021-04-16,Sierra,091,2930,55,51,12,63,0
2021-04-16,Siskiyou,093,43540,1641,1530,288,1818,10
2021-04-16,Solano,095,438530,31632,31470,460,31930,239
2021-04-16,Sonoma,097,501317,29479,29617,300,29917,311
2021-04-16,Stanislaus,099,539301,54340,53983,5755,59738,728
2021-04-16,Sutter,101,95872,9244,9247,83,9330,109
2021-04-16,Tehama,103,63373,4900,4866,540,5406,52
2021-04-16,Trinity,105,12862,482,326,85,411,3
2021-04-16,Tulare,107,460477,49598,48583,8744,57327,830
2021-04-16,Tuolumne,109,53932,3950,4005,37,4042,58
2021-04-16,Ventura,111,848112,80497,79942,2931,82873,994
2021-04-16,Yolo,113,214977,13600,13559,263,13822,198
2021-04-16,Yuba,115,75493,5831,5795,116,5911,44
2021-04-15,Alameda,001,1643700,85560,85089,1865,86954,1246
2021-04-15,Alpine,003,1148,85,85,0,85,0
2021-04-15,Amador,005,37829,3627,3616,33,3649,46
2021-04-15,Butte,007,227075,11920,11529,1707,13236,196
2021-04-15,Calaveras,009,45235,2048,2039,11,2050,50
2021-04-15,Colusa,011,21464,1908,1909,284,2193,14
2021-04-15,Contra Costa,013,1133247,67247,66480,1183,67663,781
2021-04-15,Del Norte,015,27424,1269,1235,11,1246,6
2021-04-15,El Dorado,017,186661,9758,9639,678,10317,106
2021-04-15,Fresno,019,978130,101009,100431,8462,108893,1642
2021-04-15,Glenn,021,27897,2375,2354,538,2892,17
2021-04-15,Humboldt,023,135768,3615,3561,27,3588,35
2021-04-15,Imperial,025,180216,28070,27920,2666,30586,718
2021-04-15,Inyo,027,18085,1392,1393,12,1405,36
2021-04-15,Kern,029,883053,96094,94989,10529,105518,1289
2021-04-15,Kings,031,150075,22907,22648,1057,23705,242
2021-04-15,Lake,033,64148,3427,3399,9,3408,43
2021-04-15,Lassen,035,31185,5162,5152,105,5257,1
2021-04-15,Los Angeles,037,10098052,1196185,1187274,40800,1228074,23598
2021-04-15,Madera,039,155013,16366,16234,917,17151,231
2021-04-15,Marin,041,260295,13829,13783,236,14019,226
2021-04-15,Mariposa,043,17540,406,395,9,404,5
2021-04-15,Mendocino,045,87422,3798,3714,73,3787,46
2021-04-15,Merced,047,269075,30304,30325,1025,31350,437
2021-04-15,Modoc,049,8938,368,355,121,476,3
2021-04-15,Mono,051,14174,1241,1253,17,1270,3
2021-04-15,Monterey,053,433212,42787,42604,1825,44429,347
2021-04-15,Napa,055,140530,9679,9645,34,9679,79
2021-04-15,Nevada,057,99092,4504,4434,184,4618,70
2021-04-15,Orange,059,3164182,253076,251679,11088,262767,4857
2021-04-15,Placer,061,380077,22304,21614,1362,22976,281
2021-04-15,Plumas,063,18699,678,665,10,675,4
2021-04-15,Riverside,065,2383286,291460,285698,13841,299539,4363
2021-04-15,Sacramento,067,1510023,101696,100782,1546,102328,1570
2021-04-15,San Benito,069,59416,5971,5969,111,6080,63
2021-04-15,San Bernardino,071,2135413,290974,289288,8874,298162,4544
2021-04-15,San Diego,073,3302833,275159,274250,14102,288352,3653
2021-04-15,San Francisco,075,870044,35935,35947,1241,37188,510
2021-04-15,San Joaquin,077,732212,71106,70189,3349,73538,1288
2021-04-15,San Luis Obispo,079,281455,20951,20591,685,21276,253
2021-04-15,San Mateo,081,765935,41509,41050,447,41497,352
2021-04-15,Santa Barbara,083,443738,33896,33672,1118,34790,446
2021-04-15,Santa Clara,085,1922200,116348,116602,697,117299,1927
2021-04-15,Santa Cruz,087,273765,16016,15509,806,16315,203
2021-04-15,Shasta,089,179085,11607,11597,1410,13007,191
2021-04-15,Sierra,091,2930,55,51,12,63,0
2021-04-15,Siskiyou,093,43540,1635,1524,287,1811,10
2021-04-15,Solano,095,438530,31594,31394,459,31853,239
2021-04-15,Sonoma,097,501317,29465,29587,300,29887,311
2021-04-15,Stanislaus,099,539301,54286,53918,5746,59664,728
2021-04-15,Sutter,101,95872,9237,9237,83,9320,109
2021-04-15,Tehama,103,63373,4899,4854,539,5393,52
2021-04-15,Trinity,105,12862,482,326,85,411,3
2021-04-15,Tulare,107,460477,49577,48556,8744,57300,829
2021-04-15,Tuolumne,109,53932,3950,4003,37,4040,57
2021-04-15,Ventura,111,848112,80478,79917,2929,82846,989
2021-04-15,Yolo,113,214977,13581,13547,261,13808,198
2021-04-15,Yuba,115,75493,5828,5788,116,5904,44
2021-04-14,Alameda,001,1643700,85463,85009,1864,86873,1247
2021-04-14,Alpine,003,1148,85,85,0,85,0
2021-04-14,Amador,005,37829,3626,3613,33,3646,46
2021-04-14,Butte,007,227075,11907,11513,1706,13219,196
2021-04-14,Calaveras,009,45235,2047,2037,11,2048,50
2021-04-14,Colusa,011,21464,1908,1905,284,2189,14
2021-04-14,Contra Costa,013,1133247,67161,66400,1177,67577,781
2021-04-14,Del Norte,015,27424,1269,1228,11,1239,6
2021-04-14,El Dorado,017,186661,9743,9625,673,10298,106
2021-04-14,Fresno,019,978130,100952,100376,8449,108825,1640
2021-04-14,Glenn,021,27897,2375,2353,538,2891,17
2021-04-14,Humboldt,023,135768,3593,3551,26,3577,35
2021-04-14,Imperial,025,180216,28048,27907,2664,30571,718
2021-04-14,Inyo,027,18085,1392,1392,12,1404,36
2021-04-14,Kern,029,883053,96069,94947,10522,105469,1287
2021-04-14,Kings,031,150075,22898,22641,1055,23696,243
2021-04-14,Lake,033,64148,3422,3396,9,3405,43
2021-04-14,Lassen,035,31185,5161,5151,105,5256,1
2021-04-14,Los Angeles,037,10098052,1195787,1186821,40755,1227576,23579
2021-04-14,Madera,039,155013,16357,16218,917,17135,231
2021-04-14,Marin,041,260295,13827,13768,235,14003,226
2021-04-14,Mariposa,043,17540,405,394,9,403,5
2021-04-14,Mendocino,045,87422,3793,3711,73,3784,46
2021-04-14,Merced,047,269075,30288,30296,1023,31319,436
2021-04-14,Modoc,049,8938,368,355,121,476,3
2021-04-14,Mono,051,14174,1240,1252,17,1269,3
2021-04-14,Monterey,053,433212,42771,42595,1821,44416,347
2021-04-14,Napa,055,140530,9668,9643,34,9677,79
2021-04-14,Nevada,057,99092,4497,4421,184,4605,70
2021-04-14,Orange,059,3164182,252971,251568,11068,262636,4849
2021-04-14,Placer,061,380077,22271,21575,1361,22936,280
2021-04-14,Plumas,063,18699,678,665,10,675,4
2021-04-14,Riverside,065,2383286,291350,285583,13835,299418,4358
2021-04-14,Sacramento,067,1510023,101521,100645,1532,102177,1570
2021-04-14,San Benito,069,59416,5969,5960,111,6071,62
2021-04-14,San Bernardino,071,2135413,290907,289078,8871,297949,4523
2021-04-14,San Diego,073,3302833,274948,273969,14073,288042,3648
2021-04-14,San Francisco,075,870044,35897,35898,1240,37138,510
2021-04-14,San Joaquin,077,732212,71036,70095,3343,73438,1288
2021-04-14,San Luis Obispo,079,281455,20928,20561,675,21236,253
2021-04-14,San Mateo,081,765935,41469,40982,444,41426,352
2021-04-14,Santa Barbara,083,443738,33867,33650,1118,34768,445
2021-04-14,Santa Clara,085,1922200,116231,116488,694,117182,1922
2021-04-14,Santa Cruz,087,273765,16006,15481,806,16287,203
2021-04-14,Shasta,089,179085,11581,11581,1408,12989,190
2021-04-14,Sierra,091,2930,55,51,12,63,0
2021-04-14,Siskiyou,093,43540,1627,1518,286,1804,10
2021-04-14,Solano,095,438530,31541,31357,452,31809,239
2021-04-14,Sonoma,097,501317,29457,29572,298,29870,311
2021-04-14,Stanislaus,099,539301,54215,53836,5737,59573,727
2021-04-14,Sutter,101,95872,9229,9230,83,9313,106
2021-04-14,Tehama,103,63373,4893,4853,538,5391,52
2021-04-14,Trinity,105,12862,482,326,85,411,3
2021-04-14,Tulare,107,460477,49551,48527,8741,57268,827
2021-04-14,Tuolumne,109,53932,3949,3997,37,4034,57
2021-04-14,Ventura,111,848112,80442,79891,2927,82818,986
2021-04-14,Yolo,113,214977,13565,13530,259,13789,198
2021-04-14,Yuba,115,75493,5826,5778,116,5894,44
2021-04-13,Alameda,001,1643700,85357,84921,1861,86782,1239
2021-04-13,Alpine,003,1148,85,85,0,85,0
2021-04-13,Amador,005,37829,3623,3609,33,3642,46
2021-04-13,Butte,007,227075,11889,11497,1703,13200,196
2021-04-13,Calaveras,009,45235,2045,2035,11,2046,50
2021-04-13,Colusa,011,21464,1906,1905,282,2187,14
2021-04-13,Contra Costa,013,1133247,67072,66304,1177,67481,778
2021-04-13,Del Norte,015,27424,1264,1221,11,1232,6
2021-04-13,El Dorado,017,186661,9717,9609,670,10279,106
2021-04-13,Fresno,019,978130,100870,100357,8443,108800,1636
2021-04-13,Glenn,021,27897,2374,2351,538,2889,17
2021-04-13,Humboldt,023,135768,3576,3540,26,3566,35
2021-04-13,Imperial,025,180216,28029,27887,2656,30543,718
2021-04-13,Inyo,027,18085,1392,1391,12,1403,36
2021-04-13,Kern,029,883053,96025,94908,10510,105418,1285
2021-04-13,Kings,031,150075,22882,22636,1054,23690,243
2021-04-13,Lake,033,64148,3419,3390,9,3399,43
2021-04-13,Lassen,035,31185,5160,5147,105,5252,1
2021-04-13,Los Angeles,037,10098052,1195331,1186482,40713,1227195,23526
2021-04-13,Madera,039,155013,16347,16207,915,17122,231
2021-04-13,Marin,041,260295,13819,13760,234,13994,224
2021-04-13,Mariposa,043,17540,404,394,6,400,5
2021-04-13,Mendocino,045,87422,3787,3702,73,3775,46
2021-04-13,Merced,047,269075,30258,30276,1020,31296,435
2021-04-13,Modoc,049,8938,368,355,121,476,3
2021-04-13,Mono,051,14174,1240,1251,17,1268,3
2021-04-13,Monterey,053,433212,42760,42577,1821,44398,347
2021-04-13,Napa,055,140530,9658,9627,34,9661,79
2021-04-13,Nevada,057,99092,4485,4415,184,4599,69
2021-04-13,Orange,059,3164182,252876,251491,11050,262541,4836
2021-04-13,Placer,061,380077,22234,21534,1358,22892,280
2021-04-13,Plumas,063,18699,677,665,10,675,4
2021-04-13,Riverside,065,2383286,291231,285505,13829,299334,4348
2021-04-13,Sacramento,067,1510023,101346,100551,1527,102078,1569
2021-04-13,San Benito,069,59416,5966,5946,111,6057,62
2021-04-13,San Bernardino,071,2135413,290791,288929,8865,297794,4521
2021-04-13,San Diego,073,3302833,274694,273709,14038,287747,3623
2021-04-13,San Francisco,075,870044,35861,35869,1236,37105,506
2021-04-13,San Joaquin,077,732212,70928,70034,3335,73369,1288
2021-04-13,San Luis Obispo,079,281455,20901,20536,665,21201,253
2021-04-13,San Mateo,081,765935,41424,40955,444,41399,353
2021-04-13,Santa Barbara,083,443738,33844,33613,1115,34728,444
2021-04-13,Santa Clara,085,1922200,116102,116363,693,117056,1923
2021-04-13,Santa Cruz,087,273765,15999,15449,806,16255,203
2021-04-13,Shasta,089,179085,11561,11536,1405,12941,189
2021-04-13,Sierra,091,2930,55,51,12,63,0
2021-04-13,Siskiyou,093,43540,1619,1511,281,1792,10
2021-04-13,Solano,095,438530,31492,31335,448,31783,239
2021-04-13,Sonoma,097,501317,29449,29544,297,29841,311
2021-04-13,Stanislaus,099,539301,54143,53797,5728,59525,722
2021-04-13,Sutter,101,95872,9225,9226,83,9309,106
2021-04-13,Tehama,103,63373,4886,4850,535,5385,52
2021-04-13,Trinity,105,12862,482,326,85,411,3
2021-04-13,Tulare,107,460477,49538,48511,8738,57249,825
2021-04-13,Tuolumne,109,53932,3947,3995,37,4032,57
2021-04-13,Ventura,111,848112,80410,79854,2925,82779,986
2021-04-13,Yolo,113,214977,13553,13516,258,13774,198
2021-04-13,Yuba,115,75493,5817,5776,116,5892,44
2021-04-12,Alameda,001,1643700,85255,84817,1860,86677,1238
2021-04-12,Alpine,003,1148,85,85,0,85,0
2021-04-12,Amador,005,37829,3622,3607,33,3640,46
2021-04-12,Butte,007,227075,11874,11488,1699,13187,193
2021-04-12,Calaveras,009,45235,2041,2033,11,2044,50
2021-04-12,Colusa,011,21464,1904,1904,280,2184,14
2021-04-12,Contra Costa,013,1133247,66992,66176,1177,67353,777
2021-04-12,Del Norte,015,27424,1261,1216,11,1227,6
2021-04-12,El Dorado,017,186661,9700,9588,668,10256,106
2021-04-12,Fresno,019,978130,100809,100277,8419,108696,1633
2021-04-12,Glenn,021,27897,2373,2349,538,2887,17
2021-04-12,Humboldt,023,135768,3562,3533,25,3558,35
2021-04-12,Imperial,025,180216,27999,27851,2651,30502,717
2021-04-12,Inyo,027,18085,1392,1390,12,1402,36
2021-04-12,Kern,029,883053,95988,94861,10499,105360,1283
2021-04-12,Kings,031,150075,22874,22621,1053,23674,241
2021-04-12,Lake,033,64148,3415,3380,9,3389,43
2021-04-12,Lassen,035,31185,5159,5147,105,5252,1
2021-04-12,Los Angeles,037,10098052,1194826,1186145,40675,1226820,23505
2021-04-12,Madera,039,155013,16335,16174,913,17087,231
2021-04-12,Marin,041,260295,13806,13751,232,13983,224
2021-04-12,Mariposa,043,17540,403,394,6,400,5
2021-04-12,Mendocino,045,87422,3786,3699,73,3772,46
2021-04-12,Merced,047,269075,30227,30261,1017,31278,435
2021-04-12,Modoc,049,8938,366,352,121,473,3
2021-04-12,Mono,051,14174,1240,1251,17,1268,3
2021-04-12,Monterey,053,433212,42746,42555,1819,44374,346
2021-04-12,Napa,055,140530,9644,9603,34,9637,80
2021-04-12,Nevada,057,99092,4474,4408,184,4592,69
2021-04-12,Orange,059,3164182,252790,251350,11028,262378,4826
2021-04-12,Placer,061,380077,22183,21475,1355,22830,278
2021-04-12,Plumas,063,18699,675,666,10,676,4
2021-04-12,Riverside,065,2383286,291120,285361,13823,299184,4336
2021-04-12,Sacramento,067,1510023,101172,100394,1522,101916,1566
2021-04-12,San Benito,069,59416,5958,5942,110,6052,62
2021-04-12,San Bernardino,071,2135413,290684,288736,8853,297589,4493
2021-04-12,San Diego,073,3302833,274433,273431,14009,287440,3621
2021-04-12,San Francisco,075,870044,35827,35841,1235,37076,506
2021-04-12,San Joaquin,077,732212,70856,69968,3328,73296,1288
2021-04-12,San Luis Obispo,079,281455,20856,20515,652,21167,253
2021-04-12,San Mateo,081,765935,41382,40920,440,41360,353
2021-04-12,Santa Barbara,083,443738,33813,33606,1115,34721,444
2021-04-12,Santa Clara,085,1922200,115974,116252,691,116943,1923
2021-04-12,Santa Cruz,087,273765,15979,15406,806,16212,203
2021-04-12,Shasta,089,179085,11544,11509,1401,12910,189
2021-04-12,Sierra,091,2930,55,51,12,63,0
2021-04-12,Siskiyou,093,43540,1608,1511,278,1789,7
2021-04-12,Solano,095,438530,31450,31305,445,31750,238
2021-04-12,Sonoma,097,501317,29421,29500,297,29797,310
2021-04-12,Stanislaus,099,539301,54077,53722,5721,59443,707
2021-04-12,Sutter,101,95872,9214,9221,83,9304,106
2021-04-12,Tehama,103,63373,4877,4834,531,5365,52
2021-04-12,Trinity,105,12862,482,324,85,409,3
2021-04-12,Tulare,107,460477,49518,48495,8728,57223,824
2021-04-12,Tuolumne,109,53932,3943,3993,37,4030,57
2021-04-12,Ventura,111,848112,80377,79818,2923,82741,985
2021-04-12,Yolo,113,214977,13539,13510,257,13767,198
2021-04-12,Yuba,115,75493,5811,5773,116,5889,43
2021-04-11,Alameda,001,1643700,85118,84756,1854,86610,1238
2021-04-11,Alpine,003,1148,85,85,0,85,0
2021-04-11,Amador,005,37829,3620,3605,33,3638,46
2021-04-11,Butte,007,227075,11840,11487,1695,13182,193
2021-04-11,Calaveras,009,45235,2037,2036,11,2047,50
2021-04-11,Colusa,011,21464,1903,1904,279,2183,14
2021-04-11,Contra Costa,013,1133247,66883,66107,1175,67282,777
2021-04-11,Del Norte,015,27424,1255,1214,11,1225,6
2021-04-11,El Dorado,017,186661,9686,9575,665,10240,106
2021-04-11,Fresno,019,978130,100741,100230,8409,108639,1633
2021-04-11,Glenn,021,27897,2368,2348,538,2886,17
2021-04-11,Humboldt,023,135768,3552,3523,25,3548,35
2021-04-11,Imperial,025,180216,27975,27841,2649,30490,717
2021-04-11,Inyo,027,18085,1392,1390,12,1402,36
2021-04-11,Kern,029,883053,95927,94830,10491,105321,1283
2021-04-11,Kings,031,150075,22865,22618,1050,23668,241
2021-04-11,Lake,033,64148,3411,3377,9,3386,43
2021-04-11,Lassen,035,31185,5155,5147,105,5252,1
2021-04-11,Los Angeles,037,10098052,1194314,1185757,40633,1226390,23503
2021-04-11,Madera,039,155013,16316,16166,912,17078,231
2021-04-11,Marin,041,260295,13799,13741,231,13972,226
2021-04-11,Mariposa,043,17540,403,394,6,400,5
2021-04-11,Mendocino,045,87422,3784,3696,73,3769,46
2021-04-11,Merced,047,269075,30189,30249,1016,31265,435
2021-04-11,Modoc,049,8938,365,352,119,471,3
2021-04-11,Mono,051,14174,1239,1250,17,1267,3
2021-04-11,Monterey,053,433212,42740,42547,1812,44359,346
2021-04-11,Napa,055,140530,9633,9592,34,9626,80
2021-04-11,Nevada,057,99092,4460,4394,184,4578,69
2021-04-11,Orange,059,3164182,252663,251233,11017,262250,4826
2021-04-11,Placer,061,380077,22126,21458,1350,22808,278
2021-04-11,Plumas,063,18699,675,666,10,676,4
2021-04-11,Riverside,065,2383286,290987,285269,13813,299082,4336
2021-04-11,Sacramento,067,1510023,101002,100296,1510,101806,1566
2021-04-11,San Benito,069,59416,5950,5941,109,6050,62
2021-04-11,San Bernardino,071,2135413,290575,288686,8847,297533,4492
2021-04-11,San Diego,073,3302833,274135,273287,13950,287237,3621
2021-04-11,San Francisco,075,870044,35791,35815,1232,37047,498
2021-04-11,San Joaquin,077,732212,70770,69939,3317,73256,1288
2021-04-11,San Luis Obispo,079,281455,20830,20501,649,21150,253
2021-04-11,San Mateo,081,765935,41324,40901,439,41340,353
2021-04-11,Santa Barbara,083,443738,33778,33591,1114,34705,444
2021-04-11,Santa Clara,085,1922200,115838,116161,688,116849,1923
2021-04-11,Santa Cruz,087,273765,15967,15382,806,16188,203
2021-04-11,Shasta,089,179085,11500,11504,1400,12904,189
2021-04-11,Sierra,091,2930,55,51,12,63,0
2021-04-11,Siskiyou,093,43540,1601,1509,275,1784,7
2021-04-11,Solano,095,438530,31397,31268,441,31709,238
2021-04-11,Sonoma,097,501317,29395,29496,293,29789,310
2021-04-11,Stanislaus,099,539301,53994,53683,5712,59395,707
2021-04-11,Sutter,101,95872,9205,9222,83,9305,106
2021-04-11,Tehama,103,63373,4874,4832,529,5361,52
2021-04-11,Trinity,105,12862,482,324,85,409,3
2021-04-11,Tulare,107,460477,49504,48479,8721,57200,824
2021-04-11,Tuolumne,109,53932,3941,3993,37,4030,57
2021-04-11,Ventura,111,848112,80329,79800,2917,82717,985
2021-04-11,Yolo,113,214977,13519,13496,255,13751,198
2021-04-11,Yuba,115,75493,5801,5768,116,5884,43
2021-04-10,Alameda,001,1643700,85054,84626,1854,86480,1238
2021-04-10,Alpine,003,1148,85,85,0,85,0
2021-04-10,Amador,005,37829,3618,3603,33,3636,46
2021-04-10,Butte,007,227075,11829,11482,1694,13176,193
2021-04-10,Calaveras,009,45235,2035,2032,11,2043,50
2021-04-10,Colusa,011,21464,1903,1902,279,2181,14
2021-04-10,Contra Costa,013,1133247,66822,66001,1172,67173,778
2021-04-10,Del Norte,015,27424,1252,1212,11,1223,6
2021-04-10,El Dorado,017,186661,9674,9549,662,10211,106
2021-04-10,Fresno,019,978130,100708,100135,8402,108537,1633
2021-04-10,Glenn,021,27897,2368,2343,538,2881,17
2021-04-10,Humboldt,023,135768,3542,3508,25,3533,35
2021-04-10,Imperial,025,180216,27961,27816,2649,30465,717
2021-04-10,Inyo,027,18085,1392,1387,12,1399,36
2021-04-10,Kern,029,883053,95913,94802,10485,105287,1284
2021-04-10,Kings,031,150075,22861,22614,1048,23662,241
2021-04-10,Lake,033,64148,3406,3368,9,3377,43
2021-04-10,Lassen,035,31185,5155,5146,104,5250,1
2021-04-10,Los Angeles,037,10098052,1194039,1185246,40616,1225862,23493
2021-04-10,Madera,039,155013,16308,16143,911,17054,231
2021-04-10,Marin,041,260295,13794,13731,231,13962,226
2021-04-10,Mariposa,043,17540,400,393,6,399,5
2021-04-10,Mendocino,045,87422,3782,3696,73,3769,46
2021-04-10,Merced,047,269075,30169,30225,1015,31240,435
2021-04-10,Modoc,049,8938,365,352,119,471,3
2021-04-10,Mono,051,14174,1239,1249,17,1266,3
2021-04-10,Monterey,053,433212,42729,42527,1811,44338,346
2021-04-10,Napa,055,140530,9626,9569,34,9603,79
2021-04-10,Nevada,057,99092,4453,4379,184,4563,69
2021-04-10,Orange,059,3164182,252570,251139,11010,262149,4818
2021-04-10,Placer,061,380077,22095,21402,1344,22746,278
2021-04-10,Plumas,063,18699,675,666,10,676,4
2021-04-10,Riverside,065,2383286,290907,285082,13805,298887,4336
2021-04-10,Sacramento,067,1510023,100899,100048,1508,101556,1566
2021-04-10,San Benito,069,59416,5939,5932,108,6040,62
2021-04-10,San Bernardino,071,2135413,290511,288590,8840,297430,4489
2021-04-10,San Diego,073,3302833,273919,273058,13930,286988,3613
2021-04-10,San Francisco,075,870044,35761,35774,1229,37003,498
2021-04-10,San Joaquin,077,732212,70735,69852,3307,73159,1288
2021-04-10,San Luis Obispo,079,281455,20814,20461,648,21109,253
2021-04-10,San Mateo,081,765935,41291,40878,439,41317,350
2021-04-10,Santa Barbara,083,443738,33750,33541,1112,34653,444
2021-04-10,Santa Clara,085,1922200,115742,116015,687,116702,1923
2021-04-10,Santa Cruz,087,273765,15961,15360,806,16166,203
2021-04-10,Shasta,089,179085,11491,11492,1397,12889,189
2021-04-10,Sierra,091,2930,55,51,12,63,0
2021-04-10,Siskiyou,093,43540,1598,1512,275,1787,7
2021-04-10,Solano,095,438530,31363,31218,437,31655,238
2021-04-10,Sonoma,097,501317,29380,29469,293,29762,310
2021-04-10,Stanislaus,099,539301,53959,53596,5706,59302,707
2021-04-10,Sutter,101,95872,9203,9214,83,9297,106
2021-04-10,Tehama,103,63373,4872,4820,527,5347,52
2021-04-10,Trinity,105,12862,482,324,85,409,3
2021-04-10,Tulare,107,460477,49495,48470,8715,57185,824
2021-04-10,Tuolumne,109,53932,3938,3991,37,4028,57
2021-04-10,Ventura,111,848112,80301,79758,2915,82673,985
2021-04-10,Yolo,113,214977,13511,13494,254,13748,198
2021-04-10,Yuba,115,75493,5798,5757,115,5872,43
2021-04-09,Alameda,001,1643700,84987,84404,1846,86250,1237
2021-04-09,Alpine,003,1148,85,85,0,85,0
2021-04-09,Amador,005,37829,3617,3600,33,3633,46
2021-04-09,Butte,007,227075,11819,11454,1693,13147,193
2021-04-09,Calaveras,009,45235,2034,2028,11,2039,50
2021-04-09,Colusa,011,21464,1903,1898,279,2177,14
2021-04-09,Contra Costa,013,1133247,66729,65857,1166,67023,777
2021-04-09,Del Norte,015,27424,1251,1207,11,1218,6
2021-04-09,El Dorado,017,186661,9651,9528,658,10186,106
2021-04-09,Fresno,019,978130,100674,100027,8397,108424,1630
2021-04-09,Glenn,021,27897,2368,2337,538,2875,17
2021-04-09,Humboldt,023,135768,3533,3496,25,3521,35
2021-04-09,Imperial,025,180216,27946,27764,2647,30411,717
2021-04-09,Inyo,027,18085,1391,1386,12,1398,36
2021-04-09,Kern,029,883053,95875,94675,10483,105158,1282
2021-04-09,Kings,031,150075,22852,22595,1045,23640,242
2021-04-09,Lake,033,64148,3402,3362,9,3371,43
2021-04-09,Lassen,035,31185,5155,5140,104,5244,1
2021-04-09,Los Angeles,037,10098052,1193669,1184501,40587,1225088,23458
2021-04-09,Madera,039,155013,16305,16118,911,17029,231
2021-04-09,Marin,041,260295,13787,13721,231,13952,226
2021-04-09,Mariposa,043,17540,400,393,6,399,5
2021-04-09,Mendocino,045,87422,3780,3693,73,3766,46
2021-04-09,Merced,047,269075,30140,30179,1014,31193,435
2021-04-09,Modoc,049,8938,364,352,119,471,3
2021-04-09,Mono,051,14174,1239,1247,17,1264,3
2021-04-09,Monterey,053,433212,42720,42481,1807,44288,344
2021-04-09,Napa,055,140530,9607,9574,34,9608,80
2021-04-09,Nevada,057,99092,4445,4373,184,4557,69
2021-04-09,Orange,059,3164182,252496,250852,11005,261857,4813
2021-04-09,Placer,061,380077,22064,21327,1336,22663,278
2021-04-09,Plumas,063,18699,674,666,10,676,4
2021-04-09,Riverside,065,2383286,290824,284562,13799,298361,4325
2021-04-09,Sacramento,067,1510023,100744,99722,1502,101224,1564
2021-04-09,San Benito,069,59416,5934,5925,107,6032,62
2021-04-09,San Bernardino,071,2135413,290442,288000,8837,296837,4467
2021-04-09,San Diego,073,3302833,273721,272697,13888,286585,3600
2021-04-09,San Francisco,075,870044,35720,35716,1224,36940,497
2021-04-09,San Joaquin,077,732212,70671,69675,3295,72970,1281
2021-04-09,San Luis Obispo,079,281455,20799,20427,648,21075,252
2021-04-09,San Mateo,081,765935,41255,40800,438,41238,350
2021-04-09,Santa Barbara,083,443738,33727,33424,1109,34533,444
2021-04-09,Santa Clara,085,1922200,115658,115749,685,116434,1923
2021-04-09,Santa Cruz,087,273765,15956,15331,806,16137,203
2021-04-09,Shasta,089,179085,11481,11478,1394,12872,188
2021-04-09,Sierra,091,2930,55,51,12,63,0
2021-04-09,Siskiyou,093,43540,1595,1510,274,1784,7
2021-04-09,Solano,095,438530,31330,31166,432,31598,238
2021-04-09,Sonoma,097,501317,29367,29433,293,29726,310
2021-04-09,Stanislaus,099,539301,53904,53504,5697,59201,705
2021-04-09,Sutter,101,95872,9196,9201,83,9284,106
2021-04-09,Tehama,103,63373,4866,4806,527,5333,52
2021-04-09,Trinity,105,12862,481,324,85,409,3
2021-04-09,Tulare,107,460477,49491,48430,8709,57139,824
2021-04-09,Tuolumne,109,53932,3937,3986,37,4023,57
2021-04-09,Ventura,111,848112,80273,79698,2915,82613,987
2021-04-09,Yolo,113,214977,13499,13478,252,13730,198
2021-04-09,Yuba,115,75493,5791,5754,115,5869,43
2021-04-08,Alameda,001,1643700,84881,84213,1843,86056,1232
2021-04-08,Alpine,003,1148,85,85,0,85,0
2021-04-08,Amador,005,37829,3613,3595,33,3628,46
2021-04-08,Butte,007,227075,11808,11414,1692,13106,193
2021-04-08,Calaveras,009,45235,2032,2027,11,2038,50
2021-04-08,Colusa,011,21464,1902,1897,279,2176,14
2021-04-08,Contra Costa,013,1133247,66619,65706,1163,66869,775
2021-04-08,Del Norte,015,27424,1245,1201,11,1212,6
2021-04-08,El Dorado,017,186661,9635,9513,653,10166,106
2021-04-08,Fresno,019,978130,100611,99935,8390,108325,1627
2021-04-08,Glenn,021,27897,2367,2337,538,2875,17
2021-04-08,Humboldt,023,135768,3523,3486,25,3511,35
2021-04-08,Imperial,025,180216,27918,27744,2643,30387,713
2021-04-08,Inyo,027,18085,1390,1386,12,1398,36
2021-04-08,Kern,029,883053,95829,94493,10470,104963,1281
2021-04-08,Kings,031,150075,22845,22589,1043,23632,243
2021-04-08,Lake,033,64148,3395,3360,9,3369,43
2021-04-08,Lassen,035,31185,5154,5136,104,5240,1
2021-04-08,Los Angeles,037,10098052,1193172,1184443,40549,1224992,23416
2021-04-08,Madera,039,155013,16293,16103,911,17014,231
2021-04-08,Marin,041,260295,13780,13704,231,13935,226
2021-04-08,Mariposa,043,17540,399,393,6,399,5
2021-04-08,Mendocino,045,87422,3778,3690,73,3763,45
2021-04-08,Merced,047,269075,30118,30163,1014,31177,430
2021-04-08,Modoc,049,8938,364,352,119,471,3
2021-04-08,Mono,051,14174,1237,1247,17,1264,3
2021-04-08,Monterey,053,433212,42698,42437,1802,44239,342
2021-04-08,Napa,055,140530,9590,9569,34,9603,80
2021-04-08,Nevada,057,99092,4434,4367,184,4551,69
2021-04-08,Orange,059,3164182,252386,250529,10990,261519,4797
2021-04-08,Placer,061,380077,22022,21258,1327,22585,277
2021-04-08,Plumas,063,18699,674,665,10,675,4
2021-04-08,Riverside,065,2383286,290710,283853,13794,297647,4296
2021-04-08,Sacramento,067,1510023,100604,99319,1491,100810,1561
2021-04-08,San Benito,069,59416,5931,5914,105,6019,62
2021-04-08,San Bernardino,071,2135413,290345,287190,8834,296024,4445
2021-04-08,San Diego,073,3302833,273491,272495,13852,286347,3592
2021-04-08,San Francisco,075,870044,35697,35657,1223,36880,494
2021-04-08,San Joaquin,077,732212,70599,69479,3289,72768,1279
2021-04-08,San Luis Obispo,079,281455,20780,20402,646,21048,252
2021-04-08,San Mateo,081,765935,41215,40749,438,41187,350
2021-04-08,Santa Barbara,083,443738,33703,33309,1108,34417,444
2021-04-08,Santa Clara,085,1922200,115552,115487,684,116171,1905
2021-04-08,Santa Cruz,087,273765,15949,15296,806,16102,203
2021-04-08,Shasta,089,179085,11471,11466,1390,12856,186
2021-04-08,Sierra,091,2930,55,51,12,63,0
2021-04-08,Siskiyou,093,43540,1592,1511,274,1785,7
2021-04-08,Solano,095,438530,31281,31120,432,31552,238
2021-04-08,Sonoma,097,501317,29347,29410,292,29702,310
2021-04-08,Stanislaus,099,539301,53826,53401,5687,59088,706
2021-04-08,Sutter,101,95872,9192,9195,83,9278,106
2021-04-08,Tehama,103,63373,4862,4802,527,5329,52
2021-04-08,Trinity,105,12862,481,324,85,409,3
2021-04-08,Tulare,107,460477,49478,48409,8699,57108,821
2021-04-08,Tuolumne,109,53932,3937,3986,37,4023,57
2021-04-08,Ventura,111,848112,80236,79626,2911,82537,986
2021-04-08,Yolo,113,214977,13490,13468,251,13719,198
2021-04-08,Yuba,115,75493,5787,5743,115,5858,43
2021-04-07,Alameda,001,1643700,84797,84130,1841,85971,1224
2021-04-07,Alpine,003,1148,85,85,0,85,0
2021-04-07,Amador,005,37829,3610,3590,33,3623,46
2021-04-07,Butte,007,227075,11804,11405,1689,13094,193
2021-04-07,Calaveras,009,45235,2031,2022,11,2033,50
2021-04-07,Colusa,011,21464,1898,1894,278,2172,14
2021-04-07,Contra Costa,013,1133247,66533,65619,1162,66781,775
2021-04-07,Del Norte,015,27424,1243,1198,11,1209,6
2021-04-07,El Dorado,017,186661,9614,9500,647,10147,106
2021-04-07,Fresno,019,978130,100546,99865,8379,108244,1627
2021-04-07,Glenn,021,27897,2365,2337,537,2874,17
2021-04-07,Humboldt,023,135768,3510,3484,25,3509,35
2021-04-07,Imperial,025,180216,27894,27704,2637,30341,713
2021-04-07,Inyo,027,18085,1389,1386,12,1398,36
2021-04-07,Kern,029,883053,95793,94456,10455,104911,1275
2021-04-07,Kings,031,150075,22843,22589,1043,23632,243
2021-04-07,Lake,033,64148,3393,3358,9,3367,43
2021-04-07,Lassen,035,31185,5154,5137,104,5241,1
2021-04-07,Los Angeles,037,10098052,1192735,1183862,40528,1224390,23372
2021-04-07,Madera,039,155013,16274,16090,910,17000,231
2021-04-07,Marin,041,260295,13769,13688,229,13917,225
2021-04-07,Mariposa,043,17540,398,391,6,397,5
2021-04-07,Mendocino,045,87422,3777,3691,73,3764,45
2021-04-07,Merced,047,269075,30095,30132,1009,31141,430
2021-04-07,Modoc,049,8938,364,351,119,470,3
2021-04-07,Mono,051,14174,1237,1246,17,1263,3
2021-04-07,Monterey,053,433212,42680,42427,1801,44228,341
2021-04-07,Napa,055,140530,9576,9556,34,9590,80
2021-04-07,Nevada,057,99092,4428,4364,184,4548,69
2021-04-07,Orange,059,3164182,252262,250378,10967,261345,4778
2021-04-07,Placer,061,380077,21977,21227,1319,22546,276
2021-04-07,Plumas,063,18699,674,665,10,675,4
2021-04-07,Riverside,065,2383286,290590,283749,13784,297533,4285
2021-04-07,Sacramento,067,1510023,100436,99202,1485,100687,1544
2021-04-07,San Benito,069,59416,5926,5912,104,6016,62
2021-04-07,San Bernardino,071,2135413,290227,286978,8829,295807,4433
2021-04-07,San Diego,073,3302833,273265,272195,13823,286018,3588
2021-04-07,San Francisco,075,870044,35657,35618,1219,36837,493
2021-04-07,San Joaquin,077,732212,70529,69375,3284,72659,1278
2021-04-07,San Luis Obispo,079,281455,20754,20373,643,21016,252
2021-04-07,San Mateo,081,765935,41171,40693,438,41131,350
2021-04-07,Santa Barbara,083,443738,33677,33289,1105,34394,444
2021-04-07,Santa Clara,085,1922200,115420,115311,682,115993,1900
2021-04-07,Santa Cruz,087,273765,15938,15275,806,16081,203
2021-04-07,Shasta,089,179085,11459,11456,1385,12841,184
2021-04-07,Sierra,091,2930,55,51,12,63,0
2021-04-07,Siskiyou,093,43540,1586,1512,273,1785,7
2021-04-07,Solano,095,438530,31230,31097,431,31528,238
2021-04-07,Sonoma,097,501317,29329,29394,291,29685,310
2021-04-07,Stanislaus,099,539301,53757,53344,5677,59021,686
2021-04-07,Sutter,101,95872,9189,9188,83,9271,106
2021-04-07,Tehama,103,63373,4854,4802,525,5327,52
2021-04-07,Trinity,105,12862,481,322,85,407,3
2021-04-07,Tulare,107,460477,49463,48386,8689,57075,820
2021-04-07,Tuolumne,109,53932,3935,3982,37,4019,57
2021-04-07,Ventura,111,848112,80202,79595,2909,82504,986
2021-04-07,Yolo,113,214977,13475,13450,249,13699,198
2021-04-07,Yuba,115,75493,5783,5737,115,5852,43
2021-04-06,Alameda,001,1643700,84685,84091,1837,85928,1223
2021-04-06,Alpine,003,1148,85,85,0,85,0
2021-04-06,Amador,005,37829,3609,3587,33,3620,45
2021-04-06,Butte,007,227075,11789,11396,1687,13083,193
2021-04-06,Calaveras,009,45235,2027,2021,11,2032,50
2021-04-06,Colusa,011,21464,1896,1894,276,2170,14
2021-04-06,Contra Costa,013,1133247,66455,65575,1161,66736,774
2021-04-06,Del Norte,015,27424,1238,1197,11,1208,6
2021-04-06,El Dorado,017,186661,9584,9489,645,10134,106
2021-04-06,Fresno,019,978130,100482,99814,8373,108187,1626
2021-04-06,Glenn,021,27897,2364,2335,536,2871,17
2021-04-06,Humboldt,023,135768,3501,3477,25,3502,35
2021-04-06,Imperial,025,180216,27860,27661,2627,30288,713
2021-04-06,Inyo,027,18085,1389,1379,12,1391,36
2021-04-06,Kern,029,883053,95749,94422,10449,104871,1259
2021-04-06,Kings,031,150075,22837,22587,1043,23630,240
2021-04-06,Lake,033,64148,3390,3358,9,3367,43
2021-04-06,Lassen,035,31185,5152,5137,104,5241,1
2021-04-06,Los Angeles,037,10098052,1192222,1183499,40489,1223988,23323
2021-04-06,Madera,039,155013,16254,16085,905,16990,230
2021-04-06,Marin,041,260295,13760,13675,225,13900,224
2021-04-06,Mariposa,043,17540,398,390,6,396,5
2021-04-06,Mendocino,045,87422,3775,3686,73,3759,45
2021-04-06,Merced,047,269075,30066,30100,1004,31104,430
2021-04-06,Modoc,049,8938,363,351,119,470,3
2021-04-06,Mono,051,14174,1237,1246,17,1263,3
2021-04-06,Monterey,053,433212,42671,42412,1800,44212,341
2021-04-06,Napa,055,140530,9557,9509,34,9543,78
2021-04-06,Nevada,057,99092,4418,4356,182,4538,69
2021-04-06,Orange,059,3164182,252153,250304,10953,261257,4771
2021-04-06,Placer,061,380077,21929,21184,1317,22501,276
2021-04-06,Plumas,063,18699,674,665,10,675,4
2021-04-06,Riverside,065,2383286,290409,283622,13773,297395,4264
2021-04-06,Sacramento,067,1510023,100227,99110,1479,100589,1537
2021-04-06,San Benito,069,59416,5917,5907,104,6011,62
2021-04-06,San Bernardino,071,2135413,290113,286792,8819,295611,4428
2021-04-06,San Diego,073,3302833,273003,271867,13795,285662,3585
2021-04-06,San Francisco,075,870044,35614,35572,1219,36791,488
2021-04-06,San Joaquin,077,732212,70446,69316,3272,72588,1278
2021-04-06,San Luis Obispo,079,281455,20732,20350,640,20990,252
2021-04-06,San Mateo,081,765935,41123,40649,437,41086,350
2021-04-06,Santa Barbara,083,443738,33659,33257,1104,34361,443
2021-04-06,Santa Clara,085,1922200,115249,115184,681,115865,1900
2021-04-06,Santa Cruz,087,273765,15928,15252,806,16058,203
2021-04-06,Shasta,089,179085,11438,11443,1383,12826,184
2021-04-06,Sierra,091,2930,55,51,12,63,0
2021-04-06,Siskiyou,093,43540,1582,1510,272,1782,7
2021-04-06,Solano,095,438530,31183,31078,430,31508,237
2021-04-06,Sonoma,097,501317,29304,29386,289,29675,311
2021-04-06,Stanislaus,099,539301,53700,53304,5671,58975,686
2021-04-06,Sutter,101,95872,9179,9179,83,9262,106
2021-04-06,Tehama,103,63373,4845,4798,525,5323,52
2021-04-06,Trinity,105,12862,481,321,85,406,3
2021-04-06,Tulare,107,460477,49420,48372,8685,57057,819
2021-04-06,Tuolumne,109,53932,3935,3981,37,4018,57
2021-04-06,Ventura,111,848112,80165,79556,2907,82463,983
2021-04-06,Yolo,113,214977,13462,13443,248,13691,198
2021-04-06,Yuba,115,75493,5779,5733,114,5847,43
2021-04-05,Alameda,001,1643700,84569,84007,1833,85840,1219
2021-04-05,Alpine,003,1148,85,85,0,85,0
2021-04-05,Amador,005,37829,3606,3584,33,3617,45
2021-04-05,Butte,007,227075,11774,11384,1686,13070,193
2021-04-05,Calaveras,009,45235,2025,2019,11,2030,50
2021-04-05,Colusa,011,21464,1896,1894,275,2169,14
2021-04-05,Contra Costa,013,1133247,66389,65457,1159,66616,774
2021-04-05,Del Norte,015,27424,1236,1189,11,1200,6
2021-04-05,El Dorado,017,186661,9569,9463,645,10108,106
2021-04-05,Fresno,019,978130,100394,99755,8365,108120,1622
2021-04-05,Glenn,021,27897,2363,2335,536,2871,17
2021-04-05,Humboldt,023,135768,3492,3475,25,3500,35
2021-04-05,Imperial,025,180216,27828,27604,2622,30226,710
2021-04-05,Inyo,027,18085,1386,1377,12,1389,36
2021-04-05,Kern,029,883053,95694,94401,10424,104825,1249
2021-04-05,Kings,031,150075,22833,22580,1043,23623,239
2021-04-05,Lake,033,64148,3382,3359,9,3368,43
2021-04-05,Lassen,035,31185,5152,5138,103,5241,1
2021-04-05,Los Angeles,037,10098052,1191687,1183200,40439,1223639,23302
2021-04-05,Madera,039,155013,16240,16065,904,16969,230
2021-04-05,Marin,041,260295,13746,13666,221,13887,221
2021-04-05,Mariposa,043,17540,398,390,6,396,5
2021-04-05,Mendocino,045,87422,3773,3687,73,3760,45
2021-04-05,Merced,047,269075,30040,30068,1002,31070,427
2021-04-05,Modoc,049,8938,361,346,119,465,3
2021-04-05,Mono,051,14174,1237,1246,17,1263,3
2021-04-05,Monterey,053,433212,42658,42396,1796,44192,341
2021-04-05,Napa,055,140530,9534,9492,34,9526,78
2021-04-05,Nevada,057,99092,4407,4346,182,4528,69
2021-04-05,Orange,059,3164182,252038,250177,10929,261106,4759
2021-04-05,Placer,061,380077,21883,21133,1310,22443,276
2021-04-05,Plumas,063,18699,674,666,10,676,4
2021-04-05,Riverside,065,2383286,290272,283549,13761,297310,4237
2021-04-05,Sacramento,067,1510023,100065,98908,1471,100379,1533
2021-04-05,San Benito,069,59416,5911,5904,104,6008,61
2021-04-05,San Bernardino,071,2135413,290003,286597,8816,295413,4425
2021-04-05,San Diego,073,3302833,272754,271655,13754,285409,3583
2021-04-05,San Francisco,075,870044,35583,35538,1219,36757,488
2021-04-05,San Joaquin,077,732212,70357,69214,3263,72477,1268
2021-04-05,San Luis Obispo,079,281455,20695,20333,640,20973,252
2021-04-05,San Mateo,081,765935,41079,40609,436,41045,350
2021-04-05,Santa Barbara,083,443738,33624,33235,1104,34339,443
2021-04-05,Santa Clara,085,1922200,115082,115091,678,115769,1893
2021-04-05,Santa Cruz,087,273765,15921,15228,806,16034,201
2021-04-05,Shasta,089,179085,11417,11435,1380,12815,184
2021-04-05,Sierra,091,2930,55,50,12,62,0
2021-04-05,Siskiyou,093,43540,1579,1509,270,1779,7
2021-04-05,Solano,095,438530,31142,31026,428,31454,237
2021-04-05,Sonoma,097,501317,29272,29361,287,29648,311
2021-04-05,Stanislaus,099,539301,53620,53238,5668,58906,686
2021-04-05,Sutter,101,95872,9172,9169,83,9252,106
2021-04-05,Tehama,103,63373,4839,4794,525,5319,52
2021-04-05,Trinity,105,12862,480,321,85,406,3
2021-04-05,Tulare,107,460477,49408,48356,8678,57034,818
2021-04-05,Tuolumne,109,53932,3934,3980,37,4017,57
2021-04-05,Ventura,111,848112,80134,79549,2904,82453,983
2021-04-05,Yolo,113,214977,13448,13427,247,13674,198
2021-04-05,Yuba,115,75493,5774,5728,113,5841,43
2021-04-04,Alameda,001,1643700,84451,83951,1829,85780,1219
2021-04-04,Alpine,003,1148,85,85,0,85,0
2021-04-04,Amador,005,37829,3600,3582,33,3615,45
2021-04-04,Butte,007,227075,11759,11375,1685,13060,193
2021-04-04,Calaveras,009,45235,2021,2020,11,2031,50
2021-04-04,Colusa,011,21464,1895,1893,275,2168,14
2021-04-04,Contra Costa,013,1133247,66283,65408,1154,66562,774
2021-04-04,Del Norte,015,27424,1228,1186,11,1197,6
2021-04-04,El Dorado,017,186661,9550,9455,641,10096,106
2021-04-04,Fresno,019,978130,100320,99702,8352,108054,1622
2021-04-04,Glenn,021,27897,2360,2335,535,2870,17
2021-04-04,Humboldt,023,135768,3481,3472,25,3497,35
2021-04-04,Imperial,025,180216,27772,27588,2620,30208,710
2021-04-04,Inyo,027,18085,1382,1377,12,1389,36
2021-04-04,Kern,029,883053,95650,94388,10403,104791,1247
2021-04-04,Kings,031,150075,22831,22580,1042,23622,239
2021-04-04,Lake,033,64148,3376,3355,8,3363,43
2021-04-04,Lassen,035,31185,5150,5138,103,5241,1
2021-04-04,Los Angeles,037,10098052,1191143,1182872,40394,1223266,23301
2021-04-04,Madera,039,155013,16214,16052,900,16952,230
2021-04-04,Marin,041,260295,13733,13663,220,13883,221
2021-04-04,Mariposa,043,17540,398,390,6,396,5
2021-04-04,Mendocino,045,87422,3770,3684,73,3757,45
2021-04-04,Merced,047,269075,29997,30048,999,31047,427
2021-04-04,Modoc,049,8938,361,346,119,465,3
2021-04-04,Mono,051,14174,1236,1245,17,1262,3
2021-04-04,Monterey,053,433212,42641,42391,1795,44186,341
2021-04-04,Napa,055,140530,9522,9486,34,9520,78
2021-04-04,Nevada,057,99092,4395,4337,182,4519,69
2021-04-04,Orange,059,3164182,251904,250117,10913,261030,4759
2021-04-04,Placer,061,380077,21837,21104,1292,22396,276
2021-04-04,Plumas,063,18699,674,666,10,676,4
2021-04-04,Riverside,065,2383286,290146,283537,13757,297294,4237
2021-04-04,Sacramento,067,1510023,99866,98821,1462,100283,1531
2021-04-04,San Benito,069,59416,5901,5901,100,6001,61
2021-04-04,San Bernardino,071,2135413,289863,286561,8808,295369,4423
2021-04-04,San Diego,073,3302833,272442,271528,13713,285241,3583
2021-04-04,San Francisco,075,870044,35529,35525,1216,36741,488
2021-04-04,San Joaquin,077,732212,70256,69147,3251,72398,1268
2021-04-04,San Luis Obispo,079,281455,20663,20328,632,20960,252
2021-04-04,San Mateo,081,765935,41036,40587,433,41020,350
2021-04-04,Santa Barbara,083,443738,33588,33213,1104,34317,443
2021-04-04,Santa Clara,085,1922200,114916,114976,671,115647,1893
2021-04-04,Santa Cruz,087,273765,15912,15219,806,16025,201
2021-04-04,Shasta,089,179085,11391,11433,1379,12812,184
2021-04-04,Sierra,091,2930,55,50,12,62,0
2021-04-04,Siskiyou,093,43540,1576,1509,266,1775,7
2021-04-04,Solano,095,438530,31095,31002,426,31428,237
2021-04-04,Sonoma,097,501317,29240,29340,285,29625,311
2021-04-04,Stanislaus,099,539301,53527,53181,5660,58841,686
2021-04-04,Sutter,101,95872,9165,9164,83,9247,106
2021-04-04,Tehama,103,63373,4827,4792,524,5316,52
2021-04-04,Trinity,105,12862,478,321,85,406,3
2021-04-04,Tulare,107,460477,49392,48343,8670,57013,818
2021-04-04,Tuolumne,109,53932,3926,3980,37,4017,57
2021-04-04,Ventura,111,848112,80091,79526,2902,82428,983
2021-04-04,Yolo,113,214977,13427,13425,246,13671,198
2021-04-04,Yuba,115,75493,5767,5722,113,5835,43
2021-04-03,Alameda,001,1643700,84384,83861,1827,85688,1218
2021-04-03,Alpine,003,1148,85,85,0,85,0
2021-04-03,Amador,005,37829,3597,3577,33,3610,45
2021-04-03,Butte,007,227075,11755,11359,1681,13040,193
2021-04-03,Calaveras,009,45235,2019,2019,11,2030,50
2021-04-03,Colusa,011,21464,1895,1891,275,2166,14
2021-04-03,Contra Costa,013,1133247,66211,65338,1154,66492,774
2021-04-03,Del Norte,015,27424,1223,1183,11,1194,6
2021-04-03,El Dorado,017,186661,9541,9448,640,10088,106
2021-04-03,Fresno,019,978130,100263,99602,8346,107948,1622
2021-04-03,Glenn,021,27897,2359,2334,534,2868,17
2021-04-03,Humboldt,023,135768,3479,3467,25,3492,35
2021-04-03,Imperial,025,180216,27756,27572,2617,30189,710
2021-04-03,Inyo,027,18085,1381,1376,12,1388,36
2021-04-03,Kern,029,883053,95624,94369,10387,104756,1243
2021-04-03,Kings,031,150075,22829,22580,1042,23622,239
2021-04-03,Lake,033,64148,3375,3350,8,3358,43
2021-04-03,Lassen,035,31185,5149,5136,103,5239,1
2021-04-03,Los Angeles,037,10098052,1190839,1182402,40377,1222779,23301
2021-04-03,Madera,039,155013,16205,16051,898,16949,230
2021-04-03,Marin,041,260295,13725,13658,219,13877,221
2021-04-03,Mariposa,043,17540,398,390,5,395,5
2021-04-03,Mendocino,045,87422,3769,3684,73,3757,45
2021-04-03,Merced,047,269075,29982,30031,999,31030,427
2021-04-03,Modoc,049,8938,361,346,119,465,3
2021-04-03,Mono,051,14174,1236,1245,17,1262,3
2021-04-03,Monterey,053,433212,42628,42376,1793,44169,341
2021-04-03,Napa,055,140530,9513,9473,34,9507,78
2021-04-03,Nevada,057,99092,4391,4323,182,4505,69
2021-04-03,Orange,059,3164182,251824,249982,10895,260877,4755
2021-04-03,Placer,061,380077,21806,21060,1288,22348,276
2021-04-03,Plumas,063,18699,674,666,10,676,4
2021-04-03,Riverside,065,2383286,290068,283423,13754,297177,4237
2021-04-03,Sacramento,067,1510023,99758,98660,1456,100116,1531
2021-04-03,San Benito,069,59416,5898,5893,99,5992,61
2021-04-03,San Bernardino,071,2135413,289798,286473,8802,295275,4422
2021-04-03,San Diego,073,3302833,272273,271335,13696,285031,3571
2021-04-03,San Francisco,075,870044,35510,35488,1214,36702,489
2021-04-03,San Joaquin,077,732212,70215,69100,3235,72335,1268
2021-04-03,San Luis Obispo,079,281455,20644,20301,632,20933,252
2021-04-03,San Mateo,081,765935,41011,40560,433,40993,350
2021-04-03,Santa Barbara,083,443738,33562,33172,1103,34275,443
2021-04-03,Santa Clara,085,1922200,114808,114865,669,115534,1893
2021-04-03,Santa Cruz,087,273765,15905,15205,806,16011,201
2021-04-03,Shasta,089,179085,11383,11418,1379,12797,184
2021-04-03,Sierra,091,2930,55,50,12,62,0
2021-04-03,Siskiyou,093,43540,1575,1509,266,1775,7
2021-04-03,Solano,095,438530,31074,30970,423,31393,237
2021-04-03,Sonoma,097,501317,29224,29315,284,29599,311
2021-04-03,Stanislaus,099,539301,53492,53137,5654,58791,686
2021-04-03,Sutter,101,95872,9159,9158,83,9241,106
2021-04-03,Tehama,103,63373,4819,4788,524,5312,52
2021-04-03,Trinity,105,12862,478,321,85,406,3
2021-04-03,Tulare,107,460477,49382,48327,8666,56993,818
2021-04-03,Tuolumne,109,53932,3926,3980,37,4017,57
2021-04-03,Ventura,111,848112,80070,79489,2900,82389,983
2021-04-03,Yolo,113,214977,13421,13414,246,13660,198
2021-04-03,Yuba,115,75493,5761,5716,113,5829,43
2021-04-02,Alameda,001,1643700,84311,83776,1824,85600,1217
2021-04-02,Alpine,003,1148,85,85,0,85,0
2021-04-02,Amador,005,37829,3593,3573,32,3605,45
2021-04-02,Butte,007,227075,11747,11350,1681,13031,193
2021-04-02,Calaveras,009,45235,2017,2010,11,2021,50
2021-04-02,Colusa,011,21464,1895,1891,275,2166,14
2021-04-02,Contra Costa,013,1133247,66147,65299,1153,66452,774
2021-04-02,Del Norte,015,27424,1220,1174,11,1185,6
2021-04-02,El Dorado,017,186661,9528,9437,637,10074,106
2021-04-02,Fresno,019,978130,100209,99551,8335,107886,1620
2021-04-02,Glenn,021,27897,2359,2331,534,2865,17
2021-04-02,Humboldt,023,135768,3475,3465,25,3490,35
2021-04-02,Imperial,025,180216,27744,27553,2611,30164,710
2021-04-02,Inyo,027,18085,1381,1377,12,1389,36
2021-04-02,Kern,029,883053,95606,94348,10384,104732,1233
2021-04-02,Kings,031,150075,22829,22571,1039,23610,239
2021-04-02,Lake,033,64148,3373,3348,8,3356,43
2021-04-02,Lassen,035,31185,5149,5134,103,5237,1
2021-04-02,Los Angeles,037,10098052,1190530,1181682,40354,1222036,23264
2021-04-02,Madera,039,155013,16196,16036,897,16933,230
2021-04-02,Marin,041,260295,13717,13649,219,13868,221
2021-04-02,Mariposa,043,17540,396,390,5,395,5
2021-04-02,Mendocino,045,87422,3766,3682,73,3755,45
2021-04-02,Merced,047,269075,29957,29998,999,30997,426
2021-04-02,Modoc,049,8938,358,346,119,465,3
2021-04-02,Mono,051,14174,1236,1246,17,1263,3
2021-04-02,Monterey,053,433212,42618,42359,1790,44149,341
2021-04-02,Napa,055,140530,9498,9453,34,9487,78
2021-04-02,Nevada,057,99092,4387,4323,182,4505,69
2021-04-02,Orange,059,3164182,251728,249891,10882,260773,4748
2021-04-02,Placer,061,380077,21770,21035,1282,22317,275
2021-04-02,Plumas,063,18699,674,666,10,676,4
2021-04-02,Riverside,065,2383286,289982,283328,13745,297073,4213
2021-04-02,Sacramento,067,1510023,99651,98648,1449,100097,1527
2021-04-02,San Benito,069,59416,5896,5888,97,5985,61
2021-04-02,San Bernardino,071,2135413,289725,286308,8798,295106,4417
2021-04-02,San Diego,073,3302833,272086,271036,13670,284706,3568
2021-04-02,San Francisco,075,870044,35475,35451,1212,36663,488
2021-04-02,San Joaquin,077,732212,70150,68996,3220,72216,1268
2021-04-02,San Luis Obispo,079,281455,20627,20271,631,20902,252
2021-04-02,San Mateo,081,765935,40969,40514,433,40947,350
2021-04-02,Santa Barbara,083,443738,33534,33145,1103,34248,443
2021-04-02,Santa Clara,085,1922200,114697,114777,667,115444,1882
2021-04-02,Santa Cruz,087,273765,15897,15216,806,16022,202
2021-04-02,Shasta,089,179085,11378,11377,1371,12748,181
2021-04-02,Sierra,091,2930,55,50,12,62,0
2021-04-02,Siskiyou,093,43540,1575,1508,265,1773,7
2021-04-02,Solano,095,438530,31045,30951,420,31371,237
2021-04-02,Sonoma,097,501317,29203,29288,283,29571,311
2021-04-02,Stanislaus,099,539301,53447,53073,5648,58721,687
2021-04-02,Sutter,101,95872,9151,9131,83,9214,106
2021-04-02,Tehama,103,63373,4812,4775,523,5298,52
2021-04-02,Trinity,105,12862,478,320,85,405,3
2021-04-02,Tulare,107,460477,49376,48306,8660,56966,818
2021-04-02,Tuolumne,109,53932,3923,3980,37,4017,57
2021-04-02,Ventura,111,848112,80042,79434,2898,82332,982
2021-04-02,Yolo,113,214977,13411,13381,246,13627,197
2021-04-02,Yuba,115,75493,5757,5709,113,5822,44
2021-04-01,Alameda,001,1643700,84232,83574,1819,85393,1216
2021-04-01,Alpine,003,1148,85,85,0,85,0
2021-04-01,Amador,005,37829,3589,3558,32,3590,45
2021-04-01,Butte,007,227075,11729,11328,1679,13007,193
2021-04-01,Calaveras,009,45235,2014,2006,11,2017,50
2021-04-01,Colusa,011,21464,1892,1890,275,2165,14
2021-04-01,Contra Costa,013,1133247,66087,65176,1151,66327,771
2021-04-01,Del Norte,015,27424,1215,1138,11,1149,6
2021-04-01,El Dorado,017,186661,9519,9393,633,10026,106
2021-04-01,Fresno,019,978130,100156,99317,8327,107644,1616
2021-04-01,Glenn,021,27897,2359,2322,533,2855,17
2021-04-01,Humboldt,023,135768,3471,3464,25,3489,35
2021-04-01,Imperial,025,180216,27714,27520,2605,30125,710
2021-04-01,Inyo,027,18085,1380,1374,12,1386,36
2021-04-01,Kern,029,883053,95570,94244,10372,104616,1233
2021-04-01,Kings,031,150075,22822,22560,1038,23598,239
2021-04-01,Lake,033,64148,3368,3337,8,3345,43
2021-04-01,Lassen,035,31185,5148,5132,103,5235,1
2021-04-01,Los Angeles,037,10098052,1190038,1181101,40325,1221426,23220
2021-04-01,Madera,039,155013,16180,16023,897,16920,230
2021-04-01,Marin,041,260295,13707,13635,219,13854,221
2021-04-01,Mariposa,043,17540,394,389,5,394,5
2021-04-01,Mendocino,045,87422,3766,3680,73,3753,45
2021-04-01,Merced,047,269075,29924,29820,999,30819,425
2021-04-01,Modoc,049,8938,357,346,119,465,3
2021-04-01,Mono,051,14174,1236,1245,17,1262,3
2021-04-01,Monterey,053,433212,42610,42324,1788,44112,339
2021-04-01,Napa,055,140530,9486,9410,34,9444,78
2021-04-01,Nevada,057,99092,4377,4288,181,4469,68
2021-04-01,Orange,059,3164182,251608,249617,10865,260482,4742
2021-04-01,Placer,061,380077,21731,20909,1270,22179,274
2021-04-01,Plumas,063,18699,674,664,10,674,4
2021-04-01,Riverside,065,2383286,289877,283128,13742,296870,4193
2021-04-01,Sacramento,067,1510023,99507,97952,1435,99387,1521
2021-04-01,San Benito,069,59416,5888,5878,96,5974,61
2021-04-01,San Bernardino,071,2135413,289608,286086,8789,294875,4404
2021-04-01,San Diego,073,3302833,271863,270540,13640,284180,3555
2021-04-01,San Francisco,075,870044,35454,35386,1209,36595,488
2021-04-01,San Joaquin,077,732212,70068,68802,3212,72014,1262
2021-04-01,San Luis Obispo,079,281455,20598,20235,630,20865,252
2021-04-01,San Mateo,081,765935,40928,40454,433,40887,350
2021-04-01,Santa Barbara,083,443738,33487,33096,1098,34194,443
2021-04-01,Santa Clara,085,1922200,114584,114606,666,115272,1874
2021-04-01,Santa Cruz,087,273765,15882,15271,806,16077,202
2021-04-01,Shasta,089,179085,11363,11355,1366,12721,181
2021-04-01,Sierra,091,2930,55,50,12,62,0
2021-04-01,Siskiyou,093,43540,1573,1507,264,1771,7
2021-04-01,Solano,095,438530,31012,30850,417,31267,237
2021-04-01,Sonoma,097,501317,29172,29241,276,29517,311
2021-04-01,Stanislaus,099,539301,53384,52825,5642,58467,687
2021-04-01,Sutter,101,95872,9139,9105,83,9188,106
2021-04-01,Tehama,103,63373,4806,4764,520,5284,52
2021-04-01,Trinity,105,12862,478,319,85,404,3
2021-04-01,Tulare,107,460477,49353,48279,8650,56929,817
2021-04-01,Tuolumne,109,53932,3921,3978,37,4015,57
2021-04-01,Ventura,111,848112,80018,79369,2897,82266,977
2021-04-01,Yolo,113,214977,13398,13342,246,13588,197
2021-04-01,Yuba,115,75493,5752,5694,113,5807,44
2021-03-31,Alameda,001,1643700,84150,83475,1814,85289,1215
2021-03-31,Alpine,003,1148,85,85,0,85,0
2021-03-31,Amador,005,37829,3586,3556,32,3588,45
2021-03-31,Butte,007,227075,11719,11321,1676,12997,193
2021-03-31,Calaveras,009,45235,2012,2005,11,2016,50
2021-03-31,Colusa,011,21464,1892,1890,275,2165,14
2021-03-31,Contra Costa,013,1133247,66002,65109,1150,66259,769
2021-03-31,Del Norte,015,27424,1206,1129,11,1140,6
2021-03-31,El Dorado,017,186661,9502,9390,633,10023,106
2021-03-31,Fresno,019,978130,100063,99240,8310,107550,1616
2021-03-31,Glenn,021,27897,2355,2318,531,2849,17
2021-03-31,Humboldt,023,135768,3465,3460,25,3485,35
2021-03-31,Imperial,025,180216,27694,27506,2604,30110,710
2021-03-31,Inyo,027,18085,1377,1373,11,1384,35
2021-03-31,Kern,029,883053,95527,94205,10363,104568,1229
2021-03-31,Kings,031,150075,22819,22540,1038,23578,239
2021-03-31,Lake,033,64148,3364,3332,8,3340,43
2021-03-31,Lassen,035,31185,5144,5132,103,5235,1
2021-03-31,Los Angeles,037,10098052,1189569,1180538,40286,1220824,23171
2021-03-31,Madera,039,155013,16166,16015,896,16911,229
2021-03-31,Marin,041,260295,13696,13624,219,13843,221
2021-03-31,Mariposa,043,17540,394,389,5,394,5
2021-03-31,Mendocino,045,87422,3760,3675,73,3748,45
2021-03-31,Merced,047,269075,29895,29780,999,30779,423
2021-03-31,Modoc,049,8938,357,346,119,465,3
2021-03-31,Mono,051,14174,1236,1245,17,1262,3
2021-03-31,Monterey,053,433212,42593,42309,1786,44095,338
2021-03-31,Napa,055,140530,9468,9401,34,9435,78
2021-03-31,Nevada,057,99092,4371,4283,181,4464,68
2021-03-31,Orange,059,3164182,251497,249518,10850,260368,4731
2021-03-31,Placer,061,380077,21681,20885,1263,22148,271
2021-03-31,Plumas,063,18699,673,663,10,673,4
2021-03-31,Riverside,065,2383286,289775,283006,13732,296738,4171
2021-03-31,Sacramento,067,1510023,99332,97760,1428,99188,1519
2021-03-31,San Benito,069,59416,5878,5875,96,5971,61
2021-03-31,San Bernardino,071,2135413,289514,285916,8786,294702,4356
2021-03-31,San Diego,073,3302833,271631,270288,13605,283893,3555
2021-03-31,San Francisco,075,870044,35409,35347,1208,36555,474
2021-03-31,San Joaquin,077,732212,69979,68685,3196,71881,1259
2021-03-31,San Luis Obispo,079,281455,20576,20215,629,20844,251
2021-03-31,San Mateo,081,765935,40898,40423,433,40856,350
2021-03-31,Santa Barbara,083,443738,33455,33052,1096,34148,443
2021-03-31,Santa Clara,085,1922200,114457,114499,666,115165,1874
2021-03-31,Santa Cruz,087,273765,15869,15295,805,16100,201
2021-03-31,Shasta,089,179085,11351,11327,1358,12685,179
2021-03-31,Sierra,091,2930,55,50,12,62,0
2021-03-31,Siskiyou,093,43540,1572,1505,264,1769,7
2021-03-31,Solano,095,438530,30966,30824,416,31240,235
2021-03-31,Sonoma,097,501317,29145,29216,276,29492,311
2021-03-31,Stanislaus,099,539301,53316,52782,5630,58412,687
2021-03-31,Sutter,101,95872,9128,9111,83,9194,106
2021-03-31,Tehama,103,63373,4801,4762,518,5280,52
2021-03-31,Trinity,105,12862,478,319,85,404,3
2021-03-31,Tulare,107,460477,49333,48261,8634,56895,816
2021-03-31,Tuolumne,109,53932,3920,3976,37,4013,57
2021-03-31,Ventura,111,848112,79986,79326,2893,82219,969
2021-03-31,Yolo,113,214977,13381,13359,245,13604,197
2021-03-31,Yuba,115,75493,5745,5686,113,5799,44
2021-03-30,Alameda,001,1643700,84050,83395,1811,85206,1211
2021-03-30,Alpine,003,1148,85,85,0,85,0
2021-03-30,Amador,005,37829,3583,3551,32,3583,45
2021-03-30,Butte,007,227075,11707,11296,1673,12969,193
2021-03-30,Calaveras,009,45235,2008,1997,11,2008,50
2021-03-30,Colusa,011,21464,1891,1890,274,2164,14
2021-03-30,Contra Costa,013,1133247,65913,65041,1148,66189,767
2021-03-30,Del Norte,015,27424,1198,1118,10,1128,6
2021-03-30,El Dorado,017,186661,9483,9381,630,10011,105
2021-03-30,Fresno,019,978130,99998,99156,8297,107453,1609
2021-03-30,Glenn,021,27897,2355,2310,530,2840,17
2021-03-30,Humboldt,023,135768,3463,3461,25,3486,35
2021-03-30,Imperial,025,180216,27666,27471,2602,30073,706
2021-03-30,Inyo,027,18085,1377,1374,11,1385,35
2021-03-30,Kern,029,883053,95485,94151,10354,104505,1221
2021-03-30,Kings,031,150075,22815,22530,1036,23566,238
2021-03-30,Lake,033,64148,3358,3330,8,3338,43
2021-03-30,Lassen,035,31185,5144,5132,103,5235,1
2021-03-30,Los Angeles,037,10098052,1189073,1180044,40263,1220307,23136
2021-03-30,Madera,039,155013,16156,16003,892,16895,229
2021-03-30,Marin,041,260295,13687,13611,211,13822,221
2021-03-30,Mariposa,043,17540,394,388,5,393,5
2021-03-30,Mendocino,045,87422,3758,3670,73,3743,45
2021-03-30,Merced,047,269075,29858,29731,999,30730,423
2021-03-30,Modoc,049,8938,356,346,119,465,3
2021-03-30,Mono,051,14174,1235,1245,17,1262,3
2021-03-30,Monterey,053,433212,42567,42308,1784,44092,338
2021-03-30,Napa,055,140530,9453,9391,34,9425,78
2021-03-30,Nevada,057,99092,4359,4266,180,4446,68
2021-03-30,Orange,059,3164182,251368,249412,10823,260235,4727
2021-03-30,Placer,061,380077,21641,20866,1257,22123,271
2021-03-30,Plumas,063,18699,673,661,10,671,4
2021-03-30,Riverside,065,2383286,289650,282930,13723,296653,4154
2021-03-30,Sacramento,067,1510023,99195,97718,1424,99142,1516
2021-03-30,San Benito,069,59416,5872,5870,96,5966,61
2021-03-30,San Bernardino,071,2135413,289406,285758,8777,294535,4343
2021-03-30,San Diego,073,3302833,271392,269998,13567,283565,3555
2021-03-30,San Francisco,075,870044,35359,35325,1207,36532,474
2021-03-30,San Joaquin,077,732212,69891,68613,3186,71799,1232
2021-03-30,San Luis Obispo,079,281455,20556,20194,629,20823,251
2021-03-30,San Mateo,081,765935,40854,40377,433,40810,349
2021-03-30,Santa Barbara,083,443738,33430,33016,1096,34112,441
2021-03-30,Santa Clara,085,1922200,114334,114413,665,115078,1873
2021-03-30,Santa Cruz,087,273765,15863,15278,805,16083,201
2021-03-30,Shasta,089,179085,11343,11316,1357,12673,184
2021-03-30,Sierra,091,2930,55,50,12,62,0
2021-03-30,Siskiyou,093,43540,1571,1501,264,1765,7
2021-03-30,Solano,095,438530,30936,30802,415,31217,232
2021-03-30,Sonoma,097,501317,29113,29198,276,29474,311
2021-03-30,Stanislaus,099,539301,53238,52690,5622,58312,677
2021-03-30,Sutter,101,95872,9124,9107,82,9189,106
2021-03-30,Tehama,103,63373,4792,4748,517,5265,52
2021-03-30,Trinity,105,12862,478,316,85,401,3
2021-03-30,Tulare,107,460477,49318,48249,8625,56874,815
2021-03-30,Tuolumne,109,53932,3915,3972,37,4009,57
2021-03-30,Ventura,111,848112,79942,79282,2890,82172,958
2021-03-30,Yolo,113,214977,13368,13353,245,13598,195
2021-03-30,Yuba,115,75493,5734,5679,107,5786,42
2021-03-29,Alameda,001,1643700,83948,83338,1809,85147,1211
2021-03-29,Alpine,003,1148,85,85,0,85,0
2021-03-29,Amador,005,37829,3577,3549,32,3581,45
2021-03-29,Butte,007,227075,11698,11291,1670,12961,191
2021-03-29,Calaveras,009,45235,2006,1998,11,2009,50
2021-03-29,Colusa,011,21464,1891,1889,273,2162,14
2021-03-29,Contra Costa,013,1133247,65844,64971,1147,66118,767
2021-03-29,Del Norte,015,27424,1193,1116,9,1125,6
2021-03-29,El Dorado,017,186661,9463,9374,624,9998,105
2021-03-29,Fresno,019,978130,99915,99085,8282,107367,1606
2021-03-29,Glenn,021,27897,2348,2310,530,2840,17
2021-03-29,Humboldt,023,135768,3458,3459,25,3484,34
2021-03-29,Imperial,025,180216,27645,27442,2600,30042,704
2021-03-29,Inyo,027,18085,1377,1372,11,1383,35
2021-03-29,Kern,029,883053,95438,94098,10334,104432,1220
2021-03-29,Kings,031,150075,22803,22522,1035,23557,238
2021-03-29,Lake,033,64148,3355,3325,8,3333,43
2021-03-29,Lassen,035,31185,5144,5131,103,5234,1
2021-03-29,Los Angeles,037,10098052,1188578,1179736,40222,1219958,23108
2021-03-29,Madera,039,155013,16136,15987,890,16877,210
2021-03-29,Marin,041,260295,13675,13600,207,13807,220
2021-03-29,Mariposa,043,17540,393,388,5,393,5
2021-03-29,Mendocino,045,87422,3755,3667,73,3740,45
2021-03-29,Merced,047,269075,29834,29699,999,30698,422
2021-03-29,Modoc,049,8938,355,344,119,463,3
2021-03-29,Mono,051,14174,1234,1243,17,1260,3
2021-03-29,Monterey,053,433212,42551,42305,1779,44084,337
2021-03-29,Napa,055,140530,9437,9379,34,9413,78
2021-03-29,Nevada,057,99092,4352,4258,180,4438,68
2021-03-29,Orange,059,3164182,251256,249295,10811,260106,4713
2021-03-29,Placer,061,380077,21606,20827,1250,22077,267
2021-03-29,Plumas,063,18699,672,660,10,670,4
2021-03-29,Riverside,065,2383286,289547,282867,13722,296589,4133
2021-03-29,Sacramento,067,1510023,99001,97577,1416,98993,1514
2021-03-29,San Benito,069,59416,5865,5865,96,5961,61
2021-03-29,San Bernardino,071,2135413,289308,285615,8773,294388,4335
2021-03-29,San Diego,073,3302833,271126,269771,13541,283312,3547
2021-03-29,San Francisco,075,870044,35324,35291,1204,36495,474
2021-03-29,San Joaquin,077,732212,69805,68537,3173,71710,1211
2021-03-29,San Luis Obispo,079,281455,20521,20176,628,20804,250
2021-03-29,San Mateo,081,765935,40812,40357,432,40789,348
2021-03-29,Santa Barbara,083,443738,33396,32983,1095,34078,439
2021-03-29,Santa Clara,085,1922200,114226,114335,660,114995,1871
2021-03-29,Santa Cruz,087,273765,15852,15249,804,16053,201
2021-03-29,Shasta,089,179085,11325,11313,1355,12668,183
2021-03-29,Sierra,091,2930,55,50,12,62,0
2021-03-29,Siskiyou,093,43540,1569,1497,263,1760,6
2021-03-29,Solano,095,438530,30897,30762,413,31175,232
2021-03-29,Sonoma,097,501317,29090,29184,273,29457,310
2021-03-29,Stanislaus,099,539301,53155,52614,5614,58228,677
2021-03-29,Sutter,101,95872,9117,9105,82,9187,106
2021-03-29,Tehama,103,63373,4784,4742,516,5258,52
2021-03-29,Trinity,105,12862,478,314,85,399,3
2021-03-29,Tulare,107,460477,49290,48226,8614,56840,815
2021-03-29,Tuolumne,109,53932,3913,3969,37,4006,57
2021-03-29,Ventura,111,848112,79900,79252,2890,82142,956
2021-03-29,Yolo,113,214977,13349,13346,245,13591,195
2021-03-29,Yuba,115,75493,5727,5671,106,5777,42
2021-03-28,Alameda,001,1643700,83827,83239,1807,85046,1212
2021-03-28,Alpine,003,1148,85,85,0,85,0
2021-03-28,Amador,005,37829,3573,3541,32,3573,45
2021-03-28,Butte,007,227075,11685,11285,1668,12953,191
2021-03-28,Calaveras,009,45235,2004,1995,11,2006,50
2021-03-28,Colusa,011,21464,1890,1889,273,2162,14
2021-03-28,Contra Costa,013,1133247,65770,64878,1143,66021,767
2021-03-28,Del Norte,015,27424,1186,1107,7,1114,6
2021-03-28,El Dorado,017,186661,9448,9371,622,9993,105
2021-03-28,Fresno,019,978130,99833,99004,8270,107274,1606
2021-03-28,Glenn,021,27897,2344,2309,528,2837,17
2021-03-28,Humboldt,023,135768,3455,3452,24,3476,34
2021-03-28,Imperial,025,180216,27618,27426,2597,30023,704
2021-03-28,Inyo,027,18085,1376,1372,11,1383,35
2021-03-28,Kern,029,883053,95393,94084,10323,104407,1219
2021-03-28,Kings,031,150075,22798,22514,1032,23546,238
2021-03-28,Lake,033,64148,3350,3320,8,3328,43
2021-03-28,Lassen,035,31185,5144,5131,102,5233,1
2021-03-28,Los Angeles,037,10098052,1188026,1179316,40164,1219480,23101
2021-03-28,Madera,039,155013,16121,15973,889,16862,210
2021-03-28,Marin,041,260295,13662,13594,205,13799,221
2021-03-28,Mariposa,043,17540,393,388,5,393,5
2021-03-28,Mendocino,045,87422,3753,3666,73,3739,45
2021-03-28,Merced,047,269075,29777,29679,999,30678,422
2021-03-28,Modoc,049,8938,355,344,119,463,3
2021-03-28,Mono,051,14174,1233,1242,17,1259,3
2021-03-28,Monterey,053,433212,42528,42294,1775,44069,337
2021-03-28,Napa,055,140530,9423,9368,34,9402,78
2021-03-28,Nevada,057,99092,4338,4239,180,4419,68
2021-03-28,Orange,059,3164182,251101,249238,10801,260039,4713
2021-03-28,Placer,061,380077,21562,20796,1244,22040,267
2021-03-28,Plumas,063,18699,670,657,10,667,4
2021-03-28,Riverside,065,2383286,289433,282811,13713,296524,4132
2021-03-28,Sacramento,067,1510023,98827,97425,1410,98835,1514
2021-03-28,San Benito,069,59416,5860,5862,96,5958,61
2021-03-28,San Bernardino,071,2135413,289188,285570,8764,294334,4332
2021-03-28,San Diego,073,3302833,270850,269476,13512,282988,3547
2021-03-28,San Francisco,075,870044,35278,35286,1200,36486,474
2021-03-28,San Joaquin,077,732212,69680,68459,3154,71613,1211
2021-03-28,San Luis Obispo,079,281455,20486,20172,625,20797,250
2021-03-28,San Mateo,081,765935,40767,40305,432,40737,348
2021-03-28,Santa Barbara,083,443738,33354,32953,1094,34047,439
2021-03-28,Santa Clara,085,1922200,114126,114232,656,114888,1871
2021-03-28,Santa Cruz,087,273765,15837,15238,803,16041,201
2021-03-28,Shasta,089,179085,11299,11308,1344,12652,183
2021-03-28,Sierra,091,2930,55,50,12,62,0
2021-03-28,Siskiyou,093,43540,1569,1497,262,1759,6
2021-03-28,Solano,095,438530,30860,30719,411,31130,232
2021-03-28,Sonoma,097,501317,29054,29161,271,29432,310
2021-03-28,Stanislaus,099,539301,53067,52567,5599,58166,678
2021-03-28,Sutter,101,95872,9108,9094,82,9176,106
2021-03-28,Tehama,103,63373,4774,4740,514,5254,52
2021-03-28,Trinity,105,12862,476,314,84,398,3
2021-03-28,Tulare,107,460477,49261,48218,8608,56826,815
2021-03-28,Tuolumne,109,53932,3910,3969,36,4005,57
2021-03-28,Ventura,111,848112,79849,79222,2885,82107,956
2021-03-28,Yolo,113,214977,13332,13325,244,13569,194
2021-03-28,Yuba,115,75493,5723,5662,106,5768,42
2021-03-27,Alameda,001,1643700,83756,83169,1803,84972,1211
2021-03-27,Alpine,003,1148,85,85,0,85,0
2021-03-27,Amador,005,37829,3568,3538,32,3570,45
2021-03-27,Butte,007,227075,11678,11278,1667,12945,191
2021-03-27,Calaveras,009,45235,2001,1992,11,2003,50
2021-03-27,Colusa,011,21464,1890,1889,273,2162,14
2021-03-27,Contra Costa,013,1133247,65700,64804,1140,65944,767
2021-03-27,Del Norte,015,27424,1176,1104,7,1111,6
2021-03-27,El Dorado,017,186661,9434,9367,622,9989,105
2021-03-27,Fresno,019,978130,99780,98901,8264,107165,1606
2021-03-27,Glenn,021,27897,2343,2308,528,2836,17
2021-03-27,Humboldt,023,135768,3450,3442,24,3466,34
2021-03-27,Imperial,025,180216,27606,27406,2594,30000,704
2021-03-27,Inyo,027,18085,1374,1372,11,1383,35
2021-03-27,Kern,029,883053,95373,94041,10311,104352,1217
2021-03-27,Kings,031,150075,22795,22502,1032,23534,238
2021-03-27,Lake,033,64148,3348,3317,8,3325,43
2021-03-27,Lassen,035,31185,5144,5129,102,5231,1
2021-03-27,Los Angeles,037,10098052,1187711,1178831,40137,1218968,23103
2021-03-27,Madera,039,155013,16114,15968,887,16855,210
2021-03-27,Marin,041,260295,13657,13579,205,13784,222
2021-03-27,Mariposa,043,17540,393,386,5,391,5
2021-03-27,Mendocino,045,87422,3751,3666,73,3739,45
2021-03-27,Merced,047,269075,29744,29647,997,30644,422
2021-03-27,Modoc,049,8938,355,344,119,463,3
2021-03-27,Mono,051,14174,1231,1241,17,1258,3
2021-03-27,Monterey,053,433212,42518,42271,1775,44046,337
2021-03-27,Napa,055,140530,9411,9360,34,9394,78
2021-03-27,Nevada,057,99092,4328,4231,180,4411,68
2021-03-27,Orange,059,3164182,251008,249160,10785,259945,4698
2021-03-27,Placer,061,380077,21542,20717,1237,21954,267
2021-03-27,Plumas,063,18699,669,655,10,665,4
2021-03-27,Riverside,065,2383286,289371,282707,13705,296412,4132
2021-03-27,Sacramento,067,1510023,98737,97247,1408,98655,1513
2021-03-27,San Benito,069,59416,5858,5862,94,5956,61
2021-03-27,San Bernardino,071,2135413,289125,285480,8762,294242,4325
2021-03-27,San Diego,073,3302833,270679,269271,13490,282761,3540
2021-03-27,San Francisco,075,870044,35255,35244,1198,36442,474
2021-03-27,San Joaquin,077,732212,69620,68365,3146,71511,1211
2021-03-27,San Luis Obispo,079,281455,20475,20153,622,20775,250
2021-03-27,San Mateo,081,765935,40744,40264,432,40696,348
2021-03-27,Santa Barbara,083,443738,33331,32921,1094,34015,439
2021-03-27,Santa Clara,085,1922200,114030,114124,654,114778,1871
2021-03-27,Santa Cruz,087,273765,15831,15215,803,16018,201
2021-03-27,Shasta,089,179085,11288,11288,1342,12630,183
2021-03-27,Sierra,091,2930,55,50,12,62,0
2021-03-27,Siskiyou,093,43540,1569,1497,262,1759,6
2021-03-27,Solano,095,438530,30832,30669,410,31079,232
2021-03-27,Sonoma,097,501317,29039,29133,269,29402,310
2021-03-27,Stanislaus,099,539301,53002,52497,5591,58088,678
2021-03-27,Sutter,101,95872,9101,9093,82,9175,106
2021-03-27,Tehama,103,63373,4768,4738,512,5250,52
2021-03-27,Trinity,105,12862,476,313,84,397,3
2021-03-27,Tulare,107,460477,49245,48203,8600,56803,813
2021-03-27,Tuolumne,109,53932,3907,3968,36,4004,57
2021-03-27,Ventura,111,848112,79822,79184,2883,82067,956
2021-03-27,Yolo,113,214977,13327,13317,243,13560,194
2021-03-27,Yuba,115,75493,5721,5657,106,5763,42
2021-03-26,Alameda,001,1643700,83694,83043,1801,84844,1208
2021-03-26,Alpine,003,1148,85,85,0,85,0
2021-03-26,Amador,005,37829,3563,3532,32,3564,45
2021-03-26,Butte,007,227075,11668,11278,1667,12945,191
2021-03-26,Calaveras,009,45235,1998,1989,11,2000,50
2021-03-26,Colusa,011,21464,1890,1889,273,2162,14
2021-03-26,Contra Costa,013,1133247,65640,64699,1137,65836,761
2021-03-26,Del Norte,015,27424,1173,1101,7,1108,6
2021-03-26,El Dorado,017,186661,9429,9353,622,9975,105
2021-03-26,Fresno,019,978130,99718,98731,8254,106985,1601
2021-03-26,Glenn,021,27897,2343,2307,527,2834,17
2021-03-26,Humboldt,023,135768,3448,3431,24,3455,34
2021-03-26,Imperial,025,180216,27582,27374,2594,29968,701
2021-03-26,Inyo,027,18085,1373,1369,11,1380,35
2021-03-26,Kern,029,883053,95347,93949,10305,104254,1211
2021-03-26,Kings,031,150075,22787,22493,1030,23523,239
2021-03-26,Lake,033,64148,3347,3314,8,3322,43
2021-03-26,Lassen,035,31185,5143,5131,102,5233,1
2021-03-26,Los Angeles,037,10098052,1187372,1178213,40124,1218337,23080
2021-03-26,Madera,039,155013,16104,15952,887,16839,210
2021-03-26,Marin,041,260295,13651,13553,200,13753,221
2021-03-26,Mariposa,043,17540,393,386,5,391,5
2021-03-26,Mendocino,045,87422,3750,3664,73,3737,45
2021-03-26,Merced,047,269075,29721,29613,995,30608,419
2021-03-26,Modoc,049,8938,355,344,119,463,3
2021-03-26,Mono,051,14174,1230,1236,17,1253,3
2021-03-26,Monterey,053,433212,42505,42241,1771,44012,338
2021-03-26,Napa,055,140530,9401,9349,34,9383,78
2021-03-26,Nevada,057,99092,4308,4222,180,4402,83
2021-03-26,Orange,059,3164182,250945,248995,10771,259766,4671
2021-03-26,Placer,061,380077,21516,20679,1236,21915,259
2021-03-26,Plumas,063,18699,668,654,10,664,4
2021-03-26,Riverside,065,2383286,289293,282602,13699,296301,4109
2021-03-26,Sacramento,067,1510023,98637,97040,1403,98443,1509
2021-03-26,San Benito,069,59416,5855,5855,94,5949,61
2021-03-26,San Bernardino,071,2135413,289069,285313,8760,294073,4288
2021-03-26,San Diego,073,3302833,270501,269045,13464,282509,3525
2021-03-26,San Francisco,075,870044,35229,35186,1198,36384,472
2021-03-26,San Joaquin,077,732212,69557,68249,3142,71391,1202
2021-03-26,San Luis Obispo,079,281455,20462,20118,622,20740,250
2021-03-26,San Mateo,081,765935,40709,40199,432,40631,348
2021-03-26,Santa Barbara,083,443738,33301,32895,1093,33988,439
2021-03-26,Santa Clara,085,1922200,113932,113959,653,114612,1868
2021-03-26,Santa Cruz,087,273765,15816,15199,802,16001,201
2021-03-26,Shasta,089,179085,11279,11276,1336,12612,182
2021-03-26,Sierra,091,2930,55,50,12,62,0
2021-03-26,Siskiyou,093,43540,1569,1493,261,1754,6
2021-03-26,Solano,095,438530,30807,30640,410,31050,205
2021-03-26,Sonoma,097,501317,29023,29101,266,29367,310
2021-03-26,Stanislaus,099,539301,52934,52420,5587,58007,678
2021-03-26,Sutter,101,95872,9098,9082,82,9164,104
2021-03-26,Tehama,103,63373,4767,4722,511,5233,51
2021-03-26,Trinity,105,12862,476,311,84,395,3
2021-03-26,Tulare,107,460477,49230,48179,8592,56771,813
2021-03-26,Tuolumne,109,53932,3906,3965,36,4001,57
2021-03-26,Ventura,111,848112,79788,79122,2881,82003,953
2021-03-26,Yolo,113,214977,13320,13299,241,13540,194
2021-03-26,Yuba,115,75493,5711,5653,106,5759,42
2021-03-25,Alameda,001,1643700,83599,82945,1799,84744,1206
2021-03-25,Alpine,003,1148,85,84,0,84,0
2021-03-25,Amador,005,37829,3561,3530,32,3562,45
2021-03-25,Butte,007,227075,11658,11270,1667,12937,188
2021-03-25,Calaveras,009,45235,1997,1982,11,1993,50
2021-03-25,Colusa,011,21464,1890,1888,273,2161,14
2021-03-25,Contra Costa,013,1133247,65573,64606,1133,65739,757
2021-03-25,Del Norte,015,27424,1167,1095,7,1102,6
2021-03-25,El Dorado,017,186661,9419,9331,622,9953,105
2021-03-25,Fresno,019,978130,99600,98602,8241,106843,1593
2021-03-25,Glenn,021,27897,2342,2302,526,2828,17
2021-03-25,Humboldt,023,135768,3443,3423,24,3447,34
2021-03-25,Imperial,025,180216,27566,27352,2593,29945,699
2021-03-25,Inyo,027,18085,1373,1369,11,1380,35
2021-03-25,Kern,029,883053,95315,93857,10300,104157,1206
2021-03-25,Kings,031,150075,22777,22472,1030,23502,237
2021-03-25,Lake,033,64148,3342,3312,8,3320,43
2021-03-25,Lassen,035,31185,5143,5129,102,5231,1
2021-03-25,Los Angeles,037,10098052,1186937,1177490,40089,1217579,23051
2021-03-25,Madera,039,155013,16085,15937,885,16822,210
2021-03-25,Marin,041,260295,13641,13538,197,13735,219
2021-03-25,Mariposa,043,17540,393,386,5,391,5
2021-03-25,Mendocino,045,87422,3749,3664,73,3737,45
2021-03-25,Merced,047,269075,29687,29576,987,30563,416
2021-03-25,Modoc,049,8938,355,343,119,462,3
2021-03-25,Mono,051,14174,1230,1235,17,1252,3
2021-03-25,Monterey,053,433212,42484,42220,1766,43986,336
2021-03-25,Napa,055,140530,9382,9321,34,9355,78
2021-03-25,Nevada,057,99092,4290,4202,178,4380,84
2021-03-25,Orange,059,3164182,250829,248871,10751,259622,4655
2021-03-25,Placer,061,380077,21475,20639,1229,21868,252
2021-03-25,Plumas,063,18699,668,654,10,664,4
2021-03-25,Riverside,065,2383286,289196,282492,13688,296180,4078
2021-03-25,Sacramento,067,1510023,98492,96823,1400,98223,1505
2021-03-25,San Benito,069,59416,5852,5850,94,5944,61
2021-03-25,San Bernardino,071,2135413,288988,285134,8755,293889,4222
2021-03-25,San Diego,073,3302833,270273,268623,13433,282056,3520
2021-03-25,San Francisco,075,870044,35190,35154,1196,36350,468
2021-03-25,San Joaquin,077,732212,69460,68089,3103,71192,1196
2021-03-25,San Luis Obispo,079,281455,20444,20076,622,20698,250
2021-03-25,San Mateo,081,765935,40669,40147,432,40579,348
2021-03-25,Santa Barbara,083,443738,33274,32857,1093,33950,439
2021-03-25,Santa Clara,085,1922200,113828,113877,651,114528,1868
2021-03-25,Santa Cruz,087,273765,15795,15170,802,15972,201
2021-03-25,Shasta,089,179085,11262,11262,1333,12595,181
2021-03-25,Sierra,091,2930,55,50,12,62,0
2021-03-25,Siskiyou,093,43540,1567,1491,260,1751,6
2021-03-25,Solano,095,438530,30746,30583,408,30991,193
2021-03-25,Sonoma,097,501317,28989,29060,262,29322,310
2021-03-25,Stanislaus,099,539301,52867,52321,5580,57901,678
2021-03-25,Sutter,101,95872,9089,9069,82,9151,104
2021-03-25,Tehama,103,63373,4765,4719,510,5229,52
2021-03-25,Trinity,105,12862,476,310,84,394,3
2021-03-25,Tulare,107,460477,49203,48148,8579,56727,811
2021-03-25,Tuolumne,109,53932,3905,3962,36,3998,57
2021-03-25,Ventura,111,848112,79747,79045,2877,81922,952
2021-03-25,Yolo,113,214977,13314,13287,241,13528,194
2021-03-25,Yuba,115,75493,5705,5647,100,5747,42
2021-03-24,Alameda,001,1643700,83505,82871,1796,84667,1199
2021-03-24,Alpine,003,1148,85,84,0,84,0
2021-03-24,Amador,005,37829,3555,3529,32,3561,45
2021-03-24,Butte,007,227075,11648,11252,1663,12915,187
2021-03-24,Calaveras,009,45235,1994,1975,11,1986,50
2021-03-24,Colusa,011,21464,1890,1886,273,2159,14
2021-03-24,Contra Costa,013,1133247,65493,64539,1132,65671,755
2021-03-24,Del Norte,015,27424,1162,1087,7,1094,6
2021-03-24,El Dorado,017,186661,9413,9319,621,9940,105
2021-03-24,Fresno,019,978130,99510,98437,8226,106663,1585
2021-03-24,Glenn,021,27897,2341,2297,525,2822,17
2021-03-24,Humboldt,023,135768,3440,3414,24,3438,34
2021-03-24,Imperial,025,180216,27557,27325,2593,29918,699
2021-03-24,Inyo,027,18085,1373,1368,11,1379,35
2021-03-24,Kern,029,883053,95267,93800,10291,104091,1198
2021-03-24,Kings,031,150075,22762,22456,1028,23484,237
2021-03-24,Lake,033,64148,3338,3307,8,3315,43
2021-03-24,Lassen,035,31185,5141,5130,101,5231,1
2021-03-24,Los Angeles,037,10098052,1186456,1177015,40055,1217070,22993
2021-03-24,Madera,039,155013,16076,15918,884,16802,210
2021-03-24,Marin,041,260295,13627,13526,195,13721,219
2021-03-24,Mariposa,043,17540,393,384,5,389,5
2021-03-24,Mendocino,045,87422,3746,3660,73,3733,45
2021-03-24,Merced,047,269075,29646,29525,987,30512,415
2021-03-24,Modoc,049,8938,354,341,119,460,3
2021-03-24,Mono,051,14174,1229,1243,17,1260,3
2021-03-24,Monterey,053,433212,42462,42201,1763,43964,335
2021-03-24,Napa,055,140530,9362,9310,34,9344,78
2021-03-24,Nevada,057,99092,4275,4191,177,4368,85
2021-03-24,Orange,059,3164182,250715,248775,10733,259508,4638
2021-03-24,Placer,061,380077,21445,20606,1221,21827,250
2021-03-24,Plumas,063,18699,666,652,10,662,4
2021-03-24,Riverside,065,2383286,289112,282410,13685,296095,4058
2021-03-24,Sacramento,067,1510023,98317,96628,1388,98016,1500
2021-03-24,San Benito,069,59416,5851,5847,94,5941,61
2021-03-24,San Bernardino,071,2135413,288902,284983,8753,293736,4170
2021-03-24,San Diego,073,3302833,270059,268413,13405,281818,3509
2021-03-24,San Francisco,075,870044,35162,35103,1193,36296,462
2021-03-24,San Joaquin,077,732212,69389,67978,3091,71069,1196
2021-03-24,San Luis Obispo,079,281455,20414,20021,621,20642,250
2021-03-24,San Mateo,081,765935,40619,40083,432,40515,348
2021-03-24,Santa Barbara,083,443738,33246,32810,1093,33903,438
2021-03-24,Santa Clara,085,1922200,113712,113757,648,114405,1851
2021-03-24,Santa Cruz,087,273765,15781,15138,801,15939,202
2021-03-24,Shasta,089,179085,11243,11243,1331,12574,181
2021-03-24,Sierra,091,2930,55,50,12,62,0
2021-03-24,Siskiyou,093,43540,1565,1490,260,1750,6
2021-03-24,Solano,095,438530,30709,30552,407,30959,178
2021-03-24,Sonoma,097,501317,28969,29034,258,29292,310
2021-03-24,Stanislaus,099,539301,52791,52259,5571,57830,677
2021-03-24,Sutter,101,95872,9073,9049,82,9131,104
2021-03-24,Tehama,103,63373,4759,4719,509,5228,49
2021-03-24,Trinity,105,12862,475,310,84,394,3
2021-03-24,Tulare,107,460477,49192,48109,8566,56675,808
2021-03-24,Tuolumne,109,53932,3904,3961,36,3997,57
2021-03-24,Ventura,111,848112,79695,78993,2870,81863,944
2021-03-24,Yolo,113,214977,13302,13269,241,13510,194
2021-03-24,Yuba,115,75493,5699,5634,97,5731,42
2021-03-23,Alameda,001,1643700,83402,82799,1792,84591,1190
2021-03-23,Alpine,003,1148,85,84,0,84,0
2021-03-23,Amador,005,37829,3549,3524,32,3556,45
2021-03-23,Butte,007,227075,11636,11227,1662,12889,187
2021-03-23,Calaveras,009,45235,1992,1971,11,1982,50
2021-03-23,Colusa,011,21464,1888,1885,272,2157,14
2021-03-23,Contra Costa,013,1133247,65394,64491,1131,65622,750
2021-03-23,Del Norte,015,27424,1157,1082,7,1089,6
2021-03-23,El Dorado,017,186661,9403,9318,619,9937,105
2021-03-23,Fresno,019,978130,99397,98362,8200,106562,1575
2021-03-23,Glenn,021,27897,2336,2293,523,2816,17
2021-03-23,Humboldt,023,135768,3431,3405,24,3429,34
2021-03-23,Imperial,025,180216,27549,27320,2593,29913,699
2021-03-23,Inyo,027,18085,1371,1364,11,1375,35
2021-03-23,Kern,029,883053,95160,93728,10284,104012,1191
2021-03-23,Kings,031,150075,22751,22439,1026,23465,237
2021-03-23,Lake,033,64148,3336,3294,8,3302,43
2021-03-23,Lassen,035,31185,5141,5130,101,5231,1
2021-03-23,Los Angeles,037,10098052,1185936,1176572,40017,1216589,22904
2021-03-23,Madera,039,155013,16060,15908,883,16791,210
2021-03-23,Marin,041,260295,13604,13514,193,13707,221
2021-03-23,Mariposa,043,17540,392,384,5,389,5
2021-03-23,Mendocino,045,87422,3744,3652,73,3725,45
2021-03-23,Merced,047,269075,29612,29485,987,30472,415
2021-03-23,Modoc,049,8938,353,342,119,461,3
2021-03-23,Mono,051,14174,1228,1263,17,1280,3
2021-03-23,Monterey,053,433212,42451,42180,1761,43941,335
2021-03-23,Napa,055,140530,9337,9299,34,9333,78
2021-03-23,Nevada,057,99092,4256,4179,176,4355,89
2021-03-23,Orange,059,3164182,250589,248661,10715,259376,4626
2021-03-23,Placer,061,380077,21410,20567,1217,21784,248
2021-03-23,Plumas,063,18699,666,652,10,662,4
2021-03-23,Riverside,065,2383286,289012,282317,13678,295995,4035
2021-03-23,Sacramento,067,1510023,98125,96521,1382,97903,1496
2021-03-23,San Benito,069,59416,5846,5845,93,5938,61
2021-03-23,San Bernardino,071,2135413,288818,284875,8745,293620,4134
2021-03-23,San Diego,073,3302833,269814,268156,13373,281529,3498
2021-03-23,San Francisco,075,870044,35104,35071,1187,36258,462
2021-03-23,San Joaquin,077,732212,69293,67903,3073,70976,1182
2021-03-23,San Luis Obispo,079,281455,20373,20009,620,20629,250
2021-03-23,San Mateo,081,765935,40563,40032,431,40463,348
2021-03-23,Santa Barbara,083,443738,33208,32771,1092,33863,438
2021-03-23,Santa Clara,085,1922200,113596,113645,645,114290,1848
2021-03-23,Santa Cruz,087,273765,15766,15106,801,15907,201
2021-03-23,Shasta,089,179085,11230,11234,1330,12564,175
2021-03-23,Sierra,091,2930,55,50,12,62,0
2021-03-23,Siskiyou,093,43540,1560,1485,258,1743,6
2021-03-23,Solano,095,438530,30668,30524,406,30930,178
2021-03-23,Sonoma,097,501317,28932,29020,257,29277,310
2021-03-23,Stanislaus,099,539301,52692,52148,5563,57711,677
2021-03-23,Sutter,101,95872,9065,9039,82,9121,104
2021-03-23,Tehama,103,63373,4750,4707,508,5215,46
2021-03-23,Trinity,105,12862,475,310,84,394,3
2021-03-23,Tulare,107,460477,49165,48095,8550,56645,808
2021-03-23,Tuolumne,109,53932,3901,3957,36,3993,57
2021-03-23,Ventura,111,848112,79634,78930,2867,81797,932
2021-03-23,Yolo,113,214977,13291,13255,241,13496,194
2021-03-23,Yuba,115,75493,5694,5628,97,5725,42
2021-03-22,Alameda,001,1643700,83309,82748,1786,84534,1189
2021-03-22,Alpine,003,1148,84,83,0,83,0
2021-03-22,Amador,005,37829,3541,3522,32,3554,44
2021-03-22,Butte,007,227075,11627,11211,1660,12871,185
2021-03-22,Calaveras,009,45235,1988,1963,11,1974,49
2021-03-22,Colusa,011,21464,1886,1885,272,2157,13
2021-03-22,Contra Costa,013,1133247,65299,64432,1129,65561,740
2021-03-22,Del Norte,015,27424,1151,1082,7,1089,6
2021-03-22,El Dorado,017,186661,9387,9310,616,9926,105
2021-03-22,Fresno,019,978130,99299,98276,8187,106463,1556
2021-03-22,Glenn,021,27897,2328,2291,523,2814,17
2021-03-22,Humboldt,023,135768,3426,3403,24,3427,34
2021-03-22,Imperial,025,180216,27534,27302,2589,29891,699
2021-03-22,Inyo,027,18085,1368,1363,11,1374,35
2021-03-22,Kern,029,883053,95089,93675,10267,103942,1178
2021-03-22,Kings,031,150075,22738,22433,1021,23454,236
2021-03-22,Lake,033,64148,3335,3290,8,3298,43
2021-03-22,Lassen,035,31185,5139,5129,101,5230,1
2021-03-22,Los Angeles,037,10098052,1185421,1176205,39985,1216190,22843
2021-03-22,Madera,039,155013,16045,15904,883,16787,210
2021-03-22,Marin,041,260295,13595,13501,192,13693,221
2021-03-22,Mariposa,043,17540,391,381,5,386,5
2021-03-22,Mendocino,045,87422,3742,3653,73,3726,45
2021-03-22,Merced,047,269075,29569,29468,984,30452,413
2021-03-22,Modoc,049,8938,351,342,119,461,3
2021-03-22,Mono,051,14174,1223,1263,17,1280,3
2021-03-22,Monterey,053,433212,42435,42161,1759,43920,335
2021-03-22,Napa,055,140530,9326,9288,34,9322,77
2021-03-22,Nevada,057,99092,4246,4174,172,4346,89
2021-03-22,Orange,059,3164182,250438,248517,10681,259198,4599
2021-03-22,Placer,061,380077,21375,20543,1212,21755,242
2021-03-22,Plumas,063,18699,666,652,10,662,4
2021-03-22,Riverside,065,2383286,288912,282242,13667,295909,4009
2021-03-22,Sacramento,067,1510023,97947,96385,1373,97758,1493
2021-03-22,San Benito,069,59416,5843,5844,92,5936,61
2021-03-22,San Bernardino,071,2135413,288730,284771,8733,293504,4107
2021-03-22,San Diego,073,3302833,269602,267913,13353,281266,3494
2021-03-22,San Francisco,075,870044,35062,35040,1183,36223,462
2021-03-22,San Joaquin,077,732212,69201,67815,3055,70870,1182
2021-03-22,San Luis Obispo,079,281455,20349,20000,619,20619,250
2021-03-22,San Mateo,081,765935,40512,40024,430,40454,348
2021-03-22,Santa Barbara,083,443738,33164,32756,1090,33846,437
2021-03-22,Santa Clara,085,1922200,113476,113575,645,114220,1845
2021-03-22,Santa Cruz,087,273765,15754,15077,800,15877,201
2021-03-22,Shasta,089,179085,11216,11218,1329,12547,150
2021-03-22,Sierra,091,2930,55,50,12,62,0
2021-03-22,Siskiyou,093,43540,1559,1487,257,1744,5
2021-03-22,Solano,095,438530,30628,30490,402,30892,171
2021-03-22,Sonoma,097,501317,28903,29010,253,29263,310
2021-03-22,Stanislaus,099,539301,52608,52083,5558,57641,677
2021-03-22,Sutter,101,95872,9052,9024,82,9106,104
2021-03-22,Tehama,103,63373,4742,4704,508,5212,45
2021-03-22,Trinity,105,12862,475,310,84,394,3
2021-03-22,Tulare,107,460477,49150,48074,8530,56604,807
2021-03-22,Tuolumne,109,53932,3898,3954,36,3990,57
2021-03-22,Ventura,111,848112,79588,78890,2864,81754,927
2021-03-22,Yolo,113,214977,13279,13243,240,13483,190
2021-03-22,Yuba,115,75493,5683,5627,95,5722,42
2021-03-21,Alameda,001,1643700,83218,82684,1783,84467,1187
2021-03-21,Alpine,003,1148,84,83,0,83,0
2021-03-21,Amador,005,37829,3537,3519,32,3551,44
2021-03-21,Butte,007,227075,11611,11208,1655,12863,185
2021-03-21,Calaveras,009,45235,1982,1962,11,1973,49
2021-03-21,Colusa,011,21464,1886,1885,272,2157,13
2021-03-21,Contra Costa,013,1133247,65217,64382,1125,65507,740
2021-03-21,Del Norte,015,27424,1136,1076,7,1083,6
2021-03-21,El Dorado,017,186661,9377,9302,611,9913,105
2021-03-21,Fresno,019,978130,99185,98211,8163,106374,1556
2021-03-21,Glenn,021,27897,2325,2288,522,2810,17
2021-03-21,Humboldt,023,135768,3421,3402,24,3426,34
2021-03-21,Imperial,025,180216,27517,27267,2584,29851,699
2021-03-21,Inyo,027,18085,1368,1363,11,1374,35
2021-03-21,Kern,029,883053,95023,93649,10258,103907,1170
2021-03-21,Kings,031,150075,22721,22422,1021,23443,236
2021-03-21,Lake,033,64148,3331,3286,8,3294,43
2021-03-21,Lassen,035,31185,5139,5129,101,5230,1
2021-03-21,Los Angeles,037,10098052,1184885,1175684,39938,1215622,22834
2021-03-21,Madera,039,155013,16025,15895,881,16776,210
2021-03-21,Marin,041,260295,13579,13495,191,13686,220
2021-03-21,Mariposa,043,17540,391,381,5,386,5
2021-03-21,Mendocino,045,87422,3739,3651,73,3724,45
2021-03-21,Merced,047,269075,29509,29446,978,30424,413
2021-03-21,Modoc,049,8938,351,341,119,460,3
2021-03-21,Mono,051,14174,1218,1263,17,1280,3
2021-03-21,Monterey,053,433212,42410,42153,1756,43909,335
2021-03-21,Napa,055,140530,9306,9282,34,9316,77
2021-03-21,Nevada,057,99092,4233,4169,172,4341,89
2021-03-21,Orange,059,3164182,250305,248442,10655,259097,4598
2021-03-21,Placer,061,380077,21339,20520,1204,21724,242
2021-03-21,Plumas,063,18699,666,653,10,663,4
2021-03-21,Riverside,065,2383286,288805,282187,13656,295843,4009
2021-03-21,Sacramento,067,1510023,97753,96269,1366,97635,1489
2021-03-21,San Benito,069,59416,5837,5842,92,5934,61
2021-03-21,San Bernardino,071,2135413,288639,284732,8727,293459,4094
2021-03-21,San Diego,073,3302833,269342,267724,13327,281051,3494
2021-03-21,San Francisco,075,870044,35015,35012,1176,36188,460
2021-03-21,San Joaquin,077,732212,69079,67729,3037,70766,1182
2021-03-21,San Luis Obispo,079,281455,20317,19979,617,20596,250
2021-03-21,San Mateo,081,765935,40467,39988,429,40417,344
2021-03-21,Santa Barbara,083,443738,33125,32743,1089,33832,437
2021-03-21,Santa Clara,085,1922200,113347,113487,642,114129,1840
2021-03-21,Santa Cruz,087,273765,15747,15064,800,15864,199
2021-03-21,Shasta,089,179085,11196,11215,1328,12543,150
2021-03-21,Sierra,091,2930,55,50,12,62,0
2021-03-21,Siskiyou,093,43540,1559,1486,256,1742,5
2021-03-21,Solano,095,438530,30588,30474,399,30873,171
2021-03-21,Sonoma,097,501317,28874,28986,252,29238,310
2021-03-21,Stanislaus,099,539301,52518,52014,5556,57570,677
2021-03-21,Sutter,101,95872,9039,9021,82,9103,104
2021-03-21,Tehama,103,63373,4738,4701,508,5209,45
2021-03-21,Trinity,105,12862,473,310,84,394,3
2021-03-21,Tulare,107,460477,49134,48060,8518,56578,807
2021-03-21,Tuolumne,109,53932,3896,3953,36,3989,57
2021-03-21,Ventura,111,848112,79525,78863,2859,81722,927
2021-03-21,Yolo,113,214977,13257,13235,240,13475,190
2021-03-21,Yuba,115,75493,5673,5624,95,5719,42
2021-03-20,Alameda,001,1643700,83150,82614,1781,84395,1178
2021-03-20,Alpine,003,1148,84,83,0,83,0
2021-03-20,Amador,005,37829,3535,3518,32,3550,44
2021-03-20,Butte,007,227075,11605,11199,1653,12852,185
2021-03-20,Calaveras,009,45235,1978,1961,11,1972,49
2021-03-20,Colusa,011,21464,1886,1883,272,2155,12
2021-03-20,Contra Costa,013,1133247,65157,64313,1125,65438,713
2021-03-20,Del Norte,015,27424,1135,1075,7,1082,6
2021-03-20,El Dorado,017,186661,9371,9290,611,9901,105
2021-03-20,Fresno,019,978130,99125,98112,8156,106268,1532
2021-03-20,Glenn,021,27897,2324,2288,520,2808,17
2021-03-20,Humboldt,023,135768,3414,3399,24,3423,33
2021-03-20,Imperial,025,180216,27511,27239,2582,29821,695
2021-03-20,Inyo,027,18085,1368,1362,11,1373,35
2021-03-20,Kern,029,883053,94994,93606,10254,103860,1155
2021-03-20,Kings,031,150075,22716,22415,1020,23435,236
2021-03-20,Lake,033,64148,3327,3280,8,3288,43
2021-03-20,Lassen,035,31185,5139,5128,101,5229,1
2021-03-20,Los Angeles,037,10098052,1184583,1175290,39914,1215204,22810
2021-03-20,Madera,039,155013,16017,15891,880,16771,210
2021-03-20,Marin,041,260295,13567,13470,187,13657,220
2021-03-20,Mariposa,043,17540,390,381,5,386,5
2021-03-20,Mendocino,045,87422,3738,3639,73,3712,43
2021-03-20,Merced,047,269075,29478,29411,975,30386,412
2021-03-20,Modoc,049,8938,350,341,119,460,3
2021-03-20,Mono,051,14174,1218,1256,17,1273,3
2021-03-20,Monterey,053,433212,42401,42146,1755,43901,334
2021-03-20,Napa,055,140530,9298,9274,34,9308,77
2021-03-20,Nevada,057,99092,4222,4164,171,4335,89
2021-03-20,Orange,059,3164182,250224,248348,10643,258991,4522
2021-03-20,Placer,061,380077,21316,20505,1202,21707,242
2021-03-20,Plumas,063,18699,663,652,10,662,4
2021-03-20,Riverside,065,2383286,288730,282081,13652,295733,4000
2021-03-20,Sacramento,067,1510023,97642,96126,1363,97489,1488
2021-03-20,San Benito,069,59416,5833,5840,92,5932,61
2021-03-20,San Bernardino,071,2135413,288574,284690,8723,293413,3965
2021-03-20,San Diego,073,3302833,269171,267532,13320,280852,3493
2021-03-20,San Francisco,075,870044,34992,34968,1169,36137,453
2021-03-20,San Joaquin,077,732212,69038,67662,3030,70692,1161
2021-03-20,San Luis Obispo,079,281455,20301,19951,611,20562,250
2021-03-20,San Mateo,081,765935,40433,39958,428,40386,344
2021-03-20,Santa Barbara,083,443738,33100,32723,1088,33811,434
2021-03-20,Santa Clara,085,1922200,113255,113384,641,114025,1799
2021-03-20,Santa Cruz,087,273765,15731,15053,800,15853,199
2021-03-20,Shasta,089,179085,11190,11211,1328,12539,147
2021-03-20,Sierra,091,2930,55,50,12,62,0
2021-03-20,Siskiyou,093,43540,1559,1483,256,1739,5
2021-03-20,Solano,095,438530,30558,30439,399,30838,170
2021-03-20,Sonoma,097,501317,28859,28962,252,29214,309
2021-03-20,Stanislaus,099,539301,52462,51925,5549,57474,673
2021-03-20,Sutter,101,95872,9031,9014,82,9096,103
2021-03-20,Tehama,103,63373,4733,4696,506,5202,33
2021-03-20,Trinity,105,12862,472,310,84,394,3
2021-03-20,Tulare,107,460477,49119,48030,8501,56531,804
2021-03-20,Tuolumne,109,53932,3893,3950,36,3986,57
2021-03-20,Ventura,111,848112,79490,78818,2857,81675,922
2021-03-20,Yolo,113,214977,13253,13226,240,13466,190
2021-03-20,Yuba,115,75493,5670,5621,94,5715,42
2021-03-19,Alameda,001,1643700,83078,82499,1780,84279,1187
2021-03-19,Alpine,003,1148,83,82,0,82,0
2021-03-19,Amador,005,37829,3532,3515,32,3547,44
2021-03-19,Butte,007,227075,11597,11191,1650,12841,185
2021-03-19,Calaveras,009,45235,1977,1957,11,1968,49
2021-03-19,Colusa,011,21464,1885,1883,272,2155,12
2021-03-19,Contra Costa,013,1133247,65098,64195,1122,65317,737
2021-03-19,Del Norte,015,27424,1129,1071,5,1076,6
2021-03-19,El Dorado,017,186661,9362,9274,611,9885,105
2021-03-19,Fresno,019,978130,99041,97969,8142,106111,1527
2021-03-19,Glenn,021,27897,2324,2282,520,2802,17
2021-03-19,Humboldt,023,135768,3405,3388,24,3412,33
2021-03-19,Imperial,025,180216,27499,27218,2578,29796,695
2021-03-19,Inyo,027,18085,1366,1356,11,1367,35
2021-03-19,Kern,029,883053,94961,93534,10241,103775,1152
2021-03-19,Kings,031,150075,22707,22369,1017,23386,235
2021-03-19,Lake,033,64148,3321,3262,8,3270,43
2021-03-19,Lassen,035,31185,5139,5126,101,5227,1
2021-03-19,Los Angeles,037,10098052,1184248,1174818,39897,1214715,22752
2021-03-19,Madera,039,155013,16010,15877,879,16756,210
2021-03-19,Marin,041,260295,13555,13441,187,13628,220
2021-03-19,Mariposa,043,17540,389,380,5,385,5
2021-03-19,Mendocino,045,87422,3737,3639,73,3712,45
2021-03-19,Merced,047,269075,29451,29376,972,30348,412
2021-03-19,Modoc,049,8938,350,341,119,460,3
2021-03-19,Mono,051,14174,1216,1244,17,1261,3
2021-03-19,Monterey,053,433212,42392,42125,1753,43878,335
2021-03-19,Napa,055,140530,9286,9256,34,9290,77
2021-03-19,Nevada,057,99092,4211,4156,171,4327,88
2021-03-19,Orange,059,3164182,250124,248146,10633,258779,4501
2021-03-19,Placer,061,380077,21298,20451,1200,21651,242
2021-03-19,Plumas,063,18699,663,650,10,660,4
2021-03-19,Riverside,065,2383286,288647,281937,13647,295584,3989
2021-03-19,Sacramento,067,1510023,97539,95934,1360,97294,1486
2021-03-19,San Benito,069,59416,5833,5845,92,5937,61
2021-03-19,San Bernardino,071,2135413,288501,284501,8721,293222,4017
2021-03-19,San Diego,073,3302833,269036,267173,13310,280483,3491
2021-03-19,San Francisco,075,870044,34947,34936,1166,36102,461
2021-03-19,San Joaquin,077,732212,68968,67515,3016,70531,1180
2021-03-19,San Luis Obispo,079,281455,20281,19913,609,20522,249
2021-03-19,San Mateo,081,765935,40409,39893,428,40321,344
2021-03-19,Santa Barbara,083,443738,33070,32685,1087,33772,435
2021-03-19,Santa Clara,085,1922200,113180,113232,640,113872,1797
2021-03-19,Santa Cruz,087,273765,15724,15026,800,15826,199
2021-03-19,Shasta,089,179085,11183,11104,1326,12430,103
2021-03-19,Sierra,091,2930,54,49,12,61,0
2021-03-19,Siskiyou,093,43540,1559,1480,255,1735,5
2021-03-19,Solano,095,438530,30528,30395,397,30792,172
2021-03-19,Sonoma,097,501317,28838,28932,250,29182,292
2021-03-19,Stanislaus,099,539301,52404,51755,5546,57301,679
2021-03-19,Sutter,101,95872,9029,9005,82,9087,103
2021-03-19,Tehama,103,63373,4726,4685,506,5191,33
2021-03-19,Trinity,105,12862,472,310,84,394,3
2021-03-19,Tulare,107,460477,49096,47989,8478,56467,805
2021-03-19,Tuolumne,109,53932,3890,3946,36,3982,57
2021-03-19,Ventura,111,848112,79457,78753,2853,81606,920
2021-03-19,Yolo,113,214977,13245,13197,240,13437,189
2021-03-19,Yuba,115,75493,5667,5615,93,5708,42
2021-03-18,Alameda,001,1643700,82998,82419,1777,84196,1189
2021-03-18,Alpine,003,1148,83,82,0,82,0
2021-03-18,Amador,005,37829,3528,3513,32,3545,44
2021-03-18,Butte,007,227075,11586,11179,1648,12827,185
2021-03-18,Calaveras,009,45235,1975,1954,11,1965,49
2021-03-18,Colusa,011,21464,1885,1882,272,2154,12
2021-03-18,Contra Costa,013,1133247,65025,64103,1119,65222,739
2021-03-18,Del Norte,015,27424,1120,1059,5,1064,6
2021-03-18,El Dorado,017,186661,9349,9261,610,9871,105
2021-03-18,Fresno,019,978130,98944,97856,8127,105983,1527
2021-03-18,Glenn,021,27897,2320,2275,519,2794,17
2021-03-18,Humboldt,023,135768,3397,3381,24,3405,34
2021-03-18,Imperial,025,180216,27484,27190,2573,29763,695
2021-03-18,Inyo,027,18085,1363,1354,11,1365,35
2021-03-18,Kern,029,883053,94904,93458,10227,103685,1158
2021-03-18,Kings,031,150075,22700,22354,1016,23370,235
2021-03-18,Lake,033,64148,3318,3260,8,3268,43
2021-03-18,Lassen,035,31185,5138,5126,101,5227,1
2021-03-18,Los Angeles,037,10098052,1183815,1174205,39868,1214073,22689
2021-03-18,Madera,039,155013,15998,15860,876,16736,211
2021-03-18,Marin,041,260295,13537,13435,186,13621,219
2021-03-18,Mariposa,043,17540,387,380,5,385,5
2021-03-18,Mendocino,045,87422,3727,3630,73,3703,45
2021-03-18,Merced,047,269075,29416,29317,972,30289,410
2021-03-18,Modoc,049,8938,350,341,119,460,3
2021-03-18,Mono,051,14174,1212,1215,16,1231,3
2021-03-18,Monterey,053,433212,42380,42105,1753,43858,335
2021-03-18,Napa,055,140530,9277,9243,34,9277,77
2021-03-18,Nevada,057,99092,4204,4154,171,4325,74
2021-03-18,Orange,059,3164182,250021,248050,10620,258670,4514
2021-03-18,Placer,061,380077,21266,20421,1197,21618,243
2021-03-18,Plumas,063,18699,661,648,10,658,4
2021-03-18,Riverside,065,2383286,288566,281789,13640,295429,3957
2021-03-18,Sacramento,067,1510023,97391,95819,1356,97175,1481
2021-03-18,San Benito,069,59416,5831,5842,92,5934,61
2021-03-18,San Bernardino,071,2135413,288420,284294,8691,292985,4076
2021-03-18,San Diego,073,3302833,268883,266752,13300,280052,3478
2021-03-18,San Francisco,075,870044,34908,34904,1165,36069,461
2021-03-18,San Joaquin,077,732212,68868,67301,3004,70305,1169
2021-03-18,San Luis Obispo,079,281455,20252,19894,608,20502,249
2021-03-18,San Mateo,081,765935,40368,39874,428,40302,344
2021-03-18,Santa Barbara,083,443738,33029,32640,1087,33727,434
2021-03-18,Santa Clara,085,1922200,113063,113119,636,113755,1808
2021-03-18,Santa Cruz,087,273765,15714,14998,800,15798,198
2021-03-18,Shasta,089,179085,11169,11059,1324,12383,100
2021-03-18,Sierra,091,2930,54,49,12,61,0
2021-03-18,Siskiyou,093,43540,1556,1480,254,1734,5
2021-03-18,Solano,095,438530,30486,30352,394,30746,172
2021-03-18,Sonoma,097,501317,28817,28915,248,29163,292
2021-03-18,Stanislaus,099,539301,52333,51615,5542,57157,682
2021-03-18,Sutter,101,95872,9017,8999,82,9081,103
2021-03-18,Tehama,103,63373,4720,4683,505,5188,35
2021-03-18,Trinity,105,12862,472,310,84,394,3
2021-03-18,Tulare,107,460477,49077,47964,8463,56427,805
2021-03-18,Tuolumne,109,53932,3889,3942,36,3978,57
2021-03-18,Ventura,111,848112,79397,78697,2853,81550,918
2021-03-18,Yolo,113,214977,13232,13183,240,13423,191
2021-03-18,Yuba,115,75493,5663,5612,93,5705,42
2021-03-17,Alameda,001,1643700,82922,82353,1772,84125,1185
2021-03-17,Alpine,003,1148,83,82,0,82,0
2021-03-17,Amador,005,37829,3526,3511,32,3543,44
2021-03-17,Butte,007,227075,11577,11170,1646,12816,185
2021-03-17,Calaveras,009,45235,1972,1946,11,1957,49
2021-03-17,Colusa,011,21464,1884,1882,272,2154,12
2021-03-17,Contra Costa,013,1133247,64956,64026,1118,65144,737
2021-03-17,Del Norte,015,27424,1116,1053,5,1058,6
2021-03-17,El Dorado,017,186661,9339,9252,610,9862,105
2021-03-17,Fresno,019,978130,98833,97727,8109,105836,1507
2021-03-17,Glenn,021,27897,2313,2269,518,2787,17
2021-03-17,Humboldt,023,135768,3389,3365,24,3389,33
2021-03-17,Imperial,025,180216,27467,27168,2570,29738,691
2021-03-17,Inyo,027,18085,1361,1351,11,1362,35
2021-03-17,Kern,029,883053,94848,93392,10214,103606,1149
2021-03-17,Kings,031,150075,22684,22336,1015,23351,233
2021-03-17,Lake,033,64148,3311,3251,8,3259,43
2021-03-17,Lassen,035,31185,5137,5125,101,5226,1
2021-03-17,Los Angeles,037,10098052,1183362,1173416,39835,1213251,22602
2021-03-17,Madera,039,155013,15991,15835,876,16711,214
2021-03-17,Marin,041,260295,13520,13428,185,13613,218
2021-03-17,Mariposa,043,17540,387,379,5,384,5
2021-03-17,Mendocino,045,87422,3723,3625,73,3698,44
2021-03-17,Merced,047,269075,29388,29250,968,30218,408
2021-03-17,Modoc,049,8938,350,341,119,460,3
2021-03-17,Mono,051,14174,1210,1212,16,1228,3
2021-03-17,Monterey,053,433212,42362,42061,1750,43811,334
2021-03-17,Napa,055,140530,9262,9219,34,9253,76
2021-03-17,Nevada,057,99092,4194,4145,171,4316,74
2021-03-17,Orange,059,3164182,249902,247943,10592,258535,4502
2021-03-17,Placer,061,380077,21238,20369,1195,21564,243
2021-03-17,Plumas,063,18699,660,645,10,655,4
2021-03-17,Riverside,065,2383286,288450,281649,13632,295281,3925
2021-03-17,Sacramento,067,1510023,97263,95650,1351,97001,1477
2021-03-17,San Benito,069,59416,5828,5841,92,5933,61
2021-03-17,San Bernardino,071,2135413,288303,284170,8686,292856,4049
2021-03-17,San Diego,073,3302833,268672,266313,13282,279595,3470
2021-03-17,San Francisco,075,870044,34873,34873,1164,36037,457
2021-03-17,San Joaquin,077,732212,68783,67093,2988,70081,1164
2021-03-17,San Luis Obispo,079,281455,20229,19858,604,20462,249
2021-03-17,San Mateo,081,765935,40338,39838,427,40265,344
2021-03-17,Santa Barbara,083,443738,33007,32585,1086,33671,433
2021-03-17,Santa Clara,085,1922200,112970,112983,635,113618,1805
2021-03-17,Santa Cruz,087,273765,15706,14967,800,15767,199
2021-03-17,Shasta,089,179085,11164,11045,1321,12366,100
2021-03-17,Sierra,091,2930,54,49,12,61,0
2021-03-17,Siskiyou,093,43540,1555,1479,252,1731,5
2021-03-17,Solano,095,438530,30460,30320,392,30712,171
2021-03-17,Sonoma,097,501317,28793,28877,247,29124,292
2021-03-17,Stanislaus,099,539301,52258,51524,5535,57059,682
2021-03-17,Sutter,101,95872,9007,8982,82,9064,103
2021-03-17,Tehama,103,63373,4715,4670,505,5175,34
2021-03-17,Trinity,105,12862,472,308,84,392,3
2021-03-17,Tulare,107,460477,49057,47929,8453,56382,805
2021-03-17,Tuolumne,109,53932,3886,3938,36,3974,57
2021-03-17,Ventura,111,848112,79341,78648,2850,81498,916
2021-03-17,Yolo,113,214977,13215,13169,240,13409,190
2021-03-17,Yuba,115,75493,5660,5603,93,5696,42
2021-03-16,Alameda,001,1643700,82810,82259,1770,84029,1177
2021-03-16,Alpine,003,1148,83,82,0,82,0
2021-03-16,Amador,005,37829,3524,3510,32,3542,44
2021-03-16,Butte,007,227075,11565,11154,1645,12799,184
2021-03-16,Calaveras,009,45235,1967,1945,11,1956,49
2021-03-16,Colusa,011,21464,1883,1882,272,2154,12
2021-03-16,Contra Costa,013,1133247,64873,63951,1115,65066,736
2021-03-16,Del Norte,015,27424,1108,1048,5,1053,6
2021-03-16,El Dorado,017,186661,9324,9249,610,9859,105
2021-03-16,Fresno,019,978130,98695,97638,8088,105726,1498
2021-03-16,Glenn,021,27897,2305,2267,514,2781,17
2021-03-16,Humboldt,023,135768,3385,3351,24,3375,33
2021-03-16,Imperial,025,180216,27456,27143,2567,29710,689
2021-03-16,Inyo,027,18085,1360,1346,11,1357,35
2021-03-16,Kern,029,883053,94782,93340,10199,103539,1144
2021-03-16,Kings,031,150075,22648,22320,1014,23334,233
2021-03-16,Lake,033,64148,3303,3246,8,3254,43
2021-03-16,Lassen,035,31185,5136,5126,101,5227,1
2021-03-16,Los Angeles,037,10098052,1182829,1172676,39797,1212473,22527
2021-03-16,Madera,039,155013,15975,15822,874,16696,214
2021-03-16,Marin,041,260295,13502,13419,185,13604,218
2021-03-16,Mariposa,043,17540,384,379,5,384,5
2021-03-16,Mendocino,045,87422,3718,3623,73,3696,44
2021-03-16,Merced,047,269075,29335,29198,967,30165,407
2021-03-16,Modoc,049,8938,350,341,119,460,3
2021-03-16,Mono,051,14174,1209,1207,16,1223,3
2021-03-16,Monterey,053,433212,42343,42023,1750,43773,334
2021-03-16,Napa,055,140530,9252,9209,34,9243,75
2021-03-16,Nevada,057,99092,4185,4132,170,4302,67
2021-03-16,Orange,059,3164182,249763,247843,10573,258416,4479
2021-03-16,Placer,061,380077,21206,20339,1191,21530,240
2021-03-16,Plumas,063,18699,659,643,10,653,4
2021-03-16,Riverside,065,2383286,288336,281540,13619,295159,3893
2021-03-16,Sacramento,067,1510023,97120,95522,1347,96869,1466
2021-03-16,San Benito,069,59416,5823,5831,92,5923,61
2021-03-16,San Bernardino,071,2135413,288173,283980,8679,292659,4032
2021-03-16,San Diego,073,3302833,268440,265903,13269,279172,3462
2021-03-16,San Francisco,075,870044,34844,34833,1159,35992,456
2021-03-16,San Joaquin,077,732212,68681,66856,2975,69831,1163
2021-03-16,San Luis Obispo,079,281455,20199,19832,602,20434,248
2021-03-16,San Mateo,081,765935,40304,39806,425,40231,344
2021-03-16,Santa Barbara,083,443738,32975,32556,1085,33641,433
2021-03-16,Santa Clara,085,1922200,112852,112845,632,113477,1797
2021-03-16,Santa Cruz,087,273765,15700,14926,800,15726,199
2021-03-16,Shasta,089,179085,11148,11035,1318,12353,100
2021-03-16,Sierra,091,2930,53,49,12,61,0
2021-03-16,Siskiyou,093,43540,1552,1477,252,1729,5
2021-03-16,Solano,095,438530,30426,30298,390,30688,171
2021-03-16,Sonoma,097,501317,28760,28850,245,29095,291
2021-03-16,Stanislaus,099,539301,52178,51410,5528,56938,683
2021-03-16,Sutter,101,95872,8999,8970,82,9052,102
2021-03-16,Tehama,103,63373,4712,4660,504,5164,34
2021-03-16,Trinity,105,12862,472,308,83,391,3
2021-03-16,Tulare,107,460477,49009,47895,8445,56340,803
2021-03-16,Tuolumne,109,53932,3883,3938,36,3974,57
2021-03-16,Ventura,111,848112,79275,78671,2843,81514,916
2021-03-16,Yolo,113,214977,13200,13162,240,13402,190
2021-03-16,Yuba,115,75493,5657,5596,92,5688,42
2021-03-15,Alameda,001,1643700,82721,82159,1770,83929,1167
2021-03-15,Alpine,003,1148,83,82,0,82,0
2021-03-15,Amador,005,37829,3523,3506,32,3538,44
2021-03-15,Butte,007,227075,11552,11141,1641,12782,185
2021-03-15,Calaveras,009,45235,1966,1941,11,1952,49
2021-03-15,Colusa,011,21464,1883,1883,272,2155,12
2021-03-15,Contra Costa,013,1133247,64811,63847,1114,64961,732
2021-03-15,Del Norte,015,27424,1105,1048,5,1053,6
2021-03-15,El Dorado,017,186661,9318,9235,609,9844,103
2021-03-15,Fresno,019,978130,98568,97520,8073,105593,1496
2021-03-15,Glenn,021,27897,2300,2261,511,2772,15
2021-03-15,Humboldt,023,135768,3379,3337,24,3361,32
2021-03-15,Imperial,025,180216,27436,27122,2564,29686,684
2021-03-15,Inyo,027,18085,1360,1346,11,1357,35
2021-03-15,Kern,029,883053,94722,93266,10192,103458,1141
2021-03-15,Kings,031,150075,22631,22294,1008,23302,233
2021-03-15,Lake,033,64148,3291,3237,8,3245,43
2021-03-15,Lassen,035,31185,5136,5125,101,5226,1
2021-03-15,Los Angeles,037,10098052,1182257,1172445,39765,1212210,22477
2021-03-15,Madera,039,155013,15964,15806,872,16678,214
2021-03-15,Marin,041,260295,13496,13408,184,13592,218
2021-03-15,Mariposa,043,17540,384,376,5,381,5
2021-03-15,Mendocino,045,87422,3714,3615,73,3688,44
2021-03-15,Merced,047,269075,29297,29169,965,30134,407
2021-03-15,Modoc,049,8938,350,340,119,459,3
2021-03-15,Mono,051,14174,1208,1206,16,1222,3
2021-03-15,Monterey,053,433212,42315,42011,1747,43758,333
2021-03-15,Napa,055,140530,9241,9196,34,9230,75
2021-03-15,Nevada,057,99092,4180,4123,169,4292,66
2021-03-15,Orange,059,3164182,249650,247697,10552,258249,4481
2021-03-15,Placer,061,380077,21183,20308,1191,21499,238
2021-03-15,Plumas,063,18699,659,642,10,652,4
2021-03-15,Riverside,065,2383286,288184,281367,13609,294976,3856
2021-03-15,Sacramento,067,1510023,96967,95414,1341,96755,1463
2021-03-15,San Benito,069,59416,5820,5831,92,5923,61
2021-03-15,San Bernardino,071,2135413,288081,283815,8671,292486,4004
2021-03-15,San Diego,073,3302833,268191,265646,13253,278899,3452
2021-03-15,San Francisco,075,870044,34809,34820,1155,35975,456
2021-03-15,San Joaquin,077,732212,68577,66622,2962,69584,1140
2021-03-15,San Luis Obispo,079,281455,20168,19813,598,20411,247
2021-03-15,San Mateo,081,765935,40250,39765,425,40190,344
2021-03-15,Santa Barbara,083,443738,32952,32529,1082,33611,431
2021-03-15,Santa Clara,085,1922200,112751,112729,630,113359,1798
2021-03-15,Santa Cruz,087,273765,15694,14899,798,15697,200
2021-03-15,Shasta,089,179085,11132,11019,1313,12332,92
2021-03-15,Sierra,091,2930,53,49,12,61,0
2021-03-15,Siskiyou,093,43540,1552,1475,252,1727,5
2021-03-15,Solano,095,438530,30397,30258,389,30647,171
2021-03-15,Sonoma,097,501317,28742,28814,242,29056,285
2021-03-15,Stanislaus,099,539301,52100,51357,5521,56878,683
2021-03-15,Sutter,101,95872,8993,8962,82,9044,102
2021-03-15,Tehama,103,63373,4697,4650,503,5153,34
2021-03-15,Trinity,105,12862,472,308,83,391,3
2021-03-15,Tulare,107,460477,48979,47857,8430,56287,800
2021-03-15,Tuolumne,109,53932,3881,3937,35,3972,57
2021-03-15,Ventura,111,848112,79219,78626,2842,81468,910
2021-03-15,Yolo,113,214977,13181,13131,238,13369,190
2021-03-15,Yuba,115,75493,5652,5585,91,5676,42
2021-03-14,Alameda,001,1643700,82638,82116,1767,83883,1168
2021-03-14,Alpine,003,1148,83,82,0,82,0
2021-03-14,Amador,005,37829,3518,3504,32,3536,44
2021-03-14,Butte,007,227075,11539,11140,1637,12777,185
2021-03-14,Calaveras,009,45235,1962,1939,11,1950,49
2021-03-14,Colusa,011,21464,1883,1883,272,2155,12
2021-03-14,Contra Costa,013,1133247,64707,63808,1113,64921,731
2021-03-14,Del Norte,015,27424,1091,1048,5,1053,6
2021-03-14,El Dorado,017,186661,9308,9231,609,9840,103
2021-03-14,Fresno,019,978130,98460,97461,8055,105516,1496
2021-03-14,Glenn,021,27897,2295,2260,508,2768,15
2021-03-14,Humboldt,023,135768,3365,3335,24,3359,32
2021-03-14,Imperial,025,180216,27421,27122,2559,29681,685
2021-03-14,Inyo,027,18085,1356,1346,11,1357,35
2021-03-14,Kern,029,883053,94639,93252,10174,103426,1141
2021-03-14,Kings,031,150075,22612,22292,1006,23298,232
2021-03-14,Lake,033,64148,3286,3237,8,3245,43
2021-03-14,Lassen,035,31185,5134,5125,101,5226,1
2021-03-14,Los Angeles,037,10098052,1181687,1172100,39730,1211830,22476
2021-03-14,Madera,039,155013,15939,15804,872,16676,214
2021-03-14,Marin,041,260295,13480,13405,182,13587,218
2021-03-14,Mariposa,043,17540,382,376,5,381,5
2021-03-14,Mendocino,045,87422,3709,3613,73,3686,44
2021-03-14,Merced,047,269075,29229,29149,961,30110,407
2021-03-14,Modoc,049,8938,350,340,119,459,3
2021-03-14,Mono,051,14174,1202,1206,16,1222,3
2021-03-14,Monterey,053,433212,42291,42007,1743,43750,333
2021-03-14,Napa,055,140530,9223,9194,34,9228,75
2021-03-14,Nevada,057,99092,4174,4122,167,4289,66
2021-03-14,Orange,059,3164182,249516,247656,10532,258188,4460
2021-03-14,Placer,061,380077,21148,20288,1183,21471,238
2021-03-14,Plumas,063,18699,657,642,10,652,4
2021-03-14,Riverside,065,2383286,288026,281332,13601,294933,3845
2021-03-14,Sacramento,067,1510023,96789,95343,1336,96679,1462
2021-03-14,San Benito,069,59416,5811,5829,92,5921,61
2021-03-14,San Bernardino,071,2135413,287958,283791,8660,292451,3996
2021-03-14,San Diego,073,3302833,267956,265468,13240,278708,3452
2021-03-14,San Francisco,075,870044,34770,34810,1152,35962,455
2021-03-14,San Joaquin,077,732212,68449,66563,2945,69508,1140
2021-03-14,San Luis Obispo,079,281455,20139,19806,596,20402,247
2021-03-14,San Mateo,081,765935,40211,39744,425,40169,342
2021-03-14,Santa Barbara,083,443738,32908,32514,1080,33594,431
2021-03-14,Santa Clara,085,1922200,112623,112648,629,113277,1796
2021-03-14,Santa Cruz,087,273765,15677,14887,796,15683,200
2021-03-14,Shasta,089,179085,11116,11019,1306,12325,92
2021-03-14,Sierra,091,2930,53,49,12,61,0
2021-03-14,Siskiyou,093,43540,1549,1473,252,1725,5
2021-03-14,Solano,095,438530,30365,30230,384,30614,171
2021-03-14,Sonoma,097,501317,28707,28798,238,29036,284
2021-03-14,Stanislaus,099,539301,51980,51306,5513,56819,690
2021-03-14,Sutter,101,95872,8977,8958,82,9040,102
2021-03-14,Tehama,103,63373,4690,4650,502,5152,34
2021-03-14,Trinity,105,12862,471,308,82,390,3
2021-03-14,Tulare,107,460477,48946,47845,8409,56254,800
2021-03-14,Tuolumne,109,53932,3879,3937,35,3972,57
2021-03-14,Ventura,111,848112,79171,78611,2836,81447,910
2021-03-14,Yolo,113,214977,13158,13128,235,13363,189
2021-03-14,Yuba,115,75493,5642,5583,91,5674,42
2021-03-13,Alameda,001,1643700,82578,82010,1767,83777,1168
2021-03-13,Alpine,003,1148,83,82,0,82,0
2021-03-13,Amador,005,37829,3515,3504,32,3536,44
2021-03-13,Butte,007,227075,11530,11131,1636,12767,185
2021-03-13,Calaveras,009,45235,1961,1939,11,1950,49
2021-03-13,Colusa,011,21464,1883,1882,272,2154,12
2021-03-13,Contra Costa,013,1133247,64646,63689,1113,64802,731
2021-03-13,Del Norte,015,27424,1087,1041,5,1046,6
2021-03-13,El Dorado,017,186661,9300,9221,609,9830,103
2021-03-13,Fresno,019,978130,98401,97324,8035,105359,1495
2021-03-13,Glenn,021,27897,2294,2260,507,2767,15
2021-03-13,Humboldt,023,135768,3358,3325,24,3349,32
2021-03-13,Imperial,025,180216,27415,27099,2555,29654,677
2021-03-13,Inyo,027,18085,1355,1344,11,1355,35
2021-03-13,Kern,029,883053,94600,93197,10168,103365,1140
2021-03-13,Kings,031,150075,22596,22265,1005,23270,232
2021-03-13,Lake,033,64148,3279,3234,7,3241,43
2021-03-13,Lassen,035,31185,5134,5125,101,5226,1
2021-03-13,Los Angeles,037,10098052,1181371,1171505,39687,1211192,22451
2021-03-13,Madera,039,155013,15927,15780,872,16652,214
2021-03-13,Marin,041,260295,13474,13391,180,13571,218
2021-03-13,Mariposa,043,17540,381,376,5,381,5
2021-03-13,Mendocino,045,87422,3705,3611,73,3684,44
2021-03-13,Merced,047,269075,29198,29106,961,30067,406
2021-03-13,Modoc,049,8938,350,340,118,458,3
2021-03-13,Mono,051,14174,1202,1207,16,1223,3
2021-03-13,Monterey,053,433212,42281,41989,1741,43730,332
2021-03-13,Napa,055,140530,9217,9190,34,9224,75
2021-03-13,Nevada,057,99092,4167,4111,166,4277,66
2021-03-13,Orange,059,3164182,249435,247514,10516,258030,4423
2021-03-13,Placer,061,380077,21127,20238,1180,21418,239
2021-03-13,Plumas,063,18699,655,642,10,652,4
2021-03-13,Riverside,065,2383286,287934,281191,13593,294784,3848
2021-03-13,Sacramento,067,1510023,96703,95192,1334,96526,1461
2021-03-13,San Benito,069,59416,5808,5823,92,5915,61
2021-03-13,San Bernardino,071,2135413,287904,283727,8654,292381,3972
2021-03-13,San Diego,073,3302833,267801,265270,13226,278496,3444
2021-03-13,San Francisco,075,870044,34753,34784,1143,35927,455
2021-03-13,San Joaquin,077,732212,68393,66480,2923,69403,1141
2021-03-13,San Luis Obispo,079,281455,20121,19789,595,20384,247
2021-03-13,San Mateo,081,765935,40184,39689,424,40113,341
2021-03-13,Santa Barbara,083,443738,32883,32486,1079,33565,431
2021-03-13,Santa Clara,085,1922200,112538,112531,628,113159,1790
2021-03-13,Santa Cruz,087,273765,15670,14875,796,15671,199
2021-03-13,Shasta,089,179085,11108,11021,1303,12324,108
2021-03-13,Sierra,091,2930,52,49,12,61,0
2021-03-13,Siskiyou,093,43540,1547,1470,252,1722,5
2021-03-13,Solano,095,438530,30348,30198,384,30582,171
2021-03-13,Sonoma,097,501317,28687,28762,234,28996,285
2021-03-13,Stanislaus,099,539301,51929,51257,5508,56765,695
2021-03-13,Sutter,101,95872,8970,8948,82,9030,102
2021-03-13,Tehama,103,63373,4688,4647,502,5149,33
2021-03-13,Trinity,105,12862,471,306,82,388,3
2021-03-13,Tulare,107,460477,48920,47818,8401,56219,798
2021-03-13,Tuolumne,109,53932,3876,3937,35,3972,57
2021-03-13,Ventura,111,848112,79119,78693,2836,81529,906
2021-03-13,Yolo,113,214977,13149,13087,235,13322,189
2021-03-13,Yuba,115,75493,5641,5577,91,5668,42
2021-03-12,Alameda,001,1643700,82501,81898,1766,83664,1164
2021-03-12,Alpine,003,1148,83,82,0,82,0
2021-03-12,Amador,005,37829,3512,3503,32,3535,44
2021-03-12,Butte,007,227075,11520,11126,1634,12760,184
2021-03-12,Calaveras,009,45235,1961,1916,11,1927,49
2021-03-12,Colusa,011,21464,1883,1883,272,2155,12
2021-03-12,Contra Costa,013,1133247,64570,63583,1113,64696,728
2021-03-12,Del Norte,015,27424,1081,1033,5,1038,6
2021-03-12,El Dorado,017,186661,9291,9219,609,9828,103
2021-03-12,Fresno,019,978130,98304,97185,8024,105209,1489
2021-03-12,Glenn,021,27897,2293,2258,506,2764,15
2021-03-12,Humboldt,023,135768,3353,3315,24,3339,32
2021-03-12,Imperial,025,180216,27404,27071,2553,29624,677
2021-03-12,Inyo,027,18085,1353,1339,11,1350,35
2021-03-12,Kern,029,883053,94566,93142,10152,103294,1132
2021-03-12,Kings,031,150075,22577,22233,1005,23238,232
2021-03-12,Lake,033,64148,3273,3226,6,3232,43
2021-03-12,Lassen,035,31185,5134,5125,100,5225,1
2021-03-12,Los Angeles,037,10098052,1180972,1170860,39670,1210530,22409
2021-03-12,Madera,039,155013,15915,15761,869,16630,214
2021-03-12,Marin,041,260295,13467,13375,180,13555,218
2021-03-12,Mariposa,043,17540,379,376,5,381,5
2021-03-12,Mendocino,045,87422,3702,3605,73,3678,43
2021-03-12,Merced,047,269075,29167,29064,961,30025,403
2021-03-12,Modoc,049,8938,350,340,118,458,3
2021-03-12,Mono,051,14174,1201,1206,16,1222,3
2021-03-12,Monterey,053,433212,42267,41964,1736,43700,329
2021-03-12,Napa,055,140530,9208,9180,34,9214,75
2021-03-12,Nevada,057,99092,4157,4101,166,4267,66
2021-03-12,Orange,059,3164182,249342,247388,10505,257893,4401
2021-03-12,Placer,061,380077,21094,20210,1175,21385,239
2021-03-12,Plumas,063,18699,654,641,10,651,4
2021-03-12,Riverside,065,2383286,287835,281037,13585,294622,3854
2021-03-12,Sacramento,067,1510023,96579,95061,1327,96388,1460
2021-03-12,San Benito,069,59416,5805,5817,92,5909,61
2021-03-12,San Bernardino,071,2135413,287848,283558,8649,292207,3917
2021-03-12,San Diego,073,3302833,267638,264886,13218,278104,3434
2021-03-12,San Francisco,075,870044,34732,34758,1140,35898,452
2021-03-12,San Joaquin,077,732212,68322,66482,2914,69396,1144
2021-03-12,San Luis Obispo,079,281455,20108,19769,593,20362,247
2021-03-12,San Mateo,081,765935,40148,39638,422,40060,341
2021-03-12,Santa Barbara,083,443738,32860,32457,1076,33533,429
2021-03-12,Santa Clara,085,1922200,112443,112396,627,113023,1766
2021-03-12,Santa Cruz,087,273765,15658,14846,794,15640,195
2021-03-12,Shasta,089,179085,11099,11143,1301,12444,153
2021-03-12,Sierra,091,2930,52,49,12,61,0
2021-03-12,Siskiyou,093,43540,1547,1468,251,1719,5
2021-03-12,Solano,095,438530,30329,30180,383,30563,171
2021-03-12,Sonoma,097,501317,28660,28714,234,28948,285
2021-03-12,Stanislaus,099,539301,51871,51146,5501,56647,701
2021-03-12,Sutter,101,95872,8964,8940,82,9022,101
2021-03-12,Tehama,103,63373,4684,4638,501,5139,33
2021-03-12,Trinity,105,12862,470,306,81,387,3
2021-03-12,Tulare,107,460477,48895,47772,8395,56167,798
2021-03-12,Tuolumne,109,53932,3875,3936,35,3971,57
2021-03-12,Ventura,111,848112,79073,78698,2832,81530,899
2021-03-12,Yolo,113,214977,13139,13061,228,13289,189
2021-03-12,Yuba,115,75493,5634,5563,90,5653,42
2021-03-11,Alameda,001,1643700,82409,81809,1761,83570,1164
2021-03-11,Alpine,003,1148,83,78,0,78,0
2021-03-11,Amador,005,37829,3511,3498,32,3530,42
2021-03-11,Butte,007,227075,11509,11110,1632,12742,185
2021-03-11,Calaveras,009,45235,1958,1915,11,1926,49
2021-03-11,Colusa,011,21464,1883,1883,272,2155,12
2021-03-11,Contra Costa,013,1133247,64497,63469,1111,64580,728
2021-03-11,Del Norte,015,27424,1076,1027,5,1032,6
2021-03-11,El Dorado,017,186661,9277,9211,609,9820,101
2021-03-11,Fresno,019,978130,98188,97026,7995,105021,1481
2021-03-11,Glenn,021,27897,2290,2255,506,2761,15
2021-03-11,Humboldt,023,135768,3336,3302,24,3326,32
2021-03-11,Imperial,025,180216,27397,27045,2549,29594,675
2021-03-11,Inyo,027,18085,1348,1335,11,1346,35
2021-03-11,Kern,029,883053,94510,93052,10113,103165,1121
2021-03-11,Kings,031,150075,22562,22183,1002,23185,230
2021-03-11,Lake,033,64148,3269,3214,6,3220,42
2021-03-11,Lassen,035,31185,5133,5124,100,5224,1
2021-03-11,Los Angeles,037,10098052,1180440,1170111,39638,1209749,22316
2021-03-11,Madera,039,155013,15904,15725,867,16592,214
2021-03-11,Marin,041,260295,13455,13356,179,13535,217
2021-03-11,Mariposa,043,17540,379,376,5,381,5
2021-03-11,Mendocino,045,87422,3695,3604,73,3677,42
2021-03-11,Merced,047,269075,29119,29001,960,29961,401
2021-03-11,Modoc,049,8938,350,340,118,458,3
2021-03-11,Mono,051,14174,1200,1206,16,1222,3
2021-03-11,Monterey,053,433212,42244,41936,1730,43666,329
2021-03-11,Napa,055,140530,9195,9173,34,9207,75
2021-03-11,Nevada,057,99092,4145,4085,164,4249,66
2021-03-11,Orange,059,3164182,249204,247217,10487,257704,4373
2021-03-11,Placer,061,380077,21052,20178,1171,21349,239
2021-03-11,Plumas,063,18699,653,640,10,650,4
2021-03-11,Riverside,065,2383286,287665,280881,13572,294453,3842
2021-03-11,Sacramento,067,1510023,96438,94912,1324,96236,1455
2021-03-11,San Benito,069,59416,5802,5816,92,5908,61
2021-03-11,San Bernardino,071,2135413,287749,283312,8643,291955,3869
2021-03-11,San Diego,073,3302833,267473,264524,13202,277726,3422
2021-03-11,San Francisco,075,870044,34696,34722,1134,35856,452
2021-03-11,San Joaquin,077,732212,68210,66522,2906,69428,1157
2021-03-11,San Luis Obispo,079,281455,20083,19748,592,20340,247
2021-03-11,San Mateo,081,765935,40111,39590,421,40011,341
2021-03-11,Santa Barbara,083,443738,32832,32408,1071,33479,430
2021-03-11,Santa Clara,085,1922200,112314,112246,624,112870,1765
2021-03-11,Santa Cruz,087,273765,15646,14812,793,15605,193
2021-03-11,Shasta,089,179085,11089,11139,1296,12435,158
2021-03-11,Sierra,091,2930,52,48,12,60,0
2021-03-11,Siskiyou,093,43540,1544,1466,250,1716,5
2021-03-11,Solano,095,438530,30301,30138,382,30520,171
2021-03-11,Sonoma,097,501317,28631,28677,234,28911,285
2021-03-11,Stanislaus,099,539301,51786,51038,5493,56531,707
2021-03-11,Sutter,101,95872,8958,8933,82,9015,101
2021-03-11,Tehama,103,63373,4676,4632,501,5133,33
2021-03-11,Trinity,105,12862,469,304,80,384,3
2021-03-11,Tulare,107,460477,48858,47709,8384,56093,797
2021-03-11,Tuolumne,109,53932,3873,3934,35,3969,57
2021-03-11,Ventura,111,848112,79023,78697,2828,81525,889
2021-03-11,Yolo,113,214977,13121,13041,227,13268,190
2021-03-11,Yuba,115,75493,5630,5553,90,5643,42
2021-03-10,Alameda,001,1643700,82303,81701,1756,83457,1160
2021-03-10,Alpine,003,1148,82,78,0,78,0
2021-03-10,Amador,005,37829,3509,3496,32,3528,42
2021-03-10,Butte,007,227075,11499,11096,1632,12728,185
2021-03-10,Calaveras,009,45235,1952,1913,11,1924,48
2021-03-10,Colusa,011,21464,1883,1882,272,2154,12
2021-03-10,Contra Costa,013,1133247,64397,63372,1107,64479,725
2021-03-10,Del Norte,015,27424,1074,1020,5,1025,5
2021-03-10,El Dorado,017,186661,9264,9203,609,9812,100
2021-03-10,Fresno,019,978130,98081,96866,7979,104845,1471
2021-03-10,Glenn,021,27897,2287,2253,504,2757,15
2021-03-10,Humboldt,023,135768,3326,3296,23,3319,32
2021-03-10,Imperial,025,180216,27382,27051,2549,29600,675
2021-03-10,Inyo,027,18085,1348,1328,11,1339,35
2021-03-10,Kern,029,883053,94444,92965,10092,103057,1102
2021-03-10,Kings,031,150075,22543,22166,1000,23166,226
2021-03-10,Lake,033,64148,3259,3207,6,3213,42
2021-03-10,Lassen,035,31185,5133,5120,100,5220,1
2021-03-10,Los Angeles,037,10098052,1179893,1169079,39611,1208690,22199
2021-03-10,Madera,039,155013,15883,15705,864,16569,212
2021-03-10,Marin,041,260295,13445,13348,178,13526,216
2021-03-10,Mariposa,043,17540,379,376,5,381,5
2021-03-10,Mendocino,045,87422,3690,3602,73,3675,42
2021-03-10,Merced,047,269075,29081,28927,957,29884,401
2021-03-10,Modoc,049,8938,349,338,118,456,3
2021-03-10,Mono,051,14174,1196,1204,16,1220,3
2021-03-10,Monterey,053,433212,42222,41920,1726,43646,329
2021-03-10,Napa,055,140530,9186,9165,34,9199,75
2021-03-10,Nevada,057,99092,4141,4074,164,4238,66
2021-03-10,Orange,059,3164182,249056,247075,10472,257547,4342
2021-03-10,Placer,061,380077,21018,20144,1165,21309,239
2021-03-10,Plumas,063,18699,652,639,10,649,4
2021-03-10,Riverside,065,2383286,287524,280708,13558,294266,3822
2021-03-10,Sacramento,067,1510023,96308,94796,1318,96114,1452
2021-03-10,San Benito,069,59416,5793,5811,92,5903,61
2021-03-10,San Bernardino,071,2135413,287656,283140,8637,291777,3841
2021-03-10,San Diego,073,3302833,267251,264094,13190,277284,3413
2021-03-10,San Francisco,075,870044,34661,34688,1126,35814,450
2021-03-10,San Joaquin,077,732212,68108,66483,2889,69372,1156
2021-03-10,San Luis Obispo,079,281455,20059,19710,588,20298,247
2021-03-10,San Mateo,081,765935,40087,39571,421,39992,338
2021-03-10,Santa Barbara,083,443738,32805,32356,1068,33424,429
2021-03-10,Santa Clara,085,1922200,112205,112103,620,112723,1759
2021-03-10,Santa Cruz,087,273765,15631,14790,792,15582,192
2021-03-10,Shasta,089,179085,11079,11125,1293,12418,155
2021-03-10,Sierra,091,2930,52,48,12,60,0
2021-03-10,Siskiyou,093,43540,1542,1458,250,1708,5
2021-03-10,Solano,095,438530,30271,30111,381,30492,170
2021-03-10,Sonoma,097,501317,28596,28638,233,28871,286
2021-03-10,Stanislaus,099,539301,51699,50968,5474,56442,706
2021-03-10,Sutter,101,95872,8947,8918,82,9000,101
2021-03-10,Tehama,103,63373,4665,4623,500,5123,33
2021-03-10,Trinity,105,12862,469,304,80,384,3
2021-03-10,Tulare,107,460477,48810,47659,8366,56025,793
2021-03-10,Tuolumne,109,53932,3872,3931,35,3966,57
2021-03-10,Ventura,111,848112,78946,78609,2826,81435,878
2021-03-10,Yolo,113,214977,13097,13021,227,13248,189
2021-03-10,Yuba,115,75493,5617,5545,89,5634,42
2021-03-09,Alameda,001,1643700,82218,81618,1756,83374,1151
2021-03-09,Alpine,003,1148,82,78,0,78,0
2021-03-09,Amador,005,37829,3507,3494,32,3526,42
2021-03-09,Butte,007,227075,11486,11092,1631,12723,185
2021-03-09,Calaveras,009,45235,1950,1913,11,1924,48
2021-03-09,Colusa,011,21464,1883,1880,272,2152,11
2021-03-09,Contra Costa,013,1133247,64307,63314,1105,64419,723
2021-03-09,Del Norte,015,27424,1066,1017,5,1022,5
2021-03-09,El Dorado,017,186661,9256,9198,609,9807,98
2021-03-09,Fresno,019,978130,97962,96744,7952,104696,1463
2021-03-09,Glenn,021,27897,2283,2251,502,2753,15
2021-03-09,Humboldt,023,135768,3314,3288,22,3310,32
2021-03-09,Imperial,025,180216,27372,27045,2545,29590,675
2021-03-09,Inyo,027,18085,1346,1324,11,1335,35
2021-03-09,Kern,029,883053,94365,92924,10074,102998,1088
2021-03-09,Kings,031,150075,22518,22143,998,23141,226
2021-03-09,Lake,033,64148,3253,3202,6,3208,42
2021-03-09,Lassen,035,31185,5133,5120,100,5220,1
2021-03-09,Los Angeles,037,10098052,1179295,1167967,39577,1207544,22080
2021-03-09,Madera,039,155013,15872,15701,862,16563,211
2021-03-09,Marin,041,260295,13427,13335,176,13511,214
2021-03-09,Mariposa,043,17540,379,376,5,381,5
2021-03-09,Mendocino,045,87422,3686,3595,73,3668,42
2021-03-09,Merced,047,269075,29021,28876,954,29830,399
2021-03-09,Modoc,049,8938,349,338,117,455,3
2021-03-09,Mono,051,14174,1195,1203,16,1219,3
2021-03-09,Monterey,053,433212,42203,41894,1718,43612,329
2021-03-09,Napa,055,140530,9172,9155,34,9189,75
2021-03-09,Nevada,057,99092,4133,4062,164,4226,66
2021-03-09,Orange,059,3164182,248914,246989,10452,257441,4310
2021-03-09,Placer,061,380077,20976,20122,1160,21282,239
2021-03-09,Plumas,063,18699,649,639,10,649,4
2021-03-09,Riverside,065,2383286,287389,280562,13554,294116,3821
2021-03-09,Sacramento,067,1510023,96141,94720,1312,96032,1442
2021-03-09,San Benito,069,59416,5789,5800,92,5892,61
2021-03-09,San Bernardino,071,2135413,287542,282971,8631,291602,3823
2021-03-09,San Diego,073,3302833,267019,263745,13169,276914,3405
2021-03-09,San Francisco,075,870044,34630,34654,1122,35776,450
2021-03-09,San Joaquin,077,732212,67980,66383,2879,69262,1150
2021-03-09,San Luis Obispo,079,281455,20041,19672,581,20253,245
2021-03-09,San Mateo,081,765935,40040,39535,419,39954,336
2021-03-09,Santa Barbara,083,443738,32764,32314,1066,33380,428
2021-03-09,Santa Clara,085,1922200,112094,111963,615,112578,1756
2021-03-09,Santa Cruz,087,273765,15609,14764,791,15555,188
2021-03-09,Shasta,089,179085,11072,11113,1288,12401,155
2021-03-09,Sierra,091,2930,52,48,12,60,0
2021-03-09,Siskiyou,093,43540,1538,1447,248,1695,5
2021-03-09,Solano,095,438530,30235,30090,379,30469,169
2021-03-09,Sonoma,097,501317,28546,28601,230,28831,284
2021-03-09,Stanislaus,099,539301,51602,50884,5465,56349,703
2021-03-09,Sutter,101,95872,8934,8914,82,8996,101
2021-03-09,Tehama,103,63373,4660,4620,500,5120,33
2021-03-09,Trinity,105,12862,469,304,80,384,3
2021-03-09,Tulare,107,460477,48783,47637,8345,55982,792
2021-03-09,Tuolumne,109,53932,3870,3929,35,3964,56
2021-03-09,Ventura,111,848112,78883,78526,2824,81350,863
2021-03-09,Yolo,113,214977,13085,13015,226,13241,189
2021-03-09,Yuba,115,75493,5610,5539,89,5628,42
2021-03-08,Alameda,001,1643700,82107,81543,1755,83298,1142
2021-03-08,Alpine,003,1148,82,78,0,78,0
2021-03-08,Amador,005,37829,3504,3490,32,3522,42
2021-03-08,Butte,007,227075,11473,11082,1630,12712,185
2021-03-08,Calaveras,009,45235,1946,1909,11,1920,48
2021-03-08,Colusa,011,21464,1883,1877,272,2149,11
2021-03-08,Contra Costa,013,1133247,64211,63240,1105,64345,719
2021-03-08,Del Norte,015,27424,1061,1012,5,1017,5
2021-03-08,El Dorado,017,186661,9253,9188,608,9796,97
2021-03-08,Fresno,019,978130,97863,96665,7931,104596,1442
2021-03-08,Glenn,021,27897,2282,2249,502,2751,15
2021-03-08,Humboldt,023,135768,3300,3278,22,3300,31
2021-03-08,Imperial,025,180216,27364,27033,2542,29575,663
2021-03-08,Inyo,027,18085,1344,1320,11,1331,35
2021-03-08,Kern,029,883053,94298,92857,10054,102911,1087
2021-03-08,Kings,031,150075,22497,22130,996,23126,226
2021-03-08,Lake,033,64148,3241,3195,6,3201,42
2021-03-08,Lassen,035,31185,5133,5119,100,5219,1
2021-03-08,Los Angeles,037,10098052,1178677,1163409,39545,1202954,21868
2021-03-08,Madera,039,155013,15862,15691,860,16551,211
2021-03-08,Marin,041,260295,13407,13328,174,13502,214
2021-03-08,Mariposa,043,17540,379,376,5,381,5
2021-03-08,Mendocino,045,87422,3684,3590,72,3662,42
2021-03-08,Merced,047,269075,28961,28841,953,29794,398
2021-03-08,Modoc,049,8938,349,338,117,455,3
2021-03-08,Mono,051,14174,1194,1200,16,1216,3
2021-03-08,Monterey,053,433212,42182,41863,1717,43580,328
2021-03-08,Napa,055,140530,9169,9146,34,9180,75
2021-03-08,Nevada,057,99092,4125,4059,164,4223,66
2021-03-08,Orange,059,3164182,248741,246900,10420,257320,4243
2021-03-08,Placer,061,380077,20941,20102,1149,21251,239
2021-03-08,Plumas,063,18699,648,635,10,645,4
2021-03-08,Riverside,065,2383286,287237,280463,13544,294007,3783
2021-03-08,Sacramento,067,1510023,95971,94654,1307,95961,1438
2021-03-08,San Benito,069,59416,5786,5797,92,5889,61
2021-03-08,San Bernardino,071,2135413,287432,282894,8624,291518,3811
2021-03-08,San Diego,073,3302833,266778,263272,13154,276426,3390
2021-03-08,San Francisco,075,870044,34604,34634,1118,35752,446
2021-03-08,San Joaquin,077,732212,67863,66307,2870,69177,1139
2021-03-08,San Luis Obispo,079,281455,19998,19656,578,20234,245
2021-03-08,San Mateo,081,765935,39991,39492,417,39909,335
2021-03-08,Santa Barbara,083,443738,32732,32293,1066,33359,427
2021-03-08,Santa Clara,085,1922200,111966,111882,613,112495,1756
2021-03-08,Santa Cruz,087,273765,15589,14729,791,15520,188
2021-03-08,Shasta,089,179085,11064,11088,1283,12371,155
2021-03-08,Sierra,091,2930,52,48,12,60,0
2021-03-08,Siskiyou,093,43540,1537,1440,248,1688,5
2021-03-08,Solano,095,438530,30195,30068,377,30445,169
2021-03-08,Sonoma,097,501317,28502,28571,229,28800,284
2021-03-08,Stanislaus,099,539301,51523,50825,5459,56284,690
2021-03-08,Sutter,101,95872,8931,8905,82,8987,100
2021-03-08,Tehama,103,63373,4656,4615,500,5115,33
2021-03-08,Trinity,105,12862,468,302,80,382,3
2021-03-08,Tulare,107,460477,48742,47587,8320,55907,791
2021-03-08,Tuolumne,109,53932,3869,3921,35,3956,56
2021-03-08,Ventura,111,848112,78810,78526,2816,81342,852
2021-03-08,Yolo,113,214977,13062,13000,225,13225,189
2021-03-08,Yuba,115,75493,5600,5530,89,5619,42
2021-03-07,Alameda,001,1643700,81987,81413,1754,83167,1145
2021-03-07,Alpine,003,1148,82,78,0,78,0
2021-03-07,Amador,005,37829,3501,3489,32,3521,42
2021-03-07,Butte,007,227075,11457,11075,1629,12704,185
2021-03-07,Calaveras,009,45235,1942,1906,11,1917,48
2021-03-07,Colusa,011,21464,1883,1876,272,2148,11
2021-03-07,Contra Costa,013,1133247,64112,63148,1103,64251,719
2021-03-07,Del Norte,015,27424,1056,1010,5,1015,5
2021-03-07,El Dorado,017,186661,9250,9184,607,9791,97
2021-03-07,Fresno,019,978130,97685,96549,7909,104458,1442
2021-03-07,Glenn,021,27897,2280,2244,502,2746,15
2021-03-07,Humboldt,023,135768,3290,3274,22,3296,31
2021-03-07,Imperial,025,180216,27355,27019,2540,29559,658
2021-03-07,Inyo,027,18085,1341,1320,11,1331,35
2021-03-07,Kern,029,883053,94211,92746,10024,102770,1086
2021-03-07,Kings,031,150075,22475,22103,996,23099,224
2021-03-07,Lake,033,64148,3235,3192,6,3198,42
2021-03-07,Lassen,035,31185,5132,5119,100,5219,1
2021-03-07,Los Angeles,037,10098052,1177952,1162749,39509,1202258,21857
2021-03-07,Madera,039,155013,15843,15675,860,16535,211
2021-03-07,Marin,041,260295,13399,13313,172,13485,214
2021-03-07,Mariposa,043,17540,378,376,5,381,5
2021-03-07,Mendocino,045,87422,3680,3581,72,3653,42
2021-03-07,Merced,047,269075,28887,28829,949,29778,399
2021-03-07,Modoc,049,8938,349,338,117,455,3
2021-03-07,Mono,051,14174,1192,1199,16,1215,3
2021-03-07,Monterey,053,433212,42161,41858,1714,43572,328
2021-03-07,Napa,055,140530,9159,9137,34,9171,75
2021-03-07,Nevada,057,99092,4111,4052,163,4215,66
2021-03-07,Orange,059,3164182,248549,246771,10392,257163,4218
2021-03-07,Placer,061,380077,20900,20070,1145,21215,239
2021-03-07,Plumas,063,18699,647,635,10,645,4
2021-03-07,Riverside,065,2383286,287088,280379,13535,293914,3779
2021-03-07,Sacramento,067,1510023,95794,94513,1300,95813,1437
2021-03-07,San Benito,069,59416,5779,5795,92,5887,61
2021-03-07,San Bernardino,071,2135413,287281,282860,8619,291479,3810
2021-03-07,San Diego,073,3302833,266497,262965,13130,276095,3390
2021-03-07,San Francisco,075,870044,34570,34594,1113,35707,445
2021-03-07,San Joaquin,077,732212,67727,66252,2856,69108,1139
2021-03-07,San Luis Obispo,079,281455,19961,19614,576,20190,245
2021-03-07,San Mateo,081,765935,39951,39436,414,39850,329
2021-03-07,Santa Barbara,083,443738,32685,32218,1065,33283,425
2021-03-07,Santa Clara,085,1922200,111821,111745,609,112354,1752
2021-03-07,Santa Cruz,087,273765,15567,14715,790,15505,189
2021-03-07,Shasta,089,179085,11051,11083,1275,12358,156
2021-03-07,Sierra,091,2930,51,48,12,60,0
2021-03-07,Siskiyou,093,43540,1536,1435,244,1679,5
2021-03-07,Solano,095,438530,30158,30027,377,30404,169
2021-03-07,Sonoma,097,501317,28453,28533,227,28760,284
2021-03-07,Stanislaus,099,539301,51391,50783,5442,56225,699
2021-03-07,Sutter,101,95872,8921,8900,82,8982,100
2021-03-07,Tehama,103,63373,4649,4614,499,5113,33
2021-03-07,Trinity,105,12862,468,302,80,382,3
2021-03-07,Tulare,107,460477,48683,47569,8289,55858,790
2021-03-07,Tuolumne,109,53932,3868,3922,34,3956,56
2021-03-07,Ventura,111,848112,78718,78487,2814,81301,851
2021-03-07,Yolo,113,214977,13043,12988,225,13213,189
2021-03-07,Yuba,115,75493,5595,5516,89,5605,42
2021-03-06,Alameda,001,1643700,81929,81310,1753,83063,1143
2021-03-06,Alpine,003,1148,82,78,0,78,0
2021-03-06,Amador,005,37829,3497,3487,32,3519,42
2021-03-06,Butte,007,227075,11452,11065,1628,12693,185
2021-03-06,Calaveras,009,45235,1938,1904,11,1915,48
2021-03-06,Colusa,011,21464,1881,1874,272,2146,11
2021-03-06,Contra Costa,013,1133247,64051,63040,1099,64139,719
2021-03-06,Del Norte,015,27424,1051,1000,5,1005,5
2021-03-06,El Dorado,017,186661,9246,9166,607,9773,97
2021-03-06,Fresno,019,978130,97590,96366,7898,104264,1440
2021-03-06,Glenn,021,27897,2280,2241,502,2743,15
2021-03-06,Humboldt,023,135768,3280,3260,22,3282,31
2021-03-06,Imperial,025,180216,27350,27009,2535,29544,658
2021-03-06,Inyo,027,18085,1338,1312,11,1323,35
2021-03-06,Kern,029,883053,94165,92684,10004,102688,1082
2021-03-06,Kings,031,150075,22460,22094,996,23090,224
2021-03-06,Lake,033,64148,3233,3189,6,3195,42
2021-03-06,Lassen,035,31185,5132,5119,100,5219,1
2021-03-06,Los Angeles,037,10098052,1177513,1161745,39479,1201224,21843
2021-03-06,Madera,039,155013,15834,15646,858,16504,211
2021-03-06,Marin,041,260295,13390,13289,172,13461,213
2021-03-06,Mariposa,043,17540,378,376,5,381,5
2021-03-06,Mendocino,045,87422,3678,3579,72,3651,42
2021-03-06,Merced,047,269075,28845,28771,949,29720,399
2021-03-06,Modoc,049,8938,348,338,117,455,3
2021-03-06,Mono,051,14174,1191,1198,16,1214,3
2021-03-06,Monterey,053,433212,42156,41838,1711,43549,327
2021-03-06,Napa,055,140530,9151,9129,34,9163,75
2021-03-06,Nevada,057,99092,4105,4044,163,4207,66
2021-03-06,Orange,059,3164182,248456,246634,10378,257012,4165
2021-03-06,Placer,061,380077,20877,20030,1143,21173,239
2021-03-06,Plumas,063,18699,647,634,10,644,4
2021-03-06,Riverside,065,2383286,286995,280225,13527,293752,3781
2021-03-06,Sacramento,067,1510023,95706,94332,1291,95623,1436
2021-03-06,San Benito,069,59416,5774,5793,92,5885,61
2021-03-06,San Bernardino,071,2135413,287197,282737,8617,291354,3791
2021-03-06,San Diego,073,3302833,266310,262778,13113,275891,3385
2021-03-06,San Francisco,075,870044,34539,34560,1109,35669,435
2021-03-06,San Joaquin,077,732212,67653,66162,2846,69008,1138
2021-03-06,San Luis Obispo,079,281455,19941,19592,574,20166,245
2021-03-06,San Mateo,081,765935,39926,39384,414,39798,329
2021-03-06,Santa Barbara,083,443738,32654,32176,1064,33240,424
2021-03-06,Santa Clara,085,1922200,111726,111570,606,112176,1749
2021-03-06,Santa Cruz,087,273765,15556,14701,790,15491,188
2021-03-06,Shasta,089,179085,11042,11076,1273,12349,158
2021-03-06,Sierra,091,2930,51,48,12,60,0
2021-03-06,Siskiyou,093,43540,1534,1432,244,1676,5
2021-03-06,Solano,095,438530,30129,30000,376,30376,169
2021-03-06,Sonoma,097,501317,28430,28484,225,28709,284
2021-03-06,Stanislaus,099,539301,51321,50691,5436,56127,711
2021-03-06,Sutter,101,95872,8915,8887,82,8969,100
2021-03-06,Tehama,103,63373,4647,4610,496,5106,33
2021-03-06,Trinity,105,12862,468,302,80,382,3
2021-03-06,Tulare,107,460477,48651,47515,8261,55776,789
2021-03-06,Tuolumne,109,53932,3866,3920,34,3954,56
2021-03-06,Ventura,111,848112,78662,78439,2813,81252,848
2021-03-06,Yolo,113,214977,13037,12951,225,13176,189
2021-03-06,Yuba,115,75493,5586,5504,89,5593,42
2021-03-05,Alameda,001,1643700,81843,81215,1751,82966,1141
2021-03-05,Alpine,003,1148,82,78,0,78,0
2021-03-05,Amador,005,37829,3496,3484,32,3516,42
2021-03-05,Butte,007,227075,11441,11050,1627,12677,185
2021-03-05,Calaveras,009,45235,1935,1902,11,1913,48
2021-03-05,Colusa,011,21464,1881,1874,272,2146,11
2021-03-05,Contra Costa,013,1133247,63971,62886,1096,63982,711
2021-03-05,Del Norte,015,27424,1047,995,5,1000,5
2021-03-05,El Dorado,017,186661,9241,9150,606,9756,97
2021-03-05,Fresno,019,978130,97482,96184,7879,104063,1432
2021-03-05,Glenn,021,27897,2277,2241,501,2742,15
2021-03-05,Humboldt,023,135768,3273,3234,22,3256,31
2021-03-05,Imperial,025,180216,27340,26970,2526,29496,651
2021-03-05,Inyo,027,18085,1334,1309,11,1320,35
2021-03-05,Kern,029,883053,94125,92601,9991,102592,1076
2021-03-05,Kings,031,150075,22442,22063,995,23058,224
2021-03-05,Lake,033,64148,3231,3185,6,3191,42
2021-03-05,Lassen,035,31185,5132,5117,98,5215,1
2021-03-05,Los Angeles,037,10098052,1177021,1160688,39450,1200138,21745
2021-03-05,Madera,039,155013,15824,15624,856,16480,211
2021-03-05,Marin,041,260295,13378,13275,171,13446,215
2021-03-05,Mariposa,043,17540,378,375,5,380,4
2021-03-05,Mendocino,045,87422,3675,3577,72,3649,42
2021-03-05,Merced,047,269075,28812,28734,948,29682,399
2021-03-05,Modoc,049,8938,348,337,117,454,3
2021-03-05,Mono,051,14174,1190,1197,16,1213,3
2021-03-05,Monterey,053,433212,42143,41802,1711,43513,325
2021-03-05,Napa,055,140530,9143,9109,34,9143,75
2021-03-05,Nevada,057,99092,4101,4033,163,4196,66
2021-03-05,Orange,059,3164182,248343,246489,10365,256854,4108
2021-03-05,Placer,061,380077,20851,19973,1139,21112,239
2021-03-05,Plumas,063,18699,647,635,10,645,4
2021-03-05,Riverside,065,2383286,286883,280075,13522,293597,3781
2021-03-05,Sacramento,067,1510023,95610,94182,1284,95466,1430
2021-03-05,San Benito,069,59416,5771,5790,92,5882,61
2021-03-05,San Bernardino,071,2135413,287104,282640,8613,291253,3774
2021-03-05,San Diego,073,3302833,266077,262357,13096,275453,3371
2021-03-05,San Francisco,075,870044,34499,34526,1105,35631,430
2021-03-05,San Joaquin,077,732212,67573,66041,2837,68878,1133
2021-03-05,San Luis Obispo,079,281455,19920,19557,572,20129,244
2021-03-05,San Mateo,081,765935,39894,39305,414,39719,326
2021-03-05,Santa Barbara,083,443738,32617,32139,1059,33198,424
2021-03-05,Santa Clara,085,1922200,111631,111384,606,111990,1745
2021-03-05,Santa Cruz,087,273765,15545,14694,790,15484,188
2021-03-05,Shasta,089,179085,11030,11062,1267,12329,148
2021-03-05,Sierra,091,2930,51,48,12,60,0
2021-03-05,Siskiyou,093,43540,1529,1429,243,1672,5
2021-03-05,Solano,095,438530,30112,29951,374,30325,168
2021-03-05,Sonoma,097,501317,28404,28417,225,28642,279
2021-03-05,Stanislaus,099,539301,51270,50606,5426,56032,721
2021-03-05,Sutter,101,95872,8908,8876,82,8958,100
2021-03-05,Tehama,103,63373,4638,4606,496,5102,33
2021-03-05,Trinity,105,12862,468,302,80,382,3
2021-03-05,Tulare,107,460477,48622,47469,8242,55711,789
2021-03-05,Tuolumne,109,53932,3864,3917,34,3951,56
2021-03-05,Ventura,111,848112,78595,78368,2812,81180,839
2021-03-05,Yolo,113,214977,13025,12920,224,13144,188
2021-03-05,Yuba,115,75493,5574,5496,89,5585,42
2021-03-04,Alameda,001,1643700,81733,81115,1751,82866,1136
2021-03-04,Alpine,003,1148,82,78,0,78,0
2021-03-04,Amador,005,37829,3495,3480,32,3512,42
2021-03-04,Butte,007,227075,11434,11033,1626,12659,185
2021-03-04,Calaveras,009,45235,1934,1896,11,1907,48
2021-03-04,Colusa,011,21464,1879,1873,267,2140,11
2021-03-04,Contra Costa,013,1133247,63871,62789,1094,63883,708
2021-03-04,Del Norte,015,27424,1039,989,5,994,5
2021-03-04,El Dorado,017,186661,9226,9133,606,9739,97
2021-03-04,Fresno,019,978130,97318,96023,7859,103882,1422
2021-03-04,Glenn,021,27897,2270,2236,500,2736,15
2021-03-04,Humboldt,023,135768,3259,3212,22,3234,31
2021-03-04,Imperial,025,180216,27327,26946,2523,29469,646
2021-03-04,Inyo,027,18085,1331,1300,11,1311,35
2021-03-04,Kern,029,883053,94036,92525,9972,102497,1070
2021-03-04,Kings,031,150075,22416,22025,992,23017,224
2021-03-04,Lake,033,64148,3223,3181,6,3187,42
2021-03-04,Lassen,035,31185,5132,5116,98,5214,1
2021-03-04,Los Angeles,037,10098052,1176411,1159405,39401,1198806,21610
2021-03-04,Madera,039,155013,15789,15596,853,16449,208
2021-03-04,Marin,041,260295,13362,13240,168,13408,215
2021-03-04,Mariposa,043,17540,378,376,5,381,4
2021-03-04,Mendocino,045,87422,3672,3569,72,3641,42
2021-03-04,Merced,047,269075,28761,28671,946,29617,396
2021-03-04,Modoc,049,8938,347,336,117,453,3
2021-03-04,Mono,051,14174,1190,1197,16,1213,3
2021-03-04,Monterey,053,433212,42123,41771,1709,43480,325
2021-03-04,Napa,055,140530,9135,9094,34,9128,74
2021-03-04,Nevada,057,99092,4091,4020,163,4183,66
2021-03-04,Orange,059,3164182,248186,246354,10348,256702,4096
2021-03-04,Placer,061,380077,20819,19900,1133,21033,239
2021-03-04,Plumas,063,18699,647,634,10,644,4
2021-03-04,Riverside,065,2383286,286753,279871,13509,293380,3766
2021-03-04,Sacramento,067,1510023,95475,93982,1281,95263,1426
2021-03-04,San Benito,069,59416,5771,5781,92,5873,61
2021-03-04,San Bernardino,071,2135413,286974,282407,8609,291016,3757
2021-03-04,San Diego,073,3302833,265816,261858,13052,274910,3359
2021-03-04,San Francisco,075,870044,34464,34480,1102,35582,426
2021-03-04,San Joaquin,077,732212,67479,65931,2827,68758,1129
2021-03-04,San Luis Obispo,079,281455,19883,19520,570,20090,243
2021-03-04,San Mateo,081,765935,39850,39225,413,39638,322
2021-03-04,Santa Barbara,083,443738,32580,32090,1058,33148,423
2021-03-04,Santa Clara,085,1922200,111497,111194,604,111798,1723
2021-03-04,Santa Cruz,087,273765,15526,14669,790,15459,186
2021-03-04,Shasta,089,179085,11027,11050,1258,12308,150
2021-03-04,Sierra,091,2930,51,48,12,60,0
2021-03-04,Siskiyou,093,43540,1522,1427,243,1670,5
2021-03-04,Solano,095,438530,30085,29905,373,30278,168
2021-03-04,Sonoma,097,501317,28349,28379,224,28603,279
2021-03-04,Stanislaus,099,539301,51183,50521,5418,55939,731
2021-03-04,Sutter,101,95872,8896,8849,82,8931,100
2021-03-04,Tehama,103,63373,4630,4604,496,5100,33
2021-03-04,Trinity,105,12862,468,302,80,382,3
2021-03-04,Tulare,107,460477,48577,47398,8217,55615,784
2021-03-04,Tuolumne,109,53932,3858,3916,34,3950,56
2021-03-04,Ventura,111,848112,78505,78184,2809,80993,831
2021-03-04,Yolo,113,214977,13005,12895,224,13119,189
2021-03-04,Yuba,115,75493,5562,5483,89,5572,41
2021-03-03,Alameda,001,1643700,81612,80972,1750,82722,1127
2021-03-03,Alpine,003,1148,82,77,0,77,0
2021-03-03,Amador,005,37829,3493,3478,31,3509,42
2021-03-03,Butte,007,227075,11426,11014,1625,12639,184
2021-03-03,Calaveras,009,45235,1933,1893,11,1904,48
2021-03-03,Colusa,011,21464,1878,1873,267,2140,11
2021-03-03,Contra Costa,013,1133247,63773,62668,1091,63759,708
2021-03-03,Del Norte,015,27424,1036,988,5,993,5
2021-03-03,El Dorado,017,186661,9216,9121,606,9727,97
2021-03-03,Fresno,019,978130,97174,95893,7841,103734,1415
2021-03-03,Glenn,021,27897,2270,2233,500,2733,15
2021-03-03,Humboldt,023,135768,3248,3196,22,3218,30
2021-03-03,Imperial,025,180216,27311,26939,2519,29458,640
2021-03-03,Inyo,027,18085,1323,1294,11,1305,35
2021-03-03,Kern,029,883053,93960,92434,9955,102389,1063
2021-03-03,Kings,031,150075,22400,22009,991,23000,223
2021-03-03,Lake,033,64148,3216,3175,6,3181,40
2021-03-03,Lassen,035,31185,5132,5115,98,5213,1
2021-03-03,Los Angeles,037,10098052,1175770,1157911,39361,1197272,21500
2021-03-03,Madera,039,155013,15770,15553,847,16400,203
2021-03-03,Marin,041,260295,13348,13216,168,13384,214
2021-03-03,Mariposa,043,17540,377,376,5,381,4
2021-03-03,Mendocino,045,87422,3664,3564,72,3636,42
2021-03-03,Merced,047,269075,28709,28625,946,29571,393
2021-03-03,Modoc,049,8938,347,333,116,449,3
2021-03-03,Mono,051,14174,1190,1191,16,1207,3
2021-03-03,Monterey,053,433212,42091,41731,1706,43437,325
2021-03-03,Napa,055,140530,9127,9090,34,9124,72
2021-03-03,Nevada,057,99092,4081,4009,163,4172,66
2021-03-03,Orange,059,3164182,248041,246120,10333,256453,4072
2021-03-03,Placer,061,380077,20793,19851,1130,20981,239
2021-03-03,Plumas,063,18699,646,631,10,641,4
2021-03-03,Riverside,065,2383286,286620,279626,13503,293129,3735
2021-03-03,Sacramento,067,1510023,95314,93819,1273,95092,1419
2021-03-03,San Benito,069,59416,5770,5774,92,5866,61
2021-03-03,San Bernardino,071,2135413,286833,282138,8603,290741,3664
2021-03-03,San Diego,073,3302833,265552,261350,13021,274371,3342
2021-03-03,San Francisco,075,870044,34432,34443,1099,35542,426
2021-03-03,San Joaquin,077,732212,67366,65855,2820,68675,1115
2021-03-03,San Luis Obispo,079,281455,19857,19479,567,20046,241
2021-03-03,San Mateo,081,765935,39804,39189,412,39601,319
2021-03-03,Santa Barbara,083,443738,32542,32027,1058,33085,421
2021-03-03,Santa Clara,085,1922200,111343,110991,602,111593,1720
2021-03-03,Santa Cruz,087,273765,15515,14645,790,15435,185
2021-03-03,Shasta,089,179085,11017,11023,1251,12274,150
2021-03-03,Sierra,091,2930,51,48,12,60,0
2021-03-03,Siskiyou,093,43540,1520,1424,243,1667,5
2021-03-03,Solano,095,438530,30049,29866,372,30238,167
2021-03-03,Sonoma,097,501317,28310,28307,223,28530,279
2021-03-03,Stanislaus,099,539301,51105,50438,5411,55849,730
2021-03-03,Sutter,101,95872,8888,8840,82,8922,99
2021-03-03,Tehama,103,63373,4628,4601,496,5097,32
2021-03-03,Trinity,105,12862,468,302,80,382,3
2021-03-03,Tulare,107,460477,48526,47348,8186,55534,778
2021-03-03,Tuolumne,109,53932,3856,3914,33,3947,56
2021-03-03,Ventura,111,848112,78421,78057,2804,80861,822
2021-03-03,Yolo,113,214977,12992,12890,224,13114,189
2021-03-03,Yuba,115,75493,5549,5479,89,5568,41
2021-03-02,Alameda,001,1643700,81491,80904,1748,82652,1116
2021-03-02,Alpine,003,1148,82,77,0,77,0
2021-03-02,Amador,005,37829,3491,3474,31,3505,42
2021-03-02,Butte,007,227075,11416,11007,1622,12629,182
2021-03-02,Calaveras,009,45235,1925,1890,11,1901,48
2021-03-02,Colusa,011,21464,1878,1872,266,2138,11
2021-03-02,Contra Costa,013,1133247,63662,62557,1087,63644,694
2021-03-02,Del Norte,015,27424,1029,983,5,988,5
2021-03-02,El Dorado,017,186661,9208,9116,606,9722,98
2021-03-02,Fresno,019,978130,97028,95785,7815,103600,1410
2021-03-02,Glenn,021,27897,2264,2232,499,2731,15
2021-03-02,Humboldt,023,135768,3229,3184,22,3206,30
2021-03-02,Imperial,025,180216,27301,26926,2517,29443,637
2021-03-02,Inyo,027,18085,1319,1292,11,1303,35
2021-03-02,Kern,029,883053,93854,92313,9928,102241,1046
2021-03-02,Kings,031,150075,22348,21999,988,22987,217
2021-03-02,Lake,033,64148,3210,3169,6,3175,40
2021-03-02,Lassen,035,31185,5127,5115,97,5212,1
2021-03-02,Los Angeles,037,10098052,1175135,1156826,39315,1196141,21395
2021-03-02,Madera,039,155013,15750,15523,844,16367,194
2021-03-02,Marin,041,260295,13325,13186,167,13353,214
2021-03-02,Mariposa,043,17540,377,376,5,381,4
2021-03-02,Mendocino,045,87422,3661,3562,71,3633,41
2021-03-02,Merced,047,269075,28652,28598,946,29544,389
2021-03-02,Modoc,049,8938,347,332,116,448,3
2021-03-02,Mono,051,14174,1189,1191,16,1207,3
2021-03-02,Monterey,053,433212,42064,41716,1706,43422,325
2021-03-02,Napa,055,140530,9116,9080,34,9114,71
2021-03-02,Nevada,057,99092,4072,3983,162,4145,66
2021-03-02,Orange,059,3164182,247896,246004,10315,256319,4037
2021-03-02,Placer,061,380077,20740,19828,1127,20955,239
2021-03-02,Plumas,063,18699,643,628,10,638,4
2021-03-02,Riverside,065,2383286,286447,279486,13495,292981,3721
2021-03-02,Sacramento,067,1510023,95147,93690,1272,94962,1411
2021-03-02,San Benito,069,59416,5763,5770,92,5862,60
2021-03-02,San Bernardino,071,2135413,286699,281919,8597,290516,3604
2021-03-02,San Diego,073,3302833,265308,260998,12999,273997,3317
2021-03-02,San Francisco,075,870044,34392,34387,1095,35482,424
2021-03-02,San Joaquin,077,732212,67258,65769,2802,68571,1111
2021-03-02,San Luis Obispo,079,281455,19825,19452,567,20019,241
2021-03-02,San Mateo,081,765935,39752,39148,411,39559,317
2021-03-02,Santa Barbara,083,443738,32493,31964,1054,33018,416
2021-03-02,Santa Clara,085,1922200,111164,110832,601,111433,1706
2021-03-02,Santa Cruz,087,273765,15501,14611,788,15399,185
2021-03-02,Shasta,089,179085,11003,11012,1240,12252,149
2021-03-02,Sierra,091,2930,51,48,12,60,0
2021-03-02,Siskiyou,093,43540,1516,1412,241,1653,5
2021-03-02,Solano,095,438530,30016,29827,370,30197,167
2021-03-02,Sonoma,097,501317,28255,28261,223,28484,279
2021-03-02,Stanislaus,099,539301,51018,50359,5399,55758,724
2021-03-02,Sutter,101,95872,8879,8832,82,8914,99
2021-03-02,Tehama,103,63373,4624,4597,495,5092,32
2021-03-02,Trinity,105,12862,468,301,80,381,3
2021-03-02,Tulare,107,460477,48463,47326,8166,55492,783
2021-03-02,Tuolumne,109,53932,3852,3908,33,3941,53
2021-03-02,Ventura,111,848112,78328,77952,2800,80752,780
2021-03-02,Yolo,113,214977,12976,12867,224,13091,189
2021-03-02,Yuba,115,75493,5541,5475,89,5564,41
2021-03-01,Alameda,001,1643700,81364,80805,1746,82551,1105
2021-03-01,Alpine,003,1148,80,77,0,77,0
2021-03-01,Amador,005,37829,3488,3469,31,3500,42
2021-03-01,Butte,007,227075,11401,10981,1617,12598,180
2021-03-01,Calaveras,009,45235,1920,1885,11,1896,46
2021-03-01,Colusa,011,21464,1877,1871,266,2137,11
2021-03-01,Contra Costa,013,1133247,63553,62458,1086,63544,694
2021-03-01,Del Norte,015,27424,1024,982,5,987,5
2021-03-01,El Dorado,017,186661,9184,9085,606,9691,98
2021-03-01,Fresno,019,978130,96890,95677,7792,103469,1405
2021-03-01,Glenn,021,27897,2259,2232,498,2730,15
2021-03-01,Humboldt,023,135768,3210,3179,22,3201,30
2021-03-01,Imperial,025,180216,27291,26913,2509,29422,636
2021-03-01,Inyo,027,18085,1316,1285,11,1296,35
2021-03-01,Kern,029,883053,93765,92219,9902,102121,1041
2021-03-01,Kings,031,150075,22331,21988,982,22970,217
2021-03-01,Lake,033,64148,3205,3164,6,3170,40
2021-03-01,Lassen,035,31185,5125,5111,97,5208,1
2021-03-01,Los Angeles,037,10098052,1174477,1155984,39273,1195257,21293
2021-03-01,Madera,039,155013,15721,15505,833,16338,194
2021-03-01,Marin,041,260295,13297,13161,166,13327,214
2021-03-01,Mariposa,043,17540,377,375,5,380,4
2021-03-01,Mendocino,045,87422,3654,3561,71,3632,41
2021-03-01,Merced,047,269075,28607,28575,942,29517,385
2021-03-01,Modoc,049,8938,344,331,115,446,3
2021-03-01,Mono,051,14174,1188,1192,16,1208,3
2021-03-01,Monterey,053,433212,42039,41697,1704,43401,324
2021-03-01,Napa,055,140530,9107,9056,34,9090,70
2021-03-01,Nevada,057,99092,4053,3979,162,4141,66
2021-03-01,Orange,059,3164182,247701,245852,10300,256152,3976
2021-03-01,Placer,061,380077,20701,19803,1124,20927,239
2021-03-01,Plumas,063,18699,643,628,10,638,4
2021-03-01,Riverside,065,2383286,286230,279323,13488,292811,3680
2021-03-01,Sacramento,067,1510023,95002,93546,1270,94816,1401
2021-03-01,San Benito,069,59416,5758,5772,92,5864,57
2021-03-01,San Bernardino,071,2135413,286556,281685,8593,290278,3603
2021-03-01,San Diego,073,3302833,264991,260622,12966,273588,3303
2021-03-01,San Francisco,075,870044,34348,34318,1087,35405,424
2021-03-01,San Joaquin,077,732212,67149,65699,2791,68490,1097
2021-03-01,San Luis Obispo,079,281455,19803,19429,565,19994,239
2021-03-01,San Mateo,081,765935,39700,39096,410,39506,314
2021-03-01,Santa Barbara,083,443738,32450,31909,1053,32962,413
2021-03-01,Santa Clara,085,1922200,111005,110684,598,111282,1704
2021-03-01,Santa Cruz,087,273765,15482,14575,787,15362,185
2021-03-01,Shasta,089,179085,10991,10990,1237,12227,149
2021-03-01,Sierra,091,2930,51,48,12,60,0
2021-03-01,Siskiyou,093,43540,1512,1408,239,1647,5
2021-03-01,Solano,095,438530,29973,29779,369,30148,166
2021-03-01,Sonoma,097,501317,28207,28222,221,28443,278
2021-03-01,Stanislaus,099,539301,50942,50293,5393,55686,722
2021-03-01,Sutter,101,95872,8868,8825,82,8907,99
2021-03-01,Tehama,103,63373,4618,4595,495,5090,32
2021-03-01,Trinity,105,12862,468,298,79,377,3
2021-03-01,Tulare,107,460477,48425,47275,8133,55408,781
2021-03-01,Tuolumne,109,53932,3849,3907,33,3940,53
2021-03-01,Ventura,111,848112,78247,77849,2798,80647,775
2021-03-01,Yolo,113,214977,12959,12854,222,13076,188
2021-03-01,Yuba,115,75493,5529,5466,89,5555,41
2021-02-28,Alameda,001,1643700,81243,80727,1744,82471,1105
2021-02-28,Alpine,003,1148,80,77,0,77,0
2021-02-28,Amador,005,37829,3483,3466,30,3496,42
2021-02-28,Butte,007,227075,11386,10970,1617,12587,180
2021-02-28,Calaveras,009,45235,1916,1881,11,1892,46
2021-02-28,Colusa,011,21464,1877,1871,265,2136,11
2021-02-28,Contra Costa,013,1133247,63426,62386,1081,63467,694
2021-02-28,Del Norte,015,27424,1022,981,5,986,5
2021-02-28,El Dorado,017,186661,9173,9082,606,9688,98
2021-02-28,Fresno,019,978130,96708,95548,7758,103306,1405
2021-02-28,Glenn,021,27897,2257,2230,496,2726,15
2021-02-28,Humboldt,023,135768,3187,3179,22,3201,30
2021-02-28,Imperial,025,180216,27265,26909,2505,29414,636
2021-02-28,Inyo,027,18085,1311,1282,11,1293,35
2021-02-28,Kern,029,883053,93650,92169,9881,102050,1012
2021-02-28,Kings,031,150075,22310,21967,981,22948,217
2021-02-28,Lake,033,64148,3200,3164,6,3170,40
2021-02-28,Lassen,035,31185,5124,5106,97,5203,1
2021-02-28,Los Angeles,037,10098052,1173690,1155141,39211,1194352,21261
2021-02-28,Madera,039,155013,15679,15496,830,16326,199
2021-02-28,Marin,041,260295,13274,13152,164,13316,214
2021-02-28,Mariposa,043,17540,377,374,5,379,4
2021-02-28,Mendocino,045,87422,3648,3558,71,3629,41
2021-02-28,Merced,047,269075,28544,28546,941,29487,384
2021-02-28,Modoc,049,8938,344,331,115,446,3
2021-02-28,Mono,051,14174,1185,1192,16,1208,3
2021-02-28,Monterey,053,433212,42007,41683,1702,43385,323
2021-02-28,Napa,055,140530,9088,9053,34,9087,70
2021-02-28,Nevada,057,99092,4040,3972,162,4134,66
2021-02-28,Orange,059,3164182,247503,245706,10293,255999,3970
2021-02-28,Placer,061,380077,20655,19775,1122,20897,239
2021-02-28,Plumas,063,18699,643,628,10,638,4
2021-02-28,Riverside,065,2383286,285997,279214,13477,292691,3661
2021-02-28,Sacramento,067,1510023,94818,93463,1265,94728,1398
2021-02-28,San Benito,069,59416,5747,5772,92,5864,57
2021-02-28,San Bernardino,071,2135413,286415,281620,8581,290201,3595
2021-02-28,San Diego,073,3302833,264694,260353,12932,273285,3303
2021-02-28,San Francisco,075,870044,34306,34291,1081,35372,417
2021-02-28,San Joaquin,077,732212,67041,65662,2782,68444,1097
2021-02-28,San Luis Obispo,079,281455,19767,19422,563,19985,237
2021-02-28,San Mateo,081,765935,39647,39059,409,39468,314
2021-02-28,Santa Barbara,083,443738,32398,31877,1053,32930,413
2021-02-28,Santa Clara,085,1922200,110806,110556,595,111151,1704
2021-02-28,Santa Cruz,087,273765,15453,14571,784,15355,185
2021-02-28,Shasta,089,179085,10970,10990,1233,12223,149
2021-02-28,Sierra,091,2930,51,48,12,60,0
2021-02-28,Siskiyou,093,43540,1504,1408,239,1647,5
2021-02-28,Solano,095,438530,29918,29758,363,30121,166
2021-02-28,Sonoma,097,501317,28144,28193,220,28413,279
2021-02-28,Stanislaus,099,539301,50852,50228,5380,55608,728
2021-02-28,Sutter,101,95872,8853,8825,82,8907,99
2021-02-28,Tehama,103,63373,4613,4590,495,5085,32
2021-02-28,Trinity,105,12862,468,298,79,377,3
2021-02-28,Tulare,107,460477,48363,47258,8102,55360,780
2021-02-28,Tuolumne,109,53932,3844,3905,33,3938,53
2021-02-28,Ventura,111,848112,78135,77749,2795,80544,775
2021-02-28,Yolo,113,214977,12936,12851,222,13073,188
2021-02-28,Yuba,115,75493,5519,5461,89,5550,41
2021-02-27,Alameda,001,1643700,81170,80565,1742,82307,1108
2021-02-27,Alpine,003,1148,80,77,0,77,0
2021-02-27,Amador,005,37829,3481,3463,30,3493,42
2021-02-27,Butte,007,227075,11374,10962,1617,12579,180
2021-02-27,Calaveras,009,45235,1911,1875,11,1886,46
2021-02-27,Colusa,011,21464,1876,1869,265,2134,11
2021-02-27,Contra Costa,013,1133247,63356,62248,1078,63326,693
2021-02-27,Del Norte,015,27424,1020,978,5,983,5
2021-02-27,El Dorado,017,186661,9169,9072,606,9678,98
2021-02-27,Fresno,019,978130,96631,95393,7747,103140,1400
2021-02-27,Glenn,021,27897,2256,2225,495,2720,15
2021-02-27,Humboldt,023,135768,3181,3167,22,3189,30
2021-02-27,Imperial,025,180216,27257,26903,2503,29406,633
2021-02-27,Inyo,027,18085,1308,1275,11,1286,35
2021-02-27,Kern,029,883053,93589,92053,9866,101919,996
2021-02-27,Kings,031,150075,22300,21955,978,22933,216
2021-02-27,Lake,033,64148,3197,3156,6,3162,40
2021-02-27,Lassen,035,31185,5124,5106,97,5203,1
2021-02-27,Los Angeles,037,10098052,1173192,1154275,39184,1193459,21158
2021-02-27,Madera,039,155013,15662,15467,829,16296,199
2021-02-27,Marin,041,260295,13250,13134,164,13298,214
2021-02-27,Mariposa,043,17540,377,374,5,379,4
2021-02-27,Mendocino,045,87422,3645,3555,71,3626,41
2021-02-27,Merced,047,269075,28502,28501,933,29434,384
2021-02-27,Modoc,049,8938,344,331,114,445,3
2021-02-27,Mono,051,14174,1183,1191,16,1207,3
2021-02-27,Monterey,053,433212,41998,41665,1701,43366,322
2021-02-27,Napa,055,140530,9077,9038,34,9072,71
2021-02-27,Nevada,057,99092,4034,3960,162,4122,66
2021-02-27,Orange,059,3164182,247376,245542,10282,255824,3960
2021-02-27,Placer,061,380077,20619,19726,1119,20845,239
2021-02-27,Plumas,063,18699,643,628,10,638,4
2021-02-27,Riverside,065,2383286,285887,279048,13467,292515,3663
2021-02-27,Sacramento,067,1510023,94735,93281,1255,94536,1396
2021-02-27,San Benito,069,59416,5746,5767,91,5858,57
2021-02-27,San Bernardino,071,2135413,286336,281471,8574,290045,3527
2021-02-27,San Diego,073,3302833,264504,260091,12894,272985,3284
2021-02-27,San Francisco,075,870044,34272,34260,1078,35338,413
2021-02-27,San Joaquin,077,732212,66995,65578,2780,68358,1100
2021-02-27,San Luis Obispo,079,281455,19746,19411,562,19973,237
2021-02-27,San Mateo,081,765935,39606,38998,408,39406,313
2021-02-27,Santa Barbara,083,443738,32364,31805,1052,32857,411
2021-02-27,Santa Clara,085,1922200,110658,110361,593,110954,1703
2021-02-27,Santa Cruz,087,273765,15444,14552,783,15335,185
2021-02-27,Shasta,089,179085,10964,10985,1229,12214,149
2021-02-27,Sierra,091,2930,51,48,12,60,0
2021-02-27,Siskiyou,093,43540,1502,1407,238,1645,5
2021-02-27,Solano,095,438530,29890,29718,362,30080,165
2021-02-27,Sonoma,097,501317,28100,28141,214,28355,281
2021-02-27,Stanislaus,099,539301,50797,50147,5370,55517,733
2021-02-27,Sutter,101,95872,8848,8820,82,8902,99
2021-02-27,Tehama,103,63373,4608,4584,494,5078,32
2021-02-27,Trinity,105,12862,468,298,79,377,3
2021-02-27,Tulare,107,460477,48326,47209,8076,55285,770
2021-02-27,Tuolumne,109,53932,3841,3899,33,3932,53
2021-02-27,Ventura,111,848112,78062,77623,2792,80415,771
2021-02-27,Yolo,113,214977,12924,12834,222,13056,188
2021-02-27,Yuba,115,75493,5516,5450,89,5539,39
2021-02-26,Alameda,001,1643700,81075,80387,1737,82124,1106
2021-02-26,Alpine,003,1148,80,77,0,77,0
2021-02-26,Amador,005,37829,3475,3457,30,3487,42
2021-02-26,Butte,007,227075,11364,10941,1617,12558,180
2021-02-26,Calaveras,009,45235,1909,1873,11,1884,46
2021-02-26,Colusa,011,21464,1876,1865,265,2130,11
2021-02-26,Contra Costa,013,1133247,63273,62114,1078,63192,685
2021-02-26,Del Norte,015,27424,1016,968,5,973,5
2021-02-26,El Dorado,017,186661,9164,9038,604,9642,98
2021-02-26,Fresno,019,978130,96529,95202,7739,102941,1391
2021-02-26,Glenn,021,27897,2253,2220,495,2715,15
2021-02-26,Humboldt,023,135768,3175,3152,22,3174,30
2021-02-26,Imperial,025,180216,27250,26888,2501,29389,631
2021-02-26,Inyo,027,18085,1306,1271,11,1282,34
2021-02-26,Kern,029,883053,93510,91884,9850,101734,997
2021-02-26,Kings,031,150075,22284,21917,975,22892,216
2021-02-26,Lake,033,64148,3192,3153,6,3159,40
2021-02-26,Lassen,035,31185,5124,5102,97,5199,1
2021-02-26,Los Angeles,037,10098052,1172615,1153131,39122,1192253,21070
2021-02-26,Madera,039,155013,15646,15436,827,16263,199
2021-02-26,Marin,041,260295,13237,13091,164,13255,214
2021-02-26,Mariposa,043,17540,377,375,5,380,4
2021-02-26,Mendocino,045,87422,3640,3549,71,3620,41
2021-02-26,Merced,047,269075,28468,28455,932,29387,382
2021-02-26,Modoc,049,8938,343,330,114,444,3
2021-02-26,Mono,051,14174,1181,1191,16,1207,3
2021-02-26,Monterey,053,433212,41972,41607,1700,43307,322
2021-02-26,Napa,055,140530,9071,9014,34,9048,70
2021-02-26,Nevada,057,99092,4023,3952,162,4114,66
2021-02-26,Orange,059,3164182,247237,245278,10272,255550,3918
2021-02-26,Placer,061,380077,20593,19712,1113,20825,239
2021-02-26,Plumas,063,18699,643,628,10,638,4
2021-02-26,Riverside,065,2383286,285743,278772,13461,292233,3653
2021-02-26,Sacramento,067,1510023,94612,93180,1252,94432,1390
2021-02-26,San Benito,069,59416,5745,5759,91,5850,57
2021-02-26,San Bernardino,071,2135413,286236,281132,8572,289704,3461
2021-02-26,San Diego,073,3302833,264276,259641,12873,272514,3271
2021-02-26,San Francisco,075,870044,34242,34213,1074,35287,413
2021-02-26,San Joaquin,077,732212,66914,65492,2774,68266,1070
2021-02-26,San Luis Obispo,079,281455,19730,19359,560,19919,234
2021-02-26,San Mateo,081,765935,39560,38922,408,39330,313
2021-02-26,Santa Barbara,083,443738,32320,31724,1051,32775,410
2021-02-26,Santa Clara,085,1922200,110526,110168,591,110759,1700
2021-02-26,Santa Cruz,087,273765,15432,14528,782,15310,185
2021-02-26,Shasta,089,179085,10957,10972,1220,12192,149
2021-02-26,Sierra,091,2930,51,47,12,59,0
2021-02-26,Siskiyou,093,43540,1502,1401,237,1638,5
2021-02-26,Solano,095,438530,29856,29651,361,30012,165
2021-02-26,Sonoma,097,501317,28071,28063,213,28276,280
2021-02-26,Stanislaus,099,539301,50741,50054,5362,55416,737
2021-02-26,Sutter,101,95872,8839,8806,82,8888,99
2021-02-26,Tehama,103,63373,4606,4581,494,5075,32
2021-02-26,Trinity,105,12862,467,298,79,377,3
2021-02-26,Tulare,107,460477,48291,47135,8045,55180,770
2021-02-26,Tuolumne,109,53932,3840,3896,33,3929,53
2021-02-26,Ventura,111,848112,77962,77534,2788,80322,765
2021-02-26,Yolo,113,214977,12917,12816,222,13038,188
2021-02-26,Yuba,115,75493,5511,5438,89,5527,39
2021-02-25,Alameda,001,1643700,80953,80181,1736,81917,1093
2021-02-25,Alpine,003,1148,80,77,0,77,0
2021-02-25,Amador,005,37829,3472,3448,30,3478,41
2021-02-25,Butte,007,227075,11343,10922,1612,12534,178
2021-02-25,Calaveras,009,45235,1901,1868,11,1879,46
2021-02-25,Colusa,011,21464,1873,1863,264,2127,11
2021-02-25,Contra Costa,013,1133247,63171,61910,1078,62988,686
2021-02-25,Del Norte,015,27424,1006,966,5,971,5
2021-02-25,El Dorado,017,186661,9148,9012,604,9616,98
2021-02-25,Fresno,019,978130,96385,95015,7717,102732,1377
2021-02-25,Glenn,021,27897,2250,2219,494,2713,15
2021-02-25,Humboldt,023,135768,3168,3129,22,3151,30
2021-02-25,Imperial,025,180216,27243,26855,2497,29352,628
2021-02-25,Inyo,027,18085,1300,1264,11,1275,33
2021-02-25,Kern,029,883053,93394,91735,9825,101560,992
2021-02-25,Kings,031,150075,22275,21900,972,22872,216
2021-02-25,Lake,033,64148,3183,3141,6,3147,40
2021-02-25,Lassen,035,31185,5123,5097,96,5193,1
2021-02-25,Los Angeles,037,10098052,1171871,1151846,39063,1190909,20931
2021-02-25,Madera,039,155013,15611,15414,823,16237,194
2021-02-25,Marin,041,260295,13214,13067,164,13231,214
2021-02-25,Mariposa,043,17540,377,375,5,380,4
2021-02-25,Mendocino,045,87422,3635,3542,71,3613,41
2021-02-25,Merced,047,269075,28419,28383,930,29313,382
2021-02-25,Modoc,049,8938,343,329,114,443,3
2021-02-25,Mono,051,14174,1180,1190,16,1206,3
2021-02-25,Monterey,053,433212,41947,41564,1695,43259,321
2021-02-25,Napa,055,140530,9045,8998,34,9032,70
2021-02-25,Nevada,057,99092,4006,3940,161,4101,66
2021-02-25,Orange,059,3164182,247064,245000,10262,255262,3882
2021-02-25,Placer,061,380077,20554,19661,1111,20772,239
2021-02-25,Plumas,063,18699,643,626,10,636,4
2021-02-25,Riverside,065,2383286,285555,278544,13440,291984,3646
2021-02-25,Sacramento,067,1510023,94454,92961,1240,94201,1386
2021-02-25,San Benito,069,59416,5740,5752,91,5843,58
2021-02-25,San Bernardino,071,2135413,286101,280946,8564,289510,3409
2021-02-25,San Diego,073,3302833,263982,258979,12843,271822,3260
2021-02-25,San Francisco,075,870044,34199,34138,1071,35209,408
2021-02-25,San Joaquin,077,732212,66830,65389,2762,68151,1047
2021-02-25,San Luis Obispo,079,281455,19709,19335,558,19893,234
2021-02-25,San Mateo,081,765935,39513,38872,408,39280,300
2021-02-25,Santa Barbara,083,443738,32243,31631,1050,32681,408
2021-02-25,Santa Clara,085,1922200,110361,109923,590,110513,1677
2021-02-25,Santa Cruz,087,273765,15413,14492,781,15273,185
2021-02-25,Shasta,089,179085,10945,10947,1215,12162,148
2021-02-25,Sierra,091,2930,51,47,12,59,0
2021-02-25,Siskiyou,093,43540,1497,1390,234,1624,4
2021-02-25,Solano,095,438530,29824,29616,361,29977,161
2021-02-25,Sonoma,097,501317,28017,28004,210,28214,278
2021-02-25,Stanislaus,099,539301,50650,49964,5352,55316,738
2021-02-25,Sutter,101,95872,8825,8789,81,8870,99
2021-02-25,Tehama,103,63373,4603,4578,492,5070,32
2021-02-25,Trinity,105,12862,467,297,79,376,3
2021-02-25,Tulare,107,460477,48241,47052,8019,55071,765
2021-02-25,Tuolumne,109,53932,3837,3894,33,3927,53
2021-02-25,Ventura,111,848112,77854,77395,2782,80177,751
2021-02-25,Yolo,113,214977,12900,12787,222,13009,188
2021-02-25,Yuba,115,75493,5504,5429,89,5518,39
2021-02-24,Alameda,001,1643700,80833,80070,1732,81802,1082
2021-02-24,Alpine,003,1148,79,77,0,77,0
2021-02-24,Amador,005,37829,3467,3444,30,3474,41
2021-02-24,Butte,007,227075,11330,10915,1608,12523,178
2021-02-24,Calaveras,009,45235,1897,1864,11,1875,31
2021-02-24,Colusa,011,21464,1871,1863,264,2127,11
2021-02-24,Contra Costa,013,1133247,63063,61776,1078,62854,663
2021-02-24,Del Norte,015,27424,1005,960,4,964,5
2021-02-24,El Dorado,017,186661,9136,8993,604,9597,98
2021-02-24,Fresno,019,978130,96237,94794,7701,102495,1369
2021-02-24,Glenn,021,27897,2249,2210,494,2704,14
2021-02-24,Humboldt,023,135768,3156,3123,22,3145,29
2021-02-24,Imperial,025,180216,27230,26843,2492,29335,596
2021-02-24,Inyo,027,18085,1295,1253,11,1264,32
2021-02-24,Kern,029,883053,93261,91525,9809,101334,992
2021-02-24,Kings,031,150075,22250,21871,970,22841,216
2021-02-24,Lake,033,64148,3176,3134,6,3140,40
2021-02-24,Lassen,035,31185,5119,5095,95,5190,1
2021-02-24,Los Angeles,037,10098052,1171108,1150322,39019,1189341,20817
2021-02-24,Madera,039,155013,15584,15390,823,16213,194
2021-02-24,Marin,041,260295,13191,13044,163,13207,214
2021-02-24,Mariposa,043,17540,377,374,5,379,4
2021-02-24,Mendocino,045,87422,3628,3540,71,3611,41
2021-02-24,Merced,047,269075,28381,28295,925,29220,383
2021-02-24,Modoc,049,8938,342,329,114,443,3
2021-02-24,Mono,051,14174,1178,1189,16,1205,3
2021-02-24,Monterey,053,433212,41922,41495,1693,43188,320
2021-02-24,Napa,055,140530,9028,8976,33,9009,70
2021-02-24,Nevada,057,99092,3996,3927,161,4088,66
2021-02-24,Orange,059,3164182,246846,244743,10249,254992,3835
2021-02-24,Placer,061,380077,20515,19648,1105,20753,239
2021-02-24,Plumas,063,18699,641,626,10,636,4
2021-02-24,Riverside,065,2383286,285327,278293,13431,291724,3603
2021-02-24,Sacramento,067,1510023,94300,92742,1235,93977,1375
2021-02-24,San Benito,069,59416,5739,5743,91,5834,57
2021-02-24,San Bernardino,071,2135413,285949,280583,8560,289143,3360
2021-02-24,San Diego,073,3302833,263686,258460,12827,271287,3230
2021-02-24,San Francisco,075,870044,34153,34061,1068,35129,406
2021-02-24,San Joaquin,077,732212,66720,65274,2760,68034,1019
2021-02-24,San Luis Obispo,079,281455,19686,19309,556,19865,233
2021-02-24,San Mateo,081,765935,39476,38763,408,39171,300
2021-02-24,Santa Barbara,083,443738,32191,31563,1047,32610,405
2021-02-24,Santa Clara,085,1922200,110213,109671,589,110260,1674
2021-02-24,Santa Cruz,087,273765,15392,14458,781,15239,185
2021-02-24,Shasta,089,179085,10931,10922,1212,12134,148
2021-02-24,Sierra,091,2930,51,47,12,59,0
2021-02-24,Siskiyou,093,43540,1490,1385,230,1615,4
2021-02-24,Solano,095,438530,29784,29577,359,29936,158
2021-02-24,Sonoma,097,501317,27953,27954,206,28160,278
2021-02-24,Stanislaus,099,539301,50579,49851,5344,55195,732
2021-02-24,Sutter,101,95872,8815,8778,81,8859,99
2021-02-24,Tehama,103,63373,4600,4566,492,5058,31
2021-02-24,Trinity,105,12862,467,294,78,372,3
2021-02-24,Tulare,107,460477,48185,46976,7991,54967,759
2021-02-24,Tuolumne,109,53932,3834,3887,33,3920,53
2021-02-24,Ventura,111,848112,77746,77238,2781,80019,718
2021-02-24,Yolo,113,214977,12887,12760,218,12978,188
2021-02-24,Yuba,115,75493,5493,5425,87,5512,39
2021-02-23,Alameda,001,1643700,80695,79948,1730,81678,1070
2021-02-23,Alpine,003,1148,78,77,0,77,0
2021-02-23,Amador,005,37829,3465,3440,30,3470,41
2021-02-23,Butte,007,227075,11314,10887,1605,12492,176
2021-02-23,Calaveras,009,45235,1896,1863,11,1874,21
2021-02-23,Colusa,011,21464,1868,1862,264,2126,11
2021-02-23,Contra Costa,013,1133247,62929,61613,1075,62688,661
2021-02-23,Del Norte,015,27424,1003,953,4,957,3
2021-02-23,El Dorado,017,186661,9123,8969,604,9573,96
2021-02-23,Fresno,019,978130,96076,94741,7687,102428,1356
2021-02-23,Glenn,021,27897,2247,2209,494,2703,14
2021-02-23,Humboldt,023,135768,3139,3108,22,3130,29
2021-02-23,Imperial,025,180216,27210,26816,2487,29303,591
2021-02-23,Inyo,027,18085,1291,1250,11,1261,32
2021-02-23,Kern,029,883053,93122,91390,9780,101170,982
2021-02-23,Kings,031,150075,22235,21839,966,22805,216
2021-02-23,Lake,033,64148,3168,3121,6,3127,40
2021-02-23,Lassen,035,31185,5116,5092,95,5187,1
2021-02-23,Los Angeles,037,10098052,1170236,1148965,38965,1187930,19887
2021-02-23,Madera,039,155013,15570,15352,817,16169,193
2021-02-23,Marin,041,260295,13171,13015,162,13177,214
2021-02-23,Mariposa,043,17540,377,374,5,379,4
2021-02-23,Mendocino,045,87422,3626,3540,70,3610,41
2021-02-23,Merced,047,269075,28301,28209,918,29127,381
2021-02-23,Modoc,049,8938,341,328,113,441,3
2021-02-23,Mono,051,14174,1178,1189,16,1205,3
2021-02-23,Monterey,053,433212,41882,41439,1688,43127,317
2021-02-23,Napa,055,140530,9016,8967,33,9000,70
2021-02-23,Nevada,057,99092,3988,3912,161,4073,66
2021-02-23,Orange,059,3164182,246648,244566,10230,254796,3843
2021-02-23,Placer,061,380077,20490,19608,1101,20709,238
2021-02-23,Plumas,063,18699,640,626,10,636,4
2021-02-23,Riverside,065,2383286,285090,278075,13416,291491,3599
2021-02-23,Sacramento,067,1510023,94143,92632,1229,93861,1370
2021-02-23,San Benito,069,59416,5733,5731,90,5821,57
2021-02-23,San Bernardino,071,2135413,285760,280279,8555,288834,3283
2021-02-23,San Diego,073,3302833,263309,257802,12797,270599,3218
2021-02-23,San Francisco,075,870044,34105,33994,1067,35061,405
2021-02-23,San Joaquin,077,732212,66620,65141,2753,67894,1004
2021-02-23,San Luis Obispo,079,281455,19657,19233,555,19788,230
2021-02-23,San Mateo,081,765935,39415,38662,408,39070,299
2021-02-23,Santa Barbara,083,443738,32136,31483,1045,32528,402
2021-02-23,Santa Clara,085,1922200,110016,109449,586,110035,1661
2021-02-23,Santa Cruz,087,273765,15363,14435,779,15214,178
2021-02-23,Shasta,089,179085,10919,10903,1208,12111,146
2021-02-23,Sierra,091,2930,51,47,12,59,0
2021-02-23,Siskiyou,093,43540,1485,1380,228,1608,4
2021-02-23,Solano,095,438530,29744,29545,356,29901,154
2021-02-23,Sonoma,097,501317,27910,27882,203,28085,278
2021-02-23,Stanislaus,099,539301,50501,49749,5328,55077,722
2021-02-23,Sutter,101,95872,8802,8766,81,8847,98
2021-02-23,Tehama,103,63373,4594,4556,491,5047,30
2021-02-23,Trinity,105,12862,467,292,77,369,3
2021-02-23,Tulare,107,460477,48107,46937,7957,54894,757
2021-02-23,Tuolumne,109,53932,3830,3864,33,3897,53
2021-02-23,Ventura,111,848112,77630,77093,2772,79865,689
2021-02-23,Yolo,113,214977,12858,12729,218,12947,188
2021-02-23,Yuba,115,75493,5480,5417,86,5503,38
2021-02-22,Alameda,001,1643700,80544,79796,1726,81522,1062
2021-02-22,Alpine,003,1148,78,77,0,77,0
2021-02-22,Amador,005,37829,3460,3438,30,3468,39
2021-02-22,Butte,007,227075,11301,10855,1600,12455,176
2021-02-22,Calaveras,009,45235,1894,1862,11,1873,21
2021-02-22,Colusa,011,21464,1868,1860,264,2124,11
2021-02-22,Contra Costa,013,1133247,62800,61478,1074,62552,661
2021-02-22,Del Norte,015,27424,1002,948,4,952,3
2021-02-22,El Dorado,017,186661,9106,8940,604,9544,96
2021-02-22,Fresno,019,978130,95914,94584,7670,102254,1351
2021-02-22,Glenn,021,27897,2242,2207,492,2699,14
2021-02-22,Humboldt,023,135768,3127,3095,22,3117,29
2021-02-22,Imperial,025,180216,27188,26778,2480,29258,590
2021-02-22,Inyo,027,18085,1286,1248,11,1259,32
2021-02-22,Kern,029,883053,93005,91201,9758,100959,982
2021-02-22,Kings,031,150075,22212,21801,963,22764,214
2021-02-22,Lake,033,64148,3162,3107,6,3113,40
2021-02-22,Lassen,035,31185,5116,5088,94,5182,1
2021-02-22,Los Angeles,037,10098052,1169364,1147541,38908,1186449,19730
2021-02-22,Madera,039,155013,15545,15325,813,16138,193
2021-02-22,Marin,041,260295,13146,12991,159,13150,213
2021-02-22,Mariposa,043,17540,376,374,5,379,4
2021-02-22,Mendocino,045,87422,3620,3535,70,3605,41
2021-02-22,Merced,047,269075,28238,28166,915,29081,379
2021-02-22,Modoc,049,8938,341,329,113,442,3
2021-02-22,Mono,051,14174,1174,1189,16,1205,3
2021-02-22,Monterey,053,433212,41837,41397,1682,43079,311
2021-02-22,Napa,055,140530,8989,8950,33,8983,69
2021-02-22,Nevada,057,99092,3979,3900,159,4059,66
2021-02-22,Orange,059,3164182,246412,244118,10212,254330,3843
2021-02-22,Placer,061,380077,20453,19587,1093,20680,238
2021-02-22,Plumas,063,18699,640,625,10,635,4
2021-02-22,Riverside,065,2383286,284827,277730,13408,291138,3567
2021-02-22,Sacramento,067,1510023,93976,92476,1218,93694,1359
2021-02-22,San Benito,069,59416,5731,5723,90,5813,57
2021-02-22,San Bernardino,071,2135413,285580,279984,8542,288526,3259
2021-02-22,San Diego,073,3302833,262899,257348,12764,270112,3189
2021-02-22,San Francisco,075,870044,34045,33947,1062,35009,405
2021-02-22,San Joaquin,077,732212,66524,65060,2740,67800,1001
2021-02-22,San Luis Obispo,079,281455,19620,19198,553,19751,229
2021-02-22,San Mateo,081,765935,39358,38542,405,38947,282
2021-02-22,Santa Barbara,083,443738,32070,31421,1042,32463,399
2021-02-22,Santa Clara,085,1922200,109807,109213,575,109788,1655
2021-02-22,Santa Cruz,087,273765,15337,14417,779,15196,176
2021-02-22,Shasta,089,179085,10904,10872,1203,12075,145
2021-02-22,Sierra,091,2930,51,47,12,59,0
2021-02-22,Siskiyou,093,43540,1479,1373,227,1600,4
2021-02-22,Solano,095,438530,29705,29508,355,29863,150
2021-02-22,Sonoma,097,501317,27865,27845,202,28047,278
2021-02-22,Stanislaus,099,539301,50400,49630,5310,54940,722
2021-02-22,Sutter,101,95872,8794,8698,81,8779,98
2021-02-22,Tehama,103,63373,4591,4550,490,5040,30
2021-02-22,Trinity,105,12862,467,287,76,363,3
2021-02-22,Tulare,107,460477,48045,46879,7925,54804,751
2021-02-22,Tuolumne,109,53932,3826,3856,33,3889,53
2021-02-22,Ventura,111,848112,77502,76947,2767,79714,677
2021-02-22,Yolo,113,214977,12831,12689,218,12907,183
2021-02-22,Yuba,115,75493,5477,5404,85,5489,38
2021-02-21,Alameda,001,1643700,80352,79649,1721,81370,1061
2021-02-21,Alpine,003,1148,78,77,0,77,0
2021-02-21,Amador,005,37829,3452,3435,30,3465,39
2021-02-21,Butte,007,227075,11283,10855,1598,12453,176
2021-02-21,Calaveras,009,45235,1893,1860,11,1871,21
2021-02-21,Colusa,011,21464,1867,1860,260,2120,11
2021-02-21,Contra Costa,013,1133247,62645,61364,1071,62435,661
2021-02-21,Del Norte,015,27424,996,942,4,946,3
2021-02-21,El Dorado,017,186661,9088,8927,603,9530,96
2021-02-21,Fresno,019,978130,95772,94374,7653,102027,1349
2021-02-21,Glenn,021,27897,2240,2201,490,2691,14
2021-02-21,Humboldt,023,135768,3115,3096,22,3118,29
2021-02-21,Imperial,025,180216,27174,26779,2478,29257,590
2021-02-21,Inyo,027,18085,1280,1232,11,1243,32
2021-02-21,Kern,029,883053,92880,91141,9720,100861,980
2021-02-21,Kings,031,150075,22176,21784,961,22745,213
2021-02-21,Lake,033,64148,3154,3100,6,3106,40
2021-02-21,Lassen,035,31185,5108,5077,94,5171,1
2021-02-21,Los Angeles,037,10098052,1168328,1146756,38860,1185616,19711
2021-02-21,Madera,039,155013,15512,15298,810,16108,192
2021-02-21,Marin,041,260295,13117,12968,159,13127,212
2021-02-21,Mariposa,043,17540,376,373,5,378,4
2021-02-21,Mendocino,045,87422,3615,3535,70,3605,41
2021-02-21,Merced,047,269075,28164,28106,899,29005,379
2021-02-21,Modoc,049,8938,338,329,113,442,3
2021-02-21,Mono,051,14174,1174,1189,16,1205,3
2021-02-21,Monterey,053,433212,41781,41373,1675,43048,309
2021-02-21,Napa,055,140530,8975,8929,33,8962,69
2021-02-21,Nevada,057,99092,3966,3895,159,4054,66
2021-02-21,Orange,059,3164182,246115,243985,10195,254180,3801
2021-02-21,Placer,061,380077,20417,19553,1089,20642,238
2021-02-21,Plumas,063,18699,640,625,10,635,4
2021-02-21,Riverside,065,2383286,284593,277555,13395,290950,3564
2021-02-21,Sacramento,067,1510023,93766,92288,1205,93493,1354
2021-02-21,San Benito,069,59416,5721,5716,87,5803,57
2021-02-21,San Bernardino,071,2135413,285356,279870,8528,288398,3247
2021-02-21,San Diego,073,3302833,262465,257027,12718,269745,3190
2021-02-21,San Francisco,075,870044,33981,33891,1058,34949,405
2021-02-21,San Joaquin,077,732212,66385,64997,2728,67725,1001
2021-02-21,San Luis Obispo,079,281455,19587,19178,551,19729,229
2021-02-21,San Mateo,081,765935,39296,38448,401,38849,282
2021-02-21,Santa Barbara,083,443738,32008,31374,1039,32413,399
2021-02-21,Santa Clara,085,1922200,109581,108992,566,109558,1654
2021-02-21,Santa Cruz,087,273765,15314,14401,778,15179,176
2021-02-21,Shasta,089,179085,10890,10867,1198,12065,145
2021-02-21,Sierra,091,2930,51,47,12,59,0
2021-02-21,Siskiyou,093,43540,1473,1371,227,1598,4
2021-02-21,Solano,095,438530,29650,29471,354,29825,150
2021-02-21,Sonoma,097,501317,27801,27793,195,27988,278
2021-02-21,Stanislaus,099,539301,50287,49527,5296,54823,726
2021-02-21,Sutter,101,95872,8777,8687,80,8767,97
2021-02-21,Tehama,103,63373,4582,4547,490,5037,30
2021-02-21,Trinity,105,12862,465,286,76,362,3
2021-02-21,Tulare,107,460477,47977,46830,7890,54720,749
2021-02-21,Tuolumne,109,53932,3812,3828,33,3861,53
2021-02-21,Ventura,111,848112,77353,76862,2753,79615,677
2021-02-21,Yolo,113,214977,12800,12670,218,12888,183
2021-02-21,Yuba,115,75493,5469,5396,84,5480,38
2021-02-20,Alameda,001,1643700,80261,79496,1716,81212,1055
2021-02-20,Alpine,003,1148,78,77,0,77,0
2021-02-20,Amador,005,37829,3450,3432,30,3462,39
2021-02-20,Butte,007,227075,11275,10838,1597,12435,176
2021-02-20,Calaveras,009,45235,1892,1858,11,1869,21
2021-02-20,Colusa,011,21464,1866,1858,260,2118,11
2021-02-20,Contra Costa,013,1133247,62561,61205,1069,62274,663
2021-02-20,Del Norte,015,27424,992,937,4,941,3
2021-02-20,El Dorado,017,186661,9078,8911,603,9514,96
2021-02-20,Fresno,019,978130,95688,94234,7633,101867,1341
2021-02-20,Glenn,021,27897,2236,2199,489,2688,14
2021-02-20,Humboldt,023,135768,3107,3073,22,3095,29
2021-02-20,Imperial,025,180216,27164,26771,2478,29249,590
2021-02-20,Inyo,027,18085,1276,1226,11,1237,32
2021-02-20,Kern,029,883053,92809,91025,9688,100713,968
2021-02-20,Kings,031,150075,22158,21773,960,22733,212
2021-02-20,Lake,033,64148,3147,3089,6,3095,40
2021-02-20,Lassen,035,31185,5106,5067,94,5161,1
2021-02-20,Los Angeles,037,10098052,1167761,1145594,38817,1184411,19630
2021-02-20,Madera,039,155013,15492,15274,809,16083,191
2021-02-20,Marin,041,260295,13096,12945,157,13102,211
2021-02-20,Mariposa,043,17540,376,372,5,377,4
2021-02-20,Mendocino,045,87422,3613,3533,70,3603,40
2021-02-20,Merced,047,269075,28121,28066,896,28962,379
2021-02-20,Modoc,049,8938,338,328,113,441,3
2021-02-20,Mono,051,14174,1173,1187,16,1203,3
2021-02-20,Monterey,053,433212,41759,41313,1673,42986,309
2021-02-20,Napa,055,140530,8966,8910,33,8943,69
2021-02-20,Nevada,057,99092,3956,3887,158,4045,66
2021-02-20,Orange,059,3164182,245945,243761,10181,253942,3755
2021-02-20,Placer,061,380077,20376,19509,1085,20594,236
2021-02-20,Plumas,063,18699,640,626,10,636,4
2021-02-20,Riverside,065,2383286,284439,277267,13386,290653,3559
2021-02-20,Sacramento,067,1510023,93643,92057,1203,93260,1352
2021-02-20,San Benito,069,59416,5710,5709,87,5796,57
2021-02-20,San Bernardino,071,2135413,285254,279608,8523,288131,3203
2021-02-20,San Diego,073,3302833,262223,256510,12689,269199,3188
2021-02-20,San Francisco,075,870044,33939,33820,1049,34869,399
2021-02-20,San Joaquin,077,732212,66315,64916,2723,67639,1001
2021-02-20,San Luis Obispo,079,281455,19563,19138,550,19688,229
2021-02-20,San Mateo,081,765935,39252,38371,400,38771,282
2021-02-20,Santa Barbara,083,443738,31974,31289,1038,32327,396
2021-02-20,Santa Clara,085,1922200,109403,108728,563,109291,1649
2021-02-20,Santa Cruz,087,273765,15303,14378,776,15154,176
2021-02-20,Shasta,089,179085,10876,10850,1193,12043,146
2021-02-20,Sierra,091,2930,51,47,12,59,0
2021-02-20,Siskiyou,093,43540,1470,1366,227,1593,4
2021-02-20,Solano,095,438530,29636,29440,352,29792,150
2021-02-20,Sonoma,097,501317,27772,27703,193,27896,278
2021-02-20,Stanislaus,099,539301,50235,49445,5282,54727,733
2021-02-20,Sutter,101,95872,8771,8681,80,8761,97
2021-02-20,Tehama,103,63373,4577,4545,490,5035,30
2021-02-20,Trinity,105,12862,464,285,75,360,3
2021-02-20,Tulare,107,460477,47941,46769,7868,54637,739
2021-02-20,Tuolumne,109,53932,3807,3823,33,3856,53
2021-02-20,Ventura,111,848112,77258,76757,2750,79507,671
2021-02-20,Yolo,113,214977,12786,12639,217,12856,183
2021-02-20,Yuba,115,75493,5466,5386,84,5470,38
2021-02-19,Alameda,001,1643700,80160,79318,1712,81030,1047
2021-02-19,Alpine,003,1148,78,77,0,77,0
2021-02-19,Amador,005,37829,3446,3427,30,3457,39
2021-02-19,Butte,007,227075,11261,10823,1590,12413,176
2021-02-19,Calaveras,009,45235,1891,1856,11,1867,21
2021-02-19,Colusa,011,21464,1866,1858,260,2118,11
2021-02-19,Contra Costa,013,1133247,62449,61017,1066,62083,651
2021-02-19,Del Norte,015,27424,987,932,4,936,2
2021-02-19,El Dorado,017,186661,9069,8882,602,9484,96
2021-02-19,Fresno,019,978130,95557,93973,7617,101590,1330
2021-02-19,Glenn,021,27897,2231,2199,488,2687,14
2021-02-19,Humboldt,023,135768,3095,3037,22,3059,29
2021-02-19,Imperial,025,180216,27158,26751,2475,29226,589
2021-02-19,Inyo,027,18085,1271,1212,11,1223,32
2021-02-19,Kern,029,883053,92740,90807,9647,100454,963
2021-02-19,Kings,031,150075,22144,21724,958,22682,211
2021-02-19,Lake,033,64148,3141,3078,6,3084,40
2021-02-19,Lassen,035,31185,5105,5057,94,5151,1
2021-02-19,Los Angeles,037,10098052,1167012,1143828,38777,1182605,19498
2021-02-19,Madera,039,155013,15475,15222,807,16029,188
2021-02-19,Marin,041,260295,13078,12919,156,13075,210
2021-02-19,Mariposa,043,17540,376,371,5,376,4
2021-02-19,Mendocino,045,87422,3611,3526,70,3596,39
2021-02-19,Merced,047,269075,28091,27985,893,28878,376
2021-02-19,Modoc,049,8938,338,328,113,441,3
2021-02-19,Mono,051,14174,1173,1186,16,1202,3
2021-02-19,Monterey,053,433212,41732,41209,1669,42878,309
2021-02-19,Napa,055,140530,8953,8899,33,8932,69
2021-02-19,Nevada,057,99092,3950,3863,158,4021,66
2021-02-19,Orange,059,3164182,245769,243397,10168,253565,3715
2021-02-19,Placer,061,380077,20354,19457,1085,20542,236
2021-02-19,Plumas,063,18699,638,624,10,634,4
2021-02-19,Riverside,065,2383286,284270,276941,13369,290310,3541
2021-02-19,Sacramento,067,1510023,93522,91815,1199,93014,1351
2021-02-19,San Benito,069,59416,5705,5699,87,5786,57
2021-02-19,San Bernardino,071,2135413,285118,279209,8518,287727,3117
2021-02-19,San Diego,073,3302833,261932,255799,12666,268465,3169
2021-02-19,San Francisco,075,870044,33891,33746,1043,34789,387
2021-02-19,San Joaquin,077,732212,66239,64774,2714,67488,988
2021-02-19,San Luis Obispo,079,281455,19532,19061,548,19609,230
2021-02-19,San Mateo,081,765935,39194,38256,398,38654,282
2021-02-19,Santa Barbara,083,443738,31910,31204,1037,32241,392
2021-02-19,Santa Clara,085,1922200,109191,108400,561,108961,1634
2021-02-19,Santa Cruz,087,273765,15288,14354,776,15130,176
2021-02-19,Shasta,089,179085,10865,10833,1190,12023,140
2021-02-19,Sierra,091,2930,51,47,12,59,0
2021-02-19,Siskiyou,093,43540,1466,1363,225,1588,4
2021-02-19,Solano,095,438530,29611,29383,351,29734,150
2021-02-19,Sonoma,097,501317,27725,27595,191,27786,280
2021-02-19,Stanislaus,099,539301,50172,49282,5266,54548,739
2021-02-19,Sutter,101,95872,8761,8665,80,8745,96
2021-02-19,Tehama,103,63373,4575,4535,490,5025,30
2021-02-19,Trinity,105,12862,462,282,73,355,3
2021-02-19,Tulare,107,460477,47896,46662,7843,54505,736
2021-02-19,Tuolumne,109,53932,3800,3817,33,3850,52
2021-02-19,Ventura,111,848112,77179,76582,2747,79329,667
2021-02-19,Yolo,113,214977,12770,12606,217,12823,183
2021-02-19,Yuba,115,75493,5456,5376,84,5460,38
2021-02-18,Alameda,001,1643700,80026,79111,1704,80815,1012
2021-02-18,Alpine,003,1148,78,77,0,77,0
2021-02-18,Amador,005,37829,3442,3417,29,3446,38
2021-02-18,Butte,007,227075,11243,10791,1588,12379,175
2021-02-18,Calaveras,009,45235,1886,1873,11,1884,21
2021-02-18,Colusa,011,21464,1864,1856,258,2114,11
2021-02-18,Contra Costa,013,1133247,62335,60868,1064,61932,640
2021-02-18,Del Norte,015,27424,982,929,4,933,2
2021-02-18,El Dorado,017,186661,9054,8850,601,9451,94
2021-02-18,Fresno,019,978130,95387,93734,7592,101326,1323
2021-02-18,Glenn,021,27897,2225,2195,488,2683,14
2021-02-18,Humboldt,023,135768,3083,3023,22,3045,29
2021-02-18,Imperial,025,180216,27132,26731,2468,29199,591
2021-02-18,Inyo,027,18085,1267,1213,10,1223,32
2021-02-18,Kern,029,883053,92586,90655,9617,100272,961
2021-02-18,Kings,031,150075,22120,21648,957,22605,211
2021-02-18,Lake,033,64148,3136,3066,6,3072,40
2021-02-18,Lassen,035,31185,5096,5052,94,5146,1
2021-02-18,Los Angeles,037,10098052,1166054,1141930,38712,1180642,19358
2021-02-18,Madera,039,155013,15453,15175,802,15977,188
2021-02-18,Marin,041,260295,13065,12895,155,13050,209
2021-02-18,Mariposa,043,17540,375,369,5,374,4
2021-02-18,Mendocino,045,87422,3608,3519,69,3588,39
2021-02-18,Merced,047,269075,28042,27870,887,28757,372
2021-02-18,Modoc,049,8938,336,327,112,439,3
2021-02-18,Mono,051,14174,1173,1182,16,1198,3
2021-02-18,Monterey,053,433212,41674,41091,1660,42751,307
2021-02-18,Napa,055,140530,8936,8877,33,8910,68
2021-02-18,Nevada,057,99092,3941,3836,157,3993,66
2021-02-18,Orange,059,3164182,245546,243098,10151,253249,3673
2021-02-18,Placer,061,380077,20327,19429,1084,20513,232
2021-02-18,Plumas,063,18699,638,624,10,634,4
2021-02-18,Riverside,065,2383286,283982,276595,13348,289943,3510
2021-02-18,Sacramento,067,1510023,93360,91476,1193,92669,1334
2021-02-18,San Benito,069,59416,5702,5697,86,5783,58
2021-02-18,San Bernardino,071,2135413,284908,278887,8504,287391,3066
2021-02-18,San Diego,073,3302833,261577,254987,12643,267630,3135
2021-02-18,San Francisco,075,870044,33833,33650,1040,34690,386
2021-02-18,San Joaquin,077,732212,66156,64634,2704,67338,982
2021-02-18,San Luis Obispo,079,281455,19490,18987,545,19532,230
2021-02-18,San Mateo,081,765935,39132,38185,394,38579,282
2021-02-18,Santa Barbara,083,443738,31832,31054,1030,32084,387
2021-02-18,Santa Clara,085,1922200,108966,108210,558,108768,1605
2021-02-18,Santa Cruz,087,273765,15262,14314,776,15090,176
2021-02-18,Shasta,089,179085,10847,10811,1187,11998,139
2021-02-18,Sierra,091,2930,50,47,12,59,0
2021-02-18,Siskiyou,093,43540,1461,1359,224,1583,4
2021-02-18,Solano,095,438530,29585,29349,350,29699,150
2021-02-18,Sonoma,097,501317,27658,27512,190,27702,281
2021-02-18,Stanislaus,099,539301,50071,49150,5249,54399,738
2021-02-18,Sutter,101,95872,8753,8654,80,8734,96
2021-02-18,Tehama,103,63373,4572,4528,490,5018,30
2021-02-18,Trinity,105,12862,461,282,73,355,3
2021-02-18,Tulare,107,460477,47833,46591,7803,54394,728
2021-02-18,Tuolumne,109,53932,3763,3811,33,3844,52
2021-02-18,Ventura,111,848112,77047,76442,2739,79181,659
2021-02-18,Yolo,113,214977,12744,12549,214,12763,183
2021-02-18,Yuba,115,75493,5439,5358,84,5442,38
2021-02-17,Alameda,001,1643700,79865,78895,1702,80597,1002
2021-02-17,Alpine,003,1148,78,77,0,77,0
2021-02-17,Amador,005,37829,3438,3415,29,3444,38
2021-02-17,Butte,007,227075,11225,10770,1584,12354,174
2021-02-17,Calaveras,009,45235,1886,1876,11,1887,21
2021-02-17,Colusa,011,21464,1861,1854,258,2112,10
2021-02-17,Contra Costa,013,1133247,62197,60723,1061,61784,635
2021-02-17,Del Norte,015,27424,975,920,4,924,2
2021-02-17,El Dorado,017,186661,9043,8847,601,9448,94
2021-02-17,Fresno,019,978130,95248,93555,7565,101120,1307
2021-02-17,Glenn,021,27897,2224,2189,487,2676,14
2021-02-17,Humboldt,023,135768,3068,3006,22,3028,29
2021-02-17,Imperial,025,180216,27118,26726,2464,29190,580
2021-02-17,Inyo,027,18085,1259,1197,10,1207,32
2021-02-17,Kern,029,883053,92468,90454,9572,100026,962
2021-02-17,Kings,031,150075,22082,21617,953,22570,211
2021-02-17,Lake,033,64148,3126,3057,2,3059,38
2021-02-17,Lassen,035,31185,5091,5052,93,5145,1
2021-02-17,Los Angeles,037,10098052,1165001,1139786,38648,1178434,19213
2021-02-17,Madera,039,155013,15428,15135,793,15928,177
2021-02-17,Marin,041,260295,13040,12881,155,13036,207
2021-02-17,Mariposa,043,17540,375,368,4,372,4
2021-02-17,Mendocino,045,87422,3606,3494,68,3562,39
2021-02-17,Merced,047,269075,27987,27824,878,28702,372
2021-02-17,Modoc,049,8938,336,327,112,439,3
2021-02-17,Mono,051,14174,1173,1180,16,1196,3
2021-02-17,Monterey,053,433212,41619,41014,1648,42662,304
2021-02-17,Napa,055,140530,8922,8865,33,8898,68
2021-02-17,Nevada,057,99092,3922,3822,154,3976,52
2021-02-17,Orange,059,3164182,245284,242716,10118,252834,3626
2021-02-17,Placer,061,380077,20293,19405,1080,20485,230
2021-02-17,Plumas,063,18699,637,623,10,633,4
2021-02-17,Riverside,065,2383286,283694,276289,13327,289616,3491
2021-02-17,Sacramento,067,1510023,93201,91309,1186,92495,1326
2021-02-17,San Benito,069,59416,5696,5661,86,5747,57
2021-02-17,San Bernardino,071,2135413,284703,278461,8485,286946,3020
2021-02-17,San Diego,073,3302833,261199,254177,12622,266799,3099
2021-02-17,San Francisco,075,870044,33757,33558,1035,34593,379
2021-02-17,San Joaquin,077,732212,66050,64556,2698,67254,979
2021-02-17,San Luis Obispo,079,281455,19445,18964,545,19509,230
2021-02-17,San Mateo,081,765935,39067,38124,393,38517,282
2021-02-17,Santa Barbara,083,443738,31764,30927,1029,31956,384
2021-02-17,Santa Clara,085,1922200,108734,107949,556,108505,1592
2021-02-17,Santa Cruz,087,273765,15229,14268,773,15041,174
2021-02-17,Shasta,089,179085,10827,10770,1186,11956,139
2021-02-17,Sierra,091,2930,50,47,12,59,0
2021-02-17,Siskiyou,093,43540,1455,1352,221,1573,4
2021-02-17,Solano,095,438530,29528,29288,350,29638,149
2021-02-17,Sonoma,097,501317,27586,27408,185,27593,281
2021-02-17,Stanislaus,099,539301,49958,49050,5233,54283,730
2021-02-17,Sutter,101,95872,8743,8681,80,8761,95
2021-02-17,Tehama,103,63373,4569,4511,490,5001,30
2021-02-17,Trinity,105,12862,461,277,71,348,3
2021-02-17,Tulare,107,460477,47768,46495,7777,54272,726
2021-02-17,Tuolumne,109,53932,3754,3806,33,3839,49
2021-02-17,Ventura,111,848112,76925,76234,2733,78967,646
2021-02-17,Yolo,113,214977,12725,12506,212,12718,182
2021-02-17,Yuba,115,75493,5430,5345,84,5429,38
2021-02-16,Alameda,001,1643700,79695,78756,1699,80455,997
2021-02-16,Alpine,003,1148,78,76,0,76,0
2021-02-16,Amador,005,37829,3431,3413,29,3442,39
2021-02-16,Butte,007,227075,11199,10748,1581,12329,164
2021-02-16,Calaveras,009,45235,1884,1872,11,1883,21
2021-02-16,Colusa,011,21464,1858,1852,256,2108,10
2021-02-16,Contra Costa,013,1133247,62046,60564,1056,61620,631
2021-02-16,Del Norte,015,27424,967,913,4,917,2
2021-02-16,El Dorado,017,186661,9033,8836,600,9436,94
2021-02-16,Fresno,019,978130,95083,93363,7535,100898,1293
2021-02-16,Glenn,021,27897,2220,2189,483,2672,14
2021-02-16,Humboldt,023,135768,3045,2994,21,3015,29
2021-02-16,Imperial,025,180216,27105,26711,2460,29171,580
2021-02-16,Inyo,027,18085,1251,1191,10,1201,32
2021-02-16,Kern,029,883053,92336,90267,9542,99809,959
2021-02-16,Kings,031,150075,22036,21583,949,22532,206
2021-02-16,Lake,033,64148,3119,3041,2,3043,38
2021-02-16,Lassen,035,31185,5079,5047,93,5140,1
2021-02-16,Los Angeles,037,10098052,1163747,1138262,38587,1176849,19044
2021-02-16,Madera,039,155013,15390,15120,788,15908,172
2021-02-16,Marin,041,260295,13012,12832,155,12987,205
2021-02-16,Mariposa,043,17540,375,367,4,371,4
2021-02-16,Mendocino,045,87422,3602,3489,68,3557,39
2021-02-16,Merced,047,269075,27906,27724,872,28596,368
2021-02-16,Modoc,049,8938,336,326,112,438,3
2021-02-16,Mono,051,14174,1173,1180,16,1196,3
2021-02-16,Monterey,053,433212,41543,40962,1639,42601,303
2021-02-16,Napa,055,140530,8909,8854,33,8887,66
2021-02-16,Nevada,057,99092,3909,3774,153,3927,47
2021-02-16,Orange,059,3164182,244962,242382,10102,252484,3612
2021-02-16,Placer,061,380077,20260,19367,1077,20444,230
2021-02-16,Plumas,063,18699,637,619,10,629,4
2021-02-16,Riverside,065,2383286,283390,275954,13304,289258,3471
2021-02-16,Sacramento,067,1510023,92947,91246,1180,92426,1305
2021-02-16,San Benito,069,59416,5688,5659,85,5744,56
2021-02-16,San Bernardino,071,2135413,284481,277947,8474,286421,2978
2021-02-16,San Diego,073,3302833,260734,253638,12583,266221,3042
2021-02-16,San Francisco,075,870044,33686,33491,1030,34521,373
2021-02-16,San Joaquin,077,732212,65920,64448,2695,67143,979
2021-02-16,San Luis Obispo,079,281455,19400,18925,542,19467,229
2021-02-16,San Mateo,081,765935,39008,38041,391,38432,277
2021-02-16,Santa Barbara,083,443738,31690,30865,1026,31891,378
2021-02-16,Santa Clara,085,1922200,108482,107754,553,108307,1591
2021-02-16,Santa Cruz,087,273765,15209,14256,772,15028,174
2021-02-16,Shasta,089,179085,10812,10736,1184,11920,139
2021-02-16,Sierra,091,2930,50,47,12,59,0
2021-02-16,Siskiyou,093,43540,1451,1351,221,1572,4
2021-02-16,Solano,095,438530,29490,29246,349,29595,148
2021-02-16,Sonoma,097,501317,27527,27380,179,27559,279
2021-02-16,Stanislaus,099,539301,49834,48927,5219,54146,716
2021-02-16,Sutter,101,95872,8720,8671,80,8751,95
2021-02-16,Tehama,103,63373,4560,4501,488,4989,30
2021-02-16,Trinity,105,12862,457,275,71,346,3
2021-02-16,Tulare,107,460477,47704,46444,7733,54177,716
2021-02-16,Tuolumne,109,53932,3752,3796,33,3829,49
2021-02-16,Ventura,111,848112,76783,76043,2729,78772,631
2021-02-16,Yolo,113,214977,12696,12457,212,12669,175
2021-02-16,Yuba,115,75493,5423,5332,83,5415,38
2021-02-15,Alameda,001,1643700,79499,78647,1688,80335,996
2021-02-15,Alpine,003,1148,78,76,0,76,0
2021-02-15,Amador,005,37829,3427,3409,29,3438,39
2021-02-15,Butte,007,227075,11181,10723,1577,12300,155
2021-02-15,Calaveras,009,45235,1880,1871,11,1882,21
2021-02-15,Colusa,011,21464,1858,1849,252,2101,10
2021-02-15,Contra Costa,013,1133247,61875,60444,1050,61494,631
2021-02-15,Del Norte,015,27424,963,913,4,917,2
2021-02-15,El Dorado,017,186661,9016,8816,600,9416,94
2021-02-15,Fresno,019,978130,94884,93231,7496,100727,1288
2021-02-15,Glenn,021,27897,2218,2185,482,2667,14
2021-02-15,Humboldt,023,135768,3038,2997,21,3018,29
2021-02-15,Imperial,025,180216,27085,26700,2457,29157,580
2021-02-15,Inyo,027,18085,1232,1184,10,1194,32
2021-02-15,Kern,029,883053,92192,90181,9510,99691,959
2021-02-15,Kings,031,150075,21991,21574,945,22519,205
2021-02-15,Lake,033,64148,3105,3030,1,3031,38
2021-02-15,Lassen,035,31185,5077,5047,92,5139,1
2021-02-15,Los Angeles,037,10098052,1162359,1137164,38524,1175688,18925
2021-02-15,Madera,039,155013,15359,15108,786,15894,106
2021-02-15,Marin,041,260295,12991,12810,152,12962,203
2021-02-15,Mariposa,043,17540,373,367,4,371,4
2021-02-15,Mendocino,045,87422,3590,3481,68,3549,39
2021-02-15,Merced,047,269075,27832,27656,864,28520,368
2021-02-15,Modoc,049,8938,336,326,112,438,3
2021-02-15,Mono,051,14174,1170,1178,16,1194,3
2021-02-15,Monterey,053,433212,41479,40911,1626,42537,302
2021-02-15,Napa,055,140530,8895,8837,33,8870,57
2021-02-15,Nevada,057,99092,3892,3767,152,3919,47
2021-02-15,Orange,059,3164182,244643,242176,10073,252249,3586
2021-02-15,Placer,061,380077,20234,19361,1076,20437,230
2021-02-15,Plumas,063,18699,637,620,10,630,4
2021-02-15,Riverside,065,2383286,283036,275771,13285,289056,3468
2021-02-15,Sacramento,067,1510023,92620,91091,1175,92266,1304
2021-02-15,San Benito,069,59416,5682,5649,85,5734,56
2021-02-15,San Bernardino,071,2135413,284229,277869,8466,286335,2945
2021-02-15,San Diego,073,3302833,260221,252940,12552,265492,3037
2021-02-15,San Francisco,075,870044,33613,33454,1024,34478,373
2021-02-15,San Joaquin,077,732212,65755,64382,2688,67070,979
2021-02-15,San Luis Obispo,079,281455,19347,18891,540,19431,227
2021-02-15,San Mateo,081,765935,38929,37969,388,38357,277
2021-02-15,Santa Barbara,083,443738,31587,30810,1023,31833,378
2021-02-15,Santa Clara,085,1922200,108252,107630,551,108181,1588
2021-02-15,Santa Cruz,087,273765,15177,14239,769,15008,175
2021-02-15,Shasta,089,179085,10792,10730,1179,11909,139
2021-02-15,Sierra,091,2930,50,47,12,59,0
2021-02-15,Siskiyou,093,43540,1443,1345,220,1565,4
2021-02-15,Solano,095,438530,29435,29225,349,29574,148
2021-02-15,Sonoma,097,501317,27443,27359,175,27534,276
2021-02-15,Stanislaus,099,539301,49707,48808,5206,54014,716
2021-02-15,Sutter,101,95872,8705,8652,80,8732,95
2021-02-15,Tehama,103,63373,4551,4492,487,4979,30
2021-02-15,Trinity,105,12862,456,274,71,345,3
2021-02-15,Tulare,107,460477,47633,46344,7694,54038,715
2021-02-15,Tuolumne,109,53932,3742,3794,33,3827,49
2021-02-15,Ventura,111,848112,76628,75889,2726,78615,629
2021-02-15,Yolo,113,214977,12661,12412,206,12618,175
2021-02-15,Yuba,115,75493,5406,5320,82,5402,38
2021-02-14,Alameda,001,1643700,79348,78442,1687,80129,995
2021-02-14,Alpine,003,1148,78,76,0,76,0
2021-02-14,Amador,005,37829,3422,3398,29,3427,39
2021-02-14,Butte,007,227075,11157,10717,1574,12291,155
2021-02-14,Calaveras,009,45235,1876,1866,11,1877,21
2021-02-14,Colusa,011,21464,1854,1845,249,2094,10
2021-02-14,Contra Costa,013,1133247,61725,60272,1047,61319,631
2021-02-14,Del Norte,015,27424,959,911,4,915,2
2021-02-14,El Dorado,017,186661,8985,8790,599,9389,94
2021-02-14,Fresno,019,978130,94713,93065,7473,100538,1287
2021-02-14,Glenn,021,27897,2215,2184,482,2666,14
2021-02-14,Humboldt,023,135768,3025,2992,21,3013,29
2021-02-14,Imperial,025,180216,27078,26696,2456,29152,580
2021-02-14,Inyo,027,18085,1226,1177,10,1187,32
2021-02-14,Kern,029,883053,92032,90038,9457,99495,959
2021-02-14,Kings,031,150075,21965,21538,943,22481,205
2021-02-14,Lake,033,64148,3094,3030,1,3031,38
2021-02-14,Lassen,035,31185,5073,5037,92,5129,1
2021-02-14,Los Angeles,037,10098052,1161015,1135450,38439,1173889,18898
2021-02-14,Madera,039,155013,15327,15089,782,15871,106
2021-02-14,Marin,041,260295,12967,12784,152,12936,201
2021-02-14,Mariposa,043,17540,373,365,4,369,4
2021-02-14,Mendocino,045,87422,3584,3475,68,3543,39
2021-02-14,Merced,047,269075,27750,27601,859,28460,368
2021-02-14,Modoc,049,8938,336,326,112,438,3
2021-02-14,Mono,051,14174,1169,1180,16,1196,3
2021-02-14,Monterey,053,433212,41428,40842,1621,42463,302
2021-02-14,Napa,055,140530,8875,8826,33,8859,57
2021-02-14,Nevada,057,99092,3876,3761,152,3913,47
2021-02-14,Orange,059,3164182,244329,241859,10054,251913,3564
2021-02-14,Placer,061,380077,20195,19313,1071,20384,230
2021-02-14,Plumas,063,18699,636,620,10,630,4
2021-02-14,Riverside,065,2383286,282704,275518,13266,288784,3471
2021-02-14,Sacramento,067,1510023,92413,90856,1171,92027,1304
2021-02-14,San Benito,069,59416,5673,5641,84,5725,56
2021-02-14,San Bernardino,071,2135413,283923,277664,8446,286110,2929
2021-02-14,San Diego,073,3302833,259729,252247,12505,264752,3037
2021-02-14,San Francisco,075,870044,33539,33374,1016,34390,372
2021-02-14,San Joaquin,077,732212,65657,64243,2674,66917,979
2021-02-14,San Luis Obispo,079,281455,19309,18868,537,19405,225
2021-02-14,San Mateo,081,765935,38844,37859,388,38247,277
2021-02-14,Santa Barbara,083,443738,31495,30744,1019,31763,377
2021-02-14,Santa Clara,085,1922200,108053,107412,547,107959,1582
2021-02-14,Santa Cruz,087,273765,15149,14225,764,14989,175
2021-02-14,Shasta,089,179085,10760,10720,1174,11894,139
2021-02-14,Sierra,091,2930,50,47,12,59,0
2021-02-14,Siskiyou,093,43540,1439,1340,220,1560,4
2021-02-14,Solano,095,438530,29393,29150,346,29496,148
2021-02-14,Sonoma,097,501317,27368,27266,173,27439,276
2021-02-14,Stanislaus,099,539301,49597,48672,5191,53863,716
2021-02-14,Sutter,101,95872,8682,8642,80,8722,95
2021-02-14,Tehama,103,63373,4545,4490,484,4974,30
2021-02-14,Trinity,105,12862,456,272,71,343,3
2021-02-14,Tulare,107,460477,47548,46263,7645,53908,715
2021-02-14,Tuolumne,109,53932,3741,3764,33,3797,49
2021-02-14,Ventura,111,848112,76459,75742,2715,78457,629
2021-02-14,Yolo,113,214977,12632,12399,205,12604,175
2021-02-14,Yuba,115,75493,5396,5314,82,5396,38
2021-02-13,Alameda,001,1643700,79226,78246,1684,79930,995
2021-02-13,Alpine,003,1148,78,76,0,76,0
2021-02-13,Amador,005,37829,3419,3387,29,3416,38
2021-02-13,Butte,007,227075,11141,10699,1572,12271,155
2021-02-13,Calaveras,009,45235,1873,1863,11,1874,21
2021-02-13,Colusa,011,21464,1854,1837,249,2086,10
2021-02-13,Contra Costa,013,1133247,61604,60100,1047,61147,629
2021-02-13,Del Norte,015,27424,957,908,4,912,2
2021-02-13,El Dorado,017,186661,8973,8758,598,9356,93
2021-02-13,Fresno,019,978130,94599,92807,7451,100258,1287
2021-02-13,Glenn,021,27897,2214,2182,480,2662,14
2021-02-13,Humboldt,023,135768,3012,2974,20,2994,29
2021-02-13,Imperial,025,180216,27071,26680,2454,29134,580
2021-02-13,Inyo,027,18085,1222,1168,10,1178,32
2021-02-13,Kern,029,883053,91943,89915,9431,99346,957
2021-02-13,Kings,031,150075,21950,21513,941,22454,205
2021-02-13,Lake,033,64148,3085,3025,1,3026,37
2021-02-13,Lassen,035,31185,5070,5028,92,5120,1
2021-02-13,Los Angeles,037,10098052,1160156,1133752,38391,1172143,18822
2021-02-13,Madera,039,155013,15318,15053,778,15831,106
2021-02-13,Marin,041,260295,12943,12757,152,12909,201
2021-02-13,Mariposa,043,17540,373,365,4,369,4
2021-02-13,Mendocino,045,87422,3574,3466,68,3534,38
2021-02-13,Merced,047,269075,27706,27541,856,28397,368
2021-02-13,Modoc,049,8938,336,325,112,437,3
2021-02-13,Mono,051,14174,1169,1176,16,1192,3
2021-02-13,Monterey,053,433212,41396,40731,1620,42351,301
2021-02-13,Napa,055,140530,8866,8809,33,8842,57
2021-02-13,Nevada,057,99092,3867,3742,151,3893,47
2021-02-13,Orange,059,3164182,244123,241545,10035,251580,3520
2021-02-13,Placer,061,380077,20175,19214,1071,20285,230
2021-02-13,Plumas,063,18699,636,616,10,626,4
2021-02-13,Riverside,065,2383286,282476,275276,13257,288533,3462
2021-02-13,Sacramento,067,1510023,92246,90401,1168,91569,1302
2021-02-13,San Benito,069,59416,5656,5633,84,5717,56
2021-02-13,San Bernardino,071,2135413,283770,277405,8434,285839,2899
2021-02-13,San Diego,073,3302833,259397,251679,12493,264172,3009
2021-02-13,San Francisco,075,870044,33489,33291,1006,34297,364
2021-02-13,San Joaquin,077,732212,65588,64105,2664,66769,977
2021-02-13,San Luis Obispo,079,281455,19281,18803,531,19334,225
2021-02-13,San Mateo,081,765935,38791,37745,388,38133,277
2021-02-13,Santa Barbara,083,443738,31443,30594,1017,31611,374
2021-02-13,Santa Clara,085,1922200,107864,107125,543,107668,1570
2021-02-13,Santa Cruz,087,273765,15122,14198,763,14961,173
2021-02-13,Shasta,089,179085,10747,10713,1169,11882,139
2021-02-13,Sierra,091,2930,50,47,12,59,0
2021-02-13,Siskiyou,093,43540,1436,1336,220,1556,4
2021-02-13,Solano,095,438530,29357,29084,346,29430,148
2021-02-13,Sonoma,097,501317,27320,27157,171,27328,276
2021-02-13,Stanislaus,099,539301,49526,48568,5185,53753,697
2021-02-13,Sutter,101,95872,8670,8626,80,8706,94
2021-02-13,Tehama,103,63373,4534,4484,483,4967,30
2021-02-13,Trinity,105,12862,455,272,70,342,3
2021-02-13,Tulare,107,460477,47497,46162,7614,53776,709
2021-02-13,Tuolumne,109,53932,3740,3752,33,3785,49
2021-02-13,Ventura,111,848112,76319,75481,2709,78190,618
2021-02-13,Yolo,113,214977,12619,12374,204,12578,175
2021-02-13,Yuba,115,75493,5388,5289,82,5371,38
2021-02-12,Alameda,001,1643700,79077,77958,1678,79636,974
2021-02-12,Alpine,003,1148,78,76,0,76,0
2021-02-12,Amador,005,37829,3415,3381,29,3410,38
2021-02-12,Butte,007,227075,11128,10655,1565,12220,155
2021-02-12,Calaveras,009,45235,1870,1860,11,1871,21
2021-02-12,Colusa,011,21464,1854,1836,249,2085,10
2021-02-12,Contra Costa,013,1133247,61453,59878,1043,60921,620
2021-02-12,Del Norte,015,27424,947,901,4,905,2
2021-02-12,El Dorado,017,186661,8957,8725,595,9320,92
2021-02-12,Fresno,019,978130,94445,92520,7431,99951,1273
2021-02-12,Glenn,021,27897,2211,2175,480,2655,14
2021-02-12,Humboldt,023,135768,3004,2961,20,2981,29
2021-02-12,Imperial,025,180216,27063,26646,2451,29097,585
2021-02-12,Inyo,027,18085,1216,1156,10,1166,32
2021-02-12,Kern,029,883053,91829,89532,9397,98929,949
2021-02-12,Kings,031,150075,21918,21462,936,22398,202
2021-02-12,Lake,033,64148,3080,3012,1,3013,36
2021-02-12,Lassen,035,31185,5068,5015,92,5107,1
2021-02-12,Los Angeles,037,10098052,1158950,1131185,38322,1169507,18637
2021-02-12,Madera,039,155013,15291,15022,775,15797,106
2021-02-12,Marin,041,260295,12917,12720,152,12872,200
2021-02-12,Mariposa,043,17540,372,365,4,369,4
2021-02-12,Mendocino,045,87422,3572,3447,68,3515,38
2021-02-12,Merced,047,269075,27655,27453,853,28306,367
2021-02-12,Modoc,049,8938,336,324,112,436,3
2021-02-12,Mono,051,14174,1168,1172,16,1188,3
2021-02-12,Monterey,053,433212,41348,40633,1611,42244,297
2021-02-12,Napa,055,140530,8854,8785,33,8818,55
2021-02-12,Nevada,057,99092,3862,3728,151,3879,47
2021-02-12,Orange,059,3164182,243884,241075,10020,251095,3505
2021-02-12,Placer,061,380077,20133,19174,1066,20240,230
2021-02-12,Plumas,063,18699,635,614,10,624,4
2021-02-12,Riverside,065,2383286,282197,274792,13240,288032,3438
2021-02-12,Sacramento,067,1510023,92044,90252,1167,91419,1295
2021-02-12,San Benito,069,59416,5640,5622,83,5705,56
2021-02-12,San Bernardino,071,2135413,283580,276890,8423,285313,2827
2021-02-12,San Diego,073,3302833,259009,250788,12467,263255,2979
2021-02-12,San Francisco,075,870044,33429,33179,1002,34181,359
2021-02-12,San Joaquin,077,732212,65492,63966,2656,66622,975
2021-02-12,San Luis Obispo,079,281455,19240,18687,530,19217,224
2021-02-12,San Mateo,081,765935,38719,37560,388,37948,254
2021-02-12,Santa Barbara,083,443738,31372,30454,1012,31466,372
2021-02-12,Santa Clara,085,1922200,107692,106759,540,107299,1543
2021-02-12,Santa Cruz,087,273765,15102,14147,763,14910,170
2021-02-12,Shasta,089,179085,10729,10693,1159,11852,142
2021-02-12,Sierra,091,2930,49,45,12,57,0
2021-02-12,Siskiyou,093,43540,1432,1324,217,1541,4
2021-02-12,Solano,095,438530,29325,28996,343,29339,147
2021-02-12,Sonoma,097,501317,27265,27064,167,27231,275
2021-02-12,Stanislaus,099,539301,49438,48418,5163,53581,697
2021-02-12,Sutter,101,95872,8657,8609,80,8689,93
2021-02-12,Tehama,103,63373,4527,4470,482,4952,27
2021-02-12,Trinity,105,12862,455,269,70,339,3
2021-02-12,Tulare,107,460477,47419,46016,7587,53603,710
2021-02-12,Tuolumne,109,53932,3737,3736,32,3768,49
2021-02-12,Ventura,111,848112,76149,75210,2703,77913,605
2021-02-12,Yolo,113,214977,12598,12340,204,12544,175
2021-02-12,Yuba,115,75493,5380,5274,82,5356,38
2021-02-11,Alameda,001,1643700,78850,77564,1673,79237,960
2021-02-11,Alpine,003,1148,77,76,0,76,0
2021-02-11,Amador,005,37829,3411,3368,29,3397,35
2021-02-11,Butte,007,227075,11105,10624,1564,12188,155
2021-02-11,Calaveras,009,45235,1867,1856,11,1867,21
2021-02-11,Colusa,011,21464,1849,1823,247,2070,10
2021-02-11,Contra Costa,013,1133247,61286,59633,1039,60672,605
2021-02-11,Del Norte,015,27424,942,894,4,898,2
2021-02-11,El Dorado,017,186661,8936,8698,595,9293,92
2021-02-11,Fresno,019,978130,94292,92168,7406,99574,1255
2021-02-11,Glenn,021,27897,2206,2166,479,2645,14
2021-02-11,Humboldt,023,135768,2991,2954,19,2973,29
2021-02-11,Imperial,025,180216,27039,26545,2449,28994,578
2021-02-11,Inyo,027,18085,1207,1144,10,1154,32
2021-02-11,Kern,029,883053,91638,89224,9354,98578,941
2021-02-11,Kings,031,150075,21888,21373,933,22306,202
2021-02-11,Lake,033,64148,3070,3002,1,3003,36
2021-02-11,Lassen,035,31185,5057,5004,89,5093,1
2021-02-11,Los Angeles,037,10098052,1157319,1128437,38253,1166690,18500
2021-02-11,Madera,039,155013,15270,14984,773,15757,106
2021-02-11,Marin,041,260295,12880,12682,152,12834,200
2021-02-11,Mariposa,043,17540,372,361,4,365,4
2021-02-11,Mendocino,045,87422,3565,3420,68,3488,38
2021-02-11,Merced,047,269075,27589,27325,849,28174,363
2021-02-11,Modoc,049,8938,335,317,112,429,3
2021-02-11,Mono,051,14174,1164,1173,16,1189,3
2021-02-11,Monterey,053,433212,41242,40469,1605,42074,295
2021-02-11,Napa,055,140530,8833,8777,33,8810,55
2021-02-11,Nevada,057,99092,3846,3720,151,3871,47
2021-02-11,Orange,059,3164182,243518,240590,9996,250586,3476
2021-02-11,Placer,061,380077,20093,19118,1065,20183,224
2021-02-11,Plumas,063,18699,634,592,10,602,4
2021-02-11,Riverside,065,2383286,281831,274313,13225,287538,3394
2021-02-11,Sacramento,067,1510023,91801,89988,1161,91149,1286
2021-02-11,San Benito,069,59416,5631,5609,83,5692,56
2021-02-11,San Bernardino,071,2135413,283281,276349,8409,284758,2774
2021-02-11,San Diego,073,3302833,258456,249971,12433,262404,2955
2021-02-11,San Francisco,075,870044,33345,33076,993,34069,356
2021-02-11,San Joaquin,077,732212,65323,63719,2646,66365,971
2021-02-11,San Luis Obispo,079,281455,19175,18615,526,19141,219
2021-02-11,San Mateo,081,765935,38628,37439,386,37825,253
2021-02-11,Santa Barbara,083,443738,31274,30375,1007,31382,370
2021-02-11,Santa Clara,085,1922200,107432,106392,534,106926,1507
2021-02-11,Santa Cruz,087,273765,15079,14088,758,14846,165
2021-02-11,Shasta,089,179085,10705,10672,1155,11827,140
2021-02-11,Sierra,091,2930,49,45,12,57,0
2021-02-11,Siskiyou,093,43540,1417,1320,217,1537,4
2021-02-11,Solano,095,438530,29272,28885,343,29228,138
2021-02-11,Sonoma,097,501317,27180,26971,164,27135,272
2021-02-11,Stanislaus,099,539301,49293,48205,5151,53356,697
2021-02-11,Sutter,101,95872,8643,8590,79,8669,93
2021-02-11,Tehama,103,63373,4521,4463,482,4945,26
2021-02-11,Trinity,105,12862,455,269,70,339,3
2021-02-11,Tulare,107,460477,47324,45897,7546,53443,706
2021-02-11,Tuolumne,109,53932,3700,3716,32,3748,48
2021-02-11,Ventura,111,848112,75947,74959,2694,77653,590
2021-02-11,Yolo,113,214977,12574,12303,202,12505,173
2021-02-11,Yuba,115,75493,5366,5261,81,5342,38
2021-02-10,Alameda,001,1643700,78647,77344,1672,79016,944
2021-02-10,Alpine,003,1148,77,76,0,76,0
2021-02-10,Amador,005,37829,3399,3348,29,3377,35
2021-02-10,Butte,007,227075,11077,10594,1563,12157,155
2021-02-10,Calaveras,009,45235,1865,1850,11,1861,21
2021-02-10,Colusa,011,21464,1842,1815,245,2060,10
2021-02-10,Contra Costa,013,1133247,61111,59488,1037,60525,590
2021-02-10,Del Norte,015,27424,936,888,4,892,2
2021-02-10,El Dorado,017,186661,8905,8682,591,9273,87
2021-02-10,Fresno,019,978130,94117,91876,7380,99256,1247
2021-02-10,Glenn,021,27897,2202,2160,477,2637,14
2021-02-10,Humboldt,023,135768,2983,2924,19,2943,29
2021-02-10,Imperial,025,180216,27001,26522,2446,28968,578
2021-02-10,Inyo,027,18085,1195,1138,10,1148,30
2021-02-10,Kern,029,883053,91432,88933,9300,98233,926
2021-02-10,Kings,031,150075,21845,21294,931,22225,197
2021-02-10,Lake,033,64148,3057,2975,1,2976,36
2021-02-10,Lassen,035,31185,5053,4993,89,5082,1
2021-02-10,Los Angeles,037,10098052,1155572,1125437,38124,1163561,18338
2021-02-10,Madera,039,155013,15231,14925,771,15696,105
2021-02-10,Marin,041,260295,12843,12651,152,12803,199
2021-02-10,Mariposa,043,17540,370,360,4,364,4
2021-02-10,Mendocino,045,87422,3550,3395,68,3463,38
2021-02-10,Merced,047,269075,27506,27246,838,28084,359
2021-02-10,Modoc,049,8938,334,315,110,425,3
2021-02-10,Mono,051,14174,1159,1170,16,1186,3
2021-02-10,Monterey,053,433212,41165,40366,1590,41956,288
2021-02-10,Napa,055,140530,8814,8769,33,8802,55
2021-02-10,Nevada,057,99092,3831,3693,149,3842,47
2021-02-10,Orange,059,3164182,243101,239974,9965,249939,3439
2021-02-10,Placer,061,380077,20054,19062,1060,20122,220
2021-02-10,Plumas,063,18699,631,589,10,599,2
2021-02-10,Riverside,065,2383286,281404,273721,13215,286936,3374
2021-02-10,Sacramento,067,1510023,91550,89653,1157,90810,1275
2021-02-10,San Benito,069,59416,5617,5591,83,5674,55
2021-02-10,San Bernardino,071,2135413,282924,275616,8393,284009,2696
2021-02-10,San Diego,073,3302833,257874,248858,12395,261253,2904
2021-02-10,San Francisco,075,870044,33262,32955,990,33945,351
2021-02-10,San Joaquin,077,732212,65181,63484,2632,66116,954
2021-02-10,San Luis Obispo,079,281455,19096,18549,524,19073,216
2021-02-10,San Mateo,081,765935,38538,37323,386,37709,245
2021-02-10,Santa Barbara,083,443738,31183,30216,1002,31218,359
2021-02-10,Santa Clara,085,1922200,107192,106048,531,106579,1489
2021-02-10,Santa Cruz,087,273765,15043,14007,756,14763,165
2021-02-10,Shasta,089,179085,10682,10645,1152,11797,142
2021-02-10,Sierra,091,2930,49,45,12,57,0
2021-02-10,Siskiyou,093,43540,1412,1314,216,1530,4
2021-02-10,Solano,095,438530,29197,28835,341,29176,137
2021-02-10,Sonoma,097,501317,27084,26881,162,27043,271
2021-02-10,Stanislaus,099,539301,49176,48016,5135,53151,696
2021-02-10,Sutter,101,95872,8626,8571,79,8650,93
2021-02-10,Tehama,103,63373,4513,4445,482,4927,23
2021-02-10,Trinity,105,12862,452,268,70,338,3
2021-02-10,Tulare,107,460477,47207,45782,7507,53289,696
2021-02-10,Tuolumne,109,53932,3692,3691,32,3723,48
2021-02-10,Ventura,111,848112,75719,74651,2677,77328,580
2021-02-10,Yolo,113,214977,12550,12276,201,12477,174
2021-02-10,Yuba,115,75493,5348,5241,81,5322,38
2021-02-09,Alameda,001,1643700,78383,77018,1668,78686,936
2021-02-09,Alpine,003,1148,77,76,0,76,0
2021-02-09,Amador,005,37829,3391,3347,29,3376,35
2021-02-09,Butte,007,227075,11051,10563,1560,12123,153
2021-02-09,Calaveras,009,45235,1861,1847,11,1858,21
2021-02-09,Colusa,011,21464,1833,1812,240,2052,10
2021-02-09,Contra Costa,013,1133247,60922,59307,1031,60338,583
2021-02-09,Del Norte,015,27424,930,886,4,890,2
2021-02-09,El Dorado,017,186661,8878,8663,590,9253,87
2021-02-09,Fresno,019,978130,93875,91730,7352,99082,1211
2021-02-09,Glenn,021,27897,2198,2156,477,2633,14
2021-02-09,Humboldt,023,135768,2975,2904,19,2923,29
2021-02-09,Imperial,025,180216,26970,26509,2443,28952,568
2021-02-09,Inyo,027,18085,1187,1137,10,1147,30
2021-02-09,Kern,029,883053,91180,88684,9254,97938,920
2021-02-09,Kings,031,150075,21803,21275,929,22204,196
2021-02-09,Lake,033,64148,3046,2955,1,2956,36
2021-02-09,Lassen,035,31185,5046,4983,89,5072,1
2021-02-09,Los Angeles,037,10098052,1153598,1122745,38040,1160785,18198
2021-02-09,Madera,039,155013,15211,14912,768,15680,105
2021-02-09,Marin,041,260295,12810,12623,151,12774,197
2021-02-09,Mariposa,043,17540,368,355,4,359,4
2021-02-09,Mendocino,045,87422,3532,3369,68,3437,38
2021-02-09,Merced,047,269075,27408,27166,833,27999,354
2021-02-09,Modoc,049,8938,333,316,110,426,3
2021-02-09,Mono,051,14174,1158,1167,16,1183,3
2021-02-09,Monterey,053,433212,41057,40279,1577,41856,285
2021-02-09,Napa,055,140530,8801,8749,33,8782,55
2021-02-09,Nevada,057,99092,3815,3687,149,3836,44
2021-02-09,Orange,059,3164182,242689,239169,9934,249103,3406
2021-02-09,Placer,061,380077,19989,19008,1053,20061,220
2021-02-09,Plumas,063,18699,631,584,10,594,2
2021-02-09,Riverside,065,2383286,280910,273465,13198,286663,3334
2021-02-09,Sacramento,067,1510023,91238,89378,1156,90534,1265
2021-02-09,San Benito,069,59416,5605,5566,82,5648,54
2021-02-09,San Bernardino,071,2135413,282549,274998,8380,283378,2613
2021-02-09,San Diego,073,3302833,257216,248048,12352,260400,2853
2021-02-09,San Francisco,075,870044,33183,32782,980,33762,349
2021-02-09,San Joaquin,077,732212,65006,63341,2627,65968,937
2021-02-09,San Luis Obispo,079,281455,19037,18489,523,19012,216
2021-02-09,San Mateo,081,765935,38407,37227,385,37612,235
2021-02-09,Santa Barbara,083,443738,31071,30118,996,31114,351
2021-02-09,Santa Clara,085,1922200,106886,105762,528,106290,1463
2021-02-09,Santa Cruz,087,273765,14993,13958,751,14709,162
2021-02-09,Shasta,089,179085,10654,10595,1150,11745,139
2021-02-09,Sierra,091,2930,49,44,12,56,0
2021-02-09,Siskiyou,093,43540,1404,1306,214,1520,4
2021-02-09,Solano,095,438530,29118,28769,338,29107,131
2021-02-09,Sonoma,097,501317,26994,26826,160,26986,267
2021-02-09,Stanislaus,099,539301,49015,47906,5119,53025,679
2021-02-09,Sutter,101,95872,8610,8541,79,8620,92
2021-02-09,Tehama,103,63373,4506,4416,481,4897,22
2021-02-09,Trinity,105,12862,452,266,70,336,3
2021-02-09,Tulare,107,460477,47073,45704,7453,53157,686
2021-02-09,Tuolumne,109,53932,3673,3673,32,3705,48
2021-02-09,Ventura,111,848112,75467,74333,2669,77002,567
2021-02-09,Yolo,113,214977,12508,12220,201,12421,174
2021-02-09,Yuba,115,75493,5339,5235,81,5316,35
2021-02-08,Alameda,001,1643700,78120,76735,1663,78398,924
2021-02-08,Alpine,003,1148,77,73,0,73,0
2021-02-08,Amador,005,37829,3384,3344,28,3372,33
2021-02-08,Butte,007,227075,11029,10524,1556,12080,152
2021-02-08,Calaveras,009,45235,1860,1840,11,1851,21
2021-02-08,Colusa,011,21464,1825,1802,236,2038,10
2021-02-08,Contra Costa,013,1133247,60711,59039,1029,60068,567
2021-02-08,Del Norte,015,27424,927,885,4,889,2
2021-02-08,El Dorado,017,186661,8847,8627,588,9215,86
2021-02-08,Fresno,019,978130,93662,91430,7326,98756,1207
2021-02-08,Glenn,021,27897,2194,2148,475,2623,14
2021-02-08,Humboldt,023,135768,2967,2902,19,2921,29
2021-02-08,Imperial,025,180216,26948,26526,2441,28967,567
2021-02-08,Inyo,027,18085,1174,1126,10,1136,30
2021-02-08,Kern,029,883053,90963,88380,9194,97574,920
2021-02-08,Kings,031,150075,21741,21232,926,22158,195
2021-02-08,Lake,033,64148,3027,2949,1,2950,36
2021-02-08,Lassen,035,31185,5033,4976,89,5065,1
2021-02-08,Los Angeles,037,10098052,1151502,1120179,37918,1158097,17977
2021-02-08,Madera,039,155013,15175,14887,761,15648,93
2021-02-08,Marin,041,260295,12780,12591,151,12742,194
2021-02-08,Mariposa,043,17540,368,355,4,359,4
2021-02-08,Mendocino,045,87422,3518,3355,68,3423,38
2021-02-08,Merced,047,269075,27324,27082,828,27910,346
2021-02-08,Modoc,049,8938,331,318,110,428,3
2021-02-08,Mono,051,14174,1158,1165,16,1181,3
2021-02-08,Monterey,053,433212,40937,40186,1558,41744,283
2021-02-08,Napa,055,140530,8786,8719,33,8752,55
2021-02-08,Nevada,057,99092,3803,3671,149,3820,44
2021-02-08,Orange,059,3164182,242222,238715,9911,248626,3361
2021-02-08,Placer,061,380077,19947,18944,1047,19991,211
2021-02-08,Plumas,063,18699,630,584,10,594,2
2021-02-08,Riverside,065,2383286,280341,272904,13172,286076,3301
2021-02-08,Sacramento,067,1510023,90952,89267,1153,90420,1247
2021-02-08,San Benito,069,59416,5600,5553,81,5634,52
2021-02-08,San Bernardino,071,2135413,282146,274661,8374,283035,2587
2021-02-08,San Diego,073,3302833,256473,247259,12311,259570,2821
2021-02-08,San Francisco,075,870044,33089,32679,972,33651,348
2021-02-08,San Joaquin,077,732212,64845,63148,2617,65765,929
2021-02-08,San Luis Obispo,079,281455,18980,18421,518,18939,214
2021-02-08,San Mateo,081,765935,38298,37084,385,37469,232
2021-02-08,Santa Barbara,083,443738,30956,29978,989,30967,340
2021-02-08,Santa Clara,085,1922200,106562,105413,520,105933,1456
2021-02-08,Santa Cruz,087,273765,14954,13921,745,14666,161
2021-02-08,Shasta,089,179085,10627,10574,1144,11718,137
2021-02-08,Sierra,091,2930,49,44,12,56,0
2021-02-08,Siskiyou,093,43540,1401,1303,214,1517,4
2021-02-08,Solano,095,438530,29052,28644,336,28980,130
2021-02-08,Sonoma,097,501317,26903,26760,159,26919,259
2021-02-08,Stanislaus,099,539301,48860,47704,5091,52795,679
2021-02-08,Sutter,101,95872,8591,8526,79,8605,92
2021-02-08,Tehama,103,63373,4496,4403,478,4881,22
2021-02-08,Trinity,105,12862,450,266,70,336,3
2021-02-08,Tulare,107,460477,46965,45617,7413,53030,673
2021-02-08,Tuolumne,109,53932,3665,3647,32,3679,48
2021-02-08,Ventura,111,848112,75210,74068,2663,76731,565
2021-02-08,Yolo,113,214977,12476,12169,200,12369,162
2021-02-08,Yuba,115,75493,5323,5215,81,5296,35
2021-02-07,Alameda,001,1643700,77818,76500,1655,78155,924
2021-02-07,Alpine,003,1148,74,72,0,72,0
2021-02-07,Amador,005,37829,3363,3343,28,3371,33
2021-02-07,Butte,007,227075,10997,10513,1548,12061,152
2021-02-07,Calaveras,009,45235,1856,1837,11,1848,21
2021-02-07,Colusa,011,21464,1814,1795,234,2029,10
2021-02-07,Contra Costa,013,1133247,60469,58836,1024,59860,566
2021-02-07,Del Norte,015,27424,923,881,4,885,2
2021-02-07,El Dorado,017,186661,8818,8596,586,9182,86
2021-02-07,Fresno,019,978130,93432,91184,7288,98472,1207
2021-02-07,Glenn,021,27897,2190,2141,470,2611,14
2021-02-07,Humboldt,023,135768,2946,2895,19,2914,28
2021-02-07,Imperial,025,180216,26921,26518,2436,28954,567
2021-02-07,Inyo,027,18085,1163,1124,10,1134,27
2021-02-07,Kern,029,883053,90716,88146,9136,97282,920
2021-02-07,Kings,031,150075,21680,21180,923,22103,192
2021-02-07,Lake,033,64148,3012,2940,1,2941,36
2021-02-07,Lassen,035,31185,5022,4973,89,5062,1
2021-02-07,Los Angeles,037,10098052,1148743,1117551,37789,1155340,17889
2021-02-07,Madera,039,155013,15141,14850,757,15607,93
2021-02-07,Marin,041,260295,12747,12571,149,12720,194
2021-02-07,Mariposa,043,17540,367,355,4,359,4
2021-02-07,Mendocino,045,87422,3501,3348,68,3416,38
2021-02-07,Merced,047,269075,27212,26977,816,27793,346
2021-02-07,Modoc,049,8938,331,317,106,423,3
2021-02-07,Mono,051,14174,1155,1165,16,1181,3
2021-02-07,Monterey,053,433212,40801,40113,1539,41652,283
2021-02-07,Napa,055,140530,8763,8701,33,8734,55
2021-02-07,Nevada,057,99092,3792,3643,149,3792,44
2021-02-07,Orange,059,3164182,241623,238155,9877,248032,3336
2021-02-07,Placer,061,380077,19900,18903,1034,19937,211
2021-02-07,Plumas,063,18699,630,584,10,594,2
2021-02-07,Riverside,065,2383286,279813,272301,13151,285452,3267
2021-02-07,Sacramento,067,1510023,90620,88919,1146,90065,1246
2021-02-07,San Benito,069,59416,5581,5548,80,5628,52
2021-02-07,San Bernardino,071,2135413,281551,274316,8349,282665,2587
2021-02-07,San Diego,073,3302833,255687,246561,12247,258808,2821
2021-02-07,San Francisco,075,870044,32969,32609,960,33569,348
2021-02-07,San Joaquin,077,732212,64570,63051,2602,65653,929
2021-02-07,San Luis Obispo,079,281455,18908,18349,511,18860,214
2021-02-07,San Mateo,081,765935,38164,36984,383,37367,232
2021-02-07,Santa Barbara,083,443738,30816,29815,978,30793,340
2021-02-07,Santa Clara,085,1922200,106223,105118,510,105628,1450
2021-02-07,Santa Cruz,087,273765,14900,13887,740,14627,161
2021-02-07,Shasta,089,179085,10607,10570,1136,11706,137
2021-02-07,Sierra,091,2930,49,43,12,55,0
2021-02-07,Siskiyou,093,43540,1394,1295,212,1507,4
2021-02-07,Solano,095,438530,28941,28567,335,28902,130
2021-02-07,Sonoma,097,501317,26796,26684,155,26839,257
2021-02-07,Stanislaus,099,539301,48670,47551,5059,52610,679
2021-02-07,Sutter,101,95872,8563,8515,79,8594,92
2021-02-07,Tehama,103,63373,4480,4396,477,4873,22
2021-02-07,Trinity,105,12862,447,264,68,332,3
2021-02-07,Tulare,107,460477,46843,45520,7335,52855,671
2021-02-07,Tuolumne,109,53932,3641,3619,31,3650,48
2021-02-07,Ventura,111,848112,74899,73759,2651,76410,561
2021-02-07,Yolo,113,214977,12431,12135,200,12335,162
2021-02-07,Yuba,115,75493,5308,5198,79,5277,35
2021-02-06,Alameda,001,1643700,77664,76170,1644,77814,922
2021-02-06,Alpine,003,1148,74,72,0,72,0
2021-02-06,Amador,005,37829,3357,3306,28,3334,33
2021-02-06,Butte,007,227075,10980,10480,1544,12024,150
2021-02-06,Calaveras,009,45235,1854,1832,11,1843,21
2021-02-06,Colusa,011,21464,1812,1791,233,2024,10
2021-02-06,Contra Costa,013,1133247,60322,58567,1018,59585,566
2021-02-06,Del Norte,015,27424,919,879,4,883,2
2021-02-06,El Dorado,017,186661,8811,8575,582,9157,86
2021-02-06,Fresno,019,978130,93319,90944,7267,98211,1207
2021-02-06,Glenn,021,27897,2188,2136,469,2605,14
2021-02-06,Humboldt,023,135768,2935,2880,19,2899,28
2021-02-06,Imperial,025,180216,26909,26514,2435,28949,567
2021-02-06,Inyo,027,18085,1160,1113,10,1123,27
2021-02-06,Kern,029,883053,90562,87919,9090,97009,912
2021-02-06,Kings,031,150075,21650,21156,923,22079,190
2021-02-06,Lake,033,64148,3007,2920,1,2921,34
2021-02-06,Lassen,035,31185,5018,4964,88,5052,1
2021-02-06,Los Angeles,037,10098052,1147388,1114718,37691,1152409,17793
2021-02-06,Madera,039,155013,15120,14807,755,15562,93
2021-02-06,Marin,041,260295,12727,12531,149,12680,194
2021-02-06,Mariposa,043,17540,366,355,3,358,4
2021-02-06,Mendocino,045,87422,3483,3316,67,3383,38
2021-02-06,Merced,047,269075,27126,26881,808,27689,346
2021-02-06,Modoc,049,8938,331,313,106,419,3
2021-02-06,Mono,051,14174,1154,1159,16,1175,3
2021-02-06,Monterey,053,433212,40743,39995,1531,41526,282
2021-02-06,Napa,055,140530,8750,8639,33,8672,55
2021-02-06,Nevada,057,99092,3780,3624,149,3773,43
2021-02-06,Orange,059,3164182,241260,237391,9843,247234,3293
2021-02-06,Placer,061,380077,19863,18836,1031,19867,211
2021-02-06,Plumas,063,18699,630,584,10,594,2
2021-02-06,Riverside,065,2383286,279444,271741,13132,284873,3243
2021-02-06,Sacramento,067,1510023,90403,88532,1136,89668,1237
2021-02-06,San Benito,069,59416,5563,5516,80,5596,52
2021-02-06,San Bernardino,071,2135413,281242,273718,8326,282044,2564
2021-02-06,San Diego,073,3302833,255191,245331,12212,257543,2812
2021-02-06,San Francisco,075,870044,32895,32437,950,33387,346
2021-02-06,San Joaquin,077,732212,64491,62840,2591,65431,906
2021-02-06,San Luis Obispo,079,281455,18866,18284,507,18791,214
2021-02-06,San Mateo,081,765935,38096,36824,380,37204,232
2021-02-06,Santa Barbara,083,443738,30740,29645,976,30621,337
2021-02-06,Santa Clara,085,1922200,106001,104639,505,105144,1439
2021-02-06,Santa Cruz,087,273765,14869,13845,736,14581,161
2021-02-06,Shasta,089,179085,10596,10561,1134,11695,137
2021-02-06,Sierra,091,2930,49,43,12,55,0
2021-02-06,Siskiyou,093,43540,1391,1289,211,1500,4
2021-02-06,Solano,095,438530,28905,28446,334,28780,129
2021-02-06,Sonoma,097,501317,26759,26564,153,26717,257
2021-02-06,Stanislaus,099,539301,48574,47325,5043,52368,679
2021-02-06,Sutter,101,95872,8555,8485,79,8564,92
2021-02-06,Tehama,103,63373,4470,4380,476,4856,22
2021-02-06,Trinity,105,12862,447,263,68,331,3
2021-02-06,Tulare,107,460477,46775,45349,7288,52637,664
2021-02-06,Tuolumne,109,53932,3634,3612,31,3643,48
2021-02-06,Ventura,111,848112,74719,73431,2645,76076,552
2021-02-06,Yolo,113,214977,12408,12061,200,12261,161
2021-02-06,Yuba,115,75493,5298,5177,78,5255,35
2021-02-05,Alameda,001,1643700,77436,75716,1642,77358,916
2021-02-05,Alpine,003,1148,74,72,0,72,0
2021-02-05,Amador,005,37829,3352,3299,27,3326,33
2021-02-05,Butte,007,227075,10961,10421,1537,11958,150
2021-02-05,Calaveras,009,45235,1850,1818,11,1829,21
2021-02-05,Colusa,011,21464,1808,1785,233,2018,10
2021-02-05,Contra Costa,013,1133247,60161,58195,1016,59211,560
2021-02-05,Del Norte,015,27424,918,874,4,878,2
2021-02-05,El Dorado,017,186661,8791,8527,580,9107,86
2021-02-05,Fresno,019,978130,93117,90513,7246,97759,1194
2021-02-05,Glenn,021,27897,2185,2122,463,2585,14
2021-02-05,Humboldt,023,135768,2925,2857,19,2876,28
2021-02-05,Imperial,025,180216,26890,26474,2434,28908,557
2021-02-05,Inyo,027,18085,1156,1104,10,1114,27
2021-02-05,Kern,029,883053,90393,87470,9023,96493,906
2021-02-05,Kings,031,150075,21612,21021,920,21941,190
2021-02-05,Lake,033,64148,2995,2906,1,2907,33
2021-02-05,Lassen,035,31185,5014,4936,88,5024,1
2021-02-05,Los Angeles,037,10098052,1145286,1110384,37560,1147944,17608
2021-02-05,Madera,039,155013,15086,14752,750,15502,95
2021-02-05,Marin,041,260295,12692,12479,149,12628,193
2021-02-05,Mariposa,043,17540,366,352,3,355,4
2021-02-05,Mendocino,045,87422,3469,3272,67,3339,38
2021-02-05,Merced,047,269075,27066,26760,807,27567,345
2021-02-05,Modoc,049,8938,331,312,106,418,3
2021-02-05,Mono,051,14174,1153,1157,16,1173,3
2021-02-05,Monterey,053,433212,40676,39840,1520,41360,281
2021-02-05,Napa,055,140530,8736,8598,33,8631,55
2021-02-05,Nevada,057,99092,3777,3607,149,3756,43
2021-02-05,Orange,059,3164182,240833,236335,9816,246151,3260
2021-02-05,Placer,061,380077,19827,18756,1029,19785,211
2021-02-05,Plumas,063,18699,628,578,10,588,2
2021-02-05,Riverside,065,2383286,279030,270666,13113,283779,3235
2021-02-05,Sacramento,067,1510023,90223,87992,1129,89121,1231
2021-02-05,San Benito,069,59416,5552,5502,80,5582,51
2021-02-05,San Bernardino,071,2135413,280898,272938,8308,281246,2495
2021-02-05,San Diego,073,3302833,254615,244066,12177,256243,2777
2021-02-05,San Francisco,075,870044,32805,32229,939,33168,337
2021-02-05,San Joaquin,077,732212,64341,62565,2583,65148,902
2021-02-05,San Luis Obispo,079,281455,18805,18152,503,18655,213
2021-02-05,San Mateo,081,765935,38013,36582,379,36961,227
2021-02-05,Santa Barbara,083,443738,30643,29455,963,30418,334
2021-02-05,Santa Clara,085,1922200,105753,104112,503,104615,1421
2021-02-05,Santa Cruz,087,273765,14848,13776,734,14510,161
2021-02-05,Shasta,089,179085,10580,10507,1127,11634,136
2021-02-05,Sierra,091,2930,49,42,12,54,0
2021-02-05,Siskiyou,093,43540,1384,1276,209,1485,4
2021-02-05,Solano,095,438530,28855,28283,334,28617,127
2021-02-05,Sonoma,097,501317,26690,26423,150,26573,252
2021-02-05,Stanislaus,099,539301,48429,47024,5025,52049,678
2021-02-05,Sutter,101,95872,8535,8443,79,8522,92
2021-02-05,Tehama,103,63373,4461,4355,475,4830,22
2021-02-05,Trinity,105,12862,446,260,68,328,3
2021-02-05,Tulare,107,460477,46699,45138,7238,52376,663
2021-02-05,Tuolumne,109,53932,3608,3595,31,3626,45
2021-02-05,Ventura,111,848112,74474,72953,2633,75586,546
2021-02-05,Yolo,113,214977,12389,12025,195,12220,162
2021-02-05,Yuba,115,75493,5281,5145,78,5223,35
2021-02-04,Alameda,001,1643700,77151,75422,1636,77058,899
2021-02-04,Alpine,003,1148,73,72,0,72,0
2021-02-04,Amador,005,37829,3349,3288,27,3315,33
2021-02-04,Butte,007,227075,10928,10386,1529,11915,147
2021-02-04,Calaveras,009,45235,1848,1808,11,1819,21
2021-02-04,Colusa,011,21464,1804,1777,231,2008,10
2021-02-04,Contra Costa,013,1133247,59973,57991,1012,59003,550
2021-02-04,Del Norte,015,27424,912,870,4,874,2
2021-02-04,El Dorado,017,186661,8765,8490,577,9067,86
2021-02-04,Fresno,019,978130,92902,90126,7219,97345,1114
2021-02-04,Glenn,021,27897,2180,2102,462,2564,14
2021-02-04,Humboldt,023,135768,2915,2827,19,2846,28
2021-02-04,Imperial,025,180216,26845,26411,2432,28843,556
2021-02-04,Inyo,027,18085,1144,1084,10,1094,27
2021-02-04,Kern,029,883053,90119,87156,8946,96102,898
2021-02-04,Kings,031,150075,21561,20918,913,21831,187
2021-02-04,Lake,033,64148,2983,2882,1,2883,34
2021-02-04,Lassen,035,31185,5011,4927,88,5015,1
2021-02-04,Los Angeles,037,10098052,1142488,1106323,37433,1143756,17396
2021-02-04,Madera,039,155013,15056,14706,747,15453,95
2021-02-04,Marin,041,260295,12656,12431,149,12580,192
2021-02-04,Mariposa,043,17540,366,348,3,351,4
2021-02-04,Mendocino,045,87422,3451,3240,65,3305,38
2021-02-04,Merced,047,269075,26972,26629,804,27433,345
2021-02-04,Modoc,049,8938,331,309,106,415,3
2021-02-04,Mono,051,14174,1151,1153,16,1169,3
2021-02-04,Monterey,053,433212,40565,39619,1503,41122,279
2021-02-04,Napa,055,140530,8707,8573,33,8606,55
2021-02-04,Nevada,057,99092,3757,3590,148,3738,37
2021-02-04,Orange,059,3164182,240190,235677,9774,245451,3238
2021-02-04,Placer,061,380077,19767,18711,1020,19731,210
2021-02-04,Plumas,063,18699,625,562,10,572,2
2021-02-04,Riverside,065,2383286,278266,269851,13074,282925,3230
2021-02-04,Sacramento,067,1510023,89922,87658,1119,88777,1222
2021-02-04,San Benito,069,59416,5538,5488,79,5567,51
2021-02-04,San Bernardino,071,2135413,280349,272223,8288,280511,2409
2021-02-04,San Diego,073,3302833,253827,242613,12111,254724,2738
2021-02-04,San Francisco,075,870044,32691,32116,930,33046,326
2021-02-04,San Joaquin,077,732212,64116,62374,2575,64949,883
2021-02-04,San Luis Obispo,079,281455,18738,18058,501,18559,211
2021-02-04,San Mateo,081,765935,37892,36437,376,36813,226
2021-02-04,Santa Barbara,083,443738,30508,29344,946,30290,322
2021-02-04,Santa Clara,085,1922200,105410,103781,500,104281,1404
2021-02-04,Santa Cruz,087,273765,14815,13713,726,14439,156
2021-02-04,Shasta,089,179085,10554,10466,1122,11588,131
2021-02-04,Sierra,091,2930,49,42,12,54,0
2021-02-04,Siskiyou,093,43540,1375,1273,209,1482,4
2021-02-04,Solano,095,438530,28752,28192,332,28524,120
2021-02-04,Sonoma,097,501317,26608,26276,146,26422,249
2021-02-04,Stanislaus,099,539301,48267,46822,5006,51828,678
2021-02-04,Sutter,101,95872,8515,8401,79,8480,92
2021-02-04,Tehama,103,63373,4444,4327,474,4801,21
2021-02-04,Trinity,105,12862,445,260,67,327,3
2021-02-04,Tulare,107,460477,46572,44983,7176,52159,656
2021-02-04,Tuolumne,109,53932,3568,3585,31,3616,45
2021-02-04,Ventura,111,848112,74142,72595,2620,75215,537
2021-02-04,Yolo,113,214977,12355,11982,194,12176,161
2021-02-04,Yuba,115,75493,5255,5135,78,5213,34
2021-02-03,Alameda,001,1643700,76826,74968,1632,76600,880
2021-02-03,Alpine,003,1148,73,72,0,72,0
2021-02-03,Amador,005,37829,3345,3281,27,3308,33
2021-02-03,Butte,007,227075,10896,10355,1522,11877,144
2021-02-03,Calaveras,009,45235,1833,1799,11,1810,21
2021-02-03,Colusa,011,21464,1799,1773,230,2003,10
2021-02-03,Contra Costa,013,1133247,59733,57762,1000,58762,537
2021-02-03,Del Norte,015,27424,907,869,4,873,2
2021-02-03,El Dorado,017,186661,8744,8428,576,9004,86
2021-02-03,Fresno,019,978130,92681,89748,7180,96928,1015
2021-02-03,Glenn,021,27897,2170,2098,461,2559,14
2021-02-03,Humboldt,023,135768,2905,2800,19,2819,27
2021-02-03,Imperial,025,180216,26809,26363,2426,28789,547
2021-02-03,Inyo,027,18085,1134,1071,10,1081,27
2021-02-03,Kern,029,883053,89876,86771,8905,95676,877
2021-02-03,Kings,031,150075,21500,20831,911,21742,172
2021-02-03,Lake,033,64148,2965,2869,1,2870,33
2021-02-03,Lassen,035,31185,4999,4910,88,4998,1
2021-02-03,Los Angeles,037,10098052,1139405,1101890,37309,1139199,17163
2021-02-03,Madera,039,155013,15017,14605,745,15350,94
2021-02-03,Marin,041,260295,12621,12406,149,12555,190
2021-02-03,Mariposa,043,17540,365,347,3,350,4
2021-02-03,Mendocino,045,87422,3425,3236,64,3300,38
2021-02-03,Merced,047,269075,26857,26520,799,27319,343
2021-02-03,Modoc,049,8938,330,308,106,414,3
2021-02-03,Mono,051,14174,1144,1146,16,1162,3
2021-02-03,Monterey,053,433212,40438,39500,1486,40986,279
2021-02-03,Napa,055,140530,8672,8534,33,8567,54
2021-02-03,Nevada,057,99092,3743,3572,148,3720,35
2021-02-03,Orange,059,3164182,239446,234738,9742,244480,3189
2021-02-03,Placer,061,380077,19712,18646,1018,19664,210
2021-02-03,Plumas,063,18699,625,559,10,569,2
2021-02-03,Riverside,065,2383286,277525,269019,13043,282062,3195
2021-02-03,Sacramento,067,1510023,89599,87415,1115,88530,1212
2021-02-03,San Benito,069,59416,5520,5463,76,5539,51
2021-02-03,San Bernardino,071,2135413,279862,271477,8265,279742,2308
2021-02-03,San Diego,073,3302833,252925,241015,12065,253080,2683
2021-02-03,San Francisco,075,870044,32561,31983,925,32908,325
2021-02-03,San Joaquin,077,732212,63888,61976,2565,64541,880
2021-02-03,San Luis Obispo,079,281455,18660,17922,498,18420,206
2021-02-03,San Mateo,081,765935,37754,36227,372,36599,225
2021-02-03,Santa Barbara,083,443738,30359,29121,936,30057,315
2021-02-03,Santa Clara,085,1922200,105094,103278,498,103776,1364
2021-02-03,Santa Cruz,087,273765,14760,13611,720,14331,154
2021-02-03,Shasta,089,179085,10511,10422,1117,11539,130
2021-02-03,Sierra,091,2930,49,42,12,54,0
2021-02-03,Siskiyou,093,43540,1364,1268,208,1476,4
2021-02-03,Solano,095,438530,28630,28057,332,28389,119
2021-02-03,Sonoma,097,501317,26524,26155,145,26300,248
2021-02-03,Stanislaus,099,539301,48091,46598,4987,51585,662
2021-02-03,Sutter,101,95872,8490,8379,79,8458,90
2021-02-03,Tehama,103,63373,4426,4309,471,4780,21
2021-02-03,Trinity,105,12862,445,260,66,326,3
2021-02-03,Tulare,107,460477,46401,44838,7120,51958,640
2021-02-03,Tuolumne,109,53932,3557,3568,31,3599,45
2021-02-03,Ventura,111,848112,73805,72124,2610,74734,526
2021-02-03,Yolo,113,214977,12330,11933,193,12126,161
2021-02-03,Yuba,115,75493,5237,5124,78,5202,34
2021-02-02,Alameda,001,1643700,76481,74642,1620,76262,869
2021-02-02,Alpine,003,1148,73,72,0,72,0
2021-02-02,Amador,005,37829,3314,3275,27,3302,33
2021-02-02,Butte,007,227075,10870,10307,1513,11820,141
2021-02-02,Calaveras,009,45235,1824,1786,11,1797,21
2021-02-02,Colusa,011,21464,1791,1769,225,1994,9
2021-02-02,Contra Costa,013,1133247,59454,57551,996,58547,536
2021-02-02,Del Norte,015,27424,901,868,4,872,2
2021-02-02,El Dorado,017,186661,8704,8405,576,8981,84
2021-02-02,Fresno,019,978130,92380,89542,7144,96686,1009
2021-02-02,Glenn,021,27897,2158,2090,458,2548,14
2021-02-02,Humboldt,023,135768,2893,2784,19,2803,25
2021-02-02,Imperial,025,180216,26756,26317,2420,28737,535
2021-02-02,Inyo,027,18085,1131,1074,10,1084,27
2021-02-02,Kern,029,883053,89573,86485,8829,95314,867
2021-02-02,Kings,031,150075,21422,20785,903,21688,172
2021-02-02,Lake,033,64148,2945,2857,1,2858,33
2021-02-02,Lassen,035,31185,4992,4908,88,4996,1
2021-02-02,Los Angeles,037,10098052,1136021,1097573,37146,1134719,16913
2021-02-02,Madera,039,155013,14966,14595,740,15335,94
2021-02-02,Marin,041,260295,12592,12367,149,12516,189
2021-02-02,Mariposa,043,17540,362,345,3,348,4
2021-02-02,Mendocino,045,87422,3392,3210,64,3274,38
2021-02-02,Merced,047,269075,26760,26427,792,27219,340
2021-02-02,Modoc,049,8938,325,306,106,412,3
2021-02-02,Mono,051,14174,1142,1147,16,1163,3
2021-02-02,Monterey,053,433212,40303,39371,1472,40843,278
2021-02-02,Napa,055,140530,8643,8505,33,8538,53
2021-02-02,Nevada,057,99092,3728,3548,148,3696,20
2021-02-02,Orange,059,3164182,238644,233783,9707,243490,3152
2021-02-02,Placer,061,380077,19654,18615,1014,19629,205
2021-02-02,Plumas,063,18699,625,560,10,570,2
2021-02-02,Riverside,065,2383286,276666,267901,13009,280910,3169
2021-02-02,Sacramento,067,1510023,89309,87107,1104,88211,1202
2021-02-02,San Benito,069,59416,5506,5444,75,5519,50
2021-02-02,San Bernardino,071,2135413,279183,270486,8235,278721,2244
2021-02-02,San Diego,073,3302833,251886,240047,11978,252025,2629
2021-02-02,San Francisco,075,870044,32407,31788,915,32703,324
2021-02-02,San Joaquin,077,732212,63667,61708,2551,64259,878
2021-02-02,San Luis Obispo,079,281455,18566,17811,496,18307,201
2021-02-02,San Mateo,081,765935,37590,36004,366,36370,225
2021-02-02,Santa Barbara,083,443738,30188,28951,929,29880,304
2021-02-02,Santa Clara,085,1922200,104628,102872,493,103365,1349
2021-02-02,Santa Cruz,087,273765,14701,13572,716,14288,150
2021-02-02,Shasta,089,179085,10485,10371,1107,11478,128
2021-02-02,Sierra,091,2930,49,42,12,54,0
2021-02-02,Siskiyou,093,43540,1357,1252,205,1457,4
2021-02-02,Solano,095,438530,28534,27963,328,28291,118
2021-02-02,Sonoma,097,501317,26408,26054,145,26199,247
2021-02-02,Stanislaus,099,539301,47871,46306,4955,51261,641
2021-02-02,Sutter,101,95872,8467,8340,79,8419,89
2021-02-02,Tehama,103,63373,4412,4289,470,4759,21
2021-02-02,Trinity,105,12862,445,260,66,326,3
2021-02-02,Tulare,107,460477,46245,44720,7054,51774,625
2021-02-02,Tuolumne,109,53932,3545,3548,31,3579,39
2021-02-02,Ventura,111,848112,73387,71557,2600,74157,514
2021-02-02,Yolo,113,214977,12285,11886,186,12072,158
2021-02-02,Yuba,115,75493,5219,5111,77,5188,34
2021-02-01,Alameda,001,1643700,76125,74374,1615,75989,858
2021-02-01,Alpine,003,1148,73,72,0,72,0
2021-02-01,Amador,005,37829,3303,3234,27,3261,32
2021-02-01,Butte,007,227075,10826,10263,1509,11772,141
2021-02-01,Calaveras,009,45235,1817,1785,11,1796,21
2021-02-01,Colusa,011,21464,1786,1763,216,1979,9
2021-02-01,Contra Costa,013,1133247,59211,57324,995,58319,531
2021-02-01,Del Norte,015,27424,897,865,4,869,2
2021-02-01,El Dorado,017,186661,8665,8337,576,8913,83
2021-02-01,Fresno,019,978130,92048,89272,7109,96381,994
2021-02-01,Glenn,021,27897,2142,2086,450,2536,14
2021-02-01,Humboldt,023,135768,2872,2773,18,2791,25
2021-02-01,Imperial,025,180216,26712,26224,2418,28642,530
2021-02-01,Inyo,027,18085,1121,1072,10,1082,27
2021-02-01,Kern,029,883053,89175,86170,8760,94930,862
2021-02-01,Kings,031,150075,21331,20746,895,21641,172
2021-02-01,Lake,033,64148,2929,2843,1,2844,33
2021-02-01,Lassen,035,31185,4972,4907,88,4995,1
2021-02-01,Los Angeles,037,10098052,1132196,1094341,36978,1131319,16695
2021-02-01,Madera,039,155013,14931,14572,737,15309,94
2021-02-01,Marin,041,260295,12553,12341,148,12489,188
2021-02-01,Mariposa,043,17540,360,344,3,347,4
2021-02-01,Mendocino,045,87422,3359,3192,64,3256,37
2021-02-01,Merced,047,269075,26636,26282,783,27065,337
2021-02-01,Modoc,049,8938,319,303,102,405,1
2021-02-01,Mono,051,14174,1139,1145,16,1161,3
2021-02-01,Monterey,053,433212,40119,39196,1450,40646,278
2021-02-01,Napa,055,140530,8611,8449,33,8482,52
2021-02-01,Nevada,057,99092,3711,3535,147,3682,20
2021-02-01,Orange,059,3164182,237731,233155,9661,242816,3100
2021-02-01,Placer,061,380077,19587,18574,1007,19581,204
2021-02-01,Plumas,063,18699,623,554,10,564,2
2021-02-01,Riverside,065,2383286,275728,267025,12972,279997,3092
2021-02-01,Sacramento,067,1510023,88908,86856,1093,87949,1193
2021-02-01,San Benito,069,59416,5488,5432,75,5507,48
2021-02-01,San Bernardino,071,2135413,278488,270012,8195,278207,2172
2021-02-01,San Diego,073,3302833,250661,239121,11902,251023,2619
2021-02-01,San Francisco,075,870044,32272,31703,903,32606,324
2021-02-01,San Joaquin,077,732212,63461,61542,2540,64082,877
2021-02-01,San Luis Obispo,079,281455,18446,17690,489,18179,199
2021-02-01,San Mateo,081,765935,37441,35843,366,36209,220
2021-02-01,Santa Barbara,083,443738,30019,28837,921,29758,297
2021-02-01,Santa Clara,085,1922200,104211,102462,492,102954,1343
2021-02-01,Santa Cruz,087,273765,14648,13524,714,14238,149
2021-02-01,Shasta,089,179085,10460,10329,1101,11430,112
2021-02-01,Sierra,091,2930,49,42,12,54,0
2021-02-01,Siskiyou,093,43540,1350,1238,202,1440,4
2021-02-01,Solano,095,438530,28429,27844,327,28171,117
2021-02-01,Sonoma,097,501317,26320,26011,144,26155,243
2021-02-01,Stanislaus,099,539301,47614,46112,4927,51039,642
2021-02-01,Sutter,101,95872,8428,8313,79,8392,89
2021-02-01,Tehama,103,63373,4386,4263,470,4733,21
2021-02-01,Trinity,105,12862,443,260,66,326,3
2021-02-01,Tulare,107,460477,46100,44569,6973,51542,618
2021-02-01,Tuolumne,109,53932,3537,3534,31,3565,39
2021-02-01,Ventura,111,848112,72982,71104,2583,73687,502
2021-02-01,Yolo,113,214977,12237,11824,178,12002,151
2021-02-01,Yuba,115,75493,5205,5084,76,5160,33
2021-01-31,Alameda,001,1643700,75696,73979,1607,75586,857
2021-01-31,Alpine,003,1148,73,72,0,72,0
2021-01-31,Amador,005,37829,3293,3212,25,3237,32
2021-01-31,Butte,007,227075,10781,10215,1499,11714,140
2021-01-31,Calaveras,009,45235,1797,1778,11,1789,21
2021-01-31,Colusa,011,21464,1780,1754,211,1965,9
2021-01-31,Contra Costa,013,1133247,58879,57079,995,58074,531
2021-01-31,Del Norte,015,27424,895,865,4,869,2
2021-01-31,El Dorado,017,186661,8629,8317,574,8891,83
2021-01-31,Fresno,019,978130,91736,88852,7055,95907,994
2021-01-31,Glenn,021,27897,2132,2083,449,2532,14
2021-01-31,Humboldt,023,135768,2856,2767,18,2785,25
2021-01-31,Imperial,025,180216,26640,26206,2409,28615,530
2021-01-31,Inyo,027,18085,1108,1072,10,1082,27
2021-01-31,Kern,029,883053,88679,85872,8674,94546,861
2021-01-31,Kings,031,150075,21246,20709,883,21592,172
2021-01-31,Lake,033,64148,2908,2826,1,2827,33
2021-01-31,Lassen,035,31185,4956,4900,88,4988,1
2021-01-31,Los Angeles,037,10098052,1127568,1090304,36774,1127078,16609
2021-01-31,Madera,039,155013,14877,14496,729,15225,94
2021-01-31,Marin,041,260295,12506,12297,144,12441,185
2021-01-31,Mariposa,043,17540,358,344,3,347,4
2021-01-31,Mendocino,045,87422,3336,3181,63,3244,37
2021-01-31,Merced,047,269075,26492,26222,778,27000,337
2021-01-31,Modoc,049,8938,316,304,100,404,1
2021-01-31,Mono,051,14174,1136,1146,16,1162,3
2021-01-31,Monterey,053,433212,39940,39035,1423,40458,278
2021-01-31,Napa,055,140530,8569,8404,33,8437,52
2021-01-31,Nevada,057,99092,3689,3518,145,3663,20
2021-01-31,Orange,059,3164182,236714,232347,9619,241966,3053
2021-01-31,Placer,061,380077,19510,18506,996,19502,204
2021-01-31,Plumas,063,18699,622,554,10,564,2
2021-01-31,Riverside,065,2383286,274711,266145,12925,279070,3074
2021-01-31,Sacramento,067,1510023,88466,86560,1079,87639,1186
2021-01-31,San Benito,069,59416,5466,5425,73,5498,48
2021-01-31,San Bernardino,071,2135413,277460,269533,8164,277697,2156
2021-01-31,San Diego,073,3302833,249348,238039,11788,249827,2619
2021-01-31,San Francisco,075,870044,32081,31563,892,32455,323
2021-01-31,San Joaquin,077,732212,63060,61379,2531,63910,877
2021-01-31,San Luis Obispo,079,281455,18312,17615,484,18099,199
2021-01-31,San Mateo,081,765935,37251,35659,363,36022,219
2021-01-31,Santa Barbara,083,443738,29775,28570,912,29482,297
2021-01-31,Santa Clara,085,1922200,103661,101986,483,102469,1330
2021-01-31,Santa Cruz,087,273765,14553,13469,700,14169,149
2021-01-31,Shasta,089,179085,10415,10313,1092,11405,112
2021-01-31,Sierra,091,2930,48,43,12,55,0
2021-01-31,Siskiyou,093,43540,1340,1238,202,1440,4
2021-01-31,Solano,095,438530,28299,27678,326,28004,118
2021-01-31,Sonoma,097,501317,26217,25925,143,26068,243
2021-01-31,Stanislaus,099,539301,47330,45971,4895,50866,642
2021-01-31,Sutter,101,95872,8383,8289,79,8368,89
2021-01-31,Tehama,103,63373,4364,4256,469,4725,21
2021-01-31,Trinity,105,12862,441,260,66,326,3
2021-01-31,Tulare,107,460477,45932,44440,6892,51332,618
2021-01-31,Tuolumne,109,53932,3499,3519,31,3550,39
2021-01-31,Ventura,111,848112,72387,70635,2570,73205,502
2021-01-31,Yolo,113,214977,12176,11771,172,11943,151
2021-01-31,Yuba,115,75493,5185,5071,76,5147,33
2021-01-30,Alameda,001,1643700,75491,73622,1602,75224,850
2021-01-30,Alpine,003,1148,73,72,0,72,0
2021-01-30,Amador,005,37829,3289,3181,25,3206,32
2021-01-30,Butte,007,227075,10747,10177,1490,11667,139
2021-01-30,Calaveras,009,45235,1784,1763,11,1774,21
2021-01-30,Colusa,011,21464,1778,1748,211,1959,9
2021-01-30,Contra Costa,013,1133247,58696,56763,991,57754,531
2021-01-30,Del Norte,015,27424,894,865,4,869,2
2021-01-30,El Dorado,017,186661,8609,8299,573,8872,83
2021-01-30,Fresno,019,978130,91556,88476,7035,95511,964
2021-01-30,Glenn,021,27897,2129,2074,447,2521,14
2021-01-30,Humboldt,023,135768,2845,2742,18,2760,24
2021-01-30,Imperial,025,180216,26616,26160,2407,28567,530
2021-01-30,Inyo,027,18085,1104,1068,10,1078,27
2021-01-30,Kern,029,883053,88478,85572,8608,94180,848
2021-01-30,Kings,031,150075,21175,20605,878,21483,169
2021-01-30,Lake,033,64148,2902,2809,1,2810,33
2021-01-30,Lassen,035,31185,4952,4890,88,4978,1
2021-01-30,Los Angeles,037,10098052,1125169,1084763,36632,1121395,16484
2021-01-30,Madera,039,155013,14835,14443,724,15167,94
2021-01-30,Marin,041,260295,12478,12225,143,12368,185
2021-01-30,Mariposa,043,17540,356,344,3,347,4
2021-01-30,Mendocino,045,87422,3322,3153,62,3215,36
2021-01-30,Merced,047,269075,26418,26078,776,26854,335
2021-01-30,Modoc,049,8938,316,303,100,403,1
2021-01-30,Mono,051,14174,1136,1143,16,1159,3
2021-01-30,Monterey,053,433212,39880,38847,1420,40267,277
2021-01-30,Napa,055,140530,8553,8342,33,8375,52
2021-01-30,Nevada,057,99092,3670,3499,145,3644,20
2021-01-30,Orange,059,3164182,236169,231358,9582,240940,3013
2021-01-30,Placer,061,380077,19457,18430,990,19420,205
2021-01-30,Plumas,063,18699,620,554,10,564,2
2021-01-30,Riverside,065,2383286,274113,265137,12894,278031,3061
2021-01-30,Sacramento,067,1510023,88274,86388,1074,87462,1184
2021-01-30,San Benito,069,59416,5448,5401,72,5473,48
2021-01-30,San Bernardino,071,2135413,277037,268660,8145,276805,2122
2021-01-30,San Diego,073,3302833,248583,236765,11743,248508,2603
2021-01-30,San Francisco,075,870044,31980,31427,889,32316,316
2021-01-30,San Joaquin,077,732212,62928,61120,2522,63642,864
2021-01-30,San Luis Obispo,079,281455,18232,17522,482,18004,198
2021-01-30,San Mateo,081,765935,37112,35451,362,35813,219
2021-01-30,Santa Barbara,083,443738,29633,28342,910,29252,296
2021-01-30,Santa Clara,085,1922200,103314,101471,480,101951,1307
2021-01-30,Santa Cruz,087,273765,14513,13383,699,14082,149
2021-01-30,Shasta,089,179085,10396,10283,1089,11372,112
2021-01-30,Sierra,091,2930,48,43,12,55,0
2021-01-30,Siskiyou,093,43540,1337,1236,201,1437,4
2021-01-30,Solano,095,438530,28216,27511,324,27835,118
2021-01-30,Sonoma,097,501317,26169,25810,140,25950,243
2021-01-30,Stanislaus,099,539301,47200,45697,4868,50565,642
2021-01-30,Sutter,101,95872,8367,8226,79,8305,87
2021-01-30,Tehama,103,63373,4351,4229,468,4697,21
2021-01-30,Trinity,105,12862,441,259,66,325,3
2021-01-30,Tulare,107,460477,45796,44203,6855,51058,615
2021-01-30,Tuolumne,109,53932,3495,3508,31,3539,36
2021-01-30,Ventura,111,848112,72074,69931,2556,72487,493
2021-01-30,Yolo,113,214977,12162,11698,171,11869,151
2021-01-30,Yuba,115,75493,5175,5042,75,5117,33
2021-01-29,Alameda,001,1643700,75223,73210,1595,74805,841
2021-01-29,Alpine,003,1148,73,72,0,72,0
2021-01-29,Amador,005,37829,3277,3134,24,3158,32
2021-01-29,Butte,007,227075,10715,10122,1480,11602,138
2021-01-29,Calaveras,009,45235,1773,1757,11,1768,21
2021-01-29,Colusa,011,21464,1774,1734,210,1944,8
2021-01-29,Contra Costa,013,1133247,58525,56318,989,57307,529
2021-01-29,Del Norte,015,27424,893,865,4,869,2
2021-01-29,El Dorado,017,186661,8592,8231,572,8803,83
2021-01-29,Fresno,019,978130,91341,87936,6997,94933,962
2021-01-29,Glenn,021,27897,2124,2061,446,2507,14
2021-01-29,Humboldt,023,135768,2832,2707,18,2725,24
2021-01-29,Imperial,025,180216,26601,26045,2404,28449,521
2021-01-29,Inyo,027,18085,1092,1048,10,1058,27
2021-01-29,Kern,029,883053,88251,85044,8556,93600,836
2021-01-29,Kings,031,150075,21136,20466,873,21339,169
2021-01-29,Lake,033,64148,2893,2792,1,2793,32
2021-01-29,Lassen,035,31185,4949,4874,88,4962,1
2021-01-29,Los Angeles,037,10098052,1121678,1078329,36478,1114807,16190
2021-01-29,Madera,039,155013,14784,14377,724,15101,94
2021-01-29,Marin,041,260295,12433,12145,142,12287,185
2021-01-29,Mariposa,043,17540,355,342,3,345,4
2021-01-29,Mendocino,045,87422,3313,3131,61,3192,36
2021-01-29,Merced,047,269075,26344,25865,771,26636,334
2021-01-29,Modoc,049,8938,315,297,100,397,1
2021-01-29,Mono,051,14174,1134,1139,16,1155,3
2021-01-29,Monterey,053,433212,39766,38539,1412,39951,277
2021-01-29,Napa,055,140530,8522,8276,33,8309,52
2021-01-29,Nevada,057,99092,3661,3487,144,3631,20
2021-01-29,Orange,059,3164182,235491,229917,9544,239461,2967
2021-01-29,Placer,061,380077,19404,18367,986,19353,203
2021-01-29,Plumas,063,18699,619,548,10,558,2
2021-01-29,Riverside,065,2383286,273311,263504,12861,276365,3008
2021-01-29,Sacramento,067,1510023,88020,86320,1070,87390,1169
2021-01-29,San Benito,069,59416,5440,5386,72,5458,48
2021-01-29,San Bernardino,071,2135413,276525,267490,8105,275595,2095
2021-01-29,San Diego,073,3302833,247641,234637,11665,246302,2571
2021-01-29,San Francisco,075,870044,31840,31294,881,32175,307
2021-01-29,San Joaquin,077,732212,62783,60899,2508,63407,858
2021-01-29,San Luis Obispo,079,281455,18172,17440,477,17917,193
2021-01-29,San Mateo,081,765935,36978,35223,359,35582,218
2021-01-29,Santa Barbara,083,443738,29499,28105,904,29009,291
2021-01-29,Santa Clara,085,1922200,102951,101010,478,101488,1273
2021-01-29,Santa Cruz,087,273765,14460,13311,696,14007,148
2021-01-29,Shasta,089,179085,10379,10220,1085,11305,112
2021-01-29,Sierra,091,2930,48,43,12,55,0
2021-01-29,Siskiyou,093,43540,1336,1227,201,1428,4
2021-01-29,Solano,095,438530,28133,27352,322,27674,116
2021-01-29,Sonoma,097,501317,26113,25710,139,25849,243
2021-01-29,Stanislaus,099,539301,47057,45466,4846,50312,642
2021-01-29,Sutter,101,95872,8348,8181,79,8260,87
2021-01-29,Tehama,103,63373,4339,4191,466,4657,20
2021-01-29,Trinity,105,12862,441,260,66,326,3
2021-01-29,Tulare,107,460477,45689,43925,6816,50741,606
2021-01-29,Tuolumne,109,53932,3485,3483,31,3514,36
2021-01-29,Ventura,111,848112,71650,69511,2542,72053,484
2021-01-29,Yolo,113,214977,12124,11612,170,11782,151
2021-01-29,Yuba,115,75493,5159,5018,75,5093,32
2021-01-28,Alameda,001,1643700,74799,72758,1587,74345,833
2021-01-28,Alpine,003,1148,73,72,0,72,0
2021-01-28,Amador,005,37829,3240,3124,24,3148,31
2021-01-28,Butte,007,227075,10674,10037,1469,11506,138
2021-01-28,Calaveras,009,45235,1760,1747,10,1757,21
2021-01-28,Colusa,011,21464,1767,1731,206,1937,8
2021-01-28,Contra Costa,013,1133247,58283,55999,979,56978,525
2021-01-28,Del Norte,015,27424,892,862,4,866,2
2021-01-28,El Dorado,017,186661,8578,8198,567,8765,79
2021-01-28,Fresno,019,978130,91053,87401,6948,94349,949
2021-01-28,Glenn,021,27897,2119,2043,439,2482,14
2021-01-28,Humboldt,023,135768,2815,2686,18,2704,24
2021-01-28,Imperial,025,180216,26557,25984,2397,28381,517
2021-01-28,Inyo,027,18085,1087,1039,10,1049,27
2021-01-28,Kern,029,883053,87922,84708,8472,93180,817
2021-01-28,Kings,031,150075,21076,20328,869,21197,167
2021-01-28,Lake,033,64148,2878,2772,1,2773,32
2021-01-28,Lassen,035,31185,4943,4865,88,4953,1
2021-01-28,Los Angeles,037,10098052,1117767,1072412,36290,1108702,15967
2021-01-28,Madera,039,155013,14728,14301,720,15021,94
2021-01-28,Marin,041,260295,12380,12079,141,12220,183
2021-01-28,Mariposa,043,17540,355,334,3,337,4
2021-01-28,Mendocino,045,87422,3296,3110,61,3171,36
2021-01-28,Merced,047,269075,26222,25620,759,26379,328
2021-01-28,Modoc,049,8938,314,297,100,397,0
2021-01-28,Mono,051,14174,1132,1131,16,1147,3
2021-01-28,Monterey,053,433212,39572,38312,1393,39705,274
2021-01-28,Napa,055,140530,8475,8233,33,8266,50
2021-01-28,Nevada,057,99092,3646,3452,143,3595,19
2021-01-28,Orange,059,3164182,234511,228636,9514,238150,2860
2021-01-28,Placer,061,380077,19344,18246,983,19229,198
2021-01-28,Plumas,063,18699,618,547,10,557,2
2021-01-28,Riverside,065,2383286,272531,262342,12813,275155,2981
2021-01-28,Sacramento,067,1510023,87657,85698,1059,86757,1149
2021-01-28,San Benito,069,59416,5422,5344,71,5415,47
2021-01-28,San Bernardino,071,2135413,275822,266456,8084,274540,2057
2021-01-28,San Diego,073,3302833,246488,232967,11576,244543,2534
2021-01-28,San Francisco,075,870044,31703,31193,865,32058,290
2021-01-28,San Joaquin,077,732212,62516,60627,2493,63120,854
2021-01-28,San Luis Obispo,079,281455,18072,17279,475,17754,189
2021-01-28,San Mateo,081,765935,36809,34931,343,35274,218
2021-01-28,Santa Barbara,083,443738,29275,27674,891,28565,284
2021-01-28,Santa Clara,085,1922200,102484,100470,476,100946,1219
2021-01-28,Santa Cruz,087,273765,14371,13188,690,13878,145
2021-01-28,Shasta,089,179085,10345,10176,1077,11253,110
2021-01-28,Sierra,091,2930,48,43,12,55,0
2021-01-28,Siskiyou,093,43540,1329,1218,199,1417,4
2021-01-28,Solano,095,438530,27973,27163,321,27484,114
2021-01-28,Sonoma,097,501317,26022,25564,139,25703,236
2021-01-28,Stanislaus,099,539301,46849,45162,4826,49988,640
2021-01-28,Sutter,101,95872,8301,8136,79,8215,85
2021-01-28,Tehama,103,63373,4316,4163,463,4626,20
2021-01-28,Trinity,105,12862,439,260,66,326,3
2021-01-28,Tulare,107,460477,45533,43742,6738,50480,595
2021-01-28,Tuolumne,109,53932,3471,3472,31,3503,32
2021-01-28,Ventura,111,848112,71137,68896,2525,71421,475
2021-01-28,Yolo,113,214977,12081,11500,165,11665,151
2021-01-28,Yuba,115,75493,5143,4994,74,5068,32
2021-01-27,Alameda,001,1643700,74381,72188,1579,73767,815
2021-01-27,Alpine,003,1148,73,72,0,72,0
2021-01-27,Amador,005,37829,3224,3116,24,3140,31
2021-01-27,Butte,007,227075,10635,9988,1456,11444,138
2021-01-27,Calaveras,009,45235,1751,1737,10,1747,21
2021-01-27,Colusa,011,21464,1761,1724,204,1928,8
2021-01-27,Contra Costa,013,1133247,57984,55578,976,56554,507
2021-01-27,Del Norte,015,27424,891,859,4,863,2
2021-01-27,El Dorado,017,186661,8552,8141,566,8707,76
2021-01-27,Fresno,019,978130,90761,86886,6906,93792,938
2021-01-27,Glenn,021,27897,2115,2042,438,2480,14
2021-01-27,Humboldt,023,135768,2793,2630,18,2648,24
2021-01-27,Imperial,025,180216,26503,25861,2382,28243,504
2021-01-27,Inyo,027,18085,1083,1023,10,1033,27
2021-01-27,Kern,029,883053,87610,84244,8402,92646,809
2021-01-27,Kings,031,150075,20970,20211,861,21072,167
2021-01-27,Lake,033,64148,2858,2750,1,2751,32
2021-01-27,Lassen,035,31185,4937,4851,88,4939,1
2021-01-27,Los Angeles,037,10098052,1112956,1066569,36081,1102650,15757
2021-01-27,Madera,039,155013,14687,14194,715,14909,86
2021-01-27,Marin,041,260295,12343,12028,140,12168,180
2021-01-27,Mariposa,043,17540,355,333,3,336,4
2021-01-27,Mendocino,045,87422,3276,3095,61,3156,36
2021-01-27,Merced,047,269075,26063,25439,748,26187,315
2021-01-27,Modoc,049,8938,314,297,97,394,0
2021-01-27,Mono,051,14174,1130,1131,16,1147,3
2021-01-27,Monterey,053,433212,39364,38139,1374,39513,268
2021-01-27,Napa,055,140530,8402,8187,33,8220,46
2021-01-27,Nevada,057,99092,3624,3431,143,3574,18
2021-01-27,Orange,059,3164182,233393,227110,9460,236570,2832
2021-01-27,Placer,061,380077,19274,18106,972,19078,198
2021-01-27,Plumas,063,18699,618,544,10,554,2
2021-01-27,Riverside,065,2383286,271334,260796,12761,273557,2931
2021-01-27,Sacramento,067,1510023,87297,85428,1048,86476,1142
2021-01-27,San Benito,069,59416,5407,5284,71,5355,47
2021-01-27,San Bernardino,071,2135413,274970,265153,8053,273206,2019
2021-01-27,San Diego,073,3302833,245159,231478,11471,242949,2465
2021-01-27,San Francisco,075,870044,31559,31082,858,31940,287
2021-01-27,San Joaquin,077,732212,62246,60131,2472,62603,853
2021-01-27,San Luis Obispo,079,281455,17964,17119,471,17590,188
2021-01-27,San Mateo,081,765935,36654,34619,340,34959,216
2021-01-27,Santa Barbara,083,443738,29098,27435,885,28320,282
2021-01-27,Santa Clara,085,1922200,102081,99732,472,100204,1184
2021-01-27,Santa Cruz,087,273765,14301,13111,687,13798,143
2021-01-27,Shasta,089,179085,10311,10106,1071,11177,105
2021-01-27,Sierra,091,2930,48,44,12,56,0
2021-01-27,Siskiyou,093,43540,1324,1214,196,1410,4
2021-01-27,Solano,095,438530,27796,26982,314,27296,112
2021-01-27,Sonoma,097,501317,25923,25361,135,25496,237
2021-01-27,Stanislaus,099,539301,46665,44874,4800,49674,624
2021-01-27,Sutter,101,95872,8257,8093,78,8171,83
2021-01-27,Tehama,103,63373,4296,4133,459,4592,20
2021-01-27,Trinity,105,12862,439,260,66,326,3
2021-01-27,Tulare,107,460477,45346,43462,6667,50129,583
2021-01-27,Tuolumne,109,53932,3461,3464,31,3495,32
2021-01-27,Ventura,111,848112,70664,68291,2500,70791,468
2021-01-27,Yolo,113,214977,12033,11427,161,11588,151
2021-01-27,Yuba,115,75493,5127,4968,74,5042,32
2021-01-26,Alameda,001,1643700,74009,71851,1562,73413,789
2021-01-26,Alpine,003,1148,73,72,0,72,0
2021-01-26,Amador,005,37829,3213,3113,24,3137,31
2021-01-26,Butte,007,227075,10593,9943,1450,11393,136
2021-01-26,Calaveras,009,45235,1741,1723,10,1733,21
2021-01-26,Colusa,011,21464,1754,1719,201,1920,8
2021-01-26,Contra Costa,013,1133247,57706,55337,968,56305,491
2021-01-26,Del Norte,015,27424,890,856,4,860,2
2021-01-26,El Dorado,017,186661,8526,8115,563,8678,71
2021-01-26,Fresno,019,978130,90403,86673,6862,93535,923
2021-01-26,Glenn,021,27897,2105,2034,433,2467,13
2021-01-26,Humboldt,023,135768,2772,2612,17,2629,24
2021-01-26,Imperial,025,180216,26430,25812,2369,28181,498
2021-01-26,Inyo,027,18085,1076,1018,10,1028,27
2021-01-26,Kern,029,883053,87187,83868,8325,92193,790
2021-01-26,Kings,031,150075,20911,20156,856,21012,159
2021-01-26,Lake,033,64148,2849,2748,1,2749,32
2021-01-26,Lassen,035,31185,4931,4844,88,4932,1
2021-01-26,Los Angeles,037,10098052,1107673,1060492,35875,1096367,15458
2021-01-26,Madera,039,155013,14630,14130,709,14839,86
2021-01-26,Marin,041,260295,12298,11993,138,12131,179
2021-01-26,Mariposa,043,17540,353,332,3,335,3
2021-01-26,Mendocino,045,87422,3250,3076,60,3136,36
2021-01-26,Merced,047,269075,25923,25359,740,26099,309
2021-01-26,Modoc,049,8938,307,291,96,387,0
2021-01-26,Mono,051,14174,1128,1120,16,1136,3
2021-01-26,Monterey,053,433212,39170,37963,1354,39317,255
2021-01-26,Napa,055,140530,8345,8145,33,8178,43
2021-01-26,Nevada,057,99092,3617,3410,142,3552,18
2021-01-26,Orange,059,3164182,232269,225987,9415,235402,2760
2021-01-26,Placer,061,380077,19198,18016,970,18986,193
2021-01-26,Plumas,063,18699,616,536,10,546,2
2021-01-26,Riverside,065,2383286,269966,259399,12697,272096,2898
2021-01-26,Sacramento,067,1510023,86939,85062,1041,86103,1127
2021-01-26,San Benito,069,59416,5393,5251,70,5321,45
2021-01-26,San Bernardino,071,2135413,273969,263736,8009,271745,1970
2021-01-26,San Diego,073,3302833,243664,230063,11369,241432,2421
2021-01-26,San Francisco,075,870044,31427,30874,839,31713,286
2021-01-26,San Joaquin,077,732212,61992,59889,2456,62345,847
2021-01-26,San Luis Obispo,079,281455,17883,17016,468,17484,186
2021-01-26,San Mateo,081,765935,36460,34441,329,34770,213
2021-01-26,Santa Barbara,083,443738,28924,27321,873,28194,273
2021-01-26,Santa Clara,085,1922200,101602,99215,469,99684,1171
2021-01-26,Santa Cruz,087,273765,14235,13045,681,13726,134
2021-01-26,Shasta,089,179085,10276,10036,1063,11099,103
2021-01-26,Sierra,091,2930,48,43,12,55,0
2021-01-26,Siskiyou,093,43540,1309,1208,194,1402,4
2021-01-26,Solano,095,438530,27640,26858,308,27166,110
2021-01-26,Sonoma,097,501317,25804,25273,133,25406,236
2021-01-26,Stanislaus,099,539301,46483,44703,4758,49461,599
2021-01-26,Sutter,101,95872,8214,8067,78,8145,83
2021-01-26,Tehama,103,63373,4263,4115,459,4574,20
2021-01-26,Trinity,105,12862,439,260,66,326,3
2021-01-26,Tulare,107,460477,45143,43394,6597,49991,579
2021-01-26,Tuolumne,109,53932,3451,3451,31,3482,30
2021-01-26,Ventura,111,848112,70131,67526,2474,70000,448
2021-01-26,Yolo,113,214977,11988,11361,158,11519,148
2021-01-26,Yuba,115,75493,5102,4944,72,5016,31
2021-01-25,Alameda,001,1643700,73580,71255,1552,72807,780
2021-01-25,Alpine,003,1148,73,72,0,72,0
2021-01-25,Amador,005,37829,3173,3074,24,3098,30
2021-01-25,Butte,007,227075,10526,9865,1442,11307,133
2021-01-25,Calaveras,009,45235,1726,1713,10,1723,21
2021-01-25,Colusa,011,21464,1742,1709,197,1906,8
2021-01-25,Contra Costa,013,1133247,57351,54989,961,55950,488
2021-01-25,Del Norte,015,27424,889,855,4,859,2
2021-01-25,El Dorado,017,186661,8501,8060,563,8623,66
2021-01-25,Fresno,019,978130,90032,86336,6830,93166,913
2021-01-25,Glenn,021,27897,2096,2028,433,2461,13
2021-01-25,Humboldt,023,135768,2738,2587,17,2604,24
2021-01-25,Imperial,025,180216,26381,25745,2361,28106,491
2021-01-25,Inyo,027,18085,1070,1015,10,1025,27
2021-01-25,Kern,029,883053,86800,83401,8239,91640,787
2021-01-25,Kings,031,150075,20791,20067,852,20919,159
2021-01-25,Lake,033,64148,2830,2729,1,2730,32
2021-01-25,Lassen,035,31185,4904,4835,88,4923,1
2021-01-25,Los Angeles,037,10098052,1101717,1055181,35646,1090827,15163
2021-01-25,Madera,039,155013,14576,14068,704,14772,86
2021-01-25,Marin,041,260295,12246,11923,134,12057,177
2021-01-25,Mariposa,043,17540,350,331,3,334,3
2021-01-25,Mendocino,045,87422,3239,3054,60,3114,35
2021-01-25,Merced,047,269075,25784,25181,731,25912,305
2021-01-25,Modoc,049,8938,306,288,92,380,0
2021-01-25,Mono,051,14174,1125,1114,15,1129,3
2021-01-25,Monterey,053,433212,38917,37726,1335,39061,255
2021-01-25,Napa,055,140530,8311,8057,32,8089,43
2021-01-25,Nevada,057,99092,3603,3365,142,3507,18
2021-01-25,Orange,059,3164182,231060,225105,9369,234474,2696
2021-01-25,Placer,061,380077,19110,17936,955,18891,193
2021-01-25,Plumas,063,18699,613,533,10,543,2
2021-01-25,Riverside,065,2383286,268227,258082,12641,270723,2789
2021-01-25,Sacramento,067,1510023,86497,84653,1033,85686,1118
2021-01-25,San Benito,069,59416,5357,5238,69,5307,43
2021-01-25,San Bernardino,071,2135413,273024,263174,7973,271147,1947
2021-01-25,San Diego,073,3302833,242051,228630,11297,239927,2375
2021-01-25,San Francisco,075,870044,31277,30734,816,31550,288
2021-01-25,San Joaquin,077,732212,61698,59291,2431,61722,838
2021-01-25,San Luis Obispo,079,281455,17749,16868,463,17331,179
2021-01-25,San Mateo,081,765935,36226,34187,323,34510,213
2021-01-25,Santa Barbara,083,443738,28689,27065,863,27928,269
2021-01-25,Santa Clara,085,1922200,101035,98647,461,99108,1143
2021-01-25,Santa Cruz,087,273765,14148,12973,676,13649,133
2021-01-25,Shasta,089,179085,10235,9991,1052,11043,103
2021-01-25,Sierra,091,2930,48,42,12,54,0
2021-01-25,Siskiyou,093,43540,1301,1205,191,1396,4
2021-01-25,Solano,095,438530,27472,26648,307,26955,109
2021-01-25,Sonoma,097,501317,25697,25160,131,25291,233
2021-01-25,Stanislaus,099,539301,46237,44293,4715,49008,599
2021-01-25,Sutter,101,95872,8171,8023,78,8101,83
2021-01-25,Tehama,103,63373,4236,4082,455,4537,20
2021-01-25,Trinity,105,12862,439,262,66,328,3
2021-01-25,Tulare,107,460477,44927,43124,6492,49616,578
2021-01-25,Tuolumne,109,53932,3442,3422,31,3453,29
2021-01-25,Ventura,111,848112,69497,66910,2457,69367,439
2021-01-25,Yolo,113,214977,11902,11276,157,11433,140
2021-01-25,Yuba,115,75493,5080,4900,70,4970,31
2021-01-24,Alameda,001,1643700,73075,70823,1541,72364,780
2021-01-24,Alpine,003,1148,73,72,0,72,0
2021-01-24,Amador,005,37829,3140,3054,24,3078,30
2021-01-24,Butte,007,227075,10442,9820,1425,11245,133
2021-01-24,Calaveras,009,45235,1713,1704,10,1714,21
2021-01-24,Colusa,011,21464,1731,1689,191,1880,8
2021-01-24,Contra Costa,013,1133247,56964,54694,948,55642,488
2021-01-24,Del Norte,015,27424,885,855,4,859,2
2021-01-24,El Dorado,017,186661,8466,8003,559,8562,66
2021-01-24,Fresno,019,978130,89594,85808,6791,92599,911
2021-01-24,Glenn,021,27897,2088,2026,432,2458,13
2021-01-24,Humboldt,023,135768,2699,2562,17,2579,24
2021-01-24,Imperial,025,180216,26286,25707,2337,28044,488
2021-01-24,Inyo,027,18085,1054,1007,10,1017,27
2021-01-24,Kern,029,883053,86363,83125,8131,91256,785
2021-01-24,Kings,031,150075,20663,19988,836,20824,159
2021-01-24,Lake,033,64148,2812,2724,0,2724,32
2021-01-24,Lassen,035,31185,4893,4828,85,4913,1
2021-01-24,Los Angeles,037,10098052,1095311,1048757,35335,1084092,15119
2021-01-24,Madera,039,155013,14486,14000,698,14698,86
2021-01-24,Marin,041,260295,12179,11872,132,12004,177
2021-01-24,Mariposa,043,17540,346,322,3,325,3
2021-01-24,Mendocino,045,87422,3218,3037,59,3096,33
2021-01-24,Merced,047,269075,25573,25047,721,25768,305
2021-01-24,Modoc,049,8938,306,285,92,377,0
2021-01-24,Mono,051,14174,1118,1113,15,1128,3
2021-01-24,Monterey,053,433212,38646,37527,1301,38828,254
2021-01-24,Napa,055,140530,8269,8005,32,8037,43
2021-01-24,Nevada,057,99092,3561,3349,140,3489,18
2021-01-24,Orange,059,3164182,229629,223853,9299,233152,2632
2021-01-24,Placer,061,380077,18997,17839,935,18774,193
2021-01-24,Plumas,063,18699,610,532,10,542,2
2021-01-24,Riverside,065,2383286,266585,256767,12564,269331,2761
2021-01-24,Sacramento,067,1510023,85943,84110,1025,85135,1112
2021-01-24,San Benito,069,59416,5315,5223,66,5289,43
2021-01-24,San Bernardino,071,2135413,271698,262370,7919,270289,1935
2021-01-24,San Diego,073,3302833,240357,227193,11166,238359,2375
2021-01-24,San Francisco,075,870044,31089,30559,794,31353,275
2021-01-24,San Joaquin,077,732212,61269,59021,2415,61436,838
2021-01-24,San Luis Obispo,079,281455,17625,16758,461,17219,179
2021-01-24,San Mateo,081,765935,35980,33956,318,34274,213
2021-01-24,Santa Barbara,083,443738,28373,26735,853,27588,269
2021-01-24,Santa Clara,085,1922200,100387,98103,456,98559,1109
2021-01-24,Santa Cruz,087,273765,14062,12905,668,13573,133
2021-01-24,Shasta,089,179085,10164,9978,1043,11021,103
2021-01-24,Sierra,091,2930,47,42,12,54,0
2021-01-24,Siskiyou,093,43540,1294,1195,191,1386,4
2021-01-24,Solano,095,438530,27284,26515,303,26818,109
2021-01-24,Sonoma,097,501317,25535,25045,130,25175,233
2021-01-24,Stanislaus,099,539301,45928,44031,4653,48684,599
2021-01-24,Sutter,101,95872,8107,7980,78,8058,83
2021-01-24,Tehama,103,63373,4196,4062,450,4512,20
2021-01-24,Trinity,105,12862,439,262,66,328,3
2021-01-24,Tulare,107,460477,44708,43006,6399,49405,577
2021-01-24,Tuolumne,109,53932,3432,3416,31,3447,29
2021-01-24,Ventura,111,848112,68786,66347,2433,68780,439
2021-01-24,Yolo,113,214977,11818,11210,153,11363,140
2021-01-24,Yuba,115,75493,5040,4875,69,4944,31
2021-01-23,Alameda,001,1643700,72826,70080,1534,71614,780
2021-01-23,Alpine,003,1148,73,72,0,72,0
2021-01-23,Amador,005,37829,3137,3049,24,3073,30
2021-01-23,Butte,007,227075,10413,9757,1422,11179,133
2021-01-23,Calaveras,009,45235,1710,1695,10,1705,21
2021-01-23,Colusa,011,21464,1727,1672,190,1862,8
2021-01-23,Contra Costa,013,1133247,56751,54162,941,55103,487
2021-01-23,Del Norte,015,27424,884,855,4,859,2
2021-01-23,El Dorado,017,186661,8450,7984,557,8541,66
2021-01-23,Fresno,019,978130,89408,85274,6762,92036,910
2021-01-23,Glenn,021,27897,2085,2015,428,2443,13
2021-01-23,Humboldt,023,135768,2680,2493,16,2509,23
2021-01-23,Imperial,025,180216,26252,25581,2327,27908,487
2021-01-23,Inyo,027,18085,1045,987,10,997,27
2021-01-23,Kern,029,883053,86119,82602,8063,90665,783
2021-01-23,Kings,031,150075,20619,19904,834,20738,159
2021-01-23,Lake,033,64148,2804,2673,0,2673,32
2021-01-23,Lassen,035,31185,4892,4816,82,4898,1
2021-01-23,Los Angeles,037,10098052,1092083,1040961,35173,1076134,15034
2021-01-23,Madera,039,155013,14450,13858,695,14553,86
2021-01-23,Marin,041,260295,12123,11796,130,11926,177
2021-01-23,Mariposa,043,17540,346,323,3,326,3
2021-01-23,Mendocino,045,87422,3204,2991,59,3050,32
2021-01-23,Merced,047,269075,25481,24787,706,25493,303
2021-01-23,Modoc,049,8938,306,285,92,377,0
2021-01-23,Mono,051,14174,1116,1111,15,1126,3
2021-01-23,Monterey,053,433212,38563,37165,1296,38461,253
2021-01-23,Napa,055,140530,8244,7893,32,7925,43
2021-01-23,Nevada,057,99092,3550,3332,139,3471,18
2021-01-23,Orange,059,3164182,228861,221722,9259,230981,2618
2021-01-23,Placer,061,380077,18946,17617,930,18547,193
2021-01-23,Plumas,063,18699,609,528,10,538,2
2021-01-23,Riverside,065,2383286,265685,253636,12512,266148,2733
2021-01-23,Sacramento,067,1510023,85714,83408,1022,84430,1108
2021-01-23,San Benito,069,59416,5291,5166,65,5231,43
2021-01-23,San Bernardino,071,2135413,271148,260381,7888,268269,1922
2021-01-23,San Diego,073,3302833,239296,225556,11094,236650,2344
2021-01-23,San Francisco,075,870044,30984,30308,765,31073,268
2021-01-23,San Joaquin,077,732212,61143,58164,2405,60569,836
2021-01-23,San Luis Obispo,079,281455,17561,16652,458,17110,176
2021-01-23,San Mateo,081,765935,35804,33696,307,34003,213
2021-01-23,Santa Barbara,083,443738,28188,26234,844,27078,264
2021-01-23,Santa Clara,085,1922200,100032,97189,455,97644,1086
2021-01-23,Santa Cruz,087,273765,14004,12771,665,13436,127
2021-01-23,Shasta,089,179085,10135,9951,1042,10993,103
2021-01-23,Sierra,091,2930,47,41,12,53,0
2021-01-23,Siskiyou,093,43540,1284,1190,190,1380,4
2021-01-23,Solano,095,438530,27191,26261,301,26562,107
2021-01-23,Sonoma,097,501317,25455,24790,130,24920,232
2021-01-23,Stanislaus,099,539301,45761,43723,4622,48345,599
2021-01-23,Sutter,101,95872,8089,7943,77,8020,80
2021-01-23,Tehama,103,63373,4177,4006,449,4455,20
2021-01-23,Trinity,105,12862,439,262,66,328,3
2021-01-23,Tulare,107,460477,44555,42661,6339,49000,575
2021-01-23,Tuolumne,109,53932,3425,3407,31,3438,29
2021-01-23,Ventura,111,848112,68336,65581,2410,67991,438
2021-01-23,Yolo,113,214977,11776,11087,149,11236,141
2021-01-23,Yuba,115,75493,5028,4831,68,4899,30
2021-01-22,Alameda,001,1643700,72505,69693,1528,71221,751
2021-01-22,Alpine,003,1148,73,71,0,71,0
2021-01-22,Amador,005,37829,3132,3042,24,3066,30
2021-01-22,Butte,007,227075,10368,9711,1409,11120,133
2021-01-22,Calaveras,009,45235,1701,1672,10,1682,21
2021-01-22,Colusa,011,21464,1725,1668,190,1858,7
2021-01-22,Contra Costa,013,1133247,56515,53887,935,54822,485
2021-01-22,Del Norte,015,27424,883,852,4,856,2
2021-01-22,El Dorado,017,186661,8416,7877,554,8431,64
2021-01-22,Fresno,019,978130,89067,84744,6734,91478,892
2021-01-22,Glenn,021,27897,2080,1985,422,2407,13
2021-01-22,Humboldt,023,135768,2656,2452,16,2468,23
2021-01-22,Imperial,025,180216,26217,25562,2312,27874,474
2021-01-22,Inyo,027,18085,1034,961,10,971,26
2021-01-22,Kern,029,883053,85822,82101,7987,90088,771
2021-01-22,Kings,031,150075,20543,19760,830,20590,159
2021-01-22,Lake,033,64148,2792,2681,0,2681,32
2021-01-22,Lassen,035,31185,4883,4765,81,4846,1
2021-01-22,Los Angeles,037,10098052,1087618,1031177,34982,1066159,14777
2021-01-22,Madera,039,155013,14390,13781,694,14475,86
2021-01-22,Marin,041,260295,12087,11769,128,11897,177
2021-01-22,Mariposa,043,17540,346,323,3,326,3
2021-01-22,Mendocino,045,87422,3179,2994,58,3052,32
2021-01-22,Merced,047,269075,25358,24616,698,25314,290
2021-01-22,Modoc,049,8938,306,285,92,377,0
2021-01-22,Mono,051,14174,1116,1108,15,1123,3
2021-01-22,Monterey,053,433212,38411,36909,1291,38200,253
2021-01-22,Napa,055,140530,8198,7828,32,7860,40
2021-01-22,Nevada,057,99092,3525,3296,138,3434,18
2021-01-22,Orange,059,3164182,227909,220384,9212,229596,2542
2021-01-22,Placer,061,380077,18889,17636,915,18551,193
2021-01-22,Plumas,063,18699,607,522,10,532,2
2021-01-22,Riverside,065,2383286,264540,252440,12444,264884,2710
2021-01-22,Sacramento,067,1510023,85384,82861,1014,83875,1094
2021-01-22,San Benito,069,59416,5265,5143,65,5208,43
2021-01-22,San Bernardino,071,2135413,270332,259121,7855,266976,1849
2021-01-22,San Diego,073,3302833,238056,222576,11029,233605,2301
2021-01-22,San Francisco,075,870044,30871,30027,748,30775,266
2021-01-22,San Joaquin,077,732212,60962,58485,2393,60878,812
2021-01-22,San Luis Obispo,079,281455,17472,16336,455,16791,172
2021-01-22,San Mateo,081,765935,35582,33401,304,33705,211
2021-01-22,Santa Barbara,083,443738,27987,25989,833,26822,256
2021-01-22,Santa Clara,085,1922200,99593,96435,452,96887,1062
2021-01-22,Santa Cruz,087,273765,13946,12687,661,13348,123
2021-01-22,Shasta,089,179085,10115,9866,1040,10906,103
2021-01-22,Sierra,091,2930,47,40,12,52,0
2021-01-22,Siskiyou,093,43540,1280,1182,188,1370,4
2021-01-22,Solano,095,438530,27101,26048,299,26347,107
2021-01-22,Sonoma,097,501317,25370,24659,130,24789,232
2021-01-22,Stanislaus,099,539301,45595,43489,4596,48085,599
2021-01-22,Sutter,101,95872,8064,7878,77,7955,80
2021-01-22,Tehama,103,63373,4161,3993,447,4440,19
2021-01-22,Trinity,105,12862,438,263,66,329,3
2021-01-22,Tulare,107,460477,44375,42307,6269,48576,573
2021-01-22,Tuolumne,109,53932,3397,3379,31,3410,29
2021-01-22,Ventura,111,848112,67830,64404,2392,66796,426
2021-01-22,Yolo,113,214977,11742,11014,142,11156,141
2021-01-22,Yuba,115,75493,5004,4789,66,4855,29
2021-01-21,Alameda,001,1643700,72069,69314,1511,70825,739
2021-01-21,Alpine,003,1148,73,71,0,71,0
2021-01-21,Amador,005,37829,3110,3038,24,3062,29
2021-01-21,Butte,007,227075,10303,9643,1403,11046,130
2021-01-21,Calaveras,009,45235,1692,1647,10,1657,21
2021-01-21,Colusa,011,21464,1718,1662,187,1849,7
2021-01-21,Contra Costa,013,1133247,56103,53595,921,54516,478
2021-01-21,Del Norte,015,27424,881,850,3,853,2
2021-01-21,El Dorado,017,186661,8367,7823,551,8374,58
2021-01-21,Fresno,019,978130,88663,84137,6694,90831,889
2021-01-21,Glenn,021,27897,2072,1964,417,2381,13
2021-01-21,Humboldt,023,135768,2633,2423,16,2439,23
2021-01-21,Imperial,025,180216,26127,25509,2298,27807,463
2021-01-21,Inyo,027,18085,1025,946,10,956,26
2021-01-21,Kern,029,883053,85410,81328,7872,89200,769
2021-01-21,Kings,031,150075,20472,19633,812,20445,158
2021-01-21,Lake,033,64148,2776,2669,0,2669,32
2021-01-21,Lassen,035,31185,4876,4763,81,4844,1
2021-01-21,Los Angeles,037,10098052,1080955,1023055,34662,1057717,14537
2021-01-21,Madera,039,155013,14322,13664,686,14350,86
2021-01-21,Marin,041,260295,12032,11732,126,11858,173
2021-01-21,Mariposa,043,17540,342,322,3,325,3
2021-01-21,Mendocino,045,87422,3156,2967,56,3023,32
2021-01-21,Merced,047,269075,25203,24426,691,25117,245
2021-01-21,Modoc,049,8938,303,284,91,375,0
2021-01-21,Mono,051,14174,1111,1104,15,1119,3
2021-01-21,Monterey,053,433212,38130,36149,1281,37430,253
2021-01-21,Napa,055,140530,8134,7774,32,7806,40
2021-01-21,Nevada,057,99092,3496,3274,137,3411,18
2021-01-21,Orange,059,3164182,226531,218867,9157,228024,2540
2021-01-21,Placer,061,380077,18810,17553,911,18464,190
2021-01-21,Plumas,063,18699,603,518,10,528,2
2021-01-21,Riverside,065,2383286,262818,251007,12364,263371,2676
2021-01-21,Sacramento,067,1510023,84905,82303,993,83296,1084
2021-01-21,San Benito,069,59416,5235,5100,60,5160,43
2021-01-21,San Bernardino,071,2135413,268987,257754,7790,265544,1832
2021-01-21,San Diego,073,3302833,236281,219729,10922,230651,2222
2021-01-21,San Francisco,075,870044,30694,29801,714,30515,266
2021-01-21,San Joaquin,077,732212,60653,58270,2373,60643,806
2021-01-21,San Luis Obispo,079,281455,17386,16153,447,16600,169
2021-01-21,San Mateo,081,765935,35336,33156,291,33447,210
2021-01-21,Santa Barbara,083,443738,27699,25654,820,26474,253
2021-01-21,Santa Clara,085,1922200,98969,96028,445,96473,1062
2021-01-21,Santa Cruz,087,273765,13861,12548,651,13199,119
2021-01-21,Shasta,089,179085,10072,9795,1025,10820,98
2021-01-21,Sierra,091,2930,47,40,12,52,0
2021-01-21,Siskiyou,093,43540,1277,1178,185,1363,4
2021-01-21,Solano,095,438530,26921,25885,295,26180,106
2021-01-21,Sonoma,097,501317,25230,24440,128,24568,230
2021-01-21,Stanislaus,099,539301,45297,43223,4552,47775,599
2021-01-21,Sutter,101,95872,8030,7822,77,7899,80
2021-01-21,Tehama,103,63373,4122,3938,447,4385,19
2021-01-21,Trinity,105,12862,438,261,66,327,3
2021-01-21,Tulare,107,460477,44164,42082,6193,48275,569
2021-01-21,Tuolumne,109,53932,3387,3365,30,3395,29
2021-01-21,Ventura,111,848112,67136,63995,2371,66366,420
2021-01-21,Yolo,113,214977,11651,10940,134,11074,141
2021-01-21,Yuba,115,75493,4972,4757,65,4822,29
2021-01-20,Alameda,001,1643700,71592,68785,1496,70281,702
2021-01-20,Alpine,003,1148,73,71,0,71,0
2021-01-20,Amador,005,37829,3079,3036,24,3060,29
2021-01-20,Butte,007,227075,10247,9582,1392,10974,130
2021-01-20,Calaveras,009,45235,1670,1637,9,1646,21
2021-01-20,Colusa,011,21464,1701,1630,182,1812,7
2021-01-20,Contra Costa,013,1133247,55646,53108,914,54022,461
2021-01-20,Del Norte,015,27424,880,848,3,851,2
2021-01-20,El Dorado,017,186661,8317,7785,548,8333,53
2021-01-20,Fresno,019,978130,88244,83591,6641,90232,872
2021-01-20,Glenn,021,27897,2053,1955,415,2370,13
2021-01-20,Humboldt,023,135768,2590,2390,16,2406,22
2021-01-20,Imperial,025,180216,26055,25380,2263,27643,461
2021-01-20,Inyo,027,18085,1015,901,10,911,26
2021-01-20,Kern,029,883053,84961,80701,7764,88465,754
2021-01-20,Kings,031,150075,20382,19522,804,20326,146
2021-01-20,Lake,033,64148,2755,2646,0,2646,31
2021-01-20,Lassen,035,31185,4868,4758,79,4837,1
2021-01-20,Los Angeles,037,10098052,1073458,1015608,34375,1049983,14299
2021-01-20,Madera,039,155013,14258,13585,681,14266,86
2021-01-20,Marin,041,260295,11978,11684,124,11808,171
2021-01-20,Mariposa,043,17540,340,322,3,325,3
2021-01-20,Mendocino,045,87422,3141,2957,56,3013,32
2021-01-20,Merced,047,269075,25030,24220,669,24889,243
2021-01-20,Modoc,049,8938,302,282,91,373,0
2021-01-20,Mono,051,14174,1104,1105,14,1119,3
2021-01-20,Monterey,053,433212,37818,35960,1261,37221,249
2021-01-20,Napa,055,140530,8065,7731,31,7762,40
2021-01-20,Nevada,057,99092,3464,3238,137,3375,18
2021-01-20,Orange,059,3164182,224996,216893,9095,225988,2500
2021-01-20,Placer,061,380077,18716,17455,893,18348,186
2021-01-20,Plumas,063,18699,601,512,10,522,2
2021-01-20,Riverside,065,2383286,260773,248686,12277,260963,2615
2021-01-20,Sacramento,067,1510023,84345,81687,983,82670,1072
2021-01-20,San Benito,069,59416,5204,5036,59,5095,35
2021-01-20,San Bernardino,071,2135413,267633,255921,7742,263663,1801
2021-01-20,San Diego,073,3302833,234426,218553,10818,229371,2174
2021-01-20,San Francisco,075,870044,30506,29665,694,30359,262
2021-01-20,San Joaquin,077,732212,60249,58025,2364,60389,783
2021-01-20,San Luis Obispo,079,281455,17205,15936,438,16374,164
2021-01-20,San Mateo,081,765935,35109,32929,290,33219,210
2021-01-20,Santa Barbara,083,443738,27382,25312,808,26120,248
2021-01-20,Santa Clara,085,1922200,98287,94995,443,95438,1040
2021-01-20,Santa Cruz,087,273765,13754,12460,638,13098,107
2021-01-20,Shasta,089,179085,10020,9697,1015,10712,98
2021-01-20,Sierra,091,2930,47,40,12,52,0
2021-01-20,Siskiyou,093,43540,1270,1163,184,1347,4
2021-01-20,Solano,095,438530,26728,25659,291,25950,106
2021-01-20,Sonoma,097,501317,25093,24262,126,24388,223
2021-01-20,Stanislaus,099,539301,45017,42955,4514,47469,585
2021-01-20,Sutter,101,95872,7979,7772,75,7847,80
2021-01-20,Tehama,103,63373,4096,3892,445,4337,19
2021-01-20,Trinity,105,12862,438,260,66,326,3
2021-01-20,Tulare,107,460477,43906,41799,6100,47899,559
2021-01-20,Tuolumne,109,53932,3373,3355,29,3384,29
2021-01-20,Ventura,111,848112,66176,63413,2342,65755,395
2021-01-20,Yolo,113,214977,11583,10852,131,10983,141
2021-01-20,Yuba,115,75493,4945,4729,65,4794,29
2021-01-19,Alameda,001,1643700,70948,68434,1487,69921,680
2021-01-19,Alpine,003,1148,73,71,0,71,0
2021-01-19,Amador,005,37829,3070,3024,24,3048,28
2021-01-19,Butte,007,227075,10183,9528,1377,10905,129
2021-01-19,Calaveras,009,45235,1655,1621,8,1629,21
2021-01-19,Colusa,011,21464,1679,1617,179,1796,7
2021-01-19,Contra Costa,013,1133247,55153,52730,903,53633,448
2021-01-19,Del Norte,015,27424,878,843,3,846,2
2021-01-19,El Dorado,017,186661,8257,7743,540,8283,47
2021-01-19,Fresno,019,978130,87722,83200,6589,89789,857
2021-01-19,Glenn,021,27897,2041,1948,410,2358,13
2021-01-19,Humboldt,023,135768,2566,2359,13,2372,22
2021-01-19,Imperial,025,180216,25974,25333,2247,27580,452
2021-01-19,Inyo,027,18085,1008,891,10,901,26
2021-01-19,Kern,029,883053,84372,80272,7656,87928,742
2021-01-19,Kings,031,150075,20243,19375,793,20168,143
2021-01-19,Lake,033,64148,2740,2625,0,2625,31
2021-01-19,Lassen,035,31185,4861,4753,79,4832,1
2021-01-19,Los Angeles,037,10098052,1064781,1010375,34104,1044479,14014
2021-01-19,Madera,039,155013,14142,13528,674,14202,86
2021-01-19,Marin,041,260295,11921,11654,120,11774,169
2021-01-19,Mariposa,043,17540,340,322,3,325,3
2021-01-19,Mendocino,045,87422,3124,2930,56,2986,32
2021-01-19,Merced,047,269075,24818,24108,660,24768,242
2021-01-19,Modoc,049,8938,301,281,91,372,0
2021-01-19,Mono,051,14174,1103,1106,14,1120,3
2021-01-19,Monterey,053,433212,37516,35840,1240,37080,248
2021-01-19,Napa,055,140530,8006,7672,31,7703,38
2021-01-19,Nevada,057,99092,3446,3216,135,3351,18
2021-01-19,Orange,059,3164182,223260,215244,9026,224270,2468
2021-01-19,Placer,061,380077,18619,17348,883,18231,182
2021-01-19,Plumas,063,18699,594,509,10,519,2
2021-01-19,Riverside,065,2383286,258687,246248,12198,258446,2585
2021-01-19,Sacramento,067,1510023,83808,81183,963,82146,1053
2021-01-19,San Benito,069,59416,5158,4988,58,5046,35
2021-01-19,San Bernardino,071,2135413,265902,253651,7684,261335,1777
2021-01-19,San Diego,073,3302833,232003,216833,10720,227553,2109
2021-01-19,San Francisco,075,870044,30287,29502,663,30165,261
2021-01-19,San Joaquin,077,732212,59865,57655,2351,60006,782
2021-01-19,San Luis Obispo,079,281455,16941,15855,435,16290,161
2021-01-19,San Mateo,081,765935,34824,32730,279,33009,208
2021-01-19,Santa Barbara,083,443738,26998,24991,792,25783,236
2021-01-19,Santa Clara,085,1922200,97511,94483,441,94924,1010
2021-01-19,Santa Cruz,087,273765,13637,12410,630,13040,106
2021-01-19,Shasta,089,179085,9984,9614,1005,10619,93
2021-01-19,Sierra,091,2930,47,40,10,50,0
2021-01-19,Siskiyou,093,43540,1262,1149,183,1332,4
2021-01-19,Solano,095,438530,26481,25520,290,25810,106
2021-01-19,Sonoma,097,501317,24913,24133,124,24257,223
2021-01-19,Stanislaus,099,539301,44669,42723,4469,47192,561
2021-01-19,Sutter,101,95872,7929,7709,69,7778,80
2021-01-19,Tehama,103,63373,4064,3876,443,4319,19
2021-01-19,Trinity,105,12862,437,260,66,326,3
2021-01-19,Tulare,107,460477,43628,41559,6004,47563,549
2021-01-19,Tuolumne,109,53932,3346,3328,29,3357,29
2021-01-19,Ventura,111,848112,65497,62656,2315,64971,383
2021-01-19,Yolo,113,214977,11496,10789,130,10919,134
2021-01-19,Yuba,115,75493,4912,4695,64,4759,29
2021-01-18,Alameda,001,1643700,70316,67938,1469,69407,680
2021-01-18,Alpine,003,1148,73,71,0,71,0
2021-01-18,Amador,005,37829,3056,3016,24,3040,28
2021-01-18,Butte,007,227075,10098,9474,1366,10840,129
2021-01-18,Calaveras,009,45235,1634,1617,7,1624,21
2021-01-18,Colusa,011,21464,1662,1608,178,1786,7
2021-01-18,Contra Costa,013,1133247,54636,52323,895,53218,448
2021-01-18,Del Norte,015,27424,877,840,3,843,2
2021-01-18,El Dorado,017,186661,8189,7707,538,8245,47
2021-01-18,Fresno,019,978130,87110,82485,6522,89007,857
2021-01-18,Glenn,021,27897,2024,1935,406,2341,13
2021-01-18,Humboldt,023,135768,2528,2343,13,2356,22
2021-01-18,Imperial,025,180216,25905,25317,2222,27539,452
2021-01-18,Inyo,027,18085,996,872,10,882,26
2021-01-18,Kern,029,883053,83735,79930,7565,87495,740
2021-01-18,Kings,031,150075,20073,19267,781,20048,141
2021-01-18,Lake,033,64148,2723,2591,0,2591,30
2021-01-18,Lassen,035,31185,4825,4749,78,4827,1
2021-01-18,Los Angeles,037,10098052,1055283,1002614,33813,1036427,13828
2021-01-18,Madera,039,155013,14029,13443,666,14109,85
2021-01-18,Marin,041,260295,11874,11607,118,11725,165
2021-01-18,Mariposa,043,17540,337,320,2,322,3
2021-01-18,Mendocino,045,87422,3101,2919,56,2975,31
2021-01-18,Merced,047,269075,24573,23927,644,24571,242
2021-01-18,Modoc,049,8938,298,281,88,369,0
2021-01-18,Mono,051,14174,1100,1101,14,1115,3
2021-01-18,Monterey,053,433212,37074,35549,1226,36775,247
2021-01-18,Napa,055,140530,7932,7601,31,7632,38
2021-01-18,Nevada,057,99092,3408,3199,134,3333,17
2021-01-18,Orange,059,3164182,221361,213866,8970,222836,2405
2021-01-18,Placer,061,380077,18503,17263,874,18137,182
2021-01-18,Plumas,063,18699,590,506,10,516,2
2021-01-18,Riverside,065,2383286,256375,244151,12104,256255,2568
2021-01-18,Sacramento,067,1510023,83138,80546,947,81493,1046
2021-01-18,San Benito,069,59416,5108,4963,56,5019,35
2021-01-18,San Bernardino,071,2135413,264144,252808,7625,260433,1775
2021-01-18,San Diego,073,3302833,229355,214335,10591,224926,2103
2021-01-18,San Francisco,075,870044,30081,29321,639,29960,259
2021-01-18,San Joaquin,077,732212,59347,57405,2329,59734,782
2021-01-18,San Luis Obispo,079,281455,16754,15742,425,16167,158
2021-01-18,San Mateo,081,765935,34511,32515,260,32775,208
2021-01-18,Santa Barbara,083,443738,26619,24638,778,25416,235
2021-01-18,Santa Clara,085,1922200,96625,93688,437,94125,992
2021-01-18,Santa Cruz,087,273765,13504,12298,617,12915,106
2021-01-18,Shasta,089,179085,9945,9600,995,10595,92
2021-01-18,Sierra,091,2930,46,40,10,50,0
2021-01-18,Siskiyou,093,43540,1250,1144,182,1326,4
2021-01-18,Solano,095,438530,26204,25344,285,25629,105
2021-01-18,Sonoma,097,501317,24645,24068,123,24191,223
2021-01-18,Stanislaus,099,539301,44312,42413,4413,46826,562
2021-01-18,Sutter,101,95872,7872,7680,67,7747,78
2021-01-18,Tehama,103,63373,4020,3854,436,4290,19
2021-01-18,Trinity,105,12862,437,260,66,326,3
2021-01-18,Tulare,107,460477,43339,41196,5893,47089,549
2021-01-18,Tuolumne,109,53932,3321,3318,28,3346,28
2021-01-18,Ventura,111,848112,65067,61859,2292,64151,379
2021-01-18,Yolo,113,214977,11367,10620,127,10747,134
2021-01-18,Yuba,115,75493,4884,4671,62,4733,29
2021-01-17,Alameda,001,1643700,69752,67375,1451,68826,676
2021-01-17,Alpine,003,1148,73,71,0,71,0
2021-01-17,Amador,005,37829,3049,3001,24,3025,28
2021-01-17,Butte,007,227075,10023,9411,1342,10753,129
2021-01-17,Calaveras,009,45235,1621,1608,7,1615,21
2021-01-17,Colusa,011,21464,1648,1588,174,1762,7
2021-01-17,Contra Costa,013,1133247,54145,51932,885,52817,447
2021-01-17,Del Norte,015,27424,877,838,3,841,2
2021-01-17,El Dorado,017,186661,8133,7659,526,8185,47
2021-01-17,Fresno,019,978130,86557,82039,6446,88485,857
2021-01-17,Glenn,021,27897,2013,1924,400,2324,9
2021-01-17,Humboldt,023,135768,2491,2322,11,2333,22
2021-01-17,Imperial,025,180216,25835,25253,2178,27431,451
2021-01-17,Inyo,027,18085,990,864,10,874,26
2021-01-17,Kern,029,883053,83185,79489,7478,86967,738
2021-01-17,Kings,031,150075,19937,19201,767,19968,131
2021-01-17,Lake,033,64148,2707,2572,0,2572,30
2021-01-17,Lassen,035,31185,4817,4740,77,4817,1
2021-01-17,Los Angeles,037,10098052,1048636,993028,33412,1026440,13741
2021-01-17,Madera,039,155013,13937,13328,661,13989,85
2021-01-17,Marin,041,260295,11821,11552,116,11668,164
2021-01-17,Mariposa,043,17540,337,319,2,321,3
2021-01-17,Mendocino,045,87422,3073,2912,55,2967,31
2021-01-17,Merced,047,269075,24360,23800,626,24426,242
2021-01-17,Modoc,049,8938,297,279,88,367,0
2021-01-17,Mono,051,14174,1093,1091,13,1104,3
2021-01-17,Monterey,053,433212,36830,35340,1200,36540,244
2021-01-17,Napa,055,140530,7876,7521,31,7552,38
2021-01-17,Nevada,057,99092,3383,3176,132,3308,17
2021-01-17,Orange,059,3164182,219361,212389,8895,221284,2359
2021-01-17,Placer,061,380077,18397,17194,859,18053,181
2021-01-17,Plumas,063,18699,589,505,9,514,2
2021-01-17,Riverside,065,2383286,254266,242206,11986,254192,2534
2021-01-17,Sacramento,067,1510023,82536,80154,935,81089,1045
2021-01-17,San Benito,069,59416,5070,4941,56,4997,35
2021-01-17,San Bernardino,071,2135413,262021,251487,7537,259024,1775
2021-01-17,San Diego,073,3302833,227161,211785,10484,222269,2103
2021-01-17,San Francisco,075,870044,29895,29139,601,29740,255
2021-01-17,San Joaquin,077,732212,58991,57094,2314,59408,780
2021-01-17,San Luis Obispo,079,281455,16632,15658,416,16074,157
2021-01-17,San Mateo,081,765935,34259,32186,237,32423,208
2021-01-17,Santa Barbara,083,443738,26159,24401,765,25166,235
2021-01-17,Santa Clara,085,1922200,95876,92752,434,93186,976
2021-01-17,Santa Cruz,087,273765,13392,12196,614,12810,106
2021-01-17,Shasta,089,179085,9887,9588,987,10575,92
2021-01-17,Sierra,091,2930,46,38,9,47,0
2021-01-17,Siskiyou,093,43540,1243,1136,179,1315,4
2021-01-17,Solano,095,438530,25975,25216,283,25499,105
2021-01-17,Sonoma,097,501317,24471,23871,123,23994,223
2021-01-17,Stanislaus,099,539301,43992,42221,4349,46570,562
2021-01-17,Sutter,101,95872,7809,7604,66,7670,77
2021-01-17,Tehama,103,63373,3989,3837,432,4269,18
2021-01-17,Trinity,105,12862,437,261,66,327,3
2021-01-17,Tulare,107,460477,43047,41016,5777,46793,549
2021-01-17,Tuolumne,109,53932,3304,3287,28,3315,27
2021-01-17,Ventura,111,848112,64219,61257,2244,63501,376
2021-01-17,Yolo,113,214977,11268,10519,125,10644,134
2021-01-17,Yuba,115,75493,4834,4640,59,4699,28
2021-01-16,Alameda,001,1643700,69430,66583,1438,68021,673
2021-01-16,Alpine,003,1148,73,71,0,71,0
2021-01-16,Amador,005,37829,3046,2986,24,3010,28
2021-01-16,Butte,007,227075,9991,9359,1322,10681,129
2021-01-16,Calaveras,009,45235,1608,1596,7,1603,21
2021-01-16,Colusa,011,21464,1636,1578,174,1752,7
2021-01-16,Contra Costa,013,1133247,53880,51363,878,52241,443
2021-01-16,Del Norte,015,27424,872,833,3,836,2
2021-01-16,El Dorado,017,186661,8111,7575,525,8100,47
2021-01-16,Fresno,019,978130,86283,81294,6391,87685,846
2021-01-16,Glenn,021,27897,2009,1894,397,2291,9
2021-01-16,Humboldt,023,135768,2471,2294,9,2303,22
2021-01-16,Imperial,025,180216,25800,25140,2171,27311,451
2021-01-16,Inyo,027,18085,986,845,10,855,25
2021-01-16,Kern,029,883053,82818,78865,7424,86289,733
2021-01-16,Kings,031,150075,19881,19072,764,19836,131
2021-01-16,Lake,033,64148,2696,2504,0,2504,30
2021-01-16,Lassen,035,31185,4805,4719,77,4796,1
2021-01-16,Los Angeles,037,10098052,1044552,982684,33172,1015856,13654
2021-01-16,Madera,039,155013,13870,13193,657,13850,85
2021-01-16,Marin,041,260295,11778,11482,116,11598,164
2021-01-16,Mariposa,043,17540,336,317,2,319,3
2021-01-16,Mendocino,045,87422,3059,2890,52,2942,31
2021-01-16,Merced,047,269075,24272,23478,612,24090,242
2021-01-16,Modoc,049,8938,297,278,88,366,0
2021-01-16,Mono,051,14174,1091,1079,13,1092,3
2021-01-16,Monterey,053,433212,36719,34972,1182,36154,243
2021-01-16,Napa,055,140530,7837,7356,31,7387,39
2021-01-16,Nevada,057,99092,3350,3144,132,3276,17
2021-01-16,Orange,059,3164182,218325,210111,8838,218949,2312
2021-01-16,Placer,061,380077,18333,16995,857,17852,177
2021-01-16,Plumas,063,18699,587,502,9,511,2
2021-01-16,Riverside,065,2383286,252909,239412,11871,251283,2506
2021-01-16,Sacramento,067,1510023,82162,79122,918,80040,1033
2021-01-16,San Benito,069,59416,5038,4875,56,4931,35
2021-01-16,San Bernardino,071,2135413,261229,249401,7470,256871,1755
2021-01-16,San Diego,073,3302833,225863,209895,10387,220282,2065
2021-01-16,San Francisco,075,870044,29767,28853,570,29423,244
2021-01-16,San Joaquin,077,732212,58743,56642,2283,58925,776
2021-01-16,San Luis Obispo,079,281455,16531,15466,414,15880,152
2021-01-16,San Mateo,081,765935,34095,31805,231,32036,208
2021-01-16,Santa Barbara,083,443738,25959,24088,761,24849,229
2021-01-16,Santa Clara,085,1922200,95407,91584,427,92011,954
2021-01-16,Santa Cruz,087,273765,13333,12026,612,12638,106
2021-01-16,Shasta,089,179085,9854,9547,983,10530,92
2021-01-16,Sierra,091,2930,45,38,9,47,0
2021-01-16,Siskiyou,093,43540,1238,1124,179,1303,4
2021-01-16,Solano,095,438530,25866,24732,278,25010,103
2021-01-16,Sonoma,097,501317,24380,23607,122,23729,223
2021-01-16,Stanislaus,099,539301,43805,41809,4298,46107,562
2021-01-16,Sutter,101,95872,7777,7560,66,7626,76
2021-01-16,Tehama,103,63373,3975,3783,432,4215,18
2021-01-16,Trinity,105,12862,437,261,66,327,3
2021-01-16,Tulare,107,460477,42868,40655,5704,46359,542
2021-01-16,Tuolumne,109,53932,3296,3269,28,3297,27
2021-01-16,Ventura,111,848112,63667,60368,2214,62582,369
2021-01-16,Yolo,113,214977,11219,10406,124,10530,134
2021-01-16,Yuba,115,75493,4804,4602,59,4661,27
2021-01-15,Alameda,001,1643700,69006,65416,1427,66843,672
2021-01-15,Alpine,003,1148,73,71,0,71,0
2021-01-15,Amador,005,37829,3039,2953,24,2977,28
2021-01-15,Butte,007,227075,9950,9233,1307,10540,129
2021-01-15,Calaveras,009,45235,1601,1538,7,1545,21
2021-01-15,Colusa,011,21464,1625,1541,169,1710,7
2021-01-15,Contra Costa,013,1133247,53551,50408,871,51279,428
2021-01-15,Del Norte,015,27424,868,828,2,830,2
2021-01-15,El Dorado,017,186661,8062,7439,516,7955,47
2021-01-15,Fresno,019,978130,85746,79950,6355,86305,832
2021-01-15,Glenn,021,27897,2005,1824,394,2218,9
2021-01-15,Humboldt,023,135768,2444,2218,8,2226,22
2021-01-15,Imperial,025,180216,25766,24944,2165,27109,446
2021-01-15,Inyo,027,18085,968,814,10,824,25
2021-01-15,Kern,029,883053,82404,77873,7359,85232,719
2021-01-15,Kings,031,150075,19772,18661,758,19419,131
2021-01-15,Lake,033,64148,2670,2434,0,2434,28
2021-01-15,Lassen,035,31185,4794,4693,75,4768,1
2021-01-15,Los Angeles,037,10098052,1037504,968979,32884,1001863,13404
2021-01-15,Madera,039,155013,13785,12883,654,13537,85
2021-01-15,Marin,041,260295,11727,11310,116,11426,160
2021-01-15,Mariposa,043,17540,334,307,2,309,3
2021-01-15,Mendocino,045,87422,3048,2835,52,2887,31
2021-01-15,Merced,047,269075,24159,23060,608,23668,239
2021-01-15,Modoc,049,8938,297,278,86,364,0
2021-01-15,Mono,051,14174,1088,1057,13,1070,3
2021-01-15,Monterey,053,433212,36502,34460,1122,35582,243
2021-01-15,Napa,055,140530,7775,7231,31,7262,38
2021-01-15,Nevada,057,99092,3337,3099,129,3228,17
2021-01-15,Orange,059,3164182,216973,207129,8786,215915,2254
2021-01-15,Placer,061,380077,18229,16712,848,17560,173
2021-01-15,Plumas,063,18699,584,499,9,508,2
2021-01-15,Riverside,065,2383286,251044,235235,11791,247026,2458
2021-01-15,Sacramento,067,1510023,81740,80279,910,81189,1023
2021-01-15,San Benito,069,59416,4999,4766,54,4820,35
2021-01-15,San Bernardino,071,2135413,260062,246182,7412,253594,1726
2021-01-15,San Diego,073,3302833,224114,206868,10322,217190,2037
2021-01-15,San Francisco,075,870044,29592,28574,550,29124,242
2021-01-15,San Joaquin,077,732212,58509,55885,2269,58154,748
2021-01-15,San Luis Obispo,079,281455,16398,15129,409,15538,148
2021-01-15,San Mateo,081,765935,33850,31291,227,31518,208
2021-01-15,Santa Barbara,083,443738,25675,23487,757,24244,226
2021-01-15,Santa Clara,085,1922200,94754,90103,422,90525,942
2021-01-15,Santa Cruz,087,273765,13224,11776,598,12374,105
2021-01-15,Shasta,089,179085,9815,9459,976,10435,91
2021-01-15,Sierra,091,2930,44,36,7,43,0
2021-01-15,Siskiyou,093,43540,1234,1119,178,1297,4
2021-01-15,Solano,095,438530,25716,24222,275,24497,103
2021-01-15,Sonoma,097,501317,24249,23204,121,23325,222
2021-01-15,Stanislaus,099,539301,43555,41178,4256,45434,562
2021-01-15,Sutter,101,95872,7730,7484,65,7549,75
2021-01-15,Tehama,103,63373,3953,3714,431,4145,17
2021-01-15,Trinity,105,12862,437,262,66,328,3
2021-01-15,Tulare,107,460477,42625,39951,5619,45570,535
2021-01-15,Tuolumne,109,53932,3280,3231,28,3259,27
2021-01-15,Ventura,111,848112,62923,59061,2181,61242,353
2021-01-15,Yolo,113,214977,11163,10240,123,10363,134
2021-01-15,Yuba,115,75493,4783,4549,59,4608,27
2021-01-14,Alameda,001,1643700,68376,64364,1411,65775,686
2021-01-14,Alpine,003,1148,73,71,0,71,0
2021-01-14,Amador,005,37829,3033,2940,24,2964,28
2021-01-14,Butte,007,227075,9863,9127,1285,10412,129
2021-01-14,Calaveras,009,45235,1584,1513,7,1520,21
2021-01-14,Colusa,011,21464,1610,1535,162,1697,7
2021-01-14,Contra Costa,013,1133247,52995,49545,857,50402,415
2021-01-14,Del Norte,015,27424,862,821,2,823,2
2021-01-14,El Dorado,017,186661,7988,7321,508,7829,45
2021-01-14,Fresno,019,978130,85113,79033,6275,85308,814
2021-01-14,Glenn,021,27897,1993,1798,389,2187,9
2021-01-14,Humboldt,023,135768,2401,2169,8,2177,22
2021-01-14,Imperial,025,180216,25657,24882,2130,27012,447
2021-01-14,Inyo,027,18085,961,790,10,800,25
2021-01-14,Kern,029,883053,81732,77070,7257,84327,705
2021-01-14,Kings,031,150075,19642,18405,754,19159,108
2021-01-14,Lake,033,64148,2627,2378,0,2378,27
2021-01-14,Lassen,035,31185,4784,4673,73,4746,1
2021-01-14,Los Angeles,037,10098052,1027487,954652,32505,987157,13147
2021-01-14,Madera,039,155013,13671,12742,643,13385,85
2021-01-14,Marin,041,260295,11653,11155,115,11270,159
2021-01-14,Mariposa,043,17540,331,302,2,304,3
2021-01-14,Mendocino,045,87422,3034,2801,50,2851,31
2021-01-14,Merced,047,269075,23932,22780,598,23378,239
2021-01-14,Modoc,049,8938,297,273,86,359,0
2021-01-14,Mono,051,14174,1080,1020,13,1033,3
2021-01-14,Monterey,053,433212,36081,34105,1100,35205,242
2021-01-14,Napa,055,140530,7690,7117,31,7148,38
2021-01-14,Nevada,057,99092,3310,3075,127,3202,17
2021-01-14,Orange,059,3164182,215039,204442,8700,213142,2162
2021-01-14,Placer,061,380077,18067,16488,841,17329,169
2021-01-14,Plumas,063,18699,576,496,9,505,2
2021-01-14,Riverside,065,2383286,248399,231684,11692,243376,2357
2021-01-14,Sacramento,067,1510023,81102,79137,886,80023,1007
2021-01-14,San Benito,069,59416,4963,4678,53,4731,35
2021-01-14,San Bernardino,071,2135413,258095,243379,7342,250721,1750
2021-01-14,San Diego,073,3302833,221720,204173,10202,214375,2005
2021-01-14,San Francisco,075,870044,29347,28200,502,28702,238
2021-01-14,San Joaquin,077,732212,57993,55058,2255,57313,739
2021-01-14,San Luis Obispo,079,281455,16236,14851,400,15251,146
2021-01-14,San Mateo,081,765935,33481,30694,218,30912,208
2021-01-14,Santa Barbara,083,443738,25254,23126,739,23865,219
2021-01-14,Santa Clara,085,1922200,93827,88505,415,88920,910
2021-01-14,Santa Cruz,087,273765,13077,11583,582,12165,109
2021-01-14,Shasta,089,179085,9766,9334,960,10294,90
2021-01-14,Sierra,091,2930,44,35,6,41,0
2021-01-14,Siskiyou,093,43540,1222,1108,175,1283,3
2021-01-14,Solano,095,438530,25457,23782,271,24053,103
2021-01-14,Sonoma,097,501317,24009,22910,121,23031,202
2021-01-14,Stanislaus,099,539301,43228,40597,4215,44812,574
2021-01-14,Sutter,101,95872,7671,7416,62,7478,74
2021-01-14,Tehama,103,63373,3925,3664,427,4091,17
2021-01-14,Trinity,105,12862,437,261,65,326,3
2021-01-14,Tulare,107,460477,42240,39565,5511,45076,533
2021-01-14,Tuolumne,109,53932,3259,3215,28,3243,28
2021-01-14,Ventura,111,848112,62051,57941,2144,60085,347
2021-01-14,Yolo,113,214977,11055,10097,117,10214,135
2021-01-14,Yuba,115,75493,4750,4496,59,4555,27
2021-01-13,Alameda,001,1643700,67621,63568,1395,64963,690
2021-01-13,Alpine,003,1148,73,71,0,71,0
2021-01-13,Amador,005,37829,3019,2914,24,2938,26
2021-01-13,Butte,007,227075,9781,9013,1270,10283,126
2021-01-13,Calaveras,009,45235,1562,1493,7,1500,21
2021-01-13,Colusa,011,21464,1598,1524,154,1678,7
2021-01-13,Contra Costa,013,1133247,52417,48877,845,49722,403
2021-01-13,Del Norte,015,27424,858,820,2,822,2
2021-01-13,El Dorado,017,186661,7895,7247,500,7747,43
2021-01-13,Fresno,019,978130,84394,78278,6233,84511,804
2021-01-13,Glenn,021,27897,1977,1792,380,2172,9
2021-01-13,Humboldt,023,135768,2368,2114,8,2122,22
2021-01-13,Imperial,025,180216,25533,24717,2097,26814,463
2021-01-13,Inyo,027,18085,949,785,10,795,25
2021-01-13,Kern,029,883053,81071,76049,7167,83216,704
2021-01-13,Kings,031,150075,19475,18121,732,18853,108
2021-01-13,Lake,033,64148,2584,2305,0,2305,27
2021-01-13,Lassen,035,31185,4777,4663,72,4735,1
2021-01-13,Los Angeles,037,10098052,1016702,937985,32095,970080,12873
2021-01-13,Madera,039,155013,13545,12570,638,13208,85
2021-01-13,Marin,041,260295,11597,11039,115,11154,161
2021-01-13,Mariposa,043,17540,329,304,2,306,3
2021-01-13,Mendocino,045,87422,3014,2790,50,2840,31
2021-01-13,Merced,047,269075,23693,22497,584,23081,241
2021-01-13,Modoc,049,8938,296,274,83,357,0
2021-01-13,Mono,051,14174,1076,1017,13,1030,3
2021-01-13,Monterey,053,433212,35657,33748,1076,34824,241
2021-01-13,Napa,055,140530,7576,7028,31,7059,36
2021-01-13,Nevada,057,99092,3286,3037,124,3161,17
2021-01-13,Orange,059,3164182,212951,201158,8630,209788,2172
2021-01-13,Placer,061,380077,17941,16272,827,17099,172
2021-01-13,Plumas,063,18699,574,490,9,499,2
2021-01-13,Riverside,065,2383286,245252,228192,11574,239766,2278
2021-01-13,Sacramento,067,1510023,80441,78268,879,79147,996
2021-01-13,San Benito,069,59416,4906,4583,52,4635,35
2021-01-13,San Bernardino,071,2135413,255720,240191,7270,247461,1759
2021-01-13,San Diego,073,3302833,219106,201578,10099,211677,1952
2021-01-13,San Francisco,075,870044,29108,27863,480,28343,238
2021-01-13,San Joaquin,077,732212,57371,54373,2225,56598,738
2021-01-13,San Luis Obispo,079,281455,16081,14625,389,15014,140
2021-01-13,San Mateo,081,765935,33141,30195,216,30411,207
2021-01-13,Santa Barbara,083,443738,24812,22714,723,23437,216
2021-01-13,Santa Clara,085,1922200,92852,87187,412,87599,911
2021-01-13,Santa Cruz,087,273765,12904,11423,568,11991,110
2021-01-13,Shasta,089,179085,9702,9180,946,10126,93
2021-01-13,Sierra,091,2930,44,33,6,39,0
2021-01-13,Siskiyou,093,43540,1216,1102,171,1273,3
2021-01-13,Solano,095,438530,25172,23503,269,23772,105
2021-01-13,Sonoma,097,501317,23759,22610,120,22730,206
2021-01-13,Stanislaus,099,539301,42836,40167,4162,44329,574
2021-01-13,Sutter,101,95872,7625,7350,61,7411,73
2021-01-13,Tehama,103,63373,3875,3589,422,4011,17
2021-01-13,Trinity,105,12862,437,260,65,325,3
2021-01-13,Tulare,107,460477,41834,39129,5407,44536,522
2021-01-13,Tuolumne,109,53932,3245,3196,28,3224,28
2021-01-13,Ventura,111,848112,61039,56453,2104,58557,338
2021-01-13,Yolo,113,214977,10954,9933,113,10046,135
2021-01-13,Yuba,115,75493,4708,4448,56,4504,27
2021-01-12,Alameda,001,1643700,66789,62642,1377,64019,677
2021-01-12,Alpine,003,1148,73,71,0,71,0
2021-01-12,Amador,005,37829,3002,2897,24,2921,26
2021-01-12,Butte,007,227075,9693,8883,1254,10137,124
2021-01-12,Calaveras,009,45235,1526,1475,7,1482,21
2021-01-12,Colusa,011,21464,1586,1510,150,1660,7
2021-01-12,Contra Costa,013,1133247,51776,48242,831,49073,399
2021-01-12,Del Norte,015,27424,853,816,2,818,2
2021-01-12,El Dorado,017,186661,7812,7156,489,7645,41
2021-01-12,Fresno,019,978130,83522,77651,6164,83815,796
2021-01-12,Glenn,021,27897,1952,1781,376,2157,9
2021-01-12,Humboldt,023,135768,2314,2077,7,2084,22
2021-01-12,Imperial,025,180216,25443,24566,2056,26622,457
2021-01-12,Inyo,027,18085,931,773,10,783,25
2021-01-12,Kern,029,883053,80365,75320,7071,82391,689
2021-01-12,Kings,031,150075,19263,18072,722,18794,108
2021-01-12,Lake,033,64148,2537,2260,0,2260,27
2021-01-12,Lassen,035,31185,4755,4659,70,4729,1
2021-01-12,Los Angeles,037,10098052,1005048,926295,31685,957980,12610
2021-01-12,Madera,039,155013,13405,12485,629,13114,85
2021-01-12,Marin,041,260295,11488,10960,115,11075,157
2021-01-12,Mariposa,043,17540,326,302,2,304,3
2021-01-12,Mendocino,045,87422,2994,2762,46,2808,31
2021-01-12,Merced,047,269075,23442,22172,562,22734,239
2021-01-12,Modoc,049,8938,294,274,83,357,0
2021-01-12,Mono,051,14174,1066,1008,13,1021,3
2021-01-12,Monterey,053,433212,35166,33381,1059,34440,240
2021-01-12,Napa,055,140530,7493,6936,31,6967,36
2021-01-12,Nevada,057,99092,3258,3014,122,3136,17
2021-01-12,Orange,059,3164182,210663,198260,8543,206803,2142
2021-01-12,Placer,061,380077,17771,16087,821,16908,163
2021-01-12,Plumas,063,18699,568,483,9,492,2
2021-01-12,Riverside,065,2383286,242120,225580,11434,237014,2266
2021-01-12,Sacramento,067,1510023,79713,77201,871,78072,985
2021-01-12,San Benito,069,59416,4838,4515,52,4567,35
2021-01-12,San Bernardino,071,2135413,253155,237008,7201,244209,1739
2021-01-12,San Diego,073,3302833,216192,198317,9982,208299,1898
2021-01-12,San Francisco,075,870044,28833,27531,447,27978,238
2021-01-12,San Joaquin,077,732212,56731,53630,2198,55828,725
2021-01-12,San Luis Obispo,079,281455,15835,14367,381,14748,132
2021-01-12,San Mateo,081,765935,32750,29747,204,29951,206
2021-01-12,Santa Barbara,083,443738,24390,22182,703,22885,209
2021-01-12,Santa Clara,085,1922200,91775,86075,404,86479,904
2021-01-12,Santa Cruz,087,273765,12689,11267,552,11819,110
2021-01-12,Shasta,089,179085,9629,9086,933,10019,84
2021-01-12,Sierra,091,2930,43,33,6,39,0
2021-01-12,Siskiyou,093,43540,1206,1091,164,1255,3
2021-01-12,Solano,095,438530,24869,23160,264,23424,102
2021-01-12,Sonoma,097,501317,23454,22403,120,22523,205
2021-01-12,Stanislaus,099,539301,42398,39615,4126,43741,571
2021-01-12,Sutter,101,95872,7562,7276,60,7336,73
2021-01-12,Tehama,103,63373,3837,3567,417,3984,17
2021-01-12,Trinity,105,12862,437,258,65,323,3
2021-01-12,Tulare,107,460477,41377,38797,5291,44088,509
2021-01-12,Tuolumne,109,53932,3212,3178,28,3206,28
2021-01-12,Ventura,111,848112,60067,55342,2071,57413,324
2021-01-12,Yolo,113,214977,10818,9857,103,9960,133
2021-01-12,Yuba,115,75493,4666,4389,56,4445,27
2021-01-11,Alameda,001,1643700,65921,61949,1359,63308,652
2021-01-11,Alpine,003,1148,73,70,0,70,0
2021-01-11,Amador,005,37829,2988,2867,24,2891,24
2021-01-11,Butte,007,227075,9580,8757,1236,9993,119
2021-01-11,Calaveras,009,45235,1507,1460,7,1467,21
2021-01-11,Colusa,011,21464,1569,1494,145,1639,7
2021-01-11,Contra Costa,013,1133247,51099,47728,822,48550,398
2021-01-11,Del Norte,015,27424,849,810,2,812,2
2021-01-11,El Dorado,017,186661,7718,6987,481,7468,36
2021-01-11,Fresno,019,978130,82642,76581,6087,82668,775
2021-01-11,Glenn,021,27897,1925,1763,370,2133,9
2021-01-11,Humboldt,023,135768,2275,2069,7,2076,22
2021-01-11,Imperial,025,180216,25328,24418,2020,26438,453
2021-01-11,Inyo,027,18085,913,763,10,773,25
2021-01-11,Kern,029,883053,79504,74489,6972,81461,682
2021-01-11,Kings,031,150075,19000,17909,714,18623,108
2021-01-11,Lake,033,64148,2485,2205,0,2205,26
2021-01-11,Lassen,035,31185,4732,4647,69,4716,1
2021-01-11,Los Angeles,037,10098052,991826,914434,31217,945651,12304
2021-01-11,Madera,039,155013,13271,12366,618,12984,85
2021-01-11,Marin,041,260295,11391,10814,112,10926,156
2021-01-11,Mariposa,043,17540,319,296,2,298,3
2021-01-11,Mendocino,045,87422,2966,2728,46,2774,31
2021-01-11,Merced,047,269075,23119,21884,547,22431,238
2021-01-11,Modoc,049,8938,293,271,82,353,0
2021-01-11,Mono,051,14174,1060,1006,13,1019,3
2021-01-11,Monterey,053,433212,34627,32858,996,33854,239
2021-01-11,Napa,055,140530,7391,6822,31,6853,36
2021-01-11,Nevada,057,99092,3230,2980,122,3102,17
2021-01-11,Orange,059,3164182,208077,196340,8442,204782,2113
2021-01-11,Placer,061,380077,17591,15919,811,16730,163
2021-01-11,Plumas,063,18699,564,477,9,486,2
2021-01-11,Riverside,065,2383286,238608,222907,11287,234194,2222
2021-01-11,Sacramento,067,1510023,78781,76009,855,76864,974
2021-01-11,San Benito,069,59416,4764,4482,45,4527,34
2021-01-11,San Bernardino,071,2135413,250356,235543,7101,242644,1739
2021-01-11,San Diego,073,3302833,212923,194793,9822,204615,1857
2021-01-11,San Francisco,075,870044,28557,27264,426,27690,238
2021-01-11,San Joaquin,077,732212,56118,53002,2168,55170,725
2021-01-11,San Luis Obispo,079,281455,15464,14213,373,14586,126
2021-01-11,San Mateo,081,765935,32306,29355,192,29547,206
2021-01-11,Santa Barbara,083,443738,23940,21740,691,22431,200
2021-01-11,Santa Clara,085,1922200,90568,84851,395,85246,877
2021-01-11,Santa Cruz,087,273765,12509,11093,528,11621,106
2021-01-11,Shasta,089,179085,9531,8977,920,9897,81
2021-01-11,Sierra,091,2930,41,33,6,39,0
2021-01-11,Siskiyou,093,43540,1197,1087,162,1249,3
2021-01-11,Solano,095,438530,24549,22893,259,23152,101
2021-01-11,Sonoma,097,501317,23208,22191,120,22311,205
2021-01-11,Stanislaus,099,539301,41906,39149,4076,43225,571
2021-01-11,Sutter,101,95872,7503,7204,59,7263,71
2021-01-11,Tehama,103,63373,3774,3524,395,3919,17
2021-01-11,Trinity,105,12862,437,256,65,321,2
2021-01-11,Tulare,107,460477,40963,38380,5212,43592,497
2021-01-11,Tuolumne,109,53932,3201,3165,28,3193,27
2021-01-11,Ventura,111,848112,58931,54202,2048,56250,320
2021-01-11,Yolo,113,214977,10610,9699,101,9800,129
2021-01-11,Yuba,115,75493,4627,4349,49,4398,27
2021-01-10,Alameda,001,1643700,64923,61111,1331,62442,650
2021-01-10,Alpine,003,1148,73,70,0,70,0
2021-01-10,Amador,005,37829,2964,2861,24,2885,24
2021-01-10,Butte,007,227075,9459,8665,1210,9875,119
2021-01-10,Calaveras,009,45235,1483,1449,7,1456,21
2021-01-10,Colusa,011,21464,1545,1478,143,1621,7
2021-01-10,Contra Costa,013,1133247,50315,47109,804,47913,398
2021-01-10,Del Norte,015,27424,846,809,2,811,2
2021-01-10,El Dorado,017,186661,7631,6904,463,7367,36
2021-01-10,Fresno,019,978130,81831,75621,5964,81585,775
2021-01-10,Glenn,021,27897,1906,1746,362,2108,9
2021-01-10,Humboldt,023,135768,2214,2049,7,2056,22
2021-01-10,Imperial,025,180216,25168,24233,1969,26202,453
2021-01-10,Inyo,027,18085,885,748,10,758,25
2021-01-10,Kern,029,883053,78672,73712,6839,80551,679
2021-01-10,Kings,031,150075,18781,17812,707,18519,108
2021-01-10,Lake,033,64148,2431,2174,0,2174,26
2021-01-10,Lassen,035,31185,4710,4642,69,4711,1
2021-01-10,Los Angeles,037,10098052,977220,901783,30591,932374,12170
2021-01-10,Madera,039,155013,13082,12179,603,12782,85
2021-01-10,Marin,041,260295,11270,10737,111,10848,155
2021-01-10,Mariposa,043,17540,319,291,2,293,3
2021-01-10,Mendocino,045,87422,2935,2706,42,2748,31
2021-01-10,Merced,047,269075,22845,21691,535,22226,238
2021-01-10,Modoc,049,8938,293,271,80,351,0
2021-01-10,Mono,051,14174,1042,965,13,978,3
2021-01-10,Monterey,053,433212,34187,32571,963,33534,237
2021-01-10,Napa,055,140530,7287,6687,29,6716,36
2021-01-10,Nevada,057,99092,3211,2959,118,3077,17
2021-01-10,Orange,059,3164182,205310,193766,8318,202084,2104
2021-01-10,Placer,061,380077,17402,15779,791,16570,163
2021-01-10,Plumas,063,18699,554,477,9,486,2
2021-01-10,Riverside,065,2383286,235240,219486,11099,230585,2216
2021-01-10,Sacramento,067,1510023,77820,75394,827,76221,965
2021-01-10,San Benito,069,59416,4665,4434,44,4478,34
2021-01-10,San Bernardino,071,2135413,246829,232171,6997,239168,1736
2021-01-10,San Diego,073,3302833,209256,191886,9655,201541,1857
2021-01-10,San Francisco,075,870044,28172,27054,395,27449,238
2021-01-10,San Joaquin,077,732212,55259,52535,2135,54670,725
2021-01-10,San Luis Obispo,079,281455,15135,13968,361,14329,122
2021-01-10,San Mateo,081,765935,31816,28972,178,29150,206
2021-01-10,Santa Barbara,083,443738,23381,21290,676,21966,200
2021-01-10,Santa Clara,085,1922200,89393,83779,386,84165,858
2021-01-10,Santa Cruz,087,273765,12296,10951,507,11458,106
2021-01-10,Shasta,089,179085,9419,8936,905,9841,81
2021-01-10,Sierra,091,2930,40,32,6,38,0
2021-01-10,Siskiyou,093,43540,1191,1075,159,1234,3
2021-01-10,Solano,095,438530,24146,22621,256,22877,101
2021-01-10,Sonoma,097,501317,22932,21925,119,22044,204
2021-01-10,Stanislaus,099,539301,41333,38809,3997,42806,571
2021-01-10,Sutter,101,95872,7442,7133,56,7189,71
2021-01-10,Tehama,103,63373,3701,3504,382,3886,17
2021-01-10,Trinity,105,12862,437,253,63,316,2
2021-01-10,Tulare,107,460477,40545,38012,5090,43102,497
2021-01-10,Tuolumne,109,53932,3167,3143,27,3170,27
2021-01-10,Ventura,111,848112,57662,53095,2004,55099,319
2021-01-10,Yolo,113,214977,10458,9610,100,9710,129
2021-01-10,Yuba,115,75493,4575,4300,46,4346,27
2021-01-09,Alameda,001,1643700,64379,60125,1315,61440,649
2021-01-09,Alpine,003,1148,73,70,0,70,0
2021-01-09,Amador,005,37829,2957,2809,24,2833,24
2021-01-09,Butte,007,227075,9380,8552,1186,9738,118
2021-01-09,Calaveras,009,45235,1473,1425,7,1432,21
2021-01-09,Colusa,011,21464,1539,1468,142,1610,7
2021-01-09,Contra Costa,013,1133247,49963,46406,789,47195,393
2021-01-09,Del Norte,015,27424,844,802,2,804,2
2021-01-09,El Dorado,017,186661,7599,6800,460,7260,36
2021-01-09,Fresno,019,978130,81422,74816,5924,80740,773
2021-01-09,Glenn,021,27897,1891,1707,359,2066,9
2021-01-09,Humboldt,023,135768,2196,2026,7,2033,22
2021-01-09,Imperial,025,180216,25100,24028,1955,25983,448
2021-01-09,Inyo,027,18085,875,734,10,744,25
2021-01-09,Kern,029,883053,78204,73015,6762,79777,677
2021-01-09,Kings,031,150075,18686,17679,703,18382,108
2021-01-09,Lake,033,64148,2396,2144,0,2144,26
2021-01-09,Lassen,035,31185,4698,4613,68,4681,1
2021-01-09,Los Angeles,037,10098052,971644,887949,30153,918102,12011
2021-01-09,Madera,039,155013,12991,12063,598,12661,85
2021-01-09,Marin,041,260295,11209,10634,110,10744,154
2021-01-09,Mariposa,043,17540,316,287,2,289,3
2021-01-09,Mendocino,045,87422,2917,2664,42,2706,31
2021-01-09,Merced,047,269075,22703,21357,526,21883,237
2021-01-09,Modoc,049,8938,293,271,79,350,0
2021-01-09,Mono,051,14174,1037,964,13,977,3
2021-01-09,Monterey,053,433212,34036,31948,953,32901,235
2021-01-09,Napa,055,140530,7217,6594,26,6620,36
2021-01-09,Nevada,057,99092,3189,2932,115,3047,17
2021-01-09,Orange,059,3164182,203800,191004,8225,199229,2034
2021-01-09,Placer,061,380077,17295,15609,789,16398,162
2021-01-09,Plumas,063,18699,552,477,9,486,2
2021-01-09,Riverside,065,2383286,233485,216076,10962,227038,2201
2021-01-09,Sacramento,067,1510023,77287,74482,822,75304,953
2021-01-09,San Benito,069,59416,4614,4335,44,4379,34
2021-01-09,San Bernardino,071,2135413,245639,228857,6929,235786,1714
2021-01-09,San Diego,073,3302833,207562,188598,9535,198133,1824
2021-01-09,San Francisco,075,870044,27998,26708,352,27060,235
2021-01-09,San Joaquin,077,732212,54910,51927,2115,54042,724
2021-01-09,San Luis Obispo,079,281455,15011,13647,350,13997,121
2021-01-09,San Mateo,081,765935,31517,28512,171,28683,205
2021-01-09,Santa Barbara,083,443738,23169,20971,671,21642,197
2021-01-09,Santa Clara,085,1922200,88553,82269,374,82643,808
2021-01-09,Santa Cruz,087,273765,12200,10717,501,11218,107
2021-01-09,Shasta,089,179085,9386,8893,901,9794,81
2021-01-09,Sierra,091,2930,38,32,6,38,0
2021-01-09,Siskiyou,093,43540,1187,1062,155,1217,3
2021-01-09,Solano,095,438530,23988,22226,255,22481,101
2021-01-09,Sonoma,097,501317,22810,21393,119,21512,202
2021-01-09,Stanislaus,099,539301,41042,38403,3962,42365,567
2021-01-09,Sutter,101,95872,7406,7072,55,7127,69
2021-01-09,Tehama,103,63373,3669,3451,371,3822,15
2021-01-09,Trinity,105,12862,437,252,63,315,2
2021-01-09,Tulare,107,460477,40291,37684,5024,42708,496
2021-01-09,Tuolumne,109,53932,3159,3117,26,3143,26
2021-01-09,Ventura,111,848112,56833,51988,1978,53966,306
2021-01-09,Yolo,113,214977,10385,9524,97,9621,129
2021-01-09,Yuba,115,75493,4545,4265,46,4311,27
2021-01-08,Alameda,001,1643700,63814,59172,1306,60478,646
2021-01-08,Alpine,003,1148,73,70,0,70,0
2021-01-08,Amador,005,37829,2950,2792,24,2816,24
2021-01-08,Butte,007,227075,9320,8430,1172,9602,115
2021-01-08,Calaveras,009,45235,1459,1385,7,1392,21
2021-01-08,Colusa,011,21464,1526,1448,141,1589,7
2021-01-08,Contra Costa,013,1133247,49436,45667,785,46452,381
2021-01-08,Del Norte,015,27424,842,795,2,797,2
2021-01-08,El Dorado,017,186661,7529,6690,448,7138,36
2021-01-08,Fresno,019,978130,80607,73689,5863,79552,771
2021-01-08,Glenn,021,27897,1876,1680,354,2034,9
2021-01-08,Humboldt,023,135768,2172,1988,7,1995,22
2021-01-08,Imperial,025,180216,25034,23751,1940,25691,446
2021-01-08,Inyo,027,18085,861,682,10,692,24
2021-01-08,Kern,029,883053,77641,71978,6688,78666,674
2021-01-08,Kings,031,150075,18558,17441,698,18139,108
2021-01-08,Lake,033,64148,2371,2098,0,2098,26
2021-01-08,Lassen,035,31185,4690,4598,66,4664,1
2021-01-08,Los Angeles,037,10098052,960843,871188,29725,900913,11796
2021-01-08,Madera,039,155013,12840,11846,589,12435,85
2021-01-08,Marin,041,260295,11115,10531,109,10640,153
2021-01-08,Mariposa,043,17540,315,273,2,275,3
2021-01-08,Mendocino,045,87422,2898,2634,39,2673,31
2021-01-08,Merced,047,269075,22508,20862,521,21383,236
2021-01-08,Modoc,049,8938,293,266,79,345,0
2021-01-08,Mono,051,14174,1027,951,13,964,3
2021-01-08,Monterey,053,433212,33784,31543,942,32485,224
2021-01-08,Napa,055,140530,7147,6544,26,6570,32
2021-01-08,Nevada,057,99092,3167,2888,115,3003,17
2021-01-08,Orange,059,3164182,201805,186608,8138,194746,1991
2021-01-08,Placer,061,380077,17164,15401,782,16183,161
2021-01-08,Plumas,063,18699,546,465,9,474,2
2021-01-08,Riverside,065,2383286,231080,212122,10831,222953,2184
2021-01-08,Sacramento,067,1510023,76714,73245,816,74061,939
2021-01-08,San Benito,069,59416,4577,4225,43,4268,33
2021-01-08,San Bernardino,071,2135413,243763,224267,6859,231126,1703
2021-01-08,San Diego,073,3302833,205024,185060,9441,194501,1771
2021-01-08,San Francisco,075,870044,27749,26378,329,26707,207
2021-01-08,San Joaquin,077,732212,54576,50990,2087,53077,710
2021-01-08,San Luis Obispo,079,281455,14878,13286,338,13624,119
2021-01-08,San Mateo,081,765935,31167,28072,168,28240,204
2021-01-08,Santa Barbara,083,443738,22883,20461,666,21127,189
2021-01-08,Santa Clara,085,1922200,87550,80561,371,80932,789
2021-01-08,Santa Cruz,087,273765,12059,10486,493,10979,106
2021-01-08,Shasta,089,179085,9336,8772,886,9658,81
2021-01-08,Sierra,091,2930,38,31,6,37,0
2021-01-08,Siskiyou,093,43540,1184,1027,154,1181,3
2021-01-08,Solano,095,438530,23817,21832,252,22084,100
2021-01-08,Sonoma,097,501317,22668,21178,119,21297,201
2021-01-08,Stanislaus,099,539301,40743,37858,3927,41785,566
2021-01-08,Sutter,101,95872,7356,6982,55,7037,68
2021-01-08,Tehama,103,63373,3646,3406,367,3773,15
2021-01-08,Trinity,105,12862,437,247,63,310,2
2021-01-08,Tulare,107,460477,40019,36946,4923,41869,491
2021-01-08,Tuolumne,109,53932,3151,3099,26,3125,19
2021-01-08,Ventura,111,848112,55967,50553,1954,52507,294
2021-01-08,Yolo,113,214977,10297,9391,93,9484,129
2021-01-08,Yuba,115,75493,4503,4195,45,4240,26
2021-01-07,Alameda,001,1643700,62959,57921,1279,59200,632
2021-01-07,Alpine,003,1148,71,70,0,70,0
2021-01-07,Amador,005,37829,2937,2740,23,2763,24
2021-01-07,Butte,007,227075,9223,8278,1151,9429,112
2021-01-07,Calaveras,009,45235,1442,1342,6,1348,21
2021-01-07,Colusa,011,21464,1514,1420,134,1554,7
2021-01-07,Contra Costa,013,1133247,48659,44756,769,45525,376
2021-01-07,Del Norte,015,27424,840,791,2,793,2
2021-01-07,El Dorado,017,186661,7428,6545,436,6981,36
2021-01-07,Fresno,019,978130,79651,72557,5764,78321,765
2021-01-07,Glenn,021,27897,1858,1639,344,1983,9
2021-01-07,Humboldt,023,135768,2145,1954,7,1961,22
2021-01-07,Imperial,025,180216,24844,23608,1887,25495,431
2021-01-07,Inyo,027,18085,848,656,10,666,20
2021-01-07,Kern,029,883053,76779,70953,6537,77490,660
2021-01-07,Kings,031,150075,18430,17238,689,17927,108
2021-01-07,Lake,033,64148,2317,2054,0,2054,26
2021-01-07,Lassen,035,31185,4685,4581,64,4645,1
2021-01-07,Los Angeles,037,10098052,945929,853187,29188,882375,11480
2021-01-07,Madera,039,155013,12683,11644,578,12222,76
2021-01-07,Marin,041,260295,11026,10364,107,10471,153
2021-01-07,Mariposa,043,17540,313,264,2,266,3
2021-01-07,Mendocino,045,87422,2843,2585,34,2619,30
2021-01-07,Merced,047,269075,22187,20510,505,21015,234
2021-01-07,Modoc,049,8938,293,265,79,344,0
2021-01-07,Mono,051,14174,1016,905,13,918,3
2021-01-07,Monterey,053,433212,33279,30903,919,31822,222
2021-01-07,Napa,055,140530,7037,6408,26,6434,32
2021-01-07,Nevada,057,99092,3133,2847,110,2957,17
2021-01-07,Orange,059,3164182,198960,181922,8040,189962,1974
2021-01-07,Placer,061,380077,16986,15155,753,15908,144
2021-01-07,Plumas,063,18699,544,454,9,463,2
2021-01-07,Riverside,065,2383286,227617,208177,10675,218852,2156
2021-01-07,Sacramento,067,1510023,75806,72342,795,73137,919
2021-01-07,San Benito,069,59416,4516,4112,39,4151,33
2021-01-07,San Bernardino,071,2135413,240306,219691,6777,226468,1666
2021-01-07,San Diego,073,3302833,201718,180510,9263,189773,1738
2021-01-07,San Francisco,075,870044,27420,25885,314,26199,202
2021-01-07,San Joaquin,077,732212,53895,50156,2057,52213,689
2021-01-07,San Luis Obispo,079,281455,14639,12810,325,13135,118
2021-01-07,San Mateo,081,765935,30658,27494,164,27658,201
2021-01-07,Santa Barbara,083,443738,22456,19931,655,20586,187
2021-01-07,Santa Clara,085,1922200,86380,78808,368,79176,775
2021-01-07,Santa Cruz,087,273765,11850,10228,485,10713,104
2021-01-07,Shasta,089,179085,9248,8612,878,9490,81
2021-01-07,Sierra,091,2930,38,31,6,37,0
2021-01-07,Siskiyou,093,43540,1179,1010,152,1162,3
2021-01-07,Solano,095,438530,23425,21384,248,21632,100
2021-01-07,Sonoma,097,501317,22407,20857,118,20975,200
2021-01-07,Stanislaus,099,539301,40326,37296,3874,41170,553
2021-01-07,Sutter,101,95872,7297,6890,54,6944,65
2021-01-07,Tehama,103,63373,3622,3330,359,3689,15
2021-01-07,Trinity,105,12862,437,247,63,310,2
2021-01-07,Tulare,107,460477,39618,36397,4790,41187,482
2021-01-07,Tuolumne,109,53932,3131,3068,25,3093,14
2021-01-07,Ventura,111,848112,54806,49083,1926,51009,288
2021-01-07,Yolo,113,214977,10157,9207,91,9298,128
2021-01-07,Yuba,115,75493,4461,4128,45,4173,25
2021-01-06,Alameda,001,1643700,62104,57081,1250,58331,616
2021-01-06,Alpine,003,1148,71,70,0,70,0
2021-01-06,Amador,005,37829,2916,2717,22,2739,24
2021-01-06,Butte,007,227075,9108,8147,1131,9278,110
2021-01-06,Calaveras,009,45235,1419,1321,6,1327,21
2021-01-06,Colusa,011,21464,1493,1385,129,1514,7
2021-01-06,Contra Costa,013,1133247,47866,44054,753,44807,358
2021-01-06,Del Norte,015,27424,834,780,2,782,2
2021-01-06,El Dorado,017,186661,7316,6397,423,6820,35
2021-01-06,Fresno,019,978130,78808,71404,5662,77066,752
2021-01-06,Glenn,021,27897,1832,1622,339,1961,9
2021-01-06,Humboldt,023,135768,2119,1912,7,1919,22
2021-01-06,Imperial,025,180216,24599,23400,1845,25245,431
2021-01-06,Inyo,027,18085,832,630,10,640,20
2021-01-06,Kern,029,883053,75835,69893,6406,76299,646
2021-01-06,Kings,031,150075,18232,17019,669,17688,108
2021-01-06,Lake,033,64148,2280,2033,0,2033,26
2021-01-06,Lassen,035,31185,4673,4560,60,4620,1
2021-01-06,Los Angeles,037,10098052,929985,835052,28489,863541,11285
2021-01-06,Madera,039,155013,12547,11407,572,11979,67
2021-01-06,Marin,041,260295,10898,10282,106,10388,153
2021-01-06,Mariposa,043,17540,310,259,2,261,3
2021-01-06,Mendocino,045,87422,2813,2561,34,2595,30
2021-01-06,Merced,047,269075,21850,20258,489,20747,232
2021-01-06,Modoc,049,8938,293,263,79,342,0
2021-01-06,Mono,051,14174,985,905,13,918,3
2021-01-06,Monterey,053,433212,32678,30387,887,31274,222
2021-01-06,Napa,055,140530,6907,6342,26,6368,32
2021-01-06,Nevada,057,99092,3113,2805,109,2914,15
2021-01-06,Orange,059,3164182,195510,177686,7899,185585,1935
2021-01-06,Placer,061,380077,16798,14940,735,15675,134
2021-01-06,Plumas,063,18699,536,445,9,454,2
2021-01-06,Riverside,065,2383286,223596,203714,10489,214203,2121
2021-01-06,Sacramento,067,1510023,74782,71572,778,72350,909
2021-01-06,San Benito,069,59416,4440,4031,38,4069,32
2021-01-06,San Bernardino,071,2135413,236597,215286,6669,221955,1634
2021-01-06,San Diego,073,3302833,198218,176660,9092,185752,1691
2021-01-06,San Francisco,075,870044,27051,25424,306,25730,199
2021-01-06,San Joaquin,077,732212,53140,49286,2016,51302,673
2021-01-06,San Luis Obispo,079,281455,14246,12305,318,12623,115
2021-01-06,San Mateo,081,765935,30233,27050,161,27211,200
2021-01-06,Santa Barbara,083,443738,21967,19453,646,20099,177
2021-01-06,Santa Clara,085,1922200,85012,77485,361,77846,746
2021-01-06,Santa Cruz,087,273765,11631,9954,467,10421,97
2021-01-06,Shasta,089,179085,9178,8482,871,9353,78
2021-01-06,Sierra,091,2930,37,31,6,37,0
2021-01-06,Siskiyou,093,43540,1167,998,148,1146,3
2021-01-06,Solano,095,438530,23042,21102,245,21347,99
2021-01-06,Sonoma,097,501317,22100,20558,118,20676,196
2021-01-06,Stanislaus,099,539301,39759,36751,3815,40566,553
2021-01-06,Sutter,101,95872,7216,6839,53,6892,59
2021-01-06,Tehama,103,63373,3594,3306,353,3659,15
2021-01-06,Trinity,105,12862,437,246,63,309,2
2021-01-06,Tulare,107,460477,39067,35882,4693,40575,465
2021-01-06,Tuolumne,109,53932,3111,3008,25,3033,14
2021-01-06,Ventura,111,848112,53563,47428,1902,49330,280
2021-01-06,Yolo,113,214977,9992,9083,88,9171,127
2021-01-06,Yuba,115,75493,4412,4097,45,4142,25
2021-01-05,Alameda,001,1643700,60988,56432,1216,57648,602
2021-01-05,Alpine,003,1148,71,70,0,70,0
2021-01-05,Amador,005,37829,2876,2695,22,2717,24
2021-01-05,Butte,007,227075,8967,8008,1103,9111,107
2021-01-05,Calaveras,009,45235,1373,1292,6,1298,21
2021-01-05,Colusa,011,21464,1468,1376,123,1499,7
2021-01-05,Contra Costa,013,1133247,46993,43442,741,44183,353
2021-01-05,Del Norte,015,27424,827,770,2,772,2
2021-01-05,El Dorado,017,186661,7198,6270,402,6672,32
2021-01-05,Fresno,019,978130,77586,70971,5568,76539,741
2021-01-05,Glenn,021,27897,1809,1608,323,1931,9
2021-01-05,Humboldt,023,135768,2083,1884,7,1891,22
2021-01-05,Imperial,025,180216,24426,23165,1802,24967,421
2021-01-05,Inyo,027,18085,818,627,10,637,20
2021-01-05,Kern,029,883053,74758,68257,6266,74523,624
2021-01-05,Kings,031,150075,18033,16860,646,17506,108
2021-01-05,Lake,033,64148,2233,2015,0,2015,25
2021-01-05,Lassen,035,31185,4658,4554,56,4610,1
2021-01-05,Los Angeles,037,10098052,911253,823783,27818,851601,11028
2021-01-05,Madera,039,155013,12371,11359,559,11918,67
2021-01-05,Marin,041,260295,10746,10214,105,10319,151
2021-01-05,Mariposa,043,17540,304,257,2,259,3
2021-01-05,Mendocino,045,87422,2777,2501,34,2535,30
2021-01-05,Merced,047,269075,21499,20051,477,20528,230
2021-01-05,Modoc,049,8938,293,254,79,333,0
2021-01-05,Mono,051,14174,979,896,13,909,3
2021-01-05,Monterey,053,433212,32128,30045,854,30899,213
2021-01-05,Napa,055,140530,6820,6264,26,6290,29
2021-01-05,Nevada,057,99092,3085,2781,107,2888,15
2021-01-05,Orange,059,3164182,191874,174869,7704,182573,1918
2021-01-05,Placer,061,380077,16575,14723,712,15435,133
2021-01-05,Plumas,063,18699,529,428,9,437,2
2021-01-05,Riverside,065,2383286,219471,200439,10314,210753,2069
2021-01-05,Sacramento,067,1510023,73854,70677,752,71429,888
2021-01-05,San Benito,069,59416,4338,3961,36,3997,28
2021-01-05,San Bernardino,071,2135413,232652,212522,6554,219076,1615
2021-01-05,San Diego,073,3302833,194078,172845,8878,181723,1654
2021-01-05,San Francisco,075,870044,26684,24989,288,25277,196
2021-01-05,San Joaquin,077,732212,52269,48969,1969,50938,663
2021-01-05,San Luis Obispo,079,281455,13847,12027,308,12335,106
2021-01-05,San Mateo,081,765935,29752,26486,159,26645,198
2021-01-05,Santa Barbara,083,443738,21521,19063,637,19700,172
2021-01-05,Santa Clara,085,1922200,83483,76355,348,76703,729
2021-01-05,Santa Cruz,087,273765,11358,9753,443,10196,93
2021-01-05,Shasta,089,179085,9071,8345,853,9198,73
2021-01-05,Sierra,091,2930,37,31,6,37,0
2021-01-05,Siskiyou,093,43540,1155,985,146,1131,3
2021-01-05,Solano,095,438530,22635,20860,240,21100,97
2021-01-05,Sonoma,097,501317,21741,20247,117,20364,194
2021-01-05,Stanislaus,099,539301,39215,36363,3764,40127,553
2021-01-05,Sutter,101,95872,7119,6769,52,6821,59
2021-01-05,Tehama,103,63373,3538,3255,348,3603,9
2021-01-05,Trinity,105,12862,437,246,63,309,2
2021-01-05,Tulare,107,460477,38452,35585,4548,40133,455
2021-01-05,Tuolumne,109,53932,3087,2996,20,3016,13
2021-01-05,Ventura,111,848112,52318,46456,1880,48336,264
2021-01-05,Yolo,113,214977,9817,8980,87,9067,127
2021-01-05,Yuba,115,75493,4353,4053,44,4097,21
2021-01-04,Alameda,001,1643700,59765,55899,1182,57081,583
2021-01-04,Alpine,003,1148,71,68,0,68,0
2021-01-04,Amador,005,37829,2836,2596,22,2618,24
2021-01-04,Butte,007,227075,8808,7893,1082,8975,105
2021-01-04,Calaveras,009,45235,1332,1276,5,1281,21
2021-01-04,Colusa,011,21464,1443,1368,109,1477,7
2021-01-04,Contra Costa,013,1133247,46132,43019,715,43734,353
2021-01-04,Del Norte,015,27424,817,770,2,772,2
2021-01-04,El Dorado,017,186661,7064,6152,386,6538,27
2021-01-04,Fresno,019,978130,76317,69871,5470,75341,726
2021-01-04,Glenn,021,27897,1776,1590,318,1908,9
2021-01-04,Humboldt,023,135768,2047,1845,7,1852,22
2021-01-04,Imperial,025,180216,24276,23035,1749,24784,420
2021-01-04,Inyo,027,18085,792,623,10,633,20
2021-01-04,Kern,029,883053,73674,67418,6069,73487,623
2021-01-04,Kings,031,150075,17756,16801,621,17422,108
2021-01-04,Lake,033,64148,2194,1984,0,1984,25
2021-01-04,Lassen,035,31185,4636,4550,55,4605,1
2021-01-04,Los Angeles,037,10098052,891139,813022,26948,839970,10790
2021-01-04,Madera,039,155013,12151,11204,537,11741,67
2021-01-04,Marin,041,260295,10609,10115,102,10217,151
2021-01-04,Mariposa,043,17540,298,253,2,255,3
2021-01-04,Mendocino,045,87422,2737,2460,30,2490,28
2021-01-04,Merced,047,269075,21084,19804,458,20262,230
2021-01-04,Modoc,049,8938,277,250,77,327,0
2021-01-04,Mono,051,14174,968,895,13,908,3
2021-01-04,Monterey,053,433212,31509,29659,832,30491,212
2021-01-04,Napa,055,140530,6679,6187,26,6213,29
2021-01-04,Nevada,057,99092,3047,2765,104,2869,15
2021-01-04,Orange,059,3164182,187983,172458,7577,180035,1918
2021-01-04,Placer,061,380077,16316,14622,699,15321,133
2021-01-04,Plumas,063,18699,519,419,9,428,1
2021-01-04,Riverside,065,2383286,214916,196809,10123,206932,2066
2021-01-04,Sacramento,067,1510023,72800,70164,742,70906,870
2021-01-04,San Benito,069,59416,4225,3914,36,3950,28
2021-01-04,San Bernardino,071,2135413,228397,210868,6403,217271,1615
2021-01-04,San Diego,073,3302833,189504,171031,8682,179713,1598
2021-01-04,San Francisco,075,870044,26296,24753,282,25035,191
2021-01-04,San Joaquin,077,732212,51368,48644,1927,50571,661
2021-01-04,San Luis Obispo,079,281455,13361,11945,300,12245,96
2021-01-04,San Mateo,081,765935,29188,26150,154,26304,198
2021-01-04,Santa Barbara,083,443738,20998,18735,606,19341,165
2021-01-04,Santa Clara,085,1922200,81723,75297,340,75637,727
2021-01-04,Santa Cruz,087,273765,11070,9680,426,10106,85
2021-01-04,Shasta,089,179085,8966,8224,836,9060,72
2021-01-04,Sierra,091,2930,36,30,6,36,0
2021-01-04,Siskiyou,093,43540,1138,980,143,1123,3
2021-01-04,Solano,095,438530,22135,20588,233,20821,97
2021-01-04,Sonoma,097,501317,21403,20210,116,20326,194
2021-01-04,Stanislaus,099,539301,38653,36141,3707,39848,553
2021-01-04,Sutter,101,95872,7023,6712,51,6763,56
2021-01-04,Tehama,103,63373,3465,3190,343,3533,9
2021-01-04,Trinity,105,12862,434,245,63,308,2
2021-01-04,Tulare,107,460477,37899,35060,4445,39505,455
2021-01-04,Tuolumne,109,53932,3062,2987,20,3007,13
2021-01-04,Ventura,111,848112,50815,45014,1860,46874,255
2021-01-04,Yolo,113,214977,9622,8834,81,8915,121
2021-01-04,Yuba,115,75493,4295,4023,44,4067,21
2021-01-03,Alameda,001,1643700,58504,55082,1155,56237,580
2021-01-03,Alpine,003,1148,69,68,0,68,0
2021-01-03,Amador,005,37829,2772,2565,22,2587,24
2021-01-03,Butte,007,227075,8614,7837,1036,8873,105
2021-01-03,Calaveras,009,45235,1295,1249,3,1252,21
2021-01-03,Colusa,011,21464,1414,1337,103,1440,7
2021-01-03,Contra Costa,013,1133247,45244,42432,690,43122,352
2021-01-03,Del Norte,015,27424,805,768,2,770,2
2021-01-03,El Dorado,017,186661,6936,6034,369,6403,27
2021-01-03,Fresno,019,978130,75167,69326,5351,74677,719
2021-01-03,Glenn,021,27897,1751,1581,312,1893,9
2021-01-03,Humboldt,023,135768,2010,1833,7,1840,21
2021-01-03,Imperial,025,180216,24029,22951,1671,24622,419
2021-01-03,Inyo,027,18085,774,615,10,625,20
2021-01-03,Kern,029,883053,72413,66895,5891,72786,609
2021-01-03,Kings,031,150075,17480,16593,591,17184,108
2021-01-03,Lake,033,64148,2141,1976,0,1976,24
2021-01-03,Lassen,035,31185,4603,4531,54,4585,1
2021-01-03,Los Angeles,037,10098052,869102,792168,25881,818049,10633
2021-01-03,Madera,039,155013,11928,11152,514,11666,67
2021-01-03,Marin,041,260295,10458,10034,97,10131,150
2021-01-03,Mariposa,043,17540,291,248,2,250,3
2021-01-03,Mendocino,045,87422,2697,2445,29,2474,24
2021-01-03,Merced,047,269075,20616,19600,431,20031,230
2021-01-03,Modoc,049,8938,273,245,76,321,0
2021-01-03,Mono,051,14174,943,893,13,906,3
2021-01-03,Monterey,053,433212,30916,29357,797,30154,191
2021-01-03,Napa,055,140530,6578,6094,26,6120,29
2021-01-03,Nevada,057,99092,2986,2742,101,2843,15
2021-01-03,Orange,059,3164182,183797,169881,7384,177265,1919
2021-01-03,Placer,061,380077,16067,14319,675,14994,133
2021-01-03,Plumas,063,18699,506,416,9,425,1
2021-01-03,Riverside,065,2383286,210039,195048,9877,204925,2005
2021-01-03,Sacramento,067,1510023,71593,68558,721,69279,859
2021-01-03,San Benito,069,59416,4128,3882,35,3917,28
2021-01-03,San Bernardino,071,2135413,223079,208294,6230,214524,1592
2021-01-03,San Diego,073,3302833,184244,168018,8453,176471,1592
2021-01-03,San Francisco,075,870044,25799,24588,264,24852,193
2021-01-03,San Joaquin,077,732212,50251,47899,1870,49769,661
2021-01-03,San Luis Obispo,079,281455,12892,11636,291,11927,95
2021-01-03,San Mateo,081,765935,28594,25770,147,25917,196
2021-01-03,Santa Barbara,083,443738,20265,18267,589,18856,164
2021-01-03,Santa Clara,085,1922200,80135,74534,334,74868,720
2021-01-03,Santa Cruz,087,273765,10766,9528,411,9939,84
2021-01-03,Shasta,089,179085,8840,8192,796,8988,72
2021-01-03,Sierra,091,2930,36,30,6,36,0
2021-01-03,Siskiyou,093,43540,1105,976,134,1110,3
2021-01-03,Solano,095,438530,21606,20105,227,20332,97
2021-01-03,Sonoma,097,501317,21015,19982,113,20095,193
2021-01-03,Stanislaus,099,539301,37946,35762,3622,39384,553
2021-01-03,Sutter,101,95872,6926,6664,50,6714,53
2021-01-03,Tehama,103,63373,3408,3176,336,3512,9
2021-01-03,Trinity,105,12862,429,243,61,304,2
2021-01-03,Tulare,107,460477,37337,34747,4297,39044,455
2021-01-03,Tuolumne,109,53932,3002,2978,17,2995,13
2021-01-03,Ventura,111,848112,48990,43748,1842,45590,254
2021-01-03,Yolo,113,214977,9465,8674,77,8751,121
2021-01-03,Yuba,115,75493,4241,3966,43,4009,20
2021-01-02,Alameda,001,1643700,57877,54518,1124,55642,581
2021-01-02,Alpine,003,1148,69,68,0,68,0
2021-01-02,Amador,005,37829,2753,2540,22,2562,24
2021-01-02,Butte,007,227075,8508,7750,1014,8764,105
2021-01-02,Calaveras,009,45235,1275,1230,3,1233,21
2021-01-02,Colusa,011,21464,1404,1332,102,1434,7
2021-01-02,Contra Costa,013,1133247,44707,41993,679,42672,352
2021-01-02,Del Norte,015,27424,803,764,2,766,2
2021-01-02,El Dorado,017,186661,6881,5959,365,6324,27
2021-01-02,Fresno,019,978130,74623,68740,5237,73977,717
2021-01-02,Glenn,021,27897,1734,1546,311,1857,9
2021-01-02,Humboldt,023,135768,1983,1815,7,1822,21
2021-01-02,Imperial,025,180216,23943,22867,1635,24502,420
2021-01-02,Inyo,027,18085,761,609,10,619,20
2021-01-02,Kern,029,883053,71693,66457,5779,72236,610
2021-01-02,Kings,031,150075,17386,16515,587,17102,108
2021-01-02,Lake,033,64148,2105,1925,0,1925,24
2021-01-02,Lassen,035,31185,4592,4457,53,4510,1
2021-01-02,Los Angeles,037,10098052,860741,791892,25181,817073,10633
2021-01-02,Madera,039,155013,11817,11039,502,11541,67
2021-01-02,Marin,041,260295,10411,9924,94,10018,151
2021-01-02,Mariposa,043,17540,284,243,2,245,3
2021-01-02,Mendocino,045,87422,2654,2428,28,2456,24
2021-01-02,Merced,047,269075,20474,19395,414,19809,230
2021-01-02,Modoc,049,8938,272,245,76,321,0
2021-01-02,Mono,051,14174,932,884,13,897,3
2021-01-02,Monterey,053,433212,30703,28991,785,29776,191
2021-01-02,Napa,055,140530,6519,5994,26,6020,29
2021-01-02,Nevada,057,99092,2957,2706,97,2803,15
2021-01-02,Orange,059,3164182,181588,168457,7235,175692,1918
2021-01-02,Placer,061,380077,15894,14182,666,14848,133
2021-01-02,Plumas,063,18699,503,413,9,422,1
2021-01-02,Riverside,065,2383286,207399,192069,9651,201720,2008
2021-01-02,Sacramento,067,1510023,70959,67810,704,68514,858
2021-01-02,San Benito,069,59416,4045,3829,35,3864,28
2021-01-02,San Bernardino,071,2135413,221423,206939,6105,213044,1597
2021-01-02,San Diego,073,3302833,181645,164498,8256,172754,1592
2021-01-02,San Francisco,075,870044,25539,24414,257,24671,194
2021-01-02,San Joaquin,077,732212,49870,47310,1841,49151,662
2021-01-02,San Luis Obispo,079,281455,12756,11467,285,11752,95
2021-01-02,San Mateo,081,765935,28258,25483,139,25622,196
2021-01-02,Santa Barbara,083,443738,19976,18135,586,18721,164
2021-01-02,Santa Clara,085,1922200,78949,73662,328,73990,720
2021-01-02,Santa Cruz,087,273765,10611,9340,402,9742,85
2021-01-02,Shasta,089,179085,8774,8154,785,8939,72
2021-01-02,Sierra,091,2930,36,28,6,34,0
2021-01-02,Siskiyou,093,43540,1094,949,132,1081,3
2021-01-02,Solano,095,438530,21406,19805,217,20022,97
2021-01-02,Sonoma,097,501317,20846,19761,113,19874,194
2021-01-02,Stanislaus,099,539301,37613,35431,3557,38988,553
2021-01-02,Sutter,101,95872,6874,6621,50,6671,53
2021-01-02,Tehama,103,63373,3381,3146,332,3478,9
2021-01-02,Trinity,105,12862,426,243,61,304,2
2021-01-02,Tulare,107,460477,37018,34479,4222,38701,455
2021-01-02,Tuolumne,109,53932,2988,2942,15,2957,13
2021-01-02,Ventura,111,848112,47835,43397,1807,45204,254
2021-01-02,Yolo,113,214977,9367,8571,75,8646,122
2021-01-02,Yuba,115,75493,4202,3930,42,3972,21
2021-01-01,Alameda,001,1643700,57228,53518,1110,54628,579
2021-01-01,Alpine,003,1148,69,68,0,68,0
2021-01-01,Amador,005,37829,2727,2513,20,2533,24
2021-01-01,Butte,007,227075,8406,7589,992,8581,105
2021-01-01,Calaveras,009,45235,1260,1186,3,1189,21
2021-01-01,Colusa,011,21464,1395,1314,100,1414,7
2021-01-01,Contra Costa,013,1133247,44228,41412,661,42073,351
2021-01-01,Del Norte,015,27424,796,758,2,760,2
2021-01-01,El Dorado,017,186661,6789,5832,357,6189,27
2021-01-01,Fresno,019,978130,73550,67484,5151,72635,717
2021-01-01,Glenn,021,27897,1717,1520,302,1822,9
2021-01-01,Humboldt,023,135768,1944,1783,7,1790,21
2021-01-01,Imperial,025,180216,23854,22715,1583,24298,418
2021-01-01,Inyo,027,18085,737,606,10,616,20
2021-01-01,Kern,029,883053,70867,65571,5671,71242,609
2021-01-01,Kings,031,150075,17203,16358,580,16938,108
2021-01-01,Lake,033,64148,2072,1888,0,1888,24
2021-01-01,Lassen,035,31185,4586,4377,53,4430,1
2021-01-01,Los Angeles,037,10098052,846538,775578,24493,800071,10515
2021-01-01,Madera,039,155013,11657,10752,493,11245,66
2021-01-01,Marin,041,260295,10304,9821,93,9914,148
2021-01-01,Mariposa,043,17540,276,236,2,238,3
2021-01-01,Mendocino,045,87422,2600,2400,28,2428,24
2021-01-01,Merced,047,269075,20290,19118,398,19516,229
2021-01-01,Modoc,049,8938,272,241,76,317,0
2021-01-01,Mono,051,14174,914,884,12,896,3
2021-01-01,Monterey,053,433212,30463,28465,776,29241,191
2021-01-01,Napa,055,140530,6433,5899,26,5925,28
2021-01-01,Nevada,057,99092,2933,2663,97,2760,15
2021-01-01,Orange,059,3164182,178789,165440,7091,172531,1893
2021-01-01,Placer,061,380077,15704,13987,651,14638,133
2021-01-01,Plumas,063,18699,498,412,9,421,1
2021-01-01,Riverside,065,2383286,204211,188674,9393,198067,1990
2021-01-01,Sacramento,067,1510023,70362,66956,687,67643,848
2021-01-01,San Benito,069,59416,4007,3773,35,3808,28
2021-01-01,San Bernardino,071,2135413,218590,203651,5973,209624,1590
2021-01-01,San Diego,073,3302833,178572,160071,8077,168148,1592
2021-01-01,San Francisco,075,870044,25264,24145,246,24391,187
2021-01-01,San Joaquin,077,732212,49577,46640,1795,48435,657
2021-01-01,San Luis Obispo,079,281455,12528,11160,277,11437,94
2021-01-01,San Mateo,081,765935,27810,25041,135,25176,194
2021-01-01,Santa Barbara,083,443738,19656,17759,576,18335,164
2021-01-01,Santa Clara,085,1922200,77669,71904,322,72226,680
2021-01-01,Santa Cruz,087,273765,10431,9146,392,9538,84
2021-01-01,Shasta,089,179085,8693,8102,768,8870,72
2021-01-01,Sierra,091,2930,36,26,6,32,0
2021-01-01,Siskiyou,093,43540,1080,944,127,1071,3
2021-01-01,Solano,095,438530,21191,19393,215,19608,97
2021-01-01,Sonoma,097,501317,20650,19513,113,19626,189
2021-01-01,Stanislaus,099,539301,37324,34978,3495,38473,553
2021-01-01,Sutter,101,95872,6817,6553,49,6602,52
2021-01-01,Tehama,103,63373,3323,3079,325,3404,9
2021-01-01,Trinity,105,12862,426,243,61,304,2
2021-01-01,Tulare,107,460477,36605,33994,4127,38121,454
2021-01-01,Tuolumne,109,53932,2972,2909,15,2924,13
2021-01-01,Ventura,111,848112,46342,42026,1780,43806,253
2021-01-01,Yolo,113,214977,9256,8461,72,8533,120
2021-01-01,Yuba,115,75493,4148,3845,41,3886,19
2020-12-31,Alameda,001,1643700,56677,52475,1079,53554,579
2020-12-31,Alpine,003,1148,69,66,0,66,0
2020-12-31,Amador,005,37829,2713,2493,20,2513,24
2020-12-31,Butte,007,227075,8331,7405,973,8378,105
2020-12-31,Calaveras,009,45235,1249,1161,3,1164,21
2020-12-31,Colusa,011,21464,1386,1301,97,1398,7
2020-12-31,Contra Costa,013,1133247,43839,40512,646,41158,336
2020-12-31,Del Norte,015,27424,795,748,2,750,2
2020-12-31,El Dorado,017,186661,6737,5662,348,6010,26
2020-12-31,Fresno,019,978130,73117,66442,5089,71531,711
2020-12-31,Glenn,021,27897,1689,1484,294,1778,9
2020-12-31,Humboldt,023,135768,1927,1713,7,1720,21
2020-12-31,Imperial,025,180216,23783,22494,1567,24061,417
2020-12-31,Inyo,027,18085,729,591,10,601,20
2020-12-31,Kern,029,883053,70395,64904,5579,70483,609
2020-12-31,Kings,031,150075,17128,16077,572,16649,108
2020-12-31,Lake,033,64148,2057,1848,0,1848,23
2020-12-31,Lassen,035,31185,4580,4340,52,4392,1
2020-12-31,Los Angeles,037,10098052,841205,755844,24030,779874,10320
2020-12-31,Madera,039,155013,11584,10609,485,11094,64
2020-12-31,Marin,041,260295,10261,9731,92,9823,148
2020-12-31,Mariposa,043,17540,274,217,2,219,3
2020-12-31,Mendocino,045,87422,2585,2367,24,2391,24
2020-12-31,Merced,047,269075,20200,18808,388,19196,226
2020-12-31,Modoc,049,8938,272,238,76,314,0
2020-12-31,Mono,051,14174,906,868,12,880,3
2020-12-31,Monterey,053,433212,30234,27720,764,28484,188
2020-12-31,Napa,055,140530,6370,5801,26,5827,28
2020-12-31,Nevada,057,99092,2910,2619,95,2714,15
2020-12-31,Orange,059,3164182,176901,161586,6958,168544,1866
2020-12-31,Placer,061,380077,15548,13708,648,14356,126
2020-12-31,Plumas,063,18699,493,401,8,409,1
2020-12-31,Riverside,065,2383286,202534,184193,9260,193453,1958
2020-12-31,Sacramento,067,1510023,69832,65817,677,66494,830
2020-12-31,San Benito,069,59416,3983,3673,35,3708,28
2020-12-31,San Bernardino,071,2135413,216949,199115,5905,205020,1586
2020-12-31,San Diego,073,3302833,176809,155593,7978,163571,1534
2020-12-31,San Francisco,075,870044,25032,23740,239,23979,183
2020-12-31,San Joaquin,077,732212,49258,45764,1756,47520,646
2020-12-31,San Luis Obispo,079,281455,12414,10846,277,11123,89
2020-12-31,San Mateo,081,765935,27480,24570,129,24699,192
2020-12-31,Santa Barbara,083,443738,19412,17434,569,18003,161
2020-12-31,Santa Clara,085,1922200,76860,70032,317,70349,665
2020-12-31,Santa Cruz,087,273765,10313,8909,380,9289,84
2020-12-31,Shasta,089,179085,8627,7996,758,8754,69
2020-12-31,Sierra,091,2930,36,26,6,32,0
2020-12-31,Siskiyou,093,43540,1064,940,124,1064,3
2020-12-31,Solano,095,438530,20960,18942,214,19156,97
2020-12-31,Sonoma,097,501317,20529,19129,112,19241,188
2020-12-31,Stanislaus,099,539301,37016,34398,3447,37845,552
2020-12-31,Sutter,101,95872,6786,6432,49,6481,51
2020-12-31,Tehama,103,63373,3288,3036,324,3360,9
2020-12-31,Trinity,105,12862,425,241,61,302,2
2020-12-31,Tulare,107,460477,36428,33412,4064,37476,446
2020-12-31,Tuolumne,109,53932,2963,2902,15,2917,12
2020-12-31,Ventura,111,848112,45831,40854,1763,42617,251
2020-12-31,Yolo,113,214977,9169,8295,71,8366,117
2020-12-31,Yuba,115,75493,4107,3799,40,3839,18
2020-12-30,Alameda,001,1643700,55900,50158,1026,51184,573
2020-12-30,Alpine,003,1148,69,66,0,66,0
2020-12-30,Amador,005,37829,2693,2418,19,2437,24
2020-12-30,Butte,007,227075,8169,7140,953,8093,103
2020-12-30,Calaveras,009,45235,1224,1135,3,1138,21
2020-12-30,Colusa,011,21464,1370,1289,91,1380,7
2020-12-30,Contra Costa,013,1133247,43254,39601,634,40235,337
2020-12-30,Del Norte,015,27424,790,726,2,728,2
2020-12-30,El Dorado,017,186661,6636,5595,338,5933,27
2020-12-30,Fresno,019,978130,72271,65566,4936,70502,711
2020-12-30,Glenn,021,27897,1658,1471,281,1752,9
2020-12-30,Humboldt,023,135768,1893,1654,7,1661,22
2020-12-30,Imperial,025,180216,23614,22098,1490,23588,412
2020-12-30,Inyo,027,18085,722,572,10,582,20
2020-12-30,Kern,029,883053,69667,63292,5435,68727,604
2020-12-30,Kings,031,150075,17009,15862,564,16426,108
2020-12-30,Lake,033,64148,2035,1731,0,1731,23
2020-12-30,Lassen,035,31185,4571,4300,52,4352,1
2020-12-30,Los Angeles,037,10098052,830294,741907,23340,765247,10046
2020-12-30,Madera,039,155013,11474,10249,474,10723,65
2020-12-30,Marin,041,260295,10171,9569,85,9654,148
2020-12-30,Mariposa,043,17540,270,214,2,216,3
2020-12-30,Mendocino,045,87422,2567,2291,21,2312,24
2020-12-30,Merced,047,269075,19910,18519,378,18897,225
2020-12-30,Modoc,049,8938,269,234,76,310,0
2020-12-30,Mono,051,14174,903,868,12,880,3
2020-12-30,Monterey,053,433212,29604,26977,742,27719,186
2020-12-30,Napa,055,140530,6264,5754,26,5780,28
2020-12-30,Nevada,057,99092,2875,2595,93,2688,15
2020-12-30,Orange,059,3164182,174242,153951,6768,160719,1863
2020-12-30,Placer,061,380077,15316,13540,636,14176,127
2020-12-30,Plumas,063,18699,488,397,8,405,1
2020-12-30,Riverside,065,2383286,199586,176402,9075,185477,1919
2020-12-30,Sacramento,067,1510023,68959,64119,660,64779,847
2020-12-30,San Benito,069,59416,3902,3464,31,3495,29
2020-12-30,San Bernardino,071,2135413,214381,192648,5819,198467,1591
2020-12-30,San Diego,073,3302833,173176,152510,7803,160313,1472
2020-12-30,San Francisco,075,870044,24739,23099,234,23333,182
2020-12-30,San Joaquin,077,732212,48564,44465,1714,46179,634
2020-12-30,San Luis Obispo,079,281455,12146,10542,269,10811,89
2020-12-30,San Mateo,081,765935,27051,24150,125,24275,190
2020-12-30,Santa Barbara,083,443738,19010,16895,547,17442,161
2020-12-30,Santa Clara,085,1922200,75612,67218,313,67531,661
2020-12-30,Santa Cruz,087,273765,10119,8787,371,9158,86
2020-12-30,Shasta,089,179085,8513,7818,744,8562,69
2020-12-30,Sierra,091,2930,36,25,6,31,0
2020-12-30,Siskiyou,093,43540,1057,913,115,1028,3
2020-12-30,Solano,095,438530,20568,18300,211,18511,96
2020-12-30,Sonoma,097,501317,20272,18947,112,19059,191
2020-12-30,Stanislaus,099,539301,36552,33730,3372,37102,526
2020-12-30,Sutter,101,95872,6725,6328,47,6375,51
2020-12-30,Tehama,103,63373,3244,2969,320,3289,9
2020-12-30,Trinity,105,12862,424,231,60,291,2
2020-12-30,Tulare,107,460477,35878,32413,4000,36413,430
2020-12-30,Tuolumne,109,53932,2953,2772,13,2785,12
2020-12-30,Ventura,111,848112,44543,39039,1739,40778,251
2020-12-30,Yolo,113,214977,9061,8067,69,8136,117
2020-12-30,Yuba,115,75493,4036,3612,40,3652,18
2020-12-29,Alameda,001,1643700,54829,50946,990,51936,552
2020-12-29,Alpine,003,1148,69,65,0,65,0
2020-12-29,Amador,005,37829,2641,2388,18,2406,23
2020-12-29,Butte,007,227075,7996,7178,929,8107,98
2020-12-29,Calaveras,009,45235,1180,1111,2,1113,21
2020-12-29,Colusa,011,21464,1349,1272,86,1358,7
2020-12-29,Contra Costa,013,1133247,42454,39225,603,39828,325
2020-12-29,Del Norte,015,27424,783,724,2,726,2
2020-12-29,El Dorado,017,186661,6507,5551,325,5876,22
2020-12-29,Fresno,019,978130,70895,65149,4781,69930,688
2020-12-29,Glenn,021,27897,1624,1454,274,1728,9
2020-12-29,Humboldt,023,135768,1846,1616,7,1623,19
2020-12-29,Imperial,025,180216,23401,22105,1405,23510,407
2020-12-29,Inyo,027,18085,705,571,10,581,19
2020-12-29,Kern,029,883053,68501,63096,5263,68359,589
2020-12-29,Kings,031,150075,16840,15777,552,16329,108
2020-12-29,Lake,033,64148,2004,1805,0,1805,22
2020-12-29,Lassen,035,31185,4556,4288,52,4340,1
2020-12-29,Los Angeles,037,10098052,810108,731907,22477,754384,9786
2020-12-29,Madera,039,155013,11160,10251,459,10710,64
2020-12-29,Marin,041,260295,10019,9595,82,9677,146
2020-12-29,Mariposa,043,17540,262,212,2,214,3
2020-12-29,Mendocino,045,87422,2524,2249,20,2269,24
2020-12-29,Merced,047,269075,19560,18464,362,18826,221
2020-12-29,Modoc,049,8938,266,232,76,308,0
2020-12-29,Mono,051,14174,894,868,12,880,3
2020-12-29,Monterey,053,433212,28954,26894,715,27609,185
2020-12-29,Napa,055,140530,6146,5663,26,5689,28
2020-12-29,Nevada,057,99092,2827,2550,92,2642,15
2020-12-29,Orange,059,3164182,170451,154411,6600,161011,1839
2020-12-29,Placer,061,380077,15103,13392,615,14007,126
2020-12-29,Plumas,063,18699,479,395,8,403,1
2020-12-29,Riverside,065,2383286,194986,177624,8821,186445,1904
2020-12-29,Sacramento,067,1510023,67908,65078,646,65724,820
2020-12-29,San Benito,069,59416,3783,3474,30,3504,25
2020-12-29,San Bernardino,071,2135413,209564,190476,5682,196158,1557
2020-12-29,San Diego,073,3302833,168953,150062,7572,157634,1435
2020-12-29,San Francisco,075,870044,24401,22996,226,23222,178
2020-12-29,San Joaquin,077,732212,47644,44699,1659,46358,622
2020-12-29,San Luis Obispo,079,281455,11850,10387,261,10648,80
2020-12-29,San Mateo,081,765935,26508,23773,113,23886,189
2020-12-29,Santa Barbara,083,443738,18541,16797,521,17318,155
2020-12-29,Santa Clara,085,1922200,74068,67581,310,67891,621
2020-12-29,Santa Cruz,087,273765,9849,8492,362,8854,84
2020-12-29,Shasta,089,179085,8409,7782,729,8511,65
2020-12-29,Sierra,091,2930,34,24,5,29,0
2020-12-29,Siskiyou,093,43540,1042,926,113,1039,3
2020-12-29,Solano,095,438530,20186,18412,206,18618,96
2020-12-29,Sonoma,097,501317,19938,18790,110,18900,187
2020-12-29,Stanislaus,099,539301,36076,33775,3302,37077,508
2020-12-29,Sutter,101,95872,6658,6302,47,6349,50
2020-12-29,Tehama,103,63373,3176,2962,308,3270,9
2020-12-29,Trinity,105,12862,423,241,60,301,2
2020-12-29,Tulare,107,460477,35218,32545,3868,36413,419
2020-12-29,Tuolumne,109,53932,2912,2797,13,2810,12
2020-12-29,Ventura,111,848112,43288,38669,1713,40382,235
2020-12-29,Yolo,113,214977,8932,8124,67,8191,111
2020-12-29,Yuba,115,75493,3954,3723,40,3763,18
2020-12-28,Alameda,001,1643700,53788,50405,970,51375,551
2020-12-28,Alpine,003,1148,68,65,0,65,0
2020-12-28,Amador,005,37829,2571,2255,18,2273,23
2020-12-28,Butte,007,227075,7829,7053,898,7951,86
2020-12-28,Calaveras,009,45235,1157,1102,2,1104,21
2020-12-28,Colusa,011,21464,1324,1255,74,1329,7
2020-12-28,Contra Costa,013,1133247,41516,38872,576,39448,324
2020-12-28,Del Norte,015,27424,773,718,2,720,2
2020-12-28,El Dorado,017,186661,6351,5441,313,5754,18
2020-12-28,Fresno,019,978130,69625,64274,4630,68904,679
2020-12-28,Glenn,021,27897,1590,1435,262,1697,9
2020-12-28,Humboldt,023,135768,1811,1579,7,1586,19
2020-12-28,Imperial,025,180216,23142,22003,1332,23335,405
2020-12-28,Inyo,027,18085,698,569,10,579,19
2020-12-28,Kern,029,883053,67433,62392,5059,67451,579
2020-12-28,Kings,031,150075,16623,15733,535,16268,108
2020-12-28,Lake,033,64148,1963,1785,0,1785,22
2020-12-28,Lassen,035,31185,4449,4284,51,4335,1
2020-12-28,Los Angeles,037,10098052,787756,720699,21674,742373,9544
2020-12-28,Madera,039,155013,10986,10123,436,10559,64
2020-12-28,Marin,041,260295,9911,9546,76,9622,145
2020-12-28,Mariposa,043,17540,238,211,2,213,3
2020-12-28,Mendocino,045,87422,2489,2214,20,2234,23
2020-12-28,Merced,047,269075,19239,18245,343,18588,213
2020-12-28,Modoc,049,8938,261,220,75,295,0
2020-12-28,Mono,051,14174,890,848,12,860,3
2020-12-28,Monterey,053,433212,28105,26529,704,27233,182
2020-12-28,Napa,055,140530,6037,5576,26,5602,26
2020-12-28,Nevada,057,99092,2779,2532,88,2620,15
2020-12-28,Orange,059,3164182,166347,152089,6423,158512,1839
2020-12-28,Placer,061,380077,14763,13234,588,13822,126
2020-12-28,Plumas,063,18699,475,391,8,399,0
2020-12-28,Riverside,065,2383286,190086,174029,8531,182560,1855
2020-12-28,Sacramento,067,1510023,66672,64322,622,64944,813
2020-12-28,San Benito,069,59416,3714,3429,29,3458,24
2020-12-28,San Bernardino,071,2135413,204472,188919,5565,194484,1552
2020-12-28,San Diego,073,3302833,164209,147528,7390,154918,1404
2020-12-28,San Francisco,075,870044,24039,22726,221,22947,178
2020-12-28,San Joaquin,077,732212,46710,44172,1627,45799,618
2020-12-28,San Luis Obispo,079,281455,11498,10260,257,10517,76
2020-12-28,San Mateo,081,765935,26034,23467,109,23576,189
2020-12-28,Santa Barbara,083,443738,18073,16579,509,17088,155
2020-12-28,Santa Clara,085,1922200,72583,66418,303,66721,619
2020-12-28,Santa Cruz,087,273765,9581,8310,352,8662,81
2020-12-28,Shasta,089,179085,8292,7688,716,8404,65
2020-12-28,Sierra,091,2930,32,24,4,28,0
2020-12-28,Siskiyou,093,43540,1026,915,108,1023,3
2020-12-28,Solano,095,438530,19614,18171,200,18371,96
2020-12-28,Sonoma,097,501317,19591,18667,108,18775,185
2020-12-28,Stanislaus,099,539301,35527,33473,3238,36711,507
2020-12-28,Sutter,101,95872,6578,6253,47,6300,49
2020-12-28,Tehama,103,63373,3124,2934,301,3235,9
2020-12-28,Trinity,105,12862,421,240,60,300,2
2020-12-28,Tulare,107,460477,34534,32010,3761,35771,404
2020-12-28,Tuolumne,109,53932,2895,2777,13,2790,12
2020-12-28,Ventura,111,848112,41619,37151,1666,38817,230
2020-12-28,Yolo,113,214977,8777,8031,66,8097,111
2020-12-28,Yuba,115,75493,3893,3679,39,3718,18
2020-12-27,Alameda,001,1643700,52541,49764,943,50707,551
2020-12-27,Alpine,003,1148,66,65,0,65,0
2020-12-27,Amador,005,37829,2450,2218,18,2236,23
2020-12-27,Butte,007,227075,7674,7016,859,7875,86
2020-12-27,Calaveras,009,45235,1110,1097,2,1099,21
2020-12-27,Colusa,011,21464,1299,1253,71,1324,7
2020-12-27,Contra Costa,013,1133247,40584,38428,547,38975,324
2020-12-27,Del Norte,015,27424,750,712,2,714,2
2020-12-27,El Dorado,017,186661,6137,5388,290,5678,18
2020-12-27,Fresno,019,978130,68376,63811,4424,68235,679
2020-12-27,Glenn,021,27897,1562,1434,248,1682,9
2020-12-27,Humboldt,023,135768,1767,1575,7,1582,17
2020-12-27,Imperial,025,180216,22843,21934,1220,23154,405
2020-12-27,Inyo,027,18085,676,565,9,574,18
2020-12-27,Kern,029,883053,66152,61914,4888,66802,568
2020-12-27,Kings,031,150075,16387,15593,501,16094,108
2020-12-27,Lake,033,64148,1907,1769,0,1769,22
2020-12-27,Lassen,035,31185,4372,4230,44,4274,1
2020-12-27,Los Angeles,037,10098052,766260,707260,20789,728049,9476
2020-12-27,Madera,039,155013,10728,10005,426,10431,64
2020-12-27,Marin,041,260295,9788,9477,71,9548,144
2020-12-27,Mariposa,043,17540,231,208,2,210,3
2020-12-27,Mendocino,045,87422,2442,2209,20,2229,23
2020-12-27,Merced,047,269075,18871,18075,327,18402,213
2020-12-27,Modoc,049,8938,252,221,71,292,0
2020-12-27,Mono,051,14174,878,849,12,861,3
2020-12-27,Monterey,053,433212,27545,26322,687,27009,181
2020-12-27,Napa,055,140530,5903,5496,26,5522,26
2020-12-27,Nevada,057,99092,2743,2519,88,2607,15
2020-12-27,Orange,059,3164182,161949,149276,6235,155511,1839
2020-12-27,Placer,061,380077,14468,13017,556,13573,126
2020-12-27,Plumas,063,18699,469,390,8,398,0
2020-12-27,Riverside,065,2383286,185170,171995,8225,180220,1836
2020-12-27,Sacramento,067,1510023,65465,63416,600,64016,811
2020-12-27,San Benito,069,59416,3629,3394,29,3423,24
2020-12-27,San Bernardino,071,2135413,199397,186776,5428,192204,1551
2020-12-27,San Diego,073,3302833,159802,145777,7203,152980,1402
2020-12-27,San Francisco,075,870044,23694,22514,212,22726,178
2020-12-27,San Joaquin,077,732212,45674,43529,1577,45106,618
2020-12-27,San Luis Obispo,079,281455,11090,10154,252,10406,76
2020-12-27,San Mateo,081,765935,25469,23136,105,23241,187
2020-12-27,Santa Barbara,083,443738,17545,16364,482,16846,155
2020-12-27,Santa Clara,085,1922200,70952,65288,298,65586,619
2020-12-27,Santa Cruz,087,273765,9316,8234,343,8577,81
2020-12-27,Shasta,089,179085,8165,7671,694,8365,65
2020-12-27,Sierra,091,2930,32,24,3,27,0
2020-12-27,Siskiyou,093,43540,1016,914,103,1017,3
2020-12-27,Solano,095,438530,19119,17840,194,18034,96
2020-12-27,Sonoma,097,501317,19299,18487,107,18594,185
2020-12-27,Stanislaus,099,539301,34908,33076,3142,36218,506
2020-12-27,Sutter,101,95872,6497,6218,45,6263,48
2020-12-27,Tehama,103,63373,3055,2922,285,3207,9
2020-12-27,Trinity,105,12862,414,240,58,298,2
2020-12-27,Tulare,107,460477,33937,31864,3642,35506,400
2020-12-27,Tuolumne,109,53932,2789,2750,11,2761,12
2020-12-27,Ventura,111,848112,40556,36661,1613,38274,230
2020-12-27,Yolo,113,214977,8588,7919,62,7981,111
2020-12-27,Yuba,115,75493,3829,3665,37,3702,18
2020-12-26,Alameda,001,1643700,51927,49084,930,50014,551
2020-12-26,Alpine,003,1148,66,65,0,65,0
2020-12-26,Amador,005,37829,2436,2189,18,2207,23
2020-12-26,Butte,007,227075,7579,6968,834,7802,86
2020-12-26,Calaveras,009,45235,1104,1084,2,1086,21
2020-12-26,Colusa,011,21464,1289,1240,71,1311,7
2020-12-26,Contra Costa,013,1133247,40117,38008,532,38540,324
2020-12-26,Del Norte,015,27424,744,709,2,711,2
2020-12-26,El Dorado,017,186661,6082,5279,286,5565,18
2020-12-26,Fresno,019,978130,67906,63080,4361,67441,679
2020-12-26,Glenn,021,27897,1541,1413,243,1656,9
2020-12-26,Humboldt,023,135768,1729,1545,7,1552,17
2020-12-26,Imperial,025,180216,22751,21734,1168,22902,405
2020-12-26,Inyo,027,18085,663,554,9,563,18
2020-12-26,Kern,029,883053,65481,61174,4739,65913,564
2020-12-26,Kings,031,150075,16269,15517,497,16014,108
2020-12-26,Lake,033,64148,1866,1710,0,1710,22
2020-12-26,Lassen,035,31185,4351,3981,44,4025,1
2020-12-26,Los Angeles,037,10098052,757701,694149,20284,714433,9424
2020-12-26,Madera,039,155013,10651,9908,414,10322,64
2020-12-26,Marin,041,260295,9753,9413,70,9483,143
2020-12-26,Mariposa,043,17540,230,206,2,208,3
2020-12-26,Mendocino,045,87422,2396,2194,20,2214,23
2020-12-26,Merced,047,269075,18712,17890,322,18212,213
2020-12-26,Modoc,049,8938,249,222,71,293,0
2020-12-26,Mono,051,14174,872,850,12,862,3
2020-12-26,Monterey,053,433212,27408,26010,678,26688,182
2020-12-26,Napa,055,140530,5845,5427,26,5453,26
2020-12-26,Nevada,057,99092,2715,2480,88,2568,15
2020-12-26,Orange,059,3164182,159743,147304,6142,153446,1838
2020-12-26,Placer,061,380077,14297,12816,541,13357,122
2020-12-26,Plumas,063,18699,466,381,8,389,0
2020-12-26,Riverside,065,2383286,182685,169360,8064,177424,1834
2020-12-26,Sacramento,067,1510023,64842,62435,590,63025,807
2020-12-26,San Benito,069,59416,3556,3330,29,3359,24
2020-12-26,San Bernardino,071,2135413,197726,185111,5346,190457,1551
2020-12-26,San Diego,073,3302833,157277,142644,7056,149700,1402
2020-12-26,San Francisco,075,870044,23456,22319,212,22531,177
2020-12-26,San Joaquin,077,732212,45289,42887,1528,44415,618
2020-12-26,San Luis Obispo,079,281455,11003,9945,247,10192,76
2020-12-26,San Mateo,081,765935,25130,22908,100,23008,187
2020-12-26,Santa Barbara,083,443738,17306,16159,476,16635,155
2020-12-26,Santa Clara,085,1922200,69879,64185,296,64481,618
2020-12-26,Santa Cruz,087,273765,9190,8113,334,8447,81
2020-12-26,Shasta,089,179085,8105,7641,681,8322,65
2020-12-26,Sierra,091,2930,32,24,3,27,0
2020-12-26,Siskiyou,093,43540,1009,909,99,1008,2
2020-12-26,Solano,095,438530,18874,17528,194,17722,96
2020-12-26,Sonoma,097,501317,19096,18261,105,18366,184
2020-12-26,Stanislaus,099,539301,34610,32678,3090,35768,505
2020-12-26,Sutter,101,95872,6438,6121,45,6166,48
2020-12-26,Tehama,103,63373,3026,2884,279,3163,9
2020-12-26,Trinity,105,12862,412,237,57,294,2
2020-12-26,Tulare,107,460477,33635,31665,3587,35252,398
2020-12-26,Tuolumne,109,53932,2778,2703,11,2714,12
2020-12-26,Ventura,111,848112,39591,36064,1582,37646,230
2020-12-26,Yolo,113,214977,8486,7785,59,7844,111
2020-12-26,Yuba,115,75493,3801,3599,37,3636,18
2020-12-25,Alameda,001,1643700,51356,48365,915,49280,542
2020-12-25,Alpine,003,1148,66,64,0,64,0
2020-12-25,Amador,005,37829,2393,2172,18,2190,23
2020-12-25,Butte,007,227075,7480,6873,815,7688,85
2020-12-25,Calaveras,009,45235,1101,1062,2,1064,21
2020-12-25,Colusa,011,21464,1277,1219,70,1289,7
2020-12-25,Contra Costa,013,1133247,39647,37480,506,37986,324
2020-12-25,Del Norte,015,27424,741,692,2,694,2
2020-12-25,El Dorado,017,186661,6017,5170,273,5443,16
2020-12-25,Fresno,019,978130,67042,62251,4279,66530,679
2020-12-25,Glenn,021,27897,1525,1390,236,1626,9
2020-12-25,Humboldt,023,135768,1689,1532,7,1539,16
2020-12-25,Imperial,025,180216,22656,21646,1157,22803,405
2020-12-25,Inyo,027,18085,653,546,9,555,18
2020-12-25,Kern,029,883053,64752,60417,4592,65009,562
2020-12-25,Kings,031,150075,16158,15460,493,15953,108
2020-12-25,Lake,033,64148,1846,1669,0,1669,20
2020-12-25,Lassen,035,31185,4336,3926,44,3970,1
2020-12-25,Los Angeles,037,10098052,744047,665600,19611,685211,9292
2020-12-25,Madera,039,155013,10483,9770,407,10177,64
2020-12-25,Marin,041,260295,9704,9375,67,9442,143
2020-12-25,Mariposa,043,17540,224,203,2,205,3
2020-12-25,Mendocino,045,87422,2353,2176,20,2196,23
2020-12-25,Merced,047,269075,18551,17726,314,18040,213
2020-12-25,Modoc,049,8938,248,221,71,292,0
2020-12-25,Mono,051,14174,870,843,12,855,3
2020-12-25,Monterey,053,433212,27132,25788,669,26457,182
2020-12-25,Napa,055,140530,5768,5351,26,5377,26
2020-12-25,Nevada,057,99092,2689,2458,86,2544,15
2020-12-25,Orange,059,3164182,157063,144542,5950,150492,1814
2020-12-25,Placer,061,380077,14111,12660,519,13179,122
2020-12-25,Plumas,063,18699,459,381,8,389,0
2020-12-25,Riverside,065,2383286,179400,166690,7748,174438,1825
2020-12-25,Sacramento,067,1510023,64148,61630,564,62194,796
2020-12-25,San Benito,069,59416,3515,3281,27,3308,24
2020-12-25,San Bernardino,071,2135413,195102,181812,5230,187042,1546
2020-12-25,San Diego,073,3302833,154797,139958,6878,146836,1402
2020-12-25,San Francisco,075,870044,23179,22130,207,22337,175
2020-12-25,San Joaquin,077,732212,44981,42089,1473,43562,614
2020-12-25,San Luis Obispo,079,281455,10820,9749,240,9989,76
2020-12-25,San Mateo,081,765935,24808,22568,98,22666,187
2020-12-25,Santa Barbara,083,443738,17082,15936,469,16405,155
2020-12-25,Santa Clara,085,1922200,68758,63173,287,63460,612
2020-12-25,Santa Cruz,087,273765,9046,8018,312,8330,81
2020-12-25,Shasta,089,179085,8031,7612,658,8270,65
2020-12-25,Sierra,091,2930,32,24,3,27,0
2020-12-25,Siskiyou,093,43540,1003,905,96,1001,2
2020-12-25,Solano,095,438530,18702,17280,192,17472,96
2020-12-25,Sonoma,097,501317,18921,18035,103,18138,184
2020-12-25,Stanislaus,099,539301,34309,32290,3039,35329,498
2020-12-25,Sutter,101,95872,6379,6051,44,6095,47
2020-12-25,Tehama,103,63373,2977,2839,266,3105,9
2020-12-25,Trinity,105,12862,408,236,57,293,2
2020-12-25,Tulare,107,460477,33245,31323,3522,34845,398
2020-12-25,Tuolumne,109,53932,2759,2674,11,2685,12
2020-12-25,Ventura,111,848112,38435,35514,1534,37048,230
2020-12-25,Yolo,113,214977,8390,7700,57,7757,111
2020-12-25,Yuba,115,75493,3765,3549,36,3585,17
2020-12-24,Alameda,001,1643700,51005,47527,895,48422,541
2020-12-24,Alpine,003,1148,66,64,0,64,0
2020-12-24,Amador,005,37829,2381,2145,18,2163,23
2020-12-24,Butte,007,227075,7441,6716,800,7516,84
2020-12-24,Calaveras,009,45235,1098,1032,2,1034,21
2020-12-24,Colusa,011,21464,1272,1188,68,1256,7
2020-12-24,Contra Costa,013,1133247,39405,36623,495,37118,311
2020-12-24,Del Norte,015,27424,741,678,2,680,2
2020-12-24,El Dorado,017,186661,5991,5042,265,5307,16
2020-12-24,Fresno,019,978130,66819,61435,4265,65700,663
2020-12-24,Glenn,021,27897,1514,1363,228,1591,9
2020-12-24,Humboldt,023,135768,1666,1516,7,1523,16
2020-12-24,Imperial,025,180216,22606,21545,1148,22693,402
2020-12-24,Inyo,027,18085,651,532,9,541,17
2020-12-24,Kern,029,883053,64465,59601,4579,64180,556
2020-12-24,Kings,031,150075,16118,15211,492,15703,108
2020-12-24,Lake,033,64148,1831,1629,0,1629,20
2020-12-24,Lassen,035,31185,4323,3894,44,3938,1
2020-12-24,Los Angeles,037,10098052,739873,664840,19353,684193,9288
2020-12-24,Madera,039,155013,10443,9547,400,9947,63
2020-12-24,Marin,041,260295,9670,9287,67,9354,143
2020-12-24,Mariposa,043,17540,220,197,2,199,3
2020-12-24,Mendocino,045,87422,2342,2150,20,2170,23
2020-12-24,Merced,047,269075,18480,17485,310,17795,212
2020-12-24,Modoc,049,8938,248,220,70,290,0
2020-12-24,Mono,051,14174,868,817,12,829,3
2020-12-24,Monterey,053,433212,27020,25131,662,25793,180
2020-12-24,Napa,055,140530,5713,5265,26,5291,26
2020-12-24,Nevada,057,99092,2665,2429,86,2515,15
2020-12-24,Orange,059,3164182,155581,141205,5899,147104,1775
2020-12-24,Placer,061,380077,14021,12457,512,12969,121
2020-12-24,Plumas,063,18699,456,376,8,384,0
2020-12-24,Riverside,065,2383286,178465,162435,7708,170143,1816
2020-12-24,Sacramento,067,1510023,63873,60596,562,61158,788
2020-12-24,San Benito,069,59416,3484,3183,27,3210,24
2020-12-24,San Bernardino,071,2135413,194052,176866,5196,182062,1533
2020-12-24,San Diego,073,3302833,153713,136952,6846,143798,1382
2020-12-24,San Francisco,075,870044,23011,21830,204,22034,175
2020-12-24,San Joaquin,077,732212,44816,41324,1455,42779,611
2020-12-24,San Luis Obispo,079,281455,10751,9504,238,9742,77
2020-12-24,San Mateo,081,765935,24612,22093,98,22191,186
2020-12-24,Santa Barbara,083,443738,16977,15644,461,16105,153
2020-12-24,Santa Clara,085,1922200,68150,61742,280,62022,591
2020-12-24,Santa Cruz,087,273765,8974,7856,300,8156,82
2020-12-24,Shasta,089,179085,7990,7540,641,8181,65
2020-12-24,Sierra,091,2930,29,23,1,24,0
2020-12-24,Siskiyou,093,43540,998,900,90,990,2
2020-12-24,Solano,095,438530,18561,16872,187,17059,96
2020-12-24,Sonoma,097,501317,18821,17710,103,17813,183
2020-12-24,Stanislaus,099,539301,34105,31848,3013,34861,498
2020-12-24,Sutter,101,95872,6338,5960,43,6003,47
2020-12-24,Tehama,103,63373,2959,2779,264,3043,9
2020-12-24,Trinity,105,12862,407,235,57,292,2
2020-12-24,Tulare,107,460477,33126,30827,3496,34323,390
2020-12-24,Tuolumne,109,53932,2751,2653,11,2664,12
2020-12-24,Ventura,111,848112,38155,34400,1527,35927,224
2020-12-24,Yolo,113,214977,8348,7566,55,7621,113
2020-12-24,Yuba,115,75493,3740,3483,36,3519,16
2020-12-23,Alameda,001,1643700,50425,46753,868,47621,537
2020-12-23,Alpine,003,1148,66,64,0,64,0
2020-12-23,Amador,005,37829,2312,2108,17,2125,23
2020-12-23,Butte,007,227075,7352,6588,774,7362,84
2020-12-23,Calaveras,009,45235,1090,1002,1,1003,21
2020-12-23,Colusa,011,21464,1261,1167,67,1234,7
2020-12-23,Contra Costa,013,1133247,39005,36190,482,36672,311
2020-12-23,Del Norte,015,27424,734,670,2,672,2
2020-12-23,El Dorado,017,186661,5916,4967,257,5224,14
2020-12-23,Fresno,019,978130,66209,60488,4200,64688,654
2020-12-23,Glenn,021,27897,1500,1349,224,1573,9
2020-12-23,Humboldt,023,135768,1641,1458,7,1465,16
2020-12-23,Imperial,025,180216,22511,21323,1119,22442,399
2020-12-23,Inyo,027,18085,639,517,9,526,17
2020-12-23,Kern,029,883053,63947,58656,4485,63141,549
2020-12-23,Kings,031,150075,16040,14923,489,15412,105
2020-12-23,Lake,033,64148,1818,1595,0,1595,20
2020-12-23,Lassen,035,31185,4313,3865,41,3906,1
2020-12-23,Los Angeles,037,10098052,730810,651958,18824,670782,9146
2020-12-23,Madera,039,155013,10284,9371,386,9757,63
2020-12-23,Marin,041,260295,9612,9199,64,9263,142
2020-12-23,Mariposa,043,17540,218,194,2,196,3
2020-12-23,Mendocino,045,87422,2330,2121,20,2141,23
2020-12-23,Merced,047,269075,18324,17250,302,17552,203
2020-12-23,Modoc,049,8938,244,197,69,266,0
2020-12-23,Mono,051,14174,865,814,12,826,3
2020-12-23,Monterey,053,433212,26720,24856,655,25511,176
2020-12-23,Napa,055,140530,5645,5172,26,5198,25
2020-12-23,Nevada,057,99092,2620,2406,85,2491,15
2020-12-23,Orange,059,3164182,153131,138050,5732,143782,1771
2020-12-23,Placer,061,380077,13811,12213,504,12717,111
2020-12-23,Plumas,063,18699,449,369,8,377,0
2020-12-23,Riverside,065,2383286,176194,158110,7550,165660,1790
2020-12-23,Sacramento,067,1510023,63223,59661,549,60210,779
2020-12-23,San Benito,069,59416,3430,3073,25,3098,24
2020-12-23,San Bernardino,071,2135413,192007,172888,5127,178015,1509
2020-12-23,San Diego,073,3302833,151287,134695,6709,141404,1350
2020-12-23,San Francisco,075,870044,22789,21498,201,21699,174
2020-12-23,San Joaquin,077,732212,44293,35664,1413,37077,602
2020-12-23,San Luis Obispo,079,281455,10609,9267,233,9500,74
2020-12-23,San Mateo,081,765935,24310,21780,96,21876,186
2020-12-23,Santa Barbara,083,443738,16769,15399,435,15834,152
2020-12-23,Santa Clara,085,1922200,67240,60455,275,60730,579
2020-12-23,Santa Cruz,087,273765,8814,7637,282,7919,75
2020-12-23,Shasta,089,179085,7918,7487,635,8122,66
2020-12-23,Sierra,091,2930,27,23,1,24,0
2020-12-23,Siskiyou,093,43540,977,891,89,980,2
2020-12-23,Solano,095,438530,18353,16626,183,16809,95
2020-12-23,Sonoma,097,501317,18617,17397,103,17500,182
2020-12-23,Stanislaus,099,539301,33751,31492,2960,34452,499
2020-12-23,Sutter,101,95872,6272,5871,43,5914,46
2020-12-23,Tehama,103,63373,2941,2737,257,2994,9
2020-12-23,Trinity,105,12862,407,234,56,290,2
2020-12-23,Tulare,107,460477,32833,30315,3457,33772,385
2020-12-23,Tuolumne,109,53932,2712,2540,11,2551,12
2020-12-23,Ventura,111,848112,37758,33377,1498,34875,216
2020-12-23,Yolo,113,214977,8270,7508,55,7563,112
2020-12-23,Yuba,115,75493,3687,3438,36,3474,14
2020-12-22,Alameda,001,1643700,49536,45751,837,46588,534
2020-12-22,Alpine,003,1148,66,64,0,64,0
2020-12-22,Amador,005,37829,2301,1839,17,1856,23
2020-12-22,Butte,007,227075,7224,6467,759,7226,85
2020-12-22,Calaveras,009,45235,1064,988,0,988,21
2020-12-22,Colusa,011,21464,1238,1150,64,1214,7
2020-12-22,Contra Costa,013,1133247,38379,35681,470,36151,301
2020-12-22,Del Norte,015,27424,727,666,2,668,2
2020-12-22,El Dorado,017,186661,5793,4885,245,5130,12
2020-12-22,Fresno,019,978130,65174,59640,4093,63733,640
2020-12-22,Glenn,021,27897,1477,1337,213,1550,9
2020-12-22,Humboldt,023,135768,1608,1440,7,1447,16
2020-12-22,Imperial,025,180216,22324,21128,1075,22203,398
2020-12-22,Inyo,027,18085,619,506,9,515,17
2020-12-22,Kern,029,883053,62994,57816,4348,62164,547
2020-12-22,Kings,031,150075,15898,14855,483,15338,102
2020-12-22,Lake,033,64148,1794,1569,0,1569,20
2020-12-22,Lassen,035,31185,4171,3848,39,3887,1
2020-12-22,Los Angeles,037,10098052,713547,635931,18147,654078,9013
2020-12-22,Madera,039,155013,10166,9187,370,9557,63
2020-12-22,Marin,041,260295,9548,9115,63,9178,142
2020-12-22,Mariposa,043,17540,215,194,2,196,3
2020-12-22,Mendocino,045,87422,2297,2092,20,2112,23
2020-12-22,Merced,047,269075,18078,17012,297,17309,201
2020-12-22,Modoc,049,8938,236,182,68,250,0
2020-12-22,Mono,051,14174,859,786,12,798,3
2020-12-22,Monterey,053,433212,26050,24152,634,24786,176
2020-12-22,Napa,055,140530,5556,5059,26,5085,23
2020-12-22,Nevada,057,99092,2592,2367,84,2451,14
2020-12-22,Orange,059,3164182,149791,134850,5559,140409,1774
2020-12-22,Placer,061,380077,13567,11943,484,12427,105
2020-12-22,Plumas,063,18699,443,360,8,368,0
2020-12-22,Riverside,065,2383286,172383,155059,7280,162339,1777
2020-12-22,Sacramento,067,1510023,62295,57966,530,58496,772
2020-12-22,San Benito,069,59416,3352,2998,25,3023,24
2020-12-22,San Bernardino,071,2135413,187417,169266,4979,174245,1500
2020-12-22,San Diego,073,3302833,147928,132097,6547,138644,1311
2020-12-22,San Francisco,075,870044,22519,21232,197,21429,174
2020-12-22,San Joaquin,077,732212,43532,39423,1364,40787,592
2020-12-22,San Luis Obispo,079,281455,10264,9174,228,9402,69
2020-12-22,San Mateo,081,765935,23984,21382,80,21462,186
2020-12-22,Santa Barbara,083,443738,16504,15189,425,15614,150
2020-12-22,Santa Clara,085,1922200,66070,59192,267,59459,569
2020-12-22,Santa Cruz,087,273765,8635,7471,256,7727,72
2020-12-22,Shasta,089,179085,7839,7371,618,7989,64
2020-12-22,Sierra,091,2930,27,23,0,23,0
2020-12-22,Siskiyou,093,43540,971,880,88,968,2
2020-12-22,Solano,095,438530,17950,16229,180,16409,95
2020-12-22,Sonoma,097,501317,18297,17216,103,17319,180
2020-12-22,Stanislaus,099,539301,33367,30914,2888,33802,499
2020-12-22,Sutter,101,95872,6213,5791,42,5833,46
2020-12-22,Tehama,103,63373,2891,2688,251,2939,9
2020-12-22,Trinity,105,12862,406,231,56,287,2
2020-12-22,Tulare,107,460477,32367,30025,3391,33416,377
2020-12-22,Tuolumne,109,53932,2661,2526,11,2537,12
2020-12-22,Ventura,111,848112,36993,32488,1455,33943,213
2020-12-22,Yolo,113,214977,8156,7388,54,7442,113
2020-12-22,Yuba,115,75493,3636,3379,36,3415,14
2020-12-21,Alameda,001,1643700,48635,44756,811,45567,518
2020-12-21,Alpine,003,1148,65,64,0,64,0
2020-12-21,Amador,005,37829,2224,1815,17,1832,23
2020-12-21,Butte,007,227075,7069,6335,735,7070,81
2020-12-21,Calaveras,009,45235,1034,963,0,963,21
2020-12-21,Colusa,011,21464,1211,1135,59,1194,7
2020-12-21,Contra Costa,013,1133247,37624,35207,433,35640,300
2020-12-21,Del Norte,015,27424,712,660,2,662,2
2020-12-21,El Dorado,017,186661,5647,4805,232,5037,10
2020-12-21,Fresno,019,978130,64023,58568,3950,62518,634
2020-12-21,Glenn,021,27897,1445,1323,205,1528,9
2020-12-21,Humboldt,023,135768,1585,1419,7,1426,16
2020-12-21,Imperial,025,180216,22055,20994,1032,22026,395
2020-12-21,Inyo,027,18085,598,482,9,491,17
2020-12-21,Kern,029,883053,62103,56836,4211,61047,541
2020-12-21,Kings,031,150075,15648,14760,468,15228,100
2020-12-21,Lake,033,64148,1739,1538,0,1538,20
2020-12-21,Lassen,035,31185,4011,3798,37,3835,1
2020-12-21,Los Angeles,037,10098052,694456,624129,17471,641600,8918
2020-12-21,Madera,039,155013,9972,9069,350,9419,63
2020-12-21,Marin,041,260295,9479,9035,63,9098,142
2020-12-21,Mariposa,043,17540,210,186,2,188,3
2020-12-21,Mendocino,045,87422,2266,2066,20,2086,23
2020-12-21,Merced,047,269075,17828,16710,281,16991,198
2020-12-21,Modoc,049,8938,222,181,67,248,0
2020-12-21,Mono,051,14174,847,781,12,793,3
2020-12-21,Monterey,053,433212,25519,23673,620,24293,174
2020-12-21,Napa,055,140530,5469,4952,26,4978,23
2020-12-21,Nevada,057,99092,2559,2337,84,2421,13
2020-12-21,Orange,059,3164182,146381,130444,5406,135850,1772
2020-12-21,Placer,061,380077,13335,11715,465,12180,105
2020-12-21,Plumas,063,18699,439,353,8,361,0
2020-12-21,Riverside,065,2383286,168156,151713,6955,158668,1743
2020-12-21,Sacramento,067,1510023,61275,57064,513,57577,759
2020-12-21,San Benito,069,59416,3284,2921,25,2946,22
2020-12-21,San Bernardino,071,2135413,182622,165086,4813,169899,1476
2020-12-21,San Diego,073,3302833,144477,129716,6383,136099,1284
2020-12-21,San Francisco,075,870044,22233,21086,195,21281,174
2020-12-21,San Joaquin,077,732212,42737,38811,1314,40125,586
2020-12-21,San Luis Obispo,079,281455,10075,9006,223,9229,64
2020-12-21,San Mateo,081,765935,23579,21035,77,21112,185
2020-12-21,Santa Barbara,083,443738,16229,14988,420,15408,149
2020-12-21,Santa Clara,085,1922200,64876,57699,255,57954,570
2020-12-21,Santa Cruz,087,273765,8423,7315,243,7558,69
2020-12-21,Shasta,089,179085,7774,7299,608,7907,64
2020-12-21,Sierra,091,2930,24,23,0,23,0
2020-12-21,Siskiyou,093,43540,964,878,87,965,2
2020-12-21,Solano,095,438530,17480,15878,175,16053,95
2020-12-21,Sonoma,097,501317,18024,17075,99,17174,176
2020-12-21,Stanislaus,099,539301,32910,30437,2813,33250,499
2020-12-21,Sutter,101,95872,6118,5708,42,5750,46
2020-12-21,Tehama,103,63373,2826,2656,242,2898,9
2020-12-21,Trinity,105,12862,404,226,54,280,2
2020-12-21,Tulare,107,460477,31869,29482,3302,32784,373
2020-12-21,Tuolumne,109,53932,2636,2423,9,2432,12
2020-12-21,Ventura,111,848112,35913,31759,1418,33177,212
2020-12-21,Yolo,113,214977,8011,7266,50,7316,109
2020-12-21,Yuba,115,75493,3577,3329,36,3365,14
2020-12-20,Alameda,001,1643700,47754,44004,789,44793,516
2020-12-20,Alpine,003,1148,65,64,0,64,0
2020-12-20,Amador,005,37829,2166,1771,17,1788,23
2020-12-20,Butte,007,227075,6923,6228,699,6927,81
2020-12-20,Calaveras,009,45235,1010,926,0,926,21
2020-12-20,Colusa,011,21464,1183,1121,53,1174,7
2020-12-20,Contra Costa,013,1133247,37037,34798,416,35214,301
2020-12-20,Del Norte,015,27424,690,652,2,654,2
2020-12-20,El Dorado,017,186661,5522,4697,223,4920,10
2020-12-20,Fresno,019,978130,63032,57616,3813,61429,634
2020-12-20,Glenn,021,27897,1436,1295,198,1493,9
2020-12-20,Humboldt,023,135768,1548,1386,6,1392,15
2020-12-20,Imperial,025,180216,21815,20882,928,21810,395
2020-12-20,Inyo,027,18085,583,476,9,485,17
2020-12-20,Kern,029,883053,61005,55983,4056,60039,540
2020-12-20,Kings,031,150075,15428,14629,452,15081,100
2020-12-20,Lake,033,64148,1693,1463,0,1463,20
2020-12-20,Lassen,035,31185,3957,3669,35,3704,1
2020-12-20,Los Angeles,037,10098052,676370,612975,16737,629712,8862
2020-12-20,Madera,039,155013,9762,8871,341,9212,63
2020-12-20,Marin,041,260295,9381,8948,60,9008,142
2020-12-20,Mariposa,043,17540,209,179,2,181,3
2020-12-20,Mendocino,045,87422,2241,2033,20,2053,23
2020-12-20,Merced,047,269075,17512,16435,274,16709,198
2020-12-20,Modoc,049,8938,222,181,65,246,0
2020-12-20,Mono,051,14174,829,774,12,786,3
2020-12-20,Monterey,053,433212,25036,23250,579,23829,173
2020-12-20,Napa,055,140530,5348,4865,24,4889,23
2020-12-20,Nevada,057,99092,2513,2289,78,2367,13
2020-12-20,Orange,059,3164182,142881,128780,5256,134036,1763
2020-12-20,Placer,061,380077,13110,11496,446,11942,105
2020-12-20,Plumas,063,18699,431,347,8,355,0
2020-12-20,Riverside,065,2383286,163950,148714,6663,155377,1742
2020-12-20,Sacramento,067,1510023,60275,56017,493,56510,755
2020-12-20,San Benito,069,59416,3212,2885,24,2909,21
2020-12-20,San Bernardino,071,2135413,177632,162810,4655,167465,1458
2020-12-20,San Diego,073,3302833,140759,126465,6213,132678,1280
2020-12-20,San Francisco,075,870044,21918,20937,192,21129,174
2020-12-20,San Joaquin,077,732212,41894,38268,1253,39521,587
2020-12-20,San Luis Obispo,079,281455,9783,8881,217,9098,63
2020-12-20,San Mateo,081,765935,23145,20764,73,20837,185
2020-12-20,Santa Barbara,083,443738,15907,14817,400,15217,148
2020-12-20,Santa Clara,085,1922200,63467,56860,249,57109,566
2020-12-20,Santa Cruz,087,273765,8215,7178,230,7408,69
2020-12-20,Shasta,089,179085,7660,7256,594,7850,64
2020-12-20,Sierra,091,2930,24,22,0,22,0
2020-12-20,Siskiyou,093,43540,954,870,86,956,2
2020-12-20,Solano,095,438530,17102,15533,164,15697,95
2020-12-20,Sonoma,097,501317,17748,16802,98,16900,175
2020-12-20,Stanislaus,099,539301,32382,29995,2711,32706,498
2020-12-20,Sutter,101,95872,6031,5601,42,5643,43
2020-12-20,Tehama,103,63373,2777,2602,223,2825,9
2020-12-20,Trinity,105,12862,396,221,53,274,2
2020-12-20,Tulare,107,460477,31352,29078,3206,32284,373
2020-12-20,Tuolumne,109,53932,2526,2152,8,2160,12
2020-12-20,Ventura,111,848112,35211,31335,1385,32720,210
2020-12-20,Yolo,113,214977,7859,7121,47,7168,109
2020-12-20,Yuba,115,75493,3530,3254,34,3288,12
2020-12-19,Alameda,001,1643700,47306,43109,782,43891,516
2020-12-19,Alpine,003,1148,65,64,0,64,0
2020-12-19,Amador,005,37829,2142,1754,17,1771,23
2020-12-19,Butte,007,227075,6823,6118,676,6794,81
2020-12-19,Calaveras,009,45235,993,900,0,900,21
2020-12-19,Colusa,011,21464,1175,1096,50,1146,7
2020-12-19,Contra Costa,013,1133247,36723,34321,402,34723,301
2020-12-19,Del Norte,015,27424,688,641,1,642,2
2020-12-19,El Dorado,017,186661,5455,4588,215,4803,10
2020-12-19,Fresno,019,978130,62707,55428,3745,59173,634
2020-12-19,Glenn,021,27897,1401,1286,197,1483,9
2020-12-19,Humboldt,023,135768,1531,1357,6,1363,15
2020-12-19,Imperial,025,180216,21722,20711,882,21593,395
2020-12-19,Inyo,027,18085,576,475,9,484,17
2020-12-19,Kern,029,883053,60520,55118,3949,59067,540
2020-12-19,Kings,031,150075,15349,14474,450,14924,100
2020-12-19,Lake,033,64148,1658,1438,0,1438,20
2020-12-19,Lassen,035,31185,3929,3595,35,3630,1
2020-12-19,Los Angeles,037,10098052,669262,599888,16203,616091,8804
2020-12-19,Madera,039,155013,9670,8717,329,9046,63
2020-12-19,Marin,041,260295,9341,8864,60,8924,142
2020-12-19,Mariposa,043,17540,207,177,2,179,3
2020-12-19,Mendocino,045,87422,2216,2008,20,2028,23
2020-12-19,Merced,047,269075,17373,16230,266,16496,198
2020-12-19,Modoc,049,8938,219,181,65,246,0
2020-12-19,Mono,051,14174,822,766,12,778,3
2020-12-19,Monterey,053,433212,24921,22799,574,23373,172
2020-12-19,Napa,055,140530,5286,4772,24,4796,23
2020-12-19,Nevada,057,99092,2491,2260,78,2338,13
2020-12-19,Orange,059,3164182,140958,125574,5105,130679,1733
2020-12-19,Placer,061,380077,12955,11246,440,11686,105
2020-12-19,Plumas,063,18699,428,343,8,351,0
2020-12-19,Riverside,065,2383286,161963,146703,6427,153130,1737
2020-12-19,Sacramento,067,1510023,59743,55169,479,55648,746
2020-12-19,San Benito,069,59416,3166,2820,23,2843,21
2020-12-19,San Bernardino,071,2135413,176059,159883,4548,164431,1433
2020-12-19,San Diego,073,3302833,138992,122972,6074,129046,1280
2020-12-19,San Francisco,075,870044,21767,20643,192,20835,174
2020-12-19,San Joaquin,077,732212,41492,37340,1203,38543,586
2020-12-19,San Luis Obispo,079,281455,9712,8788,214,9002,63
2020-12-19,San Mateo,081,765935,22935,20393,66,20459,182
2020-12-19,Santa Barbara,083,443738,15751,14667,394,15061,148
2020-12-19,Santa Clara,085,1922200,62653,55540,245,55785,558
2020-12-19,Santa Cruz,087,273765,8111,7054,225,7279,68
2020-12-19,Shasta,089,179085,7608,7221,582,7803,63
2020-12-19,Sierra,091,2930,24,23,0,23,0
2020-12-19,Siskiyou,093,43540,950,853,85,938,2
2020-12-19,Solano,095,438530,16936,15204,160,15364,95
2020-12-19,Sonoma,097,501317,17639,16553,98,16651,175
2020-12-19,Stanislaus,099,539301,32061,29555,2638,32193,498
2020-12-19,Sutter,101,95872,5974,5506,42,5548,41
2020-12-19,Tehama,103,63373,2728,2574,221,2795,9
2020-12-19,Trinity,105,12862,395,219,53,272,2
2020-12-19,Tulare,107,460477,31128,28734,3140,31874,375
2020-12-19,Tuolumne,109,53932,2513,2107,8,2115,12
2020-12-19,Ventura,111,848112,34930,30843,1355,32198,209
2020-12-19,Yolo,113,214977,7790,7025,46,7071,109
2020-12-19,Yuba,115,75493,3498,3168,34,3202,11
2020-12-18,Alameda,001,1643700,46769,42196,765,42961,515
2020-12-18,Alpine,003,1148,65,64,0,64,0
2020-12-18,Amador,005,37829,2125,1727,15,1742,20
2020-12-18,Butte,007,227075,6738,5891,650,6541,81
2020-12-18,Calaveras,009,45235,983,870,0,870,21
2020-12-18,Colusa,011,21464,1166,1068,50,1118,7
2020-12-18,Contra Costa,013,1133247,36438,33610,390,34000,300
2020-12-18,Del Norte,015,27424,683,627,0,627,2
2020-12-18,El Dorado,017,186661,5393,4494,206,4700,10
2020-12-18,Fresno,019,978130,61880,52643,3681,56324,613
2020-12-18,Glenn,021,27897,1384,1264,192,1456,9
2020-12-18,Humboldt,023,135768,1516,1331,6,1337,15
2020-12-18,Imperial,025,180216,21643,20430,835,21265,393
2020-12-18,Inyo,027,18085,556,454,9,463,17
2020-12-18,Kern,029,883053,59859,54220,3864,58084,533
2020-12-18,Kings,031,150075,15223,14284,444,14728,98
2020-12-18,Lake,033,64148,1646,1397,0,1397,20
2020-12-18,Lassen,035,31185,3921,3486,35,3521,1
2020-12-18,Los Angeles,037,10098052,657123,586413,15704,602117,8744
2020-12-18,Madera,039,155013,9568,8609,324,8933,63
2020-12-18,Marin,041,260295,9257,8799,60,8859,142
2020-12-18,Mariposa,043,17540,204,176,2,178,3
2020-12-18,Mendocino,045,87422,2198,1977,20,1997,24
2020-12-18,Merced,047,269075,17292,15956,263,16219,195
2020-12-18,Modoc,049,8938,219,179,65,244,0
2020-12-18,Mono,051,14174,814,731,12,743,3
2020-12-18,Monterey,053,433212,24627,22336,568,22904,165
2020-12-18,Napa,055,140530,5237,4688,24,4712,23
2020-12-18,Nevada,057,99092,2474,2220,77,2297,13
2020-12-18,Orange,059,3164182,138522,121681,4955,126636,1725
2020-12-18,Placer,061,380077,12784,10995,431,11426,104
2020-12-18,Plumas,063,18699,422,336,8,344,0
2020-12-18,Riverside,065,2383286,159123,142375,6158,148533,1733
2020-12-18,Sacramento,067,1510023,59117,53980,463,54443,736
2020-12-18,San Benito,069,59416,3117,2744,23,2767,21
2020-12-18,San Bernardino,071,2135413,173760,154272,4414,158686,1430
2020-12-18,San Diego,073,3302833,136814,120463,5935,126398,1253
2020-12-18,San Francisco,075,870044,21601,20315,186,20501,173
2020-12-18,San Joaquin,077,732212,41133,36484,1172,37656,559
2020-12-18,San Luis Obispo,079,281455,9614,8598,209,8807,62
2020-12-18,San Mateo,081,765935,22622,19971,62,20033,182
2020-12-18,Santa Barbara,083,443738,15610,14361,381,14742,148
2020-12-18,Santa Clara,085,1922200,61782,53992,236,54228,539
2020-12-18,Santa Cruz,087,273765,7995,6838,217,7055,68
2020-12-18,Shasta,089,179085,7570,7114,571,7685,62
2020-12-18,Sierra,091,2930,24,23,0,23,0
2020-12-18,Siskiyou,093,43540,948,840,85,925,2
2020-12-18,Solano,095,438530,16783,14667,156,14823,95
2020-12-18,Sonoma,097,501317,17520,16261,98,16359,173
2020-12-18,Stanislaus,099,539301,31788,28967,2602,31569,490
2020-12-18,Sutter,101,95872,5890,5399,42,5441,39
2020-12-18,Tehama,103,63373,2713,2523,211,2734,9
2020-12-18,Trinity,105,12862,394,215,53,268,2
2020-12-18,Tulare,107,460477,30851,28322,3062,31384,370
2020-12-18,Tuolumne,109,53932,2502,2067,8,2075,12
2020-12-18,Ventura,111,848112,34426,29907,1312,31219,209
2020-12-18,Yolo,113,214977,7722,6901,45,6946,109
2020-12-18,Yuba,115,75493,3440,3097,34,3131,11
2020-12-17,Alameda,001,1643700,45962,41548,732,42280,508
2020-12-17,Alpine,003,1148,65,64,0,64,0
2020-12-17,Amador,005,37829,2077,1703,13,1716,19
2020-12-17,Butte,007,227075,6612,5746,632,6378,78
2020-12-17,Calaveras,009,45235,960,848,0,848,21
2020-12-17,Colusa,011,21464,1155,1053,48,1101,7
2020-12-17,Contra Costa,013,1133247,35913,33006,356,33362,293
2020-12-17,Del Norte,015,27424,678,583,0,583,1
2020-12-17,El Dorado,017,186661,5247,4327,193,4520,9
2020-12-17,Fresno,019,978130,61017,49918,3555,53473,597
2020-12-17,Glenn,021,27897,1360,1244,185,1429,9
2020-12-17,Humboldt,023,135768,1483,1322,6,1328,14
2020-12-17,Imperial,025,180216,21478,20208,767,20975,391
2020-12-17,Inyo,027,18085,538,450,7,457,16
2020-12-17,Kern,029,883053,58902,53683,3729,57412,526
2020-12-17,Kings,031,150075,15120,14057,429,14486,98
2020-12-17,Lake,033,64148,1621,1374,0,1374,20
2020-12-17,Lassen,035,31185,3885,3417,35,3452,1
2020-12-17,Los Angeles,037,10098052,641464,571093,15152,586245,8657
2020-12-17,Madera,039,155013,9451,8465,320,8785,62
2020-12-17,Marin,041,260295,9193,8721,58,8779,142
2020-12-17,Mariposa,043,17540,200,172,2,174,3
2020-12-17,Mendocino,045,87422,2164,1942,20,1962,23
2020-12-17,Merced,047,269075,17028,15648,255,15903,192
2020-12-17,Modoc,049,8938,216,179,65,244,0
2020-12-17,Mono,051,14174,800,718,12,730,3
2020-12-17,Monterey,053,433212,24108,21951,553,22504,163
2020-12-17,Napa,055,140530,5125,4612,24,4636,23
2020-12-17,Nevada,057,99092,2433,2173,74,2247,13
2020-12-17,Orange,059,3164182,135145,118367,4819,123186,1725
2020-12-17,Placer,061,380077,12510,10756,417,11173,99
2020-12-17,Plumas,063,18699,413,324,8,332,0
2020-12-17,Riverside,065,2383286,155238,139325,5943,145268,1696
2020-12-17,Sacramento,067,1510023,58211,53189,441,53630,721
2020-12-17,San Benito,069,59416,3048,2645,22,2667,20
2020-12-17,San Bernardino,071,2135413,169820,149838,4298,154136,1425
2020-12-17,San Diego,073,3302833,134013,116852,5779,122631,1239
2020-12-17,San Francisco,075,870044,21314,19939,181,20120,170
2020-12-17,San Joaquin,077,732212,40407,35894,1136,37030,554
2020-12-17,San Luis Obispo,079,281455,9494,8365,207,8572,59
2020-12-17,San Mateo,081,765935,22252,19647,62,19709,181
2020-12-17,Santa Barbara,083,443738,15377,14207,374,14581,147
2020-12-17,Santa Clara,085,1922200,60613,52559,230,52789,527
2020-12-17,Santa Cruz,087,273765,7840,6687,204,6891,64
2020-12-17,Shasta,089,179085,7493,7000,552,7552,62
2020-12-17,Sierra,091,2930,23,23,0,23,0
2020-12-17,Siskiyou,093,43540,941,827,84,911,2
2020-12-17,Solano,095,438530,16477,14361,154,14515,96
2020-12-17,Sonoma,097,501317,17248,15993,97,16090,171
2020-12-17,Stanislaus,099,539301,31362,28582,2543,31125,489
2020-12-17,Sutter,101,95872,5791,5309,40,5349,39
2020-12-17,Tehama,103,63373,2664,2480,205,2685,9
2020-12-17,Trinity,105,12862,389,213,53,266,2
2020-12-17,Tulare,107,460477,30458,27852,2983,30835,358
2020-12-17,Tuolumne,109,53932,2211,1992,8,2000,11
2020-12-17,Ventura,111,848112,33816,29404,1275,30679,208
2020-12-17,Yolo,113,214977,7597,6800,44,6844,105
2020-12-17,Yuba,115,75493,3381,3035,32,3067,12
2020-12-16,Alameda,001,1643700,45109,40751,707,41458,497
2020-12-16,Alpine,003,1148,65,64,0,64,0
2020-12-16,Amador,005,37829,2030,1693,12,1705,19
2020-12-16,Butte,007,227075,6423,5659,604,6263,76
2020-12-16,Calaveras,009,45235,925,821,0,821,21
2020-12-16,Colusa,011,21464,1142,1038,45,1083,7
2020-12-16,Contra Costa,013,1133247,35355,32429,336,32765,293
2020-12-16,Del Norte,015,27424,676,575,0,575,1
2020-12-16,El Dorado,017,186661,5126,4237,184,4421,9
2020-12-16,Fresno,019,978130,60059,49173,3459,52632,584
2020-12-16,Glenn,021,27897,1342,1236,174,1410,9
2020-12-16,Humboldt,023,135768,1451,1308,5,1313,12
2020-12-16,Imperial,025,180216,21296,19980,701,20681,388
2020-12-16,Inyo,027,18085,525,444,7,451,16
2020-12-16,Kern,029,883053,58025,52896,3596,56492,522
2020-12-16,Kings,031,150075,14940,13734,412,14146,99
2020-12-16,Lake,033,64148,1581,1363,0,1363,20
2020-12-16,Lassen,035,31185,3852,3396,34,3430,1
2020-12-16,Los Angeles,037,10098052,624934,557907,14467,572374,8561
2020-12-16,Madera,039,155013,9326,8278,312,8590,62
2020-12-16,Marin,041,260295,9122,8641,58,8699,142
2020-12-16,Mariposa,043,17540,197,175,2,177,3
2020-12-16,Mendocino,045,87422,2129,1929,20,1949,23
2020-12-16,Merced,047,269075,16742,15443,251,15694,190
2020-12-16,Modoc,049,8938,213,178,65,243,0
2020-12-16,Mono,051,14174,781,702,12,714,3
2020-12-16,Monterey,053,433212,23549,21107,542,21649,163
2020-12-16,Napa,055,140530,5028,4544,24,4568,23
2020-12-16,Nevada,057,99092,2397,2149,72,2221,13
2020-12-16,Orange,059,3164182,131671,115260,4652,119912,1712
2020-12-16,Placer,061,380077,12273,10554,396,10950,96
2020-12-16,Plumas,063,18699,404,319,8,327,0
2020-12-16,Riverside,065,2383286,151114,135751,5694,141445,1664
2020-12-16,Sacramento,067,1510023,57237,52166,416,52582,715
2020-12-16,San Benito,069,59416,2957,2582,22,2604,20
2020-12-16,San Bernardino,071,2135413,165212,143565,4163,147728,1403
2020-12-16,San Diego,073,3302833,130909,114248,5625,119873,1217
2020-12-16,San Francisco,075,870044,21055,19624,181,19805,170
2020-12-16,San Joaquin,077,732212,39583,35010,1096,36106,547
2020-12-16,San Luis Obispo,079,281455,9299,8252,198,8450,58
2020-12-16,San Mateo,081,765935,21926,19292,58,19350,179
2020-12-16,Santa Barbara,083,443738,15126,13966,362,14328,144
2020-12-16,Santa Clara,085,1922200,59369,51502,227,51729,523
2020-12-16,Santa Cruz,087,273765,7656,6536,193,6729,63
2020-12-16,Shasta,089,179085,7420,6914,529,7443,62
2020-12-16,Sierra,091,2930,23,23,0,23,0
2020-12-16,Siskiyou,093,43540,933,818,84,902,2
2020-12-16,Solano,095,438530,16010,14157,150,14307,96
2020-12-16,Sonoma,097,501317,16992,15768,97,15865,170
2020-12-16,Stanislaus,099,539301,30860,28279,2470,30749,489
2020-12-16,Sutter,101,95872,5711,5223,40,5263,39
2020-12-16,Tehama,103,63373,2631,2441,180,2621,9
2020-12-16,Trinity,105,12862,383,212,53,265,2
2020-12-16,Tulare,107,460477,30035,27500,2883,30383,352
2020-12-16,Tuolumne,109,53932,2168,1941,8,1949,11
2020-12-16,Ventura,111,848112,33042,28566,1232,29798,203
2020-12-16,Yolo,113,214977,7469,6649,43,6692,103
2020-12-16,Yuba,115,75493,3295,2980,31,3011,11
2020-12-15,Alameda,001,1643700,44253,40026,685,40711,492
2020-12-15,Alpine,003,1148,65,64,0,64,0
2020-12-15,Amador,005,37829,1917,1669,10,1679,19
2020-12-15,Butte,007,227075,6284,5565,575,6140,75
2020-12-15,Calaveras,009,45235,893,799,0,799,21
2020-12-15,Colusa,011,21464,1129,1026,44,1070,7
2020-12-15,Contra Costa,013,1133247,34697,31423,322,31745,281
2020-12-15,Del Norte,015,27424,665,564,0,564,1
2020-12-15,El Dorado,017,186661,5018,4113,170,4283,9
2020-12-15,Fresno,019,978130,58686,47316,3325,50641,574
2020-12-15,Glenn,021,27897,1329,1207,158,1365,9
2020-12-15,Humboldt,023,135768,1431,1276,5,1281,12
2020-12-15,Imperial,025,180216,21076,19756,622,20378,380
2020-12-15,Inyo,027,18085,512,394,7,401,16
2020-12-15,Kern,029,883053,57014,52002,3491,55493,511
2020-12-15,Kings,031,150075,14776,13652,393,14045,97
2020-12-15,Lake,033,64148,1556,1341,0,1341,21
2020-12-15,Lassen,035,31185,3680,3378,33,3411,1
2020-12-15,Los Angeles,037,10098052,608552,536258,13825,550083,8429
2020-12-15,Madera,039,155013,9172,8118,305,8423,60
2020-12-15,Marin,041,260295,9014,8528,56,8584,141
2020-12-15,Mariposa,043,17540,193,171,2,173,3
2020-12-15,Mendocino,045,87422,2102,1883,20,1903,24
2020-12-15,Merced,047,269075,16444,15120,247,15367,190
2020-12-15,Modoc,049,8938,211,179,65,244,0
2020-12-15,Mono,051,14174,765,702,12,714,3
2020-12-15,Monterey,053,433212,22951,19905,481,20386,161
2020-12-15,Napa,055,140530,4925,4440,24,4464,23
2020-12-15,Nevada,057,99092,2364,2117,70,2187,11
2020-12-15,Orange,059,3164182,128015,112893,4499,117392,1689
2020-12-15,Placer,061,380077,12039,10301,374,10675,95
2020-12-15,Plumas,063,18699,399,313,8,321,0
2020-12-15,Riverside,065,2383286,147056,131822,5415,137237,1624
2020-12-15,Sacramento,067,1510023,56220,51076,403,51479,703
2020-12-15,San Benito,069,59416,2878,2520,21,2541,19
2020-12-15,San Bernardino,071,2135413,160750,137548,4012,141560,1351
2020-12-15,San Diego,073,3302833,127342,111441,5462,116903,1194
2020-12-15,San Francisco,075,870044,20745,19283,178,19461,171
2020-12-15,San Joaquin,077,732212,38657,33849,1060,34909,537
2020-12-15,San Luis Obispo,079,281455,9190,8074,195,8269,55
2020-12-15,San Mateo,081,765935,21516,18907,56,18963,178
2020-12-15,Santa Barbara,083,443738,14899,13782,354,14136,144
2020-12-15,Santa Clara,085,1922200,57933,50311,224,50535,505
2020-12-15,Santa Cruz,087,273765,7471,6361,179,6540,59
2020-12-15,Shasta,089,179085,7361,6794,504,7298,54
2020-12-15,Sierra,091,2930,23,23,0,23,0
2020-12-15,Siskiyou,093,43540,924,812,83,895,2
2020-12-15,Solano,095,438530,15660,13796,150,13946,95
2020-12-15,Sonoma,097,501317,16771,15406,97,15503,167
2020-12-15,Stanislaus,099,539301,30347,27823,2389,30212,485
2020-12-15,Sutter,101,95872,5613,5080,39,5119,36
2020-12-15,Tehama,103,63373,2593,2392,174,2566,9
2020-12-15,Trinity,105,12862,375,213,51,264,1
2020-12-15,Tulare,107,460477,29547,27026,2793,29819,342
2020-12-15,Tuolumne,109,53932,2138,1874,8,1882,8
2020-12-15,Ventura,111,848112,32420,27936,1185,29121,201
2020-12-15,Yolo,113,214977,7346,6531,41,6572,104
2020-12-15,Yuba,115,75493,3201,2891,30,2921,11
2020-12-14,Alameda,001,1643700,43353,39252,666,39918,487
2020-12-14,Alpine,003,1148,65,63,0,63,0
2020-12-14,Amador,005,37829,1845,1609,10,1619,19
2020-12-14,Butte,007,227075,6116,5202,558,5760,75
2020-12-14,Calaveras,009,45235,855,718,0,718,21
2020-12-14,Colusa,011,21464,1105,949,43,992,7
2020-12-14,Contra Costa,013,1133247,34000,30594,308,30902,281
2020-12-14,Del Norte,015,27424,659,560,0,560,1
2020-12-14,El Dorado,017,186661,4862,4018,154,4172,9
2020-12-14,Fresno,019,978130,57662,44726,3146,47872,560
2020-12-14,Glenn,021,27897,1303,1186,150,1336,9
2020-12-14,Humboldt,023,135768,1418,1256,5,1261,9
2020-12-14,Imperial,025,180216,20837,19608,544,20152,379
2020-12-14,Inyo,027,18085,498,382,7,389,16
2020-12-14,Kern,029,883053,55977,50538,3369,53907,510
2020-12-14,Kings,031,150075,14591,13491,366,13857,97
2020-12-14,Lake,033,64148,1508,1301,0,1301,21
2020-12-14,Lassen,035,31185,3582,2905,30,2935,1
2020-12-14,Los Angeles,037,10098052,590921,524668,13186,537854,8340
2020-12-14,Madera,039,155013,8905,8011,296,8307,60
2020-12-14,Marin,041,260295,8931,8475,55,8530,141
2020-12-14,Mariposa,043,17540,192,171,2,173,3
2020-12-14,Mendocino,045,87422,2081,1845,20,1865,24
2020-12-14,Merced,047,269075,16036,14572,233,14805,189
2020-12-14,Modoc,049,8938,205,180,63,243,0
2020-12-14,Mono,051,14174,757,685,12,697,3
2020-12-14,Monterey,053,433212,22429,19154,475,19629,155
2020-12-14,Napa,055,140530,4832,4289,24,4313,22
2020-12-14,Nevada,057,99092,2326,2070,67,2137,11
2020-12-14,Orange,059,3164182,124129,108602,4363,112965,1688
2020-12-14,Placer,061,380077,11758,9551,363,9914,95
2020-12-14,Plumas,063,18699,387,309,8,317,0
2020-12-14,Riverside,065,2383286,142927,123715,5153,128868,1588
2020-12-14,Sacramento,067,1510023,55112,50304,378,50682,691
2020-12-14,San Benito,069,59416,2812,2467,20,2487,19
2020-12-14,San Bernardino,071,2135413,156303,129151,3884,133035,1347
2020-12-14,San Diego,073,3302833,123606,109578,5277,114855,1162
2020-12-14,San Francisco,075,870044,20369,18904,176,19080,171
2020-12-14,San Joaquin,077,732212,37814,32522,1014,33536,534
2020-12-14,San Luis Obispo,079,281455,8944,7791,191,7982,52
2020-12-14,San Mateo,081,765935,21018,18361,53,18414,178
2020-12-14,Santa Barbara,083,443738,14626,13587,346,13933,144
2020-12-14,Santa Clara,085,1922200,56374,49180,212,49392,502
2020-12-14,Santa Cruz,087,273765,7285,6049,164,6213,54
2020-12-14,Shasta,089,179085,7272,6665,485,7150,54
2020-12-14,Sierra,091,2930,23,21,0,21,0
2020-12-14,Siskiyou,093,43540,901,764,77,841,2
2020-12-14,Solano,095,438530,15299,13352,149,13501,93
2020-12-14,Sonoma,097,501317,16465,14807,96,14903,167
2020-12-14,Stanislaus,099,539301,29813,27311,2340,29651,485
2020-12-14,Sutter,101,95872,5509,5001,32,5033,35
2020-12-14,Tehama,103,63373,2551,2344,171,2515,9
2020-12-14,Trinity,105,12862,371,205,49,254,1
2020-12-14,Tulare,107,460477,29073,25735,2702,28437,341
2020-12-14,Tuolumne,109,53932,2084,1647,8,1655,8
2020-12-14,Ventura,111,848112,31497,27436,1126,28562,202
2020-12-14,Yolo,113,214977,7185,6389,40,6429,95
2020-12-14,Yuba,115,75493,3139,2851,30,2881,11
2020-12-13,Alameda,001,1643700,42155,38064,641,38705,486
2020-12-13,Alpine,003,1148,65,63,0,63,0
2020-12-13,Amador,005,37829,1789,1457,9,1466,19
2020-12-13,Butte,007,227075,5968,5103,518,5621,75
2020-12-13,Calaveras,009,45235,819,710,0,710,21
2020-12-13,Colusa,011,21464,1089,945,40,985,7
2020-12-13,Contra Costa,013,1133247,33272,29667,302,29969,281
2020-12-13,Del Norte,015,27424,606,542,0,542,1
2020-12-13,El Dorado,017,186661,4761,3770,143,3913,9
2020-12-13,Fresno,019,978130,56555,44114,2987,47101,559
2020-12-13,Glenn,021,27897,1290,1171,139,1310,9
2020-12-13,Humboldt,023,135768,1395,1238,4,1242,9
2020-12-13,Imperial,025,180216,20547,19472,421,19893,379
2020-12-13,Inyo,027,18085,477,380,7,387,16
2020-12-13,Kern,029,883053,54946,49051,3212,52263,510
2020-12-13,Kings,031,150075,14311,13357,348,13705,97
2020-12-13,Lake,033,64148,1466,1271,0,1271,21
2020-12-13,Lassen,035,31185,3475,2867,25,2892,1
2020-12-13,Los Angeles,037,10098052,573303,517472,12485,529957,8294
2020-12-13,Madera,039,155013,8723,7909,282,8191,60
2020-12-13,Marin,041,260295,8811,8409,55,8464,141
2020-12-13,Mariposa,043,17540,188,167,2,169,3
2020-12-13,Mendocino,045,87422,2047,1793,20,1813,24
2020-12-13,Merced,047,269075,15685,14384,230,14614,189
2020-12-13,Modoc,049,8938,192,179,57,236,0
2020-12-13,Mono,051,14174,741,675,12,687,3
2020-12-13,Monterey,053,433212,22008,18913,461,19374,153
2020-12-13,Napa,055,140530,4726,4194,24,4218,22
2020-12-13,Nevada,057,99092,2278,2030,65,2095,11
2020-12-13,Orange,059,3164182,120196,104768,4189,108957,1688
2020-12-13,Placer,061,380077,11444,9405,345,9750,95
2020-12-13,Plumas,063,18699,381,291,8,299,0
2020-12-13,Riverside,065,2383286,138800,119691,4890,124581,1581
2020-12-13,Sacramento,067,1510023,53843,49480,349,49829,682
2020-12-13,San Benito,069,59416,2743,2408,19,2427,19
2020-12-13,San Bernardino,071,2135413,151404,126718,3723,130441,1333
2020-12-13,San Diego,073,3302833,120006,107372,5108,112480,1162
2020-12-13,San Francisco,075,870044,20024,18686,167,18853,167
2020-12-13,San Joaquin,077,732212,37010,32170,974,33144,534
2020-12-13,San Luis Obispo,079,281455,8753,7625,183,7808,52
2020-12-13,San Mateo,081,765935,20527,18090,47,18137,177
2020-12-13,Santa Barbara,083,443738,14356,13249,331,13580,144
2020-12-13,Santa Clara,085,1922200,54949,47920,203,48123,499
2020-12-13,Santa Cruz,087,273765,7036,5986,153,6139,54
2020-12-13,Shasta,089,179085,7198,6647,459,7106,54
2020-12-13,Sierra,091,2930,23,21,0,21,0
2020-12-13,Siskiyou,093,43540,889,762,72,834,2
2020-12-13,Solano,095,438530,14861,13276,146,13422,93
2020-12-13,Sonoma,097,501317,16151,14495,95,14590,167
2020-12-13,Stanislaus,099,539301,29247,26569,2278,28847,485
2020-12-13,Sutter,101,95872,5382,4798,28,4826,34
2020-12-13,Tehama,103,63373,2506,2325,156,2481,9
2020-12-13,Trinity,105,12862,365,204,49,253,1
2020-12-13,Tulare,107,460477,28583,25496,2615,28111,340
2020-12-13,Tuolumne,109,53932,2022,1611,8,1619,8
2020-12-13,Ventura,111,848112,30494,26588,1064,27652,202
2020-12-13,Yolo,113,214977,7002,6265,34,6299,95
2020-12-13,Yuba,115,75493,3074,2754,27,2781,11
2020-12-12,Alameda,001,1643700,41712,37027,621,37648,486
2020-12-12,Alpine,003,1148,65,63,0,63,0
2020-12-12,Amador,005,37829,1761,1236,8,1244,19
2020-12-12,Butte,007,227075,5895,4972,506,5478,73
2020-12-12,Calaveras,009,45235,809,708,0,708,21
2020-12-12,Colusa,011,21464,1069,945,39,984,7
2020-12-12,Contra Costa,013,1133247,32928,29506,293,29799,281
2020-12-12,Del Norte,015,27424,598,529,0,529,1
2020-12-12,El Dorado,017,186661,4686,3706,125,3831,9
2020-12-12,Fresno,019,978130,56204,43756,2927,46683,559
2020-12-12,Glenn,021,27897,1282,1143,135,1278,8
2020-12-12,Humboldt,023,135768,1376,1208,4,1212,9
2020-12-12,Imperial,025,180216,20461,18947,363,19310,379
2020-12-12,Inyo,027,18085,473,380,7,387,16
2020-12-12,Kern,029,883053,54426,48194,3122,51316,507
2020-12-12,Kings,031,150075,14222,13205,344,13549,96
2020-12-12,Lake,033,64148,1449,1232,0,1232,21
2020-12-12,Lassen,035,31185,3452,2866,22,2888,1
2020-12-12,Los Angeles,037,10098052,566499,504317,11982,516299,8269
2020-12-12,Madera,039,155013,8596,7765,279,8044,59
2020-12-12,Marin,041,260295,8757,8363,54,8417,141
2020-12-12,Mariposa,043,17540,187,164,2,166,3
2020-12-12,Mendocino,045,87422,2011,1771,20,1791,24
2020-12-12,Merced,047,269075,15594,14181,226,14407,188
2020-12-12,Modoc,049,8938,191,169,54,223,0
2020-12-12,Mono,051,14174,734,640,12,652,3
2020-12-12,Monterey,053,433212,21895,18596,432,19028,151
2020-12-12,Napa,055,140530,4681,4113,24,4137,22
2020-12-12,Nevada,057,99092,2260,1981,63,2044,10
2020-12-12,Orange,059,3164182,118310,100468,4041,104509,1674
2020-12-12,Placer,061,380077,11279,9390,340,9730,95
2020-12-12,Plumas,063,18699,375,291,8,299,0
2020-12-12,Riverside,065,2383286,136743,118335,4685,123020,1579
2020-12-12,Sacramento,067,1510023,53259,48319,336,48655,673
2020-12-12,San Benito,069,59416,2687,2355,19,2374,19
2020-12-12,San Bernardino,071,2135413,149771,125741,3620,129361,1321
2020-12-12,San Diego,073,3302833,118385,104958,5011,109969,1151
2020-12-12,San Francisco,075,870044,19834,18413,163,18576,167
2020-12-12,San Joaquin,077,732212,36684,32200,943,33143,534
2020-12-12,San Luis Obispo,079,281455,8654,7462,177,7639,50
2020-12-12,San Mateo,081,765935,20306,17574,46,17620,177
2020-12-12,Santa Barbara,083,443738,14204,13174,323,13497,144
2020-12-12,Santa Clara,085,1922200,53998,45892,200,46092,498
2020-12-12,Santa Cruz,087,273765,6938,5905,144,6049,54
2020-12-12,Shasta,089,179085,7165,6551,441,6992,54
2020-12-12,Sierra,091,2930,23,21,0,21,0
2020-12-12,Siskiyou,093,43540,887,762,69,831,2
2020-12-12,Solano,095,438530,14663,12748,139,12887,93
2020-12-12,Sonoma,097,501317,16030,14466,95,14561,166
2020-12-12,Stanislaus,099,539301,28946,26246,2227,28473,483
2020-12-12,Sutter,101,95872,5320,4717,28,4745,32
2020-12-12,Tehama,103,63373,2488,2252,150,2402,9
2020-12-12,Trinity,105,12862,363,204,47,251,1
2020-12-12,Tulare,107,460477,28324,25333,2557,27890,341
2020-12-12,Tuolumne,109,53932,1979,1536,8,1544,8
2020-12-12,Ventura,111,848112,30050,25955,1031,26986,202
2020-12-12,Yolo,113,214977,6920,6116,32,6148,95
2020-12-12,Yuba,115,75493,3047,2692,26,2718,10
2020-12-11,Alameda,001,1643700,41145,36281,609,36890,482
2020-12-11,Alpine,003,1148,65,63,0,63,0
2020-12-11,Amador,005,37829,1745,1213,8,1221,19
2020-12-11,Butte,007,227075,5822,4941,488,5429,73
2020-12-11,Calaveras,009,45235,793,697,0,697,21
2020-12-11,Colusa,011,21464,1059,923,37,960,7
2020-12-11,Contra Costa,013,1133247,32505,29036,289,29325,282
2020-12-11,Del Norte,015,27424,592,505,0,505,1
2020-12-11,El Dorado,017,186661,4605,3669,110,3779,9
2020-12-11,Fresno,019,978130,55192,43071,2861,45932,550
2020-12-11,Glenn,021,27897,1266,1135,130,1265,8
2020-12-11,Humboldt,023,135768,1358,1190,4,1194,9
2020-12-11,Imperial,025,180216,20372,18599,319,18918,377
2020-12-11,Inyo,027,18085,462,372,7,379,16
2020-12-11,Kern,029,883053,53748,47664,3058,50722,502
2020-12-11,Kings,031,150075,14078,13118,340,13458,94
2020-12-11,Lake,033,64148,1436,1205,0,1205,21
2020-12-11,Lassen,035,31185,3440,2790,21,2811,1
2020-12-11,Los Angeles,037,10098052,554693,493592,11571,505163,8198
2020-12-11,Madera,039,155013,8505,7648,269,7917,59
2020-12-11,Marin,041,260295,8663,8317,53,8370,141
2020-12-11,Mariposa,043,17540,186,164,2,166,3
2020-12-11,Mendocino,045,87422,1987,1769,20,1789,24
2020-12-11,Merced,047,269075,15474,14038,218,14256,186
2020-12-11,Modoc,049,8938,191,168,53,221,0
2020-12-11,Mono,051,14174,724,631,12,643,3
2020-12-11,Monterey,053,433212,21594,18421,427,18848,150
2020-12-11,Napa,055,140530,4626,4054,24,4078,22
2020-12-11,Nevada,057,99092,2243,1959,60,2019,10
2020-12-11,Orange,059,3164182,115998,98357,3939,102296,1656
2020-12-11,Placer,061,380077,11117,8904,324,9228,93
2020-12-11,Plumas,063,18699,367,286,8,294,0
2020-12-11,Riverside,065,2383286,133675,115329,4465,119794,1573
2020-12-11,Sacramento,067,1510023,52597,47468,328,47796,669
2020-12-11,San Benito,069,59416,2636,2319,19,2338,19
2020-12-11,San Bernardino,071,2135413,147082,123092,3504,126596,1313
2020-12-11,San Diego,073,3302833,116425,102468,4928,107396,1137
2020-12-11,San Francisco,075,870044,19604,18246,162,18408,165
2020-12-11,San Joaquin,077,732212,36338,32044,915,32959,534
2020-12-11,San Luis Obispo,079,281455,8493,7415,175,7590,49
2020-12-11,San Mateo,081,765935,20035,17240,35,17275,177
2020-12-11,Santa Barbara,083,443738,14061,12997,315,13312,144
2020-12-11,Santa Clara,085,1922200,52993,45101,191,45292,494
2020-12-11,Santa Cruz,087,273765,6825,5764,135,5899,50
2020-12-11,Shasta,089,179085,7120,6459,434,6893,54
2020-12-11,Sierra,091,2930,23,19,0,19,0
2020-12-11,Siskiyou,093,43540,880,753,66,819,2
2020-12-11,Solano,095,438530,14477,12554,135,12689,92
2020-12-11,Sonoma,097,501317,15863,14298,93,14391,166
2020-12-11,Stanislaus,099,539301,28678,25928,2183,28111,464
2020-12-11,Sutter,101,95872,5257,4600,27,4627,30
2020-12-11,Tehama,103,63373,2458,2232,146,2378,9
2020-12-11,Trinity,105,12862,360,204,47,251,1
2020-12-11,Tulare,107,460477,27965,24953,2510,27463,338
2020-12-11,Tuolumne,109,53932,1965,1510,8,1518,8
2020-12-11,Ventura,111,848112,29444,24999,1009,26008,202
2020-12-11,Yolo,113,214977,6814,6006,31,6037,95
2020-12-11,Yuba,115,75493,2987,2649,25,2674,10
2020-12-10,Alameda,001,1643700,40377,35686,587,36273,477
2020-12-10,Alpine,003,1148,65,63,0,63,0
2020-12-10,Amador,005,37829,1688,1191,8,1199,18
2020-12-10,Butte,007,227075,5706,4863,461,5324,72
2020-12-10,Calaveras,009,45235,775,684,0,684,21
2020-12-10,Colusa,011,21464,1036,909,34,943,7
2020-12-10,Contra Costa,013,1133247,31823,28413,283,28696,276
2020-12-10,Del Norte,015,27424,582,501,0,501,1
2020-12-10,El Dorado,017,186661,4487,3557,105,3662,9
2020-12-10,Fresno,019,978130,54214,42461,2719,45180,540
2020-12-10,Glenn,021,27897,1246,1126,121,1247,8
2020-12-10,Humboldt,023,135768,1338,1140,4,1144,9
2020-12-10,Imperial,025,180216,20158,18333,242,18575,370
2020-12-10,Inyo,027,18085,441,365,7,372,15
2020-12-10,Kern,029,883053,52765,47176,2892,50068,499
2020-12-10,Kings,031,150075,13920,12993,334,13327,92
2020-12-10,Lake,033,64148,1395,1167,0,1167,21
2020-12-10,Lassen,035,31185,3418,2764,17,2781,0
2020-12-10,Los Angeles,037,10098052,540724,480354,11034,491388,8149
2020-12-10,Madera,039,155013,8398,7445,254,7699,59
2020-12-10,Marin,041,260295,8610,8245,52,8297,140
2020-12-10,Mariposa,043,17540,185,160,2,162,3
2020-12-10,Mendocino,045,87422,1961,1748,17,1765,24
2020-12-10,Merced,047,269075,15228,13756,215,13971,186
2020-12-10,Modoc,049,8938,186,165,51,216,0
2020-12-10,Mono,051,14174,719,601,12,613,3
2020-12-10,Monterey,053,433212,21113,18266,417,18683,145
2020-12-10,Napa,055,140530,4540,3974,23,3997,22
2020-12-10,Nevada,057,99092,2207,1919,60,1979,10
2020-12-10,Orange,059,3164182,112902,95297,3777,99074,1651
2020-12-10,Placer,061,380077,10864,8906,305,9211,90
2020-12-10,Plumas,063,18699,356,281,8,289,0
2020-12-10,Riverside,065,2383286,129988,112794,4196,116990,1552
2020-12-10,Sacramento,067,1510023,51697,46471,306,46777,664
2020-12-10,San Benito,069,59416,2576,2268,18,2286,19
2020-12-10,San Bernardino,071,2135413,142847,120186,3330,123516,1306
2020-12-10,San Diego,073,3302833,113900,99601,4779,104380,1114
2020-12-10,San Francisco,075,870044,19292,17945,154,18099,164
2020-12-10,San Joaquin,077,732212,35702,31228,885,32113,534
2020-12-10,San Luis Obispo,079,281455,8330,7245,164,7409,49
2020-12-10,San Mateo,081,765935,19590,16701,25,16726,177
2020-12-10,Santa Barbara,083,443738,13882,12788,306,13094,143
2020-12-10,Santa Clara,085,1922200,51857,43939,176,44115,491
2020-12-10,Santa Cruz,087,273765,6658,5645,122,5767,48
2020-12-10,Shasta,089,179085,7053,6312,409,6721,53
2020-12-10,Sierra,091,2930,23,18,0,18,0
2020-12-10,Siskiyou,093,43540,870,712,65,777,2
2020-12-10,Solano,095,438530,14111,12017,129,12146,90
2020-12-10,Sonoma,097,501317,15608,14282,91,14373,167
2020-12-10,Stanislaus,099,539301,28215,25582,2114,27696,464
2020-12-10,Sutter,101,95872,5127,4528,25,4553,27
2020-12-10,Tehama,103,63373,2414,2190,138,2328,9
2020-12-10,Trinity,105,12862,356,202,45,247,1
2020-12-10,Tulare,107,460477,27508,24506,2444,26950,337
2020-12-10,Tuolumne,109,53932,1723,1451,8,1459,8
2020-12-10,Ventura,111,848112,28593,24075,965,25040,202
2020-12-10,Yolo,113,214977,6693,5896,30,5926,95
2020-12-10,Yuba,115,75493,2923,2604,24,2628,10
2020-12-09,Alameda,001,1643700,39539,35047,564,35611,470
2020-12-09,Alpine,003,1148,65,58,0,58,0
2020-12-09,Amador,005,37829,1645,1121,8,1129,19
2020-12-09,Butte,007,227075,5563,4733,441,5174,70
2020-12-09,Calaveras,009,45235,748,670,0,670,21
2020-12-09,Colusa,011,21464,1021,896,33,929,7
2020-12-09,Contra Costa,013,1133247,31119,28308,272,28580,273
2020-12-09,Del Norte,015,27424,569,481,0,481,2
2020-12-09,El Dorado,017,186661,4352,3449,97,3546,8
2020-12-09,Fresno,019,978130,53212,41954,2566,44520,533
2020-12-09,Glenn,021,27897,1232,1107,115,1222,8
2020-12-09,Humboldt,023,135768,1306,1086,4,1090,10
2020-12-09,Imperial,025,180216,19903,17757,206,17963,368
2020-12-09,Inyo,027,18085,428,356,7,363,15
2020-12-09,Kern,029,883053,51607,46379,2746,49125,494
2020-12-09,Kings,031,150075,13775,12716,326,13042,92
2020-12-09,Lake,033,64148,1367,1158,0,1158,20
2020-12-09,Lassen,035,31185,3349,2331,15,2346,0
2020-12-09,Los Angeles,037,10098052,527240,467971,10484,478455,8075
2020-12-09,Madera,039,155013,8285,7216,251,7467,59
2020-12-09,Marin,041,260295,8548,8182,51,8233,138
2020-12-09,Mariposa,043,17540,183,154,2,156,3
2020-12-09,Mendocino,045,87422,1935,1703,16,1719,24
2020-12-09,Merced,047,269075,14987,13588,208,13796,183
2020-12-09,Modoc,049,8938,181,146,42,188,0
2020-12-09,Mono,051,14174,707,601,12,613,3
2020-12-09,Monterey,053,433212,20712,17891,409,18300,143
2020-12-09,Napa,055,140530,4454,3858,22,3880,21
2020-12-09,Nevada,057,99092,2154,1864,60,1924,10
2020-12-09,Orange,059,3164182,109816,93763,3603,97366,1629
2020-12-09,Placer,061,380077,10603,8588,291,8879,85
2020-12-09,Plumas,063,18699,348,271,8,279,0
2020-12-09,Riverside,065,2383286,126291,110376,3989,114365,1543
2020-12-09,Sacramento,067,1510023,50634,45284,279,45563,659
2020-12-09,San Benito,069,59416,2503,2217,16,2233,19
2020-12-09,San Bernardino,071,2135413,138568,114516,3133,117649,1305
2020-12-09,San Diego,073,3302833,110920,97551,4640,102191,1103
2020-12-09,San Francisco,075,870044,18991,17628,153,17781,163
2020-12-09,San Joaquin,077,732212,34883,30539,860,31399,531
2020-12-09,San Luis Obispo,079,281455,8112,7105,156,7261,47
2020-12-09,San Mateo,081,765935,19140,16422,24,16446,175
2020-12-09,Santa Barbara,083,443738,13682,12630,296,12926,142
2020-12-09,Santa Clara,085,1922200,50705,42912,160,43072,489
2020-12-09,Santa Cruz,087,273765,6500,5527,107,5634,47
2020-12-09,Shasta,089,179085,6988,6105,395,6500,52
2020-12-09,Sierra,091,2930,23,18,0,18,0
2020-12-09,Siskiyou,093,43540,859,713,64,777,2
2020-12-09,Solano,095,438530,13763,11862,121,11983,90
2020-12-09,Sonoma,097,501317,15352,13994,88,14082,164
2020-12-09,Stanislaus,099,539301,27717,25157,2053,27210,463
2020-12-09,Sutter,101,95872,5009,4418,21,4439,24
2020-12-09,Tehama,103,63373,2378,2102,134,2236,9
2020-12-09,Trinity,105,12862,348,199,42,241,0
2020-12-09,Tulare,107,460477,26912,24124,2365,26489,334
2020-12-09,Tuolumne,109,53932,1690,1319,8,1327,8
2020-12-09,Ventura,111,848112,27730,23830,923,24753,201
2020-12-09,Yolo,113,214977,6568,5760,28,5788,95
2020-12-09,Yuba,115,75493,2855,2513,23,2536,10
2020-12-08,Alameda,001,1643700,38637,34373,548,34921,469
2020-12-08,Alpine,003,1148,64,53,0,53,0
2020-12-08,Amador,005,37829,1359,1043,8,1051,17
2020-12-08,Butte,007,227075,5405,4651,400,5051,70
2020-12-08,Calaveras,009,45235,724,657,0,657,21
2020-12-08,Colusa,011,21464,1005,875,32,907,6
2020-12-08,Contra Costa,013,1133247,30417,27926,255,28181,270
2020-12-08,Del Norte,015,27424,553,465,0,465,2
2020-12-08,El Dorado,017,186661,4228,3296,84,3380,8
2020-12-08,Fresno,019,978130,51948,41574,2410,43984,529
2020-12-08,Glenn,021,27897,1212,1094,107,1201,8
2020-12-08,Humboldt,023,135768,1280,1059,4,1063,10
2020-12-08,Imperial,025,180216,19388,17568,198,17766,363
2020-12-08,Inyo,027,18085,405,333,7,340,15
2020-12-08,Kern,029,883053,50313,45116,2590,47706,487
2020-12-08,Kings,031,150075,13621,12623,317,12940,90
2020-12-08,Lake,033,64148,1325,1127,0,1127,20
2020-12-08,Lassen,035,31185,3193,2165,15,2180,0
2020-12-08,Los Angeles,037,10098052,514543,459738,10005,469743,8004
2020-12-08,Madera,039,155013,8154,7082,238,7320,59
2020-12-08,Marin,041,260295,8468,8099,50,8149,137
2020-12-08,Mariposa,043,17540,179,150,2,152,2
2020-12-08,Mendocino,045,87422,1893,1666,16,1682,23
2020-12-08,Merced,047,269075,14675,13380,207,13587,181
2020-12-08,Modoc,049,8938,173,138,39,177,0
2020-12-08,Mono,051,14174,693,597,12,609,3
2020-12-08,Monterey,053,433212,20141,17752,402,18154,134
2020-12-08,Napa,055,140530,4367,3778,21,3799,22
2020-12-08,Nevada,057,99092,2100,1809,57,1866,11
2020-12-08,Orange,059,3164182,106596,91406,3437,94843,1629
2020-12-08,Placer,061,380077,10335,8224,286,8510,82
2020-12-08,Plumas,063,18699,338,258,8,266,0
2020-12-08,Riverside,065,2383286,122928,107620,3809,111429,1514
2020-12-08,Sacramento,067,1510023,49570,44635,264,44899,649
2020-12-08,San Benito,069,59416,2450,2180,16,2196,18
2020-12-08,San Bernardino,071,2135413,134221,110676,3007,113683,1301
2020-12-08,San Diego,073,3302833,107549,95447,4483,99930,1088
2020-12-08,San Francisco,075,870044,18681,17384,151,17535,162
2020-12-08,San Joaquin,077,732212,33987,30225,827,31052,530
2020-12-08,San Luis Obispo,079,281455,7983,6903,145,7048,45
2020-12-08,San Mateo,081,765935,18740,16305,24,16329,175
2020-12-08,Santa Barbara,083,443738,13498,12516,287,12803,141
2020-12-08,Santa Clara,085,1922200,49400,41309,151,41460,484
2020-12-08,Santa Cruz,087,273765,6321,5374,105,5479,45
2020-12-08,Shasta,089,179085,6878,5946,387,6333,50
2020-12-08,Sierra,091,2930,22,18,0,18,0
2020-12-08,Siskiyou,093,43540,845,704,62,766,2
2020-12-08,Solano,095,438530,13361,11669,119,11788,89
2020-12-08,Sonoma,097,501317,15093,13601,87,13688,164
2020-12-08,Stanislaus,099,539301,27228,24793,1988,26781,461
2020-12-08,Sutter,101,95872,4914,4342,20,4362,24
2020-12-08,Tehama,103,63373,2304,2057,126,2183,9
2020-12-08,Trinity,105,12862,339,198,41,239,0
2020-12-08,Tulare,107,460477,26309,23607,2304,25911,330
2020-12-08,Tuolumne,109,53932,1666,1264,8,1272,7
2020-12-08,Ventura,111,848112,27067,23665,880,24545,195
2020-12-08,Yolo,113,214977,6436,5560,28,5588,90
2020-12-08,Yuba,115,75493,2778,2477,23,2500,10
2020-12-07,Alameda,001,1643700,37771,33887,512,34399,466
2020-12-07,Alpine,003,1148,63,53,0,53,0
2020-12-07,Amador,005,37829,1284,993,7,1000,17
2020-12-07,Butte,007,227075,5270,4604,378,4982,67
2020-12-07,Calaveras,009,45235,692,606,0,606,21
2020-12-07,Colusa,011,21464,980,825,27,852,6
2020-12-07,Contra Costa,013,1133247,29800,27307,242,27549,270
2020-12-07,Del Norte,015,27424,541,424,0,424,2
2020-12-07,El Dorado,017,186661,4049,3275,77,3352,8
2020-12-07,Fresno,019,978130,50473,41098,2287,43385,526
2020-12-07,Glenn,021,27897,1193,1085,101,1186,8
2020-12-07,Humboldt,023,135768,1245,1023,4,1027,9
2020-12-07,Imperial,025,180216,18966,17234,188,17422,364
2020-12-07,Inyo,027,18085,390,333,7,340,15
2020-12-07,Kern,029,883053,49288,44409,2454,46863,486
2020-12-07,Kings,031,150075,13478,12412,307,12719,90
2020-12-07,Lake,033,64148,1298,1090,0,1090,20
2020-12-07,Lassen,035,31185,3096,2167,15,2182,0
2020-12-07,Los Angeles,037,10098052,500875,451052,9567,460619,7937
2020-12-07,Madera,039,155013,7889,6935,233,7168,59
2020-12-07,Marin,041,260295,8410,8049,49,8098,136
2020-12-07,Mariposa,043,17540,176,146,2,148,2
2020-12-07,Mendocino,045,87422,1857,1638,14,1652,23
2020-12-07,Merced,047,269075,14316,13250,197,13447,179
2020-12-07,Modoc,049,8938,166,128,36,164,0
2020-12-07,Mono,051,14174,680,590,12,602,3
2020-12-07,Monterey,053,433212,19660,17746,390,18136,132
2020-12-07,Napa,055,140530,4276,3684,21,3705,21
2020-12-07,Nevada,057,99092,2051,1777,56,1833,11
2020-12-07,Orange,059,3164182,103331,89793,3317,93110,1628
2020-12-07,Placer,061,380077,10008,7911,272,8183,82
2020-12-07,Plumas,063,18699,326,256,5,261,0
2020-12-07,Riverside,065,2383286,119729,102363,3626,105989,1491
2020-12-07,Sacramento,067,1510023,48475,43419,247,43666,638
2020-12-07,San Benito,069,59416,2399,2165,15,2180,18
2020-12-07,San Bernardino,071,2135413,130267,108161,2888,111049,1295
2020-12-07,San Diego,073,3302833,104760,94171,4302,98473,1062
2020-12-07,San Francisco,075,870044,18390,17220,144,17364,161
2020-12-07,San Joaquin,077,732212,33112,28188,800,28988,530
2020-12-07,San Luis Obispo,079,281455,7801,6782,138,6920,45
2020-12-07,San Mateo,081,765935,18299,16029,23,16052,175
2020-12-07,Santa Barbara,083,443738,13256,12362,277,12639,141
2020-12-07,Santa Clara,085,1922200,48016,40621,142,40763,484
2020-12-07,Santa Cruz,087,273765,6156,5152,99,5251,41
2020-12-07,Shasta,089,179085,6755,5742,372,6114,50
2020-12-07,Sierra,091,2930,20,18,0,18,0
2020-12-07,Siskiyou,093,43540,818,652,62,714,2
2020-12-07,Solano,095,438530,13022,11354,115,11469,89
2020-12-07,Sonoma,097,501317,14809,13376,87,13463,164
2020-12-07,Stanislaus,099,539301,26670,24479,1935,26414,454
2020-12-07,Sutter,101,95872,4773,4106,20,4126,24
2020-12-07,Tehama,103,63373,2253,2030,121,2151,9
2020-12-07,Trinity,105,12862,335,194,41,235,0
2020-12-07,Tulare,107,460477,25773,22760,2247,25007,328
2020-12-07,Tuolumne,109,53932,1581,1256,7,1263,7
2020-12-07,Ventura,111,848112,26480,23354,844,24198,191
2020-12-07,Yolo,113,214977,6273,5537,27,5564,90
2020-12-07,Yuba,115,75493,2710,2428,21,2449,10
2020-12-06,Alameda,001,1643700,36780,33477,492,33969,465
2020-12-06,Alpine,003,1148,59,53,0,53,0
2020-12-06,Amador,005,37829,1221,952,6,958,17
2020-12-06,Butte,007,227075,5117,4527,345,4872,67
2020-12-06,Calaveras,009,45235,672,606,0,606,21
2020-12-06,Colusa,011,21464,963,824,23,847,6
2020-12-06,Contra Costa,013,1133247,29193,26566,235,26801,270
2020-12-06,Del Norte,015,27424,486,414,0,414,2
2020-12-06,El Dorado,017,186661,3912,3086,72,3158,8
2020-12-06,Fresno,019,978130,49517,40869,2171,43040,526
2020-12-06,Glenn,021,27897,1183,1067,97,1164,8
2020-12-06,Humboldt,023,135768,1220,1004,4,1008,9
2020-12-06,Imperial,025,180216,18651,16922,179,17101,364
2020-12-06,Inyo,027,18085,377,333,7,340,15
2020-12-06,Kern,029,883053,48299,43899,2284,46183,486
2020-12-06,Kings,031,150075,13206,12056,290,12346,90
2020-12-06,Lake,033,64148,1261,1075,0,1075,20
2020-12-06,Lassen,035,31185,2991,2168,13,2181,0
2020-12-06,Los Angeles,037,10098052,487284,443230,9127,452357,7910
2020-12-06,Madera,039,155013,7718,6826,224,7050,59
2020-12-06,Marin,041,260295,8329,8013,47,8060,136
2020-12-06,Mariposa,043,17540,175,144,2,146,2
2020-12-06,Mendocino,045,87422,1817,1614,14,1628,23
2020-12-06,Merced,047,269075,13981,12928,188,13116,179
2020-12-06,Modoc,049,8938,153,125,29,154,0
2020-12-06,Mono,051,14174,658,586,10,596,3
2020-12-06,Monterey,053,433212,19041,17426,380,17806,130
2020-12-06,Napa,055,140530,4164,3644,21,3665,21
2020-12-06,Nevada,057,99092,1992,1710,53,1763,10
2020-12-06,Orange,059,3164182,100266,87737,3187,90924,1627
2020-12-06,Placer,061,380077,9727,7837,252,8089,82
2020-12-06,Plumas,063,18699,313,254,4,258,0
2020-12-06,Riverside,065,2383286,116635,100088,3402,103490,1482
2020-12-06,Sacramento,067,1510023,47236,42808,231,43039,638
2020-12-06,San Benito,069,59416,2362,2135,15,2150,18
2020-12-06,San Bernardino,071,2135413,126116,106927,2731,109658,1286
2020-12-06,San Diego,073,3302833,101727,92173,4148,96321,1062
2020-12-06,San Francisco,075,870044,18068,17107,137,17244,161
2020-12-06,San Joaquin,077,732212,32278,28188,771,28959,530
2020-12-06,San Luis Obispo,079,281455,7635,6723,133,6856,45
2020-12-06,San Mateo,081,765935,17795,15855,20,15875,175
2020-12-06,Santa Barbara,083,443738,13024,12252,268,12520,141
2020-12-06,Santa Clara,085,1922200,46641,39112,136,39248,482
2020-12-06,Santa Cruz,087,273765,5982,5069,93,5162,40
2020-12-06,Shasta,089,179085,6614,5743,351,6094,49
2020-12-06,Sierra,091,2930,20,17,0,17,0
2020-12-06,Siskiyou,093,43540,800,652,60,712,2
2020-12-06,Solano,095,438530,12735,11354,105,11459,88
2020-12-06,Sonoma,097,501317,14520,13238,86,13324,164
2020-12-06,Stanislaus,099,539301,26118,24036,1871,25907,454
2020-12-06,Sutter,101,95872,4657,4009,19,4028,21
2020-12-06,Tehama,103,63373,2194,1982,111,2093,9
2020-12-06,Trinity,105,12862,328,181,39,220,0
2020-12-06,Tulare,107,460477,25247,22756,2178,24934,327
2020-12-06,Tuolumne,109,53932,1485,1210,7,1217,7
2020-12-06,Ventura,111,848112,25938,23035,817,23852,191
2020-12-06,Yolo,113,214977,6112,5465,22,5487,90
2020-12-06,Yuba,115,75493,2666,2340,20,2360,10
2020-12-05,Alameda,001,1643700,36422,32781,481,33262,465
2020-12-05,Alpine,003,1148,58,53,0,53,0
2020-12-05,Amador,005,37829,1197,847,6,853,17
2020-12-05,Butte,007,227075,5049,4455,326,4781,66
2020-12-05,Calaveras,009,45235,660,606,0,606,21
2020-12-05,Colusa,011,21464,945,825,20,845,6
2020-12-05,Contra Costa,013,1133247,28901,26217,228,26445,270
2020-12-05,Del Norte,015,27424,480,408,0,408,2
2020-12-05,El Dorado,017,186661,3847,3061,67,3128,8
2020-12-05,Fresno,019,978130,49198,40568,2116,42684,525
2020-12-05,Glenn,021,27897,1170,1056,91,1147,8
2020-12-05,Humboldt,023,135768,1187,979,4,983,9
2020-12-05,Imperial,025,180216,18483,16544,178,16722,362
2020-12-05,Inyo,027,18085,372,332,7,339,15
2020-12-05,Kern,029,883053,47835,43332,2199,45531,484
2020-12-05,Kings,031,150075,13125,11898,287,12185,90
2020-12-05,Lake,033,64148,1234,1069,0,1069,20
2020-12-05,Lassen,035,31185,2800,2168,11,2179,0
2020-12-05,Los Angeles,037,10098052,481484,433120,8809,441929,7888
2020-12-05,Madera,039,155013,7625,6619,217,6836,59
2020-12-05,Marin,041,260295,8302,7961,47,8008,136
2020-12-05,Mariposa,043,17540,170,143,2,145,2
2020-12-05,Mendocino,045,87422,1778,1585,14,1599,23
2020-12-05,Merced,047,269075,13874,12747,177,12924,180
2020-12-05,Modoc,049,8938,153,118,28,146,0
2020-12-05,Mono,051,14174,653,554,10,564,3
2020-12-05,Monterey,053,433212,18895,17077,376,17453,127
2020-12-05,Napa,055,140530,4093,3565,21,3586,21
2020-12-05,Nevada,057,99092,1977,1642,51,1693,10
2020-12-05,Orange,059,3164182,98800,85735,3091,88826,1612
2020-12-05,Placer,061,380077,9607,7811,243,8054,78
2020-12-05,Plumas,063,18699,306,246,1,247,0
2020-12-05,Riverside,065,2383286,115023,98612,3225,101837,1477
2020-12-05,Sacramento,067,1510023,46571,41878,216,42094,625
2020-12-05,San Benito,069,59416,2318,2073,15,2088,18
2020-12-05,San Bernardino,071,2135413,124591,105382,2602,107984,1283
2020-12-05,San Diego,073,3302833,100375,90470,4067,94537,1055
2020-12-05,San Francisco,075,870044,17884,16786,133,16919,161
2020-12-05,San Joaquin,077,732212,32012,28105,738,28843,523
2020-12-05,San Luis Obispo,079,281455,7568,6623,130,6753,44
2020-12-05,San Mateo,081,765935,17538,15512,20,15532,175
2020-12-05,Santa Barbara,083,443738,12924,12107,262,12369,141
2020-12-05,Santa Clara,085,1922200,45899,38339,131,38470,474
2020-12-05,Santa Cruz,087,273765,5909,4997,91,5088,40
2020-12-05,Shasta,089,179085,6553,5653,340,5993,49
2020-12-05,Sierra,091,2930,20,17,0,17,0
2020-12-05,Siskiyou,093,43540,792,649,59,708,2
2020-12-05,Solano,095,438530,12566,11351,103,11454,87
2020-12-05,Sonoma,097,501317,14424,13137,86,13223,164
2020-12-05,Stanislaus,099,539301,25804,23662,1836,25498,454
2020-12-05,Sutter,101,95872,4592,3937,19,3956,20
2020-12-05,Tehama,103,63373,2178,1926,109,2035,9
2020-12-05,Trinity,105,12862,327,177,39,216,0
2020-12-05,Tulare,107,460477,25032,22660,2120,24780,324
2020-12-05,Tuolumne,109,53932,1428,1180,7,1187,7
2020-12-05,Ventura,111,848112,25567,22710,803,23513,191
2020-12-05,Yolo,113,214977,6036,5351,21,5372,90
2020-12-05,Yuba,115,75493,2629,2275,20,2295,10
2020-12-04,Alameda,001,1643700,35874,31871,468,32339,465
2020-12-04,Alpine,003,1148,58,53,0,53,0
2020-12-04,Amador,005,37829,1183,766,3,769,16
2020-12-04,Butte,007,227075,4977,4336,305,4641,65
2020-12-04,Calaveras,009,45235,655,585,0,585,21
2020-12-04,Colusa,011,21464,931,790,18,808,6
2020-12-04,Contra Costa,013,1133247,28556,25705,216,25921,264
2020-12-04,Del Norte,015,27424,469,401,0,401,2
2020-12-04,El Dorado,017,186661,3759,2933,64,2997,7
2020-12-04,Fresno,019,978130,48489,40108,2048,42156,522
2020-12-04,Glenn,021,27897,1164,1017,83,1100,8
2020-12-04,Humboldt,023,135768,1169,960,4,964,9
2020-12-04,Imperial,025,180216,18241,16484,178,16662,362
2020-12-04,Inyo,027,18085,364,324,7,331,15
2020-12-04,Kern,029,883053,47284,42497,2096,44593,485
2020-12-04,Kings,031,150075,13032,11767,281,12048,88
2020-12-04,Lake,033,64148,1206,1018,0,1018,20
2020-12-04,Lassen,035,31185,2793,2167,10,2177,0
2020-12-04,Los Angeles,037,10098052,472864,424164,8514,432678,7845
2020-12-04,Madera,039,155013,7534,6479,214,6693,58
2020-12-04,Marin,041,260295,8251,7896,44,7940,136
2020-12-04,Mariposa,043,17540,170,136,2,138,2
2020-12-04,Mendocino,045,87422,1759,1563,13,1576,23
2020-12-04,Merced,047,269075,13759,12474,169,12643,177
2020-12-04,Modoc,049,8938,153,115,28,143,0
2020-12-04,Mono,051,14174,648,549,10,559,3
2020-12-04,Monterey,053,433212,18683,16737,367,17104,127
2020-12-04,Napa,055,140530,4039,3432,21,3453,19
2020-12-04,Nevada,057,99092,1952,1560,48,1608,10
2020-12-04,Orange,059,3164182,96878,83738,3026,86764,1597
2020-12-04,Placer,061,380077,9483,7461,229,7690,76
2020-12-04,Plumas,063,18699,299,232,0,232,0
2020-12-04,Riverside,065,2383286,112824,95255,3068,98323,1475
2020-12-04,Sacramento,067,1510023,45807,41061,199,41260,618
2020-12-04,San Benito,069,59416,2285,2006,15,2021,17
2020-12-04,San Bernardino,071,2135413,122316,102418,2494,104912,1290
2020-12-04,San Diego,073,3302833,98891,88183,3980,92163,1047
2020-12-04,San Francisco,075,870044,17693,16499,133,16632,161
2020-12-04,San Joaquin,077,732212,31575,27806,701,28507,522
2020-12-04,San Luis Obispo,079,281455,7483,6473,127,6600,42
2020-12-04,San Mateo,081,765935,17250,15112,19,15131,173
2020-12-04,Santa Barbara,083,443738,12818,11947,255,12202,141
2020-12-04,Santa Clara,085,1922200,44976,37465,125,37590,468
2020-12-04,Santa Cruz,087,273765,5822,4985,89,5074,32
2020-12-04,Shasta,089,179085,6465,5439,330,5769,49
2020-12-04,Sierra,091,2930,19,17,0,17,0
2020-12-04,Siskiyou,093,43540,785,639,56,695,2
2020-12-04,Solano,095,438530,12420,11037,100,11137,87
2020-12-04,Sonoma,097,501317,14276,12962,85,13047,164
2020-12-04,Stanislaus,099,539301,25534,23206,1791,24997,448
2020-12-04,Sutter,101,95872,4520,3791,14,3805,20
2020-12-04,Tehama,103,63373,2138,1876,104,1980,9
2020-12-04,Trinity,105,12862,325,172,39,211,0
2020-12-04,Tulare,107,460477,24749,22273,2048,24321,322
2020-12-04,Tuolumne,109,53932,1397,1134,7,1141,7
2020-12-04,Ventura,111,848112,25190,22024,786,22810,189
2020-12-04,Yolo,113,214977,5962,5294,20,5314,87
2020-12-04,Yuba,115,75493,2586,2225,19,2244,10
2020-12-03,Alameda,001,1643700,35109,31184,449,31633,465
2020-12-03,Alpine,003,1148,57,53,0,53,0
2020-12-03,Amador,005,37829,1132,653,3,656,16
2020-12-03,Butte,007,227075,4881,4305,286,4591,65
2020-12-03,Calaveras,009,45235,636,572,0,572,21
2020-12-03,Colusa,011,21464,918,774,17,791,6
2020-12-03,Contra Costa,013,1133247,28055,25464,209,25673,265
2020-12-03,Del Norte,015,27424,465,388,0,388,2
2020-12-03,El Dorado,017,186661,3633,2740,62,2802,6
2020-12-03,Fresno,019,978130,47736,39680,1976,41656,516
2020-12-03,Glenn,021,27897,1146,997,75,1072,8
2020-12-03,Humboldt,023,135768,1139,923,4,927,9
2020-12-03,Imperial,025,180216,18036,16436,166,16602,359
2020-12-03,Inyo,027,18085,361,321,7,328,15
2020-12-03,Kern,029,883053,46438,42062,1995,44057,483
2020-12-03,Kings,031,150075,12933,11658,269,11927,87
2020-12-03,Lake,033,64148,1191,991,0,991,20
2020-12-03,Lassen,035,31185,2753,2128,9,2137,0
2020-12-03,Los Angeles,037,10098052,462768,415805,8152,423957,7787
2020-12-03,Madera,039,155013,7411,6398,209,6607,58
2020-12-03,Marin,041,260295,8191,7861,40,7901,136
2020-12-03,Mariposa,043,17540,166,132,2,134,2
2020-12-03,Mendocino,045,87422,1742,1547,10,1557,23
2020-12-03,Merced,047,269075,13514,12310,161,12471,177
2020-12-03,Modoc,049,8938,151,114,28,142,0
2020-12-03,Mono,051,14174,626,527,10,537,3
2020-12-03,Monterey,053,433212,18222,16218,356,16574,125
2020-12-03,Napa,055,140530,3925,3360,21,3381,19
2020-12-03,Nevada,057,99092,1874,1472,47,1519,10
2020-12-03,Orange,059,3164182,94344,82187,2956,85143,1591
2020-12-03,Placer,061,380077,9281,7270,213,7483,73
2020-12-03,Plumas,063,18699,284,223,0,223,0
2020-12-03,Riverside,065,2383286,110060,92489,2906,95395,1461
2020-12-03,Sacramento,067,1510023,44748,40280,186,40466,614
2020-12-03,San Benito,069,59416,2239,1967,15,1982,16
2020-12-03,San Bernardino,071,2135413,118988,100787,2410,103197,1283
2020-12-03,San Diego,073,3302833,97076,86144,3862,90006,1040
2020-12-03,San Francisco,075,870044,17471,16236,132,16368,161
2020-12-03,San Joaquin,077,732212,30853,27239,656,27895,522
2020-12-03,San Luis Obispo,079,281455,7315,6388,126,6514,42
2020-12-03,San Mateo,081,765935,16897,14909,19,14928,173
2020-12-03,Santa Barbara,083,443738,12689,11829,249,12078,141
2020-12-03,Santa Clara,085,1922200,43781,36621,119,36740,465
2020-12-03,Santa Cruz,087,273765,5678,4850,85,4935,28
2020-12-03,Shasta,089,179085,6356,5330,323,5653,48
2020-12-03,Sierra,091,2930,19,17,0,17,0
2020-12-03,Siskiyou,093,43540,770,629,53,682,2
2020-12-03,Solano,095,438530,12206,10857,97,10954,87
2020-12-03,Sonoma,097,501317,14033,12772,84,12856,164
2020-12-03,Stanislaus,099,539301,25124,22821,1743,24564,447
2020-12-03,Sutter,101,95872,4436,3727,14,3741,20
2020-12-03,Tehama,103,63373,2086,1832,97,1929,9
2020-12-03,Trinity,105,12862,322,166,39,205,0
2020-12-03,Tulare,107,460477,24350,21993,1955,23948,321
2020-12-03,Tuolumne,109,53932,1355,1105,7,1112,7
2020-12-03,Ventura,111,848112,24487,21555,773,22328,187
2020-12-03,Yolo,113,214977,5824,5069,20,5089,87
2020-12-03,Yuba,115,75493,2516,2182,18,2200,10
2020-12-02,Alameda,001,1643700,34483,30697,440,31137,463
2020-12-02,Alpine,003,1148,56,52,0,52,0
2020-12-02,Amador,005,37829,1060,585,3,588,16
2020-12-02,Butte,007,227075,4758,4243,276,4519,65
2020-12-02,Calaveras,009,45235,620,553,0,553,21
2020-12-02,Colusa,011,21464,902,756,16,772,6
2020-12-02,Contra Costa,013,1133247,27598,25147,197,25344,264
2020-12-02,Del Norte,015,27424,451,384,0,384,2
2020-12-02,El Dorado,017,186661,3531,2638,57,2695,5
2020-12-02,Fresno,019,978130,46980,39324,1877,41201,507
2020-12-02,Glenn,021,27897,1129,995,67,1062,7
2020-12-02,Humboldt,023,135768,1113,899,4,903,9
2020-12-02,Imperial,025,180216,17613,16360,159,16519,356
2020-12-02,Inyo,027,18085,354,314,7,321,15
2020-12-02,Kern,029,883053,45541,41660,1898,43558,479
2020-12-02,Kings,031,150075,12580,11531,255,11786,86
2020-12-02,Lake,033,64148,1160,971,0,971,20
2020-12-02,Lassen,035,31185,2694,2115,9,2124,0
2020-12-02,Los Angeles,037,10098052,452716,408289,7817,416106,7739
2020-12-02,Madera,039,155013,7287,6370,203,6573,57
2020-12-02,Marin,041,260295,8144,7819,38,7857,136
2020-12-02,Mariposa,043,17540,163,131,2,133,2
2020-12-02,Mendocino,045,87422,1709,1524,10,1534,23
2020-12-02,Merced,047,269075,13271,12168,153,12321,173
2020-12-02,Modoc,049,8938,148,113,28,141,0
2020-12-02,Mono,051,14174,617,520,10,530,3
2020-12-02,Monterey,053,433212,17742,16064,317,16381,121
2020-12-02,Napa,055,140530,3822,3298,20,3318,19
2020-12-02,Nevada,057,99092,1812,1430,46,1476,9
2020-12-02,Orange,059,3164182,92146,81046,2876,83922,1569
2020-12-02,Placer,061,380077,9047,6941,199,7140,73
2020-12-02,Plumas,063,18699,271,218,0,218,0
2020-12-02,Riverside,065,2383286,107341,90089,2726,92815,1451
2020-12-02,Sacramento,067,1510023,43708,39334,175,39509,597
2020-12-02,San Benito,069,59416,2174,1921,15,1936,16
2020-12-02,San Bernardino,071,2135413,115416,98567,2303,100870,1240
2020-12-02,San Diego,073,3302833,95160,84640,3747,88387,1035
2020-12-02,San Francisco,075,870044,17235,16058,130,16188,157
2020-12-02,San Joaquin,077,732212,30232,26740,632,27372,519
2020-12-02,San Luis Obispo,079,281455,7216,6324,124,6448,42
2020-12-02,San Mateo,081,765935,16534,14757,18,14775,170
2020-12-02,Santa Barbara,083,443738,12538,11705,237,11942,140
2020-12-02,Santa Clara,085,1922200,42666,35878,119,35997,458
2020-12-02,Santa Cruz,087,273765,5546,4766,82,4848,27
2020-12-02,Shasta,089,179085,6233,5188,306,5494,47
2020-12-02,Sierra,091,2930,19,17,0,17,0
2020-12-02,Siskiyou,093,43540,754,624,51,675,1
2020-12-02,Solano,095,438530,11960,10701,93,10794,87
2020-12-02,Sonoma,097,501317,13794,12635,83,12718,163
2020-12-02,Stanislaus,099,539301,24623,22615,1688,24303,448
2020-12-02,Sutter,101,95872,4277,3604,14,3618,18
2020-12-02,Tehama,103,63373,2041,1800,82,1882,9
2020-12-02,Trinity,105,12862,312,165,38,203,0
2020-12-02,Tulare,107,460477,23970,21789,1876,23665,321
2020-12-02,Tuolumne,109,53932,1314,1076,7,1083,7
2020-12-02,Ventura,111,848112,24076,21208,755,21963,186
2020-12-02,Yolo,113,214977,5713,5053,19,5072,87
2020-12-02,Yuba,115,75493,2439,2119,17,2136,10
2020-12-01,Alameda,001,1643700,33792,30252,428,30680,460
2020-12-01,Alpine,003,1148,56,41,0,41,0
2020-12-01,Amador,005,37829,913,575,2,577,16
2020-12-01,Butte,007,227075,4652,4177,262,4439,65
2020-12-01,Calaveras,009,45235,602,544,0,544,21
2020-12-01,Colusa,011,21464,885,747,16,763,6
2020-12-01,Contra Costa,013,1133247,27028,24788,189,24977,264
2020-12-01,Del Norte,015,27424,423,357,0,357,2
2020-12-01,El Dorado,017,186661,3386,2542,52,2594,4
2020-12-01,Fresno,019,978130,46078,39004,1799,40803,505
2020-12-01,Glenn,021,27897,1108,989,62,1051,7
2020-12-01,Humboldt,023,135768,1083,886,4,890,9
2020-12-01,Imperial,025,180216,17296,16278,156,16434,356
2020-12-01,Inyo,027,18085,347,304,7,311,15
2020-12-01,Kern,029,883053,44738,41345,1767,43112,478
2020-12-01,Kings,031,150075,12265,11415,241,11656,86
2020-12-01,Lake,033,64148,1141,969,0,969,19
2020-12-01,Lassen,035,31185,2528,2047,8,2055,0
2020-12-01,Los Angeles,037,10098052,442346,403266,7498,410764,7704
2020-12-01,Madera,039,155013,7170,6270,193,6463,57
2020-12-01,Marin,041,260295,8074,7787,37,7824,136
2020-12-01,Mariposa,043,17540,158,128,2,130,2
2020-12-01,Mendocino,045,87422,1675,1497,10,1507,23
2020-12-01,Merced,047,269075,13028,12032,144,12176,172
2020-12-01,Modoc,049,8938,143,113,24,137,0
2020-12-01,Mono,051,14174,604,520,10,530,3
2020-12-01,Monterey,053,433212,17235,15835,306,16141,121
2020-12-01,Napa,055,140530,3738,3124,19,3143,19
2020-12-01,Nevada,057,99092,1750,1411,45,1456,9
2020-12-01,Orange,059,3164182,90047,79468,2788,82256,1567
2020-12-01,Placer,061,380077,8723,6794,192,6986,72
2020-12-01,Plumas,063,18699,259,201,0,201,0
2020-12-01,Riverside,065,2383286,104532,88530,2564,91094,1448
2020-12-01,Sacramento,067,1510023,42659,38966,171,39137,589
2020-12-01,San Benito,069,59416,2119,1888,15,1903,15
2020-12-01,San Bernardino,071,2135413,111942,95854,2179,98033,1220
2020-12-01,San Diego,073,3302833,92903,83423,3637,87060,1019
2020-12-01,San Francisco,075,870044,16952,15797,126,15923,157
2020-12-01,San Joaquin,077,732212,29432,26432,610,27042,514
2020-12-01,San Luis Obispo,079,281455,7074,6264,119,6383,40
2020-12-01,San Mateo,081,765935,16209,14495,18,14513,170
2020-12-01,Santa Barbara,083,443738,12399,11611,227,11838,140
2020-12-01,Santa Clara,085,1922200,41411,35397,113,35510,452
2020-12-01,Santa Cruz,087,273765,5388,4638,74,4712,27
2020-12-01,Shasta,089,179085,6108,5077,286,5363,47
2020-12-01,Sierra,091,2930,19,17,0,17,0
2020-12-01,Siskiyou,093,43540,740,608,47,655,1
2020-12-01,Solano,095,438530,11700,10604,88,10692,87
2020-12-01,Sonoma,097,501317,13589,12491,80,12571,163
2020-12-01,Stanislaus,099,539301,24166,22351,1631,23982,447
2020-12-01,Sutter,101,95872,4135,3538,14,3552,17
2020-12-01,Tehama,103,63373,1975,1773,72,1845,9
2020-12-01,Trinity,105,12862,298,165,32,197,0
2020-12-01,Tulare,107,460477,23515,21645,1807,23452,319
2020-12-01,Tuolumne,109,53932,1278,1052,5,1057,7
2020-12-01,Ventura,111,848112,23463,20604,733,21337,186
2020-12-01,Yolo,113,214977,5573,4928,19,4947,86
2020-12-01,Yuba,115,75493,2373,2088,16,2104,10
2020-11-30,Alameda,001,1643700,32973,29972,411,30383,457
2020-11-30,Alpine,003,1148,54,41,0,41,0
2020-11-30,Amador,005,37829,872,559,2,561,16
2020-11-30,Butte,007,227075,4534,4148,246,4394,65
2020-11-30,Calaveras,009,45235,580,478,0,478,21
2020-11-30,Colusa,011,21464,858,737,12,749,6
2020-11-30,Contra Costa,013,1133247,26444,24365,185,24550,264
2020-11-30,Del Norte,015,27424,400,339,0,339,2
2020-11-30,El Dorado,017,186661,3212,2488,46,2534,4
2020-11-30,Fresno,019,978130,44967,38712,1685,40397,500
2020-11-30,Glenn,021,27897,1085,954,57,1011,5
2020-11-30,Humboldt,023,135768,1036,870,4,874,9
2020-11-30,Imperial,025,180216,17042,16212,135,16347,356
2020-11-30,Inyo,027,18085,342,304,6,310,15
2020-11-30,Kern,029,883053,43976,40941,1631,42572,473
2020-11-30,Kings,031,150075,12117,11346,226,11572,85
2020-11-30,Lake,033,64148,1109,939,0,939,18
2020-11-30,Lassen,035,31185,2436,1793,8,1801,0
2020-11-30,Los Angeles,037,10098052,431675,396202,7168,403370,7658
2020-11-30,Madera,039,155013,7004,6210,179,6389,57
2020-11-30,Marin,041,260295,8031,7764,36,7800,136
2020-11-30,Mariposa,043,17540,151,123,2,125,2
2020-11-30,Mendocino,045,87422,1647,1482,10,1492,23
2020-11-30,Merced,047,269075,12753,11913,133,12046,172
2020-11-30,Modoc,049,8938,133,113,24,137,0
2020-11-30,Mono,051,14174,582,519,10,529,3
2020-11-30,Monterey,053,433212,16805,15837,298,16135,119
2020-11-30,Napa,055,140530,3638,3091,19,3110,18
2020-11-30,Nevada,057,99092,1664,1347,42,1389,9
2020-11-30,Orange,059,3164182,87938,78711,2691,81402,1568
2020-11-30,Placer,061,380077,8427,6575,179,6754,72
2020-11-30,Plumas,063,18699,248,192,0,192,0
2020-11-30,Riverside,065,2383286,101539,87722,2417,90139,1446
2020-11-30,Sacramento,067,1510023,41579,37834,162,37996,586
2020-11-30,San Benito,069,59416,2071,1875,14,1889,15
2020-11-30,San Bernardino,071,2135413,108209,92704,2067,94771,1220
2020-11-30,San Diego,073,3302833,90540,82045,3510,85555,997
2020-11-30,San Francisco,075,870044,16652,15638,123,15761,157
2020-11-30,San Joaquin,077,732212,28725,25742,584,26326,509
2020-11-30,San Luis Obispo,079,281455,6940,6224,117,6341,36
2020-11-30,San Mateo,081,765935,15850,14276,18,14294,170
2020-11-30,Santa Barbara,083,443738,12221,11572,219,11791,140
2020-11-30,Santa Clara,085,1922200,40203,35019,112,35131,451
2020-11-30,Santa Cruz,087,273765,5250,4558,70,4628,26
2020-11-30,Shasta,089,179085,5963,4933,257,5190,44
2020-11-30,Sierra,091,2930,19,16,0,16,0
2020-11-30,Siskiyou,093,43540,731,605,43,648,1
2020-11-30,Solano,095,438530,11438,10392,83,10475,87
2020-11-30,Sonoma,097,501317,13344,12232,76,12308,163
2020-11-30,Stanislaus,099,539301,23704,22110,1587,23697,446
2020-11-30,Sutter,101,95872,3978,3430,13,3443,16
2020-11-30,Tehama,103,63373,1926,1724,65,1789,9
2020-11-30,Trinity,105,12862,292,162,32,194,0
2020-11-30,Tulare,107,460477,23129,20833,1713,22546,319
2020-11-30,Tuolumne,109,53932,1233,1027,5,1032,7
2020-11-30,Ventura,111,848112,22707,20308,717,21025,180
2020-11-30,Yolo,113,214977,5462,4894,19,4913,81
2020-11-30,Yuba,115,75493,2312,2028,14,2042,10
2020-11-29,Alameda,001,1643700,32186,29918,387,30305,457
2020-11-29,Alpine,003,1148,51,41,0,41,0
2020-11-29,Amador,005,37829,721,548,2,550,16
2020-11-29,Butte,007,227075,4432,4008,229,4237,65
2020-11-29,Calaveras,009,45235,548,478,0,478,21
2020-11-29,Colusa,011,21464,829,723,8,731,6
2020-11-29,Contra Costa,013,1133247,25941,24165,179,24344,264
2020-11-29,Del Norte,015,27424,394,339,0,339,2
2020-11-29,El Dorado,017,186661,3081,2447,45,2492,4
2020-11-29,Fresno,019,978130,44014,38568,1613,40181,500
2020-11-29,Glenn,021,27897,1062,951,55,1006,4
2020-11-29,Humboldt,023,135768,1007,856,4,860,9
2020-11-29,Imperial,025,180216,16812,16138,108,16246,356
2020-11-29,Inyo,027,18085,327,289,6,295,15
2020-11-29,Kern,029,883053,43213,40596,1483,42079,473
2020-11-29,Kings,031,150075,11966,11247,208,11455,85
2020-11-29,Lake,033,64148,1085,927,0,927,18
2020-11-29,Lassen,035,31185,2333,1793,8,1801,0
2020-11-29,Los Angeles,037,10098052,421267,391162,6870,398032,7642
2020-11-29,Madera,039,155013,6861,6184,173,6357,57
2020-11-29,Marin,041,260295,7965,7739,33,7772,135
2020-11-29,Mariposa,043,17540,147,123,2,125,2
2020-11-29,Mendocino,045,87422,1613,1473,10,1483,23
2020-11-29,Merced,047,269075,12514,11773,124,11897,172
2020-11-29,Modoc,049,8938,129,105,22,127,0
2020-11-29,Mono,051,14174,559,515,9,524,3
2020-11-29,Monterey,053,433212,16492,15621,291,15912,119
2020-11-29,Napa,055,140530,3533,3090,18,3108,18
2020-11-29,Nevada,057,99092,1584,1311,40,1351,9
2020-11-29,Orange,059,3164182,85918,78057,2644,80701,1567
2020-11-29,Placer,061,380077,8129,6535,167,6702,72
2020-11-29,Plumas,063,18699,243,191,0,191,0
2020-11-29,Riverside,065,2383286,99145,87383,2263,89646,1442
2020-11-29,Sacramento,067,1510023,40502,37415,153,37568,585
2020-11-29,San Benito,069,59416,2027,1860,14,1874,15
2020-11-29,San Bernardino,071,2135413,104861,92052,1951,94003,1223
2020-11-29,San Diego,073,3302833,88129,81086,3357,84443,997
2020-11-29,San Francisco,075,870044,16371,15571,116,15687,153
2020-11-29,San Joaquin,077,732212,27982,25740,578,26318,509
2020-11-29,San Luis Obispo,079,281455,6817,6145,117,6262,36
2020-11-29,San Mateo,081,765935,15518,14177,18,14195,169
2020-11-29,Santa Barbara,083,443738,12066,11520,215,11735,140
2020-11-29,Santa Clara,085,1922200,38998,34234,106,34340,451
2020-11-29,Santa Cruz,087,273765,5091,4490,68,4558,26
2020-11-29,Shasta,089,179085,5791,4935,229,5164,43
2020-11-29,Sierra,091,2930,19,16,0,16,0
2020-11-29,Siskiyou,093,43540,708,590,41,631,1
2020-11-29,Solano,095,438530,11206,10393,79,10472,87
2020-11-29,Sonoma,097,501317,13092,12052,72,12124,163
2020-11-29,Stanislaus,099,539301,23208,21701,1553,23254,446
2020-11-29,Sutter,101,95872,3863,3297,13,3310,16
2020-11-29,Tehama,103,63373,1875,1710,51,1761,9
2020-11-29,Trinity,105,12862,289,159,30,189,0
2020-11-29,Tulare,107,460477,22760,20793,1636,22429,319
2020-11-29,Tuolumne,109,53932,1196,988,5,993,7
2020-11-29,Ventura,111,848112,22023,19952,704,20656,179
2020-11-29,Yolo,113,214977,5324,4830,18,4848,80
2020-11-29,Yuba,115,75493,2256,1959,14,1973,10
2020-11-28,Alameda,001,1643700,31877,29368,382,29750,456
2020-11-28,Alpine,003,1148,51,41,0,41,0
2020-11-28,Amador,005,37829,644,536,2,538,16
2020-11-28,Butte,007,227075,4374,3894,225,4119,65
2020-11-28,Calaveras,009,45235,544,478,0,478,21
2020-11-28,Colusa,011,21464,820,711,6,717,6
2020-11-28,Contra Costa,013,1133247,25609,23798,175,23973,264
2020-11-28,Del Norte,015,27424,384,328,0,328,2
2020-11-28,El Dorado,017,186661,3013,2415,39,2454,4
2020-11-28,Fresno,019,978130,43667,38288,1573,39861,500
2020-11-28,Glenn,021,27897,1051,925,51,976,4
2020-11-28,Humboldt,023,135768,972,844,4,848,9
2020-11-28,Imperial,025,180216,16746,16019,106,16125,356
2020-11-28,Inyo,027,18085,319,289,6,295,15
2020-11-28,Kern,029,883053,42850,40255,1394,41649,473
2020-11-28,Kings,031,150075,11901,11070,201,11271,85
2020-11-28,Lake,033,64148,1070,920,0,920,18
2020-11-28,Lassen,035,31185,2266,1714,8,1722,0
2020-11-28,Los Angeles,037,10098052,416352,386194,6712,392906,7625
2020-11-28,Madera,039,155013,6759,6119,166,6285,57
2020-11-28,Marin,041,260295,7935,7696,29,7725,135
2020-11-28,Mariposa,043,17540,144,120,2,122,2
2020-11-28,Mendocino,045,87422,1582,1458,10,1468,22
2020-11-28,Merced,047,269075,12416,11688,118,11806,172
2020-11-28,Modoc,049,8938,126,103,22,125,0
2020-11-28,Mono,051,14174,553,505,9,514,3
2020-11-28,Monterey,053,433212,16326,15328,287,15615,118
2020-11-28,Napa,055,140530,3481,3033,18,3051,18
2020-11-28,Nevada,057,99092,1555,1272,38,1310,9
2020-11-28,Orange,059,3164182,84820,76882,2597,79479,1568
2020-11-28,Placer,061,380077,7968,6497,164,6661,70
2020-11-28,Plumas,063,18699,236,188,0,188,0
2020-11-28,Riverside,065,2383286,97735,86854,2160,89014,1440
2020-11-28,Sacramento,067,1510023,39924,36905,149,37054,580
2020-11-28,San Benito,069,59416,1981,1835,14,1849,15
2020-11-28,San Bernardino,071,2135413,103456,91183,1848,93031,1224
2020-11-28,San Diego,073,3302833,86875,80020,3273,83293,997
2020-11-28,San Francisco,075,870044,16195,15450,108,15558,153
2020-11-28,San Joaquin,077,732212,27781,25742,563,26305,509
2020-11-28,San Luis Obispo,079,281455,6747,6106,113,6219,36
2020-11-28,San Mateo,081,765935,15327,14040,18,14058,169
2020-11-28,Santa Barbara,083,443738,11964,11481,210,11691,140
2020-11-28,Santa Clara,085,1922200,38254,33701,104,33805,449
2020-11-28,Santa Cruz,087,273765,5014,4426,68,4494,26
2020-11-28,Shasta,089,179085,5714,4882,222,5104,43
2020-11-28,Sierra,091,2930,19,16,0,16,0
2020-11-28,Siskiyou,093,43540,698,558,38,596,1
2020-11-28,Solano,095,438530,11087,10252,77,10329,87
2020-11-28,Sonoma,097,501317,12988,12008,63,12071,162
2020-11-28,Stanislaus,099,539301,22969,21574,1518,23092,446
2020-11-28,Sutter,101,95872,3779,3244,13,3257,15
2020-11-28,Tehama,103,63373,1856,1678,46,1724,9
2020-11-28,Trinity,105,12862,286,157,28,185,0
2020-11-28,Tulare,107,460477,22563,20701,1594,22295,319
2020-11-28,Tuolumne,109,53932,1174,976,5,981,7
2020-11-28,Ventura,111,848112,21725,19510,694,20204,179
2020-11-28,Yolo,113,214977,5250,4739,16,4755,80
2020-11-28,Yuba,115,75493,2203,1912,14,1926,10
2020-11-27,Alameda,001,1643700,31438,29064,371,29435,450
2020-11-27,Alpine,003,1148,51,41,0,41,0
2020-11-27,Amador,005,37829,597,498,1,499,16
2020-11-27,Butte,007,227075,4333,3894,219,4113,65
2020-11-27,Calaveras,009,45235,535,478,0,478,21
2020-11-27,Colusa,011,21464,803,694,4,698,6
2020-11-27,Contra Costa,013,1133247,25350,23463,169,23632,264
2020-11-27,Del Norte,015,27424,378,307,0,307,2
2020-11-27,El Dorado,017,186661,2942,2238,36,2274,4
2020-11-27,Fresno,019,978130,43261,37994,1515,39509,500
2020-11-27,Glenn,021,27897,1038,891,46,937,4
2020-11-27,Humboldt,023,135768,953,795,3,798,9
2020-11-27,Imperial,025,180216,16678,15960,97,16057,356
2020-11-27,Inyo,027,18085,313,289,6,295,15
2020-11-27,Kern,029,883053,42426,39707,1324,41031,473
2020-11-27,Kings,031,150075,11815,10667,183,10850,85
2020-11-27,Lake,033,64148,1034,909,0,909,18
2020-11-27,Lassen,035,31185,2254,1714,8,1722,0
2020-11-27,Los Angeles,037,10098052,409844,382740,6558,389298,7606
2020-11-27,Madera,039,155013,6687,6050,160,6210,57
2020-11-27,Marin,041,260295,7892,7660,29,7689,135
2020-11-27,Mariposa,043,17540,142,118,2,120,2
2020-11-27,Mendocino,045,87422,1568,1387,9,1396,22
2020-11-27,Merced,047,269075,12310,11550,111,11661,172
2020-11-27,Modoc,049,8938,125,100,22,122,0
2020-11-27,Mono,051,14174,549,498,9,507,3
2020-11-27,Monterey,053,433212,16158,14753,287,15040,113
2020-11-27,Napa,055,140530,3441,2988,18,3006,18
2020-11-27,Nevada,057,99092,1525,1184,36,1220,9
2020-11-27,Orange,059,3164182,83531,75151,2558,77709,1568
2020-11-27,Placer,061,380077,7808,6283,154,6437,68
2020-11-27,Plumas,063,18699,233,188,0,188,0
2020-11-27,Riverside,065,2383286,96124,85769,2007,87776,1440
2020-11-27,Sacramento,067,1510023,39303,36579,145,36724,579
2020-11-27,San Benito,069,59416,1947,1805,13,1818,15
2020-11-27,San Bernardino,071,2135413,101943,90254,1766,92020,1224
2020-11-27,San Diego,073,3302833,85681,78161,3184,81345,996
2020-11-27,San Francisco,075,870044,16039,15377,106,15483,153
2020-11-27,San Joaquin,077,732212,27560,25741,543,26284,509
2020-11-27,San Luis Obispo,079,281455,6664,6039,110,6149,36
2020-11-27,San Mateo,081,765935,15125,13872,17,13889,169
2020-11-27,Santa Barbara,083,443738,11871,11340,207,11547,140
2020-11-27,Santa Clara,085,1922200,37578,32935,97,33032,449
2020-11-27,Santa Cruz,087,273765,4943,4358,66,4424,26
2020-11-27,Shasta,089,179085,5637,4710,209,4919,43
2020-11-27,Sierra,091,2930,18,16,0,16,0
2020-11-27,Siskiyou,093,43540,683,554,35,589,1
2020-11-27,Solano,095,438530,10968,10044,74,10118,87
2020-11-27,Sonoma,097,501317,12855,11924,61,11985,162
2020-11-27,Stanislaus,099,539301,22741,21185,1488,22673,446
2020-11-27,Sutter,101,95872,3711,3101,13,3114,15
2020-11-27,Tehama,103,63373,1828,1649,42,1691,9
2020-11-27,Trinity,105,12862,282,151,28,179,0
2020-11-27,Tulare,107,460477,22375,20634,1537,22171,319
2020-11-27,Tuolumne,109,53932,1142,881,5,886,7
2020-11-27,Ventura,111,848112,21401,19379,672,20051,179
2020-11-27,Yolo,113,214977,5200,4737,16,4753,79
2020-11-27,Yuba,115,75493,2174,1864,13,1877,10
2020-11-26,Alameda,001,1643700,31025,28797,353,29150,447
2020-11-26,Alpine,003,1148,51,41,0,41,0
2020-11-26,Amador,005,37829,589,488,1,489,16
2020-11-26,Butte,007,227075,4270,3894,213,4107,65
2020-11-26,Calaveras,009,45235,507,478,0,478,21
2020-11-26,Colusa,011,21464,789,694,4,698,6
2020-11-26,Contra Costa,013,1133247,25016,23468,163,23631,264
2020-11-26,Del Norte,015,27424,367,307,0,307,2
2020-11-26,El Dorado,017,186661,2861,2217,34,2251,4
2020-11-26,Fresno,019,978130,42855,37724,1470,39194,500
2020-11-26,Glenn,021,27897,1022,892,44,936,4
2020-11-26,Humboldt,023,135768,930,795,2,797,9
2020-11-26,Imperial,025,180216,16567,15722,93,15815,355
2020-11-26,Inyo,027,18085,312,289,6,295,15
2020-11-26,Kern,029,883053,41976,39123,1262,40385,471
2020-11-26,Kings,031,150075,11760,10475,171,10646,85
2020-11-26,Lake,033,64148,1021,890,0,890,18
2020-11-26,Lassen,035,31185,2239,1714,8,1722,0
2020-11-26,Los Angeles,037,10098052,404687,378340,6323,384663,7581
2020-11-26,Madera,039,155013,6612,6003,154,6157,57
2020-11-26,Marin,041,260295,7855,7610,29,7639,135
2020-11-26,Mariposa,043,17540,137,116,2,118,2
2020-11-26,Mendocino,045,87422,1554,1387,7,1394,22
2020-11-26,Merced,047,269075,12163,11440,109,11549,172
2020-11-26,Modoc,049,8938,123,100,22,122,0
2020-11-26,Mono,051,14174,541,485,9,494,2
2020-11-26,Monterey,053,433212,15922,14750,279,15029,113
2020-11-26,Napa,055,140530,3377,2988,18,3006,18
2020-11-26,Nevada,057,99092,1480,1184,36,1220,9
2020-11-26,Orange,059,3164182,82143,74264,2496,76760,1563
2020-11-26,Placer,061,380077,7646,6278,145,6423,68
2020-11-26,Plumas,063,18699,225,188,0,188,0
2020-11-26,Riverside,065,2383286,94520,85774,1883,87657,1440
2020-11-26,Sacramento,067,1510023,38661,35854,137,35991,580
2020-11-26,San Benito,069,59416,1920,1769,13,1782,15
2020-11-26,San Bernardino,071,2135413,100288,89727,1674,91401,1223
2020-11-26,San Diego,073,3302833,84071,76359,3080,79439,996
2020-11-26,San Francisco,075,870044,15903,15156,103,15259,153
2020-11-26,San Joaquin,077,732212,27303,25738,531,26269,509
2020-11-26,San Luis Obispo,079,281455,6571,5964,107,6071,36
2020-11-26,San Mateo,081,765935,14936,13715,16,13731,169
2020-11-26,Santa Barbara,083,443738,11790,11277,206,11483,139
2020-11-26,Santa Clara,085,1922200,36935,32411,89,32500,446
2020-11-26,Santa Cruz,087,273765,4812,4269,60,4329,26
2020-11-26,Shasta,089,179085,5554,4712,198,4910,43
2020-11-26,Sierra,091,2930,18,15,0,15,0
2020-11-26,Siskiyou,093,43540,673,526,34,560,1
2020-11-26,Solano,095,438530,10825,9941,72,10013,87
2020-11-26,Sonoma,097,501317,12707,11922,59,11981,162
2020-11-26,Stanislaus,099,539301,22508,21186,1447,22633,445
2020-11-26,Sutter,101,95872,3617,3101,12,3113,15
2020-11-26,Tehama,103,63373,1785,1612,39,1651,9
2020-11-26,Trinity,105,12862,278,139,28,167,0
2020-11-26,Tulare,107,460477,22136,20649,1473,22122,319
2020-11-26,Tuolumne,109,53932,1114,871,5,876,7
2020-11-26,Ventura,111,848112,20905,19058,658,19716,179
2020-11-26,Yolo,113,214977,5113,4566,16,4582,76
2020-11-26,Yuba,115,75493,2114,1865,11,1876,10
2020-11-25,Alameda,001,1643700,30810,28378,345,28723,447
2020-11-25,Alpine,003,1148,51,41,0,41,0
2020-11-25,Amador,005,37829,579,484,1,485,16
2020-11-25,Butte,007,227075,4239,3848,210,4058,64
2020-11-25,Calaveras,009,45235,504,475,0,475,21
2020-11-25,Colusa,011,21464,772,693,4,697,6
2020-11-25,Contra Costa,013,1133247,24861,23307,162,23469,263
2020-11-25,Del Norte,015,27424,366,304,0,304,2
2020-11-25,El Dorado,017,186661,2825,2154,34,2188,4
2020-11-25,Fresno,019,978130,42622,37349,1448,38797,494
2020-11-25,Glenn,021,27897,1005,891,42,933,4
2020-11-25,Humboldt,023,135768,922,777,2,779,9
2020-11-25,Imperial,025,180216,16496,15640,92,15732,355
2020-11-25,Inyo,027,18085,310,289,6,295,15
2020-11-25,Kern,029,883053,41820,38878,1243,40121,467
2020-11-25,Kings,031,150075,11725,10417,167,10584,85
2020-11-25,Lake,033,64148,1004,878,0,878,18
2020-11-25,Lassen,035,31185,2196,1701,8,1709,0
2020-11-25,Los Angeles,037,10098052,401657,373919,6220,380139,7545
2020-11-25,Madera,039,155013,6590,5989,151,6140,57
2020-11-25,Marin,041,260295,7828,7601,28,7629,135
2020-11-25,Mariposa,043,17540,136,114,2,116,2
2020-11-25,Mendocino,045,87422,1535,1373,7,1380,22
2020-11-25,Merced,047,269075,12105,11346,109,11455,172
2020-11-25,Modoc,049,8938,123,96,22,118,0
2020-11-25,Mono,051,14174,536,487,9,496,2
2020-11-25,Monterey,053,433212,15806,14695,277,14972,113
2020-11-25,Napa,055,140530,3344,2945,18,2963,17
2020-11-25,Nevada,057,99092,1462,1170,34,1204,9
2020-11-25,Orange,059,3164182,81389,73014,2476,75490,1551
2020-11-25,Placer,061,380077,7569,6221,144,6365,68
2020-11-25,Plumas,063,18699,220,183,0,183,0
2020-11-25,Riverside,065,2383286,93976,85077,1865,86942,1438
2020-11-25,Sacramento,067,1510023,38325,35687,134,35821,574
2020-11-25,San Benito,069,59416,1897,1764,13,1777,15
2020-11-25,San Bernardino,071,2135413,99448,88469,1645,90114,1225
2020-11-25,San Diego,073,3302833,83414,75307,3044,78351,988
2020-11-25,San Francisco,075,870044,15798,15053,101,15154,153
2020-11-25,San Joaquin,077,732212,27176,25556,519,26075,515
2020-11-25,San Luis Obispo,079,281455,6528,5913,106,6019,34
2020-11-25,San Mateo,081,765935,14821,13614,16,13630,170
2020-11-25,Santa Barbara,083,443738,11740,11183,206,11389,138
2020-11-25,Santa Clara,085,1922200,36489,32032,88,32120,442
2020-11-25,Santa Cruz,087,273765,4759,4202,59,4261,25
2020-11-25,Shasta,089,179085,5508,4588,191,4779,43
2020-11-25,Sierra,091,2930,18,15,0,15,0
2020-11-25,Siskiyou,093,43540,666,499,34,533,1
2020-11-25,Solano,095,438530,10720,9832,71,9903,87
2020-11-25,Sonoma,097,501317,12644,11775,58,11833,162
2020-11-25,Stanislaus,099,539301,22377,21022,1420,22442,445
2020-11-25,Sutter,101,95872,3573,3064,12,3076,14
2020-11-25,Tehama,103,63373,1773,1587,33,1620,9
2020-11-25,Trinity,105,12862,276,135,28,163,0
2020-11-25,Tulare,107,460477,22046,20528,1442,21970,318
2020-11-25,Tuolumne,109,53932,1097,842,5,847,7
2020-11-25,Ventura,111,848112,20810,18914,652,19566,179
2020-11-25,Yolo,113,214977,5077,4527,16,4543,76
2020-11-25,Yuba,115,75493,2088,1840,11,1851,10
2020-11-24,Alameda,001,1643700,30331,28030,334,28364,444
2020-11-24,Alpine,003,1148,51,41,0,41,0
2020-11-24,Amador,005,37829,554,470,1,471,16
2020-11-24,Butte,007,227075,4154,3798,202,4000,63
2020-11-24,Calaveras,009,45235,497,466,0,466,21
2020-11-24,Colusa,011,21464,754,682,4,686,6
2020-11-24,Contra Costa,013,1133247,24509,23072,156,23228,259
2020-11-24,Del Norte,015,27424,357,298,0,298,2
2020-11-24,El Dorado,017,186661,2720,2005,33,2038,4
2020-11-24,Fresno,019,978130,42220,37021,1372,38393,493
2020-11-24,Glenn,021,27897,987,883,38,921,4
2020-11-24,Humboldt,023,135768,903,774,2,776,9
2020-11-24,Imperial,025,180216,16393,15600,87,15687,355
2020-11-24,Inyo,027,18085,309,282,6,288,15
2020-11-24,Kern,029,883053,41346,38551,1165,39716,465
2020-11-24,Kings,031,150075,11458,10338,154,10492,85
2020-11-24,Lake,033,64148,988,872,0,872,18
2020-11-24,Lassen,035,31185,2173,1657,8,1665,0
2020-11-24,Los Angeles,037,10098052,395346,370008,5984,375992,7501
2020-11-24,Madera,039,155013,6506,5881,145,6026,57
2020-11-24,Marin,041,260295,7781,7591,28,7619,135
2020-11-24,Mariposa,043,17540,126,114,1,115,2
2020-11-24,Mendocino,045,87422,1513,1346,6,1352,22
2020-11-24,Merced,047,269075,11917,11268,103,11371,171
2020-11-24,Modoc,049,8938,119,91,22,113,0
2020-11-24,Mono,051,14174,532,483,9,492,2
2020-11-24,Monterey,053,433212,15544,14354,265,14619,113
2020-11-24,Napa,055,140530,3278,2904,18,2922,17
2020-11-24,Nevada,057,99092,1398,1156,32,1188,9
2020-11-24,Orange,059,3164182,79947,71975,2395,74370,1547
2020-11-24,Placer,061,380077,7388,6147,137,6284,67
2020-11-24,Plumas,063,18699,217,180,0,180,0
2020-11-24,Riverside,065,2383286,92217,83685,1736,85421,1420
2020-11-24,Sacramento,067,1510023,37644,35097,127,35224,568
2020-11-24,San Benito,069,59416,1866,1740,12,1752,15
2020-11-24,San Bernardino,071,2135413,97106,86645,1543,88188,1226
2020-11-24,San Diego,073,3302833,82004,74363,2973,77336,984
2020-11-24,San Francisco,075,870044,15603,14874,97,14971,153
2020-11-24,San Joaquin,077,732212,26860,25318,491,25809,517
2020-11-24,San Luis Obispo,079,281455,6465,5805,105,5910,34
2020-11-24,San Mateo,081,765935,14612,13558,15,13573,170
2020-11-24,Santa Barbara,083,443738,11634,11154,204,11358,138
2020-11-24,Santa Clara,085,1922200,35700,31564,84,31648,438
2020-11-24,Santa Cruz,087,273765,4645,4132,58,4190,25
2020-11-24,Shasta,089,179085,5408,4410,172,4582,43
2020-11-24,Sierra,091,2930,18,15,0,15,0
2020-11-24,Siskiyou,093,43540,648,473,31,504,1
2020-11-24,Solano,095,438530,10549,9716,70,9786,86
2020-11-24,Sonoma,097,501317,12464,11644,55,11699,162
2020-11-24,Stanislaus,099,539301,22135,20830,1377,22207,438
2020-11-24,Sutter,101,95872,3467,2974,12,2986,14
2020-11-24,Tehama,103,63373,1724,1565,28,1593,9
2020-11-24,Trinity,105,12862,269,129,27,156,0
2020-11-24,Tulare,107,460477,21797,20319,1378,21697,315
2020-11-24,Tuolumne,109,53932,1068,832,5,837,7
2020-11-24,Ventura,111,848112,20428,18637,642,19279,179
2020-11-24,Yolo,113,214977,4993,4420,16,4436,76
2020-11-24,Yuba,115,75493,2037,1804,9,1813,10
2020-11-23,Alameda,001,1643700,29916,27718,322,28040,444
2020-11-23,Alpine,003,1148,49,41,0,41,0
2020-11-23,Amador,005,37829,513,457,1,458,16
2020-11-23,Butte,007,227075,4090,3765,196,3961,61
2020-11-23,Calaveras,009,45235,480,434,0,434,21
2020-11-23,Colusa,011,21464,740,662,4,666,6
2020-11-23,Contra Costa,013,1133247,24237,22674,151,22825,260
2020-11-23,Del Norte,015,27424,335,296,0,296,2
2020-11-23,El Dorado,017,186661,2600,2005,32,2037,4
2020-11-23,Fresno,019,978130,41771,36688,1310,37998,488
2020-11-23,Glenn,021,27897,961,853,38,891,4
2020-11-23,Humboldt,023,135768,890,746,2,748,9
2020-11-23,Imperial,025,180216,16224,15104,82,15186,355
2020-11-23,Inyo,027,18085,301,279,6,285,15
2020-11-23,Kern,029,883053,40833,38245,1102,39347,463
2020-11-23,Kings,031,150075,11038,10204,147,10351,85
2020-11-23,Lake,033,64148,965,840,0,840,18
2020-11-23,Lassen,035,31185,2093,1271,7,1278,0
2020-11-23,Los Angeles,037,10098052,389247,366374,5736,372110,7447
2020-11-23,Madera,039,155013,6380,5787,141,5928,56
2020-11-23,Marin,041,260295,7739,7543,28,7571,135
2020-11-23,Mariposa,043,17540,125,97,1,98,2
2020-11-23,Mendocino,045,87422,1483,1330,6,1336,22
2020-11-23,Merced,047,269075,11729,11148,100,11248,169
2020-11-23,Modoc,049,8938,105,91,21,112,0
2020-11-23,Mono,051,14174,519,480,9,489,2
2020-11-23,Monterey,053,433212,15265,14265,259,14524,112
2020-11-23,Napa,055,140530,3212,2811,17,2828,17
2020-11-23,Nevada,057,99092,1309,1087,32,1119,9
2020-11-23,Orange,059,3164182,78543,71074,2349,73423,1546
2020-11-23,Placer,061,380077,7186,5999,136,6135,66
2020-11-23,Plumas,063,18699,213,172,0,172,0
2020-11-23,Riverside,065,2383286,90438,82175,1671,83846,1415
2020-11-23,Sacramento,067,1510023,37074,34141,120,34261,556
2020-11-23,San Benito,069,59416,1838,1729,11,1740,15
2020-11-23,San Bernardino,071,2135413,94998,84387,1479,85866,1224
2020-11-23,San Diego,073,3302833,80542,72817,2885,75702,968
2020-11-23,San Francisco,075,870044,15445,14646,95,14741,153
2020-11-23,San Joaquin,077,732212,26511,24622,487,25109,517
2020-11-23,San Luis Obispo,079,281455,6383,5772,103,5875,34
2020-11-23,San Mateo,081,765935,14422,13364,15,13379,170
2020-11-23,Santa Barbara,083,443738,11527,10944,200,11144,137
2020-11-23,Santa Clara,085,1922200,35049,31064,81,31145,435
2020-11-23,Santa Cruz,087,273765,4535,4003,54,4057,25
2020-11-23,Shasta,089,179085,5290,4100,160,4260,43
2020-11-23,Sierra,091,2930,17,15,0,15,0
2020-11-23,Siskiyou,093,43540,621,460,30,490,0
2020-11-23,Solano,095,438530,10392,9394,67,9461,86
2020-11-23,Sonoma,097,501317,12291,11507,51,11558,160
2020-11-23,Stanislaus,099,539301,21842,20487,1344,21831,436
2020-11-23,Sutter,101,95872,3330,2840,11,2851,14
2020-11-23,Tehama,103,63373,1674,1526,24,1550,9
2020-11-23,Trinity,105,12862,260,120,25,145,0
2020-11-23,Tulare,107,460477,21503,19818,1312,21130,315
2020-11-23,Tuolumne,109,53932,1028,774,5,779,7
2020-11-23,Ventura,111,848112,20053,18480,629,19109,179
2020-11-23,Yolo,113,214977,4912,4265,15,4280,75
2020-11-23,Yuba,115,75493,1970,1702,9,1711,10
2020-11-22,Alameda,001,1643700,29479,27472,311,27783,444
2020-11-22,Alpine,003,1148,46,41,0,41,0
2020-11-22,Amador,005,37829,501,450,1,451,16
2020-11-22,Butte,007,227075,4039,3712,189,3901,61
2020-11-22,Calaveras,009,45235,471,434,0,434,21
2020-11-22,Colusa,011,21464,722,642,3,645,6
2020-11-22,Contra Costa,013,1133247,23933,22407,146,22553,260
2020-11-22,Del Norte,015,27424,311,271,0,271,2
2020-11-22,El Dorado,017,186661,2490,1917,29,1946,4
2020-11-22,Fresno,019,978130,41289,36315,1255,37570,488
2020-11-22,Glenn,021,27897,939,832,34,866,4
2020-11-22,Humboldt,023,135768,874,729,2,731,9
2020-11-22,Imperial,025,180216,16018,15109,37,15146,355
2020-11-22,Inyo,027,18085,295,279,6,285,15
2020-11-22,Kern,029,883053,40254,37904,1068,38972,463
2020-11-22,Kings,031,150075,10939,10035,138,10173,85
2020-11-22,Lake,033,64148,943,834,0,834,18
2020-11-22,Lassen,035,31185,1928,1211,6,1217,0
2020-11-22,Los Angeles,037,10098052,382967,360341,5487,365828,7438
2020-11-22,Madera,039,155013,6300,5745,130,5875,56
2020-11-22,Marin,041,260295,7704,7506,27,7533,135
2020-11-22,Mariposa,043,17540,124,95,1,96,2
2020-11-22,Mendocino,045,87422,1459,1285,5,1290,22
2020-11-22,Merced,047,269075,11580,10939,100,11039,169
2020-11-22,Modoc,049,8938,104,87,19,106,0
2020-11-22,Mono,051,14174,504,481,9,490,2
2020-11-22,Monterey,053,433212,15023,13887,253,14140,111
2020-11-22,Napa,055,140530,3131,2778,17,2795,17
2020-11-22,Nevada,057,99092,1251,1052,32,1084,9
2020-11-22,Orange,059,3164182,77132,69913,2310,72223,1546
2020-11-22,Placer,061,380077,6959,5880,126,6006,66
2020-11-22,Plumas,063,18699,200,172,0,172,0
2020-11-22,Riverside,065,2383286,88843,81565,1610,83175,1409
2020-11-22,Sacramento,067,1510023,36342,33421,107,33528,555
2020-11-22,San Benito,069,59416,1809,1704,11,1715,15
2020-11-22,San Bernardino,071,2135413,92653,83505,1409,84914,1224
2020-11-22,San Diego,073,3302833,78805,71649,2810,74459,968
2020-11-22,San Francisco,075,870044,15274,14515,94,14609,153
2020-11-22,San Joaquin,077,732212,26211,24619,475,25094,517
2020-11-22,San Luis Obispo,079,281455,6275,5664,102,5766,34
2020-11-22,San Mateo,081,765935,14216,13228,15,13243,170
2020-11-22,Santa Barbara,083,443738,11392,10946,195,11141,137
2020-11-22,Santa Clara,085,1922200,34371,30633,79,30712,434
2020-11-22,Santa Cruz,087,273765,4452,3896,47,3943,25
2020-11-22,Shasta,089,179085,5134,4100,142,4242,43
2020-11-22,Sierra,091,2930,17,13,0,13,0
2020-11-22,Siskiyou,093,43540,590,411,30,441,0
2020-11-22,Solano,095,438530,10220,9363,63,9426,86
2020-11-22,Sonoma,097,501317,12133,11415,49,11464,159
2020-11-22,Stanislaus,099,539301,21515,20223,1314,21537,436
2020-11-22,Sutter,101,95872,3213,2677,11,2688,13
2020-11-22,Tehama,103,63373,1640,1457,19,1476,9
2020-11-22,Trinity,105,12862,254,114,25,139,0
2020-11-22,Tulare,107,460477,21250,19818,1242,21060,314
2020-11-22,Tuolumne,109,53932,1002,689,5,694,7
2020-11-22,Ventura,111,848112,19692,18105,615,18720,179
2020-11-22,Yolo,113,214977,4812,4206,15,4221,75
2020-11-22,Yuba,115,75493,1917,1672,9,1681,10
2020-11-21,Alameda,001,1643700,29292,27424,309,27733,444
2020-11-21,Alpine,003,1148,46,41,0,41,0
2020-11-21,Amador,005,37829,487,450,1,451,16
2020-11-21,Butte,007,227075,3991,3664,186,3850,61
2020-11-21,Calaveras,009,45235,463,434,0,434,21
2020-11-21,Colusa,011,21464,713,642,3,645,6
2020-11-21,Contra Costa,013,1133247,23780,22338,144,22482,260
2020-11-21,Del Norte,015,27424,306,271,0,271,2
2020-11-21,El Dorado,017,186661,2441,1900,28,1928,4
2020-11-21,Fresno,019,978130,41033,35973,1221,37194,482
2020-11-21,Glenn,021,27897,934,829,32,861,4
2020-11-21,Humboldt,023,135768,864,728,2,730,9
2020-11-21,Imperial,025,180216,15941,15053,37,15090,355
2020-11-21,Inyo,027,18085,293,283,6,289,15
2020-11-21,Kern,029,883053,39998,37403,1033,38436,463
2020-11-21,Kings,031,150075,10891,10019,134,10153,85
2020-11-21,Lake,033,64148,930,832,0,832,18
2020-11-21,Lassen,035,31185,1861,1211,6,1217,0
2020-11-21,Los Angeles,037,10098052,379788,357754,5343,363097,7428
2020-11-21,Madera,039,155013,6263,5706,130,5836,56
2020-11-21,Marin,041,260295,7681,7488,26,7514,134
2020-11-21,Mariposa,043,17540,124,92,1,93,2
2020-11-21,Mendocino,045,87422,1428,1282,5,1287,22
2020-11-21,Merced,047,269075,11519,10849,99,10948,169
2020-11-21,Modoc,049,8938,100,87,18,105,0
2020-11-21,Mono,051,14174,499,469,9,478,2
2020-11-21,Monterey,053,433212,14925,13886,248,14134,110
2020-11-21,Napa,055,140530,3097,2757,17,2774,17
2020-11-21,Nevada,057,99092,1239,1018,31,1049,9
2020-11-21,Orange,059,3164182,76331,69021,2280,71301,1543
2020-11-21,Placer,061,380077,6845,5778,123,5901,65
2020-11-21,Plumas,063,18699,195,172,0,172,0
2020-11-21,Riverside,065,2383286,88066,80676,1564,82240,1407
2020-11-21,Sacramento,067,1510023,35946,33133,99,33232,548
2020-11-21,San Benito,069,59416,1790,1691,11,1702,15
2020-11-21,San Bernardino,071,2135413,91777,83206,1333,84539,1222
2020-11-21,San Diego,073,3302833,78026,70711,2755,73466,966
2020-11-21,San Francisco,075,870044,15171,14445,93,14538,153
2020-11-21,San Joaquin,077,732212,26078,24620,460,25080,517
2020-11-21,San Luis Obispo,079,281455,6222,5618,99,5717,34
2020-11-21,San Mateo,081,765935,14115,13138,15,13153,170
2020-11-21,Santa Barbara,083,443738,11340,10922,192,11114,137
2020-11-21,Santa Clara,085,1922200,33987,30377,76,30453,433
2020-11-21,Santa Cruz,087,273765,4395,3898,47,3945,25
2020-11-21,Shasta,089,179085,5060,4095,139,4234,42
2020-11-21,Sierra,091,2930,17,13,0,13,0
2020-11-21,Siskiyou,093,43540,574,403,30,433,0
2020-11-21,Solano,095,438530,10130,9290,60,9350,86
2020-11-21,Sonoma,097,501317,12058,11394,47,11441,158
2020-11-21,Stanislaus,099,539301,21372,20111,1289,21400,435
2020-11-21,Sutter,101,95872,3153,2615,10,2625,13
2020-11-21,Tehama,103,63373,1620,1435,18,1453,9
2020-11-21,Trinity,105,12862,251,110,24,134,0
2020-11-21,Tulare,107,460477,21124,19752,1208,20960,313
2020-11-21,Tuolumne,109,53932,983,690,5,695,7
2020-11-21,Ventura,111,848112,19528,18040,605,18645,177
2020-11-21,Yolo,113,214977,4738,4147,14,4161,75
2020-11-21,Yuba,115,75493,1885,1643,9,1652,10
2020-11-20,Alameda,001,1643700,29078,27221,302,27523,444
2020-11-20,Alpine,003,1148,46,20,0,20,0
2020-11-20,Amador,005,37829,483,446,1,447,16
2020-11-20,Butte,007,227075,3959,3618,182,3800,60
2020-11-20,Calaveras,009,45235,453,424,0,424,21
2020-11-20,Colusa,011,21464,705,631,2,633,6
2020-11-20,Contra Costa,013,1133247,23594,22116,140,22256,260
2020-11-20,Del Norte,015,27424,302,264,0,264,2
2020-11-20,El Dorado,017,186661,2345,1868,26,1894,4
2020-11-20,Fresno,019,978130,40739,35635,1191,36826,480
2020-11-20,Glenn,021,27897,922,826,30,856,4
2020-11-20,Humboldt,023,135768,855,714,1,715,9
2020-11-20,Imperial,025,180216,15879,14864,33,14897,353
2020-11-20,Inyo,027,18085,291,262,6,268,15
2020-11-20,Kern,029,883053,39705,37143,1008,38151,462
2020-11-20,Kings,031,150075,10843,9903,133,10036,85
2020-11-20,Lake,033,64148,921,820,0,820,18
2020-11-20,Lassen,035,31185,1776,1212,5,1217,0
2020-11-20,Los Angeles,037,10098052,375900,353554,5181,358735,7398
2020-11-20,Madera,039,155013,6169,5635,129,5764,54
2020-11-20,Marin,041,260295,7657,7467,25,7492,134
2020-11-20,Mariposa,043,17540,116,89,1,90,2
2020-11-20,Mendocino,045,87422,1408,1269,5,1274,22
2020-11-20,Merced,047,269075,11433,10729,99,10828,167
2020-11-20,Modoc,049,8938,100,83,18,101,0
2020-11-20,Mono,051,14174,497,469,9,478,2
2020-11-20,Monterey,053,433212,14800,13738,239,13977,110
2020-11-20,Napa,055,140530,3067,2718,17,2735,17
2020-11-20,Nevada,057,99092,1221,990,30,1020,9
2020-11-20,Orange,059,3164182,75495,68212,2242,70454,1532
2020-11-20,Placer,061,380077,6710,5687,108,5795,66
2020-11-20,Plumas,063,18699,193,163,0,163,0
2020-11-20,Riverside,065,2383286,87055,79613,1501,81114,1405
2020-11-20,Sacramento,067,1510023,35570,32832,92,32924,549
2020-11-20,San Benito,069,59416,1778,1668,11,1679,15
2020-11-20,San Bernardino,071,2135413,90410,81203,1250,82453,1220
2020-11-20,San Diego,073,3302833,77028,69233,2673,71906,960
2020-11-20,San Francisco,075,870044,15067,14327,92,14419,153
2020-11-20,San Joaquin,077,732212,25924,24460,447,24907,515
2020-11-20,San Luis Obispo,079,281455,6166,5524,96,5620,34
2020-11-20,San Mateo,081,765935,13982,12980,14,12994,169
2020-11-20,Santa Barbara,083,443738,11284,10825,186,11011,136
2020-11-20,Santa Clara,085,1922200,33565,30002,71,30073,431
2020-11-20,Santa Cruz,087,273765,4329,3815,47,3862,25
2020-11-20,Shasta,089,179085,4987,3861,134,3995,42
2020-11-20,Sierra,091,2930,17,12,0,12,0
2020-11-20,Siskiyou,093,43540,560,387,29,416,0
2020-11-20,Solano,095,438530,10038,9216,58,9274,85
2020-11-20,Sonoma,097,501317,11974,11316,46,11362,158
2020-11-20,Stanislaus,099,539301,21217,19889,1263,21152,433
2020-11-20,Sutter,101,95872,3103,2580,10,2590,13
2020-11-20,Tehama,103,63373,1604,1410,15,1425,9
2020-11-20,Trinity,105,12862,250,102,24,126,0
2020-11-20,Tulare,107,460477,20991,19568,1169,20737,311
2020-11-20,Tuolumne,109,53932,944,662,5,667,7
2020-11-20,Ventura,111,848112,19360,17741,577,18318,175
2020-11-20,Yolo,113,214977,4660,4081,13,4094,74
2020-11-20,Yuba,115,75493,1857,1611,9,1620,10
2020-11-19,Alameda,001,1643700,28733,26971,294,27265,441
2020-11-19,Alpine,003,1148,43,20,0,20,0
2020-11-19,Amador,005,37829,479,436,1,437,16
2020-11-19,Butte,007,227075,3910,3576,175,3751,60
2020-11-19,Calaveras,009,45235,443,417,0,417,21
2020-11-19,Colusa,011,21464,687,621,2,623,6
2020-11-19,Contra Costa,013,1133247,23322,21886,137,22023,259
2020-11-19,Del Norte,015,27424,294,251,0,251,2
2020-11-19,El Dorado,017,186661,2271,1825,22,1847,4
2020-11-19,Fresno,019,978130,40290,35278,1134,36412,478
2020-11-19,Glenn,021,27897,900,806,29,835,4
2020-11-19,Humboldt,023,135768,835,693,1,694,9
2020-11-19,Imperial,025,180216,15669,14507,33,14540,349
2020-11-19,Inyo,027,18085,289,262,6,268,15
2020-11-19,Kern,029,883053,39285,36779,966,37745,459
2020-11-19,Kings,031,150075,10695,9763,125,9888,85
2020-11-19,Lake,033,64148,907,809,0,809,18
2020-11-19,Lassen,035,31185,1659,1201,3,1204,0
2020-11-19,Los Angeles,037,10098052,370876,349493,5011,354504,7365
2020-11-19,Madera,039,155013,6098,5540,121,5661,54
2020-11-19,Marin,041,260295,7626,7451,25,7476,134
2020-11-19,Mariposa,043,17540,109,88,0,88,2
2020-11-19,Mendocino,045,87422,1387,1237,5,1242,23
2020-11-19,Merced,047,269075,11292,10634,93,10727,167
2020-11-19,Modoc,049,8938,97,82,18,100,0
2020-11-19,Mono,051,14174,489,468,9,477,2
2020-11-19,Monterey,053,433212,14585,13369,227,13596,108
2020-11-19,Napa,055,140530,3013,2641,17,2658,17
2020-11-19,Nevada,057,99092,1180,945,29,974,9
2020-11-19,Orange,059,3164182,74233,66998,2197,69195,1530
2020-11-19,Placer,061,380077,6519,5612,107,5719,65
2020-11-19,Plumas,063,18699,188,158,0,158,0
2020-11-19,Riverside,065,2383286,85570,78535,1430,79965,1402
2020-11-19,Sacramento,067,1510023,35056,32367,90,32457,546
2020-11-19,San Benito,069,59416,1755,1643,11,1654,15
2020-11-19,San Bernardino,071,2135413,88514,79244,1170,80414,1215
2020-11-19,San Diego,073,3302833,75778,68142,2569,70711,952
2020-11-19,San Francisco,075,870044,14910,14178,86,14264,153
2020-11-19,San Joaquin,077,732212,25604,24270,436,24706,516
2020-11-19,San Luis Obispo,079,281455,6089,5410,92,5502,34
2020-11-19,San Mateo,081,765935,13844,12714,14,12728,169
2020-11-19,Santa Barbara,083,443738,11204,10741,183,10924,136
2020-11-19,Santa Clara,085,1922200,33007,29630,70,29700,424
2020-11-19,Santa Cruz,087,273765,4239,3679,45,3724,25
2020-11-19,Shasta,089,179085,4849,3685,124,3809,42
2020-11-19,Sierra,091,2930,17,11,0,11,0
2020-11-19,Siskiyou,093,43540,535,360,28,388,0
2020-11-19,Solano,095,438530,9901,9093,54,9147,84
2020-11-19,Sonoma,097,501317,11804,11205,44,11249,156
2020-11-19,Stanislaus,099,539301,20976,19736,1221,20957,433
2020-11-19,Sutter,101,95872,3004,2509,10,2519,13
2020-11-19,Tehama,103,63373,1570,1373,12,1385,9
2020-11-19,Trinity,105,12862,244,97,24,121,0
2020-11-19,Tulare,107,460477,20769,19384,1104,20488,304
2020-11-19,Tuolumne,109,53932,912,602,5,607,7
2020-11-19,Ventura,111,848112,19007,17300,564,17864,174
2020-11-19,Yolo,113,214977,4566,3973,13,3986,72
2020-11-19,Yuba,115,75493,1817,1568,9,1577,10
2020-11-18,Alameda,001,1643700,28470,26610,289,26899,440
2020-11-18,Alpine,003,1148,42,16,0,16,0
2020-11-18,Amador,005,37829,474,430,1,431,16
2020-11-18,Butte,007,227075,3857,3537,162,3699,59
2020-11-18,Calaveras,009,45235,438,409,0,409,21
2020-11-18,Colusa,011,21464,674,611,2,613,6
2020-11-18,Contra Costa,013,1133247,23055,21685,133,21818,258
2020-11-18,Del Norte,015,27424,281,240,0,240,2
2020-11-18,El Dorado,017,186661,2183,1799,21,1820,4
2020-11-18,Fresno,019,978130,39850,34997,1083,36080,474
2020-11-18,Glenn,021,27897,883,803,27,830,4
2020-11-18,Humboldt,023,135768,821,690,1,691,9
2020-11-18,Imperial,025,180216,15446,14428,33,14461,348
2020-11-18,Inyo,027,18085,287,262,6,268,15
2020-11-18,Kern,029,883053,38896,36537,916,37453,456
2020-11-18,Kings,031,150075,10547,9696,122,9818,85
2020-11-18,Lake,033,64148,894,802,0,802,18
2020-11-18,Lassen,035,31185,1559,1124,3,1127,0
2020-11-18,Los Angeles,037,10098052,366006,344675,4827,349502,7338
2020-11-18,Madera,039,155013,6011,5519,109,5628,54
2020-11-18,Marin,041,260295,7602,7435,25,7460,134
2020-11-18,Mariposa,043,17540,106,88,0,88,2
2020-11-18,Mendocino,045,87422,1367,1237,5,1242,23
2020-11-18,Merced,047,269075,11176,10536,92,10628,166
2020-11-18,Modoc,049,8938,94,77,18,95,0
2020-11-18,Mono,051,14174,484,468,9,477,2
2020-11-18,Monterey,053,433212,14390,13340,213,13553,108
2020-11-18,Napa,055,140530,2967,2607,17,2624,17
2020-11-18,Nevada,057,99092,1140,933,27,960,9
2020-11-18,Orange,059,3164182,73135,66381,2172,68553,1521
2020-11-18,Placer,061,380077,6341,5543,102,5645,64
2020-11-18,Plumas,063,18699,183,143,0,143,0
2020-11-18,Riverside,065,2383286,84105,77739,1327,79066,1387
2020-11-18,Sacramento,067,1510023,34431,31816,82,31898,541
2020-11-18,San Benito,069,59416,1730,1632,10,1642,15
2020-11-18,San Bernardino,071,2135413,86752,77400,1090,78490,1206
2020-11-18,San Diego,073,3302833,74484,67243,2509,69752,945
2020-11-18,San Francisco,075,870044,14766,14057,84,14141,153
2020-11-18,San Joaquin,077,732212,25340,24146,422,24568,517
2020-11-18,San Luis Obispo,079,281455,6013,5322,91,5413,34
2020-11-18,San Mateo,081,765935,13691,12631,13,12644,169
2020-11-18,Santa Barbara,083,443738,11125,10684,176,10860,136
2020-11-18,Santa Clara,085,1922200,32541,29285,65,29350,421
2020-11-18,Santa Cruz,087,273765,4148,3618,43,3661,25
2020-11-18,Shasta,089,179085,4715,3547,120,3667,42
2020-11-18,Sierra,091,2930,17,11,0,11,0
2020-11-18,Siskiyou,093,43540,503,351,27,378,0
2020-11-18,Solano,095,438530,9769,8994,52,9046,84
2020-11-18,Sonoma,097,501317,11697,11129,41,11170,155
2020-11-18,Stanislaus,099,539301,20734,19609,1196,20805,431
2020-11-18,Sutter,101,95872,2886,2442,10,2452,13
2020-11-18,Tehama,103,63373,1531,1338,12,1350,8
2020-11-18,Trinity,105,12862,230,95,23,118,0
2020-11-18,Tulare,107,460477,20559,19286,1053,20339,306
2020-11-18,Tuolumne,109,53932,877,590,5,595,7
2020-11-18,Ventura,111,848112,18682,17169,549,17718,173
2020-11-18,Yolo,113,214977,4492,3929,13,3942,71
2020-11-18,Yuba,115,75493,1763,1540,9,1549,10
2020-11-17,Alameda,001,1643700,28144,26425,279,26704,439
2020-11-17,Alpine,003,1148,40,12,0,12,0
2020-11-17,Amador,005,37829,463,423,1,424,16
2020-11-17,Butte,007,227075,3815,3500,152,3652,59
2020-11-17,Calaveras,009,45235,421,405,0,405,21
2020-11-17,Colusa,011,21464,663,606,1,607,6
2020-11-17,Contra Costa,013,1133247,22783,21557,128,21685,256
2020-11-17,Del Norte,015,27424,275,233,0,233,2
2020-11-17,El Dorado,017,186661,2124,1758,21,1779,4
2020-11-17,Fresno,019,978130,39252,34765,1024,35789,472
2020-11-17,Glenn,021,27897,872,795,26,821,4
2020-11-17,Humboldt,023,135768,799,685,1,686,9
2020-11-17,Imperial,025,180216,15209,14204,31,14235,346
2020-11-17,Inyo,027,18085,286,263,6,269,15
2020-11-17,Kern,029,883053,38447,36164,863,37027,455
2020-11-17,Kings,031,150075,10474,9653,115,9768,85
2020-11-17,Lake,033,64148,874,792,0,792,18
2020-11-17,Lassen,035,31185,1480,1124,3,1127,0
2020-11-17,Los Angeles,037,10098052,361061,340933,4665,345598,7302
2020-11-17,Madera,039,155013,5922,5485,102,5587,54
2020-11-17,Marin,041,260295,7570,7404,24,7428,134
2020-11-17,Mariposa,043,17540,103,87,0,87,2
2020-11-17,Mendocino,045,87422,1346,1216,5,1221,23
2020-11-17,Merced,047,269075,11032,10457,86,10543,162
2020-11-17,Modoc,049,8938,88,71,17,88,0
2020-11-17,Mono,051,14174,479,459,9,468,2
2020-11-17,Monterey,053,433212,14160,13220,203,13423,108
2020-11-17,Napa,055,140530,2913,2568,17,2585,17
2020-11-17,Nevada,057,99092,1099,918,26,944,9
2020-11-17,Orange,059,3164182,71985,65757,2145,67902,1519
2020-11-17,Placer,061,380077,6179,5435,96,5531,63
2020-11-17,Plumas,063,18699,175,142,0,142,0
2020-11-17,Riverside,065,2383286,82719,77079,1236,78315,1379
2020-11-17,Sacramento,067,1510023,33832,31341,78,31419,538
2020-11-17,San Benito,069,59416,1714,1611,4,1615,15
2020-11-17,San Bernardino,071,2135413,84939,76134,1000,77134,1188
2020-11-17,San Diego,073,3302833,73231,66321,2453,68774,933
2020-11-17,San Francisco,075,870044,14600,13952,83,14035,153
2020-11-17,San Joaquin,077,732212,25068,23997,402,24399,516
2020-11-17,San Luis Obispo,079,281455,5917,5235,91,5326,34
2020-11-17,San Mateo,081,765935,13529,12491,12,12503,169
2020-11-17,Santa Barbara,083,443738,11040,10597,171,10768,136
2020-11-17,Santa Clara,085,1922200,31994,29013,64,29077,419
2020-11-17,Santa Cruz,087,273765,4063,3548,40,3588,25
2020-11-17,Shasta,089,179085,4557,3457,108,3565,40
2020-11-17,Sierra,091,2930,15,11,0,11,0
2020-11-17,Siskiyou,093,43540,455,333,26,359,0
2020-11-17,Solano,095,438530,9624,8905,51,8956,84
2020-11-17,Sonoma,097,501317,11563,11084,40,11124,155
2020-11-17,Stanislaus,099,539301,20510,19466,1168,20634,425
2020-11-17,Sutter,101,95872,2803,2370,9,2379,12
2020-11-17,Tehama,103,63373,1481,1290,12,1302,7
2020-11-17,Trinity,105,12862,213,83,23,106,0
2020-11-17,Tulare,107,460477,20328,19176,991,20167,305
2020-11-17,Tuolumne,109,53932,839,568,5,573,7
2020-11-17,Ventura,111,848112,18410,16797,531,17328,173
2020-11-17,Yolo,113,214977,4315,3887,12,3899,70
2020-11-17,Yuba,115,75493,1715,1519,9,1528,10
2020-11-16,Alameda,001,1643700,27797,26063,274,26337,436
2020-11-16,Alpine,003,1148,37,12,0,12,0
2020-11-16,Amador,005,37829,455,414,1,415,16
2020-11-16,Butte,007,227075,3776,3490,144,3634,58
2020-11-16,Calaveras,009,45235,413,402,0,402,21
2020-11-16,Colusa,011,21464,654,601,1,602,6
2020-11-16,Contra Costa,013,1133247,22515,21386,123,21509,256
2020-11-16,Del Norte,015,27424,268,225,0,225,2
2020-11-16,El Dorado,017,186661,2064,1694,19,1713,4
2020-11-16,Fresno,019,978130,38762,34593,970,35563,471
2020-11-16,Glenn,021,27897,860,786,25,811,4
2020-11-16,Humboldt,023,135768,783,660,1,661,9
2020-11-16,Imperial,025,180216,14961,14111,31,14142,346
2020-11-16,Inyo,027,18085,283,263,6,269,15
2020-11-16,Kern,029,883053,38053,36049,820,36869,455
2020-11-16,Kings,031,150075,10207,9569,111,9680,85
2020-11-16,Lake,033,64148,862,784,0,784,18
2020-11-16,Lassen,035,31185,1299,1124,3,1127,0
2020-11-16,Los Angeles,037,10098052,356311,338778,4493,343271,7277
2020-11-16,Madera,039,155013,5835,5433,96,5529,54
2020-11-16,Marin,041,260295,7541,7359,24,7383,134
2020-11-16,Mariposa,043,17540,100,86,0,86,2
2020-11-16,Mendocino,045,87422,1321,1209,5,1214,23
2020-11-16,Merced,047,269075,10894,10399,83,10482,162
2020-11-16,Modoc,049,8938,86,71,17,88,0
2020-11-16,Mono,051,14174,477,453,9,462,2
2020-11-16,Monterey,053,433212,13914,13089,193,13282,107
2020-11-16,Napa,055,140530,2837,2536,17,2553,17
2020-11-16,Nevada,057,99092,1056,889,24,913,9
2020-11-16,Orange,059,3164182,70886,65396,2131,67527,1519
2020-11-16,Placer,061,380077,6060,5387,87,5474,63
2020-11-16,Plumas,063,18699,168,127,0,127,0
2020-11-16,Riverside,065,2383286,81345,76449,1171,77620,1379
2020-11-16,Sacramento,067,1510023,33194,30954,71,31025,534
2020-11-16,San Benito,069,59416,1696,1603,3,1606,15
2020-11-16,San Bernardino,071,2135413,83112,74401,931,75332,1186
2020-11-16,San Diego,073,3302833,71920,65603,2381,67984,926
2020-11-16,San Francisco,075,870044,14441,13847,80,13927,153
2020-11-16,San Joaquin,077,732212,24779,23515,392,23907,513
2020-11-16,San Luis Obispo,079,281455,5814,5161,86,5247,34
2020-11-16,San Mateo,081,765935,13369,12398,12,12410,169
2020-11-16,Santa Barbara,083,443738,10975,10565,167,10732,135
2020-11-16,Santa Clara,085,1922200,31428,28673,63,28736,419
2020-11-16,Santa Cruz,087,273765,3990,3520,40,3560,25
2020-11-16,Shasta,089,179085,4409,3284,103,3387,37
2020-11-16,Sierra,091,2930,15,11,0,11,0
2020-11-16,Siskiyou,093,43540,428,294,26,320,0
2020-11-16,Solano,095,438530,9425,8827,51,8878,84
2020-11-16,Sonoma,097,501317,11472,10961,39,11000,155
2020-11-16,Stanislaus,099,539301,20274,19333,1141,20474,425
2020-11-16,Sutter,101,95872,2697,2322,9,2331,12
2020-11-16,Tehama,103,63373,1435,1261,8,1269,7
2020-11-16,Trinity,105,12862,201,67,23,90,0
2020-11-16,Tulare,107,460477,20149,18891,937,19828,305
2020-11-16,Tuolumne,109,53932,803,543,5,548,7
2020-11-16,Ventura,111,848112,18072,16691,523,17214,172
2020-11-16,Yolo,113,214977,4220,3858,12,3870,70
2020-11-16,Yuba,115,75493,1679,1500,8,1508,10
2020-11-15,Alameda,001,1643700,27479,25879,268,26147,436
2020-11-15,Alpine,003,1148,35,12,0,12,0
2020-11-15,Amador,005,37829,443,409,1,410,16
2020-11-15,Butte,007,227075,3722,3452,135,3587,58
2020-11-15,Calaveras,009,45235,399,386,0,386,21
2020-11-15,Colusa,011,21464,645,601,1,602,6
2020-11-15,Contra Costa,013,1133247,22216,21179,122,21301,256
2020-11-15,Del Norte,015,27424,253,224,0,224,2
2020-11-15,El Dorado,017,186661,2002,1683,17,1700,4
2020-11-15,Fresno,019,978130,38248,34297,932,35229,471
2020-11-15,Glenn,021,27897,848,783,24,807,4
2020-11-15,Humboldt,023,135768,754,653,1,654,9
2020-11-15,Imperial,025,180216,14724,13940,31,13971,346
2020-11-15,Inyo,027,18085,273,263,6,269,15
2020-11-15,Kern,029,883053,37648,35911,785,36696,455
2020-11-15,Kings,031,150075,10014,9533,107,9640,85
2020-11-15,Lake,033,64148,853,777,0,777,17
2020-11-15,Lassen,035,31185,1252,1124,3,1127,0
2020-11-15,Los Angeles,037,10098052,351267,336035,4321,340356,7271
2020-11-15,Madera,039,155013,5738,5391,90,5481,54
2020-11-15,Marin,041,260295,7515,7347,24,7371,133
2020-11-15,Mariposa,043,17540,97,86,0,86,2
2020-11-15,Mendocino,045,87422,1302,1197,5,1202,22
2020-11-15,Merced,047,269075,10761,10350,83,10433,162
2020-11-15,Modoc,049,8938,85,68,17,85,0
2020-11-15,Mono,051,14174,475,453,9,462,2
2020-11-15,Monterey,053,433212,13718,12999,180,13179,107
2020-11-15,Napa,055,140530,2778,2509,15,2524,17
2020-11-15,Nevada,057,99092,1001,859,24,883,9
2020-11-15,Orange,059,3164182,69844,65008,2115,67123,1519
2020-11-15,Placer,061,380077,5905,5330,79,5409,63
2020-11-15,Plumas,063,18699,162,127,0,127,0
2020-11-15,Riverside,065,2383286,80022,75531,1112,76643,1374
2020-11-15,Sacramento,067,1510023,32568,30601,66,30667,534
2020-11-15,San Benito,069,59416,1671,1589,2,1591,15
2020-11-15,San Bernardino,071,2135413,80962,73769,856,74625,1185
2020-11-15,San Diego,073,3302833,70419,64770,2324,67094,926
2020-11-15,San Francisco,075,870044,14266,13757,79,13836,153
2020-11-15,San Joaquin,077,732212,24569,23516,376,23892,513
2020-11-15,San Luis Obispo,079,281455,5693,5120,84,5204,34
2020-11-15,San Mateo,081,765935,13192,12348,12,12360,169
2020-11-15,Santa Barbara,083,443738,10880,10516,165,10681,135
2020-11-15,Santa Clara,085,1922200,30973,28289,62,28351,418
2020-11-15,Santa Cruz,087,273765,3851,3439,39,3478,25
2020-11-15,Shasta,089,179085,4236,3290,94,3384,37
2020-11-15,Sierra,091,2930,15,11,0,11,0
2020-11-15,Siskiyou,093,43540,409,294,26,320,0
2020-11-15,Solano,095,438530,9264,8713,48,8761,84
2020-11-15,Sonoma,097,501317,11353,10833,38,10871,154
2020-11-15,Stanislaus,099,539301,20002,19228,1116,20344,425
2020-11-15,Sutter,101,95872,2607,2230,9,2239,12
2020-11-15,Tehama,103,63373,1384,1222,7,1229,7
2020-11-15,Trinity,105,12862,191,67,21,88,0
2020-11-15,Tulare,107,460477,19932,18891,884,19775,305
2020-11-15,Tuolumne,109,53932,761,486,5,491,7
2020-11-15,Ventura,111,848112,17798,16564,515,17079,172
2020-11-15,Yolo,113,214977,4117,3819,11,3830,67
2020-11-15,Yuba,115,75493,1638,1470,7,1477,10
2020-11-14,Alameda,001,1643700,27212,25714,266,25980,435
2020-11-14,Alpine,003,1148,35,12,0,12,0
2020-11-14,Amador,005,37829,434,404,0,404,16
2020-11-14,Butte,007,227075,3686,3434,121,3555,58
2020-11-14,Calaveras,009,45235,398,386,0,386,21
2020-11-14,Colusa,011,21464,633,601,1,602,6
2020-11-14,Contra Costa,013,1133247,22077,20975,115,21090,256
2020-11-14,Del Norte,015,27424,247,219,0,219,2
2020-11-14,El Dorado,017,186661,1958,1648,17,1665,4
2020-11-14,Fresno,019,978130,37998,33969,895,34864,471
2020-11-14,Glenn,021,27897,839,772,21,793,3
2020-11-14,Humboldt,023,135768,739,643,1,644,9
2020-11-14,Imperial,025,180216,14631,13932,30,13962,346
2020-11-14,Inyo,027,18085,272,263,6,269,15
2020-11-14,Kern,029,883053,37439,35626,766,36392,454
2020-11-14,Kings,031,150075,9979,9490,104,9594,85
2020-11-14,Lake,033,64148,844,773,0,773,17
2020-11-14,Lassen,035,31185,1238,833,3,836,0
2020-11-14,Los Angeles,037,10098052,348559,333021,4212,337233,7269
2020-11-14,Madera,039,155013,5708,5371,88,5459,54
2020-11-14,Marin,041,260295,7499,7325,24,7349,133
2020-11-14,Mariposa,043,17540,96,86,0,86,2
2020-11-14,Mendocino,045,87422,1286,1181,5,1186,22
2020-11-14,Merced,047,269075,10705,10286,81,10367,161
2020-11-14,Modoc,049,8938,84,64,16,80,0
2020-11-14,Mono,051,14174,475,453,9,462,2
2020-11-14,Monterey,053,433212,13622,12854,170,13024,105
2020-11-14,Napa,055,140530,2744,2473,15,2488,17
2020-11-14,Nevada,057,99092,985,835,24,859,9
2020-11-14,Orange,059,3164182,69223,64340,2104,66444,1517
2020-11-14,Placer,061,380077,5829,5215,73,5288,63
2020-11-14,Plumas,063,18699,157,128,0,128,0
2020-11-14,Riverside,065,2383286,79282,74910,1073,75983,1373
2020-11-14,Sacramento,067,1510023,32242,30298,66,30364,532
2020-11-14,San Benito,069,59416,1656,1573,2,1575,15
2020-11-14,San Bernardino,071,2135413,80028,72868,824,73692,1184
2020-11-14,San Diego,073,3302833,69654,63715,2272,65987,926
2020-11-14,San Francisco,075,870044,14178,13661,78,13739,153
2020-11-14,San Joaquin,077,732212,24478,23516,368,23884,511
2020-11-14,San Luis Obispo,079,281455,5630,5073,79,5152,34
2020-11-14,San Mateo,081,765935,13084,12293,12,12305,169
2020-11-14,Santa Barbara,083,443738,10826,10482,163,10645,135
2020-11-14,Santa Clara,085,1922200,30688,27962,60,28022,416
2020-11-14,Santa Cruz,087,273765,3796,3402,39,3441,25
2020-11-14,Shasta,089,179085,4155,3195,92,3287,37
2020-11-14,Sierra,091,2930,15,11,0,11,0
2020-11-14,Siskiyou,093,43540,396,292,26,318,0
2020-11-14,Solano,095,438530,9184,8655,47,8702,84
2020-11-14,Sonoma,097,501317,11300,10769,38,10807,154
2020-11-14,Stanislaus,099,539301,19859,19068,1094,20162,424
2020-11-14,Sutter,101,95872,2562,2182,9,2191,12
2020-11-14,Tehama,103,63373,1363,1206,6,1212,7
2020-11-14,Trinity,105,12862,186,67,21,88,0
2020-11-14,Tulare,107,460477,19837,18853,856,19709,305
2020-11-14,Tuolumne,109,53932,733,448,5,453,7
2020-11-14,Ventura,111,848112,17652,16297,504,16801,172
2020-11-14,Yolo,113,214977,4074,3765,9,3774,65
2020-11-14,Yuba,115,75493,1609,1453,7,1460,10
2020-11-13,Alameda,001,1643700,26996,25515,261,25776,434
2020-11-13,Alpine,003,1148,35,12,0,12,0
2020-11-13,Amador,005,37829,431,397,0,397,16
2020-11-13,Butte,007,227075,3662,3402,112,3514,58
2020-11-13,Calaveras,009,45235,394,378,0,378,21
2020-11-13,Colusa,011,21464,625,598,1,599,6
2020-11-13,Contra Costa,013,1133247,21904,20799,115,20914,256
2020-11-13,Del Norte,015,27424,244,208,0,208,2
2020-11-13,El Dorado,017,186661,1913,1611,16,1627,4
2020-11-13,Fresno,019,978130,37752,33693,881,34574,470
2020-11-13,Glenn,021,27897,825,755,17,772,3
2020-11-13,Humboldt,023,135768,724,638,1,639,9
2020-11-13,Imperial,025,180216,14561,13790,29,13819,341
2020-11-13,Inyo,027,18085,271,262,6,268,15
2020-11-13,Kern,029,883053,37237,35431,749,36180,453
2020-11-13,Kings,031,150075,9920,9428,103,9531,85
2020-11-13,Lake,033,64148,838,770,0,770,17
2020-11-13,Lassen,035,31185,1229,832,3,835,0
2020-11-13,Los Angeles,037,10098052,345433,329364,4105,333469,7248
2020-11-13,Madera,039,155013,5668,5340,87,5427,54
2020-11-13,Marin,041,260295,7486,7307,23,7330,133
2020-11-13,Mariposa,043,17540,94,86,0,86,2
2020-11-13,Mendocino,045,87422,1274,1173,5,1178,22
2020-11-13,Merced,047,269075,10649,10185,78,10263,159
2020-11-13,Modoc,049,8938,84,63,14,77,0
2020-11-13,Mono,051,14174,475,448,8,456,2
2020-11-13,Monterey,053,433212,13426,12681,158,12839,104
2020-11-13,Napa,055,140530,2705,2440,15,2455,17
2020-11-13,Nevada,057,99092,966,798,24,822,9
2020-11-13,Orange,059,3164182,68624,63804,2084,65888,1514
2020-11-13,Placer,061,380077,5724,5122,67,5189,63
2020-11-13,Plumas,063,18699,151,125,0,125,0
2020-11-13,Riverside,065,2383286,78544,74138,1044,75182,1372
2020-11-13,Sacramento,067,1510023,31924,29787,61,29848,524
2020-11-13,San Benito,069,59416,1644,1553,1,1554,15
2020-11-13,San Bernardino,071,2135413,78979,71895,803,72698,1184
2020-11-13,San Diego,073,3302833,68807,62978,2234,65212,921
2020-11-13,San Francisco,075,870044,14085,13516,76,13592,146
2020-11-13,San Joaquin,077,732212,24383,23314,362,23676,510
2020-11-13,San Luis Obispo,079,281455,5563,4960,76,5036,34
2020-11-13,San Mateo,081,765935,12990,12182,12,12194,169
2020-11-13,Santa Barbara,083,443738,10774,10405,161,10566,134
2020-11-13,Santa Clara,085,1922200,30361,27609,58,27667,415
2020-11-13,Santa Cruz,087,273765,3722,3343,39,3382,25
2020-11-13,Shasta,089,179085,4071,2983,88,3071,37
2020-11-13,Sierra,091,2930,15,11,0,11,0
2020-11-13,Siskiyou,093,43540,391,280,25,305,0
2020-11-13,Solano,095,438530,9093,8525,47,8572,84
2020-11-13,Sonoma,097,501317,11239,10685,36,10721,151
2020-11-13,Stanislaus,099,539301,19734,18936,1066,20002,422
2020-11-13,Sutter,101,95872,2516,2121,8,2129,12
2020-11-13,Tehama,103,63373,1336,1167,6,1173,7
2020-11-13,Trinity,105,12862,184,64,21,85,0
2020-11-13,Tulare,107,460477,19713,18714,815,19529,305
2020-11-13,Tuolumne,109,53932,700,427,5,432,7
2020-11-13,Ventura,111,848112,17506,16172,490,16662,171
2020-11-13,Yolo,113,214977,4023,3716,9,3725,65
2020-11-13,Yuba,115,75493,1582,1435,7,1442,10
2020-11-12,Alameda,001,1643700,26729,25345,261,25606,432
2020-11-12,Alpine,003,1148,34,12,0,12,0
2020-11-12,Amador,005,37829,430,392,0,392,16
2020-11-12,Butte,007,227075,3613,3347,109,3456,58
2020-11-12,Calaveras,009,45235,389,373,0,373,21
2020-11-12,Colusa,011,21464,620,591,1,592,6
2020-11-12,Contra Costa,013,1133247,21697,20619,113,20732,255
2020-11-12,Del Norte,015,27424,237,203,0,203,2
2020-11-12,El Dorado,017,186661,1867,1573,12,1585,4
2020-11-12,Fresno,019,978130,37403,33459,839,34298,468
2020-11-12,Glenn,021,27897,806,727,17,744,3
2020-11-12,Humboldt,023,135768,711,625,1,626,9
2020-11-12,Imperial,025,180216,14396,13619,29,13648,341
2020-11-12,Inyo,027,18085,270,255,6,261,15
2020-11-12,Kern,029,883053,36973,35207,734,35941,451
2020-11-12,Kings,031,150075,9853,9335,102,9437,85
2020-11-12,Lake,033,64148,829,764,0,764,17
2020-11-12,Lassen,035,31185,1160,832,2,834,0
2020-11-12,Los Angeles,037,10098052,341692,327001,4004,331005,7223
2020-11-12,Madera,039,155013,5633,5273,82,5355,54
2020-11-12,Marin,041,260295,7457,7268,23,7291,133
2020-11-12,Mariposa,043,17540,92,84,0,84,2
2020-11-12,Mendocino,045,87422,1255,1142,5,1147,22
2020-11-12,Merced,047,269075,10535,10107,75,10182,158
2020-11-12,Modoc,049,8938,84,63,14,77,0
2020-11-12,Mono,051,14174,474,442,8,450,2
2020-11-12,Monterey,053,433212,13305,12489,144,12633,100
2020-11-12,Napa,055,140530,2643,2398,15,2413,16
2020-11-12,Nevada,057,99092,943,780,23,803,9
2020-11-12,Orange,059,3164182,67879,63232,2065,65297,1514
2020-11-12,Placer,061,380077,5614,5044,58,5102,62
2020-11-12,Plumas,063,18699,147,121,0,121,0
2020-11-12,Riverside,065,2383286,77613,73381,1001,74382,1362
2020-11-12,Sacramento,067,1510023,31433,29459,54,29513,520
2020-11-12,San Benito,069,59416,1624,1525,1,1526,15
2020-11-12,San Bernardino,071,2135413,77613,70758,764,71522,1183
2020-11-12,San Diego,073,3302833,67827,62336,2183,64519,918
2020-11-12,San Francisco,075,870044,13986,13289,75,13364,146
2020-11-12,San Joaquin,077,732212,24190,23002,341,23343,509
2020-11-12,San Luis Obispo,079,281455,5499,4898,75,4973,33
2020-11-12,San Mateo,081,765935,12865,12086,11,12097,169
2020-11-12,Santa Barbara,083,443738,10712,10325,156,10481,134
2020-11-12,Santa Clara,085,1922200,29985,27261,57,27318,414
2020-11-12,Santa Cruz,087,273765,3639,3317,37,3354,25
2020-11-12,Shasta,089,179085,3934,2825,77,2902,37
2020-11-12,Sierra,091,2930,15,11,0,11,0
2020-11-12,Siskiyou,093,43540,374,275,20,295,0
2020-11-12,Solano,095,438530,8993,8417,46,8463,85
2020-11-12,Sonoma,097,501317,11137,10602,35,10637,151
2020-11-12,Stanislaus,099,539301,19565,18787,1037,19824,422
2020-11-12,Sutter,101,95872,2433,2075,7,2082,12
2020-11-12,Tehama,103,63373,1309,1117,6,1123,7
2020-11-12,Trinity,105,12862,176,62,20,82,0
2020-11-12,Tulare,107,460477,19601,18545,777,19322,305
2020-11-12,Tuolumne,109,53932,661,353,5,358,7
2020-11-12,Ventura,111,848112,17256,16013,484,16497,158
2020-11-12,Yolo,113,214977,3979,3646,9,3655,63
2020-11-12,Yuba,115,75493,1547,1410,7,1417,10
2020-11-11,Alameda,001,1643700,26486,25140,259,25399,429
2020-11-11,Alpine,003,1148,29,12,0,12,0
2020-11-11,Amador,005,37829,423,389,0,389,16
2020-11-11,Butte,007,227075,3587,3348,96,3444,58
2020-11-11,Calaveras,009,45235,379,373,0,373,21
2020-11-11,Colusa,011,21464,614,591,1,592,6
2020-11-11,Contra Costa,013,1133247,21479,20452,111,20563,255
2020-11-11,Del Norte,015,27424,230,203,0,203,2
2020-11-11,El Dorado,017,186661,1821,1564,11,1575,4
2020-11-11,Fresno,019,978130,37084,33287,804,34091,468
2020-11-11,Glenn,021,27897,790,722,16,738,3
2020-11-11,Humboldt,023,135768,697,623,1,624,9
2020-11-11,Imperial,025,180216,14226,13623,27,13650,340
2020-11-11,Inyo,027,18085,268,255,6,261,15
2020-11-11,Kern,029,883053,36698,35014,717,35731,449
2020-11-11,Kings,031,150075,9747,9263,99,9362,85
2020-11-11,Lake,033,64148,819,763,0,763,17
2020-11-11,Lassen,035,31185,1135,831,2,833,0
2020-11-11,Los Angeles,037,10098052,338327,324567,3920,328487,7220
2020-11-11,Madera,039,155013,5598,5248,80,5328,54
2020-11-11,Marin,041,260295,7434,7268,23,7291,133
2020-11-11,Mariposa,043,17540,92,84,0,84,2
2020-11-11,Mendocino,045,87422,1243,1142,5,1147,22
2020-11-11,Merced,047,269075,10464,10074,73,10147,157
2020-11-11,Modoc,049,8938,80,62,13,75,0
2020-11-11,Mono,051,14174,472,443,8,451,2
2020-11-11,Monterey,053,433212,13161,12417,140,12557,100
2020-11-11,Napa,055,140530,2594,2365,12,2377,15
2020-11-11,Nevada,057,99092,901,741,23,764,9
2020-11-11,Orange,059,3164182,67240,62929,2041,64970,1506
2020-11-11,Placer,061,380077,5530,4981,50,5031,60
2020-11-11,Plumas,063,18699,145,111,0,111,0
2020-11-11,Riverside,065,2383286,76710,72953,955,73908,1361
2020-11-11,Sacramento,067,1510023,30976,28968,52,29020,520
2020-11-11,San Benito,069,59416,1610,1512,1,1513,15
2020-11-11,San Bernardino,071,2135413,76326,70374,737,71111,1182
2020-11-11,San Diego,073,3302833,66892,61746,2122,63868,918
2020-11-11,San Francisco,075,870044,13878,13287,74,13361,146
2020-11-11,San Joaquin,077,732212,24030,23001,335,23336,509
2020-11-11,San Luis Obispo,079,281455,5423,4832,72,4904,33
2020-11-11,San Mateo,081,765935,12751,12008,11,12019,169
2020-11-11,Santa Barbara,083,443738,10646,10278,156,10434,134
2020-11-11,Santa Clara,085,1922200,29633,27075,56,27131,413
2020-11-11,Santa Cruz,087,273765,3571,3247,37,3284,25
2020-11-11,Shasta,089,179085,3810,2766,67,2833,36
2020-11-11,Sierra,091,2930,13,11,0,11,0
2020-11-11,Siskiyou,093,43540,343,261,17,278,0
2020-11-11,Solano,095,438530,8875,8353,44,8397,85
2020-11-11,Sonoma,097,501317,11063,10498,35,10533,150
2020-11-11,Stanislaus,099,539301,19428,18671,1007,19678,422
2020-11-11,Sutter,101,95872,2385,2049,6,2055,12
2020-11-11,Tehama,103,63373,1267,1105,5,1110,7
2020-11-11,Trinity,105,12862,165,62,20,82,0
2020-11-11,Tulare,107,460477,19470,18500,746,19246,305
2020-11-11,Tuolumne,109,53932,605,354,4,358,7
2020-11-11,Ventura,111,848112,17041,15801,471,16272,158
2020-11-11,Yolo,113,214977,3928,3606,9,3615,63
2020-11-11,Yuba,115,75493,1532,1400,7,1407,10
2020-11-10,Alameda,001,1643700,26256,25008,256,25264,424
2020-11-10,Alpine,003,1148,29,9,0,9,0
2020-11-10,Amador,005,37829,417,384,0,384,16
2020-11-10,Butte,007,227075,3551,3327,92,3419,58
2020-11-10,Calaveras,009,45235,374,367,0,367,21
2020-11-10,Colusa,011,21464,606,590,1,591,6
2020-11-10,Contra Costa,013,1133247,21272,20326,109,20435,255
2020-11-10,Del Norte,015,27424,224,196,0,196,2
2020-11-10,El Dorado,017,186661,1760,1551,11,1562,4
2020-11-10,Fresno,019,978130,36814,33024,766,33790,465
2020-11-10,Glenn,021,27897,782,719,12,731,3
2020-11-10,Humboldt,023,135768,680,610,1,611,9
2020-11-10,Imperial,025,180216,14096,13570,27,13597,338
2020-11-10,Inyo,027,18085,267,252,6,258,14
2020-11-10,Kern,029,883053,36422,34858,698,35556,448
2020-11-10,Kings,031,150075,9700,9236,92,9328,85
2020-11-10,Lake,033,64148,809,762,0,762,16
2020-11-10,Lassen,035,31185,1120,830,2,832,0
2020-11-10,Los Angeles,037,10098052,335075,322569,3806,326375,7205
2020-11-10,Madera,039,155013,5556,5229,74,5303,54
2020-11-10,Marin,041,260295,7415,7259,23,7282,133
2020-11-10,Mariposa,043,17540,90,84,0,84,2
2020-11-10,Mendocino,045,87422,1235,1137,5,1142,22
2020-11-10,Merced,047,269075,10402,9992,67,10059,157
2020-11-10,Modoc,049,8938,78,61,13,74,0
2020-11-10,Mono,051,14174,470,443,8,451,2
2020-11-10,Monterey,053,433212,13026,12335,132,12467,100
2020-11-10,Napa,055,140530,2556,2341,10,2351,15
2020-11-10,Nevada,057,99092,885,734,23,757,9
2020-11-10,Orange,059,3164182,66690,62597,2031,64628,1504
2020-11-10,Placer,061,380077,5450,4902,49,4951,60
2020-11-10,Plumas,063,18699,141,108,0,108,0
2020-11-10,Riverside,065,2383286,76068,72316,928,73244,1359
2020-11-10,Sacramento,067,1510023,30569,28677,49,28726,519
2020-11-10,San Benito,069,59416,1595,1508,1,1509,15
2020-11-10,San Bernardino,071,2135413,75155,69666,704,70370,1182
2020-11-10,San Diego,073,3302833,66001,61085,2085,63170,915
2020-11-10,San Francisco,075,870044,13761,13210,74,13284,146
2020-11-10,San Joaquin,077,732212,23865,22865,328,23193,508
2020-11-10,San Luis Obispo,079,281455,5360,4780,69,4849,33
2020-11-10,San Mateo,081,765935,12650,11939,11,11950,169
2020-11-10,Santa Barbara,083,443738,10579,10252,152,10404,134
2020-11-10,Santa Clara,085,1922200,29288,26917,55,26972,409
2020-11-10,Santa Cruz,087,273765,3508,3221,37,3258,25
2020-11-10,Shasta,089,179085,3667,2686,59,2745,36
2020-11-10,Sierra,091,2930,12,10,0,10,0
2020-11-10,Siskiyou,093,43540,326,263,16,279,0
2020-11-10,Solano,095,438530,8777,8299,44,8343,85
2020-11-10,Sonoma,097,501317,10976,10414,35,10449,150
2020-11-10,Stanislaus,099,539301,19294,18592,983,19575,420
2020-11-10,Sutter,101,95872,2290,2035,5,2040,12
2020-11-10,Tehama,103,63373,1243,1099,4,1103,7
2020-11-10,Trinity,105,12862,156,62,18,80,0
2020-11-10,Tulare,107,460477,19355,18430,722,19152,305
2020-11-10,Tuolumne,109,53932,556,353,4,357,7
2020-11-10,Ventura,111,848112,16858,15625,469,16094,158
2020-11-10,Yolo,113,214977,3867,3573,9,3582,63
2020-11-10,Yuba,115,75493,1509,1392,7,1399,10
2020-11-09,Alameda,001,1643700,26010,24899,252,25151,424
2020-11-09,Alpine,003,1148,27,6,0,6,0
2020-11-09,Amador,005,37829,408,380,0,380,16
2020-11-09,Butte,007,227075,3506,3301,83,3384,57
2020-11-09,Calaveras,009,45235,370,360,0,360,21
2020-11-09,Colusa,011,21464,600,583,1,584,6
2020-11-09,Contra Costa,013,1133247,21099,20193,107,20300,255
2020-11-09,Del Norte,015,27424,218,195,0,195,2
2020-11-09,El Dorado,017,186661,1719,1515,11,1526,4
2020-11-09,Fresno,019,978130,36503,32755,726,33481,465
2020-11-09,Glenn,021,27897,776,714,9,723,3
2020-11-09,Humboldt,023,135768,667,607,1,608,9
2020-11-09,Imperial,025,180216,13979,13508,26,13534,338
2020-11-09,Inyo,027,18085,267,252,6,258,14
2020-11-09,Kern,029,883053,36191,34764,662,35426,448
2020-11-09,Kings,031,150075,9630,9141,90,9231,84
2020-11-09,Lake,033,64148,800,755,0,755,16
2020-11-09,Lassen,035,31185,1024,799,2,801,0
2020-11-09,Los Angeles,037,10098052,331978,320370,3731,324101,7180
2020-11-09,Madera,039,155013,5510,5209,71,5280,54
2020-11-09,Marin,041,260295,7389,7237,22,7259,131
2020-11-09,Mariposa,043,17540,90,84,0,84,2
2020-11-09,Mendocino,045,87422,1223,1132,5,1137,22
2020-11-09,Merced,047,269075,10299,9922,64,9986,157
2020-11-09,Modoc,049,8938,74,54,12,66,0
2020-11-09,Mono,051,14174,467,352,8,360,2
2020-11-09,Monterey,053,433212,12879,12148,124,12272,98
2020-11-09,Napa,055,140530,2513,2309,10,2319,15
2020-11-09,Nevada,057,99092,848,729,22,751,9
2020-11-09,Orange,059,3164182,66049,62335,2018,64353,1501
2020-11-09,Placer,061,380077,5365,4843,37,4880,60
2020-11-09,Plumas,063,18699,134,102,0,102,0
2020-11-09,Riverside,065,2383286,75285,72059,894,72953,1346
2020-11-09,Sacramento,067,1510023,30097,28200,49,28249,516
2020-11-09,San Benito,069,59416,1586,1506,1,1507,15
2020-11-09,San Bernardino,071,2135413,74100,69015,662,69677,1182
2020-11-09,San Diego,073,3302833,65146,60572,2045,62617,908
2020-11-09,San Francisco,075,870044,13641,12984,71,13055,146
2020-11-09,San Joaquin,077,732212,23700,22512,323,22835,505
2020-11-09,San Luis Obispo,079,281455,5273,4746,67,4813,32
2020-11-09,San Mateo,081,765935,12543,11857,11,11868,169
2020-11-09,Santa Barbara,083,443738,10522,10214,146,10360,134
2020-11-09,Santa Clara,085,1922200,28893,26693,55,26748,409
2020-11-09,Santa Cruz,087,273765,3450,3194,37,3231,25
2020-11-09,Shasta,089,179085,3513,2581,50,2631,36
2020-11-09,Sierra,091,2930,10,10,0,10,0
2020-11-09,Siskiyou,093,43540,315,257,14,271,0
2020-11-09,Solano,095,438530,8661,8254,43,8297,85
2020-11-09,Sonoma,097,501317,10868,10310,35,10345,150
2020-11-09,Stanislaus,099,539301,19140,18482,966,19448,418
2020-11-09,Sutter,101,95872,2223,2010,4,2014,12
2020-11-09,Tehama,103,63373,1206,1071,3,1074,7
2020-11-09,Trinity,105,12862,149,46,18,64,0
2020-11-09,Tulare,107,460477,19235,18272,690,18962,304
2020-11-09,Tuolumne,109,53932,502,346,4,350,7
2020-11-09,Ventura,111,848112,16656,15568,466,16034,156
2020-11-09,Yolo,113,214977,3806,3522,9,3531,62
2020-11-09,Yuba,115,75493,1476,1380,7,1387,10
2020-11-08,Alameda,001,1643700,25780,24731,252,24983,424
2020-11-08,Alpine,003,1148,24,6,0,6,0
2020-11-08,Amador,005,37829,401,376,0,376,16
2020-11-08,Butte,007,227075,3468,3285,76,3361,57
2020-11-08,Calaveras,009,45235,368,360,0,360,21
2020-11-08,Colusa,011,21464,597,583,1,584,6
2020-11-08,Contra Costa,013,1133247,20929,20031,105,20136,254
2020-11-08,Del Norte,015,27424,210,195,0,195,2
2020-11-08,El Dorado,017,186661,1681,1502,11,1513,4
2020-11-08,Fresno,019,978130,36167,32619,688,33307,465
2020-11-08,Glenn,021,27897,770,707,8,715,3
2020-11-08,Humboldt,023,135768,651,605,1,606,9
2020-11-08,Imperial,025,180216,13863,13428,26,13454,338
2020-11-08,Inyo,027,18085,263,252,6,258,14
2020-11-08,Kern,029,883053,35972,34644,644,35288,448
2020-11-08,Kings,031,150075,9497,9026,87,9113,84
2020-11-08,Lake,033,64148,792,754,0,754,16
2020-11-08,Lassen,035,31185,876,799,2,801,0
2020-11-08,Los Angeles,037,10098052,328852,318960,3664,322624,7176
2020-11-08,Madera,039,155013,5441,5196,68,5264,54
2020-11-08,Marin,041,260295,7369,7227,22,7249,131
2020-11-08,Mariposa,043,17540,90,83,0,83,2
2020-11-08,Mendocino,045,87422,1214,1129,5,1134,22
2020-11-08,Merced,047,269075,10224,9885,62,9947,157
2020-11-08,Modoc,049,8938,70,54,12,66,0
2020-11-08,Mono,051,14174,461,352,8,360,2
2020-11-08,Monterey,053,433212,12734,12122,113,12235,98
2020-11-08,Napa,055,140530,2474,2274,10,2284,15
2020-11-08,Nevada,057,99092,832,715,22,737,9
2020-11-08,Orange,059,3164182,65460,62034,2004,64038,1501
2020-11-08,Placer,061,380077,5262,4800,32,4832,60
2020-11-08,Plumas,063,18699,129,102,0,102,0
2020-11-08,Riverside,065,2383286,74630,71442,852,72294,1345
2020-11-08,Sacramento,067,1510023,29537,28059,46,28105,515
2020-11-08,San Benito,069,59416,1571,1496,1,1497,15
2020-11-08,San Bernardino,071,2135413,72848,68412,623,69035,1182
2020-11-08,San Diego,073,3302833,64301,60199,2001,62200,908
2020-11-08,San Francisco,075,870044,13510,12985,66,13051,146
2020-11-08,San Joaquin,077,732212,23506,22514,319,22833,505
2020-11-08,San Luis Obispo,079,281455,5207,4698,62,4760,32
2020-11-08,San Mateo,081,765935,12425,11783,11,11794,169
2020-11-08,Santa Barbara,083,443738,10452,10180,144,10324,134
2020-11-08,Santa Clara,085,1922200,28519,26442,54,26496,410
2020-11-08,Santa Cruz,087,273765,3393,3134,37,3171,25
2020-11-08,Shasta,089,179085,3377,2582,44,2626,36
2020-11-08,Sierra,091,2930,10,7,0,7,0
2020-11-08,Siskiyou,093,43540,303,246,13,259,0
2020-11-08,Solano,095,438530,8540,8132,42,8174,85
2020-11-08,Sonoma,097,501317,10761,10229,35,10264,149
2020-11-08,Stanislaus,099,539301,18965,18413,945,19358,418
2020-11-08,Sutter,101,95872,2165,1980,4,1984,12
2020-11-08,Tehama,103,63373,1181,1054,3,1057,7
2020-11-08,Trinity,105,12862,146,46,17,63,0
2020-11-08,Tulare,107,460477,19092,18272,660,18932,304
2020-11-08,Tuolumne,109,53932,475,341,4,345,7
2020-11-08,Ventura,111,848112,16461,15504,458,15962,156
2020-11-08,Yolo,113,214977,3745,3492,9,3501,61
2020-11-08,Yuba,115,75493,1455,1369,7,1376,10
2020-11-07,Alameda,001,1643700,25670,24578,250,24828,424
2020-11-07,Alpine,003,1148,24,6,0,6,0
2020-11-07,Amador,005,37829,398,375,0,375,16
2020-11-07,Butte,007,227075,3456,3277,71,3348,57
2020-11-07,Calaveras,009,45235,366,360,0,360,21
2020-11-07,Colusa,011,21464,597,583,1,584,6
2020-11-07,Contra Costa,013,1133247,20828,19943,104,20047,254
2020-11-07,Del Norte,015,27424,206,194,0,194,2
2020-11-07,El Dorado,017,186661,1656,1495,10,1505,4
2020-11-07,Fresno,019,978130,36013,32497,665,33162,465
2020-11-07,Glenn,021,27897,762,707,8,715,3
2020-11-07,Humboldt,023,135768,640,590,1,591,9
2020-11-07,Imperial,025,180216,13805,13388,25,13413,338
2020-11-07,Inyo,027,18085,261,252,6,258,14
2020-11-07,Kern,029,883053,35817,34513,634,35147,448
2020-11-07,Kings,031,150075,9464,9005,81,9086,84
2020-11-07,Lake,033,64148,788,751,0,751,16
2020-11-07,Lassen,035,31185,860,799,2,801,0
2020-11-07,Los Angeles,037,10098052,327344,316756,3596,320352,7174
2020-11-07,Madera,039,155013,5419,5177,66,5243,54
2020-11-07,Marin,041,260295,7358,7215,22,7237,131
2020-11-07,Mariposa,043,17540,90,81,0,81,2
2020-11-07,Mendocino,045,87422,1203,1118,5,1123,22
2020-11-07,Merced,047,269075,10192,9855,58,9913,157
2020-11-07,Modoc,049,8938,70,51,12,63,0
2020-11-07,Mono,051,14174,458,352,8,360,2
2020-11-07,Monterey,053,433212,12664,12030,109,12139,98
2020-11-07,Napa,055,140530,2444,2260,9,2269,15
2020-11-07,Nevada,057,99092,815,710,22,732,9
2020-11-07,Orange,059,3164182,65173,62038,1998,64036,1505
2020-11-07,Placer,061,380077,5199,4745,32,4777,60
2020-11-07,Plumas,063,18699,127,94,0,94,0
2020-11-07,Riverside,065,2383286,74235,71153,825,71978,1345
2020-11-07,Sacramento,067,1510023,29287,27773,46,27819,515
2020-11-07,San Benito,069,59416,1559,1489,1,1490,15
2020-11-07,San Bernardino,071,2135413,72332,67935,612,68547,1182
2020-11-07,San Diego,073,3302833,63789,59682,1969,61651,909
2020-11-07,San Francisco,075,870044,13449,12980,65,13045,146
2020-11-07,San Joaquin,077,732212,23397,22517,313,22830,505
2020-11-07,San Luis Obispo,079,281455,5158,4668,59,4727,32
2020-11-07,San Mateo,081,765935,12362,11711,11,11722,169
2020-11-07,Santa Barbara,083,443738,10410,10157,142,10299,134
2020-11-07,Santa Clara,085,1922200,28315,26244,53,26297,410
2020-11-07,Santa Cruz,087,273765,3355,3130,37,3167,25
2020-11-07,Shasta,089,179085,3310,2547,42,2589,36
2020-11-07,Sierra,091,2930,10,7,0,7,0
2020-11-07,Siskiyou,093,43540,299,241,13,254,0
2020-11-07,Solano,095,438530,8488,8066,42,8108,85
2020-11-07,Sonoma,097,501317,10715,10200,35,10235,149
2020-11-07,Stanislaus,099,539301,18856,18386,928,19314,418
2020-11-07,Sutter,101,95872,2125,1973,4,1977,12
2020-11-07,Tehama,103,63373,1157,1043,3,1046,7
2020-11-07,Trinity,105,12862,146,42,16,58,0
2020-11-07,Tulare,107,460477,19036,18229,643,18872,304
2020-11-07,Tuolumne,109,53932,464,327,4,331,7
2020-11-07,Ventura,111,848112,16401,15364,453,15817,156
2020-11-07,Yolo,113,214977,3714,3486,9,3495,61
2020-11-07,Yuba,115,75493,1440,1349,7,1356,10
2020-11-06,Alameda,001,1643700,25538,24389,248,24637,420
2020-11-06,Alpine,003,1148,24,6,0,6,0
2020-11-06,Amador,005,37829,396,369,0,369,16
2020-11-06,Butte,007,227075,3431,3254,63,3317,57
2020-11-06,Calaveras,009,45235,365,359,0,359,21
2020-11-06,Colusa,011,21464,595,580,1,581,6
2020-11-06,Contra Costa,013,1133247,20679,19744,104,19848,252
2020-11-06,Del Norte,015,27424,203,194,0,194,2
2020-11-06,El Dorado,017,186661,1630,1475,10,1485,4
2020-11-06,Fresno,019,978130,35825,32278,649,32927,460
2020-11-06,Glenn,021,27897,756,707,7,714,3
2020-11-06,Humboldt,023,135768,637,587,1,588,9
2020-11-06,Imperial,025,180216,13752,13230,25,13255,338
2020-11-06,Inyo,027,18085,259,246,6,252,14
2020-11-06,Kern,029,883053,35653,34360,616,34976,443
2020-11-06,Kings,031,150075,9440,8883,79,8962,83
2020-11-06,Lake,033,64148,787,741,0,741,16
2020-11-06,Lassen,035,31185,852,794,2,796,0
2020-11-06,Los Angeles,037,10098052,325370,314356,3544,317900,7160
2020-11-06,Madera,039,155013,5403,5136,65,5201,54
2020-11-06,Marin,041,260295,7337,7184,22,7206,131
2020-11-06,Mariposa,043,17540,89,79,0,79,2
2020-11-06,Mendocino,045,87422,1198,1113,5,1118,22
2020-11-06,Merced,047,269075,10152,9778,55,9833,157
2020-11-06,Modoc,049,8938,70,48,12,60,0
2020-11-06,Mono,051,14174,452,308,8,316,1
2020-11-06,Monterey,053,433212,12547,11914,108,12022,96
2020-11-06,Napa,055,140530,2419,2189,9,2198,15
2020-11-06,Nevada,057,99092,802,692,21,713,9
2020-11-06,Orange,059,3164182,64870,61049,1987,63036,1494
2020-11-06,Placer,061,380077,5126,4680,32,4712,60
2020-11-06,Plumas,063,18699,122,90,0,90,0
2020-11-06,Riverside,065,2383286,73786,70409,784,71193,1341
2020-11-06,Sacramento,067,1510023,28995,27489,44,27533,514
2020-11-06,San Benito,069,59416,1550,1479,1,1480,15
2020-11-06,San Bernardino,071,2135413,71733,66740,591,67331,1179
2020-11-06,San Diego,073,3302833,63265,59143,1937,61080,907
2020-11-06,San Francisco,075,870044,13379,12825,64,12889,146
2020-11-06,San Joaquin,077,732212,23312,22424,303,22727,502
2020-11-06,San Luis Obispo,079,281455,5093,4531,53,4584,32
2020-11-06,San Mateo,081,765935,12287,11587,11,11598,168
2020-11-06,Santa Barbara,083,443738,10374,10118,137,10255,133
2020-11-06,Santa Clara,085,1922200,28073,25831,53,25884,402
2020-11-06,Santa Cruz,087,273765,3318,3063,37,3100,25
2020-11-06,Shasta,089,179085,3237,2475,41,2516,35
2020-11-06,Sierra,091,2930,9,7,0,7,0
2020-11-06,Siskiyou,093,43540,286,237,12,249,0
2020-11-06,Solano,095,438530,8423,7959,42,8001,85
2020-11-06,Sonoma,097,501317,10665,10142,35,10177,149
2020-11-06,Stanislaus,099,539301,18769,18250,919,19169,417
2020-11-06,Sutter,101,95872,2098,1937,2,1939,12
2020-11-06,Tehama,103,63373,1136,1024,3,1027,6
2020-11-06,Trinity,105,12862,143,41,16,57,0
2020-11-06,Tulare,107,460477,18972,18136,618,18754,300
2020-11-06,Tuolumne,109,53932,443,316,4,320,5
2020-11-06,Ventura,111,848112,16315,15222,450,15672,154
2020-11-06,Yolo,113,214977,3685,3420,9,3429,62
2020-11-06,Yuba,115,75493,1427,1335,7,1342,10
2020-11-05,Alameda,001,1643700,25362,24270,248,24518,420
2020-11-05,Alpine,003,1148,24,6,0,6,0
2020-11-05,Amador,005,37829,393,363,0,363,16
2020-11-05,Butte,007,227075,3408,3239,57,3296,57
2020-11-05,Calaveras,009,45235,358,333,0,333,19
2020-11-05,Colusa,011,21464,591,574,1,575,6
2020-11-05,Contra Costa,013,1133247,20497,19656,102,19758,252
2020-11-05,Del Norte,015,27424,201,192,0,192,2
2020-11-05,El Dorado,017,186661,1606,1466,10,1476,4
2020-11-05,Fresno,019,978130,35582,32056,624,32680,460
2020-11-05,Glenn,021,27897,736,702,7,709,3
2020-11-05,Humboldt,023,135768,627,581,1,582,9
2020-11-05,Imperial,025,180216,13660,13178,24,13202,337
2020-11-05,Inyo,027,18085,259,247,6,253,14
2020-11-05,Kern,029,883053,35452,34232,602,34834,443
2020-11-05,Kings,031,150075,9285,8846,76,8922,83
2020-11-05,Lake,033,64148,783,739,0,739,16
2020-11-05,Lassen,035,31185,821,782,2,784,0
2020-11-05,Los Angeles,037,10098052,323014,312381,3491,315872,7146
2020-11-05,Madera,039,155013,5364,5129,62,5191,54
2020-11-05,Marin,041,260295,7315,7171,22,7193,131
2020-11-05,Mariposa,043,17540,88,79,0,79,2
2020-11-05,Mendocino,045,87422,1186,1112,5,1117,22
2020-11-05,Merced,047,269075,10093,9753,50,9803,155
2020-11-05,Modoc,049,8938,69,47,11,58,0
2020-11-05,Mono,051,14174,450,307,8,315,1
2020-11-05,Monterey,053,433212,12437,11784,104,11888,96
2020-11-05,Napa,055,140530,2392,2158,9,2167,15
2020-11-05,Nevada,057,99092,780,687,20,707,9
2020-11-05,Orange,059,3164182,64423,60740,1977,62717,1484
2020-11-05,Placer,061,380077,5057,4627,27,4654,60
2020-11-05,Plumas,063,18699,114,90,0,90,0
2020-11-05,Riverside,065,2383286,73075,70094,726,70820,1338
2020-11-05,Sacramento,067,1510023,28614,27232,43,27275,512
2020-11-05,San Benito,069,59416,1535,1477,1,1478,15
2020-11-05,San Bernardino,071,2135413,70904,66407,578,66985,1174
2020-11-05,San Diego,073,3302833,62639,58659,1911,60570,904
2020-11-05,San Francisco,075,870044,13267,12726,63,12789,146
2020-11-05,San Joaquin,077,732212,23148,22318,299,22617,502
2020-11-05,San Luis Obispo,079,281455,5026,4459,51,4510,32
2020-11-05,San Mateo,081,765935,12193,11535,11,11546,168
2020-11-05,Santa Barbara,083,443738,10330,10080,134,10214,133
2020-11-05,Santa Clara,085,1922200,27806,25651,53,25704,402
2020-11-05,Santa Cruz,087,273765,3280,3023,37,3060,25
2020-11-05,Shasta,089,179085,3147,2401,40,2441,34
2020-11-05,Sierra,091,2930,9,6,0,6,0
2020-11-05,Siskiyou,093,43540,275,228,12,240,0
2020-11-05,Solano,095,438530,8340,7842,42,7884,85
2020-11-05,Sonoma,097,501317,10553,10064,34,10098,145
2020-11-05,Stanislaus,099,539301,18655,18194,906,19100,417
2020-11-05,Sutter,101,95872,2066,1925,2,1927,12
2020-11-05,Tehama,103,63373,1114,1015,2,1017,6
2020-11-05,Trinity,105,12862,127,41,15,56,0
2020-11-05,Tulare,107,460477,18884,18049,592,18641,301
2020-11-05,Tuolumne,109,53932,414,312,4,316,5
2020-11-05,Ventura,111,848112,16149,15113,439,15552,155
2020-11-05,Yolo,113,214977,3635,3391,9,3400,61
2020-11-05,Yuba,115,75493,1409,1322,7,1329,10
2020-11-04,Alameda,001,1643700,25185,24172,246,24418,418
2020-11-04,Alpine,003,1148,20,5,0,5,0
2020-11-04,Amador,005,37829,390,362,0,362,16
2020-11-04,Butte,007,227075,3382,3218,54,3272,57
2020-11-04,Calaveras,009,45235,355,290,0,290,19
2020-11-04,Colusa,011,21464,589,571,1,572,6
2020-11-04,Contra Costa,013,1133247,20330,19472,99,19571,251
2020-11-04,Del Norte,015,27424,197,188,0,188,2
2020-11-04,El Dorado,017,186661,1591,1448,7,1455,4
2020-11-04,Fresno,019,978130,35350,31952,596,32548,457
2020-11-04,Glenn,021,27897,732,701,6,707,3
2020-11-04,Humboldt,023,135768,618,571,1,572,9
2020-11-04,Imperial,025,180216,13562,13087,24,13111,335
2020-11-04,Inyo,027,18085,258,247,6,253,14
2020-11-04,Kern,029,883053,35297,34027,591,34618,439
2020-11-04,Kings,031,150075,9251,8817,74,8891,83
2020-11-04,Lake,033,64148,776,735,0,735,16
2020-11-04,Lassen,035,31185,816,781,2,783,0
2020-11-04,Los Angeles,037,10098052,320703,310456,3411,313867,7124
2020-11-04,Madera,039,155013,5344,5083,58,5141,54
2020-11-04,Marin,041,260295,7303,7157,22,7179,131
2020-11-04,Mariposa,043,17540,88,79,0,79,2
2020-11-04,Mendocino,045,87422,1168,1089,5,1094,22
2020-11-04,Merced,047,269075,10043,9717,48,9765,153
2020-11-04,Modoc,049,8938,59,47,11,58,0
2020-11-04,Mono,051,14174,447,237,7,244,1
2020-11-04,Monterey,053,433212,12233,11743,98,11841,96
2020-11-04,Napa,055,140530,2338,2133,9,2142,15
2020-11-04,Nevada,057,99092,761,675,20,695,9
2020-11-04,Orange,059,3164182,63989,60463,1954,62417,1483
2020-11-04,Placer,061,380077,4979,4526,24,4550,60
2020-11-04,Plumas,063,18699,112,88,0,88,0
2020-11-04,Riverside,065,2383286,72458,69562,667,70229,1335
2020-11-04,Sacramento,067,1510023,28263,27005,42,27047,510
2020-11-04,San Benito,069,59416,1520,1464,1,1465,15
2020-11-04,San Bernardino,071,2135413,70107,65891,555,66446,1169
2020-11-04,San Diego,073,3302833,61993,58126,1885,60011,904
2020-11-04,San Francisco,075,870044,13183,12649,60,12709,146
2020-11-04,San Joaquin,077,732212,23011,22197,286,22483,500
2020-11-04,San Luis Obispo,079,281455,4959,4389,49,4438,32
2020-11-04,San Mateo,081,765935,12098,11456,11,11467,168
2020-11-04,Santa Barbara,083,443738,10292,10026,133,10159,132
2020-11-04,Santa Clara,085,1922200,27543,25487,53,25540,393
2020-11-04,Santa Cruz,087,273765,3243,2997,37,3034,25
2020-11-04,Shasta,089,179085,3016,2321,35,2356,34
2020-11-04,Sierra,091,2930,9,6,0,6,0
2020-11-04,Siskiyou,093,43540,266,222,12,234,0
2020-11-04,Solano,095,438530,8241,7733,42,7775,85
2020-11-04,Sonoma,097,501317,10459,9965,34,9999,142
2020-11-04,Stanislaus,099,539301,18538,18114,891,19005,416
2020-11-04,Sutter,101,95872,2032,1916,2,1918,12
2020-11-04,Tehama,103,63373,1088,997,2,999,6
2020-11-04,Trinity,105,12862,123,37,15,52,0
2020-11-04,Tulare,107,460477,18775,17952,564,18516,298
2020-11-04,Tuolumne,109,53932,390,310,4,314,5
2020-11-04,Ventura,111,848112,16009,14936,436,15372,155
2020-11-04,Yolo,113,214977,3594,3361,9,3370,62
2020-11-04,Yuba,115,75493,1388,1312,7,1319,10
2020-11-03,Alameda,001,1643700,25001,24055,244,24299,418
2020-11-03,Alpine,003,1148,19,4,0,4,0
2020-11-03,Amador,005,37829,385,361,0,361,16
2020-11-03,Butte,007,227075,3358,3211,49,3260,57
2020-11-03,Calaveras,009,45235,351,287,0,287,19
2020-11-03,Colusa,011,21464,584,572,1,573,6
2020-11-03,Contra Costa,013,1133247,20175,19416,99,19515,250
2020-11-03,Del Norte,015,27424,196,187,0,187,2
2020-11-03,El Dorado,017,186661,1569,1445,6,1451,4
2020-11-03,Fresno,019,978130,35082,31856,573,32429,457
2020-11-03,Glenn,021,27897,726,698,6,704,3
2020-11-03,Humboldt,023,135768,612,570,1,571,8
2020-11-03,Imperial,025,180216,13473,13044,23,13067,335
2020-11-03,Inyo,027,18085,257,244,6,250,14
2020-11-03,Kern,029,883053,35106,33957,580,34537,439
2020-11-03,Kings,031,150075,9088,8783,69,8852,83
2020-11-03,Lake,033,64148,766,732,0,732,16
2020-11-03,Lassen,035,31185,807,782,2,784,0
2020-11-03,Los Angeles,037,10098052,318248,308812,3343,312155,7104
2020-11-03,Madera,039,155013,5307,5058,57,5115,54
2020-11-03,Marin,041,260295,7283,7147,21,7168,131
2020-11-03,Mariposa,043,17540,87,79,0,79,2
2020-11-03,Mendocino,045,87422,1153,1084,5,1089,22
2020-11-03,Merced,047,269075,9990,9713,47,9760,153
2020-11-03,Modoc,049,8938,57,47,9,56,0
2020-11-03,Mono,051,14174,443,210,7,217,1
2020-11-03,Monterey,053,433212,12164,11703,91,11794,94
2020-11-03,Napa,055,140530,2302,2130,9,2139,15
2020-11-03,Nevada,057,99092,741,670,19,689,9
2020-11-03,Orange,059,3164182,63559,60283,1942,62225,1477
2020-11-03,Placer,061,380077,4905,4514,24,4538,60
2020-11-03,Plumas,063,18699,109,86,0,86,0
2020-11-03,Riverside,065,2383286,71839,69300,642,69942,1325
2020-11-03,Sacramento,067,1510023,27883,26841,41,26882,510
2020-11-03,San Benito,069,59416,1510,1463,1,1464,15
2020-11-03,San Bernardino,071,2135413,69295,65320,547,65867,1159
2020-11-03,San Diego,073,3302833,61317,57722,1841,59563,901
2020-11-03,San Francisco,075,870044,13060,12585,60,12645,146
2020-11-03,San Joaquin,077,732212,22876,22109,280,22389,500
2020-11-03,San Luis Obispo,079,281455,4875,4371,47,4418,32
2020-11-03,San Mateo,081,765935,12003,11406,11,11417,162
2020-11-03,Santa Barbara,083,443738,10238,10008,128,10136,132
2020-11-03,Santa Clara,085,1922200,27271,25386,52,25438,393
2020-11-03,Santa Cruz,087,273765,3193,2980,36,3016,25
2020-11-03,Shasta,089,179085,2922,2288,28,2316,33
2020-11-03,Sierra,091,2930,7,6,0,6,0
2020-11-03,Siskiyou,093,43540,262,219,11,230,0
2020-11-03,Solano,095,438530,8158,7691,42,7733,85
2020-11-03,Sonoma,097,501317,10357,9906,34,9940,142
2020-11-03,Stanislaus,099,539301,18417,18080,880,18960,416
2020-11-03,Sutter,101,95872,1999,1914,2,1916,12
2020-11-03,Tehama,103,63373,1067,988,2,990,6
2020-11-03,Trinity,105,12862,116,36,14,50,0
2020-11-03,Tulare,107,460477,18669,17890,539,18429,297
2020-11-03,Tuolumne,109,53932,367,302,4,306,5
2020-11-03,Ventura,111,848112,15882,14816,429,15245,155
2020-11-03,Yolo,113,214977,3543,3343,9,3352,61
2020-11-03,Yuba,115,75493,1375,1295,7,1302,10
2020-11-02,Alameda,001,1643700,24805,23991,241,24232,419
2020-11-02,Alpine,003,1148,16,4,0,4,0
2020-11-02,Amador,005,37829,377,357,0,357,16
2020-11-02,Butte,007,227075,3338,3198,46,3244,57
2020-11-02,Calaveras,009,45235,351,282,0,282,18
2020-11-02,Colusa,011,21464,579,571,1,572,6
2020-11-02,Contra Costa,013,1133247,20022,19339,98,19437,250
2020-11-02,Del Norte,015,27424,193,175,0,175,2
2020-11-02,El Dorado,017,186661,1545,1405,6,1411,4
2020-11-02,Fresno,019,978130,34813,31738,556,32294,451
2020-11-02,Glenn,021,27897,720,692,5,697,3
2020-11-02,Humboldt,023,135768,603,569,1,570,8
2020-11-02,Imperial,025,180216,13393,13004,22,13026,334
2020-11-02,Inyo,027,18085,254,243,6,249,14
2020-11-02,Kern,029,883053,34948,33834,570,34404,437
2020-11-02,Kings,031,150075,9058,8654,66,8720,82
2020-11-02,Lake,033,64148,760,728,0,728,17
2020-11-02,Lassen,035,31185,799,782,2,784,0
2020-11-02,Los Angeles,037,10098052,315904,307620,3266,310886,7079
2020-11-02,Madera,039,155013,5276,5033,56,5089,54
2020-11-02,Marin,041,260295,7265,7132,20,7152,125
2020-11-02,Mariposa,043,17540,87,79,0,79,2
2020-11-02,Mendocino,045,87422,1139,1076,5,1081,21
2020-11-02,Merced,047,269075,9928,9664,41,9705,152
2020-11-02,Modoc,049,8938,54,45,5,50,0
2020-11-02,Mono,051,14174,441,211,7,218,1
2020-11-02,Monterey,053,433212,12057,11602,88,11690,93
2020-11-02,Napa,055,140530,2260,2081,9,2090,15
2020-11-02,Nevada,057,99092,725,656,19,675,9
2020-11-02,Orange,059,3164182,63154,59996,1926,61922,1474
2020-11-02,Placer,061,380077,4837,4461,22,4483,60
2020-11-02,Plumas,063,18699,101,86,0,86,0
2020-11-02,Riverside,065,2383286,71208,68833,601,69434,1321
2020-11-02,Sacramento,067,1510023,27541,26676,39,26715,508
2020-11-02,San Benito,069,59416,1498,1459,1,1460,15
2020-11-02,San Bernardino,071,2135413,68440,64629,536,65165,1157
2020-11-02,San Diego,073,3302833,60594,57429,1796,59225,891
2020-11-02,San Francisco,075,870044,12963,12436,59,12495,145
2020-11-02,San Joaquin,077,732212,22736,21919,272,22191,500
2020-11-02,San Luis Obispo,079,281455,4775,4303,44,4347,31
2020-11-02,San Mateo,081,765935,11894,11328,11,11339,161
2020-11-02,Santa Barbara,083,443738,10197,9985,123,10108,130
2020-11-02,Santa Clara,085,1922200,26981,25222,52,25274,387
2020-11-02,Santa Cruz,087,273765,3151,2943,36,2979,25
2020-11-02,Shasta,089,179085,2819,2174,24,2198,33
2020-11-02,Sierra,091,2930,7,6,0,6,0
2020-11-02,Siskiyou,093,43540,252,216,11,227,0
2020-11-02,Solano,095,438530,8040,7665,42,7707,84
2020-11-02,Sonoma,097,501317,10275,9796,33,9829,140
2020-11-02,Stanislaus,099,539301,18321,18005,871,18876,412
2020-11-02,Sutter,101,95872,1975,1895,2,1897,12
2020-11-02,Tehama,103,63373,1044,971,2,973,6
2020-11-02,Trinity,105,12862,110,30,14,44,0
2020-11-02,Tulare,107,460477,18576,17774,518,18292,299
2020-11-02,Tuolumne,109,53932,346,302,4,306,5
2020-11-02,Ventura,111,848112,15741,14767,415,15182,156
2020-11-02,Yolo,113,214977,3494,3318,9,3327,61
2020-11-02,Yuba,115,75493,1362,1280,7,1287,10
2020-11-01,Alameda,001,1643700,24642,23892,239,24131,419
2020-11-01,Alpine,003,1148,10,4,0,4,0
2020-11-01,Amador,005,37829,374,352,0,352,16
2020-11-01,Butte,007,227075,3314,3185,45,3230,57
2020-11-01,Calaveras,009,45235,350,282,0,282,18
2020-11-01,Colusa,011,21464,577,567,1,568,6
2020-11-01,Contra Costa,013,1133247,19848,19246,97,19343,250
2020-11-01,Del Norte,015,27424,189,175,0,175,2
2020-11-01,El Dorado,017,186661,1529,1394,6,1400,4
2020-11-01,Fresno,019,978130,34556,31613,536,32149,451
2020-11-01,Glenn,021,27897,711,688,3,691,3
2020-11-01,Humboldt,023,135768,595,568,1,569,8
2020-11-01,Imperial,025,180216,13302,12969,20,12989,334
2020-11-01,Inyo,027,18085,252,241,6,247,14
2020-11-01,Kern,029,883053,34767,33760,476,34236,437
2020-11-01,Kings,031,150075,9020,8641,65,8706,82
2020-11-01,Lake,033,64148,754,727,0,727,17
2020-11-01,Lassen,035,31185,799,782,2,784,0
2020-11-01,Los Angeles,037,10098052,313338,306217,3174,309391,7077
2020-11-01,Madera,039,155013,5228,5019,54,5073,54
2020-11-01,Marin,041,260295,7248,7124,20,7144,125
2020-11-01,Mariposa,043,17540,83,79,0,79,2
2020-11-01,Mendocino,045,87422,1126,1074,5,1079,21
2020-11-01,Merced,047,269075,9867,9626,41,9667,152
2020-11-01,Modoc,049,8938,53,45,5,50,0
2020-11-01,Mono,051,14174,412,211,6,217,1
2020-11-01,Monterey,053,433212,11950,11587,85,11672,93
2020-11-01,Napa,055,140530,2226,2067,9,2076,15
2020-11-01,Nevada,057,99092,709,646,18,664,9
2020-11-01,Orange,059,3164182,62752,59733,1899,61632,1475
2020-11-01,Placer,061,380077,4771,4422,21,4443,58
2020-11-01,Plumas,063,18699,96,86,0,86,0
2020-11-01,Riverside,065,2383286,70578,68493,565,69058,1319
2020-11-01,Sacramento,067,1510023,27220,26442,39,26481,508
2020-11-01,San Benito,069,59416,1483,1451,1,1452,15
2020-11-01,San Bernardino,071,2135413,67596,64339,515,64854,1157
2020-11-01,San Diego,073,3302833,59906,57122,1756,58878,891
2020-11-01,San Francisco,075,870044,12840,12436,54,12490,145
2020-11-01,San Joaquin,077,732212,22608,21919,266,22185,500
2020-11-01,San Luis Obispo,079,281455,4695,4303,43,4346,31
2020-11-01,San Mateo,081,765935,11813,11280,11,11291,160
2020-11-01,Santa Barbara,083,443738,10146,9969,107,10076,130
2020-11-01,Santa Clara,085,1922200,26701,25090,52,25142,386
2020-11-01,Santa Cruz,087,273765,3098,2921,36,2957,25
2020-11-01,Shasta,089,179085,2684,2172,23,2195,33
2020-11-01,Sierra,091,2930,7,6,0,6,0
2020-11-01,Siskiyou,093,43540,247,205,11,216,0
2020-11-01,Solano,095,438530,7950,7591,42,7633,84
2020-11-01,Sonoma,097,501317,10183,9688,33,9721,140
2020-11-01,Stanislaus,099,539301,18220,17961,851,18812,412
2020-11-01,Sutter,101,95872,1949,1888,1,1889,12
2020-11-01,Tehama,103,63373,1027,965,2,967,5
2020-11-01,Trinity,105,12862,108,30,13,43,0
2020-11-01,Tulare,107,460477,18464,17774,487,18261,299
2020-11-01,Tuolumne,109,53932,324,295,4,299,5
2020-11-01,Ventura,111,848112,15592,14686,384,15070,156
2020-11-01,Yolo,113,214977,3446,3303,9,3312,60
2020-11-01,Yuba,115,75493,1345,1273,7,1280,10
2020-10-31,Alameda,001,1643700,24526,23780,235,24015,416
2020-10-31,Alpine,003,1148,10,4,0,4,0
2020-10-31,Amador,005,37829,370,347,0,347,16
2020-10-31,Butte,007,227075,3301,3172,43,3215,57
2020-10-31,Calaveras,009,45235,350,280,0,280,18
2020-10-31,Colusa,011,21464,575,555,1,556,6
2020-10-31,Contra Costa,013,1133247,19743,19161,97,19258,249
2020-10-31,Del Norte,015,27424,188,175,0,175,2
2020-10-31,El Dorado,017,186661,1520,1390,6,1396,4
2020-10-31,Fresno,019,978130,34419,31558,533,32091,451
2020-10-31,Glenn,021,27897,709,678,3,681,3
2020-10-31,Humboldt,023,135768,592,561,1,562,8
2020-10-31,Imperial,025,180216,13260,12912,20,12932,334
2020-10-31,Inyo,027,18085,251,241,6,247,14
2020-10-31,Kern,029,883053,34664,33666,466,34132,437
2020-10-31,Kings,031,150075,8999,8612,64,8676,82
2020-10-31,Lake,033,64148,750,724,0,724,16
2020-10-31,Lassen,035,31185,794,782,2,784,0
2020-10-31,Los Angeles,037,10098052,311964,304704,3131,307835,7073
2020-10-31,Madera,039,155013,5210,5013,51,5064,54
2020-10-31,Marin,041,260295,7232,7112,20,7132,125
2020-10-31,Mariposa,043,17540,83,79,0,79,2
2020-10-31,Mendocino,045,87422,1118,1066,5,1071,21
2020-10-31,Merced,047,269075,9834,9597,40,9637,151
2020-10-31,Modoc,049,8938,52,34,4,38,0
2020-10-31,Mono,051,14174,263,194,5,199,1
2020-10-31,Monterey,053,433212,11882,11539,81,11620,93
2020-10-31,Napa,055,140530,2207,2040,9,2049,15
2020-10-31,Nevada,057,99092,691,644,18,662,9
2020-10-31,Orange,059,3164182,62494,59488,1881,61369,1473
2020-10-31,Placer,061,380077,4721,4374,20,4394,58
2020-10-31,Plumas,063,18699,95,85,0,85,0
2020-10-31,Riverside,065,2383286,70221,68178,542,68720,1319
2020-10-31,Sacramento,067,1510023,27021,26316,37,26353,507
2020-10-31,San Benito,069,59416,1476,1448,1,1449,15
2020-10-31,San Bernardino,071,2135413,67171,64016,505,64521,1157
2020-10-31,San Diego,073,3302833,59453,56769,1728,58497,891
2020-10-31,San Francisco,075,870044,12766,12438,53,12491,145
2020-10-31,San Joaquin,077,732212,22533,21918,257,22175,500
2020-10-31,San Luis Obispo,079,281455,4626,4285,40,4325,31
2020-10-31,San Mateo,081,765935,11761,11253,11,11264,160
2020-10-31,Santa Barbara,083,443738,10117,9957,99,10056,130
2020-10-31,Santa Clara,085,1922200,26532,24957,52,25009,379
2020-10-31,Santa Cruz,087,273765,3063,2895,35,2930,25
2020-10-31,Shasta,089,179085,2630,2122,22,2144,33
2020-10-31,Sierra,091,2930,7,6,0,6,0
2020-10-31,Siskiyou,093,43540,245,200,11,211,0
2020-10-31,Solano,095,438530,7886,7545,42,7587,84
2020-10-31,Sonoma,097,501317,10130,9648,33,9681,140
2020-10-31,Stanislaus,099,539301,18157,17920,835,18755,412
2020-10-31,Sutter,101,95872,1940,1876,1,1877,12
2020-10-31,Tehama,103,63373,1017,953,2,955,5
2020-10-31,Trinity,105,12862,105,30,13,43,0
2020-10-31,Tulare,107,460477,18415,17758,479,18237,299
2020-10-31,Tuolumne,109,53932,317,290,4,294,5
2020-10-31,Ventura,111,848112,15508,14635,366,15001,155
2020-10-31,Yolo,113,214977,3411,3290,9,3299,60
2020-10-31,Yuba,115,75493,1329,1260,6,1266,10
2020-10-30,Alameda,001,1643700,24447,23676,233,23909,401
2020-10-30,Alpine,003,1148,10,4,0,4,0
2020-10-30,Amador,005,37829,370,344,0,344,16
2020-10-30,Butte,007,227075,3296,3160,43,3203,57
2020-10-30,Calaveras,009,45235,349,279,0,279,18
2020-10-30,Colusa,011,21464,573,554,1,555,6
2020-10-30,Contra Costa,013,1133247,19671,19074,97,19171,249
2020-10-30,Del Norte,015,27424,187,175,0,175,2
2020-10-30,El Dorado,017,186661,1507,1386,6,1392,4
2020-10-30,Fresno,019,978130,34297,31409,524,31933,446
2020-10-30,Glenn,021,27897,703,674,2,676,3
2020-10-30,Humboldt,023,135768,591,561,1,562,7
2020-10-30,Imperial,025,180216,13219,12853,20,12873,334
2020-10-30,Inyo,027,18085,250,241,6,247,14
2020-10-30,Kern,029,883053,34571,33583,465,34048,437
2020-10-30,Kings,031,150075,8989,8564,62,8626,82
2020-10-30,Lake,033,64148,750,720,0,720,16
2020-10-30,Lassen,035,31185,788,777,2,779,0
2020-10-30,Los Angeles,037,10098052,310527,303425,3097,306522,7060
2020-10-30,Madera,039,155013,5198,4991,49,5040,54
2020-10-30,Marin,041,260295,7212,7097,20,7117,125
2020-10-30,Mariposa,043,17540,83,78,0,78,2
2020-10-30,Mendocino,045,87422,1116,1062,5,1067,21
2020-10-30,Merced,047,269075,9802,9539,40,9579,150
2020-10-30,Modoc,049,8938,51,34,3,37,0
2020-10-30,Mono,051,14174,262,193,5,198,1
2020-10-30,Monterey,053,433212,11819,11491,76,11567,92
2020-10-30,Napa,055,140530,2189,2028,9,2037,15
2020-10-30,Nevada,057,99092,685,634,18,652,9
2020-10-30,Orange,059,3164182,62253,59334,1869,61203,1469
2020-10-30,Placer,061,380077,4674,4335,20,4355,58
2020-10-30,Plumas,063,18699,92,80,0,80,0
2020-10-30,Riverside,065,2383286,69881,67752,522,68274,1317
2020-10-30,Sacramento,067,1510023,26873,26147,37,26184,505
2020-10-30,San Benito,069,59416,1470,1440,1,1441,15
2020-10-30,San Bernardino,071,2135413,66755,63512,502,64014,1156
2020-10-30,San Diego,073,3302833,59048,56387,1706,58093,888
2020-10-30,San Francisco,075,870044,12711,12384,53,12437,145
2020-10-30,San Joaquin,077,732212,22466,21849,251,22100,500
2020-10-30,San Luis Obispo,079,281455,4583,4256,40,4296,31
2020-10-30,San Mateo,081,765935,11702,11207,11,11218,159
2020-10-30,Santa Barbara,083,443738,10094,9937,99,10036,128
2020-10-30,Santa Clara,085,1922200,26383,24811,52,24863,378
2020-10-30,Santa Cruz,087,273765,3045,2874,35,2909,25
2020-10-30,Shasta,089,179085,2586,2048,21,2069,32
2020-10-30,Sierra,091,2930,7,6,0,6,0
2020-10-30,Siskiyou,093,43540,245,192,11,203,0
2020-10-30,Solano,095,438530,7825,7497,42,7539,84
2020-10-30,Sonoma,097,501317,10055,9602,33,9635,140
2020-10-30,Stanislaus,099,539301,18109,17861,819,18680,410
2020-10-30,Sutter,101,95872,1927,1860,1,1861,12
2020-10-30,Tehama,103,63373,1013,932,2,934,5
2020-10-30,Trinity,105,12862,105,29,13,42,0
2020-10-30,Tulare,107,460477,18370,17682,464,18146,299
2020-10-30,Tuolumne,109,53932,310,286,4,290,4
2020-10-30,Ventura,111,848112,15435,14578,354,14932,154
2020-10-30,Yolo,113,214977,3394,3263,9,3272,60
2020-10-30,Yuba,115,75493,1321,1256,6,1262,10
2020-10-29,Alameda,001,1643700,24283,23530,232,23762,401
2020-10-29,Alpine,003,1148,7,4,0,4,0
2020-10-29,Amador,005,37829,366,338,0,338,16
2020-10-29,Butte,007,227075,3278,3143,42,3185,57
2020-10-29,Calaveras,009,45235,347,278,0,278,13
2020-10-29,Colusa,011,21464,569,552,1,553,6
2020-10-29,Contra Costa,013,1133247,19572,18933,96,19029,249
2020-10-29,Del Norte,015,27424,185,174,0,174,2
2020-10-29,El Dorado,017,186661,1485,1370,6,1376,4
2020-10-29,Fresno,019,978130,34140,31321,517,31838,445
2020-10-29,Glenn,021,27897,701,673,2,675,3
2020-10-29,Humboldt,023,135768,586,559,1,560,7
2020-10-29,Imperial,025,180216,13175,12769,20,12789,334
2020-10-29,Inyo,027,18085,248,238,6,244,14
2020-10-29,Kern,029,883053,34470,33460,461,33921,437
2020-10-29,Kings,031,150075,8835,8502,61,8563,82
2020-10-29,Lake,033,64148,747,702,0,702,16
2020-10-29,Lassen,035,31185,787,772,2,774,0
2020-10-29,Los Angeles,037,10098052,308897,302246,3051,305297,7046
2020-10-29,Madera,039,155013,5168,4970,47,5017,53
2020-10-29,Marin,041,260295,7198,7083,20,7103,125
2020-10-29,Mariposa,043,17540,81,78,0,78,2
2020-10-29,Mendocino,045,87422,1110,1058,5,1063,21
2020-10-29,Merced,047,269075,9750,9496,40,9536,150
2020-10-29,Modoc,049,8938,49,31,3,34,0
2020-10-29,Mono,051,14174,255,176,5,181,1
2020-10-29,Monterey,053,433212,11738,11425,74,11499,92
2020-10-29,Napa,055,140530,2165,2009,9,2018,15
2020-10-29,Nevada,057,99092,678,632,18,650,9
2020-10-29,Orange,059,3164182,61985,59046,1849,60895,1464
2020-10-29,Placer,061,380077,4629,4270,18,4288,58
2020-10-29,Plumas,063,18699,90,69,0,69,0
2020-10-29,Riverside,065,2383286,69504,67268,492,67760,1304
2020-10-29,Sacramento,067,1510023,26660,25978,36,26014,507
2020-10-29,San Benito,069,59416,1465,1431,1,1432,15
2020-10-29,San Bernardino,071,2135413,66188,62968,492,63460,1150
2020-10-29,San Diego,073,3302833,58582,55916,1677,57593,885
2020-10-29,San Francisco,075,870044,12632,12312,53,12365,145
2020-10-29,San Joaquin,077,732212,22382,21736,239,21975,498
2020-10-29,San Luis Obispo,079,281455,4552,4223,39,4262,31
2020-10-29,San Mateo,081,765935,11656,11145,11,11156,157
2020-10-29,Santa Barbara,083,443738,10061,9902,97,9999,128
2020-10-29,Santa Clara,085,1922200,26232,24614,52,24666,377
2020-10-29,Santa Cruz,087,273765,3020,2850,35,2885,24
2020-10-29,Shasta,089,179085,2523,2008,21,2029,32
2020-10-29,Sierra,091,2930,6,6,0,6,0
2020-10-29,Siskiyou,093,43540,229,185,11,196,0
2020-10-29,Solano,095,438530,7763,7453,42,7495,78
2020-10-29,Sonoma,097,501317,9990,9533,33,9566,140
2020-10-29,Stanislaus,099,539301,18056,17790,798,18588,410
2020-10-29,Sutter,101,95872,1920,1852,1,1853,12
2020-10-29,Tehama,103,63373,995,925,2,927,5
2020-10-29,Trinity,105,12862,100,28,12,40,0
2020-10-29,Tulare,107,460477,18292,17627,445,18072,299
2020-10-29,Tuolumne,109,53932,305,279,4,283,4
2020-10-29,Ventura,111,848112,15344,14486,350,14836,154
2020-10-29,Yolo,113,214977,3365,3246,9,3255,60
2020-10-29,Yuba,115,75493,1310,1248,6,1254,10
2020-10-28,Alameda,001,1643700,24183,23468,231,23699,400
2020-10-28,Alpine,003,1148,6,4,0,4,0
2020-10-28,Amador,005,37829,363,337,0,337,16
2020-10-28,Butte,007,227075,3262,3134,39,3173,56
2020-10-28,Calaveras,009,45235,346,278,0,278,13
2020-10-28,Colusa,011,21464,566,551,1,552,6
2020-10-28,Contra Costa,013,1133247,19485,18828,95,18923,246
2020-10-28,Del Norte,015,27424,182,173,0,173,2
2020-10-28,El Dorado,017,186661,1473,1363,6,1369,4
2020-10-28,Fresno,019,978130,34018,31195,511,31706,444
2020-10-28,Glenn,021,27897,697,673,2,675,3
2020-10-28,Humboldt,023,135768,582,559,1,560,7
2020-10-28,Imperial,025,180216,13126,12730,20,12750,333
2020-10-28,Inyo,027,18085,248,238,6,244,14
2020-10-28,Kern,029,883053,34368,33424,442,33866,436
2020-10-28,Kings,031,150075,8813,8486,60,8546,82
2020-10-28,Lake,033,64148,744,700,0,700,15
2020-10-28,Lassen,035,31185,783,771,2,773,0
2020-10-28,Los Angeles,037,10098052,307438,300726,3009,303735,7031
2020-10-28,Madera,039,155013,5151,4954,46,5000,53
2020-10-28,Marin,041,260295,7187,7079,20,7099,126
2020-10-28,Mariposa,043,17540,81,78,0,78,2
2020-10-28,Mendocino,045,87422,1109,1037,5,1042,20
2020-10-28,Merced,047,269075,9724,9480,39,9519,150
2020-10-28,Modoc,049,8938,48,31,2,33,0
2020-10-28,Mono,051,14174,237,176,5,181,1
2020-10-28,Monterey,053,433212,11680,11330,72,11402,89
2020-10-28,Napa,055,140530,2139,1998,8,2006,15
2020-10-28,Nevada,057,99092,670,629,18,647,9
2020-10-28,Orange,059,3164182,61721,58801,1833,60634,1459
2020-10-28,Placer,061,380077,4573,4236,18,4254,57
2020-10-28,Plumas,063,18699,89,67,0,67,0
2020-10-28,Riverside,065,2383286,69106,67003,468,67471,1302
2020-10-28,Sacramento,067,1510023,26464,25838,35,25873,506
2020-10-28,San Benito,069,59416,1457,1429,1,1430,15
2020-10-28,San Bernardino,071,2135413,65729,62778,483,63261,1154
2020-10-28,San Diego,073,3302833,58199,55556,1648,57204,881
2020-10-28,San Francisco,075,870044,12574,12261,52,12313,145
2020-10-28,San Joaquin,077,732212,22298,21707,228,21935,498
2020-10-28,San Luis Obispo,079,281455,4508,4197,36,4233,31
2020-10-28,San Mateo,081,765935,11589,11101,11,11112,157
2020-10-28,Santa Barbara,083,443738,10037,9872,95,9967,127
2020-10-28,Santa Clara,085,1922200,26088,24503,52,24555,375
2020-10-28,Santa Cruz,087,273765,2989,2836,35,2871,24
2020-10-28,Shasta,089,179085,2443,1996,20,2016,31
2020-10-28,Sierra,091,2930,6,6,0,6,0
2020-10-28,Siskiyou,093,43540,226,182,10,192,0
2020-10-28,Solano,095,438530,7704,7362,42,7404,77
2020-10-28,Sonoma,097,501317,9900,9457,28,9485,140
2020-10-28,Stanislaus,099,539301,17991,17765,788,18553,409
2020-10-28,Sutter,101,95872,1911,1840,1,1841,12
2020-10-28,Tehama,103,63373,984,921,2,923,5
2020-10-28,Trinity,105,12862,93,28,11,39,0
2020-10-28,Tulare,107,460477,18235,17569,429,17998,297
2020-10-28,Tuolumne,109,53932,302,277,4,281,4
2020-10-28,Ventura,111,848112,15271,14409,341,14750,153
2020-10-28,Yolo,113,214977,3341,3230,9,3239,60
2020-10-28,Yuba,115,75493,1298,1245,6,1251,10
2020-10-27,Alameda,001,1643700,24069,23365,229,23594,400
2020-10-27,Alpine,003,1148,6,3,0,3,0
2020-10-27,Amador,005,37829,360,335,0,335,16
2020-10-27,Butte,007,227075,3247,3107,36,3143,56
2020-10-27,Calaveras,009,45235,344,277,0,277,13
2020-10-27,Colusa,011,21464,561,549,1,550,6
2020-10-27,Contra Costa,013,1133247,19379,18766,95,18861,246
2020-10-27,Del Norte,015,27424,179,173,0,173,2
2020-10-27,El Dorado,017,186661,1460,1351,6,1357,4
2020-10-27,Fresno,019,978130,33899,31096,506,31602,442
2020-10-27,Glenn,021,27897,695,667,1,668,3
2020-10-27,Humboldt,023,135768,579,559,1,560,7
2020-10-27,Imperial,025,180216,13077,12680,19,12699,333
2020-10-27,Inyo,027,18085,248,231,6,237,14
2020-10-27,Kern,029,883053,34251,33328,438,33766,436
2020-10-27,Kings,031,150075,8782,8411,60,8471,83
2020-10-27,Lake,033,64148,741,700,0,700,15
2020-10-27,Lassen,035,31185,781,764,2,766,0
2020-10-27,Los Angeles,037,10098052,306054,299438,2980,302418,7008
2020-10-27,Madera,039,155013,5121,4942,45,4987,53
2020-10-27,Marin,041,260295,7171,7070,20,7090,126
2020-10-27,Mariposa,043,17540,80,78,0,78,2
2020-10-27,Mendocino,045,87422,1103,1033,4,1037,20
2020-10-27,Merced,047,269075,9683,9449,39,9488,150
2020-10-27,Modoc,049,8938,46,31,2,33,0
2020-10-27,Mono,051,14174,223,169,5,174,1
2020-10-27,Monterey,053,433212,11624,11261,70,11331,88
2020-10-27,Napa,055,140530,2123,1979,8,1987,15
2020-10-27,Nevada,057,99092,664,622,18,640,8
2020-10-27,Orange,059,3164182,61449,58550,1817,60367,1448
2020-10-27,Placer,061,380077,4524,4197,16,4213,57
2020-10-27,Plumas,063,18699,86,63,0,63,0
2020-10-27,Riverside,065,2383286,68753,66699,423,67122,1299
2020-10-27,Sacramento,067,1510023,26277,25701,33,25734,501
2020-10-27,San Benito,069,59416,1452,1428,1,1429,15
2020-10-27,San Bernardino,071,2135413,65268,62357,470,62827,1154
2020-10-27,San Diego,073,3302833,57726,55226,1625,56851,877
2020-10-27,San Francisco,075,870044,12499,12218,51,12269,140
2020-10-27,San Joaquin,077,732212,22207,21637,219,21856,496
2020-10-27,San Luis Obispo,079,281455,4481,4148,32,4180,31
2020-10-27,San Mateo,081,765935,11541,11074,11,11085,156
2020-10-27,Santa Barbara,083,443738,10007,9874,94,9968,125
2020-10-27,Santa Clara,085,1922200,25946,24368,52,24420,367
2020-10-27,Santa Cruz,087,273765,2959,2815,34,2849,24
2020-10-27,Shasta,089,179085,2357,1962,20,1982,29
2020-10-27,Sierra,091,2930,6,6,0,6,0
2020-10-27,Siskiyou,093,43540,217,181,10,191,0
2020-10-27,Solano,095,438530,7635,7298,42,7340,77
2020-10-27,Sonoma,097,501317,9833,9389,28,9417,140
2020-10-27,Stanislaus,099,539301,17923,17720,781,18501,408
2020-10-27,Sutter,101,95872,1898,1832,1,1833,12
2020-10-27,Tehama,103,63373,970,913,2,915,5
2020-10-27,Trinity,105,12862,90,28,11,39,0
2020-10-27,Tulare,107,460477,18172,17520,406,17926,296
2020-10-27,Tuolumne,109,53932,298,275,4,279,4
2020-10-27,Ventura,111,848112,15188,14347,334,14681,153
2020-10-27,Yolo,113,214977,3327,3216,9,3225,58
2020-10-27,Yuba,115,75493,1285,1235,6,1241,10
2020-10-26,Alameda,001,1643700,23956,23284,228,23512,398
2020-10-26,Alpine,003,1148,4,3,0,3,0
2020-10-26,Amador,005,37829,356,331,0,331,16
2020-10-26,Butte,007,227075,3236,3095,34,3129,56
2020-10-26,Calaveras,009,45235,340,274,0,274,13
2020-10-26,Colusa,011,21464,559,548,1,549,6
2020-10-26,Contra Costa,013,1133247,19283,18718,94,18812,245
2020-10-26,Del Norte,015,27424,179,171,0,171,2
2020-10-26,El Dorado,017,186661,1446,1336,6,1342,4
2020-10-26,Fresno,019,978130,33786,30969,499,31468,441
2020-10-26,Glenn,021,27897,688,660,1,661,3
2020-10-26,Humboldt,023,135768,571,554,1,555,7
2020-10-26,Imperial,025,180216,13023,12654,16,12670,333
2020-10-26,Inyo,027,18085,248,226,6,232,14
2020-10-26,Kern,029,883053,34167,33233,433,33666,432
2020-10-26,Kings,031,150075,8760,8264,58,8322,82
2020-10-26,Lake,033,64148,739,697,0,697,15
2020-10-26,Lassen,035,31185,778,764,2,766,0
2020-10-26,Los Angeles,037,10098052,304625,297961,2938,300899,6979
2020-10-26,Madera,039,155013,5100,4922,44,4966,53
2020-10-26,Marin,041,260295,7165,7064,19,7083,104
2020-10-26,Mariposa,043,17540,80,77,0,77,2
2020-10-26,Mendocino,045,87422,1095,1026,4,1030,20
2020-10-26,Merced,047,269075,9636,9375,38,9413,150
2020-10-26,Modoc,049,8938,44,28,0,28,0
2020-10-26,Mono,051,14174,217,167,5,172,1
2020-10-26,Monterey,053,433212,11573,11207,66,11273,87
2020-10-26,Napa,055,140530,2091,1966,8,1974,14
2020-10-26,Nevada,057,99092,657,618,18,636,8
2020-10-26,Orange,059,3164182,61246,58377,1798,60175,1442
2020-10-26,Placer,061,380077,4482,4161,15,4176,57
2020-10-26,Plumas,063,18699,84,63,0,63,0
2020-10-26,Riverside,065,2383286,68301,66475,397,66872,1294
2020-10-26,Sacramento,067,1510023,26096,25555,31,25586,496
2020-10-26,San Benito,069,59416,1444,1424,1,1425,15
2020-10-26,San Bernardino,071,2135413,64797,61871,467,62338,1153
2020-10-26,San Diego,073,3302833,57333,54957,1587,56544,870
2020-10-26,San Francisco,075,870044,12439,12072,51,12123,138
2020-10-26,San Joaquin,077,732212,22124,21459,213,21672,495
2020-10-26,San Luis Obispo,079,281455,4455,4133,32,4165,31
2020-10-26,San Mateo,081,765935,11497,11037,11,11048,156
2020-10-26,Santa Barbara,083,443738,9984,9827,94,9921,122
2020-10-26,Santa Clara,085,1922200,25756,24258,51,24309,365
2020-10-26,Santa Cruz,087,273765,2933,2808,34,2842,24
2020-10-26,Shasta,089,179085,2303,1889,20,1909,29
2020-10-26,Sierra,091,2930,6,6,0,6,0
2020-10-26,Siskiyou,093,43540,209,179,10,189,0
2020-10-26,Solano,095,438530,7555,7271,42,7313,62
2020-10-26,Sonoma,097,501317,9754,9315,28,9343,140
2020-10-26,Stanislaus,099,539301,17873,17666,771,18437,400
2020-10-26,Sutter,101,95872,1890,1817,1,1818,12
2020-10-26,Tehama,103,63373,950,892,2,894,5
2020-10-26,Trinity,105,12862,89,26,11,37,0
2020-10-26,Tulare,107,460477,18095,17432,383,17815,296
2020-10-26,Tuolumne,109,53932,289,271,4,275,4
2020-10-26,Ventura,111,848112,15118,14330,331,14661,154
2020-10-26,Yolo,113,214977,3308,3206,9,3215,58
2020-10-26,Yuba,115,75493,1269,1226,6,1232,10
2020-10-25,Alameda,001,1643700,23850,23192,228,23420,398
2020-10-25,Alpine,003,1148,3,3,0,3,0
2020-10-25,Amador,005,37829,345,330,0,330,16
2020-10-25,Butte,007,227075,3217,3087,34,3121,56
2020-10-25,Calaveras,009,45235,339,274,0,274,13
2020-10-25,Colusa,011,21464,555,548,1,549,6
2020-10-25,Contra Costa,013,1133247,19181,18640,94,18734,245
2020-10-25,Del Norte,015,27424,175,171,0,171,2
2020-10-25,El Dorado,017,186661,1431,1328,6,1334,4
2020-10-25,Fresno,019,978130,33652,30858,486,31344,441
2020-10-25,Glenn,021,27897,685,652,1,653,3
2020-10-25,Humboldt,023,135768,568,554,1,555,7
2020-10-25,Imperial,025,180216,12974,12572,16,12588,333
2020-10-25,Inyo,027,18085,245,226,6,232,14
2020-10-25,Kern,029,883053,34060,33185,429,33614,432
2020-10-25,Kings,031,150075,8727,8246,56,8302,82
2020-10-25,Lake,033,64148,722,695,0,695,15
2020-10-25,Lassen,035,31185,776,764,2,766,0
2020-10-25,Los Angeles,037,10098052,303063,297110,2901,300011,6973
2020-10-25,Madera,039,155013,5070,4909,39,4948,53
2020-10-25,Marin,041,260295,7155,7052,19,7071,102
2020-10-25,Mariposa,043,17540,80,77,0,77,2
2020-10-25,Mendocino,045,87422,1088,1024,4,1028,20
2020-10-25,Merced,047,269075,9571,9352,36,9388,150
2020-10-25,Modoc,049,8938,39,28,0,28,0
2020-10-25,Mono,051,14174,209,167,5,172,1
2020-10-25,Monterey,053,433212,11490,11182,61,11243,87
2020-10-25,Napa,055,140530,2061,1962,8,1970,14
2020-10-25,Nevada,057,99092,649,616,18,634,8
2020-10-25,Orange,059,3164182,60958,58185,1789,59974,1443
2020-10-25,Placer,061,380077,4430,4140,15,4155,57
2020-10-25,Plumas,063,18699,84,63,0,63,0
2020-10-25,Riverside,065,2383286,67850,66192,381,66573,1289
2020-10-25,Sacramento,067,1510023,25880,25445,28,25473,496
2020-10-25,San Benito,069,59416,1437,1423,1,1424,15
2020-10-25,San Bernardino,071,2135413,64256,61551,455,62006,1153
2020-10-25,San Diego,073,3302833,56870,54599,1555,56154,870
2020-10-25,San Francisco,075,870044,12366,12072,51,12123,137
2020-10-25,San Joaquin,077,732212,22016,21459,205,21664,495
2020-10-25,San Luis Obispo,079,281455,4413,4126,30,4156,31
2020-10-25,San Mateo,081,765935,11452,10987,11,10998,156
2020-10-25,Santa Barbara,083,443738,9964,9814,94,9908,122
2020-10-25,Santa Clara,085,1922200,25568,24087,51,24138,365
2020-10-25,Santa Cruz,087,273765,2906,2789,34,2823,24
2020-10-25,Shasta,089,179085,2239,1889,20,1909,29
2020-10-25,Sierra,091,2930,6,6,0,6,0
2020-10-25,Siskiyou,093,43540,206,176,10,186,0
2020-10-25,Solano,095,438530,7477,7197,42,7239,60
2020-10-25,Sonoma,097,501317,9661,9235,27,9262,140
2020-10-25,Stanislaus,099,539301,17816,17641,761,18402,400
2020-10-25,Sutter,101,95872,1872,1811,1,1812,12
2020-10-25,Tehama,103,63373,933,880,2,882,5
2020-10-25,Trinity,105,12862,85,26,11,37,0
2020-10-25,Tulare,107,460477,18022,17431,373,17804,296
2020-10-25,Tuolumne,109,53932,284,271,4,275,4
2020-10-25,Ventura,111,848112,15025,14300,325,14625,154
2020-10-25,Yolo,113,214977,3287,3190,9,3199,58
2020-10-25,Yuba,115,75493,1261,1219,6,1225,10
2020-10-24,Alameda,001,1643700,23779,23099,225,23324,398
2020-10-24,Alpine,003,1148,3,3,0,3,0
2020-10-24,Amador,005,37829,344,328,0,328,16
2020-10-24,Butte,007,227075,3208,3078,34,3112,56
2020-10-24,Calaveras,009,45235,337,274,0,274,13
2020-10-24,Colusa,011,21464,550,548,1,549,6
2020-10-24,Contra Costa,013,1133247,19114,18567,94,18661,244
2020-10-24,Del Norte,015,27424,174,171,0,171,2
2020-10-24,El Dorado,017,186661,1415,1317,6,1323,4
2020-10-24,Fresno,019,978130,33591,30752,481,31233,441
2020-10-24,Glenn,021,27897,682,650,1,651,3
2020-10-24,Humboldt,023,135768,566,553,1,554,7
2020-10-24,Imperial,025,180216,12947,12469,16,12485,333
2020-10-24,Inyo,027,18085,245,226,6,232,14
2020-10-24,Kern,029,883053,34002,33105,423,33528,432
2020-10-24,Kings,031,150075,8717,8228,55,8283,82
2020-10-24,Lake,033,64148,717,696,0,696,15
2020-10-24,Lassen,035,31185,775,764,2,766,0
2020-10-24,Los Angeles,037,10098052,302244,296323,2879,299202,6969
2020-10-24,Madera,039,155013,5057,4898,38,4936,53
2020-10-24,Marin,041,260295,7146,7042,19,7061,102
2020-10-24,Mariposa,043,17540,80,77,0,77,2
2020-10-24,Mendocino,045,87422,1076,1022,4,1026,20
2020-10-24,Merced,047,269075,9547,9351,36,9387,150
2020-10-24,Modoc,049,8938,38,28,0,28,0
2020-10-24,Mono,051,14174,195,167,5,172,1
2020-10-24,Monterey,053,433212,11421,11153,60,11213,87
2020-10-24,Napa,055,140530,2044,1957,8,1965,14
2020-10-24,Nevada,057,99092,645,608,18,626,8
2020-10-24,Orange,059,3164182,60803,57928,1779,59707,1441
2020-10-24,Placer,061,380077,4399,4093,15,4108,57
2020-10-24,Plumas,063,18699,78,63,0,63,0
2020-10-24,Riverside,065,2383286,67642,65902,366,66268,1288
2020-10-24,Sacramento,067,1510023,25799,25372,28,25400,496
2020-10-24,San Benito,069,59416,1432,1417,1,1418,15
2020-10-24,San Bernardino,071,2135413,64016,61351,446,61797,1153
2020-10-24,San Diego,073,3302833,56593,54330,1542,55872,868
2020-10-24,San Francisco,075,870044,12308,12073,50,12123,137
2020-10-24,San Joaquin,077,732212,21963,21458,200,21658,495
2020-10-24,San Luis Obispo,079,281455,4390,4119,29,4148,31
2020-10-24,San Mateo,081,765935,11413,10942,11,10953,155
2020-10-24,Santa Barbara,083,443738,9947,9781,94,9875,122
2020-10-24,Santa Clara,085,1922200,25481,23978,51,24029,365
2020-10-24,Santa Cruz,087,273765,2887,2775,34,2809,24
2020-10-24,Shasta,089,179085,2194,1878,20,1898,29
2020-10-24,Sierra,091,2930,6,6,0,6,0
2020-10-24,Siskiyou,093,43540,205,174,10,184,0
2020-10-24,Solano,095,438530,7424,7189,42,7231,60
2020-10-24,Sonoma,097,501317,9627,9179,27,9206,140
2020-10-24,Stanislaus,099,539301,17772,17574,745,18319,400
2020-10-24,Sutter,101,95872,1863,1804,1,1805,12
2020-10-24,Tehama,103,63373,925,872,2,874,5
2020-10-24,Trinity,105,12862,85,25,11,36,0
2020-10-24,Tulare,107,460477,17999,17406,362,17768,295
2020-10-24,Tuolumne,109,53932,281,269,4,273,4
2020-10-24,Ventura,111,848112,14972,14240,324,14564,154
2020-10-24,Yolo,113,214977,3275,3164,9,3173,57
2020-10-24,Yuba,115,75493,1258,1210,6,1216,10
2020-10-23,Alameda,001,1643700,23707,23047,223,23270,393
2020-10-23,Alpine,003,1148,3,3,0,3,0
2020-10-23,Amador,005,37829,343,324,0,324,16
2020-10-23,Butte,007,227075,3199,3059,34,3093,55
2020-10-23,Calaveras,009,45235,336,273,0,273,13
2020-10-23,Colusa,011,21464,550,547,1,548,6
2020-10-23,Contra Costa,013,1133247,19044,18483,93,18576,244
2020-10-23,Del Norte,015,27424,174,171,0,171,2
2020-10-23,El Dorado,017,186661,1406,1310,6,1316,4
2020-10-23,Fresno,019,978130,33524,30590,478,31068,441
2020-10-23,Glenn,021,27897,679,644,1,645,3
2020-10-23,Humboldt,023,135768,564,553,1,554,7
2020-10-23,Imperial,025,180216,12916,12398,15,12413,333
2020-10-23,Inyo,027,18085,244,226,6,232,14
2020-10-23,Kern,029,883053,33934,33077,418,33495,431
2020-10-23,Kings,031,150075,8708,8218,55,8273,82
2020-10-23,Lake,033,64148,715,689,0,689,15
2020-10-23,Lassen,035,31185,774,764,2,766,0
2020-10-23,Los Angeles,037,10098052,301162,294287,2851,297138,6956
2020-10-23,Madera,039,155013,5052,4888,38,4926,53
2020-10-23,Marin,041,260295,7133,7029,19,7048,102
2020-10-23,Mariposa,043,17540,80,77,0,77,2
2020-10-23,Mendocino,045,87422,1073,1019,4,1023,20
2020-10-23,Merced,047,269075,9533,9327,36,9363,149
2020-10-23,Modoc,049,8938,38,28,0,28,0
2020-10-23,Mono,051,14174,194,159,5,164,1
2020-10-23,Monterey,053,433212,11374,11099,56,11155,86
2020-10-23,Napa,055,140530,2036,1942,8,1950,14
2020-10-23,Nevada,057,99092,642,604,18,622,8
2020-10-23,Orange,059,3164182,60633,57595,1764,59359,1430
2020-10-23,Placer,061,380077,4352,4073,15,4088,57
2020-10-23,Plumas,063,18699,75,63,0,63,0
2020-10-23,Riverside,065,2383286,67403,65512,358,65870,1279
2020-10-23,Sacramento,067,1510023,25694,25224,28,25252,496
2020-10-23,San Benito,069,59416,1430,1412,1,1413,15
2020-10-23,San Bernardino,071,2135413,63730,60854,432,61286,1150
2020-10-23,San Diego,073,3302833,56287,53944,1515,55459,867
2020-10-23,San Francisco,075,870044,12277,12015,50,12065,137
2020-10-23,San Joaquin,077,732212,21907,21361,194,21555,495
2020-10-23,San Luis Obispo,079,281455,4365,4102,29,4131,31
2020-10-23,San Mateo,081,765935,11364,10872,11,10883,155
2020-10-23,Santa Barbara,083,443738,9931,9751,94,9845,121
2020-10-23,Santa Clara,085,1922200,25379,23822,51,23873,364
2020-10-23,Santa Cruz,087,273765,2873,2757,34,2791,24
2020-10-23,Shasta,089,179085,2157,1846,19,1865,29
2020-10-23,Sierra,091,2930,6,6,0,6,0
2020-10-23,Siskiyou,093,43540,201,172,10,182,0
2020-10-23,Solano,095,438530,7393,7174,42,7216,59
2020-10-23,Sonoma,097,501317,9570,9112,27,9139,139
2020-10-23,Stanislaus,099,539301,17735,17496,738,18234,395
2020-10-23,Sutter,101,95872,1856,1797,1,1798,12
2020-10-23,Tehama,103,63373,916,862,2,864,5
2020-10-23,Trinity,105,12862,85,26,11,37,0
2020-10-23,Tulare,107,460477,17954,17334,350,17684,295
2020-10-23,Tuolumne,109,53932,279,254,4,258,4
2020-10-23,Ventura,111,848112,14943,14192,324,14516,155
2020-10-23,Yolo,113,214977,3263,3140,9,3149,57
2020-10-23,Yuba,115,75493,1254,1206,6,1212,10
2020-10-22,Alameda,001,1643700,23605,22915,223,23138,393
2020-10-22,Alpine,003,1148,3,3,0,3,0
2020-10-22,Amador,005,37829,339,317,0,317,16
2020-10-22,Butte,007,227075,3189,3046,32,3078,55
2020-10-22,Calaveras,009,45235,333,273,0,273,13
2020-10-22,Colusa,011,21464,550,547,1,548,6
2020-10-22,Contra Costa,013,1133247,18973,18393,93,18486,243
2020-10-22,Del Norte,015,27424,173,168,0,168,2
2020-10-22,El Dorado,017,186661,1396,1308,6,1314,4
2020-10-22,Fresno,019,978130,33414,30471,470,30941,438
2020-10-22,Glenn,021,27897,672,643,1,644,3
2020-10-22,Humboldt,023,135768,562,548,1,549,7
2020-10-22,Imperial,025,180216,12863,12311,15,12326,333
2020-10-22,Inyo,027,18085,241,220,6,226,14
2020-10-22,Kern,029,883053,33853,32991,415,33406,431
2020-10-22,Kings,031,150075,8457,8201,55,8256,82
2020-10-22,Lake,033,64148,711,678,0,678,15
2020-10-22,Lassen,035,31185,771,764,2,766,0
2020-10-22,Los Angeles,037,10098052,299786,291599,2792,294391,6935
2020-10-22,Madera,039,155013,5031,4847,38,4885,52
2020-10-22,Marin,041,260295,7126,7014,19,7033,102
2020-10-22,Mariposa,043,17540,80,77,0,77,2
2020-10-22,Mendocino,045,87422,1068,1016,4,1020,20
2020-10-22,Merced,047,269075,9505,9323,36,9359,149
2020-10-22,Modoc,049,8938,34,26,0,26,0
2020-10-22,Mono,051,14174,189,156,5,161,1
2020-10-22,Monterey,053,433212,11315,11059,53,11112,84
2020-10-22,Napa,055,140530,2021,1928,8,1936,14
2020-10-22,Nevada,057,99092,636,600,18,618,8
2020-10-22,Orange,059,3164182,60418,57418,1747,59165,1422
2020-10-22,Placer,061,380077,4303,4036,15,4051,57
2020-10-22,Plumas,063,18699,72,62,0,62,0
2020-10-22,Riverside,065,2383286,67067,65104,338,65442,1279
2020-10-22,Sacramento,067,1510023,25554,25054,28,25082,492
2020-10-22,San Benito,069,59416,1426,1403,1,1404,15
2020-10-22,San Bernardino,071,2135413,63328,60402,417,60819,1149
2020-10-22,San Diego,073,3302833,55900,53514,1496,55010,866
2020-10-22,San Francisco,075,870044,12219,11991,48,12039,137
2020-10-22,San Joaquin,077,732212,21834,21282,188,21470,495
2020-10-22,San Luis Obispo,079,281455,4349,4081,29,4110,31
2020-10-22,San Mateo,081,765935,11308,10796,11,10807,155
2020-10-22,Santa Barbara,083,443738,9897,9710,92,9802,120
2020-10-22,Santa Clara,085,1922200,25225,23621,51,23672,363
2020-10-22,Santa Cruz,087,273765,2855,2738,33,2771,24
2020-10-22,Shasta,089,179085,2111,1799,19,1818,29
2020-10-22,Sierra,091,2930,6,6,0,6,0
2020-10-22,Siskiyou,093,43540,201,169,10,179,0
2020-10-22,Solano,095,438530,7347,7116,42,7158,59
2020-10-22,Sonoma,097,501317,9504,9052,26,9078,139
2020-10-22,Stanislaus,099,539301,17681,17440,726,18166,395
2020-10-22,Sutter,101,95872,1842,1794,1,1795,12
2020-10-22,Tehama,103,63373,905,852,2,854,5
2020-10-22,Trinity,105,12862,84,26,11,37,0
2020-10-22,Tulare,107,460477,17888,17265,337,17602,293
2020-10-22,Tuolumne,109,53932,277,252,4,256,4
2020-10-22,Ventura,111,848112,14896,14124,322,14446,154
2020-10-22,Yolo,113,214977,3251,3116,9,3125,58
2020-10-22,Yuba,115,75493,1247,1199,5,1204,10
2020-10-21,Alameda,001,1643700,23517,22853,221,23074,392
2020-10-21,Alpine,003,1148,3,3,0,3,0
2020-10-21,Amador,005,37829,334,313,0,313,16
2020-10-21,Butte,007,227075,3177,3041,32,3073,55
2020-10-21,Calaveras,009,45235,332,272,0,272,13
2020-10-21,Colusa,011,21464,550,546,1,547,6
2020-10-21,Contra Costa,013,1133247,18899,18299,93,18392,243
2020-10-21,Del Norte,015,27424,173,169,0,169,2
2020-10-21,El Dorado,017,186661,1384,1305,5,1310,4
2020-10-21,Fresno,019,978130,33318,30328,465,30793,433
2020-10-21,Glenn,021,27897,667,640,1,641,3
2020-10-21,Humboldt,023,135768,561,548,1,549,7
2020-10-21,Imperial,025,180216,12806,12210,15,12225,331
2020-10-21,Inyo,027,18085,237,220,5,225,14
2020-10-21,Kern,029,883053,33778,32956,413,33369,430
2020-10-21,Kings,031,150075,8430,8186,55,8241,80
2020-10-21,Lake,033,64148,710,676,0,676,15
2020-10-21,Lassen,035,31185,770,764,2,766,0
2020-10-21,Los Angeles,037,10098052,298446,288096,2750,290846,6923
2020-10-21,Madera,039,155013,5006,4831,38,4869,52
2020-10-21,Marin,041,260295,7117,7002,19,7021,102
2020-10-21,Mariposa,043,17540,80,77,0,77,2
2020-10-21,Mendocino,045,87422,1066,1011,4,1015,21
2020-10-21,Merced,047,269075,9481,9319,34,9353,149
2020-10-21,Modoc,049,8938,33,26,0,26,0
2020-10-21,Mono,051,14174,187,156,5,161,1
2020-10-21,Monterey,053,433212,11277,11005,52,11057,83
2020-10-21,Napa,055,140530,2006,1918,8,1926,13
2020-10-21,Nevada,057,99092,630,597,18,615,8
2020-10-21,Orange,059,3164182,60205,57189,1738,58927,1409
2020-10-21,Placer,061,380077,4266,4007,15,4022,56
2020-10-21,Plumas,063,18699,69,58,0,58,0
2020-10-21,Riverside,065,2383286,66771,64778,314,65092,1278
2020-10-21,Sacramento,067,1510023,25361,24908,28,24936,490
2020-10-21,San Benito,069,59416,1425,1401,1,1402,14
2020-10-21,San Bernardino,071,2135413,62919,59948,410,60358,1141
2020-10-21,San Diego,073,3302833,55548,53279,1468,54747,863
2020-10-21,San Francisco,075,870044,12170,11976,47,12023,137
2020-10-21,San Joaquin,077,732212,21758,21201,182,21383,495
2020-10-21,San Luis Obispo,079,281455,4322,4055,27,4082,31
2020-10-21,San Mateo,081,765935,11259,10730,11,10741,155
2020-10-21,Santa Barbara,083,443738,9879,9681,91,9772,121
2020-10-21,Santa Clara,085,1922200,25099,23537,51,23588,361
2020-10-21,Santa Cruz,087,273765,2832,2729,33,2762,24
2020-10-21,Shasta,089,179085,2075,1777,19,1796,27
2020-10-21,Sierra,091,2930,6,6,0,6,0
2020-10-21,Siskiyou,093,43540,197,169,10,179,0
2020-10-21,Solano,095,438530,7301,7088,42,7130,59
2020-10-21,Sonoma,097,501317,9424,8987,26,9013,138
2020-10-21,Stanislaus,099,539301,17631,17419,718,18137,392
2020-10-21,Sutter,101,95872,1828,1786,1,1787,12
2020-10-21,Tehama,103,63373,889,824,2,826,5
2020-10-21,Trinity,105,12862,78,25,10,35,0
2020-10-21,Tulare,107,460477,17850,17204,323,17527,292
2020-10-21,Tuolumne,109,53932,276,251,4,255,4
2020-10-21,Ventura,111,848112,14833,14050,319,14369,153
2020-10-21,Yolo,113,214977,3232,3095,9,3104,58
2020-10-21,Yuba,115,75493,1238,1194,5,1199,10
2020-10-20,Alameda,001,1643700,23414,22750,217,22967,391
2020-10-20,Alpine,003,1148,3,3,0,3,0
2020-10-20,Amador,005,37829,333,313,0,313,16
2020-10-20,Butte,007,227075,3165,3027,32,3059,56
2020-10-20,Calaveras,009,45235,331,273,0,273,13
2020-10-20,Colusa,011,21464,547,546,1,547,6
2020-10-20,Contra Costa,013,1133247,18807,18246,93,18339,241
2020-10-20,Del Norte,015,27424,172,169,0,169,2
2020-10-20,El Dorado,017,186661,1378,1295,5,1300,4
2020-10-20,Fresno,019,978130,33215,30220,459,30679,431
2020-10-20,Glenn,021,27897,662,638,1,639,3
2020-10-20,Humboldt,023,135768,557,545,1,546,7
2020-10-20,Imperial,025,180216,12738,12114,15,12129,330
2020-10-20,Inyo,027,18085,237,218,5,223,14
2020-10-20,Kern,029,883053,33703,32889,400,33289,429
2020-10-20,Kings,031,150075,8412,8178,54,8232,80
2020-10-20,Lake,033,64148,708,675,0,675,15
2020-10-20,Lassen,035,31185,769,757,2,759,0
2020-10-20,Los Angeles,037,10098052,296954,287727,2699,290426,6891
2020-10-20,Madera,039,155013,4989,4823,38,4861,52
2020-10-20,Marin,041,260295,7102,6994,19,7013,101
2020-10-20,Mariposa,043,17540,79,77,0,77,2
2020-10-20,Mendocino,045,87422,1064,1004,4,1008,21
2020-10-20,Merced,047,269075,9459,9323,34,9357,149
2020-10-20,Modoc,049,8938,32,26,0,26,0
2020-10-20,Mono,051,14174,187,156,5,161,1
2020-10-20,Monterey,053,433212,11234,10942,49,10991,81
2020-10-20,Napa,055,140530,1987,1912,8,1920,13
2020-10-20,Nevada,057,99092,620,596,18,614,8
2020-10-20,Orange,059,3164182,59941,56914,1728,58642,1397
2020-10-20,Placer,061,380077,4228,3997,15,4012,56
2020-10-20,Plumas,063,18699,66,53,0,53,0
2020-10-20,Riverside,065,2383286,66392,64452,302,64754,1275
2020-10-20,Sacramento,067,1510023,25233,24767,27,24794,485
2020-10-20,San Benito,069,59416,1422,1398,1,1399,14
2020-10-20,San Bernardino,071,2135413,62535,59571,408,59979,1109
2020-10-20,San Diego,073,3302833,55212,53004,1448,54452,857
2020-10-20,San Francisco,075,870044,12123,12013,46,12059,126
2020-10-20,San Joaquin,077,732212,21679,21173,172,21345,490
2020-10-20,San Luis Obispo,079,281455,4304,4043,26,4069,31
2020-10-20,San Mateo,081,765935,11212,10659,11,10670,155
2020-10-20,Santa Barbara,083,443738,9850,9664,89,9753,121
2020-10-20,Santa Clara,085,1922200,24962,23406,51,23457,358
2020-10-20,Santa Cruz,087,273765,2809,2710,33,2743,23
2020-10-20,Shasta,089,179085,2052,1747,19,1766,20
2020-10-20,Sierra,091,2930,6,6,0,6,0
2020-10-20,Siskiyou,093,43540,189,168,10,178,0
2020-10-20,Solano,095,438530,7252,7044,42,7086,57
2020-10-20,Sonoma,097,501317,9361,8904,24,8928,135
2020-10-20,Stanislaus,099,539301,17577,17367,714,18081,393
2020-10-20,Sutter,101,95872,1819,1783,1,1784,12
2020-10-20,Tehama,103,63373,874,813,2,815,5
2020-10-20,Trinity,105,12862,77,25,10,35,0
2020-10-20,Tulare,107,460477,17783,17156,318,17474,289
2020-10-20,Tuolumne,109,53932,274,250,4,254,4
2020-10-20,Ventura,111,848112,14769,13980,317,14297,152
2020-10-20,Yolo,113,214977,3209,3083,9,3092,56
2020-10-20,Yuba,115,75493,1228,1191,5,1196,10
2020-10-19,Alameda,001,1643700,23304,22647,216,22863,392
2020-10-19,Alpine,003,1148,3,3,0,3,0
2020-10-19,Amador,005,37829,327,313,0,313,16
2020-10-19,Butte,007,227075,3154,3026,32,3058,55
2020-10-19,Calaveras,009,45235,330,268,0,268,13
2020-10-19,Colusa,011,21464,547,544,1,545,6
2020-10-19,Contra Costa,013,1133247,18709,18173,93,18266,239
2020-10-19,Del Norte,015,27424,169,167,0,167,2
2020-10-19,El Dorado,017,186661,1357,1287,5,1292,4
2020-10-19,Fresno,019,978130,33106,30152,453,30605,431
2020-10-19,Glenn,021,27897,657,635,0,635,3
2020-10-19,Humboldt,023,135768,557,543,1,544,7
2020-10-19,Imperial,025,180216,12684,12036,14,12050,330
2020-10-19,Inyo,027,18085,236,218,5,223,14
2020-10-19,Kern,029,883053,33627,32840,397,33237,428
2020-10-19,Kings,031,150075,8394,8173,54,8227,80
2020-10-19,Lake,033,64148,705,673,0,673,15
2020-10-19,Lassen,035,31185,768,757,2,759,0
2020-10-19,Los Angeles,037,10098052,295467,287119,2661,289780,6858
2020-10-19,Madera,039,155013,4974,4787,38,4825,52
2020-10-19,Marin,041,260295,7084,6981,19,7000,100
2020-10-19,Mariposa,043,17540,79,77,0,77,2
2020-10-19,Mendocino,045,87422,1059,1001,4,1005,21
2020-10-19,Merced,047,269075,9434,9305,30,9335,148
2020-10-19,Modoc,049,8938,31,26,0,26,0
2020-10-19,Mono,051,14174,182,156,5,161,1
2020-10-19,Monterey,053,433212,11173,10907,49,10956,80
2020-10-19,Napa,055,140530,1975,1892,8,1900,12
2020-10-19,Nevada,057,99092,617,590,18,608,8
2020-10-19,Orange,059,3164182,59658,56652,1713,58365,1396
2020-10-19,Placer,061,380077,4179,3962,15,3977,49
2020-10-19,Plumas,063,18699,64,52,0,52,0
2020-10-19,Riverside,065,2383286,65961,64016,286,64302,1272
2020-10-19,Sacramento,067,1510023,25094,24542,27,24569,483
2020-10-19,San Benito,069,59416,1415,1395,1,1396,14
2020-10-19,San Bernardino,071,2135413,62083,59265,396,59661,1100
2020-10-19,San Diego,073,3302833,54826,52739,1423,54162,853
2020-10-19,San Francisco,075,870044,12079,11879,46,11925,126
2020-10-19,San Joaquin,077,732212,21604,20930,164,21094,489
2020-10-19,San Luis Obispo,079,281455,4288,4016,26,4042,31
2020-10-19,San Mateo,081,765935,11166,10568,11,10579,154
2020-10-19,Santa Barbara,083,443738,9815,9632,89,9721,121
2020-10-19,Santa Clara,085,1922200,24812,23301,51,23352,352
2020-10-19,Santa Cruz,087,273765,2792,2705,33,2738,19
2020-10-19,Shasta,089,179085,2008,1709,18,1727,20
2020-10-19,Sierra,091,2930,6,6,0,6,0
2020-10-19,Siskiyou,093,43540,182,167,10,177,0
2020-10-19,Solano,095,438530,7211,7003,42,7045,57
2020-10-19,Sonoma,097,501317,9274,8830,24,8854,135
2020-10-19,Stanislaus,099,539301,17526,17342,704,18046,390
2020-10-19,Sutter,101,95872,1814,1773,1,1774,12
2020-10-19,Tehama,103,63373,871,793,2,795,5
2020-10-19,Trinity,105,12862,75,23,10,33,0
2020-10-19,Tulare,107,460477,17733,17047,311,17358,291
2020-10-19,Tuolumne,109,53932,272,247,4,251,4
2020-10-19,Ventura,111,848112,14703,13930,314,14244,152
2020-10-19,Yolo,113,214977,3196,3069,9,3078,56
2020-10-19,Yuba,115,75493,1221,1183,5,1188,10
2020-10-18,Alameda,001,1643700,23200,22546,215,22761,392
2020-10-18,Alpine,003,1148,3,3,0,3,0
2020-10-18,Amador,005,37829,316,313,0,313,16
2020-10-18,Butte,007,227075,3141,3019,32,3051,55
2020-10-18,Calaveras,009,45235,329,267,0,267,13
2020-10-18,Colusa,011,21464,545,544,1,545,6
2020-10-18,Contra Costa,013,1133247,18610,18120,93,18213,237
2020-10-18,Del Norte,015,27424,169,167,0,167,2
2020-10-18,El Dorado,017,186661,1348,1283,5,1288,4
2020-10-18,Fresno,019,978130,32977,30051,445,30496,430
2020-10-18,Glenn,021,27897,655,634,0,634,3
2020-10-18,Humboldt,023,135768,554,540,1,541,7
2020-10-18,Imperial,025,180216,12621,11987,13,12000,330
2020-10-18,Inyo,027,18085,233,215,5,220,14
2020-10-18,Kern,029,883053,33554,32799,390,33189,428
2020-10-18,Kings,031,150075,8379,8159,54,8213,80
2020-10-18,Lake,033,64148,698,670,0,670,15
2020-10-18,Lassen,035,31185,768,757,2,759,0
2020-10-18,Los Angeles,037,10098052,293759,286187,2618,288805,6857
2020-10-18,Madera,039,155013,4949,4770,37,4807,52
2020-10-18,Marin,041,260295,7063,6969,19,6988,99
2020-10-18,Mariposa,043,17540,79,77,0,77,2
2020-10-18,Mendocino,045,87422,1057,988,4,992,21
2020-10-18,Merced,047,269075,9399,9292,30,9322,148
2020-10-18,Modoc,049,8938,30,26,0,26,0
2020-10-18,Mono,051,14174,177,155,5,160,1
2020-10-18,Monterey,053,433212,11120,10872,49,10921,80
2020-10-18,Napa,055,140530,1962,1882,8,1890,12
2020-10-18,Nevada,057,99092,611,582,18,600,8
2020-10-18,Orange,059,3164182,59361,56394,1696,58090,1396
2020-10-18,Placer,061,380077,4131,3938,15,3953,49
2020-10-18,Plumas,063,18699,62,52,0,52,0
2020-10-18,Riverside,065,2383286,65648,63765,265,64030,1270
2020-10-18,Sacramento,067,1510023,24938,24425,27,24452,482
2020-10-18,San Benito,069,59416,1408,1395,1,1396,14
2020-10-18,San Bernardino,071,2135413,61584,58893,388,59281,1098
2020-10-18,San Diego,073,3302833,54437,52359,1402,53761,853
2020-10-18,San Francisco,075,870044,12040,11878,46,11924,126
2020-10-18,San Joaquin,077,732212,21521,20931,151,21082,489
2020-10-18,San Luis Obispo,079,281455,4257,4009,24,4033,31
2020-10-18,San Mateo,081,765935,11107,10503,11,10514,154
2020-10-18,Santa Barbara,083,443738,9776,9608,88,9696,121
2020-10-18,Santa Clara,085,1922200,24639,23169,51,23220,352
2020-10-18,Santa Cruz,087,273765,2778,2692,33,2725,19
2020-10-18,Shasta,089,179085,1983,1708,18,1726,20
2020-10-18,Sierra,091,2930,6,6,0,6,0
2020-10-18,Siskiyou,093,43540,182,167,10,177,0
2020-10-18,Solano,095,438530,7164,6962,42,7004,57
2020-10-18,Sonoma,097,501317,9197,8781,23,8804,134
2020-10-18,Stanislaus,099,539301,17470,17290,695,17985,390
2020-10-18,Sutter,101,95872,1805,1764,1,1765,12
2020-10-18,Tehama,103,63373,839,774,2,776,5
2020-10-18,Trinity,105,12862,75,20,10,30,0
2020-10-18,Tulare,107,460477,17639,17048,302,17350,290
2020-10-18,Tuolumne,109,53932,266,245,4,249,4
2020-10-18,Ventura,111,848112,14623,13901,313,14214,151
2020-10-18,Yolo,113,214977,3157,3059,9,3068,55
2020-10-18,Yuba,115,75493,1210,1176,5,1181,10
2020-10-17,Alameda,001,1643700,23154,22394,213,22607,398
2020-10-17,Alpine,003,1148,3,3,0,3,0
2020-10-17,Amador,005,37829,314,309,0,309,16
2020-10-17,Butte,007,227075,3133,3012,30,3042,55
2020-10-17,Calaveras,009,45235,329,267,0,267,13
2020-10-17,Colusa,011,21464,544,544,1,545,6
2020-10-17,Contra Costa,013,1133247,18557,18005,93,18098,237
2020-10-17,Del Norte,015,27424,169,167,0,167,2
2020-10-17,El Dorado,017,186661,1344,1277,5,1282,4
2020-10-17,Fresno,019,978130,32923,29911,443,30354,430
2020-10-17,Glenn,021,27897,652,633,0,633,3
2020-10-17,Humboldt,023,135768,551,535,1,536,7
2020-10-17,Imperial,025,180216,12593,11962,13,11975,330
2020-10-17,Inyo,027,18085,228,212,5,217,14
2020-10-17,Kern,029,883053,33503,32710,387,33097,428
2020-10-17,Kings,031,150075,8373,8151,53,8204,80
2020-10-17,Lake,033,64148,695,663,0,663,15
2020-10-17,Lassen,035,31185,768,757,2,759,0
2020-10-17,Los Angeles,037,10098052,293006,285858,2591,288449,6844
2020-10-17,Madera,039,155013,4943,4759,37,4796,53
2020-10-17,Marin,041,260295,7060,6958,19,6977,99
2020-10-17,Mariposa,043,17540,78,77,0,77,2
2020-10-17,Mendocino,045,87422,1050,977,4,981,21
2020-10-17,Merced,047,269075,9385,9275,30,9305,148
2020-10-17,Modoc,049,8938,30,26,0,26,0
2020-10-17,Mono,051,14174,176,155,5,160,1
2020-10-17,Monterey,053,433212,11080,10807,48,10855,80
2020-10-17,Napa,055,140530,1953,1866,8,1874,12
2020-10-17,Nevada,057,99092,610,580,18,598,8
2020-10-17,Orange,059,3164182,59219,56197,1689,57886,1396
2020-10-17,Placer,061,380077,4104,3898,15,3913,49
2020-10-17,Plumas,063,18699,62,52,0,52,0
2020-10-17,Riverside,065,2383286,65450,63171,255,63426,1270
2020-10-17,Sacramento,067,1510023,24854,24304,27,24331,482
2020-10-17,San Benito,069,59416,1404,1389,1,1390,14
2020-10-17,San Bernardino,071,2135413,61313,58415,381,58796,1097
2020-10-17,San Diego,073,3302833,54212,51986,1391,53377,853
2020-10-17,San Francisco,075,870044,12012,11877,45,11922,126
2020-10-17,San Joaquin,077,732212,21467,20932,145,21077,489
2020-10-17,San Luis Obispo,079,281455,4242,3979,24,4003,31
2020-10-17,San Mateo,081,765935,11079,10423,11,10434,153
2020-10-17,Santa Barbara,083,443738,9757,9588,86,9674,121
2020-10-17,Santa Clara,085,1922200,24550,22997,51,23048,349
2020-10-17,Santa Cruz,087,273765,2764,2680,33,2713,19
2020-10-17,Shasta,089,179085,1957,1679,18,1697,20
2020-10-17,Sierra,091,2930,6,6,0,6,0
2020-10-17,Siskiyou,093,43540,181,167,10,177,0
2020-10-17,Solano,095,438530,7138,6929,42,6971,57
2020-10-17,Sonoma,097,501317,9154,8725,23,8748,134
2020-10-17,Stanislaus,099,539301,17430,17232,686,17918,390
2020-10-17,Sutter,101,95872,1803,1762,1,1763,12
2020-10-17,Tehama,103,63373,823,764,2,766,5
2020-10-17,Trinity,105,12862,75,20,10,30,0
2020-10-17,Tulare,107,460477,17609,16995,293,17288,290
2020-10-17,Tuolumne,109,53932,266,241,4,245,4
2020-10-17,Ventura,111,848112,14578,13845,310,14155,151
2020-10-17,Yolo,113,214977,3142,3045,8,3053,55
2020-10-17,Yuba,115,75493,1205,1164,5,1169,10
2020-10-16,Alameda,001,1643700,23100,22315,213,22528,397
2020-10-16,Alpine,003,1148,3,3,0,3,0
2020-10-16,Amador,005,37829,314,309,0,309,16
2020-10-16,Butte,007,227075,3122,3004,30,3034,54
2020-10-16,Calaveras,009,45235,329,267,0,267,13
2020-10-16,Colusa,011,21464,543,544,1,545,6
2020-10-16,Contra Costa,013,1133247,18504,17956,93,18049,237
2020-10-16,Del Norte,015,27424,169,166,0,166,2
2020-10-16,El Dorado,017,186661,1338,1273,5,1278,4
2020-10-16,Fresno,019,978130,32847,29796,442,30238,427
2020-10-16,Glenn,021,27897,647,632,0,632,3
2020-10-16,Humboldt,023,135768,551,533,1,534,7
2020-10-16,Imperial,025,180216,12553,11885,13,11898,330
2020-10-16,Inyo,027,18085,224,212,5,217,14
2020-10-16,Kern,029,883053,33460,32660,385,33045,428
2020-10-16,Kings,031,150075,8364,8146,52,8198,80
2020-10-16,Lake,033,64148,693,644,0,644,14
2020-10-16,Lassen,035,31185,768,757,2,759,0
2020-10-16,Los Angeles,037,10098052,291944,284988,2570,287558,6835
2020-10-16,Madera,039,155013,4931,4736,36,4772,53
2020-10-16,Marin,041,260295,7050,6933,19,6952,99
2020-10-16,Mariposa,043,17540,78,76,0,76,2
2020-10-16,Mendocino,045,87422,1043,974,4,978,21
2020-10-16,Merced,047,269075,9368,9246,30,9276,148
2020-10-16,Modoc,049,8938,30,26,0,26,0
2020-10-16,Mono,051,14174,174,155,5,160,1
2020-10-16,Monterey,053,433212,11045,10727,48,10775,79
2020-10-16,Napa,055,140530,1944,1855,8,1863,12
2020-10-16,Nevada,057,99092,608,579,18,597,8
2020-10-16,Orange,059,3164182,59041,56091,1682,57773,1388
2020-10-16,Placer,061,380077,4084,3864,15,3879,49
2020-10-16,Plumas,063,18699,61,52,0,52,0
2020-10-16,Riverside,065,2383286,65224,62986,254,63240,1267
2020-10-16,Sacramento,067,1510023,24760,24144,27,24171,479
2020-10-16,San Benito,069,59416,1401,1388,1,1389,14
2020-10-16,San Bernardino,071,2135413,61044,58233,381,58614,1069
2020-10-16,San Diego,073,3302833,53970,51785,1377,53162,850
2020-10-16,San Francisco,075,870044,11990,11840,44,11884,126
2020-10-16,San Joaquin,077,732212,21422,20910,144,21054,489
2020-10-16,San Luis Obispo,079,281455,4226,3952,24,3976,32
2020-10-16,San Mateo,081,765935,11053,10405,11,10416,153
2020-10-16,Santa Barbara,083,443738,9738,9549,86,9635,119
2020-10-16,Santa Clara,085,1922200,24463,22920,51,22971,345
2020-10-16,Santa Cruz,087,273765,2751,2666,33,2699,20
2020-10-16,Shasta,089,179085,1935,1660,18,1678,20
2020-10-16,Sierra,091,2930,6,6,0,6,0
2020-10-16,Siskiyou,093,43540,179,167,10,177,0
2020-10-16,Solano,095,438530,7115,6879,42,6921,55
2020-10-16,Sonoma,097,501317,9098,8652,23,8675,133
2020-10-16,Stanislaus,099,539301,17396,17201,678,17879,366
2020-10-16,Sutter,101,95872,1795,1756,1,1757,12
2020-10-16,Tehama,103,63373,822,737,2,739,3
2020-10-16,Trinity,105,12862,75,20,10,30,0
2020-10-16,Tulare,107,460477,17577,16965,285,17250,290
2020-10-16,Tuolumne,109,53932,264,237,4,241,4
2020-10-16,Ventura,111,848112,14535,13805,305,14110,152
2020-10-16,Yolo,113,214977,3133,3030,8,3038,55
2020-10-16,Yuba,115,75493,1205,1155,5,1160,10
2020-10-15,Alameda,001,1643700,23032,22267,212,22479,390
2020-10-15,Alpine,003,1148,3,3,0,3,0
2020-10-15,Amador,005,37829,314,309,0,309,16
2020-10-15,Butte,007,227075,3110,3000,29,3029,54
2020-10-15,Calaveras,009,45235,328,267,0,267,13
2020-10-15,Colusa,011,21464,542,543,1,544,6
2020-10-15,Contra Costa,013,1133247,18437,17893,92,17985,237
2020-10-15,Del Norte,015,27424,169,164,0,164,2
2020-10-15,El Dorado,017,186661,1333,1265,5,1270,4
2020-10-15,Fresno,019,978130,32750,29727,439,30166,425
2020-10-15,Glenn,021,27897,642,632,0,632,3
2020-10-15,Humboldt,023,135768,547,531,1,532,7
2020-10-15,Imperial,025,180216,12512,11820,12,11832,330
2020-10-15,Inyo,027,18085,224,210,5,215,14
2020-10-15,Kern,029,883053,33379,32593,382,32975,427
2020-10-15,Kings,031,150075,8349,8134,52,8186,80
2020-10-15,Lake,033,64148,691,642,0,642,14
2020-10-15,Lassen,035,31185,767,752,2,754,0
2020-10-15,Los Angeles,037,10098052,290659,284019,2536,286555,6807
2020-10-15,Madera,039,155013,4919,4723,35,4758,50
2020-10-15,Marin,041,260295,7042,6912,19,6931,99
2020-10-15,Mariposa,043,17540,78,76,0,76,2
2020-10-15,Mendocino,045,87422,1037,963,4,967,21
2020-10-15,Merced,047,269075,9341,9213,30,9243,147
2020-10-15,Modoc,049,8938,30,26,0,26,0
2020-10-15,Mono,051,14174,174,155,5,160,1
2020-10-15,Monterey,053,433212,10978,10677,47,10724,79
2020-10-15,Napa,055,140530,1931,1842,8,1850,12
2020-10-15,Nevada,057,99092,604,575,18,593,8
2020-10-15,Orange,059,3164182,58825,55952,1670,57622,1379
2020-10-15,Placer,061,380077,4055,3848,15,3863,48
2020-10-15,Plumas,063,18699,58,52,0,52,0
2020-10-15,Riverside,065,2383286,64891,62819,251,63070,1266
2020-10-15,Sacramento,067,1510023,24644,24068,27,24095,474
2020-10-15,San Benito,069,59416,1398,1384,1,1385,14
2020-10-15,San Bernardino,071,2135413,60705,58068,378,58446,1067
2020-10-15,San Diego,073,3302833,53686,51472,1361,52833,847
2020-10-15,San Francisco,075,870044,11962,11808,41,11849,126
2020-10-15,San Joaquin,077,732212,21349,20880,138,21018,487
2020-10-15,San Luis Obispo,079,281455,4209,3934,24,3958,32
2020-10-15,San Mateo,081,765935,11013,10340,11,10351,152
2020-10-15,Santa Barbara,083,443738,9714,9526,85,9611,117
2020-10-15,Santa Clara,085,1922200,24347,22808,51,22859,343
2020-10-15,Santa Cruz,087,273765,2737,2656,33,2689,13
2020-10-15,Shasta,089,179085,1924,1635,18,1653,20
2020-10-15,Sierra,091,2930,6,6,0,6,0
2020-10-15,Siskiyou,093,43540,175,166,10,176,0
2020-10-15,Solano,095,438530,7076,6830,42,6872,55
2020-10-15,Sonoma,097,501317,9006,8571,23,8594,133
2020-10-15,Stanislaus,099,539301,17358,17151,664,17815,366
2020-10-15,Sutter,101,95872,1792,1752,1,1753,12
2020-10-15,Tehama,103,63373,795,726,2,728,3
2020-10-15,Trinity,105,12862,75,20,10,30,0
2020-10-15,Tulare,107,460477,17517,16918,270,17188,289
2020-10-15,Tuolumne,109,53932,262,236,4,240,4
2020-10-15,Ventura,111,848112,14479,13750,300,14050,152
2020-10-15,Yolo,113,214977,3113,3014,8,3022,55
2020-10-15,Yuba,115,75493,1198,1151,5,1156,10
2020-10-14,Alameda,001,1643700,22933,22227,211,22438,398
2020-10-14,Alpine,003,1148,3,3,0,3,0
2020-10-14,Amador,005,37829,312,308,0,308,16
2020-10-14,Butte,007,227075,3102,2995,29,3024,54
2020-10-14,Calaveras,009,45235,328,266,0,266,12
2020-10-14,Colusa,011,21464,542,543,1,544,6
2020-10-14,Contra Costa,013,1133247,18380,17820,90,17910,236
2020-10-14,Del Norte,015,27424,168,163,0,163,2
2020-10-14,El Dorado,017,186661,1327,1264,5,1269,4
2020-10-14,Fresno,019,978130,32635,29650,433,30083,424
2020-10-14,Glenn,021,27897,641,629,0,629,3
2020-10-14,Humboldt,023,135768,544,531,1,532,7
2020-10-14,Imperial,025,180216,12475,11765,10,11775,330
2020-10-14,Inyo,027,18085,223,209,4,213,14
2020-10-14,Kern,029,883053,33304,32528,380,32908,425
2020-10-14,Kings,031,150075,8331,8118,52,8170,80
2020-10-14,Lake,033,64148,690,642,0,642,14
2020-10-14,Lassen,035,31185,765,752,2,754,0
2020-10-14,Los Angeles,037,10098052,289346,282918,2492,285410,6786
2020-10-14,Madera,039,155013,4904,4713,34,4747,50
2020-10-14,Marin,041,260295,7036,6907,19,6926,99
2020-10-14,Mariposa,043,17540,77,76,0,76,2
2020-10-14,Mendocino,045,87422,1031,955,4,959,21
2020-10-14,Merced,047,269075,9316,9201,28,9229,147
2020-10-14,Modoc,049,8938,30,27,0,27,0
2020-10-14,Mono,051,14174,174,155,5,160,1
2020-10-14,Monterey,053,433212,10928,10616,47,10663,78
2020-10-14,Napa,055,140530,1914,1837,8,1845,12
2020-10-14,Nevada,057,99092,602,573,18,591,7
2020-10-14,Orange,059,3164182,58611,55756,1661,57417,1348
2020-10-14,Placer,061,380077,4032,3829,15,3844,48
2020-10-14,Plumas,063,18699,54,52,0,52,0
2020-10-14,Riverside,065,2383286,64608,62607,250,62857,1261
2020-10-14,Sacramento,067,1510023,24500,24013,27,24040,472
2020-10-14,San Benito,069,59416,1396,1381,0,1381,14
2020-10-14,San Bernardino,071,2135413,60378,57774,374,58148,1063
2020-10-14,San Diego,073,3302833,53367,51329,1337,52666,844
2020-10-14,San Francisco,075,870044,11930,11783,40,11823,123
2020-10-14,San Joaquin,077,732212,21270,20845,124,20969,487
2020-10-14,San Luis Obispo,079,281455,4186,3901,23,3924,32
2020-10-14,San Mateo,081,765935,10962,10309,11,10320,132
2020-10-14,Santa Barbara,083,443738,9680,9509,85,9594,117
2020-10-14,Santa Clara,085,1922200,24198,22735,51,22786,343
2020-10-14,Santa Cruz,087,273765,2727,2618,33,2651,13
2020-10-14,Shasta,089,179085,1886,1553,18,1571,20
2020-10-14,Sierra,091,2930,6,6,0,6,0
2020-10-14,Siskiyou,093,43540,175,166,10,176,0
2020-10-14,Solano,095,438530,7020,6786,42,6828,55
2020-10-14,Sonoma,097,501317,8953,8514,23,8537,133
2020-10-14,Stanislaus,099,539301,17313,17105,661,17766,365
2020-10-14,Sutter,101,95872,1783,1747,1,1748,12
2020-10-14,Tehama,103,63373,784,721,2,723,3
2020-10-14,Trinity,105,12862,74,20,10,30,0
2020-10-14,Tulare,107,460477,17455,16863,257,17120,287
2020-10-14,Tuolumne,109,53932,261,236,4,240,4
2020-10-14,Ventura,111,848112,14426,13697,296,13993,152
2020-10-14,Yolo,113,214977,3095,3007,7,3014,55
2020-10-14,Yuba,115,75493,1190,1147,5,1152,10
2020-10-13,Alameda,001,1643700,22828,22185,209,22394,389
2020-10-13,Alpine,003,1148,3,3,0,3,0
2020-10-13,Amador,005,37829,310,306,0,306,16
2020-10-13,Butte,007,227075,3093,2992,29,3021,54
2020-10-13,Calaveras,009,45235,324,262,0,262,12
2020-10-13,Colusa,011,21464,542,541,1,542,6
2020-10-13,Contra Costa,013,1133247,18322,17783,90,17873,234
2020-10-13,Del Norte,015,27424,168,163,0,163,2
2020-10-13,El Dorado,017,186661,1318,1262,5,1267,4
2020-10-13,Fresno,019,978130,32513,29579,429,30008,424
2020-10-13,Glenn,021,27897,640,629,0,629,3
2020-10-13,Humboldt,023,135768,542,523,1,524,7
2020-10-13,Imperial,025,180216,12440,11727,9,11736,327
2020-10-13,Inyo,027,18085,220,207,4,211,14
2020-10-13,Kern,029,883053,33229,32497,378,32875,419
2020-10-13,Kings,031,150075,8322,8111,52,8163,80
2020-10-13,Lake,033,64148,687,639,0,639,12
2020-10-13,Lassen,035,31185,763,752,2,754,0
2020-10-13,Los Angeles,037,10098052,288067,281716,2450,284166,6767
2020-10-13,Madera,039,155013,4886,4700,34,4734,50
2020-10-13,Marin,041,260295,7014,6900,18,6918,97
2020-10-13,Mariposa,043,17540,77,76,0,76,2
2020-10-13,Mendocino,045,87422,1022,950,4,954,21
2020-10-13,Merced,047,269075,9299,9181,28,9209,146
2020-10-13,Modoc,049,8938,29,28,0,28,0
2020-10-13,Mono,051,14174,174,155,4,159,1
2020-10-13,Monterey,053,433212,10867,10574,46,10620,78
2020-10-13,Napa,055,140530,1905,1825,8,1833,12
2020-10-13,Nevada,057,99092,595,572,18,590,7
2020-10-13,Orange,059,3164182,58398,55515,1648,57163,1326
2020-10-13,Placer,061,380077,3994,3825,15,3840,48
2020-10-13,Plumas,063,18699,52,51,0,51,0
2020-10-13,Riverside,065,2383286,64288,62279,248,62527,1254
2020-10-13,Sacramento,067,1510023,24423,23930,27,23957,466
2020-10-13,San Benito,069,59416,1388,1380,0,1380,14
2020-10-13,San Bernardino,071,2135413,60039,57411,372,57783,1061
2020-10-13,San Diego,073,3302833,53074,51026,1320,52346,840
2020-10-13,San Francisco,075,870044,11895,11659,40,11699,122
2020-10-13,San Joaquin,077,732212,21209,20822,120,20942,481
2020-10-13,San Luis Obispo,079,281455,4168,3892,22,3914,32
2020-10-13,San Mateo,081,765935,10919,10286,11,10297,130
2020-10-13,Santa Barbara,083,443738,9649,9489,85,9574,117
2020-10-13,Santa Clara,085,1922200,24071,22678,51,22729,343
2020-10-13,Santa Cruz,087,273765,2709,2603,33,2636,13
2020-10-13,Shasta,089,179085,1862,1606,18,1624,20
2020-10-13,Sierra,091,2930,6,6,0,6,0
2020-10-13,Siskiyou,093,43540,174,163,10,173,0
2020-10-13,Solano,095,438530,6985,6761,42,6803,55
2020-10-13,Sonoma,097,501317,8870,8456,23,8479,133
2020-10-13,Stanislaus,099,539301,17268,17082,656,17738,362
2020-10-13,Sutter,101,95872,1774,1748,1,1749,12
2020-10-13,Tehama,103,63373,776,717,2,719,3
2020-10-13,Trinity,105,12862,70,19,9,28,0
2020-10-13,Tulare,107,460477,17396,16822,249,17071,286
2020-10-13,Tuolumne,109,53932,259,235,4,239,4
2020-10-13,Ventura,111,848112,14371,13645,292,13937,151
2020-10-13,Yolo,113,214977,3087,2983,6,2989,55
2020-10-13,Yuba,115,75493,1185,1143,5,1148,10
2020-10-12,Alameda,001,1643700,22748,22126,208,22334,389
2020-10-12,Alpine,003,1148,3,3,0,3,0
2020-10-12,Amador,005,37829,309,305,0,305,16
2020-10-12,Butte,007,227075,3087,2975,29,3004,54
2020-10-12,Calaveras,009,45235,324,262,0,262,12
2020-10-12,Colusa,011,21464,542,541,1,542,6
2020-10-12,Contra Costa,013,1133247,18247,17728,90,17818,233
2020-10-12,Del Norte,015,27424,168,161,0,161,2
2020-10-12,El Dorado,017,186661,1315,1254,5,1259,4
2020-10-12,Fresno,019,978130,32380,29523,425,29948,421
2020-10-12,Glenn,021,27897,639,626,0,626,3
2020-10-12,Humboldt,023,135768,539,522,1,523,7
2020-10-12,Imperial,025,180216,12401,11689,9,11698,328
2020-10-12,Inyo,027,18085,217,201,4,205,14
2020-10-12,Kern,029,883053,33136,32425,375,32800,419
2020-10-12,Kings,031,150075,8316,8106,51,8157,80
2020-10-12,Lake,033,64148,681,633,0,633,12
2020-10-12,Lassen,035,31185,763,752,2,754,0
2020-10-12,Los Angeles,037,10098052,286847,280961,2423,283384,6747
2020-10-12,Madera,039,155013,4867,4689,34,4723,50
2020-10-12,Marin,041,260295,6997,6886,18,6904,97
2020-10-12,Mariposa,043,17540,77,76,0,76,2
2020-10-12,Mendocino,045,87422,1016,947,4,951,21
2020-10-12,Merced,047,269075,9278,9141,28,9169,146
2020-10-12,Modoc,049,8938,29,27,0,27,0
2020-10-12,Mono,051,14174,174,154,4,158,1
2020-10-12,Monterey,053,433212,10801,10473,46,10519,77
2020-10-12,Napa,055,140530,1897,1819,8,1827,11
2020-10-12,Nevada,057,99092,591,570,18,588,7
2020-10-12,Orange,059,3164182,58169,55373,1638,57011,1326
2020-10-12,Placer,061,380077,3962,3808,14,3822,48
2020-10-12,Plumas,063,18699,52,51,0,51,0
2020-10-12,Riverside,065,2383286,63977,62279,244,62523,1254
2020-10-12,Sacramento,067,1510023,24317,23807,27,23834,466
2020-10-12,San Benito,069,59416,1385,1376,0,1376,13
2020-10-12,San Bernardino,071,2135413,59663,57235,371,57606,1061
2020-10-12,San Diego,073,3302833,52784,50748,1293,52041,826
2020-10-12,San Francisco,075,870044,11863,11659,40,11699,122
2020-10-12,San Joaquin,077,732212,21146,20701,114,20815,480
2020-10-12,San Luis Obispo,079,281455,4140,3874,22,3896,32
2020-10-12,San Mateo,081,765935,10871,10262,11,10273,130
2020-10-12,Santa Barbara,083,443738,9611,9462,85,9547,117
2020-10-12,Santa Clara,085,1922200,23955,22578,51,22629,343
2020-10-12,Santa Cruz,087,273765,2692,2590,33,2623,13
2020-10-12,Shasta,089,179085,1837,1515,18,1533,20
2020-10-12,Sierra,091,2930,6,6,0,6,0
2020-10-12,Siskiyou,093,43540,173,162,10,172,0
2020-10-12,Solano,095,438530,6946,6742,42,6784,55
2020-10-12,Sonoma,097,501317,8799,8377,23,8400,133
2020-10-12,Stanislaus,099,539301,17219,17051,647,17698,361
2020-10-12,Sutter,101,95872,1766,1741,1,1742,12
2020-10-12,Tehama,103,63373,760,708,2,710,3
2020-10-12,Trinity,105,12862,69,19,9,28,0
2020-10-12,Tulare,107,460477,17344,16742,242,16984,286
2020-10-12,Tuolumne,109,53932,254,234,4,238,4
2020-10-12,Ventura,111,848112,14309,13617,288,13905,151
2020-10-12,Yolo,113,214977,3072,2964,6,2970,55
2020-10-12,Yuba,115,75493,1174,1141,5,1146,10
2020-10-11,Alameda,001,1643700,22658,22057,204,22261,392
2020-10-11,Alpine,003,1148,3,3,0,3,0
2020-10-11,Amador,005,37829,307,305,0,305,16
2020-10-11,Butte,007,227075,3079,2967,28,2995,54
2020-10-11,Calaveras,009,45235,322,262,0,262,12
2020-10-11,Colusa,011,21464,540,541,1,542,6
2020-10-11,Contra Costa,013,1133247,18163,17678,90,17768,233
2020-10-11,Del Norte,015,27424,166,161,0,161,2
2020-10-11,El Dorado,017,186661,1306,1242,5,1247,4
2020-10-11,Fresno,019,978130,32242,29419,417,29836,421
2020-10-11,Glenn,021,27897,637,625,0,625,3
2020-10-11,Humboldt,023,135768,538,521,1,522,7
2020-10-11,Imperial,025,180216,12341,11614,9,11623,328
2020-10-11,Inyo,027,18085,213,201,4,205,14
2020-10-11,Kern,029,883053,33049,32399,366,32765,418
2020-10-11,Kings,031,150075,8299,8094,50,8144,80
2020-10-11,Lake,033,64148,668,631,0,631,12
2020-10-11,Lassen,035,31185,762,752,2,754,0
2020-10-11,Los Angeles,037,10098052,285407,280190,2382,282572,6745
2020-10-11,Madera,039,155013,4839,4680,33,4713,50
2020-10-11,Marin,041,260295,6988,6870,18,6888,97
2020-10-11,Mariposa,043,17540,77,76,0,76,2
2020-10-11,Mendocino,045,87422,1009,944,4,948,21
2020-10-11,Merced,047,269075,9260,9124,28,9152,146
2020-10-11,Modoc,049,8938,29,27,0,27,0
2020-10-11,Mono,051,14174,174,154,4,158,1
2020-10-11,Monterey,053,433212,10750,10445,44,10489,77
2020-10-11,Napa,055,140530,1881,1811,8,1819,11
2020-10-11,Nevada,057,99092,589,569,18,587,7
2020-10-11,Orange,059,3164182,57939,55202,1632,56834,1326
2020-10-11,Placer,061,380077,3941,3787,14,3801,48
2020-10-11,Plumas,063,18699,52,51,0,51,0
2020-10-11,Riverside,065,2383286,63689,62112,240,62352,1254
2020-10-11,Sacramento,067,1510023,24175,23778,27,23805,466
2020-10-11,San Benito,069,59416,1384,1374,0,1374,13
2020-10-11,San Bernardino,071,2135413,59210,56997,369,57366,1061
2020-10-11,San Diego,073,3302833,52434,50553,1271,51824,826
2020-10-11,San Francisco,075,870044,11820,11659,40,11699,122
2020-10-11,San Joaquin,077,732212,21071,20700,104,20804,480
2020-10-11,San Luis Obispo,079,281455,4123,3874,21,3895,32
2020-10-11,San Mateo,081,765935,10839,10240,11,10251,130
2020-10-11,Santa Barbara,083,443738,9580,9440,84,9524,117
2020-10-11,Santa Clara,085,1922200,23812,22487,50,22537,336
2020-10-11,Santa Cruz,087,273765,2678,2578,33,2611,13
2020-10-11,Shasta,089,179085,1807,1515,17,1532,20
2020-10-11,Sierra,091,2930,6,6,0,6,0
2020-10-11,Siskiyou,093,43540,172,162,10,172,0
2020-10-11,Solano,095,438530,6892,6685,42,6727,53
2020-10-11,Sonoma,097,501317,8742,8319,23,8342,133
2020-10-11,Stanislaus,099,539301,17155,17007,631,17638,360
2020-10-11,Sutter,101,95872,1763,1742,1,1743,12
2020-10-11,Tehama,103,63373,736,702,2,704,3
2020-10-11,Trinity,105,12862,69,19,9,28,0
2020-10-11,Tulare,107,460477,17280,16741,234,16975,286
2020-10-11,Tuolumne,109,53932,249,234,4,238,4
2020-10-11,Ventura,111,848112,14248,13604,283,13887,151
2020-10-11,Yolo,113,214977,3042,2952,6,2958,55
2020-10-11,Yuba,115,75493,1162,1137,5,1142,10
2020-10-10,Alameda,001,1643700,22608,21979,203,22182,398
2020-10-10,Alpine,003,1148,3,3,0,3,0
2020-10-10,Amador,005,37829,306,304,0,304,16
2020-10-10,Butte,007,227075,3074,2962,27,2989,54
2020-10-10,Calaveras,009,45235,321,262,0,262,12
2020-10-10,Colusa,011,21464,540,541,1,542,6
2020-10-10,Contra Costa,013,1133247,18127,17566,89,17655,233
2020-10-10,Del Norte,015,27424,166,161,0,161,2
2020-10-10,El Dorado,017,186661,1304,1240,5,1245,4
2020-10-10,Fresno,019,978130,32178,29286,415,29701,421
2020-10-10,Glenn,021,27897,637,623,0,623,3
2020-10-10,Humboldt,023,135768,535,518,1,519,7
2020-10-10,Imperial,025,180216,12326,11591,9,11600,327
2020-10-10,Inyo,027,18085,210,201,4,205,14
2020-10-10,Kern,029,883053,33012,32338,366,32704,418
2020-10-10,Kings,031,150075,8295,8078,50,8128,80
2020-10-10,Lake,033,64148,667,630,0,630,11
2020-10-10,Lassen,035,31185,762,752,2,754,0
2020-10-10,Los Angeles,037,10098052,284687,279213,2348,281561,6743
2020-10-10,Madera,039,155013,4826,4662,33,4695,50
2020-10-10,Marin,041,260295,6979,6852,18,6870,97
2020-10-10,Mariposa,043,17540,77,76,0,76,2
2020-10-10,Mendocino,045,87422,1002,935,4,939,21
2020-10-10,Merced,047,269075,9254,9105,27,9132,146
2020-10-10,Modoc,049,8938,29,27,0,27,0
2020-10-10,Mono,051,14174,174,154,4,158,1
2020-10-10,Monterey,053,433212,10717,10410,44,10454,75
2020-10-10,Napa,055,140530,1874,1804,8,1812,11
2020-10-10,Nevada,057,99092,586,564,18,582,6
2020-10-10,Orange,059,3164182,57818,54965,1627,56592,1324
2020-10-10,Placer,061,380077,3924,3757,14,3771,48
2020-10-10,Plumas,063,18699,52,51,0,51,0
2020-10-10,Riverside,065,2383286,63486,61845,238,62083,1254
2020-10-10,Sacramento,067,1510023,24108,23689,27,23716,466
2020-10-10,San Benito,069,59416,1382,1370,0,1370,13
2020-10-10,San Bernardino,071,2135413,59047,56683,367,57050,1061
2020-10-10,San Diego,073,3302833,52204,50145,1253,51398,825
2020-10-10,San Francisco,075,870044,11799,11663,40,11703,122
2020-10-10,San Joaquin,077,732212,21043,20700,100,20800,481
2020-10-10,San Luis Obispo,079,281455,4103,3832,21,3853,32
2020-10-10,San Mateo,081,765935,10802,10218,11,10229,130
2020-10-10,Santa Barbara,083,443738,9569,9417,84,9501,116
2020-10-10,Santa Clara,085,1922200,23721,22354,50,22404,330
2020-10-10,Santa Cruz,087,273765,2664,2572,33,2605,13
2020-10-10,Shasta,089,179085,1790,1473,17,1490,20
2020-10-10,Sierra,091,2930,6,6,0,6,0
2020-10-10,Siskiyou,093,43540,172,161,10,171,0
2020-10-10,Solano,095,438530,6866,6655,42,6697,53
2020-10-10,Sonoma,097,501317,8722,8235,23,8258,133
2020-10-10,Stanislaus,099,539301,17120,16960,623,17583,360
2020-10-10,Sutter,101,95872,1760,1735,1,1736,12
2020-10-10,Tehama,103,63373,729,693,2,695,3
2020-10-10,Trinity,105,12862,69,19,9,28,0
2020-10-10,Tulare,107,460477,17245,16709,229,16938,286
2020-10-10,Tuolumne,109,53932,249,233,4,237,4
2020-10-10,Ventura,111,848112,14223,13520,283,13803,151
2020-10-10,Yolo,113,214977,3033,2939,6,2945,55
2020-10-10,Yuba,115,75493,1160,1134,5,1139,10
2020-10-09,Alameda,001,1643700,22560,21924,203,22127,399
2020-10-09,Alpine,003,1148,3,3,0,3,0
2020-10-09,Amador,005,37829,306,303,0,303,16
2020-10-09,Butte,007,227075,3071,2956,27,2983,51
2020-10-09,Calaveras,009,45235,319,262,0,262,11
2020-10-09,Colusa,011,21464,540,541,1,542,6
2020-10-09,Contra Costa,013,1133247,18077,17487,89,17576,229
2020-10-09,Del Norte,015,27424,165,161,0,161,2
2020-10-09,El Dorado,017,186661,1300,1234,5,1239,4
2020-10-09,Fresno,019,978130,32105,29208,413,29621,417
2020-10-09,Glenn,021,27897,632,617,0,617,3
2020-10-09,Humboldt,023,135768,533,516,1,517,7
2020-10-09,Imperial,025,180216,12299,11516,9,11525,330
2020-10-09,Inyo,027,18085,207,200,4,204,14
2020-10-09,Kern,029,883053,32969,32237,364,32601,417
2020-10-09,Kings,031,150075,8288,7993,48,8041,80
2020-10-09,Lake,033,64148,657,610,0,610,11
2020-10-09,Lassen,035,31185,762,751,2,753,0
2020-10-09,Los Angeles,037,10098052,283553,278039,2323,280362,6715
2020-10-09,Madera,039,155013,4816,4646,33,4679,50
2020-10-09,Marin,041,260295,6965,6838,18,6856,96
2020-10-09,Mariposa,043,17540,77,76,0,76,2
2020-10-09,Mendocino,045,87422,992,933,4,937,20
2020-10-09,Merced,047,269075,9240,9095,27,9122,145
2020-10-09,Modoc,049,8938,29,27,0,27,0
2020-10-09,Mono,051,14174,174,154,4,158,1
2020-10-09,Monterey,053,433212,10683,10369,44,10413,75
2020-10-09,Napa,055,140530,1864,1795,8,1803,11
2020-10-09,Nevada,057,99092,581,561,18,579,6
2020-10-09,Orange,059,3164182,57646,54746,1622,56368,1305
2020-10-09,Placer,061,380077,3910,3737,14,3751,48
2020-10-09,Plumas,063,18699,52,50,0,50,0
2020-10-09,Riverside,065,2383286,63250,61529,237,61766,1252
2020-10-09,Sacramento,067,1510023,24038,23606,27,23633,457
2020-10-09,San Benito,069,59416,1377,1367,0,1367,13
2020-10-09,San Bernardino,071,2135413,58807,56434,365,56799,1057
2020-10-09,San Diego,073,3302833,51928,49825,1242,51067,821
2020-10-09,San Francisco,075,870044,11769,11620,40,11660,120
2020-10-09,San Joaquin,077,732212,21013,20648,92,20740,481
2020-10-09,San Luis Obispo,079,281455,4084,3810,21,3831,32
2020-10-09,San Mateo,081,765935,10774,10140,11,10151,130
2020-10-09,Santa Barbara,083,443738,9541,9396,84,9480,116
2020-10-09,Santa Clara,085,1922200,23619,22251,49,22300,328
2020-10-09,Santa Cruz,087,273765,2655,2555,33,2588,13
2020-10-09,Shasta,089,179085,1764,1353,16,1369,20
2020-10-09,Sierra,091,2930,6,6,0,6,0
2020-10-09,Siskiyou,093,43540,170,156,10,166,0
2020-10-09,Solano,095,438530,6827,6614,42,6656,53
2020-10-09,Sonoma,097,501317,8668,8133,23,8156,133
2020-10-09,Stanislaus,099,539301,17096,16904,614,17518,362
2020-10-09,Sutter,101,95872,1756,1732,1,1733,12
2020-10-09,Tehama,103,63373,723,682,2,684,3
2020-10-09,Trinity,105,12862,69,25,9,34,0
2020-10-09,Tulare,107,460477,17205,16644,220,16864,286
2020-10-09,Tuolumne,109,53932,246,230,4,234,4
2020-10-09,Ventura,111,848112,14187,13469,280,13749,151
2020-10-09,Yolo,113,214977,3026,2928,6,2934,55
2020-10-09,Yuba,115,75493,1159,1129,5,1134,10
2020-10-08,Alameda,001,1643700,22479,21826,202,22028,395
2020-10-08,Alpine,003,1148,3,3,0,3,0
2020-10-08,Amador,005,37829,305,302,0,302,16
2020-10-08,Butte,007,227075,3061,2935,27,2962,51
2020-10-08,Calaveras,009,45235,318,262,0,262,11
2020-10-08,Colusa,011,21464,540,539,1,540,6
2020-10-08,Contra Costa,013,1133247,18017,17418,88,17506,228
2020-10-08,Del Norte,015,27424,165,151,0,151,2
2020-10-08,El Dorado,017,186661,1299,1230,5,1235,4
2020-10-08,Fresno,019,978130,32000,29111,413,29524,416
2020-10-08,Glenn,021,27897,629,616,0,616,3
2020-10-08,Humboldt,023,135768,529,515,1,516,7
2020-10-08,Imperial,025,180216,12260,11405,9,11414,330
2020-10-08,Inyo,027,18085,204,199,4,203,14
2020-10-08,Kern,029,883053,32911,32169,359,32528,411
2020-10-08,Kings,031,150075,8282,7968,48,8016,80
2020-10-08,Lake,033,64148,652,604,0,604,11
2020-10-08,Lassen,035,31185,757,751,2,753,0
2020-10-08,Los Angeles,037,10098052,282353,276763,2283,279046,6699
2020-10-08,Madera,039,155013,4797,4637,33,4670,50
2020-10-08,Marin,041,260295,6951,6810,18,6828,96
2020-10-08,Mariposa,043,17540,77,76,0,76,2
2020-10-08,Mendocino,045,87422,987,930,4,934,20
2020-10-08,Merced,047,269075,9220,9069,27,9096,144
2020-10-08,Modoc,049,8938,29,27,0,27,0
2020-10-08,Mono,051,14174,174,153,4,157,1
2020-10-08,Monterey,053,433212,10616,10343,44,10387,75
2020-10-08,Napa,055,140530,1849,1779,8,1787,11
2020-10-08,Nevada,057,99092,578,556,18,574,6
2020-10-08,Orange,059,3164182,57453,54523,1611,56134,1293
2020-10-08,Placer,061,380077,3892,3715,14,3729,48
2020-10-08,Plumas,063,18699,52,50,0,50,0
2020-10-08,Riverside,065,2383286,62981,61105,235,61340,1244
2020-10-08,Sacramento,067,1510023,23930,23482,27,23509,454
2020-10-08,San Benito,069,59416,1372,1367,0,1367,13
2020-10-08,San Bernardino,071,2135413,58441,56152,364,56516,1048
2020-10-08,San Diego,073,3302833,51648,49468,1210,50678,819
2020-10-08,San Francisco,075,870044,11731,11608,40,11648,115
2020-10-08,San Joaquin,077,732212,20961,20576,87,20663,478
2020-10-08,San Luis Obispo,079,281455,4068,3785,21,3806,32
2020-10-08,San Mateo,081,765935,10742,10044,11,10055,130
2020-10-08,Santa Barbara,083,443738,9513,9374,84,9458,116
2020-10-08,Santa Clara,085,1922200,23517,22095,49,22144,323
2020-10-08,Santa Cruz,087,273765,2643,2535,33,2568,13
2020-10-08,Shasta,089,179085,1730,1305,16,1321,20
2020-10-08,Sierra,091,2930,6,6,0,6,0
2020-10-08,Siskiyou,093,43540,170,156,10,166,0
2020-10-08,Solano,095,438530,6803,6556,42,6598,53
2020-10-08,Sonoma,097,501317,8602,8063,23,8086,132
2020-10-08,Stanislaus,099,539301,17050,16821,606,17427,360
2020-10-08,Sutter,101,95872,1756,1725,1,1726,12
2020-10-08,Tehama,103,63373,714,676,2,678,3
2020-10-08,Trinity,105,12862,68,25,9,34,0
2020-10-08,Tulare,107,460477,17144,16573,211,16784,283
2020-10-08,Tuolumne,109,53932,245,230,4,234,4
2020-10-08,Ventura,111,848112,14139,13399,278,13677,151
2020-10-08,Yolo,113,214977,3009,2914,6,2920,55
2020-10-08,Yuba,115,75493,1154,1126,5,1131,10
2020-10-07,Alameda,001,1643700,22402,21736,202,21938,395
2020-10-07,Alpine,003,1148,3,3,0,3,0
2020-10-07,Amador,005,37829,305,302,0,302,16
2020-10-07,Butte,007,227075,3049,2927,27,2954,47
2020-10-07,Calaveras,009,45235,316,262,0,262,11
2020-10-07,Colusa,011,21464,539,539,0,539,6
2020-10-07,Contra Costa,013,1133247,17947,17346,87,17433,225
2020-10-07,Del Norte,015,27424,164,149,0,149,2
2020-10-07,El Dorado,017,186661,1291,1219,5,1224,4
2020-10-07,Fresno,019,978130,31879,29069,408,29477,413
2020-10-07,Glenn,021,27897,629,615,0,615,3
2020-10-07,Humboldt,023,135768,526,512,1,513,7
2020-10-07,Imperial,025,180216,12223,11289,8,11297,330
2020-10-07,Inyo,027,18085,204,199,4,203,14
2020-10-07,Kern,029,883053,32838,32068,358,32426,410
2020-10-07,Kings,031,150075,8267,7948,48,7996,80
2020-10-07,Lake,033,64148,651,599,0,599,11
2020-10-07,Lassen,035,31185,757,751,2,753,0
2020-10-07,Los Angeles,037,10098052,281172,275559,2249,277808,6681
2020-10-07,Madera,039,155013,4777,4618,33,4651,50
2020-10-07,Marin,041,260295,6924,6790,18,6808,95
2020-10-07,Mariposa,043,17540,77,75,0,75,2
2020-10-07,Mendocino,045,87422,981,927,4,931,19
2020-10-07,Merced,047,269075,9183,9045,26,9071,144
2020-10-07,Modoc,049,8938,29,27,0,27,0
2020-10-07,Mono,051,14174,173,153,3,156,1
2020-10-07,Monterey,053,433212,10557,10272,44,10316,75
2020-10-07,Napa,055,140530,1836,1774,8,1782,11
2020-10-07,Nevada,057,99092,574,552,18,570,6
2020-10-07,Orange,059,3164182,57235,54332,1600,55932,1277
2020-10-07,Placer,061,380077,3876,3693,14,3707,48
2020-10-07,Plumas,063,18699,52,50,0,50,0
2020-10-07,Riverside,065,2383286,62634,60857,231,61088,1241
2020-10-07,Sacramento,067,1510023,23833,23380,27,23407,452
2020-10-07,San Benito,069,59416,1369,1363,0,1363,13
2020-10-07,San Bernardino,071,2135413,58092,55738,363,56101,1043
2020-10-07,San Diego,073,3302833,51332,49177,1186,50363,813
2020-10-07,San Francisco,075,870044,11696,11551,40,11591,115
2020-10-07,San Joaquin,077,732212,20909,20527,80,20607,478
2020-10-07,San Luis Obispo,079,281455,4038,3749,21,3770,32
2020-10-07,San Mateo,081,765935,10699,9980,11,9991,130
2020-10-07,Santa Barbara,083,443738,9487,9350,83,9433,116
2020-10-07,Santa Clara,085,1922200,23389,21993,49,22042,320
2020-10-07,Santa Cruz,087,273765,2631,2518,33,2551,14
2020-10-07,Shasta,089,179085,1687,1268,16,1284,20
2020-10-07,Sierra,091,2930,6,6,0,6,0
2020-10-07,Siskiyou,093,43540,168,154,10,164,0
2020-10-07,Solano,095,438530,6768,6526,42,6568,53
2020-10-07,Sonoma,097,501317,8527,7993,22,8015,130
2020-10-07,Stanislaus,099,539301,17015,16786,600,17386,357
2020-10-07,Sutter,101,95872,1753,1723,1,1724,12
2020-10-07,Tehama,103,63373,705,666,2,668,3
2020-10-07,Trinity,105,12862,64,25,8,33,0
2020-10-07,Tulare,107,460477,17101,16483,202,16685,282
2020-10-07,Tuolumne,109,53932,245,227,4,231,3
2020-10-07,Ventura,111,848112,14089,13333,272,13605,150
2020-10-07,Yolo,113,214977,2983,2904,6,2910,55
2020-10-07,Yuba,115,75493,1148,1120,5,1125,10
2020-10-06,Alameda,001,1643700,22311,21698,200,21898,385
2020-10-06,Alpine,003,1148,3,3,0,3,0
2020-10-06,Amador,005,37829,303,301,0,301,16
2020-10-06,Butte,007,227075,3042,2925,27,2952,47
2020-10-06,Calaveras,009,45235,316,261,0,261,11
2020-10-06,Colusa,011,21464,538,538,0,538,6
2020-10-06,Contra Costa,013,1133247,17868,17295,87,17382,219
2020-10-06,Del Norte,015,27424,164,144,0,144,2
2020-10-06,El Dorado,017,186661,1287,1211,5,1216,4
2020-10-06,Fresno,019,978130,31735,29022,405,29427,412
2020-10-06,Glenn,021,27897,626,604,0,604,3
2020-10-06,Humboldt,023,135768,523,508,1,509,7
2020-10-06,Imperial,025,180216,12185,11196,8,11204,327
2020-10-06,Inyo,027,18085,202,198,4,202,14
2020-10-06,Kern,029,883053,32761,32006,356,32362,407
2020-10-06,Kings,031,150075,8251,7943,48,7991,81
2020-10-06,Lake,033,64148,645,596,0,596,11
2020-10-06,Lassen,035,31185,757,743,2,745,0
2020-10-06,Los Angeles,037,10098052,279936,274115,2199,276314,6657
2020-10-06,Madera,039,155013,4765,4608,33,4641,50
2020-10-06,Marin,041,260295,6909,6766,18,6784,91
2020-10-06,Mariposa,043,17540,77,75,0,75,2
2020-10-06,Mendocino,045,87422,974,920,4,924,19
2020-10-06,Merced,047,269075,9147,9034,25,9059,143
2020-10-06,Modoc,049,8938,29,26,0,26,0
2020-10-06,Mono,051,14174,173,153,3,156,1
2020-10-06,Monterey,053,433212,10502,10235,42,10277,72
2020-10-06,Napa,055,140530,1830,1770,8,1778,11
2020-10-06,Nevada,057,99092,571,551,18,569,6
2020-10-06,Orange,059,3164182,57020,54203,1591,55794,1273
2020-10-06,Placer,061,380077,3854,3680,14,3694,48
2020-10-06,Plumas,063,18699,52,49,0,49,0
2020-10-06,Riverside,065,2383286,62369,60593,228,60821,1238
2020-10-06,Sacramento,067,1510023,23746,23322,27,23349,442
2020-10-06,San Benito,069,59416,1368,1358,0,1358,12
2020-10-06,San Bernardino,071,2135413,57777,55416,359,55775,1040
2020-10-06,San Diego,073,3302833,50995,48823,1169,49992,806
2020-10-06,San Francisco,075,870044,11670,11513,39,11552,115
2020-10-06,San Joaquin,077,732212,20869,20481,77,20558,477
2020-10-06,San Luis Obispo,079,281455,4004,3723,21,3744,32
2020-10-06,San Mateo,081,765935,10666,9934,11,9945,129
2020-10-06,Santa Barbara,083,443738,9458,9331,82,9413,116
2020-10-06,Santa Clara,085,1922200,23294,21914,49,21963,320
2020-10-06,Santa Cruz,087,273765,2609,2510,33,2543,12
2020-10-06,Shasta,089,179085,1647,1242,16,1258,18
2020-10-06,Sierra,091,2930,6,6,0,6,0
2020-10-06,Siskiyou,093,43540,168,154,10,164,0
2020-10-06,Solano,095,438530,6722,6506,42,6548,52
2020-10-06,Sonoma,097,501317,8434,7895,22,7917,130
2020-10-06,Stanislaus,099,539301,16970,16759,594,17353,354
2020-10-06,Sutter,101,95872,1751,1722,1,1723,12
2020-10-06,Tehama,103,63373,696,660,2,662,3
2020-10-06,Trinity,105,12862,64,25,8,33,0
2020-10-06,Tulare,107,460477,17059,16456,194,16650,280
2020-10-06,Tuolumne,109,53932,244,227,4,231,2
2020-10-06,Ventura,111,848112,14022,13242,267,13509,150
2020-10-06,Yolo,113,214977,2969,2899,6,2905,56
2020-10-06,Yuba,115,75493,1147,1114,5,1119,10
2020-10-05,Alameda,001,1643700,22223,21637,197,21834,383
2020-10-05,Alpine,003,1148,3,2,0,2,0
2020-10-05,Amador,005,37829,303,299,0,299,16
2020-10-05,Butte,007,227075,3032,2910,27,2937,46
2020-10-05,Calaveras,009,45235,316,259,0,259,11
2020-10-05,Colusa,011,21464,538,537,0,537,6
2020-10-05,Contra Costa,013,1133247,17791,17250,87,17337,216
2020-10-05,Del Norte,015,27424,161,142,0,142,2
2020-10-05,El Dorado,017,186661,1283,1202,5,1207,4
2020-10-05,Fresno,019,978130,31618,29136,405,29541,408
2020-10-05,Glenn,021,27897,624,603,0,603,3
2020-10-05,Humboldt,023,135768,522,506,1,507,6
2020-10-05,Imperial,025,180216,12145,11169,8,11177,327
2020-10-05,Inyo,027,18085,202,197,4,201,14
2020-10-05,Kern,029,883053,32682,31933,352,32285,404
2020-10-05,Kings,031,150075,8154,7932,48,7980,80
2020-10-05,Lake,033,64148,641,592,0,592,10
2020-10-05,Lassen,035,31185,756,743,2,745,0
2020-10-05,Los Angeles,037,10098052,278846,273200,2158,275358,6632
2020-10-05,Madera,039,155013,4757,4598,31,4629,50
2020-10-05,Marin,041,260295,6892,6751,18,6769,91
2020-10-05,Mariposa,043,17540,77,75,0,75,2
2020-10-05,Mendocino,045,87422,966,913,4,917,19
2020-10-05,Merced,047,269075,9128,9021,24,9045,143
2020-10-05,Modoc,049,8938,29,26,0,26,0
2020-10-05,Mono,051,14174,173,152,3,155,1
2020-10-05,Monterey,053,433212,10455,10187,42,10229,72
2020-10-05,Napa,055,140530,1819,1760,8,1768,11
2020-10-05,Nevada,057,99092,568,550,17,567,6
2020-10-05,Orange,059,3164182,56804,54103,1578,55681,1271
2020-10-05,Placer,061,380077,3828,3670,14,3684,46
2020-10-05,Plumas,063,18699,51,49,0,49,0
2020-10-05,Riverside,065,2383286,62049,60454,224,60678,1232
2020-10-05,Sacramento,067,1510023,23642,23207,27,23234,438
2020-10-05,San Benito,069,59416,1365,1356,0,1356,12
2020-10-05,San Bernardino,071,2135413,57469,55100,358,55458,1031
2020-10-05,San Diego,073,3302833,50659,48662,1145,49807,803
2020-10-05,San Francisco,075,870044,11631,11476,36,11512,110
2020-10-05,San Joaquin,077,732212,20798,20319,74,20393,476
2020-10-05,San Luis Obispo,079,281455,3977,3710,21,3731,32
2020-10-05,San Mateo,081,765935,10639,9896,11,9907,128
2020-10-05,Santa Barbara,083,443738,9436,9309,82,9391,116
2020-10-05,Santa Clara,085,1922200,23176,21861,49,21910,319
2020-10-05,Santa Cruz,087,273765,2597,2492,33,2525,9
2020-10-05,Shasta,089,179085,1615,1158,16,1174,18
2020-10-05,Sierra,091,2930,6,6,0,6,0
2020-10-05,Siskiyou,093,43540,168,153,10,163,0
2020-10-05,Solano,095,438530,6683,6475,42,6517,52
2020-10-05,Sonoma,097,501317,8342,7817,22,7839,130
2020-10-05,Stanislaus,099,539301,16935,16730,587,17317,351
2020-10-05,Sutter,101,95872,1743,1719,1,1720,12
2020-10-05,Tehama,103,63373,688,642,2,644,3
2020-10-05,Trinity,105,12862,62,22,8,30,0
2020-10-05,Tulare,107,460477,17000,16343,189,16532,278
2020-10-05,Tuolumne,109,53932,241,226,4,230,2
2020-10-05,Ventura,111,848112,13953,13224,247,13471,149
2020-10-05,Yolo,113,214977,2950,2889,6,2895,56
2020-10-05,Yuba,115,75493,1134,1108,5,1113,9
2020-10-04,Alameda,001,1643700,22127,21597,197,21794,383
2020-10-04,Alpine,003,1148,3,2,0,2,0
2020-10-04,Amador,005,37829,302,297,0,297,16
2020-10-04,Butte,007,227075,3018,2903,27,2930,46
2020-10-04,Calaveras,009,45235,316,259,0,259,11
2020-10-04,Colusa,011,21464,537,537,0,537,6
2020-10-04,Contra Costa,013,1133247,17726,17192,87,17279,214
2020-10-04,Del Norte,015,27424,157,142,0,142,2
2020-10-04,El Dorado,017,186661,1279,1196,5,1201,4
2020-10-04,Fresno,019,978130,31495,29065,405,29470,408
2020-10-04,Glenn,021,27897,622,601,0,601,3
2020-10-04,Humboldt,023,135768,521,506,1,507,6
2020-10-04,Imperial,025,180216,12106,11127,8,11135,327
2020-10-04,Inyo,027,18085,199,195,4,199,14
2020-10-04,Kern,029,883053,32608,31906,348,32254,404
2020-10-04,Kings,031,150075,8139,7919,48,7967,80
2020-10-04,Lake,033,64148,627,589,0,589,10
2020-10-04,Lassen,035,31185,756,743,2,745,0
2020-10-04,Los Angeles,037,10098052,277457,272822,2110,274932,6625
2020-10-04,Madera,039,155013,4741,4587,31,4618,50
2020-10-04,Marin,041,260295,6872,6741,18,6759,91
2020-10-04,Mariposa,043,17540,77,75,0,75,2
2020-10-04,Mendocino,045,87422,953,905,4,909,18
2020-10-04,Merced,047,269075,9103,9006,24,9030,140
2020-10-04,Modoc,049,8938,29,26,0,26,0
2020-10-04,Mono,051,14174,172,152,2,154,1
2020-10-04,Monterey,053,433212,10414,10141,41,10182,72
2020-10-04,Napa,055,140530,1807,1759,8,1767,11
2020-10-04,Nevada,057,99092,564,547,16,563,6
2020-10-04,Orange,059,3164182,56568,53966,1569,55535,1270
2020-10-04,Placer,061,380077,3807,3664,14,3678,46
2020-10-04,Plumas,063,18699,51,49,0,49,0
2020-10-04,Riverside,065,2383286,61763,60251,220,60471,1226
2020-10-04,Sacramento,067,1510023,23529,23162,27,23189,438
2020-10-04,San Benito,069,59416,1365,1355,0,1355,12
2020-10-04,San Bernardino,071,2135413,57021,55100,356,55456,1031
2020-10-04,San Diego,073,3302833,50292,48438,1120,49558,803
2020-10-04,San Francisco,075,870044,11599,11474,34,11508,110
2020-10-04,San Joaquin,077,732212,20721,20320,68,20388,476
2020-10-04,San Luis Obispo,079,281455,3952,3688,21,3709,31
2020-10-04,San Mateo,081,765935,10579,9858,11,9869,128
2020-10-04,Santa Barbara,083,443738,9410,9276,80,9356,116
2020-10-04,Santa Clara,085,1922200,23039,21780,49,21829,316
2020-10-04,Santa Cruz,087,273765,2581,2483,33,2516,9
2020-10-04,Shasta,089,179085,1517,1158,15,1173,18
2020-10-04,Sierra,091,2930,6,6,0,6,0
2020-10-04,Siskiyou,093,43540,168,153,10,163,0
2020-10-04,Solano,095,438530,6632,6445,42,6487,52
2020-10-04,Sonoma,097,501317,8254,7794,22,7816,129
2020-10-04,Stanislaus,099,539301,16885,16711,578,17289,351
2020-10-04,Sutter,101,95872,1740,1711,1,1712,11
2020-10-04,Tehama,103,63373,673,637,2,639,3
2020-10-04,Trinity,105,12862,61,21,8,29,0
2020-10-04,Tulare,107,460477,16923,16343,178,16521,278
2020-10-04,Tuolumne,109,53932,239,226,4,230,2
2020-10-04,Ventura,111,848112,13871,13197,230,13427,149
2020-10-04,Yolo,113,214977,2939,2875,6,2881,56
2020-10-04,Yuba,115,75493,1130,1103,5,1108,9
2020-10-03,Alameda,001,1643700,22081,21510,196,21706,386
2020-10-03,Alpine,003,1148,3,2,0,2,0
2020-10-03,Amador,005,37829,301,296,0,296,16
2020-10-03,Butte,007,227075,3012,2894,27,2921,46
2020-10-03,Calaveras,009,45235,316,259,0,259,11
2020-10-03,Colusa,011,21464,536,537,0,537,6
2020-10-03,Contra Costa,013,1133247,17676,17087,85,17172,213
2020-10-03,Del Norte,015,27424,153,142,0,142,2
2020-10-03,El Dorado,017,186661,1272,1188,5,1193,4
2020-10-03,Fresno,019,978130,31435,28975,404,29379,408
2020-10-03,Glenn,021,27897,620,601,0,601,3
2020-10-03,Humboldt,023,135768,520,504,1,505,6
2020-10-03,Imperial,025,180216,12083,11090,8,11098,327
2020-10-03,Inyo,027,18085,199,194,4,198,14
2020-10-03,Kern,029,883053,32558,31864,344,32208,403
2020-10-03,Kings,031,150075,8135,7887,48,7935,80
2020-10-03,Lake,033,64148,617,588,0,588,10
2020-10-03,Lassen,035,31185,756,743,2,745,0
2020-10-03,Los Angeles,037,10098052,276752,271869,2081,273950,6620
2020-10-03,Madera,039,155013,4724,4565,31,4596,50
2020-10-03,Marin,041,260295,6866,6728,18,6746,91
2020-10-03,Mariposa,043,17540,77,75,0,75,2
2020-10-03,Mendocino,045,87422,951,898,4,902,18
2020-10-03,Merced,047,269075,9090,8986,24,9010,139
2020-10-03,Modoc,049,8938,29,26,0,26,0
2020-10-03,Mono,051,14174,171,152,2,154,1
2020-10-03,Monterey,053,433212,10380,10092,38,10130,72
2020-10-03,Napa,055,140530,1803,1752,8,1760,11
2020-10-03,Nevada,057,99092,563,544,16,560,6
2020-10-03,Orange,059,3164182,56451,53573,1564,55137,1268
2020-10-03,Placer,061,380077,3796,3648,14,3662,47
2020-10-03,Plumas,063,18699,51,48,0,48,0
2020-10-03,Riverside,065,2383286,61611,59991,218,60209,1226
2020-10-03,Sacramento,067,1510023,23478,23076,27,23103,437
2020-10-03,San Benito,069,59416,1365,1351,0,1351,12
2020-10-03,San Bernardino,071,2135413,56848,55004,353,55357,1031
2020-10-03,San Diego,073,3302833,50061,48202,1103,49305,798
2020-10-03,San Francisco,075,870044,11574,11475,32,11507,110
2020-10-03,San Joaquin,077,732212,20695,20322,68,20390,476
2020-10-03,San Luis Obispo,079,281455,3928,3670,21,3691,31
2020-10-03,San Mateo,081,765935,10553,9822,10,9832,128
2020-10-03,Santa Barbara,083,443738,9397,9256,80,9336,116
2020-10-03,Santa Clara,085,1922200,22959,21672,49,21721,309
2020-10-03,Santa Cruz,087,273765,2573,2476,33,2509,9
2020-10-03,Shasta,089,179085,1489,1117,14,1131,18
2020-10-03,Sierra,091,2930,6,6,0,6,0
2020-10-03,Siskiyou,093,43540,168,152,10,162,0
2020-10-03,Solano,095,438530,6606,6419,42,6461,52
2020-10-03,Sonoma,097,501317,8211,7747,22,7769,129
2020-10-03,Stanislaus,099,539301,16852,16645,574,17219,351
2020-10-03,Sutter,101,95872,1736,1705,1,1706,11
2020-10-03,Tehama,103,63373,667,630,2,632,3
2020-10-03,Trinity,105,12862,61,15,8,23,0
2020-10-03,Tulare,107,460477,16879,16322,174,16496,278
2020-10-03,Tuolumne,109,53932,238,224,4,228,2
2020-10-03,Ventura,111,848112,13832,13150,226,13376,148
2020-10-03,Yolo,113,214977,2932,2863,6,2869,56
2020-10-03,Yuba,115,75493,1122,1097,5,1102,8
2020-10-02,Alameda,001,1643700,22026,21404,195,21599,382
2020-10-02,Alpine,003,1148,3,2,0,2,0
2020-10-02,Amador,005,37829,300,296,0,296,16
2020-10-02,Butte,007,227075,3002,2879,27,2906,46
2020-10-02,Calaveras,009,45235,315,259,0,259,11
2020-10-02,Colusa,011,21464,535,537,0,537,6
2020-10-02,Contra Costa,013,1133247,17633,17002,84,17086,213
2020-10-02,Del Norte,015,27424,152,141,0,141,2
2020-10-02,El Dorado,017,186661,1265,1168,5,1173,4
2020-10-02,Fresno,019,978130,31352,28855,404,29259,403
2020-10-02,Glenn,021,27897,615,594,0,594,3
2020-10-02,Humboldt,023,135768,519,503,1,504,6
2020-10-02,Imperial,025,180216,12061,11024,8,11032,327
2020-10-02,Inyo,027,18085,197,191,4,195,14
2020-10-02,Kern,029,883053,32506,31790,342,32132,399
2020-10-02,Kings,031,150075,8126,7716,48,7764,79
2020-10-02,Lake,033,64148,611,579,0,579,10
2020-10-02,Lassen,035,31185,756,742,2,744,0
2020-10-02,Los Angeles,037,10098052,275850,270935,2054,272989,6602
2020-10-02,Madera,039,155013,4715,4537,31,4568,49
2020-10-02,Marin,041,260295,6849,6717,18,6735,91
2020-10-02,Mariposa,043,17540,77,75,0,75,2
2020-10-02,Mendocino,045,87422,946,883,4,887,18
2020-10-02,Merced,047,269075,9080,8961,24,8985,139
2020-10-02,Modoc,049,8938,29,26,0,26,0
2020-10-02,Mono,051,14174,171,150,2,152,1
2020-10-02,Monterey,053,433212,10346,9997,38,10035,71
2020-10-02,Napa,055,140530,1797,1737,8,1745,11
2020-10-02,Nevada,057,99092,560,543,16,559,6
2020-10-02,Orange,059,3164182,56320,53299,1557,54856,1262
2020-10-02,Placer,061,380077,3776,3612,14,3626,46
2020-10-02,Plumas,063,18699,51,48,0,48,0
2020-10-02,Riverside,065,2383286,61390,59673,215,59888,1223
2020-10-02,Sacramento,067,1510023,23413,22818,27,22845,436
2020-10-02,San Benito,069,59416,1361,1347,0,1347,12
2020-10-02,San Bernardino,071,2135413,56660,54613,353,54966,1028
2020-10-02,San Diego,073,3302833,49808,47793,1088,48881,794
2020-10-02,San Francisco,075,870044,11551,11398,32,11430,110
2020-10-02,San Joaquin,077,732212,20661,20235,67,20302,474
2020-10-02,San Luis Obispo,079,281455,3905,3654,21,3675,31
2020-10-02,San Mateo,081,765935,10512,9745,10,9755,128
2020-10-02,Santa Barbara,083,443738,9374,9234,80,9314,116
2020-10-02,Santa Clara,085,1922200,22873,21545,48,21593,305
2020-10-02,Santa Cruz,087,273765,2556,2463,33,2496,9
2020-10-02,Shasta,089,179085,1454,1046,14,1060,18
2020-10-02,Sierra,091,2930,6,6,0,6,0
2020-10-02,Siskiyou,093,43540,168,151,10,161,0
2020-10-02,Solano,095,438530,6576,6385,42,6427,52
2020-10-02,Sonoma,097,501317,8154,7662,22,7684,125
2020-10-02,Stanislaus,099,539301,16811,16609,565,17174,349
2020-10-02,Sutter,101,95872,1735,1693,1,1694,11
2020-10-02,Tehama,103,63373,662,619,2,621,3
2020-10-02,Trinity,105,12862,61,15,8,23,0
2020-10-02,Tulare,107,460477,16838,16245,167,16412,278
2020-10-02,Tuolumne,109,53932,236,225,4,229,2
2020-10-02,Ventura,111,848112,13793,13120,221,13341,146
2020-10-02,Yolo,113,214977,2927,2845,6,2851,55
2020-10-02,Yuba,115,75493,1120,1090,5,1095,8
2020-10-01,Alameda,001,1643700,21965,21349,191,21540,383
2020-10-01,Alpine,003,1148,3,2,0,2,0
2020-10-01,Amador,005,37829,300,294,0,294,16
2020-10-01,Butte,007,227075,2994,2865,27,2892,45
2020-10-01,Calaveras,009,45235,315,257,0,257,11
2020-10-01,Colusa,011,21464,535,536,0,536,6
2020-10-01,Contra Costa,013,1133247,17570,16898,84,16982,211
2020-10-01,Del Norte,015,27424,147,140,0,140,2
2020-10-01,El Dorado,017,186661,1261,1162,4,1166,4
2020-10-01,Fresno,019,978130,31271,28796,402,29198,397
2020-10-01,Glenn,021,27897,611,593,0,593,3
2020-10-01,Humboldt,023,135768,519,499,1,500,6
2020-10-01,Imperial,025,180216,12018,10928,8,10936,325
2020-10-01,Inyo,027,18085,197,191,4,195,14
2020-10-01,Kern,029,883053,32443,31678,337,32015,399
2020-10-01,Kings,031,150075,8115,7688,45,7733,79
2020-10-01,Lake,033,64148,605,572,0,572,11
2020-10-01,Lassen,035,31185,753,742,2,744,0
2020-10-01,Los Angeles,037,10098052,274808,271513,2020,273533,6621
2020-10-01,Madera,039,155013,4692,4508,31,4539,48
2020-10-01,Marin,041,260295,6835,6710,18,6728,92
2020-10-01,Mariposa,043,17540,77,76,0,76,2
2020-10-01,Mendocino,045,87422,941,874,4,878,19
2020-10-01,Merced,047,269075,9052,8942,24,8966,138
2020-10-01,Modoc,049,8938,29,26,0,26,0
2020-10-01,Mono,051,14174,169,150,2,152,1
2020-10-01,Monterey,053,433212,10270,9958,38,9996,71
2020-10-01,Napa,055,140530,1789,1729,8,1737,11
2020-10-01,Nevada,057,99092,559,543,16,559,6
2020-10-01,Orange,059,3164182,56155,53088,1544,54632,1257
2020-10-01,Placer,061,380077,3749,3599,14,3613,45
2020-10-01,Plumas,063,18699,51,48,0,48,0
2020-10-01,Riverside,065,2383286,61138,59293,209,59502,1223
2020-10-01,Sacramento,067,1510023,23301,22714,26,22740,433
2020-10-01,San Benito,069,59416,1359,1346,0,1346,12
2020-10-01,San Bernardino,071,2135413,56366,54350,350,54700,1021
2020-10-01,San Diego,073,3302833,49526,47487,1068,48555,792
2020-10-01,San Francisco,075,870044,11520,11284,30,11314,110
2020-10-01,San Joaquin,077,732212,20614,20204,64,20268,471
2020-10-01,San Luis Obispo,079,281455,3878,3625,21,3646,31
2020-10-01,San Mateo,081,765935,10467,9681,10,9691,128
2020-10-01,Santa Barbara,083,443738,9334,9215,80,9295,118
2020-10-01,Santa Clara,085,1922200,22772,21398,48,21446,305
2020-10-01,Santa Cruz,087,273765,2541,2418,33,2451,10
2020-10-01,Shasta,089,179085,1403,991,14,1005,18
2020-10-01,Sierra,091,2930,6,6,0,6,0
2020-10-01,Siskiyou,093,43540,165,150,10,160,0
2020-10-01,Solano,095,438530,6538,6352,42,6394,52
2020-10-01,Sonoma,097,501317,8087,7569,22,7591,125
2020-10-01,Stanislaus,099,539301,16778,16555,559,17114,346
2020-10-01,Sutter,101,95872,1730,1684,1,1685,11
2020-10-01,Tehama,103,63373,652,606,2,608,3
2020-10-01,Trinity,105,12862,61,15,8,23,0
2020-10-01,Tulare,107,460477,16763,16182,164,16346,275
2020-10-01,Tuolumne,109,53932,236,223,4,227,2
2020-10-01,Ventura,111,848112,13741,13057,207,13264,146
2020-10-01,Yolo,113,214977,2909,2833,6,2839,55
2020-10-01,Yuba,115,75493,1116,1082,5,1087,8
2020-09-30,Alameda,001,1643700,21887,21271,188,21459,380
2020-09-30,Alpine,003,1148,3,2,0,2,0
2020-09-30,Amador,005,37829,300,294,0,294,16
2020-09-30,Butte,007,227075,2986,2858,27,2885,44
2020-09-30,Calaveras,009,45235,314,258,0,258,11
2020-09-30,Colusa,011,21464,534,534,0,534,6
2020-09-30,Contra Costa,013,1133247,17502,16819,84,16903,211
2020-09-30,Del Norte,015,27424,146,140,0,140,2
2020-09-30,El Dorado,017,186661,1249,1157,4,1161,4
2020-09-30,Fresno,019,978130,31180,28706,399,29105,395
2020-09-30,Glenn,021,27897,606,592,0,592,3
2020-09-30,Humboldt,023,135768,517,497,1,498,6
2020-09-30,Imperial,025,180216,11993,10868,8,10876,287
2020-09-30,Inyo,027,18085,196,189,4,193,14
2020-09-30,Kern,029,883053,32368,31601,336,31937,398
2020-09-30,Kings,031,150075,8086,7685,45,7730,79
2020-09-30,Lake,033,64148,599,567,0,567,10
2020-09-30,Lassen,035,31185,750,742,2,744,0
2020-09-30,Los Angeles,037,10098052,273583,270260,1987,272247,6568
2020-09-30,Madera,039,155013,4683,4477,31,4508,47
2020-09-30,Marin,041,260295,6811,6700,17,6717,91
2020-09-30,Mariposa,043,17540,77,76,0,76,2
2020-09-30,Mendocino,045,87422,935,867,4,871,17
2020-09-30,Merced,047,269075,9032,8926,24,8950,136
2020-09-30,Modoc,049,8938,29,26,0,26,0
2020-09-30,Mono,051,14174,169,150,2,152,1
2020-09-30,Monterey,053,433212,10220,9898,37,9935,70
2020-09-30,Napa,055,140530,1775,1728,8,1736,11
2020-09-30,Nevada,057,99092,557,540,16,556,6
2020-09-30,Orange,059,3164182,55964,52916,1527,54443,1251
2020-09-30,Placer,061,380077,3728,3585,14,3599,43
2020-09-30,Plumas,063,18699,51,48,0,48,0
2020-09-30,Riverside,065,2383286,60783,59074,205,59279,1220
2020-09-30,Sacramento,067,1510023,23197,22613,26,22639,429
2020-09-30,San Benito,069,59416,1356,1342,0,1342,12
2020-09-30,San Bernardino,071,2135413,56088,53988,348,54336,1018
2020-09-30,San Diego,073,3302833,49222,47182,1047,48229,783
2020-09-30,San Francisco,075,870044,11490,11247,30,11277,106
2020-09-30,San Joaquin,077,732212,20531,20150,62,20212,461
2020-09-30,San Luis Obispo,079,281455,3853,3597,21,3618,31
2020-09-30,San Mateo,081,765935,10425,9634,10,9644,128
2020-09-30,Santa Barbara,083,443738,9308,9186,80,9266,115
2020-09-30,Santa Clara,085,1922200,22667,21318,48,21366,302
2020-09-30,Santa Cruz,087,273765,2528,2405,33,2438,10
2020-09-30,Shasta,089,179085,1347,976,13,989,17
2020-09-30,Sierra,091,2930,6,6,0,6,0
2020-09-30,Siskiyou,093,43540,163,150,10,160,0
2020-09-30,Solano,095,438530,6496,6315,42,6357,51
2020-09-30,Sonoma,097,501317,7998,7494,22,7516,125
2020-09-30,Stanislaus,099,539301,16731,16531,553,17084,343
2020-09-30,Sutter,101,95872,1714,1680,1,1681,10
2020-09-30,Tehama,103,63373,646,594,2,596,3
2020-09-30,Trinity,105,12862,58,15,8,23,0
2020-09-30,Tulare,107,460477,16697,16117,157,16274,274
2020-09-30,Tuolumne,109,53932,234,224,4,228,2
2020-09-30,Ventura,111,848112,13706,12968,191,13159,145
2020-09-30,Yolo,113,214977,2896,2822,6,2828,55
2020-09-30,Yuba,115,75493,1113,1075,5,1080,8
2020-09-29,Alameda,001,1643700,21811,21241,185,21426,374
2020-09-29,Alpine,003,1148,3,2,0,2,0
2020-09-29,Amador,005,37829,298,294,0,294,16
2020-09-29,Butte,007,227075,2972,2848,27,2875,44
2020-09-29,Calaveras,009,45235,312,261,0,261,11
2020-09-29,Colusa,011,21464,534,534,0,534,6
2020-09-29,Contra Costa,013,1133247,17447,16716,82,16798,209
2020-09-29,Del Norte,015,27424,142,142,0,142,2
2020-09-29,El Dorado,017,186661,1240,1151,4,1155,4
2020-09-29,Fresno,019,978130,31085,28621,398,29019,394
2020-09-29,Glenn,021,27897,602,589,0,589,3
2020-09-29,Humboldt,023,135768,515,497,1,498,6
2020-09-29,Imperial,025,180216,11959,10811,8,10819,283
2020-09-29,Inyo,027,18085,195,188,4,192,14
2020-09-29,Kern,029,883053,32313,31534,335,31869,397
2020-09-29,Kings,031,150075,8030,7681,45,7726,78
2020-09-29,Lake,033,64148,597,566,0,566,11
2020-09-29,Lassen,035,31185,750,741,2,743,0
2020-09-29,Los Angeles,037,10098052,272368,269246,1958,271204,6545
2020-09-29,Madera,039,155013,4659,4453,31,4484,47
2020-09-29,Marin,041,260295,6790,6692,17,6709,91
2020-09-29,Mariposa,043,17540,77,74,0,74,2
2020-09-29,Mendocino,045,87422,925,854,4,858,17
2020-09-29,Merced,047,269075,9019,8892,22,8914,136
2020-09-29,Modoc,049,8938,29,26,0,26,0
2020-09-29,Mono,051,14174,169,149,2,151,1
2020-09-29,Monterey,053,433212,10165,9826,35,9861,70
2020-09-29,Napa,055,140530,1772,1727,8,1735,11
2020-09-29,Nevada,057,99092,552,539,16,555,6
2020-09-29,Orange,059,3164182,55778,52755,1516,54271,1231
2020-09-29,Placer,061,380077,3706,3570,14,3584,42
2020-09-29,Plumas,063,18699,51,48,0,48,0
2020-09-29,Riverside,065,2383286,60453,58863,198,59061,1208
2020-09-29,Sacramento,067,1510023,23076,22547,26,22573,425
2020-09-29,San Benito,069,59416,1351,1341,0,1341,12
2020-09-29,San Bernardino,071,2135413,55777,53753,347,54100,1012
2020-09-29,San Diego,073,3302833,48945,46987,1024,48011,781
2020-09-29,San Francisco,075,870044,11454,11142,30,11172,104
2020-09-29,San Joaquin,077,732212,20465,20094,60,20154,454
2020-09-29,San Luis Obispo,079,281455,3831,3581,21,3602,31
2020-09-29,San Mateo,081,765935,10378,9619,10,9629,127
2020-09-29,Santa Barbara,083,443738,9288,9149,79,9228,114
2020-09-29,Santa Clara,085,1922200,22531,21233,47,21280,302
2020-09-29,Santa Cruz,087,273765,2513,2383,32,2415,10
2020-09-29,Shasta,089,179085,1286,943,13,956,17
2020-09-29,Sierra,091,2930,6,6,0,6,0
2020-09-29,Siskiyou,093,43540,157,150,10,160,0
2020-09-29,Solano,095,438530,6462,6303,42,6345,51
2020-09-29,Sonoma,097,501317,7926,7426,22,7448,125
2020-09-29,Stanislaus,099,539301,16701,16505,547,17052,341
2020-09-29,Sutter,101,95872,1708,1677,1,1678,10
2020-09-29,Tehama,103,63373,628,585,2,587,2
2020-09-29,Trinity,105,12862,56,16,8,24,0
2020-09-29,Tulare,107,460477,16633,16055,150,16205,270
2020-09-29,Tuolumne,109,53932,234,224,4,228,2
2020-09-29,Ventura,111,848112,13649,12875,188,13063,145
2020-09-29,Yolo,113,214977,2883,2818,6,2824,55
2020-09-29,Yuba,115,75493,1111,1071,5,1076,8
2020-09-28,Alameda,001,1643700,21724,21133,185,21318,370
2020-09-28,Alpine,003,1148,3,2,0,2,0
2020-09-28,Amador,005,37829,296,294,0,294,16
2020-09-28,Butte,007,227075,2957,2837,27,2864,44
2020-09-28,Calaveras,009,45235,312,257,0,257,11
2020-09-28,Colusa,011,21464,533,531,0,531,6
2020-09-28,Contra Costa,013,1133247,17382,16653,82,16735,195
2020-09-28,Del Norte,015,27424,142,138,0,138,2
2020-09-28,El Dorado,017,186661,1233,1144,4,1148,4
2020-09-28,Fresno,019,978130,31003,28517,390,28907,389
2020-09-28,Glenn,021,27897,600,585,0,585,3
2020-09-28,Humboldt,023,135768,509,495,1,496,6
2020-09-28,Imperial,025,180216,11924,10777,8,10785,283
2020-09-28,Inyo,027,18085,194,188,4,192,14
2020-09-28,Kern,029,883053,32248,31481,330,31811,395
2020-09-28,Kings,031,150075,7889,7661,43,7704,78
2020-09-28,Lake,033,64148,593,559,0,559,10
2020-09-28,Lassen,035,31185,749,737,2,739,0
2020-09-28,Los Angeles,037,10098052,271262,268404,1928,270332,6508
2020-09-28,Madera,039,155013,4638,4438,31,4469,47
2020-09-28,Marin,041,260295,6774,6676,17,6693,91
2020-09-28,Mariposa,043,17540,77,74,0,74,2
2020-09-28,Mendocino,045,87422,910,850,4,854,17
2020-09-28,Merced,047,269075,8991,8869,22,8891,136
2020-09-28,Modoc,049,8938,29,26,0,26,0
2020-09-28,Mono,051,14174,169,148,2,150,1
2020-09-28,Monterey,053,433212,10100,9780,33,9813,69
2020-09-28,Napa,055,140530,1760,1705,8,1713,11
2020-09-28,Nevada,057,99092,544,538,16,554,6
2020-09-28,Orange,059,3164182,55572,52633,1507,54140,1196
2020-09-28,Placer,061,380077,3685,3572,14,3586,42
2020-09-28,Plumas,063,18699,50,48,0,48,0
2020-09-28,Riverside,065,2383286,60155,58570,189,58759,1198
2020-09-28,Sacramento,067,1510023,22929,22392,26,22418,423
2020-09-28,San Benito,069,59416,1348,1336,0,1336,11
2020-09-28,San Bernardino,071,2135413,55428,53501,347,53848,988
2020-09-28,San Diego,073,3302833,48627,46736,1004,47740,776
2020-09-28,San Francisco,075,870044,11420,11114,30,11144,100
2020-09-28,San Joaquin,077,732212,20416,19982,59,20041,448
2020-09-28,San Luis Obispo,079,281455,3810,3567,21,3588,31
2020-09-28,San Mateo,081,765935,10328,9582,10,9592,127
2020-09-28,Santa Barbara,083,443738,9270,9121,79,9200,114
2020-09-28,Santa Clara,085,1922200,22414,21180,47,21227,271
2020-09-28,Santa Cruz,087,273765,2503,2359,32,2391,9
2020-09-28,Shasta,089,179085,1232,883,10,893,17
2020-09-28,Sierra,091,2930,6,6,0,6,0
2020-09-28,Siskiyou,093,43540,157,149,10,159,0
2020-09-28,Solano,095,438530,6426,6254,42,6296,51
2020-09-28,Sonoma,097,501317,7850,7369,22,7391,125
2020-09-28,Stanislaus,099,539301,16661,16467,540,17007,336
2020-09-28,Sutter,101,95872,1701,1676,1,1677,10
2020-09-28,Tehama,103,63373,620,579,2,581,2
2020-09-28,Trinity,105,12862,56,16,8,24,0
2020-09-28,Tulare,107,460477,16580,15918,145,16063,270
2020-09-28,Tuolumne,109,53932,234,225,4,229,2
2020-09-28,Ventura,111,848112,13571,12812,181,12993,139
2020-09-28,Yolo,113,214977,2866,2809,6,2815,55
2020-09-28,Yuba,115,75493,1108,1062,5,1067,7
2020-09-27,Alameda,001,1643700,21643,21077,181,21258,370
2020-09-27,Alpine,003,1148,3,2,0,2,0
2020-09-27,Amador,005,37829,296,291,0,291,16
2020-09-27,Butte,007,227075,2945,2833,27,2860,44
2020-09-27,Calaveras,009,45235,311,257,0,257,11
2020-09-27,Colusa,011,21464,532,531,0,531,6
2020-09-27,Contra Costa,013,1133247,17280,16596,81,16677,195
2020-09-27,Del Norte,015,27424,142,138,0,138,2
2020-09-27,El Dorado,017,186661,1218,1130,4,1134,4
2020-09-27,Fresno,019,978130,30897,28441,390,28831,389
2020-09-27,Glenn,021,27897,596,576,0,576,3
2020-09-27,Humboldt,023,135768,507,492,1,493,6
2020-09-27,Imperial,025,180216,11890,10743,8,10751,283
2020-09-27,Inyo,027,18085,192,188,4,192,14
2020-09-27,Kern,029,883053,32129,31462,327,31789,395
2020-09-27,Kings,031,150075,7869,7641,43,7684,78
2020-09-27,Lake,033,64148,589,555,0,555,10
2020-09-27,Lassen,035,31185,749,737,2,739,0
2020-09-27,Los Angeles,037,10098052,270084,267754,1908,269662,6507
2020-09-27,Madera,039,155013,4609,4416,31,4447,47
2020-09-27,Marin,041,260295,6764,6663,17,6680,91
2020-09-27,Mariposa,043,17540,77,74,0,74,2
2020-09-27,Mendocino,045,87422,904,846,4,850,17
2020-09-27,Merced,047,269075,8957,8853,22,8875,136
2020-09-27,Modoc,049,8938,29,26,0,26,0
2020-09-27,Mono,051,14174,169,148,2,150,1
2020-09-27,Monterey,053,433212,10040,9724,32,9756,69
2020-09-27,Napa,055,140530,1755,1690,8,1698,11
2020-09-27,Nevada,057,99092,543,537,16,553,6
2020-09-27,Orange,059,3164182,55297,52458,1498,53956,1195
2020-09-27,Placer,061,380077,3672,3562,14,3576,42
2020-09-27,Plumas,063,18699,50,48,0,48,0
2020-09-27,Riverside,065,2383286,59859,58509,181,58690,1191
2020-09-27,Sacramento,067,1510023,22831,22356,26,22382,422
2020-09-27,San Benito,069,59416,1348,1331,0,1331,11
2020-09-27,San Bernardino,071,2135413,54992,53127,347,53474,988
2020-09-27,San Diego,073,3302833,48283,46612,987,47599,776
2020-09-27,San Francisco,075,870044,11368,11114,30,11144,100
2020-09-27,San Joaquin,077,732212,20356,19981,59,20040,448
2020-09-27,San Luis Obispo,079,281455,3790,3562,21,3583,31
2020-09-27,San Mateo,081,765935,10260,9566,10,9576,127
2020-09-27,Santa Barbara,083,443738,9249,9090,78,9168,114
2020-09-27,Santa Clara,085,1922200,22305,21091,47,21138,271
2020-09-27,Santa Cruz,087,273765,2481,2359,32,2391,9
2020-09-27,Shasta,089,179085,1189,883,9,892,17
2020-09-27,Sierra,091,2930,6,6,0,6,0
2020-09-27,Siskiyou,093,43540,156,149,10,159,0
2020-09-27,Solano,095,438530,6391,6211,41,6252,51
2020-09-27,Sonoma,097,501317,7769,7336,22,7358,124
2020-09-27,Stanislaus,099,539301,16610,16448,534,16982,336
2020-09-27,Sutter,101,95872,1694,1672,1,1673,10
2020-09-27,Tehama,103,63373,603,573,2,575,2
2020-09-27,Trinity,105,12862,56,16,8,24,0
2020-09-27,Tulare,107,460477,16502,15918,136,16054,270
2020-09-27,Tuolumne,109,53932,233,224,4,228,2
2020-09-27,Ventura,111,848112,13482,12775,172,12947,139
2020-09-27,Yolo,113,214977,2852,2796,6,2802,55
2020-09-27,Yuba,115,75493,1098,1059,5,1064,7
2020-09-26,Alameda,001,1643700,21585,21019,180,21199,370
2020-09-26,Alpine,003,1148,3,2,0,2,0
2020-09-26,Amador,005,37829,295,291,0,291,16
2020-09-26,Butte,007,227075,2937,2827,27,2854,44
2020-09-26,Calaveras,009,45235,311,257,0,257,11
2020-09-26,Colusa,011,21464,532,529,0,529,6
2020-09-26,Contra Costa,013,1133247,17237,16508,81,16589,194
2020-09-26,Del Norte,015,27424,142,138,0,138,2
2020-09-26,El Dorado,017,186661,1213,1127,4,1131,4
2020-09-26,Fresno,019,978130,30830,28336,390,28726,389
2020-09-26,Glenn,021,27897,596,576,0,576,3
2020-09-26,Humboldt,023,135768,507,491,1,492,6
2020-09-26,Imperial,025,180216,11873,10721,8,10729,283
2020-09-26,Inyo,027,18085,191,187,4,191,14
2020-09-26,Kern,029,883053,32078,31410,327,31737,394
2020-09-26,Kings,031,150075,7857,7537,43,7580,78
2020-09-26,Lake,033,64148,586,549,0,549,10
2020-09-26,Lassen,035,31185,749,737,2,739,0
2020-09-26,Los Angeles,037,10098052,269449,266931,1894,268825,6497
2020-09-26,Madera,039,155013,4593,4410,31,4441,47
2020-09-26,Marin,041,260295,6751,6641,17,6658,91
2020-09-26,Mariposa,043,17540,76,74,0,74,2
2020-09-26,Mendocino,045,87422,899,836,4,840,17
2020-09-26,Merced,047,269075,8945,8841,21,8862,136
2020-09-26,Modoc,049,8938,29,26,0,26,0
2020-09-26,Mono,051,14174,169,148,2,150,1
2020-09-26,Monterey,053,433212,10013,9651,32,9683,68
2020-09-26,Napa,055,140530,1753,1681,8,1689,11
2020-09-26,Nevada,057,99092,543,534,16,550,6
2020-09-26,Orange,059,3164182,55158,52203,1492,53695,1194
2020-09-26,Placer,061,380077,3659,3551,14,3565,42
2020-09-26,Plumas,063,18699,49,48,0,48,0
2020-09-26,Riverside,065,2383286,59724,58076,179,58255,1190
2020-09-26,Sacramento,067,1510023,22775,22269,26,22295,421
2020-09-26,San Benito,069,59416,1346,1325,0,1325,11
2020-09-26,San Bernardino,071,2135413,54859,53122,347,53469,988
2020-09-26,San Diego,073,3302833,48078,46333,973,47306,775
2020-09-26,San Francisco,075,870044,11340,11113,30,11143,100
2020-09-26,San Joaquin,077,732212,20321,19982,57,20039,449
2020-09-26,San Luis Obispo,079,281455,3774,3546,21,3567,31
2020-09-26,San Mateo,081,765935,10226,9509,10,9519,127
2020-09-26,Santa Barbara,083,443738,9238,9061,78,9139,114
2020-09-26,Santa Clara,085,1922200,22234,20967,46,21013,270
2020-09-26,Santa Cruz,087,273765,2473,2336,32,2368,9
2020-09-26,Shasta,089,179085,1139,856,8,864,17
2020-09-26,Sierra,091,2930,6,6,0,6,0
2020-09-26,Siskiyou,093,43540,155,149,10,159,0
2020-09-26,Solano,095,438530,6372,6209,41,6250,51
2020-09-26,Sonoma,097,501317,7744,7285,21,7306,124
2020-09-26,Stanislaus,099,539301,16585,16421,525,16946,336
2020-09-26,Sutter,101,95872,1689,1662,1,1663,10
2020-09-26,Tehama,103,63373,591,560,2,562,2
2020-09-26,Trinity,105,12862,54,16,8,24,0
2020-09-26,Tulare,107,460477,16476,15881,134,16015,270
2020-09-26,Tuolumne,109,53932,233,223,4,227,2
2020-09-26,Ventura,111,848112,13447,12729,171,12900,137
2020-09-26,Yolo,113,214977,2850,2789,6,2795,55
2020-09-26,Yuba,115,75493,1094,1056,5,1061,7
2020-09-25,Alameda,001,1643700,21531,20911,180,21091,367
2020-09-25,Alpine,003,1148,3,2,0,2,0
2020-09-25,Amador,005,37829,295,289,0,289,16
2020-09-25,Butte,007,227075,2932,2819,27,2846,43
2020-09-25,Calaveras,009,45235,311,257,0,257,11
2020-09-25,Colusa,011,21464,532,528,0,528,6
2020-09-25,Contra Costa,013,1133247,17178,16401,81,16482,194
2020-09-25,Del Norte,015,27424,142,138,0,138,2
2020-09-25,El Dorado,017,186661,1209,1104,4,1108,4
2020-09-25,Fresno,019,978130,30770,28199,389,28588,385
2020-09-25,Glenn,021,27897,594,570,0,570,3
2020-09-25,Humboldt,023,135768,506,489,1,490,5
2020-09-25,Imperial,025,180216,11855,10681,8,10689,283
2020-09-25,Inyo,027,18085,189,187,4,191,14
2020-09-25,Kern,029,883053,32025,31333,325,31658,393
2020-09-25,Kings,031,150075,7852,7450,43,7493,77
2020-09-25,Lake,033,64148,585,539,0,539,9
2020-09-25,Lassen,035,31185,749,737,2,739,0
2020-09-25,Los Angeles,037,10098052,268660,265713,1880,267593,6483
2020-09-25,Madera,039,155013,4574,4369,31,4400,48
2020-09-25,Marin,041,260295,6748,6622,17,6639,90
2020-09-25,Mariposa,043,17540,76,74,0,74,2
2020-09-25,Mendocino,045,87422,884,819,3,822,17
2020-09-25,Merced,047,269075,8929,8830,21,8851,135
2020-09-25,Modoc,049,8938,29,26,0,26,0
2020-09-25,Mono,051,14174,169,149,2,151,1
2020-09-25,Monterey,053,433212,9961,9581,32,9613,68
2020-09-25,Napa,055,140530,1751,1669,8,1677,11
2020-09-25,Nevada,057,99092,541,529,16,545,6
2020-09-25,Orange,059,3164182,55031,52031,1484,53515,1184
2020-09-25,Placer,061,380077,3648,3527,14,3541,41
2020-09-25,Plumas,063,18699,49,48,0,48,0
2020-09-25,Riverside,065,2383286,59548,57783,174,57957,1183
2020-09-25,Sacramento,067,1510023,22698,22132,26,22158,418
2020-09-25,San Benito,069,59416,1345,1318,0,1318,11
2020-09-25,San Bernardino,071,2135413,54705,52814,347,53161,987
2020-09-25,San Diego,073,3302833,47876,46003,957,46960,775
2020-09-25,San Francisco,075,870044,11306,11066,29,11095,100
2020-09-25,San Joaquin,077,732212,20269,19909,57,19966,449
2020-09-25,San Luis Obispo,079,281455,3762,3512,21,3533,31
2020-09-25,San Mateo,081,765935,10190,9447,10,9457,127
2020-09-25,Santa Barbara,083,443738,9214,9026,78,9104,114
2020-09-25,Santa Clara,085,1922200,22170,20812,45,20857,265
2020-09-25,Santa Cruz,087,273765,2461,2309,31,2340,9
2020-09-25,Shasta,089,179085,1105,806,8,814,16
2020-09-25,Sierra,091,2930,6,6,0,6,0
2020-09-25,Siskiyou,093,43540,155,149,10,159,0
2020-09-25,Solano,095,438530,6356,6179,41,6220,50
2020-09-25,Sonoma,097,501317,7704,7202,21,7223,124
2020-09-25,Stanislaus,099,539301,16567,16381,523,16904,326
2020-09-25,Sutter,101,95872,1686,1655,1,1656,10
2020-09-25,Tehama,103,63373,583,546,2,548,2
2020-09-25,Trinity,105,12862,54,15,8,23,0
2020-09-25,Tulare,107,460477,16436,15815,132,15947,267
2020-09-25,Tuolumne,109,53932,233,223,4,227,2
2020-09-25,Ventura,111,848112,13404,12664,168,12832,137
2020-09-25,Yolo,113,214977,2842,2784,6,2790,55
2020-09-25,Yuba,115,75493,1089,1049,5,1054,5
2020-09-24,Alameda,001,1643700,21456,20838,177,21015,364
2020-09-24,Alpine,003,1148,3,2,0,2,0
2020-09-24,Amador,005,37829,295,288,0,288,16
2020-09-24,Butte,007,227075,2921,2803,27,2830,43
2020-09-24,Calaveras,009,45235,311,258,0,258,11
2020-09-24,Colusa,011,21464,532,523,0,523,6
2020-09-24,Contra Costa,013,1133247,17096,16252,81,16333,192
2020-09-24,Del Norte,015,27424,138,137,0,137,2
2020-09-24,El Dorado,017,186661,1200,1093,4,1097,4
2020-09-24,Fresno,019,978130,30664,28106,385,28491,375
2020-09-24,Glenn,021,27897,590,567,0,567,3
2020-09-24,Humboldt,023,135768,503,482,1,483,5
2020-09-24,Imperial,025,180216,11831,10622,8,10630,283
2020-09-24,Inyo,027,18085,189,187,4,191,13
2020-09-24,Kern,029,883053,31962,31273,323,31596,388
2020-09-24,Kings,031,150075,7836,7428,43,7471,76
2020-09-24,Lake,033,64148,576,531,0,531,9
2020-09-24,Lassen,035,31185,748,737,2,739,0
2020-09-24,Los Angeles,037,10098052,267618,264374,1862,266236,6452
2020-09-24,Madera,039,155013,4555,4344,31,4375,48
2020-09-24,Marin,041,260295,6720,6588,17,6605,85
2020-09-24,Mariposa,043,17540,76,74,0,74,2
2020-09-24,Mendocino,045,87422,880,810,3,813,17
2020-09-24,Merced,047,269075,8900,8813,20,8833,135
2020-09-24,Modoc,049,8938,29,24,0,24,0
2020-09-24,Mono,051,14174,169,149,2,151,1
2020-09-24,Monterey,053,433212,9895,9544,30,9574,67
2020-09-24,Napa,055,140530,1739,1661,8,1669,11
2020-09-24,Nevada,057,99092,540,527,16,543,6
2020-09-24,Orange,059,3164182,54823,51749,1466,53215,1164
2020-09-24,Placer,061,380077,3633,3514,14,3528,41
2020-09-24,Plumas,063,18699,49,48,0,48,0
2020-09-24,Riverside,065,2383286,59282,57491,168,57659,1172
2020-09-24,Sacramento,067,1510023,22572,21985,25,22010,417
2020-09-24,San Benito,069,59416,1343,1308,0,1308,11
2020-09-24,San Bernardino,071,2135413,54368,52455,346,52801,988
2020-09-24,San Diego,073,3302833,47607,45598,942,46540,773
2020-09-24,San Francisco,075,870044,11259,10992,29,11021,99
2020-09-24,San Joaquin,077,732212,20231,19851,55,19906,444
2020-09-24,San Luis Obispo,079,281455,3746,3480,21,3501,31
2020-09-24,San Mateo,081,765935,10142,9376,10,9386,127
2020-09-24,Santa Barbara,083,443738,9161,8988,77,9065,114
2020-09-24,Santa Clara,085,1922200,22082,20689,45,20734,262
2020-09-24,Santa Cruz,087,273765,2441,2300,29,2329,9
2020-09-24,Shasta,089,179085,1068,773,5,778,14
2020-09-24,Sierra,091,2930,6,6,0,6,0
2020-09-24,Siskiyou,093,43540,155,149,10,159,0
2020-09-24,Solano,095,438530,6323,6137,41,6178,49
2020-09-24,Sonoma,097,501317,7623,7163,21,7184,122
2020-09-24,Stanislaus,099,539301,16530,16326,518,16844,326
2020-09-24,Sutter,101,95872,1683,1646,1,1647,10
2020-09-24,Tehama,103,63373,580,540,2,542,2
2020-09-24,Trinity,105,12862,54,15,8,23,0
2020-09-24,Tulare,107,460477,16371,15754,131,15885,267
2020-09-24,Tuolumne,109,53932,233,224,4,228,2
2020-09-24,Ventura,111,848112,13322,12617,167,12784,138
2020-09-24,Yolo,113,214977,2835,2776,6,2782,55
2020-09-24,Yuba,115,75493,1084,1042,5,1047,5
2020-09-23,Alameda,001,1643700,21388,20718,175,20893,361
2020-09-23,Alpine,003,1148,3,2,0,2,0
2020-09-23,Amador,005,37829,294,288,0,288,16
2020-09-23,Butte,007,227075,2913,2790,27,2817,43
2020-09-23,Calaveras,009,45235,310,258,0,258,11
2020-09-23,Colusa,011,21464,531,521,0,521,6
2020-09-23,Contra Costa,013,1133247,17034,16167,80,16247,192
2020-09-23,Del Norte,015,27424,136,137,0,137,2
2020-09-23,El Dorado,017,186661,1186,1088,4,1092,4
2020-09-23,Fresno,019,978130,30569,28019,383,28402,371
2020-09-23,Glenn,021,27897,583,561,0,561,3
2020-09-23,Humboldt,023,135768,499,477,1,478,5
2020-09-23,Imperial,025,180216,11805,10587,8,10595,284
2020-09-23,Inyo,027,18085,188,177,4,181,13
2020-09-23,Kern,029,883053,31918,31172,321,31493,387
2020-09-23,Kings,031,150075,7814,7406,43,7449,76
2020-09-23,Lake,033,64148,571,519,0,519,9
2020-09-23,Lassen,035,31185,748,736,2,738,0
2020-09-23,Los Angeles,037,10098052,266602,263318,1833,265151,6421
2020-09-23,Madera,039,155013,4540,4311,31,4342,48
2020-09-23,Marin,041,260295,6701,6567,17,6584,85
2020-09-23,Mariposa,043,17540,76,74,0,74,2
2020-09-23,Mendocino,045,87422,879,801,2,803,17
2020-09-23,Merced,047,269075,8879,8785,18,8803,134
2020-09-23,Modoc,049,8938,29,24,0,24,0
2020-09-23,Mono,051,14174,169,149,2,151,1
2020-09-23,Monterey,053,433212,9826,9452,29,9481,67
2020-09-23,Napa,055,140530,1730,1653,8,1661,11
2020-09-23,Nevada,057,99092,539,523,16,539,6
2020-09-23,Orange,059,3164182,54596,51658,1458,53116,1155
2020-09-23,Placer,061,380077,3621,3506,14,3520,41
2020-09-23,Plumas,063,18699,49,48,0,48,0
2020-09-23,Riverside,065,2383286,58976,57257,165,57422,1165
2020-09-23,Sacramento,067,1510023,22495,21821,25,21846,415
2020-09-23,San Benito,069,59416,1337,1305,0,1305,10
2020-09-23,San Bernardino,071,2135413,54074,52132,344,52476,973
2020-09-23,San Diego,073,3302833,47331,45427,923,46350,767
2020-09-23,San Francisco,075,870044,11210,10926,29,10955,95
2020-09-23,San Joaquin,077,732212,20178,19785,55,19840,439
2020-09-23,San Luis Obispo,079,281455,3728,3447,21,3468,31
2020-09-23,San Mateo,081,765935,10102,9351,10,9361,127
2020-09-23,Santa Barbara,083,443738,9132,8952,77,9029,112
2020-09-23,Santa Clara,085,1922200,21971,20575,42,20617,260
2020-09-23,Santa Cruz,087,273765,2422,2283,29,2312,9
2020-09-23,Shasta,089,179085,1029,756,4,760,14
2020-09-23,Sierra,091,2930,6,6,0,6,0
2020-09-23,Siskiyou,093,43540,155,149,10,159,0
2020-09-23,Solano,095,438530,6297,6123,41,6164,50
2020-09-23,Sonoma,097,501317,7547,7091,21,7112,122
2020-09-23,Stanislaus,099,539301,16500,16271,515,16786,317
2020-09-23,Sutter,101,95872,1679,1646,1,1647,10
2020-09-23,Tehama,103,63373,574,533,2,535,2
2020-09-23,Trinity,105,12862,53,15,8,23,0
2020-09-23,Tulare,107,460477,16306,15664,130,15794,266
2020-09-23,Tuolumne,109,53932,233,223,4,227,2
2020-09-23,Ventura,111,848112,13266,12591,164,12755,137
2020-09-23,Yolo,113,214977,2817,2766,6,2772,55
2020-09-23,Yuba,115,75493,1082,1038,5,1043,5
2020-09-22,Alameda,001,1643700,21308,20607,173,20780,355
2020-09-22,Alpine,003,1148,2,2,0,2,0
2020-09-22,Amador,005,37829,293,287,0,287,16
2020-09-22,Butte,007,227075,2908,2776,27,2803,43
2020-09-22,Calaveras,009,45235,310,258,0,258,11
2020-09-22,Colusa,011,21464,529,518,0,518,6
2020-09-22,Contra Costa,013,1133247,16944,16090,80,16170,190
2020-09-22,Del Norte,015,27424,136,137,0,137,2
2020-09-22,El Dorado,017,186661,1167,1076,4,1080,4
2020-09-22,Fresno,019,978130,30474,27944,380,28324,369
2020-09-22,Glenn,021,27897,580,560,0,560,3
2020-09-22,Humboldt,023,135768,498,476,1,477,5
2020-09-22,Imperial,025,180216,11776,10529,8,10537,284
2020-09-22,Inyo,027,18085,188,177,4,181,13
2020-09-22,Kern,029,883053,31850,31110,314,31424,383
2020-09-22,Kings,031,150075,7757,7395,42,7437,76
2020-09-22,Lake,033,64148,563,516,0,516,9
2020-09-22,Lassen,035,31185,747,736,2,738,0
2020-09-22,Los Angeles,037,10098052,265536,262117,1808,263925,6394
2020-09-22,Madera,039,155013,4524,4303,31,4334,47
2020-09-22,Marin,041,260295,6687,6561,17,6578,84
2020-09-22,Mariposa,043,17540,76,74,0,74,2
2020-09-22,Mendocino,045,87422,859,794,1,795,18
2020-09-22,Merced,047,269075,8849,8769,18,8787,132
2020-09-22,Modoc,049,8938,29,24,0,24,0
2020-09-22,Mono,051,14174,168,149,2,151,1
2020-09-22,Monterey,053,433212,9768,9393,28,9421,67
2020-09-22,Napa,055,140530,1713,1652,8,1660,11
2020-09-22,Nevada,057,99092,539,523,16,539,6
2020-09-22,Orange,059,3164182,54346,51528,1449,52977,1132
2020-09-22,Placer,061,380077,3609,3492,14,3506,40
2020-09-22,Plumas,063,18699,49,48,0,48,0
2020-09-22,Riverside,065,2383286,58492,57066,161,57227,1162
2020-09-22,Sacramento,067,1510023,22375,21745,25,21770,410
2020-09-22,San Benito,069,59416,1332,1305,0,1305,10
2020-09-22,San Bernardino,071,2135413,53800,51899,344,52243,971
2020-09-22,San Diego,073,3302833,47024,45149,904,46053,765
2020-09-22,San Francisco,075,870044,11166,10893,28,10921,95
2020-09-22,San Joaquin,077,732212,20131,19755,54,19809,426
2020-09-22,San Luis Obispo,079,281455,3706,3420,21,3441,31
2020-09-22,San Mateo,081,765935,10064,9291,10,9301,127
2020-09-22,Santa Barbara,083,443738,9102,8927,76,9003,111
2020-09-22,Santa Clara,085,1922200,21852,20514,42,20556,253
2020-09-22,Santa Cruz,087,273765,2399,2264,29,2293,8
2020-09-22,Shasta,089,179085,994,723,4,727,14
2020-09-22,Sierra,091,2930,6,6,0,6,0
2020-09-22,Siskiyou,093,43540,155,149,10,159,0
2020-09-22,Solano,095,438530,6266,6107,41,6148,48
2020-09-22,Sonoma,097,501317,7468,7068,20,7088,117
2020-09-22,Stanislaus,099,539301,16477,16231,508,16739,316
2020-09-22,Sutter,101,95872,1673,1638,1,1639,10
2020-09-22,Tehama,103,63373,566,529,2,531,2
2020-09-22,Trinity,105,12862,53,15,8,23,0
2020-09-22,Tulare,107,460477,16239,15616,126,15742,263
2020-09-22,Tuolumne,109,53932,232,224,4,228,1
2020-09-22,Ventura,111,848112,13214,12507,160,12667,136
2020-09-22,Yolo,113,214977,2810,2763,6,2769,54
2020-09-22,Yuba,115,75493,1073,1035,5,1040,5
2020-09-21,Alameda,001,1643700,21229,20501,172,20673,343
2020-09-21,Alpine,003,1148,2,2,0,2,0
2020-09-21,Amador,005,37829,291,286,0,286,16
2020-09-21,Butte,007,227075,2894,2769,27,2796,41
2020-09-21,Calaveras,009,45235,308,256,0,256,10
2020-09-21,Colusa,011,21464,528,517,0,517,6
2020-09-21,Contra Costa,013,1133247,16857,16008,80,16088,189
2020-09-21,Del Norte,015,27424,136,132,0,132,2
2020-09-21,El Dorado,017,186661,1158,1074,4,1078,4
2020-09-21,Fresno,019,978130,30372,27843,373,28216,362
2020-09-21,Glenn,021,27897,576,556,0,556,3
2020-09-21,Humboldt,023,135768,494,473,1,474,5
2020-09-21,Imperial,025,180216,11745,10521,8,10529,284
2020-09-21,Inyo,027,18085,187,177,4,181,12
2020-09-21,Kern,029,883053,31778,31031,312,31343,379
2020-09-21,Kings,031,150075,7644,7297,41,7338,76
2020-09-21,Lake,033,64148,558,508,0,508,8
2020-09-21,Lassen,035,31185,745,735,2,737,0
2020-09-21,Los Angeles,037,10098052,264449,261418,1763,263181,6360
2020-09-21,Madera,039,155013,4513,4275,30,4305,47
2020-09-21,Marin,041,260295,6676,6538,16,6554,84
2020-09-21,Mariposa,043,17540,75,74,0,74,2
2020-09-21,Mendocino,045,87422,844,778,0,778,18
2020-09-21,Merced,047,269075,8830,8749,16,8765,128
2020-09-21,Modoc,049,8938,29,22,0,22,0
2020-09-21,Mono,051,14174,168,147,2,149,1
2020-09-21,Monterey,053,433212,9704,9331,25,9356,66
2020-09-21,Napa,055,140530,1702,1641,8,1649,11
2020-09-21,Nevada,057,99092,537,515,16,531,6
2020-09-21,Orange,059,3164182,54124,51363,1442,52805,1110
2020-09-21,Placer,061,380077,3599,3473,14,3487,40
2020-09-21,Plumas,063,18699,49,47,0,47,0
2020-09-21,Riverside,065,2383286,58220,57001,154,57155,1153
2020-09-21,Sacramento,067,1510023,22194,21568,25,21593,404
2020-09-21,San Benito,069,59416,1330,1298,0,1298,10
2020-09-21,San Bernardino,071,2135413,53514,51654,344,51998,970
2020-09-21,San Diego,073,3302833,46740,44927,883,45810,760
2020-09-21,San Francisco,075,870044,11118,10743,28,10771,95
2020-09-21,San Joaquin,077,732212,20073,19579,54,19633,423
2020-09-21,San Luis Obispo,079,281455,3680,3406,21,3427,27
2020-09-21,San Mateo,081,765935,10012,9239,10,9249,127
2020-09-21,Santa Barbara,083,443738,9074,8911,76,8987,110
2020-09-21,Santa Clara,085,1922200,21751,20432,42,20474,252
2020-09-21,Santa Cruz,087,273765,2382,2257,27,2284,8
2020-09-21,Shasta,089,179085,944,696,4,700,14
2020-09-21,Sierra,091,2930,6,6,0,6,0
2020-09-21,Siskiyou,093,43540,155,146,10,156,0
2020-09-21,Solano,095,438530,6242,6019,41,6060,46
2020-09-21,Sonoma,097,501317,7392,7017,20,7037,117
2020-09-21,Stanislaus,099,539301,16447,16186,508,16694,310
2020-09-21,Sutter,101,95872,1666,1634,1,1635,10
2020-09-21,Tehama,103,63373,547,513,2,515,2
2020-09-21,Trinity,105,12862,53,15,8,23,0
2020-09-21,Tulare,107,460477,16165,15528,117,15645,260
2020-09-21,Tuolumne,109,53932,232,221,4,225,1
2020-09-21,Ventura,111,848112,13130,12477,154,12631,133
2020-09-21,Yolo,113,214977,2804,2752,6,2758,54
2020-09-21,Yuba,115,75493,1069,1033,5,1038,1
2020-09-20,Alameda,001,1643700,21129,20425,169,20594,343
2020-09-20,Alpine,003,1148,2,2,0,2,0
2020-09-20,Amador,005,37829,290,286,0,286,16
2020-09-20,Butte,007,227075,2882,2764,27,2791,39
2020-09-20,Calaveras,009,45235,304,256,0,256,10
2020-09-20,Colusa,011,21464,526,510,0,510,6
2020-09-20,Contra Costa,013,1133247,16723,15917,79,15996,189
2020-09-20,Del Norte,015,27424,134,132,0,132,2
2020-09-20,El Dorado,017,186661,1143,1073,4,1077,4
2020-09-20,Fresno,019,978130,30258,27769,368,28137,362
2020-09-20,Glenn,021,27897,572,550,0,550,3
2020-09-20,Humboldt,023,135768,494,472,1,473,5
2020-09-20,Imperial,025,180216,11718,10496,7,10503,284
2020-09-20,Inyo,027,18085,187,177,4,181,12
2020-09-20,Kern,029,883053,31695,30992,308,31300,379
2020-09-20,Kings,031,150075,7597,7159,40,7199,76
2020-09-20,Lake,033,64148,546,492,0,492,8
2020-09-20,Lassen,035,31185,745,735,2,737,0
2020-09-20,Los Angeles,037,10098052,263218,260770,1738,262508,6347
2020-09-20,Madera,039,155013,4493,4257,30,4287,47
2020-09-20,Marin,041,260295,6650,6533,16,6549,83
2020-09-20,Mariposa,043,17540,75,74,0,74,2
2020-09-20,Mendocino,045,87422,832,765,0,765,18
2020-09-20,Merced,047,269075,8803,8745,16,8761,128
2020-09-20,Modoc,049,8938,27,22,0,22,0
2020-09-20,Mono,051,14174,167,147,2,149,1
2020-09-20,Monterey,053,433212,9625,9312,25,9337,65
2020-09-20,Napa,055,140530,1693,1626,8,1634,11
2020-09-20,Nevada,057,99092,534,511,16,527,6
2020-09-20,Orange,059,3164182,53883,51233,1432,52665,1110
2020-09-20,Placer,061,380077,3584,3452,14,3466,40
2020-09-20,Plumas,063,18699,49,47,0,47,0
2020-09-20,Riverside,065,2383286,58019,56783,148,56931,1147
2020-09-20,Sacramento,067,1510023,22007,21394,24,21418,401
2020-09-20,San Benito,069,59416,1319,1291,0,1291,9
2020-09-20,San Bernardino,071,2135413,53195,51559,342,51901,970
2020-09-20,San Diego,073,3302833,46367,44579,854,45433,760
2020-09-20,San Francisco,075,870044,11064,10743,28,10771,95
2020-09-20,San Joaquin,077,732212,20008,19578,47,19625,423
2020-09-20,San Luis Obispo,079,281455,3652,3393,21,3414,27
2020-09-20,San Mateo,081,765935,9946,9198,10,9208,127
2020-09-20,Santa Barbara,083,443738,9038,8880,75,8955,110
2020-09-20,Santa Clara,085,1922200,21631,20330,41,20371,252
2020-09-20,Santa Cruz,087,273765,2362,2199,27,2226,8
2020-09-20,Shasta,089,179085,903,696,3,699,14
2020-09-20,Sierra,091,2930,6,6,0,6,0
2020-09-20,Siskiyou,093,43540,155,146,10,156,0
2020-09-20,Solano,095,438530,6198,6020,41,6061,46
2020-09-20,Sonoma,097,501317,7288,6954,20,6974,117
2020-09-20,Stanislaus,099,539301,16416,16159,501,16660,310
2020-09-20,Sutter,101,95872,1660,1624,1,1625,10
2020-09-20,Tehama,103,63373,534,509,2,511,2
2020-09-20,Trinity,105,12862,53,15,8,23,0
2020-09-20,Tulare,107,460477,16079,15528,111,15639,260
2020-09-20,Tuolumne,109,53932,232,221,4,225,1
2020-09-20,Ventura,111,848112,13064,12406,150,12556,133
2020-09-20,Yolo,113,214977,2796,2745,6,2751,54
2020-09-20,Yuba,115,75493,1062,1029,5,1034,1
2020-09-19,Alameda,001,1643700,21079,20349,166,20515,343
2020-09-19,Alpine,003,1148,2,2,0,2,0
2020-09-19,Amador,005,37829,290,285,0,285,16
2020-09-19,Butte,007,227075,2876,2748,27,2775,38
2020-09-19,Calaveras,009,45235,304,256,0,256,10
2020-09-19,Colusa,011,21464,526,507,0,507,6
2020-09-19,Contra Costa,013,1133247,16660,15783,79,15862,186
2020-09-19,Del Norte,015,27424,133,132,0,132,2
2020-09-19,El Dorado,017,186661,1137,1068,3,1071,4
2020-09-19,Fresno,019,978130,30185,27668,368,28036,362
2020-09-19,Glenn,021,27897,569,547,0,547,3
2020-09-19,Humboldt,023,135768,493,471,1,472,5
2020-09-19,Imperial,025,180216,11703,10496,7,10503,284
2020-09-19,Inyo,027,18085,187,177,4,181,12
2020-09-19,Kern,029,883053,31641,30886,305,31191,379
2020-09-19,Kings,031,150075,7591,7130,40,7170,76
2020-09-19,Lake,033,64148,546,465,0,465,8
2020-09-19,Lassen,035,31185,745,731,2,733,0
2020-09-19,Los Angeles,037,10098052,262592,259801,1724,261525,6325
2020-09-19,Madera,039,155013,4470,4237,30,4267,47
2020-09-19,Marin,041,260295,6643,6513,15,6528,81
2020-09-19,Mariposa,043,17540,75,74,0,74,2
2020-09-19,Mendocino,045,87422,829,750,0,750,18
2020-09-19,Merced,047,269075,8792,8717,15,8732,128
2020-09-19,Modoc,049,8938,27,22,0,22,0
2020-09-19,Mono,051,14174,167,147,2,149,1
2020-09-19,Monterey,053,433212,9583,9237,25,9262,65
2020-09-19,Napa,055,140530,1685,1614,8,1622,11
2020-09-19,Nevada,057,99092,532,505,16,521,6
2020-09-19,Orange,059,3164182,53755,50999,1425,52424,1105
2020-09-19,Placer,061,380077,3575,3412,14,3426,40
2020-09-19,Plumas,063,18699,49,47,0,47,0
2020-09-19,Riverside,065,2383286,57892,56562,147,56709,1147
2020-09-19,Sacramento,067,1510023,21953,21297,24,21321,396
2020-09-19,San Benito,069,59416,1315,1276,0,1276,9
2020-09-19,San Bernardino,071,2135413,53039,51353,339,51692,971
2020-09-19,San Diego,073,3302833,46139,44295,831,45126,773
2020-09-19,San Francisco,075,870044,11031,10741,28,10769,95
2020-09-19,San Joaquin,077,732212,19971,19580,47,19627,424
2020-09-19,San Luis Obispo,079,281455,3631,3369,21,3390,27
2020-09-19,San Mateo,081,765935,9915,9158,10,9168,127
2020-09-19,Santa Barbara,083,443738,9018,8862,75,8937,106
2020-09-19,Santa Clara,085,1922200,21542,20170,41,20211,251
2020-09-19,Santa Cruz,087,273765,2348,2198,26,2224,8
2020-09-19,Shasta,089,179085,876,687,3,690,14
2020-09-19,Sierra,091,2930,6,6,0,6,0
2020-09-19,Siskiyou,093,43540,155,146,10,156,0
2020-09-19,Solano,095,438530,6182,5998,41,6039,46
2020-09-19,Sonoma,097,501317,7255,6905,20,6925,117
2020-09-19,Stanislaus,099,539301,16376,16109,494,16603,313
2020-09-19,Sutter,101,95872,1659,1602,1,1603,10
2020-09-19,Tehama,103,63373,529,498,2,500,2
2020-09-19,Trinity,105,12862,53,15,8,23,0
2020-09-19,Tulare,107,460477,16030,15485,108,15593,260
2020-09-19,Tuolumne,109,53932,232,217,4,221,1
2020-09-19,Ventura,111,848112,13032,12328,150,12478,133
2020-09-19,Yolo,113,214977,2788,2739,6,2745,54
2020-09-19,Yuba,115,75493,1055,1023,5,1028,1
2020-09-18,Alameda,001,1643700,21014,20222,160,20382,341
2020-09-18,Alpine,003,1148,2,2,0,2,0
2020-09-18,Amador,005,37829,290,285,0,285,16
2020-09-18,Butte,007,227075,2874,2738,27,2765,37
2020-09-18,Calaveras,009,45235,304,255,0,255,9
2020-09-18,Colusa,011,21464,526,504,0,504,6
2020-09-18,Contra Costa,013,1133247,16575,15667,79,15746,185
2020-09-18,Del Norte,015,27424,133,131,0,131,2
2020-09-18,El Dorado,017,186661,1124,1063,3,1066,4
2020-09-18,Fresno,019,978130,30120,27560,368,27928,359
2020-09-18,Glenn,021,27897,566,541,0,541,3
2020-09-18,Humboldt,023,135768,490,470,1,471,5
2020-09-18,Imperial,025,180216,11688,10460,7,10467,283
2020-09-18,Inyo,027,18085,187,177,4,181,12
2020-09-18,Kern,029,883053,31583,30742,302,31044,373
2020-09-18,Kings,031,150075,7581,7062,40,7102,74
2020-09-18,Lake,033,64148,540,458,0,458,8
2020-09-18,Lassen,035,31185,744,731,2,733,0
2020-09-18,Los Angeles,037,10098052,261831,258488,1706,260194,6324
2020-09-18,Madera,039,155013,4458,4211,30,4241,45
2020-09-18,Marin,041,260295,6628,6475,15,6490,81
2020-09-18,Mariposa,043,17540,75,74,0,74,2
2020-09-18,Mendocino,045,87422,821,739,0,739,18
2020-09-18,Merced,047,269075,8780,8691,14,8705,127
2020-09-18,Modoc,049,8938,27,22,0,22,0
2020-09-18,Mono,051,14174,165,147,2,149,1
2020-09-18,Monterey,053,433212,9542,9183,25,9208,64
2020-09-18,Napa,055,140530,1679,1604,8,1612,11
2020-09-18,Nevada,057,99092,529,504,16,520,6
2020-09-18,Orange,059,3164182,53608,50733,1413,52146,1107
2020-09-18,Placer,061,380077,3564,3389,14,3403,40
2020-09-18,Plumas,063,18699,49,45,0,45,0
2020-09-18,Riverside,065,2383286,57770,56248,142,56390,1143
2020-09-18,Sacramento,067,1510023,21870,21105,24,21129,391
2020-09-18,San Benito,069,59416,1307,1257,0,1257,8
2020-09-18,San Bernardino,071,2135413,52894,51106,336,51442,970
2020-09-18,San Diego,073,3302833,45889,44009,826,44835,757
2020-09-18,San Francisco,075,870044,10993,10644,27,10671,95
2020-09-18,San Joaquin,077,732212,19927,19531,46,19577,423
2020-09-18,San Luis Obispo,079,281455,3607,3328,21,3349,27
2020-09-18,San Mateo,081,765935,9875,9062,10,9072,127
2020-09-18,Santa Barbara,083,443738,8997,8824,75,8899,107
2020-09-18,Santa Clara,085,1922200,21444,20058,41,20099,252
2020-09-18,Santa Cruz,087,273765,2327,2180,25,2205,8
2020-09-18,Shasta,089,179085,841,668,3,671,14
2020-09-18,Sierra,091,2930,6,6,0,6,0
2020-09-18,Siskiyou,093,43540,154,146,10,156,0
2020-09-18,Solano,095,438530,6166,5961,41,6002,46
2020-09-18,Sonoma,097,501317,7207,6856,20,6876,114
2020-09-18,Stanislaus,099,539301,16348,16042,488,16530,277
2020-09-18,Sutter,101,95872,1652,1586,1,1587,10
2020-09-18,Tehama,103,63373,529,490,2,492,2
2020-09-18,Trinity,105,12862,53,15,7,22,0
2020-09-18,Tulare,107,460477,15997,15435,104,15539,259
2020-09-18,Tuolumne,109,53932,231,216,4,220,1
2020-09-18,Ventura,111,848112,12971,12236,146,12382,133
2020-09-18,Yolo,113,214977,2782,2732,6,2738,54
2020-09-18,Yuba,115,75493,1051,1020,5,1025,1
2020-09-17,Alameda,001,1643700,20915,20146,160,20306,339
2020-09-17,Alpine,003,1148,2,2,0,2,0
2020-09-17,Amador,005,37829,288,284,0,284,16
2020-09-17,Butte,007,227075,2856,2720,27,2747,38
2020-09-17,Calaveras,009,45235,304,254,0,254,9
2020-09-17,Colusa,011,21464,524,499,0,499,6
2020-09-17,Contra Costa,013,1133247,16486,15576,79,15655,184
2020-09-17,Del Norte,015,27424,133,131,0,131,2
2020-09-17,El Dorado,017,186661,1115,1057,3,1060,4
2020-09-17,Fresno,019,978130,30010,27487,363,27850,355
2020-09-17,Glenn,021,27897,565,541,0,541,3
2020-09-17,Humboldt,023,135768,484,466,1,467,5
2020-09-17,Imperial,025,180216,11671,10436,7,10443,281
2020-09-17,Inyo,027,18085,187,176,4,180,12
2020-09-17,Kern,029,883053,31522,30627,295,30922,372
2020-09-17,Kings,031,150075,7510,7015,40,7055,72
2020-09-17,Lake,033,64148,530,433,0,433,8
2020-09-17,Lassen,035,31185,742,731,2,733,0
2020-09-17,Los Angeles,037,10098052,260889,257246,1691,258937,6318
2020-09-17,Madera,039,155013,4424,4152,30,4182,45
2020-09-17,Marin,041,260295,6607,6457,15,6472,81
2020-09-17,Mariposa,043,17540,75,74,0,74,2
2020-09-17,Mendocino,045,87422,810,737,0,737,18
2020-09-17,Merced,047,269075,8761,8671,14,8685,119
2020-09-17,Modoc,049,8938,27,22,0,22,0
2020-09-17,Mono,051,14174,165,147,2,149,1
2020-09-17,Monterey,053,433212,9480,9113,25,9138,62
2020-09-17,Napa,055,140530,1668,1592,8,1600,11
2020-09-17,Nevada,057,99092,527,494,16,510,6
2020-09-17,Orange,059,3164182,53427,50537,1401,51938,1098
2020-09-17,Placer,061,380077,3543,3368,14,3382,40
2020-09-17,Plumas,063,18699,49,45,0,45,0
2020-09-17,Riverside,065,2383286,57544,56007,141,56148,1134
2020-09-17,Sacramento,067,1510023,21635,20895,24,20919,385
2020-09-17,San Benito,069,59416,1304,1252,0,1252,8
2020-09-17,San Bernardino,071,2135413,52692,50770,336,51106,904
2020-09-17,San Diego,073,3302833,45609,43621,814,44435,754
2020-09-17,San Francisco,075,870044,10898,10564,27,10591,95
2020-09-17,San Joaquin,077,732212,19868,19439,46,19485,416
2020-09-17,San Luis Obispo,079,281455,3577,3299,21,3320,27
2020-09-17,San Mateo,081,765935,9833,8984,10,8994,127
2020-09-17,Santa Barbara,083,443738,8973,8779,75,8854,107
2020-09-17,Santa Clara,085,1922200,21327,19825,41,19866,254
2020-09-17,Santa Cruz,087,273765,2311,2155,25,2180,7
2020-09-17,Shasta,089,179085,802,660,3,663,12
2020-09-17,Sierra,091,2930,6,6,0,6,0
2020-09-17,Siskiyou,093,43540,154,146,10,156,0
2020-09-17,Solano,095,438530,6143,5915,41,5956,44
2020-09-17,Sonoma,097,501317,7143,6754,20,6774,114
2020-09-17,Stanislaus,099,539301,16315,15984,484,16468,277
2020-09-17,Sutter,101,95872,1647,1572,1,1573,10
2020-09-17,Tehama,103,63373,515,487,2,489,2
2020-09-17,Trinity,105,12862,53,15,7,22,0
2020-09-17,Tulare,107,460477,15944,15344,102,15446,258
2020-09-17,Tuolumne,109,53932,230,214,4,218,1
2020-09-17,Ventura,111,848112,12884,12167,142,12309,130
2020-09-17,Yolo,113,214977,2773,2724,6,2730,53
2020-09-17,Yuba,115,75493,1047,1015,5,1020,1
2020-09-16,Alameda,001,1643700,20817,20009,158,20167,333
2020-09-16,Alpine,003,1148,2,2,0,2,0
2020-09-16,Amador,005,37829,288,284,0,284,16
2020-09-16,Butte,007,227075,2846,2704,26,2730,38
2020-09-16,Calaveras,009,45235,304,254,0,254,9
2020-09-16,Colusa,011,21464,522,497,0,497,6
2020-09-16,Contra Costa,013,1133247,16400,15473,79,15552,183
2020-09-16,Del Norte,015,27424,133,131,0,131,2
2020-09-16,El Dorado,017,186661,1107,1049,3,1052,4
2020-09-16,Fresno,019,978130,29903,27381,361,27742,343
2020-09-16,Glenn,021,27897,563,539,0,539,3
2020-09-16,Humboldt,023,135768,483,455,1,456,4
2020-09-16,Imperial,025,180216,11648,10401,7,10408,277
2020-09-16,Inyo,027,18085,186,176,4,180,12
2020-09-16,Kern,029,883053,31462,30570,294,30864,371
2020-09-16,Kings,031,150075,7485,7002,37,7039,71
2020-09-16,Lake,033,64148,519,417,0,417,6
2020-09-16,Lassen,035,31185,741,730,2,732,0
2020-09-16,Los Angeles,037,10098052,259909,256101,1674,257775,6299
2020-09-16,Madera,039,155013,4401,4138,30,4168,45
2020-09-16,Marin,041,260295,6579,6430,15,6445,77
2020-09-16,Mariposa,043,17540,75,74,0,74,2
2020-09-16,Mendocino,045,87422,801,727,0,727,18
2020-09-16,Merced,047,269075,8740,8646,14,8660,118
2020-09-16,Modoc,049,8938,27,22,0,22,0
2020-09-16,Mono,051,14174,165,147,2,149,1
2020-09-16,Monterey,053,433212,9426,8997,25,9022,62
2020-09-16,Napa,055,140530,1654,1587,8,1595,11
2020-09-16,Nevada,057,99092,522,495,15,510,6
2020-09-16,Orange,059,3164182,53226,50414,1392,51806,1096
2020-09-16,Placer,061,380077,3525,3351,14,3365,39
2020-09-16,Plumas,063,18699,49,45,0,45,0
2020-09-16,Riverside,065,2383286,57350,55811,133,55944,1127
2020-09-16,Sacramento,067,1510023,21540,20610,24,20634,377
2020-09-16,San Benito,069,59416,1296,1244,0,1244,8
2020-09-16,San Bernardino,071,2135413,52467,50509,335,50844,907
2020-09-16,San Diego,073,3302833,45317,43447,793,44240,748
2020-09-16,San Francisco,075,870044,10851,10502,27,10529,90
2020-09-16,San Joaquin,077,732212,19814,19377,45,19422,409
2020-09-16,San Luis Obispo,079,281455,3546,3285,21,3306,28
2020-09-16,San Mateo,081,765935,9768,8944,10,8954,127
2020-09-16,Santa Barbara,083,443738,8940,8764,75,8839,107
2020-09-16,Santa Clara,085,1922200,21208,19684,41,19725,253
2020-09-16,Santa Cruz,087,273765,2270,2089,24,2113,7
2020-09-16,Shasta,089,179085,776,635,3,638,11
2020-09-16,Sierra,091,2930,6,6,0,6,0
2020-09-16,Siskiyou,093,43540,153,145,10,155,0
2020-09-16,Solano,095,438530,6113,5899,41,5940,44
2020-09-16,Sonoma,097,501317,7082,6731,20,6751,104
2020-09-16,Stanislaus,099,539301,16267,15897,476,16373,263
2020-09-16,Sutter,101,95872,1634,1567,1,1568,10
2020-09-16,Tehama,103,63373,507,485,2,487,2
2020-09-16,Trinity,105,12862,53,15,7,22,0
2020-09-16,Tulare,107,460477,15899,15314,95,15409,258
2020-09-16,Tuolumne,109,53932,229,210,4,214,1
2020-09-16,Ventura,111,848112,12813,12073,140,12213,130
2020-09-16,Yolo,113,214977,2766,2709,6,2715,53
2020-09-16,Yuba,115,75493,1045,1000,5,1005,1
2020-09-15,Alameda,001,1643700,20710,19931,155,20086,327
2020-09-15,Alpine,003,1148,2,2,0,2,0
2020-09-15,Amador,005,37829,287,282,0,282,16
2020-09-15,Butte,007,227075,2833,2695,24,2719,38
2020-09-15,Calaveras,009,45235,304,248,0,248,5
2020-09-15,Colusa,011,21464,516,497,0,497,6
2020-09-15,Contra Costa,013,1133247,16298,15423,78,15501,180
2020-09-15,Del Norte,015,27424,133,129,0,129,2
2020-09-15,El Dorado,017,186661,1102,1046,3,1049,4
2020-09-15,Fresno,019,978130,29796,27312,356,27668,343
2020-09-15,Glenn,021,27897,562,531,0,531,3
2020-09-15,Humboldt,023,135768,481,456,1,457,4
2020-09-15,Imperial,025,180216,11623,10376,7,10383,277
2020-09-15,Inyo,027,18085,186,176,4,180,12
2020-09-15,Kern,029,883053,31349,30429,291,30720,368
2020-09-15,Kings,031,150075,7327,6977,37,7014,70
2020-09-15,Lake,033,64148,505,416,0,416,4
2020-09-15,Lassen,035,31185,737,719,2,721,0
2020-09-15,Los Angeles,037,10098052,258799,255048,1652,256700,6269
2020-09-15,Madera,039,155013,4382,4122,30,4152,45
2020-09-15,Marin,041,260295,6548,6423,15,6438,77
2020-09-15,Mariposa,043,17540,75,74,0,74,2
2020-09-15,Mendocino,045,87422,783,724,0,724,18
2020-09-15,Merced,047,269075,8710,8633,14,8647,114
2020-09-15,Modoc,049,8938,26,21,0,21,0
2020-09-15,Mono,051,14174,165,147,2,149,1
2020-09-15,Monterey,053,433212,9377,8943,25,8968,62
2020-09-15,Napa,055,140530,1640,1580,8,1588,11
2020-09-15,Nevada,057,99092,517,494,15,509,6
2020-09-15,Orange,059,3164182,53044,50294,1377,51671,1088
2020-09-15,Placer,061,380077,3501,3331,14,3345,38
2020-09-15,Plumas,063,18699,49,44,0,44,0
2020-09-15,Riverside,065,2383286,57056,55569,123,55692,1118
2020-09-15,Sacramento,067,1510023,21397,20487,24,20511,372
2020-09-15,San Benito,069,59416,1289,1237,0,1237,7
2020-09-15,San Bernardino,071,2135413,52251,50333,334,50667,904
2020-09-15,San Diego,073,3302833,44998,43183,773,43956,742
2020-09-15,San Francisco,075,870044,10793,10414,27,10441,90
2020-09-15,San Joaquin,077,732212,19762,19313,45,19358,401
2020-09-15,San Luis Obispo,079,281455,3526,3262,21,3283,28
2020-09-15,San Mateo,081,765935,9698,8895,10,8905,127
2020-09-15,Santa Barbara,083,443738,8915,8724,74,8798,104
2020-09-15,Santa Clara,085,1922200,21072,19610,41,19651,252
2020-09-15,Santa Cruz,087,273765,2244,2079,23,2102,7
2020-09-15,Shasta,089,179085,764,627,3,630,11
2020-09-15,Sierra,091,2930,6,6,0,6,0
2020-09-15,Siskiyou,093,43540,153,143,10,153,0
2020-09-15,Solano,095,438530,6079,5878,41,5919,45
2020-09-15,Sonoma,097,501317,7043,6701,20,6721,104
2020-09-15,Stanislaus,099,539301,16219,15880,474,16354,260
2020-09-15,Sutter,101,95872,1623,1556,1,1557,10
2020-09-15,Tehama,103,63373,495,484,2,486,2
2020-09-15,Trinity,105,12862,53,15,7,22,0
2020-09-15,Tulare,107,460477,15823,15203,93,15296,254
2020-09-15,Tuolumne,109,53932,229,209,4,213,1
2020-09-15,Ventura,111,848112,12760,11932,139,12071,128
2020-09-15,Yolo,113,214977,2762,2708,6,2714,53
2020-09-15,Yuba,115,75493,1039,991,4,995,1
2020-09-14,Alameda,001,1643700,20583,19851,154,20005,306
2020-09-14,Alpine,003,1148,2,2,0,2,0
2020-09-14,Amador,005,37829,285,281,0,281,16
2020-09-14,Butte,007,227075,2816,2642,24,2666,37
2020-09-14,Calaveras,009,45235,304,244,0,244,3
2020-09-14,Colusa,011,21464,515,486,0,486,6
2020-09-14,Contra Costa,013,1133247,16174,15354,77,15431,174
2020-09-14,Del Norte,015,27424,130,116,0,116,2
2020-09-14,El Dorado,017,186661,1098,1039,3,1042,3
2020-09-14,Fresno,019,978130,29711,27232,353,27585,344
2020-09-14,Glenn,021,27897,554,521,0,521,3
2020-09-14,Humboldt,023,135768,478,437,1,438,4
2020-09-14,Imperial,025,180216,11603,10340,7,10347,273
2020-09-14,Inyo,027,18085,186,176,4,180,12
2020-09-14,Kern,029,883053,31261,30344,290,30634,368
2020-09-14,Kings,031,150075,7246,6950,37,6987,70
2020-09-14,Lake,033,64148,485,407,0,407,4
2020-09-14,Lassen,035,31185,737,719,2,721,0
2020-09-14,Los Angeles,037,10098052,257771,254622,1627,256249,6226
2020-09-14,Madera,039,155013,4368,4104,30,4134,45
2020-09-14,Marin,041,260295,6527,6409,15,6424,70
2020-09-14,Mariposa,043,17540,75,74,0,74,2
2020-09-14,Mendocino,045,87422,766,710,0,710,17
2020-09-14,Merced,047,269075,8691,8593,14,8607,112
2020-09-14,Modoc,049,8938,26,21,0,21,0
2020-09-14,Mono,051,14174,165,147,2,149,1
2020-09-14,Monterey,053,433212,9306,8845,24,8869,61
2020-09-14,Napa,055,140530,1623,1576,8,1584,11
2020-09-14,Nevada,057,99092,512,489,15,504,6
2020-09-14,Orange,059,3164182,52883,50149,1361,51510,1079
2020-09-14,Placer,061,380077,3480,3302,14,3316,38
2020-09-14,Plumas,063,18699,48,42,0,42,0
2020-09-14,Riverside,065,2383286,56837,55488,118,55606,1113
2020-09-14,Sacramento,067,1510023,21202,20377,23,20400,367
2020-09-14,San Benito,069,59416,1274,1233,0,1233,7
2020-09-14,San Bernardino,071,2135413,52026,50163,333,50496,895
2020-09-14,San Diego,073,3302833,44687,42889,753,43642,734
2020-09-14,San Francisco,075,870044,10726,10255,25,10280,90
2020-09-14,San Joaquin,077,732212,19688,19111,44,19155,397
2020-09-14,San Luis Obispo,079,281455,3501,3248,21,3269,25
2020-09-14,San Mateo,081,765935,9637,8847,10,8857,127
2020-09-14,Santa Barbara,083,443738,8889,8692,74,8766,104
2020-09-14,Santa Clara,085,1922200,20884,19545,41,19586,247
2020-09-14,Santa Cruz,087,273765,2223,2016,22,2038,7
2020-09-14,Shasta,089,179085,741,584,3,587,10
2020-09-14,Sierra,091,2930,6,6,0,6,0
2020-09-14,Siskiyou,093,43540,152,143,10,153,0
2020-09-14,Solano,095,438530,6044,5834,41,5875,44
2020-09-14,Sonoma,097,501317,6981,6630,20,6650,102
2020-09-14,Stanislaus,099,539301,16174,15812,471,16283,253
2020-09-14,Sutter,101,95872,1612,1549,1,1550,10
2020-09-14,Tehama,103,63373,493,475,2,477,1
2020-09-14,Trinity,105,12862,52,14,7,21,0
2020-09-14,Tulare,107,460477,15753,15096,87,15183,254
2020-09-14,Tuolumne,109,53932,228,208,4,212,1
2020-09-14,Ventura,111,848112,12658,11903,136,12039,125
2020-09-14,Yolo,113,214977,2751,2687,6,2693,53
2020-09-14,Yuba,115,75493,1031,977,4,981,1
2020-09-13,Alameda,001,1643700,20477,19815,151,19966,306
2020-09-13,Alpine,003,1148,2,2,0,2,0
2020-09-13,Amador,005,37829,282,279,0,279,16
2020-09-13,Butte,007,227075,2794,2640,24,2664,37
2020-09-13,Calaveras,009,45235,303,246,0,246,3
2020-09-13,Colusa,011,21464,511,486,0,486,6
2020-09-13,Contra Costa,013,1133247,16066,15284,77,15361,172
2020-09-13,Del Norte,015,27424,127,116,0,116,1
2020-09-13,El Dorado,017,186661,1093,1035,3,1038,2
2020-09-13,Fresno,019,978130,29603,27196,344,27540,345
2020-09-13,Glenn,021,27897,550,517,0,517,3
2020-09-13,Humboldt,023,135768,478,434,1,435,4
2020-09-13,Imperial,025,180216,11566,10304,6,10310,273
2020-09-13,Inyo,027,18085,186,176,4,180,12
2020-09-13,Kern,029,883053,31168,30277,283,30560,368
2020-09-13,Kings,031,150075,7227,6937,37,6974,70
2020-09-13,Lake,033,64148,466,397,0,397,4
2020-09-13,Lassen,035,31185,734,719,2,721,0
2020-09-13,Los Angeles,037,10098052,256621,253950,1611,255561,6203
2020-09-13,Madera,039,155013,4311,4090,30,4120,45
2020-09-13,Marin,041,260295,6506,6395,15,6410,70
2020-09-13,Mariposa,043,17540,75,74,0,74,2
2020-09-13,Mendocino,045,87422,759,707,0,707,17
2020-09-13,Merced,047,269075,8657,8575,14,8589,112
2020-09-13,Modoc,049,8938,26,21,0,21,0
2020-09-13,Mono,051,14174,165,147,2,149,1
2020-09-13,Monterey,053,433212,9224,8826,23,8849,61
2020-09-13,Napa,055,140530,1616,1563,8,1571,11
2020-09-13,Nevada,057,99092,504,486,15,501,6
2020-09-13,Orange,059,3164182,52667,50061,1354,51415,1075
2020-09-13,Placer,061,380077,3450,3291,14,3305,38
2020-09-13,Plumas,063,18699,48,42,0,42,0
2020-09-13,Riverside,065,2383286,56630,55235,107,55342,1108
2020-09-13,Sacramento,067,1510023,20856,20279,23,20302,367
2020-09-13,San Benito,069,59416,1266,1217,0,1217,7
2020-09-13,San Bernardino,071,2135413,51740,49968,331,50299,895
2020-09-13,San Diego,073,3302833,44361,42681,719,43400,734
2020-09-13,San Francisco,075,870044,10648,10254,25,10279,90
2020-09-13,San Joaquin,077,732212,19616,19110,43,19153,396
2020-09-13,San Luis Obispo,079,281455,3464,3240,21,3261,24
2020-09-13,San Mateo,081,765935,9576,8811,10,8821,127
2020-09-13,Santa Barbara,083,443738,8852,8690,74,8764,104
2020-09-13,Santa Clara,085,1922200,20746,19456,40,19496,245
2020-09-13,Santa Cruz,087,273765,2190,2016,20,2036,7
2020-09-13,Shasta,089,179085,729,583,3,586,10
2020-09-13,Sierra,091,2930,6,6,0,6,0
2020-09-13,Siskiyou,093,43540,152,143,9,152,0
2020-09-13,Solano,095,438530,5998,5810,41,5851,43
2020-09-13,Sonoma,097,501317,6916,6592,20,6612,95
2020-09-13,Stanislaus,099,539301,16111,15759,459,16218,253
2020-09-13,Sutter,101,95872,1600,1539,1,1540,10
2020-09-13,Tehama,103,63373,489,476,2,478,1
2020-09-13,Trinity,105,12862,52,14,7,21,0
2020-09-13,Tulare,107,460477,15682,15098,86,15184,254
2020-09-13,Tuolumne,109,53932,224,208,4,212,1
2020-09-13,Ventura,111,848112,12550,11855,135,11990,123
2020-09-13,Yolo,113,214977,2739,2675,6,2681,53
2020-09-13,Yuba,115,75493,1026,967,4,971,1
2020-09-12,Alameda,001,1643700,20418,19758,151,19909,307
2020-09-12,Alpine,003,1148,2,2,0,2,0
2020-09-12,Amador,005,37829,281,278,0,278,16
2020-09-12,Butte,007,227075,2787,2629,23,2652,37
2020-09-12,Calaveras,009,45235,301,246,0,246,3
2020-09-12,Colusa,011,21464,507,486,0,486,6
2020-09-12,Contra Costa,013,1133247,15990,15135,76,15211,174
2020-09-12,Del Norte,015,27424,126,116,0,116,1
2020-09-12,El Dorado,017,186661,1086,1034,3,1037,2
2020-09-12,Fresno,019,978130,29532,27076,344,27420,345
2020-09-12,Glenn,021,27897,549,517,0,517,3
2020-09-12,Humboldt,023,135768,477,430,1,431,4
2020-09-12,Imperial,025,180216,11554,10305,6,10311,273
2020-09-12,Inyo,027,18085,186,177,4,181,12
2020-09-12,Kern,029,883053,31102,30202,283,30485,368
2020-09-12,Kings,031,150075,7217,6895,37,6932,70
2020-09-12,Lake,033,64148,460,393,0,393,4
2020-09-12,Lassen,035,31185,734,719,2,721,0
2020-09-12,Los Angeles,037,10098052,256062,253156,1590,254746,6193
2020-09-12,Madera,039,155013,4300,4058,30,4088,43
2020-09-12,Marin,041,260295,6497,6393,15,6408,69
2020-09-12,Mariposa,043,17540,75,72,0,72,2
2020-09-12,Mendocino,045,87422,756,700,0,700,17
2020-09-12,Merced,047,269075,8648,8533,14,8547,112
2020-09-12,Modoc,049,8938,25,21,0,21,0
2020-09-12,Mono,051,14174,165,147,2,149,1
2020-09-12,Monterey,053,433212,9188,8743,23,8766,61
2020-09-12,Napa,055,140530,1613,1556,8,1564,11
2020-09-12,Nevada,057,99092,503,482,15,497,6
2020-09-12,Orange,059,3164182,52552,49895,1351,51246,1078
2020-09-12,Placer,061,380077,3433,3280,14,3294,38
2020-09-12,Plumas,063,18699,48,42,0,42,0
2020-09-12,Riverside,065,2383286,56501,55058,103,55161,1108
2020-09-12,Sacramento,067,1510023,20787,20184,23,20207,367
2020-09-12,San Benito,069,59416,1263,1208,0,1208,7
2020-09-12,San Bernardino,071,2135413,51649,49945,329,50274,896
2020-09-12,San Diego,073,3302833,44166,42416,710,43126,747
2020-09-12,San Francisco,075,870044,10603,10257,25,10282,90
2020-09-12,San Joaquin,077,732212,19588,19108,43,19151,396
2020-09-12,San Luis Obispo,079,281455,3437,3220,21,3241,24
2020-09-12,San Mateo,081,765935,9531,8759,10,8769,127
2020-09-12,Santa Barbara,083,443738,8838,8642,74,8716,104
2020-09-12,Santa Clara,085,1922200,20662,19330,40,19370,237
2020-09-12,Santa Cruz,087,273765,2178,2016,20,2036,7
2020-09-12,Shasta,089,179085,717,569,3,572,10
2020-09-12,Sierra,091,2930,6,6,0,6,0
2020-09-12,Siskiyou,093,43540,152,141,9,150,0
2020-09-12,Solano,095,438530,5974,5772,41,5813,43
2020-09-12,Sonoma,097,501317,6891,6531,20,6551,95
2020-09-12,Stanislaus,099,539301,16079,15675,456,16131,253
2020-09-12,Sutter,101,95872,1594,1529,1,1530,10
2020-09-12,Tehama,103,63373,486,471,2,473,1
2020-09-12,Trinity,105,12862,52,15,7,22,0
2020-09-12,Tulare,107,460477,15636,15018,85,15103,254
2020-09-12,Tuolumne,109,53932,224,208,4,212,1
2020-09-12,Ventura,111,848112,12499,11759,133,11892,123
2020-09-12,Yolo,113,214977,2732,2646,6,2652,53
2020-09-12,Yuba,115,75493,1022,963,4,967,1
2020-09-11,Alameda,001,1643700,20363,19625,150,19775,298
2020-09-11,Alpine,003,1148,2,2,0,2,0
2020-09-11,Amador,005,37829,281,277,0,277,16
2020-09-11,Butte,007,227075,2776,2605,23,2628,37
2020-09-11,Calaveras,009,45235,300,242,0,242,1
2020-09-11,Colusa,011,21464,506,484,0,484,6
2020-09-11,Contra Costa,013,1133247,15938,15001,73,15074,173
2020-09-11,Del Norte,015,27424,126,115,0,115,1
2020-09-11,El Dorado,017,186661,1083,1024,3,1027,2
2020-09-11,Fresno,019,978130,29452,26917,343,27260,344
2020-09-11,Glenn,021,27897,544,515,0,515,3
2020-09-11,Humboldt,023,135768,475,426,1,427,4
2020-09-11,Imperial,025,180216,11536,10286,6,10292,273
2020-09-11,Inyo,027,18085,186,176,4,180,12
2020-09-11,Kern,029,883053,31034,30059,282,30341,365
2020-09-11,Kings,031,150075,7200,6770,37,6807,70
2020-09-11,Lake,033,64148,453,382,0,382,4
2020-09-11,Lassen,035,31185,734,719,2,721,0
2020-09-11,Los Angeles,037,10098052,255381,252057,1579,253636,6172
2020-09-11,Madera,039,155013,4281,4018,30,4048,43
2020-09-11,Marin,041,260295,6494,6364,15,6379,69
2020-09-11,Mariposa,043,17540,75,72,0,72,2
2020-09-11,Mendocino,045,87422,745,700,0,700,17
2020-09-11,Merced,047,269075,8627,8489,14,8503,109
2020-09-11,Modoc,049,8938,25,21,0,21,0
2020-09-11,Mono,051,14174,165,145,2,147,1
2020-09-11,Monterey,053,433212,9140,8595,23,8618,61
2020-09-11,Napa,055,140530,1602,1543,8,1551,11
2020-09-11,Nevada,057,99092,496,483,15,498,6
2020-09-11,Orange,059,3164182,52423,49755,1339,51094,1068
2020-09-11,Placer,061,380077,3418,3254,14,3268,37
2020-09-11,Plumas,063,18699,48,42,0,42,0
2020-09-11,Riverside,065,2383286,56366,54717,100,54817,1099
2020-09-11,Sacramento,067,1510023,20702,20012,23,20035,358
2020-09-11,San Benito,069,59416,1253,1202,0,1202,7
2020-09-11,San Bernardino,071,2135413,51550,49682,329,50011,871
2020-09-11,San Diego,073,3302833,43946,41971,704,42675,730
2020-09-11,San Francisco,075,870044,10555,10133,24,10157,89
2020-09-11,San Joaquin,077,732212,19540,19019,43,19062,391
2020-09-11,San Luis Obispo,079,281455,3419,3190,21,3211,24
2020-09-11,San Mateo,081,765935,9489,8611,10,8621,127
2020-09-11,Santa Barbara,083,443738,8805,8592,73,8665,103
2020-09-11,Santa Clara,085,1922200,20573,19065,40,19105,234
2020-09-11,Santa Cruz,087,273765,2161,1997,20,2017,7
2020-09-11,Shasta,089,179085,707,568,3,571,10
2020-09-11,Sierra,091,2930,6,6,0,6,0
2020-09-11,Siskiyou,093,43540,151,139,9,148,0
2020-09-11,Solano,095,438530,5957,5742,41,5783,42
2020-09-11,Sonoma,097,501317,6846,6469,20,6489,91
2020-09-11,Stanislaus,099,539301,16041,15613,453,16066,253
2020-09-11,Sutter,101,95872,1584,1505,1,1506,11
2020-09-11,Tehama,103,63373,483,466,2,468,1
2020-09-11,Trinity,105,12862,52,16,7,23,0
2020-09-11,Tulare,107,460477,15605,14932,83,15015,251
2020-09-11,Tuolumne,109,53932,224,208,4,212,1
2020-09-11,Ventura,111,848112,12445,11700,131,11831,123
2020-09-11,Yolo,113,214977,2721,2632,6,2638,53
2020-09-11,Yuba,115,75493,1014,946,4,950,1
2020-09-10,Alameda,001,1643700,20289,19509,150,19659,292
2020-09-10,Alpine,003,1148,2,2,0,2,0
2020-09-10,Amador,005,37829,280,277,0,277,16
2020-09-10,Butte,007,227075,2759,2590,23,2613,37
2020-09-10,Calaveras,009,45235,300,244,0,244,1
2020-09-10,Colusa,011,21464,504,482,0,482,6
2020-09-10,Contra Costa,013,1133247,15868,14909,73,14982,172
2020-09-10,Del Norte,015,27424,125,112,0,112,1
2020-09-10,El Dorado,017,186661,1080,1020,3,1023,2
2020-09-10,Fresno,019,978130,29330,26783,343,27126,338
2020-09-10,Glenn,021,27897,534,511,0,511,3
2020-09-10,Humboldt,023,135768,464,422,1,423,4
2020-09-10,Imperial,025,180216,11520,10251,6,10257,270
2020-09-10,Inyo,027,18085,185,176,4,180,11
2020-09-10,Kern,029,883053,30952,29988,278,30266,363
2020-09-10,Kings,031,150075,7170,6739,37,6776,70
2020-09-10,Lake,033,64148,446,377,0,377,4
2020-09-10,Lassen,035,31185,733,716,2,718,0
2020-09-10,Los Angeles,037,10098052,254402,251003,1558,252561,6132
2020-09-10,Madera,039,155013,4263,3979,30,4009,43
2020-09-10,Marin,041,260295,6482,6344,15,6359,68
2020-09-10,Mariposa,043,17540,75,72,0,72,2
2020-09-10,Mendocino,045,87422,735,697,0,697,16
2020-09-10,Merced,047,269075,8581,8461,14,8475,109
2020-09-10,Modoc,049,8938,25,21,0,21,0
2020-09-10,Mono,051,14174,165,145,2,147,1
2020-09-10,Monterey,053,433212,9070,8570,23,8593,59
2020-09-10,Napa,055,140530,1596,1536,8,1544,11
2020-09-10,Nevada,057,99092,492,478,15,493,6
2020-09-10,Orange,059,3164182,52260,49617,1333,50950,1057
2020-09-10,Placer,061,380077,3398,3233,14,3247,37
2020-09-10,Plumas,063,18699,48,42,0,42,0
2020-09-10,Riverside,065,2383286,56047,54417,97,54514,1091
2020-09-10,Sacramento,067,1510023,20580,19618,22,19640,354
2020-09-10,San Benito,069,59416,1247,1201,0,1201,5
2020-09-10,San Bernardino,071,2135413,51361,49467,327,49794,867
2020-09-10,San Diego,073,3302833,43680,41610,677,42287,725
2020-09-10,San Francisco,075,870044,10478,10082,24,10106,89
2020-09-10,San Joaquin,077,732212,19487,18854,43,18897,389
2020-09-10,San Luis Obispo,079,281455,3405,3161,20,3181,24
2020-09-10,San Mateo,081,765935,9443,8529,10,8539,125
2020-09-10,Santa Barbara,083,443738,8760,8552,73,8625,100
2020-09-10,Santa Clara,085,1922200,20459,18870,40,18910,231
2020-09-10,Santa Cruz,087,273765,2146,1986,18,2004,7
2020-09-10,Shasta,089,179085,696,566,3,569,10
2020-09-10,Sierra,091,2930,6,6,0,6,0
2020-09-10,Siskiyou,093,43540,151,137,9,146,0
2020-09-10,Solano,095,438530,5917,5696,41,5737,42
2020-09-10,Sonoma,097,501317,6797,6424,20,6444,91
2020-09-10,Stanislaus,099,539301,15987,15509,448,15957,243
2020-09-10,Sutter,101,95872,1572,1494,1,1495,11
2020-09-10,Tehama,103,63373,476,466,2,468,1
2020-09-10,Trinity,105,12862,52,15,7,22,0
2020-09-10,Tulare,107,460477,15550,14860,80,14940,250
2020-09-10,Tuolumne,109,53932,223,205,4,209,1
2020-09-10,Ventura,111,848112,12351,11600,124,11724,122
2020-09-10,Yolo,113,214977,2716,2612,6,2618,53
2020-09-10,Yuba,115,75493,1008,941,4,945,1
2020-09-09,Alameda,001,1643700,20210,19399,149,19548,289
2020-09-09,Alpine,003,1148,2,2,0,2,0
2020-09-09,Amador,005,37829,279,276,0,276,16
2020-09-09,Butte,007,227075,2742,2561,23,2584,37
2020-09-09,Calaveras,009,45235,300,242,0,242,1
2020-09-09,Colusa,011,21464,499,479,0,479,6
2020-09-09,Contra Costa,013,1133247,15782,14816,73,14889,171
2020-09-09,Del Norte,015,27424,121,109,0,109,1
2020-09-09,El Dorado,017,186661,1077,1020,3,1023,2
2020-09-09,Fresno,019,978130,29227,26724,338,27062,329
2020-09-09,Glenn,021,27897,531,508,0,508,3
2020-09-09,Humboldt,023,135768,462,420,1,421,4
2020-09-09,Imperial,025,180216,11499,10233,6,10239,268
2020-09-09,Inyo,027,18085,184,173,4,177,2
2020-09-09,Kern,029,883053,30854,29925,275,30200,355
2020-09-09,Kings,031,150075,7152,6721,37,6758,72
2020-09-09,Lake,033,64148,438,371,0,371,4
2020-09-09,Lassen,035,31185,732,714,2,716,0
2020-09-09,Los Angeles,037,10098052,253527,249876,1540,251416,6091
2020-09-09,Madera,039,155013,4237,3926,30,3956,43
2020-09-09,Marin,041,260295,6463,6321,15,6336,68
2020-09-09,Mariposa,043,17540,74,72,0,72,2
2020-09-09,Mendocino,045,87422,727,695,0,695,16
2020-09-09,Merced,047,269075,8555,8441,14,8455,107
2020-09-09,Modoc,049,8938,24,20,0,20,0
2020-09-09,Mono,051,14174,165,145,2,147,1
2020-09-09,Monterey,053,433212,8998,8527,23,8550,59
2020-09-09,Napa,055,140530,1586,1531,8,1539,11
2020-09-09,Nevada,057,99092,488,476,15,491,6
2020-09-09,Orange,059,3164182,52081,49394,1325,50719,1054
2020-09-09,Placer,061,380077,3378,3222,14,3236,36
2020-09-09,Plumas,063,18699,46,42,0,42,0
2020-09-09,Riverside,065,2383286,55817,54320,94,54414,1081
2020-09-09,Sacramento,067,1510023,20474,19474,21,19495,347
2020-09-09,San Benito,069,59416,1243,1199,0,1199,5
2020-09-09,San Bernardino,071,2135413,51163,49264,326,49590,866
2020-09-09,San Diego,073,3302833,43391,41326,665,41991,721
2020-09-09,San Francisco,075,870044,10428,9996,23,10019,86
2020-09-09,San Joaquin,077,732212,19423,18799,42,18841,388
2020-09-09,San Luis Obispo,079,281455,3387,3131,20,3151,24
2020-09-09,San Mateo,081,765935,9382,8478,10,8488,125
2020-09-09,Santa Barbara,083,443738,8717,8528,73,8601,97
2020-09-09,Santa Clara,085,1922200,20327,18759,40,18799,228
2020-09-09,Santa Cruz,087,273765,2123,1967,18,1985,7
2020-09-09,Shasta,089,179085,684,562,3,565,10
2020-09-09,Sierra,091,2930,6,6,0,6,0
2020-09-09,Siskiyou,093,43540,149,137,9,146,0
2020-09-09,Solano,095,438530,5885,5680,41,5721,36
2020-09-09,Sonoma,097,501317,6731,6397,20,6417,92
2020-09-09,Stanislaus,099,539301,15948,15469,437,15906,243
2020-09-09,Sutter,101,95872,1564,1487,1,1488,11
2020-09-09,Tehama,103,63373,473,462,2,464,1
2020-09-09,Trinity,105,12862,52,14,7,21,0
2020-09-09,Tulare,107,460477,15501,14787,75,14862,249
2020-09-09,Tuolumne,109,53932,222,204,3,207,1
2020-09-09,Ventura,111,848112,12260,11497,121,11618,121
2020-09-09,Yolo,113,214977,2705,2604,6,2610,53
2020-09-09,Yuba,115,75493,1003,936,4,940,1
2020-09-08,Alameda,001,1643700,20102,19293,149,19442,288
2020-09-08,Alpine,003,1148,2,2,0,2,0
2020-09-08,Amador,005,37829,279,276,0,276,16
2020-09-08,Butte,007,227075,2724,2453,23,2476,36
2020-09-08,Calaveras,009,45235,298,233,0,233,1
2020-09-08,Colusa,011,21464,497,475,0,475,6
2020-09-08,Contra Costa,013,1133247,15654,14740,70,14810,171
2020-09-08,Del Norte,015,27424,121,109,0,109,2
2020-09-08,El Dorado,017,186661,1074,1011,3,1014,2
2020-09-08,Fresno,019,978130,29107,26640,334,26974,329
2020-09-08,Glenn,021,27897,527,492,0,492,3
2020-09-08,Humboldt,023,135768,460,420,1,421,4
2020-09-08,Imperial,025,180216,11483,10198,6,10204,267
2020-09-08,Inyo,027,18085,184,169,4,173,2
2020-09-08,Kern,029,883053,30768,29850,273,30123,351
2020-09-08,Kings,031,150075,7114,6658,37,6695,72
2020-09-08,Lake,033,64148,428,370,0,370,4
2020-09-08,Lassen,035,31185,732,710,2,712,0
2020-09-08,Los Angeles,037,10098052,252597,249217,1512,250729,6034
2020-09-08,Madera,039,155013,4213,3904,30,3934,43
2020-09-08,Marin,041,260295,6432,6313,15,6328,68
2020-09-08,Mariposa,043,17540,74,72,0,72,2
2020-09-08,Mendocino,045,87422,720,690,0,690,16
2020-09-08,Merced,047,269075,8532,8381,14,8395,104
2020-09-08,Modoc,049,8938,24,20,0,20,0
2020-09-08,Mono,051,14174,165,145,2,147,1
2020-09-08,Monterey,053,433212,8913,8491,23,8514,59
2020-09-08,Napa,055,140530,1582,1518,8,1526,11
2020-09-08,Nevada,057,99092,488,470,15,485,6
2020-09-08,Orange,059,3164182,51939,49214,1321,50535,1044
2020-09-08,Placer,061,380077,3364,3205,14,3219,36
2020-09-08,Plumas,063,18699,46,42,0,42,0
2020-09-08,Riverside,065,2383286,55603,54168,91,54259,1069
2020-09-08,Sacramento,067,1510023,20239,19411,20,19431,347
2020-09-08,San Benito,069,59416,1236,1188,0,1188,5
2020-09-08,San Bernardino,071,2135413,50975,49034,324,49358,856
2020-09-08,San Diego,073,3302833,43075,41079,653,41732,709
2020-09-08,San Francisco,075,870044,10355,9821,23,9844,86
2020-09-08,San Joaquin,077,732212,19345,18550,42,18592,388
2020-09-08,San Luis Obispo,079,281455,3372,3120,20,3140,23
2020-09-08,San Mateo,081,765935,9306,8460,10,8470,125
2020-09-08,Santa Barbara,083,443738,8683,8488,72,8560,96
2020-09-08,Santa Clara,085,1922200,20151,18645,40,18685,228
2020-09-08,Santa Cruz,087,273765,2095,1903,18,1921,7
2020-09-08,Shasta,089,179085,676,556,3,559,10
2020-09-08,Sierra,091,2930,6,6,0,6,0
2020-09-08,Siskiyou,093,43540,147,136,9,145,0
2020-09-08,Solano,095,438530,5848,5654,41,5695,36
2020-09-08,Sonoma,097,501317,6662,6356,20,6376,92
2020-09-08,Stanislaus,099,539301,15884,15415,425,15840,238
2020-09-08,Sutter,101,95872,1548,1473,1,1474,11
2020-09-08,Tehama,103,63373,469,458,2,460,1
2020-09-08,Trinity,105,12862,51,13,7,20,0
2020-09-08,Tulare,107,460477,15421,14635,74,14709,249
2020-09-08,Tuolumne,109,53932,221,197,3,200,1
2020-09-08,Ventura,111,848112,12191,11475,118,11593,118
2020-09-08,Yolo,113,214977,2695,2580,6,2586,53
2020-09-08,Yuba,115,75493,991,923,4,927,1
2020-09-07,Alameda,001,1643700,19980,19188,143,19331,281
2020-09-07,Alpine,003,1148,2,2,0,2,0
2020-09-07,Amador,005,37829,279,276,0,276,16
2020-09-07,Butte,007,227075,2691,2450,22,2472,30
2020-09-07,Calaveras,009,45235,288,234,0,234,1
2020-09-07,Colusa,011,21464,496,475,0,475,6
2020-09-07,Contra Costa,013,1133247,15541,14637,67,14704,172
2020-09-07,Del Norte,015,27424,121,109,0,109,2
2020-09-07,El Dorado,017,186661,1063,1011,3,1014,2
2020-09-07,Fresno,019,978130,29013,26565,331,26896,329
2020-09-07,Glenn,021,27897,522,488,0,488,3
2020-09-07,Humboldt,023,135768,451,416,1,417,4
2020-09-07,Imperial,025,180216,11452,10199,6,10205,267
2020-09-07,Inyo,027,18085,184,169,4,173,2
2020-09-07,Kern,029,883053,30647,29790,268,30058,348
2020-09-07,Kings,031,150075,6989,6630,37,6667,72
2020-09-07,Lake,033,64148,405,367,0,367,2
2020-09-07,Lassen,035,31185,732,709,2,711,0
2020-09-07,Los Angeles,037,10098052,251551,248804,1490,250294,6030
2020-09-07,Madera,039,155013,4182,3889,29,3918,43
2020-09-07,Marin,041,260295,6402,6296,15,6311,67
2020-09-07,Mariposa,043,17540,74,72,0,72,2
2020-09-07,Mendocino,045,87422,712,687,0,687,16
2020-09-07,Merced,047,269075,8485,8381,14,8395,104
2020-09-07,Modoc,049,8938,23,20,0,20,0
2020-09-07,Mono,051,14174,165,145,2,147,1
2020-09-07,Monterey,053,433212,8834,8463,23,8486,57
2020-09-07,Napa,055,140530,1570,1514,8,1522,11
2020-09-07,Nevada,057,99092,486,469,15,484,6
2020-09-07,Orange,059,3164182,51765,49132,1317,50449,1042
2020-09-07,Placer,061,380077,3334,3188,13,3201,36
2020-09-07,Plumas,063,18699,45,42,0,42,0
2020-09-07,Riverside,065,2383286,55328,54178,85,54263,1069
2020-09-07,Sacramento,067,1510023,19996,19292,19,19311,345
2020-09-07,San Benito,069,59416,1230,1180,0,1180,4
2020-09-07,San Bernardino,071,2135413,50747,49043,322,49365,821
2020-09-07,San Diego,073,3302833,42675,40868,626,41494,708
2020-09-07,San Francisco,075,870044,10304,9813,22,9835,85
2020-09-07,San Joaquin,077,732212,19264,18552,40,18592,386
2020-09-07,San Luis Obispo,079,281455,3335,3116,20,3136,23
2020-09-07,San Mateo,081,765935,9224,8409,10,8419,125
2020-09-07,Santa Barbara,083,443738,8639,8479,72,8551,95
2020-09-07,Santa Clara,085,1922200,19993,18596,39,18635,226
2020-09-07,Santa Cruz,087,273765,2067,1902,18,1920,7
2020-09-07,Shasta,089,179085,666,556,3,559,10
2020-09-07,Sierra,091,2930,6,6,0,6,0
2020-09-07,Siskiyou,093,43540,146,133,9,142,0
2020-09-07,Solano,095,438530,5783,5640,41,5681,36
2020-09-07,Sonoma,097,501317,6596,6268,20,6288,85
2020-09-07,Stanislaus,099,539301,15819,15343,413,15756,236
2020-09-07,Sutter,101,95872,1531,1468,1,1469,11
2020-09-07,Tehama,103,63373,466,453,2,455,1
2020-09-07,Trinity,105,12862,51,13,7,20,0
2020-09-07,Tulare,107,460477,15316,14637,72,14709,249
2020-09-07,Tuolumne,109,53932,220,196,3,199,1
2020-09-07,Ventura,111,848112,12096,11463,115,11578,118
2020-09-07,Yolo,113,214977,2678,2565,5,2570,53
2020-09-07,Yuba,115,75493,975,923,3,926,1
2020-09-06,Alameda,001,1643700,19922,19029,141,19170,281
2020-09-06,Alpine,003,1148,2,2,0,2,0
2020-09-06,Amador,005,37829,277,275,0,275,16
2020-09-06,Butte,007,227075,2682,2446,22,2468,30
2020-09-06,Calaveras,009,45235,288,235,0,235,1
2020-09-06,Colusa,011,21464,492,475,0,475,6
2020-09-06,Contra Costa,013,1133247,15461,14565,66,14631,171
2020-09-06,Del Norte,015,27424,121,109,0,109,2
2020-09-06,El Dorado,017,186661,1061,1008,3,1011,2
2020-09-06,Fresno,019,978130,28949,26471,329,26800,329
2020-09-06,Glenn,021,27897,516,474,0,474,3
2020-09-06,Humboldt,023,135768,448,404,1,405,4
2020-09-06,Imperial,025,180216,11435,10152,6,10158,267
2020-09-06,Inyo,027,18085,184,169,4,173,2
2020-09-06,Kern,029,883053,30591,29699,264,29963,348
2020-09-06,Kings,031,150075,6969,6561,36,6597,72
2020-09-06,Lake,033,64148,402,362,0,362,2
2020-09-06,Lassen,035,31185,732,709,2,711,0
2020-09-06,Los Angeles,037,10098052,250919,248316,1476,249792,6004
2020-09-06,Madera,039,155013,4138,3867,29,3896,42
2020-09-06,Marin,041,260295,6390,6276,15,6291,67
2020-09-06,Mariposa,043,17540,74,72,0,72,2
2020-09-06,Mendocino,045,87422,711,672,0,672,16
2020-09-06,Merced,047,269075,8465,8327,14,8341,104
2020-09-06,Modoc,049,8938,23,20,0,20,0
2020-09-06,Mono,051,14174,164,145,2,147,1
2020-09-06,Monterey,053,433212,8794,8403,22,8425,56
2020-09-06,Napa,055,140530,1566,1501,6,1507,11
2020-09-06,Nevada,057,99092,486,467,14,481,6
2020-09-06,Orange,059,3164182,51652,48931,1313,50244,1042
2020-09-06,Placer,061,380077,3317,3169,13,3182,36
2020-09-06,Plumas,063,18699,44,42,0,42,0
2020-09-06,Riverside,065,2383286,55212,53970,83,54053,1069
2020-09-06,Sacramento,067,1510023,19901,19128,19,19147,340
2020-09-06,San Benito,069,59416,1228,1178,0,1178,4
2020-09-06,San Bernardino,071,2135413,50639,48923,322,49245,823
2020-09-06,San Diego,073,3302833,42427,40652,620,41272,707
2020-09-06,San Francisco,075,870044,10230,9813,22,9835,85
2020-09-06,San Joaquin,077,732212,19215,18558,40,18598,386
2020-09-06,San Luis Obispo,079,281455,3324,3101,20,3121,23
2020-09-06,San Mateo,081,765935,9171,8387,10,8397,125
2020-09-06,Santa Barbara,083,443738,8610,8434,72,8506,95
2020-09-06,Santa Clara,085,1922200,19892,18495,39,18534,207
2020-09-06,Santa Cruz,087,273765,2060,1902,18,1920,7
2020-09-06,Shasta,089,179085,660,550,3,553,10
2020-09-06,Sierra,091,2930,6,6,0,6,0
2020-09-06,Siskiyou,093,43540,146,132,9,141,0
2020-09-06,Solano,095,438530,5757,5619,41,5660,37
2020-09-06,Sonoma,097,501317,6567,6212,20,6232,85
2020-09-06,Stanislaus,099,539301,15775,15288,409,15697,236
2020-09-06,Sutter,101,95872,1518,1451,1,1452,11
2020-09-06,Tehama,103,63373,465,455,2,457,1
2020-09-06,Trinity,105,12862,50,13,7,20,0
2020-09-06,Tulare,107,460477,15273,14636,71,14707,249
2020-09-06,Tuolumne,109,53932,217,194,3,197,1
2020-09-06,Ventura,111,848112,12051,11315,115,11430,118
2020-09-06,Yolo,113,214977,2664,2556,5,2561,53
2020-09-06,Yuba,115,75493,966,913,3,916,1
2020-09-05,Alameda,001,1643700,19877,18973,139,19112,279
2020-09-05,Alpine,003,1148,2,2,0,2,0
2020-09-05,Amador,005,37829,277,274,0,274,16
2020-09-05,Butte,007,227075,2666,2406,21,2427,30
2020-09-05,Calaveras,009,45235,288,237,0,237,1
2020-09-05,Colusa,011,21464,488,472,0,472,6
2020-09-05,Contra Costa,013,1133247,15384,14456,64,14520,173
2020-09-05,Del Norte,015,27424,121,109,0,109,2
2020-09-05,El Dorado,017,186661,1061,1007,3,1010,2
2020-09-05,Fresno,019,978130,28881,26325,329,26654,331
2020-09-05,Glenn,021,27897,515,474,0,474,3
2020-09-05,Humboldt,023,135768,446,402,1,403,4
2020-09-05,Imperial,025,180216,11418,10151,6,10157,268
2020-09-05,Inyo,027,18085,184,169,4,173,2
2020-09-05,Kern,029,883053,30531,29645,260,29905,347
2020-09-05,Kings,031,150075,6960,6518,36,6554,66
2020-09-05,Lake,033,64148,399,359,0,359,2
2020-09-05,Lassen,035,31185,732,709,2,711,0
2020-09-05,Los Angeles,037,10098052,250384,247572,1464,249036,6001
2020-09-05,Madera,039,155013,4097,3851,29,3880,42
2020-09-05,Marin,041,260295,6383,6259,15,6274,66
2020-09-05,Mariposa,043,17540,74,72,0,72,2
2020-09-05,Mendocino,045,87422,710,658,0,658,16
2020-09-05,Merced,047,269075,8433,8297,12,8309,104
2020-09-05,Modoc,049,8938,23,19,0,19,0
2020-09-05,Mono,051,14174,164,145,2,147,1
2020-09-05,Monterey,053,433212,8764,8301,22,8323,56
2020-09-05,Napa,055,140530,1560,1484,6,1490,11
2020-09-05,Nevada,057,99092,483,461,14,475,6
2020-09-05,Orange,059,3164182,51550,48726,1308,50034,1039
2020-09-05,Placer,061,380077,3306,3141,13,3154,35
2020-09-05,Plumas,063,18699,44,42,0,42,0
2020-09-05,Riverside,065,2383286,55106,53780,83,53863,1066
2020-09-05,Sacramento,067,1510023,19810,18955,19,18974,339
2020-09-05,San Benito,069,59416,1226,1153,0,1153,4
2020-09-05,San Bernardino,071,2135413,50563,48800,321,49121,825
2020-09-05,San Diego,073,3302833,42234,40344,608,40952,717
2020-09-05,San Francisco,075,870044,10197,9812,21,9833,85
2020-09-05,San Joaquin,077,732212,19187,18557,40,18597,386
2020-09-05,San Luis Obispo,079,281455,3314,3083,20,3103,23
2020-09-05,San Mateo,081,765935,9126,8352,10,8362,124
2020-09-05,Santa Barbara,083,443738,8594,8404,72,8476,96
2020-09-05,Santa Clara,085,1922200,19809,18311,39,18350,207
2020-09-05,Santa Cruz,087,273765,2052,1904,18,1922,7
2020-09-05,Shasta,089,179085,659,544,3,547,10
2020-09-05,Sierra,091,2930,6,6,0,6,0
2020-09-05,Siskiyou,093,43540,145,131,9,140,0
2020-09-05,Solano,095,438530,5745,5579,41,5620,37
2020-09-05,Sonoma,097,501317,6534,6149,20,6169,85
2020-09-05,Stanislaus,099,539301,15727,15198,405,15603,236
2020-09-05,Sutter,101,95872,1511,1445,1,1446,11
2020-09-05,Tehama,103,63373,464,447,2,449,1
2020-09-05,Trinity,105,12862,50,13,7,20,0
2020-09-05,Tulare,107,460477,15215,14576,69,14645,249
2020-09-05,Tuolumne,109,53932,217,194,3,197,1
2020-09-05,Ventura,111,848112,12008,11254,115,11369,118
2020-09-05,Yolo,113,214977,2654,2534,5,2539,53
2020-09-05,Yuba,115,75493,960,902,3,905,1
2020-09-04,Alameda,001,1643700,19809,18843,137,18980,276
2020-09-04,Alpine,003,1148,2,2,0,2,0
2020-09-04,Amador,005,37829,276,274,0,274,16
2020-09-04,Butte,007,227075,2643,2325,21,2346,28
2020-09-04,Calaveras,009,45235,286,237,0,237,1
2020-09-04,Colusa,011,21464,486,467,0,467,6
2020-09-04,Contra Costa,013,1133247,15304,14355,63,14418,164
2020-09-04,Del Norte,015,27424,121,109,0,109,2
2020-09-04,El Dorado,017,186661,1057,992,3,995,2
2020-09-04,Fresno,019,978130,28776,26147,328,26475,321
2020-09-04,Glenn,021,27897,507,463,0,463,3
2020-09-04,Humboldt,023,135768,441,390,1,391,4
2020-09-04,Imperial,025,180216,11409,10136,6,10142,267
2020-09-04,Inyo,027,18085,184,169,4,173,2
2020-09-04,Kern,029,883053,30463,29526,257,29783,345
2020-09-04,Kings,031,150075,6947,6259,36,6295,66
2020-09-04,Lake,033,64148,399,347,0,347,2
2020-09-04,Lassen,035,31185,732,708,2,710,0
2020-09-04,Los Angeles,037,10098052,249817,246396,1444,247840,5977
2020-09-04,Madera,039,155013,4084,3838,29,3867,42
2020-09-04,Marin,041,260295,6371,6251,15,6266,66
2020-09-04,Mariposa,043,17540,74,72,0,72,2
2020-09-04,Mendocino,045,87422,708,646,0,646,16
2020-09-04,Merced,047,269075,8413,8214,12,8226,104
2020-09-04,Modoc,049,8938,23,15,0,15,0
2020-09-04,Mono,051,14174,164,145,2,147,1
2020-09-04,Monterey,053,433212,8719,8208,22,8230,56
2020-09-04,Napa,055,140530,1551,1475,6,1481,11
2020-09-04,Nevada,057,99092,480,455,14,469,6
2020-09-04,Orange,059,3164182,51426,48488,1301,49789,1031
2020-09-04,Placer,061,380077,3294,3101,13,3114,35
2020-09-04,Plumas,063,18699,44,42,0,42,0
2020-09-04,Riverside,065,2383286,54993,53606,78,53684,1066
2020-09-04,Sacramento,067,1510023,19722,18765,19,18784,337
2020-09-04,San Benito,069,59416,1217,1137,0,1137,4
2020-09-04,San Bernardino,071,2135413,50470,48497,319,48816,800
2020-09-04,San Diego,073,3302833,42004,39901,599,40500,701
2020-09-04,San Francisco,075,870044,10157,9694,20,9714,85
2020-09-04,San Joaquin,077,732212,19133,18438,40,18478,376
2020-09-04,San Luis Obispo,079,281455,3299,3049,19,3068,21
2020-09-04,San Mateo,081,765935,9082,8275,10,8285,122
2020-09-04,Santa Barbara,083,443738,8564,8340,72,8412,96
2020-09-04,Santa Clara,085,1922200,19701,18074,39,18113,209
2020-09-04,Santa Cruz,087,273765,2035,1896,17,1913,7
2020-09-04,Shasta,089,179085,656,536,3,539,10
2020-09-04,Sierra,091,2930,6,6,0,6,0
2020-09-04,Siskiyou,093,43540,145,129,9,138,0
2020-09-04,Solano,095,438530,5732,5552,41,5593,37
2020-09-04,Sonoma,097,501317,6469,6050,20,6070,85
2020-09-04,Stanislaus,099,539301,15693,15074,396,15470,233
2020-09-04,Sutter,101,95872,1495,1425,1,1426,11
2020-09-04,Tehama,103,63373,460,442,2,444,1
2020-09-04,Trinity,105,12862,50,13,7,20,0
2020-09-04,Tulare,107,460477,15187,14501,65,14566,247
2020-09-04,Tuolumne,109,53932,217,193,3,196,1
2020-09-04,Ventura,111,848112,11966,11171,115,11286,114
2020-09-04,Yolo,113,214977,2640,2495,5,2500,53
2020-09-04,Yuba,115,75493,955,884,3,887,1
2020-09-03,Alameda,001,1643700,19706,18687,137,18824,275
2020-09-03,Alpine,003,1148,2,2,0,2,0
2020-09-03,Amador,005,37829,276,274,0,274,16
2020-09-03,Butte,007,227075,2598,2274,21,2295,27
2020-09-03,Calaveras,009,45235,285,238,0,238,1
2020-09-03,Colusa,011,21464,484,464,0,464,6
2020-09-03,Contra Costa,013,1133247,15197,14206,60,14266,159
2020-09-03,Del Norte,015,27424,118,109,0,109,2
2020-09-03,El Dorado,017,186661,1053,983,3,986,2
2020-09-03,Fresno,019,978130,28657,25978,323,26301,313
2020-09-03,Glenn,021,27897,503,460,0,460,3
2020-09-03,Humboldt,023,135768,436,390,1,391,4
2020-09-03,Imperial,025,180216,11388,10083,6,10089,255
2020-09-03,Inyo,027,18085,182,171,4,175,3
2020-09-03,Kern,029,883053,30371,29426,243,29669,340
2020-09-03,Kings,031,150075,6867,6200,36,6236,64
2020-09-03,Lake,033,64148,390,347,0,347,2
2020-09-03,Lassen,035,31185,732,707,2,709,0
2020-09-03,Los Angeles,037,10098052,248954,245026,1424,246450,5931
2020-09-03,Madera,039,155013,4065,3780,29,3809,43
2020-09-03,Marin,041,260295,6352,6175,15,6190,66
2020-09-03,Mariposa,043,17540,74,71,0,71,2
2020-09-03,Mendocino,045,87422,699,638,0,638,16
2020-09-03,Merced,047,269075,8371,8136,12,8148,105
2020-09-03,Modoc,049,8938,23,14,0,14,0
2020-09-03,Mono,051,14174,163,144,2,146,1
2020-09-03,Monterey,053,433212,8665,8128,22,8150,56
2020-09-03,Napa,055,140530,1544,1466,6,1472,10
2020-09-03,Nevada,057,99092,477,453,14,467,6
2020-09-03,Orange,059,3164182,51239,48226,1286,49512,1009
2020-09-03,Placer,061,380077,3276,3069,13,3082,34
2020-09-03,Plumas,063,18699,44,39,0,39,0
2020-09-03,Riverside,065,2383286,54813,53341,74,53415,1052
2020-09-03,Sacramento,067,1510023,19594,18553,18,18571,328
2020-09-03,San Benito,069,59416,1206,1121,0,1121,4
2020-09-03,San Bernardino,071,2135413,50304,48165,318,48483,800
2020-09-03,San Diego,073,3302833,41690,39448,583,40031,700
2020-09-03,San Francisco,075,870044,10091,9636,18,9654,84
2020-09-03,San Joaquin,077,732212,19056,18331,40,18371,371
2020-09-03,San Luis Obispo,079,281455,3282,3023,19,3042,21
2020-09-03,San Mateo,081,765935,9008,8211,10,8221,122
2020-09-03,Santa Barbara,083,443738,8516,8277,72,8349,96
2020-09-03,Santa Clara,085,1922200,19520,17879,39,17918,208
2020-09-03,Santa Cruz,087,273765,2020,1870,17,1887,7
2020-09-03,Shasta,089,179085,651,535,3,538,10
2020-09-03,Sierra,091,2930,6,6,0,6,0
2020-09-03,Siskiyou,093,43540,145,128,9,137,0
2020-09-03,Solano,095,438530,5712,5499,40,5539,36
2020-09-03,Sonoma,097,501317,6408,5997,20,6017,62
2020-09-03,Stanislaus,099,539301,15641,14985,392,15377,217
2020-09-03,Sutter,101,95872,1485,1412,1,1413,11
2020-09-03,Tehama,103,63373,456,436,2,438,1
2020-09-03,Trinity,105,12862,48,13,7,20,0
2020-09-03,Tulare,107,460477,15121,14408,64,14472,244
2020-09-03,Tuolumne,109,53932,217,193,3,196,1
2020-09-03,Ventura,111,848112,11848,11109,112,11221,112
2020-09-03,Yolo,113,214977,2624,2475,5,2480,53
2020-09-03,Yuba,115,75493,948,867,3,870,1
2020-09-02,Alameda,001,1643700,19588,18522,134,18656,260
2020-09-02,Alpine,003,1148,2,2,0,2,0
2020-09-02,Amador,005,37829,276,245,0,245,14
2020-09-02,Butte,007,227075,2552,2241,21,2262,27
2020-09-02,Calaveras,009,45235,284,235,0,235,1
2020-09-02,Colusa,011,21464,480,460,0,460,6
2020-09-02,Contra Costa,013,1133247,15108,14097,58,14155,159
2020-09-02,Del Norte,015,27424,117,109,0,109,2
2020-09-02,El Dorado,017,186661,1049,975,2,977,2
2020-09-02,Fresno,019,978130,28509,25785,320,26105,292
2020-09-02,Glenn,021,27897,498,457,0,457,3
2020-09-02,Humboldt,023,135768,433,381,1,382,4
2020-09-02,Imperial,025,180216,11372,9832,6,9838,255
2020-09-02,Inyo,027,18085,182,171,4,175,3
2020-09-02,Kern,029,883053,30279,29288,237,29525,335
2020-09-02,Kings,031,150075,6782,6142,36,6178,64
2020-09-02,Lake,033,64148,386,342,0,342,2
2020-09-02,Lassen,035,31185,730,706,2,708,0
2020-09-02,Los Angeles,037,10098052,248023,243999,1396,245395,5887
2020-09-02,Madera,039,155013,4045,3735,29,3764,41
2020-09-02,Marin,041,260295,6337,6131,15,6146,66
2020-09-02,Mariposa,043,17540,74,71,0,71,2
2020-09-02,Mendocino,045,87422,689,636,0,636,15
2020-09-02,Merced,047,269075,8340,8097,11,8108,103
2020-09-02,Modoc,049,8938,22,11,0,11,0
2020-09-02,Mono,051,14174,163,145,2,147,1
2020-09-02,Monterey,053,433212,8601,8070,22,8092,56
2020-09-02,Napa,055,140530,1532,1454,6,1460,10
2020-09-02,Nevada,057,99092,471,452,13,465,6
2020-09-02,Orange,059,3164182,51058,47871,1276,49147,994
2020-09-02,Placer,061,380077,3251,3047,12,3059,33
2020-09-02,Plumas,063,18699,44,39,0,39,0
2020-09-02,Riverside,065,2383286,54611,52923,71,52994,1032
2020-09-02,Sacramento,067,1510023,19361,18355,17,18372,316
2020-09-02,San Benito,069,59416,1193,1107,0,1107,4
2020-09-02,San Bernardino,071,2135413,50140,47766,315,48081,794
2020-09-02,San Diego,073,3302833,41370,39123,569,39692,695
2020-09-02,San Francisco,075,870044,10022,9587,18,9605,84
2020-09-02,San Joaquin,077,732212,18975,18194,39,18233,352
2020-09-02,San Luis Obispo,079,281455,3256,3002,18,3020,21
2020-09-02,San Mateo,081,765935,8951,8148,10,8158,122
2020-09-02,Santa Barbara,083,443738,8461,8206,71,8277,94
2020-09-02,Santa Clara,085,1922200,19366,17673,39,17712,206
2020-09-02,Santa Cruz,087,273765,1997,1850,17,1867,7
2020-09-02,Shasta,089,179085,650,531,3,534,10
2020-09-02,Sierra,091,2930,6,6,0,6,0
2020-09-02,Siskiyou,093,43540,144,127,9,136,0
2020-09-02,Solano,095,438530,5684,5463,40,5503,36
2020-09-02,Sonoma,097,501317,6346,5846,20,5866,62
2020-09-02,Stanislaus,099,539301,15571,14854,385,15239,220
2020-09-02,Sutter,101,95872,1470,1401,1,1402,10
2020-09-02,Tehama,103,63373,453,429,2,431,1
2020-09-02,Trinity,105,12862,48,13,7,20,0
2020-09-02,Tulare,107,460477,15054,14298,63,14361,244
2020-09-02,Tuolumne,109,53932,217,190,3,193,1
2020-09-02,Ventura,111,848112,11761,11031,111,11142,111
2020-09-02,Yolo,113,214977,2603,2449,5,2454,54
2020-09-02,Yuba,115,75493,941,856,3,859,1
2020-09-01,Alameda,001,1643700,19449,18382,131,18513,248
2020-09-01,Alpine,003,1148,2,2,0,2,0
2020-09-01,Amador,005,37829,275,244,0,244,13
2020-09-01,Butte,007,227075,2495,2146,21,2167,26
2020-09-01,Calaveras,009,45235,276,228,0,228,1
2020-09-01,Colusa,011,21464,476,454,0,454,6
2020-09-01,Contra Costa,013,1133247,15014,13998,56,14054,158
2020-09-01,Del Norte,015,27424,116,108,0,108,2
2020-09-01,El Dorado,017,186661,1041,972,2,974,2
2020-09-01,Fresno,019,978130,28362,25542,317,25859,290
2020-09-01,Glenn,021,27897,491,449,0,449,3
2020-09-01,Humboldt,023,135768,427,378,1,379,4
2020-09-01,Imperial,025,180216,11346,9782,6,9788,250
2020-09-01,Inyo,027,18085,182,171,4,175,3
2020-09-01,Kern,029,883053,30188,29162,232,29394,332
2020-09-01,Kings,031,150075,6751,6088,36,6124,62
2020-09-01,Lake,033,64148,383,341,0,341,2
2020-09-01,Lassen,035,31185,727,706,2,708,0
2020-09-01,Los Angeles,037,10098052,246930,242633,1373,244006,5832
2020-09-01,Madera,039,155013,4016,3703,28,3731,41
2020-09-01,Marin,041,260295,6322,6102,15,6117,67
2020-09-01,Mariposa,043,17540,73,72,0,72,2
2020-09-01,Mendocino,045,87422,674,626,0,626,15
2020-09-01,Merced,047,269075,8287,8046,10,8056,103
2020-09-01,Modoc,049,8938,20,10,0,10,0
2020-09-01,Mono,051,14174,163,145,2,147,1
2020-09-01,Monterey,053,433212,8495,7926,22,7948,56
2020-09-01,Napa,055,140530,1517,1446,6,1452,10
2020-09-01,Nevada,057,99092,465,450,13,463,6
2020-09-01,Orange,059,3164182,50894,47671,1257,48928,976
2020-09-01,Placer,061,380077,3229,3013,12,3025,33
2020-09-01,Plumas,063,18699,44,39,0,39,0
2020-09-01,Riverside,065,2383286,54393,52785,70,52855,1027
2020-09-01,Sacramento,067,1510023,19178,18217,16,18233,305
2020-09-01,San Benito,069,59416,1181,1089,0,1089,4
2020-09-01,San Bernardino,071,2135413,49933,47371,314,47685,786
2020-09-01,San Diego,073,3302833,41012,38873,531,39404,688
2020-09-01,San Francisco,075,870044,9953,9492,18,9510,83
2020-09-01,San Joaquin,077,732212,18893,17915,38,17953,341
2020-09-01,San Luis Obispo,079,281455,3230,2970,18,2988,21
2020-09-01,San Mateo,081,765935,8871,8132,10,8142,122
2020-09-01,Santa Barbara,083,443738,8411,8142,70,8212,93
2020-09-01,Santa Clara,085,1922200,19187,17319,39,17358,204
2020-09-01,Santa Cruz,087,273765,1973,1752,17,1769,7
2020-09-01,Shasta,089,179085,642,527,3,530,9
2020-09-01,Sierra,091,2930,6,6,0,6,0
2020-09-01,Siskiyou,093,43540,141,128,8,136,0
2020-09-01,Solano,095,438530,5658,5438,40,5478,34
2020-09-01,Sonoma,097,501317,6256,5733,20,5753,60
2020-09-01,Stanislaus,099,539301,15495,14784,375,15159,212
2020-09-01,Sutter,101,95872,1459,1389,1,1390,10
2020-09-01,Tehama,103,63373,449,422,2,424,1
2020-09-01,Trinity,105,12862,47,13,6,19,0
2020-09-01,Tulare,107,460477,14971,14156,63,14219,241
2020-09-01,Tuolumne,109,53932,211,183,3,186,1
2020-09-01,Ventura,111,848112,11683,10899,106,11005,108
2020-09-01,Yolo,113,214977,2586,2440,5,2445,51
2020-09-01,Yuba,115,75493,932,841,3,844,1
2020-08-31,Alameda,001,1643700,19304,18148,131,18279,248
2020-08-31,Alpine,003,1148,2,2,0,2,0
2020-08-31,Amador,005,37829,275,243,0,243,13
2020-08-31,Butte,007,227075,2431,2069,21,2090,26
2020-08-31,Calaveras,009,45235,271,212,0,212,1
2020-08-31,Colusa,011,21464,475,443,0,443,6
2020-08-31,Contra Costa,013,1133247,14887,13902,53,13955,153
2020-08-31,Del Norte,015,27424,116,108,0,108,2
2020-08-31,El Dorado,017,186661,1034,965,2,967,2
2020-08-31,Fresno,019,978130,28141,25185,311,25496,290
2020-08-31,Glenn,021,27897,479,437,0,437,3
2020-08-31,Humboldt,023,135768,425,374,1,375,4
2020-08-31,Imperial,025,180216,11315,9759,6,9765,250
2020-08-31,Inyo,027,18085,181,160,4,164,3
2020-08-31,Kern,029,883053,30090,29067,231,29298,318
2020-08-31,Kings,031,150075,6483,6037,36,6073,62
2020-08-31,Lake,033,64148,367,341,0,341,2
2020-08-31,Lassen,035,31185,724,706,2,708,0
2020-08-31,Los Angeles,037,10098052,245826,241793,1345,243138,5787
2020-08-31,Madera,039,155013,3993,3662,27,3689,35
2020-08-31,Marin,041,260295,6286,6074,15,6089,67
2020-08-31,Mariposa,043,17540,73,69,0,69,2
2020-08-31,Mendocino,045,87422,662,618,0,618,15
2020-08-31,Merced,047,269075,8225,7991,10,8001,79
2020-08-31,Modoc,049,8938,18,10,0,10,0
2020-08-31,Mono,051,14174,163,145,2,147,1
2020-08-31,Monterey,053,433212,8388,7839,22,7861,56
2020-08-31,Napa,055,140530,1509,1434,6,1440,10
2020-08-31,Nevada,057,99092,463,447,13,460,6
2020-08-31,Orange,059,3164182,50695,47392,1229,48621,965
2020-08-31,Placer,061,380077,3180,2989,12,3001,33
2020-08-31,Plumas,063,18699,43,39,0,39,0
2020-08-31,Riverside,065,2383286,54171,52508,68,52576,1020
2020-08-31,Sacramento,067,1510023,18941,17999,16,18015,303
2020-08-31,San Benito,069,59416,1165,1080,0,1080,4
2020-08-31,San Bernardino,071,2135413,49721,47370,313,47683,755
2020-08-31,San Diego,073,3302833,40645,38606,498,39104,682
2020-08-31,San Francisco,075,870044,9874,9293,15,9308,83
2020-08-31,San Joaquin,077,732212,18806,17807,37,17844,338
2020-08-31,San Luis Obispo,079,281455,3207,2951,17,2968,21
2020-08-31,San Mateo,081,765935,8801,8065,10,8075,122
2020-08-31,Santa Barbara,083,443738,8365,8124,70,8194,94
2020-08-31,Santa Clara,085,1922200,18998,17211,39,17250,202
2020-08-31,Santa Cruz,087,273765,1948,1742,17,1759,7
2020-08-31,Shasta,089,179085,637,528,3,531,9
2020-08-31,Sierra,091,2930,6,6,0,6,0
2020-08-31,Siskiyou,093,43540,140,127,8,135,0
2020-08-31,Solano,095,438530,5626,5302,39,5341,34
2020-08-31,Sonoma,097,501317,6181,5650,20,5670,60
2020-08-31,Stanislaus,099,539301,15420,14685,366,15051,213
2020-08-31,Sutter,101,95872,1444,1365,1,1366,10
2020-08-31,Tehama,103,63373,446,421,2,423,1
2020-08-31,Trinity,105,12862,47,13,6,19,0
2020-08-31,Tulare,107,460477,14884,13985,61,14046,237
2020-08-31,Tuolumne,109,53932,211,178,3,181,1
2020-08-31,Ventura,111,848112,11595,10866,105,10971,108
2020-08-31,Yolo,113,214977,2568,2423,5,2428,51
2020-08-31,Yuba,115,75493,918,830,3,833,1
2020-08-30,Alameda,001,1643700,19180,18099,129,18228,248
2020-08-30,Alpine,003,1148,2,2,0,2,0
2020-08-30,Amador,005,37829,274,240,0,240,13
2020-08-30,Butte,007,227075,2350,1988,21,2009,26
2020-08-30,Calaveras,009,45235,262,211,0,211,1
2020-08-30,Colusa,011,21464,474,440,0,440,6
2020-08-30,Contra Costa,013,1133247,14750,13780,53,13833,150
2020-08-30,Del Norte,015,27424,115,108,0,108,2
2020-08-30,El Dorado,017,186661,1024,962,2,964,2
2020-08-30,Fresno,019,978130,28015,24963,310,25273,291
2020-08-30,Glenn,021,27897,472,437,0,437,3
2020-08-30,Humboldt,023,135768,414,362,1,363,4
2020-08-30,Imperial,025,180216,11297,9703,6,9709,250
2020-08-30,Inyo,027,18085,181,160,4,164,3
2020-08-30,Kern,029,883053,29997,28987,231,29218,317
2020-08-30,Kings,031,150075,6437,6000,36,6036,62
2020-08-30,Lake,033,64148,362,334,0,334,2
2020-08-30,Lassen,035,31185,722,706,2,708,0
2020-08-30,Los Angeles,037,10098052,244689,240775,1313,242088,5772
2020-08-30,Madera,039,155013,3964,3626,27,3653,33
2020-08-30,Marin,041,260295,6256,6060,15,6075,66
2020-08-30,Mariposa,043,17540,73,69,0,69,2
2020-08-30,Mendocino,045,87422,656,611,0,611,13
2020-08-30,Merced,047,269075,8150,7960,10,7970,79
2020-08-30,Modoc,049,8938,13,10,0,10,0
2020-08-30,Mono,051,14174,163,145,2,147,1
2020-08-30,Monterey,053,433212,8304,7816,22,7838,54
2020-08-30,Napa,055,140530,1497,1423,6,1429,10
2020-08-30,Nevada,057,99092,460,445,13,458,6
2020-08-30,Orange,059,3164182,50499,47283,1215,48498,965
2020-08-30,Placer,061,380077,3147,2961,12,2973,32
2020-08-30,Plumas,063,18699,42,39,0,39,0
2020-08-30,Riverside,065,2383286,53992,52227,66,52293,1017
2020-08-30,Sacramento,067,1510023,18763,17751,16,17767,300
2020-08-30,San Benito,069,59416,1155,1071,0,1071,4
2020-08-30,San Bernardino,071,2135413,49464,47201,313,47514,755
2020-08-30,San Diego,073,3302833,40247,38302,477,38779,682
2020-08-30,San Francisco,075,870044,9776,9294,12,9306,83
2020-08-30,San Joaquin,077,732212,18689,17637,36,17673,338
2020-08-30,San Luis Obispo,079,281455,3182,2934,17,2951,21
2020-08-30,San Mateo,081,765935,8724,8013,9,8022,122
2020-08-30,Santa Barbara,083,443738,8305,8088,70,8158,93
2020-08-30,Santa Clara,085,1922200,18822,17045,39,17084,202
2020-08-30,Santa Cruz,087,273765,1922,1743,17,1760,7
2020-08-30,Shasta,089,179085,634,525,3,528,9
2020-08-30,Sierra,091,2930,6,6,0,6,0
2020-08-30,Siskiyou,093,43540,138,125,8,133,0
2020-08-30,Solano,095,438530,5582,5303,39,5342,34
2020-08-30,Sonoma,097,501317,6121,5590,20,5610,60
2020-08-30,Stanislaus,099,539301,15349,14580,357,14937,209
2020-08-30,Sutter,101,95872,1422,1351,1,1352,10
2020-08-30,Tehama,103,63373,437,419,2,421,1
2020-08-30,Trinity,105,12862,47,13,6,19,0
2020-08-30,Tulare,107,460477,14789,13985,60,14045,236
2020-08-30,Tuolumne,109,53932,207,178,3,181,1
2020-08-30,Ventura,111,848112,11482,10775,100,10875,108
2020-08-30,Yolo,113,214977,2540,2391,4,2395,51
2020-08-30,Yuba,115,75493,904,832,3,835,1
2020-08-29,Alameda,001,1643700,19113,17888,129,18017,250
2020-08-29,Alpine,003,1148,2,2,0,2,0
2020-08-29,Amador,005,37829,274,239,0,239,13
2020-08-29,Butte,007,227075,2319,1948,21,1969,26
2020-08-29,Calaveras,009,45235,258,211,0,211,1
2020-08-29,Colusa,011,21464,471,440,0,440,6
2020-08-29,Contra Costa,013,1133247,14677,13663,52,13715,159
2020-08-29,Del Norte,015,27424,115,108,0,108,1
2020-08-29,El Dorado,017,186661,1021,958,2,960,2
2020-08-29,Fresno,019,978130,27960,24821,310,25131,291
2020-08-29,Glenn,021,27897,466,437,0,437,3
2020-08-29,Humboldt,023,135768,411,363,1,364,4
2020-08-29,Imperial,025,180216,11282,9698,6,9704,250
2020-08-29,Inyo,027,18085,181,160,4,164,3
2020-08-29,Kern,029,883053,29956,28947,230,29177,317
2020-08-29,Kings,031,150075,6422,5906,36,5942,62
2020-08-29,Lake,033,64148,361,329,0,329,2
2020-08-29,Lassen,035,31185,722,706,2,708,0
2020-08-29,Los Angeles,037,10098052,244059,239815,1300,241115,5762
2020-08-29,Madera,039,155013,3955,3605,26,3631,33
2020-08-29,Marin,041,260295,6244,6007,15,6022,64
2020-08-29,Mariposa,043,17540,73,69,0,69,2
2020-08-29,Mendocino,045,87422,652,596,0,596,13
2020-08-29,Merced,047,269075,8120,7867,10,7877,79
2020-08-29,Modoc,049,8938,13,9,0,9,0
2020-08-29,Mono,051,14174,163,145,2,147,1
2020-08-29,Monterey,053,433212,8259,7680,22,7702,53
2020-08-29,Napa,055,140530,1494,1413,6,1419,10
2020-08-29,Nevada,057,99092,460,442,13,455,5
2020-08-29,Orange,059,3164182,50389,47007,1205,48212,960
2020-08-29,Placer,061,380077,3130,2935,12,2947,32
2020-08-29,Plumas,063,18699,41,39,0,39,0
2020-08-29,Riverside,065,2383286,53880,51918,64,51982,1016
2020-08-29,Sacramento,067,1510023,18691,17588,16,17604,291
2020-08-29,San Benito,069,59416,1146,1045,0,1045,4
2020-08-29,San Bernardino,071,2135413,49349,46849,313,47162,755
2020-08-29,San Diego,073,3302833,39981,38049,459,38508,694
2020-08-29,San Francisco,075,870044,9748,9291,11,9302,83
2020-08-29,San Joaquin,077,732212,18645,17493,36,17529,335
2020-08-29,San Luis Obispo,079,281455,3157,2917,17,2934,21
2020-08-29,San Mateo,081,765935,8682,7928,9,7937,122
2020-08-29,Santa Barbara,083,443738,8279,8052,69,8121,93
2020-08-29,Santa Clara,085,1922200,18725,16898,38,16936,202
2020-08-29,Santa Cruz,087,273765,1910,1746,17,1763,7
2020-08-29,Shasta,089,179085,626,522,3,525,9
2020-08-29,Sierra,091,2930,6,6,0,6,0
2020-08-29,Siskiyou,093,43540,138,121,8,129,0
2020-08-29,Solano,095,438530,5561,5303,39,5342,34
2020-08-29,Sonoma,097,501317,6086,5537,20,5557,60
2020-08-29,Stanislaus,099,539301,15300,14479,347,14826,208
2020-08-29,Sutter,101,95872,1417,1333,1,1334,9
2020-08-29,Tehama,103,63373,436,417,2,419,1
2020-08-29,Trinity,105,12862,46,11,6,17,0
2020-08-29,Tulare,107,460477,14751,13890,59,13949,236
2020-08-29,Tuolumne,109,53932,207,178,3,181,1
2020-08-29,Ventura,111,848112,11440,10705,100,10805,108
2020-08-29,Yolo,113,214977,2522,2357,4,2361,51
2020-08-29,Yuba,115,75493,895,822,3,825,1
2020-08-28,Alameda,001,1643700,19030,17729,128,17857,237
2020-08-28,Alpine,003,1148,2,2,0,2,0
2020-08-28,Amador,005,37829,274,234,0,234,13
2020-08-28,Butte,007,227075,2289,1886,21,1907,25
2020-08-28,Calaveras,009,45235,256,207,0,207,1
2020-08-28,Colusa,011,21464,470,441,0,441,6
2020-08-28,Contra Costa,013,1133247,14606,13522,51,13573,158
2020-08-28,Del Norte,015,27424,115,107,0,107,1
2020-08-28,El Dorado,017,186661,1015,949,2,951,2
2020-08-28,Fresno,019,978130,27826,24612,310,24922,282
2020-08-28,Glenn,021,27897,459,429,0,429,3
2020-08-28,Humboldt,023,135768,407,362,1,363,4
2020-08-28,Imperial,025,180216,11268,9656,6,9662,241
2020-08-28,Inyo,027,18085,180,160,4,164,2
2020-08-28,Kern,029,883053,29908,28744,230,28974,306
2020-08-28,Kings,031,150075,6415,5829,35,5864,62
2020-08-28,Lake,033,64148,356,320,0,320,2
2020-08-28,Lassen,035,31185,722,704,2,706,0
2020-08-28,Los Angeles,037,10098052,243248,238544,1275,239819,5740
2020-08-28,Madera,039,155013,3936,3552,26,3578,33
2020-08-28,Marin,041,260295,6222,5991,15,6006,63
2020-08-28,Mariposa,043,17540,73,67,0,67,2
2020-08-28,Mendocino,045,87422,647,588,0,588,11
2020-08-28,Merced,047,269075,8090,7803,10,7813,77
2020-08-28,Modoc,049,8938,13,6,0,6,0
2020-08-28,Mono,051,14174,163,145,2,147,1
2020-08-28,Monterey,053,433212,8202,7591,22,7613,53
2020-08-28,Napa,055,140530,1486,1403,5,1408,10
2020-08-28,Nevada,057,99092,459,438,13,451,5
2020-08-28,Orange,059,3164182,50289,46696,1190,47886,942
2020-08-28,Placer,061,380077,3119,2891,12,2903,32
2020-08-28,Plumas,063,18699,41,39,0,39,0
2020-08-28,Riverside,065,2383286,53749,51510,60,51570,1008
2020-08-28,Sacramento,067,1510023,18594,17119,16,17135,283
2020-08-28,San Benito,069,59416,1130,1016,0,1016,3
2020-08-28,San Bernardino,071,2135413,49231,46553,309,46862,754
2020-08-28,San Diego,073,3302833,39751,37786,444,38230,676
2020-08-28,San Francisco,075,870044,9696,9135,11,9146,83
2020-08-28,San Joaquin,077,732212,18592,17114,35,17149,314
2020-08-28,San Luis Obispo,079,281455,3140,2849,17,2866,20
2020-08-28,San Mateo,081,765935,8635,7783,8,7791,121
2020-08-28,Santa Barbara,083,443738,8247,8001,69,8070,92
2020-08-28,Santa Clara,085,1922200,18594,16696,38,16734,201
2020-08-28,Santa Cruz,087,273765,1898,1747,17,1764,7
2020-08-28,Shasta,089,179085,622,516,3,519,9
2020-08-28,Sierra,091,2930,6,6,0,6,0
2020-08-28,Siskiyou,093,43540,136,119,8,127,0
2020-08-28,Solano,095,438530,5542,5219,39,5258,34
2020-08-28,Sonoma,097,501317,6051,5425,19,5444,58
2020-08-28,Stanislaus,099,539301,15258,14176,343,14519,190
2020-08-28,Sutter,101,95872,1407,1308,1,1309,9
2020-08-28,Tehama,103,63373,431,410,2,412,1
2020-08-28,Trinity,105,12862,46,11,6,17,0
2020-08-28,Tulare,107,460477,14705,13776,59,13835,236
2020-08-28,Tuolumne,109,53932,207,176,3,179,1
2020-08-28,Ventura,111,848112,11404,10606,98,10704,103
2020-08-28,Yolo,113,214977,2513,2323,4,2327,51
2020-08-28,Yuba,115,75493,886,810,3,813,1
2020-08-27,Alameda,001,1643700,18885,17584,125,17709,234
2020-08-27,Alpine,003,1148,2,2,0,2,0
2020-08-27,Amador,005,37829,273,233,0,233,13
2020-08-27,Butte,007,227075,2223,1803,20,1823,25
2020-08-27,Calaveras,009,45235,250,204,0,204,1
2020-08-27,Colusa,011,21464,468,438,0,438,6
2020-08-27,Contra Costa,013,1133247,14505,13379,50,13429,158
2020-08-27,Del Norte,015,27424,115,107,0,107,1
2020-08-27,El Dorado,017,186661,1011,942,2,944,2
2020-08-27,Fresno,019,978130,27643,24367,305,24672,272
2020-08-27,Glenn,021,27897,451,429,0,429,3
2020-08-27,Humboldt,023,135768,399,358,1,359,4
2020-08-27,Imperial,025,180216,11241,9608,6,9614,235
2020-08-27,Inyo,027,18085,180,157,3,160,2
2020-08-27,Kern,029,883053,29836,28635,221,28856,294
2020-08-27,Kings,031,150075,6393,5759,35,5794,62
2020-08-27,Lake,033,64148,354,314,0,314,2
2020-08-27,Lassen,035,31185,722,703,2,705,0
2020-08-27,Los Angeles,037,10098052,242245,237103,1259,238362,5704
2020-08-27,Madera,039,155013,3910,3465,26,3491,33
2020-08-27,Marin,041,260295,6198,5929,15,5944,62
2020-08-27,Mariposa,043,17540,73,67,0,67,2
2020-08-27,Mendocino,045,87422,638,581,0,581,10
2020-08-27,Merced,047,269075,8046,7765,10,7775,75
2020-08-27,Modoc,049,8938,11,5,0,5,0
2020-08-27,Mono,051,14174,163,145,2,147,1
2020-08-27,Monterey,053,433212,8108,7501,22,7523,52
2020-08-27,Napa,055,140530,1480,1397,5,1402,10
2020-08-27,Nevada,057,99092,456,435,13,448,5
2020-08-27,Orange,059,3164182,50132,46449,1179,47628,935
2020-08-27,Placer,061,380077,3088,2869,12,2881,32
2020-08-27,Plumas,063,18699,40,39,0,39,0
2020-08-27,Riverside,065,2383286,53540,51306,57,51363,999
2020-08-27,Sacramento,067,1510023,18396,16875,16,16891,281
2020-08-27,San Benito,069,59416,1114,987,0,987,3
2020-08-27,San Bernardino,071,2135413,49005,46345,303,46648,751
2020-08-27,San Diego,073,3302833,39480,37501,424,37925,673
2020-08-27,San Francisco,075,870044,9630,9014,11,9025,83
2020-08-27,San Joaquin,077,732212,18512,16989,35,17024,314
2020-08-27,San Luis Obispo,079,281455,3115,2808,17,2825,20
2020-08-27,San Mateo,081,765935,8526,7728,8,7736,121
2020-08-27,Santa Barbara,083,443738,8209,7934,69,8003,92
2020-08-27,Santa Clara,085,1922200,18411,16495,38,16533,199
2020-08-27,Santa Cruz,087,273765,1881,1734,17,1751,7
2020-08-27,Shasta,089,179085,616,512,3,515,9
2020-08-27,Sierra,091,2930,6,6,0,6,0
2020-08-27,Siskiyou,093,43540,136,118,8,126,0
2020-08-27,Solano,095,438530,5504,5167,39,5206,34
2020-08-27,Sonoma,097,501317,5939,5357,19,5376,58
2020-08-27,Stanislaus,099,539301,15177,14080,340,14420,186
2020-08-27,Sutter,101,95872,1387,1296,1,1297,9
2020-08-27,Tehama,103,63373,427,398,2,400,1
2020-08-27,Trinity,105,12862,46,11,6,17,0
2020-08-27,Tulare,107,460477,14614,13666,58,13724,231
2020-08-27,Tuolumne,109,53932,202,174,3,177,1
2020-08-27,Ventura,111,848112,11341,10483,94,10577,102
2020-08-27,Yolo,113,214977,2489,2293,4,2297,51
2020-08-27,Yuba,115,75493,875,807,3,810,1
2020-08-26,Alameda,001,1643700,18723,17373,125,17498,233
2020-08-26,Alpine,003,1148,2,2,0,2,0
2020-08-26,Amador,005,37829,273,229,0,229,13
2020-08-26,Butte,007,227075,2156,1765,18,1783,25
2020-08-26,Calaveras,009,45235,243,201,0,201,1
2020-08-26,Colusa,011,21464,462,433,0,433,5
2020-08-26,Contra Costa,013,1133247,14368,13248,50,13298,157
2020-08-26,Del Norte,015,27424,114,86,0,86,1
2020-08-26,El Dorado,017,186661,1009,938,2,940,2
2020-08-26,Fresno,019,978130,27495,24071,303,24374,255
2020-08-26,Glenn,021,27897,449,429,0,429,3
2020-08-26,Humboldt,023,135768,387,357,1,358,4
2020-08-26,Imperial,025,180216,11219,9453,6,9459,227
2020-08-26,Inyo,027,18085,177,157,3,160,2
2020-08-26,Kern,029,883053,29697,28507,218,28725,286
2020-08-26,Kings,031,150075,6372,5720,35,5755,62
2020-08-26,Lake,033,64148,349,308,0,308,2
2020-08-26,Lassen,035,31185,722,702,2,704,0
2020-08-26,Los Angeles,037,10098052,241232,235499,1228,236727,5665
2020-08-26,Madera,039,155013,3881,3458,26,3484,32
2020-08-26,Marin,041,260295,6181,5887,15,5902,56
2020-08-26,Mariposa,043,17540,73,68,0,68,2
2020-08-26,Mendocino,045,87422,627,581,0,581,10
2020-08-26,Merced,047,269075,8013,7720,10,7730,74
2020-08-26,Modoc,049,8938,8,5,0,5,0
2020-08-26,Mono,051,14174,163,141,2,143,1
2020-08-26,Monterey,053,433212,8015,7439,22,7461,51
2020-08-26,Napa,055,140530,1467,1382,5,1387,10
2020-08-26,Nevada,057,99092,453,432,13,445,2
2020-08-26,Orange,059,3164182,49948,46157,1163,47320,905
2020-08-26,Placer,061,380077,3066,2846,10,2856,32
2020-08-26,Plumas,063,18699,39,39,0,39,0
2020-08-26,Riverside,065,2383286,53298,51138,57,51195,987
2020-08-26,Sacramento,067,1510023,18233,16708,16,16724,271
2020-08-26,San Benito,069,59416,1099,978,0,978,3
2020-08-26,San Bernardino,071,2135413,48797,45840,299,46139,743
2020-08-26,San Diego,073,3302833,39142,37224,397,37621,668
2020-08-26,San Francisco,075,870044,9555,8938,11,8949,81
2020-08-26,San Joaquin,077,732212,18423,16845,34,16879,309
2020-08-26,San Luis Obispo,079,281455,3087,2761,17,2778,20
2020-08-26,San Mateo,081,765935,8459,7655,8,7663,121
2020-08-26,Santa Barbara,083,443738,8175,7904,69,7973,90
2020-08-26,Santa Clara,085,1922200,18235,16283,38,16321,198
2020-08-26,Santa Cruz,087,273765,1870,1726,17,1743,7
2020-08-26,Shasta,089,179085,611,511,3,514,9
2020-08-26,Sierra,091,2930,6,6,0,6,0
2020-08-26,Siskiyou,093,43540,133,109,8,117,0
2020-08-26,Solano,095,438530,5480,5131,38,5169,34
2020-08-26,Sonoma,097,501317,5866,5283,19,5302,58
2020-08-26,Stanislaus,099,539301,15100,13964,334,14298,186
2020-08-26,Sutter,101,95872,1369,1275,1,1276,9
2020-08-26,Tehama,103,63373,424,396,2,398,1
2020-08-26,Trinity,105,12862,45,10,6,16,0
2020-08-26,Tulare,107,460477,14547,13568,58,13626,232
2020-08-26,Tuolumne,109,53932,201,172,3,175,1
2020-08-26,Ventura,111,848112,11269,10412,87,10499,100
2020-08-26,Yolo,113,214977,2467,2279,4,2283,49
2020-08-26,Yuba,115,75493,860,779,3,782,1
2020-08-25,Alameda,001,1643700,18565,17278,125,17403,232
2020-08-25,Alpine,003,1148,2,2,0,2,0
2020-08-25,Amador,005,37829,273,227,0,227,13
2020-08-25,Butte,007,227075,2089,1718,18,1736,24
2020-08-25,Calaveras,009,45235,241,196,0,196,1
2020-08-25,Colusa,011,21464,455,430,0,430,5
2020-08-25,Contra Costa,013,1133247,14230,13181,49,13230,156
2020-08-25,Del Norte,015,27424,113,83,0,83,1
2020-08-25,El Dorado,017,186661,1006,928,2,930,2
2020-08-25,Fresno,019,978130,27307,23932,302,24234,250
2020-08-25,Glenn,021,27897,446,429,0,429,3
2020-08-25,Humboldt,023,135768,382,342,1,343,4
2020-08-25,Imperial,025,180216,11191,9381,6,9387,217
2020-08-25,Inyo,027,18085,175,144,3,147,1
2020-08-25,Kern,029,883053,29560,28416,218,28634,285
2020-08-25,Kings,031,150075,6215,5702,35,5737,59
2020-08-25,Lake,033,64148,344,304,0,304,2
2020-08-25,Lassen,035,31185,721,692,2,694,0
2020-08-25,Los Angeles,037,10098052,239934,233961,1178,235139,5612
2020-08-25,Madera,039,155013,3866,3446,25,3471,32
2020-08-25,Marin,041,260295,6143,5860,15,5875,56
2020-08-25,Mariposa,043,17540,73,67,0,67,2
2020-08-25,Mendocino,045,87422,619,571,0,571,10
2020-08-25,Merced,047,269075,7946,7693,9,7702,69
2020-08-25,Modoc,049,8938,8,5,0,5,0
2020-08-25,Mono,051,14174,163,129,2,131,1
2020-08-25,Monterey,053,433212,7935,7333,22,7355,51
2020-08-25,Napa,055,140530,1460,1374,5,1379,10
2020-08-25,Nevada,057,99092,449,430,13,443,2
2020-08-25,Orange,059,3164182,49754,45737,1147,46884,902
2020-08-25,Placer,061,380077,3047,2829,7,2836,31
2020-08-25,Plumas,063,18699,39,39,0,39,0
2020-08-25,Riverside,065,2383286,53066,50889,57,50946,981
2020-08-25,Sacramento,067,1510023,18080,16601,16,16617,265
2020-08-25,San Benito,069,59416,1083,973,0,973,3
2020-08-25,San Bernardino,071,2135413,48562,45544,296,45840,727
2020-08-25,San Diego,073,3302833,38863,36996,375,37371,665
2020-08-25,San Francisco,075,870044,9477,8848,11,8859,81
2020-08-25,San Joaquin,077,732212,18296,16795,34,16829,306
2020-08-25,San Luis Obispo,079,281455,3028,2731,16,2747,20
2020-08-25,San Mateo,081,765935,8399,7636,8,7644,120
2020-08-25,Santa Barbara,083,443738,8123,7854,69,7923,90
2020-08-25,Santa Clara,085,1922200,18063,16199,38,16237,194
2020-08-25,Santa Cruz,087,273765,1851,1708,17,1725,7
2020-08-25,Shasta,089,179085,607,511,3,514,9
2020-08-25,Sierra,091,2930,6,6,0,6,0
2020-08-25,Siskiyou,093,43540,132,109,8,117,0
2020-08-25,Solano,095,438530,5419,5114,38,5152,34
2020-08-25,Sonoma,097,501317,5780,5148,19,5167,56
2020-08-25,Stanislaus,099,539301,14992,13886,323,14209,182
2020-08-25,Sutter,101,95872,1352,1259,1,1260,9
2020-08-25,Tehama,103,63373,421,394,2,396,1
2020-08-25,Trinity,105,12862,44,10,6,16,0
2020-08-25,Tulare,107,460477,14443,13514,57,13571,224
2020-08-25,Tuolumne,109,53932,199,172,3,175,1
2020-08-25,Ventura,111,848112,11184,10313,82,10395,99
2020-08-25,Yolo,113,214977,2454,2254,4,2258,50
2020-08-25,Yuba,115,75493,850,775,3,778,1
2020-08-24,Alameda,001,1643700,18370,16913,124,17037,231
2020-08-24,Alpine,003,1148,2,2,0,2,0
2020-08-24,Amador,005,37829,271,227,0,227,13
2020-08-24,Butte,007,227075,2005,1649,18,1667,23
2020-08-24,Calaveras,009,45235,232,187,0,187,1
2020-08-24,Colusa,011,21464,451,425,0,425,5
2020-08-24,Contra Costa,013,1133247,14114,12906,47,12953,153
2020-08-24,Del Norte,015,27424,113,80,0,80,1
2020-08-24,El Dorado,017,186661,998,908,2,910,2
2020-08-24,Fresno,019,978130,27119,23618,295,23913,235
2020-08-24,Glenn,021,27897,444,421,0,421,2
2020-08-24,Humboldt,023,135768,378,340,1,341,4
2020-08-24,Imperial,025,180216,11158,9323,6,9329,210
2020-08-24,Inyo,027,18085,171,144,3,147,2
2020-08-24,Kern,029,883053,29462,28157,212,28369,277
2020-08-24,Kings,031,150075,6127,5652,35,5687,60
2020-08-24,Lake,033,64148,329,302,0,302,2
2020-08-24,Lassen,035,31185,721,693,2,695,0
2020-08-24,Los Angeles,037,10098052,238573,233036,1159,234195,5562
2020-08-24,Madera,039,155013,3839,3418,25,3443,32
2020-08-24,Marin,041,260295,6080,5834,15,5849,56
2020-08-24,Mariposa,043,17540,71,66,0,66,2
2020-08-24,Mendocino,045,87422,604,550,0,550,10
2020-08-24,Merced,047,269075,7868,7605,9,7614,69
2020-08-24,Modoc,049,8938,8,5,0,5,0
2020-08-24,Mono,051,14174,163,129,2,131,1
2020-08-24,Monterey,053,433212,7826,7212,21,7233,50
2020-08-24,Napa,055,140530,1447,1358,5,1363,10
2020-08-24,Nevada,057,99092,444,423,13,436,2
2020-08-24,Orange,059,3164182,49561,45536,1137,46673,887
2020-08-24,Placer,061,380077,3001,2793,7,2800,31
2020-08-24,Plumas,063,18699,39,37,0,37,0
2020-08-24,Riverside,065,2383286,52788,50496,57,50553,975
2020-08-24,Sacramento,067,1510023,17883,16318,16,16334,249
2020-08-24,San Benito,069,59416,1062,961,0,961,3
2020-08-24,San Bernardino,071,2135413,48299,45199,294,45493,720
2020-08-24,San Diego,073,3302833,38575,36729,347,37076,660
2020-08-24,San Francisco,075,870044,9394,8621,10,8631,81
2020-08-24,San Joaquin,077,732212,18155,16565,33,16598,305
2020-08-24,San Luis Obispo,079,281455,3000,2705,16,2721,20
2020-08-24,San Mateo,081,765935,8332,7502,8,7510,120
2020-08-24,Santa Barbara,083,443738,8082,7784,69,7853,90
2020-08-24,Santa Clara,085,1922200,17859,16049,38,16087,192
2020-08-24,Santa Cruz,087,273765,1831,1627,16,1643,6
2020-08-24,Shasta,089,179085,605,505,3,508,9
2020-08-24,Sierra,091,2930,6,6,0,6,0
2020-08-24,Siskiyou,093,43540,128,107,8,115,0
2020-08-24,Solano,095,438530,5370,4979,36,5015,32
2020-08-24,Sonoma,097,501317,5678,5071,19,5090,56
2020-08-24,Stanislaus,099,539301,14894,13521,309,13830,171
2020-08-24,Sutter,101,95872,1333,1219,1,1220,9
2020-08-24,Tehama,103,63373,416,388,2,390,1
2020-08-24,Trinity,105,12862,44,10,6,16,0
2020-08-24,Tulare,107,460477,14336,13360,56,13416,223
2020-08-24,Tuolumne,109,53932,198,170,3,173,1
2020-08-24,Ventura,111,848112,11104,10261,78,10339,99
2020-08-24,Yolo,113,214977,2420,2239,4,2243,47
2020-08-24,Yuba,115,75493,833,750,3,753,1
2020-08-23,Alameda,001,1643700,18144,16786,123,16909,231
2020-08-23,Alpine,003,1148,2,2,0,2,0
2020-08-23,Amador,005,37829,268,227,0,227,13
2020-08-23,Butte,007,227075,1890,1637,18,1655,23
2020-08-23,Calaveras,009,45235,222,187,0,187,1
2020-08-23,Colusa,011,21464,444,424,0,424,5
2020-08-23,Contra Costa,013,1133247,13954,12642,47,12689,153
2020-08-23,Del Norte,015,27424,113,80,0,80,1
2020-08-23,El Dorado,017,186661,985,901,2,903,2
2020-08-23,Fresno,019,978130,26914,23414,291,23705,235
2020-08-23,Glenn,021,27897,437,421,0,421,2
2020-08-23,Humboldt,023,135768,376,341,1,342,4
2020-08-23,Imperial,025,180216,11129,9243,6,9249,210
2020-08-23,Inyo,027,18085,168,144,3,147,2
2020-08-23,Kern,029,883053,29313,28028,207,28235,277
2020-08-23,Kings,031,150075,6084,5628,35,5663,60
2020-08-23,Lake,033,64148,325,299,0,299,2
2020-08-23,Lassen,035,31185,720,693,2,695,0
2020-08-23,Los Angeles,037,10098052,236977,231833,1089,232922,5549
2020-08-23,Madera,039,155013,3807,3401,24,3425,32
2020-08-23,Marin,041,260295,6041,5807,14,5821,50
2020-08-23,Mariposa,043,17540,71,66,0,66,2
2020-08-23,Mendocino,045,87422,600,550,0,550,10
2020-08-23,Merced,047,269075,7799,7574,8,7582,69
2020-08-23,Modoc,049,8938,7,5,0,5,0
2020-08-23,Mono,051,14174,163,129,2,131,1
2020-08-23,Monterey,053,433212,7736,7173,21,7194,50
2020-08-23,Napa,055,140530,1435,1348,5,1353,10
2020-08-23,Nevada,057,99092,439,421,13,434,2
2020-08-23,Orange,059,3164182,49323,45267,1125,46392,887
2020-08-23,Placer,061,380077,2962,2772,7,2779,31
2020-08-23,Plumas,063,18699,39,37,0,37,0
2020-08-23,Riverside,065,2383286,52518,50293,55,50348,955
2020-08-23,Sacramento,067,1510023,17659,16084,15,16099,243
2020-08-23,San Benito,069,59416,1049,938,0,938,3
2020-08-23,San Bernardino,071,2135413,48031,45010,284,45294,719
2020-08-23,San Diego,073,3302833,38254,36542,320,36862,660
2020-08-23,San Francisco,075,870044,9299,8564,9,8573,80
2020-08-23,San Joaquin,077,732212,18022,16069,32,16101,305
2020-08-23,San Luis Obispo,079,281455,2958,2679,16,2695,20
2020-08-23,San Mateo,081,765935,8237,7450,8,7458,120
2020-08-23,Santa Barbara,083,443738,8014,7725,69,7794,90
2020-08-23,Santa Clara,085,1922200,17664,15912,36,15948,191
2020-08-23,Santa Cruz,087,273765,1805,1627,16,1643,6
2020-08-23,Shasta,089,179085,600,501,3,504,9
2020-08-23,Sierra,091,2930,6,6,0,6,0
2020-08-23,Siskiyou,093,43540,123,107,8,115,0
2020-08-23,Solano,095,438530,5312,4977,34,5011,32
2020-08-23,Sonoma,097,501317,5590,5018,19,5037,56
2020-08-23,Stanislaus,099,539301,14759,13483,286,13769,171
2020-08-23,Sutter,101,95872,1311,1203,1,1204,9
2020-08-23,Tehama,103,63373,406,381,2,383,1
2020-08-23,Trinity,105,12862,44,10,6,16,0
2020-08-23,Tulare,107,460477,14204,13303,53,13356,223
2020-08-23,Tuolumne,109,53932,195,164,3,167,1
2020-08-23,Ventura,111,848112,11003,10126,74,10200,99
2020-08-23,Yolo,113,214977,2392,2210,4,2214,47
2020-08-23,Yuba,115,75493,812,750,3,753,1
2020-08-22,Alameda,001,1643700,18050,16648,122,16770,231
2020-08-22,Alpine,003,1148,2,2,0,2,0
2020-08-22,Amador,005,37829,267,224,0,224,13
2020-08-22,Butte,007,227075,1839,1618,18,1636,22
2020-08-22,Calaveras,009,45235,218,187,0,187,1
2020-08-22,Colusa,011,21464,440,419,0,419,5
2020-08-22,Contra Costa,013,1133247,13867,12522,47,12569,153
2020-08-22,Del Norte,015,27424,112,80,0,80,1
2020-08-22,El Dorado,017,186661,983,900,2,902,2
2020-08-22,Fresno,019,978130,26817,23197,290,23487,235
2020-08-22,Glenn,021,27897,436,421,0,421,2
2020-08-22,Humboldt,023,135768,366,334,1,335,4
2020-08-22,Imperial,025,180216,11121,9244,6,9250,210
2020-08-22,Inyo,027,18085,168,144,3,147,1
2020-08-22,Kern,029,883053,29259,27807,207,28014,277
2020-08-22,Kings,031,150075,6075,5447,35,5482,60
2020-08-22,Lake,033,64148,323,291,0,291,2
2020-08-22,Lassen,035,31185,720,693,2,695,0
2020-08-22,Los Angeles,037,10098052,236317,230858,1071,231929,5540
2020-08-22,Madera,039,155013,3788,3330,24,3354,32
2020-08-22,Marin,041,260295,6029,5789,14,5803,49
2020-08-22,Mariposa,043,17540,71,66,0,66,2
2020-08-22,Mendocino,045,87422,597,529,0,529,10
2020-08-22,Merced,047,269075,7771,7493,8,7501,69
2020-08-22,Modoc,049,8938,7,5,0,5,0
2020-08-22,Mono,051,14174,163,129,2,131,1
2020-08-22,Monterey,053,433212,7688,7081,21,7102,50
2020-08-22,Napa,055,140530,1430,1328,5,1333,11
2020-08-22,Nevada,057,99092,439,411,13,424,2
2020-08-22,Orange,059,3164182,49182,45131,1119,46250,885
2020-08-22,Placer,061,380077,2948,2734,7,2741,30
2020-08-22,Plumas,063,18699,39,37,0,37,0
2020-08-22,Riverside,065,2383286,52370,49944,54,49998,953
2020-08-22,Sacramento,067,1510023,17547,15516,15,15531,239
2020-08-22,San Benito,069,59416,1033,912,0,912,3
2020-08-22,San Bernardino,071,2135413,47902,44803,280,45083,719
2020-08-22,San Diego,073,3302833,38072,36205,309,36514,673
2020-08-22,San Francisco,075,870044,9239,8568,9,8577,80
2020-08-22,San Joaquin,077,732212,17966,16068,32,16100,305
2020-08-22,San Luis Obispo,079,281455,2932,2660,16,2676,20
2020-08-22,San Mateo,081,765935,8190,7361,8,7369,120
2020-08-22,Santa Barbara,083,443738,7988,7685,69,7754,90
2020-08-22,Santa Clara,085,1922200,17556,15590,36,15626,190
2020-08-22,Santa Cruz,087,273765,1789,1628,15,1643,6
2020-08-22,Shasta,089,179085,598,493,3,496,9
2020-08-22,Sierra,091,2930,6,6,0,6,0
2020-08-22,Siskiyou,093,43540,123,106,8,114,0
2020-08-22,Solano,095,438530,5282,4944,33,4977,32
2020-08-22,Sonoma,097,501317,5544,4891,19,4910,57
2020-08-22,Stanislaus,099,539301,14709,13380,269,13649,170
2020-08-22,Sutter,101,95872,1304,1189,1,1190,8
2020-08-22,Tehama,103,63373,405,368,2,370,1
2020-08-22,Trinity,105,12862,44,8,6,14,0
2020-08-22,Tulare,107,460477,14137,13196,53,13249,222
2020-08-22,Tuolumne,109,53932,193,162,3,165,1
2020-08-22,Ventura,111,848112,10948,9959,72,10031,99
2020-08-22,Yolo,113,214977,2376,2188,4,2192,47
2020-08-22,Yuba,115,75493,800,738,3,741,1
2020-08-21,Alameda,001,1643700,17958,16413,122,16535,232
2020-08-21,Alpine,003,1148,2,2,0,2,0
2020-08-21,Amador,005,37829,266,223,0,223,11
2020-08-21,Butte,007,227075,1800,1582,18,1600,19
2020-08-21,Calaveras,009,45235,218,182,0,182,1
2020-08-21,Colusa,011,21464,438,418,0,418,5
2020-08-21,Contra Costa,013,1133247,13777,12333,46,12379,149
2020-08-21,Del Norte,015,27424,112,78,0,78,1
2020-08-21,El Dorado,017,186661,979,885,2,887,2
2020-08-21,Fresno,019,978130,26647,22840,289,23129,232
2020-08-21,Glenn,021,27897,432,418,0,418,2
2020-08-21,Humboldt,023,135768,363,331,1,332,4
2020-08-21,Imperial,025,180216,11105,9166,6,9172,204
2020-08-21,Inyo,027,18085,168,144,3,147,1
2020-08-21,Kern,029,883053,29200,27567,205,27772,269
2020-08-21,Kings,031,150075,6053,5391,35,5426,60
2020-08-21,Lake,033,64148,321,281,0,281,2
2020-08-21,Lassen,035,31185,720,693,2,695,0
2020-08-21,Los Angeles,037,10098052,235443,229235,1051,230286,5494
2020-08-21,Madera,039,155013,3758,3271,24,3295,31
2020-08-21,Marin,041,260295,6009,5762,14,5776,49
2020-08-21,Mariposa,043,17540,71,66,0,66,2
2020-08-21,Mendocino,045,87422,587,505,0,505,10
2020-08-21,Merced,047,269075,7742,7357,8,7365,69
2020-08-21,Modoc,049,8938,7,5,0,5,0
2020-08-21,Mono,051,14174,163,128,2,130,1
2020-08-21,Monterey,053,433212,7616,6974,21,6995,49
2020-08-21,Napa,055,140530,1421,1317,5,1322,10
2020-08-21,Nevada,057,99092,438,406,13,419,2
2020-08-21,Orange,059,3164182,49041,44625,1110,45735,875
2020-08-21,Placer,061,380077,2932,2698,6,2704,30
2020-08-21,Plumas,063,18699,39,36,0,36,0
2020-08-21,Riverside,065,2383286,52175,49409,54,49463,932
2020-08-21,Sacramento,067,1510023,17424,15247,15,15262,237
2020-08-21,San Benito,069,59416,1023,891,0,891,3
2020-08-21,San Bernardino,071,2135413,47782,44249,276,44525,668
2020-08-21,San Diego,073,3302833,37868,35914,292,36206,652
2020-08-21,San Francisco,075,870044,9189,8375,9,8384,80
2020-08-21,San Joaquin,077,732212,17883,15888,30,15918,301
2020-08-21,San Luis Obispo,079,281455,2909,2640,16,2656,19
2020-08-21,San Mateo,081,765935,8132,7253,8,7261,120
2020-08-21,Santa Barbara,083,443738,7947,7645,69,7714,86
2020-08-21,Santa Clara,085,1922200,17404,15399,36,15435,190
2020-08-21,Santa Cruz,087,273765,1777,1617,15,1632,6
2020-08-21,Shasta,089,179085,598,486,3,489,9
2020-08-21,Sierra,091,2930,6,6,0,6,0
2020-08-21,Siskiyou,093,43540,123,103,6,109,0
2020-08-21,Solano,095,438530,5259,4891,32,4923,32
2020-08-21,Sonoma,097,501317,5474,4816,19,4835,57
2020-08-21,Stanislaus,099,539301,14640,13282,254,13536,161
2020-08-21,Sutter,101,95872,1291,1173,1,1174,8
2020-08-21,Tehama,103,63373,403,357,2,359,1
2020-08-21,Trinity,105,12862,44,8,6,14,0
2020-08-21,Tulare,107,460477,14065,13002,52,13054,217
2020-08-21,Tuolumne,109,53932,185,161,3,164,1
2020-08-21,Ventura,111,848112,10883,9865,70,9935,98
2020-08-21,Yolo,113,214977,2361,2164,4,2168,46
2020-08-21,Yuba,115,75493,796,717,3,720,1
2020-08-20,Alameda,001,1643700,17799,16174,122,16296,229
2020-08-20,Alpine,003,1148,2,2,0,2,0
2020-08-20,Amador,005,37829,264,222,0,222,11
2020-08-20,Butte,007,227075,1749,1549,18,1567,18
2020-08-20,Calaveras,009,45235,215,179,0,179,1
2020-08-20,Colusa,011,21464,436,415,0,415,5
2020-08-20,Contra Costa,013,1133247,13649,12108,45,12153,144
2020-08-20,Del Norte,015,27424,112,78,0,78,1
2020-08-20,El Dorado,017,186661,975,881,2,883,2
2020-08-20,Fresno,019,978130,26465,22535,284,22819,228
2020-08-20,Glenn,021,27897,427,414,0,414,2
2020-08-20,Humboldt,023,135768,358,318,1,319,4
2020-08-20,Imperial,025,180216,11086,9086,6,9092,196
2020-08-20,Inyo,027,18085,167,144,3,147,1
2020-08-20,Kern,029,883053,29032,27337,194,27531,267
2020-08-20,Kings,031,150075,6013,5347,34,5381,59
2020-08-20,Lake,033,64148,316,280,0,280,2
2020-08-20,Lassen,035,31185,719,693,2,695,0
2020-08-20,Los Angeles,037,10098052,234214,227492,1032,228524,5445
2020-08-20,Madera,039,155013,3732,3197,24,3221,31
2020-08-20,Marin,041,260295,5991,5745,14,5759,47
2020-08-20,Mariposa,043,17540,71,67,0,67,2
2020-08-20,Mendocino,045,87422,576,497,0,497,10
2020-08-20,Merced,047,269075,7667,7173,8,7181,68
2020-08-20,Modoc,049,8938,7,5,0,5,0
2020-08-20,Mono,051,14174,163,128,2,130,1
2020-08-20,Monterey,053,433212,7545,6892,21,6913,47
2020-08-20,Napa,055,140530,1413,1306,5,1311,10
2020-08-20,Nevada,057,99092,437,401,13,414,2
2020-08-20,Orange,059,3164182,48814,44299,1099,45398,849
2020-08-20,Placer,061,380077,2916,2681,6,2687,30
2020-08-20,Plumas,063,18699,39,36,0,36,0
2020-08-20,Riverside,065,2383286,51956,48953,53,49006,927
2020-08-20,Sacramento,067,1510023,17182,14992,15,15007,231
2020-08-20,San Benito,069,59416,1010,866,0,866,3
2020-08-20,San Bernardino,071,2135413,47526,43627,272,43899,665
2020-08-20,San Diego,073,3302833,37648,35610,274,35884,644
2020-08-20,San Francisco,075,870044,9103,8262,9,8271,72
2020-08-20,San Joaquin,077,732212,17790,15778,30,15808,297
2020-08-20,San Luis Obispo,079,281455,2889,2590,16,2606,19
2020-08-20,San Mateo,081,765935,8067,7188,8,7196,120
2020-08-20,Santa Barbara,083,443738,7909,7571,69,7640,81
2020-08-20,Santa Clara,085,1922200,17231,15162,36,15198,190
2020-08-20,Santa Cruz,087,273765,1764,1581,15,1596,6
2020-08-20,Shasta,089,179085,597,478,3,481,9
2020-08-20,Sierra,091,2930,6,6,0,6,0
2020-08-20,Siskiyou,093,43540,122,102,1,103,0
2020-08-20,Solano,095,438530,5215,4843,32,4875,31
2020-08-20,Sonoma,097,501317,5402,4737,19,4756,54
2020-08-20,Stanislaus,099,539301,14544,13120,245,13365,161
2020-08-20,Sutter,101,95872,1267,1158,1,1159,8
2020-08-20,Tehama,103,63373,397,350,2,352,1
2020-08-20,Trinity,105,12862,44,8,6,14,0
2020-08-20,Tulare,107,460477,13957,12907,51,12958,217
2020-08-20,Tuolumne,109,53932,181,159,3,162,1
2020-08-20,Ventura,111,848112,10770,9744,69,9813,93
2020-08-20,Yolo,113,214977,2339,2150,4,2154,47
2020-08-20,Yuba,115,75493,779,709,3,712,1
2020-08-19,Alameda,001,1643700,17641,15874,121,15995,226
2020-08-19,Alpine,003,1148,2,2,0,2,0
2020-08-19,Amador,005,37829,263,219,0,219,9
2020-08-19,Butte,007,227075,1706,1517,18,1535,16
2020-08-19,Calaveras,009,45235,213,177,0,177,1
2020-08-19,Colusa,011,21464,435,415,0,415,5
2020-08-19,Contra Costa,013,1133247,13537,11895,43,11938,142
2020-08-19,Del Norte,015,27424,112,78,0,78,1
2020-08-19,El Dorado,017,186661,969,870,2,872,2
2020-08-19,Fresno,019,978130,26276,22167,275,22442,221
2020-08-19,Glenn,021,27897,425,414,0,414,2
2020-08-19,Humboldt,023,135768,355,316,1,317,4
2020-08-19,Imperial,025,180216,11058,9041,6,9047,192
2020-08-19,Inyo,027,18085,165,140,3,143,1
2020-08-19,Kern,029,883053,28915,27142,190,27332,263
2020-08-19,Kings,031,150075,5840,5301,32,5333,59
2020-08-19,Lake,033,64148,313,277,0,277,2
2020-08-19,Lassen,035,31185,711,693,2,695,0
2020-08-19,Los Angeles,037,10098052,232938,226006,992,226998,5399
2020-08-19,Madera,039,155013,3698,3158,22,3180,30
2020-08-19,Marin,041,260295,5967,5723,13,5736,46
2020-08-19,Mariposa,043,17540,71,64,0,64,2
2020-08-19,Mendocino,045,87422,560,495,0,495,8
2020-08-19,Merced,047,269075,7540,7082,5,7087,66
2020-08-19,Modoc,049,8938,7,5,0,5,0
2020-08-19,Mono,051,14174,163,128,2,130,1
2020-08-19,Monterey,053,433212,7445,6693,21,6714,45
2020-08-19,Napa,055,140530,1408,1293,5,1298,10
2020-08-19,Nevada,057,99092,430,398,13,411,2
2020-08-19,Orange,059,3164182,48609,43938,1096,45034,829
2020-08-19,Placer,061,380077,2894,2659,6,2665,28
2020-08-19,Plumas,063,18699,39,36,0,36,0
2020-08-19,Riverside,065,2383286,51707,48741,53,48794,922
2020-08-19,Sacramento,067,1510023,17002,14764,15,14779,229
2020-08-19,San Benito,069,59416,993,853,0,853,3
2020-08-19,San Bernardino,071,2135413,47228,43224,266,43490,661
2020-08-19,San Diego,073,3302833,37398,35378,259,35637,638
2020-08-19,San Francisco,075,870044,9038,8236,9,8245,72
2020-08-19,San Joaquin,077,732212,17664,15677,29,15706,296
2020-08-19,San Luis Obispo,079,281455,2849,2553,16,2569,19
2020-08-19,San Mateo,081,765935,7998,7146,8,7154,119
2020-08-19,Santa Barbara,083,443738,7860,7499,69,7568,80
2020-08-19,Santa Clara,085,1922200,17085,14994,36,15030,189
2020-08-19,Santa Cruz,087,273765,1738,1554,15,1569,6
2020-08-19,Shasta,089,179085,593,475,3,478,9
2020-08-19,Sierra,091,2930,6,6,0,6,0
2020-08-19,Siskiyou,093,43540,121,103,1,104,0
2020-08-19,Solano,095,438530,5174,4807,32,4839,31
2020-08-19,Sonoma,097,501317,5323,4614,19,4633,54
2020-08-19,Stanislaus,099,539301,14441,13084,223,13307,160
2020-08-19,Sutter,101,95872,1233,1146,1,1147,8
2020-08-19,Tehama,103,63373,391,342,2,344,1
2020-08-19,Trinity,105,12862,43,8,6,14,0
2020-08-19,Tulare,107,460477,13859,12756,51,12807,217
2020-08-19,Tuolumne,109,53932,178,159,3,162,1
2020-08-19,Ventura,111,848112,10678,9587,67,9654,91
2020-08-19,Yolo,113,214977,2317,2126,4,2130,47
2020-08-19,Yuba,115,75493,767,701,3,704,1
2020-08-18,Alameda,001,1643700,17464,15627,119,15746,223
2020-08-18,Alpine,003,1148,2,2,0,2,0
2020-08-18,Amador,005,37829,262,215,0,215,9
2020-08-18,Butte,007,227075,1673,1491,18,1509,16
2020-08-18,Calaveras,009,45235,209,174,0,174,1
2020-08-18,Colusa,011,21464,434,415,0,415,5
2020-08-18,Contra Costa,013,1133247,13417,11689,41,11730,141
2020-08-18,Del Norte,015,27424,111,78,0,78,0
2020-08-18,El Dorado,017,186661,964,866,2,868,2
2020-08-18,Fresno,019,978130,26055,21798,269,22067,212
2020-08-18,Glenn,021,27897,425,407,0,407,2
2020-08-18,Humboldt,023,135768,353,315,1,316,4
2020-08-18,Imperial,025,180216,11024,8968,6,8974,189
2020-08-18,Inyo,027,18085,164,140,3,143,1
2020-08-18,Kern,029,883053,28762,26978,186,27164,263
2020-08-18,Kings,031,150075,5805,5269,31,5300,58
2020-08-18,Lake,033,64148,310,274,0,274,2
2020-08-18,Lassen,035,31185,711,693,2,695,0
2020-08-18,Los Angeles,037,10098052,231677,224218,955,225173,5339
2020-08-18,Madera,039,155013,3670,3125,22,3147,28
2020-08-18,Marin,041,260295,5937,5708,13,5721,47
2020-08-18,Mariposa,043,17540,71,61,0,61,2
2020-08-18,Mendocino,045,87422,551,468,0,468,8
2020-08-18,Merced,047,269075,7492,6940,5,6945,66
2020-08-18,Modoc,049,8938,7,5,0,5,0
2020-08-18,Mono,051,14174,162,129,2,131,1
2020-08-18,Monterey,053,433212,7353,6691,20,6711,44
2020-08-18,Napa,055,140530,1405,1274,5,1279,10
2020-08-18,Nevada,057,99092,423,389,13,402,2
2020-08-18,Orange,059,3164182,48384,43659,1081,44740,809
2020-08-18,Placer,061,380077,2868,2644,5,2649,28
2020-08-18,Plumas,063,18699,39,34,0,34,0
2020-08-18,Riverside,065,2383286,51375,48447,53,48500,917
2020-08-18,Sacramento,067,1510023,16772,14610,14,14624,222
2020-08-18,San Benito,069,59416,973,836,0,836,3
2020-08-18,San Bernardino,071,2135413,46947,42827,260,43087,648
2020-08-18,San Diego,073,3302833,37105,35164,227,35391,633
2020-08-18,San Francisco,075,870044,8952,8016,9,8025,72
2020-08-18,San Joaquin,077,732212,17548,15509,28,15537,290
2020-08-18,San Luis Obispo,079,281455,2824,2535,15,2550,18
2020-08-18,San Mateo,081,765935,7936,7074,8,7082,119
2020-08-18,Santa Barbara,083,443738,7818,7472,69,7541,81
2020-08-18,Santa Clara,085,1922200,16912,14786,35,14821,184
2020-08-18,Santa Cruz,087,273765,1725,1509,15,1524,6
2020-08-18,Shasta,089,179085,589,468,3,471,9
2020-08-18,Sierra,091,2930,6,6,0,6,0
2020-08-18,Siskiyou,093,43540,120,103,1,104,0
2020-08-18,Solano,095,438530,5147,4700,32,4732,31
2020-08-18,Sonoma,097,501317,5254,4506,19,4525,48
2020-08-18,Stanislaus,099,539301,14343,12935,207,13142,149
2020-08-18,Sutter,101,95872,1214,1126,1,1127,8
2020-08-18,Tehama,103,63373,381,333,2,335,1
2020-08-18,Trinity,105,12862,41,8,6,14,0
2020-08-18,Tulare,107,460477,13728,12637,48,12685,212
2020-08-18,Tuolumne,109,53932,175,159,3,162,1
2020-08-18,Ventura,111,848112,10588,9536,62,9598,89
2020-08-18,Yolo,113,214977,2295,2102,4,2106,47
2020-08-18,Yuba,115,75493,759,679,3,682,1
2020-08-17,Alameda,001,1643700,17271,15454,118,15572,221
2020-08-17,Alpine,003,1148,2,2,0,2,0
2020-08-17,Amador,005,37829,262,215,0,215,9
2020-08-17,Butte,007,227075,1628,1463,18,1481,15
2020-08-17,Calaveras,009,45235,205,167,0,167,1
2020-08-17,Colusa,011,21464,431,408,0,408,5
2020-08-17,Contra Costa,013,1133247,13280,11442,41,11483,141
2020-08-17,Del Norte,015,27424,107,77,0,77,0
2020-08-17,El Dorado,017,186661,961,846,2,848,2
2020-08-17,Fresno,019,978130,25847,21316,262,21578,211
2020-08-17,Glenn,021,27897,424,402,0,402,2
2020-08-17,Humboldt,023,135768,349,302,1,303,4
2020-08-17,Imperial,025,180216,10983,8897,6,8903,188
2020-08-17,Inyo,027,18085,156,124,3,127,1
2020-08-17,Kern,029,883053,28615,26773,175,26948,249
2020-08-17,Kings,031,150075,5767,5249,31,5280,58
2020-08-17,Lake,033,64148,305,270,0,270,2
2020-08-17,Lassen,035,31185,711,666,2,668,0
2020-08-17,Los Angeles,037,10098052,230158,223418,908,224326,5282
2020-08-17,Madera,039,155013,3627,3050,21,3071,26
2020-08-17,Marin,041,260295,5914,5683,12,5695,46
2020-08-17,Mariposa,043,17540,71,61,0,61,2
2020-08-17,Mendocino,045,87422,533,454,0,454,8
2020-08-17,Merced,047,269075,7397,6814,5,6819,66
2020-08-17,Modoc,049,8938,7,5,0,5,0
2020-08-17,Mono,051,14174,162,126,2,128,1
2020-08-17,Monterey,053,433212,7253,6553,20,6573,44
2020-08-17,Napa,055,140530,1384,1255,5,1260,10
2020-08-17,Nevada,057,99092,418,383,13,396,2
2020-08-17,Orange,059,3164182,48174,43621,1068,44689,804
2020-08-17,Placer,061,380077,2843,2609,5,2614,28
2020-08-17,Plumas,063,18699,39,33,0,33,0
2020-08-17,Riverside,065,2383286,51043,48062,51,48113,916
2020-08-17,Sacramento,067,1510023,16552,14333,14,14347,219
2020-08-17,San Benito,069,59416,958,822,0,822,2
2020-08-17,San Bernardino,071,2135413,46603,42005,252,42257,604
2020-08-17,San Diego,073,3302833,36839,34962,213,35175,626
2020-08-17,San Francisco,075,870044,8881,7600,9,7609,72
2020-08-17,San Joaquin,077,732212,17386,15323,27,15350,280
2020-08-17,San Luis Obispo,079,281455,2791,2527,15,2542,18
2020-08-17,San Mateo,081,765935,7879,6987,7,6994,118
2020-08-17,Santa Barbara,083,443738,7776,7438,69,7507,80
2020-08-17,Santa Clara,085,1922200,16690,14546,35,14581,183
2020-08-17,Santa Cruz,087,273765,1709,1453,14,1467,6
2020-08-17,Shasta,089,179085,583,467,3,470,9
2020-08-17,Sierra,091,2930,6,6,0,6,0
2020-08-17,Siskiyou,093,43540,119,103,0,103,0
2020-08-17,Solano,095,438530,5090,4479,32,4511,31
2020-08-17,Sonoma,097,501317,5166,4402,17,4419,48
2020-08-17,Stanislaus,099,539301,14218,12745,200,12945,148
2020-08-17,Sutter,101,95872,1198,1071,1,1072,8
2020-08-17,Tehama,103,63373,372,324,2,326,1
2020-08-17,Trinity,105,12862,41,8,6,14,0
2020-08-17,Tulare,107,460477,13615,12487,47,12534,210
2020-08-17,Tuolumne,109,53932,172,157,3,160,1
2020-08-17,Ventura,111,848112,10465,9490,57,9547,89
2020-08-17,Yolo,113,214977,2268,2083,4,2087,47
2020-08-17,Yuba,115,75493,744,647,3,650,1
2020-08-16,Alameda,001,1643700,16980,15338,118,15456,221
2020-08-16,Alpine,003,1148,2,2,0,2,0
2020-08-16,Amador,005,37829,259,215,0,215,9
2020-08-16,Butte,007,227075,1590,1432,18,1450,15
2020-08-16,Calaveras,009,45235,198,167,0,167,1
2020-08-16,Colusa,011,21464,429,407,0,407,5
2020-08-16,Contra Costa,013,1133247,13094,11255,41,11296,140
2020-08-16,Del Norte,015,27424,103,77,0,77,0
2020-08-16,El Dorado,017,186661,949,843,2,845,2
2020-08-16,Fresno,019,978130,25626,21010,257,21267,211
2020-08-16,Glenn,021,27897,422,400,0,400,2
2020-08-16,Humboldt,023,135768,347,301,1,302,4
2020-08-16,Imperial,025,180216,10939,8883,6,8889,188
2020-08-16,Inyo,027,18085,149,125,2,127,1
2020-08-16,Kern,029,883053,28416,26520,167,26687,249
2020-08-16,Kings,031,150075,5736,5146,31,5177,58
2020-08-16,Lake,033,64148,301,269,0,269,2
2020-08-16,Lassen,035,31185,711,666,2,668,0
2020-08-16,Los Angeles,037,10098052,228586,222236,878,223114,5263
2020-08-16,Madera,039,155013,3582,3013,21,3034,26
2020-08-16,Marin,041,260295,5888,5664,12,5676,46
2020-08-16,Mariposa,043,17540,71,61,0,61,2
2020-08-16,Mendocino,045,87422,525,451,0,451,8
2020-08-16,Merced,047,269075,7315,6744,5,6749,66
2020-08-16,Modoc,049,8938,7,5,0,5,0
2020-08-16,Mono,051,14174,162,126,2,128,1
2020-08-16,Monterey,053,433212,7155,6516,19,6535,44
2020-08-16,Napa,055,140530,1366,1241,3,1244,10
2020-08-16,Nevada,057,99092,409,379,13,392,2
2020-08-16,Orange,059,3164182,47925,43303,1057,44360,803
2020-08-16,Placer,061,380077,2814,2583,4,2587,28
2020-08-16,Plumas,063,18699,39,33,0,33,0
2020-08-16,Riverside,065,2383286,50712,47669,50,47719,910
2020-08-16,Sacramento,067,1510023,16312,14210,14,14224,219
2020-08-16,San Benito,069,59416,929,815,0,815,2
2020-08-16,San Bernardino,071,2135413,46179,41724,244,41968,603
2020-08-16,San Diego,073,3302833,36575,34680,198,34878,626
2020-08-16,San Francisco,075,870044,8794,7602,9,7611,72
2020-08-16,San Joaquin,077,732212,17183,15288,27,15315,280
2020-08-16,San Luis Obispo,079,281455,2762,2494,15,2509,17
2020-08-16,San Mateo,081,765935,7805,6942,7,6949,118
2020-08-16,Santa Barbara,083,443738,7727,7368,69,7437,79
2020-08-16,Santa Clara,085,1922200,16492,14329,35,14364,183
2020-08-16,Santa Cruz,087,273765,1682,1449,13,1462,6
2020-08-16,Shasta,089,179085,576,465,3,468,9
2020-08-16,Sierra,091,2930,6,6,0,6,0
2020-08-16,Siskiyou,093,43540,118,102,0,102,0
2020-08-16,Solano,095,438530,5030,4479,32,4511,31
2020-08-16,Sonoma,097,501317,5062,4329,17,4346,46
2020-08-16,Stanislaus,099,539301,14060,12668,190,12858,148
2020-08-16,Sutter,101,95872,1180,1071,1,1072,8
2020-08-16,Tehama,103,63373,362,318,2,320,1
2020-08-16,Trinity,105,12862,38,8,6,14,0
2020-08-16,Tulare,107,460477,13483,12334,44,12378,211
2020-08-16,Tuolumne,109,53932,172,156,3,159,1
2020-08-16,Ventura,111,848112,10356,9408,52,9460,89
2020-08-16,Yolo,113,214977,2249,2057,4,2061,47
2020-08-16,Yuba,115,75493,735,647,2,649,1
2020-08-15,Alameda,001,1643700,16903,15165,118,15283,221
2020-08-15,Alpine,003,1148,2,2,0,2,0
2020-08-15,Amador,005,37829,259,210,0,210,9
2020-08-15,Butte,007,227075,1568,1409,18,1427,15
2020-08-15,Calaveras,009,45235,196,167,0,167,1
2020-08-15,Colusa,011,21464,428,401,0,401,5
2020-08-15,Contra Costa,013,1133247,12998,11106,41,11147,138
2020-08-15,Del Norte,015,27424,103,77,0,77,0
2020-08-15,El Dorado,017,186661,944,838,2,840,2
2020-08-15,Fresno,019,978130,25510,20603,255,20858,211
2020-08-15,Glenn,021,27897,422,398,0,398,2
2020-08-15,Humboldt,023,135768,346,301,1,302,4
2020-08-15,Imperial,025,180216,10919,8794,6,8800,188
2020-08-15,Inyo,027,18085,149,123,2,125,1
2020-08-15,Kern,029,883053,28328,26338,167,26505,249
2020-08-15,Kings,031,150075,5718,5039,31,5070,56
2020-08-15,Lake,033,64148,299,268,0,268,2
2020-08-15,Lassen,035,31185,711,666,2,668,0
2020-08-15,Los Angeles,037,10098052,227836,221043,868,221911,5252
2020-08-15,Madera,039,155013,3532,2950,21,2971,26
2020-08-15,Marin,041,260295,5881,5628,12,5640,46
2020-08-15,Mariposa,043,17540,71,61,0,61,2
2020-08-15,Mendocino,045,87422,521,444,0,444,8
2020-08-15,Merced,047,269075,7281,6656,5,6661,66
2020-08-15,Modoc,049,8938,7,5,0,5,0
2020-08-15,Mono,051,14174,162,126,2,128,1
2020-08-15,Monterey,053,433212,7110,6162,19,6181,44
2020-08-15,Napa,055,140530,1356,1232,3,1235,10
2020-08-15,Nevada,057,99092,409,376,13,389,2
2020-08-15,Orange,059,3164182,47812,42811,1046,43857,801
2020-08-15,Placer,061,380077,2793,2551,4,2555,27
2020-08-15,Plumas,063,18699,39,33,0,33,0
2020-08-15,Riverside,065,2383286,50561,46720,50,46770,910
2020-08-15,Sacramento,067,1510023,16202,14018,14,14032,219
2020-08-15,San Benito,069,59416,916,805,0,805,2
2020-08-15,San Bernardino,071,2135413,46027,41231,242,41473,602
2020-08-15,San Diego,073,3302833,36409,34346,184,34530,639
2020-08-15,San Francisco,075,870044,8731,7601,9,7610,69
2020-08-15,San Joaquin,077,732212,17110,15113,27,15140,280
2020-08-15,San Luis Obispo,079,281455,2745,2461,15,2476,17
2020-08-15,San Mateo,081,765935,7768,6860,7,6867,118
2020-08-15,Santa Barbara,083,443738,7699,7338,69,7407,79
2020-08-15,Santa Clara,085,1922200,16396,14105,35,14140,183
2020-08-15,Santa Cruz,087,273765,1661,1449,13,1462,6
2020-08-15,Shasta,089,179085,573,458,3,461,9
2020-08-15,Sierra,091,2930,6,6,0,6,0
2020-08-15,Siskiyou,093,43540,117,100,0,100,0
2020-08-15,Solano,095,438530,5008,4477,32,4509,31
2020-08-15,Sonoma,097,501317,5007,4134,17,4151,45
2020-08-15,Stanislaus,099,539301,13996,12541,189,12730,149
2020-08-15,Sutter,101,95872,1169,1046,1,1047,8
2020-08-15,Tehama,103,63373,361,312,2,314,1
2020-08-15,Trinity,105,12862,36,6,6,12,0
2020-08-15,Tulare,107,460477,13445,12262,44,12306,211
2020-08-15,Tuolumne,109,53932,172,155,3,158,1
2020-08-15,Ventura,111,848112,10297,9379,50,9429,89
2020-08-15,Yolo,113,214977,2237,2031,4,2035,46
2020-08-15,Yuba,115,75493,731,623,2,625,1
2020-08-14,Alameda,001,1643700,16764,14909,118,15027,221
2020-08-14,Alpine,003,1148,2,2,0,2,0
2020-08-14,Amador,005,37829,259,209,0,209,9
2020-08-14,Butte,007,227075,1559,1384,18,1402,15
2020-08-14,Calaveras,009,45235,192,165,0,165,1
2020-08-14,Colusa,011,21464,426,399,0,399,5
2020-08-14,Contra Costa,013,1133247,12886,10893,41,10934,137
2020-08-14,Del Norte,015,27424,103,76,0,76,0
2020-08-14,El Dorado,017,186661,936,827,2,829,2
2020-08-14,Fresno,019,978130,25376,19900,255,20155,208
2020-08-14,Glenn,021,27897,420,395,0,395,2
2020-08-14,Humboldt,023,135768,340,294,1,295,4
2020-08-14,Imperial,025,180216,10895,8756,6,8762,185
2020-08-14,Inyo,027,18085,148,115,2,117,1
2020-08-14,Kern,029,883053,28224,25893,166,26059,249
2020-08-14,Kings,031,150075,5704,4953,31,4984,56
2020-08-14,Lake,033,64148,290,267,0,267,2
2020-08-14,Lassen,035,31185,711,665,2,667,0
2020-08-14,Los Angeles,037,10098052,226668,219083,851,219934,5222
2020-08-14,Madera,039,155013,3502,2876,21,2897,26
2020-08-14,Marin,041,260295,5870,5601,12,5613,46
2020-08-14,Mariposa,043,17540,70,61,0,61,2
2020-08-14,Mendocino,045,87422,512,432,0,432,8
2020-08-14,Merced,047,269075,7251,6466,5,6471,67
2020-08-14,Modoc,049,8938,7,5,0,5,0
2020-08-14,Mono,051,14174,162,126,2,128,1
2020-08-14,Monterey,053,433212,7059,6121,19,6140,41
2020-08-14,Napa,055,140530,1346,1230,3,1233,10
2020-08-14,Nevada,057,99092,405,377,13,390,2
2020-08-14,Orange,059,3164182,47662,42399,1033,43432,798
2020-08-14,Placer,061,380077,2774,2546,4,2550,26
2020-08-14,Plumas,063,18699,38,33,0,33,0
2020-08-14,Riverside,065,2383286,50332,46456,50,46506,891
2020-08-14,Sacramento,067,1510023,16053,13645,14,13659,212
2020-08-14,San Benito,069,59416,899,783,0,783,2
2020-08-14,San Bernardino,071,2135413,45840,40442,239,40681,594
2020-08-14,San Diego,073,3302833,36215,34067,177,34244,622
2020-08-14,San Francisco,075,870044,8672,7467,9,7476,69
2020-08-14,San Joaquin,077,732212,17010,14925,27,14952,276
2020-08-14,San Luis Obispo,079,281455,2730,2422,15,2437,17
2020-08-14,San Mateo,081,765935,7709,6655,7,6662,118
2020-08-14,Santa Barbara,083,443738,7649,7302,69,7371,77
2020-08-14,Santa Clara,085,1922200,16230,13785,34,13819,183
2020-08-14,Santa Cruz,087,273765,1639,1418,12,1430,6
2020-08-14,Shasta,089,179085,568,446,3,449,9
2020-08-14,Sierra,091,2930,6,5,0,5,0
2020-08-14,Siskiyou,093,43540,117,98,0,98,0
2020-08-14,Solano,095,438530,4987,4421,32,4453,31
2020-08-14,Sonoma,097,501317,4947,4087,14,4101,45
2020-08-14,Stanislaus,099,539301,13918,12379,185,12564,140
2020-08-14,Sutter,101,95872,1161,1039,1,1040,8
2020-08-14,Tehama,103,63373,357,305,2,307,1
2020-08-14,Trinity,105,12862,36,6,6,12,0
2020-08-14,Tulare,107,460477,13368,12009,44,12053,211
2020-08-14,Tuolumne,109,53932,171,155,3,158,1
2020-08-14,Ventura,111,848112,10222,9313,50,9363,89
2020-08-14,Yolo,113,214977,2223,1991,4,1995,45
2020-08-14,Yuba,115,75493,715,606,2,608,1
2020-08-13,Alameda,001,1643700,16485,14385,118,14503,218
2020-08-13,Alpine,003,1148,2,2,0,2,0
2020-08-13,Amador,005,37829,259,198,0,198,8
2020-08-13,Butte,007,227075,1534,1345,18,1363,15
2020-08-13,Calaveras,009,45235,190,162,0,162,1
2020-08-13,Colusa,011,21464,426,395,0,395,5
2020-08-13,Contra Costa,013,1133247,12732,10545,40,10585,136
2020-08-13,Del Norte,015,27424,102,74,0,74,0
2020-08-13,El Dorado,017,186661,931,803,2,805,2
2020-08-13,Fresno,019,978130,25149,19157,249,19406,201
2020-08-13,Glenn,021,27897,416,392,0,392,1
2020-08-13,Humboldt,023,135768,332,281,1,282,4
2020-08-13,Imperial,025,180216,10864,8640,6,8646,170
2020-08-13,Inyo,027,18085,144,97,2,99,1
2020-08-13,Kern,029,883053,28057,25472,163,25635,242
2020-08-13,Kings,031,150075,5669,4824,31,4855,52
2020-08-13,Lake,033,64148,285,263,0,263,2
2020-08-13,Lassen,035,31185,711,652,2,654,0
2020-08-13,Los Angeles,037,10098052,225288,216497,830,217327,5179
2020-08-13,Madera,039,155013,3458,2675,20,2695,25
2020-08-13,Marin,041,260295,5854,5503,12,5515,44
2020-08-13,Mariposa,043,17540,69,61,0,61,2
2020-08-13,Mendocino,045,87422,507,401,0,401,8
2020-08-13,Merced,047,269075,7134,5945,5,5950,63
2020-08-13,Modoc,049,8938,7,5,0,5,0
2020-08-13,Mono,051,14174,162,124,2,126,1
2020-08-13,Monterey,053,433212,6976,5925,19,5944,38
2020-08-13,Napa,055,140530,1337,1179,3,1182,10
2020-08-13,Nevada,057,99092,401,362,13,375,1
2020-08-13,Orange,059,3164182,47423,42019,1021,43040,773
2020-08-13,Placer,061,380077,2751,2460,4,2464,26
2020-08-13,Plumas,063,18699,38,32,0,32,0
2020-08-13,Riverside,065,2383286,50036,45327,50,45377,885
2020-08-13,Sacramento,067,1510023,15850,13237,14,13251,197
2020-08-13,San Benito,069,59416,870,757,0,757,2
2020-08-13,San Bernardino,071,2135413,45445,39395,233,39628,591
2020-08-13,San Diego,073,3302833,35979,33661,159,33820,627
2020-08-13,San Francisco,075,870044,8578,7277,9,7286,69
2020-08-13,San Joaquin,077,732212,16855,14537,26,14563,261
2020-08-13,San Luis Obispo,079,281455,2708,2283,15,2298,16
2020-08-13,San Mateo,081,765935,7647,6503,7,6510,117
2020-08-13,Santa Barbara,083,443738,7604,7129,68,7197,74
2020-08-13,Santa Clara,085,1922200,16007,13257,34,13291,182
2020-08-13,Santa Cruz,087,273765,1614,1383,12,1395,6
2020-08-13,Shasta,089,179085,563,428,3,431,9
2020-08-13,Sierra,091,2930,6,5,0,5,0
2020-08-13,Siskiyou,093,43540,117,95,0,95,0
2020-08-13,Solano,095,438530,4950,4305,32,4337,31
2020-08-13,Sonoma,097,501317,4873,3902,14,3916,45
2020-08-13,Stanislaus,099,539301,13788,11953,169,12122,136
2020-08-13,Sutter,101,95872,1139,992,1,993,8
2020-08-13,Tehama,103,63373,348,302,2,304,1
2020-08-13,Trinity,105,12862,35,6,6,12,0
2020-08-13,Tulare,107,460477,13224,11692,41,11733,210
2020-08-13,Tuolumne,109,53932,170,152,3,155,1
2020-08-13,Ventura,111,848112,10133,9114,50,9164,90
2020-08-13,Yolo,113,214977,2196,1938,4,1942,44
2020-08-13,Yuba,115,75493,699,568,2,570,1
2020-08-12,Alameda,001,1643700,16272,14214,118,14332,215
2020-08-12,Alpine,003,1148,2,2,0,2,0
2020-08-12,Amador,005,37829,256,197,0,197,8
2020-08-12,Butte,007,227075,1506,1317,18,1335,15
2020-08-12,Calaveras,009,45235,187,157,0,157,1
2020-08-12,Colusa,011,21464,421,394,0,394,5
2020-08-12,Contra Costa,013,1133247,12587,10304,39,10343,134
2020-08-12,Del Norte,015,27424,101,74,0,74,0
2020-08-12,El Dorado,017,186661,913,794,2,796,2
2020-08-12,Fresno,019,978130,24919,18690,243,18933,194
2020-08-12,Glenn,021,27897,413,388,0,388,1
2020-08-12,Humboldt,023,135768,325,281,1,282,4
2020-08-12,Imperial,025,180216,10841,8566,6,8572,167
2020-08-12,Inyo,027,18085,127,97,2,99,1
2020-08-12,Kern,029,883053,27865,25191,161,25352,232
2020-08-12,Kings,031,150075,5630,4736,31,4767,50
2020-08-12,Lake,033,64148,283,253,0,253,2
2020-08-12,Lassen,035,31185,710,651,2,653,0
2020-08-12,Los Angeles,037,10098052,223887,214542,814,215356,5119
2020-08-12,Madera,039,155013,3424,2681,18,2699,23
2020-08-12,Marin,041,260295,5832,5423,12,5435,44
2020-08-12,Mariposa,043,17540,69,61,0,61,2
2020-08-12,Mendocino,045,87422,488,386,0,386,9
2020-08-12,Merced,047,269075,7072,5777,5,5782,66
2020-08-12,Modoc,049,8938,7,5,0,5,0
2020-08-12,Mono,051,14174,161,124,2,126,1
2020-08-12,Monterey,053,433212,6872,5919,19,5938,38
2020-08-12,Napa,055,140530,1327,1161,3,1164,10
2020-08-12,Nevada,057,99092,396,357,13,370,1
2020-08-12,Orange,059,3164182,47172,41576,997,42573,754
2020-08-12,Placer,061,380077,2719,2417,4,2421,25
2020-08-12,Plumas,063,18699,38,31,0,31,0
2020-08-12,Riverside,065,2383286,49688,44747,50,44797,867
2020-08-12,Sacramento,067,1510023,15638,12528,14,12542,189
2020-08-12,San Benito,069,59416,857,751,0,751,2
2020-08-12,San Bernardino,071,2135413,45102,38811,224,39035,589
2020-08-12,San Diego,073,3302833,35770,33395,139,33534,608
2020-08-12,San Francisco,075,870044,8495,7194,9,7203,66
2020-08-12,San Joaquin,077,732212,16709,14154,26,14180,253
2020-08-12,San Luis Obispo,079,281455,2683,2263,15,2278,15
2020-08-12,San Mateo,081,765935,7568,6427,7,6434,117
2020-08-12,Santa Barbara,083,443738,7544,7049,66,7115,74
2020-08-12,Santa Clara,085,1922200,15831,13002,34,13036,182
2020-08-12,Santa Cruz,087,273765,1585,1382,11,1393,6
2020-08-12,Shasta,089,179085,559,417,3,420,9
2020-08-12,Sierra,091,2930,5,4,0,4,0
2020-08-12,Siskiyou,093,43540,116,90,0,90,0
2020-08-12,Solano,095,438530,4905,4258,32,4290,31
2020-08-12,Sonoma,097,501317,4799,3847,14,3861,47
2020-08-12,Stanislaus,099,539301,13649,11682,161,11843,136
2020-08-12,Sutter,101,95872,1115,987,1,988,7
2020-08-12,Tehama,103,63373,338,289,2,291,1
2020-08-12,Trinity,105,12862,34,6,6,12,0
2020-08-12,Tulare,107,460477,13096,11460,41,11501,211
2020-08-12,Tuolumne,109,53932,169,150,3,153,1
2020-08-12,Ventura,111,848112,10046,9005,50,9055,87
2020-08-12,Yolo,113,214977,2172,1921,4,1925,44
2020-08-12,Yuba,115,75493,677,549,1,550,1
2020-08-11,Alameda,001,1643700,16011,13960,115,14075,204
2020-08-11,Alpine,003,1148,2,2,0,2,0
2020-08-11,Amador,005,37829,250,187,0,187,3
2020-08-11,Butte,007,227075,1479,1296,18,1314,15
2020-08-11,Calaveras,009,45235,185,161,0,161,1
2020-08-11,Colusa,011,21464,416,390,0,390,5
2020-08-11,Contra Costa,013,1133247,12398,10012,37,10049,131
2020-08-11,Del Norte,015,27424,100,73,0,73,0
2020-08-11,El Dorado,017,186661,906,786,2,788,2
2020-08-11,Fresno,019,978130,24597,18344,240,18584,187
2020-08-11,Glenn,021,27897,411,380,0,380,1
2020-08-11,Humboldt,023,135768,320,283,1,284,4
2020-08-11,Imperial,025,180216,10786,8518,6,8524,165
2020-08-11,Inyo,027,18085,122,97,2,99,1
2020-08-11,Kern,029,883053,27530,25042,159,25201,230
2020-08-11,Kings,031,150075,5439,4696,31,4727,50
2020-08-11,Lake,033,64148,280,243,0,243,2
2020-08-11,Lassen,035,31185,704,605,2,607,0
2020-08-11,Los Angeles,037,10098052,222386,212421,789,213210,5065
2020-08-11,Madera,039,155013,3370,2673,18,2691,22
2020-08-11,Marin,041,260295,5805,5287,11,5298,44
2020-08-11,Mariposa,043,17540,68,60,0,60,2
2020-08-11,Mendocino,045,87422,478,385,0,385,9
2020-08-11,Merced,047,269075,6977,5322,4,5326,65
2020-08-11,Modoc,049,8938,7,5,0,5,0
2020-08-11,Mono,051,14174,161,124,2,126,1
2020-08-11,Monterey,053,433212,6763,5624,19,5643,36
2020-08-11,Napa,055,140530,1316,1143,2,1145,11
2020-08-11,Nevada,057,99092,393,358,13,371,1
2020-08-11,Orange,059,3164182,46952,41205,975,42180,742
2020-08-11,Placer,061,380077,2687,2393,4,2397,24
2020-08-11,Plumas,063,18699,38,31,0,31,0
2020-08-11,Riverside,065,2383286,49331,44237,50,44287,836
2020-08-11,Sacramento,067,1510023,15347,12298,14,12312,182
2020-08-11,San Benito,069,59416,845,750,0,750,2
2020-08-11,San Bernardino,071,2135413,44761,38467,217,38684,584
2020-08-11,San Diego,073,3302833,35503,33159,120,33279,602
2020-08-11,San Francisco,075,870044,8399,6988,9,6997,66
2020-08-11,San Joaquin,077,732212,16531,13997,21,14018,251
2020-08-11,San Luis Obispo,079,281455,2626,2234,15,2249,15
2020-08-11,San Mateo,081,765935,7494,6339,7,6346,117
2020-08-11,Santa Barbara,083,443738,7495,6942,66,7008,70
2020-08-11,Santa Clara,085,1922200,15610,12920,34,12954,183
2020-08-11,Santa Cruz,087,273765,1562,1352,11,1363,4
2020-08-11,Shasta,089,179085,555,416,3,419,9
2020-08-11,Sierra,091,2930,5,4,0,4,0
2020-08-11,Siskiyou,093,43540,116,90,0,90,0
2020-08-11,Solano,095,438530,4857,4206,31,4237,31
2020-08-11,Sonoma,097,501317,4704,3752,14,3766,45
2020-08-11,Stanislaus,099,539301,13545,11592,149,11741,128
2020-08-11,Sutter,101,95872,1093,964,1,965,7
2020-08-11,Tehama,103,63373,334,289,2,291,1
2020-08-11,Trinity,105,12862,34,5,6,11,0
2020-08-11,Tulare,107,460477,12971,11392,40,11432,201
2020-08-11,Tuolumne,109,53932,164,146,3,149,1
2020-08-11,Ventura,111,848112,9978,8953,49,9002,88
2020-08-11,Yolo,113,214977,2150,1912,4,1916,44
2020-08-11,Yuba,115,75493,666,540,1,541,1
2020-08-10,Alameda,001,1643700,15767,13420,114,13534,203
2020-08-10,Alpine,003,1148,2,2,0,2,0
2020-08-10,Amador,005,37829,249,172,0,172,2
2020-08-10,Butte,007,227075,1455,1174,16,1190,15
2020-08-10,Calaveras,009,45235,174,121,0,121,1
2020-08-10,Colusa,011,21464,414,387,0,387,4
2020-08-10,Contra Costa,013,1133247,12245,9454,35,9489,130
2020-08-10,Del Norte,015,27424,98,69,0,69,0
2020-08-10,El Dorado,017,186661,894,771,2,773,2
2020-08-10,Fresno,019,978130,24316,17978,239,18217,183
2020-08-10,Glenn,021,27897,408,381,0,381,1
2020-08-10,Humboldt,023,135768,314,277,1,278,4
2020-08-10,Imperial,025,180216,10742,8465,6,8471,165
2020-08-10,Inyo,027,18085,122,97,2,99,1
2020-08-10,Kern,029,883053,27304,24499,158,24657,215
2020-08-10,Kings,031,150075,5333,4588,31,4619,50
2020-08-10,Lake,033,64148,273,239,0,239,2
2020-08-10,Lassen,035,31185,704,588,2,590,0
2020-08-10,Los Angeles,037,10098052,220808,211035,771,211806,5003
2020-08-10,Madera,039,155013,3337,2365,17,2382,22
2020-08-10,Marin,041,260295,5760,5242,10,5252,44
2020-08-10,Mariposa,043,17540,68,57,0,57,2
2020-08-10,Mendocino,045,87422,454,364,0,364,1
2020-08-10,Merced,047,269075,6896,4913,4,4917,51
2020-08-10,Modoc,049,8938,7,5,0,5,0
2020-08-10,Mono,051,14174,161,123,2,125,1
2020-08-10,Monterey,053,433212,6653,5358,19,5377,34
2020-08-10,Napa,055,140530,1298,1084,2,1086,8
2020-08-10,Nevada,057,99092,385,356,13,369,1
2020-08-10,Orange,059,3164182,46682,40445,957,41402,721
2020-08-10,Placer,061,380077,2648,2298,4,2302,21
2020-08-10,Plumas,063,18699,38,27,0,27,0
2020-08-10,Riverside,065,2383286,48946,43296,49,43345,830
2020-08-10,Sacramento,067,1510023,15036,12059,14,12073,168
2020-08-10,San Benito,069,59416,832,743,0,743,2
2020-08-10,San Bernardino,071,2135413,44384,37367,208,37575,579
2020-08-10,San Diego,073,3302833,35237,32977,104,33081,594
2020-08-10,San Francisco,075,870044,8309,6816,8,6824,66
2020-08-10,San Joaquin,077,732212,16349,13308,21,13329,240
2020-08-10,San Luis Obispo,079,281455,2527,2208,14,2222,15
2020-08-10,San Mateo,081,765935,7417,6222,7,6229,117
2020-08-10,Santa Barbara,083,443738,7440,6869,66,6935,66
2020-08-10,Santa Clara,085,1922200,15350,12615,33,12648,182
2020-08-10,Santa Cruz,087,273765,1542,1239,10,1249,4
2020-08-10,Shasta,089,179085,551,384,3,387,9
2020-08-10,Sierra,091,2930,5,3,0,3,0
2020-08-10,Siskiyou,093,43540,113,88,0,88,0
2020-08-10,Solano,095,438530,4797,4101,31,4132,31
2020-08-10,Sonoma,097,501317,4535,3640,10,3650,42
2020-08-10,Stanislaus,099,539301,13363,10855,132,10987,106
2020-08-10,Sutter,101,95872,1068,865,1,866,7
2020-08-10,Tehama,103,63373,327,282,2,284,1
2020-08-10,Trinity,105,12862,31,5,6,11,0
2020-08-10,Tulare,107,460477,12798,10750,38,10788,194
2020-08-10,Tuolumne,109,53932,164,143,2,145,1
2020-08-10,Ventura,111,848112,9894,8851,48,8899,85
2020-08-10,Yolo,113,214977,2127,1840,4,1844,45
2020-08-10,Yuba,115,75493,649,527,1,528,1
2020-08-09,Alameda,001,1643700,15487,13241,112,13353,203
2020-08-09,Alpine,003,1148,2,2,0,2,0
2020-08-09,Amador,005,37829,244,153,0,153,2
2020-08-09,Butte,007,227075,1411,1155,16,1171,15
2020-08-09,Calaveras,009,45235,169,122,0,122,1
2020-08-09,Colusa,011,21464,410,371,0,371,4
2020-08-09,Contra Costa,013,1133247,12017,9214,34,9248,130
2020-08-09,Del Norte,015,27424,98,69,0,69,0
2020-08-09,El Dorado,017,186661,886,748,2,750,2
2020-08-09,Fresno,019,978130,24007,17846,235,18081,183
2020-08-09,Glenn,021,27897,406,354,0,354,1
2020-08-09,Humboldt,023,135768,308,279,1,280,4
2020-08-09,Imperial,025,180216,10699,8310,5,8315,165
2020-08-09,Inyo,027,18085,117,86,1,87,1
2020-08-09,Kern,029,883053,27048,23680,158,23838,215
2020-08-09,Kings,031,150075,5290,4446,30,4476,50
2020-08-09,Lake,033,64148,266,225,0,225,2
2020-08-09,Lassen,035,31185,698,589,2,591,0
2020-08-09,Los Angeles,037,10098052,218746,208810,749,209559,4984
2020-08-09,Madera,039,155013,3278,2322,13,2335,22
2020-08-09,Marin,041,260295,5717,5204,10,5214,44
2020-08-09,Mariposa,043,17540,66,56,0,56,2
2020-08-09,Mendocino,045,87422,444,283,0,283,1
2020-08-09,Merced,047,269075,6799,4735,3,4738,51
2020-08-09,Modoc,049,8938,7,4,0,4,0
2020-08-09,Mono,051,14174,160,113,2,115,1
2020-08-09,Monterey,053,433212,6529,5199,19,5218,34
2020-08-09,Napa,055,140530,1279,1062,2,1064,8
2020-08-09,Nevada,057,99092,377,332,13,345,1
2020-08-09,Orange,059,3164182,46383,39244,942,40186,722
2020-08-09,Placer,061,380077,2619,2211,4,2215,20
2020-08-09,Plumas,063,18699,38,27,0,27,0
2020-08-09,Riverside,065,2383286,48601,41894,49,41943,828
2020-08-09,Sacramento,067,1510023,14756,11301,14,11315,167
2020-08-09,San Benito,069,59416,813,687,0,687,2
2020-08-09,San Bernardino,071,2135413,43907,36092,208,36300,579
2020-08-09,San Diego,073,3302833,34946,32749,93,32842,594
2020-08-09,San Francisco,075,870044,8194,6820,8,6828,66
2020-08-09,San Joaquin,077,732212,16145,12933,20,12953,240
2020-08-09,San Luis Obispo,079,281455,2491,2124,14,2138,15
2020-08-09,San Mateo,081,765935,7322,6094,7,6101,117
2020-08-09,Santa Barbara,083,443738,7352,6669,66,6735,66
2020-08-09,Santa Clara,085,1922200,15080,11878,33,11911,181
2020-08-09,Santa Cruz,087,273765,1518,1246,10,1256,4
2020-08-09,Shasta,089,179085,547,361,3,364,9
2020-08-09,Sierra,091,2930,5,3,0,3,0
2020-08-09,Siskiyou,093,43540,112,74,0,74,0
2020-08-09,Solano,095,438530,4744,3954,30,3984,31
2020-08-09,Sonoma,097,501317,4399,3531,8,3539,41
2020-08-09,Stanislaus,099,539301,13155,10264,119,10383,106
2020-08-09,Sutter,101,95872,1034,857,1,858,7
2020-08-09,Tehama,103,63373,319,265,2,267,1
2020-08-09,Trinity,105,12862,31,5,6,11,0
2020-08-09,Tulare,107,460477,12606,10630,35,10665,194
2020-08-09,Tuolumne,109,53932,161,143,2,145,1
2020-08-09,Ventura,111,848112,9746,8633,47,8680,85
2020-08-09,Yolo,113,214977,2096,1765,4,1769,44
2020-08-09,Yuba,115,75493,629,442,1,443,1
2020-08-08,Alameda,001,1643700,15377,13087,112,13199,204
2020-08-08,Alpine,003,1148,2,2,0,2,0
2020-08-08,Amador,005,37829,244,139,0,139,2
2020-08-08,Butte,007,227075,1393,1140,16,1156,15
2020-08-08,Calaveras,009,45235,168,122,0,122,1
2020-08-08,Colusa,011,21464,409,368,0,368,4
2020-08-08,Contra Costa,013,1133247,11908,9104,34,9138,129
2020-08-08,Del Norte,015,27424,97,69,0,69,0
2020-08-08,El Dorado,017,186661,879,734,2,736,2
2020-08-08,Fresno,019,978130,23870,17538,233,17771,183
2020-08-08,Glenn,021,27897,406,344,0,344,1
2020-08-08,Humboldt,023,135768,305,277,1,278,4
2020-08-08,Imperial,025,180216,10684,8213,5,8218,165
2020-08-08,Inyo,027,18085,113,86,1,87,1
2020-08-08,Kern,029,883053,26934,22803,158,22961,215
2020-08-08,Kings,031,150075,5276,4367,30,4397,49
2020-08-08,Lake,033,64148,264,221,0,221,2
2020-08-08,Lassen,035,31185,698,589,2,591,0
2020-08-08,Los Angeles,037,10098052,217861,206971,738,207709,4974
2020-08-08,Madera,039,155013,3247,2275,13,2288,22
2020-08-08,Marin,041,260295,5697,5118,10,5128,44
2020-08-08,Mariposa,043,17540,65,55,0,55,2
2020-08-08,Mendocino,045,87422,442,264,0,264,1
2020-08-08,Merced,047,269075,6759,4570,3,4573,51
2020-08-08,Modoc,049,8938,7,4,0,4,0
2020-08-08,Mono,051,14174,160,113,2,115,1
2020-08-08,Monterey,053,433212,6471,5101,19,5120,33
2020-08-08,Napa,055,140530,1271,1062,2,1064,8
2020-08-08,Nevada,057,99092,375,325,13,338,1
2020-08-08,Orange,059,3164182,46253,38688,933,39621,718
2020-08-08,Placer,061,380077,2602,2153,4,2157,20
2020-08-08,Plumas,063,18699,38,27,0,27,0
2020-08-08,Riverside,065,2383286,48397,41412,49,41461,823
2020-08-08,Sacramento,067,1510023,14627,11144,14,11158,166
2020-08-08,San Benito,069,59416,805,684,0,684,2
2020-08-08,San Bernardino,071,2135413,43711,35691,207,35898,531
2020-08-08,San Diego,073,3302833,34757,32332,84,32416,593
2020-08-08,San Francisco,075,870044,8128,6820,8,6828,66
2020-08-08,San Joaquin,077,732212,16064,12559,19,12578,240
2020-08-08,San Luis Obispo,079,281455,2468,2081,14,2095,15
2020-08-08,San Mateo,081,765935,7264,6021,7,6028,117
2020-08-08,Santa Barbara,083,443738,7314,6598,66,6664,66
2020-08-08,Santa Clara,085,1922200,14928,11615,33,11648,181
2020-08-08,Santa Cruz,087,273765,1504,1247,10,1257,4
2020-08-08,Shasta,089,179085,545,343,3,346,9
2020-08-08,Sierra,091,2930,5,3,0,3,0
2020-08-08,Siskiyou,093,43540,112,73,0,73,0
2020-08-08,Solano,095,438530,4723,3889,29,3918,31
2020-08-08,Sonoma,097,501317,4368,3399,8,3407,41
2020-08-08,Stanislaus,099,539301,13080,9963,114,10077,105
2020-08-08,Sutter,101,95872,1024,830,1,831,7
2020-08-08,Tehama,103,63373,318,251,2,253,1
2020-08-08,Trinity,105,12862,31,5,6,11,0
2020-08-08,Tulare,107,460477,12531,10505,35,10540,192
2020-08-08,Tuolumne,109,53932,161,143,2,145,1
2020-08-08,Ventura,111,848112,9691,8462,46,8508,85
2020-08-08,Yolo,113,214977,2083,1725,4,1729,44
2020-08-08,Yuba,115,75493,620,430,1,431,1
2020-08-07,Alameda,001,1643700,15267,12805,112,12917,204
2020-08-07,Alpine,003,1148,2,2,0,2,0
2020-08-07,Amador,005,37829,242,125,0,125,2
2020-08-07,Butte,007,227075,1375,1092,16,1108,13
2020-08-07,Calaveras,009,45235,168,119,0,119,1
2020-08-07,Colusa,011,21464,408,358,0,358,4
2020-08-07,Contra Costa,013,1133247,11760,8810,34,8844,126
2020-08-07,Del Norte,015,27424,97,69,0,69,0
2020-08-07,El Dorado,017,186661,874,724,2,726,2
2020-08-07,Fresno,019,978130,23710,17290,233,17523,171
2020-08-07,Glenn,021,27897,405,339,0,339,1
2020-08-07,Humboldt,023,135768,301,274,1,275,4
2020-08-07,Imperial,025,180216,10659,8085,5,8090,164
2020-08-07,Inyo,027,18085,112,81,1,82,1
2020-08-07,Kern,029,883053,26808,22143,155,22298,206
2020-08-07,Kings,031,150075,5259,4315,30,4345,48
2020-08-07,Lake,033,64148,262,215,0,215,1
2020-08-07,Lassen,035,31185,697,588,2,590,0
2020-08-07,Los Angeles,037,10098052,216394,204406,726,205132,4924
2020-08-07,Madera,039,155013,3215,2245,13,2258,20
2020-08-07,Marin,041,260295,5668,5094,10,5104,43
2020-08-07,Mariposa,043,17540,65,53,0,53,2
2020-08-07,Mendocino,045,87422,428,262,0,262,1
2020-08-07,Merced,047,269075,6716,4358,3,4361,30
2020-08-07,Modoc,049,8938,7,4,0,4,0
2020-08-07,Mono,051,14174,160,112,2,114,1
2020-08-07,Monterey,053,433212,6396,5041,19,5060,33
2020-08-07,Napa,055,140530,1266,1055,2,1057,8
2020-08-07,Nevada,057,99092,372,324,13,337,1
2020-08-07,Orange,059,3164182,46041,38459,916,39375,701
2020-08-07,Placer,061,380077,2584,2078,4,2082,20
2020-08-07,Plumas,063,18699,38,25,0,25,0
2020-08-07,Riverside,065,2383286,48133,40902,48,40950,810
2020-08-07,Sacramento,067,1510023,14482,10798,14,10812,160
2020-08-07,San Benito,069,59416,799,647,0,647,2
2020-08-07,San Bernardino,071,2135413,43464,35200,206,35406,524
2020-08-07,San Diego,073,3302833,34572,31781,81,31862,586
2020-08-07,San Francisco,075,870044,8050,6765,8,6773,66
2020-08-07,San Joaquin,077,732212,15979,12392,19,12411,223
2020-08-07,San Luis Obispo,079,281455,2437,2050,14,2064,14
2020-08-07,San Mateo,081,765935,7204,5948,7,5955,117
2020-08-07,Santa Barbara,083,443738,7263,6509,66,6575,66
2020-08-07,Santa Clara,085,1922200,14729,11409,33,11442,180
2020-08-07,Santa Cruz,087,273765,1486,1234,10,1244,5
2020-08-07,Shasta,089,179085,540,342,3,345,9
2020-08-07,Sierra,091,2930,5,3,0,3,0
2020-08-07,Siskiyou,093,43540,109,73,0,73,0
2020-08-07,Solano,095,438530,4691,3844,28,3872,31
2020-08-07,Sonoma,097,501317,4304,3329,8,3337,34
2020-08-07,Stanislaus,099,539301,12958,9665,104,9769,98
2020-08-07,Sutter,101,95872,1020,807,1,808,6
2020-08-07,Tehama,103,63373,314,246,2,248,1
2020-08-07,Trinity,105,12862,30,5,6,11,0
2020-08-07,Tulare,107,460477,12454,10292,35,10327,195
2020-08-07,Tuolumne,109,53932,160,136,2,138,1
2020-08-07,Ventura,111,848112,9631,8356,44,8400,84
2020-08-07,Yolo,113,214977,2056,1689,4,1693,37
2020-08-07,Yuba,115,75493,615,413,1,414,1
2020-08-06,Alameda,001,1643700,15045,12474,111,12585,200
2020-08-06,Alpine,003,1148,2,2,0,2,0
2020-08-06,Amador,005,37829,228,125,0,125,0
2020-08-06,Butte,007,227075,1356,1060,16,1076,13
2020-08-06,Calaveras,009,45235,166,117,0,117,1
2020-08-06,Colusa,011,21464,405,358,0,358,3
2020-08-06,Contra Costa,013,1133247,11566,8583,33,8616,124
2020-08-06,Del Norte,015,27424,97,69,0,69,0
2020-08-06,El Dorado,017,186661,863,703,2,705,1
2020-08-06,Fresno,019,978130,23412,17031,226,17257,161
2020-08-06,Glenn,021,27897,400,332,0,332,1
2020-08-06,Humboldt,023,135768,296,266,1,267,4
2020-08-06,Imperial,025,180216,10616,8064,5,8069,163
2020-08-06,Inyo,027,18085,104,83,1,84,1
2020-08-06,Kern,029,883053,26572,21843,154,21997,197
2020-08-06,Kings,031,150075,5197,4264,29,4293,47
2020-08-06,Lake,033,64148,259,209,0,209,1
2020-08-06,Lassen,035,31185,695,588,2,590,0
2020-08-06,Los Angeles,037,10098052,214322,201372,710,202082,4874
2020-08-06,Madera,039,155013,3167,2240,12,2252,19
2020-08-06,Marin,041,260295,5636,5058,10,5068,43
2020-08-06,Mariposa,043,17540,64,52,0,52,2
2020-08-06,Mendocino,045,87422,414,260,0,260,1
2020-08-06,Merced,047,269075,6614,4235,3,4238,30
2020-08-06,Modoc,049,8938,7,4,0,4,0
2020-08-06,Mono,051,14174,159,111,2,113,1
2020-08-06,Monterey,053,433212,6287,5001,18,5019,33
2020-08-06,Napa,055,140530,1252,1032,2,1034,8
2020-08-06,Nevada,057,99092,367,321,13,334,1
2020-08-06,Orange,059,3164182,45749,38399,911,39310,694
2020-08-06,Placer,061,380077,2558,2045,4,2049,20
2020-08-06,Plumas,063,18699,37,25,0,25,0
2020-08-06,Riverside,065,2383286,47739,40269,48,40317,781
2020-08-06,Sacramento,067,1510023,14253,10548,14,10562,153
2020-08-06,San Benito,069,59416,791,626,0,626,2
2020-08-06,San Bernardino,071,2135413,43059,34819,204,35023,516
2020-08-06,San Diego,073,3302833,34305,31129,74,31203,583
2020-08-06,San Francisco,075,870044,7957,6737,7,6744,60
2020-08-06,San Joaquin,077,732212,15819,12269,19,12288,203
2020-08-06,San Luis Obispo,079,281455,2413,2000,13,2013,13
2020-08-06,San Mateo,081,765935,7104,5885,7,5892,117
2020-08-06,Santa Barbara,083,443738,7203,6620,66,6686,65
2020-08-06,Santa Clara,085,1922200,14500,11280,33,11313,178
2020-08-06,Santa Cruz,087,273765,1465,1215,10,1225,4
2020-08-06,Shasta,089,179085,531,343,3,346,9
2020-08-06,Sierra,091,2930,5,3,0,3,0
2020-08-06,Siskiyou,093,43540,109,73,0,73,0
2020-08-06,Solano,095,438530,4647,3784,28,3812,29
2020-08-06,Sonoma,097,501317,4240,3259,8,3267,33
2020-08-06,Stanislaus,099,539301,12808,9566,88,9654,98
2020-08-06,Sutter,101,95872,989,797,1,798,6
2020-08-06,Tehama,103,63373,311,242,2,244,1
2020-08-06,Trinity,105,12862,27,5,6,11,0
2020-08-06,Tulare,107,460477,12295,10169,35,10204,195
2020-08-06,Tuolumne,109,53932,159,136,2,138,1
2020-08-06,Ventura,111,848112,9516,8245,41,8286,80
2020-08-06,Yolo,113,214977,2032,1662,4,1666,36
2020-08-06,Yuba,115,75493,606,407,0,407,1
2020-08-05,Alameda,001,1643700,14831,12140,111,12251,193
2020-08-05,Alpine,003,1148,2,2,0,2,0
2020-08-05,Amador,005,37829,218,123,0,123,0
2020-08-05,Butte,007,227075,1322,1038,15,1053,13
2020-08-05,Calaveras,009,45235,163,116,0,116,1
2020-08-05,Colusa,011,21464,401,354,0,354,3
2020-08-05,Contra Costa,013,1133247,11397,8362,33,8395,122
2020-08-05,Del Norte,015,27424,96,69,0,69,0
2020-08-05,El Dorado,017,186661,855,692,2,694,1
2020-08-05,Fresno,019,978130,23168,16625,221,16846,159
2020-08-05,Glenn,021,27897,397,330,0,330,1
2020-08-05,Humboldt,023,135768,294,249,1,250,4
2020-08-05,Imperial,025,180216,10581,8036,5,8041,163
2020-08-05,Inyo,027,18085,102,62,1,63,1
2020-08-05,Kern,029,883053,26384,21540,149,21689,194
2020-08-05,Kings,031,150075,5152,4192,27,4219,47
2020-08-05,Lake,033,64148,252,209,0,209,1
2020-08-05,Lassen,035,31185,648,557,2,559,0
2020-08-05,Los Angeles,037,10098052,212404,198355,690,199045,4832
2020-08-05,Madera,039,155013,3125,2172,12,2184,19
2020-08-05,Marin,041,260295,5604,5036,10,5046,43
2020-08-05,Mariposa,043,17540,64,52,0,52,2
2020-08-05,Mendocino,045,87422,402,248,0,248,1
2020-08-05,Merced,047,269075,6479,4119,3,4122,30
2020-08-05,Modoc,049,8938,7,3,0,3,0
2020-08-05,Mono,051,14174,159,104,2,106,1
2020-08-05,Monterey,053,433212,6172,4936,18,4954,32
2020-08-05,Napa,055,140530,1240,1020,2,1022,8
2020-08-05,Nevada,057,99092,358,327,13,340,2
2020-08-05,Orange,059,3164182,45440,37907,903,38810,663
2020-08-05,Placer,061,380077,2517,1989,4,1993,18
2020-08-05,Plumas,063,18699,36,25,0,25,0
2020-08-05,Riverside,065,2383286,47347,39454,46,39500,761
2020-08-05,Sacramento,067,1510023,14034,10261,13,10274,151
2020-08-05,San Benito,069,59416,782,613,0,613,2
2020-08-05,San Bernardino,071,2135413,42597,34442,199,34641,504
2020-08-05,San Diego,073,3302833,34081,30866,58,30924,578
2020-08-05,San Francisco,075,870044,7864,6701,7,6708,60
2020-08-05,San Joaquin,077,732212,15656,12148,19,12167,199
2020-08-05,San Luis Obispo,079,281455,2389,1928,13,1941,13
2020-08-05,San Mateo,081,765935,7008,5695,7,5702,116
2020-08-05,Santa Barbara,083,443738,7143,6597,66,6663,63
2020-08-05,Santa Clara,085,1922200,14266,11074,33,11107,176
2020-08-05,Santa Cruz,087,273765,1445,1192,8,1200,4
2020-08-05,Shasta,089,179085,525,338,3,341,9
2020-08-05,Sierra,091,2930,5,3,0,3,0
2020-08-05,Siskiyou,093,43540,105,72,0,72,0
2020-08-05,Solano,095,438530,4596,3750,27,3777,29
2020-08-05,Sonoma,097,501317,4157,3173,8,3181,33
2020-08-05,Stanislaus,099,539301,12649,9408,83,9491,97
2020-08-05,Sutter,101,95872,978,780,1,781,6
2020-08-05,Tehama,103,63373,308,231,2,233,1
2020-08-05,Trinity,105,12862,27,5,6,11,0
2020-08-05,Tulare,107,460477,12154,9924,35,9959,192
2020-08-05,Tuolumne,109,53932,159,137,2,139,0
2020-08-05,Ventura,111,848112,9400,8162,37,8199,75
2020-08-05,Yolo,113,214977,2004,1634,4,1638,36
2020-08-05,Yuba,115,75493,589,400,0,400,1
2020-08-04,Alameda,001,1643700,14614,11983,110,12093,192
2020-08-04,Alpine,003,1148,2,2,0,2,0
2020-08-04,Amador,005,37829,203,123,0,123,0
2020-08-04,Butte,007,227075,1298,1011,15,1026,10
2020-08-04,Calaveras,009,45235,159,116,0,116,1
2020-08-04,Colusa,011,21464,396,354,0,354,3
2020-08-04,Contra Costa,013,1133247,11230,8210,33,8243,122
2020-08-04,Del Norte,015,27424,94,69,0,69,0
2020-08-04,El Dorado,017,186661,845,668,2,670,1
2020-08-04,Fresno,019,978130,22883,16272,214,16486,154
2020-08-04,Glenn,021,27897,396,325,0,325,1
2020-08-04,Humboldt,023,135768,284,241,1,242,4
2020-08-04,Imperial,025,180216,10544,7974,5,7979,163
2020-08-04,Inyo,027,18085,88,59,1,60,1
2020-08-04,Kern,029,883053,26101,21403,149,21552,190
2020-08-04,Kings,031,150075,5087,4163,27,4190,47
2020-08-04,Lake,033,64148,252,206,0,206,1
2020-08-04,Lassen,035,31185,645,556,2,558,0
2020-08-04,Los Angeles,037,10098052,210471,196014,659,196673,4764
2020-08-04,Madera,039,155013,3082,2161,8,2169,19
2020-08-04,Marin,041,260295,5573,5020,9,5029,43
2020-08-04,Mariposa,043,17540,64,51,0,51,2
2020-08-04,Mendocino,045,87422,377,248,0,248,1
2020-08-04,Merced,047,269075,6365,4085,3,4088,30
2020-08-04,Modoc,049,8938,7,3,0,3,0
2020-08-04,Mono,051,14174,158,104,1,105,1
2020-08-04,Monterey,053,433212,6058,4892,18,4910,32
2020-08-04,Napa,055,140530,1227,994,0,994,8
2020-08-04,Nevada,057,99092,357,322,13,335,2
2020-08-04,Orange,059,3164182,45064,37844,896,38740,659
2020-08-04,Placer,061,380077,2480,1964,4,1968,17
2020-08-04,Plumas,063,18699,36,25,0,25,0
2020-08-04,Riverside,065,2383286,46962,38991,45,39036,743
2020-08-04,Sacramento,067,1510023,13816,10205,13,10218,146
2020-08-04,San Benito,069,59416,766,608,0,608,2
2020-08-04,San Bernardino,071,2135413,42047,34215,194,34409,495
2020-08-04,San Diego,073,3302833,33788,30518,46,30564,568
2020-08-04,San Francisco,075,870044,7776,6568,7,6575,60
2020-08-04,San Joaquin,077,732212,15527,12087,16,12103,189
2020-08-04,San Luis Obispo,079,281455,2359,1886,13,1899,13
2020-08-04,San Mateo,081,765935,6902,5690,7,5697,116
2020-08-04,Santa Barbara,083,443738,7083,6591,66,6657,61
2020-08-04,Santa Clara,085,1922200,13965,10986,32,11018,175
2020-08-04,Santa Cruz,087,273765,1426,1202,8,1210,4
2020-08-04,Shasta,089,179085,519,335,3,338,9
2020-08-04,Sierra,091,2930,5,1,0,1,0
2020-08-04,Siskiyou,093,43540,103,71,0,71,0
2020-08-04,Solano,095,438530,4525,3690,27,3717,29
2020-08-04,Sonoma,097,501317,4090,3108,8,3116,33
2020-08-04,Stanislaus,099,539301,12481,9359,75,9434,97
2020-08-04,Sutter,101,95872,964,761,1,762,6
2020-08-04,Tehama,103,63373,301,226,2,228,1
2020-08-04,Trinity,105,12862,27,5,6,11,0
2020-08-04,Tulare,107,460477,11974,9866,35,9901,192
2020-08-04,Tuolumne,109,53932,158,127,2,129,0
2020-08-04,Ventura,111,848112,9286,8134,35,8169,75
2020-08-04,Yolo,113,214977,1978,1626,4,1630,37
2020-08-04,Yuba,115,75493,574,398,0,398,1
2020-08-03,Alameda,001,1643700,14430,11817,106,11923,189
2020-08-03,Alpine,003,1148,2,2,0,2,0
2020-08-03,Amador,005,37829,199,119,0,119,0
2020-08-03,Butte,007,227075,1252,989,14,1003,9
2020-08-03,Calaveras,009,45235,156,117,0,117,1
2020-08-03,Colusa,011,21464,392,336,0,336,2
2020-08-03,Contra Costa,013,1133247,11033,8069,30,8099,120
2020-08-03,Del Norte,015,27424,90,68,0,68,0
2020-08-03,El Dorado,017,186661,834,645,2,647,1
2020-08-03,Fresno,019,978130,22589,15945,208,16153,151
2020-08-03,Glenn,021,27897,389,316,0,316,1
2020-08-03,Humboldt,023,135768,277,234,1,235,4
2020-08-03,Imperial,025,180216,10489,7953,5,7958,161
2020-08-03,Inyo,027,18085,85,57,1,58,1
2020-08-03,Kern,029,883053,25734,21285,141,21426,176
2020-08-03,Kings,031,150075,4975,4107,26,4133,47
2020-08-03,Lake,033,64148,245,201,0,201,1
2020-08-03,Lassen,035,31185,645,555,2,557,0
2020-08-03,Los Angeles,037,10098052,208437,194103,629,194732,4706
2020-08-03,Madera,039,155013,3033,2143,7,2150,18
2020-08-03,Marin,041,260295,5526,5001,9,5010,43
2020-08-03,Mariposa,043,17540,63,52,0,52,2
2020-08-03,Mendocino,045,87422,354,248,0,248,1
2020-08-03,Merced,047,269075,6243,4028,3,4031,29
2020-08-03,Modoc,049,8938,7,2,0,2,0
2020-08-03,Mono,051,14174,158,104,1,105,1
2020-08-03,Monterey,053,433212,5907,4806,15,4821,28
2020-08-03,Napa,055,140530,1213,973,0,973,8
2020-08-03,Nevada,057,99092,352,315,13,328,2
2020-08-03,Orange,059,3164182,44670,37705,886,38591,651
2020-08-03,Placer,061,380077,2425,1947,3,1950,16
2020-08-03,Plumas,063,18699,36,25,0,25,0
2020-08-03,Riverside,065,2383286,46494,38642,45,38687,740
2020-08-03,Sacramento,067,1510023,13621,10143,13,10156,142
2020-08-03,San Benito,069,59416,754,603,0,603,2
2020-08-03,San Bernardino,071,2135413,41520,33979,188,34167,444
2020-08-03,San Diego,073,3302833,33474,30228,36,30264,565
2020-08-03,San Francisco,075,870044,7682,6319,7,6326,60
2020-08-03,San Joaquin,077,732212,15331,12007,15,12022,189
2020-08-03,San Luis Obispo,079,281455,2317,1863,10,1873,14
2020-08-03,San Mateo,081,765935,6821,5661,7,5668,115
2020-08-03,Santa Barbara,083,443738,7039,6580,66,6646,59
2020-08-03,Santa Clara,085,1922200,13689,10747,32,10779,172
2020-08-03,Santa Cruz,087,273765,1406,1154,8,1162,4
2020-08-03,Shasta,089,179085,512,322,3,325,9
2020-08-03,Sierra,091,2930,5,1,0,1,0
2020-08-03,Siskiyou,093,43540,99,67,0,67,0
2020-08-03,Solano,095,438530,4456,3610,26,3636,29
2020-08-03,Sonoma,097,501317,3989,3079,7,3086,33
2020-08-03,Stanislaus,099,539301,12272,9308,67,9375,96
2020-08-03,Sutter,101,95872,940,713,1,714,6
2020-08-03,Tehama,103,63373,293,225,2,227,1
2020-08-03,Trinity,105,12862,27,5,6,11,0
2020-08-03,Tulare,107,460477,11790,9703,35,9738,188
2020-08-03,Tuolumne,109,53932,158,123,2,125,0
2020-08-03,Ventura,111,848112,9195,8084,32,8116,74
2020-08-03,Yolo,113,214977,1943,1598,3,1601,37
2020-08-03,Yuba,115,75493,550,393,0,393,1
2020-08-02,Alameda,001,1643700,14184,11696,94,11790,188
2020-08-02,Alpine,003,1148,2,2,0,2,0
2020-08-02,Amador,005,37829,194,117,0,117,0
2020-08-02,Butte,007,227075,1217,987,14,1001,9
2020-08-02,Calaveras,009,45235,153,116,0,116,1
2020-08-02,Colusa,011,21464,387,335,0,335,2
2020-08-02,Contra Costa,013,1133247,10794,7995,30,8025,118
2020-08-02,Del Norte,015,27424,89,68,0,68,0
2020-08-02,El Dorado,017,186661,824,643,2,645,1
2020-08-02,Fresno,019,978130,22314,15759,202,15961,151
2020-08-02,Glenn,021,27897,388,315,0,315,1
2020-08-02,Humboldt,023,135768,272,232,1,233,4
2020-08-02,Imperial,025,180216,10426,7919,5,7924,157
2020-08-02,Inyo,027,18085,84,45,1,46,1
2020-08-02,Kern,029,883053,25436,21162,139,21301,176
2020-08-02,Kings,031,150075,4913,3964,25,3989,47
2020-08-02,Lake,033,64148,240,201,0,201,1
2020-08-02,Lassen,035,31185,645,555,2,557,0
2020-08-02,Los Angeles,037,10098052,206350,192480,611,193091,4698
2020-08-02,Madera,039,155013,2967,2123,5,2128,18
2020-08-02,Marin,041,260295,5491,4985,9,4994,43
2020-08-02,Mariposa,043,17540,61,52,0,52,2
2020-08-02,Mendocino,045,87422,344,247,0,247,1
2020-08-02,Merced,047,269075,6101,4011,3,4014,29
2020-08-02,Modoc,049,8938,7,2,0,2,0
2020-08-02,Mono,051,14174,151,104,1,105,1
2020-08-02,Monterey,053,433212,5781,4698,15,4713,28
2020-08-02,Napa,055,140530,1198,956,0,956,8
2020-08-02,Nevada,057,99092,349,314,13,327,2
2020-08-02,Orange,059,3164182,44289,37266,875,38141,651
2020-08-02,Placer,061,380077,2386,1920,3,1923,15
2020-08-02,Plumas,063,18699,36,25,0,25,0
2020-08-02,Riverside,065,2383286,46061,38507,44,38551,735
2020-08-02,Sacramento,067,1510023,13342,10099,13,10112,142
2020-08-02,San Benito,069,59416,740,599,0,599,2
2020-08-02,San Bernardino,071,2135413,40918,33643,184,33827,443
2020-08-02,San Diego,073,3302833,33134,29885,27,29912,565
2020-08-02,San Francisco,075,870044,7564,6297,7,6304,60
2020-08-02,San Joaquin,077,732212,15045,11937,13,11950,189
2020-08-02,San Luis Obispo,079,281455,2254,1821,10,1831,14
2020-08-02,San Mateo,081,765935,6706,5618,7,5625,115
2020-08-02,Santa Barbara,083,443738,6949,6532,66,6598,59
2020-08-02,Santa Clara,085,1922200,13470,10577,32,10609,172
2020-08-02,Santa Cruz,087,273765,1386,1162,8,1170,4
2020-08-02,Shasta,089,179085,508,318,3,321,9
2020-08-02,Sierra,091,2930,4,1,0,1,0
2020-08-02,Siskiyou,093,43540,99,65,0,65,0
2020-08-02,Solano,095,438530,4398,3609,26,3635,29
2020-08-02,Sonoma,097,501317,3905,3005,7,3012,33
2020-08-02,Stanislaus,099,539301,12057,9277,62,9339,96
2020-08-02,Sutter,101,95872,905,714,1,715,6
2020-08-02,Tehama,103,63373,287,222,2,224,1
2020-08-02,Trinity,105,12862,27,5,6,11,0
2020-08-02,Tulare,107,460477,11581,9593,35,9628,188
2020-08-02,Tuolumne,109,53932,155,123,2,125,0
2020-08-02,Ventura,111,848112,9048,8014,32,8046,73
2020-08-02,Yolo,113,214977,1918,1588,3,1591,37
2020-08-02,Yuba,115,75493,530,393,0,393,1
2020-08-01,Alameda,001,1643700,14072,11590,94,11684,188
2020-08-01,Alpine,003,1148,2,2,0,2,0
2020-08-01,Amador,005,37829,190,109,0,109,0
2020-08-01,Butte,007,227075,1203,976,14,990,9
2020-08-01,Calaveras,009,45235,149,116,0,116,1
2020-08-01,Colusa,011,21464,386,327,0,327,2
2020-08-01,Contra Costa,013,1133247,10661,7867,29,7896,116
2020-08-01,Del Norte,015,27424,89,68,0,68,0
2020-08-01,El Dorado,017,186661,821,637,2,639,1
2020-08-01,Fresno,019,978130,22177,15448,202,15650,149
2020-08-01,Glenn,021,27897,387,311,0,311,1
2020-08-01,Humboldt,023,135768,271,232,1,233,4
2020-08-01,Imperial,025,180216,10390,7919,5,7924,156
2020-08-01,Inyo,027,18085,82,45,1,46,1
2020-08-01,Kern,029,883053,25278,20796,135,20931,176
2020-08-01,Kings,031,150075,4887,3948,25,3973,47
2020-08-01,Lake,033,64148,238,194,0,194,1
2020-08-01,Lassen,035,31185,644,555,2,557,0
2020-08-01,Los Angeles,037,10098052,205457,191023,584,191607,4674
2020-08-01,Madera,039,155013,2928,2103,5,2108,18
2020-08-01,Marin,041,260295,5476,4945,9,4954,43
2020-08-01,Mariposa,043,17540,61,50,0,50,2
2020-08-01,Mendocino,045,87422,337,243,0,243,1
2020-08-01,Merced,047,269075,6053,3972,3,3975,29
2020-08-01,Modoc,049,8938,7,2,0,2,0
2020-08-01,Mono,051,14174,150,104,1,105,1
2020-08-01,Monterey,053,433212,5714,4611,14,4625,28
2020-08-01,Napa,055,140530,1189,923,0,923,8
2020-08-01,Nevada,057,99092,345,305,13,318,2
2020-08-01,Orange,059,3164182,44062,36703,869,37572,648
2020-08-01,Placer,061,380077,2352,1891,3,1894,14
2020-08-01,Plumas,063,18699,35,25,0,25,0
2020-08-01,Riverside,065,2383286,45849,38216,42,38258,704
2020-08-01,Sacramento,067,1510023,13191,10044,13,10057,141
2020-08-01,San Benito,069,59416,729,579,0,579,2
2020-08-01,San Bernardino,071,2135413,40682,32947,183,33130,440
2020-08-01,San Diego,073,3302833,32917,29579,19,29598,565
2020-08-01,San Francisco,075,870044,7502,6296,7,6303,60
2020-08-01,San Joaquin,077,732212,14972,11807,12,11819,189
2020-08-01,San Luis Obispo,079,281455,2225,1798,10,1808,13
2020-08-01,San Mateo,081,765935,6652,5520,7,5527,115
2020-08-01,Santa Barbara,083,443738,6909,6465,66,6531,59
2020-08-01,Santa Clara,085,1922200,13319,10281,31,10312,171
2020-08-01,Santa Cruz,087,273765,1370,1164,8,1172,4
2020-08-01,Shasta,089,179085,503,312,3,315,9
2020-08-01,Sierra,091,2930,3,1,0,1,0
2020-08-01,Siskiyou,093,43540,99,64,0,64,0
2020-08-01,Solano,095,438530,4364,3591,25,3616,29
2020-08-01,Sonoma,097,501317,3859,2890,7,2897,29
2020-08-01,Stanislaus,099,539301,11939,9221,54,9275,96
2020-08-01,Sutter,101,95872,901,714,1,715,6
2020-08-01,Tehama,103,63373,284,220,2,222,1
2020-08-01,Trinity,105,12862,27,5,6,11,0
2020-08-01,Tulare,107,460477,11513,9520,35,9555,188
2020-08-01,Tuolumne,109,53932,155,123,2,125,0
2020-08-01,Ventura,111,848112,9002,7819,32,7851,73
2020-08-01,Yolo,113,214977,1908,1557,3,1560,37
2020-08-01,Yuba,115,75493,525,387,0,387,1
2020-07-31,Alameda,001,1643700,13941,11441,94,11535,187
2020-07-31,Alpine,003,1148,2,2,0,2,0
2020-07-31,Amador,005,37829,189,98,0,98,0
2020-07-31,Butte,007,227075,1180,925,14,939,7
2020-07-31,Calaveras,009,45235,149,112,0,112,1
2020-07-31,Colusa,011,21464,376,319,0,319,2
2020-07-31,Contra Costa,013,1133247,10513,7697,28,7725,113
2020-07-31,Del Norte,015,27424,88,68,0,68,0
2020-07-31,El Dorado,017,186661,810,616,2,618,1
2020-07-31,Fresno,019,978130,21957,15083,202,15285,133
2020-07-31,Glenn,021,27897,380,304,0,304,1
2020-07-31,Humboldt,023,135768,264,229,1,230,4
2020-07-31,Imperial,025,180216,10358,7886,5,7891,155
2020-07-31,Inyo,027,18085,72,45,1,46,1
2020-07-31,Kern,029,883053,25037,20061,131,20192,173
2020-07-31,Kings,031,150075,4859,3807,25,3832,45
2020-07-31,Lake,033,64148,237,191,0,191,1
2020-07-31,Lassen,035,31185,639,544,2,546,0
2020-07-31,Los Angeles,037,10098052,203857,188688,571,189259,4628
2020-07-31,Madera,039,155013,2881,2036,5,2041,19
2020-07-31,Marin,041,260295,5432,4885,6,4891,43
2020-07-31,Mariposa,043,17540,61,49,0,49,2
2020-07-31,Mendocino,045,87422,322,232,0,232,1
2020-07-31,Merced,047,269075,5970,3789,3,3792,30
2020-07-31,Modoc,049,8938,6,0,0,0,0
2020-07-31,Mono,051,14174,149,104,1,105,1
2020-07-31,Monterey,053,433212,5622,4493,14,4507,24
2020-07-31,Napa,055,140530,1177,897,0,897,7
2020-07-31,Nevada,057,99092,343,302,13,315,2
2020-07-31,Orange,059,3164182,43763,36196,853,37049,620
2020-07-31,Placer,061,380077,2327,1853,3,1856,14
2020-07-31,Plumas,063,18699,34,25,0,25,0
2020-07-31,Riverside,065,2383286,45459,37612,41,37653,694
2020-07-31,Sacramento,067,1510023,13013,9872,13,9885,132
2020-07-31,San Benito,069,59416,721,567,0,567,2
2020-07-31,San Bernardino,071,2135413,40352,32332,182,32514,434
2020-07-31,San Diego,073,3302833,32683,29050,11,29061,561
2020-07-31,San Francisco,075,870044,7403,6126,7,6133,60
2020-07-31,San Joaquin,077,732212,14832,11561,12,11573,177
2020-07-31,San Luis Obispo,079,281455,2156,1746,10,1756,12
2020-07-31,San Mateo,081,765935,6580,5416,7,5423,115
2020-07-31,Santa Barbara,083,443738,6842,6375,66,6441,58
2020-07-31,Santa Clara,085,1922200,13098,9863,31,9894,171
2020-07-31,Santa Cruz,087,273765,1347,1118,8,1126,4
2020-07-31,Shasta,089,179085,493,305,3,308,9
2020-07-31,Sierra,091,2930,3,1,0,1,0
2020-07-31,Siskiyou,093,43540,97,61,0,61,0
2020-07-31,Solano,095,438530,4317,3510,24,3534,29
2020-07-31,Sonoma,097,501317,3801,2745,7,2752,27
2020-07-31,Stanislaus,099,539301,11832,9061,49,9110,94
2020-07-31,Sutter,101,95872,896,714,1,715,6
2020-07-31,Tehama,103,63373,281,213,2,215,1
2020-07-31,Trinity,105,12862,27,5,6,11,0
2020-07-31,Tulare,107,460477,11392,9365,35,9400,184
2020-07-31,Tuolumne,109,53932,155,120,2,122,0
2020-07-31,Ventura,111,848112,8927,7521,32,7553,71
2020-07-31,Yolo,113,214977,1882,1522,3,1525,38
2020-07-31,Yuba,115,75493,516,369,0,369,1
2020-07-30,Alameda,001,1643700,13738,11303,54,11357,185
2020-07-30,Alpine,003,1148,2,2,0,2,0
2020-07-30,Amador,005,37829,171,97,0,97,0
2020-07-30,Butte,007,227075,1164,915,14,929,7
2020-07-30,Calaveras,009,45235,145,111,0,111,1
2020-07-30,Colusa,011,21464,373,315,0,315,2
2020-07-30,Contra Costa,013,1133247,10328,7615,27,7642,112
2020-07-30,Del Norte,015,27424,88,68,0,68,0
2020-07-30,El Dorado,017,186661,803,608,2,610,1
2020-07-30,Fresno,019,978130,21621,14793,196,14989,133
2020-07-30,Glenn,021,27897,373,297,0,297,1
2020-07-30,Humboldt,023,135768,262,228,1,229,4
2020-07-30,Imperial,025,180216,10299,7849,5,7854,151
2020-07-30,Inyo,027,18085,68,44,1,45,1
2020-07-30,Kern,029,883053,24744,19552,127,19679,171
2020-07-30,Kings,031,150075,4755,3785,25,3810,43
2020-07-30,Lake,033,64148,231,181,0,181,1
2020-07-30,Lassen,035,31185,636,544,2,546,0
2020-07-30,Los Angeles,037,10098052,201826,186177,539,186716,4564
2020-07-30,Madera,039,155013,2811,2007,5,2012,18
2020-07-30,Marin,041,260295,5390,4835,5,4840,39
2020-07-30,Mariposa,043,17540,61,49,0,49,1
2020-07-30,Mendocino,045,87422,315,232,0,232,1
2020-07-30,Merced,047,269075,5805,3695,3,3698,30
2020-07-30,Modoc,049,8938,6,0,0,0,0
2020-07-30,Mono,051,14174,148,104,1,105,1
2020-07-30,Monterey,053,433212,5510,4352,14,4366,24
2020-07-30,Napa,055,140530,1160,874,0,874,7
2020-07-30,Nevada,057,99092,338,292,13,305,2
2020-07-30,Orange,059,3164182,43348,36105,828,36933,607
2020-07-30,Placer,061,380077,2277,1821,3,1824,14
2020-07-30,Plumas,063,18699,33,25,0,25,0
2020-07-30,Riverside,065,2383286,44918,37308,41,37349,685
2020-07-30,Sacramento,067,1510023,12794,9704,13,9717,126
2020-07-30,San Benito,069,59416,708,558,0,558,2
2020-07-30,San Bernardino,071,2135413,39829,32010,182,32192,427
2020-07-30,San Diego,073,3302833,32336,28670,9,28679,558
2020-07-30,San Francisco,075,870044,7303,6107,7,6114,59
2020-07-30,San Joaquin,077,732212,14638,11435,12,11447,161
2020-07-30,San Luis Obispo,079,281455,2120,1703,10,1713,12
2020-07-30,San Mateo,081,765935,6485,5369,7,5376,115
2020-07-30,Santa Barbara,083,443738,6762,6273,66,6339,52
2020-07-30,Santa Clara,085,1922200,12863,9708,30,9738,170
2020-07-30,Santa Cruz,087,273765,1319,1087,8,1095,4
2020-07-30,Shasta,089,179085,489,306,3,309,8
2020-07-30,Sierra,091,2930,3,1,0,1,0
2020-07-30,Siskiyou,093,43540,96,60,0,60,0
2020-07-30,Solano,095,438530,4266,3463,24,3487,29
2020-07-30,Sonoma,097,501317,3730,2684,7,2691,25
2020-07-30,Stanislaus,099,539301,11619,8890,41,8931,94
2020-07-30,Sutter,101,95872,877,698,1,699,6
2020-07-30,Tehama,103,63373,278,208,2,210,1
2020-07-30,Trinity,105,12862,26,4,6,10,0
2020-07-30,Tulare,107,460477,11263,9167,35,9202,177
2020-07-30,Tuolumne,109,53932,154,119,2,121,0
2020-07-30,Ventura,111,848112,8815,7304,30,7334,69
2020-07-30,Yolo,113,214977,1862,1511,3,1514,37
2020-07-30,Yuba,115,75493,503,362,0,362,1
2020-07-29,Alameda,001,1643700,13517,11177,49,11226,180
2020-07-29,Alpine,003,1148,2,2,0,2,0
2020-07-29,Amador,005,37829,163,80,0,80,0
2020-07-29,Butte,007,227075,1138,889,12,901,7
2020-07-29,Calaveras,009,45235,139,107,0,107,1
2020-07-29,Colusa,011,21464,369,302,0,302,2
2020-07-29,Contra Costa,013,1133247,10124,7520,27,7547,108
2020-07-29,Del Norte,015,27424,88,68,0,68,0
2020-07-29,El Dorado,017,186661,793,588,2,590,1
2020-07-29,Fresno,019,978130,21329,14312,196,14508,125
2020-07-29,Glenn,021,27897,366,294,0,294,1
2020-07-29,Humboldt,023,135768,259,221,1,222,4
2020-07-29,Imperial,025,180216,10251,7825,5,7830,147
2020-07-29,Inyo,027,18085,63,44,1,45,1
2020-07-29,Kern,029,883053,24406,19073,124,19197,162
2020-07-29,Kings,031,150075,4707,3755,25,3780,43
2020-07-29,Lake,033,64148,229,179,0,179,1
2020-07-29,Lassen,035,31185,621,513,2,515,0
2020-07-29,Los Angeles,037,10098052,199797,183600,522,184122,4523
2020-07-29,Madera,039,155013,2757,1941,5,1946,18
2020-07-29,Marin,041,260295,5352,4747,5,4752,34
2020-07-29,Mariposa,043,17540,60,47,0,47,1
2020-07-29,Mendocino,045,87422,307,228,0,228,0
2020-07-29,Merced,047,269075,5665,3605,3,3608,25
2020-07-29,Modoc,049,8938,5,0,0,0,0
2020-07-29,Mono,051,14174,145,102,1,103,1
2020-07-29,Monterey,053,433212,5410,4252,14,4266,24
2020-07-29,Napa,055,140530,1132,866,0,866,7
2020-07-29,Nevada,057,99092,334,288,13,301,1
2020-07-29,Orange,059,3164182,42914,35339,816,36155,589
2020-07-29,Placer,061,380077,2245,1798,3,1801,14
2020-07-29,Plumas,063,18699,33,25,0,25,0
2020-07-29,Riverside,065,2383286,44326,36968,41,37009,678
2020-07-29,Sacramento,067,1510023,12548,9538,13,9551,122
2020-07-29,San Benito,069,59416,693,537,0,537,2
2020-07-29,San Bernardino,071,2135413,39340,31168,171,31339,417
2020-07-29,San Diego,073,3302833,32011,28289,8,28297,552
2020-07-29,San Francisco,075,870044,7209,6041,7,6048,56
2020-07-29,San Joaquin,077,732212,14390,11249,9,11258,154
2020-07-29,San Luis Obispo,079,281455,2099,1673,10,1683,11
2020-07-29,San Mateo,081,765935,6397,5305,7,5312,114
2020-07-29,Santa Barbara,083,443738,6695,6215,66,6281,31
2020-07-29,Santa Clara,085,1922200,12656,9567,30,9597,165
2020-07-29,Santa Cruz,087,273765,1295,1051,8,1059,4
2020-07-29,Shasta,089,179085,477,297,3,300,8
2020-07-29,Sierra,091,2930,2,1,0,1,0
2020-07-29,Siskiyou,093,43540,94,58,0,58,0
2020-07-29,Solano,095,438530,4212,3380,24,3404,29
2020-07-29,Sonoma,097,501317,3652,2598,7,2605,26
2020-07-29,Stanislaus,099,539301,11398,8745,35,8780,94
2020-07-29,Sutter,101,95872,849,678,1,679,6
2020-07-29,Tehama,103,63373,274,206,2,208,1
2020-07-29,Trinity,105,12862,26,4,6,10,0
2020-07-29,Tulare,107,460477,11092,9028,35,9063,156
2020-07-29,Tuolumne,109,53932,154,118,2,120,0
2020-07-29,Ventura,111,848112,8710,7161,30,7191,68
2020-07-29,Yolo,113,214977,1836,1488,3,1491,36
2020-07-29,Yuba,115,75493,487,350,0,350,1
2020-07-28,Alameda,001,1643700,13287,10875,48,10923,180
2020-07-28,Alpine,003,1148,2,2,0,2,0
2020-07-28,Amador,005,37829,153,77,0,77,0
2020-07-28,Butte,007,227075,1103,857,12,869,7
2020-07-28,Calaveras,009,45235,138,105,0,105,1
2020-07-28,Colusa,011,21464,363,290,0,290,2
2020-07-28,Contra Costa,013,1133247,9902,7426,27,7453,107
2020-07-28,Del Norte,015,27424,87,68,0,68,0
2020-07-28,El Dorado,017,186661,778,558,2,560,1
2020-07-28,Fresno,019,978130,20993,13933,190,14123,125
2020-07-28,Glenn,021,27897,364,289,0,289,1
2020-07-28,Humboldt,023,135768,258,218,1,219,4
2020-07-28,Imperial,025,180216,10215,7804,5,7809,145
2020-07-28,Inyo,027,18085,61,43,1,44,1
2020-07-28,Kern,029,883053,24043,18834,118,18952,155
2020-07-28,Kings,031,150075,4661,3721,25,3746,41
2020-07-28,Lake,033,64148,225,179,0,179,1
2020-07-28,Lassen,035,31185,615,508,2,510,0
2020-07-28,Los Angeles,037,10098052,197566,179107,499,179606,4435
2020-07-28,Madera,039,155013,2691,1889,5,1894,18
2020-07-28,Marin,041,260295,5283,4698,5,4703,23
2020-07-28,Mariposa,043,17540,58,45,0,45,1
2020-07-28,Mendocino,045,87422,296,222,0,222,0
2020-07-28,Merced,047,269075,5520,3446,3,3449,23
2020-07-28,Modoc,049,8938,4,0,0,0,0
2020-07-28,Mono,051,14174,144,102,1,103,1
2020-07-28,Monterey,053,433212,5290,4047,14,4061,22
2020-07-28,Napa,055,140530,1110,824,0,824,6
2020-07-28,Nevada,057,99092,329,278,13,291,1
2020-07-28,Orange,059,3164182,42456,34832,802,35634,582
2020-07-28,Placer,061,380077,2209,1759,3,1762,14
2020-07-28,Plumas,063,18699,33,22,0,22,0
2020-07-28,Riverside,065,2383286,43724,36458,41,36499,668
2020-07-28,Sacramento,067,1510023,12289,9429,12,9441,117
2020-07-28,San Benito,069,59416,683,503,0,503,2
2020-07-28,San Bernardino,071,2135413,38817,30493,167,30660,412
2020-07-28,San Diego,073,3302833,31661,28007,6,28013,547
2020-07-28,San Francisco,075,870044,7096,5888,7,5895,56
2020-07-28,San Joaquin,077,732212,14107,10958,7,10965,141
2020-07-28,San Luis Obispo,079,281455,2066,1636,10,1646,9
2020-07-28,San Mateo,081,765935,6324,5171,7,5178,114
2020-07-28,Santa Barbara,083,443738,6632,6110,64,6174,31
2020-07-28,Santa Clara,085,1922200,12422,9307,30,9337,165
2020-07-28,Santa Cruz,087,273765,1268,1018,8,1026,4
2020-07-28,Shasta,089,179085,465,275,3,278,8
2020-07-28,Sierra,091,2930,2,1,0,1,0
2020-07-28,Siskiyou,093,43540,90,57,0,57,0
2020-07-28,Solano,095,438530,4165,3292,23,3315,29
2020-07-28,Sonoma,097,501317,3578,2553,7,2560,20
2020-07-28,Stanislaus,099,539301,11176,8492,27,8519,92
2020-07-28,Sutter,101,95872,812,653,0,653,2
2020-07-28,Tehama,103,63373,269,199,2,201,1
2020-07-28,Trinity,105,12862,26,3,6,9,0
2020-07-28,Tulare,107,460477,10905,8787,35,8822,96
2020-07-28,Tuolumne,109,53932,153,116,2,118,0
2020-07-28,Ventura,111,848112,8584,7045,29,7074,68
2020-07-28,Yolo,113,214977,1808,1459,3,1462,36
2020-07-28,Yuba,115,75493,470,333,0,333,1
2020-07-27,Alameda,001,1643700,13060,10645,45,10690,176
2020-07-27,Alpine,003,1148,2,2,0,2,0
2020-07-27,Amador,005,37829,148,72,0,72,0
2020-07-27,Butte,007,227075,1076,843,12,855,7
2020-07-27,Calaveras,009,45235,134,103,0,103,1
2020-07-27,Colusa,011,21464,356,271,0,271,2
2020-07-27,Contra Costa,013,1133247,9680,7256,27,7283,104
2020-07-27,Del Norte,015,27424,86,67,0,67,0
2020-07-27,El Dorado,017,186661,766,548,2,550,1
2020-07-27,Fresno,019,978130,20645,13485,184,13669,117
2020-07-27,Glenn,021,27897,362,277,0,277,1
2020-07-27,Humboldt,023,135768,253,218,1,219,4
2020-07-27,Imperial,025,180216,10165,7789,5,7794,144
2020-07-27,Inyo,027,18085,61,43,1,44,1
2020-07-27,Kern,029,883053,23541,17994,112,18106,148
2020-07-27,Kings,031,150075,4412,3685,25,3710,39
2020-07-27,Lake,033,64148,221,176,0,176,1
2020-07-27,Lassen,035,31185,615,503,2,505,0
2020-07-27,Los Angeles,037,10098052,195138,176351,481,176832,4379
2020-07-27,Madera,039,155013,2626,1793,5,1798,17
2020-07-27,Marin,041,260295,5195,4669,5,4674,22
2020-07-27,Mariposa,043,17540,58,43,0,43,1
2020-07-27,Mendocino,045,87422,282,209,0,209,0
2020-07-27,Merced,047,269075,5380,3292,3,3295,23
2020-07-27,Modoc,049,8938,3,0,0,0,0
2020-07-27,Mono,051,14174,140,99,1,100,1
2020-07-27,Monterey,053,433212,5101,3960,14,3974,21
2020-07-27,Napa,055,140530,1095,769,0,769,6
2020-07-27,Nevada,057,99092,325,268,13,281,1
2020-07-27,Orange,059,3164182,42016,34649,786,35435,566
2020-07-27,Placer,061,380077,2159,1679,3,1682,12
2020-07-27,Plumas,063,18699,33,22,0,22,0
2020-07-27,Riverside,065,2383286,43045,35822,41,35863,667
2020-07-27,Sacramento,067,1510023,11996,9091,12,9103,114
2020-07-27,San Benito,069,59416,668,498,0,498,2
2020-07-27,San Bernardino,071,2135413,38224,29928,157,30085,401
2020-07-27,San Diego,073,3302833,31287,27509,5,27514,533
2020-07-27,San Francisco,075,870044,7009,5825,7,5832,55
2020-07-27,San Joaquin,077,732212,13818,10728,7,10735,129
2020-07-27,San Luis Obispo,079,281455,2021,1612,10,1622,9
2020-07-27,San Mateo,081,765935,6215,5108,7,5115,113
2020-07-27,Santa Barbara,083,443738,6553,6026,62,6088,30
2020-07-27,Santa Clara,085,1922200,12153,9157,29,9186,166
2020-07-27,Santa Cruz,087,273765,1244,984,8,992,4
2020-07-27,Shasta,089,179085,458,275,3,278,8
2020-07-27,Sierra,091,2930,2,1,0,1,0
2020-07-27,Siskiyou,093,43540,88,54,0,54,0
2020-07-27,Solano,095,438530,4098,3198,22,3220,29
2020-07-27,Sonoma,097,501317,3487,2504,7,2511,20
2020-07-27,Stanislaus,099,539301,10950,8288,19,8307,84
2020-07-27,Sutter,101,95872,786,620,0,620,2
2020-07-27,Tehama,103,63373,261,192,2,194,1
2020-07-27,Trinity,105,12862,26,3,6,9,0
2020-07-27,Tulare,107,460477,10687,8462,35,8497,172
2020-07-27,Tuolumne,109,53932,150,115,2,117,0
2020-07-27,Ventura,111,848112,8456,6998,28,7026,68
2020-07-27,Yolo,113,214977,1763,1439,3,1442,33
2020-07-27,Yuba,115,75493,450,328,0,328,1
2020-07-26,Alameda,001,1643700,12822,10489,44,10533,176
2020-07-26,Alpine,003,1148,2,2,0,2,0
2020-07-26,Amador,005,37829,142,67,0,67,0
2020-07-26,Butte,007,227075,1039,822,12,834,5
2020-07-26,Calaveras,009,45235,131,103,0,103,1
2020-07-26,Colusa,011,21464,347,270,0,270,2
2020-07-26,Contra Costa,013,1133247,9443,7095,27,7122,104
2020-07-26,Del Norte,015,27424,84,67,0,67,0
2020-07-26,El Dorado,017,186661,748,539,2,541,1
2020-07-26,Fresno,019,978130,20254,13209,176,13385,117
2020-07-26,Glenn,021,27897,354,265,0,265,1
2020-07-26,Humboldt,023,135768,247,214,1,215,4
2020-07-26,Imperial,025,180216,10092,7781,5,7786,144
2020-07-26,Inyo,027,18085,56,43,1,44,1
2020-07-26,Kern,029,883053,23016,17394,109,17503,148
2020-07-26,Kings,031,150075,4353,3591,25,3616,39
2020-07-26,Lake,033,64148,213,174,0,174,1
2020-07-26,Lassen,035,31185,574,503,2,505,0
2020-07-26,Los Angeles,037,10098052,192569,174322,463,174785,4364
2020-07-26,Madera,039,155013,2539,1744,5,1749,17
2020-07-26,Marin,041,260295,5149,4595,5,4600,22
2020-07-26,Mariposa,043,17540,56,43,0,43,1
2020-07-26,Mendocino,045,87422,273,206,0,206,0
2020-07-26,Merced,047,269075,5200,3251,2,3253,23
2020-07-26,Modoc,049,8938,3,0,0,0,0
2020-07-26,Mono,051,14174,136,82,1,83,1
2020-07-26,Monterey,053,433212,4935,3901,14,3915,21
2020-07-26,Napa,055,140530,1076,769,0,769,6
2020-07-26,Nevada,057,99092,322,261,13,274,1
2020-07-26,Orange,059,3164182,41491,34352,754,35106,564
2020-07-26,Placer,061,380077,2095,1628,3,1631,12
2020-07-26,Plumas,063,18699,33,22,0,22,0
2020-07-26,Riverside,065,2383286,42484,35636,41,35677,665
2020-07-26,Sacramento,067,1510023,11691,8972,12,8984,114
2020-07-26,San Benito,069,59416,656,495,0,495,2
2020-07-26,San Bernardino,071,2135413,37583,29545,148,29693,400
2020-07-26,San Diego,073,3302833,30891,26986,4,26990,533
2020-07-26,San Francisco,075,870044,6901,5823,7,5830,55
2020-07-26,San Joaquin,077,732212,13525,10637,7,10644,129
2020-07-26,San Luis Obispo,079,281455,1978,1565,10,1575,8
2020-07-26,San Mateo,081,765935,6109,5078,7,5085,113
2020-07-26,Santa Barbara,083,443738,6452,5939,62,6001,30
2020-07-26,Santa Clara,085,1922200,11924,8986,29,9015,166
2020-07-26,Santa Cruz,087,273765,1217,970,8,978,4
2020-07-26,Shasta,089,179085,451,265,3,268,8
2020-07-26,Sierra,091,2930,2,1,0,1,0
2020-07-26,Siskiyou,093,43540,86,54,0,54,0
2020-07-26,Solano,095,438530,4018,3197,20,3217,29
2020-07-26,Sonoma,097,501317,3398,2503,6,2509,20
2020-07-26,Stanislaus,099,539301,10689,8228,18,8246,84
2020-07-26,Sutter,101,95872,772,612,0,612,2
2020-07-26,Tehama,103,63373,254,175,2,177,1
2020-07-26,Trinity,105,12862,26,3,6,9,0
2020-07-26,Tulare,107,460477,10481,8392,35,8427,172
2020-07-26,Tuolumne,109,53932,145,113,2,115,0
2020-07-26,Ventura,111,848112,8249,6844,28,6872,67
2020-07-26,Yolo,113,214977,1732,1408,3,1411,33
2020-07-26,Yuba,115,75493,431,313,0,313,1
2020-07-25,Alameda,001,1643700,12725,10361,42,10403,176
2020-07-25,Alpine,003,1148,2,2,0,2,0
2020-07-25,Amador,005,37829,139,67,0,67,0
2020-07-25,Butte,007,227075,1030,810,12,822,5
2020-07-25,Calaveras,009,45235,127,103,0,103,1
2020-07-25,Colusa,011,21464,340,265,0,265,2
2020-07-25,Contra Costa,013,1133247,9298,6920,27,6947,104
2020-07-25,Del Norte,015,27424,84,67,0,67,0
2020-07-25,El Dorado,017,186661,737,528,2,530,1
2020-07-25,Fresno,019,978130,20067,12866,176,13042,117
2020-07-25,Glenn,021,27897,352,260,0,260,1
2020-07-25,Humboldt,023,135768,244,212,1,213,4
2020-07-25,Imperial,025,180216,10066,7727,5,7732,144
2020-07-25,Inyo,027,18085,55,43,1,44,1
2020-07-25,Kern,029,883053,22798,16910,108,17018,148
2020-07-25,Kings,031,150075,4336,3516,25,3541,39
2020-07-25,Lake,033,64148,211,173,0,173,1
2020-07-25,Lassen,035,31185,574,503,2,505,0
2020-07-25,Los Angeles,037,10098052,191438,172611,456,173067,4357
2020-07-25,Madera,039,155013,2507,1724,5,1729,17
2020-07-25,Marin,041,260295,5133,4562,5,4567,22
2020-07-25,Mariposa,043,17540,55,43,0,43,1
2020-07-25,Mendocino,045,87422,267,190,0,190,0
2020-07-25,Merced,047,269075,5121,3176,2,3178,23
2020-07-25,Modoc,049,8938,3,0,0,0,0
2020-07-25,Mono,051,14174,136,82,1,83,1
2020-07-25,Monterey,053,433212,4858,3805,14,3819,21
2020-07-25,Napa,055,140530,1063,746,0,746,6
2020-07-25,Nevada,057,99092,320,257,13,270,1
2020-07-25,Orange,059,3164182,41272,33978,733,34711,561
2020-07-25,Placer,061,380077,2079,1596,3,1599,12
2020-07-25,Plumas,063,18699,33,22,0,22,0
2020-07-25,Riverside,065,2383286,42215,34921,41,34962,655
2020-07-25,Sacramento,067,1510023,11545,8674,12,8686,113
2020-07-25,San Benito,069,59416,640,492,0,492,2
2020-07-25,San Bernardino,071,2135413,37305,29265,145,29410,394
2020-07-25,San Diego,073,3302833,30630,26703,3,26706,533
2020-07-25,San Francisco,075,870044,6843,5644,7,5651,55
2020-07-25,San Joaquin,077,732212,13399,10347,6,10353,129
2020-07-25,San Luis Obispo,079,281455,1958,1530,9,1539,8
2020-07-25,San Mateo,081,765935,6046,5023,7,5030,113
2020-07-25,Santa Barbara,083,443738,6417,5880,62,5942,30
2020-07-25,Santa Clara,085,1922200,11790,8767,29,8796,166
2020-07-25,Santa Cruz,087,273765,1200,939,8,947,4
2020-07-25,Shasta,089,179085,446,263,1,264,8
2020-07-25,Sierra,091,2930,2,1,0,1,0
2020-07-25,Siskiyou,093,43540,84,54,0,54,0
2020-07-25,Solano,095,438530,3978,3107,18,3125,29
2020-07-25,Sonoma,097,501317,3359,2412,6,2418,20
2020-07-25,Stanislaus,099,539301,10586,7994,15,8009,84
2020-07-25,Sutter,101,95872,753,603,0,603,2
2020-07-25,Tehama,103,63373,253,169,2,171,1
2020-07-25,Trinity,105,12862,26,3,6,9,0
2020-07-25,Tulare,107,460477,10381,8310,35,8345,172
2020-07-25,Tuolumne,109,53932,144,99,2,101,0
2020-07-25,Ventura,111,848112,8176,6662,28,6690,62
2020-07-25,Yolo,113,214977,1717,1357,3,1360,35
2020-07-25,Yuba,115,75493,425,312,0,312,1
2020-07-24,Alameda,001,1643700,12583,10216,39,10255,176
2020-07-24,Alpine,003,1148,2,2,0,2,0
2020-07-24,Amador,005,37829,137,66,0,66,0
2020-07-24,Butte,007,227075,1018,751,12,763,5
2020-07-24,Calaveras,009,45235,123,102,0,102,0
2020-07-24,Colusa,011,21464,337,255,0,255,2
2020-07-24,Contra Costa,013,1133247,9152,6814,27,6841,100
2020-07-24,Del Norte,015,27424,84,66,0,66,0
2020-07-24,El Dorado,017,186661,715,516,2,518,1
2020-07-24,Fresno,019,978130,19841,12564,176,12740,115
2020-07-24,Glenn,021,27897,349,251,0,251,1
2020-07-24,Humboldt,023,135768,241,210,1,211,4
2020-07-24,Imperial,025,180216,10044,7686,5,7691,141
2020-07-24,Inyo,027,18085,55,41,1,42,1
2020-07-24,Kern,029,883053,22557,16124,108,16232,143
2020-07-24,Kings,031,150075,4306,3471,25,3496,39
2020-07-24,Lake,033,64148,209,167,0,167,1
2020-07-24,Lassen,035,31185,574,503,2,505,0
2020-07-24,Los Angeles,037,10098052,189420,169078,445,169523,4302
2020-07-24,Madera,039,155013,2474,1679,5,1684,16
2020-07-24,Marin,041,260295,5106,4517,5,4522,22
2020-07-24,Mariposa,043,17540,55,41,0,41,1
2020-07-24,Mendocino,045,87422,260,188,0,188,0
2020-07-24,Merced,047,269075,5036,3100,2,3102,23
2020-07-24,Modoc,049,8938,3,0,0,0,0
2020-07-24,Mono,051,14174,135,82,1,83,1
2020-07-24,Monterey,053,433212,4786,3748,14,3762,21
2020-07-24,Napa,055,140530,1050,741,0,741,6
2020-07-24,Nevada,057,99092,317,255,13,268,1
2020-07-24,Orange,059,3164182,40985,33530,717,34247,557
2020-07-24,Placer,061,380077,2048,1551,3,1554,12
2020-07-24,Plumas,063,18699,33,22,0,22,0
2020-07-24,Riverside,065,2383286,41792,34513,40,34553,631
2020-07-24,Sacramento,067,1510023,11357,8570,12,8582,110
2020-07-24,San Benito,069,59416,633,485,0,485,2
2020-07-24,San Bernardino,071,2135413,36932,28990,140,29130,386
2020-07-24,San Diego,073,3302833,30330,26100,3,26103,524
2020-07-24,San Francisco,075,870044,6749,5611,7,5618,55
2020-07-24,San Joaquin,077,732212,13250,10190,6,10196,118
2020-07-24,San Luis Obispo,079,281455,1934,1476,9,1485,8
2020-07-24,San Mateo,081,765935,5983,4954,7,4961,112
2020-07-24,Santa Barbara,083,443738,6364,5776,60,5836,30
2020-07-24,Santa Clara,085,1922200,11625,8658,29,8687,165
2020-07-24,Santa Cruz,087,273765,1180,930,8,938,4
2020-07-24,Shasta,089,179085,438,262,1,263,8
2020-07-24,Sierra,091,2930,2,1,0,1,0
2020-07-24,Siskiyou,093,43540,84,53,0,53,0
2020-07-24,Solano,095,438530,3942,3062,15,3077,29
2020-07-24,Sonoma,097,501317,3307,2345,6,2351,20
2020-07-24,Stanislaus,099,539301,10414,7861,12,7873,82
2020-07-24,Sutter,101,95872,742,593,0,593,2
2020-07-24,Tehama,103,63373,245,170,2,172,1
2020-07-24,Trinity,105,12862,25,3,6,9,0
2020-07-24,Tulare,107,460477,10287,8167,33,8200,167
2020-07-24,Tuolumne,109,53932,138,99,2,101,0
2020-07-24,Ventura,111,848112,8091,6553,28,6581,60
2020-07-24,Yolo,113,214977,1703,1329,3,1332,35
2020-07-24,Yuba,115,75493,410,307,0,307,1
2020-07-23,Alameda,001,1643700,12342,9924,39,9963,171
2020-07-23,Alpine,003,1148,2,2,0,2,0
2020-07-23,Amador,005,37829,120,61,0,61,0
2020-07-23,Butte,007,227075,1003,726,11,737,5
2020-07-23,Calaveras,009,45235,116,102,0,102,0
2020-07-23,Colusa,011,21464,329,242,0,242,2
2020-07-23,Contra Costa,013,1133247,8952,6619,25,6644,98
2020-07-23,Del Norte,015,27424,84,66,0,66,0
2020-07-23,El Dorado,017,186661,704,491,2,493,1
2020-07-23,Fresno,019,978130,19485,12164,173,12337,112
2020-07-23,Glenn,021,27897,344,246,0,246,1
2020-07-23,Humboldt,023,135768,240,208,1,209,4
2020-07-23,Imperial,025,180216,9994,7604,5,7609,138
2020-07-23,Inyo,027,18085,53,38,1,39,1
2020-07-23,Kern,029,883053,22150,14491,104,14595,128
2020-07-23,Kings,031,150075,4194,3371,25,3396,39
2020-07-23,Lake,033,64148,200,160,0,160,1
2020-07-23,Lassen,035,31185,571,503,2,505,0
2020-07-23,Los Angeles,037,10098052,186872,167198,418,167616,4265
2020-07-23,Madera,039,155013,2408,1659,4,1663,13
2020-07-23,Marin,041,260295,5054,4423,5,4428,22
2020-07-23,Mariposa,043,17540,55,40,0,40,1
2020-07-23,Mendocino,045,87422,250,178,0,178,0
2020-07-23,Merced,047,269075,4879,2972,2,2974,22
2020-07-23,Modoc,049,8938,3,0,0,0,0
2020-07-23,Mono,051,14174,131,82,1,83,1
2020-07-23,Monterey,053,433212,4669,3655,14,3669,21
2020-07-23,Napa,055,140530,1026,713,0,713,5
2020-07-23,Nevada,057,99092,314,247,13,260,1
2020-07-23,Orange,059,3164182,40488,32863,687,33550,544
2020-07-23,Placer,061,380077,2005,1519,3,1522,12
2020-07-23,Plumas,063,18699,32,21,0,21,0
2020-07-23,Riverside,065,2383286,41187,33833,40,33873,630
2020-07-23,Sacramento,067,1510023,11124,8222,12,8234,108
2020-07-23,San Benito,069,59416,618,478,0,478,2
2020-07-23,San Bernardino,071,2135413,36412,28121,134,28255,369
2020-07-23,San Diego,073,3302833,29956,25109,3,25112,505
2020-07-23,San Francisco,075,870044,6648,5543,7,5550,55
2020-07-23,San Joaquin,077,732212,13031,9861,6,9867,111
2020-07-23,San Luis Obispo,079,281455,1905,1438,9,1447,7
2020-07-23,San Mateo,081,765935,5878,4895,7,4902,113
2020-07-23,Santa Barbara,083,443738,6291,5628,60,5688,30
2020-07-23,Santa Clara,085,1922200,11407,8458,29,8487,165
2020-07-23,Santa Cruz,087,273765,1144,887,8,895,3
2020-07-23,Shasta,089,179085,427,254,1,255,9
2020-07-23,Sierra,091,2930,2,1,0,1,0
2020-07-23,Siskiyou,093,43540,82,53,0,53,0
2020-07-23,Solano,095,438530,3878,2962,13,2975,29
2020-07-23,Sonoma,097,501317,3231,2289,6,2295,18
2020-07-23,Stanislaus,099,539301,10172,7603,12,7615,71
2020-07-23,Sutter,101,95872,709,570,0,570,2
2020-07-23,Tehama,103,63373,239,158,2,160,1
2020-07-23,Trinity,105,12862,24,3,6,9,0
2020-07-23,Tulare,107,460477,10098,7898,33,7931,168
2020-07-23,Tuolumne,109,53932,138,93,2,95,0
2020-07-23,Ventura,111,848112,7967,6303,28,6331,56
2020-07-23,Yolo,113,214977,1684,1279,3,1282,35
2020-07-23,Yuba,115,75493,390,297,0,297,1
2020-07-22,Alameda,001,1643700,12123,9678,38,9716,169
2020-07-22,Alpine,003,1148,2,2,0,2,0
2020-07-22,Amador,005,37829,118,58,0,58,0
2020-07-22,Butte,007,227075,967,694,11,705,5
2020-07-22,Calaveras,009,45235,116,98,0,98,0
2020-07-22,Colusa,011,21464,322,236,0,236,0
2020-07-22,Contra Costa,013,1133247,8726,6401,25,6426,98
2020-07-22,Del Norte,015,27424,84,66,0,66,0
2020-07-22,El Dorado,017,186661,691,466,2,468,1
2020-07-22,Fresno,019,978130,19122,11756,167,11923,110
2020-07-22,Glenn,021,27897,338,236,0,236,1
2020-07-22,Humboldt,023,135768,238,201,1,202,4
2020-07-22,Imperial,025,180216,9934,7533,5,7538,134
2020-07-22,Inyo,027,18085,49,38,1,39,1
2020-07-22,Kern,029,883053,21718,13513,96,13609,127
2020-07-22,Kings,031,150075,4138,3271,25,3296,38
2020-07-22,Lake,033,64148,197,160,0,160,1
2020-07-22,Lassen,035,31185,568,500,2,502,0
2020-07-22,Los Angeles,037,10098052,184220,165242,395,165637,4218
2020-07-22,Madera,039,155013,2333,1578,4,1582,10
2020-07-22,Marin,041,260295,4998,4373,5,4378,23
2020-07-22,Mariposa,043,17540,55,38,0,38,1
2020-07-22,Mendocino,045,87422,243,166,0,166,0
2020-07-22,Merced,047,269075,4753,2828,2,2830,15
2020-07-22,Modoc,049,8938,3,0,0,0,0
2020-07-22,Mono,051,14174,128,82,1,83,1
2020-07-22,Monterey,053,433212,4568,3533,14,3547,20
2020-07-22,Napa,055,140530,1004,687,0,687,5
2020-07-22,Nevada,057,99092,308,239,12,251,1
2020-07-22,Orange,059,3164182,39989,32047,678,32725,522
2020-07-22,Placer,061,380077,1949,1469,3,1472,12
2020-07-22,Plumas,063,18699,31,20,0,20,0
2020-07-22,Riverside,065,2383286,40551,33093,40,33133,612
2020-07-22,Sacramento,067,1510023,10862,8028,11,8039,106
2020-07-22,San Benito,069,59416,604,465,0,465,2
2020-07-22,San Bernardino,071,2135413,35890,26820,123,26943,348
2020-07-22,San Diego,073,3302833,29568,25109,2,25111,505
2020-07-22,San Francisco,075,870044,6544,5473,6,5479,53
2020-07-22,San Joaquin,077,732212,12755,9628,6,9634,102
2020-07-22,San Luis Obispo,079,281455,1859,1373,9,1382,7
2020-07-22,San Mateo,081,765935,5789,4796,7,4803,112
2020-07-22,Santa Barbara,083,443738,6207,5508,58,5566,29
2020-07-22,Santa Clara,085,1922200,11162,8266,29,8295,166
2020-07-22,Santa Cruz,087,273765,1120,866,8,874,3
2020-07-22,Shasta,089,179085,417,246,1,247,9
2020-07-22,Sierra,091,2930,1,1,0,1,0
2020-07-22,Siskiyou,093,43540,81,52,0,52,0
2020-07-22,Solano,095,438530,3817,2839,12,2851,29
2020-07-22,Sonoma,097,501317,3154,2255,6,2261,17
2020-07-22,Stanislaus,099,539301,10001,7401,12,7413,71
2020-07-22,Sutter,101,95872,685,551,0,551,2
2020-07-22,Tehama,103,63373,231,155,2,157,1
2020-07-22,Trinity,105,12862,23,3,6,9,0
2020-07-22,Tulare,107,460477,9865,7640,33,7673,167
2020-07-22,Tuolumne,109,53932,134,91,2,93,0
2020-07-22,Ventura,111,848112,7839,6223,26,6249,56
2020-07-22,Yolo,113,214977,1641,1233,3,1236,34
2020-07-22,Yuba,115,75493,375,288,0,288,1
2020-07-21,Alameda,001,1643700,11909,9390,38,9428,166
2020-07-21,Alpine,003,1148,2,2,0,2,0
2020-07-21,Amador,005,37829,113,55,0,55,0
2020-07-21,Butte,007,227075,922,659,10,669,5
2020-07-21,Calaveras,009,45235,110,96,0,96,0
2020-07-21,Colusa,011,21464,298,227,0,227,0
2020-07-21,Contra Costa,013,1133247,8484,6210,25,6235,98
2020-07-21,Del Norte,015,27424,84,66,0,66,0
2020-07-21,El Dorado,017,186661,683,440,2,442,1
2020-07-21,Fresno,019,978130,18723,11412,161,11573,107
2020-07-21,Glenn,021,27897,331,229,0,229,1
2020-07-21,Humboldt,023,135768,236,198,1,199,4
2020-07-21,Imperial,025,180216,9885,7458,5,7463,128
2020-07-21,Inyo,027,18085,48,38,1,39,1
2020-07-21,Kern,029,883053,21296,11998,90,12088,119
2020-07-21,Kings,031,150075,4073,3187,24,3211,38
2020-07-21,Lake,033,64148,197,157,0,157,1
2020-07-21,Lassen,035,31185,566,474,2,476,0
2020-07-21,Los Angeles,037,10098052,181232,162205,372,162577,4159
2020-07-21,Madera,039,155013,2268,1508,3,1511,10
2020-07-21,Marin,041,260295,4926,4318,5,4323,21
2020-07-21,Mariposa,043,17540,54,37,0,37,1
2020-07-21,Mendocino,045,87422,232,160,0,160,0
2020-07-21,Merced,047,269075,4574,2725,2,2727,15
2020-07-21,Modoc,049,8938,3,0,0,0,0
2020-07-21,Mono,051,14174,124,79,1,80,1
2020-07-21,Monterey,053,433212,4436,3404,13,3417,20
2020-07-21,Napa,055,140530,977,660,0,660,5
2020-07-21,Nevada,057,99092,306,228,10,238,1
2020-07-21,Orange,059,3164182,39492,31356,646,32002,515
2020-07-21,Placer,061,380077,1908,1413,3,1416,11
2020-07-21,Plumas,063,18699,31,19,0,19,0
2020-07-21,Riverside,065,2383286,39849,32231,40,32271,583
2020-07-21,Sacramento,067,1510023,10590,7789,10,7799,102
2020-07-21,San Benito,069,59416,593,444,0,444,2
2020-07-21,San Bernardino,071,2135413,35241,25323,116,25439,343
2020-07-21,San Diego,073,3302833,29119,24522,2,24524,487
2020-07-21,San Francisco,075,870044,6435,5377,6,5383,53
2020-07-21,San Joaquin,077,732212,12426,9150,6,9156,99
2020-07-21,San Luis Obispo,079,281455,1810,1338,9,1347,7
2020-07-21,San Mateo,081,765935,5697,4733,7,4740,111
2020-07-21,Santa Barbara,083,443738,6127,5422,57,5479,29
2020-07-21,Santa Clara,085,1922200,10899,7989,29,8018,164
2020-07-21,Santa Cruz,087,273765,1087,835,8,843,3
2020-07-21,Shasta,089,179085,409,241,1,242,9
2020-07-21,Sierra,091,2930,1,1,0,1,0
2020-07-21,Siskiyou,093,43540,81,48,0,48,0
2020-07-21,Solano,095,438530,3744,2727,12,2739,27
2020-07-21,Sonoma,097,501317,3097,2200,6,2206,17
2020-07-21,Stanislaus,099,539301,9738,6984,12,6996,69
2020-07-21,Sutter,101,95872,669,533,0,533,2
2020-07-21,Tehama,103,63373,221,150,2,152,1
2020-07-21,Trinity,105,12862,23,2,6,8,0
2020-07-21,Tulare,107,460477,9663,7447,33,7480,167
2020-07-21,Tuolumne,109,53932,132,75,2,77,0
2020-07-21,Ventura,111,848112,7707,6131,26,6157,55
2020-07-21,Yolo,113,214977,1587,1204,3,1207,34
2020-07-21,Yuba,115,75493,369,269,0,269,1
2020-07-20,Alameda,001,1643700,11655,9244,37,9281,162
2020-07-20,Alpine,003,1148,2,2,0,2,0
2020-07-20,Amador,005,37829,110,53,0,53,0
2020-07-20,Butte,007,227075,885,586,10,596,4
2020-07-20,Calaveras,009,45235,107,90,0,90,0
2020-07-20,Colusa,011,21464,287,217,0,217,0
2020-07-20,Contra Costa,013,1133247,8276,5823,25,5848,97
2020-07-20,Del Norte,015,27424,84,61,0,61,0
2020-07-20,El Dorado,017,186661,660,407,2,409,0
2020-07-20,Fresno,019,978130,18282,10891,160,11051,106
2020-07-20,Glenn,021,27897,323,225,0,225,1
2020-07-20,Humboldt,023,135768,229,194,1,195,4
2020-07-20,Imperial,025,180216,9845,7337,5,7342,124
2020-07-20,Inyo,027,18085,46,38,1,39,1
2020-07-20,Kern,029,883053,20786,10908,86,10994,118
2020-07-20,Kings,031,150075,4023,3093,24,3117,37
2020-07-20,Lake,033,64148,194,147,0,147,1
2020-07-20,Lassen,035,31185,564,474,2,476,0
2020-07-20,Los Angeles,037,10098052,178271,159202,345,159547,4108
2020-07-20,Madera,039,155013,2193,1433,3,1436,10
2020-07-20,Marin,041,260295,4844,4255,5,4260,21
2020-07-20,Mariposa,043,17540,53,36,0,36,1
2020-07-20,Mendocino,045,87422,219,153,0,153,0
2020-07-20,Merced,047,269075,4404,2584,2,2586,15
2020-07-20,Modoc,049,8938,3,0,0,0,0
2020-07-20,Mono,051,14174,118,78,1,79,1
2020-07-20,Monterey,053,433212,4330,3205,13,3218,19
2020-07-20,Napa,055,140530,942,632,0,632,5
2020-07-20,Nevada,057,99092,298,218,10,228,1
2020-07-20,Orange,059,3164182,38882,30337,616,30953,507
2020-07-20,Placer,061,380077,1856,1364,3,1367,11
2020-07-20,Plumas,063,18699,30,17,0,17,0
2020-07-20,Riverside,065,2383286,39018,31163,40,31203,581
2020-07-20,Sacramento,067,1510023,10262,7369,10,7379,99
2020-07-20,San Benito,069,59416,575,433,0,433,2
2020-07-20,San Bernardino,071,2135413,34430,24226,112,24338,338
2020-07-20,San Diego,073,3302833,28677,24137,2,24139,478
2020-07-20,San Francisco,075,870044,6314,5090,6,5096,53
2020-07-20,San Joaquin,077,732212,12070,8583,6,8589,97
2020-07-20,San Luis Obispo,079,281455,1768,1282,9,1291,6
2020-07-20,San Mateo,081,765935,5596,4609,7,4616,111
2020-07-20,Santa Barbara,083,443738,6017,5266,55,5321,29
2020-07-20,Santa Clara,085,1922200,10670,7711,28,7739,164
2020-07-20,Santa Cruz,087,273765,1055,758,8,766,3
2020-07-20,Shasta,089,179085,394,233,1,234,9
2020-07-20,Sierra,091,2930,1,1,0,1,0
2020-07-20,Siskiyou,093,43540,77,42,0,42,0
2020-07-20,Solano,095,438530,3661,2537,12,2549,26
2020-07-20,Sonoma,097,501317,2990,2148,6,2154,17
2020-07-20,Stanislaus,099,539301,9455,6835,12,6847,58
2020-07-20,Sutter,101,95872,636,507,0,507,2
2020-07-20,Tehama,103,63373,211,146,2,148,1
2020-07-20,Trinity,105,12862,23,2,6,8,0
2020-07-20,Tulare,107,460477,9429,6974,33,7007,166
2020-07-20,Tuolumne,109,53932,131,75,2,77,0
2020-07-20,Ventura,111,848112,7573,5912,26,5938,52
2020-07-20,Yolo,113,214977,1547,1155,3,1158,30
2020-07-20,Yuba,115,75493,349,258,0,258,1
2020-07-19,Alameda,001,1643700,11415,9227,31,9258,162
2020-07-19,Alpine,003,1148,2,2,0,2,0
2020-07-19,Amador,005,37829,103,51,0,51,0
2020-07-19,Butte,007,227075,860,555,10,565,4
2020-07-19,Calaveras,009,45235,105,89,0,89,0
2020-07-19,Colusa,011,21464,279,187,0,187,0
2020-07-19,Contra Costa,013,1133247,7985,5691,23,5714,95
2020-07-19,Del Norte,015,27424,83,61,0,61,0
2020-07-19,El Dorado,017,186661,642,385,2,387,0
2020-07-19,Fresno,019,978130,17758,10639,148,10787,106
2020-07-19,Glenn,021,27897,309,215,0,215,0
2020-07-19,Humboldt,023,135768,221,195,1,196,4
2020-07-19,Imperial,025,180216,9754,7280,5,7285,124
2020-07-19,Inyo,027,18085,42,38,1,39,1
2020-07-19,Kern,029,883053,20169,10094,79,10173,115
2020-07-19,Kings,031,150075,3937,3035,24,3059,37
2020-07-19,Lake,033,64148,189,144,0,144,1
2020-07-19,Lassen,035,31185,545,474,2,476,0
2020-07-19,Los Angeles,037,10098052,174825,156039,322,156361,4100
2020-07-19,Madera,039,155013,2116,1301,3,1304,10
2020-07-19,Marin,041,260295,4789,4172,5,4177,21
2020-07-19,Mariposa,043,17540,49,35,0,35,1
2020-07-19,Mendocino,045,87422,214,137,0,137,0
2020-07-19,Merced,047,269075,4197,2460,2,2462,15
2020-07-19,Modoc,049,8938,3,0,0,0,0
2020-07-19,Mono,051,14174,107,63,1,64,1
2020-07-19,Monterey,053,433212,4210,3079,13,3092,18
2020-07-19,Napa,055,140530,913,612,0,612,5
2020-07-19,Nevada,057,99092,292,210,10,220,1
2020-07-19,Orange,059,3164182,38318,29941,603,30544,505
2020-07-19,Placer,061,380077,1808,1246,3,1249,11
2020-07-19,Plumas,063,18699,30,17,0,17,0
2020-07-19,Riverside,065,2383286,38313,30340,40,30380,581
2020-07-19,Sacramento,067,1510023,9869,6985,10,6995,97
2020-07-19,San Benito,069,59416,559,412,0,412,2
2020-07-19,San Bernardino,071,2135413,33656,23928,100,24028,337
2020-07-19,San Diego,073,3302833,28176,23684,2,23686,478
2020-07-19,San Francisco,075,870044,6168,5094,6,5100,52
2020-07-19,San Joaquin,077,732212,11664,8308,6,8314,93
2020-07-19,San Luis Obispo,079,281455,1724,1262,8,1270,6
2020-07-19,San Mateo,081,765935,5490,4522,7,4529,110
2020-07-19,Santa Barbara,083,443738,5915,5145,52,5197,29
2020-07-19,Santa Clara,085,1922200,10426,7403,28,7431,164
2020-07-19,Santa Cruz,087,273765,1011,753,8,761,3
2020-07-19,Shasta,089,179085,381,218,1,219,9
2020-07-19,Sierra,091,2930,1,1,0,1,0
2020-07-19,Siskiyou,093,43540,75,42,0,42,0
2020-07-19,Solano,095,438530,3556,2551,12,2563,26
2020-07-19,Sonoma,097,501317,2890,2074,6,2080,17
2020-07-19,Stanislaus,099,539301,9159,6508,12,6520,58
2020-07-19,Sutter,101,95872,605,480,0,480,2
2020-07-19,Tehama,103,63373,207,138,2,140,1
2020-07-19,Trinity,105,12862,23,2,6,8,0
2020-07-19,Tulare,107,460477,9181,6856,33,6889,166
2020-07-19,Tuolumne,109,53932,126,75,2,77,0
2020-07-19,Ventura,111,848112,7383,5706,26,5732,52
2020-07-19,Yolo,113,214977,1507,1127,3,1130,30
2020-07-19,Yuba,115,75493,329,240,0,240,1
2020-07-18,Alameda,001,1643700,11278,9089,30,9119,162
2020-07-18,Alpine,003,1148,2,2,0,2,0
2020-07-18,Amador,005,37829,99,49,0,49,0
2020-07-18,Butte,007,227075,851,551,10,561,4
2020-07-18,Calaveras,009,45235,101,89,0,89,0
2020-07-18,Colusa,011,21464,274,182,0,182,0
2020-07-18,Contra Costa,013,1133247,7851,5617,23,5640,95
2020-07-18,Del Norte,015,27424,83,61,0,61,0
2020-07-18,El Dorado,017,186661,639,385,2,387,0
2020-07-18,Fresno,019,978130,17509,10381,146,10527,106
2020-07-18,Glenn,021,27897,303,212,0,212,0
2020-07-18,Humboldt,023,135768,218,189,1,190,4
2020-07-18,Imperial,025,180216,9723,7268,5,7273,124
2020-07-18,Inyo,027,18085,42,38,1,39,1
2020-07-18,Kern,029,883053,19866,9250,76,9326,114
2020-07-18,Kings,031,150075,3897,2996,23,3019,37
2020-07-18,Lake,033,64148,186,142,0,142,1
2020-07-18,Lassen,035,31185,544,474,2,476,0
2020-07-18,Los Angeles,037,10098052,173379,153265,311,153576,4088
2020-07-18,Madera,039,155013,2070,1260,3,1263,9
2020-07-18,Marin,041,260295,4760,4089,5,4094,21
2020-07-18,Mariposa,043,17540,49,35,0,35,1
2020-07-18,Mendocino,045,87422,208,137,0,137,0
2020-07-18,Merced,047,269075,4078,2424,2,2426,15
2020-07-18,Modoc,049,8938,3,0,0,0,0
2020-07-18,Mono,051,14174,105,54,1,55,1
2020-07-18,Monterey,053,433212,4142,3020,13,3033,17
2020-07-18,Napa,055,140530,902,609,0,609,5
2020-07-18,Nevada,057,99092,288,204,9,213,1
2020-07-18,Orange,059,3164182,37999,29603,582,30185,493
2020-07-18,Placer,061,380077,1785,1233,3,1236,11
2020-07-18,Plumas,063,18699,30,17,0,17,0
2020-07-18,Riverside,065,2383286,37959,30245,39,30284,581
2020-07-18,Sacramento,067,1510023,9624,6739,10,6749,95
2020-07-18,San Benito,069,59416,544,407,0,407,2
2020-07-18,San Bernardino,071,2135413,33196,23680,93,23773,336
2020-07-18,San Diego,073,3302833,27873,23116,2,23118,478
2020-07-18,San Francisco,075,870044,6066,5051,6,5057,52
2020-07-18,San Joaquin,077,732212,11451,8118,6,8124,93
2020-07-18,San Luis Obispo,079,281455,1689,1234,8,1242,6
2020-07-18,San Mateo,081,765935,5430,4488,7,4495,110
2020-07-18,Santa Barbara,083,443738,5855,5110,50,5160,29
2020-07-18,Santa Clara,085,1922200,10276,7255,27,7282,164
2020-07-18,Santa Cruz,087,273765,994,751,8,759,3
2020-07-18,Shasta,089,179085,372,216,1,217,9
2020-07-18,Sierra,091,2930,1,1,0,1,0
2020-07-18,Siskiyou,093,43540,71,42,0,42,0
2020-07-18,Solano,095,438530,3515,2503,12,2515,26
2020-07-18,Sonoma,097,501317,2839,2019,6,2025,15
2020-07-18,Stanislaus,099,539301,9024,6344,12,6356,58
2020-07-18,Sutter,101,95872,599,473,0,473,2
2020-07-18,Tehama,103,63373,202,136,2,138,1
2020-07-18,Trinity,105,12862,23,2,6,8,0
2020-07-18,Tulare,107,460477,9090,6810,32,6842,167
2020-07-18,Tuolumne,109,53932,123,75,2,77,0
2020-07-18,Ventura,111,848112,7301,5630,26,5656,52
2020-07-18,Yolo,113,214977,1479,1077,3,1080,30
2020-07-18,Yuba,115,75493,318,237,0,237,1
2020-07-17,Alameda,001,1643700,11138,8893,29,8922,160
2020-07-17,Alpine,003,1148,2,1,0,1,0
2020-07-17,Amador,005,37829,97,48,0,48,0
2020-07-17,Butte,007,227075,837,497,10,507,4
2020-07-17,Calaveras,009,45235,99,86,0,86,0
2020-07-17,Colusa,011,21464,272,146,0,146,0
2020-07-17,Contra Costa,013,1133247,7703,5483,23,5506,93
2020-07-17,Del Norte,015,27424,82,60,0,60,0
2020-07-17,El Dorado,017,186661,623,368,2,370,0
2020-07-17,Fresno,019,978130,17211,9954,146,10100,104
2020-07-17,Glenn,021,27897,296,203,0,203,0
2020-07-17,Humboldt,023,135768,217,185,1,186,4
2020-07-17,Imperial,025,180216,9701,7193,5,7198,120
2020-07-17,Inyo,027,18085,42,38,1,39,1
2020-07-17,Kern,029,883053,19546,8291,75,8366,113
2020-07-17,Kings,031,150075,3858,2978,23,3001,37
2020-07-17,Lake,033,64148,184,139,0,139,1
2020-07-17,Lassen,035,31185,525,391,2,393,0
2020-07-17,Los Angeles,037,10098052,171008,150481,299,150780,4052
2020-07-17,Madera,039,155013,2026,1214,3,1217,9
2020-07-17,Marin,041,260295,4723,3839,5,3844,21
2020-07-17,Mariposa,043,17540,47,35,0,35,1
2020-07-17,Mendocino,045,87422,200,126,0,126,0
2020-07-17,Merced,047,269075,4002,2328,2,2330,12
2020-07-17,Modoc,049,8938,2,0,0,0,0
2020-07-17,Mono,051,14174,100,54,1,55,1
2020-07-17,Monterey,053,433212,4013,2922,13,2935,18
2020-07-17,Napa,055,140530,888,598,0,598,5
2020-07-17,Nevada,057,99092,281,200,9,209,1
2020-07-17,Orange,059,3164182,37536,28962,549,29511,485
2020-07-17,Placer,061,380077,1756,1207,3,1210,11
2020-07-17,Plumas,063,18699,27,16,0,16,0
2020-07-17,Riverside,065,2383286,37360,29639,39,29678,580
2020-07-17,Sacramento,067,1510023,9380,6563,10,6573,95
2020-07-17,San Benito,069,59416,529,399,0,399,2
2020-07-17,San Bernardino,071,2135413,32676,23057,90,23147,322
2020-07-17,San Diego,073,3302833,27485,22491,2,22493,472
2020-07-17,San Francisco,075,870044,5972,4967,6,4973,52
2020-07-17,San Joaquin,077,732212,11207,7925,6,7931,86
2020-07-17,San Luis Obispo,079,281455,1652,1190,8,1198,6
2020-07-17,San Mateo,081,765935,5333,4407,7,4414,110
2020-07-17,Santa Barbara,083,443738,5783,5001,49,5050,29
2020-07-17,Santa Clara,085,1922200,10058,7080,27,7107,164
2020-07-17,Santa Cruz,087,273765,972,716,8,724,3
2020-07-17,Shasta,089,179085,360,213,1,214,8
2020-07-17,Sierra,091,2930,1,1,0,1,0
2020-07-17,Siskiyou,093,43540,70,40,0,40,0
2020-07-17,Solano,095,438530,3466,2452,12,2464,26
2020-07-17,Sonoma,097,501317,2790,1982,6,1988,15
2020-07-17,Stanislaus,099,539301,8850,6220,12,6232,56
2020-07-17,Sutter,101,95872,586,458,0,458,2
2020-07-17,Tehama,103,63373,198,128,2,130,1
2020-07-17,Trinity,105,12862,23,2,6,8,0
2020-07-17,Tulare,107,460477,8954,6671,32,6703,166
2020-07-17,Tuolumne,109,53932,122,73,2,75,0
2020-07-17,Ventura,111,848112,7217,5451,26,5477,51
2020-07-17,Yolo,113,214977,1455,1055,3,1058,30
2020-07-17,Yuba,115,75493,308,231,0,231,1
2020-07-16,Alameda,001,1643700,10904,8719,24,8743,153
2020-07-16,Alpine,003,1148,2,1,0,1,0
2020-07-16,Amador,005,37829,94,46,0,46,0
2020-07-16,Butte,007,227075,800,465,9,474,4
2020-07-16,Calaveras,009,45235,97,82,0,82,0
2020-07-16,Colusa,011,21464,263,140,0,140,0
2020-07-16,Contra Costa,013,1133247,7491,5338,17,5355,91
2020-07-16,Del Norte,015,27424,82,60,0,60,0
2020-07-16,El Dorado,017,186661,606,357,2,359,0
2020-07-16,Fresno,019,978130,16700,9481,137,9618,101
2020-07-16,Glenn,021,27897,287,190,0,190,0
2020-07-16,Humboldt,023,135768,215,184,1,185,4
2020-07-16,Imperial,025,180216,9607,7148,5,7153,113
2020-07-16,Inyo,027,18085,42,38,1,39,1
2020-07-16,Kern,029,883053,19024,7435,73,7508,112
2020-07-16,Kings,031,150075,3691,2937,23,2960,37
2020-07-16,Lake,033,64148,179,128,0,128,1
2020-07-16,Lassen,035,31185,524,355,2,357,0
2020-07-16,Los Angeles,037,10098052,167787,147759,274,148033,3994
2020-07-16,Madera,039,155013,1962,1192,3,1195,8
2020-07-16,Marin,041,260295,4651,3546,5,3551,21
2020-07-16,Mariposa,043,17540,45,34,0,34,1
2020-07-16,Mendocino,045,87422,195,121,0,121,0
2020-07-16,Merced,047,269075,3840,2228,2,2230,12
2020-07-16,Modoc,049,8938,1,0,0,0,0
2020-07-16,Mono,051,14174,97,53,1,54,1
2020-07-16,Monterey,053,433212,3908,2857,12,2869,18
2020-07-16,Napa,055,140530,859,581,0,581,5
2020-07-16,Nevada,057,99092,278,191,9,200,1
2020-07-16,Orange,059,3164182,36835,28525,513,29038,471
2020-07-16,Placer,061,380077,1708,1168,3,1171,11
2020-07-16,Plumas,063,18699,25,16,0,16,0
2020-07-16,Riverside,065,2383286,36615,28904,37,28941,577
2020-07-16,Sacramento,067,1510023,9067,6440,9,6449,91
2020-07-16,San Benito,069,59416,512,389,0,389,2
2020-07-16,San Bernardino,071,2135413,31815,22355,72,22427,321
2020-07-16,San Diego,073,3302833,26998,21857,2,21859,465
2020-07-16,San Francisco,075,870044,5831,4838,6,4844,52
2020-07-16,San Joaquin,077,732212,10844,7713,6,7719,82
2020-07-16,San Luis Obispo,079,281455,1608,1146,8,1154,6
2020-07-16,San Mateo,081,765935,5229,4336,7,4343,110
2020-07-16,Santa Barbara,083,443738,5688,4872,48,4920,28
2020-07-16,Santa Clara,085,1922200,9778,6990,25,7015,164
2020-07-16,Santa Cruz,087,273765,931,698,8,706,3
2020-07-16,Shasta,089,179085,345,208,1,209,7
2020-07-16,Sierra,091,2930,1,1,0,1,0
2020-07-16,Siskiyou,093,43540,67,39,0,39,0
2020-07-16,Solano,095,438530,3372,2372,12,2384,25
2020-07-16,Sonoma,097,501317,2700,1954,6,1960,14
2020-07-16,Stanislaus,099,539301,8567,6077,11,6088,56
2020-07-16,Sutter,101,95872,570,444,0,444,2
2020-07-16,Tehama,103,63373,188,126,2,128,1
2020-07-16,Trinity,105,12862,23,2,5,7,0
2020-07-16,Tulare,107,460477,8738,6467,31,6498,163
2020-07-16,Tuolumne,109,53932,117,71,2,73,0
2020-07-16,Ventura,111,848112,7055,5231,26,5257,50
2020-07-16,Yolo,113,214977,1413,1034,3,1037,29
2020-07-16,Yuba,115,75493,290,221,0,221,1
2020-07-15,Alameda,001,1643700,10699,8615,19,8634,153
2020-07-15,Alpine,003,1148,2,1,0,1,0
2020-07-15,Amador,005,37829,73,44,0,44,0
2020-07-15,Butte,007,227075,758,420,9,429,4
2020-07-15,Calaveras,009,45235,97,75,0,75,0
2020-07-15,Colusa,011,21464,258,135,0,135,0
2020-07-15,Contra Costa,013,1133247,7260,5246,17,5263,90
2020-07-15,Del Norte,015,27424,81,60,0,60,0
2020-07-15,El Dorado,017,186661,582,339,2,341,0
2020-07-15,Fresno,019,978130,16226,9124,130,9254,101
2020-07-15,Glenn,021,27897,278,184,0,184,0
2020-07-15,Humboldt,023,135768,213,181,1,182,4
2020-07-15,Imperial,025,180216,9540,7110,5,7115,110
2020-07-15,Inyo,027,18085,42,36,1,37,1
2020-07-15,Kern,029,883053,18404,7155,70,7225,108
2020-07-15,Kings,031,150075,3630,2906,23,2929,37
2020-07-15,Lake,033,64148,177,122,0,122,1
2020-07-15,Lassen,035,31185,520,319,2,321,0
2020-07-15,Los Angeles,037,10098052,164321,143343,259,143602,3946
2020-07-15,Madera,039,155013,1893,1147,3,1150,4
2020-07-15,Marin,041,260295,4596,3458,5,3463,21
2020-07-15,Mariposa,043,17540,45,34,0,34,1
2020-07-15,Mendocino,045,87422,192,119,0,119,0
2020-07-15,Merced,047,269075,3690,2156,2,2158,12
2020-07-15,Modoc,049,8938,1,0,0,0,0
2020-07-15,Mono,051,14174,95,52,1,53,1
2020-07-15,Monterey,053,433212,3796,2780,12,2792,18
2020-07-15,Napa,055,140530,833,573,0,573,5
2020-07-15,Nevada,057,99092,274,185,7,192,1
2020-07-15,Orange,059,3164182,36035,27718,479,28197,454
2020-07-15,Placer,061,380077,1650,1145,3,1148,11
2020-07-15,Plumas,063,18699,25,16,0,16,0
2020-07-15,Riverside,065,2383286,35833,28492,35,28527,568
2020-07-15,Sacramento,067,1510023,8686,6217,9,6226,91
2020-07-15,San Benito,069,59416,503,388,0,388,2
2020-07-15,San Bernardino,071,2135413,31027,21508,56,21564,317
2020-07-15,San Diego,073,3302833,26531,21448,2,21450,448
2020-07-15,San Francisco,075,870044,5717,4757,6,4763,50
2020-07-15,San Joaquin,077,732212,10412,7381,5,7386,75
2020-07-15,San Luis Obispo,079,281455,1565,1097,8,1105,6
2020-07-15,San Mateo,081,765935,5116,4258,7,4265,109
2020-07-15,Santa Barbara,083,443738,5574,4733,48,4781,28
2020-07-15,Santa Clara,085,1922200,9474,6900,25,6925,164
2020-07-15,Santa Cruz,087,273765,895,660,7,667,3
2020-07-15,Shasta,089,179085,336,193,1,194,7
2020-07-15,Sierra,091,2930,1,1,0,1,0
2020-07-15,Siskiyou,093,43540,66,38,0,38,0
2020-07-15,Solano,095,438530,3277,2343,12,2355,25
2020-07-15,Sonoma,097,501317,2602,1920,6,1926,14
2020-07-15,Stanislaus,099,539301,8270,5777,11,5788,56
2020-07-15,Sutter,101,95872,544,433,0,433,2
2020-07-15,Tehama,103,63373,180,126,2,128,1
2020-07-15,Trinity,105,12862,22,2,5,7,0
2020-07-15,Tulare,107,460477,8527,6320,30,6350,156
2020-07-15,Tuolumne,109,53932,110,68,2,70,0
2020-07-15,Ventura,111,848112,6878,5087,26,5113,50
2020-07-15,Yolo,113,214977,1380,1002,3,1005,27
2020-07-15,Yuba,115,75493,278,221,0,221,1
2020-07-14,Alameda,001,1643700,10358,8388,13,8401,151
2020-07-14,Alpine,003,1148,2,1,0,1,0
2020-07-14,Amador,005,37829,69,44,0,44,0
2020-07-14,Butte,007,227075,712,382,9,391,4
2020-07-14,Calaveras,009,45235,95,74,0,74,0
2020-07-14,Colusa,011,21464,248,128,0,128,0
2020-07-14,Contra Costa,013,1133247,7023,5110,15,5125,90
2020-07-14,Del Norte,015,27424,80,60,0,60,0
2020-07-14,El Dorado,017,186661,567,324,2,326,0
2020-07-14,Fresno,019,978130,15806,8941,125,9066,98
2020-07-14,Glenn,021,27897,268,177,0,177,0
2020-07-14,Humboldt,023,135768,210,175,1,176,4
2020-07-14,Imperial,025,180216,9412,7095,5,7100,109
2020-07-14,Inyo,027,18085,42,35,1,36,1
2020-07-14,Kern,029,883053,17645,6979,57,7036,107
2020-07-14,Kings,031,150075,3563,2867,22,2889,37
2020-07-14,Lake,033,64148,171,120,0,120,1
2020-07-14,Lassen,035,31185,503,263,2,265,0
2020-07-14,Los Angeles,037,10098052,161185,140632,230,140862,3900
2020-07-14,Madera,039,155013,1819,1118,3,1121,4
2020-07-14,Marin,041,260295,4482,3451,5,3456,21
2020-07-14,Mariposa,043,17540,41,32,0,32,1
2020-07-14,Mendocino,045,87422,184,110,0,110,0
2020-07-14,Merced,047,269075,3511,2084,2,2086,12
2020-07-14,Modoc,049,8938,1,0,0,0,0
2020-07-14,Mono,051,14174,85,48,1,49,1
2020-07-14,Monterey,053,433212,3683,2724,12,2736,18
2020-07-14,Napa,055,140530,777,557,0,557,4
2020-07-14,Nevada,057,99092,257,180,6,186,1
2020-07-14,Orange,059,3164182,35155,26915,431,27346,432
2020-07-14,Placer,061,380077,1592,1122,3,1125,11
2020-07-14,Plumas,063,18699,24,14,0,14,0
2020-07-14,Riverside,065,2383286,35076,27850,34,27884,547
2020-07-14,Sacramento,067,1510023,8332,5978,9,5987,87
2020-07-14,San Benito,069,59416,484,360,0,360,2
2020-07-14,San Bernardino,071,2135413,30176,20489,46,20535,316
2020-07-14,San Diego,073,3302833,25911,20887,2,20889,436
2020-07-14,San Francisco,075,870044,5567,4659,5,4664,50
2020-07-14,San Joaquin,077,732212,9984,7143,5,7148,75
2020-07-14,San Luis Obispo,079,281455,1527,1060,8,1068,5
2020-07-14,San Mateo,081,765935,5023,4173,7,4180,108
2020-07-14,Santa Barbara,083,443738,5450,4641,46,4687,28
2020-07-14,Santa Clara,085,1922200,9146,6686,22,6708,164
2020-07-14,Santa Cruz,087,273765,856,639,7,646,3
2020-07-14,Shasta,089,179085,327,190,1,191,7
2020-07-14,Sierra,091,2930,1,1,0,1,0
2020-07-14,Siskiyou,093,43540,65,38,0,38,0
2020-07-14,Solano,095,438530,3177,2266,10,2276,25
2020-07-14,Sonoma,097,501317,2509,1866,6,1872,14
2020-07-14,Stanislaus,099,539301,7896,5631,10,5641,53
2020-07-14,Sutter,101,95872,525,405,0,405,2
2020-07-14,Tehama,103,63373,168,123,2,125,1
2020-07-14,Trinity,105,12862,21,2,5,7,0
2020-07-14,Tulare,107,460477,8281,6199,30,6229,156
2020-07-14,Tuolumne,109,53932,105,68,2,70,0
2020-07-14,Ventura,111,848112,6717,4950,26,4976,50
2020-07-14,Yolo,113,214977,1332,966,3,969,27
2020-07-14,Yuba,115,75493,261,210,0,210,1
2020-07-13,Alameda,001,1643700,10048,8115,13,8128,148
2020-07-13,Alpine,003,1148,2,1,0,1,0
2020-07-13,Amador,005,37829,65,42,0,42,0
2020-07-13,Butte,007,227075,676,354,9,363,4
2020-07-13,Calaveras,009,45235,87,63,0,63,0
2020-07-13,Colusa,011,21464,242,116,0,116,0
2020-07-13,Contra Costa,013,1133247,6751,4882,13,4895,88
2020-07-13,Del Norte,015,27424,74,59,0,59,0
2020-07-13,El Dorado,017,186661,536,298,2,300,0
2020-07-13,Fresno,019,978130,15377,8666,120,8786,95
2020-07-13,Glenn,021,27897,261,168,0,168,0
2020-07-13,Humboldt,023,135768,205,174,1,175,4
2020-07-13,Imperial,025,180216,9327,7052,5,7057,109
2020-07-13,Inyo,027,18085,41,35,1,36,1
2020-07-13,Kern,029,883053,16960,6808,52,6860,107
2020-07-13,Kings,031,150075,3512,2824,22,2846,37
2020-07-13,Lake,033,64148,166,118,0,118,1
2020-07-13,Lassen,035,31185,498,237,2,239,0
2020-07-13,Los Angeles,037,10098052,157951,136368,216,136584,3829
2020-07-13,Madera,039,155013,1750,1059,3,1062,4
2020-07-13,Marin,041,260295,4378,3402,5,3407,21
2020-07-13,Mariposa,043,17540,40,31,0,31,1
2020-07-13,Mendocino,045,87422,180,87,0,87,0
2020-07-13,Merced,047,269075,3362,2007,2,2009,12
2020-07-13,Modoc,049,8938,1,0,0,0,0
2020-07-13,Mono,051,14174,81,47,0,47,1
2020-07-13,Monterey,053,433212,3560,2613,9,2622,18
2020-07-13,Napa,055,140530,741,534,0,534,4
2020-07-13,Nevada,057,99092,243,172,6,178,1
2020-07-13,Orange,059,3164182,34290,25978,399,26377,423
2020-07-13,Placer,061,380077,1547,1096,3,1099,11
2020-07-13,Plumas,063,18699,22,14,0,14,0
2020-07-13,Riverside,065,2383286,34151,27136,32,27168,545
2020-07-13,Sacramento,067,1510023,8035,5747,9,5756,85
2020-07-13,San Benito,069,59416,471,343,0,343,2
2020-07-13,San Bernardino,071,2135413,29299,19610,40,19650,313
2020-07-13,San Diego,073,3302833,25344,20348,2,20350,422
2020-07-13,San Francisco,075,870044,5440,4534,4,4538,50
2020-07-13,San Joaquin,077,732212,9568,6927,5,6932,71
2020-07-13,San Luis Obispo,079,281455,1496,989,8,997,5
2020-07-13,San Mateo,081,765935,4892,4057,7,4064,108
2020-07-13,Santa Barbara,083,443738,5336,4441,45,4486,28
2020-07-13,Santa Clara,085,1922200,8823,6488,21,6509,164
2020-07-13,Santa Cruz,087,273765,818,574,7,581,3
2020-07-13,Shasta,089,179085,316,185,1,186,6
2020-07-13,Sierra,091,2930,1,1,0,1,0
2020-07-13,Siskiyou,093,43540,61,37,0,37,0
2020-07-13,Solano,095,438530,3065,2046,10,2056,23
2020-07-13,Sonoma,097,501317,2398,1818,6,1824,14
2020-07-13,Stanislaus,099,539301,7593,5324,9,5333,53
2020-07-13,Sutter,101,95872,487,379,0,379,2
2020-07-13,Tehama,103,63373,155,112,2,114,1
2020-07-13,Trinity,105,12862,21,2,5,7,0
2020-07-13,Tulare,107,460477,8020,5930,28,5958,147
2020-07-13,Tuolumne,109,53932,97,56,2,58,0
2020-07-13,Ventura,111,848112,6527,4800,23,4823,50
2020-07-13,Yolo,113,214977,1286,941,3,944,27
2020-07-13,Yuba,115,75493,246,194,0,194,1
2020-07-12,Alameda,001,1643700,9777,8056,13,8069,148
2020-07-12,Alpine,003,1148,2,1,0,1,0
2020-07-12,Amador,005,37829,55,40,0,40,0
2020-07-12,Butte,007,227075,626,341,8,349,4
2020-07-12,Calaveras,009,45235,87,62,0,62,0
2020-07-12,Colusa,011,21464,208,116,0,116,0
2020-07-12,Contra Costa,013,1133247,6480,4708,11,4719,88
2020-07-12,Del Norte,015,27424,63,59,0,59,0
2020-07-12,El Dorado,017,186661,514,290,2,292,0
2020-07-12,Fresno,019,978130,14951,8407,115,8522,95
2020-07-12,Glenn,021,27897,248,166,0,166,0
2020-07-12,Humboldt,023,135768,201,174,1,175,4
2020-07-12,Imperial,025,180216,9210,6999,5,7004,109
2020-07-12,Inyo,027,18085,39,35,1,36,1
2020-07-12,Kern,029,883053,16216,6662,49,6711,105
2020-07-12,Kings,031,150075,3450,2779,22,2801,34
2020-07-12,Lake,033,64148,157,114,0,114,1
2020-07-12,Lassen,035,31185,491,237,2,239,0
2020-07-12,Los Angeles,037,10098052,154529,133830,187,134017,3816
2020-07-12,Madera,039,155013,1695,1025,3,1028,4
2020-07-12,Marin,041,260295,4301,3358,5,3363,21
2020-07-12,Mariposa,043,17540,39,31,0,31,1
2020-07-12,Mendocino,045,87422,161,88,0,88,0
2020-07-12,Merced,047,269075,3232,1908,2,1910,12
2020-07-12,Modoc,049,8938,1,0,0,0,0
2020-07-12,Mono,051,14174,71,45,0,45,1
2020-07-12,Monterey,053,433212,3445,2521,9,2530,18
2020-07-12,Napa,055,140530,709,519,0,519,4
2020-07-12,Nevada,057,99092,233,166,6,172,1
2020-07-12,Orange,059,3164182,33414,25399,390,25789,422
2020-07-12,Placer,061,380077,1491,1058,3,1061,11
2020-07-12,Plumas,063,18699,21,14,0,14,0
2020-07-12,Riverside,065,2383286,33393,26404,32,26436,542
2020-07-12,Sacramento,067,1510023,7723,5515,7,5522,85
2020-07-12,San Benito,069,59416,456,324,0,324,2
2020-07-12,San Bernardino,071,2135413,28387,19042,36,19078,312
2020-07-12,San Diego,073,3302833,24714,19929,2,19931,422
2020-07-12,San Francisco,075,870044,5290,4535,4,4539,50
2020-07-12,San Joaquin,077,732212,9206,6703,5,6708,71
2020-07-12,San Luis Obispo,079,281455,1449,972,7,979,5
2020-07-12,San Mateo,081,765935,4774,3988,7,3995,108
2020-07-12,Santa Barbara,083,443738,5206,4353,44,4397,28
2020-07-12,Santa Clara,085,1922200,8585,6252,20,6272,164
2020-07-12,Santa Cruz,087,273765,776,573,5,578,3
2020-07-12,Shasta,089,179085,310,173,1,174,6
2020-07-12,Sierra,091,2930,1,1,0,1,0
2020-07-12,Siskiyou,093,43540,59,36,0,36,0
2020-07-12,Solano,095,438530,2940,2037,10,2047,23
2020-07-12,Sonoma,097,501317,2304,1743,6,1749,13
2020-07-12,Stanislaus,099,539301,7289,5177,9,5186,53
2020-07-12,Sutter,101,95872,469,362,0,362,2
2020-07-12,Tehama,103,63373,148,111,2,113,1
2020-07-12,Trinity,105,12862,21,2,5,7,0
2020-07-12,Tulare,107,460477,7765,5864,27,5891,146
2020-07-12,Tuolumne,109,53932,89,52,2,54,0
2020-07-12,Ventura,111,848112,6311,4724,22,4746,50
2020-07-12,Yolo,113,214977,1245,889,3,892,27
2020-07-12,Yuba,115,75493,235,188,0,188,1
2020-07-11,Alameda,001,1643700,9675,7845,13,7858,148
2020-07-11,Alpine,003,1148,2,1,0,1,0
2020-07-11,Amador,005,37829,51,37,0,37,0
2020-07-11,Butte,007,227075,610,325,8,333,4
2020-07-11,Calaveras,009,45235,84,62,0,62,0
2020-07-11,Colusa,011,21464,203,110,0,110,0
2020-07-11,Contra Costa,013,1133247,6364,4650,11,4661,87
2020-07-11,Del Norte,015,27424,63,59,0,59,0
2020-07-11,El Dorado,017,186661,503,283,2,285,0
2020-07-11,Fresno,019,978130,14691,8086,113,8199,95
2020-07-11,Glenn,021,27897,240,161,0,161,0
2020-07-11,Humboldt,023,135768,200,174,1,175,4
2020-07-11,Imperial,025,180216,9171,6884,5,6889,109
2020-07-11,Inyo,027,18085,39,35,1,36,1
2020-07-11,Kern,029,883053,15859,6509,48,6557,103
2020-07-11,Kings,031,150075,3423,2753,22,2775,33
2020-07-11,Lake,033,64148,156,110,0,110,1
2020-07-11,Lassen,035,31185,490,237,2,239,0
2020-07-11,Los Angeles,037,10098052,152811,130479,177,130656,3802
2020-07-11,Madera,039,155013,1654,988,3,991,4
2020-07-11,Marin,041,260295,4273,3191,5,3196,21
2020-07-11,Mariposa,043,17540,39,31,0,31,1
2020-07-11,Mendocino,045,87422,157,88,0,88,0
2020-07-11,Merced,047,269075,3151,1851,2,1853,12
2020-07-11,Modoc,049,8938,1,0,0,0,0
2020-07-11,Mono,051,14174,68,45,0,45,1
2020-07-11,Monterey,053,433212,3356,2376,8,2384,18
2020-07-11,Napa,055,140530,697,509,0,509,4
2020-07-11,Nevada,057,99092,224,163,5,168,1
2020-07-11,Orange,059,3164182,33037,24430,376,24806,422
2020-07-11,Placer,061,380077,1456,1029,3,1032,11
2020-07-11,Plumas,063,18699,21,12,0,12,0
2020-07-11,Riverside,065,2383286,33002,25994,32,26026,538
2020-07-11,Sacramento,067,1510023,7549,5367,7,5374,84
2020-07-11,San Benito,069,59416,441,314,0,314,2
2020-07-11,San Bernardino,071,2135413,27950,18907,34,18941,310
2020-07-11,San Diego,073,3302833,24322,19371,2,19373,422
2020-07-11,San Francisco,075,870044,5194,4430,3,4433,50
2020-07-11,San Joaquin,077,732212,9028,6518,5,6523,72
2020-07-11,San Luis Obispo,079,281455,1401,930,7,937,4
2020-07-11,San Mateo,081,765935,4706,3956,7,3963,108
2020-07-11,Santa Barbara,083,443738,5137,4283,43,4326,28
2020-07-11,Santa Clara,085,1922200,8426,5959,20,5979,164
2020-07-11,Santa Cruz,087,273765,745,571,5,576,3
2020-07-11,Shasta,089,179085,303,168,1,169,6
2020-07-11,Sierra,091,2930,1,1,0,1,0
2020-07-11,Siskiyou,093,43540,59,36,0,36,0
2020-07-11,Solano,095,438530,2899,2034,10,2044,23
2020-07-11,Sonoma,097,501317,2266,1690,6,1696,13
2020-07-11,Stanislaus,099,539301,7148,4911,9,4920,51
2020-07-11,Sutter,101,95872,453,352,0,352,2
2020-07-11,Tehama,103,63373,146,111,2,113,1
2020-07-11,Trinity,105,12862,21,2,5,7,0
2020-07-11,Tulare,107,460477,7659,5780,27,5807,149
2020-07-11,Tuolumne,109,53932,87,50,2,52,0
2020-07-11,Ventura,111,848112,6215,4545,21,4566,49
2020-07-11,Yolo,113,214977,1216,833,3,836,27
2020-07-11,Yuba,115,75493,225,175,0,175,1
2020-07-10,Alameda,001,1643700,9518,7551,13,7564,147
2020-07-10,Alpine,003,1148,2,1,0,1,0
2020-07-10,Amador,005,37829,47,37,0,37,0
2020-07-10,Butte,007,227075,599,318,8,326,4
2020-07-10,Calaveras,009,45235,84,61,0,61,0
2020-07-10,Colusa,011,21464,197,103,0,103,0
2020-07-10,Contra Costa,013,1133247,6222,4482,11,4493,86
2020-07-10,Del Norte,015,27424,63,57,0,57,0
2020-07-10,El Dorado,017,186661,485,266,2,268,0
2020-07-10,Fresno,019,978130,14359,7760,110,7870,93
2020-07-10,Glenn,021,27897,235,157,0,157,0
2020-07-10,Humboldt,023,135768,199,168,1,169,4
2020-07-10,Imperial,025,180216,9126,6878,4,6882,98
2020-07-10,Inyo,027,18085,39,35,1,36,1
2020-07-10,Kern,029,883053,15426,6344,47,6391,102
2020-07-10,Kings,031,150075,3387,2707,22,2729,33
2020-07-10,Lake,033,64148,149,104,0,104,1
2020-07-10,Lassen,035,31185,489,235,2,237,0
2020-07-10,Los Angeles,037,10098052,150391,127503,171,127674,3750
2020-07-10,Madera,039,155013,1608,914,3,917,4
2020-07-10,Marin,041,260295,4210,3101,5,3106,21
2020-07-10,Mariposa,043,17540,38,31,0,31,1
2020-07-10,Mendocino,045,87422,149,88,0,88,0
2020-07-10,Merced,047,269075,3072,1802,2,1804,12
2020-07-10,Modoc,049,8938,1,0,0,0,0
2020-07-10,Mono,051,14174,67,45,0,45,1
2020-07-10,Monterey,053,433212,3278,2285,8,2293,18
2020-07-10,Napa,055,140530,686,496,0,496,4
2020-07-10,Nevada,057,99092,219,161,5,166,1
2020-07-10,Orange,059,3164182,32450,23692,373,24065,416
2020-07-10,Placer,061,380077,1414,1002,3,1005,11
2020-07-10,Plumas,063,18699,19,12,0,12,0
2020-07-10,Riverside,065,2383286,32484,25481,32,25513,533
2020-07-10,Sacramento,067,1510023,7294,5181,7,5188,81
2020-07-10,San Benito,069,59416,432,302,0,302,2
2020-07-10,San Bernardino,071,2135413,27426,18242,31,18273,308
2020-07-10,San Diego,073,3302833,23938,18862,2,18864,420
2020-07-10,San Francisco,075,870044,5103,4305,3,4308,50
2020-07-10,San Joaquin,077,732212,8795,6225,5,6230,67
2020-07-10,San Luis Obispo,079,281455,1363,891,7,898,4
2020-07-10,San Mateo,081,765935,4641,3844,7,3851,107
2020-07-10,Santa Barbara,083,443738,5040,4177,42,4219,28
2020-07-10,Santa Clara,085,1922200,8202,5819,20,5839,164
2020-07-10,Santa Cruz,087,273765,717,540,5,545,3
2020-07-10,Shasta,089,179085,299,158,1,159,6
2020-07-10,Sierra,091,2930,1,1,0,1,0
2020-07-10,Siskiyou,093,43540,59,31,0,31,0
2020-07-10,Solano,095,438530,2852,1950,10,1960,23
2020-07-10,Sonoma,097,501317,2219,1606,5,1611,13
2020-07-10,Stanislaus,099,539301,6978,4781,9,4790,46
2020-07-10,Sutter,101,95872,446,338,0,338,2
2020-07-10,Tehama,103,63373,145,107,2,109,1
2020-07-10,Trinity,105,12862,21,2,5,7,0
2020-07-10,Tulare,107,460477,7522,5677,27,5704,150
2020-07-10,Tuolumne,109,53932,86,49,2,51,0
2020-07-10,Ventura,111,848112,6101,4416,21,4437,48
2020-07-10,Yolo,113,214977,1192,794,3,797,27
2020-07-10,Yuba,115,75493,211,164,0,164,1
2020-07-09,Alameda,001,1643700,9282,7433,13,7446,146
2020-07-09,Alpine,003,1148,2,1,0,1,0
2020-07-09,Amador,005,37829,44,36,0,36,0
2020-07-09,Butte,007,227075,567,295,8,303,4
2020-07-09,Calaveras,009,45235,83,59,0,59,0
2020-07-09,Colusa,011,21464,189,97,0,97,0
2020-07-09,Contra Costa,013,1133247,5978,4388,11,4399,86
2020-07-09,Del Norte,015,27424,63,57,0,57,0
2020-07-09,El Dorado,017,186661,460,255,2,257,0
2020-07-09,Fresno,019,978130,13905,7385,107,7492,90
2020-07-09,Glenn,021,27897,225,150,0,150,0
2020-07-09,Humboldt,023,135768,196,166,1,167,4
2020-07-09,Imperial,025,180216,9029,6778,4,6782,87
2020-07-09,Inyo,027,18085,37,35,1,36,1
2020-07-09,Kern,029,883053,14781,6100,45,6145,95
2020-07-09,Kings,031,150075,3323,2686,21,2707,33
2020-07-09,Lake,033,64148,146,99,0,99,1
2020-07-09,Lassen,035,31185,433,221,2,223,0
2020-07-09,Los Angeles,037,10098052,147132,125062,147,125209,3698
2020-07-09,Madera,039,155013,1531,850,3,853,4
2020-07-09,Marin,041,260295,4058,2975,4,2979,20
2020-07-09,Mariposa,043,17540,38,32,0,32,1
2020-07-09,Mendocino,045,87422,145,88,0,88,0
2020-07-09,Merced,047,269075,2939,1728,2,1730,11
2020-07-09,Modoc,049,8938,1,0,0,0,0
2020-07-09,Mono,051,14174,63,45,0,45,1
2020-07-09,Monterey,053,433212,3153,2223,8,2231,17
2020-07-09,Napa,055,140530,669,468,0,468,4
2020-07-09,Nevada,057,99092,213,156,5,161,1
2020-07-09,Orange,059,3164182,31480,22960,355,23315,407
2020-07-09,Placer,061,380077,1372,982,3,985,11
2020-07-09,Plumas,063,18699,19,12,0,12,0
2020-07-09,Riverside,065,2383286,31591,24980,31,25011,529
2020-07-09,Sacramento,067,1510023,6967,4950,7,4957,81
2020-07-09,San Benito,069,59416,416,295,0,295,2
2020-07-09,San Bernardino,071,2135413,26553,17339,25,17364,307
2020-07-09,San Diego,073,3302833,23346,18404,2,18406,415
2020-07-09,San Francisco,075,870044,4971,4143,3,4146,50
2020-07-09,San Joaquin,077,732212,8436,6004,5,6009,66
2020-07-09,San Luis Obispo,079,281455,1323,869,7,876,3
2020-07-09,San Mateo,081,765935,4515,3792,7,3799,106
2020-07-09,Santa Barbara,083,443738,4908,4068,42,4110,28
2020-07-09,Santa Clara,085,1922200,7945,5638,19,5657,164
2020-07-09,Santa Cruz,087,273765,690,526,5,531,3
2020-07-09,Shasta,089,179085,293,155,1,156,5
2020-07-09,Sierra,091,2930,1,1,0,1,0
2020-07-09,Siskiyou,093,43540,55,31,0,31,0
2020-07-09,Solano,095,438530,2754,1892,10,1902,23
2020-07-09,Sonoma,097,501317,2133,1584,5,1589,13
2020-07-09,Stanislaus,099,539301,6663,4633,8,4641,46
2020-07-09,Sutter,101,95872,429,321,0,321,2
2020-07-09,Tehama,103,63373,140,102,2,104,1
2020-07-09,Trinity,105,12862,21,2,5,7,0
2020-07-09,Tulare,107,460477,7303,5501,26,5527,146
2020-07-09,Tuolumne,109,53932,85,47,2,49,0
2020-07-09,Ventura,111,848112,5933,4278,21,4299,47
2020-07-09,Yolo,113,214977,1144,764,3,767,27
2020-07-09,Yuba,115,75493,194,152,0,152,1
2020-07-08,Alameda,001,1643700,8990,7335,13,7348,142
2020-07-08,Alpine,003,1148,2,1,0,1,0
2020-07-08,Amador,005,37829,41,35,0,35,0
2020-07-08,Butte,007,227075,530,281,8,289,3
2020-07-08,Calaveras,009,45235,78,58,0,58,0
2020-07-08,Colusa,011,21464,176,90,0,90,0
2020-07-08,Contra Costa,013,1133247,5732,4268,9,4277,84
2020-07-08,Del Norte,015,27424,61,57,0,57,0
2020-07-08,El Dorado,017,186661,438,248,2,250,0
2020-07-08,Fresno,019,978130,13489,7102,99,7201,86
2020-07-08,Glenn,021,27897,214,146,0,146,0
2020-07-08,Humboldt,023,135768,193,162,1,163,4
2020-07-08,Imperial,025,180216,8942,6727,4,6731,76
2020-07-08,Inyo,027,18085,37,35,1,36,1
2020-07-08,Kern,029,883053,14203,5873,43,5916,91
2020-07-08,Kings,031,150075,3263,2629,18,2647,33
2020-07-08,Lake,033,64148,139,97,0,97,1
2020-07-08,Lassen,035,31185,337,221,2,223,0
2020-07-08,Los Angeles,037,10098052,143931,123462,120,123582,3650
2020-07-08,Madera,039,155013,1461,828,3,831,4
2020-07-08,Marin,041,260295,3959,2756,4,2760,17
2020-07-08,Mariposa,043,17540,38,31,0,31,1
2020-07-08,Mendocino,045,87422,132,84,0,84,0
2020-07-08,Merced,047,269075,2819,1578,2,1580,11
2020-07-08,Modoc,049,8938,1,0,0,0,0
2020-07-08,Mono,051,14174,60,45,0,45,1
2020-07-08,Monterey,053,433212,3035,2182,7,2189,17
2020-07-08,Napa,055,140530,647,468,0,468,4
2020-07-08,Nevada,057,99092,204,156,5,161,1
2020-07-08,Orange,059,3164182,30529,22088,350,22438,378
2020-07-08,Placer,061,380077,1325,948,3,951,11
2020-07-08,Plumas,063,18699,19,12,0,12,0
2020-07-08,Riverside,065,2383286,30627,24042,30,24072,508
2020-07-08,Sacramento,067,1510023,6679,4799,7,4806,80
2020-07-08,San Benito,069,59416,400,282,0,282,2
2020-07-08,San Bernardino,071,2135413,25699,16510,21,16531,296
2020-07-08,San Diego,073,3302833,22776,17844,2,17846,406
2020-07-08,San Francisco,075,870044,4882,4093,3,4096,50
2020-07-08,San Joaquin,077,732212,8093,5759,5,5764,61
2020-07-08,San Luis Obispo,079,281455,1271,825,7,832,2
2020-07-08,San Mateo,081,765935,4394,3733,7,3740,106
2020-07-08,Santa Barbara,083,443738,4789,3985,42,4027,28
2020-07-08,Santa Clara,085,1922200,7712,5510,19,5529,164
2020-07-08,Santa Cruz,087,273765,657,509,4,513,3
2020-07-08,Shasta,089,179085,284,148,1,149,6
2020-07-08,Sierra,091,2930,1,1,0,1,0
2020-07-08,Siskiyou,093,43540,55,31,0,31,0
2020-07-08,Solano,095,438530,2638,1821,10,1831,23
2020-07-08,Sonoma,097,501317,2057,1495,5,1500,9
2020-07-08,Stanislaus,099,539301,6363,4344,8,4352,46
2020-07-08,Sutter,101,95872,404,298,0,298,2
2020-07-08,Tehama,103,63373,134,100,2,102,1
2020-07-08,Trinity,105,12862,20,2,5,7,0
2020-07-08,Tulare,107,460477,7111,5307,21,5328,138
2020-07-08,Tuolumne,109,53932,81,42,2,44,0
2020-07-08,Ventura,111,848112,5768,4139,21,4160,47
2020-07-08,Yolo,113,214977,1100,727,3,730,26
2020-07-08,Yuba,115,75493,181,145,0,145,1
2020-07-07,Alameda,001,1643700,8670,7097,12,7109,141
2020-07-07,Alpine,003,1148,2,1,0,1,0
2020-07-07,Amador,005,37829,41,33,0,33,0
2020-07-07,Butte,007,227075,487,269,8,277,3
2020-07-07,Calaveras,009,45235,76,58,0,58,0
2020-07-07,Colusa,011,21464,143,84,0,84,0
2020-07-07,Contra Costa,013,1133247,5496,4131,8,4139,84
2020-07-07,Del Norte,015,27424,61,57,0,57,0
2020-07-07,El Dorado,017,186661,418,244,2,246,0
2020-07-07,Fresno,019,978130,13036,6738,99,6837,84
2020-07-07,Glenn,021,27897,205,145,0,145,0
2020-07-07,Humboldt,023,135768,190,150,1,151,4
2020-07-07,Imperial,025,180216,8842,6678,4,6682,51
2020-07-07,Inyo,027,18085,36,32,1,33,1
2020-07-07,Kern,029,883053,13504,5645,39,5684,88
2020-07-07,Kings,031,150075,3200,2623,16,2639,33
2020-07-07,Lake,033,64148,129,94,0,94,1
2020-07-07,Lassen,035,31185,266,219,2,221,0
2020-07-07,Los Angeles,037,10098052,140361,121026,112,121138,3588
2020-07-07,Madera,039,155013,1417,794,3,797,4
2020-07-07,Marin,041,260295,3870,2627,4,2631,17
2020-07-07,Mariposa,043,17540,38,31,0,31,1
2020-07-07,Mendocino,045,87422,124,82,0,82,0
2020-07-07,Merced,047,269075,2645,1531,2,1533,10
2020-07-07,Modoc,049,8938,1,0,0,0,0
2020-07-07,Mono,051,14174,59,42,0,42,1
2020-07-07,Monterey,053,433212,2892,2166,7,2173,17
2020-07-07,Napa,055,140530,628,459,0,459,4
2020-07-07,Nevada,057,99092,198,150,5,155,1
2020-07-07,Orange,059,3164182,29518,21741,336,22077,373
2020-07-07,Placer,061,380077,1284,930,3,933,11
2020-07-07,Plumas,063,18699,17,12,0,12,0
2020-07-07,Riverside,065,2383286,29611,23279,30,23309,499
2020-07-07,Sacramento,067,1510023,6337,4592,7,4599,76
2020-07-07,San Benito,069,59416,382,274,0,274,2
2020-07-07,San Bernardino,071,2135413,24830,16004,19,16023,277
2020-07-07,San Diego,073,3302833,22057,17580,2,17582,399
2020-07-07,San Francisco,075,870044,4789,4045,2,4047,50
2020-07-07,San Joaquin,077,732212,7751,5547,5,5552,59
2020-07-07,San Luis Obispo,079,281455,1210,795,7,802,2
2020-07-07,San Mateo,081,765935,4279,3691,7,3698,106
2020-07-07,Santa Barbara,083,443738,4661,3866,41,3907,27
2020-07-07,Santa Clara,085,1922200,7443,5438,19,5457,164
2020-07-07,Santa Cruz,087,273765,623,502,3,505,2
2020-07-07,Shasta,089,179085,271,144,1,145,6
2020-07-07,Sierra,091,2930,1,1,0,1,0
2020-07-07,Siskiyou,093,43540,54,30,0,30,0
2020-07-07,Solano,095,438530,2527,1776,9,1785,22
2020-07-07,Sonoma,097,501317,1987,1473,5,1478,8
2020-07-07,Stanislaus,099,539301,6024,4101,8,4109,46
2020-07-07,Sutter,101,95872,378,273,0,273,2
2020-07-07,Tehama,103,63373,125,95,2,97,1
2020-07-07,Trinity,105,12862,20,2,5,7,0
2020-07-07,Tulare,107,460477,6931,5189,19,5208,137
2020-07-07,Tuolumne,109,53932,75,40,2,42,0
2020-07-07,Ventura,111,848112,5599,3992,19,4011,46
2020-07-07,Yolo,113,214977,1032,706,3,709,26
2020-07-07,Yuba,115,75493,161,138,0,138,1
2020-07-06,Alameda,001,1643700,8432,6970,12,6982,141
2020-07-06,Alpine,003,1148,1,1,0,1,0
2020-07-06,Amador,005,37829,39,33,0,33,0
2020-07-06,Butte,007,227075,431,257,8,265,2
2020-07-06,Calaveras,009,45235,73,45,0,45,0
2020-07-06,Colusa,011,21464,134,80,0,80,0
2020-07-06,Contra Costa,013,1133247,5265,3901,7,3908,83
2020-07-06,Del Norte,015,27424,60,57,0,57,0
2020-07-06,El Dorado,017,186661,403,232,1,233,0
2020-07-06,Fresno,019,978130,12568,6364,93,6457,82
2020-07-06,Glenn,021,27897,197,129,0,129,0
2020-07-06,Humboldt,023,135768,188,148,1,149,3
2020-07-06,Imperial,025,180216,8723,6443,4,6447,47
2020-07-06,Inyo,027,18085,36,32,1,33,1
2020-07-06,Kern,029,883053,12698,5491,38,5529,82
2020-07-06,Kings,031,150075,3149,2583,11,2594,33
2020-07-06,Lake,033,64148,122,93,0,93,1
2020-07-06,Lassen,035,31185,264,219,2,221,0
2020-07-06,Los Angeles,037,10098052,136757,116707,98,116805,3541
2020-07-06,Madera,039,155013,1347,734,3,737,4
2020-07-06,Marin,041,260295,3630,2136,4,2140,17
2020-07-06,Mariposa,043,17540,36,31,0,31,1
2020-07-06,Mendocino,045,87422,107,72,0,72,0
2020-07-06,Merced,047,269075,2494,1396,2,1398,10
2020-07-06,Modoc,049,8938,1,0,0,0,0
2020-07-06,Mono,051,14174,58,40,0,40,1
2020-07-06,Monterey,053,433212,2803,2078,7,2085,15
2020-07-06,Napa,055,140530,610,454,0,454,4
2020-07-06,Nevada,057,99092,192,146,5,151,1
2020-07-06,Orange,059,3164182,28456,20167,298,20465,372
2020-07-06,Placer,061,380077,1222,904,3,907,11
2020-07-06,Plumas,063,18699,17,11,0,11,0
2020-07-06,Riverside,065,2383286,28556,22485,29,22514,477
2020-07-06,Sacramento,067,1510023,5986,4420,7,4427,71
2020-07-06,San Benito,069,59416,367,264,0,264,2
2020-07-06,San Bernardino,071,2135413,23976,15346,16,15362,272
2020-07-06,San Diego,073,3302833,21325,17002,2,17004,387
2020-07-06,San Francisco,075,870044,4668,3861,2,3863,50
2020-07-06,San Joaquin,077,732212,7381,5104,5,5109,57
2020-07-06,San Luis Obispo,079,281455,1152,751,7,758,2
2020-07-06,San Mateo,081,765935,4187,3650,6,3656,106
2020-07-06,Santa Barbara,083,443738,4524,3763,40,3803,27
2020-07-06,Santa Clara,085,1922200,7172,5369,19,5388,165
2020-07-06,Santa Cruz,087,273765,601,466,2,468,2
2020-07-06,Shasta,089,179085,261,143,1,144,6
2020-07-06,Sierra,091,2930,1,1,0,1,0
2020-07-06,Siskiyou,093,43540,50,30,0,30,0
2020-07-06,Solano,095,438530,2394,1668,9,1677,22
2020-07-06,Sonoma,097,501317,1923,1369,5,1374,8
2020-07-06,Stanislaus,099,539301,5623,3983,8,3991,46
2020-07-06,Sutter,101,95872,351,250,0,250,2
2020-07-06,Tehama,103,63373,122,95,2,97,1
2020-07-06,Trinity,105,12862,19,2,5,7,0
2020-07-06,Tulare,107,460477,6726,5039,17,5056,136
2020-07-06,Tuolumne,109,53932,72,30,2,32,0
2020-07-06,Ventura,111,848112,5406,3912,19,3931,44
2020-07-06,Yolo,113,214977,976,685,3,688,26
2020-07-06,Yuba,115,75493,147,124,0,124,1
2020-07-05,Alameda,001,1643700,8180,6861,12,6873,141
2020-07-05,Alpine,003,1148,1,1,0,1,0
2020-07-05,Amador,005,37829,37,31,0,31,0
2020-07-05,Butte,007,227075,396,248,8,256,2
2020-07-05,Calaveras,009,45235,69,45,0,45,0
2020-07-05,Colusa,011,21464,124,79,0,79,0
2020-07-05,Contra Costa,013,1133247,5025,3665,6,3671,80
2020-07-05,Del Norte,015,27424,60,57,0,57,0
2020-07-05,El Dorado,017,186661,385,227,1,228,0
2020-07-05,Fresno,019,978130,12002,6186,92,6278,82
2020-07-05,Glenn,021,27897,194,129,0,129,0
2020-07-05,Humboldt,023,135768,184,147,1,148,3
2020-07-05,Imperial,025,180216,8589,6441,4,6445,47
2020-07-05,Inyo,027,18085,35,32,1,33,1
2020-07-05,Kern,029,883053,11989,5351,38,5389,82
2020-07-05,Kings,031,150075,3066,2546,10,2556,31
2020-07-05,Lake,033,64148,122,92,0,92,1
2020-07-05,Lassen,035,31185,258,219,2,221,0
2020-07-05,Los Angeles,037,10098052,133532,115133,92,115225,3495
2020-07-05,Madera,039,155013,1269,564,3,567,4
2020-07-05,Marin,041,260295,3447,2080,4,2084,17
2020-07-05,Mariposa,043,17540,36,31,0,31,1
2020-07-05,Mendocino,045,87422,104,72,0,72,0
2020-07-05,Merced,047,269075,2349,1340,2,1342,10
2020-07-05,Modoc,049,8938,1,0,0,0,0
2020-07-05,Mono,051,14174,54,39,0,39,1
2020-07-05,Monterey,053,433212,2700,1994,7,2001,15
2020-07-05,Napa,055,140530,580,450,0,450,4
2020-07-05,Nevada,057,99092,186,141,5,146,1
2020-07-05,Orange,059,3164182,27515,19430,285,19715,372
2020-07-05,Placer,061,380077,1165,855,3,858,11
2020-07-05,Plumas,063,18699,16,11,0,11,0
2020-07-05,Riverside,065,2383286,27700,21511,29,21540,474
2020-07-05,Sacramento,067,1510023,5670,4265,6,4271,71
2020-07-05,San Benito,069,59416,348,258,0,258,2
2020-07-05,San Bernardino,071,2135413,23099,15026,16,15042,270
2020-07-05,San Diego,073,3302833,20634,16728,2,16730,387
2020-07-05,San Francisco,075,870044,4550,3861,2,3863,50
2020-07-05,San Joaquin,077,732212,7062,5015,5,5020,57
2020-07-05,San Luis Obispo,079,281455,1073,730,7,737,2
2020-07-05,San Mateo,081,765935,4076,3575,6,3581,106
2020-07-05,Santa Barbara,083,443738,4377,3671,37,3708,27
2020-07-05,Santa Clara,085,1922200,6879,5237,19,5256,162
2020-07-05,Santa Cruz,087,273765,583,467,0,467,2
2020-07-05,Shasta,089,179085,255,138,1,139,6
2020-07-05,Sierra,091,2930,1,1,0,1,0
2020-07-05,Siskiyou,093,43540,46,30,0,30,0
2020-07-05,Solano,095,438530,2274,1547,9,1556,22
2020-07-05,Sonoma,097,501317,1842,1369,5,1374,8
2020-07-05,Stanislaus,099,539301,5292,3777,7,3784,45
2020-07-05,Sutter,101,95872,323,241,0,241,2
2020-07-05,Tehama,103,63373,120,95,2,97,1
2020-07-05,Trinity,105,12862,19,2,5,7,0
2020-07-05,Tulare,107,460477,6467,4981,15,4996,135
2020-07-05,Tuolumne,109,53932,67,30,2,32,0
2020-07-05,Ventura,111,848112,5203,3866,19,3885,44
2020-07-05,Yolo,113,214977,936,644,3,647,26
2020-07-05,Yuba,115,75493,137,115,0,115,1
2020-07-04,Alameda,001,1643700,8068,6737,12,6749,141
2020-07-04,Alpine,003,1148,1,1,0,1,0
2020-07-04,Amador,005,37829,36,31,0,31,0
2020-07-04,Butte,007,227075,378,224,8,232,2
2020-07-04,Calaveras,009,45235,69,45,0,45,0
2020-07-04,Colusa,011,21464,123,76,0,76,0
2020-07-04,Contra Costa,013,1133247,4877,3583,6,3589,80
2020-07-04,Del Norte,015,27424,60,50,0,50,0
2020-07-04,El Dorado,017,186661,366,211,1,212,0
2020-07-04,Fresno,019,978130,11685,5999,90,6089,82
2020-07-04,Glenn,021,27897,187,128,0,128,0
2020-07-04,Humboldt,023,135768,177,144,1,145,3
2020-07-04,Imperial,025,180216,8540,6441,4,6445,47
2020-07-04,Inyo,027,18085,35,32,1,33,1
2020-07-04,Kern,029,883053,11685,5231,38,5269,81
2020-07-04,Kings,031,150075,3023,2509,10,2519,31
2020-07-04,Lake,033,64148,115,86,0,86,1
2020-07-04,Lassen,035,31185,258,219,2,221,0
2020-07-04,Los Angeles,037,10098052,131716,107256,81,107337,3462
2020-07-04,Madera,039,155013,1223,568,3,571,4
2020-07-04,Marin,041,260295,3418,1962,4,1966,17
2020-07-04,Mariposa,043,17540,36,28,0,28,1
2020-07-04,Mendocino,045,87422,104,72,0,72,0
2020-07-04,Merced,047,269075,2247,1252,2,1254,10
2020-07-04,Modoc,049,8938,1,0,0,0,0
2020-07-04,Mono,051,14174,54,37,0,37,1
2020-07-04,Monterey,053,433212,2620,1878,7,1885,15
2020-07-04,Napa,055,140530,571,426,0,426,4
2020-07-04,Nevada,057,99092,183,125,5,130,1
2020-07-04,Orange,059,3164182,27082,19247,272,19519,372
2020-07-04,Placer,061,380077,1130,796,3,799,11
2020-07-04,Plumas,063,18699,16,11,0,11,0
2020-07-04,Riverside,065,2383286,27333,21508,29,21537,474
2020-07-04,Sacramento,067,1510023,5499,4039,6,4045,71
2020-07-04,San Benito,069,59416,335,255,0,255,2
2020-07-04,San Bernardino,071,2135413,22674,14636,14,14650,270
2020-07-04,San Diego,073,3302833,20174,16166,2,16168,387
2020-07-04,San Francisco,075,870044,4458,3861,2,3863,50
2020-07-04,San Joaquin,077,732212,6849,4807,5,4812,57
2020-07-04,San Luis Obispo,079,281455,1033,699,7,706,2
2020-07-04,San Mateo,081,765935,4013,3532,6,3538,106
2020-07-04,Santa Barbara,083,443738,4302,3520,35,3555,27
2020-07-04,Santa Clara,085,1922200,6687,5045,18,5063,161
2020-07-04,Santa Cruz,087,273765,573,466,0,466,2
2020-07-04,Shasta,089,179085,252,135,1,136,6
2020-07-04,Sierra,091,2930,1,1,0,1,0
2020-07-04,Siskiyou,093,43540,39,30,0,30,0
2020-07-04,Solano,095,438530,2238,1548,9,1557,22
2020-07-04,Sonoma,097,501317,1816,1370,5,1375,8
2020-07-04,Stanislaus,099,539301,5134,3572,7,3579,44
2020-07-04,Sutter,101,95872,304,225,0,225,2
2020-07-04,Tehama,103,63373,117,92,2,94,1
2020-07-04,Trinity,105,12862,19,2,5,7,0
2020-07-04,Tulare,107,460477,6355,4802,14,4816,135
2020-07-04,Tuolumne,109,53932,63,30,2,32,0
2020-07-04,Ventura,111,848112,5079,3687,19,3706,44
2020-07-04,Yolo,113,214977,911,615,3,618,26
2020-07-04,Yuba,115,75493,130,102,0,102,1
2020-07-03,Alameda,001,1643700,7947,6486,12,6498,141
2020-07-03,Alpine,003,1148,1,1,0,1,0
2020-07-03,Amador,005,37829,36,25,0,25,0
2020-07-03,Butte,007,227075,366,212,8,220,2
2020-07-03,Calaveras,009,45235,69,44,0,44,0
2020-07-03,Colusa,011,21464,117,70,0,70,0
2020-07-03,Contra Costa,013,1133247,4743,3447,6,3453,78
2020-07-03,Del Norte,015,27424,60,50,0,50,0
2020-07-03,El Dorado,017,186661,354,201,1,202,0
2020-07-03,Fresno,019,978130,11380,5783,87,5870,81
2020-07-03,Glenn,021,27897,182,122,0,122,0
2020-07-03,Humboldt,023,135768,173,143,1,144,3
2020-07-03,Imperial,025,180216,8492,6345,4,6349,47
2020-07-03,Inyo,027,18085,35,32,1,33,1
2020-07-03,Kern,029,883053,11424,5213,38,5251,81
2020-07-03,Kings,031,150075,2987,2492,10,2502,31
2020-07-03,Lake,033,64148,108,83,0,83,0
2020-07-03,Lassen,035,31185,258,219,2,221,0
2020-07-03,Los Angeles,037,10098052,130199,107236,77,107313,3461
2020-07-03,Madera,039,155013,1178,565,3,568,4
2020-07-03,Marin,041,260295,3390,1776,4,1780,17
2020-07-03,Mariposa,043,17540,36,28,0,28,1
2020-07-03,Mendocino,045,87422,103,72,0,72,0
2020-07-03,Merced,047,269075,2181,1188,2,1190,10
2020-07-03,Modoc,049,8938,1,0,0,0,0
2020-07-03,Mono,051,14174,54,37,0,37,1
2020-07-03,Monterey,053,433212,2550,1804,7,1811,15
2020-07-03,Napa,055,140530,553,388,0,388,4
2020-07-03,Nevada,057,99092,182,125,5,130,1
2020-07-03,Orange,059,3164182,26691,18819,264,19083,366
2020-07-03,Placer,061,380077,1103,745,3,748,11
2020-07-03,Plumas,063,18699,16,11,0,11,0
2020-07-03,Riverside,065,2383286,27027,21171,29,21200,472
2020-07-03,Sacramento,067,1510023,5365,3711,6,3717,71
2020-07-03,San Benito,069,59416,328,243,0,243,2
2020-07-03,San Bernardino,071,2135413,22285,14040,14,14054,269
2020-07-03,San Diego,073,3302833,19719,15698,2,15700,387
2020-07-03,San Francisco,075,870044,4411,3781,2,3783,50
2020-07-03,San Joaquin,077,732212,6710,4416,4,4420,56
2020-07-03,San Luis Obispo,079,281455,998,676,7,683,2
2020-07-03,San Mateo,081,765935,3956,3439,6,3445,106
2020-07-03,Santa Barbara,083,443738,4215,3406,34,3440,27
2020-07-03,Santa Clara,085,1922200,6575,4820,18,4838,161
2020-07-03,Santa Cruz,087,273765,559,436,0,436,2
2020-07-03,Shasta,089,179085,244,113,1,114,6
2020-07-03,Sierra,091,2930,1,1,0,1,0
2020-07-03,Siskiyou,093,43540,36,30,0,30,0
2020-07-03,Solano,095,438530,2194,1496,8,1504,22
2020-07-03,Sonoma,097,501317,1767,1282,5,1287,8
2020-07-03,Stanislaus,099,539301,5010,3021,7,3028,43
2020-07-03,Sutter,101,95872,294,205,0,205,2
2020-07-03,Tehama,103,63373,115,89,2,91,1
2020-07-03,Trinity,105,12862,19,2,5,7,0
2020-07-03,Tulare,107,460477,6240,4656,14,4670,134
2020-07-03,Tuolumne,109,53932,61,27,2,29,0
2020-07-03,Ventura,111,848112,4983,3536,19,3555,44
2020-07-03,Yolo,113,214977,877,586,3,589,25
2020-07-03,Yuba,115,75493,125,96,0,96,1
2020-07-02,Alameda,001,1643700,7821,6386,12,6398,139
2020-07-02,Alpine,003,1148,1,1,0,1,0
2020-07-02,Amador,005,37829,35,23,0,23,0
2020-07-02,Butte,007,227075,349,199,8,207,2
2020-07-02,Calaveras,009,45235,65,42,0,42,0
2020-07-02,Colusa,011,21464,109,60,0,60,0
2020-07-02,Contra Costa,013,1133247,4559,3347,6,3353,77
2020-07-02,Del Norte,015,27424,59,50,0,50,0
2020-07-02,El Dorado,017,186661,343,193,1,194,0
2020-07-02,Fresno,019,978130,10920,5402,86,5488,78
2020-07-02,Glenn,021,27897,176,114,0,114,0
2020-07-02,Humboldt,023,135768,169,138,1,139,3
2020-07-02,Imperial,025,180216,8391,6236,4,6240,47
2020-07-02,Inyo,027,18085,35,29,1,30,1
2020-07-02,Kern,029,883053,10888,5036,36,5072,78
2020-07-02,Kings,031,150075,2936,2419,10,2429,31
2020-07-02,Lake,033,64148,104,81,0,81,0
2020-07-02,Lassen,035,31185,256,218,2,220,0
2020-07-02,Los Angeles,037,10098052,128182,107144,54,107198,3458
2020-07-02,Madera,039,155013,1110,548,3,551,4
2020-07-02,Marin,041,260295,3304,1706,4,1710,17
2020-07-02,Mariposa,043,17540,35,28,0,28,1
2020-07-02,Mendocino,045,87422,99,71,0,71,0
2020-07-02,Merced,047,269075,2084,1122,2,1124,10
2020-07-02,Modoc,049,8938,1,0,0,0,0
2020-07-02,Mono,051,14174,54,37,0,37,1
2020-07-02,Monterey,053,433212,2490,1796,7,1803,15
2020-07-02,Napa,055,140530,536,352,0,352,4
2020-07-02,Nevada,057,99092,176,118,4,122,1
2020-07-02,Orange,059,3164182,25927,17056,251,17307,360
2020-07-02,Placer,061,380077,1079,740,3,743,11
2020-07-02,Plumas,063,18699,15,8,0,8,0
2020-07-02,Riverside,065,2383286,26454,20253,29,20282,458
2020-07-02,Sacramento,067,1510023,5138,3587,6,3593,70
2020-07-02,San Benito,069,59416,320,236,0,236,2
2020-07-02,San Bernardino,071,2135413,21749,13185,14,13199,260
2020-07-02,San Diego,073,3302833,19254,15208,2,15210,377
2020-07-02,San Francisco,075,870044,4316,3676,2,3678,50
2020-07-02,San Joaquin,077,732212,6363,4243,4,4247,56
2020-07-02,San Luis Obispo,079,281455,953,659,7,666,2
2020-07-02,San Mateo,081,765935,3876,3390,6,3396,107
2020-07-02,Santa Barbara,083,443738,4115,3385,32,3417,27
2020-07-02,Santa Clara,085,1922200,6449,4722,18,4740,160
2020-07-02,Santa Cruz,087,273765,536,414,0,414,2
2020-07-02,Shasta,089,179085,241,110,1,111,5
2020-07-02,Sierra,091,2930,1,1,0,1,0
2020-07-02,Siskiyou,093,43540,36,30,0,30,0
2020-07-02,Solano,095,438530,2111,1429,8,1437,21
2020-07-02,Sonoma,097,501317,1709,1244,5,1249,6
2020-07-02,Stanislaus,099,539301,4838,2850,7,2857,41
2020-07-02,Sutter,101,95872,282,195,0,195,2
2020-07-02,Tehama,103,63373,113,86,2,88,1
2020-07-02,Trinity,105,12862,19,2,5,7,0
2020-07-02,Tulare,107,460477,6073,4559,13,4572,132
2020-07-02,Tuolumne,109,53932,58,23,2,25,0
2020-07-02,Ventura,111,848112,4827,3394,19,3413,42
2020-07-02,Yolo,113,214977,845,554,3,557,24
2020-07-02,Yuba,115,75493,115,93,0,93,1
2020-07-01,Alameda,001,1643700,7599,6125,12,6137,137
2020-07-01,Alpine,003,1148,1,1,0,1,0
2020-07-01,Amador,005,37829,34,22,0,22,0
2020-07-01,Butte,007,227075,324,185,8,193,2
2020-07-01,Calaveras,009,45235,63,37,0,37,0
2020-07-01,Colusa,011,21464,103,53,0,53,0
2020-07-01,Contra Costa,013,1133247,4347,3259,6,3265,76
2020-07-01,Del Norte,015,27424,59,50,0,50,0
2020-07-01,El Dorado,017,186661,316,183,1,184,0
2020-07-01,Fresno,019,978130,10486,5111,83,5194,76
2020-07-01,Glenn,021,27897,170,110,0,110,0
2020-07-01,Humboldt,023,135768,164,134,0,134,3
2020-07-01,Imperial,025,180216,8294,6150,4,6154,46
2020-07-01,Inyo,027,18085,34,30,1,31,1
2020-07-01,Kern,029,883053,10255,4853,34,4887,78
2020-07-01,Kings,031,150075,2868,2360,10,2370,30
2020-07-01,Lake,033,64148,103,75,0,75,0
2020-07-01,Lassen,035,31185,255,217,2,219,0
2020-07-01,Los Angeles,037,10098052,124977,105325,45,105370,3408
2020-07-01,Madera,039,155013,1069,519,3,522,4
2020-07-01,Marin,041,260295,3147,1636,4,1640,17
2020-07-01,Mariposa,043,17540,35,29,0,29,1
2020-07-01,Mendocino,045,87422,95,70,0,70,0
2020-07-01,Merced,047,269075,1986,1052,2,1054,10
2020-07-01,Modoc,049,8938,1,0,0,0,0
2020-07-01,Mono,051,14174,51,37,0,37,1
2020-07-01,Monterey,053,433212,2382,1703,6,1709,15
2020-07-01,Napa,055,140530,513,347,0,347,4
2020-07-01,Nevada,057,99092,166,115,4,119,1
2020-07-01,Orange,059,3164182,25042,15662,230,15892,343
2020-07-01,Placer,061,380077,1032,713,3,716,11
2020-07-01,Plumas,063,18699,13,8,0,8,0
2020-07-01,Riverside,065,2383286,25612,19537,28,19565,457
2020-07-01,Sacramento,067,1510023,4883,3425,6,3431,64
2020-07-01,San Benito,069,59416,311,219,0,219,2
2020-07-01,San Bernardino,071,2135413,20854,12712,11,12723,253
2020-07-01,San Diego,073,3302833,18686,14624,2,14626,372
2020-07-01,San Francisco,075,870044,4223,3626,2,3628,50
2020-07-01,San Joaquin,077,732212,6005,3990,4,3994,54
2020-07-01,San Luis Obispo,079,281455,926,613,7,620,1
2020-07-01,San Mateo,081,765935,3814,3326,6,3332,84
2020-07-01,Santa Barbara,083,443738,3995,3268,31,3299,27
2020-07-01,Santa Clara,085,1922200,6261,4547,17,4564,159
2020-07-01,Santa Cruz,087,273765,512,398,0,398,2
2020-07-01,Shasta,089,179085,236,104,1,105,5
2020-07-01,Sierra,091,2930,1,1,0,1,0
2020-07-01,Siskiyou,093,43540,36,28,0,28,0
2020-07-01,Solano,095,438530,2022,1350,8,1358,21
2020-07-01,Sonoma,097,501317,1614,1178,5,1183,6
2020-07-01,Stanislaus,099,539301,4559,2619,7,2626,41
2020-07-01,Sutter,101,95872,269,188,0,188,2
2020-07-01,Tehama,103,63373,106,80,2,82,1
2020-07-01,Trinity,105,12862,19,2,4,6,0
2020-07-01,Tulare,107,460477,5895,4359,13,4372,128
2020-07-01,Tuolumne,109,53932,55,17,2,19,0
2020-07-01,Ventura,111,848112,4684,3224,17,3241,41
2020-07-01,Yolo,113,214977,794,526,3,529,24
2020-07-01,Yuba,115,75493,110,57,0,57,1
2020-06-30,Alameda,001,1643700,7350,5959,10,5969,137
2020-06-30,Alpine,003,1148,1,1,0,1,0
2020-06-30,Amador,005,37829,34,21,0,21,0
2020-06-30,Butte,007,227075,307,163,8,171,2
2020-06-30,Calaveras,009,45235,58,31,0,31,0
2020-06-30,Colusa,011,21464,94,33,0,33,0
2020-06-30,Contra Costa,013,1133247,4140,3140,6,3146,75
2020-06-30,Del Norte,015,27424,59,48,0,48,0
2020-06-30,El Dorado,017,186661,303,175,1,176,0
2020-06-30,Fresno,019,978130,10039,4826,77,4903,75
2020-06-30,Glenn,021,27897,165,96,0,96,0
2020-06-30,Humboldt,023,135768,160,132,0,132,3
2020-06-30,Imperial,025,180216,8196,5968,4,5972,45
2020-06-30,Inyo,027,18085,34,30,1,31,1
2020-06-30,Kern,029,883053,9608,4721,31,4752,75
2020-06-30,Kings,031,150075,2819,2315,7,2322,30
2020-06-30,Lake,033,64148,95,56,0,56,0
2020-06-30,Lassen,035,31185,248,215,2,217,0
2020-06-30,Los Angeles,037,10098052,121396,103640,42,103682,3378
2020-06-30,Madera,039,155013,1012,475,3,478,4
2020-06-30,Marin,041,260295,3076,1614,4,1618,17
2020-06-30,Mariposa,043,17540,34,27,0,27,1
2020-06-30,Mendocino,045,87422,90,65,0,65,0
2020-06-30,Merced,047,269075,1849,970,2,972,10
2020-06-30,Modoc,049,8938,1,0,0,0,0
2020-06-30,Mono,051,14174,49,36,0,36,1
2020-06-30,Monterey,053,433212,2285,1657,6,1663,15
2020-06-30,Napa,055,140530,488,342,0,342,4
2020-06-30,Nevada,057,99092,158,113,4,117,1
2020-06-30,Orange,059,3164182,24111,14354,220,14574,335
2020-06-30,Placer,061,380077,1005,667,3,670,11
2020-06-30,Plumas,063,18699,12,8,0,8,0
2020-06-30,Riverside,065,2383286,24895,18656,27,18683,449
2020-06-30,Sacramento,067,1510023,4594,3246,6,3252,64
2020-06-30,San Benito,069,59416,300,200,0,200,2
2020-06-30,San Bernardino,071,2135413,19872,12375,10,12385,249
2020-06-30,San Diego,073,3302833,17981,14150,2,14152,365
2020-06-30,San Francisco,075,870044,4118,3555,1,3556,50
2020-06-30,San Joaquin,077,732212,5630,3744,4,3748,52
2020-06-30,San Luis Obispo,079,281455,888,583,7,590,1
2020-06-30,San Mateo,081,765935,3736,3268,6,3274,84
2020-06-30,Santa Barbara,083,443738,3879,3102,31,3133,25
2020-06-30,Santa Clara,085,1922200,6059,4346,17,4363,157
2020-06-30,Santa Cruz,087,273765,486,379,0,379,2
2020-06-30,Shasta,089,179085,220,100,1,101,5
2020-06-30,Sierra,091,2930,1,1,0,1,0
2020-06-30,Siskiyou,093,43540,35,26,0,26,0
2020-06-30,Solano,095,438530,1930,1256,8,1264,21
2020-06-30,Sonoma,097,501317,1550,1122,5,1127,6
2020-06-30,Stanislaus,099,539301,4261,2578,7,2585,41
2020-06-30,Sutter,101,95872,246,168,0,168,2
2020-06-30,Tehama,103,63373,104,75,2,77,1
2020-06-30,Trinity,105,12862,19,2,4,6,0
2020-06-30,Tulare,107,460477,5686,4207,13,4220,117
2020-06-30,Tuolumne,109,53932,51,16,2,18,0
2020-06-30,Ventura,111,848112,4550,3030,17,3047,40
2020-06-30,Yolo,113,214977,756,515,3,518,24
2020-06-30,Yuba,115,75493,106,55,0,55,1
2020-06-29,Alameda,001,1643700,7141,5766,10,5776,135
2020-06-29,Alpine,003,1148,1,1,0,1,0
2020-06-29,Amador,005,37829,31,20,0,20,0
2020-06-29,Butte,007,227075,286,157,8,165,2
2020-06-29,Calaveras,009,45235,56,30,0,30,0
2020-06-29,Colusa,011,21464,89,17,0,17,0
2020-06-29,Contra Costa,013,1133247,3977,2976,5,2981,75
2020-06-29,Del Norte,015,27424,59,47,0,47,0
2020-06-29,El Dorado,017,186661,289,163,0,163,0
2020-06-29,Fresno,019,978130,9691,4531,75,4606,74
2020-06-29,Glenn,021,27897,156,77,0,77,0
2020-06-29,Humboldt,023,135768,159,128,0,128,3
2020-06-29,Imperial,025,180216,8065,5512,4,5516,45
2020-06-29,Inyo,027,18085,33,29,0,29,1
2020-06-29,Kern,029,883053,8945,4613,29,4642,73
2020-06-29,Kings,031,150075,2754,2280,7,2287,20
2020-06-29,Lake,033,64148,88,53,0,53,0
2020-06-29,Lassen,035,31185,240,77,2,79,0
2020-06-29,Los Angeles,037,10098052,118358,100846,36,100882,3337
2020-06-29,Madera,039,155013,955,422,3,425,4
2020-06-29,Marin,041,260295,3000,1517,4,1521,17
2020-06-29,Mariposa,043,17540,32,25,0,25,1
2020-06-29,Mendocino,045,87422,87,63,0,63,0
2020-06-29,Merced,047,269075,1743,848,2,850,10
2020-06-29,Modoc,049,8938,1,0,0,0,0
2020-06-29,Mono,051,14174,47,35,0,35,1
2020-06-29,Monterey,053,433212,2213,1614,6,1620,14
2020-06-29,Napa,055,140530,466,317,0,317,4
2020-06-29,Nevada,057,99092,155,107,3,110,1
2020-06-29,Orange,059,3164182,23121,13682,204,13886,324
2020-06-29,Placer,061,380077,969,628,3,631,11
2020-06-29,Plumas,063,18699,12,6,0,6,0
2020-06-29,Riverside,065,2383286,23861,17683,27,17710,432
2020-06-29,Sacramento,067,1510023,4307,2985,6,2991,62
2020-06-29,San Benito,069,59416,285,193,0,193,2
2020-06-29,San Bernardino,071,2135413,18911,11643,10,11653,245
2020-06-29,San Diego,073,3302833,17403,13834,2,13836,361
2020-06-29,San Francisco,075,870044,4041,3389,1,3390,50
2020-06-29,San Joaquin,077,732212,5272,3202,4,3206,52
2020-06-29,San Luis Obispo,079,281455,854,544,7,551,1
2020-06-29,San Mateo,081,765935,3682,3170,6,3176,84
2020-06-29,Santa Barbara,083,443738,3770,2933,30,2963,25
2020-06-29,Santa Clara,085,1922200,5888,4231,17,4248,157
2020-06-29,Santa Cruz,087,273765,468,348,0,348,2
2020-06-29,Shasta,089,179085,212,94,1,95,5
2020-06-29,Sierra,091,2930,1,1,0,1,0
2020-06-29,Siskiyou,093,43540,35,25,0,25,0
2020-06-29,Solano,095,438530,1828,1077,8,1085,21
2020-06-29,Sonoma,097,501317,1478,1103,5,1108,5
2020-06-29,Stanislaus,099,539301,4055,2400,6,2406,36
2020-06-29,Sutter,101,95872,224,152,0,152,2
2020-06-29,Tehama,103,63373,100,63,2,65,1
2020-06-29,Trinity,105,12862,18,2,4,6,0
2020-06-29,Tulare,107,460477,5531,3906,12,3918,117
2020-06-29,Tuolumne,109,53932,47,16,2,18,0
2020-06-29,Ventura,111,848112,4403,2794,17,2811,40
2020-06-29,Yolo,113,214977,723,483,3,486,24
2020-06-29,Yuba,115,75493,93,55,0,55,1
2020-06-28,Alameda,001,1643700,6882,5698,10,5708,135
2020-06-28,Alpine,003,1148,1,1,0,1,0
2020-06-28,Amador,005,37829,29,20,0,20,0
2020-06-28,Butte,007,227075,266,150,8,158,2
2020-06-28,Calaveras,009,45235,51,30,0,30,0
2020-06-28,Colusa,011,21464,74,17,0,17,0
2020-06-28,Contra Costa,013,1133247,3787,2803,4,2807,73
2020-06-28,Del Norte,015,27424,58,47,0,47,0
2020-06-28,El Dorado,017,186661,277,162,0,162,0
2020-06-28,Fresno,019,978130,9329,4365,75,4440,74
2020-06-28,Glenn,021,27897,148,77,0,77,0
2020-06-28,Humboldt,023,135768,156,127,0,127,3
2020-06-28,Imperial,025,180216,7876,5513,4,5517,45
2020-06-28,Inyo,027,18085,33,29,0,29,1
2020-06-28,Kern,029,883053,8394,4541,27,4568,72
2020-06-28,Kings,031,150075,2694,2234,7,2241,18
2020-06-28,Lake,033,64148,84,53,0,53,0
2020-06-28,Lassen,035,31185,240,77,2,79,0
2020-06-28,Los Angeles,037,10098052,115156,98003,32,98035,3316
2020-06-28,Madera,039,155013,907,424,3,427,4
2020-06-28,Marin,041,260295,2654,1473,4,1477,17
2020-06-28,Mariposa,043,17540,32,24,0,24,1
2020-06-28,Mendocino,045,87422,85,63,0,63,0
2020-06-28,Merced,047,269075,1630,814,2,816,10
2020-06-28,Modoc,049,8938,1,0,0,0,0
2020-06-28,Mono,051,14174,47,35,0,35,1
2020-06-28,Monterey,053,433212,2131,1560,6,1566,13
2020-06-28,Napa,055,140530,432,307,0,307,4
2020-06-28,Nevada,057,99092,144,102,3,105,1
2020-06-28,Orange,059,3164182,22147,13213,186,13399,324
2020-06-28,Placer,061,380077,930,618,3,621,11
2020-06-28,Plumas,063,18699,11,6,0,6,0
2020-06-28,Riverside,065,2383286,23033,16848,26,16874,432
2020-06-28,Sacramento,067,1510023,4079,2803,6,2809,63
2020-06-28,San Benito,069,59416,274,190,0,190,2
2020-06-28,San Bernardino,071,2135413,18158,11344,9,11353,245
2020-06-28,San Diego,073,3302833,16858,13333,2,13335,361
2020-06-28,San Francisco,075,870044,3962,3388,1,3389,50
2020-06-28,San Joaquin,077,732212,4935,3201,4,3205,52
2020-06-28,San Luis Obispo,079,281455,815,531,6,537,1
2020-06-28,San Mateo,081,765935,3604,3124,6,3130,84
2020-06-28,Santa Barbara,083,443738,3625,2872,30,2902,25
2020-06-28,Santa Clara,085,1922200,5726,4131,17,4148,156
2020-06-28,Santa Cruz,087,273765,445,349,0,349,2
2020-06-28,Shasta,089,179085,199,89,0,89,5
2020-06-28,Sierra,091,2930,1,1,0,1,0
2020-06-28,Siskiyou,093,43540,35,25,0,25,0
2020-06-28,Solano,095,438530,1753,1077,8,1085,21
2020-06-28,Sonoma,097,501317,1424,1084,5,1089,5
2020-06-28,Stanislaus,099,539301,3849,2376,6,2382,36
2020-06-28,Sutter,101,95872,198,145,0,145,2
2020-06-28,Tehama,103,63373,93,63,2,65,1
2020-06-28,Trinity,105,12862,17,2,4,6,0
2020-06-28,Tulare,107,460477,5363,3812,12,3824,117
2020-06-28,Tuolumne,109,53932,42,14,2,16,0
2020-06-28,Ventura,111,848112,4245,2650,17,2667,40
2020-06-28,Yolo,113,214977,688,468,3,471,24
2020-06-28,Yuba,115,75493,89,39,0,39,1
2020-06-27,Alameda,001,1643700,6786,5581,10,5591,135
2020-06-27,Alpine,003,1148,1,1,0,1,0
2020-06-27,Amador,005,37829,27,20,0,20,0
2020-06-27,Butte,007,227075,258,137,8,145,2
2020-06-27,Calaveras,009,45235,49,30,0,30,0
2020-06-27,Colusa,011,21464,68,17,0,17,0
2020-06-27,Contra Costa,013,1133247,3692,2717,3,2720,72
2020-06-27,Del Norte,015,27424,58,47,0,47,0
2020-06-27,El Dorado,017,186661,271,159,0,159,0
2020-06-27,Fresno,019,978130,9083,4238,75,4313,74
2020-06-27,Glenn,021,27897,144,77,0,77,0
2020-06-27,Humboldt,023,135768,154,127,0,127,3
2020-06-27,Imperial,025,180216,7815,5513,4,5517,45
2020-06-27,Inyo,027,18085,33,29,0,29,1
2020-06-27,Kern,029,883053,8130,4411,26,4437,70
2020-06-27,Kings,031,150075,2668,2187,7,2194,18
2020-06-27,Lake,033,64148,81,42,0,42,0
2020-06-27,Lassen,035,31185,240,33,2,35,0
2020-06-27,Los Angeles,037,10098052,113414,95341,29,95370,3291
2020-06-27,Madera,039,155013,864,427,2,429,4
2020-06-27,Marin,041,260295,2609,1423,4,1427,17
2020-06-27,Mariposa,043,17540,31,22,0,22,1
2020-06-27,Mendocino,045,87422,85,63,0,63,0
2020-06-27,Merced,047,269075,1572,807,1,808,10
2020-06-27,Modoc,049,8938,1,0,0,0,0
2020-06-27,Mono,051,14174,46,35,0,35,1
2020-06-27,Monterey,053,433212,2067,1455,6,1461,12
2020-06-27,Napa,055,140530,422,282,0,282,3
2020-06-27,Nevada,057,99092,140,102,2,104,1
2020-06-27,Orange,059,3164182,21636,12951,181,13132,320
2020-06-27,Placer,061,380077,909,584,3,587,10
2020-06-27,Plumas,063,18699,11,6,0,6,0
2020-06-27,Riverside,065,2383286,22644,16209,26,16235,432
2020-06-27,Sacramento,067,1510023,3962,2685,6,2691,63
2020-06-27,San Benito,069,59416,267,182,0,182,2
2020-06-27,San Bernardino,071,2135413,17780,11238,9,11247,243
2020-06-27,San Diego,073,3302833,16493,12836,2,12838,360
2020-06-27,San Francisco,075,870044,3907,3332,1,3333,49
2020-06-27,San Joaquin,077,732212,4769,2995,4,2999,52
2020-06-27,San Luis Obispo,079,281455,792,505,6,511,1
2020-06-27,San Mateo,081,765935,3547,3083,6,3089,83
2020-06-27,Santa Barbara,083,443738,3553,2799,30,2829,25
2020-06-27,Santa Clara,085,1922200,5620,4006,17,4023,157
2020-06-27,Santa Cruz,087,273765,438,347,0,347,2
2020-06-27,Shasta,089,179085,193,87,0,87,5
2020-06-27,Sierra,091,2930,1,1,0,1,0
2020-06-27,Siskiyou,093,43540,35,25,0,25,0
2020-06-27,Solano,095,438530,1720,1076,8,1084,21
2020-06-27,Sonoma,097,501317,1392,1004,5,1009,5
2020-06-27,Stanislaus,099,539301,3749,2164,6,2170,36
2020-06-27,Sutter,101,95872,191,141,0,141,2
2020-06-27,Tehama,103,63373,90,63,2,65,1
2020-06-27,Trinity,105,12862,17,2,4,6,0
2020-06-27,Tulare,107,460477,5267,3810,12,3822,117
2020-06-27,Tuolumne,109,53932,41,13,2,15,0
2020-06-27,Ventura,111,848112,4145,2471,17,2488,40
2020-06-27,Yolo,113,214977,664,432,3,435,24
2020-06-27,Yuba,115,75493,81,39,0,39,1
2020-06-26,Alameda,001,1643700,6700,5502,9,5511,132
2020-06-26,Alpine,003,1148,1,1,0,1,0
2020-06-26,Amador,005,37829,26,20,0,20,0
2020-06-26,Butte,007,227075,243,135,8,143,2
2020-06-26,Calaveras,009,45235,47,30,0,30,0
2020-06-26,Colusa,011,21464,63,17,0,17,0
2020-06-26,Contra Costa,013,1133247,3579,2676,3,2679,72
2020-06-26,Del Norte,015,27424,57,47,0,47,0
2020-06-26,El Dorado,017,186661,263,159,0,159,0
2020-06-26,Fresno,019,978130,8857,4166,75,4241,74
2020-06-26,Glenn,021,27897,137,71,0,71,0
2020-06-26,Humboldt,023,135768,152,126,0,126,3
2020-06-26,Imperial,025,180216,7752,5400,4,5404,44
2020-06-26,Inyo,027,18085,32,29,0,29,1
2020-06-26,Kern,029,883053,7800,4366,26,4392,70
2020-06-26,Kings,031,150075,2636,2176,6,2182,18
2020-06-26,Lake,033,64148,80,42,0,42,0
2020-06-26,Lassen,035,31185,239,30,2,32,0
2020-06-26,Los Angeles,037,10098052,111249,93328,29,93357,3275
2020-06-26,Madera,039,155013,832,409,2,411,4
2020-06-26,Marin,041,260295,2572,1406,4,1410,17
2020-06-26,Mariposa,043,17540,30,21,0,21,1
2020-06-26,Mendocino,045,87422,82,63,0,63,0
2020-06-26,Merced,047,269075,1526,797,1,798,10
2020-06-26,Modoc,049,8938,1,0,0,0,0
2020-06-26,Mono,051,14174,45,35,0,35,1
2020-06-26,Monterey,053,433212,2015,1449,6,1455,12
2020-06-26,Napa,055,140530,412,277,0,277,3
2020-06-26,Nevada,057,99092,136,101,1,102,1
2020-06-26,Orange,059,3164182,20960,12659,178,12837,320
2020-06-26,Placer,061,380077,880,584,3,587,10
2020-06-26,Plumas,063,18699,11,6,0,6,0
2020-06-26,Riverside,065,2383286,22181,15858,26,15884,430
2020-06-26,Sacramento,067,1510023,3797,2687,6,2693,63
2020-06-26,San Benito,069,59416,263,176,0,176,2
2020-06-26,San Bernardino,071,2135413,17403,11111,9,11120,243
2020-06-26,San Diego,073,3302833,16128,12402,2,12404,358
2020-06-26,San Francisco,075,870044,3852,3330,1,3331,49
2020-06-26,San Joaquin,077,732212,4555,2943,4,2947,52
2020-06-26,San Luis Obispo,079,281455,777,498,6,504,1
2020-06-26,San Mateo,081,765935,3495,3055,6,3061,83
2020-06-26,Santa Barbara,083,443738,3463,2784,28,2812,25
2020-06-26,Santa Clara,085,1922200,5519,3968,17,3985,156
2020-06-26,Santa Cruz,087,273765,431,344,0,344,2
2020-06-26,Shasta,089,179085,186,86,0,86,5
2020-06-26,Sierra,091,2930,1,1,0,1,0
2020-06-26,Siskiyou,093,43540,34,24,0,24,0
2020-06-26,Solano,095,438530,1678,1068,8,1076,21
2020-06-26,Sonoma,097,501317,1361,977,5,982,5
2020-06-26,Stanislaus,099,539301,3636,2157,6,2163,36
2020-06-26,Sutter,101,95872,184,138,0,138,2
2020-06-26,Tehama,103,63373,87,63,2,65,1
2020-06-26,Trinity,105,12862,17,2,4,6,0
2020-06-26,Tulare,107,460477,5178,3720,12,3732,117
2020-06-26,Tuolumne,109,53932,39,10,2,12,0
2020-06-26,Ventura,111,848112,4059,2444,17,2461,40
2020-06-26,Yolo,113,214977,641,418,3,421,24
2020-06-26,Yuba,115,75493,75,38,0,38,1
2020-06-25,Alameda,001,1643700,6511,5398,9,5407,130
2020-06-25,Alpine,003,1148,1,1,0,1,0
2020-06-25,Amador,005,37829,25,18,0,18,0
2020-06-25,Butte,007,227075,238,127,8,135,1
2020-06-25,Calaveras,009,45235,42,26,0,26,0
2020-06-25,Colusa,011,21464,53,14,0,14,0
2020-06-25,Contra Costa,013,1133247,3394,2591,3,2594,71
2020-06-25,Del Norte,015,27424,55,47,0,47,0
2020-06-25,El Dorado,017,186661,255,150,0,150,0
2020-06-25,Fresno,019,978130,8544,3938,74,4012,71
2020-06-25,Glenn,021,27897,132,59,0,59,0
2020-06-25,Humboldt,023,135768,151,121,0,121,3
2020-06-25,Imperial,025,180216,7623,5192,4,5196,44
2020-06-25,Inyo,027,18085,29,27,0,27,1
2020-06-25,Kern,029,883053,7375,4236,23,4259,69
2020-06-25,Kings,031,150075,2584,2110,6,2116,17
2020-06-25,Lake,033,64148,79,42,0,42,0
2020-06-25,Lassen,035,31185,233,13,2,15,0
2020-06-25,Los Angeles,037,10098052,108483,91524,29,91553,3239
2020-06-25,Madera,039,155013,788,380,2,382,4
2020-06-25,Marin,041,260295,2470,1321,4,1325,17
2020-06-25,Mariposa,043,17540,29,20,0,20,1
2020-06-25,Mendocino,045,87422,79,61,0,61,0
2020-06-25,Merced,047,269075,1439,747,1,748,10
2020-06-25,Modoc,049,8938,1,0,0,0,0
2020-06-25,Mono,051,14174,44,35,0,35,1
2020-06-25,Monterey,053,433212,1927,1426,5,1431,12
2020-06-25,Napa,055,140530,394,260,0,260,3
2020-06-25,Nevada,057,99092,128,92,1,93,1
2020-06-25,Orange,059,3164182,20038,12221,176,12397,311
2020-06-25,Placer,061,380077,826,574,3,577,10
2020-06-25,Plumas,063,18699,10,6,0,6,0
2020-06-25,Riverside,065,2383286,21426,15224,26,15250,427
2020-06-25,Sacramento,067,1510023,3574,2519,6,2525,62
2020-06-25,San Benito,069,59416,255,174,0,174,2
2020-06-25,San Bernardino,071,2135413,16650,10590,9,10599,242
2020-06-25,San Diego,073,3302833,15589,11963,2,11965,352
2020-06-25,San Francisco,075,870044,3786,3252,1,3253,48
2020-06-25,San Joaquin,077,732212,4282,2803,4,2807,50
2020-06-25,San Luis Obispo,079,281455,745,473,6,479,1
2020-06-25,San Mateo,081,765935,3427,2996,6,3002,82
2020-06-25,Santa Barbara,083,443738,3358,2622,27,2649,25
2020-06-25,Santa Clara,085,1922200,5370,3871,17,3888,156
2020-06-25,Santa Cruz,087,273765,419,335,0,335,2
2020-06-25,Shasta,089,179085,176,84,0,84,5
2020-06-25,Sierra,091,2930,1,1,0,1,0
2020-06-25,Siskiyou,093,43540,33,24,0,24,0
2020-06-25,Solano,095,438530,1625,1034,8,1042,21
2020-06-25,Sonoma,097,501317,1312,953,4,957,5
2020-06-25,Stanislaus,099,539301,3424,2130,6,2136,36
2020-06-25,Sutter,101,95872,172,126,0,126,2
2020-06-25,Tehama,103,63373,83,59,2,61,1
2020-06-25,Trinity,105,12862,17,2,4,6,0
2020-06-25,Tulare,107,460477,5047,3656,12,3668,117
2020-06-25,Tuolumne,109,53932,38,10,1,11,0
2020-06-25,Ventura,111,848112,3877,2346,16,2362,40
2020-06-25,Yolo,113,214977,612,397,3,400,24
2020-06-25,Yuba,115,75493,64,38,0,38,1
2020-06-24,Alameda,001,1643700,6349,5242,9,5251,123
2020-06-24,Alpine,003,1148,1,1,0,1,0
2020-06-24,Amador,005,37829,23,16,0,16,0
2020-06-24,Butte,007,227075,222,119,7,126,1
2020-06-24,Calaveras,009,45235,40,26,0,26,0
2020-06-24,Colusa,011,21464,44,11,0,11,0
2020-06-24,Contra Costa,013,1133247,3239,2520,3,2523,66
2020-06-24,Del Norte,015,27424,49,47,0,47,0
2020-06-24,El Dorado,017,186661,239,149,0,149,0
2020-06-24,Fresno,019,978130,8213,3765,74,3839,71
2020-06-24,Glenn,021,27897,124,54,0,54,0
2020-06-24,Humboldt,023,135768,151,117,0,117,3
2020-06-24,Imperial,025,180216,7505,5138,4,5142,38
2020-06-24,Inyo,027,18085,29,28,0,28,1
2020-06-24,Kern,029,883053,6982,4155,21,4176,67
2020-06-24,Kings,031,150075,2520,2063,6,2069,16
2020-06-24,Lake,033,64148,66,40,0,40,0
2020-06-24,Lassen,035,31185,232,9,2,11,0
2020-06-24,Los Angeles,037,10098052,105720,89566,29,89595,3186
2020-06-24,Madera,039,155013,766,373,2,375,4
2020-06-24,Marin,041,260295,2242,1261,4,1265,17
2020-06-24,Mariposa,043,17540,28,19,0,19,1
2020-06-24,Mendocino,045,87422,79,60,0,60,0
2020-06-24,Merced,047,269075,1353,696,1,697,8
2020-06-24,Modoc,049,8938,1,0,0,0,0
2020-06-24,Mono,051,14174,42,35,0,35,1
2020-06-24,Monterey,053,433212,1850,1407,5,1412,12
2020-06-24,Napa,055,140530,377,258,0,258,3
2020-06-24,Nevada,057,99092,122,92,1,93,1
2020-06-24,Orange,059,3164182,19041,11804,158,11962,303
2020-06-24,Placer,061,380077,787,548,3,551,10
2020-06-24,Plumas,063,18699,10,6,0,6,0
2020-06-24,Riverside,065,2383286,20578,14946,26,14972,410
2020-06-24,Sacramento,067,1510023,3370,2446,5,2451,62
2020-06-24,San Benito,069,59416,251,171,0,171,2
2020-06-24,San Bernardino,071,2135413,15836,10211,9,10220,239
2020-06-24,San Diego,073,3302833,15086,11628,2,11630,347
2020-06-24,San Francisco,075,870044,3723,3216,1,3217,48
2020-06-24,San Joaquin,077,732212,4061,2680,4,2684,49
2020-06-24,San Luis Obispo,079,281455,714,461,5,466,1
2020-06-24,San Mateo,081,765935,3370,2964,6,2970,82
2020-06-24,Santa Barbara,083,443738,3239,2569,25,2594,22
2020-06-24,Santa Clara,085,1922200,5239,3812,17,3829,155
2020-06-24,Santa Cruz,087,273765,407,329,0,329,2
2020-06-24,Shasta,089,179085,168,83,0,83,5
2020-06-24,Sierra,091,2930,1,1,0,1,0
2020-06-24,Siskiyou,093,43540,32,24,0,24,0
2020-06-24,Solano,095,438530,1535,979,7,986,21
2020-06-24,Sonoma,097,501317,1263,933,4,937,4
2020-06-24,Stanislaus,099,539301,3245,2039,6,2045,36
2020-06-24,Sutter,101,95872,159,118,0,118,2
2020-06-24,Tehama,103,63373,81,55,2,57,1
2020-06-24,Trinity,105,12862,16,2,3,5,0
2020-06-24,Tulare,107,460477,4892,3541,10,3551,116
2020-06-24,Tuolumne,109,53932,33,9,1,10,0
2020-06-24,Ventura,111,848112,3536,2314,16,2330,42
2020-06-24,Yolo,113,214977,577,376,3,379,24
2020-06-24,Yuba,115,75493,58,37,0,37,1
2020-06-23,Alameda,001,1643700,6168,5159,9,5168,121
2020-06-23,Alpine,003,1148,1,1,0,1,0
2020-06-23,Amador,005,37829,22,13,0,13,0
2020-06-23,Butte,007,227075,204,111,7,118,1
2020-06-23,Calaveras,009,45235,40,26,0,26,0
2020-06-23,Colusa,011,21464,40,7,0,7,0
2020-06-23,Contra Costa,013,1133247,3113,2453,3,2456,60
2020-06-23,Del Norte,015,27424,48,46,0,46,0
2020-06-23,El Dorado,017,186661,230,142,0,142,0
2020-06-23,Fresno,019,978130,7561,3569,72,3641,67
2020-06-23,Glenn,021,27897,120,47,0,47,0
2020-06-23,Humboldt,023,135768,151,110,0,110,3
2020-06-23,Imperial,025,180216,7342,5025,4,5029,38
2020-06-23,Inyo,027,18085,29,26,0,26,1
2020-06-23,Kern,029,883053,6614,4087,18,4105,64
2020-06-23,Kings,031,150075,2455,1727,6,1733,16
2020-06-23,Lake,033,64148,60,40,0,40,0
2020-06-23,Lassen,035,31185,228,9,2,11,0
2020-06-23,Los Angeles,037,10098052,102777,88433,28,88461,3152
2020-06-23,Madera,039,155013,727,369,2,371,4
2020-06-23,Marin,041,260295,1974,1139,4,1143,17
2020-06-23,Mariposa,043,17540,26,18,0,18,1
2020-06-23,Mendocino,045,87422,78,61,0,61,0
2020-06-23,Merced,047,269075,1255,656,1,657,8
2020-06-23,Modoc,049,8938,1,0,0,0,0
2020-06-23,Mono,051,14174,42,35,0,35,1
2020-06-23,Monterey,053,433212,1780,1346,5,1351,12
2020-06-23,Napa,055,140530,362,230,0,230,3
2020-06-23,Nevada,057,99092,116,81,1,82,1
2020-06-23,Orange,059,3164182,18072,11071,155,11226,278
2020-06-23,Placer,061,380077,761,525,3,528,10
2020-06-23,Plumas,063,18699,9,6,0,6,0
2020-06-23,Riverside,065,2383286,19559,14469,26,14495,406
2020-06-23,Sacramento,067,1510023,3191,2374,5,2379,62
2020-06-23,San Benito,069,59416,237,167,0,167,2
2020-06-23,San Bernardino,071,2135413,15056,9771,9,9780,229
2020-06-23,San Diego,073,3302833,14566,11296,2,11298,341
2020-06-23,San Francisco,075,870044,3649,3177,1,3178,48
2020-06-23,San Joaquin,077,732212,3802,2502,4,2506,48
2020-06-23,San Luis Obispo,079,281455,683,445,5,450,1
2020-06-23,San Mateo,081,765935,3305,2907,6,2913,81
2020-06-23,Santa Barbara,083,443738,3144,2498,25,2523,22
2020-06-23,Santa Clara,085,1922200,5093,3700,17,3717,155
2020-06-23,Santa Cruz,087,273765,397,313,0,313,2
2020-06-23,Shasta,089,179085,159,81,0,81,5
2020-06-23,Sierra,091,2930,1,1,0,1,0
2020-06-23,Siskiyou,093,43540,30,24,0,24,0
2020-06-23,Solano,095,438530,1478,941,6,947,21
2020-06-23,Sonoma,097,501317,1210,912,4,916,4
2020-06-23,Stanislaus,099,539301,3069,1850,6,1856,35
2020-06-23,Sutter,101,95872,149,112,0,112,2
2020-06-23,Tehama,103,63373,79,50,2,52,1
2020-06-23,Trinity,105,12862,16,2,3,5,0
2020-06-23,Tulare,107,460477,4770,3456,10,3466,111
2020-06-23,Tuolumne,109,53932,28,9,0,9,0
2020-06-23,Ventura,111,848112,3376,2209,15,2224,40
2020-06-23,Yolo,113,214977,551,350,0,350,24
2020-06-23,Yuba,115,75493,55,35,0,35,1
2020-06-22,Alameda,001,1643700,6017,4944,9,4953,121
2020-06-22,Alpine,003,1148,1,1,0,1,0
2020-06-22,Amador,005,37829,19,12,0,12,0
2020-06-22,Butte,007,227075,185,104,7,111,1
2020-06-22,Calaveras,009,45235,38,20,0,20,0
2020-06-22,Colusa,011,21464,37,7,0,7,0
2020-06-22,Contra Costa,013,1133247,2971,2363,3,2366,60
2020-06-22,Del Norte,015,27424,48,46,0,46,0
2020-06-22,El Dorado,017,186661,221,137,0,137,0
2020-06-22,Fresno,019,978130,7029,3425,72,3497,67
2020-06-22,Glenn,021,27897,111,40,0,40,0
2020-06-22,Humboldt,023,135768,148,110,0,110,3
2020-06-22,Imperial,025,180216,7185,4700,4,4704,38
2020-06-22,Inyo,027,18085,29,26,0,26,1
2020-06-22,Kern,029,883053,6262,3982,16,3998,60
2020-06-22,Kings,031,150075,2406,1513,6,1519,13
2020-06-22,Lake,033,64148,54,37,0,37,0
2020-06-22,Lassen,035,31185,118,7,2,9,0
2020-06-22,Los Angeles,037,10098052,99879,85925,26,85951,3117
2020-06-22,Madera,039,155013,702,333,2,335,4
2020-06-22,Marin,041,260295,1717,1029,4,1033,17
2020-06-22,Mariposa,043,17540,25,18,0,18,1
2020-06-22,Mendocino,045,87422,73,48,0,48,0
2020-06-22,Merced,047,269075,1166,619,1,620,8
2020-06-22,Modoc,049,8938,1,0,0,0,0
2020-06-22,Mono,051,14174,42,34,0,34,1
2020-06-22,Monterey,053,433212,1719,1293,5,1298,12
2020-06-22,Napa,055,140530,338,222,0,222,3
2020-06-22,Nevada,057,99092,111,79,1,80,1
2020-06-22,Orange,059,3164182,17140,10711,152,10863,275
2020-06-22,Placer,061,380077,735,512,3,515,9
2020-06-22,Plumas,063,18699,7,6,0,6,0
2020-06-22,Riverside,065,2383286,18587,13948,26,13974,403
2020-06-22,Sacramento,067,1510023,2974,2243,5,2248,62
2020-06-22,San Benito,069,59416,228,164,0,164,2
2020-06-22,San Bernardino,071,2135413,14282,9133,9,9142,229
2020-06-22,San Diego,073,3302833,14074,11098,2,11100,338
2020-06-22,San Francisco,075,870044,3556,3000,1,3001,47
2020-06-22,San Joaquin,077,732212,3554,2332,4,2336,48
2020-06-22,San Luis Obispo,079,281455,650,422,5,427,1
2020-06-22,San Mateo,081,765935,3232,2813,5,2818,81
2020-06-22,Santa Barbara,083,443738,3052,2447,25,2472,21
2020-06-22,Santa Clara,085,1922200,4930,3580,17,3597,155
2020-06-22,Santa Cruz,087,273765,384,290,0,290,3
2020-06-22,Shasta,089,179085,156,77,0,77,5
2020-06-22,Sierra,091,2930,1,1,0,1,0
2020-06-22,Siskiyou,093,43540,30,23,0,23,0
2020-06-22,Solano,095,438530,1400,784,5,789,21
2020-06-22,Sonoma,097,501317,1166,860,2,862,4
2020-06-22,Stanislaus,099,539301,2884,1784,6,1790,35
2020-06-22,Sutter,101,95872,140,100,0,100,2
2020-06-22,Tehama,103,63373,75,38,2,40,1
2020-06-22,Trinity,105,12862,16,2,3,5,0
2020-06-22,Tulare,107,460477,4633,3185,10,3195,111
2020-06-22,Tuolumne,109,53932,19,8,0,8,0
2020-06-22,Ventura,111,848112,3227,2065,15,2080,39
2020-06-22,Yolo,113,214977,525,333,0,333,24
2020-06-22,Yuba,115,75493,50,36,0,36,1
2020-06-21,Alameda,001,1643700,5822,4835,9,4844,121
2020-06-21,Alpine,003,1148,1,1,0,1,0
2020-06-21,Amador,005,37829,14,12,0,12,0
2020-06-21,Butte,007,227075,171,97,7,104,1
2020-06-21,Calaveras,009,45235,38,20,0,20,0
2020-06-21,Colusa,011,21464,29,7,0,7,0
2020-06-21,Contra Costa,013,1133247,2845,2282,3,2285,60
2020-06-21,Del Norte,015,27424,47,46,0,46,0
2020-06-21,El Dorado,017,186661,212,132,0,132,0
2020-06-21,Fresno,019,978130,6459,3296,70,3366,67
2020-06-21,Glenn,021,27897,102,40,0,40,0
2020-06-21,Humboldt,023,135768,143,108,0,108,3
2020-06-21,Imperial,025,180216,7002,4701,4,4705,38
2020-06-21,Inyo,027,18085,27,26,0,26,1
2020-06-21,Kern,029,883053,5970,3918,14,3932,60
2020-06-21,Kings,031,150075,2342,1334,6,1340,11
2020-06-21,Lake,033,64148,49,36,0,36,0
2020-06-21,Lassen,035,31185,25,7,2,9,0
2020-06-21,Los Angeles,037,10098052,96991,83383,25,83408,3101
2020-06-21,Madera,039,155013,668,319,2,321,4
2020-06-21,Marin,041,260295,1560,907,4,911,17
2020-06-21,Mariposa,043,17540,22,18,0,18,1
2020-06-21,Mendocino,045,87422,70,48,0,48,0
2020-06-21,Merced,047,269075,1071,577,1,578,8
2020-06-21,Modoc,049,8938,1,0,0,0,0
2020-06-21,Mono,051,14174,42,34,0,34,1
2020-06-21,Monterey,053,433212,1646,1227,5,1232,12
2020-06-21,Napa,055,140530,323,218,0,218,3
2020-06-21,Nevada,057,99092,108,79,1,80,1
2020-06-21,Orange,059,3164182,16307,10563,148,10711,275
2020-06-21,Placer,061,380077,695,498,3,501,9
2020-06-21,Plumas,063,18699,7,6,0,6,0
2020-06-21,Riverside,065,2383286,17881,13528,25,13553,402
2020-06-21,Sacramento,067,1510023,2773,2156,4,2160,62
2020-06-21,San Benito,069,59416,214,151,0,151,2
2020-06-21,San Bernardino,071,2135413,13508,8925,8,8933,229
2020-06-21,San Diego,073,3302833,13528,10796,2,10798,338
2020-06-21,San Francisco,075,870044,3450,3000,1,3001,47
2020-06-21,San Joaquin,077,732212,3318,2188,4,2192,48
2020-06-21,San Luis Obispo,079,281455,624,418,5,423,1
2020-06-21,San Mateo,081,765935,3174,2781,5,2786,81
2020-06-21,Santa Barbara,083,443738,2945,2430,24,2454,21
2020-06-21,Santa Clara,085,1922200,4793,3514,17,3531,154
2020-06-21,Santa Cruz,087,273765,374,290,0,290,3
2020-06-21,Shasta,089,179085,146,75,0,75,5
2020-06-21,Sierra,091,2930,1,1,0,1,0
2020-06-21,Siskiyou,093,43540,30,23,0,23,0
2020-06-21,Solano,095,438530,1300,783,4,787,21
2020-06-21,Sonoma,097,501317,1116,836,2,838,4
2020-06-21,Stanislaus,099,539301,2698,1688,6,1694,35
2020-06-21,Sutter,101,95872,132,96,0,96,2
2020-06-21,Tehama,103,63373,64,35,2,37,1
2020-06-21,Trinity,105,12862,15,2,3,5,0
2020-06-21,Tulare,107,460477,4464,3173,10,3183,111
2020-06-21,Tuolumne,109,53932,17,8,0,8,0
2020-06-21,Ventura,111,848112,3049,2021,15,2036,39
2020-06-21,Yolo,113,214977,493,323,0,323,24
2020-06-21,Yuba,115,75493,46,35,0,35,1
2020-06-20,Alameda,001,1643700,5760,4758,9,4767,119
2020-06-20,Alpine,003,1148,1,1,0,1,0
2020-06-20,Amador,005,37829,14,12,0,12,0
2020-06-20,Butte,007,227075,164,94,7,101,1
2020-06-20,Calaveras,009,45235,38,20,0,20,0
2020-06-20,Colusa,011,21464,26,7,0,7,0
2020-06-20,Contra Costa,013,1133247,2786,2231,3,2234,54
2020-06-20,Del Norte,015,27424,47,46,0,46,0
2020-06-20,El Dorado,017,186661,207,130,0,130,0
2020-06-20,Fresno,019,978130,6333,3222,67,3289,67
2020-06-20,Glenn,021,27897,97,40,0,40,0
2020-06-20,Humboldt,023,135768,143,108,0,108,3
2020-06-20,Imperial,025,180216,6921,4616,4,4620,37
2020-06-20,Inyo,027,18085,27,26,0,26,1
2020-06-20,Kern,029,883053,5805,3836,14,3850,59
2020-06-20,Kings,031,150075,2318,1331,6,1337,9
2020-06-20,Lake,033,64148,49,37,0,37,0
2020-06-20,Lassen,035,31185,24,7,2,9,0
2020-06-20,Los Angeles,037,10098052,95420,81604,24,81628,3093
2020-06-20,Madera,039,155013,635,321,2,323,4
2020-06-20,Marin,041,260295,1540,879,4,883,17
2020-06-20,Mariposa,043,17540,22,18,0,18,1
2020-06-20,Mendocino,045,87422,69,48,0,48,0
2020-06-20,Merced,047,269075,1031,566,1,567,8
2020-06-20,Modoc,049,8938,1,0,0,0,0
2020-06-20,Mono,051,14174,42,34,0,34,1
2020-06-20,Monterey,053,433212,1610,1181,5,1186,12
2020-06-20,Napa,055,140530,314,212,0,212,3
2020-06-20,Nevada,057,99092,105,73,1,74,1
2020-06-20,Orange,059,3164182,15957,10284,144,10428,273
2020-06-20,Placer,061,380077,670,483,3,486,9
2020-06-20,Plumas,063,18699,6,6,0,6,0
2020-06-20,Riverside,065,2383286,17581,13021,25,13046,402
2020-06-20,Sacramento,067,1510023,2702,2069,4,2073,63
2020-06-20,San Benito,069,59416,210,139,0,139,2
2020-06-20,San Bernardino,071,2135413,13146,8718,8,8726,229
2020-06-20,San Diego,073,3302833,13205,10486,2,10488,338
2020-06-20,San Francisco,075,870044,3406,2999,1,3000,47
2020-06-20,San Joaquin,077,732212,3236,2046,4,2050,48
2020-06-20,San Luis Obispo,079,281455,610,405,5,410,1
2020-06-20,San Mateo,081,765935,3126,2755,5,2760,81
2020-06-20,Santa Barbara,083,443738,2888,2358,23,2381,21
2020-06-20,Santa Clara,085,1922200,4719,3435,17,3452,154
2020-06-20,Santa Cruz,087,273765,372,287,0,287,3
2020-06-20,Shasta,089,179085,140,66,0,66,5
2020-06-20,Sierra,091,2930,1,1,0,1,0
2020-06-20,Siskiyou,093,43540,29,22,0,22,0
2020-06-20,Solano,095,438530,1276,784,4,788,21
2020-06-20,Sonoma,097,501317,1080,806,2,808,4
2020-06-20,Stanislaus,099,539301,2590,1598,6,1604,35
2020-06-20,Sutter,101,95872,130,89,0,89,2
2020-06-20,Tehama,103,63373,62,35,2,37,1
2020-06-20,Trinity,105,12862,15,2,3,5,0
2020-06-20,Tulare,107,460477,4391,3172,10,3182,111
2020-06-20,Tuolumne,109,53932,14,8,0,8,0
2020-06-20,Ventura,111,848112,2983,1946,15,1961,37
2020-06-20,Yolo,113,214977,477,309,0,309,24
2020-06-20,Yuba,115,75493,44,34,0,34,1
2020-06-19,Alameda,001,1643700,5688,4646,9,4655,119
2020-06-19,Alpine,003,1148,1,1,0,1,0
2020-06-19,Amador,005,37829,14,12,0,12,0
2020-06-19,Butte,007,227075,159,91,7,98,1
2020-06-19,Calaveras,009,45235,37,20,0,20,0
2020-06-19,Colusa,011,21464,24,7,0,7,0
2020-06-19,Contra Costa,013,1133247,2706,2106,3,2109,54
2020-06-19,Del Norte,015,27424,47,46,0,46,0
2020-06-19,El Dorado,017,186661,198,124,0,124,0
2020-06-19,Fresno,019,978130,6171,3109,65,3174,61
2020-06-19,Glenn,021,27897,91,40,0,40,0
2020-06-19,Humboldt,023,135768,141,106,0,106,3
2020-06-19,Imperial,025,180216,6830,4504,4,4508,36
2020-06-19,Inyo,027,18085,27,26,0,26,1
2020-06-19,Kern,029,883053,5582,3742,13,3755,57
2020-06-19,Kings,031,150075,2297,1285,6,1291,9
2020-06-19,Lake,033,64148,46,36,0,36,0
2020-06-19,Lassen,035,31185,23,7,2,9,0
2020-06-19,Los Angeles,037,10098052,93434,79572,23,79595,3047
2020-06-19,Madera,039,155013,616,300,2,302,4
2020-06-19,Marin,041,260295,1511,829,4,833,17
2020-06-19,Mariposa,043,17540,21,18,0,18,1
2020-06-19,Mendocino,045,87422,68,48,0,48,0
2020-06-19,Merced,047,269075,986,529,1,530,8
2020-06-19,Modoc,049,8938,1,0,0,0,0
2020-06-19,Mono,051,14174,42,34,0,34,1
2020-06-19,Monterey,053,433212,1581,1159,5,1164,12
2020-06-19,Napa,055,140530,304,209,0,209,3
2020-06-19,Nevada,057,99092,102,71,1,72,1
2020-06-19,Orange,059,3164182,15424,9972,137,10109,260
2020-06-19,Placer,061,380077,652,464,3,467,9
2020-06-19,Plumas,063,18699,6,5,0,5,0
2020-06-19,Riverside,065,2383286,17176,12710,25,12735,398
2020-06-19,Sacramento,067,1510023,2619,1976,4,1980,64
2020-06-19,San Benito,069,59416,209,136,0,136,2
2020-06-19,San Bernardino,071,2135413,12741,8454,7,8461,226
2020-06-19,San Diego,073,3302833,12842,10352,2,10354,332
2020-06-19,San Francisco,075,870044,3351,2968,1,2969,47
2020-06-19,San Joaquin,077,732212,3113,1969,4,1973,48
2020-06-19,San Luis Obispo,079,281455,594,392,5,397,1
2020-06-19,San Mateo,081,765935,3087,2713,5,2718,81
2020-06-19,Santa Barbara,083,443738,2815,2284,21,2305,21
2020-06-19,Santa Clara,085,1922200,4645,3376,17,3393,154
2020-06-19,Santa Cruz,087,273765,362,283,0,283,3
2020-06-19,Shasta,089,179085,137,58,0,58,5
2020-06-19,Sierra,091,2930,1,1,0,1,0
2020-06-19,Siskiyou,093,43540,29,21,0,21,0
2020-06-19,Solano,095,438530,1238,755,4,759,21
2020-06-19,Sonoma,097,501317,1053,803,2,805,4
2020-06-19,Stanislaus,099,539301,2480,1549,6,1555,35
2020-06-19,Sutter,101,95872,129,89,0,89,2
2020-06-19,Tehama,103,63373,61,35,2,37,1
2020-06-19,Trinity,105,12862,15,2,3,5,0
2020-06-19,Tulare,107,460477,4320,3053,10,3063,107
2020-06-19,Tuolumne,109,53932,13,8,0,8,0
2020-06-19,Ventura,111,848112,2899,1865,15,1880,37
2020-06-19,Yolo,113,214977,458,303,0,303,24
2020-06-19,Yuba,115,75493,43,33,0,33,1
2020-06-18,Alameda,001,1643700,5558,4589,9,4598,118
2020-06-18,Alpine,003,1148,1,1,0,1,0
2020-06-18,Amador,005,37829,13,12,0,12,0
2020-06-18,Butte,007,227075,154,88,7,95,1
2020-06-18,Calaveras,009,45235,37,20,0,20,0
2020-06-18,Colusa,011,21464,20,7,0,7,0
2020-06-18,Contra Costa,013,1133247,2600,2072,3,2075,53
2020-06-18,Del Norte,015,27424,47,46,0,46,0
2020-06-18,El Dorado,017,186661,194,121,0,121,0
2020-06-18,Fresno,019,978130,5904,2947,64,3011,57
2020-06-18,Glenn,021,27897,82,35,0,35,0
2020-06-18,Humboldt,023,135768,140,106,0,106,3
2020-06-18,Imperial,025,180216,6680,4366,4,4370,36
2020-06-18,Inyo,027,18085,26,25,0,25,1
2020-06-18,Kern,029,883053,5364,3634,13,3647,57
2020-06-18,Kings,031,150075,2238,1141,6,1147,8
2020-06-18,Lake,033,64148,45,36,0,36,0
2020-06-18,Lassen,035,31185,22,5,2,7,0
2020-06-18,Los Angeles,037,10098052,91165,78244,23,78267,3009
2020-06-18,Madera,039,155013,581,288,2,290,4
2020-06-18,Marin,041,260295,1448,819,4,823,17
2020-06-18,Mariposa,043,17540,19,18,0,18,1
2020-06-18,Mendocino,045,87422,64,45,0,45,0
2020-06-18,Merced,047,269075,934,486,1,487,7
2020-06-18,Modoc,049,8938,1,0,0,0,0
2020-06-18,Mono,051,14174,42,34,0,34,1
2020-06-18,Monterey,053,433212,1513,1127,5,1132,12
2020-06-18,Napa,055,140530,289,205,0,205,3
2020-06-18,Nevada,057,99092,98,68,1,69,1
2020-06-18,Orange,059,3164182,14769,9597,118,9715,255
2020-06-18,Placer,061,380077,629,457,3,460,9
2020-06-18,Plumas,063,18699,6,5,0,5,0
2020-06-18,Riverside,065,2383286,16560,12410,25,12435,392
2020-06-18,Sacramento,067,1510023,2503,1938,4,1942,63
2020-06-18,San Benito,069,59416,203,134,0,134,2
2020-06-18,San Bernardino,071,2135413,12101,8141,7,8148,226
2020-06-18,San Diego,073,3302833,12420,10094,2,10096,331
2020-06-18,San Francisco,075,870044,3302,2951,1,2952,47
2020-06-18,San Joaquin,077,732212,2961,1908,4,1912,47
2020-06-18,San Luis Obispo,079,281455,574,378,5,383,1
2020-06-18,San Mateo,081,765935,3048,2674,5,2679,78
2020-06-18,Santa Barbara,083,443738,2741,2201,21,2222,19
2020-06-18,Santa Clara,085,1922200,4542,3338,17,3355,152
2020-06-18,Santa Cruz,087,273765,345,275,0,275,3
2020-06-18,Shasta,089,179085,126,51,0,51,4
2020-06-18,Sierra,091,2930,1,1,0,1,0
2020-06-18,Siskiyou,093,43540,29,18,0,18,0
2020-06-18,Solano,095,438530,1200,735,4,739,21
2020-06-18,Sonoma,097,501317,1011,789,2,791,4
2020-06-18,Stanislaus,099,539301,2346,1495,6,1501,35
2020-06-18,Sutter,101,95872,125,85,0,85,2
2020-06-18,Tehama,103,63373,56,31,2,33,1
2020-06-18,Trinity,105,12862,15,2,3,5,0
2020-06-18,Tulare,107,460477,4198,3005,10,3015,107
2020-06-18,Tuolumne,109,53932,12,8,0,8,0
2020-06-18,Ventura,111,848112,2773,1781,15,1796,37
2020-06-18,Yolo,113,214977,425,294,0,294,24
2020-06-18,Yuba,115,75493,42,32,0,32,1
2020-06-17,Alameda,001,1643700,5435,4485,9,4494,117
2020-06-17,Alpine,003,1148,1,1,0,1,0
2020-06-17,Amador,005,37829,12,10,0,10,0
2020-06-17,Butte,007,227075,145,81,7,88,1
2020-06-17,Calaveras,009,45235,37,20,0,20,0
2020-06-17,Colusa,011,21464,19,7,0,7,0
2020-06-17,Contra Costa,013,1133247,2503,2020,3,2023,45
2020-06-17,Del Norte,015,27424,47,45,0,45,0
2020-06-17,El Dorado,017,186661,187,116,0,116,0
2020-06-17,Fresno,019,978130,5678,2801,61,2862,56
2020-06-17,Glenn,021,27897,75,31,0,31,0
2020-06-17,Humboldt,023,135768,138,105,0,105,3
2020-06-17,Imperial,025,180216,6507,4108,4,4112,36
2020-06-17,Inyo,027,18085,25,25,0,25,1
2020-06-17,Kern,029,883053,5163,3547,13,3560,56
2020-06-17,Kings,031,150075,2208,1097,6,1103,7
2020-06-17,Lake,033,64148,44,32,0,32,0
2020-06-17,Lassen,035,31185,18,5,2,7,0
2020-06-17,Los Angeles,037,10098052,88856,77166,22,77188,2973
2020-06-17,Madera,039,155013,559,258,2,260,4
2020-06-17,Marin,041,260295,1256,771,3,774,17
2020-06-17,Mariposa,043,17540,18,18,0,18,1
2020-06-17,Mendocino,045,87422,62,42,0,42,0
2020-06-17,Merced,047,269075,862,460,1,461,7
2020-06-17,Modoc,049,8938,1,0,0,0,0
2020-06-17,Mono,051,14174,42,34,0,34,1
2020-06-17,Monterey,053,433212,1461,1077,5,1082,12
2020-06-17,Napa,055,140530,274,202,0,202,3
2020-06-17,Nevada,057,99092,94,57,1,58,1
2020-06-17,Orange,059,3164182,14163,9278,112,9390,230
2020-06-17,Placer,061,380077,609,427,3,430,9
2020-06-17,Plumas,063,18699,6,5,0,5,0
2020-06-17,Riverside,065,2383286,15924,11859,25,11884,370
2020-06-17,Sacramento,067,1510023,2396,1889,4,1893,63
2020-06-17,San Benito,069,59416,198,116,0,116,2
2020-06-17,San Bernardino,071,2135413,11552,7670,7,7677,225
2020-06-17,San Diego,073,3302833,12041,9856,2,9858,327
2020-06-17,San Francisco,075,870044,3263,2906,1,2907,46
2020-06-17,San Joaquin,077,732212,2788,1825,4,1829,46
2020-06-17,San Luis Obispo,079,281455,555,362,5,367,1
2020-06-17,San Mateo,081,765935,3001,2649,5,2654,78
2020-06-17,Santa Barbara,083,443738,2668,2147,19,2166,19
2020-06-17,Santa Clara,085,1922200,4449,3264,16,3280,148
2020-06-17,Santa Cruz,087,273765,339,265,0,265,2
2020-06-17,Shasta,089,179085,124,51,0,51,4
2020-06-17,Sierra,091,2930,1,1,0,1,0
2020-06-17,Siskiyou,093,43540,28,16,0,16,0
2020-06-17,Solano,095,438530,1150,722,4,726,21
2020-06-17,Sonoma,097,501317,985,748,2,750,4
2020-06-17,Stanislaus,099,539301,2223,1387,6,1393,35
2020-06-17,Sutter,101,95872,119,79,0,79,2
2020-06-17,Tehama,103,63373,41,24,2,26,1
2020-06-17,Trinity,105,12862,14,2,3,5,0
2020-06-17,Tulare,107,460477,4088,2882,10,2892,106
2020-06-17,Tuolumne,109,53932,12,7,0,7,0
2020-06-17,Ventura,111,848112,2673,1729,15,1744,37
2020-06-17,Yolo,113,214977,405,277,0,277,24
2020-06-17,Yuba,115,75493,41,30,0,30,1
2020-06-16,Alameda,001,1643700,5317,4428,9,4437,113
2020-06-16,Alpine,003,1148,1,1,0,1,0
2020-06-16,Amador,005,37829,12,10,0,10,0
2020-06-16,Butte,007,227075,141,79,7,86,1
2020-06-16,Calaveras,009,45235,34,19,0,19,0
2020-06-16,Colusa,011,21464,16,7,0,7,0
2020-06-16,Contra Costa,013,1133247,2412,1971,2,1973,45
2020-06-16,Del Norte,015,27424,47,45,0,45,0
2020-06-16,El Dorado,017,186661,181,115,0,115,0
2020-06-16,Fresno,019,978130,5440,2731,59,2790,50
2020-06-16,Glenn,021,27897,71,30,0,30,0
2020-06-16,Humboldt,023,135768,135,105,0,105,3
2020-06-16,Imperial,025,180216,6348,3939,4,3943,36
2020-06-16,Inyo,027,18085,25,24,0,24,1
2020-06-16,Kern,029,883053,4940,3496,13,3509,55
2020-06-16,Kings,031,150075,2162,1044,6,1050,6
2020-06-16,Lake,033,64148,44,31,0,31,0
2020-06-16,Lassen,035,31185,15,5,2,7,0
2020-06-16,Los Angeles,037,10098052,86534,75051,22,75073,2942
2020-06-16,Madera,039,155013,533,239,2,241,3
2020-06-16,Marin,041,260295,1203,725,3,728,17
2020-06-16,Mariposa,043,17540,18,17,0,17,1
2020-06-16,Mendocino,045,87422,61,35,0,35,0
2020-06-16,Merced,047,269075,814,436,1,437,7
2020-06-16,Modoc,049,8938,1,0,0,0,0
2020-06-16,Mono,051,14174,42,34,0,34,1
2020-06-16,Monterey,053,433212,1413,1019,5,1024,12
2020-06-16,Napa,055,140530,259,196,0,196,3
2020-06-16,Nevada,057,99092,91,53,1,54,1
2020-06-16,Orange,059,3164182,13579,9163,107,9270,223
2020-06-16,Placer,061,380077,577,392,3,395,9
2020-06-16,Plumas,063,18699,6,5,0,5,0
2020-06-16,Riverside,065,2383286,15249,11638,25,11663,364
2020-06-16,Sacramento,067,1510023,2286,1825,4,1829,60
2020-06-16,San Benito,069,59416,190,110,0,110,2
2020-06-16,San Bernardino,071,2135413,11008,7463,7,7470,225
2020-06-16,San Diego,073,3302833,11679,9732,1,9733,323
2020-06-16,San Francisco,075,870044,3212,2893,1,2894,46
2020-06-16,San Joaquin,077,732212,2635,1718,4,1722,47
2020-06-16,San Luis Obispo,079,281455,531,343,5,348,1
2020-06-16,San Mateo,081,765935,2947,2618,5,2623,77
2020-06-16,Santa Barbara,083,443738,2601,2090,19,2109,16
2020-06-16,Santa Clara,085,1922200,4338,3228,15,3243,148
2020-06-16,Santa Cruz,087,273765,323,257,0,257,2
2020-06-16,Shasta,089,179085,115,51,0,51,4
2020-06-16,Sierra,091,2930,1,1,0,1,0
2020-06-16,Siskiyou,093,43540,27,15,0,15,0
2020-06-16,Solano,095,438530,1060,694,4,698,19
2020-06-16,Sonoma,097,501317,953,739,2,741,4
2020-06-16,Stanislaus,099,539301,2070,1278,6,1284,36
2020-06-16,Sutter,101,95872,112,73,0,73,2
2020-06-16,Tehama,103,63373,37,24,2,26,1
2020-06-16,Trinity,105,12862,14,2,3,5,0
2020-06-16,Tulare,107,460477,3969,2802,10,2812,96
2020-06-16,Tuolumne,109,53932,12,7,0,7,0
2020-06-16,Ventura,111,848112,2573,1676,15,1691,37
2020-06-16,Yolo,113,214977,382,262,0,262,24
2020-06-16,Yuba,115,75493,39,29,0,29,1
2020-06-15,Alameda,001,1643700,5191,4323,9,4332,112
2020-06-15,Alpine,003,1148,1,1,0,1,0
2020-06-15,Amador,005,37829,12,10,0,10,0
2020-06-15,Butte,007,227075,133,78,7,85,1
2020-06-15,Calaveras,009,45235,34,18,0,18,0
2020-06-15,Colusa,011,21464,14,7,0,7,0
2020-06-15,Contra Costa,013,1133247,2335,1918,2,1920,43
2020-06-15,Del Norte,015,27424,47,45,0,45,0
2020-06-15,El Dorado,017,186661,171,114,0,114,0
2020-06-15,Fresno,019,978130,5228,2616,58,2674,48
2020-06-15,Glenn,021,27897,66,21,0,21,0
2020-06-15,Humboldt,023,135768,133,105,0,105,3
2020-06-15,Imperial,025,180216,6173,3726,4,3730,36
2020-06-15,Inyo,027,18085,25,23,0,23,1
2020-06-15,Kern,029,883053,4716,3417,13,3430,55
2020-06-15,Kings,031,150075,2085,1022,6,1028,6
2020-06-15,Lake,033,64148,44,31,0,31,0
2020-06-15,Lassen,035,31185,15,5,2,7,0
2020-06-15,Los Angeles,037,10098052,84346,73705,22,73727,2908
2020-06-15,Madera,039,155013,511,203,2,205,3
2020-06-15,Marin,041,260295,1036,708,3,711,17
2020-06-15,Mariposa,043,17540,18,17,0,17,1
2020-06-15,Mendocino,045,87422,52,33,0,33,0
2020-06-15,Merced,047,269075,768,414,1,415,7
2020-06-15,Modoc,049,8938,1,0,0,0,0
2020-06-15,Mono,051,14174,42,34,0,34,1
2020-06-15,Monterey,053,433212,1347,998,5,1003,12
2020-06-15,Napa,055,140530,251,187,0,187,3
2020-06-15,Nevada,057,99092,85,52,1,53,1
2020-06-15,Orange,059,3164182,13011,8944,99,9043,212
2020-06-15,Placer,061,380077,555,386,3,389,9
2020-06-15,Plumas,063,18699,6,4,0,4,0
2020-06-15,Riverside,065,2383286,14631,11376,24,11400,364
2020-06-15,Sacramento,067,1510023,2170,1791,4,1795,60
2020-06-15,San Benito,069,59416,184,108,0,108,2
2020-06-15,San Bernardino,071,2135413,10505,7189,7,7196,224
2020-06-15,San Diego,073,3302833,11339,9612,1,9613,320
2020-06-15,San Francisco,075,870044,3168,2833,1,2834,45
2020-06-15,San Joaquin,077,732212,2499,1667,4,1671,43
2020-06-15,San Luis Obispo,079,281455,516,332,5,337,1
2020-06-15,San Mateo,081,765935,2900,2591,5,2596,75
2020-06-15,Santa Barbara,083,443738,2533,2054,19,2073,16
2020-06-15,Santa Clara,085,1922200,4238,3204,15,3219,148
2020-06-15,Santa Cruz,087,273765,312,254,0,254,2
2020-06-15,Shasta,089,179085,109,50,0,50,4
2020-06-15,Sierra,091,2930,1,1,0,1,0
2020-06-15,Siskiyou,093,43540,26,14,0,14,0
2020-06-15,Solano,095,438530,1000,638,4,642,19
2020-06-15,Sonoma,097,501317,924,726,2,728,4
2020-06-15,Stanislaus,099,539301,1953,1253,6,1259,35
2020-06-15,Sutter,101,95872,102,71,0,71,2
2020-06-15,Tehama,103,63373,37,17,2,19,1
2020-06-15,Trinity,105,12862,13,2,3,5,0
2020-06-15,Tulare,107,460477,3855,2662,10,2672,96
2020-06-15,Tuolumne,109,53932,11,7,0,7,0
2020-06-15,Ventura,111,848112,2492,1656,15,1671,37
2020-06-15,Yolo,113,214977,362,255,0,255,24
2020-06-15,Yuba,115,75493,39,28,0,28,1
2020-06-14,Alameda,001,1643700,5045,4271,9,4280,112
2020-06-14,Alpine,003,1148,1,1,0,1,0
2020-06-14,Amador,005,37829,12,10,0,10,0
2020-06-14,Butte,007,227075,125,78,7,85,1
2020-06-14,Calaveras,009,45235,33,18,0,18,0
2020-06-14,Colusa,011,21464,13,7,0,7,0
2020-06-14,Contra Costa,013,1133247,2266,1893,2,1895,43
2020-06-14,Del Norte,015,27424,47,45,0,45,0
2020-06-14,El Dorado,017,186661,167,110,0,110,0
2020-06-14,Fresno,019,978130,5043,2585,57,2642,48
2020-06-14,Glenn,021,27897,51,21,0,21,0
2020-06-14,Humboldt,023,135768,129,105,0,105,3
2020-06-14,Imperial,025,180216,5942,3730,4,3734,36
2020-06-14,Inyo,027,18085,24,23,0,23,1
2020-06-14,Kern,029,883053,4505,3328,13,3341,55
2020-06-14,Kings,031,150075,2034,1022,5,1027,6
2020-06-14,Lake,033,64148,41,31,0,31,0
2020-06-14,Lassen,035,31185,15,5,2,7,0
2020-06-14,Los Angeles,037,10098052,82018,72932,21,72953,2887
2020-06-14,Madera,039,155013,492,203,2,205,3
2020-06-14,Marin,041,260295,871,689,2,691,17
2020-06-14,Mariposa,043,17540,18,16,0,16,1
2020-06-14,Mendocino,045,87422,49,33,0,33,0
2020-06-14,Merced,047,269075,717,403,1,404,7
2020-06-14,Modoc,049,8938,1,0,0,0,0
2020-06-14,Mono,051,14174,42,34,0,34,1
2020-06-14,Monterey,053,433212,1286,949,5,954,12
2020-06-14,Napa,055,140530,229,181,0,181,3
2020-06-14,Nevada,057,99092,81,52,1,53,1
2020-06-14,Orange,059,3164182,12584,8744,94,8838,211
2020-06-14,Placer,061,380077,529,369,3,372,9
2020-06-14,Plumas,063,18699,5,4,0,4,0
2020-06-14,Riverside,065,2383286,14188,11218,24,11242,364
2020-06-14,Sacramento,067,1510023,2083,1750,4,1754,60
2020-06-14,San Benito,069,59416,173,104,0,104,2
2020-06-14,San Bernardino,071,2135413,9965,7015,7,7022,224
2020-06-14,San Diego,073,3302833,10964,9442,1,9443,319
2020-06-14,San Francisco,075,870044,3128,2834,1,2835,45
2020-06-14,San Joaquin,077,732212,2348,1603,4,1607,43
2020-06-14,San Luis Obispo,079,281455,501,330,5,335,1
2020-06-14,San Mateo,081,765935,2842,2571,5,2576,75
2020-06-14,Santa Barbara,083,443738,2456,2049,19,2068,17
2020-06-14,Santa Clara,085,1922200,4143,3178,15,3193,148
2020-06-14,Santa Cruz,087,273765,298,254,0,254,2
2020-06-14,Shasta,089,179085,103,48,0,48,4
2020-06-14,Sierra,091,2930,1,1,0,1,0
2020-06-14,Siskiyou,093,43540,25,13,0,13,0
2020-06-14,Solano,095,438530,951,638,4,642,19
2020-06-14,Sonoma,097,501317,896,724,2,726,4
2020-06-14,Stanislaus,099,539301,1805,1159,6,1165,35
2020-06-14,Sutter,101,95872,97,63,0,63,2
2020-06-14,Tehama,103,63373,34,17,2,19,1
2020-06-14,Trinity,105,12862,13,2,3,5,0
2020-06-14,Tulare,107,460477,3721,2646,10,2656,96
2020-06-14,Tuolumne,109,53932,11,7,0,7,0
2020-06-14,Ventura,111,848112,2393,1610,14,1624,37
2020-06-14,Yolo,113,214977,346,254,0,254,24
2020-06-14,Yuba,115,75493,38,28,0,28,1
2020-06-13,Alameda,001,1643700,4982,4196,9,4205,112
2020-06-13,Alpine,003,1148,1,1,0,1,0
2020-06-13,Amador,005,37829,11,10,0,10,0
2020-06-13,Butte,007,227075,116,72,7,79,1
2020-06-13,Calaveras,009,45235,31,18,0,18,0
2020-06-13,Colusa,011,21464,12,7,0,7,0
2020-06-13,Contra Costa,013,1133247,2230,1868,2,1870,43
2020-06-13,Del Norte,015,27424,47,45,0,45,0
2020-06-13,El Dorado,017,186661,163,110,0,110,0
2020-06-13,Fresno,019,978130,4945,2499,57,2556,48
2020-06-13,Glenn,021,27897,49,21,0,21,0
2020-06-13,Humboldt,023,135768,128,104,0,104,3
2020-06-13,Imperial,025,180216,5869,3646,4,3650,36
2020-06-13,Inyo,027,18085,24,23,0,23,1
2020-06-13,Kern,029,883053,4396,3239,13,3252,55
2020-06-13,Kings,031,150075,2014,1023,5,1028,6
2020-06-13,Lake,033,64148,40,29,0,29,0
2020-06-13,Lassen,035,31185,15,5,2,7,0
2020-06-13,Los Angeles,037,10098052,80976,71938,21,71959,2874
2020-06-13,Madera,039,155013,488,203,2,205,3
2020-06-13,Marin,041,260295,840,677,2,679,17
2020-06-13,Mariposa,043,17540,18,16,0,16,1
2020-06-13,Mendocino,045,87422,49,33,0,33,0
2020-06-13,Merced,047,269075,699,376,1,377,7
2020-06-13,Modoc,049,8938,1,0,0,0,0
2020-06-13,Mono,051,14174,42,35,0,35,1
2020-06-13,Monterey,053,433212,1248,900,5,905,11
2020-06-13,Napa,055,140530,226,171,0,171,3
2020-06-13,Nevada,057,99092,79,52,1,53,1
2020-06-13,Orange,059,3164182,12340,8581,91,8672,211
2020-06-13,Placer,061,380077,512,346,3,349,9
2020-06-13,Plumas,063,18699,5,4,0,4,0
2020-06-13,Riverside,065,2383286,13909,10931,24,10955,364
2020-06-13,Sacramento,067,1510023,2028,1713,4,1717,60
2020-06-13,San Benito,069,59416,166,99,0,99,2
2020-06-13,San Bernardino,071,2135413,9742,6885,7,6892,224
2020-06-13,San Diego,073,3302833,10792,9316,1,9317,319
2020-06-13,San Francisco,075,870044,3108,2834,1,2835,44
2020-06-13,San Joaquin,077,732212,2267,1461,4,1465,43
2020-06-13,San Luis Obispo,079,281455,490,326,5,331,1
2020-06-13,San Mateo,081,765935,2819,2551,5,2556,75
2020-06-13,Santa Barbara,083,443738,2398,1999,19,2018,15
2020-06-13,Santa Clara,085,1922200,4100,3141,15,3156,148
2020-06-13,Santa Cruz,087,273765,292,254,0,254,2
2020-06-13,Shasta,089,179085,101,48,0,48,4
2020-06-13,Sierra,091,2930,1,1,0,1,0
2020-06-13,Siskiyou,093,43540,25,13,0,13,0
2020-06-13,Solano,095,438530,923,637,4,641,19
2020-06-13,Sonoma,097,501317,881,711,2,713,4
2020-06-13,Stanislaus,099,539301,1748,1122,6,1128,33
2020-06-13,Sutter,101,95872,96,62,0,62,2
2020-06-13,Tehama,103,63373,33,17,2,19,1
2020-06-13,Trinity,105,12862,13,2,3,5,0
2020-06-13,Tulare,107,460477,3689,2626,10,2636,96
2020-06-13,Tuolumne,109,53932,10,7,0,7,0
2020-06-13,Ventura,111,848112,2347,1567,14,1581,37
2020-06-13,Yolo,113,214977,326,251,0,251,24
2020-06-13,Yuba,115,75493,38,28,0,28,1
2020-06-12,Alameda,001,1643700,4909,4167,9,4176,109
2020-06-12,Alpine,003,1148,1,1,0,1,0
2020-06-12,Amador,005,37829,11,10,0,10,0
2020-06-12,Butte,007,227075,112,71,7,78,1
2020-06-12,Calaveras,009,45235,28,18,0,18,0
2020-06-12,Colusa,011,21464,12,7,0,7,0
2020-06-12,Contra Costa,013,1133247,2193,1827,2,1829,43
2020-06-12,Del Norte,015,27424,47,45,0,45,0
2020-06-12,El Dorado,017,186661,163,110,0,110,0
2020-06-12,Fresno,019,978130,4807,2428,57,2485,47
2020-06-12,Glenn,021,27897,46,21,0,21,0
2020-06-12,Humboldt,023,135768,126,105,0,105,3
2020-06-12,Imperial,025,180216,5785,3543,4,3547,36
2020-06-12,Inyo,027,18085,24,23,0,23,1
2020-06-12,Kern,029,883053,4279,3152,13,3165,54
2020-06-12,Kings,031,150075,2001,987,5,992,6
2020-06-12,Lake,033,64148,39,29,0,29,0
2020-06-12,Lassen,035,31185,15,5,2,7,0
2020-06-12,Los Angeles,037,10098052,79571,70385,21,70406,2814
2020-06-12,Madera,039,155013,463,187,2,189,3
2020-06-12,Marin,041,260295,837,649,2,651,17
2020-06-12,Mariposa,043,17540,18,16,0,16,1
2020-06-12,Mendocino,045,87422,49,33,0,33,0
2020-06-12,Merced,047,269075,665,372,1,373,7
2020-06-12,Modoc,049,8938,1,0,0,0,0
2020-06-12,Mono,051,14174,39,35,0,35,1
2020-06-12,Monterey,053,433212,1207,864,4,868,11
2020-06-12,Napa,055,140530,223,162,0,162,3
2020-06-12,Nevada,057,99092,73,52,1,53,1
2020-06-12,Orange,059,3164182,12034,8440,90,8530,203
2020-06-12,Placer,061,380077,495,333,3,336,9
2020-06-12,Plumas,063,18699,5,4,0,4,0
2020-06-12,Riverside,065,2383286,13571,10616,24,10640,364
2020-06-12,Sacramento,067,1510023,1973,1702,4,1706,60
2020-06-12,San Benito,069,59416,159,96,0,96,2
2020-06-12,San Bernardino,071,2135413,9474,6707,7,6714,223
2020-06-12,San Diego,073,3302833,10622,9132,1,9133,313
2020-06-12,San Francisco,075,870044,3074,2823,1,2824,44
2020-06-12,San Joaquin,077,732212,2187,1406,4,1410,43
2020-06-12,San Luis Obispo,079,281455,474,321,5,326,1
2020-06-12,San Mateo,081,765935,2784,2533,5,2538,75
2020-06-12,Santa Barbara,083,443738,2344,1969,19,1988,14
2020-06-12,Santa Clara,085,1922200,4056,3099,15,3114,149
2020-06-12,Santa Cruz,087,273765,284,251,0,251,2
2020-06-12,Shasta,089,179085,94,48,0,48,5
2020-06-12,Sierra,091,2930,1,1,0,1,0
2020-06-12,Siskiyou,093,43540,25,13,0,13,0
2020-06-12,Solano,095,438530,909,620,4,624,19
2020-06-12,Sonoma,097,501317,862,696,2,698,4
2020-06-12,Stanislaus,099,539301,1689,1092,6,1098,33
2020-06-12,Sutter,101,95872,95,56,0,56,2
2020-06-12,Tehama,103,63373,32,13,2,15,1
2020-06-12,Trinity,105,12862,13,2,3,5,0
2020-06-12,Tulare,107,460477,3635,2552,10,2562,95
2020-06-12,Tuolumne,109,53932,10,7,0,7,0
2020-06-12,Ventura,111,848112,2295,1534,14,1548,35
2020-06-12,Yolo,113,214977,314,243,0,243,24
2020-06-12,Yuba,115,75493,36,27,0,27,1
2020-06-11,Alameda,001,1643700,4779,4073,8,4081,108
2020-06-11,Alpine,003,1148,1,1,0,1,0
2020-06-11,Amador,005,37829,10,10,0,10,0
2020-06-11,Butte,007,227075,106,72,7,79,1
2020-06-11,Calaveras,009,45235,27,16,0,16,0
2020-06-11,Colusa,011,21464,12,7,0,7,0
2020-06-11,Contra Costa,013,1133247,2140,1797,2,1799,43
2020-06-11,Del Norte,015,27424,47,45,0,45,0
2020-06-11,El Dorado,017,186661,155,109,0,109,0
2020-06-11,Fresno,019,978130,4653,2338,57,2395,45
2020-06-11,Glenn,021,27897,42,21,0,21,0
2020-06-11,Humboldt,023,135768,122,113,0,113,3
2020-06-11,Imperial,025,180216,5629,3463,4,3467,36
2020-06-11,Inyo,027,18085,22,23,0,23,1
2020-06-11,Kern,029,883053,4127,3047,11,3058,54
2020-06-11,Kings,031,150075,1968,963,5,968,6
2020-06-11,Lake,033,64148,39,28,0,28,0
2020-06-11,Lassen,035,31185,15,5,2,7,0
2020-06-11,Los Angeles,037,10098052,77906,68807,20,68827,2800
2020-06-11,Madera,039,155013,445,178,2,180,3
2020-06-11,Marin,041,260295,789,637,2,639,17
2020-06-11,Mariposa,043,17540,18,16,0,16,1
2020-06-11,Mendocino,045,87422,40,35,0,35,0
2020-06-11,Merced,047,269075,625,370,1,371,7
2020-06-11,Modoc,049,8938,1,0,0,0,0
2020-06-11,Mono,051,14174,39,35,0,35,1
2020-06-11,Monterey,053,433212,1160,813,4,817,11
2020-06-11,Napa,055,140530,214,162,0,162,3
2020-06-11,Nevada,057,99092,67,50,1,51,1
2020-06-11,Orange,059,3164182,11726,8304,89,8393,188
2020-06-11,Placer,061,380077,476,321,3,324,9
2020-06-11,Plumas,063,18699,5,4,0,4,0
2020-06-11,Riverside,065,2383286,13218,10014,24,10038,361
2020-06-11,Sacramento,067,1510023,1925,1669,4,1673,60
2020-06-11,San Benito,069,59416,153,94,0,94,2
2020-06-11,San Bernardino,071,2135413,9177,6509,7,6516,221
2020-06-11,San Diego,073,3302833,10392,9000,0,9000,308
2020-06-11,San Francisco,075,870044,3045,2766,1,2767,44
2020-06-11,San Joaquin,077,732212,2075,1351,4,1355,43
2020-06-11,San Luis Obispo,079,281455,460,307,5,312,1
2020-06-11,San Mateo,081,765935,2746,2499,5,2504,74
2020-06-11,Santa Barbara,083,443738,2283,1895,19,1914,14
2020-06-11,Santa Clara,085,1922200,3989,3049,15,3064,149
2020-06-11,Santa Cruz,087,273765,280,247,0,247,2
2020-06-11,Shasta,089,179085,87,47,0,47,5
2020-06-11,Sierra,091,2930,1,1,0,1,0
2020-06-11,Siskiyou,093,43540,25,14,0,14,0
2020-06-11,Solano,095,438530,883,616,4,620,19
2020-06-11,Sonoma,097,501317,840,682,2,684,4
2020-06-11,Stanislaus,099,539301,1598,1062,6,1068,30
2020-06-11,Sutter,101,95872,92,56,0,56,2
2020-06-11,Tehama,103,63373,27,10,2,12,1
2020-06-11,Trinity,105,12862,11,2,3,5,0
2020-06-11,Tulare,107,460477,3536,2473,10,2483,95
2020-06-11,Tuolumne,109,53932,10,7,0,7,0
2020-06-11,Ventura,111,848112,2218,1491,13,1504,34
2020-06-11,Yolo,113,214977,306,230,0,230,24
2020-06-11,Yuba,115,75493,36,27,0,27,1
2020-06-10,Alameda,001,1643700,4679,4027,7,4034,107
2020-06-10,Alpine,003,1148,1,1,0,1,0
2020-06-10,Amador,005,37829,10,10,0,10,0
2020-06-10,Butte,007,227075,102,71,7,78,1
2020-06-10,Calaveras,009,45235,27,16,0,16,0
2020-06-10,Colusa,011,21464,11,7,0,7,0
2020-06-10,Contra Costa,013,1133247,2096,1778,2,1780,43
2020-06-10,Del Norte,015,27424,47,45,0,45,0
2020-06-10,El Dorado,017,186661,152,109,0,109,0
2020-06-10,Fresno,019,978130,4476,2324,57,2381,45
2020-06-10,Glenn,021,27897,39,21,0,21,0
2020-06-10,Humboldt,023,135768,118,112,0,112,3
2020-06-10,Imperial,025,180216,5481,3454,4,3458,36
2020-06-10,Inyo,027,18085,22,23,0,23,1
2020-06-10,Kern,029,883053,4002,3000,10,3010,54
2020-06-10,Kings,031,150075,1922,952,4,956,6
2020-06-10,Lake,033,64148,39,28,0,28,0
2020-06-10,Lassen,035,31185,15,5,2,7,0
2020-06-10,Los Angeles,037,10098052,76385,67018,20,67038,2752
2020-06-10,Madera,039,155013,431,176,1,177,3
2020-06-10,Marin,041,260295,757,633,2,635,17
2020-06-10,Mariposa,043,17540,17,16,0,16,1
2020-06-10,Mendocino,045,87422,39,35,0,35,0
2020-06-10,Merced,047,269075,592,370,1,371,7
2020-06-10,Modoc,049,8938,1,0,0,0,0
2020-06-10,Mono,051,14174,39,35,0,35,1
2020-06-10,Monterey,053,433212,1106,791,4,795,11
2020-06-10,Napa,055,140530,211,159,0,159,3
2020-06-10,Nevada,057,99092,65,50,1,51,1
2020-06-10,Orange,059,3164182,11450,8222,85,8307,184
2020-06-10,Placer,061,380077,451,309,3,312,9
2020-06-10,Plumas,063,18699,5,4,0,4,0
2020-06-10,Riverside,065,2383286,12895,9857,24,9881,361
2020-06-10,Sacramento,067,1510023,1886,1643,2,1645,59
2020-06-10,San Benito,069,59416,144,94,0,94,2
2020-06-10,San Bernardino,071,2135413,8884,6438,7,6445,219
2020-06-10,San Diego,073,3302833,10228,8839,0,8839,305
2020-06-10,San Francisco,075,870044,3020,2774,1,2775,44
2020-06-10,San Joaquin,077,732212,1946,1282,4,1286,41
2020-06-10,San Luis Obispo,079,281455,440,306,5,311,1
2020-06-10,San Mateo,081,765935,2706,2492,5,2497,74
2020-06-10,Santa Barbara,083,443738,2227,1878,19,1897,13
2020-06-10,Santa Clara,085,1922200,3938,3032,15,3047,149
2020-06-10,Santa Cruz,087,273765,276,242,0,242,2
2020-06-10,Shasta,089,179085,82,45,0,45,5
2020-06-10,Sierra,091,2930,1,1,0,1,0
2020-06-10,Siskiyou,093,43540,25,14,0,14,0
2020-06-10,Solano,095,438530,847,608,4,612,19
2020-06-10,Sonoma,097,501317,822,673,2,675,4
2020-06-10,Stanislaus,099,539301,1508,1030,6,1036,29
2020-06-10,Sutter,101,95872,91,56,0,56,2
2020-06-10,Tehama,103,63373,25,10,2,12,1
2020-06-10,Trinity,105,12862,11,2,3,5,0
2020-06-10,Tulare,107,460477,3443,2455,10,2465,95
2020-06-10,Tuolumne,109,53932,10,7,0,7,0
2020-06-10,Ventura,111,848112,2172,1446,12,1458,34
2020-06-10,Yolo,113,214977,298,226,0,226,24
2020-06-10,Yuba,115,75493,35,27,0,27,1
2020-06-09,Alameda,001,1643700,4569,3963,7,3970,103
2020-06-09,Alpine,003,1148,1,1,0,1,0
2020-06-09,Amador,005,37829,10,10,0,10,0
2020-06-09,Butte,007,227075,101,70,6,76,1
2020-06-09,Calaveras,009,45235,27,16,0,16,0
2020-06-09,Colusa,011,21464,10,7,0,7,0
2020-06-09,Contra Costa,013,1133247,2055,1744,2,1746,42
2020-06-09,Del Norte,015,27424,47,45,0,45,0
2020-06-09,El Dorado,017,186661,142,108,0,108,0
2020-06-09,Fresno,019,978130,4324,2278,57,2335,43
2020-06-09,Glenn,021,27897,38,19,0,19,0
2020-06-09,Humboldt,023,135768,116,113,0,113,2
2020-06-09,Imperial,025,180216,5329,3067,4,3071,36
2020-06-09,Inyo,027,18085,22,22,0,22,1
2020-06-09,Kern,029,883053,3874,2920,10,2930,51
2020-06-09,Kings,031,150075,1890,934,4,938,6
2020-06-09,Lake,033,64148,39,28,0,28,0
2020-06-09,Lassen,035,31185,15,5,2,7,0
2020-06-09,Los Angeles,037,10098052,74724,65827,20,65847,2692
2020-06-09,Madera,039,155013,416,172,1,173,3
2020-06-09,Marin,041,260295,721,616,2,618,17
2020-06-09,Mariposa,043,17540,17,16,0,16,1
2020-06-09,Mendocino,045,87422,35,35,0,35,0
2020-06-09,Merced,047,269075,563,349,1,350,7
2020-06-09,Modoc,049,8938,1,0,0,0,0
2020-06-09,Mono,051,14174,39,35,0,35,1
2020-06-09,Monterey,053,433212,1065,772,4,776,11
2020-06-09,Napa,055,140530,201,156,0,156,3
2020-06-09,Nevada,057,99092,57,50,1,51,1
2020-06-09,Orange,059,3164182,11209,7991,83,8074,174
2020-06-09,Placer,061,380077,438,301,3,304,9
2020-06-09,Plumas,063,18699,5,4,0,4,0
2020-06-09,Riverside,065,2383286,12517,9511,24,9535,354
2020-06-09,Sacramento,067,1510023,1832,1625,2,1627,59
2020-06-09,San Benito,069,59416,138,95,0,95,2
2020-06-09,San Bernardino,071,2135413,8560,6268,6,6274,217
2020-06-09,San Diego,073,3302833,10043,8731,0,8731,301
2020-06-09,San Francisco,075,870044,2995,2749,1,2750,44
2020-06-09,San Joaquin,077,732212,1840,1240,4,1244,41
2020-06-09,San Luis Obispo,079,281455,427,301,4,305,1
2020-06-09,San Mateo,081,765935,2675,2463,5,2468,74
2020-06-09,Santa Barbara,083,443738,2171,1854,19,1873,13
2020-06-09,Santa Clara,085,1922200,3870,3006,14,3020,147
2020-06-09,Santa Cruz,087,273765,270,237,0,237,2
2020-06-09,Shasta,089,179085,78,44,0,44,4
2020-06-09,Sierra,091,2930,1,1,0,1,0
2020-06-09,Siskiyou,093,43540,20,10,0,10,0
2020-06-09,Solano,095,438530,812,596,4,600,18
2020-06-09,Sonoma,097,501317,799,661,2,663,4
2020-06-09,Stanislaus,099,539301,1407,993,6,999,25
2020-06-09,Sutter,101,95872,88,56,0,56,2
2020-06-09,Tehama,103,63373,25,9,2,11,1
2020-06-09,Trinity,105,12862,10,2,3,5,0
2020-06-09,Tulare,107,460477,3377,2393,10,2403,91
2020-06-09,Tuolumne,109,53932,10,8,0,8,0
2020-06-09,Ventura,111,848112,2106,1407,12,1419,34
2020-06-09,Yolo,113,214977,287,226,0,226,24
2020-06-09,Yuba,115,75493,34,27,0,27,1
2020-06-08,Alameda,001,1643700,4488,3937,7,3944,103
2020-06-08,Alpine,003,1148,1,1,0,1,0
2020-06-08,Amador,005,37829,10,10,0,10,0
2020-06-08,Butte,007,227075,97,68,6,74,1
2020-06-08,Calaveras,009,45235,27,16,0,16,0
2020-06-08,Colusa,011,21464,9,7,0,7,0
2020-06-08,Contra Costa,013,1133247,2012,1714,2,1716,41
2020-06-08,Del Norte,015,27424,47,45,0,45,0
2020-06-08,El Dorado,017,186661,138,107,0,107,0
2020-06-08,Fresno,019,978130,4200,2194,56,2250,42
2020-06-08,Glenn,021,27897,36,17,0,17,0
2020-06-08,Humboldt,023,135768,116,112,0,112,2
2020-06-08,Imperial,025,180216,5177,3051,4,3055,21
2020-06-08,Inyo,027,18085,22,22,0,22,1
2020-06-08,Kern,029,883053,3743,2853,9,2862,49
2020-06-08,Kings,031,150075,1814,892,4,896,6
2020-06-08,Lake,033,64148,39,28,0,28,0
2020-06-08,Lassen,035,31185,15,4,2,6,0
2020-06-08,Los Angeles,037,10098052,73262,64634,20,64654,2640
2020-06-08,Madera,039,155013,386,154,1,155,3
2020-06-08,Marin,041,260295,680,596,2,598,17
2020-06-08,Mariposa,043,17540,16,16,0,16,1
2020-06-08,Mendocino,045,87422,33,32,0,32,0
2020-06-08,Merced,047,269075,529,331,1,332,7
2020-06-08,Modoc,049,8938,1,0,0,0,0
2020-06-08,Mono,051,14174,39,35,0,35,1
2020-06-08,Monterey,053,433212,1014,751,3,754,10
2020-06-08,Napa,055,140530,185,151,0,151,3
2020-06-08,Nevada,057,99092,56,50,1,51,1
2020-06-08,Orange,059,3164182,10958,7786,81,7867,160
2020-06-08,Placer,061,380077,421,290,3,293,9
2020-06-08,Plumas,063,18699,5,4,0,4,0
2020-06-08,Riverside,065,2383286,12148,9246,24,9270,347
2020-06-08,Sacramento,067,1510023,1782,1591,2,1593,59
2020-06-08,San Benito,069,59416,131,93,0,93,2
2020-06-08,San Bernardino,071,2135413,8241,6122,6,6128,214
2020-06-08,San Diego,073,3302833,9886,8621,0,8621,296
2020-06-08,San Francisco,075,870044,2968,2715,1,2716,43
2020-06-08,San Joaquin,077,732212,1733,1198,4,1202,40
2020-06-08,San Luis Obispo,079,281455,421,300,4,304,1
2020-06-08,San Mateo,081,765935,2644,2431,4,2435,74
2020-06-08,Santa Barbara,083,443738,2116,1824,17,1841,13
2020-06-08,Santa Clara,085,1922200,3824,2971,14,2985,146
2020-06-08,Santa Cruz,087,273765,269,234,0,234,2
2020-06-08,Shasta,089,179085,74,43,0,43,4
2020-06-08,Sierra,091,2930,1,1,0,1,0
2020-06-08,Siskiyou,093,43540,20,8,0,8,0
2020-06-08,Solano,095,438530,785,560,4,564,19
2020-06-08,Sonoma,097,501317,783,654,2,656,4
2020-06-08,Stanislaus,099,539301,1325,956,6,962,28
2020-06-08,Sutter,101,95872,81,55,0,55,2
2020-06-08,Tehama,103,63373,19,8,2,10,1
2020-06-08,Trinity,105,12862,10,2,3,5,0
2020-06-08,Tulare,107,460477,3294,2301,10,2311,91
2020-06-08,Tuolumne,109,53932,9,8,0,8,0
2020-06-08,Ventura,111,848112,2048,1382,12,1394,30
2020-06-08,Yolo,113,214977,276,228,0,228,24
2020-06-08,Yuba,115,75493,32,27,0,27,1
2020-06-07,Alameda,001,1643700,4375,3866,7,3873,102
2020-06-07,Alpine,003,1148,1,1,0,1,0
2020-06-07,Amador,005,37829,10,10,0,10,0
2020-06-07,Butte,007,227075,95,64,5,69,1
2020-06-07,Calaveras,009,45235,25,16,0,16,0
2020-06-07,Colusa,011,21464,9,7,0,7,0
2020-06-07,Contra Costa,013,1133247,1961,1653,1,1654,38
2020-06-07,Del Norte,015,27424,45,45,0,45,0
2020-06-07,El Dorado,017,186661,138,104,0,104,0
2020-06-07,Fresno,019,978130,4070,2144,56,2200,41
2020-06-07,Glenn,021,27897,29,16,0,16,0
2020-06-07,Humboldt,023,135768,116,112,0,112,2
2020-06-07,Imperial,025,180216,5026,3048,4,3052,19
2020-06-07,Inyo,027,18085,22,21,0,21,1
2020-06-07,Kern,029,883053,3612,2771,9,2780,46
2020-06-07,Kings,031,150075,1765,882,4,886,6
2020-06-07,Lake,033,64148,36,28,0,28,0
2020-06-07,Lassen,035,31185,14,4,2,6,0
2020-06-07,Los Angeles,037,10098052,71559,63750,20,63770,2629
2020-06-07,Madera,039,155013,369,149,1,150,3
2020-06-07,Marin,041,260295,666,584,2,586,17
2020-06-07,Mariposa,043,17540,16,16,0,16,1
2020-06-07,Mendocino,045,87422,33,32,0,32,0
2020-06-07,Merced,047,269075,496,318,1,319,7
2020-06-07,Modoc,049,8938,1,0,0,0,0
2020-06-07,Mono,051,14174,39,35,0,35,1
2020-06-07,Monterey,053,433212,968,732,3,735,10
2020-06-07,Napa,055,140530,177,142,0,142,3
2020-06-07,Nevada,057,99092,55,50,1,51,1
2020-06-07,Orange,059,3164182,10701,7643,79,7722,158
2020-06-07,Placer,061,380077,400,273,2,275,9
2020-06-07,Plumas,063,18699,5,4,0,4,0
2020-06-07,Riverside,065,2383286,11852,9105,24,9129,344
2020-06-07,Sacramento,067,1510023,1734,1568,2,1570,59
2020-06-07,San Benito,069,59416,128,92,0,92,2
2020-06-07,San Bernardino,071,2135413,7955,6033,6,6039,214
2020-06-07,San Diego,073,3302833,9707,8478,0,8478,296
2020-06-07,San Francisco,075,870044,2924,2674,0,2674,43
2020-06-07,San Joaquin,077,732212,1632,1126,4,1130,37
2020-06-07,San Luis Obispo,079,281455,411,296,4,300,1
2020-06-07,San Mateo,081,765935,2617,2399,4,2403,73
2020-06-07,Santa Barbara,083,443738,2061,1818,17,1835,13
2020-06-07,Santa Clara,085,1922200,3772,2947,14,2961,146
2020-06-07,Santa Cruz,087,273765,261,230,0,230,2
2020-06-07,Shasta,089,179085,73,41,0,41,4
2020-06-07,Sierra,091,2930,1,1,0,1,0
2020-06-07,Siskiyou,093,43540,20,8,0,8,0
2020-06-07,Solano,095,438530,762,560,4,564,19
2020-06-07,Sonoma,097,501317,752,639,2,641,4
2020-06-07,Stanislaus,099,539301,1245,905,5,910,28
2020-06-07,Sutter,101,95872,73,55,0,55,2
2020-06-07,Tehama,103,63373,16,8,2,10,1
2020-06-07,Trinity,105,12862,8,2,3,5,0
2020-06-07,Tulare,107,460477,3172,2219,10,2229,90
2020-06-07,Tuolumne,109,53932,9,4,0,4,0
2020-06-07,Ventura,111,848112,1982,1337,12,1349,30
2020-06-07,Yolo,113,214977,266,224,0,224,24
2020-06-07,Yuba,115,75493,32,27,0,27,1
2020-06-06,Alameda,001,1643700,4330,3801,7,3808,102
2020-06-06,Alpine,003,1148,1,1,0,1,0
2020-06-06,Amador,005,37829,10,10,0,10,0
2020-06-06,Butte,007,227075,94,63,5,68,1
2020-06-06,Calaveras,009,45235,23,16,0,16,0
2020-06-06,Colusa,011,21464,9,7,0,7,0
2020-06-06,Contra Costa,013,1133247,1940,1619,1,1620,37
2020-06-06,Del Norte,015,27424,45,45,0,45,0
2020-06-06,El Dorado,017,186661,133,104,0,104,0
2020-06-06,Fresno,019,978130,4015,2117,56,2173,41
2020-06-06,Glenn,021,27897,27,16,0,16,0
2020-06-06,Humboldt,023,135768,116,112,0,112,2
2020-06-06,Imperial,025,180216,4950,3047,4,3051,19
2020-06-06,Inyo,027,18085,22,21,0,21,1
2020-06-06,Kern,029,883053,3541,2695,9,2704,46
2020-06-06,Kings,031,150075,1746,882,4,886,6
2020-06-06,Lake,033,64148,36,28,0,28,0
2020-06-06,Lassen,035,31185,14,4,2,6,0
2020-06-06,Los Angeles,037,10098052,70810,62269,20,62289,2607
2020-06-06,Madera,039,155013,360,149,1,150,3
2020-06-06,Marin,041,260295,661,556,2,558,17
2020-06-06,Mariposa,043,17540,16,16,0,16,1
2020-06-06,Mendocino,045,87422,33,32,0,32,0
2020-06-06,Merced,047,269075,495,315,1,316,7
2020-06-06,Modoc,049,8938,1,0,0,0,0
2020-06-06,Mono,051,14174,39,35,0,35,1
2020-06-06,Monterey,053,433212,944,679,3,682,10
2020-06-06,Napa,055,140530,171,136,0,136,3
2020-06-06,Nevada,057,99092,54,50,1,51,1
2020-06-06,Orange,059,3164182,10542,7576,78,7654,157
2020-06-06,Placer,061,380077,388,270,2,272,9
2020-06-06,Plumas,063,18699,5,4,0,4,0
2020-06-06,Riverside,065,2383286,11674,8935,24,8959,345
2020-06-06,Sacramento,067,1510023,1711,1533,2,1535,59
2020-06-06,San Benito,069,59416,118,92,0,92,2
2020-06-06,San Bernardino,071,2135413,7807,5946,6,5952,214
2020-06-06,San Diego,073,3302833,9586,8347,0,8347,296
2020-06-06,San Francisco,075,870044,2909,2674,0,2674,43
2020-06-06,San Joaquin,077,732212,1592,1076,4,1080,37
2020-06-06,San Luis Obispo,079,281455,405,295,4,299,1
2020-06-06,San Mateo,081,765935,2602,2342,4,2346,72
2020-06-06,Santa Barbara,083,443738,2022,1815,17,1832,13
2020-06-06,Santa Clara,085,1922200,3731,2934,14,2948,144
2020-06-06,Santa Cruz,087,273765,259,226,0,226,2
2020-06-06,Shasta,089,179085,73,40,0,40,4
2020-06-06,Sierra,091,2930,1,1,0,1,0
2020-06-06,Siskiyou,093,43540,18,8,0,8,0
2020-06-06,Solano,095,438530,747,560,4,564,19
2020-06-06,Sonoma,097,501317,740,622,2,624,4
2020-06-06,Stanislaus,099,539301,1211,858,5,863,27
2020-06-06,Sutter,101,95872,73,51,0,51,2
2020-06-06,Tehama,103,63373,15,8,2,10,1
2020-06-06,Trinity,105,12862,8,2,2,4,0
2020-06-06,Tulare,107,460477,3139,2213,10,2223,90
2020-06-06,Tuolumne,109,53932,9,4,0,4,0
2020-06-06,Ventura,111,848112,1958,1303,12,1315,30
2020-06-06,Yolo,113,214977,264,223,0,223,24
2020-06-06,Yuba,115,75493,32,27,0,27,1
2020-06-05,Alameda,001,1643700,4279,3734,7,3741,102
2020-06-05,Alpine,003,1148,1,1,0,1,0
2020-06-05,Amador,005,37829,10,10,0,10,0
2020-06-05,Butte,007,227075,91,61,5,66,1
2020-06-05,Calaveras,009,45235,22,16,0,16,0
2020-06-05,Colusa,011,21464,9,7,0,7,0
2020-06-05,Contra Costa,013,1133247,1925,1575,1,1576,37
2020-06-05,Del Norte,015,27424,45,45,0,45,0
2020-06-05,El Dorado,017,186661,131,101,0,101,0
2020-06-05,Fresno,019,978130,3951,2051,55,2106,38
2020-06-05,Glenn,021,27897,25,16,0,16,0
2020-06-05,Humboldt,023,135768,115,111,0,111,2
2020-06-05,Imperial,025,180216,4844,2778,4,2782,19
2020-06-05,Inyo,027,18085,22,21,0,21,1
2020-06-05,Kern,029,883053,3452,2624,9,2633,46
2020-06-05,Kings,031,150075,1731,865,4,869,6
2020-06-05,Lake,033,64148,35,28,0,28,0
2020-06-05,Lassen,035,31185,13,4,2,6,0
2020-06-05,Los Angeles,037,10098052,69663,60955,20,60975,2553
2020-06-05,Madera,039,155013,338,144,1,145,3
2020-06-05,Marin,041,260295,652,546,2,548,17
2020-06-05,Mariposa,043,17540,16,16,0,16,1
2020-06-05,Mendocino,045,87422,33,32,0,32,0
2020-06-05,Merced,047,269075,493,309,1,310,7
2020-06-05,Modoc,049,8938,1,0,0,0,0
2020-06-05,Mono,051,14174,39,35,0,35,1
2020-06-05,Monterey,053,433212,912,649,3,652,10
2020-06-05,Napa,055,140530,168,123,0,123,3
2020-06-05,Nevada,057,99092,54,50,1,51,1
2020-06-05,Orange,059,3164182,10347,7391,76,7467,153
2020-06-05,Placer,061,380077,378,265,2,267,9
2020-06-05,Plumas,063,18699,5,4,0,4,0
2020-06-05,Riverside,065,2383286,11415,8700,24,8724,345
2020-06-05,Sacramento,067,1510023,1689,1514,2,1516,59
2020-06-05,San Benito,069,59416,116,92,0,92,2
2020-06-05,San Bernardino,071,2135413,7625,5869,5,5874,212
2020-06-05,San Diego,073,3302833,9471,8182,0,8182,294
2020-06-05,San Francisco,075,870044,2891,2675,0,2675,43
2020-06-05,San Joaquin,077,732212,1513,1046,4,1050,36
2020-06-05,San Luis Obispo,079,281455,398,293,4,297,1
2020-06-05,San Mateo,081,765935,2577,2331,4,2335,72
2020-06-05,Santa Barbara,083,443738,1991,1795,17,1812,13
2020-06-05,Santa Clara,085,1922200,3696,2902,14,2916,144
2020-06-05,Santa Cruz,087,273765,256,222,0,222,2
2020-06-05,Shasta,089,179085,72,40,0,40,4
2020-06-05,Sierra,091,2930,1,1,0,1,0
2020-06-05,Siskiyou,093,43540,16,8,0,8,0
2020-06-05,Solano,095,438530,740,558,4,562,19
2020-06-05,Sonoma,097,501317,719,618,2,620,4
2020-06-05,Stanislaus,099,539301,1178,842,5,847,27
2020-06-05,Sutter,101,95872,73,49,0,49,2
2020-06-05,Tehama,103,63373,15,7,2,9,1
2020-06-05,Trinity,105,12862,8,1,2,3,0
2020-06-05,Tulare,107,460477,3090,2180,10,2190,90
2020-06-05,Tuolumne,109,53932,9,4,0,4,0
2020-06-05,Ventura,111,848112,1925,1274,12,1286,30
2020-06-05,Yolo,113,214977,263,216,0,216,24
2020-06-05,Yuba,115,75493,32,27,0,27,1
2020-06-04,Alameda,001,1643700,4180,3643,7,3650,99
2020-06-04,Alpine,003,1148,1,1,0,1,0
2020-06-04,Amador,005,37829,10,10,0,10,0
2020-06-04,Butte,007,227075,87,57,4,61,1
2020-06-04,Calaveras,009,45235,22,15,0,15,0
2020-06-04,Colusa,011,21464,9,7,0,7,0
2020-06-04,Contra Costa,013,1133247,1867,1551,1,1552,37
2020-06-04,Del Norte,015,27424,45,45,0,45,0
2020-06-04,El Dorado,017,186661,129,101,0,101,0
2020-06-04,Fresno,019,978130,3845,2007,54,2061,35
2020-06-04,Glenn,021,27897,22,16,0,16,0
2020-06-04,Humboldt,023,135768,115,109,0,109,2
2020-06-04,Imperial,025,180216,4662,2631,4,2635,19
2020-06-04,Inyo,027,18085,22,20,0,20,1
2020-06-04,Kern,029,883053,3336,2530,9,2539,46
2020-06-04,Kings,031,150075,1661,842,4,846,6
2020-06-04,Lake,033,64148,34,27,0,27,0
2020-06-04,Lassen,035,31185,11,4,2,6,0
2020-06-04,Los Angeles,037,10098052,68195,59596,20,59616,2515
2020-06-04,Madera,039,155013,330,127,1,128,3
2020-06-04,Marin,041,260295,630,533,2,535,14
2020-06-04,Mariposa,043,17540,16,16,0,16,1
2020-06-04,Mendocino,045,87422,33,29,0,29,0
2020-06-04,Merced,047,269075,473,304,1,305,7
2020-06-04,Modoc,049,8938,1,0,0,0,0
2020-06-04,Mono,051,14174,39,35,0,35,1
2020-06-04,Monterey,053,433212,877,621,2,623,10
2020-06-04,Napa,055,140530,164,117,0,117,3
2020-06-04,Nevada,057,99092,53,49,1,50,1
2020-06-04,Orange,059,3164182,10095,7192,75,7267,148
2020-06-04,Placer,061,380077,362,256,2,258,9
2020-06-04,Plumas,063,18699,4,4,0,4,0
2020-06-04,Riverside,065,2383286,11137,8473,24,8497,341
2020-06-04,Sacramento,067,1510023,1662,1492,2,1494,58
2020-06-04,San Benito,069,59416,114,88,0,88,2
2020-06-04,San Bernardino,071,2135413,7356,5726,5,5731,207
2020-06-04,San Diego,073,3302833,9308,7942,0,7942,288
2020-06-04,San Francisco,075,870044,2858,2636,0,2636,43
2020-06-04,San Joaquin,077,732212,1451,1016,4,1020,36
2020-06-04,San Luis Obispo,079,281455,387,288,4,292,1
2020-06-04,San Mateo,081,765935,2550,2284,4,2288,72
2020-06-04,Santa Barbara,083,443738,1960,1750,16,1766,13
2020-06-04,Santa Clara,085,1922200,3662,2871,14,2885,144
2020-06-04,Santa Cruz,087,273765,250,218,0,218,2
2020-06-04,Shasta,089,179085,66,40,0,40,4
2020-06-04,Sierra,091,2930,1,1,0,1,0
2020-06-04,Siskiyou,093,43540,15,8,0,8,0
2020-06-04,Solano,095,438530,723,551,4,555,19
2020-06-04,Sonoma,097,501317,700,591,1,592,4
2020-06-04,Stanislaus,099,539301,1102,806,5,811,28
2020-06-04,Sutter,101,95872,68,46,0,46,2
2020-06-04,Tehama,103,63373,14,6,1,7,1
2020-06-04,Trinity,105,12862,8,1,2,3,0
2020-06-04,Tulare,107,460477,2973,2086,10,2096,90
2020-06-04,Tuolumne,109,53932,8,4,0,4,0
2020-06-04,Ventura,111,848112,1881,1236,11,1247,30
2020-06-04,Yolo,113,214977,258,216,0,216,24
2020-06-04,Yuba,115,75493,31,27,0,27,1
2020-06-03,Alameda,001,1643700,4121,3589,6,3595,99
2020-06-03,Alpine,003,1148,1,1,0,1,0
2020-06-03,Amador,005,37829,10,10,0,10,0
2020-06-03,Butte,007,227075,85,53,4,57,1
2020-06-03,Calaveras,009,45235,21,15,0,15,0
2020-06-03,Colusa,011,21464,9,7,0,7,0
2020-06-03,Contra Costa,013,1133247,1819,1511,1,1512,37
2020-06-03,Del Norte,015,27424,45,39,0,39,0
2020-06-03,El Dorado,017,186661,126,90,0,90,0
2020-06-03,Fresno,019,978130,3746,1943,54,1997,35
2020-06-03,Glenn,021,27897,22,16,0,16,0
2020-06-03,Humboldt,023,135768,115,103,0,103,2
2020-06-03,Imperial,025,180216,4489,2540,4,2544,19
2020-06-03,Inyo,027,18085,22,20,0,20,1
2020-06-03,Kern,029,883053,3240,2452,8,2460,44
2020-06-03,Kings,031,150075,1596,744,4,748,6
2020-06-03,Lake,033,64148,32,26,0,26,0
2020-06-03,Lassen,035,31185,11,4,2,6,0
2020-06-03,Los Angeles,037,10098052,66587,58166,20,58186,2472
2020-06-03,Madera,039,155013,322,117,1,118,3
2020-06-03,Marin,041,260295,612,527,2,529,14
2020-06-03,Mariposa,043,17540,16,16,0,16,1
2020-06-03,Mendocino,045,87422,32,29,0,29,0
2020-06-03,Merced,047,269075,459,299,1,300,7
2020-06-03,Modoc,049,8938,1,0,0,0,0
2020-06-03,Mono,051,14174,39,35,0,35,1
2020-06-03,Monterey,053,433212,849,592,2,594,10
2020-06-03,Napa,055,140530,163,116,0,116,3
2020-06-03,Nevada,057,99092,52,43,1,44,1
2020-06-03,Orange,059,3164182,9869,6939,73,7012,145
2020-06-03,Placer,061,380077,342,243,2,245,9
2020-06-03,Plumas,063,18699,4,4,0,4,0
2020-06-03,Riverside,065,2383286,10862,8208,24,8232,335
2020-06-03,Sacramento,067,1510023,1632,1457,2,1459,58
2020-06-03,San Benito,069,59416,108,88,0,88,2
2020-06-03,San Bernardino,071,2135413,7133,5565,5,5570,203
2020-06-03,San Diego,073,3302833,9160,7800,0,7800,283
2020-06-03,San Francisco,075,870044,2827,2608,0,2608,43
2020-06-03,San Joaquin,077,732212,1387,1004,4,1008,35
2020-06-03,San Luis Obispo,079,281455,382,279,4,283,1
2020-06-03,San Mateo,081,765935,2522,2243,4,2247,71
2020-06-03,Santa Barbara,083,443738,1926,1722,15,1737,12
2020-06-03,Santa Clara,085,1922200,3620,2836,14,2850,144
2020-06-03,Santa Cruz,087,273765,244,217,0,217,2
2020-06-03,Shasta,089,179085,63,40,0,40,4
2020-06-03,Sierra,091,2930,1,1,0,1,0
2020-06-03,Siskiyou,093,43540,14,8,0,8,0
2020-06-03,Solano,095,438530,698,543,2,545,18
2020-06-03,Sonoma,097,501317,688,578,1,579,4
2020-06-03,Stanislaus,099,539301,1062,780,5,785,27
2020-06-03,Sutter,101,95872,60,45,0,45,2
2020-06-03,Tehama,103,63373,14,6,1,7,1
2020-06-03,Trinity,105,12862,8,1,2,3,0
2020-06-03,Tulare,107,460477,2904,2041,10,2051,88
2020-06-03,Tuolumne,109,53932,6,4,0,4,0
2020-06-03,Ventura,111,848112,1814,1202,11,1213,30
2020-06-03,Yolo,113,214977,254,213,0,213,24
2020-06-03,Yuba,115,75493,31,27,0,27,1
2020-06-02,Alameda,001,1643700,4045,3517,6,3523,99
2020-06-02,Alpine,003,1148,1,1,0,1,0
2020-06-02,Amador,005,37829,10,10,0,10,0
2020-06-02,Butte,007,227075,81,51,3,54,1
2020-06-02,Calaveras,009,45235,21,15,0,15,0
2020-06-02,Colusa,011,21464,9,7,0,7,0
2020-06-02,Contra Costa,013,1133247,1787,1505,1,1506,37
2020-06-02,Del Norte,015,27424,45,39,0,39,0
2020-06-02,El Dorado,017,186661,125,88,0,88,0
2020-06-02,Fresno,019,978130,3633,1917,54,1971,34
2020-06-02,Glenn,021,27897,21,16,0,16,0
2020-06-02,Humboldt,023,135768,115,101,0,101,2
2020-06-02,Imperial,025,180216,4296,2459,4,2463,19
2020-06-02,Inyo,027,18085,20,20,0,20,1
2020-06-02,Kern,029,883053,3141,2406,6,2412,41
2020-06-02,Kings,031,150075,1568,720,4,724,5
2020-06-02,Lake,033,64148,32,25,0,25,0
2020-06-02,Lassen,035,31185,10,4,2,6,0
2020-06-02,Los Angeles,037,10098052,65184,57144,20,57164,2430
2020-06-02,Madera,039,155013,301,110,1,111,2
2020-06-02,Marin,041,260295,585,509,2,511,14
2020-06-02,Mariposa,043,17540,16,16,0,16,1
2020-06-02,Mendocino,045,87422,32,29,0,29,0
2020-06-02,Merced,047,269075,443,297,1,298,6
2020-06-02,Modoc,049,8938,1,0,0,0,0
2020-06-02,Mono,051,14174,39,35,0,35,1
2020-06-02,Monterey,053,433212,819,582,2,584,10
2020-06-02,Napa,055,140530,154,116,0,116,3
2020-06-02,Nevada,057,99092,51,41,1,42,1
2020-06-02,Orange,059,3164182,9668,6790,72,6862,142
2020-06-02,Placer,061,380077,328,226,2,228,9
2020-06-02,Plumas,063,18699,4,4,0,4,0
2020-06-02,Riverside,065,2383286,10566,8091,22,8113,330
2020-06-02,Sacramento,067,1510023,1603,1428,2,1430,58
2020-06-02,San Benito,069,59416,107,86,0,86,2
2020-06-02,San Bernardino,071,2135413,6926,5438,5,5443,202
2020-06-02,San Diego,073,3302833,9014,7676,0,7676,276
2020-06-02,San Francisco,075,870044,2792,2554,0,2554,43
2020-06-02,San Joaquin,077,732212,1321,985,4,989,35
2020-06-02,San Luis Obispo,079,281455,377,275,4,279,1
2020-06-02,San Mateo,081,765935,2487,2203,4,2207,71
2020-06-02,Santa Barbara,083,443738,1886,1703,15,1718,12
2020-06-02,Santa Clara,085,1922200,3570,2819,14,2833,144
2020-06-02,Santa Cruz,087,273765,239,215,0,215,2
2020-06-02,Shasta,089,179085,62,38,0,38,4
2020-06-02,Sierra,091,2930,1,1,0,1,0
2020-06-02,Siskiyou,093,43540,13,8,0,8,0
2020-06-02,Solano,095,438530,683,537,1,538,18
2020-06-02,Sonoma,097,501317,677,571,1,572,4
2020-06-02,Stanislaus,099,539301,1003,772,5,777,27
2020-06-02,Sutter,101,95872,57,43,0,43,2
2020-06-02,Tehama,103,63373,14,6,1,7,1
2020-06-02,Trinity,105,12862,8,1,2,3,0
2020-06-02,Tulare,107,460477,2824,2012,10,2022,86
2020-06-02,Tuolumne,109,53932,6,4,0,4,0
2020-06-02,Ventura,111,848112,1761,1178,11,1189,30
2020-06-02,Yolo,113,214977,252,213,0,213,24
2020-06-02,Yuba,115,75493,31,27,0,27,1
2020-06-01,Alameda,001,1643700,3979,3460,6,3466,98
2020-06-01,Alpine,003,1148,1,1,0,1,0
2020-06-01,Amador,005,37829,10,10,0,10,0
2020-06-01,Butte,007,227075,80,50,2,52,1
2020-06-01,Calaveras,009,45235,21,15,0,15,0
2020-06-01,Colusa,011,21464,9,7,0,7,0
2020-06-01,Contra Costa,013,1133247,1751,1486,1,1487,37
2020-06-01,Del Norte,015,27424,45,38,0,38,0
2020-06-01,El Dorado,017,186661,123,88,0,88,0
2020-06-01,Fresno,019,978130,3538,1854,52,1906,33
2020-06-01,Glenn,021,27897,21,16,0,16,0
2020-06-01,Humboldt,023,135768,115,98,0,98,2
2020-06-01,Imperial,025,180216,4074,2366,4,2370,14
2020-06-01,Inyo,027,18085,20,20,0,20,1
2020-06-01,Kern,029,883053,3058,2366,6,2372,38
2020-06-01,Kings,031,150075,1300,703,4,707,4
2020-06-01,Lake,033,64148,32,22,0,22,0
2020-06-01,Lassen,035,31185,10,4,2,6,0
2020-06-01,Los Angeles,037,10098052,63718,55899,20,55919,2367
2020-06-01,Madera,039,155013,289,103,1,104,2
2020-06-01,Marin,041,260295,544,495,2,497,14
2020-06-01,Mariposa,043,17540,16,16,0,16,1
2020-06-01,Mendocino,045,87422,32,28,0,28,0
2020-06-01,Merced,047,269075,424,289,1,290,6
2020-06-01,Modoc,049,8938,1,0,0,0,0
2020-06-01,Mono,051,14174,39,35,0,35,1
2020-06-01,Monterey,053,433212,795,554,2,556,10
2020-06-01,Napa,055,140530,151,114,0,114,3
2020-06-01,Nevada,057,99092,51,41,1,42,1
2020-06-01,Orange,059,3164182,9471,6640,71,6711,135
2020-06-01,Placer,061,380077,316,218,2,220,9
2020-06-01,Plumas,063,18699,4,4,0,4,0
2020-06-01,Riverside,065,2383286,10114,7921,21,7942,322
2020-06-01,Sacramento,067,1510023,1564,1415,2,1417,58
2020-06-01,San Benito,069,59416,104,86,0,86,2
2020-06-01,San Bernardino,071,2135413,6720,5310,5,5315,202
2020-06-01,San Diego,073,3302833,8834,7556,0,7556,269
2020-06-01,San Francisco,075,870044,2755,2546,0,2546,43
2020-06-01,San Joaquin,077,732212,1256,957,4,961,35
2020-06-01,San Luis Obispo,079,281455,373,275,4,279,1
2020-06-01,San Mateo,081,765935,2457,2190,4,2194,71
2020-06-01,Santa Barbara,083,443738,1852,1671,14,1685,10
2020-06-01,Santa Clara,085,1922200,3532,2797,13,2810,142
2020-06-01,Santa Cruz,087,273765,235,215,0,215,2
2020-06-01,Shasta,089,179085,62,38,0,38,4
2020-06-01,Sierra,091,2930,1,1,0,1,0
2020-06-01,Siskiyou,093,43540,13,7,0,7,0
2020-06-01,Solano,095,438530,659,529,1,530,17
2020-06-01,Sonoma,097,501317,661,565,1,566,4
2020-06-01,Stanislaus,099,539301,966,758,5,763,27
2020-06-01,Sutter,101,95872,52,43,0,43,2
2020-06-01,Tehama,103,63373,11,5,1,6,1
2020-06-01,Trinity,105,12862,7,1,2,3,0
2020-06-01,Tulare,107,460477,2709,1976,10,1986,84
2020-06-01,Tuolumne,109,53932,5,4,0,4,0
2020-06-01,Ventura,111,848112,1708,1163,11,1174,29
2020-06-01,Yolo,113,214977,249,212,0,212,24
2020-06-01,Yuba,115,75493,30,26,0,26,1
2020-05-31,Alameda,001,1643700,3874,3362,6,3368,98
2020-05-31,Alpine,003,1148,1,1,0,1,0
2020-05-31,Amador,005,37829,10,10,0,10,0
2020-05-31,Butte,007,227075,78,51,2,53,0
2020-05-31,Calaveras,009,45235,18,15,0,15,0
2020-05-31,Colusa,011,21464,9,5,0,5,0
2020-05-31,Contra Costa,013,1133247,1717,1458,1,1459,37
2020-05-31,Del Norte,015,27424,45,37,0,37,0
2020-05-31,El Dorado,017,186661,119,88,0,88,0
2020-05-31,Fresno,019,978130,3373,1780,46,1826,31
2020-05-31,Glenn,021,27897,20,16,0,16,0
2020-05-31,Humboldt,023,135768,113,98,0,98,2
2020-05-31,Imperial,025,180216,3807,2197,4,2201,14
2020-05-31,Inyo,027,18085,20,20,0,20,1
2020-05-31,Kern,029,883053,2923,2300,6,2306,38
2020-05-31,Kings,031,150075,1263,703,4,707,3
2020-05-31,Lake,033,64148,32,19,0,19,0
2020-05-31,Lassen,035,31185,10,4,2,6,0
2020-05-31,Los Angeles,037,10098052,62427,54925,20,54945,2344
2020-05-31,Madera,039,155013,271,101,1,102,2
2020-05-31,Marin,041,260295,534,486,2,488,14
2020-05-31,Mariposa,043,17540,16,16,0,16,1
2020-05-31,Mendocino,045,87422,32,24,0,24,0
2020-05-31,Merced,047,269075,397,288,0,288,6
2020-05-31,Modoc,049,8938,0,0,0,0,0
2020-05-31,Mono,051,14174,39,34,0,34,1
2020-05-31,Monterey,053,433212,721,545,2,547,10
2020-05-31,Napa,055,140530,149,114,0,114,3
2020-05-31,Nevada,057,99092,50,41,1,42,1
2020-05-31,Orange,059,3164182,9261,6532,70,6602,135
2020-05-31,Placer,061,380077,294,215,2,217,9
2020-05-31,Plumas,063,18699,4,4,0,4,0
2020-05-31,Riverside,065,2383286,9858,7704,21,7725,321
2020-05-31,Sacramento,067,1510023,1533,1398,2,1400,57
2020-05-31,San Benito,069,59416,98,85,0,85,2
2020-05-31,San Bernardino,071,2135413,6452,5185,5,5190,198
2020-05-31,San Diego,073,3302833,8640,7483,0,7483,269
2020-05-31,San Francisco,075,870044,2719,2501,0,2501,43
2020-05-31,San Joaquin,077,732212,1191,888,4,892,34
2020-05-31,San Luis Obispo,079,281455,363,271,4,275,1
2020-05-31,San Mateo,081,765935,2411,2169,4,2173,71
2020-05-31,Santa Barbara,083,443738,1801,1662,13,1675,9
2020-05-31,Santa Clara,085,1922200,3488,2785,13,2798,142
2020-05-31,Santa Cruz,087,273765,232,210,0,210,2
2020-05-31,Shasta,089,179085,60,38,0,38,4
2020-05-31,Sierra,091,2930,1,1,0,1,0
2020-05-31,Siskiyou,093,43540,12,7,0,7,0
2020-05-31,Solano,095,438530,633,512,1,513,6
2020-05-31,Sonoma,097,501317,641,555,1,556,4
2020-05-31,Stanislaus,099,539301,912,738,5,743,27
2020-05-31,Sutter,101,95872,50,42,0,42,2
2020-05-31,Tehama,103,63373,10,4,1,5,1
2020-05-31,Trinity,105,12862,7,1,2,3,0
2020-05-31,Tulare,107,460477,2636,1884,10,1894,82
2020-05-31,Tuolumne,109,53932,5,4,0,4,0
2020-05-31,Ventura,111,848112,1647,1151,11,1162,30
2020-05-31,Yolo,113,214977,243,211,0,211,24
2020-05-31,Yuba,115,75493,30,26,0,26,1
2020-05-30,Alameda,001,1643700,3848,3304,6,3310,96
2020-05-30,Alpine,003,1148,1,1,0,1,0
2020-05-30,Amador,005,37829,10,10,0,10,0
2020-05-30,Butte,007,227075,77,44,2,46,0
2020-05-30,Calaveras,009,45235,17,15,0,15,0
2020-05-30,Colusa,011,21464,8,5,0,5,0
2020-05-30,Contra Costa,013,1133247,1701,1429,1,1430,37
2020-05-30,Del Norte,015,27424,45,37,0,37,0
2020-05-30,El Dorado,017,186661,118,86,0,86,0
2020-05-30,Fresno,019,978130,3312,1744,45,1789,31
2020-05-30,Glenn,021,27897,19,16,0,16,0
2020-05-30,Humboldt,023,135768,112,98,0,98,2
2020-05-30,Imperial,025,180216,3717,2091,4,2095,14
2020-05-30,Inyo,027,18085,20,20,0,20,1
2020-05-30,Kern,029,883053,2854,2217,6,2223,38
2020-05-30,Kings,031,150075,1249,703,4,707,3
2020-05-30,Lake,033,64148,31,18,0,18,0
2020-05-30,Lassen,035,31185,10,4,2,6,0
2020-05-30,Los Angeles,037,10098052,61890,53627,20,53647,2319
2020-05-30,Madera,039,155013,266,101,1,102,2
2020-05-30,Marin,041,260295,534,462,2,464,14
2020-05-30,Mariposa,043,17540,16,16,0,16,1
2020-05-30,Mendocino,045,87422,32,24,0,24,0
2020-05-30,Merced,047,269075,396,285,0,285,6
2020-05-30,Modoc,049,8938,0,0,0,0,0
2020-05-30,Mono,051,14174,39,34,0,34,1
2020-05-30,Monterey,053,433212,705,520,2,522,10
2020-05-30,Napa,055,140530,147,113,0,113,3
2020-05-30,Nevada,057,99092,50,41,1,42,1
2020-05-30,Orange,059,3164182,9104,6354,70,6424,134
2020-05-30,Placer,061,380077,286,199,1,200,9
2020-05-30,Plumas,063,18699,4,4,0,4,0
2020-05-30,Riverside,065,2383286,9714,7492,21,7513,316
2020-05-30,Sacramento,067,1510023,1522,1384,2,1386,57
2020-05-30,San Benito,069,59416,97,85,0,85,2
2020-05-30,San Bernardino,071,2135413,6343,5122,5,5127,198
2020-05-30,San Diego,073,3302833,8547,7387,0,7387,269
2020-05-30,San Francisco,075,870044,2694,2496,0,2496,41
2020-05-30,San Joaquin,077,732212,1153,888,4,892,34
2020-05-30,San Luis Obispo,079,281455,358,270,4,274,1
2020-05-30,San Mateo,081,765935,2387,2129,4,2133,71
2020-05-30,Santa Barbara,083,443738,1782,1660,13,1673,9
2020-05-30,Santa Clara,085,1922200,3472,2741,13,2754,141
2020-05-30,Santa Cruz,087,273765,232,206,0,206,2
2020-05-30,Shasta,089,179085,60,36,0,36,4
2020-05-30,Sierra,091,2930,1,1,0,1,0
2020-05-30,Siskiyou,093,43540,11,7,0,7,0
2020-05-30,Solano,095,438530,626,512,1,513,6
2020-05-30,Sonoma,097,501317,631,551,1,552,4
2020-05-30,Stanislaus,099,539301,895,712,5,717,27
2020-05-30,Sutter,101,95872,49,40,0,40,2
2020-05-30,Tehama,103,63373,10,4,1,5,1
2020-05-30,Trinity,105,12862,7,1,2,3,0
2020-05-30,Tulare,107,460477,2599,1879,10,1889,81
2020-05-30,Tuolumne,109,53932,5,4,0,4,0
2020-05-30,Ventura,111,848112,1630,1116,11,1127,30
2020-05-30,Yolo,113,214977,239,210,0,210,24
2020-05-30,Yuba,115,75493,30,25,0,25,1
2020-05-29,Alameda,001,1643700,3813,3209,6,3215,96
2020-05-29,Alpine,003,1148,1,1,0,1,0
2020-05-29,Amador,005,37829,10,10,0,10,0
2020-05-29,Butte,007,227075,72,41,2,43,0
2020-05-29,Calaveras,009,45235,17,15,0,15,0
2020-05-29,Colusa,011,21464,8,5,0,5,0
2020-05-29,Contra Costa,013,1133247,1685,1411,1,1412,37
2020-05-29,Del Norte,015,27424,45,37,0,37,0
2020-05-29,El Dorado,017,186661,117,85,0,85,0
2020-05-29,Fresno,019,978130,3262,1687,45,1732,31
2020-05-29,Glenn,021,27897,19,14,0,14,0
2020-05-29,Humboldt,023,135768,111,98,0,98,2
2020-05-29,Imperial,025,180216,3599,1607,4,1611,14
2020-05-29,Inyo,027,18085,20,20,0,20,1
2020-05-29,Kern,029,883053,2796,2128,6,2134,36
2020-05-29,Kings,031,150075,1238,693,4,697,3
2020-05-29,Lake,033,64148,30,17,0,17,0
2020-05-29,Lassen,035,31185,10,0,2,2,0
2020-05-29,Los Angeles,037,10098052,60935,51578,20,51598,2273
2020-05-29,Madera,039,155013,251,98,1,99,2
2020-05-29,Marin,041,260295,526,448,2,450,14
2020-05-29,Mariposa,043,17540,16,16,0,16,1
2020-05-29,Mendocino,045,87422,30,25,0,25,0
2020-05-29,Merced,047,269075,391,285,0,285,7
2020-05-29,Modoc,049,8938,0,0,0,0,0
2020-05-29,Mono,051,14174,38,34,0,34,1
2020-05-29,Monterey,053,433212,675,479,2,481,10
2020-05-29,Napa,055,140530,144,113,0,113,3
2020-05-29,Nevada,057,99092,50,41,1,42,1
2020-05-29,Orange,059,3164182,8919,6176,67,6243,133
2020-05-29,Placer,061,380077,264,199,1,200,9
2020-05-29,Plumas,063,18699,4,4,0,4,0
2020-05-29,Riverside,065,2383286,9528,7376,21,7397,313
2020-05-29,Sacramento,067,1510023,1499,1360,2,1362,57
2020-05-29,San Benito,069,59416,97,84,0,84,2
2020-05-29,San Bernardino,071,2135413,6235,4983,5,4988,196
2020-05-29,San Diego,073,3302833,8424,7242,0,7242,266
2020-05-29,San Francisco,075,870044,2670,2453,0,2453,41
2020-05-29,San Joaquin,077,732212,1116,855,4,859,34
2020-05-29,San Luis Obispo,079,281455,354,270,4,274,1
2020-05-29,San Mateo,081,765935,2371,2103,4,2107,71
2020-05-29,Santa Barbara,083,443738,1755,1656,13,1669,9
2020-05-29,Santa Clara,085,1922200,3444,2707,13,2720,141
2020-05-29,Santa Cruz,087,273765,229,203,0,203,2
2020-05-29,Shasta,089,179085,60,36,0,36,4
2020-05-29,Sierra,091,2930,1,1,0,1,0
2020-05-29,Siskiyou,093,43540,11,7,0,7,0
2020-05-29,Solano,095,438530,618,498,1,499,6
2020-05-29,Sonoma,097,501317,620,537,1,538,4
2020-05-29,Stanislaus,099,539301,865,698,5,703,27
2020-05-29,Sutter,101,95872,47,40,0,40,2
2020-05-29,Tehama,103,63373,9,4,1,5,1
2020-05-29,Trinity,105,12862,7,1,2,3,0
2020-05-29,Tulare,107,460477,2561,1852,10,1862,80
2020-05-29,Tuolumne,109,53932,5,4,0,4,0
2020-05-29,Ventura,111,848112,1606,1093,11,1104,29
2020-05-29,Yolo,113,214977,235,211,0,211,24
2020-05-29,Yuba,115,75493,29,25,0,25,1
2020-05-28,Alameda,001,1643700,3713,3083,6,3089,94
2020-05-28,Alpine,003,1148,1,1,0,1,0
2020-05-28,Amador,005,37829,10,10,0,10,0
2020-05-28,Butte,007,227075,71,40,2,42,0
2020-05-28,Calaveras,009,45235,16,15,0,15,0
2020-05-28,Colusa,011,21464,8,5,0,5,0
2020-05-28,Contra Costa,013,1133247,1646,1392,1,1393,37
2020-05-28,Del Norte,015,27424,45,37,0,37,0
2020-05-28,El Dorado,017,186661,114,82,0,82,0
2020-05-28,Fresno,019,978130,3181,1653,44,1697,31
2020-05-28,Glenn,021,27897,18,14,0,14,0
2020-05-28,Humboldt,023,135768,110,97,0,97,2
2020-05-28,Imperial,025,180216,3404,1430,4,1434,14
2020-05-28,Inyo,027,18085,20,20,0,20,1
2020-05-28,Kern,029,883053,2718,2069,6,2075,36
2020-05-28,Kings,031,150075,901,626,4,630,3
2020-05-28,Lake,033,64148,29,17,0,17,0
2020-05-28,Lassen,035,31185,10,0,2,2,0
2020-05-28,Los Angeles,037,10098052,59353,49861,20,49881,2222
2020-05-28,Madera,039,155013,233,93,1,94,2
2020-05-28,Marin,041,260295,501,443,2,445,14
2020-05-28,Mariposa,043,17540,16,16,0,16,1
2020-05-28,Mendocino,045,87422,28,24,0,24,0
2020-05-28,Merced,047,269075,382,283,0,283,7
2020-05-28,Modoc,049,8938,0,0,0,0,0
2020-05-28,Mono,051,14174,38,34,0,34,1
2020-05-28,Monterey,053,433212,643,471,2,473,10
2020-05-28,Napa,055,140530,141,113,0,113,3
2020-05-28,Nevada,057,99092,45,41,1,42,1
2020-05-28,Orange,059,3164182,8723,6045,67,6112,130
2020-05-28,Placer,061,380077,257,196,1,197,9
2020-05-28,Plumas,063,18699,4,4,0,4,0
2020-05-28,Riverside,065,2383286,9124,7240,20,7260,304
2020-05-28,Sacramento,067,1510023,1479,1339,2,1341,57
2020-05-28,San Benito,069,59416,96,82,0,82,2
2020-05-28,San Bernardino,071,2135413,6070,4831,5,4836,191
2020-05-28,San Diego,073,3302833,8267,7102,0,7102,260
2020-05-28,San Francisco,075,870044,2636,2417,0,2417,40
2020-05-28,San Joaquin,077,732212,1081,840,4,844,34
2020-05-28,San Luis Obispo,079,281455,351,267,4,271,1
2020-05-28,San Mateo,081,765935,2344,2070,4,2074,71
2020-05-28,Santa Barbara,083,443738,1727,1642,12,1654,9
2020-05-28,Santa Clara,085,1922200,3404,2698,13,2711,140
2020-05-28,Santa Cruz,087,273765,228,201,0,201,2
2020-05-28,Shasta,089,179085,58,36,0,36,4
2020-05-28,Sierra,091,2930,1,1,0,1,0
2020-05-28,Siskiyou,093,43540,9,6,0,6,0
2020-05-28,Solano,095,438530,601,489,1,490,6
2020-05-28,Sonoma,097,501317,598,529,1,530,4
2020-05-28,Stanislaus,099,539301,824,684,5,689,27
2020-05-28,Sutter,101,95872,47,40,0,40,2
2020-05-28,Tehama,103,63373,9,4,1,5,1
2020-05-28,Trinity,105,12862,6,1,2,3,0
2020-05-28,Tulare,107,460477,2525,1832,10,1842,79
2020-05-28,Tuolumne,109,53932,5,4,0,4,0
2020-05-28,Ventura,111,848112,1573,1083,11,1094,29
2020-05-28,Yolo,113,214977,232,206,0,206,22
2020-05-28,Yuba,115,75493,28,24,0,24,1
2020-05-27,Alameda,001,1643700,3630,3037,6,3043,94
2020-05-27,Alpine,003,1148,1,1,0,1,0
2020-05-27,Amador,005,37829,10,10,0,10,0
2020-05-27,Butte,007,227075,68,40,1,41,0
2020-05-27,Calaveras,009,45235,15,15,0,15,0
2020-05-27,Colusa,011,21464,8,5,0,5,0
2020-05-27,Contra Costa,013,1133247,1606,1373,1,1374,37
2020-05-27,Del Norte,015,27424,45,34,0,34,0
2020-05-27,El Dorado,017,186661,113,82,0,82,0
2020-05-27,Fresno,019,978130,3093,1620,44,1664,27
2020-05-27,Glenn,021,27897,18,14,0,14,0
2020-05-27,Humboldt,023,135768,110,86,0,86,2
2020-05-27,Imperial,025,180216,3224,1369,4,1373,14
2020-05-27,Inyo,027,18085,20,20,0,20,1
2020-05-27,Kern,029,883053,2653,1999,6,2005,37
2020-05-27,Kings,031,150075,874,586,4,590,3
2020-05-27,Lake,033,64148,29,13,0,13,0
2020-05-27,Lassen,035,31185,10,0,2,2,0
2020-05-27,Los Angeles,037,10098052,57978,48711,20,48731,2177
2020-05-27,Madera,039,155013,224,91,1,92,2
2020-05-27,Marin,041,260295,472,439,2,441,14
2020-05-27,Mariposa,043,17540,16,16,0,16,1
2020-05-27,Mendocino,045,87422,27,21,0,21,0
2020-05-27,Merced,047,269075,378,278,0,278,7
2020-05-27,Modoc,049,8938,0,0,0,0,0
2020-05-27,Mono,051,14174,38,34,0,34,1
2020-05-27,Monterey,053,433212,603,443,2,445,8
2020-05-27,Napa,055,140530,136,112,0,112,3
2020-05-27,Nevada,057,99092,44,41,1,42,1
2020-05-27,Orange,059,3164182,8568,5849,67,5916,121
2020-05-27,Placer,061,380077,238,196,0,196,9
2020-05-27,Plumas,063,18699,4,4,0,4,0
2020-05-27,Riverside,065,2383286,8745,7156,20,7176,299
2020-05-27,Sacramento,067,1510023,1451,1318,2,1320,50
2020-05-27,San Benito,069,59416,93,74,0,74,2
2020-05-27,San Bernardino,071,2135413,5886,4708,5,4713,183
2020-05-27,San Diego,073,3302833,8116,6985,0,6985,255
2020-05-27,San Francisco,075,870044,2607,2394,0,2394,40
2020-05-27,San Joaquin,077,732212,1039,825,4,829,34
2020-05-27,San Luis Obispo,079,281455,346,266,4,270,1
2020-05-27,San Mateo,081,765935,2304,2045,4,2049,71
2020-05-27,Santa Barbara,083,443738,1712,1629,12,1641,9
2020-05-27,Santa Clara,085,1922200,3371,2680,13,2693,140
2020-05-27,Santa Cruz,087,273765,224,202,0,202,2
2020-05-27,Shasta,089,179085,55,36,0,36,4
2020-05-27,Sierra,091,2930,1,1,0,1,0
2020-05-27,Siskiyou,093,43540,9,6,0,6,0
2020-05-27,Solano,095,438530,581,477,1,478,5
2020-05-27,Sonoma,097,501317,584,521,1,522,4
2020-05-27,Stanislaus,099,539301,799,675,5,680,27
2020-05-27,Sutter,101,95872,46,40,0,40,2
2020-05-27,Tehama,103,63373,9,3,1,4,1
2020-05-27,Trinity,105,12862,6,1,2,3,0
2020-05-27,Tulare,107,460477,2473,1817,10,1827,77
2020-05-27,Tuolumne,109,53932,5,4,0,4,0
2020-05-27,Ventura,111,848112,1548,1065,11,1076,28
2020-05-27,Yolo,113,214977,231,204,0,204,22
2020-05-27,Yuba,115,75493,28,24,0,24,1
2020-05-26,Alameda,001,1643700,3535,2956,6,2962,92
2020-05-26,Alpine,003,1148,1,1,0,1,0
2020-05-26,Amador,005,37829,10,10,0,10,0
2020-05-26,Butte,007,227075,66,37,1,38,0
2020-05-26,Calaveras,009,45235,15,13,0,13,0
2020-05-26,Colusa,011,21464,8,4,0,4,0
2020-05-26,Contra Costa,013,1133247,1571,1352,1,1353,37
2020-05-26,Del Norte,015,27424,44,30,0,30,0
2020-05-26,El Dorado,017,186661,109,79,0,79,0
2020-05-26,Fresno,019,978130,3006,1496,44,1540,22
2020-05-26,Glenn,021,27897,16,12,0,12,0
2020-05-26,Humboldt,023,135768,108,81,0,81,2
2020-05-26,Imperial,025,180216,3009,1369,4,1373,14
2020-05-26,Inyo,027,18085,20,20,0,20,1
2020-05-26,Kern,029,883053,2575,1890,6,1896,31
2020-05-26,Kings,031,150075,806,449,3,452,2
2020-05-26,Lake,033,64148,27,12,0,12,0
2020-05-26,Lassen,035,31185,9,0,2,2,0
2020-05-26,Los Angeles,037,10098052,56511,47760,20,47780,2121
2020-05-26,Madera,039,155013,209,83,1,84,2
2020-05-26,Marin,041,260295,460,424,2,426,14
2020-05-26,Mariposa,043,17540,16,16,0,16,1
2020-05-26,Mendocino,045,87422,25,20,0,20,0
2020-05-26,Merced,047,269075,363,266,0,266,7
2020-05-26,Modoc,049,8938,0,1,0,1,0
2020-05-26,Mono,051,14174,37,34,0,34,1
2020-05-26,Monterey,053,433212,575,424,1,425,8
2020-05-26,Napa,055,140530,131,109,0,109,3
2020-05-26,Nevada,057,99092,43,41,1,42,1
2020-05-26,Orange,059,3164182,8298,5651,66,5717,115
2020-05-26,Placer,061,380077,233,188,0,188,9
2020-05-26,Plumas,063,18699,4,4,0,4,0
2020-05-26,Riverside,065,2383286,8298,6917,20,6937,284
2020-05-26,Sacramento,067,1510023,1425,1298,2,1300,50
2020-05-26,San Benito,069,59416,88,69,0,69,2
2020-05-26,San Bernardino,071,2135413,5718,4430,5,4435,175
2020-05-26,San Diego,073,3302833,7973,6884,0,6884,249
2020-05-26,San Francisco,075,870044,2574,2363,0,2363,40
2020-05-26,San Joaquin,077,732212,992,760,4,764,33
2020-05-26,San Luis Obispo,079,281455,344,260,4,264,1
2020-05-26,San Mateo,081,765935,2266,1967,3,1970,71
2020-05-26,Santa Barbara,083,443738,1695,1590,11,1601,9
2020-05-26,Santa Clara,085,1922200,3339,2659,13,2672,139
2020-05-26,Santa Cruz,087,273765,222,197,0,197,2
2020-05-26,Shasta,089,179085,55,36,0,36,4
2020-05-26,Sierra,091,2930,1,1,0,1,0
2020-05-26,Siskiyou,093,43540,8,6,0,6,0
2020-05-26,Solano,095,438530,563,470,1,471,5
2020-05-26,Sonoma,097,501317,576,509,0,509,4
2020-05-26,Stanislaus,099,539301,779,663,5,668,27
2020-05-26,Sutter,101,95872,45,39,0,39,2
2020-05-26,Tehama,103,63373,8,2,1,3,1
2020-05-26,Trinity,105,12862,6,1,2,3,0
2020-05-26,Tulare,107,460477,2417,1768,10,1778,76
2020-05-26,Tuolumne,109,53932,5,2,0,2,0
2020-05-26,Ventura,111,848112,1511,1033,8,1041,27
2020-05-26,Yolo,113,214977,225,198,0,198,22
2020-05-26,Yuba,115,75493,27,24,0,24,1
2020-05-25,Alameda,001,1643700,3442,2900,5,2905,92
2020-05-25,Alpine,003,1148,1,1,0,1,0
2020-05-25,Amador,005,37829,10,10,0,10,0
2020-05-25,Butte,007,227075,63,37,1,38,0
2020-05-25,Calaveras,009,45235,15,13,0,13,0
2020-05-25,Colusa,011,21464,7,4,0,4,0
2020-05-25,Contra Costa,013,1133247,1539,1348,1,1349,37
2020-05-25,Del Norte,015,27424,44,20,0,20,0
2020-05-25,El Dorado,017,186661,101,78,0,78,0
2020-05-25,Fresno,019,978130,2902,1496,42,1538,22
2020-05-25,Glenn,021,27897,16,12,0,12,0
2020-05-25,Humboldt,023,135768,107,81,0,81,2
2020-05-25,Imperial,025,180216,2798,1369,4,1373,14
2020-05-25,Inyo,027,18085,19,20,0,20,1
2020-05-25,Kern,029,883053,2504,1890,6,1896,31
2020-05-25,Kings,031,150075,776,447,3,450,2
2020-05-25,Lake,033,64148,25,13,0,13,0
2020-05-25,Lassen,035,31185,9,0,2,2,0
2020-05-25,Los Angeles,037,10098052,54701,45952,19,45971,2094
2020-05-25,Madera,039,155013,196,83,1,84,2
2020-05-25,Marin,041,260295,442,415,2,417,14
2020-05-25,Mariposa,043,17540,16,15,0,15,1
2020-05-25,Mendocino,045,87422,22,19,0,19,0
2020-05-25,Merced,047,269075,356,262,0,262,6
2020-05-25,Modoc,049,8938,0,1,0,1,0
2020-05-25,Mono,051,14174,37,34,0,34,1
2020-05-25,Monterey,053,433212,545,418,1,419,8
2020-05-25,Napa,055,140530,131,107,0,107,3
2020-05-25,Nevada,057,99092,43,41,1,42,1
2020-05-25,Orange,059,3164182,8076,5601,65,5666,115
2020-05-25,Placer,061,380077,229,186,0,186,9
2020-05-25,Plumas,063,18699,4,4,0,4,0
2020-05-25,Riverside,065,2383286,8067,6900,20,6920,284
2020-05-25,Sacramento,067,1510023,1405,1290,1,1291,50
2020-05-25,San Benito,069,59416,87,70,0,70,2
2020-05-25,San Bernardino,071,2135413,5528,4393,4,4397,175
2020-05-25,San Diego,073,3302833,7797,6799,0,6799,249
2020-05-25,San Francisco,075,870044,2537,2358,0,2358,40
2020-05-25,San Joaquin,077,732212,966,760,4,764,33
2020-05-25,San Luis Obispo,079,281455,341,260,4,264,1
2020-05-25,San Mateo,081,765935,2229,1938,3,1941,71
2020-05-25,Santa Barbara,083,443738,1685,1590,11,1601,9
2020-05-25,Santa Clara,085,1922200,3306,2647,13,2660,139
2020-05-25,Santa Cruz,087,273765,220,191,0,191,2
2020-05-25,Shasta,089,179085,54,36,0,36,4
2020-05-25,Sierra,091,2930,1,1,0,1,0
2020-05-25,Siskiyou,093,43540,8,6,0,6,0
2020-05-25,Solano,095,438530,549,437,1,438,5
2020-05-25,Sonoma,097,501317,564,496,0,496,4
2020-05-25,Stanislaus,099,539301,749,651,5,656,27
2020-05-25,Sutter,101,95872,45,38,0,38,2
2020-05-25,Tehama,103,63373,7,2,1,3,1
2020-05-25,Trinity,105,12862,6,1,2,3,0
2020-05-25,Tulare,107,460477,2353,1747,10,1757,76
2020-05-25,Tuolumne,109,53932,5,2,0,2,0
2020-05-25,Ventura,111,848112,1470,1020,8,1028,27
2020-05-25,Yolo,113,214977,223,197,0,197,22
2020-05-25,Yuba,115,75493,26,24,0,24,1
2020-05-24,Alameda,001,1643700,3369,2830,5,2835,92
2020-05-24,Alpine,003,1148,1,1,0,1,0
2020-05-24,Amador,005,37829,10,9,0,9,0
2020-05-24,Butte,007,227075,61,35,1,36,0
2020-05-24,Calaveras,009,45235,15,13,0,13,0
2020-05-24,Colusa,011,21464,7,4,0,4,0
2020-05-24,Contra Costa,013,1133247,1511,1325,1,1326,37
2020-05-24,Del Norte,015,27424,43,16,0,16,0
2020-05-24,El Dorado,017,186661,100,76,0,76,0
2020-05-24,Fresno,019,978130,2835,1455,41,1496,22
2020-05-24,Glenn,021,27897,15,12,0,12,0
2020-05-24,Humboldt,023,135768,107,81,0,81,2
2020-05-24,Imperial,025,180216,2672,1369,4,1373,14
2020-05-24,Inyo,027,18085,19,20,0,20,1
2020-05-24,Kern,029,883053,2431,1861,5,1866,31
2020-05-24,Kings,031,150075,765,446,3,449,2
2020-05-24,Lake,033,64148,24,12,0,12,0
2020-05-24,Lassen,035,31185,8,0,2,2,0
2020-05-24,Los Angeles,037,10098052,53686,44954,19,44973,2085
2020-05-24,Madera,039,155013,190,83,1,84,2
2020-05-24,Marin,041,260295,440,401,2,403,14
2020-05-24,Mariposa,043,17540,16,15,0,15,1
2020-05-24,Mendocino,045,87422,21,19,0,19,0
2020-05-24,Merced,047,269075,355,258,0,258,6
2020-05-24,Modoc,049,8938,0,0,0,0,0
2020-05-24,Mono,051,14174,37,34,0,34,1
2020-05-24,Monterey,053,433212,517,405,1,406,8
2020-05-24,Napa,055,140530,129,104,0,104,3
2020-05-24,Nevada,057,99092,43,41,1,42,1
2020-05-24,Orange,059,3164182,7922,5439,64,5503,113
2020-05-24,Placer,061,380077,221,184,0,184,9
2020-05-24,Plumas,063,18699,4,4,0,4,0
2020-05-24,Riverside,065,2383286,7926,6571,20,6591,284
2020-05-24,Sacramento,067,1510023,1389,1283,1,1284,50
2020-05-24,San Benito,069,59416,86,67,0,67,2
2020-05-24,San Bernardino,071,2135413,5420,4262,4,4266,175
2020-05-24,San Diego,073,3302833,7654,6703,0,6703,249
2020-05-24,San Francisco,075,870044,2513,2318,0,2318,40
2020-05-24,San Joaquin,077,732212,947,760,4,764,33
2020-05-24,San Luis Obispo,079,281455,339,257,4,261,1
2020-05-24,San Mateo,081,765935,2194,1925,3,1928,71
2020-05-24,Santa Barbara,083,443738,1673,1573,11,1584,9
2020-05-24,Santa Clara,085,1922200,3286,2623,13,2636,139
2020-05-24,Santa Cruz,087,273765,217,185,0,185,2
2020-05-24,Shasta,089,179085,53,36,0,36,4
2020-05-24,Sierra,091,2930,1,1,0,1,0
2020-05-24,Siskiyou,093,43540,7,6,0,6,0
2020-05-24,Solano,095,438530,541,436,0,436,5
2020-05-24,Sonoma,097,501317,553,485,0,485,4
2020-05-24,Stanislaus,099,539301,729,634,5,639,27
2020-05-24,Sutter,101,95872,45,38,0,38,2
2020-05-24,Tehama,103,63373,5,2,1,3,1
2020-05-24,Trinity,105,12862,6,1,2,3,0
2020-05-24,Tulare,107,460477,2307,1684,10,1694,74
2020-05-24,Tuolumne,109,53932,5,2,0,2,0
2020-05-24,Ventura,111,848112,1458,982,8,990,27
2020-05-24,Yolo,113,214977,221,192,0,192,22
2020-05-24,Yuba,115,75493,26,24,0,24,1
2020-05-23,Alameda,001,1643700,3328,2783,5,2788,91
2020-05-23,Alpine,003,1148,1,1,0,1,0
2020-05-23,Amador,005,37829,10,9,0,9,0
2020-05-23,Butte,007,227075,60,34,1,35,0
2020-05-23,Calaveras,009,45235,15,13,0,13,0
2020-05-23,Colusa,011,21464,7,4,0,4,0
2020-05-23,Contra Costa,013,1133247,1500,1302,1,1303,36
2020-05-23,Del Norte,015,27424,43,10,0,10,0
2020-05-23,El Dorado,017,186661,100,74,0,74,0
2020-05-23,Fresno,019,978130,2815,1447,41,1488,21
2020-05-23,Glenn,021,27897,15,12,0,12,0
2020-05-23,Humboldt,023,135768,105,80,0,80,2
2020-05-23,Imperial,025,180216,2584,1283,4,1287,14
2020-05-23,Inyo,027,18085,19,20,0,20,1
2020-05-23,Kern,029,883053,2388,1806,5,1811,31
2020-05-23,Kings,031,150075,761,444,3,447,2
2020-05-23,Lake,033,64148,23,10,0,10,0
2020-05-23,Lassen,035,31185,8,0,2,2,0
2020-05-23,Los Angeles,037,10098052,53144,44029,19,44048,2069
2020-05-23,Madera,039,155013,186,83,1,84,2
2020-05-23,Marin,041,260295,440,393,1,394,14
2020-05-23,Mariposa,043,17540,16,15,0,15,1
2020-05-23,Mendocino,045,87422,21,13,0,13,0
2020-05-23,Merced,047,269075,352,247,0,247,6
2020-05-23,Modoc,049,8938,0,0,0,0,0
2020-05-23,Mono,051,14174,36,34,0,34,1
2020-05-23,Monterey,053,433212,503,397,1,398,8
2020-05-23,Napa,055,140530,125,101,0,101,3
2020-05-23,Nevada,057,99092,43,41,1,42,1
2020-05-23,Orange,059,3164182,7763,5313,63,5376,113
2020-05-23,Placer,061,380077,215,184,0,184,9
2020-05-23,Plumas,063,18699,4,4,0,4,0
2020-05-23,Riverside,065,2383286,7835,6460,20,6480,284
2020-05-23,Sacramento,067,1510023,1373,1275,1,1276,50
2020-05-23,San Benito,069,59416,81,67,0,67,2
2020-05-23,San Bernardino,071,2135413,5325,4172,4,4176,175
2020-05-23,San Diego,073,3302833,7563,6561,0,6561,249
2020-05-23,San Francisco,075,870044,2494,2312,0,2312,40
2020-05-23,San Joaquin,077,732212,932,759,4,763,33
2020-05-23,San Luis Obispo,079,281455,335,256,4,260,1
2020-05-23,San Mateo,081,765935,2166,1862,3,1865,71
2020-05-23,Santa Barbara,083,443738,1665,1566,11,1577,9
2020-05-23,Santa Clara,085,1922200,3272,2593,12,2605,139
2020-05-23,Santa Cruz,087,273765,215,177,0,177,2
2020-05-23,Shasta,089,179085,53,35,0,35,4
2020-05-23,Sierra,091,2930,1,1,0,1,0
2020-05-23,Siskiyou,093,43540,7,6,0,6,0
2020-05-23,Solano,095,438530,536,435,0,435,5
2020-05-23,Sonoma,097,501317,539,462,0,462,4
2020-05-23,Stanislaus,099,539301,721,625,5,630,27
2020-05-23,Sutter,101,95872,44,38,0,38,2
2020-05-23,Tehama,103,63373,5,2,1,3,1
2020-05-23,Trinity,105,12862,6,1,2,3,0
2020-05-23,Tulare,107,460477,2286,1682,10,1692,73
2020-05-23,Tuolumne,109,53932,5,2,0,2,0
2020-05-23,Ventura,111,848112,1438,961,8,969,27
2020-05-23,Yolo,113,214977,220,188,0,188,22
2020-05-23,Yuba,115,75493,26,24,0,24,1
2020-05-22,Alameda,001,1643700,3274,2722,5,2727,91
2020-05-22,Alpine,003,1148,1,1,0,1,0
2020-05-22,Amador,005,37829,10,9,0,9,0
2020-05-22,Butte,007,227075,58,34,1,35,0
2020-05-22,Calaveras,009,45235,15,13,0,13,0
2020-05-22,Colusa,011,21464,7,4,0,4,0
2020-05-22,Contra Costa,013,1133247,1488,1272,1,1273,36
2020-05-22,Del Norte,015,27424,41,9,0,9,0
2020-05-22,El Dorado,017,186661,97,74,0,74,0
2020-05-22,Fresno,019,978130,2756,1399,40,1439,20
2020-05-22,Glenn,021,27897,15,12,0,12,0
2020-05-22,Humboldt,023,135768,105,80,0,80,2
2020-05-22,Imperial,025,180216,2483,1214,4,1218,14
2020-05-22,Inyo,027,18085,19,20,0,20,1
2020-05-22,Kern,029,883053,2339,1749,5,1754,28
2020-05-22,Kings,031,150075,758,428,3,431,2
2020-05-22,Lake,033,64148,22,10,0,10,0
2020-05-22,Lassen,035,31185,6,0,2,2,0
2020-05-22,Los Angeles,037,10098052,52351,43025,19,43044,2027
2020-05-22,Madera,039,155013,182,82,1,83,2
2020-05-22,Marin,041,260295,436,372,1,373,14
2020-05-22,Mariposa,043,17540,16,15,0,15,1
2020-05-22,Mendocino,045,87422,20,13,0,13,0
2020-05-22,Merced,047,269075,352,233,0,233,6
2020-05-22,Modoc,049,8938,0,0,0,0,0
2020-05-22,Mono,051,14174,36,34,0,34,1
2020-05-22,Monterey,053,433212,492,372,1,373,8
2020-05-22,Napa,055,140530,123,97,0,97,3
2020-05-22,Nevada,057,99092,42,41,1,42,1
2020-05-22,Orange,059,3164182,7566,5144,61,5205,113
2020-05-22,Placer,061,380077,215,181,0,181,9
2020-05-22,Plumas,063,18699,4,4,0,4,0
2020-05-22,Riverside,065,2383286,7720,6351,20,6371,283
2020-05-22,Sacramento,067,1510023,1357,1262,1,1263,50
2020-05-22,San Benito,069,59416,80,64,0,64,2
2020-05-22,San Bernardino,071,2135413,5250,4107,4,4111,173
2020-05-22,San Diego,073,3302833,7477,6436,0,6436,242
2020-05-22,San Francisco,075,870044,2476,2251,0,2251,40
2020-05-22,San Joaquin,077,732212,919,747,4,751,33
2020-05-22,San Luis Obispo,079,281455,334,254,4,258,1
2020-05-22,San Mateo,081,765935,2147,1847,3,1850,71
2020-05-22,Santa Barbara,083,443738,1655,1554,11,1565,9
2020-05-22,Santa Clara,085,1922200,3252,2537,12,2549,139
2020-05-22,Santa Cruz,087,273765,212,171,0,171,2
2020-05-22,Shasta,089,179085,53,34,0,34,4
2020-05-22,Sierra,091,2930,1,0,0,0,0
2020-05-22,Siskiyou,093,43540,7,6,0,6,0
2020-05-22,Solano,095,438530,533,431,0,431,4
2020-05-22,Sonoma,097,501317,535,444,0,444,4
2020-05-22,Stanislaus,099,539301,711,616,5,621,27
2020-05-22,Sutter,101,95872,44,38,0,38,2
2020-05-22,Tehama,103,63373,5,2,0,2,1
2020-05-22,Trinity,105,12862,6,1,2,3,0
2020-05-22,Tulare,107,460477,2256,1662,10,1672,73
2020-05-22,Tuolumne,109,53932,5,2,0,2,0
2020-05-22,Ventura,111,848112,1420,937,8,945,27
2020-05-22,Yolo,113,214977,218,187,0,187,22
2020-05-22,Yuba,115,75493,26,24,0,24,1
2020-05-21,Alameda,001,1643700,3209,2606,5,2611,89
2020-05-21,Alpine,003,1148,1,1,0,1,0
2020-05-21,Amador,005,37829,10,9,0,9,0
2020-05-21,Butte,007,227075,57,31,1,32,0
2020-05-21,Calaveras,009,45235,14,13,0,13,0
2020-05-21,Colusa,011,21464,7,4,0,4,0
2020-05-21,Contra Costa,013,1133247,1452,1243,1,1244,36
2020-05-21,Del Norte,015,27424,38,9,0,9,0
2020-05-21,El Dorado,017,186661,95,67,0,67,0
2020-05-21,Fresno,019,978130,2664,1362,39,1401,20
2020-05-21,Glenn,021,27897,14,12,0,12,0
2020-05-21,Humboldt,023,135768,104,79,0,79,0
2020-05-21,Imperial,025,180216,2322,1096,4,1100,14
2020-05-21,Inyo,027,18085,19,20,0,20,1
2020-05-21,Kern,029,883053,2263,1684,4,1688,27
2020-05-21,Kings,031,150075,737,417,2,419,2
2020-05-21,Lake,033,64148,17,10,0,10,0
2020-05-21,Lassen,035,31185,6,0,2,2,0
2020-05-21,Los Angeles,037,10098052,51316,42063,19,42082,1996
2020-05-21,Madera,039,155013,179,82,1,83,2
2020-05-21,Marin,041,260295,425,359,1,360,14
2020-05-21,Mariposa,043,17540,16,15,0,15,1
2020-05-21,Mendocino,045,87422,20,12,0,12,0
2020-05-21,Merced,047,269075,341,226,0,226,6
2020-05-21,Modoc,049,8938,0,0,0,0,0
2020-05-21,Mono,051,14174,36,33,0,33,1
2020-05-21,Monterey,053,433212,481,363,1,364,8
2020-05-21,Napa,055,140530,121,96,0,96,3
2020-05-21,Nevada,057,99092,42,41,1,42,1
2020-05-21,Orange,059,3164182,7363,4975,60,5035,106
2020-05-21,Placer,061,380077,208,176,0,176,8
2020-05-21,Plumas,063,18699,4,4,0,4,0
2020-05-21,Riverside,065,2383286,7534,6245,20,6265,279
2020-05-21,Sacramento,067,1510023,1344,1258,1,1259,56
2020-05-21,San Benito,069,59416,77,61,0,61,2
2020-05-21,San Bernardino,071,2135413,5103,3950,4,3954,167
2020-05-21,San Diego,073,3302833,7341,6317,0,6317,241
2020-05-21,San Francisco,075,870044,2452,2248,0,2248,37
2020-05-21,San Joaquin,077,732212,883,730,4,734,33
2020-05-21,San Luis Obispo,079,281455,334,251,3,254,1
2020-05-21,San Mateo,081,765935,2111,1791,3,1794,74
2020-05-21,Santa Barbara,083,443738,1640,1541,11,1552,10
2020-05-21,Santa Clara,085,1922200,3229,2520,12,2532,138
2020-05-21,Santa Cruz,087,273765,204,164,0,164,3
2020-05-21,Shasta,089,179085,51,34,0,34,4
2020-05-21,Sierra,091,2930,1,0,0,0,0
2020-05-21,Siskiyou,093,43540,7,6,0,6,0
2020-05-21,Solano,095,438530,524,424,0,424,4
2020-05-21,Sonoma,097,501317,517,427,0,427,4
2020-05-21,Stanislaus,099,539301,700,602,5,607,27
2020-05-21,Sutter,101,95872,43,38,0,38,2
2020-05-21,Tehama,103,63373,4,2,0,2,1
2020-05-21,Trinity,105,12862,5,1,2,3,0
2020-05-21,Tulare,107,460477,2206,1606,8,1614,73
2020-05-21,Tuolumne,109,53932,3,2,0,2,0
2020-05-21,Ventura,111,848112,1371,907,8,915,30
2020-05-21,Yolo,113,214977,215,185,0,185,22
2020-05-21,Yuba,115,75493,26,24,0,24,1
2020-05-20,Alameda,001,1643700,3136,2554,5,2559,89
2020-05-20,Alpine,003,1148,1,1,0,1,0
2020-05-20,Amador,005,37829,10,9,0,9,0
2020-05-20,Butte,007,227075,54,30,1,31,0
2020-05-20,Calaveras,009,45235,14,13,0,13,0
2020-05-20,Colusa,011,21464,7,3,0,3,0
2020-05-20,Contra Costa,013,1133247,1422,1223,1,1224,33
2020-05-20,Del Norte,015,27424,31,9,0,9,0
2020-05-20,El Dorado,017,186661,94,67,0,67,0
2020-05-20,Fresno,019,978130,2591,1329,38,1367,17
2020-05-20,Glenn,021,27897,13,12,0,12,0
2020-05-20,Humboldt,023,135768,101,73,0,73,0
2020-05-20,Imperial,025,180216,2209,1047,4,1051,14
2020-05-20,Inyo,027,18085,19,20,0,20,1
2020-05-20,Kern,029,883053,2200,1639,3,1642,27
2020-05-20,Kings,031,150075,593,403,2,405,2
2020-05-20,Lake,033,64148,17,9,0,9,0
2020-05-20,Lassen,035,31185,5,0,2,2,0
2020-05-20,Los Angeles,037,10098052,50321,40932,19,40951,1955
2020-05-20,Madera,039,155013,177,82,1,83,2
2020-05-20,Marin,041,260295,398,348,1,349,14
2020-05-20,Mariposa,043,17540,16,15,0,15,1
2020-05-20,Mendocino,045,87422,20,12,0,12,0
2020-05-20,Merced,047,269075,334,225,0,225,6
2020-05-20,Modoc,049,8938,0,0,0,0,0
2020-05-20,Mono,051,14174,36,33,0,33,1
2020-05-20,Monterey,053,433212,467,356,1,357,8
2020-05-20,Napa,055,140530,114,93,0,93,3
2020-05-20,Nevada,057,99092,42,41,1,42,1
2020-05-20,Orange,059,3164182,7155,4866,58,4924,96
2020-05-20,Placer,061,380077,206,176,0,176,8
2020-05-20,Plumas,063,18699,4,4,0,4,0
2020-05-20,Riverside,065,2383286,7391,6090,20,6110,265
2020-05-20,Sacramento,067,1510023,1334,1244,1,1245,56
2020-05-20,San Benito,069,59416,76,61,0,61,2
2020-05-20,San Bernardino,071,2135413,4975,3771,4,3775,161
2020-05-20,San Diego,073,3302833,7224,6142,0,6142,230
2020-05-20,San Francisco,075,870044,2429,2199,0,2199,37
2020-05-20,San Joaquin,077,732212,847,713,4,717,33
2020-05-20,San Luis Obispo,079,281455,327,249,3,252,1
2020-05-20,San Mateo,081,765935,2058,1739,3,1742,74
2020-05-20,Santa Barbara,083,443738,1621,1524,11,1535,10
2020-05-20,Santa Clara,085,1922200,3208,2508,11,2519,138
2020-05-20,Santa Cruz,087,273765,201,163,0,163,3
2020-05-20,Shasta,089,179085,51,34,0,34,4
2020-05-20,Sierra,091,2930,1,0,0,0,0
2020-05-20,Siskiyou,093,43540,7,6,0,6,0
2020-05-20,Solano,095,438530,519,418,0,418,4
2020-05-20,Sonoma,097,501317,508,411,0,411,4
2020-05-20,Stanislaus,099,539301,684,584,4,588,25
2020-05-20,Sutter,101,95872,43,38,0,38,2
2020-05-20,Tehama,103,63373,4,2,0,2,1
2020-05-20,Trinity,105,12862,4,1,1,2,0
2020-05-20,Tulare,107,460477,2165,1585,8,1593,71
2020-05-20,Tuolumne,109,53932,3,2,0,2,0
2020-05-20,Ventura,111,848112,1335,879,8,887,29
2020-05-20,Yolo,113,214977,212,184,0,184,22
2020-05-20,Yuba,115,75493,26,23,0,23,1
2020-05-19,Alameda,001,1643700,3059,2493,3,2496,88
2020-05-19,Alpine,003,1148,1,1,0,1,0
2020-05-19,Amador,005,37829,10,9,0,9,0
2020-05-19,Butte,007,227075,52,25,1,26,0
2020-05-19,Calaveras,009,45235,14,13,0,13,0
2020-05-19,Colusa,011,21464,5,3,0,3,0
2020-05-19,Contra Costa,013,1133247,1398,1205,1,1206,33
2020-05-19,Del Norte,015,27424,28,8,0,8,0
2020-05-19,El Dorado,017,186661,91,67,0,67,0
2020-05-19,Fresno,019,978130,2477,1288,37,1325,15
2020-05-19,Glenn,021,27897,13,12,0,12,0
2020-05-19,Humboldt,023,135768,101,72,0,72,0
2020-05-19,Imperial,025,180216,2047,1012,4,1016,14
2020-05-19,Inyo,027,18085,19,20,0,20,1
2020-05-19,Kern,029,883053,2102,1601,3,1604,26
2020-05-19,Kings,031,150075,582,393,2,395,2
2020-05-19,Lake,033,64148,14,11,0,11,0
2020-05-19,Lassen,035,31185,5,0,2,2,0
2020-05-19,Los Angeles,037,10098052,49116,39670,19,39689,1906
2020-05-19,Madera,039,155013,173,80,1,81,2
2020-05-19,Marin,041,260295,374,340,1,341,14
2020-05-19,Mariposa,043,17540,16,15,0,15,1
2020-05-19,Mendocino,045,87422,20,12,0,12,0
2020-05-19,Merced,047,269075,326,222,0,222,5
2020-05-19,Modoc,049,8938,0,0,0,0,0
2020-05-19,Mono,051,14174,36,33,0,33,1
2020-05-19,Monterey,053,433212,455,350,1,351,8
2020-05-19,Napa,055,140530,113,93,0,93,3
2020-05-19,Nevada,057,99092,42,41,1,42,1
2020-05-19,Orange,059,3164182,6961,4746,56,4802,90
2020-05-19,Placer,061,380077,204,177,0,177,8
2020-05-19,Plumas,063,18699,4,5,0,5,0
2020-05-19,Riverside,065,2383286,7231,5963,19,5982,265
2020-05-19,Sacramento,067,1510023,1320,1239,1,1240,57
2020-05-19,San Benito,069,59416,74,59,0,59,2
2020-05-19,San Bernardino,071,2135413,4825,3656,4,3660,158
2020-05-19,San Diego,073,3302833,7080,6028,0,6028,222
2020-05-19,San Francisco,075,870044,2395,2186,0,2186,37
2020-05-19,San Joaquin,077,732212,825,705,4,709,33
2020-05-19,San Luis Obispo,079,281455,327,245,3,248,1
2020-05-19,San Mateo,081,765935,2017,1704,3,1707,71
2020-05-19,Santa Barbara,083,443738,1607,1521,11,1532,10
2020-05-19,Santa Clara,085,1922200,3158,2480,11,2491,138
2020-05-19,Santa Cruz,087,273765,190,161,0,161,3
2020-05-19,Shasta,089,179085,51,34,0,34,4
2020-05-19,Sierra,091,2930,0,0,0,0,0
2020-05-19,Siskiyou,093,43540,7,6,0,6,0
2020-05-19,Solano,095,438530,505,415,0,415,4
2020-05-19,Sonoma,097,501317,497,389,0,389,4
2020-05-19,Stanislaus,099,539301,670,582,4,586,25
2020-05-19,Sutter,101,95872,43,38,0,38,2
2020-05-19,Tehama,103,63373,4,2,0,2,1
2020-05-19,Trinity,105,12862,3,1,0,1,0
2020-05-19,Tulare,107,460477,2117,1551,8,1559,68
2020-05-19,Tuolumne,109,53932,3,2,0,2,0
2020-05-19,Ventura,111,848112,1294,861,7,868,28
2020-05-19,Yolo,113,214977,210,183,0,183,22
2020-05-19,Yuba,115,75493,26,23,0,23,1
2020-05-18,Alameda,001,1643700,2986,2442,3,2445,84
2020-05-18,Alpine,003,1148,1,1,0,1,0
2020-05-18,Amador,005,37829,10,8,0,8,0
2020-05-18,Butte,007,227075,50,24,1,25,0
2020-05-18,Calaveras,009,45235,14,13,0,13,0
2020-05-18,Colusa,011,21464,5,3,0,3,0
2020-05-18,Contra Costa,013,1133247,1367,1173,1,1174,33
2020-05-18,Del Norte,015,27424,23,8,0,8,0
2020-05-18,El Dorado,017,186661,89,67,0,67,0
2020-05-18,Fresno,019,978130,2399,1244,36,1280,14
2020-05-18,Glenn,021,27897,13,11,0,11,0
2020-05-18,Humboldt,023,135768,101,70,0,70,0
2020-05-18,Imperial,025,180216,1894,767,4,771,14
2020-05-18,Inyo,027,18085,19,20,0,20,1
2020-05-18,Kern,029,883053,2053,1566,3,1569,26
2020-05-18,Kings,031,150075,551,381,2,383,2
2020-05-18,Lake,033,64148,13,9,0,9,0
2020-05-18,Lassen,035,31185,5,0,2,2,0
2020-05-18,Los Angeles,037,10098052,48095,38477,19,38496,1825
2020-05-18,Madera,039,155013,167,74,1,75,2
2020-05-18,Marin,041,260295,361,329,1,330,14
2020-05-18,Mariposa,043,17540,16,15,0,15,1
2020-05-18,Mendocino,045,87422,15,12,0,12,0
2020-05-18,Merced,047,269075,317,217,0,217,5
2020-05-18,Modoc,049,8938,0,0,0,0,0
2020-05-18,Mono,051,14174,36,33,0,33,1
2020-05-18,Monterey,053,433212,444,345,1,346,8
2020-05-18,Napa,055,140530,109,92,0,92,3
2020-05-18,Nevada,057,99092,42,41,1,42,1
2020-05-18,Orange,059,3164182,6772,4558,54,4612,88
2020-05-18,Placer,061,380077,202,176,0,176,8
2020-05-18,Plumas,063,18699,4,5,0,5,0
2020-05-18,Riverside,065,2383286,7031,5873,18,5891,253
2020-05-18,Sacramento,067,1510023,1314,1233,0,1233,57
2020-05-18,San Benito,069,59416,72,59,0,59,2
2020-05-18,San Bernardino,071,2135413,4678,3558,4,3562,156
2020-05-18,San Diego,073,3302833,6947,5948,0,5948,211
2020-05-18,San Francisco,075,870044,2372,2183,0,2183,36
2020-05-18,San Joaquin,077,732212,813,697,4,701,33
2020-05-18,San Luis Obispo,079,281455,323,243,3,246,1
2020-05-18,San Mateo,081,765935,1979,1701,3,1704,68
2020-05-18,Santa Barbara,083,443738,1596,1501,11,1512,10
2020-05-18,Santa Clara,085,1922200,3125,2468,11,2479,137
2020-05-18,Santa Cruz,087,273765,188,160,0,160,3
2020-05-18,Shasta,089,179085,50,34,0,34,4
2020-05-18,Sierra,091,2930,0,0,0,0,0
2020-05-18,Siskiyou,093,43540,7,6,0,6,0
2020-05-18,Solano,095,438530,495,398,0,398,4
2020-05-18,Sonoma,097,501317,479,387,0,387,4
2020-05-18,Stanislaus,099,539301,658,572,4,576,25
2020-05-18,Sutter,101,95872,43,38,0,38,2
2020-05-18,Tehama,103,63373,4,2,0,2,1
2020-05-18,Trinity,105,12862,3,1,0,1,0
2020-05-18,Tulare,107,460477,2073,1491,8,1499,63
2020-05-18,Tuolumne,109,53932,3,2,0,2,0
2020-05-18,Ventura,111,848112,1271,850,6,856,27
2020-05-18,Yolo,113,214977,205,183,0,183,22
2020-05-18,Yuba,115,75493,26,23,0,23,1
2020-05-17,Alameda,001,1643700,2891,2389,3,2392,83
2020-05-17,Alpine,003,1148,1,1,0,1,0
2020-05-17,Amador,005,37829,10,8,0,8,0
2020-05-17,Butte,007,227075,49,23,1,24,0
2020-05-17,Calaveras,009,45235,14,13,0,13,0
2020-05-17,Colusa,011,21464,3,3,0,3,0
2020-05-17,Contra Costa,013,1133247,1328,1155,1,1156,33
2020-05-17,Del Norte,015,27424,23,7,0,7,0
2020-05-17,El Dorado,017,186661,89,65,0,65,0
2020-05-17,Fresno,019,978130,2293,1213,33,1246,14
2020-05-17,Glenn,021,27897,13,9,0,9,0
2020-05-17,Humboldt,023,135768,94,70,0,70,0
2020-05-17,Imperial,025,180216,1746,715,4,719,14
2020-05-17,Inyo,027,18085,19,20,0,20,1
2020-05-17,Kern,029,883053,1975,1546,3,1549,26
2020-05-17,Kings,031,150075,504,356,2,358,2
2020-05-17,Lake,033,64148,13,7,0,7,0
2020-05-17,Lassen,035,31185,5,0,2,2,0
2020-05-17,Los Angeles,037,10098052,46855,37996,19,38015,1807
2020-05-17,Madera,039,155013,165,69,1,70,2
2020-05-17,Marin,041,260295,350,315,1,316,14
2020-05-17,Mariposa,043,17540,15,15,0,15,1
2020-05-17,Mendocino,045,87422,14,10,0,10,0
2020-05-17,Merced,047,269075,306,214,0,214,5
2020-05-17,Modoc,049,8938,0,0,0,0,0
2020-05-17,Mono,051,14174,36,32,0,32,1
2020-05-17,Monterey,053,433212,424,342,1,343,8
2020-05-17,Napa,055,140530,105,89,0,89,3
2020-05-17,Nevada,057,99092,42,41,1,42,1
2020-05-17,Orange,059,3164182,6593,4466,53,4519,88
2020-05-17,Placer,061,380077,197,175,0,175,8
2020-05-17,Plumas,063,18699,4,4,0,4,0
2020-05-17,Riverside,065,2383286,6858,5776,18,5794,245
2020-05-17,Sacramento,067,1510023,1303,1224,0,1224,56
2020-05-17,San Benito,069,59416,71,59,0,59,2
2020-05-17,San Bernardino,071,2135413,4528,3467,4,3471,155
2020-05-17,San Diego,073,3302833,6815,5838,0,5838,209
2020-05-17,San Francisco,075,870044,2345,2132,0,2132,36
2020-05-17,San Joaquin,077,732212,783,688,4,692,32
2020-05-17,San Luis Obispo,079,281455,321,242,3,245,1
2020-05-17,San Mateo,081,765935,1942,1680,3,1683,68
2020-05-17,Santa Barbara,083,443738,1576,1457,11,1468,10
2020-05-17,Santa Clara,085,1922200,3087,2453,11,2464,135
2020-05-17,Santa Cruz,087,273765,177,155,0,155,3
2020-05-17,Shasta,089,179085,49,34,0,34,4
2020-05-17,Sierra,091,2930,0,0,0,0,0
2020-05-17,Siskiyou,093,43540,7,6,0,6,0
2020-05-17,Solano,095,438530,483,392,0,392,4
2020-05-17,Sonoma,097,501317,458,376,0,376,4
2020-05-17,Stanislaus,099,539301,647,566,4,570,25
2020-05-17,Sutter,101,95872,42,38,0,38,2
2020-05-17,Tehama,103,63373,3,2,0,2,1
2020-05-17,Trinity,105,12862,2,1,0,1,0
2020-05-17,Tulare,107,460477,1997,1430,7,1437,63
2020-05-17,Tuolumne,109,53932,3,2,0,2,0
2020-05-17,Ventura,111,848112,1226,838,6,844,27
2020-05-17,Yolo,113,214977,203,182,0,182,22
2020-05-17,Yuba,115,75493,26,21,0,21,1
2020-05-16,Alameda,001,1643700,2841,2327,3,2330,83
2020-05-16,Alpine,003,1148,1,1,0,1,0
2020-05-16,Amador,005,37829,10,8,0,8,0
2020-05-16,Butte,007,227075,44,22,1,23,0
2020-05-16,Calaveras,009,45235,14,13,0,13,0
2020-05-16,Colusa,011,21464,3,3,0,3,0
2020-05-16,Contra Costa,013,1133247,1310,1136,1,1137,33
2020-05-16,Del Norte,015,27424,19,4,0,4,0
2020-05-16,El Dorado,017,186661,89,65,0,65,0
2020-05-16,Fresno,019,978130,2236,1177,33,1210,14
2020-05-16,Glenn,021,27897,13,9,0,9,0
2020-05-16,Humboldt,023,135768,92,69,0,69,0
2020-05-16,Imperial,025,180216,1682,712,4,716,14
2020-05-16,Inyo,027,18085,19,20,0,20,1
2020-05-16,Kern,029,883053,1939,1509,3,1512,26
2020-05-16,Kings,031,150075,494,356,2,358,2
2020-05-16,Lake,033,64148,13,7,0,7,0
2020-05-16,Lassen,035,31185,4,0,2,2,0
2020-05-16,Los Angeles,037,10098052,46278,37352,19,37371,1778
2020-05-16,Madera,039,155013,163,70,1,71,2
2020-05-16,Marin,041,260295,346,297,1,298,14
2020-05-16,Mariposa,043,17540,15,15,0,15,1
2020-05-16,Mendocino,045,87422,14,10,0,10,0
2020-05-16,Merced,047,269075,304,201,0,201,5
2020-05-16,Modoc,049,8938,0,0,0,0,0
2020-05-16,Mono,051,14174,36,32,0,32,1
2020-05-16,Monterey,053,433212,409,329,1,330,8
2020-05-16,Napa,055,140530,105,86,0,86,3
2020-05-16,Nevada,057,99092,42,41,1,42,1
2020-05-16,Orange,059,3164182,6517,4396,52,4448,87
2020-05-16,Placer,061,380077,195,174,0,174,8
2020-05-16,Plumas,063,18699,4,4,0,4,0
2020-05-16,Riverside,065,2383286,6773,5633,18,5651,243
2020-05-16,Sacramento,067,1510023,1296,1209,0,1209,55
2020-05-16,San Benito,069,59416,66,58,0,58,2
2020-05-16,San Bernardino,071,2135413,4456,3362,4,3366,155
2020-05-16,San Diego,073,3302833,6729,5664,0,5664,209
2020-05-16,San Francisco,075,870044,2322,2094,0,2094,36
2020-05-16,San Joaquin,077,732212,775,668,4,672,32
2020-05-16,San Luis Obispo,079,281455,320,240,3,243,1
2020-05-16,San Mateo,081,765935,1927,1652,3,1655,68
2020-05-16,Santa Barbara,083,443738,1565,1422,10,1432,10
2020-05-16,Santa Clara,085,1922200,3069,2420,11,2431,135
2020-05-16,Santa Cruz,087,273765,174,154,0,154,3
2020-05-16,Shasta,089,179085,49,33,0,33,4
2020-05-16,Sierra,091,2930,0,0,0,0,0
2020-05-16,Siskiyou,093,43540,7,6,0,6,0
2020-05-16,Solano,095,438530,478,392,0,392,4
2020-05-16,Sonoma,097,501317,445,356,0,356,4
2020-05-16,Stanislaus,099,539301,638,546,4,550,24
2020-05-16,Sutter,101,95872,42,35,0,35,2
2020-05-16,Tehama,103,63373,3,2,0,2,1
2020-05-16,Trinity,105,12862,2,1,0,1,0
2020-05-16,Tulare,107,460477,1979,1426,7,1433,63
2020-05-16,Tuolumne,109,53932,3,2,0,2,0
2020-05-16,Ventura,111,848112,1200,813,6,819,25
2020-05-16,Yolo,113,214977,202,181,0,181,22
2020-05-16,Yuba,115,75493,26,21,0,21,1
2020-05-15,Alameda,001,1643700,2807,2289,3,2292,83
2020-05-15,Alpine,003,1148,1,1,0,1,0
2020-05-15,Amador,005,37829,10,8,0,8,0
2020-05-15,Butte,007,227075,42,22,1,23,0
2020-05-15,Calaveras,009,45235,14,13,0,13,0
2020-05-15,Colusa,011,21464,3,3,0,3,0
2020-05-15,Contra Costa,013,1133247,1292,1106,1,1107,33
2020-05-15,Del Norte,015,27424,14,4,0,4,0
2020-05-15,El Dorado,017,186661,89,64,0,64,0
2020-05-15,Fresno,019,978130,2169,1126,33,1159,14
2020-05-15,Glenn,021,27897,13,9,0,9,0
2020-05-15,Humboldt,023,135768,91,60,0,60,0
2020-05-15,Imperial,025,180216,1598,680,0,680,14
2020-05-15,Inyo,027,18085,19,20,0,20,1
2020-05-15,Kern,029,883053,1883,1472,3,1475,25
2020-05-15,Kings,031,150075,491,347,2,349,2
2020-05-15,Lake,033,64148,13,7,0,7,0
2020-05-15,Lassen,035,31185,4,0,2,2,0
2020-05-15,Los Angeles,037,10098052,45492,36317,19,36336,1734
2020-05-15,Madera,039,155013,162,71,1,72,2
2020-05-15,Marin,041,260295,338,295,1,296,14
2020-05-15,Mariposa,043,17540,15,15,0,15,1
2020-05-15,Mendocino,045,87422,14,10,0,10,0
2020-05-15,Merced,047,269075,301,191,0,191,5
2020-05-15,Modoc,049,8938,0,0,0,0,0
2020-05-15,Mono,051,14174,36,31,0,31,1
2020-05-15,Monterey,053,433212,403,321,1,322,8
2020-05-15,Napa,055,140530,105,83,0,83,3
2020-05-15,Nevada,057,99092,42,41,1,42,1
2020-05-15,Orange,059,3164182,6344,4281,52,4333,87
2020-05-15,Placer,061,380077,193,174,0,174,8
2020-05-15,Plumas,063,18699,4,4,0,4,0
2020-05-15,Riverside,065,2383286,6659,5496,18,5514,233
2020-05-15,Sacramento,067,1510023,1286,1203,0,1203,55
2020-05-15,San Benito,069,59416,63,57,0,57,2
2020-05-15,San Bernardino,071,2135413,4378,3225,4,3229,153
2020-05-15,San Diego,073,3302833,6622,5525,0,5525,208
2020-05-15,San Francisco,075,870044,2306,2062,0,2062,36
2020-05-15,San Joaquin,077,732212,769,656,4,660,32
2020-05-15,San Luis Obispo,079,281455,318,237,3,240,1
2020-05-15,San Mateo,081,765935,1905,1612,3,1615,68
2020-05-15,Santa Barbara,083,443738,1556,1409,9,1418,10
2020-05-15,Santa Clara,085,1922200,3026,2395,10,2405,135
2020-05-15,Santa Cruz,087,273765,173,146,0,146,3
2020-05-15,Shasta,089,179085,48,33,0,33,4
2020-05-15,Sierra,091,2930,0,0,0,0,0
2020-05-15,Siskiyou,093,43540,6,5,0,5,0
2020-05-15,Solano,095,438530,474,388,0,388,4
2020-05-15,Sonoma,097,501317,437,349,0,349,4
2020-05-15,Stanislaus,099,539301,631,540,4,544,23
2020-05-15,Sutter,101,95872,41,35,0,35,2
2020-05-15,Tehama,103,63373,3,1,0,1,1
2020-05-15,Trinity,105,12862,2,1,0,1,0
2020-05-15,Tulare,107,460477,1951,1356,7,1363,61
2020-05-15,Tuolumne,109,53932,3,2,0,2,0
2020-05-15,Ventura,111,848112,1182,789,5,794,25
2020-05-15,Yolo,113,214977,201,182,0,182,22
2020-05-15,Yuba,115,75493,26,21,0,21,1
2020-05-14,Alameda,001,1643700,2714,2255,3,2258,80
2020-05-14,Alpine,003,1148,1,1,0,1,0
2020-05-14,Amador,005,37829,10,8,0,8,0
2020-05-14,Butte,007,227075,40,22,1,23,0
2020-05-14,Calaveras,009,45235,14,13,0,13,0
2020-05-14,Colusa,011,21464,3,3,0,3,0
2020-05-14,Contra Costa,013,1133247,1266,1090,1,1091,32
2020-05-14,Del Norte,015,27424,14,4,0,4,0
2020-05-14,El Dorado,017,186661,80,59,0,59,0
2020-05-14,Fresno,019,978130,2109,1038,29,1067,12
2020-05-14,Glenn,021,27897,12,8,0,8,0
2020-05-14,Humboldt,023,135768,89,59,0,59,0
2020-05-14,Imperial,025,180216,1481,652,0,652,13
2020-05-14,Inyo,027,18085,19,20,0,20,1
2020-05-14,Kern,029,883053,1841,1430,3,1433,21
2020-05-14,Kings,031,150075,475,342,2,344,1
2020-05-14,Lake,033,64148,13,7,0,7,0
2020-05-14,Lassen,035,31185,4,0,2,2,0
2020-05-14,Los Angeles,037,10098052,44317,35427,19,35446,1693
2020-05-14,Madera,039,155013,153,69,1,70,2
2020-05-14,Marin,041,260295,320,283,1,284,14
2020-05-14,Mariposa,043,17540,15,15,0,15,0
2020-05-14,Mendocino,045,87422,13,10,0,10,0
2020-05-14,Merced,047,269075,290,182,0,182,3
2020-05-14,Modoc,049,8938,0,0,0,0,0
2020-05-14,Mono,051,14174,36,31,0,31,1
2020-05-14,Monterey,053,433212,393,317,1,318,7
2020-05-14,Napa,055,140530,103,83,0,83,3
2020-05-14,Nevada,057,99092,41,41,1,42,1
2020-05-14,Orange,059,3164182,6168,4163,50,4213,83
2020-05-14,Placer,061,380077,193,172,0,172,8
2020-05-14,Plumas,063,18699,4,4,0,4,0
2020-05-14,Riverside,065,2383286,6475,5339,18,5357,224
2020-05-14,Sacramento,067,1510023,1274,1181,0,1181,55
2020-05-14,San Benito,069,59416,61,56,0,56,2
2020-05-14,San Bernardino,071,2135413,4199,3149,4,3153,149
2020-05-14,San Diego,073,3302833,6487,5393,0,5393,200
2020-05-14,San Francisco,075,870044,2273,2029,0,2029,36
2020-05-14,San Joaquin,077,732212,754,643,4,647,31
2020-05-14,San Luis Obispo,079,281455,315,236,3,239,1
2020-05-14,San Mateo,081,765935,1873,1588,3,1591,67
2020-05-14,Santa Barbara,083,443738,1544,1395,9,1404,11
2020-05-14,Santa Clara,085,1922200,3003,2380,10,2390,134
2020-05-14,Santa Cruz,087,273765,171,145,0,145,3
2020-05-14,Shasta,089,179085,48,33,0,33,4
2020-05-14,Sierra,091,2930,0,0,0,0,0
2020-05-14,Siskiyou,093,43540,6,5,0,5,0
2020-05-14,Solano,095,438530,465,372,0,372,4
2020-05-14,Sonoma,097,501317,420,333,0,333,4
2020-05-14,Stanislaus,099,539301,612,533,4,537,23
2020-05-14,Sutter,101,95872,41,34,0,34,2
2020-05-14,Tehama,103,63373,3,1,0,1,1
2020-05-14,Trinity,105,12862,2,1,0,1,0
2020-05-14,Tulare,107,460477,1912,1317,7,1324,55
2020-05-14,Tuolumne,109,53932,3,2,0,2,0
2020-05-14,Ventura,111,848112,1151,760,5,765,25
2020-05-14,Yolo,113,214977,201,180,0,180,22
2020-05-14,Yuba,115,75493,26,21,0,21,1
2020-05-13,Alameda,001,1643700,2656,2181,3,2184,78
2020-05-13,Alpine,003,1148,1,1,0,1,0
2020-05-13,Amador,005,37829,10,8,0,8,0
2020-05-13,Butte,007,227075,40,21,1,22,0
2020-05-13,Calaveras,009,45235,14,13,0,13,0
2020-05-13,Colusa,011,21464,3,3,0,3,0
2020-05-13,Contra Costa,013,1133247,1244,1082,1,1083,32
2020-05-13,Del Norte,015,27424,13,4,0,4,0
2020-05-13,El Dorado,017,186661,79,58,0,58,0
2020-05-13,Fresno,019,978130,2011,993,29,1022,10
2020-05-13,Glenn,021,27897,11,6,0,6,0
2020-05-13,Humboldt,023,135768,83,58,0,58,0
2020-05-13,Imperial,025,180216,1411,610,0,610,11
2020-05-13,Inyo,027,18085,19,20,0,20,1
2020-05-13,Kern,029,883053,1795,1390,3,1393,19
2020-05-13,Kings,031,150075,461,314,2,316,1
2020-05-13,Lake,033,64148,13,7,0,7,0
2020-05-13,Lassen,035,31185,4,0,2,2,0
2020-05-13,Los Angeles,037,10098052,43010,34574,19,34593,1643
2020-05-13,Madera,039,155013,144,69,1,70,2
2020-05-13,Marin,041,260295,307,278,1,279,14
2020-05-13,Mariposa,043,17540,15,15,0,15,0
2020-05-13,Mendocino,045,87422,13,10,0,10,0
2020-05-13,Merced,047,269075,287,176,0,176,3
2020-05-13,Modoc,049,8938,0,0,0,0,0
2020-05-13,Mono,051,14174,35,31,0,31,1
2020-05-13,Monterey,053,433212,383,309,1,310,6
2020-05-13,Napa,055,140530,103,81,0,81,3
2020-05-13,Nevada,057,99092,41,41,1,42,1
2020-05-13,Orange,059,3164182,5922,4025,48,4073,79
2020-05-13,Placer,061,380077,192,170,0,170,8
2020-05-13,Plumas,063,18699,4,4,0,4,0
2020-05-13,Riverside,065,2383286,6352,5204,18,5222,216
2020-05-13,Sacramento,067,1510023,1259,1173,0,1173,53
2020-05-13,San Benito,069,59416,61,55,0,55,2
2020-05-13,San Bernardino,071,2135413,3943,3064,3,3067,140
2020-05-13,San Diego,073,3302833,6351,5280,0,5280,194
2020-05-13,San Francisco,075,870044,2245,2004,0,2004,35
2020-05-13,San Joaquin,077,732212,733,639,3,642,31
2020-05-13,San Luis Obispo,079,281455,313,231,3,234,1
2020-05-13,San Mateo,081,765935,1841,1550,3,1553,66
2020-05-13,Santa Barbara,083,443738,1533,1382,9,1391,10
2020-05-13,Santa Clara,085,1922200,2983,2370,10,2380,132
2020-05-13,Santa Cruz,087,273765,167,142,0,142,2
2020-05-13,Shasta,089,179085,48,32,0,32,4
2020-05-13,Sierra,091,2930,0,0,0,0,0
2020-05-13,Siskiyou,093,43540,6,5,0,5,0
2020-05-13,Solano,095,438530,452,368,0,368,4
2020-05-13,Sonoma,097,501317,410,330,0,330,4
2020-05-13,Stanislaus,099,539301,603,521,4,525,15
2020-05-13,Sutter,101,95872,41,33,0,33,2
2020-05-13,Tehama,103,63373,3,1,0,1,1
2020-05-13,Trinity,105,12862,2,2,0,2,0
2020-05-13,Tulare,107,460477,1879,1283,7,1290,54
2020-05-13,Tuolumne,109,53932,3,2,0,2,0
2020-05-13,Ventura,111,848112,1120,742,5,747,25
2020-05-13,Yolo,113,214977,199,178,0,178,22
2020-05-13,Yuba,115,75493,24,19,0,19,1
2020-05-12,Alameda,001,1643700,2592,2146,3,2149,74
2020-05-12,Alpine,003,1148,1,1,0,1,0
2020-05-12,Amador,005,37829,10,8,0,8,0
2020-05-12,Butte,007,227075,38,20,1,21,0
2020-05-12,Calaveras,009,45235,13,13,0,13,0
2020-05-12,Colusa,011,21464,3,3,0,3,0
2020-05-12,Contra Costa,013,1133247,1213,1067,1,1068,32
2020-05-12,Del Norte,015,27424,10,3,0,3,0
2020-05-12,El Dorado,017,186661,76,56,0,56,0
2020-05-12,Fresno,019,978130,1927,978,27,1005,9
2020-05-12,Glenn,021,27897,10,6,0,6,0
2020-05-12,Humboldt,023,135768,80,58,0,58,0
2020-05-12,Imperial,025,180216,1280,602,0,602,9
2020-05-12,Inyo,027,18085,19,20,0,20,1
2020-05-12,Kern,029,883053,1754,1363,3,1366,18
2020-05-12,Kings,031,150075,440,302,2,304,1
2020-05-12,Lake,033,64148,13,7,0,7,0
2020-05-12,Lassen,035,31185,4,0,2,2,0
2020-05-12,Los Angeles,037,10098052,42014,33281,18,33299,1601
2020-05-12,Madera,039,155013,138,69,1,70,2
2020-05-12,Marin,041,260295,302,274,1,275,14
2020-05-12,Mariposa,043,17540,15,15,0,15,0
2020-05-12,Mendocino,045,87422,13,10,0,10,0
2020-05-12,Merced,047,269075,276,175,0,175,3
2020-05-12,Modoc,049,8938,0,0,0,0,0
2020-05-12,Mono,051,14174,35,31,0,31,1
2020-05-12,Monterey,053,433212,376,298,1,299,6
2020-05-12,Napa,055,140530,101,80,0,80,3
2020-05-12,Nevada,057,99092,41,41,1,42,1
2020-05-12,Orange,059,3164182,5739,3843,46,3889,78
2020-05-12,Placer,061,380077,191,170,0,170,8
2020-05-12,Plumas,063,18699,4,4,0,4,0
2020-05-12,Riverside,065,2383286,6229,5134,18,5152,210
2020-05-12,Sacramento,067,1510023,1239,1166,0,1166,52
2020-05-12,San Benito,069,59416,61,55,0,55,2
2020-05-12,San Bernardino,071,2135413,3791,2997,3,3000,131
2020-05-12,San Diego,073,3302833,6207,3,0,3,0
2020-05-12,San Francisco,075,870044,2210,1981,0,1981,35
2020-05-12,San Joaquin,077,732212,718,625,3,628,30
2020-05-12,San Luis Obispo,079,281455,310,226,3,229,1
2020-05-12,San Mateo,081,765935,1815,1533,3,1536,66
2020-05-12,Santa Barbara,083,443738,1502,1377,9,1386,10
2020-05-12,Santa Clara,085,1922200,2953,2362,10,2372,131
2020-05-12,Santa Cruz,087,273765,165,141,0,141,2
2020-05-12,Shasta,089,179085,47,33,0,33,4
2020-05-12,Sierra,091,2930,0,0,0,0,0
2020-05-12,Siskiyou,093,43540,6,5,0,5,0
2020-05-12,Solano,095,438530,444,361,0,361,4
2020-05-12,Sonoma,097,501317,387,308,0,308,4
2020-05-12,Stanislaus,099,539301,596,515,4,519,15
2020-05-12,Sutter,101,95872,41,33,0,33,2
2020-05-12,Tehama,103,63373,3,1,0,1,1
2020-05-12,Trinity,105,12862,2,1,0,1,0
2020-05-12,Tulare,107,460477,1847,1261,7,1268,52
2020-05-12,Tuolumne,109,53932,3,2,0,2,0
2020-05-12,Ventura,111,848112,1064,718,5,723,20
2020-05-12,Yolo,113,214977,198,176,0,176,22
2020-05-12,Yuba,115,75493,24,19,0,19,1
2020-05-11,Alameda,001,1643700,2542,2103,3,2106,71
2020-05-11,Alpine,003,1148,1,1,0,1,0
2020-05-11,Amador,005,37829,10,8,0,8,0
2020-05-11,Butte,007,227075,37,19,1,20,0
2020-05-11,Calaveras,009,45235,13,13,0,13,0
2020-05-11,Colusa,011,21464,3,3,0,3,0
2020-05-11,Contra Costa,013,1133247,1199,1052,1,1053,32
2020-05-11,Del Norte,015,27424,8,3,0,3,0
2020-05-11,El Dorado,017,186661,76,55,0,55,0
2020-05-11,Fresno,019,978130,1835,937,26,963,8
2020-05-11,Glenn,021,27897,10,6,0,6,0
2020-05-11,Humboldt,023,135768,77,56,0,56,0
2020-05-11,Imperial,025,180216,1174,562,0,562,9
2020-05-11,Inyo,027,18085,19,20,0,20,1
2020-05-11,Kern,029,883053,1702,1331,3,1334,17
2020-05-11,Kings,031,150075,417,289,1,290,1
2020-05-11,Lake,033,64148,12,7,0,7,0
2020-05-11,Lassen,035,31185,4,0,2,2,0
2020-05-11,Los Angeles,037,10098052,40836,32279,18,32297,1553
2020-05-11,Madera,039,155013,129,68,1,69,2
2020-05-11,Marin,041,260295,293,271,1,272,14
2020-05-11,Mariposa,043,17540,15,15,0,15,0
2020-05-11,Mendocino,045,87422,13,10,0,10,0
2020-05-11,Merced,047,269075,261,158,0,158,3
2020-05-11,Modoc,049,8938,0,0,0,0,0
2020-05-11,Mono,051,14174,35,30,0,30,1
2020-05-11,Monterey,053,433212,373,286,1,287,6
2020-05-11,Napa,055,140530,95,79,0,79,2
2020-05-11,Nevada,057,99092,41,41,1,42,1
2020-05-11,Orange,059,3164182,5525,3699,39,3738,77
2020-05-11,Placer,061,380077,191,170,0,170,8
2020-05-11,Plumas,063,18699,4,4,0,4,0
2020-05-11,Riverside,065,2383286,6071,5082,17,5099,203
2020-05-11,Sacramento,067,1510023,1224,1160,0,1160,52
2020-05-11,San Benito,069,59416,59,52,0,52,2
2020-05-11,San Bernardino,071,2135413,3681,2945,3,2948,124
2020-05-11,San Diego,073,3302833,6054,5067,0,5067,175
2020-05-11,San Francisco,075,870044,2163,1974,0,1974,35
2020-05-11,San Joaquin,077,732212,708,620,3,623,30
2020-05-11,San Luis Obispo,079,281455,308,224,3,227,1
2020-05-11,San Mateo,081,765935,1789,1499,2,1501,66
2020-05-11,Santa Barbara,083,443738,1491,1372,8,1380,10
2020-05-11,Santa Clara,085,1922200,2936,2340,10,2350,129
2020-05-11,Santa Cruz,087,273765,162,140,0,140,2
2020-05-11,Shasta,089,179085,47,31,0,31,4
2020-05-11,Sierra,091,2930,0,0,0,0,0
2020-05-11,Siskiyou,093,43540,6,5,0,5,0
2020-05-11,Solano,095,438530,439,354,0,354,4
2020-05-11,Sonoma,097,501317,377,303,0,303,3
2020-05-11,Stanislaus,099,539301,586,507,4,511,14
2020-05-11,Sutter,101,95872,40,32,0,32,2
2020-05-11,Tehama,103,63373,3,1,0,1,1
2020-05-11,Trinity,105,12862,2,1,0,1,0
2020-05-11,Tulare,107,460477,1798,1203,7,1210,49
2020-05-11,Tuolumne,109,53932,3,2,0,2,0
2020-05-11,Ventura,111,848112,1003,698,4,702,19
2020-05-11,Yolo,113,214977,198,174,0,174,20
2020-05-11,Yuba,115,75493,24,18,0,18,1
2020-05-10,Alameda,001,1643700,2465,2047,3,2050,71
2020-05-10,Alpine,003,1148,1,1,0,1,0
2020-05-10,Amador,005,37829,10,8,0,8,0
2020-05-10,Butte,007,227075,32,18,1,19,0
2020-05-10,Calaveras,009,45235,13,13,0,13,0
2020-05-10,Colusa,011,21464,3,3,0,3,0
2020-05-10,Contra Costa,013,1133247,1185,1046,0,1046,31
2020-05-10,Del Norte,015,27424,7,3,0,3,0
2020-05-10,El Dorado,017,186661,76,55,0,55,0
2020-05-10,Fresno,019,978130,1750,894,26,920,8
2020-05-10,Glenn,021,27897,10,6,0,6,0
2020-05-10,Humboldt,023,135768,73,56,0,56,0
2020-05-10,Imperial,025,180216,1079,509,0,509,7
2020-05-10,Inyo,027,18085,19,20,0,20,1
2020-05-10,Kern,029,883053,1651,1300,2,1302,16
2020-05-10,Kings,031,150075,404,266,1,267,1
2020-05-10,Lake,033,64148,12,7,0,7,0
2020-05-10,Lassen,035,31185,4,0,2,2,0
2020-05-10,Los Angeles,037,10098052,39575,31711,18,31729,1514
2020-05-10,Madera,039,155013,127,65,1,66,2
2020-05-10,Marin,041,260295,285,267,1,268,14
2020-05-10,Mariposa,043,17540,15,15,0,15,0
2020-05-10,Mendocino,045,87422,12,10,0,10,0
2020-05-10,Merced,047,269075,246,154,0,154,3
2020-05-10,Modoc,049,8938,0,0,0,0,0
2020-05-10,Mono,051,14174,35,27,0,27,1
2020-05-10,Monterey,053,433212,359,282,1,283,6
2020-05-10,Napa,055,140530,89,79,0,79,2
2020-05-10,Nevada,057,99092,41,41,1,42,1
2020-05-10,Orange,059,3164182,5382,3627,39,3666,76
2020-05-10,Placer,061,380077,190,168,0,168,8
2020-05-10,Plumas,063,18699,4,4,0,4,0
2020-05-10,Riverside,065,2383286,5949,4951,17,4968,193
2020-05-10,Sacramento,067,1510023,1208,1152,0,1152,52
2020-05-10,San Benito,069,59416,59,52,0,52,2
2020-05-10,San Bernardino,071,2135413,3583,2910,3,2913,121
2020-05-10,San Diego,073,3302833,5902,4928,0,4928,175
2020-05-10,San Francisco,075,870044,2145,1953,0,1953,35
2020-05-10,San Joaquin,077,732212,693,611,3,614,29
2020-05-10,San Luis Obispo,079,281455,305,218,3,221,1
2020-05-10,San Mateo,081,765935,1767,1463,2,1465,65
2020-05-10,Santa Barbara,083,443738,1480,1323,8,1331,10
2020-05-10,Santa Clara,085,1922200,2909,2331,10,2341,129
2020-05-10,Santa Cruz,087,273765,161,139,0,139,2
2020-05-10,Shasta,089,179085,47,31,0,31,4
2020-05-10,Sierra,091,2930,0,0,0,0,0
2020-05-10,Siskiyou,093,43540,5,5,0,5,0
2020-05-10,Solano,095,438530,429,322,0,322,4
2020-05-10,Sonoma,097,501317,367,290,0,290,3
2020-05-10,Stanislaus,099,539301,579,498,4,502,14
2020-05-10,Sutter,101,95872,37,31,0,31,2
2020-05-10,Tehama,103,63373,3,1,0,1,1
2020-05-10,Trinity,105,12862,2,1,0,1,0
2020-05-10,Tulare,107,460477,1727,1143,7,1150,47
2020-05-10,Tuolumne,109,53932,3,2,0,2,0
2020-05-10,Ventura,111,848112,945,690,2,692,19
2020-05-10,Yolo,113,214977,198,173,0,173,20
2020-05-10,Yuba,115,75493,23,17,0,17,1
2020-05-09,Alameda,001,1643700,2421,2011,3,2014,71
2020-05-09,Alpine,003,1148,1,1,0,1,0
2020-05-09,Amador,005,37829,9,8,0,8,0
2020-05-09,Butte,007,227075,31,18,1,19,0
2020-05-09,Calaveras,009,45235,13,13,0,13,0
2020-05-09,Colusa,011,21464,3,3,0,3,0
2020-05-09,Contra Costa,013,1133247,1171,1039,0,1039,31
2020-05-09,Del Norte,015,27424,7,3,0,3,0
2020-05-09,El Dorado,017,186661,73,54,0,54,0
2020-05-09,Fresno,019,978130,1712,861,25,886,8
2020-05-09,Glenn,021,27897,9,6,0,6,0
2020-05-09,Humboldt,023,135768,71,55,0,55,0
2020-05-09,Imperial,025,180216,1023,474,0,474,7
2020-05-09,Inyo,027,18085,19,20,0,20,1
2020-05-09,Kern,029,883053,1615,1262,1,1263,15
2020-05-09,Kings,031,150075,399,264,1,265,1
2020-05-09,Lake,033,64148,12,7,0,7,0
2020-05-09,Lassen,035,31185,4,0,2,2,0
2020-05-09,Los Angeles,037,10098052,38953,31268,18,31286,1499
2020-05-09,Madera,039,155013,126,61,1,62,2
2020-05-09,Marin,041,260295,284,261,1,262,14
2020-05-09,Mariposa,043,17540,15,15,0,15,0
2020-05-09,Mendocino,045,87422,12,10,0,10,0
2020-05-09,Merced,047,269075,242,153,0,153,3
2020-05-09,Modoc,049,8938,0,0,0,0,0
2020-05-09,Mono,051,14174,35,27,0,27,1
2020-05-09,Monterey,053,433212,352,273,0,273,6
2020-05-09,Napa,055,140530,88,78,0,78,2
2020-05-09,Nevada,057,99092,41,41,1,42,1
2020-05-09,Orange,059,3164182,5300,3506,38,3544,75
2020-05-09,Placer,061,380077,189,168,0,168,8
2020-05-09,Plumas,063,18699,4,4,0,4,0
2020-05-09,Riverside,065,2383286,5854,4871,17,4888,183
2020-05-09,Sacramento,067,1510023,1204,1150,0,1150,52
2020-05-09,San Benito,069,59416,58,52,0,52,2
2020-05-09,San Bernardino,071,2135413,3527,2825,3,2828,121
2020-05-09,San Diego,073,3302833,5790,4778,0,4778,175
2020-05-09,San Francisco,075,870044,2130,1944,0,1944,34
2020-05-09,San Joaquin,077,732212,684,605,3,608,28
2020-05-09,San Luis Obispo,079,281455,301,213,3,216,1
2020-05-09,San Mateo,081,765935,1748,1453,2,1455,65
2020-05-09,Santa Barbara,083,443738,1472,1245,8,1253,10
2020-05-09,Santa Clara,085,1922200,2895,2317,10,2327,128
2020-05-09,Santa Cruz,087,273765,160,138,0,138,2
2020-05-09,Shasta,089,179085,47,31,0,31,4
2020-05-09,Sierra,091,2930,0,0,0,0,0
2020-05-09,Siskiyou,093,43540,5,5,0,5,0
2020-05-09,Solano,095,438530,423,321,0,321,4
2020-05-09,Sonoma,097,501317,363,288,0,288,3
2020-05-09,Stanislaus,099,539301,571,491,4,495,12
2020-05-09,Sutter,101,95872,37,31,0,31,2
2020-05-09,Tehama,103,63373,2,1,0,1,1
2020-05-09,Trinity,105,12862,2,1,0,1,0
2020-05-09,Tulare,107,460477,1699,1083,7,1090,47
2020-05-09,Tuolumne,109,53932,3,2,0,2,0
2020-05-09,Ventura,111,848112,924,679,2,681,19
2020-05-09,Yolo,113,214977,198,172,0,172,18
2020-05-09,Yuba,115,75493,23,17,0,17,1
2020-05-08,Alameda,001,1643700,2378,1955,3,1958,70
2020-05-08,Alpine,003,1148,1,1,0,1,0
2020-05-08,Amador,005,37829,9,8,0,8,0
2020-05-08,Butte,007,227075,31,18,1,19,0
2020-05-08,Calaveras,009,45235,13,13,0,13,0
2020-05-08,Colusa,011,21464,3,3,0,3,0
2020-05-08,Contra Costa,013,1133247,1159,1024,0,1024,29
2020-05-08,Del Norte,015,27424,7,3,0,3,0
2020-05-08,El Dorado,017,186661,72,54,0,54,0
2020-05-08,Fresno,019,978130,1670,838,23,861,8
2020-05-08,Glenn,021,27897,8,6,0,6,0
2020-05-08,Humboldt,023,135768,68,54,0,54,0
2020-05-08,Imperial,025,180216,978,467,0,467,7
2020-05-08,Inyo,027,18085,19,20,0,20,1
2020-05-08,Kern,029,883053,1584,1214,1,1215,13
2020-05-08,Kings,031,150075,390,236,1,237,1
2020-05-08,Lake,033,64148,12,7,0,7,0
2020-05-08,Lassen,035,31185,4,0,2,2,0
2020-05-08,Los Angeles,037,10098052,38221,30357,18,30375,1447
2020-05-08,Madera,039,155013,123,57,1,58,2
2020-05-08,Marin,041,260295,284,257,1,258,14
2020-05-08,Mariposa,043,17540,15,15,0,15,0
2020-05-08,Mendocino,045,87422,12,10,0,10,0
2020-05-08,Merced,047,269075,241,151,0,151,3
2020-05-08,Modoc,049,8938,0,0,0,0,0
2020-05-08,Mono,051,14174,32,27,0,27,1
2020-05-08,Monterey,053,433212,344,265,0,265,6
2020-05-08,Napa,055,140530,87,78,0,78,2
2020-05-08,Nevada,057,99092,41,41,1,42,1
2020-05-08,Orange,059,3164182,5153,3395,38,3433,72
2020-05-08,Placer,061,380077,187,166,0,166,8
2020-05-08,Plumas,063,18699,4,4,0,4,0
2020-05-08,Riverside,065,2383286,5754,4672,16,4688,181
2020-05-08,Sacramento,067,1510023,1199,1145,0,1145,51
2020-05-08,San Benito,069,59416,58,51,0,51,2
2020-05-08,San Bernardino,071,2135413,3479,2631,3,2634,119
2020-05-08,San Diego,073,3302833,5683,4664,0,4664,169
2020-05-08,San Francisco,075,870044,2112,1890,0,1890,33
2020-05-08,San Joaquin,077,732212,677,595,3,598,28
2020-05-08,San Luis Obispo,079,281455,298,210,3,213,1
2020-05-08,San Mateo,081,765935,1663,1423,2,1425,62
2020-05-08,Santa Barbara,083,443738,1463,1054,6,1060,8
2020-05-08,Santa Clara,085,1922200,2872,2285,10,2295,128
2020-05-08,Santa Cruz,087,273765,156,137,0,137,2
2020-05-08,Shasta,089,179085,47,31,0,31,4
2020-05-08,Sierra,091,2930,0,0,0,0,0
2020-05-08,Siskiyou,093,43540,5,5,0,5,0
2020-05-08,Solano,095,438530,418,314,0,314,4
2020-05-08,Sonoma,097,501317,358,285,0,285,3
2020-05-08,Stanislaus,099,539301,557,487,4,491,12
2020-05-08,Sutter,101,95872,37,30,0,30,2
2020-05-08,Tehama,103,63373,2,1,0,1,1
2020-05-08,Trinity,105,12862,2,0,0,0,0
2020-05-08,Tulare,107,460477,1654,1050,6,1056,43
2020-05-08,Tuolumne,109,53932,3,2,0,2,0
2020-05-08,Ventura,111,848112,906,665,2,667,19
2020-05-08,Yolo,113,214977,197,172,0,172,18
2020-05-08,Yuba,115,75493,22,16,0,16,1
2020-05-07,Alameda,001,1643700,2318,1914,3,1917,68
2020-05-07,Alpine,003,1148,1,1,0,1,0
2020-05-07,Amador,005,37829,9,8,0,8,0
2020-05-07,Butte,007,227075,31,19,1,20,0
2020-05-07,Calaveras,009,45235,13,13,0,13,0
2020-05-07,Colusa,011,21464,3,3,0,3,0
2020-05-07,Contra Costa,013,1133247,1145,1005,0,1005,29
2020-05-07,Del Norte,015,27424,6,3,0,3,0
2020-05-07,El Dorado,017,186661,71,54,0,54,0
2020-05-07,Fresno,019,978130,1584,812,22,834,8
2020-05-07,Glenn,021,27897,8,5,0,5,0
2020-05-07,Humboldt,023,135768,67,54,0,54,0
2020-05-07,Imperial,025,180216,915,442,0,442,6
2020-05-07,Inyo,027,18085,19,20,0,20,1
2020-05-07,Kern,029,883053,1540,1176,1,1177,13
2020-05-07,Kings,031,150075,367,219,1,220,1
2020-05-07,Lake,033,64148,11,7,0,7,0
2020-05-07,Lassen,035,31185,4,0,2,2,0
2020-05-07,Los Angeles,037,10098052,37100,29544,18,29562,1399
2020-05-07,Madera,039,155013,119,54,1,55,2
2020-05-07,Marin,041,260295,277,252,1,253,14
2020-05-07,Mariposa,043,17540,15,15,0,15,0
2020-05-07,Mendocino,045,87422,12,10,0,10,0
2020-05-07,Merced,047,269075,233,146,0,146,3
2020-05-07,Modoc,049,8938,0,0,0,0,0
2020-05-07,Mono,051,14174,32,26,0,26,1
2020-05-07,Monterey,053,433212,336,249,0,249,6
2020-05-07,Napa,055,140530,87,78,0,78,2
2020-05-07,Nevada,057,99092,41,41,1,42,1
2020-05-07,Orange,059,3164182,4968,3283,37,3320,69
2020-05-07,Placer,061,380077,187,165,0,165,8
2020-05-07,Plumas,063,18699,4,4,0,4,0
2020-05-07,Riverside,065,2383286,5638,4608,16,4624,170
2020-05-07,Sacramento,067,1510023,1193,1139,0,1139,50
2020-05-07,San Benito,069,59416,58,50,0,50,2
2020-05-07,San Bernardino,071,2135413,3387,2522,3,2525,115
2020-05-07,San Diego,073,3302833,5526,4431,0,4431,165
2020-05-07,San Francisco,075,870044,2081,1852,0,1852,33
2020-05-07,San Joaquin,077,732212,664,583,3,586,28
2020-05-07,San Luis Obispo,079,281455,287,209,3,212,1
2020-05-07,San Mateo,081,765935,1641,1398,2,1400,58
2020-05-07,Santa Barbara,083,443738,1436,720,5,725,8
2020-05-07,Santa Clara,085,1922200,2834,2281,10,2291,127
2020-05-07,Santa Cruz,087,273765,153,136,0,136,2
2020-05-07,Shasta,089,179085,46,31,0,31,4
2020-05-07,Sierra,091,2930,0,0,0,0,0
2020-05-07,Siskiyou,093,43540,5,5,0,5,0
2020-05-07,Solano,095,438530,412,307,0,307,4
2020-05-07,Sonoma,097,501317,346,282,0,282,3
2020-05-07,Stanislaus,099,539301,548,466,4,470,10
2020-05-07,Sutter,101,95872,37,29,0,29,2
2020-05-07,Tehama,103,63373,2,1,0,1,1
2020-05-07,Trinity,105,12862,2,0,0,0,0
2020-05-07,Tulare,107,460477,1586,1001,6,1007,41
2020-05-07,Tuolumne,109,53932,3,2,0,2,0
2020-05-07,Ventura,111,848112,882,647,1,648,19
2020-05-07,Yolo,113,214977,196,172,0,172,18
2020-05-07,Yuba,115,75493,22,16,0,16,1
2020-05-06,Alameda,001,1643700,2280,1864,3,1867,67
2020-05-06,Alpine,003,1148,1,1,0,1,0
2020-05-06,Amador,005,37829,9,8,0,8,0
2020-05-06,Butte,007,227075,30,19,1,20,0
2020-05-06,Calaveras,009,45235,13,13,0,13,0
2020-05-06,Colusa,011,21464,3,3,0,3,0
2020-05-06,Contra Costa,013,1133247,1124,990,0,990,29
2020-05-06,Del Norte,015,27424,6,3,0,3,0
2020-05-06,El Dorado,017,186661,69,53,0,53,0
2020-05-06,Fresno,019,978130,1521,773,20,793,8
2020-05-06,Glenn,021,27897,8,3,0,3,0
2020-05-06,Humboldt,023,135768,66,54,0,54,0
2020-05-06,Imperial,025,180216,847,399,0,399,6
2020-05-06,Inyo,027,18085,19,20,0,20,1
2020-05-06,Kern,029,883053,1484,1112,1,1113,12
2020-05-06,Kings,031,150075,349,208,1,209,1
2020-05-06,Lake,033,64148,11,7,0,7,0
2020-05-06,Lassen,035,31185,4,0,2,2,0
2020-05-06,Los Angeles,037,10098052,36096,28687,18,28705,1347
2020-05-06,Madera,039,155013,117,55,1,56,2
2020-05-06,Marin,041,260295,270,244,1,245,14
2020-05-06,Mariposa,043,17540,15,14,0,14,0
2020-05-06,Mendocino,045,87422,12,10,0,10,0
2020-05-06,Merced,047,269075,226,140,0,140,3
2020-05-06,Modoc,049,8938,0,0,0,0,0
2020-05-06,Mono,051,14174,32,26,0,26,1
2020-05-06,Monterey,053,433212,328,246,0,246,6
2020-05-06,Napa,055,140530,86,78,0,78,2
2020-05-06,Nevada,057,99092,41,41,1,42,1
2020-05-06,Orange,059,3164182,4784,3156,36,3192,66
2020-05-06,Placer,061,380077,184,164,0,164,8
2020-05-06,Plumas,063,18699,4,4,0,4,0
2020-05-06,Riverside,065,2383286,5494,4535,16,4551,163
2020-05-06,Sacramento,067,1510023,1187,1135,0,1135,49
2020-05-06,San Benito,069,59416,57,50,0,50,2
2020-05-06,San Bernardino,071,2135413,3265,2426,2,2428,110
2020-05-06,San Diego,073,3302833,5393,4321,0,4321,158
2020-05-06,San Francisco,075,870044,2056,1804,0,1804,32
2020-05-06,San Joaquin,077,732212,651,581,3,584,28
2020-05-06,San Luis Obispo,079,281455,284,207,3,210,1
2020-05-06,San Mateo,081,765935,1610,1348,2,1350,57
2020-05-06,Santa Barbara,083,443738,1395,565,4,569,8
2020-05-06,Santa Clara,085,1922200,2817,2270,9,2279,127
2020-05-06,Santa Cruz,087,273765,149,135,0,135,2
2020-05-06,Shasta,089,179085,45,31,0,31,4
2020-05-06,Sierra,091,2930,0,0,0,0,0
2020-05-06,Siskiyou,093,43540,5,5,0,5,0
2020-05-06,Solano,095,438530,402,300,0,300,4
2020-05-06,Sonoma,097,501317,330,269,0,269,3
2020-05-06,Stanislaus,099,539301,532,434,4,438,9
2020-05-06,Sutter,101,95872,37,29,0,29,2
2020-05-06,Tehama,103,63373,2,1,0,1,1
2020-05-06,Trinity,105,12862,2,0,0,0,0
2020-05-06,Tulare,107,460477,1538,963,6,969,40
2020-05-06,Tuolumne,109,53932,3,2,0,2,0
2020-05-06,Ventura,111,848112,855,619,1,620,19
2020-05-06,Yolo,113,214977,195,172,0,172,18
2020-05-06,Yuba,115,75493,22,15,0,15,1
2020-05-05,Alameda,001,1643700,2237,1819,3,1822,67
2020-05-05,Alpine,003,1148,1,1,0,1,0
2020-05-05,Amador,005,37829,9,8,0,8,0
2020-05-05,Butte,007,227075,29,19,1,20,0
2020-05-05,Calaveras,009,45235,13,13,0,13,0
2020-05-05,Colusa,011,21464,3,3,0,3,0
2020-05-05,Contra Costa,013,1133247,1106,976,0,976,29
2020-05-05,Del Norte,015,27424,6,3,0,3,0
2020-05-05,El Dorado,017,186661,67,54,0,54,0
2020-05-05,Fresno,019,978130,1448,726,18,744,8
2020-05-05,Glenn,021,27897,8,3,0,3,0
2020-05-05,Humboldt,023,135768,63,54,0,54,0
2020-05-05,Imperial,025,180216,792,389,0,389,6
2020-05-05,Inyo,027,18085,19,20,0,20,1
2020-05-05,Kern,029,883053,1432,1084,1,1085,11
2020-05-05,Kings,031,150075,331,187,1,188,1
2020-05-05,Lake,033,64148,10,7,0,7,0
2020-05-05,Lassen,035,31185,4,0,2,2,0
2020-05-05,Los Angeles,037,10098052,35024,27867,18,27885,1289
2020-05-05,Madera,039,155013,113,53,1,54,2
2020-05-05,Marin,041,260295,264,244,1,245,14
2020-05-05,Mariposa,043,17540,15,14,0,14,0
2020-05-05,Mendocino,045,87422,12,10,0,10,0
2020-05-05,Merced,047,269075,221,141,0,141,3
2020-05-05,Modoc,049,8938,0,0,0,0,0
2020-05-05,Mono,051,14174,32,25,0,25,1
2020-05-05,Monterey,053,433212,314,240,0,240,6
2020-05-05,Napa,055,140530,86,74,0,74,2
2020-05-05,Nevada,057,99092,41,41,1,42,1
2020-05-05,Orange,059,3164182,4660,3041,36,3077,63
2020-05-05,Placer,061,380077,184,162,0,162,8
2020-05-05,Plumas,063,18699,4,4,0,4,0
2020-05-05,Riverside,065,2383286,5384,4309,16,4325,161
2020-05-05,Sacramento,067,1510023,1180,1125,0,1125,48
2020-05-05,San Benito,069,59416,56,50,0,50,2
2020-05-05,San Bernardino,071,2135413,3172,2345,2,2347,104
2020-05-05,San Diego,073,3302833,5250,4162,0,4162,150
2020-05-05,San Francisco,075,870044,2021,1779,0,1779,31
2020-05-05,San Joaquin,077,732212,642,577,3,580,26
2020-05-05,San Luis Obispo,079,281455,282,203,3,206,1
2020-05-05,San Mateo,081,765935,1578,1335,2,1337,56
2020-05-05,Santa Barbara,083,443738,1174,541,4,545,7
2020-05-05,Santa Clara,085,1922200,2771,2249,8,2257,124
2020-05-05,Santa Cruz,087,273765,146,134,0,134,2
2020-05-05,Shasta,089,179085,44,31,0,31,4
2020-05-05,Sierra,091,2930,0,0,0,0,0
2020-05-05,Siskiyou,093,43540,5,5,0,5,0
2020-05-05,Solano,095,438530,386,299,0,299,4
2020-05-05,Sonoma,097,501317,327,263,0,263,3
2020-05-05,Stanislaus,099,539301,520,430,4,434,9
2020-05-05,Sutter,101,95872,36,29,0,29,2
2020-05-05,Tehama,103,63373,2,1,0,1,1
2020-05-05,Trinity,105,12862,2,0,0,0,0
2020-05-05,Tulare,107,460477,1440,869,6,875,40
2020-05-05,Tuolumne,109,53932,3,2,0,2,0
2020-05-05,Ventura,111,848112,831,607,1,608,19
2020-05-05,Yolo,113,214977,193,171,0,171,18
2020-05-05,Yuba,115,75493,22,15,0,15,1
2020-05-04,Alameda,001,1643700,2178,1762,3,1765,65
2020-05-04,Alpine,003,1148,1,1,0,1,0
2020-05-04,Amador,005,37829,8,8,0,8,0
2020-05-04,Butte,007,227075,28,16,1,17,0
2020-05-04,Calaveras,009,45235,13,13,0,13,0
2020-05-04,Colusa,011,21464,3,3,0,3,0
2020-05-04,Contra Costa,013,1133247,1088,949,0,949,28
2020-05-04,Del Norte,015,27424,5,3,0,3,0
2020-05-04,El Dorado,017,186661,66,51,0,51,0
2020-05-04,Fresno,019,978130,1378,680,17,697,8
2020-05-04,Glenn,021,27897,8,4,0,4,0
2020-05-04,Humboldt,023,135768,61,54,0,54,0
2020-05-04,Imperial,025,180216,740,351,0,351,6
2020-05-04,Inyo,027,18085,19,20,0,20,1
2020-05-04,Kern,029,883053,1390,1047,1,1048,8
2020-05-04,Kings,031,150075,314,153,1,154,1
2020-05-04,Lake,033,64148,9,7,0,7,0
2020-05-04,Lassen,035,31185,3,0,2,2,0
2020-05-04,Los Angeles,037,10098052,33727,26243,16,26259,1235
2020-05-04,Madera,039,155013,110,52,1,53,2
2020-05-04,Marin,041,260295,259,244,1,245,13
2020-05-04,Mariposa,043,17540,15,13,0,13,0
2020-05-04,Mendocino,045,87422,12,10,0,10,0
2020-05-04,Merced,047,269075,221,138,0,138,3
2020-05-04,Modoc,049,8938,0,0,0,0,0
2020-05-04,Mono,051,14174,32,25,0,25,1
2020-05-04,Monterey,053,433212,303,237,0,237,6
2020-05-04,Napa,055,140530,86,72,0,72,2
2020-05-04,Nevada,057,99092,41,41,1,42,1
2020-05-04,Orange,059,3164182,4522,2931,33,2964,57
2020-05-04,Placer,061,380077,182,162,0,162,8
2020-05-04,Plumas,063,18699,4,4,0,4,0
2020-05-04,Riverside,065,2383286,5290,4221,16,4237,147
2020-05-04,Sacramento,067,1510023,1170,1119,0,1119,44
2020-05-04,San Benito,069,59416,54,49,0,49,2
2020-05-04,San Bernardino,071,2135413,3032,2184,2,2186,99
2020-05-04,San Diego,073,3302833,5109,4022,0,4022,144
2020-05-04,San Francisco,075,870044,1983,1760,0,1760,31
2020-05-04,San Joaquin,077,732212,628,574,3,577,26
2020-05-04,San Luis Obispo,079,281455,279,202,3,205,1
2020-05-04,San Mateo,081,765935,1553,1313,2,1315,53
2020-05-04,Santa Barbara,083,443738,927,524,4,528,7
2020-05-04,Santa Clara,085,1922200,2756,2238,8,2246,119
2020-05-04,Santa Cruz,087,273765,145,133,0,133,2
2020-05-04,Shasta,089,179085,42,31,0,31,4
2020-05-04,Sierra,091,2930,0,0,0,0,0
2020-05-04,Siskiyou,093,43540,5,5,0,5,0
2020-05-04,Solano,095,438530,372,293,0,293,4
2020-05-04,Sonoma,097,501317,313,256,0,256,4
2020-05-04,Stanislaus,099,539301,514,422,4,426,8
2020-05-04,Sutter,101,95872,33,28,0,28,2
2020-05-04,Tehama,103,63373,2,1,0,1,1
2020-05-04,Trinity,105,12862,1,0,0,0,0
2020-05-04,Tulare,107,460477,1361,760,6,766,40
2020-05-04,Tuolumne,109,53932,3,3,0,3,0
2020-05-04,Ventura,111,848112,810,590,1,591,19
2020-05-04,Yolo,113,214977,192,171,0,171,18
2020-05-04,Yuba,115,75493,19,16,0,16,1
2020-05-03,Alameda,001,1643700,2121,1731,3,1734,64
2020-05-03,Alpine,003,1148,1,1,0,1,0
2020-05-03,Amador,005,37829,8,8,0,8,0
2020-05-03,Butte,007,227075,28,17,1,18,0
2020-05-03,Calaveras,009,45235,13,13,0,13,0
2020-05-03,Colusa,011,21464,3,3,0,3,0
2020-05-03,Contra Costa,013,1133247,1072,945,0,945,28
2020-05-03,Del Norte,015,27424,5,3,0,3,0
2020-05-03,El Dorado,017,186661,64,49,0,49,0
2020-05-03,Fresno,019,978130,1286,646,15,661,8
2020-05-03,Glenn,021,27897,7,5,0,5,0
2020-05-03,Humboldt,023,135768,60,54,0,54,0
2020-05-03,Imperial,025,180216,684,351,0,351,6
2020-05-03,Inyo,027,18085,19,20,0,20,1
2020-05-03,Kern,029,883053,1335,1025,1,1026,8
2020-05-03,Kings,031,150075,294,137,1,138,1
2020-05-03,Lake,033,64148,9,7,0,7,0
2020-05-03,Lassen,035,31185,3,0,2,2,0
2020-05-03,Los Angeles,037,10098052,32743,25708,16,25724,1210
2020-05-03,Madera,039,155013,103,46,1,47,2
2020-05-03,Marin,041,260295,254,243,1,244,13
2020-05-03,Mariposa,043,17540,15,13,0,13,0
2020-05-03,Mendocino,045,87422,12,10,0,10,0
2020-05-03,Merced,047,269075,213,134,0,134,3
2020-05-03,Modoc,049,8938,0,0,0,0,0
2020-05-03,Mono,051,14174,32,25,0,25,1
2020-05-03,Monterey,053,433212,294,235,0,235,6
2020-05-03,Napa,055,140530,86,72,0,72,2
2020-05-03,Nevada,057,99092,41,41,1,42,1
2020-05-03,Orange,059,3164182,4348,2859,32,2891,55
2020-05-03,Placer,061,380077,182,161,0,161,8
2020-05-03,Plumas,063,18699,4,4,0,4,0
2020-05-03,Riverside,065,2383286,5185,4034,16,4050,139
2020-05-03,Sacramento,067,1510023,1161,1109,0,1109,43
2020-05-03,San Benito,069,59416,54,49,0,49,2
2020-05-03,San Bernardino,071,2135413,2971,2123,2,2125,99
2020-05-03,San Diego,073,3302833,4972,3929,0,3929,142
2020-05-03,San Francisco,075,870044,1954,1692,0,1692,30
2020-05-03,San Joaquin,077,732212,621,570,3,573,26
2020-05-03,San Luis Obispo,079,281455,276,200,3,203,1
2020-05-03,San Mateo,081,765935,1525,1277,2,1279,53
2020-05-03,Santa Barbara,083,443738,568,512,4,516,7
2020-05-03,Santa Clara,085,1922200,2719,2235,8,2243,116
2020-05-03,Santa Cruz,087,273765,145,133,0,133,2
2020-05-03,Shasta,089,179085,40,31,0,31,4
2020-05-03,Sierra,091,2930,0,0,0,0,0
2020-05-03,Siskiyou,093,43540,5,5,0,5,0
2020-05-03,Solano,095,438530,362,266,0,266,4
2020-05-03,Sonoma,097,501317,304,254,0,254,4
2020-05-03,Stanislaus,099,539301,486,411,4,415,8
2020-05-03,Sutter,101,95872,31,28,0,28,2
2020-05-03,Tehama,103,63373,2,1,0,1,1
2020-05-03,Trinity,105,12862,1,0,0,0,0
2020-05-03,Tulare,107,460477,1282,736,6,742,40
2020-05-03,Tuolumne,109,53932,3,3,0,3,0
2020-05-03,Ventura,111,848112,776,583,1,584,19
2020-05-03,Yolo,113,214977,191,171,0,171,18
2020-05-03,Yuba,115,75493,19,16,0,16,1
2020-05-02,Alameda,001,1643700,2084,1678,3,1681,63
2020-05-02,Alpine,003,1148,1,1,0,1,0
2020-05-02,Amador,005,37829,8,8,0,8,0
2020-05-02,Butte,007,227075,28,17,1,18,0
2020-05-02,Calaveras,009,45235,13,13,0,13,0
2020-05-02,Colusa,011,21464,3,3,0,3,0
2020-05-02,Contra Costa,013,1133247,1054,929,0,929,28
2020-05-02,Del Norte,015,27424,5,3,0,3,0
2020-05-02,El Dorado,017,186661,64,47,0,47,0
2020-05-02,Fresno,019,978130,1260,629,14,643,8
2020-05-02,Glenn,021,27897,7,5,0,5,0
2020-05-02,Humboldt,023,135768,60,54,0,54,0
2020-05-02,Imperial,025,180216,657,345,0,345,6
2020-05-02,Inyo,027,18085,19,20,0,20,1
2020-05-02,Kern,029,883053,1309,1007,1,1008,8
2020-05-02,Kings,031,150075,291,120,1,121,1
2020-05-02,Lake,033,64148,9,7,0,7,0
2020-05-02,Lassen,035,31185,3,0,2,2,0
2020-05-02,Los Angeles,037,10098052,32213,24955,16,24971,1192
2020-05-02,Madera,039,155013,103,46,1,47,2
2020-05-02,Marin,041,260295,253,243,1,244,13
2020-05-02,Mariposa,043,17540,15,13,0,13,0
2020-05-02,Mendocino,045,87422,12,10,0,10,0
2020-05-02,Merced,047,269075,210,131,0,131,3
2020-05-02,Modoc,049,8938,0,0,0,0,0
2020-05-02,Mono,051,14174,32,25,0,25,1
2020-05-02,Monterey,053,433212,288,225,0,225,5
2020-05-02,Napa,055,140530,86,71,0,71,2
2020-05-02,Nevada,057,99092,41,41,1,42,1
2020-05-02,Orange,059,3164182,4234,2774,32,2806,52
2020-05-02,Placer,061,380077,180,150,0,150,8
2020-05-02,Plumas,063,18699,4,4,0,4,0
2020-05-02,Riverside,065,2383286,5119,3997,16,4013,137
2020-05-02,Sacramento,067,1510023,1158,1097,0,1097,43
2020-05-02,San Benito,069,59416,54,49,0,49,2
2020-05-02,San Bernardino,071,2135413,2932,2124,2,2126,99
2020-05-02,San Diego,073,3302833,4870,3844,0,3844,138
2020-05-02,San Francisco,075,870044,1931,1632,0,1632,29
2020-05-02,San Joaquin,077,732212,613,559,3,562,25
2020-05-02,San Luis Obispo,079,281455,270,193,3,196,1
2020-05-02,San Mateo,081,765935,1509,1272,2,1274,52
2020-05-02,Santa Barbara,083,443738,560,506,4,510,7
2020-05-02,Santa Clara,085,1922200,2709,2203,8,2211,115
2020-05-02,Santa Cruz,087,273765,144,131,0,131,2
2020-05-02,Shasta,089,179085,40,31,0,31,4
2020-05-02,Sierra,091,2930,0,0,0,0,0
2020-05-02,Siskiyou,093,43540,5,5,0,5,0
2020-05-02,Solano,095,438530,355,267,0,267,4
2020-05-02,Sonoma,097,501317,301,250,0,250,3
2020-05-02,Stanislaus,099,539301,478,388,4,392,8
2020-05-02,Sutter,101,95872,31,28,0,28,2
2020-05-02,Tehama,103,63373,2,1,0,1,1
2020-05-02,Trinity,105,12862,1,0,0,0,0
2020-05-02,Tulare,107,460477,1239,711,6,717,35
2020-05-02,Tuolumne,109,53932,3,3,0,3,0
2020-05-02,Ventura,111,848112,762,564,1,565,19
2020-05-02,Yolo,113,214977,191,169,0,169,17
2020-05-02,Yuba,115,75493,19,16,0,16,1
2020-05-01,Alameda,001,1643700,2047,1630,3,1633,63
2020-05-01,Alpine,003,1148,1,1,0,1,0
2020-05-01,Amador,005,37829,8,8,0,8,0
2020-05-01,Butte,007,227075,28,17,1,18,0
2020-05-01,Calaveras,009,45235,13,13,0,13,0
2020-05-01,Colusa,011,21464,3,3,0,3,0
2020-05-01,Contra Costa,013,1133247,1040,915,0,915,28
2020-05-01,Del Norte,015,27424,5,3,0,3,0
2020-05-01,El Dorado,017,186661,64,47,0,47,0
2020-05-01,Fresno,019,978130,1229,617,14,631,7
2020-05-01,Glenn,021,27897,7,4,0,4,0
2020-05-01,Humboldt,023,135768,60,54,0,54,0
2020-05-01,Imperial,025,180216,620,337,0,337,6
2020-05-01,Inyo,027,18085,19,20,0,20,1
2020-05-01,Kern,029,883053,1282,972,1,973,8
2020-05-01,Kings,031,150075,274,112,1,113,1
2020-05-01,Lake,033,64148,9,6,0,6,0
2020-05-01,Lassen,035,31185,3,0,2,2,0
2020-05-01,Los Angeles,037,10098052,31456,24306,16,24322,1155
2020-05-01,Madera,039,155013,99,46,1,47,2
2020-05-01,Marin,041,260295,253,242,1,243,13
2020-05-01,Mariposa,043,17540,15,10,0,10,0
2020-05-01,Mendocino,045,87422,12,11,0,11,0
2020-05-01,Merced,047,269075,207,131,0,131,3
2020-05-01,Modoc,049,8938,0,0,0,0,0
2020-05-01,Mono,051,14174,32,25,0,25,1
2020-05-01,Monterey,053,433212,284,222,0,222,5
2020-05-01,Napa,055,140530,86,69,0,69,2
2020-05-01,Nevada,057,99092,41,41,1,42,1
2020-05-01,Orange,059,3164182,4157,2660,30,2690,51
2020-05-01,Placer,061,380077,179,149,0,149,8
2020-05-01,Plumas,063,18699,4,4,0,4,0
2020-05-01,Riverside,065,2383286,5055,3893,16,3909,132
2020-05-01,Sacramento,067,1510023,1153,1081,0,1081,43
2020-05-01,San Benito,069,59416,54,49,0,49,2
2020-05-01,San Bernardino,071,2135413,2877,2084,2,2086,98
2020-05-01,San Diego,073,3302833,4779,3713,0,3713,134
2020-05-01,San Francisco,075,870044,1887,1552,0,1552,29
2020-05-01,San Joaquin,077,732212,609,554,3,557,25
2020-05-01,San Luis Obispo,079,281455,267,186,3,189,1
2020-05-01,San Mateo,081,765935,1487,1222,2,1224,52
2020-05-01,Santa Barbara,083,443738,554,499,3,502,7
2020-05-01,Santa Clara,085,1922200,2697,2176,8,2184,112
2020-05-01,Santa Cruz,087,273765,144,127,0,127,2
2020-05-01,Shasta,089,179085,40,31,0,31,4
2020-05-01,Sierra,091,2930,0,0,0,0,0
2020-05-01,Siskiyou,093,43540,5,5,0,5,0
2020-05-01,Solano,095,438530,347,266,0,266,4
2020-05-01,Sonoma,097,501317,298,242,0,242,3
2020-05-01,Stanislaus,099,539301,473,384,4,388,8
2020-05-01,Sutter,101,95872,31,28,0,28,2
2020-05-01,Tehama,103,63373,2,1,0,1,1
2020-05-01,Trinity,105,12862,1,0,0,0,0
2020-05-01,Tulare,107,460477,1195,685,6,691,32
2020-05-01,Tuolumne,109,53932,3,3,0,3,0
2020-05-01,Ventura,111,848112,749,556,1,557,18
2020-05-01,Yolo,113,214977,191,165,0,165,18
2020-05-01,Yuba,115,75493,19,16,0,16,1
2020-04-30,Alameda,001,1643700,1987,1599,3,1602,60
2020-04-30,Alpine,003,1148,1,1,0,1,0
2020-04-30,Amador,005,37829,8,8,0,8,0
2020-04-30,Butte,007,227075,28,16,1,17,0
2020-04-30,Calaveras,009,45235,13,13,0,13,0
2020-04-30,Colusa,011,21464,3,3,0,3,0
2020-04-30,Contra Costa,013,1133247,1018,900,0,900,25
2020-04-30,Del Norte,015,27424,4,3,0,3,0
2020-04-30,El Dorado,017,186661,64,44,0,44,0
2020-04-30,Fresno,019,978130,1163,562,11,573,7
2020-04-30,Glenn,021,27897,7,4,0,4,0
2020-04-30,Humboldt,023,135768,60,54,0,54,0
2020-04-30,Imperial,025,180216,574,322,0,322,6
2020-04-30,Inyo,027,18085,19,20,0,20,1
2020-04-30,Kern,029,883053,1250,941,1,942,8
2020-04-30,Kings,031,150075,262,87,1,88,1
2020-04-30,Lake,033,64148,9,6,0,6,0
2020-04-30,Lassen,035,31185,3,0,2,2,0
2020-04-30,Los Angeles,037,10098052,30448,23284,16,23300,1099
2020-04-30,Madera,039,155013,88,46,1,47,2
2020-04-30,Marin,041,260295,253,240,1,241,13
2020-04-30,Mariposa,043,17540,15,3,0,3,0
2020-04-30,Mendocino,045,87422,12,11,0,11,0
2020-04-30,Merced,047,269075,200,122,0,122,3
2020-04-30,Modoc,049,8938,0,0,0,0,0
2020-04-30,Mono,051,14174,31,25,0,25,1
2020-04-30,Monterey,053,433212,274,213,0,213,5
2020-04-30,Napa,055,140530,84,69,0,69,2
2020-04-30,Nevada,057,99092,41,41,1,42,1
2020-04-30,Orange,059,3164182,3934,2591,27,2618,46
2020-04-30,Placer,061,380077,178,148,0,148,8
2020-04-30,Plumas,063,18699,4,4,0,4,0
2020-04-30,Riverside,065,2383286,4955,3820,15,3835,124
2020-04-30,Sacramento,067,1510023,1147,1071,0,1071,43
2020-04-30,San Benito,069,59416,54,48,0,48,2
2020-04-30,San Bernardino,071,2135413,2675,2020,2,2022,96
2020-04-30,San Diego,073,3302833,4608,3566,0,3566,124
2020-04-30,San Francisco,075,870044,1853,1518,0,1518,26
2020-04-30,San Joaquin,077,732212,601,548,3,551,25
2020-04-30,San Luis Obispo,079,281455,264,182,3,185,1
2020-04-30,San Mateo,081,765935,1457,1194,2,1196,52
2020-04-30,Santa Barbara,083,443738,542,490,3,493,7
2020-04-30,Santa Clara,085,1922200,2657,2172,8,2180,111
2020-04-30,Santa Cruz,087,273765,143,126,0,126,2
2020-04-30,Shasta,089,179085,39,31,0,31,4
2020-04-30,Sierra,091,2930,0,0,0,0,0
2020-04-30,Siskiyou,093,43540,5,5,0,5,0
2020-04-30,Solano,095,438530,337,262,0,262,4
2020-04-30,Sonoma,097,501317,289,233,0,233,3
2020-04-30,Stanislaus,099,539301,466,378,4,382,7
2020-04-30,Sutter,101,95872,31,28,0,28,2
2020-04-30,Tehama,103,63373,1,1,0,1,1
2020-04-30,Trinity,105,12862,1,0,0,0,0
2020-04-30,Tulare,107,460477,1129,637,6,643,31
2020-04-30,Tuolumne,109,53932,3,3,0,3,0
2020-04-30,Ventura,111,848112,721,547,1,548,18
2020-04-30,Yolo,113,214977,190,164,0,164,16
2020-04-30,Yuba,115,75493,19,15,0,15,1
2020-04-29,Alameda,001,1643700,1929,1564,2,1566,60
2020-04-29,Alpine,003,1148,1,1,0,1,0
2020-04-29,Amador,005,37829,8,8,0,8,0
2020-04-29,Butte,007,227075,28,16,1,17,0
2020-04-29,Calaveras,009,45235,13,13,0,13,0
2020-04-29,Colusa,011,21464,3,3,0,3,0
2020-04-29,Contra Costa,013,1133247,999,885,0,885,25
2020-04-29,Del Norte,015,27424,4,3,0,3,0
2020-04-29,El Dorado,017,186661,62,44,0,44,0
2020-04-29,Fresno,019,978130,1111,544,11,555,7
2020-04-29,Glenn,021,27897,7,4,0,4,0
2020-04-29,Humboldt,023,135768,60,53,0,53,0
2020-04-29,Imperial,025,180216,544,300,0,300,6
2020-04-29,Inyo,027,18085,19,20,0,20,1
2020-04-29,Kern,029,883053,1207,910,1,911,6
2020-04-29,Kings,031,150075,243,80,1,81,1
2020-04-29,Lake,033,64148,9,6,0,6,0
2020-04-29,Lassen,035,31185,3,0,2,2,0
2020-04-29,Los Angeles,037,10098052,29471,22560,15,22575,1043
2020-04-29,Madera,039,155013,86,45,1,46,2
2020-04-29,Marin,041,260295,250,234,1,235,13
2020-04-29,Mariposa,043,17540,15,1,0,1,0
2020-04-29,Mendocino,045,87422,12,11,0,11,0
2020-04-29,Merced,047,269075,193,116,0,116,3
2020-04-29,Modoc,049,8938,0,0,0,0,0
2020-04-29,Mono,051,14174,31,25,0,25,1
2020-04-29,Monterey,053,433212,266,204,0,204,5
2020-04-29,Napa,055,140530,82,68,0,68,2
2020-04-29,Nevada,057,99092,41,41,1,42,1
2020-04-29,Orange,059,3164182,3799,2421,26,2447,43
2020-04-29,Placer,061,380077,176,145,0,145,8
2020-04-29,Plumas,063,18699,4,4,0,4,0
2020-04-29,Riverside,065,2383286,4878,3700,15,3715,116
2020-04-29,Sacramento,067,1510023,1125,1055,0,1055,41
2020-04-29,San Benito,069,59416,54,48,0,48,2
2020-04-29,San Bernardino,071,2135413,2588,1975,1,1976,91
2020-04-29,San Diego,073,3302833,4466,3434,0,3434,120
2020-04-29,San Francisco,075,870044,1825,1489,0,1489,23
2020-04-29,San Joaquin,077,732212,593,540,3,543,25
2020-04-29,San Luis Obispo,079,281455,262,181,3,184,1
2020-04-29,San Mateo,081,765935,1431,1170,2,1172,50
2020-04-29,Santa Barbara,083,443738,529,477,3,480,7
2020-04-29,Santa Clara,085,1922200,2630,2147,8,2155,108
2020-04-29,Santa Cruz,087,273765,142,124,0,124,2
2020-04-29,Shasta,089,179085,38,31,0,31,4
2020-04-29,Sierra,091,2930,0,0,0,0,0
2020-04-29,Siskiyou,093,43540,5,5,0,5,0
2020-04-29,Solano,095,438530,313,252,0,252,3
2020-04-29,Sonoma,097,501317,281,230,0,230,2
2020-04-29,Stanislaus,099,539301,453,374,4,378,5
2020-04-29,Sutter,101,95872,31,28,0,28,2
2020-04-29,Tehama,103,63373,1,1,0,1,1
2020-04-29,Trinity,105,12862,1,0,0,0,0
2020-04-29,Tulare,107,460477,1056,615,5,620,30
2020-04-29,Tuolumne,109,53932,3,4,0,4,0
2020-04-29,Ventura,111,848112,697,530,1,531,18
2020-04-29,Yolo,113,214977,187,161,0,161,11
2020-04-29,Yuba,115,75493,19,15,0,15,1
2020-04-28,Alameda,001,1643700,1872,1525,2,1527,55
2020-04-28,Alpine,003,1148,1,1,0,1,0
2020-04-28,Amador,005,37829,8,8,0,8,0
2020-04-28,Butte,007,227075,28,16,1,17,0
2020-04-28,Calaveras,009,45235,13,13,0,13,0
2020-04-28,Colusa,011,21464,3,3,0,3,0
2020-04-28,Contra Costa,013,1133247,992,866,0,866,25
2020-04-28,Del Norte,015,27424,4,3,0,3,0
2020-04-28,El Dorado,017,186661,61,43,0,43,0
2020-04-28,Fresno,019,978130,1060,525,9,534,7
2020-04-28,Glenn,021,27897,5,4,0,4,0
2020-04-28,Humboldt,023,135768,59,53,0,53,0
2020-04-28,Imperial,025,180216,510,295,0,295,6
2020-04-28,Inyo,027,18085,19,20,0,20,1
2020-04-28,Kern,029,883053,1164,882,1,883,5
2020-04-28,Kings,031,150075,230,57,1,58,1
2020-04-28,Lake,033,64148,9,6,0,6,0
2020-04-28,Lassen,035,31185,3,0,2,2,0
2020-04-28,Los Angeles,037,10098052,28406,21029,15,21044,984
2020-04-28,Madera,039,155013,86,44,1,45,2
2020-04-28,Marin,041,260295,249,228,1,229,12
2020-04-28,Mariposa,043,17540,15,0,0,0,0
2020-04-28,Mendocino,045,87422,12,10,0,10,0
2020-04-28,Merced,047,269075,186,108,0,108,3
2020-04-28,Modoc,049,8938,0,0,0,0,0
2020-04-28,Mono,051,14174,31,25,0,25,1
2020-04-28,Monterey,053,433212,260,191,0,191,5
2020-04-28,Napa,055,140530,81,67,0,67,2
2020-04-28,Nevada,057,99092,41,41,1,42,1
2020-04-28,Orange,059,3164182,3636,2324,25,2349,42
2020-04-28,Placer,061,380077,166,143,0,143,8
2020-04-28,Plumas,063,18699,4,4,0,4,0
2020-04-28,Riverside,065,2383286,4783,3504,15,3519,113
2020-04-28,Sacramento,067,1510023,1110,1044,0,1044,41
2020-04-28,San Benito,069,59416,52,46,0,46,2
2020-04-28,San Bernardino,071,2135413,2511,1891,1,1892,89
2020-04-28,San Diego,073,3302833,4336,3316,0,3316,118
2020-04-28,San Francisco,075,870044,1790,1471,0,1471,23
2020-04-28,San Joaquin,077,732212,587,532,3,535,25
2020-04-28,San Luis Obispo,079,281455,255,172,3,175,1
2020-04-28,San Mateo,081,765935,1418,1129,2,1131,48
2020-04-28,Santa Barbara,083,443738,524,469,2,471,7
2020-04-28,Santa Clara,085,1922200,2596,2130,8,2138,106
2020-04-28,Santa Cruz,087,273765,142,123,0,123,2
2020-04-28,Shasta,089,179085,38,29,0,29,4
2020-04-28,Sierra,091,2930,0,0,0,0,0
2020-04-28,Siskiyou,093,43540,5,5,0,5,0
2020-04-28,Solano,095,438530,294,246,0,246,3
2020-04-28,Sonoma,097,501317,278,226,0,226,1
2020-04-28,Stanislaus,099,539301,437,330,4,334,5
2020-04-28,Sutter,101,95872,31,25,0,25,2
2020-04-28,Tehama,103,63373,1,1,0,1,1
2020-04-28,Trinity,105,12862,1,0,0,0,0
2020-04-28,Tulare,107,460477,960,579,5,584,30
2020-04-28,Tuolumne,109,53932,3,4,0,4,0
2020-04-28,Ventura,111,848112,677,517,1,518,17
2020-04-28,Yolo,113,214977,187,160,0,160,10
2020-04-28,Yuba,115,75493,19,15,0,15,1
2020-04-27,Alameda,001,1643700,1812,1494,2,1496,53
2020-04-27,Alpine,003,1148,1,1,0,1,0
2020-04-27,Amador,005,37829,8,8,0,8,0
2020-04-27,Butte,007,227075,27,16,1,17,0
2020-04-27,Calaveras,009,45235,13,13,0,13,0
2020-04-27,Colusa,011,21464,3,3,0,3,0
2020-04-27,Contra Costa,013,1133247,980,843,0,843,25
2020-04-27,Del Norte,015,27424,4,3,0,3,0
2020-04-27,El Dorado,017,186661,60,43,0,43,0
2020-04-27,Fresno,019,978130,957,504,8,512,7
2020-04-27,Glenn,021,27897,5,4,0,4,0
2020-04-27,Humboldt,023,135768,59,52,0,52,0
2020-04-27,Imperial,025,180216,480,290,0,290,6
2020-04-27,Inyo,027,18085,19,20,0,20,1
2020-04-27,Kern,029,883053,1125,865,1,866,4
2020-04-27,Kings,031,150075,207,48,1,49,1
2020-04-27,Lake,033,64148,8,6,0,6,0
2020-04-27,Lassen,035,31185,3,0,2,2,0
2020-04-27,Los Angeles,037,10098052,27389,20456,15,20471,931
2020-04-27,Madera,039,155013,84,42,1,43,2
2020-04-27,Marin,041,260295,244,227,1,228,12
2020-04-27,Mariposa,043,17540,14,0,0,0,0
2020-04-27,Mendocino,045,87422,12,10,0,10,0
2020-04-27,Merced,047,269075,183,108,0,108,3
2020-04-27,Modoc,049,8938,0,0,0,0,0
2020-04-27,Mono,051,14174,31,23,0,23,1
2020-04-27,Monterey,053,433212,253,185,0,185,4
2020-04-27,Napa,055,140530,77,64,0,64,2
2020-04-27,Nevada,057,99092,41,39,1,40,1
2020-04-27,Orange,059,3164182,3467,2198,25,2223,42
2020-04-27,Placer,061,380077,166,142,0,142,8
2020-04-27,Plumas,063,18699,4,4,0,4,0
2020-04-27,Riverside,065,2383286,4660,3381,15,3396,100
2020-04-27,Sacramento,067,1510023,1095,1035,0,1035,41
2020-04-27,San Benito,069,59416,50,45,0,45,2
2020-04-27,San Bernardino,071,2135413,2397,1742,1,1743,82
2020-04-27,San Diego,073,3302833,4210,3143,0,3143,113
2020-04-27,San Francisco,075,870044,1736,1453,0,1453,23
2020-04-27,San Joaquin,077,732212,581,522,3,525,25
2020-04-27,San Luis Obispo,079,281455,247,166,3,169,1
2020-04-27,San Mateo,081,765935,1396,1092,2,1094,46
2020-04-27,Santa Barbara,083,443738,516,466,2,468,7
2020-04-27,Santa Clara,085,1922200,2571,2104,7,2111,105
2020-04-27,Santa Cruz,087,273765,142,123,0,123,2
2020-04-27,Shasta,089,179085,38,29,0,29,4
2020-04-27,Sierra,091,2930,0,0,0,0,0
2020-04-27,Siskiyou,093,43540,5,5,0,5,0
2020-04-27,Solano,095,438530,294,222,0,222,3
2020-04-27,Sonoma,097,501317,269,220,0,220,1
2020-04-27,Stanislaus,099,539301,421,316,4,320,5
2020-04-27,Sutter,101,95872,29,26,0,26,2
2020-04-27,Tehama,103,63373,1,1,0,1,1
2020-04-27,Trinity,105,12862,1,0,0,0,0
2020-04-27,Tulare,107,460477,889,535,5,540,28
2020-04-27,Tuolumne,109,53932,3,3,0,3,0
2020-04-27,Ventura,111,848112,658,513,1,514,17
2020-04-27,Yolo,113,214977,184,160,0,160,9
2020-04-27,Yuba,115,75493,19,15,0,15,1
2020-04-26,Alameda,001,1643700,1751,1449,2,1451,52
2020-04-26,Alpine,003,1148,1,1,0,1,0
2020-04-26,Amador,005,37829,8,8,0,8,0
2020-04-26,Butte,007,227075,27,16,1,17,0
2020-04-26,Calaveras,009,45235,13,13,0,13,0
2020-04-26,Colusa,011,21464,3,3,0,3,0
2020-04-26,Contra Costa,013,1133247,964,830,0,830,25
2020-04-26,Del Norte,015,27424,3,3,0,3,0
2020-04-26,El Dorado,017,186661,58,41,0,41,0
2020-04-26,Fresno,019,978130,863,476,7,483,7
2020-04-26,Glenn,021,27897,5,4,0,4,0
2020-04-26,Humboldt,023,135768,59,53,0,53,0
2020-04-26,Imperial,025,180216,446,272,0,272,6
2020-04-26,Inyo,027,18085,19,20,0,20,1
2020-04-26,Kern,029,883053,1075,831,1,832,4
2020-04-26,Kings,031,150075,182,33,1,34,1
2020-04-26,Lake,033,64148,8,6,0,6,0
2020-04-26,Lassen,035,31185,3,0,2,2,0
2020-04-26,Los Angeles,037,10098052,26233,19570,15,19585,901
2020-04-26,Madera,039,155013,82,39,1,40,2
2020-04-26,Marin,041,260295,238,225,1,226,12
2020-04-26,Mariposa,043,17540,14,0,0,0,0
2020-04-26,Mendocino,045,87422,12,5,0,5,0
2020-04-26,Merced,047,269075,166,104,0,104,3
2020-04-26,Modoc,049,8938,0,0,0,0,0
2020-04-26,Mono,051,14174,31,23,0,23,1
2020-04-26,Monterey,053,433212,246,182,0,182,4
2020-04-26,Napa,055,140530,76,62,0,62,2
2020-04-26,Nevada,057,99092,41,37,1,38,1
2020-04-26,Orange,059,3164182,3302,2124,25,2149,40
2020-04-26,Placer,061,380077,165,141,0,141,8
2020-04-26,Plumas,063,18699,4,4,0,4,0
2020-04-26,Riverside,065,2383286,4517,3301,15,3316,95
2020-04-26,Sacramento,067,1510023,1086,1027,0,1027,41
2020-04-26,San Benito,069,59416,50,45,0,45,2
2020-04-26,San Bernardino,071,2135413,2301,1681,1,1682,82
2020-04-26,San Diego,073,3302833,4068,3045,0,3045,111
2020-04-26,San Francisco,075,870044,1697,1403,0,1403,23
2020-04-26,San Joaquin,077,732212,573,514,3,517,25
2020-04-26,San Luis Obispo,079,281455,244,165,3,168,1
2020-04-26,San Mateo,081,765935,1370,1070,2,1072,46
2020-04-26,Santa Barbara,083,443738,509,464,2,466,7
2020-04-26,Santa Clara,085,1922200,2548,2097,6,2103,102
2020-04-26,Santa Cruz,087,273765,142,116,0,116,2
2020-04-26,Shasta,089,179085,35,29,0,29,4
2020-04-26,Sierra,091,2930,0,0,0,0,0
2020-04-26,Siskiyou,093,43540,5,5,0,5,0
2020-04-26,Solano,095,438530,285,205,0,205,3
2020-04-26,Sonoma,097,501317,258,216,0,216,1
2020-04-26,Stanislaus,099,539301,406,294,4,298,4
2020-04-26,Sutter,101,95872,29,26,0,26,2
2020-04-26,Tehama,103,63373,1,1,0,1,1
2020-04-26,Trinity,105,12862,1,0,0,0,0
2020-04-26,Tulare,107,460477,830,497,5,502,28
2020-04-26,Tuolumne,109,53932,3,3,0,3,0
2020-04-26,Ventura,111,848112,640,509,1,510,17
2020-04-26,Yolo,113,214977,183,158,0,158,8
2020-04-26,Yuba,115,75493,18,15,0,15,1
2020-04-25,Alameda,001,1643700,1726,1396,2,1398,52
2020-04-25,Alpine,003,1148,1,1,0,1,0
2020-04-25,Amador,005,37829,8,8,0,8,0
2020-04-25,Butte,007,227075,26,16,1,17,0
2020-04-25,Calaveras,009,45235,13,12,0,12,0
2020-04-25,Colusa,011,21464,3,3,0,3,0
2020-04-25,Contra Costa,013,1133247,950,821,0,821,24
2020-04-25,Del Norte,015,27424,2,2,0,2,0
2020-04-25,El Dorado,017,186661,57,41,0,41,0
2020-04-25,Fresno,019,978130,831,459,6,465,7
2020-04-25,Glenn,021,27897,5,4,0,4,0
2020-04-25,Humboldt,023,135768,59,53,0,53,0
2020-04-25,Imperial,025,180216,429,232,0,232,6
2020-04-25,Inyo,027,18085,19,20,0,20,1
2020-04-25,Kern,029,883053,1044,802,1,803,4
2020-04-25,Kings,031,150075,170,33,1,34,1
2020-04-25,Lake,033,64148,6,6,0,6,0
2020-04-25,Lassen,035,31185,3,0,2,2,0
2020-04-25,Los Angeles,037,10098052,25599,19144,15,19159,881
2020-04-25,Madera,039,155013,79,39,1,40,2
2020-04-25,Marin,041,260295,238,215,1,216,12
2020-04-25,Mariposa,043,17540,14,0,0,0,0
2020-04-25,Mendocino,045,87422,11,5,0,5,0
2020-04-25,Merced,047,269075,166,103,0,103,3
2020-04-25,Modoc,049,8938,0,0,0,0,0
2020-04-25,Mono,051,14174,31,23,0,23,1
2020-04-25,Monterey,053,433212,244,173,0,173,4
2020-04-25,Napa,055,140530,76,60,0,60,2
2020-04-25,Nevada,057,99092,41,37,1,38,1
2020-04-25,Orange,059,3164182,3194,2047,25,2072,40
2020-04-25,Placer,061,380077,165,137,0,137,8
2020-04-25,Plumas,063,18699,4,4,0,4,0
2020-04-25,Riverside,065,2383286,4427,3037,15,3052,93
2020-04-25,Sacramento,067,1510023,1084,1015,0,1015,41
2020-04-25,San Benito,069,59416,50,45,0,45,2
2020-04-25,San Bernardino,071,2135413,2255,1675,1,1676,82
2020-04-25,San Diego,073,3302833,3967,2945,0,2945,111
2020-04-25,San Francisco,075,870044,1672,1341,0,1341,22
2020-04-25,San Joaquin,077,732212,566,497,3,500,24
2020-04-25,San Luis Obispo,079,281455,243,159,3,162,1
2020-04-25,San Mateo,081,765935,1352,1054,2,1056,46
2020-04-25,Santa Barbara,083,443738,502,457,2,459,7
2020-04-25,Santa Clara,085,1922200,2526,2045,5,2050,99
2020-04-25,Santa Cruz,087,273765,142,112,0,112,2
2020-04-25,Shasta,089,179085,35,29,0,29,4
2020-04-25,Sierra,091,2930,0,0,0,0,0
2020-04-25,Siskiyou,093,43540,5,5,0,5,0
2020-04-25,Solano,095,438530,281,203,0,203,3
2020-04-25,Sonoma,097,501317,254,199,0,199,1
2020-04-25,Stanislaus,099,539301,398,276,4,280,4
2020-04-25,Sutter,101,95872,29,24,0,24,2
2020-04-25,Tehama,103,63373,1,1,0,1,1
2020-04-25,Trinity,105,12862,0,0,0,0,0
2020-04-25,Tulare,107,460477,797,478,5,483,28
2020-04-25,Tuolumne,109,53932,3,2,0,2,0
2020-04-25,Ventura,111,848112,626,494,1,495,16
2020-04-25,Yolo,113,214977,183,157,0,157,8
2020-04-25,Yuba,115,75493,17,15,0,15,1
2020-04-24,Alameda,001,1643700,1695,1385,2,1387,50
2020-04-24,Alpine,003,1148,1,1,0,1,0
2020-04-24,Amador,005,37829,8,8,0,8,0
2020-04-24,Butte,007,227075,25,15,1,16,0
2020-04-24,Calaveras,009,45235,13,12,0,12,0
2020-04-24,Colusa,011,21464,3,3,0,3,0
2020-04-24,Contra Costa,013,1133247,941,806,0,806,23
2020-04-24,Del Norte,015,27424,2,2,0,2,0
2020-04-24,El Dorado,017,186661,56,41,0,41,0
2020-04-24,Fresno,019,978130,808,449,6,455,7
2020-04-24,Glenn,021,27897,5,4,0,4,0
2020-04-24,Humboldt,023,135768,59,53,0,53,0
2020-04-24,Imperial,025,180216,413,232,0,232,6
2020-04-24,Inyo,027,18085,19,20,0,20,0
2020-04-24,Kern,029,883053,1020,770,1,771,4
2020-04-24,Kings,031,150075,141,30,1,31,1
2020-04-24,Lake,033,64148,6,6,0,6,0
2020-04-24,Lassen,035,31185,3,0,2,2,0
2020-04-24,Los Angeles,037,10098052,24669,18553,15,18568,836
2020-04-24,Madera,039,155013,79,39,1,40,2
2020-04-24,Marin,041,260295,238,211,1,212,11
2020-04-24,Mariposa,043,17540,8,0,0,0,0
2020-04-24,Mendocino,045,87422,11,5,0,5,0
2020-04-24,Merced,047,269075,163,102,0,102,3
2020-04-24,Modoc,049,8938,0,0,0,0,0
2020-04-24,Mono,051,14174,30,23,0,23,1
2020-04-24,Monterey,053,433212,237,167,0,167,4
2020-04-24,Napa,055,140530,75,59,0,59,2
2020-04-24,Nevada,057,99092,41,36,1,37,1
2020-04-24,Orange,059,3164182,3087,1945,25,1970,39
2020-04-24,Placer,061,380077,163,137,0,137,8
2020-04-24,Plumas,063,18699,4,4,0,4,0
2020-04-24,Riverside,065,2383286,4346,3044,15,3059,87
2020-04-24,Sacramento,067,1510023,1078,1009,0,1009,41
2020-04-24,San Benito,069,59416,50,45,0,45,2
2020-04-24,San Bernardino,071,2135413,2220,1667,1,1668,80
2020-04-24,San Diego,073,3302833,3856,2828,0,2828,102
2020-04-24,San Francisco,075,870044,1614,1345,0,1345,22
2020-04-24,San Joaquin,077,732212,559,484,3,487,24
2020-04-24,San Luis Obispo,079,281455,240,151,3,154,1
2020-04-24,San Mateo,081,765935,1329,1004,2,1006,43
2020-04-24,Santa Barbara,083,443738,496,450,2,452,6
2020-04-24,Santa Clara,085,1922200,2484,2026,5,2031,98
2020-04-24,Santa Cruz,087,273765,138,111,0,111,2
2020-04-24,Shasta,089,179085,35,28,0,28,4
2020-04-24,Sierra,091,2930,0,0,0,0,0
2020-04-24,Siskiyou,093,43540,5,5,0,5,0
2020-04-24,Solano,095,438530,279,203,0,203,3
2020-04-24,Sonoma,097,501317,250,199,0,199,1
2020-04-24,Stanislaus,099,539301,395,273,4,277,4
2020-04-24,Sutter,101,95872,28,24,0,24,2
2020-04-24,Tehama,103,63373,1,1,0,1,1
2020-04-24,Trinity,105,12862,0,0,0,0,0
2020-04-24,Tulare,107,460477,769,459,5,464,27
2020-04-24,Tuolumne,109,53932,3,2,0,2,0
2020-04-24,Ventura,111,848112,616,489,1,490,16
2020-04-24,Yolo,113,214977,182,155,0,155,8
2020-04-24,Yuba,115,75493,16,15,0,15,1
2020-04-23,Alameda,001,1643700,1657,1336,2,1338,46
2020-04-23,Alpine,003,1148,1,1,0,1,0
2020-04-23,Amador,005,37829,8,8,0,8,0
2020-04-23,Butte,007,227075,25,15,1,16,0
2020-04-23,Calaveras,009,45235,13,12,0,12,0
2020-04-23,Colusa,011,21464,3,3,0,3,0
2020-04-23,Contra Costa,013,1133247,920,786,0,786,23
2020-04-23,Del Norte,015,27424,2,2,0,2,0
2020-04-23,El Dorado,017,186661,55,39,0,39,0
2020-04-23,Fresno,019,978130,770,426,6,432,7
2020-04-23,Glenn,021,27897,5,3,0,3,0
2020-04-23,Humboldt,023,135768,59,53,0,53,0
2020-04-23,Imperial,025,180216,392,181,0,181,4
2020-04-23,Inyo,027,18085,19,19,0,19,0
2020-04-23,Kern,029,883053,972,732,1,733,4
2020-04-23,Kings,031,150075,126,28,1,29,1
2020-04-23,Lake,033,64148,6,6,0,6,0
2020-04-23,Lassen,035,31185,3,0,2,2,0
2020-04-23,Los Angeles,037,10098052,23609,17548,14,17562,784
2020-04-23,Madera,039,155013,77,37,1,38,2
2020-04-23,Marin,041,260295,225,209,1,210,11
2020-04-23,Mariposa,043,17540,7,0,0,0,0
2020-04-23,Mendocino,045,87422,9,5,0,5,0
2020-04-23,Merced,047,269075,159,98,0,98,3
2020-04-23,Modoc,049,8938,0,0,0,0,0
2020-04-23,Mono,051,14174,30,23,0,23,1
2020-04-23,Monterey,053,433212,233,161,0,161,4
2020-04-23,Napa,055,140530,68,59,0,59,2
2020-04-23,Nevada,057,99092,41,36,1,37,1
2020-04-23,Orange,059,3164182,2909,1841,24,1865,37
2020-04-23,Placer,061,380077,160,136,0,136,8
2020-04-23,Plumas,063,18699,4,4,0,4,0
2020-04-23,Riverside,065,2383286,4232,2935,14,2949,78
2020-04-23,Sacramento,067,1510023,1066,978,0,978,41
2020-04-23,San Benito,069,59416,47,43,0,43,2
2020-04-23,San Bernardino,071,2135413,2155,1604,1,1605,79
2020-04-23,San Diego,073,3302833,3695,2645,0,2645,100
2020-04-23,San Francisco,075,870044,1589,1312,0,1312,21
2020-04-23,San Joaquin,077,732212,549,479,3,482,20
2020-04-23,San Luis Obispo,079,281455,236,146,3,149,1
2020-04-23,San Mateo,081,765935,1290,970,2,972,42
2020-04-23,Santa Barbara,083,443738,490,445,2,447,6
2020-04-23,Santa Clara,085,1922200,2449,1996,5,2001,95
2020-04-23,Santa Cruz,087,273765,137,110,0,110,2
2020-04-23,Shasta,089,179085,35,27,0,27,3
2020-04-23,Sierra,091,2930,0,0,0,0,0
2020-04-23,Siskiyou,093,43540,5,5,0,5,0
2020-04-23,Solano,095,438530,265,196,0,196,3
2020-04-23,Sonoma,097,501317,238,187,0,187,1
2020-04-23,Stanislaus,099,539301,391,254,4,258,4
2020-04-23,Sutter,101,95872,28,24,0,24,2
2020-04-23,Tehama,103,63373,1,1,0,1,1
2020-04-23,Trinity,105,12862,0,0,0,0,0
2020-04-23,Tulare,107,460477,740,440,5,445,25
2020-04-23,Tuolumne,109,53932,3,2,0,2,0
2020-04-23,Ventura,111,848112,602,479,1,480,16
2020-04-23,Yolo,113,214977,179,151,0,151,8
2020-04-23,Yuba,115,75493,16,15,0,15,1
2020-04-22,Alameda,001,1643700,1608,1275,2,1277,46
2020-04-22,Alpine,003,1148,1,1,0,1,0
2020-04-22,Amador,005,37829,8,7,0,7,0
2020-04-22,Butte,007,227075,24,15,1,16,0
2020-04-22,Calaveras,009,45235,13,12,0,12,0
2020-04-22,Colusa,011,21464,3,3,0,3,0
2020-04-22,Contra Costa,013,1133247,905,772,0,772,22
2020-04-22,Del Norte,015,27424,2,2,0,2,0
2020-04-22,El Dorado,017,186661,55,39,0,39,0
2020-04-22,Fresno,019,978130,730,388,6,394,7
2020-04-22,Glenn,021,27897,5,3,0,3,0
2020-04-22,Humboldt,023,135768,59,53,0,53,0
2020-04-22,Imperial,025,180216,381,170,0,170,3
2020-04-22,Inyo,027,18085,19,18,0,18,0
2020-04-22,Kern,029,883053,950,713,1,714,4
2020-04-22,Kings,031,150075,105,28,1,29,1
2020-04-22,Lake,033,64148,6,6,0,6,0
2020-04-22,Lassen,035,31185,3,0,2,2,0
2020-04-22,Los Angeles,037,10098052,22582,16400,14,16414,715
2020-04-22,Madera,039,155013,75,37,1,38,2
2020-04-22,Marin,041,260295,223,202,1,203,11
2020-04-22,Mariposa,043,17540,6,0,0,0,0
2020-04-22,Mendocino,045,87422,6,5,0,5,0
2020-04-22,Merced,047,269075,147,92,0,92,3
2020-04-22,Modoc,049,8938,0,0,0,0,0
2020-04-22,Mono,051,14174,29,23,0,23,1
2020-04-22,Monterey,053,433212,226,154,0,154,4
2020-04-22,Napa,055,140530,67,58,0,58,2
2020-04-22,Nevada,057,99092,41,36,1,37,1
2020-04-22,Orange,059,3164182,2815,1785,23,1808,36
2020-04-22,Placer,061,380077,158,133,0,133,8
2020-04-22,Plumas,063,18699,4,4,0,4,0
2020-04-22,Riverside,065,2383286,4128,2822,14,2836,76
2020-04-22,Sacramento,067,1510023,1061,959,0,959,36
2020-04-22,San Benito,069,59416,46,43,0,43,2
2020-04-22,San Bernardino,071,2135413,2092,1564,1,1565,74
2020-04-22,San Diego,073,3302833,3567,2493,0,2493,96
2020-04-22,San Francisco,075,870044,1552,1255,0,1255,21
2020-04-22,San Joaquin,077,732212,538,462,3,465,20
2020-04-22,San Luis Obispo,079,281455,227,142,3,145,1
2020-04-22,San Mateo,081,765935,1267,945,2,947,40
2020-04-22,Santa Barbara,083,443738,485,437,2,439,6
2020-04-22,Santa Clara,085,1922200,2433,1969,5,1974,95
2020-04-22,Santa Cruz,087,273765,133,106,0,106,2
2020-04-22,Shasta,089,179085,34,26,0,26,3
2020-04-22,Sierra,091,2930,0,0,0,0,0
2020-04-22,Siskiyou,093,43540,5,5,0,5,0
2020-04-22,Solano,095,438530,247,195,0,195,3
2020-04-22,Sonoma,097,501317,235,185,0,185,1
2020-04-22,Stanislaus,099,539301,334,247,4,251,4
2020-04-22,Sutter,101,95872,28,22,0,22,2
2020-04-22,Tehama,103,63373,1,1,0,1,1
2020-04-22,Trinity,105,12862,0,0,0,0,0
2020-04-22,Tulare,107,460477,706,425,5,430,23
2020-04-22,Tuolumne,109,53932,3,2,0,2,0
2020-04-22,Ventura,111,848112,591,465,1,466,15
2020-04-22,Yolo,113,214977,178,147,0,147,8
2020-04-22,Yuba,115,75493,16,15,0,15,1
2020-04-21,Alameda,001,1643700,1578,1234,2,1236,46
2020-04-21,Alpine,003,1148,1,1,0,1,0
2020-04-21,Amador,005,37829,8,7,0,7,0
2020-04-21,Butte,007,227075,23,15,1,16,0
2020-04-21,Calaveras,009,45235,12,12,0,12,0
2020-04-21,Colusa,011,21464,3,3,0,3,0
2020-04-21,Contra Costa,013,1133247,891,766,0,766,22
2020-04-21,Del Norte,015,27424,2,2,0,2,0
2020-04-21,El Dorado,017,186661,54,36,0,36,0
2020-04-21,Fresno,019,978130,696,372,6,378,7
2020-04-21,Glenn,021,27897,5,3,0,3,0
2020-04-21,Humboldt,023,135768,58,53,0,53,0
2020-04-21,Imperial,025,180216,361,165,0,165,2
2020-04-21,Inyo,027,18085,19,18,0,18,0
2020-04-21,Kern,029,883053,908,676,1,677,4
2020-04-21,Kings,031,150075,91,28,1,29,1
2020-04-21,Lake,033,64148,6,6,0,6,0
2020-04-21,Lassen,035,31185,3,0,2,2,0
2020-04-21,Los Angeles,037,10098052,21722,15096,14,15110,650
2020-04-21,Madera,039,155013,75,37,1,38,2
2020-04-21,Marin,041,260295,217,202,1,203,10
2020-04-21,Mariposa,043,17540,5,0,0,0,0
2020-04-21,Mendocino,045,87422,6,5,0,5,0
2020-04-21,Merced,047,269075,143,89,0,89,3
2020-04-21,Modoc,049,8938,0,0,0,0,0
2020-04-21,Mono,051,14174,29,23,0,23,1
2020-04-21,Monterey,053,433212,223,151,0,151,4
2020-04-21,Napa,055,140530,66,58,0,58,2
2020-04-21,Nevada,057,99092,41,36,1,37,1
2020-04-21,Orange,059,3164182,2692,1717,22,1739,36
2020-04-21,Placer,061,380077,156,133,0,133,8
2020-04-21,Plumas,063,18699,4,4,0,4,0
2020-04-21,Riverside,065,2383286,3996,2631,14,2645,68
2020-04-21,Sacramento,067,1510023,1051,941,0,941,33
2020-04-21,San Benito,069,59416,44,43,0,43,2
2020-04-21,San Bernardino,071,2135413,2031,1499,1,1500,71
2020-04-21,San Diego,073,3302833,3411,2436,0,2436,87
2020-04-21,San Francisco,075,870044,1522,1232,0,1232,20
2020-04-21,San Joaquin,077,732212,528,447,3,450,20
2020-04-21,San Luis Obispo,079,281455,219,134,3,137,1
2020-04-21,San Mateo,081,765935,1221,933,2,935,34
2020-04-21,Santa Barbara,083,443738,476,414,2,416,5
2020-04-21,Santa Clara,085,1922200,2383,1943,5,1948,91
2020-04-21,Santa Cruz,087,273765,131,104,0,104,2
2020-04-21,Shasta,089,179085,33,26,0,26,3
2020-04-21,Sierra,091,2930,0,0,0,0,0
2020-04-21,Siskiyou,093,43540,5,5,0,5,0
2020-04-21,Solano,095,438530,239,193,0,193,3
2020-04-21,Sonoma,097,501317,225,182,0,182,1
2020-04-21,Stanislaus,099,539301,315,235,4,239,4
2020-04-21,Sutter,101,95872,28,22,0,22,2
2020-04-21,Tehama,103,63373,1,1,0,1,1
2020-04-21,Trinity,105,12862,0,0,0,0,0
2020-04-21,Tulare,107,460477,669,410,5,415,23
2020-04-21,Tuolumne,109,53932,3,2,0,2,0
2020-04-21,Ventura,111,848112,579,455,1,456,14
2020-04-21,Yolo,113,214977,176,143,0,143,8
2020-04-21,Yuba,115,75493,16,15,0,15,1
2020-04-20,Alameda,001,1643700,1545,1181,2,1183,42
2020-04-20,Alpine,003,1148,1,1,0,1,0
2020-04-20,Amador,005,37829,8,7,0,7,0
2020-04-20,Butte,007,227075,23,15,1,16,0
2020-04-20,Calaveras,009,45235,12,12,0,12,0
2020-04-20,Colusa,011,21464,3,3,0,3,0
2020-04-20,Contra Costa,013,1133247,881,753,0,753,22
2020-04-20,Del Norte,015,27424,2,2,0,2,0
2020-04-20,El Dorado,017,186661,54,36,0,36,0
2020-04-20,Fresno,019,978130,678,356,6,362,7
2020-04-20,Glenn,021,27897,4,3,0,3,0
2020-04-20,Humboldt,023,135768,58,53,0,53,0
2020-04-20,Imperial,025,180216,342,149,0,149,2
2020-04-20,Inyo,027,18085,19,17,0,17,0
2020-04-20,Kern,029,883053,876,651,1,652,3
2020-04-20,Kings,031,150075,80,19,1,20,1
2020-04-20,Lake,033,64148,6,6,0,6,0
2020-04-20,Lassen,035,31185,3,0,2,2,0
2020-04-20,Los Angeles,037,10098052,20805,13787,14,13801,608
2020-04-20,Madera,039,155013,74,35,1,36,2
2020-04-20,Marin,041,260295,213,200,1,201,10
2020-04-20,Mariposa,043,17540,5,0,0,0,0
2020-04-20,Mendocino,045,87422,6,5,0,5,0
2020-04-20,Merced,047,269075,136,88,0,88,3
2020-04-20,Modoc,049,8938,0,0,0,0,0
2020-04-20,Mono,051,14174,29,23,0,23,1
2020-04-20,Monterey,053,433212,214,147,0,147,4
2020-04-20,Napa,055,140530,66,55,0,55,2
2020-04-20,Nevada,057,99092,41,34,1,35,1
2020-04-20,Orange,059,3164182,2608,1679,22,1701,33
2020-04-20,Placer,061,380077,155,132,0,132,8
2020-04-20,Plumas,063,18699,4,4,0,4,0
2020-04-20,Riverside,065,2383286,3871,2477,14,2491,61
2020-04-20,Sacramento,067,1510023,1041,924,0,924,32
2020-04-20,San Benito,069,59416,44,43,0,43,2
2020-04-20,San Bernardino,071,2135413,1944,1344,1,1345,63
2020-04-20,San Diego,073,3302833,3269,2327,0,2327,72
2020-04-20,San Francisco,075,870044,1490,1223,0,1223,19
2020-04-20,San Joaquin,077,732212,524,422,3,425,17
2020-04-20,San Luis Obispo,079,281455,205,132,3,135,1
2020-04-20,San Mateo,081,765935,1198,890,2,892,31
2020-04-20,Santa Barbara,083,443738,469,388,2,390,4
2020-04-20,Santa Clara,085,1922200,2352,1920,5,1925,84
2020-04-20,Santa Cruz,087,273765,129,102,0,102,2
2020-04-20,Shasta,089,179085,33,26,0,26,3
2020-04-20,Sierra,091,2930,0,0,0,0,0
2020-04-20,Siskiyou,093,43540,5,5,0,5,0
2020-04-20,Solano,095,438530,236,185,0,185,2
2020-04-20,Sonoma,097,501317,217,178,0,178,1
2020-04-20,Stanislaus,099,539301,301,228,4,232,3
2020-04-20,Sutter,101,95872,27,22,0,22,2
2020-04-20,Tehama,103,63373,1,1,0,1,1
2020-04-20,Trinity,105,12862,0,0,0,0,0
2020-04-20,Tulare,107,460477,659,401,5,406,20
2020-04-20,Tuolumne,109,53932,3,2,0,2,0
2020-04-20,Ventura,111,848112,565,426,1,427,13
2020-04-20,Yolo,113,214977,175,125,0,125,5
2020-04-20,Yuba,115,75493,16,15,0,15,1
2020-04-19,Alameda,001,1643700,1495,1134,2,1136,41
2020-04-19,Alpine,003,1148,1,1,0,1,0
2020-04-19,Amador,005,37829,7,7,0,7,0
2020-04-19,Butte,007,227075,22,15,1,16,0
2020-04-19,Calaveras,009,45235,12,12,0,12,0
2020-04-19,Colusa,011,21464,3,3,0,3,0
2020-04-19,Contra Costa,013,1133247,865,731,0,731,20
2020-04-19,Del Norte,015,27424,2,2,0,2,0
2020-04-19,El Dorado,017,186661,54,36,0,36,0
2020-04-19,Fresno,019,978130,642,326,6,332,7
2020-04-19,Glenn,021,27897,4,3,0,3,0
2020-04-19,Humboldt,023,135768,58,53,0,53,0
2020-04-19,Imperial,025,180216,316,144,0,144,2
2020-04-19,Inyo,027,18085,19,17,0,17,0
2020-04-19,Kern,029,883053,851,629,1,630,3
2020-04-19,Kings,031,150075,70,17,1,18,1
2020-04-19,Lake,033,64148,6,6,0,6,0
2020-04-19,Lassen,035,31185,3,0,2,2,0
2020-04-19,Los Angeles,037,10098052,19809,12299,14,12313,589
2020-04-19,Madera,039,155013,72,34,1,35,2
2020-04-19,Marin,041,260295,212,194,1,195,10
2020-04-19,Mariposa,043,17540,2,0,0,0,0
2020-04-19,Mendocino,045,87422,6,4,0,4,0
2020-04-19,Merced,047,269075,131,85,0,85,3
2020-04-19,Modoc,049,8938,0,0,0,0,0
2020-04-19,Mono,051,14174,29,23,0,23,1
2020-04-19,Monterey,053,433212,205,140,0,140,4
2020-04-19,Napa,055,140530,64,49,0,49,2
2020-04-19,Nevada,057,99092,40,34,1,35,1
2020-04-19,Orange,059,3164182,2511,1591,21,1612,32
2020-04-19,Placer,061,380077,154,131,0,131,8
2020-04-19,Plumas,063,18699,4,4,0,4,0
2020-04-19,Riverside,065,2383286,3728,2316,14,2330,56
2020-04-19,Sacramento,067,1510023,1014,912,0,912,32
2020-04-19,San Benito,069,59416,42,40,0,40,2
2020-04-19,San Bernardino,071,2135413,1881,1262,1,1263,58
2020-04-19,San Diego,073,3302833,3102,2270,0,2270,71
2020-04-19,San Francisco,075,870044,1457,1153,0,1153,19
2020-04-19,San Joaquin,077,732212,506,404,3,407,17
2020-04-19,San Luis Obispo,079,281455,200,132,3,135,1
2020-04-19,San Mateo,081,765935,1162,845,2,847,31
2020-04-19,Santa Barbara,083,443738,462,377,2,379,3
2020-04-19,Santa Clara,085,1922200,2307,1878,5,1883,81
2020-04-19,Santa Cruz,087,273765,126,98,0,98,2
2020-04-19,Shasta,089,179085,31,26,0,26,3
2020-04-19,Sierra,091,2930,0,0,0,0,0
2020-04-19,Siskiyou,093,43540,5,5,0,5,0
2020-04-19,Solano,095,438530,228,174,0,174,2
2020-04-19,Sonoma,097,501317,211,172,0,172,1
2020-04-19,Stanislaus,099,539301,293,221,4,225,3
2020-04-19,Sutter,101,95872,26,21,0,21,2
2020-04-19,Tehama,103,63373,1,1,0,1,1
2020-04-19,Trinity,105,12862,0,0,0,0,0
2020-04-19,Tulare,107,460477,613,391,5,396,17
2020-04-19,Tuolumne,109,53932,3,2,0,2,0
2020-04-19,Ventura,111,848112,557,418,1,419,13
2020-04-19,Yolo,113,214977,175,120,0,120,5
2020-04-19,Yuba,115,75493,16,15,0,15,1
2020-04-18,Alameda,001,1643700,1470,1085,2,1087,40
2020-04-18,Alpine,003,1148,1,1,0,1,0
2020-04-18,Amador,005,37829,7,7,0,7,0
2020-04-18,Butte,007,227075,21,15,1,16,0
2020-04-18,Calaveras,009,45235,12,12,0,12,0
2020-04-18,Colusa,011,21464,3,3,0,3,0
2020-04-18,Contra Costa,013,1133247,853,721,0,721,17
2020-04-18,Del Norte,015,27424,2,2,0,2,0
2020-04-18,El Dorado,017,186661,54,36,0,36,0
2020-04-18,Fresno,019,978130,622,319,6,325,7
2020-04-18,Glenn,021,27897,4,3,0,3,0
2020-04-18,Humboldt,023,135768,58,52,0,52,0
2020-04-18,Imperial,025,180216,307,137,0,137,2
2020-04-18,Inyo,027,18085,19,17,0,17,0
2020-04-18,Kern,029,883053,829,626,1,627,3
2020-04-18,Kings,031,150075,69,17,1,18,1
2020-04-18,Lake,033,64148,6,6,0,6,0
2020-04-18,Lassen,035,31185,3,0,2,2,0
2020-04-18,Los Angeles,037,10098052,19282,11984,14,11998,566
2020-04-18,Madera,039,155013,71,34,1,35,2
2020-04-18,Marin,041,260295,210,193,1,194,10
2020-04-18,Mariposa,043,17540,2,0,0,0,0
2020-04-18,Mendocino,045,87422,6,4,0,4,0
2020-04-18,Merced,047,269075,129,82,0,82,3
2020-04-18,Modoc,049,8938,0,0,0,0,0
2020-04-18,Mono,051,14174,29,22,0,22,1
2020-04-18,Monterey,053,433212,201,135,0,135,3
2020-04-18,Napa,055,140530,64,49,0,49,2
2020-04-18,Nevada,057,99092,39,34,1,35,1
2020-04-18,Orange,059,3164182,2447,1569,20,1589,32
2020-04-18,Placer,061,380077,152,130,0,130,8
2020-04-18,Plumas,063,18699,4,4,0,4,0
2020-04-18,Riverside,065,2383286,3653,2257,14,2271,56
2020-04-18,Sacramento,067,1510023,1002,901,0,901,32
2020-04-18,San Benito,069,59416,42,40,0,40,2
2020-04-18,San Bernardino,071,2135413,1836,1255,1,1256,58
2020-04-18,San Diego,073,3302833,3000,2215,0,2215,71
2020-04-18,San Francisco,075,870044,1418,1144,0,1144,19
2020-04-18,San Joaquin,077,732212,497,392,3,395,17
2020-04-18,San Luis Obispo,079,281455,196,129,3,132,1
2020-04-18,San Mateo,081,765935,1140,821,2,823,31
2020-04-18,Santa Barbara,083,443738,456,372,2,374,3
2020-04-18,Santa Clara,085,1922200,2274,1862,5,1867,79
2020-04-18,Santa Cruz,087,273765,124,96,0,96,2
2020-04-18,Shasta,089,179085,31,26,0,26,3
2020-04-18,Sierra,091,2930,0,0,0,0,0
2020-04-18,Siskiyou,093,43540,5,5,0,5,0
2020-04-18,Solano,095,438530,225,175,0,175,2
2020-04-18,Sonoma,097,501317,207,168,0,168,1
2020-04-18,Stanislaus,099,539301,285,216,4,220,3
2020-04-18,Sutter,101,95872,26,21,0,21,2
2020-04-18,Tehama,103,63373,1,1,0,1,1
2020-04-18,Trinity,105,12862,0,0,0,0,0
2020-04-18,Tulare,107,460477,602,385,5,390,17
2020-04-18,Tuolumne,109,53932,3,2,0,2,0
2020-04-18,Ventura,111,848112,549,416,1,417,13
2020-04-18,Yolo,113,214977,173,118,0,118,5
2020-04-18,Yuba,115,75493,16,14,0,14,1
2020-04-17,Alameda,001,1643700,1414,1043,1,1044,40
2020-04-17,Alpine,003,1148,1,1,0,1,0
2020-04-17,Amador,005,37829,7,7,0,7,0
2020-04-17,Butte,007,227075,21,15,1,16,0
2020-04-17,Calaveras,009,45235,12,11,0,11,0
2020-04-17,Colusa,011,21464,3,3,0,3,0
2020-04-17,Contra Costa,013,1133247,842,687,0,687,15
2020-04-17,Del Norte,015,27424,2,2,0,2,0
2020-04-17,El Dorado,017,186661,54,35,0,35,0
2020-04-17,Fresno,019,978130,600,315,6,321,7
2020-04-17,Glenn,021,27897,4,3,0,3,0
2020-04-17,Humboldt,023,135768,57,52,0,52,0
2020-04-17,Imperial,025,180216,298,135,0,135,2
2020-04-17,Inyo,027,18085,19,17,0,17,0
2020-04-17,Kern,029,883053,809,612,1,613,3
2020-04-17,Kings,031,150075,67,15,1,16,1
2020-04-17,Lake,033,64148,6,6,0,6,0
2020-04-17,Lassen,035,31185,3,0,2,2,0
2020-04-17,Los Angeles,037,10098052,18641,11354,14,11368,489
2020-04-17,Madera,039,155013,71,34,1,35,2
2020-04-17,Marin,041,260295,207,189,1,190,10
2020-04-17,Mariposa,043,17540,1,0,0,0,0
2020-04-17,Mendocino,045,87422,6,4,0,4,0
2020-04-17,Merced,047,269075,128,80,0,80,3
2020-04-17,Modoc,049,8938,0,0,0,0,0
2020-04-17,Mono,051,14174,29,22,0,22,1
2020-04-17,Monterey,053,433212,196,119,0,119,3
2020-04-17,Napa,055,140530,62,46,0,46,2
2020-04-17,Nevada,057,99092,38,34,1,35,1
2020-04-17,Orange,059,3164182,2396,1496,20,1516,31
2020-04-17,Placer,061,380077,152,130,0,130,8
2020-04-17,Plumas,063,18699,4,4,0,4,0
2020-04-17,Riverside,065,2383286,3526,2080,14,2094,50
2020-04-17,Sacramento,067,1510023,995,882,0,882,32
2020-04-17,San Benito,069,59416,42,38,0,38,2
2020-04-17,San Bernardino,071,2135413,1797,1229,1,1230,57
2020-04-17,San Diego,073,3302833,2910,2160,0,2160,70
2020-04-17,San Francisco,075,870044,1392,1090,0,1090,19
2020-04-17,San Joaquin,077,732212,486,356,3,359,17
2020-04-17,San Luis Obispo,079,281455,189,116,3,119,1
2020-04-17,San Mateo,081,765935,1124,768,2,770,31
2020-04-17,Santa Barbara,083,443738,451,349,2,351,3
2020-04-17,Santa Clara,085,1922200,2238,1834,5,1839,74
2020-04-17,Santa Cruz,087,273765,123,94,0,94,2
2020-04-17,Shasta,089,179085,31,26,0,26,3
2020-04-17,Sierra,091,2930,0,0,0,0,0
2020-04-17,Siskiyou,093,43540,5,5,0,5,0
2020-04-17,Solano,095,438530,224,173,0,173,2
2020-04-17,Sonoma,097,501317,204,167,0,167,1
2020-04-17,Stanislaus,099,539301,283,201,4,205,3
2020-04-17,Sutter,101,95872,26,20,0,20,2
2020-04-17,Tehama,103,63373,1,1,0,1,1
2020-04-17,Trinity,105,12862,0,0,0,0,0
2020-04-17,Tulare,107,460477,595,370,5,375,17
2020-04-17,Tuolumne,109,53932,3,2,0,2,0
2020-04-17,Ventura,111,848112,544,398,1,399,13
2020-04-17,Yolo,113,214977,172,117,0,117,5
2020-04-17,Yuba,115,75493,16,14,0,14,1
2020-04-16,Alameda,001,1643700,1379,981,1,982,39
2020-04-16,Alpine,003,1148,1,1,0,1,0
2020-04-16,Amador,005,37829,7,7,0,7,0
2020-04-16,Butte,007,227075,20,15,1,16,0
2020-04-16,Calaveras,009,45235,12,10,0,10,0
2020-04-16,Colusa,011,21464,3,3,0,3,0
2020-04-16,Contra Costa,013,1133247,828,675,0,675,14
2020-04-16,Del Norte,015,27424,2,2,0,2,0
2020-04-16,El Dorado,017,186661,53,34,0,34,0
2020-04-16,Fresno,019,978130,570,289,6,295,7
2020-04-16,Glenn,021,27897,4,3,0,3,0
2020-04-16,Humboldt,023,135768,57,47,0,47,0
2020-04-16,Imperial,025,180216,284,132,0,132,2
2020-04-16,Inyo,027,18085,17,17,0,17,0
2020-04-16,Kern,029,883053,782,587,1,588,3
2020-04-16,Kings,031,150075,63,12,1,13,1
2020-04-16,Lake,033,64148,6,6,0,6,0
2020-04-16,Lassen,035,31185,3,0,2,2,0
2020-04-16,Los Angeles,037,10098052,17754,10786,14,10800,447
2020-04-16,Madera,039,155013,69,34,1,35,2
2020-04-16,Marin,041,260295,203,170,1,171,10
2020-04-16,Mariposa,043,17540,1,1,0,1,0
2020-04-16,Mendocino,045,87422,6,4,0,4,0
2020-04-16,Merced,047,269075,122,76,0,76,3
2020-04-16,Modoc,049,8938,0,0,0,0,0
2020-04-16,Mono,051,14174,29,22,0,22,1
2020-04-16,Monterey,053,433212,193,116,0,116,3
2020-04-16,Napa,055,140530,59,44,0,44,2
2020-04-16,Nevada,057,99092,38,34,1,35,1
2020-04-16,Orange,059,3164182,2331,1439,19,1458,28
2020-04-16,Placer,061,380077,150,129,0,129,7
2020-04-16,Plumas,063,18699,4,4,0,4,0
2020-04-16,Riverside,065,2383286,3406,1913,14,1927,45
2020-04-16,Sacramento,067,1510023,987,865,0,865,32
2020-04-16,San Benito,069,59416,42,36,0,36,2
2020-04-16,San Bernardino,071,2135413,1715,1143,0,1143,54
2020-04-16,San Diego,073,3302833,2802,2089,0,2089,63
2020-04-16,San Francisco,075,870044,1348,1039,0,1039,16
2020-04-16,San Joaquin,077,732212,471,345,3,348,17
2020-04-16,San Luis Obispo,079,281455,185,113,3,116,1
2020-04-16,San Mateo,081,765935,1095,745,2,747,29
2020-04-16,Santa Barbara,083,443738,440,331,2,333,3
2020-04-16,Santa Clara,085,1922200,2201,1789,5,1794,70
2020-04-16,Santa Cruz,087,273765,121,90,0,90,2
2020-04-16,Shasta,089,179085,31,25,0,25,3
2020-04-16,Sierra,091,2930,0,0,0,0,0
2020-04-16,Siskiyou,093,43540,5,5,0,5,0
2020-04-16,Solano,095,438530,221,162,0,162,2
2020-04-16,Sonoma,097,501317,199,145,0,145,1
2020-04-16,Stanislaus,099,539301,280,185,4,189,3
2020-04-16,Sutter,101,95872,25,21,0,21,2
2020-04-16,Tehama,103,63373,1,1,0,1,1
2020-04-16,Trinity,105,12862,0,0,0,0,0
2020-04-16,Tulare,107,460477,578,305,5,310,16
2020-04-16,Tuolumne,109,53932,3,1,0,1,0
2020-04-16,Ventura,111,848112,532,384,1,385,13
2020-04-16,Yolo,113,214977,170,98,0,98,4
2020-04-16,Yuba,115,75493,15,14,0,14,1
2020-04-15,Alameda,001,1643700,1329,915,1,916,38
2020-04-15,Alpine,003,1148,1,1,0,1,0
2020-04-15,Amador,005,37829,7,7,0,7,0
2020-04-15,Butte,007,227075,20,14,1,15,0
2020-04-15,Calaveras,009,45235,11,9,0,9,0
2020-04-15,Colusa,011,21464,3,3,0,3,0
2020-04-15,Contra Costa,013,1133247,806,645,0,645,14
2020-04-15,Del Norte,015,27424,2,2,0,2,0
2020-04-15,El Dorado,017,186661,51,33,0,33,0
2020-04-15,Fresno,019,978130,544,264,6,270,7
2020-04-15,Glenn,021,27897,4,3,0,3,0
2020-04-15,Humboldt,023,135768,57,47,0,47,0
2020-04-15,Imperial,025,180216,257,115,0,115,2
2020-04-15,Inyo,027,18085,17,12,0,12,0
2020-04-15,Kern,029,883053,760,500,1,501,3
2020-04-15,Kings,031,150075,59,12,1,13,1
2020-04-15,Lake,033,64148,6,4,0,4,0
2020-04-15,Lassen,035,31185,3,0,2,2,0
2020-04-15,Los Angeles,037,10098052,16931,10416,13,10429,394
2020-04-15,Madera,039,155013,69,30,1,31,2
2020-04-15,Marin,041,260295,200,162,1,163,10
2020-04-15,Mariposa,043,17540,0,0,0,0,0
2020-04-15,Mendocino,045,87422,5,4,0,4,0
2020-04-15,Merced,047,269075,120,74,0,74,3
2020-04-15,Modoc,049,8938,0,0,0,0,0
2020-04-15,Mono,051,14174,29,22,0,22,1
2020-04-15,Monterey,053,433212,185,106,0,106,3
2020-04-15,Napa,055,140530,56,34,0,34,2
2020-04-15,Nevada,057,99092,37,34,1,35,1
2020-04-15,Orange,059,3164182,2228,1377,19,1396,24
2020-04-15,Placer,061,380077,149,123,0,123,6
2020-04-15,Plumas,063,18699,4,4,0,4,0
2020-04-15,Riverside,065,2383286,3211,1723,14,1737,42
2020-04-15,Sacramento,067,1510023,978,839,0,839,32
2020-04-15,San Benito,069,59416,42,34,0,34,2
2020-04-15,San Bernardino,071,2135413,1645,1063,0,1063,45
2020-04-15,San Diego,073,3302833,2714,2014,0,2014,60
2020-04-15,San Francisco,075,870044,1312,1006,0,1006,16
2020-04-15,San Joaquin,077,732212,463,329,3,332,17
2020-04-15,San Luis Obispo,079,281455,177,112,3,115,1
2020-04-15,San Mateo,081,765935,1046,707,2,709,28
2020-04-15,Santa Barbara,083,443738,424,317,2,319,2
2020-04-15,Santa Clara,085,1922200,2162,1692,5,1697,69
2020-04-15,Santa Cruz,087,273765,117,92,0,92,2
2020-04-15,Shasta,089,179085,31,25,0,25,3
2020-04-15,Sierra,091,2930,0,0,0,0,0
2020-04-15,Siskiyou,093,43540,5,5,0,5,0
2020-04-15,Solano,095,438530,216,153,0,153,2
2020-04-15,Sonoma,097,501317,197,140,0,140,1
2020-04-15,Stanislaus,099,539301,273,174,4,178,3
2020-04-15,Sutter,101,95872,25,19,0,19,2
2020-04-15,Tehama,103,63373,1,1,0,1,1
2020-04-15,Trinity,105,12862,0,0,0,0,0
2020-04-15,Tulare,107,460477,560,289,5,294,14
2020-04-15,Tuolumne,109,53932,3,1,0,1,0
2020-04-15,Ventura,111,848112,517,365,1,366,13
2020-04-15,Yolo,113,214977,163,93,0,93,3
2020-04-15,Yuba,115,75493,15,15,0,15,1
2020-04-14,Alameda,001,1643700,1284,843,1,844,30
2020-04-14,Alpine,003,1148,1,1,0,1,0
2020-04-14,Amador,005,37829,7,6,0,6,0
2020-04-14,Butte,007,227075,20,13,1,14,0
2020-04-14,Calaveras,009,45235,11,5,0,5,0
2020-04-14,Colusa,011,21464,3,3,0,3,0
2020-04-14,Contra Costa,013,1133247,794,617,0,617,12
2020-04-14,Del Norte,015,27424,2,2,0,2,0
2020-04-14,El Dorado,017,186661,51,30,0,30,0
2020-04-14,Fresno,019,978130,521,244,6,250,6
2020-04-14,Glenn,021,27897,4,3,0,3,0
2020-04-14,Humboldt,023,135768,57,44,0,44,0
2020-04-14,Imperial,025,180216,237,86,0,86,2
2020-04-14,Inyo,027,18085,17,12,0,12,0
2020-04-14,Kern,029,883053,736,453,1,454,3
2020-04-14,Kings,031,150075,58,12,1,13,1
2020-04-14,Lake,033,64148,6,3,0,3,0
2020-04-14,Lassen,035,31185,3,0,2,2,0
2020-04-14,Los Angeles,037,10098052,16036,9948,12,9960,357
2020-04-14,Madera,039,155013,68,29,1,30,2
2020-04-14,Marin,041,260295,196,147,1,148,9
2020-04-14,Mariposa,043,17540,0,0,0,0,0
2020-04-14,Mendocino,045,87422,5,4,0,4,0
2020-04-14,Merced,047,269075,113,61,0,61,3
2020-04-14,Modoc,049,8938,0,0,0,0,0
2020-04-14,Mono,051,14174,29,22,0,22,1
2020-04-14,Monterey,053,433212,180,98,0,98,3
2020-04-14,Napa,055,140530,56,33,0,33,2
2020-04-14,Nevada,057,99092,37,34,1,35,1
2020-04-14,Orange,059,3164182,2126,1362,19,1381,24
2020-04-14,Placer,061,380077,148,117,0,117,5
2020-04-14,Plumas,063,18699,4,3,0,3,0
2020-04-14,Riverside,065,2383286,3076,1467,14,1481,40
2020-04-14,Sacramento,067,1510023,969,737,0,737,29
2020-04-14,San Benito,069,59416,39,34,0,34,2
2020-04-14,San Bernardino,071,2135413,1590,933,0,933,37
2020-04-14,San Diego,073,3302833,2619,1932,0,1932,53
2020-04-14,San Francisco,075,870044,1258,968,0,968,14
2020-04-14,San Joaquin,077,732212,453,280,3,283,17
2020-04-14,San Luis Obispo,079,281455,174,109,3,112,1
2020-04-14,San Mateo,081,765935,1012,681,2,683,28
2020-04-14,Santa Barbara,083,443738,400,292,2,294,2
2020-04-14,Santa Clara,085,1922200,2129,1561,5,1566,63
2020-04-14,Santa Cruz,087,273765,109,84,0,84,2
2020-04-14,Shasta,089,179085,31,24,0,24,3
2020-04-14,Sierra,091,2930,0,0,0,0,0
2020-04-14,Siskiyou,093,43540,5,5,0,5,0
2020-04-14,Solano,095,438530,213,140,0,140,2
2020-04-14,Sonoma,097,501317,193,133,0,133,1
2020-04-14,Stanislaus,099,539301,260,136,4,140,3
2020-04-14,Sutter,101,95872,24,19,0,19,2
2020-04-14,Tehama,103,63373,1,1,0,1,1
2020-04-14,Trinity,105,12862,0,0,0,0,0
2020-04-14,Tulare,107,460477,536,228,5,233,12
2020-04-14,Tuolumne,109,53932,3,0,0,0,0
2020-04-14,Ventura,111,848112,504,328,1,329,11
2020-04-14,Yolo,113,214977,160,81,0,81,3
2020-04-14,Yuba,115,75493,14,14,0,14,1
2020-04-13,Alameda,001,1643700,1245,821,1,822,23
2020-04-13,Alpine,003,1148,1,1,0,1,0
2020-04-13,Amador,005,37829,7,6,0,6,0
2020-04-13,Butte,007,227075,20,13,1,14,0
2020-04-13,Calaveras,009,45235,10,5,0,5,0
2020-04-13,Colusa,011,21464,3,3,0,3,0
2020-04-13,Contra Costa,013,1133247,778,569,0,569,12
2020-04-13,Del Norte,015,27424,2,2,0,2,0
2020-04-13,El Dorado,017,186661,49,29,0,29,0
2020-04-13,Fresno,019,978130,499,205,5,210,4
2020-04-13,Glenn,021,27897,4,3,0,3,0
2020-04-13,Humboldt,023,135768,57,44,0,44,0
2020-04-13,Imperial,025,180216,219,82,0,82,2
2020-04-13,Inyo,027,18085,17,12,0,12,0
2020-04-13,Kern,029,883053,711,346,1,347,3
2020-04-13,Kings,031,150075,54,9,1,10,0
2020-04-13,Lake,033,64148,6,3,0,3,0
2020-04-13,Lassen,035,31185,3,0,2,2,0
2020-04-13,Los Angeles,037,10098052,15321,9367,12,9379,317
2020-04-13,Madera,039,155013,66,29,1,30,2
2020-04-13,Marin,041,260295,192,144,1,145,6
2020-04-13,Mariposa,043,17540,0,0,0,0,0
2020-04-13,Mendocino,045,87422,5,4,0,4,0
2020-04-13,Merced,047,269075,112,60,0,60,3
2020-04-13,Modoc,049,8938,0,0,0,0,0
2020-04-13,Mono,051,14174,29,21,0,21,1
2020-04-13,Monterey,053,433212,173,86,0,86,3
2020-04-13,Napa,055,140530,55,30,0,30,2
2020-04-13,Nevada,057,99092,37,24,1,25,1
2020-04-13,Orange,059,3164182,2053,1313,19,1332,21
2020-04-13,Placer,061,380077,147,116,0,116,5
2020-04-13,Plumas,063,18699,4,3,0,3,0
2020-04-13,Riverside,065,2383286,2935,1460,13,1473,35
2020-04-13,Sacramento,067,1510023,957,723,0,723,25
2020-04-13,San Benito,069,59416,38,33,0,33,2
2020-04-13,San Bernardino,071,2135413,1515,920,0,920,30
2020-04-13,San Diego,073,3302833,2536,1849,0,1849,47
2020-04-13,San Francisco,075,870044,1220,948,0,948,12
2020-04-13,San Joaquin,077,732212,438,255,3,258,16
2020-04-13,San Luis Obispo,079,281455,169,106,3,109,1
2020-04-13,San Mateo,081,765935,972,679,2,681,25
2020-04-13,Santa Barbara,083,443738,381,271,1,272,2
2020-04-13,Santa Clara,085,1922200,2083,1540,5,1545,58
2020-04-13,Santa Cruz,087,273765,103,82,0,82,1
2020-04-13,Shasta,089,179085,30,24,0,24,3
2020-04-13,Sierra,091,2930,0,0,0,0,0
2020-04-13,Siskiyou,093,43540,5,5,0,5,0
2020-04-13,Solano,095,438530,210,136,0,136,2
2020-04-13,Sonoma,097,501317,186,133,0,133,1
2020-04-13,Stanislaus,099,539301,254,130,4,134,1
2020-04-13,Sutter,101,95872,24,18,0,18,2
2020-04-13,Tehama,103,63373,1,1,0,1,0
2020-04-13,Trinity,105,12862,0,0,0,0,0
2020-04-13,Tulare,107,460477,500,185,5,190,11
2020-04-13,Tuolumne,109,53932,3,0,0,0,0
2020-04-13,Ventura,111,848112,483,309,0,309,9
2020-04-13,Yolo,113,214977,153,81,0,81,3
2020-04-13,Yuba,115,75493,14,13,0,13,1
2020-04-12,Alameda,001,1643700,1202,774,1,775,23
2020-04-12,Alpine,003,1148,1,1,0,1,0
2020-04-12,Amador,005,37829,7,6,0,6,0
2020-04-12,Butte,007,227075,20,13,1,14,0
2020-04-12,Calaveras,009,45235,10,5,0,5,0
2020-04-12,Colusa,011,21464,3,3,0,3,0
2020-04-12,Contra Costa,013,1133247,765,553,0,553,12
2020-04-12,Del Norte,015,27424,2,2,0,2,0
2020-04-12,El Dorado,017,186661,49,28,0,28,0
2020-04-12,Fresno,019,978130,470,205,5,210,4
2020-04-12,Glenn,021,27897,4,3,0,3,0
2020-04-12,Humboldt,023,135768,57,43,0,43,0
2020-04-12,Imperial,025,180216,196,78,0,78,2
2020-04-12,Inyo,027,18085,15,12,0,12,0
2020-04-12,Kern,029,883053,679,319,0,319,3
2020-04-12,Kings,031,150075,52,9,1,10,0
2020-04-12,Lake,033,64148,6,3,0,3,0
2020-04-12,Lassen,035,31185,3,0,2,2,0
2020-04-12,Los Angeles,037,10098052,14606,9133,12,9145,294
2020-04-12,Madera,039,155013,65,29,1,30,2
2020-04-12,Marin,041,260295,181,138,1,139,6
2020-04-12,Mariposa,043,17540,0,0,0,0,0
2020-04-12,Mendocino,045,87422,5,4,0,4,0
2020-04-12,Merced,047,269075,106,58,0,58,3
2020-04-12,Modoc,049,8938,0,0,0,0,0
2020-04-12,Mono,051,14174,29,20,0,20,1
2020-04-12,Monterey,053,433212,159,85,0,85,3
2020-04-12,Napa,055,140530,53,29,0,29,2
2020-04-12,Nevada,057,99092,37,24,1,25,1
2020-04-12,Orange,059,3164182,1993,1283,18,1301,21
2020-04-12,Placer,061,380077,146,114,0,114,4
2020-04-12,Plumas,063,18699,4,3,0,3,0
2020-04-12,Riverside,065,2383286,2753,1330,13,1343,34
2020-04-12,Sacramento,067,1510023,920,689,0,689,25
2020-04-12,San Benito,069,59416,36,33,0,33,2
2020-04-12,San Bernardino,071,2135413,1439,827,0,827,30
2020-04-12,San Diego,073,3302833,2446,1806,0,1806,45
2020-04-12,San Francisco,075,870044,1193,886,0,886,11
2020-04-12,San Joaquin,077,732212,420,246,3,249,15
2020-04-12,San Luis Obispo,079,281455,166,102,2,104,1
2020-04-12,San Mateo,081,765935,946,664,2,666,25
2020-04-12,Santa Barbara,083,443738,362,261,1,262,2
2020-04-12,Santa Clara,085,1922200,2055,1461,5,1466,53
2020-04-12,Santa Cruz,087,273765,102,80,0,80,1
2020-04-12,Shasta,089,179085,30,24,0,24,3
2020-04-12,Sierra,091,2930,0,0,0,0,0
2020-04-12,Siskiyou,093,43540,5,5,0,5,0
2020-04-12,Solano,095,438530,204,136,0,136,2
2020-04-12,Sonoma,097,501317,183,131,0,131,1
2020-04-12,Stanislaus,099,539301,246,117,4,121,1
2020-04-12,Sutter,101,95872,23,18,0,18,2
2020-04-12,Tehama,103,63373,1,1,0,1,0
2020-04-12,Trinity,105,12862,0,0,0,0,0
2020-04-12,Tulare,107,460477,488,166,5,171,11
2020-04-12,Tuolumne,109,53932,3,0,0,0,0
2020-04-12,Ventura,111,848112,473,306,0,306,9
2020-04-12,Yolo,113,214977,139,67,0,67,3
2020-04-12,Yuba,115,75493,14,13,0,13,1
2020-04-11,Alameda,001,1643700,1161,751,1,752,23
2020-04-11,Alpine,003,1148,1,1,0,1,0
2020-04-11,Amador,005,37829,7,6,0,6,0
2020-04-11,Butte,007,227075,20,13,1,14,0
2020-04-11,Calaveras,009,45235,10,5,0,5,0
2020-04-11,Colusa,011,21464,3,3,0,3,0
2020-04-11,Contra Costa,013,1133247,756,550,0,550,12
2020-04-11,Del Norte,015,27424,2,2,0,2,0
2020-04-11,El Dorado,017,186661,48,29,0,29,0
2020-04-11,Fresno,019,978130,460,201,5,206,4
2020-04-11,Glenn,021,27897,4,3,0,3,0
2020-04-11,Humboldt,023,135768,57,38,0,38,0
2020-04-11,Imperial,025,180216,186,78,0,78,2
2020-04-11,Inyo,027,18085,15,12,0,12,0
2020-04-11,Kern,029,883053,651,304,0,304,3
2020-04-11,Kings,031,150075,49,9,1,10,0
2020-04-11,Lake,033,64148,6,3,0,3,0
2020-04-11,Lassen,035,31185,3,0,2,2,0
2020-04-11,Los Angeles,037,10098052,14135,8823,12,8835,262
2020-04-11,Madera,039,155013,64,29,1,30,2
2020-04-11,Marin,041,260295,178,136,1,137,6
2020-04-11,Mariposa,043,17540,0,0,0,0,0
2020-04-11,Mendocino,045,87422,5,4,0,4,0
2020-04-11,Merced,047,269075,103,59,0,59,3
2020-04-11,Modoc,049,8938,0,0,0,0,0
2020-04-11,Mono,051,14174,29,20,0,20,1
2020-04-11,Monterey,053,433212,153,78,0,78,3
2020-04-11,Napa,055,140530,53,29,0,29,2
2020-04-11,Nevada,057,99092,37,24,1,25,1
2020-04-11,Orange,059,3164182,1931,1267,18,1285,21
2020-04-11,Placer,061,380077,146,113,0,113,4
2020-04-11,Plumas,063,18699,4,3,0,3,0
2020-04-11,Riverside,065,2383286,2674,1260,13,1273,33
2020-04-11,Sacramento,067,1510023,909,685,0,685,25
2020-04-11,San Benito,069,59416,36,33,0,33,2
2020-04-11,San Bernardino,071,2135413,1403,826,0,826,28
2020-04-11,San Diego,073,3302833,2380,1763,0,1763,45
2020-04-11,San Francisco,075,870044,1171,860,0,860,11
2020-04-11,San Joaquin,077,732212,415,244,3,247,15
2020-04-11,San Luis Obispo,079,281455,166,100,1,101,1
2020-04-11,San Mateo,081,765935,934,662,2,664,25
2020-04-11,Santa Barbara,083,443738,354,258,1,259,2
2020-04-11,Santa Clara,085,1922200,1996,1441,5,1446,51
2020-04-11,Santa Cruz,087,273765,102,79,0,79,1
2020-04-11,Shasta,089,179085,30,24,0,24,3
2020-04-11,Sierra,091,2930,0,0,0,0,0
2020-04-11,Siskiyou,093,43540,5,5,0,5,0
2020-04-11,Solano,095,438530,200,138,0,138,2
2020-04-11,Sonoma,097,501317,181,131,0,131,1
2020-04-11,Stanislaus,099,539301,238,119,3,122,1
2020-04-11,Sutter,101,95872,23,18,0,18,2
2020-04-11,Tehama,103,63373,1,1,0,1,0
2020-04-11,Trinity,105,12862,0,0,0,0,0
2020-04-11,Tulare,107,460477,466,168,5,173,10
2020-04-11,Tuolumne,109,53932,3,0,0,0,0
2020-04-11,Ventura,111,848112,463,304,0,304,9
2020-04-11,Yolo,113,214977,136,67,0,67,3
2020-04-11,Yuba,115,75493,14,13,0,13,1
2020-04-10,Alameda,001,1643700,1120,706,1,707,21
2020-04-10,Alpine,003,1148,1,1,0,1,0
2020-04-10,Amador,005,37829,7,5,0,5,0
2020-04-10,Butte,007,227075,20,13,1,14,0
2020-04-10,Calaveras,009,45235,10,5,0,5,0
2020-04-10,Colusa,011,21464,3,3,0,3,0
2020-04-10,Contra Costa,013,1133247,743,537,0,537,10
2020-04-10,Del Norte,015,27424,2,2,0,2,0
2020-04-10,El Dorado,017,186661,48,26,0,26,0
2020-04-10,Fresno,019,978130,453,186,4,190,3
2020-04-10,Glenn,021,27897,4,3,0,3,0
2020-04-10,Humboldt,023,135768,57,36,0,36,0
2020-04-10,Imperial,025,180216,179,70,0,70,2
2020-04-10,Inyo,027,18085,13,11,0,11,0
2020-04-10,Kern,029,883053,627,272,0,272,3
2020-04-10,Kings,031,150075,46,7,1,8,0
2020-04-10,Lake,033,64148,6,3,0,3,0
2020-04-10,Lassen,035,31185,3,0,2,2,0
2020-04-10,Los Angeles,037,10098052,13620,8384,11,8395,239
2020-04-10,Madera,039,155013,63,29,1,30,2
2020-04-10,Marin,041,260295,173,128,1,129,6
2020-04-10,Mariposa,043,17540,0,0,0,0,0
2020-04-10,Mendocino,045,87422,5,4,0,4,0
2020-04-10,Merced,047,269075,100,56,0,56,3
2020-04-10,Modoc,049,8938,0,0,0,0,0
2020-04-10,Mono,051,14174,29,20,0,20,1
2020-04-10,Monterey,053,433212,142,78,0,78,3
2020-04-10,Napa,055,140530,50,28,0,28,2
2020-04-10,Nevada,057,99092,37,23,1,24,1
2020-04-10,Orange,059,3164182,1884,1167,18,1185,21
2020-04-10,Placer,061,380077,145,112,0,112,4
2020-04-10,Plumas,063,18699,4,3,0,3,0
2020-04-10,Riverside,065,2383286,2608,1162,13,1175,30
2020-04-10,Sacramento,067,1510023,900,642,0,642,24
2020-04-10,San Benito,069,59416,36,32,0,32,2
2020-04-10,San Bernardino,071,2135413,1355,779,0,779,27
2020-04-10,San Diego,073,3302833,2320,1695,0,1695,44
2020-04-10,San Francisco,075,870044,1140,797,0,797,10
2020-04-10,San Joaquin,077,732212,403,234,3,237,14
2020-04-10,San Luis Obispo,079,281455,166,97,1,98,1
2020-04-10,San Mateo,081,765935,918,642,2,644,24
2020-04-10,Santa Barbara,083,443738,346,254,1,255,2
2020-04-10,Santa Clara,085,1922200,1944,1351,5,1356,50
2020-04-10,Santa Cruz,087,273765,101,75,0,75,1
2020-04-10,Shasta,089,179085,30,24,0,24,3
2020-04-10,Sierra,091,2930,0,0,0,0,0
2020-04-10,Siskiyou,093,43540,5,5,0,5,0
2020-04-10,Solano,095,438530,197,129,0,129,2
2020-04-10,Sonoma,097,501317,180,129,0,129,1
2020-04-10,Stanislaus,099,539301,231,101,3,104,0
2020-04-10,Sutter,101,95872,23,18,0,18,2
2020-04-10,Tehama,103,63373,1,1,0,1,0
2020-04-10,Trinity,105,12862,0,0,0,0,0
2020-04-10,Tulare,107,460477,424,163,5,168,10
2020-04-10,Tuolumne,109,53932,3,0,0,0,0
2020-04-10,Ventura,111,848112,454,290,0,290,9
2020-04-10,Yolo,113,214977,134,62,0,62,3
2020-04-10,Yuba,115,75493,14,13,0,13,1
2020-04-09,Alameda,001,1643700,1070,641,1,642,17
2020-04-09,Alpine,003,1148,1,1,0,1,0
2020-04-09,Amador,005,37829,7,2,0,2,0
2020-04-09,Butte,007,227075,19,12,1,13,0
2020-04-09,Calaveras,009,45235,10,5,0,5,0
2020-04-09,Colusa,011,21464,3,3,0,3,0
2020-04-09,Contra Costa,013,1133247,700,505,0,505,7
2020-04-09,Del Norte,015,27424,2,2,0,2,0
2020-04-09,El Dorado,017,186661,47,25,0,25,0
2020-04-09,Fresno,019,978130,428,165,4,169,3
2020-04-09,Glenn,021,27897,4,2,0,2,0
2020-04-09,Humboldt,023,135768,57,36,0,36,0
2020-04-09,Imperial,025,180216,158,67,0,67,2
2020-04-09,Inyo,027,18085,12,11,0,11,0
2020-04-09,Kern,029,883053,591,241,0,241,2
2020-04-09,Kings,031,150075,43,5,1,6,0
2020-04-09,Lake,033,64148,5,1,0,1,0
2020-04-09,Lassen,035,31185,3,0,2,2,0
2020-04-09,Los Angeles,037,10098052,12991,7919,11,7930,220
2020-04-09,Madera,039,155013,63,28,1,29,2
2020-04-09,Marin,041,260295,171,126,1,127,7
2020-04-09,Mariposa,043,17540,0,0,0,0,0
2020-04-09,Mendocino,045,87422,5,4,0,4,0
2020-04-09,Merced,047,269075,97,41,0,41,3
2020-04-09,Modoc,049,8938,0,0,0,0,0
2020-04-09,Mono,051,14174,29,19,0,19,1
2020-04-09,Monterey,053,433212,124,70,0,70,3
2020-04-09,Napa,055,140530,46,27,0,27,2
2020-04-09,Nevada,057,99092,36,23,1,24,1
2020-04-09,Orange,059,3164182,1810,1105,18,1123,19
2020-04-09,Placer,061,380077,144,107,0,107,4
2020-04-09,Plumas,063,18699,4,3,0,3,0
2020-04-09,Riverside,065,2383286,2465,1083,13,1096,29
2020-04-09,Sacramento,067,1510023,877,601,0,601,21
2020-04-09,San Benito,069,59416,36,32,0,32,2
2020-04-09,San Bernardino,071,2135413,1286,717,0,717,27
2020-04-09,San Diego,073,3302833,2224,1630,0,1630,40
2020-04-09,San Francisco,075,870044,1120,748,0,748,8
2020-04-09,San Joaquin,077,732212,382,223,3,226,14
2020-04-09,San Luis Obispo,079,281455,158,93,1,94,1
2020-04-09,San Mateo,081,765935,902,630,2,632,23
2020-04-09,Santa Barbara,083,443738,336,232,1,233,2
2020-04-09,Santa Clara,085,1922200,1874,1301,5,1306,49
2020-04-09,Santa Cruz,087,273765,101,73,0,73,1
2020-04-09,Shasta,089,179085,30,22,0,22,3
2020-04-09,Sierra,091,2930,0,0,0,0,0
2020-04-09,Siskiyou,093,43540,5,4,0,4,0
2020-04-09,Solano,095,438530,188,118,0,118,2
2020-04-09,Sonoma,097,501317,176,113,0,113,1
2020-04-09,Stanislaus,099,539301,219,93,3,96,0
2020-04-09,Sutter,101,95872,23,17,0,17,2
2020-04-09,Tehama,103,63373,1,1,0,1,0
2020-04-09,Trinity,105,12862,0,0,0,0,0
2020-04-09,Tulare,107,460477,395,147,5,152,9
2020-04-09,Tuolumne,109,53932,3,0,0,0,0
2020-04-09,Ventura,111,848112,435,273,0,273,9
2020-04-09,Yolo,113,214977,125,59,0,59,3
2020-04-09,Yuba,115,75493,14,13,0,13,0
2020-04-08,Alameda,001,1643700,1028,594,1,595,15
2020-04-08,Alpine,003,1148,1,1,0,1,0
2020-04-08,Amador,005,37829,7,2,0,2,0
2020-04-08,Butte,007,227075,18,11,1,12,0
2020-04-08,Calaveras,009,45235,10,5,0,5,0
2020-04-08,Colusa,011,21464,3,3,0,3,0
2020-04-08,Contra Costa,013,1133247,687,481,0,481,7
2020-04-08,Del Norte,015,27424,2,2,0,2,0
2020-04-08,El Dorado,017,186661,47,25,0,25,0
2020-04-08,Fresno,019,978130,408,151,4,155,3
2020-04-08,Glenn,021,27897,4,2,0,2,0
2020-04-08,Humboldt,023,135768,57,40,0,40,0
2020-04-08,Imperial,025,180216,147,59,0,59,2
2020-04-08,Inyo,027,18085,12,11,0,11,0
2020-04-08,Kern,029,883053,550,198,0,198,2
2020-04-08,Kings,031,150075,43,5,1,6,0
2020-04-08,Lake,033,64148,5,1,0,1,0
2020-04-08,Lassen,035,31185,3,0,2,2,0
2020-04-08,Los Angeles,037,10098052,12389,7505,11,7516,196
2020-04-08,Madera,039,155013,62,28,1,29,2
2020-04-08,Marin,041,260295,165,125,1,126,7
2020-04-08,Mariposa,043,17540,0,0,0,0,0
2020-04-08,Mendocino,045,87422,5,4,0,4,0
2020-04-08,Merced,047,269075,82,35,0,35,1
2020-04-08,Modoc,049,8938,0,0,0,0,0
2020-04-08,Mono,051,14174,29,19,0,19,1
2020-04-08,Monterey,053,433212,115,68,0,68,3
2020-04-08,Napa,055,140530,44,21,0,21,2
2020-04-08,Nevada,057,99092,36,21,1,22,1
2020-04-08,Orange,059,3164182,1747,1034,18,1052,19
2020-04-08,Placer,061,380077,144,102,0,102,4
2020-04-08,Plumas,063,18699,4,3,0,3,0
2020-04-08,Riverside,065,2383286,2308,974,13,987,28
2020-04-08,Sacramento,067,1510023,843,565,0,565,21
2020-04-08,San Benito,069,59416,36,31,0,31,2
2020-04-08,San Bernardino,071,2135413,1229,635,0,635,22
2020-04-08,San Diego,073,3302833,2150,1532,0,1532,36
2020-04-08,San Francisco,075,870044,1053,687,0,687,7
2020-04-08,San Joaquin,077,732212,365,211,3,214,12
2020-04-08,San Luis Obispo,079,281455,156,90,1,91,1
2020-04-08,San Mateo,081,765935,887,608,2,610,22
2020-04-08,Santa Barbara,083,443738,319,221,1,222,2
2020-04-08,Santa Clara,085,1922200,1829,1257,5,1262,47
2020-04-08,Santa Cruz,087,273765,100,69,0,69,1
2020-04-08,Shasta,089,179085,30,18,0,18,3
2020-04-08,Sierra,091,2930,0,0,0,0,0
2020-04-08,Siskiyou,093,43540,5,4,0,4,0
2020-04-08,Solano,095,438530,175,111,0,111,2
2020-04-08,Sonoma,097,501317,170,107,0,107,1
2020-04-08,Stanislaus,099,539301,203,86,3,89,0
2020-04-08,Sutter,101,95872,22,17,0,17,2
2020-04-08,Tehama,103,63373,1,1,0,1,0
2020-04-08,Trinity,105,12862,0,0,0,0,0
2020-04-08,Tulare,107,460477,364,145,5,150,6
2020-04-08,Tuolumne,109,53932,3,0,0,0,0
2020-04-08,Ventura,111,848112,426,263,0,263,7
2020-04-08,Yolo,113,214977,108,56,0,56,3
2020-04-08,Yuba,115,75493,14,10,0,10,0
2020-04-07,Alameda,001,1643700,993,560,1,561,14
2020-04-07,Alpine,003,1148,1,1,0,1,0
2020-04-07,Amador,005,37829,7,2,0,2,0
2020-04-07,Butte,007,227075,17,11,1,12,0
2020-04-07,Calaveras,009,45235,9,5,0,5,0
2020-04-07,Colusa,011,21464,3,2,0,2,0
2020-04-07,Contra Costa,013,1133247,667,471,0,471,7
2020-04-07,Del Norte,015,27424,2,2,0,2,0
2020-04-07,El Dorado,017,186661,46,22,0,22,0
2020-04-07,Fresno,019,978130,393,138,4,142,3
2020-04-07,Glenn,021,27897,4,2,0,2,0
2020-04-07,Humboldt,023,135768,56,40,0,40,0
2020-04-07,Imperial,025,180216,128,53,0,53,2
2020-04-07,Inyo,027,18085,12,11,0,11,0
2020-04-07,Kern,029,883053,507,134,0,134,2
2020-04-07,Kings,031,150075,40,5,1,6,0
2020-04-07,Lake,033,64148,4,1,0,1,0
2020-04-07,Lassen,035,31185,3,0,2,2,0
2020-04-07,Los Angeles,037,10098052,11740,6885,11,6896,170
2020-04-07,Madera,039,155013,60,28,0,28,2
2020-04-07,Marin,041,260295,163,122,1,123,7
2020-04-07,Mariposa,043,17540,0,0,0,0,0
2020-04-07,Mendocino,045,87422,5,4,0,4,0
2020-04-07,Merced,047,269075,67,27,0,27,1
2020-04-07,Modoc,049,8938,0,0,0,0,0
2020-04-07,Mono,051,14174,28,18,0,18,1
2020-04-07,Monterey,053,433212,107,63,0,63,2
2020-04-07,Napa,055,140530,42,18,0,18,2
2020-04-07,Nevada,057,99092,36,20,1,21,1
2020-04-07,Orange,059,3164182,1700,971,16,987,19
2020-04-07,Placer,061,380077,139,94,0,94,3
2020-04-07,Plumas,063,18699,4,3,0,3,0
2020-04-07,Riverside,065,2383286,2151,905,13,918,25
2020-04-07,Sacramento,067,1510023,813,513,0,513,18
2020-04-07,San Benito,069,59416,36,26,0,26,2
2020-04-07,San Bernardino,071,2135413,1162,554,0,554,19
2020-04-07,San Diego,073,3302833,2073,1456,0,1456,31
2020-04-07,San Francisco,075,870044,993,636,0,636,6
2020-04-07,San Joaquin,077,732212,347,198,3,201,12
2020-04-07,San Luis Obispo,079,281455,149,87,1,88,1
2020-04-07,San Mateo,081,765935,866,573,2,575,22
2020-04-07,Santa Barbara,083,443738,305,209,1,210,2
2020-04-07,Santa Clara,085,1922200,1760,1193,4,1197,46
2020-04-07,Santa Cruz,087,273765,100,67,0,67,1
2020-04-07,Shasta,089,179085,29,16,0,16,3
2020-04-07,Sierra,091,2930,0,0,0,0,0
2020-04-07,Siskiyou,093,43540,5,4,0,4,0
2020-04-07,Solano,095,438530,170,99,0,99,1
2020-04-07,Sonoma,097,501317,167,102,0,102,1
2020-04-07,Stanislaus,099,539301,186,83,3,86,0
2020-04-07,Sutter,101,95872,22,16,0,16,2
2020-04-07,Tehama,103,63373,1,1,0,1,0
2020-04-07,Trinity,105,12862,0,0,0,0,0
2020-04-07,Tulare,107,460477,335,144,5,149,5
2020-04-07,Tuolumne,109,53932,3,1,0,1,0
2020-04-07,Ventura,111,848112,409,247,0,247,6
2020-04-07,Yolo,113,214977,101,51,0,51,2
2020-04-07,Yuba,115,75493,14,10,0,10,0
2020-04-06,Alameda,001,1643700,963,527,1,528,13
2020-04-06,Alpine,003,1148,1,1,0,1,0
2020-04-06,Amador,005,37829,6,2,0,2,0
2020-04-06,Butte,007,227075,16,11,1,12,0
2020-04-06,Calaveras,009,45235,9,4,0,4,0
2020-04-06,Colusa,011,21464,3,1,0,1,0
2020-04-06,Contra Costa,013,1133247,642,447,0,447,7
2020-04-06,Del Norte,015,27424,2,2,0,2,0
2020-04-06,El Dorado,017,186661,44,23,0,23,0
2020-04-06,Fresno,019,978130,371,122,4,126,1
2020-04-06,Glenn,021,27897,4,2,0,2,0
2020-04-06,Humboldt,023,135768,55,37,0,37,0
2020-04-06,Imperial,025,180216,121,47,0,47,1
2020-04-06,Inyo,027,18085,11,11,0,11,0
2020-04-06,Kern,029,883053,470,117,0,117,2
2020-04-06,Kings,031,150075,40,3,1,4,0
2020-04-06,Lake,033,64148,4,1,0,1,0
2020-04-06,Lassen,035,31185,3,0,2,2,0
2020-04-06,Los Angeles,037,10098052,11006,6346,11,6357,145
2020-04-06,Madera,039,155013,58,29,0,29,2
2020-04-06,Marin,041,260295,160,119,1,120,7
2020-04-06,Mariposa,043,17540,0,0,0,0,0
2020-04-06,Mendocino,045,87422,5,4,0,4,0
2020-04-06,Merced,047,269075,60,25,0,25,1
2020-04-06,Modoc,049,8938,0,0,0,0,0
2020-04-06,Mono,051,14174,28,18,0,18,1
2020-04-06,Monterey,053,433212,102,62,0,62,2
2020-04-06,Napa,055,140530,42,18,0,18,2
2020-04-06,Nevada,057,99092,36,19,1,20,1
2020-04-06,Orange,059,3164182,1656,910,15,925,17
2020-04-06,Placer,061,380077,139,90,0,90,3
2020-04-06,Plumas,063,18699,4,2,0,2,0
2020-04-06,Riverside,065,2383286,2025,854,13,867,17
2020-04-06,Sacramento,067,1510023,783,448,0,448,15
2020-04-06,San Benito,069,59416,34,25,0,25,1
2020-04-06,San Bernardino,071,2135413,1103,550,0,550,13
2020-04-06,San Diego,073,3302833,1991,1406,0,1406,19
2020-04-06,San Francisco,075,870044,953,586,0,586,6
2020-04-06,San Joaquin,077,732212,332,191,3,194,10
2020-04-06,San Luis Obispo,079,281455,147,85,1,86,1
2020-04-06,San Mateo,081,765935,848,569,2,571,20
2020-04-06,Santa Barbara,083,443738,296,189,1,190,2
2020-04-06,Santa Clara,085,1922200,1707,1128,4,1132,43
2020-04-06,Santa Cruz,087,273765,98,65,0,65,1
2020-04-06,Shasta,089,179085,29,16,0,16,3
2020-04-06,Sierra,091,2930,0,0,0,0,0
2020-04-06,Siskiyou,093,43540,4,4,0,4,0
2020-04-06,Solano,095,438530,163,95,0,95,1
2020-04-06,Sonoma,097,501317,166,102,0,102,1
2020-04-06,Stanislaus,099,539301,170,72,3,75,0
2020-04-06,Sutter,101,95872,22,14,0,14,2
2020-04-06,Tehama,103,63373,1,1,0,1,0
2020-04-06,Trinity,105,12862,0,0,0,0,0
2020-04-06,Tulare,107,460477,319,126,5,131,5
2020-04-06,Tuolumne,109,53932,3,1,0,1,0
2020-04-06,Ventura,111,848112,391,234,0,234,6
2020-04-06,Yolo,113,214977,97,43,0,43,1
2020-04-06,Yuba,115,75493,14,8,0,8,0
2020-04-05,Alameda,001,1643700,921,475,1,476,12
2020-04-05,Alpine,003,1148,1,1,0,1,0
2020-04-05,Amador,005,37829,6,2,0,2,0
2020-04-05,Butte,007,227075,16,10,1,11,0
2020-04-05,Calaveras,009,45235,9,3,0,3,0
2020-04-05,Colusa,011,21464,3,1,0,1,0
2020-04-05,Contra Costa,013,1133247,625,415,0,415,6
2020-04-05,Del Norte,015,27424,2,1,0,1,0
2020-04-05,El Dorado,017,186661,42,19,0,19,0
2020-04-05,Fresno,019,978130,337,102,4,106,1
2020-04-05,Glenn,021,27897,4,2,0,2,0
2020-04-05,Humboldt,023,135768,55,29,0,29,0
2020-04-05,Imperial,025,180216,113,42,0,42,1
2020-04-05,Inyo,027,18085,11,10,0,10,0
2020-04-05,Kern,029,883053,415,109,0,109,2
2020-04-05,Kings,031,150075,39,4,1,5,0
2020-04-05,Lake,033,64148,4,0,0,0,0
2020-04-05,Lassen,035,31185,3,0,2,2,0
2020-04-05,Los Angeles,037,10098052,10436,5892,11,5903,130
2020-04-05,Madera,039,155013,57,27,0,27,2
2020-04-05,Marin,041,260295,160,113,1,114,6
2020-04-05,Mariposa,043,17540,0,0,0,0,0
2020-04-05,Mendocino,045,87422,5,4,0,4,0
2020-04-05,Merced,047,269075,53,16,0,16,0
2020-04-05,Modoc,049,8938,0,0,0,0,0
2020-04-05,Mono,051,14174,28,18,0,18,1
2020-04-05,Monterey,053,433212,95,61,0,61,2
2020-04-05,Napa,055,140530,40,15,0,15,2
2020-04-05,Nevada,057,99092,36,19,1,20,1
2020-04-05,Orange,059,3164182,1599,820,15,835,15
2020-04-05,Placer,061,380077,136,86,0,86,3
2020-04-05,Plumas,063,18699,3,2,0,2,0
2020-04-05,Riverside,065,2383286,1896,669,13,682,17
2020-04-05,Sacramento,067,1510023,752,393,0,393,11
2020-04-05,San Benito,069,59416,34,22,0,22,1
2020-04-05,San Bernardino,071,2135413,1030,375,0,375,13
2020-04-05,San Diego,073,3302833,1909,1328,0,1328,19
2020-04-05,San Francisco,075,870044,906,559,0,559,6
2020-04-05,San Joaquin,077,732212,317,179,3,182,10
2020-04-05,San Luis Obispo,079,281455,145,83,1,84,1
2020-04-05,San Mateo,081,765935,828,528,2,530,19
2020-04-05,Santa Barbara,083,443738,280,171,1,172,1
2020-04-05,Santa Clara,085,1922200,1660,1052,4,1056,42
2020-04-05,Santa Cruz,087,273765,98,59,0,59,1
2020-04-05,Shasta,089,179085,28,11,0,11,2
2020-04-05,Sierra,091,2930,0,0,0,0,0
2020-04-05,Siskiyou,093,43540,4,3,0,3,0
2020-04-05,Solano,095,438530,159,78,0,78,1
2020-04-05,Sonoma,097,501317,164,88,0,88,1
2020-04-05,Stanislaus,099,539301,156,51,3,54,0
2020-04-05,Sutter,101,95872,22,14,0,14,1
2020-04-05,Tehama,103,63373,1,1,0,1,0
2020-04-05,Trinity,105,12862,0,0,0,0,0
2020-04-05,Tulare,107,460477,282,81,5,86,4
2020-04-05,Tuolumne,109,53932,3,1,0,1,0
2020-04-05,Ventura,111,848112,377,196,0,196,6
2020-04-05,Yolo,113,214977,78,37,0,37,2
2020-04-05,Yuba,115,75493,14,7,0,7,0
2020-04-04,Alameda,001,1643700,898,468,1,469,12
2020-04-04,Alpine,003,1148,1,1,0,1,0
2020-04-04,Amador,005,37829,5,2,0,2,0
2020-04-04,Butte,007,227075,16,10,1,11,0
2020-04-04,Calaveras,009,45235,9,3,0,3,0
2020-04-04,Colusa,011,21464,3,1,0,1,0
2020-04-04,Contra Costa,013,1133247,617,382,0,382,5
2020-04-04,Del Norte,015,27424,2,1,0,1,0
2020-04-04,El Dorado,017,186661,42,19,0,19,0
2020-04-04,Fresno,019,978130,327,102,4,106,1
2020-04-04,Glenn,021,27897,4,2,0,2,0
2020-04-04,Humboldt,023,135768,55,29,0,29,0
2020-04-04,Imperial,025,180216,112,42,0,42,1
2020-04-04,Inyo,027,18085,11,10,0,10,0
2020-04-04,Kern,029,883053,385,103,0,103,2
2020-04-04,Kings,031,150075,39,3,1,4,0
2020-04-04,Lake,033,64148,4,0,0,0,0
2020-04-04,Lassen,035,31185,3,0,2,2,0
2020-04-04,Los Angeles,037,10098052,9819,5275,11,5286,117
2020-04-04,Madera,039,155013,55,27,0,27,2
2020-04-04,Marin,041,260295,158,111,0,111,6
2020-04-04,Mariposa,043,17540,0,0,0,0,0
2020-04-04,Mendocino,045,87422,5,4,0,4,0
2020-04-04,Merced,047,269075,49,11,0,11,0
2020-04-04,Modoc,049,8938,0,0,0,0,0
2020-04-04,Mono,051,14174,28,18,0,18,1
2020-04-04,Monterey,053,433212,91,61,0,61,2
2020-04-04,Napa,055,140530,40,15,0,15,2
2020-04-04,Nevada,057,99092,36,19,1,20,1
2020-04-04,Orange,059,3164182,1557,781,14,795,15
2020-04-04,Placer,061,380077,135,87,0,87,2
2020-04-04,Plumas,063,18699,3,2,0,2,0
2020-04-04,Riverside,065,2383286,1795,652,13,665,15
2020-04-04,Sacramento,067,1510023,734,393,0,393,11
2020-04-04,San Benito,069,59416,34,22,0,22,1
2020-04-04,San Bernardino,071,2135413,982,373,0,373,13
2020-04-04,San Diego,073,3302833,1861,1211,0,1211,18
2020-04-04,San Francisco,075,870044,868,537,0,537,6
2020-04-04,San Joaquin,077,732212,294,171,3,174,10
2020-04-04,San Luis Obispo,079,281455,145,82,1,83,0
2020-04-04,San Mateo,081,765935,816,520,2,522,17
2020-04-04,Santa Barbara,083,443738,271,167,1,168,1
2020-04-04,Santa Clara,085,1922200,1608,1045,4,1049,39
2020-04-04,Santa Cruz,087,273765,98,56,0,56,1
2020-04-04,Shasta,089,179085,27,11,0,11,2
2020-04-04,Sierra,091,2930,0,0,0,0,0
2020-04-04,Siskiyou,093,43540,4,3,0,3,0
2020-04-04,Solano,095,438530,154,79,0,79,1
2020-04-04,Sonoma,097,501317,161,88,0,88,1
2020-04-04,Stanislaus,099,539301,145,51,3,54,0
2020-04-04,Sutter,101,95872,22,14,0,14,1
2020-04-04,Tehama,103,63373,1,1,0,1,0
2020-04-04,Trinity,105,12862,0,0,0,0,0
2020-04-04,Tulare,107,460477,268,79,5,84,4
2020-04-04,Tuolumne,109,53932,3,1,0,1,0
2020-04-04,Ventura,111,848112,364,194,0,194,6
2020-04-04,Yolo,113,214977,76,40,0,40,2
2020-04-04,Yuba,115,75493,13,7,0,7,0
2020-04-03,Alameda,001,1643700,862,395,1,396,11
2020-04-03,Alpine,003,1148,1,1,0,1,0
2020-04-03,Amador,005,37829,5,2,0,2,0
2020-04-03,Butte,007,227075,16,8,1,9,0
2020-04-03,Calaveras,009,45235,9,3,0,3,0
2020-04-03,Colusa,011,21464,3,1,0,1,0
2020-04-03,Contra Costa,013,1133247,594,327,0,327,5
2020-04-03,Del Norte,015,27424,2,1,0,1,0
2020-04-03,El Dorado,017,186661,40,16,0,16,0
2020-04-03,Fresno,019,978130,315,98,4,102,1
2020-04-03,Glenn,021,27897,4,2,0,2,0
2020-04-03,Humboldt,023,135768,55,34,0,34,0
2020-04-03,Imperial,025,180216,103,35,0,35,0
2020-04-03,Inyo,027,18085,11,10,0,10,0
2020-04-03,Kern,029,883053,359,87,0,87,1
2020-04-03,Kings,031,150075,37,3,1,4,0
2020-04-03,Lake,033,64148,3,0,0,0,0
2020-04-03,Lassen,035,31185,3,0,2,2,0
2020-04-03,Los Angeles,037,10098052,9202,4566,11,4577,91
2020-04-03,Madera,039,155013,54,28,0,28,2
2020-04-03,Marin,041,260295,156,106,0,106,6
2020-04-03,Mariposa,043,17540,0,0,0,0,0
2020-04-03,Mendocino,045,87422,5,4,0,4,0
2020-04-03,Merced,047,269075,46,9,0,9,0
2020-04-03,Modoc,049,8938,0,0,0,0,0
2020-04-03,Mono,051,14174,28,18,0,18,1
2020-04-03,Monterey,053,433212,88,58,0,58,2
2020-04-03,Napa,055,140530,39,13,0,13,1
2020-04-03,Nevada,057,99092,36,19,1,20,1
2020-04-03,Orange,059,3164182,1518,713,14,727,13
2020-04-03,Placer,061,380077,131,76,0,76,2
2020-04-03,Plumas,063,18699,3,2,0,2,0
2020-04-03,Riverside,065,2383286,1715,540,13,553,14
2020-04-03,Sacramento,067,1510023,713,363,0,363,11
2020-04-03,San Benito,069,59416,34,22,0,22,1
2020-04-03,San Bernardino,071,2135413,937,356,0,356,11
2020-04-03,San Diego,073,3302833,1800,1114,0,1114,17
2020-04-03,San Francisco,075,870044,844,506,0,506,6
2020-04-03,San Joaquin,077,732212,282,162,3,165,10
2020-04-03,San Luis Obispo,079,281455,144,82,1,83,0
2020-04-03,San Mateo,081,765935,799,474,2,476,13
2020-04-03,Santa Barbara,083,443738,260,154,1,155,1
2020-04-03,Santa Clara,085,1922200,1572,983,4,987,39
2020-04-03,Santa Cruz,087,273765,98,52,0,52,1
2020-04-03,Shasta,089,179085,27,10,0,10,1
2020-04-03,Sierra,091,2930,0,0,0,0,0
2020-04-03,Siskiyou,093,43540,4,3,0,3,0
2020-04-03,Solano,095,438530,146,72,0,72,1
2020-04-03,Sonoma,097,501317,161,84,0,84,1
2020-04-03,Stanislaus,099,539301,139,48,3,51,0
2020-04-03,Sutter,101,95872,22,12,0,12,1
2020-04-03,Tehama,103,63373,1,1,0,1,0
2020-04-03,Trinity,105,12862,0,0,0,0,0
2020-04-03,Tulare,107,460477,254,73,5,78,3
2020-04-03,Tuolumne,109,53932,3,1,0,1,0
2020-04-03,Ventura,111,848112,354,186,0,186,6
2020-04-03,Yolo,113,214977,75,33,0,33,1
2020-04-03,Yuba,115,75493,13,6,0,6,0
2020-04-02,Alameda,001,1643700,811,345,1,346,10
2020-04-02,Alpine,003,1148,1,1,0,1,0
2020-04-02,Amador,005,37829,5,2,0,2,0
2020-04-02,Butte,007,227075,16,7,0,7,0
2020-04-02,Calaveras,009,45235,7,3,0,3,0
2020-04-02,Colusa,011,21464,3,1,0,1,0
2020-04-02,Contra Costa,013,1133247,564,297,0,297,3
2020-04-02,Del Norte,015,27424,2,0,0,0,0
2020-04-02,El Dorado,017,186661,38,16,0,16,0
2020-04-02,Fresno,019,978130,299,92,4,96,0
2020-04-02,Glenn,021,27897,3,2,0,2,0
2020-04-02,Humboldt,023,135768,51,23,0,23,0
2020-04-02,Imperial,025,180216,99,24,0,24,0
2020-04-02,Inyo,027,18085,10,8,0,8,0
2020-04-02,Kern,029,883053,332,74,0,74,0
2020-04-02,Kings,031,150075,37,3,1,4,0
2020-04-02,Lake,033,64148,3,0,0,0,0
2020-04-02,Lassen,035,31185,3,0,2,2,0
2020-04-02,Los Angeles,037,10098052,8368,4040,11,4051,79
2020-04-02,Madera,039,155013,52,25,0,25,1
2020-04-02,Marin,041,260295,150,102,0,102,1
2020-04-02,Mariposa,043,17540,0,0,0,0,0
2020-04-02,Mendocino,045,87422,5,4,0,4,0
2020-04-02,Merced,047,269075,41,9,0,9,0
2020-04-02,Modoc,049,8938,0,0,0,0,0
2020-04-02,Mono,051,14174,28,16,0,16,1
2020-04-02,Monterey,053,433212,86,50,0,50,2
2020-04-02,Napa,055,140530,39,13,0,13,0
2020-04-02,Nevada,057,99092,35,17,1,18,0
2020-04-02,Orange,059,3164182,1466,640,13,653,12
2020-04-02,Placer,061,380077,130,72,0,72,2
2020-04-02,Plumas,063,18699,3,1,0,1,0
2020-04-02,Riverside,065,2383286,1598,438,13,451,13
2020-04-02,Sacramento,067,1510023,695,322,0,322,9
2020-04-02,San Benito,069,59416,32,18,0,18,1
2020-04-02,San Bernardino,071,2135413,882,335,0,335,8
2020-04-02,San Diego,073,3302833,1733,968,0,968,16
2020-04-02,San Francisco,075,870044,817,473,0,473,6
2020-04-02,San Joaquin,077,732212,263,148,3,151,9
2020-04-02,San Luis Obispo,079,281455,139,79,1,80,0
2020-04-02,San Mateo,081,765935,778,423,2,425,13
2020-04-02,Santa Barbara,083,443738,249,125,1,126,1
2020-04-02,Santa Clara,085,1922200,1521,908,4,912,38
2020-04-02,Santa Cruz,087,273765,96,49,0,49,1
2020-04-02,Shasta,089,179085,26,7,0,7,1
2020-04-02,Sierra,091,2930,0,0,0,0,0
2020-04-02,Siskiyou,093,43540,4,3,0,3,0
2020-04-02,Solano,095,438530,136,65,0,65,0
2020-04-02,Sonoma,097,501317,157,76,0,76,1
2020-04-02,Stanislaus,099,539301,128,40,3,43,0
2020-04-02,Sutter,101,95872,21,10,0,10,1
2020-04-02,Tehama,103,63373,1,1,0,1,0
2020-04-02,Trinity,105,12862,0,0,0,0,0
2020-04-02,Tulare,107,460477,220,64,5,69,1
2020-04-02,Tuolumne,109,53932,3,1,0,1,0
2020-04-02,Ventura,111,848112,336,178,0,178,5
2020-04-02,Yolo,113,214977,73,29,0,29,1
2020-04-02,Yuba,115,75493,10,5,0,5,0
2020-04-01,Alameda,001,1643700,784,287,1,288,8
2020-04-01,Alpine,003,1148,1,1,0,1,0
2020-04-01,Amador,005,37829,5,1,0,1,0
2020-04-01,Butte,007,227075,16,6,0,6,0
2020-04-01,Calaveras,009,45235,6,3,0,3,0
2020-04-01,Colusa,011,21464,3,1,0,1,0
2020-04-01,Contra Costa,013,1133247,521,267,0,267,3
2020-04-01,Del Norte,015,27424,2,0,0,0,0
2020-04-01,El Dorado,017,186661,37,14,0,14,0
2020-04-01,Fresno,019,978130,277,75,3,78,0
2020-04-01,Glenn,021,27897,3,2,0,2,0
2020-04-01,Humboldt,023,135768,51,19,0,19,0
2020-04-01,Imperial,025,180216,93,25,0,25,0
2020-04-01,Inyo,027,18085,10,8,0,8,0
2020-04-01,Kern,029,883053,305,53,0,53,0
2020-04-01,Kings,031,150075,35,3,1,4,0
2020-04-01,Lake,033,64148,3,0,0,0,0
2020-04-01,Lassen,035,31185,3,0,2,2,0
2020-04-01,Los Angeles,037,10098052,7718,3502,11,3513,66
2020-04-01,Madera,039,155013,50,17,0,17,1
2020-04-01,Marin,041,260295,146,87,0,87,1
2020-04-01,Mariposa,043,17540,0,0,0,0,0
2020-04-01,Mendocino,045,87422,5,4,0,4,0
2020-04-01,Merced,047,269075,38,7,0,7,0
2020-04-01,Modoc,049,8938,0,0,0,0,0
2020-04-01,Mono,051,14174,28,12,0,12,1
2020-04-01,Monterey,053,433212,85,47,0,47,2
2020-04-01,Napa,055,140530,36,11,0,11,0
2020-04-01,Nevada,057,99092,35,15,1,16,0
2020-04-01,Orange,059,3164182,1414,579,13,592,11
2020-04-01,Placer,061,380077,128,52,0,52,2
2020-04-01,Plumas,063,18699,3,1,0,1,0
2020-04-01,Riverside,065,2383286,1430,306,12,318,11
2020-04-01,Sacramento,067,1510023,662,299,0,299,8
2020-04-01,San Benito,069,59416,29,14,0,14,1
2020-04-01,San Bernardino,071,2135413,833,245,0,245,5
2020-04-01,San Diego,073,3302833,1663,851,0,851,11
2020-04-01,San Francisco,075,870044,789,432,0,432,6
2020-04-01,San Joaquin,077,732212,251,132,3,135,8
2020-04-01,San Luis Obispo,079,281455,133,69,1,70,0
2020-04-01,San Mateo,081,765935,760,354,2,356,13
2020-04-01,Santa Barbara,083,443738,236,103,1,104,0
2020-04-01,Santa Clara,085,1922200,1479,805,4,809,33
2020-04-01,Santa Cruz,087,273765,91,44,0,44,1
2020-04-01,Shasta,089,179085,25,5,0,5,1
2020-04-01,Sierra,091,2930,0,0,0,0,0
2020-04-01,Siskiyou,093,43540,4,3,0,3,0
2020-04-01,Solano,095,438530,131,57,0,57,0
2020-04-01,Sonoma,097,501317,153,60,0,60,1
2020-04-01,Stanislaus,099,539301,117,29,3,32,0
2020-04-01,Sutter,101,95872,21,9,0,9,1
2020-04-01,Tehama,103,63373,1,0,0,0,0
2020-04-01,Trinity,105,12862,0,0,0,0,0
2020-04-01,Tulare,107,460477,182,43,5,48,1
2020-04-01,Tuolumne,109,53932,3,1,0,1,0
2020-04-01,Ventura,111,848112,323,154,0,154,5
2020-04-01,Yolo,113,214977,68,22,0,22,1
2020-04-01,Yuba,115,75493,9,5,0,5,0
2020-03-31,Alameda,001,1643700,716,269,1,270,7
2020-03-31,Alpine,003,1148,1,1,0,1,0
2020-03-31,Amador,005,37829,5,1,0,1,0
2020-03-31,Butte,007,227075,16,6,0,6,0
2020-03-31,Calaveras,009,45235,6,3,0,3,0
2020-03-31,Colusa,011,21464,3,1,0,1,0
2020-03-31,Contra Costa,013,1133247,496,246,0,246,3
2020-03-31,Del Norte,015,27424,1,0,0,0,0
2020-03-31,El Dorado,017,186661,33,14,0,14,0
2020-03-31,Fresno,019,978130,252,59,3,62,0
2020-03-31,Glenn,021,27897,3,2,0,2,0
2020-03-31,Humboldt,023,135768,51,18,0,18,0
2020-03-31,Imperial,025,180216,88,17,0,17,0
2020-03-31,Inyo,027,18085,10,8,0,8,0
2020-03-31,Kern,029,883053,281,47,0,47,0
2020-03-31,Kings,031,150075,33,2,1,3,0
2020-03-31,Lake,033,64148,1,0,0,0,0
2020-03-31,Lassen,035,31185,3,0,2,2,0
2020-03-31,Los Angeles,037,10098052,7054,3001,11,3012,53
2020-03-31,Madera,039,155013,49,17,0,17,1
2020-03-31,Marin,041,260295,137,85,0,85,1
2020-03-31,Mariposa,043,17540,0,0,0,0,0
2020-03-31,Mendocino,045,87422,5,4,0,4,0
2020-03-31,Merced,047,269075,33,6,0,6,0
2020-03-31,Modoc,049,8938,0,0,0,0,0
2020-03-31,Mono,051,14174,26,12,0,12,0
2020-03-31,Monterey,053,433212,83,43,0,43,2
2020-03-31,Napa,055,140530,35,9,0,9,0
2020-03-31,Nevada,057,99092,35,15,1,16,0
2020-03-31,Orange,059,3164182,1344,506,13,519,7
2020-03-31,Placer,061,380077,121,49,0,49,2
2020-03-31,Plumas,063,18699,1,0,0,0,0
2020-03-31,Riverside,065,2383286,1284,284,12,296,8
2020-03-31,Sacramento,067,1510023,610,271,0,271,8
2020-03-31,San Benito,069,59416,29,14,0,14,1
2020-03-31,San Bernardino,071,2135413,748,193,0,193,5
2020-03-31,San Diego,073,3302833,1581,736,0,736,9
2020-03-31,San Francisco,075,870044,754,404,0,404,5
2020-03-31,San Joaquin,077,732212,235,122,3,125,7
2020-03-31,San Luis Obispo,079,281455,129,67,1,68,0
2020-03-31,San Mateo,081,765935,741,297,2,299,12
2020-03-31,Santa Barbara,083,443738,221,89,1,90,0
2020-03-31,Santa Clara,085,1922200,1429,777,4,781,30
2020-03-31,Santa Cruz,087,273765,84,40,0,40,1
2020-03-31,Shasta,089,179085,22,5,0,5,1
2020-03-31,Sierra,091,2930,0,0,0,0,0
2020-03-31,Siskiyou,093,43540,4,3,0,3,0
2020-03-31,Solano,095,438530,117,56,0,56,0
2020-03-31,Sonoma,097,501317,148,58,0,58,1
2020-03-31,Stanislaus,099,539301,102,28,3,31,0
2020-03-31,Sutter,101,95872,21,8,0,8,0
2020-03-31,Tehama,103,63373,1,0,0,0,0
2020-03-31,Trinity,105,12862,0,0,0,0,0
2020-03-31,Tulare,107,460477,159,42,4,46,1
2020-03-31,Tuolumne,109,53932,3,1,0,1,0
2020-03-31,Ventura,111,848112,312,143,0,143,4
2020-03-31,Yolo,113,214977,61,21,0,21,1
2020-03-31,Yuba,115,75493,9,5,0,5,0
2020-03-30,Alameda,001,1643700,676,250,1,251,7
2020-03-30,Alpine,003,1148,1,1,0,1,0
2020-03-30,Amador,005,37829,5,1,0,1,0
2020-03-30,Butte,007,227075,14,5,0,5,0
2020-03-30,Calaveras,009,45235,6,3,0,3,0
2020-03-30,Colusa,011,21464,3,1,0,1,0
2020-03-30,Contra Costa,013,1133247,470,212,0,212,3
2020-03-30,Del Norte,015,27424,0,0,0,0,0
2020-03-30,El Dorado,017,186661,33,11,0,11,0
2020-03-30,Fresno,019,978130,227,46,3,49,0
2020-03-30,Glenn,021,27897,3,2,0,2,0
2020-03-30,Humboldt,023,135768,49,11,0,11,0
2020-03-30,Imperial,025,180216,85,9,0,9,0
2020-03-30,Inyo,027,18085,10,5,0,5,0
2020-03-30,Kern,029,883053,248,30,0,30,0
2020-03-30,Kings,031,150075,33,1,1,2,0
2020-03-30,Lake,033,64148,1,0,0,0,0
2020-03-30,Lassen,035,31185,3,0,1,1,0
2020-03-30,Los Angeles,037,10098052,6396,2467,11,2478,44
2020-03-30,Madera,039,155013,48,14,0,14,1
2020-03-30,Marin,041,260295,130,78,0,78,0
2020-03-30,Mariposa,043,17540,0,0,0,0,0
2020-03-30,Mendocino,045,87422,5,2,0,2,0
2020-03-30,Merced,047,269075,29,6,0,6,0
2020-03-30,Modoc,049,8938,0,0,0,0,0
2020-03-30,Mono,051,14174,26,11,0,11,0
2020-03-30,Monterey,053,433212,78,41,0,41,1
2020-03-30,Napa,055,140530,34,9,0,9,0
2020-03-30,Nevada,057,99092,34,14,1,15,0
2020-03-30,Orange,059,3164182,1279,418,13,431,5
2020-03-30,Placer,061,380077,118,44,0,44,2
2020-03-30,Plumas,063,18699,1,0,0,0,0
2020-03-30,Riverside,065,2383286,1203,204,12,216,7
2020-03-30,Sacramento,067,1510023,586,238,0,238,8
2020-03-30,San Benito,069,59416,29,11,0,11,1
2020-03-30,San Bernardino,071,2135413,704,145,0,145,4
2020-03-30,San Diego,073,3302833,1511,605,0,605,7
2020-03-30,San Francisco,075,870044,714,368,0,368,5
2020-03-30,San Joaquin,077,732212,228,112,3,115,5
2020-03-30,San Luis Obispo,079,281455,126,62,1,63,0
2020-03-30,San Mateo,081,765935,717,257,2,259,11
2020-03-30,Santa Barbara,083,443738,212,79,1,80,0
2020-03-30,Santa Clara,085,1922200,1398,745,3,748,31
2020-03-30,Santa Cruz,087,273765,81,36,0,36,1
2020-03-30,Shasta,089,179085,21,4,0,4,1
2020-03-30,Sierra,091,2930,0,0,0,0,0
2020-03-30,Siskiyou,093,43540,4,2,0,2,0
2020-03-30,Solano,095,438530,111,50,0,50,0
2020-03-30,Sonoma,097,501317,145,57,0,57,1
2020-03-30,Stanislaus,099,539301,95,28,3,31,0
2020-03-30,Sutter,101,95872,20,6,0,6,0
2020-03-30,Tehama,103,63373,1,0,0,0,0
2020-03-30,Trinity,105,12862,0,0,0,0,0
2020-03-30,Tulare,107,460477,147,40,3,43,1
2020-03-30,Tuolumne,109,53932,3,1,0,1,0
2020-03-30,Ventura,111,848112,301,118,0,118,2
2020-03-30,Yolo,113,214977,58,17,0,17,1
2020-03-30,Yuba,115,75493,8,5,0,5,0
2020-03-29,Alameda,001,1643700,642,207,1,208,6
2020-03-29,Alpine,003,1148,1,0,0,0,0
2020-03-29,Amador,005,37829,5,1,0,1,0
2020-03-29,Butte,007,227075,14,4,0,4,0
2020-03-29,Calaveras,009,45235,6,2,0,2,0
2020-03-29,Colusa,011,21464,3,1,0,1,0
2020-03-29,Contra Costa,013,1133247,440,187,0,187,3
2020-03-29,Del Norte,015,27424,0,0,0,0,0
2020-03-29,El Dorado,017,186661,32,9,0,9,0
2020-03-29,Fresno,019,978130,203,31,3,34,0
2020-03-29,Glenn,021,27897,2,1,0,1,0
2020-03-29,Humboldt,023,135768,46,9,0,9,0
2020-03-29,Imperial,025,180216,79,9,0,9,0
2020-03-29,Inyo,027,18085,9,0,0,0,0
2020-03-29,Kern,029,883053,230,20,0,20,0
2020-03-29,Kings,031,150075,30,1,1,2,0
2020-03-29,Lake,033,64148,0,0,0,0,0
2020-03-29,Lassen,035,31185,3,0,1,1,0
2020-03-29,Los Angeles,037,10098052,5750,2119,11,2130,37
2020-03-29,Madera,039,155013,43,11,0,11,1
2020-03-29,Marin,041,260295,125,60,0,60,0
2020-03-29,Mariposa,043,17540,0,0,0,0,0
2020-03-29,Mendocino,045,87422,5,2,0,2,0
2020-03-29,Merced,047,269075,28,4,0,4,0
2020-03-29,Modoc,049,8938,0,0,0,0,0
2020-03-29,Mono,051,14174,26,8,0,8,0
2020-03-29,Monterey,053,433212,73,36,0,36,1
2020-03-29,Napa,055,140530,32,5,0,5,0
2020-03-29,Nevada,057,99092,32,13,1,14,0
2020-03-29,Orange,059,3164182,1206,343,13,356,2
2020-03-29,Placer,061,380077,117,35,0,35,2
2020-03-29,Plumas,063,18699,1,0,0,0,0
2020-03-29,Riverside,065,2383286,1079,122,12,134,7
2020-03-29,Sacramento,067,1510023,546,217,0,217,7
2020-03-29,San Benito,069,59416,28,10,0,10,1
2020-03-29,San Bernardino,071,2135413,652,94,0,94,2
2020-03-29,San Diego,073,3302833,1439,521,0,521,7
2020-03-29,San Francisco,075,870044,670,333,0,333,5
2020-03-29,San Joaquin,077,732212,219,86,3,89,4
2020-03-29,San Luis Obispo,079,281455,119,55,0,55,0
2020-03-29,San Mateo,081,765935,692,234,2,236,12
2020-03-29,Santa Barbara,083,443738,204,52,1,53,0
2020-03-29,Santa Clara,085,1922200,1341,591,3,594,30
2020-03-29,Santa Cruz,087,273765,81,33,0,33,1
2020-03-29,Shasta,089,179085,20,4,0,4,1
2020-03-29,Sierra,091,2930,0,0,0,0,0
2020-03-29,Siskiyou,093,43540,4,2,0,2,0
2020-03-29,Solano,095,438530,103,48,0,48,0
2020-03-29,Sonoma,097,501317,143,35,0,35,1
2020-03-29,Stanislaus,099,539301,90,19,3,22,0
2020-03-29,Sutter,101,95872,17,6,0,6,0
2020-03-29,Tehama,103,63373,1,0,0,0,0
2020-03-29,Trinity,105,12862,0,0,0,0,0
2020-03-29,Tulare,107,460477,122,24,3,27,1
2020-03-29,Tuolumne,109,53932,2,1,0,1,0
2020-03-29,Ventura,111,848112,274,92,0,92,2
2020-03-29,Yolo,113,214977,53,13,0,13,1
2020-03-29,Yuba,115,75493,8,3,0,3,0
2020-03-28,Alameda,001,1643700,615,410,1,411,12
2020-03-28,Alpine,003,1148,1,0,0,0,0
2020-03-28,Amador,005,37829,5,2,0,2,0
2020-03-28,Butte,007,227075,14,8,0,8,0
2020-03-28,Calaveras,009,45235,6,4,0,4,0
2020-03-28,Colusa,011,21464,3,2,0,2,0
2020-03-28,Contra Costa,013,1133247,417,350,0,350,4
2020-03-28,Del Norte,015,27424,0,0,0,0,0
2020-03-28,El Dorado,017,186661,31,18,0,18,0
2020-03-28,Fresno,019,978130,193,62,3,65,0
2020-03-28,Glenn,021,27897,2,2,0,2,0
2020-03-28,Humboldt,023,135768,46,18,0,18,0
2020-03-28,Imperial,025,180216,74,18,0,18,0
2020-03-28,Inyo,027,18085,9,0,0,0,0
2020-03-28,Kern,029,883053,213,40,0,40,0
2020-03-28,Kings,031,150075,29,2,1,3,0
2020-03-28,Lake,033,64148,0,0,0,0,0
2020-03-28,Lassen,035,31185,3,0,1,1,0
2020-03-28,Los Angeles,037,10098052,5365,3600,10,3610,64
2020-03-28,Madera,039,155013,43,22,0,22,2
2020-03-28,Marin,041,260295,120,116,0,116,0
2020-03-28,Mariposa,043,17540,0,0,0,0,0
2020-03-28,Mendocino,045,87422,5,4,0,4,0
2020-03-28,Merced,047,269075,27,8,0,8,0
2020-03-28,Modoc,049,8938,0,0,0,0,0
2020-03-28,Mono,051,14174,24,12,0,12,0
2020-03-28,Monterey,053,433212,72,64,0,64,2
2020-03-28,Napa,055,140530,27,10,0,10,0
2020-03-28,Nevada,057,99092,32,22,1,23,0
2020-03-28,Orange,059,3164182,1170,656,13,669,4
2020-03-28,Placer,061,380077,112,70,0,70,2
2020-03-28,Plumas,063,18699,1,0,0,0,0
2020-03-28,Riverside,065,2383286,1011,242,12,254,14
2020-03-28,Sacramento,067,1510023,528,406,0,406,14
2020-03-28,San Benito,069,59416,28,20,0,20,2
2020-03-28,San Bernardino,071,2135413,604,162,0,162,4
2020-03-28,San Diego,073,3302833,1380,980,0,980,14
2020-03-28,San Francisco,075,870044,646,600,0,600,6
2020-03-28,San Joaquin,077,732212,212,166,3,169,8
2020-03-28,San Luis Obispo,079,281455,117,104,0,104,0
2020-03-28,San Mateo,081,765935,672,462,2,464,17
2020-03-28,Santa Barbara,083,443738,194,98,1,99,0
2020-03-28,Santa Clara,085,1922200,1322,1174,3,1177,54
2020-03-28,Santa Cruz,087,273765,80,62,0,62,0
2020-03-28,Shasta,089,179085,20,8,0,8,2
2020-03-28,Sierra,091,2930,0,0,0,0,0
2020-03-28,Siskiyou,093,43540,4,4,0,4,0
2020-03-28,Solano,095,438530,99,96,0,96,0
2020-03-28,Sonoma,097,501317,141,70,0,70,2
2020-03-28,Stanislaus,099,539301,85,34,3,37,0
2020-03-28,Sutter,101,95872,17,6,0,6,0
2020-03-28,Tehama,103,63373,1,0,0,0,0
2020-03-28,Trinity,105,12862,0,0,0,0,0
2020-03-28,Tulare,107,460477,114,46,3,49,0
2020-03-28,Tuolumne,109,53932,2,2,0,2,0
2020-03-28,Ventura,111,848112,270,178,0,178,4
2020-03-28,Yolo,113,214977,52,26,0,26,2
2020-03-28,Yuba,115,75493,8,6,0,6,0
2020-03-27,Alameda,001,1643700,596,185,1,186,4
2020-03-27,Alpine,003,1148,1,0,0,0,0
2020-03-27,Amador,005,37829,4,1,0,1,0
2020-03-27,Butte,007,227075,12,4,0,4,0
2020-03-27,Calaveras,009,45235,6,2,0,2,0
2020-03-27,Colusa,011,21464,3,0,0,0,0
2020-03-27,Contra Costa,013,1133247,396,161,0,161,2
2020-03-27,Del Norte,015,27424,0,0,0,0,0
2020-03-27,El Dorado,017,186661,29,9,0,9,0
2020-03-27,Fresno,019,978130,181,29,2,31,0
2020-03-27,Glenn,021,27897,2,0,0,0,0
2020-03-27,Humboldt,023,135768,42,9,0,9,0
2020-03-27,Imperial,025,180216,69,9,0,9,0
2020-03-27,Inyo,027,18085,9,0,0,0,0
2020-03-27,Kern,029,883053,200,20,0,20,0
2020-03-27,Kings,031,150075,28,0,1,1,0
2020-03-27,Lake,033,64148,0,0,0,0,0
2020-03-27,Lassen,035,31185,3,0,1,1,0
2020-03-27,Los Angeles,037,10098052,4955,1474,10,1484,26
2020-03-27,Madera,039,155013,41,10,0,10,1
2020-03-27,Marin,041,260295,115,58,0,58,0
2020-03-27,Mariposa,043,17540,0,0,0,0,0
2020-03-27,Mendocino,045,87422,5,2,0,2,0
2020-03-27,Merced,047,269075,26,3,0,3,0
2020-03-27,Modoc,049,8938,0,0,0,0,0
2020-03-27,Mono,051,14174,24,6,0,6,0
2020-03-27,Monterey,053,433212,69,26,0,26,1
2020-03-27,Napa,055,140530,27,5,0,5,0
2020-03-27,Nevada,057,99092,32,6,1,7,0
2020-03-27,Orange,059,3164182,1120,299,13,312,2
2020-03-27,Placer,061,380077,109,33,0,33,1
2020-03-27,Plumas,063,18699,0,0,0,0,0
2020-03-27,Riverside,065,2383286,955,121,12,133,7
2020-03-27,Sacramento,067,1510023,505,163,0,163,6
2020-03-27,San Benito,069,59416,27,9,0,9,1
2020-03-27,San Bernardino,071,2135413,514,77,0,77,2
2020-03-27,San Diego,073,3302833,1323,419,0,419,5
2020-03-27,San Francisco,075,870044,621,285,0,285,2
2020-03-27,San Joaquin,077,732212,201,73,3,76,3
2020-03-27,San Luis Obispo,079,281455,115,46,0,46,0
2020-03-27,San Mateo,081,765935,646,213,2,215,7
2020-03-27,Santa Barbara,083,443738,180,37,1,38,0
2020-03-27,Santa Clara,085,1922200,1284,557,3,560,25
2020-03-27,Santa Cruz,087,273765,79,31,0,31,0
2020-03-27,Shasta,089,179085,17,3,0,3,1
2020-03-27,Sierra,091,2930,0,0,0,0,0
2020-03-27,Siskiyou,093,43540,4,2,0,2,0
2020-03-27,Solano,095,438530,93,48,0,48,0
2020-03-27,Sonoma,097,501317,133,35,0,35,1
2020-03-27,Stanislaus,099,539301,83,16,3,19,0
2020-03-27,Sutter,101,95872,16,2,0,2,0
2020-03-27,Tehama,103,63373,1,0,0,0,0
2020-03-27,Trinity,105,12862,0,0,0,0,0
2020-03-27,Tulare,107,460477,106,15,3,18,0
2020-03-27,Tuolumne,109,53932,2,1,0,1,0
2020-03-27,Ventura,111,848112,261,80,0,80,2
2020-03-27,Yolo,113,214977,51,13,0,13,1
2020-03-27,Yuba,115,75493,7,3,0,3,0
2020-03-26,Alameda,001,1643700,556,172,1,173,4
2020-03-26,Alpine,003,1148,1,0,0,0,0
2020-03-26,Amador,005,37829,4,1,0,1,0
2020-03-26,Butte,007,227075,12,4,0,4,0
2020-03-26,Calaveras,009,45235,6,2,0,2,0
2020-03-26,Colusa,011,21464,3,0,0,0,0
2020-03-26,Contra Costa,013,1133247,386,147,0,147,2
2020-03-26,Del Norte,015,27424,0,0,0,0,0
2020-03-26,El Dorado,017,186661,27,7,0,7,0
2020-03-26,Fresno,019,978130,172,25,2,27,0
2020-03-26,Glenn,021,27897,2,0,0,0,0
2020-03-26,Humboldt,023,135768,38,8,0,8,0
2020-03-26,Imperial,025,180216,65,8,0,8,0
2020-03-26,Inyo,027,18085,8,0,0,0,0
2020-03-26,Kern,029,883053,184,20,0,20,0
2020-03-26,Kings,031,150075,28,0,1,1,0
2020-03-26,Lake,033,64148,0,0,0,0,0
2020-03-26,Lassen,035,31185,3,0,1,1,0
2020-03-26,Los Angeles,037,10098052,4549,1075,10,1085,19
2020-03-26,Madera,039,155013,39,8,0,8,0
2020-03-26,Marin,041,260295,106,56,0,56,0
2020-03-26,Mariposa,043,17540,0,0,0,0,0
2020-03-26,Mendocino,045,87422,4,1,0,1,0
2020-03-26,Merced,047,269075,23,1,0,1,0
2020-03-26,Modoc,049,8938,0,0,0,0,0
2020-03-26,Mono,051,14174,23,5,0,5,0
2020-03-26,Monterey,053,433212,66,25,0,25,1
2020-03-26,Napa,055,140530,26,5,0,5,0
2020-03-26,Nevada,057,99092,32,7,1,8,0
2020-03-26,Orange,059,3164182,1058,279,11,290,1
2020-03-26,Placer,061,380077,106,34,0,34,1
2020-03-26,Plumas,063,18699,0,0,0,0,0
2020-03-26,Riverside,065,2383286,884,118,12,130,7
2020-03-26,Sacramento,067,1510023,472,147,0,147,5
2020-03-26,San Benito,069,59416,27,8,0,8,1
2020-03-26,San Bernardino,071,2135413,448,57,0,57,1
2020-03-26,San Diego,073,3302833,1256,299,0,299,2
2020-03-26,San Francisco,075,870044,594,261,0,261,1
2020-03-26,San Joaquin,077,732212,190,69,3,72,3
2020-03-26,San Luis Obispo,079,281455,110,38,0,38,0
2020-03-26,San Mateo,081,765935,612,122,2,124,5
2020-03-26,Santa Barbara,083,443738,167,33,1,34,0
2020-03-26,Santa Clara,085,1922200,1239,487,2,489,20
2020-03-26,Santa Cruz,087,273765,75,30,0,30,0
2020-03-26,Shasta,089,179085,17,3,0,3,1
2020-03-26,Sierra,091,2930,0,0,0,0,0
2020-03-26,Siskiyou,093,43540,4,2,0,2,0
2020-03-26,Solano,095,438530,85,41,0,41,0
2020-03-26,Sonoma,097,501317,128,33,0,33,1
2020-03-26,Stanislaus,099,539301,81,15,3,18,0
2020-03-26,Sutter,101,95872,12,2,0,2,0
2020-03-26,Tehama,103,63373,1,0,0,0,0
2020-03-26,Trinity,105,12862,0,0,0,0,0
2020-03-26,Tulare,107,460477,97,15,3,18,0
2020-03-26,Tuolumne,109,53932,2,0,0,0,0
2020-03-26,Ventura,111,848112,245,70,0,70,1
2020-03-26,Yolo,113,214977,47,13,0,13,1
2020-03-26,Yuba,115,75493,7,3,0,3,0
2020-03-25,Alameda,001,1643700,535,134,1,135,3
2020-03-25,Alpine,003,1148,1,0,0,0,0
2020-03-25,Amador,005,37829,4,1,0,1,0
2020-03-25,Butte,007,227075,12,4,0,4,0
2020-03-25,Calaveras,009,45235,6,2,0,2,0
2020-03-25,Colusa,011,21464,2,0,0,0,0
2020-03-25,Contra Costa,013,1133247,372,131,0,131,1
2020-03-25,Del Norte,015,27424,0,0,0,0,0
2020-03-25,El Dorado,017,186661,27,5,0,5,0
2020-03-25,Fresno,019,978130,152,21,2,23,0
2020-03-25,Glenn,021,27897,2,0,0,0,0
2020-03-25,Humboldt,023,135768,35,3,0,3,0
2020-03-25,Imperial,025,180216,57,8,0,8,0
2020-03-25,Inyo,027,18085,5,0,0,0,0
2020-03-25,Kern,029,883053,164,13,0,13,0
2020-03-25,Kings,031,150075,26,0,1,1,0
2020-03-25,Lake,033,64148,0,0,0,0,0
2020-03-25,Lassen,035,31185,3,0,1,1,0
2020-03-25,Los Angeles,037,10098052,4153,725,10,735,10
2020-03-25,Madera,039,155013,37,6,0,6,0
2020-03-25,Marin,041,260295,100,47,0,47,0
2020-03-25,Mariposa,043,17540,0,0,0,0,0
2020-03-25,Mendocino,045,87422,3,1,0,1,0
2020-03-25,Merced,047,269075,19,0,0,0,0
2020-03-25,Modoc,049,8938,0,0,0,0,0
2020-03-25,Mono,051,14174,22,4,0,4,0
2020-03-25,Monterey,053,433212,63,23,0,23,1
2020-03-25,Napa,055,140530,26,5,0,5,0
2020-03-25,Nevada,057,99092,31,5,1,6,0
2020-03-25,Orange,059,3164182,1000,214,9,223,1
2020-03-25,Placer,061,380077,100,30,0,30,1
2020-03-25,Plumas,063,18699,0,1,0,1,0
2020-03-25,Riverside,065,2383286,813,87,12,99,5
2020-03-25,Sacramento,067,1510023,446,114,0,114,5
2020-03-25,San Benito,069,59416,26,4,0,4,1
2020-03-25,San Bernardino,071,2135413,409,46,0,46,1
2020-03-25,San Diego,073,3302833,1194,238,0,238,2
2020-03-25,San Francisco,075,870044,553,212,0,212,1
2020-03-25,San Joaquin,077,732212,177,64,3,67,2
2020-03-25,San Luis Obispo,079,281455,105,35,0,35,0
2020-03-25,San Mateo,081,765935,577,111,2,113,5
2020-03-25,Santa Barbara,083,443738,157,25,1,26,0
2020-03-25,Santa Clara,085,1922200,1195,452,2,454,20
2020-03-25,Santa Cruz,087,273765,72,26,0,26,0
2020-03-25,Shasta,089,179085,16,3,0,3,1
2020-03-25,Sierra,091,2930,0,0,0,0,0
2020-03-25,Siskiyou,093,43540,4,2,0,2,0
2020-03-25,Solano,095,438530,80,39,0,39,0
2020-03-25,Sonoma,097,501317,123,31,0,31,1
2020-03-25,Stanislaus,099,539301,74,14,3,17,0
2020-03-25,Sutter,101,95872,9,1,0,1,0
2020-03-25,Tehama,103,63373,1,0,0,0,0
2020-03-25,Trinity,105,12862,0,0,0,0,0
2020-03-25,Tulare,107,460477,87,11,3,14,0
2020-03-25,Tuolumne,109,53932,2,0,0,0,0
2020-03-25,Ventura,111,848112,229,53,0,53,1
2020-03-25,Yolo,113,214977,45,9,0,9,1
2020-03-25,Yuba,115,75493,7,2,0,2,0
2020-03-24,Alameda,001,1643700,502,96,1,97,2
2020-03-24,Alpine,003,1148,1,0,0,0,0
2020-03-24,Amador,005,37829,2,1,0,1,0
2020-03-24,Butte,007,227075,11,3,0,3,0
2020-03-24,Calaveras,009,45235,5,2,0,2,0
2020-03-24,Colusa,011,21464,2,0,0,0,0
2020-03-24,Contra Costa,013,1133247,358,108,0,108,1
2020-03-24,Del Norte,015,27424,0,0,0,0,0
2020-03-24,El Dorado,017,186661,27,3,0,3,0
2020-03-24,Fresno,019,978130,133,18,2,20,0
2020-03-24,Glenn,021,27897,2,0,0,0,0
2020-03-24,Humboldt,023,135768,33,2,0,2,0
2020-03-24,Imperial,025,180216,54,3,0,3,0
2020-03-24,Inyo,027,18085,5,0,0,0,0
2020-03-24,Kern,029,883053,144,5,0,5,0
2020-03-24,Kings,031,150075,25,0,1,1,0
2020-03-24,Lake,033,64148,0,0,0,0,0
2020-03-24,Lassen,035,31185,3,0,1,1,0
2020-03-24,Los Angeles,037,10098052,3700,633,10,643,7
2020-03-24,Madera,039,155013,36,6,0,6,0
2020-03-24,Marin,041,260295,89,44,0,44,0
2020-03-24,Mariposa,043,17540,0,0,0,0,0
2020-03-24,Mendocino,045,87422,3,1,0,1,0
2020-03-24,Merced,047,269075,17,0,0,0,0
2020-03-24,Modoc,049,8938,0,0,0,0,0
2020-03-24,Mono,051,14174,21,1,0,1,0
2020-03-24,Monterey,053,433212,59,23,0,23,1
2020-03-24,Napa,055,140530,23,2,0,2,0
2020-03-24,Nevada,057,99092,30,4,1,5,0
2020-03-24,Orange,059,3164182,938,166,9,175,0
2020-03-24,Placer,061,380077,93,22,0,22,1
2020-03-24,Plumas,063,18699,0,1,0,1,0
2020-03-24,Riverside,065,2383286,746,56,12,68,5
2020-03-24,Sacramento,067,1510023,426,93,0,93,4
2020-03-24,San Benito,069,59416,25,4,0,4,1
2020-03-24,San Bernardino,071,2135413,365,27,0,27,0
2020-03-24,San Diego,073,3302833,1127,231,0,231,2
2020-03-24,San Francisco,075,870044,521,181,0,181,1
2020-03-24,San Joaquin,077,732212,166,52,3,55,2
2020-03-24,San Luis Obispo,079,281455,102,32,0,32,0
2020-03-24,San Mateo,081,765935,536,100,2,102,2
2020-03-24,Santa Barbara,083,443738,151,20,1,21,0
2020-03-24,Santa Clara,085,1922200,1126,389,2,391,17
2020-03-24,Santa Cruz,087,273765,67,22,0,22,0
2020-03-24,Shasta,089,179085,15,3,0,3,0
2020-03-24,Sierra,091,2930,0,0,0,0,0
2020-03-24,Siskiyou,093,43540,4,2,0,2,0
2020-03-24,Solano,095,438530,78,34,0,34,0
2020-03-24,Sonoma,097,501317,116,27,0,27,1
2020-03-24,Stanislaus,099,539301,65,13,3,16,0
2020-03-24,Sutter,101,95872,9,0,0,0,0
2020-03-24,Tehama,103,63373,1,0,0,0,0
2020-03-24,Trinity,105,12862,0,0,0,0,0
2020-03-24,Tulare,107,460477,77,10,3,13,0
2020-03-24,Tuolumne,109,53932,2,0,0,0,0
2020-03-24,Ventura,111,848112,213,44,0,44,1
2020-03-24,Yolo,113,214977,41,8,0,8,0
2020-03-24,Yuba,115,75493,7,2,0,2,0
2020-03-23,Alameda,001,1643700,471,88,1,89,1
2020-03-23,Alpine,003,1148,1,0,0,0,0
2020-03-23,Amador,005,37829,2,1,0,1,0
2020-03-23,Butte,007,227075,11,2,0,2,0
2020-03-23,Calaveras,009,45235,5,2,0,2,0
2020-03-23,Colusa,011,21464,1,0,0,0,0
2020-03-23,Contra Costa,013,1133247,338,91,0,91,2
2020-03-23,Del Norte,015,27424,0,0,0,0,0
2020-03-23,El Dorado,017,186661,26,3,0,3,0
2020-03-23,Fresno,019,978130,123,10,2,12,0
2020-03-23,Glenn,021,27897,2,0,0,0,0
2020-03-23,Humboldt,023,135768,31,2,0,2,0
2020-03-23,Imperial,025,180216,50,2,0,2,0
2020-03-23,Inyo,027,18085,3,0,0,0,0
2020-03-23,Kern,029,883053,130,5,0,5,0
2020-03-23,Kings,031,150075,25,0,1,1,0
2020-03-23,Lake,033,64148,0,0,0,0,0
2020-03-23,Lassen,035,31185,3,0,1,1,0
2020-03-23,Los Angeles,037,10098052,3391,389,10,399,4
2020-03-23,Madera,039,155013,36,4,0,4,0
2020-03-23,Marin,041,260295,84,30,0,30,0
2020-03-23,Mariposa,043,17540,0,0,0,0,0
2020-03-23,Mendocino,045,87422,3,1,0,1,0
2020-03-23,Merced,047,269075,11,0,0,0,0
2020-03-23,Modoc,049,8938,0,0,0,0,0
2020-03-23,Mono,051,14174,19,1,0,1,0
2020-03-23,Monterey,053,433212,54,14,0,14,1
2020-03-23,Napa,055,140530,21,1,0,1,0
2020-03-23,Nevada,057,99092,27,2,1,3,0
2020-03-23,Orange,059,3164182,883,138,7,145,0
2020-03-23,Placer,061,380077,90,19,0,19,1
2020-03-23,Plumas,063,18699,0,0,0,0,0
2020-03-23,Riverside,065,2383286,703,39,12,51,5
2020-03-23,Sacramento,067,1510023,393,87,0,87,4
2020-03-23,San Benito,069,59416,24,4,0,4,1
2020-03-23,San Bernardino,071,2135413,335,17,0,17,0
2020-03-23,San Diego,073,3302833,1068,178,0,178,1
2020-03-23,San Francisco,075,870044,492,152,0,152,0
2020-03-23,San Joaquin,077,732212,154,37,3,40,2
2020-03-23,San Luis Obispo,079,281455,96,23,0,23,0
2020-03-23,San Mateo,081,765935,497,88,2,90,1
2020-03-23,Santa Barbara,083,443738,133,18,1,19,0
2020-03-23,Santa Clara,085,1922200,1077,336,2,338,13
2020-03-23,Santa Cruz,087,273765,65,21,0,21,0
2020-03-23,Shasta,089,179085,13,2,0,2,0
2020-03-23,Sierra,091,2930,0,0,0,0,0
2020-03-23,Siskiyou,093,43540,4,2,0,2,0
2020-03-23,Solano,095,438530,74,33,0,33,0
2020-03-23,Sonoma,097,501317,104,19,0,19,1
2020-03-23,Stanislaus,099,539301,57,10,3,13,0
2020-03-23,Sutter,101,95872,9,0,0,0,0
2020-03-23,Tehama,103,63373,1,0,0,0,0
2020-03-23,Trinity,105,12862,0,0,0,0,0
2020-03-23,Tulare,107,460477,68,9,3,12,0
2020-03-23,Tuolumne,109,53932,2,0,0,0,0
2020-03-23,Ventura,111,848112,196,30,0,30,0
2020-03-23,Yolo,113,214977,40,8,0,8,0
2020-03-23,Yuba,115,75493,7,2,0,2,0
2020-03-22,Alameda,001,1643700,432,72,1,73,1
2020-03-22,Alpine,003,1148,1,0,0,0,0
2020-03-22,Amador,005,37829,2,1,0,1,0
2020-03-22,Butte,007,227075,8,1,0,1,0
2020-03-22,Calaveras,009,45235,4,2,0,2,0
2020-03-22,Colusa,011,21464,1,0,0,0,0
2020-03-22,Contra Costa,013,1133247,311,79,0,79,1
2020-03-22,Del Norte,015,27424,0,0,0,0,0
2020-03-22,El Dorado,017,186661,24,1,0,1,0
2020-03-22,Fresno,019,978130,103,8,2,10,0
2020-03-22,Glenn,021,27897,2,0,0,0,0
2020-03-22,Humboldt,023,135768,28,1,0,1,0
2020-03-22,Imperial,025,180216,48,2,0,2,0
2020-03-22,Inyo,027,18085,1,0,0,0,0
2020-03-22,Kern,029,883053,114,3,0,3,0
2020-03-22,Kings,031,150075,22,0,1,1,0
2020-03-22,Lake,033,64148,0,0,0,0,0
2020-03-22,Lassen,035,31185,3,0,1,1,0
2020-03-22,Los Angeles,037,10098052,3069,384,10,394,3
2020-03-22,Madera,039,155013,33,4,0,4,0
2020-03-22,Marin,041,260295,74,30,0,30,0
2020-03-22,Mariposa,043,17540,0,0,0,0,0
2020-03-22,Mendocino,045,87422,3,1,0,1,0
2020-03-22,Merced,047,269075,7,0,0,0,0
2020-03-22,Modoc,049,8938,0,0,0,0,0
2020-03-22,Mono,051,14174,14,1,0,1,0
2020-03-22,Monterey,053,433212,51,14,0,14,1
2020-03-22,Napa,055,140530,17,1,0,1,0
2020-03-22,Nevada,057,99092,23,2,1,3,0
2020-03-22,Orange,059,3164182,810,102,4,106,0
2020-03-22,Placer,061,380077,88,18,0,18,1
2020-03-22,Plumas,063,18699,0,0,0,0,0
2020-03-22,Riverside,065,2383286,613,26,8,34,5
2020-03-22,Sacramento,067,1510023,361,82,0,82,4
2020-03-22,San Benito,069,59416,19,4,0,4,1
2020-03-22,San Bernardino,071,2135413,291,16,0,16,0
2020-03-22,San Diego,073,3302833,980,161,0,161,0
2020-03-22,San Francisco,075,870044,455,134,0,134,0
2020-03-22,San Joaquin,077,732212,140,30,3,33,2
2020-03-22,San Luis Obispo,079,281455,89,19,0,19,0
2020-03-22,San Mateo,081,765935,464,82,2,84,1
2020-03-22,Santa Barbara,083,443738,119,16,1,17,0
2020-03-22,Santa Clara,085,1922200,1013,284,2,286,13
2020-03-22,Santa Cruz,087,273765,64,19,0,19,0
2020-03-22,Shasta,089,179085,13,1,0,1,0
2020-03-22,Sierra,091,2930,0,0,0,0,0
2020-03-22,Siskiyou,093,43540,4,2,0,2,0
2020-03-22,Solano,095,438530,65,30,0,30,0
2020-03-22,Sonoma,097,501317,99,18,0,18,1
2020-03-22,Stanislaus,099,539301,51,8,3,11,0
2020-03-22,Sutter,101,95872,8,0,0,0,0
2020-03-22,Tehama,103,63373,0,0,0,0,0
2020-03-22,Trinity,105,12862,0,0,0,0,0
2020-03-22,Tulare,107,460477,62,5,3,8,0
2020-03-22,Tuolumne,109,53932,2,0,0,0,0
2020-03-22,Ventura,111,848112,174,26,0,26,0
2020-03-22,Yolo,113,214977,34,6,0,6,0
2020-03-22,Yuba,115,75493,7,2,0,2,0
2020-03-21,Alameda,001,1643700,408,62,1,63,0
2020-03-21,Alpine,003,1148,1,0,0,0,0
2020-03-21,Amador,005,37829,2,1,0,1,0
2020-03-21,Butte,007,227075,7,1,0,1,0
2020-03-21,Calaveras,009,45235,4,2,0,2,0
2020-03-21,Colusa,011,21464,1,0,0,0,0
2020-03-21,Contra Costa,013,1133247,300,62,0,62,1
2020-03-21,Del Norte,015,27424,0,0,0,0,0
2020-03-21,El Dorado,017,186661,21,1,0,1,0
2020-03-21,Fresno,019,978130,99,8,2,10,0
2020-03-21,Glenn,021,27897,2,0,0,0,0
2020-03-21,Humboldt,023,135768,25,1,0,1,0
2020-03-21,Imperial,025,180216,44,2,0,2,0
2020-03-21,Inyo,027,18085,1,0,0,0,0
2020-03-21,Kern,029,883053,108,3,0,3,0
2020-03-21,Kings,031,150075,22,0,1,1,0
2020-03-21,Lake,033,64148,0,0,0,0,0
2020-03-21,Lassen,035,31185,3,0,1,1,0
2020-03-21,Los Angeles,037,10098052,2796,322,10,332,2
2020-03-21,Madera,039,155013,33,4,0,4,0
2020-03-21,Marin,041,260295,69,30,0,30,0
2020-03-21,Mariposa,043,17540,0,0,0,0,0
2020-03-21,Mendocino,045,87422,3,1,0,1,0
2020-03-21,Merced,047,269075,6,0,0,0,0
2020-03-21,Modoc,049,8938,0,0,0,0,0
2020-03-21,Mono,051,14174,14,1,0,1,0
2020-03-21,Monterey,053,433212,48,8,0,8,1
2020-03-21,Napa,055,140530,17,0,0,0,0
2020-03-21,Nevada,057,99092,23,2,1,3,0
2020-03-21,Orange,059,3164182,761,85,4,89,0
2020-03-21,Placer,061,380077,78,11,0,11,1
2020-03-21,Plumas,063,18699,0,0,0,0,0
2020-03-21,Riverside,065,2383286,566,20,8,28,3
2020-03-21,Sacramento,067,1510023,334,66,0,66,3
2020-03-21,San Benito,069,59416,17,4,0,4,1
2020-03-21,San Bernardino,071,2135413,271,13,0,13,0
2020-03-21,San Diego,073,3302833,903,121,0,121,0
2020-03-21,San Francisco,075,870044,419,106,0,106,0
2020-03-21,San Joaquin,077,732212,131,26,3,29,2
2020-03-21,San Luis Obispo,079,281455,84,16,0,16,0
2020-03-21,San Mateo,081,765935,426,78,2,80,1
2020-03-21,Santa Barbara,083,443738,109,8,1,9,0
2020-03-21,Santa Clara,085,1922200,951,269,2,271,10
2020-03-21,Santa Cruz,087,273765,62,17,0,17,0
2020-03-21,Shasta,089,179085,12,1,0,1,0
2020-03-21,Sierra,091,2930,0,0,0,0,0
2020-03-21,Siskiyou,093,43540,4,0,0,0,0
2020-03-21,Solano,095,438530,63,30,0,30,0
2020-03-21,Sonoma,097,501317,98,15,0,15,1
2020-03-21,Stanislaus,099,539301,45,7,3,10,0
2020-03-21,Sutter,101,95872,7,0,0,0,0
2020-03-21,Tehama,103,63373,0,0,0,0,0
2020-03-21,Trinity,105,12862,0,0,0,0,0
2020-03-21,Tulare,107,460477,54,5,3,8,0
2020-03-21,Tuolumne,109,53932,2,0,0,0,0
2020-03-21,Ventura,111,848112,166,22,0,22,0
2020-03-21,Yolo,113,214977,34,6,0,6,0
2020-03-21,Yuba,115,75493,7,1,0,1,0
2020-03-20,Alameda,001,1643700,387,42,1,43,0
2020-03-20,Alpine,003,1148,1,0,0,0,0
2020-03-20,Amador,005,37829,1,0,0,0,0
2020-03-20,Butte,007,227075,7,0,0,0,0
2020-03-20,Calaveras,009,45235,4,2,0,2,0
2020-03-20,Colusa,011,21464,1,0,0,0,0
2020-03-20,Contra Costa,013,1133247,270,52,0,52,1
2020-03-20,Del Norte,015,27424,0,0,0,0,0
2020-03-20,El Dorado,017,186661,20,1,0,1,0
2020-03-20,Fresno,019,978130,96,7,2,9,0
2020-03-20,Glenn,021,27897,1,0,0,0,0
2020-03-20,Humboldt,023,135768,25,1,0,1,0
2020-03-20,Imperial,025,180216,43,2,0,2,0
2020-03-20,Inyo,027,18085,0,0,0,0,0
2020-03-20,Kern,029,883053,93,3,0,3,0
2020-03-20,Kings,031,150075,21,0,1,1,0
2020-03-20,Lake,033,64148,0,0,0,0,0
2020-03-20,Lassen,035,31185,3,0,1,1,0
2020-03-20,Los Angeles,037,10098052,2568,267,9,276,1
2020-03-20,Madera,039,155013,32,4,0,4,0
2020-03-20,Marin,041,260295,66,30,0,30,0
2020-03-20,Mariposa,043,17540,0,0,0,0,0
2020-03-20,Mendocino,045,87422,3,1,0,1,0
2020-03-20,Merced,047,269075,6,0,0,0,0
2020-03-20,Modoc,049,8938,0,0,0,0,0
2020-03-20,Mono,051,14174,14,0,0,0,0
2020-03-20,Monterey,053,433212,47,4,0,4,0
2020-03-20,Napa,055,140530,16,0,0,0,0
2020-03-20,Nevada,057,99092,20,2,1,3,0
2020-03-20,Orange,059,3164182,714,71,4,75,2
2020-03-20,Placer,061,380077,72,9,0,9,1
2020-03-20,Plumas,063,18699,0,0,0,0,0
2020-03-20,Riverside,065,2383286,507,19,8,27,3
2020-03-20,Sacramento,067,1510023,313,56,0,56,4
2020-03-20,San Benito,069,59416,17,4,0,4,1
2020-03-20,San Bernardino,071,2135413,244,9,0,9,0
2020-03-20,San Diego,073,3302833,851,98,0,98,0
2020-03-20,San Francisco,075,870044,387,87,0,87,0
2020-03-20,San Joaquin,077,732212,116,18,3,21,2
2020-03-20,San Luis Obispo,079,281455,80,11,0,11,0
2020-03-20,San Mateo,081,765935,396,71,2,73,1
2020-03-20,Santa Barbara,083,443738,97,7,1,8,0
2020-03-20,Santa Clara,085,1922200,914,246,2,248,8
2020-03-20,Santa Cruz,087,273765,60,13,0,13,0
2020-03-20,Shasta,089,179085,11,1,0,1,0
2020-03-20,Sierra,091,2930,0,0,0,0,0
2020-03-20,Siskiyou,093,43540,4,0,0,0,0
2020-03-20,Solano,095,438530,59,29,0,29,0
2020-03-20,Sonoma,097,501317,90,7,0,7,0
2020-03-20,Stanislaus,099,539301,39,7,3,10,0
2020-03-20,Sutter,101,95872,7,0,0,0,0
2020-03-20,Tehama,103,63373,0,0,0,0,0
2020-03-20,Trinity,105,12862,0,0,0,0,0
2020-03-20,Tulare,107,460477,50,4,3,7,0
2020-03-20,Tuolumne,109,53932,2,0,0,0,0
2020-03-20,Ventura,111,848112,156,18,0,18,0
2020-03-20,Yolo,113,214977,32,5,0,5,0
2020-03-20,Yuba,115,75493,6,0,0,0,0
2020-03-19,Alameda,001,1643700,351,36,1,37,0
2020-03-19,Alpine,003,1148,1,0,0,0,0
2020-03-19,Amador,005,37829,1,0,0,0,0
2020-03-19,Butte,007,227075,5,0,0,0,0
2020-03-19,Calaveras,009,45235,4,2,0,2,0
2020-03-19,Colusa,011,21464,0,0,0,0,0
2020-03-19,Contra Costa,013,1133247,254,46,0,46,0
2020-03-19,Del Norte,015,27424,0,0,0,0,0
2020-03-19,El Dorado,017,186661,18,0,0,0,0
2020-03-19,Fresno,019,978130,87,6,2,8,0
2020-03-19,Glenn,021,27897,1,0,0,0,0
2020-03-19,Humboldt,023,135768,23,1,0,1,0
2020-03-19,Imperial,025,180216,36,2,0,2,0
2020-03-19,Inyo,027,18085,0,0,0,0,0
2020-03-19,Kern,029,883053,81,3,0,3,0
2020-03-19,Kings,031,150075,17,0,1,1,0
2020-03-19,Lake,033,64148,0,0,0,0,0
2020-03-19,Lassen,035,31185,2,0,1,1,0
2020-03-19,Los Angeles,037,10098052,2282,233,9,242,0
2020-03-19,Madera,039,155013,31,3,0,3,0
2020-03-19,Marin,041,260295,63,19,0,19,0
2020-03-19,Mariposa,043,17540,0,0,0,0,0
2020-03-19,Mendocino,045,87422,2,1,0,1,0
2020-03-19,Merced,047,269075,5,0,0,0,0
2020-03-19,Modoc,049,8938,0,0,0,0,0
2020-03-19,Mono,051,14174,12,0,0,0,0
2020-03-19,Monterey,053,433212,39,3,0,3,0
2020-03-19,Napa,055,140530,14,0,0,0,0
2020-03-19,Nevada,057,99092,18,2,1,3,0
2020-03-19,Orange,059,3164182,633,59,4,63,0
2020-03-19,Placer,061,380077,64,8,0,8,1
2020-03-19,Plumas,063,18699,0,0,0,0,0
2020-03-19,Riverside,065,2383286,396,14,6,20,3
2020-03-19,Sacramento,067,1510023,280,52,0,52,3
2020-03-19,San Benito,069,59416,14,3,0,3,0
2020-03-19,San Bernardino,071,2135413,214,7,0,7,0
2020-03-19,San Diego,073,3302833,768,68,0,68,0
2020-03-19,San Francisco,075,870044,351,80,0,80,0
2020-03-19,San Joaquin,077,732212,102,15,3,18,2
2020-03-19,San Luis Obispo,079,281455,77,6,0,6,0
2020-03-19,San Mateo,081,765935,361,58,2,60,1
2020-03-19,Santa Barbara,083,443738,85,5,0,5,0
2020-03-19,Santa Clara,085,1922200,847,183,2,185,8
2020-03-19,Santa Cruz,087,273765,57,13,0,13,0
2020-03-19,Shasta,089,179085,10,1,0,1,0
2020-03-19,Sierra,091,2930,0,0,0,0,0
2020-03-19,Siskiyou,093,43540,3,0,0,0,0
2020-03-19,Solano,095,438530,55,26,0,26,0
2020-03-19,Sonoma,097,501317,87,8,0,8,0
2020-03-19,Stanislaus,099,539301,38,7,3,10,0
2020-03-19,Sutter,101,95872,7,0,0,0,0
2020-03-19,Tehama,103,63373,0,0,0,0,0
2020-03-19,Trinity,105,12862,0,0,0,0,0
2020-03-19,Tulare,107,460477,44,3,3,6,0
2020-03-19,Tuolumne,109,53932,2,0,0,0,0
2020-03-19,Ventura,111,848112,134,15,0,15,0
2020-03-19,Yolo,113,214977,28,5,0,5,0
2020-03-19,Yuba,115,75493,5,0,0,0,0
2020-03-18,Alameda,001,1643700,323,29,1,30,0
2020-03-18,Alpine,003,1148,1,0,0,0,0
2020-03-18,Amador,005,37829,1,0,0,0,0
2020-03-18,Butte,007,227075,4,0,0,0,0
2020-03-18,Calaveras,009,45235,4,2,0,2,0
2020-03-18,Colusa,011,21464,0,0,0,0,0
2020-03-18,Contra Costa,013,1133247,232,44,0,44,0
2020-03-18,Del Norte,015,27424,0,0,0,0,0
2020-03-18,El Dorado,017,186661,17,0,0,0,0
2020-03-18,Fresno,019,978130,78,3,1,4,0
2020-03-18,Glenn,021,27897,1,0,0,0,0
2020-03-18,Humboldt,023,135768,19,1,0,1,0
2020-03-18,Imperial,025,180216,30,2,0,2,0
2020-03-18,Inyo,027,18085,0,0,0,0,0
2020-03-18,Kern,029,883053,66,1,0,1,0
2020-03-18,Kings,031,150075,15,0,1,1,0
2020-03-18,Lake,033,64148,0,0,0,0,0
2020-03-18,Lassen,035,31185,1,0,1,1,0
2020-03-18,Los Angeles,037,10098052,2041,47,9,56,0
2020-03-18,Madera,039,155013,30,2,0,2,0
2020-03-18,Marin,041,260295,58,10,0,10,0
2020-03-18,Mariposa,043,17540,0,0,0,0,0
2020-03-18,Mendocino,045,87422,2,0,0,0,0
2020-03-18,Merced,047,269075,5,0,0,0,0
2020-03-18,Modoc,049,8938,0,0,0,0,0
2020-03-18,Mono,051,14174,11,0,0,0,0
2020-03-18,Monterey,053,433212,31,1,0,1,0
2020-03-18,Napa,055,140530,11,0,0,0,0
2020-03-18,Nevada,057,99092,16,2,1,3,0
2020-03-18,Orange,059,3164182,576,38,4,42,0
2020-03-18,Placer,061,380077,57,8,0,8,1
2020-03-18,Plumas,063,18699,0,0,0,0,0
2020-03-18,Riverside,065,2383286,333,11,5,16,2
2020-03-18,Sacramento,067,1510023,257,46,0,46,3
2020-03-18,San Benito,069,59416,13,3,0,3,0
2020-03-18,San Bernardino,071,2135413,192,3,0,3,0
2020-03-18,San Diego,073,3302833,683,40,0,40,0
2020-03-18,San Francisco,075,870044,332,65,0,65,0
2020-03-18,San Joaquin,077,732212,90,14,3,17,2
2020-03-18,San Luis Obispo,079,281455,70,5,0,5,0
2020-03-18,San Mateo,081,765935,340,57,2,59,1
2020-03-18,Santa Barbara,083,443738,77,2,0,2,0
2020-03-18,Santa Clara,085,1922200,796,151,2,153,6
2020-03-18,Santa Cruz,087,273765,55,11,0,11,0
2020-03-18,Shasta,089,179085,9,1,0,1,0
2020-03-18,Sierra,091,2930,0,0,0,0,0
2020-03-18,Siskiyou,093,43540,3,0,0,0,0
2020-03-18,Solano,095,438530,51,26,0,26,0
2020-03-18,Sonoma,097,501317,78,6,0,6,0
2020-03-18,Stanislaus,099,539301,34,5,2,7,0
2020-03-18,Sutter,101,95872,5,0,0,0,0
2020-03-18,Tehama,103,63373,0,0,0,0,0
2020-03-18,Trinity,105,12862,0,0,0,0,0
2020-03-18,Tulare,107,460477,34,3,3,6,0
2020-03-18,Tuolumne,109,53932,2,0,0,0,0
2020-03-18,Ventura,111,848112,115,11,0,11,0
2020-03-18,Yolo,113,214977,25,4,0,4,0
2020-03-18,Yuba,115,75493,4,0,0,0,0
2020-03-17,Alameda,001,1643700,291,19,0,19,0
2020-03-17,Alpine,003,1148,0,0,0,0,0
2020-03-17,Amador,005,37829,1,0,0,0,0
2020-03-17,Butte,007,227075,4,0,0,0,0
2020-03-17,Calaveras,009,45235,4,2,0,2,0
2020-03-17,Colusa,011,21464,0,0,0,0,0
2020-03-17,Contra Costa,013,1133247,210,37,0,37,0
2020-03-17,Del Norte,015,27424,0,0,0,0,0
2020-03-17,El Dorado,017,186661,16,0,0,0,0
2020-03-17,Fresno,019,978130,68,2,1,3,0
2020-03-17,Glenn,021,27897,1,0,0,0,0
2020-03-17,Humboldt,023,135768,17,1,0,1,0
2020-03-17,Imperial,025,180216,24,2,0,2,0
2020-03-17,Inyo,027,18085,0,0,0,0,0
2020-03-17,Kern,029,883053,52,0,0,0,0
2020-03-17,Kings,031,150075,12,0,1,1,0
2020-03-17,Lake,033,64148,0,0,0,0,0
2020-03-17,Lassen,035,31185,1,0,1,1,0
2020-03-17,Los Angeles,037,10098052,1838,41,9,50,0
2020-03-17,Madera,039,155013,22,2,0,2,0
2020-03-17,Marin,041,260295,51,4,0,4,0
2020-03-17,Mariposa,043,17540,0,0,0,0,0
2020-03-17,Mendocino,045,87422,2,0,0,0,0
2020-03-17,Merced,047,269075,5,0,0,0,0
2020-03-17,Modoc,049,8938,0,0,0,0,0
2020-03-17,Mono,051,14174,9,0,0,0,0
2020-03-17,Monterey,053,433212,29,0,0,0,0
2020-03-17,Napa,055,140530,8,0,0,0,0
2020-03-17,Nevada,057,99092,15,1,1,2,0
2020-03-17,Orange,059,3164182,498,24,3,27,0
2020-03-17,Placer,061,380077,47,7,0,7,1
2020-03-17,Plumas,063,18699,0,0,0,0,0
2020-03-17,Riverside,065,2383286,271,11,5,16,0
2020-03-17,Sacramento,067,1510023,237,36,0,36,1
2020-03-17,San Benito,069,59416,12,2,0,2,0
2020-03-17,San Bernardino,071,2135413,164,2,0,2,0
2020-03-17,San Diego,073,3302833,616,17,0,17,0
2020-03-17,San Francisco,075,870044,305,46,0,46,0
2020-03-17,San Joaquin,077,732212,84,11,3,14,0
2020-03-17,San Luis Obispo,079,281455,62,1,0,1,0
2020-03-17,San Mateo,081,765935,308,46,2,48,1
2020-03-17,Santa Barbara,083,443738,65,0,0,0,0
2020-03-17,Santa Clara,085,1922200,738,121,2,123,4
2020-03-17,Santa Cruz,087,273765,52,10,0,10,0
2020-03-17,Shasta,089,179085,5,1,0,1,0
2020-03-17,Sierra,091,2930,0,0,0,0,0
2020-03-17,Siskiyou,093,43540,3,0,0,0,0
2020-03-17,Solano,095,438530,48,27,0,27,0
2020-03-17,Sonoma,097,501317,70,4,0,4,0
2020-03-17,Stanislaus,099,539301,31,4,2,6,0
2020-03-17,Sutter,101,95872,5,0,0,0,0
2020-03-17,Tehama,103,63373,0,0,0,0,0
2020-03-17,Trinity,105,12862,0,0,0,0,0
2020-03-17,Tulare,107,460477,29,2,3,5,0
2020-03-17,Tuolumne,109,53932,2,0,0,0,0
2020-03-17,Ventura,111,848112,98,7,0,7,0
2020-03-17,Yolo,113,214977,21,2,0,2,0
2020-03-17,Yuba,115,75493,4,0,0,0,0
2020-03-16,Alameda,001,1643700,262,17,0,17,0
2020-03-16,Alpine,003,1148,0,0,0,0,0
2020-03-16,Amador,005,37829,1,0,0,0,0
2020-03-16,Butte,007,227075,3,0,0,0,0
2020-03-16,Calaveras,009,45235,4,2,0,2,0
2020-03-16,Colusa,011,21464,0,0,0,0,0
2020-03-16,Contra Costa,013,1133247,186,36,0,36,0
2020-03-16,Del Norte,015,27424,0,0,0,0,0
2020-03-16,El Dorado,017,186661,15,0,0,0,0
2020-03-16,Fresno,019,978130,53,2,1,3,0
2020-03-16,Glenn,021,27897,0,0,0,0,0
2020-03-16,Humboldt,023,135768,13,1,0,1,0
2020-03-16,Imperial,025,180216,19,2,0,2,0
2020-03-16,Inyo,027,18085,0,0,0,0,0
2020-03-16,Kern,029,883053,43,0,0,0,0
2020-03-16,Kings,031,150075,11,0,1,1,0
2020-03-16,Lake,033,64148,0,0,0,0,0
2020-03-16,Lassen,035,31185,1,0,0,0,0
2020-03-16,Los Angeles,037,10098052,1602,43,9,52,0
2020-03-16,Madera,039,155013,21,2,0,2,0
2020-03-16,Marin,041,260295,48,4,0,4,0
2020-03-16,Mariposa,043,17540,0,0,0,0,0
2020-03-16,Mendocino,045,87422,2,0,0,0,0
2020-03-16,Merced,047,269075,5,0,0,0,0
2020-03-16,Modoc,049,8938,0,0,0,0,0
2020-03-16,Mono,051,14174,7,0,0,0,0
2020-03-16,Monterey,053,433212,28,0,0,0,0
2020-03-16,Napa,055,140530,7,0,0,0,0
2020-03-16,Nevada,057,99092,11,1,1,2,0
2020-03-16,Orange,059,3164182,415,18,3,21,0
2020-03-16,Placer,061,380077,39,7,0,7,1
2020-03-16,Plumas,063,18699,0,0,0,0,0
2020-03-16,Riverside,065,2383286,235,10,5,15,0
2020-03-16,Sacramento,067,1510023,210,34,0,34,1
2020-03-16,San Benito,069,59416,8,2,0,2,0
2020-03-16,San Bernardino,071,2135413,144,1,0,1,0
2020-03-16,San Diego,073,3302833,525,17,0,17,0
2020-03-16,San Francisco,075,870044,267,40,0,40,0
2020-03-16,San Joaquin,077,732212,74,9,3,12,0
2020-03-16,San Luis Obispo,079,281455,55,1,0,1,0
2020-03-16,San Mateo,081,765935,269,42,2,44,1
2020-03-16,Santa Barbara,083,443738,55,0,0,0,0
2020-03-16,Santa Clara,085,1922200,658,115,1,116,2
2020-03-16,Santa Cruz,087,273765,45,9,0,9,0
2020-03-16,Shasta,089,179085,5,1,0,1,0
2020-03-16,Sierra,091,2930,0,0,0,0,0
2020-03-16,Siskiyou,093,43540,2,0,0,0,0
2020-03-16,Solano,095,438530,43,27,0,27,0
2020-03-16,Sonoma,097,501317,62,4,0,4,0
2020-03-16,Stanislaus,099,539301,27,2,2,4,0
2020-03-16,Sutter,101,95872,3,0,0,0,0
2020-03-16,Tehama,103,63373,0,0,0,0,0
2020-03-16,Trinity,105,12862,0,0,0,0,0
2020-03-16,Tulare,107,460477,25,2,3,5,0
2020-03-16,Tuolumne,109,53932,2,0,0,0,0
2020-03-16,Ventura,111,848112,88,7,0,7,0
2020-03-16,Yolo,113,214977,19,2,0,2,0
2020-03-16,Yuba,115,75493,3,0,0,0,0
2020-03-15,Alameda,001,1643700,215,17,0,17,0
2020-03-15,Alpine,003,1148,0,0,0,0,0
2020-03-15,Amador,005,37829,1,0,0,0,0
2020-03-15,Butte,007,227075,3,0,0,0,0
2020-03-15,Calaveras,009,45235,2,2,0,2,0
2020-03-15,Colusa,011,21464,0,0,0,0,0
2020-03-15,Contra Costa,013,1133247,161,34,0,34,0
2020-03-15,Del Norte,015,27424,0,0,0,0,0
2020-03-15,El Dorado,017,186661,14,0,0,0,0
2020-03-15,Fresno,019,978130,33,1,1,2,0
2020-03-15,Glenn,021,27897,0,0,0,0,0
2020-03-15,Humboldt,023,135768,11,1,0,1,0
2020-03-15,Imperial,025,180216,14,2,0,2,0
2020-03-15,Inyo,027,18085,0,0,0,0,0
2020-03-15,Kern,029,883053,37,0,0,0,0
2020-03-15,Kings,031,150075,11,0,1,1,0
2020-03-15,Lake,033,64148,0,0,0,0,0
2020-03-15,Lassen,035,31185,1,0,0,0,0
2020-03-15,Los Angeles,037,10098052,1360,41,9,50,0
2020-03-15,Madera,039,155013,20,2,0,2,0
2020-03-15,Marin,041,260295,41,3,0,3,0
2020-03-15,Mariposa,043,17540,0,0,0,0,0
2020-03-15,Mendocino,045,87422,2,0,0,0,0
2020-03-15,Merced,047,269075,3,0,0,0,0
2020-03-15,Modoc,049,8938,0,0,0,0,0
2020-03-15,Mono,051,14174,6,0,0,0,0
2020-03-15,Monterey,053,433212,21,0,0,0,0
2020-03-15,Napa,055,140530,7,0,0,0,0
2020-03-15,Nevada,057,99092,11,0,1,1,0
2020-03-15,Orange,059,3164182,347,16,1,17,0
2020-03-15,Placer,061,380077,33,7,0,7,1
2020-03-15,Plumas,063,18699,0,0,0,0,0
2020-03-15,Riverside,065,2383286,183,10,5,15,0
2020-03-15,Sacramento,067,1510023,174,30,0,30,1
2020-03-15,San Benito,069,59416,8,2,0,2,0
2020-03-15,San Bernardino,071,2135413,122,0,0,0,0
2020-03-15,San Diego,073,3302833,438,16,0,16,0
2020-03-15,San Francisco,075,870044,209,31,0,31,0
2020-03-15,San Joaquin,077,732212,63,6,3,9,0
2020-03-15,San Luis Obispo,079,281455,45,1,0,1,0
2020-03-15,San Mateo,081,765935,235,29,1,30,1
2020-03-15,Santa Barbara,083,443738,46,0,0,0,0
2020-03-15,Santa Clara,085,1922200,586,79,1,80,2
2020-03-15,Santa Cruz,087,273765,38,8,0,8,0
2020-03-15,Shasta,089,179085,5,1,0,1,0
2020-03-15,Sierra,091,2930,0,0,0,0,0
2020-03-15,Siskiyou,093,43540,2,0,0,0,0
2020-03-15,Solano,095,438530,42,26,0,26,0
2020-03-15,Sonoma,097,501317,53,4,0,4,0
2020-03-15,Stanislaus,099,539301,26,2,2,4,0
2020-03-15,Sutter,101,95872,2,0,0,0,0
2020-03-15,Tehama,103,63373,0,0,0,0,0
2020-03-15,Trinity,105,12862,0,0,0,0,0
2020-03-15,Tulare,107,460477,19,2,3,5,0
2020-03-15,Tuolumne,109,53932,1,0,0,0,0
2020-03-15,Ventura,111,848112,77,5,0,5,0
2020-03-15,Yolo,113,214977,15,2,0,2,0
2020-03-15,Yuba,115,75493,2,0,0,0,0
2020-03-14,Alameda,001,1643700,196,11,0,11,0
2020-03-14,Alpine,003,1148,0,0,0,0,0
2020-03-14,Amador,005,37829,1,0,0,0,0
2020-03-14,Butte,007,227075,2,0,0,0,0
2020-03-14,Calaveras,009,45235,2,2,0,2,0
2020-03-14,Colusa,011,21464,0,0,0,0,0
2020-03-14,Contra Costa,013,1133247,139,30,0,30,0
2020-03-14,Del Norte,015,27424,0,0,0,0,0
2020-03-14,El Dorado,017,186661,12,0,0,0,0
2020-03-14,Fresno,019,978130,25,1,1,2,0
2020-03-14,Glenn,021,27897,0,0,0,0,0
2020-03-14,Humboldt,023,135768,7,1,0,1,0
2020-03-14,Imperial,025,180216,10,2,0,2,0
2020-03-14,Inyo,027,18085,0,0,0,0,0
2020-03-14,Kern,029,883053,32,0,0,0,0
2020-03-14,Kings,031,150075,11,0,1,1,0
2020-03-14,Lake,033,64148,0,0,0,0,0
2020-03-14,Lassen,035,31185,1,0,0,0,0
2020-03-14,Los Angeles,037,10098052,1181,35,9,44,0
2020-03-14,Madera,039,155013,19,2,0,2,0
2020-03-14,Marin,041,260295,37,3,0,3,0
2020-03-14,Mariposa,043,17540,0,0,0,0,0
2020-03-14,Mendocino,045,87422,2,0,0,0,0
2020-03-14,Merced,047,269075,3,0,0,0,0
2020-03-14,Modoc,049,8938,0,0,0,0,0
2020-03-14,Mono,051,14174,5,0,0,0,0
2020-03-14,Monterey,053,433212,15,0,0,0,0
2020-03-14,Napa,055,140530,5,0,0,0,0
2020-03-14,Nevada,057,99092,8,0,1,1,0
2020-03-14,Orange,059,3164182,308,14,0,14,0
2020-03-14,Placer,061,380077,29,6,0,6,1
2020-03-14,Plumas,063,18699,0,0,0,0,0
2020-03-14,Riverside,065,2383286,163,10,5,15,0
2020-03-14,Sacramento,067,1510023,152,31,0,31,1
2020-03-14,San Benito,069,59416,8,2,0,2,0
2020-03-14,San Bernardino,071,2135413,103,0,0,0,0
2020-03-14,San Diego,073,3302833,363,10,0,10,0
2020-03-14,San Francisco,075,870044,188,29,0,29,0
2020-03-14,San Joaquin,077,732212,54,6,3,9,0
2020-03-14,San Luis Obispo,079,281455,40,0,0,0,0
2020-03-14,San Mateo,081,765935,212,27,1,28,0
2020-03-14,Santa Barbara,083,443738,37,0,0,0,0
2020-03-14,Santa Clara,085,1922200,530,62,1,63,2
2020-03-14,Santa Cruz,087,273765,33,8,0,8,0
2020-03-14,Shasta,089,179085,5,1,0,1,0
2020-03-14,Sierra,091,2930,0,0,0,0,0
2020-03-14,Siskiyou,093,43540,1,0,0,0,0
2020-03-14,Solano,095,438530,40,26,0,26,0
2020-03-14,Sonoma,097,501317,40,2,0,2,0
2020-03-14,Stanislaus,099,539301,22,2,2,4,0
2020-03-14,Sutter,101,95872,2,0,0,0,0
2020-03-14,Tehama,103,63373,0,0,0,0,0
2020-03-14,Trinity,105,12862,0,0,0,0,0
2020-03-14,Tulare,107,460477,17,2,2,4,0
2020-03-14,Tuolumne,109,53932,1,0,0,0,0
2020-03-14,Ventura,111,848112,68,5,0,5,0
2020-03-14,Yolo,113,214977,15,2,0,2,0
2020-03-14,Yuba,115,75493,1,0,0,0,0
2020-03-13,Alameda,001,1643700,177,12,0,12,0
2020-03-13,Alpine,003,1148,0,0,0,0,0
2020-03-13,Amador,005,37829,1,0,0,0,0
2020-03-13,Butte,007,227075,0,0,0,0,0
2020-03-13,Calaveras,009,45235,2,2,0,2,0
2020-03-13,Colusa,011,21464,0,0,0,0,0
2020-03-13,Contra Costa,013,1133247,125,22,0,22,0
2020-03-13,Del Norte,015,27424,0,0,0,0,0
2020-03-13,El Dorado,017,186661,11,0,0,0,0
2020-03-13,Fresno,019,978130,20,1,1,2,0
2020-03-13,Glenn,021,27897,0,0,0,0,0
2020-03-13,Humboldt,023,135768,7,1,0,1,0
2020-03-13,Imperial,025,180216,9,2,0,2,0
2020-03-13,Inyo,027,18085,0,0,0,0,0
2020-03-13,Kern,029,883053,27,0,0,0,0
2020-03-13,Kings,031,150075,10,0,1,1,0
2020-03-13,Lake,033,64148,0,0,0,0,0
2020-03-13,Lassen,035,31185,1,0,0,0,0
2020-03-13,Los Angeles,037,10098052,1027,30,7,37,0
2020-03-13,Madera,039,155013,18,1,0,1,0
2020-03-13,Marin,041,260295,34,3,0,3,0
2020-03-13,Mariposa,043,17540,0,0,0,0,0
2020-03-13,Mendocino,045,87422,2,0,0,0,0
2020-03-13,Merced,047,269075,2,0,0,0,0
2020-03-13,Modoc,049,8938,0,0,0,0,0
2020-03-13,Mono,051,14174,3,0,0,0,0
2020-03-13,Monterey,053,433212,10,0,0,0,0
2020-03-13,Napa,055,140530,3,0,0,0,0
2020-03-13,Nevada,057,99092,7,0,1,1,0
2020-03-13,Orange,059,3164182,268,10,0,10,0
2020-03-13,Placer,061,380077,27,6,0,6,1
2020-03-13,Plumas,063,18699,0,0,0,0,0
2020-03-13,Riverside,065,2383286,133,5,4,9,0
2020-03-13,Sacramento,067,1510023,130,18,0,18,1
2020-03-13,San Benito,069,59416,6,2,0,2,0
2020-03-13,San Bernardino,071,2135413,96,0,0,0,0
2020-03-13,San Diego,073,3302833,313,8,0,8,0
2020-03-13,San Francisco,075,870044,174,28,0,28,0
2020-03-13,San Joaquin,077,732212,50,6,3,9,0
2020-03-13,San Luis Obispo,079,281455,33,0,0,0,0
2020-03-13,San Mateo,081,765935,191,24,1,25,0
2020-03-13,Santa Barbara,083,443738,33,0,0,0,0
2020-03-13,Santa Clara,085,1922200,468,59,1,60,1
2020-03-13,Santa Cruz,087,273765,32,7,0,7,0
2020-03-13,Shasta,089,179085,3,1,0,1,0
2020-03-13,Sierra,091,2930,0,0,0,0,0
2020-03-13,Siskiyou,093,43540,0,0,0,0,0
2020-03-13,Solano,095,438530,39,26,0,26,0
2020-03-13,Sonoma,097,501317,39,2,0,2,0
2020-03-13,Stanislaus,099,539301,17,2,2,4,0
2020-03-13,Sutter,101,95872,2,0,0,0,0
2020-03-13,Tehama,103,63373,0,0,0,0,0
2020-03-13,Trinity,105,12862,0,0,0,0,0
2020-03-13,Tulare,107,460477,14,2,2,4,0
2020-03-13,Tuolumne,109,53932,1,0,0,0,0
2020-03-13,Ventura,111,848112,54,5,0,5,0
2020-03-13,Yolo,113,214977,14,1,0,1,0
2020-03-13,Yuba,115,75493,1,0,0,0,0
2020-03-12,Alameda,001,1643700,151,9,0,9,0
2020-03-12,Alpine,003,1148,0,0,0,0,0
2020-03-12,Amador,005,37829,1,0,0,0,0
2020-03-12,Butte,007,227075,0,0,0,0,0
2020-03-12,Calaveras,009,45235,2,2,0,2,0
2020-03-12,Colusa,011,21464,0,0,0,0,0
2020-03-12,Contra Costa,013,1133247,108,18,0,18,0
2020-03-12,Del Norte,015,27424,0,0,0,0,0
2020-03-12,El Dorado,017,186661,9,0,0,0,0
2020-03-12,Fresno,019,978130,12,1,1,2,0
2020-03-12,Glenn,021,27897,0,0,0,0,0
2020-03-12,Humboldt,023,135768,6,1,0,1,0
2020-03-12,Imperial,025,180216,8,2,0,2,0
2020-03-12,Inyo,027,18085,0,0,0,0,0
2020-03-12,Kern,029,883053,18,0,0,0,0
2020-03-12,Kings,031,150075,7,0,1,1,0
2020-03-12,Lake,033,64148,0,0,0,0,0
2020-03-12,Lassen,035,31185,1,0,0,0,0
2020-03-12,Los Angeles,037,10098052,865,30,7,37,0
2020-03-12,Madera,039,155013,15,1,0,1,0
2020-03-12,Marin,041,260295,24,1,0,1,0
2020-03-12,Mariposa,043,17540,0,0,0,0,0
2020-03-12,Mendocino,045,87422,2,0,0,0,0
2020-03-12,Merced,047,269075,2,0,0,0,0
2020-03-12,Modoc,049,8938,0,0,0,0,0
2020-03-12,Mono,051,14174,3,0,0,0,0
2020-03-12,Monterey,053,433212,8,0,0,0,0
2020-03-12,Napa,055,140530,3,0,0,0,0
2020-03-12,Nevada,057,99092,4,0,1,1,0
2020-03-12,Orange,059,3164182,231,7,0,7,0
2020-03-12,Placer,061,380077,23,6,0,6,1
2020-03-12,Plumas,063,18699,0,0,0,0,0
2020-03-12,Riverside,065,2383286,107,5,2,7,0
2020-03-12,Sacramento,067,1510023,106,17,0,17,1
2020-03-12,San Benito,069,59416,5,2,0,2,0
2020-03-12,San Bernardino,071,2135413,80,0,0,0,0
2020-03-12,San Diego,073,3302833,258,9,0,9,0
2020-03-12,San Francisco,075,870044,149,20,0,20,0
2020-03-12,San Joaquin,077,732212,44,3,3,6,1
2020-03-12,San Luis Obispo,079,281455,26,0,0,0,0
2020-03-12,San Mateo,081,765935,157,21,1,22,0
2020-03-12,Santa Barbara,083,443738,22,0,0,0,0
2020-03-12,Santa Clara,085,1922200,410,51,1,52,1
2020-03-12,Santa Cruz,087,273765,29,5,0,5,0
2020-03-12,Shasta,089,179085,2,1,0,1,0
2020-03-12,Sierra,091,2930,0,0,0,0,0
2020-03-12,Siskiyou,093,43540,0,0,0,0,0
2020-03-12,Solano,095,438530,34,26,0,26,0
2020-03-12,Sonoma,097,501317,34,2,0,2,0
2020-03-12,Stanislaus,099,539301,15,2,2,4,0
2020-03-12,Sutter,101,95872,0,0,0,0,0
2020-03-12,Tehama,103,63373,0,0,0,0,0
2020-03-12,Trinity,105,12862,0,0,0,0,0
2020-03-12,Tulare,107,460477,12,1,1,2,0
2020-03-12,Tuolumne,109,53932,1,0,0,0,0
2020-03-12,Ventura,111,848112,45,3,0,3,0
2020-03-12,Yolo,113,214977,13,1,0,1,0
2020-03-12,Yuba,115,75493,1,0,0,0,0
2020-03-11,Alameda,001,1643700,119,5,0,5,0
2020-03-11,Alpine,003,1148,0,0,0,0,0
2020-03-11,Amador,005,37829,1,0,0,0,0
2020-03-11,Butte,007,227075,0,0,0,0,0
2020-03-11,Calaveras,009,45235,2,2,0,2,0
2020-03-11,Colusa,011,21464,0,0,0,0,0
2020-03-11,Contra Costa,013,1133247,93,16,0,16,0
2020-03-11,Del Norte,015,27424,0,0,0,0,0
2020-03-11,El Dorado,017,186661,8,0,0,0,0
2020-03-11,Fresno,019,978130,9,1,1,2,0
2020-03-11,Glenn,021,27897,0,0,0,0,0
2020-03-11,Humboldt,023,135768,6,1,0,1,0
2020-03-11,Imperial,025,180216,6,0,0,0,0
2020-03-11,Inyo,027,18085,0,0,0,0,0
2020-03-11,Kern,029,883053,16,0,0,0,0
2020-03-11,Kings,031,150075,5,0,1,1,0
2020-03-11,Lake,033,64148,0,0,0,0,0
2020-03-11,Lassen,035,31185,1,0,0,0,0
2020-03-11,Los Angeles,037,10098052,697,21,7,28,0
2020-03-11,Madera,039,155013,12,1,0,1,0
2020-03-11,Marin,041,260295,17,1,0,1,0
2020-03-11,Mariposa,043,17540,0,0,0,0,0
2020-03-11,Mendocino,045,87422,1,0,0,0,0
2020-03-11,Merced,047,269075,2,0,0,0,0
2020-03-11,Modoc,049,8938,0,0,0,0,0
2020-03-11,Mono,051,14174,3,0,0,0,0
2020-03-11,Monterey,053,433212,7,0,0,0,0
2020-03-11,Napa,055,140530,2,0,0,0,0
2020-03-11,Nevada,057,99092,4,0,1,1,0
2020-03-11,Orange,059,3164182,202,6,0,6,0
2020-03-11,Placer,061,380077,18,6,0,6,1
2020-03-11,Plumas,063,18699,0,0,0,0,0
2020-03-11,Riverside,065,2383286,81,4,1,5,0
2020-03-11,Sacramento,067,1510023,88,9,0,9,1
2020-03-11,San Benito,069,59416,5,2,0,2,0
2020-03-11,San Bernardino,071,2135413,73,0,0,0,0
2020-03-11,San Diego,073,3302833,208,4,0,4,0
2020-03-11,San Francisco,075,870044,124,17,0,17,0
2020-03-11,San Joaquin,077,732212,33,1,3,4,0
2020-03-11,San Luis Obispo,079,281455,23,0,0,0,0
2020-03-11,San Mateo,081,765935,139,16,0,16,0
2020-03-11,Santa Barbara,083,443738,13,0,0,0,0
2020-03-11,Santa Clara,085,1922200,370,48,1,49,1
2020-03-11,Santa Cruz,087,273765,26,2,0,2,0
2020-03-11,Shasta,089,179085,2,1,0,1,0
2020-03-11,Sierra,091,2930,0,0,0,0,0
2020-03-11,Siskiyou,093,43540,0,0,0,0,0
2020-03-11,Solano,095,438530,29,26,0,26,0
2020-03-11,Sonoma,097,501317,30,2,0,2,0
2020-03-11,Stanislaus,099,539301,15,2,2,4,0
2020-03-11,Sutter,101,95872,0,0,0,0,0
2020-03-11,Tehama,103,63373,0,0,0,0,0
2020-03-11,Trinity,105,12862,0,0,0,0,0
2020-03-11,Tulare,107,460477,10,0,1,1,0
2020-03-11,Tuolumne,109,53932,1,0,0,0,0
2020-03-11,Ventura,111,848112,37,3,0,3,0
2020-03-11,Yolo,113,214977,9,1,0,1,0
2020-03-11,Yuba,115,75493,1,0,0,0,0
2020-03-10,Alameda,001,1643700,98,4,0,4,0
2020-03-10,Alpine,003,1148,0,0,0,0,0
2020-03-10,Amador,005,37829,1,0,0,0,0
2020-03-10,Butte,007,227075,0,0,0,0,0
2020-03-10,Calaveras,009,45235,2,2,0,2,0
2020-03-10,Colusa,011,21464,0,0,0,0,0
2020-03-10,Contra Costa,013,1133247,84,11,0,11,0
2020-03-10,Del Norte,015,27424,0,0,0,0,0
2020-03-10,El Dorado,017,186661,7,0,0,0,0
2020-03-10,Fresno,019,978130,7,1,1,2,0
2020-03-10,Glenn,021,27897,0,0,0,0,0
2020-03-10,Humboldt,023,135768,6,1,0,1,0
2020-03-10,Imperial,025,180216,5,0,0,0,0
2020-03-10,Inyo,027,18085,0,0,0,0,0
2020-03-10,Kern,029,883053,11,0,0,0,0
2020-03-10,Kings,031,150075,5,0,1,1,0
2020-03-10,Lake,033,64148,0,0,0,0,0
2020-03-10,Lassen,035,31185,1,0,0,0,0
2020-03-10,Los Angeles,037,10098052,561,20,7,27,0
2020-03-10,Madera,039,155013,7,1,0,1,0
2020-03-10,Marin,041,260295,16,1,0,1,0
2020-03-10,Mariposa,043,17540,0,0,0,0,0
2020-03-10,Mendocino,045,87422,0,0,0,0,0
2020-03-10,Merced,047,269075,2,0,0,0,0
2020-03-10,Modoc,049,8938,0,0,0,0,0
2020-03-10,Mono,051,14174,3,0,0,0,0
2020-03-10,Monterey,053,433212,5,0,0,0,0
2020-03-10,Napa,055,140530,2,0,0,0,0
2020-03-10,Nevada,057,99092,3,0,1,1,0
2020-03-10,Orange,059,3164182,182,5,0,5,1
2020-03-10,Placer,061,380077,14,7,0,7,1
2020-03-10,Plumas,063,18699,0,0,0,0,0
2020-03-10,Riverside,065,2383286,59,4,1,5,0
2020-03-10,Sacramento,067,1510023,79,8,0,8,0
2020-03-10,San Benito,069,59416,5,2,0,2,0
2020-03-10,San Bernardino,071,2135413,65,0,0,0,0
2020-03-10,San Diego,073,3302833,165,3,0,3,0
2020-03-10,San Francisco,075,870044,92,16,0,16,0
2020-03-10,San Joaquin,077,732212,30,1,3,4,0
2020-03-10,San Luis Obispo,079,281455,15,0,0,0,0
2020-03-10,San Mateo,081,765935,123,11,0,11,0
2020-03-10,Santa Barbara,083,443738,10,0,0,0,0
2020-03-10,Santa Clara,085,1922200,322,45,1,46,1
2020-03-10,Santa Cruz,087,273765,22,2,0,2,0
2020-03-10,Shasta,089,179085,2,1,0,1,0
2020-03-10,Sierra,091,2930,0,0,0,0,0
2020-03-10,Siskiyou,093,43540,0,0,0,0,0
2020-03-10,Solano,095,438530,27,26,0,26,0
2020-03-10,Sonoma,097,501317,27,2,0,2,0
2020-03-10,Stanislaus,099,539301,11,0,2,2,0
2020-03-10,Sutter,101,95872,0,0,0,0,0
2020-03-10,Tehama,103,63373,0,0,0,0,0
2020-03-10,Trinity,105,12862,0,0,0,0,0
2020-03-10,Tulare,107,460477,9,0,1,1,0
2020-03-10,Tuolumne,109,53932,1,0,0,0,0
2020-03-10,Ventura,111,848112,29,1,0,1,0
2020-03-10,Yolo,113,214977,6,2,0,2,0
2020-03-10,Yuba,115,75493,1,0,0,0,0
2020-03-09,Alameda,001,1643700,71,4,0,4,0
2020-03-09,Alpine,003,1148,0,0,0,0,0
2020-03-09,Amador,005,37829,0,0,0,0,0
2020-03-09,Butte,007,227075,0,0,0,0,0
2020-03-09,Calaveras,009,45235,2,0,0,0,0
2020-03-09,Colusa,011,21464,0,0,0,0,0
2020-03-09,Contra Costa,013,1133247,72,9,0,9,0
2020-03-09,Del Norte,015,27424,0,0,0,0,0
2020-03-09,El Dorado,017,186661,5,0,0,0,0
2020-03-09,Fresno,019,978130,7,1,1,2,0
2020-03-09,Glenn,021,27897,0,0,0,0,0
2020-03-09,Humboldt,023,135768,5,1,0,1,0
2020-03-09,Imperial,025,180216,5,0,0,0,0
2020-03-09,Inyo,027,18085,0,0,0,0,0
2020-03-09,Kern,029,883053,8,0,0,0,0
2020-03-09,Kings,031,150075,4,0,1,1,0
2020-03-09,Lake,033,64148,0,0,0,0,0
2020-03-09,Lassen,035,31185,1,0,0,0,0
2020-03-09,Los Angeles,037,10098052,459,17,6,23,0
2020-03-09,Madera,039,155013,7,1,0,1,0
2020-03-09,Marin,041,260295,15,1,0,1,0
2020-03-09,Mariposa,043,17540,0,0,0,0,0
2020-03-09,Mendocino,045,87422,0,0,0,0,0
2020-03-09,Merced,047,269075,2,0,0,0,0
2020-03-09,Modoc,049,8938,0,0,0,0,0
2020-03-09,Mono,051,14174,3,0,0,0,0
2020-03-09,Monterey,053,433212,3,0,0,0,0
2020-03-09,Napa,055,140530,2,0,0,0,0
2020-03-09,Nevada,057,99092,2,0,1,1,0
2020-03-09,Orange,059,3164182,154,4,0,4,0
2020-03-09,Placer,061,380077,12,7,0,7,1
2020-03-09,Plumas,063,18699,0,0,0,0,0
2020-03-09,Riverside,065,2383286,49,4,1,5,0
2020-03-09,Sacramento,067,1510023,75,8,0,8,0
2020-03-09,San Benito,069,59416,3,2,0,2,0
2020-03-09,San Bernardino,071,2135413,54,0,0,0,0
2020-03-09,San Diego,073,3302833,126,2,0,2,0
2020-03-09,San Francisco,075,870044,72,14,0,14,0
2020-03-09,San Joaquin,077,732212,21,0,3,3,0
2020-03-09,San Luis Obispo,079,281455,15,0,0,0,0
2020-03-09,San Mateo,081,765935,109,6,0,6,0
2020-03-09,Santa Barbara,083,443738,8,0,0,0,0
2020-03-09,Santa Clara,085,1922200,278,42,1,43,1
2020-03-09,Santa Cruz,087,273765,19,2,0,2,0
2020-03-09,Shasta,089,179085,2,1,0,1,0
2020-03-09,Sierra,091,2930,0,0,0,0,0
2020-03-09,Siskiyou,093,43540,0,0,0,0,0
2020-03-09,Solano,095,438530,25,26,0,26,0
2020-03-09,Sonoma,097,501317,22,2,0,2,0
2020-03-09,Stanislaus,099,539301,11,0,2,2,0
2020-03-09,Sutter,101,95872,0,0,0,0,0
2020-03-09,Tehama,103,63373,0,0,0,0,0
2020-03-09,Trinity,105,12862,0,0,0,0,0
2020-03-09,Tulare,107,460477,9,0,1,1,0
2020-03-09,Tuolumne,109,53932,1,0,0,0,0
2020-03-09,Ventura,111,848112,25,1,0,1,0
2020-03-09,Yolo,113,214977,5,2,0,2,0
2020-03-09,Yuba,115,75493,0,0,0,0,0
2020-03-08,Alameda,001,1643700,46,4,0,4,0
2020-03-08,Alpine,003,1148,0,0,0,0,0
2020-03-08,Amador,005,37829,0,0,0,0,0
2020-03-08,Butte,007,227075,0,0,0,0,0
2020-03-08,Calaveras,009,45235,2,0,0,0,0
2020-03-08,Colusa,011,21464,0,0,0,0,0
2020-03-08,Contra Costa,013,1133247,58,9,0,9,0
2020-03-08,Del Norte,015,27424,0,0,0,0,0
2020-03-08,El Dorado,017,186661,5,0,0,0,0
2020-03-08,Fresno,019,978130,5,1,1,2,0
2020-03-08,Glenn,021,27897,0,0,0,0,0
2020-03-08,Humboldt,023,135768,5,1,0,1,0
2020-03-08,Imperial,025,180216,5,0,0,0,0
2020-03-08,Inyo,027,18085,0,0,0,0,0
2020-03-08,Kern,029,883053,8,0,0,0,0
2020-03-08,Kings,031,150075,3,0,1,1,0
2020-03-08,Lake,033,64148,0,0,0,0,0
2020-03-08,Lassen,035,31185,0,0,0,0,0
2020-03-08,Los Angeles,037,10098052,366,14,6,20,0
2020-03-08,Madera,039,155013,7,1,0,1,0
2020-03-08,Marin,041,260295,13,1,0,1,0
2020-03-08,Mariposa,043,17540,0,0,0,0,0
2020-03-08,Mendocino,045,87422,0,0,0,0,0
2020-03-08,Merced,047,269075,2,0,0,0,0
2020-03-08,Modoc,049,8938,0,0,0,0,0
2020-03-08,Mono,051,14174,3,0,0,0,0
2020-03-08,Monterey,053,433212,3,0,0,0,0
2020-03-08,Napa,055,140530,2,0,0,0,0
2020-03-08,Nevada,057,99092,1,0,1,1,0
2020-03-08,Orange,059,3164182,129,4,0,4,0
2020-03-08,Placer,061,380077,11,7,0,7,1
2020-03-08,Plumas,063,18699,0,0,0,0,0
2020-03-08,Riverside,065,2383286,41,1,1,2,0
2020-03-08,Sacramento,067,1510023,65,5,0,5,0
2020-03-08,San Benito,069,59416,3,2,0,2,0
2020-03-08,San Bernardino,071,2135413,43,0,0,0,0
2020-03-08,San Diego,073,3302833,92,2,0,2,0
2020-03-08,San Francisco,075,870044,53,9,0,9,0
2020-03-08,San Joaquin,077,732212,18,0,3,3,0
2020-03-08,San Luis Obispo,079,281455,9,0,0,0,0
2020-03-08,San Mateo,081,765935,96,4,0,4,0
2020-03-08,Santa Barbara,083,443738,5,0,0,0,0
2020-03-08,Santa Clara,085,1922200,236,36,1,37,0
2020-03-08,Santa Cruz,087,273765,17,1,0,1,0
2020-03-08,Shasta,089,179085,2,0,0,0,0
2020-03-08,Sierra,091,2930,0,0,0,0,0
2020-03-08,Siskiyou,093,43540,0,0,0,0,0
2020-03-08,Solano,095,438530,24,26,0,26,0
2020-03-08,Sonoma,097,501317,17,2,0,2,0
2020-03-08,Stanislaus,099,539301,10,0,2,2,0
2020-03-08,Sutter,101,95872,0,0,0,0,0
2020-03-08,Tehama,103,63373,0,0,0,0,0
2020-03-08,Trinity,105,12862,0,0,0,0,0
2020-03-08,Tulare,107,460477,9,0,0,0,0
2020-03-08,Tuolumne,109,53932,1,0,0,0,0
2020-03-08,Ventura,111,848112,21,1,0,1,0
2020-03-08,Yolo,113,214977,2,2,0,2,0
2020-03-08,Yuba,115,75493,0,0,0,0,0
2020-03-07,Alameda,001,1643700,41,3,0,3,0
2020-03-07,Alpine,003,1148,0,0,0,0,0
2020-03-07,Amador,005,37829,0,0,0,0,0
2020-03-07,Butte,007,227075,0,0,0,0,0
2020-03-07,Calaveras,009,45235,2,0,0,0,0
2020-03-07,Colusa,011,21464,0,0,0,0,0
2020-03-07,Contra Costa,013,1133247,55,4,0,4,0
2020-03-07,Del Norte,015,27424,0,0,0,0,0
2020-03-07,El Dorado,017,186661,4,0,0,0,0
2020-03-07,Fresno,019,978130,4,1,1,2,0
2020-03-07,Glenn,021,27897,0,0,0,0,0
2020-03-07,Humboldt,023,135768,5,1,0,1,0
2020-03-07,Imperial,025,180216,4,0,0,0,0
2020-03-07,Inyo,027,18085,0,0,0,0,0
2020-03-07,Kern,029,883053,7,0,0,0,0
2020-03-07,Kings,031,150075,3,0,1,1,0
2020-03-07,Lake,033,64148,0,0,0,0,0
2020-03-07,Lassen,035,31185,0,0,0,0,0
2020-03-07,Los Angeles,037,10098052,316,14,6,20,0
2020-03-07,Madera,039,155013,6,1,0,1,0
2020-03-07,Marin,041,260295,11,0,0,0,0
2020-03-07,Mariposa,043,17540,0,0,0,0,0
2020-03-07,Mendocino,045,87422,0,0,0,0,0
2020-03-07,Merced,047,269075,2,0,0,0,0
2020-03-07,Modoc,049,8938,0,0,0,0,0
2020-03-07,Mono,051,14174,3,0,0,0,0
2020-03-07,Monterey,053,433212,3,0,0,0,0
2020-03-07,Napa,055,140530,1,0,0,0,0
2020-03-07,Nevada,057,99092,1,0,1,1,0
2020-03-07,Orange,059,3164182,121,4,0,4,0
2020-03-07,Placer,061,380077,11,6,0,6,1
2020-03-07,Plumas,063,18699,0,0,0,0,0
2020-03-07,Riverside,065,2383286,31,0,1,1,0
2020-03-07,Sacramento,067,1510023,52,4,0,4,0
2020-03-07,San Benito,069,59416,3,2,0,2,0
2020-03-07,San Bernardino,071,2135413,41,0,0,0,0
2020-03-07,San Diego,073,3302833,74,2,0,2,0
2020-03-07,San Francisco,075,870044,47,9,0,9,0
2020-03-07,San Joaquin,077,732212,16,0,3,3,0
2020-03-07,San Luis Obispo,079,281455,6,0,0,0,0
2020-03-07,San Mateo,081,765935,86,1,0,1,0
2020-03-07,Santa Barbara,083,443738,5,0,0,0,0
2020-03-07,Santa Clara,085,1922200,206,31,1,32,0
2020-03-07,Santa Cruz,087,273765,17,1,0,1,0
2020-03-07,Shasta,089,179085,2,0,0,0,0
2020-03-07,Sierra,091,2930,0,0,0,0,0
2020-03-07,Siskiyou,093,43540,0,0,0,0,0
2020-03-07,Solano,095,438530,23,25,0,25,0
2020-03-07,Sonoma,097,501317,13,2,0,2,0
2020-03-07,Stanislaus,099,539301,9,0,2,2,0
2020-03-07,Sutter,101,95872,0,0,0,0,0
2020-03-07,Tehama,103,63373,0,0,0,0,0
2020-03-07,Trinity,105,12862,0,0,0,0,0
2020-03-07,Tulare,107,460477,6,0,0,0,0
2020-03-07,Tuolumne,109,53932,1,0,0,0,0
2020-03-07,Ventura,111,848112,18,1,0,1,0
2020-03-07,Yolo,113,214977,2,2,0,2,0
2020-03-07,Yuba,115,75493,0,0,0,0,0
2020-03-06,Alameda,001,1643700,39,3,0,3,0
2020-03-06,Alpine,003,1148,0,0,0,0,0
2020-03-06,Amador,005,37829,0,0,0,0,0
2020-03-06,Butte,007,227075,0,0,0,0,0
2020-03-06,Calaveras,009,45235,2,0,0,0,0
2020-03-06,Colusa,011,21464,0,0,0,0,0
2020-03-06,Contra Costa,013,1133247,46,4,0,4,0
2020-03-06,Del Norte,015,27424,0,0,0,0,0
2020-03-06,El Dorado,017,186661,3,0,0,0,0
2020-03-06,Fresno,019,978130,3,0,1,1,0
2020-03-06,Glenn,021,27897,0,0,0,0,0
2020-03-06,Humboldt,023,135768,4,1,0,1,0
2020-03-06,Imperial,025,180216,3,0,0,0,0
2020-03-06,Inyo,027,18085,0,0,0,0,0
2020-03-06,Kern,029,883053,6,0,0,0,0
2020-03-06,Kings,031,150075,3,0,1,1,0
2020-03-06,Lake,033,64148,0,0,0,0,0
2020-03-06,Lassen,035,31185,0,0,0,0,0
2020-03-06,Los Angeles,037,10098052,273,13,6,19,0
2020-03-06,Madera,039,155013,5,0,0,0,0
2020-03-06,Marin,041,260295,10,0,0,0,0
2020-03-06,Mariposa,043,17540,0,0,0,0,0
2020-03-06,Mendocino,045,87422,0,0,0,0,0
2020-03-06,Merced,047,269075,2,0,0,0,0
2020-03-06,Modoc,049,8938,0,0,0,0,0
2020-03-06,Mono,051,14174,1,0,0,0,0
2020-03-06,Monterey,053,433212,3,0,0,0,0
2020-03-06,Napa,055,140530,1,0,0,0,0
2020-03-06,Nevada,057,99092,1,0,1,1,0
2020-03-06,Orange,059,3164182,95,4,0,4,0
2020-03-06,Placer,061,380077,10,5,0,5,1
2020-03-06,Plumas,063,18699,0,0,0,0,0
2020-03-06,Riverside,065,2383286,30,0,1,1,0
2020-03-06,Sacramento,067,1510023,43,2,0,2,0
2020-03-06,San Benito,069,59416,3,2,0,2,0
2020-03-06,San Bernardino,071,2135413,39,0,0,0,0
2020-03-06,San Diego,073,3302833,61,2,0,2,0
2020-03-06,San Francisco,075,870044,41,2,0,2,0
2020-03-06,San Joaquin,077,732212,13,0,3,3,0
2020-03-06,San Luis Obispo,079,281455,4,0,0,0,0
2020-03-06,San Mateo,081,765935,78,1,0,1,0
2020-03-06,Santa Barbara,083,443738,3,0,0,0,0
2020-03-06,Santa Clara,085,1922200,188,20,1,21,0
2020-03-06,Santa Cruz,087,273765,15,0,0,0,0
2020-03-06,Shasta,089,179085,2,0,0,0,0
2020-03-06,Sierra,091,2930,0,0,0,0,0
2020-03-06,Siskiyou,093,43540,0,0,0,0,0
2020-03-06,Solano,095,438530,22,25,0,25,0
2020-03-06,Sonoma,097,501317,13,2,0,2,0
2020-03-06,Stanislaus,099,539301,5,0,2,2,0
2020-03-06,Sutter,101,95872,0,0,0,0,0
2020-03-06,Tehama,103,63373,0,0,0,0,0
2020-03-06,Trinity,105,12862,0,0,0,0,0
2020-03-06,Tulare,107,460477,6,0,0,0,0
2020-03-06,Tuolumne,109,53932,1,0,0,0,0
2020-03-06,Ventura,111,848112,15,1,0,1,0
2020-03-06,Yolo,113,214977,2,1,0,1,0
2020-03-06,Yuba,115,75493,0,0,0,0,0
2020-03-05,Alameda,001,1643700,34,2,0,2,0
2020-03-05,Alpine,003,1148,0,0,0,0,0
2020-03-05,Amador,005,37829,0,0,0,0,0
2020-03-05,Butte,007,227075,0,0,0,0,0
2020-03-05,Calaveras,009,45235,2,0,0,0,0
2020-03-05,Colusa,011,21464,0,0,0,0,0
2020-03-05,Contra Costa,013,1133247,39,1,0,1,0
2020-03-05,Del Norte,015,27424,0,0,0,0,0
2020-03-05,El Dorado,017,186661,1,0,0,0,0
2020-03-05,Fresno,019,978130,3,0,1,1,0
2020-03-05,Glenn,021,27897,0,0,0,0,0
2020-03-05,Humboldt,023,135768,4,1,0,1,0
2020-03-05,Imperial,025,180216,2,0,0,0,0
2020-03-05,Inyo,027,18085,0,0,0,0,0
2020-03-05,Kern,029,883053,6,0,0,0,0
2020-03-05,Kings,031,150075,3,0,1,1,0
2020-03-05,Lake,033,64148,0,0,0,0,0
2020-03-05,Lassen,035,31185,0,0,0,0,0
2020-03-05,Los Angeles,037,10098052,226,11,6,17,0
2020-03-05,Madera,039,155013,5,0,0,0,0
2020-03-05,Marin,041,260295,10,0,0,0,0
2020-03-05,Mariposa,043,17540,0,0,0,0,0
2020-03-05,Mendocino,045,87422,0,0,0,0,0
2020-03-05,Merced,047,269075,2,0,0,0,0
2020-03-05,Modoc,049,8938,0,0,0,0,0
2020-03-05,Mono,051,14174,1,0,0,0,0
2020-03-05,Monterey,053,433212,3,0,0,0,0
2020-03-05,Napa,055,140530,1,0,0,0,0
2020-03-05,Nevada,057,99092,0,0,1,1,0
2020-03-05,Orange,059,3164182,80,3,0,3,0
2020-03-05,Placer,061,380077,10,2,0,2,1
2020-03-05,Plumas,063,18699,0,0,0,0,0
2020-03-05,Riverside,065,2383286,27,0,1,1,0
2020-03-05,Sacramento,067,1510023,37,2,0,2,0
2020-03-05,San Benito,069,59416,1,2,0,2,0
2020-03-05,San Bernardino,071,2135413,34,0,0,0,0
2020-03-05,San Diego,073,3302833,54,2,0,2,0
2020-03-05,San Francisco,075,870044,31,2,0,2,0
2020-03-05,San Joaquin,077,732212,10,0,3,3,0
2020-03-05,San Luis Obispo,079,281455,4,0,0,0,0
2020-03-05,San Mateo,081,765935,65,1,0,1,0
2020-03-05,Santa Barbara,083,443738,2,0,0,0,0
2020-03-05,Santa Clara,085,1922200,164,14,1,15,0
2020-03-05,Santa Cruz,087,273765,13,0,0,0,0
2020-03-05,Shasta,089,179085,2,0,0,0,0
2020-03-05,Sierra,091,2930,0,0,0,0,0
2020-03-05,Siskiyou,093,43540,0,0,0,0,0
2020-03-05,Solano,095,438530,22,24,0,24,0
2020-03-05,Sonoma,097,501317,12,2,0,2,0
2020-03-05,Stanislaus,099,539301,4,0,2,2,0
2020-03-05,Sutter,101,95872,0,0,0,0,0
2020-03-05,Tehama,103,63373,0,0,0,0,0
2020-03-05,Trinity,105,12862,0,0,0,0,0
2020-03-05,Tulare,107,460477,6,0,0,0,0
2020-03-05,Tuolumne,109,53932,1,0,0,0,0
2020-03-05,Ventura,111,848112,13,0,0,0,0
2020-03-05,Yolo,113,214977,2,0,0,0,0
2020-03-05,Yuba,115,75493,0,0,0,0,0
2020-03-04,Alameda,001,1643700,30,2,0,2,0
2020-03-04,Alpine,003,1148,0,0,0,0,0
2020-03-04,Amador,005,37829,0,0,0,0,0
2020-03-04,Butte,007,227075,0,0,0,0,0
2020-03-04,Calaveras,009,45235,0,0,0,0,0
2020-03-04,Colusa,011,21464,0,0,0,0,0
2020-03-04,Contra Costa,013,1133247,34,1,0,1,0
2020-03-04,Del Norte,015,27424,0,0,0,0,0
2020-03-04,El Dorado,017,186661,1,0,0,0,0
2020-03-04,Fresno,019,978130,3,0,1,1,0
2020-03-04,Glenn,021,27897,0,0,0,0,0
2020-03-04,Humboldt,023,135768,1,1,0,1,0
2020-03-04,Imperial,025,180216,2,0,0,0,0
2020-03-04,Inyo,027,18085,0,0,0,0,0
2020-03-04,Kern,029,883053,6,0,0,0,0
2020-03-04,Kings,031,150075,3,0,1,1,0
2020-03-04,Lake,033,64148,0,0,0,0,0
2020-03-04,Lassen,035,31185,0,0,0,0,0
2020-03-04,Los Angeles,037,10098052,191,7,6,13,0
2020-03-04,Madera,039,155013,5,0,0,0,0
2020-03-04,Marin,041,260295,10,0,0,0,0
2020-03-04,Mariposa,043,17540,0,0,0,0,0
2020-03-04,Mendocino,045,87422,0,0,0,0,0
2020-03-04,Merced,047,269075,2,0,0,0,0
2020-03-04,Modoc,049,8938,0,0,0,0,0
2020-03-04,Mono,051,14174,1,0,0,0,0
2020-03-04,Monterey,053,433212,3,0,0,0,0
2020-03-04,Napa,055,140530,1,0,0,0,0
2020-03-04,Nevada,057,99092,0,0,1,1,0
2020-03-04,Orange,059,3164182,77,3,0,3,0
2020-03-04,Placer,061,380077,9,2,0,2,1
2020-03-04,Plumas,063,18699,0,0,0,0,0
2020-03-04,Riverside,065,2383286,23,0,1,1,0
2020-03-04,Sacramento,067,1510023,32,1,0,1,0
2020-03-04,San Benito,069,59416,1,2,0,2,0
2020-03-04,San Bernardino,071,2135413,31,0,0,0,0
2020-03-04,San Diego,073,3302833,41,2,0,2,0
2020-03-04,San Francisco,075,870044,26,0,0,0,0
2020-03-04,San Joaquin,077,732212,9,0,3,3,0
2020-03-04,San Luis Obispo,079,281455,4,0,0,0,0
2020-03-04,San Mateo,081,765935,60,1,0,1,0
2020-03-04,Santa Barbara,083,443738,2,0,0,0,0
2020-03-04,Santa Clara,085,1922200,147,12,1,13,0
2020-03-04,Santa Cruz,087,273765,13,0,0,0,0
2020-03-04,Shasta,089,179085,2,0,0,0,0
2020-03-04,Sierra,091,2930,0,0,0,0,0
2020-03-04,Siskiyou,093,43540,0,0,0,0,0
2020-03-04,Solano,095,438530,21,24,0,24,0
2020-03-04,Sonoma,097,501317,11,2,0,2,0
2020-03-04,Stanislaus,099,539301,4,0,2,2,0
2020-03-04,Sutter,101,95872,0,0,0,0,0
2020-03-04,Tehama,103,63373,0,0,0,0,0
2020-03-04,Trinity,105,12862,0,0,0,0,0
2020-03-04,Tulare,107,460477,6,0,0,0,0
2020-03-04,Tuolumne,109,53932,0,0,0,0,0
2020-03-04,Ventura,111,848112,12,0,0,0,0
2020-03-04,Yolo,113,214977,2,0,0,0,0
2020-03-04,Yuba,115,75493,0,0,0,0,0
2020-03-03,Alameda,001,1643700,24,2,0,2,0
2020-03-03,Alpine,003,1148,0,0,0,0,0
2020-03-03,Amador,005,37829,0,0,0,0,0
2020-03-03,Butte,007,227075,0,0,0,0,0
2020-03-03,Calaveras,009,45235,0,0,0,0,0
2020-03-03,Colusa,011,21464,0,0,0,0,0
2020-03-03,Contra Costa,013,1133247,30,0,0,0,0
2020-03-03,Del Norte,015,27424,0,0,0,0,0
2020-03-03,El Dorado,017,186661,1,0,0,0,0
2020-03-03,Fresno,019,978130,2,0,1,1,0
2020-03-03,Glenn,021,27897,0,0,0,0,0
2020-03-03,Humboldt,023,135768,1,1,0,1,0
2020-03-03,Imperial,025,180216,2,0,0,0,0
2020-03-03,Inyo,027,18085,0,0,0,0,0
2020-03-03,Kern,029,883053,4,0,0,0,0
2020-03-03,Kings,031,150075,3,0,1,1,0
2020-03-03,Lake,033,64148,0,0,0,0,0
2020-03-03,Lassen,035,31185,0,0,0,0,0
2020-03-03,Los Angeles,037,10098052,172,5,6,11,0
2020-03-03,Madera,039,155013,4,0,0,0,0
2020-03-03,Marin,041,260295,6,0,0,0,0
2020-03-03,Mariposa,043,17540,0,0,0,0,0
2020-03-03,Mendocino,045,87422,0,0,0,0,0
2020-03-03,Merced,047,269075,2,0,0,0,0
2020-03-03,Modoc,049,8938,0,0,0,0,0
2020-03-03,Mono,051,14174,1,0,0,0,0
2020-03-03,Monterey,053,433212,2,0,0,0,0
2020-03-03,Napa,055,140530,1,0,0,0,0
2020-03-03,Nevada,057,99092,0,0,1,1,0
2020-03-03,Orange,059,3164182,69,1,0,1,0
2020-03-03,Placer,061,380077,8,2,0,2,0
2020-03-03,Plumas,063,18699,0,0,0,0,0
2020-03-03,Riverside,065,2383286,20,0,1,1,0
2020-03-03,Sacramento,067,1510023,31,1,0,1,0
2020-03-03,San Benito,069,59416,1,2,0,2,0
2020-03-03,San Bernardino,071,2135413,28,0,0,0,0
2020-03-03,San Diego,073,3302833,34,2,0,2,0
2020-03-03,San Francisco,075,870044,24,0,0,0,0
2020-03-03,San Joaquin,077,732212,8,0,3,3,0
2020-03-03,San Luis Obispo,079,281455,2,0,0,0,0
2020-03-03,San Mateo,081,765935,53,1,0,1,0
2020-03-03,Santa Barbara,083,443738,1,0,0,0,0
2020-03-03,Santa Clara,085,1922200,132,11,1,12,0
2020-03-03,Santa Cruz,087,273765,10,0,0,0,0
2020-03-03,Shasta,089,179085,2,0,0,0,0
2020-03-03,Sierra,091,2930,0,0,0,0,0
2020-03-03,Siskiyou,093,43540,0,0,0,0,0
2020-03-03,Solano,095,438530,20,24,0,24,0
2020-03-03,Sonoma,097,501317,11,1,0,1,0
2020-03-03,Stanislaus,099,539301,4,0,2,2,0
2020-03-03,Sutter,101,95872,0,0,0,0,0
2020-03-03,Tehama,103,63373,0,0,0,0,0
2020-03-03,Trinity,105,12862,0,0,0,0,0
2020-03-03,Tulare,107,460477,6,0,0,0,0
2020-03-03,Tuolumne,109,53932,0,0,0,0,0
2020-03-03,Ventura,111,848112,11,0,0,0,0
2020-03-03,Yolo,113,214977,1,0,0,0,0
2020-03-03,Yuba,115,75493,0,0,0,0,0
2020-03-02,Alameda,001,1643700,21,1,0,1,0
2020-03-02,Alpine,003,1148,0,0,0,0,0
2020-03-02,Amador,005,37829,0,0,0,0,0
2020-03-02,Butte,007,227075,0,0,0,0,0
2020-03-02,Calaveras,009,45235,0,0,0,0,0
2020-03-02,Colusa,011,21464,0,0,0,0,0
2020-03-02,Contra Costa,013,1133247,27,0,0,0,0
2020-03-02,Del Norte,015,27424,0,0,0,0,0
2020-03-02,El Dorado,017,186661,1,0,0,0,0
2020-03-02,Fresno,019,978130,2,0,1,1,0
2020-03-02,Glenn,021,27897,0,0,0,0,0
2020-03-02,Humboldt,023,135768,1,1,0,1,0
2020-03-02,Imperial,025,180216,2,0,0,0,0
2020-03-02,Inyo,027,18085,0,0,0,0,0
2020-03-02,Kern,029,883053,4,0,0,0,0
2020-03-02,Kings,031,150075,3,0,1,1,0
2020-03-02,Lake,033,64148,0,0,0,0,0
2020-03-02,Lassen,035,31185,0,0,0,0,0
2020-03-02,Los Angeles,037,10098052,157,1,6,7,0
2020-03-02,Madera,039,155013,4,0,0,0,0
2020-03-02,Marin,041,260295,6,0,0,0,0
2020-03-02,Mariposa,043,17540,0,0,0,0,0
2020-03-02,Mendocino,045,87422,0,0,0,0,0
2020-03-02,Merced,047,269075,1,0,0,0,0
2020-03-02,Modoc,049,8938,0,0,0,0,0
2020-03-02,Mono,051,14174,1,0,0,0,0
2020-03-02,Monterey,053,433212,2,0,0,0,0
2020-03-02,Napa,055,140530,1,0,0,0,0
2020-03-02,Nevada,057,99092,0,0,1,1,0
2020-03-02,Orange,059,3164182,64,1,0,1,0
2020-03-02,Placer,061,380077,8,1,0,1,0
2020-03-02,Plumas,063,18699,0,0,0,0,0
2020-03-02,Riverside,065,2383286,19,0,1,1,0
2020-03-02,Sacramento,067,1510023,25,1,0,1,0
2020-03-02,San Benito,069,59416,1,2,0,2,0
2020-03-02,San Bernardino,071,2135413,28,0,0,0,0
2020-03-02,San Diego,073,3302833,28,2,0,2,0
2020-03-02,San Francisco,075,870044,17,0,0,0,0
2020-03-02,San Joaquin,077,732212,7,0,3,3,0
2020-03-02,San Luis Obispo,079,281455,2,0,0,0,0
2020-03-02,San Mateo,081,765935,44,1,0,1,0
2020-03-02,Santa Barbara,083,443738,1,0,0,0,0
2020-03-02,Santa Clara,085,1922200,110,7,1,8,0
2020-03-02,Santa Cruz,087,273765,9,0,0,0,0
2020-03-02,Shasta,089,179085,2,0,0,0,0
2020-03-02,Sierra,091,2930,0,0,0,0,0
2020-03-02,Siskiyou,093,43540,0,0,0,0,0
2020-03-02,Solano,095,438530,19,24,0,24,0
2020-03-02,Sonoma,097,501317,10,1,0,1,0
2020-03-02,Stanislaus,099,539301,2,0,2,2,0
2020-03-02,Sutter,101,95872,0,0,0,0,0
2020-03-02,Tehama,103,63373,0,0,0,0,0
2020-03-02,Trinity,105,12862,0,0,0,0,0
2020-03-02,Tulare,107,460477,6,0,0,0,0
2020-03-02,Tuolumne,109,53932,0,0,0,0,0
2020-03-02,Ventura,111,848112,10,0,0,0,0
2020-03-02,Yolo,113,214977,1,0,0,0,0
2020-03-02,Yuba,115,75493,0,0,0,0,0
2020-03-01,Alameda,001,1643700,20,1,0,1,0
2020-03-01,Alpine,003,1148,0,0,0,0,0
2020-03-01,Amador,005,37829,0,0,0,0,0
2020-03-01,Butte,007,227075,0,0,0,0,0
2020-03-01,Calaveras,009,45235,0,0,0,0,0
2020-03-01,Colusa,011,21464,0,0,0,0,0
2020-03-01,Contra Costa,013,1133247,24,0,0,0,0
2020-03-01,Del Norte,015,27424,0,0,0,0,0
2020-03-01,El Dorado,017,186661,1,0,0,0,0
2020-03-01,Fresno,019,978130,1,0,1,1,0
2020-03-01,Glenn,021,27897,0,0,0,0,0
2020-03-01,Humboldt,023,135768,1,1,0,1,0
2020-03-01,Imperial,025,180216,2,0,0,0,0
2020-03-01,Inyo,027,18085,0,0,0,0,0
2020-03-01,Kern,029,883053,2,0,0,0,0
2020-03-01,Kings,031,150075,3,0,1,1,0
2020-03-01,Lake,033,64148,0,0,0,0,0
2020-03-01,Lassen,035,31185,0,0,0,0,0
2020-03-01,Los Angeles,037,10098052,138,1,6,7,0
2020-03-01,Madera,039,155013,2,0,0,0,0
2020-03-01,Marin,041,260295,5,0,0,0,0
2020-03-01,Mariposa,043,17540,0,0,0,0,0
2020-03-01,Mendocino,045,87422,0,0,0,0,0
2020-03-01,Merced,047,269075,1,0,0,0,0
2020-03-01,Modoc,049,8938,0,0,0,0,0
2020-03-01,Mono,051,14174,1,0,0,0,0
2020-03-01,Monterey,053,433212,1,0,0,0,0
2020-03-01,Napa,055,140530,1,0,0,0,0
2020-03-01,Nevada,057,99092,0,0,1,1,0
2020-03-01,Orange,059,3164182,61,1,0,1,0
2020-03-01,Placer,061,380077,8,0,0,0,0
2020-03-01,Plumas,063,18699,0,0,0,0,0
2020-03-01,Riverside,065,2383286,18,0,1,1,0
2020-03-01,Sacramento,067,1510023,21,1,0,1,0
2020-03-01,San Benito,069,59416,0,2,0,2,0
2020-03-01,San Bernardino,071,2135413,27,0,0,0,0
2020-03-01,San Diego,073,3302833,21,2,0,2,0
2020-03-01,San Francisco,075,870044,13,0,0,0,0
2020-03-01,San Joaquin,077,732212,7,0,3,3,0
2020-03-01,San Luis Obispo,079,281455,2,0,0,0,0
2020-03-01,San Mateo,081,765935,36,0,0,0,0
2020-03-01,Santa Barbara,083,443738,1,0,0,0,0
2020-03-01,Santa Clara,085,1922200,97,6,1,7,0
2020-03-01,Santa Cruz,087,273765,8,0,0,0,0
2020-03-01,Shasta,089,179085,2,0,0,0,0
2020-03-01,Sierra,091,2930,0,0,0,0,0
2020-03-01,Siskiyou,093,43540,0,0,0,0,0
2020-03-01,Solano,095,438530,19,24,0,24,0
2020-03-01,Sonoma,097,501317,9,0,0,0,0
2020-03-01,Stanislaus,099,539301,2,0,2,2,0
2020-03-01,Sutter,101,95872,0,0,0,0,0
2020-03-01,Tehama,103,63373,0,0,0,0,0
2020-03-01,Trinity,105,12862,0,0,0,0,0
2020-03-01,Tulare,107,460477,6,0,0,0,0
2020-03-01,Tuolumne,109,53932,0,0,0,0,0
2020-03-01,Ventura,111,848112,8,0,0,0,0
2020-03-01,Yolo,113,214977,1,0,0,0,0
2020-03-01,Yuba,115,75493,0,0,0,0,0
2020-02-29,Alameda,001,1643700,16,0,0,0,0
2020-02-29,Alpine,003,1148,0,0,0,0,0
2020-02-29,Amador,005,37829,0,0,0,0,0
2020-02-29,Butte,007,227075,0,0,0,0,0
2020-02-29,Calaveras,009,45235,0,0,0,0,0
2020-02-29,Colusa,011,21464,0,0,0,0,0
2020-02-29,Contra Costa,013,1133247,20,0,0,0,0
2020-02-29,Del Norte,015,27424,0,0,0,0,0
2020-02-29,El Dorado,017,186661,1,0,0,0,0
2020-02-29,Fresno,019,978130,1,0,0,0,0
2020-02-29,Glenn,021,27897,0,0,0,0,0
2020-02-29,Humboldt,023,135768,1,1,0,1,0
2020-02-29,Imperial,025,180216,1,0,0,0,0
2020-02-29,Inyo,027,18085,0,0,0,0,0
2020-02-29,Kern,029,883053,2,0,0,0,0
2020-02-29,Kings,031,150075,3,0,1,1,0
2020-02-29,Lake,033,64148,0,0,0,0,0
2020-02-29,Lassen,035,31185,0,0,0,0,0
2020-02-29,Los Angeles,037,10098052,110,1,6,7,0
2020-02-29,Madera,039,155013,2,0,0,0,0
2020-02-29,Marin,041,260295,4,0,0,0,0
2020-02-29,Mariposa,043,17540,0,0,0,0,0
2020-02-29,Mendocino,045,87422,0,0,0,0,0
2020-02-29,Merced,047,269075,1,0,0,0,0
2020-02-29,Modoc,049,8938,0,0,0,0,0
2020-02-29,Mono,051,14174,1,0,0,0,0
2020-02-29,Monterey,053,433212,1,0,0,0,0
2020-02-29,Napa,055,140530,1,0,0,0,0
2020-02-29,Nevada,057,99092,0,0,1,1,0
2020-02-29,Orange,059,3164182,56,1,0,1,0
2020-02-29,Placer,061,380077,7,0,0,0,0
2020-02-29,Plumas,063,18699,0,0,0,0,0
2020-02-29,Riverside,065,2383286,15,0,1,1,0
2020-02-29,Sacramento,067,1510023,16,1,0,1,0
2020-02-29,San Benito,069,59416,0,2,0,2,0
2020-02-29,San Bernardino,071,2135413,25,0,0,0,0
2020-02-29,San Diego,073,3302833,16,2,0,2,0
2020-02-29,San Francisco,075,870044,12,0,0,0,0
2020-02-29,San Joaquin,077,732212,6,0,3,3,0
2020-02-29,San Luis Obispo,079,281455,2,0,0,0,0
2020-02-29,San Mateo,081,765935,29,0,0,0,0
2020-02-29,Santa Barbara,083,443738,0,0,0,0,0
2020-02-29,Santa Clara,085,1922200,75,3,1,4,0
2020-02-29,Santa Cruz,087,273765,8,0,0,0,0
2020-02-29,Shasta,089,179085,2,0,0,0,0
2020-02-29,Sierra,091,2930,0,0,0,0,0
2020-02-29,Siskiyou,093,43540,0,0,0,0,0
2020-02-29,Solano,095,438530,18,23,0,23,0
2020-02-29,Sonoma,097,501317,6,0,0,0,0
2020-02-29,Stanislaus,099,539301,2,0,2,2,0
2020-02-29,Sutter,101,95872,0,0,0,0,0
2020-02-29,Tehama,103,63373,0,0,0,0,0
2020-02-29,Trinity,105,12862,0,0,0,0,0
2020-02-29,Tulare,107,460477,4,0,0,0,0
2020-02-29,Tuolumne,109,53932,0,0,0,0,0
2020-02-29,Ventura,111,848112,6,0,0,0,0
2020-02-29,Yolo,113,214977,1,0,0,0,0
2020-02-29,Yuba,115,75493,0,0,0,0,0
2020-02-28,Alameda,001,1643700,14,0,0,0,0
2020-02-28,Alpine,003,1148,0,0,0,0,0
2020-02-28,Amador,005,37829,0,0,0,0,0
2020-02-28,Butte,007,227075,0,0,0,0,0
2020-02-28,Calaveras,009,45235,0,0,0,0,0
2020-02-28,Colusa,011,21464,0,0,0,0,0
2020-02-28,Contra Costa,013,1133247,20,0,0,0,0
2020-02-28,Del Norte,015,27424,0,0,0,0,0
2020-02-28,El Dorado,017,186661,0,0,0,0,0
2020-02-28,Fresno,019,978130,1,0,0,0,0
2020-02-28,Glenn,021,27897,0,0,0,0,0
2020-02-28,Humboldt,023,135768,1,1,0,1,0
2020-02-28,Imperial,025,180216,1,0,0,0,0
2020-02-28,Inyo,027,18085,0,0,0,0,0
2020-02-28,Kern,029,883053,2,0,0,0,0
2020-02-28,Kings,031,150075,3,0,1,1,0
2020-02-28,Lake,033,64148,0,0,0,0,0
2020-02-28,Lassen,035,31185,0,0,0,0,0
2020-02-28,Los Angeles,037,10098052,102,1,6,7,0
2020-02-28,Madera,039,155013,2,0,0,0,0
2020-02-28,Marin,041,260295,2,0,0,0,0
2020-02-28,Mariposa,043,17540,0,0,0,0,0
2020-02-28,Mendocino,045,87422,0,0,0,0,0
2020-02-28,Merced,047,269075,1,0,0,0,0
2020-02-28,Modoc,049,8938,0,0,0,0,0
2020-02-28,Mono,051,14174,0,0,0,0,0
2020-02-28,Monterey,053,433212,1,0,0,0,0
2020-02-28,Napa,055,140530,1,0,0,0,0
2020-02-28,Nevada,057,99092,0,0,1,1,0
2020-02-28,Orange,059,3164182,54,1,0,1,0
2020-02-28,Placer,061,380077,7,0,0,0,0
2020-02-28,Plumas,063,18699,0,0,0,0,0
2020-02-28,Riverside,065,2383286,13,0,1,1,0
2020-02-28,Sacramento,067,1510023,10,1,0,1,0
2020-02-28,San Benito,069,59416,0,2,0,2,0
2020-02-28,San Bernardino,071,2135413,25,0,0,0,0
2020-02-28,San Diego,073,3302833,13,2,0,2,0
2020-02-28,San Francisco,075,870044,10,0,0,0,0
2020-02-28,San Joaquin,077,732212,6,0,3,3,0
2020-02-28,San Luis Obispo,079,281455,2,0,0,0,0
2020-02-28,San Mateo,081,765935,24,0,0,0,0
2020-02-28,Santa Barbara,083,443738,0,0,0,0,0
2020-02-28,Santa Clara,085,1922200,70,3,1,4,0
2020-02-28,Santa Cruz,087,273765,8,0,0,0,0
2020-02-28,Shasta,089,179085,2,0,0,0,0
2020-02-28,Sierra,091,2930,0,0,0,0,0
2020-02-28,Siskiyou,093,43540,0,0,0,0,0
2020-02-28,Solano,095,438530,17,23,0,23,0
2020-02-28,Sonoma,097,501317,6,0,0,0,0
2020-02-28,Stanislaus,099,539301,2,0,2,2,0
2020-02-28,Sutter,101,95872,0,0,0,0,0
2020-02-28,Tehama,103,63373,0,0,0,0,0
2020-02-28,Trinity,105,12862,0,0,0,0,0
2020-02-28,Tulare,107,460477,3,0,0,0,0
2020-02-28,Tuolumne,109,53932,0,0,0,0,0
2020-02-28,Ventura,111,848112,6,0,0,0,0
2020-02-28,Yolo,113,214977,1,0,0,0,0
2020-02-28,Yuba,115,75493,0,0,0,0,0
2020-02-27,Alameda,001,1643700,13,0,0,0,0
2020-02-27,Alpine,003,1148,0,0,0,0,0
2020-02-27,Amador,005,37829,0,0,0,0,0
2020-02-27,Butte,007,227075,0,0,0,0,0
2020-02-27,Calaveras,009,45235,0,0,0,0,0
2020-02-27,Colusa,011,21464,0,0,0,0,0
2020-02-27,Contra Costa,013,1133247,14,0,0,0,0
2020-02-27,Del Norte,015,27424,0,0,0,0,0
2020-02-27,El Dorado,017,186661,0,0,0,0,0
2020-02-27,Fresno,019,978130,1,0,0,0,0
2020-02-27,Glenn,021,27897,0,0,0,0,0
2020-02-27,Humboldt,023,135768,1,1,0,1,0
2020-02-27,Imperial,025,180216,1,0,0,0,0
2020-02-27,Inyo,027,18085,0,0,0,0,0
2020-02-27,Kern,029,883053,2,0,0,0,0
2020-02-27,Kings,031,150075,3,0,1,1,0
2020-02-27,Lake,033,64148,0,0,0,0,0
2020-02-27,Lassen,035,31185,0,0,0,0,0
2020-02-27,Los Angeles,037,10098052,94,1,6,7,0
2020-02-27,Madera,039,155013,2,0,0,0,0
2020-02-27,Marin,041,260295,1,0,0,0,0
2020-02-27,Mariposa,043,17540,0,0,0,0,0
2020-02-27,Mendocino,045,87422,0,0,0,0,0
2020-02-27,Merced,047,269075,1,0,0,0,0
2020-02-27,Modoc,049,8938,0,0,0,0,0
2020-02-27,Mono,051,14174,0,0,0,0,0
2020-02-27,Monterey,053,433212,1,0,0,0,0
2020-02-27,Napa,055,140530,1,0,0,0,0
2020-02-27,Nevada,057,99092,0,0,1,1,0
2020-02-27,Orange,059,3164182,48,1,0,1,0
2020-02-27,Placer,061,380077,6,0,0,0,0
2020-02-27,Plumas,063,18699,0,0,0,0,0
2020-02-27,Riverside,065,2383286,12,0,1,1,0
2020-02-27,Sacramento,067,1510023,10,1,0,1,0
2020-02-27,San Benito,069,59416,0,2,0,2,0
2020-02-27,San Bernardino,071,2135413,25,0,0,0,0
2020-02-27,San Diego,073,3302833,12,2,0,2,0
2020-02-27,San Francisco,075,870044,9,0,0,0,0
2020-02-27,San Joaquin,077,732212,5,0,3,3,0
2020-02-27,San Luis Obispo,079,281455,2,0,0,0,0
2020-02-27,San Mateo,081,765935,20,0,0,0,0
2020-02-27,Santa Barbara,083,443738,0,0,0,0,0
2020-02-27,Santa Clara,085,1922200,59,2,1,3,0
2020-02-27,Santa Cruz,087,273765,6,0,0,0,0
2020-02-27,Shasta,089,179085,0,0,0,0,0
2020-02-27,Sierra,091,2930,0,0,0,0,0
2020-02-27,Siskiyou,093,43540,0,0,0,0,0
2020-02-27,Solano,095,438530,17,23,0,23,0
2020-02-27,Sonoma,097,501317,5,0,0,0,0
2020-02-27,Stanislaus,099,539301,2,0,2,2,0
2020-02-27,Sutter,101,95872,0,0,0,0,0
2020-02-27,Tehama,103,63373,0,0,0,0,0
2020-02-27,Trinity,105,12862,0,0,0,0,0
2020-02-27,Tulare,107,460477,3,0,0,0,0
2020-02-27,Tuolumne,109,53932,0,0,0,0,0
2020-02-27,Ventura,111,848112,4,0,0,0,0
2020-02-27,Yolo,113,214977,1,0,0,0,0
2020-02-27,Yuba,115,75493,0,0,0,0,0
2020-02-26,Alameda,001,1643700,13,0,0,0,0
2020-02-26,Alpine,003,1148,0,0,0,0,0
2020-02-26,Amador,005,37829,0,0,0,0,0
2020-02-26,Butte,007,227075,0,0,0,0,0
2020-02-26,Calaveras,009,45235,0,0,0,0,0
2020-02-26,Colusa,011,21464,0,0,0,0,0
2020-02-26,Contra Costa,013,1133247,13,0,0,0,0
2020-02-26,Del Norte,015,27424,0,0,0,0,0
2020-02-26,El Dorado,017,186661,0,0,0,0,0
2020-02-26,Fresno,019,978130,1,0,0,0,0
2020-02-26,Glenn,021,27897,0,0,0,0,0
2020-02-26,Humboldt,023,135768,1,1,0,1,0
2020-02-26,Imperial,025,180216,1,0,0,0,0
2020-02-26,Inyo,027,18085,0,0,0,0,0
2020-02-26,Kern,029,883053,2,0,0,0,0
2020-02-26,Kings,031,150075,3,0,1,1,0
2020-02-26,Lake,033,64148,0,0,0,0,0
2020-02-26,Lassen,035,31185,0,0,0,0,0
2020-02-26,Los Angeles,037,10098052,88,1,6,7,0
2020-02-26,Madera,039,155013,2,0,0,0,0
2020-02-26,Marin,041,260295,1,0,0,0,0
2020-02-26,Mariposa,043,17540,0,0,0,0,0
2020-02-26,Mendocino,045,87422,0,0,0,0,0
2020-02-26,Merced,047,269075,1,0,0,0,0
2020-02-26,Modoc,049,8938,0,0,0,0,0
2020-02-26,Mono,051,14174,0,0,0,0,0
2020-02-26,Monterey,053,433212,1,0,0,0,0
2020-02-26,Napa,055,140530,0,0,0,0,0
2020-02-26,Nevada,057,99092,0,0,1,1,0
2020-02-26,Orange,059,3164182,47,1,0,1,0
2020-02-26,Placer,061,380077,5,0,0,0,0
2020-02-26,Plumas,063,18699,0,0,0,0,0
2020-02-26,Riverside,065,2383286,10,0,1,1,0
2020-02-26,Sacramento,067,1510023,10,1,0,1,0
2020-02-26,San Benito,069,59416,0,2,0,2,0
2020-02-26,San Bernardino,071,2135413,23,0,0,0,0
2020-02-26,San Diego,073,3302833,11,2,0,2,0
2020-02-26,San Francisco,075,870044,9,0,0,0,0
2020-02-26,San Joaquin,077,732212,5,0,3,3,0
2020-02-26,San Luis Obispo,079,281455,2,0,0,0,0
2020-02-26,San Mateo,081,765935,18,0,0,0,0
2020-02-26,Santa Barbara,083,443738,0,0,0,0,0
2020-02-26,Santa Clara,085,1922200,50,2,1,3,0
2020-02-26,Santa Cruz,087,273765,6,0,0,0,0
2020-02-26,Shasta,089,179085,0,0,0,0,0
2020-02-26,Sierra,091,2930,0,0,0,0,0
2020-02-26,Siskiyou,093,43540,0,0,0,0,0
2020-02-26,Solano,095,438530,17,23,0,23,0
2020-02-26,Sonoma,097,501317,5,0,0,0,0
2020-02-26,Stanislaus,099,539301,2,0,2,2,0
2020-02-26,Sutter,101,95872,0,0,0,0,0
2020-02-26,Tehama,103,63373,0,0,0,0,0
2020-02-26,Trinity,105,12862,0,0,0,0,0
2020-02-26,Tulare,107,460477,3,0,0,0,0
2020-02-26,Tuolumne,109,53932,0,0,0,0,0
2020-02-26,Ventura,111,848112,4,0,0,0,0
2020-02-26,Yolo,113,214977,1,0,0,0,0
2020-02-26,Yuba,115,75493,0,0,0,0,0
2020-02-25,Alameda,001,1643700,13,0,0,0,0
2020-02-25,Alpine,003,1148,0,0,0,0,0
2020-02-25,Amador,005,37829,0,0,0,0,0
2020-02-25,Butte,007,227075,0,0,0,0,0
2020-02-25,Calaveras,009,45235,0,0,0,0,0
2020-02-25,Colusa,011,21464,0,0,0,0,0
2020-02-25,Contra Costa,013,1133247,11,0,0,0,0
2020-02-25,Del Norte,015,27424,0,0,0,0,0
2020-02-25,El Dorado,017,186661,0,0,0,0,0
2020-02-25,Fresno,019,978130,1,0,0,0,0
2020-02-25,Glenn,021,27897,0,0,0,0,0
2020-02-25,Humboldt,023,135768,1,1,0,1,0
2020-02-25,Imperial,025,180216,1,0,0,0,0
2020-02-25,Inyo,027,18085,0,0,0,0,0
2020-02-25,Kern,029,883053,2,0,0,0,0
2020-02-25,Kings,031,150075,3,0,1,1,0
2020-02-25,Lake,033,64148,0,0,0,0,0
2020-02-25,Lassen,035,31185,0,0,0,0,0
2020-02-25,Los Angeles,037,10098052,76,1,6,7,0
2020-02-25,Madera,039,155013,2,0,0,0,0
2020-02-25,Marin,041,260295,1,0,0,0,0
2020-02-25,Mariposa,043,17540,0,0,0,0,0
2020-02-25,Mendocino,045,87422,0,0,0,0,0
2020-02-25,Merced,047,269075,0,0,0,0,0
2020-02-25,Modoc,049,8938,0,0,0,0,0
2020-02-25,Mono,051,14174,0,0,0,0,0
2020-02-25,Monterey,053,433212,1,0,0,0,0
2020-02-25,Napa,055,140530,0,0,0,0,0
2020-02-25,Nevada,057,99092,0,0,1,1,0
2020-02-25,Orange,059,3164182,46,1,0,1,0
2020-02-25,Placer,061,380077,5,0,0,0,0
2020-02-25,Plumas,063,18699,0,0,0,0,0
2020-02-25,Riverside,065,2383286,10,0,1,1,0
2020-02-25,Sacramento,067,1510023,8,1,0,1,0
2020-02-25,San Benito,069,59416,0,2,0,2,0
2020-02-25,San Bernardino,071,2135413,21,0,0,0,0
2020-02-25,San Diego,073,3302833,7,2,0,2,0
2020-02-25,San Francisco,075,870044,7,0,0,0,0
2020-02-25,San Joaquin,077,732212,5,0,2,2,0
2020-02-25,San Luis Obispo,079,281455,2,0,0,0,0
2020-02-25,San Mateo,081,765935,17,0,0,0,0
2020-02-25,Santa Barbara,083,443738,0,0,0,0,0
2020-02-25,Santa Clara,085,1922200,40,2,1,3,0
2020-02-25,Santa Cruz,087,273765,5,0,0,0,0
2020-02-25,Shasta,089,179085,0,0,0,0,0
2020-02-25,Sierra,091,2930,0,0,0,0,0
2020-02-25,Siskiyou,093,43540,0,0,0,0,0
2020-02-25,Solano,095,438530,16,21,0,21,0
2020-02-25,Sonoma,097,501317,5,0,0,0,0
2020-02-25,Stanislaus,099,539301,2,0,2,2,0
2020-02-25,Sutter,101,95872,0,0,0,0,0
2020-02-25,Tehama,103,63373,0,0,0,0,0
2020-02-25,Trinity,105,12862,0,0,0,0,0
2020-02-25,Tulare,107,460477,3,0,0,0,0
2020-02-25,Tuolumne,109,53932,0,0,0,0,0
2020-02-25,Ventura,111,848112,4,0,0,0,0
2020-02-25,Yolo,113,214977,1,0,0,0,0
2020-02-25,Yuba,115,75493,0,0,0,0,0
2020-02-24,Alameda,001,1643700,13,0,0,0,0
2020-02-24,Alpine,003,1148,0,0,0,0,0
2020-02-24,Amador,005,37829,0,0,0,0,0
2020-02-24,Butte,007,227075,0,0,0,0,0
2020-02-24,Calaveras,009,45235,0,0,0,0,0
2020-02-24,Colusa,011,21464,0,0,0,0,0
2020-02-24,Contra Costa,013,1133247,9,0,0,0,0
2020-02-24,Del Norte,015,27424,0,0,0,0,0
2020-02-24,El Dorado,017,186661,0,0,0,0,0
2020-02-24,Fresno,019,978130,1,0,0,0,0
2020-02-24,Glenn,021,27897,0,0,0,0,0
2020-02-24,Humboldt,023,135768,1,1,0,1,0
2020-02-24,Imperial,025,180216,1,0,0,0,0
2020-02-24,Inyo,027,18085,0,0,0,0,0
2020-02-24,Kern,029,883053,2,0,0,0,0
2020-02-24,Kings,031,150075,3,0,1,1,0
2020-02-24,Lake,033,64148,0,0,0,0,0
2020-02-24,Lassen,035,31185,0,0,0,0,0
2020-02-24,Los Angeles,037,10098052,71,1,6,7,0
2020-02-24,Madera,039,155013,1,0,0,0,0
2020-02-24,Marin,041,260295,1,0,0,0,0
2020-02-24,Mariposa,043,17540,0,0,0,0,0
2020-02-24,Mendocino,045,87422,0,0,0,0,0
2020-02-24,Merced,047,269075,0,0,0,0,0
2020-02-24,Modoc,049,8938,0,0,0,0,0
2020-02-24,Mono,051,14174,0,0,0,0,0
2020-02-24,Monterey,053,433212,1,0,0,0,0
2020-02-24,Napa,055,140530,0,0,0,0,0
2020-02-24,Nevada,057,99092,0,0,1,1,0
2020-02-24,Orange,059,3164182,44,1,0,1,0
2020-02-24,Placer,061,380077,3,0,0,0,0
2020-02-24,Plumas,063,18699,0,0,0,0,0
2020-02-24,Riverside,065,2383286,9,0,1,1,0
2020-02-24,Sacramento,067,1510023,7,1,0,1,0
2020-02-24,San Benito,069,59416,0,2,0,2,0
2020-02-24,San Bernardino,071,2135413,21,0,0,0,0
2020-02-24,San Diego,073,3302833,7,2,0,2,0
2020-02-24,San Francisco,075,870044,6,0,0,0,0
2020-02-24,San Joaquin,077,732212,5,0,1,1,0
2020-02-24,San Luis Obispo,079,281455,2,0,0,0,0
2020-02-24,San Mateo,081,765935,13,0,0,0,0
2020-02-24,Santa Barbara,083,443738,0,0,0,0,0
2020-02-24,Santa Clara,085,1922200,38,2,1,3,0
2020-02-24,Santa Cruz,087,273765,5,0,0,0,0
2020-02-24,Shasta,089,179085,0,0,0,0,0
2020-02-24,Sierra,091,2930,0,0,0,0,0
2020-02-24,Siskiyou,093,43540,0,0,0,0,0
2020-02-24,Solano,095,438530,13,15,0,15,0
2020-02-24,Sonoma,097,501317,5,0,0,0,0
2020-02-24,Stanislaus,099,539301,2,0,2,2,0
2020-02-24,Sutter,101,95872,0,0,0,0,0
2020-02-24,Tehama,103,63373,0,0,0,0,0
2020-02-24,Trinity,105,12862,0,0,0,0,0
2020-02-24,Tulare,107,460477,3,0,0,0,0
2020-02-24,Tuolumne,109,53932,0,0,0,0,0
2020-02-24,Ventura,111,848112,4,0,0,0,0
2020-02-24,Yolo,113,214977,1,0,0,0,0
2020-02-24,Yuba,115,75493,0,0,0,0,0
2020-02-23,Alameda,001,1643700,11,0,0,0,0
2020-02-23,Alpine,003,1148,0,0,0,0,0
2020-02-23,Amador,005,37829,0,0,0,0,0
2020-02-23,Butte,007,227075,0,0,0,0,0
2020-02-23,Calaveras,009,45235,0,0,0,0,0
2020-02-23,Colusa,011,21464,0,0,0,0,0
2020-02-23,Contra Costa,013,1133247,6,0,0,0,0
2020-02-23,Del Norte,015,27424,0,0,0,0,0
2020-02-23,El Dorado,017,186661,0,0,0,0,0
2020-02-23,Fresno,019,978130,1,0,0,0,0
2020-02-23,Glenn,021,27897,0,0,0,0,0
2020-02-23,Humboldt,023,135768,1,1,0,1,0
2020-02-23,Imperial,025,180216,1,0,0,0,0
2020-02-23,Inyo,027,18085,0,0,0,0,0
2020-02-23,Kern,029,883053,2,0,0,0,0
2020-02-23,Kings,031,150075,3,0,1,1,0
2020-02-23,Lake,033,64148,0,0,0,0,0
2020-02-23,Lassen,035,31185,0,0,0,0,0
2020-02-23,Los Angeles,037,10098052,63,1,6,7,0
2020-02-23,Madera,039,155013,1,0,0,0,0
2020-02-23,Marin,041,260295,1,0,0,0,0
2020-02-23,Mariposa,043,17540,0,0,0,0,0
2020-02-23,Mendocino,045,87422,0,0,0,0,0
2020-02-23,Merced,047,269075,0,0,0,0,0
2020-02-23,Modoc,049,8938,0,0,0,0,0
2020-02-23,Mono,051,14174,0,0,0,0,0
2020-02-23,Monterey,053,433212,1,0,0,0,0
2020-02-23,Napa,055,140530,0,0,0,0,0
2020-02-23,Nevada,057,99092,0,0,1,1,0
2020-02-23,Orange,059,3164182,44,1,0,1,0
2020-02-23,Placer,061,380077,3,0,0,0,0
2020-02-23,Plumas,063,18699,0,0,0,0,0
2020-02-23,Riverside,065,2383286,9,0,0,0,0
2020-02-23,Sacramento,067,1510023,6,1,0,1,0
2020-02-23,San Benito,069,59416,0,2,0,2,0
2020-02-23,San Bernardino,071,2135413,20,0,0,0,0
2020-02-23,San Diego,073,3302833,6,2,0,2,0
2020-02-23,San Francisco,075,870044,5,0,0,0,0
2020-02-23,San Joaquin,077,732212,4,0,1,1,0
2020-02-23,San Luis Obispo,079,281455,2,0,0,0,0
2020-02-23,San Mateo,081,765935,10,0,0,0,0
2020-02-23,Santa Barbara,083,443738,0,0,0,0,0
2020-02-23,Santa Clara,085,1922200,26,2,1,3,0
2020-02-23,Santa Cruz,087,273765,2,0,0,0,0
2020-02-23,Shasta,089,179085,0,0,0,0,0
2020-02-23,Sierra,091,2930,0,0,0,0,0
2020-02-23,Siskiyou,093,43540,0,0,0,0,0
2020-02-23,Solano,095,438530,11,15,0,15,0
2020-02-23,Sonoma,097,501317,5,0,0,0,0
2020-02-23,Stanislaus,099,539301,2,0,2,2,0
2020-02-23,Sutter,101,95872,0,0,0,0,0
2020-02-23,Tehama,103,63373,0,0,0,0,0
2020-02-23,Trinity,105,12862,0,0,0,0,0
2020-02-23,Tulare,107,460477,2,0,0,0,0
2020-02-23,Tuolumne,109,53932,0,0,0,0,0
2020-02-23,Ventura,111,848112,4,0,0,0,0
2020-02-23,Yolo,113,214977,1,0,0,0,0
2020-02-23,Yuba,115,75493,0,0,0,0,0
2020-02-22,Alameda,001,1643700,10,0,0,0,0
2020-02-22,Alpine,003,1148,0,0,0,0,0
2020-02-22,Amador,005,37829,0,0,0,0,0
2020-02-22,Butte,007,227075,0,0,0,0,0
2020-02-22,Calaveras,009,45235,0,0,0,0,0
2020-02-22,Colusa,011,21464,0,0,0,0,0
2020-02-22,Contra Costa,013,1133247,5,0,0,0,0
2020-02-22,Del Norte,015,27424,0,0,0,0,0
2020-02-22,El Dorado,017,186661,0,0,0,0,0
2020-02-22,Fresno,019,978130,1,0,0,0,0
2020-02-22,Glenn,021,27897,0,0,0,0,0
2020-02-22,Humboldt,023,135768,1,1,0,1,0
2020-02-22,Imperial,025,180216,0,0,0,0,0
2020-02-22,Inyo,027,18085,0,0,0,0,0
2020-02-22,Kern,029,883053,2,0,0,0,0
2020-02-22,Kings,031,150075,3,0,1,1,0
2020-02-22,Lake,033,64148,0,0,0,0,0
2020-02-22,Lassen,035,31185,0,0,0,0,0
2020-02-22,Los Angeles,037,10098052,61,1,6,7,0
2020-02-22,Madera,039,155013,0,0,0,0,0
2020-02-22,Marin,041,260295,1,0,0,0,0
2020-02-22,Mariposa,043,17540,0,0,0,0,0
2020-02-22,Mendocino,045,87422,0,0,0,0,0
2020-02-22,Merced,047,269075,0,0,0,0,0
2020-02-22,Modoc,049,8938,0,0,0,0,0
2020-02-22,Mono,051,14174,0,0,0,0,0
2020-02-22,Monterey,053,433212,1,0,0,0,0
2020-02-22,Napa,055,140530,0,0,0,0,0
2020-02-22,Nevada,057,99092,0,0,1,1,0
2020-02-22,Orange,059,3164182,43,1,0,1,0
2020-02-22,Placer,061,380077,3,0,0,0,0
2020-02-22,Plumas,063,18699,0,0,0,0,0
2020-02-22,Riverside,065,2383286,9,0,0,0,0
2020-02-22,Sacramento,067,1510023,6,1,0,1,0
2020-02-22,San Benito,069,59416,0,2,0,2,0
2020-02-22,San Bernardino,071,2135413,18,0,0,0,0
2020-02-22,San Diego,073,3302833,5,2,0,2,0
2020-02-22,San Francisco,075,870044,3,0,0,0,0
2020-02-22,San Joaquin,077,732212,4,0,1,1,0
2020-02-22,San Luis Obispo,079,281455,2,0,0,0,0
2020-02-22,San Mateo,081,765935,8,0,0,0,0
2020-02-22,Santa Barbara,083,443738,0,0,0,0,0
2020-02-22,Santa Clara,085,1922200,23,2,1,3,0
2020-02-22,Santa Cruz,087,273765,2,0,0,0,0
2020-02-22,Shasta,089,179085,0,0,0,0,0
2020-02-22,Sierra,091,2930,0,0,0,0,0
2020-02-22,Siskiyou,093,43540,0,0,0,0,0
2020-02-22,Solano,095,438530,11,11,0,11,0
2020-02-22,Sonoma,097,501317,4,0,0,0,0
2020-02-22,Stanislaus,099,539301,2,0,2,2,0
2020-02-22,Sutter,101,95872,0,0,0,0,0
2020-02-22,Tehama,103,63373,0,0,0,0,0
2020-02-22,Trinity,105,12862,0,0,0,0,0
2020-02-22,Tulare,107,460477,2,0,0,0,0
2020-02-22,Tuolumne,109,53932,0,0,0,0,0
2020-02-22,Ventura,111,848112,4,0,0,0,0
2020-02-22,Yolo,113,214977,0,0,0,0,0
2020-02-22,Yuba,115,75493,0,0,0,0,0
2020-02-21,Alameda,001,1643700,9,0,0,0,0
2020-02-21,Alpine,003,1148,0,0,0,0,0
2020-02-21,Amador,005,37829,0,0,0,0,0
2020-02-21,Butte,007,227075,0,0,0,0,0
2020-02-21,Calaveras,009,45235,0,0,0,0,0
2020-02-21,Colusa,011,21464,0,0,0,0,0
2020-02-21,Contra Costa,013,1133247,4,0,0,0,0
2020-02-21,Del Norte,015,27424,0,0,0,0,0
2020-02-21,El Dorado,017,186661,0,0,0,0,0
2020-02-21,Fresno,019,978130,1,0,0,0,0
2020-02-21,Glenn,021,27897,0,0,0,0,0
2020-02-21,Humboldt,023,135768,1,1,0,1,0
2020-02-21,Imperial,025,180216,0,0,0,0,0
2020-02-21,Inyo,027,18085,0,0,0,0,0
2020-02-21,Kern,029,883053,2,0,0,0,0
2020-02-21,Kings,031,150075,3,0,1,1,0
2020-02-21,Lake,033,64148,0,0,0,0,0
2020-02-21,Lassen,035,31185,0,0,0,0,0
2020-02-21,Los Angeles,037,10098052,57,1,6,7,0
2020-02-21,Madera,039,155013,0,0,0,0,0
2020-02-21,Marin,041,260295,1,0,0,0,0
2020-02-21,Mariposa,043,17540,0,0,0,0,0
2020-02-21,Mendocino,045,87422,0,0,0,0,0
2020-02-21,Merced,047,269075,0,0,0,0,0
2020-02-21,Modoc,049,8938,0,0,0,0,0
2020-02-21,Mono,051,14174,0,0,0,0,0
2020-02-21,Monterey,053,433212,1,0,0,0,0
2020-02-21,Napa,055,140530,0,0,0,0,0
2020-02-21,Nevada,057,99092,0,0,1,1,0
2020-02-21,Orange,059,3164182,41,1,0,1,0
2020-02-21,Placer,061,380077,2,0,0,0,0
2020-02-21,Plumas,063,18699,0,0,0,0,0
2020-02-21,Riverside,065,2383286,9,0,0,0,0
2020-02-21,Sacramento,067,1510023,5,1,0,1,0
2020-02-21,San Benito,069,59416,0,2,0,2,0
2020-02-21,San Bernardino,071,2135413,17,0,0,0,0
2020-02-21,San Diego,073,3302833,5,2,0,2,0
2020-02-21,San Francisco,075,870044,3,0,0,0,0
2020-02-21,San Joaquin,077,732212,2,0,1,1,0
2020-02-21,San Luis Obispo,079,281455,2,0,0,0,0
2020-02-21,San Mateo,081,765935,8,0,0,0,0
2020-02-21,Santa Barbara,083,443738,0,0,0,0,0
2020-02-21,Santa Clara,085,1922200,21,2,1,3,0
2020-02-21,Santa Cruz,087,273765,2,0,0,0,0
2020-02-21,Shasta,089,179085,0,0,0,0,0
2020-02-21,Sierra,091,2930,0,0,0,0,0
2020-02-21,Siskiyou,093,43540,0,0,0,0,0
2020-02-21,Solano,095,438530,10,11,0,11,0
2020-02-21,Sonoma,097,501317,3,0,0,0,0
2020-02-21,Stanislaus,099,539301,2,0,2,2,0
2020-02-21,Sutter,101,95872,0,0,0,0,0
2020-02-21,Tehama,103,63373,0,0,0,0,0
2020-02-21,Trinity,105,12862,0,0,0,0,0
2020-02-21,Tulare,107,460477,2,0,0,0,0
2020-02-21,Tuolumne,109,53932,0,0,0,0,0
2020-02-21,Ventura,111,848112,4,0,0,0,0
2020-02-21,Yolo,113,214977,0,0,0,0,0
2020-02-21,Yuba,115,75493,0,0,0,0,0
2020-02-20,Alameda,001,1643700,7,0,0,0,0
2020-02-20,Alpine,003,1148,0,0,0,0,0
2020-02-20,Amador,005,37829,0,0,0,0,0
2020-02-20,Butte,007,227075,0,0,0,0,0
2020-02-20,Calaveras,009,45235,0,0,0,0,0
2020-02-20,Colusa,011,21464,0,0,0,0,0
2020-02-20,Contra Costa,013,1133247,3,0,0,0,0
2020-02-20,Del Norte,015,27424,0,0,0,0,0
2020-02-20,El Dorado,017,186661,0,0,0,0,0
2020-02-20,Fresno,019,978130,1,0,0,0,0
2020-02-20,Glenn,021,27897,0,0,0,0,0
2020-02-20,Humboldt,023,135768,1,1,0,1,0
2020-02-20,Imperial,025,180216,0,0,0,0,0
2020-02-20,Inyo,027,18085,0,0,0,0,0
2020-02-20,Kern,029,883053,2,0,0,0,0
2020-02-20,Kings,031,150075,3,0,1,1,0
2020-02-20,Lake,033,64148,0,0,0,0,0
2020-02-20,Lassen,035,31185,0,0,0,0,0
2020-02-20,Los Angeles,037,10098052,56,1,5,6,0
2020-02-20,Madera,039,155013,0,0,0,0,0
2020-02-20,Marin,041,260295,0,0,0,0,0
2020-02-20,Mariposa,043,17540,0,0,0,0,0
2020-02-20,Mendocino,045,87422,0,0,0,0,0
2020-02-20,Merced,047,269075,0,0,0,0,0
2020-02-20,Modoc,049,8938,0,0,0,0,0
2020-02-20,Mono,051,14174,0,0,0,0,0
2020-02-20,Monterey,053,433212,1,0,0,0,0
2020-02-20,Napa,055,140530,0,0,0,0,0
2020-02-20,Nevada,057,99092,0,0,1,1,0
2020-02-20,Orange,059,3164182,41,1,0,1,0
2020-02-20,Placer,061,380077,2,0,0,0,0
2020-02-20,Plumas,063,18699,0,0,0,0,0
2020-02-20,Riverside,065,2383286,7,0,0,0,0
2020-02-20,Sacramento,067,1510023,2,1,0,1,0
2020-02-20,San Benito,069,59416,0,2,0,2,0
2020-02-20,San Bernardino,071,2135413,15,0,0,0,0
2020-02-20,San Diego,073,3302833,5,2,0,2,0
2020-02-20,San Francisco,075,870044,3,0,0,0,0
2020-02-20,San Joaquin,077,732212,2,0,1,1,0
2020-02-20,San Luis Obispo,079,281455,2,0,0,0,0
2020-02-20,San Mateo,081,765935,7,0,0,0,0
2020-02-20,Santa Barbara,083,443738,0,0,0,0,0
2020-02-20,Santa Clara,085,1922200,17,2,1,3,0
2020-02-20,Santa Cruz,087,273765,2,0,0,0,0
2020-02-20,Shasta,089,179085,0,0,0,0,0
2020-02-20,Sierra,091,2930,0,0,0,0,0
2020-02-20,Siskiyou,093,43540,0,0,0,0,0
2020-02-20,Solano,095,438530,8,7,0,7,0
2020-02-20,Sonoma,097,501317,2,0,0,0,0
2020-02-20,Stanislaus,099,539301,2,0,2,2,0
2020-02-20,Sutter,101,95872,0,0,0,0,0
2020-02-20,Tehama,103,63373,0,0,0,0,0
2020-02-20,Trinity,105,12862,0,0,0,0,0
2020-02-20,Tulare,107,460477,2,0,0,0,0
2020-02-20,Tuolumne,109,53932,0,0,0,0,0
2020-02-20,Ventura,111,848112,4,0,0,0,0
2020-02-20,Yolo,113,214977,0,0,0,0,0
2020-02-20,Yuba,115,75493,0,0,0,0,0
2020-02-19,Alameda,001,1643700,6,0,0,0,0
2020-02-19,Alpine,003,1148,0,0,0,0,0
2020-02-19,Amador,005,37829,0,0,0,0,0
2020-02-19,Butte,007,227075,0,0,0,0,0
2020-02-19,Calaveras,009,45235,0,0,0,0,0
2020-02-19,Colusa,011,21464,0,0,0,0,0
2020-02-19,Contra Costa,013,1133247,3,0,0,0,0
2020-02-19,Del Norte,015,27424,0,0,0,0,0
2020-02-19,El Dorado,017,186661,0,0,0,0,0
2020-02-19,Fresno,019,978130,1,0,0,0,0
2020-02-19,Glenn,021,27897,0,0,0,0,0
2020-02-19,Humboldt,023,135768,1,0,0,0,0
2020-02-19,Imperial,025,180216,0,0,0,0,0
2020-02-19,Inyo,027,18085,0,0,0,0,0
2020-02-19,Kern,029,883053,2,0,0,0,0
2020-02-19,Kings,031,150075,3,0,1,1,0
2020-02-19,Lake,033,64148,0,0,0,0,0
2020-02-19,Lassen,035,31185,0,0,0,0,0
2020-02-19,Los Angeles,037,10098052,53,1,5,6,0
2020-02-19,Madera,039,155013,0,0,0,0,0
2020-02-19,Marin,041,260295,0,0,0,0,0
2020-02-19,Mariposa,043,17540,0,0,0,0,0
2020-02-19,Mendocino,045,87422,0,0,0,0,0
2020-02-19,Merced,047,269075,0,0,0,0,0
2020-02-19,Modoc,049,8938,0,0,0,0,0
2020-02-19,Mono,051,14174,0,0,0,0,0
2020-02-19,Monterey,053,433212,1,0,0,0,0
2020-02-19,Napa,055,140530,0,0,0,0,0
2020-02-19,Nevada,057,99092,0,0,1,1,0
2020-02-19,Orange,059,3164182,40,1,0,1,0
2020-02-19,Placer,061,380077,2,0,0,0,0
2020-02-19,Plumas,063,18699,0,0,0,0,0
2020-02-19,Riverside,065,2383286,5,0,0,0,0
2020-02-19,Sacramento,067,1510023,2,0,0,0,0
2020-02-19,San Benito,069,59416,0,2,0,2,0
2020-02-19,San Bernardino,071,2135413,14,0,0,0,0
2020-02-19,San Diego,073,3302833,4,2,0,2,0
2020-02-19,San Francisco,075,870044,2,0,0,0,0
2020-02-19,San Joaquin,077,732212,2,0,1,1,0
2020-02-19,San Luis Obispo,079,281455,2,0,0,0,0
2020-02-19,San Mateo,081,765935,6,0,0,0,0
2020-02-19,Santa Barbara,083,443738,0,0,0,0,0
2020-02-19,Santa Clara,085,1922200,15,2,1,3,0
2020-02-19,Santa Cruz,087,273765,0,0,0,0,0
2020-02-19,Shasta,089,179085,0,0,0,0,0
2020-02-19,Sierra,091,2930,0,0,0,0,0
2020-02-19,Siskiyou,093,43540,0,0,0,0,0
2020-02-19,Solano,095,438530,5,7,0,7,0
2020-02-19,Sonoma,097,501317,2,0,0,0,0
2020-02-19,Stanislaus,099,539301,1,0,2,2,0
2020-02-19,Sutter,101,95872,0,0,0,0,0
2020-02-19,Tehama,103,63373,0,0,0,0,0
2020-02-19,Trinity,105,12862,0,0,0,0,0
2020-02-19,Tulare,107,460477,2,0,0,0,0
2020-02-19,Tuolumne,109,53932,0,0,0,0,0
2020-02-19,Ventura,111,848112,2,0,0,0,0
2020-02-19,Yolo,113,214977,0,0,0,0,0
2020-02-19,Yuba,115,75493,0,0,0,0,0
2020-02-18,Alameda,001,1643700,6,0,0,0,0
2020-02-18,Alpine,003,1148,0,0,0,0,0
2020-02-18,Amador,005,37829,0,0,0,0,0
2020-02-18,Butte,007,227075,0,0,0,0,0
2020-02-18,Calaveras,009,45235,0,0,0,0,0
2020-02-18,Colusa,011,21464,0,0,0,0,0
2020-02-18,Contra Costa,013,1133247,3,0,0,0,0
2020-02-18,Del Norte,015,27424,0,0,0,0,0
2020-02-18,El Dorado,017,186661,0,0,0,0,0
2020-02-18,Fresno,019,978130,0,0,0,0,0
2020-02-18,Glenn,021,27897,0,0,0,0,0
2020-02-18,Humboldt,023,135768,1,0,0,0,0
2020-02-18,Imperial,025,180216,0,0,0,0,0
2020-02-18,Inyo,027,18085,0,0,0,0,0
2020-02-18,Kern,029,883053,2,0,0,0,0
2020-02-18,Kings,031,150075,3,0,1,1,0
2020-02-18,Lake,033,64148,0,0,0,0,0
2020-02-18,Lassen,035,31185,0,0,0,0,0
2020-02-18,Los Angeles,037,10098052,50,1,4,5,0
2020-02-18,Madera,039,155013,0,0,0,0,0
2020-02-18,Marin,041,260295,0,0,0,0,0
2020-02-18,Mariposa,043,17540,0,0,0,0,0
2020-02-18,Mendocino,045,87422,0,0,0,0,0
2020-02-18,Merced,047,269075,0,0,0,0,0
2020-02-18,Modoc,049,8938,0,0,0,0,0
2020-02-18,Mono,051,14174,0,0,0,0,0
2020-02-18,Monterey,053,433212,1,0,0,0,0
2020-02-18,Napa,055,140530,0,0,0,0,0
2020-02-18,Nevada,057,99092,0,0,1,1,0
2020-02-18,Orange,059,3164182,39,1,0,1,0
2020-02-18,Placer,061,380077,0,0,0,0,0
2020-02-18,Plumas,063,18699,0,0,0,0,0
2020-02-18,Riverside,065,2383286,5,0,0,0,0
2020-02-18,Sacramento,067,1510023,2,0,0,0,0
2020-02-18,San Benito,069,59416,0,2,0,2,0
2020-02-18,San Bernardino,071,2135413,13,0,0,0,0
2020-02-18,San Diego,073,3302833,4,2,0,2,0
2020-02-18,San Francisco,075,870044,2,0,0,0,0
2020-02-18,San Joaquin,077,732212,1,0,1,1,0
2020-02-18,San Luis Obispo,079,281455,2,0,0,0,0
2020-02-18,San Mateo,081,765935,5,0,0,0,0
2020-02-18,Santa Barbara,083,443738,0,0,0,0,0
2020-02-18,Santa Clara,085,1922200,14,2,1,3,0
2020-02-18,Santa Cruz,087,273765,0,0,0,0,0
2020-02-18,Shasta,089,179085,0,0,0,0,0
2020-02-18,Sierra,091,2930,0,0,0,0,0
2020-02-18,Siskiyou,093,43540,0,0,0,0,0
2020-02-18,Solano,095,438530,5,7,0,7,0
2020-02-18,Sonoma,097,501317,1,0,0,0,0
2020-02-18,Stanislaus,099,539301,1,0,2,2,0
2020-02-18,Sutter,101,95872,0,0,0,0,0
2020-02-18,Tehama,103,63373,0,0,0,0,0
2020-02-18,Trinity,105,12862,0,0,0,0,0
2020-02-18,Tulare,107,460477,2,0,0,0,0
2020-02-18,Tuolumne,109,53932,0,0,0,0,0
2020-02-18,Ventura,111,848112,2,0,0,0,0
2020-02-18,Yolo,113,214977,0,0,0,0,0
2020-02-18,Yuba,115,75493,0,0,0,0,0
2020-02-17,Alameda,001,1643700,6,0,0,0,0
2020-02-17,Alpine,003,1148,0,0,0,0,0
2020-02-17,Amador,005,37829,0,0,0,0,0
2020-02-17,Butte,007,227075,0,0,0,0,0
2020-02-17,Calaveras,009,45235,0,0,0,0,0
2020-02-17,Colusa,011,21464,0,0,0,0,0
2020-02-17,Contra Costa,013,1133247,3,0,0,0,0
2020-02-17,Del Norte,015,27424,0,0,0,0,0
2020-02-17,El Dorado,017,186661,0,0,0,0,0
2020-02-17,Fresno,019,978130,0,0,0,0,0
2020-02-17,Glenn,021,27897,0,0,0,0,0
2020-02-17,Humboldt,023,135768,1,0,0,0,0
2020-02-17,Imperial,025,180216,0,0,0,0,0
2020-02-17,Inyo,027,18085,0,0,0,0,0
2020-02-17,Kern,029,883053,2,0,0,0,0
2020-02-17,Kings,031,150075,3,0,0,0,0
2020-02-17,Lake,033,64148,0,0,0,0,0
2020-02-17,Lassen,035,31185,0,0,0,0,0
2020-02-17,Los Angeles,037,10098052,47,1,4,5,0
2020-02-17,Madera,039,155013,0,0,0,0,0
2020-02-17,Marin,041,260295,0,0,0,0,0
2020-02-17,Mariposa,043,17540,0,0,0,0,0
2020-02-17,Mendocino,045,87422,0,0,0,0,0
2020-02-17,Merced,047,269075,0,0,0,0,0
2020-02-17,Modoc,049,8938,0,0,0,0,0
2020-02-17,Mono,051,14174,0,0,0,0,0
2020-02-17,Monterey,053,433212,1,0,0,0,0
2020-02-17,Napa,055,140530,0,0,0,0,0
2020-02-17,Nevada,057,99092,0,0,1,1,0
2020-02-17,Orange,059,3164182,39,1,0,1,0
2020-02-17,Placer,061,380077,0,0,0,0,0
2020-02-17,Plumas,063,18699,0,0,0,0,0
2020-02-17,Riverside,065,2383286,5,0,0,0,0
2020-02-17,Sacramento,067,1510023,2,0,0,0,0
2020-02-17,San Benito,069,59416,0,2,0,2,0
2020-02-17,San Bernardino,071,2135413,11,0,0,0,0
2020-02-17,San Diego,073,3302833,4,2,0,2,0
2020-02-17,San Francisco,075,870044,2,0,0,0,0
2020-02-17,San Joaquin,077,732212,1,0,1,1,0
2020-02-17,San Luis Obispo,079,281455,1,0,0,0,0
2020-02-17,San Mateo,081,765935,5,0,0,0,0
2020-02-17,Santa Barbara,083,443738,0,0,0,0,0
2020-02-17,Santa Clara,085,1922200,12,2,1,3,0
2020-02-17,Santa Cruz,087,273765,0,0,0,0,0
2020-02-17,Shasta,089,179085,0,0,0,0,0
2020-02-17,Sierra,091,2930,0,0,0,0,0
2020-02-17,Siskiyou,093,43540,0,0,0,0,0
2020-02-17,Solano,095,438530,3,5,0,5,0
2020-02-17,Sonoma,097,501317,1,0,0,0,0
2020-02-17,Stanislaus,099,539301,1,0,2,2,0
2020-02-17,Sutter,101,95872,0,0,0,0,0
2020-02-17,Tehama,103,63373,0,0,0,0,0
2020-02-17,Trinity,105,12862,0,0,0,0,0
2020-02-17,Tulare,107,460477,2,0,0,0,0
2020-02-17,Tuolumne,109,53932,0,0,0,0,0
2020-02-17,Ventura,111,848112,2,0,0,0,0
2020-02-17,Yolo,113,214977,0,0,0,0,0
2020-02-17,Yuba,115,75493,0,0,0,0,0
2020-02-16,Alameda,001,1643700,5,0,0,0,0
2020-02-16,Alpine,003,1148,0,0,0,0,0
2020-02-16,Amador,005,37829,0,0,0,0,0
2020-02-16,Butte,007,227075,0,0,0,0,0
2020-02-16,Calaveras,009,45235,0,0,0,0,0
2020-02-16,Colusa,011,21464,0,0,0,0,0
2020-02-16,Contra Costa,013,1133247,3,0,0,0,0
2020-02-16,Del Norte,015,27424,0,0,0,0,0
2020-02-16,El Dorado,017,186661,0,0,0,0,0
2020-02-16,Fresno,019,978130,0,0,0,0,0
2020-02-16,Glenn,021,27897,0,0,0,0,0
2020-02-16,Humboldt,023,135768,1,0,0,0,0
2020-02-16,Imperial,025,180216,0,0,0,0,0
2020-02-16,Inyo,027,18085,0,0,0,0,0
2020-02-16,Kern,029,883053,2,0,0,0,0
2020-02-16,Kings,031,150075,3,0,0,0,0
2020-02-16,Lake,033,64148,0,0,0,0,0
2020-02-16,Lassen,035,31185,0,0,0,0,0
2020-02-16,Los Angeles,037,10098052,41,1,4,5,0
2020-02-16,Madera,039,155013,0,0,0,0,0
2020-02-16,Marin,041,260295,0,0,0,0,0
2020-02-16,Mariposa,043,17540,0,0,0,0,0
2020-02-16,Mendocino,045,87422,0,0,0,0,0
2020-02-16,Merced,047,269075,0,0,0,0,0
2020-02-16,Modoc,049,8938,0,0,0,0,0
2020-02-16,Mono,051,14174,0,0,0,0,0
2020-02-16,Monterey,053,433212,1,0,0,0,0
2020-02-16,Napa,055,140530,0,0,0,0,0
2020-02-16,Nevada,057,99092,0,0,0,0,0
2020-02-16,Orange,059,3164182,38,1,0,1,0
2020-02-16,Placer,061,380077,0,0,0,0,0
2020-02-16,Plumas,063,18699,0,0,0,0,0
2020-02-16,Riverside,065,2383286,5,0,0,0,0
2020-02-16,Sacramento,067,1510023,2,0,0,0,0
2020-02-16,San Benito,069,59416,0,2,0,2,0
2020-02-16,San Bernardino,071,2135413,10,0,0,0,0
2020-02-16,San Diego,073,3302833,4,2,0,2,0
2020-02-16,San Francisco,075,870044,2,0,0,0,0
2020-02-16,San Joaquin,077,732212,1,0,1,1,0
2020-02-16,San Luis Obispo,079,281455,1,0,0,0,0
2020-02-16,San Mateo,081,765935,4,0,0,0,0
2020-02-16,Santa Barbara,083,443738,0,0,0,0,0
2020-02-16,Santa Clara,085,1922200,10,2,1,3,0
2020-02-16,Santa Cruz,087,273765,0,0,0,0,0
2020-02-16,Shasta,089,179085,0,0,0,0,0
2020-02-16,Sierra,091,2930,0,0,0,0,0
2020-02-16,Siskiyou,093,43540,0,0,0,0,0
2020-02-16,Solano,095,438530,1,0,0,0,0
2020-02-16,Sonoma,097,501317,1,0,0,0,0
2020-02-16,Stanislaus,099,539301,1,0,2,2,0
2020-02-16,Sutter,101,95872,0,0,0,0,0
2020-02-16,Tehama,103,63373,0,0,0,0,0
2020-02-16,Trinity,105,12862,0,0,0,0,0
2020-02-16,Tulare,107,460477,2,0,0,0,0
2020-02-16,Tuolumne,109,53932,0,0,0,0,0
2020-02-16,Ventura,111,848112,2,0,0,0,0
2020-02-16,Yolo,113,214977,0,0,0,0,0
2020-02-16,Yuba,115,75493,0,0,0,0,0
2020-02-15,Alameda,001,1643700,5,0,0,0,0
2020-02-15,Alpine,003,1148,0,0,0,0,0
2020-02-15,Amador,005,37829,0,0,0,0,0
2020-02-15,Butte,007,227075,0,0,0,0,0
2020-02-15,Calaveras,009,45235,0,0,0,0,0
2020-02-15,Colusa,011,21464,0,0,0,0,0
2020-02-15,Contra Costa,013,1133247,3,0,0,0,0
2020-02-15,Del Norte,015,27424,0,0,0,0,0
2020-02-15,El Dorado,017,186661,0,0,0,0,0
2020-02-15,Fresno,019,978130,0,0,0,0,0
2020-02-15,Glenn,021,27897,0,0,0,0,0
2020-02-15,Humboldt,023,135768,1,0,0,0,0
2020-02-15,Imperial,025,180216,0,0,0,0,0
2020-02-15,Inyo,027,18085,0,0,0,0,0
2020-02-15,Kern,029,883053,2,0,0,0,0
2020-02-15,Kings,031,150075,3,0,0,0,0
2020-02-15,Lake,033,64148,0,0,0,0,0
2020-02-15,Lassen,035,31185,0,0,0,0,0
2020-02-15,Los Angeles,037,10098052,38,1,4,5,0
2020-02-15,Madera,039,155013,0,0,0,0,0
2020-02-15,Marin,041,260295,0,0,0,0,0
2020-02-15,Mariposa,043,17540,0,0,0,0,0
2020-02-15,Mendocino,045,87422,0,0,0,0,0
2020-02-15,Merced,047,269075,0,0,0,0,0
2020-02-15,Modoc,049,8938,0,0,0,0,0
2020-02-15,Mono,051,14174,0,0,0,0,0
2020-02-15,Monterey,053,433212,1,0,0,0,0
2020-02-15,Napa,055,140530,0,0,0,0,0
2020-02-15,Nevada,057,99092,0,0,0,0,0
2020-02-15,Orange,059,3164182,37,1,0,1,0
2020-02-15,Placer,061,380077,0,0,0,0,0
2020-02-15,Plumas,063,18699,0,0,0,0,0
2020-02-15,Riverside,065,2383286,4,0,0,0,0
2020-02-15,Sacramento,067,1510023,2,0,0,0,0
2020-02-15,San Benito,069,59416,0,2,0,2,0
2020-02-15,San Bernardino,071,2135413,9,0,0,0,0
2020-02-15,San Diego,073,3302833,4,2,0,2,0
2020-02-15,San Francisco,075,870044,2,0,0,0,0
2020-02-15,San Joaquin,077,732212,1,0,1,1,0
2020-02-15,San Luis Obispo,079,281455,1,0,0,0,0
2020-02-15,San Mateo,081,765935,4,0,0,0,0
2020-02-15,Santa Barbara,083,443738,0,0,0,0,0
2020-02-15,Santa Clara,085,1922200,10,2,1,3,0
2020-02-15,Santa Cruz,087,273765,0,0,0,0,0
2020-02-15,Shasta,089,179085,0,0,0,0,0
2020-02-15,Sierra,091,2930,0,0,0,0,0
2020-02-15,Siskiyou,093,43540,0,0,0,0,0
2020-02-15,Solano,095,438530,1,0,0,0,0
2020-02-15,Sonoma,097,501317,0,0,0,0,0
2020-02-15,Stanislaus,099,539301,1,0,2,2,0
2020-02-15,Sutter,101,95872,0,0,0,0,0
2020-02-15,Tehama,103,63373,0,0,0,0,0
2020-02-15,Trinity,105,12862,0,0,0,0,0
2020-02-15,Tulare,107,460477,2,0,0,0,0
2020-02-15,Tuolumne,109,53932,0,0,0,0,0
2020-02-15,Ventura,111,848112,2,0,0,0,0
2020-02-15,Yolo,113,214977,0,0,0,0,0
2020-02-15,Yuba,115,75493,0,0,0,0,0
2020-02-14,Alameda,001,1643700,4,0,0,0,0
2020-02-14,Alpine,003,1148,0,0,0,0,0
2020-02-14,Amador,005,37829,0,0,0,0,0
2020-02-14,Butte,007,227075,0,0,0,0,0
2020-02-14,Calaveras,009,45235,0,0,0,0,0
2020-02-14,Colusa,011,21464,0,0,0,0,0
2020-02-14,Contra Costa,013,1133247,3,0,0,0,0
2020-02-14,Del Norte,015,27424,0,0,0,0,0
2020-02-14,El Dorado,017,186661,0,0,0,0,0
2020-02-14,Fresno,019,978130,0,0,0,0,0
2020-02-14,Glenn,021,27897,0,0,0,0,0
2020-02-14,Humboldt,023,135768,1,0,0,0,0
2020-02-14,Imperial,025,180216,0,0,0,0,0
2020-02-14,Inyo,027,18085,0,0,0,0,0
2020-02-14,Kern,029,883053,2,0,0,0,0
2020-02-14,Kings,031,150075,1,0,0,0,0
2020-02-14,Lake,033,64148,0,0,0,0,0
2020-02-14,Lassen,035,31185,0,0,0,0,0
2020-02-14,Los Angeles,037,10098052,33,1,4,5,0
2020-02-14,Madera,039,155013,0,0,0,0,0
2020-02-14,Marin,041,260295,0,0,0,0,0
2020-02-14,Mariposa,043,17540,0,0,0,0,0
2020-02-14,Mendocino,045,87422,0,0,0,0,0
2020-02-14,Merced,047,269075,0,0,0,0,0
2020-02-14,Modoc,049,8938,0,0,0,0,0
2020-02-14,Mono,051,14174,0,0,0,0,0
2020-02-14,Monterey,053,433212,1,0,0,0,0
2020-02-14,Napa,055,140530,0,0,0,0,0
2020-02-14,Nevada,057,99092,0,0,0,0,0
2020-02-14,Orange,059,3164182,37,1,0,1,0
2020-02-14,Placer,061,380077,0,0,0,0,0
2020-02-14,Plumas,063,18699,0,0,0,0,0
2020-02-14,Riverside,065,2383286,4,0,0,0,0
2020-02-14,Sacramento,067,1510023,1,0,0,0,0
2020-02-14,San Benito,069,59416,0,2,0,2,0
2020-02-14,San Bernardino,071,2135413,9,0,0,0,0
2020-02-14,San Diego,073,3302833,3,2,0,2,0
2020-02-14,San Francisco,075,870044,2,0,0,0,0
2020-02-14,San Joaquin,077,732212,1,0,1,1,0
2020-02-14,San Luis Obispo,079,281455,0,0,0,0,0
2020-02-14,San Mateo,081,765935,3,0,0,0,0
2020-02-14,Santa Barbara,083,443738,0,0,0,0,0
2020-02-14,Santa Clara,085,1922200,8,2,1,3,0
2020-02-14,Santa Cruz,087,273765,0,0,0,0,0
2020-02-14,Shasta,089,179085,0,0,0,0,0
2020-02-14,Sierra,091,2930,0,0,0,0,0
2020-02-14,Siskiyou,093,43540,0,0,0,0,0
2020-02-14,Solano,095,438530,1,0,0,0,0
2020-02-14,Sonoma,097,501317,0,0,0,0,0
2020-02-14,Stanislaus,099,539301,1,0,2,2,0
2020-02-14,Sutter,101,95872,0,0,0,0,0
2020-02-14,Tehama,103,63373,0,0,0,0,0
2020-02-14,Trinity,105,12862,0,0,0,0,0
2020-02-14,Tulare,107,460477,2,0,0,0,0
2020-02-14,Tuolumne,109,53932,0,0,0,0,0
2020-02-14,Ventura,111,848112,2,0,0,0,0
2020-02-14,Yolo,113,214977,0,0,0,0,0
2020-02-14,Yuba,115,75493,0,0,0,0,0
2020-02-13,Alameda,001,1643700,4,0,0,0,0
2020-02-13,Alpine,003,1148,0,0,0,0,0
2020-02-13,Amador,005,37829,0,0,0,0,0
2020-02-13,Butte,007,227075,0,0,0,0,0
2020-02-13,Calaveras,009,45235,0,0,0,0,0
2020-02-13,Colusa,011,21464,0,0,0,0,0
2020-02-13,Contra Costa,013,1133247,3,0,0,0,0
2020-02-13,Del Norte,015,27424,0,0,0,0,0
2020-02-13,El Dorado,017,186661,0,0,0,0,0
2020-02-13,Fresno,019,978130,0,0,0,0,0
2020-02-13,Glenn,021,27897,0,0,0,0,0
2020-02-13,Humboldt,023,135768,1,0,0,0,0
2020-02-13,Imperial,025,180216,0,0,0,0,0
2020-02-13,Inyo,027,18085,0,0,0,0,0
2020-02-13,Kern,029,883053,2,0,0,0,0
2020-02-13,Kings,031,150075,1,0,0,0,0
2020-02-13,Lake,033,64148,0,0,0,0,0
2020-02-13,Lassen,035,31185,0,0,0,0,0
2020-02-13,Los Angeles,037,10098052,30,1,3,4,0
2020-02-13,Madera,039,155013,0,0,0,0,0
2020-02-13,Marin,041,260295,0,0,0,0,0
2020-02-13,Mariposa,043,17540,0,0,0,0,0
2020-02-13,Mendocino,045,87422,0,0,0,0,0
2020-02-13,Merced,047,269075,0,0,0,0,0
2020-02-13,Modoc,049,8938,0,0,0,0,0
2020-02-13,Mono,051,14174,0,0,0,0,0
2020-02-13,Monterey,053,433212,1,0,0,0,0
2020-02-13,Napa,055,140530,0,0,0,0,0
2020-02-13,Nevada,057,99092,0,0,0,0,0
2020-02-13,Orange,059,3164182,36,1,0,1,0
2020-02-13,Placer,061,380077,0,0,0,0,0
2020-02-13,Plumas,063,18699,0,0,0,0,0
2020-02-13,Riverside,065,2383286,4,0,0,0,0
2020-02-13,Sacramento,067,1510023,1,0,0,0,0
2020-02-13,San Benito,069,59416,0,2,0,2,0
2020-02-13,San Bernardino,071,2135413,8,0,0,0,0
2020-02-13,San Diego,073,3302833,2,2,0,2,0
2020-02-13,San Francisco,075,870044,2,0,0,0,0
2020-02-13,San Joaquin,077,732212,1,0,1,1,0
2020-02-13,San Luis Obispo,079,281455,0,0,0,0,0
2020-02-13,San Mateo,081,765935,2,0,0,0,0
2020-02-13,Santa Barbara,083,443738,0,0,0,0,0
2020-02-13,Santa Clara,085,1922200,7,2,0,2,0
2020-02-13,Santa Cruz,087,273765,0,0,0,0,0
2020-02-13,Shasta,089,179085,0,0,0,0,0
2020-02-13,Sierra,091,2930,0,0,0,0,0
2020-02-13,Siskiyou,093,43540,0,0,0,0,0
2020-02-13,Solano,095,438530,0,0,0,0,0
2020-02-13,Sonoma,097,501317,0,0,0,0,0
2020-02-13,Stanislaus,099,539301,1,0,1,1,0
2020-02-13,Sutter,101,95872,0,0,0,0,0
2020-02-13,Tehama,103,63373,0,0,0,0,0
2020-02-13,Trinity,105,12862,0,0,0,0,0
2020-02-13,Tulare,107,460477,2,0,0,0,0
2020-02-13,Tuolumne,109,53932,0,0,0,0,0
2020-02-13,Ventura,111,848112,2,0,0,0,0
2020-02-13,Yolo,113,214977,0,0,0,0,0
2020-02-13,Yuba,115,75493,0,0,0,0,0
2020-02-12,Alameda,001,1643700,4,0,0,0,0
2020-02-12,Alpine,003,1148,0,0,0,0,0
2020-02-12,Amador,005,37829,0,0,0,0,0
2020-02-12,Butte,007,227075,0,0,0,0,0
2020-02-12,Calaveras,009,45235,0,0,0,0,0
2020-02-12,Colusa,011,21464,0,0,0,0,0
2020-02-12,Contra Costa,013,1133247,3,0,0,0,0
2020-02-12,Del Norte,015,27424,0,0,0,0,0
2020-02-12,El Dorado,017,186661,0,0,0,0,0
2020-02-12,Fresno,019,978130,0,0,0,0,0
2020-02-12,Glenn,021,27897,0,0,0,0,0
2020-02-12,Humboldt,023,135768,1,0,0,0,0
2020-02-12,Imperial,025,180216,0,0,0,0,0
2020-02-12,Inyo,027,18085,0,0,0,0,0
2020-02-12,Kern,029,883053,2,0,0,0,0
2020-02-12,Kings,031,150075,1,0,0,0,0
2020-02-12,Lake,033,64148,0,0,0,0,0
2020-02-12,Lassen,035,31185,0,0,0,0,0
2020-02-12,Los Angeles,037,10098052,29,1,3,4,0
2020-02-12,Madera,039,155013,0,0,0,0,0
2020-02-12,Marin,041,260295,0,0,0,0,0
2020-02-12,Mariposa,043,17540,0,0,0,0,0
2020-02-12,Mendocino,045,87422,0,0,0,0,0
2020-02-12,Merced,047,269075,0,0,0,0,0
2020-02-12,Modoc,049,8938,0,0,0,0,0
2020-02-12,Mono,051,14174,0,0,0,0,0
2020-02-12,Monterey,053,433212,1,0,0,0,0
2020-02-12,Napa,055,140530,0,0,0,0,0
2020-02-12,Nevada,057,99092,0,0,0,0,0
2020-02-12,Orange,059,3164182,36,1,0,1,0
2020-02-12,Placer,061,380077,0,0,0,0,0
2020-02-12,Plumas,063,18699,0,0,0,0,0
2020-02-12,Riverside,065,2383286,4,0,0,0,0
2020-02-12,Sacramento,067,1510023,1,0,0,0,0
2020-02-12,San Benito,069,59416,0,2,0,2,0
2020-02-12,San Bernardino,071,2135413,8,0,0,0,0
2020-02-12,San Diego,073,3302833,2,2,0,2,0
2020-02-12,San Francisco,075,870044,2,0,0,0,0
2020-02-12,San Joaquin,077,732212,1,0,1,1,0
2020-02-12,San Luis Obispo,079,281455,0,0,0,0,0
2020-02-12,San Mateo,081,765935,2,0,0,0,0
2020-02-12,Santa Barbara,083,443738,0,0,0,0,0
2020-02-12,Santa Clara,085,1922200,6,2,0,2,0
2020-02-12,Santa Cruz,087,273765,0,0,0,0,0
2020-02-12,Shasta,089,179085,0,0,0,0,0
2020-02-12,Sierra,091,2930,0,0,0,0,0
2020-02-12,Siskiyou,093,43540,0,0,0,0,0
2020-02-12,Solano,095,438530,0,0,0,0,0
2020-02-12,Sonoma,097,501317,0,0,0,0,0
2020-02-12,Stanislaus,099,539301,1,0,1,1,0
2020-02-12,Sutter,101,95872,0,0,0,0,0
2020-02-12,Tehama,103,63373,0,0,0,0,0
2020-02-12,Trinity,105,12862,0,0,0,0,0
2020-02-12,Tulare,107,460477,2,0,0,0,0
2020-02-12,Tuolumne,109,53932,0,0,0,0,0
2020-02-12,Ventura,111,848112,2,0,0,0,0
2020-02-12,Yolo,113,214977,0,0,0,0,0
2020-02-12,Yuba,115,75493,0,0,0,0,0
2020-02-11,Alameda,001,1643700,4,0,0,0,0
2020-02-11,Alpine,003,1148,0,0,0,0,0
2020-02-11,Amador,005,37829,0,0,0,0,0
2020-02-11,Butte,007,227075,0,0,0,0,0
2020-02-11,Calaveras,009,45235,0,0,0,0,0
2020-02-11,Colusa,011,21464,0,0,0,0,0
2020-02-11,Contra Costa,013,1133247,3,0,0,0,0
2020-02-11,Del Norte,015,27424,0,0,0,0,0
2020-02-11,El Dorado,017,186661,0,0,0,0,0
2020-02-11,Fresno,019,978130,0,0,0,0,0
2020-02-11,Glenn,021,27897,0,0,0,0,0
2020-02-11,Humboldt,023,135768,1,0,0,0,0
2020-02-11,Imperial,025,180216,0,0,0,0,0
2020-02-11,Inyo,027,18085,0,0,0,0,0
2020-02-11,Kern,029,883053,2,0,0,0,0
2020-02-11,Kings,031,150075,1,0,0,0,0
2020-02-11,Lake,033,64148,0,0,0,0,0
2020-02-11,Lassen,035,31185,0,0,0,0,0
2020-02-11,Los Angeles,037,10098052,29,1,3,4,0
2020-02-11,Madera,039,155013,0,0,0,0,0
2020-02-11,Marin,041,260295,0,0,0,0,0
2020-02-11,Mariposa,043,17540,0,0,0,0,0
2020-02-11,Mendocino,045,87422,0,0,0,0,0
2020-02-11,Merced,047,269075,0,0,0,0,0
2020-02-11,Modoc,049,8938,0,0,0,0,0
2020-02-11,Mono,051,14174,0,0,0,0,0
2020-02-11,Monterey,053,433212,1,0,0,0,0
2020-02-11,Napa,055,140530,0,0,0,0,0
2020-02-11,Nevada,057,99092,0,0,0,0,0
2020-02-11,Orange,059,3164182,35,1,0,1,0
2020-02-11,Placer,061,380077,0,0,0,0,0
2020-02-11,Plumas,063,18699,0,0,0,0,0
2020-02-11,Riverside,065,2383286,4,0,0,0,0
2020-02-11,Sacramento,067,1510023,1,0,0,0,0
2020-02-11,San Benito,069,59416,0,2,0,2,0
2020-02-11,San Bernardino,071,2135413,8,0,0,0,0
2020-02-11,San Diego,073,3302833,2,1,0,1,0
2020-02-11,San Francisco,075,870044,2,0,0,0,0
2020-02-11,San Joaquin,077,732212,0,0,1,1,0
2020-02-11,San Luis Obispo,079,281455,0,0,0,0,0
2020-02-11,San Mateo,081,765935,2,0,0,0,0
2020-02-11,Santa Barbara,083,443738,0,0,0,0,0
2020-02-11,Santa Clara,085,1922200,5,2,0,2,0
2020-02-11,Santa Cruz,087,273765,0,0,0,0,0
2020-02-11,Shasta,089,179085,0,0,0,0,0
2020-02-11,Sierra,091,2930,0,0,0,0,0
2020-02-11,Siskiyou,093,43540,0,0,0,0,0
2020-02-11,Solano,095,438530,0,0,0,0,0
2020-02-11,Sonoma,097,501317,0,0,0,0,0
2020-02-11,Stanislaus,099,539301,1,0,1,1,0
2020-02-11,Sutter,101,95872,0,0,0,0,0
2020-02-11,Tehama,103,63373,0,0,0,0,0
2020-02-11,Trinity,105,12862,0,0,0,0,0
2020-02-11,Tulare,107,460477,2,0,0,0,0
2020-02-11,Tuolumne,109,53932,0,0,0,0,0
2020-02-11,Ventura,111,848112,2,0,0,0,0
2020-02-11,Yolo,113,214977,0,0,0,0,0
2020-02-11,Yuba,115,75493,0,0,0,0,0
2020-02-10,Alameda,001,1643700,4,0,0,0,0
2020-02-10,Alpine,003,1148,0,0,0,0,0
2020-02-10,Amador,005,37829,0,0,0,0,0
2020-02-10,Butte,007,227075,0,0,0,0,0
2020-02-10,Calaveras,009,45235,0,0,0,0,0
2020-02-10,Colusa,011,21464,0,0,0,0,0
2020-02-10,Contra Costa,013,1133247,3,0,0,0,0
2020-02-10,Del Norte,015,27424,0,0,0,0,0
2020-02-10,El Dorado,017,186661,0,0,0,0,0
2020-02-10,Fresno,019,978130,0,0,0,0,0
2020-02-10,Glenn,021,27897,0,0,0,0,0
2020-02-10,Humboldt,023,135768,0,0,0,0,0
2020-02-10,Imperial,025,180216,0,0,0,0,0
2020-02-10,Inyo,027,18085,0,0,0,0,0
2020-02-10,Kern,029,883053,2,0,0,0,0
2020-02-10,Kings,031,150075,1,0,0,0,0
2020-02-10,Lake,033,64148,0,0,0,0,0
2020-02-10,Lassen,035,31185,0,0,0,0,0
2020-02-10,Los Angeles,037,10098052,27,1,3,4,0
2020-02-10,Madera,039,155013,0,0,0,0,0
2020-02-10,Marin,041,260295,0,0,0,0,0
2020-02-10,Mariposa,043,17540,0,0,0,0,0
2020-02-10,Mendocino,045,87422,0,0,0,0,0
2020-02-10,Merced,047,269075,0,0,0,0,0
2020-02-10,Modoc,049,8938,0,0,0,0,0
2020-02-10,Mono,051,14174,0,0,0,0,0
2020-02-10,Monterey,053,433212,1,0,0,0,0
2020-02-10,Napa,055,140530,0,0,0,0,0
2020-02-10,Nevada,057,99092,0,0,0,0,0
2020-02-10,Orange,059,3164182,35,1,0,1,0
2020-02-10,Placer,061,380077,0,0,0,0,0
2020-02-10,Plumas,063,18699,0,0,0,0,0
2020-02-10,Riverside,065,2383286,4,0,0,0,0
2020-02-10,Sacramento,067,1510023,1,0,0,0,0
2020-02-10,San Benito,069,59416,0,2,0,2,0
2020-02-10,San Bernardino,071,2135413,7,0,0,0,0
2020-02-10,San Diego,073,3302833,2,0,0,0,0
2020-02-10,San Francisco,075,870044,2,0,0,0,0
2020-02-10,San Joaquin,077,732212,0,0,1,1,0
2020-02-10,San Luis Obispo,079,281455,0,0,0,0,0
2020-02-10,San Mateo,081,765935,2,0,0,0,0
2020-02-10,Santa Barbara,083,443738,0,0,0,0,0
2020-02-10,Santa Clara,085,1922200,5,2,0,2,0
2020-02-10,Santa Cruz,087,273765,0,0,0,0,0
2020-02-10,Shasta,089,179085,0,0,0,0,0
2020-02-10,Sierra,091,2930,0,0,0,0,0
2020-02-10,Siskiyou,093,43540,0,0,0,0,0
2020-02-10,Solano,095,438530,0,0,0,0,0
2020-02-10,Sonoma,097,501317,0,0,0,0,0
2020-02-10,Stanislaus,099,539301,1,0,0,0,0
2020-02-10,Sutter,101,95872,0,0,0,0,0
2020-02-10,Tehama,103,63373,0,0,0,0,0
2020-02-10,Trinity,105,12862,0,0,0,0,0
2020-02-10,Tulare,107,460477,2,0,0,0,0
2020-02-10,Tuolumne,109,53932,0,0,0,0,0
2020-02-10,Ventura,111,848112,2,0,0,0,0
2020-02-10,Yolo,113,214977,0,0,0,0,0
2020-02-10,Yuba,115,75493,0,0,0,0,0
2020-02-09,Alameda,001,1643700,4,0,0,0,0
2020-02-09,Alpine,003,1148,0,0,0,0,0
2020-02-09,Amador,005,37829,0,0,0,0,0
2020-02-09,Butte,007,227075,0,0,0,0,0
2020-02-09,Calaveras,009,45235,0,0,0,0,0
2020-02-09,Colusa,011,21464,0,0,0,0,0
2020-02-09,Contra Costa,013,1133247,3,0,0,0,0
2020-02-09,Del Norte,015,27424,0,0,0,0,0
2020-02-09,El Dorado,017,186661,0,0,0,0,0
2020-02-09,Fresno,019,978130,0,0,0,0,0
2020-02-09,Glenn,021,27897,0,0,0,0,0
2020-02-09,Humboldt,023,135768,0,0,0,0,0
2020-02-09,Imperial,025,180216,0,0,0,0,0
2020-02-09,Inyo,027,18085,0,0,0,0,0
2020-02-09,Kern,029,883053,2,0,0,0,0
2020-02-09,Kings,031,150075,1,0,0,0,0
2020-02-09,Lake,033,64148,0,0,0,0,0
2020-02-09,Lassen,035,31185,0,0,0,0,0
2020-02-09,Los Angeles,037,10098052,26,1,3,4,0
2020-02-09,Madera,039,155013,0,0,0,0,0
2020-02-09,Marin,041,260295,0,0,0,0,0
2020-02-09,Mariposa,043,17540,0,0,0,0,0
2020-02-09,Mendocino,045,87422,0,0,0,0,0
2020-02-09,Merced,047,269075,0,0,0,0,0
2020-02-09,Modoc,049,8938,0,0,0,0,0
2020-02-09,Mono,051,14174,0,0,0,0,0
2020-02-09,Monterey,053,433212,1,0,0,0,0
2020-02-09,Napa,055,140530,0,0,0,0,0
2020-02-09,Nevada,057,99092,0,0,0,0,0
2020-02-09,Orange,059,3164182,35,1,0,1,0
2020-02-09,Placer,061,380077,0,0,0,0,0
2020-02-09,Plumas,063,18699,0,0,0,0,0
2020-02-09,Riverside,065,2383286,4,0,0,0,0
2020-02-09,Sacramento,067,1510023,0,0,0,0,0
2020-02-09,San Benito,069,59416,0,2,0,2,0
2020-02-09,San Bernardino,071,2135413,7,0,0,0,0
2020-02-09,San Diego,073,3302833,2,0,0,0,0
2020-02-09,San Francisco,075,870044,1,0,0,0,0
2020-02-09,San Joaquin,077,732212,0,0,1,1,0
2020-02-09,San Luis Obispo,079,281455,0,0,0,0,0
2020-02-09,San Mateo,081,765935,2,0,0,0,0
2020-02-09,Santa Barbara,083,443738,0,0,0,0,0
2020-02-09,Santa Clara,085,1922200,4,2,0,2,0
2020-02-09,Santa Cruz,087,273765,0,0,0,0,0
2020-02-09,Shasta,089,179085,0,0,0,0,0
2020-02-09,Sierra,091,2930,0,0,0,0,0
2020-02-09,Siskiyou,093,43540,0,0,0,0,0
2020-02-09,Solano,095,438530,0,0,0,0,0
2020-02-09,Sonoma,097,501317,0,0,0,0,0
2020-02-09,Stanislaus,099,539301,0,0,0,0,0
2020-02-09,Sutter,101,95872,0,0,0,0,0
2020-02-09,Tehama,103,63373,0,0,0,0,0
2020-02-09,Trinity,105,12862,0,0,0,0,0
2020-02-09,Tulare,107,460477,2,0,0,0,0
2020-02-09,Tuolumne,109,53932,0,0,0,0,0
2020-02-09,Ventura,111,848112,1,0,0,0,0
2020-02-09,Yolo,113,214977,0,0,0,0,0
2020-02-09,Yuba,115,75493,0,0,0,0,0
2020-02-08,Alameda,001,1643700,3,0,0,0,0
2020-02-08,Alpine,003,1148,0,0,0,0,0
2020-02-08,Amador,005,37829,0,0,0,0,0
2020-02-08,Butte,007,227075,0,0,0,0,0
2020-02-08,Calaveras,009,45235,0,0,0,0,0
2020-02-08,Colusa,011,21464,0,0,0,0,0
2020-02-08,Contra Costa,013,1133247,2,0,0,0,0
2020-02-08,Del Norte,015,27424,0,0,0,0,0
2020-02-08,El Dorado,017,186661,0,0,0,0,0
2020-02-08,Fresno,019,978130,0,0,0,0,0
2020-02-08,Glenn,021,27897,0,0,0,0,0
2020-02-08,Humboldt,023,135768,0,0,0,0,0
2020-02-08,Imperial,025,180216,0,0,0,0,0
2020-02-08,Inyo,027,18085,0,0,0,0,0
2020-02-08,Kern,029,883053,2,0,0,0,0
2020-02-08,Kings,031,150075,1,0,0,0,0
2020-02-08,Lake,033,64148,0,0,0,0,0
2020-02-08,Lassen,035,31185,0,0,0,0,0
2020-02-08,Los Angeles,037,10098052,23,1,1,2,0
2020-02-08,Madera,039,155013,0,0,0,0,0
2020-02-08,Marin,041,260295,0,0,0,0,0
2020-02-08,Mariposa,043,17540,0,0,0,0,0
2020-02-08,Mendocino,045,87422,0,0,0,0,0
2020-02-08,Merced,047,269075,0,0,0,0,0
2020-02-08,Modoc,049,8938,0,0,0,0,0
2020-02-08,Mono,051,14174,0,0,0,0,0
2020-02-08,Monterey,053,433212,1,0,0,0,0
2020-02-08,Napa,055,140530,0,0,0,0,0
2020-02-08,Nevada,057,99092,0,0,0,0,0
2020-02-08,Orange,059,3164182,35,1,0,1,0
2020-02-08,Placer,061,380077,0,0,0,0,0
2020-02-08,Plumas,063,18699,0,0,0,0,0
2020-02-08,Riverside,065,2383286,4,0,0,0,0
2020-02-08,Sacramento,067,1510023,0,0,0,0,0
2020-02-08,San Benito,069,59416,0,2,0,2,0
2020-02-08,San Bernardino,071,2135413,7,0,0,0,0
2020-02-08,San Diego,073,3302833,1,0,0,0,0
2020-02-08,San Francisco,075,870044,1,0,0,0,0
2020-02-08,San Joaquin,077,732212,0,0,1,1,0
2020-02-08,San Luis Obispo,079,281455,0,0,0,0,0
2020-02-08,San Mateo,081,765935,2,0,0,0,0
2020-02-08,Santa Barbara,083,443738,0,0,0,0,0
2020-02-08,Santa Clara,085,1922200,4,2,0,2,0
2020-02-08,Santa Cruz,087,273765,0,0,0,0,0
2020-02-08,Shasta,089,179085,0,0,0,0,0
2020-02-08,Sierra,091,2930,0,0,0,0,0
2020-02-08,Siskiyou,093,43540,0,0,0,0,0
2020-02-08,Solano,095,438530,0,0,0,0,0
2020-02-08,Sonoma,097,501317,0,0,0,0,0
2020-02-08,Stanislaus,099,539301,0,0,0,0,0
2020-02-08,Sutter,101,95872,0,0,0,0,0
2020-02-08,Tehama,103,63373,0,0,0,0,0
2020-02-08,Trinity,105,12862,0,0,0,0,0
2020-02-08,Tulare,107,460477,2,0,0,0,0
2020-02-08,Tuolumne,109,53932,0,0,0,0,0
2020-02-08,Ventura,111,848112,1,0,0,0,0
2020-02-08,Yolo,113,214977,0,0,0,0,0
2020-02-08,Yuba,115,75493,0,0,0,0,0
2020-02-07,Alameda,001,1643700,3,0,0,0,0
2020-02-07,Alpine,003,1148,0,0,0,0,0
2020-02-07,Amador,005,37829,0,0,0,0,0
2020-02-07,Butte,007,227075,0,0,0,0,0
2020-02-07,Calaveras,009,45235,0,0,0,0,0
2020-02-07,Colusa,011,21464,0,0,0,0,0
2020-02-07,Contra Costa,013,1133247,2,0,0,0,0
2020-02-07,Del Norte,015,27424,0,0,0,0,0
2020-02-07,El Dorado,017,186661,0,0,0,0,0
2020-02-07,Fresno,019,978130,0,0,0,0,0
2020-02-07,Glenn,021,27897,0,0,0,0,0
2020-02-07,Humboldt,023,135768,0,0,0,0,0
2020-02-07,Imperial,025,180216,0,0,0,0,0
2020-02-07,Inyo,027,18085,0,0,0,0,0
2020-02-07,Kern,029,883053,2,0,0,0,0
2020-02-07,Kings,031,150075,1,0,0,0,0
2020-02-07,Lake,033,64148,0,0,0,0,0
2020-02-07,Lassen,035,31185,0,0,0,0,0
2020-02-07,Los Angeles,037,10098052,22,1,0,1,0
2020-02-07,Madera,039,155013,0,0,0,0,0
2020-02-07,Marin,041,260295,0,0,0,0,0
2020-02-07,Mariposa,043,17540,0,0,0,0,0
2020-02-07,Mendocino,045,87422,0,0,0,0,0
2020-02-07,Merced,047,269075,0,0,0,0,0
2020-02-07,Modoc,049,8938,0,0,0,0,0
2020-02-07,Mono,051,14174,0,0,0,0,0
2020-02-07,Monterey,053,433212,1,0,0,0,0
2020-02-07,Napa,055,140530,0,0,0,0,0
2020-02-07,Nevada,057,99092,0,0,0,0,0
2020-02-07,Orange,059,3164182,33,1,0,1,0
2020-02-07,Placer,061,380077,0,0,0,0,0
2020-02-07,Plumas,063,18699,0,0,0,0,0
2020-02-07,Riverside,065,2383286,4,0,0,0,0
2020-02-07,Sacramento,067,1510023,0,0,0,0,0
2020-02-07,San Benito,069,59416,0,2,0,2,0
2020-02-07,San Bernardino,071,2135413,4,0,0,0,0
2020-02-07,San Diego,073,3302833,1,0,0,0,0
2020-02-07,San Francisco,075,870044,1,0,0,0,0
2020-02-07,San Joaquin,077,732212,0,0,1,1,0
2020-02-07,San Luis Obispo,079,281455,0,0,0,0,0
2020-02-07,San Mateo,081,765935,1,0,0,0,0
2020-02-07,Santa Barbara,083,443738,0,0,0,0,0
2020-02-07,Santa Clara,085,1922200,4,2,0,2,0
2020-02-07,Santa Cruz,087,273765,0,0,0,0,0
2020-02-07,Shasta,089,179085,0,0,0,0,0
2020-02-07,Sierra,091,2930,0,0,0,0,0
2020-02-07,Siskiyou,093,43540,0,0,0,0,0
2020-02-07,Solano,095,438530,0,0,0,0,0
2020-02-07,Sonoma,097,501317,0,0,0,0,0
2020-02-07,Stanislaus,099,539301,0,0,0,0,0
2020-02-07,Sutter,101,95872,0,0,0,0,0
2020-02-07,Tehama,103,63373,0,0,0,0,0
2020-02-07,Trinity,105,12862,0,0,0,0,0
2020-02-07,Tulare,107,460477,2,0,0,0,0
2020-02-07,Tuolumne,109,53932,0,0,0,0,0
2020-02-07,Ventura,111,848112,1,0,0,0,0
2020-02-07,Yolo,113,214977,0,0,0,0,0
2020-02-07,Yuba,115,75493,0,0,0,0,0
2020-02-06,Alameda,001,1643700,3,0,0,0,0
2020-02-06,Alpine,003,1148,0,0,0,0,0
2020-02-06,Amador,005,37829,0,0,0,0,0
2020-02-06,Butte,007,227075,0,0,0,0,0
2020-02-06,Calaveras,009,45235,0,0,0,0,0
2020-02-06,Colusa,011,21464,0,0,0,0,0
2020-02-06,Contra Costa,013,1133247,2,0,0,0,0
2020-02-06,Del Norte,015,27424,0,0,0,0,0
2020-02-06,El Dorado,017,186661,0,0,0,0,0
2020-02-06,Fresno,019,978130,0,0,0,0,0
2020-02-06,Glenn,021,27897,0,0,0,0,0
2020-02-06,Humboldt,023,135768,0,0,0,0,0
2020-02-06,Imperial,025,180216,0,0,0,0,0
2020-02-06,Inyo,027,18085,0,0,0,0,0
2020-02-06,Kern,029,883053,2,0,0,0,0
2020-02-06,Kings,031,150075,0,0,0,0,0
2020-02-06,Lake,033,64148,0,0,0,0,0
2020-02-06,Lassen,035,31185,0,0,0,0,0
2020-02-06,Los Angeles,037,10098052,21,1,0,1,0
2020-02-06,Madera,039,155013,0,0,0,0,0
2020-02-06,Marin,041,260295,0,0,0,0,0
2020-02-06,Mariposa,043,17540,0,0,0,0,0
2020-02-06,Mendocino,045,87422,0,0,0,0,0
2020-02-06,Merced,047,269075,0,0,0,0,0
2020-02-06,Modoc,049,8938,0,0,0,0,0
2020-02-06,Mono,051,14174,0,0,0,0,0
2020-02-06,Monterey,053,433212,1,0,0,0,0
2020-02-06,Napa,055,140530,0,0,0,0,0
2020-02-06,Nevada,057,99092,0,0,0,0,0
2020-02-06,Orange,059,3164182,3,1,0,1,0
2020-02-06,Placer,061,380077,0,0,0,0,0
2020-02-06,Plumas,063,18699,0,0,0,0,0
2020-02-06,Riverside,065,2383286,4,0,0,0,0
2020-02-06,Sacramento,067,1510023,0,0,0,0,0
2020-02-06,San Benito,069,59416,0,2,0,2,0
2020-02-06,San Bernardino,071,2135413,4,0,0,0,0
2020-02-06,San Diego,073,3302833,1,0,0,0,0
2020-02-06,San Francisco,075,870044,1,0,0,0,0
2020-02-06,San Joaquin,077,732212,0,0,1,1,0
2020-02-06,San Luis Obispo,079,281455,0,0,0,0,0
2020-02-06,San Mateo,081,765935,1,0,0,0,0
2020-02-06,Santa Barbara,083,443738,0,0,0,0,0
2020-02-06,Santa Clara,085,1922200,4,2,0,2,0
2020-02-06,Santa Cruz,087,273765,0,0,0,0,0
2020-02-06,Shasta,089,179085,0,0,0,0,0
2020-02-06,Sierra,091,2930,0,0,0,0,0
2020-02-06,Siskiyou,093,43540,0,0,0,0,0
2020-02-06,Solano,095,438530,0,0,0,0,0
2020-02-06,Sonoma,097,501317,0,0,0,0,0
2020-02-06,Stanislaus,099,539301,0,0,0,0,0
2020-02-06,Sutter,101,95872,0,0,0,0,0
2020-02-06,Tehama,103,63373,0,0,0,0,0
2020-02-06,Trinity,105,12862,0,0,0,0,0
2020-02-06,Tulare,107,460477,2,0,0,0,0
2020-02-06,Tuolumne,109,53932,0,0,0,0,0
2020-02-06,Ventura,111,848112,1,0,0,0,0
2020-02-06,Yolo,113,214977,0,0,0,0,0
2020-02-06,Yuba,115,75493,0,0,0,0,0
2020-02-05,Alameda,001,1643700,3,0,0,0,0
2020-02-05,Alpine,003,1148,0,0,0,0,0
2020-02-05,Amador,005,37829,0,0,0,0,0
2020-02-05,Butte,007,227075,0,0,0,0,0
2020-02-05,Calaveras,009,45235,0,0,0,0,0
2020-02-05,Colusa,011,21464,0,0,0,0,0
2020-02-05,Contra Costa,013,1133247,2,0,0,0,0
2020-02-05,Del Norte,015,27424,0,0,0,0,0
2020-02-05,El Dorado,017,186661,0,0,0,0,0
2020-02-05,Fresno,019,978130,0,0,0,0,0
2020-02-05,Glenn,021,27897,0,0,0,0,0
2020-02-05,Humboldt,023,135768,0,0,0,0,0
2020-02-05,Imperial,025,180216,0,0,0,0,0
2020-02-05,Inyo,027,18085,0,0,0,0,0
2020-02-05,Kern,029,883053,1,0,0,0,0
2020-02-05,Kings,031,150075,0,0,0,0,0
2020-02-05,Lake,033,64148,0,0,0,0,0
2020-02-05,Lassen,035,31185,0,0,0,0,0
2020-02-05,Los Angeles,037,10098052,21,1,0,1,0
2020-02-05,Madera,039,155013,0,0,0,0,0
2020-02-05,Marin,041,260295,0,0,0,0,0
2020-02-05,Mariposa,043,17540,0,0,0,0,0
2020-02-05,Mendocino,045,87422,0,0,0,0,0
2020-02-05,Merced,047,269075,0,0,0,0,0
2020-02-05,Modoc,049,8938,0,0,0,0,0
2020-02-05,Mono,051,14174,0,0,0,0,0
2020-02-05,Monterey,053,433212,1,0,0,0,0
2020-02-05,Napa,055,140530,0,0,0,0,0
2020-02-05,Nevada,057,99092,0,0,0,0,0
2020-02-05,Orange,059,3164182,1,1,0,1,0
2020-02-05,Placer,061,380077,0,0,0,0,0
2020-02-05,Plumas,063,18699,0,0,0,0,0
2020-02-05,Riverside,065,2383286,4,0,0,0,0
2020-02-05,Sacramento,067,1510023,0,0,0,0,0
2020-02-05,San Benito,069,59416,0,2,0,2,0
2020-02-05,San Bernardino,071,2135413,4,0,0,0,0
2020-02-05,San Diego,073,3302833,0,0,0,0,0
2020-02-05,San Francisco,075,870044,1,0,0,0,0
2020-02-05,San Joaquin,077,732212,0,0,1,1,0
2020-02-05,San Luis Obispo,079,281455,0,0,0,0,0
2020-02-05,San Mateo,081,765935,1,0,0,0,0
2020-02-05,Santa Barbara,083,443738,0,0,0,0,0
2020-02-05,Santa Clara,085,1922200,2,2,0,2,0
2020-02-05,Santa Cruz,087,273765,0,0,0,0,0
2020-02-05,Shasta,089,179085,0,0,0,0,0
2020-02-05,Sierra,091,2930,0,0,0,0,0
2020-02-05,Siskiyou,093,43540,0,0,0,0,0
2020-02-05,Solano,095,438530,0,0,0,0,0
2020-02-05,Sonoma,097,501317,0,0,0,0,0
2020-02-05,Stanislaus,099,539301,0,0,0,0,0
2020-02-05,Sutter,101,95872,0,0,0,0,0
2020-02-05,Tehama,103,63373,0,0,0,0,0
2020-02-05,Trinity,105,12862,0,0,0,0,0
2020-02-05,Tulare,107,460477,2,0,0,0,0
2020-02-05,Tuolumne,109,53932,0,0,0,0,0
2020-02-05,Ventura,111,848112,0,0,0,0,0
2020-02-05,Yolo,113,214977,0,0,0,0,0
2020-02-05,Yuba,115,75493,0,0,0,0,0
2020-02-04,Alameda,001,1643700,3,0,0,0,0
2020-02-04,Alpine,003,1148,0,0,0,0,0
2020-02-04,Amador,005,37829,0,0,0,0,0
2020-02-04,Butte,007,227075,0,0,0,0,0
2020-02-04,Calaveras,009,45235,0,0,0,0,0
2020-02-04,Colusa,011,21464,0,0,0,0,0
2020-02-04,Contra Costa,013,1133247,2,0,0,0,0
2020-02-04,Del Norte,015,27424,0,0,0,0,0
2020-02-04,El Dorado,017,186661,0,0,0,0,0
2020-02-04,Fresno,019,978130,0,0,0,0,0
2020-02-04,Glenn,021,27897,0,0,0,0,0
2020-02-04,Humboldt,023,135768,0,0,0,0,0
2020-02-04,Imperial,025,180216,0,0,0,0,0
2020-02-04,Inyo,027,18085,0,0,0,0,0
2020-02-04,Kern,029,883053,0,0,0,0,0
2020-02-04,Kings,031,150075,0,0,0,0,0
2020-02-04,Lake,033,64148,0,0,0,0,0
2020-02-04,Lassen,035,31185,0,0,0,0,0
2020-02-04,Los Angeles,037,10098052,21,1,0,1,0
2020-02-04,Madera,039,155013,0,0,0,0,0
2020-02-04,Marin,041,260295,0,0,0,0,0
2020-02-04,Mariposa,043,17540,0,0,0,0,0
2020-02-04,Mendocino,045,87422,0,0,0,0,0
2020-02-04,Merced,047,269075,0,0,0,0,0
2020-02-04,Modoc,049,8938,0,0,0,0,0
2020-02-04,Mono,051,14174,0,0,0,0,0
2020-02-04,Monterey,053,433212,1,0,0,0,0
2020-02-04,Napa,055,140530,0,0,0,0,0
2020-02-04,Nevada,057,99092,0,0,0,0,0
2020-02-04,Orange,059,3164182,1,1,0,1,0
2020-02-04,Placer,061,380077,0,0,0,0,0
2020-02-04,Plumas,063,18699,0,0,0,0,0
2020-02-04,Riverside,065,2383286,4,0,0,0,0
2020-02-04,Sacramento,067,1510023,0,0,0,0,0
2020-02-04,San Benito,069,59416,0,2,0,2,0
2020-02-04,San Bernardino,071,2135413,3,0,0,0,0
2020-02-04,San Diego,073,3302833,0,0,0,0,0
2020-02-04,San Francisco,075,870044,1,0,0,0,0
2020-02-04,San Joaquin,077,732212,0,0,1,1,0
2020-02-04,San Luis Obispo,079,281455,0,0,0,0,0
2020-02-04,San Mateo,081,765935,0,0,0,0,0
2020-02-04,Santa Barbara,083,443738,0,0,0,0,0
2020-02-04,Santa Clara,085,1922200,2,2,0,2,0
2020-02-04,Santa Cruz,087,273765,0,0,0,0,0
2020-02-04,Shasta,089,179085,0,0,0,0,0
2020-02-04,Sierra,091,2930,0,0,0,0,0
2020-02-04,Siskiyou,093,43540,0,0,0,0,0
2020-02-04,Solano,095,438530,0,0,0,0,0
2020-02-04,Sonoma,097,501317,0,0,0,0,0
2020-02-04,Stanislaus,099,539301,0,0,0,0,0
2020-02-04,Sutter,101,95872,0,0,0,0,0
2020-02-04,Tehama,103,63373,0,0,0,0,0
2020-02-04,Trinity,105,12862,0,0,0,0,0
2020-02-04,Tulare,107,460477,2,0,0,0,0
2020-02-04,Tuolumne,109,53932,0,0,0,0,0
2020-02-04,Ventura,111,848112,0,0,0,0,0
2020-02-04,Yolo,113,214977,0,0,0,0,0
2020-02-04,Yuba,115,75493,0,0,0,0,0
2020-02-03,Alameda,001,1643700,3,0,0,0,0
2020-02-03,Alpine,003,1148,0,0,0,0,0
2020-02-03,Amador,005,37829,0,0,0,0,0
2020-02-03,Butte,007,227075,0,0,0,0,0
2020-02-03,Calaveras,009,45235,0,0,0,0,0
2020-02-03,Colusa,011,21464,0,0,0,0,0
2020-02-03,Contra Costa,013,1133247,2,0,0,0,0
2020-02-03,Del Norte,015,27424,0,0,0,0,0
2020-02-03,El Dorado,017,186661,0,0,0,0,0
2020-02-03,Fresno,019,978130,0,0,0,0,0
2020-02-03,Glenn,021,27897,0,0,0,0,0
2020-02-03,Humboldt,023,135768,0,0,0,0,0
2020-02-03,Imperial,025,180216,0,0,0,0,0
2020-02-03,Inyo,027,18085,0,0,0,0,0
2020-02-03,Kern,029,883053,0,0,0,0,0
2020-02-03,Kings,031,150075,0,0,0,0,0
2020-02-03,Lake,033,64148,0,0,0,0,0
2020-02-03,Lassen,035,31185,0,0,0,0,0
2020-02-03,Los Angeles,037,10098052,21,1,0,1,0
2020-02-03,Madera,039,155013,0,0,0,0,0
2020-02-03,Marin,041,260295,0,0,0,0,0
2020-02-03,Mariposa,043,17540,0,0,0,0,0
2020-02-03,Mendocino,045,87422,0,0,0,0,0
2020-02-03,Merced,047,269075,0,0,0,0,0
2020-02-03,Modoc,049,8938,0,0,0,0,0
2020-02-03,Mono,051,14174,0,0,0,0,0
2020-02-03,Monterey,053,433212,1,0,0,0,0
2020-02-03,Napa,055,140530,0,0,0,0,0
2020-02-03,Nevada,057,99092,0,0,0,0,0
2020-02-03,Orange,059,3164182,1,1,0,1,0
2020-02-03,Placer,061,380077,0,0,0,0,0
2020-02-03,Plumas,063,18699,0,0,0,0,0
2020-02-03,Riverside,065,2383286,4,0,0,0,0
2020-02-03,Sacramento,067,1510023,0,0,0,0,0
2020-02-03,San Benito,069,59416,0,2,0,2,0
2020-02-03,San Bernardino,071,2135413,3,0,0,0,0
2020-02-03,San Diego,073,3302833,0,0,0,0,0
2020-02-03,San Francisco,075,870044,1,0,0,0,0
2020-02-03,San Joaquin,077,732212,0,0,1,1,0
2020-02-03,San Luis Obispo,079,281455,0,0,0,0,0
2020-02-03,San Mateo,081,765935,0,0,0,0,0
2020-02-03,Santa Barbara,083,443738,0,0,0,0,0
2020-02-03,Santa Clara,085,1922200,2,2,0,2,0
2020-02-03,Santa Cruz,087,273765,0,0,0,0,0
2020-02-03,Shasta,089,179085,0,0,0,0,0
2020-02-03,Sierra,091,2930,0,0,0,0,0
2020-02-03,Siskiyou,093,43540,0,0,0,0,0
2020-02-03,Solano,095,438530,0,0,0,0,0
2020-02-03,Sonoma,097,501317,0,0,0,0,0
2020-02-03,Stanislaus,099,539301,0,0,0,0,0
2020-02-03,Sutter,101,95872,0,0,0,0,0
2020-02-03,Tehama,103,63373,0,0,0,0,0
2020-02-03,Trinity,105,12862,0,0,0,0,0
2020-02-03,Tulare,107,460477,2,0,0,0,0
2020-02-03,Tuolumne,109,53932,0,0,0,0,0
2020-02-03,Ventura,111,848112,0,0,0,0,0
2020-02-03,Yolo,113,214977,0,0,0,0,0
2020-02-03,Yuba,115,75493,0,0,0,0,0
2020-02-02,Alameda,001,1643700,3,0,0,0,0
2020-02-02,Alpine,003,1148,0,0,0,0,0
2020-02-02,Amador,005,37829,0,0,0,0,0
2020-02-02,Butte,007,227075,0,0,0,0,0
2020-02-02,Calaveras,009,45235,0,0,0,0,0
2020-02-02,Colusa,011,21464,0,0,0,0,0
2020-02-02,Contra Costa,013,1133247,1,0,0,0,0
2020-02-02,Del Norte,015,27424,0,0,0,0,0
2020-02-02,El Dorado,017,186661,0,0,0,0,0
2020-02-02,Fresno,019,978130,0,0,0,0,0
2020-02-02,Glenn,021,27897,0,0,0,0,0
2020-02-02,Humboldt,023,135768,0,0,0,0,0
2020-02-02,Imperial,025,180216,0,0,0,0,0
2020-02-02,Inyo,027,18085,0,0,0,0,0
2020-02-02,Kern,029,883053,0,0,0,0,0
2020-02-02,Kings,031,150075,0,0,0,0,0
2020-02-02,Lake,033,64148,0,0,0,0,0
2020-02-02,Lassen,035,31185,0,0,0,0,0
2020-02-02,Los Angeles,037,10098052,17,1,0,1,0
2020-02-02,Madera,039,155013,0,0,0,0,0
2020-02-02,Marin,041,260295,0,0,0,0,0
2020-02-02,Mariposa,043,17540,0,0,0,0,0
2020-02-02,Mendocino,045,87422,0,0,0,0,0
2020-02-02,Merced,047,269075,0,0,0,0,0
2020-02-02,Modoc,049,8938,0,0,0,0,0
2020-02-02,Mono,051,14174,0,0,0,0,0
2020-02-02,Monterey,053,433212,1,0,0,0,0
2020-02-02,Napa,055,140530,0,0,0,0,0
2020-02-02,Nevada,057,99092,0,0,0,0,0
2020-02-02,Orange,059,3164182,1,1,0,1,0
2020-02-02,Placer,061,380077,0,0,0,0,0
2020-02-02,Plumas,063,18699,0,0,0,0,0
2020-02-02,Riverside,065,2383286,3,0,0,0,0
2020-02-02,Sacramento,067,1510023,0,0,0,0,0
2020-02-02,San Benito,069,59416,0,2,0,2,0
2020-02-02,San Bernardino,071,2135413,2,0,0,0,0
2020-02-02,San Diego,073,3302833,0,0,0,0,0
2020-02-02,San Francisco,075,870044,1,0,0,0,0
2020-02-02,San Joaquin,077,732212,0,0,1,1,0
2020-02-02,San Luis Obispo,079,281455,0,0,0,0,0
2020-02-02,San Mateo,081,765935,0,0,0,0,0
2020-02-02,Santa Barbara,083,443738,0,0,0,0,0
2020-02-02,Santa Clara,085,1922200,2,2,0,2,0
2020-02-02,Santa Cruz,087,273765,0,0,0,0,0
2020-02-02,Shasta,089,179085,0,0,0,0,0
2020-02-02,Sierra,091,2930,0,0,0,0,0
2020-02-02,Siskiyou,093,43540,0,0,0,0,0
2020-02-02,Solano,095,438530,0,0,0,0,0
2020-02-02,Sonoma,097,501317,0,0,0,0,0
2020-02-02,Stanislaus,099,539301,0,0,0,0,0
2020-02-02,Sutter,101,95872,0,0,0,0,0
2020-02-02,Tehama,103,63373,0,0,0,0,0
2020-02-02,Trinity,105,12862,0,0,0,0,0
2020-02-02,Tulare,107,460477,2,0,0,0,0
2020-02-02,Tuolumne,109,53932,0,0,0,0,0
2020-02-02,Ventura,111,848112,0,0,0,0,0
2020-02-02,Yolo,113,214977,0,0,0,0,0
2020-02-02,Yuba,115,75493,0,0,0,0,0
2020-02-01,Alameda,001,1643700,3,0,0,0,0
2020-02-01,Alpine,003,1148,0,0,0,0,0
2020-02-01,Amador,005,37829,0,0,0,0,0
2020-02-01,Butte,007,227075,0,0,0,0,0
2020-02-01,Calaveras,009,45235,0,0,0,0,0
2020-02-01,Colusa,011,21464,0,0,0,0,0
2020-02-01,Contra Costa,013,1133247,0,0,0,0,0
2020-02-01,Del Norte,015,27424,0,0,0,0,0
2020-02-01,El Dorado,017,186661,0,0,0,0,0
2020-02-01,Fresno,019,978130,0,0,0,0,0
2020-02-01,Glenn,021,27897,0,0,0,0,0
2020-02-01,Humboldt,023,135768,0,0,0,0,0
2020-02-01,Imperial,025,180216,0,0,0,0,0
2020-02-01,Inyo,027,18085,0,0,0,0,0
2020-02-01,Kern,029,883053,0,0,0,0,0
2020-02-01,Kings,031,150075,0,0,0,0,0
2020-02-01,Lake,033,64148,0,0,0,0,0
2020-02-01,Lassen,035,31185,0,0,0,0,0
2020-02-01,Los Angeles,037,10098052,13,1,0,1,0
2020-02-01,Madera,039,155013,0,0,0,0,0
2020-02-01,Marin,041,260295,0,0,0,0,0
2020-02-01,Mariposa,043,17540,0,0,0,0,0
2020-02-01,Mendocino,045,87422,0,0,0,0,0
2020-02-01,Merced,047,269075,0,0,0,0,0
2020-02-01,Modoc,049,8938,0,0,0,0,0
2020-02-01,Mono,051,14174,0,0,0,0,0
2020-02-01,Monterey,053,433212,0,0,0,0,0
2020-02-01,Napa,055,140530,0,0,0,0,0
2020-02-01,Nevada,057,99092,0,0,0,0,0
2020-02-01,Orange,059,3164182,1,1,0,1,0
2020-02-01,Placer,061,380077,0,0,0,0,0
2020-02-01,Plumas,063,18699,0,0,0,0,0
2020-02-01,Riverside,065,2383286,2,0,0,0,0
2020-02-01,Sacramento,067,1510023,0,0,0,0,0
2020-02-01,San Benito,069,59416,0,0,0,0,0
2020-02-01,San Bernardino,071,2135413,1,0,0,0,0
2020-02-01,San Diego,073,3302833,0,0,0,0,0
2020-02-01,San Francisco,075,870044,1,0,0,0,0
2020-02-01,San Joaquin,077,732212,0,0,1,1,0
2020-02-01,San Luis Obispo,079,281455,0,0,0,0,0
2020-02-01,San Mateo,081,765935,0,0,0,0,0
2020-02-01,Santa Barbara,083,443738,0,0,0,0,0
2020-02-01,Santa Clara,085,1922200,2,1,0,1,0
2020-02-01,Santa Cruz,087,273765,0,0,0,0,0
2020-02-01,Shasta,089,179085,0,0,0,0,0
2020-02-01,Sierra,091,2930,0,0,0,0,0
2020-02-01,Siskiyou,093,43540,0,0,0,0,0
2020-02-01,Solano,095,438530,0,0,0,0,0
2020-02-01,Sonoma,097,501317,0,0,0,0,0
2020-02-01,Stanislaus,099,539301,0,0,0,0,0
2020-02-01,Sutter,101,95872,0,0,0,0,0
2020-02-01,Tehama,103,63373,0,0,0,0,0
2020-02-01,Trinity,105,12862,0,0,0,0,0
2020-02-01,Tulare,107,460477,1,0,0,0,0
2020-02-01,Tuolumne,109,53932,0,0,0,0,0
2020-02-01,Ventura,111,848112,0,0,0,0,0
2020-02-01,Yolo,113,214977,0,0,0,0,0
2020-02-01,Yuba,115,75493,0,0,0,0,0
